clean_line1,clean_line2,line3,city,zip_code,label,phone,year,major_city,state,chain,address_standardized_ON_parenthesis,address_standardized_OFF_parenthesis,Address_Type,Exit_Number,Flagged,Flag_Reason,Is_Unclear_OCR,Main_Road,Secondary_Road,Exit_Number_2,Exit_Number_3,Tertiary_Road,phone_scraped_matches_row_ids,ZIP_scraped_matches_row_ids,City_scraped_matches_row_ids,Exit_scraped_matches_row_ids,State_scraped_matches_row_ids,Road_scraped_matches_row_ids,Chain_scraped_matches_row_ids,Label_scraped_matches_row_ids,all_matches,has_phone_match,ZIP_scraped_matches_row_ids_parsed,State_scraped_matches_row_ids_parsed,City_scraped_matches_row_ids_parsed,Exit_scraped_matches_row_ids_parsed,Road_scraped_matches_row_ids_parsed,Label_scraped_matches_row_ids_parsed,Chain_scraped_matches_row_ids_parsed,Scraped_zipcode_to_label_match_rate,Scraped_phone_match_rate,Phone_Yelp_matches_row_ids,Yelp_phone_match_rate,place_identifier(year),Flag_Place_Change,Flag_Place_Change_Year,Similarity_Score,Chain_Match,Previous_Year_Label,Previous_Year_Chain
"Cheyenne , 82001 Big D Truck Stop ( Conoco )",307-635-1093 I-25 Exit 9 / I-80 Exit 358 EB / 359 C WB,24 HRS,Cheyenne,82001,Big D Truck Stop ( Conoco ),307-635-1093,2006,Cheyenne,WY,Conoco,,I-25 Exit 9 / I-80 Exit 358 EB / 359 C WB,Exit,9,False,,False,I-25,,358,359,,[],[],[],"[16, 43, 71, 90, 463, 501, 523, 546, 561, 857, 910]",[],"[108, 353, 430, 584, 808, 882]","[3, 27, 349, 406, 451, 489, 510, 804, 855, 898]","[3, 27, 349, 406, 451, 489, 510, 804, 855, 898]","[898, 3, 523, 910, 16, 406, 27, 546, 804, 808, 43, 430, 561, 451, 71, 584, 463, 855, 857, 90, 349, 353, 489, 108, 882, 501, 510]",False,[],[],[],"[16, 43, 71, 90, 463, 501, 523, 546, 561, 857, 910]","[108, 353, 430, 584, 808, 882]","[3, 27, 349, 406, 451, 489, 510, 804, 855, 898]","[3, 27, 349, 406, 451, 489, 510, 804, 855, 898]",0/6 successful match,False,,False,1,False,,,,,
"Cheyenne , 82001 Big D Truck Stop ( Exxon )",307-635-1093 I-25 Exit 9 / I-80 Exit 358 EB / 359 C WB,HRS 484 000,Cheyenne,82001,Big D Truck Stop ( Exxon ),307-635-1093,2007,Cheyenne,WY,Exxon,,I-25 Exit 9 / I-80 Exit 358 EB / 359 C WB,Exit,9,False,,False,I-25,,358,359,,[],[],[],"[16, 43, 71, 90, 463, 501, 523, 546, 561, 857, 910]",[],"[108, 353, 430, 584, 808, 882]","[398, 399, 400, 848, 849]","[398, 399, 400, 848, 849]","[523, 910, 398, 16, 399, 400, 546, 808, 43, 430, 561, 71, 584, 463, 848, 849, 857, 90, 353, 108, 882, 501]",False,[],[],[],"[16, 43, 71, 90, 463, 501, 523, 546, 561, 857, 910]","[108, 353, 430, 584, 808, 882]","[398, 399, 400, 848, 849]","[398, 399, 400, 848, 849]",0/6 successful match,False,,False,1,False,,0.6603773584905661,False,Big D Truck Stop ( Conoco ),Conoco
"Cheyenne , 82001 Big D Truck Stop ( Exxon ) / 359 C WB",307-635-1093 I-25 Exit 9 / I-80 Exit 358 EB / 359 C WB,HRS 24 HRS,Cheyenne,82001,Big D Truck Stop ( Exxon ) / 359 C WB,307-635-1093,2008,Cheyenne,WY,Exxon,,I-25 Exit 9 / I-80 Exit 358 EB / 359 C WB,Exit,9,False,,False,I-25,,358,359,,[],[],[],"[16, 43, 71, 90, 463, 501, 523, 546, 561, 857, 910]",[],"[108, 353, 430, 584, 808, 882]","[398, 399, 400, 848, 849]","[398, 399, 400, 848, 849]","[523, 910, 398, 16, 399, 400, 546, 808, 43, 430, 561, 71, 584, 463, 848, 849, 857, 90, 353, 108, 882, 501]",False,[],[],[],"[16, 43, 71, 90, 463, 501, 523, 546, 561, 857, 910]","[108, 353, 430, 584, 808, 882]","[398, 399, 400, 848, 849]","[398, 399, 400, 848, 849]",0/6 successful match,False,,False,1,False,,0.7476190476190476,True,Big D Truck Stop ( Exxon ),Exxon
Cheyenne ( 82001 ) Big D Truck Stop ( Exxon ),307-635-1093 I-25 Exit 9 / I-80 Exit 359 C,,Cheyenne,82001,Big D Truck Stop ( Exxon ),307-635-1093,2014,Cheyenne,WY,Exxon,,I-25 Exit 9 / I-80 Exit 359 C,Exit,9,False,,False,I-25,,359,,,[],[],[],"[16, 43, 71, 90, 463, 501, 523, 546, 561, 857, 910]",[],"[108, 353, 430, 584, 808, 882]","[398, 399, 400, 848, 849]","[398, 399, 400, 848, 849]","[523, 910, 398, 16, 399, 400, 546, 808, 43, 430, 561, 71, 584, 463, 848, 849, 857, 90, 353, 108, 882, 501]",False,[],[],[],"[16, 43, 71, 90, 463, 501, 523, 546, 561, 857, 910]","[108, 353, 430, 584, 808, 882]","[398, 399, 400, 848, 849]","[398, 399, 400, 848, 849]",0/6 successful match,False,,False,1,False,,0.7476190476190476,True,Big D Truck Stop ( Exxon ) / 359 C WB,Exxon
Cheyenne ( 82001 ) Big D Truck Stop ( Exxon ),307-635-1093 I-25 Exit 9 / I-80 Exit 359 C,24,Cheyenne,82001,Big D Truck Stop ( Exxon ),307-635-1093,2015,Cheyenne,WY,Exxon,,I-25 Exit 9 / I-80 Exit 359 C,Exit,9,False,,False,I-25,,359,,,[],[],[],"[16, 43, 71, 90, 463, 501, 523, 546, 561, 857, 910]",[],"[108, 353, 430, 584, 808, 882]","[398, 399, 400, 848, 849]","[398, 399, 400, 848, 849]","[523, 910, 398, 16, 399, 400, 546, 808, 43, 430, 561, 71, 584, 463, 848, 849, 857, 90, 353, 108, 882, 501]",False,[],[],[],"[16, 43, 71, 90, 463, 501, 523, 546, 561, 857, 910]","[108, 353, 430, 584, 808, 882]","[398, 399, 400, 848, 849]","[398, 399, 400, 848, 849]",0/6 successful match,False,,False,1,False,,1.0,True,Big D Truck Stop ( Exxon ),Exxon
Cheyenne ( 82001 ) Big D Truck Stop ( Exxon ),307-635-1093 I-25 Exit 9 / I-80 Exit 359 C,24,Cheyenne,82001,Big D Truck Stop ( Exxon ),307-635-1093,2016,Cheyenne,WY,Exxon,,I-25 Exit 9 / I-80 Exit 359 C,Exit,9,False,,False,I-25,,359,,,[],[],[],"[16, 43, 71, 90, 463, 501, 523, 546, 561, 857, 910]",[],"[108, 353, 430, 584, 808, 882]","[398, 399, 400, 848, 849]","[398, 399, 400, 848, 849]","[523, 910, 398, 16, 399, 400, 546, 808, 43, 430, 561, 71, 584, 463, 848, 849, 857, 90, 353, 108, 882, 501]",False,[],[],[],"[16, 43, 71, 90, 463, 501, 523, 546, 561, 857, 910]","[108, 353, 430, 584, 808, 882]","[398, 399, 400, 848, 849]","[398, 399, 400, 848, 849]",0/6 successful match,False,,False,1,False,,1.0,True,Big D Truck Stop ( Exxon ),Exxon
"Cheyenne , 82007 Love's Travel Stop # 220",9 307-632-7902 I-25 Exit 7 ( College Dr ),24 HRS,Cheyenne,82007,Love's Travel Stop # 220,307-632-7902,2006,Cheyenne,WY,Love's,( College Dr ),I-25 Exit 7 ,Exit,7,False,,False,I-25,,,,,[],[],[],"[198, 266, 316, 378, 422, 669, 774, 828, 874]",[],"[108, 353, 430, 584, 808, 882]","[34, 35, 36, 37, 38, 39, 40, 41, 42, 43, 44, 45, 46, 47, 48, 201, 202, 203, 204, 205, 206, 207, 208, 209, 210, 211, 212, 213, 214, 215, 216, 355, 356, 357, 358, 359, 360, 361, 429, 430, 431, 432, 433, 434, 435, 515, 516, 517, 518, 519, 520, 521, 522, 523, 524, 525, 526, 527, 672, 673, 674, 675, 676, 677, 678, 679, 680, 681, 682, 683, 684, 810, 811, 812, 813, 814, 881, 882, 883, 884, 885, 886]","[32, 33, 34, 35, 36, 37, 38, 39, 40, 41, 42, 43, 44, 45, 46, 47, 48, 201, 202, 203, 204, 205, 206, 207, 208, 209, 210, 211, 212, 213, 214, 215, 216, 355, 356, 357, 358, 359, 360, 361, 429, 430, 431, 432, 433, 434, 435, 515, 516, 517, 518, 519, 520, 521, 522, 523, 524, 525, 526, 527, 672, 673, 674, 675, 676, 677, 678, 679, 680, 681, 682, 683, 684, 810, 811, 812, 813, 814, 881, 882, 883, 884, 885, 886]","[515, 516, 517, 518, 519, 520, 521, 522, 523, 524, 525, 526, 527, 32, 33, 34, 35, 36, 37, 38, 39, 40, 41, 42, 43, 44, 45, 46, 47, 48, 584, 108, 669, 672, 673, 674, 675, 676, 677, 678, 679, 680, 681, 682, 683, 684, 198, 201, 202, 203, 204, 205, 206, 207, 208, 209, 210, 211, 212, 213, 214, 215, 216, 774, 266, 808, 810, 811, 812, 813, 814, 828, 316, 353, 355, 356, 357, 358, 359, 360, 361, 874, 881, 882, 883, 884, 885, 886, 378, 422, 429, 430, 431, 432, 433, 434, 435]",False,[],[],[],"[198, 266, 316, 378, 422, 669, 774, 828, 874]","[108, 353, 430, 584, 808, 882]","[32, 33, 34, 35, 36, 37, 38, 39, 40, 41, 42, 43, 44, 45, 46, 47, 48, 201, 202, 203, 204, 205, 206, 207, 208, 209, 210, 211, 212, 213, 214, 215, 216, 355, 356, 357, 358, 359, 360, 361, 429, 430, 431, 432, 433, 434, 435, 515, 516, 517, 518, 519, 520, 521, 522, 523, 524, 525, 526, 527, 672, 673, 674, 675, 676, 677, 678, 679, 680, 681, 682, 683, 684, 810, 811, 812, 813, 814, 881, 882, 883, 884, 885, 886]","[34, 35, 36, 37, 38, 39, 40, 41, 42, 43, 44, 45, 46, 47, 48, 201, 202, 203, 204, 205, 206, 207, 208, 209, 210, 211, 212, 213, 214, 215, 216, 355, 356, 357, 358, 359, 360, 361, 429, 430, 431, 432, 433, 434, 435, 515, 516, 517, 518, 519, 520, 521, 522, 523, 524, 525, 526, 527, 672, 673, 674, 675, 676, 677, 678, 679, 680, 681, 682, 683, 684, 810, 811, 812, 813, 814, 881, 882, 883, 884, 885, 886]",0/6 successful match,False,,False,2,False,,,,,
"Cheyenne , 82007 Love's Travel Stop # 220",307-632-7902 I-25 Exit 7 ( College Dr ),HRS 24 48 M <U+2610><U+2610>,Cheyenne,82007,Love's Travel Stop # 220,307-632-7902,2007,Cheyenne,WY,Love's,( College Dr ),I-25 Exit 7 ,Exit,7,False,,False,I-25,,,,,[],[],[],"[198, 266, 316, 378, 422, 669, 774, 828, 874]",[],"[108, 353, 430, 584, 808, 882]","[34, 35, 36, 37, 38, 39, 40, 41, 42, 43, 44, 45, 46, 47, 48, 201, 202, 203, 204, 205, 206, 207, 208, 209, 210, 211, 212, 213, 214, 215, 216, 355, 356, 357, 358, 359, 360, 361, 429, 430, 431, 432, 433, 434, 435, 515, 516, 517, 518, 519, 520, 521, 522, 523, 524, 525, 526, 527, 672, 673, 674, 675, 676, 677, 678, 679, 680, 681, 682, 683, 684, 810, 811, 812, 813, 814, 881, 882, 883, 884, 885, 886]","[32, 33, 34, 35, 36, 37, 38, 39, 40, 41, 42, 43, 44, 45, 46, 47, 48, 201, 202, 203, 204, 205, 206, 207, 208, 209, 210, 211, 212, 213, 214, 215, 216, 355, 356, 357, 358, 359, 360, 361, 429, 430, 431, 432, 433, 434, 435, 515, 516, 517, 518, 519, 520, 521, 522, 523, 524, 525, 526, 527, 672, 673, 674, 675, 676, 677, 678, 679, 680, 681, 682, 683, 684, 810, 811, 812, 813, 814, 881, 882, 883, 884, 885, 886]","[515, 516, 517, 518, 519, 520, 521, 522, 523, 524, 525, 526, 527, 32, 33, 34, 35, 36, 37, 38, 39, 40, 41, 42, 43, 44, 45, 46, 47, 48, 584, 108, 669, 672, 673, 674, 675, 676, 677, 678, 679, 680, 681, 682, 683, 684, 198, 201, 202, 203, 204, 205, 206, 207, 208, 209, 210, 211, 212, 213, 214, 215, 216, 774, 266, 808, 810, 811, 812, 813, 814, 828, 316, 353, 355, 356, 357, 358, 359, 360, 361, 874, 881, 882, 883, 884, 885, 886, 378, 422, 429, 430, 431, 432, 433, 434, 435]",False,[],[],[],"[198, 266, 316, 378, 422, 669, 774, 828, 874]","[108, 353, 430, 584, 808, 882]","[32, 33, 34, 35, 36, 37, 38, 39, 40, 41, 42, 43, 44, 45, 46, 47, 48, 201, 202, 203, 204, 205, 206, 207, 208, 209, 210, 211, 212, 213, 214, 215, 216, 355, 356, 357, 358, 359, 360, 361, 429, 430, 431, 432, 433, 434, 435, 515, 516, 517, 518, 519, 520, 521, 522, 523, 524, 525, 526, 527, 672, 673, 674, 675, 676, 677, 678, 679, 680, 681, 682, 683, 684, 810, 811, 812, 813, 814, 881, 882, 883, 884, 885, 886]","[34, 35, 36, 37, 38, 39, 40, 41, 42, 43, 44, 45, 46, 47, 48, 201, 202, 203, 204, 205, 206, 207, 208, 209, 210, 211, 212, 213, 214, 215, 216, 355, 356, 357, 358, 359, 360, 361, 429, 430, 431, 432, 433, 434, 435, 515, 516, 517, 518, 519, 520, 521, 522, 523, 524, 525, 526, 527, 672, 673, 674, 675, 676, 677, 678, 679, 680, 681, 682, 683, 684, 810, 811, 812, 813, 814, 881, 882, 883, 884, 885, 886]",0/6 successful match,False,,False,2,False,,1.0,True,Love's Travel Stop # 220,Love's
"Cheyenne , 82007 Love's Travel Stop # 220",307-632-7902 I-25 Exit 7 ( College Dr ),24 HRS IN,Cheyenne,82007,Love's Travel Stop # 220,307-632-7902,2008,Cheyenne,WY,Love's,( College Dr ),I-25 Exit 7 ,Exit,7,False,,False,I-25,,,,,[],[],[],"[198, 266, 316, 378, 422, 669, 774, 828, 874]",[],"[108, 353, 430, 584, 808, 882]","[34, 35, 36, 37, 38, 39, 40, 41, 42, 43, 44, 45, 46, 47, 48, 201, 202, 203, 204, 205, 206, 207, 208, 209, 210, 211, 212, 213, 214, 215, 216, 355, 356, 357, 358, 359, 360, 361, 429, 430, 431, 432, 433, 434, 435, 515, 516, 517, 518, 519, 520, 521, 522, 523, 524, 525, 526, 527, 672, 673, 674, 675, 676, 677, 678, 679, 680, 681, 682, 683, 684, 810, 811, 812, 813, 814, 881, 882, 883, 884, 885, 886]","[32, 33, 34, 35, 36, 37, 38, 39, 40, 41, 42, 43, 44, 45, 46, 47, 48, 201, 202, 203, 204, 205, 206, 207, 208, 209, 210, 211, 212, 213, 214, 215, 216, 355, 356, 357, 358, 359, 360, 361, 429, 430, 431, 432, 433, 434, 435, 515, 516, 517, 518, 519, 520, 521, 522, 523, 524, 525, 526, 527, 672, 673, 674, 675, 676, 677, 678, 679, 680, 681, 682, 683, 684, 810, 811, 812, 813, 814, 881, 882, 883, 884, 885, 886]","[515, 516, 517, 518, 519, 520, 521, 522, 523, 524, 525, 526, 527, 32, 33, 34, 35, 36, 37, 38, 39, 40, 41, 42, 43, 44, 45, 46, 47, 48, 584, 108, 669, 672, 673, 674, 675, 676, 677, 678, 679, 680, 681, 682, 683, 684, 198, 201, 202, 203, 204, 205, 206, 207, 208, 209, 210, 211, 212, 213, 214, 215, 216, 774, 266, 808, 810, 811, 812, 813, 814, 828, 316, 353, 355, 356, 357, 358, 359, 360, 361, 874, 881, 882, 883, 884, 885, 886, 378, 422, 429, 430, 431, 432, 433, 434, 435]",False,[],[],[],"[198, 266, 316, 378, 422, 669, 774, 828, 874]","[108, 353, 430, 584, 808, 882]","[32, 33, 34, 35, 36, 37, 38, 39, 40, 41, 42, 43, 44, 45, 46, 47, 48, 201, 202, 203, 204, 205, 206, 207, 208, 209, 210, 211, 212, 213, 214, 215, 216, 355, 356, 357, 358, 359, 360, 361, 429, 430, 431, 432, 433, 434, 435, 515, 516, 517, 518, 519, 520, 521, 522, 523, 524, 525, 526, 527, 672, 673, 674, 675, 676, 677, 678, 679, 680, 681, 682, 683, 684, 810, 811, 812, 813, 814, 881, 882, 883, 884, 885, 886]","[34, 35, 36, 37, 38, 39, 40, 41, 42, 43, 44, 45, 46, 47, 48, 201, 202, 203, 204, 205, 206, 207, 208, 209, 210, 211, 212, 213, 214, 215, 216, 355, 356, 357, 358, 359, 360, 361, 429, 430, 431, 432, 433, 434, 435, 515, 516, 517, 518, 519, 520, 521, 522, 523, 524, 525, 526, 527, 672, 673, 674, 675, 676, 677, 678, 679, 680, 681, 682, 683, 684, 810, 811, 812, 813, 814, 881, 882, 883, 884, 885, 886]",0/6 successful match,False,,False,2,False,,1.0,True,Love's Travel Stop # 220,Love's
Cheyenne ( 82007 ) Love's Travel Stop # 220,307-632-7902 I-25 Exit 7 ( College Dr ),MO DO,Cheyenne,82007,Love's Travel Stop # 220,307-632-7902,2014,Cheyenne,WY,Love's,( College Dr ),I-25 Exit 7 ,Exit,7,False,,False,I-25,,,,,[],[],[],"[198, 266, 316, 378, 422, 669, 774, 828, 874]",[],"[108, 353, 430, 584, 808, 882]","[34, 35, 36, 37, 38, 39, 40, 41, 42, 43, 44, 45, 46, 47, 48, 201, 202, 203, 204, 205, 206, 207, 208, 209, 210, 211, 212, 213, 214, 215, 216, 355, 356, 357, 358, 359, 360, 361, 429, 430, 431, 432, 433, 434, 435, 515, 516, 517, 518, 519, 520, 521, 522, 523, 524, 525, 526, 527, 672, 673, 674, 675, 676, 677, 678, 679, 680, 681, 682, 683, 684, 810, 811, 812, 813, 814, 881, 882, 883, 884, 885, 886]","[32, 33, 34, 35, 36, 37, 38, 39, 40, 41, 42, 43, 44, 45, 46, 47, 48, 201, 202, 203, 204, 205, 206, 207, 208, 209, 210, 211, 212, 213, 214, 215, 216, 355, 356, 357, 358, 359, 360, 361, 429, 430, 431, 432, 433, 434, 435, 515, 516, 517, 518, 519, 520, 521, 522, 523, 524, 525, 526, 527, 672, 673, 674, 675, 676, 677, 678, 679, 680, 681, 682, 683, 684, 810, 811, 812, 813, 814, 881, 882, 883, 884, 885, 886]","[515, 516, 517, 518, 519, 520, 521, 522, 523, 524, 525, 526, 527, 32, 33, 34, 35, 36, 37, 38, 39, 40, 41, 42, 43, 44, 45, 46, 47, 48, 584, 108, 669, 672, 673, 674, 675, 676, 677, 678, 679, 680, 681, 682, 683, 684, 198, 201, 202, 203, 204, 205, 206, 207, 208, 209, 210, 211, 212, 213, 214, 215, 216, 774, 266, 808, 810, 811, 812, 813, 814, 828, 316, 353, 355, 356, 357, 358, 359, 360, 361, 874, 881, 882, 883, 884, 885, 886, 378, 422, 429, 430, 431, 432, 433, 434, 435]",False,[],[],[],"[198, 266, 316, 378, 422, 669, 774, 828, 874]","[108, 353, 430, 584, 808, 882]","[32, 33, 34, 35, 36, 37, 38, 39, 40, 41, 42, 43, 44, 45, 46, 47, 48, 201, 202, 203, 204, 205, 206, 207, 208, 209, 210, 211, 212, 213, 214, 215, 216, 355, 356, 357, 358, 359, 360, 361, 429, 430, 431, 432, 433, 434, 435, 515, 516, 517, 518, 519, 520, 521, 522, 523, 524, 525, 526, 527, 672, 673, 674, 675, 676, 677, 678, 679, 680, 681, 682, 683, 684, 810, 811, 812, 813, 814, 881, 882, 883, 884, 885, 886]","[34, 35, 36, 37, 38, 39, 40, 41, 42, 43, 44, 45, 46, 47, 48, 201, 202, 203, 204, 205, 206, 207, 208, 209, 210, 211, 212, 213, 214, 215, 216, 355, 356, 357, 358, 359, 360, 361, 429, 430, 431, 432, 433, 434, 435, 515, 516, 517, 518, 519, 520, 521, 522, 523, 524, 525, 526, 527, 672, 673, 674, 675, 676, 677, 678, 679, 680, 681, 682, 683, 684, 810, 811, 812, 813, 814, 881, 882, 883, 884, 885, 886]",0/6 successful match,False,,False,2,False,,1.0,True,Love's Travel Stop # 220,Love's
Cheyenne ( 82007 ) Love's Travel Stop # 220,307-632-7902 I-25 Exit 7 ( College Dr ),24 M,Cheyenne,82007,Love's Travel Stop # 220,307-632-7902,2015,Cheyenne,WY,Love's,( College Dr ),I-25 Exit 7 ,Exit,7,False,,False,I-25,,,,,[],[],[],"[198, 266, 316, 378, 422, 669, 774, 828, 874]",[],"[108, 353, 430, 584, 808, 882]","[34, 35, 36, 37, 38, 39, 40, 41, 42, 43, 44, 45, 46, 47, 48, 201, 202, 203, 204, 205, 206, 207, 208, 209, 210, 211, 212, 213, 214, 215, 216, 355, 356, 357, 358, 359, 360, 361, 429, 430, 431, 432, 433, 434, 435, 515, 516, 517, 518, 519, 520, 521, 522, 523, 524, 525, 526, 527, 672, 673, 674, 675, 676, 677, 678, 679, 680, 681, 682, 683, 684, 810, 811, 812, 813, 814, 881, 882, 883, 884, 885, 886]","[32, 33, 34, 35, 36, 37, 38, 39, 40, 41, 42, 43, 44, 45, 46, 47, 48, 201, 202, 203, 204, 205, 206, 207, 208, 209, 210, 211, 212, 213, 214, 215, 216, 355, 356, 357, 358, 359, 360, 361, 429, 430, 431, 432, 433, 434, 435, 515, 516, 517, 518, 519, 520, 521, 522, 523, 524, 525, 526, 527, 672, 673, 674, 675, 676, 677, 678, 679, 680, 681, 682, 683, 684, 810, 811, 812, 813, 814, 881, 882, 883, 884, 885, 886]","[515, 516, 517, 518, 519, 520, 521, 522, 523, 524, 525, 526, 527, 32, 33, 34, 35, 36, 37, 38, 39, 40, 41, 42, 43, 44, 45, 46, 47, 48, 584, 108, 669, 672, 673, 674, 675, 676, 677, 678, 679, 680, 681, 682, 683, 684, 198, 201, 202, 203, 204, 205, 206, 207, 208, 209, 210, 211, 212, 213, 214, 215, 216, 774, 266, 808, 810, 811, 812, 813, 814, 828, 316, 353, 355, 356, 357, 358, 359, 360, 361, 874, 881, 882, 883, 884, 885, 886, 378, 422, 429, 430, 431, 432, 433, 434, 435]",False,[],[],[],"[198, 266, 316, 378, 422, 669, 774, 828, 874]","[108, 353, 430, 584, 808, 882]","[32, 33, 34, 35, 36, 37, 38, 39, 40, 41, 42, 43, 44, 45, 46, 47, 48, 201, 202, 203, 204, 205, 206, 207, 208, 209, 210, 211, 212, 213, 214, 215, 216, 355, 356, 357, 358, 359, 360, 361, 429, 430, 431, 432, 433, 434, 435, 515, 516, 517, 518, 519, 520, 521, 522, 523, 524, 525, 526, 527, 672, 673, 674, 675, 676, 677, 678, 679, 680, 681, 682, 683, 684, 810, 811, 812, 813, 814, 881, 882, 883, 884, 885, 886]","[34, 35, 36, 37, 38, 39, 40, 41, 42, 43, 44, 45, 46, 47, 48, 201, 202, 203, 204, 205, 206, 207, 208, 209, 210, 211, 212, 213, 214, 215, 216, 355, 356, 357, 358, 359, 360, 361, 429, 430, 431, 432, 433, 434, 435, 515, 516, 517, 518, 519, 520, 521, 522, 523, 524, 525, 526, 527, 672, 673, 674, 675, 676, 677, 678, 679, 680, 681, 682, 683, 684, 810, 811, 812, 813, 814, 881, 882, 883, 884, 885, 886]",0/6 successful match,False,,False,2,False,,1.0,True,Love's Travel Stop # 220,Love's
Cheyenne ( 82007 ) Love's Travel Stop # 220,9 307-632-7902 I-25 Exit 7 ( College Dr ),24 m MO <U+2610> <U+2610> <U+2610>,Cheyenne,82007,Love's Travel Stop # 220,307-632-7902,2016,Cheyenne,WY,Love's,( College Dr ),I-25 Exit 7 ,Exit,7,False,,False,I-25,,,,,[],[],[],"[198, 266, 316, 378, 422, 669, 774, 828, 874]",[],"[108, 353, 430, 584, 808, 882]","[34, 35, 36, 37, 38, 39, 40, 41, 42, 43, 44, 45, 46, 47, 48, 201, 202, 203, 204, 205, 206, 207, 208, 209, 210, 211, 212, 213, 214, 215, 216, 355, 356, 357, 358, 359, 360, 361, 429, 430, 431, 432, 433, 434, 435, 515, 516, 517, 518, 519, 520, 521, 522, 523, 524, 525, 526, 527, 672, 673, 674, 675, 676, 677, 678, 679, 680, 681, 682, 683, 684, 810, 811, 812, 813, 814, 881, 882, 883, 884, 885, 886]","[32, 33, 34, 35, 36, 37, 38, 39, 40, 41, 42, 43, 44, 45, 46, 47, 48, 201, 202, 203, 204, 205, 206, 207, 208, 209, 210, 211, 212, 213, 214, 215, 216, 355, 356, 357, 358, 359, 360, 361, 429, 430, 431, 432, 433, 434, 435, 515, 516, 517, 518, 519, 520, 521, 522, 523, 524, 525, 526, 527, 672, 673, 674, 675, 676, 677, 678, 679, 680, 681, 682, 683, 684, 810, 811, 812, 813, 814, 881, 882, 883, 884, 885, 886]","[515, 516, 517, 518, 519, 520, 521, 522, 523, 524, 525, 526, 527, 32, 33, 34, 35, 36, 37, 38, 39, 40, 41, 42, 43, 44, 45, 46, 47, 48, 584, 108, 669, 672, 673, 674, 675, 676, 677, 678, 679, 680, 681, 682, 683, 684, 198, 201, 202, 203, 204, 205, 206, 207, 208, 209, 210, 211, 212, 213, 214, 215, 216, 774, 266, 808, 810, 811, 812, 813, 814, 828, 316, 353, 355, 356, 357, 358, 359, 360, 361, 874, 881, 882, 883, 884, 885, 886, 378, 422, 429, 430, 431, 432, 433, 434, 435]",False,[],[],[],"[198, 266, 316, 378, 422, 669, 774, 828, 874]","[108, 353, 430, 584, 808, 882]","[32, 33, 34, 35, 36, 37, 38, 39, 40, 41, 42, 43, 44, 45, 46, 47, 48, 201, 202, 203, 204, 205, 206, 207, 208, 209, 210, 211, 212, 213, 214, 215, 216, 355, 356, 357, 358, 359, 360, 361, 429, 430, 431, 432, 433, 434, 435, 515, 516, 517, 518, 519, 520, 521, 522, 523, 524, 525, 526, 527, 672, 673, 674, 675, 676, 677, 678, 679, 680, 681, 682, 683, 684, 810, 811, 812, 813, 814, 881, 882, 883, 884, 885, 886]","[34, 35, 36, 37, 38, 39, 40, 41, 42, 43, 44, 45, 46, 47, 48, 201, 202, 203, 204, 205, 206, 207, 208, 209, 210, 211, 212, 213, 214, 215, 216, 355, 356, 357, 358, 359, 360, 361, 429, 430, 431, 432, 433, 434, 435, 515, 516, 517, 518, 519, 520, 521, 522, 523, 524, 525, 526, 527, 672, 673, 674, 675, 676, 677, 678, 679, 680, 681, 682, 683, 684, 810, 811, 812, 813, 814, 881, 882, 883, 884, 885, 886]",0/6 successful match,False,,False,2,False,,1.0,True,Love's Travel Stop # 220,Love's
"Cheyenne , 82007 Flying J Travel Plaza # 0500018",307-635-2918 I-25 Exit 7 ( College Dr ),# 24,Cheyenne,82007,Flying J Travel Plaza # 0500018,307-635-2918,2006,Cheyenne,WY,Flying J,( College Dr ),I-25 Exit 7 ,Exit,7,False,,False,I-25,,,,,[],[],[],"[198, 266, 316, 378, 422, 669, 774, 828, 874]",[],"[108, 353, 430, 584, 808, 882]","[17, 18, 19, 20, 21, 22, 23, 156, 157, 158, 159, 160, 161, 162, 163, 164, 165, 166, 167, 341, 342, 343, 344, 345, 412, 413, 414, 415, 416, 417, 418, 419, 420, 421, 422, 502, 503, 504, 505, 506, 507, 628, 629, 630, 631, 632, 633, 634, 635, 636, 637, 638, 639, 792, 797, 798, 799, 800, 801, 863, 864, 865, 866, 867, 868, 869, 870, 871, 872, 873, 874]","[17, 18, 19, 20, 21, 22, 23, 156, 157, 158, 159, 160, 161, 162, 163, 164, 165, 166, 167, 168, 340, 341, 342, 343, 344, 345, 346, 412, 413, 414, 415, 416, 417, 418, 419, 420, 421, 422, 502, 503, 504, 505, 506, 507, 628, 629, 630, 631, 632, 633, 634, 635, 636, 637, 638, 639, 792, 796, 797, 798, 799, 800, 801, 863, 864, 865, 866, 867, 868, 869, 870, 871, 872, 873, 874]","[17, 18, 19, 20, 21, 22, 23, 584, 108, 628, 629, 630, 631, 632, 633, 634, 635, 636, 637, 638, 639, 156, 669, 157, 158, 159, 160, 161, 162, 163, 164, 165, 166, 167, 168, 198, 774, 266, 792, 796, 797, 798, 799, 800, 801, 808, 828, 316, 340, 341, 342, 343, 344, 345, 346, 863, 864, 353, 865, 866, 867, 868, 869, 870, 871, 872, 874, 873, 882, 378, 412, 413, 414, 415, 416, 417, 418, 419, 420, 421, 422, 430, 502, 503, 504, 505, 506, 507]",False,[],[],[],"[198, 266, 316, 378, 422, 669, 774, 828, 874]","[108, 353, 430, 584, 808, 882]","[17, 18, 19, 20, 21, 22, 23, 156, 157, 158, 159, 160, 161, 162, 163, 164, 165, 166, 167, 168, 340, 341, 342, 343, 344, 345, 346, 412, 413, 414, 415, 416, 417, 418, 419, 420, 421, 422, 502, 503, 504, 505, 506, 507, 628, 629, 630, 631, 632, 633, 634, 635, 636, 637, 638, 639, 792, 796, 797, 798, 799, 800, 801, 863, 864, 865, 866, 867, 868, 869, 870, 871, 872, 873, 874]","[17, 18, 19, 20, 21, 22, 23, 156, 157, 158, 159, 160, 161, 162, 163, 164, 165, 166, 167, 341, 342, 343, 344, 345, 412, 413, 414, 415, 416, 417, 418, 419, 420, 421, 422, 502, 503, 504, 505, 506, 507, 628, 629, 630, 631, 632, 633, 634, 635, 636, 637, 638, 639, 792, 797, 798, 799, 800, 801, 863, 864, 865, 866, 867, 868, 869, 870, 871, 872, 873, 874]",0/6 successful match,False,,False,3,False,,,,,
"Cheyenne , 82007 Flying J Travel Plaza # 0500018",307-635-2918 I-25 Exit 7 ( College Dr ),24 HRS SOO,Cheyenne,82007,Flying J Travel Plaza # 0500018,307-635-2918,2007,Cheyenne,WY,Flying J,( College Dr ),I-25 Exit 7 ,Exit,7,False,,False,I-25,,,,,[],[],[],"[198, 266, 316, 378, 422, 669, 774, 828, 874]",[],"[108, 353, 430, 584, 808, 882]","[17, 18, 19, 20, 21, 22, 23, 156, 157, 158, 159, 160, 161, 162, 163, 164, 165, 166, 167, 341, 342, 343, 344, 345, 412, 413, 414, 415, 416, 417, 418, 419, 420, 421, 422, 502, 503, 504, 505, 506, 507, 628, 629, 630, 631, 632, 633, 634, 635, 636, 637, 638, 639, 792, 797, 798, 799, 800, 801, 863, 864, 865, 866, 867, 868, 869, 870, 871, 872, 873, 874]","[17, 18, 19, 20, 21, 22, 23, 156, 157, 158, 159, 160, 161, 162, 163, 164, 165, 166, 167, 168, 340, 341, 342, 343, 344, 345, 346, 412, 413, 414, 415, 416, 417, 418, 419, 420, 421, 422, 502, 503, 504, 505, 506, 507, 628, 629, 630, 631, 632, 633, 634, 635, 636, 637, 638, 639, 792, 796, 797, 798, 799, 800, 801, 863, 864, 865, 866, 867, 868, 869, 870, 871, 872, 873, 874]","[17, 18, 19, 20, 21, 22, 23, 584, 108, 628, 629, 630, 631, 632, 633, 634, 635, 636, 637, 638, 639, 156, 669, 157, 158, 159, 160, 161, 162, 163, 164, 165, 166, 167, 168, 198, 774, 266, 792, 796, 797, 798, 799, 800, 801, 808, 828, 316, 340, 341, 342, 343, 344, 345, 346, 863, 864, 353, 865, 866, 867, 868, 869, 870, 871, 872, 874, 873, 882, 378, 412, 413, 414, 415, 416, 417, 418, 419, 420, 421, 422, 430, 502, 503, 504, 505, 506, 507]",False,[],[],[],"[198, 266, 316, 378, 422, 669, 774, 828, 874]","[108, 353, 430, 584, 808, 882]","[17, 18, 19, 20, 21, 22, 23, 156, 157, 158, 159, 160, 161, 162, 163, 164, 165, 166, 167, 168, 340, 341, 342, 343, 344, 345, 346, 412, 413, 414, 415, 416, 417, 418, 419, 420, 421, 422, 502, 503, 504, 505, 506, 507, 628, 629, 630, 631, 632, 633, 634, 635, 636, 637, 638, 639, 792, 796, 797, 798, 799, 800, 801, 863, 864, 865, 866, 867, 868, 869, 870, 871, 872, 873, 874]","[17, 18, 19, 20, 21, 22, 23, 156, 157, 158, 159, 160, 161, 162, 163, 164, 165, 166, 167, 341, 342, 343, 344, 345, 412, 413, 414, 415, 416, 417, 418, 419, 420, 421, 422, 502, 503, 504, 505, 506, 507, 628, 629, 630, 631, 632, 633, 634, 635, 636, 637, 638, 639, 792, 797, 798, 799, 800, 801, 863, 864, 865, 866, 867, 868, 869, 870, 871, 872, 873, 874]",0/6 successful match,False,,False,3,False,,1.0,True,Flying J Travel Plaza # 0500018,Flying J
"Cheyenne , 82007 Flying J Travel Plaza # 0500018",9 307-635-2918 I-25 Exit 7 ( College Dr ),24 The X 24,Cheyenne,82007,Flying J Travel Plaza # 0500018,307-635-2918,2008,Cheyenne,WY,Flying J,( College Dr ),I-25 Exit 7 ,Exit,7,False,,False,I-25,,,,,[],[],[],"[198, 266, 316, 378, 422, 669, 774, 828, 874]",[],"[108, 353, 430, 584, 808, 882]","[17, 18, 19, 20, 21, 22, 23, 156, 157, 158, 159, 160, 161, 162, 163, 164, 165, 166, 167, 341, 342, 343, 344, 345, 412, 413, 414, 415, 416, 417, 418, 419, 420, 421, 422, 502, 503, 504, 505, 506, 507, 628, 629, 630, 631, 632, 633, 634, 635, 636, 637, 638, 639, 792, 797, 798, 799, 800, 801, 863, 864, 865, 866, 867, 868, 869, 870, 871, 872, 873, 874]","[17, 18, 19, 20, 21, 22, 23, 156, 157, 158, 159, 160, 161, 162, 163, 164, 165, 166, 167, 168, 340, 341, 342, 343, 344, 345, 346, 412, 413, 414, 415, 416, 417, 418, 419, 420, 421, 422, 502, 503, 504, 505, 506, 507, 628, 629, 630, 631, 632, 633, 634, 635, 636, 637, 638, 639, 792, 796, 797, 798, 799, 800, 801, 863, 864, 865, 866, 867, 868, 869, 870, 871, 872, 873, 874]","[17, 18, 19, 20, 21, 22, 23, 584, 108, 628, 629, 630, 631, 632, 633, 634, 635, 636, 637, 638, 639, 156, 669, 157, 158, 159, 160, 161, 162, 163, 164, 165, 166, 167, 168, 198, 774, 266, 792, 796, 797, 798, 799, 800, 801, 808, 828, 316, 340, 341, 342, 343, 344, 345, 346, 863, 864, 353, 865, 866, 867, 868, 869, 870, 871, 872, 874, 873, 882, 378, 412, 413, 414, 415, 416, 417, 418, 419, 420, 421, 422, 430, 502, 503, 504, 505, 506, 507]",False,[],[],[],"[198, 266, 316, 378, 422, 669, 774, 828, 874]","[108, 353, 430, 584, 808, 882]","[17, 18, 19, 20, 21, 22, 23, 156, 157, 158, 159, 160, 161, 162, 163, 164, 165, 166, 167, 168, 340, 341, 342, 343, 344, 345, 346, 412, 413, 414, 415, 416, 417, 418, 419, 420, 421, 422, 502, 503, 504, 505, 506, 507, 628, 629, 630, 631, 632, 633, 634, 635, 636, 637, 638, 639, 792, 796, 797, 798, 799, 800, 801, 863, 864, 865, 866, 867, 868, 869, 870, 871, 872, 873, 874]","[17, 18, 19, 20, 21, 22, 23, 156, 157, 158, 159, 160, 161, 162, 163, 164, 165, 166, 167, 341, 342, 343, 344, 345, 412, 413, 414, 415, 416, 417, 418, 419, 420, 421, 422, 502, 503, 504, 505, 506, 507, 628, 629, 630, 631, 632, 633, 634, 635, 636, 637, 638, 639, 792, 797, 798, 799, 800, 801, 863, 864, 865, 866, 867, 868, 869, 870, 871, 872, 873, 874]",0/6 successful match,False,,False,3,False,,1.0,True,Flying J Travel Plaza # 0500018,Flying J
Cheyenne ( 82007 ) Flying J Travel Plaza # 759,9 307-635-2918 I-25 Exit 7 ( College Dr ),24 XL 24,Cheyenne,82007,Flying J Travel Plaza # 759,307-635-2918,2014,Cheyenne,WY,Flying J,( College Dr ),I-25 Exit 7 ,Exit,7,False,,False,I-25,,,,,[],[],[],"[198, 266, 316, 378, 422, 669, 774, 828, 874]",[],"[108, 353, 430, 584, 808, 882]","[17, 18, 19, 20, 21, 22, 23, 156, 157, 158, 159, 160, 161, 162, 163, 164, 165, 166, 167, 341, 342, 343, 344, 345, 412, 413, 414, 415, 416, 417, 418, 419, 420, 421, 422, 502, 503, 504, 505, 506, 507, 628, 629, 630, 631, 632, 633, 634, 635, 636, 637, 638, 639, 792, 797, 798, 799, 800, 801, 863, 864, 865, 866, 867, 868, 869, 870, 871, 872, 873, 874]","[17, 18, 19, 20, 21, 22, 23, 156, 157, 158, 159, 160, 161, 162, 163, 164, 165, 166, 167, 168, 340, 341, 342, 343, 344, 345, 346, 412, 413, 414, 415, 416, 417, 418, 419, 420, 421, 422, 502, 503, 504, 505, 506, 507, 628, 629, 630, 631, 632, 633, 634, 635, 636, 637, 638, 639, 792, 796, 797, 798, 799, 800, 801, 863, 864, 865, 866, 867, 868, 869, 870, 871, 872, 873, 874]","[17, 18, 19, 20, 21, 22, 23, 584, 108, 628, 629, 630, 631, 632, 633, 634, 635, 636, 637, 638, 639, 156, 669, 157, 158, 159, 160, 161, 162, 163, 164, 165, 166, 167, 168, 198, 774, 266, 792, 796, 797, 798, 799, 800, 801, 808, 828, 316, 340, 341, 342, 343, 344, 345, 346, 863, 864, 353, 865, 866, 867, 868, 869, 870, 871, 872, 874, 873, 882, 378, 412, 413, 414, 415, 416, 417, 418, 419, 420, 421, 422, 430, 502, 503, 504, 505, 506, 507]",False,[],[],[],"[198, 266, 316, 378, 422, 669, 774, 828, 874]","[108, 353, 430, 584, 808, 882]","[17, 18, 19, 20, 21, 22, 23, 156, 157, 158, 159, 160, 161, 162, 163, 164, 165, 166, 167, 168, 340, 341, 342, 343, 344, 345, 346, 412, 413, 414, 415, 416, 417, 418, 419, 420, 421, 422, 502, 503, 504, 505, 506, 507, 628, 629, 630, 631, 632, 633, 634, 635, 636, 637, 638, 639, 792, 796, 797, 798, 799, 800, 801, 863, 864, 865, 866, 867, 868, 869, 870, 871, 872, 873, 874]","[17, 18, 19, 20, 21, 22, 23, 156, 157, 158, 159, 160, 161, 162, 163, 164, 165, 166, 167, 341, 342, 343, 344, 345, 412, 413, 414, 415, 416, 417, 418, 419, 420, 421, 422, 502, 503, 504, 505, 506, 507, 628, 629, 630, 631, 632, 633, 634, 635, 636, 637, 638, 639, 792, 797, 798, 799, 800, 801, 863, 864, 865, 866, 867, 868, 869, 870, 871, 872, 873, 874]",0/6 successful match,False,,False,3,False,,0.5919540229885056,True,Flying J Travel Plaza # 0500018,Flying J
Cheyenne ( 82007 ) Flying J Travel Plaza # 759,9 307-635-2918 I-25 Exit 7 ( College Dr ),FLYING J 24 XL 24 1005,Cheyenne,82007,Flying J Travel Plaza # 759,307-635-2918,2015,Cheyenne,WY,Flying J,( College Dr ),I-25 Exit 7 ,Exit,7,False,,False,I-25,,,,,[],[],[],"[198, 266, 316, 378, 422, 669, 774, 828, 874]",[],"[108, 353, 430, 584, 808, 882]","[17, 18, 19, 20, 21, 22, 23, 156, 157, 158, 159, 160, 161, 162, 163, 164, 165, 166, 167, 341, 342, 343, 344, 345, 412, 413, 414, 415, 416, 417, 418, 419, 420, 421, 422, 502, 503, 504, 505, 506, 507, 628, 629, 630, 631, 632, 633, 634, 635, 636, 637, 638, 639, 792, 797, 798, 799, 800, 801, 863, 864, 865, 866, 867, 868, 869, 870, 871, 872, 873, 874]","[17, 18, 19, 20, 21, 22, 23, 156, 157, 158, 159, 160, 161, 162, 163, 164, 165, 166, 167, 168, 340, 341, 342, 343, 344, 345, 346, 412, 413, 414, 415, 416, 417, 418, 419, 420, 421, 422, 502, 503, 504, 505, 506, 507, 628, 629, 630, 631, 632, 633, 634, 635, 636, 637, 638, 639, 792, 796, 797, 798, 799, 800, 801, 863, 864, 865, 866, 867, 868, 869, 870, 871, 872, 873, 874]","[17, 18, 19, 20, 21, 22, 23, 584, 108, 628, 629, 630, 631, 632, 633, 634, 635, 636, 637, 638, 639, 156, 669, 157, 158, 159, 160, 161, 162, 163, 164, 165, 166, 167, 168, 198, 774, 266, 792, 796, 797, 798, 799, 800, 801, 808, 828, 316, 340, 341, 342, 343, 344, 345, 346, 863, 864, 353, 865, 866, 867, 868, 869, 870, 871, 872, 874, 873, 882, 378, 412, 413, 414, 415, 416, 417, 418, 419, 420, 421, 422, 430, 502, 503, 504, 505, 506, 507]",False,[],[],[],"[198, 266, 316, 378, 422, 669, 774, 828, 874]","[108, 353, 430, 584, 808, 882]","[17, 18, 19, 20, 21, 22, 23, 156, 157, 158, 159, 160, 161, 162, 163, 164, 165, 166, 167, 168, 340, 341, 342, 343, 344, 345, 346, 412, 413, 414, 415, 416, 417, 418, 419, 420, 421, 422, 502, 503, 504, 505, 506, 507, 628, 629, 630, 631, 632, 633, 634, 635, 636, 637, 638, 639, 792, 796, 797, 798, 799, 800, 801, 863, 864, 865, 866, 867, 868, 869, 870, 871, 872, 873, 874]","[17, 18, 19, 20, 21, 22, 23, 156, 157, 158, 159, 160, 161, 162, 163, 164, 165, 166, 167, 341, 342, 343, 344, 345, 412, 413, 414, 415, 416, 417, 418, 419, 420, 421, 422, 502, 503, 504, 505, 506, 507, 628, 629, 630, 631, 632, 633, 634, 635, 636, 637, 638, 639, 792, 797, 798, 799, 800, 801, 863, 864, 865, 866, 867, 868, 869, 870, 871, 872, 873, 874]",0/6 successful match,False,,False,3,False,,1.0,True,Flying J Travel Plaza # 759,Flying J
Cheyenne ( 82007 ) Flying J Travel Plaza # 759,307-635-2918 I-25 Exit 7 ( College Dr ),FLYING 24 XLOO HS 24 HAS 24,Cheyenne,82007,Flying J Travel Plaza # 759,307-635-2918,2016,Cheyenne,WY,Flying J,( College Dr ),I-25 Exit 7 ,Exit,7,False,,False,I-25,,,,,[],[],[],"[198, 266, 316, 378, 422, 669, 774, 828, 874]",[],"[108, 353, 430, 584, 808, 882]","[17, 18, 19, 20, 21, 22, 23, 156, 157, 158, 159, 160, 161, 162, 163, 164, 165, 166, 167, 341, 342, 343, 344, 345, 412, 413, 414, 415, 416, 417, 418, 419, 420, 421, 422, 502, 503, 504, 505, 506, 507, 628, 629, 630, 631, 632, 633, 634, 635, 636, 637, 638, 639, 792, 797, 798, 799, 800, 801, 863, 864, 865, 866, 867, 868, 869, 870, 871, 872, 873, 874]","[17, 18, 19, 20, 21, 22, 23, 156, 157, 158, 159, 160, 161, 162, 163, 164, 165, 166, 167, 168, 340, 341, 342, 343, 344, 345, 346, 412, 413, 414, 415, 416, 417, 418, 419, 420, 421, 422, 502, 503, 504, 505, 506, 507, 628, 629, 630, 631, 632, 633, 634, 635, 636, 637, 638, 639, 792, 796, 797, 798, 799, 800, 801, 863, 864, 865, 866, 867, 868, 869, 870, 871, 872, 873, 874]","[17, 18, 19, 20, 21, 22, 23, 584, 108, 628, 629, 630, 631, 632, 633, 634, 635, 636, 637, 638, 639, 156, 669, 157, 158, 159, 160, 161, 162, 163, 164, 165, 166, 167, 168, 198, 774, 266, 792, 796, 797, 798, 799, 800, 801, 808, 828, 316, 340, 341, 342, 343, 344, 345, 346, 863, 864, 353, 865, 866, 867, 868, 869, 870, 871, 872, 874, 873, 882, 378, 412, 413, 414, 415, 416, 417, 418, 419, 420, 421, 422, 430, 502, 503, 504, 505, 506, 507]",False,[],[],[],"[198, 266, 316, 378, 422, 669, 774, 828, 874]","[108, 353, 430, 584, 808, 882]","[17, 18, 19, 20, 21, 22, 23, 156, 157, 158, 159, 160, 161, 162, 163, 164, 165, 166, 167, 168, 340, 341, 342, 343, 344, 345, 346, 412, 413, 414, 415, 416, 417, 418, 419, 420, 421, 422, 502, 503, 504, 505, 506, 507, 628, 629, 630, 631, 632, 633, 634, 635, 636, 637, 638, 639, 792, 796, 797, 798, 799, 800, 801, 863, 864, 865, 866, 867, 868, 869, 870, 871, 872, 873, 874]","[17, 18, 19, 20, 21, 22, 23, 156, 157, 158, 159, 160, 161, 162, 163, 164, 165, 166, 167, 341, 342, 343, 344, 345, 412, 413, 414, 415, 416, 417, 418, 419, 420, 421, 422, 502, 503, 504, 505, 506, 507, 628, 629, 630, 631, 632, 633, 634, 635, 636, 637, 638, 639, 792, 797, 798, 799, 800, 801, 863, 864, 865, 866, 867, 868, 869, 870, 871, 872, 873, 874]",0/6 successful match,False,,False,3,False,,1.0,True,Flying J Travel Plaza # 759,Flying J
"Cheyenne , 82007 Cheyenne Travel Plaza ( Sinclair )",307-635-5744 I-80 Exit 367,24 M <U+2610>,Cheyenne,82007,Cheyenne Travel Plaza ( Sinclair ),307-635-5744,2006,Cheyenne,WY,Sinclair,,I-80 Exit 367,Exit,367,False,,False,I-80,,,,,[],[],[],[],[],"[89, 108, 172, 217, 221, 239, 264, 280, 321, 342, 343, 344, 345, 346, 349, 351, 352, 355, 357, 359, 364, 368, 371, 372, 373, 374, 376, 377, 387, 392, 393, 403, 409, 411, 414, 424, 430, 449, 454, 470, 480, 560, 584, 643, 685, 703, 724, 739, 779, 798, 799, 800, 801, 804, 806, 807, 810, 812, 814, 816, 821, 822, 823, 824, 826, 827, 837, 842, 843, 852, 859, 862, 865, 869, 876, 882, 897, 901, 917, 932]","[31, 142, 147, 180, 338, 352, 367, 387, 403, 405, 408, 410, 455, 465, 466, 468, 470, 472, 473, 483, 484, 514, 613, 618, 651, 794, 807, 837, 852, 854, 858, 861, 902, 912, 913, 915, 917, 919, 920, 931, 934, 935]","[31, 142, 147, 180, 338, 352, 367, 387, 403, 405, 408, 410, 455, 465, 466, 468, 470, 472, 473, 483, 484, 514, 613, 618, 651, 794, 807, 837, 852, 854, 858, 861, 902, 912, 913, 915, 917, 919, 920, 931, 934, 935]","[514, 31, 560, 584, 89, 613, 618, 108, 643, 651, 142, 147, 172, 685, 180, 703, 724, 217, 221, 739, 239, 264, 779, 280, 794, 798, 799, 800, 801, 804, 806, 807, 810, 812, 814, 816, 821, 822, 823, 824, 826, 827, 321, 837, 842, 843, 338, 852, 342, 343, 344, 345, 346, 859, 854, 349, 862, 351, 352, 865, 858, 355, 861, 357, 869, 359, 364, 876, 367, 368, 882, 371, 372, 373, 374, 376, 377, 897, 387, 901, 902, 392, 393, 912, 913, 403, 915, 917, 405, 919, 408, 409, 410, 411, 920, 414, 931, 932, 934, 935, 424, 430, 449, 454, 455, 465, 466, 468, 470, 472, 473, 480, 483, 484]",False,[],[],[],[],"[89, 108, 172, 217, 221, 239, 264, 280, 321, 342, 343, 344, 345, 346, 349, 351, 352, 355, 357, 359, 364, 368, 371, 372, 373, 374, 376, 377, 387, 392, 393, 403, 409, 411, 414, 424, 430, 449, 454, 470, 480, 560, 584, 643, 685, 703, 724, 739, 779, 798, 799, 800, 801, 804, 806, 807, 810, 812, 814, 816, 821, 822, 823, 824, 826, 827, 837, 842, 843, 852, 859, 862, 865, 869, 876, 882, 897, 901, 917, 932]","[31, 142, 147, 180, 338, 352, 367, 387, 403, 405, 408, 410, 455, 465, 466, 468, 470, 472, 473, 483, 484, 514, 613, 618, 651, 794, 807, 837, 852, 854, 858, 861, 902, 912, 913, 915, 917, 919, 920, 931, 934, 935]","[31, 142, 147, 180, 338, 352, 367, 387, 403, 405, 408, 410, 455, 465, 466, 468, 470, 472, 473, 483, 484, 514, 613, 618, 651, 794, 807, 837, 852, 854, 858, 861, 902, 912, 913, 915, 917, 919, 920, 931, 934, 935]",0/6 successful match,False,,False,4,False,,,,,
"Cheyenne , 82007 Cheyenne Travel Plaza ( Sinclair )",307-635-5744 I-80 Exit 367,24 HRS L,Cheyenne,82007,Cheyenne Travel Plaza ( Sinclair ),307-635-5744,2007,Cheyenne,WY,Sinclair,,I-80 Exit 367,Exit,367,False,,False,I-80,,,,,[],[],[],[],[],"[89, 108, 172, 217, 221, 239, 264, 280, 321, 342, 343, 344, 345, 346, 349, 351, 352, 355, 357, 359, 364, 368, 371, 372, 373, 374, 376, 377, 387, 392, 393, 403, 409, 411, 414, 424, 430, 449, 454, 470, 480, 560, 584, 643, 685, 703, 724, 739, 779, 798, 799, 800, 801, 804, 806, 807, 810, 812, 814, 816, 821, 822, 823, 824, 826, 827, 837, 842, 843, 852, 859, 862, 865, 869, 876, 882, 897, 901, 917, 932]","[31, 142, 147, 180, 338, 352, 367, 387, 403, 405, 408, 410, 455, 465, 466, 468, 470, 472, 473, 483, 484, 514, 613, 618, 651, 794, 807, 837, 852, 854, 858, 861, 902, 912, 913, 915, 917, 919, 920, 931, 934, 935]","[31, 142, 147, 180, 338, 352, 367, 387, 403, 405, 408, 410, 455, 465, 466, 468, 470, 472, 473, 483, 484, 514, 613, 618, 651, 794, 807, 837, 852, 854, 858, 861, 902, 912, 913, 915, 917, 919, 920, 931, 934, 935]","[514, 31, 560, 584, 89, 613, 618, 108, 643, 651, 142, 147, 172, 685, 180, 703, 724, 217, 221, 739, 239, 264, 779, 280, 794, 798, 799, 800, 801, 804, 806, 807, 810, 812, 814, 816, 821, 822, 823, 824, 826, 827, 321, 837, 842, 843, 338, 852, 342, 343, 344, 345, 346, 859, 854, 349, 862, 351, 352, 865, 858, 355, 861, 357, 869, 359, 364, 876, 367, 368, 882, 371, 372, 373, 374, 376, 377, 897, 387, 901, 902, 392, 393, 912, 913, 403, 915, 917, 405, 919, 408, 409, 410, 411, 920, 414, 931, 932, 934, 935, 424, 430, 449, 454, 455, 465, 466, 468, 470, 472, 473, 480, 483, 484]",False,[],[],[],[],"[89, 108, 172, 217, 221, 239, 264, 280, 321, 342, 343, 344, 345, 346, 349, 351, 352, 355, 357, 359, 364, 368, 371, 372, 373, 374, 376, 377, 387, 392, 393, 403, 409, 411, 414, 424, 430, 449, 454, 470, 480, 560, 584, 643, 685, 703, 724, 739, 779, 798, 799, 800, 801, 804, 806, 807, 810, 812, 814, 816, 821, 822, 823, 824, 826, 827, 837, 842, 843, 852, 859, 862, 865, 869, 876, 882, 897, 901, 917, 932]","[31, 142, 147, 180, 338, 352, 367, 387, 403, 405, 408, 410, 455, 465, 466, 468, 470, 472, 473, 483, 484, 514, 613, 618, 651, 794, 807, 837, 852, 854, 858, 861, 902, 912, 913, 915, 917, 919, 920, 931, 934, 935]","[31, 142, 147, 180, 338, 352, 367, 387, 403, 405, 408, 410, 455, 465, 466, 468, 470, 472, 473, 483, 484, 514, 613, 618, 651, 794, 807, 837, 852, 854, 858, 861, 902, 912, 913, 915, 917, 919, 920, 931, 934, 935]",0/6 successful match,False,,False,4,False,,1.0,True,Cheyenne Travel Plaza ( Sinclair ),Sinclair
"Cheyenne , 82007 Pilot Travel Center # 402",307-635-5744 I-80 Exit 367,HRS 24 <U+2610> <U+2610> <U+2610> <U+2610>,Cheyenne,82007,Pilot Travel Center # 402,307-635-5744,2008,Cheyenne,WY,Pilot,,I-80 Exit 367,Exit,367,False,,False,I-80,,,,,[],[],[],[],[],"[89, 108, 172, 217, 221, 239, 264, 280, 321, 342, 343, 344, 345, 346, 349, 351, 352, 355, 357, 359, 364, 368, 371, 372, 373, 374, 376, 377, 387, 392, 393, 403, 409, 411, 414, 424, 430, 449, 454, 470, 480, 560, 584, 643, 685, 703, 724, 739, 779, 798, 799, 800, 801, 804, 806, 807, 810, 812, 814, 816, 821, 822, 823, 824, 826, 827, 837, 842, 843, 852, 859, 862, 865, 869, 876, 882, 897, 901, 917, 932]","[15, 16, 65, 66, 67, 68, 69, 70, 71, 72, 73, 74, 75, 76, 80, 151, 245, 246, 247, 248, 249, 250, 251, 252, 253, 254, 255, 256, 257, 258, 259, 280, 340, 373, 374, 375, 376, 377, 459, 460, 461, 462, 500, 501, 539, 540, 541, 542, 543, 544, 545, 546, 547, 548, 549, 550, 552, 622, 708, 709, 710, 711, 712, 713, 714, 715, 716, 717, 718, 719, 720, 739, 796, 823, 824, 825, 826, 827, 906, 907, 908, 909]","[15, 16, 65, 66, 67, 68, 69, 70, 71, 72, 73, 74, 75, 76, 77, 78, 80, 151, 244, 245, 246, 247, 248, 249, 250, 251, 252, 253, 254, 255, 256, 257, 258, 259, 260, 280, 340, 373, 374, 375, 376, 377, 459, 460, 461, 462, 500, 501, 539, 540, 541, 542, 543, 544, 545, 546, 547, 548, 549, 550, 552, 622, 708, 709, 710, 711, 712, 713, 714, 715, 716, 717, 718, 719, 720, 739, 796, 823, 824, 825, 826, 827, 906, 907, 908, 909]","[15, 16, 539, 540, 541, 542, 543, 544, 545, 546, 547, 548, 549, 550, 552, 560, 65, 66, 67, 68, 69, 70, 71, 584, 72, 73, 74, 75, 76, 77, 78, 80, 89, 108, 622, 643, 151, 172, 685, 703, 708, 709, 710, 711, 712, 713, 714, 715, 716, 717, 718, 719, 720, 724, 217, 221, 739, 239, 244, 245, 246, 247, 248, 249, 250, 251, 252, 253, 254, 255, 256, 257, 258, 259, 260, 264, 779, 280, 796, 798, 799, 800, 801, 804, 806, 807, 810, 812, 814, 816, 821, 822, 823, 824, 825, 826, 827, 321, 837, 842, 843, 852, 340, 342, 343, 344, 345, 346, 859, 349, 862, 351, 352, 865, 355, 357, 869, 359, 364, 876, 368, 882, 371, 372, 373, 374, 375, 376, 377, 897, 387, 901, 392, 393, 906, 907, 908, 909, 403, 917, 409, 411, 414, 932, 424, 430, 449, 454, 459, 460, 461, 462, 470, 480, 500, 501]",False,[],[],[],[],"[89, 108, 172, 217, 221, 239, 264, 280, 321, 342, 343, 344, 345, 346, 349, 351, 352, 355, 357, 359, 364, 368, 371, 372, 373, 374, 376, 377, 387, 392, 393, 403, 409, 411, 414, 424, 430, 449, 454, 470, 480, 560, 584, 643, 685, 703, 724, 739, 779, 798, 799, 800, 801, 804, 806, 807, 810, 812, 814, 816, 821, 822, 823, 824, 826, 827, 837, 842, 843, 852, 859, 862, 865, 869, 876, 882, 897, 901, 917, 932]","[15, 16, 65, 66, 67, 68, 69, 70, 71, 72, 73, 74, 75, 76, 77, 78, 80, 151, 244, 245, 246, 247, 248, 249, 250, 251, 252, 253, 254, 255, 256, 257, 258, 259, 260, 280, 340, 373, 374, 375, 376, 377, 459, 460, 461, 462, 500, 501, 539, 540, 541, 542, 543, 544, 545, 546, 547, 548, 549, 550, 552, 622, 708, 709, 710, 711, 712, 713, 714, 715, 716, 717, 718, 719, 720, 739, 796, 823, 824, 825, 826, 827, 906, 907, 908, 909]","[15, 16, 65, 66, 67, 68, 69, 70, 71, 72, 73, 74, 75, 76, 80, 151, 245, 246, 247, 248, 249, 250, 251, 252, 253, 254, 255, 256, 257, 258, 259, 280, 340, 373, 374, 375, 376, 377, 459, 460, 461, 462, 500, 501, 539, 540, 541, 542, 543, 544, 545, 546, 547, 548, 549, 550, 552, 622, 708, 709, 710, 711, 712, 713, 714, 715, 716, 717, 718, 719, 720, 739, 796, 823, 824, 825, 826, 827, 906, 907, 908, 909]",0/6 successful match,False,,False,4,True,2008,0.1864406779661017,False,Cheyenne Travel Plaza ( Sinclair ),Sinclair
Cheyenne ( 82007 ) Pilot Travel Center # 402,307-635-5744 I-80 Exit 367,Plot 24 L,Cheyenne,82007,Pilot Travel Center # 402,307-635-5744,2014,Cheyenne,WY,Pilot,,I-80 Exit 367,Exit,367,False,,False,I-80,,,,,[],[],[],[],[],"[89, 108, 172, 217, 221, 239, 264, 280, 321, 342, 343, 344, 345, 346, 349, 351, 352, 355, 357, 359, 364, 368, 371, 372, 373, 374, 376, 377, 387, 392, 393, 403, 409, 411, 414, 424, 430, 449, 454, 470, 480, 560, 584, 643, 685, 703, 724, 739, 779, 798, 799, 800, 801, 804, 806, 807, 810, 812, 814, 816, 821, 822, 823, 824, 826, 827, 837, 842, 843, 852, 859, 862, 865, 869, 876, 882, 897, 901, 917, 932]","[15, 16, 65, 66, 67, 68, 69, 70, 71, 72, 73, 74, 75, 76, 80, 151, 245, 246, 247, 248, 249, 250, 251, 252, 253, 254, 255, 256, 257, 258, 259, 280, 340, 373, 374, 375, 376, 377, 459, 460, 461, 462, 500, 501, 539, 540, 541, 542, 543, 544, 545, 546, 547, 548, 549, 550, 552, 622, 708, 709, 710, 711, 712, 713, 714, 715, 716, 717, 718, 719, 720, 739, 796, 823, 824, 825, 826, 827, 906, 907, 908, 909]","[15, 16, 65, 66, 67, 68, 69, 70, 71, 72, 73, 74, 75, 76, 77, 78, 80, 151, 244, 245, 246, 247, 248, 249, 250, 251, 252, 253, 254, 255, 256, 257, 258, 259, 260, 280, 340, 373, 374, 375, 376, 377, 459, 460, 461, 462, 500, 501, 539, 540, 541, 542, 543, 544, 545, 546, 547, 548, 549, 550, 552, 622, 708, 709, 710, 711, 712, 713, 714, 715, 716, 717, 718, 719, 720, 739, 796, 823, 824, 825, 826, 827, 906, 907, 908, 909]","[15, 16, 539, 540, 541, 542, 543, 544, 545, 546, 547, 548, 549, 550, 552, 560, 65, 66, 67, 68, 69, 70, 71, 584, 72, 73, 74, 75, 76, 77, 78, 80, 89, 108, 622, 643, 151, 172, 685, 703, 708, 709, 710, 711, 712, 713, 714, 715, 716, 717, 718, 719, 720, 724, 217, 221, 739, 239, 244, 245, 246, 247, 248, 249, 250, 251, 252, 253, 254, 255, 256, 257, 258, 259, 260, 264, 779, 280, 796, 798, 799, 800, 801, 804, 806, 807, 810, 812, 814, 816, 821, 822, 823, 824, 825, 826, 827, 321, 837, 842, 843, 852, 340, 342, 343, 344, 345, 346, 859, 349, 862, 351, 352, 865, 355, 357, 869, 359, 364, 876, 368, 882, 371, 372, 373, 374, 375, 376, 377, 897, 387, 901, 392, 393, 906, 907, 908, 909, 403, 917, 409, 411, 414, 932, 424, 430, 449, 454, 459, 460, 461, 462, 470, 480, 500, 501]",False,[],[],[],[],"[89, 108, 172, 217, 221, 239, 264, 280, 321, 342, 343, 344, 345, 346, 349, 351, 352, 355, 357, 359, 364, 368, 371, 372, 373, 374, 376, 377, 387, 392, 393, 403, 409, 411, 414, 424, 430, 449, 454, 470, 480, 560, 584, 643, 685, 703, 724, 739, 779, 798, 799, 800, 801, 804, 806, 807, 810, 812, 814, 816, 821, 822, 823, 824, 826, 827, 837, 842, 843, 852, 859, 862, 865, 869, 876, 882, 897, 901, 917, 932]","[15, 16, 65, 66, 67, 68, 69, 70, 71, 72, 73, 74, 75, 76, 77, 78, 80, 151, 244, 245, 246, 247, 248, 249, 250, 251, 252, 253, 254, 255, 256, 257, 258, 259, 260, 280, 340, 373, 374, 375, 376, 377, 459, 460, 461, 462, 500, 501, 539, 540, 541, 542, 543, 544, 545, 546, 547, 548, 549, 550, 552, 622, 708, 709, 710, 711, 712, 713, 714, 715, 716, 717, 718, 719, 720, 739, 796, 823, 824, 825, 826, 827, 906, 907, 908, 909]","[15, 16, 65, 66, 67, 68, 69, 70, 71, 72, 73, 74, 75, 76, 80, 151, 245, 246, 247, 248, 249, 250, 251, 252, 253, 254, 255, 256, 257, 258, 259, 280, 340, 373, 374, 375, 376, 377, 459, 460, 461, 462, 500, 501, 539, 540, 541, 542, 543, 544, 545, 546, 547, 548, 549, 550, 552, 622, 708, 709, 710, 711, 712, 713, 714, 715, 716, 717, 718, 719, 720, 739, 796, 823, 824, 825, 826, 827, 906, 907, 908, 909]",0/6 successful match,False,,False,4,False,,1.0,True,Pilot Travel Center # 402,Pilot
Cheyenne ( 82007 ) Pilot Travel Center # 402,307-635-5744 I-80 Exit 367,Pilot 24 L,Cheyenne,82007,Pilot Travel Center # 402,307-635-5744,2015,Cheyenne,WY,Pilot,,I-80 Exit 367,Exit,367,False,,False,I-80,,,,,[],[],[],[],[],"[89, 108, 172, 217, 221, 239, 264, 280, 321, 342, 343, 344, 345, 346, 349, 351, 352, 355, 357, 359, 364, 368, 371, 372, 373, 374, 376, 377, 387, 392, 393, 403, 409, 411, 414, 424, 430, 449, 454, 470, 480, 560, 584, 643, 685, 703, 724, 739, 779, 798, 799, 800, 801, 804, 806, 807, 810, 812, 814, 816, 821, 822, 823, 824, 826, 827, 837, 842, 843, 852, 859, 862, 865, 869, 876, 882, 897, 901, 917, 932]","[15, 16, 65, 66, 67, 68, 69, 70, 71, 72, 73, 74, 75, 76, 80, 151, 245, 246, 247, 248, 249, 250, 251, 252, 253, 254, 255, 256, 257, 258, 259, 280, 340, 373, 374, 375, 376, 377, 459, 460, 461, 462, 500, 501, 539, 540, 541, 542, 543, 544, 545, 546, 547, 548, 549, 550, 552, 622, 708, 709, 710, 711, 712, 713, 714, 715, 716, 717, 718, 719, 720, 739, 796, 823, 824, 825, 826, 827, 906, 907, 908, 909]","[15, 16, 65, 66, 67, 68, 69, 70, 71, 72, 73, 74, 75, 76, 77, 78, 80, 151, 244, 245, 246, 247, 248, 249, 250, 251, 252, 253, 254, 255, 256, 257, 258, 259, 260, 280, 340, 373, 374, 375, 376, 377, 459, 460, 461, 462, 500, 501, 539, 540, 541, 542, 543, 544, 545, 546, 547, 548, 549, 550, 552, 622, 708, 709, 710, 711, 712, 713, 714, 715, 716, 717, 718, 719, 720, 739, 796, 823, 824, 825, 826, 827, 906, 907, 908, 909]","[15, 16, 539, 540, 541, 542, 543, 544, 545, 546, 547, 548, 549, 550, 552, 560, 65, 66, 67, 68, 69, 70, 71, 584, 72, 73, 74, 75, 76, 77, 78, 80, 89, 108, 622, 643, 151, 172, 685, 703, 708, 709, 710, 711, 712, 713, 714, 715, 716, 717, 718, 719, 720, 724, 217, 221, 739, 239, 244, 245, 246, 247, 248, 249, 250, 251, 252, 253, 254, 255, 256, 257, 258, 259, 260, 264, 779, 280, 796, 798, 799, 800, 801, 804, 806, 807, 810, 812, 814, 816, 821, 822, 823, 824, 825, 826, 827, 321, 837, 842, 843, 852, 340, 342, 343, 344, 345, 346, 859, 349, 862, 351, 352, 865, 355, 357, 869, 359, 364, 876, 368, 882, 371, 372, 373, 374, 375, 376, 377, 897, 387, 901, 392, 393, 906, 907, 908, 909, 403, 917, 409, 411, 414, 932, 424, 430, 449, 454, 459, 460, 461, 462, 470, 480, 500, 501]",False,[],[],[],[],"[89, 108, 172, 217, 221, 239, 264, 280, 321, 342, 343, 344, 345, 346, 349, 351, 352, 355, 357, 359, 364, 368, 371, 372, 373, 374, 376, 377, 387, 392, 393, 403, 409, 411, 414, 424, 430, 449, 454, 470, 480, 560, 584, 643, 685, 703, 724, 739, 779, 798, 799, 800, 801, 804, 806, 807, 810, 812, 814, 816, 821, 822, 823, 824, 826, 827, 837, 842, 843, 852, 859, 862, 865, 869, 876, 882, 897, 901, 917, 932]","[15, 16, 65, 66, 67, 68, 69, 70, 71, 72, 73, 74, 75, 76, 77, 78, 80, 151, 244, 245, 246, 247, 248, 249, 250, 251, 252, 253, 254, 255, 256, 257, 258, 259, 260, 280, 340, 373, 374, 375, 376, 377, 459, 460, 461, 462, 500, 501, 539, 540, 541, 542, 543, 544, 545, 546, 547, 548, 549, 550, 552, 622, 708, 709, 710, 711, 712, 713, 714, 715, 716, 717, 718, 719, 720, 739, 796, 823, 824, 825, 826, 827, 906, 907, 908, 909]","[15, 16, 65, 66, 67, 68, 69, 70, 71, 72, 73, 74, 75, 76, 80, 151, 245, 246, 247, 248, 249, 250, 251, 252, 253, 254, 255, 256, 257, 258, 259, 280, 340, 373, 374, 375, 376, 377, 459, 460, 461, 462, 500, 501, 539, 540, 541, 542, 543, 544, 545, 546, 547, 548, 549, 550, 552, 622, 708, 709, 710, 711, 712, 713, 714, 715, 716, 717, 718, 719, 720, 739, 796, 823, 824, 825, 826, 827, 906, 907, 908, 909]",0/6 successful match,False,,False,4,False,,1.0,True,Pilot Travel Center # 402,Pilot
Cheyenne ( 82007 ) Pilot Travel Center # 402,307-635-5744 I-80 Exit 367,Pilot 24 24,Cheyenne,82007,Pilot Travel Center # 402,307-635-5744,2016,Cheyenne,WY,Pilot,,I-80 Exit 367,Exit,367,False,,False,I-80,,,,,[],[],[],[],[],"[89, 108, 172, 217, 221, 239, 264, 280, 321, 342, 343, 344, 345, 346, 349, 351, 352, 355, 357, 359, 364, 368, 371, 372, 373, 374, 376, 377, 387, 392, 393, 403, 409, 411, 414, 424, 430, 449, 454, 470, 480, 560, 584, 643, 685, 703, 724, 739, 779, 798, 799, 800, 801, 804, 806, 807, 810, 812, 814, 816, 821, 822, 823, 824, 826, 827, 837, 842, 843, 852, 859, 862, 865, 869, 876, 882, 897, 901, 917, 932]","[15, 16, 65, 66, 67, 68, 69, 70, 71, 72, 73, 74, 75, 76, 80, 151, 245, 246, 247, 248, 249, 250, 251, 252, 253, 254, 255, 256, 257, 258, 259, 280, 340, 373, 374, 375, 376, 377, 459, 460, 461, 462, 500, 501, 539, 540, 541, 542, 543, 544, 545, 546, 547, 548, 549, 550, 552, 622, 708, 709, 710, 711, 712, 713, 714, 715, 716, 717, 718, 719, 720, 739, 796, 823, 824, 825, 826, 827, 906, 907, 908, 909]","[15, 16, 65, 66, 67, 68, 69, 70, 71, 72, 73, 74, 75, 76, 77, 78, 80, 151, 244, 245, 246, 247, 248, 249, 250, 251, 252, 253, 254, 255, 256, 257, 258, 259, 260, 280, 340, 373, 374, 375, 376, 377, 459, 460, 461, 462, 500, 501, 539, 540, 541, 542, 543, 544, 545, 546, 547, 548, 549, 550, 552, 622, 708, 709, 710, 711, 712, 713, 714, 715, 716, 717, 718, 719, 720, 739, 796, 823, 824, 825, 826, 827, 906, 907, 908, 909]","[15, 16, 539, 540, 541, 542, 543, 544, 545, 546, 547, 548, 549, 550, 552, 560, 65, 66, 67, 68, 69, 70, 71, 584, 72, 73, 74, 75, 76, 77, 78, 80, 89, 108, 622, 643, 151, 172, 685, 703, 708, 709, 710, 711, 712, 713, 714, 715, 716, 717, 718, 719, 720, 724, 217, 221, 739, 239, 244, 245, 246, 247, 248, 249, 250, 251, 252, 253, 254, 255, 256, 257, 258, 259, 260, 264, 779, 280, 796, 798, 799, 800, 801, 804, 806, 807, 810, 812, 814, 816, 821, 822, 823, 824, 825, 826, 827, 321, 837, 842, 843, 852, 340, 342, 343, 344, 345, 346, 859, 349, 862, 351, 352, 865, 355, 357, 869, 359, 364, 876, 368, 882, 371, 372, 373, 374, 375, 376, 377, 897, 387, 901, 392, 393, 906, 907, 908, 909, 403, 917, 409, 411, 414, 932, 424, 430, 449, 454, 459, 460, 461, 462, 470, 480, 500, 501]",False,[],[],[],[],"[89, 108, 172, 217, 221, 239, 264, 280, 321, 342, 343, 344, 345, 346, 349, 351, 352, 355, 357, 359, 364, 368, 371, 372, 373, 374, 376, 377, 387, 392, 393, 403, 409, 411, 414, 424, 430, 449, 454, 470, 480, 560, 584, 643, 685, 703, 724, 739, 779, 798, 799, 800, 801, 804, 806, 807, 810, 812, 814, 816, 821, 822, 823, 824, 826, 827, 837, 842, 843, 852, 859, 862, 865, 869, 876, 882, 897, 901, 917, 932]","[15, 16, 65, 66, 67, 68, 69, 70, 71, 72, 73, 74, 75, 76, 77, 78, 80, 151, 244, 245, 246, 247, 248, 249, 250, 251, 252, 253, 254, 255, 256, 257, 258, 259, 260, 280, 340, 373, 374, 375, 376, 377, 459, 460, 461, 462, 500, 501, 539, 540, 541, 542, 543, 544, 545, 546, 547, 548, 549, 550, 552, 622, 708, 709, 710, 711, 712, 713, 714, 715, 716, 717, 718, 719, 720, 739, 796, 823, 824, 825, 826, 827, 906, 907, 908, 909]","[15, 16, 65, 66, 67, 68, 69, 70, 71, 72, 73, 74, 75, 76, 80, 151, 245, 246, 247, 248, 249, 250, 251, 252, 253, 254, 255, 256, 257, 258, 259, 280, 340, 373, 374, 375, 376, 377, 459, 460, 461, 462, 500, 501, 539, 540, 541, 542, 543, 544, 545, 546, 547, 548, 549, 550, 552, 622, 708, 709, 710, 711, 712, 713, 714, 715, 716, 717, 718, 719, 720, 739, 796, 823, 824, 825, 826, 827, 906, 907, 908, 909]",0/6 successful match,False,,False,4,False,,1.0,True,Pilot Travel Center # 402,Pilot
"Cheyenne , 82007 Diamond Shamrock # 4550",307-638-0022 I-80 Exit 362 ( US 85 ),24,Cheyenne,82007,Diamond Shamrock # 4550,307-638-0022,2006,Cheyenne,WY,Shamrock,( US 85 ),I-80 Exit 362 ,Exit,362,False,,False,I-80,,,,,[],[],[],"[402, 442, 851, 892]",[],"[89, 108, 172, 217, 221, 239, 264, 280, 321, 342, 343, 344, 345, 346, 349, 351, 352, 355, 357, 359, 364, 368, 371, 372, 373, 374, 376, 377, 387, 392, 393, 403, 409, 411, 414, 424, 430, 449, 454, 470, 480, 560, 584, 643, 685, 703, 724, 739, 779, 798, 799, 800, 801, 804, 806, 807, 810, 812, 814, 816, 821, 822, 823, 824, 826, 827, 837, 842, 843, 852, 859, 862, 865, 869, 876, 882, 897, 901, 917, 932]",[],[],"[560, 584, 89, 108, 643, 172, 685, 703, 724, 217, 221, 739, 239, 264, 779, 280, 798, 799, 800, 801, 804, 806, 807, 810, 812, 814, 816, 821, 822, 823, 824, 826, 827, 321, 837, 842, 843, 851, 852, 342, 343, 344, 345, 346, 859, 349, 862, 351, 352, 865, 355, 357, 869, 359, 364, 876, 368, 882, 371, 372, 373, 374, 376, 377, 892, 897, 387, 901, 392, 393, 402, 403, 917, 409, 411, 414, 932, 424, 430, 442, 449, 454, 470, 480]",False,[],[],[],"[402, 442, 851, 892]","[89, 108, 172, 217, 221, 239, 264, 280, 321, 342, 343, 344, 345, 346, 349, 351, 352, 355, 357, 359, 364, 368, 371, 372, 373, 374, 376, 377, 387, 392, 393, 403, 409, 411, 414, 424, 430, 449, 454, 470, 480, 560, 584, 643, 685, 703, 724, 739, 779, 798, 799, 800, 801, 804, 806, 807, 810, 812, 814, 816, 821, 822, 823, 824, 826, 827, 837, 842, 843, 852, 859, 862, 865, 869, 876, 882, 897, 901, 917, 932]",[],[],0/6 successful match,False,,False,5,False,,,,,
"6 GCheyenne , 82007 Diamond Shamrock # 4550",307-638-0022 I-80 Exit 362 ( US 85 ),,Cheyenne,82007,Diamond Shamrock # 4550,307-638-0022,2007,Cheyenne,WY,Shamrock,( US 85 ),I-80 Exit 362 ,Exit,362,False,,False,I-80,,,,,[],[],[],"[402, 442, 851, 892]",[],"[89, 108, 172, 217, 221, 239, 264, 280, 321, 342, 343, 344, 345, 346, 349, 351, 352, 355, 357, 359, 364, 368, 371, 372, 373, 374, 376, 377, 387, 392, 393, 403, 409, 411, 414, 424, 430, 449, 454, 470, 480, 560, 584, 643, 685, 703, 724, 739, 779, 798, 799, 800, 801, 804, 806, 807, 810, 812, 814, 816, 821, 822, 823, 824, 826, 827, 837, 842, 843, 852, 859, 862, 865, 869, 876, 882, 897, 901, 917, 932]",[],[],"[560, 584, 89, 108, 643, 172, 685, 703, 724, 217, 221, 739, 239, 264, 779, 280, 798, 799, 800, 801, 804, 806, 807, 810, 812, 814, 816, 821, 822, 823, 824, 826, 827, 321, 837, 842, 843, 851, 852, 342, 343, 344, 345, 346, 859, 349, 862, 351, 352, 865, 355, 357, 869, 359, 364, 876, 368, 882, 371, 372, 373, 374, 376, 377, 892, 897, 387, 901, 392, 393, 402, 403, 917, 409, 411, 414, 932, 424, 430, 442, 449, 454, 470, 480]",False,[],[],[],"[402, 442, 851, 892]","[89, 108, 172, 217, 221, 239, 264, 280, 321, 342, 343, 344, 345, 346, 349, 351, 352, 355, 357, 359, 364, 368, 371, 372, 373, 374, 376, 377, 387, 392, 393, 403, 409, 411, 414, 424, 430, 449, 454, 470, 480, 560, 584, 643, 685, 703, 724, 739, 779, 798, 799, 800, 801, 804, 806, 807, 810, 812, 814, 816, 821, 822, 823, 824, 826, 827, 837, 842, 843, 852, 859, 862, 865, 869, 876, 882, 897, 901, 917, 932]",[],[],0/6 successful match,False,,False,5,False,,1.0,True,Diamond Shamrock # 4550,Shamrock
"Cheyenne , 82007 Diamond Shamrock # 4550",307-638-0022 I-80 Exit 362 ( US 85 ),24 S,Cheyenne,82007,Diamond Shamrock # 4550,307-638-0022,2008,Cheyenne,WY,Shamrock,( US 85 ),I-80 Exit 362 ,Exit,362,False,,False,I-80,,,,,[],[],[],"[402, 442, 851, 892]",[],"[89, 108, 172, 217, 221, 239, 264, 280, 321, 342, 343, 344, 345, 346, 349, 351, 352, 355, 357, 359, 364, 368, 371, 372, 373, 374, 376, 377, 387, 392, 393, 403, 409, 411, 414, 424, 430, 449, 454, 470, 480, 560, 584, 643, 685, 703, 724, 739, 779, 798, 799, 800, 801, 804, 806, 807, 810, 812, 814, 816, 821, 822, 823, 824, 826, 827, 837, 842, 843, 852, 859, 862, 865, 869, 876, 882, 897, 901, 917, 932]",[],[],"[560, 584, 89, 108, 643, 172, 685, 703, 724, 217, 221, 739, 239, 264, 779, 280, 798, 799, 800, 801, 804, 806, 807, 810, 812, 814, 816, 821, 822, 823, 824, 826, 827, 321, 837, 842, 843, 851, 852, 342, 343, 344, 345, 346, 859, 349, 862, 351, 352, 865, 355, 357, 869, 359, 364, 876, 368, 882, 371, 372, 373, 374, 376, 377, 892, 897, 387, 901, 392, 393, 402, 403, 917, 409, 411, 414, 932, 424, 430, 442, 449, 454, 470, 480]",False,[],[],[],"[402, 442, 851, 892]","[89, 108, 172, 217, 221, 239, 264, 280, 321, 342, 343, 344, 345, 346, 349, 351, 352, 355, 357, 359, 364, 368, 371, 372, 373, 374, 376, 377, 387, 392, 393, 403, 409, 411, 414, 424, 430, 449, 454, 470, 480, 560, 584, 643, 685, 703, 724, 739, 779, 798, 799, 800, 801, 804, 806, 807, 810, 812, 814, 816, 821, 822, 823, 824, 826, 827, 837, 842, 843, 852, 859, 862, 865, 869, 876, 882, 897, 901, 917, 932]",[],[],0/6 successful match,False,,False,5,False,,1.0,True,Diamond Shamrock # 4550,Shamrock
Cheyenne ( 82007 ) Corner Store # 4550 ( Valero ),307-638-0022 I-80 Exit 362 ( US 85 ),22 S,Cheyenne,82007,Corner Store # 4550 ( Valero ),307-638-0022,2014,Cheyenne,WY,Valero,( US 85 ),I-80 Exit 362 ,Exit,362,False,,False,I-80,,,,,[],[],[],"[402, 442, 851, 892]",[],"[89, 108, 172, 217, 221, 239, 264, 280, 321, 342, 343, 344, 345, 346, 349, 351, 352, 355, 357, 359, 364, 368, 371, 372, 373, 374, 376, 377, 387, 392, 393, 403, 409, 411, 414, 424, 430, 449, 454, 470, 480, 560, 584, 643, 685, 703, 724, 739, 779, 798, 799, 800, 801, 804, 806, 807, 810, 812, 814, 816, 821, 822, 823, 824, 826, 827, 837, 842, 843, 852, 859, 862, 865, 869, 876, 882, 897, 901, 917, 932]","[2, 9, 10, 82, 111, 112, 113, 199, 279, 284, 285, 300, 488, 494, 495, 553, 581, 582, 583, 670, 738, 743, 744, 759, 818]","[2, 9, 10, 82, 111, 112, 113, 196, 199, 279, 284, 285, 300, 397, 488, 494, 495, 553, 581, 582, 583, 667, 670, 738, 743, 744, 759, 818, 847]","[2, 9, 10, 553, 560, 581, 582, 583, 584, 82, 89, 108, 111, 112, 113, 643, 667, 670, 172, 685, 703, 196, 199, 724, 217, 221, 738, 739, 743, 744, 239, 759, 264, 779, 279, 280, 284, 285, 798, 799, 800, 801, 804, 806, 807, 810, 812, 300, 814, 816, 818, 821, 822, 823, 824, 826, 827, 321, 837, 842, 843, 847, 851, 852, 342, 343, 344, 345, 346, 859, 349, 862, 351, 352, 865, 355, 357, 869, 359, 364, 876, 368, 882, 371, 372, 373, 374, 376, 377, 892, 897, 387, 901, 392, 393, 397, 402, 403, 917, 409, 411, 414, 932, 424, 430, 442, 449, 454, 470, 480, 488, 494, 495]",False,[],[],[],"[402, 442, 851, 892]","[89, 108, 172, 217, 221, 239, 264, 280, 321, 342, 343, 344, 345, 346, 349, 351, 352, 355, 357, 359, 364, 368, 371, 372, 373, 374, 376, 377, 387, 392, 393, 403, 409, 411, 414, 424, 430, 449, 454, 470, 480, 560, 584, 643, 685, 703, 724, 739, 779, 798, 799, 800, 801, 804, 806, 807, 810, 812, 814, 816, 821, 822, 823, 824, 826, 827, 837, 842, 843, 852, 859, 862, 865, 869, 876, 882, 897, 901, 917, 932]","[2, 9, 10, 82, 111, 112, 113, 196, 199, 279, 284, 285, 300, 397, 488, 494, 495, 553, 581, 582, 583, 667, 670, 738, 743, 744, 759, 818, 847]","[2, 9, 10, 82, 111, 112, 113, 199, 279, 284, 285, 300, 488, 494, 495, 553, 581, 582, 583, 670, 738, 743, 744, 759, 818]",0/6 successful match,False,,False,5,True,2014,0.4025157232704403,False,Diamond Shamrock # 4550,Shamrock
Cheyenne ( 82007 ) Corner Store # 4550 ( Valero ),307-638-0022 I-80 Exit 362 ( US 85 ),24 SO,Cheyenne,82007,Corner Store # 4550 ( Valero ),307-638-0022,2015,Cheyenne,WY,Valero,( US 85 ),I-80 Exit 362 ,Exit,362,False,,False,I-80,,,,,[],[],[],"[402, 442, 851, 892]",[],"[89, 108, 172, 217, 221, 239, 264, 280, 321, 342, 343, 344, 345, 346, 349, 351, 352, 355, 357, 359, 364, 368, 371, 372, 373, 374, 376, 377, 387, 392, 393, 403, 409, 411, 414, 424, 430, 449, 454, 470, 480, 560, 584, 643, 685, 703, 724, 739, 779, 798, 799, 800, 801, 804, 806, 807, 810, 812, 814, 816, 821, 822, 823, 824, 826, 827, 837, 842, 843, 852, 859, 862, 865, 869, 876, 882, 897, 901, 917, 932]","[2, 9, 10, 82, 111, 112, 113, 199, 279, 284, 285, 300, 488, 494, 495, 553, 581, 582, 583, 670, 738, 743, 744, 759, 818]","[2, 9, 10, 82, 111, 112, 113, 196, 199, 279, 284, 285, 300, 397, 488, 494, 495, 553, 581, 582, 583, 667, 670, 738, 743, 744, 759, 818, 847]","[2, 9, 10, 553, 560, 581, 582, 583, 584, 82, 89, 108, 111, 112, 113, 643, 667, 670, 172, 685, 703, 196, 199, 724, 217, 221, 738, 739, 743, 744, 239, 759, 264, 779, 279, 280, 284, 285, 798, 799, 800, 801, 804, 806, 807, 810, 812, 300, 814, 816, 818, 821, 822, 823, 824, 826, 827, 321, 837, 842, 843, 847, 851, 852, 342, 343, 344, 345, 346, 859, 349, 862, 351, 352, 865, 355, 357, 869, 359, 364, 876, 368, 882, 371, 372, 373, 374, 376, 377, 892, 897, 387, 901, 392, 393, 397, 402, 403, 917, 409, 411, 414, 932, 424, 430, 442, 449, 454, 470, 480, 488, 494, 495]",False,[],[],[],"[402, 442, 851, 892]","[89, 108, 172, 217, 221, 239, 264, 280, 321, 342, 343, 344, 345, 346, 349, 351, 352, 355, 357, 359, 364, 368, 371, 372, 373, 374, 376, 377, 387, 392, 393, 403, 409, 411, 414, 424, 430, 449, 454, 470, 480, 560, 584, 643, 685, 703, 724, 739, 779, 798, 799, 800, 801, 804, 806, 807, 810, 812, 814, 816, 821, 822, 823, 824, 826, 827, 837, 842, 843, 852, 859, 862, 865, 869, 876, 882, 897, 901, 917, 932]","[2, 9, 10, 82, 111, 112, 113, 196, 199, 279, 284, 285, 300, 397, 488, 494, 495, 553, 581, 582, 583, 667, 670, 738, 743, 744, 759, 818, 847]","[2, 9, 10, 82, 111, 112, 113, 199, 279, 284, 285, 300, 488, 494, 495, 553, 581, 582, 583, 670, 738, 743, 744, 759, 818]",0/6 successful match,False,,False,5,False,,1.0,True,Corner Store # 4550 ( Valero ),Valero
Cheyenne ( 82007 ) Corner Store # 4550 ( Valero ),307-638-0022 I-80 Exit 362 ( US 85 ),24 03 SO,Cheyenne,82007,Corner Store # 4550 ( Valero ),307-638-0022,2016,Cheyenne,WY,Valero,( US 85 ),I-80 Exit 362 ,Exit,362,False,,False,I-80,,,,,[],[],[],"[402, 442, 851, 892]",[],"[89, 108, 172, 217, 221, 239, 264, 280, 321, 342, 343, 344, 345, 346, 349, 351, 352, 355, 357, 359, 364, 368, 371, 372, 373, 374, 376, 377, 387, 392, 393, 403, 409, 411, 414, 424, 430, 449, 454, 470, 480, 560, 584, 643, 685, 703, 724, 739, 779, 798, 799, 800, 801, 804, 806, 807, 810, 812, 814, 816, 821, 822, 823, 824, 826, 827, 837, 842, 843, 852, 859, 862, 865, 869, 876, 882, 897, 901, 917, 932]","[2, 9, 10, 82, 111, 112, 113, 199, 279, 284, 285, 300, 488, 494, 495, 553, 581, 582, 583, 670, 738, 743, 744, 759, 818]","[2, 9, 10, 82, 111, 112, 113, 196, 199, 279, 284, 285, 300, 397, 488, 494, 495, 553, 581, 582, 583, 667, 670, 738, 743, 744, 759, 818, 847]","[2, 9, 10, 553, 560, 581, 582, 583, 584, 82, 89, 108, 111, 112, 113, 643, 667, 670, 172, 685, 703, 196, 199, 724, 217, 221, 738, 739, 743, 744, 239, 759, 264, 779, 279, 280, 284, 285, 798, 799, 800, 801, 804, 806, 807, 810, 812, 300, 814, 816, 818, 821, 822, 823, 824, 826, 827, 321, 837, 842, 843, 847, 851, 852, 342, 343, 344, 345, 346, 859, 349, 862, 351, 352, 865, 355, 357, 869, 359, 364, 876, 368, 882, 371, 372, 373, 374, 376, 377, 892, 897, 387, 901, 392, 393, 397, 402, 403, 917, 409, 411, 414, 932, 424, 430, 442, 449, 454, 470, 480, 488, 494, 495]",False,[],[],[],"[402, 442, 851, 892]","[89, 108, 172, 217, 221, 239, 264, 280, 321, 342, 343, 344, 345, 346, 349, 351, 352, 355, 357, 359, 364, 368, 371, 372, 373, 374, 376, 377, 387, 392, 393, 403, 409, 411, 414, 424, 430, 449, 454, 470, 480, 560, 584, 643, 685, 703, 724, 739, 779, 798, 799, 800, 801, 804, 806, 807, 810, 812, 814, 816, 821, 822, 823, 824, 826, 827, 837, 842, 843, 852, 859, 862, 865, 869, 876, 882, 897, 901, 917, 932]","[2, 9, 10, 82, 111, 112, 113, 196, 199, 279, 284, 285, 300, 397, 488, 494, 495, 553, 581, 582, 583, 667, 670, 738, 743, 744, 759, 818, 847]","[2, 9, 10, 82, 111, 112, 113, 199, 279, 284, 285, 300, 488, 494, 495, 553, 581, 582, 583, 670, 738, 743, 744, 759, 818]",0/6 successful match,False,,False,5,False,,1.0,True,Corner Store # 4550 ( Valero ),Valero
"Cheyenne , 82009 Sapp Bros. - Cheyenne ( Texaco )",307-632-6600 I-80 Exit 370,24 XL 49 =,Cheyenne,82009,Sapp Bros. - Cheyenne ( Texaco ),307-632-6600,2006,Cheyenne,WY,Texaco,,I-80 Exit 370,Exit,370,False,,False,I-80,,,,,[],[],[],[],[],"[89, 108, 172, 217, 221, 239, 264, 280, 321, 342, 343, 344, 345, 346, 349, 351, 352, 355, 357, 359, 364, 368, 371, 372, 373, 374, 376, 377, 387, 392, 393, 403, 409, 411, 414, 424, 430, 449, 454, 470, 480, 560, 584, 643, 685, 703, 724, 739, 779, 798, 799, 800, 801, 804, 806, 807, 810, 812, 814, 816, 821, 822, 823, 824, 826, 827, 837, 842, 843, 852, 859, 862, 865, 869, 876, 882, 897, 901, 917, 932]","[26, 390, 474, 486, 509, 840, 922, 926]","[26, 390, 468, 474, 486, 509, 840, 915, 922, 926]","[26, 560, 584, 89, 108, 643, 172, 685, 703, 724, 217, 221, 739, 239, 264, 779, 280, 798, 799, 800, 801, 804, 806, 807, 810, 812, 814, 816, 821, 822, 823, 824, 826, 827, 321, 837, 840, 842, 843, 852, 342, 343, 344, 345, 346, 859, 349, 862, 351, 352, 865, 355, 357, 869, 359, 364, 876, 368, 882, 371, 372, 373, 374, 376, 377, 897, 387, 901, 390, 392, 393, 403, 915, 917, 409, 922, 411, 414, 926, 932, 424, 430, 449, 454, 468, 470, 474, 480, 486, 509]",False,[],[],[],[],"[89, 108, 172, 217, 221, 239, 264, 280, 321, 342, 343, 344, 345, 346, 349, 351, 352, 355, 357, 359, 364, 368, 371, 372, 373, 374, 376, 377, 387, 392, 393, 403, 409, 411, 414, 424, 430, 449, 454, 470, 480, 560, 584, 643, 685, 703, 724, 739, 779, 798, 799, 800, 801, 804, 806, 807, 810, 812, 814, 816, 821, 822, 823, 824, 826, 827, 837, 842, 843, 852, 859, 862, 865, 869, 876, 882, 897, 901, 917, 932]","[26, 390, 468, 474, 486, 509, 840, 915, 922, 926]","[26, 390, 474, 486, 509, 840, 922, 926]",0/6 successful match,False,,False,6,False,,,,,
"Cheyenne , 82009 Sapp Bros. Cheyenne ( Spirit )",307-632-6600 I-80 Exit 370,24 HRS L 2400,Cheyenne,82009,Sapp Bros. Cheyenne ( Spirit ),307-632-6600,2007,Cheyenne,WY,,,I-80 Exit 370,Exit,370,False,,False,I-80,,,,,[],[],[],[],[],"[89, 108, 172, 217, 221, 239, 264, 280, 321, 342, 343, 344, 345, 346, 349, 351, 352, 355, 357, 359, 364, 368, 371, 372, 373, 374, 376, 377, 387, 392, 393, 403, 409, 411, 414, 424, 430, 449, 454, 470, 480, 560, 584, 643, 685, 703, 724, 739, 779, 798, 799, 800, 801, 804, 806, 807, 810, 812, 814, 816, 821, 822, 823, 824, 826, 827, 837, 842, 843, 852, 859, 862, 865, 869, 876, 882, 897, 901, 917, 932]",[],"[468, 915]","[560, 584, 89, 108, 643, 172, 685, 703, 724, 217, 221, 739, 239, 264, 779, 280, 798, 799, 800, 801, 804, 806, 807, 810, 812, 814, 816, 821, 822, 823, 824, 826, 827, 321, 837, 842, 843, 852, 342, 343, 344, 345, 346, 859, 349, 862, 351, 352, 865, 355, 357, 869, 359, 364, 876, 368, 882, 371, 372, 373, 374, 376, 377, 897, 387, 901, 392, 393, 403, 915, 917, 409, 411, 414, 932, 424, 430, 449, 454, 468, 470, 480]",False,[],[],[],[],"[89, 108, 172, 217, 221, 239, 264, 280, 321, 342, 343, 344, 345, 346, 349, 351, 352, 355, 357, 359, 364, 368, 371, 372, 373, 374, 376, 377, 387, 392, 393, 403, 409, 411, 414, 424, 430, 449, 454, 470, 480, 560, 584, 643, 685, 703, 724, 739, 779, 798, 799, 800, 801, 804, 806, 807, 810, 812, 814, 816, 821, 822, 823, 824, 826, 827, 837, 842, 843, 852, 859, 862, 865, 869, 876, 882, 897, 901, 917, 932]","[468, 915]",[],0/6 successful match,False,,False,6,False,,1.0,True,Sapp Bros. - Cheyenne ( Texaco ),Texaco
"Cheyenne , 82009 Sapp Bros. - Cheyenne",307-632-6600 I-80 Exit 370 ( Spirit ),24 XL 24,Cheyenne,82009,Sapp Bros. - Cheyenne,307-632-6600,2008,Cheyenne,WY,,( Spirit ),I-80 Exit 370 ,Exit,370,False,,False,I-80,,,,,[],[],[],[],[],"[89, 108, 172, 217, 221, 239, 264, 280, 321, 342, 343, 344, 345, 346, 349, 351, 352, 355, 357, 359, 364, 368, 371, 372, 373, 374, 376, 377, 387, 392, 393, 403, 409, 411, 414, 424, 430, 449, 454, 470, 480, 560, 584, 643, 685, 703, 724, 739, 779, 798, 799, 800, 801, 804, 806, 807, 810, 812, 814, 816, 821, 822, 823, 824, 826, 827, 837, 842, 843, 852, 859, 862, 865, 869, 876, 882, 897, 901, 917, 932]",[],"[468, 915]","[560, 584, 89, 108, 643, 172, 685, 703, 724, 217, 221, 739, 239, 264, 779, 280, 798, 799, 800, 801, 804, 806, 807, 810, 812, 814, 816, 821, 822, 823, 824, 826, 827, 321, 837, 842, 843, 852, 342, 343, 344, 345, 346, 859, 349, 862, 351, 352, 865, 355, 357, 869, 359, 364, 876, 368, 882, 371, 372, 373, 374, 376, 377, 897, 387, 901, 392, 393, 403, 915, 917, 409, 411, 414, 932, 424, 430, 449, 454, 468, 470, 480]",False,[],[],[],[],"[89, 108, 172, 217, 221, 239, 264, 280, 321, 342, 343, 344, 345, 346, 349, 351, 352, 355, 357, 359, 364, 368, 371, 372, 373, 374, 376, 377, 387, 392, 393, 403, 409, 411, 414, 424, 430, 449, 454, 470, 480, 560, 584, 643, 685, 703, 724, 739, 779, 798, 799, 800, 801, 804, 806, 807, 810, 812, 814, 816, 821, 822, 823, 824, 826, 827, 837, 842, 843, 852, 859, 862, 865, 869, 876, 882, 897, 901, 917, 932]","[468, 915]",[],0/6 successful match,False,,False,6,False,,1.0,True,Sapp Bros. Cheyenne ( Spirit ),
Cheyenne ( 82009 ) Sapp Bros.- Cheyenne,307-632-6600 I-80 Exit 370,24 <U+2610> XL,Cheyenne,82009,Sapp Bros.- Cheyenne,307-632-6600,2014,Cheyenne,WY,,,I-80 Exit 370,Exit,370,False,,False,I-80,,,,,[],[],[],[],[],"[89, 108, 172, 217, 221, 239, 264, 280, 321, 342, 343, 344, 345, 346, 349, 351, 352, 355, 357, 359, 364, 368, 371, 372, 373, 374, 376, 377, 387, 392, 393, 403, 409, 411, 414, 424, 430, 449, 454, 470, 480, 560, 584, 643, 685, 703, 724, 739, 779, 798, 799, 800, 801, 804, 806, 807, 810, 812, 814, 816, 821, 822, 823, 824, 826, 827, 837, 842, 843, 852, 859, 862, 865, 869, 876, 882, 897, 901, 917, 932]",[],"[468, 915]","[560, 584, 89, 108, 643, 172, 685, 703, 724, 217, 221, 739, 239, 264, 779, 280, 798, 799, 800, 801, 804, 806, 807, 810, 812, 814, 816, 821, 822, 823, 824, 826, 827, 321, 837, 842, 843, 852, 342, 343, 344, 345, 346, 859, 349, 862, 351, 352, 865, 355, 357, 869, 359, 364, 876, 368, 882, 371, 372, 373, 374, 376, 377, 897, 387, 901, 392, 393, 403, 915, 917, 409, 411, 414, 932, 424, 430, 449, 454, 468, 470, 480]",False,[],[],[],[],"[89, 108, 172, 217, 221, 239, 264, 280, 321, 342, 343, 344, 345, 346, 349, 351, 352, 355, 357, 359, 364, 368, 371, 372, 373, 374, 376, 377, 387, 392, 393, 403, 409, 411, 414, 424, 430, 449, 454, 470, 480, 560, 584, 643, 685, 703, 724, 739, 779, 798, 799, 800, 801, 804, 806, 807, 810, 812, 814, 816, 821, 822, 823, 824, 826, 827, 837, 842, 843, 852, 859, 862, 865, 869, 876, 882, 897, 901, 917, 932]","[468, 915]",[],0/6 successful match,False,,False,6,False,,1.0,True,Sapp Bros. - Cheyenne,
Cheyenne ( 82009 ) Sapp Bros. - Cheyenne,9 307-632-6600 I-80 Exit 370,24 R XL,Cheyenne,82009,Sapp Bros. - Cheyenne,307-632-6600,2015,Cheyenne,WY,,,I-80 Exit 370,Exit,370,False,,False,I-80,,,,,[],[],[],[],[],"[89, 108, 172, 217, 221, 239, 264, 280, 321, 342, 343, 344, 345, 346, 349, 351, 352, 355, 357, 359, 364, 368, 371, 372, 373, 374, 376, 377, 387, 392, 393, 403, 409, 411, 414, 424, 430, 449, 454, 470, 480, 560, 584, 643, 685, 703, 724, 739, 779, 798, 799, 800, 801, 804, 806, 807, 810, 812, 814, 816, 821, 822, 823, 824, 826, 827, 837, 842, 843, 852, 859, 862, 865, 869, 876, 882, 897, 901, 917, 932]",[],"[468, 915]","[560, 584, 89, 108, 643, 172, 685, 703, 724, 217, 221, 739, 239, 264, 779, 280, 798, 799, 800, 801, 804, 806, 807, 810, 812, 814, 816, 821, 822, 823, 824, 826, 827, 321, 837, 842, 843, 852, 342, 343, 344, 345, 346, 859, 349, 862, 351, 352, 865, 355, 357, 869, 359, 364, 876, 368, 882, 371, 372, 373, 374, 376, 377, 897, 387, 901, 392, 393, 403, 915, 917, 409, 411, 414, 932, 424, 430, 449, 454, 468, 470, 480]",False,[],[],[],[],"[89, 108, 172, 217, 221, 239, 264, 280, 321, 342, 343, 344, 345, 346, 349, 351, 352, 355, 357, 359, 364, 368, 371, 372, 373, 374, 376, 377, 387, 392, 393, 403, 409, 411, 414, 424, 430, 449, 454, 470, 480, 560, 584, 643, 685, 703, 724, 739, 779, 798, 799, 800, 801, 804, 806, 807, 810, 812, 814, 816, 821, 822, 823, 824, 826, 827, 837, 842, 843, 852, 859, 862, 865, 869, 876, 882, 897, 901, 917, 932]","[468, 915]",[],0/6 successful match,False,,False,6,False,,1.0,True,Sapp Bros.- Cheyenne,
Cheyenne ( 82009 ) Sapp Bros. - Cheyenne ( Sinclair ),307-632-6600 I-80 Exit 370,24 XL <U+2610>,Cheyenne,82009,Sapp Bros. - Cheyenne ( Sinclair ),307-632-6600,2016,Cheyenne,WY,Sinclair,,I-80 Exit 370,Exit,370,False,,False,I-80,,,,,[],[],[],[],[],"[89, 108, 172, 217, 221, 239, 264, 280, 321, 342, 343, 344, 345, 346, 349, 351, 352, 355, 357, 359, 364, 368, 371, 372, 373, 374, 376, 377, 387, 392, 393, 403, 409, 411, 414, 424, 430, 449, 454, 470, 480, 560, 584, 643, 685, 703, 724, 739, 779, 798, 799, 800, 801, 804, 806, 807, 810, 812, 814, 816, 821, 822, 823, 824, 826, 827, 837, 842, 843, 852, 859, 862, 865, 869, 876, 882, 897, 901, 917, 932]","[31, 142, 147, 180, 338, 352, 367, 387, 403, 405, 408, 410, 455, 465, 466, 468, 470, 472, 473, 483, 484, 514, 613, 618, 651, 794, 807, 837, 852, 854, 858, 861, 902, 912, 913, 915, 917, 919, 920, 931, 934, 935]","[31, 142, 147, 180, 338, 352, 367, 387, 403, 405, 408, 410, 455, 465, 466, 468, 470, 472, 473, 483, 484, 514, 613, 618, 651, 794, 807, 837, 852, 854, 858, 861, 902, 912, 913, 915, 917, 919, 920, 931, 934, 935]","[514, 31, 560, 584, 89, 613, 618, 108, 643, 651, 142, 147, 172, 685, 180, 703, 724, 217, 221, 739, 239, 264, 779, 280, 794, 798, 799, 800, 801, 804, 806, 807, 810, 812, 814, 816, 821, 822, 823, 824, 826, 827, 321, 837, 842, 843, 338, 852, 342, 343, 344, 345, 346, 859, 854, 349, 862, 351, 352, 865, 858, 355, 861, 357, 869, 359, 364, 876, 367, 368, 882, 371, 372, 373, 374, 376, 377, 897, 387, 901, 902, 392, 393, 912, 913, 403, 915, 917, 405, 919, 408, 409, 410, 411, 920, 414, 931, 932, 934, 935, 424, 430, 449, 454, 455, 465, 466, 468, 470, 472, 473, 480, 483, 484]",False,[],[],[],[],"[89, 108, 172, 217, 221, 239, 264, 280, 321, 342, 343, 344, 345, 346, 349, 351, 352, 355, 357, 359, 364, 368, 371, 372, 373, 374, 376, 377, 387, 392, 393, 403, 409, 411, 414, 424, 430, 449, 454, 470, 480, 560, 584, 643, 685, 703, 724, 739, 779, 798, 799, 800, 801, 804, 806, 807, 810, 812, 814, 816, 821, 822, 823, 824, 826, 827, 837, 842, 843, 852, 859, 862, 865, 869, 876, 882, 897, 901, 917, 932]","[31, 142, 147, 180, 338, 352, 367, 387, 403, 405, 408, 410, 455, 465, 466, 468, 470, 472, 473, 483, 484, 514, 613, 618, 651, 794, 807, 837, 852, 854, 858, 861, 902, 912, 913, 915, 917, 919, 920, 931, 934, 935]","[31, 142, 147, 180, 338, 352, 367, 387, 403, 405, 408, 410, 455, 465, 466, 468, 470, 472, 473, 483, 484, 514, 613, 618, 651, 794, 807, 837, 852, 854, 858, 861, 902, 912, 913, 915, 917, 919, 920, 931, 934, 935]",0/6 successful match,False,,False,6,False,,1.0,True,Sapp Bros. - Cheyenne,
"Burns , 82053 Antelope Truck Stop",9 307-547-3355 I-80 Exit 386 ( US 30 ),M,Burns,82053,Antelope Truck Stop,307-547-3355,2006,Burns,WY,,( US 30 ),I-80 Exit 386 ,Exit,386,False,,False,I-80,,,,,[],[],[],"[474, 922]",[],"[89, 108, 172, 217, 221, 239, 264, 280, 321, 342, 343, 344, 345, 346, 349, 351, 352, 355, 357, 359, 364, 368, 371, 372, 373, 374, 376, 377, 387, 392, 393, 403, 409, 411, 414, 424, 430, 449, 454, 470, 480, 560, 584, 643, 685, 703, 724, 739, 779, 798, 799, 800, 801, 804, 806, 807, 810, 812, 814, 816, 821, 822, 823, 824, 826, 827, 837, 842, 843, 852, 859, 862, 865, 869, 876, 882, 897, 901, 917, 932]",[],[],"[560, 584, 89, 108, 643, 172, 685, 703, 724, 217, 221, 739, 239, 264, 779, 280, 798, 799, 800, 801, 804, 806, 807, 810, 812, 814, 816, 821, 822, 823, 824, 826, 827, 321, 837, 842, 843, 852, 342, 343, 344, 345, 346, 859, 349, 862, 351, 352, 865, 355, 357, 869, 359, 364, 876, 368, 882, 371, 372, 373, 374, 376, 377, 897, 387, 901, 392, 393, 403, 917, 409, 922, 411, 414, 932, 424, 430, 449, 454, 470, 474, 480]",False,[],[],[],"[474, 922]","[89, 108, 172, 217, 221, 239, 264, 280, 321, 342, 343, 344, 345, 346, 349, 351, 352, 355, 357, 359, 364, 368, 371, 372, 373, 374, 376, 377, 387, 392, 393, 403, 409, 411, 414, 424, 430, 449, 454, 470, 480, 560, 584, 643, 685, 703, 724, 739, 779, 798, 799, 800, 801, 804, 806, 807, 810, 812, 814, 816, 821, 822, 823, 824, 826, 827, 837, 842, 843, 852, 859, 862, 865, 869, 876, 882, 897, 901, 917, 932]",[],[],0/6 successful match,False,,False,7,False,,,,,
"Burns , 82053 End of the Trail",307-547-3355 I-80 Exit 386 ( US 30 ),24 LOO,Burns,82053,End of the Trail,307-547-3355,2007,Burns,WY,,( US 30 ),I-80 Exit 386 ,Exit,386,False,,False,I-80,,,,,[],[],[],"[474, 922]",[],"[89, 108, 172, 217, 221, 239, 264, 280, 321, 342, 343, 344, 345, 346, 349, 351, 352, 355, 357, 359, 364, 368, 371, 372, 373, 374, 376, 377, 387, 392, 393, 403, 409, 411, 414, 424, 430, 449, 454, 470, 480, 560, 584, 643, 685, 703, 724, 739, 779, 798, 799, 800, 801, 804, 806, 807, 810, 812, 814, 816, 821, 822, 823, 824, 826, 827, 837, 842, 843, 852, 859, 862, 865, 869, 876, 882, 897, 901, 917, 932]",[],[],"[560, 584, 89, 108, 643, 172, 685, 703, 724, 217, 221, 739, 239, 264, 779, 280, 798, 799, 800, 801, 804, 806, 807, 810, 812, 814, 816, 821, 822, 823, 824, 826, 827, 321, 837, 842, 843, 852, 342, 343, 344, 345, 346, 859, 349, 862, 351, 352, 865, 355, 357, 869, 359, 364, 876, 368, 882, 371, 372, 373, 374, 376, 377, 897, 387, 901, 392, 393, 403, 917, 409, 922, 411, 414, 932, 424, 430, 449, 454, 470, 474, 480]",False,[],[],[],"[474, 922]","[89, 108, 172, 217, 221, 239, 264, 280, 321, 342, 343, 344, 345, 346, 349, 351, 352, 355, 357, 359, 364, 368, 371, 372, 373, 374, 376, 377, 387, 392, 393, 403, 409, 411, 414, 424, 430, 449, 454, 470, 480, 560, 584, 643, 685, 703, 724, 739, 779, 798, 799, 800, 801, 804, 806, 807, 810, 812, 814, 816, 821, 822, 823, 824, 826, 827, 837, 842, 843, 852, 859, 862, 865, 869, 876, 882, 897, 901, 917, 932]",[],[],0/6 successful match,False,,False,7,True,2007,0.17142857142857143,True,Antelope Truck Stop,
"Burns , 82053 Antelope Truck Stop",9 307-547-3355 I-80 Exit 386 ( US 30 ),M DO,Burns,82053,Antelope Truck Stop,307-547-3355,2008,Burns,WY,,( US 30 ),I-80 Exit 386 ,Exit,386,False,,False,I-80,,,,,[],[],[],"[474, 922]",[],"[89, 108, 172, 217, 221, 239, 264, 280, 321, 342, 343, 344, 345, 346, 349, 351, 352, 355, 357, 359, 364, 368, 371, 372, 373, 374, 376, 377, 387, 392, 393, 403, 409, 411, 414, 424, 430, 449, 454, 470, 480, 560, 584, 643, 685, 703, 724, 739, 779, 798, 799, 800, 801, 804, 806, 807, 810, 812, 814, 816, 821, 822, 823, 824, 826, 827, 837, 842, 843, 852, 859, 862, 865, 869, 876, 882, 897, 901, 917, 932]",[],[],"[560, 584, 89, 108, 643, 172, 685, 703, 724, 217, 221, 739, 239, 264, 779, 280, 798, 799, 800, 801, 804, 806, 807, 810, 812, 814, 816, 821, 822, 823, 824, 826, 827, 321, 837, 842, 843, 852, 342, 343, 344, 345, 346, 859, 349, 862, 351, 352, 865, 355, 357, 869, 359, 364, 876, 368, 882, 371, 372, 373, 374, 376, 377, 897, 387, 901, 392, 393, 403, 917, 409, 922, 411, 414, 932, 424, 430, 449, 454, 470, 474, 480]",False,[],[],[],"[474, 922]","[89, 108, 172, 217, 221, 239, 264, 280, 321, 342, 343, 344, 345, 346, 349, 351, 352, 355, 357, 359, 364, 368, 371, 372, 373, 374, 376, 377, 387, 392, 393, 403, 409, 411, 414, 424, 430, 449, 454, 470, 480, 560, 584, 643, 685, 703, 724, 739, 779, 798, 799, 800, 801, 804, 806, 807, 810, 812, 814, 816, 821, 822, 823, 824, 826, 827, 837, 842, 843, 852, 859, 862, 865, 869, 876, 882, 897, 901, 917, 932]",[],[],0/6 successful match,False,,False,7,True,2008,0.17142857142857143,True,End of the Trail,
G Burns ( 82053 ) Antelope Truck Stop,307-547-3355 I-80 Exit 386 ( US 30 ),M,Burns,82053,Antelope Truck Stop,307-547-3355,2014,Burns,WY,,( US 30 ),I-80 Exit 386 ,Exit,386,False,,False,I-80,,,,,[],[],[],"[474, 922]",[],"[89, 108, 172, 217, 221, 239, 264, 280, 321, 342, 343, 344, 345, 346, 349, 351, 352, 355, 357, 359, 364, 368, 371, 372, 373, 374, 376, 377, 387, 392, 393, 403, 409, 411, 414, 424, 430, 449, 454, 470, 480, 560, 584, 643, 685, 703, 724, 739, 779, 798, 799, 800, 801, 804, 806, 807, 810, 812, 814, 816, 821, 822, 823, 824, 826, 827, 837, 842, 843, 852, 859, 862, 865, 869, 876, 882, 897, 901, 917, 932]",[],[],"[560, 584, 89, 108, 643, 172, 685, 703, 724, 217, 221, 739, 239, 264, 779, 280, 798, 799, 800, 801, 804, 806, 807, 810, 812, 814, 816, 821, 822, 823, 824, 826, 827, 321, 837, 842, 843, 852, 342, 343, 344, 345, 346, 859, 349, 862, 351, 352, 865, 355, 357, 869, 359, 364, 876, 368, 882, 371, 372, 373, 374, 376, 377, 897, 387, 901, 392, 393, 403, 917, 409, 922, 411, 414, 932, 424, 430, 449, 454, 470, 474, 480]",False,[],[],[],"[474, 922]","[89, 108, 172, 217, 221, 239, 264, 280, 321, 342, 343, 344, 345, 346, 349, 351, 352, 355, 357, 359, 364, 368, 371, 372, 373, 374, 376, 377, 387, 392, 393, 403, 409, 411, 414, 424, 430, 449, 454, 470, 480, 560, 584, 643, 685, 703, 724, 739, 779, 798, 799, 800, 801, 804, 806, 807, 810, 812, 814, 816, 821, 822, 823, 824, 826, 827, 837, 842, 843, 852, 859, 862, 865, 869, 876, 882, 897, 901, 917, 932]",[],[],0/6 successful match,False,,False,7,False,,0.8999999999999999,True,Antelope Truck Stop,
Burns ( 82053 ) Antelope Truck Stop,307-547-3355 I-80 Exit 386 ( US 30 ),<U+2610> MOO,Burns,82053,Antelope Truck Stop,307-547-3355,2015,Burns,WY,,( US 30 ),I-80 Exit 386 ,Exit,386,False,,False,I-80,,,,,[],[],[],"[474, 922]",[],"[89, 108, 172, 217, 221, 239, 264, 280, 321, 342, 343, 344, 345, 346, 349, 351, 352, 355, 357, 359, 364, 368, 371, 372, 373, 374, 376, 377, 387, 392, 393, 403, 409, 411, 414, 424, 430, 449, 454, 470, 480, 560, 584, 643, 685, 703, 724, 739, 779, 798, 799, 800, 801, 804, 806, 807, 810, 812, 814, 816, 821, 822, 823, 824, 826, 827, 837, 842, 843, 852, 859, 862, 865, 869, 876, 882, 897, 901, 917, 932]",[],[],"[560, 584, 89, 108, 643, 172, 685, 703, 724, 217, 221, 739, 239, 264, 779, 280, 798, 799, 800, 801, 804, 806, 807, 810, 812, 814, 816, 821, 822, 823, 824, 826, 827, 321, 837, 842, 843, 852, 342, 343, 344, 345, 346, 859, 349, 862, 351, 352, 865, 355, 357, 869, 359, 364, 876, 368, 882, 371, 372, 373, 374, 376, 377, 897, 387, 901, 392, 393, 403, 917, 409, 922, 411, 414, 932, 424, 430, 449, 454, 470, 474, 480]",False,[],[],[],"[474, 922]","[89, 108, 172, 217, 221, 239, 264, 280, 321, 342, 343, 344, 345, 346, 349, 351, 352, 355, 357, 359, 364, 368, 371, 372, 373, 374, 376, 377, 387, 392, 393, 403, 409, 411, 414, 424, 430, 449, 454, 470, 480, 560, 584, 643, 685, 703, 724, 739, 779, 798, 799, 800, 801, 804, 806, 807, 810, 812, 814, 816, 821, 822, 823, 824, 826, 827, 837, 842, 843, 852, 859, 862, 865, 869, 876, 882, 897, 901, 917, 932]",[],[],0/6 successful match,False,,False,7,False,,0.8999999999999999,True,Antelope Truck Stop,
Burns ( 82053 ) Antelope Truck Stop,307-547-3355 I-80 Exit 386 ( US 30 ),<U+2610> M <U+25A1>,Burns,82053,Antelope Truck Stop,307-547-3355,2016,Burns,WY,,( US 30 ),I-80 Exit 386 ,Exit,386,False,,False,I-80,,,,,[],[],[],"[474, 922]",[],"[89, 108, 172, 217, 221, 239, 264, 280, 321, 342, 343, 344, 345, 346, 349, 351, 352, 355, 357, 359, 364, 368, 371, 372, 373, 374, 376, 377, 387, 392, 393, 403, 409, 411, 414, 424, 430, 449, 454, 470, 480, 560, 584, 643, 685, 703, 724, 739, 779, 798, 799, 800, 801, 804, 806, 807, 810, 812, 814, 816, 821, 822, 823, 824, 826, 827, 837, 842, 843, 852, 859, 862, 865, 869, 876, 882, 897, 901, 917, 932]",[],[],"[560, 584, 89, 108, 643, 172, 685, 703, 724, 217, 221, 739, 239, 264, 779, 280, 798, 799, 800, 801, 804, 806, 807, 810, 812, 814, 816, 821, 822, 823, 824, 826, 827, 321, 837, 842, 843, 852, 342, 343, 344, 345, 346, 859, 349, 862, 351, 352, 865, 355, 357, 869, 359, 364, 876, 368, 882, 371, 372, 373, 374, 376, 377, 897, 387, 901, 392, 393, 403, 917, 409, 922, 411, 414, 932, 424, 430, 449, 454, 470, 474, 480]",False,[],[],[],"[474, 922]","[89, 108, 172, 217, 221, 239, 264, 280, 321, 342, 343, 344, 345, 346, 349, 351, 352, 355, 357, 359, 364, 368, 371, 372, 373, 374, 376, 377, 387, 392, 393, 403, 409, 411, 414, 424, 430, 449, 454, 470, 480, 560, 584, 643, 685, 703, 724, 739, 779, 798, 799, 800, 801, 804, 806, 807, 810, 812, 814, 816, 821, 822, 823, 824, 826, 827, 837, 842, 843, 852, 859, 862, 865, 869, 876, 882, 897, 901, 917, 932]",[],[],0/6 successful match,False,,False,7,False,,0.8999999999999999,True,Antelope Truck Stop,
"Hillsdale , 82060",307-547-3557 TravelCenters I-80 Exit 377 ( Hillsdale of America Rd / Cheyenne ),A HRS XL,Hillsdale,82060,,307-547-3557,2006,Hillsdale,WY,,( Hillsdale of America Rd / Cheyenne ),TravelCenters I-80 Exit 377 ,Exit,377,False,,False,I-80,,,,,[],[],[],[],[],"[89, 108, 172, 217, 221, 239, 264, 280, 321, 342, 343, 344, 345, 346, 349, 351, 352, 355, 357, 359, 364, 368, 371, 372, 373, 374, 376, 377, 387, 392, 393, 403, 409, 411, 414, 424, 430, 449, 454, 470, 480, 560, 584, 643, 685, 703, 724, 739, 779, 798, 799, 800, 801, 804, 806, 807, 810, 812, 814, 816, 821, 822, 823, 824, 826, 827, 837, 842, 843, 852, 859, 862, 865, 869, 876, 882, 897, 901, 917, 932]",[],[],"[560, 584, 89, 108, 643, 172, 685, 703, 724, 217, 221, 739, 239, 264, 779, 280, 798, 799, 800, 801, 804, 806, 807, 810, 812, 814, 816, 821, 822, 823, 824, 826, 827, 321, 837, 842, 843, 852, 342, 343, 344, 345, 346, 859, 349, 862, 351, 352, 865, 355, 357, 869, 359, 364, 876, 368, 882, 371, 372, 373, 374, 376, 377, 897, 387, 901, 392, 393, 403, 917, 409, 411, 414, 932, 424, 430, 449, 454, 470, 480]",False,[],[],[],[],"[89, 108, 172, 217, 221, 239, 264, 280, 321, 342, 343, 344, 345, 346, 349, 351, 352, 355, 357, 359, 364, 368, 371, 372, 373, 374, 376, 377, 387, 392, 393, 403, 409, 411, 414, 424, 430, 449, 454, 470, 480, 560, 584, 643, 685, 703, 724, 739, 779, 798, 799, 800, 801, 804, 806, 807, 810, 812, 814, 816, 821, 822, 823, 824, 826, 827, 837, 842, 843, 852, 859, 862, 865, 869, 876, 882, 897, 901, 917, 932]",[],[],0/6 successful match,False,,False,8,False,,,,,
"Hillsdale , 82060 TravelCenters of America / Cheyenne",307-547-3557 I-80 Exit 377 ( Hillsdale Rd ) A,465 <U+2610> MODO,Hillsdale,82060,TravelCenters of America / Cheyenne,307-547-3557,2007,Hillsdale,WY,TravelCenters,( Hillsdale Rd ) A,I-80 Exit 377 ,Exit,377,False,,False,I-80,,,,,[],[],[],[],[],"[89, 108, 172, 217, 221, 239, 264, 280, 321, 342, 343, 344, 345, 346, 349, 351, 352, 355, 357, 359, 364, 368, 371, 372, 373, 374, 376, 377, 387, 392, 393, 403, 409, 411, 414, 424, 430, 449, 454, 470, 480, 560, 584, 643, 685, 703, 724, 739, 779, 798, 799, 800, 801, 804, 806, 807, 810, 812, 814, 816, 821, 822, 823, 824, 826, 827, 837, 842, 843, 852, 859, 862, 865, 869, 876, 882, 897, 901, 917, 932]","[98, 476, 481, 569, 924, 925]",[],"[560, 569, 584, 89, 98, 108, 643, 172, 685, 703, 724, 217, 221, 739, 239, 264, 779, 280, 798, 799, 800, 801, 804, 806, 807, 810, 812, 814, 816, 821, 822, 823, 824, 826, 827, 321, 837, 842, 843, 852, 342, 343, 344, 345, 346, 859, 349, 862, 351, 352, 865, 355, 357, 869, 359, 364, 876, 368, 882, 371, 372, 373, 374, 376, 377, 897, 387, 901, 392, 393, 403, 917, 409, 411, 924, 925, 414, 932, 424, 430, 449, 454, 470, 476, 480, 481]",False,[],[],[],[],"[89, 108, 172, 217, 221, 239, 264, 280, 321, 342, 343, 344, 345, 346, 349, 351, 352, 355, 357, 359, 364, 368, 371, 372, 373, 374, 376, 377, 387, 392, 393, 403, 409, 411, 414, 424, 430, 449, 454, 470, 480, 560, 584, 643, 685, 703, 724, 739, 779, 798, 799, 800, 801, 804, 806, 807, 810, 812, 814, 816, 821, 822, 823, 824, 826, 827, 837, 842, 843, 852, 859, 862, 865, 869, 876, 882, 897, 901, 917, 932]",[],"[98, 476, 481, 569, 924, 925]",0/6 successful match,False,,False,8,True,2007,0.0,True,,
"Hillsdale , 82060 TA- Cheyenne ( BP )",307-547-3557 I-80 Exit 377 ( Hillsdale Rd ) TA,HS 24 24,Hillsdale,82060,TA- Cheyenne ( BP ),307-547-3557,2008,Hillsdale,WY,BP,( Hillsdale Rd ) TA,I-80 Exit 377 ,Exit,377,False,,False,I-80,,,,,[],[],[],[],[],"[89, 108, 172, 217, 221, 239, 264, 280, 321, 342, 343, 344, 345, 346, 349, 351, 352, 355, 357, 359, 364, 368, 371, 372, 373, 374, 376, 377, 387, 392, 393, 403, 409, 411, 414, 424, 430, 449, 454, 470, 480, 560, 584, 643, 685, 703, 724, 739, 779, 798, 799, 800, 801, 804, 806, 807, 810, 812, 814, 816, 821, 822, 823, 824, 826, 827, 837, 842, 843, 852, 859, 862, 865, 869, 876, 882, 897, 901, 917, 932]",[],"[301, 476, 924, 925]","[560, 584, 89, 108, 643, 172, 685, 703, 724, 217, 221, 739, 239, 264, 779, 280, 798, 799, 800, 801, 804, 806, 807, 810, 812, 301, 814, 816, 821, 822, 823, 824, 826, 827, 321, 837, 842, 843, 852, 342, 343, 344, 345, 346, 859, 349, 862, 351, 352, 865, 355, 357, 869, 359, 364, 876, 368, 882, 371, 372, 373, 374, 376, 377, 897, 387, 901, 392, 393, 403, 917, 409, 411, 924, 925, 414, 932, 424, 430, 449, 454, 470, 476, 480]",False,[],[],[],[],"[89, 108, 172, 217, 221, 239, 264, 280, 321, 342, 343, 344, 345, 346, 349, 351, 352, 355, 357, 359, 364, 368, 371, 372, 373, 374, 376, 377, 387, 392, 393, 403, 409, 411, 414, 424, 430, 449, 454, 470, 480, 560, 584, 643, 685, 703, 724, 739, 779, 798, 799, 800, 801, 804, 806, 807, 810, 812, 814, 816, 821, 822, 823, 824, 826, 827, 837, 842, 843, 852, 859, 862, 865, 869, 876, 882, 897, 901, 917, 932]","[301, 476, 924, 925]",[],0/6 successful match,False,,False,8,True,2008,0.45555555555555555,False,TravelCenters of America / Cheyenne,TravelCenters
Hillsdale ( 82060 ) TA Cheyenne # 187 ( Exxon ),307-547-3557 I-80 Exit 377 ( Hillsdale Rd ),ZA 24 LO 24,Hillsdale,82060,TA Cheyenne # 187 ( Exxon ),307-547-3557,2014,Hillsdale,WY,Exxon,( Hillsdale Rd ),I-80 Exit 377 ,Exit,377,False,,False,I-80,,,,,[],[],[],[],[],"[89, 108, 172, 217, 221, 239, 264, 280, 321, 342, 343, 344, 345, 346, 349, 351, 352, 355, 357, 359, 364, 368, 371, 372, 373, 374, 376, 377, 387, 392, 393, 403, 409, 411, 414, 424, 430, 449, 454, 470, 480, 560, 584, 643, 685, 703, 724, 739, 779, 798, 799, 800, 801, 804, 806, 807, 810, 812, 814, 816, 821, 822, 823, 824, 826, 827, 837, 842, 843, 852, 859, 862, 865, 869, 876, 882, 897, 901, 917, 932]","[398, 399, 400, 848, 849]","[301, 398, 399, 400, 476, 848, 849, 924, 925]","[560, 584, 89, 108, 643, 172, 685, 703, 724, 217, 221, 739, 239, 264, 779, 280, 798, 799, 800, 801, 804, 806, 807, 810, 812, 301, 814, 816, 821, 822, 823, 824, 826, 827, 321, 837, 842, 843, 848, 849, 852, 342, 343, 344, 345, 346, 859, 349, 862, 351, 352, 865, 355, 357, 869, 359, 364, 876, 368, 882, 371, 372, 373, 374, 376, 377, 897, 387, 901, 392, 393, 398, 399, 400, 403, 917, 409, 411, 924, 925, 414, 932, 424, 430, 449, 454, 470, 476, 480]",False,[],[],[],[],"[89, 108, 172, 217, 221, 239, 264, 280, 321, 342, 343, 344, 345, 346, 349, 351, 352, 355, 357, 359, 364, 368, 371, 372, 373, 374, 376, 377, 387, 392, 393, 403, 409, 411, 414, 424, 430, 449, 454, 470, 480, 560, 584, 643, 685, 703, 724, 739, 779, 798, 799, 800, 801, 804, 806, 807, 810, 812, 814, 816, 821, 822, 823, 824, 826, 827, 837, 842, 843, 852, 859, 862, 865, 869, 876, 882, 897, 901, 917, 932]","[301, 398, 399, 400, 476, 848, 849, 924, 925]","[398, 399, 400, 848, 849]",0/6 successful match,False,,False,8,False,,0.6086956521739131,False,TA- Cheyenne ( BP ),BP
Hillsdale ( 82060 ) TA Exit 377 ( Hillsdale Rd ),9 / 307-547-3557 I-80,4 D L 24,Hillsdale,82060,TA Exit 377 ( Hillsdale Rd ),307-547-3557,2015,Hillsdale,WY,,,I-80,empty,377,False,,False,I-80,,,,,[],[],[],[],[],"[89, 108, 172, 217, 221, 239, 264, 280, 321, 342, 343, 344, 345, 346, 349, 351, 352, 355, 357, 359, 364, 368, 371, 372, 373, 374, 376, 377, 387, 392, 393, 403, 409, 411, 414, 424, 430, 449, 454, 470, 480, 560, 584, 643, 685, 703, 724, 739, 779, 798, 799, 800, 801, 804, 806, 807, 810, 812, 814, 816, 821, 822, 823, 824, 826, 827, 837, 842, 843, 852, 859, 862, 865, 869, 876, 882, 897, 901, 917, 932]",[],"[301, 476, 924, 925]","[560, 584, 89, 108, 643, 172, 685, 703, 724, 217, 221, 739, 239, 264, 779, 280, 798, 799, 800, 801, 804, 806, 807, 810, 812, 301, 814, 816, 821, 822, 823, 824, 826, 827, 321, 837, 842, 843, 852, 342, 343, 344, 345, 346, 859, 349, 862, 351, 352, 865, 355, 357, 869, 359, 364, 876, 368, 882, 371, 372, 373, 374, 376, 377, 897, 387, 901, 392, 393, 403, 917, 409, 411, 924, 925, 414, 932, 424, 430, 449, 454, 470, 476, 480]",False,[],[],[],[],"[89, 108, 172, 217, 221, 239, 264, 280, 321, 342, 343, 344, 345, 346, 349, 351, 352, 355, 357, 359, 364, 368, 371, 372, 373, 374, 376, 377, 387, 392, 393, 403, 409, 411, 414, 424, 430, 449, 454, 470, 480, 560, 584, 643, 685, 703, 724, 739, 779, 798, 799, 800, 801, 804, 806, 807, 810, 812, 814, 816, 821, 822, 823, 824, 826, 827, 837, 842, 843, 852, 859, 862, 865, 869, 876, 882, 897, 901, 917, 932]","[301, 476, 924, 925]",[],0/6 successful match,False,,False,8,False,,0.21818181818181817,True,TA Cheyenne # 187 ( Exxon ),Exxon
Hillsdale ( 82060 ) TA Cheyenne #,307-547-3557 I-80 Exit 377 ( Hillsdale Rd ),TA24 <U+25A1> L <U+2610><U+2610> <U+2610> <U+2610>,Hillsdale,82060,TA Cheyenne #,307-547-3557,2016,Hillsdale,WY,,( Hillsdale Rd ),I-80 Exit 377 ,Exit,377,False,,False,I-80,,,,,[],[],[],[],[],"[89, 108, 172, 217, 221, 239, 264, 280, 321, 342, 343, 344, 345, 346, 349, 351, 352, 355, 357, 359, 364, 368, 371, 372, 373, 374, 376, 377, 387, 392, 393, 403, 409, 411, 414, 424, 430, 449, 454, 470, 480, 560, 584, 643, 685, 703, 724, 739, 779, 798, 799, 800, 801, 804, 806, 807, 810, 812, 814, 816, 821, 822, 823, 824, 826, 827, 837, 842, 843, 852, 859, 862, 865, 869, 876, 882, 897, 901, 917, 932]",[],"[301, 476, 924, 925]","[560, 584, 89, 108, 643, 172, 685, 703, 724, 217, 221, 739, 239, 264, 779, 280, 798, 799, 800, 801, 804, 806, 807, 810, 812, 301, 814, 816, 821, 822, 823, 824, 826, 827, 321, 837, 842, 843, 852, 342, 343, 344, 345, 346, 859, 349, 862, 351, 352, 865, 355, 357, 869, 359, 364, 876, 368, 882, 371, 372, 373, 374, 376, 377, 897, 387, 901, 392, 393, 403, 917, 409, 411, 924, 925, 414, 932, 424, 430, 449, 454, 470, 476, 480]",False,[],[],[],[],"[89, 108, 172, 217, 221, 239, 264, 280, 321, 342, 343, 344, 345, 346, 349, 351, 352, 355, 357, 359, 364, 368, 371, 372, 373, 374, 376, 377, 387, 392, 393, 403, 409, 411, 414, 424, 430, 449, 454, 470, 480, 560, 584, 643, 685, 703, 724, 739, 779, 798, 799, 800, 801, 804, 806, 807, 810, 812, 814, 816, 821, 822, 823, 824, 826, 827, 837, 842, 843, 852, 859, 862, 865, 869, 876, 882, 897, 901, 917, 932]","[301, 476, 924, 925]",[],0/6 successful match,False,,False,8,True,2016,0.14634146341463414,True,TA Exit 377 ( Hillsdale Rd ),
"Laramie , 82070 High Country Sportsman ( Sinclair )",307-721-7406 I-80 Exit 311 ( Snowy Range ),XL 24,Laramie,82070,High Country Sportsman ( Sinclair ),307-721-7406,2006,Laramie,WY,Sinclair,( Snowy Range ),I-80 Exit 311 ,Exit,311,False,,False,I-80,,,,,[],[],[],[],[],"[89, 108, 172, 217, 221, 239, 264, 280, 321, 342, 343, 344, 345, 346, 349, 351, 352, 355, 357, 359, 364, 368, 371, 372, 373, 374, 376, 377, 387, 392, 393, 403, 409, 411, 414, 424, 430, 449, 454, 470, 480, 560, 584, 643, 685, 703, 724, 739, 779, 798, 799, 800, 801, 804, 806, 807, 810, 812, 814, 816, 821, 822, 823, 824, 826, 827, 837, 842, 843, 852, 859, 862, 865, 869, 876, 882, 897, 901, 917, 932]","[31, 142, 147, 180, 338, 352, 367, 387, 403, 405, 408, 410, 455, 465, 466, 468, 470, 472, 473, 483, 484, 514, 613, 618, 651, 794, 807, 837, 852, 854, 858, 861, 902, 912, 913, 915, 917, 919, 920, 931, 934, 935]","[31, 142, 147, 180, 184, 232, 338, 352, 367, 387, 403, 405, 408, 410, 455, 465, 466, 468, 470, 472, 473, 483, 484, 514, 613, 618, 651, 655, 696, 794, 807, 837, 852, 854, 858, 861, 902, 912, 913, 915, 917, 919, 920, 931, 934, 935]","[514, 31, 560, 584, 89, 613, 618, 108, 643, 651, 142, 655, 147, 172, 685, 180, 184, 696, 703, 724, 217, 221, 739, 232, 239, 264, 779, 280, 794, 798, 799, 800, 801, 804, 806, 807, 810, 812, 814, 816, 821, 822, 823, 824, 826, 827, 321, 837, 842, 843, 338, 852, 342, 343, 344, 345, 346, 859, 854, 349, 862, 351, 352, 865, 858, 355, 861, 357, 869, 359, 364, 876, 367, 368, 882, 371, 372, 373, 374, 376, 377, 897, 387, 901, 902, 392, 393, 912, 913, 403, 915, 917, 405, 919, 408, 409, 410, 411, 920, 414, 931, 932, 934, 935, 424, 430, 449, 454, 455, 465, 466, 468, 470, 472, 473, 480, 483, 484]",False,[],[],[],[],"[89, 108, 172, 217, 221, 239, 264, 280, 321, 342, 343, 344, 345, 346, 349, 351, 352, 355, 357, 359, 364, 368, 371, 372, 373, 374, 376, 377, 387, 392, 393, 403, 409, 411, 414, 424, 430, 449, 454, 470, 480, 560, 584, 643, 685, 703, 724, 739, 779, 798, 799, 800, 801, 804, 806, 807, 810, 812, 814, 816, 821, 822, 823, 824, 826, 827, 837, 842, 843, 852, 859, 862, 865, 869, 876, 882, 897, 901, 917, 932]","[31, 142, 147, 180, 184, 232, 338, 352, 367, 387, 403, 405, 408, 410, 455, 465, 466, 468, 470, 472, 473, 483, 484, 514, 613, 618, 651, 655, 696, 794, 807, 837, 852, 854, 858, 861, 902, 912, 913, 915, 917, 919, 920, 931, 934, 935]","[31, 142, 147, 180, 338, 352, 367, 387, 403, 405, 408, 410, 455, 465, 466, 468, 470, 472, 473, 483, 484, 514, 613, 618, 651, 794, 807, 837, 852, 854, 858, 861, 902, 912, 913, 915, 917, 919, 920, 931, 934, 935]",0/6 successful match,False,,False,9,False,,,,,
"F Laramie , 82070 High Country Sportsman (",307-721-74061-80 Exit 311 ( Snowy Range Sinclair ) ),N,Laramie,82070,High Country Sportsman (,307-721-7406,2007,Laramie,WY,,( Snowy Range Sinclair ) ),I-80 Exit 311 ,Exit,311,False,,False,I-80,,,,,[],[],[],[],[],"[89, 108, 172, 217, 221, 239, 264, 280, 321, 342, 343, 344, 345, 346, 349, 351, 352, 355, 357, 359, 364, 368, 371, 372, 373, 374, 376, 377, 387, 392, 393, 403, 409, 411, 414, 424, 430, 449, 454, 470, 480, 560, 584, 643, 685, 703, 724, 739, 779, 798, 799, 800, 801, 804, 806, 807, 810, 812, 814, 816, 821, 822, 823, 824, 826, 827, 837, 842, 843, 852, 859, 862, 865, 869, 876, 882, 897, 901, 917, 932]",[],"[184, 232, 655, 696]","[560, 584, 89, 108, 643, 655, 172, 685, 184, 696, 703, 724, 217, 221, 739, 232, 239, 264, 779, 280, 798, 799, 800, 801, 804, 806, 807, 810, 812, 814, 816, 821, 822, 823, 824, 826, 827, 321, 837, 842, 843, 852, 342, 343, 344, 345, 346, 859, 349, 862, 351, 352, 865, 355, 357, 869, 359, 364, 876, 368, 882, 371, 372, 373, 374, 376, 377, 897, 387, 901, 392, 393, 403, 917, 409, 411, 414, 932, 424, 430, 449, 454, 470, 480]",False,[],[],[],[],"[89, 108, 172, 217, 221, 239, 264, 280, 321, 342, 343, 344, 345, 346, 349, 351, 352, 355, 357, 359, 364, 368, 371, 372, 373, 374, 376, 377, 387, 392, 393, 403, 409, 411, 414, 424, 430, 449, 454, 470, 480, 560, 584, 643, 685, 703, 724, 739, 779, 798, 799, 800, 801, 804, 806, 807, 810, 812, 814, 816, 821, 822, 823, 824, 826, 827, 837, 842, 843, 852, 859, 862, 865, 869, 876, 882, 897, 901, 917, 932]","[184, 232, 655, 696]",[],0/6 successful match,False,,False,9,False,,1.0,True,High Country Sportsman ( Sinclair ),Sinclair
"Laramie , 82070",307-721-7406 High I-80 Country Exit 311 Sportsman ( Snowy Range ( Sinclair ) ),,Laramie,82070,,307-721-7406,2008,Laramie,WY,,( Snowy Range ( Sinclair ) ),High I-80 Country Exit 311 Sportsman ,Exit,311,False,,False,I-80,,,,,[],[],[],[],[],"[89, 108, 172, 217, 221, 239, 264, 280, 321, 342, 343, 344, 345, 346, 349, 351, 352, 355, 357, 359, 364, 368, 371, 372, 373, 374, 376, 377, 387, 392, 393, 403, 409, 411, 414, 424, 430, 449, 454, 470, 480, 560, 584, 643, 685, 703, 724, 739, 779, 798, 799, 800, 801, 804, 806, 807, 810, 812, 814, 816, 821, 822, 823, 824, 826, 827, 837, 842, 843, 852, 859, 862, 865, 869, 876, 882, 897, 901, 917, 932]",[],[],"[560, 584, 89, 108, 643, 172, 685, 703, 724, 217, 221, 739, 239, 264, 779, 280, 798, 799, 800, 801, 804, 806, 807, 810, 812, 814, 816, 821, 822, 823, 824, 826, 827, 321, 837, 842, 843, 852, 342, 343, 344, 345, 346, 859, 349, 862, 351, 352, 865, 355, 357, 869, 359, 364, 876, 368, 882, 371, 372, 373, 374, 376, 377, 897, 387, 901, 392, 393, 403, 917, 409, 411, 414, 932, 424, 430, 449, 454, 470, 480]",False,[],[],[],[],"[89, 108, 172, 217, 221, 239, 264, 280, 321, 342, 343, 344, 345, 346, 349, 351, 352, 355, 357, 359, 364, 368, 371, 372, 373, 374, 376, 377, 387, 392, 393, 403, 409, 411, 414, 424, 430, 449, 454, 470, 480, 560, 584, 643, 685, 703, 724, 739, 779, 798, 799, 800, 801, 804, 806, 807, 810, 812, 814, 816, 821, 822, 823, 824, 826, 827, 837, 842, 843, 852, 859, 862, 865, 869, 876, 882, 897, 901, 917, 932]",[],[],0/6 successful match,False,,False,9,True,2008,0.0,True,High Country Sportsman (,
F Laramie ( 82070 ) Big D # 44 ( Exxon ),8 307-721-7406 I-80 Exit 311 ( Snowy Range ),<U+25A1> D,Laramie,82070,Big D # 44 ( Exxon ),307-721-7406,2014,Laramie,WY,Exxon,( Snowy Range ),I-80 Exit 311 ,Exit,311,False,,False,I-80,,,,,[],[],[],[],[],"[89, 108, 172, 217, 221, 239, 264, 280, 321, 342, 343, 344, 345, 346, 349, 351, 352, 355, 357, 359, 364, 368, 371, 372, 373, 374, 376, 377, 387, 392, 393, 403, 409, 411, 414, 424, 430, 449, 454, 470, 480, 560, 584, 643, 685, 703, 724, 739, 779, 798, 799, 800, 801, 804, 806, 807, 810, 812, 814, 816, 821, 822, 823, 824, 826, 827, 837, 842, 843, 852, 859, 862, 865, 869, 876, 882, 897, 901, 917, 932]","[398, 399, 400, 848, 849]","[398, 399, 400, 848, 849]","[560, 584, 89, 108, 643, 172, 685, 703, 724, 217, 221, 739, 239, 264, 779, 280, 798, 799, 800, 801, 804, 806, 807, 810, 812, 814, 816, 821, 822, 823, 824, 826, 827, 321, 837, 842, 843, 848, 849, 852, 342, 343, 344, 345, 346, 859, 349, 862, 351, 352, 865, 355, 357, 869, 359, 364, 876, 368, 882, 371, 372, 373, 374, 376, 377, 897, 387, 901, 392, 393, 398, 399, 400, 403, 917, 409, 411, 414, 932, 424, 430, 449, 454, 470, 480]",False,[],[],[],[],"[89, 108, 172, 217, 221, 239, 264, 280, 321, 342, 343, 344, 345, 346, 349, 351, 352, 355, 357, 359, 364, 368, 371, 372, 373, 374, 376, 377, 387, 392, 393, 403, 409, 411, 414, 424, 430, 449, 454, 470, 480, 560, 584, 643, 685, 703, 724, 739, 779, 798, 799, 800, 801, 804, 806, 807, 810, 812, 814, 816, 821, 822, 823, 824, 826, 827, 837, 842, 843, 852, 859, 862, 865, 869, 876, 882, 897, 901, 917, 932]","[398, 399, 400, 848, 849]","[398, 399, 400, 848, 849]",0/6 successful match,False,,False,9,True,2014,0.0,True,,
Laramie ( 82070 ) Big D # 44 ( Exxon ),8 307-721-7406 I-80 Exit 311 ( Snowy,<U+2610> <U+2610>,Laramie,82070,Big D # 44 ( Exxon ),307-721-7406,2015,Laramie,WY,Exxon,( Snowy,I-80 Exit 311 ,Exit,311,False,,False,I-80,,,,,[],[],[],[],[],"[89, 108, 172, 217, 221, 239, 264, 280, 321, 342, 343, 344, 345, 346, 349, 351, 352, 355, 357, 359, 364, 368, 371, 372, 373, 374, 376, 377, 387, 392, 393, 403, 409, 411, 414, 424, 430, 449, 454, 470, 480, 560, 584, 643, 685, 703, 724, 739, 779, 798, 799, 800, 801, 804, 806, 807, 810, 812, 814, 816, 821, 822, 823, 824, 826, 827, 837, 842, 843, 852, 859, 862, 865, 869, 876, 882, 897, 901, 917, 932]","[398, 399, 400, 848, 849]","[398, 399, 400, 848, 849]","[560, 584, 89, 108, 643, 172, 685, 703, 724, 217, 221, 739, 239, 264, 779, 280, 798, 799, 800, 801, 804, 806, 807, 810, 812, 814, 816, 821, 822, 823, 824, 826, 827, 321, 837, 842, 843, 848, 849, 852, 342, 343, 344, 345, 346, 859, 349, 862, 351, 352, 865, 355, 357, 869, 359, 364, 876, 368, 882, 371, 372, 373, 374, 376, 377, 897, 387, 901, 392, 393, 398, 399, 400, 403, 917, 409, 411, 414, 932, 424, 430, 449, 454, 470, 480]",False,[],[],[],[],"[89, 108, 172, 217, 221, 239, 264, 280, 321, 342, 343, 344, 345, 346, 349, 351, 352, 355, 357, 359, 364, 368, 371, 372, 373, 374, 376, 377, 387, 392, 393, 403, 409, 411, 414, 424, 430, 449, 454, 470, 480, 560, 584, 643, 685, 703, 724, 739, 779, 798, 799, 800, 801, 804, 806, 807, 810, 812, 814, 816, 821, 822, 823, 824, 826, 827, 837, 842, 843, 852, 859, 862, 865, 869, 876, 882, 897, 901, 917, 932]","[398, 399, 400, 848, 849]","[398, 399, 400, 848, 849]",0/6 successful match,False,,False,9,False,,1.0,True,Big D # 44 ( Exxon ),Exxon
Laramie ( 82070 ) Big D # 44 ( Exxon ),307-721-7406 I-80 Exit 311 ( Snowy Range ),<U+2610>,Laramie,82070,Big D # 44 ( Exxon ),307-721-7406,2016,Laramie,WY,Exxon,( Snowy Range ),I-80 Exit 311 ,Exit,311,False,,False,I-80,,,,,[],[],[],[],[],"[89, 108, 172, 217, 221, 239, 264, 280, 321, 342, 343, 344, 345, 346, 349, 351, 352, 355, 357, 359, 364, 368, 371, 372, 373, 374, 376, 377, 387, 392, 393, 403, 409, 411, 414, 424, 430, 449, 454, 470, 480, 560, 584, 643, 685, 703, 724, 739, 779, 798, 799, 800, 801, 804, 806, 807, 810, 812, 814, 816, 821, 822, 823, 824, 826, 827, 837, 842, 843, 852, 859, 862, 865, 869, 876, 882, 897, 901, 917, 932]","[398, 399, 400, 848, 849]","[398, 399, 400, 848, 849]","[560, 584, 89, 108, 643, 172, 685, 703, 724, 217, 221, 739, 239, 264, 779, 280, 798, 799, 800, 801, 804, 806, 807, 810, 812, 814, 816, 821, 822, 823, 824, 826, 827, 321, 837, 842, 843, 848, 849, 852, 342, 343, 344, 345, 346, 859, 349, 862, 351, 352, 865, 355, 357, 869, 359, 364, 876, 368, 882, 371, 372, 373, 374, 376, 377, 897, 387, 901, 392, 393, 398, 399, 400, 403, 917, 409, 411, 414, 932, 424, 430, 449, 454, 470, 480]",False,[],[],[],[],"[89, 108, 172, 217, 221, 239, 264, 280, 321, 342, 343, 344, 345, 346, 349, 351, 352, 355, 357, 359, 364, 368, 371, 372, 373, 374, 376, 377, 387, 392, 393, 403, 409, 411, 414, 424, 430, 449, 454, 470, 480, 560, 584, 643, 685, 703, 724, 739, 779, 798, 799, 800, 801, 804, 806, 807, 810, 812, 814, 816, 821, 822, 823, 824, 826, 827, 837, 842, 843, 852, 859, 862, 865, 869, 876, 882, 897, 901, 917, 932]","[398, 399, 400, 848, 849]","[398, 399, 400, 848, 849]",0/6 successful match,False,,False,9,False,,1.0,True,Big D # 44 ( Exxon ),Exxon
"F Laramie , 82070 Pilot Travel Center # 308",307-742-6443 I-80 Exit 310 ( Curtis St ),24 HRS L,Laramie,82070,Pilot Travel Center # 308,307-742-6443,2006,Laramie,WY,Pilot,( Curtis St ),I-80 Exit 310 ,Exit,310,False,,False,I-80,,,,,[],[],[],[],[],"[89, 108, 172, 217, 221, 239, 264, 280, 321, 342, 343, 344, 345, 346, 349, 351, 352, 355, 357, 359, 364, 368, 371, 372, 373, 374, 376, 377, 387, 392, 393, 403, 409, 411, 414, 424, 430, 449, 454, 470, 480, 560, 584, 643, 685, 703, 724, 739, 779, 798, 799, 800, 801, 804, 806, 807, 810, 812, 814, 816, 821, 822, 823, 824, 826, 827, 837, 842, 843, 852, 859, 862, 865, 869, 876, 882, 897, 901, 917, 932]","[15, 16, 65, 66, 67, 68, 69, 70, 71, 72, 73, 74, 75, 76, 80, 151, 245, 246, 247, 248, 249, 250, 251, 252, 253, 254, 255, 256, 257, 258, 259, 280, 340, 373, 374, 375, 376, 377, 459, 460, 461, 462, 500, 501, 539, 540, 541, 542, 543, 544, 545, 546, 547, 548, 549, 550, 552, 622, 708, 709, 710, 711, 712, 713, 714, 715, 716, 717, 718, 719, 720, 739, 796, 823, 824, 825, 826, 827, 906, 907, 908, 909]","[15, 16, 65, 66, 67, 68, 69, 70, 71, 72, 73, 74, 75, 76, 77, 78, 80, 151, 244, 245, 246, 247, 248, 249, 250, 251, 252, 253, 254, 255, 256, 257, 258, 259, 260, 280, 340, 373, 374, 375, 376, 377, 459, 460, 461, 462, 500, 501, 539, 540, 541, 542, 543, 544, 545, 546, 547, 548, 549, 550, 552, 622, 708, 709, 710, 711, 712, 713, 714, 715, 716, 717, 718, 719, 720, 739, 796, 823, 824, 825, 826, 827, 906, 907, 908, 909]","[15, 16, 539, 540, 541, 542, 543, 544, 545, 546, 547, 548, 549, 550, 552, 560, 65, 66, 67, 68, 69, 70, 71, 584, 72, 73, 74, 75, 76, 77, 78, 80, 89, 108, 622, 643, 151, 172, 685, 703, 708, 709, 710, 711, 712, 713, 714, 715, 716, 717, 718, 719, 720, 724, 217, 221, 739, 239, 244, 245, 246, 247, 248, 249, 250, 251, 252, 253, 254, 255, 256, 257, 258, 259, 260, 264, 779, 280, 796, 798, 799, 800, 801, 804, 806, 807, 810, 812, 814, 816, 821, 822, 823, 824, 825, 826, 827, 321, 837, 842, 843, 852, 340, 342, 343, 344, 345, 346, 859, 349, 862, 351, 352, 865, 355, 357, 869, 359, 364, 876, 368, 882, 371, 372, 373, 374, 375, 376, 377, 897, 387, 901, 392, 393, 906, 907, 908, 909, 403, 917, 409, 411, 414, 932, 424, 430, 449, 454, 459, 460, 461, 462, 470, 480, 500, 501]",False,[],[],[],[],"[89, 108, 172, 217, 221, 239, 264, 280, 321, 342, 343, 344, 345, 346, 349, 351, 352, 355, 357, 359, 364, 368, 371, 372, 373, 374, 376, 377, 387, 392, 393, 403, 409, 411, 414, 424, 430, 449, 454, 470, 480, 560, 584, 643, 685, 703, 724, 739, 779, 798, 799, 800, 801, 804, 806, 807, 810, 812, 814, 816, 821, 822, 823, 824, 826, 827, 837, 842, 843, 852, 859, 862, 865, 869, 876, 882, 897, 901, 917, 932]","[15, 16, 65, 66, 67, 68, 69, 70, 71, 72, 73, 74, 75, 76, 77, 78, 80, 151, 244, 245, 246, 247, 248, 249, 250, 251, 252, 253, 254, 255, 256, 257, 258, 259, 260, 280, 340, 373, 374, 375, 376, 377, 459, 460, 461, 462, 500, 501, 539, 540, 541, 542, 543, 544, 545, 546, 547, 548, 549, 550, 552, 622, 708, 709, 710, 711, 712, 713, 714, 715, 716, 717, 718, 719, 720, 739, 796, 823, 824, 825, 826, 827, 906, 907, 908, 909]","[15, 16, 65, 66, 67, 68, 69, 70, 71, 72, 73, 74, 75, 76, 80, 151, 245, 246, 247, 248, 249, 250, 251, 252, 253, 254, 255, 256, 257, 258, 259, 280, 340, 373, 374, 375, 376, 377, 459, 460, 461, 462, 500, 501, 539, 540, 541, 542, 543, 544, 545, 546, 547, 548, 549, 550, 552, 622, 708, 709, 710, 711, 712, 713, 714, 715, 716, 717, 718, 719, 720, 739, 796, 823, 824, 825, 826, 827, 906, 907, 908, 909]",0/6 successful match,False,,False,10,False,,,,,
"Laramie , 82070 Pilot Travel Center # 308",307-742-6443 I-80 Exit 310 ( Curtis St ),,Laramie,82070,Pilot Travel Center # 308,307-742-6443,2007,Laramie,WY,Pilot,( Curtis St ),I-80 Exit 310 ,Exit,310,False,,False,I-80,,,,,[],[],[],[],[],"[89, 108, 172, 217, 221, 239, 264, 280, 321, 342, 343, 344, 345, 346, 349, 351, 352, 355, 357, 359, 364, 368, 371, 372, 373, 374, 376, 377, 387, 392, 393, 403, 409, 411, 414, 424, 430, 449, 454, 470, 480, 560, 584, 643, 685, 703, 724, 739, 779, 798, 799, 800, 801, 804, 806, 807, 810, 812, 814, 816, 821, 822, 823, 824, 826, 827, 837, 842, 843, 852, 859, 862, 865, 869, 876, 882, 897, 901, 917, 932]","[15, 16, 65, 66, 67, 68, 69, 70, 71, 72, 73, 74, 75, 76, 80, 151, 245, 246, 247, 248, 249, 250, 251, 252, 253, 254, 255, 256, 257, 258, 259, 280, 340, 373, 374, 375, 376, 377, 459, 460, 461, 462, 500, 501, 539, 540, 541, 542, 543, 544, 545, 546, 547, 548, 549, 550, 552, 622, 708, 709, 710, 711, 712, 713, 714, 715, 716, 717, 718, 719, 720, 739, 796, 823, 824, 825, 826, 827, 906, 907, 908, 909]","[15, 16, 65, 66, 67, 68, 69, 70, 71, 72, 73, 74, 75, 76, 77, 78, 80, 151, 244, 245, 246, 247, 248, 249, 250, 251, 252, 253, 254, 255, 256, 257, 258, 259, 260, 280, 340, 373, 374, 375, 376, 377, 459, 460, 461, 462, 500, 501, 539, 540, 541, 542, 543, 544, 545, 546, 547, 548, 549, 550, 552, 622, 708, 709, 710, 711, 712, 713, 714, 715, 716, 717, 718, 719, 720, 739, 796, 823, 824, 825, 826, 827, 906, 907, 908, 909]","[15, 16, 539, 540, 541, 542, 543, 544, 545, 546, 547, 548, 549, 550, 552, 560, 65, 66, 67, 68, 69, 70, 71, 584, 72, 73, 74, 75, 76, 77, 78, 80, 89, 108, 622, 643, 151, 172, 685, 703, 708, 709, 710, 711, 712, 713, 714, 715, 716, 717, 718, 719, 720, 724, 217, 221, 739, 239, 244, 245, 246, 247, 248, 249, 250, 251, 252, 253, 254, 255, 256, 257, 258, 259, 260, 264, 779, 280, 796, 798, 799, 800, 801, 804, 806, 807, 810, 812, 814, 816, 821, 822, 823, 824, 825, 826, 827, 321, 837, 842, 843, 852, 340, 342, 343, 344, 345, 346, 859, 349, 862, 351, 352, 865, 355, 357, 869, 359, 364, 876, 368, 882, 371, 372, 373, 374, 375, 376, 377, 897, 387, 901, 392, 393, 906, 907, 908, 909, 403, 917, 409, 411, 414, 932, 424, 430, 449, 454, 459, 460, 461, 462, 470, 480, 500, 501]",False,[],[],[],[],"[89, 108, 172, 217, 221, 239, 264, 280, 321, 342, 343, 344, 345, 346, 349, 351, 352, 355, 357, 359, 364, 368, 371, 372, 373, 374, 376, 377, 387, 392, 393, 403, 409, 411, 414, 424, 430, 449, 454, 470, 480, 560, 584, 643, 685, 703, 724, 739, 779, 798, 799, 800, 801, 804, 806, 807, 810, 812, 814, 816, 821, 822, 823, 824, 826, 827, 837, 842, 843, 852, 859, 862, 865, 869, 876, 882, 897, 901, 917, 932]","[15, 16, 65, 66, 67, 68, 69, 70, 71, 72, 73, 74, 75, 76, 77, 78, 80, 151, 244, 245, 246, 247, 248, 249, 250, 251, 252, 253, 254, 255, 256, 257, 258, 259, 260, 280, 340, 373, 374, 375, 376, 377, 459, 460, 461, 462, 500, 501, 539, 540, 541, 542, 543, 544, 545, 546, 547, 548, 549, 550, 552, 622, 708, 709, 710, 711, 712, 713, 714, 715, 716, 717, 718, 719, 720, 739, 796, 823, 824, 825, 826, 827, 906, 907, 908, 909]","[15, 16, 65, 66, 67, 68, 69, 70, 71, 72, 73, 74, 75, 76, 80, 151, 245, 246, 247, 248, 249, 250, 251, 252, 253, 254, 255, 256, 257, 258, 259, 280, 340, 373, 374, 375, 376, 377, 459, 460, 461, 462, 500, 501, 539, 540, 541, 542, 543, 544, 545, 546, 547, 548, 549, 550, 552, 622, 708, 709, 710, 711, 712, 713, 714, 715, 716, 717, 718, 719, 720, 739, 796, 823, 824, 825, 826, 827, 906, 907, 908, 909]",0/6 successful match,False,,False,10,False,,1.0,True,Pilot Travel Center # 308,Pilot
"Laramie , 82070 Pilot Travel Center # 308",307-742-6443 I-80 Exit 310 ( Curtis St ),HOES 24 L <U+2610><U+2610>,Laramie,82070,Pilot Travel Center # 308,307-742-6443,2008,Laramie,WY,Pilot,( Curtis St ),I-80 Exit 310 ,Exit,310,False,,False,I-80,,,,,[],[],[],[],[],"[89, 108, 172, 217, 221, 239, 264, 280, 321, 342, 343, 344, 345, 346, 349, 351, 352, 355, 357, 359, 364, 368, 371, 372, 373, 374, 376, 377, 387, 392, 393, 403, 409, 411, 414, 424, 430, 449, 454, 470, 480, 560, 584, 643, 685, 703, 724, 739, 779, 798, 799, 800, 801, 804, 806, 807, 810, 812, 814, 816, 821, 822, 823, 824, 826, 827, 837, 842, 843, 852, 859, 862, 865, 869, 876, 882, 897, 901, 917, 932]","[15, 16, 65, 66, 67, 68, 69, 70, 71, 72, 73, 74, 75, 76, 80, 151, 245, 246, 247, 248, 249, 250, 251, 252, 253, 254, 255, 256, 257, 258, 259, 280, 340, 373, 374, 375, 376, 377, 459, 460, 461, 462, 500, 501, 539, 540, 541, 542, 543, 544, 545, 546, 547, 548, 549, 550, 552, 622, 708, 709, 710, 711, 712, 713, 714, 715, 716, 717, 718, 719, 720, 739, 796, 823, 824, 825, 826, 827, 906, 907, 908, 909]","[15, 16, 65, 66, 67, 68, 69, 70, 71, 72, 73, 74, 75, 76, 77, 78, 80, 151, 244, 245, 246, 247, 248, 249, 250, 251, 252, 253, 254, 255, 256, 257, 258, 259, 260, 280, 340, 373, 374, 375, 376, 377, 459, 460, 461, 462, 500, 501, 539, 540, 541, 542, 543, 544, 545, 546, 547, 548, 549, 550, 552, 622, 708, 709, 710, 711, 712, 713, 714, 715, 716, 717, 718, 719, 720, 739, 796, 823, 824, 825, 826, 827, 906, 907, 908, 909]","[15, 16, 539, 540, 541, 542, 543, 544, 545, 546, 547, 548, 549, 550, 552, 560, 65, 66, 67, 68, 69, 70, 71, 584, 72, 73, 74, 75, 76, 77, 78, 80, 89, 108, 622, 643, 151, 172, 685, 703, 708, 709, 710, 711, 712, 713, 714, 715, 716, 717, 718, 719, 720, 724, 217, 221, 739, 239, 244, 245, 246, 247, 248, 249, 250, 251, 252, 253, 254, 255, 256, 257, 258, 259, 260, 264, 779, 280, 796, 798, 799, 800, 801, 804, 806, 807, 810, 812, 814, 816, 821, 822, 823, 824, 825, 826, 827, 321, 837, 842, 843, 852, 340, 342, 343, 344, 345, 346, 859, 349, 862, 351, 352, 865, 355, 357, 869, 359, 364, 876, 368, 882, 371, 372, 373, 374, 375, 376, 377, 897, 387, 901, 392, 393, 906, 907, 908, 909, 403, 917, 409, 411, 414, 932, 424, 430, 449, 454, 459, 460, 461, 462, 470, 480, 500, 501]",False,[],[],[],[],"[89, 108, 172, 217, 221, 239, 264, 280, 321, 342, 343, 344, 345, 346, 349, 351, 352, 355, 357, 359, 364, 368, 371, 372, 373, 374, 376, 377, 387, 392, 393, 403, 409, 411, 414, 424, 430, 449, 454, 470, 480, 560, 584, 643, 685, 703, 724, 739, 779, 798, 799, 800, 801, 804, 806, 807, 810, 812, 814, 816, 821, 822, 823, 824, 826, 827, 837, 842, 843, 852, 859, 862, 865, 869, 876, 882, 897, 901, 917, 932]","[15, 16, 65, 66, 67, 68, 69, 70, 71, 72, 73, 74, 75, 76, 77, 78, 80, 151, 244, 245, 246, 247, 248, 249, 250, 251, 252, 253, 254, 255, 256, 257, 258, 259, 260, 280, 340, 373, 374, 375, 376, 377, 459, 460, 461, 462, 500, 501, 539, 540, 541, 542, 543, 544, 545, 546, 547, 548, 549, 550, 552, 622, 708, 709, 710, 711, 712, 713, 714, 715, 716, 717, 718, 719, 720, 739, 796, 823, 824, 825, 826, 827, 906, 907, 908, 909]","[15, 16, 65, 66, 67, 68, 69, 70, 71, 72, 73, 74, 75, 76, 80, 151, 245, 246, 247, 248, 249, 250, 251, 252, 253, 254, 255, 256, 257, 258, 259, 280, 340, 373, 374, 375, 376, 377, 459, 460, 461, 462, 500, 501, 539, 540, 541, 542, 543, 544, 545, 546, 547, 548, 549, 550, 552, 622, 708, 709, 710, 711, 712, 713, 714, 715, 716, 717, 718, 719, 720, 739, 796, 823, 824, 825, 826, 827, 906, 907, 908, 909]",0/6 successful match,False,,False,10,False,,1.0,True,Pilot Travel Center # 308,Pilot
F Laramie ( 82070 ) Pilot Travel Center # 308,8 307-742-6443 I-80 Exit 310 ( Bus I-80 E ),Plaz LO,Laramie,82070,Pilot Travel Center # 308,307-742-6443,2014,Laramie,WY,Pilot,( Bus I-80 E ),I-80 Exit 310 ,Exit,310,False,,False,I-80,,,,,[],[],[],[],[],"[89, 108, 172, 217, 221, 239, 264, 280, 321, 342, 343, 344, 345, 346, 349, 351, 352, 355, 357, 359, 364, 368, 371, 372, 373, 374, 376, 377, 387, 392, 393, 403, 409, 411, 414, 424, 430, 449, 454, 470, 480, 560, 584, 643, 685, 703, 724, 739, 779, 798, 799, 800, 801, 804, 806, 807, 810, 812, 814, 816, 821, 822, 823, 824, 826, 827, 837, 842, 843, 852, 859, 862, 865, 869, 876, 882, 897, 901, 917, 932]","[15, 16, 65, 66, 67, 68, 69, 70, 71, 72, 73, 74, 75, 76, 80, 151, 245, 246, 247, 248, 249, 250, 251, 252, 253, 254, 255, 256, 257, 258, 259, 280, 340, 373, 374, 375, 376, 377, 459, 460, 461, 462, 500, 501, 539, 540, 541, 542, 543, 544, 545, 546, 547, 548, 549, 550, 552, 622, 708, 709, 710, 711, 712, 713, 714, 715, 716, 717, 718, 719, 720, 739, 796, 823, 824, 825, 826, 827, 906, 907, 908, 909]","[15, 16, 65, 66, 67, 68, 69, 70, 71, 72, 73, 74, 75, 76, 77, 78, 80, 151, 244, 245, 246, 247, 248, 249, 250, 251, 252, 253, 254, 255, 256, 257, 258, 259, 260, 280, 340, 373, 374, 375, 376, 377, 459, 460, 461, 462, 500, 501, 539, 540, 541, 542, 543, 544, 545, 546, 547, 548, 549, 550, 552, 622, 708, 709, 710, 711, 712, 713, 714, 715, 716, 717, 718, 719, 720, 739, 796, 823, 824, 825, 826, 827, 906, 907, 908, 909]","[15, 16, 539, 540, 541, 542, 543, 544, 545, 546, 547, 548, 549, 550, 552, 560, 65, 66, 67, 68, 69, 70, 71, 584, 72, 73, 74, 75, 76, 77, 78, 80, 89, 108, 622, 643, 151, 172, 685, 703, 708, 709, 710, 711, 712, 713, 714, 715, 716, 717, 718, 719, 720, 724, 217, 221, 739, 239, 244, 245, 246, 247, 248, 249, 250, 251, 252, 253, 254, 255, 256, 257, 258, 259, 260, 264, 779, 280, 796, 798, 799, 800, 801, 804, 806, 807, 810, 812, 814, 816, 821, 822, 823, 824, 825, 826, 827, 321, 837, 842, 843, 852, 340, 342, 343, 344, 345, 346, 859, 349, 862, 351, 352, 865, 355, 357, 869, 359, 364, 876, 368, 882, 371, 372, 373, 374, 375, 376, 377, 897, 387, 901, 392, 393, 906, 907, 908, 909, 403, 917, 409, 411, 414, 932, 424, 430, 449, 454, 459, 460, 461, 462, 470, 480, 500, 501]",False,[],[],[],[],"[89, 108, 172, 217, 221, 239, 264, 280, 321, 342, 343, 344, 345, 346, 349, 351, 352, 355, 357, 359, 364, 368, 371, 372, 373, 374, 376, 377, 387, 392, 393, 403, 409, 411, 414, 424, 430, 449, 454, 470, 480, 560, 584, 643, 685, 703, 724, 739, 779, 798, 799, 800, 801, 804, 806, 807, 810, 812, 814, 816, 821, 822, 823, 824, 826, 827, 837, 842, 843, 852, 859, 862, 865, 869, 876, 882, 897, 901, 917, 932]","[15, 16, 65, 66, 67, 68, 69, 70, 71, 72, 73, 74, 75, 76, 77, 78, 80, 151, 244, 245, 246, 247, 248, 249, 250, 251, 252, 253, 254, 255, 256, 257, 258, 259, 260, 280, 340, 373, 374, 375, 376, 377, 459, 460, 461, 462, 500, 501, 539, 540, 541, 542, 543, 544, 545, 546, 547, 548, 549, 550, 552, 622, 708, 709, 710, 711, 712, 713, 714, 715, 716, 717, 718, 719, 720, 739, 796, 823, 824, 825, 826, 827, 906, 907, 908, 909]","[15, 16, 65, 66, 67, 68, 69, 70, 71, 72, 73, 74, 75, 76, 80, 151, 245, 246, 247, 248, 249, 250, 251, 252, 253, 254, 255, 256, 257, 258, 259, 280, 340, 373, 374, 375, 376, 377, 459, 460, 461, 462, 500, 501, 539, 540, 541, 542, 543, 544, 545, 546, 547, 548, 549, 550, 552, 622, 708, 709, 710, 711, 712, 713, 714, 715, 716, 717, 718, 719, 720, 739, 796, 823, 824, 825, 826, 827, 906, 907, 908, 909]",0/6 successful match,False,,False,10,False,,1.0,True,Pilot Travel Center # 308,Pilot
F Laramie ( 82070 ) Pilot Travel Center # 308,8 307-742-6443 I-80 Exit 310 ( Bus Pilat,L,Laramie,82070,Pilot Travel Center # 308,307-742-6443,2015,Laramie,WY,Pilot,( Bus Pilat,I-80 Exit 310 ,Exit,310,False,,False,I-80,,,,,[],[],[],[],[],"[89, 108, 172, 217, 221, 239, 264, 280, 321, 342, 343, 344, 345, 346, 349, 351, 352, 355, 357, 359, 364, 368, 371, 372, 373, 374, 376, 377, 387, 392, 393, 403, 409, 411, 414, 424, 430, 449, 454, 470, 480, 560, 584, 643, 685, 703, 724, 739, 779, 798, 799, 800, 801, 804, 806, 807, 810, 812, 814, 816, 821, 822, 823, 824, 826, 827, 837, 842, 843, 852, 859, 862, 865, 869, 876, 882, 897, 901, 917, 932]","[15, 16, 65, 66, 67, 68, 69, 70, 71, 72, 73, 74, 75, 76, 80, 151, 245, 246, 247, 248, 249, 250, 251, 252, 253, 254, 255, 256, 257, 258, 259, 280, 340, 373, 374, 375, 376, 377, 459, 460, 461, 462, 500, 501, 539, 540, 541, 542, 543, 544, 545, 546, 547, 548, 549, 550, 552, 622, 708, 709, 710, 711, 712, 713, 714, 715, 716, 717, 718, 719, 720, 739, 796, 823, 824, 825, 826, 827, 906, 907, 908, 909]","[15, 16, 65, 66, 67, 68, 69, 70, 71, 72, 73, 74, 75, 76, 77, 78, 80, 151, 244, 245, 246, 247, 248, 249, 250, 251, 252, 253, 254, 255, 256, 257, 258, 259, 260, 280, 340, 373, 374, 375, 376, 377, 459, 460, 461, 462, 500, 501, 539, 540, 541, 542, 543, 544, 545, 546, 547, 548, 549, 550, 552, 622, 708, 709, 710, 711, 712, 713, 714, 715, 716, 717, 718, 719, 720, 739, 796, 823, 824, 825, 826, 827, 906, 907, 908, 909]","[15, 16, 539, 540, 541, 542, 543, 544, 545, 546, 547, 548, 549, 550, 552, 560, 65, 66, 67, 68, 69, 70, 71, 584, 72, 73, 74, 75, 76, 77, 78, 80, 89, 108, 622, 643, 151, 172, 685, 703, 708, 709, 710, 711, 712, 713, 714, 715, 716, 717, 718, 719, 720, 724, 217, 221, 739, 239, 244, 245, 246, 247, 248, 249, 250, 251, 252, 253, 254, 255, 256, 257, 258, 259, 260, 264, 779, 280, 796, 798, 799, 800, 801, 804, 806, 807, 810, 812, 814, 816, 821, 822, 823, 824, 825, 826, 827, 321, 837, 842, 843, 852, 340, 342, 343, 344, 345, 346, 859, 349, 862, 351, 352, 865, 355, 357, 869, 359, 364, 876, 368, 882, 371, 372, 373, 374, 375, 376, 377, 897, 387, 901, 392, 393, 906, 907, 908, 909, 403, 917, 409, 411, 414, 932, 424, 430, 449, 454, 459, 460, 461, 462, 470, 480, 500, 501]",False,[],[],[],[],"[89, 108, 172, 217, 221, 239, 264, 280, 321, 342, 343, 344, 345, 346, 349, 351, 352, 355, 357, 359, 364, 368, 371, 372, 373, 374, 376, 377, 387, 392, 393, 403, 409, 411, 414, 424, 430, 449, 454, 470, 480, 560, 584, 643, 685, 703, 724, 739, 779, 798, 799, 800, 801, 804, 806, 807, 810, 812, 814, 816, 821, 822, 823, 824, 826, 827, 837, 842, 843, 852, 859, 862, 865, 869, 876, 882, 897, 901, 917, 932]","[15, 16, 65, 66, 67, 68, 69, 70, 71, 72, 73, 74, 75, 76, 77, 78, 80, 151, 244, 245, 246, 247, 248, 249, 250, 251, 252, 253, 254, 255, 256, 257, 258, 259, 260, 280, 340, 373, 374, 375, 376, 377, 459, 460, 461, 462, 500, 501, 539, 540, 541, 542, 543, 544, 545, 546, 547, 548, 549, 550, 552, 622, 708, 709, 710, 711, 712, 713, 714, 715, 716, 717, 718, 719, 720, 739, 796, 823, 824, 825, 826, 827, 906, 907, 908, 909]","[15, 16, 65, 66, 67, 68, 69, 70, 71, 72, 73, 74, 75, 76, 80, 151, 245, 246, 247, 248, 249, 250, 251, 252, 253, 254, 255, 256, 257, 258, 259, 280, 340, 373, 374, 375, 376, 377, 459, 460, 461, 462, 500, 501, 539, 540, 541, 542, 543, 544, 545, 546, 547, 548, 549, 550, 552, 622, 708, 709, 710, 711, 712, 713, 714, 715, 716, 717, 718, 719, 720, 739, 796, 823, 824, 825, 826, 827, 906, 907, 908, 909]",0/6 successful match,False,,False,10,False,,1.0,True,Pilot Travel Center # 308,Pilot
Laramie ( 82070 ) Pilot Travel Center # 308,8 307-742-6443 I-80 Exit 310 ( Bus I-80 E ) pilat,24 <U+25A1> Lo 0 24,Laramie,82070,Pilot Travel Center # 308,307-742-6443,2016,Laramie,WY,Pilot,( Bus I-80 E ) pilat,I-80 Exit 310 ,Exit,310,False,,False,I-80,,,,,[],[],[],[],[],"[89, 108, 172, 217, 221, 239, 264, 280, 321, 342, 343, 344, 345, 346, 349, 351, 352, 355, 357, 359, 364, 368, 371, 372, 373, 374, 376, 377, 387, 392, 393, 403, 409, 411, 414, 424, 430, 449, 454, 470, 480, 560, 584, 643, 685, 703, 724, 739, 779, 798, 799, 800, 801, 804, 806, 807, 810, 812, 814, 816, 821, 822, 823, 824, 826, 827, 837, 842, 843, 852, 859, 862, 865, 869, 876, 882, 897, 901, 917, 932]","[15, 16, 65, 66, 67, 68, 69, 70, 71, 72, 73, 74, 75, 76, 80, 151, 245, 246, 247, 248, 249, 250, 251, 252, 253, 254, 255, 256, 257, 258, 259, 280, 340, 373, 374, 375, 376, 377, 459, 460, 461, 462, 500, 501, 539, 540, 541, 542, 543, 544, 545, 546, 547, 548, 549, 550, 552, 622, 708, 709, 710, 711, 712, 713, 714, 715, 716, 717, 718, 719, 720, 739, 796, 823, 824, 825, 826, 827, 906, 907, 908, 909]","[15, 16, 65, 66, 67, 68, 69, 70, 71, 72, 73, 74, 75, 76, 77, 78, 80, 151, 244, 245, 246, 247, 248, 249, 250, 251, 252, 253, 254, 255, 256, 257, 258, 259, 260, 280, 340, 373, 374, 375, 376, 377, 459, 460, 461, 462, 500, 501, 539, 540, 541, 542, 543, 544, 545, 546, 547, 548, 549, 550, 552, 622, 708, 709, 710, 711, 712, 713, 714, 715, 716, 717, 718, 719, 720, 739, 796, 823, 824, 825, 826, 827, 906, 907, 908, 909]","[15, 16, 539, 540, 541, 542, 543, 544, 545, 546, 547, 548, 549, 550, 552, 560, 65, 66, 67, 68, 69, 70, 71, 584, 72, 73, 74, 75, 76, 77, 78, 80, 89, 108, 622, 643, 151, 172, 685, 703, 708, 709, 710, 711, 712, 713, 714, 715, 716, 717, 718, 719, 720, 724, 217, 221, 739, 239, 244, 245, 246, 247, 248, 249, 250, 251, 252, 253, 254, 255, 256, 257, 258, 259, 260, 264, 779, 280, 796, 798, 799, 800, 801, 804, 806, 807, 810, 812, 814, 816, 821, 822, 823, 824, 825, 826, 827, 321, 837, 842, 843, 852, 340, 342, 343, 344, 345, 346, 859, 349, 862, 351, 352, 865, 355, 357, 869, 359, 364, 876, 368, 882, 371, 372, 373, 374, 375, 376, 377, 897, 387, 901, 392, 393, 906, 907, 908, 909, 403, 917, 409, 411, 414, 932, 424, 430, 449, 454, 459, 460, 461, 462, 470, 480, 500, 501]",False,[],[],[],[],"[89, 108, 172, 217, 221, 239, 264, 280, 321, 342, 343, 344, 345, 346, 349, 351, 352, 355, 357, 359, 364, 368, 371, 372, 373, 374, 376, 377, 387, 392, 393, 403, 409, 411, 414, 424, 430, 449, 454, 470, 480, 560, 584, 643, 685, 703, 724, 739, 779, 798, 799, 800, 801, 804, 806, 807, 810, 812, 814, 816, 821, 822, 823, 824, 826, 827, 837, 842, 843, 852, 859, 862, 865, 869, 876, 882, 897, 901, 917, 932]","[15, 16, 65, 66, 67, 68, 69, 70, 71, 72, 73, 74, 75, 76, 77, 78, 80, 151, 244, 245, 246, 247, 248, 249, 250, 251, 252, 253, 254, 255, 256, 257, 258, 259, 260, 280, 340, 373, 374, 375, 376, 377, 459, 460, 461, 462, 500, 501, 539, 540, 541, 542, 543, 544, 545, 546, 547, 548, 549, 550, 552, 622, 708, 709, 710, 711, 712, 713, 714, 715, 716, 717, 718, 719, 720, 739, 796, 823, 824, 825, 826, 827, 906, 907, 908, 909]","[15, 16, 65, 66, 67, 68, 69, 70, 71, 72, 73, 74, 75, 76, 80, 151, 245, 246, 247, 248, 249, 250, 251, 252, 253, 254, 255, 256, 257, 258, 259, 280, 340, 373, 374, 375, 376, 377, 459, 460, 461, 462, 500, 501, 539, 540, 541, 542, 543, 544, 545, 546, 547, 548, 549, 550, 552, 622, 708, 709, 710, 711, 712, 713, 714, 715, 716, 717, 718, 719, 720, 739, 796, 823, 824, 825, 826, 827, 906, 907, 908, 909]",0/6 successful match,False,,False,10,False,,1.0,True,Pilot Travel Center # 308,Pilot
"Laramie , 82070 Petro Stopping Center # 3",307-745-6480 I-80 Exit 310 ( Curtis St ) PETRO,24 XL D,Laramie,82070,Petro Stopping Center # 3,307-745-6480,2006,Laramie,WY,,( Curtis St ) PETRO,I-80 Exit 310 ,Exit,310,False,,False,I-80,,,,,[],[],[],[],[],"[89, 108, 172, 217, 221, 239, 264, 280, 321, 342, 343, 344, 345, 346, 349, 351, 352, 355, 357, 359, 364, 368, 371, 372, 373, 374, 376, 377, 387, 392, 393, 403, 409, 411, 414, 424, 430, 449, 454, 470, 480, 560, 584, 643, 685, 703, 724, 739, 779, 798, 799, 800, 801, 804, 806, 807, 810, 812, 814, 816, 821, 822, 823, 824, 826, 827, 837, 842, 843, 852, 859, 862, 865, 869, 876, 882, 897, 901, 917, 932]",[],"[63, 64, 240, 241, 242, 243, 370, 371, 372, 537, 538, 704, 705, 706, 707, 820, 821, 822]","[537, 538, 560, 63, 64, 584, 89, 108, 643, 172, 685, 703, 704, 705, 706, 707, 724, 217, 221, 739, 239, 240, 241, 242, 243, 264, 779, 280, 798, 799, 800, 801, 804, 806, 807, 810, 812, 814, 816, 820, 821, 822, 823, 824, 826, 827, 321, 837, 842, 843, 852, 342, 343, 344, 345, 346, 859, 349, 862, 351, 352, 865, 355, 357, 869, 359, 364, 876, 368, 882, 371, 372, 373, 374, 370, 376, 377, 897, 387, 901, 392, 393, 403, 917, 409, 411, 414, 932, 424, 430, 449, 454, 470, 480]",False,[],[],[],[],"[89, 108, 172, 217, 221, 239, 264, 280, 321, 342, 343, 344, 345, 346, 349, 351, 352, 355, 357, 359, 364, 368, 371, 372, 373, 374, 376, 377, 387, 392, 393, 403, 409, 411, 414, 424, 430, 449, 454, 470, 480, 560, 584, 643, 685, 703, 724, 739, 779, 798, 799, 800, 801, 804, 806, 807, 810, 812, 814, 816, 821, 822, 823, 824, 826, 827, 837, 842, 843, 852, 859, 862, 865, 869, 876, 882, 897, 901, 917, 932]","[63, 64, 240, 241, 242, 243, 370, 371, 372, 537, 538, 704, 705, 706, 707, 820, 821, 822]",[],0/6 successful match,False,,False,11,False,,,,,
F Center # 3,"307-745-6480 Laramie , 82070 I-80 Petro Exit Stopping 310 ( Curtis St ) PETRO",,,82070,,307-745-6480,2007,Laramie,WY,,( Curtis St ) PETRO,"Laramie, I-80 Petro Exit Stopping 310",Exit,,False,,False,I-80,,,,,[],[],[],[],[],"[89, 108, 172, 217, 221, 239, 264, 280, 321, 342, 343, 344, 345, 346, 349, 351, 352, 355, 357, 359, 364, 368, 371, 372, 373, 374, 376, 377, 387, 392, 393, 403, 409, 411, 414, 424, 430, 449, 454, 470, 480, 560, 584, 643, 685, 703, 724, 739, 779, 798, 799, 800, 801, 804, 806, 807, 810, 812, 814, 816, 821, 822, 823, 824, 826, 827, 837, 842, 843, 852, 859, 862, 865, 869, 876, 882, 897, 901, 917, 932]",[],[],"[560, 584, 89, 108, 643, 172, 685, 703, 724, 217, 221, 739, 239, 264, 779, 280, 798, 799, 800, 801, 804, 806, 807, 810, 812, 814, 816, 821, 822, 823, 824, 826, 827, 321, 837, 842, 843, 852, 342, 343, 344, 345, 346, 859, 349, 862, 351, 352, 865, 355, 357, 869, 359, 364, 876, 368, 882, 371, 372, 373, 374, 376, 377, 897, 387, 901, 392, 393, 403, 917, 409, 411, 414, 932, 424, 430, 449, 454, 470, 480]",False,[],[],[],[],"[89, 108, 172, 217, 221, 239, 264, 280, 321, 342, 343, 344, 345, 346, 349, 351, 352, 355, 357, 359, 364, 368, 371, 372, 373, 374, 376, 377, 387, 392, 393, 403, 409, 411, 414, 424, 430, 449, 454, 470, 480, 560, 584, 643, 685, 703, 724, 739, 779, 798, 799, 800, 801, 804, 806, 807, 810, 812, 814, 816, 821, 822, 823, 824, 826, 827, 837, 842, 843, 852, 859, 862, 865, 869, 876, 882, 897, 901, 917, 932]",[],[],0/6 successful match,False,,False,11,True,2007,0.0,True,Petro Stopping Center # 3,
"Laramie , 82070 Petro Stopping Center # 3",8 307-745-6480 I-80 Exit 310 ( Curtis St ) PETRO,24 XL 240,Laramie,82070,Petro Stopping Center # 3,307-745-6480,2008,Laramie,WY,,( Curtis St ) PETRO,I-80 Exit 310 ,Exit,310,False,,False,I-80,,,,,[],[],[],[],[],"[89, 108, 172, 217, 221, 239, 264, 280, 321, 342, 343, 344, 345, 346, 349, 351, 352, 355, 357, 359, 364, 368, 371, 372, 373, 374, 376, 377, 387, 392, 393, 403, 409, 411, 414, 424, 430, 449, 454, 470, 480, 560, 584, 643, 685, 703, 724, 739, 779, 798, 799, 800, 801, 804, 806, 807, 810, 812, 814, 816, 821, 822, 823, 824, 826, 827, 837, 842, 843, 852, 859, 862, 865, 869, 876, 882, 897, 901, 917, 932]",[],"[63, 64, 240, 241, 242, 243, 370, 371, 372, 537, 538, 704, 705, 706, 707, 820, 821, 822]","[537, 538, 560, 63, 64, 584, 89, 108, 643, 172, 685, 703, 704, 705, 706, 707, 724, 217, 221, 739, 239, 240, 241, 242, 243, 264, 779, 280, 798, 799, 800, 801, 804, 806, 807, 810, 812, 814, 816, 820, 821, 822, 823, 824, 826, 827, 321, 837, 842, 843, 852, 342, 343, 344, 345, 346, 859, 349, 862, 351, 352, 865, 355, 357, 869, 359, 364, 876, 368, 882, 371, 372, 373, 374, 370, 376, 377, 897, 387, 901, 392, 393, 403, 917, 409, 411, 414, 932, 424, 430, 449, 454, 470, 480]",False,[],[],[],[],"[89, 108, 172, 217, 221, 239, 264, 280, 321, 342, 343, 344, 345, 346, 349, 351, 352, 355, 357, 359, 364, 368, 371, 372, 373, 374, 376, 377, 387, 392, 393, 403, 409, 411, 414, 424, 430, 449, 454, 470, 480, 560, 584, 643, 685, 703, 724, 739, 779, 798, 799, 800, 801, 804, 806, 807, 810, 812, 814, 816, 821, 822, 823, 824, 826, 827, 837, 842, 843, 852, 859, 862, 865, 869, 876, 882, 897, 901, 917, 932]","[63, 64, 240, 241, 242, 243, 370, 371, 372, 537, 538, 704, 705, 706, 707, 820, 821, 822]",[],0/6 successful match,False,,False,11,True,2008,0.0,True,,
Laramie ( 82070 ) Petro Laramie # 303 ( Shell ),8 307-745-6480 I-80 Exit 310 ( Curtis St W ),PETRO <U+25A1> XL 29,Laramie,82070,Petro Laramie # 303 ( Shell ),307-745-6480,2014,Laramie,WY,Shell,( Curtis St W ),I-80 Exit 310 ,Exit,310,False,,False,I-80,,,,,[],[],[],[],[],"[89, 108, 172, 217, 221, 239, 264, 280, 321, 342, 343, 344, 345, 346, 349, 351, 352, 355, 357, 359, 364, 368, 371, 372, 373, 374, 376, 377, 387, 392, 393, 403, 409, 411, 414, 424, 430, 449, 454, 470, 480, 560, 584, 643, 685, 703, 724, 739, 779, 798, 799, 800, 801, 804, 806, 807, 810, 812, 814, 816, 821, 822, 823, 824, 826, 827, 837, 842, 843, 852, 859, 862, 865, 869, 876, 882, 897, 901, 917, 932]","[1, 13, 14, 29, 54, 55, 56, 57, 58, 60, 102, 118, 125, 127, 130, 134, 146, 149, 153, 175, 182, 187, 189, 191, 197, 225, 230, 238, 264, 265, 266, 286, 302, 317, 336, 379, 388, 389, 425, 454, 458, 463, 475, 487, 498, 499, 512, 530, 531, 532, 533, 534, 536, 573, 589, 596, 598, 601, 605, 617, 620, 624, 646, 653, 658, 660, 662, 668, 689, 694, 702, 724, 725, 745, 760, 775, 793, 829, 838, 839, 877, 901, 903, 905, 910, 923]","[1, 13, 14, 29, 54, 55, 56, 57, 58, 60, 63, 64, 102, 118, 125, 127, 130, 134, 146, 149, 153, 175, 182, 187, 189, 191, 197, 225, 230, 238, 240, 241, 242, 243, 264, 265, 266, 286, 302, 317, 336, 354, 370, 371, 372, 379, 388, 389, 425, 454, 458, 463, 475, 487, 498, 499, 512, 530, 531, 532, 533, 534, 536, 537, 538, 573, 589, 596, 598, 601, 605, 617, 620, 624, 646, 653, 658, 660, 662, 668, 689, 694, 702, 704, 705, 706, 707, 724, 725, 745, 760, 775, 793, 809, 820, 821, 822, 829, 838, 839, 877, 901, 903, 905, 910, 923]","[512, 1, 13, 14, 530, 531, 532, 533, 534, 536, 537, 538, 29, 560, 54, 55, 56, 57, 58, 60, 573, 63, 64, 584, 589, 596, 598, 89, 601, 605, 102, 617, 108, 620, 624, 118, 125, 127, 130, 643, 134, 646, 653, 146, 658, 660, 149, 662, 153, 668, 172, 685, 175, 689, 182, 694, 187, 189, 702, 703, 191, 704, 705, 706, 707, 197, 724, 725, 217, 221, 225, 739, 230, 745, 238, 239, 240, 241, 242, 243, 760, 775, 264, 265, 266, 779, 280, 793, 798, 799, 800, 801, 286, 804, 806, 807, 809, 810, 812, 814, 302, 816, 820, 821, 822, 823, 824, 826, 827, 317, 829, 321, 837, 838, 839, 842, 843, 336, 852, 342, 343, 344, 345, 346, 859, 349, 862, 351, 352, 865, 354, 355, 357, 869, 359, 364, 876, 877, 368, 882, 371, 372, 373, 374, 370, 376, 377, 379, 897, 387, 388, 901, 389, 903, 392, 393, 905, 910, 403, 917, 409, 411, 923, 414, 932, 424, 425, 430, 449, 454, 458, 463, 470, 475, 480, 487, 498, 499]",False,[],[],[],[],"[89, 108, 172, 217, 221, 239, 264, 280, 321, 342, 343, 344, 345, 346, 349, 351, 352, 355, 357, 359, 364, 368, 371, 372, 373, 374, 376, 377, 387, 392, 393, 403, 409, 411, 414, 424, 430, 449, 454, 470, 480, 560, 584, 643, 685, 703, 724, 739, 779, 798, 799, 800, 801, 804, 806, 807, 810, 812, 814, 816, 821, 822, 823, 824, 826, 827, 837, 842, 843, 852, 859, 862, 865, 869, 876, 882, 897, 901, 917, 932]","[1, 13, 14, 29, 54, 55, 56, 57, 58, 60, 63, 64, 102, 118, 125, 127, 130, 134, 146, 149, 153, 175, 182, 187, 189, 191, 197, 225, 230, 238, 240, 241, 242, 243, 264, 265, 266, 286, 302, 317, 336, 354, 370, 371, 372, 379, 388, 389, 425, 454, 458, 463, 475, 487, 498, 499, 512, 530, 531, 532, 533, 534, 536, 537, 538, 573, 589, 596, 598, 601, 605, 617, 620, 624, 646, 653, 658, 660, 662, 668, 689, 694, 702, 704, 705, 706, 707, 724, 725, 745, 760, 775, 793, 809, 820, 821, 822, 829, 838, 839, 877, 901, 903, 905, 910, 923]","[1, 13, 14, 29, 54, 55, 56, 57, 58, 60, 102, 118, 125, 127, 130, 134, 146, 149, 153, 175, 182, 187, 189, 191, 197, 225, 230, 238, 264, 265, 266, 286, 302, 317, 336, 379, 388, 389, 425, 454, 458, 463, 475, 487, 498, 499, 512, 530, 531, 532, 533, 534, 536, 573, 589, 596, 598, 601, 605, 617, 620, 624, 646, 653, 658, 660, 662, 668, 689, 694, 702, 724, 725, 745, 760, 775, 793, 829, 838, 839, 877, 901, 903, 905, 910, 923]",0/6 successful match,False,,False,11,False,,0.40222222222222226,True,Petro Stopping Center # 3,
Laramie ( 82070 ) Petro Laramie # 303 ( Shell ),8 307-745-6480 I-80 Exit 310 ( Curtis St ),24 <U+2610> XL 24 22,Laramie,82070,Petro Laramie # 303 ( Shell ),307-745-6480,2015,Laramie,WY,Shell,( Curtis St ),I-80 Exit 310 ,Exit,310,False,,False,I-80,,,,,[],[],[],[],[],"[89, 108, 172, 217, 221, 239, 264, 280, 321, 342, 343, 344, 345, 346, 349, 351, 352, 355, 357, 359, 364, 368, 371, 372, 373, 374, 376, 377, 387, 392, 393, 403, 409, 411, 414, 424, 430, 449, 454, 470, 480, 560, 584, 643, 685, 703, 724, 739, 779, 798, 799, 800, 801, 804, 806, 807, 810, 812, 814, 816, 821, 822, 823, 824, 826, 827, 837, 842, 843, 852, 859, 862, 865, 869, 876, 882, 897, 901, 917, 932]","[1, 13, 14, 29, 54, 55, 56, 57, 58, 60, 102, 118, 125, 127, 130, 134, 146, 149, 153, 175, 182, 187, 189, 191, 197, 225, 230, 238, 264, 265, 266, 286, 302, 317, 336, 379, 388, 389, 425, 454, 458, 463, 475, 487, 498, 499, 512, 530, 531, 532, 533, 534, 536, 573, 589, 596, 598, 601, 605, 617, 620, 624, 646, 653, 658, 660, 662, 668, 689, 694, 702, 724, 725, 745, 760, 775, 793, 829, 838, 839, 877, 901, 903, 905, 910, 923]","[1, 13, 14, 29, 54, 55, 56, 57, 58, 60, 63, 64, 102, 118, 125, 127, 130, 134, 146, 149, 153, 175, 182, 187, 189, 191, 197, 225, 230, 238, 240, 241, 242, 243, 264, 265, 266, 286, 302, 317, 336, 354, 370, 371, 372, 379, 388, 389, 425, 454, 458, 463, 475, 487, 498, 499, 512, 530, 531, 532, 533, 534, 536, 537, 538, 573, 589, 596, 598, 601, 605, 617, 620, 624, 646, 653, 658, 660, 662, 668, 689, 694, 702, 704, 705, 706, 707, 724, 725, 745, 760, 775, 793, 809, 820, 821, 822, 829, 838, 839, 877, 901, 903, 905, 910, 923]","[512, 1, 13, 14, 530, 531, 532, 533, 534, 536, 537, 538, 29, 560, 54, 55, 56, 57, 58, 60, 573, 63, 64, 584, 589, 596, 598, 89, 601, 605, 102, 617, 108, 620, 624, 118, 125, 127, 130, 643, 134, 646, 653, 146, 658, 660, 149, 662, 153, 668, 172, 685, 175, 689, 182, 694, 187, 189, 702, 703, 191, 704, 705, 706, 707, 197, 724, 725, 217, 221, 225, 739, 230, 745, 238, 239, 240, 241, 242, 243, 760, 775, 264, 265, 266, 779, 280, 793, 798, 799, 800, 801, 286, 804, 806, 807, 809, 810, 812, 814, 302, 816, 820, 821, 822, 823, 824, 826, 827, 317, 829, 321, 837, 838, 839, 842, 843, 336, 852, 342, 343, 344, 345, 346, 859, 349, 862, 351, 352, 865, 354, 355, 357, 869, 359, 364, 876, 877, 368, 882, 371, 372, 373, 374, 370, 376, 377, 379, 897, 387, 388, 901, 389, 903, 392, 393, 905, 910, 403, 917, 409, 411, 923, 414, 932, 424, 425, 430, 449, 454, 458, 463, 470, 475, 480, 487, 498, 499]",False,[],[],[],[],"[89, 108, 172, 217, 221, 239, 264, 280, 321, 342, 343, 344, 345, 346, 349, 351, 352, 355, 357, 359, 364, 368, 371, 372, 373, 374, 376, 377, 387, 392, 393, 403, 409, 411, 414, 424, 430, 449, 454, 470, 480, 560, 584, 643, 685, 703, 724, 739, 779, 798, 799, 800, 801, 804, 806, 807, 810, 812, 814, 816, 821, 822, 823, 824, 826, 827, 837, 842, 843, 852, 859, 862, 865, 869, 876, 882, 897, 901, 917, 932]","[1, 13, 14, 29, 54, 55, 56, 57, 58, 60, 63, 64, 102, 118, 125, 127, 130, 134, 146, 149, 153, 175, 182, 187, 189, 191, 197, 225, 230, 238, 240, 241, 242, 243, 264, 265, 266, 286, 302, 317, 336, 354, 370, 371, 372, 379, 388, 389, 425, 454, 458, 463, 475, 487, 498, 499, 512, 530, 531, 532, 533, 534, 536, 537, 538, 573, 589, 596, 598, 601, 605, 617, 620, 624, 646, 653, 658, 660, 662, 668, 689, 694, 702, 704, 705, 706, 707, 724, 725, 745, 760, 775, 793, 809, 820, 821, 822, 829, 838, 839, 877, 901, 903, 905, 910, 923]","[1, 13, 14, 29, 54, 55, 56, 57, 58, 60, 102, 118, 125, 127, 130, 134, 146, 149, 153, 175, 182, 187, 189, 191, 197, 225, 230, 238, 264, 265, 266, 286, 302, 317, 336, 379, 388, 389, 425, 454, 458, 463, 475, 487, 498, 499, 512, 530, 531, 532, 533, 534, 536, 573, 589, 596, 598, 601, 605, 617, 620, 624, 646, 653, 658, 660, 662, 668, 689, 694, 702, 724, 725, 745, 760, 775, 793, 829, 838, 839, 877, 901, 903, 905, 910, 923]",0/6 successful match,False,,False,11,False,,1.0,True,Petro Laramie # 303 ( Shell ),Shell
F Laramie ( 82070 ) Petro Laramie # 303 ( Shell ),8 307-745-6480 I-80 Exit 310 ( Curtis St W ),24 <U+2610> XL 24,Laramie,82070,Petro Laramie # 303 ( Shell ),307-745-6480,2016,Laramie,WY,Shell,( Curtis St W ),I-80 Exit 310 ,Exit,310,False,,False,I-80,,,,,[],[],[],[],[],"[89, 108, 172, 217, 221, 239, 264, 280, 321, 342, 343, 344, 345, 346, 349, 351, 352, 355, 357, 359, 364, 368, 371, 372, 373, 374, 376, 377, 387, 392, 393, 403, 409, 411, 414, 424, 430, 449, 454, 470, 480, 560, 584, 643, 685, 703, 724, 739, 779, 798, 799, 800, 801, 804, 806, 807, 810, 812, 814, 816, 821, 822, 823, 824, 826, 827, 837, 842, 843, 852, 859, 862, 865, 869, 876, 882, 897, 901, 917, 932]","[1, 13, 14, 29, 54, 55, 56, 57, 58, 60, 102, 118, 125, 127, 130, 134, 146, 149, 153, 175, 182, 187, 189, 191, 197, 225, 230, 238, 264, 265, 266, 286, 302, 317, 336, 379, 388, 389, 425, 454, 458, 463, 475, 487, 498, 499, 512, 530, 531, 532, 533, 534, 536, 573, 589, 596, 598, 601, 605, 617, 620, 624, 646, 653, 658, 660, 662, 668, 689, 694, 702, 724, 725, 745, 760, 775, 793, 829, 838, 839, 877, 901, 903, 905, 910, 923]","[1, 13, 14, 29, 54, 55, 56, 57, 58, 60, 63, 64, 102, 118, 125, 127, 130, 134, 146, 149, 153, 175, 182, 187, 189, 191, 197, 225, 230, 238, 240, 241, 242, 243, 264, 265, 266, 286, 302, 317, 336, 354, 370, 371, 372, 379, 388, 389, 425, 454, 458, 463, 475, 487, 498, 499, 512, 530, 531, 532, 533, 534, 536, 537, 538, 573, 589, 596, 598, 601, 605, 617, 620, 624, 646, 653, 658, 660, 662, 668, 689, 694, 702, 704, 705, 706, 707, 724, 725, 745, 760, 775, 793, 809, 820, 821, 822, 829, 838, 839, 877, 901, 903, 905, 910, 923]","[512, 1, 13, 14, 530, 531, 532, 533, 534, 536, 537, 538, 29, 560, 54, 55, 56, 57, 58, 60, 573, 63, 64, 584, 589, 596, 598, 89, 601, 605, 102, 617, 108, 620, 624, 118, 125, 127, 130, 643, 134, 646, 653, 146, 658, 660, 149, 662, 153, 668, 172, 685, 175, 689, 182, 694, 187, 189, 702, 703, 191, 704, 705, 706, 707, 197, 724, 725, 217, 221, 225, 739, 230, 745, 238, 239, 240, 241, 242, 243, 760, 775, 264, 265, 266, 779, 280, 793, 798, 799, 800, 801, 286, 804, 806, 807, 809, 810, 812, 814, 302, 816, 820, 821, 822, 823, 824, 826, 827, 317, 829, 321, 837, 838, 839, 842, 843, 336, 852, 342, 343, 344, 345, 346, 859, 349, 862, 351, 352, 865, 354, 355, 357, 869, 359, 364, 876, 877, 368, 882, 371, 372, 373, 374, 370, 376, 377, 379, 897, 387, 388, 901, 389, 903, 392, 393, 905, 910, 403, 917, 409, 411, 923, 414, 932, 424, 425, 430, 449, 454, 458, 463, 470, 475, 480, 487, 498, 499]",False,[],[],[],[],"[89, 108, 172, 217, 221, 239, 264, 280, 321, 342, 343, 344, 345, 346, 349, 351, 352, 355, 357, 359, 364, 368, 371, 372, 373, 374, 376, 377, 387, 392, 393, 403, 409, 411, 414, 424, 430, 449, 454, 470, 480, 560, 584, 643, 685, 703, 724, 739, 779, 798, 799, 800, 801, 804, 806, 807, 810, 812, 814, 816, 821, 822, 823, 824, 826, 827, 837, 842, 843, 852, 859, 862, 865, 869, 876, 882, 897, 901, 917, 932]","[1, 13, 14, 29, 54, 55, 56, 57, 58, 60, 63, 64, 102, 118, 125, 127, 130, 134, 146, 149, 153, 175, 182, 187, 189, 191, 197, 225, 230, 238, 240, 241, 242, 243, 264, 265, 266, 286, 302, 317, 336, 354, 370, 371, 372, 379, 388, 389, 425, 454, 458, 463, 475, 487, 498, 499, 512, 530, 531, 532, 533, 534, 536, 537, 538, 573, 589, 596, 598, 601, 605, 617, 620, 624, 646, 653, 658, 660, 662, 668, 689, 694, 702, 704, 705, 706, 707, 724, 725, 745, 760, 775, 793, 809, 820, 821, 822, 829, 838, 839, 877, 901, 903, 905, 910, 923]","[1, 13, 14, 29, 54, 55, 56, 57, 58, 60, 102, 118, 125, 127, 130, 134, 146, 149, 153, 175, 182, 187, 189, 191, 197, 225, 230, 238, 264, 265, 266, 286, 302, 317, 336, 379, 388, 389, 425, 454, 458, 463, 475, 487, 498, 499, 512, 530, 531, 532, 533, 534, 536, 573, 589, 596, 598, 601, 605, 617, 620, 624, 646, 653, 658, 660, 662, 668, 689, 694, 702, 724, 725, 745, 760, 775, 793, 829, 838, 839, 877, 901, 903, 905, 910, 923]",0/6 successful match,False,,False,11,False,,1.0,True,Petro Laramie # 303 ( Shell ),Shell
"F Laramie , 82070 Diamond Shamrock # 4552",8 307-745-7394 I-80 Exit 310 ( 1 mi E on Curtis St ),HRS 24 M O,Laramie,82070,Diamond Shamrock # 4552,307-745-7394,2006,Laramie,WY,Shamrock,( 1 mi E on Curtis St ),I-80 Exit 310 ,Exit,310,False,,False,I-80,,,,,[],[],[],[],[],"[89, 108, 172, 217, 221, 239, 264, 280, 321, 342, 343, 344, 345, 346, 349, 351, 352, 355, 357, 359, 364, 368, 371, 372, 373, 374, 376, 377, 387, 392, 393, 403, 409, 411, 414, 424, 430, 449, 454, 470, 480, 560, 584, 643, 685, 703, 724, 739, 779, 798, 799, 800, 801, 804, 806, 807, 810, 812, 814, 816, 821, 822, 823, 824, 826, 827, 837, 842, 843, 852, 859, 862, 865, 869, 876, 882, 897, 901, 917, 932]",[],[],"[560, 584, 89, 108, 643, 172, 685, 703, 724, 217, 221, 739, 239, 264, 779, 280, 798, 799, 800, 801, 804, 806, 807, 810, 812, 814, 816, 821, 822, 823, 824, 826, 827, 321, 837, 842, 843, 852, 342, 343, 344, 345, 346, 859, 349, 862, 351, 352, 865, 355, 357, 869, 359, 364, 876, 368, 882, 371, 372, 373, 374, 376, 377, 897, 387, 901, 392, 393, 403, 917, 409, 411, 414, 932, 424, 430, 449, 454, 470, 480]",False,[],[],[],[],"[89, 108, 172, 217, 221, 239, 264, 280, 321, 342, 343, 344, 345, 346, 349, 351, 352, 355, 357, 359, 364, 368, 371, 372, 373, 374, 376, 377, 387, 392, 393, 403, 409, 411, 414, 424, 430, 449, 454, 470, 480, 560, 584, 643, 685, 703, 724, 739, 779, 798, 799, 800, 801, 804, 806, 807, 810, 812, 814, 816, 821, 822, 823, 824, 826, 827, 837, 842, 843, 852, 859, 862, 865, 869, 876, 882, 897, 901, 917, 932]",[],[],0/6 successful match,False,,False,12,False,,,,,
"Laramie , 82070 Diamond Shamrock # 4552",307-745-7394 I-80 Exit 310 ( 1 mi E on Curtis St ),,Laramie,82070,Diamond Shamrock # 4552,307-745-7394,2007,Laramie,WY,Shamrock,( 1 mi E on Curtis St ),I-80 Exit 310 ,Exit,310,False,,False,I-80,,,,,[],[],[],[],[],"[89, 108, 172, 217, 221, 239, 264, 280, 321, 342, 343, 344, 345, 346, 349, 351, 352, 355, 357, 359, 364, 368, 371, 372, 373, 374, 376, 377, 387, 392, 393, 403, 409, 411, 414, 424, 430, 449, 454, 470, 480, 560, 584, 643, 685, 703, 724, 739, 779, 798, 799, 800, 801, 804, 806, 807, 810, 812, 814, 816, 821, 822, 823, 824, 826, 827, 837, 842, 843, 852, 859, 862, 865, 869, 876, 882, 897, 901, 917, 932]",[],[],"[560, 584, 89, 108, 643, 172, 685, 703, 724, 217, 221, 739, 239, 264, 779, 280, 798, 799, 800, 801, 804, 806, 807, 810, 812, 814, 816, 821, 822, 823, 824, 826, 827, 321, 837, 842, 843, 852, 342, 343, 344, 345, 346, 859, 349, 862, 351, 352, 865, 355, 357, 869, 359, 364, 876, 368, 882, 371, 372, 373, 374, 376, 377, 897, 387, 901, 392, 393, 403, 917, 409, 411, 414, 932, 424, 430, 449, 454, 470, 480]",False,[],[],[],[],"[89, 108, 172, 217, 221, 239, 264, 280, 321, 342, 343, 344, 345, 346, 349, 351, 352, 355, 357, 359, 364, 368, 371, 372, 373, 374, 376, 377, 387, 392, 393, 403, 409, 411, 414, 424, 430, 449, 454, 470, 480, 560, 584, 643, 685, 703, 724, 739, 779, 798, 799, 800, 801, 804, 806, 807, 810, 812, 814, 816, 821, 822, 823, 824, 826, 827, 837, 842, 843, 852, 859, 862, 865, 869, 876, 882, 897, 901, 917, 932]",[],[],0/6 successful match,False,,False,12,False,,1.0,True,Diamond Shamrock # 4552,Shamrock
"Laramie , 82070 Diamond Shamrock # 4552",8 307-745-7394 I-80 Exit 310 ( 1 mi E on Curtis St ),24 M <U+2610> <U+2610> <U+2610>,Laramie,82070,Diamond Shamrock # 4552,307-745-7394,2008,Laramie,WY,Shamrock,( 1 mi E on Curtis St ),I-80 Exit 310 ,Exit,310,False,,False,I-80,,,,,[],[],[],[],[],"[89, 108, 172, 217, 221, 239, 264, 280, 321, 342, 343, 344, 345, 346, 349, 351, 352, 355, 357, 359, 364, 368, 371, 372, 373, 374, 376, 377, 387, 392, 393, 403, 409, 411, 414, 424, 430, 449, 454, 470, 480, 560, 584, 643, 685, 703, 724, 739, 779, 798, 799, 800, 801, 804, 806, 807, 810, 812, 814, 816, 821, 822, 823, 824, 826, 827, 837, 842, 843, 852, 859, 862, 865, 869, 876, 882, 897, 901, 917, 932]",[],[],"[560, 584, 89, 108, 643, 172, 685, 703, 724, 217, 221, 739, 239, 264, 779, 280, 798, 799, 800, 801, 804, 806, 807, 810, 812, 814, 816, 821, 822, 823, 824, 826, 827, 321, 837, 842, 843, 852, 342, 343, 344, 345, 346, 859, 349, 862, 351, 352, 865, 355, 357, 869, 359, 364, 876, 368, 882, 371, 372, 373, 374, 376, 377, 897, 387, 901, 392, 393, 403, 917, 409, 411, 414, 932, 424, 430, 449, 454, 470, 480]",False,[],[],[],[],"[89, 108, 172, 217, 221, 239, 264, 280, 321, 342, 343, 344, 345, 346, 349, 351, 352, 355, 357, 359, 364, 368, 371, 372, 373, 374, 376, 377, 387, 392, 393, 403, 409, 411, 414, 424, 430, 449, 454, 470, 480, 560, 584, 643, 685, 703, 724, 739, 779, 798, 799, 800, 801, 804, 806, 807, 810, 812, 814, 816, 821, 822, 823, 824, 826, 827, 837, 842, 843, 852, 859, 862, 865, 869, 876, 882, 897, 901, 917, 932]",[],[],0/6 successful match,False,,False,12,False,,1.0,True,Diamond Shamrock # 4552,Shamrock
Laramie ( 82070 ) Corner Store # 4552 ( Valero ),8 307-745-7394 I-80 Exit 310 ( Bus I-80 E ),24 MO <U+25A1>,Laramie,82070,Corner Store # 4552 ( Valero ),307-745-7394,2014,Laramie,WY,Valero,( Bus I-80 E ),I-80 Exit 310 ,Exit,310,False,,False,I-80,,,,,[],[],[],[],[],"[89, 108, 172, 217, 221, 239, 264, 280, 321, 342, 343, 344, 345, 346, 349, 351, 352, 355, 357, 359, 364, 368, 371, 372, 373, 374, 376, 377, 387, 392, 393, 403, 409, 411, 414, 424, 430, 449, 454, 470, 480, 560, 584, 643, 685, 703, 724, 739, 779, 798, 799, 800, 801, 804, 806, 807, 810, 812, 814, 816, 821, 822, 823, 824, 826, 827, 837, 842, 843, 852, 859, 862, 865, 869, 876, 882, 897, 901, 917, 932]","[2, 9, 10, 82, 111, 112, 113, 199, 279, 284, 285, 300, 488, 494, 495, 553, 581, 582, 583, 670, 738, 743, 744, 759, 818]","[2, 9, 10, 82, 111, 112, 113, 196, 199, 279, 284, 285, 300, 397, 488, 494, 495, 553, 581, 582, 583, 667, 670, 738, 743, 744, 759, 818, 847]","[2, 9, 10, 553, 560, 581, 582, 583, 584, 82, 89, 108, 111, 112, 113, 643, 667, 670, 172, 685, 703, 196, 199, 724, 217, 221, 738, 739, 743, 744, 239, 759, 264, 779, 279, 280, 284, 285, 798, 799, 800, 801, 804, 806, 807, 810, 812, 300, 814, 816, 818, 821, 822, 823, 824, 826, 827, 321, 837, 842, 843, 847, 852, 342, 343, 344, 345, 346, 859, 349, 862, 351, 352, 865, 355, 357, 869, 359, 364, 876, 368, 882, 371, 372, 373, 374, 376, 377, 897, 387, 901, 392, 393, 397, 403, 917, 409, 411, 414, 932, 424, 430, 449, 454, 470, 480, 488, 494, 495]",False,[],[],[],[],"[89, 108, 172, 217, 221, 239, 264, 280, 321, 342, 343, 344, 345, 346, 349, 351, 352, 355, 357, 359, 364, 368, 371, 372, 373, 374, 376, 377, 387, 392, 393, 403, 409, 411, 414, 424, 430, 449, 454, 470, 480, 560, 584, 643, 685, 703, 724, 739, 779, 798, 799, 800, 801, 804, 806, 807, 810, 812, 814, 816, 821, 822, 823, 824, 826, 827, 837, 842, 843, 852, 859, 862, 865, 869, 876, 882, 897, 901, 917, 932]","[2, 9, 10, 82, 111, 112, 113, 196, 199, 279, 284, 285, 300, 397, 488, 494, 495, 553, 581, 582, 583, 667, 670, 738, 743, 744, 759, 818, 847]","[2, 9, 10, 82, 111, 112, 113, 199, 279, 284, 285, 300, 488, 494, 495, 553, 581, 582, 583, 670, 738, 743, 744, 759, 818]",0/6 successful match,False,,False,12,True,2014,0.4025157232704403,False,Diamond Shamrock # 4552,Shamrock
Laramie ( 82070 ) Corner Store # 4552 ( Valero ),8 307-745-7394 I-80 Exit 310 ( Bus I-80 E ),R M,Laramie,82070,Corner Store # 4552 ( Valero ),307-745-7394,2015,Laramie,WY,Valero,( Bus I-80 E ),I-80 Exit 310 ,Exit,310,False,,False,I-80,,,,,[],[],[],[],[],"[89, 108, 172, 217, 221, 239, 264, 280, 321, 342, 343, 344, 345, 346, 349, 351, 352, 355, 357, 359, 364, 368, 371, 372, 373, 374, 376, 377, 387, 392, 393, 403, 409, 411, 414, 424, 430, 449, 454, 470, 480, 560, 584, 643, 685, 703, 724, 739, 779, 798, 799, 800, 801, 804, 806, 807, 810, 812, 814, 816, 821, 822, 823, 824, 826, 827, 837, 842, 843, 852, 859, 862, 865, 869, 876, 882, 897, 901, 917, 932]","[2, 9, 10, 82, 111, 112, 113, 199, 279, 284, 285, 300, 488, 494, 495, 553, 581, 582, 583, 670, 738, 743, 744, 759, 818]","[2, 9, 10, 82, 111, 112, 113, 196, 199, 279, 284, 285, 300, 397, 488, 494, 495, 553, 581, 582, 583, 667, 670, 738, 743, 744, 759, 818, 847]","[2, 9, 10, 553, 560, 581, 582, 583, 584, 82, 89, 108, 111, 112, 113, 643, 667, 670, 172, 685, 703, 196, 199, 724, 217, 221, 738, 739, 743, 744, 239, 759, 264, 779, 279, 280, 284, 285, 798, 799, 800, 801, 804, 806, 807, 810, 812, 300, 814, 816, 818, 821, 822, 823, 824, 826, 827, 321, 837, 842, 843, 847, 852, 342, 343, 344, 345, 346, 859, 349, 862, 351, 352, 865, 355, 357, 869, 359, 364, 876, 368, 882, 371, 372, 373, 374, 376, 377, 897, 387, 901, 392, 393, 397, 403, 917, 409, 411, 414, 932, 424, 430, 449, 454, 470, 480, 488, 494, 495]",False,[],[],[],[],"[89, 108, 172, 217, 221, 239, 264, 280, 321, 342, 343, 344, 345, 346, 349, 351, 352, 355, 357, 359, 364, 368, 371, 372, 373, 374, 376, 377, 387, 392, 393, 403, 409, 411, 414, 424, 430, 449, 454, 470, 480, 560, 584, 643, 685, 703, 724, 739, 779, 798, 799, 800, 801, 804, 806, 807, 810, 812, 814, 816, 821, 822, 823, 824, 826, 827, 837, 842, 843, 852, 859, 862, 865, 869, 876, 882, 897, 901, 917, 932]","[2, 9, 10, 82, 111, 112, 113, 196, 199, 279, 284, 285, 300, 397, 488, 494, 495, 553, 581, 582, 583, 667, 670, 738, 743, 744, 759, 818, 847]","[2, 9, 10, 82, 111, 112, 113, 199, 279, 284, 285, 300, 488, 494, 495, 553, 581, 582, 583, 670, 738, 743, 744, 759, 818]",0/6 successful match,False,,False,12,False,,1.0,True,Corner Store # 4552 ( Valero ),Valero
Laramie ( 82070 ) Corner Store # 4552 ( Valero ),307-745-7394 I-80 Exit 310 ( Bus I-80 E ),24 03 M <U+2610>,Laramie,82070,Corner Store # 4552 ( Valero ),307-745-7394,2016,Laramie,WY,Valero,( Bus I-80 E ),I-80 Exit 310 ,Exit,310,False,,False,I-80,,,,,[],[],[],[],[],"[89, 108, 172, 217, 221, 239, 264, 280, 321, 342, 343, 344, 345, 346, 349, 351, 352, 355, 357, 359, 364, 368, 371, 372, 373, 374, 376, 377, 387, 392, 393, 403, 409, 411, 414, 424, 430, 449, 454, 470, 480, 560, 584, 643, 685, 703, 724, 739, 779, 798, 799, 800, 801, 804, 806, 807, 810, 812, 814, 816, 821, 822, 823, 824, 826, 827, 837, 842, 843, 852, 859, 862, 865, 869, 876, 882, 897, 901, 917, 932]","[2, 9, 10, 82, 111, 112, 113, 199, 279, 284, 285, 300, 488, 494, 495, 553, 581, 582, 583, 670, 738, 743, 744, 759, 818]","[2, 9, 10, 82, 111, 112, 113, 196, 199, 279, 284, 285, 300, 397, 488, 494, 495, 553, 581, 582, 583, 667, 670, 738, 743, 744, 759, 818, 847]","[2, 9, 10, 553, 560, 581, 582, 583, 584, 82, 89, 108, 111, 112, 113, 643, 667, 670, 172, 685, 703, 196, 199, 724, 217, 221, 738, 739, 743, 744, 239, 759, 264, 779, 279, 280, 284, 285, 798, 799, 800, 801, 804, 806, 807, 810, 812, 300, 814, 816, 818, 821, 822, 823, 824, 826, 827, 321, 837, 842, 843, 847, 852, 342, 343, 344, 345, 346, 859, 349, 862, 351, 352, 865, 355, 357, 869, 359, 364, 876, 368, 882, 371, 372, 373, 374, 376, 377, 897, 387, 901, 392, 393, 397, 403, 917, 409, 411, 414, 932, 424, 430, 449, 454, 470, 480, 488, 494, 495]",False,[],[],[],[],"[89, 108, 172, 217, 221, 239, 264, 280, 321, 342, 343, 344, 345, 346, 349, 351, 352, 355, 357, 359, 364, 368, 371, 372, 373, 374, 376, 377, 387, 392, 393, 403, 409, 411, 414, 424, 430, 449, 454, 470, 480, 560, 584, 643, 685, 703, 724, 739, 779, 798, 799, 800, 801, 804, 806, 807, 810, 812, 814, 816, 821, 822, 823, 824, 826, 827, 837, 842, 843, 852, 859, 862, 865, 869, 876, 882, 897, 901, 917, 932]","[2, 9, 10, 82, 111, 112, 113, 196, 199, 279, 284, 285, 300, 397, 488, 494, 495, 553, 581, 582, 583, 667, 670, 738, 743, 744, 759, 818, 847]","[2, 9, 10, 82, 111, 112, 113, 199, 279, 284, 285, 300, 488, 494, 495, 553, 581, 582, 583, 670, 738, 743, 744, 759, 818]",0/6 successful match,False,,False,12,False,,1.0,True,Corner Store # 4552 ( Valero ),Valero
"Pine Bluffs , 82082 Ampride ( Cenex )",307-245-3593 I-80 Exit 401 ( 1/2 blk N ),HRS 24 MOO M,Pine Bluffs,82082,Ampride ( Cenex ),307-245-3593,2006,Pine Bluffs,WY,Cenex,( 1/2 blk N ),I-80 Exit 401 ,Exit,401,False,,False,I-80,,,,,[],[],"[130, 601]",[],[],"[89, 108, 172, 217, 221, 239, 264, 280, 321, 342, 343, 344, 345, 346, 349, 351, 352, 355, 357, 359, 364, 368, 371, 372, 373, 374, 376, 377, 387, 392, 393, 403, 409, 411, 414, 424, 430, 449, 454, 470, 480, 560, 584, 643, 685, 703, 724, 739, 779, 798, 799, 800, 801, 804, 806, 807, 810, 812, 814, 816, 821, 822, 823, 824, 826, 827, 837, 842, 843, 852, 859, 862, 865, 869, 876, 882, 897, 901, 917, 932]",[],[],"[560, 584, 601, 89, 108, 130, 643, 172, 685, 703, 724, 217, 221, 739, 239, 264, 779, 280, 798, 799, 800, 801, 804, 806, 807, 810, 812, 814, 816, 821, 822, 823, 824, 826, 827, 321, 837, 842, 843, 852, 342, 343, 344, 345, 346, 859, 349, 862, 351, 352, 865, 355, 357, 869, 359, 364, 876, 368, 882, 371, 372, 373, 374, 376, 377, 897, 387, 901, 392, 393, 403, 917, 409, 411, 414, 932, 424, 430, 449, 454, 470, 480]",False,[],[],"[130, 601]",[],"[89, 108, 172, 217, 221, 239, 264, 280, 321, 342, 343, 344, 345, 346, 349, 351, 352, 355, 357, 359, 364, 368, 371, 372, 373, 374, 376, 377, 387, 392, 393, 403, 409, 411, 414, 424, 430, 449, 454, 470, 480, 560, 584, 643, 685, 703, 724, 739, 779, 798, 799, 800, 801, 804, 806, 807, 810, 812, 814, 816, 821, 822, 823, 824, 826, 827, 837, 842, 843, 852, 859, 862, 865, 869, 876, 882, 897, 901, 917, 932]",[],[],0/6 successful match,False,,False,13,False,,,,,
"Pine Bluffs , 82082 Ampride ( Cenex )",307-245-3593 I-80 Exit 401 ( 1/2 blk N ),HRS MO,Pine Bluffs,82082,Ampride ( Cenex ),307-245-3593,2007,Pine Bluffs,WY,Cenex,( 1/2 blk N ),I-80 Exit 401 ,Exit,401,False,,False,I-80,,,,,[],[],"[130, 601]",[],[],"[89, 108, 172, 217, 221, 239, 264, 280, 321, 342, 343, 344, 345, 346, 349, 351, 352, 355, 357, 359, 364, 368, 371, 372, 373, 374, 376, 377, 387, 392, 393, 403, 409, 411, 414, 424, 430, 449, 454, 470, 480, 560, 584, 643, 685, 703, 724, 739, 779, 798, 799, 800, 801, 804, 806, 807, 810, 812, 814, 816, 821, 822, 823, 824, 826, 827, 837, 842, 843, 852, 859, 862, 865, 869, 876, 882, 897, 901, 917, 932]",[],[],"[560, 584, 601, 89, 108, 130, 643, 172, 685, 703, 724, 217, 221, 739, 239, 264, 779, 280, 798, 799, 800, 801, 804, 806, 807, 810, 812, 814, 816, 821, 822, 823, 824, 826, 827, 321, 837, 842, 843, 852, 342, 343, 344, 345, 346, 859, 349, 862, 351, 352, 865, 355, 357, 869, 359, 364, 876, 368, 882, 371, 372, 373, 374, 376, 377, 897, 387, 901, 392, 393, 403, 917, 409, 411, 414, 932, 424, 430, 449, 454, 470, 480]",False,[],[],"[130, 601]",[],"[89, 108, 172, 217, 221, 239, 264, 280, 321, 342, 343, 344, 345, 346, 349, 351, 352, 355, 357, 359, 364, 368, 371, 372, 373, 374, 376, 377, 387, 392, 393, 403, 409, 411, 414, 424, 430, 449, 454, 470, 480, 560, 584, 643, 685, 703, 724, 739, 779, 798, 799, 800, 801, 804, 806, 807, 810, 812, 814, 816, 821, 822, 823, 824, 826, 827, 837, 842, 843, 852, 859, 862, 865, 869, 876, 882, 897, 901, 917, 932]",[],[],0/6 successful match,False,,False,13,False,,1.0,True,Ampride ( Cenex ),Cenex
"Pine Bluffs , 82082 Ampride ( Cenex ) 24",9 307-245-3593 I-80 Exit 401 ( 1/2 blk N ),HORS 24 M,Pine Bluffs,82082,Ampride ( Cenex ) 24,307-245-3593,2008,Pine Bluffs,WY,Cenex,( 1/2 blk N ),I-80 Exit 401 ,Exit,401,False,,False,I-80,,,,,[],[],"[130, 601]",[],[],"[89, 108, 172, 217, 221, 239, 264, 280, 321, 342, 343, 344, 345, 346, 349, 351, 352, 355, 357, 359, 364, 368, 371, 372, 373, 374, 376, 377, 387, 392, 393, 403, 409, 411, 414, 424, 430, 449, 454, 470, 480, 560, 584, 643, 685, 703, 724, 739, 779, 798, 799, 800, 801, 804, 806, 807, 810, 812, 814, 816, 821, 822, 823, 824, 826, 827, 837, 842, 843, 852, 859, 862, 865, 869, 876, 882, 897, 901, 917, 932]",[],"[103, 574]","[560, 574, 584, 601, 89, 103, 108, 130, 643, 172, 685, 703, 724, 217, 221, 739, 239, 264, 779, 280, 798, 799, 800, 801, 804, 806, 807, 810, 812, 814, 816, 821, 822, 823, 824, 826, 827, 321, 837, 842, 843, 852, 342, 343, 344, 345, 346, 859, 349, 862, 351, 352, 865, 355, 357, 869, 359, 364, 876, 368, 882, 371, 372, 373, 374, 376, 377, 897, 387, 901, 392, 393, 403, 917, 409, 411, 414, 932, 424, 430, 449, 454, 470, 480]",False,[],[],"[130, 601]",[],"[89, 108, 172, 217, 221, 239, 264, 280, 321, 342, 343, 344, 345, 346, 349, 351, 352, 355, 357, 359, 364, 368, 371, 372, 373, 374, 376, 377, 387, 392, 393, 403, 409, 411, 414, 424, 430, 449, 454, 470, 480, 560, 584, 643, 685, 703, 724, 739, 779, 798, 799, 800, 801, 804, 806, 807, 810, 812, 814, 816, 821, 822, 823, 824, 826, 827, 837, 842, 843, 852, 859, 862, 865, 869, 876, 882, 897, 901, 917, 932]","[103, 574]",[],0/6 successful match,False,,False,13,False,,1.0,True,Ampride ( Cenex ),Cenex
Pine Bluffs ( 82082 ) Pine Bluffs Sinclair,9 307-245-3593 I-80 Exit 401 ( 1/2 blk N ),24 M,Pine Bluffs,82082,Pine Bluffs Sinclair,307-245-3593,2014,Pine Bluffs,WY,Sinclair,( 1/2 blk N ),I-80 Exit 401 ,Exit,401,False,,False,I-80,,,,,[],[],"[130, 601]",[],[],"[89, 108, 172, 217, 221, 239, 264, 280, 321, 342, 343, 344, 345, 346, 349, 351, 352, 355, 357, 359, 364, 368, 371, 372, 373, 374, 376, 377, 387, 392, 393, 403, 409, 411, 414, 424, 430, 449, 454, 470, 480, 560, 584, 643, 685, 703, 724, 739, 779, 798, 799, 800, 801, 804, 806, 807, 810, 812, 814, 816, 821, 822, 823, 824, 826, 827, 837, 842, 843, 852, 859, 862, 865, 869, 876, 882, 897, 901, 917, 932]","[31, 142, 147, 180, 338, 352, 367, 387, 403, 405, 408, 410, 455, 465, 466, 468, 470, 472, 473, 483, 484, 514, 613, 618, 651, 794, 807, 837, 852, 854, 858, 861, 902, 912, 913, 915, 917, 919, 920, 931, 934, 935]","[31, 130, 142, 147, 180, 338, 352, 367, 387, 403, 405, 408, 410, 455, 465, 466, 468, 470, 472, 473, 483, 484, 514, 601, 613, 618, 651, 794, 807, 837, 852, 854, 858, 861, 902, 912, 913, 915, 917, 919, 920, 931, 934, 935]","[514, 31, 560, 584, 601, 89, 613, 618, 108, 130, 643, 651, 142, 147, 172, 685, 180, 703, 724, 217, 221, 739, 239, 264, 779, 280, 794, 798, 799, 800, 801, 804, 806, 807, 810, 812, 814, 816, 821, 822, 823, 824, 826, 827, 321, 837, 842, 843, 338, 852, 342, 343, 344, 345, 346, 859, 854, 349, 862, 351, 352, 865, 858, 355, 861, 357, 869, 359, 364, 876, 367, 368, 882, 371, 372, 373, 374, 376, 377, 897, 387, 901, 902, 392, 393, 912, 913, 403, 915, 917, 405, 919, 408, 409, 410, 411, 920, 414, 931, 932, 934, 935, 424, 430, 449, 454, 455, 465, 466, 468, 470, 472, 473, 480, 483, 484]",False,[],[],"[130, 601]",[],"[89, 108, 172, 217, 221, 239, 264, 280, 321, 342, 343, 344, 345, 346, 349, 351, 352, 355, 357, 359, 364, 368, 371, 372, 373, 374, 376, 377, 387, 392, 393, 403, 409, 411, 414, 424, 430, 449, 454, 470, 480, 560, 584, 643, 685, 703, 724, 739, 779, 798, 799, 800, 801, 804, 806, 807, 810, 812, 814, 816, 821, 822, 823, 824, 826, 827, 837, 842, 843, 852, 859, 862, 865, 869, 876, 882, 897, 901, 917, 932]","[31, 130, 142, 147, 180, 338, 352, 367, 387, 403, 405, 408, 410, 455, 465, 466, 468, 470, 472, 473, 483, 484, 514, 601, 613, 618, 651, 794, 807, 837, 852, 854, 858, 861, 902, 912, 913, 915, 917, 919, 920, 931, 934, 935]","[31, 142, 147, 180, 338, 352, 367, 387, 403, 405, 408, 410, 455, 465, 466, 468, 470, 472, 473, 483, 484, 514, 613, 618, 651, 794, 807, 837, 852, 854, 858, 861, 902, 912, 913, 915, 917, 919, 920, 931, 934, 935]",0/6 successful match,False,,False,13,True,2014,0.15,False,Ampride ( Cenex ) 24,Cenex
Pine Bluffs ( 82082 ) Pine Bluffs Sinclair ),307-245-3593 I-80 Exit 401 ( 1/2 blk N ),24 M O,Pine Bluffs,82082,Pine Bluffs Sinclair ),307-245-3593,2015,Pine Bluffs,WY,Sinclair,( 1/2 blk N ),I-80 Exit 401 ,Exit,401,False,,False,I-80,,,,,[],[],"[130, 601]",[],[],"[89, 108, 172, 217, 221, 239, 264, 280, 321, 342, 343, 344, 345, 346, 349, 351, 352, 355, 357, 359, 364, 368, 371, 372, 373, 374, 376, 377, 387, 392, 393, 403, 409, 411, 414, 424, 430, 449, 454, 470, 480, 560, 584, 643, 685, 703, 724, 739, 779, 798, 799, 800, 801, 804, 806, 807, 810, 812, 814, 816, 821, 822, 823, 824, 826, 827, 837, 842, 843, 852, 859, 862, 865, 869, 876, 882, 897, 901, 917, 932]","[31, 142, 147, 180, 338, 352, 367, 387, 403, 405, 408, 410, 455, 465, 466, 468, 470, 472, 473, 483, 484, 514, 613, 618, 651, 794, 807, 837, 852, 854, 858, 861, 902, 912, 913, 915, 917, 919, 920, 931, 934, 935]","[31, 130, 142, 147, 180, 338, 352, 367, 387, 403, 405, 408, 410, 455, 465, 466, 468, 470, 472, 473, 483, 484, 514, 601, 613, 618, 651, 794, 807, 837, 852, 854, 858, 861, 902, 912, 913, 915, 917, 919, 920, 931, 934, 935]","[514, 31, 560, 584, 601, 89, 613, 618, 108, 130, 643, 651, 142, 147, 172, 685, 180, 703, 724, 217, 221, 739, 239, 264, 779, 280, 794, 798, 799, 800, 801, 804, 806, 807, 810, 812, 814, 816, 821, 822, 823, 824, 826, 827, 321, 837, 842, 843, 338, 852, 342, 343, 344, 345, 346, 859, 854, 349, 862, 351, 352, 865, 858, 355, 861, 357, 869, 359, 364, 876, 367, 368, 882, 371, 372, 373, 374, 376, 377, 897, 387, 901, 902, 392, 393, 912, 913, 403, 915, 917, 405, 919, 408, 409, 410, 411, 920, 414, 931, 932, 934, 935, 424, 430, 449, 454, 455, 465, 466, 468, 470, 472, 473, 480, 483, 484]",False,[],[],"[130, 601]",[],"[89, 108, 172, 217, 221, 239, 264, 280, 321, 342, 343, 344, 345, 346, 349, 351, 352, 355, 357, 359, 364, 368, 371, 372, 373, 374, 376, 377, 387, 392, 393, 403, 409, 411, 414, 424, 430, 449, 454, 470, 480, 560, 584, 643, 685, 703, 724, 739, 779, 798, 799, 800, 801, 804, 806, 807, 810, 812, 814, 816, 821, 822, 823, 824, 826, 827, 837, 842, 843, 852, 859, 862, 865, 869, 876, 882, 897, 901, 917, 932]","[31, 130, 142, 147, 180, 338, 352, 367, 387, 403, 405, 408, 410, 455, 465, 466, 468, 470, 472, 473, 483, 484, 514, 601, 613, 618, 651, 794, 807, 837, 852, 854, 858, 861, 902, 912, 913, 915, 917, 919, 920, 931, 934, 935]","[31, 142, 147, 180, 338, 352, 367, 387, 403, 405, 408, 410, 455, 465, 466, 468, 470, 472, 473, 483, 484, 514, 613, 618, 651, 794, 807, 837, 852, 854, 858, 861, 902, 912, 913, 915, 917, 919, 920, 931, 934, 935]",0/6 successful match,False,,False,13,False,,1.0,True,Pine Bluffs Sinclair,Sinclair
G Pine Bluffs ( 82082 ) Pine Bluffs Sinclair,307-245-3593 I-80 Exit 401 ( 1/2 blk N ),24 M,Pine Bluffs,82082,Pine Bluffs Sinclair,307-245-3593,2016,Pine Bluffs,WY,Sinclair,( 1/2 blk N ),I-80 Exit 401 ,Exit,401,False,,False,I-80,,,,,[],[],"[130, 601]",[],[],"[89, 108, 172, 217, 221, 239, 264, 280, 321, 342, 343, 344, 345, 346, 349, 351, 352, 355, 357, 359, 364, 368, 371, 372, 373, 374, 376, 377, 387, 392, 393, 403, 409, 411, 414, 424, 430, 449, 454, 470, 480, 560, 584, 643, 685, 703, 724, 739, 779, 798, 799, 800, 801, 804, 806, 807, 810, 812, 814, 816, 821, 822, 823, 824, 826, 827, 837, 842, 843, 852, 859, 862, 865, 869, 876, 882, 897, 901, 917, 932]","[31, 142, 147, 180, 338, 352, 367, 387, 403, 405, 408, 410, 455, 465, 466, 468, 470, 472, 473, 483, 484, 514, 613, 618, 651, 794, 807, 837, 852, 854, 858, 861, 902, 912, 913, 915, 917, 919, 920, 931, 934, 935]","[31, 130, 142, 147, 180, 338, 352, 367, 387, 403, 405, 408, 410, 455, 465, 466, 468, 470, 472, 473, 483, 484, 514, 601, 613, 618, 651, 794, 807, 837, 852, 854, 858, 861, 902, 912, 913, 915, 917, 919, 920, 931, 934, 935]","[514, 31, 560, 584, 601, 89, 613, 618, 108, 130, 643, 651, 142, 147, 172, 685, 180, 703, 724, 217, 221, 739, 239, 264, 779, 280, 794, 798, 799, 800, 801, 804, 806, 807, 810, 812, 814, 816, 821, 822, 823, 824, 826, 827, 321, 837, 842, 843, 338, 852, 342, 343, 344, 345, 346, 859, 854, 349, 862, 351, 352, 865, 858, 355, 861, 357, 869, 359, 364, 876, 367, 368, 882, 371, 372, 373, 374, 376, 377, 897, 387, 901, 902, 392, 393, 912, 913, 403, 915, 917, 405, 919, 408, 409, 410, 411, 920, 414, 931, 932, 934, 935, 424, 430, 449, 454, 455, 465, 466, 468, 470, 472, 473, 480, 483, 484]",False,[],[],"[130, 601]",[],"[89, 108, 172, 217, 221, 239, 264, 280, 321, 342, 343, 344, 345, 346, 349, 351, 352, 355, 357, 359, 364, 368, 371, 372, 373, 374, 376, 377, 387, 392, 393, 403, 409, 411, 414, 424, 430, 449, 454, 470, 480, 560, 584, 643, 685, 703, 724, 739, 779, 798, 799, 800, 801, 804, 806, 807, 810, 812, 814, 816, 821, 822, 823, 824, 826, 827, 837, 842, 843, 852, 859, 862, 865, 869, 876, 882, 897, 901, 917, 932]","[31, 130, 142, 147, 180, 338, 352, 367, 387, 403, 405, 408, 410, 455, 465, 466, 468, 470, 472, 473, 483, 484, 514, 601, 613, 618, 651, 794, 807, 837, 852, 854, 858, 861, 902, 912, 913, 915, 917, 919, 920, 931, 934, 935]","[31, 142, 147, 180, 338, 352, 367, 387, 403, 405, 408, 410, 455, 465, 466, 468, 470, 472, 473, 483, 484, 514, 613, 618, 651, 794, 807, 837, 852, 854, 858, 861, 902, 912, 913, 915, 917, 919, 920, 931, 934, 935]",0/6 successful match,False,,False,13,False,,1.0,True,Pine Bluffs Sinclair ),Sinclair
"Wheatland , 82201 Wheatland Travel Plaza ( Sinclair )",307-322-1884 I-25 Exit 80,MOO,Wheatland,82201,Wheatland Travel Plaza ( Sinclair ),307-322-1884,2006,Wheatland,WY,Sinclair,,I-25 Exit 80,Exit,80,False,,False,I-25,,,,,[],[],[],[],[],"[108, 353, 430, 584, 808, 882]","[31, 142, 147, 180, 338, 352, 367, 387, 403, 405, 408, 410, 455, 465, 466, 468, 470, 472, 473, 483, 484, 514, 613, 618, 651, 794, 807, 837, 852, 854, 858, 861, 902, 912, 913, 915, 917, 919, 920, 931, 934, 935]","[31, 142, 147, 180, 338, 352, 367, 387, 403, 405, 408, 410, 455, 465, 466, 468, 470, 472, 473, 483, 484, 514, 613, 618, 651, 794, 807, 837, 852, 854, 858, 861, 902, 912, 913, 915, 917, 919, 920, 931, 934, 935]","[514, 387, 902, 651, 142, 912, 913, 147, 403, 405, 915, 917, 408, 919, 410, 794, 920, 31, 931, 934, 807, 808, 935, 430, 180, 837, 455, 584, 465, 338, 466, 468, 852, 470, 854, 472, 473, 858, 861, 352, 353, 483, 484, 613, 618, 108, 367, 882]",False,[],[],[],[],"[108, 353, 430, 584, 808, 882]","[31, 142, 147, 180, 338, 352, 367, 387, 403, 405, 408, 410, 455, 465, 466, 468, 470, 472, 473, 483, 484, 514, 613, 618, 651, 794, 807, 837, 852, 854, 858, 861, 902, 912, 913, 915, 917, 919, 920, 931, 934, 935]","[31, 142, 147, 180, 338, 352, 367, 387, 403, 405, 408, 410, 455, 465, 466, 468, 470, 472, 473, 483, 484, 514, 613, 618, 651, 794, 807, 837, 852, 854, 858, 861, 902, 912, 913, 915, 917, 919, 920, 931, 934, 935]",0/6 successful match,False,,False,14,False,,,,,
"E Wheatland , 82201 Wheatland Travel Plaza ( Sinclair )",307-322-1884 I-25 Exit 80,48 MOO,Wheatland,82201,Wheatland Travel Plaza ( Sinclair ),307-322-1884,2007,Wheatland,WY,Sinclair,,I-25 Exit 80,Exit,80,False,,False,I-25,,,,,[],[],[],[],[],"[108, 353, 430, 584, 808, 882]","[31, 142, 147, 180, 338, 352, 367, 387, 403, 405, 408, 410, 455, 465, 466, 468, 470, 472, 473, 483, 484, 514, 613, 618, 651, 794, 807, 837, 852, 854, 858, 861, 902, 912, 913, 915, 917, 919, 920, 931, 934, 935]","[31, 142, 147, 180, 338, 352, 367, 387, 403, 405, 408, 410, 455, 465, 466, 468, 470, 472, 473, 483, 484, 514, 613, 618, 651, 794, 807, 837, 852, 854, 858, 861, 902, 912, 913, 915, 917, 919, 920, 931, 934, 935]","[514, 387, 902, 651, 142, 912, 913, 147, 403, 405, 915, 917, 408, 919, 410, 794, 920, 31, 931, 934, 807, 808, 935, 430, 180, 837, 455, 584, 465, 338, 466, 468, 852, 470, 854, 472, 473, 858, 861, 352, 353, 483, 484, 613, 618, 108, 367, 882]",False,[],[],[],[],"[108, 353, 430, 584, 808, 882]","[31, 142, 147, 180, 338, 352, 367, 387, 403, 405, 408, 410, 455, 465, 466, 468, 470, 472, 473, 483, 484, 514, 613, 618, 651, 794, 807, 837, 852, 854, 858, 861, 902, 912, 913, 915, 917, 919, 920, 931, 934, 935]","[31, 142, 147, 180, 338, 352, 367, 387, 403, 405, 408, 410, 455, 465, 466, 468, 470, 472, 473, 483, 484, 514, 613, 618, 651, 794, 807, 837, 852, 854, 858, 861, 902, 912, 913, 915, 917, 919, 920, 931, 934, 935]",0/6 successful match,False,,False,14,False,,1.0,True,Wheatland Travel Plaza ( Sinclair ),Sinclair
"Wheatland , 82201 Wheatland Travel Plaza",8 307-322-1884 I-25 Exit 80 ( Sinclair ),HRS 24 M,Wheatland,82201,Wheatland Travel Plaza,307-322-1884,2008,Wheatland,WY,,( Sinclair ),I-25 Exit 80 ,Exit,80,False,,False,I-25,,,,,[],[],[],[],[],"[108, 353, 430, 584, 808, 882]",[],[],"[353, 584, 808, 108, 430, 882]",False,[],[],[],[],"[108, 353, 430, 584, 808, 882]",[],[],0/6 successful match,False,,False,14,False,,0.631578947368421,True,Wheatland Travel Plaza ( Sinclair ),Sinclair
Wheatland ( 82201 ) Wheatland Travel Plaza ( Sinclair ),8 307-322-1884 I-25 Exit 80,M O,Wheatland,82201,Wheatland Travel Plaza ( Sinclair ),307-322-1884,2014,Wheatland,WY,Sinclair,,I-25 Exit 80,Exit,80,False,,False,I-25,,,,,[],[],[],[],[],"[108, 353, 430, 584, 808, 882]","[31, 142, 147, 180, 338, 352, 367, 387, 403, 405, 408, 410, 455, 465, 466, 468, 470, 472, 473, 483, 484, 514, 613, 618, 651, 794, 807, 837, 852, 854, 858, 861, 902, 912, 913, 915, 917, 919, 920, 931, 934, 935]","[31, 142, 147, 180, 338, 352, 367, 387, 403, 405, 408, 410, 455, 465, 466, 468, 470, 472, 473, 483, 484, 514, 613, 618, 651, 794, 807, 837, 852, 854, 858, 861, 902, 912, 913, 915, 917, 919, 920, 931, 934, 935]","[514, 387, 902, 651, 142, 912, 913, 147, 403, 405, 915, 917, 408, 919, 410, 794, 920, 31, 931, 934, 807, 808, 935, 430, 180, 837, 455, 584, 465, 338, 466, 468, 852, 470, 854, 472, 473, 858, 861, 352, 353, 483, 484, 613, 618, 108, 367, 882]",False,[],[],[],[],"[108, 353, 430, 584, 808, 882]","[31, 142, 147, 180, 338, 352, 367, 387, 403, 405, 408, 410, 455, 465, 466, 468, 470, 472, 473, 483, 484, 514, 613, 618, 651, 794, 807, 837, 852, 854, 858, 861, 902, 912, 913, 915, 917, 919, 920, 931, 934, 935]","[31, 142, 147, 180, 338, 352, 367, 387, 403, 405, 408, 410, 455, 465, 466, 468, 470, 472, 473, 483, 484, 514, 613, 618, 651, 794, 807, 837, 852, 854, 858, 861, 902, 912, 913, 915, 917, 919, 920, 931, 934, 935]",0/6 successful match,False,,False,14,False,,0.631578947368421,True,Wheatland Travel Plaza,
Wheatland ( 82201 ) Wheatland Travel Plaza ( Sinclair ),8 307-322-1884 I-25 Exit 80,24 L MOO S <U+25A1>,Wheatland,82201,Wheatland Travel Plaza ( Sinclair ),307-322-1884,2015,Wheatland,WY,Sinclair,,I-25 Exit 80,Exit,80,False,,False,I-25,,,,,[],[],[],[],[],"[108, 353, 430, 584, 808, 882]","[31, 142, 147, 180, 338, 352, 367, 387, 403, 405, 408, 410, 455, 465, 466, 468, 470, 472, 473, 483, 484, 514, 613, 618, 651, 794, 807, 837, 852, 854, 858, 861, 902, 912, 913, 915, 917, 919, 920, 931, 934, 935]","[31, 142, 147, 180, 338, 352, 367, 387, 403, 405, 408, 410, 455, 465, 466, 468, 470, 472, 473, 483, 484, 514, 613, 618, 651, 794, 807, 837, 852, 854, 858, 861, 902, 912, 913, 915, 917, 919, 920, 931, 934, 935]","[514, 387, 902, 651, 142, 912, 913, 147, 403, 405, 915, 917, 408, 919, 410, 794, 920, 31, 931, 934, 807, 808, 935, 430, 180, 837, 455, 584, 465, 338, 466, 468, 852, 470, 854, 472, 473, 858, 861, 352, 353, 483, 484, 613, 618, 108, 367, 882]",False,[],[],[],[],"[108, 353, 430, 584, 808, 882]","[31, 142, 147, 180, 338, 352, 367, 387, 403, 405, 408, 410, 455, 465, 466, 468, 470, 472, 473, 483, 484, 514, 613, 618, 651, 794, 807, 837, 852, 854, 858, 861, 902, 912, 913, 915, 917, 919, 920, 931, 934, 935]","[31, 142, 147, 180, 338, 352, 367, 387, 403, 405, 408, 410, 455, 465, 466, 468, 470, 472, 473, 483, 484, 514, 613, 618, 651, 794, 807, 837, 852, 854, 858, 861, 902, 912, 913, 915, 917, 919, 920, 931, 934, 935]",0/6 successful match,False,,False,14,False,,1.0,True,Wheatland Travel Plaza ( Sinclair ),Sinclair
Wheatland ( 82201 ) Wheatland Travel Plaza ( Sinclair ),307-322-1884 I-25 Exit 80,24 MO <U+2610><U+2610><U+2610> <U+2610>,Wheatland,82201,Wheatland Travel Plaza ( Sinclair ),307-322-1884,2016,Wheatland,WY,Sinclair,,I-25 Exit 80,Exit,80,False,,False,I-25,,,,,[],[],[],[],[],"[108, 353, 430, 584, 808, 882]","[31, 142, 147, 180, 338, 352, 367, 387, 403, 405, 408, 410, 455, 465, 466, 468, 470, 472, 473, 483, 484, 514, 613, 618, 651, 794, 807, 837, 852, 854, 858, 861, 902, 912, 913, 915, 917, 919, 920, 931, 934, 935]","[31, 142, 147, 180, 338, 352, 367, 387, 403, 405, 408, 410, 455, 465, 466, 468, 470, 472, 473, 483, 484, 514, 613, 618, 651, 794, 807, 837, 852, 854, 858, 861, 902, 912, 913, 915, 917, 919, 920, 931, 934, 935]","[514, 387, 902, 651, 142, 912, 913, 147, 403, 405, 915, 917, 408, 919, 410, 794, 920, 31, 931, 934, 807, 808, 935, 430, 180, 837, 455, 584, 465, 338, 466, 468, 852, 470, 854, 472, 473, 858, 861, 352, 353, 483, 484, 613, 618, 108, 367, 882]",False,[],[],[],[],"[108, 353, 430, 584, 808, 882]","[31, 142, 147, 180, 338, 352, 367, 387, 403, 405, 408, 410, 455, 465, 466, 468, 470, 472, 473, 483, 484, 514, 613, 618, 651, 794, 807, 837, 852, 854, 858, 861, 902, 912, 913, 915, 917, 919, 920, 931, 934, 935]","[31, 142, 147, 180, 338, 352, 367, 387, 403, 405, 408, 410, 455, 465, 466, 468, 470, 472, 473, 483, 484, 514, 613, 618, 651, 794, 807, 837, 852, 854, 858, 861, 902, 912, 913, 915, 917, 919, 920, 931, 934, 935]",0/6 successful match,False,,False,14,False,,1.0,True,Wheatland Travel Plaza ( Sinclair ),Sinclair
"= 8307-322-2802 Wheatland , 82201 Common Cents ( Exxon ) St S )",I-25 Exit 78,M S DOO D,Wheatland,82201,Common Cents ( Exxon ) St S ),307-322-2802,2006,Wheatland,WY,Exxon,,I-25 Exit 78,Exit,78,False,,False,I-25,,,,,[],[],[],"[481, 924]",[],"[108, 353, 430, 584, 808, 882]","[398, 399, 400, 848, 849]","[398, 399, 400, 848, 849]","[481, 353, 584, 808, 108, 430, 398, 399, 400, 882, 848, 849, 924]",False,[],[],[],"[481, 924]","[108, 353, 430, 584, 808, 882]","[398, 399, 400, 848, 849]","[398, 399, 400, 848, 849]",0/6 successful match,False,,False,15,False,,,,,
"Wheatland , 82201 Common Cents ( Exxon )",307-322-2802 I-25 Exit 78,489 M O,Wheatland,82201,Common Cents ( Exxon ),307-322-2802,2007,Wheatland,WY,Exxon,,I-25 Exit 78,Exit,78,False,,False,I-25,,,,,[],[],[],"[481, 924]",[],"[108, 353, 430, 584, 808, 882]","[398, 399, 400, 848, 849]","[398, 399, 400, 848, 849]","[481, 353, 584, 808, 108, 430, 398, 399, 400, 882, 848, 849, 924]",False,[],[],[],"[481, 924]","[108, 353, 430, 584, 808, 882]","[398, 399, 400, 848, 849]","[398, 399, 400, 848, 849]",0/6 successful match,False,,False,15,False,,1.0,True,Common Cents ( Exxon ) St S ),Exxon
"Wheatland , 82201 Common Cents ( Exxon St S )",8 307-322-2802 I-25 Exit 78 ),HRS 24 M D 00,Wheatland,82201,Common Cents ( Exxon St S ),307-322-2802,2008,Wheatland,WY,Exxon,,I-25 Exit 78 ,Exit,78,False,,False,I-25,,,,,[],[],[],"[481, 924]",[],"[108, 353, 430, 584, 808, 882]","[398, 399, 400, 848, 849]","[398, 399, 400, 848, 849]","[481, 353, 584, 808, 108, 430, 398, 399, 400, 882, 848, 849, 924]",False,[],[],[],"[481, 924]","[108, 353, 430, 584, 808, 882]","[398, 399, 400, 848, 849]","[398, 399, 400, 848, 849]",0/6 successful match,False,,False,15,False,,1.0,True,Common Cents ( Exxon ),Exxon
Wheatland ( 82201 ) Common Cents ( Exxon ),307-322-2802 I-25 Exit 78,24 M <U+25A1>,Wheatland,82201,Common Cents ( Exxon ),307-322-2802,2014,Wheatland,WY,Exxon,,I-25 Exit 78,Exit,78,False,,False,I-25,,,,,[],[],[],"[481, 924]",[],"[108, 353, 430, 584, 808, 882]","[398, 399, 400, 848, 849]","[398, 399, 400, 848, 849]","[481, 353, 584, 808, 108, 430, 398, 399, 400, 882, 848, 849, 924]",False,[],[],[],"[481, 924]","[108, 353, 430, 584, 808, 882]","[398, 399, 400, 848, 849]","[398, 399, 400, 848, 849]",0/6 successful match,False,,False,15,False,,1.0,True,Common Cents ( Exxon St S ),Exxon
Wheatland ( 82201 ) Common Cents ( Exxon ),307-322-2802 I-25 Exit 78,24 M S <U+25A1> D D,Wheatland,82201,Common Cents ( Exxon ),307-322-2802,2015,Wheatland,WY,Exxon,,I-25 Exit 78,Exit,78,False,,False,I-25,,,,,[],[],[],"[481, 924]",[],"[108, 353, 430, 584, 808, 882]","[398, 399, 400, 848, 849]","[398, 399, 400, 848, 849]","[481, 353, 584, 808, 108, 430, 398, 399, 400, 882, 848, 849, 924]",False,[],[],[],"[481, 924]","[108, 353, 430, 584, 808, 882]","[398, 399, 400, 848, 849]","[398, 399, 400, 848, 849]",0/6 successful match,False,,False,15,False,,1.0,True,Common Cents ( Exxon ),Exxon
Wheatland ( 82201 ) Common Cents ( Exxon ),8 307-322-2802 I-25 Exit 78,M <U+2610> <U+25A1>,Wheatland,82201,Common Cents ( Exxon ),307-322-2802,2016,Wheatland,WY,Exxon,,I-25 Exit 78,Exit,78,False,,False,I-25,,,,,[],[],[],"[481, 924]",[],"[108, 353, 430, 584, 808, 882]","[398, 399, 400, 848, 849]","[398, 399, 400, 848, 849]","[481, 353, 584, 808, 108, 430, 398, 399, 400, 882, 848, 849, 924]",False,[],[],[],"[481, 924]","[108, 353, 430, 584, 808, 882]","[398, 399, 400, 848, 849]","[398, 399, 400, 848, 849]",0/6 successful match,False,,False,15,False,,1.0,True,Common Cents ( Exxon ),Exxon
"8307-322-5921 Wheatland , 82201 I-25 Conoco",I-25 Exit 78,S,Wheatland,82201,I-25 Conoco,307-322-5921,2006,Wheatland,WY,Conoco,,I-25 Exit 78,Exit,78,False,,False,I-25,,,,,[],[],[],"[481, 924]",[],"[108, 353, 430, 584, 808, 882]","[3, 27, 349, 406, 451, 489, 510, 804, 855, 898]","[3, 27, 349, 406, 451, 489, 510, 804, 855, 898]","[481, 353, 3, 451, 804, 898, 584, 808, 489, 108, 430, 882, 406, 855, 27, 924, 349, 510]",False,[],[],[],"[481, 924]","[108, 353, 430, 584, 808, 882]","[3, 27, 349, 406, 451, 489, 510, 804, 855, 898]","[3, 27, 349, 406, 451, 489, 510, 804, 855, 898]",0/6 successful match,False,,False,16,False,,,,,
"E Wheatland , 82201 I-25 Conoco",307-322-5921 I-25 Exit 78,S,Wheatland,82201,I-25 Conoco,307-322-5921,2007,Wheatland,WY,Conoco,,I-25 Exit 78,Exit,78,False,,False,I-25,,,,,[],[],[],"[481, 924]",[],"[108, 353, 430, 584, 808, 882]","[3, 27, 349, 406, 451, 489, 510, 804, 855, 898]","[3, 27, 349, 406, 451, 489, 510, 804, 855, 898]","[481, 353, 3, 451, 804, 898, 584, 808, 489, 108, 430, 882, 406, 855, 27, 924, 349, 510]",False,[],[],[],"[481, 924]","[108, 353, 430, 584, 808, 882]","[3, 27, 349, 406, 451, 489, 510, 804, 855, 898]","[3, 27, 349, 406, 451, 489, 510, 804, 855, 898]",0/6 successful match,False,,False,16,False,,1.0,True,I-25 Conoco,Conoco
"Wheatland , 82201 I-25 Pit Stop",8 307-322-5921 I-25 Exit 78,<U+2610> S <U+2610>,Wheatland,82201,I-25 Pit Stop,307-322-5921,2008,Wheatland,WY,,,I-25 Exit 78,Exit,78,False,,False,I-25,,,,,[],[],[],"[481, 924]",[],"[108, 353, 430, 584, 808, 882]",[],[],"[481, 353, 584, 808, 108, 430, 882, 924]",False,[],[],[],"[481, 924]","[108, 353, 430, 584, 808, 882]",[],[],0/6 successful match,False,,False,16,False,,0.48333333333333334,True,I-25 Conoco,Conoco
Wheatland ( 82201 ) I-25 Pit Stop,8 307-322-5921 I-25 Exit 78,<U+2610> S <U+25A1> <U+2610>,Wheatland,82201,I-25 Pit Stop,307-322-5921,2014,Wheatland,WY,,,I-25 Exit 78,Exit,78,False,,False,I-25,,,,,[],[],[],"[481, 924]",[],"[108, 353, 430, 584, 808, 882]",[],[],"[481, 353, 584, 808, 108, 430, 882, 924]",False,[],[],[],"[481, 924]","[108, 353, 430, 584, 808, 882]",[],[],0/6 successful match,False,,False,16,False,,1.0,True,I-25 Pit Stop,
Wheatland ( 82201 ) I-25 Pit Stop,307-322-5921 I-25 Exit 78,24 S MOO D,Wheatland,82201,I-25 Pit Stop,307-322-5921,2015,Wheatland,WY,,,I-25 Exit 78,Exit,78,False,,False,I-25,,,,,[],[],[],"[481, 924]",[],"[108, 353, 430, 584, 808, 882]",[],[],"[481, 353, 584, 808, 108, 430, 882, 924]",False,[],[],[],"[481, 924]","[108, 353, 430, 584, 808, 882]",[],[],0/6 successful match,False,,False,16,False,,1.0,True,I-25 Pit Stop,
8 Wheatland ( 82201 ) I-25 Pit Stop,8 307-322-5921 I-25 Exit 78,S <U+25A1>,Wheatland,82201,I-25 Pit Stop,307-322-5921,2016,Wheatland,WY,,,I-25 Exit 78,Exit,78,False,,False,I-25,,,,,[],[],[],"[481, 924]",[],"[108, 353, 430, 584, 808, 882]",[],[],"[481, 353, 584, 808, 108, 430, 882, 924]",False,[],[],[],"[481, 924]","[108, 353, 430, 584, 808, 882]",[],[],0/6 successful match,False,,False,16,False,,1.0,True,I-25 Pit Stop,
"E Glendo , 82213 Howard's General Store ( Sinclair )",8 307-735-4252 I-25 Exit 111 ( A St ),M,Glendo,82213,Howard's General Store ( Sinclair ),307-735-4252,2006,Glendo,WY,Sinclair,( A St ),I-25 Exit 111 ,Exit,111,False,,False,I-25,,,,,[],[],[],[],[],"[108, 353, 430, 584, 808, 882]","[31, 142, 147, 180, 338, 352, 367, 387, 403, 405, 408, 410, 455, 465, 466, 468, 470, 472, 473, 483, 484, 514, 613, 618, 651, 794, 807, 837, 852, 854, 858, 861, 902, 912, 913, 915, 917, 919, 920, 931, 934, 935]","[31, 142, 147, 150, 180, 338, 352, 367, 387, 403, 405, 408, 410, 455, 465, 466, 468, 470, 472, 473, 483, 484, 514, 613, 618, 621, 651, 794, 807, 837, 852, 854, 858, 861, 902, 912, 913, 915, 917, 919, 920, 931, 934, 935]","[514, 387, 902, 651, 142, 912, 913, 147, 403, 405, 915, 917, 408, 919, 410, 794, 920, 150, 31, 931, 934, 807, 808, 935, 430, 180, 837, 455, 584, 465, 338, 466, 468, 852, 470, 854, 472, 473, 858, 861, 352, 353, 483, 484, 613, 618, 108, 621, 367, 882]",False,[],[],[],[],"[108, 353, 430, 584, 808, 882]","[31, 142, 147, 150, 180, 338, 352, 367, 387, 403, 405, 408, 410, 455, 465, 466, 468, 470, 472, 473, 483, 484, 514, 613, 618, 621, 651, 794, 807, 837, 852, 854, 858, 861, 902, 912, 913, 915, 917, 919, 920, 931, 934, 935]","[31, 142, 147, 180, 338, 352, 367, 387, 403, 405, 408, 410, 455, 465, 466, 468, 470, 472, 473, 483, 484, 514, 613, 618, 651, 794, 807, 837, 852, 854, 858, 861, 902, 912, 913, 915, 917, 919, 920, 931, 934, 935]",0/6 successful match,False,,False,17,False,,,,,
"Glendo , 82213 Howard's General Store ( Sinclair )",307-735-4252 I-25 Exit 111 ( A St ),S,Glendo,82213,Howard's General Store ( Sinclair ),307-735-4252,2007,Glendo,WY,Sinclair,( A St ),I-25 Exit 111 ,Exit,111,False,,False,I-25,,,,,[],[],[],[],[],"[108, 353, 430, 584, 808, 882]","[31, 142, 147, 180, 338, 352, 367, 387, 403, 405, 408, 410, 455, 465, 466, 468, 470, 472, 473, 483, 484, 514, 613, 618, 651, 794, 807, 837, 852, 854, 858, 861, 902, 912, 913, 915, 917, 919, 920, 931, 934, 935]","[31, 142, 147, 150, 180, 338, 352, 367, 387, 403, 405, 408, 410, 455, 465, 466, 468, 470, 472, 473, 483, 484, 514, 613, 618, 621, 651, 794, 807, 837, 852, 854, 858, 861, 902, 912, 913, 915, 917, 919, 920, 931, 934, 935]","[514, 387, 902, 651, 142, 912, 913, 147, 403, 405, 915, 917, 408, 919, 410, 794, 920, 150, 31, 931, 934, 807, 808, 935, 430, 180, 837, 455, 584, 465, 338, 466, 468, 852, 470, 854, 472, 473, 858, 861, 352, 353, 483, 484, 613, 618, 108, 621, 367, 882]",False,[],[],[],[],"[108, 353, 430, 584, 808, 882]","[31, 142, 147, 150, 180, 338, 352, 367, 387, 403, 405, 408, 410, 455, 465, 466, 468, 470, 472, 473, 483, 484, 514, 613, 618, 621, 651, 794, 807, 837, 852, 854, 858, 861, 902, 912, 913, 915, 917, 919, 920, 931, 934, 935]","[31, 142, 147, 180, 338, 352, 367, 387, 403, 405, 408, 410, 455, 465, 466, 468, 470, 472, 473, 483, 484, 514, 613, 618, 651, 794, 807, 837, 852, 854, 858, 861, 902, 912, 913, 915, 917, 919, 920, 931, 934, 935]",0/6 successful match,False,,False,17,False,,1.0,True,Howard's General Store ( Sinclair ),Sinclair
"E Glendo , 82213 Howard's General Store ( Sinclair )",8 307-735-4252 I-25 Exit 111 ( A St ),<U+25A1> <U+25A1> M <U+2610> <U+2610> <U+25A1>,Glendo,82213,Howard's General Store ( Sinclair ),307-735-4252,2008,Glendo,WY,Sinclair,( A St ),I-25 Exit 111 ,Exit,111,False,,False,I-25,,,,,[],[],[],[],[],"[108, 353, 430, 584, 808, 882]","[31, 142, 147, 180, 338, 352, 367, 387, 403, 405, 408, 410, 455, 465, 466, 468, 470, 472, 473, 483, 484, 514, 613, 618, 651, 794, 807, 837, 852, 854, 858, 861, 902, 912, 913, 915, 917, 919, 920, 931, 934, 935]","[31, 142, 147, 150, 180, 338, 352, 367, 387, 403, 405, 408, 410, 455, 465, 466, 468, 470, 472, 473, 483, 484, 514, 613, 618, 621, 651, 794, 807, 837, 852, 854, 858, 861, 902, 912, 913, 915, 917, 919, 920, 931, 934, 935]","[514, 387, 902, 651, 142, 912, 913, 147, 403, 405, 915, 917, 408, 919, 410, 794, 920, 150, 31, 931, 934, 807, 808, 935, 430, 180, 837, 455, 584, 465, 338, 466, 468, 852, 470, 854, 472, 473, 858, 861, 352, 353, 483, 484, 613, 618, 108, 621, 367, 882]",False,[],[],[],[],"[108, 353, 430, 584, 808, 882]","[31, 142, 147, 150, 180, 338, 352, 367, 387, 403, 405, 408, 410, 455, 465, 466, 468, 470, 472, 473, 483, 484, 514, 613, 618, 621, 651, 794, 807, 837, 852, 854, 858, 861, 902, 912, 913, 915, 917, 919, 920, 931, 934, 935]","[31, 142, 147, 180, 338, 352, 367, 387, 403, 405, 408, 410, 455, 465, 466, 468, 470, 472, 473, 483, 484, 514, 613, 618, 651, 794, 807, 837, 852, 854, 858, 861, 902, 912, 913, 915, 917, 919, 920, 931, 934, 935]",0/6 successful match,False,,False,17,False,,1.0,True,Howard's General Store ( Sinclair ),Sinclair
Glendo ( 82213 ) Howard's General Store ( Sinclair ),8 307-735-4252 I-25 Exit 111 ( A St ),S <U+25A1>,Glendo,82213,Howard's General Store ( Sinclair ),307-735-4252,2014,Glendo,WY,Sinclair,( A St ),I-25 Exit 111 ,Exit,111,False,,False,I-25,,,,,[],[],[],[],[],"[108, 353, 430, 584, 808, 882]","[31, 142, 147, 180, 338, 352, 367, 387, 403, 405, 408, 410, 455, 465, 466, 468, 470, 472, 473, 483, 484, 514, 613, 618, 651, 794, 807, 837, 852, 854, 858, 861, 902, 912, 913, 915, 917, 919, 920, 931, 934, 935]","[31, 142, 147, 150, 180, 338, 352, 367, 387, 403, 405, 408, 410, 455, 465, 466, 468, 470, 472, 473, 483, 484, 514, 613, 618, 621, 651, 794, 807, 837, 852, 854, 858, 861, 902, 912, 913, 915, 917, 919, 920, 931, 934, 935]","[514, 387, 902, 651, 142, 912, 913, 147, 403, 405, 915, 917, 408, 919, 410, 794, 920, 150, 31, 931, 934, 807, 808, 935, 430, 180, 837, 455, 584, 465, 338, 466, 468, 852, 470, 854, 472, 473, 858, 861, 352, 353, 483, 484, 613, 618, 108, 621, 367, 882]",False,[],[],[],[],"[108, 353, 430, 584, 808, 882]","[31, 142, 147, 150, 180, 338, 352, 367, 387, 403, 405, 408, 410, 455, 465, 466, 468, 470, 472, 473, 483, 484, 514, 613, 618, 621, 651, 794, 807, 837, 852, 854, 858, 861, 902, 912, 913, 915, 917, 919, 920, 931, 934, 935]","[31, 142, 147, 180, 338, 352, 367, 387, 403, 405, 408, 410, 455, 465, 466, 468, 470, 472, 473, 483, 484, 514, 613, 618, 651, 794, 807, 837, 852, 854, 858, 861, 902, 912, 913, 915, 917, 919, 920, 931, 934, 935]",0/6 successful match,False,,False,17,False,,1.0,True,Howard's General Store ( Sinclair ),Sinclair
Glendo ( 82213 ) Howard's General ),307-735-4252 I-25 Exit 111 ( A St ),<U+2610> S <U+2610>,Glendo,82213,Howard's General ),307-735-4252,2015,Glendo,WY,,( A St ),I-25 Exit 111 ,Exit,111,False,,False,I-25,,,,,[],[],[],[],[],"[108, 353, 430, 584, 808, 882]",[],"[150, 621]","[353, 584, 808, 108, 621, 430, 882, 150]",False,[],[],[],[],"[108, 353, 430, 584, 808, 882]","[150, 621]",[],0/6 successful match,False,,False,17,False,,0.9037735849056604,True,Howard's General Store ( Sinclair ),Sinclair
Glendo ( 82213 ) Howard's St ),307-735-4252 I-25 Exit 111 ( A ),[ ] <U+2610> S <U+2610>,Glendo,82213,Howard's St ),307-735-4252,2016,Glendo,WY,,( A ),I-25 Exit 111 ,Exit,111,False,,False,I-25,,,,,[],[],[],[],[],"[108, 353, 430, 584, 808, 882]",[],[],"[353, 584, 808, 108, 430, 882]",False,[],[],[],[],"[108, 353, 430, 584, 808, 882]",[],[],0/6 successful match,False,,False,17,False,,0.6129032258064517,True,Howard's General ),
"Guernsey , 82214 Johnston's Corner ( Sinclair )",307-836-3155 US 26,,Guernsey,82214,Johnston's Corner ( Sinclair ),307-836-3155,2006,Guernsey,WY,Sinclair,,US 26,empty,,False,,False,US 26,,,,,[],[],[],[],[],"[84, 555]","[31, 142, 147, 180, 338, 352, 367, 387, 403, 405, 408, 410, 455, 465, 466, 468, 470, 472, 473, 483, 484, 514, 613, 618, 651, 794, 807, 837, 852, 854, 858, 861, 902, 912, 913, 915, 917, 919, 920, 931, 934, 935]","[9, 10, 31, 142, 147, 180, 196, 338, 352, 367, 387, 397, 403, 405, 408, 410, 455, 465, 466, 468, 470, 472, 473, 483, 484, 494, 495, 514, 613, 618, 651, 667, 794, 807, 837, 847, 852, 854, 858, 861, 902, 912, 913, 915, 917, 919, 920, 931, 934, 935]","[514, 387, 902, 9, 10, 651, 397, 142, 912, 913, 147, 403, 405, 915, 917, 408, 919, 410, 794, 920, 667, 31, 931, 934, 807, 935, 555, 180, 196, 837, 455, 847, 465, 338, 466, 84, 468, 470, 852, 472, 473, 854, 858, 861, 352, 483, 484, 613, 618, 494, 367, 495]",False,[],[],[],[],"[84, 555]","[9, 10, 31, 142, 147, 180, 196, 338, 352, 367, 387, 397, 403, 405, 408, 410, 455, 465, 466, 468, 470, 472, 473, 483, 484, 494, 495, 514, 613, 618, 651, 667, 794, 807, 837, 847, 852, 854, 858, 861, 902, 912, 913, 915, 917, 919, 920, 931, 934, 935]","[31, 142, 147, 180, 338, 352, 367, 387, 403, 405, 408, 410, 455, 465, 466, 468, 470, 472, 473, 483, 484, 514, 613, 618, 651, 794, 807, 837, 852, 854, 858, 861, 902, 912, 913, 915, 917, 919, 920, 931, 934, 935]",0/6 successful match,False,,False,18,False,,,,,
", 82214 Johnston's Corner ( Sinclair )",NEGuernsey 9307-836-3155 US 26,,,82214,Johnston's Corner ( Sinclair ),307-836-3155,2007,Guernsey,WY,Sinclair,,US 26,empty,,False,,False,US 26,,,,,[],[],[],[],[],"[84, 555]","[31, 142, 147, 180, 338, 352, 367, 387, 403, 405, 408, 410, 455, 465, 466, 468, 470, 472, 473, 483, 484, 514, 613, 618, 651, 794, 807, 837, 852, 854, 858, 861, 902, 912, 913, 915, 917, 919, 920, 931, 934, 935]","[9, 10, 31, 142, 147, 180, 196, 338, 352, 367, 387, 397, 403, 405, 408, 410, 455, 465, 466, 468, 470, 472, 473, 483, 484, 494, 495, 514, 613, 618, 651, 667, 794, 807, 837, 847, 852, 854, 858, 861, 902, 912, 913, 915, 917, 919, 920, 931, 934, 935]","[514, 387, 902, 9, 10, 651, 397, 142, 912, 913, 147, 403, 405, 915, 917, 408, 919, 410, 794, 920, 667, 31, 931, 934, 807, 935, 555, 180, 196, 837, 455, 847, 465, 338, 466, 84, 468, 470, 852, 472, 473, 854, 858, 861, 352, 483, 484, 613, 618, 494, 367, 495]",False,[],[],[],[],"[84, 555]","[9, 10, 31, 142, 147, 180, 196, 338, 352, 367, 387, 397, 403, 405, 408, 410, 455, 465, 466, 468, 470, 472, 473, 483, 484, 494, 495, 514, 613, 618, 651, 667, 794, 807, 837, 847, 852, 854, 858, 861, 902, 912, 913, 915, 917, 919, 920, 931, 934, 935]","[31, 142, 147, 180, 338, 352, 367, 387, 403, 405, 408, 410, 455, 465, 466, 468, 470, 472, 473, 483, 484, 514, 613, 618, 651, 794, 807, 837, 852, 854, 858, 861, 902, 912, 913, 915, 917, 919, 920, 931, 934, 935]",0/6 successful match,False,,False,18,False,,1.0,True,Johnston's Corner ( Sinclair ),Sinclair
"Guernsey , 82214 Johnston's Corner ( Sinclair )",307-836-3155 US 26,<U+2610>,Guernsey,82214,Johnston's Corner ( Sinclair ),307-836-3155,2008,Guernsey,WY,Sinclair,,US 26,empty,,False,,False,US 26,,,,,[],[],[],[],[],"[84, 555]","[31, 142, 147, 180, 338, 352, 367, 387, 403, 405, 408, 410, 455, 465, 466, 468, 470, 472, 473, 483, 484, 514, 613, 618, 651, 794, 807, 837, 852, 854, 858, 861, 902, 912, 913, 915, 917, 919, 920, 931, 934, 935]","[9, 10, 31, 142, 147, 180, 196, 338, 352, 367, 387, 397, 403, 405, 408, 410, 455, 465, 466, 468, 470, 472, 473, 483, 484, 494, 495, 514, 613, 618, 651, 667, 794, 807, 837, 847, 852, 854, 858, 861, 902, 912, 913, 915, 917, 919, 920, 931, 934, 935]","[514, 387, 902, 9, 10, 651, 397, 142, 912, 913, 147, 403, 405, 915, 917, 408, 919, 410, 794, 920, 667, 31, 931, 934, 807, 935, 555, 180, 196, 837, 455, 847, 465, 338, 466, 84, 468, 470, 852, 472, 473, 854, 858, 861, 352, 483, 484, 613, 618, 494, 367, 495]",False,[],[],[],[],"[84, 555]","[9, 10, 31, 142, 147, 180, 196, 338, 352, 367, 387, 397, 403, 405, 408, 410, 455, 465, 466, 468, 470, 472, 473, 483, 484, 494, 495, 514, 613, 618, 651, 667, 794, 807, 837, 847, 852, 854, 858, 861, 902, 912, 913, 915, 917, 919, 920, 931, 934, 935]","[31, 142, 147, 180, 338, 352, 367, 387, 403, 405, 408, 410, 455, 465, 466, 468, 470, 472, 473, 483, 484, 514, 613, 618, 651, 794, 807, 837, 852, 854, 858, 861, 902, 912, 913, 915, 917, 919, 920, 931, 934, 935]",0/6 successful match,False,,False,18,False,,1.0,True,Johnston's Corner ( Sinclair ),Sinclair
Guernsey ( 82214 ) Johnston's Corner ( Sinclair ),9 307-836-3155 US 26,24 S O,Guernsey,82214,Johnston's Corner ( Sinclair ),307-836-3155,2014,Guernsey,WY,Sinclair,,US 26,empty,,False,,False,US 26,,,,,[],[],[],[],[],"[84, 555]","[31, 142, 147, 180, 338, 352, 367, 387, 403, 405, 408, 410, 455, 465, 466, 468, 470, 472, 473, 483, 484, 514, 613, 618, 651, 794, 807, 837, 852, 854, 858, 861, 902, 912, 913, 915, 917, 919, 920, 931, 934, 935]","[9, 10, 31, 142, 147, 180, 196, 338, 352, 367, 387, 397, 403, 405, 408, 410, 455, 465, 466, 468, 470, 472, 473, 483, 484, 494, 495, 514, 613, 618, 651, 667, 794, 807, 837, 847, 852, 854, 858, 861, 902, 912, 913, 915, 917, 919, 920, 931, 934, 935]","[514, 387, 902, 9, 10, 651, 397, 142, 912, 913, 147, 403, 405, 915, 917, 408, 919, 410, 794, 920, 667, 31, 931, 934, 807, 935, 555, 180, 196, 837, 455, 847, 465, 338, 466, 84, 468, 470, 852, 472, 473, 854, 858, 861, 352, 483, 484, 613, 618, 494, 367, 495]",False,[],[],[],[],"[84, 555]","[9, 10, 31, 142, 147, 180, 196, 338, 352, 367, 387, 397, 403, 405, 408, 410, 455, 465, 466, 468, 470, 472, 473, 483, 484, 494, 495, 514, 613, 618, 651, 667, 794, 807, 837, 847, 852, 854, 858, 861, 902, 912, 913, 915, 917, 919, 920, 931, 934, 935]","[31, 142, 147, 180, 338, 352, 367, 387, 403, 405, 408, 410, 455, 465, 466, 468, 470, 472, 473, 483, 484, 514, 613, 618, 651, 794, 807, 837, 852, 854, 858, 861, 902, 912, 913, 915, 917, 919, 920, 931, 934, 935]",0/6 successful match,False,,False,18,False,,1.0,True,Johnston's Corner ( Sinclair ),Sinclair
Guernsey ( 82214 ) Johnston's Corner (,307-836-3155 US 26 ),24 38 S,Guernsey,82214,Johnston's Corner (,307-836-3155,2015,Guernsey,WY,,,US 26 ,empty,,False,,False,US 26,,,,,[],[],[],[],[],"[84, 555]",[],"[9, 10, 196, 397, 494, 495, 667, 847]","[196, 9, 10, 555, 397, 494, 495, 847, 84, 667]",False,[],[],[],[],"[84, 555]","[9, 10, 196, 397, 494, 495, 667, 847]",[],0/6 successful match,False,,False,18,False,,0.9993197278911564,True,Johnston's Corner ( Sinclair ),Sinclair
Guernsey ( 82214 ) Johnston's Corner ( ),9 / 307-836-3155 US 26,24 S 24 00,Guernsey,82214,Johnston's Corner ( ),307-836-3155,2016,Guernsey,WY,,,US 26,empty,,False,,False,US 26,,,,,[],[],[],[],[],"[84, 555]",[],"[9, 10, 196, 397, 494, 495, 667, 847]","[196, 9, 10, 555, 397, 494, 495, 847, 84, 667]",False,[],[],[],[],"[84, 555]","[9, 10, 196, 397, 494, 495, 667, 847]",[],0/6 successful match,False,,False,18,False,,1.0,True,Johnston's Corner (,
"Lusk , 82225 Outpost Truck Stop",307-334-2048 US 85 ( 3 blks S of US 18-20 ),24 M L,Lusk,82225,Outpost Truck Stop,307-334-2048,2006,Lusk,WY,,( 3 blks S of US 18-20 ),US 85,empty,,False,,False,US 85,,,,,[],[],[],[],[],"[6, 492]",[],[],"[492, 6]",False,[],[],[],[],"[6, 492]",[],[],0/6 successful match,False,,False,19,False,,,,,
"Lusk , 82225 Outpost Truck Stop",307-334-2048 US 85 ( 3 blks S of US 18-20 ),24 HRS 484 M,Lusk,82225,Outpost Truck Stop,307-334-2048,2007,Lusk,WY,,( 3 blks S of US 18-20 ),US 85,empty,,False,,False,US 85,,,,,[],[],[],[],[],"[6, 492]",[],[],"[492, 6]",False,[],[],[],[],"[6, 492]",[],[],0/6 successful match,False,,False,19,False,,0.8999999999999999,True,Outpost Truck Stop,
"Lusk , 82225 Outpost Truck Stop",9 307-334-2048 US 85 ( 3 blks S of US 18-20 ),24 M,Lusk,82225,Outpost Truck Stop,307-334-2048,2008,Lusk,WY,,( 3 blks S of US 18-20 ),US 85,empty,,False,,False,US 85,,,,,[],[],[],[],[],"[6, 492]",[],[],"[492, 6]",False,[],[],[],[],"[6, 492]",[],[],0/6 successful match,False,,False,19,False,,0.8999999999999999,True,Outpost Truck Stop,
D Lusk ( 82225 ) Outpost Truck Stop,9 307-334-2048 . US 85 ( 3 blks S of US 18-20 ),24 M <U+25A1>,Lusk,82225,Outpost Truck Stop,307-334-2048,2014,Lusk,WY,,( 3 blks S of US 18-20 ),. US 85,empty,,False,,False,US 85,,,,,[],[],[],[],[],"[6, 492]",[],[],"[492, 6]",False,[],[],[],[],"[6, 492]",[],[],0/6 successful match,False,,False,19,False,,0.8999999999999999,True,Outpost Truck Stop,
D Lusk ( 82225 ) Outpost Truck Stop,307-334-2048 US 85 ( 3 blks S of US 18-20 ),NATSN 24 M <U+25A1>,Lusk,82225,Outpost Truck Stop,307-334-2048,2015,Lusk,WY,,( 3 blks S of US 18-20 ),US 85,empty,,False,,False,US 85,,,,,[],[],[],[],[],"[6, 492]",[],[],"[492, 6]",False,[],[],[],[],"[6, 492]",[],[],0/6 successful match,False,,False,19,False,,0.8999999999999999,True,Outpost Truck Stop,
D Lusk ( 82225 ) Outpost Truck Stop,9 / 307-334-2048 US 85 ( 3 blks S of US 18-20 ),m M <U+2610>,Lusk,82225,Outpost Truck Stop,307-334-2048,2016,Lusk,WY,,( 3 blks S of US 18-20 ),US 85,empty,,False,,False,US 85,,,,,[],[],[],[],[],"[6, 492]",[],[],"[492, 6]",False,[],[],[],[],"[6, 492]",[],[],0/6 successful match,False,,False,19,False,,0.8999999999999999,True,Outpost Truck Stop,
"Manville , 82227 3 Sisters Truck Stop",307-334-3005 US 20 & Hwy 270,"S "" <U+25A1>",Manville,82227,3 Sisters Truck Stop,307-334-3005,2006,Manville,WY,,,US 20 & Hwy 270,empty,,False,,False,US 20,Hwy 270,,,,[],[],[],[],[],"[104, 433, 575, 885]",[],"[303, 761]","[104, 303, 433, 885, 761, 575]",False,[],[],[],[],"[104, 433, 575, 885]","[303, 761]",[],0/6 successful match,False,,False,20,False,,,,,
"Manville , 82227 3 Sisters Truck Stop",307-334-3005 US 20 & Hwy 270,M,Manville,82227,3 Sisters Truck Stop,307-334-3005,2007,Manville,WY,,,US 20 & Hwy 270,empty,,False,,False,US 20,Hwy 270,,,,[],[],[],[],[],"[104, 433, 575, 885]",[],"[303, 761]","[104, 303, 433, 885, 761, 575]",False,[],[],[],[],"[104, 433, 575, 885]","[303, 761]",[],0/6 successful match,False,,False,20,False,,0.8999999999999999,True,3 Sisters Truck Stop,
"Manville , 82227 Smokin ' Joe's",307-334-3005 US 20 & Hwy 270,M <U+2610> <U+2610>,Manville,82227,Smokin ' Joe's,307-334-3005,2008,Manville,WY,,,US 20 & Hwy 270,empty,,False,,False,US 20,Hwy 270,,,,[],[],[],[],[],"[104, 433, 575, 885]",[],"[194, 195, 665, 666]","[194, 195, 104, 433, 885, 665, 666, 575]",False,[],[],[],[],"[104, 433, 575, 885]","[194, 195, 665, 666]",[],0/6 successful match,False,,False,20,True,2008,0.058823529411764705,True,3 Sisters Truck Stop,
D Manville ( 82227 ) Three Sisters,307-334-3005 US 20 & Hwy 270,<U+2610> M <U+2610>,Manville,82227,Three Sisters,307-334-3005,2014,Manville,WY,,,US 20 & Hwy 270,empty,,False,,False,US 20,Hwy 270,,,,[],[],[],[],[],"[104, 433, 575, 885]",[],"[303, 761]","[104, 303, 433, 885, 761, 575]",False,[],[],[],[],"[104, 433, 575, 885]","[303, 761]",[],0/6 successful match,False,,False,20,True,2014,0.07407407407407407,True,Smokin ' Joe's,
D Manville ( 82227 ) Three Sisters,307-334-3005 US 20 & Hwy 270,<U+25A1> M <U+2610>,Manville,82227,Three Sisters,307-334-3005,2015,Manville,WY,,,US 20 & Hwy 270,empty,,False,,False,US 20,Hwy 270,,,,[],[],[],[],[],"[104, 433, 575, 885]",[],"[303, 761]","[104, 303, 433, 885, 761, 575]",False,[],[],[],[],"[104, 433, 575, 885]","[303, 761]",[],0/6 successful match,False,,False,20,False,,1.0,True,Three Sisters,
D Manville ( 82227 ) Three Sisters,307-334-3005 US 20 & Hwy 270,<U+25A1> M <U+25A1> 1,Manville,82227,Three Sisters,307-334-3005,2016,Manville,WY,,,US 20 & Hwy 270,empty,,False,,False,US 20,Hwy 270,,,,[],[],[],[],[],"[104, 433, 575, 885]",[],"[303, 761]","[104, 303, 433, 885, 761, 575]",False,[],[],[],[],"[104, 433, 575, 885]","[303, 761]",[],0/6 successful match,False,,False,20,False,,1.0,True,Three Sisters,
"Torrington , 82240 Torrington Travel Terminal ( Citgo )",307-532-8164 1500 US 26,MO S,Torrington,82240,Torrington Travel Terminal ( Citgo ),307-532-8164,2006,Torrington,WY,Citgo,,1500 US 26,Proper,,False,,False,US 26,,,,,[],[],[],[],[],"[84, 555]",[],"[99, 126, 570, 597]","[99, 555, 84, 597, 570, 126]",False,[],[],[],[],"[84, 555]","[99, 126, 570, 597]",[],0/6 successful match,False,,False,21,False,,,,,
"E Torrington , 82240 Torrington Travel Terminal",307-532-8164 1500 US 26,M,Torrington,82240,Torrington Travel Terminal,307-532-8164,2007,Torrington,WY,,,1500 US 26,Proper,,False,,False,US 26,,,,,[],[],[],[],[],"[84, 555]",[],"[99, 126, 570, 597]","[99, 555, 84, 597, 570, 126]",False,[],[],[],[],"[84, 555]","[99, 126, 570, 597]",[],0/6 successful match,False,,False,21,False,,1.0,True,Torrington Travel Terminal ( Citgo ),Citgo
"Torrington , 82240 Torrington Travel Terminal",307-532-8164 1500 US 26,24 25,Torrington,82240,Torrington Travel Terminal,307-532-8164,2008,Torrington,WY,,,1500 US 26,Proper,,False,,False,US 26,,,,,[],[],[],[],[],"[84, 555]",[],"[99, 126, 570, 597]","[99, 555, 84, 597, 570, 126]",False,[],[],[],[],"[84, 555]","[99, 126, 570, 597]",[],0/6 successful match,False,,False,21,False,,1.0,True,Torrington Travel Terminal,
E Torrington ( 82240 ) Torrington Travel Terminal,9 307-532-8164 1500 US 26,M <U+2610> <U+2610>,Torrington,82240,Torrington Travel Terminal,307-532-8164,2014,Torrington,WY,,,1500 US 26,Proper,,False,,False,US 26,,,,,[],[],[],[],[],"[84, 555]",[],"[99, 126, 570, 597]","[99, 555, 84, 597, 570, 126]",False,[],[],[],[],"[84, 555]","[99, 126, 570, 597]",[],0/6 successful match,False,,False,21,False,,1.0,True,Torrington Travel Terminal,
Torrington ( 82240 ) Torrington Travel Terminal,307-532-8164 1500 US 26,24 M <U+2610> <U+2610>,Torrington,82240,Torrington Travel Terminal,307-532-8164,2015,Torrington,WY,,,1500 US 26,Proper,,False,,False,US 26,,,,,[],[],[],[],[],"[84, 555]",[],"[99, 126, 570, 597]","[99, 555, 84, 597, 570, 126]",False,[],[],[],[],"[84, 555]","[99, 126, 570, 597]",[],0/6 successful match,False,,False,21,False,,1.0,True,Torrington Travel Terminal,
Torrington ( 82240 ) Torrington Travel Terminal,307-532-8164 1500 US 26,24 M <U+2610> <U+2610> O,Torrington,82240,Torrington Travel Terminal,307-532-8164,2016,Torrington,WY,,,1500 US 26,Proper,,False,,False,US 26,,,,,[],[],[],[],[],"[84, 555]",[],"[99, 126, 570, 597]","[99, 555, 84, 597, 570, 126]",False,[],[],[],[],"[84, 555]","[99, 126, 570, 597]",[],0/6 successful match,False,,False,21,False,,1.0,True,Torrington Travel Terminal,
"Rawlins , 82301 West End Sinclair",307-324-4089 I-80 Exit 211 ( W Spruce ),24 24 XL M,Rawlins,82301,West End Sinclair,307-324-4089,2006,Rawlins,WY,Sinclair,( W Spruce ),I-80 Exit 211 ,Exit,211,False,,False,I-80,,,,,[],[],[],"[54, 530]",[],"[89, 108, 172, 217, 221, 239, 264, 280, 321, 342, 343, 344, 345, 346, 349, 351, 352, 355, 357, 359, 364, 368, 371, 372, 373, 374, 376, 377, 387, 392, 393, 403, 409, 411, 414, 424, 430, 449, 454, 470, 480, 560, 584, 643, 685, 703, 724, 739, 779, 798, 799, 800, 801, 804, 806, 807, 810, 812, 814, 816, 821, 822, 823, 824, 826, 827, 837, 842, 843, 852, 859, 862, 865, 869, 876, 882, 897, 901, 917, 932]","[31, 142, 147, 180, 338, 352, 367, 387, 403, 405, 408, 410, 455, 465, 466, 468, 470, 472, 473, 483, 484, 514, 613, 618, 651, 794, 807, 837, 852, 854, 858, 861, 902, 912, 913, 915, 917, 919, 920, 931, 934, 935]","[31, 142, 147, 180, 338, 352, 367, 387, 403, 405, 408, 410, 455, 465, 466, 468, 470, 472, 473, 483, 484, 514, 613, 618, 651, 794, 807, 837, 852, 854, 858, 861, 902, 912, 913, 915, 917, 919, 920, 931, 934, 935]","[514, 530, 31, 560, 54, 584, 89, 613, 618, 108, 643, 651, 142, 147, 172, 685, 180, 703, 724, 217, 221, 739, 239, 264, 779, 280, 794, 798, 799, 800, 801, 804, 806, 807, 810, 812, 814, 816, 821, 822, 823, 824, 826, 827, 321, 837, 842, 843, 338, 852, 342, 343, 344, 345, 346, 859, 854, 349, 862, 351, 352, 865, 858, 355, 861, 357, 869, 359, 364, 876, 367, 368, 882, 371, 372, 373, 374, 376, 377, 897, 387, 901, 902, 392, 393, 912, 913, 403, 915, 917, 405, 919, 408, 409, 410, 411, 920, 414, 931, 932, 934, 935, 424, 430, 449, 454, 455, 465, 466, 468, 470, 472, 473, 480, 483, 484]",False,[],[],[],"[54, 530]","[89, 108, 172, 217, 221, 239, 264, 280, 321, 342, 343, 344, 345, 346, 349, 351, 352, 355, 357, 359, 364, 368, 371, 372, 373, 374, 376, 377, 387, 392, 393, 403, 409, 411, 414, 424, 430, 449, 454, 470, 480, 560, 584, 643, 685, 703, 724, 739, 779, 798, 799, 800, 801, 804, 806, 807, 810, 812, 814, 816, 821, 822, 823, 824, 826, 827, 837, 842, 843, 852, 859, 862, 865, 869, 876, 882, 897, 901, 917, 932]","[31, 142, 147, 180, 338, 352, 367, 387, 403, 405, 408, 410, 455, 465, 466, 468, 470, 472, 473, 483, 484, 514, 613, 618, 651, 794, 807, 837, 852, 854, 858, 861, 902, 912, 913, 915, 917, 919, 920, 931, 934, 935]","[31, 142, 147, 180, 338, 352, 367, 387, 403, 405, 408, 410, 455, 465, 466, 468, 470, 472, 473, 483, 484, 514, 613, 618, 651, 794, 807, 837, 852, 854, 858, 861, 902, 912, 913, 915, 917, 919, 920, 931, 934, 935]",0/6 successful match,False,,False,22,False,,,,,
"Rawlins , 82301 West End Sinclair",6 307-324-4089 I-80 Exit 211 ( W Spruce ),M,Rawlins,82301,West End Sinclair,307-324-4089,2007,Rawlins,WY,Sinclair,( W Spruce ),I-80 Exit 211 ,Exit,211,False,,False,I-80,,,,,[],[],[],"[54, 530]",[],"[89, 108, 172, 217, 221, 239, 264, 280, 321, 342, 343, 344, 345, 346, 349, 351, 352, 355, 357, 359, 364, 368, 371, 372, 373, 374, 376, 377, 387, 392, 393, 403, 409, 411, 414, 424, 430, 449, 454, 470, 480, 560, 584, 643, 685, 703, 724, 739, 779, 798, 799, 800, 801, 804, 806, 807, 810, 812, 814, 816, 821, 822, 823, 824, 826, 827, 837, 842, 843, 852, 859, 862, 865, 869, 876, 882, 897, 901, 917, 932]","[31, 142, 147, 180, 338, 352, 367, 387, 403, 405, 408, 410, 455, 465, 466, 468, 470, 472, 473, 483, 484, 514, 613, 618, 651, 794, 807, 837, 852, 854, 858, 861, 902, 912, 913, 915, 917, 919, 920, 931, 934, 935]","[31, 142, 147, 180, 338, 352, 367, 387, 403, 405, 408, 410, 455, 465, 466, 468, 470, 472, 473, 483, 484, 514, 613, 618, 651, 794, 807, 837, 852, 854, 858, 861, 902, 912, 913, 915, 917, 919, 920, 931, 934, 935]","[514, 530, 31, 560, 54, 584, 89, 613, 618, 108, 643, 651, 142, 147, 172, 685, 180, 703, 724, 217, 221, 739, 239, 264, 779, 280, 794, 798, 799, 800, 801, 804, 806, 807, 810, 812, 814, 816, 821, 822, 823, 824, 826, 827, 321, 837, 842, 843, 338, 852, 342, 343, 344, 345, 346, 859, 854, 349, 862, 351, 352, 865, 858, 355, 861, 357, 869, 359, 364, 876, 367, 368, 882, 371, 372, 373, 374, 376, 377, 897, 387, 901, 902, 392, 393, 912, 913, 403, 915, 917, 405, 919, 408, 409, 410, 411, 920, 414, 931, 932, 934, 935, 424, 430, 449, 454, 455, 465, 466, 468, 470, 472, 473, 480, 483, 484]",False,[],[],[],"[54, 530]","[89, 108, 172, 217, 221, 239, 264, 280, 321, 342, 343, 344, 345, 346, 349, 351, 352, 355, 357, 359, 364, 368, 371, 372, 373, 374, 376, 377, 387, 392, 393, 403, 409, 411, 414, 424, 430, 449, 454, 470, 480, 560, 584, 643, 685, 703, 724, 739, 779, 798, 799, 800, 801, 804, 806, 807, 810, 812, 814, 816, 821, 822, 823, 824, 826, 827, 837, 842, 843, 852, 859, 862, 865, 869, 876, 882, 897, 901, 917, 932]","[31, 142, 147, 180, 338, 352, 367, 387, 403, 405, 408, 410, 455, 465, 466, 468, 470, 472, 473, 483, 484, 514, 613, 618, 651, 794, 807, 837, 852, 854, 858, 861, 902, 912, 913, 915, 917, 919, 920, 931, 934, 935]","[31, 142, 147, 180, 338, 352, 367, 387, 403, 405, 408, 410, 455, 465, 466, 468, 470, 472, 473, 483, 484, 514, 613, 618, 651, 794, 807, 837, 852, 854, 858, 861, 902, 912, 913, 915, 917, 919, 920, 931, 934, 935]",0/6 successful match,False,,False,22,False,,1.0,True,West End Sinclair,Sinclair
"E Rawlins , 82301 West End Sinclair",307-324-4089 I-80 Exit 211 ( W Spruce ),24 M,Rawlins,82301,West End Sinclair,307-324-4089,2008,Rawlins,WY,Sinclair,( W Spruce ),I-80 Exit 211 ,Exit,211,False,,False,I-80,,,,,[],[],[],"[54, 530]",[],"[89, 108, 172, 217, 221, 239, 264, 280, 321, 342, 343, 344, 345, 346, 349, 351, 352, 355, 357, 359, 364, 368, 371, 372, 373, 374, 376, 377, 387, 392, 393, 403, 409, 411, 414, 424, 430, 449, 454, 470, 480, 560, 584, 643, 685, 703, 724, 739, 779, 798, 799, 800, 801, 804, 806, 807, 810, 812, 814, 816, 821, 822, 823, 824, 826, 827, 837, 842, 843, 852, 859, 862, 865, 869, 876, 882, 897, 901, 917, 932]","[31, 142, 147, 180, 338, 352, 367, 387, 403, 405, 408, 410, 455, 465, 466, 468, 470, 472, 473, 483, 484, 514, 613, 618, 651, 794, 807, 837, 852, 854, 858, 861, 902, 912, 913, 915, 917, 919, 920, 931, 934, 935]","[31, 142, 147, 180, 338, 352, 367, 387, 403, 405, 408, 410, 455, 465, 466, 468, 470, 472, 473, 483, 484, 514, 613, 618, 651, 794, 807, 837, 852, 854, 858, 861, 902, 912, 913, 915, 917, 919, 920, 931, 934, 935]","[514, 530, 31, 560, 54, 584, 89, 613, 618, 108, 643, 651, 142, 147, 172, 685, 180, 703, 724, 217, 221, 739, 239, 264, 779, 280, 794, 798, 799, 800, 801, 804, 806, 807, 810, 812, 814, 816, 821, 822, 823, 824, 826, 827, 321, 837, 842, 843, 338, 852, 342, 343, 344, 345, 346, 859, 854, 349, 862, 351, 352, 865, 858, 355, 861, 357, 869, 359, 364, 876, 367, 368, 882, 371, 372, 373, 374, 376, 377, 897, 387, 901, 902, 392, 393, 912, 913, 403, 915, 917, 405, 919, 408, 409, 410, 411, 920, 414, 931, 932, 934, 935, 424, 430, 449, 454, 455, 465, 466, 468, 470, 472, 473, 480, 483, 484]",False,[],[],[],"[54, 530]","[89, 108, 172, 217, 221, 239, 264, 280, 321, 342, 343, 344, 345, 346, 349, 351, 352, 355, 357, 359, 364, 368, 371, 372, 373, 374, 376, 377, 387, 392, 393, 403, 409, 411, 414, 424, 430, 449, 454, 470, 480, 560, 584, 643, 685, 703, 724, 739, 779, 798, 799, 800, 801, 804, 806, 807, 810, 812, 814, 816, 821, 822, 823, 824, 826, 827, 837, 842, 843, 852, 859, 862, 865, 869, 876, 882, 897, 901, 917, 932]","[31, 142, 147, 180, 338, 352, 367, 387, 403, 405, 408, 410, 455, 465, 466, 468, 470, 472, 473, 483, 484, 514, 613, 618, 651, 794, 807, 837, 852, 854, 858, 861, 902, 912, 913, 915, 917, 919, 920, 931, 934, 935]","[31, 142, 147, 180, 338, 352, 367, 387, 403, 405, 408, 410, 455, 465, 466, 468, 470, 472, 473, 483, 484, 514, 613, 618, 651, 794, 807, 837, 852, 854, 858, 861, 902, 912, 913, 915, 917, 919, 920, 931, 934, 935]",0/6 successful match,False,,False,22,False,,1.0,True,West End Sinclair,Sinclair
Rawlins ( 82301 ) West End Sinclair,6 307-324-4089 I-80 Exit 211 ( W Spruce ),"24 M """,Rawlins,82301,West End Sinclair,307-324-4089,2014,Rawlins,WY,Sinclair,( W Spruce ),I-80 Exit 211 ,Exit,211,False,,False,I-80,,,,,[],[],[],"[54, 530]",[],"[89, 108, 172, 217, 221, 239, 264, 280, 321, 342, 343, 344, 345, 346, 349, 351, 352, 355, 357, 359, 364, 368, 371, 372, 373, 374, 376, 377, 387, 392, 393, 403, 409, 411, 414, 424, 430, 449, 454, 470, 480, 560, 584, 643, 685, 703, 724, 739, 779, 798, 799, 800, 801, 804, 806, 807, 810, 812, 814, 816, 821, 822, 823, 824, 826, 827, 837, 842, 843, 852, 859, 862, 865, 869, 876, 882, 897, 901, 917, 932]","[31, 142, 147, 180, 338, 352, 367, 387, 403, 405, 408, 410, 455, 465, 466, 468, 470, 472, 473, 483, 484, 514, 613, 618, 651, 794, 807, 837, 852, 854, 858, 861, 902, 912, 913, 915, 917, 919, 920, 931, 934, 935]","[31, 142, 147, 180, 338, 352, 367, 387, 403, 405, 408, 410, 455, 465, 466, 468, 470, 472, 473, 483, 484, 514, 613, 618, 651, 794, 807, 837, 852, 854, 858, 861, 902, 912, 913, 915, 917, 919, 920, 931, 934, 935]","[514, 530, 31, 560, 54, 584, 89, 613, 618, 108, 643, 651, 142, 147, 172, 685, 180, 703, 724, 217, 221, 739, 239, 264, 779, 280, 794, 798, 799, 800, 801, 804, 806, 807, 810, 812, 814, 816, 821, 822, 823, 824, 826, 827, 321, 837, 842, 843, 338, 852, 342, 343, 344, 345, 346, 859, 854, 349, 862, 351, 352, 865, 858, 355, 861, 357, 869, 359, 364, 876, 367, 368, 882, 371, 372, 373, 374, 376, 377, 897, 387, 901, 902, 392, 393, 912, 913, 403, 915, 917, 405, 919, 408, 409, 410, 411, 920, 414, 931, 932, 934, 935, 424, 430, 449, 454, 455, 465, 466, 468, 470, 472, 473, 480, 483, 484]",False,[],[],[],"[54, 530]","[89, 108, 172, 217, 221, 239, 264, 280, 321, 342, 343, 344, 345, 346, 349, 351, 352, 355, 357, 359, 364, 368, 371, 372, 373, 374, 376, 377, 387, 392, 393, 403, 409, 411, 414, 424, 430, 449, 454, 470, 480, 560, 584, 643, 685, 703, 724, 739, 779, 798, 799, 800, 801, 804, 806, 807, 810, 812, 814, 816, 821, 822, 823, 824, 826, 827, 837, 842, 843, 852, 859, 862, 865, 869, 876, 882, 897, 901, 917, 932]","[31, 142, 147, 180, 338, 352, 367, 387, 403, 405, 408, 410, 455, 465, 466, 468, 470, 472, 473, 483, 484, 514, 613, 618, 651, 794, 807, 837, 852, 854, 858, 861, 902, 912, 913, 915, 917, 919, 920, 931, 934, 935]","[31, 142, 147, 180, 338, 352, 367, 387, 403, 405, 408, 410, 455, 465, 466, 468, 470, 472, 473, 483, 484, 514, 613, 618, 651, 794, 807, 837, 852, 854, 858, 861, 902, 912, 913, 915, 917, 919, 920, 931, 934, 935]",0/6 successful match,False,,False,22,False,,1.0,True,West End Sinclair,Sinclair
Rawlins ( 82301 ) West End Sinclair,6 307-324-4089 I-80 Exit 211 ( W Spruce ),24 M,Rawlins,82301,West End Sinclair,307-324-4089,2015,Rawlins,WY,Sinclair,( W Spruce ),I-80 Exit 211 ,Exit,211,False,,False,I-80,,,,,[],[],[],"[54, 530]",[],"[89, 108, 172, 217, 221, 239, 264, 280, 321, 342, 343, 344, 345, 346, 349, 351, 352, 355, 357, 359, 364, 368, 371, 372, 373, 374, 376, 377, 387, 392, 393, 403, 409, 411, 414, 424, 430, 449, 454, 470, 480, 560, 584, 643, 685, 703, 724, 739, 779, 798, 799, 800, 801, 804, 806, 807, 810, 812, 814, 816, 821, 822, 823, 824, 826, 827, 837, 842, 843, 852, 859, 862, 865, 869, 876, 882, 897, 901, 917, 932]","[31, 142, 147, 180, 338, 352, 367, 387, 403, 405, 408, 410, 455, 465, 466, 468, 470, 472, 473, 483, 484, 514, 613, 618, 651, 794, 807, 837, 852, 854, 858, 861, 902, 912, 913, 915, 917, 919, 920, 931, 934, 935]","[31, 142, 147, 180, 338, 352, 367, 387, 403, 405, 408, 410, 455, 465, 466, 468, 470, 472, 473, 483, 484, 514, 613, 618, 651, 794, 807, 837, 852, 854, 858, 861, 902, 912, 913, 915, 917, 919, 920, 931, 934, 935]","[514, 530, 31, 560, 54, 584, 89, 613, 618, 108, 643, 651, 142, 147, 172, 685, 180, 703, 724, 217, 221, 739, 239, 264, 779, 280, 794, 798, 799, 800, 801, 804, 806, 807, 810, 812, 814, 816, 821, 822, 823, 824, 826, 827, 321, 837, 842, 843, 338, 852, 342, 343, 344, 345, 346, 859, 854, 349, 862, 351, 352, 865, 858, 355, 861, 357, 869, 359, 364, 876, 367, 368, 882, 371, 372, 373, 374, 376, 377, 897, 387, 901, 902, 392, 393, 912, 913, 403, 915, 917, 405, 919, 408, 409, 410, 411, 920, 414, 931, 932, 934, 935, 424, 430, 449, 454, 455, 465, 466, 468, 470, 472, 473, 480, 483, 484]",False,[],[],[],"[54, 530]","[89, 108, 172, 217, 221, 239, 264, 280, 321, 342, 343, 344, 345, 346, 349, 351, 352, 355, 357, 359, 364, 368, 371, 372, 373, 374, 376, 377, 387, 392, 393, 403, 409, 411, 414, 424, 430, 449, 454, 470, 480, 560, 584, 643, 685, 703, 724, 739, 779, 798, 799, 800, 801, 804, 806, 807, 810, 812, 814, 816, 821, 822, 823, 824, 826, 827, 837, 842, 843, 852, 859, 862, 865, 869, 876, 882, 897, 901, 917, 932]","[31, 142, 147, 180, 338, 352, 367, 387, 403, 405, 408, 410, 455, 465, 466, 468, 470, 472, 473, 483, 484, 514, 613, 618, 651, 794, 807, 837, 852, 854, 858, 861, 902, 912, 913, 915, 917, 919, 920, 931, 934, 935]","[31, 142, 147, 180, 338, 352, 367, 387, 403, 405, 408, 410, 455, 465, 466, 468, 470, 472, 473, 483, 484, 514, 613, 618, 651, 794, 807, 837, 852, 854, 858, 861, 902, 912, 913, 915, 917, 919, 920, 931, 934, 935]",0/6 successful match,False,,False,22,False,,1.0,True,West End Sinclair,Sinclair
Rawlins ( 82301 ) West End Sinclair,307-324-4089 I-80 Exit 211 ( W Spruce ),24 M,Rawlins,82301,West End Sinclair,307-324-4089,2016,Rawlins,WY,Sinclair,( W Spruce ),I-80 Exit 211 ,Exit,211,False,,False,I-80,,,,,[],[],[],"[54, 530]",[],"[89, 108, 172, 217, 221, 239, 264, 280, 321, 342, 343, 344, 345, 346, 349, 351, 352, 355, 357, 359, 364, 368, 371, 372, 373, 374, 376, 377, 387, 392, 393, 403, 409, 411, 414, 424, 430, 449, 454, 470, 480, 560, 584, 643, 685, 703, 724, 739, 779, 798, 799, 800, 801, 804, 806, 807, 810, 812, 814, 816, 821, 822, 823, 824, 826, 827, 837, 842, 843, 852, 859, 862, 865, 869, 876, 882, 897, 901, 917, 932]","[31, 142, 147, 180, 338, 352, 367, 387, 403, 405, 408, 410, 455, 465, 466, 468, 470, 472, 473, 483, 484, 514, 613, 618, 651, 794, 807, 837, 852, 854, 858, 861, 902, 912, 913, 915, 917, 919, 920, 931, 934, 935]","[31, 142, 147, 180, 338, 352, 367, 387, 403, 405, 408, 410, 455, 465, 466, 468, 470, 472, 473, 483, 484, 514, 613, 618, 651, 794, 807, 837, 852, 854, 858, 861, 902, 912, 913, 915, 917, 919, 920, 931, 934, 935]","[514, 530, 31, 560, 54, 584, 89, 613, 618, 108, 643, 651, 142, 147, 172, 685, 180, 703, 724, 217, 221, 739, 239, 264, 779, 280, 794, 798, 799, 800, 801, 804, 806, 807, 810, 812, 814, 816, 821, 822, 823, 824, 826, 827, 321, 837, 842, 843, 338, 852, 342, 343, 344, 345, 346, 859, 854, 349, 862, 351, 352, 865, 858, 355, 861, 357, 869, 359, 364, 876, 367, 368, 882, 371, 372, 373, 374, 376, 377, 897, 387, 901, 902, 392, 393, 912, 913, 403, 915, 917, 405, 919, 408, 409, 410, 411, 920, 414, 931, 932, 934, 935, 424, 430, 449, 454, 455, 465, 466, 468, 470, 472, 473, 480, 483, 484]",False,[],[],[],"[54, 530]","[89, 108, 172, 217, 221, 239, 264, 280, 321, 342, 343, 344, 345, 346, 349, 351, 352, 355, 357, 359, 364, 368, 371, 372, 373, 374, 376, 377, 387, 392, 393, 403, 409, 411, 414, 424, 430, 449, 454, 470, 480, 560, 584, 643, 685, 703, 724, 739, 779, 798, 799, 800, 801, 804, 806, 807, 810, 812, 814, 816, 821, 822, 823, 824, 826, 827, 837, 842, 843, 852, 859, 862, 865, 869, 876, 882, 897, 901, 917, 932]","[31, 142, 147, 180, 338, 352, 367, 387, 403, 405, 408, 410, 455, 465, 466, 468, 470, 472, 473, 483, 484, 514, 613, 618, 651, 794, 807, 837, 852, 854, 858, 861, 902, 912, 913, 915, 917, 919, 920, 931, 934, 935]","[31, 142, 147, 180, 338, 352, 367, 387, 403, 405, 408, 410, 455, 465, 466, 468, 470, 472, 473, 483, 484, 514, 613, 618, 651, 794, 807, 837, 852, 854, 858, 861, 902, 912, 913, 915, 917, 919, 920, 931, 934, 935]",0/6 successful match,False,,False,22,False,,1.0,True,West End Sinclair,Sinclair
"Rawlins , 82301 Flying J Travel Plaza # 0500040",307-328-0158 I-80 Exit 209 ( Johnson Rd ) #,24 M,Rawlins,82301,Flying J Travel Plaza # 0500040,307-328-0158,2006,Rawlins,WY,Flying J,( Johnson Rd ) #,I-80 Exit 209 ,Exit,209,False,,False,I-80,,,,,[],[],[],[],[],"[89, 108, 172, 217, 221, 239, 264, 280, 321, 342, 343, 344, 345, 346, 349, 351, 352, 355, 357, 359, 364, 368, 371, 372, 373, 374, 376, 377, 387, 392, 393, 403, 409, 411, 414, 424, 430, 449, 454, 470, 480, 560, 584, 643, 685, 703, 724, 739, 779, 798, 799, 800, 801, 804, 806, 807, 810, 812, 814, 816, 821, 822, 823, 824, 826, 827, 837, 842, 843, 852, 859, 862, 865, 869, 876, 882, 897, 901, 917, 932]","[17, 18, 19, 20, 21, 22, 23, 156, 157, 158, 159, 160, 161, 162, 163, 164, 165, 166, 167, 341, 342, 343, 344, 345, 412, 413, 414, 415, 416, 417, 418, 419, 420, 421, 422, 502, 503, 504, 505, 506, 507, 628, 629, 630, 631, 632, 633, 634, 635, 636, 637, 638, 639, 792, 797, 798, 799, 800, 801, 863, 864, 865, 866, 867, 868, 869, 870, 871, 872, 873, 874]","[17, 18, 19, 20, 21, 22, 23, 156, 157, 158, 159, 160, 161, 162, 163, 164, 165, 166, 167, 168, 340, 341, 342, 343, 344, 345, 346, 412, 413, 414, 415, 416, 417, 418, 419, 420, 421, 422, 502, 503, 504, 505, 506, 507, 628, 629, 630, 631, 632, 633, 634, 635, 636, 637, 638, 639, 792, 796, 797, 798, 799, 800, 801, 863, 864, 865, 866, 867, 868, 869, 870, 871, 872, 873, 874]","[17, 18, 19, 20, 21, 22, 23, 560, 584, 89, 108, 628, 629, 630, 631, 632, 633, 634, 635, 636, 637, 638, 639, 643, 156, 157, 158, 159, 160, 161, 162, 163, 164, 165, 166, 167, 168, 172, 685, 703, 724, 217, 221, 739, 239, 264, 779, 280, 792, 796, 797, 798, 799, 800, 801, 804, 806, 807, 810, 812, 814, 874, 816, 821, 822, 823, 824, 826, 827, 321, 837, 842, 843, 852, 341, 342, 343, 344, 345, 346, 859, 340, 349, 862, 351, 352, 865, 863, 355, 864, 357, 869, 359, 866, 867, 868, 870, 364, 876, 871, 872, 368, 873, 882, 371, 372, 373, 374, 376, 377, 897, 387, 901, 392, 393, 403, 917, 409, 411, 412, 413, 414, 415, 416, 417, 418, 419, 932, 420, 421, 422, 424, 430, 449, 454, 470, 480, 502, 503, 504, 505, 506, 507]",False,[],[],[],[],"[89, 108, 172, 217, 221, 239, 264, 280, 321, 342, 343, 344, 345, 346, 349, 351, 352, 355, 357, 359, 364, 368, 371, 372, 373, 374, 376, 377, 387, 392, 393, 403, 409, 411, 414, 424, 430, 449, 454, 470, 480, 560, 584, 643, 685, 703, 724, 739, 779, 798, 799, 800, 801, 804, 806, 807, 810, 812, 814, 816, 821, 822, 823, 824, 826, 827, 837, 842, 843, 852, 859, 862, 865, 869, 876, 882, 897, 901, 917, 932]","[17, 18, 19, 20, 21, 22, 23, 156, 157, 158, 159, 160, 161, 162, 163, 164, 165, 166, 167, 168, 340, 341, 342, 343, 344, 345, 346, 412, 413, 414, 415, 416, 417, 418, 419, 420, 421, 422, 502, 503, 504, 505, 506, 507, 628, 629, 630, 631, 632, 633, 634, 635, 636, 637, 638, 639, 792, 796, 797, 798, 799, 800, 801, 863, 864, 865, 866, 867, 868, 869, 870, 871, 872, 873, 874]","[17, 18, 19, 20, 21, 22, 23, 156, 157, 158, 159, 160, 161, 162, 163, 164, 165, 166, 167, 341, 342, 343, 344, 345, 412, 413, 414, 415, 416, 417, 418, 419, 420, 421, 422, 502, 503, 504, 505, 506, 507, 628, 629, 630, 631, 632, 633, 634, 635, 636, 637, 638, 639, 792, 797, 798, 799, 800, 801, 863, 864, 865, 866, 867, 868, 869, 870, 871, 872, 873, 874]",0/6 successful match,False,,False,23,False,,,,,
"Rawlins , 82301 Flying J Travel Plaza # 0500040",6 307-328-0158 I-80 Exit 209 ( Johnson Rd ),XL,Rawlins,82301,Flying J Travel Plaza # 0500040,307-328-0158,2007,Rawlins,WY,Flying J,( Johnson Rd ),I-80 Exit 209 ,Exit,209,False,,False,I-80,,,,,[],[],[],[],[],"[89, 108, 172, 217, 221, 239, 264, 280, 321, 342, 343, 344, 345, 346, 349, 351, 352, 355, 357, 359, 364, 368, 371, 372, 373, 374, 376, 377, 387, 392, 393, 403, 409, 411, 414, 424, 430, 449, 454, 470, 480, 560, 584, 643, 685, 703, 724, 739, 779, 798, 799, 800, 801, 804, 806, 807, 810, 812, 814, 816, 821, 822, 823, 824, 826, 827, 837, 842, 843, 852, 859, 862, 865, 869, 876, 882, 897, 901, 917, 932]","[17, 18, 19, 20, 21, 22, 23, 156, 157, 158, 159, 160, 161, 162, 163, 164, 165, 166, 167, 341, 342, 343, 344, 345, 412, 413, 414, 415, 416, 417, 418, 419, 420, 421, 422, 502, 503, 504, 505, 506, 507, 628, 629, 630, 631, 632, 633, 634, 635, 636, 637, 638, 639, 792, 797, 798, 799, 800, 801, 863, 864, 865, 866, 867, 868, 869, 870, 871, 872, 873, 874]","[17, 18, 19, 20, 21, 22, 23, 156, 157, 158, 159, 160, 161, 162, 163, 164, 165, 166, 167, 168, 340, 341, 342, 343, 344, 345, 346, 412, 413, 414, 415, 416, 417, 418, 419, 420, 421, 422, 502, 503, 504, 505, 506, 507, 628, 629, 630, 631, 632, 633, 634, 635, 636, 637, 638, 639, 792, 796, 797, 798, 799, 800, 801, 863, 864, 865, 866, 867, 868, 869, 870, 871, 872, 873, 874]","[17, 18, 19, 20, 21, 22, 23, 560, 584, 89, 108, 628, 629, 630, 631, 632, 633, 634, 635, 636, 637, 638, 639, 643, 156, 157, 158, 159, 160, 161, 162, 163, 164, 165, 166, 167, 168, 172, 685, 703, 724, 217, 221, 739, 239, 264, 779, 280, 792, 796, 797, 798, 799, 800, 801, 804, 806, 807, 810, 812, 814, 874, 816, 821, 822, 823, 824, 826, 827, 321, 837, 842, 843, 852, 341, 342, 343, 344, 345, 346, 859, 340, 349, 862, 351, 352, 865, 863, 355, 864, 357, 869, 359, 866, 867, 868, 870, 364, 876, 871, 872, 368, 873, 882, 371, 372, 373, 374, 376, 377, 897, 387, 901, 392, 393, 403, 917, 409, 411, 412, 413, 414, 415, 416, 417, 418, 419, 932, 420, 421, 422, 424, 430, 449, 454, 470, 480, 502, 503, 504, 505, 506, 507]",False,[],[],[],[],"[89, 108, 172, 217, 221, 239, 264, 280, 321, 342, 343, 344, 345, 346, 349, 351, 352, 355, 357, 359, 364, 368, 371, 372, 373, 374, 376, 377, 387, 392, 393, 403, 409, 411, 414, 424, 430, 449, 454, 470, 480, 560, 584, 643, 685, 703, 724, 739, 779, 798, 799, 800, 801, 804, 806, 807, 810, 812, 814, 816, 821, 822, 823, 824, 826, 827, 837, 842, 843, 852, 859, 862, 865, 869, 876, 882, 897, 901, 917, 932]","[17, 18, 19, 20, 21, 22, 23, 156, 157, 158, 159, 160, 161, 162, 163, 164, 165, 166, 167, 168, 340, 341, 342, 343, 344, 345, 346, 412, 413, 414, 415, 416, 417, 418, 419, 420, 421, 422, 502, 503, 504, 505, 506, 507, 628, 629, 630, 631, 632, 633, 634, 635, 636, 637, 638, 639, 792, 796, 797, 798, 799, 800, 801, 863, 864, 865, 866, 867, 868, 869, 870, 871, 872, 873, 874]","[17, 18, 19, 20, 21, 22, 23, 156, 157, 158, 159, 160, 161, 162, 163, 164, 165, 166, 167, 341, 342, 343, 344, 345, 412, 413, 414, 415, 416, 417, 418, 419, 420, 421, 422, 502, 503, 504, 505, 506, 507, 628, 629, 630, 631, 632, 633, 634, 635, 636, 637, 638, 639, 792, 797, 798, 799, 800, 801, 863, 864, 865, 866, 867, 868, 869, 870, 871, 872, 873, 874]",0/6 successful match,False,,False,23,False,,1.0,True,Flying J Travel Plaza # 0500040,Flying J
"Rawlins , 82301 Flying J Travel Plaza # 0500040",307-328-0158 I-80 Exit 209 ( Johnson Rd ),24 X <U+2610> <U+2610>,Rawlins,82301,Flying J Travel Plaza # 0500040,307-328-0158,2008,Rawlins,WY,Flying J,( Johnson Rd ),I-80 Exit 209 ,Exit,209,False,,False,I-80,,,,,[],[],[],[],[],"[89, 108, 172, 217, 221, 239, 264, 280, 321, 342, 343, 344, 345, 346, 349, 351, 352, 355, 357, 359, 364, 368, 371, 372, 373, 374, 376, 377, 387, 392, 393, 403, 409, 411, 414, 424, 430, 449, 454, 470, 480, 560, 584, 643, 685, 703, 724, 739, 779, 798, 799, 800, 801, 804, 806, 807, 810, 812, 814, 816, 821, 822, 823, 824, 826, 827, 837, 842, 843, 852, 859, 862, 865, 869, 876, 882, 897, 901, 917, 932]","[17, 18, 19, 20, 21, 22, 23, 156, 157, 158, 159, 160, 161, 162, 163, 164, 165, 166, 167, 341, 342, 343, 344, 345, 412, 413, 414, 415, 416, 417, 418, 419, 420, 421, 422, 502, 503, 504, 505, 506, 507, 628, 629, 630, 631, 632, 633, 634, 635, 636, 637, 638, 639, 792, 797, 798, 799, 800, 801, 863, 864, 865, 866, 867, 868, 869, 870, 871, 872, 873, 874]","[17, 18, 19, 20, 21, 22, 23, 156, 157, 158, 159, 160, 161, 162, 163, 164, 165, 166, 167, 168, 340, 341, 342, 343, 344, 345, 346, 412, 413, 414, 415, 416, 417, 418, 419, 420, 421, 422, 502, 503, 504, 505, 506, 507, 628, 629, 630, 631, 632, 633, 634, 635, 636, 637, 638, 639, 792, 796, 797, 798, 799, 800, 801, 863, 864, 865, 866, 867, 868, 869, 870, 871, 872, 873, 874]","[17, 18, 19, 20, 21, 22, 23, 560, 584, 89, 108, 628, 629, 630, 631, 632, 633, 634, 635, 636, 637, 638, 639, 643, 156, 157, 158, 159, 160, 161, 162, 163, 164, 165, 166, 167, 168, 172, 685, 703, 724, 217, 221, 739, 239, 264, 779, 280, 792, 796, 797, 798, 799, 800, 801, 804, 806, 807, 810, 812, 814, 874, 816, 821, 822, 823, 824, 826, 827, 321, 837, 842, 843, 852, 341, 342, 343, 344, 345, 346, 859, 340, 349, 862, 351, 352, 865, 863, 355, 864, 357, 869, 359, 866, 867, 868, 870, 364, 876, 871, 872, 368, 873, 882, 371, 372, 373, 374, 376, 377, 897, 387, 901, 392, 393, 403, 917, 409, 411, 412, 413, 414, 415, 416, 417, 418, 419, 932, 420, 421, 422, 424, 430, 449, 454, 470, 480, 502, 503, 504, 505, 506, 507]",False,[],[],[],[],"[89, 108, 172, 217, 221, 239, 264, 280, 321, 342, 343, 344, 345, 346, 349, 351, 352, 355, 357, 359, 364, 368, 371, 372, 373, 374, 376, 377, 387, 392, 393, 403, 409, 411, 414, 424, 430, 449, 454, 470, 480, 560, 584, 643, 685, 703, 724, 739, 779, 798, 799, 800, 801, 804, 806, 807, 810, 812, 814, 816, 821, 822, 823, 824, 826, 827, 837, 842, 843, 852, 859, 862, 865, 869, 876, 882, 897, 901, 917, 932]","[17, 18, 19, 20, 21, 22, 23, 156, 157, 158, 159, 160, 161, 162, 163, 164, 165, 166, 167, 168, 340, 341, 342, 343, 344, 345, 346, 412, 413, 414, 415, 416, 417, 418, 419, 420, 421, 422, 502, 503, 504, 505, 506, 507, 628, 629, 630, 631, 632, 633, 634, 635, 636, 637, 638, 639, 792, 796, 797, 798, 799, 800, 801, 863, 864, 865, 866, 867, 868, 869, 870, 871, 872, 873, 874]","[17, 18, 19, 20, 21, 22, 23, 156, 157, 158, 159, 160, 161, 162, 163, 164, 165, 166, 167, 341, 342, 343, 344, 345, 412, 413, 414, 415, 416, 417, 418, 419, 420, 421, 422, 502, 503, 504, 505, 506, 507, 628, 629, 630, 631, 632, 633, 634, 635, 636, 637, 638, 639, 792, 797, 798, 799, 800, 801, 863, 864, 865, 866, 867, 868, 869, 870, 871, 872, 873, 874]",0/6 successful match,False,,False,23,False,,1.0,True,Flying J Travel Plaza # 0500040,Flying J
F Rawlins ( 82301 ) Flying J Travel Plaza # 763,6 307-328-0158 I-80 Exit 209 ( Johnson Rd ),24 XL <U+25A1> <U+25A1>,Rawlins,82301,Flying J Travel Plaza # 763,307-328-0158,2014,Rawlins,WY,Flying J,( Johnson Rd ),I-80 Exit 209 ,Exit,209,False,,False,I-80,,,,,[],[],[],[],[],"[89, 108, 172, 217, 221, 239, 264, 280, 321, 342, 343, 344, 345, 346, 349, 351, 352, 355, 357, 359, 364, 368, 371, 372, 373, 374, 376, 377, 387, 392, 393, 403, 409, 411, 414, 424, 430, 449, 454, 470, 480, 560, 584, 643, 685, 703, 724, 739, 779, 798, 799, 800, 801, 804, 806, 807, 810, 812, 814, 816, 821, 822, 823, 824, 826, 827, 837, 842, 843, 852, 859, 862, 865, 869, 876, 882, 897, 901, 917, 932]","[17, 18, 19, 20, 21, 22, 23, 156, 157, 158, 159, 160, 161, 162, 163, 164, 165, 166, 167, 341, 342, 343, 344, 345, 412, 413, 414, 415, 416, 417, 418, 419, 420, 421, 422, 502, 503, 504, 505, 506, 507, 628, 629, 630, 631, 632, 633, 634, 635, 636, 637, 638, 639, 792, 797, 798, 799, 800, 801, 863, 864, 865, 866, 867, 868, 869, 870, 871, 872, 873, 874]","[17, 18, 19, 20, 21, 22, 23, 156, 157, 158, 159, 160, 161, 162, 163, 164, 165, 166, 167, 168, 340, 341, 342, 343, 344, 345, 346, 412, 413, 414, 415, 416, 417, 418, 419, 420, 421, 422, 502, 503, 504, 505, 506, 507, 628, 629, 630, 631, 632, 633, 634, 635, 636, 637, 638, 639, 792, 796, 797, 798, 799, 800, 801, 863, 864, 865, 866, 867, 868, 869, 870, 871, 872, 873, 874]","[17, 18, 19, 20, 21, 22, 23, 560, 584, 89, 108, 628, 629, 630, 631, 632, 633, 634, 635, 636, 637, 638, 639, 643, 156, 157, 158, 159, 160, 161, 162, 163, 164, 165, 166, 167, 168, 172, 685, 703, 724, 217, 221, 739, 239, 264, 779, 280, 792, 796, 797, 798, 799, 800, 801, 804, 806, 807, 810, 812, 814, 874, 816, 821, 822, 823, 824, 826, 827, 321, 837, 842, 843, 852, 341, 342, 343, 344, 345, 346, 859, 340, 349, 862, 351, 352, 865, 863, 355, 864, 357, 869, 359, 866, 867, 868, 870, 364, 876, 871, 872, 368, 873, 882, 371, 372, 373, 374, 376, 377, 897, 387, 901, 392, 393, 403, 917, 409, 411, 412, 413, 414, 415, 416, 417, 418, 419, 932, 420, 421, 422, 424, 430, 449, 454, 470, 480, 502, 503, 504, 505, 506, 507]",False,[],[],[],[],"[89, 108, 172, 217, 221, 239, 264, 280, 321, 342, 343, 344, 345, 346, 349, 351, 352, 355, 357, 359, 364, 368, 371, 372, 373, 374, 376, 377, 387, 392, 393, 403, 409, 411, 414, 424, 430, 449, 454, 470, 480, 560, 584, 643, 685, 703, 724, 739, 779, 798, 799, 800, 801, 804, 806, 807, 810, 812, 814, 816, 821, 822, 823, 824, 826, 827, 837, 842, 843, 852, 859, 862, 865, 869, 876, 882, 897, 901, 917, 932]","[17, 18, 19, 20, 21, 22, 23, 156, 157, 158, 159, 160, 161, 162, 163, 164, 165, 166, 167, 168, 340, 341, 342, 343, 344, 345, 346, 412, 413, 414, 415, 416, 417, 418, 419, 420, 421, 422, 502, 503, 504, 505, 506, 507, 628, 629, 630, 631, 632, 633, 634, 635, 636, 637, 638, 639, 792, 796, 797, 798, 799, 800, 801, 863, 864, 865, 866, 867, 868, 869, 870, 871, 872, 873, 874]","[17, 18, 19, 20, 21, 22, 23, 156, 157, 158, 159, 160, 161, 162, 163, 164, 165, 166, 167, 341, 342, 343, 344, 345, 412, 413, 414, 415, 416, 417, 418, 419, 420, 421, 422, 502, 503, 504, 505, 506, 507, 628, 629, 630, 631, 632, 633, 634, 635, 636, 637, 638, 639, 792, 797, 798, 799, 800, 801, 863, 864, 865, 866, 867, 868, 869, 870, 871, 872, 873, 874]",0/6 successful match,False,,False,23,False,,0.5816091954022988,True,Flying J Travel Plaza # 0500040,Flying J
Rawlins ( 82301 ) Flying J Travel Plaza # 763,307-328-0158 I-80 Exit 209 ( Johnson Rd ),FLYING J 24 XL,Rawlins,82301,Flying J Travel Plaza # 763,307-328-0158,2015,Rawlins,WY,Flying J,( Johnson Rd ),I-80 Exit 209 ,Exit,209,False,,False,I-80,,,,,[],[],[],[],[],"[89, 108, 172, 217, 221, 239, 264, 280, 321, 342, 343, 344, 345, 346, 349, 351, 352, 355, 357, 359, 364, 368, 371, 372, 373, 374, 376, 377, 387, 392, 393, 403, 409, 411, 414, 424, 430, 449, 454, 470, 480, 560, 584, 643, 685, 703, 724, 739, 779, 798, 799, 800, 801, 804, 806, 807, 810, 812, 814, 816, 821, 822, 823, 824, 826, 827, 837, 842, 843, 852, 859, 862, 865, 869, 876, 882, 897, 901, 917, 932]","[17, 18, 19, 20, 21, 22, 23, 156, 157, 158, 159, 160, 161, 162, 163, 164, 165, 166, 167, 341, 342, 343, 344, 345, 412, 413, 414, 415, 416, 417, 418, 419, 420, 421, 422, 502, 503, 504, 505, 506, 507, 628, 629, 630, 631, 632, 633, 634, 635, 636, 637, 638, 639, 792, 797, 798, 799, 800, 801, 863, 864, 865, 866, 867, 868, 869, 870, 871, 872, 873, 874]","[17, 18, 19, 20, 21, 22, 23, 156, 157, 158, 159, 160, 161, 162, 163, 164, 165, 166, 167, 168, 340, 341, 342, 343, 344, 345, 346, 412, 413, 414, 415, 416, 417, 418, 419, 420, 421, 422, 502, 503, 504, 505, 506, 507, 628, 629, 630, 631, 632, 633, 634, 635, 636, 637, 638, 639, 792, 796, 797, 798, 799, 800, 801, 863, 864, 865, 866, 867, 868, 869, 870, 871, 872, 873, 874]","[17, 18, 19, 20, 21, 22, 23, 560, 584, 89, 108, 628, 629, 630, 631, 632, 633, 634, 635, 636, 637, 638, 639, 643, 156, 157, 158, 159, 160, 161, 162, 163, 164, 165, 166, 167, 168, 172, 685, 703, 724, 217, 221, 739, 239, 264, 779, 280, 792, 796, 797, 798, 799, 800, 801, 804, 806, 807, 810, 812, 814, 874, 816, 821, 822, 823, 824, 826, 827, 321, 837, 842, 843, 852, 341, 342, 343, 344, 345, 346, 859, 340, 349, 862, 351, 352, 865, 863, 355, 864, 357, 869, 359, 866, 867, 868, 870, 364, 876, 871, 872, 368, 873, 882, 371, 372, 373, 374, 376, 377, 897, 387, 901, 392, 393, 403, 917, 409, 411, 412, 413, 414, 415, 416, 417, 418, 419, 932, 420, 421, 422, 424, 430, 449, 454, 470, 480, 502, 503, 504, 505, 506, 507]",False,[],[],[],[],"[89, 108, 172, 217, 221, 239, 264, 280, 321, 342, 343, 344, 345, 346, 349, 351, 352, 355, 357, 359, 364, 368, 371, 372, 373, 374, 376, 377, 387, 392, 393, 403, 409, 411, 414, 424, 430, 449, 454, 470, 480, 560, 584, 643, 685, 703, 724, 739, 779, 798, 799, 800, 801, 804, 806, 807, 810, 812, 814, 816, 821, 822, 823, 824, 826, 827, 837, 842, 843, 852, 859, 862, 865, 869, 876, 882, 897, 901, 917, 932]","[17, 18, 19, 20, 21, 22, 23, 156, 157, 158, 159, 160, 161, 162, 163, 164, 165, 166, 167, 168, 340, 341, 342, 343, 344, 345, 346, 412, 413, 414, 415, 416, 417, 418, 419, 420, 421, 422, 502, 503, 504, 505, 506, 507, 628, 629, 630, 631, 632, 633, 634, 635, 636, 637, 638, 639, 792, 796, 797, 798, 799, 800, 801, 863, 864, 865, 866, 867, 868, 869, 870, 871, 872, 873, 874]","[17, 18, 19, 20, 21, 22, 23, 156, 157, 158, 159, 160, 161, 162, 163, 164, 165, 166, 167, 341, 342, 343, 344, 345, 412, 413, 414, 415, 416, 417, 418, 419, 420, 421, 422, 502, 503, 504, 505, 506, 507, 628, 629, 630, 631, 632, 633, 634, 635, 636, 637, 638, 639, 792, 797, 798, 799, 800, 801, 863, 864, 865, 866, 867, 868, 869, 870, 871, 872, 873, 874]",0/6 successful match,False,,False,23,False,,1.0,True,Flying J Travel Plaza # 763,Flying J
Rawlins ( 82301 ) Flying J Travel Plaza # 763,307-328-0158 I-80 Exit 209 ( Johnson Rd ) FLYING J,FLYING J 24 XL <U+2610>,Rawlins,82301,Flying J Travel Plaza # 763,307-328-0158,2016,Rawlins,WY,Flying J,( Johnson Rd ) FLYING J,I-80 Exit 209 ,Exit,209,False,,False,I-80,,,,,[],[],[],[],[],"[89, 108, 172, 217, 221, 239, 264, 280, 321, 342, 343, 344, 345, 346, 349, 351, 352, 355, 357, 359, 364, 368, 371, 372, 373, 374, 376, 377, 387, 392, 393, 403, 409, 411, 414, 424, 430, 449, 454, 470, 480, 560, 584, 643, 685, 703, 724, 739, 779, 798, 799, 800, 801, 804, 806, 807, 810, 812, 814, 816, 821, 822, 823, 824, 826, 827, 837, 842, 843, 852, 859, 862, 865, 869, 876, 882, 897, 901, 917, 932]","[17, 18, 19, 20, 21, 22, 23, 156, 157, 158, 159, 160, 161, 162, 163, 164, 165, 166, 167, 341, 342, 343, 344, 345, 412, 413, 414, 415, 416, 417, 418, 419, 420, 421, 422, 502, 503, 504, 505, 506, 507, 628, 629, 630, 631, 632, 633, 634, 635, 636, 637, 638, 639, 792, 797, 798, 799, 800, 801, 863, 864, 865, 866, 867, 868, 869, 870, 871, 872, 873, 874]","[17, 18, 19, 20, 21, 22, 23, 156, 157, 158, 159, 160, 161, 162, 163, 164, 165, 166, 167, 168, 340, 341, 342, 343, 344, 345, 346, 412, 413, 414, 415, 416, 417, 418, 419, 420, 421, 422, 502, 503, 504, 505, 506, 507, 628, 629, 630, 631, 632, 633, 634, 635, 636, 637, 638, 639, 792, 796, 797, 798, 799, 800, 801, 863, 864, 865, 866, 867, 868, 869, 870, 871, 872, 873, 874]","[17, 18, 19, 20, 21, 22, 23, 560, 584, 89, 108, 628, 629, 630, 631, 632, 633, 634, 635, 636, 637, 638, 639, 643, 156, 157, 158, 159, 160, 161, 162, 163, 164, 165, 166, 167, 168, 172, 685, 703, 724, 217, 221, 739, 239, 264, 779, 280, 792, 796, 797, 798, 799, 800, 801, 804, 806, 807, 810, 812, 814, 874, 816, 821, 822, 823, 824, 826, 827, 321, 837, 842, 843, 852, 341, 342, 343, 344, 345, 346, 859, 340, 349, 862, 351, 352, 865, 863, 355, 864, 357, 869, 359, 866, 867, 868, 870, 364, 876, 871, 872, 368, 873, 882, 371, 372, 373, 374, 376, 377, 897, 387, 901, 392, 393, 403, 917, 409, 411, 412, 413, 414, 415, 416, 417, 418, 419, 932, 420, 421, 422, 424, 430, 449, 454, 470, 480, 502, 503, 504, 505, 506, 507]",False,[],[],[],[],"[89, 108, 172, 217, 221, 239, 264, 280, 321, 342, 343, 344, 345, 346, 349, 351, 352, 355, 357, 359, 364, 368, 371, 372, 373, 374, 376, 377, 387, 392, 393, 403, 409, 411, 414, 424, 430, 449, 454, 470, 480, 560, 584, 643, 685, 703, 724, 739, 779, 798, 799, 800, 801, 804, 806, 807, 810, 812, 814, 816, 821, 822, 823, 824, 826, 827, 837, 842, 843, 852, 859, 862, 865, 869, 876, 882, 897, 901, 917, 932]","[17, 18, 19, 20, 21, 22, 23, 156, 157, 158, 159, 160, 161, 162, 163, 164, 165, 166, 167, 168, 340, 341, 342, 343, 344, 345, 346, 412, 413, 414, 415, 416, 417, 418, 419, 420, 421, 422, 502, 503, 504, 505, 506, 507, 628, 629, 630, 631, 632, 633, 634, 635, 636, 637, 638, 639, 792, 796, 797, 798, 799, 800, 801, 863, 864, 865, 866, 867, 868, 869, 870, 871, 872, 873, 874]","[17, 18, 19, 20, 21, 22, 23, 156, 157, 158, 159, 160, 161, 162, 163, 164, 165, 166, 167, 341, 342, 343, 344, 345, 412, 413, 414, 415, 416, 417, 418, 419, 420, 421, 422, 502, 503, 504, 505, 506, 507, 628, 629, 630, 631, 632, 633, 634, 635, 636, 637, 638, 639, 792, 797, 798, 799, 800, 801, 863, 864, 865, 866, 867, 868, 869, 870, 871, 872, 873, 874]",0/6 successful match,False,,False,23,False,,1.0,True,Flying J Travel Plaza # 763,Flying J
"Sinclair , 82334 I-80 Travel Plaza ( 66 )",307-324-4407 I-80 Exit 221 ( East Sinclair ),FIRS 24 24 HRS S,Sinclair,82334,I-80 Travel Plaza ( 66 ),307-324-4407,2006,Sinclair,WY,,( East Sinclair ),I-80 Exit 221 ,Exit,221,False,,False,I-80,,,,,[],[],[],[],[],"[89, 108, 172, 217, 221, 239, 264, 280, 321, 342, 343, 344, 345, 346, 349, 351, 352, 355, 357, 359, 364, 368, 371, 372, 373, 374, 376, 377, 387, 392, 393, 403, 409, 411, 414, 424, 430, 449, 454, 470, 480, 560, 584, 643, 685, 703, 724, 739, 779, 798, 799, 800, 801, 804, 806, 807, 810, 812, 814, 816, 821, 822, 823, 824, 826, 827, 837, 842, 843, 852, 859, 862, 865, 869, 876, 882, 897, 901, 917, 932]",[],"[401, 402, 424, 427, 464, 469, 850, 851, 876, 879, 911, 916]","[560, 584, 89, 108, 643, 172, 685, 703, 724, 217, 221, 739, 239, 264, 779, 280, 798, 799, 800, 801, 804, 806, 807, 810, 812, 814, 816, 821, 822, 823, 824, 826, 827, 321, 837, 842, 843, 850, 851, 852, 342, 343, 344, 345, 346, 859, 349, 862, 351, 352, 865, 355, 357, 869, 359, 364, 876, 879, 368, 882, 371, 372, 373, 374, 376, 377, 897, 387, 901, 392, 393, 911, 401, 402, 403, 916, 917, 409, 411, 414, 932, 424, 427, 430, 449, 454, 464, 469, 470, 480]",False,[],[],[],[],"[89, 108, 172, 217, 221, 239, 264, 280, 321, 342, 343, 344, 345, 346, 349, 351, 352, 355, 357, 359, 364, 368, 371, 372, 373, 374, 376, 377, 387, 392, 393, 403, 409, 411, 414, 424, 430, 449, 454, 470, 480, 560, 584, 643, 685, 703, 724, 739, 779, 798, 799, 800, 801, 804, 806, 807, 810, 812, 814, 816, 821, 822, 823, 824, 826, 827, 837, 842, 843, 852, 859, 862, 865, 869, 876, 882, 897, 901, 917, 932]","[401, 402, 424, 427, 464, 469, 850, 851, 876, 879, 911, 916]",[],0/6 successful match,False,,False,24,False,,,,,
"F Sinclair , 82334 I-80 Travel Plaza ( 66 )",307-324-4407 I-80 Exit 221 ( East Sinclair ),,Sinclair,82334,I-80 Travel Plaza ( 66 ),307-324-4407,2007,Sinclair,WY,,( East Sinclair ),I-80 Exit 221 ,Exit,221,False,,False,I-80,,,,,[],[],[],[],[],"[89, 108, 172, 217, 221, 239, 264, 280, 321, 342, 343, 344, 345, 346, 349, 351, 352, 355, 357, 359, 364, 368, 371, 372, 373, 374, 376, 377, 387, 392, 393, 403, 409, 411, 414, 424, 430, 449, 454, 470, 480, 560, 584, 643, 685, 703, 724, 739, 779, 798, 799, 800, 801, 804, 806, 807, 810, 812, 814, 816, 821, 822, 823, 824, 826, 827, 837, 842, 843, 852, 859, 862, 865, 869, 876, 882, 897, 901, 917, 932]",[],"[401, 402, 424, 427, 464, 469, 850, 851, 876, 879, 911, 916]","[560, 584, 89, 108, 643, 172, 685, 703, 724, 217, 221, 739, 239, 264, 779, 280, 798, 799, 800, 801, 804, 806, 807, 810, 812, 814, 816, 821, 822, 823, 824, 826, 827, 321, 837, 842, 843, 850, 851, 852, 342, 343, 344, 345, 346, 859, 349, 862, 351, 352, 865, 355, 357, 869, 359, 364, 876, 879, 368, 882, 371, 372, 373, 374, 376, 377, 897, 387, 901, 392, 393, 911, 401, 402, 403, 916, 917, 409, 411, 414, 932, 424, 427, 430, 449, 454, 464, 469, 470, 480]",False,[],[],[],[],"[89, 108, 172, 217, 221, 239, 264, 280, 321, 342, 343, 344, 345, 346, 349, 351, 352, 355, 357, 359, 364, 368, 371, 372, 373, 374, 376, 377, 387, 392, 393, 403, 409, 411, 414, 424, 430, 449, 454, 470, 480, 560, 584, 643, 685, 703, 724, 739, 779, 798, 799, 800, 801, 804, 806, 807, 810, 812, 814, 816, 821, 822, 823, 824, 826, 827, 837, 842, 843, 852, 859, 862, 865, 869, 876, 882, 897, 901, 917, 932]","[401, 402, 424, 427, 464, 469, 850, 851, 876, 879, 911, 916]",[],0/6 successful match,False,,False,24,False,,1.0,True,I-80 Travel Plaza ( 66 ),
"F Sinclair , 82334 I-80 Travel Plaza ( 66 )",307-324-4407 I-80 Exit 221 ( East Sinclair ),HRS 24 L 24,Sinclair,82334,I-80 Travel Plaza ( 66 ),307-324-4407,2008,Sinclair,WY,,( East Sinclair ),I-80 Exit 221 ,Exit,221,False,,False,I-80,,,,,[],[],[],[],[],"[89, 108, 172, 217, 221, 239, 264, 280, 321, 342, 343, 344, 345, 346, 349, 351, 352, 355, 357, 359, 364, 368, 371, 372, 373, 374, 376, 377, 387, 392, 393, 403, 409, 411, 414, 424, 430, 449, 454, 470, 480, 560, 584, 643, 685, 703, 724, 739, 779, 798, 799, 800, 801, 804, 806, 807, 810, 812, 814, 816, 821, 822, 823, 824, 826, 827, 837, 842, 843, 852, 859, 862, 865, 869, 876, 882, 897, 901, 917, 932]",[],"[401, 402, 424, 427, 464, 469, 850, 851, 876, 879, 911, 916]","[560, 584, 89, 108, 643, 172, 685, 703, 724, 217, 221, 739, 239, 264, 779, 280, 798, 799, 800, 801, 804, 806, 807, 810, 812, 814, 816, 821, 822, 823, 824, 826, 827, 321, 837, 842, 843, 850, 851, 852, 342, 343, 344, 345, 346, 859, 349, 862, 351, 352, 865, 355, 357, 869, 359, 364, 876, 879, 368, 882, 371, 372, 373, 374, 376, 377, 897, 387, 901, 392, 393, 911, 401, 402, 403, 916, 917, 409, 411, 414, 932, 424, 427, 430, 449, 454, 464, 469, 470, 480]",False,[],[],[],[],"[89, 108, 172, 217, 221, 239, 264, 280, 321, 342, 343, 344, 345, 346, 349, 351, 352, 355, 357, 359, 364, 368, 371, 372, 373, 374, 376, 377, 387, 392, 393, 403, 409, 411, 414, 424, 430, 449, 454, 470, 480, 560, 584, 643, 685, 703, 724, 739, 779, 798, 799, 800, 801, 804, 806, 807, 810, 812, 814, 816, 821, 822, 823, 824, 826, 827, 837, 842, 843, 852, 859, 862, 865, 869, 876, 882, 897, 901, 917, 932]","[401, 402, 424, 427, 464, 469, 850, 851, 876, 879, 911, 916]",[],0/6 successful match,False,,False,24,False,,1.0,True,I-80 Travel Plaza ( 66 ),
Sinclair ( 82334 ) I-80 Travel Plaza ( 66 ),307-324-4407 I-80 Exit 221 ( East Sinclair ),24 24 22,Sinclair,82334,I-80 Travel Plaza ( 66 ),307-324-4407,2014,Sinclair,WY,,( East Sinclair ),I-80 Exit 221 ,Exit,221,False,,False,I-80,,,,,[],[],[],[],[],"[89, 108, 172, 217, 221, 239, 264, 280, 321, 342, 343, 344, 345, 346, 349, 351, 352, 355, 357, 359, 364, 368, 371, 372, 373, 374, 376, 377, 387, 392, 393, 403, 409, 411, 414, 424, 430, 449, 454, 470, 480, 560, 584, 643, 685, 703, 724, 739, 779, 798, 799, 800, 801, 804, 806, 807, 810, 812, 814, 816, 821, 822, 823, 824, 826, 827, 837, 842, 843, 852, 859, 862, 865, 869, 876, 882, 897, 901, 917, 932]",[],"[401, 402, 424, 427, 464, 469, 850, 851, 876, 879, 911, 916]","[560, 584, 89, 108, 643, 172, 685, 703, 724, 217, 221, 739, 239, 264, 779, 280, 798, 799, 800, 801, 804, 806, 807, 810, 812, 814, 816, 821, 822, 823, 824, 826, 827, 321, 837, 842, 843, 850, 851, 852, 342, 343, 344, 345, 346, 859, 349, 862, 351, 352, 865, 355, 357, 869, 359, 364, 876, 879, 368, 882, 371, 372, 373, 374, 376, 377, 897, 387, 901, 392, 393, 911, 401, 402, 403, 916, 917, 409, 411, 414, 932, 424, 427, 430, 449, 454, 464, 469, 470, 480]",False,[],[],[],[],"[89, 108, 172, 217, 221, 239, 264, 280, 321, 342, 343, 344, 345, 346, 349, 351, 352, 355, 357, 359, 364, 368, 371, 372, 373, 374, 376, 377, 387, 392, 393, 403, 409, 411, 414, 424, 430, 449, 454, 470, 480, 560, 584, 643, 685, 703, 724, 739, 779, 798, 799, 800, 801, 804, 806, 807, 810, 812, 814, 816, 821, 822, 823, 824, 826, 827, 837, 842, 843, 852, 859, 862, 865, 869, 876, 882, 897, 901, 917, 932]","[401, 402, 424, 427, 464, 469, 850, 851, 876, 879, 911, 916]",[],0/6 successful match,False,,False,24,False,,1.0,True,I-80 Travel Plaza ( 66 ),
Sinclair ( 82334 ) I-80 Travel Plaza ( Sinclair ),307-324-4407 I-80 Exit 221 ( East Sinclair ),PREDEST <U+2610> 24 HRS,Sinclair,82334,I-80 Travel Plaza ( Sinclair ),307-324-4407,2015,Sinclair,WY,Sinclair,( East Sinclair ),I-80 Exit 221 ,Exit,221,False,,False,I-80,,,,,[],[],[],[],[],"[89, 108, 172, 217, 221, 239, 264, 280, 321, 342, 343, 344, 345, 346, 349, 351, 352, 355, 357, 359, 364, 368, 371, 372, 373, 374, 376, 377, 387, 392, 393, 403, 409, 411, 414, 424, 430, 449, 454, 470, 480, 560, 584, 643, 685, 703, 724, 739, 779, 798, 799, 800, 801, 804, 806, 807, 810, 812, 814, 816, 821, 822, 823, 824, 826, 827, 837, 842, 843, 852, 859, 862, 865, 869, 876, 882, 897, 901, 917, 932]","[31, 142, 147, 180, 338, 352, 367, 387, 403, 405, 408, 410, 455, 465, 466, 468, 470, 472, 473, 483, 484, 514, 613, 618, 651, 794, 807, 837, 852, 854, 858, 861, 902, 912, 913, 915, 917, 919, 920, 931, 934, 935]","[31, 142, 147, 180, 338, 352, 367, 387, 403, 405, 408, 410, 455, 465, 466, 468, 470, 472, 473, 483, 484, 514, 613, 618, 651, 794, 807, 837, 852, 854, 858, 861, 902, 912, 913, 915, 917, 919, 920, 931, 934, 935]","[514, 31, 560, 584, 89, 613, 618, 108, 643, 651, 142, 147, 172, 685, 180, 703, 724, 217, 221, 739, 239, 264, 779, 280, 794, 798, 799, 800, 801, 804, 806, 807, 810, 812, 814, 816, 821, 822, 823, 824, 826, 827, 321, 837, 842, 843, 338, 852, 342, 343, 344, 345, 346, 859, 854, 349, 862, 351, 352, 865, 858, 355, 861, 357, 869, 359, 364, 876, 367, 368, 882, 371, 372, 373, 374, 376, 377, 897, 387, 901, 902, 392, 393, 912, 913, 403, 915, 917, 405, 919, 408, 409, 410, 411, 920, 414, 931, 932, 934, 935, 424, 430, 449, 454, 455, 465, 466, 468, 470, 472, 473, 480, 483, 484]",False,[],[],[],[],"[89, 108, 172, 217, 221, 239, 264, 280, 321, 342, 343, 344, 345, 346, 349, 351, 352, 355, 357, 359, 364, 368, 371, 372, 373, 374, 376, 377, 387, 392, 393, 403, 409, 411, 414, 424, 430, 449, 454, 470, 480, 560, 584, 643, 685, 703, 724, 739, 779, 798, 799, 800, 801, 804, 806, 807, 810, 812, 814, 816, 821, 822, 823, 824, 826, 827, 837, 842, 843, 852, 859, 862, 865, 869, 876, 882, 897, 901, 917, 932]","[31, 142, 147, 180, 338, 352, 367, 387, 403, 405, 408, 410, 455, 465, 466, 468, 470, 472, 473, 483, 484, 514, 613, 618, 651, 794, 807, 837, 852, 854, 858, 861, 902, 912, 913, 915, 917, 919, 920, 931, 934, 935]","[31, 142, 147, 180, 338, 352, 367, 387, 403, 405, 408, 410, 455, 465, 466, 468, 470, 472, 473, 483, 484, 514, 613, 618, 651, 794, 807, 837, 852, 854, 858, 861, 902, 912, 913, 915, 917, 919, 920, 931, 934, 935]",0/6 successful match,False,,False,24,False,,0.5777777777777777,True,I-80 Travel Plaza ( 66 ),
Sinclair ( 82334 ) I-80 Travel Plaza ( Sinclair ),307-324-4407 I-80 Exit 221 ( East Sinclair ),24 <U+2610> HRS 24 24 HRS,Sinclair,82334,I-80 Travel Plaza ( Sinclair ),307-324-4407,2016,Sinclair,WY,Sinclair,( East Sinclair ),I-80 Exit 221 ,Exit,221,False,,False,I-80,,,,,[],[],[],[],[],"[89, 108, 172, 217, 221, 239, 264, 280, 321, 342, 343, 344, 345, 346, 349, 351, 352, 355, 357, 359, 364, 368, 371, 372, 373, 374, 376, 377, 387, 392, 393, 403, 409, 411, 414, 424, 430, 449, 454, 470, 480, 560, 584, 643, 685, 703, 724, 739, 779, 798, 799, 800, 801, 804, 806, 807, 810, 812, 814, 816, 821, 822, 823, 824, 826, 827, 837, 842, 843, 852, 859, 862, 865, 869, 876, 882, 897, 901, 917, 932]","[31, 142, 147, 180, 338, 352, 367, 387, 403, 405, 408, 410, 455, 465, 466, 468, 470, 472, 473, 483, 484, 514, 613, 618, 651, 794, 807, 837, 852, 854, 858, 861, 902, 912, 913, 915, 917, 919, 920, 931, 934, 935]","[31, 142, 147, 180, 338, 352, 367, 387, 403, 405, 408, 410, 455, 465, 466, 468, 470, 472, 473, 483, 484, 514, 613, 618, 651, 794, 807, 837, 852, 854, 858, 861, 902, 912, 913, 915, 917, 919, 920, 931, 934, 935]","[514, 31, 560, 584, 89, 613, 618, 108, 643, 651, 142, 147, 172, 685, 180, 703, 724, 217, 221, 739, 239, 264, 779, 280, 794, 798, 799, 800, 801, 804, 806, 807, 810, 812, 814, 816, 821, 822, 823, 824, 826, 827, 321, 837, 842, 843, 338, 852, 342, 343, 344, 345, 346, 859, 854, 349, 862, 351, 352, 865, 858, 355, 861, 357, 869, 359, 364, 876, 367, 368, 882, 371, 372, 373, 374, 376, 377, 897, 387, 901, 902, 392, 393, 912, 913, 403, 915, 917, 405, 919, 408, 409, 410, 411, 920, 414, 931, 932, 934, 935, 424, 430, 449, 454, 455, 465, 466, 468, 470, 472, 473, 480, 483, 484]",False,[],[],[],[],"[89, 108, 172, 217, 221, 239, 264, 280, 321, 342, 343, 344, 345, 346, 349, 351, 352, 355, 357, 359, 364, 368, 371, 372, 373, 374, 376, 377, 387, 392, 393, 403, 409, 411, 414, 424, 430, 449, 454, 470, 480, 560, 584, 643, 685, 703, 724, 739, 779, 798, 799, 800, 801, 804, 806, 807, 810, 812, 814, 816, 821, 822, 823, 824, 826, 827, 837, 842, 843, 852, 859, 862, 865, 869, 876, 882, 897, 901, 917, 932]","[31, 142, 147, 180, 338, 352, 367, 387, 403, 405, 408, 410, 455, 465, 466, 468, 470, 472, 473, 483, 484, 514, 613, 618, 651, 794, 807, 837, 852, 854, 858, 861, 902, 912, 913, 915, 917, 919, 920, 931, 934, 935]","[31, 142, 147, 180, 338, 352, 367, 387, 403, 405, 408, 410, 455, 465, 466, 468, 470, 472, 473, 483, 484, 514, 613, 618, 651, 794, 807, 837, 852, 854, 858, 861, 902, 912, 913, 915, 917, 919, 920, 931, 934, 935]",0/6 successful match,False,,False,24,False,,1.0,True,I-80 Travel Plaza ( Sinclair ),Sinclair
"5307-324-0087 Wamsutter , 82336 Love's Travel Stop # 310",I-80 Exit 173 ( CR 23 ),M,Wamsutter,82336,Love's Travel Stop # 310,307-324-0087,2006,Wamsutter,WY,Love's,( CR 23 ),I-80 Exit 173 ,Exit,173,False,,False,I-80,,,,,[],[],[],"[377, 827]",[],"[89, 108, 172, 217, 221, 239, 264, 280, 321, 342, 343, 344, 345, 346, 349, 351, 352, 355, 357, 359, 364, 368, 371, 372, 373, 374, 376, 377, 387, 392, 393, 403, 409, 411, 414, 424, 430, 449, 454, 470, 480, 560, 584, 643, 685, 703, 724, 739, 779, 798, 799, 800, 801, 804, 806, 807, 810, 812, 814, 816, 821, 822, 823, 824, 826, 827, 837, 842, 843, 852, 859, 862, 865, 869, 876, 882, 897, 901, 917, 932]","[34, 35, 36, 37, 38, 39, 40, 41, 42, 43, 44, 45, 46, 47, 48, 201, 202, 203, 204, 205, 206, 207, 208, 209, 210, 211, 212, 213, 214, 215, 216, 355, 356, 357, 358, 359, 360, 361, 429, 430, 431, 432, 433, 434, 435, 515, 516, 517, 518, 519, 520, 521, 522, 523, 524, 525, 526, 527, 672, 673, 674, 675, 676, 677, 678, 679, 680, 681, 682, 683, 684, 810, 811, 812, 813, 814, 881, 882, 883, 884, 885, 886]","[32, 33, 34, 35, 36, 37, 38, 39, 40, 41, 42, 43, 44, 45, 46, 47, 48, 201, 202, 203, 204, 205, 206, 207, 208, 209, 210, 211, 212, 213, 214, 215, 216, 355, 356, 357, 358, 359, 360, 361, 429, 430, 431, 432, 433, 434, 435, 515, 516, 517, 518, 519, 520, 521, 522, 523, 524, 525, 526, 527, 672, 673, 674, 675, 676, 677, 678, 679, 680, 681, 682, 683, 684, 810, 811, 812, 813, 814, 881, 882, 883, 884, 885, 886]","[515, 516, 517, 518, 519, 520, 521, 522, 523, 524, 525, 526, 527, 32, 33, 34, 35, 36, 37, 38, 39, 40, 41, 42, 43, 44, 45, 46, 47, 560, 48, 584, 89, 108, 643, 672, 673, 674, 675, 676, 677, 678, 679, 680, 681, 682, 683, 172, 685, 684, 703, 201, 202, 203, 204, 205, 206, 207, 208, 209, 210, 211, 724, 212, 213, 214, 215, 217, 216, 221, 739, 239, 264, 779, 280, 798, 799, 800, 801, 804, 806, 807, 810, 811, 812, 813, 814, 816, 821, 822, 823, 824, 826, 827, 321, 837, 842, 843, 852, 342, 343, 344, 345, 346, 859, 349, 862, 351, 352, 865, 355, 356, 357, 869, 359, 358, 360, 361, 364, 876, 368, 881, 882, 371, 372, 373, 374, 883, 376, 377, 884, 885, 886, 897, 387, 901, 392, 393, 403, 917, 409, 411, 414, 932, 424, 429, 430, 431, 432, 433, 434, 435, 449, 454, 470, 480]",False,[],[],[],"[377, 827]","[89, 108, 172, 217, 221, 239, 264, 280, 321, 342, 343, 344, 345, 346, 349, 351, 352, 355, 357, 359, 364, 368, 371, 372, 373, 374, 376, 377, 387, 392, 393, 403, 409, 411, 414, 424, 430, 449, 454, 470, 480, 560, 584, 643, 685, 703, 724, 739, 779, 798, 799, 800, 801, 804, 806, 807, 810, 812, 814, 816, 821, 822, 823, 824, 826, 827, 837, 842, 843, 852, 859, 862, 865, 869, 876, 882, 897, 901, 917, 932]","[32, 33, 34, 35, 36, 37, 38, 39, 40, 41, 42, 43, 44, 45, 46, 47, 48, 201, 202, 203, 204, 205, 206, 207, 208, 209, 210, 211, 212, 213, 214, 215, 216, 355, 356, 357, 358, 359, 360, 361, 429, 430, 431, 432, 433, 434, 435, 515, 516, 517, 518, 519, 520, 521, 522, 523, 524, 525, 526, 527, 672, 673, 674, 675, 676, 677, 678, 679, 680, 681, 682, 683, 684, 810, 811, 812, 813, 814, 881, 882, 883, 884, 885, 886]","[34, 35, 36, 37, 38, 39, 40, 41, 42, 43, 44, 45, 46, 47, 48, 201, 202, 203, 204, 205, 206, 207, 208, 209, 210, 211, 212, 213, 214, 215, 216, 355, 356, 357, 358, 359, 360, 361, 429, 430, 431, 432, 433, 434, 435, 515, 516, 517, 518, 519, 520, 521, 522, 523, 524, 525, 526, 527, 672, 673, 674, 675, 676, 677, 678, 679, 680, 681, 682, 683, 684, 810, 811, 812, 813, 814, 881, 882, 883, 884, 885, 886]",0/6 successful match,False,,False,25,False,,,,,
"F Wamsutter , 82336 Love's Travel Stop # 310",307-324-0087 I-80 Exit 173 ( CR 23 ),24 HRS 48 <U+2610> MOO,Wamsutter,82336,Love's Travel Stop # 310,307-324-0087,2007,Wamsutter,WY,Love's,( CR 23 ),I-80 Exit 173 ,Exit,173,False,,False,I-80,,,,,[],[],[],"[377, 827]",[],"[89, 108, 172, 217, 221, 239, 264, 280, 321, 342, 343, 344, 345, 346, 349, 351, 352, 355, 357, 359, 364, 368, 371, 372, 373, 374, 376, 377, 387, 392, 393, 403, 409, 411, 414, 424, 430, 449, 454, 470, 480, 560, 584, 643, 685, 703, 724, 739, 779, 798, 799, 800, 801, 804, 806, 807, 810, 812, 814, 816, 821, 822, 823, 824, 826, 827, 837, 842, 843, 852, 859, 862, 865, 869, 876, 882, 897, 901, 917, 932]","[34, 35, 36, 37, 38, 39, 40, 41, 42, 43, 44, 45, 46, 47, 48, 201, 202, 203, 204, 205, 206, 207, 208, 209, 210, 211, 212, 213, 214, 215, 216, 355, 356, 357, 358, 359, 360, 361, 429, 430, 431, 432, 433, 434, 435, 515, 516, 517, 518, 519, 520, 521, 522, 523, 524, 525, 526, 527, 672, 673, 674, 675, 676, 677, 678, 679, 680, 681, 682, 683, 684, 810, 811, 812, 813, 814, 881, 882, 883, 884, 885, 886]","[32, 33, 34, 35, 36, 37, 38, 39, 40, 41, 42, 43, 44, 45, 46, 47, 48, 201, 202, 203, 204, 205, 206, 207, 208, 209, 210, 211, 212, 213, 214, 215, 216, 355, 356, 357, 358, 359, 360, 361, 429, 430, 431, 432, 433, 434, 435, 515, 516, 517, 518, 519, 520, 521, 522, 523, 524, 525, 526, 527, 672, 673, 674, 675, 676, 677, 678, 679, 680, 681, 682, 683, 684, 810, 811, 812, 813, 814, 881, 882, 883, 884, 885, 886]","[515, 516, 517, 518, 519, 520, 521, 522, 523, 524, 525, 526, 527, 32, 33, 34, 35, 36, 37, 38, 39, 40, 41, 42, 43, 44, 45, 46, 47, 560, 48, 584, 89, 108, 643, 672, 673, 674, 675, 676, 677, 678, 679, 680, 681, 682, 683, 172, 685, 684, 703, 201, 202, 203, 204, 205, 206, 207, 208, 209, 210, 211, 724, 212, 213, 214, 215, 217, 216, 221, 739, 239, 264, 779, 280, 798, 799, 800, 801, 804, 806, 807, 810, 811, 812, 813, 814, 816, 821, 822, 823, 824, 826, 827, 321, 837, 842, 843, 852, 342, 343, 344, 345, 346, 859, 349, 862, 351, 352, 865, 355, 356, 357, 869, 359, 358, 360, 361, 364, 876, 368, 881, 882, 371, 372, 373, 374, 883, 376, 377, 884, 885, 886, 897, 387, 901, 392, 393, 403, 917, 409, 411, 414, 932, 424, 429, 430, 431, 432, 433, 434, 435, 449, 454, 470, 480]",False,[],[],[],"[377, 827]","[89, 108, 172, 217, 221, 239, 264, 280, 321, 342, 343, 344, 345, 346, 349, 351, 352, 355, 357, 359, 364, 368, 371, 372, 373, 374, 376, 377, 387, 392, 393, 403, 409, 411, 414, 424, 430, 449, 454, 470, 480, 560, 584, 643, 685, 703, 724, 739, 779, 798, 799, 800, 801, 804, 806, 807, 810, 812, 814, 816, 821, 822, 823, 824, 826, 827, 837, 842, 843, 852, 859, 862, 865, 869, 876, 882, 897, 901, 917, 932]","[32, 33, 34, 35, 36, 37, 38, 39, 40, 41, 42, 43, 44, 45, 46, 47, 48, 201, 202, 203, 204, 205, 206, 207, 208, 209, 210, 211, 212, 213, 214, 215, 216, 355, 356, 357, 358, 359, 360, 361, 429, 430, 431, 432, 433, 434, 435, 515, 516, 517, 518, 519, 520, 521, 522, 523, 524, 525, 526, 527, 672, 673, 674, 675, 676, 677, 678, 679, 680, 681, 682, 683, 684, 810, 811, 812, 813, 814, 881, 882, 883, 884, 885, 886]","[34, 35, 36, 37, 38, 39, 40, 41, 42, 43, 44, 45, 46, 47, 48, 201, 202, 203, 204, 205, 206, 207, 208, 209, 210, 211, 212, 213, 214, 215, 216, 355, 356, 357, 358, 359, 360, 361, 429, 430, 431, 432, 433, 434, 435, 515, 516, 517, 518, 519, 520, 521, 522, 523, 524, 525, 526, 527, 672, 673, 674, 675, 676, 677, 678, 679, 680, 681, 682, 683, 684, 810, 811, 812, 813, 814, 881, 882, 883, 884, 885, 886]",0/6 successful match,False,,False,25,False,,1.0,True,Love's Travel Stop # 310,Love's
"Wamsutter , 82336 Love's Travel Stop # 310",5 307-324-0087 I-80 Exit 173 ( CR 23 ),24 M,Wamsutter,82336,Love's Travel Stop # 310,307-324-0087,2008,Wamsutter,WY,Love's,( CR 23 ),I-80 Exit 173 ,Exit,173,False,,False,I-80,,,,,[],[],[],"[377, 827]",[],"[89, 108, 172, 217, 221, 239, 264, 280, 321, 342, 343, 344, 345, 346, 349, 351, 352, 355, 357, 359, 364, 368, 371, 372, 373, 374, 376, 377, 387, 392, 393, 403, 409, 411, 414, 424, 430, 449, 454, 470, 480, 560, 584, 643, 685, 703, 724, 739, 779, 798, 799, 800, 801, 804, 806, 807, 810, 812, 814, 816, 821, 822, 823, 824, 826, 827, 837, 842, 843, 852, 859, 862, 865, 869, 876, 882, 897, 901, 917, 932]","[34, 35, 36, 37, 38, 39, 40, 41, 42, 43, 44, 45, 46, 47, 48, 201, 202, 203, 204, 205, 206, 207, 208, 209, 210, 211, 212, 213, 214, 215, 216, 355, 356, 357, 358, 359, 360, 361, 429, 430, 431, 432, 433, 434, 435, 515, 516, 517, 518, 519, 520, 521, 522, 523, 524, 525, 526, 527, 672, 673, 674, 675, 676, 677, 678, 679, 680, 681, 682, 683, 684, 810, 811, 812, 813, 814, 881, 882, 883, 884, 885, 886]","[32, 33, 34, 35, 36, 37, 38, 39, 40, 41, 42, 43, 44, 45, 46, 47, 48, 201, 202, 203, 204, 205, 206, 207, 208, 209, 210, 211, 212, 213, 214, 215, 216, 355, 356, 357, 358, 359, 360, 361, 429, 430, 431, 432, 433, 434, 435, 515, 516, 517, 518, 519, 520, 521, 522, 523, 524, 525, 526, 527, 672, 673, 674, 675, 676, 677, 678, 679, 680, 681, 682, 683, 684, 810, 811, 812, 813, 814, 881, 882, 883, 884, 885, 886]","[515, 516, 517, 518, 519, 520, 521, 522, 523, 524, 525, 526, 527, 32, 33, 34, 35, 36, 37, 38, 39, 40, 41, 42, 43, 44, 45, 46, 47, 560, 48, 584, 89, 108, 643, 672, 673, 674, 675, 676, 677, 678, 679, 680, 681, 682, 683, 172, 685, 684, 703, 201, 202, 203, 204, 205, 206, 207, 208, 209, 210, 211, 724, 212, 213, 214, 215, 217, 216, 221, 739, 239, 264, 779, 280, 798, 799, 800, 801, 804, 806, 807, 810, 811, 812, 813, 814, 816, 821, 822, 823, 824, 826, 827, 321, 837, 842, 843, 852, 342, 343, 344, 345, 346, 859, 349, 862, 351, 352, 865, 355, 356, 357, 869, 359, 358, 360, 361, 364, 876, 368, 881, 882, 371, 372, 373, 374, 883, 376, 377, 884, 885, 886, 897, 387, 901, 392, 393, 403, 917, 409, 411, 414, 932, 424, 429, 430, 431, 432, 433, 434, 435, 449, 454, 470, 480]",False,[],[],[],"[377, 827]","[89, 108, 172, 217, 221, 239, 264, 280, 321, 342, 343, 344, 345, 346, 349, 351, 352, 355, 357, 359, 364, 368, 371, 372, 373, 374, 376, 377, 387, 392, 393, 403, 409, 411, 414, 424, 430, 449, 454, 470, 480, 560, 584, 643, 685, 703, 724, 739, 779, 798, 799, 800, 801, 804, 806, 807, 810, 812, 814, 816, 821, 822, 823, 824, 826, 827, 837, 842, 843, 852, 859, 862, 865, 869, 876, 882, 897, 901, 917, 932]","[32, 33, 34, 35, 36, 37, 38, 39, 40, 41, 42, 43, 44, 45, 46, 47, 48, 201, 202, 203, 204, 205, 206, 207, 208, 209, 210, 211, 212, 213, 214, 215, 216, 355, 356, 357, 358, 359, 360, 361, 429, 430, 431, 432, 433, 434, 435, 515, 516, 517, 518, 519, 520, 521, 522, 523, 524, 525, 526, 527, 672, 673, 674, 675, 676, 677, 678, 679, 680, 681, 682, 683, 684, 810, 811, 812, 813, 814, 881, 882, 883, 884, 885, 886]","[34, 35, 36, 37, 38, 39, 40, 41, 42, 43, 44, 45, 46, 47, 48, 201, 202, 203, 204, 205, 206, 207, 208, 209, 210, 211, 212, 213, 214, 215, 216, 355, 356, 357, 358, 359, 360, 361, 429, 430, 431, 432, 433, 434, 435, 515, 516, 517, 518, 519, 520, 521, 522, 523, 524, 525, 526, 527, 672, 673, 674, 675, 676, 677, 678, 679, 680, 681, 682, 683, 684, 810, 811, 812, 813, 814, 881, 882, 883, 884, 885, 886]",0/6 successful match,False,,False,25,False,,1.0,True,Love's Travel Stop # 310,Love's
Wamsutter ( 82336 ) Love's Travel Stop # 310,5 307-324-0087 I-80 Exit 173 ( CR 23 ),24 HR3 <U+2610> M,Wamsutter,82336,Love's Travel Stop # 310,307-324-0087,2014,Wamsutter,WY,Love's,( CR 23 ),I-80 Exit 173 ,Exit,173,False,,False,I-80,,,,,[],[],[],"[377, 827]",[],"[89, 108, 172, 217, 221, 239, 264, 280, 321, 342, 343, 344, 345, 346, 349, 351, 352, 355, 357, 359, 364, 368, 371, 372, 373, 374, 376, 377, 387, 392, 393, 403, 409, 411, 414, 424, 430, 449, 454, 470, 480, 560, 584, 643, 685, 703, 724, 739, 779, 798, 799, 800, 801, 804, 806, 807, 810, 812, 814, 816, 821, 822, 823, 824, 826, 827, 837, 842, 843, 852, 859, 862, 865, 869, 876, 882, 897, 901, 917, 932]","[34, 35, 36, 37, 38, 39, 40, 41, 42, 43, 44, 45, 46, 47, 48, 201, 202, 203, 204, 205, 206, 207, 208, 209, 210, 211, 212, 213, 214, 215, 216, 355, 356, 357, 358, 359, 360, 361, 429, 430, 431, 432, 433, 434, 435, 515, 516, 517, 518, 519, 520, 521, 522, 523, 524, 525, 526, 527, 672, 673, 674, 675, 676, 677, 678, 679, 680, 681, 682, 683, 684, 810, 811, 812, 813, 814, 881, 882, 883, 884, 885, 886]","[32, 33, 34, 35, 36, 37, 38, 39, 40, 41, 42, 43, 44, 45, 46, 47, 48, 201, 202, 203, 204, 205, 206, 207, 208, 209, 210, 211, 212, 213, 214, 215, 216, 355, 356, 357, 358, 359, 360, 361, 429, 430, 431, 432, 433, 434, 435, 515, 516, 517, 518, 519, 520, 521, 522, 523, 524, 525, 526, 527, 672, 673, 674, 675, 676, 677, 678, 679, 680, 681, 682, 683, 684, 810, 811, 812, 813, 814, 881, 882, 883, 884, 885, 886]","[515, 516, 517, 518, 519, 520, 521, 522, 523, 524, 525, 526, 527, 32, 33, 34, 35, 36, 37, 38, 39, 40, 41, 42, 43, 44, 45, 46, 47, 560, 48, 584, 89, 108, 643, 672, 673, 674, 675, 676, 677, 678, 679, 680, 681, 682, 683, 172, 685, 684, 703, 201, 202, 203, 204, 205, 206, 207, 208, 209, 210, 211, 724, 212, 213, 214, 215, 217, 216, 221, 739, 239, 264, 779, 280, 798, 799, 800, 801, 804, 806, 807, 810, 811, 812, 813, 814, 816, 821, 822, 823, 824, 826, 827, 321, 837, 842, 843, 852, 342, 343, 344, 345, 346, 859, 349, 862, 351, 352, 865, 355, 356, 357, 869, 359, 358, 360, 361, 364, 876, 368, 881, 882, 371, 372, 373, 374, 883, 376, 377, 884, 885, 886, 897, 387, 901, 392, 393, 403, 917, 409, 411, 414, 932, 424, 429, 430, 431, 432, 433, 434, 435, 449, 454, 470, 480]",False,[],[],[],"[377, 827]","[89, 108, 172, 217, 221, 239, 264, 280, 321, 342, 343, 344, 345, 346, 349, 351, 352, 355, 357, 359, 364, 368, 371, 372, 373, 374, 376, 377, 387, 392, 393, 403, 409, 411, 414, 424, 430, 449, 454, 470, 480, 560, 584, 643, 685, 703, 724, 739, 779, 798, 799, 800, 801, 804, 806, 807, 810, 812, 814, 816, 821, 822, 823, 824, 826, 827, 837, 842, 843, 852, 859, 862, 865, 869, 876, 882, 897, 901, 917, 932]","[32, 33, 34, 35, 36, 37, 38, 39, 40, 41, 42, 43, 44, 45, 46, 47, 48, 201, 202, 203, 204, 205, 206, 207, 208, 209, 210, 211, 212, 213, 214, 215, 216, 355, 356, 357, 358, 359, 360, 361, 429, 430, 431, 432, 433, 434, 435, 515, 516, 517, 518, 519, 520, 521, 522, 523, 524, 525, 526, 527, 672, 673, 674, 675, 676, 677, 678, 679, 680, 681, 682, 683, 684, 810, 811, 812, 813, 814, 881, 882, 883, 884, 885, 886]","[34, 35, 36, 37, 38, 39, 40, 41, 42, 43, 44, 45, 46, 47, 48, 201, 202, 203, 204, 205, 206, 207, 208, 209, 210, 211, 212, 213, 214, 215, 216, 355, 356, 357, 358, 359, 360, 361, 429, 430, 431, 432, 433, 434, 435, 515, 516, 517, 518, 519, 520, 521, 522, 523, 524, 525, 526, 527, 672, 673, 674, 675, 676, 677, 678, 679, 680, 681, 682, 683, 684, 810, 811, 812, 813, 814, 881, 882, 883, 884, 885, 886]",0/6 successful match,False,,False,25,False,,1.0,True,Love's Travel Stop # 310,Love's
Wamsutter ( 82336 ) Love's Travel Stop # 310,$ 307-324-0087 I-80 Exit 173 ( CR 23 ),24 24 MOO <U+25A1> D,Wamsutter,82336,Love's Travel Stop # 310,307-324-0087,2015,Wamsutter,WY,Love's,( CR 23 ),I-80 Exit 173 ,Exit,173,False,,False,I-80,,,,,[],[],[],"[377, 827]",[],"[89, 108, 172, 217, 221, 239, 264, 280, 321, 342, 343, 344, 345, 346, 349, 351, 352, 355, 357, 359, 364, 368, 371, 372, 373, 374, 376, 377, 387, 392, 393, 403, 409, 411, 414, 424, 430, 449, 454, 470, 480, 560, 584, 643, 685, 703, 724, 739, 779, 798, 799, 800, 801, 804, 806, 807, 810, 812, 814, 816, 821, 822, 823, 824, 826, 827, 837, 842, 843, 852, 859, 862, 865, 869, 876, 882, 897, 901, 917, 932]","[34, 35, 36, 37, 38, 39, 40, 41, 42, 43, 44, 45, 46, 47, 48, 201, 202, 203, 204, 205, 206, 207, 208, 209, 210, 211, 212, 213, 214, 215, 216, 355, 356, 357, 358, 359, 360, 361, 429, 430, 431, 432, 433, 434, 435, 515, 516, 517, 518, 519, 520, 521, 522, 523, 524, 525, 526, 527, 672, 673, 674, 675, 676, 677, 678, 679, 680, 681, 682, 683, 684, 810, 811, 812, 813, 814, 881, 882, 883, 884, 885, 886]","[32, 33, 34, 35, 36, 37, 38, 39, 40, 41, 42, 43, 44, 45, 46, 47, 48, 201, 202, 203, 204, 205, 206, 207, 208, 209, 210, 211, 212, 213, 214, 215, 216, 355, 356, 357, 358, 359, 360, 361, 429, 430, 431, 432, 433, 434, 435, 515, 516, 517, 518, 519, 520, 521, 522, 523, 524, 525, 526, 527, 672, 673, 674, 675, 676, 677, 678, 679, 680, 681, 682, 683, 684, 810, 811, 812, 813, 814, 881, 882, 883, 884, 885, 886]","[515, 516, 517, 518, 519, 520, 521, 522, 523, 524, 525, 526, 527, 32, 33, 34, 35, 36, 37, 38, 39, 40, 41, 42, 43, 44, 45, 46, 47, 560, 48, 584, 89, 108, 643, 672, 673, 674, 675, 676, 677, 678, 679, 680, 681, 682, 683, 172, 685, 684, 703, 201, 202, 203, 204, 205, 206, 207, 208, 209, 210, 211, 724, 212, 213, 214, 215, 217, 216, 221, 739, 239, 264, 779, 280, 798, 799, 800, 801, 804, 806, 807, 810, 811, 812, 813, 814, 816, 821, 822, 823, 824, 826, 827, 321, 837, 842, 843, 852, 342, 343, 344, 345, 346, 859, 349, 862, 351, 352, 865, 355, 356, 357, 869, 359, 358, 360, 361, 364, 876, 368, 881, 882, 371, 372, 373, 374, 883, 376, 377, 884, 885, 886, 897, 387, 901, 392, 393, 403, 917, 409, 411, 414, 932, 424, 429, 430, 431, 432, 433, 434, 435, 449, 454, 470, 480]",False,[],[],[],"[377, 827]","[89, 108, 172, 217, 221, 239, 264, 280, 321, 342, 343, 344, 345, 346, 349, 351, 352, 355, 357, 359, 364, 368, 371, 372, 373, 374, 376, 377, 387, 392, 393, 403, 409, 411, 414, 424, 430, 449, 454, 470, 480, 560, 584, 643, 685, 703, 724, 739, 779, 798, 799, 800, 801, 804, 806, 807, 810, 812, 814, 816, 821, 822, 823, 824, 826, 827, 837, 842, 843, 852, 859, 862, 865, 869, 876, 882, 897, 901, 917, 932]","[32, 33, 34, 35, 36, 37, 38, 39, 40, 41, 42, 43, 44, 45, 46, 47, 48, 201, 202, 203, 204, 205, 206, 207, 208, 209, 210, 211, 212, 213, 214, 215, 216, 355, 356, 357, 358, 359, 360, 361, 429, 430, 431, 432, 433, 434, 435, 515, 516, 517, 518, 519, 520, 521, 522, 523, 524, 525, 526, 527, 672, 673, 674, 675, 676, 677, 678, 679, 680, 681, 682, 683, 684, 810, 811, 812, 813, 814, 881, 882, 883, 884, 885, 886]","[34, 35, 36, 37, 38, 39, 40, 41, 42, 43, 44, 45, 46, 47, 48, 201, 202, 203, 204, 205, 206, 207, 208, 209, 210, 211, 212, 213, 214, 215, 216, 355, 356, 357, 358, 359, 360, 361, 429, 430, 431, 432, 433, 434, 435, 515, 516, 517, 518, 519, 520, 521, 522, 523, 524, 525, 526, 527, 672, 673, 674, 675, 676, 677, 678, 679, 680, 681, 682, 683, 684, 810, 811, 812, 813, 814, 881, 882, 883, 884, 885, 886]",0/6 successful match,False,,False,25,False,,1.0,True,Love's Travel Stop # 310,Love's
Wamsutter ( 82336 ) Love's Travel Stop # 310,5 307-324-0087 I-80 Exit 173 ( CR 23 ),24 <U+25A1> DOW 24,Wamsutter,82336,Love's Travel Stop # 310,307-324-0087,2016,Wamsutter,WY,Love's,( CR 23 ),I-80 Exit 173 ,Exit,173,False,,False,I-80,,,,,[],[],[],"[377, 827]",[],"[89, 108, 172, 217, 221, 239, 264, 280, 321, 342, 343, 344, 345, 346, 349, 351, 352, 355, 357, 359, 364, 368, 371, 372, 373, 374, 376, 377, 387, 392, 393, 403, 409, 411, 414, 424, 430, 449, 454, 470, 480, 560, 584, 643, 685, 703, 724, 739, 779, 798, 799, 800, 801, 804, 806, 807, 810, 812, 814, 816, 821, 822, 823, 824, 826, 827, 837, 842, 843, 852, 859, 862, 865, 869, 876, 882, 897, 901, 917, 932]","[34, 35, 36, 37, 38, 39, 40, 41, 42, 43, 44, 45, 46, 47, 48, 201, 202, 203, 204, 205, 206, 207, 208, 209, 210, 211, 212, 213, 214, 215, 216, 355, 356, 357, 358, 359, 360, 361, 429, 430, 431, 432, 433, 434, 435, 515, 516, 517, 518, 519, 520, 521, 522, 523, 524, 525, 526, 527, 672, 673, 674, 675, 676, 677, 678, 679, 680, 681, 682, 683, 684, 810, 811, 812, 813, 814, 881, 882, 883, 884, 885, 886]","[32, 33, 34, 35, 36, 37, 38, 39, 40, 41, 42, 43, 44, 45, 46, 47, 48, 201, 202, 203, 204, 205, 206, 207, 208, 209, 210, 211, 212, 213, 214, 215, 216, 355, 356, 357, 358, 359, 360, 361, 429, 430, 431, 432, 433, 434, 435, 515, 516, 517, 518, 519, 520, 521, 522, 523, 524, 525, 526, 527, 672, 673, 674, 675, 676, 677, 678, 679, 680, 681, 682, 683, 684, 810, 811, 812, 813, 814, 881, 882, 883, 884, 885, 886]","[515, 516, 517, 518, 519, 520, 521, 522, 523, 524, 525, 526, 527, 32, 33, 34, 35, 36, 37, 38, 39, 40, 41, 42, 43, 44, 45, 46, 47, 560, 48, 584, 89, 108, 643, 672, 673, 674, 675, 676, 677, 678, 679, 680, 681, 682, 683, 172, 685, 684, 703, 201, 202, 203, 204, 205, 206, 207, 208, 209, 210, 211, 724, 212, 213, 214, 215, 217, 216, 221, 739, 239, 264, 779, 280, 798, 799, 800, 801, 804, 806, 807, 810, 811, 812, 813, 814, 816, 821, 822, 823, 824, 826, 827, 321, 837, 842, 843, 852, 342, 343, 344, 345, 346, 859, 349, 862, 351, 352, 865, 355, 356, 357, 869, 359, 358, 360, 361, 364, 876, 368, 881, 882, 371, 372, 373, 374, 883, 376, 377, 884, 885, 886, 897, 387, 901, 392, 393, 403, 917, 409, 411, 414, 932, 424, 429, 430, 431, 432, 433, 434, 435, 449, 454, 470, 480]",False,[],[],[],"[377, 827]","[89, 108, 172, 217, 221, 239, 264, 280, 321, 342, 343, 344, 345, 346, 349, 351, 352, 355, 357, 359, 364, 368, 371, 372, 373, 374, 376, 377, 387, 392, 393, 403, 409, 411, 414, 424, 430, 449, 454, 470, 480, 560, 584, 643, 685, 703, 724, 739, 779, 798, 799, 800, 801, 804, 806, 807, 810, 812, 814, 816, 821, 822, 823, 824, 826, 827, 837, 842, 843, 852, 859, 862, 865, 869, 876, 882, 897, 901, 917, 932]","[32, 33, 34, 35, 36, 37, 38, 39, 40, 41, 42, 43, 44, 45, 46, 47, 48, 201, 202, 203, 204, 205, 206, 207, 208, 209, 210, 211, 212, 213, 214, 215, 216, 355, 356, 357, 358, 359, 360, 361, 429, 430, 431, 432, 433, 434, 435, 515, 516, 517, 518, 519, 520, 521, 522, 523, 524, 525, 526, 527, 672, 673, 674, 675, 676, 677, 678, 679, 680, 681, 682, 683, 684, 810, 811, 812, 813, 814, 881, 882, 883, 884, 885, 886]","[34, 35, 36, 37, 38, 39, 40, 41, 42, 43, 44, 45, 46, 47, 48, 201, 202, 203, 204, 205, 206, 207, 208, 209, 210, 211, 212, 213, 214, 215, 216, 355, 356, 357, 358, 359, 360, 361, 429, 430, 431, 432, 433, 434, 435, 515, 516, 517, 518, 519, 520, 521, 522, 523, 524, 525, 526, 527, 672, 673, 674, 675, 676, 677, 678, 679, 680, 681, 682, 683, 684, 810, 811, 812, 813, 814, 881, 882, 883, 884, 885, 886]",0/6 successful match,False,,False,25,False,,1.0,True,Love's Travel Stop # 310,Love's
"Wamsutter , 82336 Wamsutter Conoco Service",307-324-7807 I-80 Exit 173,S,Wamsutter,82336,Wamsutter Conoco Service,307-324-7807,2006,Wamsutter,WY,Conoco,,I-80 Exit 173,Exit,173,False,,False,I-80,,,,,[],[],[],"[377, 827]",[],"[89, 108, 172, 217, 221, 239, 264, 280, 321, 342, 343, 344, 345, 346, 349, 351, 352, 355, 357, 359, 364, 368, 371, 372, 373, 374, 376, 377, 387, 392, 393, 403, 409, 411, 414, 424, 430, 449, 454, 470, 480, 560, 584, 643, 685, 703, 724, 739, 779, 798, 799, 800, 801, 804, 806, 807, 810, 812, 814, 816, 821, 822, 823, 824, 826, 827, 837, 842, 843, 852, 859, 862, 865, 869, 876, 882, 897, 901, 917, 932]","[3, 27, 349, 406, 451, 489, 510, 804, 855, 898]","[3, 27, 349, 406, 451, 489, 510, 804, 855, 898]","[3, 27, 560, 584, 89, 108, 643, 172, 685, 703, 724, 217, 221, 739, 239, 264, 779, 280, 798, 799, 800, 801, 804, 806, 807, 810, 812, 814, 816, 821, 822, 823, 824, 826, 827, 321, 837, 842, 843, 852, 342, 343, 344, 345, 346, 859, 855, 349, 862, 351, 352, 865, 355, 357, 869, 359, 364, 876, 368, 882, 371, 372, 373, 374, 376, 377, 897, 898, 387, 901, 392, 393, 403, 917, 406, 409, 411, 414, 932, 424, 430, 449, 451, 454, 470, 480, 489, 510]",False,[],[],[],"[377, 827]","[89, 108, 172, 217, 221, 239, 264, 280, 321, 342, 343, 344, 345, 346, 349, 351, 352, 355, 357, 359, 364, 368, 371, 372, 373, 374, 376, 377, 387, 392, 393, 403, 409, 411, 414, 424, 430, 449, 454, 470, 480, 560, 584, 643, 685, 703, 724, 739, 779, 798, 799, 800, 801, 804, 806, 807, 810, 812, 814, 816, 821, 822, 823, 824, 826, 827, 837, 842, 843, 852, 859, 862, 865, 869, 876, 882, 897, 901, 917, 932]","[3, 27, 349, 406, 451, 489, 510, 804, 855, 898]","[3, 27, 349, 406, 451, 489, 510, 804, 855, 898]",0/6 successful match,False,,False,26,False,,,,,
"F Wamsutter , 82336 Wamsutter Conoco Service",307-324-7807 I-80 Exit 173,,Wamsutter,82336,Wamsutter Conoco Service,307-324-7807,2007,Wamsutter,WY,Conoco,,I-80 Exit 173,Exit,173,False,,False,I-80,,,,,[],[],[],"[377, 827]",[],"[89, 108, 172, 217, 221, 239, 264, 280, 321, 342, 343, 344, 345, 346, 349, 351, 352, 355, 357, 359, 364, 368, 371, 372, 373, 374, 376, 377, 387, 392, 393, 403, 409, 411, 414, 424, 430, 449, 454, 470, 480, 560, 584, 643, 685, 703, 724, 739, 779, 798, 799, 800, 801, 804, 806, 807, 810, 812, 814, 816, 821, 822, 823, 824, 826, 827, 837, 842, 843, 852, 859, 862, 865, 869, 876, 882, 897, 901, 917, 932]","[3, 27, 349, 406, 451, 489, 510, 804, 855, 898]","[3, 27, 349, 406, 451, 489, 510, 804, 855, 898]","[3, 27, 560, 584, 89, 108, 643, 172, 685, 703, 724, 217, 221, 739, 239, 264, 779, 280, 798, 799, 800, 801, 804, 806, 807, 810, 812, 814, 816, 821, 822, 823, 824, 826, 827, 321, 837, 842, 843, 852, 342, 343, 344, 345, 346, 859, 855, 349, 862, 351, 352, 865, 355, 357, 869, 359, 364, 876, 368, 882, 371, 372, 373, 374, 376, 377, 897, 898, 387, 901, 392, 393, 403, 917, 406, 409, 411, 414, 932, 424, 430, 449, 451, 454, 470, 480, 489, 510]",False,[],[],[],"[377, 827]","[89, 108, 172, 217, 221, 239, 264, 280, 321, 342, 343, 344, 345, 346, 349, 351, 352, 355, 357, 359, 364, 368, 371, 372, 373, 374, 376, 377, 387, 392, 393, 403, 409, 411, 414, 424, 430, 449, 454, 470, 480, 560, 584, 643, 685, 703, 724, 739, 779, 798, 799, 800, 801, 804, 806, 807, 810, 812, 814, 816, 821, 822, 823, 824, 826, 827, 837, 842, 843, 852, 859, 862, 865, 869, 876, 882, 897, 901, 917, 932]","[3, 27, 349, 406, 451, 489, 510, 804, 855, 898]","[3, 27, 349, 406, 451, 489, 510, 804, 855, 898]",0/6 successful match,False,,False,26,False,,1.0,True,Wamsutter Conoco Service,Conoco
"Wamsutter , 82336 Wamsutter Conoco Service",307-324-7807 I-80 Exit 173,S,Wamsutter,82336,Wamsutter Conoco Service,307-324-7807,2008,Wamsutter,WY,Conoco,,I-80 Exit 173,Exit,173,False,,False,I-80,,,,,[],[],[],"[377, 827]",[],"[89, 108, 172, 217, 221, 239, 264, 280, 321, 342, 343, 344, 345, 346, 349, 351, 352, 355, 357, 359, 364, 368, 371, 372, 373, 374, 376, 377, 387, 392, 393, 403, 409, 411, 414, 424, 430, 449, 454, 470, 480, 560, 584, 643, 685, 703, 724, 739, 779, 798, 799, 800, 801, 804, 806, 807, 810, 812, 814, 816, 821, 822, 823, 824, 826, 827, 837, 842, 843, 852, 859, 862, 865, 869, 876, 882, 897, 901, 917, 932]","[3, 27, 349, 406, 451, 489, 510, 804, 855, 898]","[3, 27, 349, 406, 451, 489, 510, 804, 855, 898]","[3, 27, 560, 584, 89, 108, 643, 172, 685, 703, 724, 217, 221, 739, 239, 264, 779, 280, 798, 799, 800, 801, 804, 806, 807, 810, 812, 814, 816, 821, 822, 823, 824, 826, 827, 321, 837, 842, 843, 852, 342, 343, 344, 345, 346, 859, 855, 349, 862, 351, 352, 865, 355, 357, 869, 359, 364, 876, 368, 882, 371, 372, 373, 374, 376, 377, 897, 898, 387, 901, 392, 393, 403, 917, 406, 409, 411, 414, 932, 424, 430, 449, 451, 454, 470, 480, 489, 510]",False,[],[],[],"[377, 827]","[89, 108, 172, 217, 221, 239, 264, 280, 321, 342, 343, 344, 345, 346, 349, 351, 352, 355, 357, 359, 364, 368, 371, 372, 373, 374, 376, 377, 387, 392, 393, 403, 409, 411, 414, 424, 430, 449, 454, 470, 480, 560, 584, 643, 685, 703, 724, 739, 779, 798, 799, 800, 801, 804, 806, 807, 810, 812, 814, 816, 821, 822, 823, 824, 826, 827, 837, 842, 843, 852, 859, 862, 865, 869, 876, 882, 897, 901, 917, 932]","[3, 27, 349, 406, 451, 489, 510, 804, 855, 898]","[3, 27, 349, 406, 451, 489, 510, 804, 855, 898]",0/6 successful match,False,,False,26,False,,1.0,True,Wamsutter Conoco Service,Conoco
Wamsutter ( 82336 ) Wamsutter Conoco Service,5 307-324-7807 I-80 Exit 173,S <U+2610><U+2610>,Wamsutter,82336,Wamsutter Conoco Service,307-324-7807,2014,Wamsutter,WY,Conoco,,I-80 Exit 173,Exit,173,False,,False,I-80,,,,,[],[],[],"[377, 827]",[],"[89, 108, 172, 217, 221, 239, 264, 280, 321, 342, 343, 344, 345, 346, 349, 351, 352, 355, 357, 359, 364, 368, 371, 372, 373, 374, 376, 377, 387, 392, 393, 403, 409, 411, 414, 424, 430, 449, 454, 470, 480, 560, 584, 643, 685, 703, 724, 739, 779, 798, 799, 800, 801, 804, 806, 807, 810, 812, 814, 816, 821, 822, 823, 824, 826, 827, 837, 842, 843, 852, 859, 862, 865, 869, 876, 882, 897, 901, 917, 932]","[3, 27, 349, 406, 451, 489, 510, 804, 855, 898]","[3, 27, 349, 406, 451, 489, 510, 804, 855, 898]","[3, 27, 560, 584, 89, 108, 643, 172, 685, 703, 724, 217, 221, 739, 239, 264, 779, 280, 798, 799, 800, 801, 804, 806, 807, 810, 812, 814, 816, 821, 822, 823, 824, 826, 827, 321, 837, 842, 843, 852, 342, 343, 344, 345, 346, 859, 855, 349, 862, 351, 352, 865, 355, 357, 869, 359, 364, 876, 368, 882, 371, 372, 373, 374, 376, 377, 897, 898, 387, 901, 392, 393, 403, 917, 406, 409, 411, 414, 932, 424, 430, 449, 451, 454, 470, 480, 489, 510]",False,[],[],[],"[377, 827]","[89, 108, 172, 217, 221, 239, 264, 280, 321, 342, 343, 344, 345, 346, 349, 351, 352, 355, 357, 359, 364, 368, 371, 372, 373, 374, 376, 377, 387, 392, 393, 403, 409, 411, 414, 424, 430, 449, 454, 470, 480, 560, 584, 643, 685, 703, 724, 739, 779, 798, 799, 800, 801, 804, 806, 807, 810, 812, 814, 816, 821, 822, 823, 824, 826, 827, 837, 842, 843, 852, 859, 862, 865, 869, 876, 882, 897, 901, 917, 932]","[3, 27, 349, 406, 451, 489, 510, 804, 855, 898]","[3, 27, 349, 406, 451, 489, 510, 804, 855, 898]",0/6 successful match,False,,False,26,False,,1.0,True,Wamsutter Conoco Service,Conoco
Wamsutter ( 82336 ) Wamsutter Conoco Service,307-324-7807 I-80 Exit 173,24 m S MOO <U+25A1>,Wamsutter,82336,Wamsutter Conoco Service,307-324-7807,2015,Wamsutter,WY,Conoco,,I-80 Exit 173,Exit,173,False,,False,I-80,,,,,[],[],[],"[377, 827]",[],"[89, 108, 172, 217, 221, 239, 264, 280, 321, 342, 343, 344, 345, 346, 349, 351, 352, 355, 357, 359, 364, 368, 371, 372, 373, 374, 376, 377, 387, 392, 393, 403, 409, 411, 414, 424, 430, 449, 454, 470, 480, 560, 584, 643, 685, 703, 724, 739, 779, 798, 799, 800, 801, 804, 806, 807, 810, 812, 814, 816, 821, 822, 823, 824, 826, 827, 837, 842, 843, 852, 859, 862, 865, 869, 876, 882, 897, 901, 917, 932]","[3, 27, 349, 406, 451, 489, 510, 804, 855, 898]","[3, 27, 349, 406, 451, 489, 510, 804, 855, 898]","[3, 27, 560, 584, 89, 108, 643, 172, 685, 703, 724, 217, 221, 739, 239, 264, 779, 280, 798, 799, 800, 801, 804, 806, 807, 810, 812, 814, 816, 821, 822, 823, 824, 826, 827, 321, 837, 842, 843, 852, 342, 343, 344, 345, 346, 859, 855, 349, 862, 351, 352, 865, 355, 357, 869, 359, 364, 876, 368, 882, 371, 372, 373, 374, 376, 377, 897, 898, 387, 901, 392, 393, 403, 917, 406, 409, 411, 414, 932, 424, 430, 449, 451, 454, 470, 480, 489, 510]",False,[],[],[],"[377, 827]","[89, 108, 172, 217, 221, 239, 264, 280, 321, 342, 343, 344, 345, 346, 349, 351, 352, 355, 357, 359, 364, 368, 371, 372, 373, 374, 376, 377, 387, 392, 393, 403, 409, 411, 414, 424, 430, 449, 454, 470, 480, 560, 584, 643, 685, 703, 724, 739, 779, 798, 799, 800, 801, 804, 806, 807, 810, 812, 814, 816, 821, 822, 823, 824, 826, 827, 837, 842, 843, 852, 859, 862, 865, 869, 876, 882, 897, 901, 917, 932]","[3, 27, 349, 406, 451, 489, 510, 804, 855, 898]","[3, 27, 349, 406, 451, 489, 510, 804, 855, 898]",0/6 successful match,False,,False,26,False,,1.0,True,Wamsutter Conoco Service,Conoco
Wamsutter ( 82336 ) Wamsutter Conoco Service,307-324-7807 I-80 Exit 173,S 0,Wamsutter,82336,Wamsutter Conoco Service,307-324-7807,2016,Wamsutter,WY,Conoco,,I-80 Exit 173,Exit,173,False,,False,I-80,,,,,[],[],[],"[377, 827]",[],"[89, 108, 172, 217, 221, 239, 264, 280, 321, 342, 343, 344, 345, 346, 349, 351, 352, 355, 357, 359, 364, 368, 371, 372, 373, 374, 376, 377, 387, 392, 393, 403, 409, 411, 414, 424, 430, 449, 454, 470, 480, 560, 584, 643, 685, 703, 724, 739, 779, 798, 799, 800, 801, 804, 806, 807, 810, 812, 814, 816, 821, 822, 823, 824, 826, 827, 837, 842, 843, 852, 859, 862, 865, 869, 876, 882, 897, 901, 917, 932]","[3, 27, 349, 406, 451, 489, 510, 804, 855, 898]","[3, 27, 349, 406, 451, 489, 510, 804, 855, 898]","[3, 27, 560, 584, 89, 108, 643, 172, 685, 703, 724, 217, 221, 739, 239, 264, 779, 280, 798, 799, 800, 801, 804, 806, 807, 810, 812, 814, 816, 821, 822, 823, 824, 826, 827, 321, 837, 842, 843, 852, 342, 343, 344, 345, 346, 859, 855, 349, 862, 351, 352, 865, 355, 357, 869, 359, 364, 876, 368, 882, 371, 372, 373, 374, 376, 377, 897, 898, 387, 901, 392, 393, 403, 917, 406, 409, 411, 414, 932, 424, 430, 449, 451, 454, 470, 480, 489, 510]",False,[],[],[],"[377, 827]","[89, 108, 172, 217, 221, 239, 264, 280, 321, 342, 343, 344, 345, 346, 349, 351, 352, 355, 357, 359, 364, 368, 371, 372, 373, 374, 376, 377, 387, 392, 393, 403, 409, 411, 414, 424, 430, 449, 454, 470, 480, 560, 584, 643, 685, 703, 724, 739, 779, 798, 799, 800, 801, 804, 806, 807, 810, 812, 814, 816, 821, 822, 823, 824, 826, 827, 837, 842, 843, 852, 859, 862, 865, 869, 876, 882, 897, 901, 917, 932]","[3, 27, 349, 406, 451, 489, 510, 804, 855, 898]","[3, 27, 349, 406, 451, 489, 510, 804, 855, 898]",0/6 successful match,False,,False,26,False,,1.0,True,Wamsutter Conoco Service,Conoco
"Worland , 82401 One Stop ( Cenex )",307-347-4281 US 16-20 ( W side of town ),S <U+2610>,Worland,82401,One Stop ( Cenex ),307-347-4281,2006,Worland,WY,Cenex,( W side of town ),US 16-20,empty,,False,,False,US 16-20,,,,,[],[],[],[],[],"[104, 433, 575, 885]",[],[],"[104, 433, 885, 575]",False,[],[],[],[],"[104, 433, 575, 885]",[],[],0/6 successful match,False,,False,27,False,,,,,
"B Worland , 82401 One Stop ( Cenex )",307-347-4281 US 16-20 ( W side of town ),S,Worland,82401,One Stop ( Cenex ),307-347-4281,2007,Worland,WY,Cenex,( W side of town ),US 16-20,empty,,False,,False,US 16-20,,,,,[],[],[],[],[],"[104, 433, 575, 885]",[],[],"[104, 433, 885, 575]",False,[],[],[],[],"[104, 433, 575, 885]",[],[],0/6 successful match,False,,False,27,False,,1.0,True,One Stop ( Cenex ),Cenex
"B Worland , 82401 One Stop ( Cenex )",6 307-347-4281 US 16-20 ( W side of,<U+2610> S <U+25A1> <U+2610>,Worland,82401,One Stop ( Cenex ),307-347-4281,2008,Worland,WY,Cenex,( W side of,US 16-20,empty,,False,,False,US 16-20,,,,,[],[],[],[],[],"[104, 433, 575, 885]",[],[],"[104, 433, 885, 575]",False,[],[],[],[],"[104, 433, 575, 885]",[],[],0/6 successful match,False,,False,27,False,,1.0,True,One Stop ( Cenex ),Cenex
B Worland ( 82401 ) One Stop ( Cenex ),6 307-347-4281 US 20 W & WY 433,S <U+2610>,Worland,82401,One Stop ( Cenex ),307-347-4281,2014,Worland,WY,Cenex,,US 20 W & WY 433,empty,,False,,False,US 20,WY 433,,,,[],[],[],[],[],"[104, 406, 433, 575, 855, 885]",[],[],"[104, 433, 885, 406, 855, 575]",False,[],[],[],[],"[104, 406, 433, 575, 855, 885]",[],[],0/6 successful match,False,,False,27,False,,1.0,True,One Stop ( Cenex ),Cenex
B Worland ( 82401 ) One Stop ( Cenex ),307-347-4281 US 20 W & WY 433,L D S S <U+25A1>,Worland,82401,One Stop ( Cenex ),307-347-4281,2015,Worland,WY,Cenex,,US 20 W & WY 433,empty,,False,,False,US 20,WY 433,,,,[],[],[],[],[],"[104, 406, 433, 575, 855, 885]",[],[],"[104, 433, 885, 406, 855, 575]",False,[],[],[],[],"[104, 406, 433, 575, 855, 885]",[],[],0/6 successful match,False,,False,27,False,,1.0,True,One Stop ( Cenex ),Cenex
B Worland ( 82401 ) One Stop ( Cenex ),6 307-347-4281 US 20 W & WY 433,<U+25A1> S <U+2610>,Worland,82401,One Stop ( Cenex ),307-347-4281,2016,Worland,WY,Cenex,,US 20 W & WY 433,empty,,False,,False,US 20,WY 433,,,,[],[],[],[],[],"[104, 406, 433, 575, 855, 885]",[],[],"[104, 433, 885, 406, 855, 575]",False,[],[],[],[],"[104, 406, 433, 575, 855, 885]",[],[],0/6 successful match,False,,False,27,False,,1.0,True,One Stop ( Cenex ),Cenex
"B Cody , 82414 Red Eagle Food Mart # 2 ( Shell )",307-587-9331 221 US 14-16-20 W,<U+25A1>,Cody,82414,Red Eagle Food Mart # 2 ( Shell ),307-587-9331,2006,Cody,WY,Shell,,221 US 14-16-20 W,Proper,,False,,False,US 14-16,,,,,[],[],[],[],[],"[117, 320, 588, 778]","[1, 13, 14, 29, 54, 55, 56, 57, 58, 60, 102, 118, 125, 127, 130, 134, 146, 149, 153, 175, 182, 187, 189, 191, 197, 225, 230, 238, 264, 265, 266, 286, 302, 317, 336, 379, 388, 389, 425, 454, 458, 463, 475, 487, 498, 499, 512, 530, 531, 532, 533, 534, 536, 573, 589, 596, 598, 601, 605, 617, 620, 624, 646, 653, 658, 660, 662, 668, 689, 694, 702, 724, 725, 745, 760, 775, 793, 829, 838, 839, 877, 901, 903, 905, 910, 923]","[1, 13, 14, 15, 29, 54, 55, 56, 57, 58, 60, 102, 118, 125, 127, 130, 134, 146, 149, 153, 175, 182, 187, 189, 191, 197, 225, 230, 238, 264, 265, 266, 286, 302, 317, 336, 354, 379, 388, 389, 412, 413, 425, 426, 454, 458, 463, 475, 487, 498, 499, 500, 512, 530, 531, 532, 533, 534, 536, 573, 589, 596, 598, 601, 605, 617, 620, 624, 646, 653, 658, 660, 662, 668, 689, 694, 702, 724, 725, 745, 760, 775, 793, 809, 829, 838, 839, 863, 864, 877, 878, 901, 903, 905, 910, 923]","[512, 1, 13, 14, 15, 530, 531, 532, 533, 534, 536, 29, 54, 55, 56, 57, 58, 60, 573, 588, 589, 596, 598, 601, 605, 102, 617, 620, 624, 117, 118, 125, 127, 130, 134, 646, 653, 146, 658, 660, 149, 662, 153, 668, 175, 689, 694, 182, 187, 189, 702, 191, 197, 724, 725, 225, 230, 745, 238, 760, 775, 264, 265, 778, 266, 793, 286, 809, 302, 317, 829, 320, 838, 839, 336, 863, 864, 354, 877, 878, 379, 388, 389, 901, 903, 905, 910, 923, 412, 413, 425, 426, 454, 458, 463, 475, 487, 498, 499, 500]",False,[],[],[],[],"[117, 320, 588, 778]","[1, 13, 14, 15, 29, 54, 55, 56, 57, 58, 60, 102, 118, 125, 127, 130, 134, 146, 149, 153, 175, 182, 187, 189, 191, 197, 225, 230, 238, 264, 265, 266, 286, 302, 317, 336, 354, 379, 388, 389, 412, 413, 425, 426, 454, 458, 463, 475, 487, 498, 499, 500, 512, 530, 531, 532, 533, 534, 536, 573, 589, 596, 598, 601, 605, 617, 620, 624, 646, 653, 658, 660, 662, 668, 689, 694, 702, 724, 725, 745, 760, 775, 793, 809, 829, 838, 839, 863, 864, 877, 878, 901, 903, 905, 910, 923]","[1, 13, 14, 29, 54, 55, 56, 57, 58, 60, 102, 118, 125, 127, 130, 134, 146, 149, 153, 175, 182, 187, 189, 191, 197, 225, 230, 238, 264, 265, 266, 286, 302, 317, 336, 379, 388, 389, 425, 454, 458, 463, 475, 487, 498, 499, 512, 530, 531, 532, 533, 534, 536, 573, 589, 596, 598, 601, 605, 617, 620, 624, 646, 653, 658, 660, 662, 668, 689, 694, 702, 724, 725, 745, 760, 775, 793, 829, 838, 839, 877, 901, 903, 905, 910, 923]",0/6 successful match,False,,False,28,False,,,,,
", 82414 Red Eagle Food Mart # 2 ( Shell )",LO 4307-587-9331 B Cody 221 US 14-16-20 W,24 HRS 45 MOO,,82414,Red Eagle Food Mart # 2 ( Shell ),307-587-9331,2007,Cody,WY,Shell,,B Cody 221 US 14-16-20 W,empty,,False,,False,US 14-16,,,,,[],[],[],[],[],"[117, 320, 588, 778]","[1, 13, 14, 29, 54, 55, 56, 57, 58, 60, 102, 118, 125, 127, 130, 134, 146, 149, 153, 175, 182, 187, 189, 191, 197, 225, 230, 238, 264, 265, 266, 286, 302, 317, 336, 379, 388, 389, 425, 454, 458, 463, 475, 487, 498, 499, 512, 530, 531, 532, 533, 534, 536, 573, 589, 596, 598, 601, 605, 617, 620, 624, 646, 653, 658, 660, 662, 668, 689, 694, 702, 724, 725, 745, 760, 775, 793, 829, 838, 839, 877, 901, 903, 905, 910, 923]","[1, 13, 14, 15, 29, 54, 55, 56, 57, 58, 60, 102, 118, 125, 127, 130, 134, 146, 149, 153, 175, 182, 187, 189, 191, 197, 225, 230, 238, 264, 265, 266, 286, 302, 317, 336, 354, 379, 388, 389, 412, 413, 425, 426, 454, 458, 463, 475, 487, 498, 499, 500, 512, 530, 531, 532, 533, 534, 536, 573, 589, 596, 598, 601, 605, 617, 620, 624, 646, 653, 658, 660, 662, 668, 689, 694, 702, 724, 725, 745, 760, 775, 793, 809, 829, 838, 839, 863, 864, 877, 878, 901, 903, 905, 910, 923]","[512, 1, 13, 14, 15, 530, 531, 532, 533, 534, 536, 29, 54, 55, 56, 57, 58, 60, 573, 588, 589, 596, 598, 601, 605, 102, 617, 620, 624, 117, 118, 125, 127, 130, 134, 646, 653, 146, 658, 660, 149, 662, 153, 668, 175, 689, 694, 182, 187, 189, 702, 191, 197, 724, 725, 225, 230, 745, 238, 760, 775, 264, 265, 778, 266, 793, 286, 809, 302, 317, 829, 320, 838, 839, 336, 863, 864, 354, 877, 878, 379, 388, 389, 901, 903, 905, 910, 923, 412, 413, 425, 426, 454, 458, 463, 475, 487, 498, 499, 500]",False,[],[],[],[],"[117, 320, 588, 778]","[1, 13, 14, 15, 29, 54, 55, 56, 57, 58, 60, 102, 118, 125, 127, 130, 134, 146, 149, 153, 175, 182, 187, 189, 191, 197, 225, 230, 238, 264, 265, 266, 286, 302, 317, 336, 354, 379, 388, 389, 412, 413, 425, 426, 454, 458, 463, 475, 487, 498, 499, 500, 512, 530, 531, 532, 533, 534, 536, 573, 589, 596, 598, 601, 605, 617, 620, 624, 646, 653, 658, 660, 662, 668, 689, 694, 702, 724, 725, 745, 760, 775, 793, 809, 829, 838, 839, 863, 864, 877, 878, 901, 903, 905, 910, 923]","[1, 13, 14, 29, 54, 55, 56, 57, 58, 60, 102, 118, 125, 127, 130, 134, 146, 149, 153, 175, 182, 187, 189, 191, 197, 225, 230, 238, 264, 265, 266, 286, 302, 317, 336, 379, 388, 389, 425, 454, 458, 463, 475, 487, 498, 499, 512, 530, 531, 532, 533, 534, 536, 573, 589, 596, 598, 601, 605, 617, 620, 624, 646, 653, 658, 660, 662, 668, 689, 694, 702, 724, 725, 745, 760, 775, 793, 829, 838, 839, 877, 901, 903, 905, 910, 923]",0/6 successful match,False,,False,28,False,,1.0,True,Red Eagle Food Mart # 2 ( Shell ),Shell
"Cody , 82414 Red Eagle Food Mart St # ) 2 (",307-587-9331 221 US 14-16-20 W Shell ),S <U+2610> <U+2610>,Cody,82414,Red Eagle Food Mart St # ) 2 (,307-587-9331,2008,Cody,WY,,,221 US 14-16-20 W Shell ,Proper,,False,,False,US 14-16,,,,,[],[],[],[],[],"[117, 320, 588, 778]",[],"[15, 412, 413, 426, 500, 863, 864, 878]","[320, 864, 778, 426, 588, 878, 15, 500, 117, 412, 413, 863]",False,[],[],[],[],"[117, 320, 588, 778]","[15, 412, 413, 426, 500, 863, 864, 878]",[],0/6 successful match,False,,False,28,False,,1.0,True,Red Eagle Food Mart # 2 ( Shell ),Shell
Cody ( 82414 ) Good 2 Go # 2 ( Mobil ),307-587-9331 221 US 14-16-20 W,<U+2610>,Cody,82414,Good 2 Go # 2 ( Mobil ),307-587-9331,2014,Cody,WY,Mobil,,221 US 14-16-20 W,Proper,,False,,False,US 14-16,,,,,[],[],[],[],[],"[117, 320, 588, 778]","[4, 59, 232, 269, 299, 490, 535, 696, 728, 758]","[4, 59, 232, 269, 284, 285, 299, 490, 535, 696, 728, 743, 744, 758]","[320, 4, 743, 232, 744, 778, 299, 588, 269, 490, 728, 117, 758, 535, 696, 59, 284, 285]",False,[],[],[],[],"[117, 320, 588, 778]","[4, 59, 232, 269, 284, 285, 299, 490, 535, 696, 728, 743, 744, 758]","[4, 59, 232, 269, 299, 490, 535, 696, 728, 758]",0/6 successful match,False,,False,28,False,,0.22641509433962265,True,Red Eagle Food Mart St # ) 2 (,
B Cody ( 82414 ) Good 2 Go # 2 ( Mobil ),307-587-9331 221 US 14-16-20 W,24,Cody,82414,Good 2 Go # 2 ( Mobil ),307-587-9331,2015,Cody,WY,Mobil,,221 US 14-16-20 W,Proper,,False,,False,US 14-16,,,,,[],[],[],[],[],"[117, 320, 588, 778]","[4, 59, 232, 269, 299, 490, 535, 696, 728, 758]","[4, 59, 232, 269, 284, 285, 299, 490, 535, 696, 728, 743, 744, 758]","[320, 4, 743, 232, 744, 778, 299, 588, 269, 490, 728, 117, 758, 535, 696, 59, 284, 285]",False,[],[],[],[],"[117, 320, 588, 778]","[4, 59, 232, 269, 284, 285, 299, 490, 535, 696, 728, 743, 744, 758]","[4, 59, 232, 269, 299, 490, 535, 696, 728, 758]",0/6 successful match,False,,False,28,False,,1.0,True,Good 2 Go # 2 ( Mobil ),Mobil
Cody ( 82414 ) Good 2 Go # 2 ( Mobil ),307-587-9331 221 US 14-16-20 W,<U+25A1> <U+25A1>,Cody,82414,Good 2 Go # 2 ( Mobil ),307-587-9331,2016,Cody,WY,Mobil,,221 US 14-16-20 W,Proper,,False,,False,US 14-16,,,,,[],[],[],[],[],"[117, 320, 588, 778]","[4, 59, 232, 269, 299, 490, 535, 696, 728, 758]","[4, 59, 232, 269, 284, 285, 299, 490, 535, 696, 728, 743, 744, 758]","[320, 4, 743, 232, 744, 778, 299, 588, 269, 490, 728, 117, 758, 535, 696, 59, 284, 285]",False,[],[],[],[],"[117, 320, 588, 778]","[4, 59, 232, 269, 284, 285, 299, 490, 535, 696, 728, 743, 744, 758]","[4, 59, 232, 269, 299, 490, 535, 696, 728, 758]",0/6 successful match,False,,False,28,False,,1.0,True,Good 2 Go # 2 ( Mobil ),Mobil
"Lovell , 82431 Country Store ( Conoco )",307-548-7110 575 US 310,24 M <U+2610> <U+2610>,Lovell,82431,Country Store ( Conoco ),307-548-7110,2006,Lovell,WY,Conoco,,575 US 310,Proper,,False,,False,US 310,,,,,[],[],[],[],[],[],"[3, 27, 349, 406, 451, 489, 510, 804, 855, 898]","[3, 27, 349, 406, 451, 489, 510, 804, 855, 898]","[898, 3, 451, 804, 489, 406, 855, 27, 349, 510]",False,[],[],[],[],[],"[3, 27, 349, 406, 451, 489, 510, 804, 855, 898]","[3, 27, 349, 406, 451, 489, 510, 804, 855, 898]",0/6 successful match,False,,False,29,False,,,,,
"A Lovell , 82431 Country Store ( Conoco )",5 307-548-7110 575 US 310,L,Lovell,82431,Country Store ( Conoco ),307-548-7110,2007,Lovell,WY,Conoco,,575 US 310,Proper,,False,,False,US 310,,,,,[],[],[],[],[],[],"[3, 27, 349, 406, 451, 489, 510, 804, 855, 898]","[3, 27, 349, 406, 451, 489, 510, 804, 855, 898]","[898, 3, 451, 804, 489, 406, 855, 27, 349, 510]",False,[],[],[],[],[],"[3, 27, 349, 406, 451, 489, 510, 804, 855, 898]","[3, 27, 349, 406, 451, 489, 510, 804, 855, 898]",0/6 successful match,False,,False,29,False,,1.0,True,Country Store ( Conoco ),Conoco
"A Lovell , 82431 Country Store ( Conoco )",307-548-7110 575 US 310,S <U+2610> <U+2610> <U+2610>,Lovell,82431,Country Store ( Conoco ),307-548-7110,2008,Lovell,WY,Conoco,,575 US 310,Proper,,False,,False,US 310,,,,,[],[],[],[],[],[],"[3, 27, 349, 406, 451, 489, 510, 804, 855, 898]","[3, 27, 349, 406, 451, 489, 510, 804, 855, 898]","[898, 3, 451, 804, 489, 406, 855, 27, 349, 510]",False,[],[],[],[],[],"[3, 27, 349, 406, 451, 489, 510, 804, 855, 898]","[3, 27, 349, 406, 451, 489, 510, 804, 855, 898]",0/6 successful match,False,,False,29,False,,1.0,True,Country Store ( Conoco ),Conoco
A Lovell ( 82431 ) Country Store ( Conoco ),5 307-548-7110 575 US 310,<U+2610> S <U+25A1>,Lovell,82431,Country Store ( Conoco ),307-548-7110,2014,Lovell,WY,Conoco,,575 US 310,Proper,,False,,False,US 310,,,,,[],[],[],[],[],[],"[3, 27, 349, 406, 451, 489, 510, 804, 855, 898]","[3, 27, 349, 406, 451, 489, 510, 804, 855, 898]","[898, 3, 451, 804, 489, 406, 855, 27, 349, 510]",False,[],[],[],[],[],"[3, 27, 349, 406, 451, 489, 510, 804, 855, 898]","[3, 27, 349, 406, 451, 489, 510, 804, 855, 898]",0/6 successful match,False,,False,29,False,,1.0,True,Country Store ( Conoco ),Conoco
Lovell ( 82431 ) Country Store ( Conoco ),307-548-7110 575 US 310,<U+2610> S <U+25A1>,Lovell,82431,Country Store ( Conoco ),307-548-7110,2015,Lovell,WY,Conoco,,575 US 310,Proper,,False,,False,US 310,,,,,[],[],[],[],[],[],"[3, 27, 349, 406, 451, 489, 510, 804, 855, 898]","[3, 27, 349, 406, 451, 489, 510, 804, 855, 898]","[898, 3, 451, 804, 489, 406, 855, 27, 349, 510]",False,[],[],[],[],[],"[3, 27, 349, 406, 451, 489, 510, 804, 855, 898]","[3, 27, 349, 406, 451, 489, 510, 804, 855, 898]",0/6 successful match,False,,False,29,False,,1.0,True,Country Store ( Conoco ),Conoco
A Lovell ( 82431 ) Country Store ( Conoco ),307-548-7110 575 US 310,<U+2610> <U+2610>,Lovell,82431,Country Store ( Conoco ),307-548-7110,2016,Lovell,WY,Conoco,,575 US 310,Proper,,False,,False,US 310,,,,,[],[],[],[],[],[],"[3, 27, 349, 406, 451, 489, 510, 804, 855, 898]","[3, 27, 349, 406, 451, 489, 510, 804, 855, 898]","[898, 3, 451, 804, 489, 406, 855, 27, 349, 510]",False,[],[],[],[],[],"[3, 27, 349, 406, 451, 489, 510, 804, 855, 898]","[3, 27, 349, 406, 451, 489, 510, 804, 855, 898]",0/6 successful match,False,,False,29,False,,1.0,True,Country Store ( Conoco ),Conoco
"Lovell , 82431 Red Eagle # 12 ( Exxon )",307-548-7246 1801 US 310,ASS <U+2610> <U+2610>,Lovell,82431,Red Eagle # 12 ( Exxon ),307-548-7246,2006,Lovell,WY,Exxon,,1801 US 310,Proper,,False,,False,US 310,,,,,[],[],[],[],[],[],"[398, 399, 400, 848, 849]","[15, 398, 399, 400, 412, 413, 426, 500, 848, 849, 863, 864, 878]","[864, 426, 398, 399, 400, 849, 848, 15, 500, 878, 412, 413, 863]",False,[],[],[],[],[],"[15, 398, 399, 400, 412, 413, 426, 500, 848, 849, 863, 864, 878]","[398, 399, 400, 848, 849]",0/6 successful match,False,,False,30,False,,,,,
"A Lovell , 82431 Red Eagle # 12 ( Exxon )",5 307-548-7246 1801 US 310,24 HRS S,Lovell,82431,Red Eagle # 12 ( Exxon ),307-548-7246,2007,Lovell,WY,Exxon,,1801 US 310,Proper,,False,,False,US 310,,,,,[],[],[],[],[],[],"[398, 399, 400, 848, 849]","[15, 398, 399, 400, 412, 413, 426, 500, 848, 849, 863, 864, 878]","[864, 426, 398, 399, 400, 849, 848, 15, 500, 878, 412, 413, 863]",False,[],[],[],[],[],"[15, 398, 399, 400, 412, 413, 426, 500, 848, 849, 863, 864, 878]","[398, 399, 400, 848, 849]",0/6 successful match,False,,False,30,False,,1.0,True,Red Eagle # 12 ( Exxon ),Exxon
"A Lovell , 82431 Red Eagle Food Store # 12 ( Exxon )",5 307-548-7246 1801 US 310,24 S,Lovell,82431,Red Eagle Food Store # 12 ( Exxon ),307-548-7246,2008,Lovell,WY,Exxon,,1801 US 310,Proper,,False,,False,US 310,,,,,[],[],[],[],[],[],"[398, 399, 400, 848, 849]","[15, 398, 399, 400, 412, 413, 426, 500, 848, 849, 863, 864, 878]","[864, 426, 398, 399, 400, 849, 848, 15, 500, 878, 412, 413, 863]",False,[],[],[],[],[],"[15, 398, 399, 400, 412, 413, 426, 500, 848, 849, 863, 864, 878]","[398, 399, 400, 848, 849]",0/6 successful match,False,,False,30,False,,1.0,True,Red Eagle # 12 ( Exxon ),Exxon
A Lovell ( 82431 ) Good 2 Go ( Exxon ),5 307-548-7246 1801 US 310,<U+2610><U+2610> S <U+25A1>,Lovell,82431,Good 2 Go ( Exxon ),307-548-7246,2014,Lovell,WY,Exxon,,1801 US 310,Proper,,False,,False,US 310,,,,,[],[],[],[],[],[],"[398, 399, 400, 848, 849]","[284, 285, 398, 399, 400, 743, 744, 848, 849]","[743, 744, 398, 399, 400, 849, 848, 284, 285]",False,[],[],[],[],[],"[284, 285, 398, 399, 400, 743, 744, 848, 849]","[398, 399, 400, 848, 849]",0/6 successful match,False,,False,30,False,,0.7962962962962963,True,Red Eagle Food Store # 12 ( Exxon ),Exxon
Lovell ( 82431 ) Good 2 Go ( Exxon ) AMBEST,307-548-7246 1801 US 310,S,Lovell,82431,Good 2 Go ( Exxon ) AMBEST,307-548-7246,2015,Lovell,WY,Exxon,,1801 US 310,Proper,,False,,False,US 310,,,,,[],[],[],[],[],[],"[398, 399, 400, 848, 849]","[284, 285, 398, 399, 400, 743, 744, 848, 849]","[743, 744, 398, 399, 400, 849, 848, 284, 285]",False,[],[],[],[],[],"[284, 285, 398, 399, 400, 743, 744, 848, 849]","[398, 399, 400, 848, 849]",0/6 successful match,False,,False,30,False,,0.7533333333333334,True,Good 2 Go ( Exxon ),Exxon
A Lovell ( 82431 ) Good 2 Go ( Exxon ),307-548-7246 1801 US 310,<U+2610><U+2610> S <U+2610>,Lovell,82431,Good 2 Go ( Exxon ),307-548-7246,2016,Lovell,WY,Exxon,,1801 US 310,Proper,,False,,False,US 310,,,,,[],[],[],[],[],[],"[398, 399, 400, 848, 849]","[284, 285, 398, 399, 400, 743, 744, 848, 849]","[743, 744, 398, 399, 400, 849, 848, 284, 285]",False,[],[],[],[],[],"[284, 285, 398, 399, 400, 743, 744, 848, 849]","[398, 399, 400, 848, 849]",0/6 successful match,False,,False,30,False,,0.7533333333333334,True,Good 2 Go ( Exxon ) AMBEST,Exxon
"Thermopolis , 82443 Shell Southside ( US Travel 14 ) Center",307-864-3108 167 US 20 S,MO,Thermopolis,82443,Shell Southside ( US Travel 14 ) Center,307-864-3108,2006,Thermopolis,WY,Shell,,167 US 20 S,Proper,,False,,False,US 20,,,,,[],[],[],[],[],"[104, 433, 575, 885]","[1, 13, 14, 29, 54, 55, 56, 57, 58, 60, 102, 118, 125, 127, 130, 134, 146, 149, 153, 175, 182, 187, 189, 191, 197, 225, 230, 238, 264, 265, 266, 286, 302, 317, 336, 379, 388, 389, 425, 454, 458, 463, 475, 487, 498, 499, 512, 530, 531, 532, 533, 534, 536, 573, 589, 596, 598, 601, 605, 617, 620, 624, 646, 653, 658, 660, 662, 668, 689, 694, 702, 724, 725, 745, 760, 775, 793, 829, 838, 839, 877, 901, 903, 905, 910, 923]","[1, 13, 14, 29, 54, 55, 56, 57, 58, 60, 102, 118, 125, 127, 130, 134, 146, 149, 153, 175, 182, 187, 189, 191, 197, 225, 230, 238, 264, 265, 266, 286, 302, 317, 336, 354, 379, 388, 389, 425, 454, 458, 463, 475, 487, 498, 499, 512, 530, 531, 532, 533, 534, 536, 573, 589, 596, 598, 601, 605, 617, 620, 624, 646, 653, 658, 660, 662, 668, 689, 694, 702, 724, 725, 745, 760, 775, 793, 809, 829, 838, 839, 877, 901, 903, 905, 910, 923]","[512, 1, 13, 14, 530, 531, 532, 533, 534, 536, 29, 54, 55, 56, 57, 58, 60, 573, 575, 589, 596, 598, 601, 605, 102, 104, 617, 620, 624, 118, 125, 127, 130, 134, 646, 653, 146, 658, 660, 149, 662, 153, 668, 175, 689, 694, 182, 187, 189, 702, 191, 197, 724, 725, 225, 230, 745, 238, 760, 775, 264, 265, 266, 793, 286, 809, 302, 317, 829, 838, 839, 336, 354, 877, 885, 379, 388, 389, 901, 903, 905, 910, 923, 425, 433, 454, 458, 463, 475, 487, 498, 499]",False,[],[],[],[],"[104, 433, 575, 885]","[1, 13, 14, 29, 54, 55, 56, 57, 58, 60, 102, 118, 125, 127, 130, 134, 146, 149, 153, 175, 182, 187, 189, 191, 197, 225, 230, 238, 264, 265, 266, 286, 302, 317, 336, 354, 379, 388, 389, 425, 454, 458, 463, 475, 487, 498, 499, 512, 530, 531, 532, 533, 534, 536, 573, 589, 596, 598, 601, 605, 617, 620, 624, 646, 653, 658, 660, 662, 668, 689, 694, 702, 724, 725, 745, 760, 775, 793, 809, 829, 838, 839, 877, 901, 903, 905, 910, 923]","[1, 13, 14, 29, 54, 55, 56, 57, 58, 60, 102, 118, 125, 127, 130, 134, 146, 149, 153, 175, 182, 187, 189, 191, 197, 225, 230, 238, 264, 265, 266, 286, 302, 317, 336, 379, 388, 389, 425, 454, 458, 463, 475, 487, 498, 499, 512, 530, 531, 532, 533, 534, 536, 573, 589, 596, 598, 601, 605, 617, 620, 624, 646, 653, 658, 660, 662, 668, 689, 694, 702, 724, 725, 745, 760, 775, 793, 829, 838, 839, 877, 901, 903, 905, 910, 923]",0/6 successful match,False,,False,31,False,,,,,
"C Thermopolis , 82443 Shell Southside Travel Center",307-864-3108 167 US 20 S,,Thermopolis,82443,Shell Southside Travel Center,307-864-3108,2007,Thermopolis,WY,Shell,,167 US 20 S,Proper,,False,,False,US 20,,,,,[],[],[],[],[],"[104, 433, 575, 885]","[1, 13, 14, 29, 54, 55, 56, 57, 58, 60, 102, 118, 125, 127, 130, 134, 146, 149, 153, 175, 182, 187, 189, 191, 197, 225, 230, 238, 264, 265, 266, 286, 302, 317, 336, 379, 388, 389, 425, 454, 458, 463, 475, 487, 498, 499, 512, 530, 531, 532, 533, 534, 536, 573, 589, 596, 598, 601, 605, 617, 620, 624, 646, 653, 658, 660, 662, 668, 689, 694, 702, 724, 725, 745, 760, 775, 793, 829, 838, 839, 877, 901, 903, 905, 910, 923]","[1, 13, 14, 29, 54, 55, 56, 57, 58, 60, 102, 118, 125, 127, 130, 134, 146, 149, 153, 175, 182, 187, 189, 191, 197, 225, 230, 238, 264, 265, 266, 286, 302, 317, 336, 354, 379, 388, 389, 425, 454, 458, 463, 475, 487, 498, 499, 512, 530, 531, 532, 533, 534, 536, 573, 589, 596, 598, 601, 605, 617, 620, 624, 646, 653, 658, 660, 662, 668, 689, 694, 702, 724, 725, 745, 760, 775, 793, 809, 829, 838, 839, 877, 901, 903, 905, 910, 923]","[512, 1, 13, 14, 530, 531, 532, 533, 534, 536, 29, 54, 55, 56, 57, 58, 60, 573, 575, 589, 596, 598, 601, 605, 102, 104, 617, 620, 624, 118, 125, 127, 130, 134, 646, 653, 146, 658, 660, 149, 662, 153, 668, 175, 689, 694, 182, 187, 189, 702, 191, 197, 724, 725, 225, 230, 745, 238, 760, 775, 264, 265, 266, 793, 286, 809, 302, 317, 829, 838, 839, 336, 354, 877, 885, 379, 388, 389, 901, 903, 905, 910, 923, 425, 433, 454, 458, 463, 475, 487, 498, 499]",False,[],[],[],[],"[104, 433, 575, 885]","[1, 13, 14, 29, 54, 55, 56, 57, 58, 60, 102, 118, 125, 127, 130, 134, 146, 149, 153, 175, 182, 187, 189, 191, 197, 225, 230, 238, 264, 265, 266, 286, 302, 317, 336, 354, 379, 388, 389, 425, 454, 458, 463, 475, 487, 498, 499, 512, 530, 531, 532, 533, 534, 536, 573, 589, 596, 598, 601, 605, 617, 620, 624, 646, 653, 658, 660, 662, 668, 689, 694, 702, 724, 725, 745, 760, 775, 793, 809, 829, 838, 839, 877, 901, 903, 905, 910, 923]","[1, 13, 14, 29, 54, 55, 56, 57, 58, 60, 102, 118, 125, 127, 130, 134, 146, 149, 153, 175, 182, 187, 189, 191, 197, 225, 230, 238, 264, 265, 266, 286, 302, 317, 336, 379, 388, 389, 425, 454, 458, 463, 475, 487, 498, 499, 512, 530, 531, 532, 533, 534, 536, 573, 589, 596, 598, 601, 605, 617, 620, 624, 646, 653, 658, 660, 662, 668, 689, 694, 702, 724, 725, 745, 760, 775, 793, 829, 838, 839, 877, 901, 903, 905, 910, 923]",0/6 successful match,False,,False,31,False,,1.0,True,Shell Southside ( US Travel 14 ) Center,Shell
"Thermopolis , 82443 Shell Southside Travel 14 ) Center",307-864-3108 167 US 20 S,<U+2610> S <U+2610>,Thermopolis,82443,Shell Southside Travel 14 ) Center,307-864-3108,2008,Thermopolis,WY,Shell,,167 US 20 S,Proper,,False,,False,US 20,,,,,[],[],[],[],[],"[104, 433, 575, 885]","[1, 13, 14, 29, 54, 55, 56, 57, 58, 60, 102, 118, 125, 127, 130, 134, 146, 149, 153, 175, 182, 187, 189, 191, 197, 225, 230, 238, 264, 265, 266, 286, 302, 317, 336, 379, 388, 389, 425, 454, 458, 463, 475, 487, 498, 499, 512, 530, 531, 532, 533, 534, 536, 573, 589, 596, 598, 601, 605, 617, 620, 624, 646, 653, 658, 660, 662, 668, 689, 694, 702, 724, 725, 745, 760, 775, 793, 829, 838, 839, 877, 901, 903, 905, 910, 923]","[1, 13, 14, 29, 54, 55, 56, 57, 58, 60, 102, 118, 125, 127, 130, 134, 146, 149, 153, 175, 182, 187, 189, 191, 197, 225, 230, 238, 264, 265, 266, 286, 302, 317, 336, 354, 379, 388, 389, 425, 454, 458, 463, 475, 487, 498, 499, 512, 530, 531, 532, 533, 534, 536, 573, 589, 596, 598, 601, 605, 617, 620, 624, 646, 653, 658, 660, 662, 668, 689, 694, 702, 724, 725, 745, 760, 775, 793, 809, 829, 838, 839, 877, 901, 903, 905, 910, 923]","[512, 1, 13, 14, 530, 531, 532, 533, 534, 536, 29, 54, 55, 56, 57, 58, 60, 573, 575, 589, 596, 598, 601, 605, 102, 104, 617, 620, 624, 118, 125, 127, 130, 134, 646, 653, 146, 658, 660, 149, 662, 153, 668, 175, 689, 694, 182, 187, 189, 702, 191, 197, 724, 725, 225, 230, 745, 238, 760, 775, 264, 265, 266, 793, 286, 809, 302, 317, 829, 838, 839, 336, 354, 877, 885, 379, 388, 389, 901, 903, 905, 910, 923, 425, 433, 454, 458, 463, 475, 487, 498, 499]",False,[],[],[],[],"[104, 433, 575, 885]","[1, 13, 14, 29, 54, 55, 56, 57, 58, 60, 102, 118, 125, 127, 130, 134, 146, 149, 153, 175, 182, 187, 189, 191, 197, 225, 230, 238, 264, 265, 266, 286, 302, 317, 336, 354, 379, 388, 389, 425, 454, 458, 463, 475, 487, 498, 499, 512, 530, 531, 532, 533, 534, 536, 573, 589, 596, 598, 601, 605, 617, 620, 624, 646, 653, 658, 660, 662, 668, 689, 694, 702, 724, 725, 745, 760, 775, 793, 809, 829, 838, 839, 877, 901, 903, 905, 910, 923]","[1, 13, 14, 29, 54, 55, 56, 57, 58, 60, 102, 118, 125, 127, 130, 134, 146, 149, 153, 175, 182, 187, 189, 191, 197, 225, 230, 238, 264, 265, 266, 286, 302, 317, 336, 379, 388, 389, 425, 454, 458, 463, 475, 487, 498, 499, 512, 530, 531, 532, 533, 534, 536, 573, 589, 596, 598, 601, 605, 617, 620, 624, 646, 653, 658, 660, 662, 668, 689, 694, 702, 724, 725, 745, 760, 775, 793, 829, 838, 839, 877, 901, 903, 905, 910, 923]",0/6 successful match,False,,False,31,False,,1.0,True,Shell Southside Travel Center,Shell
Thermopolis ( 82443 ) Southside Travel Center ( Exxon ),307-864-3108 167 US 20 S,<U+2610> S <U+2610>,Thermopolis,82443,Southside Travel Center ( Exxon ),307-864-3108,2014,Thermopolis,WY,Exxon,,167 US 20 S,Proper,,False,,False,US 20,,,,,[],[],[],[],[],"[104, 433, 575, 885]","[398, 399, 400, 848, 849]","[398, 399, 400, 848, 849]","[104, 398, 399, 400, 433, 848, 849, 885, 575]",False,[],[],[],[],"[104, 433, 575, 885]","[398, 399, 400, 848, 849]","[398, 399, 400, 848, 849]",0/6 successful match,False,,False,31,False,,0.972636815920398,False,Shell Southside Travel 14 ) Center,Shell
Thermopolis ( 82443 ) Southside Travel Center ( Exxon ),307-864-3108 167 US 20 S,S <U+25A1>,Thermopolis,82443,Southside Travel Center ( Exxon ),307-864-3108,2015,Thermopolis,WY,Exxon,,167 US 20 S,Proper,,False,,False,US 20,,,,,[],[],[],[],[],"[104, 433, 575, 885]","[398, 399, 400, 848, 849]","[398, 399, 400, 848, 849]","[104, 398, 399, 400, 433, 848, 849, 885, 575]",False,[],[],[],[],"[104, 433, 575, 885]","[398, 399, 400, 848, 849]","[398, 399, 400, 848, 849]",0/6 successful match,False,,False,31,False,,1.0,True,Southside Travel Center ( Exxon ),Exxon
Thermopolis ( 82443 ) Southside Travel Center ( Exxon ),307-864-3108 167 US 20 S,<U+2610> S D,Thermopolis,82443,Southside Travel Center ( Exxon ),307-864-3108,2016,Thermopolis,WY,Exxon,,167 US 20 S,Proper,,False,,False,US 20,,,,,[],[],[],[],[],"[104, 433, 575, 885]","[398, 399, 400, 848, 849]","[398, 399, 400, 848, 849]","[104, 398, 399, 400, 433, 848, 849, 885, 575]",False,[],[],[],[],"[104, 433, 575, 885]","[398, 399, 400, 848, 849]","[398, 399, 400, 848, 849]",0/6 successful match,False,,False,31,False,,1.0,True,Southside Travel Center ( Exxon ),Exxon
"D Casper ( West ) , 82604 Ghost Town Fuel Stop ( Conoco )",307-472-0200 US 20-26 ( 5 mi SW of I-25 Exit 189 ),24 HRS,Casper,82604,Ghost Town Fuel Stop ( Conoco ),307-472-0200,2006,Casper,WY,Conoco,( 5 mi SW of I-25 Exit 189 ),US 20-26,empty,,False,,False,US 20-26,,,,,[],[],[],[],[],"[84, 104, 433, 555, 575, 885]","[3, 27, 349, 406, 451, 489, 510, 804, 855, 898]","[3, 27, 349, 406, 451, 489, 510, 804, 855, 898]","[898, 3, 451, 804, 104, 489, 555, 433, 84, 885, 406, 855, 27, 349, 510, 575]",False,[],[],[],[],"[84, 104, 433, 555, 575, 885]","[3, 27, 349, 406, 451, 489, 510, 804, 855, 898]","[3, 27, 349, 406, 451, 489, 510, 804, 855, 898]",0/6 successful match,False,,False,32,False,,,,,
"Casper ( West ) , 82604 Ghost Town Fuel Stop ( Conoco )",307-472-0200 US 20-26 ( 5 mi SW of I-25 Exit 189 ),24 HRS M,Casper,82604,Ghost Town Fuel Stop ( Conoco ),307-472-0200,2007,Casper,WY,Conoco,( 5 mi SW of I-25 Exit 189 ),US 20-26,empty,,False,,False,US 20-26,,,,,[],[],[],[],[],"[84, 104, 433, 555, 575, 885]","[3, 27, 349, 406, 451, 489, 510, 804, 855, 898]","[3, 27, 349, 406, 451, 489, 510, 804, 855, 898]","[898, 3, 451, 804, 104, 489, 555, 433, 84, 885, 406, 855, 27, 349, 510, 575]",False,[],[],[],[],"[84, 104, 433, 555, 575, 885]","[3, 27, 349, 406, 451, 489, 510, 804, 855, 898]","[3, 27, 349, 406, 451, 489, 510, 804, 855, 898]",0/6 successful match,False,,False,32,False,,1.0,True,Ghost Town Fuel Stop ( Conoco ),Conoco
"D Casper ( West ) , 82604 Ghost Town Fuel Stop ( Conoco )",7 307-472-0200 US 20-26 ( 5 mi SW of I-25 Exit ),24 24,Casper,82604,Ghost Town Fuel Stop ( Conoco ),307-472-0200,2008,Casper,WY,Conoco,( 5 mi SW of I-25 Exit ),US 20-26,empty,,False,,False,US 20-26,,,,,[],[],[],[],[],"[84, 104, 433, 555, 575, 885]","[3, 27, 349, 406, 451, 489, 510, 804, 855, 898]","[3, 27, 349, 406, 451, 489, 510, 804, 855, 898]","[898, 3, 451, 804, 104, 489, 555, 433, 84, 885, 406, 855, 27, 349, 510, 575]",False,[],[],[],[],"[84, 104, 433, 555, 575, 885]","[3, 27, 349, 406, 451, 489, 510, 804, 855, 898]","[3, 27, 349, 406, 451, 489, 510, 804, 855, 898]",0/6 successful match,False,,False,32,False,,1.0,True,Ghost Town Fuel Stop ( Conoco ),Conoco
D Casper ( West ) ( 82604 ) Ghost Town Fuel Stop ( Conoco ),307-472-0200 US 20-26 ( 5 mi SW of I-25 Exit 189 ),) 24 L <U+2610>,Casper,82604,Ghost Town Fuel Stop ( Conoco ),307-472-0200,2014,Casper,WY,Conoco,( 5 mi SW of I-25 Exit 189 ),US 20-26,empty,,False,,False,US 20-26,,,,,[],[],[],[],[],"[84, 104, 433, 555, 575, 885]","[3, 27, 349, 406, 451, 489, 510, 804, 855, 898]","[3, 27, 349, 406, 451, 489, 510, 804, 855, 898]","[898, 3, 451, 804, 104, 489, 555, 433, 84, 885, 406, 855, 27, 349, 510, 575]",False,[],[],[],[],"[84, 104, 433, 555, 575, 885]","[3, 27, 349, 406, 451, 489, 510, 804, 855, 898]","[3, 27, 349, 406, 451, 489, 510, 804, 855, 898]",0/6 successful match,False,,False,32,False,,1.0,True,Ghost Town Fuel Stop ( Conoco ),Conoco
D Casper ( West ) ( 82604 ) Ghost Town Fuel Stop ( Conoco ),307-472-0200 US 20-26 ( 5 mi SW of I-25 Exit 189 ),NATSN L <U+2610>,Casper,82604,Ghost Town Fuel Stop ( Conoco ),307-472-0200,2015,Casper,WY,Conoco,( 5 mi SW of I-25 Exit 189 ),US 20-26,empty,,False,,False,US 20-26,,,,,[],[],[],[],[],"[84, 104, 433, 555, 575, 885]","[3, 27, 349, 406, 451, 489, 510, 804, 855, 898]","[3, 27, 349, 406, 451, 489, 510, 804, 855, 898]","[898, 3, 451, 804, 104, 489, 555, 433, 84, 885, 406, 855, 27, 349, 510, 575]",False,[],[],[],[],"[84, 104, 433, 555, 575, 885]","[3, 27, 349, 406, 451, 489, 510, 804, 855, 898]","[3, 27, 349, 406, 451, 489, 510, 804, 855, 898]",0/6 successful match,False,,False,32,False,,1.0,True,Ghost Town Fuel Stop ( Conoco ),Conoco
D Casper ( West ) ( 82604 ) Ghost Town Fuel Stop ( Conoco ),307-472-0200 US 20-26 ( 5 mi SW of I-25 Exit 189 ),24 R L <U+2610>,Casper,82604,Ghost Town Fuel Stop ( Conoco ),307-472-0200,2016,Casper,WY,Conoco,( 5 mi SW of I-25 Exit 189 ),US 20-26,empty,,False,,False,US 20-26,,,,,[],[],[],[],[],"[84, 104, 433, 555, 575, 885]","[3, 27, 349, 406, 451, 489, 510, 804, 855, 898]","[3, 27, 349, 406, 451, 489, 510, 804, 855, 898]","[898, 3, 451, 804, 104, 489, 555, 433, 84, 885, 406, 855, 27, 349, 510, 575]",False,[],[],[],[],"[84, 104, 433, 555, 575, 885]","[3, 27, 349, 406, 451, 489, 510, 804, 855, 898]","[3, 27, 349, 406, 451, 489, 510, 804, 855, 898]",0/6 successful match,False,,False,32,False,,1.0,True,Ghost Town Fuel Stop ( Conoco ),Conoco
"Evansville , 82609 Flying J Travel Plaza # 0500029",307-473-1750 I-25 Exit 185,# M,Evansville,82609,Flying J Travel Plaza # 0500029,307-473-1750,2006,Casper,WY,Flying J,,I-25 Exit 185,Exit,185,False,,False,I-25,,,,,[],[],[],"[70, 545]",[],"[108, 353, 430, 584, 808, 882]","[17, 18, 19, 20, 21, 22, 23, 156, 157, 158, 159, 160, 161, 162, 163, 164, 165, 166, 167, 341, 342, 343, 344, 345, 412, 413, 414, 415, 416, 417, 418, 419, 420, 421, 422, 502, 503, 504, 505, 506, 507, 628, 629, 630, 631, 632, 633, 634, 635, 636, 637, 638, 639, 792, 797, 798, 799, 800, 801, 863, 864, 865, 866, 867, 868, 869, 870, 871, 872, 873, 874]","[17, 18, 19, 20, 21, 22, 23, 156, 157, 158, 159, 160, 161, 162, 163, 164, 165, 166, 167, 168, 340, 341, 342, 343, 344, 345, 346, 412, 413, 414, 415, 416, 417, 418, 419, 420, 421, 422, 502, 503, 504, 505, 506, 507, 628, 629, 630, 631, 632, 633, 634, 635, 636, 637, 638, 639, 792, 796, 797, 798, 799, 800, 801, 863, 864, 865, 866, 867, 868, 869, 870, 871, 872, 873, 874]","[17, 18, 19, 20, 21, 22, 23, 545, 70, 584, 108, 628, 629, 630, 631, 632, 633, 634, 635, 636, 637, 638, 639, 156, 157, 158, 159, 160, 161, 162, 163, 164, 165, 166, 167, 168, 792, 796, 797, 798, 799, 800, 801, 808, 340, 341, 342, 343, 344, 345, 346, 863, 864, 353, 865, 866, 867, 868, 869, 870, 871, 872, 873, 874, 882, 412, 413, 414, 415, 416, 417, 418, 419, 420, 421, 422, 430, 502, 503, 504, 505, 506, 507]",False,[],[],[],"[70, 545]","[108, 353, 430, 584, 808, 882]","[17, 18, 19, 20, 21, 22, 23, 156, 157, 158, 159, 160, 161, 162, 163, 164, 165, 166, 167, 168, 340, 341, 342, 343, 344, 345, 346, 412, 413, 414, 415, 416, 417, 418, 419, 420, 421, 422, 502, 503, 504, 505, 506, 507, 628, 629, 630, 631, 632, 633, 634, 635, 636, 637, 638, 639, 792, 796, 797, 798, 799, 800, 801, 863, 864, 865, 866, 867, 868, 869, 870, 871, 872, 873, 874]","[17, 18, 19, 20, 21, 22, 23, 156, 157, 158, 159, 160, 161, 162, 163, 164, 165, 166, 167, 341, 342, 343, 344, 345, 412, 413, 414, 415, 416, 417, 418, 419, 420, 421, 422, 502, 503, 504, 505, 506, 507, 628, 629, 630, 631, 632, 633, 634, 635, 636, 637, 638, 639, 792, 797, 798, 799, 800, 801, 863, 864, 865, 866, 867, 868, 869, 870, 871, 872, 873, 874]",0/6 successful match,False,,False,33,False,,,,,
"Evansville , 82609 Flying J Travel Plaza # 0500029",307-473-1750 I-25 Exit 185,24 481 000,Evansville,82609,Flying J Travel Plaza # 0500029,307-473-1750,2007,Casper,WY,Flying J,,I-25 Exit 185,Exit,185,False,,False,I-25,,,,,[],[],[],"[70, 545]",[],"[108, 353, 430, 584, 808, 882]","[17, 18, 19, 20, 21, 22, 23, 156, 157, 158, 159, 160, 161, 162, 163, 164, 165, 166, 167, 341, 342, 343, 344, 345, 412, 413, 414, 415, 416, 417, 418, 419, 420, 421, 422, 502, 503, 504, 505, 506, 507, 628, 629, 630, 631, 632, 633, 634, 635, 636, 637, 638, 639, 792, 797, 798, 799, 800, 801, 863, 864, 865, 866, 867, 868, 869, 870, 871, 872, 873, 874]","[17, 18, 19, 20, 21, 22, 23, 156, 157, 158, 159, 160, 161, 162, 163, 164, 165, 166, 167, 168, 340, 341, 342, 343, 344, 345, 346, 412, 413, 414, 415, 416, 417, 418, 419, 420, 421, 422, 502, 503, 504, 505, 506, 507, 628, 629, 630, 631, 632, 633, 634, 635, 636, 637, 638, 639, 792, 796, 797, 798, 799, 800, 801, 863, 864, 865, 866, 867, 868, 869, 870, 871, 872, 873, 874]","[17, 18, 19, 20, 21, 22, 23, 545, 70, 584, 108, 628, 629, 630, 631, 632, 633, 634, 635, 636, 637, 638, 639, 156, 157, 158, 159, 160, 161, 162, 163, 164, 165, 166, 167, 168, 792, 796, 797, 798, 799, 800, 801, 808, 340, 341, 342, 343, 344, 345, 346, 863, 864, 353, 865, 866, 867, 868, 869, 870, 871, 872, 873, 874, 882, 412, 413, 414, 415, 416, 417, 418, 419, 420, 421, 422, 430, 502, 503, 504, 505, 506, 507]",False,[],[],[],"[70, 545]","[108, 353, 430, 584, 808, 882]","[17, 18, 19, 20, 21, 22, 23, 156, 157, 158, 159, 160, 161, 162, 163, 164, 165, 166, 167, 168, 340, 341, 342, 343, 344, 345, 346, 412, 413, 414, 415, 416, 417, 418, 419, 420, 421, 422, 502, 503, 504, 505, 506, 507, 628, 629, 630, 631, 632, 633, 634, 635, 636, 637, 638, 639, 792, 796, 797, 798, 799, 800, 801, 863, 864, 865, 866, 867, 868, 869, 870, 871, 872, 873, 874]","[17, 18, 19, 20, 21, 22, 23, 156, 157, 158, 159, 160, 161, 162, 163, 164, 165, 166, 167, 341, 342, 343, 344, 345, 412, 413, 414, 415, 416, 417, 418, 419, 420, 421, 422, 502, 503, 504, 505, 506, 507, 628, 629, 630, 631, 632, 633, 634, 635, 636, 637, 638, 639, 792, 797, 798, 799, 800, 801, 863, 864, 865, 866, 867, 868, 869, 870, 871, 872, 873, 874]",0/6 successful match,False,,False,33,False,,1.0,True,Flying J Travel Plaza # 0500029,Flying J
"Evansville , 82609 Flying J Travel Plaza #",307-473-1750 I-25 Exit 185 0500029,HRS 24 DOMO 24 HRS O,Evansville,82609,Flying J Travel Plaza #,307-473-1750,2008,Casper,WY,Flying J,,I-25 Exit 185 0500029,Exit,185,False,,False,I-25,,,,,[],[],[],"[70, 545]",[],"[108, 353, 430, 584, 808, 882]","[17, 18, 19, 20, 21, 22, 23, 156, 157, 158, 159, 160, 161, 162, 163, 164, 165, 166, 167, 341, 342, 343, 344, 345, 412, 413, 414, 415, 416, 417, 418, 419, 420, 421, 422, 502, 503, 504, 505, 506, 507, 628, 629, 630, 631, 632, 633, 634, 635, 636, 637, 638, 639, 792, 797, 798, 799, 800, 801, 863, 864, 865, 866, 867, 868, 869, 870, 871, 872, 873, 874]","[17, 18, 19, 20, 21, 22, 23, 156, 157, 158, 159, 160, 161, 162, 163, 164, 165, 166, 167, 168, 340, 341, 342, 343, 344, 345, 346, 412, 413, 414, 415, 416, 417, 418, 419, 420, 421, 422, 502, 503, 504, 505, 506, 507, 628, 629, 630, 631, 632, 633, 634, 635, 636, 637, 638, 639, 792, 796, 797, 798, 799, 800, 801, 863, 864, 865, 866, 867, 868, 869, 870, 871, 872, 873, 874]","[17, 18, 19, 20, 21, 22, 23, 545, 70, 584, 108, 628, 629, 630, 631, 632, 633, 634, 635, 636, 637, 638, 639, 156, 157, 158, 159, 160, 161, 162, 163, 164, 165, 166, 167, 168, 792, 796, 797, 798, 799, 800, 801, 808, 340, 341, 342, 343, 344, 345, 346, 863, 864, 353, 865, 866, 867, 868, 869, 870, 871, 872, 873, 874, 882, 412, 413, 414, 415, 416, 417, 418, 419, 420, 421, 422, 430, 502, 503, 504, 505, 506, 507]",False,[],[],[],"[70, 545]","[108, 353, 430, 584, 808, 882]","[17, 18, 19, 20, 21, 22, 23, 156, 157, 158, 159, 160, 161, 162, 163, 164, 165, 166, 167, 168, 340, 341, 342, 343, 344, 345, 346, 412, 413, 414, 415, 416, 417, 418, 419, 420, 421, 422, 502, 503, 504, 505, 506, 507, 628, 629, 630, 631, 632, 633, 634, 635, 636, 637, 638, 639, 792, 796, 797, 798, 799, 800, 801, 863, 864, 865, 866, 867, 868, 869, 870, 871, 872, 873, 874]","[17, 18, 19, 20, 21, 22, 23, 156, 157, 158, 159, 160, 161, 162, 163, 164, 165, 166, 167, 341, 342, 343, 344, 345, 412, 413, 414, 415, 416, 417, 418, 419, 420, 421, 422, 502, 503, 504, 505, 506, 507, 628, 629, 630, 631, 632, 633, 634, 635, 636, 637, 638, 639, 792, 797, 798, 799, 800, 801, 863, 864, 865, 866, 867, 868, 869, 870, 871, 872, 873, 874]",0/6 successful match,False,,False,33,False,,0.6555555555555556,True,Flying J Travel Plaza # 0500029,Flying J
Evansville ( 82609 ) Flying J Travel Plaza # 758 ( Conoco ),307-473-1750 I-25 Exit 185,) 24 22 DOMO,Evansville,82609,Flying J Travel Plaza # 758 ( Conoco ),307-473-1750,2014,Casper,WY,Flying J,,I-25 Exit 185,Exit,185,False,,False,I-25,,,,,[],[],[],"[70, 545]",[],"[108, 353, 430, 584, 808, 882]","[17, 18, 19, 20, 21, 22, 23, 156, 157, 158, 159, 160, 161, 162, 163, 164, 165, 166, 167, 341, 342, 343, 344, 345, 412, 413, 414, 415, 416, 417, 418, 419, 420, 421, 422, 502, 503, 504, 505, 506, 507, 628, 629, 630, 631, 632, 633, 634, 635, 636, 637, 638, 639, 792, 797, 798, 799, 800, 801, 863, 864, 865, 866, 867, 868, 869, 870, 871, 872, 873, 874]","[3, 17, 18, 19, 20, 21, 22, 23, 27, 156, 157, 158, 159, 160, 161, 162, 163, 164, 165, 166, 167, 168, 340, 341, 342, 343, 344, 345, 346, 349, 406, 412, 413, 414, 415, 416, 417, 418, 419, 420, 421, 422, 451, 489, 502, 503, 504, 505, 506, 507, 510, 628, 629, 630, 631, 632, 633, 634, 635, 636, 637, 638, 639, 792, 796, 797, 798, 799, 800, 801, 804, 855, 863, 864, 865, 866, 867, 868, 869, 870, 871, 872, 873, 874, 898]","[3, 17, 18, 19, 20, 21, 22, 23, 27, 545, 70, 584, 108, 628, 629, 630, 631, 632, 633, 634, 635, 636, 637, 638, 639, 156, 157, 158, 159, 160, 161, 162, 163, 164, 165, 166, 167, 168, 792, 796, 797, 798, 799, 800, 801, 804, 808, 340, 341, 342, 343, 344, 345, 346, 855, 349, 863, 864, 353, 865, 866, 867, 868, 869, 870, 871, 872, 873, 874, 882, 898, 406, 412, 413, 414, 415, 416, 417, 418, 419, 420, 421, 422, 430, 451, 489, 502, 503, 504, 505, 506, 507, 510]",False,[],[],[],"[70, 545]","[108, 353, 430, 584, 808, 882]","[3, 17, 18, 19, 20, 21, 22, 23, 27, 156, 157, 158, 159, 160, 161, 162, 163, 164, 165, 166, 167, 168, 340, 341, 342, 343, 344, 345, 346, 349, 406, 412, 413, 414, 415, 416, 417, 418, 419, 420, 421, 422, 451, 489, 502, 503, 504, 505, 506, 507, 510, 628, 629, 630, 631, 632, 633, 634, 635, 636, 637, 638, 639, 792, 796, 797, 798, 799, 800, 801, 804, 855, 863, 864, 865, 866, 867, 868, 869, 870, 871, 872, 873, 874, 898]","[17, 18, 19, 20, 21, 22, 23, 156, 157, 158, 159, 160, 161, 162, 163, 164, 165, 166, 167, 341, 342, 343, 344, 345, 412, 413, 414, 415, 416, 417, 418, 419, 420, 421, 422, 502, 503, 504, 505, 506, 507, 628, 629, 630, 631, 632, 633, 634, 635, 636, 637, 638, 639, 792, 797, 798, 799, 800, 801, 863, 864, 865, 866, 867, 868, 869, 870, 871, 872, 873, 874]",0/6 successful match,False,,False,33,False,,0.5595628415300546,True,Flying J Travel Plaza #,Flying J
D Evansville ( 82609 ) Flying J Travel Plaza # 758 ( Conoco ),307-473-1750 I-25 Exit 185,FLYING J 24 M,Evansville,82609,Flying J Travel Plaza # 758 ( Conoco ),307-473-1750,2015,Casper,WY,Flying J,,I-25 Exit 185,Exit,185,False,,False,I-25,,,,,[],[],[],"[70, 545]",[],"[108, 353, 430, 584, 808, 882]","[17, 18, 19, 20, 21, 22, 23, 156, 157, 158, 159, 160, 161, 162, 163, 164, 165, 166, 167, 341, 342, 343, 344, 345, 412, 413, 414, 415, 416, 417, 418, 419, 420, 421, 422, 502, 503, 504, 505, 506, 507, 628, 629, 630, 631, 632, 633, 634, 635, 636, 637, 638, 639, 792, 797, 798, 799, 800, 801, 863, 864, 865, 866, 867, 868, 869, 870, 871, 872, 873, 874]","[3, 17, 18, 19, 20, 21, 22, 23, 27, 156, 157, 158, 159, 160, 161, 162, 163, 164, 165, 166, 167, 168, 340, 341, 342, 343, 344, 345, 346, 349, 406, 412, 413, 414, 415, 416, 417, 418, 419, 420, 421, 422, 451, 489, 502, 503, 504, 505, 506, 507, 510, 628, 629, 630, 631, 632, 633, 634, 635, 636, 637, 638, 639, 792, 796, 797, 798, 799, 800, 801, 804, 855, 863, 864, 865, 866, 867, 868, 869, 870, 871, 872, 873, 874, 898]","[3, 17, 18, 19, 20, 21, 22, 23, 27, 545, 70, 584, 108, 628, 629, 630, 631, 632, 633, 634, 635, 636, 637, 638, 639, 156, 157, 158, 159, 160, 161, 162, 163, 164, 165, 166, 167, 168, 792, 796, 797, 798, 799, 800, 801, 804, 808, 340, 341, 342, 343, 344, 345, 346, 855, 349, 863, 864, 353, 865, 866, 867, 868, 869, 870, 871, 872, 873, 874, 882, 898, 406, 412, 413, 414, 415, 416, 417, 418, 419, 420, 421, 422, 430, 451, 489, 502, 503, 504, 505, 506, 507, 510]",False,[],[],[],"[70, 545]","[108, 353, 430, 584, 808, 882]","[3, 17, 18, 19, 20, 21, 22, 23, 27, 156, 157, 158, 159, 160, 161, 162, 163, 164, 165, 166, 167, 168, 340, 341, 342, 343, 344, 345, 346, 349, 406, 412, 413, 414, 415, 416, 417, 418, 419, 420, 421, 422, 451, 489, 502, 503, 504, 505, 506, 507, 510, 628, 629, 630, 631, 632, 633, 634, 635, 636, 637, 638, 639, 792, 796, 797, 798, 799, 800, 801, 804, 855, 863, 864, 865, 866, 867, 868, 869, 870, 871, 872, 873, 874, 898]","[17, 18, 19, 20, 21, 22, 23, 156, 157, 158, 159, 160, 161, 162, 163, 164, 165, 166, 167, 341, 342, 343, 344, 345, 412, 413, 414, 415, 416, 417, 418, 419, 420, 421, 422, 502, 503, 504, 505, 506, 507, 628, 629, 630, 631, 632, 633, 634, 635, 636, 637, 638, 639, 792, 797, 798, 799, 800, 801, 863, 864, 865, 866, 867, 868, 869, 870, 871, 872, 873, 874]",0/6 successful match,False,,False,33,False,,1.0,True,Flying J Travel Plaza # 758 ( Conoco ),Flying J
Evansville ( 82609 ) Flying J Travel Plaza # 758 ( FLYING J,307-473-1750 I-25 Exit 185,J 24 M,Evansville,82609,Flying J Travel Plaza # 758 ( FLYING J,307-473-1750,2016,Casper,WY,Flying J,,I-25 Exit 185,Exit,185,False,,False,I-25,,,,,[],[],[],"[70, 545]",[],"[108, 353, 430, 584, 808, 882]","[17, 18, 19, 20, 21, 22, 23, 156, 157, 158, 159, 160, 161, 162, 163, 164, 165, 166, 167, 341, 342, 343, 344, 345, 412, 413, 414, 415, 416, 417, 418, 419, 420, 421, 422, 502, 503, 504, 505, 506, 507, 628, 629, 630, 631, 632, 633, 634, 635, 636, 637, 638, 639, 792, 797, 798, 799, 800, 801, 863, 864, 865, 866, 867, 868, 869, 870, 871, 872, 873, 874]","[17, 18, 19, 20, 21, 22, 23, 156, 157, 158, 159, 160, 161, 162, 163, 164, 165, 166, 167, 168, 340, 341, 342, 343, 344, 345, 346, 412, 413, 414, 415, 416, 417, 418, 419, 420, 421, 422, 502, 503, 504, 505, 506, 507, 628, 629, 630, 631, 632, 633, 634, 635, 636, 637, 638, 639, 792, 796, 797, 798, 799, 800, 801, 863, 864, 865, 866, 867, 868, 869, 870, 871, 872, 873, 874]","[17, 18, 19, 20, 21, 22, 23, 545, 70, 584, 108, 628, 629, 630, 631, 632, 633, 634, 635, 636, 637, 638, 639, 156, 157, 158, 159, 160, 161, 162, 163, 164, 165, 166, 167, 168, 792, 796, 797, 798, 799, 800, 801, 808, 340, 341, 342, 343, 344, 345, 346, 863, 864, 353, 865, 866, 867, 868, 869, 870, 871, 872, 873, 874, 882, 412, 413, 414, 415, 416, 417, 418, 419, 420, 421, 422, 430, 502, 503, 504, 505, 506, 507]",False,[],[],[],"[70, 545]","[108, 353, 430, 584, 808, 882]","[17, 18, 19, 20, 21, 22, 23, 156, 157, 158, 159, 160, 161, 162, 163, 164, 165, 166, 167, 168, 340, 341, 342, 343, 344, 345, 346, 412, 413, 414, 415, 416, 417, 418, 419, 420, 421, 422, 502, 503, 504, 505, 506, 507, 628, 629, 630, 631, 632, 633, 634, 635, 636, 637, 638, 639, 792, 796, 797, 798, 799, 800, 801, 863, 864, 865, 866, 867, 868, 869, 870, 871, 872, 873, 874]","[17, 18, 19, 20, 21, 22, 23, 156, 157, 158, 159, 160, 161, 162, 163, 164, 165, 166, 167, 341, 342, 343, 344, 345, 412, 413, 414, 415, 416, 417, 418, 419, 420, 421, 422, 502, 503, 504, 505, 506, 507, 628, 629, 630, 631, 632, 633, 634, 635, 636, 637, 638, 639, 792, 797, 798, 799, 800, 801, 863, 864, 865, 866, 867, 868, 869, 870, 871, 872, 873, 874]",0/6 successful match,False,,False,33,False,,1.0,True,Flying J Travel Plaza # 758 ( Conoco ),Flying J
"Orin , 82633 Orin Junction Truck Stop ( Sinclair )",307-358-2870 I-25 Exit 126 ( US 18-20 ),HRS 24 MOO M,Orin,82633,Orin Junction Truck Stop ( Sinclair ),307-358-2870,2006,Douglas,WY,Sinclair,( US 18-20 ),I-25 Exit 126 ,Exit,126,False,,False,I-25,,,,,[],[],[],"[282, 741]",[],"[108, 353, 430, 584, 808, 882]","[31, 142, 147, 180, 338, 352, 367, 387, 403, 405, 408, 410, 455, 465, 466, 468, 470, 472, 473, 483, 484, 514, 613, 618, 651, 794, 807, 837, 852, 854, 858, 861, 902, 912, 913, 915, 917, 919, 920, 931, 934, 935]","[31, 142, 147, 179, 180, 338, 352, 353, 367, 387, 403, 405, 408, 410, 455, 465, 466, 468, 470, 472, 473, 483, 484, 514, 613, 618, 650, 651, 794, 807, 808, 837, 852, 854, 858, 861, 902, 912, 913, 915, 917, 919, 920, 931, 934, 935]","[514, 387, 902, 650, 651, 142, 912, 913, 147, 403, 405, 915, 917, 408, 919, 282, 410, 794, 920, 31, 931, 934, 807, 808, 935, 430, 179, 180, 837, 455, 584, 465, 338, 466, 468, 852, 470, 854, 472, 473, 858, 861, 352, 353, 483, 484, 741, 613, 618, 108, 367, 882]",False,[],[],[],"[282, 741]","[108, 353, 430, 584, 808, 882]","[31, 142, 147, 179, 180, 338, 352, 353, 367, 387, 403, 405, 408, 410, 455, 465, 466, 468, 470, 472, 473, 483, 484, 514, 613, 618, 650, 651, 794, 807, 808, 837, 852, 854, 858, 861, 902, 912, 913, 915, 917, 919, 920, 931, 934, 935]","[31, 142, 147, 180, 338, 352, 367, 387, 403, 405, 408, 410, 455, 465, 466, 468, 470, 472, 473, 483, 484, 514, 613, 618, 651, 794, 807, 837, 852, 854, 858, 861, 902, 912, 913, 915, 917, 919, 920, 931, 934, 935]",0/6 successful match,False,,False,34,False,,,,,
"Orin , 82633 Orin Junction Truck Stop ( Sinclair )",307-358-2870 I-25 Exit 126 ( US 18-20 ),M <U+2610>,Orin,82633,Orin Junction Truck Stop ( Sinclair ),307-358-2870,2007,Douglas,WY,Sinclair,( US 18-20 ),I-25 Exit 126 ,Exit,126,False,,False,I-25,,,,,[],[],[],"[282, 741]",[],"[108, 353, 430, 584, 808, 882]","[31, 142, 147, 180, 338, 352, 367, 387, 403, 405, 408, 410, 455, 465, 466, 468, 470, 472, 473, 483, 484, 514, 613, 618, 651, 794, 807, 837, 852, 854, 858, 861, 902, 912, 913, 915, 917, 919, 920, 931, 934, 935]","[31, 142, 147, 179, 180, 338, 352, 353, 367, 387, 403, 405, 408, 410, 455, 465, 466, 468, 470, 472, 473, 483, 484, 514, 613, 618, 650, 651, 794, 807, 808, 837, 852, 854, 858, 861, 902, 912, 913, 915, 917, 919, 920, 931, 934, 935]","[514, 387, 902, 650, 651, 142, 912, 913, 147, 403, 405, 915, 917, 408, 919, 282, 410, 794, 920, 31, 931, 934, 807, 808, 935, 430, 179, 180, 837, 455, 584, 465, 338, 466, 468, 852, 470, 854, 472, 473, 858, 861, 352, 353, 483, 484, 741, 613, 618, 108, 367, 882]",False,[],[],[],"[282, 741]","[108, 353, 430, 584, 808, 882]","[31, 142, 147, 179, 180, 338, 352, 353, 367, 387, 403, 405, 408, 410, 455, 465, 466, 468, 470, 472, 473, 483, 484, 514, 613, 618, 650, 651, 794, 807, 808, 837, 852, 854, 858, 861, 902, 912, 913, 915, 917, 919, 920, 931, 934, 935]","[31, 142, 147, 180, 338, 352, 367, 387, 403, 405, 408, 410, 455, 465, 466, 468, 470, 472, 473, 483, 484, 514, 613, 618, 651, 794, 807, 837, 852, 854, 858, 861, 902, 912, 913, 915, 917, 919, 920, 931, 934, 935]",0/6 successful match,False,,False,34,False,,1.0,True,Orin Junction Truck Stop ( Sinclair ),Sinclair
"Orin , 82633 Orin Junction Truck Stop ( Sinclair )",8 307-358-2870 I-25 Exit 126 ( US 18-20 ),M,Orin,82633,Orin Junction Truck Stop ( Sinclair ),307-358-2870,2008,Douglas,WY,Sinclair,( US 18-20 ),I-25 Exit 126 ,Exit,126,False,,False,I-25,,,,,[],[],[],"[282, 741]",[],"[108, 353, 430, 584, 808, 882]","[31, 142, 147, 180, 338, 352, 367, 387, 403, 405, 408, 410, 455, 465, 466, 468, 470, 472, 473, 483, 484, 514, 613, 618, 651, 794, 807, 837, 852, 854, 858, 861, 902, 912, 913, 915, 917, 919, 920, 931, 934, 935]","[31, 142, 147, 179, 180, 338, 352, 353, 367, 387, 403, 405, 408, 410, 455, 465, 466, 468, 470, 472, 473, 483, 484, 514, 613, 618, 650, 651, 794, 807, 808, 837, 852, 854, 858, 861, 902, 912, 913, 915, 917, 919, 920, 931, 934, 935]","[514, 387, 902, 650, 651, 142, 912, 913, 147, 403, 405, 915, 917, 408, 919, 282, 410, 794, 920, 31, 931, 934, 807, 808, 935, 430, 179, 180, 837, 455, 584, 465, 338, 466, 468, 852, 470, 854, 472, 473, 858, 861, 352, 353, 483, 484, 741, 613, 618, 108, 367, 882]",False,[],[],[],"[282, 741]","[108, 353, 430, 584, 808, 882]","[31, 142, 147, 179, 180, 338, 352, 353, 367, 387, 403, 405, 408, 410, 455, 465, 466, 468, 470, 472, 473, 483, 484, 514, 613, 618, 650, 651, 794, 807, 808, 837, 852, 854, 858, 861, 902, 912, 913, 915, 917, 919, 920, 931, 934, 935]","[31, 142, 147, 180, 338, 352, 367, 387, 403, 405, 408, 410, 455, 465, 466, 468, 470, 472, 473, 483, 484, 514, 613, 618, 651, 794, 807, 837, 852, 854, 858, 861, 902, 912, 913, 915, 917, 919, 920, 931, 934, 935]",0/6 successful match,False,,False,34,False,,1.0,True,Orin Junction Truck Stop ( Sinclair ),Sinclair
Orin ( 82633 ) Orin Junction Truck Stop ( Sinclair ),8 307-358-2870 I-25 Exit 126 ( US 18-20 ),MO <U+2610><U+2610> <U+2610>,Orin,82633,Orin Junction Truck Stop ( Sinclair ),307-358-2870,2014,Douglas,WY,Sinclair,( US 18-20 ),I-25 Exit 126 ,Exit,126,False,,False,I-25,,,,,[],[],[],"[282, 741]",[],"[108, 353, 430, 584, 808, 882]","[31, 142, 147, 180, 338, 352, 367, 387, 403, 405, 408, 410, 455, 465, 466, 468, 470, 472, 473, 483, 484, 514, 613, 618, 651, 794, 807, 837, 852, 854, 858, 861, 902, 912, 913, 915, 917, 919, 920, 931, 934, 935]","[31, 142, 147, 179, 180, 338, 352, 353, 367, 387, 403, 405, 408, 410, 455, 465, 466, 468, 470, 472, 473, 483, 484, 514, 613, 618, 650, 651, 794, 807, 808, 837, 852, 854, 858, 861, 902, 912, 913, 915, 917, 919, 920, 931, 934, 935]","[514, 387, 902, 650, 651, 142, 912, 913, 147, 403, 405, 915, 917, 408, 919, 282, 410, 794, 920, 31, 931, 934, 807, 808, 935, 430, 179, 180, 837, 455, 584, 465, 338, 466, 468, 852, 470, 854, 472, 473, 858, 861, 352, 353, 483, 484, 741, 613, 618, 108, 367, 882]",False,[],[],[],"[282, 741]","[108, 353, 430, 584, 808, 882]","[31, 142, 147, 179, 180, 338, 352, 353, 367, 387, 403, 405, 408, 410, 455, 465, 466, 468, 470, 472, 473, 483, 484, 514, 613, 618, 650, 651, 794, 807, 808, 837, 852, 854, 858, 861, 902, 912, 913, 915, 917, 919, 920, 931, 934, 935]","[31, 142, 147, 180, 338, 352, 367, 387, 403, 405, 408, 410, 455, 465, 466, 468, 470, 472, 473, 483, 484, 514, 613, 618, 651, 794, 807, 837, 852, 854, 858, 861, 902, 912, 913, 915, 917, 919, 920, 931, 934, 935]",0/6 successful match,False,,False,34,False,,1.0,True,Orin Junction Truck Stop ( Sinclair ),Sinclair
Orin ( 82633 ) Orin Junction Truck Stop ) ( Sinclair ),307-358-2870 I-25 Exit 126 ( US 18-20 ),MO <U+2610><U+2610> <U+25A1>,Orin,82633,Orin Junction Truck Stop ) ( Sinclair ),307-358-2870,2015,Douglas,WY,Sinclair,( US 18-20 ),I-25 Exit 126 ,Exit,126,False,,False,I-25,,,,,[],[],[],"[282, 741]",[],"[108, 353, 430, 584, 808, 882]","[31, 142, 147, 180, 338, 352, 367, 387, 403, 405, 408, 410, 455, 465, 466, 468, 470, 472, 473, 483, 484, 514, 613, 618, 651, 794, 807, 837, 852, 854, 858, 861, 902, 912, 913, 915, 917, 919, 920, 931, 934, 935]","[31, 142, 147, 179, 180, 338, 352, 353, 367, 387, 403, 405, 408, 410, 455, 465, 466, 468, 470, 472, 473, 483, 484, 514, 613, 618, 650, 651, 794, 807, 808, 837, 852, 854, 858, 861, 902, 912, 913, 915, 917, 919, 920, 931, 934, 935]","[514, 387, 902, 650, 651, 142, 912, 913, 147, 403, 405, 915, 917, 408, 919, 282, 410, 794, 920, 31, 931, 934, 807, 808, 935, 430, 179, 180, 837, 455, 584, 465, 338, 466, 468, 852, 470, 854, 472, 473, 858, 861, 352, 353, 483, 484, 741, 613, 618, 108, 367, 882]",False,[],[],[],"[282, 741]","[108, 353, 430, 584, 808, 882]","[31, 142, 147, 179, 180, 338, 352, 353, 367, 387, 403, 405, 408, 410, 455, 465, 466, 468, 470, 472, 473, 483, 484, 514, 613, 618, 650, 651, 794, 807, 808, 837, 852, 854, 858, 861, 902, 912, 913, 915, 917, 919, 920, 931, 934, 935]","[31, 142, 147, 180, 338, 352, 367, 387, 403, 405, 408, 410, 455, 465, 466, 468, 470, 472, 473, 483, 484, 514, 613, 618, 651, 794, 807, 837, 852, 854, 858, 861, 902, 912, 913, 915, 917, 919, 920, 931, 934, 935]",0/6 successful match,False,,False,34,False,,1.0,True,Orin Junction Truck Stop ( Sinclair ),Sinclair
Orin ( 82633 ) Orin Junction Truck Stop ( Sinclair ),8 307-358-2870 I-25 Exit 126 ( US 18-20 ),<U+2610> MO <U+25A1>,Orin,82633,Orin Junction Truck Stop ( Sinclair ),307-358-2870,2016,Douglas,WY,Sinclair,( US 18-20 ),I-25 Exit 126 ,Exit,126,False,,False,I-25,,,,,[],[],[],"[282, 741]",[],"[108, 353, 430, 584, 808, 882]","[31, 142, 147, 180, 338, 352, 367, 387, 403, 405, 408, 410, 455, 465, 466, 468, 470, 472, 473, 483, 484, 514, 613, 618, 651, 794, 807, 837, 852, 854, 858, 861, 902, 912, 913, 915, 917, 919, 920, 931, 934, 935]","[31, 142, 147, 179, 180, 338, 352, 353, 367, 387, 403, 405, 408, 410, 455, 465, 466, 468, 470, 472, 473, 483, 484, 514, 613, 618, 650, 651, 794, 807, 808, 837, 852, 854, 858, 861, 902, 912, 913, 915, 917, 919, 920, 931, 934, 935]","[514, 387, 902, 650, 651, 142, 912, 913, 147, 403, 405, 915, 917, 408, 919, 282, 410, 794, 920, 31, 931, 934, 807, 808, 935, 430, 179, 180, 837, 455, 584, 465, 338, 466, 468, 852, 470, 854, 472, 473, 858, 861, 352, 353, 483, 484, 741, 613, 618, 108, 367, 882]",False,[],[],[],"[282, 741]","[108, 353, 430, 584, 808, 882]","[31, 142, 147, 179, 180, 338, 352, 353, 367, 387, 403, 405, 408, 410, 455, 465, 466, 468, 470, 472, 473, 483, 484, 514, 613, 618, 650, 651, 794, 807, 808, 837, 852, 854, 858, 861, 902, 912, 913, 915, 917, 919, 920, 931, 934, 935]","[31, 142, 147, 180, 338, 352, 367, 387, 403, 405, 408, 410, 455, 465, 466, 468, 470, 472, 473, 483, 484, 514, 613, 618, 651, 794, 807, 837, 852, 854, 858, 861, 902, 912, 913, 915, 917, 919, 920, 931, 934, 935]",0/6 successful match,False,,False,34,False,,1.0,True,Orin Junction Truck Stop ) ( Sinclair ),Sinclair
"Douglas , 82633 Broken Wheel Truck Stop ( Sinclair )",8 307-358-4444 I-25 Exit 135,24 L,Douglas,82633,Broken Wheel Truck Stop ( Sinclair ),307-358-4444,2006,Douglas,WY,Sinclair,,I-25 Exit 135,Exit,135,False,,False,I-25,,,,,[],[],[],"[46, 457, 526]",[],"[108, 353, 430, 584, 808, 882]","[31, 142, 147, 180, 338, 352, 367, 387, 403, 405, 408, 410, 455, 465, 466, 468, 470, 472, 473, 483, 484, 514, 613, 618, 651, 794, 807, 837, 852, 854, 858, 861, 902, 912, 913, 915, 917, 919, 920, 931, 934, 935]","[31, 106, 142, 147, 180, 338, 352, 367, 387, 403, 405, 408, 410, 455, 465, 466, 468, 470, 472, 473, 483, 484, 514, 577, 613, 618, 651, 794, 807, 837, 852, 854, 858, 861, 902, 912, 913, 915, 917, 919, 920, 931, 934, 935]","[514, 387, 902, 651, 526, 142, 912, 913, 147, 403, 405, 915, 917, 408, 919, 410, 794, 920, 31, 931, 934, 807, 808, 935, 46, 430, 180, 577, 837, 455, 584, 457, 465, 338, 466, 468, 852, 470, 854, 472, 473, 858, 861, 352, 353, 483, 484, 613, 618, 106, 108, 367, 882]",False,[],[],[],"[46, 457, 526]","[108, 353, 430, 584, 808, 882]","[31, 106, 142, 147, 180, 338, 352, 367, 387, 403, 405, 408, 410, 455, 465, 466, 468, 470, 472, 473, 483, 484, 514, 577, 613, 618, 651, 794, 807, 837, 852, 854, 858, 861, 902, 912, 913, 915, 917, 919, 920, 931, 934, 935]","[31, 142, 147, 180, 338, 352, 367, 387, 403, 405, 408, 410, 455, 465, 466, 468, 470, 472, 473, 483, 484, 514, 613, 618, 651, 794, 807, 837, 852, 854, 858, 861, 902, 912, 913, 915, 917, 919, 920, 931, 934, 935]",0/6 successful match,False,,False,35,False,,,,,
"Douglas , 82633 Broken Wheel Truck Stop ( Sinclair )",307-358-4444 I-25 Exit 135,24 274 24,Douglas,82633,Broken Wheel Truck Stop ( Sinclair ),307-358-4444,2007,Douglas,WY,Sinclair,,I-25 Exit 135,Exit,135,False,,False,I-25,,,,,[],[],[],"[46, 457, 526]",[],"[108, 353, 430, 584, 808, 882]","[31, 142, 147, 180, 338, 352, 367, 387, 403, 405, 408, 410, 455, 465, 466, 468, 470, 472, 473, 483, 484, 514, 613, 618, 651, 794, 807, 837, 852, 854, 858, 861, 902, 912, 913, 915, 917, 919, 920, 931, 934, 935]","[31, 106, 142, 147, 180, 338, 352, 367, 387, 403, 405, 408, 410, 455, 465, 466, 468, 470, 472, 473, 483, 484, 514, 577, 613, 618, 651, 794, 807, 837, 852, 854, 858, 861, 902, 912, 913, 915, 917, 919, 920, 931, 934, 935]","[514, 387, 902, 651, 526, 142, 912, 913, 147, 403, 405, 915, 917, 408, 919, 410, 794, 920, 31, 931, 934, 807, 808, 935, 46, 430, 180, 577, 837, 455, 584, 457, 465, 338, 466, 468, 852, 470, 854, 472, 473, 858, 861, 352, 353, 483, 484, 613, 618, 106, 108, 367, 882]",False,[],[],[],"[46, 457, 526]","[108, 353, 430, 584, 808, 882]","[31, 106, 142, 147, 180, 338, 352, 367, 387, 403, 405, 408, 410, 455, 465, 466, 468, 470, 472, 473, 483, 484, 514, 577, 613, 618, 651, 794, 807, 837, 852, 854, 858, 861, 902, 912, 913, 915, 917, 919, 920, 931, 934, 935]","[31, 142, 147, 180, 338, 352, 367, 387, 403, 405, 408, 410, 455, 465, 466, 468, 470, 472, 473, 483, 484, 514, 613, 618, 651, 794, 807, 837, 852, 854, 858, 861, 902, 912, 913, 915, 917, 919, 920, 931, 934, 935]",0/6 successful match,False,,False,35,False,,1.0,True,Broken Wheel Truck Stop ( Sinclair ),Sinclair
"Douglas , 82633 Broken Wheel Truck Stop ( Sinclair",8 307-358-4444 I-25 Exit 135 ),24 L <U+2610> HRS <U+2610><U+2610><U+2610>,Douglas,82633,Broken Wheel Truck Stop ( Sinclair,307-358-4444,2008,Douglas,WY,Sinclair,,I-25 Exit 135 ,Exit,135,False,,False,I-25,,,,,[],[],[],"[46, 457, 526]",[],"[108, 353, 430, 584, 808, 882]","[31, 142, 147, 180, 338, 352, 367, 387, 403, 405, 408, 410, 455, 465, 466, 468, 470, 472, 473, 483, 484, 514, 613, 618, 651, 794, 807, 837, 852, 854, 858, 861, 902, 912, 913, 915, 917, 919, 920, 931, 934, 935]","[31, 106, 142, 147, 180, 338, 352, 367, 387, 403, 405, 408, 410, 455, 465, 466, 468, 470, 472, 473, 483, 484, 514, 577, 613, 618, 651, 794, 807, 837, 852, 854, 858, 861, 902, 912, 913, 915, 917, 919, 920, 931, 934, 935]","[514, 387, 902, 651, 526, 142, 912, 913, 147, 403, 405, 915, 917, 408, 919, 410, 794, 920, 31, 931, 934, 807, 808, 935, 46, 430, 180, 577, 837, 455, 584, 457, 465, 338, 466, 468, 852, 470, 854, 472, 473, 858, 861, 352, 353, 483, 484, 613, 618, 106, 108, 367, 882]",False,[],[],[],"[46, 457, 526]","[108, 353, 430, 584, 808, 882]","[31, 106, 142, 147, 180, 338, 352, 367, 387, 403, 405, 408, 410, 455, 465, 466, 468, 470, 472, 473, 483, 484, 514, 577, 613, 618, 651, 794, 807, 837, 852, 854, 858, 861, 902, 912, 913, 915, 917, 919, 920, 931, 934, 935]","[31, 142, 147, 180, 338, 352, 367, 387, 403, 405, 408, 410, 455, 465, 466, 468, 470, 472, 473, 483, 484, 514, 613, 618, 651, 794, 807, 837, 852, 854, 858, 861, 902, 912, 913, 915, 917, 919, 920, 931, 934, 935]",0/6 successful match,False,,False,35,False,,1.0,True,Broken Wheel Truck Stop ( Sinclair ),Sinclair
D Douglas ( 82633 ) Broken Wheel Truck Stop ( Sinclair ),8 307-358-4444 I-25 Exit 135,<U+2610>,Douglas,82633,Broken Wheel Truck Stop ( Sinclair ),307-358-4444,2014,Douglas,WY,Sinclair,,I-25 Exit 135,Exit,135,False,,False,I-25,,,,,[],[],[],"[46, 457, 526]",[],"[108, 353, 430, 584, 808, 882]","[31, 142, 147, 180, 338, 352, 367, 387, 403, 405, 408, 410, 455, 465, 466, 468, 470, 472, 473, 483, 484, 514, 613, 618, 651, 794, 807, 837, 852, 854, 858, 861, 902, 912, 913, 915, 917, 919, 920, 931, 934, 935]","[31, 106, 142, 147, 180, 338, 352, 367, 387, 403, 405, 408, 410, 455, 465, 466, 468, 470, 472, 473, 483, 484, 514, 577, 613, 618, 651, 794, 807, 837, 852, 854, 858, 861, 902, 912, 913, 915, 917, 919, 920, 931, 934, 935]","[514, 387, 902, 651, 526, 142, 912, 913, 147, 403, 405, 915, 917, 408, 919, 410, 794, 920, 31, 931, 934, 807, 808, 935, 46, 430, 180, 577, 837, 455, 584, 457, 465, 338, 466, 468, 852, 470, 854, 472, 473, 858, 861, 352, 353, 483, 484, 613, 618, 106, 108, 367, 882]",False,[],[],[],"[46, 457, 526]","[108, 353, 430, 584, 808, 882]","[31, 106, 142, 147, 180, 338, 352, 367, 387, 403, 405, 408, 410, 455, 465, 466, 468, 470, 472, 473, 483, 484, 514, 577, 613, 618, 651, 794, 807, 837, 852, 854, 858, 861, 902, 912, 913, 915, 917, 919, 920, 931, 934, 935]","[31, 142, 147, 180, 338, 352, 367, 387, 403, 405, 408, 410, 455, 465, 466, 468, 470, 472, 473, 483, 484, 514, 613, 618, 651, 794, 807, 837, 852, 854, 858, 861, 902, 912, 913, 915, 917, 919, 920, 931, 934, 935]",0/6 successful match,False,,False,35,False,,1.0,True,Broken Wheel Truck Stop ( Sinclair,Sinclair
D Douglas ( 82633 ) Broken Wheel Truck Stop ( ),8 307-358-4444 I-25 Exit 135 # 761,NATSN 24 L <U+2610>,Douglas,82633,Broken Wheel Truck Stop ( ),307-358-4444,2015,Douglas,WY,,,I-25 Exit 135 # 761,Exit,135,False,,False,I-25,,,,,[],[],[],"[46, 457, 526]",[],"[108, 353, 430, 584, 808, 882]",[],"[106, 577]","[353, 577, 584, 457, 808, 106, 108, 46, 526, 430, 882]",False,[],[],[],"[46, 457, 526]","[108, 353, 430, 584, 808, 882]","[106, 577]",[],0/6 successful match,False,,False,35,False,,1.0,True,Broken Wheel Truck Stop ( Sinclair ),Sinclair
D Douglas ( 82633 ) Broken Wheel Truck Stop ( Sinclair ),8 307-358-4444 I-25 Exit 135,24 L <U+25A1> <U+25A1>,Douglas,82633,Broken Wheel Truck Stop ( Sinclair ),307-358-4444,2016,Douglas,WY,Sinclair,,I-25 Exit 135,Exit,135,False,,False,I-25,,,,,[],[],[],"[46, 457, 526]",[],"[108, 353, 430, 584, 808, 882]","[31, 142, 147, 180, 338, 352, 367, 387, 403, 405, 408, 410, 455, 465, 466, 468, 470, 472, 473, 483, 484, 514, 613, 618, 651, 794, 807, 837, 852, 854, 858, 861, 902, 912, 913, 915, 917, 919, 920, 931, 934, 935]","[31, 106, 142, 147, 180, 338, 352, 367, 387, 403, 405, 408, 410, 455, 465, 466, 468, 470, 472, 473, 483, 484, 514, 577, 613, 618, 651, 794, 807, 837, 852, 854, 858, 861, 902, 912, 913, 915, 917, 919, 920, 931, 934, 935]","[514, 387, 902, 651, 526, 142, 912, 913, 147, 403, 405, 915, 917, 408, 919, 410, 794, 920, 31, 931, 934, 807, 808, 935, 46, 430, 180, 577, 837, 455, 584, 457, 465, 338, 466, 468, 852, 470, 854, 472, 473, 858, 861, 352, 353, 483, 484, 613, 618, 106, 108, 367, 882]",False,[],[],[],"[46, 457, 526]","[108, 353, 430, 584, 808, 882]","[31, 106, 142, 147, 180, 338, 352, 367, 387, 403, 405, 408, 410, 455, 465, 466, 468, 470, 472, 473, 483, 484, 514, 577, 613, 618, 651, 794, 807, 837, 852, 854, 858, 861, 902, 912, 913, 915, 917, 919, 920, 931, 934, 935]","[31, 142, 147, 180, 338, 352, 367, 387, 403, 405, 408, 410, 455, 465, 466, 468, 470, 472, 473, 483, 484, 514, 613, 618, 651, 794, 807, 837, 852, 854, 858, 861, 902, 912, 913, 915, 917, 919, 920, 931, 934, 935]",0/6 successful match,False,,False,35,False,,1.0,True,Broken Wheel Truck Stop ( ),
"Evansville , 82636 Eastgate Travel Plaza ( Sinclair )",307-234-0504 I-25 Exit 182 ( WY 253 E ),24 D,Evansville,82636,Eastgate Travel Plaza ( Sinclair ),307-234-0504,2006,Evansville,WY,Sinclair,( WY 253 E ),I-25 Exit 182 ,Exit,182,False,,False,I-25,,,,,[],[],[],[],[],"[108, 353, 430, 584, 808, 882]","[31, 142, 147, 180, 338, 352, 367, 387, 403, 405, 408, 410, 455, 465, 466, 468, 470, 472, 473, 483, 484, 514, 613, 618, 651, 794, 807, 837, 852, 854, 858, 861, 902, 912, 913, 915, 917, 919, 920, 931, 934, 935]","[31, 142, 147, 180, 338, 352, 367, 387, 403, 405, 408, 410, 455, 465, 466, 468, 470, 472, 473, 483, 484, 514, 613, 618, 651, 794, 807, 837, 852, 854, 858, 861, 902, 912, 913, 915, 917, 919, 920, 931, 934, 935]","[514, 387, 902, 651, 142, 912, 913, 147, 403, 405, 915, 917, 408, 919, 410, 794, 920, 31, 931, 934, 807, 808, 935, 430, 180, 837, 455, 584, 465, 338, 466, 468, 852, 470, 854, 472, 473, 858, 861, 352, 353, 483, 484, 613, 618, 108, 367, 882]",False,[],[],[],[],"[108, 353, 430, 584, 808, 882]","[31, 142, 147, 180, 338, 352, 367, 387, 403, 405, 408, 410, 455, 465, 466, 468, 470, 472, 473, 483, 484, 514, 613, 618, 651, 794, 807, 837, 852, 854, 858, 861, 902, 912, 913, 915, 917, 919, 920, 931, 934, 935]","[31, 142, 147, 180, 338, 352, 367, 387, 403, 405, 408, 410, 455, 465, 466, 468, 470, 472, 473, 483, 484, 514, 613, 618, 651, 794, 807, 837, 852, 854, 858, 861, 902, 912, 913, 915, 917, 919, 920, 931, 934, 935]",0/6 successful match,False,,False,36,False,,,,,
"Evansville , 82636 Eastgate Travel Plaza ( Sinclair )",307-234-0504 I-25 Exit 182 ( WY 253 E ),S ) 24 48 M,Evansville,82636,Eastgate Travel Plaza ( Sinclair ),307-234-0504,2007,Evansville,WY,Sinclair,( WY 253 E ),I-25 Exit 182 ,Exit,182,False,,False,I-25,,,,,[],[],[],[],[],"[108, 353, 430, 584, 808, 882]","[31, 142, 147, 180, 338, 352, 367, 387, 403, 405, 408, 410, 455, 465, 466, 468, 470, 472, 473, 483, 484, 514, 613, 618, 651, 794, 807, 837, 852, 854, 858, 861, 902, 912, 913, 915, 917, 919, 920, 931, 934, 935]","[31, 142, 147, 180, 338, 352, 367, 387, 403, 405, 408, 410, 455, 465, 466, 468, 470, 472, 473, 483, 484, 514, 613, 618, 651, 794, 807, 837, 852, 854, 858, 861, 902, 912, 913, 915, 917, 919, 920, 931, 934, 935]","[514, 387, 902, 651, 142, 912, 913, 147, 403, 405, 915, 917, 408, 919, 410, 794, 920, 31, 931, 934, 807, 808, 935, 430, 180, 837, 455, 584, 465, 338, 466, 468, 852, 470, 854, 472, 473, 858, 861, 352, 353, 483, 484, 613, 618, 108, 367, 882]",False,[],[],[],[],"[108, 353, 430, 584, 808, 882]","[31, 142, 147, 180, 338, 352, 367, 387, 403, 405, 408, 410, 455, 465, 466, 468, 470, 472, 473, 483, 484, 514, 613, 618, 651, 794, 807, 837, 852, 854, 858, 861, 902, 912, 913, 915, 917, 919, 920, 931, 934, 935]","[31, 142, 147, 180, 338, 352, 367, 387, 403, 405, 408, 410, 455, 465, 466, 468, 470, 472, 473, 483, 484, 514, 613, 618, 651, 794, 807, 837, 852, 854, 858, 861, 902, 912, 913, 915, 917, 919, 920, 931, 934, 935]",0/6 successful match,False,,False,36,False,,1.0,True,Eastgate Travel Plaza ( Sinclair ),Sinclair
"Evansville , 82636 Eastgate Travel Plaza ( Sinclair )",307-234-0504 I-25 Exit 182 ( WY 253 E ),24 23 XL 24,Evansville,82636,Eastgate Travel Plaza ( Sinclair ),307-234-0504,2008,Evansville,WY,Sinclair,( WY 253 E ),I-25 Exit 182 ,Exit,182,False,,False,I-25,,,,,[],[],[],[],[],"[108, 353, 430, 584, 808, 882]","[31, 142, 147, 180, 338, 352, 367, 387, 403, 405, 408, 410, 455, 465, 466, 468, 470, 472, 473, 483, 484, 514, 613, 618, 651, 794, 807, 837, 852, 854, 858, 861, 902, 912, 913, 915, 917, 919, 920, 931, 934, 935]","[31, 142, 147, 180, 338, 352, 367, 387, 403, 405, 408, 410, 455, 465, 466, 468, 470, 472, 473, 483, 484, 514, 613, 618, 651, 794, 807, 837, 852, 854, 858, 861, 902, 912, 913, 915, 917, 919, 920, 931, 934, 935]","[514, 387, 902, 651, 142, 912, 913, 147, 403, 405, 915, 917, 408, 919, 410, 794, 920, 31, 931, 934, 807, 808, 935, 430, 180, 837, 455, 584, 465, 338, 466, 468, 852, 470, 854, 472, 473, 858, 861, 352, 353, 483, 484, 613, 618, 108, 367, 882]",False,[],[],[],[],"[108, 353, 430, 584, 808, 882]","[31, 142, 147, 180, 338, 352, 367, 387, 403, 405, 408, 410, 455, 465, 466, 468, 470, 472, 473, 483, 484, 514, 613, 618, 651, 794, 807, 837, 852, 854, 858, 861, 902, 912, 913, 915, 917, 919, 920, 931, 934, 935]","[31, 142, 147, 180, 338, 352, 367, 387, 403, 405, 408, 410, 455, 465, 466, 468, 470, 472, 473, 483, 484, 514, 613, 618, 651, 794, 807, 837, 852, 854, 858, 861, 902, 912, 913, 915, 917, 919, 920, 931, 934, 935]",0/6 successful match,False,,False,36,False,,1.0,True,Eastgate Travel Plaza ( Sinclair ),Sinclair
Evansville ( 82636 ) Eastgate Travel Plaza ( Sinclair ),7 307-234-0504 I-25 Exit 182 ( WY 253 E ),24 XL 24,Evansville,82636,Eastgate Travel Plaza ( Sinclair ),307-234-0504,2014,Evansville,WY,Sinclair,( WY 253 E ),I-25 Exit 182 ,Exit,182,False,,False,I-25,,,,,[],[],[],[],[],"[108, 353, 430, 584, 808, 882]","[31, 142, 147, 180, 338, 352, 367, 387, 403, 405, 408, 410, 455, 465, 466, 468, 470, 472, 473, 483, 484, 514, 613, 618, 651, 794, 807, 837, 852, 854, 858, 861, 902, 912, 913, 915, 917, 919, 920, 931, 934, 935]","[31, 142, 147, 180, 338, 352, 367, 387, 403, 405, 408, 410, 455, 465, 466, 468, 470, 472, 473, 483, 484, 514, 613, 618, 651, 794, 807, 837, 852, 854, 858, 861, 902, 912, 913, 915, 917, 919, 920, 931, 934, 935]","[514, 387, 902, 651, 142, 912, 913, 147, 403, 405, 915, 917, 408, 919, 410, 794, 920, 31, 931, 934, 807, 808, 935, 430, 180, 837, 455, 584, 465, 338, 466, 468, 852, 470, 854, 472, 473, 858, 861, 352, 353, 483, 484, 613, 618, 108, 367, 882]",False,[],[],[],[],"[108, 353, 430, 584, 808, 882]","[31, 142, 147, 180, 338, 352, 367, 387, 403, 405, 408, 410, 455, 465, 466, 468, 470, 472, 473, 483, 484, 514, 613, 618, 651, 794, 807, 837, 852, 854, 858, 861, 902, 912, 913, 915, 917, 919, 920, 931, 934, 935]","[31, 142, 147, 180, 338, 352, 367, 387, 403, 405, 408, 410, 455, 465, 466, 468, 470, 472, 473, 483, 484, 514, 613, 618, 651, 794, 807, 837, 852, 854, 858, 861, 902, 912, 913, 915, 917, 919, 920, 931, 934, 935]",0/6 successful match,False,,False,36,False,,1.0,True,Eastgate Travel Plaza ( Sinclair ),Sinclair
Evansville ( 82636 ) Eastgate Travel Plaza ( Sinclair ),307-234-0504 I-25 Exit 182 ( WY 253 E ),REST 24 X <U+2610>,Evansville,82636,Eastgate Travel Plaza ( Sinclair ),307-234-0504,2015,Evansville,WY,Sinclair,( WY 253 E ),I-25 Exit 182 ,Exit,182,False,,False,I-25,,,,,[],[],[],[],[],"[108, 353, 430, 584, 808, 882]","[31, 142, 147, 180, 338, 352, 367, 387, 403, 405, 408, 410, 455, 465, 466, 468, 470, 472, 473, 483, 484, 514, 613, 618, 651, 794, 807, 837, 852, 854, 858, 861, 902, 912, 913, 915, 917, 919, 920, 931, 934, 935]","[31, 142, 147, 180, 338, 352, 367, 387, 403, 405, 408, 410, 455, 465, 466, 468, 470, 472, 473, 483, 484, 514, 613, 618, 651, 794, 807, 837, 852, 854, 858, 861, 902, 912, 913, 915, 917, 919, 920, 931, 934, 935]","[514, 387, 902, 651, 142, 912, 913, 147, 403, 405, 915, 917, 408, 919, 410, 794, 920, 31, 931, 934, 807, 808, 935, 430, 180, 837, 455, 584, 465, 338, 466, 468, 852, 470, 854, 472, 473, 858, 861, 352, 353, 483, 484, 613, 618, 108, 367, 882]",False,[],[],[],[],"[108, 353, 430, 584, 808, 882]","[31, 142, 147, 180, 338, 352, 367, 387, 403, 405, 408, 410, 455, 465, 466, 468, 470, 472, 473, 483, 484, 514, 613, 618, 651, 794, 807, 837, 852, 854, 858, 861, 902, 912, 913, 915, 917, 919, 920, 931, 934, 935]","[31, 142, 147, 180, 338, 352, 367, 387, 403, 405, 408, 410, 455, 465, 466, 468, 470, 472, 473, 483, 484, 514, 613, 618, 651, 794, 807, 837, 852, 854, 858, 861, 902, 912, 913, 915, 917, 919, 920, 931, 934, 935]",0/6 successful match,False,,False,36,False,,1.0,True,Eastgate Travel Plaza ( Sinclair ),Sinclair
Evansville ( 82636 ) Hat Six Travel Plaza ( Sinclair ),307-234-0504 I-25 Exit 182 ( WY 253 E ),24 XL,Evansville,82636,Hat Six Travel Plaza ( Sinclair ),307-234-0504,2016,Evansville,WY,Sinclair,( WY 253 E ),I-25 Exit 182 ,Exit,182,False,,False,I-25,,,,,[],[],[],[],[],"[108, 353, 430, 584, 808, 882]","[31, 142, 147, 180, 338, 352, 367, 387, 403, 405, 408, 410, 455, 465, 466, 468, 470, 472, 473, 483, 484, 514, 613, 618, 651, 794, 807, 837, 852, 854, 858, 861, 902, 912, 913, 915, 917, 919, 920, 931, 934, 935]","[31, 142, 147, 180, 338, 352, 367, 387, 403, 405, 408, 410, 455, 465, 466, 468, 470, 472, 473, 483, 484, 514, 613, 618, 651, 794, 807, 837, 852, 854, 858, 861, 902, 912, 913, 915, 917, 919, 920, 931, 934, 935]","[514, 387, 902, 651, 142, 912, 913, 147, 403, 405, 915, 917, 408, 919, 410, 794, 920, 31, 931, 934, 807, 808, 935, 430, 180, 837, 455, 584, 465, 338, 466, 468, 852, 470, 854, 472, 473, 858, 861, 352, 353, 483, 484, 613, 618, 108, 367, 882]",False,[],[],[],[],"[108, 353, 430, 584, 808, 882]","[31, 142, 147, 180, 338, 352, 367, 387, 403, 405, 408, 410, 455, 465, 466, 468, 470, 472, 473, 483, 484, 514, 613, 618, 651, 794, 807, 837, 852, 854, 858, 861, 902, 912, 913, 915, 917, 919, 920, 931, 934, 935]","[31, 142, 147, 180, 338, 352, 367, 387, 403, 405, 408, 410, 455, 465, 466, 468, 470, 472, 473, 483, 484, 514, 613, 618, 651, 794, 807, 837, 852, 854, 858, 861, 902, 912, 913, 915, 917, 919, 920, 931, 934, 935]",0/6 successful match,False,,False,36,False,,0.5507462686567164,True,Eastgate Travel Plaza ( Sinclair ),Sinclair
"Kaycee , 82639 Kaycee Sinclair",307-738-2213 I-25 Exit 254,S,Kaycee,82639,Kaycee Sinclair,307-738-2213,2006,Kaycee,WY,Sinclair,,I-25 Exit 254,Exit,254,False,,False,I-25,,,,,[],[],[],[],[],"[108, 353, 430, 584, 808, 882]","[31, 142, 147, 180, 338, 352, 367, 387, 403, 405, 408, 410, 455, 465, 466, 468, 470, 472, 473, 483, 484, 514, 613, 618, 651, 794, 807, 837, 852, 854, 858, 861, 902, 912, 913, 915, 917, 919, 920, 931, 934, 935]","[31, 142, 147, 180, 338, 352, 367, 387, 403, 405, 408, 410, 455, 465, 466, 468, 470, 472, 473, 483, 484, 514, 613, 618, 651, 794, 807, 837, 852, 854, 858, 861, 902, 912, 913, 915, 917, 919, 920, 931, 934, 935]","[514, 387, 902, 651, 142, 912, 913, 147, 403, 405, 915, 917, 408, 919, 410, 794, 920, 31, 931, 934, 807, 808, 935, 430, 180, 837, 455, 584, 465, 338, 466, 468, 852, 470, 854, 472, 473, 858, 861, 352, 353, 483, 484, 613, 618, 108, 367, 882]",False,[],[],[],[],"[108, 353, 430, 584, 808, 882]","[31, 142, 147, 180, 338, 352, 367, 387, 403, 405, 408, 410, 455, 465, 466, 468, 470, 472, 473, 483, 484, 514, 613, 618, 651, 794, 807, 837, 852, 854, 858, 861, 902, 912, 913, 915, 917, 919, 920, 931, 934, 935]","[31, 142, 147, 180, 338, 352, 367, 387, 403, 405, 408, 410, 455, 465, 466, 468, 470, 472, 473, 483, 484, 514, 613, 618, 651, 794, 807, 837, 852, 854, 858, 861, 902, 912, 913, 915, 917, 919, 920, 931, 934, 935]",0/6 successful match,False,,False,37,False,,,,,
"Kaycee , 82639 Kaycee Sinclair",307-738-2213 I-25 Exit 254,XL 48 <U+2610> <U+2610>,Kaycee,82639,Kaycee Sinclair,307-738-2213,2007,Kaycee,WY,Sinclair,,I-25 Exit 254,Exit,254,False,,False,I-25,,,,,[],[],[],[],[],"[108, 353, 430, 584, 808, 882]","[31, 142, 147, 180, 338, 352, 367, 387, 403, 405, 408, 410, 455, 465, 466, 468, 470, 472, 473, 483, 484, 514, 613, 618, 651, 794, 807, 837, 852, 854, 858, 861, 902, 912, 913, 915, 917, 919, 920, 931, 934, 935]","[31, 142, 147, 180, 338, 352, 367, 387, 403, 405, 408, 410, 455, 465, 466, 468, 470, 472, 473, 483, 484, 514, 613, 618, 651, 794, 807, 837, 852, 854, 858, 861, 902, 912, 913, 915, 917, 919, 920, 931, 934, 935]","[514, 387, 902, 651, 142, 912, 913, 147, 403, 405, 915, 917, 408, 919, 410, 794, 920, 31, 931, 934, 807, 808, 935, 430, 180, 837, 455, 584, 465, 338, 466, 468, 852, 470, 854, 472, 473, 858, 861, 352, 353, 483, 484, 613, 618, 108, 367, 882]",False,[],[],[],[],"[108, 353, 430, 584, 808, 882]","[31, 142, 147, 180, 338, 352, 367, 387, 403, 405, 408, 410, 455, 465, 466, 468, 470, 472, 473, 483, 484, 514, 613, 618, 651, 794, 807, 837, 852, 854, 858, 861, 902, 912, 913, 915, 917, 919, 920, 931, 934, 935]","[31, 142, 147, 180, 338, 352, 367, 387, 403, 405, 408, 410, 455, 465, 466, 468, 470, 472, 473, 483, 484, 514, 613, 618, 651, 794, 807, 837, 852, 854, 858, 861, 902, 912, 913, 915, 917, 919, 920, 931, 934, 935]",0/6 successful match,False,,False,37,False,,1.0,True,Kaycee Sinclair,Sinclair
"Kaycee , 82639 Kaycee Sinclair",307-738-2213 I-25 Exit 254,<U+2610> S <U+25A1> <U+25A1>,Kaycee,82639,Kaycee Sinclair,307-738-2213,2008,Kaycee,WY,Sinclair,,I-25 Exit 254,Exit,254,False,,False,I-25,,,,,[],[],[],[],[],"[108, 353, 430, 584, 808, 882]","[31, 142, 147, 180, 338, 352, 367, 387, 403, 405, 408, 410, 455, 465, 466, 468, 470, 472, 473, 483, 484, 514, 613, 618, 651, 794, 807, 837, 852, 854, 858, 861, 902, 912, 913, 915, 917, 919, 920, 931, 934, 935]","[31, 142, 147, 180, 338, 352, 367, 387, 403, 405, 408, 410, 455, 465, 466, 468, 470, 472, 473, 483, 484, 514, 613, 618, 651, 794, 807, 837, 852, 854, 858, 861, 902, 912, 913, 915, 917, 919, 920, 931, 934, 935]","[514, 387, 902, 651, 142, 912, 913, 147, 403, 405, 915, 917, 408, 919, 410, 794, 920, 31, 931, 934, 807, 808, 935, 430, 180, 837, 455, 584, 465, 338, 466, 468, 852, 470, 854, 472, 473, 858, 861, 352, 353, 483, 484, 613, 618, 108, 367, 882]",False,[],[],[],[],"[108, 353, 430, 584, 808, 882]","[31, 142, 147, 180, 338, 352, 367, 387, 403, 405, 408, 410, 455, 465, 466, 468, 470, 472, 473, 483, 484, 514, 613, 618, 651, 794, 807, 837, 852, 854, 858, 861, 902, 912, 913, 915, 917, 919, 920, 931, 934, 935]","[31, 142, 147, 180, 338, 352, 367, 387, 403, 405, 408, 410, 455, 465, 466, 468, 470, 472, 473, 483, 484, 514, 613, 618, 651, 794, 807, 837, 852, 854, 858, 861, 902, 912, 913, 915, 917, 919, 920, 931, 934, 935]",0/6 successful match,False,,False,37,False,,1.0,True,Kaycee Sinclair,Sinclair
Kaycee ( 82639 ) Kaycee Sinclair,307-738-2213 I-25 Exit 254,<U+2610> S,Kaycee,82639,Kaycee Sinclair,307-738-2213,2014,Kaycee,WY,Sinclair,,I-25 Exit 254,Exit,254,False,,False,I-25,,,,,[],[],[],[],[],"[108, 353, 430, 584, 808, 882]","[31, 142, 147, 180, 338, 352, 367, 387, 403, 405, 408, 410, 455, 465, 466, 468, 470, 472, 473, 483, 484, 514, 613, 618, 651, 794, 807, 837, 852, 854, 858, 861, 902, 912, 913, 915, 917, 919, 920, 931, 934, 935]","[31, 142, 147, 180, 338, 352, 367, 387, 403, 405, 408, 410, 455, 465, 466, 468, 470, 472, 473, 483, 484, 514, 613, 618, 651, 794, 807, 837, 852, 854, 858, 861, 902, 912, 913, 915, 917, 919, 920, 931, 934, 935]","[514, 387, 902, 651, 142, 912, 913, 147, 403, 405, 915, 917, 408, 919, 410, 794, 920, 31, 931, 934, 807, 808, 935, 430, 180, 837, 455, 584, 465, 338, 466, 468, 852, 470, 854, 472, 473, 858, 861, 352, 353, 483, 484, 613, 618, 108, 367, 882]",False,[],[],[],[],"[108, 353, 430, 584, 808, 882]","[31, 142, 147, 180, 338, 352, 367, 387, 403, 405, 408, 410, 455, 465, 466, 468, 470, 472, 473, 483, 484, 514, 613, 618, 651, 794, 807, 837, 852, 854, 858, 861, 902, 912, 913, 915, 917, 919, 920, 931, 934, 935]","[31, 142, 147, 180, 338, 352, 367, 387, 403, 405, 408, 410, 455, 465, 466, 468, 470, 472, 473, 483, 484, 514, 613, 618, 651, 794, 807, 837, 852, 854, 858, 861, 902, 912, 913, 915, 917, 919, 920, 931, 934, 935]",0/6 successful match,False,,False,37,False,,1.0,True,Kaycee Sinclair,Sinclair
Kaycee ( 82639 ) Kaycee Sinclair,307-738-2213 I-25 Exit 254,<U+2610> S,Kaycee,82639,Kaycee Sinclair,307-738-2213,2015,Kaycee,WY,Sinclair,,I-25 Exit 254,Exit,254,False,,False,I-25,,,,,[],[],[],[],[],"[108, 353, 430, 584, 808, 882]","[31, 142, 147, 180, 338, 352, 367, 387, 403, 405, 408, 410, 455, 465, 466, 468, 470, 472, 473, 483, 484, 514, 613, 618, 651, 794, 807, 837, 852, 854, 858, 861, 902, 912, 913, 915, 917, 919, 920, 931, 934, 935]","[31, 142, 147, 180, 338, 352, 367, 387, 403, 405, 408, 410, 455, 465, 466, 468, 470, 472, 473, 483, 484, 514, 613, 618, 651, 794, 807, 837, 852, 854, 858, 861, 902, 912, 913, 915, 917, 919, 920, 931, 934, 935]","[514, 387, 902, 651, 142, 912, 913, 147, 403, 405, 915, 917, 408, 919, 410, 794, 920, 31, 931, 934, 807, 808, 935, 430, 180, 837, 455, 584, 465, 338, 466, 468, 852, 470, 854, 472, 473, 858, 861, 352, 353, 483, 484, 613, 618, 108, 367, 882]",False,[],[],[],[],"[108, 353, 430, 584, 808, 882]","[31, 142, 147, 180, 338, 352, 367, 387, 403, 405, 408, 410, 455, 465, 466, 468, 470, 472, 473, 483, 484, 514, 613, 618, 651, 794, 807, 837, 852, 854, 858, 861, 902, 912, 913, 915, 917, 919, 920, 931, 934, 935]","[31, 142, 147, 180, 338, 352, 367, 387, 403, 405, 408, 410, 455, 465, 466, 468, 470, 472, 473, 483, 484, 514, 613, 618, 651, 794, 807, 837, 852, 854, 858, 861, 902, 912, 913, 915, 917, 919, 920, 931, 934, 935]",0/6 successful match,False,,False,37,False,,1.0,True,Kaycee Sinclair,Sinclair
Kaycee ( 82639 ) Kaycee Sinclair,307-738-2213 I-25 Exit 254,<U+2610> S,Kaycee,82639,Kaycee Sinclair,307-738-2213,2016,Kaycee,WY,Sinclair,,I-25 Exit 254,Exit,254,False,,False,I-25,,,,,[],[],[],[],[],"[108, 353, 430, 584, 808, 882]","[31, 142, 147, 180, 338, 352, 367, 387, 403, 405, 408, 410, 455, 465, 466, 468, 470, 472, 473, 483, 484, 514, 613, 618, 651, 794, 807, 837, 852, 854, 858, 861, 902, 912, 913, 915, 917, 919, 920, 931, 934, 935]","[31, 142, 147, 180, 338, 352, 367, 387, 403, 405, 408, 410, 455, 465, 466, 468, 470, 472, 473, 483, 484, 514, 613, 618, 651, 794, 807, 837, 852, 854, 858, 861, 902, 912, 913, 915, 917, 919, 920, 931, 934, 935]","[514, 387, 902, 651, 142, 912, 913, 147, 403, 405, 915, 917, 408, 919, 410, 794, 920, 31, 931, 934, 807, 808, 935, 430, 180, 837, 455, 584, 465, 338, 466, 468, 852, 470, 854, 472, 473, 858, 861, 352, 353, 483, 484, 613, 618, 108, 367, 882]",False,[],[],[],[],"[108, 353, 430, 584, 808, 882]","[31, 142, 147, 180, 338, 352, 367, 387, 403, 405, 408, 410, 455, 465, 466, 468, 470, 472, 473, 483, 484, 514, 613, 618, 651, 794, 807, 837, 852, 854, 858, 861, 902, 912, 913, 915, 917, 919, 920, 931, 934, 935]","[31, 142, 147, 180, 338, 352, 367, 387, 403, 405, 408, 410, 455, 465, 466, 468, 470, 472, 473, 483, 484, 514, 613, 618, 651, 794, 807, 837, 852, 854, 858, 861, 902, 912, 913, 915, 917, 919, 920, 931, 934, 935]",0/6 successful match,False,,False,37,False,,1.0,True,Kaycee Sinclair,Sinclair
"Mills , 82644 Homax Convenience Store ( Conoco )",307-234-0840 400 WY 254 ( 1 mi S of US 20-26 ),"S "" <U+25A1> <U+25A1>",Mills,82644,Homax Convenience Store ( Conoco ),307-234-0840,2006,Mills,WY,Conoco,( 1 mi S of US 20-26 ),400 WY 254,Proper,,False,,False,400 WY,,,,,[],[],[],[],[],"[23, 368, 507]","[3, 27, 349, 406, 451, 489, 510, 804, 855, 898]","[3, 27, 29, 349, 406, 451, 489, 510, 512, 804, 855, 898]","[512, 898, 3, 451, 804, 27, 489, 855, 368, 29, 406, 23, 507, 349, 510]",False,[],[],[],[],"[23, 368, 507]","[3, 27, 29, 349, 406, 451, 489, 510, 512, 804, 855, 898]","[3, 27, 349, 406, 451, 489, 510, 804, 855, 898]",0/6 successful match,False,,False,38,False,,,,,
"Mills , 82644 Homax Convenience Store ( Conoco )",307-234-0840 400 WY 254 ( 1 mi S of US 20-26 ),),Mills,82644,Homax Convenience Store ( Conoco ),307-234-0840,2007,Mills,WY,Conoco,( 1 mi S of US 20-26 ),400 WY 254,Proper,,False,,False,400 WY,,,,,[],[],[],[],[],"[23, 368, 507]","[3, 27, 349, 406, 451, 489, 510, 804, 855, 898]","[3, 27, 29, 349, 406, 451, 489, 510, 512, 804, 855, 898]","[512, 898, 3, 451, 804, 27, 489, 855, 368, 29, 406, 23, 507, 349, 510]",False,[],[],[],[],"[23, 368, 507]","[3, 27, 29, 349, 406, 451, 489, 510, 512, 804, 855, 898]","[3, 27, 349, 406, 451, 489, 510, 804, 855, 898]",0/6 successful match,False,,False,38,False,,1.0,True,Homax Convenience Store ( Conoco ),Conoco
"Mills , 82644 Homax Convenience Store ( Conoco )",7 307-234-0840 400 WY 254 ( 1 mi S of US 20-26 ) <U+2610>,<U+2610> S <U+2610> <U+2610> <U+25A1> <U+25A1>,Mills,82644,Homax Convenience Store ( Conoco ),307-234-0840,2008,Mills,WY,Conoco,( 1 mi S of US 20-26 ) <U+2610>,400 WY 254,Proper,,False,,False,400 WY,,,,,[],[],[],[],[],"[23, 368, 507]","[3, 27, 349, 406, 451, 489, 510, 804, 855, 898]","[3, 27, 29, 349, 406, 451, 489, 510, 512, 804, 855, 898]","[512, 898, 3, 451, 804, 27, 489, 855, 368, 29, 406, 23, 507, 349, 510]",False,[],[],[],[],"[23, 368, 507]","[3, 27, 29, 349, 406, 451, 489, 510, 512, 804, 855, 898]","[3, 27, 349, 406, 451, 489, 510, 804, 855, 898]",0/6 successful match,False,,False,38,False,,1.0,True,Homax Convenience Store ( Conoco ),Conoco
D Mills ( 82644 ) Homax Convenience Store ( Conoco ),307-234-0840 400 WY 254 ( 1 mi S of US 20-26 Bypass ),) <U+2610> S <U+25A1> <U+2610>,Mills,82644,Homax Convenience Store ( Conoco ),307-234-0840,2014,Mills,WY,Conoco,( 1 mi S of US 20-26 Bypass ),400 WY 254,Proper,,False,,False,400 WY,,,,,[],[],[],[],[],"[23, 368, 507]","[3, 27, 349, 406, 451, 489, 510, 804, 855, 898]","[3, 27, 29, 349, 406, 451, 489, 510, 512, 804, 855, 898]","[512, 898, 3, 451, 804, 27, 489, 855, 368, 29, 406, 23, 507, 349, 510]",False,[],[],[],[],"[23, 368, 507]","[3, 27, 29, 349, 406, 451, 489, 510, 512, 804, 855, 898]","[3, 27, 349, 406, 451, 489, 510, 804, 855, 898]",0/6 successful match,False,,False,38,False,,1.0,True,Homax Convenience Store ( Conoco ),Conoco
Mills ( 82644 ) Homax Convenience Store E ( Conoco of I-25 X ) 227 ),307-234-0840 400 WY 254 ( 1 mi S of US,) <U+25A1> S D D,Mills,82644,Homax Convenience Store E ( Conoco of I-25 X ) 227 ),307-234-0840,2015,Mills,WY,Conoco,( 1 mi S of US,400 WY 254,Proper,,False,,False,400 WY,,,,,[],[],[],[],[],"[23, 368, 507]","[3, 27, 349, 406, 451, 489, 510, 804, 855, 898]","[3, 27, 29, 313, 349, 406, 451, 489, 510, 512, 771, 804, 855, 898]","[512, 898, 3, 451, 804, 771, 27, 489, 855, 368, 29, 406, 23, 313, 507, 349, 510]",False,[],[],[],[],"[23, 368, 507]","[3, 27, 29, 313, 349, 406, 451, 489, 510, 512, 771, 804, 855, 898]","[3, 27, 349, 406, 451, 489, 510, 804, 855, 898]",0/6 successful match,False,,False,38,False,,1.0,True,Homax Convenience Store ( Conoco ),Conoco
D Mills ( 82644 ) Homax Convenience Store ( Conoco ),307-234-0840 400 WY 254 ( 1 mi S of US 20-26 Bypass ),) S <U+2610> <U+2610>,Mills,82644,Homax Convenience Store ( Conoco ),307-234-0840,2016,Mills,WY,Conoco,( 1 mi S of US 20-26 Bypass ),400 WY 254,Proper,,False,,False,400 WY,,,,,[],[],[],[],[],"[23, 368, 507]","[3, 27, 349, 406, 451, 489, 510, 804, 855, 898]","[3, 27, 29, 349, 406, 451, 489, 510, 512, 804, 855, 898]","[512, 898, 3, 451, 804, 27, 489, 855, 368, 29, 406, 23, 507, 349, 510]",False,[],[],[],[],"[23, 368, 507]","[3, 27, 29, 349, 406, 451, 489, 510, 512, 804, 855, 898]","[3, 27, 349, 406, 451, 489, 510, 804, 855, 898]",0/6 successful match,False,,False,38,False,,1.0,True,Homax Convenience Store E ( Conoco of I-25 X ) 227 ),Conoco
"Newcastle , 82701 4 Way Gas N Go",307-746-9919 1226 Washington Street,M D,Newcastle,82701,4 Way Gas N Go,307-746-9919,2006,Newcastle,WY,,,1226 Washington Street,Proper,,False,,False,Washington Street,,,,,[],[],[],[],[],"[143, 228, 614, 692]",[],"[284, 285, 743, 744]","[228, 614, 743, 744, 143, 692, 284, 285]",False,[],[],[],[],"[143, 228, 614, 692]","[284, 285, 743, 744]",[],0/6 successful match,False,,False,39,False,,,,,
"B Newcastle , 82701 4 Way Gas N Go",307-746-9919 1226 Washington Blvd,<U+2610>,Newcastle,82701,4 Way Gas N Go,307-746-9919,2007,Newcastle,WY,,,1226 Washington Blvd,Proper,,False,,False,Washington Blvd,,,,,[],[],[],[],[],"[143, 228, 614, 692]",[],"[284, 285, 743, 744]","[228, 614, 743, 744, 143, 692, 284, 285]",False,[],[],[],[],"[143, 228, 614, 692]","[284, 285, 743, 744]",[],0/6 successful match,False,,False,39,False,,1.0,True,4 Way Gas N Go,
"B Newcastle , 82701 4 Way Gas N Go",307-746-9919 1226 Washington Blvd,<U+2610> <U+2610> <U+2610><U+2610>,Newcastle,82701,4 Way Gas N Go,307-746-9919,2008,Newcastle,WY,,,1226 Washington Blvd,Proper,,False,,False,Washington Blvd,,,,,[],[],[],[],[],"[143, 228, 614, 692]",[],"[284, 285, 743, 744]","[228, 614, 743, 744, 143, 692, 284, 285]",False,[],[],[],[],"[143, 228, 614, 692]","[284, 285, 743, 744]",[],0/6 successful match,False,,False,39,False,,1.0,True,4 Way Gas N Go,
B Newcastle ( 82701 ) 4 Way Gas N Go ( Frontier ),307-746-9919 US 16 ( 1 blk W of US 85 ),24 <U+2610> <U+25A1> <U+2610> <U+2610>,Newcastle,82701,4 Way Gas N Go ( Frontier ),307-746-9919,2014,Newcastle,WY,,( 1 blk W of US 85 ),US 16,empty,,False,,False,US 16,,,,,[],[],[],[],[],[],[],"[284, 285, 743, 744]","[744, 284, 285, 743]",False,[],[],[],[],[],"[284, 285, 743, 744]",[],0/6 successful match,False,,False,39,False,,0.6829268292682927,True,4 Way Gas N Go,
Newcastle ( 82701 ) 4 Way Gas N Go,9 307-746-9919 US 16 ( 1 blk W of US 85 ),<U+2610> <U+25A1> <U+25A1> <U+25A1> <U+25A1>,Newcastle,82701,4 Way Gas N Go,307-746-9919,2015,Newcastle,WY,,( 1 blk W of US 85 ),US 16,empty,,False,,False,US 16,,,,,[],[],[],[],[],[],[],"[284, 285, 743, 744]","[744, 284, 285, 743]",False,[],[],[],[],[],"[284, 285, 743, 744]",[],0/6 successful match,False,,False,39,False,,0.6829268292682927,True,4 Way Gas N Go ( Frontier ),
B Newcastle ( 82701 ) 4 Way Gas N Go,307-746-9919 US 16 ( 1 blk W of US 85 ),<U+2610> <U+25A1>,Newcastle,82701,4 Way Gas N Go,307-746-9919,2016,Newcastle,WY,,( 1 blk W of US 85 ),US 16,empty,,False,,False,US 16,,,,,[],[],[],[],[],[],[],"[284, 285, 743, 744]","[744, 284, 285, 743]",False,[],[],[],[],[],"[284, 285, 743, 744]",[],0/6 successful match,False,,False,39,False,,1.0,True,4 Way Gas N Go,
"B Gillette , 82716 Flying J Travel Plaza # 0500140",8 307-682-3562 I-90 Exit 126 ( WY 59 ) #,S 49,Gillette,82716,Flying J Travel Plaza # 0500140,307-682-3562,2006,Gillette,WY,Flying J,( WY 59 ) #,I-90 Exit 126 ,Exit,126,False,,False,I-90,,,,,[],[],[],"[282, 741]",[],"[9, 44, 217, 422, 494, 524, 685, 874]","[17, 18, 19, 20, 21, 22, 23, 156, 157, 158, 159, 160, 161, 162, 163, 164, 165, 166, 167, 341, 342, 343, 344, 345, 412, 413, 414, 415, 416, 417, 418, 419, 420, 421, 422, 502, 503, 504, 505, 506, 507, 628, 629, 630, 631, 632, 633, 634, 635, 636, 637, 638, 639, 792, 797, 798, 799, 800, 801, 863, 864, 865, 866, 867, 868, 869, 870, 871, 872, 873, 874]","[17, 18, 19, 20, 21, 22, 23, 156, 157, 158, 159, 160, 161, 162, 163, 164, 165, 166, 167, 168, 340, 341, 342, 343, 344, 345, 346, 412, 413, 414, 415, 416, 417, 418, 419, 420, 421, 422, 502, 503, 504, 505, 506, 507, 628, 629, 630, 631, 632, 633, 634, 635, 636, 637, 638, 639, 792, 796, 797, 798, 799, 800, 801, 863, 864, 865, 866, 867, 868, 869, 870, 871, 872, 873, 874]","[9, 524, 17, 18, 19, 20, 21, 22, 23, 44, 628, 629, 630, 631, 632, 633, 634, 635, 636, 637, 638, 639, 156, 157, 158, 159, 160, 161, 162, 163, 164, 165, 166, 167, 168, 685, 217, 741, 792, 282, 796, 797, 798, 799, 800, 801, 340, 341, 342, 343, 344, 345, 346, 863, 864, 865, 866, 867, 868, 869, 870, 871, 872, 873, 874, 412, 413, 414, 415, 416, 417, 418, 419, 420, 421, 422, 494, 502, 503, 504, 505, 506, 507]",False,[],[],[],"[282, 741]","[9, 44, 217, 422, 494, 524, 685, 874]","[17, 18, 19, 20, 21, 22, 23, 156, 157, 158, 159, 160, 161, 162, 163, 164, 165, 166, 167, 168, 340, 341, 342, 343, 344, 345, 346, 412, 413, 414, 415, 416, 417, 418, 419, 420, 421, 422, 502, 503, 504, 505, 506, 507, 628, 629, 630, 631, 632, 633, 634, 635, 636, 637, 638, 639, 792, 796, 797, 798, 799, 800, 801, 863, 864, 865, 866, 867, 868, 869, 870, 871, 872, 873, 874]","[17, 18, 19, 20, 21, 22, 23, 156, 157, 158, 159, 160, 161, 162, 163, 164, 165, 166, 167, 341, 342, 343, 344, 345, 412, 413, 414, 415, 416, 417, 418, 419, 420, 421, 422, 502, 503, 504, 505, 506, 507, 628, 629, 630, 631, 632, 633, 634, 635, 636, 637, 638, 639, 792, 797, 798, 799, 800, 801, 863, 864, 865, 866, 867, 868, 869, 870, 871, 872, 873, 874]",0/6 successful match,False,,False,40,False,,,,,
"B Gillette , 82716 J Travel Plaza # 0500140",307-682-3562 Flying I-90 Exit 126 ( WY 59 ) #,<U+25A1> <U+25A1>,Gillette,82716,J Travel Plaza # 0500140,307-682-3562,2007,Gillette,WY,,( WY 59 ) #,Flying I-90 Exit 126 ,Exit,126,True,unclear address_standardized_OFF_parenthesis,True,I-90,,,,,[],[],[],"[282, 741]",[],"[9, 44, 217, 422, 494, 524, 685, 874]",[],[],"[741, 422, 9, 874, 44, 524, 494, 685, 217, 282]",False,[],[],[],"[282, 741]","[9, 44, 217, 422, 494, 524, 685, 874]",[],[],0/6 successful match,False,,False,40,False,,0.6618181818181819,True,Flying J Travel Plaza # 0500140,Flying J
"8 307-686-1623 Gillette , 82716 I-90 Flying Exit J Travel 124 ( US Plaza 14-16 # 0500140 N )",8 / 307-682-3562 I-90 Exit 126 ( WY 59 ),HRS ME,Gillette,82716,I-90 Flying Exit J Travel 124 ( US Plaza 14-16 # 0500140 N ),307-682-3562,2008,Gillette,WY,,( WY 59 ),I-90 Exit 126 ,Exit,126,False,,False,I-90,,,,,[],[],[],"[282, 741]",[],"[9, 44, 217, 422, 494, 524, 685, 874]",[],"[17, 18, 19, 20, 21, 22, 23, 156, 157, 158, 159, 160, 161, 162, 163, 164, 165, 166, 167, 168, 340, 341, 342, 343, 344, 345, 346, 412, 413, 414, 415, 416, 417, 418, 419, 420, 421, 422, 502, 503, 504, 505, 506, 507, 628, 629, 630, 631, 632, 633, 634, 635, 636, 637, 638, 639, 792, 796, 797, 798, 799, 800, 801, 863, 864, 865, 866, 867, 868, 869, 870, 871, 872, 873, 874]","[9, 524, 17, 18, 19, 20, 21, 22, 23, 44, 628, 629, 630, 631, 632, 633, 634, 635, 636, 637, 638, 639, 156, 157, 158, 159, 160, 161, 162, 163, 164, 165, 166, 167, 168, 685, 217, 741, 792, 282, 796, 797, 798, 799, 800, 801, 340, 341, 342, 343, 344, 345, 346, 863, 864, 865, 866, 867, 868, 869, 870, 871, 872, 873, 874, 412, 413, 414, 415, 416, 417, 418, 419, 420, 421, 422, 494, 502, 503, 504, 505, 506, 507]",False,[],[],[],"[282, 741]","[9, 44, 217, 422, 494, 524, 685, 874]","[17, 18, 19, 20, 21, 22, 23, 156, 157, 158, 159, 160, 161, 162, 163, 164, 165, 166, 167, 168, 340, 341, 342, 343, 344, 345, 346, 412, 413, 414, 415, 416, 417, 418, 419, 420, 421, 422, 502, 503, 504, 505, 506, 507, 628, 629, 630, 631, 632, 633, 634, 635, 636, 637, 638, 639, 792, 796, 797, 798, 799, 800, 801, 863, 864, 865, 866, 867, 868, 869, 870, 871, 872, 873, 874]",[],0/6 successful match,False,,False,40,False,,0.4380952380952381,True,J Travel Plaza # 0500140,
Gillette ( 82716 ) Flying J Travel Plaza # 762,307-682-3562 I-90 Exit 126 ( WY 59 ),24 DOMO,Gillette,82716,Flying J Travel Plaza # 762,307-682-3562,2014,Gillette,WY,Flying J,( WY 59 ),I-90 Exit 126 ,Exit,126,False,,False,I-90,,,,,[],[],[],"[282, 741]",[],"[9, 44, 217, 422, 494, 524, 685, 874]","[17, 18, 19, 20, 21, 22, 23, 156, 157, 158, 159, 160, 161, 162, 163, 164, 165, 166, 167, 341, 342, 343, 344, 345, 412, 413, 414, 415, 416, 417, 418, 419, 420, 421, 422, 502, 503, 504, 505, 506, 507, 628, 629, 630, 631, 632, 633, 634, 635, 636, 637, 638, 639, 792, 797, 798, 799, 800, 801, 863, 864, 865, 866, 867, 868, 869, 870, 871, 872, 873, 874]","[17, 18, 19, 20, 21, 22, 23, 156, 157, 158, 159, 160, 161, 162, 163, 164, 165, 166, 167, 168, 340, 341, 342, 343, 344, 345, 346, 412, 413, 414, 415, 416, 417, 418, 419, 420, 421, 422, 502, 503, 504, 505, 506, 507, 628, 629, 630, 631, 632, 633, 634, 635, 636, 637, 638, 639, 792, 796, 797, 798, 799, 800, 801, 863, 864, 865, 866, 867, 868, 869, 870, 871, 872, 873, 874]","[9, 524, 17, 18, 19, 20, 21, 22, 23, 44, 628, 629, 630, 631, 632, 633, 634, 635, 636, 637, 638, 639, 156, 157, 158, 159, 160, 161, 162, 163, 164, 165, 166, 167, 168, 685, 217, 741, 792, 282, 796, 797, 798, 799, 800, 801, 340, 341, 342, 343, 344, 345, 346, 863, 864, 865, 866, 867, 868, 869, 870, 871, 872, 873, 874, 412, 413, 414, 415, 416, 417, 418, 419, 420, 421, 422, 494, 502, 503, 504, 505, 506, 507]",False,[],[],[],"[282, 741]","[9, 44, 217, 422, 494, 524, 685, 874]","[17, 18, 19, 20, 21, 22, 23, 156, 157, 158, 159, 160, 161, 162, 163, 164, 165, 166, 167, 168, 340, 341, 342, 343, 344, 345, 346, 412, 413, 414, 415, 416, 417, 418, 419, 420, 421, 422, 502, 503, 504, 505, 506, 507, 628, 629, 630, 631, 632, 633, 634, 635, 636, 637, 638, 639, 792, 796, 797, 798, 799, 800, 801, 863, 864, 865, 866, 867, 868, 869, 870, 871, 872, 873, 874]","[17, 18, 19, 20, 21, 22, 23, 156, 157, 158, 159, 160, 161, 162, 163, 164, 165, 166, 167, 341, 342, 343, 344, 345, 412, 413, 414, 415, 416, 417, 418, 419, 420, 421, 422, 502, 503, 504, 505, 506, 507, 628, 629, 630, 631, 632, 633, 634, 635, 636, 637, 638, 639, 792, 797, 798, 799, 800, 801, 863, 864, 865, 866, 867, 868, 869, 870, 871, 872, 873, 874]",0/6 successful match,False,,False,40,False,,0.42266009852216746,True,I-90 Flying Exit J Travel 124 ( US Plaza 14-16 # 0500140 N ),
Gillette ( 82716 ) Flying J Travel Plaza # 762,307-682-3562 I-90 Exit 126 ( WY 59 ),FLYING J 124 M,Gillette,82716,Flying J Travel Plaza # 762,307-682-3562,2015,Gillette,WY,Flying J,( WY 59 ),I-90 Exit 126 ,Exit,126,False,,False,I-90,,,,,[],[],[],"[282, 741]",[],"[9, 44, 217, 422, 494, 524, 685, 874]","[17, 18, 19, 20, 21, 22, 23, 156, 157, 158, 159, 160, 161, 162, 163, 164, 165, 166, 167, 341, 342, 343, 344, 345, 412, 413, 414, 415, 416, 417, 418, 419, 420, 421, 422, 502, 503, 504, 505, 506, 507, 628, 629, 630, 631, 632, 633, 634, 635, 636, 637, 638, 639, 792, 797, 798, 799, 800, 801, 863, 864, 865, 866, 867, 868, 869, 870, 871, 872, 873, 874]","[17, 18, 19, 20, 21, 22, 23, 156, 157, 158, 159, 160, 161, 162, 163, 164, 165, 166, 167, 168, 340, 341, 342, 343, 344, 345, 346, 412, 413, 414, 415, 416, 417, 418, 419, 420, 421, 422, 502, 503, 504, 505, 506, 507, 628, 629, 630, 631, 632, 633, 634, 635, 636, 637, 638, 639, 792, 796, 797, 798, 799, 800, 801, 863, 864, 865, 866, 867, 868, 869, 870, 871, 872, 873, 874]","[9, 524, 17, 18, 19, 20, 21, 22, 23, 44, 628, 629, 630, 631, 632, 633, 634, 635, 636, 637, 638, 639, 156, 157, 158, 159, 160, 161, 162, 163, 164, 165, 166, 167, 168, 685, 217, 741, 792, 282, 796, 797, 798, 799, 800, 801, 340, 341, 342, 343, 344, 345, 346, 863, 864, 865, 866, 867, 868, 869, 870, 871, 872, 873, 874, 412, 413, 414, 415, 416, 417, 418, 419, 420, 421, 422, 494, 502, 503, 504, 505, 506, 507]",False,[],[],[],"[282, 741]","[9, 44, 217, 422, 494, 524, 685, 874]","[17, 18, 19, 20, 21, 22, 23, 156, 157, 158, 159, 160, 161, 162, 163, 164, 165, 166, 167, 168, 340, 341, 342, 343, 344, 345, 346, 412, 413, 414, 415, 416, 417, 418, 419, 420, 421, 422, 502, 503, 504, 505, 506, 507, 628, 629, 630, 631, 632, 633, 634, 635, 636, 637, 638, 639, 792, 796, 797, 798, 799, 800, 801, 863, 864, 865, 866, 867, 868, 869, 870, 871, 872, 873, 874]","[17, 18, 19, 20, 21, 22, 23, 156, 157, 158, 159, 160, 161, 162, 163, 164, 165, 166, 167, 341, 342, 343, 344, 345, 412, 413, 414, 415, 416, 417, 418, 419, 420, 421, 422, 502, 503, 504, 505, 506, 507, 628, 629, 630, 631, 632, 633, 634, 635, 636, 637, 638, 639, 792, 797, 798, 799, 800, 801, 863, 864, 865, 866, 867, 868, 869, 870, 871, 872, 873, 874]",0/6 successful match,False,,False,40,False,,1.0,True,Flying J Travel Plaza # 762,Flying J
B Gillette ( 82716 ) Flying J Travel FLYING,307-682-3562 I-90 Exit 126 ( WY 59 ),FLYING J,Gillette,82716,Flying J Travel FLYING,307-682-3562,2016,Gillette,WY,Flying J,( WY 59 ),I-90 Exit 126 ,Exit,126,False,,False,I-90,,,,,[],[],[],"[282, 741]",[],"[9, 44, 217, 422, 494, 524, 685, 874]","[17, 18, 19, 20, 21, 22, 23, 156, 157, 158, 159, 160, 161, 162, 163, 164, 165, 166, 167, 341, 342, 343, 344, 345, 412, 413, 414, 415, 416, 417, 418, 419, 420, 421, 422, 502, 503, 504, 505, 506, 507, 628, 629, 630, 631, 632, 633, 634, 635, 636, 637, 638, 639, 792, 797, 798, 799, 800, 801, 863, 864, 865, 866, 867, 868, 869, 870, 871, 872, 873, 874]","[17, 18, 19, 20, 21, 22, 23, 156, 157, 158, 159, 160, 161, 162, 163, 164, 165, 166, 167, 168, 340, 341, 342, 343, 344, 345, 346, 412, 413, 414, 415, 416, 417, 418, 419, 420, 421, 422, 502, 503, 504, 505, 506, 507, 628, 629, 630, 631, 632, 633, 634, 635, 636, 637, 638, 639, 792, 796, 797, 798, 799, 800, 801, 863, 864, 865, 866, 867, 868, 869, 870, 871, 872, 873, 874]","[9, 524, 17, 18, 19, 20, 21, 22, 23, 44, 628, 629, 630, 631, 632, 633, 634, 635, 636, 637, 638, 639, 156, 157, 158, 159, 160, 161, 162, 163, 164, 165, 166, 167, 168, 685, 217, 741, 792, 282, 796, 797, 798, 799, 800, 801, 340, 341, 342, 343, 344, 345, 346, 863, 864, 865, 866, 867, 868, 869, 870, 871, 872, 873, 874, 412, 413, 414, 415, 416, 417, 418, 419, 420, 421, 422, 494, 502, 503, 504, 505, 506, 507]",False,[],[],[],"[282, 741]","[9, 44, 217, 422, 494, 524, 685, 874]","[17, 18, 19, 20, 21, 22, 23, 156, 157, 158, 159, 160, 161, 162, 163, 164, 165, 166, 167, 168, 340, 341, 342, 343, 344, 345, 346, 412, 413, 414, 415, 416, 417, 418, 419, 420, 421, 422, 502, 503, 504, 505, 506, 507, 628, 629, 630, 631, 632, 633, 634, 635, 636, 637, 638, 639, 792, 796, 797, 798, 799, 800, 801, 863, 864, 865, 866, 867, 868, 869, 870, 871, 872, 873, 874]","[17, 18, 19, 20, 21, 22, 23, 156, 157, 158, 159, 160, 161, 162, 163, 164, 165, 166, 167, 341, 342, 343, 344, 345, 412, 413, 414, 415, 416, 417, 418, 419, 420, 421, 422, 502, 503, 504, 505, 506, 507, 628, 629, 630, 631, 632, 633, 634, 635, 636, 637, 638, 639, 792, 797, 798, 799, 800, 801, 863, 864, 865, 866, 867, 868, 869, 870, 871, 872, 873, 874]",0/6 successful match,False,,False,40,False,,0.6081632653061224,True,Flying J Travel Plaza # 762,Flying J
"B Gillette , 82717 Shell Food Mart",307-686-1623 I-90 Exit 124 ( US 14-16 N ),<U+2610>,Gillette,82717,Shell Food Mart,307-686-1623,2006,Gillette,WY,Shell,( US 14-16 N ),I-90 Exit 124 ,Exit,124,False,,False,I-90,,,,,[],[],[],[],[],"[9, 44, 217, 422, 494, 524, 685, 874]","[1, 13, 14, 29, 54, 55, 56, 57, 58, 60, 102, 118, 125, 127, 130, 134, 146, 149, 153, 175, 182, 187, 189, 191, 197, 225, 230, 238, 264, 265, 266, 286, 302, 317, 336, 379, 388, 389, 425, 454, 458, 463, 475, 487, 498, 499, 512, 530, 531, 532, 533, 534, 536, 573, 589, 596, 598, 601, 605, 617, 620, 624, 646, 653, 658, 660, 662, 668, 689, 694, 702, 724, 725, 745, 760, 775, 793, 829, 838, 839, 877, 901, 903, 905, 910, 923]","[1, 13, 14, 29, 54, 55, 56, 57, 58, 60, 102, 118, 125, 127, 130, 134, 146, 149, 153, 175, 182, 187, 189, 191, 197, 225, 230, 238, 264, 265, 266, 286, 302, 317, 336, 354, 379, 388, 389, 425, 454, 458, 463, 475, 487, 498, 499, 512, 530, 531, 532, 533, 534, 536, 573, 589, 596, 598, 601, 605, 617, 620, 624, 646, 653, 658, 660, 662, 668, 689, 694, 702, 724, 725, 745, 760, 775, 793, 809, 829, 838, 839, 877, 901, 903, 905, 910, 923]","[512, 1, 9, 524, 13, 14, 530, 531, 532, 533, 534, 536, 29, 44, 54, 55, 56, 57, 58, 60, 573, 589, 596, 598, 601, 605, 102, 617, 620, 624, 118, 125, 127, 130, 134, 646, 653, 146, 658, 660, 149, 662, 153, 668, 685, 175, 689, 182, 694, 187, 189, 702, 191, 197, 724, 725, 217, 225, 230, 745, 238, 760, 775, 264, 265, 266, 793, 286, 809, 302, 317, 829, 838, 839, 336, 354, 874, 877, 379, 388, 389, 901, 903, 905, 910, 923, 422, 425, 454, 458, 463, 475, 487, 494, 498, 499]",False,[],[],[],[],"[9, 44, 217, 422, 494, 524, 685, 874]","[1, 13, 14, 29, 54, 55, 56, 57, 58, 60, 102, 118, 125, 127, 130, 134, 146, 149, 153, 175, 182, 187, 189, 191, 197, 225, 230, 238, 264, 265, 266, 286, 302, 317, 336, 354, 379, 388, 389, 425, 454, 458, 463, 475, 487, 498, 499, 512, 530, 531, 532, 533, 534, 536, 573, 589, 596, 598, 601, 605, 617, 620, 624, 646, 653, 658, 660, 662, 668, 689, 694, 702, 724, 725, 745, 760, 775, 793, 809, 829, 838, 839, 877, 901, 903, 905, 910, 923]","[1, 13, 14, 29, 54, 55, 56, 57, 58, 60, 102, 118, 125, 127, 130, 134, 146, 149, 153, 175, 182, 187, 189, 191, 197, 225, 230, 238, 264, 265, 266, 286, 302, 317, 336, 379, 388, 389, 425, 454, 458, 463, 475, 487, 498, 499, 512, 530, 531, 532, 533, 534, 536, 573, 589, 596, 598, 601, 605, 617, 620, 624, 646, 653, 658, 660, 662, 668, 689, 694, 702, 724, 725, 745, 760, 775, 793, 829, 838, 839, 877, 901, 903, 905, 910, 923]",0/6 successful match,False,,False,41,False,,,,,
"B Gillette , 82717 Shell Food Mart",307-686-1623 I-90 Exit 124 ( US 14-16 N ),24 XL 24,Gillette,82717,Shell Food Mart,307-686-1623,2007,Gillette,WY,Shell,( US 14-16 N ),I-90 Exit 124 ,Exit,124,False,,False,I-90,,,,,[],[],[],[],[],"[9, 44, 217, 422, 494, 524, 685, 874]","[1, 13, 14, 29, 54, 55, 56, 57, 58, 60, 102, 118, 125, 127, 130, 134, 146, 149, 153, 175, 182, 187, 189, 191, 197, 225, 230, 238, 264, 265, 266, 286, 302, 317, 336, 379, 388, 389, 425, 454, 458, 463, 475, 487, 498, 499, 512, 530, 531, 532, 533, 534, 536, 573, 589, 596, 598, 601, 605, 617, 620, 624, 646, 653, 658, 660, 662, 668, 689, 694, 702, 724, 725, 745, 760, 775, 793, 829, 838, 839, 877, 901, 903, 905, 910, 923]","[1, 13, 14, 29, 54, 55, 56, 57, 58, 60, 102, 118, 125, 127, 130, 134, 146, 149, 153, 175, 182, 187, 189, 191, 197, 225, 230, 238, 264, 265, 266, 286, 302, 317, 336, 354, 379, 388, 389, 425, 454, 458, 463, 475, 487, 498, 499, 512, 530, 531, 532, 533, 534, 536, 573, 589, 596, 598, 601, 605, 617, 620, 624, 646, 653, 658, 660, 662, 668, 689, 694, 702, 724, 725, 745, 760, 775, 793, 809, 829, 838, 839, 877, 901, 903, 905, 910, 923]","[512, 1, 9, 524, 13, 14, 530, 531, 532, 533, 534, 536, 29, 44, 54, 55, 56, 57, 58, 60, 573, 589, 596, 598, 601, 605, 102, 617, 620, 624, 118, 125, 127, 130, 134, 646, 653, 146, 658, 660, 149, 662, 153, 668, 685, 175, 689, 182, 694, 187, 189, 702, 191, 197, 724, 725, 217, 225, 230, 745, 238, 760, 775, 264, 265, 266, 793, 286, 809, 302, 317, 829, 838, 839, 336, 354, 874, 877, 379, 388, 389, 901, 903, 905, 910, 923, 422, 425, 454, 458, 463, 475, 487, 494, 498, 499]",False,[],[],[],[],"[9, 44, 217, 422, 494, 524, 685, 874]","[1, 13, 14, 29, 54, 55, 56, 57, 58, 60, 102, 118, 125, 127, 130, 134, 146, 149, 153, 175, 182, 187, 189, 191, 197, 225, 230, 238, 264, 265, 266, 286, 302, 317, 336, 354, 379, 388, 389, 425, 454, 458, 463, 475, 487, 498, 499, 512, 530, 531, 532, 533, 534, 536, 573, 589, 596, 598, 601, 605, 617, 620, 624, 646, 653, 658, 660, 662, 668, 689, 694, 702, 724, 725, 745, 760, 775, 793, 809, 829, 838, 839, 877, 901, 903, 905, 910, 923]","[1, 13, 14, 29, 54, 55, 56, 57, 58, 60, 102, 118, 125, 127, 130, 134, 146, 149, 153, 175, 182, 187, 189, 191, 197, 225, 230, 238, 264, 265, 266, 286, 302, 317, 336, 379, 388, 389, 425, 454, 458, 463, 475, 487, 498, 499, 512, 530, 531, 532, 533, 534, 536, 573, 589, 596, 598, 601, 605, 617, 620, 624, 646, 653, 658, 660, 662, 668, 689, 694, 702, 724, 725, 745, 760, 775, 793, 829, 838, 839, 877, 901, 903, 905, 910, 923]",0/6 successful match,False,,False,41,False,,1.0,True,Shell Food Mart,Shell
"Gillette , 82717 Shell Food Mart 129-6 mi S )",8 307-686-1623 I-90 Exit 124 ( US 14-16 N ),HRS HRS,Gillette,82717,Shell Food Mart 129-6 mi S ),307-686-1623,2008,Gillette,WY,Shell,( US 14-16 N ),I-90 Exit 124 ,Exit,124,False,,False,I-90,,,,,[],[],[],[],[],"[9, 44, 217, 422, 494, 524, 685, 874]","[1, 13, 14, 29, 54, 55, 56, 57, 58, 60, 102, 118, 125, 127, 130, 134, 146, 149, 153, 175, 182, 187, 189, 191, 197, 225, 230, 238, 264, 265, 266, 286, 302, 317, 336, 379, 388, 389, 425, 454, 458, 463, 475, 487, 498, 499, 512, 530, 531, 532, 533, 534, 536, 573, 589, 596, 598, 601, 605, 617, 620, 624, 646, 653, 658, 660, 662, 668, 689, 694, 702, 724, 725, 745, 760, 775, 793, 829, 838, 839, 877, 901, 903, 905, 910, 923]","[1, 13, 14, 29, 54, 55, 56, 57, 58, 60, 102, 118, 125, 127, 130, 134, 146, 149, 153, 175, 182, 187, 189, 191, 197, 225, 230, 238, 264, 265, 266, 286, 302, 317, 336, 354, 379, 388, 389, 425, 454, 458, 463, 475, 487, 498, 499, 512, 530, 531, 532, 533, 534, 536, 573, 589, 596, 598, 601, 605, 617, 620, 624, 646, 653, 658, 660, 662, 668, 689, 694, 702, 724, 725, 745, 760, 775, 793, 809, 829, 838, 839, 877, 901, 903, 905, 910, 923]","[512, 1, 9, 524, 13, 14, 530, 531, 532, 533, 534, 536, 29, 44, 54, 55, 56, 57, 58, 60, 573, 589, 596, 598, 601, 605, 102, 617, 620, 624, 118, 125, 127, 130, 134, 646, 653, 146, 658, 660, 149, 662, 153, 668, 685, 175, 689, 182, 694, 187, 189, 702, 191, 197, 724, 725, 217, 225, 230, 745, 238, 760, 775, 264, 265, 266, 793, 286, 809, 302, 317, 829, 838, 839, 336, 354, 874, 877, 379, 388, 389, 901, 903, 905, 910, 923, 422, 425, 454, 458, 463, 475, 487, 494, 498, 499]",False,[],[],[],[],"[9, 44, 217, 422, 494, 524, 685, 874]","[1, 13, 14, 29, 54, 55, 56, 57, 58, 60, 102, 118, 125, 127, 130, 134, 146, 149, 153, 175, 182, 187, 189, 191, 197, 225, 230, 238, 264, 265, 266, 286, 302, 317, 336, 354, 379, 388, 389, 425, 454, 458, 463, 475, 487, 498, 499, 512, 530, 531, 532, 533, 534, 536, 573, 589, 596, 598, 601, 605, 617, 620, 624, 646, 653, 658, 660, 662, 668, 689, 694, 702, 724, 725, 745, 760, 775, 793, 809, 829, 838, 839, 877, 901, 903, 905, 910, 923]","[1, 13, 14, 29, 54, 55, 56, 57, 58, 60, 102, 118, 125, 127, 130, 134, 146, 149, 153, 175, 182, 187, 189, 191, 197, 225, 230, 238, 264, 265, 266, 286, 302, 317, 336, 379, 388, 389, 425, 454, 458, 463, 475, 487, 498, 499, 512, 530, 531, 532, 533, 534, 536, 573, 589, 596, 598, 601, 605, 617, 620, 624, 646, 653, 658, 660, 662, 668, 689, 694, 702, 724, 725, 745, 760, 775, 793, 829, 838, 839, 877, 901, 903, 905, 910, 923]",0/6 successful match,False,,False,41,False,,1.0,True,Shell Food Mart,Shell
B Gillette ( 82717 ) Shell Food Mart # 101,8 307-686-1623 I-90 Exit 124 ( US 14-16 N ),24 <U+25A1>,Gillette,82717,Shell Food Mart # 101,307-686-1623,2014,Gillette,WY,Shell,( US 14-16 N ),I-90 Exit 124 ,Exit,124,False,,False,I-90,,,,,[],[],[],[],[],"[9, 44, 217, 422, 494, 524, 685, 874]","[1, 13, 14, 29, 54, 55, 56, 57, 58, 60, 102, 118, 125, 127, 130, 134, 146, 149, 153, 175, 182, 187, 189, 191, 197, 225, 230, 238, 264, 265, 266, 286, 302, 317, 336, 379, 388, 389, 425, 454, 458, 463, 475, 487, 498, 499, 512, 530, 531, 532, 533, 534, 536, 573, 589, 596, 598, 601, 605, 617, 620, 624, 646, 653, 658, 660, 662, 668, 689, 694, 702, 724, 725, 745, 760, 775, 793, 829, 838, 839, 877, 901, 903, 905, 910, 923]","[1, 13, 14, 29, 54, 55, 56, 57, 58, 60, 102, 118, 125, 127, 130, 134, 146, 149, 153, 175, 182, 187, 189, 191, 197, 225, 230, 238, 264, 265, 266, 286, 302, 317, 336, 354, 379, 388, 389, 425, 454, 458, 463, 475, 487, 498, 499, 512, 530, 531, 532, 533, 534, 536, 573, 589, 596, 598, 601, 605, 617, 620, 624, 646, 653, 658, 660, 662, 668, 689, 694, 702, 724, 725, 745, 760, 775, 793, 809, 829, 838, 839, 877, 901, 903, 905, 910, 923]","[512, 1, 9, 524, 13, 14, 530, 531, 532, 533, 534, 536, 29, 44, 54, 55, 56, 57, 58, 60, 573, 589, 596, 598, 601, 605, 102, 617, 620, 624, 118, 125, 127, 130, 134, 646, 653, 146, 658, 660, 149, 662, 153, 668, 685, 175, 689, 182, 694, 187, 189, 702, 191, 197, 724, 725, 217, 225, 230, 745, 238, 760, 775, 264, 265, 266, 793, 286, 809, 302, 317, 829, 838, 839, 336, 354, 874, 877, 379, 388, 389, 901, 903, 905, 910, 923, 422, 425, 454, 458, 463, 475, 487, 494, 498, 499]",False,[],[],[],[],"[9, 44, 217, 422, 494, 524, 685, 874]","[1, 13, 14, 29, 54, 55, 56, 57, 58, 60, 102, 118, 125, 127, 130, 134, 146, 149, 153, 175, 182, 187, 189, 191, 197, 225, 230, 238, 264, 265, 266, 286, 302, 317, 336, 354, 379, 388, 389, 425, 454, 458, 463, 475, 487, 498, 499, 512, 530, 531, 532, 533, 534, 536, 573, 589, 596, 598, 601, 605, 617, 620, 624, 646, 653, 658, 660, 662, 668, 689, 694, 702, 724, 725, 745, 760, 775, 793, 809, 829, 838, 839, 877, 901, 903, 905, 910, 923]","[1, 13, 14, 29, 54, 55, 56, 57, 58, 60, 102, 118, 125, 127, 130, 134, 146, 149, 153, 175, 182, 187, 189, 191, 197, 225, 230, 238, 264, 265, 266, 286, 302, 317, 336, 379, 388, 389, 425, 454, 458, 463, 475, 487, 498, 499, 512, 530, 531, 532, 533, 534, 536, 573, 589, 596, 598, 601, 605, 617, 620, 624, 646, 653, 658, 660, 662, 668, 689, 694, 702, 724, 725, 745, 760, 775, 793, 829, 838, 839, 877, 901, 903, 905, 910, 923]",0/6 successful match,False,,False,41,False,,1.0,True,Shell Food Mart 129-6 mi S ),Shell
B Gillette ( 82717 ) Shell Food Mart # 101,8 307-686-1623 I-90 Exit 124 ( US 14-16 N ),24 <U+2610>,Gillette,82717,Shell Food Mart # 101,307-686-1623,2015,Gillette,WY,Shell,( US 14-16 N ),I-90 Exit 124 ,Exit,124,False,,False,I-90,,,,,[],[],[],[],[],"[9, 44, 217, 422, 494, 524, 685, 874]","[1, 13, 14, 29, 54, 55, 56, 57, 58, 60, 102, 118, 125, 127, 130, 134, 146, 149, 153, 175, 182, 187, 189, 191, 197, 225, 230, 238, 264, 265, 266, 286, 302, 317, 336, 379, 388, 389, 425, 454, 458, 463, 475, 487, 498, 499, 512, 530, 531, 532, 533, 534, 536, 573, 589, 596, 598, 601, 605, 617, 620, 624, 646, 653, 658, 660, 662, 668, 689, 694, 702, 724, 725, 745, 760, 775, 793, 829, 838, 839, 877, 901, 903, 905, 910, 923]","[1, 13, 14, 29, 54, 55, 56, 57, 58, 60, 102, 118, 125, 127, 130, 134, 146, 149, 153, 175, 182, 187, 189, 191, 197, 225, 230, 238, 264, 265, 266, 286, 302, 317, 336, 354, 379, 388, 389, 425, 454, 458, 463, 475, 487, 498, 499, 512, 530, 531, 532, 533, 534, 536, 573, 589, 596, 598, 601, 605, 617, 620, 624, 646, 653, 658, 660, 662, 668, 689, 694, 702, 724, 725, 745, 760, 775, 793, 809, 829, 838, 839, 877, 901, 903, 905, 910, 923]","[512, 1, 9, 524, 13, 14, 530, 531, 532, 533, 534, 536, 29, 44, 54, 55, 56, 57, 58, 60, 573, 589, 596, 598, 601, 605, 102, 617, 620, 624, 118, 125, 127, 130, 134, 646, 653, 146, 658, 660, 149, 662, 153, 668, 685, 175, 689, 182, 694, 187, 189, 702, 191, 197, 724, 725, 217, 225, 230, 745, 238, 760, 775, 264, 265, 266, 793, 286, 809, 302, 317, 829, 838, 839, 336, 354, 874, 877, 379, 388, 389, 901, 903, 905, 910, 923, 422, 425, 454, 458, 463, 475, 487, 494, 498, 499]",False,[],[],[],[],"[9, 44, 217, 422, 494, 524, 685, 874]","[1, 13, 14, 29, 54, 55, 56, 57, 58, 60, 102, 118, 125, 127, 130, 134, 146, 149, 153, 175, 182, 187, 189, 191, 197, 225, 230, 238, 264, 265, 266, 286, 302, 317, 336, 354, 379, 388, 389, 425, 454, 458, 463, 475, 487, 498, 499, 512, 530, 531, 532, 533, 534, 536, 573, 589, 596, 598, 601, 605, 617, 620, 624, 646, 653, 658, 660, 662, 668, 689, 694, 702, 724, 725, 745, 760, 775, 793, 809, 829, 838, 839, 877, 901, 903, 905, 910, 923]","[1, 13, 14, 29, 54, 55, 56, 57, 58, 60, 102, 118, 125, 127, 130, 134, 146, 149, 153, 175, 182, 187, 189, 191, 197, 225, 230, 238, 264, 265, 266, 286, 302, 317, 336, 379, 388, 389, 425, 454, 458, 463, 475, 487, 498, 499, 512, 530, 531, 532, 533, 534, 536, 573, 589, 596, 598, 601, 605, 617, 620, 624, 646, 653, 658, 660, 662, 668, 689, 694, 702, 724, 725, 745, 760, 775, 793, 829, 838, 839, 877, 901, 903, 905, 910, 923]",0/6 successful match,False,,False,41,False,,1.0,True,Shell Food Mart # 101,Shell
B Gillette ( 82717 ) Shell Food Mart # 101,307-686-1623 I-90 Exit 124 ( US 14-16 N ),1013 24 <U+2610>,Gillette,82717,Shell Food Mart # 101,307-686-1623,2016,Gillette,WY,Shell,( US 14-16 N ),I-90 Exit 124 ,Exit,124,False,,False,I-90,,,,,[],[],[],[],[],"[9, 44, 217, 422, 494, 524, 685, 874]","[1, 13, 14, 29, 54, 55, 56, 57, 58, 60, 102, 118, 125, 127, 130, 134, 146, 149, 153, 175, 182, 187, 189, 191, 197, 225, 230, 238, 264, 265, 266, 286, 302, 317, 336, 379, 388, 389, 425, 454, 458, 463, 475, 487, 498, 499, 512, 530, 531, 532, 533, 534, 536, 573, 589, 596, 598, 601, 605, 617, 620, 624, 646, 653, 658, 660, 662, 668, 689, 694, 702, 724, 725, 745, 760, 775, 793, 829, 838, 839, 877, 901, 903, 905, 910, 923]","[1, 13, 14, 29, 54, 55, 56, 57, 58, 60, 102, 118, 125, 127, 130, 134, 146, 149, 153, 175, 182, 187, 189, 191, 197, 225, 230, 238, 264, 265, 266, 286, 302, 317, 336, 354, 379, 388, 389, 425, 454, 458, 463, 475, 487, 498, 499, 512, 530, 531, 532, 533, 534, 536, 573, 589, 596, 598, 601, 605, 617, 620, 624, 646, 653, 658, 660, 662, 668, 689, 694, 702, 724, 725, 745, 760, 775, 793, 809, 829, 838, 839, 877, 901, 903, 905, 910, 923]","[512, 1, 9, 524, 13, 14, 530, 531, 532, 533, 534, 536, 29, 44, 54, 55, 56, 57, 58, 60, 573, 589, 596, 598, 601, 605, 102, 617, 620, 624, 118, 125, 127, 130, 134, 646, 653, 146, 658, 660, 149, 662, 153, 668, 685, 175, 689, 182, 694, 187, 189, 702, 191, 197, 724, 725, 217, 225, 230, 745, 238, 760, 775, 264, 265, 266, 793, 286, 809, 302, 317, 829, 838, 839, 336, 354, 874, 877, 379, 388, 389, 901, 903, 905, 910, 923, 422, 425, 454, 458, 463, 475, 487, 494, 498, 499]",False,[],[],[],[],"[9, 44, 217, 422, 494, 524, 685, 874]","[1, 13, 14, 29, 54, 55, 56, 57, 58, 60, 102, 118, 125, 127, 130, 134, 146, 149, 153, 175, 182, 187, 189, 191, 197, 225, 230, 238, 264, 265, 266, 286, 302, 317, 336, 354, 379, 388, 389, 425, 454, 458, 463, 475, 487, 498, 499, 512, 530, 531, 532, 533, 534, 536, 573, 589, 596, 598, 601, 605, 617, 620, 624, 646, 653, 658, 660, 662, 668, 689, 694, 702, 724, 725, 745, 760, 775, 793, 809, 829, 838, 839, 877, 901, 903, 905, 910, 923]","[1, 13, 14, 29, 54, 55, 56, 57, 58, 60, 102, 118, 125, 127, 130, 134, 146, 149, 153, 175, 182, 187, 189, 191, 197, 225, 230, 238, 264, 265, 266, 286, 302, 317, 336, 379, 388, 389, 425, 454, 458, 463, 475, 487, 498, 499, 512, 530, 531, 532, 533, 534, 536, 573, 589, 596, 598, 601, 605, 617, 620, 624, 646, 653, 658, 660, 662, 668, 689, 694, 702, 724, 725, 745, 760, 775, 793, 829, 838, 839, 877, 901, 903, 905, 910, 923]",0/6 successful match,False,,False,41,False,,1.0,True,Shell Food Mart # 101,Shell
"B Gillette , 82718 Shell Food Mart",307-686-4144 10800 WY 59 S ( I-90 Exit 129-6 mi S ),S ) M <U+2610>,Gillette,82718,Shell Food Mart,307-686-4144,2006,Gillette,WY,Shell,( I-90 Exit 129-6 mi S ),10800 WY 59 S,Proper,,False,,False,10800 WY,,,,,[],[],[],[],[],[],"[1, 13, 14, 29, 54, 55, 56, 57, 58, 60, 102, 118, 125, 127, 130, 134, 146, 149, 153, 175, 182, 187, 189, 191, 197, 225, 230, 238, 264, 265, 266, 286, 302, 317, 336, 379, 388, 389, 425, 454, 458, 463, 475, 487, 498, 499, 512, 530, 531, 532, 533, 534, 536, 573, 589, 596, 598, 601, 605, 617, 620, 624, 646, 653, 658, 660, 662, 668, 689, 694, 702, 724, 725, 745, 760, 775, 793, 829, 838, 839, 877, 901, 903, 905, 910, 923]","[1, 13, 14, 29, 54, 55, 56, 57, 58, 60, 102, 118, 125, 127, 130, 134, 146, 149, 153, 175, 182, 187, 189, 191, 197, 225, 230, 238, 264, 265, 266, 286, 302, 317, 336, 354, 379, 388, 389, 425, 454, 458, 463, 475, 487, 498, 499, 512, 530, 531, 532, 533, 534, 536, 573, 589, 596, 598, 601, 605, 617, 620, 624, 646, 653, 658, 660, 662, 668, 689, 694, 702, 724, 725, 745, 760, 775, 793, 809, 829, 838, 839, 877, 901, 903, 905, 910, 923]","[512, 1, 13, 14, 530, 531, 532, 533, 534, 536, 29, 54, 55, 56, 57, 58, 60, 573, 589, 596, 598, 601, 605, 102, 617, 620, 624, 118, 125, 127, 130, 134, 646, 653, 146, 658, 660, 149, 662, 153, 668, 175, 689, 694, 182, 187, 189, 702, 191, 197, 724, 725, 225, 230, 745, 238, 760, 775, 264, 265, 266, 793, 286, 809, 302, 317, 829, 838, 839, 336, 354, 877, 379, 388, 389, 901, 903, 905, 910, 923, 425, 454, 458, 463, 475, 487, 498, 499]",False,[],[],[],[],[],"[1, 13, 14, 29, 54, 55, 56, 57, 58, 60, 102, 118, 125, 127, 130, 134, 146, 149, 153, 175, 182, 187, 189, 191, 197, 225, 230, 238, 264, 265, 266, 286, 302, 317, 336, 354, 379, 388, 389, 425, 454, 458, 463, 475, 487, 498, 499, 512, 530, 531, 532, 533, 534, 536, 573, 589, 596, 598, 601, 605, 617, 620, 624, 646, 653, 658, 660, 662, 668, 689, 694, 702, 724, 725, 745, 760, 775, 793, 809, 829, 838, 839, 877, 901, 903, 905, 910, 923]","[1, 13, 14, 29, 54, 55, 56, 57, 58, 60, 102, 118, 125, 127, 130, 134, 146, 149, 153, 175, 182, 187, 189, 191, 197, 225, 230, 238, 264, 265, 266, 286, 302, 317, 336, 379, 388, 389, 425, 454, 458, 463, 475, 487, 498, 499, 512, 530, 531, 532, 533, 534, 536, 573, 589, 596, 598, 601, 605, 617, 620, 624, 646, 653, 658, 660, 662, 668, 689, 694, 702, 724, 725, 745, 760, 775, 793, 829, 838, 839, 877, 901, 903, 905, 910, 923]",0/6 successful match,False,,False,42,False,,,,,
"B Gillette , 82718 Shell Food Mart",307-686-4144 10800 WY 59 S ( I-90 Exit 129 - 6 mi S ),,Gillette,82718,Shell Food Mart,307-686-4144,2007,Gillette,WY,Shell,( I-90 Exit 129 - 6 mi S ),10800 WY 59 S,Proper,,False,,False,10800 WY,,,,,[],[],[],[],[],[],"[1, 13, 14, 29, 54, 55, 56, 57, 58, 60, 102, 118, 125, 127, 130, 134, 146, 149, 153, 175, 182, 187, 189, 191, 197, 225, 230, 238, 264, 265, 266, 286, 302, 317, 336, 379, 388, 389, 425, 454, 458, 463, 475, 487, 498, 499, 512, 530, 531, 532, 533, 534, 536, 573, 589, 596, 598, 601, 605, 617, 620, 624, 646, 653, 658, 660, 662, 668, 689, 694, 702, 724, 725, 745, 760, 775, 793, 829, 838, 839, 877, 901, 903, 905, 910, 923]","[1, 13, 14, 29, 54, 55, 56, 57, 58, 60, 102, 118, 125, 127, 130, 134, 146, 149, 153, 175, 182, 187, 189, 191, 197, 225, 230, 238, 264, 265, 266, 286, 302, 317, 336, 354, 379, 388, 389, 425, 454, 458, 463, 475, 487, 498, 499, 512, 530, 531, 532, 533, 534, 536, 573, 589, 596, 598, 601, 605, 617, 620, 624, 646, 653, 658, 660, 662, 668, 689, 694, 702, 724, 725, 745, 760, 775, 793, 809, 829, 838, 839, 877, 901, 903, 905, 910, 923]","[512, 1, 13, 14, 530, 531, 532, 533, 534, 536, 29, 54, 55, 56, 57, 58, 60, 573, 589, 596, 598, 601, 605, 102, 617, 620, 624, 118, 125, 127, 130, 134, 646, 653, 146, 658, 660, 149, 662, 153, 668, 175, 689, 694, 182, 187, 189, 702, 191, 197, 724, 725, 225, 230, 745, 238, 760, 775, 264, 265, 266, 793, 286, 809, 302, 317, 829, 838, 839, 336, 354, 877, 379, 388, 389, 901, 903, 905, 910, 923, 425, 454, 458, 463, 475, 487, 498, 499]",False,[],[],[],[],[],"[1, 13, 14, 29, 54, 55, 56, 57, 58, 60, 102, 118, 125, 127, 130, 134, 146, 149, 153, 175, 182, 187, 189, 191, 197, 225, 230, 238, 264, 265, 266, 286, 302, 317, 336, 354, 379, 388, 389, 425, 454, 458, 463, 475, 487, 498, 499, 512, 530, 531, 532, 533, 534, 536, 573, 589, 596, 598, 601, 605, 617, 620, 624, 646, 653, 658, 660, 662, 668, 689, 694, 702, 724, 725, 745, 760, 775, 793, 809, 829, 838, 839, 877, 901, 903, 905, 910, 923]","[1, 13, 14, 29, 54, 55, 56, 57, 58, 60, 102, 118, 125, 127, 130, 134, 146, 149, 153, 175, 182, 187, 189, 191, 197, 225, 230, 238, 264, 265, 266, 286, 302, 317, 336, 379, 388, 389, 425, 454, 458, 463, 475, 487, 498, 499, 512, 530, 531, 532, 533, 534, 536, 573, 589, 596, 598, 601, 605, 617, 620, 624, 646, 653, 658, 660, 662, 668, 689, 694, 702, 724, 725, 745, 760, 775, 793, 829, 838, 839, 877, 901, 903, 905, 910, 923]",0/6 successful match,False,,False,42,False,,1.0,True,Shell Food Mart,Shell
"Gillette , 82718 Shell Food Mart",307-686-4144 10800 WY 59 S ( I-90 Exit 129-6 mi S ),S ) 24 HRS M <U+2610> <U+2610>,Gillette,82718,Shell Food Mart,307-686-4144,2008,Gillette,WY,Shell,( I-90 Exit 129-6 mi S ),10800 WY 59 S,Proper,,False,,False,10800 WY,,,,,[],[],[],[],[],[],"[1, 13, 14, 29, 54, 55, 56, 57, 58, 60, 102, 118, 125, 127, 130, 134, 146, 149, 153, 175, 182, 187, 189, 191, 197, 225, 230, 238, 264, 265, 266, 286, 302, 317, 336, 379, 388, 389, 425, 454, 458, 463, 475, 487, 498, 499, 512, 530, 531, 532, 533, 534, 536, 573, 589, 596, 598, 601, 605, 617, 620, 624, 646, 653, 658, 660, 662, 668, 689, 694, 702, 724, 725, 745, 760, 775, 793, 829, 838, 839, 877, 901, 903, 905, 910, 923]","[1, 13, 14, 29, 54, 55, 56, 57, 58, 60, 102, 118, 125, 127, 130, 134, 146, 149, 153, 175, 182, 187, 189, 191, 197, 225, 230, 238, 264, 265, 266, 286, 302, 317, 336, 354, 379, 388, 389, 425, 454, 458, 463, 475, 487, 498, 499, 512, 530, 531, 532, 533, 534, 536, 573, 589, 596, 598, 601, 605, 617, 620, 624, 646, 653, 658, 660, 662, 668, 689, 694, 702, 724, 725, 745, 760, 775, 793, 809, 829, 838, 839, 877, 901, 903, 905, 910, 923]","[512, 1, 13, 14, 530, 531, 532, 533, 534, 536, 29, 54, 55, 56, 57, 58, 60, 573, 589, 596, 598, 601, 605, 102, 617, 620, 624, 118, 125, 127, 130, 134, 646, 653, 146, 658, 660, 149, 662, 153, 668, 175, 689, 694, 182, 187, 189, 702, 191, 197, 724, 725, 225, 230, 745, 238, 760, 775, 264, 265, 266, 793, 286, 809, 302, 317, 829, 838, 839, 336, 354, 877, 379, 388, 389, 901, 903, 905, 910, 923, 425, 454, 458, 463, 475, 487, 498, 499]",False,[],[],[],[],[],"[1, 13, 14, 29, 54, 55, 56, 57, 58, 60, 102, 118, 125, 127, 130, 134, 146, 149, 153, 175, 182, 187, 189, 191, 197, 225, 230, 238, 264, 265, 266, 286, 302, 317, 336, 354, 379, 388, 389, 425, 454, 458, 463, 475, 487, 498, 499, 512, 530, 531, 532, 533, 534, 536, 573, 589, 596, 598, 601, 605, 617, 620, 624, 646, 653, 658, 660, 662, 668, 689, 694, 702, 724, 725, 745, 760, 775, 793, 809, 829, 838, 839, 877, 901, 903, 905, 910, 923]","[1, 13, 14, 29, 54, 55, 56, 57, 58, 60, 102, 118, 125, 127, 130, 134, 146, 149, 153, 175, 182, 187, 189, 191, 197, 225, 230, 238, 264, 265, 266, 286, 302, 317, 336, 379, 388, 389, 425, 454, 458, 463, 475, 487, 498, 499, 512, 530, 531, 532, 533, 534, 536, 573, 589, 596, 598, 601, 605, 617, 620, 624, 646, 653, 658, 660, 662, 668, 689, 694, 702, 724, 725, 745, 760, 775, 793, 829, 838, 839, 877, 901, 903, 905, 910, 923]",0/6 successful match,False,,False,42,False,,1.0,True,Shell Food Mart,Shell
B Gillette / Antelope Valley ( 82718 ) Shell Food Mart # 102,8 307-686-4144 WY 59 ( I-90 Exit 129 - 3 mi S ),D <U+2610>,Gillette / Antelope Valley,82718,Shell Food Mart # 102,307-686-4144,2014,Gillette,WY,Shell,( I-90 Exit 129 - 3 mi S ),WY 59,empty,,False,,False,WY 59,,,,,[],[],"[298, 339, 428, 757, 795, 880]",[],[],"[428, 880]","[1, 13, 14, 29, 54, 55, 56, 57, 58, 60, 102, 118, 125, 127, 130, 134, 146, 149, 153, 175, 182, 187, 189, 191, 197, 225, 230, 238, 264, 265, 266, 286, 302, 317, 336, 379, 388, 389, 425, 454, 458, 463, 475, 487, 498, 499, 512, 530, 531, 532, 533, 534, 536, 573, 589, 596, 598, 601, 605, 617, 620, 624, 646, 653, 658, 660, 662, 668, 689, 694, 702, 724, 725, 745, 760, 775, 793, 829, 838, 839, 877, 901, 903, 905, 910, 923]","[1, 13, 14, 29, 54, 55, 56, 57, 58, 60, 102, 118, 125, 127, 130, 134, 146, 149, 153, 175, 182, 187, 189, 191, 197, 225, 230, 238, 264, 265, 266, 286, 302, 317, 336, 354, 379, 388, 389, 425, 454, 458, 463, 475, 487, 498, 499, 512, 530, 531, 532, 533, 534, 536, 573, 589, 596, 598, 601, 605, 617, 620, 624, 646, 653, 658, 660, 662, 668, 689, 694, 702, 724, 725, 745, 760, 775, 793, 809, 829, 838, 839, 877, 901, 903, 905, 910, 923]","[512, 1, 13, 14, 530, 531, 532, 533, 534, 536, 29, 54, 55, 56, 57, 58, 60, 573, 589, 596, 598, 601, 605, 102, 617, 620, 624, 118, 125, 127, 130, 134, 646, 653, 146, 658, 660, 149, 662, 153, 668, 175, 689, 694, 182, 187, 189, 702, 191, 197, 724, 725, 225, 230, 745, 238, 757, 760, 775, 264, 265, 266, 793, 795, 286, 809, 298, 302, 317, 829, 838, 839, 336, 339, 354, 877, 880, 379, 388, 389, 901, 903, 905, 910, 923, 425, 428, 454, 458, 463, 475, 487, 498, 499]",False,[],[],"[298, 339, 428, 757, 795, 880]",[],"[428, 880]","[1, 13, 14, 29, 54, 55, 56, 57, 58, 60, 102, 118, 125, 127, 130, 134, 146, 149, 153, 175, 182, 187, 189, 191, 197, 225, 230, 238, 264, 265, 266, 286, 302, 317, 336, 354, 379, 388, 389, 425, 454, 458, 463, 475, 487, 498, 499, 512, 530, 531, 532, 533, 534, 536, 573, 589, 596, 598, 601, 605, 617, 620, 624, 646, 653, 658, 660, 662, 668, 689, 694, 702, 724, 725, 745, 760, 775, 793, 809, 829, 838, 839, 877, 901, 903, 905, 910, 923]","[1, 13, 14, 29, 54, 55, 56, 57, 58, 60, 102, 118, 125, 127, 130, 134, 146, 149, 153, 175, 182, 187, 189, 191, 197, 225, 230, 238, 264, 265, 266, 286, 302, 317, 336, 379, 388, 389, 425, 454, 458, 463, 475, 487, 498, 499, 512, 530, 531, 532, 533, 534, 536, 573, 589, 596, 598, 601, 605, 617, 620, 624, 646, 653, 658, 660, 662, 668, 689, 694, 702, 724, 725, 745, 760, 775, 793, 829, 838, 839, 877, 901, 903, 905, 910, 923]",0/6 successful match,False,,False,42,False,,1.0,True,Shell Food Mart,Shell
B Gillette ( S ) ( 82718 ) Shell Food Mart # 126 - 3 mi S ),307-686-4144 WY 59 ( I-90 Exit ( ),,Gillette,82718,Shell Food Mart # 126 - 3 mi S ),307-686-4144,2015,Gillette,WY,Shell,( I-90 Exit ( ),WY 59,empty,,False,,False,WY 59,,,,,[],[],[],[],[],"[428, 880]","[1, 13, 14, 29, 54, 55, 56, 57, 58, 60, 102, 118, 125, 127, 130, 134, 146, 149, 153, 175, 182, 187, 189, 191, 197, 225, 230, 238, 264, 265, 266, 286, 302, 317, 336, 379, 388, 389, 425, 454, 458, 463, 475, 487, 498, 499, 512, 530, 531, 532, 533, 534, 536, 573, 589, 596, 598, 601, 605, 617, 620, 624, 646, 653, 658, 660, 662, 668, 689, 694, 702, 724, 725, 745, 760, 775, 793, 829, 838, 839, 877, 901, 903, 905, 910, 923]","[1, 13, 14, 29, 54, 55, 56, 57, 58, 60, 102, 118, 125, 127, 130, 134, 146, 149, 153, 175, 182, 187, 189, 191, 197, 225, 230, 238, 264, 265, 266, 286, 302, 317, 336, 354, 379, 388, 389, 425, 454, 458, 463, 475, 487, 498, 499, 512, 530, 531, 532, 533, 534, 536, 573, 589, 596, 598, 601, 605, 617, 620, 624, 646, 653, 658, 660, 662, 668, 689, 694, 702, 724, 725, 745, 760, 775, 793, 809, 829, 838, 839, 877, 901, 903, 905, 910, 923]","[512, 1, 13, 14, 530, 531, 532, 533, 534, 536, 29, 54, 55, 56, 57, 58, 60, 573, 589, 596, 598, 601, 605, 102, 617, 620, 624, 118, 125, 127, 130, 134, 646, 653, 146, 658, 660, 149, 662, 153, 668, 175, 689, 694, 182, 187, 189, 702, 191, 197, 724, 725, 225, 230, 745, 238, 760, 775, 264, 265, 266, 793, 286, 809, 302, 317, 829, 838, 839, 336, 354, 877, 880, 379, 388, 389, 901, 903, 905, 910, 923, 425, 428, 454, 458, 463, 475, 487, 498, 499]",False,[],[],[],[],"[428, 880]","[1, 13, 14, 29, 54, 55, 56, 57, 58, 60, 102, 118, 125, 127, 130, 134, 146, 149, 153, 175, 182, 187, 189, 191, 197, 225, 230, 238, 264, 265, 266, 286, 302, 317, 336, 354, 379, 388, 389, 425, 454, 458, 463, 475, 487, 498, 499, 512, 530, 531, 532, 533, 534, 536, 573, 589, 596, 598, 601, 605, 617, 620, 624, 646, 653, 658, 660, 662, 668, 689, 694, 702, 724, 725, 745, 760, 775, 793, 809, 829, 838, 839, 877, 901, 903, 905, 910, 923]","[1, 13, 14, 29, 54, 55, 56, 57, 58, 60, 102, 118, 125, 127, 130, 134, 146, 149, 153, 175, 182, 187, 189, 191, 197, 225, 230, 238, 264, 265, 266, 286, 302, 317, 336, 379, 388, 389, 425, 454, 458, 463, 475, 487, 498, 499, 512, 530, 531, 532, 533, 534, 536, 573, 589, 596, 598, 601, 605, 617, 620, 624, 646, 653, 658, 660, 662, 668, 689, 694, 702, 724, 725, 745, 760, 775, 793, 829, 838, 839, 877, 901, 903, 905, 910, 923]",0/6 successful match,False,,False,42,False,,1.0,True,Shell Food Mart # 102,Shell
Gillette ( S ) ( 82718 ) Shell Food Mart # 102 S ),307-686-4144 WY 59 ( I-90 Exit 126 - 3 mi ),24 <U+2610> 24,Gillette,82718,Shell Food Mart # 102 S ),307-686-4144,2016,Gillette,WY,Shell,( I-90 Exit 126 - 3 mi ),WY 59,empty,,False,,False,WY 59,,,,,[],[],[],[],[],"[428, 880]","[1, 13, 14, 29, 54, 55, 56, 57, 58, 60, 102, 118, 125, 127, 130, 134, 146, 149, 153, 175, 182, 187, 189, 191, 197, 225, 230, 238, 264, 265, 266, 286, 302, 317, 336, 379, 388, 389, 425, 454, 458, 463, 475, 487, 498, 499, 512, 530, 531, 532, 533, 534, 536, 573, 589, 596, 598, 601, 605, 617, 620, 624, 646, 653, 658, 660, 662, 668, 689, 694, 702, 724, 725, 745, 760, 775, 793, 829, 838, 839, 877, 901, 903, 905, 910, 923]","[1, 13, 14, 29, 54, 55, 56, 57, 58, 60, 102, 118, 125, 127, 130, 134, 146, 149, 153, 175, 182, 187, 189, 191, 197, 225, 230, 238, 264, 265, 266, 286, 302, 317, 336, 354, 379, 388, 389, 425, 454, 458, 463, 475, 487, 498, 499, 512, 530, 531, 532, 533, 534, 536, 573, 589, 596, 598, 601, 605, 617, 620, 624, 646, 653, 658, 660, 662, 668, 689, 694, 702, 724, 725, 745, 760, 775, 793, 809, 829, 838, 839, 877, 901, 903, 905, 910, 923]","[512, 1, 13, 14, 530, 531, 532, 533, 534, 536, 29, 54, 55, 56, 57, 58, 60, 573, 589, 596, 598, 601, 605, 102, 617, 620, 624, 118, 125, 127, 130, 134, 646, 653, 146, 658, 660, 149, 662, 153, 668, 175, 689, 694, 182, 187, 189, 702, 191, 197, 724, 725, 225, 230, 745, 238, 760, 775, 264, 265, 266, 793, 286, 809, 302, 317, 829, 838, 839, 336, 354, 877, 880, 379, 388, 389, 901, 903, 905, 910, 923, 425, 428, 454, 458, 463, 475, 487, 498, 499]",False,[],[],[],[],"[428, 880]","[1, 13, 14, 29, 54, 55, 56, 57, 58, 60, 102, 118, 125, 127, 130, 134, 146, 149, 153, 175, 182, 187, 189, 191, 197, 225, 230, 238, 264, 265, 266, 286, 302, 317, 336, 354, 379, 388, 389, 425, 454, 458, 463, 475, 487, 498, 499, 512, 530, 531, 532, 533, 534, 536, 573, 589, 596, 598, 601, 605, 617, 620, 624, 646, 653, 658, 660, 662, 668, 689, 694, 702, 724, 725, 745, 760, 775, 793, 809, 829, 838, 839, 877, 901, 903, 905, 910, 923]","[1, 13, 14, 29, 54, 55, 56, 57, 58, 60, 102, 118, 125, 127, 130, 134, 146, 149, 153, 175, 182, 187, 189, 191, 197, 225, 230, 238, 264, 265, 266, 286, 302, 317, 336, 379, 388, 389, 425, 454, 458, 463, 475, 487, 498, 499, 512, 530, 531, 532, 533, 534, 536, 573, 589, 596, 598, 601, 605, 617, 620, 624, 646, 653, 658, 660, 662, 668, 689, 694, 702, 724, 725, 745, 760, 775, 793, 829, 838, 839, 877, 901, 903, 905, 910, 923]",0/6 successful match,False,,False,42,False,,1.0,True,Shell Food Mart # 126 - 3 mi S ),Shell
"Moorcroft , 82721 Coffee Cup Fuel Stop # 5 ( Conoco )",307-756-3493 I-90 Exit 154 ( WY 16 ),<U+25A1> D,Moorcroft,82721,Coffee Cup Fuel Stop # 5 ( Conoco ),307-756-3493,2006,Moorcroft,WY,Conoco,( WY 16 ),I-90 Exit 154 ,Exit,154,False,,False,I-90,,,,,[],[],[],[],[],"[9, 44, 217, 422, 494, 524, 685, 874]","[3, 27, 349, 406, 451, 489, 510, 804, 855, 898]","[3, 27, 349, 406, 451, 489, 510, 804, 855, 898]","[898, 3, 451, 804, 422, 9, 874, 489, 44, 524, 494, 685, 406, 855, 217, 27, 349, 510]",False,[],[],[],[],"[9, 44, 217, 422, 494, 524, 685, 874]","[3, 27, 349, 406, 451, 489, 510, 804, 855, 898]","[3, 27, 349, 406, 451, 489, 510, 804, 855, 898]",0/6 successful match,False,,False,43,False,,,,,
"B Moorcroft , 82721 Coffee Cup Fuel Stop # 5 ( Conoco )",307-756-3493 I-90 Exit 154 ( WY 16 ),24 HRS 489 MO <U+2610>,Moorcroft,82721,Coffee Cup Fuel Stop # 5 ( Conoco ),307-756-3493,2007,Moorcroft,WY,Conoco,( WY 16 ),I-90 Exit 154 ,Exit,154,False,,False,I-90,,,,,[],[],[],[],[],"[9, 44, 217, 422, 494, 524, 685, 874]","[3, 27, 349, 406, 451, 489, 510, 804, 855, 898]","[3, 27, 349, 406, 451, 489, 510, 804, 855, 898]","[898, 3, 451, 804, 422, 9, 874, 489, 44, 524, 494, 685, 406, 855, 217, 27, 349, 510]",False,[],[],[],[],"[9, 44, 217, 422, 494, 524, 685, 874]","[3, 27, 349, 406, 451, 489, 510, 804, 855, 898]","[3, 27, 349, 406, 451, 489, 510, 804, 855, 898]",0/6 successful match,False,,False,43,False,,1.0,True,Coffee Cup Fuel Stop # 5 ( Conoco ),Conoco
"Moorcroft , 82721 Coffee Cup Fuel",8 307-756-3493 I-90 Exit 154 ( WY Stop 16 ) # 5 ( Cenex ),24 M,Moorcroft,82721,Coffee Cup Fuel,307-756-3493,2008,Moorcroft,WY,,( WY Stop 16 ) # 5 ( Cenex ),I-90 Exit 154 ,Exit,154,False,,False,I-90,,,,,[],[],[],[],[],"[9, 44, 217, 422, 494, 524, 685, 874]",[],[],"[422, 9, 874, 44, 524, 494, 685, 217]",False,[],[],[],[],"[9, 44, 217, 422, 494, 524, 685, 874]",[],[],0/6 successful match,False,,False,43,False,,0.9466666666666667,True,Coffee Cup Fuel Stop # 5 ( Conoco ),Conoco
B Moorcroft ( 82721 ) Coffee Cup Fuel Stop # 5 ( Cenex ),307-756-3493 I-90 Exit 154 ( WY 16 ),24 M,Moorcroft,82721,Coffee Cup Fuel Stop # 5 ( Cenex ),307-756-3493,2014,Moorcroft,WY,Cenex,( WY 16 ),I-90 Exit 154 ,Exit,154,False,,False,I-90,,,,,[],[],[],[],[],"[9, 44, 217, 422, 494, 524, 685, 874]",[],[],"[422, 9, 874, 44, 524, 494, 685, 217]",False,[],[],[],[],"[9, 44, 217, 422, 494, 524, 685, 874]",[],[],0/6 successful match,False,,False,43,False,,0.9503401360544218,True,Coffee Cup Fuel,
B Moorcroft ( 82721 ) Coffee Cup Fuel Stop # 5 ( Cenex ) Bypass ),307-756-3493 I-90 Exit 154 ( WY 16 ),24 MO,Moorcroft,82721,Coffee Cup Fuel Stop # 5 ( Cenex ) Bypass ),307-756-3493,2015,Moorcroft,WY,Cenex,( WY 16 ),I-90 Exit 154 ,Exit,154,False,,False,I-90,,,,,[],[],[],[],[],"[9, 44, 217, 422, 494, 524, 685, 874]",[],[],"[422, 9, 874, 44, 524, 494, 685, 217]",False,[],[],[],[],"[9, 44, 217, 422, 494, 524, 685, 874]",[],[],0/6 successful match,False,,False,43,False,,1.0,True,Coffee Cup Fuel Stop # 5 ( Cenex ),Cenex
B Moorcroft ( 82721 ) Coffee Cup Fuel Stop # 5 ( Cenex ),8 307-756-3493 I-90 Exit 154 ( WY 16 ),24 M,Moorcroft,82721,Coffee Cup Fuel Stop # 5 ( Cenex ),307-756-3493,2016,Moorcroft,WY,Cenex,( WY 16 ),I-90 Exit 154 ,Exit,154,False,,False,I-90,,,,,[],[],[],[],[],"[9, 44, 217, 422, 494, 524, 685, 874]",[],[],"[422, 9, 874, 44, 524, 494, 685, 217]",False,[],[],[],[],"[9, 44, 217, 422, 494, 524, 685, 874]",[],[],0/6 successful match,False,,False,43,False,,1.0,True,Coffee Cup Fuel Stop # 5 ( Cenex ) Bypass ),Cenex
"Sundance , 82729 Sundance BP Travel Center",307-283-1200 I-90 Exit 189 ( US 14 ),24 HRS S,Sundance,82729,Sundance BP Travel Center,307-283-1200,2006,Sundance,WY,BP,( US 14 ),I-90 Exit 189 ,Exit,189,False,,False,I-90,,,,,[],[],[],"[455, 902]",[],"[9, 44, 217, 422, 494, 524, 685, 874]",[],[],"[902, 455, 422, 9, 874, 44, 524, 494, 685, 217]",False,[],[],[],"[455, 902]","[9, 44, 217, 422, 494, 524, 685, 874]",[],[],0/6 successful match,False,,False,44,False,,,,,
"B Sundance , 82729 Sundance BP Travel Center",307-283-1200 I-90 Exit 189 ( US 14 ),S,Sundance,82729,Sundance BP Travel Center,307-283-1200,2007,Sundance,WY,BP,( US 14 ),I-90 Exit 189 ,Exit,189,False,,False,I-90,,,,,[],[],[],"[455, 902]",[],"[9, 44, 217, 422, 494, 524, 685, 874]",[],[],"[902, 455, 422, 9, 874, 44, 524, 494, 685, 217]",False,[],[],[],"[455, 902]","[9, 44, 217, 422, 494, 524, 685, 874]",[],[],0/6 successful match,False,,False,44,False,,1.0,True,Sundance BP Travel Center,BP
"B Sundance , 82729 Sundance Travel Center ( BP ) )",307-283-1200 I-90 Exit 189 ( US 14 ),124 HRS S <U+25A1> D <U+2610> <U+2610>,Sundance,82729,Sundance Travel Center ( BP ) ),307-283-1200,2008,Sundance,WY,BP,( US 14 ),I-90 Exit 189 ,Exit,189,False,,False,I-90,,,,,[],[],[],"[455, 902]",[],"[9, 44, 217, 422, 494, 524, 685, 874]",[],[],"[902, 455, 422, 9, 874, 44, 524, 494, 685, 217]",False,[],[],[],"[455, 902]","[9, 44, 217, 422, 494, 524, 685, 874]",[],[],0/6 successful match,False,,False,44,False,,1.0,True,Sundance BP Travel Center,BP
Sundance ( 82729 ) Sundance Travel Center ( Conoco ),307-283-1200 I-90 Exit 189 ( US 14 ),24 S D,Sundance,82729,Sundance Travel Center ( Conoco ),307-283-1200,2014,Sundance,WY,Conoco,( US 14 ),I-90 Exit 189 ,Exit,189,False,,False,I-90,,,,,[],[],[],"[455, 902]",[],"[9, 44, 217, 422, 494, 524, 685, 874]","[3, 27, 349, 406, 451, 489, 510, 804, 855, 898]","[3, 27, 349, 406, 451, 489, 510, 804, 855, 898]","[898, 3, 902, 9, 524, 406, 27, 804, 422, 44, 685, 451, 455, 855, 217, 349, 489, 874, 494, 510]",False,[],[],[],"[455, 902]","[9, 44, 217, 422, 494, 524, 685, 874]","[3, 27, 349, 406, 451, 489, 510, 804, 855, 898]","[3, 27, 349, 406, 451, 489, 510, 804, 855, 898]",0/6 successful match,False,,False,44,False,,1.0,False,Sundance Travel Center ( BP ) ),BP
B Sundance ( 82729 ) Sundance Travel Center ( Conoco ),307-283-1200 I-90 Exit 189 ( US 14 ),S <U+2610> <U+2610>,Sundance,82729,Sundance Travel Center ( Conoco ),307-283-1200,2015,Sundance,WY,Conoco,( US 14 ),I-90 Exit 189 ,Exit,189,False,,False,I-90,,,,,[],[],[],"[455, 902]",[],"[9, 44, 217, 422, 494, 524, 685, 874]","[3, 27, 349, 406, 451, 489, 510, 804, 855, 898]","[3, 27, 349, 406, 451, 489, 510, 804, 855, 898]","[898, 3, 902, 9, 524, 406, 27, 804, 422, 44, 685, 451, 455, 855, 217, 349, 489, 874, 494, 510]",False,[],[],[],"[455, 902]","[9, 44, 217, 422, 494, 524, 685, 874]","[3, 27, 349, 406, 451, 489, 510, 804, 855, 898]","[3, 27, 349, 406, 451, 489, 510, 804, 855, 898]",0/6 successful match,False,,False,44,False,,1.0,True,Sundance Travel Center ( Conoco ),Conoco
Sundance ( 82729 ) Sundance Travel Center ( Conoco ),307-283-1200 I-90 Exit 189 ( US 14 ),24 S,Sundance,82729,Sundance Travel Center ( Conoco ),307-283-1200,2016,Sundance,WY,Conoco,( US 14 ),I-90 Exit 189 ,Exit,189,False,,False,I-90,,,,,[],[],[],"[455, 902]",[],"[9, 44, 217, 422, 494, 524, 685, 874]","[3, 27, 349, 406, 451, 489, 510, 804, 855, 898]","[3, 27, 349, 406, 451, 489, 510, 804, 855, 898]","[898, 3, 902, 9, 524, 406, 27, 804, 422, 44, 685, 451, 455, 855, 217, 349, 489, 874, 494, 510]",False,[],[],[],"[455, 902]","[9, 44, 217, 422, 494, 524, 685, 874]","[3, 27, 349, 406, 451, 489, 510, 804, 855, 898]","[3, 27, 349, 406, 451, 489, 510, 804, 855, 898]",0/6 successful match,False,,False,44,False,,1.0,True,Sundance Travel Center ( Conoco ),Conoco
"Sheridan , 82801 Common Cents Travel Plaza ( Exxon )",307-674-8853 I-90 Exit 20 ( at Port of,M,Sheridan,82801,Common Cents Travel Plaza ( Exxon ),307-674-8853,2006,Sheridan,WY,Exxon,( at Port of,I-90 Exit 20 ,Exit,20,False,,False,I-90,,,,,[],[],[],"[371, 821]",[],"[9, 44, 217, 422, 494, 524, 685, 874]","[398, 399, 400, 848, 849]","[398, 399, 400, 848, 849]","[422, 9, 874, 44, 524, 494, 685, 398, 399, 400, 371, 848, 821, 849, 217]",False,[],[],[],"[371, 821]","[9, 44, 217, 422, 494, 524, 685, 874]","[398, 399, 400, 848, 849]","[398, 399, 400, 848, 849]",0/6 successful match,False,,False,45,False,,,,,
"A Sheridan , 82801 Common Cents Travel Plaza ( Exxon )",6 307-674-8853 I-90 Exit 20 ( at Port of Entry ),) MO,Sheridan,82801,Common Cents Travel Plaza ( Exxon ),307-674-8853,2007,Sheridan,WY,Exxon,( at Port of Entry ),I-90 Exit 20 ,Exit,20,False,,False,I-90,,,,,[],[],[],"[371, 821]",[],"[9, 44, 217, 422, 494, 524, 685, 874]","[398, 399, 400, 848, 849]","[398, 399, 400, 848, 849]","[422, 9, 874, 44, 524, 494, 685, 398, 399, 400, 371, 848, 821, 849, 217]",False,[],[],[],"[371, 821]","[9, 44, 217, 422, 494, 524, 685, 874]","[398, 399, 400, 848, 849]","[398, 399, 400, 848, 849]",0/6 successful match,False,,False,45,False,,1.0,True,Common Cents Travel Plaza ( Exxon ),Exxon
"A Sheridan , 82801 Common Cents Travel Plaza ( Exxon )",6 307-674-8853 I-90 Exit 20 ( at Port of Entry ),NRS 24 Ma 24,Sheridan,82801,Common Cents Travel Plaza ( Exxon ),307-674-8853,2008,Sheridan,WY,Exxon,( at Port of Entry ),I-90 Exit 20 ,Exit,20,False,,False,I-90,,,,,[],[],[],"[371, 821]",[],"[9, 44, 217, 422, 494, 524, 685, 874]","[398, 399, 400, 848, 849]","[398, 399, 400, 848, 849]","[422, 9, 874, 44, 524, 494, 685, 398, 399, 400, 371, 848, 821, 849, 217]",False,[],[],[],"[371, 821]","[9, 44, 217, 422, 494, 524, 685, 874]","[398, 399, 400, 848, 849]","[398, 399, 400, 848, 849]",0/6 successful match,False,,False,45,False,,1.0,True,Common Cents Travel Plaza ( Exxon ),Exxon
A Sheridan ( 82801 ) Common Cents Travel Plaza ( Exxon ),307-674-8853 I-90 Exit 20 ( US 14 S ),24 M 24,Sheridan,82801,Common Cents Travel Plaza ( Exxon ),307-674-8853,2014,Sheridan,WY,Exxon,( US 14 S ),I-90 Exit 20 ,Exit,20,False,,False,I-90,,,,,[],[],[],"[371, 821]",[],"[9, 44, 217, 422, 494, 524, 685, 874]","[398, 399, 400, 848, 849]","[398, 399, 400, 848, 849]","[422, 9, 874, 44, 524, 494, 685, 398, 399, 400, 371, 848, 821, 849, 217]",False,[],[],[],"[371, 821]","[9, 44, 217, 422, 494, 524, 685, 874]","[398, 399, 400, 848, 849]","[398, 399, 400, 848, 849]",0/6 successful match,False,,False,45,False,,1.0,True,Common Cents Travel Plaza ( Exxon ),Exxon
A Sheridan ( 82801 ) Common Cents Travel Plaza ( Exxon ),6 307-674-8853 I-90 Exit 20 ( US 14 S ),MO HIS 24 24,Sheridan,82801,Common Cents Travel Plaza ( Exxon ),307-674-8853,2015,Sheridan,WY,Exxon,( US 14 S ),I-90 Exit 20 ,Exit,20,False,,False,I-90,,,,,[],[],[],"[371, 821]",[],"[9, 44, 217, 422, 494, 524, 685, 874]","[398, 399, 400, 848, 849]","[398, 399, 400, 848, 849]","[422, 9, 874, 44, 524, 494, 685, 398, 399, 400, 371, 848, 821, 849, 217]",False,[],[],[],"[371, 821]","[9, 44, 217, 422, 494, 524, 685, 874]","[398, 399, 400, 848, 849]","[398, 399, 400, 848, 849]",0/6 successful match,False,,False,45,False,,1.0,True,Common Cents Travel Plaza ( Exxon ),Exxon
A Sheridan ( 82801 ) Common Cents Travel Plaza ( Exxon ),6 307-674-8853 I-90 Exit 20 ( US 14 S ),24 MOO NE,Sheridan,82801,Common Cents Travel Plaza ( Exxon ),307-674-8853,2016,Sheridan,WY,Exxon,( US 14 S ),I-90 Exit 20 ,Exit,20,False,,False,I-90,,,,,[],[],[],"[371, 821]",[],"[9, 44, 217, 422, 494, 524, 685, 874]","[398, 399, 400, 848, 849]","[398, 399, 400, 848, 849]","[422, 9, 874, 44, 524, 494, 685, 398, 399, 400, 371, 848, 821, 849, 217]",False,[],[],[],"[371, 821]","[9, 44, 217, 422, 494, 524, 685, 874]","[398, 399, 400, 848, 849]","[398, 399, 400, 848, 849]",0/6 successful match,False,,False,45,False,,1.0,True,Common Cents Travel Plaza ( Exxon ),Exxon
"B Buffalo , 82834 Kum & Go # 943 ( Cenex )",307-684-9513 I-25 Exit 299 ( US 16 ),24 HRS,Buffalo,82834,Kum & Go # 943 ( Cenex ),307-684-9513,2006,Buffalo,WY,Cenex,( US 16 ),I-25 Exit 299 ,Exit,299,False,,False,I-25,,,,,[],[],[],[],[],"[108, 353, 430, 584, 808, 882]",[],"[284, 285, 743, 744]","[353, 743, 584, 808, 744, 108, 430, 882, 284, 285]",False,[],[],[],[],"[108, 353, 430, 584, 808, 882]","[284, 285, 743, 744]",[],0/6 successful match,False,,False,46,False,,,,,
"B Buffalo , 82834 Kum & Go # 943 ( Cenex )",007307-684-9513 I-25 Exit 299 ( US 16 ),24 L 409,Buffalo,82834,Kum & Go # 943 ( Cenex ),307-684-9513,2007,Buffalo,WY,Cenex,( US 16 ),I-25 Exit 299 ,Exit,299,False,,False,I-25,,,,,[],[],[],[],[],"[108, 353, 430, 584, 808, 882]",[],"[284, 285, 743, 744]","[353, 743, 584, 808, 744, 108, 430, 882, 284, 285]",False,[],[],[],[],"[108, 353, 430, 584, 808, 882]","[284, 285, 743, 744]",[],0/6 successful match,False,,False,46,False,,1.0,True,Kum & Go # 943 ( Cenex ),Cenex
"Buffalo , 82834 1 Kum & Go # 943 ( Cenex )",307-684-9513 I-25 Exit 299 ( US 16 ),NRS 24 MU 100 00,Buffalo,82834,1 Kum & Go # 943 ( Cenex ),307-684-9513,2008,Buffalo,WY,Cenex,( US 16 ),I-25 Exit 299 ,Exit,299,False,,False,I-25,,,,,[],[],[],[],[],"[108, 353, 430, 584, 808, 882]",[],"[284, 285, 743, 744]","[353, 743, 584, 808, 744, 108, 430, 882, 284, 285]",False,[],[],[],[],"[108, 353, 430, 584, 808, 882]","[284, 285, 743, 744]",[],0/6 successful match,False,,False,46,False,,1.0,True,Kum & Go # 943 ( Cenex ),Cenex
B Buffalo ( 82834 ) Zip Trip # 60 ( Cenex ),307-684-9513 I-25 Exit 299 ( US 16 ),M <U+25A1>,Buffalo,82834,Zip Trip # 60 ( Cenex ),307-684-9513,2014,Buffalo,WY,Cenex,( US 16 ),I-25 Exit 299 ,Exit,299,False,,False,I-25,,,,,[],[],[],[],[],"[108, 353, 430, 584, 808, 882]",[],"[83, 85, 151, 152, 153, 275, 554, 556, 622, 623, 624, 625, 734]","[275, 151, 152, 153, 808, 554, 556, 430, 584, 83, 85, 734, 353, 108, 622, 623, 624, 625, 882]",False,[],[],[],[],"[108, 353, 430, 584, 808, 882]","[83, 85, 151, 152, 153, 275, 554, 556, 622, 623, 624, 625, 734]",[],0/6 successful match,False,,False,46,False,,0.4380952380952381,True,1 Kum & Go # 943 ( Cenex ),Cenex
B Buffalo ( 82834 ) Zip Trip # 60 ( Cenex ),307-684-9513 I-25 Exit 299 ( US 16 ),24 MO <U+25A1>,Buffalo,82834,Zip Trip # 60 ( Cenex ),307-684-9513,2015,Buffalo,WY,Cenex,( US 16 ),I-25 Exit 299 ,Exit,299,False,,False,I-25,,,,,[],[],[],[],[],"[108, 353, 430, 584, 808, 882]",[],"[83, 85, 151, 152, 153, 275, 554, 556, 622, 623, 624, 625, 734]","[275, 151, 152, 153, 808, 554, 556, 430, 584, 83, 85, 734, 353, 108, 622, 623, 624, 625, 882]",False,[],[],[],[],"[108, 353, 430, 584, 808, 882]","[83, 85, 151, 152, 153, 275, 554, 556, 622, 623, 624, 625, 734]",[],0/6 successful match,False,,False,46,False,,1.0,True,Zip Trip # 60 ( Cenex ),Cenex
B Buffalo ( 82834 ) Zip Trip # 60 ( Cenex ),307-684-9513 I-25 Exit 299 ( US 16 ),24 22 <U+2610> M <U+25A1>,Buffalo,82834,Zip Trip # 60 ( Cenex ),307-684-9513,2016,Buffalo,WY,Cenex,( US 16 ),I-25 Exit 299 ,Exit,299,False,,False,I-25,,,,,[],[],[],[],[],"[108, 353, 430, 584, 808, 882]",[],"[83, 85, 151, 152, 153, 275, 554, 556, 622, 623, 624, 625, 734]","[275, 151, 152, 153, 808, 554, 556, 430, 584, 83, 85, 734, 353, 108, 622, 623, 624, 625, 882]",False,[],[],[],[],"[108, 353, 430, 584, 808, 882]","[83, 85, 151, 152, 153, 275, 554, 556, 622, 623, 624, 625, 734]",[],0/6 successful match,False,,False,46,False,,1.0,True,Zip Trip # 60 ( Cenex ),Cenex
"Rock Springs , 82901 Cruel Jack's Travel Plaza ( Conoco )",307-362-2171 I-80 Exit 99 ( US 191 - Flaming Gorge ),FRS MO,Rock Springs,82901,Cruel Jack's Travel Plaza ( Conoco ),307-362-2171,2006,Rock Springs,WY,Conoco,( US 191 - Flaming Gorge ),I-80 Exit 99 ,Exit,99,False,,False,I-80,,,,,[],[],"[174, 188, 189, 197, 232, 254, 399, 645, 659, 660, 668, 696, 717, 848]","[118, 335, 414, 480, 589, 791, 865, 932]",[],"[89, 108, 172, 217, 221, 239, 264, 280, 321, 342, 343, 344, 345, 346, 349, 351, 352, 355, 357, 359, 364, 368, 371, 372, 373, 374, 376, 377, 387, 392, 393, 403, 409, 411, 414, 424, 430, 449, 454, 470, 480, 560, 584, 643, 685, 703, 724, 739, 779, 798, 799, 800, 801, 804, 806, 807, 810, 812, 814, 816, 821, 822, 823, 824, 826, 827, 837, 842, 843, 852, 859, 862, 865, 869, 876, 882, 897, 901, 917, 932]","[3, 27, 349, 406, 451, 489, 510, 804, 855, 898]","[3, 27, 349, 406, 451, 489, 510, 804, 855, 898]","[3, 27, 560, 584, 589, 89, 108, 118, 643, 645, 659, 660, 668, 172, 685, 174, 696, 188, 189, 703, 197, 717, 724, 217, 221, 739, 232, 239, 254, 264, 779, 791, 280, 798, 799, 800, 801, 804, 806, 807, 810, 812, 814, 816, 821, 822, 823, 824, 826, 827, 321, 837, 842, 843, 335, 848, 852, 342, 343, 344, 345, 346, 859, 855, 349, 862, 351, 352, 865, 355, 357, 869, 359, 364, 876, 368, 882, 371, 372, 373, 374, 376, 377, 897, 898, 387, 901, 392, 393, 399, 403, 917, 406, 409, 411, 414, 932, 424, 430, 449, 451, 454, 470, 480, 489, 510]",False,[],[],"[174, 188, 189, 197, 232, 254, 399, 645, 659, 660, 668, 696, 717, 848]","[118, 335, 414, 480, 589, 791, 865, 932]","[89, 108, 172, 217, 221, 239, 264, 280, 321, 342, 343, 344, 345, 346, 349, 351, 352, 355, 357, 359, 364, 368, 371, 372, 373, 374, 376, 377, 387, 392, 393, 403, 409, 411, 414, 424, 430, 449, 454, 470, 480, 560, 584, 643, 685, 703, 724, 739, 779, 798, 799, 800, 801, 804, 806, 807, 810, 812, 814, 816, 821, 822, 823, 824, 826, 827, 837, 842, 843, 852, 859, 862, 865, 869, 876, 882, 897, 901, 917, 932]","[3, 27, 349, 406, 451, 489, 510, 804, 855, 898]","[3, 27, 349, 406, 451, 489, 510, 804, 855, 898]",0/6 successful match,False,,False,47,False,,,,,
,"F 4307-362-2171 Rock Springs , 82901 Cruel I-80 Exit Jack's 99 ( US Travel 191 Plaza - Flaming ( Conoco Gorge ) )",) ) MOO,,82901,,307-362-2171,2007,Rock Springs,WY,,( US Travel 191 Plaza - Flaming ( Conoco Gorge ) ),"Rock Springs, Cruel I-80 Exit Jack's 99",Exit,,False,,False,I-80,,,,,[],[],"[174, 188, 189, 197, 232, 254, 399, 645, 659, 660, 668, 696, 717, 848]",[],[],"[89, 108, 172, 217, 221, 239, 264, 280, 321, 342, 343, 344, 345, 346, 349, 351, 352, 355, 357, 359, 364, 368, 371, 372, 373, 374, 376, 377, 387, 392, 393, 403, 409, 411, 414, 424, 430, 449, 454, 470, 480, 560, 584, 643, 685, 703, 724, 739, 779, 798, 799, 800, 801, 804, 806, 807, 810, 812, 814, 816, 821, 822, 823, 824, 826, 827, 837, 842, 843, 852, 859, 862, 865, 869, 876, 882, 897, 901, 917, 932]",[],[],"[560, 584, 89, 108, 643, 645, 659, 660, 668, 172, 685, 174, 696, 188, 189, 703, 197, 717, 724, 217, 221, 739, 232, 239, 254, 264, 779, 280, 798, 799, 800, 801, 804, 806, 807, 810, 812, 814, 816, 821, 822, 823, 824, 826, 827, 321, 837, 842, 843, 848, 852, 342, 343, 344, 345, 346, 859, 349, 862, 351, 352, 865, 355, 357, 869, 359, 364, 876, 368, 882, 371, 372, 373, 374, 376, 377, 897, 387, 901, 392, 393, 399, 403, 917, 409, 411, 414, 932, 424, 430, 449, 454, 470, 480]",False,[],[],"[174, 188, 189, 197, 232, 254, 399, 645, 659, 660, 668, 696, 717, 848]",[],"[89, 108, 172, 217, 221, 239, 264, 280, 321, 342, 343, 344, 345, 346, 349, 351, 352, 355, 357, 359, 364, 368, 371, 372, 373, 374, 376, 377, 387, 392, 393, 403, 409, 411, 414, 424, 430, 449, 454, 470, 480, 560, 584, 643, 685, 703, 724, 739, 779, 798, 799, 800, 801, 804, 806, 807, 810, 812, 814, 816, 821, 822, 823, 824, 826, 827, 837, 842, 843, 852, 859, 862, 865, 869, 876, 882, 897, 901, 917, 932]",[],[],0/6 successful match,False,,False,47,True,2007,0.0,True,Cruel Jack's Travel Plaza ( Conoco ),Conoco
"Rock Springs , 82901 Cruel Jack's Travel Plaza ( Sinclair )",41307-362-2171 E I-80 Exit 99 ( US 191 - Flaming Gorge ),) HIS 24 M NO,Rock Springs,82901,Cruel Jack's Travel Plaza ( Sinclair ),307-362-2171,2008,Rock Springs,WY,Sinclair,( US 191 - Flaming Gorge ),E I-80 Exit 99 ,Exit,99,False,,False,I-80,,,,,[],[],"[174, 188, 189, 197, 232, 254, 399, 645, 659, 660, 668, 696, 717, 848]","[118, 335, 414, 480, 589, 791, 865, 932]",[],"[89, 108, 172, 217, 221, 239, 264, 280, 321, 342, 343, 344, 345, 346, 349, 351, 352, 355, 357, 359, 364, 368, 371, 372, 373, 374, 376, 377, 387, 392, 393, 403, 409, 411, 414, 424, 430, 449, 454, 470, 480, 560, 584, 643, 685, 703, 724, 739, 779, 798, 799, 800, 801, 804, 806, 807, 810, 812, 814, 816, 821, 822, 823, 824, 826, 827, 837, 842, 843, 852, 859, 862, 865, 869, 876, 882, 897, 901, 917, 932]","[31, 142, 147, 180, 338, 352, 367, 387, 403, 405, 408, 410, 455, 465, 466, 468, 470, 472, 473, 483, 484, 514, 613, 618, 651, 794, 807, 837, 852, 854, 858, 861, 902, 912, 913, 915, 917, 919, 920, 931, 934, 935]","[31, 142, 147, 180, 338, 352, 367, 387, 403, 405, 408, 410, 455, 465, 466, 468, 470, 472, 473, 483, 484, 514, 613, 618, 651, 794, 807, 837, 852, 854, 858, 861, 902, 912, 913, 915, 917, 919, 920, 931, 934, 935]","[514, 31, 560, 584, 589, 89, 613, 618, 108, 118, 643, 645, 651, 142, 659, 660, 147, 668, 172, 685, 174, 180, 696, 188, 189, 703, 197, 717, 724, 217, 221, 739, 232, 239, 254, 264, 779, 791, 280, 794, 798, 799, 800, 801, 804, 806, 807, 810, 812, 814, 816, 821, 822, 823, 824, 826, 827, 321, 837, 842, 843, 335, 848, 338, 852, 342, 343, 344, 345, 346, 859, 854, 349, 862, 351, 352, 865, 858, 355, 861, 357, 869, 359, 364, 876, 367, 368, 882, 371, 372, 373, 374, 376, 377, 897, 387, 901, 902, 392, 393, 399, 912, 913, 403, 915, 917, 405, 919, 408, 409, 410, 411, 920, 414, 931, 932, 934, 935, 424, 430, 449, 454, 455, 465, 466, 468, 470, 472, 473, 480, 483, 484]",False,[],[],"[174, 188, 189, 197, 232, 254, 399, 645, 659, 660, 668, 696, 717, 848]","[118, 335, 414, 480, 589, 791, 865, 932]","[89, 108, 172, 217, 221, 239, 264, 280, 321, 342, 343, 344, 345, 346, 349, 351, 352, 355, 357, 359, 364, 368, 371, 372, 373, 374, 376, 377, 387, 392, 393, 403, 409, 411, 414, 424, 430, 449, 454, 470, 480, 560, 584, 643, 685, 703, 724, 739, 779, 798, 799, 800, 801, 804, 806, 807, 810, 812, 814, 816, 821, 822, 823, 824, 826, 827, 837, 842, 843, 852, 859, 862, 865, 869, 876, 882, 897, 901, 917, 932]","[31, 142, 147, 180, 338, 352, 367, 387, 403, 405, 408, 410, 455, 465, 466, 468, 470, 472, 473, 483, 484, 514, 613, 618, 651, 794, 807, 837, 852, 854, 858, 861, 902, 912, 913, 915, 917, 919, 920, 931, 934, 935]","[31, 142, 147, 180, 338, 352, 367, 387, 403, 405, 408, 410, 455, 465, 466, 468, 470, 472, 473, 483, 484, 514, 613, 618, 651, 794, 807, 837, 852, 854, 858, 861, 902, 912, 913, 915, 917, 919, 920, 931, 934, 935]",0/6 successful match,False,,False,47,True,2008,0.0,True,,
F Rock Springs ( 82901 ) Cruel Jack's Travel Plaza ( Sinclair ),307-362-2171 I-80 Exit 99 ( US 191 - Flaming Gorge ),) 24 2 M,Rock Springs,82901,Cruel Jack's Travel Plaza ( Sinclair ),307-362-2171,2014,Rock Springs,WY,Sinclair,( US 191 - Flaming Gorge ),I-80 Exit 99 ,Exit,99,False,,False,I-80,,,,,[],[],"[174, 188, 189, 197, 232, 254, 399, 645, 659, 660, 668, 696, 717, 848]","[118, 335, 414, 480, 589, 791, 865, 932]",[],"[89, 108, 172, 217, 221, 239, 264, 280, 321, 342, 343, 344, 345, 346, 349, 351, 352, 355, 357, 359, 364, 368, 371, 372, 373, 374, 376, 377, 387, 392, 393, 403, 409, 411, 414, 424, 430, 449, 454, 470, 480, 560, 584, 643, 685, 703, 724, 739, 779, 798, 799, 800, 801, 804, 806, 807, 810, 812, 814, 816, 821, 822, 823, 824, 826, 827, 837, 842, 843, 852, 859, 862, 865, 869, 876, 882, 897, 901, 917, 932]","[31, 142, 147, 180, 338, 352, 367, 387, 403, 405, 408, 410, 455, 465, 466, 468, 470, 472, 473, 483, 484, 514, 613, 618, 651, 794, 807, 837, 852, 854, 858, 861, 902, 912, 913, 915, 917, 919, 920, 931, 934, 935]","[31, 142, 147, 180, 338, 352, 367, 387, 403, 405, 408, 410, 455, 465, 466, 468, 470, 472, 473, 483, 484, 514, 613, 618, 651, 794, 807, 837, 852, 854, 858, 861, 902, 912, 913, 915, 917, 919, 920, 931, 934, 935]","[514, 31, 560, 584, 589, 89, 613, 618, 108, 118, 643, 645, 651, 142, 659, 660, 147, 668, 172, 685, 174, 180, 696, 188, 189, 703, 197, 717, 724, 217, 221, 739, 232, 239, 254, 264, 779, 791, 280, 794, 798, 799, 800, 801, 804, 806, 807, 810, 812, 814, 816, 821, 822, 823, 824, 826, 827, 321, 837, 842, 843, 335, 848, 338, 852, 342, 343, 344, 345, 346, 859, 854, 349, 862, 351, 352, 865, 858, 355, 861, 357, 869, 359, 364, 876, 367, 368, 882, 371, 372, 373, 374, 376, 377, 897, 387, 901, 902, 392, 393, 399, 912, 913, 403, 915, 917, 405, 919, 408, 409, 410, 411, 920, 414, 931, 932, 934, 935, 424, 430, 449, 454, 455, 465, 466, 468, 470, 472, 473, 480, 483, 484]",False,[],[],"[174, 188, 189, 197, 232, 254, 399, 645, 659, 660, 668, 696, 717, 848]","[118, 335, 414, 480, 589, 791, 865, 932]","[89, 108, 172, 217, 221, 239, 264, 280, 321, 342, 343, 344, 345, 346, 349, 351, 352, 355, 357, 359, 364, 368, 371, 372, 373, 374, 376, 377, 387, 392, 393, 403, 409, 411, 414, 424, 430, 449, 454, 470, 480, 560, 584, 643, 685, 703, 724, 739, 779, 798, 799, 800, 801, 804, 806, 807, 810, 812, 814, 816, 821, 822, 823, 824, 826, 827, 837, 842, 843, 852, 859, 862, 865, 869, 876, 882, 897, 901, 917, 932]","[31, 142, 147, 180, 338, 352, 367, 387, 403, 405, 408, 410, 455, 465, 466, 468, 470, 472, 473, 483, 484, 514, 613, 618, 651, 794, 807, 837, 852, 854, 858, 861, 902, 912, 913, 915, 917, 919, 920, 931, 934, 935]","[31, 142, 147, 180, 338, 352, 367, 387, 403, 405, 408, 410, 455, 465, 466, 468, 470, 472, 473, 483, 484, 514, 613, 618, 651, 794, 807, 837, 852, 854, 858, 861, 902, 912, 913, 915, 917, 919, 920, 931, 934, 935]",0/6 successful match,False,,False,47,False,,1.0,True,Cruel Jack's Travel Plaza ( Sinclair ),Sinclair
Rock Springs ( 82901 ) I-80 Cruel Exit Jack's 104 Travel ( US 191 Plaza N ) ( Sinclair ),307-362-2171 I-80 Exit 99 ( US 191 - Flaming Gorge ),24 M,Rock Springs,82901,I-80 Cruel Exit Jack's 104 Travel ( US 191 Plaza N ) ( Sinclair ),307-362-2171,2015,Rock Springs,WY,Sinclair,( US 191 - Flaming Gorge ),I-80 Exit 99 ,Exit,99,False,,False,I-80,,,,,[],[],"[174, 188, 189, 197, 232, 254, 399, 645, 659, 660, 668, 696, 717, 848]","[118, 335, 414, 480, 589, 791, 865, 932]",[],"[89, 108, 172, 217, 221, 239, 264, 280, 321, 342, 343, 344, 345, 346, 349, 351, 352, 355, 357, 359, 364, 368, 371, 372, 373, 374, 376, 377, 387, 392, 393, 403, 409, 411, 414, 424, 430, 449, 454, 470, 480, 560, 584, 643, 685, 703, 724, 739, 779, 798, 799, 800, 801, 804, 806, 807, 810, 812, 814, 816, 821, 822, 823, 824, 826, 827, 837, 842, 843, 852, 859, 862, 865, 869, 876, 882, 897, 901, 917, 932]","[31, 142, 147, 180, 338, 352, 367, 387, 403, 405, 408, 410, 455, 465, 466, 468, 470, 472, 473, 483, 484, 514, 613, 618, 651, 794, 807, 837, 852, 854, 858, 861, 902, 912, 913, 915, 917, 919, 920, 931, 934, 935]","[31, 142, 147, 180, 338, 352, 367, 387, 403, 405, 408, 410, 455, 465, 466, 468, 470, 472, 473, 483, 484, 514, 613, 618, 651, 794, 807, 837, 852, 854, 858, 861, 902, 912, 913, 915, 917, 919, 920, 931, 934, 935]","[514, 31, 560, 584, 589, 89, 613, 618, 108, 118, 643, 645, 651, 142, 659, 660, 147, 668, 172, 685, 174, 180, 696, 188, 189, 703, 197, 717, 724, 217, 221, 739, 232, 239, 254, 264, 779, 791, 280, 794, 798, 799, 800, 801, 804, 806, 807, 810, 812, 814, 816, 821, 822, 823, 824, 826, 827, 321, 837, 842, 843, 335, 848, 338, 852, 342, 343, 344, 345, 346, 859, 854, 349, 862, 351, 352, 865, 858, 355, 861, 357, 869, 359, 364, 876, 367, 368, 882, 371, 372, 373, 374, 376, 377, 897, 387, 901, 902, 392, 393, 399, 912, 913, 403, 915, 917, 405, 919, 408, 409, 410, 411, 920, 414, 931, 932, 934, 935, 424, 430, 449, 454, 455, 465, 466, 468, 470, 472, 473, 480, 483, 484]",False,[],[],"[174, 188, 189, 197, 232, 254, 399, 645, 659, 660, 668, 696, 717, 848]","[118, 335, 414, 480, 589, 791, 865, 932]","[89, 108, 172, 217, 221, 239, 264, 280, 321, 342, 343, 344, 345, 346, 349, 351, 352, 355, 357, 359, 364, 368, 371, 372, 373, 374, 376, 377, 387, 392, 393, 403, 409, 411, 414, 424, 430, 449, 454, 470, 480, 560, 584, 643, 685, 703, 724, 739, 779, 798, 799, 800, 801, 804, 806, 807, 810, 812, 814, 816, 821, 822, 823, 824, 826, 827, 837, 842, 843, 852, 859, 862, 865, 869, 876, 882, 897, 901, 917, 932]","[31, 142, 147, 180, 338, 352, 367, 387, 403, 405, 408, 410, 455, 465, 466, 468, 470, 472, 473, 483, 484, 514, 613, 618, 651, 794, 807, 837, 852, 854, 858, 861, 902, 912, 913, 915, 917, 919, 920, 931, 934, 935]","[31, 142, 147, 180, 338, 352, 367, 387, 403, 405, 408, 410, 455, 465, 466, 468, 470, 472, 473, 483, 484, 514, 613, 618, 651, 794, 807, 837, 852, 854, 858, 861, 902, 912, 913, 915, 917, 919, 920, 931, 934, 935]",0/6 successful match,False,,False,47,False,,0.9213592233009709,True,Cruel Jack's Travel Plaza ( Sinclair ),Sinclair
4307-362-1598 FRock Springs ( 82901 ) I-80 Cruel Exit Jack's 104 Travel ( US 191 Plaza N ) ( Sinclair ),307-362-2171 I-80 Exit 99 ( US 191 - Flaming Gorge ),24 MO,Rock Springs,82901,I-80 Cruel Exit Jack's 104 Travel ( US 191 Plaza N ) ( Sinclair ),307-362-2171,2016,Rock Springs,WY,Sinclair,( US 191 - Flaming Gorge ),I-80 Exit 99 ,Exit,99,False,,False,I-80,,,,,[],[],"[174, 188, 189, 197, 232, 254, 399, 645, 659, 660, 668, 696, 717, 848]","[118, 335, 414, 480, 589, 791, 865, 932]",[],"[89, 108, 172, 217, 221, 239, 264, 280, 321, 342, 343, 344, 345, 346, 349, 351, 352, 355, 357, 359, 364, 368, 371, 372, 373, 374, 376, 377, 387, 392, 393, 403, 409, 411, 414, 424, 430, 449, 454, 470, 480, 560, 584, 643, 685, 703, 724, 739, 779, 798, 799, 800, 801, 804, 806, 807, 810, 812, 814, 816, 821, 822, 823, 824, 826, 827, 837, 842, 843, 852, 859, 862, 865, 869, 876, 882, 897, 901, 917, 932]","[31, 142, 147, 180, 338, 352, 367, 387, 403, 405, 408, 410, 455, 465, 466, 468, 470, 472, 473, 483, 484, 514, 613, 618, 651, 794, 807, 837, 852, 854, 858, 861, 902, 912, 913, 915, 917, 919, 920, 931, 934, 935]","[31, 142, 147, 180, 338, 352, 367, 387, 403, 405, 408, 410, 455, 465, 466, 468, 470, 472, 473, 483, 484, 514, 613, 618, 651, 794, 807, 837, 852, 854, 858, 861, 902, 912, 913, 915, 917, 919, 920, 931, 934, 935]","[514, 31, 560, 584, 589, 89, 613, 618, 108, 118, 643, 645, 651, 142, 659, 660, 147, 668, 172, 685, 174, 180, 696, 188, 189, 703, 197, 717, 724, 217, 221, 739, 232, 239, 254, 264, 779, 791, 280, 794, 798, 799, 800, 801, 804, 806, 807, 810, 812, 814, 816, 821, 822, 823, 824, 826, 827, 321, 837, 842, 843, 335, 848, 338, 852, 342, 343, 344, 345, 346, 859, 854, 349, 862, 351, 352, 865, 858, 355, 861, 357, 869, 359, 364, 876, 367, 368, 882, 371, 372, 373, 374, 376, 377, 897, 387, 901, 902, 392, 393, 399, 912, 913, 403, 915, 917, 405, 919, 408, 409, 410, 411, 920, 414, 931, 932, 934, 935, 424, 430, 449, 454, 455, 465, 466, 468, 470, 472, 473, 480, 483, 484]",False,[],[],"[174, 188, 189, 197, 232, 254, 399, 645, 659, 660, 668, 696, 717, 848]","[118, 335, 414, 480, 589, 791, 865, 932]","[89, 108, 172, 217, 221, 239, 264, 280, 321, 342, 343, 344, 345, 346, 349, 351, 352, 355, 357, 359, 364, 368, 371, 372, 373, 374, 376, 377, 387, 392, 393, 403, 409, 411, 414, 424, 430, 449, 454, 470, 480, 560, 584, 643, 685, 703, 724, 739, 779, 798, 799, 800, 801, 804, 806, 807, 810, 812, 814, 816, 821, 822, 823, 824, 826, 827, 837, 842, 843, 852, 859, 862, 865, 869, 876, 882, 897, 901, 917, 932]","[31, 142, 147, 180, 338, 352, 367, 387, 403, 405, 408, 410, 455, 465, 466, 468, 470, 472, 473, 483, 484, 514, 613, 618, 651, 794, 807, 837, 852, 854, 858, 861, 902, 912, 913, 915, 917, 919, 920, 931, 934, 935]","[31, 142, 147, 180, 338, 352, 367, 387, 403, 405, 408, 410, 455, 465, 466, 468, 470, 472, 473, 483, 484, 514, 613, 618, 651, 794, 807, 837, 852, 854, 858, 861, 902, 912, 913, 915, 917, 919, 920, 931, 934, 935]",0/6 successful match,False,,False,47,False,,1.0,True,I-80 Cruel Exit Jack's 104 Travel ( US 191 Plaza N ) ( Sinclair ),Sinclair
"Rock Springs , 82901 Flying J Travel Plaza #",14307-362-4231 I-80 Exit 104 0500017,24,Rock Springs,82901,Flying J Travel Plaza #,307-362-4231,2006,Rock Springs,WY,Flying J,,I-80 Exit 104 0500017,Exit,104,False,,False,I-80,,,,,[],[],"[174, 188, 189, 197, 232, 254, 399, 645, 659, 660, 668, 696, 717, 848]",[],[],"[89, 108, 172, 217, 221, 239, 264, 280, 321, 342, 343, 344, 345, 346, 349, 351, 352, 355, 357, 359, 364, 368, 371, 372, 373, 374, 376, 377, 387, 392, 393, 403, 409, 411, 414, 424, 430, 449, 454, 470, 480, 560, 584, 643, 685, 703, 724, 739, 779, 798, 799, 800, 801, 804, 806, 807, 810, 812, 814, 816, 821, 822, 823, 824, 826, 827, 837, 842, 843, 852, 859, 862, 865, 869, 876, 882, 897, 901, 917, 932]","[17, 18, 19, 20, 21, 22, 23, 156, 157, 158, 159, 160, 161, 162, 163, 164, 165, 166, 167, 341, 342, 343, 344, 345, 412, 413, 414, 415, 416, 417, 418, 419, 420, 421, 422, 502, 503, 504, 505, 506, 507, 628, 629, 630, 631, 632, 633, 634, 635, 636, 637, 638, 639, 792, 797, 798, 799, 800, 801, 863, 864, 865, 866, 867, 868, 869, 870, 871, 872, 873, 874]","[17, 18, 19, 20, 21, 22, 23, 156, 157, 158, 159, 160, 161, 162, 163, 164, 165, 166, 167, 168, 340, 341, 342, 343, 344, 345, 346, 412, 413, 414, 415, 416, 417, 418, 419, 420, 421, 422, 502, 503, 504, 505, 506, 507, 628, 629, 630, 631, 632, 633, 634, 635, 636, 637, 638, 639, 792, 796, 797, 798, 799, 800, 801, 863, 864, 865, 866, 867, 868, 869, 870, 871, 872, 873, 874]","[17, 18, 19, 20, 21, 22, 23, 560, 584, 89, 108, 628, 629, 630, 631, 632, 633, 634, 635, 636, 637, 638, 639, 643, 645, 659, 660, 668, 156, 157, 158, 159, 160, 161, 162, 163, 164, 165, 166, 167, 168, 172, 685, 174, 696, 188, 189, 703, 197, 717, 724, 217, 221, 739, 232, 239, 254, 264, 779, 280, 792, 796, 797, 798, 799, 800, 801, 804, 806, 807, 810, 812, 814, 874, 816, 821, 822, 823, 824, 826, 827, 321, 837, 842, 843, 848, 852, 341, 342, 343, 344, 345, 346, 859, 340, 349, 862, 351, 352, 865, 863, 355, 864, 357, 869, 359, 866, 867, 868, 870, 364, 876, 871, 872, 368, 873, 882, 371, 372, 373, 374, 376, 377, 897, 387, 901, 392, 393, 399, 403, 917, 409, 411, 412, 413, 414, 415, 416, 417, 418, 419, 932, 420, 421, 422, 424, 430, 449, 454, 470, 480, 502, 503, 504, 505, 506, 507]",False,[],[],"[174, 188, 189, 197, 232, 254, 399, 645, 659, 660, 668, 696, 717, 848]",[],"[89, 108, 172, 217, 221, 239, 264, 280, 321, 342, 343, 344, 345, 346, 349, 351, 352, 355, 357, 359, 364, 368, 371, 372, 373, 374, 376, 377, 387, 392, 393, 403, 409, 411, 414, 424, 430, 449, 454, 470, 480, 560, 584, 643, 685, 703, 724, 739, 779, 798, 799, 800, 801, 804, 806, 807, 810, 812, 814, 816, 821, 822, 823, 824, 826, 827, 837, 842, 843, 852, 859, 862, 865, 869, 876, 882, 897, 901, 917, 932]","[17, 18, 19, 20, 21, 22, 23, 156, 157, 158, 159, 160, 161, 162, 163, 164, 165, 166, 167, 168, 340, 341, 342, 343, 344, 345, 346, 412, 413, 414, 415, 416, 417, 418, 419, 420, 421, 422, 502, 503, 504, 505, 506, 507, 628, 629, 630, 631, 632, 633, 634, 635, 636, 637, 638, 639, 792, 796, 797, 798, 799, 800, 801, 863, 864, 865, 866, 867, 868, 869, 870, 871, 872, 873, 874]","[17, 18, 19, 20, 21, 22, 23, 156, 157, 158, 159, 160, 161, 162, 163, 164, 165, 166, 167, 341, 342, 343, 344, 345, 412, 413, 414, 415, 416, 417, 418, 419, 420, 421, 422, 502, 503, 504, 505, 506, 507, 628, 629, 630, 631, 632, 633, 634, 635, 636, 637, 638, 639, 792, 797, 798, 799, 800, 801, 863, 864, 865, 866, 867, 868, 869, 870, 871, 872, 873, 874]",0/6 successful match,False,,False,48,False,,,,,
"Rock Springs , 82901 Flying J Travel Plaza # 0500017",F 4307-362-4231 I-80 Exit 104,M O,Rock Springs,82901,Flying J Travel Plaza # 0500017,307-362-4231,2007,Rock Springs,WY,Flying J,,I-80 Exit 104,Exit,104,False,,False,I-80,,,,,[],[],"[174, 188, 189, 197, 232, 254, 399, 645, 659, 660, 668, 696, 717, 848]",[],[],"[89, 108, 172, 217, 221, 239, 264, 280, 321, 342, 343, 344, 345, 346, 349, 351, 352, 355, 357, 359, 364, 368, 371, 372, 373, 374, 376, 377, 387, 392, 393, 403, 409, 411, 414, 424, 430, 449, 454, 470, 480, 560, 584, 643, 685, 703, 724, 739, 779, 798, 799, 800, 801, 804, 806, 807, 810, 812, 814, 816, 821, 822, 823, 824, 826, 827, 837, 842, 843, 852, 859, 862, 865, 869, 876, 882, 897, 901, 917, 932]","[17, 18, 19, 20, 21, 22, 23, 156, 157, 158, 159, 160, 161, 162, 163, 164, 165, 166, 167, 341, 342, 343, 344, 345, 412, 413, 414, 415, 416, 417, 418, 419, 420, 421, 422, 502, 503, 504, 505, 506, 507, 628, 629, 630, 631, 632, 633, 634, 635, 636, 637, 638, 639, 792, 797, 798, 799, 800, 801, 863, 864, 865, 866, 867, 868, 869, 870, 871, 872, 873, 874]","[17, 18, 19, 20, 21, 22, 23, 156, 157, 158, 159, 160, 161, 162, 163, 164, 165, 166, 167, 168, 340, 341, 342, 343, 344, 345, 346, 412, 413, 414, 415, 416, 417, 418, 419, 420, 421, 422, 502, 503, 504, 505, 506, 507, 628, 629, 630, 631, 632, 633, 634, 635, 636, 637, 638, 639, 792, 796, 797, 798, 799, 800, 801, 863, 864, 865, 866, 867, 868, 869, 870, 871, 872, 873, 874]","[17, 18, 19, 20, 21, 22, 23, 560, 584, 89, 108, 628, 629, 630, 631, 632, 633, 634, 635, 636, 637, 638, 639, 643, 645, 659, 660, 668, 156, 157, 158, 159, 160, 161, 162, 163, 164, 165, 166, 167, 168, 172, 685, 174, 696, 188, 189, 703, 197, 717, 724, 217, 221, 739, 232, 239, 254, 264, 779, 280, 792, 796, 797, 798, 799, 800, 801, 804, 806, 807, 810, 812, 814, 874, 816, 821, 822, 823, 824, 826, 827, 321, 837, 842, 843, 848, 852, 341, 342, 343, 344, 345, 346, 859, 340, 349, 862, 351, 352, 865, 863, 355, 864, 357, 869, 359, 866, 867, 868, 870, 364, 876, 871, 872, 368, 873, 882, 371, 372, 373, 374, 376, 377, 897, 387, 901, 392, 393, 399, 403, 917, 409, 411, 412, 413, 414, 415, 416, 417, 418, 419, 932, 420, 421, 422, 424, 430, 449, 454, 470, 480, 502, 503, 504, 505, 506, 507]",False,[],[],"[174, 188, 189, 197, 232, 254, 399, 645, 659, 660, 668, 696, 717, 848]",[],"[89, 108, 172, 217, 221, 239, 264, 280, 321, 342, 343, 344, 345, 346, 349, 351, 352, 355, 357, 359, 364, 368, 371, 372, 373, 374, 376, 377, 387, 392, 393, 403, 409, 411, 414, 424, 430, 449, 454, 470, 480, 560, 584, 643, 685, 703, 724, 739, 779, 798, 799, 800, 801, 804, 806, 807, 810, 812, 814, 816, 821, 822, 823, 824, 826, 827, 837, 842, 843, 852, 859, 862, 865, 869, 876, 882, 897, 901, 917, 932]","[17, 18, 19, 20, 21, 22, 23, 156, 157, 158, 159, 160, 161, 162, 163, 164, 165, 166, 167, 168, 340, 341, 342, 343, 344, 345, 346, 412, 413, 414, 415, 416, 417, 418, 419, 420, 421, 422, 502, 503, 504, 505, 506, 507, 628, 629, 630, 631, 632, 633, 634, 635, 636, 637, 638, 639, 792, 796, 797, 798, 799, 800, 801, 863, 864, 865, 866, 867, 868, 869, 870, 871, 872, 873, 874]","[17, 18, 19, 20, 21, 22, 23, 156, 157, 158, 159, 160, 161, 162, 163, 164, 165, 166, 167, 341, 342, 343, 344, 345, 412, 413, 414, 415, 416, 417, 418, 419, 420, 421, 422, 502, 503, 504, 505, 506, 507, 628, 629, 630, 631, 632, 633, 634, 635, 636, 637, 638, 639, 792, 797, 798, 799, 800, 801, 863, 864, 865, 866, 867, 868, 869, 870, 871, 872, 873, 874]",0/6 successful match,False,,False,48,False,,0.6555555555555556,True,Flying J Travel Plaza #,Flying J
"Rock Springs , 82901 Flying J Travel Plaza # 0500017",307-362-4231 I-80 Exit 104,24 M 24,Rock Springs,82901,Flying J Travel Plaza # 0500017,307-362-4231,2008,Rock Springs,WY,Flying J,,I-80 Exit 104,Exit,104,False,,False,I-80,,,,,[],[],"[174, 188, 189, 197, 232, 254, 399, 645, 659, 660, 668, 696, 717, 848]",[],[],"[89, 108, 172, 217, 221, 239, 264, 280, 321, 342, 343, 344, 345, 346, 349, 351, 352, 355, 357, 359, 364, 368, 371, 372, 373, 374, 376, 377, 387, 392, 393, 403, 409, 411, 414, 424, 430, 449, 454, 470, 480, 560, 584, 643, 685, 703, 724, 739, 779, 798, 799, 800, 801, 804, 806, 807, 810, 812, 814, 816, 821, 822, 823, 824, 826, 827, 837, 842, 843, 852, 859, 862, 865, 869, 876, 882, 897, 901, 917, 932]","[17, 18, 19, 20, 21, 22, 23, 156, 157, 158, 159, 160, 161, 162, 163, 164, 165, 166, 167, 341, 342, 343, 344, 345, 412, 413, 414, 415, 416, 417, 418, 419, 420, 421, 422, 502, 503, 504, 505, 506, 507, 628, 629, 630, 631, 632, 633, 634, 635, 636, 637, 638, 639, 792, 797, 798, 799, 800, 801, 863, 864, 865, 866, 867, 868, 869, 870, 871, 872, 873, 874]","[17, 18, 19, 20, 21, 22, 23, 156, 157, 158, 159, 160, 161, 162, 163, 164, 165, 166, 167, 168, 340, 341, 342, 343, 344, 345, 346, 412, 413, 414, 415, 416, 417, 418, 419, 420, 421, 422, 502, 503, 504, 505, 506, 507, 628, 629, 630, 631, 632, 633, 634, 635, 636, 637, 638, 639, 792, 796, 797, 798, 799, 800, 801, 863, 864, 865, 866, 867, 868, 869, 870, 871, 872, 873, 874]","[17, 18, 19, 20, 21, 22, 23, 560, 584, 89, 108, 628, 629, 630, 631, 632, 633, 634, 635, 636, 637, 638, 639, 643, 645, 659, 660, 668, 156, 157, 158, 159, 160, 161, 162, 163, 164, 165, 166, 167, 168, 172, 685, 174, 696, 188, 189, 703, 197, 717, 724, 217, 221, 739, 232, 239, 254, 264, 779, 280, 792, 796, 797, 798, 799, 800, 801, 804, 806, 807, 810, 812, 814, 874, 816, 821, 822, 823, 824, 826, 827, 321, 837, 842, 843, 848, 852, 341, 342, 343, 344, 345, 346, 859, 340, 349, 862, 351, 352, 865, 863, 355, 864, 357, 869, 359, 866, 867, 868, 870, 364, 876, 871, 872, 368, 873, 882, 371, 372, 373, 374, 376, 377, 897, 387, 901, 392, 393, 399, 403, 917, 409, 411, 412, 413, 414, 415, 416, 417, 418, 419, 932, 420, 421, 422, 424, 430, 449, 454, 470, 480, 502, 503, 504, 505, 506, 507]",False,[],[],"[174, 188, 189, 197, 232, 254, 399, 645, 659, 660, 668, 696, 717, 848]",[],"[89, 108, 172, 217, 221, 239, 264, 280, 321, 342, 343, 344, 345, 346, 349, 351, 352, 355, 357, 359, 364, 368, 371, 372, 373, 374, 376, 377, 387, 392, 393, 403, 409, 411, 414, 424, 430, 449, 454, 470, 480, 560, 584, 643, 685, 703, 724, 739, 779, 798, 799, 800, 801, 804, 806, 807, 810, 812, 814, 816, 821, 822, 823, 824, 826, 827, 837, 842, 843, 852, 859, 862, 865, 869, 876, 882, 897, 901, 917, 932]","[17, 18, 19, 20, 21, 22, 23, 156, 157, 158, 159, 160, 161, 162, 163, 164, 165, 166, 167, 168, 340, 341, 342, 343, 344, 345, 346, 412, 413, 414, 415, 416, 417, 418, 419, 420, 421, 422, 502, 503, 504, 505, 506, 507, 628, 629, 630, 631, 632, 633, 634, 635, 636, 637, 638, 639, 792, 796, 797, 798, 799, 800, 801, 863, 864, 865, 866, 867, 868, 869, 870, 871, 872, 873, 874]","[17, 18, 19, 20, 21, 22, 23, 156, 157, 158, 159, 160, 161, 162, 163, 164, 165, 166, 167, 341, 342, 343, 344, 345, 412, 413, 414, 415, 416, 417, 418, 419, 420, 421, 422, 502, 503, 504, 505, 506, 507, 628, 629, 630, 631, 632, 633, 634, 635, 636, 637, 638, 639, 792, 797, 798, 799, 800, 801, 863, 864, 865, 866, 867, 868, 869, 870, 871, 872, 873, 874]",0/6 successful match,False,,False,48,False,,1.0,True,Flying J Travel Plaza # 0500017,Flying J
Rock Springs ( 82901 ) Flying J Travel Plaza # 764 ( Conoco ),307-362-4231 I-80 Exit 104,24 Mo 24,Rock Springs,82901,Flying J Travel Plaza # 764 ( Conoco ),307-362-4231,2014,Rock Springs,WY,Flying J,,I-80 Exit 104,Exit,104,False,,False,I-80,,,,,[],[],"[174, 188, 189, 197, 232, 254, 399, 645, 659, 660, 668, 696, 717, 848]",[],[],"[89, 108, 172, 217, 221, 239, 264, 280, 321, 342, 343, 344, 345, 346, 349, 351, 352, 355, 357, 359, 364, 368, 371, 372, 373, 374, 376, 377, 387, 392, 393, 403, 409, 411, 414, 424, 430, 449, 454, 470, 480, 560, 584, 643, 685, 703, 724, 739, 779, 798, 799, 800, 801, 804, 806, 807, 810, 812, 814, 816, 821, 822, 823, 824, 826, 827, 837, 842, 843, 852, 859, 862, 865, 869, 876, 882, 897, 901, 917, 932]","[17, 18, 19, 20, 21, 22, 23, 156, 157, 158, 159, 160, 161, 162, 163, 164, 165, 166, 167, 341, 342, 343, 344, 345, 412, 413, 414, 415, 416, 417, 418, 419, 420, 421, 422, 502, 503, 504, 505, 506, 507, 628, 629, 630, 631, 632, 633, 634, 635, 636, 637, 638, 639, 792, 797, 798, 799, 800, 801, 863, 864, 865, 866, 867, 868, 869, 870, 871, 872, 873, 874]","[3, 17, 18, 19, 20, 21, 22, 23, 27, 156, 157, 158, 159, 160, 161, 162, 163, 164, 165, 166, 167, 168, 340, 341, 342, 343, 344, 345, 346, 349, 406, 412, 413, 414, 415, 416, 417, 418, 419, 420, 421, 422, 451, 489, 502, 503, 504, 505, 506, 507, 510, 628, 629, 630, 631, 632, 633, 634, 635, 636, 637, 638, 639, 792, 796, 797, 798, 799, 800, 801, 804, 855, 863, 864, 865, 866, 867, 868, 869, 870, 871, 872, 873, 874, 898]","[3, 17, 18, 19, 20, 21, 22, 23, 27, 560, 584, 89, 108, 628, 629, 630, 631, 632, 633, 634, 635, 636, 637, 638, 639, 643, 645, 659, 660, 668, 156, 157, 158, 159, 160, 161, 162, 163, 164, 165, 166, 167, 168, 172, 685, 174, 696, 188, 189, 703, 197, 717, 855, 724, 217, 221, 739, 232, 239, 254, 264, 779, 280, 792, 796, 797, 798, 799, 800, 801, 804, 806, 807, 810, 812, 814, 874, 816, 821, 822, 823, 824, 826, 827, 321, 837, 842, 843, 848, 852, 341, 342, 343, 344, 345, 346, 859, 340, 349, 862, 351, 352, 865, 863, 355, 864, 357, 869, 359, 866, 867, 868, 870, 364, 876, 871, 872, 368, 873, 882, 371, 372, 373, 374, 376, 377, 897, 898, 387, 901, 392, 393, 399, 403, 917, 406, 409, 411, 412, 413, 414, 415, 416, 417, 418, 419, 932, 420, 421, 422, 424, 430, 449, 451, 454, 470, 480, 489, 502, 503, 504, 505, 506, 507, 510]",False,[],[],"[174, 188, 189, 197, 232, 254, 399, 645, 659, 660, 668, 696, 717, 848]",[],"[89, 108, 172, 217, 221, 239, 264, 280, 321, 342, 343, 344, 345, 346, 349, 351, 352, 355, 357, 359, 364, 368, 371, 372, 373, 374, 376, 377, 387, 392, 393, 403, 409, 411, 414, 424, 430, 449, 454, 470, 480, 560, 584, 643, 685, 703, 724, 739, 779, 798, 799, 800, 801, 804, 806, 807, 810, 812, 814, 816, 821, 822, 823, 824, 826, 827, 837, 842, 843, 852, 859, 862, 865, 869, 876, 882, 897, 901, 917, 932]","[3, 17, 18, 19, 20, 21, 22, 23, 27, 156, 157, 158, 159, 160, 161, 162, 163, 164, 165, 166, 167, 168, 340, 341, 342, 343, 344, 345, 346, 349, 406, 412, 413, 414, 415, 416, 417, 418, 419, 420, 421, 422, 451, 489, 502, 503, 504, 505, 506, 507, 510, 628, 629, 630, 631, 632, 633, 634, 635, 636, 637, 638, 639, 792, 796, 797, 798, 799, 800, 801, 804, 855, 863, 864, 865, 866, 867, 868, 869, 870, 871, 872, 873, 874, 898]","[17, 18, 19, 20, 21, 22, 23, 156, 157, 158, 159, 160, 161, 162, 163, 164, 165, 166, 167, 341, 342, 343, 344, 345, 412, 413, 414, 415, 416, 417, 418, 419, 420, 421, 422, 502, 503, 504, 505, 506, 507, 628, 629, 630, 631, 632, 633, 634, 635, 636, 637, 638, 639, 792, 797, 798, 799, 800, 801, 863, 864, 865, 866, 867, 868, 869, 870, 871, 872, 873, 874]",0/6 successful match,False,,False,48,False,,0.5173913043478261,True,Flying J Travel Plaza # 0500017,Flying J
F Rock Springs ( 82901 ) Flying J Travel Plaza # 764 ( Conoco ),307-362-4231 I-80 Exit 104,FLYING J 24 M 24 D,Rock Springs,82901,Flying J Travel Plaza # 764 ( Conoco ),307-362-4231,2015,Rock Springs,WY,Flying J,,I-80 Exit 104,Exit,104,False,,False,I-80,,,,,[],[],"[174, 188, 189, 197, 232, 254, 399, 645, 659, 660, 668, 696, 717, 848]",[],[],"[89, 108, 172, 217, 221, 239, 264, 280, 321, 342, 343, 344, 345, 346, 349, 351, 352, 355, 357, 359, 364, 368, 371, 372, 373, 374, 376, 377, 387, 392, 393, 403, 409, 411, 414, 424, 430, 449, 454, 470, 480, 560, 584, 643, 685, 703, 724, 739, 779, 798, 799, 800, 801, 804, 806, 807, 810, 812, 814, 816, 821, 822, 823, 824, 826, 827, 837, 842, 843, 852, 859, 862, 865, 869, 876, 882, 897, 901, 917, 932]","[17, 18, 19, 20, 21, 22, 23, 156, 157, 158, 159, 160, 161, 162, 163, 164, 165, 166, 167, 341, 342, 343, 344, 345, 412, 413, 414, 415, 416, 417, 418, 419, 420, 421, 422, 502, 503, 504, 505, 506, 507, 628, 629, 630, 631, 632, 633, 634, 635, 636, 637, 638, 639, 792, 797, 798, 799, 800, 801, 863, 864, 865, 866, 867, 868, 869, 870, 871, 872, 873, 874]","[3, 17, 18, 19, 20, 21, 22, 23, 27, 156, 157, 158, 159, 160, 161, 162, 163, 164, 165, 166, 167, 168, 340, 341, 342, 343, 344, 345, 346, 349, 406, 412, 413, 414, 415, 416, 417, 418, 419, 420, 421, 422, 451, 489, 502, 503, 504, 505, 506, 507, 510, 628, 629, 630, 631, 632, 633, 634, 635, 636, 637, 638, 639, 792, 796, 797, 798, 799, 800, 801, 804, 855, 863, 864, 865, 866, 867, 868, 869, 870, 871, 872, 873, 874, 898]","[3, 17, 18, 19, 20, 21, 22, 23, 27, 560, 584, 89, 108, 628, 629, 630, 631, 632, 633, 634, 635, 636, 637, 638, 639, 643, 645, 659, 660, 668, 156, 157, 158, 159, 160, 161, 162, 163, 164, 165, 166, 167, 168, 172, 685, 174, 696, 188, 189, 703, 197, 717, 855, 724, 217, 221, 739, 232, 239, 254, 264, 779, 280, 792, 796, 797, 798, 799, 800, 801, 804, 806, 807, 810, 812, 814, 874, 816, 821, 822, 823, 824, 826, 827, 321, 837, 842, 843, 848, 852, 341, 342, 343, 344, 345, 346, 859, 340, 349, 862, 351, 352, 865, 863, 355, 864, 357, 869, 359, 866, 867, 868, 870, 364, 876, 871, 872, 368, 873, 882, 371, 372, 373, 374, 376, 377, 897, 898, 387, 901, 392, 393, 399, 403, 917, 406, 409, 411, 412, 413, 414, 415, 416, 417, 418, 419, 932, 420, 421, 422, 424, 430, 449, 451, 454, 470, 480, 489, 502, 503, 504, 505, 506, 507, 510]",False,[],[],"[174, 188, 189, 197, 232, 254, 399, 645, 659, 660, 668, 696, 717, 848]",[],"[89, 108, 172, 217, 221, 239, 264, 280, 321, 342, 343, 344, 345, 346, 349, 351, 352, 355, 357, 359, 364, 368, 371, 372, 373, 374, 376, 377, 387, 392, 393, 403, 409, 411, 414, 424, 430, 449, 454, 470, 480, 560, 584, 643, 685, 703, 724, 739, 779, 798, 799, 800, 801, 804, 806, 807, 810, 812, 814, 816, 821, 822, 823, 824, 826, 827, 837, 842, 843, 852, 859, 862, 865, 869, 876, 882, 897, 901, 917, 932]","[3, 17, 18, 19, 20, 21, 22, 23, 27, 156, 157, 158, 159, 160, 161, 162, 163, 164, 165, 166, 167, 168, 340, 341, 342, 343, 344, 345, 346, 349, 406, 412, 413, 414, 415, 416, 417, 418, 419, 420, 421, 422, 451, 489, 502, 503, 504, 505, 506, 507, 510, 628, 629, 630, 631, 632, 633, 634, 635, 636, 637, 638, 639, 792, 796, 797, 798, 799, 800, 801, 804, 855, 863, 864, 865, 866, 867, 868, 869, 870, 871, 872, 873, 874, 898]","[17, 18, 19, 20, 21, 22, 23, 156, 157, 158, 159, 160, 161, 162, 163, 164, 165, 166, 167, 341, 342, 343, 344, 345, 412, 413, 414, 415, 416, 417, 418, 419, 420, 421, 422, 502, 503, 504, 505, 506, 507, 628, 629, 630, 631, 632, 633, 634, 635, 636, 637, 638, 639, 792, 797, 798, 799, 800, 801, 863, 864, 865, 866, 867, 868, 869, 870, 871, 872, 873, 874]",0/6 successful match,False,,False,48,False,,1.0,True,Flying J Travel Plaza # 764 ( Conoco ),Flying J
Rock Springs ( 82901 ) Flying J Travel Plaza # 764 ( Conoco ),307-362-4231 I-80 Exit 104,FLYING 24 24,Rock Springs,82901,Flying J Travel Plaza # 764 ( Conoco ),307-362-4231,2016,Rock Springs,WY,Flying J,,I-80 Exit 104,Exit,104,False,,False,I-80,,,,,[],[],"[174, 188, 189, 197, 232, 254, 399, 645, 659, 660, 668, 696, 717, 848]",[],[],"[89, 108, 172, 217, 221, 239, 264, 280, 321, 342, 343, 344, 345, 346, 349, 351, 352, 355, 357, 359, 364, 368, 371, 372, 373, 374, 376, 377, 387, 392, 393, 403, 409, 411, 414, 424, 430, 449, 454, 470, 480, 560, 584, 643, 685, 703, 724, 739, 779, 798, 799, 800, 801, 804, 806, 807, 810, 812, 814, 816, 821, 822, 823, 824, 826, 827, 837, 842, 843, 852, 859, 862, 865, 869, 876, 882, 897, 901, 917, 932]","[17, 18, 19, 20, 21, 22, 23, 156, 157, 158, 159, 160, 161, 162, 163, 164, 165, 166, 167, 341, 342, 343, 344, 345, 412, 413, 414, 415, 416, 417, 418, 419, 420, 421, 422, 502, 503, 504, 505, 506, 507, 628, 629, 630, 631, 632, 633, 634, 635, 636, 637, 638, 639, 792, 797, 798, 799, 800, 801, 863, 864, 865, 866, 867, 868, 869, 870, 871, 872, 873, 874]","[3, 17, 18, 19, 20, 21, 22, 23, 27, 156, 157, 158, 159, 160, 161, 162, 163, 164, 165, 166, 167, 168, 340, 341, 342, 343, 344, 345, 346, 349, 406, 412, 413, 414, 415, 416, 417, 418, 419, 420, 421, 422, 451, 489, 502, 503, 504, 505, 506, 507, 510, 628, 629, 630, 631, 632, 633, 634, 635, 636, 637, 638, 639, 792, 796, 797, 798, 799, 800, 801, 804, 855, 863, 864, 865, 866, 867, 868, 869, 870, 871, 872, 873, 874, 898]","[3, 17, 18, 19, 20, 21, 22, 23, 27, 560, 584, 89, 108, 628, 629, 630, 631, 632, 633, 634, 635, 636, 637, 638, 639, 643, 645, 659, 660, 668, 156, 157, 158, 159, 160, 161, 162, 163, 164, 165, 166, 167, 168, 172, 685, 174, 696, 188, 189, 703, 197, 717, 855, 724, 217, 221, 739, 232, 239, 254, 264, 779, 280, 792, 796, 797, 798, 799, 800, 801, 804, 806, 807, 810, 812, 814, 874, 816, 821, 822, 823, 824, 826, 827, 321, 837, 842, 843, 848, 852, 341, 342, 343, 344, 345, 346, 859, 340, 349, 862, 351, 352, 865, 863, 355, 864, 357, 869, 359, 866, 867, 868, 870, 364, 876, 871, 872, 368, 873, 882, 371, 372, 373, 374, 376, 377, 897, 898, 387, 901, 392, 393, 399, 403, 917, 406, 409, 411, 412, 413, 414, 415, 416, 417, 418, 419, 932, 420, 421, 422, 424, 430, 449, 451, 454, 470, 480, 489, 502, 503, 504, 505, 506, 507, 510]",False,[],[],"[174, 188, 189, 197, 232, 254, 399, 645, 659, 660, 668, 696, 717, 848]",[],"[89, 108, 172, 217, 221, 239, 264, 280, 321, 342, 343, 344, 345, 346, 349, 351, 352, 355, 357, 359, 364, 368, 371, 372, 373, 374, 376, 377, 387, 392, 393, 403, 409, 411, 414, 424, 430, 449, 454, 470, 480, 560, 584, 643, 685, 703, 724, 739, 779, 798, 799, 800, 801, 804, 806, 807, 810, 812, 814, 816, 821, 822, 823, 824, 826, 827, 837, 842, 843, 852, 859, 862, 865, 869, 876, 882, 897, 901, 917, 932]","[3, 17, 18, 19, 20, 21, 22, 23, 27, 156, 157, 158, 159, 160, 161, 162, 163, 164, 165, 166, 167, 168, 340, 341, 342, 343, 344, 345, 346, 349, 406, 412, 413, 414, 415, 416, 417, 418, 419, 420, 421, 422, 451, 489, 502, 503, 504, 505, 506, 507, 510, 628, 629, 630, 631, 632, 633, 634, 635, 636, 637, 638, 639, 792, 796, 797, 798, 799, 800, 801, 804, 855, 863, 864, 865, 866, 867, 868, 869, 870, 871, 872, 873, 874, 898]","[17, 18, 19, 20, 21, 22, 23, 156, 157, 158, 159, 160, 161, 162, 163, 164, 165, 166, 167, 341, 342, 343, 344, 345, 412, 413, 414, 415, 416, 417, 418, 419, 420, 421, 422, 502, 503, 504, 505, 506, 507, 628, 629, 630, 631, 632, 633, 634, 635, 636, 637, 638, 639, 792, 797, 798, 799, 800, 801, 863, 864, 865, 866, 867, 868, 869, 870, 871, 872, 873, 874]",0/6 successful match,False,,False,48,False,,1.0,True,Flying J Travel Plaza # 764 ( Conoco ),Flying J
"Little America , 82929 Little America Travel Center ( Sinclair )",307-872-2686 I-80 . Exit 68,XL 24,Little America,82929,Little America Travel Center ( Sinclair ),307-872-2686,2006,Little America,WY,Sinclair,,I-80 . Exit 68,Exit,68,False,,False,I-80,,,,,[],[],[],"[186, 247, 267, 657, 726]",[],"[89, 108, 172, 217, 221, 239, 264, 280, 321, 342, 343, 344, 345, 346, 349, 351, 352, 355, 357, 359, 364, 368, 371, 372, 373, 374, 376, 377, 387, 392, 393, 403, 409, 411, 414, 424, 430, 449, 454, 470, 480, 560, 584, 643, 685, 703, 724, 739, 779, 798, 799, 800, 801, 804, 806, 807, 810, 812, 814, 816, 821, 822, 823, 824, 826, 827, 837, 842, 843, 852, 859, 862, 865, 869, 876, 882, 897, 901, 917, 932]","[31, 142, 147, 180, 338, 352, 367, 387, 403, 405, 408, 410, 455, 465, 466, 468, 470, 472, 473, 483, 484, 514, 613, 618, 651, 794, 807, 837, 852, 854, 858, 861, 902, 912, 913, 915, 917, 919, 920, 931, 934, 935]","[31, 142, 147, 180, 338, 352, 367, 387, 403, 405, 408, 410, 455, 465, 466, 468, 470, 472, 473, 483, 484, 514, 613, 618, 651, 794, 807, 837, 852, 854, 858, 861, 902, 912, 913, 915, 917, 919, 920, 931, 934, 935]","[514, 31, 560, 584, 89, 613, 618, 108, 643, 651, 142, 657, 147, 172, 685, 180, 186, 703, 724, 726, 217, 221, 739, 239, 247, 264, 267, 779, 280, 794, 798, 799, 800, 801, 804, 806, 807, 810, 812, 814, 816, 821, 822, 823, 824, 826, 827, 321, 837, 842, 843, 338, 852, 342, 343, 344, 345, 346, 859, 854, 349, 862, 351, 352, 865, 858, 355, 861, 357, 869, 359, 364, 876, 367, 368, 882, 371, 372, 373, 374, 376, 377, 897, 387, 901, 902, 392, 393, 912, 913, 403, 915, 917, 405, 919, 408, 409, 410, 411, 920, 414, 931, 932, 934, 935, 424, 430, 449, 454, 455, 465, 466, 468, 470, 472, 473, 480, 483, 484]",False,[],[],[],"[186, 247, 267, 657, 726]","[89, 108, 172, 217, 221, 239, 264, 280, 321, 342, 343, 344, 345, 346, 349, 351, 352, 355, 357, 359, 364, 368, 371, 372, 373, 374, 376, 377, 387, 392, 393, 403, 409, 411, 414, 424, 430, 449, 454, 470, 480, 560, 584, 643, 685, 703, 724, 739, 779, 798, 799, 800, 801, 804, 806, 807, 810, 812, 814, 816, 821, 822, 823, 824, 826, 827, 837, 842, 843, 852, 859, 862, 865, 869, 876, 882, 897, 901, 917, 932]","[31, 142, 147, 180, 338, 352, 367, 387, 403, 405, 408, 410, 455, 465, 466, 468, 470, 472, 473, 483, 484, 514, 613, 618, 651, 794, 807, 837, 852, 854, 858, 861, 902, 912, 913, 915, 917, 919, 920, 931, 934, 935]","[31, 142, 147, 180, 338, 352, 367, 387, 403, 405, 408, 410, 455, 465, 466, 468, 470, 472, 473, 483, 484, 514, 613, 618, 651, 794, 807, 837, 852, 854, 858, 861, 902, 912, 913, 915, 917, 919, 920, 931, 934, 935]",0/6 successful match,False,,False,49,False,,,,,
"F Little America , 82929 Little America Travel Center ( Sinclair )",307-872-2686 I-80 Exit 68,) 24 XL <U+2610>,Little America,82929,Little America Travel Center ( Sinclair ),307-872-2686,2007,Little America,WY,Sinclair,,I-80 Exit 68,Exit,68,False,,False,I-80,,,,,[],[],[],"[186, 247, 267, 657, 726]",[],"[89, 108, 172, 217, 221, 239, 264, 280, 321, 342, 343, 344, 345, 346, 349, 351, 352, 355, 357, 359, 364, 368, 371, 372, 373, 374, 376, 377, 387, 392, 393, 403, 409, 411, 414, 424, 430, 449, 454, 470, 480, 560, 584, 643, 685, 703, 724, 739, 779, 798, 799, 800, 801, 804, 806, 807, 810, 812, 814, 816, 821, 822, 823, 824, 826, 827, 837, 842, 843, 852, 859, 862, 865, 869, 876, 882, 897, 901, 917, 932]","[31, 142, 147, 180, 338, 352, 367, 387, 403, 405, 408, 410, 455, 465, 466, 468, 470, 472, 473, 483, 484, 514, 613, 618, 651, 794, 807, 837, 852, 854, 858, 861, 902, 912, 913, 915, 917, 919, 920, 931, 934, 935]","[31, 142, 147, 180, 338, 352, 367, 387, 403, 405, 408, 410, 455, 465, 466, 468, 470, 472, 473, 483, 484, 514, 613, 618, 651, 794, 807, 837, 852, 854, 858, 861, 902, 912, 913, 915, 917, 919, 920, 931, 934, 935]","[514, 31, 560, 584, 89, 613, 618, 108, 643, 651, 142, 657, 147, 172, 685, 180, 186, 703, 724, 726, 217, 221, 739, 239, 247, 264, 267, 779, 280, 794, 798, 799, 800, 801, 804, 806, 807, 810, 812, 814, 816, 821, 822, 823, 824, 826, 827, 321, 837, 842, 843, 338, 852, 342, 343, 344, 345, 346, 859, 854, 349, 862, 351, 352, 865, 858, 355, 861, 357, 869, 359, 364, 876, 367, 368, 882, 371, 372, 373, 374, 376, 377, 897, 387, 901, 902, 392, 393, 912, 913, 403, 915, 917, 405, 919, 408, 409, 410, 411, 920, 414, 931, 932, 934, 935, 424, 430, 449, 454, 455, 465, 466, 468, 470, 472, 473, 480, 483, 484]",False,[],[],[],"[186, 247, 267, 657, 726]","[89, 108, 172, 217, 221, 239, 264, 280, 321, 342, 343, 344, 345, 346, 349, 351, 352, 355, 357, 359, 364, 368, 371, 372, 373, 374, 376, 377, 387, 392, 393, 403, 409, 411, 414, 424, 430, 449, 454, 470, 480, 560, 584, 643, 685, 703, 724, 739, 779, 798, 799, 800, 801, 804, 806, 807, 810, 812, 814, 816, 821, 822, 823, 824, 826, 827, 837, 842, 843, 852, 859, 862, 865, 869, 876, 882, 897, 901, 917, 932]","[31, 142, 147, 180, 338, 352, 367, 387, 403, 405, 408, 410, 455, 465, 466, 468, 470, 472, 473, 483, 484, 514, 613, 618, 651, 794, 807, 837, 852, 854, 858, 861, 902, 912, 913, 915, 917, 919, 920, 931, 934, 935]","[31, 142, 147, 180, 338, 352, 367, 387, 403, 405, 408, 410, 455, 465, 466, 468, 470, 472, 473, 483, 484, 514, 613, 618, 651, 794, 807, 837, 852, 854, 858, 861, 902, 912, 913, 915, 917, 919, 920, 931, 934, 935]",0/6 successful match,False,,False,49,False,,1.0,True,Little America Travel Center ( Sinclair ),Sinclair
"Little America , 82929 Little America Travel Center ( Sinclair )",307-872-2686 I-80 Exit 68,24 HRS XL 24,Little America,82929,Little America Travel Center ( Sinclair ),307-872-2686,2008,Little America,WY,Sinclair,,I-80 Exit 68,Exit,68,False,,False,I-80,,,,,[],[],[],"[186, 247, 267, 657, 726]",[],"[89, 108, 172, 217, 221, 239, 264, 280, 321, 342, 343, 344, 345, 346, 349, 351, 352, 355, 357, 359, 364, 368, 371, 372, 373, 374, 376, 377, 387, 392, 393, 403, 409, 411, 414, 424, 430, 449, 454, 470, 480, 560, 584, 643, 685, 703, 724, 739, 779, 798, 799, 800, 801, 804, 806, 807, 810, 812, 814, 816, 821, 822, 823, 824, 826, 827, 837, 842, 843, 852, 859, 862, 865, 869, 876, 882, 897, 901, 917, 932]","[31, 142, 147, 180, 338, 352, 367, 387, 403, 405, 408, 410, 455, 465, 466, 468, 470, 472, 473, 483, 484, 514, 613, 618, 651, 794, 807, 837, 852, 854, 858, 861, 902, 912, 913, 915, 917, 919, 920, 931, 934, 935]","[31, 142, 147, 180, 338, 352, 367, 387, 403, 405, 408, 410, 455, 465, 466, 468, 470, 472, 473, 483, 484, 514, 613, 618, 651, 794, 807, 837, 852, 854, 858, 861, 902, 912, 913, 915, 917, 919, 920, 931, 934, 935]","[514, 31, 560, 584, 89, 613, 618, 108, 643, 651, 142, 657, 147, 172, 685, 180, 186, 703, 724, 726, 217, 221, 739, 239, 247, 264, 267, 779, 280, 794, 798, 799, 800, 801, 804, 806, 807, 810, 812, 814, 816, 821, 822, 823, 824, 826, 827, 321, 837, 842, 843, 338, 852, 342, 343, 344, 345, 346, 859, 854, 349, 862, 351, 352, 865, 858, 355, 861, 357, 869, 359, 364, 876, 367, 368, 882, 371, 372, 373, 374, 376, 377, 897, 387, 901, 902, 392, 393, 912, 913, 403, 915, 917, 405, 919, 408, 409, 410, 411, 920, 414, 931, 932, 934, 935, 424, 430, 449, 454, 455, 465, 466, 468, 470, 472, 473, 480, 483, 484]",False,[],[],[],"[186, 247, 267, 657, 726]","[89, 108, 172, 217, 221, 239, 264, 280, 321, 342, 343, 344, 345, 346, 349, 351, 352, 355, 357, 359, 364, 368, 371, 372, 373, 374, 376, 377, 387, 392, 393, 403, 409, 411, 414, 424, 430, 449, 454, 470, 480, 560, 584, 643, 685, 703, 724, 739, 779, 798, 799, 800, 801, 804, 806, 807, 810, 812, 814, 816, 821, 822, 823, 824, 826, 827, 837, 842, 843, 852, 859, 862, 865, 869, 876, 882, 897, 901, 917, 932]","[31, 142, 147, 180, 338, 352, 367, 387, 403, 405, 408, 410, 455, 465, 466, 468, 470, 472, 473, 483, 484, 514, 613, 618, 651, 794, 807, 837, 852, 854, 858, 861, 902, 912, 913, 915, 917, 919, 920, 931, 934, 935]","[31, 142, 147, 180, 338, 352, 367, 387, 403, 405, 408, 410, 455, 465, 466, 468, 470, 472, 473, 483, 484, 514, 613, 618, 651, 794, 807, 837, 852, 854, 858, 861, 902, 912, 913, 915, 917, 919, 920, 931, 934, 935]",0/6 successful match,False,,False,49,False,,1.0,True,Little America Travel Center ( Sinclair ),Sinclair
8 F Little America ( 82929 ) Little America Travel Center ( Sinclair ),4 307-872-2686 I-80 Exit 68,24 XL <U+2610> <U+2610> <U+2610> <U+2610>,Little America,82929,Little America Travel Center ( Sinclair ),307-872-2686,2014,Little America,WY,Sinclair,,I-80 Exit 68,Exit,68,False,,False,I-80,,,,,[],[],[],"[186, 247, 267, 657, 726]",[],"[89, 108, 172, 217, 221, 239, 264, 280, 321, 342, 343, 344, 345, 346, 349, 351, 352, 355, 357, 359, 364, 368, 371, 372, 373, 374, 376, 377, 387, 392, 393, 403, 409, 411, 414, 424, 430, 449, 454, 470, 480, 560, 584, 643, 685, 703, 724, 739, 779, 798, 799, 800, 801, 804, 806, 807, 810, 812, 814, 816, 821, 822, 823, 824, 826, 827, 837, 842, 843, 852, 859, 862, 865, 869, 876, 882, 897, 901, 917, 932]","[31, 142, 147, 180, 338, 352, 367, 387, 403, 405, 408, 410, 455, 465, 466, 468, 470, 472, 473, 483, 484, 514, 613, 618, 651, 794, 807, 837, 852, 854, 858, 861, 902, 912, 913, 915, 917, 919, 920, 931, 934, 935]","[31, 142, 147, 180, 338, 352, 367, 387, 403, 405, 408, 410, 455, 465, 466, 468, 470, 472, 473, 483, 484, 514, 613, 618, 651, 794, 807, 837, 852, 854, 858, 861, 902, 912, 913, 915, 917, 919, 920, 931, 934, 935]","[514, 31, 560, 584, 89, 613, 618, 108, 643, 651, 142, 657, 147, 172, 685, 180, 186, 703, 724, 726, 217, 221, 739, 239, 247, 264, 267, 779, 280, 794, 798, 799, 800, 801, 804, 806, 807, 810, 812, 814, 816, 821, 822, 823, 824, 826, 827, 321, 837, 842, 843, 338, 852, 342, 343, 344, 345, 346, 859, 854, 349, 862, 351, 352, 865, 858, 355, 861, 357, 869, 359, 364, 876, 367, 368, 882, 371, 372, 373, 374, 376, 377, 897, 387, 901, 902, 392, 393, 912, 913, 403, 915, 917, 405, 919, 408, 409, 410, 411, 920, 414, 931, 932, 934, 935, 424, 430, 449, 454, 455, 465, 466, 468, 470, 472, 473, 480, 483, 484]",False,[],[],[],"[186, 247, 267, 657, 726]","[89, 108, 172, 217, 221, 239, 264, 280, 321, 342, 343, 344, 345, 346, 349, 351, 352, 355, 357, 359, 364, 368, 371, 372, 373, 374, 376, 377, 387, 392, 393, 403, 409, 411, 414, 424, 430, 449, 454, 470, 480, 560, 584, 643, 685, 703, 724, 739, 779, 798, 799, 800, 801, 804, 806, 807, 810, 812, 814, 816, 821, 822, 823, 824, 826, 827, 837, 842, 843, 852, 859, 862, 865, 869, 876, 882, 897, 901, 917, 932]","[31, 142, 147, 180, 338, 352, 367, 387, 403, 405, 408, 410, 455, 465, 466, 468, 470, 472, 473, 483, 484, 514, 613, 618, 651, 794, 807, 837, 852, 854, 858, 861, 902, 912, 913, 915, 917, 919, 920, 931, 934, 935]","[31, 142, 147, 180, 338, 352, 367, 387, 403, 405, 408, 410, 455, 465, 466, 468, 470, 472, 473, 483, 484, 514, 613, 618, 651, 794, 807, 837, 852, 854, 858, 861, 902, 912, 913, 915, 917, 919, 920, 931, 934, 935]",0/6 successful match,False,,False,49,False,,1.0,True,Little America Travel Center ( Sinclair ),Sinclair
Little America ( 82929 ) Little America Travel Center Range ( ) Sinclair ),307-872-2686 I-80 Exit 68 AMBEST,24 223 XL,Little America,82929,Little America Travel Center Range ( ) Sinclair ),307-872-2686,2015,Little America,WY,Sinclair,,I-80 Exit 68 AMBEST,Exit,68,False,,False,I-80,,,,,[],[],[],"[186, 247, 267, 657, 726]",[],"[89, 108, 172, 217, 221, 239, 264, 280, 321, 342, 343, 344, 345, 346, 349, 351, 352, 355, 357, 359, 364, 368, 371, 372, 373, 374, 376, 377, 387, 392, 393, 403, 409, 411, 414, 424, 430, 449, 454, 470, 480, 560, 584, 643, 685, 703, 724, 739, 779, 798, 799, 800, 801, 804, 806, 807, 810, 812, 814, 816, 821, 822, 823, 824, 826, 827, 837, 842, 843, 852, 859, 862, 865, 869, 876, 882, 897, 901, 917, 932]","[31, 142, 147, 180, 338, 352, 367, 387, 403, 405, 408, 410, 455, 465, 466, 468, 470, 472, 473, 483, 484, 514, 613, 618, 651, 794, 807, 837, 852, 854, 858, 861, 902, 912, 913, 915, 917, 919, 920, 931, 934, 935]","[31, 142, 147, 180, 338, 352, 367, 387, 403, 405, 408, 410, 455, 465, 466, 468, 470, 472, 473, 483, 484, 514, 613, 618, 651, 794, 807, 837, 852, 854, 858, 861, 902, 912, 913, 915, 917, 919, 920, 931, 934, 935]","[514, 31, 560, 584, 89, 613, 618, 108, 643, 651, 142, 657, 147, 172, 685, 180, 186, 703, 724, 726, 217, 221, 739, 239, 247, 264, 267, 779, 280, 794, 798, 799, 800, 801, 804, 806, 807, 810, 812, 814, 816, 821, 822, 823, 824, 826, 827, 321, 837, 842, 843, 338, 852, 342, 343, 344, 345, 346, 859, 854, 349, 862, 351, 352, 865, 858, 355, 861, 357, 869, 359, 364, 876, 367, 368, 882, 371, 372, 373, 374, 376, 377, 897, 387, 901, 902, 392, 393, 912, 913, 403, 915, 917, 405, 919, 408, 409, 410, 411, 920, 414, 931, 932, 934, 935, 424, 430, 449, 454, 455, 465, 466, 468, 470, 472, 473, 480, 483, 484]",False,[],[],[],"[186, 247, 267, 657, 726]","[89, 108, 172, 217, 221, 239, 264, 280, 321, 342, 343, 344, 345, 346, 349, 351, 352, 355, 357, 359, 364, 368, 371, 372, 373, 374, 376, 377, 387, 392, 393, 403, 409, 411, 414, 424, 430, 449, 454, 470, 480, 560, 584, 643, 685, 703, 724, 739, 779, 798, 799, 800, 801, 804, 806, 807, 810, 812, 814, 816, 821, 822, 823, 824, 826, 827, 837, 842, 843, 852, 859, 862, 865, 869, 876, 882, 897, 901, 917, 932]","[31, 142, 147, 180, 338, 352, 367, 387, 403, 405, 408, 410, 455, 465, 466, 468, 470, 472, 473, 483, 484, 514, 613, 618, 651, 794, 807, 837, 852, 854, 858, 861, 902, 912, 913, 915, 917, 919, 920, 931, 934, 935]","[31, 142, 147, 180, 338, 352, 367, 387, 403, 405, 408, 410, 455, 465, 466, 468, 470, 472, 473, 483, 484, 514, 613, 618, 651, 794, 807, 837, 852, 854, 858, 861, 902, 912, 913, 915, 917, 919, 920, 931, 934, 935]",0/6 successful match,False,,False,49,False,,1.0,True,Little America Travel Center ( Sinclair ),Sinclair
Little America ( 82929 ) Little America Travel Center ( Sinclair ),4 307-872-2686 I-80 Exit 68,24 24 HAS,Little America,82929,Little America Travel Center ( Sinclair ),307-872-2686,2016,Little America,WY,Sinclair,,I-80 Exit 68,Exit,68,False,,False,I-80,,,,,[],[],[],"[186, 247, 267, 657, 726]",[],"[89, 108, 172, 217, 221, 239, 264, 280, 321, 342, 343, 344, 345, 346, 349, 351, 352, 355, 357, 359, 364, 368, 371, 372, 373, 374, 376, 377, 387, 392, 393, 403, 409, 411, 414, 424, 430, 449, 454, 470, 480, 560, 584, 643, 685, 703, 724, 739, 779, 798, 799, 800, 801, 804, 806, 807, 810, 812, 814, 816, 821, 822, 823, 824, 826, 827, 837, 842, 843, 852, 859, 862, 865, 869, 876, 882, 897, 901, 917, 932]","[31, 142, 147, 180, 338, 352, 367, 387, 403, 405, 408, 410, 455, 465, 466, 468, 470, 472, 473, 483, 484, 514, 613, 618, 651, 794, 807, 837, 852, 854, 858, 861, 902, 912, 913, 915, 917, 919, 920, 931, 934, 935]","[31, 142, 147, 180, 338, 352, 367, 387, 403, 405, 408, 410, 455, 465, 466, 468, 470, 472, 473, 483, 484, 514, 613, 618, 651, 794, 807, 837, 852, 854, 858, 861, 902, 912, 913, 915, 917, 919, 920, 931, 934, 935]","[514, 31, 560, 584, 89, 613, 618, 108, 643, 651, 142, 657, 147, 172, 685, 180, 186, 703, 724, 726, 217, 221, 739, 239, 247, 264, 267, 779, 280, 794, 798, 799, 800, 801, 804, 806, 807, 810, 812, 814, 816, 821, 822, 823, 824, 826, 827, 321, 837, 842, 843, 338, 852, 342, 343, 344, 345, 346, 859, 854, 349, 862, 351, 352, 865, 858, 355, 861, 357, 869, 359, 364, 876, 367, 368, 882, 371, 372, 373, 374, 376, 377, 897, 387, 901, 902, 392, 393, 912, 913, 403, 915, 917, 405, 919, 408, 409, 410, 411, 920, 414, 931, 932, 934, 935, 424, 430, 449, 454, 455, 465, 466, 468, 470, 472, 473, 480, 483, 484]",False,[],[],[],"[186, 247, 267, 657, 726]","[89, 108, 172, 217, 221, 239, 264, 280, 321, 342, 343, 344, 345, 346, 349, 351, 352, 355, 357, 359, 364, 368, 371, 372, 373, 374, 376, 377, 387, 392, 393, 403, 409, 411, 414, 424, 430, 449, 454, 470, 480, 560, 584, 643, 685, 703, 724, 739, 779, 798, 799, 800, 801, 804, 806, 807, 810, 812, 814, 816, 821, 822, 823, 824, 826, 827, 837, 842, 843, 852, 859, 862, 865, 869, 876, 882, 897, 901, 917, 932]","[31, 142, 147, 180, 338, 352, 367, 387, 403, 405, 408, 410, 455, 465, 466, 468, 470, 472, 473, 483, 484, 514, 613, 618, 651, 794, 807, 837, 852, 854, 858, 861, 902, 912, 913, 915, 917, 919, 920, 931, 934, 935]","[31, 142, 147, 180, 338, 352, 367, 387, 403, 405, 408, 410, 455, 465, 466, 468, 470, 472, 473, 483, 484, 514, 613, 618, 651, 794, 807, 837, 852, 854, 858, 861, 902, 912, 913, 915, 917, 919, 920, 931, 934, 935]",0/6 successful match,False,,False,49,False,,1.0,True,Little America Travel Center Range ( ) Sinclair ),Sinclair
"Evanston , 82930 Pilot Travel Center # 141",307-783-5930 I-80 Exit 6,24 MO,Evanston,82930,Pilot Travel Center # 141,307-783-5930,2006,Evanston,WY,Pilot,,I-80 Exit 6,Exit,6,False,,False,I-80,,,,,[],"[470, 917]",[],"[358, 378, 385, 813, 828, 835]",[],"[89, 108, 172, 217, 221, 239, 264, 280, 321, 342, 343, 344, 345, 346, 349, 351, 352, 355, 357, 359, 364, 368, 371, 372, 373, 374, 376, 377, 387, 392, 393, 403, 409, 411, 414, 424, 430, 449, 454, 470, 480, 560, 584, 643, 685, 703, 724, 739, 779, 798, 799, 800, 801, 804, 806, 807, 810, 812, 814, 816, 821, 822, 823, 824, 826, 827, 837, 842, 843, 852, 859, 862, 865, 869, 876, 882, 897, 901, 917, 932]","[15, 16, 65, 66, 67, 68, 69, 70, 71, 72, 73, 74, 75, 76, 80, 151, 245, 246, 247, 248, 249, 250, 251, 252, 253, 254, 255, 256, 257, 258, 259, 280, 340, 373, 374, 375, 376, 377, 459, 460, 461, 462, 500, 501, 539, 540, 541, 542, 543, 544, 545, 546, 547, 548, 549, 550, 552, 622, 708, 709, 710, 711, 712, 713, 714, 715, 716, 717, 718, 719, 720, 739, 796, 823, 824, 825, 826, 827, 906, 907, 908, 909]","[15, 16, 65, 66, 67, 68, 69, 70, 71, 72, 73, 74, 75, 76, 77, 78, 80, 151, 244, 245, 246, 247, 248, 249, 250, 251, 252, 253, 254, 255, 256, 257, 258, 259, 260, 280, 340, 373, 374, 375, 376, 377, 459, 460, 461, 462, 500, 501, 539, 540, 541, 542, 543, 544, 545, 546, 547, 548, 549, 550, 552, 622, 708, 709, 710, 711, 712, 713, 714, 715, 716, 717, 718, 719, 720, 739, 796, 823, 824, 825, 826, 827, 906, 907, 908, 909]","[15, 16, 539, 540, 541, 542, 543, 544, 545, 546, 547, 548, 549, 550, 552, 560, 65, 66, 67, 68, 69, 70, 71, 584, 72, 73, 74, 75, 76, 77, 78, 80, 89, 108, 622, 643, 151, 172, 685, 703, 708, 709, 710, 711, 712, 713, 714, 715, 716, 717, 718, 719, 720, 724, 217, 221, 739, 239, 244, 245, 246, 247, 248, 249, 250, 251, 252, 253, 254, 255, 256, 257, 258, 259, 260, 264, 779, 280, 796, 798, 799, 800, 801, 804, 806, 807, 810, 812, 813, 814, 816, 821, 822, 823, 824, 825, 826, 827, 828, 321, 835, 837, 842, 843, 852, 340, 342, 343, 344, 345, 346, 859, 349, 862, 351, 352, 865, 355, 357, 358, 359, 869, 364, 876, 368, 882, 371, 372, 373, 374, 375, 376, 377, 378, 385, 897, 387, 901, 392, 393, 906, 907, 908, 909, 403, 917, 409, 411, 414, 932, 424, 430, 449, 454, 459, 460, 461, 462, 470, 480, 500, 501]",False,"[470, 917]",[],[],"[358, 378, 385, 813, 828, 835]","[89, 108, 172, 217, 221, 239, 264, 280, 321, 342, 343, 344, 345, 346, 349, 351, 352, 355, 357, 359, 364, 368, 371, 372, 373, 374, 376, 377, 387, 392, 393, 403, 409, 411, 414, 424, 430, 449, 454, 470, 480, 560, 584, 643, 685, 703, 724, 739, 779, 798, 799, 800, 801, 804, 806, 807, 810, 812, 814, 816, 821, 822, 823, 824, 826, 827, 837, 842, 843, 852, 859, 862, 865, 869, 876, 882, 897, 901, 917, 932]","[15, 16, 65, 66, 67, 68, 69, 70, 71, 72, 73, 74, 75, 76, 77, 78, 80, 151, 244, 245, 246, 247, 248, 249, 250, 251, 252, 253, 254, 255, 256, 257, 258, 259, 260, 280, 340, 373, 374, 375, 376, 377, 459, 460, 461, 462, 500, 501, 539, 540, 541, 542, 543, 544, 545, 546, 547, 548, 549, 550, 552, 622, 708, 709, 710, 711, 712, 713, 714, 715, 716, 717, 718, 719, 720, 739, 796, 823, 824, 825, 826, 827, 906, 907, 908, 909]","[15, 16, 65, 66, 67, 68, 69, 70, 71, 72, 73, 74, 75, 76, 80, 151, 245, 246, 247, 248, 249, 250, 251, 252, 253, 254, 255, 256, 257, 258, 259, 280, 340, 373, 374, 375, 376, 377, 459, 460, 461, 462, 500, 501, 539, 540, 541, 542, 543, 544, 545, 546, 547, 548, 549, 550, 552, 622, 708, 709, 710, 711, 712, 713, 714, 715, 716, 717, 718, 719, 720, 739, 796, 823, 824, 825, 826, 827, 906, 907, 908, 909]",2/6 successful match,False,,False,50,False,,,,,
"Evanston , 82930 Pilot Travel Center # 141",307-783-5930 I-80 Exit 6,24 000,Evanston,82930,Pilot Travel Center # 141,307-783-5930,2007,Evanston,WY,Pilot,,I-80 Exit 6,Exit,6,False,,False,I-80,,,,,[],"[470, 917]",[],"[358, 378, 385, 813, 828, 835]",[],"[89, 108, 172, 217, 221, 239, 264, 280, 321, 342, 343, 344, 345, 346, 349, 351, 352, 355, 357, 359, 364, 368, 371, 372, 373, 374, 376, 377, 387, 392, 393, 403, 409, 411, 414, 424, 430, 449, 454, 470, 480, 560, 584, 643, 685, 703, 724, 739, 779, 798, 799, 800, 801, 804, 806, 807, 810, 812, 814, 816, 821, 822, 823, 824, 826, 827, 837, 842, 843, 852, 859, 862, 865, 869, 876, 882, 897, 901, 917, 932]","[15, 16, 65, 66, 67, 68, 69, 70, 71, 72, 73, 74, 75, 76, 80, 151, 245, 246, 247, 248, 249, 250, 251, 252, 253, 254, 255, 256, 257, 258, 259, 280, 340, 373, 374, 375, 376, 377, 459, 460, 461, 462, 500, 501, 539, 540, 541, 542, 543, 544, 545, 546, 547, 548, 549, 550, 552, 622, 708, 709, 710, 711, 712, 713, 714, 715, 716, 717, 718, 719, 720, 739, 796, 823, 824, 825, 826, 827, 906, 907, 908, 909]","[15, 16, 65, 66, 67, 68, 69, 70, 71, 72, 73, 74, 75, 76, 77, 78, 80, 151, 244, 245, 246, 247, 248, 249, 250, 251, 252, 253, 254, 255, 256, 257, 258, 259, 260, 280, 340, 373, 374, 375, 376, 377, 459, 460, 461, 462, 500, 501, 539, 540, 541, 542, 543, 544, 545, 546, 547, 548, 549, 550, 552, 622, 708, 709, 710, 711, 712, 713, 714, 715, 716, 717, 718, 719, 720, 739, 796, 823, 824, 825, 826, 827, 906, 907, 908, 909]","[15, 16, 539, 540, 541, 542, 543, 544, 545, 546, 547, 548, 549, 550, 552, 560, 65, 66, 67, 68, 69, 70, 71, 584, 72, 73, 74, 75, 76, 77, 78, 80, 89, 108, 622, 643, 151, 172, 685, 703, 708, 709, 710, 711, 712, 713, 714, 715, 716, 717, 718, 719, 720, 724, 217, 221, 739, 239, 244, 245, 246, 247, 248, 249, 250, 251, 252, 253, 254, 255, 256, 257, 258, 259, 260, 264, 779, 280, 796, 798, 799, 800, 801, 804, 806, 807, 810, 812, 813, 814, 816, 821, 822, 823, 824, 825, 826, 827, 828, 321, 835, 837, 842, 843, 852, 340, 342, 343, 344, 345, 346, 859, 349, 862, 351, 352, 865, 355, 357, 358, 359, 869, 364, 876, 368, 882, 371, 372, 373, 374, 375, 376, 377, 378, 385, 897, 387, 901, 392, 393, 906, 907, 908, 909, 403, 917, 409, 411, 414, 932, 424, 430, 449, 454, 459, 460, 461, 462, 470, 480, 500, 501]",False,"[470, 917]",[],[],"[358, 378, 385, 813, 828, 835]","[89, 108, 172, 217, 221, 239, 264, 280, 321, 342, 343, 344, 345, 346, 349, 351, 352, 355, 357, 359, 364, 368, 371, 372, 373, 374, 376, 377, 387, 392, 393, 403, 409, 411, 414, 424, 430, 449, 454, 470, 480, 560, 584, 643, 685, 703, 724, 739, 779, 798, 799, 800, 801, 804, 806, 807, 810, 812, 814, 816, 821, 822, 823, 824, 826, 827, 837, 842, 843, 852, 859, 862, 865, 869, 876, 882, 897, 901, 917, 932]","[15, 16, 65, 66, 67, 68, 69, 70, 71, 72, 73, 74, 75, 76, 77, 78, 80, 151, 244, 245, 246, 247, 248, 249, 250, 251, 252, 253, 254, 255, 256, 257, 258, 259, 260, 280, 340, 373, 374, 375, 376, 377, 459, 460, 461, 462, 500, 501, 539, 540, 541, 542, 543, 544, 545, 546, 547, 548, 549, 550, 552, 622, 708, 709, 710, 711, 712, 713, 714, 715, 716, 717, 718, 719, 720, 739, 796, 823, 824, 825, 826, 827, 906, 907, 908, 909]","[15, 16, 65, 66, 67, 68, 69, 70, 71, 72, 73, 74, 75, 76, 80, 151, 245, 246, 247, 248, 249, 250, 251, 252, 253, 254, 255, 256, 257, 258, 259, 280, 340, 373, 374, 375, 376, 377, 459, 460, 461, 462, 500, 501, 539, 540, 541, 542, 543, 544, 545, 546, 547, 548, 549, 550, 552, 622, 708, 709, 710, 711, 712, 713, 714, 715, 716, 717, 718, 719, 720, 739, 796, 823, 824, 825, 826, 827, 906, 907, 908, 909]",2/6 successful match,False,,False,50,False,,1.0,True,Pilot Travel Center # 141,Pilot
"Evanston , 82930 Pilot Travel Center # 141",3 307-783-5930 I-80 Exit 6,HRS 24 M,Evanston,82930,Pilot Travel Center # 141,307-783-5930,2008,Evanston,WY,Pilot,,I-80 Exit 6,Exit,6,False,,False,I-80,,,,,[],"[470, 917]",[],"[358, 378, 385, 813, 828, 835]",[],"[89, 108, 172, 217, 221, 239, 264, 280, 321, 342, 343, 344, 345, 346, 349, 351, 352, 355, 357, 359, 364, 368, 371, 372, 373, 374, 376, 377, 387, 392, 393, 403, 409, 411, 414, 424, 430, 449, 454, 470, 480, 560, 584, 643, 685, 703, 724, 739, 779, 798, 799, 800, 801, 804, 806, 807, 810, 812, 814, 816, 821, 822, 823, 824, 826, 827, 837, 842, 843, 852, 859, 862, 865, 869, 876, 882, 897, 901, 917, 932]","[15, 16, 65, 66, 67, 68, 69, 70, 71, 72, 73, 74, 75, 76, 80, 151, 245, 246, 247, 248, 249, 250, 251, 252, 253, 254, 255, 256, 257, 258, 259, 280, 340, 373, 374, 375, 376, 377, 459, 460, 461, 462, 500, 501, 539, 540, 541, 542, 543, 544, 545, 546, 547, 548, 549, 550, 552, 622, 708, 709, 710, 711, 712, 713, 714, 715, 716, 717, 718, 719, 720, 739, 796, 823, 824, 825, 826, 827, 906, 907, 908, 909]","[15, 16, 65, 66, 67, 68, 69, 70, 71, 72, 73, 74, 75, 76, 77, 78, 80, 151, 244, 245, 246, 247, 248, 249, 250, 251, 252, 253, 254, 255, 256, 257, 258, 259, 260, 280, 340, 373, 374, 375, 376, 377, 459, 460, 461, 462, 500, 501, 539, 540, 541, 542, 543, 544, 545, 546, 547, 548, 549, 550, 552, 622, 708, 709, 710, 711, 712, 713, 714, 715, 716, 717, 718, 719, 720, 739, 796, 823, 824, 825, 826, 827, 906, 907, 908, 909]","[15, 16, 539, 540, 541, 542, 543, 544, 545, 546, 547, 548, 549, 550, 552, 560, 65, 66, 67, 68, 69, 70, 71, 584, 72, 73, 74, 75, 76, 77, 78, 80, 89, 108, 622, 643, 151, 172, 685, 703, 708, 709, 710, 711, 712, 713, 714, 715, 716, 717, 718, 719, 720, 724, 217, 221, 739, 239, 244, 245, 246, 247, 248, 249, 250, 251, 252, 253, 254, 255, 256, 257, 258, 259, 260, 264, 779, 280, 796, 798, 799, 800, 801, 804, 806, 807, 810, 812, 813, 814, 816, 821, 822, 823, 824, 825, 826, 827, 828, 321, 835, 837, 842, 843, 852, 340, 342, 343, 344, 345, 346, 859, 349, 862, 351, 352, 865, 355, 357, 358, 359, 869, 364, 876, 368, 882, 371, 372, 373, 374, 375, 376, 377, 378, 385, 897, 387, 901, 392, 393, 906, 907, 908, 909, 403, 917, 409, 411, 414, 932, 424, 430, 449, 454, 459, 460, 461, 462, 470, 480, 500, 501]",False,"[470, 917]",[],[],"[358, 378, 385, 813, 828, 835]","[89, 108, 172, 217, 221, 239, 264, 280, 321, 342, 343, 344, 345, 346, 349, 351, 352, 355, 357, 359, 364, 368, 371, 372, 373, 374, 376, 377, 387, 392, 393, 403, 409, 411, 414, 424, 430, 449, 454, 470, 480, 560, 584, 643, 685, 703, 724, 739, 779, 798, 799, 800, 801, 804, 806, 807, 810, 812, 814, 816, 821, 822, 823, 824, 826, 827, 837, 842, 843, 852, 859, 862, 865, 869, 876, 882, 897, 901, 917, 932]","[15, 16, 65, 66, 67, 68, 69, 70, 71, 72, 73, 74, 75, 76, 77, 78, 80, 151, 244, 245, 246, 247, 248, 249, 250, 251, 252, 253, 254, 255, 256, 257, 258, 259, 260, 280, 340, 373, 374, 375, 376, 377, 459, 460, 461, 462, 500, 501, 539, 540, 541, 542, 543, 544, 545, 546, 547, 548, 549, 550, 552, 622, 708, 709, 710, 711, 712, 713, 714, 715, 716, 717, 718, 719, 720, 739, 796, 823, 824, 825, 826, 827, 906, 907, 908, 909]","[15, 16, 65, 66, 67, 68, 69, 70, 71, 72, 73, 74, 75, 76, 80, 151, 245, 246, 247, 248, 249, 250, 251, 252, 253, 254, 255, 256, 257, 258, 259, 280, 340, 373, 374, 375, 376, 377, 459, 460, 461, 462, 500, 501, 539, 540, 541, 542, 543, 544, 545, 546, 547, 548, 549, 550, 552, 622, 708, 709, 710, 711, 712, 713, 714, 715, 716, 717, 718, 719, 720, 739, 796, 823, 824, 825, 826, 827, 906, 907, 908, 909]",2/6 successful match,False,,False,50,False,,1.0,True,Pilot Travel Center # 141,Pilot
Evanston ( 82930 ) Pilot Travel Center # 141,307-783-5930 I-80 Exit 6,Pilot 25 MO,Evanston,82930,Pilot Travel Center # 141,307-783-5930,2014,Evanston,WY,Pilot,,I-80 Exit 6,Exit,6,False,,False,I-80,,,,,[],"[470, 917]",[],"[358, 378, 385, 813, 828, 835]",[],"[89, 108, 172, 217, 221, 239, 264, 280, 321, 342, 343, 344, 345, 346, 349, 351, 352, 355, 357, 359, 364, 368, 371, 372, 373, 374, 376, 377, 387, 392, 393, 403, 409, 411, 414, 424, 430, 449, 454, 470, 480, 560, 584, 643, 685, 703, 724, 739, 779, 798, 799, 800, 801, 804, 806, 807, 810, 812, 814, 816, 821, 822, 823, 824, 826, 827, 837, 842, 843, 852, 859, 862, 865, 869, 876, 882, 897, 901, 917, 932]","[15, 16, 65, 66, 67, 68, 69, 70, 71, 72, 73, 74, 75, 76, 80, 151, 245, 246, 247, 248, 249, 250, 251, 252, 253, 254, 255, 256, 257, 258, 259, 280, 340, 373, 374, 375, 376, 377, 459, 460, 461, 462, 500, 501, 539, 540, 541, 542, 543, 544, 545, 546, 547, 548, 549, 550, 552, 622, 708, 709, 710, 711, 712, 713, 714, 715, 716, 717, 718, 719, 720, 739, 796, 823, 824, 825, 826, 827, 906, 907, 908, 909]","[15, 16, 65, 66, 67, 68, 69, 70, 71, 72, 73, 74, 75, 76, 77, 78, 80, 151, 244, 245, 246, 247, 248, 249, 250, 251, 252, 253, 254, 255, 256, 257, 258, 259, 260, 280, 340, 373, 374, 375, 376, 377, 459, 460, 461, 462, 500, 501, 539, 540, 541, 542, 543, 544, 545, 546, 547, 548, 549, 550, 552, 622, 708, 709, 710, 711, 712, 713, 714, 715, 716, 717, 718, 719, 720, 739, 796, 823, 824, 825, 826, 827, 906, 907, 908, 909]","[15, 16, 539, 540, 541, 542, 543, 544, 545, 546, 547, 548, 549, 550, 552, 560, 65, 66, 67, 68, 69, 70, 71, 584, 72, 73, 74, 75, 76, 77, 78, 80, 89, 108, 622, 643, 151, 172, 685, 703, 708, 709, 710, 711, 712, 713, 714, 715, 716, 717, 718, 719, 720, 724, 217, 221, 739, 239, 244, 245, 246, 247, 248, 249, 250, 251, 252, 253, 254, 255, 256, 257, 258, 259, 260, 264, 779, 280, 796, 798, 799, 800, 801, 804, 806, 807, 810, 812, 813, 814, 816, 821, 822, 823, 824, 825, 826, 827, 828, 321, 835, 837, 842, 843, 852, 340, 342, 343, 344, 345, 346, 859, 349, 862, 351, 352, 865, 355, 357, 358, 359, 869, 364, 876, 368, 882, 371, 372, 373, 374, 375, 376, 377, 378, 385, 897, 387, 901, 392, 393, 906, 907, 908, 909, 403, 917, 409, 411, 414, 932, 424, 430, 449, 454, 459, 460, 461, 462, 470, 480, 500, 501]",False,"[470, 917]",[],[],"[358, 378, 385, 813, 828, 835]","[89, 108, 172, 217, 221, 239, 264, 280, 321, 342, 343, 344, 345, 346, 349, 351, 352, 355, 357, 359, 364, 368, 371, 372, 373, 374, 376, 377, 387, 392, 393, 403, 409, 411, 414, 424, 430, 449, 454, 470, 480, 560, 584, 643, 685, 703, 724, 739, 779, 798, 799, 800, 801, 804, 806, 807, 810, 812, 814, 816, 821, 822, 823, 824, 826, 827, 837, 842, 843, 852, 859, 862, 865, 869, 876, 882, 897, 901, 917, 932]","[15, 16, 65, 66, 67, 68, 69, 70, 71, 72, 73, 74, 75, 76, 77, 78, 80, 151, 244, 245, 246, 247, 248, 249, 250, 251, 252, 253, 254, 255, 256, 257, 258, 259, 260, 280, 340, 373, 374, 375, 376, 377, 459, 460, 461, 462, 500, 501, 539, 540, 541, 542, 543, 544, 545, 546, 547, 548, 549, 550, 552, 622, 708, 709, 710, 711, 712, 713, 714, 715, 716, 717, 718, 719, 720, 739, 796, 823, 824, 825, 826, 827, 906, 907, 908, 909]","[15, 16, 65, 66, 67, 68, 69, 70, 71, 72, 73, 74, 75, 76, 80, 151, 245, 246, 247, 248, 249, 250, 251, 252, 253, 254, 255, 256, 257, 258, 259, 280, 340, 373, 374, 375, 376, 377, 459, 460, 461, 462, 500, 501, 539, 540, 541, 542, 543, 544, 545, 546, 547, 548, 549, 550, 552, 622, 708, 709, 710, 711, 712, 713, 714, 715, 716, 717, 718, 719, 720, 739, 796, 823, 824, 825, 826, 827, 906, 907, 908, 909]",2/6 successful match,False,,False,50,False,,1.0,True,Pilot Travel Center # 141,Pilot
G Evanston ( 82930 ) Pilot Travel Center # 141,3 307-783-5930 I-80 Exit 6,Pilot 24 M,Evanston,82930,Pilot Travel Center # 141,307-783-5930,2015,Evanston,WY,Pilot,,I-80 Exit 6,Exit,6,False,,False,I-80,,,,,[],"[470, 917]",[],"[358, 378, 385, 813, 828, 835]",[],"[89, 108, 172, 217, 221, 239, 264, 280, 321, 342, 343, 344, 345, 346, 349, 351, 352, 355, 357, 359, 364, 368, 371, 372, 373, 374, 376, 377, 387, 392, 393, 403, 409, 411, 414, 424, 430, 449, 454, 470, 480, 560, 584, 643, 685, 703, 724, 739, 779, 798, 799, 800, 801, 804, 806, 807, 810, 812, 814, 816, 821, 822, 823, 824, 826, 827, 837, 842, 843, 852, 859, 862, 865, 869, 876, 882, 897, 901, 917, 932]","[15, 16, 65, 66, 67, 68, 69, 70, 71, 72, 73, 74, 75, 76, 80, 151, 245, 246, 247, 248, 249, 250, 251, 252, 253, 254, 255, 256, 257, 258, 259, 280, 340, 373, 374, 375, 376, 377, 459, 460, 461, 462, 500, 501, 539, 540, 541, 542, 543, 544, 545, 546, 547, 548, 549, 550, 552, 622, 708, 709, 710, 711, 712, 713, 714, 715, 716, 717, 718, 719, 720, 739, 796, 823, 824, 825, 826, 827, 906, 907, 908, 909]","[15, 16, 65, 66, 67, 68, 69, 70, 71, 72, 73, 74, 75, 76, 77, 78, 80, 151, 244, 245, 246, 247, 248, 249, 250, 251, 252, 253, 254, 255, 256, 257, 258, 259, 260, 280, 340, 373, 374, 375, 376, 377, 459, 460, 461, 462, 500, 501, 539, 540, 541, 542, 543, 544, 545, 546, 547, 548, 549, 550, 552, 622, 708, 709, 710, 711, 712, 713, 714, 715, 716, 717, 718, 719, 720, 739, 796, 823, 824, 825, 826, 827, 906, 907, 908, 909]","[15, 16, 539, 540, 541, 542, 543, 544, 545, 546, 547, 548, 549, 550, 552, 560, 65, 66, 67, 68, 69, 70, 71, 584, 72, 73, 74, 75, 76, 77, 78, 80, 89, 108, 622, 643, 151, 172, 685, 703, 708, 709, 710, 711, 712, 713, 714, 715, 716, 717, 718, 719, 720, 724, 217, 221, 739, 239, 244, 245, 246, 247, 248, 249, 250, 251, 252, 253, 254, 255, 256, 257, 258, 259, 260, 264, 779, 280, 796, 798, 799, 800, 801, 804, 806, 807, 810, 812, 813, 814, 816, 821, 822, 823, 824, 825, 826, 827, 828, 321, 835, 837, 842, 843, 852, 340, 342, 343, 344, 345, 346, 859, 349, 862, 351, 352, 865, 355, 357, 358, 359, 869, 364, 876, 368, 882, 371, 372, 373, 374, 375, 376, 377, 378, 385, 897, 387, 901, 392, 393, 906, 907, 908, 909, 403, 917, 409, 411, 414, 932, 424, 430, 449, 454, 459, 460, 461, 462, 470, 480, 500, 501]",False,"[470, 917]",[],[],"[358, 378, 385, 813, 828, 835]","[89, 108, 172, 217, 221, 239, 264, 280, 321, 342, 343, 344, 345, 346, 349, 351, 352, 355, 357, 359, 364, 368, 371, 372, 373, 374, 376, 377, 387, 392, 393, 403, 409, 411, 414, 424, 430, 449, 454, 470, 480, 560, 584, 643, 685, 703, 724, 739, 779, 798, 799, 800, 801, 804, 806, 807, 810, 812, 814, 816, 821, 822, 823, 824, 826, 827, 837, 842, 843, 852, 859, 862, 865, 869, 876, 882, 897, 901, 917, 932]","[15, 16, 65, 66, 67, 68, 69, 70, 71, 72, 73, 74, 75, 76, 77, 78, 80, 151, 244, 245, 246, 247, 248, 249, 250, 251, 252, 253, 254, 255, 256, 257, 258, 259, 260, 280, 340, 373, 374, 375, 376, 377, 459, 460, 461, 462, 500, 501, 539, 540, 541, 542, 543, 544, 545, 546, 547, 548, 549, 550, 552, 622, 708, 709, 710, 711, 712, 713, 714, 715, 716, 717, 718, 719, 720, 739, 796, 823, 824, 825, 826, 827, 906, 907, 908, 909]","[15, 16, 65, 66, 67, 68, 69, 70, 71, 72, 73, 74, 75, 76, 80, 151, 245, 246, 247, 248, 249, 250, 251, 252, 253, 254, 255, 256, 257, 258, 259, 280, 340, 373, 374, 375, 376, 377, 459, 460, 461, 462, 500, 501, 539, 540, 541, 542, 543, 544, 545, 546, 547, 548, 549, 550, 552, 622, 708, 709, 710, 711, 712, 713, 714, 715, 716, 717, 718, 719, 720, 739, 796, 823, 824, 825, 826, 827, 906, 907, 908, 909]",2/6 successful match,False,,False,50,False,,1.0,True,Pilot Travel Center # 141,Pilot
Evanston ( 82930 ) Pilot Travel Center # 141,307-783-5930 I-80 Exit 6,Plat 24 M 24 0,Evanston,82930,Pilot Travel Center # 141,307-783-5930,2016,Evanston,WY,Pilot,,I-80 Exit 6,Exit,6,False,,False,I-80,,,,,[],"[470, 917]",[],"[358, 378, 385, 813, 828, 835]",[],"[89, 108, 172, 217, 221, 239, 264, 280, 321, 342, 343, 344, 345, 346, 349, 351, 352, 355, 357, 359, 364, 368, 371, 372, 373, 374, 376, 377, 387, 392, 393, 403, 409, 411, 414, 424, 430, 449, 454, 470, 480, 560, 584, 643, 685, 703, 724, 739, 779, 798, 799, 800, 801, 804, 806, 807, 810, 812, 814, 816, 821, 822, 823, 824, 826, 827, 837, 842, 843, 852, 859, 862, 865, 869, 876, 882, 897, 901, 917, 932]","[15, 16, 65, 66, 67, 68, 69, 70, 71, 72, 73, 74, 75, 76, 80, 151, 245, 246, 247, 248, 249, 250, 251, 252, 253, 254, 255, 256, 257, 258, 259, 280, 340, 373, 374, 375, 376, 377, 459, 460, 461, 462, 500, 501, 539, 540, 541, 542, 543, 544, 545, 546, 547, 548, 549, 550, 552, 622, 708, 709, 710, 711, 712, 713, 714, 715, 716, 717, 718, 719, 720, 739, 796, 823, 824, 825, 826, 827, 906, 907, 908, 909]","[15, 16, 65, 66, 67, 68, 69, 70, 71, 72, 73, 74, 75, 76, 77, 78, 80, 151, 244, 245, 246, 247, 248, 249, 250, 251, 252, 253, 254, 255, 256, 257, 258, 259, 260, 280, 340, 373, 374, 375, 376, 377, 459, 460, 461, 462, 500, 501, 539, 540, 541, 542, 543, 544, 545, 546, 547, 548, 549, 550, 552, 622, 708, 709, 710, 711, 712, 713, 714, 715, 716, 717, 718, 719, 720, 739, 796, 823, 824, 825, 826, 827, 906, 907, 908, 909]","[15, 16, 539, 540, 541, 542, 543, 544, 545, 546, 547, 548, 549, 550, 552, 560, 65, 66, 67, 68, 69, 70, 71, 584, 72, 73, 74, 75, 76, 77, 78, 80, 89, 108, 622, 643, 151, 172, 685, 703, 708, 709, 710, 711, 712, 713, 714, 715, 716, 717, 718, 719, 720, 724, 217, 221, 739, 239, 244, 245, 246, 247, 248, 249, 250, 251, 252, 253, 254, 255, 256, 257, 258, 259, 260, 264, 779, 280, 796, 798, 799, 800, 801, 804, 806, 807, 810, 812, 813, 814, 816, 821, 822, 823, 824, 825, 826, 827, 828, 321, 835, 837, 842, 843, 852, 340, 342, 343, 344, 345, 346, 859, 349, 862, 351, 352, 865, 355, 357, 358, 359, 869, 364, 876, 368, 882, 371, 372, 373, 374, 375, 376, 377, 378, 385, 897, 387, 901, 392, 393, 906, 907, 908, 909, 403, 917, 409, 411, 414, 932, 424, 430, 449, 454, 459, 460, 461, 462, 470, 480, 500, 501]",False,"[470, 917]",[],[],"[358, 378, 385, 813, 828, 835]","[89, 108, 172, 217, 221, 239, 264, 280, 321, 342, 343, 344, 345, 346, 349, 351, 352, 355, 357, 359, 364, 368, 371, 372, 373, 374, 376, 377, 387, 392, 393, 403, 409, 411, 414, 424, 430, 449, 454, 470, 480, 560, 584, 643, 685, 703, 724, 739, 779, 798, 799, 800, 801, 804, 806, 807, 810, 812, 814, 816, 821, 822, 823, 824, 826, 827, 837, 842, 843, 852, 859, 862, 865, 869, 876, 882, 897, 901, 917, 932]","[15, 16, 65, 66, 67, 68, 69, 70, 71, 72, 73, 74, 75, 76, 77, 78, 80, 151, 244, 245, 246, 247, 248, 249, 250, 251, 252, 253, 254, 255, 256, 257, 258, 259, 260, 280, 340, 373, 374, 375, 376, 377, 459, 460, 461, 462, 500, 501, 539, 540, 541, 542, 543, 544, 545, 546, 547, 548, 549, 550, 552, 622, 708, 709, 710, 711, 712, 713, 714, 715, 716, 717, 718, 719, 720, 739, 796, 823, 824, 825, 826, 827, 906, 907, 908, 909]","[15, 16, 65, 66, 67, 68, 69, 70, 71, 72, 73, 74, 75, 76, 80, 151, 245, 246, 247, 248, 249, 250, 251, 252, 253, 254, 255, 256, 257, 258, 259, 280, 340, 373, 374, 375, 376, 377, 459, 460, 461, 462, 500, 501, 539, 540, 541, 542, 543, 544, 545, 546, 547, 548, 549, 550, 552, 622, 708, 709, 710, 711, 712, 713, 714, 715, 716, 717, 718, 719, 720, 739, 796, 823, 824, 825, 826, 827, 906, 907, 908, 909]",2/6 successful match,False,,False,50,False,,1.0,True,Pilot Travel Center # 141,Pilot
"Evanston , 82930 Bonus StarMart - Sinclair Truck Stop",3 307-789-7388 I-80 Exit 6 ( Bear River Dr ),24 MO 000,Evanston,82930,Bonus StarMart - Sinclair Truck Stop,307-789-7388,2006,Evanston,WY,Sinclair,( Bear River Dr ),I-80 Exit 6 ,Exit,6,False,,False,I-80,,,,,[],"[470, 917]",[],"[358, 378, 385, 813, 828, 835]",[],"[89, 108, 172, 217, 221, 239, 264, 280, 321, 342, 343, 344, 345, 346, 349, 351, 352, 355, 357, 359, 364, 368, 371, 372, 373, 374, 376, 377, 387, 392, 393, 403, 409, 411, 414, 424, 430, 449, 454, 470, 480, 560, 584, 643, 685, 703, 724, 739, 779, 798, 799, 800, 801, 804, 806, 807, 810, 812, 814, 816, 821, 822, 823, 824, 826, 827, 837, 842, 843, 852, 859, 862, 865, 869, 876, 882, 897, 901, 917, 932]","[31, 142, 147, 180, 338, 352, 367, 387, 403, 405, 408, 410, 455, 465, 466, 468, 470, 472, 473, 483, 484, 514, 613, 618, 651, 794, 807, 837, 852, 854, 858, 861, 902, 912, 913, 915, 917, 919, 920, 931, 934, 935]","[31, 142, 147, 180, 338, 352, 367, 387, 403, 405, 408, 410, 455, 465, 466, 468, 470, 472, 473, 483, 484, 514, 613, 618, 651, 794, 807, 837, 852, 854, 858, 861, 902, 912, 913, 915, 917, 919, 920, 931, 934, 935]","[514, 31, 560, 584, 89, 613, 618, 108, 643, 651, 142, 147, 172, 685, 180, 703, 724, 217, 221, 739, 239, 264, 779, 280, 794, 798, 799, 800, 801, 804, 806, 807, 810, 812, 813, 814, 816, 821, 822, 823, 824, 826, 827, 828, 321, 835, 837, 842, 843, 338, 852, 342, 343, 344, 345, 346, 859, 854, 349, 862, 351, 352, 865, 858, 355, 861, 357, 358, 359, 869, 364, 876, 367, 368, 882, 371, 372, 373, 374, 376, 377, 378, 385, 897, 387, 901, 902, 392, 393, 912, 913, 403, 915, 917, 405, 919, 408, 409, 410, 411, 920, 414, 931, 932, 934, 935, 424, 430, 449, 454, 455, 465, 466, 468, 470, 472, 473, 480, 483, 484]",False,"[470, 917]",[],[],"[358, 378, 385, 813, 828, 835]","[89, 108, 172, 217, 221, 239, 264, 280, 321, 342, 343, 344, 345, 346, 349, 351, 352, 355, 357, 359, 364, 368, 371, 372, 373, 374, 376, 377, 387, 392, 393, 403, 409, 411, 414, 424, 430, 449, 454, 470, 480, 560, 584, 643, 685, 703, 724, 739, 779, 798, 799, 800, 801, 804, 806, 807, 810, 812, 814, 816, 821, 822, 823, 824, 826, 827, 837, 842, 843, 852, 859, 862, 865, 869, 876, 882, 897, 901, 917, 932]","[31, 142, 147, 180, 338, 352, 367, 387, 403, 405, 408, 410, 455, 465, 466, 468, 470, 472, 473, 483, 484, 514, 613, 618, 651, 794, 807, 837, 852, 854, 858, 861, 902, 912, 913, 915, 917, 919, 920, 931, 934, 935]","[31, 142, 147, 180, 338, 352, 367, 387, 403, 405, 408, 410, 455, 465, 466, 468, 470, 472, 473, 483, 484, 514, 613, 618, 651, 794, 807, 837, 852, 854, 858, 861, 902, 912, 913, 915, 917, 919, 920, 931, 934, 935]",2/6 successful match,False,,False,51,False,,,,,
"Evanston , 82930 Bonus StarMart - Sinclair Truck Stop",307-789-7388 I-80 Exit 6 ( Bear River Dr ),TA 24 469 XL 24,Evanston,82930,Bonus StarMart - Sinclair Truck Stop,307-789-7388,2007,Evanston,WY,Sinclair,( Bear River Dr ),I-80 Exit 6 ,Exit,6,False,,False,I-80,,,,,[],"[470, 917]",[],"[358, 378, 385, 813, 828, 835]",[],"[89, 108, 172, 217, 221, 239, 264, 280, 321, 342, 343, 344, 345, 346, 349, 351, 352, 355, 357, 359, 364, 368, 371, 372, 373, 374, 376, 377, 387, 392, 393, 403, 409, 411, 414, 424, 430, 449, 454, 470, 480, 560, 584, 643, 685, 703, 724, 739, 779, 798, 799, 800, 801, 804, 806, 807, 810, 812, 814, 816, 821, 822, 823, 824, 826, 827, 837, 842, 843, 852, 859, 862, 865, 869, 876, 882, 897, 901, 917, 932]","[31, 142, 147, 180, 338, 352, 367, 387, 403, 405, 408, 410, 455, 465, 466, 468, 470, 472, 473, 483, 484, 514, 613, 618, 651, 794, 807, 837, 852, 854, 858, 861, 902, 912, 913, 915, 917, 919, 920, 931, 934, 935]","[31, 142, 147, 180, 338, 352, 367, 387, 403, 405, 408, 410, 455, 465, 466, 468, 470, 472, 473, 483, 484, 514, 613, 618, 651, 794, 807, 837, 852, 854, 858, 861, 902, 912, 913, 915, 917, 919, 920, 931, 934, 935]","[514, 31, 560, 584, 89, 613, 618, 108, 643, 651, 142, 147, 172, 685, 180, 703, 724, 217, 221, 739, 239, 264, 779, 280, 794, 798, 799, 800, 801, 804, 806, 807, 810, 812, 813, 814, 816, 821, 822, 823, 824, 826, 827, 828, 321, 835, 837, 842, 843, 338, 852, 342, 343, 344, 345, 346, 859, 854, 349, 862, 351, 352, 865, 858, 355, 861, 357, 358, 359, 869, 364, 876, 367, 368, 882, 371, 372, 373, 374, 376, 377, 378, 385, 897, 387, 901, 902, 392, 393, 912, 913, 403, 915, 917, 405, 919, 408, 409, 410, 411, 920, 414, 931, 932, 934, 935, 424, 430, 449, 454, 455, 465, 466, 468, 470, 472, 473, 480, 483, 484]",False,"[470, 917]",[],[],"[358, 378, 385, 813, 828, 835]","[89, 108, 172, 217, 221, 239, 264, 280, 321, 342, 343, 344, 345, 346, 349, 351, 352, 355, 357, 359, 364, 368, 371, 372, 373, 374, 376, 377, 387, 392, 393, 403, 409, 411, 414, 424, 430, 449, 454, 470, 480, 560, 584, 643, 685, 703, 724, 739, 779, 798, 799, 800, 801, 804, 806, 807, 810, 812, 814, 816, 821, 822, 823, 824, 826, 827, 837, 842, 843, 852, 859, 862, 865, 869, 876, 882, 897, 901, 917, 932]","[31, 142, 147, 180, 338, 352, 367, 387, 403, 405, 408, 410, 455, 465, 466, 468, 470, 472, 473, 483, 484, 514, 613, 618, 651, 794, 807, 837, 852, 854, 858, 861, 902, 912, 913, 915, 917, 919, 920, 931, 934, 935]","[31, 142, 147, 180, 338, 352, 367, 387, 403, 405, 408, 410, 455, 465, 466, 468, 470, 472, 473, 483, 484, 514, 613, 618, 651, 794, 807, 837, 852, 854, 858, 861, 902, 912, 913, 915, 917, 919, 920, 931, 934, 935]",2/6 successful match,False,,False,51,False,,1.0,True,Bonus StarMart - Sinclair Truck Stop,Sinclair
"Evanston , 82930 Bonus StarMart ( Sinclair )",3 307-789-7388 I-80 Exit 6 ( Bear River Dr ),HBS 24 M <U+2610> <U+2610>,Evanston,82930,Bonus StarMart ( Sinclair ),307-789-7388,2008,Evanston,WY,Sinclair,( Bear River Dr ),I-80 Exit 6 ,Exit,6,False,,False,I-80,,,,,[],"[470, 917]",[],"[358, 378, 385, 813, 828, 835]",[],"[89, 108, 172, 217, 221, 239, 264, 280, 321, 342, 343, 344, 345, 346, 349, 351, 352, 355, 357, 359, 364, 368, 371, 372, 373, 374, 376, 377, 387, 392, 393, 403, 409, 411, 414, 424, 430, 449, 454, 470, 480, 560, 584, 643, 685, 703, 724, 739, 779, 798, 799, 800, 801, 804, 806, 807, 810, 812, 814, 816, 821, 822, 823, 824, 826, 827, 837, 842, 843, 852, 859, 862, 865, 869, 876, 882, 897, 901, 917, 932]","[31, 142, 147, 180, 338, 352, 367, 387, 403, 405, 408, 410, 455, 465, 466, 468, 470, 472, 473, 483, 484, 514, 613, 618, 651, 794, 807, 837, 852, 854, 858, 861, 902, 912, 913, 915, 917, 919, 920, 931, 934, 935]","[31, 142, 147, 180, 338, 352, 367, 387, 403, 405, 408, 410, 455, 465, 466, 468, 470, 472, 473, 483, 484, 514, 613, 618, 651, 794, 807, 837, 852, 854, 858, 861, 902, 912, 913, 915, 917, 919, 920, 931, 934, 935]","[514, 31, 560, 584, 89, 613, 618, 108, 643, 651, 142, 147, 172, 685, 180, 703, 724, 217, 221, 739, 239, 264, 779, 280, 794, 798, 799, 800, 801, 804, 806, 807, 810, 812, 813, 814, 816, 821, 822, 823, 824, 826, 827, 828, 321, 835, 837, 842, 843, 338, 852, 342, 343, 344, 345, 346, 859, 854, 349, 862, 351, 352, 865, 858, 355, 861, 357, 358, 359, 869, 364, 876, 367, 368, 882, 371, 372, 373, 374, 376, 377, 378, 385, 897, 387, 901, 902, 392, 393, 912, 913, 403, 915, 917, 405, 919, 408, 409, 410, 411, 920, 414, 931, 932, 934, 935, 424, 430, 449, 454, 455, 465, 466, 468, 470, 472, 473, 480, 483, 484]",False,"[470, 917]",[],[],"[358, 378, 385, 813, 828, 835]","[89, 108, 172, 217, 221, 239, 264, 280, 321, 342, 343, 344, 345, 346, 349, 351, 352, 355, 357, 359, 364, 368, 371, 372, 373, 374, 376, 377, 387, 392, 393, 403, 409, 411, 414, 424, 430, 449, 454, 470, 480, 560, 584, 643, 685, 703, 724, 739, 779, 798, 799, 800, 801, 804, 806, 807, 810, 812, 814, 816, 821, 822, 823, 824, 826, 827, 837, 842, 843, 852, 859, 862, 865, 869, 876, 882, 897, 901, 917, 932]","[31, 142, 147, 180, 338, 352, 367, 387, 403, 405, 408, 410, 455, 465, 466, 468, 470, 472, 473, 483, 484, 514, 613, 618, 651, 794, 807, 837, 852, 854, 858, 861, 902, 912, 913, 915, 917, 919, 920, 931, 934, 935]","[31, 142, 147, 180, 338, 352, 367, 387, 403, 405, 408, 410, 455, 465, 466, 468, 470, 472, 473, 483, 484, 514, 613, 618, 651, 794, 807, 837, 852, 854, 858, 861, 902, 912, 913, 915, 917, 919, 920, 931, 934, 935]",2/6 successful match,False,,False,51,False,,1.0,True,Bonus StarMart - Sinclair Truck Stop,Sinclair
Evanston ( 82930 ) Sinclair Truck Stop,3 307-789-7388 I-80 Exit 6 ( Bear River Dr ),<U+2610> MO,Evanston,82930,Sinclair Truck Stop,307-789-7388,2014,Evanston,WY,Sinclair,( Bear River Dr ),I-80 Exit 6 ,Exit,6,False,,False,I-80,,,,,[],"[470, 917]",[],"[358, 378, 385, 813, 828, 835]",[],"[89, 108, 172, 217, 221, 239, 264, 280, 321, 342, 343, 344, 345, 346, 349, 351, 352, 355, 357, 359, 364, 368, 371, 372, 373, 374, 376, 377, 387, 392, 393, 403, 409, 411, 414, 424, 430, 449, 454, 470, 480, 560, 584, 643, 685, 703, 724, 739, 779, 798, 799, 800, 801, 804, 806, 807, 810, 812, 814, 816, 821, 822, 823, 824, 826, 827, 837, 842, 843, 852, 859, 862, 865, 869, 876, 882, 897, 901, 917, 932]","[31, 142, 147, 180, 338, 352, 367, 387, 403, 405, 408, 410, 455, 465, 466, 468, 470, 472, 473, 483, 484, 514, 613, 618, 651, 794, 807, 837, 852, 854, 858, 861, 902, 912, 913, 915, 917, 919, 920, 931, 934, 935]","[31, 142, 147, 180, 338, 352, 367, 387, 403, 405, 408, 410, 455, 465, 466, 468, 470, 472, 473, 483, 484, 514, 613, 618, 651, 794, 807, 837, 852, 854, 858, 861, 902, 912, 913, 915, 917, 919, 920, 931, 934, 935]","[514, 31, 560, 584, 89, 613, 618, 108, 643, 651, 142, 147, 172, 685, 180, 703, 724, 217, 221, 739, 239, 264, 779, 280, 794, 798, 799, 800, 801, 804, 806, 807, 810, 812, 813, 814, 816, 821, 822, 823, 824, 826, 827, 828, 321, 835, 837, 842, 843, 338, 852, 342, 343, 344, 345, 346, 859, 854, 349, 862, 351, 352, 865, 858, 355, 861, 357, 358, 359, 869, 364, 876, 367, 368, 882, 371, 372, 373, 374, 376, 377, 378, 385, 897, 387, 901, 902, 392, 393, 912, 913, 403, 915, 917, 405, 919, 408, 409, 410, 411, 920, 414, 931, 932, 934, 935, 424, 430, 449, 454, 455, 465, 466, 468, 470, 472, 473, 480, 483, 484]",False,"[470, 917]",[],[],"[358, 378, 385, 813, 828, 835]","[89, 108, 172, 217, 221, 239, 264, 280, 321, 342, 343, 344, 345, 346, 349, 351, 352, 355, 357, 359, 364, 368, 371, 372, 373, 374, 376, 377, 387, 392, 393, 403, 409, 411, 414, 424, 430, 449, 454, 470, 480, 560, 584, 643, 685, 703, 724, 739, 779, 798, 799, 800, 801, 804, 806, 807, 810, 812, 814, 816, 821, 822, 823, 824, 826, 827, 837, 842, 843, 852, 859, 862, 865, 869, 876, 882, 897, 901, 917, 932]","[31, 142, 147, 180, 338, 352, 367, 387, 403, 405, 408, 410, 455, 465, 466, 468, 470, 472, 473, 483, 484, 514, 613, 618, 651, 794, 807, 837, 852, 854, 858, 861, 902, 912, 913, 915, 917, 919, 920, 931, 934, 935]","[31, 142, 147, 180, 338, 352, 367, 387, 403, 405, 408, 410, 455, 465, 466, 468, 470, 472, 473, 483, 484, 514, 613, 618, 651, 794, 807, 837, 852, 854, 858, 861, 902, 912, 913, 915, 917, 919, 920, 931, 934, 935]",2/6 successful match,False,,False,51,False,,0.45072463768115945,True,Bonus StarMart ( Sinclair ),Sinclair
Evanston ( 82930 ) Sinclair Truck Stop,307-789-7388 I-80 Exit 6 ( Bear River Dr ),M D,Evanston,82930,Sinclair Truck Stop,307-789-7388,2015,Evanston,WY,Sinclair,( Bear River Dr ),I-80 Exit 6 ,Exit,6,False,,False,I-80,,,,,[],"[470, 917]",[],"[358, 378, 385, 813, 828, 835]",[],"[89, 108, 172, 217, 221, 239, 264, 280, 321, 342, 343, 344, 345, 346, 349, 351, 352, 355, 357, 359, 364, 368, 371, 372, 373, 374, 376, 377, 387, 392, 393, 403, 409, 411, 414, 424, 430, 449, 454, 470, 480, 560, 584, 643, 685, 703, 724, 739, 779, 798, 799, 800, 801, 804, 806, 807, 810, 812, 814, 816, 821, 822, 823, 824, 826, 827, 837, 842, 843, 852, 859, 862, 865, 869, 876, 882, 897, 901, 917, 932]","[31, 142, 147, 180, 338, 352, 367, 387, 403, 405, 408, 410, 455, 465, 466, 468, 470, 472, 473, 483, 484, 514, 613, 618, 651, 794, 807, 837, 852, 854, 858, 861, 902, 912, 913, 915, 917, 919, 920, 931, 934, 935]","[31, 142, 147, 180, 338, 352, 367, 387, 403, 405, 408, 410, 455, 465, 466, 468, 470, 472, 473, 483, 484, 514, 613, 618, 651, 794, 807, 837, 852, 854, 858, 861, 902, 912, 913, 915, 917, 919, 920, 931, 934, 935]","[514, 31, 560, 584, 89, 613, 618, 108, 643, 651, 142, 147, 172, 685, 180, 703, 724, 217, 221, 739, 239, 264, 779, 280, 794, 798, 799, 800, 801, 804, 806, 807, 810, 812, 813, 814, 816, 821, 822, 823, 824, 826, 827, 828, 321, 835, 837, 842, 843, 338, 852, 342, 343, 344, 345, 346, 859, 854, 349, 862, 351, 352, 865, 858, 355, 861, 357, 358, 359, 869, 364, 876, 367, 368, 882, 371, 372, 373, 374, 376, 377, 378, 385, 897, 387, 901, 902, 392, 393, 912, 913, 403, 915, 917, 405, 919, 408, 409, 410, 411, 920, 414, 931, 932, 934, 935, 424, 430, 449, 454, 455, 465, 466, 468, 470, 472, 473, 480, 483, 484]",False,"[470, 917]",[],[],"[358, 378, 385, 813, 828, 835]","[89, 108, 172, 217, 221, 239, 264, 280, 321, 342, 343, 344, 345, 346, 349, 351, 352, 355, 357, 359, 364, 368, 371, 372, 373, 374, 376, 377, 387, 392, 393, 403, 409, 411, 414, 424, 430, 449, 454, 470, 480, 560, 584, 643, 685, 703, 724, 739, 779, 798, 799, 800, 801, 804, 806, 807, 810, 812, 814, 816, 821, 822, 823, 824, 826, 827, 837, 842, 843, 852, 859, 862, 865, 869, 876, 882, 897, 901, 917, 932]","[31, 142, 147, 180, 338, 352, 367, 387, 403, 405, 408, 410, 455, 465, 466, 468, 470, 472, 473, 483, 484, 514, 613, 618, 651, 794, 807, 837, 852, 854, 858, 861, 902, 912, 913, 915, 917, 919, 920, 931, 934, 935]","[31, 142, 147, 180, 338, 352, 367, 387, 403, 405, 408, 410, 455, 465, 466, 468, 470, 472, 473, 483, 484, 514, 613, 618, 651, 794, 807, 837, 852, 854, 858, 861, 902, 912, 913, 915, 917, 919, 920, 931, 934, 935]",2/6 successful match,False,,False,51,False,,0.8999999999999999,True,Sinclair Truck Stop,Sinclair
Evanston ( 82930 ) Sinclair Truck Stop,307-789-7388 I-80 Exit 6 ( Bear River Dr ),<U+2610> M <U+25A1> <U+2610><U+2610>,Evanston,82930,Sinclair Truck Stop,307-789-7388,2016,Evanston,WY,Sinclair,( Bear River Dr ),I-80 Exit 6 ,Exit,6,False,,False,I-80,,,,,[],"[470, 917]",[],"[358, 378, 385, 813, 828, 835]",[],"[89, 108, 172, 217, 221, 239, 264, 280, 321, 342, 343, 344, 345, 346, 349, 351, 352, 355, 357, 359, 364, 368, 371, 372, 373, 374, 376, 377, 387, 392, 393, 403, 409, 411, 414, 424, 430, 449, 454, 470, 480, 560, 584, 643, 685, 703, 724, 739, 779, 798, 799, 800, 801, 804, 806, 807, 810, 812, 814, 816, 821, 822, 823, 824, 826, 827, 837, 842, 843, 852, 859, 862, 865, 869, 876, 882, 897, 901, 917, 932]","[31, 142, 147, 180, 338, 352, 367, 387, 403, 405, 408, 410, 455, 465, 466, 468, 470, 472, 473, 483, 484, 514, 613, 618, 651, 794, 807, 837, 852, 854, 858, 861, 902, 912, 913, 915, 917, 919, 920, 931, 934, 935]","[31, 142, 147, 180, 338, 352, 367, 387, 403, 405, 408, 410, 455, 465, 466, 468, 470, 472, 473, 483, 484, 514, 613, 618, 651, 794, 807, 837, 852, 854, 858, 861, 902, 912, 913, 915, 917, 919, 920, 931, 934, 935]","[514, 31, 560, 584, 89, 613, 618, 108, 643, 651, 142, 147, 172, 685, 180, 703, 724, 217, 221, 739, 239, 264, 779, 280, 794, 798, 799, 800, 801, 804, 806, 807, 810, 812, 813, 814, 816, 821, 822, 823, 824, 826, 827, 828, 321, 835, 837, 842, 843, 338, 852, 342, 343, 344, 345, 346, 859, 854, 349, 862, 351, 352, 865, 858, 355, 861, 357, 358, 359, 869, 364, 876, 367, 368, 882, 371, 372, 373, 374, 376, 377, 378, 385, 897, 387, 901, 902, 392, 393, 912, 913, 403, 915, 917, 405, 919, 408, 409, 410, 411, 920, 414, 931, 932, 934, 935, 424, 430, 449, 454, 455, 465, 466, 468, 470, 472, 473, 480, 483, 484]",False,"[470, 917]",[],[],"[358, 378, 385, 813, 828, 835]","[89, 108, 172, 217, 221, 239, 264, 280, 321, 342, 343, 344, 345, 346, 349, 351, 352, 355, 357, 359, 364, 368, 371, 372, 373, 374, 376, 377, 387, 392, 393, 403, 409, 411, 414, 424, 430, 449, 454, 470, 480, 560, 584, 643, 685, 703, 724, 739, 779, 798, 799, 800, 801, 804, 806, 807, 810, 812, 814, 816, 821, 822, 823, 824, 826, 827, 837, 842, 843, 852, 859, 862, 865, 869, 876, 882, 897, 901, 917, 932]","[31, 142, 147, 180, 338, 352, 367, 387, 403, 405, 408, 410, 455, 465, 466, 468, 470, 472, 473, 483, 484, 514, 613, 618, 651, 794, 807, 837, 852, 854, 858, 861, 902, 912, 913, 915, 917, 919, 920, 931, 934, 935]","[31, 142, 147, 180, 338, 352, 367, 387, 403, 405, 408, 410, 455, 465, 466, 468, 470, 472, 473, 483, 484, 514, 613, 618, 651, 794, 807, 837, 852, 854, 858, 861, 902, 912, 913, 915, 917, 919, 920, 931, 934, 935]",2/6 successful match,False,,False,51,False,,0.8999999999999999,True,Sinclair Truck Stop,Sinclair
"Evanston , 82930 Flying J Travel Plaza # 0500180",307-789-9129 I-80 Exit 3 ( US 30 W ),<U+2610>,Evanston,82930,Flying J Travel Plaza # 0500180,307-789-9129,2006,Evanston,WY,Flying J,( US 30 W ),I-80 Exit 3 ,Exit,3,False,,False,I-80,,,,,[],"[470, 917]",[],"[41, 234, 267, 290, 522, 698, 726, 749]",[],"[89, 108, 172, 217, 221, 239, 264, 280, 321, 342, 343, 344, 345, 346, 349, 351, 352, 355, 357, 359, 364, 368, 371, 372, 373, 374, 376, 377, 387, 392, 393, 403, 409, 411, 414, 424, 430, 449, 454, 470, 480, 560, 584, 643, 685, 703, 724, 739, 779, 798, 799, 800, 801, 804, 806, 807, 810, 812, 814, 816, 821, 822, 823, 824, 826, 827, 837, 842, 843, 852, 859, 862, 865, 869, 876, 882, 897, 901, 917, 932]","[17, 18, 19, 20, 21, 22, 23, 156, 157, 158, 159, 160, 161, 162, 163, 164, 165, 166, 167, 341, 342, 343, 344, 345, 412, 413, 414, 415, 416, 417, 418, 419, 420, 421, 422, 502, 503, 504, 505, 506, 507, 628, 629, 630, 631, 632, 633, 634, 635, 636, 637, 638, 639, 792, 797, 798, 799, 800, 801, 863, 864, 865, 866, 867, 868, 869, 870, 871, 872, 873, 874]","[17, 18, 19, 20, 21, 22, 23, 156, 157, 158, 159, 160, 161, 162, 163, 164, 165, 166, 167, 168, 340, 341, 342, 343, 344, 345, 346, 412, 413, 414, 415, 416, 417, 418, 419, 420, 421, 422, 502, 503, 504, 505, 506, 507, 628, 629, 630, 631, 632, 633, 634, 635, 636, 637, 638, 639, 792, 796, 797, 798, 799, 800, 801, 863, 864, 865, 866, 867, 868, 869, 870, 871, 872, 873, 874]","[522, 17, 18, 19, 20, 21, 22, 23, 41, 560, 584, 89, 108, 628, 629, 630, 631, 632, 633, 634, 635, 636, 637, 638, 639, 643, 156, 157, 158, 159, 160, 161, 162, 163, 164, 165, 166, 167, 168, 172, 685, 698, 703, 724, 726, 217, 221, 739, 234, 749, 239, 264, 267, 779, 280, 792, 796, 797, 798, 799, 800, 801, 290, 804, 806, 807, 810, 812, 814, 874, 816, 821, 822, 823, 824, 826, 827, 321, 837, 842, 843, 852, 341, 342, 343, 344, 345, 346, 859, 340, 349, 862, 351, 352, 865, 863, 355, 864, 357, 869, 359, 866, 867, 868, 870, 364, 876, 871, 872, 368, 873, 882, 371, 372, 373, 374, 376, 377, 897, 387, 901, 392, 393, 403, 917, 409, 411, 412, 413, 414, 415, 416, 417, 418, 419, 932, 420, 421, 422, 424, 430, 449, 454, 470, 480, 502, 503, 504, 505, 506, 507]",False,"[470, 917]",[],[],"[41, 234, 267, 290, 522, 698, 726, 749]","[89, 108, 172, 217, 221, 239, 264, 280, 321, 342, 343, 344, 345, 346, 349, 351, 352, 355, 357, 359, 364, 368, 371, 372, 373, 374, 376, 377, 387, 392, 393, 403, 409, 411, 414, 424, 430, 449, 454, 470, 480, 560, 584, 643, 685, 703, 724, 739, 779, 798, 799, 800, 801, 804, 806, 807, 810, 812, 814, 816, 821, 822, 823, 824, 826, 827, 837, 842, 843, 852, 859, 862, 865, 869, 876, 882, 897, 901, 917, 932]","[17, 18, 19, 20, 21, 22, 23, 156, 157, 158, 159, 160, 161, 162, 163, 164, 165, 166, 167, 168, 340, 341, 342, 343, 344, 345, 346, 412, 413, 414, 415, 416, 417, 418, 419, 420, 421, 422, 502, 503, 504, 505, 506, 507, 628, 629, 630, 631, 632, 633, 634, 635, 636, 637, 638, 639, 792, 796, 797, 798, 799, 800, 801, 863, 864, 865, 866, 867, 868, 869, 870, 871, 872, 873, 874]","[17, 18, 19, 20, 21, 22, 23, 156, 157, 158, 159, 160, 161, 162, 163, 164, 165, 166, 167, 341, 342, 343, 344, 345, 412, 413, 414, 415, 416, 417, 418, 419, 420, 421, 422, 502, 503, 504, 505, 506, 507, 628, 629, 630, 631, 632, 633, 634, 635, 636, 637, 638, 639, 792, 797, 798, 799, 800, 801, 863, 864, 865, 866, 867, 868, 869, 870, 871, 872, 873, 874]",2/6 successful match,False,,False,52,False,,,,,
"Evanston , 82930 Flying J Travel Plaza # 0500180",307-789-9129 I-80 Exit 3 ( US 30 W ),24 RS M 24,Evanston,82930,Flying J Travel Plaza # 0500180,307-789-9129,2007,Evanston,WY,Flying J,( US 30 W ),I-80 Exit 3 ,Exit,3,False,,False,I-80,,,,,[],"[470, 917]",[],"[41, 234, 267, 290, 522, 698, 726, 749]",[],"[89, 108, 172, 217, 221, 239, 264, 280, 321, 342, 343, 344, 345, 346, 349, 351, 352, 355, 357, 359, 364, 368, 371, 372, 373, 374, 376, 377, 387, 392, 393, 403, 409, 411, 414, 424, 430, 449, 454, 470, 480, 560, 584, 643, 685, 703, 724, 739, 779, 798, 799, 800, 801, 804, 806, 807, 810, 812, 814, 816, 821, 822, 823, 824, 826, 827, 837, 842, 843, 852, 859, 862, 865, 869, 876, 882, 897, 901, 917, 932]","[17, 18, 19, 20, 21, 22, 23, 156, 157, 158, 159, 160, 161, 162, 163, 164, 165, 166, 167, 341, 342, 343, 344, 345, 412, 413, 414, 415, 416, 417, 418, 419, 420, 421, 422, 502, 503, 504, 505, 506, 507, 628, 629, 630, 631, 632, 633, 634, 635, 636, 637, 638, 639, 792, 797, 798, 799, 800, 801, 863, 864, 865, 866, 867, 868, 869, 870, 871, 872, 873, 874]","[17, 18, 19, 20, 21, 22, 23, 156, 157, 158, 159, 160, 161, 162, 163, 164, 165, 166, 167, 168, 340, 341, 342, 343, 344, 345, 346, 412, 413, 414, 415, 416, 417, 418, 419, 420, 421, 422, 502, 503, 504, 505, 506, 507, 628, 629, 630, 631, 632, 633, 634, 635, 636, 637, 638, 639, 792, 796, 797, 798, 799, 800, 801, 863, 864, 865, 866, 867, 868, 869, 870, 871, 872, 873, 874]","[522, 17, 18, 19, 20, 21, 22, 23, 41, 560, 584, 89, 108, 628, 629, 630, 631, 632, 633, 634, 635, 636, 637, 638, 639, 643, 156, 157, 158, 159, 160, 161, 162, 163, 164, 165, 166, 167, 168, 172, 685, 698, 703, 724, 726, 217, 221, 739, 234, 749, 239, 264, 267, 779, 280, 792, 796, 797, 798, 799, 800, 801, 290, 804, 806, 807, 810, 812, 814, 874, 816, 821, 822, 823, 824, 826, 827, 321, 837, 842, 843, 852, 341, 342, 343, 344, 345, 346, 859, 340, 349, 862, 351, 352, 865, 863, 355, 864, 357, 869, 359, 866, 867, 868, 870, 364, 876, 871, 872, 368, 873, 882, 371, 372, 373, 374, 376, 377, 897, 387, 901, 392, 393, 403, 917, 409, 411, 412, 413, 414, 415, 416, 417, 418, 419, 932, 420, 421, 422, 424, 430, 449, 454, 470, 480, 502, 503, 504, 505, 506, 507]",False,"[470, 917]",[],[],"[41, 234, 267, 290, 522, 698, 726, 749]","[89, 108, 172, 217, 221, 239, 264, 280, 321, 342, 343, 344, 345, 346, 349, 351, 352, 355, 357, 359, 364, 368, 371, 372, 373, 374, 376, 377, 387, 392, 393, 403, 409, 411, 414, 424, 430, 449, 454, 470, 480, 560, 584, 643, 685, 703, 724, 739, 779, 798, 799, 800, 801, 804, 806, 807, 810, 812, 814, 816, 821, 822, 823, 824, 826, 827, 837, 842, 843, 852, 859, 862, 865, 869, 876, 882, 897, 901, 917, 932]","[17, 18, 19, 20, 21, 22, 23, 156, 157, 158, 159, 160, 161, 162, 163, 164, 165, 166, 167, 168, 340, 341, 342, 343, 344, 345, 346, 412, 413, 414, 415, 416, 417, 418, 419, 420, 421, 422, 502, 503, 504, 505, 506, 507, 628, 629, 630, 631, 632, 633, 634, 635, 636, 637, 638, 639, 792, 796, 797, 798, 799, 800, 801, 863, 864, 865, 866, 867, 868, 869, 870, 871, 872, 873, 874]","[17, 18, 19, 20, 21, 22, 23, 156, 157, 158, 159, 160, 161, 162, 163, 164, 165, 166, 167, 341, 342, 343, 344, 345, 412, 413, 414, 415, 416, 417, 418, 419, 420, 421, 422, 502, 503, 504, 505, 506, 507, 628, 629, 630, 631, 632, 633, 634, 635, 636, 637, 638, 639, 792, 797, 798, 799, 800, 801, 863, 864, 865, 866, 867, 868, 869, 870, 871, 872, 873, 874]",2/6 successful match,False,,False,52,False,,1.0,True,Flying J Travel Plaza # 0500180,Flying J
"Evanston , 82930 Flying J Travel Plaza # 0500180",3 307-789-9129 I-80 Exit 3 ( US 30 W ),24 M 24,Evanston,82930,Flying J Travel Plaza # 0500180,307-789-9129,2008,Evanston,WY,Flying J,( US 30 W ),I-80 Exit 3 ,Exit,3,False,,False,I-80,,,,,[],"[470, 917]",[],"[41, 234, 267, 290, 522, 698, 726, 749]",[],"[89, 108, 172, 217, 221, 239, 264, 280, 321, 342, 343, 344, 345, 346, 349, 351, 352, 355, 357, 359, 364, 368, 371, 372, 373, 374, 376, 377, 387, 392, 393, 403, 409, 411, 414, 424, 430, 449, 454, 470, 480, 560, 584, 643, 685, 703, 724, 739, 779, 798, 799, 800, 801, 804, 806, 807, 810, 812, 814, 816, 821, 822, 823, 824, 826, 827, 837, 842, 843, 852, 859, 862, 865, 869, 876, 882, 897, 901, 917, 932]","[17, 18, 19, 20, 21, 22, 23, 156, 157, 158, 159, 160, 161, 162, 163, 164, 165, 166, 167, 341, 342, 343, 344, 345, 412, 413, 414, 415, 416, 417, 418, 419, 420, 421, 422, 502, 503, 504, 505, 506, 507, 628, 629, 630, 631, 632, 633, 634, 635, 636, 637, 638, 639, 792, 797, 798, 799, 800, 801, 863, 864, 865, 866, 867, 868, 869, 870, 871, 872, 873, 874]","[17, 18, 19, 20, 21, 22, 23, 156, 157, 158, 159, 160, 161, 162, 163, 164, 165, 166, 167, 168, 340, 341, 342, 343, 344, 345, 346, 412, 413, 414, 415, 416, 417, 418, 419, 420, 421, 422, 502, 503, 504, 505, 506, 507, 628, 629, 630, 631, 632, 633, 634, 635, 636, 637, 638, 639, 792, 796, 797, 798, 799, 800, 801, 863, 864, 865, 866, 867, 868, 869, 870, 871, 872, 873, 874]","[522, 17, 18, 19, 20, 21, 22, 23, 41, 560, 584, 89, 108, 628, 629, 630, 631, 632, 633, 634, 635, 636, 637, 638, 639, 643, 156, 157, 158, 159, 160, 161, 162, 163, 164, 165, 166, 167, 168, 172, 685, 698, 703, 724, 726, 217, 221, 739, 234, 749, 239, 264, 267, 779, 280, 792, 796, 797, 798, 799, 800, 801, 290, 804, 806, 807, 810, 812, 814, 874, 816, 821, 822, 823, 824, 826, 827, 321, 837, 842, 843, 852, 341, 342, 343, 344, 345, 346, 859, 340, 349, 862, 351, 352, 865, 863, 355, 864, 357, 869, 359, 866, 867, 868, 870, 364, 876, 871, 872, 368, 873, 882, 371, 372, 373, 374, 376, 377, 897, 387, 901, 392, 393, 403, 917, 409, 411, 412, 413, 414, 415, 416, 417, 418, 419, 932, 420, 421, 422, 424, 430, 449, 454, 470, 480, 502, 503, 504, 505, 506, 507]",False,"[470, 917]",[],[],"[41, 234, 267, 290, 522, 698, 726, 749]","[89, 108, 172, 217, 221, 239, 264, 280, 321, 342, 343, 344, 345, 346, 349, 351, 352, 355, 357, 359, 364, 368, 371, 372, 373, 374, 376, 377, 387, 392, 393, 403, 409, 411, 414, 424, 430, 449, 454, 470, 480, 560, 584, 643, 685, 703, 724, 739, 779, 798, 799, 800, 801, 804, 806, 807, 810, 812, 814, 816, 821, 822, 823, 824, 826, 827, 837, 842, 843, 852, 859, 862, 865, 869, 876, 882, 897, 901, 917, 932]","[17, 18, 19, 20, 21, 22, 23, 156, 157, 158, 159, 160, 161, 162, 163, 164, 165, 166, 167, 168, 340, 341, 342, 343, 344, 345, 346, 412, 413, 414, 415, 416, 417, 418, 419, 420, 421, 422, 502, 503, 504, 505, 506, 507, 628, 629, 630, 631, 632, 633, 634, 635, 636, 637, 638, 639, 792, 796, 797, 798, 799, 800, 801, 863, 864, 865, 866, 867, 868, 869, 870, 871, 872, 873, 874]","[17, 18, 19, 20, 21, 22, 23, 156, 157, 158, 159, 160, 161, 162, 163, 164, 165, 166, 167, 341, 342, 343, 344, 345, 412, 413, 414, 415, 416, 417, 418, 419, 420, 421, 422, 502, 503, 504, 505, 506, 507, 628, 629, 630, 631, 632, 633, 634, 635, 636, 637, 638, 639, 792, 797, 798, 799, 800, 801, 863, 864, 865, 866, 867, 868, 869, 870, 871, 872, 873, 874]",2/6 successful match,False,,False,52,False,,1.0,True,Flying J Travel Plaza # 0500180,Flying J
G Evanston ( 82930 ) Flying J Travel Plaza # 761,3 307-789-9129 I-80 Exit 3 ( US 30 W ),M,Evanston,82930,Flying J Travel Plaza # 761,307-789-9129,2014,Evanston,WY,Flying J,( US 30 W ),I-80 Exit 3 ,Exit,3,False,,False,I-80,,,,,[],"[470, 917]",[],"[41, 234, 267, 290, 522, 698, 726, 749]",[],"[89, 108, 172, 217, 221, 239, 264, 280, 321, 342, 343, 344, 345, 346, 349, 351, 352, 355, 357, 359, 364, 368, 371, 372, 373, 374, 376, 377, 387, 392, 393, 403, 409, 411, 414, 424, 430, 449, 454, 470, 480, 560, 584, 643, 685, 703, 724, 739, 779, 798, 799, 800, 801, 804, 806, 807, 810, 812, 814, 816, 821, 822, 823, 824, 826, 827, 837, 842, 843, 852, 859, 862, 865, 869, 876, 882, 897, 901, 917, 932]","[17, 18, 19, 20, 21, 22, 23, 156, 157, 158, 159, 160, 161, 162, 163, 164, 165, 166, 167, 341, 342, 343, 344, 345, 412, 413, 414, 415, 416, 417, 418, 419, 420, 421, 422, 502, 503, 504, 505, 506, 507, 628, 629, 630, 631, 632, 633, 634, 635, 636, 637, 638, 639, 792, 797, 798, 799, 800, 801, 863, 864, 865, 866, 867, 868, 869, 870, 871, 872, 873, 874]","[17, 18, 19, 20, 21, 22, 23, 156, 157, 158, 159, 160, 161, 162, 163, 164, 165, 166, 167, 168, 340, 341, 342, 343, 344, 345, 346, 412, 413, 414, 415, 416, 417, 418, 419, 420, 421, 422, 502, 503, 504, 505, 506, 507, 628, 629, 630, 631, 632, 633, 634, 635, 636, 637, 638, 639, 792, 796, 797, 798, 799, 800, 801, 863, 864, 865, 866, 867, 868, 869, 870, 871, 872, 873, 874]","[522, 17, 18, 19, 20, 21, 22, 23, 41, 560, 584, 89, 108, 628, 629, 630, 631, 632, 633, 634, 635, 636, 637, 638, 639, 643, 156, 157, 158, 159, 160, 161, 162, 163, 164, 165, 166, 167, 168, 172, 685, 698, 703, 724, 726, 217, 221, 739, 234, 749, 239, 264, 267, 779, 280, 792, 796, 797, 798, 799, 800, 801, 290, 804, 806, 807, 810, 812, 814, 874, 816, 821, 822, 823, 824, 826, 827, 321, 837, 842, 843, 852, 341, 342, 343, 344, 345, 346, 859, 340, 349, 862, 351, 352, 865, 863, 355, 864, 357, 869, 359, 866, 867, 868, 870, 364, 876, 871, 872, 368, 873, 882, 371, 372, 373, 374, 376, 377, 897, 387, 901, 392, 393, 403, 917, 409, 411, 412, 413, 414, 415, 416, 417, 418, 419, 932, 420, 421, 422, 424, 430, 449, 454, 470, 480, 502, 503, 504, 505, 506, 507]",False,"[470, 917]",[],[],"[41, 234, 267, 290, 522, 698, 726, 749]","[89, 108, 172, 217, 221, 239, 264, 280, 321, 342, 343, 344, 345, 346, 349, 351, 352, 355, 357, 359, 364, 368, 371, 372, 373, 374, 376, 377, 387, 392, 393, 403, 409, 411, 414, 424, 430, 449, 454, 470, 480, 560, 584, 643, 685, 703, 724, 739, 779, 798, 799, 800, 801, 804, 806, 807, 810, 812, 814, 816, 821, 822, 823, 824, 826, 827, 837, 842, 843, 852, 859, 862, 865, 869, 876, 882, 897, 901, 917, 932]","[17, 18, 19, 20, 21, 22, 23, 156, 157, 158, 159, 160, 161, 162, 163, 164, 165, 166, 167, 168, 340, 341, 342, 343, 344, 345, 346, 412, 413, 414, 415, 416, 417, 418, 419, 420, 421, 422, 502, 503, 504, 505, 506, 507, 628, 629, 630, 631, 632, 633, 634, 635, 636, 637, 638, 639, 792, 796, 797, 798, 799, 800, 801, 863, 864, 865, 866, 867, 868, 869, 870, 871, 872, 873, 874]","[17, 18, 19, 20, 21, 22, 23, 156, 157, 158, 159, 160, 161, 162, 163, 164, 165, 166, 167, 341, 342, 343, 344, 345, 412, 413, 414, 415, 416, 417, 418, 419, 420, 421, 422, 502, 503, 504, 505, 506, 507, 628, 629, 630, 631, 632, 633, 634, 635, 636, 637, 638, 639, 792, 797, 798, 799, 800, 801, 863, 864, 865, 866, 867, 868, 869, 870, 871, 872, 873, 874]",2/6 successful match,False,,False,52,False,,0.5919540229885056,True,Flying J Travel Plaza # 0500180,Flying J
Evanston ( 82930 ) Flying J Travel ( US Plaza 30 W ) # 761,307-789-9129 I-80 Exit 3 # 141,FLYING M,Evanston,82930,Flying J Travel ( US Plaza 30 W ) # 761,307-789-9129,2015,Evanston,WY,Flying J,,I-80 Exit 3 # 141,Exit,3,False,,False,I-80,,,,,[],"[470, 917]",[],"[41, 234, 267, 290, 522, 698, 726, 749]",[],"[89, 108, 172, 217, 221, 239, 264, 280, 321, 342, 343, 344, 345, 346, 349, 351, 352, 355, 357, 359, 364, 368, 371, 372, 373, 374, 376, 377, 387, 392, 393, 403, 409, 411, 414, 424, 430, 449, 454, 470, 480, 560, 584, 643, 685, 703, 724, 739, 779, 798, 799, 800, 801, 804, 806, 807, 810, 812, 814, 816, 821, 822, 823, 824, 826, 827, 837, 842, 843, 852, 859, 862, 865, 869, 876, 882, 897, 901, 917, 932]","[17, 18, 19, 20, 21, 22, 23, 156, 157, 158, 159, 160, 161, 162, 163, 164, 165, 166, 167, 341, 342, 343, 344, 345, 412, 413, 414, 415, 416, 417, 418, 419, 420, 421, 422, 502, 503, 504, 505, 506, 507, 628, 629, 630, 631, 632, 633, 634, 635, 636, 637, 638, 639, 792, 797, 798, 799, 800, 801, 863, 864, 865, 866, 867, 868, 869, 870, 871, 872, 873, 874]","[17, 18, 19, 20, 21, 22, 23, 156, 157, 158, 159, 160, 161, 162, 163, 164, 165, 166, 167, 168, 340, 341, 342, 343, 344, 345, 346, 412, 413, 414, 415, 416, 417, 418, 419, 420, 421, 422, 502, 503, 504, 505, 506, 507, 628, 629, 630, 631, 632, 633, 634, 635, 636, 637, 638, 639, 792, 796, 797, 798, 799, 800, 801, 863, 864, 865, 866, 867, 868, 869, 870, 871, 872, 873, 874]","[522, 17, 18, 19, 20, 21, 22, 23, 41, 560, 584, 89, 108, 628, 629, 630, 631, 632, 633, 634, 635, 636, 637, 638, 639, 643, 156, 157, 158, 159, 160, 161, 162, 163, 164, 165, 166, 167, 168, 172, 685, 698, 703, 724, 726, 217, 221, 739, 234, 749, 239, 264, 267, 779, 280, 792, 796, 797, 798, 799, 800, 801, 290, 804, 806, 807, 810, 812, 814, 874, 816, 821, 822, 823, 824, 826, 827, 321, 837, 842, 843, 852, 341, 342, 343, 344, 345, 346, 859, 340, 349, 862, 351, 352, 865, 863, 355, 864, 357, 869, 359, 866, 867, 868, 870, 364, 876, 871, 872, 368, 873, 882, 371, 372, 373, 374, 376, 377, 897, 387, 901, 392, 393, 403, 917, 409, 411, 412, 413, 414, 415, 416, 417, 418, 419, 932, 420, 421, 422, 424, 430, 449, 454, 470, 480, 502, 503, 504, 505, 506, 507]",False,"[470, 917]",[],[],"[41, 234, 267, 290, 522, 698, 726, 749]","[89, 108, 172, 217, 221, 239, 264, 280, 321, 342, 343, 344, 345, 346, 349, 351, 352, 355, 357, 359, 364, 368, 371, 372, 373, 374, 376, 377, 387, 392, 393, 403, 409, 411, 414, 424, 430, 449, 454, 470, 480, 560, 584, 643, 685, 703, 724, 739, 779, 798, 799, 800, 801, 804, 806, 807, 810, 812, 814, 816, 821, 822, 823, 824, 826, 827, 837, 842, 843, 852, 859, 862, 865, 869, 876, 882, 897, 901, 917, 932]","[17, 18, 19, 20, 21, 22, 23, 156, 157, 158, 159, 160, 161, 162, 163, 164, 165, 166, 167, 168, 340, 341, 342, 343, 344, 345, 346, 412, 413, 414, 415, 416, 417, 418, 419, 420, 421, 422, 502, 503, 504, 505, 506, 507, 628, 629, 630, 631, 632, 633, 634, 635, 636, 637, 638, 639, 792, 796, 797, 798, 799, 800, 801, 863, 864, 865, 866, 867, 868, 869, 870, 871, 872, 873, 874]","[17, 18, 19, 20, 21, 22, 23, 156, 157, 158, 159, 160, 161, 162, 163, 164, 165, 166, 167, 341, 342, 343, 344, 345, 412, 413, 414, 415, 416, 417, 418, 419, 420, 421, 422, 502, 503, 504, 505, 506, 507, 628, 629, 630, 631, 632, 633, 634, 635, 636, 637, 638, 639, 792, 797, 798, 799, 800, 801, 863, 864, 865, 866, 867, 868, 869, 870, 871, 872, 873, 874]",2/6 successful match,False,,False,52,False,,1.0,True,Flying J Travel Plaza # 761,Flying J
Evanston ( 82930 ) Flying J Travel Plaza # 761,307-789-9129 I-80 Exit 3 ( US 30 W ),MO,Evanston,82930,Flying J Travel Plaza # 761,307-789-9129,2016,Evanston,WY,Flying J,( US 30 W ),I-80 Exit 3 ,Exit,3,False,,False,I-80,,,,,[],"[470, 917]",[],"[41, 234, 267, 290, 522, 698, 726, 749]",[],"[89, 108, 172, 217, 221, 239, 264, 280, 321, 342, 343, 344, 345, 346, 349, 351, 352, 355, 357, 359, 364, 368, 371, 372, 373, 374, 376, 377, 387, 392, 393, 403, 409, 411, 414, 424, 430, 449, 454, 470, 480, 560, 584, 643, 685, 703, 724, 739, 779, 798, 799, 800, 801, 804, 806, 807, 810, 812, 814, 816, 821, 822, 823, 824, 826, 827, 837, 842, 843, 852, 859, 862, 865, 869, 876, 882, 897, 901, 917, 932]","[17, 18, 19, 20, 21, 22, 23, 156, 157, 158, 159, 160, 161, 162, 163, 164, 165, 166, 167, 341, 342, 343, 344, 345, 412, 413, 414, 415, 416, 417, 418, 419, 420, 421, 422, 502, 503, 504, 505, 506, 507, 628, 629, 630, 631, 632, 633, 634, 635, 636, 637, 638, 639, 792, 797, 798, 799, 800, 801, 863, 864, 865, 866, 867, 868, 869, 870, 871, 872, 873, 874]","[17, 18, 19, 20, 21, 22, 23, 156, 157, 158, 159, 160, 161, 162, 163, 164, 165, 166, 167, 168, 340, 341, 342, 343, 344, 345, 346, 412, 413, 414, 415, 416, 417, 418, 419, 420, 421, 422, 502, 503, 504, 505, 506, 507, 628, 629, 630, 631, 632, 633, 634, 635, 636, 637, 638, 639, 792, 796, 797, 798, 799, 800, 801, 863, 864, 865, 866, 867, 868, 869, 870, 871, 872, 873, 874]","[522, 17, 18, 19, 20, 21, 22, 23, 41, 560, 584, 89, 108, 628, 629, 630, 631, 632, 633, 634, 635, 636, 637, 638, 639, 643, 156, 157, 158, 159, 160, 161, 162, 163, 164, 165, 166, 167, 168, 172, 685, 698, 703, 724, 726, 217, 221, 739, 234, 749, 239, 264, 267, 779, 280, 792, 796, 797, 798, 799, 800, 801, 290, 804, 806, 807, 810, 812, 814, 874, 816, 821, 822, 823, 824, 826, 827, 321, 837, 842, 843, 852, 341, 342, 343, 344, 345, 346, 859, 340, 349, 862, 351, 352, 865, 863, 355, 864, 357, 869, 359, 866, 867, 868, 870, 364, 876, 871, 872, 368, 873, 882, 371, 372, 373, 374, 376, 377, 897, 387, 901, 392, 393, 403, 917, 409, 411, 412, 413, 414, 415, 416, 417, 418, 419, 932, 420, 421, 422, 424, 430, 449, 454, 470, 480, 502, 503, 504, 505, 506, 507]",False,"[470, 917]",[],[],"[41, 234, 267, 290, 522, 698, 726, 749]","[89, 108, 172, 217, 221, 239, 264, 280, 321, 342, 343, 344, 345, 346, 349, 351, 352, 355, 357, 359, 364, 368, 371, 372, 373, 374, 376, 377, 387, 392, 393, 403, 409, 411, 414, 424, 430, 449, 454, 470, 480, 560, 584, 643, 685, 703, 724, 739, 779, 798, 799, 800, 801, 804, 806, 807, 810, 812, 814, 816, 821, 822, 823, 824, 826, 827, 837, 842, 843, 852, 859, 862, 865, 869, 876, 882, 897, 901, 917, 932]","[17, 18, 19, 20, 21, 22, 23, 156, 157, 158, 159, 160, 161, 162, 163, 164, 165, 166, 167, 168, 340, 341, 342, 343, 344, 345, 346, 412, 413, 414, 415, 416, 417, 418, 419, 420, 421, 422, 502, 503, 504, 505, 506, 507, 628, 629, 630, 631, 632, 633, 634, 635, 636, 637, 638, 639, 792, 796, 797, 798, 799, 800, 801, 863, 864, 865, 866, 867, 868, 869, 870, 871, 872, 873, 874]","[17, 18, 19, 20, 21, 22, 23, 156, 157, 158, 159, 160, 161, 162, 163, 164, 165, 166, 167, 341, 342, 343, 344, 345, 412, 413, 414, 415, 416, 417, 418, 419, 420, 421, 422, 502, 503, 504, 505, 506, 507, 628, 629, 630, 631, 632, 633, 634, 635, 636, 637, 638, 639, 792, 797, 798, 799, 800, 801, 863, 864, 865, 866, 867, 868, 869, 870, 871, 872, 873, 874]",2/6 successful match,False,,False,52,False,,1.0,True,Flying J Travel ( US Plaza 30 W ) # 761,Flying J
"Fort Bridger , 82933 TravelCenters of America ( Tesoro )",307-782-3814 I-80 Exit 30 ( Bigelow Rd ),XL HRS,Fort Bridger,82933,TravelCenters of America ( Tesoro ),307-782-3814,2006,Fort Bridger,WY,TravelCenters,( Bigelow Rd ),I-80 Exit 30 ,Exit,30,False,,False,I-80,,,,,[],[],"[483, 934]","[119, 590]",[],"[89, 108, 172, 217, 221, 239, 264, 280, 321, 342, 343, 344, 345, 346, 349, 351, 352, 355, 357, 359, 364, 368, 371, 372, 373, 374, 376, 377, 387, 392, 393, 403, 409, 411, 414, 424, 430, 449, 454, 470, 480, 560, 584, 643, 685, 703, 724, 739, 779, 798, 799, 800, 801, 804, 806, 807, 810, 812, 814, 816, 821, 822, 823, 824, 826, 827, 837, 842, 843, 852, 859, 862, 865, 869, 876, 882, 897, 901, 917, 932]","[98, 476, 481, 569, 924, 925]","[296, 409, 755, 859]","[560, 569, 584, 590, 89, 98, 108, 119, 643, 172, 685, 703, 724, 217, 221, 739, 239, 755, 264, 779, 280, 798, 799, 800, 801, 804, 806, 807, 296, 810, 812, 814, 816, 821, 822, 823, 824, 826, 827, 321, 837, 842, 843, 852, 342, 343, 344, 345, 346, 859, 349, 862, 351, 352, 865, 355, 357, 869, 359, 364, 876, 368, 882, 371, 372, 373, 374, 376, 377, 897, 387, 901, 392, 393, 403, 917, 409, 411, 924, 925, 414, 932, 934, 424, 430, 449, 454, 470, 476, 480, 481, 483]",False,[],[],"[483, 934]","[119, 590]","[89, 108, 172, 217, 221, 239, 264, 280, 321, 342, 343, 344, 345, 346, 349, 351, 352, 355, 357, 359, 364, 368, 371, 372, 373, 374, 376, 377, 387, 392, 393, 403, 409, 411, 414, 424, 430, 449, 454, 470, 480, 560, 584, 643, 685, 703, 724, 739, 779, 798, 799, 800, 801, 804, 806, 807, 810, 812, 814, 816, 821, 822, 823, 824, 826, 827, 837, 842, 843, 852, 859, 862, 865, 869, 876, 882, 897, 901, 917, 932]","[296, 409, 755, 859]","[98, 476, 481, 569, 924, 925]",0/6 successful match,False,,False,53,False,,,,,
"Fort Bridger , 82933 TravelCenters of America ( Tesoro",M3307-782-3814 I-80 Exit 30 ( Bigelow Rd ),M,Fort Bridger,82933,TravelCenters of America ( Tesoro,307-782-3814,2007,Fort Bridger,WY,TravelCenters,( Bigelow Rd ),I-80 Exit 30 ,Exit,30,False,,False,I-80,,,,,[],[],"[483, 934]","[119, 590]",[],"[89, 108, 172, 217, 221, 239, 264, 280, 321, 342, 343, 344, 345, 346, 349, 351, 352, 355, 357, 359, 364, 368, 371, 372, 373, 374, 376, 377, 387, 392, 393, 403, 409, 411, 414, 424, 430, 449, 454, 470, 480, 560, 584, 643, 685, 703, 724, 739, 779, 798, 799, 800, 801, 804, 806, 807, 810, 812, 814, 816, 821, 822, 823, 824, 826, 827, 837, 842, 843, 852, 859, 862, 865, 869, 876, 882, 897, 901, 917, 932]","[98, 476, 481, 569, 924, 925]","[296, 409, 755, 859]","[560, 569, 584, 590, 89, 98, 108, 119, 643, 172, 685, 703, 724, 217, 221, 739, 239, 755, 264, 779, 280, 798, 799, 800, 801, 804, 806, 807, 296, 810, 812, 814, 816, 821, 822, 823, 824, 826, 827, 321, 837, 842, 843, 852, 342, 343, 344, 345, 346, 859, 349, 862, 351, 352, 865, 355, 357, 869, 359, 364, 876, 368, 882, 371, 372, 373, 374, 376, 377, 897, 387, 901, 392, 393, 403, 917, 409, 411, 924, 925, 414, 932, 934, 424, 430, 449, 454, 470, 476, 480, 481, 483]",False,[],[],"[483, 934]","[119, 590]","[89, 108, 172, 217, 221, 239, 264, 280, 321, 342, 343, 344, 345, 346, 349, 351, 352, 355, 357, 359, 364, 368, 371, 372, 373, 374, 376, 377, 387, 392, 393, 403, 409, 411, 414, 424, 430, 449, 454, 470, 480, 560, 584, 643, 685, 703, 724, 739, 779, 798, 799, 800, 801, 804, 806, 807, 810, 812, 814, 816, 821, 822, 823, 824, 826, 827, 837, 842, 843, 852, 859, 862, 865, 869, 876, 882, 897, 901, 917, 932]","[296, 409, 755, 859]","[98, 476, 481, 569, 924, 925]",0/6 successful match,False,,False,53,False,,1.0,True,TravelCenters of America ( Tesoro ),TravelCenters
"Fort Bridger , 82933 TravelCenters of America ( Tesoro )",3 307-782-3814 I-80 Exit 30 ( Bigelow Rd ) TA,HRS 24 XL 24 mm,Fort Bridger,82933,TravelCenters of America ( Tesoro ),307-782-3814,2008,Fort Bridger,WY,TravelCenters,( Bigelow Rd ) TA,I-80 Exit 30 ,Exit,30,False,,False,I-80,,,,,[],[],"[483, 934]","[119, 590]",[],"[89, 108, 172, 217, 221, 239, 264, 280, 321, 342, 343, 344, 345, 346, 349, 351, 352, 355, 357, 359, 364, 368, 371, 372, 373, 374, 376, 377, 387, 392, 393, 403, 409, 411, 414, 424, 430, 449, 454, 470, 480, 560, 584, 643, 685, 703, 724, 739, 779, 798, 799, 800, 801, 804, 806, 807, 810, 812, 814, 816, 821, 822, 823, 824, 826, 827, 837, 842, 843, 852, 859, 862, 865, 869, 876, 882, 897, 901, 917, 932]","[98, 476, 481, 569, 924, 925]","[296, 409, 755, 859]","[560, 569, 584, 590, 89, 98, 108, 119, 643, 172, 685, 703, 724, 217, 221, 739, 239, 755, 264, 779, 280, 798, 799, 800, 801, 804, 806, 807, 296, 810, 812, 814, 816, 821, 822, 823, 824, 826, 827, 321, 837, 842, 843, 852, 342, 343, 344, 345, 346, 859, 349, 862, 351, 352, 865, 355, 357, 869, 359, 364, 876, 368, 882, 371, 372, 373, 374, 376, 377, 897, 387, 901, 392, 393, 403, 917, 409, 411, 924, 925, 414, 932, 934, 424, 430, 449, 454, 470, 476, 480, 481, 483]",False,[],[],"[483, 934]","[119, 590]","[89, 108, 172, 217, 221, 239, 264, 280, 321, 342, 343, 344, 345, 346, 349, 351, 352, 355, 357, 359, 364, 368, 371, 372, 373, 374, 376, 377, 387, 392, 393, 403, 409, 411, 414, 424, 430, 449, 454, 470, 480, 560, 584, 643, 685, 703, 724, 739, 779, 798, 799, 800, 801, 804, 806, 807, 810, 812, 814, 816, 821, 822, 823, 824, 826, 827, 837, 842, 843, 852, 859, 862, 865, 869, 876, 882, 897, 901, 917, 932]","[296, 409, 755, 859]","[98, 476, 481, 569, 924, 925]",0/6 successful match,False,,False,53,False,,1.0,True,TravelCenters of America ( Tesoro,TravelCenters
G Fort Bridger ( 82933 ) TA Ft . Bridger # 188 ( Shell ),307-782-3814 I-80 Exit 30 ( Bigelow Rd ),A 24 <U+2610> XL,Fort Bridger,82933,TA Ft . Bridger # 188 ( Shell ),307-782-3814,2014,Fort Bridger,WY,Shell,( Bigelow Rd ),I-80 Exit 30 ,Exit,30,False,,False,I-80,,,,,[],[],"[483, 934]","[119, 590]",[],"[89, 108, 172, 217, 221, 239, 264, 280, 321, 342, 343, 344, 345, 346, 349, 351, 352, 355, 357, 359, 364, 368, 371, 372, 373, 374, 376, 377, 387, 392, 393, 403, 409, 411, 414, 424, 430, 449, 454, 470, 480, 560, 584, 643, 685, 703, 724, 739, 779, 798, 799, 800, 801, 804, 806, 807, 810, 812, 814, 816, 821, 822, 823, 824, 826, 827, 837, 842, 843, 852, 859, 862, 865, 869, 876, 882, 897, 901, 917, 932]","[1, 13, 14, 29, 54, 55, 56, 57, 58, 60, 102, 118, 125, 127, 130, 134, 146, 149, 153, 175, 182, 187, 189, 191, 197, 225, 230, 238, 264, 265, 266, 286, 302, 317, 336, 379, 388, 389, 425, 454, 458, 463, 475, 487, 498, 499, 512, 530, 531, 532, 533, 534, 536, 573, 589, 596, 598, 601, 605, 617, 620, 624, 646, 653, 658, 660, 662, 668, 689, 694, 702, 724, 725, 745, 760, 775, 793, 829, 838, 839, 877, 901, 903, 905, 910, 923]","[1, 13, 14, 29, 54, 55, 56, 57, 58, 60, 102, 118, 125, 127, 130, 134, 146, 149, 153, 175, 182, 187, 189, 191, 197, 225, 230, 238, 264, 265, 266, 286, 301, 302, 317, 336, 354, 379, 388, 389, 425, 454, 458, 463, 475, 476, 487, 498, 499, 512, 530, 531, 532, 533, 534, 536, 573, 589, 596, 598, 601, 605, 617, 620, 624, 646, 653, 658, 660, 662, 668, 689, 694, 702, 724, 725, 745, 760, 775, 793, 809, 829, 838, 839, 877, 901, 903, 905, 910, 923, 924, 925]","[512, 1, 13, 14, 530, 531, 532, 533, 534, 536, 29, 560, 54, 55, 56, 57, 58, 60, 573, 584, 589, 590, 596, 598, 89, 601, 605, 102, 617, 108, 620, 624, 118, 119, 125, 127, 130, 643, 134, 646, 653, 146, 658, 660, 149, 662, 153, 668, 172, 685, 175, 689, 182, 694, 187, 189, 702, 703, 191, 197, 724, 725, 217, 221, 225, 739, 230, 745, 238, 239, 760, 775, 264, 265, 266, 779, 280, 793, 798, 799, 800, 801, 286, 804, 806, 807, 809, 810, 812, 301, 814, 302, 816, 821, 822, 823, 824, 826, 827, 317, 829, 321, 837, 838, 839, 842, 843, 336, 852, 342, 343, 344, 345, 346, 859, 349, 862, 351, 352, 865, 354, 355, 357, 869, 359, 364, 876, 877, 368, 882, 371, 372, 373, 374, 376, 377, 379, 897, 387, 388, 901, 389, 903, 392, 393, 905, 910, 403, 917, 409, 411, 923, 924, 414, 925, 932, 934, 424, 425, 430, 449, 454, 458, 463, 470, 475, 476, 480, 483, 487, 498, 499]",False,[],[],"[483, 934]","[119, 590]","[89, 108, 172, 217, 221, 239, 264, 280, 321, 342, 343, 344, 345, 346, 349, 351, 352, 355, 357, 359, 364, 368, 371, 372, 373, 374, 376, 377, 387, 392, 393, 403, 409, 411, 414, 424, 430, 449, 454, 470, 480, 560, 584, 643, 685, 703, 724, 739, 779, 798, 799, 800, 801, 804, 806, 807, 810, 812, 814, 816, 821, 822, 823, 824, 826, 827, 837, 842, 843, 852, 859, 862, 865, 869, 876, 882, 897, 901, 917, 932]","[1, 13, 14, 29, 54, 55, 56, 57, 58, 60, 102, 118, 125, 127, 130, 134, 146, 149, 153, 175, 182, 187, 189, 191, 197, 225, 230, 238, 264, 265, 266, 286, 301, 302, 317, 336, 354, 379, 388, 389, 425, 454, 458, 463, 475, 476, 487, 498, 499, 512, 530, 531, 532, 533, 534, 536, 573, 589, 596, 598, 601, 605, 617, 620, 624, 646, 653, 658, 660, 662, 668, 689, 694, 702, 724, 725, 745, 760, 775, 793, 809, 829, 838, 839, 877, 901, 903, 905, 910, 923, 924, 925]","[1, 13, 14, 29, 54, 55, 56, 57, 58, 60, 102, 118, 125, 127, 130, 134, 146, 149, 153, 175, 182, 187, 189, 191, 197, 225, 230, 238, 264, 265, 266, 286, 302, 317, 336, 379, 388, 389, 425, 454, 458, 463, 475, 487, 498, 499, 512, 530, 531, 532, 533, 534, 536, 573, 589, 596, 598, 601, 605, 617, 620, 624, 646, 653, 658, 660, 662, 668, 689, 694, 702, 724, 725, 745, 760, 775, 793, 829, 838, 839, 877, 901, 903, 905, 910, 923]",0/6 successful match,False,,False,53,True,2014,0.19696969696969696,False,TravelCenters of America ( Tesoro ),TravelCenters
G Fort Bridger ( 82933 ) TA Ft . Bridger # 188 ( Shell ),307-782-3814 I-80 Exit 30 ( Bigelow Rd ),ZA 24 <U+25A1> XL,Fort Bridger,82933,TA Ft . Bridger # 188 ( Shell ),307-782-3814,2015,Fort Bridger,WY,Shell,( Bigelow Rd ),I-80 Exit 30 ,Exit,30,False,,False,I-80,,,,,[],[],"[483, 934]","[119, 590]",[],"[89, 108, 172, 217, 221, 239, 264, 280, 321, 342, 343, 344, 345, 346, 349, 351, 352, 355, 357, 359, 364, 368, 371, 372, 373, 374, 376, 377, 387, 392, 393, 403, 409, 411, 414, 424, 430, 449, 454, 470, 480, 560, 584, 643, 685, 703, 724, 739, 779, 798, 799, 800, 801, 804, 806, 807, 810, 812, 814, 816, 821, 822, 823, 824, 826, 827, 837, 842, 843, 852, 859, 862, 865, 869, 876, 882, 897, 901, 917, 932]","[1, 13, 14, 29, 54, 55, 56, 57, 58, 60, 102, 118, 125, 127, 130, 134, 146, 149, 153, 175, 182, 187, 189, 191, 197, 225, 230, 238, 264, 265, 266, 286, 302, 317, 336, 379, 388, 389, 425, 454, 458, 463, 475, 487, 498, 499, 512, 530, 531, 532, 533, 534, 536, 573, 589, 596, 598, 601, 605, 617, 620, 624, 646, 653, 658, 660, 662, 668, 689, 694, 702, 724, 725, 745, 760, 775, 793, 829, 838, 839, 877, 901, 903, 905, 910, 923]","[1, 13, 14, 29, 54, 55, 56, 57, 58, 60, 102, 118, 125, 127, 130, 134, 146, 149, 153, 175, 182, 187, 189, 191, 197, 225, 230, 238, 264, 265, 266, 286, 301, 302, 317, 336, 354, 379, 388, 389, 425, 454, 458, 463, 475, 476, 487, 498, 499, 512, 530, 531, 532, 533, 534, 536, 573, 589, 596, 598, 601, 605, 617, 620, 624, 646, 653, 658, 660, 662, 668, 689, 694, 702, 724, 725, 745, 760, 775, 793, 809, 829, 838, 839, 877, 901, 903, 905, 910, 923, 924, 925]","[512, 1, 13, 14, 530, 531, 532, 533, 534, 536, 29, 560, 54, 55, 56, 57, 58, 60, 573, 584, 589, 590, 596, 598, 89, 601, 605, 102, 617, 108, 620, 624, 118, 119, 125, 127, 130, 643, 134, 646, 653, 146, 658, 660, 149, 662, 153, 668, 172, 685, 175, 689, 182, 694, 187, 189, 702, 703, 191, 197, 724, 725, 217, 221, 225, 739, 230, 745, 238, 239, 760, 775, 264, 265, 266, 779, 280, 793, 798, 799, 800, 801, 286, 804, 806, 807, 809, 810, 812, 301, 814, 302, 816, 821, 822, 823, 824, 826, 827, 317, 829, 321, 837, 838, 839, 842, 843, 336, 852, 342, 343, 344, 345, 346, 859, 349, 862, 351, 352, 865, 354, 355, 357, 869, 359, 364, 876, 877, 368, 882, 371, 372, 373, 374, 376, 377, 379, 897, 387, 388, 901, 389, 903, 392, 393, 905, 910, 403, 917, 409, 411, 923, 924, 414, 925, 932, 934, 424, 425, 430, 449, 454, 458, 463, 470, 475, 476, 480, 483, 487, 498, 499]",False,[],[],"[483, 934]","[119, 590]","[89, 108, 172, 217, 221, 239, 264, 280, 321, 342, 343, 344, 345, 346, 349, 351, 352, 355, 357, 359, 364, 368, 371, 372, 373, 374, 376, 377, 387, 392, 393, 403, 409, 411, 414, 424, 430, 449, 454, 470, 480, 560, 584, 643, 685, 703, 724, 739, 779, 798, 799, 800, 801, 804, 806, 807, 810, 812, 814, 816, 821, 822, 823, 824, 826, 827, 837, 842, 843, 852, 859, 862, 865, 869, 876, 882, 897, 901, 917, 932]","[1, 13, 14, 29, 54, 55, 56, 57, 58, 60, 102, 118, 125, 127, 130, 134, 146, 149, 153, 175, 182, 187, 189, 191, 197, 225, 230, 238, 264, 265, 266, 286, 301, 302, 317, 336, 354, 379, 388, 389, 425, 454, 458, 463, 475, 476, 487, 498, 499, 512, 530, 531, 532, 533, 534, 536, 573, 589, 596, 598, 601, 605, 617, 620, 624, 646, 653, 658, 660, 662, 668, 689, 694, 702, 724, 725, 745, 760, 775, 793, 809, 829, 838, 839, 877, 901, 903, 905, 910, 923, 924, 925]","[1, 13, 14, 29, 54, 55, 56, 57, 58, 60, 102, 118, 125, 127, 130, 134, 146, 149, 153, 175, 182, 187, 189, 191, 197, 225, 230, 238, 264, 265, 266, 286, 302, 317, 336, 379, 388, 389, 425, 454, 458, 463, 475, 487, 498, 499, 512, 530, 531, 532, 533, 534, 536, 573, 589, 596, 598, 601, 605, 617, 620, 624, 646, 653, 658, 660, 662, 668, 689, 694, 702, 724, 725, 745, 760, 775, 793, 829, 838, 839, 877, 901, 903, 905, 910, 923]",0/6 successful match,False,,False,53,False,,1.0,True,TA Ft . Bridger # 188 ( Shell ),Shell
Fort Bridger ( 82933 ) TA Ft . Bridger # 188 ( Shell ),307-782-3814 I-80 Exit 30 ( Bigelow Rd ),24 2000 XL,Fort Bridger,82933,TA Ft . Bridger # 188 ( Shell ),307-782-3814,2016,Fort Bridger,WY,Shell,( Bigelow Rd ),I-80 Exit 30 ,Exit,30,False,,False,I-80,,,,,[],[],"[483, 934]","[119, 590]",[],"[89, 108, 172, 217, 221, 239, 264, 280, 321, 342, 343, 344, 345, 346, 349, 351, 352, 355, 357, 359, 364, 368, 371, 372, 373, 374, 376, 377, 387, 392, 393, 403, 409, 411, 414, 424, 430, 449, 454, 470, 480, 560, 584, 643, 685, 703, 724, 739, 779, 798, 799, 800, 801, 804, 806, 807, 810, 812, 814, 816, 821, 822, 823, 824, 826, 827, 837, 842, 843, 852, 859, 862, 865, 869, 876, 882, 897, 901, 917, 932]","[1, 13, 14, 29, 54, 55, 56, 57, 58, 60, 102, 118, 125, 127, 130, 134, 146, 149, 153, 175, 182, 187, 189, 191, 197, 225, 230, 238, 264, 265, 266, 286, 302, 317, 336, 379, 388, 389, 425, 454, 458, 463, 475, 487, 498, 499, 512, 530, 531, 532, 533, 534, 536, 573, 589, 596, 598, 601, 605, 617, 620, 624, 646, 653, 658, 660, 662, 668, 689, 694, 702, 724, 725, 745, 760, 775, 793, 829, 838, 839, 877, 901, 903, 905, 910, 923]","[1, 13, 14, 29, 54, 55, 56, 57, 58, 60, 102, 118, 125, 127, 130, 134, 146, 149, 153, 175, 182, 187, 189, 191, 197, 225, 230, 238, 264, 265, 266, 286, 301, 302, 317, 336, 354, 379, 388, 389, 425, 454, 458, 463, 475, 476, 487, 498, 499, 512, 530, 531, 532, 533, 534, 536, 573, 589, 596, 598, 601, 605, 617, 620, 624, 646, 653, 658, 660, 662, 668, 689, 694, 702, 724, 725, 745, 760, 775, 793, 809, 829, 838, 839, 877, 901, 903, 905, 910, 923, 924, 925]","[512, 1, 13, 14, 530, 531, 532, 533, 534, 536, 29, 560, 54, 55, 56, 57, 58, 60, 573, 584, 589, 590, 596, 598, 89, 601, 605, 102, 617, 108, 620, 624, 118, 119, 125, 127, 130, 643, 134, 646, 653, 146, 658, 660, 149, 662, 153, 668, 172, 685, 175, 689, 182, 694, 187, 189, 702, 703, 191, 197, 724, 725, 217, 221, 225, 739, 230, 745, 238, 239, 760, 775, 264, 265, 266, 779, 280, 793, 798, 799, 800, 801, 286, 804, 806, 807, 809, 810, 812, 301, 814, 302, 816, 821, 822, 823, 824, 826, 827, 317, 829, 321, 837, 838, 839, 842, 843, 336, 852, 342, 343, 344, 345, 346, 859, 349, 862, 351, 352, 865, 354, 355, 357, 869, 359, 364, 876, 877, 368, 882, 371, 372, 373, 374, 376, 377, 379, 897, 387, 388, 901, 389, 903, 392, 393, 905, 910, 403, 917, 409, 411, 923, 924, 414, 925, 932, 934, 424, 425, 430, 449, 454, 458, 463, 470, 475, 476, 480, 483, 487, 498, 499]",False,[],[],"[483, 934]","[119, 590]","[89, 108, 172, 217, 221, 239, 264, 280, 321, 342, 343, 344, 345, 346, 349, 351, 352, 355, 357, 359, 364, 368, 371, 372, 373, 374, 376, 377, 387, 392, 393, 403, 409, 411, 414, 424, 430, 449, 454, 470, 480, 560, 584, 643, 685, 703, 724, 739, 779, 798, 799, 800, 801, 804, 806, 807, 810, 812, 814, 816, 821, 822, 823, 824, 826, 827, 837, 842, 843, 852, 859, 862, 865, 869, 876, 882, 897, 901, 917, 932]","[1, 13, 14, 29, 54, 55, 56, 57, 58, 60, 102, 118, 125, 127, 130, 134, 146, 149, 153, 175, 182, 187, 189, 191, 197, 225, 230, 238, 264, 265, 266, 286, 301, 302, 317, 336, 354, 379, 388, 389, 425, 454, 458, 463, 475, 476, 487, 498, 499, 512, 530, 531, 532, 533, 534, 536, 573, 589, 596, 598, 601, 605, 617, 620, 624, 646, 653, 658, 660, 662, 668, 689, 694, 702, 724, 725, 745, 760, 775, 793, 809, 829, 838, 839, 877, 901, 903, 905, 910, 923, 924, 925]","[1, 13, 14, 29, 54, 55, 56, 57, 58, 60, 102, 118, 125, 127, 130, 134, 146, 149, 153, 175, 182, 187, 189, 191, 197, 225, 230, 238, 264, 265, 266, 286, 302, 317, 336, 379, 388, 389, 425, 454, 458, 463, 475, 487, 498, 499, 512, 530, 531, 532, 533, 534, 536, 573, 589, 596, 598, 601, 605, 617, 620, 624, 646, 653, 658, 660, 662, 668, 689, 694, 702, 724, 725, 745, 760, 775, 793, 829, 838, 839, 877, 901, 903, 905, 910, 923]",0/6 successful match,False,,False,53,False,,1.0,True,TA Ft . Bridger # 188 ( Shell ),Shell
"Lyman , 82937 Gas - N - Go # 15",307-786-2264 I-80 Exit 41,M L,Lyman,82937,Gas - N - Go # 15,307-786-2264,2006,Lyman,WY,,,I-80 Exit 41,Exit,41,False,,False,I-80,,,,,[],[],[],[],[],"[89, 108, 172, 217, 221, 239, 264, 280, 321, 342, 343, 344, 345, 346, 349, 351, 352, 355, 357, 359, 364, 368, 371, 372, 373, 374, 376, 377, 387, 392, 393, 403, 409, 411, 414, 424, 430, 449, 454, 470, 480, 560, 584, 643, 685, 703, 724, 739, 779, 798, 799, 800, 801, 804, 806, 807, 810, 812, 814, 816, 821, 822, 823, 824, 826, 827, 837, 842, 843, 852, 859, 862, 865, 869, 876, 882, 897, 901, 917, 932]",[],"[284, 285, 743, 744]","[560, 584, 89, 108, 643, 172, 685, 703, 724, 217, 221, 739, 743, 744, 239, 264, 779, 280, 284, 285, 798, 799, 800, 801, 804, 806, 807, 810, 812, 814, 816, 821, 822, 823, 824, 826, 827, 321, 837, 842, 843, 852, 342, 343, 344, 345, 346, 859, 349, 862, 351, 352, 865, 355, 357, 869, 359, 364, 876, 368, 882, 371, 372, 373, 374, 376, 377, 897, 387, 901, 392, 393, 403, 917, 409, 411, 414, 932, 424, 430, 449, 454, 470, 480]",False,[],[],[],[],"[89, 108, 172, 217, 221, 239, 264, 280, 321, 342, 343, 344, 345, 346, 349, 351, 352, 355, 357, 359, 364, 368, 371, 372, 373, 374, 376, 377, 387, 392, 393, 403, 409, 411, 414, 424, 430, 449, 454, 470, 480, 560, 584, 643, 685, 703, 724, 739, 779, 798, 799, 800, 801, 804, 806, 807, 810, 812, 814, 816, 821, 822, 823, 824, 826, 827, 837, 842, 843, 852, 859, 862, 865, 869, 876, 882, 897, 901, 917, 932]","[284, 285, 743, 744]",[],0/6 successful match,False,,False,54,False,,,,,
"Lyman , 82937 Gas - N - Go # 15",307-786-2264 I-80 Exit 41,24 HRS,Lyman,82937,Gas - N - Go # 15,307-786-2264,2007,Lyman,WY,,,I-80 Exit 41,Exit,41,False,,False,I-80,,,,,[],[],[],[],[],"[89, 108, 172, 217, 221, 239, 264, 280, 321, 342, 343, 344, 345, 346, 349, 351, 352, 355, 357, 359, 364, 368, 371, 372, 373, 374, 376, 377, 387, 392, 393, 403, 409, 411, 414, 424, 430, 449, 454, 470, 480, 560, 584, 643, 685, 703, 724, 739, 779, 798, 799, 800, 801, 804, 806, 807, 810, 812, 814, 816, 821, 822, 823, 824, 826, 827, 837, 842, 843, 852, 859, 862, 865, 869, 876, 882, 897, 901, 917, 932]",[],"[284, 285, 743, 744]","[560, 584, 89, 108, 643, 172, 685, 703, 724, 217, 221, 739, 743, 744, 239, 264, 779, 280, 284, 285, 798, 799, 800, 801, 804, 806, 807, 810, 812, 814, 816, 821, 822, 823, 824, 826, 827, 321, 837, 842, 843, 852, 342, 343, 344, 345, 346, 859, 349, 862, 351, 352, 865, 355, 357, 869, 359, 364, 876, 368, 882, 371, 372, 373, 374, 376, 377, 897, 387, 901, 392, 393, 403, 917, 409, 411, 414, 932, 424, 430, 449, 454, 470, 480]",False,[],[],[],[],"[89, 108, 172, 217, 221, 239, 264, 280, 321, 342, 343, 344, 345, 346, 349, 351, 352, 355, 357, 359, 364, 368, 371, 372, 373, 374, 376, 377, 387, 392, 393, 403, 409, 411, 414, 424, 430, 449, 454, 470, 480, 560, 584, 643, 685, 703, 724, 739, 779, 798, 799, 800, 801, 804, 806, 807, 810, 812, 814, 816, 821, 822, 823, 824, 826, 827, 837, 842, 843, 852, 859, 862, 865, 869, 876, 882, 897, 901, 917, 932]","[284, 285, 743, 744]",[],0/6 successful match,False,,False,54,False,,0.8999999999999999,True,Gas - N - Go # 15,
"Lyman , 82937 Gas - N - Go # 15",3 307-786-2264 I-80 Exit 41,FRS 24 <U+25A1> L <U+2610>,Lyman,82937,Gas - N - Go # 15,307-786-2264,2008,Lyman,WY,,,I-80 Exit 41,Exit,41,False,,False,I-80,,,,,[],[],[],[],[],"[89, 108, 172, 217, 221, 239, 264, 280, 321, 342, 343, 344, 345, 346, 349, 351, 352, 355, 357, 359, 364, 368, 371, 372, 373, 374, 376, 377, 387, 392, 393, 403, 409, 411, 414, 424, 430, 449, 454, 470, 480, 560, 584, 643, 685, 703, 724, 739, 779, 798, 799, 800, 801, 804, 806, 807, 810, 812, 814, 816, 821, 822, 823, 824, 826, 827, 837, 842, 843, 852, 859, 862, 865, 869, 876, 882, 897, 901, 917, 932]",[],"[284, 285, 743, 744]","[560, 584, 89, 108, 643, 172, 685, 703, 724, 217, 221, 739, 743, 744, 239, 264, 779, 280, 284, 285, 798, 799, 800, 801, 804, 806, 807, 810, 812, 814, 816, 821, 822, 823, 824, 826, 827, 321, 837, 842, 843, 852, 342, 343, 344, 345, 346, 859, 349, 862, 351, 352, 865, 355, 357, 869, 359, 364, 876, 368, 882, 371, 372, 373, 374, 376, 377, 897, 387, 901, 392, 393, 403, 917, 409, 411, 414, 932, 424, 430, 449, 454, 470, 480]",False,[],[],[],[],"[89, 108, 172, 217, 221, 239, 264, 280, 321, 342, 343, 344, 345, 346, 349, 351, 352, 355, 357, 359, 364, 368, 371, 372, 373, 374, 376, 377, 387, 392, 393, 403, 409, 411, 414, 424, 430, 449, 454, 470, 480, 560, 584, 643, 685, 703, 724, 739, 779, 798, 799, 800, 801, 804, 806, 807, 810, 812, 814, 816, 821, 822, 823, 824, 826, 827, 837, 842, 843, 852, 859, 862, 865, 869, 876, 882, 897, 901, 917, 932]","[284, 285, 743, 744]",[],0/6 successful match,False,,False,54,False,,0.8999999999999999,True,Gas - N - Go # 15,
Lyman ( 82937 ) Gas - N - Go # 15,3 307-786-2264 I-80 Exit 41,24 HIS BL <U+2610>,Lyman,82937,Gas - N - Go # 15,307-786-2264,2014,Lyman,WY,,,I-80 Exit 41,Exit,41,False,,False,I-80,,,,,[],[],[],[],[],"[89, 108, 172, 217, 221, 239, 264, 280, 321, 342, 343, 344, 345, 346, 349, 351, 352, 355, 357, 359, 364, 368, 371, 372, 373, 374, 376, 377, 387, 392, 393, 403, 409, 411, 414, 424, 430, 449, 454, 470, 480, 560, 584, 643, 685, 703, 724, 739, 779, 798, 799, 800, 801, 804, 806, 807, 810, 812, 814, 816, 821, 822, 823, 824, 826, 827, 837, 842, 843, 852, 859, 862, 865, 869, 876, 882, 897, 901, 917, 932]",[],"[284, 285, 743, 744]","[560, 584, 89, 108, 643, 172, 685, 703, 724, 217, 221, 739, 743, 744, 239, 264, 779, 280, 284, 285, 798, 799, 800, 801, 804, 806, 807, 810, 812, 814, 816, 821, 822, 823, 824, 826, 827, 321, 837, 842, 843, 852, 342, 343, 344, 345, 346, 859, 349, 862, 351, 352, 865, 355, 357, 869, 359, 364, 876, 368, 882, 371, 372, 373, 374, 376, 377, 897, 387, 901, 392, 393, 403, 917, 409, 411, 414, 932, 424, 430, 449, 454, 470, 480]",False,[],[],[],[],"[89, 108, 172, 217, 221, 239, 264, 280, 321, 342, 343, 344, 345, 346, 349, 351, 352, 355, 357, 359, 364, 368, 371, 372, 373, 374, 376, 377, 387, 392, 393, 403, 409, 411, 414, 424, 430, 449, 454, 470, 480, 560, 584, 643, 685, 703, 724, 739, 779, 798, 799, 800, 801, 804, 806, 807, 810, 812, 814, 816, 821, 822, 823, 824, 826, 827, 837, 842, 843, 852, 859, 862, 865, 869, 876, 882, 897, 901, 917, 932]","[284, 285, 743, 744]",[],0/6 successful match,False,,False,54,False,,0.8999999999999999,True,Gas - N - Go # 15,
Lyman ( 82937 ) Gas - N - Go # 15 ),307-786-2264 I-80 Exit 41,NATSN 24 L <U+2610>,Lyman,82937,Gas - N - Go # 15 ),307-786-2264,2015,Lyman,WY,,,I-80 Exit 41,Exit,41,False,,False,I-80,,,,,[],[],[],[],[],"[89, 108, 172, 217, 221, 239, 264, 280, 321, 342, 343, 344, 345, 346, 349, 351, 352, 355, 357, 359, 364, 368, 371, 372, 373, 374, 376, 377, 387, 392, 393, 403, 409, 411, 414, 424, 430, 449, 454, 470, 480, 560, 584, 643, 685, 703, 724, 739, 779, 798, 799, 800, 801, 804, 806, 807, 810, 812, 814, 816, 821, 822, 823, 824, 826, 827, 837, 842, 843, 852, 859, 862, 865, 869, 876, 882, 897, 901, 917, 932]",[],"[284, 285, 743, 744]","[560, 584, 89, 108, 643, 172, 685, 703, 724, 217, 221, 739, 743, 744, 239, 264, 779, 280, 284, 285, 798, 799, 800, 801, 804, 806, 807, 810, 812, 814, 816, 821, 822, 823, 824, 826, 827, 321, 837, 842, 843, 852, 342, 343, 344, 345, 346, 859, 349, 862, 351, 352, 865, 355, 357, 869, 359, 364, 876, 368, 882, 371, 372, 373, 374, 376, 377, 897, 387, 901, 392, 393, 403, 917, 409, 411, 414, 932, 424, 430, 449, 454, 470, 480]",False,[],[],[],[],"[89, 108, 172, 217, 221, 239, 264, 280, 321, 342, 343, 344, 345, 346, 349, 351, 352, 355, 357, 359, 364, 368, 371, 372, 373, 374, 376, 377, 387, 392, 393, 403, 409, 411, 414, 424, 430, 449, 454, 470, 480, 560, 584, 643, 685, 703, 724, 739, 779, 798, 799, 800, 801, 804, 806, 807, 810, 812, 814, 816, 821, 822, 823, 824, 826, 827, 837, 842, 843, 852, 859, 862, 865, 869, 876, 882, 897, 901, 917, 932]","[284, 285, 743, 744]",[],0/6 successful match,False,,False,54,False,,0.8833333333333333,True,Gas - N - Go # 15,
Lyman ( 82937 ) Gas - N - Go # 15,3 307-786-2264 I-80 Exit 41,24 L <U+2610> <U+2610>,Lyman,82937,Gas - N - Go # 15,307-786-2264,2016,Lyman,WY,,,I-80 Exit 41,Exit,41,False,,False,I-80,,,,,[],[],[],[],[],"[89, 108, 172, 217, 221, 239, 264, 280, 321, 342, 343, 344, 345, 346, 349, 351, 352, 355, 357, 359, 364, 368, 371, 372, 373, 374, 376, 377, 387, 392, 393, 403, 409, 411, 414, 424, 430, 449, 454, 470, 480, 560, 584, 643, 685, 703, 724, 739, 779, 798, 799, 800, 801, 804, 806, 807, 810, 812, 814, 816, 821, 822, 823, 824, 826, 827, 837, 842, 843, 852, 859, 862, 865, 869, 876, 882, 897, 901, 917, 932]",[],"[284, 285, 743, 744]","[560, 584, 89, 108, 643, 172, 685, 703, 724, 217, 221, 739, 743, 744, 239, 264, 779, 280, 284, 285, 798, 799, 800, 801, 804, 806, 807, 810, 812, 814, 816, 821, 822, 823, 824, 826, 827, 321, 837, 842, 843, 852, 342, 343, 344, 345, 346, 859, 349, 862, 351, 352, 865, 355, 357, 869, 359, 364, 876, 368, 882, 371, 372, 373, 374, 376, 377, 897, 387, 901, 392, 393, 403, 917, 409, 411, 414, 932, 424, 430, 449, 454, 470, 480]",False,[],[],[],[],"[89, 108, 172, 217, 221, 239, 264, 280, 321, 342, 343, 344, 345, 346, 349, 351, 352, 355, 357, 359, 364, 368, 371, 372, 373, 374, 376, 377, 387, 392, 393, 403, 409, 411, 414, 424, 430, 449, 454, 470, 480, 560, 584, 643, 685, 703, 724, 739, 779, 798, 799, 800, 801, 804, 806, 807, 810, 812, 814, 816, 821, 822, 823, 824, 826, 827, 837, 842, 843, 852, 859, 862, 865, 869, 876, 882, 897, 901, 917, 932]","[284, 285, 743, 744]",[],0/6 successful match,False,,False,54,False,,0.8833333333333333,True,Gas - N - Go # 15 ),
"Jackson , 83001 Shervin's Independent Oil ( Sinclair )",307-733-3793 400 US 89 S,,Jackson,83001,Shervin's Independent Oil ( Sinclair ),307-733-3793,2006,Jackson,WY,Sinclair,,400 US 89 S,Proper,,False,,False,US 89,,,,,[],[],[],[],[],"[3, 15, 29, 91, 427, 444, 463, 489, 500, 512, 562, 879, 894, 910]","[31, 142, 147, 180, 338, 352, 367, 387, 403, 405, 408, 410, 455, 465, 466, 468, 470, 472, 473, 483, 484, 514, 613, 618, 651, 794, 807, 837, 852, 854, 858, 861, 902, 912, 913, 915, 917, 919, 920, 931, 934, 935]","[4, 31, 59, 135, 142, 147, 180, 218, 229, 232, 264, 269, 299, 318, 320, 331, 338, 352, 367, 382, 387, 403, 405, 408, 410, 455, 463, 465, 466, 468, 470, 472, 473, 483, 484, 490, 514, 535, 606, 613, 618, 651, 686, 693, 696, 724, 728, 758, 776, 778, 788, 794, 807, 832, 837, 852, 854, 858, 860, 861, 902, 910, 912, 913, 915, 917, 919, 920, 931, 934, 935]","[512, 514, 3, 4, 15, 535, 29, 31, 562, 59, 91, 606, 613, 618, 135, 651, 142, 147, 686, 180, 693, 696, 724, 728, 218, 229, 232, 758, 264, 776, 778, 269, 788, 794, 807, 299, 318, 320, 832, 837, 331, 338, 852, 854, 858, 860, 861, 352, 879, 367, 382, 894, 387, 902, 910, 912, 913, 403, 915, 405, 917, 919, 408, 920, 410, 931, 934, 935, 427, 444, 455, 463, 465, 466, 468, 470, 472, 473, 483, 484, 489, 490, 500]",False,[],[],[],[],"[3, 15, 29, 91, 427, 444, 463, 489, 500, 512, 562, 879, 894, 910]","[4, 31, 59, 135, 142, 147, 180, 218, 229, 232, 264, 269, 299, 318, 320, 331, 338, 352, 367, 382, 387, 403, 405, 408, 410, 455, 463, 465, 466, 468, 470, 472, 473, 483, 484, 490, 514, 535, 606, 613, 618, 651, 686, 693, 696, 724, 728, 758, 776, 778, 788, 794, 807, 832, 837, 852, 854, 858, 860, 861, 902, 910, 912, 913, 915, 917, 919, 920, 931, 934, 935]","[31, 142, 147, 180, 338, 352, 367, 387, 403, 405, 408, 410, 455, 465, 466, 468, 470, 472, 473, 483, 484, 514, 613, 618, 651, 794, 807, 837, 852, 854, 858, 861, 902, 912, 913, 915, 917, 919, 920, 931, 934, 935]",0/6 successful match,False,,False,55,False,,,,,
"Jackson , 83001 Shervin's Independent Oil ( Sinclair )",307-733-3793 400 US 89 S,,Jackson,83001,Shervin's Independent Oil ( Sinclair ),307-733-3793,2007,Jackson,WY,Sinclair,,400 US 89 S,Proper,,False,,False,US 89,,,,,[],[],[],[],[],"[3, 15, 29, 91, 427, 444, 463, 489, 500, 512, 562, 879, 894, 910]","[31, 142, 147, 180, 338, 352, 367, 387, 403, 405, 408, 410, 455, 465, 466, 468, 470, 472, 473, 483, 484, 514, 613, 618, 651, 794, 807, 837, 852, 854, 858, 861, 902, 912, 913, 915, 917, 919, 920, 931, 934, 935]","[4, 31, 59, 135, 142, 147, 180, 218, 229, 232, 264, 269, 299, 318, 320, 331, 338, 352, 367, 382, 387, 403, 405, 408, 410, 455, 463, 465, 466, 468, 470, 472, 473, 483, 484, 490, 514, 535, 606, 613, 618, 651, 686, 693, 696, 724, 728, 758, 776, 778, 788, 794, 807, 832, 837, 852, 854, 858, 860, 861, 902, 910, 912, 913, 915, 917, 919, 920, 931, 934, 935]","[512, 514, 3, 4, 15, 535, 29, 31, 562, 59, 91, 606, 613, 618, 135, 651, 142, 147, 686, 180, 693, 696, 724, 728, 218, 229, 232, 758, 264, 776, 778, 269, 788, 794, 807, 299, 318, 320, 832, 837, 331, 338, 852, 854, 858, 860, 861, 352, 879, 367, 382, 894, 387, 902, 910, 912, 913, 403, 915, 405, 917, 919, 408, 920, 410, 931, 934, 935, 427, 444, 455, 463, 465, 466, 468, 470, 472, 473, 483, 484, 489, 490, 500]",False,[],[],[],[],"[3, 15, 29, 91, 427, 444, 463, 489, 500, 512, 562, 879, 894, 910]","[4, 31, 59, 135, 142, 147, 180, 218, 229, 232, 264, 269, 299, 318, 320, 331, 338, 352, 367, 382, 387, 403, 405, 408, 410, 455, 463, 465, 466, 468, 470, 472, 473, 483, 484, 490, 514, 535, 606, 613, 618, 651, 686, 693, 696, 724, 728, 758, 776, 778, 788, 794, 807, 832, 837, 852, 854, 858, 860, 861, 902, 910, 912, 913, 915, 917, 919, 920, 931, 934, 935]","[31, 142, 147, 180, 338, 352, 367, 387, 403, 405, 408, 410, 455, 465, 466, 468, 470, 472, 473, 483, 484, 514, 613, 618, 651, 794, 807, 837, 852, 854, 858, 861, 902, 912, 913, 915, 917, 919, 920, 931, 934, 935]",0/6 successful match,False,,False,55,False,,1.0,True,Shervin's Independent Oil ( Sinclair ),Sinclair
"Jackson , 83001 Shervin's Independent Oil (",3 307-733-3793 400 US 89 S Sinclair ),<U+25A1> <U+25A1>,Jackson,83001,Shervin's Independent Oil (,307-733-3793,2008,Jackson,WY,,,400 US 89 S Sinclair ,Proper,,False,,False,US 89,,,,,[],[],[],[],[],"[3, 15, 29, 91, 427, 444, 463, 489, 500, 512, 562, 879, 894, 910]",[],"[4, 31, 59, 135, 142, 147, 180, 218, 229, 232, 264, 269, 299, 318, 320, 331, 338, 352, 367, 382, 387, 403, 405, 408, 410, 455, 463, 465, 466, 468, 470, 472, 473, 483, 484, 490, 514, 535, 606, 613, 618, 651, 686, 693, 696, 724, 728, 758, 776, 778, 788, 794, 807, 832, 837, 852, 854, 858, 860, 861, 902, 910, 912, 913, 915, 917, 919, 920, 931, 934, 935]","[512, 514, 3, 4, 15, 535, 29, 31, 562, 59, 91, 606, 613, 618, 135, 651, 142, 147, 686, 180, 693, 696, 724, 728, 218, 229, 232, 758, 264, 776, 778, 269, 788, 794, 807, 299, 318, 320, 832, 837, 331, 338, 852, 854, 858, 860, 861, 352, 879, 367, 382, 894, 387, 902, 910, 912, 913, 403, 915, 405, 917, 919, 408, 920, 410, 931, 934, 935, 427, 444, 455, 463, 465, 466, 468, 470, 472, 473, 483, 484, 489, 490, 500]",False,[],[],[],[],"[3, 15, 29, 91, 427, 444, 463, 489, 500, 512, 562, 879, 894, 910]","[4, 31, 59, 135, 142, 147, 180, 218, 229, 232, 264, 269, 299, 318, 320, 331, 338, 352, 367, 382, 387, 403, 405, 408, 410, 455, 463, 465, 466, 468, 470, 472, 473, 483, 484, 490, 514, 535, 606, 613, 618, 651, 686, 693, 696, 724, 728, 758, 776, 778, 788, 794, 807, 832, 837, 852, 854, 858, 860, 861, 902, 910, 912, 913, 915, 917, 919, 920, 931, 934, 935]",[],0/6 successful match,False,,False,55,False,,1.0,True,Shervin's Independent Oil ( Sinclair ),Sinclair
Jackson ( 83001 ) Shervin's Sinclair,3 307-733-3793 400 US 89 S,D D,Jackson,83001,Shervin's Sinclair,307-733-3793,2014,Jackson,WY,Sinclair,,400 US 89 S,Proper,,False,,False,US 89,,,,,[],[],[],[],[],"[3, 15, 29, 91, 427, 444, 463, 489, 500, 512, 562, 879, 894, 910]","[31, 142, 147, 180, 338, 352, 367, 387, 403, 405, 408, 410, 455, 465, 466, 468, 470, 472, 473, 483, 484, 514, 613, 618, 651, 794, 807, 837, 852, 854, 858, 861, 902, 912, 913, 915, 917, 919, 920, 931, 934, 935]","[31, 142, 147, 180, 338, 352, 367, 387, 403, 405, 408, 410, 455, 465, 466, 468, 470, 472, 473, 483, 484, 514, 613, 618, 651, 794, 807, 837, 852, 854, 858, 861, 902, 912, 913, 915, 917, 919, 920, 931, 934, 935]","[512, 514, 3, 387, 902, 651, 910, 15, 142, 912, 913, 147, 403, 405, 915, 917, 408, 919, 410, 794, 920, 29, 31, 931, 934, 807, 935, 427, 562, 180, 444, 837, 455, 463, 465, 338, 466, 468, 852, 470, 854, 472, 473, 858, 91, 861, 352, 483, 484, 613, 489, 618, 879, 367, 500, 894]",False,[],[],[],[],"[3, 15, 29, 91, 427, 444, 463, 489, 500, 512, 562, 879, 894, 910]","[31, 142, 147, 180, 338, 352, 367, 387, 403, 405, 408, 410, 455, 465, 466, 468, 470, 472, 473, 483, 484, 514, 613, 618, 651, 794, 807, 837, 852, 854, 858, 861, 902, 912, 913, 915, 917, 919, 920, 931, 934, 935]","[31, 142, 147, 180, 338, 352, 367, 387, 403, 405, 408, 410, 455, 465, 466, 468, 470, 472, 473, 483, 484, 514, 613, 618, 651, 794, 807, 837, 852, 854, 858, 861, 902, 912, 913, 915, 917, 919, 920, 931, 934, 935]",0/6 successful match,False,,False,55,False,,0.47333333333333333,True,Shervin's Independent Oil (,
Jackson ( 83001 ) Shervin's Sinclair,307-733-3793 400 US 89 S,D,Jackson,83001,Shervin's Sinclair,307-733-3793,2015,Jackson,WY,Sinclair,,400 US 89 S,Proper,,False,,False,US 89,,,,,[],[],[],[],[],"[3, 15, 29, 91, 427, 444, 463, 489, 500, 512, 562, 879, 894, 910]","[31, 142, 147, 180, 338, 352, 367, 387, 403, 405, 408, 410, 455, 465, 466, 468, 470, 472, 473, 483, 484, 514, 613, 618, 651, 794, 807, 837, 852, 854, 858, 861, 902, 912, 913, 915, 917, 919, 920, 931, 934, 935]","[31, 142, 147, 180, 338, 352, 367, 387, 403, 405, 408, 410, 455, 465, 466, 468, 470, 472, 473, 483, 484, 514, 613, 618, 651, 794, 807, 837, 852, 854, 858, 861, 902, 912, 913, 915, 917, 919, 920, 931, 934, 935]","[512, 514, 3, 387, 902, 651, 910, 15, 142, 912, 913, 147, 403, 405, 915, 917, 408, 919, 410, 794, 920, 29, 31, 931, 934, 807, 935, 427, 562, 180, 444, 837, 455, 463, 465, 338, 466, 468, 852, 470, 854, 472, 473, 858, 91, 861, 352, 483, 484, 613, 489, 618, 879, 367, 500, 894]",False,[],[],[],[],"[3, 15, 29, 91, 427, 444, 463, 489, 500, 512, 562, 879, 894, 910]","[31, 142, 147, 180, 338, 352, 367, 387, 403, 405, 408, 410, 455, 465, 466, 468, 470, 472, 473, 483, 484, 514, 613, 618, 651, 794, 807, 837, 852, 854, 858, 861, 902, 912, 913, 915, 917, 919, 920, 931, 934, 935]","[31, 142, 147, 180, 338, 352, 367, 387, 403, 405, 408, 410, 455, 465, 466, 468, 470, 472, 473, 483, 484, 514, 613, 618, 651, 794, 807, 837, 852, 854, 858, 861, 902, 912, 913, 915, 917, 919, 920, 931, 934, 935]",0/6 successful match,False,,False,55,False,,1.0,True,Shervin's Sinclair,Sinclair
Jackson ( 83001 ) Shervin's Sinclair,13 307-733-3793 400 US 89 S,<U+25A1>,Jackson,83001,Shervin's Sinclair,307-733-3793,2016,Jackson,WY,Sinclair,,400 US 89 S,Proper,,False,,False,US 89,,,,,[],[],[],[],[],"[3, 15, 29, 91, 427, 444, 463, 489, 500, 512, 562, 879, 894, 910]","[31, 142, 147, 180, 338, 352, 367, 387, 403, 405, 408, 410, 455, 465, 466, 468, 470, 472, 473, 483, 484, 514, 613, 618, 651, 794, 807, 837, 852, 854, 858, 861, 902, 912, 913, 915, 917, 919, 920, 931, 934, 935]","[31, 142, 147, 180, 338, 352, 367, 387, 403, 405, 408, 410, 455, 465, 466, 468, 470, 472, 473, 483, 484, 514, 613, 618, 651, 794, 807, 837, 852, 854, 858, 861, 902, 912, 913, 915, 917, 919, 920, 931, 934, 935]","[512, 514, 3, 387, 902, 651, 910, 15, 142, 912, 913, 147, 403, 405, 915, 917, 408, 919, 410, 794, 920, 29, 31, 931, 934, 807, 935, 427, 562, 180, 444, 837, 455, 463, 465, 338, 466, 468, 852, 470, 854, 472, 473, 858, 91, 861, 352, 483, 484, 613, 489, 618, 879, 367, 500, 894]",False,[],[],[],[],"[3, 15, 29, 91, 427, 444, 463, 489, 500, 512, 562, 879, 894, 910]","[31, 142, 147, 180, 338, 352, 367, 387, 403, 405, 408, 410, 455, 465, 466, 468, 470, 472, 473, 483, 484, 514, 613, 618, 651, 794, 807, 837, 852, 854, 858, 861, 902, 912, 913, 915, 917, 919, 920, 931, 934, 935]","[31, 142, 147, 180, 338, 352, 367, 387, 403, 405, 408, 410, 455, 465, 466, 468, 470, 472, 473, 483, 484, 514, 613, 618, 651, 794, 807, 837, 852, 854, 858, 861, 902, 912, 913, 915, 917, 919, 920, 931, 934, 935]",0/6 successful match,False,,False,55,False,,1.0,True,Shervin's Sinclair,Sinclair
"E Cokeville , 83114 Flying J Travel Plaza # 0500022",307-279-3050 10501 US 30 & WY 232,24,Cokeville,83114,Flying J Travel Plaza # 0500022,307-279-3050,2006,Cokeville,WY,Flying J,,10501 US 30 & WY 232,Proper,,False,,False,US 30,WY 232,,,,[],[],[],[],[],"[436, 439, 887, 890, 927]","[17, 18, 19, 20, 21, 22, 23, 156, 157, 158, 159, 160, 161, 162, 163, 164, 165, 166, 167, 341, 342, 343, 344, 345, 412, 413, 414, 415, 416, 417, 418, 419, 420, 421, 422, 502, 503, 504, 505, 506, 507, 628, 629, 630, 631, 632, 633, 634, 635, 636, 637, 638, 639, 792, 797, 798, 799, 800, 801, 863, 864, 865, 866, 867, 868, 869, 870, 871, 872, 873, 874]","[17, 18, 19, 20, 21, 22, 23, 156, 157, 158, 159, 160, 161, 162, 163, 164, 165, 166, 167, 168, 340, 341, 342, 343, 344, 345, 346, 412, 413, 414, 415, 416, 417, 418, 419, 420, 421, 422, 502, 503, 504, 505, 506, 507, 628, 629, 630, 631, 632, 633, 634, 635, 636, 637, 638, 639, 792, 796, 797, 798, 799, 800, 801, 863, 864, 865, 866, 867, 868, 869, 870, 871, 872, 873, 874]","[17, 18, 19, 20, 21, 22, 23, 628, 629, 630, 631, 632, 633, 634, 635, 636, 637, 638, 639, 156, 157, 158, 159, 160, 161, 162, 163, 164, 165, 166, 167, 168, 792, 796, 797, 798, 799, 800, 801, 340, 341, 342, 343, 344, 345, 346, 863, 864, 865, 866, 867, 868, 869, 870, 871, 872, 873, 874, 887, 890, 412, 413, 414, 927, 415, 416, 418, 419, 420, 417, 422, 421, 436, 439, 502, 503, 504, 505, 506, 507]",False,[],[],[],[],"[436, 439, 887, 890, 927]","[17, 18, 19, 20, 21, 22, 23, 156, 157, 158, 159, 160, 161, 162, 163, 164, 165, 166, 167, 168, 340, 341, 342, 343, 344, 345, 346, 412, 413, 414, 415, 416, 417, 418, 419, 420, 421, 422, 502, 503, 504, 505, 506, 507, 628, 629, 630, 631, 632, 633, 634, 635, 636, 637, 638, 639, 792, 796, 797, 798, 799, 800, 801, 863, 864, 865, 866, 867, 868, 869, 870, 871, 872, 873, 874]","[17, 18, 19, 20, 21, 22, 23, 156, 157, 158, 159, 160, 161, 162, 163, 164, 165, 166, 167, 341, 342, 343, 344, 345, 412, 413, 414, 415, 416, 417, 418, 419, 420, 421, 422, 502, 503, 504, 505, 506, 507, 628, 629, 630, 631, 632, 633, 634, 635, 636, 637, 638, 639, 792, 797, 798, 799, 800, 801, 863, 864, 865, 866, 867, 868, 869, 870, 871, 872, 873, 874]",0/6 successful match,False,,False,56,False,,,,,
"E Cokeville , 83114 Flying J Travel Plaza # 0500022",307-279-3050 10501 US 30 & WY 232,24 481 M,Cokeville,83114,Flying J Travel Plaza # 0500022,307-279-3050,2007,Cokeville,WY,Flying J,,10501 US 30 & WY 232,Proper,,False,,False,US 30,WY 232,,,,[],[],[],[],[],"[436, 439, 887, 890, 927]","[17, 18, 19, 20, 21, 22, 23, 156, 157, 158, 159, 160, 161, 162, 163, 164, 165, 166, 167, 341, 342, 343, 344, 345, 412, 413, 414, 415, 416, 417, 418, 419, 420, 421, 422, 502, 503, 504, 505, 506, 507, 628, 629, 630, 631, 632, 633, 634, 635, 636, 637, 638, 639, 792, 797, 798, 799, 800, 801, 863, 864, 865, 866, 867, 868, 869, 870, 871, 872, 873, 874]","[17, 18, 19, 20, 21, 22, 23, 156, 157, 158, 159, 160, 161, 162, 163, 164, 165, 166, 167, 168, 340, 341, 342, 343, 344, 345, 346, 412, 413, 414, 415, 416, 417, 418, 419, 420, 421, 422, 502, 503, 504, 505, 506, 507, 628, 629, 630, 631, 632, 633, 634, 635, 636, 637, 638, 639, 792, 796, 797, 798, 799, 800, 801, 863, 864, 865, 866, 867, 868, 869, 870, 871, 872, 873, 874]","[17, 18, 19, 20, 21, 22, 23, 628, 629, 630, 631, 632, 633, 634, 635, 636, 637, 638, 639, 156, 157, 158, 159, 160, 161, 162, 163, 164, 165, 166, 167, 168, 792, 796, 797, 798, 799, 800, 801, 340, 341, 342, 343, 344, 345, 346, 863, 864, 865, 866, 867, 868, 869, 870, 871, 872, 873, 874, 887, 890, 412, 413, 414, 927, 415, 416, 418, 419, 420, 417, 422, 421, 436, 439, 502, 503, 504, 505, 506, 507]",False,[],[],[],[],"[436, 439, 887, 890, 927]","[17, 18, 19, 20, 21, 22, 23, 156, 157, 158, 159, 160, 161, 162, 163, 164, 165, 166, 167, 168, 340, 341, 342, 343, 344, 345, 346, 412, 413, 414, 415, 416, 417, 418, 419, 420, 421, 422, 502, 503, 504, 505, 506, 507, 628, 629, 630, 631, 632, 633, 634, 635, 636, 637, 638, 639, 792, 796, 797, 798, 799, 800, 801, 863, 864, 865, 866, 867, 868, 869, 870, 871, 872, 873, 874]","[17, 18, 19, 20, 21, 22, 23, 156, 157, 158, 159, 160, 161, 162, 163, 164, 165, 166, 167, 341, 342, 343, 344, 345, 412, 413, 414, 415, 416, 417, 418, 419, 420, 421, 422, 502, 503, 504, 505, 506, 507, 628, 629, 630, 631, 632, 633, 634, 635, 636, 637, 638, 639, 792, 797, 798, 799, 800, 801, 863, 864, 865, 866, 867, 868, 869, 870, 871, 872, 873, 874]",0/6 successful match,False,,False,56,False,,1.0,True,Flying J Travel Plaza # 0500022,Flying J
"E Cokeville , 83114 Flying J Travel Plaza # 0500022",3 307-279-3050 10501 US 30 & WY 232,24 38 <U+2610> 24 HRS,Cokeville,83114,Flying J Travel Plaza # 0500022,307-279-3050,2008,Cokeville,WY,Flying J,,10501 US 30 & WY 232,Proper,,False,,False,US 30,WY 232,,,,[],[],[],[],[],"[436, 439, 887, 890, 927]","[17, 18, 19, 20, 21, 22, 23, 156, 157, 158, 159, 160, 161, 162, 163, 164, 165, 166, 167, 341, 342, 343, 344, 345, 412, 413, 414, 415, 416, 417, 418, 419, 420, 421, 422, 502, 503, 504, 505, 506, 507, 628, 629, 630, 631, 632, 633, 634, 635, 636, 637, 638, 639, 792, 797, 798, 799, 800, 801, 863, 864, 865, 866, 867, 868, 869, 870, 871, 872, 873, 874]","[17, 18, 19, 20, 21, 22, 23, 156, 157, 158, 159, 160, 161, 162, 163, 164, 165, 166, 167, 168, 340, 341, 342, 343, 344, 345, 346, 412, 413, 414, 415, 416, 417, 418, 419, 420, 421, 422, 502, 503, 504, 505, 506, 507, 628, 629, 630, 631, 632, 633, 634, 635, 636, 637, 638, 639, 792, 796, 797, 798, 799, 800, 801, 863, 864, 865, 866, 867, 868, 869, 870, 871, 872, 873, 874]","[17, 18, 19, 20, 21, 22, 23, 628, 629, 630, 631, 632, 633, 634, 635, 636, 637, 638, 639, 156, 157, 158, 159, 160, 161, 162, 163, 164, 165, 166, 167, 168, 792, 796, 797, 798, 799, 800, 801, 340, 341, 342, 343, 344, 345, 346, 863, 864, 865, 866, 867, 868, 869, 870, 871, 872, 873, 874, 887, 890, 412, 413, 414, 927, 415, 416, 418, 419, 420, 417, 422, 421, 436, 439, 502, 503, 504, 505, 506, 507]",False,[],[],[],[],"[436, 439, 887, 890, 927]","[17, 18, 19, 20, 21, 22, 23, 156, 157, 158, 159, 160, 161, 162, 163, 164, 165, 166, 167, 168, 340, 341, 342, 343, 344, 345, 346, 412, 413, 414, 415, 416, 417, 418, 419, 420, 421, 422, 502, 503, 504, 505, 506, 507, 628, 629, 630, 631, 632, 633, 634, 635, 636, 637, 638, 639, 792, 796, 797, 798, 799, 800, 801, 863, 864, 865, 866, 867, 868, 869, 870, 871, 872, 873, 874]","[17, 18, 19, 20, 21, 22, 23, 156, 157, 158, 159, 160, 161, 162, 163, 164, 165, 166, 167, 341, 342, 343, 344, 345, 412, 413, 414, 415, 416, 417, 418, 419, 420, 421, 422, 502, 503, 504, 505, 506, 507, 628, 629, 630, 631, 632, 633, 634, 635, 636, 637, 638, 639, 792, 797, 798, 799, 800, 801, 863, 864, 865, 866, 867, 868, 869, 870, 871, 872, 873, 874]",0/6 successful match,False,,False,56,False,,1.0,True,Flying J Travel Plaza # 0500022,Flying J
Cokeville ( 83114 ) Flying J Travel Plaza # 760,3 307-279-3050 10501 US 30 & WY 232,24 LO <U+2610>,Cokeville,83114,Flying J Travel Plaza # 760,307-279-3050,2014,Cokeville,WY,Flying J,,10501 US 30 & WY 232,Proper,,False,,False,US 30,WY 232,,,,[],[],[],[],[],"[436, 439, 887, 890, 927]","[17, 18, 19, 20, 21, 22, 23, 156, 157, 158, 159, 160, 161, 162, 163, 164, 165, 166, 167, 341, 342, 343, 344, 345, 412, 413, 414, 415, 416, 417, 418, 419, 420, 421, 422, 502, 503, 504, 505, 506, 507, 628, 629, 630, 631, 632, 633, 634, 635, 636, 637, 638, 639, 792, 797, 798, 799, 800, 801, 863, 864, 865, 866, 867, 868, 869, 870, 871, 872, 873, 874]","[17, 18, 19, 20, 21, 22, 23, 156, 157, 158, 159, 160, 161, 162, 163, 164, 165, 166, 167, 168, 340, 341, 342, 343, 344, 345, 346, 412, 413, 414, 415, 416, 417, 418, 419, 420, 421, 422, 502, 503, 504, 505, 506, 507, 628, 629, 630, 631, 632, 633, 634, 635, 636, 637, 638, 639, 792, 796, 797, 798, 799, 800, 801, 863, 864, 865, 866, 867, 868, 869, 870, 871, 872, 873, 874]","[17, 18, 19, 20, 21, 22, 23, 628, 629, 630, 631, 632, 633, 634, 635, 636, 637, 638, 639, 156, 157, 158, 159, 160, 161, 162, 163, 164, 165, 166, 167, 168, 792, 796, 797, 798, 799, 800, 801, 340, 341, 342, 343, 344, 345, 346, 863, 864, 865, 866, 867, 868, 869, 870, 871, 872, 873, 874, 887, 890, 412, 413, 414, 927, 415, 416, 418, 419, 420, 417, 422, 421, 436, 439, 502, 503, 504, 505, 506, 507]",False,[],[],[],[],"[436, 439, 887, 890, 927]","[17, 18, 19, 20, 21, 22, 23, 156, 157, 158, 159, 160, 161, 162, 163, 164, 165, 166, 167, 168, 340, 341, 342, 343, 344, 345, 346, 412, 413, 414, 415, 416, 417, 418, 419, 420, 421, 422, 502, 503, 504, 505, 506, 507, 628, 629, 630, 631, 632, 633, 634, 635, 636, 637, 638, 639, 792, 796, 797, 798, 799, 800, 801, 863, 864, 865, 866, 867, 868, 869, 870, 871, 872, 873, 874]","[17, 18, 19, 20, 21, 22, 23, 156, 157, 158, 159, 160, 161, 162, 163, 164, 165, 166, 167, 341, 342, 343, 344, 345, 412, 413, 414, 415, 416, 417, 418, 419, 420, 421, 422, 502, 503, 504, 505, 506, 507, 628, 629, 630, 631, 632, 633, 634, 635, 636, 637, 638, 639, 792, 797, 798, 799, 800, 801, 863, 864, 865, 866, 867, 868, 869, 870, 871, 872, 873, 874]",0/6 successful match,False,,False,56,False,,0.5919540229885056,True,Flying J Travel Plaza # 0500022,Flying J
Cokeville ( 83114 ) Flying J Travel Plaza # 760,307-279-3050 10501 US 30 & WY 232,FLYING J 24 L,Cokeville,83114,Flying J Travel Plaza # 760,307-279-3050,2015,Cokeville,WY,Flying J,,10501 US 30 & WY 232,Proper,,False,,False,US 30,WY 232,,,,[],[],[],[],[],"[436, 439, 887, 890, 927]","[17, 18, 19, 20, 21, 22, 23, 156, 157, 158, 159, 160, 161, 162, 163, 164, 165, 166, 167, 341, 342, 343, 344, 345, 412, 413, 414, 415, 416, 417, 418, 419, 420, 421, 422, 502, 503, 504, 505, 506, 507, 628, 629, 630, 631, 632, 633, 634, 635, 636, 637, 638, 639, 792, 797, 798, 799, 800, 801, 863, 864, 865, 866, 867, 868, 869, 870, 871, 872, 873, 874]","[17, 18, 19, 20, 21, 22, 23, 156, 157, 158, 159, 160, 161, 162, 163, 164, 165, 166, 167, 168, 340, 341, 342, 343, 344, 345, 346, 412, 413, 414, 415, 416, 417, 418, 419, 420, 421, 422, 502, 503, 504, 505, 506, 507, 628, 629, 630, 631, 632, 633, 634, 635, 636, 637, 638, 639, 792, 796, 797, 798, 799, 800, 801, 863, 864, 865, 866, 867, 868, 869, 870, 871, 872, 873, 874]","[17, 18, 19, 20, 21, 22, 23, 628, 629, 630, 631, 632, 633, 634, 635, 636, 637, 638, 639, 156, 157, 158, 159, 160, 161, 162, 163, 164, 165, 166, 167, 168, 792, 796, 797, 798, 799, 800, 801, 340, 341, 342, 343, 344, 345, 346, 863, 864, 865, 866, 867, 868, 869, 870, 871, 872, 873, 874, 887, 890, 412, 413, 414, 927, 415, 416, 418, 419, 420, 417, 422, 421, 436, 439, 502, 503, 504, 505, 506, 507]",False,[],[],[],[],"[436, 439, 887, 890, 927]","[17, 18, 19, 20, 21, 22, 23, 156, 157, 158, 159, 160, 161, 162, 163, 164, 165, 166, 167, 168, 340, 341, 342, 343, 344, 345, 346, 412, 413, 414, 415, 416, 417, 418, 419, 420, 421, 422, 502, 503, 504, 505, 506, 507, 628, 629, 630, 631, 632, 633, 634, 635, 636, 637, 638, 639, 792, 796, 797, 798, 799, 800, 801, 863, 864, 865, 866, 867, 868, 869, 870, 871, 872, 873, 874]","[17, 18, 19, 20, 21, 22, 23, 156, 157, 158, 159, 160, 161, 162, 163, 164, 165, 166, 167, 341, 342, 343, 344, 345, 412, 413, 414, 415, 416, 417, 418, 419, 420, 421, 422, 502, 503, 504, 505, 506, 507, 628, 629, 630, 631, 632, 633, 634, 635, 636, 637, 638, 639, 792, 797, 798, 799, 800, 801, 863, 864, 865, 866, 867, 868, 869, 870, 871, 872, 873, 874]",0/6 successful match,False,,False,56,False,,1.0,True,Flying J Travel Plaza # 760,Flying J
E Cokeville ( 83114 ) Flying J Travel Plaza # 760,307-279-3050 10501 US 30 & WY 232,FLYING J 24 LOO,Cokeville,83114,Flying J Travel Plaza # 760,307-279-3050,2016,Cokeville,WY,Flying J,,10501 US 30 & WY 232,Proper,,False,,False,US 30,WY 232,,,,[],[],[],[],[],"[436, 439, 887, 890, 927]","[17, 18, 19, 20, 21, 22, 23, 156, 157, 158, 159, 160, 161, 162, 163, 164, 165, 166, 167, 341, 342, 343, 344, 345, 412, 413, 414, 415, 416, 417, 418, 419, 420, 421, 422, 502, 503, 504, 505, 506, 507, 628, 629, 630, 631, 632, 633, 634, 635, 636, 637, 638, 639, 792, 797, 798, 799, 800, 801, 863, 864, 865, 866, 867, 868, 869, 870, 871, 872, 873, 874]","[17, 18, 19, 20, 21, 22, 23, 156, 157, 158, 159, 160, 161, 162, 163, 164, 165, 166, 167, 168, 340, 341, 342, 343, 344, 345, 346, 412, 413, 414, 415, 416, 417, 418, 419, 420, 421, 422, 502, 503, 504, 505, 506, 507, 628, 629, 630, 631, 632, 633, 634, 635, 636, 637, 638, 639, 792, 796, 797, 798, 799, 800, 801, 863, 864, 865, 866, 867, 868, 869, 870, 871, 872, 873, 874]","[17, 18, 19, 20, 21, 22, 23, 628, 629, 630, 631, 632, 633, 634, 635, 636, 637, 638, 639, 156, 157, 158, 159, 160, 161, 162, 163, 164, 165, 166, 167, 168, 792, 796, 797, 798, 799, 800, 801, 340, 341, 342, 343, 344, 345, 346, 863, 864, 865, 866, 867, 868, 869, 870, 871, 872, 873, 874, 887, 890, 412, 413, 414, 927, 415, 416, 418, 419, 420, 417, 422, 421, 436, 439, 502, 503, 504, 505, 506, 507]",False,[],[],[],[],"[436, 439, 887, 890, 927]","[17, 18, 19, 20, 21, 22, 23, 156, 157, 158, 159, 160, 161, 162, 163, 164, 165, 166, 167, 168, 340, 341, 342, 343, 344, 345, 346, 412, 413, 414, 415, 416, 417, 418, 419, 420, 421, 422, 502, 503, 504, 505, 506, 507, 628, 629, 630, 631, 632, 633, 634, 635, 636, 637, 638, 639, 792, 796, 797, 798, 799, 800, 801, 863, 864, 865, 866, 867, 868, 869, 870, 871, 872, 873, 874]","[17, 18, 19, 20, 21, 22, 23, 156, 157, 158, 159, 160, 161, 162, 163, 164, 165, 166, 167, 341, 342, 343, 344, 345, 412, 413, 414, 415, 416, 417, 418, 419, 420, 421, 422, 502, 503, 504, 505, 506, 507, 628, 629, 630, 631, 632, 633, 634, 635, 636, 637, 638, 639, 792, 797, 798, 799, 800, 801, 863, 864, 865, 866, 867, 868, 869, 870, 871, 872, 873, 874]",0/6 successful match,False,,False,56,False,,1.0,True,Flying J Travel Plaza # 760,Flying J
"E La Barge , 83123 Dry Creek Station ( Sinclair )",307-386-2202 US 189 ( 2/3 mi N of WY 235 ),,La Barge,83123,Dry Creek Station ( Sinclair ),307-386-2202,2006,La Barge,WY,Sinclair,( 2/3 mi N of WY 235 ),US 189,empty,,False,,False,US 189,,,,,[],[],[],[],[],"[102, 573]","[31, 142, 147, 180, 338, 352, 367, 387, 403, 405, 408, 410, 455, 465, 466, 468, 470, 472, 473, 483, 484, 514, 613, 618, 651, 794, 807, 837, 852, 854, 858, 861, 902, 912, 913, 915, 917, 919, 920, 931, 934, 935]","[31, 142, 147, 180, 338, 352, 367, 387, 403, 405, 408, 410, 428, 455, 465, 466, 468, 470, 472, 473, 483, 484, 514, 613, 618, 651, 794, 807, 837, 852, 854, 858, 861, 880, 902, 912, 913, 915, 917, 919, 920, 931, 934, 935]","[514, 387, 902, 651, 142, 912, 913, 147, 403, 405, 915, 917, 408, 919, 410, 794, 920, 31, 931, 934, 807, 935, 428, 180, 573, 837, 455, 465, 338, 466, 468, 852, 470, 854, 472, 473, 858, 861, 352, 483, 484, 613, 102, 618, 367, 880]",False,[],[],[],[],"[102, 573]","[31, 142, 147, 180, 338, 352, 367, 387, 403, 405, 408, 410, 428, 455, 465, 466, 468, 470, 472, 473, 483, 484, 514, 613, 618, 651, 794, 807, 837, 852, 854, 858, 861, 880, 902, 912, 913, 915, 917, 919, 920, 931, 934, 935]","[31, 142, 147, 180, 338, 352, 367, 387, 403, 405, 408, 410, 455, 465, 466, 468, 470, 472, 473, 483, 484, 514, 613, 618, 651, 794, 807, 837, 852, 854, 858, 861, 902, 912, 913, 915, 917, 919, 920, 931, 934, 935]",0/6 successful match,False,,False,57,False,,,,,
"Barge , 83123 Dry Creek Station ( Sinclair )",La 307-386-2202 US 189 ( 2/3 mi N of WY 235 ),,Barge,83123,Dry Creek Station ( Sinclair ),307-386-2202,2007,La Barge,WY,Sinclair,( 2/3 mi N of WY 235 ),US 189,empty,,False,,False,US 189,,,,,[],[],[],[],[],"[102, 573]","[31, 142, 147, 180, 338, 352, 367, 387, 403, 405, 408, 410, 455, 465, 466, 468, 470, 472, 473, 483, 484, 514, 613, 618, 651, 794, 807, 837, 852, 854, 858, 861, 902, 912, 913, 915, 917, 919, 920, 931, 934, 935]","[31, 142, 147, 180, 338, 352, 367, 387, 403, 405, 408, 410, 428, 455, 465, 466, 468, 470, 472, 473, 483, 484, 514, 613, 618, 651, 794, 807, 837, 852, 854, 858, 861, 880, 902, 912, 913, 915, 917, 919, 920, 931, 934, 935]","[514, 387, 902, 651, 142, 912, 913, 147, 403, 405, 915, 917, 408, 919, 410, 794, 920, 31, 931, 934, 807, 935, 428, 180, 573, 837, 455, 465, 338, 466, 468, 852, 470, 854, 472, 473, 858, 861, 352, 483, 484, 613, 102, 618, 367, 880]",False,[],[],[],[],"[102, 573]","[31, 142, 147, 180, 338, 352, 367, 387, 403, 405, 408, 410, 428, 455, 465, 466, 468, 470, 472, 473, 483, 484, 514, 613, 618, 651, 794, 807, 837, 852, 854, 858, 861, 880, 902, 912, 913, 915, 917, 919, 920, 931, 934, 935]","[31, 142, 147, 180, 338, 352, 367, 387, 403, 405, 408, 410, 455, 465, 466, 468, 470, 472, 473, 483, 484, 514, 613, 618, 651, 794, 807, 837, 852, 854, 858, 861, 902, 912, 913, 915, 917, 919, 920, 931, 934, 935]",0/6 successful match,False,,False,57,False,,1.0,True,Dry Creek Station ( Sinclair ),Sinclair
"La Barge , 83123 Dry Creek Station ( Sinclair )",3 307-386-2202 US 189 ( 2/3 mi N of WY 235 ),,La Barge,83123,Dry Creek Station ( Sinclair ),307-386-2202,2008,La Barge,WY,Sinclair,( 2/3 mi N of WY 235 ),US 189,empty,,False,,False,US 189,,,,,[],[],[],[],[],"[102, 573]","[31, 142, 147, 180, 338, 352, 367, 387, 403, 405, 408, 410, 455, 465, 466, 468, 470, 472, 473, 483, 484, 514, 613, 618, 651, 794, 807, 837, 852, 854, 858, 861, 902, 912, 913, 915, 917, 919, 920, 931, 934, 935]","[31, 142, 147, 180, 338, 352, 367, 387, 403, 405, 408, 410, 428, 455, 465, 466, 468, 470, 472, 473, 483, 484, 514, 613, 618, 651, 794, 807, 837, 852, 854, 858, 861, 880, 902, 912, 913, 915, 917, 919, 920, 931, 934, 935]","[514, 387, 902, 651, 142, 912, 913, 147, 403, 405, 915, 917, 408, 919, 410, 794, 920, 31, 931, 934, 807, 935, 428, 180, 573, 837, 455, 465, 338, 466, 468, 852, 470, 854, 472, 473, 858, 861, 352, 483, 484, 613, 102, 618, 367, 880]",False,[],[],[],[],"[102, 573]","[31, 142, 147, 180, 338, 352, 367, 387, 403, 405, 408, 410, 428, 455, 465, 466, 468, 470, 472, 473, 483, 484, 514, 613, 618, 651, 794, 807, 837, 852, 854, 858, 861, 880, 902, 912, 913, 915, 917, 919, 920, 931, 934, 935]","[31, 142, 147, 180, 338, 352, 367, 387, 403, 405, 408, 410, 455, 465, 466, 468, 470, 472, 473, 483, 484, 514, 613, 618, 651, 794, 807, 837, 852, 854, 858, 861, 902, 912, 913, 915, 917, 919, 920, 931, 934, 935]",0/6 successful match,False,,False,57,False,,1.0,True,Dry Creek Station ( Sinclair ),Sinclair
La Barge ( 83123 ) Dry Creek Station ( Sinclair ),307-386-2202 US 189 ( 2/3 mi N of WY 235 ),<U+25A1>,La Barge,83123,Dry Creek Station ( Sinclair ),307-386-2202,2014,La Barge,WY,Sinclair,( 2/3 mi N of WY 235 ),US 189,empty,,False,,False,US 189,,,,,[],[],[],[],[],"[102, 573]","[31, 142, 147, 180, 338, 352, 367, 387, 403, 405, 408, 410, 455, 465, 466, 468, 470, 472, 473, 483, 484, 514, 613, 618, 651, 794, 807, 837, 852, 854, 858, 861, 902, 912, 913, 915, 917, 919, 920, 931, 934, 935]","[31, 142, 147, 180, 338, 352, 367, 387, 403, 405, 408, 410, 428, 455, 465, 466, 468, 470, 472, 473, 483, 484, 514, 613, 618, 651, 794, 807, 837, 852, 854, 858, 861, 880, 902, 912, 913, 915, 917, 919, 920, 931, 934, 935]","[514, 387, 902, 651, 142, 912, 913, 147, 403, 405, 915, 917, 408, 919, 410, 794, 920, 31, 931, 934, 807, 935, 428, 180, 573, 837, 455, 465, 338, 466, 468, 852, 470, 854, 472, 473, 858, 861, 352, 483, 484, 613, 102, 618, 367, 880]",False,[],[],[],[],"[102, 573]","[31, 142, 147, 180, 338, 352, 367, 387, 403, 405, 408, 410, 428, 455, 465, 466, 468, 470, 472, 473, 483, 484, 514, 613, 618, 651, 794, 807, 837, 852, 854, 858, 861, 880, 902, 912, 913, 915, 917, 919, 920, 931, 934, 935]","[31, 142, 147, 180, 338, 352, 367, 387, 403, 405, 408, 410, 455, 465, 466, 468, 470, 472, 473, 483, 484, 514, 613, 618, 651, 794, 807, 837, 852, 854, 858, 861, 902, 912, 913, 915, 917, 919, 920, 931, 934, 935]",0/6 successful match,False,,False,57,False,,1.0,True,Dry Creek Station ( Sinclair ),Sinclair
E La Barge ( 83123 ) Dry Creek Station ( Sinclair ),307-386-2202 US 189 ( 2/3 mi N of WY 235 ),<U+2610><U+2610><U+2610>,La Barge,83123,Dry Creek Station ( Sinclair ),307-386-2202,2015,La Barge,WY,Sinclair,( 2/3 mi N of WY 235 ),US 189,empty,,False,,False,US 189,,,,,[],[],[],[],[],"[102, 573]","[31, 142, 147, 180, 338, 352, 367, 387, 403, 405, 408, 410, 455, 465, 466, 468, 470, 472, 473, 483, 484, 514, 613, 618, 651, 794, 807, 837, 852, 854, 858, 861, 902, 912, 913, 915, 917, 919, 920, 931, 934, 935]","[31, 142, 147, 180, 338, 352, 367, 387, 403, 405, 408, 410, 428, 455, 465, 466, 468, 470, 472, 473, 483, 484, 514, 613, 618, 651, 794, 807, 837, 852, 854, 858, 861, 880, 902, 912, 913, 915, 917, 919, 920, 931, 934, 935]","[514, 387, 902, 651, 142, 912, 913, 147, 403, 405, 915, 917, 408, 919, 410, 794, 920, 31, 931, 934, 807, 935, 428, 180, 573, 837, 455, 465, 338, 466, 468, 852, 470, 854, 472, 473, 858, 861, 352, 483, 484, 613, 102, 618, 367, 880]",False,[],[],[],[],"[102, 573]","[31, 142, 147, 180, 338, 352, 367, 387, 403, 405, 408, 410, 428, 455, 465, 466, 468, 470, 472, 473, 483, 484, 514, 613, 618, 651, 794, 807, 837, 852, 854, 858, 861, 880, 902, 912, 913, 915, 917, 919, 920, 931, 934, 935]","[31, 142, 147, 180, 338, 352, 367, 387, 403, 405, 408, 410, 455, 465, 466, 468, 470, 472, 473, 483, 484, 514, 613, 618, 651, 794, 807, 837, 852, 854, 858, 861, 902, 912, 913, 915, 917, 919, 920, 931, 934, 935]",0/6 successful match,False,,False,57,False,,1.0,True,Dry Creek Station ( Sinclair ),Sinclair
La Barge ( 83123 ) Dry Creek Station ( Sinclair ),307-386-2202 US 189 ( 2/3 mi N of WY 235 ),<U+25A1>,La Barge,83123,Dry Creek Station ( Sinclair ),307-386-2202,2016,La Barge,WY,Sinclair,( 2/3 mi N of WY 235 ),US 189,empty,,False,,False,US 189,,,,,[],[],[],[],[],"[102, 573]","[31, 142, 147, 180, 338, 352, 367, 387, 403, 405, 408, 410, 455, 465, 466, 468, 470, 472, 473, 483, 484, 514, 613, 618, 651, 794, 807, 837, 852, 854, 858, 861, 902, 912, 913, 915, 917, 919, 920, 931, 934, 935]","[31, 142, 147, 180, 338, 352, 367, 387, 403, 405, 408, 410, 428, 455, 465, 466, 468, 470, 472, 473, 483, 484, 514, 613, 618, 651, 794, 807, 837, 852, 854, 858, 861, 880, 902, 912, 913, 915, 917, 919, 920, 931, 934, 935]","[514, 387, 902, 651, 142, 912, 913, 147, 403, 405, 915, 917, 408, 919, 410, 794, 920, 31, 931, 934, 807, 935, 428, 180, 573, 837, 455, 465, 338, 466, 468, 852, 470, 854, 472, 473, 858, 861, 352, 483, 484, 613, 102, 618, 367, 880]",False,[],[],[],[],"[102, 573]","[31, 142, 147, 180, 338, 352, 367, 387, 403, 405, 408, 410, 428, 455, 465, 466, 468, 470, 472, 473, 483, 484, 514, 613, 618, 651, 794, 807, 837, 852, 854, 858, 861, 880, 902, 912, 913, 915, 917, 919, 920, 931, 934, 935]","[31, 142, 147, 180, 338, 352, 367, 387, 403, 405, 408, 410, 455, 465, 466, 468, 470, 472, 473, 483, 484, 514, 613, 618, 651, 794, 807, 837, 852, 854, 858, 861, 902, 912, 913, 915, 917, 919, 920, 931, 934, 935]",0/6 successful match,False,,False,57,False,,1.0,True,Dry Creek Station ( Sinclair ),Sinclair
"Alpine , 83128 Nordic Market ( Chevron )",307-654-9982 US 89 & US 26,S,Alpine,83128,Nordic Market ( Chevron ),307-654-9982,2006,Alpine,WY,Chevron,,US 89 & US 26,empty,,False,,False,US 89,US 26,,,,[],[],"[119, 590]",[],[],"[3, 15, 29, 84, 91, 427, 444, 463, 489, 500, 512, 555, 562, 879, 894, 910]","[12, 24, 25, 28, 88, 100, 104, 119, 123, 129, 136, 137, 139, 140, 141, 148, 155, 169, 172, 179, 183, 185, 188, 196, 198, 217, 237, 267, 270, 278, 319, 321, 324, 325, 330, 334, 335, 354, 366, 369, 380, 383, 384, 386, 395, 407, 411, 423, 428, 436, 437, 452, 453, 456, 467, 471, 477, 478, 479, 497, 508, 511, 559, 571, 575, 590, 594, 600, 607, 608, 610, 611, 612, 619, 627, 640, 643, 650, 654, 656, 659, 667, 669, 685, 701, 726, 729, 737, 777, 779, 782, 783, 787, 790, 791, 809, 817, 819, 830, 833, 834, 836, 845, 856, 857, 860, 862, 875, 880, 887, 888, 899, 900, 914, 918, 921, 928, 929, 930]","[12, 24, 25, 28, 88, 100, 104, 119, 123, 129, 136, 137, 139, 140, 141, 148, 155, 169, 172, 179, 183, 185, 188, 196, 198, 217, 237, 267, 270, 278, 319, 321, 324, 325, 330, 334, 335, 354, 366, 369, 380, 383, 384, 386, 395, 407, 411, 423, 428, 436, 437, 452, 453, 456, 467, 471, 477, 478, 479, 497, 508, 511, 559, 571, 575, 590, 594, 600, 607, 608, 610, 611, 612, 619, 627, 640, 643, 650, 654, 656, 659, 667, 669, 685, 701, 726, 729, 737, 777, 779, 782, 783, 787, 790, 791, 809, 817, 819, 830, 833, 834, 836, 845, 856, 857, 860, 862, 875, 880, 887, 888, 899, 900, 914, 918, 921, 928, 929, 930]","[512, 3, 12, 15, 24, 25, 28, 29, 555, 559, 562, 571, 575, 590, 594, 84, 88, 600, 91, 607, 608, 610, 611, 100, 612, 104, 619, 627, 119, 123, 640, 129, 643, 136, 137, 650, 139, 140, 141, 654, 656, 659, 148, 155, 667, 669, 169, 172, 685, 179, 183, 185, 188, 701, 196, 198, 726, 217, 729, 737, 237, 777, 267, 779, 270, 782, 783, 787, 278, 790, 791, 809, 817, 819, 830, 319, 321, 833, 834, 324, 325, 836, 330, 845, 334, 335, 856, 857, 860, 862, 354, 875, 366, 879, 880, 369, 887, 888, 380, 894, 383, 384, 386, 899, 900, 395, 910, 914, 918, 407, 921, 411, 928, 929, 930, 423, 427, 428, 436, 437, 444, 452, 453, 456, 463, 467, 471, 477, 478, 479, 489, 497, 500, 508, 511]",False,[],[],"[119, 590]",[],"[3, 15, 29, 84, 91, 427, 444, 463, 489, 500, 512, 555, 562, 879, 894, 910]","[12, 24, 25, 28, 88, 100, 104, 119, 123, 129, 136, 137, 139, 140, 141, 148, 155, 169, 172, 179, 183, 185, 188, 196, 198, 217, 237, 267, 270, 278, 319, 321, 324, 325, 330, 334, 335, 354, 366, 369, 380, 383, 384, 386, 395, 407, 411, 423, 428, 436, 437, 452, 453, 456, 467, 471, 477, 478, 479, 497, 508, 511, 559, 571, 575, 590, 594, 600, 607, 608, 610, 611, 612, 619, 627, 640, 643, 650, 654, 656, 659, 667, 669, 685, 701, 726, 729, 737, 777, 779, 782, 783, 787, 790, 791, 809, 817, 819, 830, 833, 834, 836, 845, 856, 857, 860, 862, 875, 880, 887, 888, 899, 900, 914, 918, 921, 928, 929, 930]","[12, 24, 25, 28, 88, 100, 104, 119, 123, 129, 136, 137, 139, 140, 141, 148, 155, 169, 172, 179, 183, 185, 188, 196, 198, 217, 237, 267, 270, 278, 319, 321, 324, 325, 330, 334, 335, 354, 366, 369, 380, 383, 384, 386, 395, 407, 411, 423, 428, 436, 437, 452, 453, 456, 467, 471, 477, 478, 479, 497, 508, 511, 559, 571, 575, 590, 594, 600, 607, 608, 610, 611, 612, 619, 627, 640, 643, 650, 654, 656, 659, 667, 669, 685, 701, 726, 729, 737, 777, 779, 782, 783, 787, 790, 791, 809, 817, 819, 830, 833, 834, 836, 845, 856, 857, 860, 862, 875, 880, 887, 888, 899, 900, 914, 918, 921, 928, 929, 930]",0/6 successful match,False,,False,58,False,,,,,
"Alpine , 83128 Nordic Market ( Chevron )",307-654-9982 US 89 & US 26,M,Alpine,83128,Nordic Market ( Chevron ),307-654-9982,2007,Alpine,WY,Chevron,,US 89 & US 26,empty,,False,,False,US 89,US 26,,,,[],[],"[119, 590]",[],[],"[3, 15, 29, 84, 91, 427, 444, 463, 489, 500, 512, 555, 562, 879, 894, 910]","[12, 24, 25, 28, 88, 100, 104, 119, 123, 129, 136, 137, 139, 140, 141, 148, 155, 169, 172, 179, 183, 185, 188, 196, 198, 217, 237, 267, 270, 278, 319, 321, 324, 325, 330, 334, 335, 354, 366, 369, 380, 383, 384, 386, 395, 407, 411, 423, 428, 436, 437, 452, 453, 456, 467, 471, 477, 478, 479, 497, 508, 511, 559, 571, 575, 590, 594, 600, 607, 608, 610, 611, 612, 619, 627, 640, 643, 650, 654, 656, 659, 667, 669, 685, 701, 726, 729, 737, 777, 779, 782, 783, 787, 790, 791, 809, 817, 819, 830, 833, 834, 836, 845, 856, 857, 860, 862, 875, 880, 887, 888, 899, 900, 914, 918, 921, 928, 929, 930]","[12, 24, 25, 28, 88, 100, 104, 119, 123, 129, 136, 137, 139, 140, 141, 148, 155, 169, 172, 179, 183, 185, 188, 196, 198, 217, 237, 267, 270, 278, 319, 321, 324, 325, 330, 334, 335, 354, 366, 369, 380, 383, 384, 386, 395, 407, 411, 423, 428, 436, 437, 452, 453, 456, 467, 471, 477, 478, 479, 497, 508, 511, 559, 571, 575, 590, 594, 600, 607, 608, 610, 611, 612, 619, 627, 640, 643, 650, 654, 656, 659, 667, 669, 685, 701, 726, 729, 737, 777, 779, 782, 783, 787, 790, 791, 809, 817, 819, 830, 833, 834, 836, 845, 856, 857, 860, 862, 875, 880, 887, 888, 899, 900, 914, 918, 921, 928, 929, 930]","[512, 3, 12, 15, 24, 25, 28, 29, 555, 559, 562, 571, 575, 590, 594, 84, 88, 600, 91, 607, 608, 610, 611, 100, 612, 104, 619, 627, 119, 123, 640, 129, 643, 136, 137, 650, 139, 140, 141, 654, 656, 659, 148, 155, 667, 669, 169, 172, 685, 179, 183, 185, 188, 701, 196, 198, 726, 217, 729, 737, 237, 777, 267, 779, 270, 782, 783, 787, 278, 790, 791, 809, 817, 819, 830, 319, 321, 833, 834, 324, 325, 836, 330, 845, 334, 335, 856, 857, 860, 862, 354, 875, 366, 879, 880, 369, 887, 888, 380, 894, 383, 384, 386, 899, 900, 395, 910, 914, 918, 407, 921, 411, 928, 929, 930, 423, 427, 428, 436, 437, 444, 452, 453, 456, 463, 467, 471, 477, 478, 479, 489, 497, 500, 508, 511]",False,[],[],"[119, 590]",[],"[3, 15, 29, 84, 91, 427, 444, 463, 489, 500, 512, 555, 562, 879, 894, 910]","[12, 24, 25, 28, 88, 100, 104, 119, 123, 129, 136, 137, 139, 140, 141, 148, 155, 169, 172, 179, 183, 185, 188, 196, 198, 217, 237, 267, 270, 278, 319, 321, 324, 325, 330, 334, 335, 354, 366, 369, 380, 383, 384, 386, 395, 407, 411, 423, 428, 436, 437, 452, 453, 456, 467, 471, 477, 478, 479, 497, 508, 511, 559, 571, 575, 590, 594, 600, 607, 608, 610, 611, 612, 619, 627, 640, 643, 650, 654, 656, 659, 667, 669, 685, 701, 726, 729, 737, 777, 779, 782, 783, 787, 790, 791, 809, 817, 819, 830, 833, 834, 836, 845, 856, 857, 860, 862, 875, 880, 887, 888, 899, 900, 914, 918, 921, 928, 929, 930]","[12, 24, 25, 28, 88, 100, 104, 119, 123, 129, 136, 137, 139, 140, 141, 148, 155, 169, 172, 179, 183, 185, 188, 196, 198, 217, 237, 267, 270, 278, 319, 321, 324, 325, 330, 334, 335, 354, 366, 369, 380, 383, 384, 386, 395, 407, 411, 423, 428, 436, 437, 452, 453, 456, 467, 471, 477, 478, 479, 497, 508, 511, 559, 571, 575, 590, 594, 600, 607, 608, 610, 611, 612, 619, 627, 640, 643, 650, 654, 656, 659, 667, 669, 685, 701, 726, 729, 737, 777, 779, 782, 783, 787, 790, 791, 809, 817, 819, 830, 833, 834, 836, 845, 856, 857, 860, 862, 875, 880, 887, 888, 899, 900, 914, 918, 921, 928, 929, 930]",0/6 successful match,False,,False,58,False,,1.0,True,Nordic Market ( Chevron ),Chevron
"Alpine , 83128 Nordic Market ( Chevron .",3 307-654-9982 US 89 & US 26 ),S <U+2610> D P <U+2610> <U+2610>,Alpine,83128,Nordic Market ( Chevron .,307-654-9982,2008,Alpine,WY,Chevron,,US 89 & US 26 ,empty,,False,,False,US 89,US 26,,,,[],[],"[119, 590]",[],[],"[3, 15, 29, 84, 91, 427, 444, 463, 489, 500, 512, 555, 562, 879, 894, 910]","[12, 24, 25, 28, 88, 100, 104, 119, 123, 129, 136, 137, 139, 140, 141, 148, 155, 169, 172, 179, 183, 185, 188, 196, 198, 217, 237, 267, 270, 278, 319, 321, 324, 325, 330, 334, 335, 354, 366, 369, 380, 383, 384, 386, 395, 407, 411, 423, 428, 436, 437, 452, 453, 456, 467, 471, 477, 478, 479, 497, 508, 511, 559, 571, 575, 590, 594, 600, 607, 608, 610, 611, 612, 619, 627, 640, 643, 650, 654, 656, 659, 667, 669, 685, 701, 726, 729, 737, 777, 779, 782, 783, 787, 790, 791, 809, 817, 819, 830, 833, 834, 836, 845, 856, 857, 860, 862, 875, 880, 887, 888, 899, 900, 914, 918, 921, 928, 929, 930]","[12, 24, 25, 28, 88, 100, 104, 119, 123, 129, 136, 137, 139, 140, 141, 148, 155, 169, 172, 179, 183, 185, 188, 196, 198, 217, 237, 267, 270, 278, 319, 321, 324, 325, 330, 334, 335, 354, 366, 369, 380, 383, 384, 386, 395, 407, 411, 423, 428, 436, 437, 452, 453, 456, 467, 471, 477, 478, 479, 497, 508, 511, 559, 571, 575, 590, 594, 600, 607, 608, 610, 611, 612, 619, 627, 640, 643, 650, 654, 656, 659, 667, 669, 685, 701, 726, 729, 737, 777, 779, 782, 783, 787, 790, 791, 809, 817, 819, 830, 833, 834, 836, 845, 856, 857, 860, 862, 875, 880, 887, 888, 899, 900, 914, 918, 921, 928, 929, 930]","[512, 3, 12, 15, 24, 25, 28, 29, 555, 559, 562, 571, 575, 590, 594, 84, 88, 600, 91, 607, 608, 610, 611, 100, 612, 104, 619, 627, 119, 123, 640, 129, 643, 136, 137, 650, 139, 140, 141, 654, 656, 659, 148, 155, 667, 669, 169, 172, 685, 179, 183, 185, 188, 701, 196, 198, 726, 217, 729, 737, 237, 777, 267, 779, 270, 782, 783, 787, 278, 790, 791, 809, 817, 819, 830, 319, 321, 833, 834, 324, 325, 836, 330, 845, 334, 335, 856, 857, 860, 862, 354, 875, 366, 879, 880, 369, 887, 888, 380, 894, 383, 384, 386, 899, 900, 395, 910, 914, 918, 407, 921, 411, 928, 929, 930, 423, 427, 428, 436, 437, 444, 452, 453, 456, 463, 467, 471, 477, 478, 479, 489, 497, 500, 508, 511]",False,[],[],"[119, 590]",[],"[3, 15, 29, 84, 91, 427, 444, 463, 489, 500, 512, 555, 562, 879, 894, 910]","[12, 24, 25, 28, 88, 100, 104, 119, 123, 129, 136, 137, 139, 140, 141, 148, 155, 169, 172, 179, 183, 185, 188, 196, 198, 217, 237, 267, 270, 278, 319, 321, 324, 325, 330, 334, 335, 354, 366, 369, 380, 383, 384, 386, 395, 407, 411, 423, 428, 436, 437, 452, 453, 456, 467, 471, 477, 478, 479, 497, 508, 511, 559, 571, 575, 590, 594, 600, 607, 608, 610, 611, 612, 619, 627, 640, 643, 650, 654, 656, 659, 667, 669, 685, 701, 726, 729, 737, 777, 779, 782, 783, 787, 790, 791, 809, 817, 819, 830, 833, 834, 836, 845, 856, 857, 860, 862, 875, 880, 887, 888, 899, 900, 914, 918, 921, 928, 929, 930]","[12, 24, 25, 28, 88, 100, 104, 119, 123, 129, 136, 137, 139, 140, 141, 148, 155, 169, 172, 179, 183, 185, 188, 196, 198, 217, 237, 267, 270, 278, 319, 321, 324, 325, 330, 334, 335, 354, 366, 369, 380, 383, 384, 386, 395, 407, 411, 423, 428, 436, 437, 452, 453, 456, 467, 471, 477, 478, 479, 497, 508, 511, 559, 571, 575, 590, 594, 600, 607, 608, 610, 611, 612, 619, 627, 640, 643, 650, 654, 656, 659, 667, 669, 685, 701, 726, 729, 737, 777, 779, 782, 783, 787, 790, 791, 809, 817, 819, 830, 833, 834, 836, 845, 856, 857, 860, 862, 875, 880, 887, 888, 899, 900, 914, 918, 921, 928, 929, 930]",0/6 successful match,False,,False,58,False,,1.0,True,Nordic Market ( Chevron ),Chevron
Alpine ( 83128 ) Nordic Market ( Chevron ),307-654-9982 US 89 & US 26,<U+2610> S D,Alpine,83128,Nordic Market ( Chevron ),307-654-9982,2014,Alpine,WY,Chevron,,US 89 & US 26,empty,,False,,False,US 89,US 26,,,,[],[],"[119, 590]",[],[],"[3, 15, 29, 84, 91, 427, 444, 463, 489, 500, 512, 555, 562, 879, 894, 910]","[12, 24, 25, 28, 88, 100, 104, 119, 123, 129, 136, 137, 139, 140, 141, 148, 155, 169, 172, 179, 183, 185, 188, 196, 198, 217, 237, 267, 270, 278, 319, 321, 324, 325, 330, 334, 335, 354, 366, 369, 380, 383, 384, 386, 395, 407, 411, 423, 428, 436, 437, 452, 453, 456, 467, 471, 477, 478, 479, 497, 508, 511, 559, 571, 575, 590, 594, 600, 607, 608, 610, 611, 612, 619, 627, 640, 643, 650, 654, 656, 659, 667, 669, 685, 701, 726, 729, 737, 777, 779, 782, 783, 787, 790, 791, 809, 817, 819, 830, 833, 834, 836, 845, 856, 857, 860, 862, 875, 880, 887, 888, 899, 900, 914, 918, 921, 928, 929, 930]","[12, 24, 25, 28, 88, 100, 104, 119, 123, 129, 136, 137, 139, 140, 141, 148, 155, 169, 172, 179, 183, 185, 188, 196, 198, 217, 237, 267, 270, 278, 319, 321, 324, 325, 330, 334, 335, 354, 366, 369, 380, 383, 384, 386, 395, 407, 411, 423, 428, 436, 437, 452, 453, 456, 467, 471, 477, 478, 479, 497, 508, 511, 559, 571, 575, 590, 594, 600, 607, 608, 610, 611, 612, 619, 627, 640, 643, 650, 654, 656, 659, 667, 669, 685, 701, 726, 729, 737, 777, 779, 782, 783, 787, 790, 791, 809, 817, 819, 830, 833, 834, 836, 845, 856, 857, 860, 862, 875, 880, 887, 888, 899, 900, 914, 918, 921, 928, 929, 930]","[512, 3, 12, 15, 24, 25, 28, 29, 555, 559, 562, 571, 575, 590, 594, 84, 88, 600, 91, 607, 608, 610, 611, 100, 612, 104, 619, 627, 119, 123, 640, 129, 643, 136, 137, 650, 139, 140, 141, 654, 656, 659, 148, 155, 667, 669, 169, 172, 685, 179, 183, 185, 188, 701, 196, 198, 726, 217, 729, 737, 237, 777, 267, 779, 270, 782, 783, 787, 278, 790, 791, 809, 817, 819, 830, 319, 321, 833, 834, 324, 325, 836, 330, 845, 334, 335, 856, 857, 860, 862, 354, 875, 366, 879, 880, 369, 887, 888, 380, 894, 383, 384, 386, 899, 900, 395, 910, 914, 918, 407, 921, 411, 928, 929, 930, 423, 427, 428, 436, 437, 444, 452, 453, 456, 463, 467, 471, 477, 478, 479, 489, 497, 500, 508, 511]",False,[],[],"[119, 590]",[],"[3, 15, 29, 84, 91, 427, 444, 463, 489, 500, 512, 555, 562, 879, 894, 910]","[12, 24, 25, 28, 88, 100, 104, 119, 123, 129, 136, 137, 139, 140, 141, 148, 155, 169, 172, 179, 183, 185, 188, 196, 198, 217, 237, 267, 270, 278, 319, 321, 324, 325, 330, 334, 335, 354, 366, 369, 380, 383, 384, 386, 395, 407, 411, 423, 428, 436, 437, 452, 453, 456, 467, 471, 477, 478, 479, 497, 508, 511, 559, 571, 575, 590, 594, 600, 607, 608, 610, 611, 612, 619, 627, 640, 643, 650, 654, 656, 659, 667, 669, 685, 701, 726, 729, 737, 777, 779, 782, 783, 787, 790, 791, 809, 817, 819, 830, 833, 834, 836, 845, 856, 857, 860, 862, 875, 880, 887, 888, 899, 900, 914, 918, 921, 928, 929, 930]","[12, 24, 25, 28, 88, 100, 104, 119, 123, 129, 136, 137, 139, 140, 141, 148, 155, 169, 172, 179, 183, 185, 188, 196, 198, 217, 237, 267, 270, 278, 319, 321, 324, 325, 330, 334, 335, 354, 366, 369, 380, 383, 384, 386, 395, 407, 411, 423, 428, 436, 437, 452, 453, 456, 467, 471, 477, 478, 479, 497, 508, 511, 559, 571, 575, 590, 594, 600, 607, 608, 610, 611, 612, 619, 627, 640, 643, 650, 654, 656, 659, 667, 669, 685, 701, 726, 729, 737, 777, 779, 782, 783, 787, 790, 791, 809, 817, 819, 830, 833, 834, 836, 845, 856, 857, 860, 862, 875, 880, 887, 888, 899, 900, 914, 918, 921, 928, 929, 930]",0/6 successful match,False,,False,58,False,,1.0,True,Nordic Market ( Chevron .,Chevron
Alpine ( 83128 ) Boardwalk Market ( Chevron ),307-654-9982 US 89 & US 26,S D,Alpine,83128,Boardwalk Market ( Chevron ),307-654-9982,2015,Alpine,WY,Chevron,,US 89 & US 26,empty,,False,,False,US 89,US 26,,,,[],[],"[119, 590]",[],[],"[3, 15, 29, 84, 91, 427, 444, 463, 489, 500, 512, 555, 562, 879, 894, 910]","[12, 24, 25, 28, 88, 100, 104, 119, 123, 129, 136, 137, 139, 140, 141, 148, 155, 169, 172, 179, 183, 185, 188, 196, 198, 217, 237, 267, 270, 278, 319, 321, 324, 325, 330, 334, 335, 354, 366, 369, 380, 383, 384, 386, 395, 407, 411, 423, 428, 436, 437, 452, 453, 456, 467, 471, 477, 478, 479, 497, 508, 511, 559, 571, 575, 590, 594, 600, 607, 608, 610, 611, 612, 619, 627, 640, 643, 650, 654, 656, 659, 667, 669, 685, 701, 726, 729, 737, 777, 779, 782, 783, 787, 790, 791, 809, 817, 819, 830, 833, 834, 836, 845, 856, 857, 860, 862, 875, 880, 887, 888, 899, 900, 914, 918, 921, 928, 929, 930]","[12, 24, 25, 28, 88, 100, 104, 119, 123, 129, 136, 137, 139, 140, 141, 148, 155, 169, 172, 179, 183, 185, 188, 196, 198, 217, 237, 267, 270, 278, 319, 321, 324, 325, 330, 334, 335, 354, 366, 369, 380, 383, 384, 386, 395, 407, 411, 423, 428, 436, 437, 452, 453, 456, 467, 471, 477, 478, 479, 497, 508, 511, 559, 571, 575, 590, 594, 600, 607, 608, 610, 611, 612, 619, 627, 640, 643, 650, 654, 656, 659, 667, 669, 685, 701, 726, 729, 737, 777, 779, 782, 783, 787, 790, 791, 809, 817, 819, 830, 833, 834, 836, 845, 856, 857, 860, 862, 875, 880, 887, 888, 899, 900, 914, 918, 921, 928, 929, 930]","[512, 3, 12, 15, 24, 25, 28, 29, 555, 559, 562, 571, 575, 590, 594, 84, 88, 600, 91, 607, 608, 610, 611, 100, 612, 104, 619, 627, 119, 123, 640, 129, 643, 136, 137, 650, 139, 140, 141, 654, 656, 659, 148, 155, 667, 669, 169, 172, 685, 179, 183, 185, 188, 701, 196, 198, 726, 217, 729, 737, 237, 777, 267, 779, 270, 782, 783, 787, 278, 790, 791, 809, 817, 819, 830, 319, 321, 833, 834, 324, 325, 836, 330, 845, 334, 335, 856, 857, 860, 862, 354, 875, 366, 879, 880, 369, 887, 888, 380, 894, 383, 384, 386, 899, 900, 395, 910, 914, 918, 407, 921, 411, 928, 929, 930, 423, 427, 428, 436, 437, 444, 452, 453, 456, 463, 467, 471, 477, 478, 479, 489, 497, 500, 508, 511]",False,[],[],"[119, 590]",[],"[3, 15, 29, 84, 91, 427, 444, 463, 489, 500, 512, 555, 562, 879, 894, 910]","[12, 24, 25, 28, 88, 100, 104, 119, 123, 129, 136, 137, 139, 140, 141, 148, 155, 169, 172, 179, 183, 185, 188, 196, 198, 217, 237, 267, 270, 278, 319, 321, 324, 325, 330, 334, 335, 354, 366, 369, 380, 383, 384, 386, 395, 407, 411, 423, 428, 436, 437, 452, 453, 456, 467, 471, 477, 478, 479, 497, 508, 511, 559, 571, 575, 590, 594, 600, 607, 608, 610, 611, 612, 619, 627, 640, 643, 650, 654, 656, 659, 667, 669, 685, 701, 726, 729, 737, 777, 779, 782, 783, 787, 790, 791, 809, 817, 819, 830, 833, 834, 836, 845, 856, 857, 860, 862, 875, 880, 887, 888, 899, 900, 914, 918, 921, 928, 929, 930]","[12, 24, 25, 28, 88, 100, 104, 119, 123, 129, 136, 137, 139, 140, 141, 148, 155, 169, 172, 179, 183, 185, 188, 196, 198, 217, 237, 267, 270, 278, 319, 321, 324, 325, 330, 334, 335, 354, 366, 369, 380, 383, 384, 386, 395, 407, 411, 423, 428, 436, 437, 452, 453, 456, 467, 471, 477, 478, 479, 497, 508, 511, 559, 571, 575, 590, 594, 600, 607, 608, 610, 611, 612, 619, 627, 640, 643, 650, 654, 656, 659, 667, 669, 685, 701, 726, 729, 737, 777, 779, 782, 783, 787, 790, 791, 809, 817, 819, 830, 833, 834, 836, 845, 856, 857, 860, 862, 875, 880, 887, 888, 899, 900, 914, 918, 921, 928, 929, 930]",0/6 successful match,False,,False,58,False,,0.6823899371069182,True,Nordic Market ( Chevron ),Chevron
Alpine ( 83128 ) Boardwalk Market ( Chevron ),307-654-9982 US 89 & US 26,S D,Alpine,83128,Boardwalk Market ( Chevron ),307-654-9982,2016,Alpine,WY,Chevron,,US 89 & US 26,empty,,False,,False,US 89,US 26,,,,[],[],"[119, 590]",[],[],"[3, 15, 29, 84, 91, 427, 444, 463, 489, 500, 512, 555, 562, 879, 894, 910]","[12, 24, 25, 28, 88, 100, 104, 119, 123, 129, 136, 137, 139, 140, 141, 148, 155, 169, 172, 179, 183, 185, 188, 196, 198, 217, 237, 267, 270, 278, 319, 321, 324, 325, 330, 334, 335, 354, 366, 369, 380, 383, 384, 386, 395, 407, 411, 423, 428, 436, 437, 452, 453, 456, 467, 471, 477, 478, 479, 497, 508, 511, 559, 571, 575, 590, 594, 600, 607, 608, 610, 611, 612, 619, 627, 640, 643, 650, 654, 656, 659, 667, 669, 685, 701, 726, 729, 737, 777, 779, 782, 783, 787, 790, 791, 809, 817, 819, 830, 833, 834, 836, 845, 856, 857, 860, 862, 875, 880, 887, 888, 899, 900, 914, 918, 921, 928, 929, 930]","[12, 24, 25, 28, 88, 100, 104, 119, 123, 129, 136, 137, 139, 140, 141, 148, 155, 169, 172, 179, 183, 185, 188, 196, 198, 217, 237, 267, 270, 278, 319, 321, 324, 325, 330, 334, 335, 354, 366, 369, 380, 383, 384, 386, 395, 407, 411, 423, 428, 436, 437, 452, 453, 456, 467, 471, 477, 478, 479, 497, 508, 511, 559, 571, 575, 590, 594, 600, 607, 608, 610, 611, 612, 619, 627, 640, 643, 650, 654, 656, 659, 667, 669, 685, 701, 726, 729, 737, 777, 779, 782, 783, 787, 790, 791, 809, 817, 819, 830, 833, 834, 836, 845, 856, 857, 860, 862, 875, 880, 887, 888, 899, 900, 914, 918, 921, 928, 929, 930]","[512, 3, 12, 15, 24, 25, 28, 29, 555, 559, 562, 571, 575, 590, 594, 84, 88, 600, 91, 607, 608, 610, 611, 100, 612, 104, 619, 627, 119, 123, 640, 129, 643, 136, 137, 650, 139, 140, 141, 654, 656, 659, 148, 155, 667, 669, 169, 172, 685, 179, 183, 185, 188, 701, 196, 198, 726, 217, 729, 737, 237, 777, 267, 779, 270, 782, 783, 787, 278, 790, 791, 809, 817, 819, 830, 319, 321, 833, 834, 324, 325, 836, 330, 845, 334, 335, 856, 857, 860, 862, 354, 875, 366, 879, 880, 369, 887, 888, 380, 894, 383, 384, 386, 899, 900, 395, 910, 914, 918, 407, 921, 411, 928, 929, 930, 423, 427, 428, 436, 437, 444, 452, 453, 456, 463, 467, 471, 477, 478, 479, 489, 497, 500, 508, 511]",False,[],[],"[119, 590]",[],"[3, 15, 29, 84, 91, 427, 444, 463, 489, 500, 512, 555, 562, 879, 894, 910]","[12, 24, 25, 28, 88, 100, 104, 119, 123, 129, 136, 137, 139, 140, 141, 148, 155, 169, 172, 179, 183, 185, 188, 196, 198, 217, 237, 267, 270, 278, 319, 321, 324, 325, 330, 334, 335, 354, 366, 369, 380, 383, 384, 386, 395, 407, 411, 423, 428, 436, 437, 452, 453, 456, 467, 471, 477, 478, 479, 497, 508, 511, 559, 571, 575, 590, 594, 600, 607, 608, 610, 611, 612, 619, 627, 640, 643, 650, 654, 656, 659, 667, 669, 685, 701, 726, 729, 737, 777, 779, 782, 783, 787, 790, 791, 809, 817, 819, 830, 833, 834, 836, 845, 856, 857, 860, 862, 875, 880, 887, 888, 899, 900, 914, 918, 921, 928, 929, 930]","[12, 24, 25, 28, 88, 100, 104, 119, 123, 129, 136, 137, 139, 140, 141, 148, 155, 169, 172, 179, 183, 185, 188, 196, 198, 217, 237, 267, 270, 278, 319, 321, 324, 325, 330, 334, 335, 354, 366, 369, 380, 383, 384, 386, 395, 407, 411, 423, 428, 436, 437, 452, 453, 456, 467, 471, 477, 478, 479, 497, 508, 511, 559, 571, 575, 590, 594, 600, 607, 608, 610, 611, 612, 619, 627, 640, 643, 650, 654, 656, 659, 667, 669, 685, 701, 726, 729, 737, 777, 779, 782, 783, 787, 790, 791, 809, 817, 819, 830, 833, 834, 836, 845, 856, 857, 860, 862, 875, 880, 887, 888, 899, 900, 914, 918, 921, 928, 929, 930]",0/6 successful match,False,,False,58,False,,1.0,True,Boardwalk Market ( Chevron ),Chevron
"Pocatello , 83201 Jet Stop ( Sinclair )",208-234-1641 I-86 Exit 56,24 <U+2610> S 2400,Pocatello,83201,Jet Stop ( Sinclair ),208-234-1641,2006,Pocatello,ID,Sinclair,,I-86 Exit 56,Exit,56,False,,False,I-86,,,,,[],[],[],"[149, 432, 466, 469, 476, 620, 884, 913, 916, 925]",[],"[120, 304, 591, 762]","[31, 142, 147, 180, 338, 352, 367, 387, 403, 405, 408, 410, 455, 465, 466, 468, 470, 472, 473, 483, 484, 514, 613, 618, 651, 794, 807, 837, 852, 854, 858, 861, 902, 912, 913, 915, 917, 919, 920, 931, 934, 935]","[31, 142, 147, 180, 338, 352, 367, 387, 403, 405, 408, 410, 455, 465, 466, 468, 470, 472, 473, 483, 484, 514, 613, 618, 651, 794, 807, 837, 852, 854, 858, 861, 902, 912, 913, 915, 917, 919, 920, 931, 934, 935]","[514, 387, 902, 651, 142, 912, 913, 147, 916, 149, 403, 405, 408, 915, 410, 794, 917, 925, 919, 31, 920, 931, 934, 807, 935, 432, 304, 180, 837, 455, 591, 465, 338, 466, 468, 469, 470, 852, 472, 473, 854, 858, 476, 861, 352, 483, 484, 613, 618, 620, 367, 884, 120, 762]",False,[],[],[],"[149, 432, 466, 469, 476, 620, 884, 913, 916, 925]","[120, 304, 591, 762]","[31, 142, 147, 180, 338, 352, 367, 387, 403, 405, 408, 410, 455, 465, 466, 468, 470, 472, 473, 483, 484, 514, 613, 618, 651, 794, 807, 837, 852, 854, 858, 861, 902, 912, 913, 915, 917, 919, 920, 931, 934, 935]","[31, 142, 147, 180, 338, 352, 367, 387, 403, 405, 408, 410, 455, 465, 466, 468, 470, 472, 473, 483, 484, 514, 613, 618, 651, 794, 807, 837, 852, 854, 858, 861, 902, 912, 913, 915, 917, 919, 920, 931, 934, 935]",0/6 successful match,False,,False,59,False,,,,,
"Pocatello , 83201 Jet Stop ( Sinclair )",208-234-1641 I-86 Exit 56,S,Pocatello,83201,Jet Stop ( Sinclair ),208-234-1641,2007,Pocatello,ID,Sinclair,,I-86 Exit 56,Exit,56,False,,False,I-86,,,,,[],[],[],"[149, 432, 466, 469, 476, 620, 884, 913, 916, 925]",[],"[120, 304, 591, 762]","[31, 142, 147, 180, 338, 352, 367, 387, 403, 405, 408, 410, 455, 465, 466, 468, 470, 472, 473, 483, 484, 514, 613, 618, 651, 794, 807, 837, 852, 854, 858, 861, 902, 912, 913, 915, 917, 919, 920, 931, 934, 935]","[31, 142, 147, 180, 338, 352, 367, 387, 403, 405, 408, 410, 455, 465, 466, 468, 470, 472, 473, 483, 484, 514, 613, 618, 651, 794, 807, 837, 852, 854, 858, 861, 902, 912, 913, 915, 917, 919, 920, 931, 934, 935]","[514, 387, 902, 651, 142, 912, 913, 147, 916, 149, 403, 405, 408, 915, 410, 794, 917, 925, 919, 31, 920, 931, 934, 807, 935, 432, 304, 180, 837, 455, 591, 465, 338, 466, 468, 469, 470, 852, 472, 473, 854, 858, 476, 861, 352, 483, 484, 613, 618, 620, 367, 884, 120, 762]",False,[],[],[],"[149, 432, 466, 469, 476, 620, 884, 913, 916, 925]","[120, 304, 591, 762]","[31, 142, 147, 180, 338, 352, 367, 387, 403, 405, 408, 410, 455, 465, 466, 468, 470, 472, 473, 483, 484, 514, 613, 618, 651, 794, 807, 837, 852, 854, 858, 861, 902, 912, 913, 915, 917, 919, 920, 931, 934, 935]","[31, 142, 147, 180, 338, 352, 367, 387, 403, 405, 408, 410, 455, 465, 466, 468, 470, 472, 473, 483, 484, 514, 613, 618, 651, 794, 807, 837, 852, 854, 858, 861, 902, 912, 913, 915, 917, 919, 920, 931, 934, 935]",0/6 successful match,False,,False,59,False,,1.0,True,Jet Stop ( Sinclair ),Sinclair
"Pocatello , 83201 Jet Stop ( Sinclair 1 mi N on US 30 )",6 208-234-1641 I-86 Exit 56 ),S <U+2610>,Pocatello,83201,Jet Stop ( Sinclair 1 mi N on US 30 ),208-234-1641,2008,Pocatello,ID,Sinclair,,I-86 Exit 56 ,Exit,56,False,,False,I-86,,,,,[],[],[],"[149, 432, 466, 469, 476, 620, 884, 913, 916, 925]",[],"[120, 304, 591, 762]","[31, 142, 147, 180, 338, 352, 367, 387, 403, 405, 408, 410, 455, 465, 466, 468, 470, 472, 473, 483, 484, 514, 613, 618, 651, 794, 807, 837, 852, 854, 858, 861, 902, 912, 913, 915, 917, 919, 920, 931, 934, 935]","[31, 142, 147, 180, 338, 352, 367, 387, 403, 405, 408, 410, 455, 465, 466, 468, 470, 472, 473, 483, 484, 514, 613, 618, 651, 794, 807, 837, 852, 854, 858, 861, 902, 912, 913, 915, 917, 919, 920, 931, 934, 935]","[514, 387, 902, 651, 142, 912, 913, 147, 916, 149, 403, 405, 408, 915, 410, 794, 917, 925, 919, 31, 920, 931, 934, 807, 935, 432, 304, 180, 837, 455, 591, 465, 338, 466, 468, 469, 470, 852, 472, 473, 854, 858, 476, 861, 352, 483, 484, 613, 618, 620, 367, 884, 120, 762]",False,[],[],[],"[149, 432, 466, 469, 476, 620, 884, 913, 916, 925]","[120, 304, 591, 762]","[31, 142, 147, 180, 338, 352, 367, 387, 403, 405, 408, 410, 455, 465, 466, 468, 470, 472, 473, 483, 484, 514, 613, 618, 651, 794, 807, 837, 852, 854, 858, 861, 902, 912, 913, 915, 917, 919, 920, 931, 934, 935]","[31, 142, 147, 180, 338, 352, 367, 387, 403, 405, 408, 410, 455, 465, 466, 468, 470, 472, 473, 483, 484, 514, 613, 618, 651, 794, 807, 837, 852, 854, 858, 861, 902, 912, 913, 915, 917, 919, 920, 931, 934, 935]",0/6 successful match,False,,False,59,False,,0.9839080459770115,True,Jet Stop ( Sinclair ),Sinclair
H Pocatello ( 83201 ) Jet Stop ( Sinclair ),6 208-234-1641 I-86 Exit 56,S,Pocatello,83201,Jet Stop ( Sinclair ),208-234-1641,2014,Pocatello,ID,Sinclair,,I-86 Exit 56,Exit,56,False,,False,I-86,,,,,[],[],[],"[149, 432, 466, 469, 476, 620, 884, 913, 916, 925]",[],"[120, 304, 591, 762]","[31, 142, 147, 180, 338, 352, 367, 387, 403, 405, 408, 410, 455, 465, 466, 468, 470, 472, 473, 483, 484, 514, 613, 618, 651, 794, 807, 837, 852, 854, 858, 861, 902, 912, 913, 915, 917, 919, 920, 931, 934, 935]","[31, 142, 147, 180, 338, 352, 367, 387, 403, 405, 408, 410, 455, 465, 466, 468, 470, 472, 473, 483, 484, 514, 613, 618, 651, 794, 807, 837, 852, 854, 858, 861, 902, 912, 913, 915, 917, 919, 920, 931, 934, 935]","[514, 387, 902, 651, 142, 912, 913, 147, 916, 149, 403, 405, 408, 915, 410, 794, 917, 925, 919, 31, 920, 931, 934, 807, 935, 432, 304, 180, 837, 455, 591, 465, 338, 466, 468, 469, 470, 852, 472, 473, 854, 858, 476, 861, 352, 483, 484, 613, 618, 620, 367, 884, 120, 762]",False,[],[],[],"[149, 432, 466, 469, 476, 620, 884, 913, 916, 925]","[120, 304, 591, 762]","[31, 142, 147, 180, 338, 352, 367, 387, 403, 405, 408, 410, 455, 465, 466, 468, 470, 472, 473, 483, 484, 514, 613, 618, 651, 794, 807, 837, 852, 854, 858, 861, 902, 912, 913, 915, 917, 919, 920, 931, 934, 935]","[31, 142, 147, 180, 338, 352, 367, 387, 403, 405, 408, 410, 455, 465, 466, 468, 470, 472, 473, 483, 484, 514, 613, 618, 651, 794, 807, 837, 852, 854, 858, 861, 902, 912, 913, 915, 917, 919, 920, 931, 934, 935]",0/6 successful match,False,,False,59,False,,0.9839080459770115,True,Jet Stop ( Sinclair 1 mi N on US 30 ),Sinclair
H Pocatello ( 83201 ) Jet Stop ( Sinclair ),6 208-234-1641 I-86 Exit 56,SO <U+2610>,Pocatello,83201,Jet Stop ( Sinclair ),208-234-1641,2015,Pocatello,ID,Sinclair,,I-86 Exit 56,Exit,56,False,,False,I-86,,,,,[],[],[],"[149, 432, 466, 469, 476, 620, 884, 913, 916, 925]",[],"[120, 304, 591, 762]","[31, 142, 147, 180, 338, 352, 367, 387, 403, 405, 408, 410, 455, 465, 466, 468, 470, 472, 473, 483, 484, 514, 613, 618, 651, 794, 807, 837, 852, 854, 858, 861, 902, 912, 913, 915, 917, 919, 920, 931, 934, 935]","[31, 142, 147, 180, 338, 352, 367, 387, 403, 405, 408, 410, 455, 465, 466, 468, 470, 472, 473, 483, 484, 514, 613, 618, 651, 794, 807, 837, 852, 854, 858, 861, 902, 912, 913, 915, 917, 919, 920, 931, 934, 935]","[514, 387, 902, 651, 142, 912, 913, 147, 916, 149, 403, 405, 408, 915, 410, 794, 917, 925, 919, 31, 920, 931, 934, 807, 935, 432, 304, 180, 837, 455, 591, 465, 338, 466, 468, 469, 470, 852, 472, 473, 854, 858, 476, 861, 352, 483, 484, 613, 618, 620, 367, 884, 120, 762]",False,[],[],[],"[149, 432, 466, 469, 476, 620, 884, 913, 916, 925]","[120, 304, 591, 762]","[31, 142, 147, 180, 338, 352, 367, 387, 403, 405, 408, 410, 455, 465, 466, 468, 470, 472, 473, 483, 484, 514, 613, 618, 651, 794, 807, 837, 852, 854, 858, 861, 902, 912, 913, 915, 917, 919, 920, 931, 934, 935]","[31, 142, 147, 180, 338, 352, 367, 387, 403, 405, 408, 410, 455, 465, 466, 468, 470, 472, 473, 483, 484, 514, 613, 618, 651, 794, 807, 837, 852, 854, 858, 861, 902, 912, 913, 915, 917, 919, 920, 931, 934, 935]",0/6 successful match,False,,False,59,False,,1.0,True,Jet Stop ( Sinclair ),Sinclair
Pocatello ( 83201 ) Jet Stop ( Sinclair ),208-234-1641 I-86 Exit 56,S D,Pocatello,83201,Jet Stop ( Sinclair ),208-234-1641,2016,Pocatello,ID,Sinclair,,I-86 Exit 56,Exit,56,False,,False,I-86,,,,,[],[],[],"[149, 432, 466, 469, 476, 620, 884, 913, 916, 925]",[],"[120, 304, 591, 762]","[31, 142, 147, 180, 338, 352, 367, 387, 403, 405, 408, 410, 455, 465, 466, 468, 470, 472, 473, 483, 484, 514, 613, 618, 651, 794, 807, 837, 852, 854, 858, 861, 902, 912, 913, 915, 917, 919, 920, 931, 934, 935]","[31, 142, 147, 180, 338, 352, 367, 387, 403, 405, 408, 410, 455, 465, 466, 468, 470, 472, 473, 483, 484, 514, 613, 618, 651, 794, 807, 837, 852, 854, 858, 861, 902, 912, 913, 915, 917, 919, 920, 931, 934, 935]","[514, 387, 902, 651, 142, 912, 913, 147, 916, 149, 403, 405, 408, 915, 410, 794, 917, 925, 919, 31, 920, 931, 934, 807, 935, 432, 304, 180, 837, 455, 591, 465, 338, 466, 468, 469, 470, 852, 472, 473, 854, 858, 476, 861, 352, 483, 484, 613, 618, 620, 367, 884, 120, 762]",False,[],[],[],"[149, 432, 466, 469, 476, 620, 884, 913, 916, 925]","[120, 304, 591, 762]","[31, 142, 147, 180, 338, 352, 367, 387, 403, 405, 408, 410, 455, 465, 466, 468, 470, 472, 473, 483, 484, 514, 613, 618, 651, 794, 807, 837, 852, 854, 858, 861, 902, 912, 913, 915, 917, 919, 920, 931, 934, 935]","[31, 142, 147, 180, 338, 352, 367, 387, 403, 405, 408, 410, 455, 465, 466, 468, 470, 472, 473, 483, 484, 514, 613, 618, 651, 794, 807, 837, 852, 854, 858, 861, 902, 912, 913, 915, 917, 919, 920, 931, 934, 935]",0/6 successful match,False,,False,59,False,,1.0,True,Jet Stop ( Sinclair ),Sinclair
"Pocatello , 83202 Jackson's Food Store # 30 ( Shell )",208-637-0881 I-86 Exit 61,- <U+2610> L <U+2610>,Pocatello,83202,Jackson's Food Store # 30 ( Shell ),208-637-0881,2006,Pocatello,ID,Shell,,I-86 Exit 61,Exit,61,False,,False,I-86,,,,,[],[],[],"[116, 118, 161, 169, 170, 174, 303, 587, 589, 633, 640, 641, 645, 761, 792]",[],"[120, 304, 591, 762]","[1, 13, 14, 29, 54, 55, 56, 57, 58, 60, 102, 118, 125, 127, 130, 134, 146, 149, 153, 175, 182, 187, 189, 191, 197, 225, 230, 238, 264, 265, 266, 286, 302, 317, 336, 379, 388, 389, 425, 454, 458, 463, 475, 487, 498, 499, 512, 530, 531, 532, 533, 534, 536, 573, 589, 596, 598, 601, 605, 617, 620, 624, 646, 653, 658, 660, 662, 668, 689, 694, 702, 724, 725, 745, 760, 775, 793, 829, 838, 839, 877, 901, 903, 905, 910, 923]","[1, 13, 14, 29, 54, 55, 56, 57, 58, 60, 102, 118, 125, 127, 130, 134, 146, 149, 153, 175, 182, 187, 189, 191, 197, 225, 230, 238, 264, 265, 266, 286, 302, 317, 336, 354, 379, 388, 389, 425, 454, 458, 463, 475, 487, 498, 499, 512, 530, 531, 532, 533, 534, 536, 573, 589, 596, 598, 601, 605, 617, 620, 624, 646, 653, 658, 660, 662, 668, 689, 694, 702, 724, 725, 745, 760, 775, 793, 809, 829, 838, 839, 877, 901, 903, 905, 910, 923]","[512, 1, 13, 14, 530, 531, 532, 533, 534, 536, 29, 54, 55, 56, 57, 58, 60, 573, 587, 589, 591, 596, 598, 601, 605, 102, 617, 620, 624, 116, 118, 120, 633, 125, 127, 640, 641, 130, 645, 134, 646, 653, 146, 658, 660, 149, 662, 153, 668, 161, 169, 170, 174, 175, 689, 182, 694, 187, 189, 702, 191, 197, 724, 725, 225, 230, 745, 238, 760, 761, 762, 775, 264, 265, 266, 792, 793, 286, 809, 302, 303, 304, 317, 829, 838, 839, 336, 354, 877, 379, 388, 389, 901, 903, 905, 910, 923, 425, 454, 458, 463, 475, 487, 498, 499]",False,[],[],[],"[116, 118, 161, 169, 170, 174, 303, 587, 589, 633, 640, 641, 645, 761, 792]","[120, 304, 591, 762]","[1, 13, 14, 29, 54, 55, 56, 57, 58, 60, 102, 118, 125, 127, 130, 134, 146, 149, 153, 175, 182, 187, 189, 191, 197, 225, 230, 238, 264, 265, 266, 286, 302, 317, 336, 354, 379, 388, 389, 425, 454, 458, 463, 475, 487, 498, 499, 512, 530, 531, 532, 533, 534, 536, 573, 589, 596, 598, 601, 605, 617, 620, 624, 646, 653, 658, 660, 662, 668, 689, 694, 702, 724, 725, 745, 760, 775, 793, 809, 829, 838, 839, 877, 901, 903, 905, 910, 923]","[1, 13, 14, 29, 54, 55, 56, 57, 58, 60, 102, 118, 125, 127, 130, 134, 146, 149, 153, 175, 182, 187, 189, 191, 197, 225, 230, 238, 264, 265, 266, 286, 302, 317, 336, 379, 388, 389, 425, 454, 458, 463, 475, 487, 498, 499, 512, 530, 531, 532, 533, 534, 536, 573, 589, 596, 598, 601, 605, 617, 620, 624, 646, 653, 658, 660, 662, 668, 689, 694, 702, 724, 725, 745, 760, 775, 793, 829, 838, 839, 877, 901, 903, 905, 910, 923]",0/6 successful match,False,,False,60,False,,,,,
"Pocatello , 83202 Jackson's Food Store # 30 ( Shell )",208-637-0881 I-86 Exit 61,S 000,Pocatello,83202,Jackson's Food Store # 30 ( Shell ),208-637-0881,2007,Pocatello,ID,Shell,,I-86 Exit 61,Exit,61,False,,False,I-86,,,,,[],[],[],"[116, 118, 161, 169, 170, 174, 303, 587, 589, 633, 640, 641, 645, 761, 792]",[],"[120, 304, 591, 762]","[1, 13, 14, 29, 54, 55, 56, 57, 58, 60, 102, 118, 125, 127, 130, 134, 146, 149, 153, 175, 182, 187, 189, 191, 197, 225, 230, 238, 264, 265, 266, 286, 302, 317, 336, 379, 388, 389, 425, 454, 458, 463, 475, 487, 498, 499, 512, 530, 531, 532, 533, 534, 536, 573, 589, 596, 598, 601, 605, 617, 620, 624, 646, 653, 658, 660, 662, 668, 689, 694, 702, 724, 725, 745, 760, 775, 793, 829, 838, 839, 877, 901, 903, 905, 910, 923]","[1, 13, 14, 29, 54, 55, 56, 57, 58, 60, 102, 118, 125, 127, 130, 134, 146, 149, 153, 175, 182, 187, 189, 191, 197, 225, 230, 238, 264, 265, 266, 286, 302, 317, 336, 354, 379, 388, 389, 425, 454, 458, 463, 475, 487, 498, 499, 512, 530, 531, 532, 533, 534, 536, 573, 589, 596, 598, 601, 605, 617, 620, 624, 646, 653, 658, 660, 662, 668, 689, 694, 702, 724, 725, 745, 760, 775, 793, 809, 829, 838, 839, 877, 901, 903, 905, 910, 923]","[512, 1, 13, 14, 530, 531, 532, 533, 534, 536, 29, 54, 55, 56, 57, 58, 60, 573, 587, 589, 591, 596, 598, 601, 605, 102, 617, 620, 624, 116, 118, 120, 633, 125, 127, 640, 641, 130, 645, 134, 646, 653, 146, 658, 660, 149, 662, 153, 668, 161, 169, 170, 174, 175, 689, 182, 694, 187, 189, 702, 191, 197, 724, 725, 225, 230, 745, 238, 760, 761, 762, 775, 264, 265, 266, 792, 793, 286, 809, 302, 303, 304, 317, 829, 838, 839, 336, 354, 877, 379, 388, 389, 901, 903, 905, 910, 923, 425, 454, 458, 463, 475, 487, 498, 499]",False,[],[],[],"[116, 118, 161, 169, 170, 174, 303, 587, 589, 633, 640, 641, 645, 761, 792]","[120, 304, 591, 762]","[1, 13, 14, 29, 54, 55, 56, 57, 58, 60, 102, 118, 125, 127, 130, 134, 146, 149, 153, 175, 182, 187, 189, 191, 197, 225, 230, 238, 264, 265, 266, 286, 302, 317, 336, 354, 379, 388, 389, 425, 454, 458, 463, 475, 487, 498, 499, 512, 530, 531, 532, 533, 534, 536, 573, 589, 596, 598, 601, 605, 617, 620, 624, 646, 653, 658, 660, 662, 668, 689, 694, 702, 724, 725, 745, 760, 775, 793, 809, 829, 838, 839, 877, 901, 903, 905, 910, 923]","[1, 13, 14, 29, 54, 55, 56, 57, 58, 60, 102, 118, 125, 127, 130, 134, 146, 149, 153, 175, 182, 187, 189, 191, 197, 225, 230, 238, 264, 265, 266, 286, 302, 317, 336, 379, 388, 389, 425, 454, 458, 463, 475, 487, 498, 499, 512, 530, 531, 532, 533, 534, 536, 573, 589, 596, 598, 601, 605, 617, 620, 624, 646, 653, 658, 660, 662, 668, 689, 694, 702, 724, 725, 745, 760, 775, 793, 829, 838, 839, 877, 901, 903, 905, 910, 923]",0/6 successful match,False,,False,60,False,,1.0,True,Jackson's Food Store # 30 ( Shell ),Shell
"Pocatello , 83202 Jackson's Food Store E on # US 30 )",6 208-637-0881 I-86 Exit 61 30 ( Shell ),HRS 24 22 S <U+2610><U+2610><U+2610><U+2610>,Pocatello,83202,Jackson's Food Store E on # US 30 ),208-637-0881,2008,Pocatello,ID,,( Shell ),I-86 Exit 61 30 ,Exit,61,False,,False,I-86,,,,,[],[],[],"[116, 118, 161, 169, 170, 174, 303, 587, 589, 633, 640, 641, 645, 761, 792]",[],"[120, 304, 591, 762]",[],[],"[640, 641, 645, 792, 161, 169, 170, 174, 303, 304, 587, 589, 591, 633, 116, 118, 120, 761, 762]",False,[],[],[],"[116, 118, 161, 169, 170, 174, 303, 587, 589, 633, 640, 641, 645, 761, 792]","[120, 304, 591, 762]",[],[],0/6 successful match,False,,False,60,False,,1.0,True,Jackson's Food Store # 30 ( Shell ),Shell
Pocatello ( 83202 ) Jacksons # 030 ( Shell ),6 208-637-0881 I-86 Exit 61 ( US 91 N ),24 S <U+2610>,Pocatello,83202,Jacksons # 030 ( Shell ),208-637-0881,2014,Pocatello,ID,Shell,( US 91 N ),I-86 Exit 61 ,Exit,61,False,,False,I-86,,,,,[],[],[],"[116, 118, 161, 169, 170, 174, 303, 587, 589, 633, 640, 641, 645, 761, 792]",[],"[120, 304, 591, 762]","[1, 13, 14, 29, 54, 55, 56, 57, 58, 60, 102, 118, 125, 127, 130, 134, 146, 149, 153, 175, 182, 187, 189, 191, 197, 225, 230, 238, 264, 265, 266, 286, 302, 317, 336, 379, 388, 389, 425, 454, 458, 463, 475, 487, 498, 499, 512, 530, 531, 532, 533, 534, 536, 573, 589, 596, 598, 601, 605, 617, 620, 624, 646, 653, 658, 660, 662, 668, 689, 694, 702, 724, 725, 745, 760, 775, 793, 829, 838, 839, 877, 901, 903, 905, 910, 923]","[1, 13, 14, 29, 54, 55, 56, 57, 58, 60, 102, 118, 125, 127, 130, 134, 146, 149, 153, 175, 182, 187, 189, 191, 197, 225, 230, 238, 264, 265, 266, 286, 302, 317, 336, 354, 379, 388, 389, 425, 454, 458, 463, 475, 487, 498, 499, 512, 530, 531, 532, 533, 534, 536, 573, 589, 596, 598, 601, 605, 617, 620, 624, 646, 653, 658, 660, 662, 668, 689, 694, 702, 724, 725, 745, 760, 775, 793, 809, 829, 838, 839, 877, 901, 903, 905, 910, 923]","[512, 1, 13, 14, 530, 531, 532, 533, 534, 536, 29, 54, 55, 56, 57, 58, 60, 573, 587, 589, 591, 596, 598, 601, 605, 102, 617, 620, 624, 116, 118, 120, 633, 125, 127, 640, 641, 130, 645, 134, 646, 653, 146, 658, 660, 149, 662, 153, 668, 161, 169, 170, 174, 175, 689, 182, 694, 187, 189, 702, 191, 197, 724, 725, 225, 230, 745, 238, 760, 761, 762, 775, 264, 265, 266, 792, 793, 286, 809, 302, 303, 304, 317, 829, 838, 839, 336, 354, 877, 379, 388, 389, 901, 903, 905, 910, 923, 425, 454, 458, 463, 475, 487, 498, 499]",False,[],[],[],"[116, 118, 161, 169, 170, 174, 303, 587, 589, 633, 640, 641, 645, 761, 792]","[120, 304, 591, 762]","[1, 13, 14, 29, 54, 55, 56, 57, 58, 60, 102, 118, 125, 127, 130, 134, 146, 149, 153, 175, 182, 187, 189, 191, 197, 225, 230, 238, 264, 265, 266, 286, 302, 317, 336, 354, 379, 388, 389, 425, 454, 458, 463, 475, 487, 498, 499, 512, 530, 531, 532, 533, 534, 536, 573, 589, 596, 598, 601, 605, 617, 620, 624, 646, 653, 658, 660, 662, 668, 689, 694, 702, 724, 725, 745, 760, 775, 793, 809, 829, 838, 839, 877, 901, 903, 905, 910, 923]","[1, 13, 14, 29, 54, 55, 56, 57, 58, 60, 102, 118, 125, 127, 130, 134, 146, 149, 153, 175, 182, 187, 189, 191, 197, 225, 230, 238, 264, 265, 266, 286, 302, 317, 336, 379, 388, 389, 425, 454, 458, 463, 475, 487, 498, 499, 512, 530, 531, 532, 533, 534, 536, 573, 589, 596, 598, 601, 605, 617, 620, 624, 646, 653, 658, 660, 662, 668, 689, 694, 702, 724, 725, 745, 760, 775, 793, 829, 838, 839, 877, 901, 903, 905, 910, 923]",0/6 successful match,False,,False,60,False,,0.2542372881355932,True,Jackson's Food Store E on # US 30 ),
H Pocatello ( 83202 ) Jacksons # 030 ( Shell ),6 208-637-0881 I-86 Exit 61 ( US 91 N ),24 SO D,Pocatello,83202,Jacksons # 030 ( Shell ),208-637-0881,2015,Pocatello,ID,Shell,( US 91 N ),I-86 Exit 61 ,Exit,61,False,,False,I-86,,,,,[],[],[],"[116, 118, 161, 169, 170, 174, 303, 587, 589, 633, 640, 641, 645, 761, 792]",[],"[120, 304, 591, 762]","[1, 13, 14, 29, 54, 55, 56, 57, 58, 60, 102, 118, 125, 127, 130, 134, 146, 149, 153, 175, 182, 187, 189, 191, 197, 225, 230, 238, 264, 265, 266, 286, 302, 317, 336, 379, 388, 389, 425, 454, 458, 463, 475, 487, 498, 499, 512, 530, 531, 532, 533, 534, 536, 573, 589, 596, 598, 601, 605, 617, 620, 624, 646, 653, 658, 660, 662, 668, 689, 694, 702, 724, 725, 745, 760, 775, 793, 829, 838, 839, 877, 901, 903, 905, 910, 923]","[1, 13, 14, 29, 54, 55, 56, 57, 58, 60, 102, 118, 125, 127, 130, 134, 146, 149, 153, 175, 182, 187, 189, 191, 197, 225, 230, 238, 264, 265, 266, 286, 302, 317, 336, 354, 379, 388, 389, 425, 454, 458, 463, 475, 487, 498, 499, 512, 530, 531, 532, 533, 534, 536, 573, 589, 596, 598, 601, 605, 617, 620, 624, 646, 653, 658, 660, 662, 668, 689, 694, 702, 724, 725, 745, 760, 775, 793, 809, 829, 838, 839, 877, 901, 903, 905, 910, 923]","[512, 1, 13, 14, 530, 531, 532, 533, 534, 536, 29, 54, 55, 56, 57, 58, 60, 573, 587, 589, 591, 596, 598, 601, 605, 102, 617, 620, 624, 116, 118, 120, 633, 125, 127, 640, 641, 130, 645, 134, 646, 653, 146, 658, 660, 149, 662, 153, 668, 161, 169, 170, 174, 175, 689, 182, 694, 187, 189, 702, 191, 197, 724, 725, 225, 230, 745, 238, 760, 761, 762, 775, 264, 265, 266, 792, 793, 286, 809, 302, 303, 304, 317, 829, 838, 839, 336, 354, 877, 379, 388, 389, 901, 903, 905, 910, 923, 425, 454, 458, 463, 475, 487, 498, 499]",False,[],[],[],"[116, 118, 161, 169, 170, 174, 303, 587, 589, 633, 640, 641, 645, 761, 792]","[120, 304, 591, 762]","[1, 13, 14, 29, 54, 55, 56, 57, 58, 60, 102, 118, 125, 127, 130, 134, 146, 149, 153, 175, 182, 187, 189, 191, 197, 225, 230, 238, 264, 265, 266, 286, 302, 317, 336, 354, 379, 388, 389, 425, 454, 458, 463, 475, 487, 498, 499, 512, 530, 531, 532, 533, 534, 536, 573, 589, 596, 598, 601, 605, 617, 620, 624, 646, 653, 658, 660, 662, 668, 689, 694, 702, 724, 725, 745, 760, 775, 793, 809, 829, 838, 839, 877, 901, 903, 905, 910, 923]","[1, 13, 14, 29, 54, 55, 56, 57, 58, 60, 102, 118, 125, 127, 130, 134, 146, 149, 153, 175, 182, 187, 189, 191, 197, 225, 230, 238, 264, 265, 266, 286, 302, 317, 336, 379, 388, 389, 425, 454, 458, 463, 475, 487, 498, 499, 512, 530, 531, 532, 533, 534, 536, 573, 589, 596, 598, 601, 605, 617, 620, 624, 646, 653, 658, 660, 662, 668, 689, 694, 702, 724, 725, 745, 760, 775, 793, 829, 838, 839, 877, 901, 903, 905, 910, 923]",0/6 successful match,False,,False,60,False,,1.0,True,Jacksons # 030 ( Shell ),Shell
Pocatello ( 83202 ) Jacksons # 030 ( Shell ),208-637-0881 I-86 Exit 61 ( US 91 N ),24 SO 0,Pocatello,83202,Jacksons # 030 ( Shell ),208-637-0881,2016,Pocatello,ID,Shell,( US 91 N ),I-86 Exit 61 ,Exit,61,False,,False,I-86,,,,,[],[],[],"[116, 118, 161, 169, 170, 174, 303, 587, 589, 633, 640, 641, 645, 761, 792]",[],"[120, 304, 591, 762]","[1, 13, 14, 29, 54, 55, 56, 57, 58, 60, 102, 118, 125, 127, 130, 134, 146, 149, 153, 175, 182, 187, 189, 191, 197, 225, 230, 238, 264, 265, 266, 286, 302, 317, 336, 379, 388, 389, 425, 454, 458, 463, 475, 487, 498, 499, 512, 530, 531, 532, 533, 534, 536, 573, 589, 596, 598, 601, 605, 617, 620, 624, 646, 653, 658, 660, 662, 668, 689, 694, 702, 724, 725, 745, 760, 775, 793, 829, 838, 839, 877, 901, 903, 905, 910, 923]","[1, 13, 14, 29, 54, 55, 56, 57, 58, 60, 102, 118, 125, 127, 130, 134, 146, 149, 153, 175, 182, 187, 189, 191, 197, 225, 230, 238, 264, 265, 266, 286, 302, 317, 336, 354, 379, 388, 389, 425, 454, 458, 463, 475, 487, 498, 499, 512, 530, 531, 532, 533, 534, 536, 573, 589, 596, 598, 601, 605, 617, 620, 624, 646, 653, 658, 660, 662, 668, 689, 694, 702, 724, 725, 745, 760, 775, 793, 809, 829, 838, 839, 877, 901, 903, 905, 910, 923]","[512, 1, 13, 14, 530, 531, 532, 533, 534, 536, 29, 54, 55, 56, 57, 58, 60, 573, 587, 589, 591, 596, 598, 601, 605, 102, 617, 620, 624, 116, 118, 120, 633, 125, 127, 640, 641, 130, 645, 134, 646, 653, 146, 658, 660, 149, 662, 153, 668, 161, 169, 170, 174, 175, 689, 182, 694, 187, 189, 702, 191, 197, 724, 725, 225, 230, 745, 238, 760, 761, 762, 775, 264, 265, 266, 792, 793, 286, 809, 302, 303, 304, 317, 829, 838, 839, 336, 354, 877, 379, 388, 389, 901, 903, 905, 910, 923, 425, 454, 458, 463, 475, 487, 498, 499]",False,[],[],[],"[116, 118, 161, 169, 170, 174, 303, 587, 589, 633, 640, 641, 645, 761, 792]","[120, 304, 591, 762]","[1, 13, 14, 29, 54, 55, 56, 57, 58, 60, 102, 118, 125, 127, 130, 134, 146, 149, 153, 175, 182, 187, 189, 191, 197, 225, 230, 238, 264, 265, 266, 286, 302, 317, 336, 354, 379, 388, 389, 425, 454, 458, 463, 475, 487, 498, 499, 512, 530, 531, 532, 533, 534, 536, 573, 589, 596, 598, 601, 605, 617, 620, 624, 646, 653, 658, 660, 662, 668, 689, 694, 702, 724, 725, 745, 760, 775, 793, 809, 829, 838, 839, 877, 901, 903, 905, 910, 923]","[1, 13, 14, 29, 54, 55, 56, 57, 58, 60, 102, 118, 125, 127, 130, 134, 146, 149, 153, 175, 182, 187, 189, 191, 197, 225, 230, 238, 264, 265, 266, 286, 302, 317, 336, 379, 388, 389, 425, 454, 458, 463, 475, 487, 498, 499, 512, 530, 531, 532, 533, 534, 536, 573, 589, 596, 598, 601, 605, 617, 620, 624, 646, 653, 658, 660, 662, 668, 689, 694, 702, 724, 725, 745, 760, 775, 793, 829, 838, 839, 877, 901, 903, 905, 910, 923]",0/6 successful match,False,,False,60,False,,1.0,True,Jacksons # 030 ( Shell ),Shell
"Arbon Valley , 83203 Bannock Peak Truck Stop ( Sinclair",5 208-232-9413 I-86 Exit 52 ),S <U+2610> <U+2610>,Arbon Valley,83203,Bannock Peak Truck Stop ( Sinclair,208-232-9413,2006,Fort Hall,ID,Sinclair,,I-86 Exit 52 ,Exit,52,False,,False,I-86,,,,,[],[],"[298, 339, 428, 483, 757, 795, 880, 934]",[],[],"[120, 304, 591, 762]","[31, 142, 147, 180, 338, 352, 367, 387, 403, 405, 408, 410, 455, 465, 466, 468, 470, 472, 473, 483, 484, 514, 613, 618, 651, 794, 807, 837, 852, 854, 858, 861, 902, 912, 913, 915, 917, 919, 920, 931, 934, 935]","[31, 142, 147, 180, 338, 352, 367, 387, 403, 405, 408, 410, 455, 465, 466, 468, 470, 472, 473, 483, 484, 514, 613, 618, 651, 794, 807, 837, 852, 854, 858, 861, 902, 912, 913, 915, 917, 919, 920, 931, 934, 935]","[514, 387, 902, 651, 142, 912, 913, 147, 403, 405, 915, 917, 408, 919, 410, 795, 794, 920, 31, 931, 934, 807, 935, 298, 428, 304, 180, 837, 455, 591, 465, 338, 339, 466, 468, 470, 852, 472, 473, 854, 858, 861, 352, 483, 484, 613, 618, 367, 880, 757, 120, 762]",False,[],[],"[298, 339, 428, 483, 757, 795, 880, 934]",[],"[120, 304, 591, 762]","[31, 142, 147, 180, 338, 352, 367, 387, 403, 405, 408, 410, 455, 465, 466, 468, 470, 472, 473, 483, 484, 514, 613, 618, 651, 794, 807, 837, 852, 854, 858, 861, 902, 912, 913, 915, 917, 919, 920, 931, 934, 935]","[31, 142, 147, 180, 338, 352, 367, 387, 403, 405, 408, 410, 455, 465, 466, 468, 470, 472, 473, 483, 484, 514, 613, 618, 651, 794, 807, 837, 852, 854, 858, 861, 902, 912, 913, 915, 917, 919, 920, 931, 934, 935]",0/6 successful match,False,,False,61,False,,,,,
"Arbon Valley , 83203 Bannock Peak Truck Stop ( Sinclair )",5 208-232-9413 I-86 Exit 52,S,Arbon Valley,83203,Bannock Peak Truck Stop ( Sinclair ),208-232-9413,2007,Fort Hall,ID,Sinclair,,I-86 Exit 52,Exit,52,False,,False,I-86,,,,,[],[],"[298, 339, 428, 483, 757, 795, 880, 934]",[],[],"[120, 304, 591, 762]","[31, 142, 147, 180, 338, 352, 367, 387, 403, 405, 408, 410, 455, 465, 466, 468, 470, 472, 473, 483, 484, 514, 613, 618, 651, 794, 807, 837, 852, 854, 858, 861, 902, 912, 913, 915, 917, 919, 920, 931, 934, 935]","[31, 142, 147, 180, 338, 352, 367, 387, 403, 405, 408, 410, 455, 465, 466, 468, 470, 472, 473, 483, 484, 514, 613, 618, 651, 794, 807, 837, 852, 854, 858, 861, 902, 912, 913, 915, 917, 919, 920, 931, 934, 935]","[514, 387, 902, 651, 142, 912, 913, 147, 403, 405, 915, 917, 408, 919, 410, 795, 794, 920, 31, 931, 934, 807, 935, 298, 428, 304, 180, 837, 455, 591, 465, 338, 339, 466, 468, 470, 852, 472, 473, 854, 858, 861, 352, 483, 484, 613, 618, 367, 880, 757, 120, 762]",False,[],[],"[298, 339, 428, 483, 757, 795, 880, 934]",[],"[120, 304, 591, 762]","[31, 142, 147, 180, 338, 352, 367, 387, 403, 405, 408, 410, 455, 465, 466, 468, 470, 472, 473, 483, 484, 514, 613, 618, 651, 794, 807, 837, 852, 854, 858, 861, 902, 912, 913, 915, 917, 919, 920, 931, 934, 935]","[31, 142, 147, 180, 338, 352, 367, 387, 403, 405, 408, 410, 455, 465, 466, 468, 470, 472, 473, 483, 484, 514, 613, 618, 651, 794, 807, 837, 852, 854, 858, 861, 902, 912, 913, 915, 917, 919, 920, 931, 934, 935]",0/6 successful match,False,,False,61,False,,1.0,True,Bannock Peak Truck Stop ( Sinclair,Sinclair
"Arbon Valley , 83203 Bannock Peak Truck Stop ( Sinclair )",5 208-232-9413 I-86 Exit 52,HIRLS 24 MO,Arbon Valley,83203,Bannock Peak Truck Stop ( Sinclair ),208-232-9413,2008,Fort Hall,ID,Sinclair,,I-86 Exit 52,Exit,52,False,,False,I-86,,,,,[],[],"[298, 339, 428, 483, 757, 795, 880, 934]",[],[],"[120, 304, 591, 762]","[31, 142, 147, 180, 338, 352, 367, 387, 403, 405, 408, 410, 455, 465, 466, 468, 470, 472, 473, 483, 484, 514, 613, 618, 651, 794, 807, 837, 852, 854, 858, 861, 902, 912, 913, 915, 917, 919, 920, 931, 934, 935]","[31, 142, 147, 180, 338, 352, 367, 387, 403, 405, 408, 410, 455, 465, 466, 468, 470, 472, 473, 483, 484, 514, 613, 618, 651, 794, 807, 837, 852, 854, 858, 861, 902, 912, 913, 915, 917, 919, 920, 931, 934, 935]","[514, 387, 902, 651, 142, 912, 913, 147, 403, 405, 915, 917, 408, 919, 410, 795, 794, 920, 31, 931, 934, 807, 935, 298, 428, 304, 180, 837, 455, 591, 465, 338, 339, 466, 468, 470, 852, 472, 473, 854, 858, 861, 352, 483, 484, 613, 618, 367, 880, 757, 120, 762]",False,[],[],"[298, 339, 428, 483, 757, 795, 880, 934]",[],"[120, 304, 591, 762]","[31, 142, 147, 180, 338, 352, 367, 387, 403, 405, 408, 410, 455, 465, 466, 468, 470, 472, 473, 483, 484, 514, 613, 618, 651, 794, 807, 837, 852, 854, 858, 861, 902, 912, 913, 915, 917, 919, 920, 931, 934, 935]","[31, 142, 147, 180, 338, 352, 367, 387, 403, 405, 408, 410, 455, 465, 466, 468, 470, 472, 473, 483, 484, 514, 613, 618, 651, 794, 807, 837, 852, 854, 858, 861, 902, 912, 913, 915, 917, 919, 920, 931, 934, 935]",0/6 successful match,False,,False,61,False,,1.0,True,Bannock Peak Truck Stop ( Sinclair ),Sinclair
Arbon Valley ( 83203 ) Bannock Peak Truck Stop ( 66 ),5 208-232-9413 I-86 Exit 52,S D,Arbon Valley,83203,Bannock Peak Truck Stop ( 66 ),208-232-9413,2014,Fort Hall,ID,,,I-86 Exit 52,Exit,52,False,,False,I-86,,,,,[],[],"[298, 339, 428, 483, 757, 795, 880, 934]",[],[],"[120, 304, 591, 762]",[],"[401, 402, 424, 427, 464, 469, 850, 851, 876, 879, 911, 916]","[911, 401, 402, 916, 795, 934, 424, 298, 427, 428, 304, 591, 464, 850, 339, 851, 469, 483, 876, 879, 880, 757, 120, 762]",False,[],[],"[298, 339, 428, 483, 757, 795, 880, 934]",[],"[120, 304, 591, 762]","[401, 402, 424, 427, 464, 469, 850, 851, 876, 879, 911, 916]",[],0/6 successful match,False,,False,61,False,,0.9545454545454546,True,Bannock Peak Truck Stop ( Sinclair ),Sinclair
Arbon Valley ( 83203 ) Bannock Peak Truck Stop .,5 208-232-9413 I-86 Exit 52 ( 66 ),S TEL D,Arbon Valley,83203,Bannock Peak Truck Stop .,208-232-9413,2015,Fort Hall,ID,,( 66 ),I-86 Exit 52 ,Exit,52,False,,False,I-86,,,,,[],[],"[298, 339, 428, 483, 757, 795, 880, 934]",[],[],"[120, 304, 591, 762]",[],[],"[483, 934, 298, 428, 591, 880, 304, 339, 757, 120, 762, 795]",False,[],[],"[298, 339, 428, 483, 757, 795, 880, 934]",[],"[120, 304, 591, 762]",[],[],0/6 successful match,False,,False,61,False,,1.0,True,Bannock Peak Truck Stop ( 66 ),
Arbon Valley ( 83203 ) Bannock Peak Truck Stop ( 66 ),5 208-232-9413 I-86 Exit 52 L,L S,Arbon Valley,83203,Bannock Peak Truck Stop ( 66 ),208-232-9413,2016,Fort Hall,ID,,,I-86 Exit 52 L,Exit,52,False,,False,I-86,,,,,[],[],"[298, 339, 428, 483, 757, 795, 880, 934]",[],[],"[120, 304, 591, 762]",[],"[401, 402, 424, 427, 464, 469, 850, 851, 876, 879, 911, 916]","[911, 401, 402, 916, 795, 934, 424, 298, 427, 428, 304, 591, 464, 850, 339, 851, 469, 483, 876, 879, 880, 757, 120, 762]",False,[],[],"[298, 339, 428, 483, 757, 795, 880, 934]",[],"[120, 304, 591, 762]","[401, 402, 424, 427, 464, 469, 850, 851, 876, 879, 911, 916]",[],0/6 successful match,False,,False,61,False,,1.0,True,Bannock Peak Truck Stop .,
"Fort Hall , 83203 TP Truck Stop ( Sinclair",208-237-9064 I-15 Exit 80 ),HRS MO <U+2610>,Fort Hall,83203,TP Truck Stop ( Sinclair,208-237-9064,2006,Fort Hall,ID,Sinclair,,I-15 Exit 80 ,Exit,80,False,,False,I-15,,,,,[],[],"[483, 934]",[],[],"[16, 125, 156, 163, 168, 184, 205, 222, 229, 253, 258, 265, 313, 317, 336, 340, 341, 356, 363, 365, 366, 367, 370, 375, 388, 391, 394, 396, 402, 410, 411, 412, 413, 415, 416, 417, 418, 419, 425, 429, 431, 433, 435, 437, 440, 441, 442, 443, 451, 452, 456, 457, 458, 460, 461, 464, 471, 473, 474, 475, 481, 482, 501, 596, 628, 635, 655, 675, 693, 716, 720, 725, 771, 775, 793, 796, 797, 811, 817, 818, 820, 825, 838, 841, 844, 846, 851, 857, 861, 862, 863, 864, 866, 867, 868, 870, 871, 877, 881, 883, 885, 888, 891, 892, 893, 898, 899, 904, 905, 907, 908, 911, 918, 920, 921, 922, 923, 924, 926, 931, 933]","[31, 142, 147, 180, 338, 352, 367, 387, 403, 405, 408, 410, 455, 465, 466, 468, 470, 472, 473, 483, 484, 514, 613, 618, 651, 794, 807, 837, 852, 854, 858, 861, 902, 912, 913, 915, 917, 919, 920, 931, 934, 935]","[31, 142, 147, 180, 338, 352, 367, 387, 403, 405, 408, 410, 455, 465, 466, 468, 470, 472, 473, 483, 484, 514, 613, 618, 651, 794, 807, 837, 852, 854, 858, 861, 902, 912, 913, 915, 917, 919, 920, 931, 934, 935]","[514, 408, 16, 919, 31, 596, 613, 618, 628, 635, 125, 651, 142, 655, 147, 156, 163, 675, 168, 180, 693, 184, 716, 205, 720, 725, 222, 229, 253, 258, 771, 775, 265, 793, 794, 796, 797, 807, 811, 817, 818, 820, 313, 825, 317, 837, 838, 841, 844, 846, 336, 338, 851, 340, 341, 852, 854, 857, 858, 861, 862, 863, 864, 352, 866, 867, 356, 868, 870, 871, 363, 365, 366, 367, 877, 881, 370, 883, 885, 375, 888, 891, 892, 893, 898, 899, 388, 387, 902, 391, 904, 905, 394, 907, 396, 908, 911, 912, 913, 402, 403, 915, 405, 918, 917, 920, 921, 410, 411, 412, 413, 922, 415, 416, 417, 418, 419, 923, 924, 934, 926, 931, 425, 933, 935, 429, 431, 433, 435, 437, 440, 441, 442, 443, 451, 452, 455, 456, 457, 458, 460, 461, 464, 465, 466, 468, 470, 471, 472, 473, 474, 475, 481, 482, 483, 484, 501]",False,[],[],"[483, 934]",[],"[16, 125, 156, 163, 168, 184, 205, 222, 229, 253, 258, 265, 313, 317, 336, 340, 341, 356, 363, 365, 366, 367, 370, 375, 388, 391, 394, 396, 402, 410, 411, 412, 413, 415, 416, 417, 418, 419, 425, 429, 431, 433, 435, 437, 440, 441, 442, 443, 451, 452, 456, 457, 458, 460, 461, 464, 471, 473, 474, 475, 481, 482, 501, 596, 628, 635, 655, 675, 693, 716, 720, 725, 771, 775, 793, 796, 797, 811, 817, 818, 820, 825, 838, 841, 844, 846, 851, 857, 861, 862, 863, 864, 866, 867, 868, 870, 871, 877, 881, 883, 885, 888, 891, 892, 893, 898, 899, 904, 905, 907, 908, 911, 918, 920, 921, 922, 923, 924, 926, 931, 933]","[31, 142, 147, 180, 338, 352, 367, 387, 403, 405, 408, 410, 455, 465, 466, 468, 470, 472, 473, 483, 484, 514, 613, 618, 651, 794, 807, 837, 852, 854, 858, 861, 902, 912, 913, 915, 917, 919, 920, 931, 934, 935]","[31, 142, 147, 180, 338, 352, 367, 387, 403, 405, 408, 410, 455, 465, 466, 468, 470, 472, 473, 483, 484, 514, 613, 618, 651, 794, 807, 837, 852, 854, 858, 861, 902, 912, 913, 915, 917, 919, 920, 931, 934, 935]",0/6 successful match,False,,False,62,False,,,,,
"Fort Hall , 83203 TP Truck Stop ( Sinclair )",6 208-237-9064 I-15 Exit 80,24 HRS MO <U+2610>,Fort Hall,83203,TP Truck Stop ( Sinclair ),208-237-9064,2007,Fort Hall,ID,Sinclair,,I-15 Exit 80,Exit,80,False,,False,I-15,,,,,[],[],"[483, 934]",[],[],"[16, 125, 156, 163, 168, 184, 205, 222, 229, 253, 258, 265, 313, 317, 336, 340, 341, 356, 363, 365, 366, 367, 370, 375, 388, 391, 394, 396, 402, 410, 411, 412, 413, 415, 416, 417, 418, 419, 425, 429, 431, 433, 435, 437, 440, 441, 442, 443, 451, 452, 456, 457, 458, 460, 461, 464, 471, 473, 474, 475, 481, 482, 501, 596, 628, 635, 655, 675, 693, 716, 720, 725, 771, 775, 793, 796, 797, 811, 817, 818, 820, 825, 838, 841, 844, 846, 851, 857, 861, 862, 863, 864, 866, 867, 868, 870, 871, 877, 881, 883, 885, 888, 891, 892, 893, 898, 899, 904, 905, 907, 908, 911, 918, 920, 921, 922, 923, 924, 926, 931, 933]","[31, 142, 147, 180, 338, 352, 367, 387, 403, 405, 408, 410, 455, 465, 466, 468, 470, 472, 473, 483, 484, 514, 613, 618, 651, 794, 807, 837, 852, 854, 858, 861, 902, 912, 913, 915, 917, 919, 920, 931, 934, 935]","[31, 142, 147, 180, 338, 352, 367, 387, 403, 405, 408, 410, 455, 465, 466, 468, 470, 472, 473, 483, 484, 514, 613, 618, 651, 794, 807, 837, 852, 854, 858, 861, 902, 912, 913, 915, 917, 919, 920, 931, 934, 935]","[514, 408, 16, 919, 31, 596, 613, 618, 628, 635, 125, 651, 142, 655, 147, 156, 163, 675, 168, 180, 693, 184, 716, 205, 720, 725, 222, 229, 253, 258, 771, 775, 265, 793, 794, 796, 797, 807, 811, 817, 818, 820, 313, 825, 317, 837, 838, 841, 844, 846, 336, 338, 851, 340, 341, 852, 854, 857, 858, 861, 862, 863, 864, 352, 866, 867, 356, 868, 870, 871, 363, 365, 366, 367, 877, 881, 370, 883, 885, 375, 888, 891, 892, 893, 898, 899, 388, 387, 902, 391, 904, 905, 394, 907, 396, 908, 911, 912, 913, 402, 403, 915, 405, 918, 917, 920, 921, 410, 411, 412, 413, 922, 415, 416, 417, 418, 419, 923, 924, 934, 926, 931, 425, 933, 935, 429, 431, 433, 435, 437, 440, 441, 442, 443, 451, 452, 455, 456, 457, 458, 460, 461, 464, 465, 466, 468, 470, 471, 472, 473, 474, 475, 481, 482, 483, 484, 501]",False,[],[],"[483, 934]",[],"[16, 125, 156, 163, 168, 184, 205, 222, 229, 253, 258, 265, 313, 317, 336, 340, 341, 356, 363, 365, 366, 367, 370, 375, 388, 391, 394, 396, 402, 410, 411, 412, 413, 415, 416, 417, 418, 419, 425, 429, 431, 433, 435, 437, 440, 441, 442, 443, 451, 452, 456, 457, 458, 460, 461, 464, 471, 473, 474, 475, 481, 482, 501, 596, 628, 635, 655, 675, 693, 716, 720, 725, 771, 775, 793, 796, 797, 811, 817, 818, 820, 825, 838, 841, 844, 846, 851, 857, 861, 862, 863, 864, 866, 867, 868, 870, 871, 877, 881, 883, 885, 888, 891, 892, 893, 898, 899, 904, 905, 907, 908, 911, 918, 920, 921, 922, 923, 924, 926, 931, 933]","[31, 142, 147, 180, 338, 352, 367, 387, 403, 405, 408, 410, 455, 465, 466, 468, 470, 472, 473, 483, 484, 514, 613, 618, 651, 794, 807, 837, 852, 854, 858, 861, 902, 912, 913, 915, 917, 919, 920, 931, 934, 935]","[31, 142, 147, 180, 338, 352, 367, 387, 403, 405, 408, 410, 455, 465, 466, 468, 470, 472, 473, 483, 484, 514, 613, 618, 651, 794, 807, 837, 852, 854, 858, 861, 902, 912, 913, 915, 917, 919, 920, 931, 934, 935]",0/6 successful match,False,,False,62,False,,0.8879999999999999,True,TP Truck Stop ( Sinclair,Sinclair
"Fort Hall , 83203 TP Truck Stop ( Sinclair )",6 208-237-9064 I-15 Exit 80,24 24,Fort Hall,83203,TP Truck Stop ( Sinclair ),208-237-9064,2008,Fort Hall,ID,Sinclair,,I-15 Exit 80,Exit,80,False,,False,I-15,,,,,[],[],"[483, 934]",[],[],"[16, 125, 156, 163, 168, 184, 205, 222, 229, 253, 258, 265, 313, 317, 336, 340, 341, 356, 363, 365, 366, 367, 370, 375, 388, 391, 394, 396, 402, 410, 411, 412, 413, 415, 416, 417, 418, 419, 425, 429, 431, 433, 435, 437, 440, 441, 442, 443, 451, 452, 456, 457, 458, 460, 461, 464, 471, 473, 474, 475, 481, 482, 501, 596, 628, 635, 655, 675, 693, 716, 720, 725, 771, 775, 793, 796, 797, 811, 817, 818, 820, 825, 838, 841, 844, 846, 851, 857, 861, 862, 863, 864, 866, 867, 868, 870, 871, 877, 881, 883, 885, 888, 891, 892, 893, 898, 899, 904, 905, 907, 908, 911, 918, 920, 921, 922, 923, 924, 926, 931, 933]","[31, 142, 147, 180, 338, 352, 367, 387, 403, 405, 408, 410, 455, 465, 466, 468, 470, 472, 473, 483, 484, 514, 613, 618, 651, 794, 807, 837, 852, 854, 858, 861, 902, 912, 913, 915, 917, 919, 920, 931, 934, 935]","[31, 142, 147, 180, 338, 352, 367, 387, 403, 405, 408, 410, 455, 465, 466, 468, 470, 472, 473, 483, 484, 514, 613, 618, 651, 794, 807, 837, 852, 854, 858, 861, 902, 912, 913, 915, 917, 919, 920, 931, 934, 935]","[514, 408, 16, 919, 31, 596, 613, 618, 628, 635, 125, 651, 142, 655, 147, 156, 163, 675, 168, 180, 693, 184, 716, 205, 720, 725, 222, 229, 253, 258, 771, 775, 265, 793, 794, 796, 797, 807, 811, 817, 818, 820, 313, 825, 317, 837, 838, 841, 844, 846, 336, 338, 851, 340, 341, 852, 854, 857, 858, 861, 862, 863, 864, 352, 866, 867, 356, 868, 870, 871, 363, 365, 366, 367, 877, 881, 370, 883, 885, 375, 888, 891, 892, 893, 898, 899, 388, 387, 902, 391, 904, 905, 394, 907, 396, 908, 911, 912, 913, 402, 403, 915, 405, 918, 917, 920, 921, 410, 411, 412, 413, 922, 415, 416, 417, 418, 419, 923, 924, 934, 926, 931, 425, 933, 935, 429, 431, 433, 435, 437, 440, 441, 442, 443, 451, 452, 455, 456, 457, 458, 460, 461, 464, 465, 466, 468, 470, 471, 472, 473, 474, 475, 481, 482, 483, 484, 501]",False,[],[],"[483, 934]",[],"[16, 125, 156, 163, 168, 184, 205, 222, 229, 253, 258, 265, 313, 317, 336, 340, 341, 356, 363, 365, 366, 367, 370, 375, 388, 391, 394, 396, 402, 410, 411, 412, 413, 415, 416, 417, 418, 419, 425, 429, 431, 433, 435, 437, 440, 441, 442, 443, 451, 452, 456, 457, 458, 460, 461, 464, 471, 473, 474, 475, 481, 482, 501, 596, 628, 635, 655, 675, 693, 716, 720, 725, 771, 775, 793, 796, 797, 811, 817, 818, 820, 825, 838, 841, 844, 846, 851, 857, 861, 862, 863, 864, 866, 867, 868, 870, 871, 877, 881, 883, 885, 888, 891, 892, 893, 898, 899, 904, 905, 907, 908, 911, 918, 920, 921, 922, 923, 924, 926, 931, 933]","[31, 142, 147, 180, 338, 352, 367, 387, 403, 405, 408, 410, 455, 465, 466, 468, 470, 472, 473, 483, 484, 514, 613, 618, 651, 794, 807, 837, 852, 854, 858, 861, 902, 912, 913, 915, 917, 919, 920, 931, 934, 935]","[31, 142, 147, 180, 338, 352, 367, 387, 403, 405, 408, 410, 455, 465, 466, 468, 470, 472, 473, 483, 484, 514, 613, 618, 651, 794, 807, 837, 852, 854, 858, 861, 902, 912, 913, 915, 917, 919, 920, 931, 934, 935]",0/6 successful match,False,,False,62,False,,0.8999999999999999,True,TP Truck Stop ( Sinclair ),Sinclair
Fort Hall ( 83203 ) TP Truck Stop ( 66 ),208-237-9064 I-15 Exit 80,24 M,Fort Hall,83203,TP Truck Stop ( 66 ),208-237-9064,2014,Fort Hall,ID,,,I-15 Exit 80,Exit,80,False,,False,I-15,,,,,[],[],"[483, 934]",[],[],"[16, 125, 156, 163, 168, 184, 205, 222, 229, 253, 258, 265, 313, 317, 336, 340, 341, 356, 363, 365, 366, 367, 370, 375, 388, 391, 394, 396, 402, 410, 411, 412, 413, 415, 416, 417, 418, 419, 425, 429, 431, 433, 435, 437, 440, 441, 442, 443, 451, 452, 456, 457, 458, 460, 461, 464, 471, 473, 474, 475, 481, 482, 501, 596, 628, 635, 655, 675, 693, 716, 720, 725, 771, 775, 793, 796, 797, 811, 817, 818, 820, 825, 838, 841, 844, 846, 851, 857, 861, 862, 863, 864, 866, 867, 868, 870, 871, 877, 881, 883, 885, 888, 891, 892, 893, 898, 899, 904, 905, 907, 908, 911, 918, 920, 921, 922, 923, 924, 926, 931, 933]",[],"[401, 402, 424, 427, 464, 469, 850, 851, 876, 879, 911, 916]","[16, 596, 628, 635, 125, 655, 156, 163, 675, 168, 693, 184, 716, 205, 720, 725, 222, 229, 253, 258, 771, 775, 265, 793, 796, 797, 811, 817, 818, 820, 313, 825, 317, 838, 841, 844, 846, 336, 850, 851, 340, 341, 857, 861, 862, 863, 864, 866, 867, 356, 868, 870, 871, 363, 876, 365, 366, 367, 877, 881, 370, 883, 879, 885, 375, 888, 891, 892, 893, 898, 899, 388, 391, 904, 905, 394, 907, 396, 908, 911, 401, 402, 916, 918, 920, 921, 410, 411, 412, 413, 922, 415, 416, 417, 418, 419, 923, 924, 934, 926, 931, 425, 933, 424, 427, 429, 431, 433, 435, 437, 440, 441, 442, 443, 451, 452, 456, 457, 458, 460, 461, 464, 469, 471, 473, 474, 475, 481, 482, 483, 501]",False,[],[],"[483, 934]",[],"[16, 125, 156, 163, 168, 184, 205, 222, 229, 253, 258, 265, 313, 317, 336, 340, 341, 356, 363, 365, 366, 367, 370, 375, 388, 391, 394, 396, 402, 410, 411, 412, 413, 415, 416, 417, 418, 419, 425, 429, 431, 433, 435, 437, 440, 441, 442, 443, 451, 452, 456, 457, 458, 460, 461, 464, 471, 473, 474, 475, 481, 482, 501, 596, 628, 635, 655, 675, 693, 716, 720, 725, 771, 775, 793, 796, 797, 811, 817, 818, 820, 825, 838, 841, 844, 846, 851, 857, 861, 862, 863, 864, 866, 867, 868, 870, 871, 877, 881, 883, 885, 888, 891, 892, 893, 898, 899, 904, 905, 907, 908, 911, 918, 920, 921, 922, 923, 924, 926, 931, 933]","[401, 402, 424, 427, 464, 469, 850, 851, 876, 879, 911, 916]",[],0/6 successful match,False,,False,62,False,,0.391304347826087,True,TP Truck Stop ( Sinclair ),Sinclair
Fort Hall ( 83203 ) TP Truck Stop ( 66 ),6 208-237-9064 I-15 Exit 80,24 MO,Fort Hall,83203,TP Truck Stop ( 66 ),208-237-9064,2015,Fort Hall,ID,,,I-15 Exit 80,Exit,80,False,,False,I-15,,,,,[],[],"[483, 934]",[],[],"[16, 125, 156, 163, 168, 184, 205, 222, 229, 253, 258, 265, 313, 317, 336, 340, 341, 356, 363, 365, 366, 367, 370, 375, 388, 391, 394, 396, 402, 410, 411, 412, 413, 415, 416, 417, 418, 419, 425, 429, 431, 433, 435, 437, 440, 441, 442, 443, 451, 452, 456, 457, 458, 460, 461, 464, 471, 473, 474, 475, 481, 482, 501, 596, 628, 635, 655, 675, 693, 716, 720, 725, 771, 775, 793, 796, 797, 811, 817, 818, 820, 825, 838, 841, 844, 846, 851, 857, 861, 862, 863, 864, 866, 867, 868, 870, 871, 877, 881, 883, 885, 888, 891, 892, 893, 898, 899, 904, 905, 907, 908, 911, 918, 920, 921, 922, 923, 924, 926, 931, 933]",[],"[401, 402, 424, 427, 464, 469, 850, 851, 876, 879, 911, 916]","[16, 596, 628, 635, 125, 655, 156, 163, 675, 168, 693, 184, 716, 205, 720, 725, 222, 229, 253, 258, 771, 775, 265, 793, 796, 797, 811, 817, 818, 820, 313, 825, 317, 838, 841, 844, 846, 336, 850, 851, 340, 341, 857, 861, 862, 863, 864, 866, 867, 356, 868, 870, 871, 363, 876, 365, 366, 367, 877, 881, 370, 883, 879, 885, 375, 888, 891, 892, 893, 898, 899, 388, 391, 904, 905, 394, 907, 396, 908, 911, 401, 402, 916, 918, 920, 921, 410, 411, 412, 413, 922, 415, 416, 417, 418, 419, 923, 924, 934, 926, 931, 425, 933, 424, 427, 429, 431, 433, 435, 437, 440, 441, 442, 443, 451, 452, 456, 457, 458, 460, 461, 464, 469, 471, 473, 474, 475, 481, 482, 483, 501]",False,[],[],"[483, 934]",[],"[16, 125, 156, 163, 168, 184, 205, 222, 229, 253, 258, 265, 313, 317, 336, 340, 341, 356, 363, 365, 366, 367, 370, 375, 388, 391, 394, 396, 402, 410, 411, 412, 413, 415, 416, 417, 418, 419, 425, 429, 431, 433, 435, 437, 440, 441, 442, 443, 451, 452, 456, 457, 458, 460, 461, 464, 471, 473, 474, 475, 481, 482, 501, 596, 628, 635, 655, 675, 693, 716, 720, 725, 771, 775, 793, 796, 797, 811, 817, 818, 820, 825, 838, 841, 844, 846, 851, 857, 861, 862, 863, 864, 866, 867, 868, 870, 871, 877, 881, 883, 885, 888, 891, 892, 893, 898, 899, 904, 905, 907, 908, 911, 918, 920, 921, 922, 923, 924, 926, 931, 933]","[401, 402, 424, 427, 464, 469, 850, 851, 876, 879, 911, 916]",[],0/6 successful match,False,,False,62,False,,0.8999999999999999,True,TP Truck Stop ( 66 ),
Fort Hall ( 83203 ) TP Truck Stop ( 66 ),208-237-9064 I-15 Exit 80,24 MO,Fort Hall,83203,TP Truck Stop ( 66 ),208-237-9064,2016,Fort Hall,ID,,,I-15 Exit 80,Exit,80,False,,False,I-15,,,,,[],[],"[483, 934]",[],[],"[16, 125, 156, 163, 168, 184, 205, 222, 229, 253, 258, 265, 313, 317, 336, 340, 341, 356, 363, 365, 366, 367, 370, 375, 388, 391, 394, 396, 402, 410, 411, 412, 413, 415, 416, 417, 418, 419, 425, 429, 431, 433, 435, 437, 440, 441, 442, 443, 451, 452, 456, 457, 458, 460, 461, 464, 471, 473, 474, 475, 481, 482, 501, 596, 628, 635, 655, 675, 693, 716, 720, 725, 771, 775, 793, 796, 797, 811, 817, 818, 820, 825, 838, 841, 844, 846, 851, 857, 861, 862, 863, 864, 866, 867, 868, 870, 871, 877, 881, 883, 885, 888, 891, 892, 893, 898, 899, 904, 905, 907, 908, 911, 918, 920, 921, 922, 923, 924, 926, 931, 933]",[],"[401, 402, 424, 427, 464, 469, 850, 851, 876, 879, 911, 916]","[16, 596, 628, 635, 125, 655, 156, 163, 675, 168, 693, 184, 716, 205, 720, 725, 222, 229, 253, 258, 771, 775, 265, 793, 796, 797, 811, 817, 818, 820, 313, 825, 317, 838, 841, 844, 846, 336, 850, 851, 340, 341, 857, 861, 862, 863, 864, 866, 867, 356, 868, 870, 871, 363, 876, 365, 366, 367, 877, 881, 370, 883, 879, 885, 375, 888, 891, 892, 893, 898, 899, 388, 391, 904, 905, 394, 907, 396, 908, 911, 401, 402, 916, 918, 920, 921, 410, 411, 412, 413, 922, 415, 416, 417, 418, 419, 923, 924, 934, 926, 931, 425, 933, 424, 427, 429, 431, 433, 435, 437, 440, 441, 442, 443, 451, 452, 456, 457, 458, 460, 461, 464, 469, 471, 473, 474, 475, 481, 482, 483, 501]",False,[],[],"[483, 934]",[],"[16, 125, 156, 163, 168, 184, 205, 222, 229, 253, 258, 265, 313, 317, 336, 340, 341, 356, 363, 365, 366, 367, 370, 375, 388, 391, 394, 396, 402, 410, 411, 412, 413, 415, 416, 417, 418, 419, 425, 429, 431, 433, 435, 437, 440, 441, 442, 443, 451, 452, 456, 457, 458, 460, 461, 464, 471, 473, 474, 475, 481, 482, 501, 596, 628, 635, 655, 675, 693, 716, 720, 725, 771, 775, 793, 796, 797, 811, 817, 818, 820, 825, 838, 841, 844, 846, 851, 857, 861, 862, 863, 864, 866, 867, 868, 870, 871, 877, 881, 883, 885, 888, 891, 892, 893, 898, 899, 904, 905, 907, 908, 911, 918, 920, 921, 922, 923, 924, 926, 931, 933]","[401, 402, 424, 427, 464, 469, 850, 851, 876, 879, 911, 916]",[],0/6 successful match,False,,False,62,False,,0.8999999999999999,True,TP Truck Stop ( 66 ),
"Blackfoot , 83221 Flying J Fuel Stop # 0011182",208-785-6607 I-15 Exit 93,# HRS -,Blackfoot,83221,Flying J Fuel Stop # 0011182,208-785-6607,2006,Blackfoot,ID,Flying J,,I-15 Exit 93,Exit,93,False,,False,I-15,,,,,[],[],[],[],[],"[16, 125, 156, 163, 168, 184, 205, 222, 229, 253, 258, 265, 313, 317, 336, 340, 341, 356, 363, 365, 366, 367, 370, 375, 388, 391, 394, 396, 402, 410, 411, 412, 413, 415, 416, 417, 418, 419, 425, 429, 431, 433, 435, 437, 440, 441, 442, 443, 451, 452, 456, 457, 458, 460, 461, 464, 471, 473, 474, 475, 481, 482, 501, 596, 628, 635, 655, 675, 693, 716, 720, 725, 771, 775, 793, 796, 797, 811, 817, 818, 820, 825, 838, 841, 844, 846, 851, 857, 861, 862, 863, 864, 866, 867, 868, 870, 871, 877, 881, 883, 885, 888, 891, 892, 893, 898, 899, 904, 905, 907, 908, 911, 918, 920, 921, 922, 923, 924, 926, 931, 933]","[17, 18, 19, 20, 21, 22, 23, 156, 157, 158, 159, 160, 161, 162, 163, 164, 165, 166, 167, 341, 342, 343, 344, 345, 412, 413, 414, 415, 416, 417, 418, 419, 420, 421, 422, 502, 503, 504, 505, 506, 507, 628, 629, 630, 631, 632, 633, 634, 635, 636, 637, 638, 639, 792, 797, 798, 799, 800, 801, 863, 864, 865, 866, 867, 868, 869, 870, 871, 872, 873, 874]","[17, 18, 19, 20, 21, 22, 23, 156, 157, 158, 159, 160, 161, 162, 163, 164, 165, 166, 167, 168, 340, 341, 342, 343, 344, 345, 346, 412, 413, 414, 415, 416, 417, 418, 419, 420, 421, 422, 502, 503, 504, 505, 506, 507, 628, 629, 630, 631, 632, 633, 634, 635, 636, 637, 638, 639, 792, 796, 797, 798, 799, 800, 801, 863, 864, 865, 866, 867, 868, 869, 870, 871, 872, 873, 874]","[16, 17, 18, 19, 20, 21, 22, 23, 414, 596, 628, 629, 630, 631, 632, 633, 634, 635, 636, 125, 637, 638, 639, 655, 156, 157, 158, 159, 160, 161, 162, 163, 675, 164, 165, 166, 168, 167, 693, 184, 716, 205, 720, 725, 222, 229, 253, 258, 771, 775, 265, 792, 793, 796, 797, 798, 799, 800, 801, 811, 817, 818, 820, 313, 825, 317, 838, 841, 844, 846, 336, 851, 340, 341, 342, 343, 344, 857, 345, 346, 861, 862, 863, 864, 865, 866, 867, 356, 868, 870, 871, 869, 872, 873, 363, 874, 365, 366, 367, 877, 881, 370, 883, 885, 375, 888, 891, 892, 893, 898, 899, 388, 391, 904, 905, 394, 907, 396, 908, 911, 402, 918, 920, 921, 410, 411, 412, 413, 922, 415, 416, 417, 418, 419, 923, 924, 926, 931, 933, 425, 420, 421, 422, 429, 431, 433, 435, 437, 440, 441, 442, 443, 451, 452, 456, 457, 458, 460, 461, 464, 471, 473, 474, 475, 481, 482, 501, 502, 503, 504, 505, 506, 507]",False,[],[],[],[],"[16, 125, 156, 163, 168, 184, 205, 222, 229, 253, 258, 265, 313, 317, 336, 340, 341, 356, 363, 365, 366, 367, 370, 375, 388, 391, 394, 396, 402, 410, 411, 412, 413, 415, 416, 417, 418, 419, 425, 429, 431, 433, 435, 437, 440, 441, 442, 443, 451, 452, 456, 457, 458, 460, 461, 464, 471, 473, 474, 475, 481, 482, 501, 596, 628, 635, 655, 675, 693, 716, 720, 725, 771, 775, 793, 796, 797, 811, 817, 818, 820, 825, 838, 841, 844, 846, 851, 857, 861, 862, 863, 864, 866, 867, 868, 870, 871, 877, 881, 883, 885, 888, 891, 892, 893, 898, 899, 904, 905, 907, 908, 911, 918, 920, 921, 922, 923, 924, 926, 931, 933]","[17, 18, 19, 20, 21, 22, 23, 156, 157, 158, 159, 160, 161, 162, 163, 164, 165, 166, 167, 168, 340, 341, 342, 343, 344, 345, 346, 412, 413, 414, 415, 416, 417, 418, 419, 420, 421, 422, 502, 503, 504, 505, 506, 507, 628, 629, 630, 631, 632, 633, 634, 635, 636, 637, 638, 639, 792, 796, 797, 798, 799, 800, 801, 863, 864, 865, 866, 867, 868, 869, 870, 871, 872, 873, 874]","[17, 18, 19, 20, 21, 22, 23, 156, 157, 158, 159, 160, 161, 162, 163, 164, 165, 166, 167, 341, 342, 343, 344, 345, 412, 413, 414, 415, 416, 417, 418, 419, 420, 421, 422, 502, 503, 504, 505, 506, 507, 628, 629, 630, 631, 632, 633, 634, 635, 636, 637, 638, 639, 792, 797, 798, 799, 800, 801, 863, 864, 865, 866, 867, 868, 869, 870, 871, 872, 873, 874]",0/6 successful match,False,,False,63,False,,,,,
"Blackfoot , 83221 Flying J Fuel Stop # 0101182",6 208-785-6607 I-15 Exit 93,FRS 24 S,Blackfoot,83221,Flying J Fuel Stop # 0101182,208-785-6607,2007,Blackfoot,ID,Flying J,,I-15 Exit 93,Exit,93,False,,False,I-15,,,,,[],[],[],[],[],"[16, 125, 156, 163, 168, 184, 205, 222, 229, 253, 258, 265, 313, 317, 336, 340, 341, 356, 363, 365, 366, 367, 370, 375, 388, 391, 394, 396, 402, 410, 411, 412, 413, 415, 416, 417, 418, 419, 425, 429, 431, 433, 435, 437, 440, 441, 442, 443, 451, 452, 456, 457, 458, 460, 461, 464, 471, 473, 474, 475, 481, 482, 501, 596, 628, 635, 655, 675, 693, 716, 720, 725, 771, 775, 793, 796, 797, 811, 817, 818, 820, 825, 838, 841, 844, 846, 851, 857, 861, 862, 863, 864, 866, 867, 868, 870, 871, 877, 881, 883, 885, 888, 891, 892, 893, 898, 899, 904, 905, 907, 908, 911, 918, 920, 921, 922, 923, 924, 926, 931, 933]","[17, 18, 19, 20, 21, 22, 23, 156, 157, 158, 159, 160, 161, 162, 163, 164, 165, 166, 167, 341, 342, 343, 344, 345, 412, 413, 414, 415, 416, 417, 418, 419, 420, 421, 422, 502, 503, 504, 505, 506, 507, 628, 629, 630, 631, 632, 633, 634, 635, 636, 637, 638, 639, 792, 797, 798, 799, 800, 801, 863, 864, 865, 866, 867, 868, 869, 870, 871, 872, 873, 874]","[17, 18, 19, 20, 21, 22, 23, 156, 157, 158, 159, 160, 161, 162, 163, 164, 165, 166, 167, 168, 340, 341, 342, 343, 344, 345, 346, 412, 413, 414, 415, 416, 417, 418, 419, 420, 421, 422, 502, 503, 504, 505, 506, 507, 628, 629, 630, 631, 632, 633, 634, 635, 636, 637, 638, 639, 792, 796, 797, 798, 799, 800, 801, 863, 864, 865, 866, 867, 868, 869, 870, 871, 872, 873, 874]","[16, 17, 18, 19, 20, 21, 22, 23, 414, 596, 628, 629, 630, 631, 632, 633, 634, 635, 636, 125, 637, 638, 639, 655, 156, 157, 158, 159, 160, 161, 162, 163, 675, 164, 165, 166, 168, 167, 693, 184, 716, 205, 720, 725, 222, 229, 253, 258, 771, 775, 265, 792, 793, 796, 797, 798, 799, 800, 801, 811, 817, 818, 820, 313, 825, 317, 838, 841, 844, 846, 336, 851, 340, 341, 342, 343, 344, 857, 345, 346, 861, 862, 863, 864, 865, 866, 867, 356, 868, 870, 871, 869, 872, 873, 363, 874, 365, 366, 367, 877, 881, 370, 883, 885, 375, 888, 891, 892, 893, 898, 899, 388, 391, 904, 905, 394, 907, 396, 908, 911, 402, 918, 920, 921, 410, 411, 412, 413, 922, 415, 416, 417, 418, 419, 923, 924, 926, 931, 933, 425, 420, 421, 422, 429, 431, 433, 435, 437, 440, 441, 442, 443, 451, 452, 456, 457, 458, 460, 461, 464, 471, 473, 474, 475, 481, 482, 501, 502, 503, 504, 505, 506, 507]",False,[],[],[],[],"[16, 125, 156, 163, 168, 184, 205, 222, 229, 253, 258, 265, 313, 317, 336, 340, 341, 356, 363, 365, 366, 367, 370, 375, 388, 391, 394, 396, 402, 410, 411, 412, 413, 415, 416, 417, 418, 419, 425, 429, 431, 433, 435, 437, 440, 441, 442, 443, 451, 452, 456, 457, 458, 460, 461, 464, 471, 473, 474, 475, 481, 482, 501, 596, 628, 635, 655, 675, 693, 716, 720, 725, 771, 775, 793, 796, 797, 811, 817, 818, 820, 825, 838, 841, 844, 846, 851, 857, 861, 862, 863, 864, 866, 867, 868, 870, 871, 877, 881, 883, 885, 888, 891, 892, 893, 898, 899, 904, 905, 907, 908, 911, 918, 920, 921, 922, 923, 924, 926, 931, 933]","[17, 18, 19, 20, 21, 22, 23, 156, 157, 158, 159, 160, 161, 162, 163, 164, 165, 166, 167, 168, 340, 341, 342, 343, 344, 345, 346, 412, 413, 414, 415, 416, 417, 418, 419, 420, 421, 422, 502, 503, 504, 505, 506, 507, 628, 629, 630, 631, 632, 633, 634, 635, 636, 637, 638, 639, 792, 796, 797, 798, 799, 800, 801, 863, 864, 865, 866, 867, 868, 869, 870, 871, 872, 873, 874]","[17, 18, 19, 20, 21, 22, 23, 156, 157, 158, 159, 160, 161, 162, 163, 164, 165, 166, 167, 341, 342, 343, 344, 345, 412, 413, 414, 415, 416, 417, 418, 419, 420, 421, 422, 502, 503, 504, 505, 506, 507, 628, 629, 630, 631, 632, 633, 634, 635, 636, 637, 638, 639, 792, 797, 798, 799, 800, 801, 863, 864, 865, 866, 867, 868, 869, 870, 871, 872, 873, 874]",0/6 successful match,False,,False,63,False,,0.6226190476190476,True,Flying J Fuel Stop # 0011182,Flying J
"Blackfoot , 83221 Flying J Fuel Stop # 0101182",6 208-785-6607 I-15 Exit 93,MOR 24 XL HRS 24,Blackfoot,83221,Flying J Fuel Stop # 0101182,208-785-6607,2008,Blackfoot,ID,Flying J,,I-15 Exit 93,Exit,93,False,,False,I-15,,,,,[],[],[],[],[],"[16, 125, 156, 163, 168, 184, 205, 222, 229, 253, 258, 265, 313, 317, 336, 340, 341, 356, 363, 365, 366, 367, 370, 375, 388, 391, 394, 396, 402, 410, 411, 412, 413, 415, 416, 417, 418, 419, 425, 429, 431, 433, 435, 437, 440, 441, 442, 443, 451, 452, 456, 457, 458, 460, 461, 464, 471, 473, 474, 475, 481, 482, 501, 596, 628, 635, 655, 675, 693, 716, 720, 725, 771, 775, 793, 796, 797, 811, 817, 818, 820, 825, 838, 841, 844, 846, 851, 857, 861, 862, 863, 864, 866, 867, 868, 870, 871, 877, 881, 883, 885, 888, 891, 892, 893, 898, 899, 904, 905, 907, 908, 911, 918, 920, 921, 922, 923, 924, 926, 931, 933]","[17, 18, 19, 20, 21, 22, 23, 156, 157, 158, 159, 160, 161, 162, 163, 164, 165, 166, 167, 341, 342, 343, 344, 345, 412, 413, 414, 415, 416, 417, 418, 419, 420, 421, 422, 502, 503, 504, 505, 506, 507, 628, 629, 630, 631, 632, 633, 634, 635, 636, 637, 638, 639, 792, 797, 798, 799, 800, 801, 863, 864, 865, 866, 867, 868, 869, 870, 871, 872, 873, 874]","[17, 18, 19, 20, 21, 22, 23, 156, 157, 158, 159, 160, 161, 162, 163, 164, 165, 166, 167, 168, 340, 341, 342, 343, 344, 345, 346, 412, 413, 414, 415, 416, 417, 418, 419, 420, 421, 422, 502, 503, 504, 505, 506, 507, 628, 629, 630, 631, 632, 633, 634, 635, 636, 637, 638, 639, 792, 796, 797, 798, 799, 800, 801, 863, 864, 865, 866, 867, 868, 869, 870, 871, 872, 873, 874]","[16, 17, 18, 19, 20, 21, 22, 23, 414, 596, 628, 629, 630, 631, 632, 633, 634, 635, 636, 125, 637, 638, 639, 655, 156, 157, 158, 159, 160, 161, 162, 163, 675, 164, 165, 166, 168, 167, 693, 184, 716, 205, 720, 725, 222, 229, 253, 258, 771, 775, 265, 792, 793, 796, 797, 798, 799, 800, 801, 811, 817, 818, 820, 313, 825, 317, 838, 841, 844, 846, 336, 851, 340, 341, 342, 343, 344, 857, 345, 346, 861, 862, 863, 864, 865, 866, 867, 356, 868, 870, 871, 869, 872, 873, 363, 874, 365, 366, 367, 877, 881, 370, 883, 885, 375, 888, 891, 892, 893, 898, 899, 388, 391, 904, 905, 394, 907, 396, 908, 911, 402, 918, 920, 921, 410, 411, 412, 413, 922, 415, 416, 417, 418, 419, 923, 924, 926, 931, 933, 425, 420, 421, 422, 429, 431, 433, 435, 437, 440, 441, 442, 443, 451, 452, 456, 457, 458, 460, 461, 464, 471, 473, 474, 475, 481, 482, 501, 502, 503, 504, 505, 506, 507]",False,[],[],[],[],"[16, 125, 156, 163, 168, 184, 205, 222, 229, 253, 258, 265, 313, 317, 336, 340, 341, 356, 363, 365, 366, 367, 370, 375, 388, 391, 394, 396, 402, 410, 411, 412, 413, 415, 416, 417, 418, 419, 425, 429, 431, 433, 435, 437, 440, 441, 442, 443, 451, 452, 456, 457, 458, 460, 461, 464, 471, 473, 474, 475, 481, 482, 501, 596, 628, 635, 655, 675, 693, 716, 720, 725, 771, 775, 793, 796, 797, 811, 817, 818, 820, 825, 838, 841, 844, 846, 851, 857, 861, 862, 863, 864, 866, 867, 868, 870, 871, 877, 881, 883, 885, 888, 891, 892, 893, 898, 899, 904, 905, 907, 908, 911, 918, 920, 921, 922, 923, 924, 926, 931, 933]","[17, 18, 19, 20, 21, 22, 23, 156, 157, 158, 159, 160, 161, 162, 163, 164, 165, 166, 167, 168, 340, 341, 342, 343, 344, 345, 346, 412, 413, 414, 415, 416, 417, 418, 419, 420, 421, 422, 502, 503, 504, 505, 506, 507, 628, 629, 630, 631, 632, 633, 634, 635, 636, 637, 638, 639, 792, 796, 797, 798, 799, 800, 801, 863, 864, 865, 866, 867, 868, 869, 870, 871, 872, 873, 874]","[17, 18, 19, 20, 21, 22, 23, 156, 157, 158, 159, 160, 161, 162, 163, 164, 165, 166, 167, 341, 342, 343, 344, 345, 412, 413, 414, 415, 416, 417, 418, 419, 420, 421, 422, 502, 503, 504, 505, 506, 507, 628, 629, 630, 631, 632, 633, 634, 635, 636, 637, 638, 639, 792, 797, 798, 799, 800, 801, 863, 864, 865, 866, 867, 868, 869, 870, 871, 872, 873, 874]",0/6 successful match,False,,False,63,False,,1.0,True,Flying J Fuel Stop # 0101182,Flying J
Blackfoot ( 83221 ) Stinker Station # 85,6 208-785-6607 I-15 Exit 93,S,Blackfoot,83221,Stinker Station # 85,208-785-6607,2014,Blackfoot,ID,,,I-15 Exit 93,Exit,93,False,,False,I-15,,,,,[],[],[],[],[],"[16, 125, 156, 163, 168, 184, 205, 222, 229, 253, 258, 265, 313, 317, 336, 340, 341, 356, 363, 365, 366, 367, 370, 375, 388, 391, 394, 396, 402, 410, 411, 412, 413, 415, 416, 417, 418, 419, 425, 429, 431, 433, 435, 437, 440, 441, 442, 443, 451, 452, 456, 457, 458, 460, 461, 464, 471, 473, 474, 475, 481, 482, 501, 596, 628, 635, 655, 675, 693, 716, 720, 725, 771, 775, 793, 796, 797, 811, 817, 818, 820, 825, 838, 841, 844, 846, 851, 857, 861, 862, 863, 864, 866, 867, 868, 870, 871, 877, 881, 883, 885, 888, 891, 892, 893, 898, 899, 904, 905, 907, 908, 911, 918, 920, 921, 922, 923, 924, 926, 931, 933]",[],[],"[16, 596, 628, 635, 125, 655, 156, 163, 675, 168, 693, 184, 716, 205, 720, 725, 222, 229, 253, 258, 771, 775, 265, 793, 796, 797, 811, 817, 818, 820, 313, 825, 317, 838, 841, 844, 846, 336, 851, 340, 341, 857, 861, 862, 863, 864, 866, 867, 356, 868, 870, 871, 363, 365, 366, 367, 877, 881, 370, 883, 885, 375, 888, 891, 892, 893, 898, 899, 388, 391, 904, 905, 394, 907, 396, 908, 911, 402, 918, 920, 921, 410, 411, 412, 413, 922, 415, 416, 417, 418, 419, 923, 924, 926, 931, 933, 425, 429, 431, 433, 435, 437, 440, 441, 442, 443, 451, 452, 456, 457, 458, 460, 461, 464, 471, 473, 474, 475, 481, 482, 501]",False,[],[],[],[],"[16, 125, 156, 163, 168, 184, 205, 222, 229, 253, 258, 265, 313, 317, 336, 340, 341, 356, 363, 365, 366, 367, 370, 375, 388, 391, 394, 396, 402, 410, 411, 412, 413, 415, 416, 417, 418, 419, 425, 429, 431, 433, 435, 437, 440, 441, 442, 443, 451, 452, 456, 457, 458, 460, 461, 464, 471, 473, 474, 475, 481, 482, 501, 596, 628, 635, 655, 675, 693, 716, 720, 725, 771, 775, 793, 796, 797, 811, 817, 818, 820, 825, 838, 841, 844, 846, 851, 857, 861, 862, 863, 864, 866, 867, 868, 870, 871, 877, 881, 883, 885, 888, 891, 892, 893, 898, 899, 904, 905, 907, 908, 911, 918, 920, 921, 922, 923, 924, 926, 931, 933]",[],[],0/6 successful match,False,,False,63,False,,0.22916666666666666,True,Flying J Fuel Stop # 0101182,Flying J
Blackfoot ( 83221 ) Stinker Station # 85,6 208-785-6607 I-15 Exit 93,423 24 S D <U+2610>,Blackfoot,83221,Stinker Station # 85,208-785-6607,2015,Blackfoot,ID,,,I-15 Exit 93,Exit,93,False,,False,I-15,,,,,[],[],[],[],[],"[16, 125, 156, 163, 168, 184, 205, 222, 229, 253, 258, 265, 313, 317, 336, 340, 341, 356, 363, 365, 366, 367, 370, 375, 388, 391, 394, 396, 402, 410, 411, 412, 413, 415, 416, 417, 418, 419, 425, 429, 431, 433, 435, 437, 440, 441, 442, 443, 451, 452, 456, 457, 458, 460, 461, 464, 471, 473, 474, 475, 481, 482, 501, 596, 628, 635, 655, 675, 693, 716, 720, 725, 771, 775, 793, 796, 797, 811, 817, 818, 820, 825, 838, 841, 844, 846, 851, 857, 861, 862, 863, 864, 866, 867, 868, 870, 871, 877, 881, 883, 885, 888, 891, 892, 893, 898, 899, 904, 905, 907, 908, 911, 918, 920, 921, 922, 923, 924, 926, 931, 933]",[],[],"[16, 596, 628, 635, 125, 655, 156, 163, 675, 168, 693, 184, 716, 205, 720, 725, 222, 229, 253, 258, 771, 775, 265, 793, 796, 797, 811, 817, 818, 820, 313, 825, 317, 838, 841, 844, 846, 336, 851, 340, 341, 857, 861, 862, 863, 864, 866, 867, 356, 868, 870, 871, 363, 365, 366, 367, 877, 881, 370, 883, 885, 375, 888, 891, 892, 893, 898, 899, 388, 391, 904, 905, 394, 907, 396, 908, 911, 402, 918, 920, 921, 410, 411, 412, 413, 922, 415, 416, 417, 418, 419, 923, 924, 926, 931, 933, 425, 429, 431, 433, 435, 437, 440, 441, 442, 443, 451, 452, 456, 457, 458, 460, 461, 464, 471, 473, 474, 475, 481, 482, 501]",False,[],[],[],[],"[16, 125, 156, 163, 168, 184, 205, 222, 229, 253, 258, 265, 313, 317, 336, 340, 341, 356, 363, 365, 366, 367, 370, 375, 388, 391, 394, 396, 402, 410, 411, 412, 413, 415, 416, 417, 418, 419, 425, 429, 431, 433, 435, 437, 440, 441, 442, 443, 451, 452, 456, 457, 458, 460, 461, 464, 471, 473, 474, 475, 481, 482, 501, 596, 628, 635, 655, 675, 693, 716, 720, 725, 771, 775, 793, 796, 797, 811, 817, 818, 820, 825, 838, 841, 844, 846, 851, 857, 861, 862, 863, 864, 866, 867, 868, 870, 871, 877, 881, 883, 885, 888, 891, 892, 893, 898, 899, 904, 905, 907, 908, 911, 918, 920, 921, 922, 923, 924, 926, 931, 933]",[],[],0/6 successful match,False,,False,63,False,,1.0,True,Stinker Station # 85,
Blackfoot ( 83221 ) Stinker Station # 85,208-785-6607 I-15 Exit 93,2025 24 S,Blackfoot,83221,Stinker Station # 85,208-785-6607,2016,Blackfoot,ID,,,I-15 Exit 93,Exit,93,False,,False,I-15,,,,,[],[],[],[],[],"[16, 125, 156, 163, 168, 184, 205, 222, 229, 253, 258, 265, 313, 317, 336, 340, 341, 356, 363, 365, 366, 367, 370, 375, 388, 391, 394, 396, 402, 410, 411, 412, 413, 415, 416, 417, 418, 419, 425, 429, 431, 433, 435, 437, 440, 441, 442, 443, 451, 452, 456, 457, 458, 460, 461, 464, 471, 473, 474, 475, 481, 482, 501, 596, 628, 635, 655, 675, 693, 716, 720, 725, 771, 775, 793, 796, 797, 811, 817, 818, 820, 825, 838, 841, 844, 846, 851, 857, 861, 862, 863, 864, 866, 867, 868, 870, 871, 877, 881, 883, 885, 888, 891, 892, 893, 898, 899, 904, 905, 907, 908, 911, 918, 920, 921, 922, 923, 924, 926, 931, 933]",[],[],"[16, 596, 628, 635, 125, 655, 156, 163, 675, 168, 693, 184, 716, 205, 720, 725, 222, 229, 253, 258, 771, 775, 265, 793, 796, 797, 811, 817, 818, 820, 313, 825, 317, 838, 841, 844, 846, 336, 851, 340, 341, 857, 861, 862, 863, 864, 866, 867, 356, 868, 870, 871, 363, 365, 366, 367, 877, 881, 370, 883, 885, 375, 888, 891, 892, 893, 898, 899, 388, 391, 904, 905, 394, 907, 396, 908, 911, 402, 918, 920, 921, 410, 411, 412, 413, 922, 415, 416, 417, 418, 419, 923, 924, 926, 931, 933, 425, 429, 431, 433, 435, 437, 440, 441, 442, 443, 451, 452, 456, 457, 458, 460, 461, 464, 471, 473, 474, 475, 481, 482, 501]",False,[],[],[],[],"[16, 125, 156, 163, 168, 184, 205, 222, 229, 253, 258, 265, 313, 317, 336, 340, 341, 356, 363, 365, 366, 367, 370, 375, 388, 391, 394, 396, 402, 410, 411, 412, 413, 415, 416, 417, 418, 419, 425, 429, 431, 433, 435, 437, 440, 441, 442, 443, 451, 452, 456, 457, 458, 460, 461, 464, 471, 473, 474, 475, 481, 482, 501, 596, 628, 635, 655, 675, 693, 716, 720, 725, 771, 775, 793, 796, 797, 811, 817, 818, 820, 825, 838, 841, 844, 846, 851, 857, 861, 862, 863, 864, 866, 867, 868, 870, 871, 877, 881, 883, 885, 888, 891, 892, 893, 898, 899, 904, 905, 907, 908, 911, 918, 920, 921, 922, 923, 924, 926, 931, 933]",[],[],0/6 successful match,False,,False,63,False,,1.0,True,Stinker Station # 85,
"Downey , 83234 Flags West Truck Stop (",6 208-897-5238 I-15 Exit 31 Shell ),FRS 24 M 24,Downey,83234,Flags West Truck Stop (,208-897-5238,2006,Downey,ID,,,I-15 Exit 31 Shell ,Exit,31,False,,False,I-15,,,,,[],[],[],[],[],"[16, 125, 156, 163, 168, 184, 205, 222, 229, 253, 258, 265, 313, 317, 336, 340, 341, 356, 363, 365, 366, 367, 370, 375, 388, 391, 394, 396, 402, 410, 411, 412, 413, 415, 416, 417, 418, 419, 425, 429, 431, 433, 435, 437, 440, 441, 442, 443, 451, 452, 456, 457, 458, 460, 461, 464, 471, 473, 474, 475, 481, 482, 501, 596, 628, 635, 655, 675, 693, 716, 720, 725, 771, 775, 793, 796, 797, 811, 817, 818, 820, 825, 838, 841, 844, 846, 851, 857, 861, 862, 863, 864, 866, 867, 868, 870, 871, 877, 881, 883, 885, 888, 891, 892, 893, 898, 899, 904, 905, 907, 908, 911, 918, 920, 921, 922, 923, 924, 926, 931, 933]",[],[],"[16, 596, 628, 635, 125, 655, 156, 163, 675, 168, 693, 184, 716, 205, 720, 725, 222, 229, 253, 258, 771, 775, 265, 793, 796, 797, 811, 817, 818, 820, 313, 825, 317, 838, 841, 844, 846, 336, 851, 340, 341, 857, 861, 862, 863, 864, 866, 867, 356, 868, 870, 871, 363, 365, 366, 367, 877, 881, 370, 883, 885, 375, 888, 891, 892, 893, 898, 899, 388, 391, 904, 905, 394, 907, 396, 908, 911, 402, 918, 920, 921, 410, 411, 412, 413, 922, 415, 416, 417, 418, 419, 923, 924, 926, 931, 933, 425, 429, 431, 433, 435, 437, 440, 441, 442, 443, 451, 452, 456, 457, 458, 460, 461, 464, 471, 473, 474, 475, 481, 482, 501]",False,[],[],[],[],"[16, 125, 156, 163, 168, 184, 205, 222, 229, 253, 258, 265, 313, 317, 336, 340, 341, 356, 363, 365, 366, 367, 370, 375, 388, 391, 394, 396, 402, 410, 411, 412, 413, 415, 416, 417, 418, 419, 425, 429, 431, 433, 435, 437, 440, 441, 442, 443, 451, 452, 456, 457, 458, 460, 461, 464, 471, 473, 474, 475, 481, 482, 501, 596, 628, 635, 655, 675, 693, 716, 720, 725, 771, 775, 793, 796, 797, 811, 817, 818, 820, 825, 838, 841, 844, 846, 851, 857, 861, 862, 863, 864, 866, 867, 868, 870, 871, 877, 881, 883, 885, 888, 891, 892, 893, 898, 899, 904, 905, 907, 908, 911, 918, 920, 921, 922, 923, 924, 926, 931, 933]",[],[],0/6 successful match,False,,False,64,False,,,,,
"Downey , 83234 Flags West Truck Stop ( Shell )",208-897-5238 I-15 Exit 31,FRS 24 M,Downey,83234,Flags West Truck Stop ( Shell ),208-897-5238,2007,Downey,ID,Shell,,I-15 Exit 31,Exit,31,False,,False,I-15,,,,,[],[],[],[],[],"[16, 125, 156, 163, 168, 184, 205, 222, 229, 253, 258, 265, 313, 317, 336, 340, 341, 356, 363, 365, 366, 367, 370, 375, 388, 391, 394, 396, 402, 410, 411, 412, 413, 415, 416, 417, 418, 419, 425, 429, 431, 433, 435, 437, 440, 441, 442, 443, 451, 452, 456, 457, 458, 460, 461, 464, 471, 473, 474, 475, 481, 482, 501, 596, 628, 635, 655, 675, 693, 716, 720, 725, 771, 775, 793, 796, 797, 811, 817, 818, 820, 825, 838, 841, 844, 846, 851, 857, 861, 862, 863, 864, 866, 867, 868, 870, 871, 877, 881, 883, 885, 888, 891, 892, 893, 898, 899, 904, 905, 907, 908, 911, 918, 920, 921, 922, 923, 924, 926, 931, 933]","[1, 13, 14, 29, 54, 55, 56, 57, 58, 60, 102, 118, 125, 127, 130, 134, 146, 149, 153, 175, 182, 187, 189, 191, 197, 225, 230, 238, 264, 265, 266, 286, 302, 317, 336, 379, 388, 389, 425, 454, 458, 463, 475, 487, 498, 499, 512, 530, 531, 532, 533, 534, 536, 573, 589, 596, 598, 601, 605, 617, 620, 624, 646, 653, 658, 660, 662, 668, 689, 694, 702, 724, 725, 745, 760, 775, 793, 829, 838, 839, 877, 901, 903, 905, 910, 923]","[1, 13, 14, 29, 54, 55, 56, 57, 58, 60, 102, 118, 125, 127, 130, 134, 146, 149, 153, 175, 182, 187, 189, 191, 197, 225, 230, 238, 264, 265, 266, 286, 302, 317, 336, 354, 379, 388, 389, 425, 454, 458, 463, 475, 487, 498, 499, 512, 530, 531, 532, 533, 534, 536, 573, 589, 596, 598, 601, 605, 617, 620, 624, 646, 653, 658, 660, 662, 668, 689, 694, 702, 724, 725, 745, 760, 775, 793, 809, 829, 838, 839, 877, 901, 903, 905, 910, 923]","[512, 1, 13, 14, 16, 530, 531, 532, 533, 534, 536, 29, 54, 55, 56, 57, 58, 60, 573, 589, 596, 598, 601, 605, 102, 617, 620, 624, 628, 118, 635, 125, 127, 130, 134, 646, 653, 655, 146, 658, 660, 149, 662, 153, 156, 668, 163, 675, 168, 175, 689, 693, 182, 694, 184, 187, 189, 702, 191, 197, 716, 205, 720, 724, 725, 222, 225, 229, 230, 745, 238, 760, 253, 258, 771, 775, 264, 265, 266, 793, 796, 797, 286, 809, 811, 302, 817, 818, 820, 313, 825, 317, 829, 838, 839, 841, 844, 846, 336, 851, 340, 341, 857, 861, 862, 863, 864, 866, 867, 356, 868, 870, 871, 354, 363, 365, 366, 367, 877, 881, 370, 883, 885, 375, 888, 891, 892, 893, 379, 898, 899, 388, 389, 901, 391, 904, 905, 394, 907, 396, 908, 903, 911, 910, 402, 918, 920, 921, 410, 411, 412, 413, 922, 415, 416, 417, 418, 419, 923, 924, 926, 931, 933, 425, 429, 431, 433, 435, 437, 440, 441, 442, 443, 451, 452, 454, 456, 457, 458, 460, 461, 463, 464, 471, 473, 474, 475, 481, 482, 487, 498, 499, 501]",False,[],[],[],[],"[16, 125, 156, 163, 168, 184, 205, 222, 229, 253, 258, 265, 313, 317, 336, 340, 341, 356, 363, 365, 366, 367, 370, 375, 388, 391, 394, 396, 402, 410, 411, 412, 413, 415, 416, 417, 418, 419, 425, 429, 431, 433, 435, 437, 440, 441, 442, 443, 451, 452, 456, 457, 458, 460, 461, 464, 471, 473, 474, 475, 481, 482, 501, 596, 628, 635, 655, 675, 693, 716, 720, 725, 771, 775, 793, 796, 797, 811, 817, 818, 820, 825, 838, 841, 844, 846, 851, 857, 861, 862, 863, 864, 866, 867, 868, 870, 871, 877, 881, 883, 885, 888, 891, 892, 893, 898, 899, 904, 905, 907, 908, 911, 918, 920, 921, 922, 923, 924, 926, 931, 933]","[1, 13, 14, 29, 54, 55, 56, 57, 58, 60, 102, 118, 125, 127, 130, 134, 146, 149, 153, 175, 182, 187, 189, 191, 197, 225, 230, 238, 264, 265, 266, 286, 302, 317, 336, 354, 379, 388, 389, 425, 454, 458, 463, 475, 487, 498, 499, 512, 530, 531, 532, 533, 534, 536, 573, 589, 596, 598, 601, 605, 617, 620, 624, 646, 653, 658, 660, 662, 668, 689, 694, 702, 724, 725, 745, 760, 775, 793, 809, 829, 838, 839, 877, 901, 903, 905, 910, 923]","[1, 13, 14, 29, 54, 55, 56, 57, 58, 60, 102, 118, 125, 127, 130, 134, 146, 149, 153, 175, 182, 187, 189, 191, 197, 225, 230, 238, 264, 265, 266, 286, 302, 317, 336, 379, 388, 389, 425, 454, 458, 463, 475, 487, 498, 499, 512, 530, 531, 532, 533, 534, 536, 573, 589, 596, 598, 601, 605, 617, 620, 624, 646, 653, 658, 660, 662, 668, 689, 694, 702, 724, 725, 745, 760, 775, 793, 829, 838, 839, 877, 901, 903, 905, 910, 923]",0/6 successful match,False,,False,64,False,,1.0,True,Flags West Truck Stop (,
"Downey , 83234 Flags West Truck Stop ( Shell )",208-897-5238 I-15 Exit 31,<U+2610> <U+25A1> <U+2610>,Downey,83234,Flags West Truck Stop ( Shell ),208-897-5238,2008,Downey,ID,Shell,,I-15 Exit 31,Exit,31,False,,False,I-15,,,,,[],[],[],[],[],"[16, 125, 156, 163, 168, 184, 205, 222, 229, 253, 258, 265, 313, 317, 336, 340, 341, 356, 363, 365, 366, 367, 370, 375, 388, 391, 394, 396, 402, 410, 411, 412, 413, 415, 416, 417, 418, 419, 425, 429, 431, 433, 435, 437, 440, 441, 442, 443, 451, 452, 456, 457, 458, 460, 461, 464, 471, 473, 474, 475, 481, 482, 501, 596, 628, 635, 655, 675, 693, 716, 720, 725, 771, 775, 793, 796, 797, 811, 817, 818, 820, 825, 838, 841, 844, 846, 851, 857, 861, 862, 863, 864, 866, 867, 868, 870, 871, 877, 881, 883, 885, 888, 891, 892, 893, 898, 899, 904, 905, 907, 908, 911, 918, 920, 921, 922, 923, 924, 926, 931, 933]","[1, 13, 14, 29, 54, 55, 56, 57, 58, 60, 102, 118, 125, 127, 130, 134, 146, 149, 153, 175, 182, 187, 189, 191, 197, 225, 230, 238, 264, 265, 266, 286, 302, 317, 336, 379, 388, 389, 425, 454, 458, 463, 475, 487, 498, 499, 512, 530, 531, 532, 533, 534, 536, 573, 589, 596, 598, 601, 605, 617, 620, 624, 646, 653, 658, 660, 662, 668, 689, 694, 702, 724, 725, 745, 760, 775, 793, 829, 838, 839, 877, 901, 903, 905, 910, 923]","[1, 13, 14, 29, 54, 55, 56, 57, 58, 60, 102, 118, 125, 127, 130, 134, 146, 149, 153, 175, 182, 187, 189, 191, 197, 225, 230, 238, 264, 265, 266, 286, 302, 317, 336, 354, 379, 388, 389, 425, 454, 458, 463, 475, 487, 498, 499, 512, 530, 531, 532, 533, 534, 536, 573, 589, 596, 598, 601, 605, 617, 620, 624, 646, 653, 658, 660, 662, 668, 689, 694, 702, 724, 725, 745, 760, 775, 793, 809, 829, 838, 839, 877, 901, 903, 905, 910, 923]","[512, 1, 13, 14, 16, 530, 531, 532, 533, 534, 536, 29, 54, 55, 56, 57, 58, 60, 573, 589, 596, 598, 601, 605, 102, 617, 620, 624, 628, 118, 635, 125, 127, 130, 134, 646, 653, 655, 146, 658, 660, 149, 662, 153, 156, 668, 163, 675, 168, 175, 689, 693, 182, 694, 184, 187, 189, 702, 191, 197, 716, 205, 720, 724, 725, 222, 225, 229, 230, 745, 238, 760, 253, 258, 771, 775, 264, 265, 266, 793, 796, 797, 286, 809, 811, 302, 817, 818, 820, 313, 825, 317, 829, 838, 839, 841, 844, 846, 336, 851, 340, 341, 857, 861, 862, 863, 864, 866, 867, 356, 868, 870, 871, 354, 363, 365, 366, 367, 877, 881, 370, 883, 885, 375, 888, 891, 892, 893, 379, 898, 899, 388, 389, 901, 391, 904, 905, 394, 907, 396, 908, 903, 911, 910, 402, 918, 920, 921, 410, 411, 412, 413, 922, 415, 416, 417, 418, 419, 923, 924, 926, 931, 933, 425, 429, 431, 433, 435, 437, 440, 441, 442, 443, 451, 452, 454, 456, 457, 458, 460, 461, 463, 464, 471, 473, 474, 475, 481, 482, 487, 498, 499, 501]",False,[],[],[],[],"[16, 125, 156, 163, 168, 184, 205, 222, 229, 253, 258, 265, 313, 317, 336, 340, 341, 356, 363, 365, 366, 367, 370, 375, 388, 391, 394, 396, 402, 410, 411, 412, 413, 415, 416, 417, 418, 419, 425, 429, 431, 433, 435, 437, 440, 441, 442, 443, 451, 452, 456, 457, 458, 460, 461, 464, 471, 473, 474, 475, 481, 482, 501, 596, 628, 635, 655, 675, 693, 716, 720, 725, 771, 775, 793, 796, 797, 811, 817, 818, 820, 825, 838, 841, 844, 846, 851, 857, 861, 862, 863, 864, 866, 867, 868, 870, 871, 877, 881, 883, 885, 888, 891, 892, 893, 898, 899, 904, 905, 907, 908, 911, 918, 920, 921, 922, 923, 924, 926, 931, 933]","[1, 13, 14, 29, 54, 55, 56, 57, 58, 60, 102, 118, 125, 127, 130, 134, 146, 149, 153, 175, 182, 187, 189, 191, 197, 225, 230, 238, 264, 265, 266, 286, 302, 317, 336, 354, 379, 388, 389, 425, 454, 458, 463, 475, 487, 498, 499, 512, 530, 531, 532, 533, 534, 536, 573, 589, 596, 598, 601, 605, 617, 620, 624, 646, 653, 658, 660, 662, 668, 689, 694, 702, 724, 725, 745, 760, 775, 793, 809, 829, 838, 839, 877, 901, 903, 905, 910, 923]","[1, 13, 14, 29, 54, 55, 56, 57, 58, 60, 102, 118, 125, 127, 130, 134, 146, 149, 153, 175, 182, 187, 189, 191, 197, 225, 230, 238, 264, 265, 266, 286, 302, 317, 336, 379, 388, 389, 425, 454, 458, 463, 475, 487, 498, 499, 512, 530, 531, 532, 533, 534, 536, 573, 589, 596, 598, 601, 605, 617, 620, 624, 646, 653, 658, 660, 662, 668, 689, 694, 702, 724, 725, 745, 760, 775, 793, 829, 838, 839, 877, 901, 903, 905, 910, 923]",0/6 successful match,False,,False,64,False,,1.0,True,Flags West Truck Stop ( Shell ),Shell
Downey ( 83234 ) Flags West Truck Stop ) ( Shell ),208-897-5238 I-15 Exit 31,24 DOMO 24,Downey,83234,Flags West Truck Stop ) ( Shell ),208-897-5238,2014,Downey,ID,Shell,,I-15 Exit 31,Exit,31,False,,False,I-15,,,,,[],[],[],[],[],"[16, 125, 156, 163, 168, 184, 205, 222, 229, 253, 258, 265, 313, 317, 336, 340, 341, 356, 363, 365, 366, 367, 370, 375, 388, 391, 394, 396, 402, 410, 411, 412, 413, 415, 416, 417, 418, 419, 425, 429, 431, 433, 435, 437, 440, 441, 442, 443, 451, 452, 456, 457, 458, 460, 461, 464, 471, 473, 474, 475, 481, 482, 501, 596, 628, 635, 655, 675, 693, 716, 720, 725, 771, 775, 793, 796, 797, 811, 817, 818, 820, 825, 838, 841, 844, 846, 851, 857, 861, 862, 863, 864, 866, 867, 868, 870, 871, 877, 881, 883, 885, 888, 891, 892, 893, 898, 899, 904, 905, 907, 908, 911, 918, 920, 921, 922, 923, 924, 926, 931, 933]","[1, 13, 14, 29, 54, 55, 56, 57, 58, 60, 102, 118, 125, 127, 130, 134, 146, 149, 153, 175, 182, 187, 189, 191, 197, 225, 230, 238, 264, 265, 266, 286, 302, 317, 336, 379, 388, 389, 425, 454, 458, 463, 475, 487, 498, 499, 512, 530, 531, 532, 533, 534, 536, 573, 589, 596, 598, 601, 605, 617, 620, 624, 646, 653, 658, 660, 662, 668, 689, 694, 702, 724, 725, 745, 760, 775, 793, 829, 838, 839, 877, 901, 903, 905, 910, 923]","[1, 13, 14, 29, 54, 55, 56, 57, 58, 60, 102, 118, 125, 127, 130, 134, 146, 149, 153, 175, 182, 187, 189, 191, 197, 225, 230, 238, 264, 265, 266, 286, 302, 317, 336, 354, 379, 388, 389, 425, 454, 458, 463, 475, 487, 498, 499, 512, 530, 531, 532, 533, 534, 536, 573, 589, 596, 598, 601, 605, 617, 620, 624, 646, 653, 658, 660, 662, 668, 689, 694, 702, 724, 725, 745, 760, 775, 793, 809, 829, 838, 839, 877, 901, 903, 905, 910, 923]","[512, 1, 13, 14, 16, 530, 531, 532, 533, 534, 536, 29, 54, 55, 56, 57, 58, 60, 573, 589, 596, 598, 601, 605, 102, 617, 620, 624, 628, 118, 635, 125, 127, 130, 134, 646, 653, 655, 146, 658, 660, 149, 662, 153, 156, 668, 163, 675, 168, 175, 689, 693, 182, 694, 184, 187, 189, 702, 191, 197, 716, 205, 720, 724, 725, 222, 225, 229, 230, 745, 238, 760, 253, 258, 771, 775, 264, 265, 266, 793, 796, 797, 286, 809, 811, 302, 817, 818, 820, 313, 825, 317, 829, 838, 839, 841, 844, 846, 336, 851, 340, 341, 857, 861, 862, 863, 864, 866, 867, 356, 868, 870, 871, 354, 363, 365, 366, 367, 877, 881, 370, 883, 885, 375, 888, 891, 892, 893, 379, 898, 899, 388, 389, 901, 391, 904, 905, 394, 907, 396, 908, 903, 911, 910, 402, 918, 920, 921, 410, 411, 412, 413, 922, 415, 416, 417, 418, 419, 923, 924, 926, 931, 933, 425, 429, 431, 433, 435, 437, 440, 441, 442, 443, 451, 452, 454, 456, 457, 458, 460, 461, 463, 464, 471, 473, 474, 475, 481, 482, 487, 498, 499, 501]",False,[],[],[],[],"[16, 125, 156, 163, 168, 184, 205, 222, 229, 253, 258, 265, 313, 317, 336, 340, 341, 356, 363, 365, 366, 367, 370, 375, 388, 391, 394, 396, 402, 410, 411, 412, 413, 415, 416, 417, 418, 419, 425, 429, 431, 433, 435, 437, 440, 441, 442, 443, 451, 452, 456, 457, 458, 460, 461, 464, 471, 473, 474, 475, 481, 482, 501, 596, 628, 635, 655, 675, 693, 716, 720, 725, 771, 775, 793, 796, 797, 811, 817, 818, 820, 825, 838, 841, 844, 846, 851, 857, 861, 862, 863, 864, 866, 867, 868, 870, 871, 877, 881, 883, 885, 888, 891, 892, 893, 898, 899, 904, 905, 907, 908, 911, 918, 920, 921, 922, 923, 924, 926, 931, 933]","[1, 13, 14, 29, 54, 55, 56, 57, 58, 60, 102, 118, 125, 127, 130, 134, 146, 149, 153, 175, 182, 187, 189, 191, 197, 225, 230, 238, 264, 265, 266, 286, 302, 317, 336, 354, 379, 388, 389, 425, 454, 458, 463, 475, 487, 498, 499, 512, 530, 531, 532, 533, 534, 536, 573, 589, 596, 598, 601, 605, 617, 620, 624, 646, 653, 658, 660, 662, 668, 689, 694, 702, 724, 725, 745, 760, 775, 793, 809, 829, 838, 839, 877, 901, 903, 905, 910, 923]","[1, 13, 14, 29, 54, 55, 56, 57, 58, 60, 102, 118, 125, 127, 130, 134, 146, 149, 153, 175, 182, 187, 189, 191, 197, 225, 230, 238, 264, 265, 266, 286, 302, 317, 336, 379, 388, 389, 425, 454, 458, 463, 475, 487, 498, 499, 512, 530, 531, 532, 533, 534, 536, 573, 589, 596, 598, 601, 605, 617, 620, 624, 646, 653, 658, 660, 662, 668, 689, 694, 702, 724, 725, 745, 760, 775, 793, 829, 838, 839, 877, 901, 903, 905, 910, 923]",0/6 successful match,False,,False,64,False,,1.0,True,Flags West Truck Stop ( Shell ),Shell
Downey ( 83234 ) Flags West Truck Stop ( Shell ),6 208-897-5238 I-15 Exit 31,24 MOO 24,Downey,83234,Flags West Truck Stop ( Shell ),208-897-5238,2015,Downey,ID,Shell,,I-15 Exit 31,Exit,31,False,,False,I-15,,,,,[],[],[],[],[],"[16, 125, 156, 163, 168, 184, 205, 222, 229, 253, 258, 265, 313, 317, 336, 340, 341, 356, 363, 365, 366, 367, 370, 375, 388, 391, 394, 396, 402, 410, 411, 412, 413, 415, 416, 417, 418, 419, 425, 429, 431, 433, 435, 437, 440, 441, 442, 443, 451, 452, 456, 457, 458, 460, 461, 464, 471, 473, 474, 475, 481, 482, 501, 596, 628, 635, 655, 675, 693, 716, 720, 725, 771, 775, 793, 796, 797, 811, 817, 818, 820, 825, 838, 841, 844, 846, 851, 857, 861, 862, 863, 864, 866, 867, 868, 870, 871, 877, 881, 883, 885, 888, 891, 892, 893, 898, 899, 904, 905, 907, 908, 911, 918, 920, 921, 922, 923, 924, 926, 931, 933]","[1, 13, 14, 29, 54, 55, 56, 57, 58, 60, 102, 118, 125, 127, 130, 134, 146, 149, 153, 175, 182, 187, 189, 191, 197, 225, 230, 238, 264, 265, 266, 286, 302, 317, 336, 379, 388, 389, 425, 454, 458, 463, 475, 487, 498, 499, 512, 530, 531, 532, 533, 534, 536, 573, 589, 596, 598, 601, 605, 617, 620, 624, 646, 653, 658, 660, 662, 668, 689, 694, 702, 724, 725, 745, 760, 775, 793, 829, 838, 839, 877, 901, 903, 905, 910, 923]","[1, 13, 14, 29, 54, 55, 56, 57, 58, 60, 102, 118, 125, 127, 130, 134, 146, 149, 153, 175, 182, 187, 189, 191, 197, 225, 230, 238, 264, 265, 266, 286, 302, 317, 336, 354, 379, 388, 389, 425, 454, 458, 463, 475, 487, 498, 499, 512, 530, 531, 532, 533, 534, 536, 573, 589, 596, 598, 601, 605, 617, 620, 624, 646, 653, 658, 660, 662, 668, 689, 694, 702, 724, 725, 745, 760, 775, 793, 809, 829, 838, 839, 877, 901, 903, 905, 910, 923]","[512, 1, 13, 14, 16, 530, 531, 532, 533, 534, 536, 29, 54, 55, 56, 57, 58, 60, 573, 589, 596, 598, 601, 605, 102, 617, 620, 624, 628, 118, 635, 125, 127, 130, 134, 646, 653, 655, 146, 658, 660, 149, 662, 153, 156, 668, 163, 675, 168, 175, 689, 693, 182, 694, 184, 187, 189, 702, 191, 197, 716, 205, 720, 724, 725, 222, 225, 229, 230, 745, 238, 760, 253, 258, 771, 775, 264, 265, 266, 793, 796, 797, 286, 809, 811, 302, 817, 818, 820, 313, 825, 317, 829, 838, 839, 841, 844, 846, 336, 851, 340, 341, 857, 861, 862, 863, 864, 866, 867, 356, 868, 870, 871, 354, 363, 365, 366, 367, 877, 881, 370, 883, 885, 375, 888, 891, 892, 893, 379, 898, 899, 388, 389, 901, 391, 904, 905, 394, 907, 396, 908, 903, 911, 910, 402, 918, 920, 921, 410, 411, 412, 413, 922, 415, 416, 417, 418, 419, 923, 924, 926, 931, 933, 425, 429, 431, 433, 435, 437, 440, 441, 442, 443, 451, 452, 454, 456, 457, 458, 460, 461, 463, 464, 471, 473, 474, 475, 481, 482, 487, 498, 499, 501]",False,[],[],[],[],"[16, 125, 156, 163, 168, 184, 205, 222, 229, 253, 258, 265, 313, 317, 336, 340, 341, 356, 363, 365, 366, 367, 370, 375, 388, 391, 394, 396, 402, 410, 411, 412, 413, 415, 416, 417, 418, 419, 425, 429, 431, 433, 435, 437, 440, 441, 442, 443, 451, 452, 456, 457, 458, 460, 461, 464, 471, 473, 474, 475, 481, 482, 501, 596, 628, 635, 655, 675, 693, 716, 720, 725, 771, 775, 793, 796, 797, 811, 817, 818, 820, 825, 838, 841, 844, 846, 851, 857, 861, 862, 863, 864, 866, 867, 868, 870, 871, 877, 881, 883, 885, 888, 891, 892, 893, 898, 899, 904, 905, 907, 908, 911, 918, 920, 921, 922, 923, 924, 926, 931, 933]","[1, 13, 14, 29, 54, 55, 56, 57, 58, 60, 102, 118, 125, 127, 130, 134, 146, 149, 153, 175, 182, 187, 189, 191, 197, 225, 230, 238, 264, 265, 266, 286, 302, 317, 336, 354, 379, 388, 389, 425, 454, 458, 463, 475, 487, 498, 499, 512, 530, 531, 532, 533, 534, 536, 573, 589, 596, 598, 601, 605, 617, 620, 624, 646, 653, 658, 660, 662, 668, 689, 694, 702, 724, 725, 745, 760, 775, 793, 809, 829, 838, 839, 877, 901, 903, 905, 910, 923]","[1, 13, 14, 29, 54, 55, 56, 57, 58, 60, 102, 118, 125, 127, 130, 134, 146, 149, 153, 175, 182, 187, 189, 191, 197, 225, 230, 238, 264, 265, 266, 286, 302, 317, 336, 379, 388, 389, 425, 454, 458, 463, 475, 487, 498, 499, 512, 530, 531, 532, 533, 534, 536, 573, 589, 596, 598, 601, 605, 617, 620, 624, 646, 653, 658, 660, 662, 668, 689, 694, 702, 724, 725, 745, 760, 775, 793, 829, 838, 839, 877, 901, 903, 905, 910, 923]",0/6 successful match,False,,False,64,False,,1.0,True,Flags West Truck Stop ) ( Shell ),Shell
Downey ( 83234 ) Flags West Truck Stop ( Shell ),6 208-897-5238 I-15 Exit 31,24 MO,Downey,83234,Flags West Truck Stop ( Shell ),208-897-5238,2016,Downey,ID,Shell,,I-15 Exit 31,Exit,31,False,,False,I-15,,,,,[],[],[],[],[],"[16, 125, 156, 163, 168, 184, 205, 222, 229, 253, 258, 265, 313, 317, 336, 340, 341, 356, 363, 365, 366, 367, 370, 375, 388, 391, 394, 396, 402, 410, 411, 412, 413, 415, 416, 417, 418, 419, 425, 429, 431, 433, 435, 437, 440, 441, 442, 443, 451, 452, 456, 457, 458, 460, 461, 464, 471, 473, 474, 475, 481, 482, 501, 596, 628, 635, 655, 675, 693, 716, 720, 725, 771, 775, 793, 796, 797, 811, 817, 818, 820, 825, 838, 841, 844, 846, 851, 857, 861, 862, 863, 864, 866, 867, 868, 870, 871, 877, 881, 883, 885, 888, 891, 892, 893, 898, 899, 904, 905, 907, 908, 911, 918, 920, 921, 922, 923, 924, 926, 931, 933]","[1, 13, 14, 29, 54, 55, 56, 57, 58, 60, 102, 118, 125, 127, 130, 134, 146, 149, 153, 175, 182, 187, 189, 191, 197, 225, 230, 238, 264, 265, 266, 286, 302, 317, 336, 379, 388, 389, 425, 454, 458, 463, 475, 487, 498, 499, 512, 530, 531, 532, 533, 534, 536, 573, 589, 596, 598, 601, 605, 617, 620, 624, 646, 653, 658, 660, 662, 668, 689, 694, 702, 724, 725, 745, 760, 775, 793, 829, 838, 839, 877, 901, 903, 905, 910, 923]","[1, 13, 14, 29, 54, 55, 56, 57, 58, 60, 102, 118, 125, 127, 130, 134, 146, 149, 153, 175, 182, 187, 189, 191, 197, 225, 230, 238, 264, 265, 266, 286, 302, 317, 336, 354, 379, 388, 389, 425, 454, 458, 463, 475, 487, 498, 499, 512, 530, 531, 532, 533, 534, 536, 573, 589, 596, 598, 601, 605, 617, 620, 624, 646, 653, 658, 660, 662, 668, 689, 694, 702, 724, 725, 745, 760, 775, 793, 809, 829, 838, 839, 877, 901, 903, 905, 910, 923]","[512, 1, 13, 14, 16, 530, 531, 532, 533, 534, 536, 29, 54, 55, 56, 57, 58, 60, 573, 589, 596, 598, 601, 605, 102, 617, 620, 624, 628, 118, 635, 125, 127, 130, 134, 646, 653, 655, 146, 658, 660, 149, 662, 153, 156, 668, 163, 675, 168, 175, 689, 693, 182, 694, 184, 187, 189, 702, 191, 197, 716, 205, 720, 724, 725, 222, 225, 229, 230, 745, 238, 760, 253, 258, 771, 775, 264, 265, 266, 793, 796, 797, 286, 809, 811, 302, 817, 818, 820, 313, 825, 317, 829, 838, 839, 841, 844, 846, 336, 851, 340, 341, 857, 861, 862, 863, 864, 866, 867, 356, 868, 870, 871, 354, 363, 365, 366, 367, 877, 881, 370, 883, 885, 375, 888, 891, 892, 893, 379, 898, 899, 388, 389, 901, 391, 904, 905, 394, 907, 396, 908, 903, 911, 910, 402, 918, 920, 921, 410, 411, 412, 413, 922, 415, 416, 417, 418, 419, 923, 924, 926, 931, 933, 425, 429, 431, 433, 435, 437, 440, 441, 442, 443, 451, 452, 454, 456, 457, 458, 460, 461, 463, 464, 471, 473, 474, 475, 481, 482, 487, 498, 499, 501]",False,[],[],[],[],"[16, 125, 156, 163, 168, 184, 205, 222, 229, 253, 258, 265, 313, 317, 336, 340, 341, 356, 363, 365, 366, 367, 370, 375, 388, 391, 394, 396, 402, 410, 411, 412, 413, 415, 416, 417, 418, 419, 425, 429, 431, 433, 435, 437, 440, 441, 442, 443, 451, 452, 456, 457, 458, 460, 461, 464, 471, 473, 474, 475, 481, 482, 501, 596, 628, 635, 655, 675, 693, 716, 720, 725, 771, 775, 793, 796, 797, 811, 817, 818, 820, 825, 838, 841, 844, 846, 851, 857, 861, 862, 863, 864, 866, 867, 868, 870, 871, 877, 881, 883, 885, 888, 891, 892, 893, 898, 899, 904, 905, 907, 908, 911, 918, 920, 921, 922, 923, 924, 926, 931, 933]","[1, 13, 14, 29, 54, 55, 56, 57, 58, 60, 102, 118, 125, 127, 130, 134, 146, 149, 153, 175, 182, 187, 189, 191, 197, 225, 230, 238, 264, 265, 266, 286, 302, 317, 336, 354, 379, 388, 389, 425, 454, 458, 463, 475, 487, 498, 499, 512, 530, 531, 532, 533, 534, 536, 573, 589, 596, 598, 601, 605, 617, 620, 624, 646, 653, 658, 660, 662, 668, 689, 694, 702, 724, 725, 745, 760, 775, 793, 809, 829, 838, 839, 877, 901, 903, 905, 910, 923]","[1, 13, 14, 29, 54, 55, 56, 57, 58, 60, 102, 118, 125, 127, 130, 134, 146, 149, 153, 175, 182, 187, 189, 191, 197, 225, 230, 238, 264, 265, 266, 286, 302, 317, 336, 379, 388, 389, 425, 454, 458, 463, 475, 487, 498, 499, 512, 530, 531, 532, 533, 534, 536, 573, 589, 596, 598, 601, 605, 617, 620, 624, 646, 653, 658, 660, 662, 668, 689, 694, 702, 724, 725, 745, 760, 775, 793, 829, 838, 839, 877, 901, 903, 905, 910, 923]",0/6 successful match,False,,False,64,False,,1.0,True,Flags West Truck Stop ( Shell ),Shell
"McCammon , 83250 McCammon Chevron",208-254-3630 I-15 Exit 47 (,S <U+2610>,McCammon,83250,McCammon Chevron,208-254-3630,2006,Mccammon,ID,Chevron,(,I-15 Exit 47 ,Exit,47,False,,False,I-15,,,,,[],[],[],[],[],"[16, 125, 156, 163, 168, 184, 205, 222, 229, 253, 258, 265, 313, 317, 336, 340, 341, 356, 363, 365, 366, 367, 370, 375, 388, 391, 394, 396, 402, 410, 411, 412, 413, 415, 416, 417, 418, 419, 425, 429, 431, 433, 435, 437, 440, 441, 442, 443, 451, 452, 456, 457, 458, 460, 461, 464, 471, 473, 474, 475, 481, 482, 501, 596, 628, 635, 655, 675, 693, 716, 720, 725, 771, 775, 793, 796, 797, 811, 817, 818, 820, 825, 838, 841, 844, 846, 851, 857, 861, 862, 863, 864, 866, 867, 868, 870, 871, 877, 881, 883, 885, 888, 891, 892, 893, 898, 899, 904, 905, 907, 908, 911, 918, 920, 921, 922, 923, 924, 926, 931, 933]","[12, 24, 25, 28, 88, 100, 104, 119, 123, 129, 136, 137, 139, 140, 141, 148, 155, 169, 172, 179, 183, 185, 188, 196, 198, 217, 237, 267, 270, 278, 319, 321, 324, 325, 330, 334, 335, 354, 366, 369, 380, 383, 384, 386, 395, 407, 411, 423, 428, 436, 437, 452, 453, 456, 467, 471, 477, 478, 479, 497, 508, 511, 559, 571, 575, 590, 594, 600, 607, 608, 610, 611, 612, 619, 627, 640, 643, 650, 654, 656, 659, 667, 669, 685, 701, 726, 729, 737, 777, 779, 782, 783, 787, 790, 791, 809, 817, 819, 830, 833, 834, 836, 845, 856, 857, 860, 862, 875, 880, 887, 888, 899, 900, 914, 918, 921, 928, 929, 930]","[12, 24, 25, 28, 88, 100, 104, 119, 123, 129, 136, 137, 139, 140, 141, 148, 155, 169, 172, 179, 183, 185, 188, 196, 198, 217, 237, 267, 270, 278, 319, 321, 324, 325, 330, 334, 335, 354, 366, 369, 380, 383, 384, 386, 395, 407, 411, 423, 428, 436, 437, 452, 453, 456, 467, 471, 477, 478, 479, 497, 508, 511, 559, 571, 575, 590, 594, 600, 607, 608, 610, 611, 612, 619, 627, 640, 643, 650, 654, 656, 659, 667, 669, 685, 701, 726, 729, 737, 777, 779, 782, 783, 787, 790, 791, 809, 817, 819, 830, 833, 834, 836, 845, 856, 857, 860, 862, 875, 880, 887, 888, 899, 900, 914, 918, 921, 928, 929, 930]","[12, 16, 24, 25, 28, 559, 571, 928, 575, 929, 590, 594, 596, 88, 600, 607, 608, 610, 611, 100, 612, 104, 619, 627, 628, 119, 635, 123, 125, 640, 129, 643, 136, 137, 650, 139, 140, 141, 654, 655, 656, 659, 148, 155, 156, 667, 669, 163, 675, 168, 169, 172, 685, 179, 693, 183, 184, 185, 188, 701, 196, 198, 716, 205, 720, 725, 726, 217, 729, 222, 737, 229, 237, 253, 258, 771, 775, 265, 777, 267, 779, 270, 782, 783, 787, 278, 790, 791, 793, 796, 797, 809, 811, 817, 818, 819, 820, 313, 825, 317, 830, 319, 321, 833, 834, 324, 325, 838, 836, 841, 330, 844, 845, 846, 334, 336, 335, 851, 340, 341, 856, 857, 860, 861, 862, 863, 864, 866, 867, 356, 868, 870, 871, 354, 363, 875, 365, 366, 367, 877, 881, 370, 883, 369, 885, 880, 375, 888, 887, 891, 892, 893, 380, 383, 384, 898, 899, 388, 386, 900, 391, 904, 905, 394, 907, 396, 908, 395, 911, 402, 914, 918, 407, 920, 921, 410, 411, 412, 413, 922, 415, 416, 417, 418, 419, 923, 924, 926, 931, 933, 425, 423, 930, 428, 429, 431, 433, 435, 436, 437, 440, 441, 442, 443, 451, 452, 453, 456, 457, 458, 460, 461, 464, 467, 471, 473, 474, 475, 477, 478, 479, 481, 482, 497, 501, 508, 511]",False,[],[],[],[],"[16, 125, 156, 163, 168, 184, 205, 222, 229, 253, 258, 265, 313, 317, 336, 340, 341, 356, 363, 365, 366, 367, 370, 375, 388, 391, 394, 396, 402, 410, 411, 412, 413, 415, 416, 417, 418, 419, 425, 429, 431, 433, 435, 437, 440, 441, 442, 443, 451, 452, 456, 457, 458, 460, 461, 464, 471, 473, 474, 475, 481, 482, 501, 596, 628, 635, 655, 675, 693, 716, 720, 725, 771, 775, 793, 796, 797, 811, 817, 818, 820, 825, 838, 841, 844, 846, 851, 857, 861, 862, 863, 864, 866, 867, 868, 870, 871, 877, 881, 883, 885, 888, 891, 892, 893, 898, 899, 904, 905, 907, 908, 911, 918, 920, 921, 922, 923, 924, 926, 931, 933]","[12, 24, 25, 28, 88, 100, 104, 119, 123, 129, 136, 137, 139, 140, 141, 148, 155, 169, 172, 179, 183, 185, 188, 196, 198, 217, 237, 267, 270, 278, 319, 321, 324, 325, 330, 334, 335, 354, 366, 369, 380, 383, 384, 386, 395, 407, 411, 423, 428, 436, 437, 452, 453, 456, 467, 471, 477, 478, 479, 497, 508, 511, 559, 571, 575, 590, 594, 600, 607, 608, 610, 611, 612, 619, 627, 640, 643, 650, 654, 656, 659, 667, 669, 685, 701, 726, 729, 737, 777, 779, 782, 783, 787, 790, 791, 809, 817, 819, 830, 833, 834, 836, 845, 856, 857, 860, 862, 875, 880, 887, 888, 899, 900, 914, 918, 921, 928, 929, 930]","[12, 24, 25, 28, 88, 100, 104, 119, 123, 129, 136, 137, 139, 140, 141, 148, 155, 169, 172, 179, 183, 185, 188, 196, 198, 217, 237, 267, 270, 278, 319, 321, 324, 325, 330, 334, 335, 354, 366, 369, 380, 383, 384, 386, 395, 407, 411, 423, 428, 436, 437, 452, 453, 456, 467, 471, 477, 478, 479, 497, 508, 511, 559, 571, 575, 590, 594, 600, 607, 608, 610, 611, 612, 619, 627, 640, 643, 650, 654, 656, 659, 667, 669, 685, 701, 726, 729, 737, 777, 779, 782, 783, 787, 790, 791, 809, 817, 819, 830, 833, 834, 836, 845, 856, 857, 860, 862, 875, 880, 887, 888, 899, 900, 914, 918, 921, 928, 929, 930]",0/6 successful match,False,,False,65,False,,,,,
"McCammon , 83250 McCammon Chevron",6 208-254-3630 I-15 Exit 47 ( US 30 E ),M O <U+2610>,McCammon,83250,McCammon Chevron,208-254-3630,2007,Mccammon,ID,Chevron,( US 30 E ),I-15 Exit 47 ,Exit,47,False,,False,I-15,,,,,[],[],[],[],[],"[16, 125, 156, 163, 168, 184, 205, 222, 229, 253, 258, 265, 313, 317, 336, 340, 341, 356, 363, 365, 366, 367, 370, 375, 388, 391, 394, 396, 402, 410, 411, 412, 413, 415, 416, 417, 418, 419, 425, 429, 431, 433, 435, 437, 440, 441, 442, 443, 451, 452, 456, 457, 458, 460, 461, 464, 471, 473, 474, 475, 481, 482, 501, 596, 628, 635, 655, 675, 693, 716, 720, 725, 771, 775, 793, 796, 797, 811, 817, 818, 820, 825, 838, 841, 844, 846, 851, 857, 861, 862, 863, 864, 866, 867, 868, 870, 871, 877, 881, 883, 885, 888, 891, 892, 893, 898, 899, 904, 905, 907, 908, 911, 918, 920, 921, 922, 923, 924, 926, 931, 933]","[12, 24, 25, 28, 88, 100, 104, 119, 123, 129, 136, 137, 139, 140, 141, 148, 155, 169, 172, 179, 183, 185, 188, 196, 198, 217, 237, 267, 270, 278, 319, 321, 324, 325, 330, 334, 335, 354, 366, 369, 380, 383, 384, 386, 395, 407, 411, 423, 428, 436, 437, 452, 453, 456, 467, 471, 477, 478, 479, 497, 508, 511, 559, 571, 575, 590, 594, 600, 607, 608, 610, 611, 612, 619, 627, 640, 643, 650, 654, 656, 659, 667, 669, 685, 701, 726, 729, 737, 777, 779, 782, 783, 787, 790, 791, 809, 817, 819, 830, 833, 834, 836, 845, 856, 857, 860, 862, 875, 880, 887, 888, 899, 900, 914, 918, 921, 928, 929, 930]","[12, 24, 25, 28, 88, 100, 104, 119, 123, 129, 136, 137, 139, 140, 141, 148, 155, 169, 172, 179, 183, 185, 188, 196, 198, 217, 237, 267, 270, 278, 319, 321, 324, 325, 330, 334, 335, 354, 366, 369, 380, 383, 384, 386, 395, 407, 411, 423, 428, 436, 437, 452, 453, 456, 467, 471, 477, 478, 479, 497, 508, 511, 559, 571, 575, 590, 594, 600, 607, 608, 610, 611, 612, 619, 627, 640, 643, 650, 654, 656, 659, 667, 669, 685, 701, 726, 729, 737, 777, 779, 782, 783, 787, 790, 791, 809, 817, 819, 830, 833, 834, 836, 845, 856, 857, 860, 862, 875, 880, 887, 888, 899, 900, 914, 918, 921, 928, 929, 930]","[12, 16, 24, 25, 28, 559, 571, 928, 575, 929, 590, 594, 596, 88, 600, 607, 608, 610, 611, 100, 612, 104, 619, 627, 628, 119, 635, 123, 125, 640, 129, 643, 136, 137, 650, 139, 140, 141, 654, 655, 656, 659, 148, 155, 156, 667, 669, 163, 675, 168, 169, 172, 685, 179, 693, 183, 184, 185, 188, 701, 196, 198, 716, 205, 720, 725, 726, 217, 729, 222, 737, 229, 237, 253, 258, 771, 775, 265, 777, 267, 779, 270, 782, 783, 787, 278, 790, 791, 793, 796, 797, 809, 811, 817, 818, 819, 820, 313, 825, 317, 830, 319, 321, 833, 834, 324, 325, 838, 836, 841, 330, 844, 845, 846, 334, 336, 335, 851, 340, 341, 856, 857, 860, 861, 862, 863, 864, 866, 867, 356, 868, 870, 871, 354, 363, 875, 365, 366, 367, 877, 881, 370, 883, 369, 885, 880, 375, 888, 887, 891, 892, 893, 380, 383, 384, 898, 899, 388, 386, 900, 391, 904, 905, 394, 907, 396, 908, 395, 911, 402, 914, 918, 407, 920, 921, 410, 411, 412, 413, 922, 415, 416, 417, 418, 419, 923, 924, 926, 931, 933, 425, 423, 930, 428, 429, 431, 433, 435, 436, 437, 440, 441, 442, 443, 451, 452, 453, 456, 457, 458, 460, 461, 464, 467, 471, 473, 474, 475, 477, 478, 479, 481, 482, 497, 501, 508, 511]",False,[],[],[],[],"[16, 125, 156, 163, 168, 184, 205, 222, 229, 253, 258, 265, 313, 317, 336, 340, 341, 356, 363, 365, 366, 367, 370, 375, 388, 391, 394, 396, 402, 410, 411, 412, 413, 415, 416, 417, 418, 419, 425, 429, 431, 433, 435, 437, 440, 441, 442, 443, 451, 452, 456, 457, 458, 460, 461, 464, 471, 473, 474, 475, 481, 482, 501, 596, 628, 635, 655, 675, 693, 716, 720, 725, 771, 775, 793, 796, 797, 811, 817, 818, 820, 825, 838, 841, 844, 846, 851, 857, 861, 862, 863, 864, 866, 867, 868, 870, 871, 877, 881, 883, 885, 888, 891, 892, 893, 898, 899, 904, 905, 907, 908, 911, 918, 920, 921, 922, 923, 924, 926, 931, 933]","[12, 24, 25, 28, 88, 100, 104, 119, 123, 129, 136, 137, 139, 140, 141, 148, 155, 169, 172, 179, 183, 185, 188, 196, 198, 217, 237, 267, 270, 278, 319, 321, 324, 325, 330, 334, 335, 354, 366, 369, 380, 383, 384, 386, 395, 407, 411, 423, 428, 436, 437, 452, 453, 456, 467, 471, 477, 478, 479, 497, 508, 511, 559, 571, 575, 590, 594, 600, 607, 608, 610, 611, 612, 619, 627, 640, 643, 650, 654, 656, 659, 667, 669, 685, 701, 726, 729, 737, 777, 779, 782, 783, 787, 790, 791, 809, 817, 819, 830, 833, 834, 836, 845, 856, 857, 860, 862, 875, 880, 887, 888, 899, 900, 914, 918, 921, 928, 929, 930]","[12, 24, 25, 28, 88, 100, 104, 119, 123, 129, 136, 137, 139, 140, 141, 148, 155, 169, 172, 179, 183, 185, 188, 196, 198, 217, 237, 267, 270, 278, 319, 321, 324, 325, 330, 334, 335, 354, 366, 369, 380, 383, 384, 386, 395, 407, 411, 423, 428, 436, 437, 452, 453, 456, 467, 471, 477, 478, 479, 497, 508, 511, 559, 571, 575, 590, 594, 600, 607, 608, 610, 611, 612, 619, 627, 640, 643, 650, 654, 656, 659, 667, 669, 685, 701, 726, 729, 737, 777, 779, 782, 783, 787, 790, 791, 809, 817, 819, 830, 833, 834, 836, 845, 856, 857, 860, 862, 875, 880, 887, 888, 899, 900, 914, 918, 921, 928, 929, 930]",0/6 successful match,False,,False,65,False,,1.0,True,McCammon Chevron,Chevron
"McCammon , 83250 McCammon & ID 55 Chevron",61208-254-3630 I-15 Exit 47 ( US,<U+2610> S,McCammon,83250,McCammon & ID 55 Chevron,208-254-3630,2008,Mccammon,ID,Chevron,( US,I-15 Exit 47 ,Exit,47,False,,False,I-15,,,,,[],[],[],[],[],"[16, 125, 156, 163, 168, 184, 205, 222, 229, 253, 258, 265, 313, 317, 336, 340, 341, 356, 363, 365, 366, 367, 370, 375, 388, 391, 394, 396, 402, 410, 411, 412, 413, 415, 416, 417, 418, 419, 425, 429, 431, 433, 435, 437, 440, 441, 442, 443, 451, 452, 456, 457, 458, 460, 461, 464, 471, 473, 474, 475, 481, 482, 501, 596, 628, 635, 655, 675, 693, 716, 720, 725, 771, 775, 793, 796, 797, 811, 817, 818, 820, 825, 838, 841, 844, 846, 851, 857, 861, 862, 863, 864, 866, 867, 868, 870, 871, 877, 881, 883, 885, 888, 891, 892, 893, 898, 899, 904, 905, 907, 908, 911, 918, 920, 921, 922, 923, 924, 926, 931, 933]","[12, 24, 25, 28, 88, 100, 104, 119, 123, 129, 136, 137, 139, 140, 141, 148, 155, 169, 172, 179, 183, 185, 188, 196, 198, 217, 237, 267, 270, 278, 319, 321, 324, 325, 330, 334, 335, 354, 366, 369, 380, 383, 384, 386, 395, 407, 411, 423, 428, 436, 437, 452, 453, 456, 467, 471, 477, 478, 479, 497, 508, 511, 559, 571, 575, 590, 594, 600, 607, 608, 610, 611, 612, 619, 627, 640, 643, 650, 654, 656, 659, 667, 669, 685, 701, 726, 729, 737, 777, 779, 782, 783, 787, 790, 791, 809, 817, 819, 830, 833, 834, 836, 845, 856, 857, 860, 862, 875, 880, 887, 888, 899, 900, 914, 918, 921, 928, 929, 930]","[12, 24, 25, 28, 88, 100, 104, 119, 123, 129, 136, 137, 139, 140, 141, 148, 155, 169, 172, 179, 183, 185, 188, 196, 198, 217, 237, 267, 270, 278, 319, 321, 324, 325, 330, 334, 335, 354, 366, 369, 380, 383, 384, 386, 395, 407, 411, 423, 428, 436, 437, 452, 453, 456, 467, 471, 477, 478, 479, 497, 508, 511, 559, 571, 575, 590, 594, 600, 607, 608, 610, 611, 612, 619, 627, 640, 643, 650, 654, 656, 659, 667, 669, 685, 701, 726, 729, 737, 777, 779, 782, 783, 787, 790, 791, 809, 817, 819, 830, 833, 834, 836, 845, 856, 857, 860, 862, 875, 880, 887, 888, 899, 900, 914, 918, 921, 928, 929, 930]","[12, 16, 24, 25, 28, 559, 571, 928, 575, 929, 590, 594, 596, 88, 600, 607, 608, 610, 611, 100, 612, 104, 619, 627, 628, 119, 635, 123, 125, 640, 129, 643, 136, 137, 650, 139, 140, 141, 654, 655, 656, 659, 148, 155, 156, 667, 669, 163, 675, 168, 169, 172, 685, 179, 693, 183, 184, 185, 188, 701, 196, 198, 716, 205, 720, 725, 726, 217, 729, 222, 737, 229, 237, 253, 258, 771, 775, 265, 777, 267, 779, 270, 782, 783, 787, 278, 790, 791, 793, 796, 797, 809, 811, 817, 818, 819, 820, 313, 825, 317, 830, 319, 321, 833, 834, 324, 325, 838, 836, 841, 330, 844, 845, 846, 334, 336, 335, 851, 340, 341, 856, 857, 860, 861, 862, 863, 864, 866, 867, 356, 868, 870, 871, 354, 363, 875, 365, 366, 367, 877, 881, 370, 883, 369, 885, 880, 375, 888, 887, 891, 892, 893, 380, 383, 384, 898, 899, 388, 386, 900, 391, 904, 905, 394, 907, 396, 908, 395, 911, 402, 914, 918, 407, 920, 921, 410, 411, 412, 413, 922, 415, 416, 417, 418, 419, 923, 924, 926, 931, 933, 425, 423, 930, 428, 429, 431, 433, 435, 436, 437, 440, 441, 442, 443, 451, 452, 453, 456, 457, 458, 460, 461, 464, 467, 471, 473, 474, 475, 477, 478, 479, 481, 482, 497, 501, 508, 511]",False,[],[],[],[],"[16, 125, 156, 163, 168, 184, 205, 222, 229, 253, 258, 265, 313, 317, 336, 340, 341, 356, 363, 365, 366, 367, 370, 375, 388, 391, 394, 396, 402, 410, 411, 412, 413, 415, 416, 417, 418, 419, 425, 429, 431, 433, 435, 437, 440, 441, 442, 443, 451, 452, 456, 457, 458, 460, 461, 464, 471, 473, 474, 475, 481, 482, 501, 596, 628, 635, 655, 675, 693, 716, 720, 725, 771, 775, 793, 796, 797, 811, 817, 818, 820, 825, 838, 841, 844, 846, 851, 857, 861, 862, 863, 864, 866, 867, 868, 870, 871, 877, 881, 883, 885, 888, 891, 892, 893, 898, 899, 904, 905, 907, 908, 911, 918, 920, 921, 922, 923, 924, 926, 931, 933]","[12, 24, 25, 28, 88, 100, 104, 119, 123, 129, 136, 137, 139, 140, 141, 148, 155, 169, 172, 179, 183, 185, 188, 196, 198, 217, 237, 267, 270, 278, 319, 321, 324, 325, 330, 334, 335, 354, 366, 369, 380, 383, 384, 386, 395, 407, 411, 423, 428, 436, 437, 452, 453, 456, 467, 471, 477, 478, 479, 497, 508, 511, 559, 571, 575, 590, 594, 600, 607, 608, 610, 611, 612, 619, 627, 640, 643, 650, 654, 656, 659, 667, 669, 685, 701, 726, 729, 737, 777, 779, 782, 783, 787, 790, 791, 809, 817, 819, 830, 833, 834, 836, 845, 856, 857, 860, 862, 875, 880, 887, 888, 899, 900, 914, 918, 921, 928, 929, 930]","[12, 24, 25, 28, 88, 100, 104, 119, 123, 129, 136, 137, 139, 140, 141, 148, 155, 169, 172, 179, 183, 185, 188, 196, 198, 217, 237, 267, 270, 278, 319, 321, 324, 325, 330, 334, 335, 354, 366, 369, 380, 383, 384, 386, 395, 407, 411, 423, 428, 436, 437, 452, 453, 456, 467, 471, 477, 478, 479, 497, 508, 511, 559, 571, 575, 590, 594, 600, 607, 608, 610, 611, 612, 619, 627, 640, 643, 650, 654, 656, 659, 667, 669, 685, 701, 726, 729, 737, 777, 779, 782, 783, 787, 790, 791, 809, 817, 819, 830, 833, 834, 836, 845, 856, 857, 860, 862, 875, 880, 887, 888, 899, 900, 914, 918, 921, 928, 929, 930]",0/6 successful match,False,,False,65,False,,0.74,True,McCammon Chevron,Chevron
McCammon ( 83250 ) McCammon Chevron,208-254-3630 I-15 Exit 47 ( US 30 E ),<U+2610> M <U+2610>,McCammon,83250,McCammon Chevron,208-254-3630,2014,Mccammon,ID,Chevron,( US 30 E ),I-15 Exit 47 ,Exit,47,False,,False,I-15,,,,,[],[],[],[],[],"[16, 125, 156, 163, 168, 184, 205, 222, 229, 253, 258, 265, 313, 317, 336, 340, 341, 356, 363, 365, 366, 367, 370, 375, 388, 391, 394, 396, 402, 410, 411, 412, 413, 415, 416, 417, 418, 419, 425, 429, 431, 433, 435, 437, 440, 441, 442, 443, 451, 452, 456, 457, 458, 460, 461, 464, 471, 473, 474, 475, 481, 482, 501, 596, 628, 635, 655, 675, 693, 716, 720, 725, 771, 775, 793, 796, 797, 811, 817, 818, 820, 825, 838, 841, 844, 846, 851, 857, 861, 862, 863, 864, 866, 867, 868, 870, 871, 877, 881, 883, 885, 888, 891, 892, 893, 898, 899, 904, 905, 907, 908, 911, 918, 920, 921, 922, 923, 924, 926, 931, 933]","[12, 24, 25, 28, 88, 100, 104, 119, 123, 129, 136, 137, 139, 140, 141, 148, 155, 169, 172, 179, 183, 185, 188, 196, 198, 217, 237, 267, 270, 278, 319, 321, 324, 325, 330, 334, 335, 354, 366, 369, 380, 383, 384, 386, 395, 407, 411, 423, 428, 436, 437, 452, 453, 456, 467, 471, 477, 478, 479, 497, 508, 511, 559, 571, 575, 590, 594, 600, 607, 608, 610, 611, 612, 619, 627, 640, 643, 650, 654, 656, 659, 667, 669, 685, 701, 726, 729, 737, 777, 779, 782, 783, 787, 790, 791, 809, 817, 819, 830, 833, 834, 836, 845, 856, 857, 860, 862, 875, 880, 887, 888, 899, 900, 914, 918, 921, 928, 929, 930]","[12, 24, 25, 28, 88, 100, 104, 119, 123, 129, 136, 137, 139, 140, 141, 148, 155, 169, 172, 179, 183, 185, 188, 196, 198, 217, 237, 267, 270, 278, 319, 321, 324, 325, 330, 334, 335, 354, 366, 369, 380, 383, 384, 386, 395, 407, 411, 423, 428, 436, 437, 452, 453, 456, 467, 471, 477, 478, 479, 497, 508, 511, 559, 571, 575, 590, 594, 600, 607, 608, 610, 611, 612, 619, 627, 640, 643, 650, 654, 656, 659, 667, 669, 685, 701, 726, 729, 737, 777, 779, 782, 783, 787, 790, 791, 809, 817, 819, 830, 833, 834, 836, 845, 856, 857, 860, 862, 875, 880, 887, 888, 899, 900, 914, 918, 921, 928, 929, 930]","[12, 16, 24, 25, 28, 559, 571, 928, 575, 929, 590, 594, 596, 88, 600, 607, 608, 610, 611, 100, 612, 104, 619, 627, 628, 119, 635, 123, 125, 640, 129, 643, 136, 137, 650, 139, 140, 141, 654, 655, 656, 659, 148, 155, 156, 667, 669, 163, 675, 168, 169, 172, 685, 179, 693, 183, 184, 185, 188, 701, 196, 198, 716, 205, 720, 725, 726, 217, 729, 222, 737, 229, 237, 253, 258, 771, 775, 265, 777, 267, 779, 270, 782, 783, 787, 278, 790, 791, 793, 796, 797, 809, 811, 817, 818, 819, 820, 313, 825, 317, 830, 319, 321, 833, 834, 324, 325, 838, 836, 841, 330, 844, 845, 846, 334, 336, 335, 851, 340, 341, 856, 857, 860, 861, 862, 863, 864, 866, 867, 356, 868, 870, 871, 354, 363, 875, 365, 366, 367, 877, 881, 370, 883, 369, 885, 880, 375, 888, 887, 891, 892, 893, 380, 383, 384, 898, 899, 388, 386, 900, 391, 904, 905, 394, 907, 396, 908, 395, 911, 402, 914, 918, 407, 920, 921, 410, 411, 412, 413, 922, 415, 416, 417, 418, 419, 923, 924, 926, 931, 933, 425, 423, 930, 428, 429, 431, 433, 435, 436, 437, 440, 441, 442, 443, 451, 452, 453, 456, 457, 458, 460, 461, 464, 467, 471, 473, 474, 475, 477, 478, 479, 481, 482, 497, 501, 508, 511]",False,[],[],[],[],"[16, 125, 156, 163, 168, 184, 205, 222, 229, 253, 258, 265, 313, 317, 336, 340, 341, 356, 363, 365, 366, 367, 370, 375, 388, 391, 394, 396, 402, 410, 411, 412, 413, 415, 416, 417, 418, 419, 425, 429, 431, 433, 435, 437, 440, 441, 442, 443, 451, 452, 456, 457, 458, 460, 461, 464, 471, 473, 474, 475, 481, 482, 501, 596, 628, 635, 655, 675, 693, 716, 720, 725, 771, 775, 793, 796, 797, 811, 817, 818, 820, 825, 838, 841, 844, 846, 851, 857, 861, 862, 863, 864, 866, 867, 868, 870, 871, 877, 881, 883, 885, 888, 891, 892, 893, 898, 899, 904, 905, 907, 908, 911, 918, 920, 921, 922, 923, 924, 926, 931, 933]","[12, 24, 25, 28, 88, 100, 104, 119, 123, 129, 136, 137, 139, 140, 141, 148, 155, 169, 172, 179, 183, 185, 188, 196, 198, 217, 237, 267, 270, 278, 319, 321, 324, 325, 330, 334, 335, 354, 366, 369, 380, 383, 384, 386, 395, 407, 411, 423, 428, 436, 437, 452, 453, 456, 467, 471, 477, 478, 479, 497, 508, 511, 559, 571, 575, 590, 594, 600, 607, 608, 610, 611, 612, 619, 627, 640, 643, 650, 654, 656, 659, 667, 669, 685, 701, 726, 729, 737, 777, 779, 782, 783, 787, 790, 791, 809, 817, 819, 830, 833, 834, 836, 845, 856, 857, 860, 862, 875, 880, 887, 888, 899, 900, 914, 918, 921, 928, 929, 930]","[12, 24, 25, 28, 88, 100, 104, 119, 123, 129, 136, 137, 139, 140, 141, 148, 155, 169, 172, 179, 183, 185, 188, 196, 198, 217, 237, 267, 270, 278, 319, 321, 324, 325, 330, 334, 335, 354, 366, 369, 380, 383, 384, 386, 395, 407, 411, 423, 428, 436, 437, 452, 453, 456, 467, 471, 477, 478, 479, 497, 508, 511, 559, 571, 575, 590, 594, 600, 607, 608, 610, 611, 612, 619, 627, 640, 643, 650, 654, 656, 659, 667, 669, 685, 701, 726, 729, 737, 777, 779, 782, 783, 787, 790, 791, 809, 817, 819, 830, 833, 834, 836, 845, 856, 857, 860, 862, 875, 880, 887, 888, 899, 900, 914, 918, 921, 928, 929, 930]",0/6 successful match,False,,False,65,False,,0.74,True,McCammon & ID 55 Chevron,Chevron
McCammon ( 83250 ) McCammon Chevron,6 208-254-3630 I-15 Exit 47 ( US 30 E ),M D,McCammon,83250,McCammon Chevron,208-254-3630,2015,Mccammon,ID,Chevron,( US 30 E ),I-15 Exit 47 ,Exit,47,False,,False,I-15,,,,,[],[],[],[],[],"[16, 125, 156, 163, 168, 184, 205, 222, 229, 253, 258, 265, 313, 317, 336, 340, 341, 356, 363, 365, 366, 367, 370, 375, 388, 391, 394, 396, 402, 410, 411, 412, 413, 415, 416, 417, 418, 419, 425, 429, 431, 433, 435, 437, 440, 441, 442, 443, 451, 452, 456, 457, 458, 460, 461, 464, 471, 473, 474, 475, 481, 482, 501, 596, 628, 635, 655, 675, 693, 716, 720, 725, 771, 775, 793, 796, 797, 811, 817, 818, 820, 825, 838, 841, 844, 846, 851, 857, 861, 862, 863, 864, 866, 867, 868, 870, 871, 877, 881, 883, 885, 888, 891, 892, 893, 898, 899, 904, 905, 907, 908, 911, 918, 920, 921, 922, 923, 924, 926, 931, 933]","[12, 24, 25, 28, 88, 100, 104, 119, 123, 129, 136, 137, 139, 140, 141, 148, 155, 169, 172, 179, 183, 185, 188, 196, 198, 217, 237, 267, 270, 278, 319, 321, 324, 325, 330, 334, 335, 354, 366, 369, 380, 383, 384, 386, 395, 407, 411, 423, 428, 436, 437, 452, 453, 456, 467, 471, 477, 478, 479, 497, 508, 511, 559, 571, 575, 590, 594, 600, 607, 608, 610, 611, 612, 619, 627, 640, 643, 650, 654, 656, 659, 667, 669, 685, 701, 726, 729, 737, 777, 779, 782, 783, 787, 790, 791, 809, 817, 819, 830, 833, 834, 836, 845, 856, 857, 860, 862, 875, 880, 887, 888, 899, 900, 914, 918, 921, 928, 929, 930]","[12, 24, 25, 28, 88, 100, 104, 119, 123, 129, 136, 137, 139, 140, 141, 148, 155, 169, 172, 179, 183, 185, 188, 196, 198, 217, 237, 267, 270, 278, 319, 321, 324, 325, 330, 334, 335, 354, 366, 369, 380, 383, 384, 386, 395, 407, 411, 423, 428, 436, 437, 452, 453, 456, 467, 471, 477, 478, 479, 497, 508, 511, 559, 571, 575, 590, 594, 600, 607, 608, 610, 611, 612, 619, 627, 640, 643, 650, 654, 656, 659, 667, 669, 685, 701, 726, 729, 737, 777, 779, 782, 783, 787, 790, 791, 809, 817, 819, 830, 833, 834, 836, 845, 856, 857, 860, 862, 875, 880, 887, 888, 899, 900, 914, 918, 921, 928, 929, 930]","[12, 16, 24, 25, 28, 559, 571, 928, 575, 929, 590, 594, 596, 88, 600, 607, 608, 610, 611, 100, 612, 104, 619, 627, 628, 119, 635, 123, 125, 640, 129, 643, 136, 137, 650, 139, 140, 141, 654, 655, 656, 659, 148, 155, 156, 667, 669, 163, 675, 168, 169, 172, 685, 179, 693, 183, 184, 185, 188, 701, 196, 198, 716, 205, 720, 725, 726, 217, 729, 222, 737, 229, 237, 253, 258, 771, 775, 265, 777, 267, 779, 270, 782, 783, 787, 278, 790, 791, 793, 796, 797, 809, 811, 817, 818, 819, 820, 313, 825, 317, 830, 319, 321, 833, 834, 324, 325, 838, 836, 841, 330, 844, 845, 846, 334, 336, 335, 851, 340, 341, 856, 857, 860, 861, 862, 863, 864, 866, 867, 356, 868, 870, 871, 354, 363, 875, 365, 366, 367, 877, 881, 370, 883, 369, 885, 880, 375, 888, 887, 891, 892, 893, 380, 383, 384, 898, 899, 388, 386, 900, 391, 904, 905, 394, 907, 396, 908, 395, 911, 402, 914, 918, 407, 920, 921, 410, 411, 412, 413, 922, 415, 416, 417, 418, 419, 923, 924, 926, 931, 933, 425, 423, 930, 428, 429, 431, 433, 435, 436, 437, 440, 441, 442, 443, 451, 452, 453, 456, 457, 458, 460, 461, 464, 467, 471, 473, 474, 475, 477, 478, 479, 481, 482, 497, 501, 508, 511]",False,[],[],[],[],"[16, 125, 156, 163, 168, 184, 205, 222, 229, 253, 258, 265, 313, 317, 336, 340, 341, 356, 363, 365, 366, 367, 370, 375, 388, 391, 394, 396, 402, 410, 411, 412, 413, 415, 416, 417, 418, 419, 425, 429, 431, 433, 435, 437, 440, 441, 442, 443, 451, 452, 456, 457, 458, 460, 461, 464, 471, 473, 474, 475, 481, 482, 501, 596, 628, 635, 655, 675, 693, 716, 720, 725, 771, 775, 793, 796, 797, 811, 817, 818, 820, 825, 838, 841, 844, 846, 851, 857, 861, 862, 863, 864, 866, 867, 868, 870, 871, 877, 881, 883, 885, 888, 891, 892, 893, 898, 899, 904, 905, 907, 908, 911, 918, 920, 921, 922, 923, 924, 926, 931, 933]","[12, 24, 25, 28, 88, 100, 104, 119, 123, 129, 136, 137, 139, 140, 141, 148, 155, 169, 172, 179, 183, 185, 188, 196, 198, 217, 237, 267, 270, 278, 319, 321, 324, 325, 330, 334, 335, 354, 366, 369, 380, 383, 384, 386, 395, 407, 411, 423, 428, 436, 437, 452, 453, 456, 467, 471, 477, 478, 479, 497, 508, 511, 559, 571, 575, 590, 594, 600, 607, 608, 610, 611, 612, 619, 627, 640, 643, 650, 654, 656, 659, 667, 669, 685, 701, 726, 729, 737, 777, 779, 782, 783, 787, 790, 791, 809, 817, 819, 830, 833, 834, 836, 845, 856, 857, 860, 862, 875, 880, 887, 888, 899, 900, 914, 918, 921, 928, 929, 930]","[12, 24, 25, 28, 88, 100, 104, 119, 123, 129, 136, 137, 139, 140, 141, 148, 155, 169, 172, 179, 183, 185, 188, 196, 198, 217, 237, 267, 270, 278, 319, 321, 324, 325, 330, 334, 335, 354, 366, 369, 380, 383, 384, 386, 395, 407, 411, 423, 428, 436, 437, 452, 453, 456, 467, 471, 477, 478, 479, 497, 508, 511, 559, 571, 575, 590, 594, 600, 607, 608, 610, 611, 612, 619, 627, 640, 643, 650, 654, 656, 659, 667, 669, 685, 701, 726, 729, 737, 777, 779, 782, 783, 787, 790, 791, 809, 817, 819, 830, 833, 834, 836, 845, 856, 857, 860, 862, 875, 880, 887, 888, 899, 900, 914, 918, 921, 928, 929, 930]",0/6 successful match,False,,False,65,False,,1.0,True,McCammon Chevron,Chevron
McCammon ( 83250 ) McCammon Chevron,6 208-254-3630 I-15 Exit 47 ( US 30 E ),D M <U+2610> <U+25A1>,McCammon,83250,McCammon Chevron,208-254-3630,2016,Mccammon,ID,Chevron,( US 30 E ),I-15 Exit 47 ,Exit,47,False,,False,I-15,,,,,[],[],[],[],[],"[16, 125, 156, 163, 168, 184, 205, 222, 229, 253, 258, 265, 313, 317, 336, 340, 341, 356, 363, 365, 366, 367, 370, 375, 388, 391, 394, 396, 402, 410, 411, 412, 413, 415, 416, 417, 418, 419, 425, 429, 431, 433, 435, 437, 440, 441, 442, 443, 451, 452, 456, 457, 458, 460, 461, 464, 471, 473, 474, 475, 481, 482, 501, 596, 628, 635, 655, 675, 693, 716, 720, 725, 771, 775, 793, 796, 797, 811, 817, 818, 820, 825, 838, 841, 844, 846, 851, 857, 861, 862, 863, 864, 866, 867, 868, 870, 871, 877, 881, 883, 885, 888, 891, 892, 893, 898, 899, 904, 905, 907, 908, 911, 918, 920, 921, 922, 923, 924, 926, 931, 933]","[12, 24, 25, 28, 88, 100, 104, 119, 123, 129, 136, 137, 139, 140, 141, 148, 155, 169, 172, 179, 183, 185, 188, 196, 198, 217, 237, 267, 270, 278, 319, 321, 324, 325, 330, 334, 335, 354, 366, 369, 380, 383, 384, 386, 395, 407, 411, 423, 428, 436, 437, 452, 453, 456, 467, 471, 477, 478, 479, 497, 508, 511, 559, 571, 575, 590, 594, 600, 607, 608, 610, 611, 612, 619, 627, 640, 643, 650, 654, 656, 659, 667, 669, 685, 701, 726, 729, 737, 777, 779, 782, 783, 787, 790, 791, 809, 817, 819, 830, 833, 834, 836, 845, 856, 857, 860, 862, 875, 880, 887, 888, 899, 900, 914, 918, 921, 928, 929, 930]","[12, 24, 25, 28, 88, 100, 104, 119, 123, 129, 136, 137, 139, 140, 141, 148, 155, 169, 172, 179, 183, 185, 188, 196, 198, 217, 237, 267, 270, 278, 319, 321, 324, 325, 330, 334, 335, 354, 366, 369, 380, 383, 384, 386, 395, 407, 411, 423, 428, 436, 437, 452, 453, 456, 467, 471, 477, 478, 479, 497, 508, 511, 559, 571, 575, 590, 594, 600, 607, 608, 610, 611, 612, 619, 627, 640, 643, 650, 654, 656, 659, 667, 669, 685, 701, 726, 729, 737, 777, 779, 782, 783, 787, 790, 791, 809, 817, 819, 830, 833, 834, 836, 845, 856, 857, 860, 862, 875, 880, 887, 888, 899, 900, 914, 918, 921, 928, 929, 930]","[12, 16, 24, 25, 28, 559, 571, 928, 575, 929, 590, 594, 596, 88, 600, 607, 608, 610, 611, 100, 612, 104, 619, 627, 628, 119, 635, 123, 125, 640, 129, 643, 136, 137, 650, 139, 140, 141, 654, 655, 656, 659, 148, 155, 156, 667, 669, 163, 675, 168, 169, 172, 685, 179, 693, 183, 184, 185, 188, 701, 196, 198, 716, 205, 720, 725, 726, 217, 729, 222, 737, 229, 237, 253, 258, 771, 775, 265, 777, 267, 779, 270, 782, 783, 787, 278, 790, 791, 793, 796, 797, 809, 811, 817, 818, 819, 820, 313, 825, 317, 830, 319, 321, 833, 834, 324, 325, 838, 836, 841, 330, 844, 845, 846, 334, 336, 335, 851, 340, 341, 856, 857, 860, 861, 862, 863, 864, 866, 867, 356, 868, 870, 871, 354, 363, 875, 365, 366, 367, 877, 881, 370, 883, 369, 885, 880, 375, 888, 887, 891, 892, 893, 380, 383, 384, 898, 899, 388, 386, 900, 391, 904, 905, 394, 907, 396, 908, 395, 911, 402, 914, 918, 407, 920, 921, 410, 411, 412, 413, 922, 415, 416, 417, 418, 419, 923, 924, 926, 931, 933, 425, 423, 930, 428, 429, 431, 433, 435, 436, 437, 440, 441, 442, 443, 451, 452, 453, 456, 457, 458, 460, 461, 464, 467, 471, 473, 474, 475, 477, 478, 479, 481, 482, 497, 501, 508, 511]",False,[],[],[],[],"[16, 125, 156, 163, 168, 184, 205, 222, 229, 253, 258, 265, 313, 317, 336, 340, 341, 356, 363, 365, 366, 367, 370, 375, 388, 391, 394, 396, 402, 410, 411, 412, 413, 415, 416, 417, 418, 419, 425, 429, 431, 433, 435, 437, 440, 441, 442, 443, 451, 452, 456, 457, 458, 460, 461, 464, 471, 473, 474, 475, 481, 482, 501, 596, 628, 635, 655, 675, 693, 716, 720, 725, 771, 775, 793, 796, 797, 811, 817, 818, 820, 825, 838, 841, 844, 846, 851, 857, 861, 862, 863, 864, 866, 867, 868, 870, 871, 877, 881, 883, 885, 888, 891, 892, 893, 898, 899, 904, 905, 907, 908, 911, 918, 920, 921, 922, 923, 924, 926, 931, 933]","[12, 24, 25, 28, 88, 100, 104, 119, 123, 129, 136, 137, 139, 140, 141, 148, 155, 169, 172, 179, 183, 185, 188, 196, 198, 217, 237, 267, 270, 278, 319, 321, 324, 325, 330, 334, 335, 354, 366, 369, 380, 383, 384, 386, 395, 407, 411, 423, 428, 436, 437, 452, 453, 456, 467, 471, 477, 478, 479, 497, 508, 511, 559, 571, 575, 590, 594, 600, 607, 608, 610, 611, 612, 619, 627, 640, 643, 650, 654, 656, 659, 667, 669, 685, 701, 726, 729, 737, 777, 779, 782, 783, 787, 790, 791, 809, 817, 819, 830, 833, 834, 836, 845, 856, 857, 860, 862, 875, 880, 887, 888, 899, 900, 914, 918, 921, 928, 929, 930]","[12, 24, 25, 28, 88, 100, 104, 119, 123, 129, 136, 137, 139, 140, 141, 148, 155, 169, 172, 179, 183, 185, 188, 196, 198, 217, 237, 267, 270, 278, 319, 321, 324, 325, 330, 334, 335, 354, 366, 369, 380, 383, 384, 386, 395, 407, 411, 423, 428, 436, 437, 452, 453, 456, 467, 471, 477, 478, 479, 497, 508, 511, 559, 571, 575, 590, 594, 600, 607, 608, 610, 611, 612, 619, 627, 640, 643, 650, 654, 656, 659, 667, 669, 685, 701, 726, 729, 737, 777, 779, 782, 783, 787, 790, 791, 809, 817, 819, 830, 833, 834, 836, 845, 856, 857, 860, 862, 875, 880, 887, 888, 899, 900, 914, 918, 921, 928, 929, 930]",0/6 successful match,False,,False,65,False,,1.0,True,McCammon Chevron,Chevron
"Bliss , 83314 Stinker Station # 74 ( Sinclair )",208-352-4627 I-84 Exit 137/141 ( 401 E beoff,24 MO,Bliss,83314,Stinker Station # 74 ( Sinclair ),208-352-4627,2006,Bliss,ID,Sinclair,( 401 E beoff,I-84 Exit 137/141 ,Exit,137,False,,False,I-84,,141,,,[],[],[],"[7, 22, 258, 334, 493, 506, 720, 790]",[],"[402, 416, 422, 423, 465, 851, 867, 874, 875, 912]","[31, 142, 147, 180, 338, 352, 367, 387, 403, 405, 408, 410, 455, 465, 466, 468, 470, 472, 473, 483, 484, 514, 613, 618, 651, 794, 807, 837, 852, 854, 858, 861, 902, 912, 913, 915, 917, 919, 920, 931, 934, 935]","[31, 142, 147, 180, 338, 352, 367, 387, 403, 405, 408, 410, 455, 465, 466, 468, 470, 472, 473, 483, 484, 514, 613, 618, 651, 794, 807, 837, 852, 854, 858, 861, 902, 912, 913, 915, 917, 919, 920, 931, 934, 935]","[258, 387, 514, 902, 7, 651, 142, 912, 913, 402, 147, 403, 405, 22, 790, 408, 915, 410, 794, 917, 919, 920, 31, 416, 931, 422, 423, 807, 934, 935, 180, 837, 455, 334, 720, 465, 338, 851, 466, 468, 470, 852, 472, 473, 854, 858, 861, 352, 867, 483, 484, 613, 874, 875, 618, 493, 367, 506]",False,[],[],[],"[7, 22, 258, 334, 493, 506, 720, 790]","[402, 416, 422, 423, 465, 851, 867, 874, 875, 912]","[31, 142, 147, 180, 338, 352, 367, 387, 403, 405, 408, 410, 455, 465, 466, 468, 470, 472, 473, 483, 484, 514, 613, 618, 651, 794, 807, 837, 852, 854, 858, 861, 902, 912, 913, 915, 917, 919, 920, 931, 934, 935]","[31, 142, 147, 180, 338, 352, 367, 387, 403, 405, 408, 410, 455, 465, 466, 468, 470, 472, 473, 483, 484, 514, 613, 618, 651, 794, 807, 837, 852, 854, 858, 861, 902, 912, 913, 915, 917, 919, 920, 931, 934, 935]",0/6 successful match,False,,False,66,False,,,,,
"Bliss , 83314 Stinker Station # 74 ( Sinclair )",208-352-4627 I-84 Exit 137/141 ( 401 E US 30 ),24 489 M,Bliss,83314,Stinker Station # 74 ( Sinclair ),208-352-4627,2007,Bliss,ID,Sinclair,( 401 E US 30 ),I-84 Exit 137/141 ,Exit,137,False,,False,I-84,,141,,,[],[],[],"[7, 22, 258, 334, 493, 506, 720, 790]",[],"[402, 416, 422, 423, 465, 851, 867, 874, 875, 912]","[31, 142, 147, 180, 338, 352, 367, 387, 403, 405, 408, 410, 455, 465, 466, 468, 470, 472, 473, 483, 484, 514, 613, 618, 651, 794, 807, 837, 852, 854, 858, 861, 902, 912, 913, 915, 917, 919, 920, 931, 934, 935]","[31, 142, 147, 180, 338, 352, 367, 387, 403, 405, 408, 410, 455, 465, 466, 468, 470, 472, 473, 483, 484, 514, 613, 618, 651, 794, 807, 837, 852, 854, 858, 861, 902, 912, 913, 915, 917, 919, 920, 931, 934, 935]","[258, 387, 514, 902, 7, 651, 142, 912, 913, 402, 147, 403, 405, 22, 790, 408, 915, 410, 794, 917, 919, 920, 31, 416, 931, 422, 423, 807, 934, 935, 180, 837, 455, 334, 720, 465, 338, 851, 466, 468, 470, 852, 472, 473, 854, 858, 861, 352, 867, 483, 484, 613, 874, 875, 618, 493, 367, 506]",False,[],[],[],"[7, 22, 258, 334, 493, 506, 720, 790]","[402, 416, 422, 423, 465, 851, 867, 874, 875, 912]","[31, 142, 147, 180, 338, 352, 367, 387, 403, 405, 408, 410, 455, 465, 466, 468, 470, 472, 473, 483, 484, 514, 613, 618, 651, 794, 807, 837, 852, 854, 858, 861, 902, 912, 913, 915, 917, 919, 920, 931, 934, 935]","[31, 142, 147, 180, 338, 352, 367, 387, 403, 405, 408, 410, 455, 465, 466, 468, 470, 472, 473, 483, 484, 514, 613, 618, 651, 794, 807, 837, 852, 854, 858, 861, 902, 912, 913, 915, 917, 919, 920, 931, 934, 935]",0/6 successful match,False,,False,66,False,,1.0,True,Stinker Station # 74 ( Sinclair ),Sinclair
"Bliss , 83314 Stinker Station # 74 ( Sinclair )",208-352-4627 I-84 Exit 137/141 ( 401 E US 30 ),<U+2610>,Bliss,83314,Stinker Station # 74 ( Sinclair ),208-352-4627,2008,Bliss,ID,Sinclair,( 401 E US 30 ),I-84 Exit 137/141 ,Exit,137,False,,False,I-84,,141,,,[],[],[],"[7, 22, 258, 334, 493, 506, 720, 790]",[],"[402, 416, 422, 423, 465, 851, 867, 874, 875, 912]","[31, 142, 147, 180, 338, 352, 367, 387, 403, 405, 408, 410, 455, 465, 466, 468, 470, 472, 473, 483, 484, 514, 613, 618, 651, 794, 807, 837, 852, 854, 858, 861, 902, 912, 913, 915, 917, 919, 920, 931, 934, 935]","[31, 142, 147, 180, 338, 352, 367, 387, 403, 405, 408, 410, 455, 465, 466, 468, 470, 472, 473, 483, 484, 514, 613, 618, 651, 794, 807, 837, 852, 854, 858, 861, 902, 912, 913, 915, 917, 919, 920, 931, 934, 935]","[258, 387, 514, 902, 7, 651, 142, 912, 913, 402, 147, 403, 405, 22, 790, 408, 915, 410, 794, 917, 919, 920, 31, 416, 931, 422, 423, 807, 934, 935, 180, 837, 455, 334, 720, 465, 338, 851, 466, 468, 470, 852, 472, 473, 854, 858, 861, 352, 867, 483, 484, 613, 874, 875, 618, 493, 367, 506]",False,[],[],[],"[7, 22, 258, 334, 493, 506, 720, 790]","[402, 416, 422, 423, 465, 851, 867, 874, 875, 912]","[31, 142, 147, 180, 338, 352, 367, 387, 403, 405, 408, 410, 455, 465, 466, 468, 470, 472, 473, 483, 484, 514, 613, 618, 651, 794, 807, 837, 852, 854, 858, 861, 902, 912, 913, 915, 917, 919, 920, 931, 934, 935]","[31, 142, 147, 180, 338, 352, 367, 387, 403, 405, 408, 410, 455, 465, 466, 468, 470, 472, 473, 483, 484, 514, 613, 618, 651, 794, 807, 837, 852, 854, 858, 861, 902, 912, 913, 915, 917, 919, 920, 931, 934, 935]",0/6 successful match,False,,False,66,False,,1.0,True,Stinker Station # 74 ( Sinclair ),Sinclair
Bliss ( 83314 ) Stinker Station # 74 ( W Sinclair ) ),3 208-352-4627 I-84 Exit 141 ( 1/2 mi W ),24 M m,Bliss,83314,Stinker Station # 74 ( W Sinclair ) ),208-352-4627,2014,Bliss,ID,Sinclair,( 1/2 mi W ),I-84 Exit 141 ,Exit,141,False,,False,I-84,,,,,[],[],[],"[258, 334, 720, 790]",[],"[402, 416, 422, 423, 465, 851, 867, 874, 875, 912]","[31, 142, 147, 180, 338, 352, 367, 387, 403, 405, 408, 410, 455, 465, 466, 468, 470, 472, 473, 483, 484, 514, 613, 618, 651, 794, 807, 837, 852, 854, 858, 861, 902, 912, 913, 915, 917, 919, 920, 931, 934, 935]","[31, 142, 147, 180, 338, 352, 367, 387, 403, 405, 408, 410, 455, 465, 466, 468, 470, 472, 473, 483, 484, 514, 613, 618, 651, 794, 807, 837, 852, 854, 858, 861, 902, 912, 913, 915, 917, 919, 920, 931, 934, 935]","[258, 387, 514, 902, 651, 142, 912, 913, 402, 147, 403, 405, 790, 915, 408, 917, 410, 794, 919, 920, 31, 416, 931, 422, 423, 807, 934, 935, 180, 837, 455, 334, 720, 465, 338, 851, 466, 468, 470, 852, 472, 473, 854, 858, 861, 352, 867, 483, 484, 613, 874, 875, 618, 367]",False,[],[],[],"[258, 334, 720, 790]","[402, 416, 422, 423, 465, 851, 867, 874, 875, 912]","[31, 142, 147, 180, 338, 352, 367, 387, 403, 405, 408, 410, 455, 465, 466, 468, 470, 472, 473, 483, 484, 514, 613, 618, 651, 794, 807, 837, 852, 854, 858, 861, 902, 912, 913, 915, 917, 919, 920, 931, 934, 935]","[31, 142, 147, 180, 338, 352, 367, 387, 403, 405, 408, 410, 455, 465, 466, 468, 470, 472, 473, 483, 484, 514, 613, 618, 651, 794, 807, 837, 852, 854, 858, 861, 902, 912, 913, 915, 917, 919, 920, 931, 934, 935]",0/6 successful match,False,,False,66,False,,1.0,True,Stinker Station # 74 ( Sinclair ),Sinclair
Bliss ( 83314 ) Stinker Station # 74 ( Sinclair ),208-352-4627 I-84 Exit 141 ( 1/2 mi W ),"24 M """,Bliss,83314,Stinker Station # 74 ( Sinclair ),208-352-4627,2015,Bliss,ID,Sinclair,( 1/2 mi W ),I-84 Exit 141 ,Exit,141,False,,False,I-84,,,,,[],[],[],"[258, 334, 720, 790]",[],"[402, 416, 422, 423, 465, 851, 867, 874, 875, 912]","[31, 142, 147, 180, 338, 352, 367, 387, 403, 405, 408, 410, 455, 465, 466, 468, 470, 472, 473, 483, 484, 514, 613, 618, 651, 794, 807, 837, 852, 854, 858, 861, 902, 912, 913, 915, 917, 919, 920, 931, 934, 935]","[31, 142, 147, 180, 338, 352, 367, 387, 403, 405, 408, 410, 455, 465, 466, 468, 470, 472, 473, 483, 484, 514, 613, 618, 651, 794, 807, 837, 852, 854, 858, 861, 902, 912, 913, 915, 917, 919, 920, 931, 934, 935]","[258, 387, 514, 902, 651, 142, 912, 913, 402, 147, 403, 405, 790, 915, 408, 917, 410, 794, 919, 920, 31, 416, 931, 422, 423, 807, 934, 935, 180, 837, 455, 334, 720, 465, 338, 851, 466, 468, 470, 852, 472, 473, 854, 858, 861, 352, 867, 483, 484, 613, 874, 875, 618, 367]",False,[],[],[],"[258, 334, 720, 790]","[402, 416, 422, 423, 465, 851, 867, 874, 875, 912]","[31, 142, 147, 180, 338, 352, 367, 387, 403, 405, 408, 410, 455, 465, 466, 468, 470, 472, 473, 483, 484, 514, 613, 618, 651, 794, 807, 837, 852, 854, 858, 861, 902, 912, 913, 915, 917, 919, 920, 931, 934, 935]","[31, 142, 147, 180, 338, 352, 367, 387, 403, 405, 408, 410, 455, 465, 466, 468, 470, 472, 473, 483, 484, 514, 613, 618, 651, 794, 807, 837, 852, 854, 858, 861, 902, 912, 913, 915, 917, 919, 920, 931, 934, 935]",0/6 successful match,False,,False,66,False,,1.0,True,Stinker Station # 74 ( W Sinclair ) ),Sinclair
Bliss ( 83314 ) Stinker Station # 74 ( Sinclair ) ),208-352-4627 I-84 Exit 141 ( 1/2 mi W ),24 m M 3 <U+2610>,Bliss,83314,Stinker Station # 74 ( Sinclair ) ),208-352-4627,2016,Bliss,ID,Sinclair,( 1/2 mi W ),I-84 Exit 141 ,Exit,141,False,,False,I-84,,,,,[],[],[],"[258, 334, 720, 790]",[],"[402, 416, 422, 423, 465, 851, 867, 874, 875, 912]","[31, 142, 147, 180, 338, 352, 367, 387, 403, 405, 408, 410, 455, 465, 466, 468, 470, 472, 473, 483, 484, 514, 613, 618, 651, 794, 807, 837, 852, 854, 858, 861, 902, 912, 913, 915, 917, 919, 920, 931, 934, 935]","[31, 142, 147, 180, 338, 352, 367, 387, 403, 405, 408, 410, 455, 465, 466, 468, 470, 472, 473, 483, 484, 514, 613, 618, 651, 794, 807, 837, 852, 854, 858, 861, 902, 912, 913, 915, 917, 919, 920, 931, 934, 935]","[258, 387, 514, 902, 651, 142, 912, 913, 402, 147, 403, 405, 790, 915, 408, 917, 410, 794, 919, 920, 31, 416, 931, 422, 423, 807, 934, 935, 180, 837, 455, 334, 720, 465, 338, 851, 466, 468, 470, 852, 472, 473, 854, 858, 861, 352, 867, 483, 484, 613, 874, 875, 618, 367]",False,[],[],[],"[258, 334, 720, 790]","[402, 416, 422, 423, 465, 851, 867, 874, 875, 912]","[31, 142, 147, 180, 338, 352, 367, 387, 403, 405, 408, 410, 455, 465, 466, 468, 470, 472, 473, 483, 484, 514, 613, 618, 651, 794, 807, 837, 852, 854, 858, 861, 902, 912, 913, 915, 917, 919, 920, 931, 934, 935]","[31, 142, 147, 180, 338, 352, 367, 387, 403, 405, 408, 410, 455, 465, 466, 468, 470, 472, 473, 483, 484, 514, 613, 618, 651, 794, 807, 837, 852, 854, 858, 861, 902, 912, 913, 915, 917, 919, 920, 931, 934, 935]",0/6 successful match,False,,False,66,False,,1.0,True,Stinker Station # 74 ( Sinclair ),Sinclair
"Eden , 83325 Travelers Oasis Truck St ) Plaza",4 208-825-4147 I-84 Exit 182 ( Shell ),HRS 24 XL 44,Eden,83325,Travelers Oasis Truck St ) Plaza,208-825-4147,2006,Eden,ID,,( Shell ),I-84 Exit 182 ,Exit,182,False,,False,I-84,,,,,[],[],[],[],[],"[402, 416, 422, 423, 465, 851, 867, 874, 875, 912]",[],"[183, 192, 654, 663]","[416, 192, 867, 422, 423, 663, 874, 875, 654, 912, 465, 402, 851, 183]",False,[],[],[],[],"[402, 416, 422, 423, 465, 851, 867, 874, 875, 912]","[183, 192, 654, 663]",[],0/6 successful match,False,,False,67,False,,,,,
"Eden , 83325 Travelers Oasis Truck Plaza ( Shell )",4 208-825-4147 I-84 Exit 182,HRS 24 XL,Eden,83325,Travelers Oasis Truck Plaza ( Shell ),208-825-4147,2007,Eden,ID,Shell,,I-84 Exit 182,Exit,182,False,,False,I-84,,,,,[],[],[],[],[],"[402, 416, 422, 423, 465, 851, 867, 874, 875, 912]","[1, 13, 14, 29, 54, 55, 56, 57, 58, 60, 102, 118, 125, 127, 130, 134, 146, 149, 153, 175, 182, 187, 189, 191, 197, 225, 230, 238, 264, 265, 266, 286, 302, 317, 336, 379, 388, 389, 425, 454, 458, 463, 475, 487, 498, 499, 512, 530, 531, 532, 533, 534, 536, 573, 589, 596, 598, 601, 605, 617, 620, 624, 646, 653, 658, 660, 662, 668, 689, 694, 702, 724, 725, 745, 760, 775, 793, 829, 838, 839, 877, 901, 903, 905, 910, 923]","[1, 13, 14, 29, 54, 55, 56, 57, 58, 60, 102, 118, 125, 127, 130, 134, 146, 149, 153, 175, 182, 183, 187, 189, 191, 192, 197, 225, 230, 238, 264, 265, 266, 286, 302, 317, 336, 354, 379, 388, 389, 425, 454, 458, 463, 475, 487, 498, 499, 512, 530, 531, 532, 533, 534, 536, 573, 589, 596, 598, 601, 605, 617, 620, 624, 646, 653, 654, 658, 660, 662, 663, 668, 689, 694, 702, 724, 725, 745, 760, 775, 793, 809, 829, 838, 839, 877, 901, 903, 905, 910, 923]","[512, 1, 13, 14, 530, 531, 532, 533, 534, 536, 29, 54, 55, 56, 57, 58, 60, 573, 589, 596, 598, 601, 605, 102, 617, 620, 624, 118, 125, 127, 130, 134, 646, 653, 654, 146, 658, 660, 149, 662, 663, 153, 668, 175, 689, 182, 694, 183, 187, 189, 702, 191, 192, 197, 724, 725, 225, 230, 745, 238, 760, 775, 264, 265, 266, 793, 286, 809, 302, 317, 829, 838, 839, 336, 851, 354, 867, 874, 875, 877, 379, 388, 389, 901, 903, 905, 910, 912, 402, 923, 416, 422, 423, 425, 454, 458, 463, 465, 475, 487, 498, 499]",False,[],[],[],[],"[402, 416, 422, 423, 465, 851, 867, 874, 875, 912]","[1, 13, 14, 29, 54, 55, 56, 57, 58, 60, 102, 118, 125, 127, 130, 134, 146, 149, 153, 175, 182, 183, 187, 189, 191, 192, 197, 225, 230, 238, 264, 265, 266, 286, 302, 317, 336, 354, 379, 388, 389, 425, 454, 458, 463, 475, 487, 498, 499, 512, 530, 531, 532, 533, 534, 536, 573, 589, 596, 598, 601, 605, 617, 620, 624, 646, 653, 654, 658, 660, 662, 663, 668, 689, 694, 702, 724, 725, 745, 760, 775, 793, 809, 829, 838, 839, 877, 901, 903, 905, 910, 923]","[1, 13, 14, 29, 54, 55, 56, 57, 58, 60, 102, 118, 125, 127, 130, 134, 146, 149, 153, 175, 182, 187, 189, 191, 197, 225, 230, 238, 264, 265, 266, 286, 302, 317, 336, 379, 388, 389, 425, 454, 458, 463, 475, 487, 498, 499, 512, 530, 531, 532, 533, 534, 536, 573, 589, 596, 598, 601, 605, 617, 620, 624, 646, 653, 658, 660, 662, 668, 689, 694, 702, 724, 725, 745, 760, 775, 793, 829, 838, 839, 877, 901, 903, 905, 910, 923]",0/6 successful match,False,,False,67,False,,1.0,True,Travelers Oasis Truck St ) Plaza,
"Eden , 83325 Travelers Oasis Truck Plaza ( Shell )",4 208-825-4147 I-84 Exit 182,24 HAS M <U+2610><U+2610> <U+2610><U+2610><U+2610>,Eden,83325,Travelers Oasis Truck Plaza ( Shell ),208-825-4147,2008,Eden,ID,Shell,,I-84 Exit 182,Exit,182,False,,False,I-84,,,,,[],[],[],[],[],"[402, 416, 422, 423, 465, 851, 867, 874, 875, 912]","[1, 13, 14, 29, 54, 55, 56, 57, 58, 60, 102, 118, 125, 127, 130, 134, 146, 149, 153, 175, 182, 187, 189, 191, 197, 225, 230, 238, 264, 265, 266, 286, 302, 317, 336, 379, 388, 389, 425, 454, 458, 463, 475, 487, 498, 499, 512, 530, 531, 532, 533, 534, 536, 573, 589, 596, 598, 601, 605, 617, 620, 624, 646, 653, 658, 660, 662, 668, 689, 694, 702, 724, 725, 745, 760, 775, 793, 829, 838, 839, 877, 901, 903, 905, 910, 923]","[1, 13, 14, 29, 54, 55, 56, 57, 58, 60, 102, 118, 125, 127, 130, 134, 146, 149, 153, 175, 182, 183, 187, 189, 191, 192, 197, 225, 230, 238, 264, 265, 266, 286, 302, 317, 336, 354, 379, 388, 389, 425, 454, 458, 463, 475, 487, 498, 499, 512, 530, 531, 532, 533, 534, 536, 573, 589, 596, 598, 601, 605, 617, 620, 624, 646, 653, 654, 658, 660, 662, 663, 668, 689, 694, 702, 724, 725, 745, 760, 775, 793, 809, 829, 838, 839, 877, 901, 903, 905, 910, 923]","[512, 1, 13, 14, 530, 531, 532, 533, 534, 536, 29, 54, 55, 56, 57, 58, 60, 573, 589, 596, 598, 601, 605, 102, 617, 620, 624, 118, 125, 127, 130, 134, 646, 653, 654, 146, 658, 660, 149, 662, 663, 153, 668, 175, 689, 182, 694, 183, 187, 189, 702, 191, 192, 197, 724, 725, 225, 230, 745, 238, 760, 775, 264, 265, 266, 793, 286, 809, 302, 317, 829, 838, 839, 336, 851, 354, 867, 874, 875, 877, 379, 388, 389, 901, 903, 905, 910, 912, 402, 923, 416, 422, 423, 425, 454, 458, 463, 465, 475, 487, 498, 499]",False,[],[],[],[],"[402, 416, 422, 423, 465, 851, 867, 874, 875, 912]","[1, 13, 14, 29, 54, 55, 56, 57, 58, 60, 102, 118, 125, 127, 130, 134, 146, 149, 153, 175, 182, 183, 187, 189, 191, 192, 197, 225, 230, 238, 264, 265, 266, 286, 302, 317, 336, 354, 379, 388, 389, 425, 454, 458, 463, 475, 487, 498, 499, 512, 530, 531, 532, 533, 534, 536, 573, 589, 596, 598, 601, 605, 617, 620, 624, 646, 653, 654, 658, 660, 662, 663, 668, 689, 694, 702, 724, 725, 745, 760, 775, 793, 809, 829, 838, 839, 877, 901, 903, 905, 910, 923]","[1, 13, 14, 29, 54, 55, 56, 57, 58, 60, 102, 118, 125, 127, 130, 134, 146, 149, 153, 175, 182, 187, 189, 191, 197, 225, 230, 238, 264, 265, 266, 286, 302, 317, 336, 379, 388, 389, 425, 454, 458, 463, 475, 487, 498, 499, 512, 530, 531, 532, 533, 534, 536, 573, 589, 596, 598, 601, 605, 617, 620, 624, 646, 653, 658, 660, 662, 668, 689, 694, 702, 724, 725, 745, 760, 775, 793, 829, 838, 839, 877, 901, 903, 905, 910, 923]",0/6 successful match,False,,False,67,False,,1.0,True,Travelers Oasis Truck Plaza ( Shell ),Shell
Eden ( 83325 ) Travelers Oasis Truck Plaza ( Shell ),4 208-825-4147 I-84 Exit 182,24 XL 24,Eden,83325,Travelers Oasis Truck Plaza ( Shell ),208-825-4147,2014,Eden,ID,Shell,,I-84 Exit 182,Exit,182,False,,False,I-84,,,,,[],[],[],[],[],"[402, 416, 422, 423, 465, 851, 867, 874, 875, 912]","[1, 13, 14, 29, 54, 55, 56, 57, 58, 60, 102, 118, 125, 127, 130, 134, 146, 149, 153, 175, 182, 187, 189, 191, 197, 225, 230, 238, 264, 265, 266, 286, 302, 317, 336, 379, 388, 389, 425, 454, 458, 463, 475, 487, 498, 499, 512, 530, 531, 532, 533, 534, 536, 573, 589, 596, 598, 601, 605, 617, 620, 624, 646, 653, 658, 660, 662, 668, 689, 694, 702, 724, 725, 745, 760, 775, 793, 829, 838, 839, 877, 901, 903, 905, 910, 923]","[1, 13, 14, 29, 54, 55, 56, 57, 58, 60, 102, 118, 125, 127, 130, 134, 146, 149, 153, 175, 182, 183, 187, 189, 191, 192, 197, 225, 230, 238, 264, 265, 266, 286, 302, 317, 336, 354, 379, 388, 389, 425, 454, 458, 463, 475, 487, 498, 499, 512, 530, 531, 532, 533, 534, 536, 573, 589, 596, 598, 601, 605, 617, 620, 624, 646, 653, 654, 658, 660, 662, 663, 668, 689, 694, 702, 724, 725, 745, 760, 775, 793, 809, 829, 838, 839, 877, 901, 903, 905, 910, 923]","[512, 1, 13, 14, 530, 531, 532, 533, 534, 536, 29, 54, 55, 56, 57, 58, 60, 573, 589, 596, 598, 601, 605, 102, 617, 620, 624, 118, 125, 127, 130, 134, 646, 653, 654, 146, 658, 660, 149, 662, 663, 153, 668, 175, 689, 182, 694, 183, 187, 189, 702, 191, 192, 197, 724, 725, 225, 230, 745, 238, 760, 775, 264, 265, 266, 793, 286, 809, 302, 317, 829, 838, 839, 336, 851, 354, 867, 874, 875, 877, 379, 388, 389, 901, 903, 905, 910, 912, 402, 923, 416, 422, 423, 425, 454, 458, 463, 465, 475, 487, 498, 499]",False,[],[],[],[],"[402, 416, 422, 423, 465, 851, 867, 874, 875, 912]","[1, 13, 14, 29, 54, 55, 56, 57, 58, 60, 102, 118, 125, 127, 130, 134, 146, 149, 153, 175, 182, 183, 187, 189, 191, 192, 197, 225, 230, 238, 264, 265, 266, 286, 302, 317, 336, 354, 379, 388, 389, 425, 454, 458, 463, 475, 487, 498, 499, 512, 530, 531, 532, 533, 534, 536, 573, 589, 596, 598, 601, 605, 617, 620, 624, 646, 653, 654, 658, 660, 662, 663, 668, 689, 694, 702, 724, 725, 745, 760, 775, 793, 809, 829, 838, 839, 877, 901, 903, 905, 910, 923]","[1, 13, 14, 29, 54, 55, 56, 57, 58, 60, 102, 118, 125, 127, 130, 134, 146, 149, 153, 175, 182, 187, 189, 191, 197, 225, 230, 238, 264, 265, 266, 286, 302, 317, 336, 379, 388, 389, 425, 454, 458, 463, 475, 487, 498, 499, 512, 530, 531, 532, 533, 534, 536, 573, 589, 596, 598, 601, 605, 617, 620, 624, 646, 653, 658, 660, 662, 668, 689, 694, 702, 724, 725, 745, 760, 775, 793, 829, 838, 839, 877, 901, 903, 905, 910, 923]",0/6 successful match,False,,False,67,False,,1.0,True,Travelers Oasis Truck Plaza ( Shell ),Shell
Eden ( 83325 ) Travelers Oasis Truck St Plaza ),208-825-4147 I-84 Exit 182 ( Shell ),<U+25A1> XL 24,Eden,83325,Travelers Oasis Truck St Plaza ),208-825-4147,2015,Eden,ID,,( Shell ),I-84 Exit 182 ,Exit,182,False,,False,I-84,,,,,[],[],[],[],[],"[402, 416, 422, 423, 465, 851, 867, 874, 875, 912]",[],"[183, 192, 654, 663]","[416, 192, 867, 422, 423, 663, 874, 875, 654, 912, 465, 402, 851, 183]",False,[],[],[],[],"[402, 416, 422, 423, 465, 851, 867, 874, 875, 912]","[183, 192, 654, 663]",[],0/6 successful match,False,,False,67,False,,1.0,True,Travelers Oasis Truck Plaza ( Shell ),Shell
Eden ( 83325 ) Travelers Oasis Truck Plaza ( Shell ),4 208-825-4147 I-84 Exit 182,24 <U+25A1> XL 24,Eden,83325,Travelers Oasis Truck Plaza ( Shell ),208-825-4147,2016,Eden,ID,Shell,,I-84 Exit 182,Exit,182,False,,False,I-84,,,,,[],[],[],[],[],"[402, 416, 422, 423, 465, 851, 867, 874, 875, 912]","[1, 13, 14, 29, 54, 55, 56, 57, 58, 60, 102, 118, 125, 127, 130, 134, 146, 149, 153, 175, 182, 187, 189, 191, 197, 225, 230, 238, 264, 265, 266, 286, 302, 317, 336, 379, 388, 389, 425, 454, 458, 463, 475, 487, 498, 499, 512, 530, 531, 532, 533, 534, 536, 573, 589, 596, 598, 601, 605, 617, 620, 624, 646, 653, 658, 660, 662, 668, 689, 694, 702, 724, 725, 745, 760, 775, 793, 829, 838, 839, 877, 901, 903, 905, 910, 923]","[1, 13, 14, 29, 54, 55, 56, 57, 58, 60, 102, 118, 125, 127, 130, 134, 146, 149, 153, 175, 182, 183, 187, 189, 191, 192, 197, 225, 230, 238, 264, 265, 266, 286, 302, 317, 336, 354, 379, 388, 389, 425, 454, 458, 463, 475, 487, 498, 499, 512, 530, 531, 532, 533, 534, 536, 573, 589, 596, 598, 601, 605, 617, 620, 624, 646, 653, 654, 658, 660, 662, 663, 668, 689, 694, 702, 724, 725, 745, 760, 775, 793, 809, 829, 838, 839, 877, 901, 903, 905, 910, 923]","[512, 1, 13, 14, 530, 531, 532, 533, 534, 536, 29, 54, 55, 56, 57, 58, 60, 573, 589, 596, 598, 601, 605, 102, 617, 620, 624, 118, 125, 127, 130, 134, 646, 653, 654, 146, 658, 660, 149, 662, 663, 153, 668, 175, 689, 182, 694, 183, 187, 189, 702, 191, 192, 197, 724, 725, 225, 230, 745, 238, 760, 775, 264, 265, 266, 793, 286, 809, 302, 317, 829, 838, 839, 336, 851, 354, 867, 874, 875, 877, 379, 388, 389, 901, 903, 905, 910, 912, 402, 923, 416, 422, 423, 425, 454, 458, 463, 465, 475, 487, 498, 499]",False,[],[],[],[],"[402, 416, 422, 423, 465, 851, 867, 874, 875, 912]","[1, 13, 14, 29, 54, 55, 56, 57, 58, 60, 102, 118, 125, 127, 130, 134, 146, 149, 153, 175, 182, 183, 187, 189, 191, 192, 197, 225, 230, 238, 264, 265, 266, 286, 302, 317, 336, 354, 379, 388, 389, 425, 454, 458, 463, 475, 487, 498, 499, 512, 530, 531, 532, 533, 534, 536, 573, 589, 596, 598, 601, 605, 617, 620, 624, 646, 653, 654, 658, 660, 662, 663, 668, 689, 694, 702, 724, 725, 745, 760, 775, 793, 809, 829, 838, 839, 877, 901, 903, 905, 910, 923]","[1, 13, 14, 29, 54, 55, 56, 57, 58, 60, 102, 118, 125, 127, 130, 134, 146, 149, 153, 175, 182, 187, 189, 191, 197, 225, 230, 238, 264, 265, 266, 286, 302, 317, 336, 379, 388, 389, 425, 454, 458, 463, 475, 487, 498, 499, 512, 530, 531, 532, 533, 534, 536, 573, 589, 596, 598, 601, 605, 617, 620, 624, 646, 653, 658, 660, 662, 668, 689, 694, 702, 724, 725, 745, 760, 775, 793, 829, 838, 839, 877, 901, 903, 905, 910, 923]",0/6 successful match,False,,False,67,False,,1.0,True,Travelers Oasis Truck St Plaza ),
"Burley , 83336 Hub Plaza ( 66 )",4 208-679-2122 I-84 Exit 208 ( ID 27 ),485,Burley,83336,Hub Plaza ( 66 ),208-679-2122,2006,Heyburn,ID,,( ID 27 ),I-84 Exit 208 ,Exit,208,False,,False,I-84,,,,,[],[],[],"[20, 74, 504, 548]",[],"[402, 416, 422, 423, 465, 851, 867, 874, 875, 912]",[],"[401, 402, 424, 427, 464, 469, 850, 851, 876, 879, 911, 916]","[911, 912, 401, 402, 20, 916, 416, 548, 422, 423, 424, 427, 74, 464, 465, 850, 851, 469, 867, 874, 875, 876, 879, 504]",False,[],[],[],"[20, 74, 504, 548]","[402, 416, 422, 423, 465, 851, 867, 874, 875, 912]","[401, 402, 424, 427, 464, 469, 850, 851, 876, 879, 911, 916]",[],0/6 successful match,False,,False,68,False,,,,,
"Burley , 83336 Hub Plaza ( 66 )",4 208-679-2122 I-84 Exit 208 ( ID 27 ) WOT,24 2,Burley,83336,Hub Plaza ( 66 ),208-679-2122,2007,Heyburn,ID,,( ID 27 ) WOT,I-84 Exit 208 ,Exit,208,False,,False,I-84,,,,,[],[],[],"[20, 74, 504, 548]",[],"[402, 416, 422, 423, 465, 851, 867, 874, 875, 912]",[],"[401, 402, 424, 427, 464, 469, 850, 851, 876, 879, 911, 916]","[911, 912, 401, 402, 20, 916, 416, 548, 422, 423, 424, 427, 74, 464, 465, 850, 851, 469, 867, 874, 875, 876, 879, 504]",False,[],[],[],"[20, 74, 504, 548]","[402, 416, 422, 423, 465, 851, 867, 874, 875, 912]","[401, 402, 424, 427, 464, 469, 850, 851, 876, 879, 911, 916]",[],0/6 successful match,False,,False,68,False,,1.0,True,Hub Plaza ( 66 ),
"Burley , 83336 Hub Plaza ( 66 )",4 208-679-2122 I-84 Exit 208 ( ID 27 ),HGS 24 SO O <U+25A1> <U+25A1>,Burley,83336,Hub Plaza ( 66 ),208-679-2122,2008,Heyburn,ID,,( ID 27 ),I-84 Exit 208 ,Exit,208,False,,False,I-84,,,,,[],[],[],"[20, 74, 504, 548]",[],"[402, 416, 422, 423, 465, 851, 867, 874, 875, 912]",[],"[401, 402, 424, 427, 464, 469, 850, 851, 876, 879, 911, 916]","[911, 912, 401, 402, 20, 916, 416, 548, 422, 423, 424, 427, 74, 464, 465, 850, 851, 469, 867, 874, 875, 876, 879, 504]",False,[],[],[],"[20, 74, 504, 548]","[402, 416, 422, 423, 465, 851, 867, 874, 875, 912]","[401, 402, 424, 427, 464, 469, 850, 851, 876, 879, 911, 916]",[],0/6 successful match,False,,False,68,False,,1.0,True,Hub Plaza ( 66 ),
Heyburn ( 83336 ) Hub Plaza ( 66 ),208-679-2122 I-84 Exit 208 ( ID 27 ),24 M D,Heyburn,83336,Hub Plaza ( 66 ),208-679-2122,2014,Heyburn,ID,,( ID 27 ),I-84 Exit 208 ,Exit,208,False,,False,I-84,,,,,[],[],[],"[20, 74, 504, 548]",[],"[402, 416, 422, 423, 465, 851, 867, 874, 875, 912]",[],"[401, 402, 424, 427, 464, 469, 850, 851, 876, 879, 911, 916]","[911, 912, 401, 402, 20, 916, 416, 548, 422, 423, 424, 427, 74, 464, 465, 850, 851, 469, 867, 874, 875, 876, 879, 504]",False,[],[],[],"[20, 74, 504, 548]","[402, 416, 422, 423, 465, 851, 867, 874, 875, 912]","[401, 402, 424, 427, 464, 469, 850, 851, 876, 879, 911, 916]",[],0/6 successful match,False,,False,68,False,,1.0,True,Hub Plaza ( 66 ),
Heyburn ( 83336 ) Hub Plaza ( 66 ),208-679-2122 I-84 Exit 208 ( ID,24 M <U+2610>,Heyburn,83336,Hub Plaza ( 66 ),208-679-2122,2015,Heyburn,ID,,( ID,I-84 Exit 208 ,Exit,208,False,,False,I-84,,,,,[],[],[],"[20, 74, 504, 548]",[],"[402, 416, 422, 423, 465, 851, 867, 874, 875, 912]",[],"[401, 402, 424, 427, 464, 469, 850, 851, 876, 879, 911, 916]","[911, 912, 401, 402, 20, 916, 416, 548, 422, 423, 424, 427, 74, 464, 465, 850, 851, 469, 867, 874, 875, 876, 879, 504]",False,[],[],[],"[20, 74, 504, 548]","[402, 416, 422, 423, 465, 851, 867, 874, 875, 912]","[401, 402, 424, 427, 464, 469, 850, 851, 876, 879, 911, 916]",[],0/6 successful match,False,,False,68,False,,1.0,True,Hub Plaza ( 66 ),
Heyburn ( 83336 ) Hub Plaza ( 66 ),4 208-679-2122 I-84 Exit 208 ( ID 27 ),24 M <U+2610> 2400,Heyburn,83336,Hub Plaza ( 66 ),208-679-2122,2016,Heyburn,ID,,( ID 27 ),I-84 Exit 208 ,Exit,208,False,,False,I-84,,,,,[],[],[],"[20, 74, 504, 548]",[],"[402, 416, 422, 423, 465, 851, 867, 874, 875, 912]",[],"[401, 402, 424, 427, 464, 469, 850, 851, 876, 879, 911, 916]","[911, 912, 401, 402, 20, 916, 416, 548, 422, 423, 424, 427, 74, 464, 465, 850, 851, 469, 867, 874, 875, 876, 879, 504]",False,[],[],[],"[20, 74, 504, 548]","[402, 416, 422, 423, 465, 851, 867, 874, 875, 912]","[401, 402, 424, 427, 464, 469, 850, 851, 876, 879, 911, 916]",[],0/6 successful match,False,,False,68,False,,1.0,True,Hub Plaza ( 66 ),
"Twin Falls , 83338 Flying J Travel Plaza # 0500116",208-324-3442 I-84 Exit 173 ( US 93 ),<U+2610>,Twin Falls,83338,Flying J Travel Plaza # 0500116,208-324-3442,2006,Jerome,ID,Flying J,( US 93 ),I-84 Exit 173 ,Exit,173,False,,False,I-84,,,,,[],[],[],"[377, 827]",[],"[402, 416, 422, 423, 465, 851, 867, 874, 875, 912]","[17, 18, 19, 20, 21, 22, 23, 156, 157, 158, 159, 160, 161, 162, 163, 164, 165, 166, 167, 341, 342, 343, 344, 345, 412, 413, 414, 415, 416, 417, 418, 419, 420, 421, 422, 502, 503, 504, 505, 506, 507, 628, 629, 630, 631, 632, 633, 634, 635, 636, 637, 638, 639, 792, 797, 798, 799, 800, 801, 863, 864, 865, 866, 867, 868, 869, 870, 871, 872, 873, 874]","[17, 18, 19, 20, 21, 22, 23, 156, 157, 158, 159, 160, 161, 162, 163, 164, 165, 166, 167, 168, 340, 341, 342, 343, 344, 345, 346, 412, 413, 414, 415, 416, 417, 418, 419, 420, 421, 422, 502, 503, 504, 505, 506, 507, 628, 629, 630, 631, 632, 633, 634, 635, 636, 637, 638, 639, 792, 796, 797, 798, 799, 800, 801, 863, 864, 865, 866, 867, 868, 869, 870, 871, 872, 873, 874]","[17, 18, 19, 20, 21, 22, 23, 628, 629, 630, 631, 632, 633, 634, 635, 636, 637, 638, 639, 156, 157, 158, 159, 160, 161, 162, 163, 164, 165, 166, 167, 168, 792, 796, 797, 798, 799, 800, 801, 827, 851, 340, 341, 342, 343, 344, 345, 346, 863, 864, 865, 866, 867, 868, 869, 870, 871, 872, 873, 874, 875, 377, 912, 402, 412, 413, 414, 415, 416, 417, 418, 419, 420, 421, 422, 423, 465, 502, 503, 504, 505, 506, 507]",False,[],[],[],"[377, 827]","[402, 416, 422, 423, 465, 851, 867, 874, 875, 912]","[17, 18, 19, 20, 21, 22, 23, 156, 157, 158, 159, 160, 161, 162, 163, 164, 165, 166, 167, 168, 340, 341, 342, 343, 344, 345, 346, 412, 413, 414, 415, 416, 417, 418, 419, 420, 421, 422, 502, 503, 504, 505, 506, 507, 628, 629, 630, 631, 632, 633, 634, 635, 636, 637, 638, 639, 792, 796, 797, 798, 799, 800, 801, 863, 864, 865, 866, 867, 868, 869, 870, 871, 872, 873, 874]","[17, 18, 19, 20, 21, 22, 23, 156, 157, 158, 159, 160, 161, 162, 163, 164, 165, 166, 167, 341, 342, 343, 344, 345, 412, 413, 414, 415, 416, 417, 418, 419, 420, 421, 422, 502, 503, 504, 505, 506, 507, 628, 629, 630, 631, 632, 633, 634, 635, 636, 637, 638, 639, 792, 797, 798, 799, 800, 801, 863, 864, 865, 866, 867, 868, 869, 870, 871, 872, 873, 874]",0/6 successful match,False,,False,69,False,,,,,
"Twin Falls , 83338 Flying J Travel Plaza # 0500116",208-324-3442 I-84 Exit 173 ( US 93 ),XL 47,Twin Falls,83338,Flying J Travel Plaza # 0500116,208-324-3442,2007,Jerome,ID,Flying J,( US 93 ),I-84 Exit 173 ,Exit,173,False,,False,I-84,,,,,[],[],[],"[377, 827]",[],"[402, 416, 422, 423, 465, 851, 867, 874, 875, 912]","[17, 18, 19, 20, 21, 22, 23, 156, 157, 158, 159, 160, 161, 162, 163, 164, 165, 166, 167, 341, 342, 343, 344, 345, 412, 413, 414, 415, 416, 417, 418, 419, 420, 421, 422, 502, 503, 504, 505, 506, 507, 628, 629, 630, 631, 632, 633, 634, 635, 636, 637, 638, 639, 792, 797, 798, 799, 800, 801, 863, 864, 865, 866, 867, 868, 869, 870, 871, 872, 873, 874]","[17, 18, 19, 20, 21, 22, 23, 156, 157, 158, 159, 160, 161, 162, 163, 164, 165, 166, 167, 168, 340, 341, 342, 343, 344, 345, 346, 412, 413, 414, 415, 416, 417, 418, 419, 420, 421, 422, 502, 503, 504, 505, 506, 507, 628, 629, 630, 631, 632, 633, 634, 635, 636, 637, 638, 639, 792, 796, 797, 798, 799, 800, 801, 863, 864, 865, 866, 867, 868, 869, 870, 871, 872, 873, 874]","[17, 18, 19, 20, 21, 22, 23, 628, 629, 630, 631, 632, 633, 634, 635, 636, 637, 638, 639, 156, 157, 158, 159, 160, 161, 162, 163, 164, 165, 166, 167, 168, 792, 796, 797, 798, 799, 800, 801, 827, 851, 340, 341, 342, 343, 344, 345, 346, 863, 864, 865, 866, 867, 868, 869, 870, 871, 872, 873, 874, 875, 377, 912, 402, 412, 413, 414, 415, 416, 417, 418, 419, 420, 421, 422, 423, 465, 502, 503, 504, 505, 506, 507]",False,[],[],[],"[377, 827]","[402, 416, 422, 423, 465, 851, 867, 874, 875, 912]","[17, 18, 19, 20, 21, 22, 23, 156, 157, 158, 159, 160, 161, 162, 163, 164, 165, 166, 167, 168, 340, 341, 342, 343, 344, 345, 346, 412, 413, 414, 415, 416, 417, 418, 419, 420, 421, 422, 502, 503, 504, 505, 506, 507, 628, 629, 630, 631, 632, 633, 634, 635, 636, 637, 638, 639, 792, 796, 797, 798, 799, 800, 801, 863, 864, 865, 866, 867, 868, 869, 870, 871, 872, 873, 874]","[17, 18, 19, 20, 21, 22, 23, 156, 157, 158, 159, 160, 161, 162, 163, 164, 165, 166, 167, 341, 342, 343, 344, 345, 412, 413, 414, 415, 416, 417, 418, 419, 420, 421, 422, 502, 503, 504, 505, 506, 507, 628, 629, 630, 631, 632, 633, 634, 635, 636, 637, 638, 639, 792, 797, 798, 799, 800, 801, 863, 864, 865, 866, 867, 868, 869, 870, 871, 872, 873, 874]",0/6 successful match,False,,False,69,False,,1.0,True,Flying J Travel Plaza # 0500116,Flying J
"Twin Falls , 83338 Flying J Travel Plaza # 0500116",4 208-324-3442 I-84 Exit 173 ( US 93 ),HRS 24 XLO 24 HORS,Twin Falls,83338,Flying J Travel Plaza # 0500116,208-324-3442,2008,Jerome,ID,Flying J,( US 93 ),I-84 Exit 173 ,Exit,173,False,,False,I-84,,,,,[],[],[],"[377, 827]",[],"[402, 416, 422, 423, 465, 851, 867, 874, 875, 912]","[17, 18, 19, 20, 21, 22, 23, 156, 157, 158, 159, 160, 161, 162, 163, 164, 165, 166, 167, 341, 342, 343, 344, 345, 412, 413, 414, 415, 416, 417, 418, 419, 420, 421, 422, 502, 503, 504, 505, 506, 507, 628, 629, 630, 631, 632, 633, 634, 635, 636, 637, 638, 639, 792, 797, 798, 799, 800, 801, 863, 864, 865, 866, 867, 868, 869, 870, 871, 872, 873, 874]","[17, 18, 19, 20, 21, 22, 23, 156, 157, 158, 159, 160, 161, 162, 163, 164, 165, 166, 167, 168, 340, 341, 342, 343, 344, 345, 346, 412, 413, 414, 415, 416, 417, 418, 419, 420, 421, 422, 502, 503, 504, 505, 506, 507, 628, 629, 630, 631, 632, 633, 634, 635, 636, 637, 638, 639, 792, 796, 797, 798, 799, 800, 801, 863, 864, 865, 866, 867, 868, 869, 870, 871, 872, 873, 874]","[17, 18, 19, 20, 21, 22, 23, 628, 629, 630, 631, 632, 633, 634, 635, 636, 637, 638, 639, 156, 157, 158, 159, 160, 161, 162, 163, 164, 165, 166, 167, 168, 792, 796, 797, 798, 799, 800, 801, 827, 851, 340, 341, 342, 343, 344, 345, 346, 863, 864, 865, 866, 867, 868, 869, 870, 871, 872, 873, 874, 875, 377, 912, 402, 412, 413, 414, 415, 416, 417, 418, 419, 420, 421, 422, 423, 465, 502, 503, 504, 505, 506, 507]",False,[],[],[],"[377, 827]","[402, 416, 422, 423, 465, 851, 867, 874, 875, 912]","[17, 18, 19, 20, 21, 22, 23, 156, 157, 158, 159, 160, 161, 162, 163, 164, 165, 166, 167, 168, 340, 341, 342, 343, 344, 345, 346, 412, 413, 414, 415, 416, 417, 418, 419, 420, 421, 422, 502, 503, 504, 505, 506, 507, 628, 629, 630, 631, 632, 633, 634, 635, 636, 637, 638, 639, 792, 796, 797, 798, 799, 800, 801, 863, 864, 865, 866, 867, 868, 869, 870, 871, 872, 873, 874]","[17, 18, 19, 20, 21, 22, 23, 156, 157, 158, 159, 160, 161, 162, 163, 164, 165, 166, 167, 341, 342, 343, 344, 345, 412, 413, 414, 415, 416, 417, 418, 419, 420, 421, 422, 502, 503, 504, 505, 506, 507, 628, 629, 630, 631, 632, 633, 634, 635, 636, 637, 638, 639, 792, 797, 798, 799, 800, 801, 863, 864, 865, 866, 867, 868, 869, 870, 871, 872, 873, 874]",0/6 successful match,False,,False,69,False,,1.0,True,Flying J Travel Plaza # 0500116,Flying J
Twin Falls ( 83338 ) Flying J Travel Plaza # 640,4 208-324-3442 I-84 Exit 173 ( US 93 ),24 L,Twin Falls,83338,Flying J Travel Plaza # 640,208-324-3442,2014,Jerome,ID,Flying J,( US 93 ),I-84 Exit 173 ,Exit,173,False,,False,I-84,,,,,[],[],[],"[377, 827]",[],"[402, 416, 422, 423, 465, 851, 867, 874, 875, 912]","[17, 18, 19, 20, 21, 22, 23, 156, 157, 158, 159, 160, 161, 162, 163, 164, 165, 166, 167, 341, 342, 343, 344, 345, 412, 413, 414, 415, 416, 417, 418, 419, 420, 421, 422, 502, 503, 504, 505, 506, 507, 628, 629, 630, 631, 632, 633, 634, 635, 636, 637, 638, 639, 792, 797, 798, 799, 800, 801, 863, 864, 865, 866, 867, 868, 869, 870, 871, 872, 873, 874]","[17, 18, 19, 20, 21, 22, 23, 92, 156, 157, 158, 159, 160, 161, 162, 163, 164, 165, 166, 167, 168, 340, 341, 342, 343, 344, 345, 346, 412, 413, 414, 415, 416, 417, 418, 419, 420, 421, 422, 502, 503, 504, 505, 506, 507, 563, 628, 629, 630, 631, 632, 633, 634, 635, 636, 637, 638, 639, 792, 796, 797, 798, 799, 800, 801, 863, 864, 865, 866, 867, 868, 869, 870, 871, 872, 873, 874]","[17, 18, 19, 20, 21, 22, 23, 563, 92, 628, 629, 630, 631, 632, 633, 634, 635, 636, 637, 638, 639, 156, 157, 158, 159, 160, 161, 162, 163, 164, 165, 166, 167, 168, 792, 796, 797, 798, 799, 800, 801, 827, 851, 340, 341, 342, 343, 344, 345, 346, 863, 864, 865, 866, 867, 868, 869, 870, 871, 872, 873, 874, 875, 377, 912, 402, 412, 413, 414, 415, 416, 417, 418, 419, 420, 421, 422, 423, 465, 502, 503, 504, 505, 506, 507]",False,[],[],[],"[377, 827]","[402, 416, 422, 423, 465, 851, 867, 874, 875, 912]","[17, 18, 19, 20, 21, 22, 23, 92, 156, 157, 158, 159, 160, 161, 162, 163, 164, 165, 166, 167, 168, 340, 341, 342, 343, 344, 345, 346, 412, 413, 414, 415, 416, 417, 418, 419, 420, 421, 422, 502, 503, 504, 505, 506, 507, 563, 628, 629, 630, 631, 632, 633, 634, 635, 636, 637, 638, 639, 792, 796, 797, 798, 799, 800, 801, 863, 864, 865, 866, 867, 868, 869, 870, 871, 872, 873, 874]","[17, 18, 19, 20, 21, 22, 23, 156, 157, 158, 159, 160, 161, 162, 163, 164, 165, 166, 167, 341, 342, 343, 344, 345, 412, 413, 414, 415, 416, 417, 418, 419, 420, 421, 422, 502, 503, 504, 505, 506, 507, 628, 629, 630, 631, 632, 633, 634, 635, 636, 637, 638, 639, 792, 797, 798, 799, 800, 801, 863, 864, 865, 866, 867, 868, 869, 870, 871, 872, 873, 874]",0/6 successful match,False,,False,69,False,,0.5919540229885056,True,Flying J Travel Plaza # 0500116,Flying J
Twin Falls ( 83338 ) Flying J Travel Plaza # 640,4 208-324-3442 I-84 Exit 173 ( US 93 ) FLYING,24,Twin Falls,83338,Flying J Travel Plaza # 640,208-324-3442,2015,Jerome,ID,Flying J,( US 93 ) FLYING,I-84 Exit 173 ,Exit,173,False,,False,I-84,,,,,[],[],[],"[377, 827]",[],"[402, 416, 422, 423, 465, 851, 867, 874, 875, 912]","[17, 18, 19, 20, 21, 22, 23, 156, 157, 158, 159, 160, 161, 162, 163, 164, 165, 166, 167, 341, 342, 343, 344, 345, 412, 413, 414, 415, 416, 417, 418, 419, 420, 421, 422, 502, 503, 504, 505, 506, 507, 628, 629, 630, 631, 632, 633, 634, 635, 636, 637, 638, 639, 792, 797, 798, 799, 800, 801, 863, 864, 865, 866, 867, 868, 869, 870, 871, 872, 873, 874]","[17, 18, 19, 20, 21, 22, 23, 92, 156, 157, 158, 159, 160, 161, 162, 163, 164, 165, 166, 167, 168, 340, 341, 342, 343, 344, 345, 346, 412, 413, 414, 415, 416, 417, 418, 419, 420, 421, 422, 502, 503, 504, 505, 506, 507, 563, 628, 629, 630, 631, 632, 633, 634, 635, 636, 637, 638, 639, 792, 796, 797, 798, 799, 800, 801, 863, 864, 865, 866, 867, 868, 869, 870, 871, 872, 873, 874]","[17, 18, 19, 20, 21, 22, 23, 563, 92, 628, 629, 630, 631, 632, 633, 634, 635, 636, 637, 638, 639, 156, 157, 158, 159, 160, 161, 162, 163, 164, 165, 166, 167, 168, 792, 796, 797, 798, 799, 800, 801, 827, 851, 340, 341, 342, 343, 344, 345, 346, 863, 864, 865, 866, 867, 868, 869, 870, 871, 872, 873, 874, 875, 377, 912, 402, 412, 413, 414, 415, 416, 417, 418, 419, 420, 421, 422, 423, 465, 502, 503, 504, 505, 506, 507]",False,[],[],[],"[377, 827]","[402, 416, 422, 423, 465, 851, 867, 874, 875, 912]","[17, 18, 19, 20, 21, 22, 23, 92, 156, 157, 158, 159, 160, 161, 162, 163, 164, 165, 166, 167, 168, 340, 341, 342, 343, 344, 345, 346, 412, 413, 414, 415, 416, 417, 418, 419, 420, 421, 422, 502, 503, 504, 505, 506, 507, 563, 628, 629, 630, 631, 632, 633, 634, 635, 636, 637, 638, 639, 792, 796, 797, 798, 799, 800, 801, 863, 864, 865, 866, 867, 868, 869, 870, 871, 872, 873, 874]","[17, 18, 19, 20, 21, 22, 23, 156, 157, 158, 159, 160, 161, 162, 163, 164, 165, 166, 167, 341, 342, 343, 344, 345, 412, 413, 414, 415, 416, 417, 418, 419, 420, 421, 422, 502, 503, 504, 505, 506, 507, 628, 629, 630, 631, 632, 633, 634, 635, 636, 637, 638, 639, 792, 797, 798, 799, 800, 801, 863, 864, 865, 866, 867, 868, 869, 870, 871, 872, 873, 874]",0/6 successful match,False,,False,69,False,,1.0,True,Flying J Travel Plaza # 640,Flying J
Twin Falls ( 83338 ) Flying J Travel Plaza # FLYING J,4 208-324-3442 I-84 Exit 173 ( US 93 ),J 24,Twin Falls,83338,Flying J Travel Plaza # FLYING J,208-324-3442,2016,Jerome,ID,Flying J,( US 93 ),I-84 Exit 173 ,Exit,173,False,,False,I-84,,,,,[],[],[],"[377, 827]",[],"[402, 416, 422, 423, 465, 851, 867, 874, 875, 912]","[17, 18, 19, 20, 21, 22, 23, 156, 157, 158, 159, 160, 161, 162, 163, 164, 165, 166, 167, 341, 342, 343, 344, 345, 412, 413, 414, 415, 416, 417, 418, 419, 420, 421, 422, 502, 503, 504, 505, 506, 507, 628, 629, 630, 631, 632, 633, 634, 635, 636, 637, 638, 639, 792, 797, 798, 799, 800, 801, 863, 864, 865, 866, 867, 868, 869, 870, 871, 872, 873, 874]","[17, 18, 19, 20, 21, 22, 23, 156, 157, 158, 159, 160, 161, 162, 163, 164, 165, 166, 167, 168, 340, 341, 342, 343, 344, 345, 346, 412, 413, 414, 415, 416, 417, 418, 419, 420, 421, 422, 502, 503, 504, 505, 506, 507, 628, 629, 630, 631, 632, 633, 634, 635, 636, 637, 638, 639, 792, 796, 797, 798, 799, 800, 801, 863, 864, 865, 866, 867, 868, 869, 870, 871, 872, 873, 874]","[17, 18, 19, 20, 21, 22, 23, 628, 629, 630, 631, 632, 633, 634, 635, 636, 637, 638, 639, 156, 157, 158, 159, 160, 161, 162, 163, 164, 165, 166, 167, 168, 792, 796, 797, 798, 799, 800, 801, 827, 851, 340, 341, 342, 343, 344, 345, 346, 863, 864, 865, 866, 867, 868, 869, 870, 871, 872, 873, 874, 875, 377, 912, 402, 412, 413, 414, 415, 416, 417, 418, 419, 420, 421, 422, 423, 465, 502, 503, 504, 505, 506, 507]",False,[],[],[],"[377, 827]","[402, 416, 422, 423, 465, 851, 867, 874, 875, 912]","[17, 18, 19, 20, 21, 22, 23, 156, 157, 158, 159, 160, 161, 162, 163, 164, 165, 166, 167, 168, 340, 341, 342, 343, 344, 345, 346, 412, 413, 414, 415, 416, 417, 418, 419, 420, 421, 422, 502, 503, 504, 505, 506, 507, 628, 629, 630, 631, 632, 633, 634, 635, 636, 637, 638, 639, 792, 796, 797, 798, 799, 800, 801, 863, 864, 865, 866, 867, 868, 869, 870, 871, 872, 873, 874]","[17, 18, 19, 20, 21, 22, 23, 156, 157, 158, 159, 160, 161, 162, 163, 164, 165, 166, 167, 341, 342, 343, 344, 345, 412, 413, 414, 415, 416, 417, 418, 419, 420, 421, 422, 502, 503, 504, 505, 506, 507, 628, 629, 630, 631, 632, 633, 634, 635, 636, 637, 638, 639, 792, 797, 798, 799, 800, 801, 863, 864, 865, 866, 867, 868, 869, 870, 871, 872, 873, 874]",0/6 successful match,False,,False,69,False,,0.6440677966101696,True,Flying J Travel Plaza # 640,Flying J
"Jerome , 83338 Honker's Mini Mart ( Sinclair )",208-324-5877 I-84 Exit 168 ( ),M,Jerome,83338,Honker's Mini Mart ( Sinclair ),208-324-5877,2006,Jerome,ID,Sinclair,( ),I-84 Exit 168 ,Exit,168,False,,False,I-84,,,,,[],[],[],[],[],"[402, 416, 422, 423, 465, 851, 867, 874, 875, 912]","[31, 142, 147, 180, 338, 352, 367, 387, 403, 405, 408, 410, 455, 465, 466, 468, 470, 472, 473, 483, 484, 514, 613, 618, 651, 794, 807, 837, 852, 854, 858, 861, 902, 912, 913, 915, 917, 919, 920, 931, 934, 935]","[31, 142, 147, 180, 338, 352, 367, 387, 403, 405, 408, 410, 455, 465, 466, 468, 470, 472, 473, 483, 484, 514, 613, 618, 651, 794, 807, 837, 852, 854, 858, 861, 902, 912, 913, 915, 917, 919, 920, 931, 934, 935]","[514, 387, 902, 651, 142, 912, 913, 402, 147, 403, 405, 915, 917, 408, 919, 410, 794, 920, 31, 416, 931, 422, 423, 807, 934, 935, 180, 837, 455, 465, 338, 851, 466, 468, 470, 852, 472, 473, 854, 858, 861, 352, 867, 483, 484, 613, 874, 875, 618, 367]",False,[],[],[],[],"[402, 416, 422, 423, 465, 851, 867, 874, 875, 912]","[31, 142, 147, 180, 338, 352, 367, 387, 403, 405, 408, 410, 455, 465, 466, 468, 470, 472, 473, 483, 484, 514, 613, 618, 651, 794, 807, 837, 852, 854, 858, 861, 902, 912, 913, 915, 917, 919, 920, 931, 934, 935]","[31, 142, 147, 180, 338, 352, 367, 387, 403, 405, 408, 410, 455, 465, 466, 468, 470, 472, 473, 483, 484, 514, 613, 618, 651, 794, 807, 837, 852, 854, 858, 861, 902, 912, 913, 915, 917, 919, 920, 931, 934, 935]",0/6 successful match,False,,False,70,False,,,,,
"Jerome , 83338 Honker's Mini Mart ( Sinclair )",208-324-5877 I-84 Exit 168 ( Hwy 79 ),M,Jerome,83338,Honker's Mini Mart ( Sinclair ),208-324-5877,2007,Jerome,ID,Sinclair,( Hwy 79 ),I-84 Exit 168 ,Exit,168,False,,False,I-84,,,,,[],[],[],[],[],"[402, 416, 422, 423, 465, 851, 867, 874, 875, 912]","[31, 142, 147, 180, 338, 352, 367, 387, 403, 405, 408, 410, 455, 465, 466, 468, 470, 472, 473, 483, 484, 514, 613, 618, 651, 794, 807, 837, 852, 854, 858, 861, 902, 912, 913, 915, 917, 919, 920, 931, 934, 935]","[31, 142, 147, 180, 338, 352, 367, 387, 403, 405, 408, 410, 455, 465, 466, 468, 470, 472, 473, 483, 484, 514, 613, 618, 651, 794, 807, 837, 852, 854, 858, 861, 902, 912, 913, 915, 917, 919, 920, 931, 934, 935]","[514, 387, 902, 651, 142, 912, 913, 402, 147, 403, 405, 915, 917, 408, 919, 410, 794, 920, 31, 416, 931, 422, 423, 807, 934, 935, 180, 837, 455, 465, 338, 851, 466, 468, 470, 852, 472, 473, 854, 858, 861, 352, 867, 483, 484, 613, 874, 875, 618, 367]",False,[],[],[],[],"[402, 416, 422, 423, 465, 851, 867, 874, 875, 912]","[31, 142, 147, 180, 338, 352, 367, 387, 403, 405, 408, 410, 455, 465, 466, 468, 470, 472, 473, 483, 484, 514, 613, 618, 651, 794, 807, 837, 852, 854, 858, 861, 902, 912, 913, 915, 917, 919, 920, 931, 934, 935]","[31, 142, 147, 180, 338, 352, 367, 387, 403, 405, 408, 410, 455, 465, 466, 468, 470, 472, 473, 483, 484, 514, 613, 618, 651, 794, 807, 837, 852, 854, 858, 861, 902, 912, 913, 915, 917, 919, 920, 931, 934, 935]",0/6 successful match,False,,False,70,False,,1.0,True,Honker's Mini Mart ( Sinclair ),Sinclair
"Jerome , 83338 Honker's Mini Mart ( Sinclair reserved ) .",208-324-5877 I-84 Exit 168 ( Hwy 79 ),<U+2610> <U+2610>,Jerome,83338,Honker's Mini Mart ( Sinclair reserved ) .,208-324-5877,2008,Jerome,ID,Sinclair,( Hwy 79 ),I-84 Exit 168 ,Exit,168,False,,False,I-84,,,,,[],[],[],[],[],"[402, 416, 422, 423, 465, 851, 867, 874, 875, 912]","[31, 142, 147, 180, 338, 352, 367, 387, 403, 405, 408, 410, 455, 465, 466, 468, 470, 472, 473, 483, 484, 514, 613, 618, 651, 794, 807, 837, 852, 854, 858, 861, 902, 912, 913, 915, 917, 919, 920, 931, 934, 935]","[31, 142, 147, 180, 338, 352, 367, 387, 403, 405, 408, 410, 455, 465, 466, 468, 470, 472, 473, 483, 484, 514, 613, 618, 651, 794, 807, 837, 852, 854, 858, 861, 902, 912, 913, 915, 917, 919, 920, 931, 934, 935]","[514, 387, 902, 651, 142, 912, 913, 402, 147, 403, 405, 915, 917, 408, 919, 410, 794, 920, 31, 416, 931, 422, 423, 807, 934, 935, 180, 837, 455, 465, 338, 851, 466, 468, 470, 852, 472, 473, 854, 858, 861, 352, 867, 483, 484, 613, 874, 875, 618, 367]",False,[],[],[],[],"[402, 416, 422, 423, 465, 851, 867, 874, 875, 912]","[31, 142, 147, 180, 338, 352, 367, 387, 403, 405, 408, 410, 455, 465, 466, 468, 470, 472, 473, 483, 484, 514, 613, 618, 651, 794, 807, 837, 852, 854, 858, 861, 902, 912, 913, 915, 917, 919, 920, 931, 934, 935]","[31, 142, 147, 180, 338, 352, 367, 387, 403, 405, 408, 410, 455, 465, 466, 468, 470, 472, 473, 483, 484, 514, 613, 618, 651, 794, 807, 837, 852, 854, 858, 861, 902, 912, 913, 915, 917, 919, 920, 931, 934, 935]",0/6 successful match,False,,False,70,False,,1.0,True,Honker's Mini Mart ( Sinclair ),Sinclair
Jerome ( 83338 ) Honker's Mini Mart ( Tesoro ),4 208-324-5877 I-84 Exit 168 ( ID 79 N ),<U+2610> MO,Jerome,83338,Honker's Mini Mart ( Tesoro ),208-324-5877,2014,Jerome,ID,Tesoro,( ID 79 N ),I-84 Exit 168 ,Exit,168,False,,False,I-84,,,,,[],[],[],[],[],"[402, 416, 422, 423, 465, 851, 867, 874, 875, 912]","[296, 409, 755, 859]","[296, 409, 755, 859]","[416, 867, 422, 423, 296, 874, 875, 912, 465, 402, 851, 755, 409, 859]",False,[],[],[],[],"[402, 416, 422, 423, 465, 851, 867, 874, 875, 912]","[296, 409, 755, 859]","[296, 409, 755, 859]",0/6 successful match,False,,False,70,False,,0.9197183098591549,False,Honker's Mini Mart ( Sinclair reserved ) .,Sinclair
Jerome ( 83338 ) Honker's Mini Mart ( Tesoro ),208-324-5877 I-84 Exit 168 ( ID 79 N ),<U+2610> MOO,Jerome,83338,Honker's Mini Mart ( Tesoro ),208-324-5877,2015,Jerome,ID,Tesoro,( ID 79 N ),I-84 Exit 168 ,Exit,168,False,,False,I-84,,,,,[],[],[],[],[],"[402, 416, 422, 423, 465, 851, 867, 874, 875, 912]","[296, 409, 755, 859]","[296, 409, 755, 859]","[416, 867, 422, 423, 296, 874, 875, 912, 465, 402, 851, 755, 409, 859]",False,[],[],[],[],"[402, 416, 422, 423, 465, 851, 867, 874, 875, 912]","[296, 409, 755, 859]","[296, 409, 755, 859]",0/6 successful match,False,,False,70,False,,1.0,True,Honker's Mini Mart ( Tesoro ),Tesoro
Jerome ( 83338 ) Honker's Mini Mart ( Tesoro ),4 208-324-5877 I-84 Exit 168 ( ID 79 N ),<U+2610> MO,Jerome,83338,Honker's Mini Mart ( Tesoro ),208-324-5877,2016,Jerome,ID,Tesoro,( ID 79 N ),I-84 Exit 168 ,Exit,168,False,,False,I-84,,,,,[],[],[],[],[],"[402, 416, 422, 423, 465, 851, 867, 874, 875, 912]","[296, 409, 755, 859]","[296, 409, 755, 859]","[416, 867, 422, 423, 296, 874, 875, 912, 465, 402, 851, 755, 409, 859]",False,[],[],[],[],"[402, 416, 422, 423, 465, 851, 867, 874, 875, 912]","[296, 409, 755, 859]","[296, 409, 755, 859]",0/6 successful match,False,,False,70,False,,1.0,True,Honker's Mini Mart ( Tesoro ),Tesoro
"Wendell , 83355 Wendell Gas & Oil ( Sinclair )",208-536-2452 I-84 Exit 157,"S "" <U+2610>",Wendell,83355,Wendell Gas & Oil ( Sinclair ),208-536-2452,2006,Wendell,ID,Sinclair,,I-84 Exit 157,Exit,157,False,,False,I-84,,,,,[],[],[],"[212, 682]",[],"[402, 416, 422, 423, 465, 851, 867, 874, 875, 912]","[31, 142, 147, 180, 338, 352, 367, 387, 403, 405, 408, 410, 455, 465, 466, 468, 470, 472, 473, 483, 484, 514, 613, 618, 651, 794, 807, 837, 852, 854, 858, 861, 902, 912, 913, 915, 917, 919, 920, 931, 934, 935]","[4, 31, 59, 135, 142, 147, 180, 218, 229, 232, 264, 269, 299, 318, 320, 331, 338, 352, 367, 382, 387, 403, 405, 408, 410, 455, 463, 465, 466, 468, 470, 472, 473, 483, 484, 490, 514, 535, 606, 613, 618, 651, 686, 693, 696, 724, 728, 758, 776, 778, 788, 794, 807, 832, 837, 852, 854, 858, 860, 861, 902, 910, 912, 913, 915, 917, 919, 920, 931, 934, 935]","[514, 4, 535, 31, 59, 606, 613, 618, 135, 651, 142, 147, 682, 686, 180, 693, 696, 724, 212, 728, 218, 229, 232, 758, 264, 776, 778, 269, 788, 794, 807, 299, 318, 320, 832, 837, 331, 338, 851, 852, 854, 858, 860, 861, 352, 867, 874, 875, 367, 382, 387, 902, 910, 912, 913, 402, 403, 915, 405, 917, 919, 408, 920, 410, 416, 931, 422, 423, 934, 935, 455, 463, 465, 466, 468, 470, 472, 473, 483, 484, 490]",False,[],[],[],"[212, 682]","[402, 416, 422, 423, 465, 851, 867, 874, 875, 912]","[4, 31, 59, 135, 142, 147, 180, 218, 229, 232, 264, 269, 299, 318, 320, 331, 338, 352, 367, 382, 387, 403, 405, 408, 410, 455, 463, 465, 466, 468, 470, 472, 473, 483, 484, 490, 514, 535, 606, 613, 618, 651, 686, 693, 696, 724, 728, 758, 776, 778, 788, 794, 807, 832, 837, 852, 854, 858, 860, 861, 902, 910, 912, 913, 915, 917, 919, 920, 931, 934, 935]","[31, 142, 147, 180, 338, 352, 367, 387, 403, 405, 408, 410, 455, 465, 466, 468, 470, 472, 473, 483, 484, 514, 613, 618, 651, 794, 807, 837, 852, 854, 858, 861, 902, 912, 913, 915, 917, 919, 920, 931, 934, 935]",0/6 successful match,False,,False,71,False,,,,,
"Wendell , 83355 Wendell Gas & Oil ( Sinclair )",208-536-2452 I-84 Exit 157,<U+25A1>,Wendell,83355,Wendell Gas & Oil ( Sinclair ),208-536-2452,2007,Wendell,ID,Sinclair,,I-84 Exit 157,Exit,157,False,,False,I-84,,,,,[],[],[],"[212, 682]",[],"[402, 416, 422, 423, 465, 851, 867, 874, 875, 912]","[31, 142, 147, 180, 338, 352, 367, 387, 403, 405, 408, 410, 455, 465, 466, 468, 470, 472, 473, 483, 484, 514, 613, 618, 651, 794, 807, 837, 852, 854, 858, 861, 902, 912, 913, 915, 917, 919, 920, 931, 934, 935]","[4, 31, 59, 135, 142, 147, 180, 218, 229, 232, 264, 269, 299, 318, 320, 331, 338, 352, 367, 382, 387, 403, 405, 408, 410, 455, 463, 465, 466, 468, 470, 472, 473, 483, 484, 490, 514, 535, 606, 613, 618, 651, 686, 693, 696, 724, 728, 758, 776, 778, 788, 794, 807, 832, 837, 852, 854, 858, 860, 861, 902, 910, 912, 913, 915, 917, 919, 920, 931, 934, 935]","[514, 4, 535, 31, 59, 606, 613, 618, 135, 651, 142, 147, 682, 686, 180, 693, 696, 724, 212, 728, 218, 229, 232, 758, 264, 776, 778, 269, 788, 794, 807, 299, 318, 320, 832, 837, 331, 338, 851, 852, 854, 858, 860, 861, 352, 867, 874, 875, 367, 382, 387, 902, 910, 912, 913, 402, 403, 915, 405, 917, 919, 408, 920, 410, 416, 931, 422, 423, 934, 935, 455, 463, 465, 466, 468, 470, 472, 473, 483, 484, 490]",False,[],[],[],"[212, 682]","[402, 416, 422, 423, 465, 851, 867, 874, 875, 912]","[4, 31, 59, 135, 142, 147, 180, 218, 229, 232, 264, 269, 299, 318, 320, 331, 338, 352, 367, 382, 387, 403, 405, 408, 410, 455, 463, 465, 466, 468, 470, 472, 473, 483, 484, 490, 514, 535, 606, 613, 618, 651, 686, 693, 696, 724, 728, 758, 776, 778, 788, 794, 807, 832, 837, 852, 854, 858, 860, 861, 902, 910, 912, 913, 915, 917, 919, 920, 931, 934, 935]","[31, 142, 147, 180, 338, 352, 367, 387, 403, 405, 408, 410, 455, 465, 466, 468, 470, 472, 473, 483, 484, 514, 613, 618, 651, 794, 807, 837, 852, 854, 858, 861, 902, 912, 913, 915, 917, 919, 920, 931, 934, 935]",0/6 successful match,False,,False,71,False,,1.0,True,Wendell Gas & Oil ( Sinclair ),Sinclair
"Wendell , 83355 Wendell Gas & Oil ( Sinclair )",3 208-536-2452 I-84 Exit 157 ),<U+2610> S 00,Wendell,83355,Wendell Gas & Oil ( Sinclair ),208-536-2452,2008,Wendell,ID,Sinclair,,I-84 Exit 157 ,Exit,157,False,,False,I-84,,,,,[],[],[],"[212, 682]",[],"[402, 416, 422, 423, 465, 851, 867, 874, 875, 912]","[31, 142, 147, 180, 338, 352, 367, 387, 403, 405, 408, 410, 455, 465, 466, 468, 470, 472, 473, 483, 484, 514, 613, 618, 651, 794, 807, 837, 852, 854, 858, 861, 902, 912, 913, 915, 917, 919, 920, 931, 934, 935]","[4, 31, 59, 135, 142, 147, 180, 218, 229, 232, 264, 269, 299, 318, 320, 331, 338, 352, 367, 382, 387, 403, 405, 408, 410, 455, 463, 465, 466, 468, 470, 472, 473, 483, 484, 490, 514, 535, 606, 613, 618, 651, 686, 693, 696, 724, 728, 758, 776, 778, 788, 794, 807, 832, 837, 852, 854, 858, 860, 861, 902, 910, 912, 913, 915, 917, 919, 920, 931, 934, 935]","[514, 4, 535, 31, 59, 606, 613, 618, 135, 651, 142, 147, 682, 686, 180, 693, 696, 724, 212, 728, 218, 229, 232, 758, 264, 776, 778, 269, 788, 794, 807, 299, 318, 320, 832, 837, 331, 338, 851, 852, 854, 858, 860, 861, 352, 867, 874, 875, 367, 382, 387, 902, 910, 912, 913, 402, 403, 915, 405, 917, 919, 408, 920, 410, 416, 931, 422, 423, 934, 935, 455, 463, 465, 466, 468, 470, 472, 473, 483, 484, 490]",False,[],[],[],"[212, 682]","[402, 416, 422, 423, 465, 851, 867, 874, 875, 912]","[4, 31, 59, 135, 142, 147, 180, 218, 229, 232, 264, 269, 299, 318, 320, 331, 338, 352, 367, 382, 387, 403, 405, 408, 410, 455, 463, 465, 466, 468, 470, 472, 473, 483, 484, 490, 514, 535, 606, 613, 618, 651, 686, 693, 696, 724, 728, 758, 776, 778, 788, 794, 807, 832, 837, 852, 854, 858, 860, 861, 902, 910, 912, 913, 915, 917, 919, 920, 931, 934, 935]","[31, 142, 147, 180, 338, 352, 367, 387, 403, 405, 408, 410, 455, 465, 466, 468, 470, 472, 473, 483, 484, 514, 613, 618, 651, 794, 807, 837, 852, 854, 858, 861, 902, 912, 913, 915, 917, 919, 920, 931, 934, 935]",0/6 successful match,False,,False,71,False,,1.0,True,Wendell Gas & Oil ( Sinclair ),Sinclair
Wendell ( 83355 ) Valley Country Store ( 66 ),208-536-2452 I-84 Exit 157 ( E on S Frontage ),Su <U+25A1>,Wendell,83355,Valley Country Store ( 66 ),208-536-2452,2014,Wendell,ID,,( E on S Frontage ),I-84 Exit 157 ,Exit,157,False,,False,I-84,,,,,[],[],[],"[212, 682]",[],"[402, 416, 422, 423, 465, 851, 867, 874, 875, 912]",[],"[154, 218, 279, 321, 322, 323, 324, 325, 326, 394, 401, 402, 424, 427, 464, 469, 626, 686, 738, 779, 780, 781, 782, 783, 784, 844, 850, 851, 876, 879, 911, 916]","[394, 779, 780, 781, 782, 783, 912, 401, 402, 784, 911, 916, 279, 154, 416, 422, 423, 424, 682, 427, 686, 321, 322, 323, 324, 325, 326, 844, 464, 465, 850, 851, 212, 469, 218, 738, 867, 874, 875, 876, 879, 626]",False,[],[],[],"[212, 682]","[402, 416, 422, 423, 465, 851, 867, 874, 875, 912]","[154, 218, 279, 321, 322, 323, 324, 325, 326, 394, 401, 402, 424, 427, 464, 469, 626, 686, 738, 779, 780, 781, 782, 783, 784, 844, 850, 851, 876, 879, 911, 916]",[],0/6 successful match,False,,False,71,True,2014,0.15789473684210525,True,Wendell Gas & Oil ( Sinclair ),Sinclair
Wendell ( 83355 ) Valley Country Store ( 66 ),3 / 208-536-2452 I-84 Exit 157 ( E on S Frontage ),<U+2610><U+2610> S D,Wendell,83355,Valley Country Store ( 66 ),208-536-2452,2015,Wendell,ID,,( E on S Frontage ),I-84 Exit 157 ,Exit,157,False,,False,I-84,,,,,[],[],[],"[212, 682]",[],"[402, 416, 422, 423, 465, 851, 867, 874, 875, 912]",[],"[154, 218, 279, 321, 322, 323, 324, 325, 326, 394, 401, 402, 424, 427, 464, 469, 626, 686, 738, 779, 780, 781, 782, 783, 784, 844, 850, 851, 876, 879, 911, 916]","[394, 779, 780, 781, 782, 783, 912, 401, 402, 784, 911, 916, 279, 154, 416, 422, 423, 424, 682, 427, 686, 321, 322, 323, 324, 325, 326, 844, 464, 465, 850, 851, 212, 469, 218, 738, 867, 874, 875, 876, 879, 626]",False,[],[],[],"[212, 682]","[402, 416, 422, 423, 465, 851, 867, 874, 875, 912]","[154, 218, 279, 321, 322, 323, 324, 325, 326, 394, 401, 402, 424, 427, 464, 469, 626, 686, 738, 779, 780, 781, 782, 783, 784, 844, 850, 851, 876, 879, 911, 916]",[],0/6 successful match,False,,False,71,False,,1.0,True,Valley Country Store ( 66 ),
Wendell ( 83355 ) Valley Country Store (,208-536-2452 I-84 Exit 157 ( E on S Frontage ),<U+2610><U+2610> S <U+2610> 0 <U+2610>,Wendell,83355,Valley Country Store (,208-536-2452,2016,Wendell,ID,,( E on S Frontage ),I-84 Exit 157 ,Exit,157,False,,False,I-84,,,,,[],[],[],"[212, 682]",[],"[402, 416, 422, 423, 465, 851, 867, 874, 875, 912]",[],"[154, 218, 279, 321, 322, 323, 324, 325, 326, 394, 401, 626, 686, 738, 779, 780, 781, 782, 783, 784, 844, 850]","[394, 779, 780, 781, 782, 783, 912, 401, 402, 784, 279, 154, 416, 422, 423, 682, 686, 321, 322, 323, 324, 325, 326, 844, 465, 850, 851, 212, 218, 738, 867, 874, 875, 626]",False,[],[],[],"[212, 682]","[402, 416, 422, 423, 465, 851, 867, 874, 875, 912]","[154, 218, 279, 321, 322, 323, 324, 325, 326, 394, 401, 626, 686, 738, 779, 780, 781, 782, 783, 784, 844, 850]",[],0/6 successful match,False,,False,71,False,,1.0,True,Valley Country Store ( 66 ),
"Idaho Falls , 83401 KJ's Travel Center",208-524-3012 US 20 ( Exxon ),465,Idaho Falls,83401,KJ's Travel Center,208-524-3012,2006,Idaho Falls,ID,,( Exxon ),US 20,empty,,False,,False,US 20,,,,,[],[],[],[],[],"[104, 433, 575, 885]",[],[],"[104, 433, 885, 575]",False,[],[],[],[],"[104, 433, 575, 885]",[],[],0/6 successful match,False,,False,72,False,,,,,
"Idaho Falls , 83401 KJ's Travel Center ( Exxon )",208-524-3012 US 20 Exit 310 ( US 20 Bus S ),HRS 24 L,Idaho Falls,83401,KJ's Travel Center ( Exxon ),208-524-3012,2007,Idaho Falls,ID,Exxon,( US 20 Bus S ),US 20 Exit 310 ,Exit,310,False,,False,US 20,,,,,[],[],[],[],[],"[104, 433, 575, 885]","[398, 399, 400, 848, 849]","[398, 399, 400, 848, 849]","[104, 398, 399, 400, 433, 848, 849, 885, 575]",False,[],[],[],[],"[104, 433, 575, 885]","[398, 399, 400, 848, 849]","[398, 399, 400, 848, 849]",0/6 successful match,False,,False,72,False,,0.8347826086956522,True,KJ's Travel Center,
"Idaho Falls , 83401 KJ's Travel Center ( Exxon )",6 / 208-524-3012 US 20 Exit 310 ( US 20 Bus S ),,Idaho Falls,83401,KJ's Travel Center ( Exxon ),208-524-3012,2008,Idaho Falls,ID,Exxon,( US 20 Bus S ),US 20 Exit 310 ,Exit,310,False,,False,US 20,,,,,[],[],[],[],[],"[104, 433, 575, 885]","[398, 399, 400, 848, 849]","[398, 399, 400, 848, 849]","[104, 398, 399, 400, 433, 848, 849, 885, 575]",False,[],[],[],[],"[104, 433, 575, 885]","[398, 399, 400, 848, 849]","[398, 399, 400, 848, 849]",0/6 successful match,False,,False,72,False,,1.0,True,KJ's Travel Center ( Exxon ),Exxon
Idaho Falls ( 83401 ) KJ's Travel Center ( Exxon ),6 208-524-3012 US 20 Exit 310 ( US 20 Bus S ),LOO,Idaho Falls,83401,KJ's Travel Center ( Exxon ),208-524-3012,2014,Idaho Falls,ID,Exxon,( US 20 Bus S ),US 20 Exit 310 ,Exit,310,False,,False,US 20,,,,,[],[],[],[],[],"[104, 433, 575, 885]","[398, 399, 400, 848, 849]","[398, 399, 400, 848, 849]","[104, 398, 399, 400, 433, 848, 849, 885, 575]",False,[],[],[],[],"[104, 433, 575, 885]","[398, 399, 400, 848, 849]","[398, 399, 400, 848, 849]",0/6 successful match,False,,False,72,False,,1.0,True,KJ's Travel Center ( Exxon ),Exxon
Idaho Falls ( 83401 ) KJ's Travel Center ( Exxon ),6 208-524-3012 US 20 Exit 310 ( US 20 Bus S ),24 LO /,Idaho Falls,83401,KJ's Travel Center ( Exxon ),208-524-3012,2015,Idaho Falls,ID,Exxon,( US 20 Bus S ),US 20 Exit 310 ,Exit,310,False,,False,US 20,,,,,[],[],[],[],[],"[104, 433, 575, 885]","[398, 399, 400, 848, 849]","[398, 399, 400, 848, 849]","[104, 398, 399, 400, 433, 848, 849, 885, 575]",False,[],[],[],[],"[104, 433, 575, 885]","[398, 399, 400, 848, 849]","[398, 399, 400, 848, 849]",0/6 successful match,False,,False,72,False,,1.0,True,KJ's Travel Center ( Exxon ),Exxon
Idaho Falls ( 83401 ) KJ's Travel Center ( Exxon ),6 208-524-3012 US 20 Exit 310 ( US 20 Bus S ),24 <U+2610> <U+2610> <U+2610> <U+2610>,Idaho Falls,83401,KJ's Travel Center ( Exxon ),208-524-3012,2016,Idaho Falls,ID,Exxon,( US 20 Bus S ),US 20 Exit 310 ,Exit,310,False,,False,US 20,,,,,[],[],[],[],[],"[104, 433, 575, 885]","[398, 399, 400, 848, 849]","[398, 399, 400, 848, 849]","[104, 398, 399, 400, 433, 848, 849, 885, 575]",False,[],[],[],[],"[104, 433, 575, 885]","[398, 399, 400, 848, 849]","[398, 399, 400, 848, 849]",0/6 successful match,False,,False,72,False,,1.0,True,KJ's Travel Center ( Exxon ),Exxon
"Idaho Falls , 83402 KJ's ( 66 )",208-523-1092 I-15 Exit 118 (,48 MOD,Idaho Falls,83402,KJ's ( 66 ),208-523-1092,2006,Idaho Falls,ID,,(,I-15 Exit 118 ,Exit,118,False,,False,I-15,,,,,[],[],[],"[340, 430, 796, 882]",[],"[16, 125, 156, 163, 168, 184, 205, 222, 229, 253, 258, 265, 313, 317, 336, 340, 341, 356, 363, 365, 366, 367, 370, 375, 388, 391, 394, 396, 402, 410, 411, 412, 413, 415, 416, 417, 418, 419, 425, 429, 431, 433, 435, 437, 440, 441, 442, 443, 451, 452, 456, 457, 458, 460, 461, 464, 471, 473, 474, 475, 481, 482, 501, 596, 628, 635, 655, 675, 693, 716, 720, 725, 771, 775, 793, 796, 797, 811, 817, 818, 820, 825, 838, 841, 844, 846, 851, 857, 861, 862, 863, 864, 866, 867, 868, 870, 871, 877, 881, 883, 885, 888, 891, 892, 893, 898, 899, 904, 905, 907, 908, 911, 918, 920, 921, 922, 923, 924, 926, 931, 933]",[],"[401, 402, 424, 427, 464, 469, 850, 851, 876, 879, 911, 916]","[16, 596, 628, 635, 125, 655, 156, 163, 675, 168, 693, 184, 716, 205, 720, 725, 222, 229, 253, 258, 771, 775, 265, 793, 796, 797, 811, 817, 818, 820, 313, 825, 317, 838, 841, 844, 846, 336, 850, 851, 340, 341, 857, 861, 862, 863, 864, 866, 867, 356, 868, 870, 871, 363, 876, 365, 366, 367, 877, 881, 882, 370, 883, 885, 879, 375, 888, 891, 892, 893, 898, 899, 388, 391, 904, 905, 394, 907, 396, 908, 911, 401, 402, 916, 918, 920, 921, 410, 411, 412, 413, 922, 415, 416, 417, 418, 419, 923, 924, 926, 931, 933, 425, 424, 427, 429, 430, 431, 433, 435, 437, 440, 441, 442, 443, 451, 452, 456, 457, 458, 460, 461, 464, 469, 471, 473, 474, 475, 481, 482, 501]",False,[],[],[],"[340, 430, 796, 882]","[16, 125, 156, 163, 168, 184, 205, 222, 229, 253, 258, 265, 313, 317, 336, 340, 341, 356, 363, 365, 366, 367, 370, 375, 388, 391, 394, 396, 402, 410, 411, 412, 413, 415, 416, 417, 418, 419, 425, 429, 431, 433, 435, 437, 440, 441, 442, 443, 451, 452, 456, 457, 458, 460, 461, 464, 471, 473, 474, 475, 481, 482, 501, 596, 628, 635, 655, 675, 693, 716, 720, 725, 771, 775, 793, 796, 797, 811, 817, 818, 820, 825, 838, 841, 844, 846, 851, 857, 861, 862, 863, 864, 866, 867, 868, 870, 871, 877, 881, 883, 885, 888, 891, 892, 893, 898, 899, 904, 905, 907, 908, 911, 918, 920, 921, 922, 923, 924, 926, 931, 933]","[401, 402, 424, 427, 464, 469, 850, 851, 876, 879, 911, 916]",[],0/6 successful match,False,,False,73,False,,,,,
"Idaho Falls , 83402 KJ's ( 66 )",6 208-523-1092 I-15 Exit 118 ( Broadway ),HRS 24 000,Idaho Falls,83402,KJ's ( 66 ),208-523-1092,2007,Idaho Falls,ID,,( Broadway ),I-15 Exit 118 ,Exit,118,False,,False,I-15,,,,,[],[],[],"[340, 430, 796, 882]",[],"[16, 125, 156, 163, 168, 184, 205, 222, 229, 253, 258, 265, 313, 317, 336, 340, 341, 356, 363, 365, 366, 367, 370, 375, 388, 391, 394, 396, 402, 410, 411, 412, 413, 415, 416, 417, 418, 419, 425, 429, 431, 433, 435, 437, 440, 441, 442, 443, 451, 452, 456, 457, 458, 460, 461, 464, 471, 473, 474, 475, 481, 482, 501, 596, 628, 635, 655, 675, 693, 716, 720, 725, 771, 775, 793, 796, 797, 811, 817, 818, 820, 825, 838, 841, 844, 846, 851, 857, 861, 862, 863, 864, 866, 867, 868, 870, 871, 877, 881, 883, 885, 888, 891, 892, 893, 898, 899, 904, 905, 907, 908, 911, 918, 920, 921, 922, 923, 924, 926, 931, 933]",[],"[401, 402, 424, 427, 464, 469, 850, 851, 876, 879, 911, 916]","[16, 596, 628, 635, 125, 655, 156, 163, 675, 168, 693, 184, 716, 205, 720, 725, 222, 229, 253, 258, 771, 775, 265, 793, 796, 797, 811, 817, 818, 820, 313, 825, 317, 838, 841, 844, 846, 336, 850, 851, 340, 341, 857, 861, 862, 863, 864, 866, 867, 356, 868, 870, 871, 363, 876, 365, 366, 367, 877, 881, 882, 370, 883, 885, 879, 375, 888, 891, 892, 893, 898, 899, 388, 391, 904, 905, 394, 907, 396, 908, 911, 401, 402, 916, 918, 920, 921, 410, 411, 412, 413, 922, 415, 416, 417, 418, 419, 923, 924, 926, 931, 933, 425, 424, 427, 429, 430, 431, 433, 435, 437, 440, 441, 442, 443, 451, 452, 456, 457, 458, 460, 461, 464, 469, 471, 473, 474, 475, 481, 482, 501]",False,[],[],[],"[340, 430, 796, 882]","[16, 125, 156, 163, 168, 184, 205, 222, 229, 253, 258, 265, 313, 317, 336, 340, 341, 356, 363, 365, 366, 367, 370, 375, 388, 391, 394, 396, 402, 410, 411, 412, 413, 415, 416, 417, 418, 419, 425, 429, 431, 433, 435, 437, 440, 441, 442, 443, 451, 452, 456, 457, 458, 460, 461, 464, 471, 473, 474, 475, 481, 482, 501, 596, 628, 635, 655, 675, 693, 716, 720, 725, 771, 775, 793, 796, 797, 811, 817, 818, 820, 825, 838, 841, 844, 846, 851, 857, 861, 862, 863, 864, 866, 867, 868, 870, 871, 877, 881, 883, 885, 888, 891, 892, 893, 898, 899, 904, 905, 907, 908, 911, 918, 920, 921, 922, 923, 924, 926, 931, 933]","[401, 402, 424, 427, 464, 469, 850, 851, 876, 879, 911, 916]",[],0/6 successful match,False,,False,73,False,,0.8999999999999999,True,KJ's ( 66 ),
"Idaho Falls , 83402 KJ's ( 66 )",6 208-523-1092 I-15 Exit 118 ( Broadway ),,Idaho Falls,83402,KJ's ( 66 ),208-523-1092,2008,Idaho Falls,ID,,( Broadway ),I-15 Exit 118 ,Exit,118,False,,False,I-15,,,,,[],[],[],"[340, 430, 796, 882]",[],"[16, 125, 156, 163, 168, 184, 205, 222, 229, 253, 258, 265, 313, 317, 336, 340, 341, 356, 363, 365, 366, 367, 370, 375, 388, 391, 394, 396, 402, 410, 411, 412, 413, 415, 416, 417, 418, 419, 425, 429, 431, 433, 435, 437, 440, 441, 442, 443, 451, 452, 456, 457, 458, 460, 461, 464, 471, 473, 474, 475, 481, 482, 501, 596, 628, 635, 655, 675, 693, 716, 720, 725, 771, 775, 793, 796, 797, 811, 817, 818, 820, 825, 838, 841, 844, 846, 851, 857, 861, 862, 863, 864, 866, 867, 868, 870, 871, 877, 881, 883, 885, 888, 891, 892, 893, 898, 899, 904, 905, 907, 908, 911, 918, 920, 921, 922, 923, 924, 926, 931, 933]",[],"[401, 402, 424, 427, 464, 469, 850, 851, 876, 879, 911, 916]","[16, 596, 628, 635, 125, 655, 156, 163, 675, 168, 693, 184, 716, 205, 720, 725, 222, 229, 253, 258, 771, 775, 265, 793, 796, 797, 811, 817, 818, 820, 313, 825, 317, 838, 841, 844, 846, 336, 850, 851, 340, 341, 857, 861, 862, 863, 864, 866, 867, 356, 868, 870, 871, 363, 876, 365, 366, 367, 877, 881, 882, 370, 883, 885, 879, 375, 888, 891, 892, 893, 898, 899, 388, 391, 904, 905, 394, 907, 396, 908, 911, 401, 402, 916, 918, 920, 921, 410, 411, 412, 413, 922, 415, 416, 417, 418, 419, 923, 924, 926, 931, 933, 425, 424, 427, 429, 430, 431, 433, 435, 437, 440, 441, 442, 443, 451, 452, 456, 457, 458, 460, 461, 464, 469, 471, 473, 474, 475, 481, 482, 501]",False,[],[],[],"[340, 430, 796, 882]","[16, 125, 156, 163, 168, 184, 205, 222, 229, 253, 258, 265, 313, 317, 336, 340, 341, 356, 363, 365, 366, 367, 370, 375, 388, 391, 394, 396, 402, 410, 411, 412, 413, 415, 416, 417, 418, 419, 425, 429, 431, 433, 435, 437, 440, 441, 442, 443, 451, 452, 456, 457, 458, 460, 461, 464, 471, 473, 474, 475, 481, 482, 501, 596, 628, 635, 655, 675, 693, 716, 720, 725, 771, 775, 793, 796, 797, 811, 817, 818, 820, 825, 838, 841, 844, 846, 851, 857, 861, 862, 863, 864, 866, 867, 868, 870, 871, 877, 881, 883, 885, 888, 891, 892, 893, 898, 899, 904, 905, 907, 908, 911, 918, 920, 921, 922, 923, 924, 926, 931, 933]","[401, 402, 424, 427, 464, 469, 850, 851, 876, 879, 911, 916]",[],0/6 successful match,False,,False,73,False,,0.8999999999999999,True,KJ's ( 66 ),
Idaho Falls ( 83402 ) KJ's ( 66 ),6 208-523-1092 I-15 Exit 118 ( Broadway ),24 D M = D <U+25A1>,Idaho Falls,83402,KJ's ( 66 ),208-523-1092,2014,Idaho Falls,ID,,( Broadway ),I-15 Exit 118 ,Exit,118,False,,False,I-15,,,,,[],[],[],"[340, 430, 796, 882]",[],"[16, 125, 156, 163, 168, 184, 205, 222, 229, 253, 258, 265, 313, 317, 336, 340, 341, 356, 363, 365, 366, 367, 370, 375, 388, 391, 394, 396, 402, 410, 411, 412, 413, 415, 416, 417, 418, 419, 425, 429, 431, 433, 435, 437, 440, 441, 442, 443, 451, 452, 456, 457, 458, 460, 461, 464, 471, 473, 474, 475, 481, 482, 501, 596, 628, 635, 655, 675, 693, 716, 720, 725, 771, 775, 793, 796, 797, 811, 817, 818, 820, 825, 838, 841, 844, 846, 851, 857, 861, 862, 863, 864, 866, 867, 868, 870, 871, 877, 881, 883, 885, 888, 891, 892, 893, 898, 899, 904, 905, 907, 908, 911, 918, 920, 921, 922, 923, 924, 926, 931, 933]",[],"[401, 402, 424, 427, 464, 469, 850, 851, 876, 879, 911, 916]","[16, 596, 628, 635, 125, 655, 156, 163, 675, 168, 693, 184, 716, 205, 720, 725, 222, 229, 253, 258, 771, 775, 265, 793, 796, 797, 811, 817, 818, 820, 313, 825, 317, 838, 841, 844, 846, 336, 850, 851, 340, 341, 857, 861, 862, 863, 864, 866, 867, 356, 868, 870, 871, 363, 876, 365, 366, 367, 877, 881, 882, 370, 883, 885, 879, 375, 888, 891, 892, 893, 898, 899, 388, 391, 904, 905, 394, 907, 396, 908, 911, 401, 402, 916, 918, 920, 921, 410, 411, 412, 413, 922, 415, 416, 417, 418, 419, 923, 924, 926, 931, 933, 425, 424, 427, 429, 430, 431, 433, 435, 437, 440, 441, 442, 443, 451, 452, 456, 457, 458, 460, 461, 464, 469, 471, 473, 474, 475, 481, 482, 501]",False,[],[],[],"[340, 430, 796, 882]","[16, 125, 156, 163, 168, 184, 205, 222, 229, 253, 258, 265, 313, 317, 336, 340, 341, 356, 363, 365, 366, 367, 370, 375, 388, 391, 394, 396, 402, 410, 411, 412, 413, 415, 416, 417, 418, 419, 425, 429, 431, 433, 435, 437, 440, 441, 442, 443, 451, 452, 456, 457, 458, 460, 461, 464, 471, 473, 474, 475, 481, 482, 501, 596, 628, 635, 655, 675, 693, 716, 720, 725, 771, 775, 793, 796, 797, 811, 817, 818, 820, 825, 838, 841, 844, 846, 851, 857, 861, 862, 863, 864, 866, 867, 868, 870, 871, 877, 881, 883, 885, 888, 891, 892, 893, 898, 899, 904, 905, 907, 908, 911, 918, 920, 921, 922, 923, 924, 926, 931, 933]","[401, 402, 424, 427, 464, 469, 850, 851, 876, 879, 911, 916]",[],0/6 successful match,False,,False,73,False,,0.8999999999999999,True,KJ's ( 66 ),
Idaho Falls ( 83402 ) KJ's ( 66 ) ( US 26 E ),6 208-523-1092 I-15 Exit 118 (,24 M <U+2610> <U+25A1> D,Idaho Falls,83402,KJ's ( 66 ) ( US 26 E ),208-523-1092,2015,Idaho Falls,ID,,(,I-15 Exit 118 ,Exit,118,False,,False,I-15,,,,,[],[],[],"[340, 430, 796, 882]",[],"[16, 125, 156, 163, 168, 184, 205, 222, 229, 253, 258, 265, 313, 317, 336, 340, 341, 356, 363, 365, 366, 367, 370, 375, 388, 391, 394, 396, 402, 410, 411, 412, 413, 415, 416, 417, 418, 419, 425, 429, 431, 433, 435, 437, 440, 441, 442, 443, 451, 452, 456, 457, 458, 460, 461, 464, 471, 473, 474, 475, 481, 482, 501, 596, 628, 635, 655, 675, 693, 716, 720, 725, 771, 775, 793, 796, 797, 811, 817, 818, 820, 825, 838, 841, 844, 846, 851, 857, 861, 862, 863, 864, 866, 867, 868, 870, 871, 877, 881, 883, 885, 888, 891, 892, 893, 898, 899, 904, 905, 907, 908, 911, 918, 920, 921, 922, 923, 924, 926, 931, 933]",[],"[401, 402, 424, 427, 464, 469, 850, 851, 876, 879, 911, 916]","[16, 596, 628, 635, 125, 655, 156, 163, 675, 168, 693, 184, 716, 205, 720, 725, 222, 229, 253, 258, 771, 775, 265, 793, 796, 797, 811, 817, 818, 820, 313, 825, 317, 838, 841, 844, 846, 336, 850, 851, 340, 341, 857, 861, 862, 863, 864, 866, 867, 356, 868, 870, 871, 363, 876, 365, 366, 367, 877, 881, 882, 370, 883, 885, 879, 375, 888, 891, 892, 893, 898, 899, 388, 391, 904, 905, 394, 907, 396, 908, 911, 401, 402, 916, 918, 920, 921, 410, 411, 412, 413, 922, 415, 416, 417, 418, 419, 923, 924, 926, 931, 933, 425, 424, 427, 429, 430, 431, 433, 435, 437, 440, 441, 442, 443, 451, 452, 456, 457, 458, 460, 461, 464, 469, 471, 473, 474, 475, 481, 482, 501]",False,[],[],[],"[340, 430, 796, 882]","[16, 125, 156, 163, 168, 184, 205, 222, 229, 253, 258, 265, 313, 317, 336, 340, 341, 356, 363, 365, 366, 367, 370, 375, 388, 391, 394, 396, 402, 410, 411, 412, 413, 415, 416, 417, 418, 419, 425, 429, 431, 433, 435, 437, 440, 441, 442, 443, 451, 452, 456, 457, 458, 460, 461, 464, 471, 473, 474, 475, 481, 482, 501, 596, 628, 635, 655, 675, 693, 716, 720, 725, 771, 775, 793, 796, 797, 811, 817, 818, 820, 825, 838, 841, 844, 846, 851, 857, 861, 862, 863, 864, 866, 867, 868, 870, 871, 877, 881, 883, 885, 888, 891, 892, 893, 898, 899, 904, 905, 907, 908, 911, 918, 920, 921, 922, 923, 924, 926, 931, 933]","[401, 402, 424, 427, 464, 469, 850, 851, 876, 879, 911, 916]",[],0/6 successful match,False,,False,73,False,,0.5941176470588236,True,KJ's ( 66 ),
Idaho Falls ( 83402 ) KJ's ( 66 ),208-523-1092 I-15 Exit 118 ( Broadway ),24 M <U+25A1>,Idaho Falls,83402,KJ's ( 66 ),208-523-1092,2016,Idaho Falls,ID,,( Broadway ),I-15 Exit 118 ,Exit,118,False,,False,I-15,,,,,[],[],[],"[340, 430, 796, 882]",[],"[16, 125, 156, 163, 168, 184, 205, 222, 229, 253, 258, 265, 313, 317, 336, 340, 341, 356, 363, 365, 366, 367, 370, 375, 388, 391, 394, 396, 402, 410, 411, 412, 413, 415, 416, 417, 418, 419, 425, 429, 431, 433, 435, 437, 440, 441, 442, 443, 451, 452, 456, 457, 458, 460, 461, 464, 471, 473, 474, 475, 481, 482, 501, 596, 628, 635, 655, 675, 693, 716, 720, 725, 771, 775, 793, 796, 797, 811, 817, 818, 820, 825, 838, 841, 844, 846, 851, 857, 861, 862, 863, 864, 866, 867, 868, 870, 871, 877, 881, 883, 885, 888, 891, 892, 893, 898, 899, 904, 905, 907, 908, 911, 918, 920, 921, 922, 923, 924, 926, 931, 933]",[],"[401, 402, 424, 427, 464, 469, 850, 851, 876, 879, 911, 916]","[16, 596, 628, 635, 125, 655, 156, 163, 675, 168, 693, 184, 716, 205, 720, 725, 222, 229, 253, 258, 771, 775, 265, 793, 796, 797, 811, 817, 818, 820, 313, 825, 317, 838, 841, 844, 846, 336, 850, 851, 340, 341, 857, 861, 862, 863, 864, 866, 867, 356, 868, 870, 871, 363, 876, 365, 366, 367, 877, 881, 882, 370, 883, 885, 879, 375, 888, 891, 892, 893, 898, 899, 388, 391, 904, 905, 394, 907, 396, 908, 911, 401, 402, 916, 918, 920, 921, 410, 411, 412, 413, 922, 415, 416, 417, 418, 419, 923, 924, 926, 931, 933, 425, 424, 427, 429, 430, 431, 433, 435, 437, 440, 441, 442, 443, 451, 452, 456, 457, 458, 460, 461, 464, 469, 471, 473, 474, 475, 481, 482, 501]",False,[],[],[],"[340, 430, 796, 882]","[16, 125, 156, 163, 168, 184, 205, 222, 229, 253, 258, 265, 313, 317, 336, 340, 341, 356, 363, 365, 366, 367, 370, 375, 388, 391, 394, 396, 402, 410, 411, 412, 413, 415, 416, 417, 418, 419, 425, 429, 431, 433, 435, 437, 440, 441, 442, 443, 451, 452, 456, 457, 458, 460, 461, 464, 471, 473, 474, 475, 481, 482, 501, 596, 628, 635, 655, 675, 693, 716, 720, 725, 771, 775, 793, 796, 797, 811, 817, 818, 820, 825, 838, 841, 844, 846, 851, 857, 861, 862, 863, 864, 866, 867, 868, 870, 871, 877, 881, 883, 885, 888, 891, 892, 893, 898, 899, 904, 905, 907, 908, 911, 918, 920, 921, 922, 923, 924, 926, 931, 933]","[401, 402, 424, 427, 464, 469, 850, 851, 876, 879, 911, 916]",[],0/6 successful match,False,,False,73,False,,0.5941176470588236,True,KJ's ( 66 ) ( US 26 E ),
"Idaho Falls , 83402 Gas ' N Grub ( Sinclair )",208-529-3686 I-15 Exit 119 ),SOOD D,Idaho Falls,83402,Gas ' N Grub ( Sinclair ),208-529-3686,2006,Idaho Falls,ID,Sinclair,,I-15 Exit 119 ,Exit,119,False,,False,I-15,,,,,[],[],[],"[57, 69, 534, 544]",[],"[16, 125, 156, 163, 168, 184, 205, 222, 229, 253, 258, 265, 313, 317, 336, 340, 341, 356, 363, 365, 366, 367, 370, 375, 388, 391, 394, 396, 402, 410, 411, 412, 413, 415, 416, 417, 418, 419, 425, 429, 431, 433, 435, 437, 440, 441, 442, 443, 451, 452, 456, 457, 458, 460, 461, 464, 471, 473, 474, 475, 481, 482, 501, 596, 628, 635, 655, 675, 693, 716, 720, 725, 771, 775, 793, 796, 797, 811, 817, 818, 820, 825, 838, 841, 844, 846, 851, 857, 861, 862, 863, 864, 866, 867, 868, 870, 871, 877, 881, 883, 885, 888, 891, 892, 893, 898, 899, 904, 905, 907, 908, 911, 918, 920, 921, 922, 923, 924, 926, 931, 933]","[31, 142, 147, 180, 338, 352, 367, 387, 403, 405, 408, 410, 455, 465, 466, 468, 470, 472, 473, 483, 484, 514, 613, 618, 651, 794, 807, 837, 852, 854, 858, 861, 902, 912, 913, 915, 917, 919, 920, 931, 934, 935]","[31, 142, 147, 180, 338, 352, 367, 387, 403, 405, 408, 410, 455, 465, 466, 468, 470, 472, 473, 483, 484, 514, 613, 618, 651, 794, 807, 837, 852, 854, 858, 861, 902, 912, 913, 915, 917, 919, 920, 931, 934, 935]","[514, 408, 16, 919, 534, 31, 544, 57, 69, 596, 613, 618, 628, 635, 125, 651, 142, 655, 147, 156, 163, 675, 168, 180, 693, 184, 716, 205, 720, 725, 222, 229, 253, 258, 771, 775, 265, 793, 794, 796, 797, 807, 811, 817, 818, 820, 313, 825, 317, 837, 838, 841, 844, 846, 336, 338, 851, 340, 341, 852, 854, 857, 858, 861, 862, 863, 864, 352, 866, 867, 356, 868, 870, 871, 363, 365, 366, 367, 877, 881, 370, 883, 885, 375, 888, 891, 892, 893, 898, 899, 388, 387, 902, 391, 904, 905, 394, 907, 396, 908, 911, 912, 913, 402, 403, 915, 405, 918, 917, 920, 921, 410, 411, 412, 413, 922, 415, 416, 417, 418, 419, 923, 924, 926, 931, 933, 425, 934, 935, 429, 431, 433, 435, 437, 440, 441, 442, 443, 451, 452, 455, 456, 457, 458, 460, 461, 464, 465, 466, 468, 470, 471, 472, 473, 474, 475, 481, 482, 483, 484, 501]",False,[],[],[],"[57, 69, 534, 544]","[16, 125, 156, 163, 168, 184, 205, 222, 229, 253, 258, 265, 313, 317, 336, 340, 341, 356, 363, 365, 366, 367, 370, 375, 388, 391, 394, 396, 402, 410, 411, 412, 413, 415, 416, 417, 418, 419, 425, 429, 431, 433, 435, 437, 440, 441, 442, 443, 451, 452, 456, 457, 458, 460, 461, 464, 471, 473, 474, 475, 481, 482, 501, 596, 628, 635, 655, 675, 693, 716, 720, 725, 771, 775, 793, 796, 797, 811, 817, 818, 820, 825, 838, 841, 844, 846, 851, 857, 861, 862, 863, 864, 866, 867, 868, 870, 871, 877, 881, 883, 885, 888, 891, 892, 893, 898, 899, 904, 905, 907, 908, 911, 918, 920, 921, 922, 923, 924, 926, 931, 933]","[31, 142, 147, 180, 338, 352, 367, 387, 403, 405, 408, 410, 455, 465, 466, 468, 470, 472, 473, 483, 484, 514, 613, 618, 651, 794, 807, 837, 852, 854, 858, 861, 902, 912, 913, 915, 917, 919, 920, 931, 934, 935]","[31, 142, 147, 180, 338, 352, 367, 387, 403, 405, 408, 410, 455, 465, 466, 468, 470, 472, 473, 483, 484, 514, 613, 618, 651, 794, 807, 837, 852, 854, 858, 861, 902, 912, 913, 915, 917, 919, 920, 931, 934, 935]",0/6 successful match,False,,False,74,False,,,,,
"Hildaho Falls , 83402 Gas ' N Grub ( Sinclair )",208-529-3686 I-15 Exit 119,S 000,Hildaho Falls,83402,Gas ' N Grub ( Sinclair ),208-529-3686,2007,Idaho Falls,ID,Sinclair,,I-15 Exit 119,Exit,119,False,,False,I-15,,,,,[],[],[],"[57, 69, 534, 544]",[],"[16, 125, 156, 163, 168, 184, 205, 222, 229, 253, 258, 265, 313, 317, 336, 340, 341, 356, 363, 365, 366, 367, 370, 375, 388, 391, 394, 396, 402, 410, 411, 412, 413, 415, 416, 417, 418, 419, 425, 429, 431, 433, 435, 437, 440, 441, 442, 443, 451, 452, 456, 457, 458, 460, 461, 464, 471, 473, 474, 475, 481, 482, 501, 596, 628, 635, 655, 675, 693, 716, 720, 725, 771, 775, 793, 796, 797, 811, 817, 818, 820, 825, 838, 841, 844, 846, 851, 857, 861, 862, 863, 864, 866, 867, 868, 870, 871, 877, 881, 883, 885, 888, 891, 892, 893, 898, 899, 904, 905, 907, 908, 911, 918, 920, 921, 922, 923, 924, 926, 931, 933]","[31, 142, 147, 180, 338, 352, 367, 387, 403, 405, 408, 410, 455, 465, 466, 468, 470, 472, 473, 483, 484, 514, 613, 618, 651, 794, 807, 837, 852, 854, 858, 861, 902, 912, 913, 915, 917, 919, 920, 931, 934, 935]","[31, 142, 147, 180, 338, 352, 367, 387, 403, 405, 408, 410, 455, 465, 466, 468, 470, 472, 473, 483, 484, 514, 613, 618, 651, 794, 807, 837, 852, 854, 858, 861, 902, 912, 913, 915, 917, 919, 920, 931, 934, 935]","[514, 408, 16, 919, 534, 31, 544, 57, 69, 596, 613, 618, 628, 635, 125, 651, 142, 655, 147, 156, 163, 675, 168, 180, 693, 184, 716, 205, 720, 725, 222, 229, 253, 258, 771, 775, 265, 793, 794, 796, 797, 807, 811, 817, 818, 820, 313, 825, 317, 837, 838, 841, 844, 846, 336, 338, 851, 340, 341, 852, 854, 857, 858, 861, 862, 863, 864, 352, 866, 867, 356, 868, 870, 871, 363, 365, 366, 367, 877, 881, 370, 883, 885, 375, 888, 891, 892, 893, 898, 899, 388, 387, 902, 391, 904, 905, 394, 907, 396, 908, 911, 912, 913, 402, 403, 915, 405, 918, 917, 920, 921, 410, 411, 412, 413, 922, 415, 416, 417, 418, 419, 923, 924, 926, 931, 933, 425, 934, 935, 429, 431, 433, 435, 437, 440, 441, 442, 443, 451, 452, 455, 456, 457, 458, 460, 461, 464, 465, 466, 468, 470, 471, 472, 473, 474, 475, 481, 482, 483, 484, 501]",False,[],[],[],"[57, 69, 534, 544]","[16, 125, 156, 163, 168, 184, 205, 222, 229, 253, 258, 265, 313, 317, 336, 340, 341, 356, 363, 365, 366, 367, 370, 375, 388, 391, 394, 396, 402, 410, 411, 412, 413, 415, 416, 417, 418, 419, 425, 429, 431, 433, 435, 437, 440, 441, 442, 443, 451, 452, 456, 457, 458, 460, 461, 464, 471, 473, 474, 475, 481, 482, 501, 596, 628, 635, 655, 675, 693, 716, 720, 725, 771, 775, 793, 796, 797, 811, 817, 818, 820, 825, 838, 841, 844, 846, 851, 857, 861, 862, 863, 864, 866, 867, 868, 870, 871, 877, 881, 883, 885, 888, 891, 892, 893, 898, 899, 904, 905, 907, 908, 911, 918, 920, 921, 922, 923, 924, 926, 931, 933]","[31, 142, 147, 180, 338, 352, 367, 387, 403, 405, 408, 410, 455, 465, 466, 468, 470, 472, 473, 483, 484, 514, 613, 618, 651, 794, 807, 837, 852, 854, 858, 861, 902, 912, 913, 915, 917, 919, 920, 931, 934, 935]","[31, 142, 147, 180, 338, 352, 367, 387, 403, 405, 408, 410, 455, 465, 466, 468, 470, 472, 473, 483, 484, 514, 613, 618, 651, 794, 807, 837, 852, 854, 858, 861, 902, 912, 913, 915, 917, 919, 920, 931, 934, 935]",0/6 successful match,False,,False,74,False,,1.0,True,Gas ' N Grub ( Sinclair ),Sinclair
"Idaho Falls , 83402 Gas ' N Grub ( Sinclair )",6 208-529-3686 I-15 Exit 119,,Idaho Falls,83402,Gas ' N Grub ( Sinclair ),208-529-3686,2008,Idaho Falls,ID,Sinclair,,I-15 Exit 119,Exit,119,False,,False,I-15,,,,,[],[],[],"[57, 69, 534, 544]",[],"[16, 125, 156, 163, 168, 184, 205, 222, 229, 253, 258, 265, 313, 317, 336, 340, 341, 356, 363, 365, 366, 367, 370, 375, 388, 391, 394, 396, 402, 410, 411, 412, 413, 415, 416, 417, 418, 419, 425, 429, 431, 433, 435, 437, 440, 441, 442, 443, 451, 452, 456, 457, 458, 460, 461, 464, 471, 473, 474, 475, 481, 482, 501, 596, 628, 635, 655, 675, 693, 716, 720, 725, 771, 775, 793, 796, 797, 811, 817, 818, 820, 825, 838, 841, 844, 846, 851, 857, 861, 862, 863, 864, 866, 867, 868, 870, 871, 877, 881, 883, 885, 888, 891, 892, 893, 898, 899, 904, 905, 907, 908, 911, 918, 920, 921, 922, 923, 924, 926, 931, 933]","[31, 142, 147, 180, 338, 352, 367, 387, 403, 405, 408, 410, 455, 465, 466, 468, 470, 472, 473, 483, 484, 514, 613, 618, 651, 794, 807, 837, 852, 854, 858, 861, 902, 912, 913, 915, 917, 919, 920, 931, 934, 935]","[31, 142, 147, 180, 338, 352, 367, 387, 403, 405, 408, 410, 455, 465, 466, 468, 470, 472, 473, 483, 484, 514, 613, 618, 651, 794, 807, 837, 852, 854, 858, 861, 902, 912, 913, 915, 917, 919, 920, 931, 934, 935]","[514, 408, 16, 919, 534, 31, 544, 57, 69, 596, 613, 618, 628, 635, 125, 651, 142, 655, 147, 156, 163, 675, 168, 180, 693, 184, 716, 205, 720, 725, 222, 229, 253, 258, 771, 775, 265, 793, 794, 796, 797, 807, 811, 817, 818, 820, 313, 825, 317, 837, 838, 841, 844, 846, 336, 338, 851, 340, 341, 852, 854, 857, 858, 861, 862, 863, 864, 352, 866, 867, 356, 868, 870, 871, 363, 365, 366, 367, 877, 881, 370, 883, 885, 375, 888, 891, 892, 893, 898, 899, 388, 387, 902, 391, 904, 905, 394, 907, 396, 908, 911, 912, 913, 402, 403, 915, 405, 918, 917, 920, 921, 410, 411, 412, 413, 922, 415, 416, 417, 418, 419, 923, 924, 926, 931, 933, 425, 934, 935, 429, 431, 433, 435, 437, 440, 441, 442, 443, 451, 452, 455, 456, 457, 458, 460, 461, 464, 465, 466, 468, 470, 471, 472, 473, 474, 475, 481, 482, 483, 484, 501]",False,[],[],[],"[57, 69, 534, 544]","[16, 125, 156, 163, 168, 184, 205, 222, 229, 253, 258, 265, 313, 317, 336, 340, 341, 356, 363, 365, 366, 367, 370, 375, 388, 391, 394, 396, 402, 410, 411, 412, 413, 415, 416, 417, 418, 419, 425, 429, 431, 433, 435, 437, 440, 441, 442, 443, 451, 452, 456, 457, 458, 460, 461, 464, 471, 473, 474, 475, 481, 482, 501, 596, 628, 635, 655, 675, 693, 716, 720, 725, 771, 775, 793, 796, 797, 811, 817, 818, 820, 825, 838, 841, 844, 846, 851, 857, 861, 862, 863, 864, 866, 867, 868, 870, 871, 877, 881, 883, 885, 888, 891, 892, 893, 898, 899, 904, 905, 907, 908, 911, 918, 920, 921, 922, 923, 924, 926, 931, 933]","[31, 142, 147, 180, 338, 352, 367, 387, 403, 405, 408, 410, 455, 465, 466, 468, 470, 472, 473, 483, 484, 514, 613, 618, 651, 794, 807, 837, 852, 854, 858, 861, 902, 912, 913, 915, 917, 919, 920, 931, 934, 935]","[31, 142, 147, 180, 338, 352, 367, 387, 403, 405, 408, 410, 455, 465, 466, 468, 470, 472, 473, 483, 484, 514, 613, 618, 651, 794, 807, 837, 852, 854, 858, 861, 902, 912, 913, 915, 917, 919, 920, 931, 934, 935]",0/6 successful match,False,,False,74,False,,1.0,True,Gas ' N Grub ( Sinclair ),Sinclair
Idaho Falls ( 83402 ) Gas ' N Grub ( Sinclair ),208-529-3686 I-15 Exit 119,<U+25A1> SO <U+25A1> <U+25A1>,Idaho Falls,83402,Gas ' N Grub ( Sinclair ),208-529-3686,2014,Idaho Falls,ID,Sinclair,,I-15 Exit 119,Exit,119,False,,False,I-15,,,,,[],[],[],"[57, 69, 534, 544]",[],"[16, 125, 156, 163, 168, 184, 205, 222, 229, 253, 258, 265, 313, 317, 336, 340, 341, 356, 363, 365, 366, 367, 370, 375, 388, 391, 394, 396, 402, 410, 411, 412, 413, 415, 416, 417, 418, 419, 425, 429, 431, 433, 435, 437, 440, 441, 442, 443, 451, 452, 456, 457, 458, 460, 461, 464, 471, 473, 474, 475, 481, 482, 501, 596, 628, 635, 655, 675, 693, 716, 720, 725, 771, 775, 793, 796, 797, 811, 817, 818, 820, 825, 838, 841, 844, 846, 851, 857, 861, 862, 863, 864, 866, 867, 868, 870, 871, 877, 881, 883, 885, 888, 891, 892, 893, 898, 899, 904, 905, 907, 908, 911, 918, 920, 921, 922, 923, 924, 926, 931, 933]","[31, 142, 147, 180, 338, 352, 367, 387, 403, 405, 408, 410, 455, 465, 466, 468, 470, 472, 473, 483, 484, 514, 613, 618, 651, 794, 807, 837, 852, 854, 858, 861, 902, 912, 913, 915, 917, 919, 920, 931, 934, 935]","[31, 142, 147, 180, 338, 352, 367, 387, 403, 405, 408, 410, 455, 465, 466, 468, 470, 472, 473, 483, 484, 514, 613, 618, 651, 794, 807, 837, 852, 854, 858, 861, 902, 912, 913, 915, 917, 919, 920, 931, 934, 935]","[514, 408, 16, 919, 534, 31, 544, 57, 69, 596, 613, 618, 628, 635, 125, 651, 142, 655, 147, 156, 163, 675, 168, 180, 693, 184, 716, 205, 720, 725, 222, 229, 253, 258, 771, 775, 265, 793, 794, 796, 797, 807, 811, 817, 818, 820, 313, 825, 317, 837, 838, 841, 844, 846, 336, 338, 851, 340, 341, 852, 854, 857, 858, 861, 862, 863, 864, 352, 866, 867, 356, 868, 870, 871, 363, 365, 366, 367, 877, 881, 370, 883, 885, 375, 888, 891, 892, 893, 898, 899, 388, 387, 902, 391, 904, 905, 394, 907, 396, 908, 911, 912, 913, 402, 403, 915, 405, 918, 917, 920, 921, 410, 411, 412, 413, 922, 415, 416, 417, 418, 419, 923, 924, 926, 931, 933, 425, 934, 935, 429, 431, 433, 435, 437, 440, 441, 442, 443, 451, 452, 455, 456, 457, 458, 460, 461, 464, 465, 466, 468, 470, 471, 472, 473, 474, 475, 481, 482, 483, 484, 501]",False,[],[],[],"[57, 69, 534, 544]","[16, 125, 156, 163, 168, 184, 205, 222, 229, 253, 258, 265, 313, 317, 336, 340, 341, 356, 363, 365, 366, 367, 370, 375, 388, 391, 394, 396, 402, 410, 411, 412, 413, 415, 416, 417, 418, 419, 425, 429, 431, 433, 435, 437, 440, 441, 442, 443, 451, 452, 456, 457, 458, 460, 461, 464, 471, 473, 474, 475, 481, 482, 501, 596, 628, 635, 655, 675, 693, 716, 720, 725, 771, 775, 793, 796, 797, 811, 817, 818, 820, 825, 838, 841, 844, 846, 851, 857, 861, 862, 863, 864, 866, 867, 868, 870, 871, 877, 881, 883, 885, 888, 891, 892, 893, 898, 899, 904, 905, 907, 908, 911, 918, 920, 921, 922, 923, 924, 926, 931, 933]","[31, 142, 147, 180, 338, 352, 367, 387, 403, 405, 408, 410, 455, 465, 466, 468, 470, 472, 473, 483, 484, 514, 613, 618, 651, 794, 807, 837, 852, 854, 858, 861, 902, 912, 913, 915, 917, 919, 920, 931, 934, 935]","[31, 142, 147, 180, 338, 352, 367, 387, 403, 405, 408, 410, 455, 465, 466, 468, 470, 472, 473, 483, 484, 514, 613, 618, 651, 794, 807, 837, 852, 854, 858, 861, 902, 912, 913, 915, 917, 919, 920, 931, 934, 935]",0/6 successful match,False,,False,74,False,,1.0,True,Gas ' N Grub ( Sinclair ),Sinclair
Idaho Falls ( 83402 ) Gas Exit ' N Grub 118 ( ( Broadway Sinclair ) ),208-529-3686 I-15 Exit 119,SO <U+2610> <U+25A1> <U+25A1> D,Idaho Falls,83402,Gas Exit ' N Grub 118 ( ( Broadway Sinclair ) ),208-529-3686,2015,Idaho Falls,ID,Sinclair,,I-15 Exit 119,Exit,119,False,,False,I-15,,,,,[],[],[],"[57, 69, 534, 544]",[],"[16, 125, 156, 163, 168, 184, 205, 222, 229, 253, 258, 265, 313, 317, 336, 340, 341, 356, 363, 365, 366, 367, 370, 375, 388, 391, 394, 396, 402, 410, 411, 412, 413, 415, 416, 417, 418, 419, 425, 429, 431, 433, 435, 437, 440, 441, 442, 443, 451, 452, 456, 457, 458, 460, 461, 464, 471, 473, 474, 475, 481, 482, 501, 596, 628, 635, 655, 675, 693, 716, 720, 725, 771, 775, 793, 796, 797, 811, 817, 818, 820, 825, 838, 841, 844, 846, 851, 857, 861, 862, 863, 864, 866, 867, 868, 870, 871, 877, 881, 883, 885, 888, 891, 892, 893, 898, 899, 904, 905, 907, 908, 911, 918, 920, 921, 922, 923, 924, 926, 931, 933]","[31, 142, 147, 180, 338, 352, 367, 387, 403, 405, 408, 410, 455, 465, 466, 468, 470, 472, 473, 483, 484, 514, 613, 618, 651, 794, 807, 837, 852, 854, 858, 861, 902, 912, 913, 915, 917, 919, 920, 931, 934, 935]","[31, 132, 142, 147, 180, 286, 338, 352, 367, 387, 403, 405, 408, 410, 455, 465, 466, 468, 470, 472, 473, 483, 484, 514, 603, 613, 618, 651, 745, 794, 807, 837, 852, 854, 858, 861, 902, 912, 913, 915, 917, 919, 920, 931, 934, 935]","[514, 408, 16, 919, 534, 31, 544, 57, 69, 596, 603, 613, 618, 628, 635, 125, 132, 651, 142, 655, 147, 156, 163, 675, 168, 180, 693, 184, 716, 205, 720, 725, 222, 229, 745, 253, 258, 771, 775, 265, 793, 794, 796, 797, 286, 807, 811, 817, 818, 820, 313, 825, 317, 837, 838, 841, 844, 846, 336, 338, 851, 340, 341, 852, 854, 857, 858, 861, 862, 863, 864, 352, 866, 867, 356, 868, 870, 871, 363, 365, 366, 367, 877, 881, 370, 883, 885, 375, 888, 891, 892, 893, 898, 899, 388, 387, 902, 391, 904, 905, 394, 907, 396, 908, 911, 912, 913, 402, 403, 915, 405, 918, 917, 920, 921, 410, 411, 412, 413, 922, 415, 416, 417, 418, 419, 923, 924, 926, 931, 933, 425, 934, 935, 429, 431, 433, 435, 437, 440, 441, 442, 443, 451, 452, 455, 456, 457, 458, 460, 461, 464, 465, 466, 468, 470, 471, 472, 473, 474, 475, 481, 482, 483, 484, 501]",False,[],[],[],"[57, 69, 534, 544]","[16, 125, 156, 163, 168, 184, 205, 222, 229, 253, 258, 265, 313, 317, 336, 340, 341, 356, 363, 365, 366, 367, 370, 375, 388, 391, 394, 396, 402, 410, 411, 412, 413, 415, 416, 417, 418, 419, 425, 429, 431, 433, 435, 437, 440, 441, 442, 443, 451, 452, 456, 457, 458, 460, 461, 464, 471, 473, 474, 475, 481, 482, 501, 596, 628, 635, 655, 675, 693, 716, 720, 725, 771, 775, 793, 796, 797, 811, 817, 818, 820, 825, 838, 841, 844, 846, 851, 857, 861, 862, 863, 864, 866, 867, 868, 870, 871, 877, 881, 883, 885, 888, 891, 892, 893, 898, 899, 904, 905, 907, 908, 911, 918, 920, 921, 922, 923, 924, 926, 931, 933]","[31, 132, 142, 147, 180, 286, 338, 352, 367, 387, 403, 405, 408, 410, 455, 465, 466, 468, 470, 472, 473, 483, 484, 514, 603, 613, 618, 651, 745, 794, 807, 837, 852, 854, 858, 861, 902, 912, 913, 915, 917, 919, 920, 931, 934, 935]","[31, 142, 147, 180, 338, 352, 367, 387, 403, 405, 408, 410, 455, 465, 466, 468, 470, 472, 473, 483, 484, 514, 613, 618, 651, 794, 807, 837, 852, 854, 858, 861, 902, 912, 913, 915, 917, 919, 920, 931, 934, 935]",0/6 successful match,False,,False,74,False,,0.9083333333333333,True,Gas ' N Grub ( Sinclair ),Sinclair
Idaho Falls ( 83402 ) Gas ' N Grub ( Sinclair ),6 208-529-3686 I-15 Exit 119,<U+2610> S <U+25A1> <U+25A1> <U+25A1>,Idaho Falls,83402,Gas ' N Grub ( Sinclair ),208-529-3686,2016,Idaho Falls,ID,Sinclair,,I-15 Exit 119,Exit,119,False,,False,I-15,,,,,[],[],[],"[57, 69, 534, 544]",[],"[16, 125, 156, 163, 168, 184, 205, 222, 229, 253, 258, 265, 313, 317, 336, 340, 341, 356, 363, 365, 366, 367, 370, 375, 388, 391, 394, 396, 402, 410, 411, 412, 413, 415, 416, 417, 418, 419, 425, 429, 431, 433, 435, 437, 440, 441, 442, 443, 451, 452, 456, 457, 458, 460, 461, 464, 471, 473, 474, 475, 481, 482, 501, 596, 628, 635, 655, 675, 693, 716, 720, 725, 771, 775, 793, 796, 797, 811, 817, 818, 820, 825, 838, 841, 844, 846, 851, 857, 861, 862, 863, 864, 866, 867, 868, 870, 871, 877, 881, 883, 885, 888, 891, 892, 893, 898, 899, 904, 905, 907, 908, 911, 918, 920, 921, 922, 923, 924, 926, 931, 933]","[31, 142, 147, 180, 338, 352, 367, 387, 403, 405, 408, 410, 455, 465, 466, 468, 470, 472, 473, 483, 484, 514, 613, 618, 651, 794, 807, 837, 852, 854, 858, 861, 902, 912, 913, 915, 917, 919, 920, 931, 934, 935]","[31, 142, 147, 180, 338, 352, 367, 387, 403, 405, 408, 410, 455, 465, 466, 468, 470, 472, 473, 483, 484, 514, 613, 618, 651, 794, 807, 837, 852, 854, 858, 861, 902, 912, 913, 915, 917, 919, 920, 931, 934, 935]","[514, 408, 16, 919, 534, 31, 544, 57, 69, 596, 613, 618, 628, 635, 125, 651, 142, 655, 147, 156, 163, 675, 168, 180, 693, 184, 716, 205, 720, 725, 222, 229, 253, 258, 771, 775, 265, 793, 794, 796, 797, 807, 811, 817, 818, 820, 313, 825, 317, 837, 838, 841, 844, 846, 336, 338, 851, 340, 341, 852, 854, 857, 858, 861, 862, 863, 864, 352, 866, 867, 356, 868, 870, 871, 363, 365, 366, 367, 877, 881, 370, 883, 885, 375, 888, 891, 892, 893, 898, 899, 388, 387, 902, 391, 904, 905, 394, 907, 396, 908, 911, 912, 913, 402, 403, 915, 405, 918, 917, 920, 921, 410, 411, 412, 413, 922, 415, 416, 417, 418, 419, 923, 924, 926, 931, 933, 425, 934, 935, 429, 431, 433, 435, 437, 440, 441, 442, 443, 451, 452, 455, 456, 457, 458, 460, 461, 464, 465, 466, 468, 470, 471, 472, 473, 474, 475, 481, 482, 483, 484, 501]",False,[],[],[],"[57, 69, 534, 544]","[16, 125, 156, 163, 168, 184, 205, 222, 229, 253, 258, 265, 313, 317, 336, 340, 341, 356, 363, 365, 366, 367, 370, 375, 388, 391, 394, 396, 402, 410, 411, 412, 413, 415, 416, 417, 418, 419, 425, 429, 431, 433, 435, 437, 440, 441, 442, 443, 451, 452, 456, 457, 458, 460, 461, 464, 471, 473, 474, 475, 481, 482, 501, 596, 628, 635, 655, 675, 693, 716, 720, 725, 771, 775, 793, 796, 797, 811, 817, 818, 820, 825, 838, 841, 844, 846, 851, 857, 861, 862, 863, 864, 866, 867, 868, 870, 871, 877, 881, 883, 885, 888, 891, 892, 893, 898, 899, 904, 905, 907, 908, 911, 918, 920, 921, 922, 923, 924, 926, 931, 933]","[31, 142, 147, 180, 338, 352, 367, 387, 403, 405, 408, 410, 455, 465, 466, 468, 470, 472, 473, 483, 484, 514, 613, 618, 651, 794, 807, 837, 852, 854, 858, 861, 902, 912, 913, 915, 917, 919, 920, 931, 934, 935]","[31, 142, 147, 180, 338, 352, 367, 387, 403, 405, 408, 410, 455, 465, 466, 468, 470, 472, 473, 483, 484, 514, 613, 618, 651, 794, 807, 837, 852, 854, 858, 861, 902, 912, 913, 915, 917, 919, 920, 931, 934, 935]",0/6 successful match,False,,False,74,False,,0.9083333333333333,True,Gas Exit ' N Grub 118 ( ( Broadway Sinclair ) ),Sinclair
"Dubois , 83423 Clark County True Value 22 )",208-374-5381 I-15 Exit 167 ( ( 66 ),M,Dubois,83423,Clark County True Value 22 ),208-374-5381,2006,Dubois,ID,,( ( 66 ),I-15 Exit 167 ,Exit,167,False,,False,I-15,,,,,[],[],[],"[319, 452, 473, 777, 899, 920]",[],"[16, 125, 156, 163, 168, 184, 205, 222, 229, 253, 258, 265, 313, 317, 336, 340, 341, 356, 363, 365, 366, 367, 370, 375, 388, 391, 394, 396, 402, 410, 411, 412, 413, 415, 416, 417, 418, 419, 425, 429, 431, 433, 435, 437, 440, 441, 442, 443, 451, 452, 456, 457, 458, 460, 461, 464, 471, 473, 474, 475, 481, 482, 501, 596, 628, 635, 655, 675, 693, 716, 720, 725, 771, 775, 793, 796, 797, 811, 817, 818, 820, 825, 838, 841, 844, 846, 851, 857, 861, 862, 863, 864, 866, 867, 868, 870, 871, 877, 881, 883, 885, 888, 891, 892, 893, 898, 899, 904, 905, 907, 908, 911, 918, 920, 921, 922, 923, 924, 926, 931, 933]",[],"[142, 613]","[16, 596, 613, 628, 635, 125, 142, 655, 156, 163, 675, 168, 693, 184, 716, 205, 720, 725, 222, 229, 253, 258, 771, 775, 777, 265, 793, 796, 797, 811, 817, 818, 820, 313, 825, 317, 319, 838, 841, 844, 846, 336, 851, 340, 341, 857, 861, 862, 863, 864, 866, 867, 356, 868, 870, 871, 363, 365, 366, 367, 877, 881, 370, 883, 885, 375, 888, 891, 892, 893, 898, 899, 388, 391, 904, 905, 394, 907, 396, 908, 911, 402, 918, 920, 921, 410, 411, 412, 413, 922, 415, 416, 417, 418, 419, 923, 924, 926, 931, 933, 425, 429, 431, 433, 435, 437, 440, 441, 442, 443, 451, 452, 456, 457, 458, 460, 461, 464, 471, 473, 474, 475, 481, 482, 501]",False,[],[],[],"[319, 452, 473, 777, 899, 920]","[16, 125, 156, 163, 168, 184, 205, 222, 229, 253, 258, 265, 313, 317, 336, 340, 341, 356, 363, 365, 366, 367, 370, 375, 388, 391, 394, 396, 402, 410, 411, 412, 413, 415, 416, 417, 418, 419, 425, 429, 431, 433, 435, 437, 440, 441, 442, 443, 451, 452, 456, 457, 458, 460, 461, 464, 471, 473, 474, 475, 481, 482, 501, 596, 628, 635, 655, 675, 693, 716, 720, 725, 771, 775, 793, 796, 797, 811, 817, 818, 820, 825, 838, 841, 844, 846, 851, 857, 861, 862, 863, 864, 866, 867, 868, 870, 871, 877, 881, 883, 885, 888, 891, 892, 893, 898, 899, 904, 905, 907, 908, 911, 918, 920, 921, 922, 923, 924, 926, 931, 933]","[142, 613]",[],0/6 successful match,False,,False,75,False,,,,,
"Dubois , 83423 Clark County True Value ( 66 )",6 208-374-5381 I-15 Exit 167 ( Main St ),M,Dubois,83423,Clark County True Value ( 66 ),208-374-5381,2007,Dubois,ID,,( Main St ),I-15 Exit 167 ,Exit,167,False,,False,I-15,,,,,[],[],[],"[319, 452, 473, 777, 899, 920]",[],"[16, 125, 156, 163, 168, 184, 205, 222, 229, 253, 258, 265, 313, 317, 336, 340, 341, 356, 363, 365, 366, 367, 370, 375, 388, 391, 394, 396, 402, 410, 411, 412, 413, 415, 416, 417, 418, 419, 425, 429, 431, 433, 435, 437, 440, 441, 442, 443, 451, 452, 456, 457, 458, 460, 461, 464, 471, 473, 474, 475, 481, 482, 501, 596, 628, 635, 655, 675, 693, 716, 720, 725, 771, 775, 793, 796, 797, 811, 817, 818, 820, 825, 838, 841, 844, 846, 851, 857, 861, 862, 863, 864, 866, 867, 868, 870, 871, 877, 881, 883, 885, 888, 891, 892, 893, 898, 899, 904, 905, 907, 908, 911, 918, 920, 921, 922, 923, 924, 926, 931, 933]",[],"[142, 401, 402, 424, 427, 464, 469, 613, 850, 851, 876, 879, 911, 916]","[16, 596, 613, 628, 635, 125, 142, 655, 156, 163, 675, 168, 693, 184, 716, 205, 720, 725, 222, 229, 253, 258, 771, 775, 777, 265, 793, 796, 797, 811, 817, 818, 820, 313, 825, 317, 319, 838, 841, 844, 846, 336, 850, 851, 340, 341, 857, 861, 862, 863, 864, 866, 867, 356, 868, 870, 871, 363, 876, 365, 366, 367, 877, 881, 370, 883, 879, 885, 375, 888, 891, 892, 893, 898, 899, 388, 391, 904, 905, 394, 907, 396, 908, 911, 401, 402, 916, 918, 920, 921, 410, 411, 412, 413, 922, 415, 416, 417, 418, 419, 923, 924, 926, 931, 933, 425, 424, 427, 429, 431, 433, 435, 437, 440, 441, 442, 443, 451, 452, 456, 457, 458, 460, 461, 464, 469, 471, 473, 474, 475, 481, 482, 501]",False,[],[],[],"[319, 452, 473, 777, 899, 920]","[16, 125, 156, 163, 168, 184, 205, 222, 229, 253, 258, 265, 313, 317, 336, 340, 341, 356, 363, 365, 366, 367, 370, 375, 388, 391, 394, 396, 402, 410, 411, 412, 413, 415, 416, 417, 418, 419, 425, 429, 431, 433, 435, 437, 440, 441, 442, 443, 451, 452, 456, 457, 458, 460, 461, 464, 471, 473, 474, 475, 481, 482, 501, 596, 628, 635, 655, 675, 693, 716, 720, 725, 771, 775, 793, 796, 797, 811, 817, 818, 820, 825, 838, 841, 844, 846, 851, 857, 861, 862, 863, 864, 866, 867, 868, 870, 871, 877, 881, 883, 885, 888, 891, 892, 893, 898, 899, 904, 905, 907, 908, 911, 918, 920, 921, 922, 923, 924, 926, 931, 933]","[142, 401, 402, 424, 427, 464, 469, 613, 850, 851, 876, 879, 911, 916]",[],0/6 successful match,False,,False,75,False,,1.0,True,Clark County True Value 22 ),
"Dubois , 83423 Ike's 66",61208-374-5381 I-15 Exit 167 ( Main St ),24 S DO,Dubois,83423,Ike's 66,208-374-5381,2008,Dubois,ID,,( Main St ),I-15 Exit 167 ,Exit,167,False,,False,I-15,,,,,[],[],[],"[319, 452, 473, 777, 899, 920]",[],"[16, 125, 156, 163, 168, 184, 205, 222, 229, 253, 258, 265, 313, 317, 336, 340, 341, 356, 363, 365, 366, 367, 370, 375, 388, 391, 394, 396, 402, 410, 411, 412, 413, 415, 416, 417, 418, 419, 425, 429, 431, 433, 435, 437, 440, 441, 442, 443, 451, 452, 456, 457, 458, 460, 461, 464, 471, 473, 474, 475, 481, 482, 501, 596, 628, 635, 655, 675, 693, 716, 720, 725, 771, 775, 793, 796, 797, 811, 817, 818, 820, 825, 838, 841, 844, 846, 851, 857, 861, 862, 863, 864, 866, 867, 868, 870, 871, 877, 881, 883, 885, 888, 891, 892, 893, 898, 899, 904, 905, 907, 908, 911, 918, 920, 921, 922, 923, 924, 926, 931, 933]",[],"[401, 402, 424, 427, 464, 469, 850, 851, 876, 879, 911, 916]","[16, 596, 628, 635, 125, 655, 156, 163, 675, 168, 693, 184, 716, 205, 720, 725, 222, 229, 253, 258, 771, 775, 777, 265, 793, 796, 797, 811, 817, 818, 820, 313, 825, 317, 319, 838, 841, 844, 846, 336, 850, 851, 340, 341, 857, 861, 862, 863, 864, 866, 867, 356, 868, 870, 871, 363, 876, 365, 366, 367, 877, 881, 370, 883, 879, 885, 375, 888, 891, 892, 893, 898, 899, 388, 391, 904, 905, 394, 907, 396, 908, 911, 401, 402, 916, 918, 920, 921, 410, 411, 412, 413, 922, 415, 416, 417, 418, 419, 923, 924, 926, 931, 933, 425, 424, 427, 429, 431, 433, 435, 437, 440, 441, 442, 443, 451, 452, 456, 457, 458, 460, 461, 464, 469, 471, 473, 474, 475, 481, 482, 501]",False,[],[],[],"[319, 452, 473, 777, 899, 920]","[16, 125, 156, 163, 168, 184, 205, 222, 229, 253, 258, 265, 313, 317, 336, 340, 341, 356, 363, 365, 366, 367, 370, 375, 388, 391, 394, 396, 402, 410, 411, 412, 413, 415, 416, 417, 418, 419, 425, 429, 431, 433, 435, 437, 440, 441, 442, 443, 451, 452, 456, 457, 458, 460, 461, 464, 471, 473, 474, 475, 481, 482, 501, 596, 628, 635, 655, 675, 693, 716, 720, 725, 771, 775, 793, 796, 797, 811, 817, 818, 820, 825, 838, 841, 844, 846, 851, 857, 861, 862, 863, 864, 866, 867, 868, 870, 871, 877, 881, 883, 885, 888, 891, 892, 893, 898, 899, 904, 905, 907, 908, 911, 918, 920, 921, 922, 923, 924, 926, 931, 933]","[401, 402, 424, 427, 464, 469, 850, 851, 876, 879, 911, 916]",[],0/6 successful match,False,,False,75,False,,0.3456140350877193,True,Clark County True Value ( 66 ),
G Dubois ( 83423 ) Ike's 66,208-374-5381 I-15 Exit 167 ( Main St ),<U+2610> M <U+2610>,Dubois,83423,Ike's 66,208-374-5381,2014,Dubois,ID,,( Main St ),I-15 Exit 167 ,Exit,167,False,,False,I-15,,,,,[],[],[],"[319, 452, 473, 777, 899, 920]",[],"[16, 125, 156, 163, 168, 184, 205, 222, 229, 253, 258, 265, 313, 317, 336, 340, 341, 356, 363, 365, 366, 367, 370, 375, 388, 391, 394, 396, 402, 410, 411, 412, 413, 415, 416, 417, 418, 419, 425, 429, 431, 433, 435, 437, 440, 441, 442, 443, 451, 452, 456, 457, 458, 460, 461, 464, 471, 473, 474, 475, 481, 482, 501, 596, 628, 635, 655, 675, 693, 716, 720, 725, 771, 775, 793, 796, 797, 811, 817, 818, 820, 825, 838, 841, 844, 846, 851, 857, 861, 862, 863, 864, 866, 867, 868, 870, 871, 877, 881, 883, 885, 888, 891, 892, 893, 898, 899, 904, 905, 907, 908, 911, 918, 920, 921, 922, 923, 924, 926, 931, 933]",[],"[401, 402, 424, 427, 464, 469, 850, 851, 876, 879, 911, 916]","[16, 596, 628, 635, 125, 655, 156, 163, 675, 168, 693, 184, 716, 205, 720, 725, 222, 229, 253, 258, 771, 775, 777, 265, 793, 796, 797, 811, 817, 818, 820, 313, 825, 317, 319, 838, 841, 844, 846, 336, 850, 851, 340, 341, 857, 861, 862, 863, 864, 866, 867, 356, 868, 870, 871, 363, 876, 365, 366, 367, 877, 881, 370, 883, 879, 885, 375, 888, 891, 892, 893, 898, 899, 388, 391, 904, 905, 394, 907, 396, 908, 911, 401, 402, 916, 918, 920, 921, 410, 411, 412, 413, 922, 415, 416, 417, 418, 419, 923, 924, 926, 931, 933, 425, 424, 427, 429, 431, 433, 435, 437, 440, 441, 442, 443, 451, 452, 456, 457, 458, 460, 461, 464, 469, 471, 473, 474, 475, 481, 482, 501]",False,[],[],[],"[319, 452, 473, 777, 899, 920]","[16, 125, 156, 163, 168, 184, 205, 222, 229, 253, 258, 265, 313, 317, 336, 340, 341, 356, 363, 365, 366, 367, 370, 375, 388, 391, 394, 396, 402, 410, 411, 412, 413, 415, 416, 417, 418, 419, 425, 429, 431, 433, 435, 437, 440, 441, 442, 443, 451, 452, 456, 457, 458, 460, 461, 464, 471, 473, 474, 475, 481, 482, 501, 596, 628, 635, 655, 675, 693, 716, 720, 725, 771, 775, 793, 796, 797, 811, 817, 818, 820, 825, 838, 841, 844, 846, 851, 857, 861, 862, 863, 864, 866, 867, 868, 870, 871, 877, 881, 883, 885, 888, 891, 892, 893, 898, 899, 904, 905, 907, 908, 911, 918, 920, 921, 922, 923, 924, 926, 931, 933]","[401, 402, 424, 427, 464, 469, 850, 851, 876, 879, 911, 916]",[],0/6 successful match,False,,False,75,False,,1.0,True,Ike's 66,
Dubois ( 83423 ) Ike's 66,208-374-5381 I-15 Exit 167 ( Main ),<U+25A1> M 11 <U+2610>,Dubois,83423,Ike's 66,208-374-5381,2015,Dubois,ID,,( Main ),I-15 Exit 167 ,Exit,167,False,,False,I-15,,,,,[],[],[],"[319, 452, 473, 777, 899, 920]",[],"[16, 125, 156, 163, 168, 184, 205, 222, 229, 253, 258, 265, 313, 317, 336, 340, 341, 356, 363, 365, 366, 367, 370, 375, 388, 391, 394, 396, 402, 410, 411, 412, 413, 415, 416, 417, 418, 419, 425, 429, 431, 433, 435, 437, 440, 441, 442, 443, 451, 452, 456, 457, 458, 460, 461, 464, 471, 473, 474, 475, 481, 482, 501, 596, 628, 635, 655, 675, 693, 716, 720, 725, 771, 775, 793, 796, 797, 811, 817, 818, 820, 825, 838, 841, 844, 846, 851, 857, 861, 862, 863, 864, 866, 867, 868, 870, 871, 877, 881, 883, 885, 888, 891, 892, 893, 898, 899, 904, 905, 907, 908, 911, 918, 920, 921, 922, 923, 924, 926, 931, 933]",[],"[401, 402, 424, 427, 464, 469, 850, 851, 876, 879, 911, 916]","[16, 596, 628, 635, 125, 655, 156, 163, 675, 168, 693, 184, 716, 205, 720, 725, 222, 229, 253, 258, 771, 775, 777, 265, 793, 796, 797, 811, 817, 818, 820, 313, 825, 317, 319, 838, 841, 844, 846, 336, 850, 851, 340, 341, 857, 861, 862, 863, 864, 866, 867, 356, 868, 870, 871, 363, 876, 365, 366, 367, 877, 881, 370, 883, 879, 885, 375, 888, 891, 892, 893, 898, 899, 388, 391, 904, 905, 394, 907, 396, 908, 911, 401, 402, 916, 918, 920, 921, 410, 411, 412, 413, 922, 415, 416, 417, 418, 419, 923, 924, 926, 931, 933, 425, 424, 427, 429, 431, 433, 435, 437, 440, 441, 442, 443, 451, 452, 456, 457, 458, 460, 461, 464, 469, 471, 473, 474, 475, 481, 482, 501]",False,[],[],[],"[319, 452, 473, 777, 899, 920]","[16, 125, 156, 163, 168, 184, 205, 222, 229, 253, 258, 265, 313, 317, 336, 340, 341, 356, 363, 365, 366, 367, 370, 375, 388, 391, 394, 396, 402, 410, 411, 412, 413, 415, 416, 417, 418, 419, 425, 429, 431, 433, 435, 437, 440, 441, 442, 443, 451, 452, 456, 457, 458, 460, 461, 464, 471, 473, 474, 475, 481, 482, 501, 596, 628, 635, 655, 675, 693, 716, 720, 725, 771, 775, 793, 796, 797, 811, 817, 818, 820, 825, 838, 841, 844, 846, 851, 857, 861, 862, 863, 864, 866, 867, 868, 870, 871, 877, 881, 883, 885, 888, 891, 892, 893, 898, 899, 904, 905, 907, 908, 911, 918, 920, 921, 922, 923, 924, 926, 931, 933]","[401, 402, 424, 427, 464, 469, 850, 851, 876, 879, 911, 916]",[],0/6 successful match,False,,False,75,False,,1.0,True,Ike's 66,
Dubois ( 83423 ) Ike's 66,208-374-5381 I-15 Exit 167 ( Main St ),<U+2610> M <U+25A1>,Dubois,83423,Ike's 66,208-374-5381,2016,Dubois,ID,,( Main St ),I-15 Exit 167 ,Exit,167,False,,False,I-15,,,,,[],[],[],"[319, 452, 473, 777, 899, 920]",[],"[16, 125, 156, 163, 168, 184, 205, 222, 229, 253, 258, 265, 313, 317, 336, 340, 341, 356, 363, 365, 366, 367, 370, 375, 388, 391, 394, 396, 402, 410, 411, 412, 413, 415, 416, 417, 418, 419, 425, 429, 431, 433, 435, 437, 440, 441, 442, 443, 451, 452, 456, 457, 458, 460, 461, 464, 471, 473, 474, 475, 481, 482, 501, 596, 628, 635, 655, 675, 693, 716, 720, 725, 771, 775, 793, 796, 797, 811, 817, 818, 820, 825, 838, 841, 844, 846, 851, 857, 861, 862, 863, 864, 866, 867, 868, 870, 871, 877, 881, 883, 885, 888, 891, 892, 893, 898, 899, 904, 905, 907, 908, 911, 918, 920, 921, 922, 923, 924, 926, 931, 933]",[],"[401, 402, 424, 427, 464, 469, 850, 851, 876, 879, 911, 916]","[16, 596, 628, 635, 125, 655, 156, 163, 675, 168, 693, 184, 716, 205, 720, 725, 222, 229, 253, 258, 771, 775, 777, 265, 793, 796, 797, 811, 817, 818, 820, 313, 825, 317, 319, 838, 841, 844, 846, 336, 850, 851, 340, 341, 857, 861, 862, 863, 864, 866, 867, 356, 868, 870, 871, 363, 876, 365, 366, 367, 877, 881, 370, 883, 879, 885, 375, 888, 891, 892, 893, 898, 899, 388, 391, 904, 905, 394, 907, 396, 908, 911, 401, 402, 916, 918, 920, 921, 410, 411, 412, 413, 922, 415, 416, 417, 418, 419, 923, 924, 926, 931, 933, 425, 424, 427, 429, 431, 433, 435, 437, 440, 441, 442, 443, 451, 452, 456, 457, 458, 460, 461, 464, 469, 471, 473, 474, 475, 481, 482, 501]",False,[],[],[],"[319, 452, 473, 777, 899, 920]","[16, 125, 156, 163, 168, 184, 205, 222, 229, 253, 258, 265, 313, 317, 336, 340, 341, 356, 363, 365, 366, 367, 370, 375, 388, 391, 394, 396, 402, 410, 411, 412, 413, 415, 416, 417, 418, 419, 425, 429, 431, 433, 435, 437, 440, 441, 442, 443, 451, 452, 456, 457, 458, 460, 461, 464, 471, 473, 474, 475, 481, 482, 501, 596, 628, 635, 655, 675, 693, 716, 720, 725, 771, 775, 793, 796, 797, 811, 817, 818, 820, 825, 838, 841, 844, 846, 851, 857, 861, 862, 863, 864, 866, 867, 868, 870, 871, 877, 881, 883, 885, 888, 891, 892, 893, 898, 899, 904, 905, 907, 908, 911, 918, 920, 921, 922, 923, 924, 926, 931, 933]","[401, 402, 424, 427, 464, 469, 850, 851, 876, 879, 911, 916]",[],0/6 successful match,False,,False,75,False,,1.0,True,Ike's 66,
"Roberts , 83444 Teton Truck Stop ( Tesoro )",208-228-6011 I-15 Exit 135,,Roberts,83444,Teton Truck Stop ( Tesoro ),208-228-6011,2006,Roberts,ID,Tesoro,,I-15 Exit 135,Exit,135,False,,False,I-15,,,,,[],[],[],"[46, 457, 526]",[],"[16, 125, 156, 163, 168, 184, 205, 222, 229, 253, 258, 265, 313, 317, 336, 340, 341, 356, 363, 365, 366, 367, 370, 375, 388, 391, 394, 396, 402, 410, 411, 412, 413, 415, 416, 417, 418, 419, 425, 429, 431, 433, 435, 437, 440, 441, 442, 443, 451, 452, 456, 457, 458, 460, 461, 464, 471, 473, 474, 475, 481, 482, 501, 596, 628, 635, 655, 675, 693, 716, 720, 725, 771, 775, 793, 796, 797, 811, 817, 818, 820, 825, 838, 841, 844, 846, 851, 857, 861, 862, 863, 864, 866, 867, 868, 870, 871, 877, 881, 883, 885, 888, 891, 892, 893, 898, 899, 904, 905, 907, 908, 911, 918, 920, 921, 922, 923, 924, 926, 931, 933]","[296, 409, 755, 859]","[296, 409, 755, 859]","[409, 526, 16, 46, 596, 628, 635, 125, 655, 156, 163, 675, 168, 693, 184, 716, 205, 720, 725, 222, 229, 755, 253, 258, 771, 775, 265, 793, 796, 797, 296, 811, 817, 818, 820, 313, 825, 317, 838, 841, 844, 846, 336, 851, 340, 341, 857, 859, 861, 862, 863, 864, 866, 867, 356, 868, 870, 871, 363, 365, 366, 367, 877, 881, 370, 883, 885, 375, 888, 891, 892, 893, 898, 899, 388, 391, 904, 905, 394, 907, 396, 908, 911, 402, 918, 920, 921, 410, 411, 412, 413, 922, 415, 416, 417, 418, 419, 923, 924, 926, 931, 933, 425, 429, 431, 433, 435, 437, 440, 441, 442, 443, 451, 452, 456, 457, 458, 460, 461, 464, 471, 473, 474, 475, 481, 482, 501]",False,[],[],[],"[46, 457, 526]","[16, 125, 156, 163, 168, 184, 205, 222, 229, 253, 258, 265, 313, 317, 336, 340, 341, 356, 363, 365, 366, 367, 370, 375, 388, 391, 394, 396, 402, 410, 411, 412, 413, 415, 416, 417, 418, 419, 425, 429, 431, 433, 435, 437, 440, 441, 442, 443, 451, 452, 456, 457, 458, 460, 461, 464, 471, 473, 474, 475, 481, 482, 501, 596, 628, 635, 655, 675, 693, 716, 720, 725, 771, 775, 793, 796, 797, 811, 817, 818, 820, 825, 838, 841, 844, 846, 851, 857, 861, 862, 863, 864, 866, 867, 868, 870, 871, 877, 881, 883, 885, 888, 891, 892, 893, 898, 899, 904, 905, 907, 908, 911, 918, 920, 921, 922, 923, 924, 926, 931, 933]","[296, 409, 755, 859]","[296, 409, 755, 859]",0/6 successful match,False,,False,76,False,,,,,
"Roberts , 83444 Teton Truck Stop ( Tesoro )",208-228-6011 I-15 Exit 135,S = O,Roberts,83444,Teton Truck Stop ( Tesoro ),208-228-6011,2007,Roberts,ID,Tesoro,,I-15 Exit 135,Exit,135,False,,False,I-15,,,,,[],[],[],"[46, 457, 526]",[],"[16, 125, 156, 163, 168, 184, 205, 222, 229, 253, 258, 265, 313, 317, 336, 340, 341, 356, 363, 365, 366, 367, 370, 375, 388, 391, 394, 396, 402, 410, 411, 412, 413, 415, 416, 417, 418, 419, 425, 429, 431, 433, 435, 437, 440, 441, 442, 443, 451, 452, 456, 457, 458, 460, 461, 464, 471, 473, 474, 475, 481, 482, 501, 596, 628, 635, 655, 675, 693, 716, 720, 725, 771, 775, 793, 796, 797, 811, 817, 818, 820, 825, 838, 841, 844, 846, 851, 857, 861, 862, 863, 864, 866, 867, 868, 870, 871, 877, 881, 883, 885, 888, 891, 892, 893, 898, 899, 904, 905, 907, 908, 911, 918, 920, 921, 922, 923, 924, 926, 931, 933]","[296, 409, 755, 859]","[296, 409, 755, 859]","[409, 526, 16, 46, 596, 628, 635, 125, 655, 156, 163, 675, 168, 693, 184, 716, 205, 720, 725, 222, 229, 755, 253, 258, 771, 775, 265, 793, 796, 797, 296, 811, 817, 818, 820, 313, 825, 317, 838, 841, 844, 846, 336, 851, 340, 341, 857, 859, 861, 862, 863, 864, 866, 867, 356, 868, 870, 871, 363, 365, 366, 367, 877, 881, 370, 883, 885, 375, 888, 891, 892, 893, 898, 899, 388, 391, 904, 905, 394, 907, 396, 908, 911, 402, 918, 920, 921, 410, 411, 412, 413, 922, 415, 416, 417, 418, 419, 923, 924, 926, 931, 933, 425, 429, 431, 433, 435, 437, 440, 441, 442, 443, 451, 452, 456, 457, 458, 460, 461, 464, 471, 473, 474, 475, 481, 482, 501]",False,[],[],[],"[46, 457, 526]","[16, 125, 156, 163, 168, 184, 205, 222, 229, 253, 258, 265, 313, 317, 336, 340, 341, 356, 363, 365, 366, 367, 370, 375, 388, 391, 394, 396, 402, 410, 411, 412, 413, 415, 416, 417, 418, 419, 425, 429, 431, 433, 435, 437, 440, 441, 442, 443, 451, 452, 456, 457, 458, 460, 461, 464, 471, 473, 474, 475, 481, 482, 501, 596, 628, 635, 655, 675, 693, 716, 720, 725, 771, 775, 793, 796, 797, 811, 817, 818, 820, 825, 838, 841, 844, 846, 851, 857, 861, 862, 863, 864, 866, 867, 868, 870, 871, 877, 881, 883, 885, 888, 891, 892, 893, 898, 899, 904, 905, 907, 908, 911, 918, 920, 921, 922, 923, 924, 926, 931, 933]","[296, 409, 755, 859]","[296, 409, 755, 859]",0/6 successful match,False,,False,76,False,,1.0,True,Teton Truck Stop ( Tesoro ),Tesoro
"Roberts , 83444 Teton Truck Stop View Rd N )",6 208-228-6011 I-15 Exit 135 ( Tesoro ),S <U+25A1> <U+2610>,Roberts,83444,Teton Truck Stop View Rd N ),208-228-6011,2008,Roberts,ID,,( Tesoro ),I-15 Exit 135 ,Exit,135,False,,False,I-15,,,,,[],[],[],"[46, 457, 526]",[],"[16, 125, 156, 163, 168, 184, 205, 222, 229, 253, 258, 265, 313, 317, 336, 340, 341, 356, 363, 365, 366, 367, 370, 375, 388, 391, 394, 396, 402, 410, 411, 412, 413, 415, 416, 417, 418, 419, 425, 429, 431, 433, 435, 437, 440, 441, 442, 443, 451, 452, 456, 457, 458, 460, 461, 464, 471, 473, 474, 475, 481, 482, 501, 596, 628, 635, 655, 675, 693, 716, 720, 725, 771, 775, 793, 796, 797, 811, 817, 818, 820, 825, 838, 841, 844, 846, 851, 857, 861, 862, 863, 864, 866, 867, 868, 870, 871, 877, 881, 883, 885, 888, 891, 892, 893, 898, 899, 904, 905, 907, 908, 911, 918, 920, 921, 922, 923, 924, 926, 931, 933]",[],"[230, 694]","[526, 16, 46, 596, 628, 635, 125, 655, 156, 163, 675, 168, 693, 694, 184, 716, 205, 720, 725, 222, 229, 230, 253, 258, 771, 775, 265, 793, 796, 797, 811, 817, 818, 820, 313, 825, 317, 838, 841, 844, 846, 336, 851, 340, 341, 857, 861, 862, 863, 864, 866, 867, 356, 868, 870, 871, 363, 365, 366, 367, 877, 881, 370, 883, 885, 375, 888, 891, 892, 893, 898, 899, 388, 391, 904, 905, 394, 907, 396, 908, 911, 402, 918, 920, 921, 410, 411, 412, 413, 922, 415, 416, 417, 418, 419, 923, 924, 926, 931, 933, 425, 429, 431, 433, 435, 437, 440, 441, 442, 443, 451, 452, 456, 457, 458, 460, 461, 464, 471, 473, 474, 475, 481, 482, 501]",False,[],[],[],"[46, 457, 526]","[16, 125, 156, 163, 168, 184, 205, 222, 229, 253, 258, 265, 313, 317, 336, 340, 341, 356, 363, 365, 366, 367, 370, 375, 388, 391, 394, 396, 402, 410, 411, 412, 413, 415, 416, 417, 418, 419, 425, 429, 431, 433, 435, 437, 440, 441, 442, 443, 451, 452, 456, 457, 458, 460, 461, 464, 471, 473, 474, 475, 481, 482, 501, 596, 628, 635, 655, 675, 693, 716, 720, 725, 771, 775, 793, 796, 797, 811, 817, 818, 820, 825, 838, 841, 844, 846, 851, 857, 861, 862, 863, 864, 866, 867, 868, 870, 871, 877, 881, 883, 885, 888, 891, 892, 893, 898, 899, 904, 905, 907, 908, 911, 918, 920, 921, 922, 923, 924, 926, 931, 933]","[230, 694]",[],0/6 successful match,False,,False,76,False,,0.5624242424242425,True,Teton Truck Stop ( Tesoro ),Tesoro
G Roberts ( 83444 ) Teton Truck Stop ( Exxon ),6 208-228-6011 I-15 Exit 135,<U+2610> <U+2610> S <U+2610> <U+2610>,Roberts,83444,Teton Truck Stop ( Exxon ),208-228-6011,2014,Roberts,ID,Exxon,,I-15 Exit 135,Exit,135,False,,False,I-15,,,,,[],[],[],"[46, 457, 526]",[],"[16, 125, 156, 163, 168, 184, 205, 222, 229, 253, 258, 265, 313, 317, 336, 340, 341, 356, 363, 365, 366, 367, 370, 375, 388, 391, 394, 396, 402, 410, 411, 412, 413, 415, 416, 417, 418, 419, 425, 429, 431, 433, 435, 437, 440, 441, 442, 443, 451, 452, 456, 457, 458, 460, 461, 464, 471, 473, 474, 475, 481, 482, 501, 596, 628, 635, 655, 675, 693, 716, 720, 725, 771, 775, 793, 796, 797, 811, 817, 818, 820, 825, 838, 841, 844, 846, 851, 857, 861, 862, 863, 864, 866, 867, 868, 870, 871, 877, 881, 883, 885, 888, 891, 892, 893, 898, 899, 904, 905, 907, 908, 911, 918, 920, 921, 922, 923, 924, 926, 931, 933]","[398, 399, 400, 848, 849]","[398, 399, 400, 848, 849]","[526, 16, 46, 596, 628, 635, 125, 655, 156, 163, 675, 168, 693, 184, 716, 205, 720, 725, 222, 229, 253, 258, 771, 775, 265, 793, 796, 797, 811, 817, 818, 820, 313, 825, 317, 838, 841, 844, 846, 336, 848, 849, 851, 340, 341, 857, 861, 862, 863, 864, 866, 867, 356, 868, 870, 871, 363, 365, 366, 367, 877, 881, 370, 883, 885, 375, 888, 891, 892, 893, 898, 899, 388, 391, 904, 905, 394, 907, 396, 908, 398, 911, 399, 400, 402, 918, 920, 921, 410, 411, 412, 413, 922, 415, 416, 417, 418, 419, 923, 924, 926, 931, 933, 425, 429, 431, 433, 435, 437, 440, 441, 442, 443, 451, 452, 456, 457, 458, 460, 461, 464, 471, 473, 474, 475, 481, 482, 501]",False,[],[],[],"[46, 457, 526]","[16, 125, 156, 163, 168, 184, 205, 222, 229, 253, 258, 265, 313, 317, 336, 340, 341, 356, 363, 365, 366, 367, 370, 375, 388, 391, 394, 396, 402, 410, 411, 412, 413, 415, 416, 417, 418, 419, 425, 429, 431, 433, 435, 437, 440, 441, 442, 443, 451, 452, 456, 457, 458, 460, 461, 464, 471, 473, 474, 475, 481, 482, 501, 596, 628, 635, 655, 675, 693, 716, 720, 725, 771, 775, 793, 796, 797, 811, 817, 818, 820, 825, 838, 841, 844, 846, 851, 857, 861, 862, 863, 864, 866, 867, 868, 870, 871, 877, 881, 883, 885, 888, 891, 892, 893, 898, 899, 904, 905, 907, 908, 911, 918, 920, 921, 922, 923, 924, 926, 931, 933]","[398, 399, 400, 848, 849]","[398, 399, 400, 848, 849]",0/6 successful match,False,,False,76,False,,0.6333333333333333,True,Teton Truck Stop View Rd N ),
G Roberts ( 83444 ) Teton Truck Stop ( Exxon ),6 208-228-6011 I-15 Exit 135,S <U+25A1>,Roberts,83444,Teton Truck Stop ( Exxon ),208-228-6011,2015,Roberts,ID,Exxon,,I-15 Exit 135,Exit,135,False,,False,I-15,,,,,[],[],[],"[46, 457, 526]",[],"[16, 125, 156, 163, 168, 184, 205, 222, 229, 253, 258, 265, 313, 317, 336, 340, 341, 356, 363, 365, 366, 367, 370, 375, 388, 391, 394, 396, 402, 410, 411, 412, 413, 415, 416, 417, 418, 419, 425, 429, 431, 433, 435, 437, 440, 441, 442, 443, 451, 452, 456, 457, 458, 460, 461, 464, 471, 473, 474, 475, 481, 482, 501, 596, 628, 635, 655, 675, 693, 716, 720, 725, 771, 775, 793, 796, 797, 811, 817, 818, 820, 825, 838, 841, 844, 846, 851, 857, 861, 862, 863, 864, 866, 867, 868, 870, 871, 877, 881, 883, 885, 888, 891, 892, 893, 898, 899, 904, 905, 907, 908, 911, 918, 920, 921, 922, 923, 924, 926, 931, 933]","[398, 399, 400, 848, 849]","[398, 399, 400, 848, 849]","[526, 16, 46, 596, 628, 635, 125, 655, 156, 163, 675, 168, 693, 184, 716, 205, 720, 725, 222, 229, 253, 258, 771, 775, 265, 793, 796, 797, 811, 817, 818, 820, 313, 825, 317, 838, 841, 844, 846, 336, 848, 849, 851, 340, 341, 857, 861, 862, 863, 864, 866, 867, 356, 868, 870, 871, 363, 365, 366, 367, 877, 881, 370, 883, 885, 375, 888, 891, 892, 893, 898, 899, 388, 391, 904, 905, 394, 907, 396, 908, 398, 911, 399, 400, 402, 918, 920, 921, 410, 411, 412, 413, 922, 415, 416, 417, 418, 419, 923, 924, 926, 931, 933, 425, 429, 431, 433, 435, 437, 440, 441, 442, 443, 451, 452, 456, 457, 458, 460, 461, 464, 471, 473, 474, 475, 481, 482, 501]",False,[],[],[],"[46, 457, 526]","[16, 125, 156, 163, 168, 184, 205, 222, 229, 253, 258, 265, 313, 317, 336, 340, 341, 356, 363, 365, 366, 367, 370, 375, 388, 391, 394, 396, 402, 410, 411, 412, 413, 415, 416, 417, 418, 419, 425, 429, 431, 433, 435, 437, 440, 441, 442, 443, 451, 452, 456, 457, 458, 460, 461, 464, 471, 473, 474, 475, 481, 482, 501, 596, 628, 635, 655, 675, 693, 716, 720, 725, 771, 775, 793, 796, 797, 811, 817, 818, 820, 825, 838, 841, 844, 846, 851, 857, 861, 862, 863, 864, 866, 867, 868, 870, 871, 877, 881, 883, 885, 888, 891, 892, 893, 898, 899, 904, 905, 907, 908, 911, 918, 920, 921, 922, 923, 924, 926, 931, 933]","[398, 399, 400, 848, 849]","[398, 399, 400, 848, 849]",0/6 successful match,False,,False,76,False,,1.0,True,Teton Truck Stop ( Exxon ),Exxon
Roberts ( 83444 ) Teton Truck Stop ( Exxon ),6 208-228-6011 I-15 Exit 135,<U+2610><U+2610> S <U+2610> <U+25A1>,Roberts,83444,Teton Truck Stop ( Exxon ),208-228-6011,2016,Roberts,ID,Exxon,,I-15 Exit 135,Exit,135,False,,False,I-15,,,,,[],[],[],"[46, 457, 526]",[],"[16, 125, 156, 163, 168, 184, 205, 222, 229, 253, 258, 265, 313, 317, 336, 340, 341, 356, 363, 365, 366, 367, 370, 375, 388, 391, 394, 396, 402, 410, 411, 412, 413, 415, 416, 417, 418, 419, 425, 429, 431, 433, 435, 437, 440, 441, 442, 443, 451, 452, 456, 457, 458, 460, 461, 464, 471, 473, 474, 475, 481, 482, 501, 596, 628, 635, 655, 675, 693, 716, 720, 725, 771, 775, 793, 796, 797, 811, 817, 818, 820, 825, 838, 841, 844, 846, 851, 857, 861, 862, 863, 864, 866, 867, 868, 870, 871, 877, 881, 883, 885, 888, 891, 892, 893, 898, 899, 904, 905, 907, 908, 911, 918, 920, 921, 922, 923, 924, 926, 931, 933]","[398, 399, 400, 848, 849]","[398, 399, 400, 848, 849]","[526, 16, 46, 596, 628, 635, 125, 655, 156, 163, 675, 168, 693, 184, 716, 205, 720, 725, 222, 229, 253, 258, 771, 775, 265, 793, 796, 797, 811, 817, 818, 820, 313, 825, 317, 838, 841, 844, 846, 336, 848, 849, 851, 340, 341, 857, 861, 862, 863, 864, 866, 867, 356, 868, 870, 871, 363, 365, 366, 367, 877, 881, 370, 883, 885, 375, 888, 891, 892, 893, 898, 899, 388, 391, 904, 905, 394, 907, 396, 908, 398, 911, 399, 400, 402, 918, 920, 921, 410, 411, 412, 413, 922, 415, 416, 417, 418, 419, 923, 924, 926, 931, 933, 425, 429, 431, 433, 435, 437, 440, 441, 442, 443, 451, 452, 456, 457, 458, 460, 461, 464, 471, 473, 474, 475, 481, 482, 501]",False,[],[],[],"[46, 457, 526]","[16, 125, 156, 163, 168, 184, 205, 222, 229, 253, 258, 265, 313, 317, 336, 340, 341, 356, 363, 365, 366, 367, 370, 375, 388, 391, 394, 396, 402, 410, 411, 412, 413, 415, 416, 417, 418, 419, 425, 429, 431, 433, 435, 437, 440, 441, 442, 443, 451, 452, 456, 457, 458, 460, 461, 464, 471, 473, 474, 475, 481, 482, 501, 596, 628, 635, 655, 675, 693, 716, 720, 725, 771, 775, 793, 796, 797, 811, 817, 818, 820, 825, 838, 841, 844, 846, 851, 857, 861, 862, 863, 864, 866, 867, 868, 870, 871, 877, 881, 883, 885, 888, 891, 892, 893, 898, 899, 904, 905, 907, 908, 911, 918, 920, 921, 922, 923, 924, 926, 931, 933]","[398, 399, 400, 848, 849]","[398, 399, 400, 848, 849]",0/6 successful match,False,,False,76,False,,1.0,True,Teton Truck Stop ( Exxon ),Exxon
"Salmon , 83467 Salmon Oil - Semi Stop ( Sinclair )",208-756-2818 US 93 ( S of ID 28 Jct ),000,Salmon,83467,Salmon Oil - Semi Stop ( Sinclair ),208-756-2818,2006,Salmon,ID,Sinclair,( S of ID 28 Jct ),US 93,empty,,False,,False,US 93,,,,,[],[],[],[],[],"[2, 30, 58, 98, 338, 344, 357, 358, 361, 379, 380, 488, 513, 531, 569, 794, 800, 812, 813, 829, 830]","[31, 142, 147, 180, 338, 352, 367, 387, 403, 405, 408, 410, 455, 465, 466, 468, 470, 472, 473, 483, 484, 514, 613, 618, 651, 794, 807, 837, 852, 854, 858, 861, 902, 912, 913, 915, 917, 919, 920, 931, 934, 935]","[4, 31, 59, 135, 142, 147, 180, 218, 229, 232, 264, 269, 299, 318, 320, 331, 338, 352, 367, 382, 387, 403, 405, 408, 410, 455, 463, 465, 466, 468, 470, 472, 473, 483, 484, 490, 514, 535, 606, 613, 618, 651, 686, 693, 696, 724, 728, 758, 776, 778, 788, 794, 807, 832, 837, 852, 854, 858, 860, 861, 902, 910, 912, 913, 915, 917, 919, 920, 931, 934, 935]","[513, 2, 514, 4, 531, 535, 30, 31, 569, 58, 59, 606, 98, 613, 618, 135, 651, 142, 147, 686, 180, 693, 696, 724, 728, 218, 229, 232, 758, 264, 776, 778, 269, 788, 794, 800, 807, 299, 812, 813, 829, 830, 318, 320, 832, 837, 331, 338, 852, 854, 344, 858, 860, 861, 352, 357, 358, 361, 367, 379, 380, 382, 387, 902, 910, 912, 913, 403, 915, 405, 917, 919, 408, 920, 410, 931, 934, 935, 455, 463, 465, 466, 468, 470, 472, 473, 483, 484, 488, 490]",False,[],[],[],[],"[2, 30, 58, 98, 338, 344, 357, 358, 361, 379, 380, 488, 513, 531, 569, 794, 800, 812, 813, 829, 830]","[4, 31, 59, 135, 142, 147, 180, 218, 229, 232, 264, 269, 299, 318, 320, 331, 338, 352, 367, 382, 387, 403, 405, 408, 410, 455, 463, 465, 466, 468, 470, 472, 473, 483, 484, 490, 514, 535, 606, 613, 618, 651, 686, 693, 696, 724, 728, 758, 776, 778, 788, 794, 807, 832, 837, 852, 854, 858, 860, 861, 902, 910, 912, 913, 915, 917, 919, 920, 931, 934, 935]","[31, 142, 147, 180, 338, 352, 367, 387, 403, 405, 408, 410, 455, 465, 466, 468, 470, 472, 473, 483, 484, 514, 613, 618, 651, 794, 807, 837, 852, 854, 858, 861, 902, 912, 913, 915, 917, 919, 920, 931, 934, 935]",0/6 successful match,False,,False,77,False,,,,,
"F Salmon , 83467 Salmon Oil - Semi Stop ( Sinclair )",208-756-2818 US 93 ( S of ID 28 Jct ),S,Salmon,83467,Salmon Oil - Semi Stop ( Sinclair ),208-756-2818,2007,Salmon,ID,Sinclair,( S of ID 28 Jct ),US 93,empty,,False,,False,US 93,,,,,[],[],[],[],[],"[2, 30, 58, 98, 338, 344, 357, 358, 361, 379, 380, 488, 513, 531, 569, 794, 800, 812, 813, 829, 830]","[31, 142, 147, 180, 338, 352, 367, 387, 403, 405, 408, 410, 455, 465, 466, 468, 470, 472, 473, 483, 484, 514, 613, 618, 651, 794, 807, 837, 852, 854, 858, 861, 902, 912, 913, 915, 917, 919, 920, 931, 934, 935]","[4, 31, 59, 135, 142, 147, 180, 218, 229, 232, 264, 269, 299, 318, 320, 331, 338, 352, 367, 382, 387, 403, 405, 408, 410, 455, 463, 465, 466, 468, 470, 472, 473, 483, 484, 490, 514, 535, 606, 613, 618, 651, 686, 693, 696, 724, 728, 758, 776, 778, 788, 794, 807, 832, 837, 852, 854, 858, 860, 861, 902, 910, 912, 913, 915, 917, 919, 920, 931, 934, 935]","[513, 2, 514, 4, 531, 535, 30, 31, 569, 58, 59, 606, 98, 613, 618, 135, 651, 142, 147, 686, 180, 693, 696, 724, 728, 218, 229, 232, 758, 264, 776, 778, 269, 788, 794, 800, 807, 299, 812, 813, 829, 830, 318, 320, 832, 837, 331, 338, 852, 854, 344, 858, 860, 861, 352, 357, 358, 361, 367, 379, 380, 382, 387, 902, 910, 912, 913, 403, 915, 405, 917, 919, 408, 920, 410, 931, 934, 935, 455, 463, 465, 466, 468, 470, 472, 473, 483, 484, 488, 490]",False,[],[],[],[],"[2, 30, 58, 98, 338, 344, 357, 358, 361, 379, 380, 488, 513, 531, 569, 794, 800, 812, 813, 829, 830]","[4, 31, 59, 135, 142, 147, 180, 218, 229, 232, 264, 269, 299, 318, 320, 331, 338, 352, 367, 382, 387, 403, 405, 408, 410, 455, 463, 465, 466, 468, 470, 472, 473, 483, 484, 490, 514, 535, 606, 613, 618, 651, 686, 693, 696, 724, 728, 758, 776, 778, 788, 794, 807, 832, 837, 852, 854, 858, 860, 861, 902, 910, 912, 913, 915, 917, 919, 920, 931, 934, 935]","[31, 142, 147, 180, 338, 352, 367, 387, 403, 405, 408, 410, 455, 465, 466, 468, 470, 472, 473, 483, 484, 514, 613, 618, 651, 794, 807, 837, 852, 854, 858, 861, 902, 912, 913, 915, 917, 919, 920, 931, 934, 935]",0/6 successful match,False,,False,77,False,,1.0,True,Salmon Oil - Semi Stop ( Sinclair ),Sinclair
"F Salmon , 83467 Salmon Oil - Semi Stop ID 3 ) ( Sinclair",4 208-756-2818 US 93 ( S of ID 28 Jct ) ),S <U+2610> 00 <U+25A1>,Salmon,83467,Salmon Oil - Semi Stop ID 3 ) ( Sinclair,208-756-2818,2008,Salmon,ID,Sinclair,( S of ID 28 Jct ) ),US 93,empty,,False,,False,US 93,,,,,[],[],[],[],[],"[2, 30, 58, 98, 338, 344, 357, 358, 361, 379, 380, 488, 513, 531, 569, 794, 800, 812, 813, 829, 830]","[31, 142, 147, 180, 338, 352, 367, 387, 403, 405, 408, 410, 455, 465, 466, 468, 470, 472, 473, 483, 484, 514, 613, 618, 651, 794, 807, 837, 852, 854, 858, 861, 902, 912, 913, 915, 917, 919, 920, 931, 934, 935]","[4, 31, 59, 135, 142, 147, 180, 218, 229, 232, 264, 269, 299, 318, 320, 331, 338, 352, 367, 382, 387, 403, 405, 408, 410, 455, 463, 465, 466, 468, 470, 472, 473, 483, 484, 490, 514, 535, 606, 613, 618, 651, 686, 693, 696, 724, 728, 758, 776, 778, 788, 794, 807, 832, 837, 852, 854, 858, 860, 861, 902, 910, 912, 913, 915, 917, 919, 920, 931, 934, 935]","[513, 2, 514, 4, 531, 535, 30, 31, 569, 58, 59, 606, 98, 613, 618, 135, 651, 142, 147, 686, 180, 693, 696, 724, 728, 218, 229, 232, 758, 264, 776, 778, 269, 788, 794, 800, 807, 299, 812, 813, 829, 830, 318, 320, 832, 837, 331, 338, 852, 854, 344, 858, 860, 861, 352, 357, 358, 361, 367, 379, 380, 382, 387, 902, 910, 912, 913, 403, 915, 405, 917, 919, 408, 920, 410, 931, 934, 935, 455, 463, 465, 466, 468, 470, 472, 473, 483, 484, 488, 490]",False,[],[],[],[],"[2, 30, 58, 98, 338, 344, 357, 358, 361, 379, 380, 488, 513, 531, 569, 794, 800, 812, 813, 829, 830]","[4, 31, 59, 135, 142, 147, 180, 218, 229, 232, 264, 269, 299, 318, 320, 331, 338, 352, 367, 382, 387, 403, 405, 408, 410, 455, 463, 465, 466, 468, 470, 472, 473, 483, 484, 490, 514, 535, 606, 613, 618, 651, 686, 693, 696, 724, 728, 758, 776, 778, 788, 794, 807, 832, 837, 852, 854, 858, 860, 861, 902, 910, 912, 913, 915, 917, 919, 920, 931, 934, 935]","[31, 142, 147, 180, 338, 352, 367, 387, 403, 405, 408, 410, 455, 465, 466, 468, 470, 472, 473, 483, 484, 514, 613, 618, 651, 794, 807, 837, 852, 854, 858, 861, 902, 912, 913, 915, 917, 919, 920, 931, 934, 935]",0/6 successful match,False,,False,77,False,,1.0,True,Salmon Oil - Semi Stop ( Sinclair ),Sinclair
Salmon ( 83467 ) Semi Stop ( Sinclair ),4 208-756-2818 US 93 ( 1/4 mi S of ID 28 ),S [ ] F D,Salmon,83467,Semi Stop ( Sinclair ),208-756-2818,2014,Salmon,ID,Sinclair,( 1/4 mi S of ID 28 ),US 93,empty,,False,,False,US 93,,,,,[],[],[],[],[],"[2, 30, 58, 98, 338, 344, 357, 358, 361, 379, 380, 488, 513, 531, 569, 794, 800, 812, 813, 829, 830]","[31, 142, 147, 180, 338, 352, 367, 387, 403, 405, 408, 410, 455, 465, 466, 468, 470, 472, 473, 483, 484, 514, 613, 618, 651, 794, 807, 837, 852, 854, 858, 861, 902, 912, 913, 915, 917, 919, 920, 931, 934, 935]","[31, 142, 147, 180, 338, 352, 367, 387, 403, 405, 408, 410, 455, 465, 466, 468, 470, 472, 473, 483, 484, 514, 613, 618, 651, 794, 807, 837, 852, 854, 858, 861, 902, 912, 913, 915, 917, 919, 920, 931, 934, 935]","[513, 2, 387, 514, 902, 651, 142, 912, 913, 531, 147, 403, 405, 915, 408, 917, 794, 410, 919, 920, 30, 31, 800, 931, 934, 807, 935, 812, 813, 180, 569, 58, 829, 830, 837, 455, 465, 338, 466, 468, 852, 470, 854, 344, 472, 473, 858, 861, 352, 98, 483, 484, 357, 358, 613, 488, 361, 618, 367, 379, 380]",False,[],[],[],[],"[2, 30, 58, 98, 338, 344, 357, 358, 361, 379, 380, 488, 513, 531, 569, 794, 800, 812, 813, 829, 830]","[31, 142, 147, 180, 338, 352, 367, 387, 403, 405, 408, 410, 455, 465, 466, 468, 470, 472, 473, 483, 484, 514, 613, 618, 651, 794, 807, 837, 852, 854, 858, 861, 902, 912, 913, 915, 917, 919, 920, 931, 934, 935]","[31, 142, 147, 180, 338, 352, 367, 387, 403, 405, 408, 410, 455, 465, 466, 468, 470, 472, 473, 483, 484, 514, 613, 618, 651, 794, 807, 837, 852, 854, 858, 861, 902, 912, 913, 915, 917, 919, 920, 931, 934, 935]",0/6 successful match,False,,False,77,False,,0.8935483870967742,True,Salmon Oil - Semi Stop ID 3 ) ( Sinclair,Sinclair
F Salmon ( 83467 ) Semi Stop ( Sinclair ),4 208-756-2818 US 93 ( 1/4 mi S of ID 28 ),S D D,Salmon,83467,Semi Stop ( Sinclair ),208-756-2818,2015,Salmon,ID,Sinclair,( 1/4 mi S of ID 28 ),US 93,empty,,False,,False,US 93,,,,,[],[],[],[],[],"[2, 30, 58, 98, 338, 344, 357, 358, 361, 379, 380, 488, 513, 531, 569, 794, 800, 812, 813, 829, 830]","[31, 142, 147, 180, 338, 352, 367, 387, 403, 405, 408, 410, 455, 465, 466, 468, 470, 472, 473, 483, 484, 514, 613, 618, 651, 794, 807, 837, 852, 854, 858, 861, 902, 912, 913, 915, 917, 919, 920, 931, 934, 935]","[31, 142, 147, 180, 338, 352, 367, 387, 403, 405, 408, 410, 455, 465, 466, 468, 470, 472, 473, 483, 484, 514, 613, 618, 651, 794, 807, 837, 852, 854, 858, 861, 902, 912, 913, 915, 917, 919, 920, 931, 934, 935]","[513, 2, 387, 514, 902, 651, 142, 912, 913, 531, 147, 403, 405, 915, 408, 917, 794, 410, 919, 920, 30, 31, 800, 931, 934, 807, 935, 812, 813, 180, 569, 58, 829, 830, 837, 455, 465, 338, 466, 468, 852, 470, 854, 344, 472, 473, 858, 861, 352, 98, 483, 484, 357, 358, 613, 488, 361, 618, 367, 379, 380]",False,[],[],[],[],"[2, 30, 58, 98, 338, 344, 357, 358, 361, 379, 380, 488, 513, 531, 569, 794, 800, 812, 813, 829, 830]","[31, 142, 147, 180, 338, 352, 367, 387, 403, 405, 408, 410, 455, 465, 466, 468, 470, 472, 473, 483, 484, 514, 613, 618, 651, 794, 807, 837, 852, 854, 858, 861, 902, 912, 913, 915, 917, 919, 920, 931, 934, 935]","[31, 142, 147, 180, 338, 352, 367, 387, 403, 405, 408, 410, 455, 465, 466, 468, 470, 472, 473, 483, 484, 514, 613, 618, 651, 794, 807, 837, 852, 854, 858, 861, 902, 912, 913, 915, 917, 919, 920, 931, 934, 935]",0/6 successful match,False,,False,77,False,,1.0,True,Semi Stop ( Sinclair ),Sinclair
F Salmon ( 83467 ) Valley Wide Fuel ( Sinclair ),4 208-756-2818 US 93 ( 1/4 mi S of ID 28 ),<U+2610> <U+2610> S <U+2610> <U+25A1>,Salmon,83467,Valley Wide Fuel ( Sinclair ),208-756-2818,2016,Salmon,ID,Sinclair,( 1/4 mi S of ID 28 ),US 93,empty,,False,,False,US 93,,,,,[],[],[],[],[],"[2, 30, 58, 98, 338, 344, 357, 358, 361, 379, 380, 488, 513, 531, 569, 794, 800, 812, 813, 829, 830]","[31, 142, 147, 180, 338, 352, 367, 387, 403, 405, 408, 410, 455, 465, 466, 468, 470, 472, 473, 483, 484, 514, 613, 618, 651, 794, 807, 837, 852, 854, 858, 861, 902, 912, 913, 915, 917, 919, 920, 931, 934, 935]","[31, 142, 147, 154, 180, 218, 279, 321, 322, 323, 324, 325, 326, 338, 352, 367, 387, 394, 401, 403, 405, 408, 410, 455, 465, 466, 468, 470, 472, 473, 483, 484, 514, 613, 618, 626, 651, 686, 738, 779, 780, 781, 782, 783, 784, 794, 807, 837, 844, 850, 852, 854, 858, 861, 902, 912, 913, 915, 917, 919, 920, 931, 934, 935]","[513, 2, 514, 531, 30, 31, 569, 58, 98, 613, 618, 626, 651, 142, 147, 154, 686, 180, 218, 738, 779, 780, 781, 782, 783, 784, 279, 794, 800, 807, 812, 813, 829, 830, 321, 322, 323, 324, 837, 325, 326, 844, 338, 850, 852, 854, 344, 858, 861, 352, 357, 358, 361, 367, 379, 380, 387, 902, 394, 912, 913, 401, 403, 915, 405, 917, 919, 408, 920, 410, 931, 934, 935, 455, 465, 466, 468, 470, 472, 473, 483, 484, 488]",False,[],[],[],[],"[2, 30, 58, 98, 338, 344, 357, 358, 361, 379, 380, 488, 513, 531, 569, 794, 800, 812, 813, 829, 830]","[31, 142, 147, 154, 180, 218, 279, 321, 322, 323, 324, 325, 326, 338, 352, 367, 387, 394, 401, 403, 405, 408, 410, 455, 465, 466, 468, 470, 472, 473, 483, 484, 514, 613, 618, 626, 651, 686, 738, 779, 780, 781, 782, 783, 784, 794, 807, 837, 844, 850, 852, 854, 858, 861, 902, 912, 913, 915, 917, 919, 920, 931, 934, 935]","[31, 142, 147, 180, 338, 352, 367, 387, 403, 405, 408, 410, 455, 465, 466, 468, 470, 472, 473, 483, 484, 514, 613, 618, 651, 794, 807, 837, 852, 854, 858, 861, 902, 912, 913, 915, 917, 919, 920, 931, 934, 935]",0/6 successful match,False,,False,77,False,,0.47647058823529415,True,Semi Stop ( Sinclair ),Sinclair
"Lewiston ( N ) , 83501 North Lewiston 95 Dynamart",208-743-5931 US 12-95 & Hwy ( Shell ),N ) 24 MO,Lewiston,83501,North Lewiston 95 Dynamart,208-743-5931,2006,Lewiston,ID,,( Shell ),US 12-95 & Hwy,empty,,False,,False,US 12,Hwy,,,,[],[],[],[],[],"[151, 256, 460, 622, 718, 907]",[],[],"[256, 907, 460, 718, 622, 151]",False,[],[],[],[],"[151, 256, 460, 622, 718, 907]",[],[],0/6 successful match,False,,False,78,False,,,,,
"Lewiston ( N ) , 83501 North Lewiston Dynamart ( Shell )",208-743-5931 US 12-95 & Hwy 128 ( 2 blks W to 6th N ),N ) 24 S MO 000,Lewiston,83501,North Lewiston Dynamart ( Shell ),208-743-5931,2007,Lewiston,ID,Shell,( 2 blks W to 6th N ),US 12-95 & Hwy 128,empty,,False,,False,US 12,Hwy 128,,,,[],[],[],[],[],"[151, 256, 460, 622, 718, 907]","[1, 13, 14, 29, 54, 55, 56, 57, 58, 60, 102, 118, 125, 127, 130, 134, 146, 149, 153, 175, 182, 187, 189, 191, 197, 225, 230, 238, 264, 265, 266, 286, 302, 317, 336, 379, 388, 389, 425, 454, 458, 463, 475, 487, 498, 499, 512, 530, 531, 532, 533, 534, 536, 573, 589, 596, 598, 601, 605, 617, 620, 624, 646, 653, 658, 660, 662, 668, 689, 694, 702, 724, 725, 745, 760, 775, 793, 829, 838, 839, 877, 901, 903, 905, 910, 923]","[1, 13, 14, 29, 54, 55, 56, 57, 58, 60, 102, 118, 125, 127, 130, 134, 146, 149, 153, 175, 182, 187, 189, 191, 197, 225, 230, 238, 264, 265, 266, 286, 302, 317, 336, 354, 379, 388, 389, 425, 454, 458, 463, 475, 487, 498, 499, 512, 530, 531, 532, 533, 534, 536, 573, 589, 596, 598, 601, 605, 617, 620, 624, 646, 653, 658, 660, 662, 668, 689, 694, 702, 724, 725, 745, 760, 775, 793, 809, 829, 838, 839, 877, 901, 903, 905, 910, 923]","[512, 1, 13, 14, 530, 531, 532, 533, 534, 536, 29, 54, 55, 56, 57, 58, 60, 573, 589, 596, 598, 601, 605, 102, 617, 620, 622, 624, 118, 125, 127, 130, 134, 646, 653, 146, 658, 660, 149, 662, 151, 153, 668, 175, 689, 694, 182, 187, 189, 702, 191, 197, 718, 724, 725, 225, 230, 745, 238, 760, 256, 775, 264, 265, 266, 793, 286, 809, 302, 317, 829, 838, 839, 336, 354, 877, 379, 388, 389, 901, 903, 905, 907, 910, 923, 425, 454, 458, 460, 463, 475, 487, 498, 499]",False,[],[],[],[],"[151, 256, 460, 622, 718, 907]","[1, 13, 14, 29, 54, 55, 56, 57, 58, 60, 102, 118, 125, 127, 130, 134, 146, 149, 153, 175, 182, 187, 189, 191, 197, 225, 230, 238, 264, 265, 266, 286, 302, 317, 336, 354, 379, 388, 389, 425, 454, 458, 463, 475, 487, 498, 499, 512, 530, 531, 532, 533, 534, 536, 573, 589, 596, 598, 601, 605, 617, 620, 624, 646, 653, 658, 660, 662, 668, 689, 694, 702, 724, 725, 745, 760, 775, 793, 809, 829, 838, 839, 877, 901, 903, 905, 910, 923]","[1, 13, 14, 29, 54, 55, 56, 57, 58, 60, 102, 118, 125, 127, 130, 134, 146, 149, 153, 175, 182, 187, 189, 191, 197, 225, 230, 238, 264, 265, 266, 286, 302, 317, 336, 379, 388, 389, 425, 454, 458, 463, 475, 487, 498, 499, 512, 530, 531, 532, 533, 534, 536, 573, 589, 596, 598, 601, 605, 617, 620, 624, 646, 653, 658, 660, 662, 668, 689, 694, 702, 724, 725, 745, 760, 775, 793, 829, 838, 839, 877, 901, 903, 905, 910, 923]",0/6 successful match,False,,False,78,False,,1.0,True,North Lewiston 95 Dynamart,
"Lewiston ( North ) , 83501 North Lewiston",208-743-5931 US 12-95 & Dynamart ( Shell ),N ) HORS 24 MO <U+2610><U+2610>,Lewiston,83501,North Lewiston,208-743-5931,2008,Lewiston,ID,,( Shell ),US 12-95 & Dynamart,empty,,False,,False,US 12,Dynamart,,,,[],[],[],[],[],"[151, 256, 460, 622, 718, 907]",[],[],"[256, 907, 460, 718, 622, 151]",False,[],[],[],[],"[151, 256, 460, 622, 718, 907]",[],[],0/6 successful match,False,,False,78,False,,0.9453900709219858,True,North Lewiston Dynamart ( Shell ),Shell
D Lewiston ( North ) ( 83501 ) North Lewiston Dynamart,208-743-5931 US 12-95 & Hwy 128 ( 2 blks W to 6th N ),N ) 24 <U+25A1> SO,Lewiston,83501,North Lewiston Dynamart,208-743-5931,2014,Lewiston,ID,,( 2 blks W to 6th N ),US 12-95 & Hwy 128,empty,,False,,False,US 12,Hwy 128,,,,[],[],[],[],[],"[151, 256, 460, 622, 718, 907]",[],[],"[256, 907, 460, 718, 622, 151]",False,[],[],[],[],"[151, 256, 460, 622, 718, 907]",[],[],0/6 successful match,False,,False,78,False,,0.9936936936936938,True,North Lewiston,
D Lewiston ( North ) ( 83501 ) North Lewiston Dynamart,208-743-5931 US 12-95 & Hwy 128 ( 2 blks W to 6th N ),N ) 24 24 <U+2610> S,Lewiston,83501,North Lewiston Dynamart,208-743-5931,2015,Lewiston,ID,,( 2 blks W to 6th N ),US 12-95 & Hwy 128,empty,,False,,False,US 12,Hwy 128,,,,[],[],[],[],[],"[151, 256, 460, 622, 718, 907]",[],[],"[256, 907, 460, 718, 622, 151]",False,[],[],[],[],"[151, 256, 460, 622, 718, 907]",[],[],0/6 successful match,False,,False,78,False,,1.0,True,North Lewiston Dynamart,
Lewiston ( North ) ( 83501 ) North Lewiston Dynamart,208-743-5931 US 12-95 & Hwy 128 ( 2 blks W to 6th N ),N ) 24 <U+2610> SO,Lewiston,83501,North Lewiston Dynamart,208-743-5931,2016,Lewiston,ID,,( 2 blks W to 6th N ),US 12-95 & Hwy 128,empty,,False,,False,US 12,Hwy 128,,,,[],[],[],[],[],"[151, 256, 460, 622, 718, 907]",[],[],"[256, 907, 460, 718, 622, 151]",False,[],[],[],[],"[151, 256, 460, 622, 718, 907]",[],[],0/6 successful match,False,,False,78,False,,1.0,True,North Lewiston Dynamart,
"D Lewiston , 83501 Flying J Fuel Stop # 79 0011385 )",208-746-3234 US 12 & US 95,<U+25A1>,Lewiston,83501,Flying J Fuel Stop # 79 0011385 ),208-746-3234,2006,Lewiston,ID,Flying J,,US 12 & US 95,empty,,False,,False,US 12,US 95,,,,[],[],[],[],[],"[8, 43, 71, 84, 86, 151, 256, 339, 348, 354, 360, 369, 382, 383, 384, 389, 390, 460, 523, 546, 555, 557, 622, 718, 795, 803, 809, 819, 832, 833, 834, 839, 840, 907]","[17, 18, 19, 20, 21, 22, 23, 156, 157, 158, 159, 160, 161, 162, 163, 164, 165, 166, 167, 341, 342, 343, 344, 345, 412, 413, 414, 415, 416, 417, 418, 419, 420, 421, 422, 502, 503, 504, 505, 506, 507, 628, 629, 630, 631, 632, 633, 634, 635, 636, 637, 638, 639, 792, 797, 798, 799, 800, 801, 863, 864, 865, 866, 867, 868, 869, 870, 871, 872, 873, 874]","[17, 18, 19, 20, 21, 22, 23, 156, 157, 158, 159, 160, 161, 162, 163, 164, 165, 166, 167, 168, 340, 341, 342, 343, 344, 345, 346, 412, 413, 414, 415, 416, 417, 418, 419, 420, 421, 422, 502, 503, 504, 505, 506, 507, 628, 629, 630, 631, 632, 633, 634, 635, 636, 637, 638, 639, 792, 796, 797, 798, 799, 800, 801, 863, 864, 865, 866, 867, 868, 869, 870, 871, 872, 873, 874]","[8, 523, 17, 18, 19, 20, 21, 22, 23, 546, 43, 555, 557, 71, 84, 86, 622, 628, 629, 630, 631, 632, 633, 634, 635, 636, 637, 638, 639, 151, 156, 157, 158, 159, 160, 161, 162, 163, 164, 165, 166, 167, 168, 718, 256, 792, 795, 796, 797, 798, 799, 800, 801, 803, 809, 819, 832, 833, 834, 839, 840, 339, 340, 341, 342, 343, 344, 345, 346, 348, 863, 864, 865, 354, 866, 867, 868, 869, 870, 360, 871, 872, 873, 874, 369, 382, 383, 384, 389, 390, 907, 412, 413, 414, 415, 416, 417, 418, 419, 420, 421, 422, 460, 502, 503, 504, 505, 506, 507]",False,[],[],[],[],"[8, 43, 71, 84, 86, 151, 256, 339, 348, 354, 360, 369, 382, 383, 384, 389, 390, 460, 523, 546, 555, 557, 622, 718, 795, 803, 809, 819, 832, 833, 834, 839, 840, 907]","[17, 18, 19, 20, 21, 22, 23, 156, 157, 158, 159, 160, 161, 162, 163, 164, 165, 166, 167, 168, 340, 341, 342, 343, 344, 345, 346, 412, 413, 414, 415, 416, 417, 418, 419, 420, 421, 422, 502, 503, 504, 505, 506, 507, 628, 629, 630, 631, 632, 633, 634, 635, 636, 637, 638, 639, 792, 796, 797, 798, 799, 800, 801, 863, 864, 865, 866, 867, 868, 869, 870, 871, 872, 873, 874]","[17, 18, 19, 20, 21, 22, 23, 156, 157, 158, 159, 160, 161, 162, 163, 164, 165, 166, 167, 341, 342, 343, 344, 345, 412, 413, 414, 415, 416, 417, 418, 419, 420, 421, 422, 502, 503, 504, 505, 506, 507, 628, 629, 630, 631, 632, 633, 634, 635, 636, 637, 638, 639, 792, 797, 798, 799, 800, 801, 863, 864, 865, 866, 867, 868, 869, 870, 871, 872, 873, 874]",0/6 successful match,False,,False,79,False,,,,,
"D Lewiston , 83501 Flying J Fuel Stop # 0101385",208-746-3234 US 12 & US 95,FRS 24 M,Lewiston,83501,Flying J Fuel Stop # 0101385,208-746-3234,2007,Lewiston,ID,Flying J,,US 12 & US 95,empty,,False,,False,US 12,US 95,,,,[],[],[],[],[],"[8, 43, 71, 84, 86, 151, 256, 339, 348, 354, 360, 369, 382, 383, 384, 389, 390, 460, 523, 546, 555, 557, 622, 718, 795, 803, 809, 819, 832, 833, 834, 839, 840, 907]","[17, 18, 19, 20, 21, 22, 23, 156, 157, 158, 159, 160, 161, 162, 163, 164, 165, 166, 167, 341, 342, 343, 344, 345, 412, 413, 414, 415, 416, 417, 418, 419, 420, 421, 422, 502, 503, 504, 505, 506, 507, 628, 629, 630, 631, 632, 633, 634, 635, 636, 637, 638, 639, 792, 797, 798, 799, 800, 801, 863, 864, 865, 866, 867, 868, 869, 870, 871, 872, 873, 874]","[17, 18, 19, 20, 21, 22, 23, 156, 157, 158, 159, 160, 161, 162, 163, 164, 165, 166, 167, 168, 340, 341, 342, 343, 344, 345, 346, 412, 413, 414, 415, 416, 417, 418, 419, 420, 421, 422, 502, 503, 504, 505, 506, 507, 628, 629, 630, 631, 632, 633, 634, 635, 636, 637, 638, 639, 792, 796, 797, 798, 799, 800, 801, 863, 864, 865, 866, 867, 868, 869, 870, 871, 872, 873, 874]","[8, 523, 17, 18, 19, 20, 21, 22, 23, 546, 43, 555, 557, 71, 84, 86, 622, 628, 629, 630, 631, 632, 633, 634, 635, 636, 637, 638, 639, 151, 156, 157, 158, 159, 160, 161, 162, 163, 164, 165, 166, 167, 168, 718, 256, 792, 795, 796, 797, 798, 799, 800, 801, 803, 809, 819, 832, 833, 834, 839, 840, 339, 340, 341, 342, 343, 344, 345, 346, 348, 863, 864, 865, 354, 866, 867, 868, 869, 870, 360, 871, 872, 873, 874, 369, 382, 383, 384, 389, 390, 907, 412, 413, 414, 415, 416, 417, 418, 419, 420, 421, 422, 460, 502, 503, 504, 505, 506, 507]",False,[],[],[],[],"[8, 43, 71, 84, 86, 151, 256, 339, 348, 354, 360, 369, 382, 383, 384, 389, 390, 460, 523, 546, 555, 557, 622, 718, 795, 803, 809, 819, 832, 833, 834, 839, 840, 907]","[17, 18, 19, 20, 21, 22, 23, 156, 157, 158, 159, 160, 161, 162, 163, 164, 165, 166, 167, 168, 340, 341, 342, 343, 344, 345, 346, 412, 413, 414, 415, 416, 417, 418, 419, 420, 421, 422, 502, 503, 504, 505, 506, 507, 628, 629, 630, 631, 632, 633, 634, 635, 636, 637, 638, 639, 792, 796, 797, 798, 799, 800, 801, 863, 864, 865, 866, 867, 868, 869, 870, 871, 872, 873, 874]","[17, 18, 19, 20, 21, 22, 23, 156, 157, 158, 159, 160, 161, 162, 163, 164, 165, 166, 167, 341, 342, 343, 344, 345, 412, 413, 414, 415, 416, 417, 418, 419, 420, 421, 422, 502, 503, 504, 505, 506, 507, 628, 629, 630, 631, 632, 633, 634, 635, 636, 637, 638, 639, 792, 797, 798, 799, 800, 801, 863, 864, 865, 866, 867, 868, 869, 870, 871, 872, 873, 874]",0/6 successful match,False,,False,79,False,,0.5655737704918034,True,Flying J Fuel Stop # 79 0011385 ),Flying J
"Lewiston ( North ) , 83501 Flying J Fuel Stop # 79 0101385 )",208-746-3234 3110 US 12-95 N,W,Lewiston,83501,Flying J Fuel Stop # 79 0101385 ),208-746-3234,2008,Lewiston,ID,Flying J,,3110 US 12-95 N,Proper,,False,,False,US 12-95,,,,,[],[],[],[],[],"[8, 43, 71, 84, 86, 151, 256, 339, 348, 354, 360, 369, 382, 383, 384, 389, 390, 460, 523, 546, 555, 557, 622, 718, 795, 803, 809, 819, 832, 833, 834, 839, 840, 907]","[17, 18, 19, 20, 21, 22, 23, 156, 157, 158, 159, 160, 161, 162, 163, 164, 165, 166, 167, 341, 342, 343, 344, 345, 412, 413, 414, 415, 416, 417, 418, 419, 420, 421, 422, 502, 503, 504, 505, 506, 507, 628, 629, 630, 631, 632, 633, 634, 635, 636, 637, 638, 639, 792, 797, 798, 799, 800, 801, 863, 864, 865, 866, 867, 868, 869, 870, 871, 872, 873, 874]","[17, 18, 19, 20, 21, 22, 23, 156, 157, 158, 159, 160, 161, 162, 163, 164, 165, 166, 167, 168, 340, 341, 342, 343, 344, 345, 346, 412, 413, 414, 415, 416, 417, 418, 419, 420, 421, 422, 502, 503, 504, 505, 506, 507, 628, 629, 630, 631, 632, 633, 634, 635, 636, 637, 638, 639, 792, 796, 797, 798, 799, 800, 801, 863, 864, 865, 866, 867, 868, 869, 870, 871, 872, 873, 874]","[8, 523, 17, 18, 19, 20, 21, 22, 23, 546, 43, 555, 557, 71, 84, 86, 622, 628, 629, 630, 631, 632, 633, 634, 635, 636, 637, 638, 639, 151, 156, 157, 158, 159, 160, 161, 162, 163, 164, 165, 166, 167, 168, 718, 256, 792, 795, 796, 797, 798, 799, 800, 801, 803, 809, 819, 832, 833, 834, 839, 840, 339, 340, 341, 342, 343, 344, 345, 346, 348, 863, 864, 865, 354, 866, 867, 868, 869, 870, 360, 871, 872, 873, 874, 369, 382, 383, 384, 389, 390, 907, 412, 413, 414, 415, 416, 417, 418, 419, 420, 421, 422, 460, 502, 503, 504, 505, 506, 507]",False,[],[],[],[],"[8, 43, 71, 84, 86, 151, 256, 339, 348, 354, 360, 369, 382, 383, 384, 389, 390, 460, 523, 546, 555, 557, 622, 718, 795, 803, 809, 819, 832, 833, 834, 839, 840, 907]","[17, 18, 19, 20, 21, 22, 23, 156, 157, 158, 159, 160, 161, 162, 163, 164, 165, 166, 167, 168, 340, 341, 342, 343, 344, 345, 346, 412, 413, 414, 415, 416, 417, 418, 419, 420, 421, 422, 502, 503, 504, 505, 506, 507, 628, 629, 630, 631, 632, 633, 634, 635, 636, 637, 638, 639, 792, 796, 797, 798, 799, 800, 801, 863, 864, 865, 866, 867, 868, 869, 870, 871, 872, 873, 874]","[17, 18, 19, 20, 21, 22, 23, 156, 157, 158, 159, 160, 161, 162, 163, 164, 165, 166, 167, 341, 342, 343, 344, 345, 412, 413, 414, 415, 416, 417, 418, 419, 420, 421, 422, 502, 503, 504, 505, 506, 507, 628, 629, 630, 631, 632, 633, 634, 635, 636, 637, 638, 639, 792, 797, 798, 799, 800, 801, 863, 864, 865, 866, 867, 868, 869, 870, 871, 872, 873, 874]",0/6 successful match,False,,False,79,False,,1.0,True,Flying J Fuel Stop # 0101385,Flying J
D Lewiston ( North ) ( 83501 ) Stinker Station # 42 ( Sinclair ),208-746-3234 3110 US 12-95 N,24 M,Lewiston,83501,Stinker Station # 42 ( Sinclair ),208-746-3234,2014,Lewiston,ID,Sinclair,,3110 US 12-95 N,Proper,,False,,False,US 12-95,,,,,[],[],[],[],[],"[8, 43, 71, 84, 86, 151, 256, 339, 348, 354, 360, 369, 382, 383, 384, 389, 390, 460, 523, 546, 555, 557, 622, 718, 795, 803, 809, 819, 832, 833, 834, 839, 840, 907]","[31, 142, 147, 180, 338, 352, 367, 387, 403, 405, 408, 410, 455, 465, 466, 468, 470, 472, 473, 483, 484, 514, 613, 618, 651, 794, 807, 837, 852, 854, 858, 861, 902, 912, 913, 915, 917, 919, 920, 931, 934, 935]","[31, 142, 147, 180, 338, 352, 367, 387, 403, 405, 408, 410, 455, 465, 466, 468, 470, 472, 473, 483, 484, 514, 613, 618, 651, 794, 807, 837, 852, 854, 858, 861, 902, 912, 913, 915, 917, 919, 920, 931, 934, 935]","[256, 384, 514, 387, 389, 390, 902, 8, 523, 907, 651, 142, 912, 913, 147, 403, 405, 915, 151, 408, 917, 410, 795, 794, 919, 920, 31, 546, 803, 931, 934, 807, 935, 809, 43, 555, 557, 819, 180, 832, 833, 834, 837, 71, 839, 840, 455, 460, 718, 465, 338, 339, 84, 466, 86, 468, 470, 472, 473, 852, 348, 854, 858, 861, 352, 354, 483, 484, 613, 360, 618, 622, 367, 369, 382, 383]",False,[],[],[],[],"[8, 43, 71, 84, 86, 151, 256, 339, 348, 354, 360, 369, 382, 383, 384, 389, 390, 460, 523, 546, 555, 557, 622, 718, 795, 803, 809, 819, 832, 833, 834, 839, 840, 907]","[31, 142, 147, 180, 338, 352, 367, 387, 403, 405, 408, 410, 455, 465, 466, 468, 470, 472, 473, 483, 484, 514, 613, 618, 651, 794, 807, 837, 852, 854, 858, 861, 902, 912, 913, 915, 917, 919, 920, 931, 934, 935]","[31, 142, 147, 180, 338, 352, 367, 387, 403, 405, 408, 410, 455, 465, 466, 468, 470, 472, 473, 483, 484, 514, 613, 618, 651, 794, 807, 837, 852, 854, 858, 861, 902, 912, 913, 915, 917, 919, 920, 931, 934, 935]",0/6 successful match,False,,False,79,True,2014,0.19696969696969696,False,Flying J Fuel Stop # 79 0101385 ),Flying J
D Lewiston ( North ) ( 83501 ) Stinker Station # 42 ( Sinclair ),208-746-3234 3110 US 12-95 N,24 M <U+2610>,Lewiston,83501,Stinker Station # 42 ( Sinclair ),208-746-3234,2015,Lewiston,ID,Sinclair,,3110 US 12-95 N,Proper,,False,,False,US 12-95,,,,,[],[],[],[],[],"[8, 43, 71, 84, 86, 151, 256, 339, 348, 354, 360, 369, 382, 383, 384, 389, 390, 460, 523, 546, 555, 557, 622, 718, 795, 803, 809, 819, 832, 833, 834, 839, 840, 907]","[31, 142, 147, 180, 338, 352, 367, 387, 403, 405, 408, 410, 455, 465, 466, 468, 470, 472, 473, 483, 484, 514, 613, 618, 651, 794, 807, 837, 852, 854, 858, 861, 902, 912, 913, 915, 917, 919, 920, 931, 934, 935]","[31, 142, 147, 180, 338, 352, 367, 387, 403, 405, 408, 410, 455, 465, 466, 468, 470, 472, 473, 483, 484, 514, 613, 618, 651, 794, 807, 837, 852, 854, 858, 861, 902, 912, 913, 915, 917, 919, 920, 931, 934, 935]","[256, 384, 514, 387, 389, 390, 902, 8, 523, 907, 651, 142, 912, 913, 147, 403, 405, 915, 151, 408, 917, 410, 795, 794, 919, 920, 31, 546, 803, 931, 934, 807, 935, 809, 43, 555, 557, 819, 180, 832, 833, 834, 837, 71, 839, 840, 455, 460, 718, 465, 338, 339, 84, 466, 86, 468, 470, 472, 473, 852, 348, 854, 858, 861, 352, 354, 483, 484, 613, 360, 618, 622, 367, 369, 382, 383]",False,[],[],[],[],"[8, 43, 71, 84, 86, 151, 256, 339, 348, 354, 360, 369, 382, 383, 384, 389, 390, 460, 523, 546, 555, 557, 622, 718, 795, 803, 809, 819, 832, 833, 834, 839, 840, 907]","[31, 142, 147, 180, 338, 352, 367, 387, 403, 405, 408, 410, 455, 465, 466, 468, 470, 472, 473, 483, 484, 514, 613, 618, 651, 794, 807, 837, 852, 854, 858, 861, 902, 912, 913, 915, 917, 919, 920, 931, 934, 935]","[31, 142, 147, 180, 338, 352, 367, 387, 403, 405, 408, 410, 455, 465, 466, 468, 470, 472, 473, 483, 484, 514, 613, 618, 651, 794, 807, 837, 852, 854, 858, 861, 902, 912, 913, 915, 917, 919, 920, 931, 934, 935]",0/6 successful match,False,,False,79,False,,1.0,True,Stinker Station # 42 ( Sinclair ),Sinclair
Lewiston ( North ) ( 83501 ) Stinker Station # 42 ( Sinclair ),208-746-3234 3110 US 12-95 N,24 M <U+2610> 24,Lewiston,83501,Stinker Station # 42 ( Sinclair ),208-746-3234,2016,Lewiston,ID,Sinclair,,3110 US 12-95 N,Proper,,False,,False,US 12-95,,,,,[],[],[],[],[],"[8, 43, 71, 84, 86, 151, 256, 339, 348, 354, 360, 369, 382, 383, 384, 389, 390, 460, 523, 546, 555, 557, 622, 718, 795, 803, 809, 819, 832, 833, 834, 839, 840, 907]","[31, 142, 147, 180, 338, 352, 367, 387, 403, 405, 408, 410, 455, 465, 466, 468, 470, 472, 473, 483, 484, 514, 613, 618, 651, 794, 807, 837, 852, 854, 858, 861, 902, 912, 913, 915, 917, 919, 920, 931, 934, 935]","[31, 142, 147, 180, 338, 352, 367, 387, 403, 405, 408, 410, 455, 465, 466, 468, 470, 472, 473, 483, 484, 514, 613, 618, 651, 794, 807, 837, 852, 854, 858, 861, 902, 912, 913, 915, 917, 919, 920, 931, 934, 935]","[256, 384, 514, 387, 389, 390, 902, 8, 523, 907, 651, 142, 912, 913, 147, 403, 405, 915, 151, 408, 917, 410, 795, 794, 919, 920, 31, 546, 803, 931, 934, 807, 935, 809, 43, 555, 557, 819, 180, 832, 833, 834, 837, 71, 839, 840, 455, 460, 718, 465, 338, 339, 84, 466, 86, 468, 470, 472, 473, 852, 348, 854, 858, 861, 352, 354, 483, 484, 613, 360, 618, 622, 367, 369, 382, 383]",False,[],[],[],[],"[8, 43, 71, 84, 86, 151, 256, 339, 348, 354, 360, 369, 382, 383, 384, 389, 390, 460, 523, 546, 555, 557, 622, 718, 795, 803, 809, 819, 832, 833, 834, 839, 840, 907]","[31, 142, 147, 180, 338, 352, 367, 387, 403, 405, 408, 410, 455, 465, 466, 468, 470, 472, 473, 483, 484, 514, 613, 618, 651, 794, 807, 837, 852, 854, 858, 861, 902, 912, 913, 915, 917, 919, 920, 931, 934, 935]","[31, 142, 147, 180, 338, 352, 367, 387, 403, 405, 408, 410, 455, 465, 466, 468, 470, 472, 473, 483, 484, 514, 613, 618, 651, 794, 807, 837, 852, 854, 858, 861, 902, 912, 913, 915, 917, 919, 920, 931, 934, 935]",0/6 successful match,False,,False,79,False,,1.0,True,Stinker Station # 42 ( Sinclair ),Sinclair
"Orofino , 83544 Sunset # 11 ( Exxon )","208-476-3880 US 12 ( 3 mi W of bridge , South side )",S,Orofino,83544,Sunset # 11 ( Exxon ),208-476-3880,2006,Orofino,ID,Exxon,"( 3 mi W of bridge , South side )",US 12,empty,,False,,False,US 12,,,,,[],[],[],[],[],"[151, 256, 460, 622, 718, 907]","[398, 399, 400, 848, 849]","[2, 195, 398, 399, 400, 488, 666, 848, 849]","[256, 2, 195, 488, 907, 460, 718, 622, 398, 399, 400, 848, 849, 151, 666]",False,[],[],[],[],"[151, 256, 460, 622, 718, 907]","[2, 195, 398, 399, 400, 488, 666, 848, 849]","[398, 399, 400, 848, 849]",0/6 successful match,False,,False,80,False,,,,,
"Orofino , 83544 Sunset # 11 ( Exxon )","208-476-3880 US 12 ( 3 mi W of bridge , South side )",<U+2610> <U+2610>,Orofino,83544,Sunset # 11 ( Exxon ),208-476-3880,2007,Orofino,ID,Exxon,"( 3 mi W of bridge , South side )",US 12,empty,,False,,False,US 12,,,,,[],[],[],[],[],"[151, 256, 460, 622, 718, 907]","[398, 399, 400, 848, 849]","[2, 195, 398, 399, 400, 488, 666, 848, 849]","[256, 2, 195, 488, 907, 460, 718, 622, 398, 399, 400, 848, 849, 151, 666]",False,[],[],[],[],"[151, 256, 460, 622, 718, 907]","[2, 195, 398, 399, 400, 488, 666, 848, 849]","[398, 399, 400, 848, 849]",0/6 successful match,False,,False,80,False,,1.0,True,Sunset # 11 ( Exxon ),Exxon
"Orofino , 83544 Sunset # 36 11 ( ( Franklin Blvd )",2 208-476-3880 US 12 ( 3 mi W Exxon ),,Orofino,83544,Sunset # 36 11 ( ( Franklin Blvd ),208-476-3880,2008,Orofino,ID,,( 3 mi W Exxon ),US 12,empty,,False,,False,US 12,,,,,[],[],[],[],[],"[151, 256, 460, 622, 718, 907]",[],"[2, 195, 488, 666]","[256, 2, 195, 488, 907, 460, 718, 622, 151, 666]",False,[],[],[],[],"[151, 256, 460, 622, 718, 907]","[2, 195, 488, 666]",[],0/6 successful match,False,,False,80,False,,0.8854545454545455,True,Sunset # 11 ( Exxon ),Exxon
Orofino ( 83544 ) Dino's ( Exxon ),"2 208-476-3880 US 12 ( 3 mi W of bridge , South side )",<U+2610><U+2610> [,Orofino,83544,Dino's ( Exxon ),208-476-3880,2014,Orofino,ID,Exxon,"( 3 mi W of bridge , South side )",US 12,empty,,False,,False,US 12,,,,,[],[],[],[],[],"[151, 256, 460, 622, 718, 907]","[398, 399, 400, 848, 849]","[147, 398, 399, 400, 618, 848, 849]","[256, 618, 907, 460, 718, 622, 398, 399, 400, 848, 849, 147, 151]",False,[],[],[],[],"[151, 256, 460, 622, 718, 907]","[147, 398, 399, 400, 618, 848, 849]","[398, 399, 400, 848, 849]",0/6 successful match,False,,False,80,True,2014,0.16,True,Sunset # 36 11 ( ( Franklin Blvd ),
Orofino ( 83544 ) Dino's ( Exxon ),"2 208-476-3880 US 12 ( 3 mi W of bridge , South side )",<U+2610> <U+2610> <U+2610>,Orofino,83544,Dino's ( Exxon ),208-476-3880,2015,Orofino,ID,Exxon,"( 3 mi W of bridge , South side )",US 12,empty,,False,,False,US 12,,,,,[],[],[],[],[],"[151, 256, 460, 622, 718, 907]","[398, 399, 400, 848, 849]","[147, 398, 399, 400, 618, 848, 849]","[256, 618, 907, 460, 718, 622, 398, 399, 400, 848, 849, 147, 151]",False,[],[],[],[],"[151, 256, 460, 622, 718, 907]","[147, 398, 399, 400, 618, 848, 849]","[398, 399, 400, 848, 849]",0/6 successful match,False,,False,80,False,,1.0,True,Dino's ( Exxon ),Exxon
Orofino ( 83544 ) Dino's ( Exxon ),"2 208-476-3880 US 12 ( 3 mi W of bridge , South side )",<U+2610> <U+2610> <U+2610>,Orofino,83544,Dino's ( Exxon ),208-476-3880,2016,Orofino,ID,Exxon,"( 3 mi W of bridge , South side )",US 12,empty,,False,,False,US 12,,,,,[],[],[],[],[],"[151, 256, 460, 622, 718, 907]","[398, 399, 400, 848, 849]","[147, 398, 399, 400, 618, 848, 849]","[256, 618, 907, 460, 718, 622, 398, 399, 400, 848, 849, 147, 151]",False,[],[],[],[],"[151, 256, 460, 622, 718, 907]","[147, 398, 399, 400, 618, 848, 849]","[398, 399, 400, 848, 849]",0/6 successful match,False,,False,80,False,,1.0,True,Dino's ( Exxon ),Exxon
"Caldwell , 83605 Flying J Travel Plaza # 0500002",2 208-453-9225 I-84 Exit 29 ( US 20 ),24 HRS,Caldwell,83605,Flying J Travel Plaza # 0500002,208-453-9225,2006,Caldwell,ID,Flying J,( US 20 ),I-84 Exit 29 ,Exit,29,False,,False,I-84,,,,,[],[],[],[],[],"[402, 416, 422, 423, 465, 851, 867, 874, 875, 912]","[17, 18, 19, 20, 21, 22, 23, 156, 157, 158, 159, 160, 161, 162, 163, 164, 165, 166, 167, 341, 342, 343, 344, 345, 412, 413, 414, 415, 416, 417, 418, 419, 420, 421, 422, 502, 503, 504, 505, 506, 507, 628, 629, 630, 631, 632, 633, 634, 635, 636, 637, 638, 639, 792, 797, 798, 799, 800, 801, 863, 864, 865, 866, 867, 868, 869, 870, 871, 872, 873, 874]","[17, 18, 19, 20, 21, 22, 23, 156, 157, 158, 159, 160, 161, 162, 163, 164, 165, 166, 167, 168, 340, 341, 342, 343, 344, 345, 346, 412, 413, 414, 415, 416, 417, 418, 419, 420, 421, 422, 502, 503, 504, 505, 506, 507, 628, 629, 630, 631, 632, 633, 634, 635, 636, 637, 638, 639, 792, 796, 797, 798, 799, 800, 801, 863, 864, 865, 866, 867, 868, 869, 870, 871, 872, 873, 874]","[17, 18, 19, 20, 21, 22, 23, 628, 629, 630, 631, 632, 633, 634, 635, 636, 637, 638, 639, 156, 157, 158, 159, 160, 161, 162, 163, 164, 165, 166, 167, 168, 792, 796, 797, 798, 799, 800, 801, 851, 340, 341, 342, 343, 344, 345, 346, 863, 864, 865, 866, 867, 868, 869, 870, 871, 872, 873, 874, 875, 912, 402, 412, 413, 414, 415, 416, 417, 418, 419, 420, 421, 422, 423, 465, 502, 503, 504, 505, 506, 507]",False,[],[],[],[],"[402, 416, 422, 423, 465, 851, 867, 874, 875, 912]","[17, 18, 19, 20, 21, 22, 23, 156, 157, 158, 159, 160, 161, 162, 163, 164, 165, 166, 167, 168, 340, 341, 342, 343, 344, 345, 346, 412, 413, 414, 415, 416, 417, 418, 419, 420, 421, 422, 502, 503, 504, 505, 506, 507, 628, 629, 630, 631, 632, 633, 634, 635, 636, 637, 638, 639, 792, 796, 797, 798, 799, 800, 801, 863, 864, 865, 866, 867, 868, 869, 870, 871, 872, 873, 874]","[17, 18, 19, 20, 21, 22, 23, 156, 157, 158, 159, 160, 161, 162, 163, 164, 165, 166, 167, 341, 342, 343, 344, 345, 412, 413, 414, 415, 416, 417, 418, 419, 420, 421, 422, 502, 503, 504, 505, 506, 507, 628, 629, 630, 631, 632, 633, 634, 635, 636, 637, 638, 639, 792, 797, 798, 799, 800, 801, 863, 864, 865, 866, 867, 868, 869, 870, 871, 872, 873, 874]",0/6 successful match,False,,False,81,False,,,,,
"Caldwell , 83605 Flying J Travel Plaza # 0500002",208-453-9225 I-84 Exit 29 ( US 20 ),FRS L HRS,Caldwell,83605,Flying J Travel Plaza # 0500002,208-453-9225,2007,Caldwell,ID,Flying J,( US 20 ),I-84 Exit 29 ,Exit,29,False,,False,I-84,,,,,[],[],[],[],[],"[402, 416, 422, 423, 465, 851, 867, 874, 875, 912]","[17, 18, 19, 20, 21, 22, 23, 156, 157, 158, 159, 160, 161, 162, 163, 164, 165, 166, 167, 341, 342, 343, 344, 345, 412, 413, 414, 415, 416, 417, 418, 419, 420, 421, 422, 502, 503, 504, 505, 506, 507, 628, 629, 630, 631, 632, 633, 634, 635, 636, 637, 638, 639, 792, 797, 798, 799, 800, 801, 863, 864, 865, 866, 867, 868, 869, 870, 871, 872, 873, 874]","[17, 18, 19, 20, 21, 22, 23, 156, 157, 158, 159, 160, 161, 162, 163, 164, 165, 166, 167, 168, 340, 341, 342, 343, 344, 345, 346, 412, 413, 414, 415, 416, 417, 418, 419, 420, 421, 422, 502, 503, 504, 505, 506, 507, 628, 629, 630, 631, 632, 633, 634, 635, 636, 637, 638, 639, 792, 796, 797, 798, 799, 800, 801, 863, 864, 865, 866, 867, 868, 869, 870, 871, 872, 873, 874]","[17, 18, 19, 20, 21, 22, 23, 628, 629, 630, 631, 632, 633, 634, 635, 636, 637, 638, 639, 156, 157, 158, 159, 160, 161, 162, 163, 164, 165, 166, 167, 168, 792, 796, 797, 798, 799, 800, 801, 851, 340, 341, 342, 343, 344, 345, 346, 863, 864, 865, 866, 867, 868, 869, 870, 871, 872, 873, 874, 875, 912, 402, 412, 413, 414, 415, 416, 417, 418, 419, 420, 421, 422, 423, 465, 502, 503, 504, 505, 506, 507]",False,[],[],[],[],"[402, 416, 422, 423, 465, 851, 867, 874, 875, 912]","[17, 18, 19, 20, 21, 22, 23, 156, 157, 158, 159, 160, 161, 162, 163, 164, 165, 166, 167, 168, 340, 341, 342, 343, 344, 345, 346, 412, 413, 414, 415, 416, 417, 418, 419, 420, 421, 422, 502, 503, 504, 505, 506, 507, 628, 629, 630, 631, 632, 633, 634, 635, 636, 637, 638, 639, 792, 796, 797, 798, 799, 800, 801, 863, 864, 865, 866, 867, 868, 869, 870, 871, 872, 873, 874]","[17, 18, 19, 20, 21, 22, 23, 156, 157, 158, 159, 160, 161, 162, 163, 164, 165, 166, 167, 341, 342, 343, 344, 345, 412, 413, 414, 415, 416, 417, 418, 419, 420, 421, 422, 502, 503, 504, 505, 506, 507, 628, 629, 630, 631, 632, 633, 634, 635, 636, 637, 638, 639, 792, 797, 798, 799, 800, 801, 863, 864, 865, 866, 867, 868, 869, 870, 871, 872, 873, 874]",0/6 successful match,False,,False,81,False,,1.0,True,Flying J Travel Plaza # 0500002,Flying J
"Caldwell , 83605 Flying J Travel Plaza # 0500002",2 208-453-9225 I-84 Exit 29 ( US 20 ),S <U+2610> <U+2610>,Caldwell,83605,Flying J Travel Plaza # 0500002,208-453-9225,2008,Caldwell,ID,Flying J,( US 20 ),I-84 Exit 29 ,Exit,29,False,,False,I-84,,,,,[],[],[],[],[],"[402, 416, 422, 423, 465, 851, 867, 874, 875, 912]","[17, 18, 19, 20, 21, 22, 23, 156, 157, 158, 159, 160, 161, 162, 163, 164, 165, 166, 167, 341, 342, 343, 344, 345, 412, 413, 414, 415, 416, 417, 418, 419, 420, 421, 422, 502, 503, 504, 505, 506, 507, 628, 629, 630, 631, 632, 633, 634, 635, 636, 637, 638, 639, 792, 797, 798, 799, 800, 801, 863, 864, 865, 866, 867, 868, 869, 870, 871, 872, 873, 874]","[17, 18, 19, 20, 21, 22, 23, 156, 157, 158, 159, 160, 161, 162, 163, 164, 165, 166, 167, 168, 340, 341, 342, 343, 344, 345, 346, 412, 413, 414, 415, 416, 417, 418, 419, 420, 421, 422, 502, 503, 504, 505, 506, 507, 628, 629, 630, 631, 632, 633, 634, 635, 636, 637, 638, 639, 792, 796, 797, 798, 799, 800, 801, 863, 864, 865, 866, 867, 868, 869, 870, 871, 872, 873, 874]","[17, 18, 19, 20, 21, 22, 23, 628, 629, 630, 631, 632, 633, 634, 635, 636, 637, 638, 639, 156, 157, 158, 159, 160, 161, 162, 163, 164, 165, 166, 167, 168, 792, 796, 797, 798, 799, 800, 801, 851, 340, 341, 342, 343, 344, 345, 346, 863, 864, 865, 866, 867, 868, 869, 870, 871, 872, 873, 874, 875, 912, 402, 412, 413, 414, 415, 416, 417, 418, 419, 420, 421, 422, 423, 465, 502, 503, 504, 505, 506, 507]",False,[],[],[],[],"[402, 416, 422, 423, 465, 851, 867, 874, 875, 912]","[17, 18, 19, 20, 21, 22, 23, 156, 157, 158, 159, 160, 161, 162, 163, 164, 165, 166, 167, 168, 340, 341, 342, 343, 344, 345, 346, 412, 413, 414, 415, 416, 417, 418, 419, 420, 421, 422, 502, 503, 504, 505, 506, 507, 628, 629, 630, 631, 632, 633, 634, 635, 636, 637, 638, 639, 792, 796, 797, 798, 799, 800, 801, 863, 864, 865, 866, 867, 868, 869, 870, 871, 872, 873, 874]","[17, 18, 19, 20, 21, 22, 23, 156, 157, 158, 159, 160, 161, 162, 163, 164, 165, 166, 167, 341, 342, 343, 344, 345, 412, 413, 414, 415, 416, 417, 418, 419, 420, 421, 422, 502, 503, 504, 505, 506, 507, 628, 629, 630, 631, 632, 633, 634, 635, 636, 637, 638, 639, 792, 797, 798, 799, 800, 801, 863, 864, 865, 866, 867, 868, 869, 870, 871, 872, 873, 874]",0/6 successful match,False,,False,81,False,,1.0,True,Flying J Travel Plaza # 0500002,Flying J
H Caldwell ( 83605 ) Flying J Travel Plaza # 638 ),208-453-9225 I-84 Exit 29 ( US 20 ),24 24,Caldwell,83605,Flying J Travel Plaza # 638 ),208-453-9225,2014,Caldwell,ID,Flying J,( US 20 ),I-84 Exit 29 ,Exit,29,False,,False,I-84,,,,,[],[],[],[],[],"[402, 416, 422, 423, 465, 851, 867, 874, 875, 912]","[17, 18, 19, 20, 21, 22, 23, 156, 157, 158, 159, 160, 161, 162, 163, 164, 165, 166, 167, 341, 342, 343, 344, 345, 412, 413, 414, 415, 416, 417, 418, 419, 420, 421, 422, 502, 503, 504, 505, 506, 507, 628, 629, 630, 631, 632, 633, 634, 635, 636, 637, 638, 639, 792, 797, 798, 799, 800, 801, 863, 864, 865, 866, 867, 868, 869, 870, 871, 872, 873, 874]","[17, 18, 19, 20, 21, 22, 23, 156, 157, 158, 159, 160, 161, 162, 163, 164, 165, 166, 167, 168, 340, 341, 342, 343, 344, 345, 346, 412, 413, 414, 415, 416, 417, 418, 419, 420, 421, 422, 502, 503, 504, 505, 506, 507, 628, 629, 630, 631, 632, 633, 634, 635, 636, 637, 638, 639, 792, 796, 797, 798, 799, 800, 801, 863, 864, 865, 866, 867, 868, 869, 870, 871, 872, 873, 874]","[17, 18, 19, 20, 21, 22, 23, 628, 629, 630, 631, 632, 633, 634, 635, 636, 637, 638, 639, 156, 157, 158, 159, 160, 161, 162, 163, 164, 165, 166, 167, 168, 792, 796, 797, 798, 799, 800, 801, 851, 340, 341, 342, 343, 344, 345, 346, 863, 864, 865, 866, 867, 868, 869, 870, 871, 872, 873, 874, 875, 912, 402, 412, 413, 414, 415, 416, 417, 418, 419, 420, 421, 422, 423, 465, 502, 503, 504, 505, 506, 507]",False,[],[],[],[],"[402, 416, 422, 423, 465, 851, 867, 874, 875, 912]","[17, 18, 19, 20, 21, 22, 23, 156, 157, 158, 159, 160, 161, 162, 163, 164, 165, 166, 167, 168, 340, 341, 342, 343, 344, 345, 346, 412, 413, 414, 415, 416, 417, 418, 419, 420, 421, 422, 502, 503, 504, 505, 506, 507, 628, 629, 630, 631, 632, 633, 634, 635, 636, 637, 638, 639, 792, 796, 797, 798, 799, 800, 801, 863, 864, 865, 866, 867, 868, 869, 870, 871, 872, 873, 874]","[17, 18, 19, 20, 21, 22, 23, 156, 157, 158, 159, 160, 161, 162, 163, 164, 165, 166, 167, 341, 342, 343, 344, 345, 412, 413, 414, 415, 416, 417, 418, 419, 420, 421, 422, 502, 503, 504, 505, 506, 507, 628, 629, 630, 631, 632, 633, 634, 635, 636, 637, 638, 639, 792, 797, 798, 799, 800, 801, 863, 864, 865, 866, 867, 868, 869, 870, 871, 872, 873, 874]",0/6 successful match,False,,False,81,False,,0.5733333333333333,True,Flying J Travel Plaza # 0500002,Flying J
H Caldwell ( 83605 ) Flying J Travel Plaza # 638 ),208-453-9225 I-84 Exit 29 ( US 20 ) FLYING J,FLYING J 24 L 24,Caldwell,83605,Flying J Travel Plaza # 638 ),208-453-9225,2015,Caldwell,ID,Flying J,( US 20 ) FLYING J,I-84 Exit 29 ,Exit,29,False,,False,I-84,,,,,[],[],[],[],[],"[402, 416, 422, 423, 465, 851, 867, 874, 875, 912]","[17, 18, 19, 20, 21, 22, 23, 156, 157, 158, 159, 160, 161, 162, 163, 164, 165, 166, 167, 341, 342, 343, 344, 345, 412, 413, 414, 415, 416, 417, 418, 419, 420, 421, 422, 502, 503, 504, 505, 506, 507, 628, 629, 630, 631, 632, 633, 634, 635, 636, 637, 638, 639, 792, 797, 798, 799, 800, 801, 863, 864, 865, 866, 867, 868, 869, 870, 871, 872, 873, 874]","[17, 18, 19, 20, 21, 22, 23, 156, 157, 158, 159, 160, 161, 162, 163, 164, 165, 166, 167, 168, 340, 341, 342, 343, 344, 345, 346, 412, 413, 414, 415, 416, 417, 418, 419, 420, 421, 422, 502, 503, 504, 505, 506, 507, 628, 629, 630, 631, 632, 633, 634, 635, 636, 637, 638, 639, 792, 796, 797, 798, 799, 800, 801, 863, 864, 865, 866, 867, 868, 869, 870, 871, 872, 873, 874]","[17, 18, 19, 20, 21, 22, 23, 628, 629, 630, 631, 632, 633, 634, 635, 636, 637, 638, 639, 156, 157, 158, 159, 160, 161, 162, 163, 164, 165, 166, 167, 168, 792, 796, 797, 798, 799, 800, 801, 851, 340, 341, 342, 343, 344, 345, 346, 863, 864, 865, 866, 867, 868, 869, 870, 871, 872, 873, 874, 875, 912, 402, 412, 413, 414, 415, 416, 417, 418, 419, 420, 421, 422, 423, 465, 502, 503, 504, 505, 506, 507]",False,[],[],[],[],"[402, 416, 422, 423, 465, 851, 867, 874, 875, 912]","[17, 18, 19, 20, 21, 22, 23, 156, 157, 158, 159, 160, 161, 162, 163, 164, 165, 166, 167, 168, 340, 341, 342, 343, 344, 345, 346, 412, 413, 414, 415, 416, 417, 418, 419, 420, 421, 422, 502, 503, 504, 505, 506, 507, 628, 629, 630, 631, 632, 633, 634, 635, 636, 637, 638, 639, 792, 796, 797, 798, 799, 800, 801, 863, 864, 865, 866, 867, 868, 869, 870, 871, 872, 873, 874]","[17, 18, 19, 20, 21, 22, 23, 156, 157, 158, 159, 160, 161, 162, 163, 164, 165, 166, 167, 341, 342, 343, 344, 345, 412, 413, 414, 415, 416, 417, 418, 419, 420, 421, 422, 502, 503, 504, 505, 506, 507, 628, 629, 630, 631, 632, 633, 634, 635, 636, 637, 638, 639, 792, 797, 798, 799, 800, 801, 863, 864, 865, 866, 867, 868, 869, 870, 871, 872, 873, 874]",0/6 successful match,False,,False,81,False,,1.0,True,Flying J Travel Plaza # 638 ),Flying J
H Caldwell ( 83605 ) Flying J Travel Plaza # 638,208-453-9225 I-84 Exit 29 ( US 20 ),FLYINGJ4 LO 24,Caldwell,83605,Flying J Travel Plaza # 638,208-453-9225,2016,Caldwell,ID,Flying J,( US 20 ),I-84 Exit 29 ,Exit,29,False,,False,I-84,,,,,[],[],[],[],[],"[402, 416, 422, 423, 465, 851, 867, 874, 875, 912]","[17, 18, 19, 20, 21, 22, 23, 156, 157, 158, 159, 160, 161, 162, 163, 164, 165, 166, 167, 341, 342, 343, 344, 345, 412, 413, 414, 415, 416, 417, 418, 419, 420, 421, 422, 502, 503, 504, 505, 506, 507, 628, 629, 630, 631, 632, 633, 634, 635, 636, 637, 638, 639, 792, 797, 798, 799, 800, 801, 863, 864, 865, 866, 867, 868, 869, 870, 871, 872, 873, 874]","[17, 18, 19, 20, 21, 22, 23, 156, 157, 158, 159, 160, 161, 162, 163, 164, 165, 166, 167, 168, 340, 341, 342, 343, 344, 345, 346, 412, 413, 414, 415, 416, 417, 418, 419, 420, 421, 422, 502, 503, 504, 505, 506, 507, 628, 629, 630, 631, 632, 633, 634, 635, 636, 637, 638, 639, 792, 796, 797, 798, 799, 800, 801, 863, 864, 865, 866, 867, 868, 869, 870, 871, 872, 873, 874]","[17, 18, 19, 20, 21, 22, 23, 628, 629, 630, 631, 632, 633, 634, 635, 636, 637, 638, 639, 156, 157, 158, 159, 160, 161, 162, 163, 164, 165, 166, 167, 168, 792, 796, 797, 798, 799, 800, 801, 851, 340, 341, 342, 343, 344, 345, 346, 863, 864, 865, 866, 867, 868, 869, 870, 871, 872, 873, 874, 875, 912, 402, 412, 413, 414, 415, 416, 417, 418, 419, 420, 421, 422, 423, 465, 502, 503, 504, 505, 506, 507]",False,[],[],[],[],"[402, 416, 422, 423, 465, 851, 867, 874, 875, 912]","[17, 18, 19, 20, 21, 22, 23, 156, 157, 158, 159, 160, 161, 162, 163, 164, 165, 166, 167, 168, 340, 341, 342, 343, 344, 345, 346, 412, 413, 414, 415, 416, 417, 418, 419, 420, 421, 422, 502, 503, 504, 505, 506, 507, 628, 629, 630, 631, 632, 633, 634, 635, 636, 637, 638, 639, 792, 796, 797, 798, 799, 800, 801, 863, 864, 865, 866, 867, 868, 869, 870, 871, 872, 873, 874]","[17, 18, 19, 20, 21, 22, 23, 156, 157, 158, 159, 160, 161, 162, 163, 164, 165, 166, 167, 341, 342, 343, 344, 345, 412, 413, 414, 415, 416, 417, 418, 419, 420, 421, 422, 502, 503, 504, 505, 506, 507, 628, 629, 630, 631, 632, 633, 634, 635, 636, 637, 638, 639, 792, 797, 798, 799, 800, 801, 863, 864, 865, 866, 867, 868, 869, 870, 871, 872, 873, 874]",0/6 successful match,False,,False,81,False,,1.0,True,Flying J Travel Plaza # 638 ),Flying J
"Caldwell , 83605 Sage Travel Plaza ( ) Sinclair )",2 208-454-2084 I-84 Exit 29 ( US ),FRS L,Caldwell,83605,Sage Travel Plaza ( ) Sinclair ),208-454-2084,2006,Caldwell,ID,Sinclair,( US ),I-84 Exit 29 ,Exit,29,False,,False,I-84,,,,,[],[],[],[],[],"[402, 416, 422, 423, 465, 851, 867, 874, 875, 912]","[31, 142, 147, 180, 338, 352, 367, 387, 403, 405, 408, 410, 455, 465, 466, 468, 470, 472, 473, 483, 484, 514, 613, 618, 651, 794, 807, 837, 852, 854, 858, 861, 902, 912, 913, 915, 917, 919, 920, 931, 934, 935]","[31, 142, 147, 180, 338, 352, 367, 386, 387, 403, 405, 408, 410, 455, 465, 466, 468, 470, 472, 473, 483, 484, 514, 613, 618, 651, 794, 807, 836, 837, 852, 854, 858, 861, 902, 912, 913, 915, 917, 919, 920, 931, 934, 935]","[514, 387, 386, 902, 651, 142, 912, 913, 402, 147, 403, 405, 915, 917, 408, 919, 410, 794, 920, 31, 416, 931, 422, 423, 807, 934, 935, 180, 836, 837, 455, 465, 338, 851, 466, 468, 470, 852, 472, 473, 854, 858, 861, 352, 867, 483, 484, 613, 874, 875, 618, 367]",False,[],[],[],[],"[402, 416, 422, 423, 465, 851, 867, 874, 875, 912]","[31, 142, 147, 180, 338, 352, 367, 386, 387, 403, 405, 408, 410, 455, 465, 466, 468, 470, 472, 473, 483, 484, 514, 613, 618, 651, 794, 807, 836, 837, 852, 854, 858, 861, 902, 912, 913, 915, 917, 919, 920, 931, 934, 935]","[31, 142, 147, 180, 338, 352, 367, 387, 403, 405, 408, 410, 455, 465, 466, 468, 470, 472, 473, 483, 484, 514, 613, 618, 651, 794, 807, 837, 852, 854, 858, 861, 902, 912, 913, 915, 917, 919, 920, 931, 934, 935]",0/6 successful match,False,,False,82,False,,,,,
"Caldwell , 83605 Sage Travel Plaza ( Sinclair )",208-454-2084 I-84 Exit 29 ( US 20-26 ),24 480 L 00,Caldwell,83605,Sage Travel Plaza ( Sinclair ),208-454-2084,2007,Caldwell,ID,Sinclair,( US 20-26 ),I-84 Exit 29 ,Exit,29,False,,False,I-84,,,,,[],[],[],[],[],"[402, 416, 422, 423, 465, 851, 867, 874, 875, 912]","[31, 142, 147, 180, 338, 352, 367, 387, 403, 405, 408, 410, 455, 465, 466, 468, 470, 472, 473, 483, 484, 514, 613, 618, 651, 794, 807, 837, 852, 854, 858, 861, 902, 912, 913, 915, 917, 919, 920, 931, 934, 935]","[31, 142, 147, 180, 338, 352, 367, 386, 387, 403, 405, 408, 410, 455, 465, 466, 468, 470, 472, 473, 483, 484, 514, 613, 618, 651, 794, 807, 836, 837, 852, 854, 858, 861, 902, 912, 913, 915, 917, 919, 920, 931, 934, 935]","[514, 387, 386, 902, 651, 142, 912, 913, 402, 147, 403, 405, 915, 917, 408, 919, 410, 794, 920, 31, 416, 931, 422, 423, 807, 934, 935, 180, 836, 837, 455, 465, 338, 851, 466, 468, 470, 852, 472, 473, 854, 858, 861, 352, 867, 483, 484, 613, 874, 875, 618, 367]",False,[],[],[],[],"[402, 416, 422, 423, 465, 851, 867, 874, 875, 912]","[31, 142, 147, 180, 338, 352, 367, 386, 387, 403, 405, 408, 410, 455, 465, 466, 468, 470, 472, 473, 483, 484, 514, 613, 618, 651, 794, 807, 836, 837, 852, 854, 858, 861, 902, 912, 913, 915, 917, 919, 920, 931, 934, 935]","[31, 142, 147, 180, 338, 352, 367, 387, 403, 405, 408, 410, 455, 465, 466, 468, 470, 472, 473, 483, 484, 514, 613, 618, 651, 794, 807, 837, 852, 854, 858, 861, 902, 912, 913, 915, 917, 919, 920, 931, 934, 935]",0/6 successful match,False,,False,82,False,,1.0,True,Sage Travel Plaza ( ) Sinclair ),Sinclair
"Caldwell , 83605 Sage Travel Plaza ( Sinclair )",2 208-454-2084 I-84 Exit 29 ( US 20-26 ),24 24,Caldwell,83605,Sage Travel Plaza ( Sinclair ),208-454-2084,2008,Caldwell,ID,Sinclair,( US 20-26 ),I-84 Exit 29 ,Exit,29,False,,False,I-84,,,,,[],[],[],[],[],"[402, 416, 422, 423, 465, 851, 867, 874, 875, 912]","[31, 142, 147, 180, 338, 352, 367, 387, 403, 405, 408, 410, 455, 465, 466, 468, 470, 472, 473, 483, 484, 514, 613, 618, 651, 794, 807, 837, 852, 854, 858, 861, 902, 912, 913, 915, 917, 919, 920, 931, 934, 935]","[31, 142, 147, 180, 338, 352, 367, 386, 387, 403, 405, 408, 410, 455, 465, 466, 468, 470, 472, 473, 483, 484, 514, 613, 618, 651, 794, 807, 836, 837, 852, 854, 858, 861, 902, 912, 913, 915, 917, 919, 920, 931, 934, 935]","[514, 387, 386, 902, 651, 142, 912, 913, 402, 147, 403, 405, 915, 917, 408, 919, 410, 794, 920, 31, 416, 931, 422, 423, 807, 934, 935, 180, 836, 837, 455, 465, 338, 851, 466, 468, 470, 852, 472, 473, 854, 858, 861, 352, 867, 483, 484, 613, 874, 875, 618, 367]",False,[],[],[],[],"[402, 416, 422, 423, 465, 851, 867, 874, 875, 912]","[31, 142, 147, 180, 338, 352, 367, 386, 387, 403, 405, 408, 410, 455, 465, 466, 468, 470, 472, 473, 483, 484, 514, 613, 618, 651, 794, 807, 836, 837, 852, 854, 858, 861, 902, 912, 913, 915, 917, 919, 920, 931, 934, 935]","[31, 142, 147, 180, 338, 352, 367, 387, 403, 405, 408, 410, 455, 465, 466, 468, 470, 472, 473, 483, 484, 514, 613, 618, 651, 794, 807, 837, 852, 854, 858, 861, 902, 912, 913, 915, 917, 919, 920, 931, 934, 935]",0/6 successful match,False,,False,82,False,,1.0,True,Sage Travel Plaza ( Sinclair ),Sinclair
H Caldwell ( 83605 ) Sage Travel Plaza ( Sinclair ),2 208-454-2084 I-84 Exit 29 ( US 20-26 ),24 L,Caldwell,83605,Sage Travel Plaza ( Sinclair ),208-454-2084,2014,Caldwell,ID,Sinclair,( US 20-26 ),I-84 Exit 29 ,Exit,29,False,,False,I-84,,,,,[],[],[],[],[],"[402, 416, 422, 423, 465, 851, 867, 874, 875, 912]","[31, 142, 147, 180, 338, 352, 367, 387, 403, 405, 408, 410, 455, 465, 466, 468, 470, 472, 473, 483, 484, 514, 613, 618, 651, 794, 807, 837, 852, 854, 858, 861, 902, 912, 913, 915, 917, 919, 920, 931, 934, 935]","[31, 142, 147, 180, 338, 352, 367, 386, 387, 403, 405, 408, 410, 455, 465, 466, 468, 470, 472, 473, 483, 484, 514, 613, 618, 651, 794, 807, 836, 837, 852, 854, 858, 861, 902, 912, 913, 915, 917, 919, 920, 931, 934, 935]","[514, 387, 386, 902, 651, 142, 912, 913, 402, 147, 403, 405, 915, 917, 408, 919, 410, 794, 920, 31, 416, 931, 422, 423, 807, 934, 935, 180, 836, 837, 455, 465, 338, 851, 466, 468, 470, 852, 472, 473, 854, 858, 861, 352, 867, 483, 484, 613, 874, 875, 618, 367]",False,[],[],[],[],"[402, 416, 422, 423, 465, 851, 867, 874, 875, 912]","[31, 142, 147, 180, 338, 352, 367, 386, 387, 403, 405, 408, 410, 455, 465, 466, 468, 470, 472, 473, 483, 484, 514, 613, 618, 651, 794, 807, 836, 837, 852, 854, 858, 861, 902, 912, 913, 915, 917, 919, 920, 931, 934, 935]","[31, 142, 147, 180, 338, 352, 367, 387, 403, 405, 408, 410, 455, 465, 466, 468, 470, 472, 473, 483, 484, 514, 613, 618, 651, 794, 807, 837, 852, 854, 858, 861, 902, 912, 913, 915, 917, 919, 920, 931, 934, 935]",0/6 successful match,False,,False,82,False,,1.0,True,Sage Travel Plaza ( Sinclair ),Sinclair
H Caldwell ( 83605 ) Sage Travel Plaza ( Sinclair ),208-454-2084 I-84 Exit 29 ( US 20-26 ),24 L <U+2610>,Caldwell,83605,Sage Travel Plaza ( Sinclair ),208-454-2084,2015,Caldwell,ID,Sinclair,( US 20-26 ),I-84 Exit 29 ,Exit,29,False,,False,I-84,,,,,[],[],[],[],[],"[402, 416, 422, 423, 465, 851, 867, 874, 875, 912]","[31, 142, 147, 180, 338, 352, 367, 387, 403, 405, 408, 410, 455, 465, 466, 468, 470, 472, 473, 483, 484, 514, 613, 618, 651, 794, 807, 837, 852, 854, 858, 861, 902, 912, 913, 915, 917, 919, 920, 931, 934, 935]","[31, 142, 147, 180, 338, 352, 367, 386, 387, 403, 405, 408, 410, 455, 465, 466, 468, 470, 472, 473, 483, 484, 514, 613, 618, 651, 794, 807, 836, 837, 852, 854, 858, 861, 902, 912, 913, 915, 917, 919, 920, 931, 934, 935]","[514, 387, 386, 902, 651, 142, 912, 913, 402, 147, 403, 405, 915, 917, 408, 919, 410, 794, 920, 31, 416, 931, 422, 423, 807, 934, 935, 180, 836, 837, 455, 465, 338, 851, 466, 468, 470, 852, 472, 473, 854, 858, 861, 352, 867, 483, 484, 613, 874, 875, 618, 367]",False,[],[],[],[],"[402, 416, 422, 423, 465, 851, 867, 874, 875, 912]","[31, 142, 147, 180, 338, 352, 367, 386, 387, 403, 405, 408, 410, 455, 465, 466, 468, 470, 472, 473, 483, 484, 514, 613, 618, 651, 794, 807, 836, 837, 852, 854, 858, 861, 902, 912, 913, 915, 917, 919, 920, 931, 934, 935]","[31, 142, 147, 180, 338, 352, 367, 387, 403, 405, 408, 410, 455, 465, 466, 468, 470, 472, 473, 483, 484, 514, 613, 618, 651, 794, 807, 837, 852, 854, 858, 861, 902, 912, 913, 915, 917, 919, 920, 931, 934, 935]",0/6 successful match,False,,False,82,False,,1.0,True,Sage Travel Plaza ( Sinclair ),Sinclair
H Caldwell ( 83605 ) Sage Travel Plaza 20 ( Sinclair ) ),2 208-454-2084 I-84 Exit 29 ( US 20-26 ),24 L <U+2610> <U+2610><U+2610>,Caldwell,83605,Sage Travel Plaza 20 ( Sinclair ) ),208-454-2084,2016,Caldwell,ID,Sinclair,( US 20-26 ),I-84 Exit 29 ,Exit,29,False,,False,I-84,,,,,[],[],[],[],[],"[402, 416, 422, 423, 465, 851, 867, 874, 875, 912]","[31, 142, 147, 180, 338, 352, 367, 387, 403, 405, 408, 410, 455, 465, 466, 468, 470, 472, 473, 483, 484, 514, 613, 618, 651, 794, 807, 837, 852, 854, 858, 861, 902, 912, 913, 915, 917, 919, 920, 931, 934, 935]","[31, 142, 147, 180, 338, 352, 367, 386, 387, 403, 405, 408, 410, 455, 465, 466, 468, 470, 472, 473, 483, 484, 514, 613, 618, 651, 794, 807, 836, 837, 852, 854, 858, 861, 902, 912, 913, 915, 917, 919, 920, 931, 934, 935]","[514, 387, 386, 902, 651, 142, 912, 913, 402, 147, 403, 405, 915, 917, 408, 919, 410, 794, 920, 31, 416, 931, 422, 423, 807, 934, 935, 180, 836, 837, 455, 465, 338, 851, 466, 468, 470, 852, 472, 473, 854, 858, 861, 352, 867, 483, 484, 613, 874, 875, 618, 367]",False,[],[],[],[],"[402, 416, 422, 423, 465, 851, 867, 874, 875, 912]","[31, 142, 147, 180, 338, 352, 367, 386, 387, 403, 405, 408, 410, 455, 465, 466, 468, 470, 472, 473, 483, 484, 514, 613, 618, 651, 794, 807, 836, 837, 852, 854, 858, 861, 902, 912, 913, 915, 917, 919, 920, 931, 934, 935]","[31, 142, 147, 180, 338, 352, 367, 387, 403, 405, 408, 410, 455, 465, 466, 468, 470, 472, 473, 483, 484, 514, 613, 618, 651, 794, 807, 837, 852, 854, 858, 861, 902, 912, 913, 915, 917, 919, 920, 931, 934, 935]",0/6 successful match,False,,False,82,False,,1.0,True,Sage Travel Plaza ( Sinclair ),Sinclair
"Black Canyon , 83607 Stinker Station # 45 ( Sinclair",208-454-9179 I-84 Exit 13 ),S,Black Canyon,83607,Stinker Station # 45 ( Sinclair,208-454-9179,2006,Caldwell,ID,Sinclair,,I-84 Exit 13 ,Exit,13,False,,False,I-84,,,,,[],[],"[405, 854]","[127, 145, 401, 598, 616, 850]",[],"[402, 416, 422, 423, 465, 851, 867, 874, 875, 912]","[31, 142, 147, 180, 338, 352, 367, 387, 403, 405, 408, 410, 455, 465, 466, 468, 470, 472, 473, 483, 484, 514, 613, 618, 651, 794, 807, 837, 852, 854, 858, 861, 902, 912, 913, 915, 917, 919, 920, 931, 934, 935]","[31, 142, 147, 180, 338, 352, 367, 387, 403, 405, 408, 410, 455, 465, 466, 468, 470, 472, 473, 483, 484, 514, 613, 618, 651, 794, 807, 837, 852, 854, 858, 861, 902, 912, 913, 915, 917, 919, 920, 931, 934, 935]","[514, 387, 902, 651, 142, 912, 145, 401, 402, 147, 405, 403, 913, 408, 915, 410, 794, 917, 919, 920, 31, 416, 931, 422, 423, 807, 934, 935, 180, 837, 455, 465, 850, 851, 338, 466, 854, 598, 468, 470, 472, 473, 852, 858, 861, 352, 867, 483, 484, 613, 616, 874, 875, 618, 367, 127]",False,[],[],"[405, 854]","[127, 145, 401, 598, 616, 850]","[402, 416, 422, 423, 465, 851, 867, 874, 875, 912]","[31, 142, 147, 180, 338, 352, 367, 387, 403, 405, 408, 410, 455, 465, 466, 468, 470, 472, 473, 483, 484, 514, 613, 618, 651, 794, 807, 837, 852, 854, 858, 861, 902, 912, 913, 915, 917, 919, 920, 931, 934, 935]","[31, 142, 147, 180, 338, 352, 367, 387, 403, 405, 408, 410, 455, 465, 466, 468, 470, 472, 473, 483, 484, 514, 613, 618, 651, 794, 807, 837, 852, 854, 858, 861, 902, 912, 913, 915, 917, 919, 920, 931, 934, 935]",0/6 successful match,False,,False,83,False,,,,,
"Black Canyon , 83607 Stinker Station # 45 ( Sinclair )",2 208-454-9179 I-84 Exit 13,HRS 24 M,Black Canyon,83607,Stinker Station # 45 ( Sinclair ),208-454-9179,2007,Caldwell,ID,Sinclair,,I-84 Exit 13,Exit,13,False,,False,I-84,,,,,[],[],"[405, 854]","[127, 145, 401, 598, 616, 850]",[],"[402, 416, 422, 423, 465, 851, 867, 874, 875, 912]","[31, 142, 147, 180, 338, 352, 367, 387, 403, 405, 408, 410, 455, 465, 466, 468, 470, 472, 473, 483, 484, 514, 613, 618, 651, 794, 807, 837, 852, 854, 858, 861, 902, 912, 913, 915, 917, 919, 920, 931, 934, 935]","[31, 142, 147, 180, 338, 352, 367, 387, 403, 405, 408, 410, 455, 465, 466, 468, 470, 472, 473, 483, 484, 514, 613, 618, 651, 794, 807, 837, 852, 854, 858, 861, 902, 912, 913, 915, 917, 919, 920, 931, 934, 935]","[514, 387, 902, 651, 142, 912, 145, 401, 402, 147, 405, 403, 913, 408, 915, 410, 794, 917, 919, 920, 31, 416, 931, 422, 423, 807, 934, 935, 180, 837, 455, 465, 850, 851, 338, 466, 854, 598, 468, 470, 472, 473, 852, 858, 861, 352, 867, 483, 484, 613, 616, 874, 875, 618, 367, 127]",False,[],[],"[405, 854]","[127, 145, 401, 598, 616, 850]","[402, 416, 422, 423, 465, 851, 867, 874, 875, 912]","[31, 142, 147, 180, 338, 352, 367, 387, 403, 405, 408, 410, 455, 465, 466, 468, 470, 472, 473, 483, 484, 514, 613, 618, 651, 794, 807, 837, 852, 854, 858, 861, 902, 912, 913, 915, 917, 919, 920, 931, 934, 935]","[31, 142, 147, 180, 338, 352, 367, 387, 403, 405, 408, 410, 455, 465, 466, 468, 470, 472, 473, 483, 484, 514, 613, 618, 651, 794, 807, 837, 852, 854, 858, 861, 902, 912, 913, 915, 917, 919, 920, 931, 934, 935]",0/6 successful match,False,,False,83,False,,1.0,True,Stinker Station # 45 ( Sinclair,Sinclair
"Black Canyon , 83607 Stinker Station # 45 ( Sinclair )",2 208-454-9179 I-84 Exit 13,HS 24 LO 24,Black Canyon,83607,Stinker Station # 45 ( Sinclair ),208-454-9179,2008,Caldwell,ID,Sinclair,,I-84 Exit 13,Exit,13,False,,False,I-84,,,,,[],[],"[405, 854]","[127, 145, 401, 598, 616, 850]",[],"[402, 416, 422, 423, 465, 851, 867, 874, 875, 912]","[31, 142, 147, 180, 338, 352, 367, 387, 403, 405, 408, 410, 455, 465, 466, 468, 470, 472, 473, 483, 484, 514, 613, 618, 651, 794, 807, 837, 852, 854, 858, 861, 902, 912, 913, 915, 917, 919, 920, 931, 934, 935]","[31, 142, 147, 180, 338, 352, 367, 387, 403, 405, 408, 410, 455, 465, 466, 468, 470, 472, 473, 483, 484, 514, 613, 618, 651, 794, 807, 837, 852, 854, 858, 861, 902, 912, 913, 915, 917, 919, 920, 931, 934, 935]","[514, 387, 902, 651, 142, 912, 145, 401, 402, 147, 405, 403, 913, 408, 915, 410, 794, 917, 919, 920, 31, 416, 931, 422, 423, 807, 934, 935, 180, 837, 455, 465, 850, 851, 338, 466, 854, 598, 468, 470, 472, 473, 852, 858, 861, 352, 867, 483, 484, 613, 616, 874, 875, 618, 367, 127]",False,[],[],"[405, 854]","[127, 145, 401, 598, 616, 850]","[402, 416, 422, 423, 465, 851, 867, 874, 875, 912]","[31, 142, 147, 180, 338, 352, 367, 387, 403, 405, 408, 410, 455, 465, 466, 468, 470, 472, 473, 483, 484, 514, 613, 618, 651, 794, 807, 837, 852, 854, 858, 861, 902, 912, 913, 915, 917, 919, 920, 931, 934, 935]","[31, 142, 147, 180, 338, 352, 367, 387, 403, 405, 408, 410, 455, 465, 466, 468, 470, 472, 473, 483, 484, 514, 613, 618, 651, 794, 807, 837, 852, 854, 858, 861, 902, 912, 913, 915, 917, 919, 920, 931, 934, 935]",0/6 successful match,False,,False,83,False,,1.0,True,Stinker Station # 45 ( Sinclair ),Sinclair
H Black Canyon ( 83607 ) Stinker Station # 45 ( Sinclair ),208-454-9179 I-84 Exit 13,24 M <U+25A1>,Black Canyon,83607,Stinker Station # 45 ( Sinclair ),208-454-9179,2014,Caldwell,ID,Sinclair,,I-84 Exit 13,Exit,13,False,,False,I-84,,,,,[],[],"[405, 854]","[127, 145, 401, 598, 616, 850]",[],"[402, 416, 422, 423, 465, 851, 867, 874, 875, 912]","[31, 142, 147, 180, 338, 352, 367, 387, 403, 405, 408, 410, 455, 465, 466, 468, 470, 472, 473, 483, 484, 514, 613, 618, 651, 794, 807, 837, 852, 854, 858, 861, 902, 912, 913, 915, 917, 919, 920, 931, 934, 935]","[31, 142, 147, 180, 338, 352, 367, 387, 403, 405, 408, 410, 455, 465, 466, 468, 470, 472, 473, 483, 484, 514, 613, 618, 651, 794, 807, 837, 852, 854, 858, 861, 902, 912, 913, 915, 917, 919, 920, 931, 934, 935]","[514, 387, 902, 651, 142, 912, 145, 401, 402, 147, 405, 403, 913, 408, 915, 410, 794, 917, 919, 920, 31, 416, 931, 422, 423, 807, 934, 935, 180, 837, 455, 465, 850, 851, 338, 466, 854, 598, 468, 470, 472, 473, 852, 858, 861, 352, 867, 483, 484, 613, 616, 874, 875, 618, 367, 127]",False,[],[],"[405, 854]","[127, 145, 401, 598, 616, 850]","[402, 416, 422, 423, 465, 851, 867, 874, 875, 912]","[31, 142, 147, 180, 338, 352, 367, 387, 403, 405, 408, 410, 455, 465, 466, 468, 470, 472, 473, 483, 484, 514, 613, 618, 651, 794, 807, 837, 852, 854, 858, 861, 902, 912, 913, 915, 917, 919, 920, 931, 934, 935]","[31, 142, 147, 180, 338, 352, 367, 387, 403, 405, 408, 410, 455, 465, 466, 468, 470, 472, 473, 483, 484, 514, 613, 618, 651, 794, 807, 837, 852, 854, 858, 861, 902, 912, 913, 915, 917, 919, 920, 931, 934, 935]",0/6 successful match,False,,False,83,False,,1.0,True,Stinker Station # 45 ( Sinclair ),Sinclair
Black Canyon ( 83607 ) Stinker Station # 45 ( 1/2 ( Sinclair mi SE of US 93 ),208-454-9179 I-84 Exit 13 ),24 M M B,Black Canyon,83607,Stinker Station # 45 ( 1/2 ( Sinclair mi SE of US 93 ),208-454-9179,2015,Caldwell,ID,Sinclair,,I-84 Exit 13 ,Exit,13,False,,False,I-84,,,,,[],[],"[405, 854]","[127, 145, 401, 598, 616, 850]",[],"[402, 416, 422, 423, 465, 851, 867, 874, 875, 912]","[31, 142, 147, 180, 338, 352, 367, 387, 403, 405, 408, 410, 455, 465, 466, 468, 470, 472, 473, 483, 484, 514, 613, 618, 651, 794, 807, 837, 852, 854, 858, 861, 902, 912, 913, 915, 917, 919, 920, 931, 934, 935]","[31, 142, 147, 180, 338, 352, 367, 387, 403, 405, 408, 410, 455, 465, 466, 468, 470, 472, 473, 483, 484, 514, 613, 618, 651, 794, 807, 837, 852, 854, 858, 861, 902, 912, 913, 915, 917, 919, 920, 931, 934, 935]","[514, 387, 902, 651, 142, 912, 145, 401, 402, 147, 405, 403, 913, 408, 915, 410, 794, 917, 919, 920, 31, 416, 931, 422, 423, 807, 934, 935, 180, 837, 455, 465, 850, 851, 338, 466, 854, 598, 468, 470, 472, 473, 852, 858, 861, 352, 867, 483, 484, 613, 616, 874, 875, 618, 367, 127]",False,[],[],"[405, 854]","[127, 145, 401, 598, 616, 850]","[402, 416, 422, 423, 465, 851, 867, 874, 875, 912]","[31, 142, 147, 180, 338, 352, 367, 387, 403, 405, 408, 410, 455, 465, 466, 468, 470, 472, 473, 483, 484, 514, 613, 618, 651, 794, 807, 837, 852, 854, 858, 861, 902, 912, 913, 915, 917, 919, 920, 931, 934, 935]","[31, 142, 147, 180, 338, 352, 367, 387, 403, 405, 408, 410, 455, 465, 466, 468, 470, 472, 473, 483, 484, 514, 613, 618, 651, 794, 807, 837, 852, 854, 858, 861, 902, 912, 913, 915, 917, 919, 920, 931, 934, 935]",0/6 successful match,False,,False,83,False,,1.0,True,Stinker Station # 45 ( Sinclair ),Sinclair
Black Canyon ( 83607 ) Stinker Station # 45 ( Sinclair ) 93 ),208-454-9179 I-84 Exit 13,24 M <U+2610>,Black Canyon,83607,Stinker Station # 45 ( Sinclair ) 93 ),208-454-9179,2016,Caldwell,ID,Sinclair,,I-84 Exit 13,Exit,13,False,,False,I-84,,,,,[],[],"[405, 854]","[127, 145, 401, 598, 616, 850]",[],"[402, 416, 422, 423, 465, 851, 867, 874, 875, 912]","[31, 142, 147, 180, 338, 352, 367, 387, 403, 405, 408, 410, 455, 465, 466, 468, 470, 472, 473, 483, 484, 514, 613, 618, 651, 794, 807, 837, 852, 854, 858, 861, 902, 912, 913, 915, 917, 919, 920, 931, 934, 935]","[31, 142, 147, 180, 338, 352, 367, 387, 403, 405, 408, 410, 455, 465, 466, 468, 470, 472, 473, 483, 484, 514, 613, 618, 651, 794, 807, 837, 852, 854, 858, 861, 902, 912, 913, 915, 917, 919, 920, 931, 934, 935]","[514, 387, 902, 651, 142, 912, 145, 401, 402, 147, 405, 403, 913, 408, 915, 410, 794, 917, 919, 920, 31, 416, 931, 422, 423, 807, 934, 935, 180, 837, 455, 465, 850, 851, 338, 466, 854, 598, 468, 470, 472, 473, 852, 858, 861, 352, 867, 483, 484, 613, 616, 874, 875, 618, 367, 127]",False,[],[],"[405, 854]","[127, 145, 401, 598, 616, 850]","[402, 416, 422, 423, 465, 851, 867, 874, 875, 912]","[31, 142, 147, 180, 338, 352, 367, 387, 403, 405, 408, 410, 455, 465, 466, 468, 470, 472, 473, 483, 484, 514, 613, 618, 651, 794, 807, 837, 852, 854, 858, 861, 902, 912, 913, 915, 917, 919, 920, 931, 934, 935]","[31, 142, 147, 180, 338, 352, 367, 387, 403, 405, 408, 410, 455, 465, 466, 468, 470, 472, 473, 483, 484, 514, 613, 618, 651, 794, 807, 837, 852, 854, 858, 861, 902, 912, 913, 915, 917, 919, 920, 931, 934, 935]",0/6 successful match,False,,False,83,False,,1.0,True,Stinker Station # 45 ( 1/2 ( Sinclair mi SE of US 93 ),Sinclair
"F Council , 83612 Shell Fuel & Food",208-253-0093 US 95 S,S,Council,83612,Shell Fuel & Food,208-253-0093,2006,Council,ID,Shell,,US 95 S,empty,,False,,False,US 95,,,,,[],[],[],[],[],"[8, 43, 71, 84, 86, 339, 348, 354, 360, 369, 382, 383, 384, 389, 390, 523, 546, 555, 557, 795, 803, 809, 819, 832, 833, 834, 839, 840]","[1, 13, 14, 29, 54, 55, 56, 57, 58, 60, 102, 118, 125, 127, 130, 134, 146, 149, 153, 175, 182, 187, 189, 191, 197, 225, 230, 238, 264, 265, 266, 286, 302, 317, 336, 379, 388, 389, 425, 454, 458, 463, 475, 487, 498, 499, 512, 530, 531, 532, 533, 534, 536, 573, 589, 596, 598, 601, 605, 617, 620, 624, 646, 653, 658, 660, 662, 668, 689, 694, 702, 724, 725, 745, 760, 775, 793, 829, 838, 839, 877, 901, 903, 905, 910, 923]","[1, 13, 14, 29, 54, 55, 56, 57, 58, 60, 102, 118, 125, 127, 130, 134, 146, 149, 153, 175, 182, 187, 189, 191, 197, 225, 230, 238, 264, 265, 266, 286, 302, 317, 336, 354, 379, 388, 389, 425, 454, 458, 463, 475, 487, 498, 499, 512, 530, 531, 532, 533, 534, 536, 573, 589, 596, 598, 601, 605, 617, 620, 624, 646, 653, 658, 660, 662, 668, 689, 694, 702, 724, 725, 745, 760, 775, 793, 809, 829, 838, 839, 877, 901, 903, 905, 910, 923]","[512, 1, 8, 523, 13, 14, 530, 531, 532, 533, 534, 536, 29, 546, 43, 555, 557, 54, 55, 56, 57, 58, 60, 573, 71, 589, 84, 596, 86, 598, 601, 605, 102, 617, 620, 624, 118, 125, 127, 130, 134, 646, 653, 146, 658, 660, 149, 662, 153, 668, 175, 689, 182, 694, 187, 189, 702, 191, 197, 724, 725, 225, 230, 745, 238, 760, 775, 264, 265, 266, 793, 795, 286, 803, 809, 302, 819, 317, 829, 832, 833, 834, 838, 839, 840, 336, 339, 348, 354, 360, 877, 369, 379, 382, 383, 384, 388, 389, 390, 901, 903, 905, 910, 923, 425, 454, 458, 463, 475, 487, 498, 499]",False,[],[],[],[],"[8, 43, 71, 84, 86, 339, 348, 354, 360, 369, 382, 383, 384, 389, 390, 523, 546, 555, 557, 795, 803, 809, 819, 832, 833, 834, 839, 840]","[1, 13, 14, 29, 54, 55, 56, 57, 58, 60, 102, 118, 125, 127, 130, 134, 146, 149, 153, 175, 182, 187, 189, 191, 197, 225, 230, 238, 264, 265, 266, 286, 302, 317, 336, 354, 379, 388, 389, 425, 454, 458, 463, 475, 487, 498, 499, 512, 530, 531, 532, 533, 534, 536, 573, 589, 596, 598, 601, 605, 617, 620, 624, 646, 653, 658, 660, 662, 668, 689, 694, 702, 724, 725, 745, 760, 775, 793, 809, 829, 838, 839, 877, 901, 903, 905, 910, 923]","[1, 13, 14, 29, 54, 55, 56, 57, 58, 60, 102, 118, 125, 127, 130, 134, 146, 149, 153, 175, 182, 187, 189, 191, 197, 225, 230, 238, 264, 265, 266, 286, 302, 317, 336, 379, 388, 389, 425, 454, 458, 463, 475, 487, 498, 499, 512, 530, 531, 532, 533, 534, 536, 573, 589, 596, 598, 601, 605, 617, 620, 624, 646, 653, 658, 660, 662, 668, 689, 694, 702, 724, 725, 745, 760, 775, 793, 829, 838, 839, 877, 901, 903, 905, 910, 923]",0/6 successful match,False,,False,84,False,,,,,
"F Council , 83612 Shell Fuel & Food",208-253-0093 US 95 S,S 0,Council,83612,Shell Fuel & Food,208-253-0093,2007,Council,ID,Shell,,US 95 S,empty,,False,,False,US 95,,,,,[],[],[],[],[],"[8, 43, 71, 84, 86, 339, 348, 354, 360, 369, 382, 383, 384, 389, 390, 523, 546, 555, 557, 795, 803, 809, 819, 832, 833, 834, 839, 840]","[1, 13, 14, 29, 54, 55, 56, 57, 58, 60, 102, 118, 125, 127, 130, 134, 146, 149, 153, 175, 182, 187, 189, 191, 197, 225, 230, 238, 264, 265, 266, 286, 302, 317, 336, 379, 388, 389, 425, 454, 458, 463, 475, 487, 498, 499, 512, 530, 531, 532, 533, 534, 536, 573, 589, 596, 598, 601, 605, 617, 620, 624, 646, 653, 658, 660, 662, 668, 689, 694, 702, 724, 725, 745, 760, 775, 793, 829, 838, 839, 877, 901, 903, 905, 910, 923]","[1, 13, 14, 29, 54, 55, 56, 57, 58, 60, 102, 118, 125, 127, 130, 134, 146, 149, 153, 175, 182, 187, 189, 191, 197, 225, 230, 238, 264, 265, 266, 286, 302, 317, 336, 354, 379, 388, 389, 425, 454, 458, 463, 475, 487, 498, 499, 512, 530, 531, 532, 533, 534, 536, 573, 589, 596, 598, 601, 605, 617, 620, 624, 646, 653, 658, 660, 662, 668, 689, 694, 702, 724, 725, 745, 760, 775, 793, 809, 829, 838, 839, 877, 901, 903, 905, 910, 923]","[512, 1, 8, 523, 13, 14, 530, 531, 532, 533, 534, 536, 29, 546, 43, 555, 557, 54, 55, 56, 57, 58, 60, 573, 71, 589, 84, 596, 86, 598, 601, 605, 102, 617, 620, 624, 118, 125, 127, 130, 134, 646, 653, 146, 658, 660, 149, 662, 153, 668, 175, 689, 182, 694, 187, 189, 702, 191, 197, 724, 725, 225, 230, 745, 238, 760, 775, 264, 265, 266, 793, 795, 286, 803, 809, 302, 819, 317, 829, 832, 833, 834, 838, 839, 840, 336, 339, 348, 354, 360, 877, 369, 379, 382, 383, 384, 388, 389, 390, 901, 903, 905, 910, 923, 425, 454, 458, 463, 475, 487, 498, 499]",False,[],[],[],[],"[8, 43, 71, 84, 86, 339, 348, 354, 360, 369, 382, 383, 384, 389, 390, 523, 546, 555, 557, 795, 803, 809, 819, 832, 833, 834, 839, 840]","[1, 13, 14, 29, 54, 55, 56, 57, 58, 60, 102, 118, 125, 127, 130, 134, 146, 149, 153, 175, 182, 187, 189, 191, 197, 225, 230, 238, 264, 265, 266, 286, 302, 317, 336, 354, 379, 388, 389, 425, 454, 458, 463, 475, 487, 498, 499, 512, 530, 531, 532, 533, 534, 536, 573, 589, 596, 598, 601, 605, 617, 620, 624, 646, 653, 658, 660, 662, 668, 689, 694, 702, 724, 725, 745, 760, 775, 793, 809, 829, 838, 839, 877, 901, 903, 905, 910, 923]","[1, 13, 14, 29, 54, 55, 56, 57, 58, 60, 102, 118, 125, 127, 130, 134, 146, 149, 153, 175, 182, 187, 189, 191, 197, 225, 230, 238, 264, 265, 266, 286, 302, 317, 336, 379, 388, 389, 425, 454, 458, 463, 475, 487, 498, 499, 512, 530, 531, 532, 533, 534, 536, 573, 589, 596, 598, 601, 605, 617, 620, 624, 646, 653, 658, 660, 662, 668, 689, 694, 702, 724, 725, 745, 760, 775, 793, 829, 838, 839, 877, 901, 903, 905, 910, 923]",0/6 successful match,False,,False,84,False,,1.0,True,Shell Fuel & Food,Shell
"Council , 83612 Shell Fuel & Food",208-253-0093 US 95 S,24 M <U+2610>,Council,83612,Shell Fuel & Food,208-253-0093,2008,Council,ID,Shell,,US 95 S,empty,,False,,False,US 95,,,,,[],[],[],[],[],"[8, 43, 71, 84, 86, 339, 348, 354, 360, 369, 382, 383, 384, 389, 390, 523, 546, 555, 557, 795, 803, 809, 819, 832, 833, 834, 839, 840]","[1, 13, 14, 29, 54, 55, 56, 57, 58, 60, 102, 118, 125, 127, 130, 134, 146, 149, 153, 175, 182, 187, 189, 191, 197, 225, 230, 238, 264, 265, 266, 286, 302, 317, 336, 379, 388, 389, 425, 454, 458, 463, 475, 487, 498, 499, 512, 530, 531, 532, 533, 534, 536, 573, 589, 596, 598, 601, 605, 617, 620, 624, 646, 653, 658, 660, 662, 668, 689, 694, 702, 724, 725, 745, 760, 775, 793, 829, 838, 839, 877, 901, 903, 905, 910, 923]","[1, 13, 14, 29, 54, 55, 56, 57, 58, 60, 102, 118, 125, 127, 130, 134, 146, 149, 153, 175, 182, 187, 189, 191, 197, 225, 230, 238, 264, 265, 266, 286, 302, 317, 336, 354, 379, 388, 389, 425, 454, 458, 463, 475, 487, 498, 499, 512, 530, 531, 532, 533, 534, 536, 573, 589, 596, 598, 601, 605, 617, 620, 624, 646, 653, 658, 660, 662, 668, 689, 694, 702, 724, 725, 745, 760, 775, 793, 809, 829, 838, 839, 877, 901, 903, 905, 910, 923]","[512, 1, 8, 523, 13, 14, 530, 531, 532, 533, 534, 536, 29, 546, 43, 555, 557, 54, 55, 56, 57, 58, 60, 573, 71, 589, 84, 596, 86, 598, 601, 605, 102, 617, 620, 624, 118, 125, 127, 130, 134, 646, 653, 146, 658, 660, 149, 662, 153, 668, 175, 689, 182, 694, 187, 189, 702, 191, 197, 724, 725, 225, 230, 745, 238, 760, 775, 264, 265, 266, 793, 795, 286, 803, 809, 302, 819, 317, 829, 832, 833, 834, 838, 839, 840, 336, 339, 348, 354, 360, 877, 369, 379, 382, 383, 384, 388, 389, 390, 901, 903, 905, 910, 923, 425, 454, 458, 463, 475, 487, 498, 499]",False,[],[],[],[],"[8, 43, 71, 84, 86, 339, 348, 354, 360, 369, 382, 383, 384, 389, 390, 523, 546, 555, 557, 795, 803, 809, 819, 832, 833, 834, 839, 840]","[1, 13, 14, 29, 54, 55, 56, 57, 58, 60, 102, 118, 125, 127, 130, 134, 146, 149, 153, 175, 182, 187, 189, 191, 197, 225, 230, 238, 264, 265, 266, 286, 302, 317, 336, 354, 379, 388, 389, 425, 454, 458, 463, 475, 487, 498, 499, 512, 530, 531, 532, 533, 534, 536, 573, 589, 596, 598, 601, 605, 617, 620, 624, 646, 653, 658, 660, 662, 668, 689, 694, 702, 724, 725, 745, 760, 775, 793, 809, 829, 838, 839, 877, 901, 903, 905, 910, 923]","[1, 13, 14, 29, 54, 55, 56, 57, 58, 60, 102, 118, 125, 127, 130, 134, 146, 149, 153, 175, 182, 187, 189, 191, 197, 225, 230, 238, 264, 265, 266, 286, 302, 317, 336, 379, 388, 389, 425, 454, 458, 463, 475, 487, 498, 499, 512, 530, 531, 532, 533, 534, 536, 573, 589, 596, 598, 601, 605, 617, 620, 624, 646, 653, 658, 660, 662, 668, 689, 694, 702, 724, 725, 745, 760, 775, 793, 829, 838, 839, 877, 901, 903, 905, 910, 923]",0/6 successful match,False,,False,84,False,,1.0,True,Shell Fuel & Food,Shell
F Council ( 83612 ) Food & Fuel ( Shell ),2 208-253-0093 US 95 S,<U+2610> SO,Council,83612,Food & Fuel ( Shell ),208-253-0093,2014,Council,ID,Shell,,US 95 S,empty,,False,,False,US 95,,,,,[],[],[],[],[],"[8, 43, 71, 84, 86, 339, 348, 354, 360, 369, 382, 383, 384, 389, 390, 523, 546, 555, 557, 795, 803, 809, 819, 832, 833, 834, 839, 840]","[1, 13, 14, 29, 54, 55, 56, 57, 58, 60, 102, 118, 125, 127, 130, 134, 146, 149, 153, 175, 182, 187, 189, 191, 197, 225, 230, 238, 264, 265, 266, 286, 302, 317, 336, 379, 388, 389, 425, 454, 458, 463, 475, 487, 498, 499, 512, 530, 531, 532, 533, 534, 536, 573, 589, 596, 598, 601, 605, 617, 620, 624, 646, 653, 658, 660, 662, 668, 689, 694, 702, 724, 725, 745, 760, 775, 793, 829, 838, 839, 877, 901, 903, 905, 910, 923]","[1, 13, 14, 29, 54, 55, 56, 57, 58, 60, 102, 118, 125, 127, 130, 134, 146, 149, 153, 175, 182, 187, 189, 191, 197, 225, 230, 238, 264, 265, 266, 286, 302, 317, 336, 354, 379, 388, 389, 425, 454, 458, 463, 475, 487, 498, 499, 512, 530, 531, 532, 533, 534, 536, 573, 589, 596, 598, 601, 605, 617, 620, 624, 646, 653, 658, 660, 662, 668, 689, 694, 702, 724, 725, 745, 760, 775, 793, 809, 829, 838, 839, 877, 901, 903, 905, 910, 923]","[512, 1, 8, 523, 13, 14, 530, 531, 532, 533, 534, 536, 29, 546, 43, 555, 557, 54, 55, 56, 57, 58, 60, 573, 71, 589, 84, 596, 86, 598, 601, 605, 102, 617, 620, 624, 118, 125, 127, 130, 134, 646, 653, 146, 658, 660, 149, 662, 153, 668, 175, 689, 182, 694, 187, 189, 702, 191, 197, 724, 725, 225, 230, 745, 238, 760, 775, 264, 265, 266, 793, 795, 286, 803, 809, 302, 819, 317, 829, 832, 833, 834, 838, 839, 840, 336, 339, 348, 354, 360, 877, 369, 379, 382, 383, 384, 388, 389, 390, 901, 903, 905, 910, 923, 425, 454, 458, 463, 475, 487, 498, 499]",False,[],[],[],[],"[8, 43, 71, 84, 86, 339, 348, 354, 360, 369, 382, 383, 384, 389, 390, 523, 546, 555, 557, 795, 803, 809, 819, 832, 833, 834, 839, 840]","[1, 13, 14, 29, 54, 55, 56, 57, 58, 60, 102, 118, 125, 127, 130, 134, 146, 149, 153, 175, 182, 187, 189, 191, 197, 225, 230, 238, 264, 265, 266, 286, 302, 317, 336, 354, 379, 388, 389, 425, 454, 458, 463, 475, 487, 498, 499, 512, 530, 531, 532, 533, 534, 536, 573, 589, 596, 598, 601, 605, 617, 620, 624, 646, 653, 658, 660, 662, 668, 689, 694, 702, 724, 725, 745, 760, 775, 793, 809, 829, 838, 839, 877, 901, 903, 905, 910, 923]","[1, 13, 14, 29, 54, 55, 56, 57, 58, 60, 102, 118, 125, 127, 130, 134, 146, 149, 153, 175, 182, 187, 189, 191, 197, 225, 230, 238, 264, 265, 266, 286, 302, 317, 336, 379, 388, 389, 425, 454, 458, 463, 475, 487, 498, 499, 512, 530, 531, 532, 533, 534, 536, 573, 589, 596, 598, 601, 605, 617, 620, 624, 646, 653, 658, 660, 662, 668, 689, 694, 702, 724, 725, 745, 760, 775, 793, 829, 838, 839, 877, 901, 903, 905, 910, 923]",0/6 successful match,False,,False,84,False,,0.8105263157894738,True,Shell Fuel & Food,Shell
Council ( 83612 ) Food & Fuel ( Shell ),208-253-0093 US 95 S,<U+25A1> S,Council,83612,Food & Fuel ( Shell ),208-253-0093,2015,Council,ID,Shell,,US 95 S,empty,,False,,False,US 95,,,,,[],[],[],[],[],"[8, 43, 71, 84, 86, 339, 348, 354, 360, 369, 382, 383, 384, 389, 390, 523, 546, 555, 557, 795, 803, 809, 819, 832, 833, 834, 839, 840]","[1, 13, 14, 29, 54, 55, 56, 57, 58, 60, 102, 118, 125, 127, 130, 134, 146, 149, 153, 175, 182, 187, 189, 191, 197, 225, 230, 238, 264, 265, 266, 286, 302, 317, 336, 379, 388, 389, 425, 454, 458, 463, 475, 487, 498, 499, 512, 530, 531, 532, 533, 534, 536, 573, 589, 596, 598, 601, 605, 617, 620, 624, 646, 653, 658, 660, 662, 668, 689, 694, 702, 724, 725, 745, 760, 775, 793, 829, 838, 839, 877, 901, 903, 905, 910, 923]","[1, 13, 14, 29, 54, 55, 56, 57, 58, 60, 102, 118, 125, 127, 130, 134, 146, 149, 153, 175, 182, 187, 189, 191, 197, 225, 230, 238, 264, 265, 266, 286, 302, 317, 336, 354, 379, 388, 389, 425, 454, 458, 463, 475, 487, 498, 499, 512, 530, 531, 532, 533, 534, 536, 573, 589, 596, 598, 601, 605, 617, 620, 624, 646, 653, 658, 660, 662, 668, 689, 694, 702, 724, 725, 745, 760, 775, 793, 809, 829, 838, 839, 877, 901, 903, 905, 910, 923]","[512, 1, 8, 523, 13, 14, 530, 531, 532, 533, 534, 536, 29, 546, 43, 555, 557, 54, 55, 56, 57, 58, 60, 573, 71, 589, 84, 596, 86, 598, 601, 605, 102, 617, 620, 624, 118, 125, 127, 130, 134, 646, 653, 146, 658, 660, 149, 662, 153, 668, 175, 689, 182, 694, 187, 189, 702, 191, 197, 724, 725, 225, 230, 745, 238, 760, 775, 264, 265, 266, 793, 795, 286, 803, 809, 302, 819, 317, 829, 832, 833, 834, 838, 839, 840, 336, 339, 348, 354, 360, 877, 369, 379, 382, 383, 384, 388, 389, 390, 901, 903, 905, 910, 923, 425, 454, 458, 463, 475, 487, 498, 499]",False,[],[],[],[],"[8, 43, 71, 84, 86, 339, 348, 354, 360, 369, 382, 383, 384, 389, 390, 523, 546, 555, 557, 795, 803, 809, 819, 832, 833, 834, 839, 840]","[1, 13, 14, 29, 54, 55, 56, 57, 58, 60, 102, 118, 125, 127, 130, 134, 146, 149, 153, 175, 182, 187, 189, 191, 197, 225, 230, 238, 264, 265, 266, 286, 302, 317, 336, 354, 379, 388, 389, 425, 454, 458, 463, 475, 487, 498, 499, 512, 530, 531, 532, 533, 534, 536, 573, 589, 596, 598, 601, 605, 617, 620, 624, 646, 653, 658, 660, 662, 668, 689, 694, 702, 724, 725, 745, 760, 775, 793, 809, 829, 838, 839, 877, 901, 903, 905, 910, 923]","[1, 13, 14, 29, 54, 55, 56, 57, 58, 60, 102, 118, 125, 127, 130, 134, 146, 149, 153, 175, 182, 187, 189, 191, 197, 225, 230, 238, 264, 265, 266, 286, 302, 317, 336, 379, 388, 389, 425, 454, 458, 463, 475, 487, 498, 499, 512, 530, 531, 532, 533, 534, 536, 573, 589, 596, 598, 601, 605, 617, 620, 624, 646, 653, 658, 660, 662, 668, 689, 694, 702, 724, 725, 745, 760, 775, 793, 829, 838, 839, 877, 901, 903, 905, 910, 923]",0/6 successful match,False,,False,84,False,,1.0,True,Food & Fuel ( Shell ),Shell
Council ( 83612 ) Food & Fuel ( Shell ),2 208-253-0093 US 95 S,S,Council,83612,Food & Fuel ( Shell ),208-253-0093,2016,Council,ID,Shell,,US 95 S,empty,,False,,False,US 95,,,,,[],[],[],[],[],"[8, 43, 71, 84, 86, 339, 348, 354, 360, 369, 382, 383, 384, 389, 390, 523, 546, 555, 557, 795, 803, 809, 819, 832, 833, 834, 839, 840]","[1, 13, 14, 29, 54, 55, 56, 57, 58, 60, 102, 118, 125, 127, 130, 134, 146, 149, 153, 175, 182, 187, 189, 191, 197, 225, 230, 238, 264, 265, 266, 286, 302, 317, 336, 379, 388, 389, 425, 454, 458, 463, 475, 487, 498, 499, 512, 530, 531, 532, 533, 534, 536, 573, 589, 596, 598, 601, 605, 617, 620, 624, 646, 653, 658, 660, 662, 668, 689, 694, 702, 724, 725, 745, 760, 775, 793, 829, 838, 839, 877, 901, 903, 905, 910, 923]","[1, 13, 14, 29, 54, 55, 56, 57, 58, 60, 102, 118, 125, 127, 130, 134, 146, 149, 153, 175, 182, 187, 189, 191, 197, 225, 230, 238, 264, 265, 266, 286, 302, 317, 336, 354, 379, 388, 389, 425, 454, 458, 463, 475, 487, 498, 499, 512, 530, 531, 532, 533, 534, 536, 573, 589, 596, 598, 601, 605, 617, 620, 624, 646, 653, 658, 660, 662, 668, 689, 694, 702, 724, 725, 745, 760, 775, 793, 809, 829, 838, 839, 877, 901, 903, 905, 910, 923]","[512, 1, 8, 523, 13, 14, 530, 531, 532, 533, 534, 536, 29, 546, 43, 555, 557, 54, 55, 56, 57, 58, 60, 573, 71, 589, 84, 596, 86, 598, 601, 605, 102, 617, 620, 624, 118, 125, 127, 130, 134, 646, 653, 146, 658, 660, 149, 662, 153, 668, 175, 689, 182, 694, 187, 189, 702, 191, 197, 724, 725, 225, 230, 745, 238, 760, 775, 264, 265, 266, 793, 795, 286, 803, 809, 302, 819, 317, 829, 832, 833, 834, 838, 839, 840, 336, 339, 348, 354, 360, 877, 369, 379, 382, 383, 384, 388, 389, 390, 901, 903, 905, 910, 923, 425, 454, 458, 463, 475, 487, 498, 499]",False,[],[],[],[],"[8, 43, 71, 84, 86, 339, 348, 354, 360, 369, 382, 383, 384, 389, 390, 523, 546, 555, 557, 795, 803, 809, 819, 832, 833, 834, 839, 840]","[1, 13, 14, 29, 54, 55, 56, 57, 58, 60, 102, 118, 125, 127, 130, 134, 146, 149, 153, 175, 182, 187, 189, 191, 197, 225, 230, 238, 264, 265, 266, 286, 302, 317, 336, 354, 379, 388, 389, 425, 454, 458, 463, 475, 487, 498, 499, 512, 530, 531, 532, 533, 534, 536, 573, 589, 596, 598, 601, 605, 617, 620, 624, 646, 653, 658, 660, 662, 668, 689, 694, 702, 724, 725, 745, 760, 775, 793, 809, 829, 838, 839, 877, 901, 903, 905, 910, 923]","[1, 13, 14, 29, 54, 55, 56, 57, 58, 60, 102, 118, 125, 127, 130, 134, 146, 149, 153, 175, 182, 187, 189, 191, 197, 225, 230, 238, 264, 265, 266, 286, 302, 317, 336, 379, 388, 389, 425, 454, 458, 463, 475, 487, 498, 499, 512, 530, 531, 532, 533, 534, 536, 573, 589, 596, 598, 601, 605, 617, 620, 624, 646, 653, 658, 660, 662, 668, 689, 694, 702, 724, 725, 745, 760, 775, 793, 829, 838, 839, 877, 901, 903, 905, 910, 923]",0/6 successful match,False,,False,84,False,,1.0,True,Food & Fuel ( Shell ),Shell
"Marsing , 83639 ION Truck Plaza ( Chevron",208-896-4141 US 95 & ID 55 ),S,Marsing,83639,ION Truck Plaza ( Chevron,208-896-4141,2006,Marsing,ID,Chevron,,US 95 & ID 55 ,empty,,False,,False,US 95,ID 55,,,,[],[],[],[],[],"[8, 43, 71, 84, 86, 215, 275, 339, 348, 354, 360, 369, 382, 383, 384, 389, 390, 523, 546, 555, 557, 734, 795, 803, 809, 819, 832, 833, 834, 839, 840]","[12, 24, 25, 28, 88, 100, 104, 119, 123, 129, 136, 137, 139, 140, 141, 148, 155, 169, 172, 179, 183, 185, 188, 196, 198, 217, 237, 267, 270, 278, 319, 321, 324, 325, 330, 334, 335, 354, 366, 369, 380, 383, 384, 386, 395, 407, 411, 423, 428, 436, 437, 452, 453, 456, 467, 471, 477, 478, 479, 497, 508, 511, 559, 571, 575, 590, 594, 600, 607, 608, 610, 611, 612, 619, 627, 640, 643, 650, 654, 656, 659, 667, 669, 685, 701, 726, 729, 737, 777, 779, 782, 783, 787, 790, 791, 809, 817, 819, 830, 833, 834, 836, 845, 856, 857, 860, 862, 875, 880, 887, 888, 899, 900, 914, 918, 921, 928, 929, 930]","[12, 24, 25, 28, 88, 100, 104, 119, 123, 129, 136, 137, 139, 140, 141, 148, 155, 169, 172, 179, 183, 185, 188, 196, 198, 217, 237, 267, 270, 278, 319, 321, 324, 325, 330, 334, 335, 354, 366, 369, 380, 383, 384, 386, 395, 407, 411, 423, 428, 436, 437, 452, 453, 456, 467, 471, 477, 478, 479, 497, 508, 511, 559, 571, 575, 590, 594, 600, 607, 608, 610, 611, 612, 619, 627, 640, 643, 650, 654, 656, 659, 667, 669, 685, 701, 726, 729, 737, 777, 779, 782, 783, 787, 790, 791, 809, 817, 819, 830, 833, 834, 836, 845, 856, 857, 860, 862, 875, 880, 887, 888, 899, 900, 914, 918, 921, 928, 929, 930]","[8, 523, 12, 24, 25, 28, 546, 43, 555, 557, 559, 571, 575, 71, 590, 594, 84, 86, 88, 600, 607, 608, 610, 611, 100, 612, 104, 619, 627, 119, 123, 640, 129, 643, 136, 137, 650, 139, 140, 141, 654, 656, 659, 148, 155, 667, 669, 169, 172, 685, 179, 183, 185, 188, 701, 196, 198, 726, 215, 217, 729, 734, 737, 237, 777, 267, 779, 270, 782, 783, 275, 787, 278, 790, 791, 795, 803, 809, 817, 819, 830, 319, 832, 833, 834, 321, 324, 325, 836, 839, 840, 330, 845, 334, 335, 339, 856, 857, 348, 860, 862, 354, 360, 875, 366, 880, 369, 887, 888, 380, 382, 383, 384, 386, 899, 900, 389, 390, 395, 914, 918, 407, 921, 411, 928, 929, 930, 423, 428, 436, 437, 452, 453, 456, 467, 471, 477, 478, 479, 497, 508, 511]",False,[],[],[],[],"[8, 43, 71, 84, 86, 215, 275, 339, 348, 354, 360, 369, 382, 383, 384, 389, 390, 523, 546, 555, 557, 734, 795, 803, 809, 819, 832, 833, 834, 839, 840]","[12, 24, 25, 28, 88, 100, 104, 119, 123, 129, 136, 137, 139, 140, 141, 148, 155, 169, 172, 179, 183, 185, 188, 196, 198, 217, 237, 267, 270, 278, 319, 321, 324, 325, 330, 334, 335, 354, 366, 369, 380, 383, 384, 386, 395, 407, 411, 423, 428, 436, 437, 452, 453, 456, 467, 471, 477, 478, 479, 497, 508, 511, 559, 571, 575, 590, 594, 600, 607, 608, 610, 611, 612, 619, 627, 640, 643, 650, 654, 656, 659, 667, 669, 685, 701, 726, 729, 737, 777, 779, 782, 783, 787, 790, 791, 809, 817, 819, 830, 833, 834, 836, 845, 856, 857, 860, 862, 875, 880, 887, 888, 899, 900, 914, 918, 921, 928, 929, 930]","[12, 24, 25, 28, 88, 100, 104, 119, 123, 129, 136, 137, 139, 140, 141, 148, 155, 169, 172, 179, 183, 185, 188, 196, 198, 217, 237, 267, 270, 278, 319, 321, 324, 325, 330, 334, 335, 354, 366, 369, 380, 383, 384, 386, 395, 407, 411, 423, 428, 436, 437, 452, 453, 456, 467, 471, 477, 478, 479, 497, 508, 511, 559, 571, 575, 590, 594, 600, 607, 608, 610, 611, 612, 619, 627, 640, 643, 650, 654, 656, 659, 667, 669, 685, 701, 726, 729, 737, 777, 779, 782, 783, 787, 790, 791, 809, 817, 819, 830, 833, 834, 836, 845, 856, 857, 860, 862, 875, 880, 887, 888, 899, 900, 914, 918, 921, 928, 929, 930]",0/6 successful match,False,,False,85,False,,,,,
"Marsing , 83639 ION Truck Plaza ( Chevron )",208-896-4141 US 95 & ID 55,HRS 24 M,Marsing,83639,ION Truck Plaza ( Chevron ),208-896-4141,2007,Marsing,ID,Chevron,,US 95 & ID 55,empty,,False,,False,US 95,ID 55,,,,[],[],[],[],[],"[8, 43, 71, 84, 86, 215, 275, 339, 348, 354, 360, 369, 382, 383, 384, 389, 390, 523, 546, 555, 557, 734, 795, 803, 809, 819, 832, 833, 834, 839, 840]","[12, 24, 25, 28, 88, 100, 104, 119, 123, 129, 136, 137, 139, 140, 141, 148, 155, 169, 172, 179, 183, 185, 188, 196, 198, 217, 237, 267, 270, 278, 319, 321, 324, 325, 330, 334, 335, 354, 366, 369, 380, 383, 384, 386, 395, 407, 411, 423, 428, 436, 437, 452, 453, 456, 467, 471, 477, 478, 479, 497, 508, 511, 559, 571, 575, 590, 594, 600, 607, 608, 610, 611, 612, 619, 627, 640, 643, 650, 654, 656, 659, 667, 669, 685, 701, 726, 729, 737, 777, 779, 782, 783, 787, 790, 791, 809, 817, 819, 830, 833, 834, 836, 845, 856, 857, 860, 862, 875, 880, 887, 888, 899, 900, 914, 918, 921, 928, 929, 930]","[12, 24, 25, 28, 88, 100, 104, 119, 123, 129, 136, 137, 139, 140, 141, 148, 155, 169, 172, 179, 183, 185, 188, 196, 198, 217, 237, 267, 270, 278, 319, 321, 324, 325, 330, 334, 335, 354, 366, 369, 380, 383, 384, 386, 395, 407, 411, 423, 428, 436, 437, 452, 453, 456, 467, 471, 477, 478, 479, 497, 508, 511, 559, 571, 575, 590, 594, 600, 607, 608, 610, 611, 612, 619, 627, 640, 643, 650, 654, 656, 659, 667, 669, 685, 701, 726, 729, 737, 777, 779, 782, 783, 787, 790, 791, 809, 817, 819, 830, 833, 834, 836, 845, 856, 857, 860, 862, 875, 880, 887, 888, 899, 900, 914, 918, 921, 928, 929, 930]","[8, 523, 12, 24, 25, 28, 546, 43, 555, 557, 559, 571, 575, 71, 590, 594, 84, 86, 88, 600, 607, 608, 610, 611, 100, 612, 104, 619, 627, 119, 123, 640, 129, 643, 136, 137, 650, 139, 140, 141, 654, 656, 659, 148, 155, 667, 669, 169, 172, 685, 179, 183, 185, 188, 701, 196, 198, 726, 215, 217, 729, 734, 737, 237, 777, 267, 779, 270, 782, 783, 275, 787, 278, 790, 791, 795, 803, 809, 817, 819, 830, 319, 832, 833, 834, 321, 324, 325, 836, 839, 840, 330, 845, 334, 335, 339, 856, 857, 348, 860, 862, 354, 360, 875, 366, 880, 369, 887, 888, 380, 382, 383, 384, 386, 899, 900, 389, 390, 395, 914, 918, 407, 921, 411, 928, 929, 930, 423, 428, 436, 437, 452, 453, 456, 467, 471, 477, 478, 479, 497, 508, 511]",False,[],[],[],[],"[8, 43, 71, 84, 86, 215, 275, 339, 348, 354, 360, 369, 382, 383, 384, 389, 390, 523, 546, 555, 557, 734, 795, 803, 809, 819, 832, 833, 834, 839, 840]","[12, 24, 25, 28, 88, 100, 104, 119, 123, 129, 136, 137, 139, 140, 141, 148, 155, 169, 172, 179, 183, 185, 188, 196, 198, 217, 237, 267, 270, 278, 319, 321, 324, 325, 330, 334, 335, 354, 366, 369, 380, 383, 384, 386, 395, 407, 411, 423, 428, 436, 437, 452, 453, 456, 467, 471, 477, 478, 479, 497, 508, 511, 559, 571, 575, 590, 594, 600, 607, 608, 610, 611, 612, 619, 627, 640, 643, 650, 654, 656, 659, 667, 669, 685, 701, 726, 729, 737, 777, 779, 782, 783, 787, 790, 791, 809, 817, 819, 830, 833, 834, 836, 845, 856, 857, 860, 862, 875, 880, 887, 888, 899, 900, 914, 918, 921, 928, 929, 930]","[12, 24, 25, 28, 88, 100, 104, 119, 123, 129, 136, 137, 139, 140, 141, 148, 155, 169, 172, 179, 183, 185, 188, 196, 198, 217, 237, 267, 270, 278, 319, 321, 324, 325, 330, 334, 335, 354, 366, 369, 380, 383, 384, 386, 395, 407, 411, 423, 428, 436, 437, 452, 453, 456, 467, 471, 477, 478, 479, 497, 508, 511, 559, 571, 575, 590, 594, 600, 607, 608, 610, 611, 612, 619, 627, 640, 643, 650, 654, 656, 659, 667, 669, 685, 701, 726, 729, 737, 777, 779, 782, 783, 787, 790, 791, 809, 817, 819, 830, 833, 834, 836, 845, 856, 857, 860, 862, 875, 880, 887, 888, 899, 900, 914, 918, 921, 928, 929, 930]",0/6 successful match,False,,False,85,False,,0.9884615384615385,True,ION Truck Plaza ( Chevron,Chevron
"Marsing , 83639 ION Exit Truck 245 Plaza (",208-896-4141 US 95 & ID 55 Chevron ),HOS 24 MO <U+2610> <U+25A1>,Marsing,83639,ION Exit Truck 245 Plaza (,208-896-4141,2008,Marsing,ID,,,US 95 & ID 55 Chevron ,empty,,False,,False,US 95,ID 55,,,,[],[],[],[],[],"[8, 43, 71, 84, 86, 215, 275, 339, 348, 354, 360, 369, 382, 383, 384, 389, 390, 523, 546, 555, 557, 734, 795, 803, 809, 819, 832, 833, 834, 839, 840]",[],[],"[384, 389, 390, 8, 523, 275, 795, 546, 803, 809, 43, 555, 557, 819, 832, 833, 834, 71, 839, 840, 339, 84, 86, 215, 348, 734, 354, 360, 369, 382, 383]",False,[],[],[],[],"[8, 43, 71, 84, 86, 215, 275, 339, 348, 354, 360, 369, 382, 383, 384, 389, 390, 523, 546, 555, 557, 734, 795, 803, 809, 819, 832, 833, 834, 839, 840]",[],[],0/6 successful match,False,,False,85,False,,0.5924528301886793,True,ION Truck Plaza ( Chevron ),Chevron
H Marsing ( 83639 ) ION Truck Plaza ( Chevron ),208-896-4141 US 95 & ID 55,24 R M <U+25A1><U+25A1> <U+25A1>,Marsing,83639,ION Truck Plaza ( Chevron ),208-896-4141,2014,Marsing,ID,Chevron,,US 95 & ID 55,empty,,False,,False,US 95,ID 55,,,,[],[],[],[],[],"[8, 43, 71, 84, 86, 215, 275, 339, 348, 354, 360, 369, 382, 383, 384, 389, 390, 523, 546, 555, 557, 734, 795, 803, 809, 819, 832, 833, 834, 839, 840]","[12, 24, 25, 28, 88, 100, 104, 119, 123, 129, 136, 137, 139, 140, 141, 148, 155, 169, 172, 179, 183, 185, 188, 196, 198, 217, 237, 267, 270, 278, 319, 321, 324, 325, 330, 334, 335, 354, 366, 369, 380, 383, 384, 386, 395, 407, 411, 423, 428, 436, 437, 452, 453, 456, 467, 471, 477, 478, 479, 497, 508, 511, 559, 571, 575, 590, 594, 600, 607, 608, 610, 611, 612, 619, 627, 640, 643, 650, 654, 656, 659, 667, 669, 685, 701, 726, 729, 737, 777, 779, 782, 783, 787, 790, 791, 809, 817, 819, 830, 833, 834, 836, 845, 856, 857, 860, 862, 875, 880, 887, 888, 899, 900, 914, 918, 921, 928, 929, 930]","[12, 24, 25, 28, 88, 100, 104, 119, 123, 129, 136, 137, 139, 140, 141, 148, 155, 169, 172, 179, 183, 185, 188, 196, 198, 217, 237, 267, 270, 278, 319, 321, 324, 325, 330, 334, 335, 354, 366, 369, 380, 383, 384, 386, 395, 407, 411, 423, 428, 436, 437, 452, 453, 456, 467, 471, 477, 478, 479, 497, 508, 511, 559, 571, 575, 590, 594, 600, 607, 608, 610, 611, 612, 619, 627, 640, 643, 650, 654, 656, 659, 667, 669, 685, 701, 726, 729, 737, 777, 779, 782, 783, 787, 790, 791, 809, 817, 819, 830, 833, 834, 836, 845, 856, 857, 860, 862, 875, 880, 887, 888, 899, 900, 914, 918, 921, 928, 929, 930]","[8, 523, 12, 24, 25, 28, 546, 43, 555, 557, 559, 571, 575, 71, 590, 594, 84, 86, 88, 600, 607, 608, 610, 611, 100, 612, 104, 619, 627, 119, 123, 640, 129, 643, 136, 137, 650, 139, 140, 141, 654, 656, 659, 148, 155, 667, 669, 169, 172, 685, 179, 183, 185, 188, 701, 196, 198, 726, 215, 217, 729, 734, 737, 237, 777, 267, 779, 270, 782, 783, 275, 787, 278, 790, 791, 795, 803, 809, 817, 819, 830, 319, 832, 833, 834, 321, 324, 325, 836, 839, 840, 330, 845, 334, 335, 339, 856, 857, 348, 860, 862, 354, 360, 875, 366, 880, 369, 887, 888, 380, 382, 383, 384, 386, 899, 900, 389, 390, 395, 914, 918, 407, 921, 411, 928, 929, 930, 423, 428, 436, 437, 452, 453, 456, 467, 471, 477, 478, 479, 497, 508, 511]",False,[],[],[],[],"[8, 43, 71, 84, 86, 215, 275, 339, 348, 354, 360, 369, 382, 383, 384, 389, 390, 523, 546, 555, 557, 734, 795, 803, 809, 819, 832, 833, 834, 839, 840]","[12, 24, 25, 28, 88, 100, 104, 119, 123, 129, 136, 137, 139, 140, 141, 148, 155, 169, 172, 179, 183, 185, 188, 196, 198, 217, 237, 267, 270, 278, 319, 321, 324, 325, 330, 334, 335, 354, 366, 369, 380, 383, 384, 386, 395, 407, 411, 423, 428, 436, 437, 452, 453, 456, 467, 471, 477, 478, 479, 497, 508, 511, 559, 571, 575, 590, 594, 600, 607, 608, 610, 611, 612, 619, 627, 640, 643, 650, 654, 656, 659, 667, 669, 685, 701, 726, 729, 737, 777, 779, 782, 783, 787, 790, 791, 809, 817, 819, 830, 833, 834, 836, 845, 856, 857, 860, 862, 875, 880, 887, 888, 899, 900, 914, 918, 921, 928, 929, 930]","[12, 24, 25, 28, 88, 100, 104, 119, 123, 129, 136, 137, 139, 140, 141, 148, 155, 169, 172, 179, 183, 185, 188, 196, 198, 217, 237, 267, 270, 278, 319, 321, 324, 325, 330, 334, 335, 354, 366, 369, 380, 383, 384, 386, 395, 407, 411, 423, 428, 436, 437, 452, 453, 456, 467, 471, 477, 478, 479, 497, 508, 511, 559, 571, 575, 590, 594, 600, 607, 608, 610, 611, 612, 619, 627, 640, 643, 650, 654, 656, 659, 667, 669, 685, 701, 726, 729, 737, 777, 779, 782, 783, 787, 790, 791, 809, 817, 819, 830, 833, 834, 836, 845, 856, 857, 860, 862, 875, 880, 887, 888, 899, 900, 914, 918, 921, 928, 929, 930]",0/6 successful match,False,,False,85,False,,0.5924528301886793,True,ION Exit Truck 245 Plaza (,
H Marsing ( 83639 ) Gem Stop ( Chevron ),208-896-4141 US 95 & ID 55,24 M <U+2610>,Marsing,83639,Gem Stop ( Chevron ),208-896-4141,2015,Marsing,ID,Chevron,,US 95 & ID 55,empty,,False,,False,US 95,ID 55,,,,[],[],[],[],[],"[8, 43, 71, 84, 86, 215, 275, 339, 348, 354, 360, 369, 382, 383, 384, 389, 390, 523, 546, 555, 557, 734, 795, 803, 809, 819, 832, 833, 834, 839, 840]","[12, 24, 25, 28, 88, 100, 104, 119, 123, 129, 136, 137, 139, 140, 141, 148, 155, 169, 172, 179, 183, 185, 188, 196, 198, 217, 237, 267, 270, 278, 319, 321, 324, 325, 330, 334, 335, 354, 366, 369, 380, 383, 384, 386, 395, 407, 411, 423, 428, 436, 437, 452, 453, 456, 467, 471, 477, 478, 479, 497, 508, 511, 559, 571, 575, 590, 594, 600, 607, 608, 610, 611, 612, 619, 627, 640, 643, 650, 654, 656, 659, 667, 669, 685, 701, 726, 729, 737, 777, 779, 782, 783, 787, 790, 791, 809, 817, 819, 830, 833, 834, 836, 845, 856, 857, 860, 862, 875, 880, 887, 888, 899, 900, 914, 918, 921, 928, 929, 930]","[12, 24, 25, 28, 88, 100, 104, 119, 123, 129, 136, 137, 139, 140, 141, 148, 155, 169, 172, 179, 183, 185, 188, 196, 198, 217, 237, 267, 270, 278, 319, 321, 324, 325, 330, 334, 335, 354, 366, 369, 380, 383, 384, 386, 395, 407, 411, 423, 428, 436, 437, 452, 453, 456, 467, 471, 477, 478, 479, 497, 508, 511, 559, 571, 575, 590, 594, 600, 607, 608, 610, 611, 612, 619, 627, 640, 643, 650, 654, 656, 659, 667, 669, 685, 701, 726, 729, 737, 777, 779, 782, 783, 787, 790, 791, 809, 817, 819, 830, 833, 834, 836, 845, 856, 857, 860, 862, 875, 880, 887, 888, 899, 900, 914, 918, 921, 928, 929, 930]","[8, 523, 12, 24, 25, 28, 546, 43, 555, 557, 559, 571, 575, 71, 590, 594, 84, 86, 88, 600, 607, 608, 610, 611, 100, 612, 104, 619, 627, 119, 123, 640, 129, 643, 136, 137, 650, 139, 140, 141, 654, 656, 659, 148, 155, 667, 669, 169, 172, 685, 179, 183, 185, 188, 701, 196, 198, 726, 215, 217, 729, 734, 737, 237, 777, 267, 779, 270, 782, 783, 275, 787, 278, 790, 791, 795, 803, 809, 817, 819, 830, 319, 832, 833, 834, 321, 324, 325, 836, 839, 840, 330, 845, 334, 335, 339, 856, 857, 348, 860, 862, 354, 360, 875, 366, 880, 369, 887, 888, 380, 382, 383, 384, 386, 899, 900, 389, 390, 395, 914, 918, 407, 921, 411, 928, 929, 930, 423, 428, 436, 437, 452, 453, 456, 467, 471, 477, 478, 479, 497, 508, 511]",False,[],[],[],[],"[8, 43, 71, 84, 86, 215, 275, 339, 348, 354, 360, 369, 382, 383, 384, 389, 390, 523, 546, 555, 557, 734, 795, 803, 809, 819, 832, 833, 834, 839, 840]","[12, 24, 25, 28, 88, 100, 104, 119, 123, 129, 136, 137, 139, 140, 141, 148, 155, 169, 172, 179, 183, 185, 188, 196, 198, 217, 237, 267, 270, 278, 319, 321, 324, 325, 330, 334, 335, 354, 366, 369, 380, 383, 384, 386, 395, 407, 411, 423, 428, 436, 437, 452, 453, 456, 467, 471, 477, 478, 479, 497, 508, 511, 559, 571, 575, 590, 594, 600, 607, 608, 610, 611, 612, 619, 627, 640, 643, 650, 654, 656, 659, 667, 669, 685, 701, 726, 729, 737, 777, 779, 782, 783, 787, 790, 791, 809, 817, 819, 830, 833, 834, 836, 845, 856, 857, 860, 862, 875, 880, 887, 888, 899, 900, 914, 918, 921, 928, 929, 930]","[12, 24, 25, 28, 88, 100, 104, 119, 123, 129, 136, 137, 139, 140, 141, 148, 155, 169, 172, 179, 183, 185, 188, 196, 198, 217, 237, 267, 270, 278, 319, 321, 324, 325, 330, 334, 335, 354, 366, 369, 380, 383, 384, 386, 395, 407, 411, 423, 428, 436, 437, 452, 453, 456, 467, 471, 477, 478, 479, 497, 508, 511, 559, 571, 575, 590, 594, 600, 607, 608, 610, 611, 612, 619, 627, 640, 643, 650, 654, 656, 659, 667, 669, 685, 701, 726, 729, 737, 777, 779, 782, 783, 787, 790, 791, 809, 817, 819, 830, 833, 834, 836, 845, 856, 857, 860, 862, 875, 880, 887, 888, 899, 900, 914, 918, 921, 928, 929, 930]",0/6 successful match,False,,False,85,False,,0.8191489361702128,True,ION Truck Plaza ( Chevron ),Chevron
H Marsing ( 83639 ) Gem Stop ( Chevron ),208-896-4141 US 95 & ID 55,24 MOO,Marsing,83639,Gem Stop ( Chevron ),208-896-4141,2016,Marsing,ID,Chevron,,US 95 & ID 55,empty,,False,,False,US 95,ID 55,,,,[],[],[],[],[],"[8, 43, 71, 84, 86, 215, 275, 339, 348, 354, 360, 369, 382, 383, 384, 389, 390, 523, 546, 555, 557, 734, 795, 803, 809, 819, 832, 833, 834, 839, 840]","[12, 24, 25, 28, 88, 100, 104, 119, 123, 129, 136, 137, 139, 140, 141, 148, 155, 169, 172, 179, 183, 185, 188, 196, 198, 217, 237, 267, 270, 278, 319, 321, 324, 325, 330, 334, 335, 354, 366, 369, 380, 383, 384, 386, 395, 407, 411, 423, 428, 436, 437, 452, 453, 456, 467, 471, 477, 478, 479, 497, 508, 511, 559, 571, 575, 590, 594, 600, 607, 608, 610, 611, 612, 619, 627, 640, 643, 650, 654, 656, 659, 667, 669, 685, 701, 726, 729, 737, 777, 779, 782, 783, 787, 790, 791, 809, 817, 819, 830, 833, 834, 836, 845, 856, 857, 860, 862, 875, 880, 887, 888, 899, 900, 914, 918, 921, 928, 929, 930]","[12, 24, 25, 28, 88, 100, 104, 119, 123, 129, 136, 137, 139, 140, 141, 148, 155, 169, 172, 179, 183, 185, 188, 196, 198, 217, 237, 267, 270, 278, 319, 321, 324, 325, 330, 334, 335, 354, 366, 369, 380, 383, 384, 386, 395, 407, 411, 423, 428, 436, 437, 452, 453, 456, 467, 471, 477, 478, 479, 497, 508, 511, 559, 571, 575, 590, 594, 600, 607, 608, 610, 611, 612, 619, 627, 640, 643, 650, 654, 656, 659, 667, 669, 685, 701, 726, 729, 737, 777, 779, 782, 783, 787, 790, 791, 809, 817, 819, 830, 833, 834, 836, 845, 856, 857, 860, 862, 875, 880, 887, 888, 899, 900, 914, 918, 921, 928, 929, 930]","[8, 523, 12, 24, 25, 28, 546, 43, 555, 557, 559, 571, 575, 71, 590, 594, 84, 86, 88, 600, 607, 608, 610, 611, 100, 612, 104, 619, 627, 119, 123, 640, 129, 643, 136, 137, 650, 139, 140, 141, 654, 656, 659, 148, 155, 667, 669, 169, 172, 685, 179, 183, 185, 188, 701, 196, 198, 726, 215, 217, 729, 734, 737, 237, 777, 267, 779, 270, 782, 783, 275, 787, 278, 790, 791, 795, 803, 809, 817, 819, 830, 319, 832, 833, 834, 321, 324, 325, 836, 839, 840, 330, 845, 334, 335, 339, 856, 857, 348, 860, 862, 354, 360, 875, 366, 880, 369, 887, 888, 380, 382, 383, 384, 386, 899, 900, 389, 390, 395, 914, 918, 407, 921, 411, 928, 929, 930, 423, 428, 436, 437, 452, 453, 456, 467, 471, 477, 478, 479, 497, 508, 511]",False,[],[],[],[],"[8, 43, 71, 84, 86, 215, 275, 339, 348, 354, 360, 369, 382, 383, 384, 389, 390, 523, 546, 555, 557, 734, 795, 803, 809, 819, 832, 833, 834, 839, 840]","[12, 24, 25, 28, 88, 100, 104, 119, 123, 129, 136, 137, 139, 140, 141, 148, 155, 169, 172, 179, 183, 185, 188, 196, 198, 217, 237, 267, 270, 278, 319, 321, 324, 325, 330, 334, 335, 354, 366, 369, 380, 383, 384, 386, 395, 407, 411, 423, 428, 436, 437, 452, 453, 456, 467, 471, 477, 478, 479, 497, 508, 511, 559, 571, 575, 590, 594, 600, 607, 608, 610, 611, 612, 619, 627, 640, 643, 650, 654, 656, 659, 667, 669, 685, 701, 726, 729, 737, 777, 779, 782, 783, 787, 790, 791, 809, 817, 819, 830, 833, 834, 836, 845, 856, 857, 860, 862, 875, 880, 887, 888, 899, 900, 914, 918, 921, 928, 929, 930]","[12, 24, 25, 28, 88, 100, 104, 119, 123, 129, 136, 137, 139, 140, 141, 148, 155, 169, 172, 179, 183, 185, 188, 196, 198, 217, 237, 267, 270, 278, 319, 321, 324, 325, 330, 334, 335, 354, 366, 369, 380, 383, 384, 386, 395, 407, 411, 423, 428, 436, 437, 452, 453, 456, 467, 471, 477, 478, 479, 497, 508, 511, 559, 571, 575, 590, 594, 600, 607, 608, 610, 611, 612, 619, 627, 640, 643, 650, 654, 656, 659, 667, 669, 685, 701, 726, 729, 737, 777, 779, 782, 783, 787, 790, 791, 809, 817, 819, 830, 833, 834, 836, 845, 856, 857, 860, 862, 875, 880, 887, 888, 899, 900, 914, 918, 921, 928, 929, 930]",0/6 successful match,False,,False,85,False,,1.0,True,Gem Stop ( Chevron ),Chevron
"Mountain Home , 83647 Pilot Travel Center # 350",208-587-4465 I-84 Exit 95 ( US 20 ),124 24 XL - <U+25A1> - <U+2610>,Mountain Home,83647,Pilot Travel Center # 350,208-587-4465,2006,Mountain Home,ID,Pilot,( US 20 ),I-84 Exit 95 ,Exit,95,False,,False,I-84,,,,,[],[],"[342, 364, 385, 798, 816, 835]",[],[],"[402, 416, 422, 423, 465, 851, 867, 874, 875, 912]","[15, 16, 65, 66, 67, 68, 69, 70, 71, 72, 73, 74, 75, 76, 80, 151, 245, 246, 247, 248, 249, 250, 251, 252, 253, 254, 255, 256, 257, 258, 259, 280, 340, 373, 374, 375, 376, 377, 459, 460, 461, 462, 500, 501, 539, 540, 541, 542, 543, 544, 545, 546, 547, 548, 549, 550, 552, 622, 708, 709, 710, 711, 712, 713, 714, 715, 716, 717, 718, 719, 720, 739, 796, 823, 824, 825, 826, 827, 906, 907, 908, 909]","[15, 16, 42, 65, 66, 67, 68, 69, 70, 71, 72, 73, 74, 75, 76, 77, 78, 80, 151, 244, 245, 246, 247, 248, 249, 250, 251, 252, 253, 254, 255, 256, 257, 258, 259, 260, 280, 340, 373, 374, 375, 376, 377, 459, 460, 461, 462, 500, 501, 539, 540, 541, 542, 543, 544, 545, 546, 547, 548, 549, 550, 552, 622, 708, 709, 710, 711, 712, 713, 714, 715, 716, 717, 718, 719, 720, 739, 796, 823, 824, 825, 826, 827, 906, 907, 908, 909]","[15, 16, 539, 540, 541, 542, 543, 544, 545, 546, 547, 548, 549, 550, 552, 42, 65, 66, 67, 68, 69, 70, 71, 72, 73, 74, 75, 76, 77, 78, 80, 622, 151, 708, 709, 710, 711, 712, 713, 714, 715, 716, 717, 718, 719, 720, 739, 244, 245, 246, 247, 248, 249, 250, 251, 252, 253, 254, 255, 256, 257, 258, 259, 260, 280, 796, 798, 816, 823, 824, 825, 826, 827, 835, 851, 340, 342, 867, 874, 875, 364, 373, 374, 375, 376, 377, 385, 906, 907, 908, 909, 912, 402, 416, 422, 423, 459, 460, 461, 462, 465, 500, 501]",False,[],[],"[342, 364, 385, 798, 816, 835]",[],"[402, 416, 422, 423, 465, 851, 867, 874, 875, 912]","[15, 16, 42, 65, 66, 67, 68, 69, 70, 71, 72, 73, 74, 75, 76, 77, 78, 80, 151, 244, 245, 246, 247, 248, 249, 250, 251, 252, 253, 254, 255, 256, 257, 258, 259, 260, 280, 340, 373, 374, 375, 376, 377, 459, 460, 461, 462, 500, 501, 539, 540, 541, 542, 543, 544, 545, 546, 547, 548, 549, 550, 552, 622, 708, 709, 710, 711, 712, 713, 714, 715, 716, 717, 718, 719, 720, 739, 796, 823, 824, 825, 826, 827, 906, 907, 908, 909]","[15, 16, 65, 66, 67, 68, 69, 70, 71, 72, 73, 74, 75, 76, 80, 151, 245, 246, 247, 248, 249, 250, 251, 252, 253, 254, 255, 256, 257, 258, 259, 280, 340, 373, 374, 375, 376, 377, 459, 460, 461, 462, 500, 501, 539, 540, 541, 542, 543, 544, 545, 546, 547, 548, 549, 550, 552, 622, 708, 709, 710, 711, 712, 713, 714, 715, 716, 717, 718, 719, 720, 739, 796, 823, 824, 825, 826, 827, 906, 907, 908, 909]",0/6 successful match,False,,False,86,False,,,,,
"Mountain Home , 83647 Pilot Travel Center # 350",208-587-4465 I-84 Exit 95 ( US 20 ),,Mountain Home,83647,Pilot Travel Center # 350,208-587-4465,2007,Mountain Home,ID,Pilot,( US 20 ),I-84 Exit 95 ,Exit,95,False,,False,I-84,,,,,[],[],"[342, 364, 385, 798, 816, 835]",[],[],"[402, 416, 422, 423, 465, 851, 867, 874, 875, 912]","[15, 16, 65, 66, 67, 68, 69, 70, 71, 72, 73, 74, 75, 76, 80, 151, 245, 246, 247, 248, 249, 250, 251, 252, 253, 254, 255, 256, 257, 258, 259, 280, 340, 373, 374, 375, 376, 377, 459, 460, 461, 462, 500, 501, 539, 540, 541, 542, 543, 544, 545, 546, 547, 548, 549, 550, 552, 622, 708, 709, 710, 711, 712, 713, 714, 715, 716, 717, 718, 719, 720, 739, 796, 823, 824, 825, 826, 827, 906, 907, 908, 909]","[15, 16, 42, 65, 66, 67, 68, 69, 70, 71, 72, 73, 74, 75, 76, 77, 78, 80, 151, 244, 245, 246, 247, 248, 249, 250, 251, 252, 253, 254, 255, 256, 257, 258, 259, 260, 280, 340, 373, 374, 375, 376, 377, 459, 460, 461, 462, 500, 501, 539, 540, 541, 542, 543, 544, 545, 546, 547, 548, 549, 550, 552, 622, 708, 709, 710, 711, 712, 713, 714, 715, 716, 717, 718, 719, 720, 739, 796, 823, 824, 825, 826, 827, 906, 907, 908, 909]","[15, 16, 539, 540, 541, 542, 543, 544, 545, 546, 547, 548, 549, 550, 552, 42, 65, 66, 67, 68, 69, 70, 71, 72, 73, 74, 75, 76, 77, 78, 80, 622, 151, 708, 709, 710, 711, 712, 713, 714, 715, 716, 717, 718, 719, 720, 739, 244, 245, 246, 247, 248, 249, 250, 251, 252, 253, 254, 255, 256, 257, 258, 259, 260, 280, 796, 798, 816, 823, 824, 825, 826, 827, 835, 851, 340, 342, 867, 874, 875, 364, 373, 374, 375, 376, 377, 385, 906, 907, 908, 909, 912, 402, 416, 422, 423, 459, 460, 461, 462, 465, 500, 501]",False,[],[],"[342, 364, 385, 798, 816, 835]",[],"[402, 416, 422, 423, 465, 851, 867, 874, 875, 912]","[15, 16, 42, 65, 66, 67, 68, 69, 70, 71, 72, 73, 74, 75, 76, 77, 78, 80, 151, 244, 245, 246, 247, 248, 249, 250, 251, 252, 253, 254, 255, 256, 257, 258, 259, 260, 280, 340, 373, 374, 375, 376, 377, 459, 460, 461, 462, 500, 501, 539, 540, 541, 542, 543, 544, 545, 546, 547, 548, 549, 550, 552, 622, 708, 709, 710, 711, 712, 713, 714, 715, 716, 717, 718, 719, 720, 739, 796, 823, 824, 825, 826, 827, 906, 907, 908, 909]","[15, 16, 65, 66, 67, 68, 69, 70, 71, 72, 73, 74, 75, 76, 80, 151, 245, 246, 247, 248, 249, 250, 251, 252, 253, 254, 255, 256, 257, 258, 259, 280, 340, 373, 374, 375, 376, 377, 459, 460, 461, 462, 500, 501, 539, 540, 541, 542, 543, 544, 545, 546, 547, 548, 549, 550, 552, 622, 708, 709, 710, 711, 712, 713, 714, 715, 716, 717, 718, 719, 720, 739, 796, 823, 824, 825, 826, 827, 906, 907, 908, 909]",0/6 successful match,False,,False,86,False,,1.0,True,Pilot Travel Center # 350,Pilot
"Mountain Home , 83647 Pilot Travel Center ( US 30 # ) 350",3 208-587-4465 I-84 Exit 95 ( US ),24 L,Mountain Home,83647,Pilot Travel Center ( US 30 # ) 350,208-587-4465,2008,Mountain Home,ID,Pilot,( US ),I-84 Exit 95 ,Exit,95,False,,False,I-84,,,,,[],[],"[342, 364, 385, 798, 816, 835]",[],[],"[402, 416, 422, 423, 465, 851, 867, 874, 875, 912]","[15, 16, 65, 66, 67, 68, 69, 70, 71, 72, 73, 74, 75, 76, 80, 151, 245, 246, 247, 248, 249, 250, 251, 252, 253, 254, 255, 256, 257, 258, 259, 280, 340, 373, 374, 375, 376, 377, 459, 460, 461, 462, 500, 501, 539, 540, 541, 542, 543, 544, 545, 546, 547, 548, 549, 550, 552, 622, 708, 709, 710, 711, 712, 713, 714, 715, 716, 717, 718, 719, 720, 739, 796, 823, 824, 825, 826, 827, 906, 907, 908, 909]","[15, 16, 42, 65, 66, 67, 68, 69, 70, 71, 72, 73, 74, 75, 76, 77, 78, 80, 151, 244, 245, 246, 247, 248, 249, 250, 251, 252, 253, 254, 255, 256, 257, 258, 259, 260, 280, 340, 373, 374, 375, 376, 377, 459, 460, 461, 462, 500, 501, 539, 540, 541, 542, 543, 544, 545, 546, 547, 548, 549, 550, 552, 622, 708, 709, 710, 711, 712, 713, 714, 715, 716, 717, 718, 719, 720, 739, 796, 823, 824, 825, 826, 827, 906, 907, 908, 909]","[15, 16, 539, 540, 541, 542, 543, 544, 545, 546, 547, 548, 549, 550, 552, 42, 65, 66, 67, 68, 69, 70, 71, 72, 73, 74, 75, 76, 77, 78, 80, 622, 151, 708, 709, 710, 711, 712, 713, 714, 715, 716, 717, 718, 719, 720, 739, 244, 245, 246, 247, 248, 249, 250, 251, 252, 253, 254, 255, 256, 257, 258, 259, 260, 280, 796, 798, 816, 823, 824, 825, 826, 827, 835, 851, 340, 342, 867, 874, 875, 364, 373, 374, 375, 376, 377, 385, 906, 907, 908, 909, 912, 402, 416, 422, 423, 459, 460, 461, 462, 465, 500, 501]",False,[],[],"[342, 364, 385, 798, 816, 835]",[],"[402, 416, 422, 423, 465, 851, 867, 874, 875, 912]","[15, 16, 42, 65, 66, 67, 68, 69, 70, 71, 72, 73, 74, 75, 76, 77, 78, 80, 151, 244, 245, 246, 247, 248, 249, 250, 251, 252, 253, 254, 255, 256, 257, 258, 259, 260, 280, 340, 373, 374, 375, 376, 377, 459, 460, 461, 462, 500, 501, 539, 540, 541, 542, 543, 544, 545, 546, 547, 548, 549, 550, 552, 622, 708, 709, 710, 711, 712, 713, 714, 715, 716, 717, 718, 719, 720, 739, 796, 823, 824, 825, 826, 827, 906, 907, 908, 909]","[15, 16, 65, 66, 67, 68, 69, 70, 71, 72, 73, 74, 75, 76, 80, 151, 245, 246, 247, 248, 249, 250, 251, 252, 253, 254, 255, 256, 257, 258, 259, 280, 340, 373, 374, 375, 376, 377, 459, 460, 461, 462, 500, 501, 539, 540, 541, 542, 543, 544, 545, 546, 547, 548, 549, 550, 552, 622, 708, 709, 710, 711, 712, 713, 714, 715, 716, 717, 718, 719, 720, 739, 796, 823, 824, 825, 826, 827, 906, 907, 908, 909]",0/6 successful match,False,,False,86,False,,1.0,True,Pilot Travel Center # 350,Pilot
H Mountain Home ( 83647 ) Pilot Travel Center # 350,3 208-587-4465 I-84 Exit 95 ( US 20 ),Pilot 24 <U+2610> LO,Mountain Home,83647,Pilot Travel Center # 350,208-587-4465,2014,Mountain Home,ID,Pilot,( US 20 ),I-84 Exit 95 ,Exit,95,False,,False,I-84,,,,,[],[],"[342, 364, 385, 798, 816, 835]",[],[],"[402, 416, 422, 423, 465, 851, 867, 874, 875, 912]","[15, 16, 65, 66, 67, 68, 69, 70, 71, 72, 73, 74, 75, 76, 80, 151, 245, 246, 247, 248, 249, 250, 251, 252, 253, 254, 255, 256, 257, 258, 259, 280, 340, 373, 374, 375, 376, 377, 459, 460, 461, 462, 500, 501, 539, 540, 541, 542, 543, 544, 545, 546, 547, 548, 549, 550, 552, 622, 708, 709, 710, 711, 712, 713, 714, 715, 716, 717, 718, 719, 720, 739, 796, 823, 824, 825, 826, 827, 906, 907, 908, 909]","[15, 16, 42, 65, 66, 67, 68, 69, 70, 71, 72, 73, 74, 75, 76, 77, 78, 80, 151, 244, 245, 246, 247, 248, 249, 250, 251, 252, 253, 254, 255, 256, 257, 258, 259, 260, 280, 340, 373, 374, 375, 376, 377, 459, 460, 461, 462, 500, 501, 539, 540, 541, 542, 543, 544, 545, 546, 547, 548, 549, 550, 552, 622, 708, 709, 710, 711, 712, 713, 714, 715, 716, 717, 718, 719, 720, 739, 796, 823, 824, 825, 826, 827, 906, 907, 908, 909]","[15, 16, 539, 540, 541, 542, 543, 544, 545, 546, 547, 548, 549, 550, 552, 42, 65, 66, 67, 68, 69, 70, 71, 72, 73, 74, 75, 76, 77, 78, 80, 622, 151, 708, 709, 710, 711, 712, 713, 714, 715, 716, 717, 718, 719, 720, 739, 244, 245, 246, 247, 248, 249, 250, 251, 252, 253, 254, 255, 256, 257, 258, 259, 260, 280, 796, 798, 816, 823, 824, 825, 826, 827, 835, 851, 340, 342, 867, 874, 875, 364, 373, 374, 375, 376, 377, 385, 906, 907, 908, 909, 912, 402, 416, 422, 423, 459, 460, 461, 462, 465, 500, 501]",False,[],[],"[342, 364, 385, 798, 816, 835]",[],"[402, 416, 422, 423, 465, 851, 867, 874, 875, 912]","[15, 16, 42, 65, 66, 67, 68, 69, 70, 71, 72, 73, 74, 75, 76, 77, 78, 80, 151, 244, 245, 246, 247, 248, 249, 250, 251, 252, 253, 254, 255, 256, 257, 258, 259, 260, 280, 340, 373, 374, 375, 376, 377, 459, 460, 461, 462, 500, 501, 539, 540, 541, 542, 543, 544, 545, 546, 547, 548, 549, 550, 552, 622, 708, 709, 710, 711, 712, 713, 714, 715, 716, 717, 718, 719, 720, 739, 796, 823, 824, 825, 826, 827, 906, 907, 908, 909]","[15, 16, 65, 66, 67, 68, 69, 70, 71, 72, 73, 74, 75, 76, 80, 151, 245, 246, 247, 248, 249, 250, 251, 252, 253, 254, 255, 256, 257, 258, 259, 280, 340, 373, 374, 375, 376, 377, 459, 460, 461, 462, 500, 501, 539, 540, 541, 542, 543, 544, 545, 546, 547, 548, 549, 550, 552, 622, 708, 709, 710, 711, 712, 713, 714, 715, 716, 717, 718, 719, 720, 739, 796, 823, 824, 825, 826, 827, 906, 907, 908, 909]",0/6 successful match,False,,False,86,False,,1.0,True,Pilot Travel Center ( US 30 # ) 350,Pilot
H Mountain Home ( 83647 ) Pilot Travel Center # 350,208-587-4465 I-84 Exit 95 ( US 20 ),Pilat 24 <U+2610> BLO,Mountain Home,83647,Pilot Travel Center # 350,208-587-4465,2015,Mountain Home,ID,Pilot,( US 20 ),I-84 Exit 95 ,Exit,95,False,,False,I-84,,,,,[],[],"[342, 364, 385, 798, 816, 835]",[],[],"[402, 416, 422, 423, 465, 851, 867, 874, 875, 912]","[15, 16, 65, 66, 67, 68, 69, 70, 71, 72, 73, 74, 75, 76, 80, 151, 245, 246, 247, 248, 249, 250, 251, 252, 253, 254, 255, 256, 257, 258, 259, 280, 340, 373, 374, 375, 376, 377, 459, 460, 461, 462, 500, 501, 539, 540, 541, 542, 543, 544, 545, 546, 547, 548, 549, 550, 552, 622, 708, 709, 710, 711, 712, 713, 714, 715, 716, 717, 718, 719, 720, 739, 796, 823, 824, 825, 826, 827, 906, 907, 908, 909]","[15, 16, 42, 65, 66, 67, 68, 69, 70, 71, 72, 73, 74, 75, 76, 77, 78, 80, 151, 244, 245, 246, 247, 248, 249, 250, 251, 252, 253, 254, 255, 256, 257, 258, 259, 260, 280, 340, 373, 374, 375, 376, 377, 459, 460, 461, 462, 500, 501, 539, 540, 541, 542, 543, 544, 545, 546, 547, 548, 549, 550, 552, 622, 708, 709, 710, 711, 712, 713, 714, 715, 716, 717, 718, 719, 720, 739, 796, 823, 824, 825, 826, 827, 906, 907, 908, 909]","[15, 16, 539, 540, 541, 542, 543, 544, 545, 546, 547, 548, 549, 550, 552, 42, 65, 66, 67, 68, 69, 70, 71, 72, 73, 74, 75, 76, 77, 78, 80, 622, 151, 708, 709, 710, 711, 712, 713, 714, 715, 716, 717, 718, 719, 720, 739, 244, 245, 246, 247, 248, 249, 250, 251, 252, 253, 254, 255, 256, 257, 258, 259, 260, 280, 796, 798, 816, 823, 824, 825, 826, 827, 835, 851, 340, 342, 867, 874, 875, 364, 373, 374, 375, 376, 377, 385, 906, 907, 908, 909, 912, 402, 416, 422, 423, 459, 460, 461, 462, 465, 500, 501]",False,[],[],"[342, 364, 385, 798, 816, 835]",[],"[402, 416, 422, 423, 465, 851, 867, 874, 875, 912]","[15, 16, 42, 65, 66, 67, 68, 69, 70, 71, 72, 73, 74, 75, 76, 77, 78, 80, 151, 244, 245, 246, 247, 248, 249, 250, 251, 252, 253, 254, 255, 256, 257, 258, 259, 260, 280, 340, 373, 374, 375, 376, 377, 459, 460, 461, 462, 500, 501, 539, 540, 541, 542, 543, 544, 545, 546, 547, 548, 549, 550, 552, 622, 708, 709, 710, 711, 712, 713, 714, 715, 716, 717, 718, 719, 720, 739, 796, 823, 824, 825, 826, 827, 906, 907, 908, 909]","[15, 16, 65, 66, 67, 68, 69, 70, 71, 72, 73, 74, 75, 76, 80, 151, 245, 246, 247, 248, 249, 250, 251, 252, 253, 254, 255, 256, 257, 258, 259, 280, 340, 373, 374, 375, 376, 377, 459, 460, 461, 462, 500, 501, 539, 540, 541, 542, 543, 544, 545, 546, 547, 548, 549, 550, 552, 622, 708, 709, 710, 711, 712, 713, 714, 715, 716, 717, 718, 719, 720, 739, 796, 823, 824, 825, 826, 827, 906, 907, 908, 909]",0/6 successful match,False,,False,86,False,,1.0,True,Pilot Travel Center # 350,Pilot
Mountain Home ( 83647 ) Pilot Travel Center # 350 Pilot,208-587-4465 I-84 Exit 95 ( US 20 ),24 LO 24,Mountain Home,83647,Pilot Travel Center # 350 Pilot,208-587-4465,2016,Mountain Home,ID,Pilot,( US 20 ),I-84 Exit 95 ,Exit,95,False,,False,I-84,,,,,[],[],"[342, 364, 385, 798, 816, 835]",[],[],"[402, 416, 422, 423, 465, 851, 867, 874, 875, 912]","[15, 16, 65, 66, 67, 68, 69, 70, 71, 72, 73, 74, 75, 76, 80, 151, 245, 246, 247, 248, 249, 250, 251, 252, 253, 254, 255, 256, 257, 258, 259, 280, 340, 373, 374, 375, 376, 377, 459, 460, 461, 462, 500, 501, 539, 540, 541, 542, 543, 544, 545, 546, 547, 548, 549, 550, 552, 622, 708, 709, 710, 711, 712, 713, 714, 715, 716, 717, 718, 719, 720, 739, 796, 823, 824, 825, 826, 827, 906, 907, 908, 909]","[15, 16, 42, 65, 66, 67, 68, 69, 70, 71, 72, 73, 74, 75, 76, 77, 78, 80, 151, 244, 245, 246, 247, 248, 249, 250, 251, 252, 253, 254, 255, 256, 257, 258, 259, 260, 280, 340, 373, 374, 375, 376, 377, 459, 460, 461, 462, 500, 501, 539, 540, 541, 542, 543, 544, 545, 546, 547, 548, 549, 550, 552, 622, 708, 709, 710, 711, 712, 713, 714, 715, 716, 717, 718, 719, 720, 739, 796, 823, 824, 825, 826, 827, 906, 907, 908, 909]","[15, 16, 539, 540, 541, 542, 543, 544, 545, 546, 547, 548, 549, 550, 552, 42, 65, 66, 67, 68, 69, 70, 71, 72, 73, 74, 75, 76, 77, 78, 80, 622, 151, 708, 709, 710, 711, 712, 713, 714, 715, 716, 717, 718, 719, 720, 739, 244, 245, 246, 247, 248, 249, 250, 251, 252, 253, 254, 255, 256, 257, 258, 259, 260, 280, 796, 798, 816, 823, 824, 825, 826, 827, 835, 851, 340, 342, 867, 874, 875, 364, 373, 374, 375, 376, 377, 385, 906, 907, 908, 909, 912, 402, 416, 422, 423, 459, 460, 461, 462, 465, 500, 501]",False,[],[],"[342, 364, 385, 798, 816, 835]",[],"[402, 416, 422, 423, 465, 851, 867, 874, 875, 912]","[15, 16, 42, 65, 66, 67, 68, 69, 70, 71, 72, 73, 74, 75, 76, 77, 78, 80, 151, 244, 245, 246, 247, 248, 249, 250, 251, 252, 253, 254, 255, 256, 257, 258, 259, 260, 280, 340, 373, 374, 375, 376, 377, 459, 460, 461, 462, 500, 501, 539, 540, 541, 542, 543, 544, 545, 546, 547, 548, 549, 550, 552, 622, 708, 709, 710, 711, 712, 713, 714, 715, 716, 717, 718, 719, 720, 739, 796, 823, 824, 825, 826, 827, 906, 907, 908, 909]","[15, 16, 65, 66, 67, 68, 69, 70, 71, 72, 73, 74, 75, 76, 80, 151, 245, 246, 247, 248, 249, 250, 251, 252, 253, 254, 255, 256, 257, 258, 259, 280, 340, 373, 374, 375, 376, 377, 459, 460, 461, 462, 500, 501, 539, 540, 541, 542, 543, 544, 545, 546, 547, 548, 549, 550, 552, 622, 708, 709, 710, 711, 712, 713, 714, 715, 716, 717, 718, 719, 720, 739, 796, 823, 824, 825, 826, 827, 906, 907, 908, 909]",0/6 successful match,False,,False,86,False,,1.0,True,Pilot Travel Center # 350,Pilot
"Nampa , 83651 Jackson's Food Store # 85 ( Shell )",208-466-0802 I-84 Exit 35,124 481,Nampa,83651,Jackson's Food Store # 85 ( Shell ),208-466-0802,2006,Nampa,ID,Shell,,I-84 Exit 35,Exit,35,False,,False,I-84,,,,,[],[],[],"[6, 492]",[],"[402, 416, 422, 423, 465, 851, 867, 874, 875, 912]","[1, 13, 14, 29, 54, 55, 56, 57, 58, 60, 102, 118, 125, 127, 130, 134, 146, 149, 153, 175, 182, 187, 189, 191, 197, 225, 230, 238, 264, 265, 266, 286, 302, 317, 336, 379, 388, 389, 425, 454, 458, 463, 475, 487, 498, 499, 512, 530, 531, 532, 533, 534, 536, 573, 589, 596, 598, 601, 605, 617, 620, 624, 646, 653, 658, 660, 662, 668, 689, 694, 702, 724, 725, 745, 760, 775, 793, 829, 838, 839, 877, 901, 903, 905, 910, 923]","[1, 13, 14, 29, 54, 55, 56, 57, 58, 60, 102, 118, 125, 127, 130, 134, 146, 149, 153, 175, 182, 187, 189, 191, 197, 225, 230, 238, 264, 265, 266, 286, 302, 317, 336, 354, 379, 388, 389, 425, 454, 458, 463, 475, 487, 498, 499, 512, 530, 531, 532, 533, 534, 536, 573, 589, 596, 598, 601, 605, 617, 620, 624, 646, 653, 658, 660, 662, 668, 689, 694, 702, 724, 725, 745, 760, 775, 793, 809, 829, 838, 839, 877, 901, 903, 905, 910, 923]","[512, 1, 6, 13, 14, 530, 531, 532, 533, 534, 536, 29, 54, 55, 56, 57, 58, 60, 573, 589, 596, 598, 601, 605, 102, 617, 620, 624, 118, 125, 127, 130, 134, 646, 653, 146, 658, 660, 149, 662, 153, 668, 175, 689, 182, 694, 187, 189, 702, 191, 197, 724, 725, 225, 230, 745, 238, 760, 775, 264, 265, 266, 793, 286, 809, 302, 317, 829, 838, 839, 336, 851, 354, 867, 874, 875, 877, 379, 388, 389, 901, 903, 905, 910, 912, 402, 923, 416, 422, 423, 425, 454, 458, 463, 465, 475, 487, 492, 498, 499]",False,[],[],[],"[6, 492]","[402, 416, 422, 423, 465, 851, 867, 874, 875, 912]","[1, 13, 14, 29, 54, 55, 56, 57, 58, 60, 102, 118, 125, 127, 130, 134, 146, 149, 153, 175, 182, 187, 189, 191, 197, 225, 230, 238, 264, 265, 266, 286, 302, 317, 336, 354, 379, 388, 389, 425, 454, 458, 463, 475, 487, 498, 499, 512, 530, 531, 532, 533, 534, 536, 573, 589, 596, 598, 601, 605, 617, 620, 624, 646, 653, 658, 660, 662, 668, 689, 694, 702, 724, 725, 745, 760, 775, 793, 809, 829, 838, 839, 877, 901, 903, 905, 910, 923]","[1, 13, 14, 29, 54, 55, 56, 57, 58, 60, 102, 118, 125, 127, 130, 134, 146, 149, 153, 175, 182, 187, 189, 191, 197, 225, 230, 238, 264, 265, 266, 286, 302, 317, 336, 379, 388, 389, 425, 454, 458, 463, 475, 487, 498, 499, 512, 530, 531, 532, 533, 534, 536, 573, 589, 596, 598, 601, 605, 617, 620, 624, 646, 653, 658, 660, 662, 668, 689, 694, 702, 724, 725, 745, 760, 775, 793, 829, 838, 839, 877, 901, 903, 905, 910, 923]",0/6 successful match,False,,False,87,False,,,,,
"Nampa , 83651 Jackson's Food Store # 85 ( Shell )",208-466-0802 I-84 Exit 35,XL O,Nampa,83651,Jackson's Food Store # 85 ( Shell ),208-466-0802,2007,Nampa,ID,Shell,,I-84 Exit 35,Exit,35,False,,False,I-84,,,,,[],[],[],"[6, 492]",[],"[402, 416, 422, 423, 465, 851, 867, 874, 875, 912]","[1, 13, 14, 29, 54, 55, 56, 57, 58, 60, 102, 118, 125, 127, 130, 134, 146, 149, 153, 175, 182, 187, 189, 191, 197, 225, 230, 238, 264, 265, 266, 286, 302, 317, 336, 379, 388, 389, 425, 454, 458, 463, 475, 487, 498, 499, 512, 530, 531, 532, 533, 534, 536, 573, 589, 596, 598, 601, 605, 617, 620, 624, 646, 653, 658, 660, 662, 668, 689, 694, 702, 724, 725, 745, 760, 775, 793, 829, 838, 839, 877, 901, 903, 905, 910, 923]","[1, 13, 14, 29, 54, 55, 56, 57, 58, 60, 102, 118, 125, 127, 130, 134, 146, 149, 153, 175, 182, 187, 189, 191, 197, 225, 230, 238, 264, 265, 266, 286, 302, 317, 336, 354, 379, 388, 389, 425, 454, 458, 463, 475, 487, 498, 499, 512, 530, 531, 532, 533, 534, 536, 573, 589, 596, 598, 601, 605, 617, 620, 624, 646, 653, 658, 660, 662, 668, 689, 694, 702, 724, 725, 745, 760, 775, 793, 809, 829, 838, 839, 877, 901, 903, 905, 910, 923]","[512, 1, 6, 13, 14, 530, 531, 532, 533, 534, 536, 29, 54, 55, 56, 57, 58, 60, 573, 589, 596, 598, 601, 605, 102, 617, 620, 624, 118, 125, 127, 130, 134, 646, 653, 146, 658, 660, 149, 662, 153, 668, 175, 689, 182, 694, 187, 189, 702, 191, 197, 724, 725, 225, 230, 745, 238, 760, 775, 264, 265, 266, 793, 286, 809, 302, 317, 829, 838, 839, 336, 851, 354, 867, 874, 875, 877, 379, 388, 389, 901, 903, 905, 910, 912, 402, 923, 416, 422, 423, 425, 454, 458, 463, 465, 475, 487, 492, 498, 499]",False,[],[],[],"[6, 492]","[402, 416, 422, 423, 465, 851, 867, 874, 875, 912]","[1, 13, 14, 29, 54, 55, 56, 57, 58, 60, 102, 118, 125, 127, 130, 134, 146, 149, 153, 175, 182, 187, 189, 191, 197, 225, 230, 238, 264, 265, 266, 286, 302, 317, 336, 354, 379, 388, 389, 425, 454, 458, 463, 475, 487, 498, 499, 512, 530, 531, 532, 533, 534, 536, 573, 589, 596, 598, 601, 605, 617, 620, 624, 646, 653, 658, 660, 662, 668, 689, 694, 702, 724, 725, 745, 760, 775, 793, 809, 829, 838, 839, 877, 901, 903, 905, 910, 923]","[1, 13, 14, 29, 54, 55, 56, 57, 58, 60, 102, 118, 125, 127, 130, 134, 146, 149, 153, 175, 182, 187, 189, 191, 197, 225, 230, 238, 264, 265, 266, 286, 302, 317, 336, 379, 388, 389, 425, 454, 458, 463, 475, 487, 498, 499, 512, 530, 531, 532, 533, 534, 536, 573, 589, 596, 598, 601, 605, 617, 620, 624, 646, 653, 658, 660, 662, 668, 689, 694, 702, 724, 725, 745, 760, 775, 793, 829, 838, 839, 877, 901, 903, 905, 910, 923]",0/6 successful match,False,,False,87,False,,1.0,True,Jackson's Food Store # 85 ( Shell ),Shell
"Nampa , 83651 Jackson's 95 Food ( US 20 )",2 208-466-0802 I-84 Exit 35 Store # 85 ( Shell ),24 XL,Nampa,83651,Jackson's 95 Food ( US 20 ),208-466-0802,2008,Nampa,ID,,( Shell ),I-84 Exit 35 Store # 85 ,Exit,35,False,,False,I-84,,,,,[],[],[],"[6, 492]",[],"[402, 416, 422, 423, 465, 851, 867, 874, 875, 912]",[],[],"[416, 867, 422, 6, 423, 874, 875, 492, 912, 465, 402, 851]",False,[],[],[],"[6, 492]","[402, 416, 422, 423, 465, 851, 867, 874, 875, 912]",[],[],0/6 successful match,False,,False,87,False,,0.8268817204301075,True,Jackson's Food Store # 85 ( Shell ),Shell
Nampa ( 83651 ) Jacksons # 085 ( Shell ),208-466-0802 I-84 Exit 35 ( ID 55 S ),24 324 <U+2610> <U+2610> <U+2610>,Nampa,83651,Jacksons # 085 ( Shell ),208-466-0802,2014,Nampa,ID,Shell,( ID 55 S ),I-84 Exit 35 ,Exit,35,False,,False,I-84,,,,,[],[],[],"[6, 492]",[],"[402, 416, 422, 423, 465, 851, 867, 874, 875, 912]","[1, 13, 14, 29, 54, 55, 56, 57, 58, 60, 102, 118, 125, 127, 130, 134, 146, 149, 153, 175, 182, 187, 189, 191, 197, 225, 230, 238, 264, 265, 266, 286, 302, 317, 336, 379, 388, 389, 425, 454, 458, 463, 475, 487, 498, 499, 512, 530, 531, 532, 533, 534, 536, 573, 589, 596, 598, 601, 605, 617, 620, 624, 646, 653, 658, 660, 662, 668, 689, 694, 702, 724, 725, 745, 760, 775, 793, 829, 838, 839, 877, 901, 903, 905, 910, 923]","[1, 13, 14, 29, 54, 55, 56, 57, 58, 60, 102, 118, 125, 127, 130, 134, 146, 149, 153, 175, 182, 187, 189, 191, 197, 225, 230, 238, 264, 265, 266, 286, 302, 317, 336, 354, 379, 388, 389, 425, 454, 458, 463, 475, 487, 498, 499, 512, 530, 531, 532, 533, 534, 536, 573, 589, 596, 598, 601, 605, 617, 620, 624, 646, 653, 658, 660, 662, 668, 689, 694, 702, 724, 725, 745, 760, 775, 793, 809, 829, 838, 839, 877, 901, 903, 905, 910, 923]","[512, 1, 6, 13, 14, 530, 531, 532, 533, 534, 536, 29, 54, 55, 56, 57, 58, 60, 573, 589, 596, 598, 601, 605, 102, 617, 620, 624, 118, 125, 127, 130, 134, 646, 653, 146, 658, 660, 149, 662, 153, 668, 175, 689, 182, 694, 187, 189, 702, 191, 197, 724, 725, 225, 230, 745, 238, 760, 775, 264, 265, 266, 793, 286, 809, 302, 317, 829, 838, 839, 336, 851, 354, 867, 874, 875, 877, 379, 388, 389, 901, 903, 905, 910, 912, 402, 923, 416, 422, 423, 425, 454, 458, 463, 465, 475, 487, 492, 498, 499]",False,[],[],[],"[6, 492]","[402, 416, 422, 423, 465, 851, 867, 874, 875, 912]","[1, 13, 14, 29, 54, 55, 56, 57, 58, 60, 102, 118, 125, 127, 130, 134, 146, 149, 153, 175, 182, 187, 189, 191, 197, 225, 230, 238, 264, 265, 266, 286, 302, 317, 336, 354, 379, 388, 389, 425, 454, 458, 463, 475, 487, 498, 499, 512, 530, 531, 532, 533, 534, 536, 573, 589, 596, 598, 601, 605, 617, 620, 624, 646, 653, 658, 660, 662, 668, 689, 694, 702, 724, 725, 745, 760, 775, 793, 809, 829, 838, 839, 877, 901, 903, 905, 910, 923]","[1, 13, 14, 29, 54, 55, 56, 57, 58, 60, 102, 118, 125, 127, 130, 134, 146, 149, 153, 175, 182, 187, 189, 191, 197, 225, 230, 238, 264, 265, 266, 286, 302, 317, 336, 379, 388, 389, 425, 454, 458, 463, 475, 487, 498, 499, 512, 530, 531, 532, 533, 534, 536, 573, 589, 596, 598, 601, 605, 617, 620, 624, 646, 653, 658, 660, 662, 668, 689, 694, 702, 724, 725, 745, 760, 775, 793, 829, 838, 839, 877, 901, 903, 905, 910, 923]",0/6 successful match,False,,False,87,False,,0.3137254901960784,True,Jackson's 95 Food ( US 20 ),
Nampa ( 83651 ) Jacksons # 085 ( Shell ),2 208-466-0802 I-84 Exit 35 ( ID 55 S ),24 O,Nampa,83651,Jacksons # 085 ( Shell ),208-466-0802,2015,Nampa,ID,Shell,( ID 55 S ),I-84 Exit 35 ,Exit,35,False,,False,I-84,,,,,[],[],[],"[6, 492]",[],"[402, 416, 422, 423, 465, 851, 867, 874, 875, 912]","[1, 13, 14, 29, 54, 55, 56, 57, 58, 60, 102, 118, 125, 127, 130, 134, 146, 149, 153, 175, 182, 187, 189, 191, 197, 225, 230, 238, 264, 265, 266, 286, 302, 317, 336, 379, 388, 389, 425, 454, 458, 463, 475, 487, 498, 499, 512, 530, 531, 532, 533, 534, 536, 573, 589, 596, 598, 601, 605, 617, 620, 624, 646, 653, 658, 660, 662, 668, 689, 694, 702, 724, 725, 745, 760, 775, 793, 829, 838, 839, 877, 901, 903, 905, 910, 923]","[1, 13, 14, 29, 54, 55, 56, 57, 58, 60, 102, 118, 125, 127, 130, 134, 146, 149, 153, 175, 182, 187, 189, 191, 197, 225, 230, 238, 264, 265, 266, 286, 302, 317, 336, 354, 379, 388, 389, 425, 454, 458, 463, 475, 487, 498, 499, 512, 530, 531, 532, 533, 534, 536, 573, 589, 596, 598, 601, 605, 617, 620, 624, 646, 653, 658, 660, 662, 668, 689, 694, 702, 724, 725, 745, 760, 775, 793, 809, 829, 838, 839, 877, 901, 903, 905, 910, 923]","[512, 1, 6, 13, 14, 530, 531, 532, 533, 534, 536, 29, 54, 55, 56, 57, 58, 60, 573, 589, 596, 598, 601, 605, 102, 617, 620, 624, 118, 125, 127, 130, 134, 646, 653, 146, 658, 660, 149, 662, 153, 668, 175, 689, 182, 694, 187, 189, 702, 191, 197, 724, 725, 225, 230, 745, 238, 760, 775, 264, 265, 266, 793, 286, 809, 302, 317, 829, 838, 839, 336, 851, 354, 867, 874, 875, 877, 379, 388, 389, 901, 903, 905, 910, 912, 402, 923, 416, 422, 423, 425, 454, 458, 463, 465, 475, 487, 492, 498, 499]",False,[],[],[],"[6, 492]","[402, 416, 422, 423, 465, 851, 867, 874, 875, 912]","[1, 13, 14, 29, 54, 55, 56, 57, 58, 60, 102, 118, 125, 127, 130, 134, 146, 149, 153, 175, 182, 187, 189, 191, 197, 225, 230, 238, 264, 265, 266, 286, 302, 317, 336, 354, 379, 388, 389, 425, 454, 458, 463, 475, 487, 498, 499, 512, 530, 531, 532, 533, 534, 536, 573, 589, 596, 598, 601, 605, 617, 620, 624, 646, 653, 658, 660, 662, 668, 689, 694, 702, 724, 725, 745, 760, 775, 793, 809, 829, 838, 839, 877, 901, 903, 905, 910, 923]","[1, 13, 14, 29, 54, 55, 56, 57, 58, 60, 102, 118, 125, 127, 130, 134, 146, 149, 153, 175, 182, 187, 189, 191, 197, 225, 230, 238, 264, 265, 266, 286, 302, 317, 336, 379, 388, 389, 425, 454, 458, 463, 475, 487, 498, 499, 512, 530, 531, 532, 533, 534, 536, 573, 589, 596, 598, 601, 605, 617, 620, 624, 646, 653, 658, 660, 662, 668, 689, 694, 702, 724, 725, 745, 760, 775, 793, 829, 838, 839, 877, 901, 903, 905, 910, 923]",0/6 successful match,False,,False,87,False,,1.0,True,Jacksons # 085 ( Shell ),Shell
Nampa ( 83651 ) Jacksons # 085 ( Shell ),2 208-466-0802 I-84 Exit 35 ( ID 55 S ),FRS 24 LOO,Nampa,83651,Jacksons # 085 ( Shell ),208-466-0802,2016,Nampa,ID,Shell,( ID 55 S ),I-84 Exit 35 ,Exit,35,False,,False,I-84,,,,,[],[],[],"[6, 492]",[],"[402, 416, 422, 423, 465, 851, 867, 874, 875, 912]","[1, 13, 14, 29, 54, 55, 56, 57, 58, 60, 102, 118, 125, 127, 130, 134, 146, 149, 153, 175, 182, 187, 189, 191, 197, 225, 230, 238, 264, 265, 266, 286, 302, 317, 336, 379, 388, 389, 425, 454, 458, 463, 475, 487, 498, 499, 512, 530, 531, 532, 533, 534, 536, 573, 589, 596, 598, 601, 605, 617, 620, 624, 646, 653, 658, 660, 662, 668, 689, 694, 702, 724, 725, 745, 760, 775, 793, 829, 838, 839, 877, 901, 903, 905, 910, 923]","[1, 13, 14, 29, 54, 55, 56, 57, 58, 60, 102, 118, 125, 127, 130, 134, 146, 149, 153, 175, 182, 187, 189, 191, 197, 225, 230, 238, 264, 265, 266, 286, 302, 317, 336, 354, 379, 388, 389, 425, 454, 458, 463, 475, 487, 498, 499, 512, 530, 531, 532, 533, 534, 536, 573, 589, 596, 598, 601, 605, 617, 620, 624, 646, 653, 658, 660, 662, 668, 689, 694, 702, 724, 725, 745, 760, 775, 793, 809, 829, 838, 839, 877, 901, 903, 905, 910, 923]","[512, 1, 6, 13, 14, 530, 531, 532, 533, 534, 536, 29, 54, 55, 56, 57, 58, 60, 573, 589, 596, 598, 601, 605, 102, 617, 620, 624, 118, 125, 127, 130, 134, 646, 653, 146, 658, 660, 149, 662, 153, 668, 175, 689, 182, 694, 187, 189, 702, 191, 197, 724, 725, 225, 230, 745, 238, 760, 775, 264, 265, 266, 793, 286, 809, 302, 317, 829, 838, 839, 336, 851, 354, 867, 874, 875, 877, 379, 388, 389, 901, 903, 905, 910, 912, 402, 923, 416, 422, 423, 425, 454, 458, 463, 465, 475, 487, 492, 498, 499]",False,[],[],[],"[6, 492]","[402, 416, 422, 423, 465, 851, 867, 874, 875, 912]","[1, 13, 14, 29, 54, 55, 56, 57, 58, 60, 102, 118, 125, 127, 130, 134, 146, 149, 153, 175, 182, 187, 189, 191, 197, 225, 230, 238, 264, 265, 266, 286, 302, 317, 336, 354, 379, 388, 389, 425, 454, 458, 463, 475, 487, 498, 499, 512, 530, 531, 532, 533, 534, 536, 573, 589, 596, 598, 601, 605, 617, 620, 624, 646, 653, 658, 660, 662, 668, 689, 694, 702, 724, 725, 745, 760, 775, 793, 809, 829, 838, 839, 877, 901, 903, 905, 910, 923]","[1, 13, 14, 29, 54, 55, 56, 57, 58, 60, 102, 118, 125, 127, 130, 134, 146, 149, 153, 175, 182, 187, 189, 191, 197, 225, 230, 238, 264, 265, 266, 286, 302, 317, 336, 379, 388, 389, 425, 454, 458, 463, 475, 487, 498, 499, 512, 530, 531, 532, 533, 534, 536, 573, 589, 596, 598, 601, 605, 617, 620, 624, 646, 653, 658, 660, 662, 668, 689, 694, 702, 724, 725, 745, 760, 775, 793, 829, 838, 839, 877, 901, 903, 905, 910, 923]",0/6 successful match,False,,False,87,False,,1.0,True,Jacksons # 085 ( Shell ),Shell
"Nampa , 83651 Jackson's Food Store # 5 ( Shell )",208-467-1440 I-84 Exit 36 ( Franklin Blvd ),<U+2610> <U+2610>,Nampa,83651,Jackson's Food Store # 5 ( Shell ),208-467-1440,2006,Nampa,ID,Shell,( Franklin Blvd ),I-84 Exit 36 ,Exit,36,False,,False,I-84,,,,,[],[],[],[],[],"[402, 416, 422, 423, 465, 851, 867, 874, 875, 912]","[1, 13, 14, 29, 54, 55, 56, 57, 58, 60, 102, 118, 125, 127, 130, 134, 146, 149, 153, 175, 182, 187, 189, 191, 197, 225, 230, 238, 264, 265, 266, 286, 302, 317, 336, 379, 388, 389, 425, 454, 458, 463, 475, 487, 498, 499, 512, 530, 531, 532, 533, 534, 536, 573, 589, 596, 598, 601, 605, 617, 620, 624, 646, 653, 658, 660, 662, 668, 689, 694, 702, 724, 725, 745, 760, 775, 793, 829, 838, 839, 877, 901, 903, 905, 910, 923]","[1, 13, 14, 29, 54, 55, 56, 57, 58, 60, 102, 118, 125, 127, 130, 134, 146, 149, 153, 175, 182, 187, 189, 191, 197, 225, 230, 238, 264, 265, 266, 286, 302, 317, 336, 354, 379, 388, 389, 425, 454, 458, 463, 475, 487, 498, 499, 512, 530, 531, 532, 533, 534, 536, 573, 589, 596, 598, 601, 605, 617, 620, 624, 646, 653, 658, 660, 662, 668, 689, 694, 702, 724, 725, 745, 760, 775, 793, 809, 829, 838, 839, 877, 901, 903, 905, 910, 923]","[512, 1, 13, 14, 530, 531, 532, 533, 534, 536, 29, 54, 55, 56, 57, 58, 60, 573, 589, 596, 598, 601, 605, 102, 617, 620, 624, 118, 125, 127, 130, 134, 646, 653, 146, 658, 660, 149, 662, 153, 668, 175, 689, 182, 694, 187, 189, 702, 191, 197, 724, 725, 225, 230, 745, 238, 760, 775, 264, 265, 266, 793, 286, 809, 302, 317, 829, 838, 839, 336, 851, 354, 867, 874, 875, 877, 379, 388, 389, 901, 903, 905, 910, 912, 402, 923, 416, 422, 423, 425, 454, 458, 463, 465, 475, 487, 498, 499]",False,[],[],[],[],"[402, 416, 422, 423, 465, 851, 867, 874, 875, 912]","[1, 13, 14, 29, 54, 55, 56, 57, 58, 60, 102, 118, 125, 127, 130, 134, 146, 149, 153, 175, 182, 187, 189, 191, 197, 225, 230, 238, 264, 265, 266, 286, 302, 317, 336, 354, 379, 388, 389, 425, 454, 458, 463, 475, 487, 498, 499, 512, 530, 531, 532, 533, 534, 536, 573, 589, 596, 598, 601, 605, 617, 620, 624, 646, 653, 658, 660, 662, 668, 689, 694, 702, 724, 725, 745, 760, 775, 793, 809, 829, 838, 839, 877, 901, 903, 905, 910, 923]","[1, 13, 14, 29, 54, 55, 56, 57, 58, 60, 102, 118, 125, 127, 130, 134, 146, 149, 153, 175, 182, 187, 189, 191, 197, 225, 230, 238, 264, 265, 266, 286, 302, 317, 336, 379, 388, 389, 425, 454, 458, 463, 475, 487, 498, 499, 512, 530, 531, 532, 533, 534, 536, 573, 589, 596, 598, 601, 605, 617, 620, 624, 646, 653, 658, 660, 662, 668, 689, 694, 702, 724, 725, 745, 760, 775, 793, 829, 838, 839, 877, 901, 903, 905, 910, 923]",0/6 successful match,False,,False,88,False,,,,,
"Nampa , 83651 Jackson's Food Store # 5 ( Shell )",208-467-1440 I-84 Exit 36 ( Franklin Blvd ),P S,Nampa,83651,Jackson's Food Store # 5 ( Shell ),208-467-1440,2007,Nampa,ID,Shell,( Franklin Blvd ),I-84 Exit 36 ,Exit,36,False,,False,I-84,,,,,[],[],[],[],[],"[402, 416, 422, 423, 465, 851, 867, 874, 875, 912]","[1, 13, 14, 29, 54, 55, 56, 57, 58, 60, 102, 118, 125, 127, 130, 134, 146, 149, 153, 175, 182, 187, 189, 191, 197, 225, 230, 238, 264, 265, 266, 286, 302, 317, 336, 379, 388, 389, 425, 454, 458, 463, 475, 487, 498, 499, 512, 530, 531, 532, 533, 534, 536, 573, 589, 596, 598, 601, 605, 617, 620, 624, 646, 653, 658, 660, 662, 668, 689, 694, 702, 724, 725, 745, 760, 775, 793, 829, 838, 839, 877, 901, 903, 905, 910, 923]","[1, 13, 14, 29, 54, 55, 56, 57, 58, 60, 102, 118, 125, 127, 130, 134, 146, 149, 153, 175, 182, 187, 189, 191, 197, 225, 230, 238, 264, 265, 266, 286, 302, 317, 336, 354, 379, 388, 389, 425, 454, 458, 463, 475, 487, 498, 499, 512, 530, 531, 532, 533, 534, 536, 573, 589, 596, 598, 601, 605, 617, 620, 624, 646, 653, 658, 660, 662, 668, 689, 694, 702, 724, 725, 745, 760, 775, 793, 809, 829, 838, 839, 877, 901, 903, 905, 910, 923]","[512, 1, 13, 14, 530, 531, 532, 533, 534, 536, 29, 54, 55, 56, 57, 58, 60, 573, 589, 596, 598, 601, 605, 102, 617, 620, 624, 118, 125, 127, 130, 134, 646, 653, 146, 658, 660, 149, 662, 153, 668, 175, 689, 182, 694, 187, 189, 702, 191, 197, 724, 725, 225, 230, 745, 238, 760, 775, 264, 265, 266, 793, 286, 809, 302, 317, 829, 838, 839, 336, 851, 354, 867, 874, 875, 877, 379, 388, 389, 901, 903, 905, 910, 912, 402, 923, 416, 422, 423, 425, 454, 458, 463, 465, 475, 487, 498, 499]",False,[],[],[],[],"[402, 416, 422, 423, 465, 851, 867, 874, 875, 912]","[1, 13, 14, 29, 54, 55, 56, 57, 58, 60, 102, 118, 125, 127, 130, 134, 146, 149, 153, 175, 182, 187, 189, 191, 197, 225, 230, 238, 264, 265, 266, 286, 302, 317, 336, 354, 379, 388, 389, 425, 454, 458, 463, 475, 487, 498, 499, 512, 530, 531, 532, 533, 534, 536, 573, 589, 596, 598, 601, 605, 617, 620, 624, 646, 653, 658, 660, 662, 668, 689, 694, 702, 724, 725, 745, 760, 775, 793, 809, 829, 838, 839, 877, 901, 903, 905, 910, 923]","[1, 13, 14, 29, 54, 55, 56, 57, 58, 60, 102, 118, 125, 127, 130, 134, 146, 149, 153, 175, 182, 187, 189, 191, 197, 225, 230, 238, 264, 265, 266, 286, 302, 317, 336, 379, 388, 389, 425, 454, 458, 463, 475, 487, 498, 499, 512, 530, 531, 532, 533, 534, 536, 573, 589, 596, 598, 601, 605, 617, 620, 624, 646, 653, 658, 660, 662, 668, 689, 694, 702, 724, 725, 745, 760, 775, 793, 829, 838, 839, 877, 901, 903, 905, 910, 923]",0/6 successful match,False,,False,88,False,,1.0,True,Jackson's Food Store # 5 ( Shell ),Shell
"Nampa , 83651 Jackson's 35 Food Store #",2 208-467-1440 I-84 Exit 36 ( 5 ( Shell ),HILS 24 S,Nampa,83651,Jackson's 35 Food Store #,208-467-1440,2008,Nampa,ID,,( 5 ( Shell ),I-84 Exit 36 ,Exit,36,False,,False,I-84,,,,,[],[],[],[],[],"[402, 416, 422, 423, 465, 851, 867, 874, 875, 912]",[],[],"[416, 867, 422, 423, 874, 875, 912, 465, 402, 851]",False,[],[],[],[],"[402, 416, 422, 423, 465, 851, 867, 874, 875, 912]",[],[],0/6 successful match,False,,False,88,False,,1.0,True,Jackson's Food Store # 5 ( Shell ),Shell
H Nampa ( 83651 ) Jacksons # 005 ( Shell ),2 208-467-1440 I-84 Exit 36 ( Franklin Blvd ),24 S,Nampa,83651,Jacksons # 005 ( Shell ),208-467-1440,2014,Nampa,ID,Shell,( Franklin Blvd ),I-84 Exit 36 ,Exit,36,False,,False,I-84,,,,,[],[],[],[],[],"[402, 416, 422, 423, 465, 851, 867, 874, 875, 912]","[1, 13, 14, 29, 54, 55, 56, 57, 58, 60, 102, 118, 125, 127, 130, 134, 146, 149, 153, 175, 182, 187, 189, 191, 197, 225, 230, 238, 264, 265, 266, 286, 302, 317, 336, 379, 388, 389, 425, 454, 458, 463, 475, 487, 498, 499, 512, 530, 531, 532, 533, 534, 536, 573, 589, 596, 598, 601, 605, 617, 620, 624, 646, 653, 658, 660, 662, 668, 689, 694, 702, 724, 725, 745, 760, 775, 793, 829, 838, 839, 877, 901, 903, 905, 910, 923]","[1, 13, 14, 29, 54, 55, 56, 57, 58, 60, 102, 118, 125, 127, 130, 134, 146, 149, 153, 175, 182, 187, 189, 191, 197, 225, 230, 238, 264, 265, 266, 286, 302, 317, 336, 354, 379, 388, 389, 425, 454, 458, 463, 475, 487, 498, 499, 512, 530, 531, 532, 533, 534, 536, 573, 589, 596, 598, 601, 605, 617, 620, 624, 646, 653, 658, 660, 662, 668, 689, 694, 702, 724, 725, 745, 760, 775, 793, 809, 829, 838, 839, 877, 901, 903, 905, 910, 923]","[512, 1, 13, 14, 530, 531, 532, 533, 534, 536, 29, 54, 55, 56, 57, 58, 60, 573, 589, 596, 598, 601, 605, 102, 617, 620, 624, 118, 125, 127, 130, 134, 646, 653, 146, 658, 660, 149, 662, 153, 668, 175, 689, 182, 694, 187, 189, 702, 191, 197, 724, 725, 225, 230, 745, 238, 760, 775, 264, 265, 266, 793, 286, 809, 302, 317, 829, 838, 839, 336, 851, 354, 867, 874, 875, 877, 379, 388, 389, 901, 903, 905, 910, 912, 402, 923, 416, 422, 423, 425, 454, 458, 463, 465, 475, 487, 498, 499]",False,[],[],[],[],"[402, 416, 422, 423, 465, 851, 867, 874, 875, 912]","[1, 13, 14, 29, 54, 55, 56, 57, 58, 60, 102, 118, 125, 127, 130, 134, 146, 149, 153, 175, 182, 187, 189, 191, 197, 225, 230, 238, 264, 265, 266, 286, 302, 317, 336, 354, 379, 388, 389, 425, 454, 458, 463, 475, 487, 498, 499, 512, 530, 531, 532, 533, 534, 536, 573, 589, 596, 598, 601, 605, 617, 620, 624, 646, 653, 658, 660, 662, 668, 689, 694, 702, 724, 725, 745, 760, 775, 793, 809, 829, 838, 839, 877, 901, 903, 905, 910, 923]","[1, 13, 14, 29, 54, 55, 56, 57, 58, 60, 102, 118, 125, 127, 130, 134, 146, 149, 153, 175, 182, 187, 189, 191, 197, 225, 230, 238, 264, 265, 266, 286, 302, 317, 336, 379, 388, 389, 425, 454, 458, 463, 475, 487, 498, 499, 512, 530, 531, 532, 533, 534, 536, 573, 589, 596, 598, 601, 605, 617, 620, 624, 646, 653, 658, 660, 662, 668, 689, 694, 702, 724, 725, 745, 760, 775, 793, 829, 838, 839, 877, 901, 903, 905, 910, 923]",0/6 successful match,False,,False,88,False,,0.30612244897959184,True,Jackson's 35 Food Store #,
Nampa ( 83651 ) Jacksons # 005 ( Shell ),2 208-467-1440 I-84 Exit 36 ( Franklin Blvd ),24 S,Nampa,83651,Jacksons # 005 ( Shell ),208-467-1440,2015,Nampa,ID,Shell,( Franklin Blvd ),I-84 Exit 36 ,Exit,36,False,,False,I-84,,,,,[],[],[],[],[],"[402, 416, 422, 423, 465, 851, 867, 874, 875, 912]","[1, 13, 14, 29, 54, 55, 56, 57, 58, 60, 102, 118, 125, 127, 130, 134, 146, 149, 153, 175, 182, 187, 189, 191, 197, 225, 230, 238, 264, 265, 266, 286, 302, 317, 336, 379, 388, 389, 425, 454, 458, 463, 475, 487, 498, 499, 512, 530, 531, 532, 533, 534, 536, 573, 589, 596, 598, 601, 605, 617, 620, 624, 646, 653, 658, 660, 662, 668, 689, 694, 702, 724, 725, 745, 760, 775, 793, 829, 838, 839, 877, 901, 903, 905, 910, 923]","[1, 13, 14, 29, 54, 55, 56, 57, 58, 60, 102, 118, 125, 127, 130, 134, 146, 149, 153, 175, 182, 187, 189, 191, 197, 225, 230, 238, 264, 265, 266, 286, 302, 317, 336, 354, 379, 388, 389, 425, 454, 458, 463, 475, 487, 498, 499, 512, 530, 531, 532, 533, 534, 536, 573, 589, 596, 598, 601, 605, 617, 620, 624, 646, 653, 658, 660, 662, 668, 689, 694, 702, 724, 725, 745, 760, 775, 793, 809, 829, 838, 839, 877, 901, 903, 905, 910, 923]","[512, 1, 13, 14, 530, 531, 532, 533, 534, 536, 29, 54, 55, 56, 57, 58, 60, 573, 589, 596, 598, 601, 605, 102, 617, 620, 624, 118, 125, 127, 130, 134, 646, 653, 146, 658, 660, 149, 662, 153, 668, 175, 689, 182, 694, 187, 189, 702, 191, 197, 724, 725, 225, 230, 745, 238, 760, 775, 264, 265, 266, 793, 286, 809, 302, 317, 829, 838, 839, 336, 851, 354, 867, 874, 875, 877, 379, 388, 389, 901, 903, 905, 910, 912, 402, 923, 416, 422, 423, 425, 454, 458, 463, 465, 475, 487, 498, 499]",False,[],[],[],[],"[402, 416, 422, 423, 465, 851, 867, 874, 875, 912]","[1, 13, 14, 29, 54, 55, 56, 57, 58, 60, 102, 118, 125, 127, 130, 134, 146, 149, 153, 175, 182, 187, 189, 191, 197, 225, 230, 238, 264, 265, 266, 286, 302, 317, 336, 354, 379, 388, 389, 425, 454, 458, 463, 475, 487, 498, 499, 512, 530, 531, 532, 533, 534, 536, 573, 589, 596, 598, 601, 605, 617, 620, 624, 646, 653, 658, 660, 662, 668, 689, 694, 702, 724, 725, 745, 760, 775, 793, 809, 829, 838, 839, 877, 901, 903, 905, 910, 923]","[1, 13, 14, 29, 54, 55, 56, 57, 58, 60, 102, 118, 125, 127, 130, 134, 146, 149, 153, 175, 182, 187, 189, 191, 197, 225, 230, 238, 264, 265, 266, 286, 302, 317, 336, 379, 388, 389, 425, 454, 458, 463, 475, 487, 498, 499, 512, 530, 531, 532, 533, 534, 536, 573, 589, 596, 598, 601, 605, 617, 620, 624, 646, 653, 658, 660, 662, 668, 689, 694, 702, 724, 725, 745, 760, 775, 793, 829, 838, 839, 877, 901, 903, 905, 910, 923]",0/6 successful match,False,,False,88,False,,1.0,True,Jacksons # 005 ( Shell ),Shell
Nampa ( 83651 ) Jacksons # 005 ( Shell ),208-467-1440 I-84 Exit 36 ( Franklin Blvd S ),24 SO,Nampa,83651,Jacksons # 005 ( Shell ),208-467-1440,2016,Nampa,ID,Shell,( Franklin Blvd S ),I-84 Exit 36 ,Exit,36,False,,False,I-84,,,,,[],[],[],[],[],"[402, 416, 422, 423, 465, 851, 867, 874, 875, 912]","[1, 13, 14, 29, 54, 55, 56, 57, 58, 60, 102, 118, 125, 127, 130, 134, 146, 149, 153, 175, 182, 187, 189, 191, 197, 225, 230, 238, 264, 265, 266, 286, 302, 317, 336, 379, 388, 389, 425, 454, 458, 463, 475, 487, 498, 499, 512, 530, 531, 532, 533, 534, 536, 573, 589, 596, 598, 601, 605, 617, 620, 624, 646, 653, 658, 660, 662, 668, 689, 694, 702, 724, 725, 745, 760, 775, 793, 829, 838, 839, 877, 901, 903, 905, 910, 923]","[1, 13, 14, 29, 54, 55, 56, 57, 58, 60, 102, 118, 125, 127, 130, 134, 146, 149, 153, 175, 182, 187, 189, 191, 197, 225, 230, 238, 264, 265, 266, 286, 302, 317, 336, 354, 379, 388, 389, 425, 454, 458, 463, 475, 487, 498, 499, 512, 530, 531, 532, 533, 534, 536, 573, 589, 596, 598, 601, 605, 617, 620, 624, 646, 653, 658, 660, 662, 668, 689, 694, 702, 724, 725, 745, 760, 775, 793, 809, 829, 838, 839, 877, 901, 903, 905, 910, 923]","[512, 1, 13, 14, 530, 531, 532, 533, 534, 536, 29, 54, 55, 56, 57, 58, 60, 573, 589, 596, 598, 601, 605, 102, 617, 620, 624, 118, 125, 127, 130, 134, 646, 653, 146, 658, 660, 149, 662, 153, 668, 175, 689, 182, 694, 187, 189, 702, 191, 197, 724, 725, 225, 230, 745, 238, 760, 775, 264, 265, 266, 793, 286, 809, 302, 317, 829, 838, 839, 336, 851, 354, 867, 874, 875, 877, 379, 388, 389, 901, 903, 905, 910, 912, 402, 923, 416, 422, 423, 425, 454, 458, 463, 465, 475, 487, 498, 499]",False,[],[],[],[],"[402, 416, 422, 423, 465, 851, 867, 874, 875, 912]","[1, 13, 14, 29, 54, 55, 56, 57, 58, 60, 102, 118, 125, 127, 130, 134, 146, 149, 153, 175, 182, 187, 189, 191, 197, 225, 230, 238, 264, 265, 266, 286, 302, 317, 336, 354, 379, 388, 389, 425, 454, 458, 463, 475, 487, 498, 499, 512, 530, 531, 532, 533, 534, 536, 573, 589, 596, 598, 601, 605, 617, 620, 624, 646, 653, 658, 660, 662, 668, 689, 694, 702, 724, 725, 745, 760, 775, 793, 809, 829, 838, 839, 877, 901, 903, 905, 910, 923]","[1, 13, 14, 29, 54, 55, 56, 57, 58, 60, 102, 118, 125, 127, 130, 134, 146, 149, 153, 175, 182, 187, 189, 191, 197, 225, 230, 238, 264, 265, 266, 286, 302, 317, 336, 379, 388, 389, 425, 454, 458, 463, 475, 487, 498, 499, 512, 530, 531, 532, 533, 534, 536, 573, 589, 596, 598, 601, 605, 617, 620, 624, 646, 653, 658, 660, 662, 668, 689, 694, 702, 724, 725, 745, 760, 775, 793, 829, 838, 839, 877, 901, 903, 905, 910, 923]",0/6 successful match,False,,False,88,False,,1.0,True,Jacksons # 005 ( Shell ),Shell
"Parma , 83660 Producers Supply Co - Op ( Chevron )",208-722-5508 28028 US 20-26,<U+2610> 00,Parma,83660,Producers Supply Co - Op ( Chevron ),208-722-5508,2006,Parma,ID,Chevron,,28028 US 20-26,Proper,,False,,False,US 20-26,,,,,[],[],[],[],[],"[84, 104, 433, 555, 575, 885]","[12, 24, 25, 28, 88, 100, 104, 119, 123, 129, 136, 137, 139, 140, 141, 148, 155, 169, 172, 179, 183, 185, 188, 196, 198, 217, 237, 267, 270, 278, 319, 321, 324, 325, 330, 334, 335, 354, 366, 369, 380, 383, 384, 386, 395, 407, 411, 423, 428, 436, 437, 452, 453, 456, 467, 471, 477, 478, 479, 497, 508, 511, 559, 571, 575, 590, 594, 600, 607, 608, 610, 611, 612, 619, 627, 640, 643, 650, 654, 656, 659, 667, 669, 685, 701, 726, 729, 737, 777, 779, 782, 783, 787, 790, 791, 809, 817, 819, 830, 833, 834, 836, 845, 856, 857, 860, 862, 875, 880, 887, 888, 899, 900, 914, 918, 921, 928, 929, 930]","[12, 24, 25, 28, 88, 100, 104, 119, 123, 129, 136, 137, 139, 140, 141, 148, 155, 169, 172, 179, 183, 185, 188, 196, 198, 217, 237, 267, 270, 278, 319, 321, 324, 325, 330, 334, 335, 354, 366, 369, 380, 383, 384, 386, 395, 401, 407, 411, 423, 428, 436, 437, 452, 453, 456, 467, 471, 477, 478, 479, 497, 508, 511, 559, 571, 575, 590, 594, 600, 607, 608, 610, 611, 612, 619, 627, 640, 643, 650, 654, 656, 659, 667, 669, 685, 701, 726, 729, 737, 777, 779, 782, 783, 787, 790, 791, 809, 817, 819, 830, 833, 834, 836, 845, 850, 856, 857, 860, 862, 875, 880, 887, 888, 899, 900, 914, 918, 921, 928, 929, 930]","[12, 24, 25, 28, 555, 559, 571, 575, 590, 594, 84, 88, 600, 607, 608, 610, 611, 100, 612, 104, 619, 627, 119, 123, 640, 129, 643, 136, 137, 650, 139, 140, 141, 654, 656, 659, 148, 155, 667, 669, 169, 172, 685, 179, 183, 185, 188, 701, 196, 198, 726, 217, 729, 737, 237, 777, 267, 779, 270, 782, 783, 787, 278, 790, 791, 809, 817, 819, 830, 319, 321, 833, 834, 324, 325, 836, 330, 845, 334, 335, 850, 856, 857, 860, 862, 354, 875, 366, 880, 369, 885, 887, 888, 380, 383, 384, 386, 899, 900, 395, 401, 914, 918, 407, 921, 411, 928, 929, 930, 423, 428, 433, 436, 437, 452, 453, 456, 467, 471, 477, 478, 479, 497, 508, 511]",False,[],[],[],[],"[84, 104, 433, 555, 575, 885]","[12, 24, 25, 28, 88, 100, 104, 119, 123, 129, 136, 137, 139, 140, 141, 148, 155, 169, 172, 179, 183, 185, 188, 196, 198, 217, 237, 267, 270, 278, 319, 321, 324, 325, 330, 334, 335, 354, 366, 369, 380, 383, 384, 386, 395, 401, 407, 411, 423, 428, 436, 437, 452, 453, 456, 467, 471, 477, 478, 479, 497, 508, 511, 559, 571, 575, 590, 594, 600, 607, 608, 610, 611, 612, 619, 627, 640, 643, 650, 654, 656, 659, 667, 669, 685, 701, 726, 729, 737, 777, 779, 782, 783, 787, 790, 791, 809, 817, 819, 830, 833, 834, 836, 845, 850, 856, 857, 860, 862, 875, 880, 887, 888, 899, 900, 914, 918, 921, 928, 929, 930]","[12, 24, 25, 28, 88, 100, 104, 119, 123, 129, 136, 137, 139, 140, 141, 148, 155, 169, 172, 179, 183, 185, 188, 196, 198, 217, 237, 267, 270, 278, 319, 321, 324, 325, 330, 334, 335, 354, 366, 369, 380, 383, 384, 386, 395, 407, 411, 423, 428, 436, 437, 452, 453, 456, 467, 471, 477, 478, 479, 497, 508, 511, 559, 571, 575, 590, 594, 600, 607, 608, 610, 611, 612, 619, 627, 640, 643, 650, 654, 656, 659, 667, 669, 685, 701, 726, 729, 737, 777, 779, 782, 783, 787, 790, 791, 809, 817, 819, 830, 833, 834, 836, 845, 856, 857, 860, 862, 875, 880, 887, 888, 899, 900, 914, 918, 921, 928, 929, 930]",0/6 successful match,False,,False,89,False,,,,,
"Parma , 83660 Producers Supply Co -",208-722-5508 28028 US 20-26 Op,S <U+2610>,Parma,83660,Producers Supply Co -,208-722-5508,2007,Parma,ID,,,28028 US 20-26 Op,Proper,,False,,False,US 20-26,,,,,[],[],[],[],[],"[84, 104, 433, 555, 575, 885]",[],[],"[104, 555, 433, 84, 885, 575]",False,[],[],[],[],"[84, 104, 433, 555, 575, 885]",[],[],0/6 successful match,False,,False,89,False,,1.0,True,Producers Supply Co - Op ( Chevron ),Chevron
"Parma , 83660 Producers Supply of bridge , South side )",208-722-5508 28028 US 20-26 Co - Op,Sm,Parma Producers Supply of bridge,83660,"Producers Supply of bridge , South side )",208-722-5508,2008,Parma,ID,,,28028 US 20-26 Co - Op,Proper,,False,,False,US 20-26,,,,,[],[],[],[],[],"[84, 104, 433, 555, 575, 885]",[],[],"[104, 555, 433, 84, 885, 575]",False,[],[],[],[],"[84, 104, 433, 555, 575, 885]",[],[],0/6 successful match,False,,False,89,False,,0.8438709677419355,True,Producers Supply Co -,
Parma ( 83660 ) Valleywide Co - Op ( Cenex ),1 208-722-5508 28028 US 20-26,<U+2610> S,Parma,83660,Valleywide Co - Op ( Cenex ),208-722-5508,2014,Parma,ID,Cenex,,28028 US 20-26,Proper,,False,,False,US 20-26,,,,,[],[],[],[],[],"[84, 104, 433, 555, 575, 885]",[],"[401, 850]","[104, 555, 433, 401, 850, 84, 885, 575]",False,[],[],[],[],"[84, 104, 433, 555, 575, 885]","[401, 850]",[],0/6 successful match,False,,False,89,True,2014,0.10144927536231885,True,"Producers Supply of bridge , South side )",
H Parma ( 83660 ) Valleywide Co - Op ( Cenex ),208-722-5508 28028 US 20-26,<U+2610> S,Parma,83660,Valleywide Co - Op ( Cenex ),208-722-5508,2015,Parma,ID,Cenex,,28028 US 20-26,Proper,,False,,False,US 20-26,,,,,[],[],[],[],[],"[84, 104, 433, 555, 575, 885]",[],"[401, 850]","[104, 555, 433, 401, 850, 84, 885, 575]",False,[],[],[],[],"[84, 104, 433, 555, 575, 885]","[401, 850]",[],0/6 successful match,False,,False,89,False,,1.0,True,Valleywide Co - Op ( Cenex ),Cenex
Parma ( 83660 ) Valleywide Co - Op ( Cenex ),208-722-5508 28028 US 20-26,<U+2610> S <U+2610> <U+2610> <U+2610>,Parma,83660,Valleywide Co - Op ( Cenex ),208-722-5508,2016,Parma,ID,Cenex,,28028 US 20-26,Proper,,False,,False,US 20-26,,,,,[],[],[],[],[],"[84, 104, 433, 555, 575, 885]",[],"[401, 850]","[104, 555, 433, 401, 850, 84, 885, 575]",False,[],[],[],[],"[84, 104, 433, 555, 575, 885]","[401, 850]",[],0/6 successful match,False,,False,89,False,,1.0,True,Valleywide Co - Op ( Cenex ),Cenex
"Wilder , 83676 Jackson's Food Store # 3 ( Shell )",208-482-6299 US 95 & ID 19,,Wilder,83676,Jackson's Food Store # 3 ( Shell ),208-482-6299,2006,Wilder,ID,Shell,,US 95 & ID 19,empty,,False,,False,US 95,ID 19,,,,[],[],[],[],[],"[8, 42, 43, 71, 72, 84, 86, 339, 348, 354, 360, 369, 382, 383, 384, 389, 390, 523, 540, 546, 555, 557, 795, 803, 809, 819, 832, 833, 834, 839, 840]","[1, 13, 14, 29, 54, 55, 56, 57, 58, 60, 102, 118, 125, 127, 130, 134, 146, 149, 153, 175, 182, 187, 189, 191, 197, 225, 230, 238, 264, 265, 266, 286, 302, 317, 336, 379, 388, 389, 425, 454, 458, 463, 475, 487, 498, 499, 512, 530, 531, 532, 533, 534, 536, 573, 589, 596, 598, 601, 605, 617, 620, 624, 646, 653, 658, 660, 662, 668, 689, 694, 702, 724, 725, 745, 760, 775, 793, 829, 838, 839, 877, 901, 903, 905, 910, 923]","[1, 13, 14, 29, 54, 55, 56, 57, 58, 60, 102, 118, 125, 127, 130, 134, 146, 149, 153, 175, 182, 187, 189, 191, 197, 225, 230, 238, 264, 265, 266, 286, 302, 317, 336, 354, 379, 388, 389, 425, 454, 458, 463, 475, 487, 498, 499, 512, 530, 531, 532, 533, 534, 536, 573, 589, 596, 598, 601, 605, 617, 620, 624, 646, 653, 658, 660, 662, 668, 689, 694, 702, 724, 725, 745, 760, 775, 793, 809, 829, 838, 839, 877, 901, 903, 905, 910, 923]","[512, 1, 8, 523, 13, 14, 530, 531, 532, 533, 534, 536, 540, 29, 546, 42, 43, 555, 557, 54, 55, 56, 57, 58, 60, 573, 71, 72, 589, 84, 596, 86, 598, 601, 605, 102, 617, 620, 624, 118, 125, 127, 130, 134, 646, 653, 146, 658, 660, 149, 662, 153, 668, 175, 689, 182, 694, 187, 189, 702, 191, 197, 724, 725, 225, 230, 745, 238, 760, 775, 264, 265, 266, 793, 795, 286, 803, 809, 302, 819, 317, 829, 832, 833, 834, 838, 839, 840, 336, 339, 348, 354, 360, 877, 369, 379, 382, 383, 384, 388, 389, 390, 901, 903, 905, 910, 923, 425, 454, 458, 463, 475, 487, 498, 499]",False,[],[],[],[],"[8, 42, 43, 71, 72, 84, 86, 339, 348, 354, 360, 369, 382, 383, 384, 389, 390, 523, 540, 546, 555, 557, 795, 803, 809, 819, 832, 833, 834, 839, 840]","[1, 13, 14, 29, 54, 55, 56, 57, 58, 60, 102, 118, 125, 127, 130, 134, 146, 149, 153, 175, 182, 187, 189, 191, 197, 225, 230, 238, 264, 265, 266, 286, 302, 317, 336, 354, 379, 388, 389, 425, 454, 458, 463, 475, 487, 498, 499, 512, 530, 531, 532, 533, 534, 536, 573, 589, 596, 598, 601, 605, 617, 620, 624, 646, 653, 658, 660, 662, 668, 689, 694, 702, 724, 725, 745, 760, 775, 793, 809, 829, 838, 839, 877, 901, 903, 905, 910, 923]","[1, 13, 14, 29, 54, 55, 56, 57, 58, 60, 102, 118, 125, 127, 130, 134, 146, 149, 153, 175, 182, 187, 189, 191, 197, 225, 230, 238, 264, 265, 266, 286, 302, 317, 336, 379, 388, 389, 425, 454, 458, 463, 475, 487, 498, 499, 512, 530, 531, 532, 533, 534, 536, 573, 589, 596, 598, 601, 605, 617, 620, 624, 646, 653, 658, 660, 662, 668, 689, 694, 702, 724, 725, 745, 760, 775, 793, 829, 838, 839, 877, 901, 903, 905, 910, 923]",0/6 successful match,False,,False,90,False,,,,,
"Wilder , 83676 Jackson's Food Store # 3 ( Shell )",208-482-6299 US 95 & ID 19,- S <U+2610> O,Wilder,83676,Jackson's Food Store # 3 ( Shell ),208-482-6299,2007,Wilder,ID,Shell,,US 95 & ID 19,empty,,False,,False,US 95,ID 19,,,,[],[],[],[],[],"[8, 42, 43, 71, 72, 84, 86, 339, 348, 354, 360, 369, 382, 383, 384, 389, 390, 523, 540, 546, 555, 557, 795, 803, 809, 819, 832, 833, 834, 839, 840]","[1, 13, 14, 29, 54, 55, 56, 57, 58, 60, 102, 118, 125, 127, 130, 134, 146, 149, 153, 175, 182, 187, 189, 191, 197, 225, 230, 238, 264, 265, 266, 286, 302, 317, 336, 379, 388, 389, 425, 454, 458, 463, 475, 487, 498, 499, 512, 530, 531, 532, 533, 534, 536, 573, 589, 596, 598, 601, 605, 617, 620, 624, 646, 653, 658, 660, 662, 668, 689, 694, 702, 724, 725, 745, 760, 775, 793, 829, 838, 839, 877, 901, 903, 905, 910, 923]","[1, 13, 14, 29, 54, 55, 56, 57, 58, 60, 102, 118, 125, 127, 130, 134, 146, 149, 153, 175, 182, 187, 189, 191, 197, 225, 230, 238, 264, 265, 266, 286, 302, 317, 336, 354, 379, 388, 389, 425, 454, 458, 463, 475, 487, 498, 499, 512, 530, 531, 532, 533, 534, 536, 573, 589, 596, 598, 601, 605, 617, 620, 624, 646, 653, 658, 660, 662, 668, 689, 694, 702, 724, 725, 745, 760, 775, 793, 809, 829, 838, 839, 877, 901, 903, 905, 910, 923]","[512, 1, 8, 523, 13, 14, 530, 531, 532, 533, 534, 536, 540, 29, 546, 42, 43, 555, 557, 54, 55, 56, 57, 58, 60, 573, 71, 72, 589, 84, 596, 86, 598, 601, 605, 102, 617, 620, 624, 118, 125, 127, 130, 134, 646, 653, 146, 658, 660, 149, 662, 153, 668, 175, 689, 182, 694, 187, 189, 702, 191, 197, 724, 725, 225, 230, 745, 238, 760, 775, 264, 265, 266, 793, 795, 286, 803, 809, 302, 819, 317, 829, 832, 833, 834, 838, 839, 840, 336, 339, 348, 354, 360, 877, 369, 379, 382, 383, 384, 388, 389, 390, 901, 903, 905, 910, 923, 425, 454, 458, 463, 475, 487, 498, 499]",False,[],[],[],[],"[8, 42, 43, 71, 72, 84, 86, 339, 348, 354, 360, 369, 382, 383, 384, 389, 390, 523, 540, 546, 555, 557, 795, 803, 809, 819, 832, 833, 834, 839, 840]","[1, 13, 14, 29, 54, 55, 56, 57, 58, 60, 102, 118, 125, 127, 130, 134, 146, 149, 153, 175, 182, 187, 189, 191, 197, 225, 230, 238, 264, 265, 266, 286, 302, 317, 336, 354, 379, 388, 389, 425, 454, 458, 463, 475, 487, 498, 499, 512, 530, 531, 532, 533, 534, 536, 573, 589, 596, 598, 601, 605, 617, 620, 624, 646, 653, 658, 660, 662, 668, 689, 694, 702, 724, 725, 745, 760, 775, 793, 809, 829, 838, 839, 877, 901, 903, 905, 910, 923]","[1, 13, 14, 29, 54, 55, 56, 57, 58, 60, 102, 118, 125, 127, 130, 134, 146, 149, 153, 175, 182, 187, 189, 191, 197, 225, 230, 238, 264, 265, 266, 286, 302, 317, 336, 379, 388, 389, 425, 454, 458, 463, 475, 487, 498, 499, 512, 530, 531, 532, 533, 534, 536, 573, 589, 596, 598, 601, 605, 617, 620, 624, 646, 653, 658, 660, 662, 668, 689, 694, 702, 724, 725, 745, 760, 775, 793, 829, 838, 839, 877, 901, 903, 905, 910, 923]",0/6 successful match,False,,False,90,False,,1.0,True,Jackson's Food Store # 3 ( Shell ),Shell
"Wilder , 83676 Jackson's Food Store Rd # 3 ( Shell )",208-482-6299 128 US 95 ( N of ID 19 ),24 SO <U+2610>,Wilder,83676,Jackson's Food Store Rd # 3 ( Shell ),208-482-6299,2008,Wilder,ID,Shell,( N of ID 19 ),128 US 95,Proper,,False,,False,US 95,,,,,[],[],[],[],[],"[8, 43, 71, 84, 86, 339, 348, 354, 360, 369, 382, 383, 384, 389, 390, 523, 546, 555, 557, 795, 803, 809, 819, 832, 833, 834, 839, 840]","[1, 13, 14, 29, 54, 55, 56, 57, 58, 60, 102, 118, 125, 127, 130, 134, 146, 149, 153, 175, 182, 187, 189, 191, 197, 225, 230, 238, 264, 265, 266, 286, 302, 317, 336, 379, 388, 389, 425, 454, 458, 463, 475, 487, 498, 499, 512, 530, 531, 532, 533, 534, 536, 573, 589, 596, 598, 601, 605, 617, 620, 624, 646, 653, 658, 660, 662, 668, 689, 694, 702, 724, 725, 745, 760, 775, 793, 829, 838, 839, 877, 901, 903, 905, 910, 923]","[1, 13, 14, 29, 54, 55, 56, 57, 58, 60, 102, 118, 125, 127, 130, 134, 146, 149, 153, 175, 182, 187, 189, 191, 197, 225, 230, 238, 264, 265, 266, 286, 302, 317, 336, 354, 379, 388, 389, 425, 454, 458, 463, 475, 487, 498, 499, 512, 530, 531, 532, 533, 534, 536, 573, 589, 596, 598, 601, 605, 617, 620, 624, 646, 653, 658, 660, 662, 668, 689, 694, 702, 724, 725, 745, 760, 775, 793, 809, 829, 838, 839, 877, 901, 903, 905, 910, 923]","[512, 1, 8, 523, 13, 14, 530, 531, 532, 533, 534, 536, 29, 546, 43, 555, 557, 54, 55, 56, 57, 58, 60, 573, 71, 589, 84, 596, 86, 598, 601, 605, 102, 617, 620, 624, 118, 125, 127, 130, 134, 646, 653, 146, 658, 660, 149, 662, 153, 668, 175, 689, 182, 694, 187, 189, 702, 191, 197, 724, 725, 225, 230, 745, 238, 760, 775, 264, 265, 266, 793, 795, 286, 803, 809, 302, 819, 317, 829, 832, 833, 834, 838, 839, 840, 336, 339, 348, 354, 360, 877, 369, 379, 382, 383, 384, 388, 389, 390, 901, 903, 905, 910, 923, 425, 454, 458, 463, 475, 487, 498, 499]",False,[],[],[],[],"[8, 43, 71, 84, 86, 339, 348, 354, 360, 369, 382, 383, 384, 389, 390, 523, 546, 555, 557, 795, 803, 809, 819, 832, 833, 834, 839, 840]","[1, 13, 14, 29, 54, 55, 56, 57, 58, 60, 102, 118, 125, 127, 130, 134, 146, 149, 153, 175, 182, 187, 189, 191, 197, 225, 230, 238, 264, 265, 266, 286, 302, 317, 336, 354, 379, 388, 389, 425, 454, 458, 463, 475, 487, 498, 499, 512, 530, 531, 532, 533, 534, 536, 573, 589, 596, 598, 601, 605, 617, 620, 624, 646, 653, 658, 660, 662, 668, 689, 694, 702, 724, 725, 745, 760, 775, 793, 809, 829, 838, 839, 877, 901, 903, 905, 910, 923]","[1, 13, 14, 29, 54, 55, 56, 57, 58, 60, 102, 118, 125, 127, 130, 134, 146, 149, 153, 175, 182, 187, 189, 191, 197, 225, 230, 238, 264, 265, 266, 286, 302, 317, 336, 379, 388, 389, 425, 454, 458, 463, 475, 487, 498, 499, 512, 530, 531, 532, 533, 534, 536, 573, 589, 596, 598, 601, 605, 617, 620, 624, 646, 653, 658, 660, 662, 668, 689, 694, 702, 724, 725, 745, 760, 775, 793, 829, 838, 839, 877, 901, 903, 905, 910, 923]",0/6 successful match,False,,False,90,False,,1.0,True,Jackson's Food Store # 3 ( Shell ),Shell
Wilder ( 83676 ) Jacksons # 003 ( Shell ),208-482-6299 128 US 95 ( 1 mi N of ID 19 ),24 A S,Wilder,83676,Jacksons # 003 ( Shell ),208-482-6299,2014,Wilder,ID,Shell,( 1 mi N of ID 19 ),128 US 95,Proper,,False,,False,US 95,,,,,[],[],[],[],[],"[8, 43, 71, 84, 86, 339, 348, 354, 360, 369, 382, 383, 384, 389, 390, 523, 546, 555, 557, 795, 803, 809, 819, 832, 833, 834, 839, 840]","[1, 13, 14, 29, 54, 55, 56, 57, 58, 60, 102, 118, 125, 127, 130, 134, 146, 149, 153, 175, 182, 187, 189, 191, 197, 225, 230, 238, 264, 265, 266, 286, 302, 317, 336, 379, 388, 389, 425, 454, 458, 463, 475, 487, 498, 499, 512, 530, 531, 532, 533, 534, 536, 573, 589, 596, 598, 601, 605, 617, 620, 624, 646, 653, 658, 660, 662, 668, 689, 694, 702, 724, 725, 745, 760, 775, 793, 829, 838, 839, 877, 901, 903, 905, 910, 923]","[1, 13, 14, 29, 54, 55, 56, 57, 58, 60, 102, 118, 125, 127, 130, 134, 146, 149, 153, 175, 182, 187, 189, 191, 197, 225, 230, 238, 264, 265, 266, 286, 302, 317, 336, 354, 379, 388, 389, 425, 454, 458, 463, 475, 487, 498, 499, 512, 530, 531, 532, 533, 534, 536, 573, 589, 596, 598, 601, 605, 617, 620, 624, 646, 653, 658, 660, 662, 668, 689, 694, 702, 724, 725, 745, 760, 775, 793, 809, 829, 838, 839, 877, 901, 903, 905, 910, 923]","[512, 1, 8, 523, 13, 14, 530, 531, 532, 533, 534, 536, 29, 546, 43, 555, 557, 54, 55, 56, 57, 58, 60, 573, 71, 589, 84, 596, 86, 598, 601, 605, 102, 617, 620, 624, 118, 125, 127, 130, 134, 646, 653, 146, 658, 660, 149, 662, 153, 668, 175, 689, 182, 694, 187, 189, 702, 191, 197, 724, 725, 225, 230, 745, 238, 760, 775, 264, 265, 266, 793, 795, 286, 803, 809, 302, 819, 317, 829, 832, 833, 834, 838, 839, 840, 336, 339, 348, 354, 360, 877, 369, 379, 382, 383, 384, 388, 389, 390, 901, 903, 905, 910, 923, 425, 454, 458, 463, 475, 487, 498, 499]",False,[],[],[],[],"[8, 43, 71, 84, 86, 339, 348, 354, 360, 369, 382, 383, 384, 389, 390, 523, 546, 555, 557, 795, 803, 809, 819, 832, 833, 834, 839, 840]","[1, 13, 14, 29, 54, 55, 56, 57, 58, 60, 102, 118, 125, 127, 130, 134, 146, 149, 153, 175, 182, 187, 189, 191, 197, 225, 230, 238, 264, 265, 266, 286, 302, 317, 336, 354, 379, 388, 389, 425, 454, 458, 463, 475, 487, 498, 499, 512, 530, 531, 532, 533, 534, 536, 573, 589, 596, 598, 601, 605, 617, 620, 624, 646, 653, 658, 660, 662, 668, 689, 694, 702, 724, 725, 745, 760, 775, 793, 809, 829, 838, 839, 877, 901, 903, 905, 910, 923]","[1, 13, 14, 29, 54, 55, 56, 57, 58, 60, 102, 118, 125, 127, 130, 134, 146, 149, 153, 175, 182, 187, 189, 191, 197, 225, 230, 238, 264, 265, 266, 286, 302, 317, 336, 379, 388, 389, 425, 454, 458, 463, 475, 487, 498, 499, 512, 530, 531, 532, 533, 534, 536, 573, 589, 596, 598, 601, 605, 617, 620, 624, 646, 653, 658, 660, 662, 668, 689, 694, 702, 724, 725, 745, 760, 775, 793, 829, 838, 839, 877, 901, 903, 905, 910, 923]",0/6 successful match,False,,False,90,False,,0.860655737704918,True,Jackson's Food Store Rd # 3 ( Shell ),Shell
Wilder ( 83676 ) Jacksons # 003 ( Shell ),1 / 208-482-6299 128 US 95 ( 1 mi N of ID 19 ),24 S,Wilder,83676,Jacksons # 003 ( Shell ),208-482-6299,2015,Wilder,ID,Shell,( 1 mi N of ID 19 ),128 US 95,Proper,,False,,False,US 95,,,,,[],[],[],[],[],"[8, 43, 71, 84, 86, 339, 348, 354, 360, 369, 382, 383, 384, 389, 390, 523, 546, 555, 557, 795, 803, 809, 819, 832, 833, 834, 839, 840]","[1, 13, 14, 29, 54, 55, 56, 57, 58, 60, 102, 118, 125, 127, 130, 134, 146, 149, 153, 175, 182, 187, 189, 191, 197, 225, 230, 238, 264, 265, 266, 286, 302, 317, 336, 379, 388, 389, 425, 454, 458, 463, 475, 487, 498, 499, 512, 530, 531, 532, 533, 534, 536, 573, 589, 596, 598, 601, 605, 617, 620, 624, 646, 653, 658, 660, 662, 668, 689, 694, 702, 724, 725, 745, 760, 775, 793, 829, 838, 839, 877, 901, 903, 905, 910, 923]","[1, 13, 14, 29, 54, 55, 56, 57, 58, 60, 102, 118, 125, 127, 130, 134, 146, 149, 153, 175, 182, 187, 189, 191, 197, 225, 230, 238, 264, 265, 266, 286, 302, 317, 336, 354, 379, 388, 389, 425, 454, 458, 463, 475, 487, 498, 499, 512, 530, 531, 532, 533, 534, 536, 573, 589, 596, 598, 601, 605, 617, 620, 624, 646, 653, 658, 660, 662, 668, 689, 694, 702, 724, 725, 745, 760, 775, 793, 809, 829, 838, 839, 877, 901, 903, 905, 910, 923]","[512, 1, 8, 523, 13, 14, 530, 531, 532, 533, 534, 536, 29, 546, 43, 555, 557, 54, 55, 56, 57, 58, 60, 573, 71, 589, 84, 596, 86, 598, 601, 605, 102, 617, 620, 624, 118, 125, 127, 130, 134, 646, 653, 146, 658, 660, 149, 662, 153, 668, 175, 689, 182, 694, 187, 189, 702, 191, 197, 724, 725, 225, 230, 745, 238, 760, 775, 264, 265, 266, 793, 795, 286, 803, 809, 302, 819, 317, 829, 832, 833, 834, 838, 839, 840, 336, 339, 348, 354, 360, 877, 369, 379, 382, 383, 384, 388, 389, 390, 901, 903, 905, 910, 923, 425, 454, 458, 463, 475, 487, 498, 499]",False,[],[],[],[],"[8, 43, 71, 84, 86, 339, 348, 354, 360, 369, 382, 383, 384, 389, 390, 523, 546, 555, 557, 795, 803, 809, 819, 832, 833, 834, 839, 840]","[1, 13, 14, 29, 54, 55, 56, 57, 58, 60, 102, 118, 125, 127, 130, 134, 146, 149, 153, 175, 182, 187, 189, 191, 197, 225, 230, 238, 264, 265, 266, 286, 302, 317, 336, 354, 379, 388, 389, 425, 454, 458, 463, 475, 487, 498, 499, 512, 530, 531, 532, 533, 534, 536, 573, 589, 596, 598, 601, 605, 617, 620, 624, 646, 653, 658, 660, 662, 668, 689, 694, 702, 724, 725, 745, 760, 775, 793, 809, 829, 838, 839, 877, 901, 903, 905, 910, 923]","[1, 13, 14, 29, 54, 55, 56, 57, 58, 60, 102, 118, 125, 127, 130, 134, 146, 149, 153, 175, 182, 187, 189, 191, 197, 225, 230, 238, 264, 265, 266, 286, 302, 317, 336, 379, 388, 389, 425, 454, 458, 463, 475, 487, 498, 499, 512, 530, 531, 532, 533, 534, 536, 573, 589, 596, 598, 601, 605, 617, 620, 624, 646, 653, 658, 660, 662, 668, 689, 694, 702, 724, 725, 745, 760, 775, 793, 829, 838, 839, 877, 901, 903, 905, 910, 923]",0/6 successful match,False,,False,90,False,,1.0,True,Jacksons # 003 ( Shell ),Shell
Wilder ( 83676 ) Jacksons # 003 ( Shell ),208-482-6299 128 US 95 ( 1 mi N of ID 19 ),24 S,Wilder,83676,Jacksons # 003 ( Shell ),208-482-6299,2016,Wilder,ID,Shell,( 1 mi N of ID 19 ),128 US 95,Proper,,False,,False,US 95,,,,,[],[],[],[],[],"[8, 43, 71, 84, 86, 339, 348, 354, 360, 369, 382, 383, 384, 389, 390, 523, 546, 555, 557, 795, 803, 809, 819, 832, 833, 834, 839, 840]","[1, 13, 14, 29, 54, 55, 56, 57, 58, 60, 102, 118, 125, 127, 130, 134, 146, 149, 153, 175, 182, 187, 189, 191, 197, 225, 230, 238, 264, 265, 266, 286, 302, 317, 336, 379, 388, 389, 425, 454, 458, 463, 475, 487, 498, 499, 512, 530, 531, 532, 533, 534, 536, 573, 589, 596, 598, 601, 605, 617, 620, 624, 646, 653, 658, 660, 662, 668, 689, 694, 702, 724, 725, 745, 760, 775, 793, 829, 838, 839, 877, 901, 903, 905, 910, 923]","[1, 13, 14, 29, 54, 55, 56, 57, 58, 60, 102, 118, 125, 127, 130, 134, 146, 149, 153, 175, 182, 187, 189, 191, 197, 225, 230, 238, 264, 265, 266, 286, 302, 317, 336, 354, 379, 388, 389, 425, 454, 458, 463, 475, 487, 498, 499, 512, 530, 531, 532, 533, 534, 536, 573, 589, 596, 598, 601, 605, 617, 620, 624, 646, 653, 658, 660, 662, 668, 689, 694, 702, 724, 725, 745, 760, 775, 793, 809, 829, 838, 839, 877, 901, 903, 905, 910, 923]","[512, 1, 8, 523, 13, 14, 530, 531, 532, 533, 534, 536, 29, 546, 43, 555, 557, 54, 55, 56, 57, 58, 60, 573, 71, 589, 84, 596, 86, 598, 601, 605, 102, 617, 620, 624, 118, 125, 127, 130, 134, 646, 653, 146, 658, 660, 149, 662, 153, 668, 175, 689, 182, 694, 187, 189, 702, 191, 197, 724, 725, 225, 230, 745, 238, 760, 775, 264, 265, 266, 793, 795, 286, 803, 809, 302, 819, 317, 829, 832, 833, 834, 838, 839, 840, 336, 339, 348, 354, 360, 877, 369, 379, 382, 383, 384, 388, 389, 390, 901, 903, 905, 910, 923, 425, 454, 458, 463, 475, 487, 498, 499]",False,[],[],[],[],"[8, 43, 71, 84, 86, 339, 348, 354, 360, 369, 382, 383, 384, 389, 390, 523, 546, 555, 557, 795, 803, 809, 819, 832, 833, 834, 839, 840]","[1, 13, 14, 29, 54, 55, 56, 57, 58, 60, 102, 118, 125, 127, 130, 134, 146, 149, 153, 175, 182, 187, 189, 191, 197, 225, 230, 238, 264, 265, 266, 286, 302, 317, 336, 354, 379, 388, 389, 425, 454, 458, 463, 475, 487, 498, 499, 512, 530, 531, 532, 533, 534, 536, 573, 589, 596, 598, 601, 605, 617, 620, 624, 646, 653, 658, 660, 662, 668, 689, 694, 702, 724, 725, 745, 760, 775, 793, 809, 829, 838, 839, 877, 901, 903, 905, 910, 923]","[1, 13, 14, 29, 54, 55, 56, 57, 58, 60, 102, 118, 125, 127, 130, 134, 146, 149, 153, 175, 182, 187, 189, 191, 197, 225, 230, 238, 264, 265, 266, 286, 302, 317, 336, 379, 388, 389, 425, 454, 458, 463, 475, 487, 498, 499, 512, 530, 531, 532, 533, 534, 536, 573, 589, 596, 598, 601, 605, 617, 620, 624, 646, 653, 658, 660, 662, 668, 689, 694, 702, 724, 725, 745, 760, 775, 793, 829, 838, 839, 877, 901, 903, 905, 910, 923]",0/6 successful match,False,,False,90,False,,1.0,True,Jacksons # 003 ( Shell ),Shell
"Boise , 83705 TravelCenters of America ( Tesoro 30 )",208-344-1091 I-84 Exit 54 ( ),TA HRS L 24 NO,Boise,83705,TravelCenters of America ( Tesoro 30 ),208-344-1091,2006,Boise,ID,TravelCenters,( ),I-84 Exit 54 ,Exit,54,False,,False,I-84,,,,,[],[],[],"[109, 370, 579, 820]",[],"[402, 416, 422, 423, 465, 851, 867, 874, 875, 912]","[98, 476, 481, 569, 924, 925]","[296, 409, 755, 859]","[912, 402, 409, 924, 925, 416, 422, 423, 296, 820, 569, 579, 465, 851, 859, 476, 481, 98, 867, 874, 875, 109, 370, 755]",False,[],[],[],"[109, 370, 579, 820]","[402, 416, 422, 423, 465, 851, 867, 874, 875, 912]","[296, 409, 755, 859]","[98, 476, 481, 569, 924, 925]",0/6 successful match,False,,False,91,False,,,,,
"Boise , 83705 TravelCenters of America",2 208-344-1091 I-84 Exit 54 ( Broadway Ave ) TA,24 45 L 24 HRS,Boise,83705,TravelCenters of America,208-344-1091,2007,Boise,ID,TravelCenters,( Broadway Ave ) TA,I-84 Exit 54 ,Exit,54,False,,False,I-84,,,,,[],[],[],"[109, 370, 579, 820]",[],"[402, 416, 422, 423, 465, 851, 867, 874, 875, 912]","[98, 476, 481, 569, 924, 925]",[],"[912, 402, 924, 925, 416, 422, 423, 820, 569, 579, 465, 851, 476, 481, 98, 867, 874, 875, 109, 370]",False,[],[],[],"[109, 370, 579, 820]","[402, 416, 422, 423, 465, 851, 867, 874, 875, 912]",[],"[98, 476, 481, 569, 924, 925]",0/6 successful match,False,,False,91,False,,0.932258064516129,True,TravelCenters of America ( Tesoro 30 ),TravelCenters
"Boise , 83705 TravelCenters of America ( Tesoro )",2 208-344-1091 I-84 Exit 54 ( Broadway Ave ),S <U+2610>,Boise,83705,TravelCenters of America ( Tesoro ),208-344-1091,2008,Boise,ID,TravelCenters,( Broadway Ave ),I-84 Exit 54 ,Exit,54,False,,False,I-84,,,,,[],[],[],"[109, 370, 579, 820]",[],"[402, 416, 422, 423, 465, 851, 867, 874, 875, 912]","[98, 476, 481, 569, 924, 925]","[296, 409, 755, 859]","[912, 402, 409, 924, 925, 416, 422, 423, 296, 820, 569, 579, 465, 851, 859, 476, 481, 98, 867, 874, 875, 109, 370, 755]",False,[],[],[],"[109, 370, 579, 820]","[402, 416, 422, 423, 465, 851, 867, 874, 875, 912]","[296, 409, 755, 859]","[98, 476, 481, 569, 924, 925]",0/6 successful match,False,,False,91,False,,1.0,True,TravelCenters of America,TravelCenters
Boise ( 83705 ) TA Boise # 167 ( Shell ),208-344-1091 I-84 Exit 54 ( Broadway Ave ),LO,Boise,83705,TA Boise # 167 ( Shell ),208-344-1091,2014,Boise,ID,Shell,( Broadway Ave ),I-84 Exit 54 ,Exit,54,False,,False,I-84,,,,,[],[],[],"[109, 370, 579, 820]",[],"[402, 416, 422, 423, 465, 851, 867, 874, 875, 912]","[1, 13, 14, 29, 54, 55, 56, 57, 58, 60, 102, 118, 125, 127, 130, 134, 146, 149, 153, 175, 182, 187, 189, 191, 197, 225, 230, 238, 264, 265, 266, 286, 302, 317, 336, 379, 388, 389, 425, 454, 458, 463, 475, 487, 498, 499, 512, 530, 531, 532, 533, 534, 536, 573, 589, 596, 598, 601, 605, 617, 620, 624, 646, 653, 658, 660, 662, 668, 689, 694, 702, 724, 725, 745, 760, 775, 793, 829, 838, 839, 877, 901, 903, 905, 910, 923]","[1, 13, 14, 29, 54, 55, 56, 57, 58, 60, 102, 118, 125, 127, 130, 134, 146, 149, 153, 175, 182, 187, 189, 191, 197, 225, 230, 238, 264, 265, 266, 286, 301, 302, 317, 336, 354, 379, 388, 389, 425, 454, 458, 463, 475, 476, 487, 498, 499, 512, 530, 531, 532, 533, 534, 536, 573, 589, 596, 598, 601, 605, 617, 620, 624, 646, 653, 658, 660, 662, 668, 689, 694, 702, 724, 725, 745, 760, 775, 793, 809, 829, 838, 839, 877, 901, 903, 905, 910, 923, 924, 925]","[512, 1, 13, 14, 530, 531, 532, 533, 534, 536, 29, 54, 55, 56, 57, 58, 60, 573, 579, 589, 596, 598, 601, 605, 102, 617, 620, 109, 624, 118, 125, 127, 130, 134, 646, 653, 146, 658, 660, 149, 662, 153, 668, 175, 689, 182, 694, 187, 189, 702, 191, 197, 724, 725, 225, 230, 745, 238, 760, 775, 264, 265, 266, 793, 286, 809, 301, 302, 820, 317, 829, 838, 839, 336, 851, 354, 867, 874, 875, 877, 370, 379, 388, 389, 901, 903, 905, 910, 912, 402, 923, 924, 925, 416, 422, 423, 425, 454, 458, 463, 465, 475, 476, 487, 498, 499]",False,[],[],[],"[109, 370, 579, 820]","[402, 416, 422, 423, 465, 851, 867, 874, 875, 912]","[1, 13, 14, 29, 54, 55, 56, 57, 58, 60, 102, 118, 125, 127, 130, 134, 146, 149, 153, 175, 182, 187, 189, 191, 197, 225, 230, 238, 264, 265, 266, 286, 301, 302, 317, 336, 354, 379, 388, 389, 425, 454, 458, 463, 475, 476, 487, 498, 499, 512, 530, 531, 532, 533, 534, 536, 573, 589, 596, 598, 601, 605, 617, 620, 624, 646, 653, 658, 660, 662, 668, 689, 694, 702, 724, 725, 745, 760, 775, 793, 809, 829, 838, 839, 877, 901, 903, 905, 910, 923, 924, 925]","[1, 13, 14, 29, 54, 55, 56, 57, 58, 60, 102, 118, 125, 127, 130, 134, 146, 149, 153, 175, 182, 187, 189, 191, 197, 225, 230, 238, 264, 265, 266, 286, 302, 317, 336, 379, 388, 389, 425, 454, 458, 463, 475, 487, 498, 499, 512, 530, 531, 532, 533, 534, 536, 573, 589, 596, 598, 601, 605, 617, 620, 624, 646, 653, 658, 660, 662, 668, 689, 694, 702, 724, 725, 745, 760, 775, 793, 829, 838, 839, 877, 901, 903, 905, 910, 923]",0/6 successful match,False,,False,91,True,2014,0.1864406779661017,False,TravelCenters of America ( Tesoro ),TravelCenters
Boise ( 83705 ) TA Boise # 167 ( Shell ),208-344-1091 I-84 Exit 54 ( Broadway Ave ) ZA,24 LO,Boise,83705,TA Boise # 167 ( Shell ),208-344-1091,2015,Boise,ID,Shell,( Broadway Ave ) ZA,I-84 Exit 54 ,Exit,54,False,,False,I-84,,,,,[],[],[],"[109, 370, 579, 820]",[],"[402, 416, 422, 423, 465, 851, 867, 874, 875, 912]","[1, 13, 14, 29, 54, 55, 56, 57, 58, 60, 102, 118, 125, 127, 130, 134, 146, 149, 153, 175, 182, 187, 189, 191, 197, 225, 230, 238, 264, 265, 266, 286, 302, 317, 336, 379, 388, 389, 425, 454, 458, 463, 475, 487, 498, 499, 512, 530, 531, 532, 533, 534, 536, 573, 589, 596, 598, 601, 605, 617, 620, 624, 646, 653, 658, 660, 662, 668, 689, 694, 702, 724, 725, 745, 760, 775, 793, 829, 838, 839, 877, 901, 903, 905, 910, 923]","[1, 13, 14, 29, 54, 55, 56, 57, 58, 60, 102, 118, 125, 127, 130, 134, 146, 149, 153, 175, 182, 187, 189, 191, 197, 225, 230, 238, 264, 265, 266, 286, 301, 302, 317, 336, 354, 379, 388, 389, 425, 454, 458, 463, 475, 476, 487, 498, 499, 512, 530, 531, 532, 533, 534, 536, 573, 589, 596, 598, 601, 605, 617, 620, 624, 646, 653, 658, 660, 662, 668, 689, 694, 702, 724, 725, 745, 760, 775, 793, 809, 829, 838, 839, 877, 901, 903, 905, 910, 923, 924, 925]","[512, 1, 13, 14, 530, 531, 532, 533, 534, 536, 29, 54, 55, 56, 57, 58, 60, 573, 579, 589, 596, 598, 601, 605, 102, 617, 620, 109, 624, 118, 125, 127, 130, 134, 646, 653, 146, 658, 660, 149, 662, 153, 668, 175, 689, 182, 694, 187, 189, 702, 191, 197, 724, 725, 225, 230, 745, 238, 760, 775, 264, 265, 266, 793, 286, 809, 301, 302, 820, 317, 829, 838, 839, 336, 851, 354, 867, 874, 875, 877, 370, 379, 388, 389, 901, 903, 905, 910, 912, 402, 923, 924, 925, 416, 422, 423, 425, 454, 458, 463, 465, 475, 476, 487, 498, 499]",False,[],[],[],"[109, 370, 579, 820]","[402, 416, 422, 423, 465, 851, 867, 874, 875, 912]","[1, 13, 14, 29, 54, 55, 56, 57, 58, 60, 102, 118, 125, 127, 130, 134, 146, 149, 153, 175, 182, 187, 189, 191, 197, 225, 230, 238, 264, 265, 266, 286, 301, 302, 317, 336, 354, 379, 388, 389, 425, 454, 458, 463, 475, 476, 487, 498, 499, 512, 530, 531, 532, 533, 534, 536, 573, 589, 596, 598, 601, 605, 617, 620, 624, 646, 653, 658, 660, 662, 668, 689, 694, 702, 724, 725, 745, 760, 775, 793, 809, 829, 838, 839, 877, 901, 903, 905, 910, 923, 924, 925]","[1, 13, 14, 29, 54, 55, 56, 57, 58, 60, 102, 118, 125, 127, 130, 134, 146, 149, 153, 175, 182, 187, 189, 191, 197, 225, 230, 238, 264, 265, 266, 286, 302, 317, 336, 379, 388, 389, 425, 454, 458, 463, 475, 487, 498, 499, 512, 530, 531, 532, 533, 534, 536, 573, 589, 596, 598, 601, 605, 617, 620, 624, 646, 653, 658, 660, 662, 668, 689, 694, 702, 724, 725, 745, 760, 775, 793, 829, 838, 839, 877, 901, 903, 905, 910, 923]",0/6 successful match,False,,False,91,False,,1.0,True,TA Boise # 167 ( Shell ),Shell
Boise ( 83705 ) TA Boise # 167 ( Shell ) W ),208-344-1091 I-84 Exit 54 ( Broadway Ave ),24 <U+2610>,Boise,83705,TA Boise # 167 ( Shell ) W ),208-344-1091,2016,Boise,ID,Shell,( Broadway Ave ),I-84 Exit 54 ,Exit,54,False,,False,I-84,,,,,[],[],[],"[109, 370, 579, 820]",[],"[402, 416, 422, 423, 465, 851, 867, 874, 875, 912]","[1, 13, 14, 29, 54, 55, 56, 57, 58, 60, 102, 118, 125, 127, 130, 134, 146, 149, 153, 175, 182, 187, 189, 191, 197, 225, 230, 238, 264, 265, 266, 286, 302, 317, 336, 379, 388, 389, 425, 454, 458, 463, 475, 487, 498, 499, 512, 530, 531, 532, 533, 534, 536, 573, 589, 596, 598, 601, 605, 617, 620, 624, 646, 653, 658, 660, 662, 668, 689, 694, 702, 724, 725, 745, 760, 775, 793, 829, 838, 839, 877, 901, 903, 905, 910, 923]","[1, 13, 14, 29, 54, 55, 56, 57, 58, 60, 102, 118, 125, 127, 130, 134, 146, 149, 153, 175, 182, 187, 189, 191, 197, 225, 230, 238, 264, 265, 266, 286, 301, 302, 317, 336, 354, 379, 388, 389, 425, 454, 458, 463, 475, 476, 487, 498, 499, 512, 530, 531, 532, 533, 534, 536, 573, 589, 596, 598, 601, 605, 617, 620, 624, 646, 653, 658, 660, 662, 668, 689, 694, 702, 724, 725, 745, 760, 775, 793, 809, 829, 838, 839, 877, 901, 903, 905, 910, 923, 924, 925]","[512, 1, 13, 14, 530, 531, 532, 533, 534, 536, 29, 54, 55, 56, 57, 58, 60, 573, 579, 589, 596, 598, 601, 605, 102, 617, 620, 109, 624, 118, 125, 127, 130, 134, 646, 653, 146, 658, 660, 149, 662, 153, 668, 175, 689, 182, 694, 187, 189, 702, 191, 197, 724, 725, 225, 230, 745, 238, 760, 775, 264, 265, 266, 793, 286, 809, 301, 302, 820, 317, 829, 838, 839, 336, 851, 354, 867, 874, 875, 877, 370, 379, 388, 389, 901, 903, 905, 910, 912, 402, 923, 924, 925, 416, 422, 423, 425, 454, 458, 463, 465, 475, 476, 487, 498, 499]",False,[],[],[],"[109, 370, 579, 820]","[402, 416, 422, 423, 465, 851, 867, 874, 875, 912]","[1, 13, 14, 29, 54, 55, 56, 57, 58, 60, 102, 118, 125, 127, 130, 134, 146, 149, 153, 175, 182, 187, 189, 191, 197, 225, 230, 238, 264, 265, 266, 286, 301, 302, 317, 336, 354, 379, 388, 389, 425, 454, 458, 463, 475, 476, 487, 498, 499, 512, 530, 531, 532, 533, 534, 536, 573, 589, 596, 598, 601, 605, 617, 620, 624, 646, 653, 658, 660, 662, 668, 689, 694, 702, 724, 725, 745, 760, 775, 793, 809, 829, 838, 839, 877, 901, 903, 905, 910, 923, 924, 925]","[1, 13, 14, 29, 54, 55, 56, 57, 58, 60, 102, 118, 125, 127, 130, 134, 146, 149, 153, 175, 182, 187, 189, 191, 197, 225, 230, 238, 264, 265, 266, 286, 302, 317, 336, 379, 388, 389, 425, 454, 458, 463, 475, 487, 498, 499, 512, 530, 531, 532, 533, 534, 536, 573, 589, 596, 598, 601, 605, 617, 620, 624, 646, 653, 658, 660, 662, 668, 689, 694, 702, 724, 725, 745, 760, 775, 793, 829, 838, 839, 877, 901, 903, 905, 910, 923]",0/6 successful match,False,,False,91,False,,1.0,True,TA Boise # 167 ( Shell ),Shell
"Boise , 83705 Flying J Fuel Stop # 0011380 )",208-385-9745 I-84 Exit 54 ( US 20-26 ),HRS 24 47 MOO,Boise,83705,Flying J Fuel Stop # 0011380 ),208-385-9745,2006,Boise,ID,Flying J,( US 20-26 ),I-84 Exit 54 ,Exit,54,False,,False,I-84,,,,,[],[],[],"[109, 370, 579, 820]",[],"[402, 416, 422, 423, 465, 851, 867, 874, 875, 912]","[17, 18, 19, 20, 21, 22, 23, 156, 157, 158, 159, 160, 161, 162, 163, 164, 165, 166, 167, 341, 342, 343, 344, 345, 412, 413, 414, 415, 416, 417, 418, 419, 420, 421, 422, 502, 503, 504, 505, 506, 507, 628, 629, 630, 631, 632, 633, 634, 635, 636, 637, 638, 639, 792, 797, 798, 799, 800, 801, 863, 864, 865, 866, 867, 868, 869, 870, 871, 872, 873, 874]","[17, 18, 19, 20, 21, 22, 23, 156, 157, 158, 159, 160, 161, 162, 163, 164, 165, 166, 167, 168, 340, 341, 342, 343, 344, 345, 346, 412, 413, 414, 415, 416, 417, 418, 419, 420, 421, 422, 502, 503, 504, 505, 506, 507, 628, 629, 630, 631, 632, 633, 634, 635, 636, 637, 638, 639, 792, 796, 797, 798, 799, 800, 801, 863, 864, 865, 866, 867, 868, 869, 870, 871, 872, 873, 874]","[17, 18, 19, 20, 21, 22, 23, 579, 109, 628, 629, 630, 631, 632, 633, 634, 635, 636, 637, 638, 639, 156, 157, 158, 159, 160, 161, 162, 163, 164, 165, 166, 167, 168, 792, 796, 797, 798, 799, 800, 801, 820, 851, 340, 341, 342, 343, 344, 345, 346, 863, 864, 865, 866, 867, 868, 869, 870, 871, 872, 873, 874, 875, 370, 912, 402, 412, 413, 414, 415, 416, 417, 418, 419, 420, 421, 422, 423, 465, 502, 503, 504, 505, 506, 507]",False,[],[],[],"[109, 370, 579, 820]","[402, 416, 422, 423, 465, 851, 867, 874, 875, 912]","[17, 18, 19, 20, 21, 22, 23, 156, 157, 158, 159, 160, 161, 162, 163, 164, 165, 166, 167, 168, 340, 341, 342, 343, 344, 345, 346, 412, 413, 414, 415, 416, 417, 418, 419, 420, 421, 422, 502, 503, 504, 505, 506, 507, 628, 629, 630, 631, 632, 633, 634, 635, 636, 637, 638, 639, 792, 796, 797, 798, 799, 800, 801, 863, 864, 865, 866, 867, 868, 869, 870, 871, 872, 873, 874]","[17, 18, 19, 20, 21, 22, 23, 156, 157, 158, 159, 160, 161, 162, 163, 164, 165, 166, 167, 341, 342, 343, 344, 345, 412, 413, 414, 415, 416, 417, 418, 419, 420, 421, 422, 502, 503, 504, 505, 506, 507, 628, 629, 630, 631, 632, 633, 634, 635, 636, 637, 638, 639, 792, 797, 798, 799, 800, 801, 863, 864, 865, 866, 867, 868, 869, 870, 871, 872, 873, 874]",0/6 successful match,False,,False,92,False,,,,,
"Boise , 83705 Flying J Fuel Stop # 0101380",208-385-9745 I-84 Exit 54 ( US 20-26 ),24,Boise,83705,Flying J Fuel Stop # 0101380,208-385-9745,2007,Boise,ID,Flying J,( US 20-26 ),I-84 Exit 54 ,Exit,54,False,,False,I-84,,,,,[],[],[],"[109, 370, 579, 820]",[],"[402, 416, 422, 423, 465, 851, 867, 874, 875, 912]","[17, 18, 19, 20, 21, 22, 23, 156, 157, 158, 159, 160, 161, 162, 163, 164, 165, 166, 167, 341, 342, 343, 344, 345, 412, 413, 414, 415, 416, 417, 418, 419, 420, 421, 422, 502, 503, 504, 505, 506, 507, 628, 629, 630, 631, 632, 633, 634, 635, 636, 637, 638, 639, 792, 797, 798, 799, 800, 801, 863, 864, 865, 866, 867, 868, 869, 870, 871, 872, 873, 874]","[17, 18, 19, 20, 21, 22, 23, 156, 157, 158, 159, 160, 161, 162, 163, 164, 165, 166, 167, 168, 340, 341, 342, 343, 344, 345, 346, 412, 413, 414, 415, 416, 417, 418, 419, 420, 421, 422, 502, 503, 504, 505, 506, 507, 628, 629, 630, 631, 632, 633, 634, 635, 636, 637, 638, 639, 792, 796, 797, 798, 799, 800, 801, 863, 864, 865, 866, 867, 868, 869, 870, 871, 872, 873, 874]","[17, 18, 19, 20, 21, 22, 23, 579, 109, 628, 629, 630, 631, 632, 633, 634, 635, 636, 637, 638, 639, 156, 157, 158, 159, 160, 161, 162, 163, 164, 165, 166, 167, 168, 792, 796, 797, 798, 799, 800, 801, 820, 851, 340, 341, 342, 343, 344, 345, 346, 863, 864, 865, 866, 867, 868, 869, 870, 871, 872, 873, 874, 875, 370, 912, 402, 412, 413, 414, 415, 416, 417, 418, 419, 420, 421, 422, 423, 465, 502, 503, 504, 505, 506, 507]",False,[],[],[],"[109, 370, 579, 820]","[402, 416, 422, 423, 465, 851, 867, 874, 875, 912]","[17, 18, 19, 20, 21, 22, 23, 156, 157, 158, 159, 160, 161, 162, 163, 164, 165, 166, 167, 168, 340, 341, 342, 343, 344, 345, 346, 412, 413, 414, 415, 416, 417, 418, 419, 420, 421, 422, 502, 503, 504, 505, 506, 507, 628, 629, 630, 631, 632, 633, 634, 635, 636, 637, 638, 639, 792, 796, 797, 798, 799, 800, 801, 863, 864, 865, 866, 867, 868, 869, 870, 871, 872, 873, 874]","[17, 18, 19, 20, 21, 22, 23, 156, 157, 158, 159, 160, 161, 162, 163, 164, 165, 166, 167, 341, 342, 343, 344, 345, 412, 413, 414, 415, 416, 417, 418, 419, 420, 421, 422, 502, 503, 504, 505, 506, 507, 628, 629, 630, 631, 632, 633, 634, 635, 636, 637, 638, 639, 792, 797, 798, 799, 800, 801, 863, 864, 865, 866, 867, 868, 869, 870, 871, 872, 873, 874]",0/6 successful match,False,,False,92,False,,0.6126436781609195,True,Flying J Fuel Stop # 0011380 ),Flying J
"Boise , 83705 Flying J Fuel Stop # 0101380",2 208-385-9745 I-84 Exit 54 ( US 20-26 ),195 24,Boise,83705,Flying J Fuel Stop # 0101380,208-385-9745,2008,Boise,ID,Flying J,( US 20-26 ),I-84 Exit 54 ,Exit,54,False,,False,I-84,,,,,[],[],[],"[109, 370, 579, 820]",[],"[402, 416, 422, 423, 465, 851, 867, 874, 875, 912]","[17, 18, 19, 20, 21, 22, 23, 156, 157, 158, 159, 160, 161, 162, 163, 164, 165, 166, 167, 341, 342, 343, 344, 345, 412, 413, 414, 415, 416, 417, 418, 419, 420, 421, 422, 502, 503, 504, 505, 506, 507, 628, 629, 630, 631, 632, 633, 634, 635, 636, 637, 638, 639, 792, 797, 798, 799, 800, 801, 863, 864, 865, 866, 867, 868, 869, 870, 871, 872, 873, 874]","[17, 18, 19, 20, 21, 22, 23, 156, 157, 158, 159, 160, 161, 162, 163, 164, 165, 166, 167, 168, 340, 341, 342, 343, 344, 345, 346, 412, 413, 414, 415, 416, 417, 418, 419, 420, 421, 422, 502, 503, 504, 505, 506, 507, 628, 629, 630, 631, 632, 633, 634, 635, 636, 637, 638, 639, 792, 796, 797, 798, 799, 800, 801, 863, 864, 865, 866, 867, 868, 869, 870, 871, 872, 873, 874]","[17, 18, 19, 20, 21, 22, 23, 579, 109, 628, 629, 630, 631, 632, 633, 634, 635, 636, 637, 638, 639, 156, 157, 158, 159, 160, 161, 162, 163, 164, 165, 166, 167, 168, 792, 796, 797, 798, 799, 800, 801, 820, 851, 340, 341, 342, 343, 344, 345, 346, 863, 864, 865, 866, 867, 868, 869, 870, 871, 872, 873, 874, 875, 370, 912, 402, 412, 413, 414, 415, 416, 417, 418, 419, 420, 421, 422, 423, 465, 502, 503, 504, 505, 506, 507]",False,[],[],[],"[109, 370, 579, 820]","[402, 416, 422, 423, 465, 851, 867, 874, 875, 912]","[17, 18, 19, 20, 21, 22, 23, 156, 157, 158, 159, 160, 161, 162, 163, 164, 165, 166, 167, 168, 340, 341, 342, 343, 344, 345, 346, 412, 413, 414, 415, 416, 417, 418, 419, 420, 421, 422, 502, 503, 504, 505, 506, 507, 628, 629, 630, 631, 632, 633, 634, 635, 636, 637, 638, 639, 792, 796, 797, 798, 799, 800, 801, 863, 864, 865, 866, 867, 868, 869, 870, 871, 872, 873, 874]","[17, 18, 19, 20, 21, 22, 23, 156, 157, 158, 159, 160, 161, 162, 163, 164, 165, 166, 167, 341, 342, 343, 344, 345, 412, 413, 414, 415, 416, 417, 418, 419, 420, 421, 422, 502, 503, 504, 505, 506, 507, 628, 629, 630, 631, 632, 633, 634, 635, 636, 637, 638, 639, 792, 797, 798, 799, 800, 801, 863, 864, 865, 866, 867, 868, 869, 870, 871, 872, 873, 874]",0/6 successful match,False,,False,92,False,,1.0,True,Flying J Fuel Stop # 0101380,Flying J
Boise ( 83705 ) Flying J Fuel Stop # 777 ),208-385-9745 I-84 Exit 54 ( US 20-26 to Federal Way S ),) D,Boise,83705,Flying J Fuel Stop # 777 ),208-385-9745,2014,Boise,ID,Flying J,( US 20-26 to Federal Way S ),I-84 Exit 54 ,Exit,54,False,,False,I-84,,,,,[],[],[],"[109, 370, 579, 820]",[],"[402, 416, 422, 423, 465, 851, 867, 874, 875, 912]","[17, 18, 19, 20, 21, 22, 23, 156, 157, 158, 159, 160, 161, 162, 163, 164, 165, 166, 167, 341, 342, 343, 344, 345, 412, 413, 414, 415, 416, 417, 418, 419, 420, 421, 422, 502, 503, 504, 505, 506, 507, 628, 629, 630, 631, 632, 633, 634, 635, 636, 637, 638, 639, 792, 797, 798, 799, 800, 801, 863, 864, 865, 866, 867, 868, 869, 870, 871, 872, 873, 874]","[17, 18, 19, 20, 21, 22, 23, 156, 157, 158, 159, 160, 161, 162, 163, 164, 165, 166, 167, 168, 340, 341, 342, 343, 344, 345, 346, 412, 413, 414, 415, 416, 417, 418, 419, 420, 421, 422, 502, 503, 504, 505, 506, 507, 628, 629, 630, 631, 632, 633, 634, 635, 636, 637, 638, 639, 792, 796, 797, 798, 799, 800, 801, 863, 864, 865, 866, 867, 868, 869, 870, 871, 872, 873, 874]","[17, 18, 19, 20, 21, 22, 23, 579, 109, 628, 629, 630, 631, 632, 633, 634, 635, 636, 637, 638, 639, 156, 157, 158, 159, 160, 161, 162, 163, 164, 165, 166, 167, 168, 792, 796, 797, 798, 799, 800, 801, 820, 851, 340, 341, 342, 343, 344, 345, 346, 863, 864, 865, 866, 867, 868, 869, 870, 871, 872, 873, 874, 875, 370, 912, 402, 412, 413, 414, 415, 416, 417, 418, 419, 420, 421, 422, 423, 465, 502, 503, 504, 505, 506, 507]",False,[],[],[],"[109, 370, 579, 820]","[402, 416, 422, 423, 465, 851, 867, 874, 875, 912]","[17, 18, 19, 20, 21, 22, 23, 156, 157, 158, 159, 160, 161, 162, 163, 164, 165, 166, 167, 168, 340, 341, 342, 343, 344, 345, 346, 412, 413, 414, 415, 416, 417, 418, 419, 420, 421, 422, 502, 503, 504, 505, 506, 507, 628, 629, 630, 631, 632, 633, 634, 635, 636, 637, 638, 639, 792, 796, 797, 798, 799, 800, 801, 863, 864, 865, 866, 867, 868, 869, 870, 871, 872, 873, 874]","[17, 18, 19, 20, 21, 22, 23, 156, 157, 158, 159, 160, 161, 162, 163, 164, 165, 166, 167, 341, 342, 343, 344, 345, 412, 413, 414, 415, 416, 417, 418, 419, 420, 421, 422, 502, 503, 504, 505, 506, 507, 628, 629, 630, 631, 632, 633, 634, 635, 636, 637, 638, 639, 792, 797, 798, 799, 800, 801, 863, 864, 865, 866, 867, 868, 869, 870, 871, 872, 873, 874]",0/6 successful match,False,,False,92,False,,0.5666666666666667,True,Flying J Fuel Stop # 0101380,Flying J
Boise ( 83705 ) Flying J Fuel Stop # 777 FLYING J,208-385-9745 I-84 Exit 54 ( US 20-26 to Federal Way S ),FLYING S ) J 24 M,Boise,83705,Flying J Fuel Stop # 777 FLYING J,208-385-9745,2015,Boise,ID,Flying J,( US 20-26 to Federal Way S ),I-84 Exit 54 ,Exit,54,False,,False,I-84,,,,,[],[],[],"[109, 370, 579, 820]",[],"[402, 416, 422, 423, 465, 851, 867, 874, 875, 912]","[17, 18, 19, 20, 21, 22, 23, 156, 157, 158, 159, 160, 161, 162, 163, 164, 165, 166, 167, 341, 342, 343, 344, 345, 412, 413, 414, 415, 416, 417, 418, 419, 420, 421, 422, 502, 503, 504, 505, 506, 507, 628, 629, 630, 631, 632, 633, 634, 635, 636, 637, 638, 639, 792, 797, 798, 799, 800, 801, 863, 864, 865, 866, 867, 868, 869, 870, 871, 872, 873, 874]","[17, 18, 19, 20, 21, 22, 23, 156, 157, 158, 159, 160, 161, 162, 163, 164, 165, 166, 167, 168, 340, 341, 342, 343, 344, 345, 346, 412, 413, 414, 415, 416, 417, 418, 419, 420, 421, 422, 502, 503, 504, 505, 506, 507, 628, 629, 630, 631, 632, 633, 634, 635, 636, 637, 638, 639, 792, 796, 797, 798, 799, 800, 801, 863, 864, 865, 866, 867, 868, 869, 870, 871, 872, 873, 874]","[17, 18, 19, 20, 21, 22, 23, 579, 109, 628, 629, 630, 631, 632, 633, 634, 635, 636, 637, 638, 639, 156, 157, 158, 159, 160, 161, 162, 163, 164, 165, 166, 167, 168, 792, 796, 797, 798, 799, 800, 801, 820, 851, 340, 341, 342, 343, 344, 345, 346, 863, 864, 865, 866, 867, 868, 869, 870, 871, 872, 873, 874, 875, 370, 912, 402, 412, 413, 414, 415, 416, 417, 418, 419, 420, 421, 422, 423, 465, 502, 503, 504, 505, 506, 507]",False,[],[],[],"[109, 370, 579, 820]","[402, 416, 422, 423, 465, 851, 867, 874, 875, 912]","[17, 18, 19, 20, 21, 22, 23, 156, 157, 158, 159, 160, 161, 162, 163, 164, 165, 166, 167, 168, 340, 341, 342, 343, 344, 345, 346, 412, 413, 414, 415, 416, 417, 418, 419, 420, 421, 422, 502, 503, 504, 505, 506, 507, 628, 629, 630, 631, 632, 633, 634, 635, 636, 637, 638, 639, 792, 796, 797, 798, 799, 800, 801, 863, 864, 865, 866, 867, 868, 869, 870, 871, 872, 873, 874]","[17, 18, 19, 20, 21, 22, 23, 156, 157, 158, 159, 160, 161, 162, 163, 164, 165, 166, 167, 341, 342, 343, 344, 345, 412, 413, 414, 415, 416, 417, 418, 419, 420, 421, 422, 502, 503, 504, 505, 506, 507, 628, 629, 630, 631, 632, 633, 634, 635, 636, 637, 638, 639, 792, 797, 798, 799, 800, 801, 863, 864, 865, 866, 867, 868, 869, 870, 871, 872, 873, 874]",0/6 successful match,False,,False,92,False,,1.0,True,Flying J Fuel Stop # 777 ),Flying J
Boise ( 83705 ) Flying J Fuel Stop # 777 Ave ) FLYING,208-385-9745 I-84 Exit 54 ( US 20-26 to Federal Way S ) J,) J 24,Boise,83705,Flying J Fuel Stop # 777 Ave ) FLYING,208-385-9745,2016,Boise,ID,Flying J,( US 20-26 to Federal Way S ) J,I-84 Exit 54 ,Exit,54,False,,False,I-84,,,,,[],[],[],"[109, 370, 579, 820]",[],"[402, 416, 422, 423, 465, 851, 867, 874, 875, 912]","[17, 18, 19, 20, 21, 22, 23, 156, 157, 158, 159, 160, 161, 162, 163, 164, 165, 166, 167, 341, 342, 343, 344, 345, 412, 413, 414, 415, 416, 417, 418, 419, 420, 421, 422, 502, 503, 504, 505, 506, 507, 628, 629, 630, 631, 632, 633, 634, 635, 636, 637, 638, 639, 792, 797, 798, 799, 800, 801, 863, 864, 865, 866, 867, 868, 869, 870, 871, 872, 873, 874]","[17, 18, 19, 20, 21, 22, 23, 156, 157, 158, 159, 160, 161, 162, 163, 164, 165, 166, 167, 168, 340, 341, 342, 343, 344, 345, 346, 412, 413, 414, 415, 416, 417, 418, 419, 420, 421, 422, 502, 503, 504, 505, 506, 507, 628, 629, 630, 631, 632, 633, 634, 635, 636, 637, 638, 639, 792, 796, 797, 798, 799, 800, 801, 863, 864, 865, 866, 867, 868, 869, 870, 871, 872, 873, 874]","[17, 18, 19, 20, 21, 22, 23, 579, 109, 628, 629, 630, 631, 632, 633, 634, 635, 636, 637, 638, 639, 156, 157, 158, 159, 160, 161, 162, 163, 164, 165, 166, 167, 168, 792, 796, 797, 798, 799, 800, 801, 820, 851, 340, 341, 342, 343, 344, 345, 346, 863, 864, 865, 866, 867, 868, 869, 870, 871, 872, 873, 874, 875, 370, 912, 402, 412, 413, 414, 415, 416, 417, 418, 419, 420, 421, 422, 423, 465, 502, 503, 504, 505, 506, 507]",False,[],[],[],"[109, 370, 579, 820]","[402, 416, 422, 423, 465, 851, 867, 874, 875, 912]","[17, 18, 19, 20, 21, 22, 23, 156, 157, 158, 159, 160, 161, 162, 163, 164, 165, 166, 167, 168, 340, 341, 342, 343, 344, 345, 346, 412, 413, 414, 415, 416, 417, 418, 419, 420, 421, 422, 502, 503, 504, 505, 506, 507, 628, 629, 630, 631, 632, 633, 634, 635, 636, 637, 638, 639, 792, 796, 797, 798, 799, 800, 801, 863, 864, 865, 866, 867, 868, 869, 870, 871, 872, 873, 874]","[17, 18, 19, 20, 21, 22, 23, 156, 157, 158, 159, 160, 161, 162, 163, 164, 165, 166, 167, 341, 342, 343, 344, 345, 412, 413, 414, 415, 416, 417, 418, 419, 420, 421, 422, 502, 503, 504, 505, 506, 507, 628, 629, 630, 631, 632, 633, 634, 635, 636, 637, 638, 639, 792, 797, 798, 799, 800, 801, 863, 864, 865, 866, 867, 868, 869, 870, 871, 872, 873, 874]",0/6 successful match,False,,False,92,False,,1.0,True,Flying J Fuel Stop # 777 FLYING J,Flying J
"Boise ( South ) , 83716 Boise Stage Stop (",208-343-1367 I-84 Exit 71 Sinclair ),FRS 24 XL 24,Boise,83716,Boise Stage Stop (,208-343-1367,2006,Boise,ID,,,I-84 Exit 71 Sinclair ,Exit,71,False,,False,I-84,,,,,[],[],[],"[322, 780]",[],"[402, 416, 422, 423, 465, 851, 867, 874, 875, 912]",[],[],"[416, 322, 867, 422, 423, 874, 875, 780, 912, 465, 402, 851]",False,[],[],[],"[322, 780]","[402, 416, 422, 423, 465, 851, 867, 874, 875, 912]",[],[],0/6 successful match,False,,False,93,False,,,,,
"Boise ( South ) , 83716 Boise Stage Stop ( Sinclair )",208-343-1367 I-84 Exit 71,RS XL 24,Boise,83716,Boise Stage Stop ( Sinclair ),208-343-1367,2007,Boise,ID,Sinclair,,I-84 Exit 71,Exit,71,False,,False,I-84,,,,,[],[],[],"[322, 780]",[],"[402, 416, 422, 423, 465, 851, 867, 874, 875, 912]","[31, 142, 147, 180, 338, 352, 367, 387, 403, 405, 408, 410, 455, 465, 466, 468, 470, 472, 473, 483, 484, 514, 613, 618, 651, 794, 807, 837, 852, 854, 858, 861, 902, 912, 913, 915, 917, 919, 920, 931, 934, 935]","[31, 142, 147, 180, 338, 352, 367, 387, 403, 405, 408, 410, 455, 465, 466, 468, 470, 472, 473, 483, 484, 514, 613, 618, 651, 794, 807, 837, 852, 854, 858, 861, 902, 912, 913, 915, 917, 919, 920, 931, 934, 935]","[514, 387, 902, 651, 780, 142, 912, 913, 402, 147, 403, 405, 915, 917, 408, 919, 410, 794, 920, 31, 416, 931, 422, 423, 807, 934, 935, 180, 322, 837, 455, 465, 338, 851, 466, 468, 470, 852, 472, 473, 854, 858, 861, 352, 867, 483, 484, 613, 874, 875, 618, 367]",False,[],[],[],"[322, 780]","[402, 416, 422, 423, 465, 851, 867, 874, 875, 912]","[31, 142, 147, 180, 338, 352, 367, 387, 403, 405, 408, 410, 455, 465, 466, 468, 470, 472, 473, 483, 484, 514, 613, 618, 651, 794, 807, 837, 852, 854, 858, 861, 902, 912, 913, 915, 917, 919, 920, 931, 934, 935]","[31, 142, 147, 180, 338, 352, 367, 387, 403, 405, 408, 410, 455, 465, 466, 468, 470, 472, 473, 483, 484, 514, 613, 618, 651, 794, 807, 837, 852, 854, 858, 861, 902, 912, 913, 915, 917, 919, 920, 931, 934, 935]",0/6 successful match,False,,False,93,False,,0.9964539007092199,True,Boise Stage Stop (,
"Boise ( South ) , 83716 Boise Stage Stop (",2 208-343-1367 I-84 Exit 71 Sinclair ),24 24,Boise,83716,Boise Stage Stop (,208-343-1367,2008,Boise,ID,,,I-84 Exit 71 Sinclair ,Exit,71,False,,False,I-84,,,,,[],[],[],"[322, 780]",[],"[402, 416, 422, 423, 465, 851, 867, 874, 875, 912]",[],[],"[416, 322, 867, 422, 423, 874, 875, 780, 912, 465, 402, 851]",False,[],[],[],"[322, 780]","[402, 416, 422, 423, 465, 851, 867, 874, 875, 912]",[],[],0/6 successful match,False,,False,93,False,,0.9964539007092199,True,Boise Stage Stop ( Sinclair ),Sinclair
Boise ( South ) ( 83716 ) Boise Stage Stop ( Sinclair ),208-343-1367 I-84 Exit 71,2 XL,Boise,83716,Boise Stage Stop ( Sinclair ),208-343-1367,2014,Boise,ID,Sinclair,,I-84 Exit 71,Exit,71,False,,False,I-84,,,,,[],[],[],"[322, 780]",[],"[402, 416, 422, 423, 465, 851, 867, 874, 875, 912]","[31, 142, 147, 180, 338, 352, 367, 387, 403, 405, 408, 410, 455, 465, 466, 468, 470, 472, 473, 483, 484, 514, 613, 618, 651, 794, 807, 837, 852, 854, 858, 861, 902, 912, 913, 915, 917, 919, 920, 931, 934, 935]","[31, 142, 147, 180, 338, 352, 367, 387, 403, 405, 408, 410, 455, 465, 466, 468, 470, 472, 473, 483, 484, 514, 613, 618, 651, 794, 807, 837, 852, 854, 858, 861, 902, 912, 913, 915, 917, 919, 920, 931, 934, 935]","[514, 387, 902, 651, 780, 142, 912, 913, 402, 147, 403, 405, 915, 917, 408, 919, 410, 794, 920, 31, 416, 931, 422, 423, 807, 934, 935, 180, 322, 837, 455, 465, 338, 851, 466, 468, 470, 852, 472, 473, 854, 858, 861, 352, 867, 483, 484, 613, 874, 875, 618, 367]",False,[],[],[],"[322, 780]","[402, 416, 422, 423, 465, 851, 867, 874, 875, 912]","[31, 142, 147, 180, 338, 352, 367, 387, 403, 405, 408, 410, 455, 465, 466, 468, 470, 472, 473, 483, 484, 514, 613, 618, 651, 794, 807, 837, 852, 854, 858, 861, 902, 912, 913, 915, 917, 919, 920, 931, 934, 935]","[31, 142, 147, 180, 338, 352, 367, 387, 403, 405, 408, 410, 455, 465, 466, 468, 470, 472, 473, 483, 484, 514, 613, 618, 651, 794, 807, 837, 852, 854, 858, 861, 902, 912, 913, 915, 917, 919, 920, 931, 934, 935]",0/6 successful match,False,,False,93,False,,0.9964539007092199,True,Boise Stage Stop (,
Boise ( South ) ( 83716 ) Boise Stage Stop ( Sinclair ) S ),208-343-1367 I-84 Exit 71,24 XL <U+2610><U+2610>,Boise,83716,Boise Stage Stop ( Sinclair ) S ),208-343-1367,2015,Boise,ID,Sinclair,,I-84 Exit 71,Exit,71,False,,False,I-84,,,,,[],[],[],"[322, 780]",[],"[402, 416, 422, 423, 465, 851, 867, 874, 875, 912]","[31, 142, 147, 180, 338, 352, 367, 387, 403, 405, 408, 410, 455, 465, 466, 468, 470, 472, 473, 483, 484, 514, 613, 618, 651, 794, 807, 837, 852, 854, 858, 861, 902, 912, 913, 915, 917, 919, 920, 931, 934, 935]","[31, 142, 147, 180, 338, 352, 367, 387, 403, 405, 408, 410, 455, 465, 466, 468, 470, 472, 473, 483, 484, 514, 613, 618, 651, 794, 807, 837, 852, 854, 858, 861, 902, 912, 913, 915, 917, 919, 920, 931, 934, 935]","[514, 387, 902, 651, 780, 142, 912, 913, 402, 147, 403, 405, 915, 917, 408, 919, 410, 794, 920, 31, 416, 931, 422, 423, 807, 934, 935, 180, 322, 837, 455, 465, 338, 851, 466, 468, 470, 852, 472, 473, 854, 858, 861, 352, 867, 483, 484, 613, 874, 875, 618, 367]",False,[],[],[],"[322, 780]","[402, 416, 422, 423, 465, 851, 867, 874, 875, 912]","[31, 142, 147, 180, 338, 352, 367, 387, 403, 405, 408, 410, 455, 465, 466, 468, 470, 472, 473, 483, 484, 514, 613, 618, 651, 794, 807, 837, 852, 854, 858, 861, 902, 912, 913, 915, 917, 919, 920, 931, 934, 935]","[31, 142, 147, 180, 338, 352, 367, 387, 403, 405, 408, 410, 455, 465, 466, 468, 470, 472, 473, 483, 484, 514, 613, 618, 651, 794, 807, 837, 852, 854, 858, 861, 902, 912, 913, 915, 917, 919, 920, 931, 934, 935]",0/6 successful match,False,,False,93,False,,1.0,True,Boise Stage Stop ( Sinclair ),Sinclair
Boise ( South ) ( 83716 ) Boise Stage Stop ( Sinclair ) Way S ),208-343-1367 I-84 Exit 71,) 2224 XL,Boise,83716,Boise Stage Stop ( Sinclair ) Way S ),208-343-1367,2016,Boise,ID,Sinclair,,I-84 Exit 71,Exit,71,False,,False,I-84,,,,,[],[],[],"[322, 780]",[],"[402, 416, 422, 423, 465, 851, 867, 874, 875, 912]","[31, 142, 147, 180, 338, 352, 367, 387, 403, 405, 408, 410, 455, 465, 466, 468, 470, 472, 473, 483, 484, 514, 613, 618, 651, 794, 807, 837, 852, 854, 858, 861, 902, 912, 913, 915, 917, 919, 920, 931, 934, 935]","[31, 142, 147, 180, 338, 352, 367, 387, 403, 405, 408, 410, 455, 465, 466, 468, 470, 472, 473, 483, 484, 514, 613, 618, 651, 794, 807, 837, 852, 854, 858, 861, 902, 912, 913, 915, 917, 919, 920, 931, 934, 935]","[514, 387, 902, 651, 780, 142, 912, 913, 402, 147, 403, 405, 915, 917, 408, 919, 410, 794, 920, 31, 416, 931, 422, 423, 807, 934, 935, 180, 322, 837, 455, 465, 338, 851, 466, 468, 470, 852, 472, 473, 854, 858, 861, 352, 867, 483, 484, 613, 874, 875, 618, 367]",False,[],[],[],"[322, 780]","[402, 416, 422, 423, 465, 851, 867, 874, 875, 912]","[31, 142, 147, 180, 338, 352, 367, 387, 403, 405, 408, 410, 455, 465, 466, 468, 470, 472, 473, 483, 484, 514, 613, 618, 651, 794, 807, 837, 852, 854, 858, 861, 902, 912, 913, 915, 917, 919, 920, 931, 934, 935]","[31, 142, 147, 180, 338, 352, 367, 387, 403, 405, 408, 410, 455, 465, 466, 468, 470, 472, 473, 483, 484, 514, 613, 618, 651, 794, 807, 837, 852, 854, 858, 861, 902, 912, 913, 915, 917, 919, 920, 931, 934, 935]",0/6 successful match,False,,False,93,False,,1.0,True,Boise Stage Stop ( Sinclair ) S ),Sinclair
"B Bonners Ferry , 83805 3 Mile Corner Truck )",208-267-2541 US 2-95 MM 510 Stop ( Exxon ),S,Bonners Ferry,83805,3 Mile Corner Truck ),208-267-2541,2006,Bonners Ferry,ID,,( Exxon ),US 2-95 MM 510 Stop,empty,,False,,False,US 2-95,,,,,[],[],[],[],[],"[8, 43, 71, 84, 86, 256, 339, 348, 354, 360, 369, 382, 383, 384, 389, 390, 523, 546, 555, 557, 718, 795, 803, 809, 819, 832, 833, 834, 839, 840]",[],"[9, 10, 196, 397, 494, 495, 667, 847]","[256, 384, 389, 390, 8, 9, 10, 523, 397, 795, 667, 546, 803, 809, 43, 555, 557, 819, 832, 833, 834, 196, 71, 839, 840, 718, 847, 339, 84, 86, 348, 354, 360, 494, 495, 369, 382, 383]",False,[],[],[],[],"[8, 43, 71, 84, 86, 256, 339, 348, 354, 360, 369, 382, 383, 384, 389, 390, 523, 546, 555, 557, 718, 795, 803, 809, 819, 832, 833, 834, 839, 840]","[9, 10, 196, 397, 494, 495, 667, 847]",[],0/6 successful match,False,,False,94,False,,,,,
"B Bonners Ferry , 83805 3 Mile Corner Truck Stop ( Exxon )",208-267-2541 US 2-95 MM 510,S,Bonners Ferry,83805,3 Mile Corner Truck Stop ( Exxon ),208-267-2541,2007,Bonners Ferry,ID,Exxon,,US 2-95 MM 510,empty,,False,,False,US 2-95,,,,,[],[],[],[],[],"[8, 43, 71, 84, 86, 256, 339, 348, 354, 360, 369, 382, 383, 384, 389, 390, 523, 546, 555, 557, 718, 795, 803, 809, 819, 832, 833, 834, 839, 840]","[398, 399, 400, 848, 849]","[9, 10, 196, 397, 398, 399, 400, 494, 495, 667, 847, 848, 849]","[256, 384, 389, 390, 8, 9, 10, 523, 397, 398, 399, 400, 795, 667, 546, 803, 809, 43, 555, 557, 819, 832, 833, 834, 196, 71, 839, 840, 718, 847, 848, 849, 339, 84, 86, 348, 354, 360, 494, 495, 369, 382, 383]",False,[],[],[],[],"[8, 43, 71, 84, 86, 256, 339, 348, 354, 360, 369, 382, 383, 384, 389, 390, 523, 546, 555, 557, 718, 795, 803, 809, 819, 832, 833, 834, 839, 840]","[9, 10, 196, 397, 398, 399, 400, 494, 495, 667, 847, 848, 849]","[398, 399, 400, 848, 849]",0/6 successful match,False,,False,94,False,,1.0,True,3 Mile Corner Truck ),
"Bonners Ferry , 83805 3 Mile Corner Truck Stop ( Exxon )",2 208-267-2541 US 2-95 MM 510,<U+2610><U+2610> <U+2610>,Bonners Ferry,83805,3 Mile Corner Truck Stop ( Exxon ),208-267-2541,2008,Bonners Ferry,ID,Exxon,,US 2-95 MM 510,empty,,False,,False,US 2-95,,,,,[],[],[],[],[],"[8, 43, 71, 84, 86, 256, 339, 348, 354, 360, 369, 382, 383, 384, 389, 390, 523, 546, 555, 557, 718, 795, 803, 809, 819, 832, 833, 834, 839, 840]","[398, 399, 400, 848, 849]","[9, 10, 196, 397, 398, 399, 400, 494, 495, 667, 847, 848, 849]","[256, 384, 389, 390, 8, 9, 10, 523, 397, 398, 399, 400, 795, 667, 546, 803, 809, 43, 555, 557, 819, 832, 833, 834, 196, 71, 839, 840, 718, 847, 848, 849, 339, 84, 86, 348, 354, 360, 494, 495, 369, 382, 383]",False,[],[],[],[],"[8, 43, 71, 84, 86, 256, 339, 348, 354, 360, 369, 382, 383, 384, 389, 390, 523, 546, 555, 557, 718, 795, 803, 809, 819, 832, 833, 834, 839, 840]","[9, 10, 196, 397, 398, 399, 400, 494, 495, 667, 847, 848, 849]","[398, 399, 400, 848, 849]",0/6 successful match,False,,False,94,False,,1.0,True,3 Mile Corner Truck Stop ( Exxon ),Exxon
B Bonners Ferry ( 83805 ) 3 Mile Corner Truck Stop ( Exxon ),2 208-267-2541 US 95 & US 2 ( N junction ),SO <U+2610>,Bonners Ferry,83805,3 Mile Corner Truck Stop ( Exxon ),208-267-2541,2014,Bonners Ferry,ID,Exxon,( N junction ),US 95 & US 2,empty,,False,,False,US 95,US 2,,,,[],[],[],[],[],"[8, 43, 71, 84, 86, 256, 339, 348, 354, 360, 369, 382, 383, 384, 389, 390, 523, 546, 555, 557, 718, 795, 803, 809, 819, 832, 833, 834, 839, 840]","[398, 399, 400, 848, 849]","[9, 10, 196, 397, 398, 399, 400, 494, 495, 667, 847, 848, 849]","[256, 384, 389, 390, 8, 9, 10, 523, 397, 398, 399, 400, 795, 667, 546, 803, 809, 43, 555, 557, 819, 832, 833, 834, 196, 71, 839, 840, 718, 847, 848, 849, 339, 84, 86, 348, 354, 360, 494, 495, 369, 382, 383]",False,[],[],[],[],"[8, 43, 71, 84, 86, 256, 339, 348, 354, 360, 369, 382, 383, 384, 389, 390, 523, 546, 555, 557, 718, 795, 803, 809, 819, 832, 833, 834, 839, 840]","[9, 10, 196, 397, 398, 399, 400, 494, 495, 667, 847, 848, 849]","[398, 399, 400, 848, 849]",0/6 successful match,False,,False,94,False,,1.0,True,3 Mile Corner Truck Stop ( Exxon ),Exxon
B Bonners Ferry ( 83805 ) 3 Mile Corner Truck Stop ( Exxon ),208-267-2541 US 95 & US 2 ( N junction ),<U+2610> <U+2610> SO <U+25A1>,Bonners Ferry,83805,3 Mile Corner Truck Stop ( Exxon ),208-267-2541,2015,Bonners Ferry,ID,Exxon,( N junction ),US 95 & US 2,empty,,False,,False,US 95,US 2,,,,[],[],[],[],[],"[8, 43, 71, 84, 86, 256, 339, 348, 354, 360, 369, 382, 383, 384, 389, 390, 523, 546, 555, 557, 718, 795, 803, 809, 819, 832, 833, 834, 839, 840]","[398, 399, 400, 848, 849]","[9, 10, 196, 397, 398, 399, 400, 494, 495, 667, 847, 848, 849]","[256, 384, 389, 390, 8, 9, 10, 523, 397, 398, 399, 400, 795, 667, 546, 803, 809, 43, 555, 557, 819, 832, 833, 834, 196, 71, 839, 840, 718, 847, 848, 849, 339, 84, 86, 348, 354, 360, 494, 495, 369, 382, 383]",False,[],[],[],[],"[8, 43, 71, 84, 86, 256, 339, 348, 354, 360, 369, 382, 383, 384, 389, 390, 523, 546, 555, 557, 718, 795, 803, 809, 819, 832, 833, 834, 839, 840]","[9, 10, 196, 397, 398, 399, 400, 494, 495, 667, 847, 848, 849]","[398, 399, 400, 848, 849]",0/6 successful match,False,,False,94,False,,1.0,True,3 Mile Corner Truck Stop ( Exxon ),Exxon
B Bonners Ferry ( 83805 ) 3 Mile Corner ( 1 mi Truck S of town Stop ) ( Exxon ),208-267-2541 US 95 & US 2 ( N junction ),S,Bonners Ferry,83805,3 Mile Corner ( 1 mi Truck S of town Stop ) ( Exxon ),208-267-2541,2016,Bonners Ferry,ID,Exxon,( N junction ),US 95 & US 2,empty,,False,,False,US 95,US 2,,,,[],[],[],[],[],"[8, 43, 71, 84, 86, 256, 339, 348, 354, 360, 369, 382, 383, 384, 389, 390, 523, 546, 555, 557, 718, 795, 803, 809, 819, 832, 833, 834, 839, 840]","[398, 399, 400, 848, 849]","[9, 10, 196, 397, 398, 399, 400, 494, 495, 667, 847, 848, 849]","[256, 384, 389, 390, 8, 9, 10, 523, 397, 398, 399, 400, 795, 667, 546, 803, 809, 43, 555, 557, 819, 832, 833, 834, 196, 71, 839, 840, 718, 847, 848, 849, 339, 84, 86, 348, 354, 360, 494, 495, 369, 382, 383]",False,[],[],[],[],"[8, 43, 71, 84, 86, 256, 339, 348, 354, 360, 369, 382, 383, 384, 389, 390, 523, 546, 555, 557, 718, 795, 803, 809, 819, 832, 833, 834, 839, 840]","[9, 10, 196, 397, 398, 399, 400, 494, 495, 667, 847, 848, 849]","[398, 399, 400, 848, 849]",0/6 successful match,False,,False,94,False,,1.0,True,3 Mile Corner Truck Stop ( Exxon ),Exxon
"Cataldo , 83810 Junction Quick Stop ( Conoco",208-682-2405 I-90 Exit 34 ( Rose ),,Cataldo,83810,Junction Quick Stop ( Conoco,208-682-2405,2006,Cataldo,ID,Conoco,( Rose ),I-90 Exit 34 ,Exit,34,False,,False,I-90,,,,,[],[],[],[],[],"[9, 44, 217, 422, 494, 524, 685, 874]","[3, 27, 349, 406, 451, 489, 510, 804, 855, 898]","[3, 27, 179, 349, 353, 403, 406, 451, 489, 510, 650, 804, 808, 852, 855, 898]","[898, 3, 9, 650, 524, 403, 406, 27, 804, 422, 808, 44, 685, 179, 451, 852, 855, 217, 349, 353, 489, 874, 494, 510]",False,[],[],[],[],"[9, 44, 217, 422, 494, 524, 685, 874]","[3, 27, 179, 349, 353, 403, 406, 451, 489, 510, 650, 804, 808, 852, 855, 898]","[3, 27, 349, 406, 451, 489, 510, 804, 855, 898]",0/6 successful match,False,,False,95,False,,,,,
"Cataldo , 83810 Junction Quick Stop ( Conoco )",208-682-2405 I-90 Exit 34 ( Rose Lake Hwy 3 ),,Cataldo,83810,Junction Quick Stop ( Conoco ),208-682-2405,2007,Cataldo,ID,Conoco,( Rose Lake Hwy 3 ),I-90 Exit 34 ,Exit,34,False,,False,I-90,,,,,[],[],[],[],[],"[9, 44, 217, 422, 494, 524, 685, 874]","[3, 27, 349, 406, 451, 489, 510, 804, 855, 898]","[3, 27, 179, 349, 353, 403, 406, 451, 489, 510, 650, 804, 808, 852, 855, 898]","[898, 3, 9, 650, 524, 403, 406, 27, 804, 422, 808, 44, 685, 179, 451, 852, 855, 217, 349, 353, 489, 874, 494, 510]",False,[],[],[],[],"[9, 44, 217, 422, 494, 524, 685, 874]","[3, 27, 179, 349, 353, 403, 406, 451, 489, 510, 650, 804, 808, 852, 855, 898]","[3, 27, 349, 406, 451, 489, 510, 804, 855, 898]",0/6 successful match,False,,False,95,False,,1.0,True,Junction Quick Stop ( Conoco,Conoco
"Cataldo , 83810 Junction Quick Stop ( Conoco )",208-682-2405 I-90 Exit 34 ( Rose Lake Hwy 3 ),M <U+2610><U+2610>,Cataldo,83810,Junction Quick Stop ( Conoco ),208-682-2405,2008,Cataldo,ID,Conoco,( Rose Lake Hwy 3 ),I-90 Exit 34 ,Exit,34,False,,False,I-90,,,,,[],[],[],[],[],"[9, 44, 217, 422, 494, 524, 685, 874]","[3, 27, 349, 406, 451, 489, 510, 804, 855, 898]","[3, 27, 179, 349, 353, 403, 406, 451, 489, 510, 650, 804, 808, 852, 855, 898]","[898, 3, 9, 650, 524, 403, 406, 27, 804, 422, 808, 44, 685, 179, 451, 852, 855, 217, 349, 353, 489, 874, 494, 510]",False,[],[],[],[],"[9, 44, 217, 422, 494, 524, 685, 874]","[3, 27, 179, 349, 353, 403, 406, 451, 489, 510, 650, 804, 808, 852, 855, 898]","[3, 27, 349, 406, 451, 489, 510, 804, 855, 898]",0/6 successful match,False,,False,95,False,,1.0,True,Junction Quick Stop ( Conoco ),Conoco
C Cataldo ( 83810 ) Junction Quick Stop ( Conoco ),2 208-682-2405 I-90 Exit 34 ( Rose Lake - Hwy 3 ),<U+25A1>,Cataldo,83810,Junction Quick Stop ( Conoco ),208-682-2405,2014,Cataldo,ID,Conoco,( Rose Lake - Hwy 3 ),I-90 Exit 34 ,Exit,34,False,,False,I-90,,,,,[],[],[],[],[],"[9, 44, 217, 422, 494, 524, 685, 874]","[3, 27, 349, 406, 451, 489, 510, 804, 855, 898]","[3, 27, 179, 349, 353, 403, 406, 451, 489, 510, 650, 804, 808, 852, 855, 898]","[898, 3, 9, 650, 524, 403, 406, 27, 804, 422, 808, 44, 685, 179, 451, 852, 855, 217, 349, 353, 489, 874, 494, 510]",False,[],[],[],[],"[9, 44, 217, 422, 494, 524, 685, 874]","[3, 27, 179, 349, 353, 403, 406, 451, 489, 510, 650, 804, 808, 852, 855, 898]","[3, 27, 349, 406, 451, 489, 510, 804, 855, 898]",0/6 successful match,False,,False,95,False,,1.0,True,Junction Quick Stop ( Conoco ),Conoco
Cataldo ( 83810 ) Junction Quick Stop ( Conoco ) ),208-682-2405 I-90 Exit 34 ( Rose Lake -,,Cataldo,83810,Junction Quick Stop ( Conoco ) ),208-682-2405,2015,Cataldo,ID,Conoco,( Rose Lake -,I-90 Exit 34 ,Exit,34,False,,False,I-90,,,,,[],[],[],[],[],"[9, 44, 217, 422, 494, 524, 685, 874]","[3, 27, 349, 406, 451, 489, 510, 804, 855, 898]","[3, 27, 179, 349, 353, 403, 406, 451, 489, 510, 650, 804, 808, 852, 855, 898]","[898, 3, 9, 650, 524, 403, 406, 27, 804, 422, 808, 44, 685, 179, 451, 852, 855, 217, 349, 353, 489, 874, 494, 510]",False,[],[],[],[],"[9, 44, 217, 422, 494, 524, 685, 874]","[3, 27, 179, 349, 353, 403, 406, 451, 489, 510, 650, 804, 808, 852, 855, 898]","[3, 27, 349, 406, 451, 489, 510, 804, 855, 898]",0/6 successful match,False,,False,95,False,,1.0,True,Junction Quick Stop ( Conoco ),Conoco
Cataldo ( 83810 ) Junction Quick Stop ( Conoco ),208-682-2405 I-90 Exit 34 ( Rose Lake - Hwy 3 ),<U+2610><U+2610> <U+2610> <U+2610>,Cataldo,83810,Junction Quick Stop ( Conoco ),208-682-2405,2016,Cataldo,ID,Conoco,( Rose Lake - Hwy 3 ),I-90 Exit 34 ,Exit,34,False,,False,I-90,,,,,[],[],[],[],[],"[9, 44, 217, 422, 494, 524, 685, 874]","[3, 27, 349, 406, 451, 489, 510, 804, 855, 898]","[3, 27, 179, 349, 353, 403, 406, 451, 489, 510, 650, 804, 808, 852, 855, 898]","[898, 3, 9, 650, 524, 403, 406, 27, 804, 422, 808, 44, 685, 179, 451, 852, 855, 217, 349, 353, 489, 874, 494, 510]",False,[],[],[],[],"[9, 44, 217, 422, 494, 524, 685, 874]","[3, 27, 179, 349, 353, 403, 406, 451, 489, 510, 650, 804, 808, 852, 855, 898]","[3, 27, 349, 406, 451, 489, 510, 804, 855, 898]",0/6 successful match,False,,False,95,False,,1.0,True,Junction Quick Stop ( Conoco ) ),Conoco
"Pinehurst , 83850 Carousel Gas & Tire",208-682-2376 I-90 Exit 45,),Pinehurst,83850,Carousel Gas & Tire,208-682-2376,2006,Pinehurst,ID,,,I-90 Exit 45,Exit,45,False,,False,I-90,,,,,[],[],[],"[68, 82, 543, 553]",[],"[9, 44, 217, 422, 494, 524, 685, 874]",[],"[473, 920]","[68, 422, 553, 9, 874, 44, 524, 494, 685, 473, 82, 920, 217, 543]",False,[],[],[],"[68, 82, 543, 553]","[9, 44, 217, 422, 494, 524, 685, 874]","[473, 920]",[],0/6 successful match,False,,False,96,False,,,,,
"Pinehurst , 83850 Carousel Gas & Tire",208-682-2376 I-90 Exit 45,<U+2610> <U+2610> <U+25A1> <U+25A1> <U+2610>,Pinehurst,83850,Carousel Gas & Tire,208-682-2376,2007,Pinehurst,ID,,,I-90 Exit 45,Exit,45,False,,False,I-90,,,,,[],[],[],"[68, 82, 543, 553]",[],"[9, 44, 217, 422, 494, 524, 685, 874]",[],"[473, 920]","[68, 422, 553, 9, 874, 44, 524, 494, 685, 473, 82, 920, 217, 543]",False,[],[],[],"[68, 82, 543, 553]","[9, 44, 217, 422, 494, 524, 685, 874]","[473, 920]",[],0/6 successful match,False,,False,96,False,,1.0,True,Carousel Gas & Tire,
"Pinehurst , 83850 Carousel Gas & Tire",2 208-682-2376 I-90 Exit 45,<U+2610><U+2610> D,Pinehurst,83850,Carousel Gas & Tire,208-682-2376,2008,Pinehurst,ID,,,I-90 Exit 45,Exit,45,False,,False,I-90,,,,,[],[],[],"[68, 82, 543, 553]",[],"[9, 44, 217, 422, 494, 524, 685, 874]",[],"[473, 920]","[68, 422, 553, 9, 874, 44, 524, 494, 685, 473, 82, 920, 217, 543]",False,[],[],[],"[68, 82, 543, 553]","[9, 44, 217, 422, 494, 524, 685, 874]","[473, 920]",[],0/6 successful match,False,,False,96,False,,1.0,True,Carousel Gas & Tire,
Pinehurst ( 83850 ) Carousel Gas & Tire,2 208-682-2376 I-90 Exit 45,<U+2610>,Pinehurst,83850,Carousel Gas & Tire,208-682-2376,2014,Pinehurst,ID,,,I-90 Exit 45,Exit,45,False,,False,I-90,,,,,[],[],[],"[68, 82, 543, 553]",[],"[9, 44, 217, 422, 494, 524, 685, 874]",[],"[473, 920]","[68, 422, 553, 9, 874, 44, 524, 494, 685, 473, 82, 920, 217, 543]",False,[],[],[],"[68, 82, 543, 553]","[9, 44, 217, 422, 494, 524, 685, 874]","[473, 920]",[],0/6 successful match,False,,False,96,False,,1.0,True,Carousel Gas & Tire,
Pinehurst ( 83850 ) Carousel Gas & Tire,2 208-682-2376 I-90 Exit 45,<U+2610> <U+2610>,Pinehurst,83850,Carousel Gas & Tire,208-682-2376,2015,Pinehurst,ID,,,I-90 Exit 45,Exit,45,False,,False,I-90,,,,,[],[],[],"[68, 82, 543, 553]",[],"[9, 44, 217, 422, 494, 524, 685, 874]",[],"[473, 920]","[68, 422, 553, 9, 874, 44, 524, 494, 685, 473, 82, 920, 217, 543]",False,[],[],[],"[68, 82, 543, 553]","[9, 44, 217, 422, 494, 524, 685, 874]","[473, 920]",[],0/6 successful match,False,,False,96,False,,1.0,True,Carousel Gas & Tire,
Pinehurst ( 83850 ) Carousel Gas & Tire,208-682-2376 I-90 Exit 45,<U+2610> <U+2610> <U+2610> <U+2610>,Pinehurst,83850,Carousel Gas & Tire,208-682-2376,2016,Pinehurst,ID,,,I-90 Exit 45,Exit,45,False,,False,I-90,,,,,[],[],[],"[68, 82, 543, 553]",[],"[9, 44, 217, 422, 494, 524, 685, 874]",[],"[473, 920]","[68, 422, 553, 9, 874, 44, 524, 494, 685, 473, 82, 920, 217, 543]",False,[],[],[],"[68, 82, 543, 553]","[9, 44, 217, 422, 494, 524, 685, 874]","[473, 920]",[],0/6 successful match,False,,False,96,False,,1.0,True,Carousel Gas & Tire,
"Post Falls , 83854 J Travel Plaza # 0500005",208-773-0593 Flying I-90 Exit 2 ( Pleasant View Rd N ),S <U+2610>,Post Falls,83854,J Travel Plaza # 0500005,208-773-0593,2006,Post Falls,ID,,( Pleasant View Rd N ),Flying I-90 Exit 2 ,Exit,2,True,unclear address_standardized_OFF_parenthesis,True,I-90,,,,,[],[],[],"[181, 236, 652, 700]",[],"[9, 44, 217, 422, 494, 524, 685, 874]",[],[],"[422, 9, 874, 652, 236, 44, 494, 524, 685, 181, 217, 700]",False,[],[],[],"[181, 236, 652, 700]","[9, 44, 217, 422, 494, 524, 685, 874]",[],[],0/6 successful match,False,,False,97,False,,,,,
"Post Falls , 83854 Flying J Travel Plaza # 0500005",208-773-0593 I-90 Exit 2 ( Pleasant View Rd N ),,Post Falls,83854,Flying J Travel Plaza # 0500005,208-773-0593,2007,Post Falls,ID,Flying J,( Pleasant View Rd N ),I-90 Exit 2 ,Exit,2,False,,False,I-90,,,,,[],[],[],"[181, 236, 652, 700]",[],"[9, 44, 217, 422, 494, 524, 685, 874]","[17, 18, 19, 20, 21, 22, 23, 156, 157, 158, 159, 160, 161, 162, 163, 164, 165, 166, 167, 341, 342, 343, 344, 345, 412, 413, 414, 415, 416, 417, 418, 419, 420, 421, 422, 502, 503, 504, 505, 506, 507, 628, 629, 630, 631, 632, 633, 634, 635, 636, 637, 638, 639, 792, 797, 798, 799, 800, 801, 863, 864, 865, 866, 867, 868, 869, 870, 871, 872, 873, 874]","[17, 18, 19, 20, 21, 22, 23, 156, 157, 158, 159, 160, 161, 162, 163, 164, 165, 166, 167, 168, 340, 341, 342, 343, 344, 345, 346, 412, 413, 414, 415, 416, 417, 418, 419, 420, 421, 422, 502, 503, 504, 505, 506, 507, 628, 629, 630, 631, 632, 633, 634, 635, 636, 637, 638, 639, 792, 796, 797, 798, 799, 800, 801, 863, 864, 865, 866, 867, 868, 869, 870, 871, 872, 873, 874]","[9, 524, 17, 18, 19, 20, 21, 22, 23, 44, 628, 629, 630, 631, 632, 633, 634, 635, 636, 637, 638, 639, 652, 156, 157, 158, 159, 160, 161, 162, 163, 164, 165, 166, 167, 168, 685, 181, 700, 217, 236, 792, 796, 797, 798, 799, 800, 801, 340, 341, 342, 343, 344, 345, 346, 863, 864, 865, 866, 867, 868, 869, 870, 871, 872, 873, 874, 412, 413, 414, 415, 416, 417, 418, 419, 420, 421, 422, 494, 502, 503, 504, 505, 506, 507]",False,[],[],[],"[181, 236, 652, 700]","[9, 44, 217, 422, 494, 524, 685, 874]","[17, 18, 19, 20, 21, 22, 23, 156, 157, 158, 159, 160, 161, 162, 163, 164, 165, 166, 167, 168, 340, 341, 342, 343, 344, 345, 346, 412, 413, 414, 415, 416, 417, 418, 419, 420, 421, 422, 502, 503, 504, 505, 506, 507, 628, 629, 630, 631, 632, 633, 634, 635, 636, 637, 638, 639, 792, 796, 797, 798, 799, 800, 801, 863, 864, 865, 866, 867, 868, 869, 870, 871, 872, 873, 874]","[17, 18, 19, 20, 21, 22, 23, 156, 157, 158, 159, 160, 161, 162, 163, 164, 165, 166, 167, 341, 342, 343, 344, 345, 412, 413, 414, 415, 416, 417, 418, 419, 420, 421, 422, 502, 503, 504, 505, 506, 507, 628, 629, 630, 631, 632, 633, 634, 635, 636, 637, 638, 639, 792, 797, 798, 799, 800, 801, 863, 864, 865, 866, 867, 868, 869, 870, 871, 872, 873, 874]",0/6 successful match,False,,False,97,False,,0.6618181818181819,True,J Travel Plaza # 0500005,
"Post Falls , 83854 Flying J Travel 61 Plaza",1 208-773-0593 I-90 Exit 2 ( Pleasant # 0500005,HRS 24 24,Post Falls,83854,Flying J Travel 61 Plaza,208-773-0593,2008,Post Falls,ID,Flying J,( Pleasant # 0500005,I-90 Exit 2 ,Exit,2,False,,False,I-90,,,,,[],[],[],"[181, 236, 652, 700]",[],"[9, 44, 217, 422, 494, 524, 685, 874]","[17, 18, 19, 20, 21, 22, 23, 156, 157, 158, 159, 160, 161, 162, 163, 164, 165, 166, 167, 341, 342, 343, 344, 345, 412, 413, 414, 415, 416, 417, 418, 419, 420, 421, 422, 502, 503, 504, 505, 506, 507, 628, 629, 630, 631, 632, 633, 634, 635, 636, 637, 638, 639, 792, 797, 798, 799, 800, 801, 863, 864, 865, 866, 867, 868, 869, 870, 871, 872, 873, 874]","[17, 18, 19, 20, 21, 22, 23, 156, 157, 158, 159, 160, 161, 162, 163, 164, 165, 166, 167, 168, 340, 341, 342, 343, 344, 345, 346, 412, 413, 414, 415, 416, 417, 418, 419, 420, 421, 422, 502, 503, 504, 505, 506, 507, 628, 629, 630, 631, 632, 633, 634, 635, 636, 637, 638, 639, 792, 796, 797, 798, 799, 800, 801, 863, 864, 865, 866, 867, 868, 869, 870, 871, 872, 873, 874]","[9, 524, 17, 18, 19, 20, 21, 22, 23, 44, 628, 629, 630, 631, 632, 633, 634, 635, 636, 637, 638, 639, 652, 156, 157, 158, 159, 160, 161, 162, 163, 164, 165, 166, 167, 168, 685, 181, 700, 217, 236, 792, 796, 797, 798, 799, 800, 801, 340, 341, 342, 343, 344, 345, 346, 863, 864, 865, 866, 867, 868, 869, 870, 871, 872, 873, 874, 412, 413, 414, 415, 416, 417, 418, 419, 420, 421, 422, 494, 502, 503, 504, 505, 506, 507]",False,[],[],[],"[181, 236, 652, 700]","[9, 44, 217, 422, 494, 524, 685, 874]","[17, 18, 19, 20, 21, 22, 23, 156, 157, 158, 159, 160, 161, 162, 163, 164, 165, 166, 167, 168, 340, 341, 342, 343, 344, 345, 346, 412, 413, 414, 415, 416, 417, 418, 419, 420, 421, 422, 502, 503, 504, 505, 506, 507, 628, 629, 630, 631, 632, 633, 634, 635, 636, 637, 638, 639, 792, 796, 797, 798, 799, 800, 801, 863, 864, 865, 866, 867, 868, 869, 870, 871, 872, 873, 874]","[17, 18, 19, 20, 21, 22, 23, 156, 157, 158, 159, 160, 161, 162, 163, 164, 165, 166, 167, 341, 342, 343, 344, 345, 412, 413, 414, 415, 416, 417, 418, 419, 420, 421, 422, 502, 503, 504, 505, 506, 507, 628, 629, 630, 631, 632, 633, 634, 635, 636, 637, 638, 639, 792, 797, 798, 799, 800, 801, 863, 864, 865, 866, 867, 868, 869, 870, 871, 872, 873, 874]",0/6 successful match,False,,False,97,False,,0.5624242424242425,True,Flying J Travel Plaza # 0500005,Flying J
Post Falls ( 83854 ) Flying J Travel Plaza # 639 ( Conoco ),208-773-0593 I-90 Exit 2 ( Pleasant View Rd N ),L,Post Falls,83854,Flying J Travel Plaza # 639 ( Conoco ),208-773-0593,2014,Post Falls,ID,Flying J,( Pleasant View Rd N ),I-90 Exit 2 ,Exit,2,False,,False,I-90,,,,,[],[],[],"[181, 236, 652, 700]",[],"[9, 44, 217, 422, 494, 524, 685, 874]","[17, 18, 19, 20, 21, 22, 23, 156, 157, 158, 159, 160, 161, 162, 163, 164, 165, 166, 167, 341, 342, 343, 344, 345, 412, 413, 414, 415, 416, 417, 418, 419, 420, 421, 422, 502, 503, 504, 505, 506, 507, 628, 629, 630, 631, 632, 633, 634, 635, 636, 637, 638, 639, 792, 797, 798, 799, 800, 801, 863, 864, 865, 866, 867, 868, 869, 870, 871, 872, 873, 874]","[3, 17, 18, 19, 20, 21, 22, 23, 27, 156, 157, 158, 159, 160, 161, 162, 163, 164, 165, 166, 167, 168, 340, 341, 342, 343, 344, 345, 346, 349, 406, 412, 413, 414, 415, 416, 417, 418, 419, 420, 421, 422, 451, 489, 502, 503, 504, 505, 506, 507, 510, 628, 629, 630, 631, 632, 633, 634, 635, 636, 637, 638, 639, 792, 796, 797, 798, 799, 800, 801, 804, 855, 863, 864, 865, 866, 867, 868, 869, 870, 871, 872, 873, 874, 898]","[3, 9, 524, 17, 18, 19, 20, 21, 22, 23, 27, 44, 628, 629, 630, 631, 632, 633, 634, 635, 636, 637, 638, 639, 652, 156, 157, 158, 159, 160, 161, 162, 163, 164, 165, 166, 167, 168, 685, 181, 700, 217, 236, 792, 796, 797, 798, 799, 800, 801, 804, 340, 341, 342, 343, 344, 345, 346, 855, 349, 863, 864, 865, 866, 867, 868, 869, 870, 871, 872, 873, 874, 898, 406, 412, 413, 414, 415, 416, 417, 418, 419, 420, 421, 422, 451, 489, 494, 502, 503, 504, 505, 506, 507, 510]",False,[],[],[],"[181, 236, 652, 700]","[9, 44, 217, 422, 494, 524, 685, 874]","[3, 17, 18, 19, 20, 21, 22, 23, 27, 156, 157, 158, 159, 160, 161, 162, 163, 164, 165, 166, 167, 168, 340, 341, 342, 343, 344, 345, 346, 349, 406, 412, 413, 414, 415, 416, 417, 418, 419, 420, 421, 422, 451, 489, 502, 503, 504, 505, 506, 507, 510, 628, 629, 630, 631, 632, 633, 634, 635, 636, 637, 638, 639, 792, 796, 797, 798, 799, 800, 801, 804, 855, 863, 864, 865, 866, 867, 868, 869, 870, 871, 872, 873, 874, 898]","[17, 18, 19, 20, 21, 22, 23, 156, 157, 158, 159, 160, 161, 162, 163, 164, 165, 166, 167, 341, 342, 343, 344, 345, 412, 413, 414, 415, 416, 417, 418, 419, 420, 421, 422, 502, 503, 504, 505, 506, 507, 628, 629, 630, 631, 632, 633, 634, 635, 636, 637, 638, 639, 792, 797, 798, 799, 800, 801, 863, 864, 865, 866, 867, 868, 869, 870, 871, 872, 873, 874]",0/6 successful match,False,,False,97,False,,0.5032258064516129,True,Flying J Travel 61 Plaza,Flying J
Post Falls ( 83854 ) Flying J Travel Plaza # 639 ( Conoco ),208-773-0593 I-90 Exit 2 ( Pleasant View Rd N ),FLYING J,Post Falls,83854,Flying J Travel Plaza # 639 ( Conoco ),208-773-0593,2015,Post Falls,ID,Flying J,( Pleasant View Rd N ),I-90 Exit 2 ,Exit,2,False,,False,I-90,,,,,[],[],[],"[181, 236, 652, 700]",[],"[9, 44, 217, 422, 494, 524, 685, 874]","[17, 18, 19, 20, 21, 22, 23, 156, 157, 158, 159, 160, 161, 162, 163, 164, 165, 166, 167, 341, 342, 343, 344, 345, 412, 413, 414, 415, 416, 417, 418, 419, 420, 421, 422, 502, 503, 504, 505, 506, 507, 628, 629, 630, 631, 632, 633, 634, 635, 636, 637, 638, 639, 792, 797, 798, 799, 800, 801, 863, 864, 865, 866, 867, 868, 869, 870, 871, 872, 873, 874]","[3, 17, 18, 19, 20, 21, 22, 23, 27, 156, 157, 158, 159, 160, 161, 162, 163, 164, 165, 166, 167, 168, 340, 341, 342, 343, 344, 345, 346, 349, 406, 412, 413, 414, 415, 416, 417, 418, 419, 420, 421, 422, 451, 489, 502, 503, 504, 505, 506, 507, 510, 628, 629, 630, 631, 632, 633, 634, 635, 636, 637, 638, 639, 792, 796, 797, 798, 799, 800, 801, 804, 855, 863, 864, 865, 866, 867, 868, 869, 870, 871, 872, 873, 874, 898]","[3, 9, 524, 17, 18, 19, 20, 21, 22, 23, 27, 44, 628, 629, 630, 631, 632, 633, 634, 635, 636, 637, 638, 639, 652, 156, 157, 158, 159, 160, 161, 162, 163, 164, 165, 166, 167, 168, 685, 181, 700, 217, 236, 792, 796, 797, 798, 799, 800, 801, 804, 340, 341, 342, 343, 344, 345, 346, 855, 349, 863, 864, 865, 866, 867, 868, 869, 870, 871, 872, 873, 874, 898, 406, 412, 413, 414, 415, 416, 417, 418, 419, 420, 421, 422, 451, 489, 494, 502, 503, 504, 505, 506, 507, 510]",False,[],[],[],"[181, 236, 652, 700]","[9, 44, 217, 422, 494, 524, 685, 874]","[3, 17, 18, 19, 20, 21, 22, 23, 27, 156, 157, 158, 159, 160, 161, 162, 163, 164, 165, 166, 167, 168, 340, 341, 342, 343, 344, 345, 346, 349, 406, 412, 413, 414, 415, 416, 417, 418, 419, 420, 421, 422, 451, 489, 502, 503, 504, 505, 506, 507, 510, 628, 629, 630, 631, 632, 633, 634, 635, 636, 637, 638, 639, 792, 796, 797, 798, 799, 800, 801, 804, 855, 863, 864, 865, 866, 867, 868, 869, 870, 871, 872, 873, 874, 898]","[17, 18, 19, 20, 21, 22, 23, 156, 157, 158, 159, 160, 161, 162, 163, 164, 165, 166, 167, 341, 342, 343, 344, 345, 412, 413, 414, 415, 416, 417, 418, 419, 420, 421, 422, 502, 503, 504, 505, 506, 507, 628, 629, 630, 631, 632, 633, 634, 635, 636, 637, 638, 639, 792, 797, 798, 799, 800, 801, 863, 864, 865, 866, 867, 868, 869, 870, 871, 872, 873, 874]",0/6 successful match,False,,False,97,False,,1.0,True,Flying J Travel Plaza # 639 ( Conoco ),Flying J
Post Falls ( 83854 ) Flying J Travel Plaza # 639 ( Conoco ),208-773-0593 I-90 Exit 2 ( Pleasant View Rd N ),FLYING J 4,Post Falls,83854,Flying J Travel Plaza # 639 ( Conoco ),208-773-0593,2016,Post Falls,ID,Flying J,( Pleasant View Rd N ),I-90 Exit 2 ,Exit,2,False,,False,I-90,,,,,[],[],[],"[181, 236, 652, 700]",[],"[9, 44, 217, 422, 494, 524, 685, 874]","[17, 18, 19, 20, 21, 22, 23, 156, 157, 158, 159, 160, 161, 162, 163, 164, 165, 166, 167, 341, 342, 343, 344, 345, 412, 413, 414, 415, 416, 417, 418, 419, 420, 421, 422, 502, 503, 504, 505, 506, 507, 628, 629, 630, 631, 632, 633, 634, 635, 636, 637, 638, 639, 792, 797, 798, 799, 800, 801, 863, 864, 865, 866, 867, 868, 869, 870, 871, 872, 873, 874]","[3, 17, 18, 19, 20, 21, 22, 23, 27, 156, 157, 158, 159, 160, 161, 162, 163, 164, 165, 166, 167, 168, 340, 341, 342, 343, 344, 345, 346, 349, 406, 412, 413, 414, 415, 416, 417, 418, 419, 420, 421, 422, 451, 489, 502, 503, 504, 505, 506, 507, 510, 628, 629, 630, 631, 632, 633, 634, 635, 636, 637, 638, 639, 792, 796, 797, 798, 799, 800, 801, 804, 855, 863, 864, 865, 866, 867, 868, 869, 870, 871, 872, 873, 874, 898]","[3, 9, 524, 17, 18, 19, 20, 21, 22, 23, 27, 44, 628, 629, 630, 631, 632, 633, 634, 635, 636, 637, 638, 639, 652, 156, 157, 158, 159, 160, 161, 162, 163, 164, 165, 166, 167, 168, 685, 181, 700, 217, 236, 792, 796, 797, 798, 799, 800, 801, 804, 340, 341, 342, 343, 344, 345, 346, 855, 349, 863, 864, 865, 866, 867, 868, 869, 870, 871, 872, 873, 874, 898, 406, 412, 413, 414, 415, 416, 417, 418, 419, 420, 421, 422, 451, 489, 494, 502, 503, 504, 505, 506, 507, 510]",False,[],[],[],"[181, 236, 652, 700]","[9, 44, 217, 422, 494, 524, 685, 874]","[3, 17, 18, 19, 20, 21, 22, 23, 27, 156, 157, 158, 159, 160, 161, 162, 163, 164, 165, 166, 167, 168, 340, 341, 342, 343, 344, 345, 346, 349, 406, 412, 413, 414, 415, 416, 417, 418, 419, 420, 421, 422, 451, 489, 502, 503, 504, 505, 506, 507, 510, 628, 629, 630, 631, 632, 633, 634, 635, 636, 637, 638, 639, 792, 796, 797, 798, 799, 800, 801, 804, 855, 863, 864, 865, 866, 867, 868, 869, 870, 871, 872, 873, 874, 898]","[17, 18, 19, 20, 21, 22, 23, 156, 157, 158, 159, 160, 161, 162, 163, 164, 165, 166, 167, 341, 342, 343, 344, 345, 412, 413, 414, 415, 416, 417, 418, 419, 420, 421, 422, 502, 503, 504, 505, 506, 507, 628, 629, 630, 631, 632, 633, 634, 635, 636, 637, 638, 639, 792, 797, 798, 799, 800, 801, 863, 864, 865, 866, 867, 868, 869, 870, 871, 872, 873, 874]",0/6 successful match,False,,False,97,False,,1.0,True,Flying J Travel Plaza # 639 ( Conoco ),Flying J
"Westmond , 83860 Westmond Store & Deli ( Chevron )",208-263-3694 US 95 & Westmond Rd,S <U+2610>,Westmond,83860,Westmond Store & Deli ( Chevron ),208-263-3694,2006,Sagle,ID,Chevron,,US 95 & Westmond Rd,empty,,False,,False,US 95,Westmond Rd,,,,[],[],[],[],[],"[8, 43, 71, 84, 86, 339, 348, 354, 360, 369, 382, 383, 384, 389, 390, 523, 546, 555, 557, 795, 803, 809, 819, 832, 833, 834, 839, 840]","[12, 24, 25, 28, 88, 100, 104, 119, 123, 129, 136, 137, 139, 140, 141, 148, 155, 169, 172, 179, 183, 185, 188, 196, 198, 217, 237, 267, 270, 278, 319, 321, 324, 325, 330, 334, 335, 354, 366, 369, 380, 383, 384, 386, 395, 407, 411, 423, 428, 436, 437, 452, 453, 456, 467, 471, 477, 478, 479, 497, 508, 511, 559, 571, 575, 590, 594, 600, 607, 608, 610, 611, 612, 619, 627, 640, 643, 650, 654, 656, 659, 667, 669, 685, 701, 726, 729, 737, 777, 779, 782, 783, 787, 790, 791, 809, 817, 819, 830, 833, 834, 836, 845, 856, 857, 860, 862, 875, 880, 887, 888, 899, 900, 914, 918, 921, 928, 929, 930]","[12, 24, 25, 28, 88, 100, 104, 119, 123, 129, 132, 136, 137, 139, 140, 141, 148, 155, 169, 172, 179, 183, 185, 188, 196, 198, 217, 237, 267, 270, 278, 319, 321, 324, 325, 330, 334, 335, 354, 366, 369, 380, 383, 384, 386, 395, 407, 411, 423, 428, 436, 437, 452, 453, 456, 467, 471, 477, 478, 479, 497, 508, 511, 559, 571, 575, 590, 594, 600, 603, 607, 608, 610, 611, 612, 619, 627, 640, 643, 650, 654, 656, 659, 667, 669, 685, 701, 726, 729, 737, 777, 779, 782, 783, 787, 790, 791, 809, 817, 819, 830, 833, 834, 836, 845, 856, 857, 860, 862, 875, 880, 887, 888, 899, 900, 914, 918, 921, 928, 929, 930]","[8, 523, 12, 24, 25, 28, 546, 43, 555, 557, 559, 571, 575, 71, 590, 594, 84, 86, 88, 600, 603, 607, 608, 610, 611, 100, 612, 104, 619, 627, 119, 123, 640, 129, 643, 132, 136, 137, 650, 139, 140, 141, 654, 656, 659, 148, 155, 667, 669, 169, 172, 685, 179, 183, 185, 188, 701, 196, 198, 726, 217, 729, 737, 237, 777, 267, 779, 270, 782, 783, 787, 278, 790, 791, 795, 803, 809, 817, 819, 830, 319, 832, 833, 834, 321, 324, 325, 836, 839, 840, 330, 845, 334, 335, 339, 856, 857, 348, 860, 862, 354, 360, 875, 366, 880, 369, 887, 888, 380, 382, 383, 384, 386, 899, 900, 389, 390, 395, 914, 918, 407, 921, 411, 928, 929, 930, 423, 428, 436, 437, 452, 453, 456, 467, 471, 477, 478, 479, 497, 508, 511]",False,[],[],[],[],"[8, 43, 71, 84, 86, 339, 348, 354, 360, 369, 382, 383, 384, 389, 390, 523, 546, 555, 557, 795, 803, 809, 819, 832, 833, 834, 839, 840]","[12, 24, 25, 28, 88, 100, 104, 119, 123, 129, 132, 136, 137, 139, 140, 141, 148, 155, 169, 172, 179, 183, 185, 188, 196, 198, 217, 237, 267, 270, 278, 319, 321, 324, 325, 330, 334, 335, 354, 366, 369, 380, 383, 384, 386, 395, 407, 411, 423, 428, 436, 437, 452, 453, 456, 467, 471, 477, 478, 479, 497, 508, 511, 559, 571, 575, 590, 594, 600, 603, 607, 608, 610, 611, 612, 619, 627, 640, 643, 650, 654, 656, 659, 667, 669, 685, 701, 726, 729, 737, 777, 779, 782, 783, 787, 790, 791, 809, 817, 819, 830, 833, 834, 836, 845, 856, 857, 860, 862, 875, 880, 887, 888, 899, 900, 914, 918, 921, 928, 929, 930]","[12, 24, 25, 28, 88, 100, 104, 119, 123, 129, 136, 137, 139, 140, 141, 148, 155, 169, 172, 179, 183, 185, 188, 196, 198, 217, 237, 267, 270, 278, 319, 321, 324, 325, 330, 334, 335, 354, 366, 369, 380, 383, 384, 386, 395, 407, 411, 423, 428, 436, 437, 452, 453, 456, 467, 471, 477, 478, 479, 497, 508, 511, 559, 571, 575, 590, 594, 600, 607, 608, 610, 611, 612, 619, 627, 640, 643, 650, 654, 656, 659, 667, 669, 685, 701, 726, 729, 737, 777, 779, 782, 783, 787, 790, 791, 809, 817, 819, 830, 833, 834, 836, 845, 856, 857, 860, 862, 875, 880, 887, 888, 899, 900, 914, 918, 921, 928, 929, 930]",0/6 successful match,False,,False,98,False,,,,,
"Westmond , 83860 Westmond Store & Deli ( Chevron )",208-263-3694 US 95 & Westmond Rd,,Westmond,83860,Westmond Store & Deli ( Chevron ),208-263-3694,2007,Sagle,ID,Chevron,,US 95 & Westmond Rd,empty,,False,,False,US 95,Westmond Rd,,,,[],[],[],[],[],"[8, 43, 71, 84, 86, 339, 348, 354, 360, 369, 382, 383, 384, 389, 390, 523, 546, 555, 557, 795, 803, 809, 819, 832, 833, 834, 839, 840]","[12, 24, 25, 28, 88, 100, 104, 119, 123, 129, 136, 137, 139, 140, 141, 148, 155, 169, 172, 179, 183, 185, 188, 196, 198, 217, 237, 267, 270, 278, 319, 321, 324, 325, 330, 334, 335, 354, 366, 369, 380, 383, 384, 386, 395, 407, 411, 423, 428, 436, 437, 452, 453, 456, 467, 471, 477, 478, 479, 497, 508, 511, 559, 571, 575, 590, 594, 600, 607, 608, 610, 611, 612, 619, 627, 640, 643, 650, 654, 656, 659, 667, 669, 685, 701, 726, 729, 737, 777, 779, 782, 783, 787, 790, 791, 809, 817, 819, 830, 833, 834, 836, 845, 856, 857, 860, 862, 875, 880, 887, 888, 899, 900, 914, 918, 921, 928, 929, 930]","[12, 24, 25, 28, 88, 100, 104, 119, 123, 129, 132, 136, 137, 139, 140, 141, 148, 155, 169, 172, 179, 183, 185, 188, 196, 198, 217, 237, 267, 270, 278, 319, 321, 324, 325, 330, 334, 335, 354, 366, 369, 380, 383, 384, 386, 395, 407, 411, 423, 428, 436, 437, 452, 453, 456, 467, 471, 477, 478, 479, 497, 508, 511, 559, 571, 575, 590, 594, 600, 603, 607, 608, 610, 611, 612, 619, 627, 640, 643, 650, 654, 656, 659, 667, 669, 685, 701, 726, 729, 737, 777, 779, 782, 783, 787, 790, 791, 809, 817, 819, 830, 833, 834, 836, 845, 856, 857, 860, 862, 875, 880, 887, 888, 899, 900, 914, 918, 921, 928, 929, 930]","[8, 523, 12, 24, 25, 28, 546, 43, 555, 557, 559, 571, 575, 71, 590, 594, 84, 86, 88, 600, 603, 607, 608, 610, 611, 100, 612, 104, 619, 627, 119, 123, 640, 129, 643, 132, 136, 137, 650, 139, 140, 141, 654, 656, 659, 148, 155, 667, 669, 169, 172, 685, 179, 183, 185, 188, 701, 196, 198, 726, 217, 729, 737, 237, 777, 267, 779, 270, 782, 783, 787, 278, 790, 791, 795, 803, 809, 817, 819, 830, 319, 832, 833, 834, 321, 324, 325, 836, 839, 840, 330, 845, 334, 335, 339, 856, 857, 348, 860, 862, 354, 360, 875, 366, 880, 369, 887, 888, 380, 382, 383, 384, 386, 899, 900, 389, 390, 395, 914, 918, 407, 921, 411, 928, 929, 930, 423, 428, 436, 437, 452, 453, 456, 467, 471, 477, 478, 479, 497, 508, 511]",False,[],[],[],[],"[8, 43, 71, 84, 86, 339, 348, 354, 360, 369, 382, 383, 384, 389, 390, 523, 546, 555, 557, 795, 803, 809, 819, 832, 833, 834, 839, 840]","[12, 24, 25, 28, 88, 100, 104, 119, 123, 129, 132, 136, 137, 139, 140, 141, 148, 155, 169, 172, 179, 183, 185, 188, 196, 198, 217, 237, 267, 270, 278, 319, 321, 324, 325, 330, 334, 335, 354, 366, 369, 380, 383, 384, 386, 395, 407, 411, 423, 428, 436, 437, 452, 453, 456, 467, 471, 477, 478, 479, 497, 508, 511, 559, 571, 575, 590, 594, 600, 603, 607, 608, 610, 611, 612, 619, 627, 640, 643, 650, 654, 656, 659, 667, 669, 685, 701, 726, 729, 737, 777, 779, 782, 783, 787, 790, 791, 809, 817, 819, 830, 833, 834, 836, 845, 856, 857, 860, 862, 875, 880, 887, 888, 899, 900, 914, 918, 921, 928, 929, 930]","[12, 24, 25, 28, 88, 100, 104, 119, 123, 129, 136, 137, 139, 140, 141, 148, 155, 169, 172, 179, 183, 185, 188, 196, 198, 217, 237, 267, 270, 278, 319, 321, 324, 325, 330, 334, 335, 354, 366, 369, 380, 383, 384, 386, 395, 407, 411, 423, 428, 436, 437, 452, 453, 456, 467, 471, 477, 478, 479, 497, 508, 511, 559, 571, 575, 590, 594, 600, 607, 608, 610, 611, 612, 619, 627, 640, 643, 650, 654, 656, 659, 667, 669, 685, 701, 726, 729, 737, 777, 779, 782, 783, 787, 790, 791, 809, 817, 819, 830, 833, 834, 836, 845, 856, 857, 860, 862, 875, 880, 887, 888, 899, 900, 914, 918, 921, 928, 929, 930]",0/6 successful match,False,,False,98,False,,1.0,True,Westmond Store & Deli ( Chevron ),Chevron
"Westmond , 83860 Westmond Store & Deli ( Chevron",2 208-263-3694 US 95 & Westmond Rd ),"24 S <U+2610> <U+2610> """,Westmond,83860,Westmond Store & Deli ( Chevron,208-263-3694,2008,Sagle,ID,Chevron,,US 95 & Westmond Rd ,empty,,False,,False,US 95,Westmond Rd,,,,[],[],[],[],[],"[8, 43, 71, 84, 86, 339, 348, 354, 360, 369, 382, 383, 384, 389, 390, 523, 546, 555, 557, 795, 803, 809, 819, 832, 833, 834, 839, 840]","[12, 24, 25, 28, 88, 100, 104, 119, 123, 129, 136, 137, 139, 140, 141, 148, 155, 169, 172, 179, 183, 185, 188, 196, 198, 217, 237, 267, 270, 278, 319, 321, 324, 325, 330, 334, 335, 354, 366, 369, 380, 383, 384, 386, 395, 407, 411, 423, 428, 436, 437, 452, 453, 456, 467, 471, 477, 478, 479, 497, 508, 511, 559, 571, 575, 590, 594, 600, 607, 608, 610, 611, 612, 619, 627, 640, 643, 650, 654, 656, 659, 667, 669, 685, 701, 726, 729, 737, 777, 779, 782, 783, 787, 790, 791, 809, 817, 819, 830, 833, 834, 836, 845, 856, 857, 860, 862, 875, 880, 887, 888, 899, 900, 914, 918, 921, 928, 929, 930]","[12, 24, 25, 28, 88, 100, 104, 119, 123, 129, 132, 136, 137, 139, 140, 141, 148, 155, 169, 172, 179, 183, 185, 188, 196, 198, 217, 237, 267, 270, 278, 319, 321, 324, 325, 330, 334, 335, 354, 366, 369, 380, 383, 384, 386, 395, 407, 411, 423, 428, 436, 437, 452, 453, 456, 467, 471, 477, 478, 479, 497, 508, 511, 559, 571, 575, 590, 594, 600, 603, 607, 608, 610, 611, 612, 619, 627, 640, 643, 650, 654, 656, 659, 667, 669, 685, 701, 726, 729, 737, 777, 779, 782, 783, 787, 790, 791, 809, 817, 819, 830, 833, 834, 836, 845, 856, 857, 860, 862, 875, 880, 887, 888, 899, 900, 914, 918, 921, 928, 929, 930]","[8, 523, 12, 24, 25, 28, 546, 43, 555, 557, 559, 571, 575, 71, 590, 594, 84, 86, 88, 600, 603, 607, 608, 610, 611, 100, 612, 104, 619, 627, 119, 123, 640, 129, 643, 132, 136, 137, 650, 139, 140, 141, 654, 656, 659, 148, 155, 667, 669, 169, 172, 685, 179, 183, 185, 188, 701, 196, 198, 726, 217, 729, 737, 237, 777, 267, 779, 270, 782, 783, 787, 278, 790, 791, 795, 803, 809, 817, 819, 830, 319, 832, 833, 834, 321, 324, 325, 836, 839, 840, 330, 845, 334, 335, 339, 856, 857, 348, 860, 862, 354, 360, 875, 366, 880, 369, 887, 888, 380, 382, 383, 384, 386, 899, 900, 389, 390, 395, 914, 918, 407, 921, 411, 928, 929, 930, 423, 428, 436, 437, 452, 453, 456, 467, 471, 477, 478, 479, 497, 508, 511]",False,[],[],[],[],"[8, 43, 71, 84, 86, 339, 348, 354, 360, 369, 382, 383, 384, 389, 390, 523, 546, 555, 557, 795, 803, 809, 819, 832, 833, 834, 839, 840]","[12, 24, 25, 28, 88, 100, 104, 119, 123, 129, 132, 136, 137, 139, 140, 141, 148, 155, 169, 172, 179, 183, 185, 188, 196, 198, 217, 237, 267, 270, 278, 319, 321, 324, 325, 330, 334, 335, 354, 366, 369, 380, 383, 384, 386, 395, 407, 411, 423, 428, 436, 437, 452, 453, 456, 467, 471, 477, 478, 479, 497, 508, 511, 559, 571, 575, 590, 594, 600, 603, 607, 608, 610, 611, 612, 619, 627, 640, 643, 650, 654, 656, 659, 667, 669, 685, 701, 726, 729, 737, 777, 779, 782, 783, 787, 790, 791, 809, 817, 819, 830, 833, 834, 836, 845, 856, 857, 860, 862, 875, 880, 887, 888, 899, 900, 914, 918, 921, 928, 929, 930]","[12, 24, 25, 28, 88, 100, 104, 119, 123, 129, 136, 137, 139, 140, 141, 148, 155, 169, 172, 179, 183, 185, 188, 196, 198, 217, 237, 267, 270, 278, 319, 321, 324, 325, 330, 334, 335, 354, 366, 369, 380, 383, 384, 386, 395, 407, 411, 423, 428, 436, 437, 452, 453, 456, 467, 471, 477, 478, 479, 497, 508, 511, 559, 571, 575, 590, 594, 600, 607, 608, 610, 611, 612, 619, 627, 640, 643, 650, 654, 656, 659, 667, 669, 685, 701, 726, 729, 737, 777, 779, 782, 783, 787, 790, 791, 809, 817, 819, 830, 833, 834, 836, 845, 856, 857, 860, 862, 875, 880, 887, 888, 899, 900, 914, 918, 921, 928, 929, 930]",0/6 successful match,False,,False,98,False,,1.0,True,Westmond Store & Deli ( Chevron ),Chevron
B Sagle ( 83860 ) Westmond Store & Deli ( Chevron ),2 208-263-3694 US 95 ( 4 mi S ),S <U+2610>,Sagle,83860,Westmond Store & Deli ( Chevron ),208-263-3694,2014,Sagle,ID,Chevron,( 4 mi S ),US 95,empty,,False,,False,US 95,,,,,[],[],[],[],[],"[8, 43, 71, 84, 86, 339, 348, 354, 360, 369, 382, 383, 384, 389, 390, 523, 546, 555, 557, 795, 803, 809, 819, 832, 833, 834, 839, 840]","[12, 24, 25, 28, 88, 100, 104, 119, 123, 129, 136, 137, 139, 140, 141, 148, 155, 169, 172, 179, 183, 185, 188, 196, 198, 217, 237, 267, 270, 278, 319, 321, 324, 325, 330, 334, 335, 354, 366, 369, 380, 383, 384, 386, 395, 407, 411, 423, 428, 436, 437, 452, 453, 456, 467, 471, 477, 478, 479, 497, 508, 511, 559, 571, 575, 590, 594, 600, 607, 608, 610, 611, 612, 619, 627, 640, 643, 650, 654, 656, 659, 667, 669, 685, 701, 726, 729, 737, 777, 779, 782, 783, 787, 790, 791, 809, 817, 819, 830, 833, 834, 836, 845, 856, 857, 860, 862, 875, 880, 887, 888, 899, 900, 914, 918, 921, 928, 929, 930]","[12, 24, 25, 28, 88, 100, 104, 119, 123, 129, 132, 136, 137, 139, 140, 141, 148, 155, 169, 172, 179, 183, 185, 188, 196, 198, 217, 237, 267, 270, 278, 319, 321, 324, 325, 330, 334, 335, 354, 366, 369, 380, 383, 384, 386, 395, 407, 411, 423, 428, 436, 437, 452, 453, 456, 467, 471, 477, 478, 479, 497, 508, 511, 559, 571, 575, 590, 594, 600, 603, 607, 608, 610, 611, 612, 619, 627, 640, 643, 650, 654, 656, 659, 667, 669, 685, 701, 726, 729, 737, 777, 779, 782, 783, 787, 790, 791, 809, 817, 819, 830, 833, 834, 836, 845, 856, 857, 860, 862, 875, 880, 887, 888, 899, 900, 914, 918, 921, 928, 929, 930]","[8, 523, 12, 24, 25, 28, 546, 43, 555, 557, 559, 571, 575, 71, 590, 594, 84, 86, 88, 600, 603, 607, 608, 610, 611, 100, 612, 104, 619, 627, 119, 123, 640, 129, 643, 132, 136, 137, 650, 139, 140, 141, 654, 656, 659, 148, 155, 667, 669, 169, 172, 685, 179, 183, 185, 188, 701, 196, 198, 726, 217, 729, 737, 237, 777, 267, 779, 270, 782, 783, 787, 278, 790, 791, 795, 803, 809, 817, 819, 830, 319, 832, 833, 834, 321, 324, 325, 836, 839, 840, 330, 845, 334, 335, 339, 856, 857, 348, 860, 862, 354, 360, 875, 366, 880, 369, 887, 888, 380, 382, 383, 384, 386, 899, 900, 389, 390, 395, 914, 918, 407, 921, 411, 928, 929, 930, 423, 428, 436, 437, 452, 453, 456, 467, 471, 477, 478, 479, 497, 508, 511]",False,[],[],[],[],"[8, 43, 71, 84, 86, 339, 348, 354, 360, 369, 382, 383, 384, 389, 390, 523, 546, 555, 557, 795, 803, 809, 819, 832, 833, 834, 839, 840]","[12, 24, 25, 28, 88, 100, 104, 119, 123, 129, 132, 136, 137, 139, 140, 141, 148, 155, 169, 172, 179, 183, 185, 188, 196, 198, 217, 237, 267, 270, 278, 319, 321, 324, 325, 330, 334, 335, 354, 366, 369, 380, 383, 384, 386, 395, 407, 411, 423, 428, 436, 437, 452, 453, 456, 467, 471, 477, 478, 479, 497, 508, 511, 559, 571, 575, 590, 594, 600, 603, 607, 608, 610, 611, 612, 619, 627, 640, 643, 650, 654, 656, 659, 667, 669, 685, 701, 726, 729, 737, 777, 779, 782, 783, 787, 790, 791, 809, 817, 819, 830, 833, 834, 836, 845, 856, 857, 860, 862, 875, 880, 887, 888, 899, 900, 914, 918, 921, 928, 929, 930]","[12, 24, 25, 28, 88, 100, 104, 119, 123, 129, 136, 137, 139, 140, 141, 148, 155, 169, 172, 179, 183, 185, 188, 196, 198, 217, 237, 267, 270, 278, 319, 321, 324, 325, 330, 334, 335, 354, 366, 369, 380, 383, 384, 386, 395, 407, 411, 423, 428, 436, 437, 452, 453, 456, 467, 471, 477, 478, 479, 497, 508, 511, 559, 571, 575, 590, 594, 600, 607, 608, 610, 611, 612, 619, 627, 640, 643, 650, 654, 656, 659, 667, 669, 685, 701, 726, 729, 737, 777, 779, 782, 783, 787, 790, 791, 809, 817, 819, 830, 833, 834, 836, 845, 856, 857, 860, 862, 875, 880, 887, 888, 899, 900, 914, 918, 921, 928, 929, 930]",0/6 successful match,False,,False,98,False,,1.0,True,Westmond Store & Deli ( Chevron,Chevron
B Sagle ( 83860 ) Westmond Store & Deli ( Chevron ),208-263-3694 US 95 ( 4 mi S ),<U+2610> S <U+2610>,Sagle,83860,Westmond Store & Deli ( Chevron ),208-263-3694,2015,Sagle,ID,Chevron,( 4 mi S ),US 95,empty,,False,,False,US 95,,,,,[],[],[],[],[],"[8, 43, 71, 84, 86, 339, 348, 354, 360, 369, 382, 383, 384, 389, 390, 523, 546, 555, 557, 795, 803, 809, 819, 832, 833, 834, 839, 840]","[12, 24, 25, 28, 88, 100, 104, 119, 123, 129, 136, 137, 139, 140, 141, 148, 155, 169, 172, 179, 183, 185, 188, 196, 198, 217, 237, 267, 270, 278, 319, 321, 324, 325, 330, 334, 335, 354, 366, 369, 380, 383, 384, 386, 395, 407, 411, 423, 428, 436, 437, 452, 453, 456, 467, 471, 477, 478, 479, 497, 508, 511, 559, 571, 575, 590, 594, 600, 607, 608, 610, 611, 612, 619, 627, 640, 643, 650, 654, 656, 659, 667, 669, 685, 701, 726, 729, 737, 777, 779, 782, 783, 787, 790, 791, 809, 817, 819, 830, 833, 834, 836, 845, 856, 857, 860, 862, 875, 880, 887, 888, 899, 900, 914, 918, 921, 928, 929, 930]","[12, 24, 25, 28, 88, 100, 104, 119, 123, 129, 132, 136, 137, 139, 140, 141, 148, 155, 169, 172, 179, 183, 185, 188, 196, 198, 217, 237, 267, 270, 278, 319, 321, 324, 325, 330, 334, 335, 354, 366, 369, 380, 383, 384, 386, 395, 407, 411, 423, 428, 436, 437, 452, 453, 456, 467, 471, 477, 478, 479, 497, 508, 511, 559, 571, 575, 590, 594, 600, 603, 607, 608, 610, 611, 612, 619, 627, 640, 643, 650, 654, 656, 659, 667, 669, 685, 701, 726, 729, 737, 777, 779, 782, 783, 787, 790, 791, 809, 817, 819, 830, 833, 834, 836, 845, 856, 857, 860, 862, 875, 880, 887, 888, 899, 900, 914, 918, 921, 928, 929, 930]","[8, 523, 12, 24, 25, 28, 546, 43, 555, 557, 559, 571, 575, 71, 590, 594, 84, 86, 88, 600, 603, 607, 608, 610, 611, 100, 612, 104, 619, 627, 119, 123, 640, 129, 643, 132, 136, 137, 650, 139, 140, 141, 654, 656, 659, 148, 155, 667, 669, 169, 172, 685, 179, 183, 185, 188, 701, 196, 198, 726, 217, 729, 737, 237, 777, 267, 779, 270, 782, 783, 787, 278, 790, 791, 795, 803, 809, 817, 819, 830, 319, 832, 833, 834, 321, 324, 325, 836, 839, 840, 330, 845, 334, 335, 339, 856, 857, 348, 860, 862, 354, 360, 875, 366, 880, 369, 887, 888, 380, 382, 383, 384, 386, 899, 900, 389, 390, 395, 914, 918, 407, 921, 411, 928, 929, 930, 423, 428, 436, 437, 452, 453, 456, 467, 471, 477, 478, 479, 497, 508, 511]",False,[],[],[],[],"[8, 43, 71, 84, 86, 339, 348, 354, 360, 369, 382, 383, 384, 389, 390, 523, 546, 555, 557, 795, 803, 809, 819, 832, 833, 834, 839, 840]","[12, 24, 25, 28, 88, 100, 104, 119, 123, 129, 132, 136, 137, 139, 140, 141, 148, 155, 169, 172, 179, 183, 185, 188, 196, 198, 217, 237, 267, 270, 278, 319, 321, 324, 325, 330, 334, 335, 354, 366, 369, 380, 383, 384, 386, 395, 407, 411, 423, 428, 436, 437, 452, 453, 456, 467, 471, 477, 478, 479, 497, 508, 511, 559, 571, 575, 590, 594, 600, 603, 607, 608, 610, 611, 612, 619, 627, 640, 643, 650, 654, 656, 659, 667, 669, 685, 701, 726, 729, 737, 777, 779, 782, 783, 787, 790, 791, 809, 817, 819, 830, 833, 834, 836, 845, 856, 857, 860, 862, 875, 880, 887, 888, 899, 900, 914, 918, 921, 928, 929, 930]","[12, 24, 25, 28, 88, 100, 104, 119, 123, 129, 136, 137, 139, 140, 141, 148, 155, 169, 172, 179, 183, 185, 188, 196, 198, 217, 237, 267, 270, 278, 319, 321, 324, 325, 330, 334, 335, 354, 366, 369, 380, 383, 384, 386, 395, 407, 411, 423, 428, 436, 437, 452, 453, 456, 467, 471, 477, 478, 479, 497, 508, 511, 559, 571, 575, 590, 594, 600, 607, 608, 610, 611, 612, 619, 627, 640, 643, 650, 654, 656, 659, 667, 669, 685, 701, 726, 729, 737, 777, 779, 782, 783, 787, 790, 791, 809, 817, 819, 830, 833, 834, 836, 845, 856, 857, 860, 862, 875, 880, 887, 888, 899, 900, 914, 918, 921, 928, 929, 930]",0/6 successful match,False,,False,98,False,,1.0,True,Westmond Store & Deli ( Chevron ),Chevron
B Sagle ( 83860 ) Westmond Store & Deli ( Chevron ),208-263-3694 US 95 ( 4 mi S ),<U+2610> S C <U+2610>,Sagle,83860,Westmond Store & Deli ( Chevron ),208-263-3694,2016,Sagle,ID,Chevron,( 4 mi S ),US 95,empty,,False,,False,US 95,,,,,[],[],[],[],[],"[8, 43, 71, 84, 86, 339, 348, 354, 360, 369, 382, 383, 384, 389, 390, 523, 546, 555, 557, 795, 803, 809, 819, 832, 833, 834, 839, 840]","[12, 24, 25, 28, 88, 100, 104, 119, 123, 129, 136, 137, 139, 140, 141, 148, 155, 169, 172, 179, 183, 185, 188, 196, 198, 217, 237, 267, 270, 278, 319, 321, 324, 325, 330, 334, 335, 354, 366, 369, 380, 383, 384, 386, 395, 407, 411, 423, 428, 436, 437, 452, 453, 456, 467, 471, 477, 478, 479, 497, 508, 511, 559, 571, 575, 590, 594, 600, 607, 608, 610, 611, 612, 619, 627, 640, 643, 650, 654, 656, 659, 667, 669, 685, 701, 726, 729, 737, 777, 779, 782, 783, 787, 790, 791, 809, 817, 819, 830, 833, 834, 836, 845, 856, 857, 860, 862, 875, 880, 887, 888, 899, 900, 914, 918, 921, 928, 929, 930]","[12, 24, 25, 28, 88, 100, 104, 119, 123, 129, 132, 136, 137, 139, 140, 141, 148, 155, 169, 172, 179, 183, 185, 188, 196, 198, 217, 237, 267, 270, 278, 319, 321, 324, 325, 330, 334, 335, 354, 366, 369, 380, 383, 384, 386, 395, 407, 411, 423, 428, 436, 437, 452, 453, 456, 467, 471, 477, 478, 479, 497, 508, 511, 559, 571, 575, 590, 594, 600, 603, 607, 608, 610, 611, 612, 619, 627, 640, 643, 650, 654, 656, 659, 667, 669, 685, 701, 726, 729, 737, 777, 779, 782, 783, 787, 790, 791, 809, 817, 819, 830, 833, 834, 836, 845, 856, 857, 860, 862, 875, 880, 887, 888, 899, 900, 914, 918, 921, 928, 929, 930]","[8, 523, 12, 24, 25, 28, 546, 43, 555, 557, 559, 571, 575, 71, 590, 594, 84, 86, 88, 600, 603, 607, 608, 610, 611, 100, 612, 104, 619, 627, 119, 123, 640, 129, 643, 132, 136, 137, 650, 139, 140, 141, 654, 656, 659, 148, 155, 667, 669, 169, 172, 685, 179, 183, 185, 188, 701, 196, 198, 726, 217, 729, 737, 237, 777, 267, 779, 270, 782, 783, 787, 278, 790, 791, 795, 803, 809, 817, 819, 830, 319, 832, 833, 834, 321, 324, 325, 836, 839, 840, 330, 845, 334, 335, 339, 856, 857, 348, 860, 862, 354, 360, 875, 366, 880, 369, 887, 888, 380, 382, 383, 384, 386, 899, 900, 389, 390, 395, 914, 918, 407, 921, 411, 928, 929, 930, 423, 428, 436, 437, 452, 453, 456, 467, 471, 477, 478, 479, 497, 508, 511]",False,[],[],[],[],"[8, 43, 71, 84, 86, 339, 348, 354, 360, 369, 382, 383, 384, 389, 390, 523, 546, 555, 557, 795, 803, 809, 819, 832, 833, 834, 839, 840]","[12, 24, 25, 28, 88, 100, 104, 119, 123, 129, 132, 136, 137, 139, 140, 141, 148, 155, 169, 172, 179, 183, 185, 188, 196, 198, 217, 237, 267, 270, 278, 319, 321, 324, 325, 330, 334, 335, 354, 366, 369, 380, 383, 384, 386, 395, 407, 411, 423, 428, 436, 437, 452, 453, 456, 467, 471, 477, 478, 479, 497, 508, 511, 559, 571, 575, 590, 594, 600, 603, 607, 608, 610, 611, 612, 619, 627, 640, 643, 650, 654, 656, 659, 667, 669, 685, 701, 726, 729, 737, 777, 779, 782, 783, 787, 790, 791, 809, 817, 819, 830, 833, 834, 836, 845, 856, 857, 860, 862, 875, 880, 887, 888, 899, 900, 914, 918, 921, 928, 929, 930]","[12, 24, 25, 28, 88, 100, 104, 119, 123, 129, 136, 137, 139, 140, 141, 148, 155, 169, 172, 179, 183, 185, 188, 196, 198, 217, 237, 267, 270, 278, 319, 321, 324, 325, 330, 334, 335, 354, 366, 369, 380, 383, 384, 386, 395, 407, 411, 423, 428, 436, 437, 452, 453, 456, 467, 471, 477, 478, 479, 497, 508, 511, 559, 571, 575, 590, 594, 600, 607, 608, 610, 611, 612, 619, 627, 640, 643, 650, 654, 656, 659, 667, 669, 685, 701, 726, 729, 737, 777, 779, 782, 783, 787, 790, 791, 809, 817, 819, 830, 833, 834, 836, 845, 856, 857, 860, 862, 875, 880, 887, 888, 899, 900, 914, 918, 921, 928, 929, 930]",0/6 successful match,False,,False,98,False,,1.0,True,Westmond Store & Deli ( Chevron ),Chevron
"Sandpoint , 83864 Sand Creek Conoco",208-265-8522 477000 US 2-95 N,HRS <U+25A1>,Sandpoint,83864,Sand Creek Conoco,208-265-8522,2006,Sandpoint,ID,Conoco,,477000 US 2-95 N,Proper,,False,,False,US 2-95,,,,,[],[],[],[],[],"[8, 43, 71, 84, 86, 256, 339, 348, 354, 360, 369, 382, 383, 384, 389, 390, 523, 546, 555, 557, 718, 795, 803, 809, 819, 832, 833, 834, 839, 840]","[3, 27, 349, 406, 451, 489, 510, 804, 855, 898]","[3, 27, 349, 406, 428, 451, 489, 510, 804, 855, 880, 898]","[256, 384, 898, 3, 389, 390, 510, 8, 523, 406, 795, 27, 546, 803, 804, 809, 43, 555, 557, 428, 819, 832, 833, 834, 451, 71, 839, 840, 718, 339, 84, 86, 855, 348, 349, 354, 360, 489, 880, 369, 382, 383]",False,[],[],[],[],"[8, 43, 71, 84, 86, 256, 339, 348, 354, 360, 369, 382, 383, 384, 389, 390, 523, 546, 555, 557, 718, 795, 803, 809, 819, 832, 833, 834, 839, 840]","[3, 27, 349, 406, 428, 451, 489, 510, 804, 855, 880, 898]","[3, 27, 349, 406, 451, 489, 510, 804, 855, 898]",0/6 successful match,False,,False,99,False,,,,,
"B Sandpoint , 83864 Sand Creek Conoco",208-265-8522 477000 US 2-95 ( 6 mi N of town ),48 000,Sandpoint,83864,Sand Creek Conoco,208-265-8522,2007,Sandpoint,ID,Conoco,( 6 mi N of town ),477000 US 2-95,Proper,,False,,False,US 2-95,,,,,[],[],[],[],[],"[8, 43, 71, 84, 86, 256, 339, 348, 354, 360, 369, 382, 383, 384, 389, 390, 523, 546, 555, 557, 718, 795, 803, 809, 819, 832, 833, 834, 839, 840]","[3, 27, 349, 406, 451, 489, 510, 804, 855, 898]","[3, 27, 349, 406, 428, 451, 489, 510, 804, 855, 880, 898]","[256, 384, 898, 3, 389, 390, 510, 8, 523, 406, 795, 27, 546, 803, 804, 809, 43, 555, 557, 428, 819, 832, 833, 834, 451, 71, 839, 840, 718, 339, 84, 86, 855, 348, 349, 354, 360, 489, 880, 369, 382, 383]",False,[],[],[],[],"[8, 43, 71, 84, 86, 256, 339, 348, 354, 360, 369, 382, 383, 384, 389, 390, 523, 546, 555, 557, 718, 795, 803, 809, 819, 832, 833, 834, 839, 840]","[3, 27, 349, 406, 428, 451, 489, 510, 804, 855, 880, 898]","[3, 27, 349, 406, 451, 489, 510, 804, 855, 898]",0/6 successful match,False,,False,99,False,,1.0,True,Sand Creek Conoco,Conoco
"B Sandpoint , 83864 Sand Creek Conoco 28 Jct )",2 208-265-8522 477000 US 2-95 ( 2 mi N of,24,Sandpoint,83864,Sand Creek Conoco 28 Jct ),208-265-8522,2008,Sandpoint,ID,Conoco,( 2 mi N of,477000 US 2-95,Proper,,False,,False,US 2-95,,,,,[],[],[],[],[],"[8, 43, 71, 84, 86, 256, 339, 348, 354, 360, 369, 382, 383, 384, 389, 390, 523, 546, 555, 557, 718, 795, 803, 809, 819, 832, 833, 834, 839, 840]","[3, 27, 349, 406, 451, 489, 510, 804, 855, 898]","[3, 27, 349, 406, 428, 451, 489, 510, 804, 855, 880, 898]","[256, 384, 898, 3, 389, 390, 510, 8, 523, 406, 795, 27, 546, 803, 804, 809, 43, 555, 557, 428, 819, 832, 833, 834, 451, 71, 839, 840, 718, 339, 84, 86, 855, 348, 349, 354, 360, 489, 880, 369, 382, 383]",False,[],[],[],[],"[8, 43, 71, 84, 86, 256, 339, 348, 354, 360, 369, 382, 383, 384, 389, 390, 523, 546, 555, 557, 718, 795, 803, 809, 819, 832, 833, 834, 839, 840]","[3, 27, 349, 406, 428, 451, 489, 510, 804, 855, 880, 898]","[3, 27, 349, 406, 451, 489, 510, 804, 855, 898]",0/6 successful match,False,,False,99,False,,0.9772093023255813,True,Sand Creek Conoco,Conoco
B Sandpoint ( 83864 ) Schweitzer's ( Conoco ),208-265-8522 477000 US 2-95 ( 2 mi N of town ),<U+2610> 0,Sandpoint,83864,Schweitzer's ( Conoco ),208-265-8522,2014,Sandpoint,ID,Conoco,( 2 mi N of town ),477000 US 2-95,Proper,,False,,False,US 2-95,,,,,[],[],[],[],[],"[8, 43, 71, 84, 86, 256, 339, 348, 354, 360, 369, 382, 383, 384, 389, 390, 523, 546, 555, 557, 718, 795, 803, 809, 819, 832, 833, 834, 839, 840]","[3, 27, 349, 406, 451, 489, 510, 804, 855, 898]","[3, 27, 349, 406, 451, 489, 510, 804, 855, 898]","[256, 384, 898, 3, 389, 390, 510, 8, 523, 406, 795, 27, 546, 803, 804, 809, 43, 555, 557, 819, 832, 833, 834, 451, 71, 839, 840, 718, 339, 84, 86, 855, 348, 349, 354, 360, 489, 369, 382, 383]",False,[],[],[],[],"[8, 43, 71, 84, 86, 256, 339, 348, 354, 360, 369, 382, 383, 384, 389, 390, 523, 546, 555, 557, 718, 795, 803, 809, 819, 832, 833, 834, 839, 840]","[3, 27, 349, 406, 451, 489, 510, 804, 855, 898]","[3, 27, 349, 406, 451, 489, 510, 804, 855, 898]",0/6 successful match,False,,False,99,False,,0.42585034013605444,True,Sand Creek Conoco 28 Jct ),Conoco
B Sandpoint ( 83864 ) Schweitzer's ( Conoco ),12 208-265-8522 477000 US 2-95 ( 2 mi N of town ),24 <U+2610> <U+2610> <U+2610> <U+25A1> <U+25A1> <U+25A1>,Sandpoint,83864,Schweitzer's ( Conoco ),208-265-8522,2015,Sandpoint,ID,Conoco,( 2 mi N of town ),477000 US 2-95,Proper,,False,,False,US 2-95,,,,,[],[],[],[],[],"[8, 43, 71, 84, 86, 256, 339, 348, 354, 360, 369, 382, 383, 384, 389, 390, 523, 546, 555, 557, 718, 795, 803, 809, 819, 832, 833, 834, 839, 840]","[3, 27, 349, 406, 451, 489, 510, 804, 855, 898]","[3, 27, 349, 406, 451, 489, 510, 804, 855, 898]","[256, 384, 898, 3, 389, 390, 510, 8, 523, 406, 795, 27, 546, 803, 804, 809, 43, 555, 557, 819, 832, 833, 834, 451, 71, 839, 840, 718, 339, 84, 86, 855, 348, 349, 354, 360, 489, 369, 382, 383]",False,[],[],[],[],"[8, 43, 71, 84, 86, 256, 339, 348, 354, 360, 369, 382, 383, 384, 389, 390, 523, 546, 555, 557, 718, 795, 803, 809, 819, 832, 833, 834, 839, 840]","[3, 27, 349, 406, 451, 489, 510, 804, 855, 898]","[3, 27, 349, 406, 451, 489, 510, 804, 855, 898]",0/6 successful match,False,,False,99,False,,1.0,True,Schweitzer's ( Conoco ),Conoco
B Sandpoint ( 83864 ) Schweitzer's ( Conoco ),208-265-8522 477000 US 2-95 ( 2 mi N of town ),24m,Sandpoint,83864,Schweitzer's ( Conoco ),208-265-8522,2016,Sandpoint,ID,Conoco,( 2 mi N of town ),477000 US 2-95,Proper,,False,,False,US 2-95,,,,,[],[],[],[],[],"[8, 43, 71, 84, 86, 256, 339, 348, 354, 360, 369, 382, 383, 384, 389, 390, 523, 546, 555, 557, 718, 795, 803, 809, 819, 832, 833, 834, 839, 840]","[3, 27, 349, 406, 451, 489, 510, 804, 855, 898]","[3, 27, 349, 406, 451, 489, 510, 804, 855, 898]","[256, 384, 898, 3, 389, 390, 510, 8, 523, 406, 795, 27, 546, 803, 804, 809, 43, 555, 557, 819, 832, 833, 834, 451, 71, 839, 840, 718, 339, 84, 86, 855, 348, 349, 354, 360, 489, 369, 382, 383]",False,[],[],[],[],"[8, 43, 71, 84, 86, 256, 339, 348, 354, 360, 369, 382, 383, 384, 389, 390, 523, 546, 555, 557, 718, 795, 803, 809, 819, 832, 833, 834, 839, 840]","[3, 27, 349, 406, 451, 489, 510, 804, 855, 898]","[3, 27, 349, 406, 451, 489, 510, 804, 855, 898]",0/6 successful match,False,,False,99,False,,1.0,True,Schweitzer's ( Conoco ),Conoco
"Coalville , 84017 Holiday Hills ( 66 )",435-336-4421 I-80 Exit 162 ( UT 280 ),MO,Coalville,84017,Holiday Hills ( 66 ),435-336-4421,2006,Coalville,UT,,( UT 280 ),I-80 Exit 162 ,Exit,162,False,,False,I-80,,,,,"[424, 876]","[424, 876]","[424, 876]","[40, 424, 521, 876]","[398, 399, 400, 401, 402, 403, 404, 405, 406, 407, 408, 409, 410, 411, 412, 413, 414, 415, 416, 417, 418, 419, 420, 421, 422, 423, 424, 425, 426, 427, 428, 429, 430, 431, 432, 433, 434, 435, 436, 437, 438, 439, 440, 441, 442, 443, 444, 445, 446, 447, 448, 449, 450, 451, 452, 453, 454, 455, 456, 457, 458, 459, 460, 461, 462, 463, 464, 465, 466, 467, 468, 469, 470, 471, 472, 473, 474, 475, 476, 477, 478, 479, 480, 481, 482, 483, 484, 848, 849, 850, 851, 852, 853, 854, 855, 856, 857, 858, 859, 860, 861, 862, 863, 864, 865, 866, 867, 868, 869, 870, 871, 872, 873, 874, 875, 876, 877, 878, 879, 880, 881, 882, 883, 884, 885, 886, 887, 888, 889, 890, 891, 892, 893, 894, 895, 896, 897, 898, 899, 900, 901, 902, 903, 904, 905, 906, 907, 908, 909, 910, 911, 912, 913, 914, 915, 916, 917, 918, 919, 920, 921, 922, 923, 924, 925, 926, 927, 928, 929, 930, 931, 932, 933, 934, 935]","[89, 108, 172, 217, 221, 239, 264, 280, 321, 342, 343, 344, 345, 346, 349, 351, 352, 355, 357, 359, 364, 368, 371, 372, 373, 374, 376, 377, 387, 392, 393, 403, 409, 411, 414, 424, 430, 449, 454, 470, 480, 560, 584, 643, 685, 703, 724, 739, 779, 798, 799, 800, 801, 804, 806, 807, 810, 812, 814, 816, 821, 822, 823, 824, 826, 827, 837, 842, 843, 852, 859, 862, 865, 869, 876, 882, 897, 901, 917, 932]",[],"[200, 270, 401, 402, 424, 427, 464, 469, 671, 729, 850, 851, 876, 879, 911, 916]","[916, 917, 521, 918, 387, 919, 920, 921, 922, 923, 40, 924, 925, 560, 926, 927, 928, 929, 930, 584, 931, 932, 933, 89, 934, 935, 108, 643, 392, 372, 671, 393, 373, 172, 685, 342, 343, 703, 344, 374, 345, 200, 346, 724, 217, 729, 349, 221, 739, 351, 352, 239, 376, 355, 357, 264, 779, 377, 359, 270, 280, 798, 799, 800, 801, 804, 806, 807, 364, 810, 812, 814, 816, 821, 822, 823, 824, 826, 827, 368, 321, 837, 842, 371, 843, 848, 849, 850, 851, 852, 853, 854, 855, 856, 857, 858, 859, 860, 861, 862, 863, 864, 865, 866, 867, 868, 869, 870, 871, 872, 873, 874, 875, 876, 877, 878, 879, 880, 881, 882, 883, 884, 885, 886, 887, 888, 889, 890, 891, 892, 893, 894, 895, 896, 897, 898, 899, 900, 901, 902, 903, 904, 905, 906, 907, 908, 909, 398, 399, 400, 401, 402, 403, 404, 405, 406, 407, 408, 409, 410, 411, 412, 413, 414, 415, 416, 417, 418, 419, 420, 421, 422, 423, 424, 425, 426, 427, 428, 429, 430, 431, 432, 433, 434, 435, 436, 437, 438, 439, 440, 441, 442, 443, 444, 445, 446, 447, 448, 449, 450, 451, 452, 453, 454, 455, 456, 457, 458, 459, 460, 461, 462, 463, 464, 465, 466, 467, 468, 469, 470, 471, 472, 473, 474, 475, 476, 477, 478, 479, 480, 481, 482, 483, 484, 910, 911, 912, 913, 914, 915]",True,"[424, 876]","[398, 399, 400, 401, 402, 403, 404, 405, 406, 407, 408, 409, 410, 411, 412, 413, 414, 415, 416, 417, 418, 419, 420, 421, 422, 423, 424, 425, 426, 427, 428, 429, 430, 431, 432, 433, 434, 435, 436, 437, 438, 439, 440, 441, 442, 443, 444, 445, 446, 447, 448, 449, 450, 451, 452, 453, 454, 455, 456, 457, 458, 459, 460, 461, 462, 463, 464, 465, 466, 467, 468, 469, 470, 471, 472, 473, 474, 475, 476, 477, 478, 479, 480, 481, 482, 483, 484, 848, 849, 850, 851, 852, 853, 854, 855, 856, 857, 858, 859, 860, 861, 862, 863, 864, 865, 866, 867, 868, 869, 870, 871, 872, 873, 874, 875, 876, 877, 878, 879, 880, 881, 882, 883, 884, 885, 886, 887, 888, 889, 890, 891, 892, 893, 894, 895, 896, 897, 898, 899, 900, 901, 902, 903, 904, 905, 906, 907, 908, 909, 910, 911, 912, 913, 914, 915, 916, 917, 918, 919, 920, 921, 922, 923, 924, 925, 926, 927, 928, 929, 930, 931, 932, 933, 934, 935]","[424, 876]","[40, 424, 521, 876]","[89, 108, 172, 217, 221, 239, 264, 280, 321, 342, 343, 344, 345, 346, 349, 351, 352, 355, 357, 359, 364, 368, 371, 372, 373, 374, 376, 377, 387, 392, 393, 403, 409, 411, 414, 424, 430, 449, 454, 470, 480, 560, 584, 643, 685, 703, 724, 739, 779, 798, 799, 800, 801, 804, 806, 807, 810, 812, 814, 816, 821, 822, 823, 824, 826, 827, 837, 842, 843, 852, 859, 862, 865, 869, 876, 882, 897, 901, 917, 932]","[200, 270, 401, 402, 424, 427, 464, 469, 671, 729, 850, 851, 876, 879, 911, 916]",[],7/6 successful match,True,[357],True,100,False,,,,,
"Coalville , 84017 Hills ( 66 )",435-336-4421 I-80 Holiday Exit 162 ( UT 280 ),M <U+25A1>,Coalville,84017,Hills ( 66 ),435-336-4421,2007,Coalville,UT,,( UT 280 ),I-80 Holiday Exit 162 ,Exit,162,False,,False,I-80,,,,,"[424, 876]","[424, 876]","[424, 876]","[40, 424, 521, 876]","[398, 399, 400, 401, 402, 403, 404, 405, 406, 407, 408, 409, 410, 411, 412, 413, 414, 415, 416, 417, 418, 419, 420, 421, 422, 423, 424, 425, 426, 427, 428, 429, 430, 431, 432, 433, 434, 435, 436, 437, 438, 439, 440, 441, 442, 443, 444, 445, 446, 447, 448, 449, 450, 451, 452, 453, 454, 455, 456, 457, 458, 459, 460, 461, 462, 463, 464, 465, 466, 467, 468, 469, 470, 471, 472, 473, 474, 475, 476, 477, 478, 479, 480, 481, 482, 483, 484, 848, 849, 850, 851, 852, 853, 854, 855, 856, 857, 858, 859, 860, 861, 862, 863, 864, 865, 866, 867, 868, 869, 870, 871, 872, 873, 874, 875, 876, 877, 878, 879, 880, 881, 882, 883, 884, 885, 886, 887, 888, 889, 890, 891, 892, 893, 894, 895, 896, 897, 898, 899, 900, 901, 902, 903, 904, 905, 906, 907, 908, 909, 910, 911, 912, 913, 914, 915, 916, 917, 918, 919, 920, 921, 922, 923, 924, 925, 926, 927, 928, 929, 930, 931, 932, 933, 934, 935]","[89, 108, 172, 217, 221, 239, 264, 280, 321, 342, 343, 344, 345, 346, 349, 351, 352, 355, 357, 359, 364, 368, 371, 372, 373, 374, 376, 377, 387, 392, 393, 403, 409, 411, 414, 424, 430, 449, 454, 470, 480, 560, 584, 643, 685, 703, 724, 739, 779, 798, 799, 800, 801, 804, 806, 807, 810, 812, 814, 816, 821, 822, 823, 824, 826, 827, 837, 842, 843, 852, 859, 862, 865, 869, 876, 882, 897, 901, 917, 932]",[],"[200, 270, 401, 402, 424, 427, 464, 469, 671, 729, 850, 851, 876, 879, 911, 916]","[916, 917, 521, 918, 387, 919, 920, 921, 922, 923, 40, 924, 925, 560, 926, 927, 928, 929, 930, 584, 931, 932, 933, 89, 934, 935, 108, 643, 392, 372, 671, 393, 373, 172, 685, 342, 343, 703, 344, 374, 345, 200, 346, 724, 217, 729, 349, 221, 739, 351, 352, 239, 376, 355, 357, 264, 779, 377, 359, 270, 280, 798, 799, 800, 801, 804, 806, 807, 364, 810, 812, 814, 816, 821, 822, 823, 824, 826, 827, 368, 321, 837, 842, 371, 843, 848, 849, 850, 851, 852, 853, 854, 855, 856, 857, 858, 859, 860, 861, 862, 863, 864, 865, 866, 867, 868, 869, 870, 871, 872, 873, 874, 875, 876, 877, 878, 879, 880, 881, 882, 883, 884, 885, 886, 887, 888, 889, 890, 891, 892, 893, 894, 895, 896, 897, 898, 899, 900, 901, 902, 903, 904, 905, 906, 907, 908, 909, 398, 399, 400, 401, 402, 403, 404, 405, 406, 407, 408, 409, 410, 411, 412, 413, 414, 415, 416, 417, 418, 419, 420, 421, 422, 423, 424, 425, 426, 427, 428, 429, 430, 431, 432, 433, 434, 435, 436, 437, 438, 439, 440, 441, 442, 443, 444, 445, 446, 447, 448, 449, 450, 451, 452, 453, 454, 455, 456, 457, 458, 459, 460, 461, 462, 463, 464, 465, 466, 467, 468, 469, 470, 471, 472, 473, 474, 475, 476, 477, 478, 479, 480, 481, 482, 483, 484, 910, 911, 912, 913, 914, 915]",True,"[424, 876]","[398, 399, 400, 401, 402, 403, 404, 405, 406, 407, 408, 409, 410, 411, 412, 413, 414, 415, 416, 417, 418, 419, 420, 421, 422, 423, 424, 425, 426, 427, 428, 429, 430, 431, 432, 433, 434, 435, 436, 437, 438, 439, 440, 441, 442, 443, 444, 445, 446, 447, 448, 449, 450, 451, 452, 453, 454, 455, 456, 457, 458, 459, 460, 461, 462, 463, 464, 465, 466, 467, 468, 469, 470, 471, 472, 473, 474, 475, 476, 477, 478, 479, 480, 481, 482, 483, 484, 848, 849, 850, 851, 852, 853, 854, 855, 856, 857, 858, 859, 860, 861, 862, 863, 864, 865, 866, 867, 868, 869, 870, 871, 872, 873, 874, 875, 876, 877, 878, 879, 880, 881, 882, 883, 884, 885, 886, 887, 888, 889, 890, 891, 892, 893, 894, 895, 896, 897, 898, 899, 900, 901, 902, 903, 904, 905, 906, 907, 908, 909, 910, 911, 912, 913, 914, 915, 916, 917, 918, 919, 920, 921, 922, 923, 924, 925, 926, 927, 928, 929, 930, 931, 932, 933, 934, 935]","[424, 876]","[40, 424, 521, 876]","[89, 108, 172, 217, 221, 239, 264, 280, 321, 342, 343, 344, 345, 346, 349, 351, 352, 355, 357, 359, 364, 368, 371, 372, 373, 374, 376, 377, 387, 392, 393, 403, 409, 411, 414, 424, 430, 449, 454, 470, 480, 560, 584, 643, 685, 703, 724, 739, 779, 798, 799, 800, 801, 804, 806, 807, 810, 812, 814, 816, 821, 822, 823, 824, 826, 827, 837, 842, 843, 852, 859, 862, 865, 869, 876, 882, 897, 901, 917, 932]","[200, 270, 401, 402, 424, 427, 464, 469, 671, 729, 850, 851, 876, 879, 911, 916]",[],7/6 successful match,True,[357],True,100,False,,0.9916666666666667,True,Holiday Hills ( 66 ),
"D Coalville , 84017 Holiday Hills ( 66 ) )",4 435-336-4421 I-80 Exit 162 ( UT 280 ),M <U+2610> <U+2610> <U+2610>,Coalville,84017,Holiday Hills ( 66 ) ),435-336-4421,2008,Coalville,UT,,( UT 280 ),I-80 Exit 162 ,Exit,162,False,,False,I-80,,,,,"[424, 876]","[424, 876]","[424, 876]","[40, 424, 521, 876]","[398, 399, 400, 401, 402, 403, 404, 405, 406, 407, 408, 409, 410, 411, 412, 413, 414, 415, 416, 417, 418, 419, 420, 421, 422, 423, 424, 425, 426, 427, 428, 429, 430, 431, 432, 433, 434, 435, 436, 437, 438, 439, 440, 441, 442, 443, 444, 445, 446, 447, 448, 449, 450, 451, 452, 453, 454, 455, 456, 457, 458, 459, 460, 461, 462, 463, 464, 465, 466, 467, 468, 469, 470, 471, 472, 473, 474, 475, 476, 477, 478, 479, 480, 481, 482, 483, 484, 848, 849, 850, 851, 852, 853, 854, 855, 856, 857, 858, 859, 860, 861, 862, 863, 864, 865, 866, 867, 868, 869, 870, 871, 872, 873, 874, 875, 876, 877, 878, 879, 880, 881, 882, 883, 884, 885, 886, 887, 888, 889, 890, 891, 892, 893, 894, 895, 896, 897, 898, 899, 900, 901, 902, 903, 904, 905, 906, 907, 908, 909, 910, 911, 912, 913, 914, 915, 916, 917, 918, 919, 920, 921, 922, 923, 924, 925, 926, 927, 928, 929, 930, 931, 932, 933, 934, 935]","[89, 108, 172, 217, 221, 239, 264, 280, 321, 342, 343, 344, 345, 346, 349, 351, 352, 355, 357, 359, 364, 368, 371, 372, 373, 374, 376, 377, 387, 392, 393, 403, 409, 411, 414, 424, 430, 449, 454, 470, 480, 560, 584, 643, 685, 703, 724, 739, 779, 798, 799, 800, 801, 804, 806, 807, 810, 812, 814, 816, 821, 822, 823, 824, 826, 827, 837, 842, 843, 852, 859, 862, 865, 869, 876, 882, 897, 901, 917, 932]",[],"[200, 270, 401, 402, 424, 427, 464, 469, 671, 729, 850, 851, 876, 879, 911, 916]","[916, 917, 521, 918, 387, 919, 920, 921, 922, 923, 40, 924, 925, 560, 926, 927, 928, 929, 930, 584, 931, 932, 933, 89, 934, 935, 108, 643, 392, 372, 671, 393, 373, 172, 685, 342, 343, 703, 344, 374, 345, 200, 346, 724, 217, 729, 349, 221, 739, 351, 352, 239, 376, 355, 357, 264, 779, 377, 359, 270, 280, 798, 799, 800, 801, 804, 806, 807, 364, 810, 812, 814, 816, 821, 822, 823, 824, 826, 827, 368, 321, 837, 842, 371, 843, 848, 849, 850, 851, 852, 853, 854, 855, 856, 857, 858, 859, 860, 861, 862, 863, 864, 865, 866, 867, 868, 869, 870, 871, 872, 873, 874, 875, 876, 877, 878, 879, 880, 881, 882, 883, 884, 885, 886, 887, 888, 889, 890, 891, 892, 893, 894, 895, 896, 897, 898, 899, 900, 901, 902, 903, 904, 905, 906, 907, 908, 909, 398, 399, 400, 401, 402, 403, 404, 405, 406, 407, 408, 409, 410, 411, 412, 413, 414, 415, 416, 417, 418, 419, 420, 421, 422, 423, 424, 425, 426, 427, 428, 429, 430, 431, 432, 433, 434, 435, 436, 437, 438, 439, 440, 441, 442, 443, 444, 445, 446, 447, 448, 449, 450, 451, 452, 453, 454, 455, 456, 457, 458, 459, 460, 461, 462, 463, 464, 465, 466, 467, 468, 469, 470, 471, 472, 473, 474, 475, 476, 477, 478, 479, 480, 481, 482, 483, 484, 910, 911, 912, 913, 914, 915]",True,"[424, 876]","[398, 399, 400, 401, 402, 403, 404, 405, 406, 407, 408, 409, 410, 411, 412, 413, 414, 415, 416, 417, 418, 419, 420, 421, 422, 423, 424, 425, 426, 427, 428, 429, 430, 431, 432, 433, 434, 435, 436, 437, 438, 439, 440, 441, 442, 443, 444, 445, 446, 447, 448, 449, 450, 451, 452, 453, 454, 455, 456, 457, 458, 459, 460, 461, 462, 463, 464, 465, 466, 467, 468, 469, 470, 471, 472, 473, 474, 475, 476, 477, 478, 479, 480, 481, 482, 483, 484, 848, 849, 850, 851, 852, 853, 854, 855, 856, 857, 858, 859, 860, 861, 862, 863, 864, 865, 866, 867, 868, 869, 870, 871, 872, 873, 874, 875, 876, 877, 878, 879, 880, 881, 882, 883, 884, 885, 886, 887, 888, 889, 890, 891, 892, 893, 894, 895, 896, 897, 898, 899, 900, 901, 902, 903, 904, 905, 906, 907, 908, 909, 910, 911, 912, 913, 914, 915, 916, 917, 918, 919, 920, 921, 922, 923, 924, 925, 926, 927, 928, 929, 930, 931, 932, 933, 934, 935]","[424, 876]","[40, 424, 521, 876]","[89, 108, 172, 217, 221, 239, 264, 280, 321, 342, 343, 344, 345, 346, 349, 351, 352, 355, 357, 359, 364, 368, 371, 372, 373, 374, 376, 377, 387, 392, 393, 403, 409, 411, 414, 424, 430, 449, 454, 470, 480, 560, 584, 643, 685, 703, 724, 739, 779, 798, 799, 800, 801, 804, 806, 807, 810, 812, 814, 816, 821, 822, 823, 824, 826, 827, 837, 842, 843, 852, 859, 862, 865, 869, 876, 882, 897, 901, 917, 932]","[200, 270, 401, 402, 424, 427, 464, 469, 671, 729, 850, 851, 876, 879, 911, 916]",[],7/6 successful match,True,[357],True,100,False,,0.9784313725490196,True,Hills ( 66 ),
D Coalville ( 84017 ) Holiday Hills ( 66 ),435-336-4421 I-80 Exit 162 ( UT 280 ),M <U+25A1> <U+2610>,Coalville,84017,Holiday Hills ( 66 ),435-336-4421,2014,Coalville,UT,,( UT 280 ),I-80 Exit 162 ,Exit,162,False,,False,I-80,,,,,"[424, 876]","[424, 876]","[424, 876]","[40, 424, 521, 876]","[398, 399, 400, 401, 402, 403, 404, 405, 406, 407, 408, 409, 410, 411, 412, 413, 414, 415, 416, 417, 418, 419, 420, 421, 422, 423, 424, 425, 426, 427, 428, 429, 430, 431, 432, 433, 434, 435, 436, 437, 438, 439, 440, 441, 442, 443, 444, 445, 446, 447, 448, 449, 450, 451, 452, 453, 454, 455, 456, 457, 458, 459, 460, 461, 462, 463, 464, 465, 466, 467, 468, 469, 470, 471, 472, 473, 474, 475, 476, 477, 478, 479, 480, 481, 482, 483, 484, 848, 849, 850, 851, 852, 853, 854, 855, 856, 857, 858, 859, 860, 861, 862, 863, 864, 865, 866, 867, 868, 869, 870, 871, 872, 873, 874, 875, 876, 877, 878, 879, 880, 881, 882, 883, 884, 885, 886, 887, 888, 889, 890, 891, 892, 893, 894, 895, 896, 897, 898, 899, 900, 901, 902, 903, 904, 905, 906, 907, 908, 909, 910, 911, 912, 913, 914, 915, 916, 917, 918, 919, 920, 921, 922, 923, 924, 925, 926, 927, 928, 929, 930, 931, 932, 933, 934, 935]","[89, 108, 172, 217, 221, 239, 264, 280, 321, 342, 343, 344, 345, 346, 349, 351, 352, 355, 357, 359, 364, 368, 371, 372, 373, 374, 376, 377, 387, 392, 393, 403, 409, 411, 414, 424, 430, 449, 454, 470, 480, 560, 584, 643, 685, 703, 724, 739, 779, 798, 799, 800, 801, 804, 806, 807, 810, 812, 814, 816, 821, 822, 823, 824, 826, 827, 837, 842, 843, 852, 859, 862, 865, 869, 876, 882, 897, 901, 917, 932]",[],"[200, 270, 401, 402, 424, 427, 464, 469, 671, 729, 850, 851, 876, 879, 911, 916]","[916, 917, 521, 918, 387, 919, 920, 921, 922, 923, 40, 924, 925, 560, 926, 927, 928, 929, 930, 584, 931, 932, 933, 89, 934, 935, 108, 643, 392, 372, 671, 393, 373, 172, 685, 342, 343, 703, 344, 374, 345, 200, 346, 724, 217, 729, 349, 221, 739, 351, 352, 239, 376, 355, 357, 264, 779, 377, 359, 270, 280, 798, 799, 800, 801, 804, 806, 807, 364, 810, 812, 814, 816, 821, 822, 823, 824, 826, 827, 368, 321, 837, 842, 371, 843, 848, 849, 850, 851, 852, 853, 854, 855, 856, 857, 858, 859, 860, 861, 862, 863, 864, 865, 866, 867, 868, 869, 870, 871, 872, 873, 874, 875, 876, 877, 878, 879, 880, 881, 882, 883, 884, 885, 886, 887, 888, 889, 890, 891, 892, 893, 894, 895, 896, 897, 898, 899, 900, 901, 902, 903, 904, 905, 906, 907, 908, 909, 398, 399, 400, 401, 402, 403, 404, 405, 406, 407, 408, 409, 410, 411, 412, 413, 414, 415, 416, 417, 418, 419, 420, 421, 422, 423, 424, 425, 426, 427, 428, 429, 430, 431, 432, 433, 434, 435, 436, 437, 438, 439, 440, 441, 442, 443, 444, 445, 446, 447, 448, 449, 450, 451, 452, 453, 454, 455, 456, 457, 458, 459, 460, 461, 462, 463, 464, 465, 466, 467, 468, 469, 470, 471, 472, 473, 474, 475, 476, 477, 478, 479, 480, 481, 482, 483, 484, 910, 911, 912, 913, 914, 915]",True,"[424, 876]","[398, 399, 400, 401, 402, 403, 404, 405, 406, 407, 408, 409, 410, 411, 412, 413, 414, 415, 416, 417, 418, 419, 420, 421, 422, 423, 424, 425, 426, 427, 428, 429, 430, 431, 432, 433, 434, 435, 436, 437, 438, 439, 440, 441, 442, 443, 444, 445, 446, 447, 448, 449, 450, 451, 452, 453, 454, 455, 456, 457, 458, 459, 460, 461, 462, 463, 464, 465, 466, 467, 468, 469, 470, 471, 472, 473, 474, 475, 476, 477, 478, 479, 480, 481, 482, 483, 484, 848, 849, 850, 851, 852, 853, 854, 855, 856, 857, 858, 859, 860, 861, 862, 863, 864, 865, 866, 867, 868, 869, 870, 871, 872, 873, 874, 875, 876, 877, 878, 879, 880, 881, 882, 883, 884, 885, 886, 887, 888, 889, 890, 891, 892, 893, 894, 895, 896, 897, 898, 899, 900, 901, 902, 903, 904, 905, 906, 907, 908, 909, 910, 911, 912, 913, 914, 915, 916, 917, 918, 919, 920, 921, 922, 923, 924, 925, 926, 927, 928, 929, 930, 931, 932, 933, 934, 935]","[424, 876]","[40, 424, 521, 876]","[89, 108, 172, 217, 221, 239, 264, 280, 321, 342, 343, 344, 345, 346, 349, 351, 352, 355, 357, 359, 364, 368, 371, 372, 373, 374, 376, 377, 387, 392, 393, 403, 409, 411, 414, 424, 430, 449, 454, 470, 480, 560, 584, 643, 685, 703, 724, 739, 779, 798, 799, 800, 801, 804, 806, 807, 810, 812, 814, 816, 821, 822, 823, 824, 826, 827, 837, 842, 843, 852, 859, 862, 865, 869, 876, 882, 897, 901, 917, 932]","[200, 270, 401, 402, 424, 427, 464, 469, 671, 729, 850, 851, 876, 879, 911, 916]",[],7/6 successful match,True,[357],True,100,False,,1.0,True,Holiday Hills ( 66 ) ),
D Coalville ( 84017 ) Holiday Hills ( 66 ),4 435-336-4421 I-80 Exit 162 ( UT 280 ),D M <U+25A1> D D,Coalville,84017,Holiday Hills ( 66 ),435-336-4421,2015,Coalville,UT,,( UT 280 ),I-80 Exit 162 ,Exit,162,False,,False,I-80,,,,,"[424, 876]","[424, 876]","[424, 876]","[40, 424, 521, 876]","[398, 399, 400, 401, 402, 403, 404, 405, 406, 407, 408, 409, 410, 411, 412, 413, 414, 415, 416, 417, 418, 419, 420, 421, 422, 423, 424, 425, 426, 427, 428, 429, 430, 431, 432, 433, 434, 435, 436, 437, 438, 439, 440, 441, 442, 443, 444, 445, 446, 447, 448, 449, 450, 451, 452, 453, 454, 455, 456, 457, 458, 459, 460, 461, 462, 463, 464, 465, 466, 467, 468, 469, 470, 471, 472, 473, 474, 475, 476, 477, 478, 479, 480, 481, 482, 483, 484, 848, 849, 850, 851, 852, 853, 854, 855, 856, 857, 858, 859, 860, 861, 862, 863, 864, 865, 866, 867, 868, 869, 870, 871, 872, 873, 874, 875, 876, 877, 878, 879, 880, 881, 882, 883, 884, 885, 886, 887, 888, 889, 890, 891, 892, 893, 894, 895, 896, 897, 898, 899, 900, 901, 902, 903, 904, 905, 906, 907, 908, 909, 910, 911, 912, 913, 914, 915, 916, 917, 918, 919, 920, 921, 922, 923, 924, 925, 926, 927, 928, 929, 930, 931, 932, 933, 934, 935]","[89, 108, 172, 217, 221, 239, 264, 280, 321, 342, 343, 344, 345, 346, 349, 351, 352, 355, 357, 359, 364, 368, 371, 372, 373, 374, 376, 377, 387, 392, 393, 403, 409, 411, 414, 424, 430, 449, 454, 470, 480, 560, 584, 643, 685, 703, 724, 739, 779, 798, 799, 800, 801, 804, 806, 807, 810, 812, 814, 816, 821, 822, 823, 824, 826, 827, 837, 842, 843, 852, 859, 862, 865, 869, 876, 882, 897, 901, 917, 932]",[],"[200, 270, 401, 402, 424, 427, 464, 469, 671, 729, 850, 851, 876, 879, 911, 916]","[916, 917, 521, 918, 387, 919, 920, 921, 922, 923, 40, 924, 925, 560, 926, 927, 928, 929, 930, 584, 931, 932, 933, 89, 934, 935, 108, 643, 392, 372, 671, 393, 373, 172, 685, 342, 343, 703, 344, 374, 345, 200, 346, 724, 217, 729, 349, 221, 739, 351, 352, 239, 376, 355, 357, 264, 779, 377, 359, 270, 280, 798, 799, 800, 801, 804, 806, 807, 364, 810, 812, 814, 816, 821, 822, 823, 824, 826, 827, 368, 321, 837, 842, 371, 843, 848, 849, 850, 851, 852, 853, 854, 855, 856, 857, 858, 859, 860, 861, 862, 863, 864, 865, 866, 867, 868, 869, 870, 871, 872, 873, 874, 875, 876, 877, 878, 879, 880, 881, 882, 883, 884, 885, 886, 887, 888, 889, 890, 891, 892, 893, 894, 895, 896, 897, 898, 899, 900, 901, 902, 903, 904, 905, 906, 907, 908, 909, 398, 399, 400, 401, 402, 403, 404, 405, 406, 407, 408, 409, 410, 411, 412, 413, 414, 415, 416, 417, 418, 419, 420, 421, 422, 423, 424, 425, 426, 427, 428, 429, 430, 431, 432, 433, 434, 435, 436, 437, 438, 439, 440, 441, 442, 443, 444, 445, 446, 447, 448, 449, 450, 451, 452, 453, 454, 455, 456, 457, 458, 459, 460, 461, 462, 463, 464, 465, 466, 467, 468, 469, 470, 471, 472, 473, 474, 475, 476, 477, 478, 479, 480, 481, 482, 483, 484, 910, 911, 912, 913, 914, 915]",True,"[424, 876]","[398, 399, 400, 401, 402, 403, 404, 405, 406, 407, 408, 409, 410, 411, 412, 413, 414, 415, 416, 417, 418, 419, 420, 421, 422, 423, 424, 425, 426, 427, 428, 429, 430, 431, 432, 433, 434, 435, 436, 437, 438, 439, 440, 441, 442, 443, 444, 445, 446, 447, 448, 449, 450, 451, 452, 453, 454, 455, 456, 457, 458, 459, 460, 461, 462, 463, 464, 465, 466, 467, 468, 469, 470, 471, 472, 473, 474, 475, 476, 477, 478, 479, 480, 481, 482, 483, 484, 848, 849, 850, 851, 852, 853, 854, 855, 856, 857, 858, 859, 860, 861, 862, 863, 864, 865, 866, 867, 868, 869, 870, 871, 872, 873, 874, 875, 876, 877, 878, 879, 880, 881, 882, 883, 884, 885, 886, 887, 888, 889, 890, 891, 892, 893, 894, 895, 896, 897, 898, 899, 900, 901, 902, 903, 904, 905, 906, 907, 908, 909, 910, 911, 912, 913, 914, 915, 916, 917, 918, 919, 920, 921, 922, 923, 924, 925, 926, 927, 928, 929, 930, 931, 932, 933, 934, 935]","[424, 876]","[40, 424, 521, 876]","[89, 108, 172, 217, 221, 239, 264, 280, 321, 342, 343, 344, 345, 346, 349, 351, 352, 355, 357, 359, 364, 368, 371, 372, 373, 374, 376, 377, 387, 392, 393, 403, 409, 411, 414, 424, 430, 449, 454, 470, 480, 560, 584, 643, 685, 703, 724, 739, 779, 798, 799, 800, 801, 804, 806, 807, 810, 812, 814, 816, 821, 822, 823, 824, 826, 827, 837, 842, 843, 852, 859, 862, 865, 869, 876, 882, 897, 901, 917, 932]","[200, 270, 401, 402, 424, 427, 464, 469, 671, 729, 850, 851, 876, 879, 911, 916]",[],7/6 successful match,True,[357],True,100,False,,1.0,True,Holiday Hills ( 66 ),
D Coalville ( 84017 ) Holiday Hills ( 66 ),4 435-336-4421 I-80 Exit 162 ( UT 280 ),<U+25A1> <U+2610> <U+2610> <U+2610> <U+2610>,Coalville,84017,Holiday Hills ( 66 ),435-336-4421,2016,Coalville,UT,,( UT 280 ),I-80 Exit 162 ,Exit,162,False,,False,I-80,,,,,"[424, 876]","[424, 876]","[424, 876]","[40, 424, 521, 876]","[398, 399, 400, 401, 402, 403, 404, 405, 406, 407, 408, 409, 410, 411, 412, 413, 414, 415, 416, 417, 418, 419, 420, 421, 422, 423, 424, 425, 426, 427, 428, 429, 430, 431, 432, 433, 434, 435, 436, 437, 438, 439, 440, 441, 442, 443, 444, 445, 446, 447, 448, 449, 450, 451, 452, 453, 454, 455, 456, 457, 458, 459, 460, 461, 462, 463, 464, 465, 466, 467, 468, 469, 470, 471, 472, 473, 474, 475, 476, 477, 478, 479, 480, 481, 482, 483, 484, 848, 849, 850, 851, 852, 853, 854, 855, 856, 857, 858, 859, 860, 861, 862, 863, 864, 865, 866, 867, 868, 869, 870, 871, 872, 873, 874, 875, 876, 877, 878, 879, 880, 881, 882, 883, 884, 885, 886, 887, 888, 889, 890, 891, 892, 893, 894, 895, 896, 897, 898, 899, 900, 901, 902, 903, 904, 905, 906, 907, 908, 909, 910, 911, 912, 913, 914, 915, 916, 917, 918, 919, 920, 921, 922, 923, 924, 925, 926, 927, 928, 929, 930, 931, 932, 933, 934, 935]","[89, 108, 172, 217, 221, 239, 264, 280, 321, 342, 343, 344, 345, 346, 349, 351, 352, 355, 357, 359, 364, 368, 371, 372, 373, 374, 376, 377, 387, 392, 393, 403, 409, 411, 414, 424, 430, 449, 454, 470, 480, 560, 584, 643, 685, 703, 724, 739, 779, 798, 799, 800, 801, 804, 806, 807, 810, 812, 814, 816, 821, 822, 823, 824, 826, 827, 837, 842, 843, 852, 859, 862, 865, 869, 876, 882, 897, 901, 917, 932]",[],"[200, 270, 401, 402, 424, 427, 464, 469, 671, 729, 850, 851, 876, 879, 911, 916]","[916, 917, 521, 918, 387, 919, 920, 921, 922, 923, 40, 924, 925, 560, 926, 927, 928, 929, 930, 584, 931, 932, 933, 89, 934, 935, 108, 643, 392, 372, 671, 393, 373, 172, 685, 342, 343, 703, 344, 374, 345, 200, 346, 724, 217, 729, 349, 221, 739, 351, 352, 239, 376, 355, 357, 264, 779, 377, 359, 270, 280, 798, 799, 800, 801, 804, 806, 807, 364, 810, 812, 814, 816, 821, 822, 823, 824, 826, 827, 368, 321, 837, 842, 371, 843, 848, 849, 850, 851, 852, 853, 854, 855, 856, 857, 858, 859, 860, 861, 862, 863, 864, 865, 866, 867, 868, 869, 870, 871, 872, 873, 874, 875, 876, 877, 878, 879, 880, 881, 882, 883, 884, 885, 886, 887, 888, 889, 890, 891, 892, 893, 894, 895, 896, 897, 898, 899, 900, 901, 902, 903, 904, 905, 906, 907, 908, 909, 398, 399, 400, 401, 402, 403, 404, 405, 406, 407, 408, 409, 410, 411, 412, 413, 414, 415, 416, 417, 418, 419, 420, 421, 422, 423, 424, 425, 426, 427, 428, 429, 430, 431, 432, 433, 434, 435, 436, 437, 438, 439, 440, 441, 442, 443, 444, 445, 446, 447, 448, 449, 450, 451, 452, 453, 454, 455, 456, 457, 458, 459, 460, 461, 462, 463, 464, 465, 466, 467, 468, 469, 470, 471, 472, 473, 474, 475, 476, 477, 478, 479, 480, 481, 482, 483, 484, 910, 911, 912, 913, 914, 915]",True,"[424, 876]","[398, 399, 400, 401, 402, 403, 404, 405, 406, 407, 408, 409, 410, 411, 412, 413, 414, 415, 416, 417, 418, 419, 420, 421, 422, 423, 424, 425, 426, 427, 428, 429, 430, 431, 432, 433, 434, 435, 436, 437, 438, 439, 440, 441, 442, 443, 444, 445, 446, 447, 448, 449, 450, 451, 452, 453, 454, 455, 456, 457, 458, 459, 460, 461, 462, 463, 464, 465, 466, 467, 468, 469, 470, 471, 472, 473, 474, 475, 476, 477, 478, 479, 480, 481, 482, 483, 484, 848, 849, 850, 851, 852, 853, 854, 855, 856, 857, 858, 859, 860, 861, 862, 863, 864, 865, 866, 867, 868, 869, 870, 871, 872, 873, 874, 875, 876, 877, 878, 879, 880, 881, 882, 883, 884, 885, 886, 887, 888, 889, 890, 891, 892, 893, 894, 895, 896, 897, 898, 899, 900, 901, 902, 903, 904, 905, 906, 907, 908, 909, 910, 911, 912, 913, 914, 915, 916, 917, 918, 919, 920, 921, 922, 923, 924, 925, 926, 927, 928, 929, 930, 931, 932, 933, 934, 935]","[424, 876]","[40, 424, 521, 876]","[89, 108, 172, 217, 221, 239, 264, 280, 321, 342, 343, 344, 345, 346, 349, 351, 352, 355, 357, 359, 364, 368, 371, 372, 373, 374, 376, 377, 387, 392, 393, 403, 409, 411, 414, 424, 430, 449, 454, 470, 480, 560, 584, 643, 685, 703, 724, 739, 779, 798, 799, 800, 801, 804, 806, 807, 810, 812, 814, 816, 821, 822, 823, 824, 826, 827, 837, 842, 843, 852, 859, 862, 865, 869, 876, 882, 897, 901, 917, 932]","[200, 270, 401, 402, 424, 427, 464, 469, 671, 729, 850, 851, 876, 879, 911, 916]",[],7/6 successful match,True,[357],True,100,False,,1.0,True,Holiday Hills ( 66 ),
"E Heber City , 84032 Heber Mart ( Chevron )",435-654-4642 US 40 & US 189 ( 1/2 mi E ),<U+2610> 000,Heber City,84032,Heber Mart ( Chevron ),435-654-4642,2006,Heber City,UT,Chevron,( 1/2 mi E ),US 40 & US 189,empty,,False,,False,US 40,US 189,,,,"[426, 878]","[426, 455, 878, 902]","[426, 455, 878, 902]",[],"[398, 399, 400, 401, 402, 403, 404, 405, 406, 407, 408, 409, 410, 411, 412, 413, 414, 415, 416, 417, 418, 419, 420, 421, 422, 423, 424, 425, 426, 427, 428, 429, 430, 431, 432, 433, 434, 435, 436, 437, 438, 439, 440, 441, 442, 443, 444, 445, 446, 447, 448, 449, 450, 451, 452, 453, 454, 455, 456, 457, 458, 459, 460, 461, 462, 463, 464, 465, 466, 467, 468, 469, 470, 471, 472, 473, 474, 475, 476, 477, 478, 479, 480, 481, 482, 483, 484, 848, 849, 850, 851, 852, 853, 854, 855, 856, 857, 858, 859, 860, 861, 862, 863, 864, 865, 866, 867, 868, 869, 870, 871, 872, 873, 874, 875, 876, 877, 878, 879, 880, 881, 882, 883, 884, 885, 886, 887, 888, 889, 890, 891, 892, 893, 894, 895, 896, 897, 898, 899, 900, 901, 902, 903, 904, 905, 906, 907, 908, 909, 910, 911, 912, 913, 914, 915, 916, 917, 918, 919, 920, 921, 922, 923, 924, 925, 926, 927, 928, 929, 930, 931, 932, 933, 934, 935]","[4, 11, 18, 21, 23, 26, 27, 28, 31, 35, 36, 43, 45, 52, 55, 56, 60, 62, 64, 70, 71, 80, 90, 94, 97, 102, 183, 197, 232, 334, 426, 455, 472, 477, 478, 480, 483, 484, 490, 496, 505, 507, 509, 510, 511, 514, 516, 517, 523, 525, 529, 532, 533, 536, 538, 545, 546, 552, 561, 565, 568, 573, 654, 668, 696, 790, 857, 878, 902, 919, 928, 929, 932, 934, 935]","[12, 24, 25, 28, 88, 100, 104, 119, 123, 129, 136, 137, 139, 140, 141, 148, 155, 169, 172, 179, 183, 185, 188, 196, 198, 217, 237, 267, 270, 278, 319, 321, 324, 325, 330, 334, 335, 354, 366, 369, 380, 383, 384, 386, 395, 407, 411, 423, 428, 436, 437, 452, 453, 456, 467, 471, 477, 478, 479, 497, 508, 511, 559, 571, 575, 590, 594, 600, 607, 608, 610, 611, 612, 619, 627, 640, 643, 650, 654, 656, 659, 667, 669, 685, 701, 726, 729, 737, 777, 779, 782, 783, 787, 790, 791, 809, 817, 819, 830, 833, 834, 836, 845, 856, 857, 860, 862, 875, 880, 887, 888, 899, 900, 914, 918, 921, 928, 929, 930]","[12, 24, 25, 28, 88, 100, 104, 119, 123, 129, 136, 137, 139, 140, 141, 148, 155, 169, 172, 179, 183, 185, 188, 196, 198, 217, 237, 267, 270, 278, 319, 321, 324, 325, 330, 334, 335, 354, 366, 369, 380, 383, 384, 386, 395, 407, 411, 423, 428, 436, 437, 452, 453, 456, 467, 471, 477, 478, 479, 497, 508, 511, 559, 571, 575, 590, 594, 600, 607, 608, 610, 611, 612, 619, 627, 640, 643, 650, 654, 656, 659, 667, 669, 685, 701, 726, 729, 737, 777, 779, 782, 783, 787, 790, 791, 809, 817, 819, 830, 833, 834, 836, 845, 856, 857, 860, 862, 875, 880, 887, 888, 899, 900, 914, 918, 921, 928, 929, 930]","[4, 11, 12, 18, 21, 23, 24, 25, 26, 27, 28, 31, 35, 36, 43, 45, 52, 55, 56, 60, 62, 64, 70, 71, 80, 88, 90, 94, 97, 100, 102, 104, 119, 123, 129, 136, 137, 139, 140, 141, 148, 155, 169, 172, 179, 183, 185, 188, 196, 197, 198, 217, 232, 237, 267, 270, 278, 319, 321, 324, 325, 330, 334, 335, 354, 366, 369, 380, 383, 384, 386, 395, 398, 399, 400, 401, 402, 403, 404, 405, 406, 407, 408, 409, 410, 411, 412, 413, 414, 415, 416, 417, 418, 419, 420, 421, 422, 423, 424, 425, 426, 427, 428, 429, 430, 431, 432, 433, 434, 435, 436, 437, 438, 439, 440, 441, 442, 443, 444, 445, 446, 447, 448, 449, 450, 451, 452, 453, 454, 455, 456, 457, 458, 459, 460, 461, 462, 463, 464, 465, 466, 467, 468, 469, 470, 471, 472, 473, 474, 475, 476, 477, 478, 479, 480, 481, 482, 483, 484, 490, 496, 497, 505, 507, 508, 509, 510, 511, 514, 516, 517, 523, 525, 529, 532, 533, 536, 538, 545, 546, 552, 559, 561, 565, 568, 571, 573, 575, 590, 594, 600, 607, 608, 610, 611, 612, 619, 627, 640, 643, 650, 654, 656, 659, 667, 668, 669, 685, 696, 701, 726, 729, 737, 777, 779, 782, 783, 787, 790, 791, 809, 817, 819, 830, 833, 834, 836, 845, 848, 849, 850, 851, 852, 853, 854, 855, 856, 857, 858, 859, 860, 861, 862, 863, 864, 865, 866, 867, 868, 869, 870, 871, 872, 873, 874, 875, 876, 877, 878, 879, 880, 881, 882, 883, 884, 885, 886, 887, 888, 889, 890, 891, 892, 893, 894, 895, 896, 897, 898, 899, 900, 901, 902, 903, 904, 905, 906, 907, 908, 909, 910, 911, 912, 913, 914, 915, 916, 917, 918, 919, 920, 921, 922, 923, 924, 925, 926, 927, 928, 929, 930, 931, 932, 933, 934, 935]",True,"[426, 455, 878, 902]","[398, 399, 400, 401, 402, 403, 404, 405, 406, 407, 408, 409, 410, 411, 412, 413, 414, 415, 416, 417, 418, 419, 420, 421, 422, 423, 424, 425, 426, 427, 428, 429, 430, 431, 432, 433, 434, 435, 436, 437, 438, 439, 440, 441, 442, 443, 444, 445, 446, 447, 448, 449, 450, 451, 452, 453, 454, 455, 456, 457, 458, 459, 460, 461, 462, 463, 464, 465, 466, 467, 468, 469, 470, 471, 472, 473, 474, 475, 476, 477, 478, 479, 480, 481, 482, 483, 484, 848, 849, 850, 851, 852, 853, 854, 855, 856, 857, 858, 859, 860, 861, 862, 863, 864, 865, 866, 867, 868, 869, 870, 871, 872, 873, 874, 875, 876, 877, 878, 879, 880, 881, 882, 883, 884, 885, 886, 887, 888, 889, 890, 891, 892, 893, 894, 895, 896, 897, 898, 899, 900, 901, 902, 903, 904, 905, 906, 907, 908, 909, 910, 911, 912, 913, 914, 915, 916, 917, 918, 919, 920, 921, 922, 923, 924, 925, 926, 927, 928, 929, 930, 931, 932, 933, 934, 935]","[426, 455, 878, 902]",[],"[4, 11, 18, 21, 23, 26, 27, 28, 31, 35, 36, 43, 45, 52, 55, 56, 60, 62, 64, 70, 71, 80, 90, 94, 97, 102, 183, 197, 232, 334, 426, 455, 472, 477, 478, 480, 483, 484, 490, 496, 505, 507, 509, 510, 511, 514, 516, 517, 523, 525, 529, 532, 533, 536, 538, 545, 546, 552, 561, 565, 568, 573, 654, 668, 696, 790, 857, 878, 902, 919, 928, 929, 932, 934, 935]","[12, 24, 25, 28, 88, 100, 104, 119, 123, 129, 136, 137, 139, 140, 141, 148, 155, 169, 172, 179, 183, 185, 188, 196, 198, 217, 237, 267, 270, 278, 319, 321, 324, 325, 330, 334, 335, 354, 366, 369, 380, 383, 384, 386, 395, 407, 411, 423, 428, 436, 437, 452, 453, 456, 467, 471, 477, 478, 479, 497, 508, 511, 559, 571, 575, 590, 594, 600, 607, 608, 610, 611, 612, 619, 627, 640, 643, 650, 654, 656, 659, 667, 669, 685, 701, 726, 729, 737, 777, 779, 782, 783, 787, 790, 791, 809, 817, 819, 830, 833, 834, 836, 845, 856, 857, 860, 862, 875, 880, 887, 888, 899, 900, 914, 918, 921, 928, 929, 930]","[12, 24, 25, 28, 88, 100, 104, 119, 123, 129, 136, 137, 139, 140, 141, 148, 155, 169, 172, 179, 183, 185, 188, 196, 198, 217, 237, 267, 270, 278, 319, 321, 324, 325, 330, 334, 335, 354, 366, 369, 380, 383, 384, 386, 395, 407, 411, 423, 428, 436, 437, 452, 453, 456, 467, 471, 477, 478, 479, 497, 508, 511, 559, 571, 575, 590, 594, 600, 607, 608, 610, 611, 612, 619, 627, 640, 643, 650, 654, 656, 659, 667, 669, 685, 701, 726, 729, 737, 777, 779, 782, 783, 787, 790, 791, 809, 817, 819, 830, 833, 834, 836, 845, 856, 857, 860, 862, 875, 880, 887, 888, 899, 900, 914, 918, 921, 928, 929, 930]",5/6 successful match,True,,False,101,False,,,,,
Heber Mart ( Chevron ),"FHeber 4435-654-4642 City , 84032 US 40 & US 189 ( 1/2 mi E )",0000 n,,84032,,435-654-4642,2007,Heber City,UT,,( 1/2 mi E ),US 40 & US 189,empty,,False,,False,US 40,US 189,,,,"[426, 878]","[426, 455, 878, 902]","[426, 455, 878, 902]",[],"[398, 399, 400, 401, 402, 403, 404, 405, 406, 407, 408, 409, 410, 411, 412, 413, 414, 415, 416, 417, 418, 419, 420, 421, 422, 423, 424, 425, 426, 427, 428, 429, 430, 431, 432, 433, 434, 435, 436, 437, 438, 439, 440, 441, 442, 443, 444, 445, 446, 447, 448, 449, 450, 451, 452, 453, 454, 455, 456, 457, 458, 459, 460, 461, 462, 463, 464, 465, 466, 467, 468, 469, 470, 471, 472, 473, 474, 475, 476, 477, 478, 479, 480, 481, 482, 483, 484, 848, 849, 850, 851, 852, 853, 854, 855, 856, 857, 858, 859, 860, 861, 862, 863, 864, 865, 866, 867, 868, 869, 870, 871, 872, 873, 874, 875, 876, 877, 878, 879, 880, 881, 882, 883, 884, 885, 886, 887, 888, 889, 890, 891, 892, 893, 894, 895, 896, 897, 898, 899, 900, 901, 902, 903, 904, 905, 906, 907, 908, 909, 910, 911, 912, 913, 914, 915, 916, 917, 918, 919, 920, 921, 922, 923, 924, 925, 926, 927, 928, 929, 930, 931, 932, 933, 934, 935]","[4, 11, 18, 21, 23, 26, 27, 28, 31, 35, 36, 43, 45, 52, 55, 56, 60, 62, 64, 70, 71, 80, 90, 94, 97, 102, 183, 197, 232, 334, 426, 455, 472, 477, 478, 480, 483, 484, 490, 496, 505, 507, 509, 510, 511, 514, 516, 517, 523, 525, 529, 532, 533, 536, 538, 545, 546, 552, 561, 565, 568, 573, 654, 668, 696, 790, 857, 878, 902, 919, 928, 929, 932, 934, 935]",[],[],"[916, 514, 4, 516, 917, 517, 918, 11, 523, 525, 919, 529, 18, 532, 920, 21, 23, 533, 536, 921, 26, 27, 28, 538, 922, 31, 545, 546, 35, 923, 36, 552, 924, 43, 45, 925, 561, 926, 52, 565, 55, 927, 56, 568, 60, 573, 928, 62, 64, 929, 70, 71, 930, 931, 80, 932, 933, 90, 934, 94, 935, 97, 102, 654, 668, 183, 696, 197, 232, 790, 334, 848, 849, 850, 851, 852, 853, 854, 855, 856, 857, 858, 859, 860, 861, 862, 863, 864, 865, 866, 867, 868, 869, 870, 871, 872, 873, 874, 875, 876, 877, 878, 879, 880, 881, 882, 883, 884, 885, 886, 887, 888, 889, 890, 891, 892, 893, 894, 895, 896, 897, 898, 899, 900, 901, 902, 903, 904, 905, 906, 907, 908, 909, 398, 399, 400, 401, 402, 403, 404, 405, 406, 407, 408, 409, 410, 411, 412, 413, 414, 415, 416, 417, 418, 419, 420, 421, 422, 423, 424, 425, 426, 427, 428, 429, 430, 431, 432, 433, 434, 435, 436, 437, 438, 439, 440, 441, 442, 443, 444, 445, 446, 447, 448, 449, 450, 451, 452, 453, 454, 455, 456, 457, 458, 459, 460, 461, 462, 463, 464, 465, 466, 467, 468, 469, 470, 471, 472, 473, 474, 475, 476, 477, 478, 479, 480, 481, 482, 483, 484, 910, 911, 490, 912, 496, 913, 914, 505, 507, 915, 509, 510, 511]",True,"[426, 455, 878, 902]","[398, 399, 400, 401, 402, 403, 404, 405, 406, 407, 408, 409, 410, 411, 412, 413, 414, 415, 416, 417, 418, 419, 420, 421, 422, 423, 424, 425, 426, 427, 428, 429, 430, 431, 432, 433, 434, 435, 436, 437, 438, 439, 440, 441, 442, 443, 444, 445, 446, 447, 448, 449, 450, 451, 452, 453, 454, 455, 456, 457, 458, 459, 460, 461, 462, 463, 464, 465, 466, 467, 468, 469, 470, 471, 472, 473, 474, 475, 476, 477, 478, 479, 480, 481, 482, 483, 484, 848, 849, 850, 851, 852, 853, 854, 855, 856, 857, 858, 859, 860, 861, 862, 863, 864, 865, 866, 867, 868, 869, 870, 871, 872, 873, 874, 875, 876, 877, 878, 879, 880, 881, 882, 883, 884, 885, 886, 887, 888, 889, 890, 891, 892, 893, 894, 895, 896, 897, 898, 899, 900, 901, 902, 903, 904, 905, 906, 907, 908, 909, 910, 911, 912, 913, 914, 915, 916, 917, 918, 919, 920, 921, 922, 923, 924, 925, 926, 927, 928, 929, 930, 931, 932, 933, 934, 935]","[426, 455, 878, 902]",[],"[4, 11, 18, 21, 23, 26, 27, 28, 31, 35, 36, 43, 45, 52, 55, 56, 60, 62, 64, 70, 71, 80, 90, 94, 97, 102, 183, 197, 232, 334, 426, 455, 472, 477, 478, 480, 483, 484, 490, 496, 505, 507, 509, 510, 511, 514, 516, 517, 523, 525, 529, 532, 533, 536, 538, 545, 546, 552, 561, 565, 568, 573, 654, 668, 696, 790, 857, 878, 902, 919, 928, 929, 932, 934, 935]",[],[],7/6 successful match,True,,False,101,True,2007,0.0,True,Heber Mart ( Chevron ),Chevron
"Heber City , 84032 K & T's Last Stop ( Chevron )",435-654-4642 1590 US 40 S ( 1/2 mi S of jct US 189 ),) <U+2610> 0 <U+2610> <U+2610>,Heber City,84032,K & T's Last Stop ( Chevron ),435-654-4642,2008,Heber City,UT,Chevron,( 1/2 mi S of jct US 189 ),1590 US 40 S,Proper,,False,,False,US 40,,,,,"[426, 878]","[426, 455, 878, 902]","[426, 455, 878, 902]",[],"[398, 399, 400, 401, 402, 403, 404, 405, 406, 407, 408, 409, 410, 411, 412, 413, 414, 415, 416, 417, 418, 419, 420, 421, 422, 423, 424, 425, 426, 427, 428, 429, 430, 431, 432, 433, 434, 435, 436, 437, 438, 439, 440, 441, 442, 443, 444, 445, 446, 447, 448, 449, 450, 451, 452, 453, 454, 455, 456, 457, 458, 459, 460, 461, 462, 463, 464, 465, 466, 467, 468, 469, 470, 471, 472, 473, 474, 475, 476, 477, 478, 479, 480, 481, 482, 483, 484, 848, 849, 850, 851, 852, 853, 854, 855, 856, 857, 858, 859, 860, 861, 862, 863, 864, 865, 866, 867, 868, 869, 870, 871, 872, 873, 874, 875, 876, 877, 878, 879, 880, 881, 882, 883, 884, 885, 886, 887, 888, 889, 890, 891, 892, 893, 894, 895, 896, 897, 898, 899, 900, 901, 902, 903, 904, 905, 906, 907, 908, 909, 910, 911, 912, 913, 914, 915, 916, 917, 918, 919, 920, 921, 922, 923, 924, 925, 926, 927, 928, 929, 930, 931, 932, 933, 934, 935]","[4, 11, 18, 21, 23, 26, 27, 28, 31, 35, 36, 43, 45, 52, 55, 56, 60, 62, 64, 70, 71, 80, 90, 94, 97, 183, 197, 232, 334, 426, 455, 472, 477, 478, 480, 483, 484, 490, 496, 505, 507, 509, 510, 511, 514, 516, 517, 523, 525, 529, 532, 533, 536, 538, 545, 546, 552, 561, 565, 568, 654, 668, 696, 790, 857, 878, 902, 919, 928, 929, 932, 934, 935]","[12, 24, 25, 28, 88, 100, 104, 119, 123, 129, 136, 137, 139, 140, 141, 148, 155, 169, 172, 179, 183, 185, 188, 196, 198, 217, 237, 267, 270, 278, 319, 321, 324, 325, 330, 334, 335, 354, 366, 369, 380, 383, 384, 386, 395, 407, 411, 423, 428, 436, 437, 452, 453, 456, 467, 471, 477, 478, 479, 497, 508, 511, 559, 571, 575, 590, 594, 600, 607, 608, 610, 611, 612, 619, 627, 640, 643, 650, 654, 656, 659, 667, 669, 685, 701, 726, 729, 737, 777, 779, 782, 783, 787, 790, 791, 809, 817, 819, 830, 833, 834, 836, 845, 856, 857, 860, 862, 875, 880, 887, 888, 899, 900, 914, 918, 921, 928, 929, 930]","[12, 24, 25, 28, 30, 88, 100, 104, 119, 123, 129, 136, 137, 139, 140, 141, 148, 155, 169, 172, 179, 183, 185, 188, 196, 198, 217, 237, 267, 270, 278, 319, 321, 324, 325, 330, 334, 335, 354, 366, 369, 380, 383, 384, 386, 395, 407, 411, 423, 428, 436, 437, 452, 453, 456, 467, 471, 477, 478, 479, 497, 508, 511, 513, 559, 571, 575, 590, 594, 600, 607, 608, 610, 611, 612, 619, 627, 640, 643, 650, 654, 656, 659, 667, 669, 685, 701, 726, 729, 737, 777, 779, 782, 783, 787, 790, 791, 809, 817, 819, 830, 833, 834, 836, 845, 856, 857, 860, 862, 875, 880, 887, 888, 899, 900, 914, 918, 921, 928, 929, 930]","[4, 11, 12, 18, 21, 23, 24, 25, 26, 27, 28, 30, 31, 35, 36, 43, 45, 52, 55, 56, 60, 62, 64, 70, 71, 80, 88, 90, 94, 97, 100, 104, 119, 123, 129, 136, 137, 139, 140, 141, 148, 155, 169, 172, 179, 183, 185, 188, 196, 197, 198, 217, 232, 237, 267, 270, 278, 319, 321, 324, 325, 330, 334, 335, 354, 366, 369, 380, 383, 384, 386, 395, 398, 399, 400, 401, 402, 403, 404, 405, 406, 407, 408, 409, 410, 411, 412, 413, 414, 415, 416, 417, 418, 419, 420, 421, 422, 423, 424, 425, 426, 427, 428, 429, 430, 431, 432, 433, 434, 435, 436, 437, 438, 439, 440, 441, 442, 443, 444, 445, 446, 447, 448, 449, 450, 451, 452, 453, 454, 455, 456, 457, 458, 459, 460, 461, 462, 463, 464, 465, 466, 467, 468, 469, 470, 471, 472, 473, 474, 475, 476, 477, 478, 479, 480, 481, 482, 483, 484, 490, 496, 497, 505, 507, 508, 509, 510, 511, 513, 514, 516, 517, 523, 525, 529, 532, 533, 536, 538, 545, 546, 552, 559, 561, 565, 568, 571, 575, 590, 594, 600, 607, 608, 610, 611, 612, 619, 627, 640, 643, 650, 654, 656, 659, 667, 668, 669, 685, 696, 701, 726, 729, 737, 777, 779, 782, 783, 787, 790, 791, 809, 817, 819, 830, 833, 834, 836, 845, 848, 849, 850, 851, 852, 853, 854, 855, 856, 857, 858, 859, 860, 861, 862, 863, 864, 865, 866, 867, 868, 869, 870, 871, 872, 873, 874, 875, 876, 877, 878, 879, 880, 881, 882, 883, 884, 885, 886, 887, 888, 889, 890, 891, 892, 893, 894, 895, 896, 897, 898, 899, 900, 901, 902, 903, 904, 905, 906, 907, 908, 909, 910, 911, 912, 913, 914, 915, 916, 917, 918, 919, 920, 921, 922, 923, 924, 925, 926, 927, 928, 929, 930, 931, 932, 933, 934, 935]",True,"[426, 455, 878, 902]","[398, 399, 400, 401, 402, 403, 404, 405, 406, 407, 408, 409, 410, 411, 412, 413, 414, 415, 416, 417, 418, 419, 420, 421, 422, 423, 424, 425, 426, 427, 428, 429, 430, 431, 432, 433, 434, 435, 436, 437, 438, 439, 440, 441, 442, 443, 444, 445, 446, 447, 448, 449, 450, 451, 452, 453, 454, 455, 456, 457, 458, 459, 460, 461, 462, 463, 464, 465, 466, 467, 468, 469, 470, 471, 472, 473, 474, 475, 476, 477, 478, 479, 480, 481, 482, 483, 484, 848, 849, 850, 851, 852, 853, 854, 855, 856, 857, 858, 859, 860, 861, 862, 863, 864, 865, 866, 867, 868, 869, 870, 871, 872, 873, 874, 875, 876, 877, 878, 879, 880, 881, 882, 883, 884, 885, 886, 887, 888, 889, 890, 891, 892, 893, 894, 895, 896, 897, 898, 899, 900, 901, 902, 903, 904, 905, 906, 907, 908, 909, 910, 911, 912, 913, 914, 915, 916, 917, 918, 919, 920, 921, 922, 923, 924, 925, 926, 927, 928, 929, 930, 931, 932, 933, 934, 935]","[426, 455, 878, 902]",[],"[4, 11, 18, 21, 23, 26, 27, 28, 31, 35, 36, 43, 45, 52, 55, 56, 60, 62, 64, 70, 71, 80, 90, 94, 97, 183, 197, 232, 334, 426, 455, 472, 477, 478, 480, 483, 484, 490, 496, 505, 507, 509, 510, 511, 514, 516, 517, 523, 525, 529, 532, 533, 536, 538, 545, 546, 552, 561, 565, 568, 654, 668, 696, 790, 857, 878, 902, 919, 928, 929, 932, 934, 935]","[12, 24, 25, 28, 30, 88, 100, 104, 119, 123, 129, 136, 137, 139, 140, 141, 148, 155, 169, 172, 179, 183, 185, 188, 196, 198, 217, 237, 267, 270, 278, 319, 321, 324, 325, 330, 334, 335, 354, 366, 369, 380, 383, 384, 386, 395, 407, 411, 423, 428, 436, 437, 452, 453, 456, 467, 471, 477, 478, 479, 497, 508, 511, 513, 559, 571, 575, 590, 594, 600, 607, 608, 610, 611, 612, 619, 627, 640, 643, 650, 654, 656, 659, 667, 669, 685, 701, 726, 729, 737, 777, 779, 782, 783, 787, 790, 791, 809, 817, 819, 830, 833, 834, 836, 845, 856, 857, 860, 862, 875, 880, 887, 888, 899, 900, 914, 918, 921, 928, 929, 930]","[12, 24, 25, 28, 88, 100, 104, 119, 123, 129, 136, 137, 139, 140, 141, 148, 155, 169, 172, 179, 183, 185, 188, 196, 198, 217, 237, 267, 270, 278, 319, 321, 324, 325, 330, 334, 335, 354, 366, 369, 380, 383, 384, 386, 395, 407, 411, 423, 428, 436, 437, 452, 453, 456, 467, 471, 477, 478, 479, 497, 508, 511, 559, 571, 575, 590, 594, 600, 607, 608, 610, 611, 612, 619, 627, 640, 643, 650, 654, 656, 659, 667, 669, 685, 701, 726, 729, 737, 777, 779, 782, 783, 787, 790, 791, 809, 817, 819, 830, 833, 834, 836, 845, 856, 857, 860, 862, 875, 880, 887, 888, 899, 900, 914, 918, 921, 928, 929, 930]",5/6 successful match,True,,False,101,True,2008,0.0,True,,
Heber City ( 84032 ) Silver Eagle Country Store,435-654-4642 1590 US 40 S ( 1/2 mi S of jct US 189 ),189 ) <U+25A1> <U+2610><U+2610> <U+25A1>,Heber City,84032,Silver Eagle Country Store,435-654-4642,2014,Heber City,UT,,( 1/2 mi S of jct US 189 ),1590 US 40 S,Proper,,False,,False,US 40,,,,,"[426, 878]","[426, 455, 878, 902]","[426, 455, 878, 902]",[],"[398, 399, 400, 401, 402, 403, 404, 405, 406, 407, 408, 409, 410, 411, 412, 413, 414, 415, 416, 417, 418, 419, 420, 421, 422, 423, 424, 425, 426, 427, 428, 429, 430, 431, 432, 433, 434, 435, 436, 437, 438, 439, 440, 441, 442, 443, 444, 445, 446, 447, 448, 449, 450, 451, 452, 453, 454, 455, 456, 457, 458, 459, 460, 461, 462, 463, 464, 465, 466, 467, 468, 469, 470, 471, 472, 473, 474, 475, 476, 477, 478, 479, 480, 481, 482, 483, 484, 848, 849, 850, 851, 852, 853, 854, 855, 856, 857, 858, 859, 860, 861, 862, 863, 864, 865, 866, 867, 868, 869, 870, 871, 872, 873, 874, 875, 876, 877, 878, 879, 880, 881, 882, 883, 884, 885, 886, 887, 888, 889, 890, 891, 892, 893, 894, 895, 896, 897, 898, 899, 900, 901, 902, 903, 904, 905, 906, 907, 908, 909, 910, 911, 912, 913, 914, 915, 916, 917, 918, 919, 920, 921, 922, 923, 924, 925, 926, 927, 928, 929, 930, 931, 932, 933, 934, 935]","[4, 11, 18, 21, 23, 26, 27, 28, 31, 35, 36, 43, 45, 52, 55, 56, 60, 62, 64, 70, 71, 80, 90, 94, 97, 183, 197, 232, 334, 426, 455, 472, 477, 478, 480, 483, 484, 490, 496, 505, 507, 509, 510, 511, 514, 516, 517, 523, 525, 529, 532, 533, 536, 538, 545, 546, 552, 561, 565, 568, 654, 668, 696, 790, 857, 878, 902, 919, 928, 929, 932, 934, 935]",[],"[15, 386, 412, 413, 426, 500, 836, 863, 864, 878]","[916, 514, 4, 516, 917, 517, 918, 11, 523, 525, 15, 919, 529, 18, 532, 920, 21, 23, 533, 536, 921, 26, 27, 28, 538, 922, 31, 545, 546, 35, 923, 36, 552, 924, 43, 45, 925, 561, 926, 52, 565, 55, 927, 56, 568, 60, 928, 62, 64, 929, 70, 71, 930, 931, 80, 932, 933, 90, 934, 94, 935, 97, 654, 668, 183, 696, 197, 232, 790, 836, 334, 848, 849, 850, 851, 852, 853, 854, 855, 856, 857, 858, 859, 860, 861, 862, 863, 864, 865, 866, 867, 868, 869, 870, 871, 872, 873, 874, 875, 876, 877, 878, 879, 880, 881, 882, 883, 884, 885, 886, 887, 888, 889, 890, 891, 892, 893, 894, 895, 896, 897, 898, 899, 900, 901, 902, 903, 904, 905, 906, 907, 908, 909, 398, 399, 400, 401, 402, 403, 404, 405, 406, 407, 408, 409, 410, 411, 412, 413, 414, 415, 416, 417, 418, 419, 420, 421, 422, 423, 424, 425, 426, 427, 428, 429, 430, 431, 432, 433, 434, 435, 436, 437, 438, 439, 440, 441, 442, 443, 444, 445, 446, 447, 448, 449, 450, 451, 452, 453, 454, 455, 456, 457, 458, 459, 460, 461, 462, 463, 464, 465, 466, 467, 468, 469, 470, 471, 472, 473, 474, 475, 476, 477, 478, 479, 480, 481, 482, 483, 484, 910, 911, 490, 912, 496, 913, 386, 500, 914, 505, 507, 915, 509, 510, 511]",True,"[426, 455, 878, 902]","[398, 399, 400, 401, 402, 403, 404, 405, 406, 407, 408, 409, 410, 411, 412, 413, 414, 415, 416, 417, 418, 419, 420, 421, 422, 423, 424, 425, 426, 427, 428, 429, 430, 431, 432, 433, 434, 435, 436, 437, 438, 439, 440, 441, 442, 443, 444, 445, 446, 447, 448, 449, 450, 451, 452, 453, 454, 455, 456, 457, 458, 459, 460, 461, 462, 463, 464, 465, 466, 467, 468, 469, 470, 471, 472, 473, 474, 475, 476, 477, 478, 479, 480, 481, 482, 483, 484, 848, 849, 850, 851, 852, 853, 854, 855, 856, 857, 858, 859, 860, 861, 862, 863, 864, 865, 866, 867, 868, 869, 870, 871, 872, 873, 874, 875, 876, 877, 878, 879, 880, 881, 882, 883, 884, 885, 886, 887, 888, 889, 890, 891, 892, 893, 894, 895, 896, 897, 898, 899, 900, 901, 902, 903, 904, 905, 906, 907, 908, 909, 910, 911, 912, 913, 914, 915, 916, 917, 918, 919, 920, 921, 922, 923, 924, 925, 926, 927, 928, 929, 930, 931, 932, 933, 934, 935]","[426, 455, 878, 902]",[],"[4, 11, 18, 21, 23, 26, 27, 28, 31, 35, 36, 43, 45, 52, 55, 56, 60, 62, 64, 70, 71, 80, 90, 94, 97, 183, 197, 232, 334, 426, 455, 472, 477, 478, 480, 483, 484, 490, 496, 505, 507, 509, 510, 511, 514, 516, 517, 523, 525, 529, 532, 533, 536, 538, 545, 546, 552, 561, 565, 568, 654, 668, 696, 790, 857, 878, 902, 919, 928, 929, 932, 934, 935]","[15, 386, 412, 413, 426, 500, 836, 863, 864, 878]",[],7/6 successful match,True,,False,101,True,2014,0.16363636363636364,True,K & T's Last Stop ( Chevron ),Chevron
E Heber City ( 84032 ) Silver Eagle Country Store,435-654-4642 1590 US 40 S ( 1/2 mi S of jct US 189 ),<U+2610><U+2610>,Heber City,84032,Silver Eagle Country Store,435-654-4642,2015,Heber City,UT,,( 1/2 mi S of jct US 189 ),1590 US 40 S,Proper,,False,,False,US 40,,,,,"[426, 878]","[426, 455, 878, 902]","[426, 455, 878, 902]",[],"[398, 399, 400, 401, 402, 403, 404, 405, 406, 407, 408, 409, 410, 411, 412, 413, 414, 415, 416, 417, 418, 419, 420, 421, 422, 423, 424, 425, 426, 427, 428, 429, 430, 431, 432, 433, 434, 435, 436, 437, 438, 439, 440, 441, 442, 443, 444, 445, 446, 447, 448, 449, 450, 451, 452, 453, 454, 455, 456, 457, 458, 459, 460, 461, 462, 463, 464, 465, 466, 467, 468, 469, 470, 471, 472, 473, 474, 475, 476, 477, 478, 479, 480, 481, 482, 483, 484, 848, 849, 850, 851, 852, 853, 854, 855, 856, 857, 858, 859, 860, 861, 862, 863, 864, 865, 866, 867, 868, 869, 870, 871, 872, 873, 874, 875, 876, 877, 878, 879, 880, 881, 882, 883, 884, 885, 886, 887, 888, 889, 890, 891, 892, 893, 894, 895, 896, 897, 898, 899, 900, 901, 902, 903, 904, 905, 906, 907, 908, 909, 910, 911, 912, 913, 914, 915, 916, 917, 918, 919, 920, 921, 922, 923, 924, 925, 926, 927, 928, 929, 930, 931, 932, 933, 934, 935]","[4, 11, 18, 21, 23, 26, 27, 28, 31, 35, 36, 43, 45, 52, 55, 56, 60, 62, 64, 70, 71, 80, 90, 94, 97, 183, 197, 232, 334, 426, 455, 472, 477, 478, 480, 483, 484, 490, 496, 505, 507, 509, 510, 511, 514, 516, 517, 523, 525, 529, 532, 533, 536, 538, 545, 546, 552, 561, 565, 568, 654, 668, 696, 790, 857, 878, 902, 919, 928, 929, 932, 934, 935]",[],"[15, 386, 412, 413, 426, 500, 836, 863, 864, 878]","[916, 514, 4, 516, 917, 517, 918, 11, 523, 525, 15, 919, 529, 18, 532, 920, 21, 23, 533, 536, 921, 26, 27, 28, 538, 922, 31, 545, 546, 35, 923, 36, 552, 924, 43, 45, 925, 561, 926, 52, 565, 55, 927, 56, 568, 60, 928, 62, 64, 929, 70, 71, 930, 931, 80, 932, 933, 90, 934, 94, 935, 97, 654, 668, 183, 696, 197, 232, 790, 836, 334, 848, 849, 850, 851, 852, 853, 854, 855, 856, 857, 858, 859, 860, 861, 862, 863, 864, 865, 866, 867, 868, 869, 870, 871, 872, 873, 874, 875, 876, 877, 878, 879, 880, 881, 882, 883, 884, 885, 886, 887, 888, 889, 890, 891, 892, 893, 894, 895, 896, 897, 898, 899, 900, 901, 902, 903, 904, 905, 906, 907, 908, 909, 398, 399, 400, 401, 402, 403, 404, 405, 406, 407, 408, 409, 410, 411, 412, 413, 414, 415, 416, 417, 418, 419, 420, 421, 422, 423, 424, 425, 426, 427, 428, 429, 430, 431, 432, 433, 434, 435, 436, 437, 438, 439, 440, 441, 442, 443, 444, 445, 446, 447, 448, 449, 450, 451, 452, 453, 454, 455, 456, 457, 458, 459, 460, 461, 462, 463, 464, 465, 466, 467, 468, 469, 470, 471, 472, 473, 474, 475, 476, 477, 478, 479, 480, 481, 482, 483, 484, 910, 911, 490, 912, 496, 913, 386, 500, 914, 505, 507, 915, 509, 510, 511]",True,"[426, 455, 878, 902]","[398, 399, 400, 401, 402, 403, 404, 405, 406, 407, 408, 409, 410, 411, 412, 413, 414, 415, 416, 417, 418, 419, 420, 421, 422, 423, 424, 425, 426, 427, 428, 429, 430, 431, 432, 433, 434, 435, 436, 437, 438, 439, 440, 441, 442, 443, 444, 445, 446, 447, 448, 449, 450, 451, 452, 453, 454, 455, 456, 457, 458, 459, 460, 461, 462, 463, 464, 465, 466, 467, 468, 469, 470, 471, 472, 473, 474, 475, 476, 477, 478, 479, 480, 481, 482, 483, 484, 848, 849, 850, 851, 852, 853, 854, 855, 856, 857, 858, 859, 860, 861, 862, 863, 864, 865, 866, 867, 868, 869, 870, 871, 872, 873, 874, 875, 876, 877, 878, 879, 880, 881, 882, 883, 884, 885, 886, 887, 888, 889, 890, 891, 892, 893, 894, 895, 896, 897, 898, 899, 900, 901, 902, 903, 904, 905, 906, 907, 908, 909, 910, 911, 912, 913, 914, 915, 916, 917, 918, 919, 920, 921, 922, 923, 924, 925, 926, 927, 928, 929, 930, 931, 932, 933, 934, 935]","[426, 455, 878, 902]",[],"[4, 11, 18, 21, 23, 26, 27, 28, 31, 35, 36, 43, 45, 52, 55, 56, 60, 62, 64, 70, 71, 80, 90, 94, 97, 183, 197, 232, 334, 426, 455, 472, 477, 478, 480, 483, 484, 490, 496, 505, 507, 509, 510, 511, 514, 516, 517, 523, 525, 529, 532, 533, 536, 538, 545, 546, 552, 561, 565, 568, 654, 668, 696, 790, 857, 878, 902, 919, 928, 929, 932, 934, 935]","[15, 386, 412, 413, 426, 500, 836, 863, 864, 878]",[],7/6 successful match,True,,False,101,False,,1.0,True,Silver Eagle Country Store,
Heber City ( 84032 ) Silver Eagle Country Store,435-654-4642 1590 US 40 S ( 1/2 mi S of jct US 189 ),<U+2610> D,Heber City,84032,Silver Eagle Country Store,435-654-4642,2016,Heber City,UT,,( 1/2 mi S of jct US 189 ),1590 US 40 S,Proper,,False,,False,US 40,,,,,"[426, 878]","[426, 455, 878, 902]","[426, 455, 878, 902]",[],"[398, 399, 400, 401, 402, 403, 404, 405, 406, 407, 408, 409, 410, 411, 412, 413, 414, 415, 416, 417, 418, 419, 420, 421, 422, 423, 424, 425, 426, 427, 428, 429, 430, 431, 432, 433, 434, 435, 436, 437, 438, 439, 440, 441, 442, 443, 444, 445, 446, 447, 448, 449, 450, 451, 452, 453, 454, 455, 456, 457, 458, 459, 460, 461, 462, 463, 464, 465, 466, 467, 468, 469, 470, 471, 472, 473, 474, 475, 476, 477, 478, 479, 480, 481, 482, 483, 484, 848, 849, 850, 851, 852, 853, 854, 855, 856, 857, 858, 859, 860, 861, 862, 863, 864, 865, 866, 867, 868, 869, 870, 871, 872, 873, 874, 875, 876, 877, 878, 879, 880, 881, 882, 883, 884, 885, 886, 887, 888, 889, 890, 891, 892, 893, 894, 895, 896, 897, 898, 899, 900, 901, 902, 903, 904, 905, 906, 907, 908, 909, 910, 911, 912, 913, 914, 915, 916, 917, 918, 919, 920, 921, 922, 923, 924, 925, 926, 927, 928, 929, 930, 931, 932, 933, 934, 935]","[4, 11, 18, 21, 23, 26, 27, 28, 31, 35, 36, 43, 45, 52, 55, 56, 60, 62, 64, 70, 71, 80, 90, 94, 97, 183, 197, 232, 334, 426, 455, 472, 477, 478, 480, 483, 484, 490, 496, 505, 507, 509, 510, 511, 514, 516, 517, 523, 525, 529, 532, 533, 536, 538, 545, 546, 552, 561, 565, 568, 654, 668, 696, 790, 857, 878, 902, 919, 928, 929, 932, 934, 935]",[],"[15, 386, 412, 413, 426, 500, 836, 863, 864, 878]","[916, 514, 4, 516, 917, 517, 918, 11, 523, 525, 15, 919, 529, 18, 532, 920, 21, 23, 533, 536, 921, 26, 27, 28, 538, 922, 31, 545, 546, 35, 923, 36, 552, 924, 43, 45, 925, 561, 926, 52, 565, 55, 927, 56, 568, 60, 928, 62, 64, 929, 70, 71, 930, 931, 80, 932, 933, 90, 934, 94, 935, 97, 654, 668, 183, 696, 197, 232, 790, 836, 334, 848, 849, 850, 851, 852, 853, 854, 855, 856, 857, 858, 859, 860, 861, 862, 863, 864, 865, 866, 867, 868, 869, 870, 871, 872, 873, 874, 875, 876, 877, 878, 879, 880, 881, 882, 883, 884, 885, 886, 887, 888, 889, 890, 891, 892, 893, 894, 895, 896, 897, 898, 899, 900, 901, 902, 903, 904, 905, 906, 907, 908, 909, 398, 399, 400, 401, 402, 403, 404, 405, 406, 407, 408, 409, 410, 411, 412, 413, 414, 415, 416, 417, 418, 419, 420, 421, 422, 423, 424, 425, 426, 427, 428, 429, 430, 431, 432, 433, 434, 435, 436, 437, 438, 439, 440, 441, 442, 443, 444, 445, 446, 447, 448, 449, 450, 451, 452, 453, 454, 455, 456, 457, 458, 459, 460, 461, 462, 463, 464, 465, 466, 467, 468, 469, 470, 471, 472, 473, 474, 475, 476, 477, 478, 479, 480, 481, 482, 483, 484, 910, 911, 490, 912, 496, 913, 386, 500, 914, 505, 507, 915, 509, 510, 511]",True,"[426, 455, 878, 902]","[398, 399, 400, 401, 402, 403, 404, 405, 406, 407, 408, 409, 410, 411, 412, 413, 414, 415, 416, 417, 418, 419, 420, 421, 422, 423, 424, 425, 426, 427, 428, 429, 430, 431, 432, 433, 434, 435, 436, 437, 438, 439, 440, 441, 442, 443, 444, 445, 446, 447, 448, 449, 450, 451, 452, 453, 454, 455, 456, 457, 458, 459, 460, 461, 462, 463, 464, 465, 466, 467, 468, 469, 470, 471, 472, 473, 474, 475, 476, 477, 478, 479, 480, 481, 482, 483, 484, 848, 849, 850, 851, 852, 853, 854, 855, 856, 857, 858, 859, 860, 861, 862, 863, 864, 865, 866, 867, 868, 869, 870, 871, 872, 873, 874, 875, 876, 877, 878, 879, 880, 881, 882, 883, 884, 885, 886, 887, 888, 889, 890, 891, 892, 893, 894, 895, 896, 897, 898, 899, 900, 901, 902, 903, 904, 905, 906, 907, 908, 909, 910, 911, 912, 913, 914, 915, 916, 917, 918, 919, 920, 921, 922, 923, 924, 925, 926, 927, 928, 929, 930, 931, 932, 933, 934, 935]","[426, 455, 878, 902]",[],"[4, 11, 18, 21, 23, 26, 27, 28, 31, 35, 36, 43, 45, 52, 55, 56, 60, 62, 64, 70, 71, 80, 90, 94, 97, 183, 197, 232, 334, 426, 455, 472, 477, 478, 480, 483, 484, 490, 496, 505, 507, 509, 510, 511, 514, 516, 517, 523, 525, 529, 532, 533, 536, 538, 545, 546, 552, 561, 565, 568, 654, 668, 696, 790, 857, 878, 902, 919, 928, 929, 932, 934, 935]","[15, 386, 412, 413, 426, 500, 836, 863, 864, 878]",[],7/6 successful match,True,,False,101,False,,1.0,True,Silver Eagle Country Store,
"( N ) , 84054 Flying J Fuel Stop # 0500100",801-936-1408 Salt Lake City I-215 Exit 28 ( UT 68 ) #,MU 24 <U+2610> <U+2610>,,84054,Flying J Fuel Stop # 0500100,801-936-1408,2006,North Salt Lake,UT,Flying J,( UT 68 ) #,Salt Lake City I-215 Exit 28 ,Exit,28,False,,False,I-215,,,,,"[872, 420]","[420, 450, 872]","[43, 66, 71, 104, 411, 414, 417, 420, 430, 441, 446, 448, 449, 450, 468, 523, 541, 546, 575, 860, 862, 865, 868, 869, 872, 882, 896, 897, 915]",[18],"[398, 399, 400, 401, 402, 403, 404, 405, 406, 407, 408, 409, 410, 411, 412, 413, 414, 415, 416, 417, 418, 419, 420, 421, 422, 423, 424, 425, 426, 427, 428, 429, 430, 431, 432, 433, 434, 435, 436, 437, 438, 439, 440, 441, 442, 443, 444, 445, 446, 447, 448, 449, 450, 451, 452, 453, 454, 455, 456, 457, 458, 459, 460, 461, 462, 463, 464, 465, 466, 467, 468, 469, 470, 471, 472, 473, 474, 475, 476, 477, 478, 479, 480, 481, 482, 483, 484, 848, 849, 850, 851, 852, 853, 854, 855, 856, 857, 858, 859, 860, 861, 862, 863, 864, 865, 866, 867, 868, 869, 870, 871, 872, 873, 874, 875, 876, 877, 878, 879, 880, 881, 882, 883, 884, 885, 886, 887, 888, 889, 890, 891, 892, 893, 894, 895, 896, 897, 898, 899, 900, 901, 902, 903, 904, 905, 906, 907, 908, 909, 910, 911, 912, 913, 914, 915, 916, 917, 918, 919, 920, 921, 922, 923, 924, 925, 926, 927, 928, 929, 930, 931, 932, 933, 934, 935]","[140, 315, 318, 420, 446, 448, 450, 468, 611, 773, 776, 860, 872, 896, 915]","[17, 18, 19, 20, 21, 22, 23, 156, 157, 158, 159, 160, 161, 162, 163, 164, 165, 166, 167, 341, 342, 343, 344, 345, 412, 413, 414, 415, 416, 417, 418, 419, 420, 421, 422, 502, 503, 504, 505, 506, 507, 628, 629, 630, 631, 632, 633, 634, 635, 636, 637, 638, 639, 792, 797, 798, 799, 800, 801, 863, 864, 865, 866, 867, 868, 869, 870, 871, 872, 873, 874]","[17, 18, 19, 20, 21, 22, 23, 156, 157, 158, 159, 160, 161, 162, 163, 164, 165, 166, 167, 168, 340, 341, 342, 343, 344, 345, 346, 412, 413, 414, 415, 416, 417, 418, 419, 420, 421, 422, 502, 503, 504, 505, 506, 507, 628, 629, 630, 631, 632, 633, 634, 635, 636, 637, 638, 639, 792, 796, 797, 798, 799, 800, 801, 863, 864, 865, 866, 867, 868, 869, 870, 871, 872, 873, 874]","[916, 917, 523, 918, 919, 17, 18, 19, 20, 920, 21, 22, 23, 921, 541, 922, 546, 923, 924, 43, 925, 926, 927, 928, 575, 66, 929, 71, 930, 931, 932, 933, 934, 935, 611, 104, 628, 629, 630, 631, 632, 633, 634, 635, 636, 637, 638, 639, 140, 156, 157, 158, 159, 160, 161, 162, 163, 164, 165, 166, 167, 168, 340, 442, 341, 342, 343, 344, 345, 346, 773, 776, 792, 796, 797, 798, 799, 800, 801, 315, 318, 848, 849, 850, 851, 852, 853, 854, 855, 856, 857, 858, 859, 860, 861, 862, 863, 864, 865, 866, 867, 868, 869, 870, 871, 872, 873, 874, 875, 876, 877, 878, 879, 880, 881, 882, 883, 884, 885, 886, 887, 888, 889, 890, 891, 892, 893, 894, 895, 896, 897, 898, 899, 900, 901, 902, 903, 904, 905, 906, 907, 908, 909, 398, 399, 400, 401, 402, 915, 403, 404, 405, 406, 407, 408, 409, 411, 410, 412, 414, 413, 415, 417, 416, 418, 420, 419, 421, 422, 423, 424, 425, 426, 427, 428, 430, 429, 431, 432, 433, 434, 435, 436, 437, 438, 439, 441, 440, 443, 444, 445, 446, 447, 448, 449, 450, 451, 452, 453, 454, 455, 456, 457, 458, 459, 460, 461, 462, 463, 464, 465, 466, 467, 468, 469, 470, 471, 472, 473, 474, 475, 476, 477, 478, 479, 480, 481, 482, 483, 484, 910, 503, 911, 912, 913, 502, 914, 504, 505, 506, 507]",True,"[420, 450, 872]","[398, 399, 400, 401, 402, 403, 404, 405, 406, 407, 408, 409, 410, 411, 412, 413, 414, 415, 416, 417, 418, 419, 420, 421, 422, 423, 424, 425, 426, 427, 428, 429, 430, 431, 432, 433, 434, 435, 436, 437, 438, 439, 440, 441, 442, 443, 444, 445, 446, 447, 448, 449, 450, 451, 452, 453, 454, 455, 456, 457, 458, 459, 460, 461, 462, 463, 464, 465, 466, 467, 468, 469, 470, 471, 472, 473, 474, 475, 476, 477, 478, 479, 480, 481, 482, 483, 484, 848, 849, 850, 851, 852, 853, 854, 855, 856, 857, 858, 859, 860, 861, 862, 863, 864, 865, 866, 867, 868, 869, 870, 871, 872, 873, 874, 875, 876, 877, 878, 879, 880, 881, 882, 883, 884, 885, 886, 887, 888, 889, 890, 891, 892, 893, 894, 895, 896, 897, 898, 899, 900, 901, 902, 903, 904, 905, 906, 907, 908, 909, 910, 911, 912, 913, 914, 915, 916, 917, 918, 919, 920, 921, 922, 923, 924, 925, 926, 927, 928, 929, 930, 931, 932, 933, 934, 935]","[43, 66, 71, 104, 411, 414, 417, 420, 430, 441, 446, 448, 449, 450, 468, 523, 541, 546, 575, 860, 862, 865, 868, 869, 872, 882, 896, 897, 915]",[18],"[140, 315, 318, 420, 446, 448, 450, 468, 611, 773, 776, 860, 872, 896, 915]","[17, 18, 19, 20, 21, 22, 23, 156, 157, 158, 159, 160, 161, 162, 163, 164, 165, 166, 167, 168, 340, 341, 342, 343, 344, 345, 346, 412, 413, 414, 415, 416, 417, 418, 419, 420, 421, 422, 502, 503, 504, 505, 506, 507, 628, 629, 630, 631, 632, 633, 634, 635, 636, 637, 638, 639, 792, 796, 797, 798, 799, 800, 801, 863, 864, 865, 866, 867, 868, 869, 870, 871, 872, 873, 874]","[17, 18, 19, 20, 21, 22, 23, 156, 157, 158, 159, 160, 161, 162, 163, 164, 165, 166, 167, 341, 342, 343, 344, 345, 412, 413, 414, 415, 416, 417, 418, 419, 420, 421, 422, 502, 503, 504, 505, 506, 507, 628, 629, 630, 631, 632, 633, 634, 635, 636, 637, 638, 639, 792, 797, 798, 799, 800, 801, 863, 864, 865, 866, 867, 868, 869, 870, 871, 872, 873, 874]",7/6 successful match,True,[605],True,102,False,,,,,
ISalt Lake City ( N ) Flying J Fuel Stop # 0500100,801-936-1408 I-215 Exit 28 ( UT 68 ),M <U+2610>,,84054,00,801-936-1408,2007,North Salt Lake,UT,,( UT 68 ),I-215 Exit 28 ,Exit,28,False,,False,I-215,,,,,"[872, 420]","[420, 450, 872]","[43, 66, 71, 104, 411, 414, 417, 420, 430, 441, 446, 448, 449, 450, 468, 523, 541, 546, 575, 860, 862, 865, 868, 869, 872, 882, 896, 897, 915]",[18],"[398, 399, 400, 401, 402, 403, 404, 405, 406, 407, 408, 409, 410, 411, 412, 413, 414, 415, 416, 417, 418, 419, 420, 421, 422, 423, 424, 425, 426, 427, 428, 429, 430, 431, 432, 433, 434, 435, 436, 437, 438, 439, 440, 441, 442, 443, 444, 445, 446, 447, 448, 449, 450, 451, 452, 453, 454, 455, 456, 457, 458, 459, 460, 461, 462, 463, 464, 465, 466, 467, 468, 469, 470, 471, 472, 473, 474, 475, 476, 477, 478, 479, 480, 481, 482, 483, 484, 848, 849, 850, 851, 852, 853, 854, 855, 856, 857, 858, 859, 860, 861, 862, 863, 864, 865, 866, 867, 868, 869, 870, 871, 872, 873, 874, 875, 876, 877, 878, 879, 880, 881, 882, 883, 884, 885, 886, 887, 888, 889, 890, 891, 892, 893, 894, 895, 896, 897, 898, 899, 900, 901, 902, 903, 904, 905, 906, 907, 908, 909, 910, 911, 912, 913, 914, 915, 916, 917, 918, 919, 920, 921, 922, 923, 924, 925, 926, 927, 928, 929, 930, 931, 932, 933, 934, 935]","[140, 315, 318, 420, 446, 448, 450, 468, 611, 773, 776, 860, 872, 896, 915]",[],[],"[916, 917, 523, 918, 919, 18, 920, 921, 541, 922, 546, 923, 924, 43, 925, 926, 927, 928, 575, 66, 929, 71, 930, 931, 932, 933, 934, 935, 611, 104, 140, 442, 773, 776, 315, 318, 848, 849, 850, 851, 852, 853, 854, 855, 856, 857, 858, 859, 860, 861, 862, 863, 864, 865, 866, 867, 868, 869, 870, 871, 872, 873, 874, 875, 876, 877, 878, 879, 880, 881, 882, 883, 884, 885, 886, 887, 888, 889, 890, 891, 892, 893, 894, 895, 896, 897, 898, 899, 900, 901, 902, 903, 904, 905, 906, 907, 908, 909, 398, 399, 400, 401, 402, 915, 403, 404, 405, 406, 407, 408, 409, 411, 410, 412, 414, 413, 415, 417, 416, 418, 420, 419, 421, 422, 423, 424, 425, 426, 427, 428, 430, 429, 431, 432, 433, 434, 435, 436, 437, 438, 439, 441, 440, 443, 444, 445, 446, 447, 448, 449, 450, 451, 452, 453, 454, 455, 456, 457, 458, 459, 460, 461, 462, 463, 464, 465, 466, 467, 468, 469, 470, 471, 472, 473, 474, 475, 476, 477, 478, 479, 480, 481, 482, 483, 484, 910, 911, 912, 913, 914]",True,"[420, 450, 872]","[398, 399, 400, 401, 402, 403, 404, 405, 406, 407, 408, 409, 410, 411, 412, 413, 414, 415, 416, 417, 418, 419, 420, 421, 422, 423, 424, 425, 426, 427, 428, 429, 430, 431, 432, 433, 434, 435, 436, 437, 438, 439, 440, 441, 442, 443, 444, 445, 446, 447, 448, 449, 450, 451, 452, 453, 454, 455, 456, 457, 458, 459, 460, 461, 462, 463, 464, 465, 466, 467, 468, 469, 470, 471, 472, 473, 474, 475, 476, 477, 478, 479, 480, 481, 482, 483, 484, 848, 849, 850, 851, 852, 853, 854, 855, 856, 857, 858, 859, 860, 861, 862, 863, 864, 865, 866, 867, 868, 869, 870, 871, 872, 873, 874, 875, 876, 877, 878, 879, 880, 881, 882, 883, 884, 885, 886, 887, 888, 889, 890, 891, 892, 893, 894, 895, 896, 897, 898, 899, 900, 901, 902, 903, 904, 905, 906, 907, 908, 909, 910, 911, 912, 913, 914, 915, 916, 917, 918, 919, 920, 921, 922, 923, 924, 925, 926, 927, 928, 929, 930, 931, 932, 933, 934, 935]","[43, 66, 71, 104, 411, 414, 417, 420, 430, 441, 446, 448, 449, 450, 468, 523, 541, 546, 575, 860, 862, 865, 868, 869, 872, 882, 896, 897, 915]",[18],"[140, 315, 318, 420, 446, 448, 450, 468, 611, 773, 776, 860, 872, 896, 915]",[],[],7/6 successful match,True,[605],True,102,True,2007,0.06666666666666667,True,Flying J Fuel Stop # 0500100,Flying J
"Salt Lake City ( N ) , 84054 Flying J Fuel Stop # 0500100 124",3 801-936-1408 I-215 Exit 28 ( UT 68 ),124 M,Salt Lake City,84054,Flying J Fuel Stop # 0500100 124,801-936-1408,2008,North Salt Lake,UT,Flying J,( UT 68 ),I-215 Exit 28 ,Exit,28,False,,False,I-215,,,,,"[872, 420]","[420, 450, 872]","[43, 66, 71, 104, 411, 414, 417, 420, 430, 441, 446, 448, 449, 450, 468, 523, 541, 546, 575, 860, 862, 865, 868, 869, 872, 882, 896, 897, 915]",[18],"[398, 399, 400, 401, 402, 403, 404, 405, 406, 407, 408, 409, 410, 411, 412, 413, 414, 415, 416, 417, 418, 419, 420, 421, 422, 423, 424, 425, 426, 427, 428, 429, 430, 431, 432, 433, 434, 435, 436, 437, 438, 439, 440, 441, 442, 443, 444, 445, 446, 447, 448, 449, 450, 451, 452, 453, 454, 455, 456, 457, 458, 459, 460, 461, 462, 463, 464, 465, 466, 467, 468, 469, 470, 471, 472, 473, 474, 475, 476, 477, 478, 479, 480, 481, 482, 483, 484, 848, 849, 850, 851, 852, 853, 854, 855, 856, 857, 858, 859, 860, 861, 862, 863, 864, 865, 866, 867, 868, 869, 870, 871, 872, 873, 874, 875, 876, 877, 878, 879, 880, 881, 882, 883, 884, 885, 886, 887, 888, 889, 890, 891, 892, 893, 894, 895, 896, 897, 898, 899, 900, 901, 902, 903, 904, 905, 906, 907, 908, 909, 910, 911, 912, 913, 914, 915, 916, 917, 918, 919, 920, 921, 922, 923, 924, 925, 926, 927, 928, 929, 930, 931, 932, 933, 934, 935]","[140, 315, 318, 420, 446, 448, 450, 468, 611, 773, 776, 860, 872, 896, 915]","[17, 18, 19, 20, 21, 22, 23, 156, 157, 158, 159, 160, 161, 162, 163, 164, 165, 166, 167, 341, 342, 343, 344, 345, 412, 413, 414, 415, 416, 417, 418, 419, 420, 421, 422, 502, 503, 504, 505, 506, 507, 628, 629, 630, 631, 632, 633, 634, 635, 636, 637, 638, 639, 792, 797, 798, 799, 800, 801, 863, 864, 865, 866, 867, 868, 869, 870, 871, 872, 873, 874]","[17, 18, 19, 20, 21, 22, 23, 156, 157, 158, 159, 160, 161, 162, 163, 164, 165, 166, 167, 168, 340, 341, 342, 343, 344, 345, 346, 412, 413, 414, 415, 416, 417, 418, 419, 420, 421, 422, 502, 503, 504, 505, 506, 507, 628, 629, 630, 631, 632, 633, 634, 635, 636, 637, 638, 639, 792, 796, 797, 798, 799, 800, 801, 863, 864, 865, 866, 867, 868, 869, 870, 871, 872, 873, 874]","[916, 917, 523, 918, 919, 17, 18, 19, 20, 920, 21, 22, 23, 921, 541, 922, 546, 923, 924, 43, 925, 926, 927, 928, 575, 66, 929, 71, 930, 931, 932, 933, 934, 935, 611, 104, 628, 629, 630, 631, 632, 633, 634, 635, 636, 637, 638, 639, 140, 156, 157, 158, 159, 160, 161, 162, 163, 164, 165, 166, 167, 168, 340, 442, 341, 342, 343, 344, 345, 346, 773, 776, 792, 796, 797, 798, 799, 800, 801, 315, 318, 848, 849, 850, 851, 852, 853, 854, 855, 856, 857, 858, 859, 860, 861, 862, 863, 864, 865, 866, 867, 868, 869, 870, 871, 872, 873, 874, 875, 876, 877, 878, 879, 880, 881, 882, 883, 884, 885, 886, 887, 888, 889, 890, 891, 892, 893, 894, 895, 896, 897, 898, 899, 900, 901, 902, 903, 904, 905, 906, 907, 908, 909, 398, 399, 400, 401, 402, 915, 403, 404, 405, 406, 407, 408, 409, 411, 410, 412, 414, 413, 415, 417, 416, 418, 420, 419, 421, 422, 423, 424, 425, 426, 427, 428, 430, 429, 431, 432, 433, 434, 435, 436, 437, 438, 439, 441, 440, 443, 444, 445, 446, 447, 448, 449, 450, 451, 452, 453, 454, 455, 456, 457, 458, 459, 460, 461, 462, 463, 464, 465, 466, 467, 468, 469, 470, 471, 472, 473, 474, 475, 476, 477, 478, 479, 480, 481, 482, 483, 484, 910, 503, 911, 912, 913, 502, 914, 504, 505, 506, 507]",True,"[420, 450, 872]","[398, 399, 400, 401, 402, 403, 404, 405, 406, 407, 408, 409, 410, 411, 412, 413, 414, 415, 416, 417, 418, 419, 420, 421, 422, 423, 424, 425, 426, 427, 428, 429, 430, 431, 432, 433, 434, 435, 436, 437, 438, 439, 440, 441, 442, 443, 444, 445, 446, 447, 448, 449, 450, 451, 452, 453, 454, 455, 456, 457, 458, 459, 460, 461, 462, 463, 464, 465, 466, 467, 468, 469, 470, 471, 472, 473, 474, 475, 476, 477, 478, 479, 480, 481, 482, 483, 484, 848, 849, 850, 851, 852, 853, 854, 855, 856, 857, 858, 859, 860, 861, 862, 863, 864, 865, 866, 867, 868, 869, 870, 871, 872, 873, 874, 875, 876, 877, 878, 879, 880, 881, 882, 883, 884, 885, 886, 887, 888, 889, 890, 891, 892, 893, 894, 895, 896, 897, 898, 899, 900, 901, 902, 903, 904, 905, 906, 907, 908, 909, 910, 911, 912, 913, 914, 915, 916, 917, 918, 919, 920, 921, 922, 923, 924, 925, 926, 927, 928, 929, 930, 931, 932, 933, 934, 935]","[43, 66, 71, 104, 411, 414, 417, 420, 430, 441, 446, 448, 449, 450, 468, 523, 541, 546, 575, 860, 862, 865, 868, 869, 872, 882, 896, 897, 915]",[18],"[140, 315, 318, 420, 446, 448, 450, 468, 611, 773, 776, 860, 872, 896, 915]","[17, 18, 19, 20, 21, 22, 23, 156, 157, 158, 159, 160, 161, 162, 163, 164, 165, 166, 167, 168, 340, 341, 342, 343, 344, 345, 346, 412, 413, 414, 415, 416, 417, 418, 419, 420, 421, 422, 502, 503, 504, 505, 506, 507, 628, 629, 630, 631, 632, 633, 634, 635, 636, 637, 638, 639, 792, 796, 797, 798, 799, 800, 801, 863, 864, 865, 866, 867, 868, 869, 870, 871, 872, 873, 874]","[17, 18, 19, 20, 21, 22, 23, 156, 157, 158, 159, 160, 161, 162, 163, 164, 165, 166, 167, 341, 342, 343, 344, 345, 412, 413, 414, 415, 416, 417, 418, 419, 420, 421, 422, 502, 503, 504, 505, 506, 507, 628, 629, 630, 631, 632, 633, 634, 635, 636, 637, 638, 639, 792, 797, 798, 799, 800, 801, 863, 864, 865, 866, 867, 868, 869, 870, 871, 872, 873, 874]",7/6 successful match,True,[605],True,102,True,2008,0.058823529411764705,True,00,
D Salt Lake City ( North ) ( 84054 ) Flying J Fuel Stop # 772,3 801-936-1408 I-215 Exit 27 ( UT 68 N ),24 M,Salt Lake City,84054,Flying J Fuel Stop # 772,801-936-1408,2014,North Salt Lake,UT,Flying J,( UT 68 N ),I-215 Exit 27 ,Exit,27,False,,False,I-215,,,,,"[872, 420]","[420, 450, 872]","[43, 66, 71, 104, 411, 414, 417, 420, 430, 441, 446, 448, 449, 450, 468, 523, 541, 546, 575, 860, 862, 865, 868, 869, 872, 882, 896, 897, 915]","[420, 450, 872]","[398, 399, 400, 401, 402, 403, 404, 405, 406, 407, 408, 409, 410, 411, 412, 413, 414, 415, 416, 417, 418, 419, 420, 421, 422, 423, 424, 425, 426, 427, 428, 429, 430, 431, 432, 433, 434, 435, 436, 437, 438, 439, 440, 441, 442, 443, 444, 445, 446, 447, 448, 449, 450, 451, 452, 453, 454, 455, 456, 457, 458, 459, 460, 461, 462, 463, 464, 465, 466, 467, 468, 469, 470, 471, 472, 473, 474, 475, 476, 477, 478, 479, 480, 481, 482, 483, 484, 848, 849, 850, 851, 852, 853, 854, 855, 856, 857, 858, 859, 860, 861, 862, 863, 864, 865, 866, 867, 868, 869, 870, 871, 872, 873, 874, 875, 876, 877, 878, 879, 880, 881, 882, 883, 884, 885, 886, 887, 888, 889, 890, 891, 892, 893, 894, 895, 896, 897, 898, 899, 900, 901, 902, 903, 904, 905, 906, 907, 908, 909, 910, 911, 912, 913, 914, 915, 916, 917, 918, 919, 920, 921, 922, 923, 924, 925, 926, 927, 928, 929, 930, 931, 932, 933, 934, 935]","[140, 315, 318, 420, 446, 448, 450, 468, 611, 773, 776, 860, 872, 896, 915]","[17, 18, 19, 20, 21, 22, 23, 156, 157, 158, 159, 160, 161, 162, 163, 164, 165, 166, 167, 341, 342, 343, 344, 345, 412, 413, 414, 415, 416, 417, 418, 419, 420, 421, 422, 502, 503, 504, 505, 506, 507, 628, 629, 630, 631, 632, 633, 634, 635, 636, 637, 638, 639, 792, 797, 798, 799, 800, 801, 863, 864, 865, 866, 867, 868, 869, 870, 871, 872, 873, 874]","[17, 18, 19, 20, 21, 22, 23, 156, 157, 158, 159, 160, 161, 162, 163, 164, 165, 166, 167, 168, 340, 341, 342, 343, 344, 345, 346, 412, 413, 414, 415, 416, 417, 418, 419, 420, 421, 422, 502, 503, 504, 505, 506, 507, 628, 629, 630, 631, 632, 633, 634, 635, 636, 637, 638, 639, 792, 796, 797, 798, 799, 800, 801, 863, 864, 865, 866, 867, 868, 869, 870, 871, 872, 873, 874]","[916, 917, 523, 918, 919, 17, 18, 19, 20, 920, 21, 22, 23, 921, 541, 922, 546, 923, 924, 43, 925, 926, 927, 928, 575, 66, 929, 71, 930, 931, 932, 933, 934, 935, 611, 104, 628, 629, 630, 631, 632, 633, 634, 635, 636, 637, 638, 639, 140, 156, 157, 158, 159, 160, 161, 162, 163, 164, 165, 166, 167, 168, 340, 442, 341, 342, 343, 344, 345, 346, 773, 776, 792, 796, 797, 798, 799, 800, 801, 315, 318, 848, 849, 850, 851, 852, 853, 854, 855, 856, 857, 858, 859, 860, 861, 862, 863, 864, 865, 866, 867, 868, 869, 870, 871, 872, 873, 874, 875, 876, 877, 878, 879, 880, 881, 882, 883, 884, 885, 886, 887, 888, 889, 890, 891, 892, 893, 894, 895, 896, 897, 898, 899, 900, 901, 902, 903, 904, 905, 906, 907, 908, 909, 398, 399, 400, 401, 402, 915, 403, 404, 405, 406, 407, 408, 409, 411, 410, 412, 414, 413, 415, 417, 416, 418, 420, 419, 421, 422, 423, 424, 425, 426, 427, 428, 430, 429, 431, 432, 433, 434, 435, 436, 437, 438, 439, 441, 440, 443, 444, 445, 446, 447, 448, 449, 450, 451, 452, 453, 454, 455, 456, 457, 458, 459, 460, 461, 462, 463, 464, 465, 466, 467, 468, 469, 470, 471, 472, 473, 474, 475, 476, 477, 478, 479, 480, 481, 482, 483, 484, 910, 503, 911, 912, 913, 502, 914, 504, 505, 506, 507]",True,"[420, 450, 872]","[398, 399, 400, 401, 402, 403, 404, 405, 406, 407, 408, 409, 410, 411, 412, 413, 414, 415, 416, 417, 418, 419, 420, 421, 422, 423, 424, 425, 426, 427, 428, 429, 430, 431, 432, 433, 434, 435, 436, 437, 438, 439, 440, 441, 442, 443, 444, 445, 446, 447, 448, 449, 450, 451, 452, 453, 454, 455, 456, 457, 458, 459, 460, 461, 462, 463, 464, 465, 466, 467, 468, 469, 470, 471, 472, 473, 474, 475, 476, 477, 478, 479, 480, 481, 482, 483, 484, 848, 849, 850, 851, 852, 853, 854, 855, 856, 857, 858, 859, 860, 861, 862, 863, 864, 865, 866, 867, 868, 869, 870, 871, 872, 873, 874, 875, 876, 877, 878, 879, 880, 881, 882, 883, 884, 885, 886, 887, 888, 889, 890, 891, 892, 893, 894, 895, 896, 897, 898, 899, 900, 901, 902, 903, 904, 905, 906, 907, 908, 909, 910, 911, 912, 913, 914, 915, 916, 917, 918, 919, 920, 921, 922, 923, 924, 925, 926, 927, 928, 929, 930, 931, 932, 933, 934, 935]","[43, 66, 71, 104, 411, 414, 417, 420, 430, 441, 446, 448, 449, 450, 468, 523, 541, 546, 575, 860, 862, 865, 868, 869, 872, 882, 896, 897, 915]","[420, 450, 872]","[140, 315, 318, 420, 446, 448, 450, 468, 611, 773, 776, 860, 872, 896, 915]","[17, 18, 19, 20, 21, 22, 23, 156, 157, 158, 159, 160, 161, 162, 163, 164, 165, 166, 167, 168, 340, 341, 342, 343, 344, 345, 346, 412, 413, 414, 415, 416, 417, 418, 419, 420, 421, 422, 502, 503, 504, 505, 506, 507, 628, 629, 630, 631, 632, 633, 634, 635, 636, 637, 638, 639, 792, 796, 797, 798, 799, 800, 801, 863, 864, 865, 866, 867, 868, 869, 870, 871, 872, 873, 874]","[17, 18, 19, 20, 21, 22, 23, 156, 157, 158, 159, 160, 161, 162, 163, 164, 165, 166, 167, 341, 342, 343, 344, 345, 412, 413, 414, 415, 416, 417, 418, 419, 420, 421, 422, 502, 503, 504, 505, 506, 507, 628, 629, 630, 631, 632, 633, 634, 635, 636, 637, 638, 639, 792, 797, 798, 799, 800, 801, 863, 864, 865, 866, 867, 868, 869, 870, 871, 872, 873, 874]",7/6 successful match,True,[605],True,102,False,,0.5357142857142858,True,Flying J Fuel Stop # 0500100 124,Flying J
Salt Lake City ( N ) ( 84054 ) Flying J Fuel Stop # 772,801-936-1408 I-215 Exit 27 ( UT 68 N ) FLYING J,FLYING J 24 DOMO,Salt Lake City,84054,Flying J Fuel Stop # 772,801-936-1408,2015,North Salt Lake,UT,Flying J,( UT 68 N ) FLYING J,I-215 Exit 27 ,Exit,27,False,,False,I-215,,,,,"[872, 420]","[420, 450, 872]","[43, 66, 71, 104, 411, 414, 417, 420, 430, 441, 446, 448, 449, 450, 468, 523, 541, 546, 575, 860, 862, 865, 868, 869, 872, 882, 896, 897, 915]","[420, 450, 872]","[398, 399, 400, 401, 402, 403, 404, 405, 406, 407, 408, 409, 410, 411, 412, 413, 414, 415, 416, 417, 418, 419, 420, 421, 422, 423, 424, 425, 426, 427, 428, 429, 430, 431, 432, 433, 434, 435, 436, 437, 438, 439, 440, 441, 442, 443, 444, 445, 446, 447, 448, 449, 450, 451, 452, 453, 454, 455, 456, 457, 458, 459, 460, 461, 462, 463, 464, 465, 466, 467, 468, 469, 470, 471, 472, 473, 474, 475, 476, 477, 478, 479, 480, 481, 482, 483, 484, 848, 849, 850, 851, 852, 853, 854, 855, 856, 857, 858, 859, 860, 861, 862, 863, 864, 865, 866, 867, 868, 869, 870, 871, 872, 873, 874, 875, 876, 877, 878, 879, 880, 881, 882, 883, 884, 885, 886, 887, 888, 889, 890, 891, 892, 893, 894, 895, 896, 897, 898, 899, 900, 901, 902, 903, 904, 905, 906, 907, 908, 909, 910, 911, 912, 913, 914, 915, 916, 917, 918, 919, 920, 921, 922, 923, 924, 925, 926, 927, 928, 929, 930, 931, 932, 933, 934, 935]","[140, 315, 318, 420, 446, 448, 450, 468, 611, 773, 776, 860, 872, 896, 915]","[17, 18, 19, 20, 21, 22, 23, 156, 157, 158, 159, 160, 161, 162, 163, 164, 165, 166, 167, 341, 342, 343, 344, 345, 412, 413, 414, 415, 416, 417, 418, 419, 420, 421, 422, 502, 503, 504, 505, 506, 507, 628, 629, 630, 631, 632, 633, 634, 635, 636, 637, 638, 639, 792, 797, 798, 799, 800, 801, 863, 864, 865, 866, 867, 868, 869, 870, 871, 872, 873, 874]","[17, 18, 19, 20, 21, 22, 23, 156, 157, 158, 159, 160, 161, 162, 163, 164, 165, 166, 167, 168, 340, 341, 342, 343, 344, 345, 346, 412, 413, 414, 415, 416, 417, 418, 419, 420, 421, 422, 502, 503, 504, 505, 506, 507, 628, 629, 630, 631, 632, 633, 634, 635, 636, 637, 638, 639, 792, 796, 797, 798, 799, 800, 801, 863, 864, 865, 866, 867, 868, 869, 870, 871, 872, 873, 874]","[916, 917, 523, 918, 919, 17, 18, 19, 20, 920, 21, 22, 23, 921, 541, 922, 546, 923, 924, 43, 925, 926, 927, 928, 575, 66, 929, 71, 930, 931, 932, 933, 934, 935, 611, 104, 628, 629, 630, 631, 632, 633, 634, 635, 636, 637, 638, 639, 140, 156, 157, 158, 159, 160, 161, 162, 163, 164, 165, 166, 167, 168, 340, 442, 341, 342, 343, 344, 345, 346, 773, 776, 792, 796, 797, 798, 799, 800, 801, 315, 318, 848, 849, 850, 851, 852, 853, 854, 855, 856, 857, 858, 859, 860, 861, 862, 863, 864, 865, 866, 867, 868, 869, 870, 871, 872, 873, 874, 875, 876, 877, 878, 879, 880, 881, 882, 883, 884, 885, 886, 887, 888, 889, 890, 891, 892, 893, 894, 895, 896, 897, 898, 899, 900, 901, 902, 903, 904, 905, 906, 907, 908, 909, 398, 399, 400, 401, 402, 915, 403, 404, 405, 406, 407, 408, 409, 411, 410, 412, 414, 413, 415, 417, 416, 418, 420, 419, 421, 422, 423, 424, 425, 426, 427, 428, 430, 429, 431, 432, 433, 434, 435, 436, 437, 438, 439, 441, 440, 443, 444, 445, 446, 447, 448, 449, 450, 451, 452, 453, 454, 455, 456, 457, 458, 459, 460, 461, 462, 463, 464, 465, 466, 467, 468, 469, 470, 471, 472, 473, 474, 475, 476, 477, 478, 479, 480, 481, 482, 483, 484, 910, 503, 911, 912, 913, 502, 914, 504, 505, 506, 507]",True,"[420, 450, 872]","[398, 399, 400, 401, 402, 403, 404, 405, 406, 407, 408, 409, 410, 411, 412, 413, 414, 415, 416, 417, 418, 419, 420, 421, 422, 423, 424, 425, 426, 427, 428, 429, 430, 431, 432, 433, 434, 435, 436, 437, 438, 439, 440, 441, 442, 443, 444, 445, 446, 447, 448, 449, 450, 451, 452, 453, 454, 455, 456, 457, 458, 459, 460, 461, 462, 463, 464, 465, 466, 467, 468, 469, 470, 471, 472, 473, 474, 475, 476, 477, 478, 479, 480, 481, 482, 483, 484, 848, 849, 850, 851, 852, 853, 854, 855, 856, 857, 858, 859, 860, 861, 862, 863, 864, 865, 866, 867, 868, 869, 870, 871, 872, 873, 874, 875, 876, 877, 878, 879, 880, 881, 882, 883, 884, 885, 886, 887, 888, 889, 890, 891, 892, 893, 894, 895, 896, 897, 898, 899, 900, 901, 902, 903, 904, 905, 906, 907, 908, 909, 910, 911, 912, 913, 914, 915, 916, 917, 918, 919, 920, 921, 922, 923, 924, 925, 926, 927, 928, 929, 930, 931, 932, 933, 934, 935]","[43, 66, 71, 104, 411, 414, 417, 420, 430, 441, 446, 448, 449, 450, 468, 523, 541, 546, 575, 860, 862, 865, 868, 869, 872, 882, 896, 897, 915]","[420, 450, 872]","[140, 315, 318, 420, 446, 448, 450, 468, 611, 773, 776, 860, 872, 896, 915]","[17, 18, 19, 20, 21, 22, 23, 156, 157, 158, 159, 160, 161, 162, 163, 164, 165, 166, 167, 168, 340, 341, 342, 343, 344, 345, 346, 412, 413, 414, 415, 416, 417, 418, 419, 420, 421, 422, 502, 503, 504, 505, 506, 507, 628, 629, 630, 631, 632, 633, 634, 635, 636, 637, 638, 639, 792, 796, 797, 798, 799, 800, 801, 863, 864, 865, 866, 867, 868, 869, 870, 871, 872, 873, 874]","[17, 18, 19, 20, 21, 22, 23, 156, 157, 158, 159, 160, 161, 162, 163, 164, 165, 166, 167, 341, 342, 343, 344, 345, 412, 413, 414, 415, 416, 417, 418, 419, 420, 421, 422, 502, 503, 504, 505, 506, 507, 628, 629, 630, 631, 632, 633, 634, 635, 636, 637, 638, 639, 792, 797, 798, 799, 800, 801, 863, 864, 865, 866, 867, 868, 869, 870, 871, 872, 873, 874]",7/6 successful match,True,[605],True,102,False,,1.0,True,Flying J Fuel Stop # 772,Flying J
Salt Lake City ( N ) ( 84054 ) Flying J Fuel Stop # 772,801-936-1408 I-215 Exit 27 ( UT 68 N ) FLYING,FLYING J 24,Salt Lake City,84054,Flying J Fuel Stop # 772,801-936-1408,2016,North Salt Lake,UT,Flying J,( UT 68 N ) FLYING,I-215 Exit 27 ,Exit,27,False,,False,I-215,,,,,"[872, 420]","[420, 450, 872]","[43, 66, 71, 104, 411, 414, 417, 420, 430, 441, 446, 448, 449, 450, 468, 523, 541, 546, 575, 860, 862, 865, 868, 869, 872, 882, 896, 897, 915]","[420, 450, 872]","[398, 399, 400, 401, 402, 403, 404, 405, 406, 407, 408, 409, 410, 411, 412, 413, 414, 415, 416, 417, 418, 419, 420, 421, 422, 423, 424, 425, 426, 427, 428, 429, 430, 431, 432, 433, 434, 435, 436, 437, 438, 439, 440, 441, 442, 443, 444, 445, 446, 447, 448, 449, 450, 451, 452, 453, 454, 455, 456, 457, 458, 459, 460, 461, 462, 463, 464, 465, 466, 467, 468, 469, 470, 471, 472, 473, 474, 475, 476, 477, 478, 479, 480, 481, 482, 483, 484, 848, 849, 850, 851, 852, 853, 854, 855, 856, 857, 858, 859, 860, 861, 862, 863, 864, 865, 866, 867, 868, 869, 870, 871, 872, 873, 874, 875, 876, 877, 878, 879, 880, 881, 882, 883, 884, 885, 886, 887, 888, 889, 890, 891, 892, 893, 894, 895, 896, 897, 898, 899, 900, 901, 902, 903, 904, 905, 906, 907, 908, 909, 910, 911, 912, 913, 914, 915, 916, 917, 918, 919, 920, 921, 922, 923, 924, 925, 926, 927, 928, 929, 930, 931, 932, 933, 934, 935]","[140, 315, 318, 420, 446, 448, 450, 468, 611, 773, 776, 860, 872, 896, 915]","[17, 18, 19, 20, 21, 22, 23, 156, 157, 158, 159, 160, 161, 162, 163, 164, 165, 166, 167, 341, 342, 343, 344, 345, 412, 413, 414, 415, 416, 417, 418, 419, 420, 421, 422, 502, 503, 504, 505, 506, 507, 628, 629, 630, 631, 632, 633, 634, 635, 636, 637, 638, 639, 792, 797, 798, 799, 800, 801, 863, 864, 865, 866, 867, 868, 869, 870, 871, 872, 873, 874]","[17, 18, 19, 20, 21, 22, 23, 156, 157, 158, 159, 160, 161, 162, 163, 164, 165, 166, 167, 168, 340, 341, 342, 343, 344, 345, 346, 412, 413, 414, 415, 416, 417, 418, 419, 420, 421, 422, 502, 503, 504, 505, 506, 507, 628, 629, 630, 631, 632, 633, 634, 635, 636, 637, 638, 639, 792, 796, 797, 798, 799, 800, 801, 863, 864, 865, 866, 867, 868, 869, 870, 871, 872, 873, 874]","[916, 917, 523, 918, 919, 17, 18, 19, 20, 920, 21, 22, 23, 921, 541, 922, 546, 923, 924, 43, 925, 926, 927, 928, 575, 66, 929, 71, 930, 931, 932, 933, 934, 935, 611, 104, 628, 629, 630, 631, 632, 633, 634, 635, 636, 637, 638, 639, 140, 156, 157, 158, 159, 160, 161, 162, 163, 164, 165, 166, 167, 168, 340, 442, 341, 342, 343, 344, 345, 346, 773, 776, 792, 796, 797, 798, 799, 800, 801, 315, 318, 848, 849, 850, 851, 852, 853, 854, 855, 856, 857, 858, 859, 860, 861, 862, 863, 864, 865, 866, 867, 868, 869, 870, 871, 872, 873, 874, 875, 876, 877, 878, 879, 880, 881, 882, 883, 884, 885, 886, 887, 888, 889, 890, 891, 892, 893, 894, 895, 896, 897, 898, 899, 900, 901, 902, 903, 904, 905, 906, 907, 908, 909, 398, 399, 400, 401, 402, 915, 403, 404, 405, 406, 407, 408, 409, 411, 410, 412, 414, 413, 415, 417, 416, 418, 420, 419, 421, 422, 423, 424, 425, 426, 427, 428, 430, 429, 431, 432, 433, 434, 435, 436, 437, 438, 439, 441, 440, 443, 444, 445, 446, 447, 448, 449, 450, 451, 452, 453, 454, 455, 456, 457, 458, 459, 460, 461, 462, 463, 464, 465, 466, 467, 468, 469, 470, 471, 472, 473, 474, 475, 476, 477, 478, 479, 480, 481, 482, 483, 484, 910, 503, 911, 912, 913, 502, 914, 504, 505, 506, 507]",True,"[420, 450, 872]","[398, 399, 400, 401, 402, 403, 404, 405, 406, 407, 408, 409, 410, 411, 412, 413, 414, 415, 416, 417, 418, 419, 420, 421, 422, 423, 424, 425, 426, 427, 428, 429, 430, 431, 432, 433, 434, 435, 436, 437, 438, 439, 440, 441, 442, 443, 444, 445, 446, 447, 448, 449, 450, 451, 452, 453, 454, 455, 456, 457, 458, 459, 460, 461, 462, 463, 464, 465, 466, 467, 468, 469, 470, 471, 472, 473, 474, 475, 476, 477, 478, 479, 480, 481, 482, 483, 484, 848, 849, 850, 851, 852, 853, 854, 855, 856, 857, 858, 859, 860, 861, 862, 863, 864, 865, 866, 867, 868, 869, 870, 871, 872, 873, 874, 875, 876, 877, 878, 879, 880, 881, 882, 883, 884, 885, 886, 887, 888, 889, 890, 891, 892, 893, 894, 895, 896, 897, 898, 899, 900, 901, 902, 903, 904, 905, 906, 907, 908, 909, 910, 911, 912, 913, 914, 915, 916, 917, 918, 919, 920, 921, 922, 923, 924, 925, 926, 927, 928, 929, 930, 931, 932, 933, 934, 935]","[43, 66, 71, 104, 411, 414, 417, 420, 430, 441, 446, 448, 449, 450, 468, 523, 541, 546, 575, 860, 862, 865, 868, 869, 872, 882, 896, 897, 915]","[420, 450, 872]","[140, 315, 318, 420, 446, 448, 450, 468, 611, 773, 776, 860, 872, 896, 915]","[17, 18, 19, 20, 21, 22, 23, 156, 157, 158, 159, 160, 161, 162, 163, 164, 165, 166, 167, 168, 340, 341, 342, 343, 344, 345, 346, 412, 413, 414, 415, 416, 417, 418, 419, 420, 421, 422, 502, 503, 504, 505, 506, 507, 628, 629, 630, 631, 632, 633, 634, 635, 636, 637, 638, 639, 792, 796, 797, 798, 799, 800, 801, 863, 864, 865, 866, 867, 868, 869, 870, 871, 872, 873, 874]","[17, 18, 19, 20, 21, 22, 23, 156, 157, 158, 159, 160, 161, 162, 163, 164, 165, 166, 167, 341, 342, 343, 344, 345, 412, 413, 414, 415, 416, 417, 418, 419, 420, 421, 422, 502, 503, 504, 505, 506, 507, 628, 629, 630, 631, 632, 633, 634, 635, 636, 637, 638, 639, 792, 797, 798, 799, 800, 801, 863, 864, 865, 866, 867, 868, 869, 870, 871, 872, 873, 874]",7/6 successful match,True,[605],True,102,False,,1.0,True,Flying J Fuel Stop # 772,Flying J
"D Silver Creek , 84060 Bell's Silver Creek Junction ( Sinclair )",435-649-9243 I-80 Exit 146 ( US 40 ),MO,Silver Creek,84060,Bell's Silver Creek Junction ( Sinclair ),435-649-9243,2006,Park City,UT,Sinclair,( US 40 ),I-80 Exit 146 ,Exit,146,False,,False,I-80,,,,,"[403, 852]",[],"[289, 403, 748, 852]","[62, 202, 307, 403, 672, 765, 852]","[398, 399, 400, 401, 402, 403, 404, 405, 406, 407, 408, 409, 410, 411, 412, 413, 414, 415, 416, 417, 418, 419, 420, 421, 422, 423, 424, 425, 426, 427, 428, 429, 430, 431, 432, 433, 434, 435, 436, 437, 438, 439, 440, 441, 442, 443, 444, 445, 446, 447, 448, 449, 450, 451, 452, 453, 454, 455, 456, 457, 458, 459, 460, 461, 462, 463, 464, 465, 466, 467, 468, 469, 470, 471, 472, 473, 474, 475, 476, 477, 478, 479, 480, 481, 482, 483, 484, 848, 849, 850, 851, 852, 853, 854, 855, 856, 857, 858, 859, 860, 861, 862, 863, 864, 865, 866, 867, 868, 869, 870, 871, 872, 873, 874, 875, 876, 877, 878, 879, 880, 881, 882, 883, 884, 885, 886, 887, 888, 889, 890, 891, 892, 893, 894, 895, 896, 897, 898, 899, 900, 901, 902, 903, 904, 905, 906, 907, 908, 909, 910, 911, 912, 913, 914, 915, 916, 917, 918, 919, 920, 921, 922, 923, 924, 925, 926, 927, 928, 929, 930, 931, 932, 933, 934, 935]","[89, 108, 172, 217, 221, 239, 264, 280, 321, 342, 343, 344, 345, 346, 349, 351, 352, 355, 357, 359, 364, 368, 371, 372, 373, 374, 376, 377, 387, 392, 393, 403, 409, 411, 414, 424, 430, 449, 454, 470, 480, 560, 584, 643, 685, 703, 724, 739, 779, 798, 799, 800, 801, 804, 806, 807, 810, 812, 814, 816, 821, 822, 823, 824, 826, 827, 837, 842, 843, 852, 859, 862, 865, 869, 876, 882, 897, 901, 917, 932]","[31, 142, 147, 180, 338, 352, 367, 387, 403, 405, 408, 410, 455, 465, 466, 468, 470, 472, 473, 483, 484, 514, 613, 618, 651, 794, 807, 837, 852, 854, 858, 861, 902, 912, 913, 915, 917, 919, 920, 931, 934, 935]","[31, 142, 147, 179, 180, 338, 352, 353, 367, 386, 387, 402, 403, 405, 408, 410, 426, 428, 455, 465, 466, 468, 470, 472, 473, 483, 484, 514, 613, 618, 650, 651, 794, 807, 808, 836, 837, 851, 852, 854, 858, 861, 878, 880, 902, 912, 913, 915, 917, 919, 920, 931, 934, 935]","[916, 514, 917, 918, 387, 919, 920, 921, 922, 31, 923, 924, 925, 560, 926, 927, 62, 928, 929, 930, 584, 931, 932, 933, 89, 934, 935, 613, 618, 108, 643, 392, 651, 650, 142, 372, 147, 672, 393, 338, 373, 172, 685, 179, 180, 342, 343, 703, 344, 374, 345, 202, 346, 724, 217, 349, 221, 739, 351, 748, 352, 239, 353, 376, 355, 765, 357, 264, 779, 377, 359, 280, 794, 798, 799, 800, 289, 801, 804, 806, 807, 364, 808, 810, 812, 814, 816, 307, 821, 822, 823, 824, 367, 826, 827, 368, 321, 836, 837, 842, 371, 843, 848, 849, 850, 851, 852, 853, 854, 855, 856, 857, 858, 859, 860, 861, 862, 863, 864, 865, 866, 867, 868, 869, 870, 871, 872, 873, 874, 875, 876, 877, 878, 879, 880, 881, 882, 883, 884, 885, 886, 887, 888, 889, 890, 891, 892, 893, 894, 895, 896, 897, 898, 899, 900, 901, 902, 903, 904, 905, 906, 907, 908, 909, 398, 399, 400, 401, 402, 403, 404, 405, 406, 407, 408, 409, 410, 411, 412, 413, 414, 415, 416, 417, 418, 419, 420, 421, 422, 423, 424, 425, 426, 427, 428, 429, 430, 431, 432, 433, 434, 435, 436, 437, 438, 439, 440, 441, 442, 443, 444, 445, 446, 447, 448, 449, 450, 451, 452, 453, 454, 455, 456, 457, 458, 459, 460, 461, 462, 463, 464, 465, 466, 467, 468, 469, 470, 471, 472, 473, 474, 475, 476, 477, 478, 479, 480, 481, 482, 483, 484, 910, 911, 912, 913, 386, 914, 915]",True,[],"[398, 399, 400, 401, 402, 403, 404, 405, 406, 407, 408, 409, 410, 411, 412, 413, 414, 415, 416, 417, 418, 419, 420, 421, 422, 423, 424, 425, 426, 427, 428, 429, 430, 431, 432, 433, 434, 435, 436, 437, 438, 439, 440, 441, 442, 443, 444, 445, 446, 447, 448, 449, 450, 451, 452, 453, 454, 455, 456, 457, 458, 459, 460, 461, 462, 463, 464, 465, 466, 467, 468, 469, 470, 471, 472, 473, 474, 475, 476, 477, 478, 479, 480, 481, 482, 483, 484, 848, 849, 850, 851, 852, 853, 854, 855, 856, 857, 858, 859, 860, 861, 862, 863, 864, 865, 866, 867, 868, 869, 870, 871, 872, 873, 874, 875, 876, 877, 878, 879, 880, 881, 882, 883, 884, 885, 886, 887, 888, 889, 890, 891, 892, 893, 894, 895, 896, 897, 898, 899, 900, 901, 902, 903, 904, 905, 906, 907, 908, 909, 910, 911, 912, 913, 914, 915, 916, 917, 918, 919, 920, 921, 922, 923, 924, 925, 926, 927, 928, 929, 930, 931, 932, 933, 934, 935]","[289, 403, 748, 852]","[62, 202, 307, 403, 672, 765, 852]","[89, 108, 172, 217, 221, 239, 264, 280, 321, 342, 343, 344, 345, 346, 349, 351, 352, 355, 357, 359, 364, 368, 371, 372, 373, 374, 376, 377, 387, 392, 393, 403, 409, 411, 414, 424, 430, 449, 454, 470, 480, 560, 584, 643, 685, 703, 724, 739, 779, 798, 799, 800, 801, 804, 806, 807, 810, 812, 814, 816, 821, 822, 823, 824, 826, 827, 837, 842, 843, 852, 859, 862, 865, 869, 876, 882, 897, 901, 917, 932]","[31, 142, 147, 179, 180, 338, 352, 353, 367, 386, 387, 402, 403, 405, 408, 410, 426, 428, 455, 465, 466, 468, 470, 472, 473, 483, 484, 514, 613, 618, 650, 651, 794, 807, 808, 836, 837, 851, 852, 854, 858, 861, 878, 880, 902, 912, 913, 915, 917, 919, 920, 931, 934, 935]","[31, 142, 147, 180, 338, 352, 367, 387, 403, 405, 408, 410, 455, 465, 466, 468, 470, 472, 473, 483, 484, 514, 613, 618, 651, 794, 807, 837, 852, 854, 858, 861, 902, 912, 913, 915, 917, 919, 920, 931, 934, 935]",7/6 successful match,True,"[385, 386, 387]",True,103,False,,,,,
"D Silver Creek , 84060 Bell's Silver Creek Junction ( Sinclair )",435-649-9243 I-80 Exit 146 ( US 40 ),) 24 MO D,Silver Creek,84060,Bell's Silver Creek Junction ( Sinclair ),435-649-9243,2007,Park City,UT,Sinclair,( US 40 ),I-80 Exit 146 ,Exit,146,False,,False,I-80,,,,,"[403, 852]",[],"[289, 403, 748, 852]","[62, 202, 307, 403, 672, 765, 852]","[398, 399, 400, 401, 402, 403, 404, 405, 406, 407, 408, 409, 410, 411, 412, 413, 414, 415, 416, 417, 418, 419, 420, 421, 422, 423, 424, 425, 426, 427, 428, 429, 430, 431, 432, 433, 434, 435, 436, 437, 438, 439, 440, 441, 442, 443, 444, 445, 446, 447, 448, 449, 450, 451, 452, 453, 454, 455, 456, 457, 458, 459, 460, 461, 462, 463, 464, 465, 466, 467, 468, 469, 470, 471, 472, 473, 474, 475, 476, 477, 478, 479, 480, 481, 482, 483, 484, 848, 849, 850, 851, 852, 853, 854, 855, 856, 857, 858, 859, 860, 861, 862, 863, 864, 865, 866, 867, 868, 869, 870, 871, 872, 873, 874, 875, 876, 877, 878, 879, 880, 881, 882, 883, 884, 885, 886, 887, 888, 889, 890, 891, 892, 893, 894, 895, 896, 897, 898, 899, 900, 901, 902, 903, 904, 905, 906, 907, 908, 909, 910, 911, 912, 913, 914, 915, 916, 917, 918, 919, 920, 921, 922, 923, 924, 925, 926, 927, 928, 929, 930, 931, 932, 933, 934, 935]","[89, 108, 172, 217, 221, 239, 264, 280, 321, 342, 343, 344, 345, 346, 349, 351, 352, 355, 357, 359, 364, 368, 371, 372, 373, 374, 376, 377, 387, 392, 393, 403, 409, 411, 414, 424, 430, 449, 454, 470, 480, 560, 584, 643, 685, 703, 724, 739, 779, 798, 799, 800, 801, 804, 806, 807, 810, 812, 814, 816, 821, 822, 823, 824, 826, 827, 837, 842, 843, 852, 859, 862, 865, 869, 876, 882, 897, 901, 917, 932]","[31, 142, 147, 180, 338, 352, 367, 387, 403, 405, 408, 410, 455, 465, 466, 468, 470, 472, 473, 483, 484, 514, 613, 618, 651, 794, 807, 837, 852, 854, 858, 861, 902, 912, 913, 915, 917, 919, 920, 931, 934, 935]","[31, 142, 147, 179, 180, 338, 352, 353, 367, 386, 387, 402, 403, 405, 408, 410, 426, 428, 455, 465, 466, 468, 470, 472, 473, 483, 484, 514, 613, 618, 650, 651, 794, 807, 808, 836, 837, 851, 852, 854, 858, 861, 878, 880, 902, 912, 913, 915, 917, 919, 920, 931, 934, 935]","[916, 514, 917, 918, 387, 919, 920, 921, 922, 31, 923, 924, 925, 560, 926, 927, 62, 928, 929, 930, 584, 931, 932, 933, 89, 934, 935, 613, 618, 108, 643, 392, 651, 650, 142, 372, 147, 672, 393, 338, 373, 172, 685, 179, 180, 342, 343, 703, 344, 374, 345, 202, 346, 724, 217, 349, 221, 739, 351, 748, 352, 239, 353, 376, 355, 765, 357, 264, 779, 377, 359, 280, 794, 798, 799, 800, 289, 801, 804, 806, 807, 364, 808, 810, 812, 814, 816, 307, 821, 822, 823, 824, 367, 826, 827, 368, 321, 836, 837, 842, 371, 843, 848, 849, 850, 851, 852, 853, 854, 855, 856, 857, 858, 859, 860, 861, 862, 863, 864, 865, 866, 867, 868, 869, 870, 871, 872, 873, 874, 875, 876, 877, 878, 879, 880, 881, 882, 883, 884, 885, 886, 887, 888, 889, 890, 891, 892, 893, 894, 895, 896, 897, 898, 899, 900, 901, 902, 903, 904, 905, 906, 907, 908, 909, 398, 399, 400, 401, 402, 403, 404, 405, 406, 407, 408, 409, 410, 411, 412, 413, 414, 415, 416, 417, 418, 419, 420, 421, 422, 423, 424, 425, 426, 427, 428, 429, 430, 431, 432, 433, 434, 435, 436, 437, 438, 439, 440, 441, 442, 443, 444, 445, 446, 447, 448, 449, 450, 451, 452, 453, 454, 455, 456, 457, 458, 459, 460, 461, 462, 463, 464, 465, 466, 467, 468, 469, 470, 471, 472, 473, 474, 475, 476, 477, 478, 479, 480, 481, 482, 483, 484, 910, 911, 912, 913, 386, 914, 915]",True,[],"[398, 399, 400, 401, 402, 403, 404, 405, 406, 407, 408, 409, 410, 411, 412, 413, 414, 415, 416, 417, 418, 419, 420, 421, 422, 423, 424, 425, 426, 427, 428, 429, 430, 431, 432, 433, 434, 435, 436, 437, 438, 439, 440, 441, 442, 443, 444, 445, 446, 447, 448, 449, 450, 451, 452, 453, 454, 455, 456, 457, 458, 459, 460, 461, 462, 463, 464, 465, 466, 467, 468, 469, 470, 471, 472, 473, 474, 475, 476, 477, 478, 479, 480, 481, 482, 483, 484, 848, 849, 850, 851, 852, 853, 854, 855, 856, 857, 858, 859, 860, 861, 862, 863, 864, 865, 866, 867, 868, 869, 870, 871, 872, 873, 874, 875, 876, 877, 878, 879, 880, 881, 882, 883, 884, 885, 886, 887, 888, 889, 890, 891, 892, 893, 894, 895, 896, 897, 898, 899, 900, 901, 902, 903, 904, 905, 906, 907, 908, 909, 910, 911, 912, 913, 914, 915, 916, 917, 918, 919, 920, 921, 922, 923, 924, 925, 926, 927, 928, 929, 930, 931, 932, 933, 934, 935]","[289, 403, 748, 852]","[62, 202, 307, 403, 672, 765, 852]","[89, 108, 172, 217, 221, 239, 264, 280, 321, 342, 343, 344, 345, 346, 349, 351, 352, 355, 357, 359, 364, 368, 371, 372, 373, 374, 376, 377, 387, 392, 393, 403, 409, 411, 414, 424, 430, 449, 454, 470, 480, 560, 584, 643, 685, 703, 724, 739, 779, 798, 799, 800, 801, 804, 806, 807, 810, 812, 814, 816, 821, 822, 823, 824, 826, 827, 837, 842, 843, 852, 859, 862, 865, 869, 876, 882, 897, 901, 917, 932]","[31, 142, 147, 179, 180, 338, 352, 353, 367, 386, 387, 402, 403, 405, 408, 410, 426, 428, 455, 465, 466, 468, 470, 472, 473, 483, 484, 514, 613, 618, 650, 651, 794, 807, 808, 836, 837, 851, 852, 854, 858, 861, 878, 880, 902, 912, 913, 915, 917, 919, 920, 931, 934, 935]","[31, 142, 147, 180, 338, 352, 367, 387, 403, 405, 408, 410, 455, 465, 466, 468, 470, 472, 473, 483, 484, 514, 613, 618, 651, 794, 807, 837, 852, 854, 858, 861, 902, 912, 913, 915, 917, 919, 920, 931, 934, 935]",7/6 successful match,True,"[385, 386, 387]",True,103,False,,1.0,True,Bell's Silver Creek Junction ( Sinclair ),Sinclair
"D Silver Creek , 84060 Bell's Silver Creek Junction ( Sinclair )",435-649-9243 I-80 Exit 146 ( US 40 ),24 M <U+25A1> <U+25A1> <U+2610>,Silver Creek,84060,Bell's Silver Creek Junction ( Sinclair ),435-649-9243,2008,Park City,UT,Sinclair,( US 40 ),I-80 Exit 146 ,Exit,146,False,,False,I-80,,,,,"[403, 852]",[],"[289, 403, 748, 852]","[62, 202, 307, 403, 672, 765, 852]","[398, 399, 400, 401, 402, 403, 404, 405, 406, 407, 408, 409, 410, 411, 412, 413, 414, 415, 416, 417, 418, 419, 420, 421, 422, 423, 424, 425, 426, 427, 428, 429, 430, 431, 432, 433, 434, 435, 436, 437, 438, 439, 440, 441, 442, 443, 444, 445, 446, 447, 448, 449, 450, 451, 452, 453, 454, 455, 456, 457, 458, 459, 460, 461, 462, 463, 464, 465, 466, 467, 468, 469, 470, 471, 472, 473, 474, 475, 476, 477, 478, 479, 480, 481, 482, 483, 484, 848, 849, 850, 851, 852, 853, 854, 855, 856, 857, 858, 859, 860, 861, 862, 863, 864, 865, 866, 867, 868, 869, 870, 871, 872, 873, 874, 875, 876, 877, 878, 879, 880, 881, 882, 883, 884, 885, 886, 887, 888, 889, 890, 891, 892, 893, 894, 895, 896, 897, 898, 899, 900, 901, 902, 903, 904, 905, 906, 907, 908, 909, 910, 911, 912, 913, 914, 915, 916, 917, 918, 919, 920, 921, 922, 923, 924, 925, 926, 927, 928, 929, 930, 931, 932, 933, 934, 935]","[89, 108, 172, 217, 221, 239, 264, 280, 321, 342, 343, 344, 345, 346, 349, 351, 352, 355, 357, 359, 364, 368, 371, 372, 373, 374, 376, 377, 387, 392, 393, 403, 409, 411, 414, 424, 430, 449, 454, 470, 480, 560, 584, 643, 685, 703, 724, 739, 779, 798, 799, 800, 801, 804, 806, 807, 810, 812, 814, 816, 821, 822, 823, 824, 826, 827, 837, 842, 843, 852, 859, 862, 865, 869, 876, 882, 897, 901, 917, 932]","[31, 142, 147, 180, 338, 352, 367, 387, 403, 405, 408, 410, 455, 465, 466, 468, 470, 472, 473, 483, 484, 514, 613, 618, 651, 794, 807, 837, 852, 854, 858, 861, 902, 912, 913, 915, 917, 919, 920, 931, 934, 935]","[31, 142, 147, 179, 180, 338, 352, 353, 367, 386, 387, 402, 403, 405, 408, 410, 426, 428, 455, 465, 466, 468, 470, 472, 473, 483, 484, 514, 613, 618, 650, 651, 794, 807, 808, 836, 837, 851, 852, 854, 858, 861, 878, 880, 902, 912, 913, 915, 917, 919, 920, 931, 934, 935]","[916, 514, 917, 918, 387, 919, 920, 921, 922, 31, 923, 924, 925, 560, 926, 927, 62, 928, 929, 930, 584, 931, 932, 933, 89, 934, 935, 613, 618, 108, 643, 392, 651, 650, 142, 372, 147, 672, 393, 338, 373, 172, 685, 179, 180, 342, 343, 703, 344, 374, 345, 202, 346, 724, 217, 349, 221, 739, 351, 748, 352, 239, 353, 376, 355, 765, 357, 264, 779, 377, 359, 280, 794, 798, 799, 800, 289, 801, 804, 806, 807, 364, 808, 810, 812, 814, 816, 307, 821, 822, 823, 824, 367, 826, 827, 368, 321, 836, 837, 842, 371, 843, 848, 849, 850, 851, 852, 853, 854, 855, 856, 857, 858, 859, 860, 861, 862, 863, 864, 865, 866, 867, 868, 869, 870, 871, 872, 873, 874, 875, 876, 877, 878, 879, 880, 881, 882, 883, 884, 885, 886, 887, 888, 889, 890, 891, 892, 893, 894, 895, 896, 897, 898, 899, 900, 901, 902, 903, 904, 905, 906, 907, 908, 909, 398, 399, 400, 401, 402, 403, 404, 405, 406, 407, 408, 409, 410, 411, 412, 413, 414, 415, 416, 417, 418, 419, 420, 421, 422, 423, 424, 425, 426, 427, 428, 429, 430, 431, 432, 433, 434, 435, 436, 437, 438, 439, 440, 441, 442, 443, 444, 445, 446, 447, 448, 449, 450, 451, 452, 453, 454, 455, 456, 457, 458, 459, 460, 461, 462, 463, 464, 465, 466, 467, 468, 469, 470, 471, 472, 473, 474, 475, 476, 477, 478, 479, 480, 481, 482, 483, 484, 910, 911, 912, 913, 386, 914, 915]",True,[],"[398, 399, 400, 401, 402, 403, 404, 405, 406, 407, 408, 409, 410, 411, 412, 413, 414, 415, 416, 417, 418, 419, 420, 421, 422, 423, 424, 425, 426, 427, 428, 429, 430, 431, 432, 433, 434, 435, 436, 437, 438, 439, 440, 441, 442, 443, 444, 445, 446, 447, 448, 449, 450, 451, 452, 453, 454, 455, 456, 457, 458, 459, 460, 461, 462, 463, 464, 465, 466, 467, 468, 469, 470, 471, 472, 473, 474, 475, 476, 477, 478, 479, 480, 481, 482, 483, 484, 848, 849, 850, 851, 852, 853, 854, 855, 856, 857, 858, 859, 860, 861, 862, 863, 864, 865, 866, 867, 868, 869, 870, 871, 872, 873, 874, 875, 876, 877, 878, 879, 880, 881, 882, 883, 884, 885, 886, 887, 888, 889, 890, 891, 892, 893, 894, 895, 896, 897, 898, 899, 900, 901, 902, 903, 904, 905, 906, 907, 908, 909, 910, 911, 912, 913, 914, 915, 916, 917, 918, 919, 920, 921, 922, 923, 924, 925, 926, 927, 928, 929, 930, 931, 932, 933, 934, 935]","[289, 403, 748, 852]","[62, 202, 307, 403, 672, 765, 852]","[89, 108, 172, 217, 221, 239, 264, 280, 321, 342, 343, 344, 345, 346, 349, 351, 352, 355, 357, 359, 364, 368, 371, 372, 373, 374, 376, 377, 387, 392, 393, 403, 409, 411, 414, 424, 430, 449, 454, 470, 480, 560, 584, 643, 685, 703, 724, 739, 779, 798, 799, 800, 801, 804, 806, 807, 810, 812, 814, 816, 821, 822, 823, 824, 826, 827, 837, 842, 843, 852, 859, 862, 865, 869, 876, 882, 897, 901, 917, 932]","[31, 142, 147, 179, 180, 338, 352, 353, 367, 386, 387, 402, 403, 405, 408, 410, 426, 428, 455, 465, 466, 468, 470, 472, 473, 483, 484, 514, 613, 618, 650, 651, 794, 807, 808, 836, 837, 851, 852, 854, 858, 861, 878, 880, 902, 912, 913, 915, 917, 919, 920, 931, 934, 935]","[31, 142, 147, 180, 338, 352, 367, 387, 403, 405, 408, 410, 455, 465, 466, 468, 470, 472, 473, 483, 484, 514, 613, 618, 651, 794, 807, 837, 852, 854, 858, 861, 902, 912, 913, 915, 917, 919, 920, 931, 934, 935]",7/6 successful match,True,"[385, 386, 387]",True,103,False,,1.0,True,Bell's Silver Creek Junction ( Sinclair ),Sinclair
D Silver Creek ( 84060 ) Bell's Silver Creek Junction ( Sinclair ),435-649-9243 I-80 Exit 146 ( US 40 ),24 S,Silver Creek,84060,Bell's Silver Creek Junction ( Sinclair ),435-649-9243,2014,Park City,UT,Sinclair,( US 40 ),I-80 Exit 146 ,Exit,146,False,,False,I-80,,,,,"[403, 852]",[],"[289, 403, 748, 852]","[62, 202, 307, 403, 672, 765, 852]","[398, 399, 400, 401, 402, 403, 404, 405, 406, 407, 408, 409, 410, 411, 412, 413, 414, 415, 416, 417, 418, 419, 420, 421, 422, 423, 424, 425, 426, 427, 428, 429, 430, 431, 432, 433, 434, 435, 436, 437, 438, 439, 440, 441, 442, 443, 444, 445, 446, 447, 448, 449, 450, 451, 452, 453, 454, 455, 456, 457, 458, 459, 460, 461, 462, 463, 464, 465, 466, 467, 468, 469, 470, 471, 472, 473, 474, 475, 476, 477, 478, 479, 480, 481, 482, 483, 484, 848, 849, 850, 851, 852, 853, 854, 855, 856, 857, 858, 859, 860, 861, 862, 863, 864, 865, 866, 867, 868, 869, 870, 871, 872, 873, 874, 875, 876, 877, 878, 879, 880, 881, 882, 883, 884, 885, 886, 887, 888, 889, 890, 891, 892, 893, 894, 895, 896, 897, 898, 899, 900, 901, 902, 903, 904, 905, 906, 907, 908, 909, 910, 911, 912, 913, 914, 915, 916, 917, 918, 919, 920, 921, 922, 923, 924, 925, 926, 927, 928, 929, 930, 931, 932, 933, 934, 935]","[89, 108, 172, 217, 221, 239, 264, 280, 321, 342, 343, 344, 345, 346, 349, 351, 352, 355, 357, 359, 364, 368, 371, 372, 373, 374, 376, 377, 387, 392, 393, 403, 409, 411, 414, 424, 430, 449, 454, 470, 480, 560, 584, 643, 685, 703, 724, 739, 779, 798, 799, 800, 801, 804, 806, 807, 810, 812, 814, 816, 821, 822, 823, 824, 826, 827, 837, 842, 843, 852, 859, 862, 865, 869, 876, 882, 897, 901, 917, 932]","[31, 142, 147, 180, 338, 352, 367, 387, 403, 405, 408, 410, 455, 465, 466, 468, 470, 472, 473, 483, 484, 514, 613, 618, 651, 794, 807, 837, 852, 854, 858, 861, 902, 912, 913, 915, 917, 919, 920, 931, 934, 935]","[31, 142, 147, 179, 180, 338, 352, 353, 367, 386, 387, 402, 403, 405, 408, 410, 426, 428, 455, 465, 466, 468, 470, 472, 473, 483, 484, 514, 613, 618, 650, 651, 794, 807, 808, 836, 837, 851, 852, 854, 858, 861, 878, 880, 902, 912, 913, 915, 917, 919, 920, 931, 934, 935]","[916, 514, 917, 918, 387, 919, 920, 921, 922, 31, 923, 924, 925, 560, 926, 927, 62, 928, 929, 930, 584, 931, 932, 933, 89, 934, 935, 613, 618, 108, 643, 392, 651, 650, 142, 372, 147, 672, 393, 338, 373, 172, 685, 179, 180, 342, 343, 703, 344, 374, 345, 202, 346, 724, 217, 349, 221, 739, 351, 748, 352, 239, 353, 376, 355, 765, 357, 264, 779, 377, 359, 280, 794, 798, 799, 800, 289, 801, 804, 806, 807, 364, 808, 810, 812, 814, 816, 307, 821, 822, 823, 824, 367, 826, 827, 368, 321, 836, 837, 842, 371, 843, 848, 849, 850, 851, 852, 853, 854, 855, 856, 857, 858, 859, 860, 861, 862, 863, 864, 865, 866, 867, 868, 869, 870, 871, 872, 873, 874, 875, 876, 877, 878, 879, 880, 881, 882, 883, 884, 885, 886, 887, 888, 889, 890, 891, 892, 893, 894, 895, 896, 897, 898, 899, 900, 901, 902, 903, 904, 905, 906, 907, 908, 909, 398, 399, 400, 401, 402, 403, 404, 405, 406, 407, 408, 409, 410, 411, 412, 413, 414, 415, 416, 417, 418, 419, 420, 421, 422, 423, 424, 425, 426, 427, 428, 429, 430, 431, 432, 433, 434, 435, 436, 437, 438, 439, 440, 441, 442, 443, 444, 445, 446, 447, 448, 449, 450, 451, 452, 453, 454, 455, 456, 457, 458, 459, 460, 461, 462, 463, 464, 465, 466, 467, 468, 469, 470, 471, 472, 473, 474, 475, 476, 477, 478, 479, 480, 481, 482, 483, 484, 910, 911, 912, 913, 386, 914, 915]",True,[],"[398, 399, 400, 401, 402, 403, 404, 405, 406, 407, 408, 409, 410, 411, 412, 413, 414, 415, 416, 417, 418, 419, 420, 421, 422, 423, 424, 425, 426, 427, 428, 429, 430, 431, 432, 433, 434, 435, 436, 437, 438, 439, 440, 441, 442, 443, 444, 445, 446, 447, 448, 449, 450, 451, 452, 453, 454, 455, 456, 457, 458, 459, 460, 461, 462, 463, 464, 465, 466, 467, 468, 469, 470, 471, 472, 473, 474, 475, 476, 477, 478, 479, 480, 481, 482, 483, 484, 848, 849, 850, 851, 852, 853, 854, 855, 856, 857, 858, 859, 860, 861, 862, 863, 864, 865, 866, 867, 868, 869, 870, 871, 872, 873, 874, 875, 876, 877, 878, 879, 880, 881, 882, 883, 884, 885, 886, 887, 888, 889, 890, 891, 892, 893, 894, 895, 896, 897, 898, 899, 900, 901, 902, 903, 904, 905, 906, 907, 908, 909, 910, 911, 912, 913, 914, 915, 916, 917, 918, 919, 920, 921, 922, 923, 924, 925, 926, 927, 928, 929, 930, 931, 932, 933, 934, 935]","[289, 403, 748, 852]","[62, 202, 307, 403, 672, 765, 852]","[89, 108, 172, 217, 221, 239, 264, 280, 321, 342, 343, 344, 345, 346, 349, 351, 352, 355, 357, 359, 364, 368, 371, 372, 373, 374, 376, 377, 387, 392, 393, 403, 409, 411, 414, 424, 430, 449, 454, 470, 480, 560, 584, 643, 685, 703, 724, 739, 779, 798, 799, 800, 801, 804, 806, 807, 810, 812, 814, 816, 821, 822, 823, 824, 826, 827, 837, 842, 843, 852, 859, 862, 865, 869, 876, 882, 897, 901, 917, 932]","[31, 142, 147, 179, 180, 338, 352, 353, 367, 386, 387, 402, 403, 405, 408, 410, 426, 428, 455, 465, 466, 468, 470, 472, 473, 483, 484, 514, 613, 618, 650, 651, 794, 807, 808, 836, 837, 851, 852, 854, 858, 861, 878, 880, 902, 912, 913, 915, 917, 919, 920, 931, 934, 935]","[31, 142, 147, 180, 338, 352, 367, 387, 403, 405, 408, 410, 455, 465, 466, 468, 470, 472, 473, 483, 484, 514, 613, 618, 651, 794, 807, 837, 852, 854, 858, 861, 902, 912, 913, 915, 917, 919, 920, 931, 934, 935]",7/6 successful match,True,"[385, 386, 387]",True,103,False,,1.0,True,Bell's Silver Creek Junction ( Sinclair ),Sinclair
Silver Creek ( 84060 ) Bell's Silver Creek Junction ( Sinclair ),435-649-9243 I-80 Exit 146 ( US 40 ) AMREST,24 S D,Silver Creek,84060,Bell's Silver Creek Junction ( Sinclair ),435-649-9243,2015,Park City,UT,Sinclair,( US 40 ) AMREST,I-80 Exit 146 ,Exit,146,False,,False,I-80,,,,,"[403, 852]",[],"[289, 403, 748, 852]","[62, 202, 307, 403, 672, 765, 852]","[398, 399, 400, 401, 402, 403, 404, 405, 406, 407, 408, 409, 410, 411, 412, 413, 414, 415, 416, 417, 418, 419, 420, 421, 422, 423, 424, 425, 426, 427, 428, 429, 430, 431, 432, 433, 434, 435, 436, 437, 438, 439, 440, 441, 442, 443, 444, 445, 446, 447, 448, 449, 450, 451, 452, 453, 454, 455, 456, 457, 458, 459, 460, 461, 462, 463, 464, 465, 466, 467, 468, 469, 470, 471, 472, 473, 474, 475, 476, 477, 478, 479, 480, 481, 482, 483, 484, 848, 849, 850, 851, 852, 853, 854, 855, 856, 857, 858, 859, 860, 861, 862, 863, 864, 865, 866, 867, 868, 869, 870, 871, 872, 873, 874, 875, 876, 877, 878, 879, 880, 881, 882, 883, 884, 885, 886, 887, 888, 889, 890, 891, 892, 893, 894, 895, 896, 897, 898, 899, 900, 901, 902, 903, 904, 905, 906, 907, 908, 909, 910, 911, 912, 913, 914, 915, 916, 917, 918, 919, 920, 921, 922, 923, 924, 925, 926, 927, 928, 929, 930, 931, 932, 933, 934, 935]","[89, 108, 172, 217, 221, 239, 264, 280, 321, 342, 343, 344, 345, 346, 349, 351, 352, 355, 357, 359, 364, 368, 371, 372, 373, 374, 376, 377, 387, 392, 393, 403, 409, 411, 414, 424, 430, 449, 454, 470, 480, 560, 584, 643, 685, 703, 724, 739, 779, 798, 799, 800, 801, 804, 806, 807, 810, 812, 814, 816, 821, 822, 823, 824, 826, 827, 837, 842, 843, 852, 859, 862, 865, 869, 876, 882, 897, 901, 917, 932]","[31, 142, 147, 180, 338, 352, 367, 387, 403, 405, 408, 410, 455, 465, 466, 468, 470, 472, 473, 483, 484, 514, 613, 618, 651, 794, 807, 837, 852, 854, 858, 861, 902, 912, 913, 915, 917, 919, 920, 931, 934, 935]","[31, 142, 147, 179, 180, 338, 352, 353, 367, 386, 387, 402, 403, 405, 408, 410, 426, 428, 455, 465, 466, 468, 470, 472, 473, 483, 484, 514, 613, 618, 650, 651, 794, 807, 808, 836, 837, 851, 852, 854, 858, 861, 878, 880, 902, 912, 913, 915, 917, 919, 920, 931, 934, 935]","[916, 514, 917, 918, 387, 919, 920, 921, 922, 31, 923, 924, 925, 560, 926, 927, 62, 928, 929, 930, 584, 931, 932, 933, 89, 934, 935, 613, 618, 108, 643, 392, 651, 650, 142, 372, 147, 672, 393, 338, 373, 172, 685, 179, 180, 342, 343, 703, 344, 374, 345, 202, 346, 724, 217, 349, 221, 739, 351, 748, 352, 239, 353, 376, 355, 765, 357, 264, 779, 377, 359, 280, 794, 798, 799, 800, 289, 801, 804, 806, 807, 364, 808, 810, 812, 814, 816, 307, 821, 822, 823, 824, 367, 826, 827, 368, 321, 836, 837, 842, 371, 843, 848, 849, 850, 851, 852, 853, 854, 855, 856, 857, 858, 859, 860, 861, 862, 863, 864, 865, 866, 867, 868, 869, 870, 871, 872, 873, 874, 875, 876, 877, 878, 879, 880, 881, 882, 883, 884, 885, 886, 887, 888, 889, 890, 891, 892, 893, 894, 895, 896, 897, 898, 899, 900, 901, 902, 903, 904, 905, 906, 907, 908, 909, 398, 399, 400, 401, 402, 403, 404, 405, 406, 407, 408, 409, 410, 411, 412, 413, 414, 415, 416, 417, 418, 419, 420, 421, 422, 423, 424, 425, 426, 427, 428, 429, 430, 431, 432, 433, 434, 435, 436, 437, 438, 439, 440, 441, 442, 443, 444, 445, 446, 447, 448, 449, 450, 451, 452, 453, 454, 455, 456, 457, 458, 459, 460, 461, 462, 463, 464, 465, 466, 467, 468, 469, 470, 471, 472, 473, 474, 475, 476, 477, 478, 479, 480, 481, 482, 483, 484, 910, 911, 912, 913, 386, 914, 915]",True,[],"[398, 399, 400, 401, 402, 403, 404, 405, 406, 407, 408, 409, 410, 411, 412, 413, 414, 415, 416, 417, 418, 419, 420, 421, 422, 423, 424, 425, 426, 427, 428, 429, 430, 431, 432, 433, 434, 435, 436, 437, 438, 439, 440, 441, 442, 443, 444, 445, 446, 447, 448, 449, 450, 451, 452, 453, 454, 455, 456, 457, 458, 459, 460, 461, 462, 463, 464, 465, 466, 467, 468, 469, 470, 471, 472, 473, 474, 475, 476, 477, 478, 479, 480, 481, 482, 483, 484, 848, 849, 850, 851, 852, 853, 854, 855, 856, 857, 858, 859, 860, 861, 862, 863, 864, 865, 866, 867, 868, 869, 870, 871, 872, 873, 874, 875, 876, 877, 878, 879, 880, 881, 882, 883, 884, 885, 886, 887, 888, 889, 890, 891, 892, 893, 894, 895, 896, 897, 898, 899, 900, 901, 902, 903, 904, 905, 906, 907, 908, 909, 910, 911, 912, 913, 914, 915, 916, 917, 918, 919, 920, 921, 922, 923, 924, 925, 926, 927, 928, 929, 930, 931, 932, 933, 934, 935]","[289, 403, 748, 852]","[62, 202, 307, 403, 672, 765, 852]","[89, 108, 172, 217, 221, 239, 264, 280, 321, 342, 343, 344, 345, 346, 349, 351, 352, 355, 357, 359, 364, 368, 371, 372, 373, 374, 376, 377, 387, 392, 393, 403, 409, 411, 414, 424, 430, 449, 454, 470, 480, 560, 584, 643, 685, 703, 724, 739, 779, 798, 799, 800, 801, 804, 806, 807, 810, 812, 814, 816, 821, 822, 823, 824, 826, 827, 837, 842, 843, 852, 859, 862, 865, 869, 876, 882, 897, 901, 917, 932]","[31, 142, 147, 179, 180, 338, 352, 353, 367, 386, 387, 402, 403, 405, 408, 410, 426, 428, 455, 465, 466, 468, 470, 472, 473, 483, 484, 514, 613, 618, 650, 651, 794, 807, 808, 836, 837, 851, 852, 854, 858, 861, 878, 880, 902, 912, 913, 915, 917, 919, 920, 931, 934, 935]","[31, 142, 147, 180, 338, 352, 367, 387, 403, 405, 408, 410, 455, 465, 466, 468, 470, 472, 473, 483, 484, 514, 613, 618, 651, 794, 807, 837, 852, 854, 858, 861, 902, 912, 913, 915, 917, 919, 920, 931, 934, 935]",7/6 successful match,True,"[385, 386, 387]",True,103,False,,1.0,True,Bell's Silver Creek Junction ( Sinclair ),Sinclair
D Silver Creek ( 84060 ) Bell's Silver Creek Junction ( Sinclair ),435-649-9243 I-80 Exit 146 ( US 40 ),24 S <U+2610>,Silver Creek,84060,Bell's Silver Creek Junction ( Sinclair ),435-649-9243,2016,Park City,UT,Sinclair,( US 40 ),I-80 Exit 146 ,Exit,146,False,,False,I-80,,,,,"[403, 852]",[],"[289, 403, 748, 852]","[62, 202, 307, 403, 672, 765, 852]","[398, 399, 400, 401, 402, 403, 404, 405, 406, 407, 408, 409, 410, 411, 412, 413, 414, 415, 416, 417, 418, 419, 420, 421, 422, 423, 424, 425, 426, 427, 428, 429, 430, 431, 432, 433, 434, 435, 436, 437, 438, 439, 440, 441, 442, 443, 444, 445, 446, 447, 448, 449, 450, 451, 452, 453, 454, 455, 456, 457, 458, 459, 460, 461, 462, 463, 464, 465, 466, 467, 468, 469, 470, 471, 472, 473, 474, 475, 476, 477, 478, 479, 480, 481, 482, 483, 484, 848, 849, 850, 851, 852, 853, 854, 855, 856, 857, 858, 859, 860, 861, 862, 863, 864, 865, 866, 867, 868, 869, 870, 871, 872, 873, 874, 875, 876, 877, 878, 879, 880, 881, 882, 883, 884, 885, 886, 887, 888, 889, 890, 891, 892, 893, 894, 895, 896, 897, 898, 899, 900, 901, 902, 903, 904, 905, 906, 907, 908, 909, 910, 911, 912, 913, 914, 915, 916, 917, 918, 919, 920, 921, 922, 923, 924, 925, 926, 927, 928, 929, 930, 931, 932, 933, 934, 935]","[89, 108, 172, 217, 221, 239, 264, 280, 321, 342, 343, 344, 345, 346, 349, 351, 352, 355, 357, 359, 364, 368, 371, 372, 373, 374, 376, 377, 387, 392, 393, 403, 409, 411, 414, 424, 430, 449, 454, 470, 480, 560, 584, 643, 685, 703, 724, 739, 779, 798, 799, 800, 801, 804, 806, 807, 810, 812, 814, 816, 821, 822, 823, 824, 826, 827, 837, 842, 843, 852, 859, 862, 865, 869, 876, 882, 897, 901, 917, 932]","[31, 142, 147, 180, 338, 352, 367, 387, 403, 405, 408, 410, 455, 465, 466, 468, 470, 472, 473, 483, 484, 514, 613, 618, 651, 794, 807, 837, 852, 854, 858, 861, 902, 912, 913, 915, 917, 919, 920, 931, 934, 935]","[31, 142, 147, 179, 180, 338, 352, 353, 367, 386, 387, 402, 403, 405, 408, 410, 426, 428, 455, 465, 466, 468, 470, 472, 473, 483, 484, 514, 613, 618, 650, 651, 794, 807, 808, 836, 837, 851, 852, 854, 858, 861, 878, 880, 902, 912, 913, 915, 917, 919, 920, 931, 934, 935]","[916, 514, 917, 918, 387, 919, 920, 921, 922, 31, 923, 924, 925, 560, 926, 927, 62, 928, 929, 930, 584, 931, 932, 933, 89, 934, 935, 613, 618, 108, 643, 392, 651, 650, 142, 372, 147, 672, 393, 338, 373, 172, 685, 179, 180, 342, 343, 703, 344, 374, 345, 202, 346, 724, 217, 349, 221, 739, 351, 748, 352, 239, 353, 376, 355, 765, 357, 264, 779, 377, 359, 280, 794, 798, 799, 800, 289, 801, 804, 806, 807, 364, 808, 810, 812, 814, 816, 307, 821, 822, 823, 824, 367, 826, 827, 368, 321, 836, 837, 842, 371, 843, 848, 849, 850, 851, 852, 853, 854, 855, 856, 857, 858, 859, 860, 861, 862, 863, 864, 865, 866, 867, 868, 869, 870, 871, 872, 873, 874, 875, 876, 877, 878, 879, 880, 881, 882, 883, 884, 885, 886, 887, 888, 889, 890, 891, 892, 893, 894, 895, 896, 897, 898, 899, 900, 901, 902, 903, 904, 905, 906, 907, 908, 909, 398, 399, 400, 401, 402, 403, 404, 405, 406, 407, 408, 409, 410, 411, 412, 413, 414, 415, 416, 417, 418, 419, 420, 421, 422, 423, 424, 425, 426, 427, 428, 429, 430, 431, 432, 433, 434, 435, 436, 437, 438, 439, 440, 441, 442, 443, 444, 445, 446, 447, 448, 449, 450, 451, 452, 453, 454, 455, 456, 457, 458, 459, 460, 461, 462, 463, 464, 465, 466, 467, 468, 469, 470, 471, 472, 473, 474, 475, 476, 477, 478, 479, 480, 481, 482, 483, 484, 910, 911, 912, 913, 386, 914, 915]",True,[],"[398, 399, 400, 401, 402, 403, 404, 405, 406, 407, 408, 409, 410, 411, 412, 413, 414, 415, 416, 417, 418, 419, 420, 421, 422, 423, 424, 425, 426, 427, 428, 429, 430, 431, 432, 433, 434, 435, 436, 437, 438, 439, 440, 441, 442, 443, 444, 445, 446, 447, 448, 449, 450, 451, 452, 453, 454, 455, 456, 457, 458, 459, 460, 461, 462, 463, 464, 465, 466, 467, 468, 469, 470, 471, 472, 473, 474, 475, 476, 477, 478, 479, 480, 481, 482, 483, 484, 848, 849, 850, 851, 852, 853, 854, 855, 856, 857, 858, 859, 860, 861, 862, 863, 864, 865, 866, 867, 868, 869, 870, 871, 872, 873, 874, 875, 876, 877, 878, 879, 880, 881, 882, 883, 884, 885, 886, 887, 888, 889, 890, 891, 892, 893, 894, 895, 896, 897, 898, 899, 900, 901, 902, 903, 904, 905, 906, 907, 908, 909, 910, 911, 912, 913, 914, 915, 916, 917, 918, 919, 920, 921, 922, 923, 924, 925, 926, 927, 928, 929, 930, 931, 932, 933, 934, 935]","[289, 403, 748, 852]","[62, 202, 307, 403, 672, 765, 852]","[89, 108, 172, 217, 221, 239, 264, 280, 321, 342, 343, 344, 345, 346, 349, 351, 352, 355, 357, 359, 364, 368, 371, 372, 373, 374, 376, 377, 387, 392, 393, 403, 409, 411, 414, 424, 430, 449, 454, 470, 480, 560, 584, 643, 685, 703, 724, 739, 779, 798, 799, 800, 801, 804, 806, 807, 810, 812, 814, 816, 821, 822, 823, 824, 826, 827, 837, 842, 843, 852, 859, 862, 865, 869, 876, 882, 897, 901, 917, 932]","[31, 142, 147, 179, 180, 338, 352, 353, 367, 386, 387, 402, 403, 405, 408, 410, 426, 428, 455, 465, 466, 468, 470, 472, 473, 483, 484, 514, 613, 618, 650, 651, 794, 807, 808, 836, 837, 851, 852, 854, 858, 861, 878, 880, 902, 912, 913, 915, 917, 919, 920, 931, 934, 935]","[31, 142, 147, 180, 338, 352, 367, 387, 403, 405, 408, 410, 455, 465, 466, 468, 470, 472, 473, 483, 484, 514, 613, 618, 651, 794, 807, 837, 852, 854, 858, 861, 902, 912, 913, 915, 917, 919, 920, 931, 934, 935]",7/6 successful match,True,"[385, 386, 387]",True,103,False,,1.0,True,Bell's Silver Creek Junction ( Sinclair ),Sinclair
"Roosevelt , 84066 Top Stop Food Store # 66 ( Sinclair )",435-722-9940 US 40 W,S T,Roosevelt,84066,Top Stop Food Store # 66 ( Sinclair ),435-722-9940,2006,Roosevelt,UT,Sinclair,,US 40 W,empty,,False,,False,US 40,,,,,"[928, 477]","[459, 477, 906, 928]","[459, 477, 906, 928]",[],"[398, 399, 400, 401, 402, 403, 404, 405, 406, 407, 408, 409, 410, 411, 412, 413, 414, 415, 416, 417, 418, 419, 420, 421, 422, 423, 424, 425, 426, 427, 428, 429, 430, 431, 432, 433, 434, 435, 436, 437, 438, 439, 440, 441, 442, 443, 444, 445, 446, 447, 448, 449, 450, 451, 452, 453, 454, 455, 456, 457, 458, 459, 460, 461, 462, 463, 464, 465, 466, 467, 468, 469, 470, 471, 472, 473, 474, 475, 476, 477, 478, 479, 480, 481, 482, 483, 484, 848, 849, 850, 851, 852, 853, 854, 855, 856, 857, 858, 859, 860, 861, 862, 863, 864, 865, 866, 867, 868, 869, 870, 871, 872, 873, 874, 875, 876, 877, 878, 879, 880, 881, 882, 883, 884, 885, 886, 887, 888, 889, 890, 891, 892, 893, 894, 895, 896, 897, 898, 899, 900, 901, 902, 903, 904, 905, 906, 907, 908, 909, 910, 911, 912, 913, 914, 915, 916, 917, 918, 919, 920, 921, 922, 923, 924, 925, 926, 927, 928, 929, 930, 931, 932, 933, 934, 935]","[4, 11, 18, 21, 23, 26, 27, 28, 31, 35, 36, 43, 45, 52, 55, 56, 60, 62, 64, 70, 71, 80, 90, 94, 97, 183, 197, 232, 334, 426, 455, 472, 477, 478, 480, 483, 484, 490, 496, 505, 507, 509, 510, 511, 514, 516, 517, 523, 525, 529, 532, 533, 536, 538, 545, 546, 552, 561, 565, 568, 654, 668, 696, 790, 857, 878, 902, 919, 928, 929, 932, 934, 935]","[31, 142, 147, 180, 338, 352, 367, 387, 403, 405, 408, 410, 455, 465, 466, 468, 470, 472, 473, 483, 484, 514, 613, 618, 651, 794, 807, 837, 852, 854, 858, 861, 902, 912, 913, 915, 917, 919, 920, 931, 934, 935]","[31, 142, 147, 180, 338, 352, 367, 387, 401, 402, 403, 405, 408, 410, 424, 427, 455, 464, 465, 466, 468, 469, 470, 472, 473, 477, 478, 479, 483, 484, 514, 613, 618, 651, 794, 807, 837, 850, 851, 852, 854, 858, 861, 876, 879, 902, 911, 912, 913, 915, 916, 917, 919, 920, 928, 929, 930, 931, 934, 935]","[916, 514, 4, 516, 917, 517, 918, 11, 523, 525, 387, 919, 529, 18, 532, 920, 21, 23, 533, 536, 921, 26, 27, 28, 538, 922, 31, 545, 546, 35, 923, 36, 552, 924, 43, 45, 925, 561, 926, 52, 565, 55, 927, 56, 568, 60, 62, 64, 929, 70, 71, 930, 931, 80, 932, 933, 90, 934, 94, 935, 97, 613, 618, 651, 654, 142, 147, 668, 338, 180, 183, 696, 197, 232, 352, 790, 794, 807, 367, 837, 334, 848, 849, 850, 851, 852, 853, 854, 855, 856, 857, 858, 859, 860, 861, 862, 863, 864, 865, 866, 867, 868, 869, 870, 871, 872, 873, 874, 875, 876, 877, 878, 879, 880, 881, 882, 883, 884, 885, 886, 887, 888, 889, 890, 891, 892, 893, 894, 895, 896, 897, 898, 899, 900, 901, 902, 903, 904, 905, 906, 907, 908, 909, 398, 399, 400, 401, 402, 403, 404, 405, 406, 407, 408, 409, 410, 411, 412, 413, 414, 415, 928, 416, 417, 418, 419, 420, 421, 422, 423, 424, 425, 426, 427, 428, 429, 430, 431, 432, 433, 434, 435, 436, 437, 438, 439, 440, 441, 442, 443, 444, 445, 446, 447, 448, 449, 450, 451, 452, 453, 454, 455, 456, 457, 459, 458, 460, 461, 462, 463, 464, 465, 466, 467, 468, 469, 470, 471, 472, 473, 474, 475, 477, 476, 478, 479, 480, 481, 482, 483, 484, 910, 911, 490, 912, 496, 913, 914, 505, 507, 915, 509, 510, 511]",True,"[459, 477, 906, 928]","[398, 399, 400, 401, 402, 403, 404, 405, 406, 407, 408, 409, 410, 411, 412, 413, 414, 415, 416, 417, 418, 419, 420, 421, 422, 423, 424, 425, 426, 427, 428, 429, 430, 431, 432, 433, 434, 435, 436, 437, 438, 439, 440, 441, 442, 443, 444, 445, 446, 447, 448, 449, 450, 451, 452, 453, 454, 455, 456, 457, 458, 459, 460, 461, 462, 463, 464, 465, 466, 467, 468, 469, 470, 471, 472, 473, 474, 475, 476, 477, 478, 479, 480, 481, 482, 483, 484, 848, 849, 850, 851, 852, 853, 854, 855, 856, 857, 858, 859, 860, 861, 862, 863, 864, 865, 866, 867, 868, 869, 870, 871, 872, 873, 874, 875, 876, 877, 878, 879, 880, 881, 882, 883, 884, 885, 886, 887, 888, 889, 890, 891, 892, 893, 894, 895, 896, 897, 898, 899, 900, 901, 902, 903, 904, 905, 906, 907, 908, 909, 910, 911, 912, 913, 914, 915, 916, 917, 918, 919, 920, 921, 922, 923, 924, 925, 926, 927, 928, 929, 930, 931, 932, 933, 934, 935]","[459, 477, 906, 928]",[],"[4, 11, 18, 21, 23, 26, 27, 28, 31, 35, 36, 43, 45, 52, 55, 56, 60, 62, 64, 70, 71, 80, 90, 94, 97, 183, 197, 232, 334, 426, 455, 472, 477, 478, 480, 483, 484, 490, 496, 505, 507, 509, 510, 511, 514, 516, 517, 523, 525, 529, 532, 533, 536, 538, 545, 546, 552, 561, 565, 568, 654, 668, 696, 790, 857, 878, 902, 919, 928, 929, 932, 934, 935]","[31, 142, 147, 180, 338, 352, 367, 387, 401, 402, 403, 405, 408, 410, 424, 427, 455, 464, 465, 466, 468, 469, 470, 472, 473, 477, 478, 479, 483, 484, 514, 613, 618, 651, 794, 807, 837, 850, 851, 852, 854, 858, 861, 876, 879, 902, 911, 912, 913, 915, 916, 917, 919, 920, 928, 929, 930, 931, 934, 935]","[31, 142, 147, 180, 338, 352, 367, 387, 403, 405, 408, 410, 455, 465, 466, 468, 470, 472, 473, 483, 484, 514, 613, 618, 651, 794, 807, 837, 852, 854, 858, 861, 902, 912, 913, 915, 917, 919, 920, 931, 934, 935]",6/6 successful match,True,[71],True,104,False,,,,,
"Roosevelt , 84066 Top Stop Food Store # 66 ( Sinclair )",435-722-9940 US 40 W,SO,Roosevelt,84066,Top Stop Food Store # 66 ( Sinclair ),435-722-9940,2007,Roosevelt,UT,Sinclair,,US 40 W,empty,,False,,False,US 40,,,,,"[928, 477]","[459, 477, 906, 928]","[459, 477, 906, 928]",[],"[398, 399, 400, 401, 402, 403, 404, 405, 406, 407, 408, 409, 410, 411, 412, 413, 414, 415, 416, 417, 418, 419, 420, 421, 422, 423, 424, 425, 426, 427, 428, 429, 430, 431, 432, 433, 434, 435, 436, 437, 438, 439, 440, 441, 442, 443, 444, 445, 446, 447, 448, 449, 450, 451, 452, 453, 454, 455, 456, 457, 458, 459, 460, 461, 462, 463, 464, 465, 466, 467, 468, 469, 470, 471, 472, 473, 474, 475, 476, 477, 478, 479, 480, 481, 482, 483, 484, 848, 849, 850, 851, 852, 853, 854, 855, 856, 857, 858, 859, 860, 861, 862, 863, 864, 865, 866, 867, 868, 869, 870, 871, 872, 873, 874, 875, 876, 877, 878, 879, 880, 881, 882, 883, 884, 885, 886, 887, 888, 889, 890, 891, 892, 893, 894, 895, 896, 897, 898, 899, 900, 901, 902, 903, 904, 905, 906, 907, 908, 909, 910, 911, 912, 913, 914, 915, 916, 917, 918, 919, 920, 921, 922, 923, 924, 925, 926, 927, 928, 929, 930, 931, 932, 933, 934, 935]","[4, 11, 18, 21, 23, 26, 27, 28, 31, 35, 36, 43, 45, 52, 55, 56, 60, 62, 64, 70, 71, 80, 90, 94, 97, 183, 197, 232, 334, 426, 455, 472, 477, 478, 480, 483, 484, 490, 496, 505, 507, 509, 510, 511, 514, 516, 517, 523, 525, 529, 532, 533, 536, 538, 545, 546, 552, 561, 565, 568, 654, 668, 696, 790, 857, 878, 902, 919, 928, 929, 932, 934, 935]","[31, 142, 147, 180, 338, 352, 367, 387, 403, 405, 408, 410, 455, 465, 466, 468, 470, 472, 473, 483, 484, 514, 613, 618, 651, 794, 807, 837, 852, 854, 858, 861, 902, 912, 913, 915, 917, 919, 920, 931, 934, 935]","[31, 142, 147, 180, 338, 352, 367, 387, 401, 402, 403, 405, 408, 410, 424, 427, 455, 464, 465, 466, 468, 469, 470, 472, 473, 477, 478, 479, 483, 484, 514, 613, 618, 651, 794, 807, 837, 850, 851, 852, 854, 858, 861, 876, 879, 902, 911, 912, 913, 915, 916, 917, 919, 920, 928, 929, 930, 931, 934, 935]","[916, 514, 4, 516, 917, 517, 918, 11, 523, 525, 387, 919, 529, 18, 532, 920, 21, 23, 533, 536, 921, 26, 27, 28, 538, 922, 31, 545, 546, 35, 923, 36, 552, 924, 43, 45, 925, 561, 926, 52, 565, 55, 927, 56, 568, 60, 62, 64, 929, 70, 71, 930, 931, 80, 932, 933, 90, 934, 94, 935, 97, 613, 618, 651, 654, 142, 147, 668, 338, 180, 183, 696, 197, 232, 352, 790, 794, 807, 367, 837, 334, 848, 849, 850, 851, 852, 853, 854, 855, 856, 857, 858, 859, 860, 861, 862, 863, 864, 865, 866, 867, 868, 869, 870, 871, 872, 873, 874, 875, 876, 877, 878, 879, 880, 881, 882, 883, 884, 885, 886, 887, 888, 889, 890, 891, 892, 893, 894, 895, 896, 897, 898, 899, 900, 901, 902, 903, 904, 905, 906, 907, 908, 909, 398, 399, 400, 401, 402, 403, 404, 405, 406, 407, 408, 409, 410, 411, 412, 413, 414, 415, 928, 416, 417, 418, 419, 420, 421, 422, 423, 424, 425, 426, 427, 428, 429, 430, 431, 432, 433, 434, 435, 436, 437, 438, 439, 440, 441, 442, 443, 444, 445, 446, 447, 448, 449, 450, 451, 452, 453, 454, 455, 456, 457, 459, 458, 460, 461, 462, 463, 464, 465, 466, 467, 468, 469, 470, 471, 472, 473, 474, 475, 477, 476, 478, 479, 480, 481, 482, 483, 484, 910, 911, 490, 912, 496, 913, 914, 505, 507, 915, 509, 510, 511]",True,"[459, 477, 906, 928]","[398, 399, 400, 401, 402, 403, 404, 405, 406, 407, 408, 409, 410, 411, 412, 413, 414, 415, 416, 417, 418, 419, 420, 421, 422, 423, 424, 425, 426, 427, 428, 429, 430, 431, 432, 433, 434, 435, 436, 437, 438, 439, 440, 441, 442, 443, 444, 445, 446, 447, 448, 449, 450, 451, 452, 453, 454, 455, 456, 457, 458, 459, 460, 461, 462, 463, 464, 465, 466, 467, 468, 469, 470, 471, 472, 473, 474, 475, 476, 477, 478, 479, 480, 481, 482, 483, 484, 848, 849, 850, 851, 852, 853, 854, 855, 856, 857, 858, 859, 860, 861, 862, 863, 864, 865, 866, 867, 868, 869, 870, 871, 872, 873, 874, 875, 876, 877, 878, 879, 880, 881, 882, 883, 884, 885, 886, 887, 888, 889, 890, 891, 892, 893, 894, 895, 896, 897, 898, 899, 900, 901, 902, 903, 904, 905, 906, 907, 908, 909, 910, 911, 912, 913, 914, 915, 916, 917, 918, 919, 920, 921, 922, 923, 924, 925, 926, 927, 928, 929, 930, 931, 932, 933, 934, 935]","[459, 477, 906, 928]",[],"[4, 11, 18, 21, 23, 26, 27, 28, 31, 35, 36, 43, 45, 52, 55, 56, 60, 62, 64, 70, 71, 80, 90, 94, 97, 183, 197, 232, 334, 426, 455, 472, 477, 478, 480, 483, 484, 490, 496, 505, 507, 509, 510, 511, 514, 516, 517, 523, 525, 529, 532, 533, 536, 538, 545, 546, 552, 561, 565, 568, 654, 668, 696, 790, 857, 878, 902, 919, 928, 929, 932, 934, 935]","[31, 142, 147, 180, 338, 352, 367, 387, 401, 402, 403, 405, 408, 410, 424, 427, 455, 464, 465, 466, 468, 469, 470, 472, 473, 477, 478, 479, 483, 484, 514, 613, 618, 651, 794, 807, 837, 850, 851, 852, 854, 858, 861, 876, 879, 902, 911, 912, 913, 915, 916, 917, 919, 920, 928, 929, 930, 931, 934, 935]","[31, 142, 147, 180, 338, 352, 367, 387, 403, 405, 408, 410, 455, 465, 466, 468, 470, 472, 473, 483, 484, 514, 613, 618, 651, 794, 807, 837, 852, 854, 858, 861, 902, 912, 913, 915, 917, 919, 920, 931, 934, 935]",6/6 successful match,True,[71],True,104,False,,1.0,True,Top Stop Food Store # 66 ( Sinclair ),Sinclair
"E Roosevelt , 84066 Top Stop Food Store # 66 ( Sinclair )",435-722-9940 US 40 W,<U+2610> <U+2610> <U+25A1> <U+25A1> <U+2610>,Roosevelt,84066,Top Stop Food Store # 66 ( Sinclair ),435-722-9940,2008,Roosevelt,UT,Sinclair,,US 40 W,empty,,False,,False,US 40,,,,,"[928, 477]","[459, 477, 906, 928]","[459, 477, 906, 928]",[],"[398, 399, 400, 401, 402, 403, 404, 405, 406, 407, 408, 409, 410, 411, 412, 413, 414, 415, 416, 417, 418, 419, 420, 421, 422, 423, 424, 425, 426, 427, 428, 429, 430, 431, 432, 433, 434, 435, 436, 437, 438, 439, 440, 441, 442, 443, 444, 445, 446, 447, 448, 449, 450, 451, 452, 453, 454, 455, 456, 457, 458, 459, 460, 461, 462, 463, 464, 465, 466, 467, 468, 469, 470, 471, 472, 473, 474, 475, 476, 477, 478, 479, 480, 481, 482, 483, 484, 848, 849, 850, 851, 852, 853, 854, 855, 856, 857, 858, 859, 860, 861, 862, 863, 864, 865, 866, 867, 868, 869, 870, 871, 872, 873, 874, 875, 876, 877, 878, 879, 880, 881, 882, 883, 884, 885, 886, 887, 888, 889, 890, 891, 892, 893, 894, 895, 896, 897, 898, 899, 900, 901, 902, 903, 904, 905, 906, 907, 908, 909, 910, 911, 912, 913, 914, 915, 916, 917, 918, 919, 920, 921, 922, 923, 924, 925, 926, 927, 928, 929, 930, 931, 932, 933, 934, 935]","[4, 11, 18, 21, 23, 26, 27, 28, 31, 35, 36, 43, 45, 52, 55, 56, 60, 62, 64, 70, 71, 80, 90, 94, 97, 183, 197, 232, 334, 426, 455, 472, 477, 478, 480, 483, 484, 490, 496, 505, 507, 509, 510, 511, 514, 516, 517, 523, 525, 529, 532, 533, 536, 538, 545, 546, 552, 561, 565, 568, 654, 668, 696, 790, 857, 878, 902, 919, 928, 929, 932, 934, 935]","[31, 142, 147, 180, 338, 352, 367, 387, 403, 405, 408, 410, 455, 465, 466, 468, 470, 472, 473, 483, 484, 514, 613, 618, 651, 794, 807, 837, 852, 854, 858, 861, 902, 912, 913, 915, 917, 919, 920, 931, 934, 935]","[31, 142, 147, 180, 338, 352, 367, 387, 401, 402, 403, 405, 408, 410, 424, 427, 455, 464, 465, 466, 468, 469, 470, 472, 473, 477, 478, 479, 483, 484, 514, 613, 618, 651, 794, 807, 837, 850, 851, 852, 854, 858, 861, 876, 879, 902, 911, 912, 913, 915, 916, 917, 919, 920, 928, 929, 930, 931, 934, 935]","[916, 514, 4, 516, 917, 517, 918, 11, 523, 525, 387, 919, 529, 18, 532, 920, 21, 23, 533, 536, 921, 26, 27, 28, 538, 922, 31, 545, 546, 35, 923, 36, 552, 924, 43, 45, 925, 561, 926, 52, 565, 55, 927, 56, 568, 60, 62, 64, 929, 70, 71, 930, 931, 80, 932, 933, 90, 934, 94, 935, 97, 613, 618, 651, 654, 142, 147, 668, 338, 180, 183, 696, 197, 232, 352, 790, 794, 807, 367, 837, 334, 848, 849, 850, 851, 852, 853, 854, 855, 856, 857, 858, 859, 860, 861, 862, 863, 864, 865, 866, 867, 868, 869, 870, 871, 872, 873, 874, 875, 876, 877, 878, 879, 880, 881, 882, 883, 884, 885, 886, 887, 888, 889, 890, 891, 892, 893, 894, 895, 896, 897, 898, 899, 900, 901, 902, 903, 904, 905, 906, 907, 908, 909, 398, 399, 400, 401, 402, 403, 404, 405, 406, 407, 408, 409, 410, 411, 412, 413, 414, 415, 928, 416, 417, 418, 419, 420, 421, 422, 423, 424, 425, 426, 427, 428, 429, 430, 431, 432, 433, 434, 435, 436, 437, 438, 439, 440, 441, 442, 443, 444, 445, 446, 447, 448, 449, 450, 451, 452, 453, 454, 455, 456, 457, 459, 458, 460, 461, 462, 463, 464, 465, 466, 467, 468, 469, 470, 471, 472, 473, 474, 475, 477, 476, 478, 479, 480, 481, 482, 483, 484, 910, 911, 490, 912, 496, 913, 914, 505, 507, 915, 509, 510, 511]",True,"[459, 477, 906, 928]","[398, 399, 400, 401, 402, 403, 404, 405, 406, 407, 408, 409, 410, 411, 412, 413, 414, 415, 416, 417, 418, 419, 420, 421, 422, 423, 424, 425, 426, 427, 428, 429, 430, 431, 432, 433, 434, 435, 436, 437, 438, 439, 440, 441, 442, 443, 444, 445, 446, 447, 448, 449, 450, 451, 452, 453, 454, 455, 456, 457, 458, 459, 460, 461, 462, 463, 464, 465, 466, 467, 468, 469, 470, 471, 472, 473, 474, 475, 476, 477, 478, 479, 480, 481, 482, 483, 484, 848, 849, 850, 851, 852, 853, 854, 855, 856, 857, 858, 859, 860, 861, 862, 863, 864, 865, 866, 867, 868, 869, 870, 871, 872, 873, 874, 875, 876, 877, 878, 879, 880, 881, 882, 883, 884, 885, 886, 887, 888, 889, 890, 891, 892, 893, 894, 895, 896, 897, 898, 899, 900, 901, 902, 903, 904, 905, 906, 907, 908, 909, 910, 911, 912, 913, 914, 915, 916, 917, 918, 919, 920, 921, 922, 923, 924, 925, 926, 927, 928, 929, 930, 931, 932, 933, 934, 935]","[459, 477, 906, 928]",[],"[4, 11, 18, 21, 23, 26, 27, 28, 31, 35, 36, 43, 45, 52, 55, 56, 60, 62, 64, 70, 71, 80, 90, 94, 97, 183, 197, 232, 334, 426, 455, 472, 477, 478, 480, 483, 484, 490, 496, 505, 507, 509, 510, 511, 514, 516, 517, 523, 525, 529, 532, 533, 536, 538, 545, 546, 552, 561, 565, 568, 654, 668, 696, 790, 857, 878, 902, 919, 928, 929, 932, 934, 935]","[31, 142, 147, 180, 338, 352, 367, 387, 401, 402, 403, 405, 408, 410, 424, 427, 455, 464, 465, 466, 468, 469, 470, 472, 473, 477, 478, 479, 483, 484, 514, 613, 618, 651, 794, 807, 837, 850, 851, 852, 854, 858, 861, 876, 879, 902, 911, 912, 913, 915, 916, 917, 919, 920, 928, 929, 930, 931, 934, 935]","[31, 142, 147, 180, 338, 352, 367, 387, 403, 405, 408, 410, 455, 465, 466, 468, 470, 472, 473, 483, 484, 514, 613, 618, 651, 794, 807, 837, 852, 854, 858, 861, 902, 912, 913, 915, 917, 919, 920, 931, 934, 935]",6/6 successful match,True,[71],True,104,False,,1.0,True,Top Stop Food Store # 66 ( Sinclair ),Sinclair
Roosevelt ( 84066 ) Top Stop # 66 ( Chevron ),435-722-9940 1128 US 40 ( 1 mi W of town ),<U+25A1> S <U+25A1>,Roosevelt,84066,Top Stop # 66 ( Chevron ),435-722-9940,2014,Roosevelt,UT,Chevron,( 1 mi W of town ),1128 US 40,Proper,,False,,False,US 40,,,,,"[928, 477]","[459, 477, 906, 928]","[459, 477, 906, 928]",[],"[398, 399, 400, 401, 402, 403, 404, 405, 406, 407, 408, 409, 410, 411, 412, 413, 414, 415, 416, 417, 418, 419, 420, 421, 422, 423, 424, 425, 426, 427, 428, 429, 430, 431, 432, 433, 434, 435, 436, 437, 438, 439, 440, 441, 442, 443, 444, 445, 446, 447, 448, 449, 450, 451, 452, 453, 454, 455, 456, 457, 458, 459, 460, 461, 462, 463, 464, 465, 466, 467, 468, 469, 470, 471, 472, 473, 474, 475, 476, 477, 478, 479, 480, 481, 482, 483, 484, 848, 849, 850, 851, 852, 853, 854, 855, 856, 857, 858, 859, 860, 861, 862, 863, 864, 865, 866, 867, 868, 869, 870, 871, 872, 873, 874, 875, 876, 877, 878, 879, 880, 881, 882, 883, 884, 885, 886, 887, 888, 889, 890, 891, 892, 893, 894, 895, 896, 897, 898, 899, 900, 901, 902, 903, 904, 905, 906, 907, 908, 909, 910, 911, 912, 913, 914, 915, 916, 917, 918, 919, 920, 921, 922, 923, 924, 925, 926, 927, 928, 929, 930, 931, 932, 933, 934, 935]","[4, 11, 18, 21, 23, 26, 27, 28, 31, 35, 36, 43, 45, 52, 55, 56, 60, 62, 64, 70, 71, 80, 90, 94, 97, 183, 197, 232, 334, 426, 455, 472, 477, 478, 480, 483, 484, 490, 496, 505, 507, 509, 510, 511, 514, 516, 517, 523, 525, 529, 532, 533, 536, 538, 545, 546, 552, 561, 565, 568, 654, 668, 696, 790, 857, 878, 902, 919, 928, 929, 932, 934, 935]","[12, 24, 25, 28, 88, 100, 104, 119, 123, 129, 136, 137, 139, 140, 141, 148, 155, 169, 172, 179, 183, 185, 188, 196, 198, 217, 237, 267, 270, 278, 319, 321, 324, 325, 330, 334, 335, 354, 366, 369, 380, 383, 384, 386, 395, 407, 411, 423, 428, 436, 437, 452, 453, 456, 467, 471, 477, 478, 479, 497, 508, 511, 559, 571, 575, 590, 594, 600, 607, 608, 610, 611, 612, 619, 627, 640, 643, 650, 654, 656, 659, 667, 669, 685, 701, 726, 729, 737, 777, 779, 782, 783, 787, 790, 791, 809, 817, 819, 830, 833, 834, 836, 845, 856, 857, 860, 862, 875, 880, 887, 888, 899, 900, 914, 918, 921, 928, 929, 930]","[12, 24, 25, 28, 88, 100, 104, 119, 123, 129, 136, 137, 139, 140, 141, 148, 155, 169, 172, 179, 183, 185, 188, 196, 198, 217, 237, 267, 270, 278, 319, 321, 324, 325, 330, 334, 335, 354, 366, 369, 380, 383, 384, 386, 395, 401, 402, 407, 411, 423, 424, 427, 428, 436, 437, 452, 453, 456, 464, 467, 469, 471, 477, 478, 479, 497, 508, 511, 559, 571, 575, 590, 594, 600, 607, 608, 610, 611, 612, 619, 627, 640, 643, 650, 654, 656, 659, 667, 669, 685, 701, 726, 729, 737, 777, 779, 782, 783, 787, 790, 791, 809, 817, 819, 830, 833, 834, 836, 845, 850, 851, 856, 857, 860, 862, 875, 876, 879, 880, 887, 888, 899, 900, 911, 914, 916, 918, 921, 928, 929, 930, 931]","[4, 11, 12, 18, 21, 23, 24, 25, 26, 27, 28, 31, 35, 36, 43, 45, 52, 55, 56, 60, 62, 64, 70, 71, 80, 88, 90, 94, 97, 100, 104, 119, 123, 129, 136, 137, 139, 140, 141, 148, 155, 169, 172, 179, 183, 185, 188, 196, 197, 198, 217, 232, 237, 267, 270, 278, 319, 321, 324, 325, 330, 334, 335, 354, 366, 369, 380, 383, 384, 386, 395, 398, 399, 400, 401, 402, 403, 404, 405, 406, 407, 408, 409, 410, 411, 412, 413, 414, 415, 416, 417, 418, 419, 420, 421, 422, 423, 424, 425, 426, 427, 428, 429, 430, 431, 432, 433, 434, 435, 436, 437, 438, 439, 440, 441, 442, 443, 444, 445, 446, 447, 448, 449, 450, 451, 452, 453, 454, 455, 456, 457, 458, 459, 460, 461, 462, 463, 464, 465, 466, 467, 468, 469, 470, 471, 472, 473, 474, 475, 476, 477, 478, 479, 480, 481, 482, 483, 484, 490, 496, 497, 505, 507, 508, 509, 510, 511, 514, 516, 517, 523, 525, 529, 532, 533, 536, 538, 545, 546, 552, 559, 561, 565, 568, 571, 575, 590, 594, 600, 607, 608, 610, 611, 612, 619, 627, 640, 643, 650, 654, 656, 659, 667, 668, 669, 685, 696, 701, 726, 729, 737, 777, 779, 782, 783, 787, 790, 791, 809, 817, 819, 830, 833, 834, 836, 845, 848, 849, 850, 851, 852, 853, 854, 855, 856, 857, 858, 859, 860, 861, 862, 863, 864, 865, 866, 867, 868, 869, 870, 871, 872, 873, 874, 875, 876, 877, 878, 879, 880, 881, 882, 883, 884, 885, 886, 887, 888, 889, 890, 891, 892, 893, 894, 895, 896, 897, 898, 899, 900, 901, 902, 903, 904, 905, 906, 907, 908, 909, 910, 911, 912, 913, 914, 915, 916, 917, 918, 919, 920, 921, 922, 923, 924, 925, 926, 927, 928, 929, 930, 931, 932, 933, 934, 935]",True,"[459, 477, 906, 928]","[398, 399, 400, 401, 402, 403, 404, 405, 406, 407, 408, 409, 410, 411, 412, 413, 414, 415, 416, 417, 418, 419, 420, 421, 422, 423, 424, 425, 426, 427, 428, 429, 430, 431, 432, 433, 434, 435, 436, 437, 438, 439, 440, 441, 442, 443, 444, 445, 446, 447, 448, 449, 450, 451, 452, 453, 454, 455, 456, 457, 458, 459, 460, 461, 462, 463, 464, 465, 466, 467, 468, 469, 470, 471, 472, 473, 474, 475, 476, 477, 478, 479, 480, 481, 482, 483, 484, 848, 849, 850, 851, 852, 853, 854, 855, 856, 857, 858, 859, 860, 861, 862, 863, 864, 865, 866, 867, 868, 869, 870, 871, 872, 873, 874, 875, 876, 877, 878, 879, 880, 881, 882, 883, 884, 885, 886, 887, 888, 889, 890, 891, 892, 893, 894, 895, 896, 897, 898, 899, 900, 901, 902, 903, 904, 905, 906, 907, 908, 909, 910, 911, 912, 913, 914, 915, 916, 917, 918, 919, 920, 921, 922, 923, 924, 925, 926, 927, 928, 929, 930, 931, 932, 933, 934, 935]","[459, 477, 906, 928]",[],"[4, 11, 18, 21, 23, 26, 27, 28, 31, 35, 36, 43, 45, 52, 55, 56, 60, 62, 64, 70, 71, 80, 90, 94, 97, 183, 197, 232, 334, 426, 455, 472, 477, 478, 480, 483, 484, 490, 496, 505, 507, 509, 510, 511, 514, 516, 517, 523, 525, 529, 532, 533, 536, 538, 545, 546, 552, 561, 565, 568, 654, 668, 696, 790, 857, 878, 902, 919, 928, 929, 932, 934, 935]","[12, 24, 25, 28, 88, 100, 104, 119, 123, 129, 136, 137, 139, 140, 141, 148, 155, 169, 172, 179, 183, 185, 188, 196, 198, 217, 237, 267, 270, 278, 319, 321, 324, 325, 330, 334, 335, 354, 366, 369, 380, 383, 384, 386, 395, 401, 402, 407, 411, 423, 424, 427, 428, 436, 437, 452, 453, 456, 464, 467, 469, 471, 477, 478, 479, 497, 508, 511, 559, 571, 575, 590, 594, 600, 607, 608, 610, 611, 612, 619, 627, 640, 643, 650, 654, 656, 659, 667, 669, 685, 701, 726, 729, 737, 777, 779, 782, 783, 787, 790, 791, 809, 817, 819, 830, 833, 834, 836, 845, 850, 851, 856, 857, 860, 862, 875, 876, 879, 880, 887, 888, 899, 900, 911, 914, 916, 918, 921, 928, 929, 930, 931]","[12, 24, 25, 28, 88, 100, 104, 119, 123, 129, 136, 137, 139, 140, 141, 148, 155, 169, 172, 179, 183, 185, 188, 196, 198, 217, 237, 267, 270, 278, 319, 321, 324, 325, 330, 334, 335, 354, 366, 369, 380, 383, 384, 386, 395, 407, 411, 423, 428, 436, 437, 452, 453, 456, 467, 471, 477, 478, 479, 497, 508, 511, 559, 571, 575, 590, 594, 600, 607, 608, 610, 611, 612, 619, 627, 640, 643, 650, 654, 656, 659, 667, 669, 685, 701, 726, 729, 737, 777, 779, 782, 783, 787, 790, 791, 809, 817, 819, 830, 833, 834, 836, 845, 856, 857, 860, 862, 875, 880, 887, 888, 899, 900, 914, 918, 921, 928, 929, 930]",7/6 successful match,True,[71],True,104,False,,0.8535483870967742,False,Top Stop Food Store # 66 ( Sinclair ),Sinclair
Roosevelt ( 84066 ) Top Stop # 66 ( Chevron ),$ 435-722-9940 1128 US 40 ( 1 mi W of town ),<U+2610> S <U+25A1> <U+25A1> <U+25A1>,Roosevelt,84066,Top Stop # 66 ( Chevron ),435-722-9940,2015,Roosevelt,UT,Chevron,( 1 mi W of town ),1128 US 40,Proper,,False,,False,US 40,,,,,"[928, 477]","[459, 477, 906, 928]","[459, 477, 906, 928]",[],"[398, 399, 400, 401, 402, 403, 404, 405, 406, 407, 408, 409, 410, 411, 412, 413, 414, 415, 416, 417, 418, 419, 420, 421, 422, 423, 424, 425, 426, 427, 428, 429, 430, 431, 432, 433, 434, 435, 436, 437, 438, 439, 440, 441, 442, 443, 444, 445, 446, 447, 448, 449, 450, 451, 452, 453, 454, 455, 456, 457, 458, 459, 460, 461, 462, 463, 464, 465, 466, 467, 468, 469, 470, 471, 472, 473, 474, 475, 476, 477, 478, 479, 480, 481, 482, 483, 484, 848, 849, 850, 851, 852, 853, 854, 855, 856, 857, 858, 859, 860, 861, 862, 863, 864, 865, 866, 867, 868, 869, 870, 871, 872, 873, 874, 875, 876, 877, 878, 879, 880, 881, 882, 883, 884, 885, 886, 887, 888, 889, 890, 891, 892, 893, 894, 895, 896, 897, 898, 899, 900, 901, 902, 903, 904, 905, 906, 907, 908, 909, 910, 911, 912, 913, 914, 915, 916, 917, 918, 919, 920, 921, 922, 923, 924, 925, 926, 927, 928, 929, 930, 931, 932, 933, 934, 935]","[4, 11, 18, 21, 23, 26, 27, 28, 31, 35, 36, 43, 45, 52, 55, 56, 60, 62, 64, 70, 71, 80, 90, 94, 97, 183, 197, 232, 334, 426, 455, 472, 477, 478, 480, 483, 484, 490, 496, 505, 507, 509, 510, 511, 514, 516, 517, 523, 525, 529, 532, 533, 536, 538, 545, 546, 552, 561, 565, 568, 654, 668, 696, 790, 857, 878, 902, 919, 928, 929, 932, 934, 935]","[12, 24, 25, 28, 88, 100, 104, 119, 123, 129, 136, 137, 139, 140, 141, 148, 155, 169, 172, 179, 183, 185, 188, 196, 198, 217, 237, 267, 270, 278, 319, 321, 324, 325, 330, 334, 335, 354, 366, 369, 380, 383, 384, 386, 395, 407, 411, 423, 428, 436, 437, 452, 453, 456, 467, 471, 477, 478, 479, 497, 508, 511, 559, 571, 575, 590, 594, 600, 607, 608, 610, 611, 612, 619, 627, 640, 643, 650, 654, 656, 659, 667, 669, 685, 701, 726, 729, 737, 777, 779, 782, 783, 787, 790, 791, 809, 817, 819, 830, 833, 834, 836, 845, 856, 857, 860, 862, 875, 880, 887, 888, 899, 900, 914, 918, 921, 928, 929, 930]","[12, 24, 25, 28, 88, 100, 104, 119, 123, 129, 136, 137, 139, 140, 141, 148, 155, 169, 172, 179, 183, 185, 188, 196, 198, 217, 237, 267, 270, 278, 319, 321, 324, 325, 330, 334, 335, 354, 366, 369, 380, 383, 384, 386, 395, 401, 402, 407, 411, 423, 424, 427, 428, 436, 437, 452, 453, 456, 464, 467, 469, 471, 477, 478, 479, 497, 508, 511, 559, 571, 575, 590, 594, 600, 607, 608, 610, 611, 612, 619, 627, 640, 643, 650, 654, 656, 659, 667, 669, 685, 701, 726, 729, 737, 777, 779, 782, 783, 787, 790, 791, 809, 817, 819, 830, 833, 834, 836, 845, 850, 851, 856, 857, 860, 862, 875, 876, 879, 880, 887, 888, 899, 900, 911, 914, 916, 918, 921, 928, 929, 930, 931]","[4, 11, 12, 18, 21, 23, 24, 25, 26, 27, 28, 31, 35, 36, 43, 45, 52, 55, 56, 60, 62, 64, 70, 71, 80, 88, 90, 94, 97, 100, 104, 119, 123, 129, 136, 137, 139, 140, 141, 148, 155, 169, 172, 179, 183, 185, 188, 196, 197, 198, 217, 232, 237, 267, 270, 278, 319, 321, 324, 325, 330, 334, 335, 354, 366, 369, 380, 383, 384, 386, 395, 398, 399, 400, 401, 402, 403, 404, 405, 406, 407, 408, 409, 410, 411, 412, 413, 414, 415, 416, 417, 418, 419, 420, 421, 422, 423, 424, 425, 426, 427, 428, 429, 430, 431, 432, 433, 434, 435, 436, 437, 438, 439, 440, 441, 442, 443, 444, 445, 446, 447, 448, 449, 450, 451, 452, 453, 454, 455, 456, 457, 458, 459, 460, 461, 462, 463, 464, 465, 466, 467, 468, 469, 470, 471, 472, 473, 474, 475, 476, 477, 478, 479, 480, 481, 482, 483, 484, 490, 496, 497, 505, 507, 508, 509, 510, 511, 514, 516, 517, 523, 525, 529, 532, 533, 536, 538, 545, 546, 552, 559, 561, 565, 568, 571, 575, 590, 594, 600, 607, 608, 610, 611, 612, 619, 627, 640, 643, 650, 654, 656, 659, 667, 668, 669, 685, 696, 701, 726, 729, 737, 777, 779, 782, 783, 787, 790, 791, 809, 817, 819, 830, 833, 834, 836, 845, 848, 849, 850, 851, 852, 853, 854, 855, 856, 857, 858, 859, 860, 861, 862, 863, 864, 865, 866, 867, 868, 869, 870, 871, 872, 873, 874, 875, 876, 877, 878, 879, 880, 881, 882, 883, 884, 885, 886, 887, 888, 889, 890, 891, 892, 893, 894, 895, 896, 897, 898, 899, 900, 901, 902, 903, 904, 905, 906, 907, 908, 909, 910, 911, 912, 913, 914, 915, 916, 917, 918, 919, 920, 921, 922, 923, 924, 925, 926, 927, 928, 929, 930, 931, 932, 933, 934, 935]",True,"[459, 477, 906, 928]","[398, 399, 400, 401, 402, 403, 404, 405, 406, 407, 408, 409, 410, 411, 412, 413, 414, 415, 416, 417, 418, 419, 420, 421, 422, 423, 424, 425, 426, 427, 428, 429, 430, 431, 432, 433, 434, 435, 436, 437, 438, 439, 440, 441, 442, 443, 444, 445, 446, 447, 448, 449, 450, 451, 452, 453, 454, 455, 456, 457, 458, 459, 460, 461, 462, 463, 464, 465, 466, 467, 468, 469, 470, 471, 472, 473, 474, 475, 476, 477, 478, 479, 480, 481, 482, 483, 484, 848, 849, 850, 851, 852, 853, 854, 855, 856, 857, 858, 859, 860, 861, 862, 863, 864, 865, 866, 867, 868, 869, 870, 871, 872, 873, 874, 875, 876, 877, 878, 879, 880, 881, 882, 883, 884, 885, 886, 887, 888, 889, 890, 891, 892, 893, 894, 895, 896, 897, 898, 899, 900, 901, 902, 903, 904, 905, 906, 907, 908, 909, 910, 911, 912, 913, 914, 915, 916, 917, 918, 919, 920, 921, 922, 923, 924, 925, 926, 927, 928, 929, 930, 931, 932, 933, 934, 935]","[459, 477, 906, 928]",[],"[4, 11, 18, 21, 23, 26, 27, 28, 31, 35, 36, 43, 45, 52, 55, 56, 60, 62, 64, 70, 71, 80, 90, 94, 97, 183, 197, 232, 334, 426, 455, 472, 477, 478, 480, 483, 484, 490, 496, 505, 507, 509, 510, 511, 514, 516, 517, 523, 525, 529, 532, 533, 536, 538, 545, 546, 552, 561, 565, 568, 654, 668, 696, 790, 857, 878, 902, 919, 928, 929, 932, 934, 935]","[12, 24, 25, 28, 88, 100, 104, 119, 123, 129, 136, 137, 139, 140, 141, 148, 155, 169, 172, 179, 183, 185, 188, 196, 198, 217, 237, 267, 270, 278, 319, 321, 324, 325, 330, 334, 335, 354, 366, 369, 380, 383, 384, 386, 395, 401, 402, 407, 411, 423, 424, 427, 428, 436, 437, 452, 453, 456, 464, 467, 469, 471, 477, 478, 479, 497, 508, 511, 559, 571, 575, 590, 594, 600, 607, 608, 610, 611, 612, 619, 627, 640, 643, 650, 654, 656, 659, 667, 669, 685, 701, 726, 729, 737, 777, 779, 782, 783, 787, 790, 791, 809, 817, 819, 830, 833, 834, 836, 845, 850, 851, 856, 857, 860, 862, 875, 876, 879, 880, 887, 888, 899, 900, 911, 914, 916, 918, 921, 928, 929, 930, 931]","[12, 24, 25, 28, 88, 100, 104, 119, 123, 129, 136, 137, 139, 140, 141, 148, 155, 169, 172, 179, 183, 185, 188, 196, 198, 217, 237, 267, 270, 278, 319, 321, 324, 325, 330, 334, 335, 354, 366, 369, 380, 383, 384, 386, 395, 407, 411, 423, 428, 436, 437, 452, 453, 456, 467, 471, 477, 478, 479, 497, 508, 511, 559, 571, 575, 590, 594, 600, 607, 608, 610, 611, 612, 619, 627, 640, 643, 650, 654, 656, 659, 667, 669, 685, 701, 726, 729, 737, 777, 779, 782, 783, 787, 790, 791, 809, 817, 819, 830, 833, 834, 836, 845, 856, 857, 860, 862, 875, 880, 887, 888, 899, 900, 914, 918, 921, 928, 929, 930]",7/6 successful match,True,[71],True,104,False,,1.0,True,Top Stop # 66 ( Chevron ),Chevron
Roosevelt ( 84066 ) Top Stop # 66 ( Chevron ),6 435-722-9940 1128 US 40 ( 1 mi W of town ),<U+2610> SO <U+25A1>,Roosevelt,84066,Top Stop # 66 ( Chevron ),435-722-9940,2016,Roosevelt,UT,Chevron,( 1 mi W of town ),1128 US 40,Proper,,False,,False,US 40,,,,,"[928, 477]","[459, 477, 906, 928]","[459, 477, 906, 928]",[],"[398, 399, 400, 401, 402, 403, 404, 405, 406, 407, 408, 409, 410, 411, 412, 413, 414, 415, 416, 417, 418, 419, 420, 421, 422, 423, 424, 425, 426, 427, 428, 429, 430, 431, 432, 433, 434, 435, 436, 437, 438, 439, 440, 441, 442, 443, 444, 445, 446, 447, 448, 449, 450, 451, 452, 453, 454, 455, 456, 457, 458, 459, 460, 461, 462, 463, 464, 465, 466, 467, 468, 469, 470, 471, 472, 473, 474, 475, 476, 477, 478, 479, 480, 481, 482, 483, 484, 848, 849, 850, 851, 852, 853, 854, 855, 856, 857, 858, 859, 860, 861, 862, 863, 864, 865, 866, 867, 868, 869, 870, 871, 872, 873, 874, 875, 876, 877, 878, 879, 880, 881, 882, 883, 884, 885, 886, 887, 888, 889, 890, 891, 892, 893, 894, 895, 896, 897, 898, 899, 900, 901, 902, 903, 904, 905, 906, 907, 908, 909, 910, 911, 912, 913, 914, 915, 916, 917, 918, 919, 920, 921, 922, 923, 924, 925, 926, 927, 928, 929, 930, 931, 932, 933, 934, 935]","[4, 11, 18, 21, 23, 26, 27, 28, 31, 35, 36, 43, 45, 52, 55, 56, 60, 62, 64, 70, 71, 80, 90, 94, 97, 183, 197, 232, 334, 426, 455, 472, 477, 478, 480, 483, 484, 490, 496, 505, 507, 509, 510, 511, 514, 516, 517, 523, 525, 529, 532, 533, 536, 538, 545, 546, 552, 561, 565, 568, 654, 668, 696, 790, 857, 878, 902, 919, 928, 929, 932, 934, 935]","[12, 24, 25, 28, 88, 100, 104, 119, 123, 129, 136, 137, 139, 140, 141, 148, 155, 169, 172, 179, 183, 185, 188, 196, 198, 217, 237, 267, 270, 278, 319, 321, 324, 325, 330, 334, 335, 354, 366, 369, 380, 383, 384, 386, 395, 407, 411, 423, 428, 436, 437, 452, 453, 456, 467, 471, 477, 478, 479, 497, 508, 511, 559, 571, 575, 590, 594, 600, 607, 608, 610, 611, 612, 619, 627, 640, 643, 650, 654, 656, 659, 667, 669, 685, 701, 726, 729, 737, 777, 779, 782, 783, 787, 790, 791, 809, 817, 819, 830, 833, 834, 836, 845, 856, 857, 860, 862, 875, 880, 887, 888, 899, 900, 914, 918, 921, 928, 929, 930]","[12, 24, 25, 28, 88, 100, 104, 119, 123, 129, 136, 137, 139, 140, 141, 148, 155, 169, 172, 179, 183, 185, 188, 196, 198, 217, 237, 267, 270, 278, 319, 321, 324, 325, 330, 334, 335, 354, 366, 369, 380, 383, 384, 386, 395, 401, 402, 407, 411, 423, 424, 427, 428, 436, 437, 452, 453, 456, 464, 467, 469, 471, 477, 478, 479, 497, 508, 511, 559, 571, 575, 590, 594, 600, 607, 608, 610, 611, 612, 619, 627, 640, 643, 650, 654, 656, 659, 667, 669, 685, 701, 726, 729, 737, 777, 779, 782, 783, 787, 790, 791, 809, 817, 819, 830, 833, 834, 836, 845, 850, 851, 856, 857, 860, 862, 875, 876, 879, 880, 887, 888, 899, 900, 911, 914, 916, 918, 921, 928, 929, 930, 931]","[4, 11, 12, 18, 21, 23, 24, 25, 26, 27, 28, 31, 35, 36, 43, 45, 52, 55, 56, 60, 62, 64, 70, 71, 80, 88, 90, 94, 97, 100, 104, 119, 123, 129, 136, 137, 139, 140, 141, 148, 155, 169, 172, 179, 183, 185, 188, 196, 197, 198, 217, 232, 237, 267, 270, 278, 319, 321, 324, 325, 330, 334, 335, 354, 366, 369, 380, 383, 384, 386, 395, 398, 399, 400, 401, 402, 403, 404, 405, 406, 407, 408, 409, 410, 411, 412, 413, 414, 415, 416, 417, 418, 419, 420, 421, 422, 423, 424, 425, 426, 427, 428, 429, 430, 431, 432, 433, 434, 435, 436, 437, 438, 439, 440, 441, 442, 443, 444, 445, 446, 447, 448, 449, 450, 451, 452, 453, 454, 455, 456, 457, 458, 459, 460, 461, 462, 463, 464, 465, 466, 467, 468, 469, 470, 471, 472, 473, 474, 475, 476, 477, 478, 479, 480, 481, 482, 483, 484, 490, 496, 497, 505, 507, 508, 509, 510, 511, 514, 516, 517, 523, 525, 529, 532, 533, 536, 538, 545, 546, 552, 559, 561, 565, 568, 571, 575, 590, 594, 600, 607, 608, 610, 611, 612, 619, 627, 640, 643, 650, 654, 656, 659, 667, 668, 669, 685, 696, 701, 726, 729, 737, 777, 779, 782, 783, 787, 790, 791, 809, 817, 819, 830, 833, 834, 836, 845, 848, 849, 850, 851, 852, 853, 854, 855, 856, 857, 858, 859, 860, 861, 862, 863, 864, 865, 866, 867, 868, 869, 870, 871, 872, 873, 874, 875, 876, 877, 878, 879, 880, 881, 882, 883, 884, 885, 886, 887, 888, 889, 890, 891, 892, 893, 894, 895, 896, 897, 898, 899, 900, 901, 902, 903, 904, 905, 906, 907, 908, 909, 910, 911, 912, 913, 914, 915, 916, 917, 918, 919, 920, 921, 922, 923, 924, 925, 926, 927, 928, 929, 930, 931, 932, 933, 934, 935]",True,"[459, 477, 906, 928]","[398, 399, 400, 401, 402, 403, 404, 405, 406, 407, 408, 409, 410, 411, 412, 413, 414, 415, 416, 417, 418, 419, 420, 421, 422, 423, 424, 425, 426, 427, 428, 429, 430, 431, 432, 433, 434, 435, 436, 437, 438, 439, 440, 441, 442, 443, 444, 445, 446, 447, 448, 449, 450, 451, 452, 453, 454, 455, 456, 457, 458, 459, 460, 461, 462, 463, 464, 465, 466, 467, 468, 469, 470, 471, 472, 473, 474, 475, 476, 477, 478, 479, 480, 481, 482, 483, 484, 848, 849, 850, 851, 852, 853, 854, 855, 856, 857, 858, 859, 860, 861, 862, 863, 864, 865, 866, 867, 868, 869, 870, 871, 872, 873, 874, 875, 876, 877, 878, 879, 880, 881, 882, 883, 884, 885, 886, 887, 888, 889, 890, 891, 892, 893, 894, 895, 896, 897, 898, 899, 900, 901, 902, 903, 904, 905, 906, 907, 908, 909, 910, 911, 912, 913, 914, 915, 916, 917, 918, 919, 920, 921, 922, 923, 924, 925, 926, 927, 928, 929, 930, 931, 932, 933, 934, 935]","[459, 477, 906, 928]",[],"[4, 11, 18, 21, 23, 26, 27, 28, 31, 35, 36, 43, 45, 52, 55, 56, 60, 62, 64, 70, 71, 80, 90, 94, 97, 183, 197, 232, 334, 426, 455, 472, 477, 478, 480, 483, 484, 490, 496, 505, 507, 509, 510, 511, 514, 516, 517, 523, 525, 529, 532, 533, 536, 538, 545, 546, 552, 561, 565, 568, 654, 668, 696, 790, 857, 878, 902, 919, 928, 929, 932, 934, 935]","[12, 24, 25, 28, 88, 100, 104, 119, 123, 129, 136, 137, 139, 140, 141, 148, 155, 169, 172, 179, 183, 185, 188, 196, 198, 217, 237, 267, 270, 278, 319, 321, 324, 325, 330, 334, 335, 354, 366, 369, 380, 383, 384, 386, 395, 401, 402, 407, 411, 423, 424, 427, 428, 436, 437, 452, 453, 456, 464, 467, 469, 471, 477, 478, 479, 497, 508, 511, 559, 571, 575, 590, 594, 600, 607, 608, 610, 611, 612, 619, 627, 640, 643, 650, 654, 656, 659, 667, 669, 685, 701, 726, 729, 737, 777, 779, 782, 783, 787, 790, 791, 809, 817, 819, 830, 833, 834, 836, 845, 850, 851, 856, 857, 860, 862, 875, 876, 879, 880, 887, 888, 899, 900, 911, 914, 916, 918, 921, 928, 929, 930, 931]","[12, 24, 25, 28, 88, 100, 104, 119, 123, 129, 136, 137, 139, 140, 141, 148, 155, 169, 172, 179, 183, 185, 188, 196, 198, 217, 237, 267, 270, 278, 319, 321, 324, 325, 330, 334, 335, 354, 366, 369, 380, 383, 384, 386, 395, 407, 411, 423, 428, 436, 437, 452, 453, 456, 467, 471, 477, 478, 479, 497, 508, 511, 559, 571, 575, 590, 594, 600, 607, 608, 610, 611, 612, 619, 627, 640, 643, 650, 654, 656, 659, 667, 669, 685, 701, 726, 729, 737, 777, 779, 782, 783, 787, 790, 791, 809, 817, 819, 830, 833, 834, 836, 845, 856, 857, 860, 862, 875, 880, 887, 888, 899, 900, 914, 918, 921, 928, 929, 930]",7/6 successful match,True,[71],True,104,False,,1.0,True,Top Stop # 66 ( Chevron ),Chevron
"D Lake Point , 84074 TravelCenters of America / Salt E )",801-250-8585 I-80 Exit 99 Lake City,TA 24 XL O <U+2610>,Lake Point,84074,TravelCenters of America / Salt E ),801-250-8585,2006,Tooele,UT,TravelCenters,,I-80 Exit 99 Lake City,Exit,99,False,,False,I-80,,,,,"[480, 932]","[414, 480, 865, 932]","[43, 66, 71, 104, 411, 414, 417, 420, 430, 441, 446, 448, 449, 450, 468, 480, 523, 541, 546, 575, 860, 862, 865, 868, 869, 872, 882, 896, 897, 915, 932]","[118, 335, 414, 480, 589, 791, 865, 932]","[398, 399, 400, 401, 402, 403, 404, 405, 406, 407, 408, 409, 410, 411, 412, 413, 414, 415, 416, 417, 418, 419, 420, 421, 422, 423, 424, 425, 426, 427, 428, 429, 430, 431, 432, 433, 434, 435, 436, 437, 438, 439, 440, 441, 442, 443, 444, 445, 446, 447, 448, 449, 450, 451, 452, 453, 454, 455, 456, 457, 458, 459, 460, 461, 462, 463, 464, 465, 466, 467, 468, 469, 470, 471, 472, 473, 474, 475, 476, 477, 478, 479, 480, 481, 482, 483, 484, 848, 849, 850, 851, 852, 853, 854, 855, 856, 857, 858, 859, 860, 861, 862, 863, 864, 865, 866, 867, 868, 869, 870, 871, 872, 873, 874, 875, 876, 877, 878, 879, 880, 881, 882, 883, 884, 885, 886, 887, 888, 889, 890, 891, 892, 893, 894, 895, 896, 897, 898, 899, 900, 901, 902, 903, 904, 905, 906, 907, 908, 909, 910, 911, 912, 913, 914, 915, 916, 917, 918, 919, 920, 921, 922, 923, 924, 925, 926, 927, 928, 929, 930, 931, 932, 933, 934, 935]","[89, 108, 172, 217, 221, 239, 264, 280, 321, 342, 343, 344, 345, 346, 349, 351, 352, 355, 357, 359, 364, 368, 371, 372, 373, 374, 376, 377, 387, 392, 393, 403, 409, 411, 414, 424, 430, 449, 454, 470, 480, 560, 584, 643, 685, 703, 724, 739, 779, 798, 799, 800, 801, 804, 806, 807, 810, 812, 814, 816, 821, 822, 823, 824, 826, 827, 837, 842, 843, 852, 859, 862, 865, 869, 876, 882, 897, 901, 917, 932]","[98, 476, 481, 569, 924, 925]",[],"[916, 917, 523, 918, 387, 919, 920, 921, 541, 922, 546, 923, 924, 43, 925, 560, 926, 927, 569, 928, 575, 66, 929, 71, 930, 584, 589, 931, 933, 89, 934, 935, 98, 104, 108, 118, 643, 392, 372, 393, 373, 172, 685, 342, 343, 703, 344, 374, 345, 346, 724, 217, 349, 221, 739, 351, 352, 239, 376, 355, 357, 264, 779, 377, 359, 791, 280, 798, 799, 800, 801, 804, 806, 807, 364, 810, 812, 814, 816, 821, 822, 823, 824, 826, 827, 368, 321, 837, 842, 371, 843, 335, 848, 849, 850, 851, 852, 853, 854, 855, 856, 857, 858, 859, 860, 861, 862, 863, 864, 865, 866, 867, 868, 869, 870, 871, 872, 873, 874, 875, 876, 877, 878, 879, 880, 881, 882, 883, 884, 885, 886, 887, 888, 889, 890, 891, 892, 893, 894, 895, 896, 897, 898, 899, 900, 901, 902, 903, 904, 905, 906, 907, 908, 909, 398, 399, 400, 401, 402, 915, 403, 404, 405, 406, 407, 408, 409, 411, 410, 412, 414, 413, 415, 417, 416, 418, 932, 420, 419, 421, 422, 423, 424, 425, 426, 427, 430, 428, 429, 431, 432, 433, 434, 435, 436, 437, 438, 441, 439, 443, 440, 445, 446, 442, 448, 449, 450, 444, 447, 451, 452, 453, 454, 455, 456, 457, 458, 459, 460, 461, 462, 463, 464, 465, 468, 466, 467, 469, 470, 471, 472, 473, 474, 475, 476, 477, 480, 478, 479, 481, 482, 483, 484, 910, 911, 912, 913, 914]",True,"[414, 480, 865, 932]","[398, 399, 400, 401, 402, 403, 404, 405, 406, 407, 408, 409, 410, 411, 412, 413, 414, 415, 416, 417, 418, 419, 420, 421, 422, 423, 424, 425, 426, 427, 428, 429, 430, 431, 432, 433, 434, 435, 436, 437, 438, 439, 440, 441, 442, 443, 444, 445, 446, 447, 448, 449, 450, 451, 452, 453, 454, 455, 456, 457, 458, 459, 460, 461, 462, 463, 464, 465, 466, 467, 468, 469, 470, 471, 472, 473, 474, 475, 476, 477, 478, 479, 480, 481, 482, 483, 484, 848, 849, 850, 851, 852, 853, 854, 855, 856, 857, 858, 859, 860, 861, 862, 863, 864, 865, 866, 867, 868, 869, 870, 871, 872, 873, 874, 875, 876, 877, 878, 879, 880, 881, 882, 883, 884, 885, 886, 887, 888, 889, 890, 891, 892, 893, 894, 895, 896, 897, 898, 899, 900, 901, 902, 903, 904, 905, 906, 907, 908, 909, 910, 911, 912, 913, 914, 915, 916, 917, 918, 919, 920, 921, 922, 923, 924, 925, 926, 927, 928, 929, 930, 931, 932, 933, 934, 935]","[43, 66, 71, 104, 411, 414, 417, 420, 430, 441, 446, 448, 449, 450, 468, 480, 523, 541, 546, 575, 860, 862, 865, 868, 869, 872, 882, 896, 897, 915, 932]","[118, 335, 414, 480, 589, 791, 865, 932]","[89, 108, 172, 217, 221, 239, 264, 280, 321, 342, 343, 344, 345, 346, 349, 351, 352, 355, 357, 359, 364, 368, 371, 372, 373, 374, 376, 377, 387, 392, 393, 403, 409, 411, 414, 424, 430, 449, 454, 470, 480, 560, 584, 643, 685, 703, 724, 739, 779, 798, 799, 800, 801, 804, 806, 807, 810, 812, 814, 816, 821, 822, 823, 824, 826, 827, 837, 842, 843, 852, 859, 862, 865, 869, 876, 882, 897, 901, 917, 932]",[],"[98, 476, 481, 569, 924, 925]",6/6 successful match,True,"[326, 327, 328, 329]",True,105,False,,,,,
"Lake Point , 84074 TravelCenters of America / SLC",801-250-8585 I-80 Exit 99 TA,24 O,Lake Point,84074,TravelCenters of America / SLC,801-250-8585,2007,Tooele,UT,TravelCenters,,I-80 Exit 99 TA,Exit,99,False,,False,I-80,,,,,"[480, 932]","[414, 480, 865, 932]","[43, 66, 71, 104, 411, 414, 417, 420, 430, 441, 446, 448, 449, 450, 468, 480, 523, 541, 546, 575, 860, 862, 865, 868, 869, 872, 882, 896, 897, 915, 932]","[118, 335, 414, 480, 589, 791, 865, 932]","[398, 399, 400, 401, 402, 403, 404, 405, 406, 407, 408, 409, 410, 411, 412, 413, 414, 415, 416, 417, 418, 419, 420, 421, 422, 423, 424, 425, 426, 427, 428, 429, 430, 431, 432, 433, 434, 435, 436, 437, 438, 439, 440, 441, 442, 443, 444, 445, 446, 447, 448, 449, 450, 451, 452, 453, 454, 455, 456, 457, 458, 459, 460, 461, 462, 463, 464, 465, 466, 467, 468, 469, 470, 471, 472, 473, 474, 475, 476, 477, 478, 479, 480, 481, 482, 483, 484, 848, 849, 850, 851, 852, 853, 854, 855, 856, 857, 858, 859, 860, 861, 862, 863, 864, 865, 866, 867, 868, 869, 870, 871, 872, 873, 874, 875, 876, 877, 878, 879, 880, 881, 882, 883, 884, 885, 886, 887, 888, 889, 890, 891, 892, 893, 894, 895, 896, 897, 898, 899, 900, 901, 902, 903, 904, 905, 906, 907, 908, 909, 910, 911, 912, 913, 914, 915, 916, 917, 918, 919, 920, 921, 922, 923, 924, 925, 926, 927, 928, 929, 930, 931, 932, 933, 934, 935]","[89, 108, 172, 217, 221, 239, 264, 280, 321, 342, 343, 344, 345, 346, 349, 351, 352, 355, 357, 359, 364, 368, 371, 372, 373, 374, 376, 377, 387, 392, 393, 403, 409, 411, 414, 424, 430, 449, 454, 470, 480, 560, 584, 643, 685, 703, 724, 739, 779, 798, 799, 800, 801, 804, 806, 807, 810, 812, 814, 816, 821, 822, 823, 824, 826, 827, 837, 842, 843, 852, 859, 862, 865, 869, 876, 882, 897, 901, 917, 932]","[98, 476, 481, 569, 924, 925]",[],"[916, 917, 523, 918, 387, 919, 920, 921, 541, 922, 546, 923, 924, 43, 925, 560, 926, 927, 569, 928, 575, 66, 929, 71, 930, 584, 589, 931, 933, 89, 934, 935, 98, 104, 108, 118, 643, 392, 372, 393, 373, 172, 685, 342, 343, 703, 344, 374, 345, 346, 724, 217, 349, 221, 739, 351, 352, 239, 376, 355, 357, 264, 779, 377, 359, 791, 280, 798, 799, 800, 801, 804, 806, 807, 364, 810, 812, 814, 816, 821, 822, 823, 824, 826, 827, 368, 321, 837, 842, 371, 843, 335, 848, 849, 850, 851, 852, 853, 854, 855, 856, 857, 858, 859, 860, 861, 862, 863, 864, 865, 866, 867, 868, 869, 870, 871, 872, 873, 874, 875, 876, 877, 878, 879, 880, 881, 882, 883, 884, 885, 886, 887, 888, 889, 890, 891, 892, 893, 894, 895, 896, 897, 898, 899, 900, 901, 902, 903, 904, 905, 906, 907, 908, 909, 398, 399, 400, 401, 402, 915, 403, 404, 405, 406, 407, 408, 409, 411, 410, 412, 414, 413, 415, 417, 416, 418, 932, 420, 419, 421, 422, 423, 424, 425, 426, 427, 430, 428, 429, 431, 432, 433, 434, 435, 436, 437, 438, 441, 439, 443, 440, 445, 446, 442, 448, 449, 450, 444, 447, 451, 452, 453, 454, 455, 456, 457, 458, 459, 460, 461, 462, 463, 464, 465, 468, 466, 467, 469, 470, 471, 472, 473, 474, 475, 476, 477, 480, 478, 479, 481, 482, 483, 484, 910, 911, 912, 913, 914]",True,"[414, 480, 865, 932]","[398, 399, 400, 401, 402, 403, 404, 405, 406, 407, 408, 409, 410, 411, 412, 413, 414, 415, 416, 417, 418, 419, 420, 421, 422, 423, 424, 425, 426, 427, 428, 429, 430, 431, 432, 433, 434, 435, 436, 437, 438, 439, 440, 441, 442, 443, 444, 445, 446, 447, 448, 449, 450, 451, 452, 453, 454, 455, 456, 457, 458, 459, 460, 461, 462, 463, 464, 465, 466, 467, 468, 469, 470, 471, 472, 473, 474, 475, 476, 477, 478, 479, 480, 481, 482, 483, 484, 848, 849, 850, 851, 852, 853, 854, 855, 856, 857, 858, 859, 860, 861, 862, 863, 864, 865, 866, 867, 868, 869, 870, 871, 872, 873, 874, 875, 876, 877, 878, 879, 880, 881, 882, 883, 884, 885, 886, 887, 888, 889, 890, 891, 892, 893, 894, 895, 896, 897, 898, 899, 900, 901, 902, 903, 904, 905, 906, 907, 908, 909, 910, 911, 912, 913, 914, 915, 916, 917, 918, 919, 920, 921, 922, 923, 924, 925, 926, 927, 928, 929, 930, 931, 932, 933, 934, 935]","[43, 66, 71, 104, 411, 414, 417, 420, 430, 441, 446, 448, 449, 450, 468, 480, 523, 541, 546, 575, 860, 862, 865, 868, 869, 872, 882, 896, 897, 915, 932]","[118, 335, 414, 480, 589, 791, 865, 932]","[89, 108, 172, 217, 221, 239, 264, 280, 321, 342, 343, 344, 345, 346, 349, 351, 352, 355, 357, 359, 364, 368, 371, 372, 373, 374, 376, 377, 387, 392, 393, 403, 409, 411, 414, 424, 430, 449, 454, 470, 480, 560, 584, 643, 685, 703, 724, 739, 779, 798, 799, 800, 801, 804, 806, 807, 810, 812, 814, 816, 821, 822, 823, 824, 826, 827, 837, 842, 843, 852, 859, 862, 865, 869, 876, 882, 897, 901, 917, 932]",[],"[98, 476, 481, 569, 924, 925]",6/6 successful match,True,"[326, 327, 328, 329]",True,105,False,,0.9676923076923076,True,TravelCenters of America / Salt E ),TravelCenters
"ILake Point , 84074 TA- Salt Lake City ( Tesoro )",3 801-250-8585 I-80 Exit 99 TA,HRS 24 XL 24,Lake Point,84074,TA- Salt Lake City ( Tesoro ),801-250-8585,2008,Tooele,UT,Tesoro,,I-80 Exit 99 TA,Exit,99,False,,False,I-80,,,,,"[480, 932]","[414, 480, 865, 932]","[43, 66, 71, 104, 411, 414, 417, 420, 430, 441, 446, 448, 449, 450, 468, 480, 523, 541, 546, 575, 860, 862, 865, 868, 869, 872, 882, 896, 897, 915, 932]","[118, 335, 414, 480, 589, 791, 865, 932]","[398, 399, 400, 401, 402, 403, 404, 405, 406, 407, 408, 409, 410, 411, 412, 413, 414, 415, 416, 417, 418, 419, 420, 421, 422, 423, 424, 425, 426, 427, 428, 429, 430, 431, 432, 433, 434, 435, 436, 437, 438, 439, 440, 441, 442, 443, 444, 445, 446, 447, 448, 449, 450, 451, 452, 453, 454, 455, 456, 457, 458, 459, 460, 461, 462, 463, 464, 465, 466, 467, 468, 469, 470, 471, 472, 473, 474, 475, 476, 477, 478, 479, 480, 481, 482, 483, 484, 848, 849, 850, 851, 852, 853, 854, 855, 856, 857, 858, 859, 860, 861, 862, 863, 864, 865, 866, 867, 868, 869, 870, 871, 872, 873, 874, 875, 876, 877, 878, 879, 880, 881, 882, 883, 884, 885, 886, 887, 888, 889, 890, 891, 892, 893, 894, 895, 896, 897, 898, 899, 900, 901, 902, 903, 904, 905, 906, 907, 908, 909, 910, 911, 912, 913, 914, 915, 916, 917, 918, 919, 920, 921, 922, 923, 924, 925, 926, 927, 928, 929, 930, 931, 932, 933, 934, 935]","[89, 108, 172, 217, 221, 239, 264, 280, 321, 342, 343, 344, 345, 346, 349, 351, 352, 355, 357, 359, 364, 368, 371, 372, 373, 374, 376, 377, 387, 392, 393, 403, 409, 411, 414, 424, 430, 449, 454, 470, 480, 560, 584, 643, 685, 703, 724, 739, 779, 798, 799, 800, 801, 804, 806, 807, 810, 812, 814, 816, 821, 822, 823, 824, 826, 827, 837, 842, 843, 852, 859, 862, 865, 869, 876, 882, 897, 901, 917, 932]","[296, 409, 755, 859]","[29, 296, 301, 409, 476, 512, 755, 859, 924, 925]","[512, 916, 917, 523, 918, 387, 919, 920, 921, 541, 29, 922, 546, 923, 924, 43, 925, 560, 926, 927, 928, 575, 66, 929, 71, 930, 584, 589, 931, 933, 89, 934, 935, 104, 108, 118, 643, 392, 372, 393, 373, 172, 685, 342, 343, 703, 344, 374, 345, 346, 724, 217, 349, 221, 739, 351, 352, 239, 755, 376, 355, 357, 264, 779, 377, 359, 791, 280, 798, 799, 800, 801, 804, 806, 807, 364, 296, 810, 812, 301, 814, 816, 821, 822, 823, 824, 826, 827, 368, 321, 837, 842, 371, 843, 335, 848, 849, 850, 851, 852, 853, 854, 855, 856, 857, 858, 859, 860, 861, 862, 863, 864, 865, 866, 867, 868, 869, 870, 871, 872, 873, 874, 875, 876, 877, 878, 879, 880, 881, 882, 883, 884, 885, 886, 887, 888, 889, 890, 891, 892, 893, 894, 895, 896, 897, 898, 899, 900, 901, 902, 903, 904, 905, 906, 907, 908, 909, 398, 399, 400, 401, 402, 915, 403, 404, 405, 406, 407, 408, 409, 411, 410, 412, 414, 413, 415, 417, 416, 418, 932, 420, 419, 421, 422, 423, 424, 425, 426, 427, 430, 428, 429, 431, 432, 433, 434, 435, 436, 437, 438, 441, 439, 443, 440, 445, 446, 442, 448, 449, 450, 444, 447, 451, 452, 453, 454, 455, 456, 457, 458, 459, 460, 461, 462, 463, 464, 465, 468, 466, 467, 469, 470, 471, 472, 473, 474, 475, 476, 477, 480, 478, 479, 481, 482, 483, 484, 910, 911, 912, 913, 914]",True,"[414, 480, 865, 932]","[398, 399, 400, 401, 402, 403, 404, 405, 406, 407, 408, 409, 410, 411, 412, 413, 414, 415, 416, 417, 418, 419, 420, 421, 422, 423, 424, 425, 426, 427, 428, 429, 430, 431, 432, 433, 434, 435, 436, 437, 438, 439, 440, 441, 442, 443, 444, 445, 446, 447, 448, 449, 450, 451, 452, 453, 454, 455, 456, 457, 458, 459, 460, 461, 462, 463, 464, 465, 466, 467, 468, 469, 470, 471, 472, 473, 474, 475, 476, 477, 478, 479, 480, 481, 482, 483, 484, 848, 849, 850, 851, 852, 853, 854, 855, 856, 857, 858, 859, 860, 861, 862, 863, 864, 865, 866, 867, 868, 869, 870, 871, 872, 873, 874, 875, 876, 877, 878, 879, 880, 881, 882, 883, 884, 885, 886, 887, 888, 889, 890, 891, 892, 893, 894, 895, 896, 897, 898, 899, 900, 901, 902, 903, 904, 905, 906, 907, 908, 909, 910, 911, 912, 913, 914, 915, 916, 917, 918, 919, 920, 921, 922, 923, 924, 925, 926, 927, 928, 929, 930, 931, 932, 933, 934, 935]","[43, 66, 71, 104, 411, 414, 417, 420, 430, 441, 446, 448, 449, 450, 468, 480, 523, 541, 546, 575, 860, 862, 865, 868, 869, 872, 882, 896, 897, 915, 932]","[118, 335, 414, 480, 589, 791, 865, 932]","[89, 108, 172, 217, 221, 239, 264, 280, 321, 342, 343, 344, 345, 346, 349, 351, 352, 355, 357, 359, 364, 368, 371, 372, 373, 374, 376, 377, 387, 392, 393, 403, 409, 411, 414, 424, 430, 449, 454, 470, 480, 560, 584, 643, 685, 703, 724, 739, 779, 798, 799, 800, 801, 804, 806, 807, 810, 812, 814, 816, 821, 822, 823, 824, 826, 827, 837, 842, 843, 852, 859, 862, 865, 869, 876, 882, 897, 901, 917, 932]","[29, 296, 301, 409, 476, 512, 755, 859, 924, 925]","[296, 409, 755, 859]",5/6 successful match,True,"[326, 327, 328, 329]",True,105,True,2008,0.1016949152542373,False,TravelCenters of America / SLC,TravelCenters
D Lake Point ( 84074 ) TA Tooele # 060 ( Shell ),801-250-8585 I-80 Exit 99,A 24 <U+2610> XL,Lake Point,84074,TA Tooele # 060 ( Shell ),801-250-8585,2014,Tooele,UT,Shell,,I-80 Exit 99,Exit,99,False,,False,I-80,,,,,"[480, 932]","[414, 480, 865, 932]","[43, 66, 71, 104, 411, 414, 417, 420, 430, 441, 446, 448, 449, 450, 468, 480, 523, 541, 546, 575, 860, 862, 865, 868, 869, 872, 882, 896, 897, 915, 932]","[118, 335, 414, 480, 589, 791, 865, 932]","[398, 399, 400, 401, 402, 403, 404, 405, 406, 407, 408, 409, 410, 411, 412, 413, 414, 415, 416, 417, 418, 419, 420, 421, 422, 423, 424, 425, 426, 427, 428, 429, 430, 431, 432, 433, 434, 435, 436, 437, 438, 439, 440, 441, 442, 443, 444, 445, 446, 447, 448, 449, 450, 451, 452, 453, 454, 455, 456, 457, 458, 459, 460, 461, 462, 463, 464, 465, 466, 467, 468, 469, 470, 471, 472, 473, 474, 475, 476, 477, 478, 479, 480, 481, 482, 483, 484, 848, 849, 850, 851, 852, 853, 854, 855, 856, 857, 858, 859, 860, 861, 862, 863, 864, 865, 866, 867, 868, 869, 870, 871, 872, 873, 874, 875, 876, 877, 878, 879, 880, 881, 882, 883, 884, 885, 886, 887, 888, 889, 890, 891, 892, 893, 894, 895, 896, 897, 898, 899, 900, 901, 902, 903, 904, 905, 906, 907, 908, 909, 910, 911, 912, 913, 914, 915, 916, 917, 918, 919, 920, 921, 922, 923, 924, 925, 926, 927, 928, 929, 930, 931, 932, 933, 934, 935]","[89, 108, 172, 217, 221, 239, 264, 280, 321, 342, 343, 344, 345, 346, 349, 351, 352, 355, 357, 359, 364, 368, 371, 372, 373, 374, 376, 377, 387, 392, 393, 403, 409, 411, 414, 424, 430, 449, 454, 470, 480, 560, 584, 643, 685, 703, 724, 739, 779, 798, 799, 800, 801, 804, 806, 807, 810, 812, 814, 816, 821, 822, 823, 824, 826, 827, 837, 842, 843, 852, 859, 862, 865, 869, 876, 882, 897, 901, 917, 932]","[1, 13, 14, 29, 54, 55, 56, 57, 58, 60, 102, 118, 125, 127, 130, 134, 146, 149, 153, 175, 182, 187, 189, 191, 197, 225, 230, 238, 264, 265, 266, 286, 302, 317, 336, 379, 388, 389, 425, 454, 458, 463, 475, 487, 498, 499, 512, 530, 531, 532, 533, 534, 536, 573, 589, 596, 598, 601, 605, 617, 620, 624, 646, 653, 658, 660, 662, 668, 689, 694, 702, 724, 725, 745, 760, 775, 793, 829, 838, 839, 877, 901, 903, 905, 910, 923]","[1, 13, 14, 29, 54, 55, 56, 57, 58, 60, 102, 118, 125, 127, 130, 134, 146, 149, 153, 175, 182, 187, 189, 191, 197, 225, 230, 238, 264, 265, 266, 286, 301, 302, 317, 336, 354, 379, 388, 389, 425, 454, 458, 463, 475, 476, 480, 487, 498, 499, 512, 530, 531, 532, 533, 534, 536, 573, 589, 596, 598, 601, 605, 617, 620, 624, 646, 653, 658, 660, 662, 668, 689, 694, 702, 724, 725, 745, 760, 775, 793, 809, 829, 838, 839, 877, 901, 903, 905, 910, 923, 924, 925, 932]","[1, 13, 14, 29, 43, 54, 55, 56, 57, 58, 60, 66, 71, 89, 102, 104, 108, 118, 125, 127, 130, 134, 146, 149, 153, 172, 175, 182, 187, 189, 191, 197, 217, 221, 225, 230, 238, 239, 264, 265, 266, 280, 286, 301, 302, 317, 321, 335, 336, 342, 343, 344, 345, 346, 349, 351, 352, 354, 355, 357, 359, 364, 368, 371, 372, 373, 374, 376, 377, 379, 387, 388, 389, 392, 393, 398, 399, 400, 401, 402, 403, 404, 405, 406, 407, 408, 409, 410, 411, 412, 413, 414, 415, 416, 417, 418, 419, 420, 421, 422, 423, 424, 425, 426, 427, 428, 429, 430, 431, 432, 433, 434, 435, 436, 437, 438, 439, 440, 441, 442, 443, 444, 445, 446, 447, 448, 449, 450, 451, 452, 453, 454, 455, 456, 457, 458, 459, 460, 461, 462, 463, 464, 465, 466, 467, 468, 469, 470, 471, 472, 473, 474, 475, 476, 477, 478, 479, 480, 481, 482, 483, 484, 487, 498, 499, 512, 523, 530, 531, 532, 533, 534, 536, 541, 546, 560, 573, 575, 584, 589, 596, 598, 601, 605, 617, 620, 624, 643, 646, 653, 658, 660, 662, 668, 685, 689, 694, 702, 703, 724, 725, 739, 745, 760, 775, 779, 791, 793, 798, 799, 800, 801, 804, 806, 807, 809, 810, 812, 814, 816, 821, 822, 823, 824, 826, 827, 829, 837, 838, 839, 842, 843, 848, 849, 850, 851, 852, 853, 854, 855, 856, 857, 858, 859, 860, 861, 862, 863, 864, 865, 866, 867, 868, 869, 870, 871, 872, 873, 874, 875, 876, 877, 878, 879, 880, 881, 882, 883, 884, 885, 886, 887, 888, 889, 890, 891, 892, 893, 894, 895, 896, 897, 898, 899, 900, 901, 902, 903, 904, 905, 906, 907, 908, 909, 910, 911, 912, 913, 914, 915, 916, 917, 918, 919, 920, 921, 922, 923, 924, 925, 926, 927, 928, 929, 930, 931, 932, 933, 934, 935]",True,"[414, 480, 865, 932]","[398, 399, 400, 401, 402, 403, 404, 405, 406, 407, 408, 409, 410, 411, 412, 413, 414, 415, 416, 417, 418, 419, 420, 421, 422, 423, 424, 425, 426, 427, 428, 429, 430, 431, 432, 433, 434, 435, 436, 437, 438, 439, 440, 441, 442, 443, 444, 445, 446, 447, 448, 449, 450, 451, 452, 453, 454, 455, 456, 457, 458, 459, 460, 461, 462, 463, 464, 465, 466, 467, 468, 469, 470, 471, 472, 473, 474, 475, 476, 477, 478, 479, 480, 481, 482, 483, 484, 848, 849, 850, 851, 852, 853, 854, 855, 856, 857, 858, 859, 860, 861, 862, 863, 864, 865, 866, 867, 868, 869, 870, 871, 872, 873, 874, 875, 876, 877, 878, 879, 880, 881, 882, 883, 884, 885, 886, 887, 888, 889, 890, 891, 892, 893, 894, 895, 896, 897, 898, 899, 900, 901, 902, 903, 904, 905, 906, 907, 908, 909, 910, 911, 912, 913, 914, 915, 916, 917, 918, 919, 920, 921, 922, 923, 924, 925, 926, 927, 928, 929, 930, 931, 932, 933, 934, 935]","[43, 66, 71, 104, 411, 414, 417, 420, 430, 441, 446, 448, 449, 450, 468, 480, 523, 541, 546, 575, 860, 862, 865, 868, 869, 872, 882, 896, 897, 915, 932]","[118, 335, 414, 480, 589, 791, 865, 932]","[89, 108, 172, 217, 221, 239, 264, 280, 321, 342, 343, 344, 345, 346, 349, 351, 352, 355, 357, 359, 364, 368, 371, 372, 373, 374, 376, 377, 387, 392, 393, 403, 409, 411, 414, 424, 430, 449, 454, 470, 480, 560, 584, 643, 685, 703, 724, 739, 779, 798, 799, 800, 801, 804, 806, 807, 810, 812, 814, 816, 821, 822, 823, 824, 826, 827, 837, 842, 843, 852, 859, 862, 865, 869, 876, 882, 897, 901, 917, 932]","[1, 13, 14, 29, 54, 55, 56, 57, 58, 60, 102, 118, 125, 127, 130, 134, 146, 149, 153, 175, 182, 187, 189, 191, 197, 225, 230, 238, 264, 265, 266, 286, 301, 302, 317, 336, 354, 379, 388, 389, 425, 454, 458, 463, 475, 476, 480, 487, 498, 499, 512, 530, 531, 532, 533, 534, 536, 573, 589, 596, 598, 601, 605, 617, 620, 624, 646, 653, 658, 660, 662, 668, 689, 694, 702, 724, 725, 745, 760, 775, 793, 809, 829, 838, 839, 877, 901, 903, 905, 910, 923, 924, 925, 932]","[1, 13, 14, 29, 54, 55, 56, 57, 58, 60, 102, 118, 125, 127, 130, 134, 146, 149, 153, 175, 182, 187, 189, 191, 197, 225, 230, 238, 264, 265, 266, 286, 302, 317, 336, 379, 388, 389, 425, 454, 458, 463, 475, 487, 498, 499, 512, 530, 531, 532, 533, 534, 536, 573, 589, 596, 598, 601, 605, 617, 620, 624, 646, 653, 658, 660, 662, 668, 689, 694, 702, 724, 725, 745, 760, 775, 793, 829, 838, 839, 877, 901, 903, 905, 910, 923]",6/6 successful match,True,"[326, 327, 328, 329]",True,105,True,2014,0.24074074074074073,False,TA- Salt Lake City ( Tesoro ),Tesoro
D Lake Point ( 84074 ) TA Tooele # 060 ( Shell ),801-250-8585 I-80 Exit 99,ZA 24 <U+2610> XL,Lake Point,84074,TA Tooele # 060 ( Shell ),801-250-8585,2015,Tooele,UT,Shell,,I-80 Exit 99,Exit,99,False,,False,I-80,,,,,"[480, 932]","[414, 480, 865, 932]","[43, 66, 71, 104, 411, 414, 417, 420, 430, 441, 446, 448, 449, 450, 468, 480, 523, 541, 546, 575, 860, 862, 865, 868, 869, 872, 882, 896, 897, 915, 932]","[118, 335, 414, 480, 589, 791, 865, 932]","[398, 399, 400, 401, 402, 403, 404, 405, 406, 407, 408, 409, 410, 411, 412, 413, 414, 415, 416, 417, 418, 419, 420, 421, 422, 423, 424, 425, 426, 427, 428, 429, 430, 431, 432, 433, 434, 435, 436, 437, 438, 439, 440, 441, 442, 443, 444, 445, 446, 447, 448, 449, 450, 451, 452, 453, 454, 455, 456, 457, 458, 459, 460, 461, 462, 463, 464, 465, 466, 467, 468, 469, 470, 471, 472, 473, 474, 475, 476, 477, 478, 479, 480, 481, 482, 483, 484, 848, 849, 850, 851, 852, 853, 854, 855, 856, 857, 858, 859, 860, 861, 862, 863, 864, 865, 866, 867, 868, 869, 870, 871, 872, 873, 874, 875, 876, 877, 878, 879, 880, 881, 882, 883, 884, 885, 886, 887, 888, 889, 890, 891, 892, 893, 894, 895, 896, 897, 898, 899, 900, 901, 902, 903, 904, 905, 906, 907, 908, 909, 910, 911, 912, 913, 914, 915, 916, 917, 918, 919, 920, 921, 922, 923, 924, 925, 926, 927, 928, 929, 930, 931, 932, 933, 934, 935]","[89, 108, 172, 217, 221, 239, 264, 280, 321, 342, 343, 344, 345, 346, 349, 351, 352, 355, 357, 359, 364, 368, 371, 372, 373, 374, 376, 377, 387, 392, 393, 403, 409, 411, 414, 424, 430, 449, 454, 470, 480, 560, 584, 643, 685, 703, 724, 739, 779, 798, 799, 800, 801, 804, 806, 807, 810, 812, 814, 816, 821, 822, 823, 824, 826, 827, 837, 842, 843, 852, 859, 862, 865, 869, 876, 882, 897, 901, 917, 932]","[1, 13, 14, 29, 54, 55, 56, 57, 58, 60, 102, 118, 125, 127, 130, 134, 146, 149, 153, 175, 182, 187, 189, 191, 197, 225, 230, 238, 264, 265, 266, 286, 302, 317, 336, 379, 388, 389, 425, 454, 458, 463, 475, 487, 498, 499, 512, 530, 531, 532, 533, 534, 536, 573, 589, 596, 598, 601, 605, 617, 620, 624, 646, 653, 658, 660, 662, 668, 689, 694, 702, 724, 725, 745, 760, 775, 793, 829, 838, 839, 877, 901, 903, 905, 910, 923]","[1, 13, 14, 29, 54, 55, 56, 57, 58, 60, 102, 118, 125, 127, 130, 134, 146, 149, 153, 175, 182, 187, 189, 191, 197, 225, 230, 238, 264, 265, 266, 286, 301, 302, 317, 336, 354, 379, 388, 389, 425, 454, 458, 463, 475, 476, 480, 487, 498, 499, 512, 530, 531, 532, 533, 534, 536, 573, 589, 596, 598, 601, 605, 617, 620, 624, 646, 653, 658, 660, 662, 668, 689, 694, 702, 724, 725, 745, 760, 775, 793, 809, 829, 838, 839, 877, 901, 903, 905, 910, 923, 924, 925, 932]","[1, 13, 14, 29, 43, 54, 55, 56, 57, 58, 60, 66, 71, 89, 102, 104, 108, 118, 125, 127, 130, 134, 146, 149, 153, 172, 175, 182, 187, 189, 191, 197, 217, 221, 225, 230, 238, 239, 264, 265, 266, 280, 286, 301, 302, 317, 321, 335, 336, 342, 343, 344, 345, 346, 349, 351, 352, 354, 355, 357, 359, 364, 368, 371, 372, 373, 374, 376, 377, 379, 387, 388, 389, 392, 393, 398, 399, 400, 401, 402, 403, 404, 405, 406, 407, 408, 409, 410, 411, 412, 413, 414, 415, 416, 417, 418, 419, 420, 421, 422, 423, 424, 425, 426, 427, 428, 429, 430, 431, 432, 433, 434, 435, 436, 437, 438, 439, 440, 441, 442, 443, 444, 445, 446, 447, 448, 449, 450, 451, 452, 453, 454, 455, 456, 457, 458, 459, 460, 461, 462, 463, 464, 465, 466, 467, 468, 469, 470, 471, 472, 473, 474, 475, 476, 477, 478, 479, 480, 481, 482, 483, 484, 487, 498, 499, 512, 523, 530, 531, 532, 533, 534, 536, 541, 546, 560, 573, 575, 584, 589, 596, 598, 601, 605, 617, 620, 624, 643, 646, 653, 658, 660, 662, 668, 685, 689, 694, 702, 703, 724, 725, 739, 745, 760, 775, 779, 791, 793, 798, 799, 800, 801, 804, 806, 807, 809, 810, 812, 814, 816, 821, 822, 823, 824, 826, 827, 829, 837, 838, 839, 842, 843, 848, 849, 850, 851, 852, 853, 854, 855, 856, 857, 858, 859, 860, 861, 862, 863, 864, 865, 866, 867, 868, 869, 870, 871, 872, 873, 874, 875, 876, 877, 878, 879, 880, 881, 882, 883, 884, 885, 886, 887, 888, 889, 890, 891, 892, 893, 894, 895, 896, 897, 898, 899, 900, 901, 902, 903, 904, 905, 906, 907, 908, 909, 910, 911, 912, 913, 914, 915, 916, 917, 918, 919, 920, 921, 922, 923, 924, 925, 926, 927, 928, 929, 930, 931, 932, 933, 934, 935]",True,"[414, 480, 865, 932]","[398, 399, 400, 401, 402, 403, 404, 405, 406, 407, 408, 409, 410, 411, 412, 413, 414, 415, 416, 417, 418, 419, 420, 421, 422, 423, 424, 425, 426, 427, 428, 429, 430, 431, 432, 433, 434, 435, 436, 437, 438, 439, 440, 441, 442, 443, 444, 445, 446, 447, 448, 449, 450, 451, 452, 453, 454, 455, 456, 457, 458, 459, 460, 461, 462, 463, 464, 465, 466, 467, 468, 469, 470, 471, 472, 473, 474, 475, 476, 477, 478, 479, 480, 481, 482, 483, 484, 848, 849, 850, 851, 852, 853, 854, 855, 856, 857, 858, 859, 860, 861, 862, 863, 864, 865, 866, 867, 868, 869, 870, 871, 872, 873, 874, 875, 876, 877, 878, 879, 880, 881, 882, 883, 884, 885, 886, 887, 888, 889, 890, 891, 892, 893, 894, 895, 896, 897, 898, 899, 900, 901, 902, 903, 904, 905, 906, 907, 908, 909, 910, 911, 912, 913, 914, 915, 916, 917, 918, 919, 920, 921, 922, 923, 924, 925, 926, 927, 928, 929, 930, 931, 932, 933, 934, 935]","[43, 66, 71, 104, 411, 414, 417, 420, 430, 441, 446, 448, 449, 450, 468, 480, 523, 541, 546, 575, 860, 862, 865, 868, 869, 872, 882, 896, 897, 915, 932]","[118, 335, 414, 480, 589, 791, 865, 932]","[89, 108, 172, 217, 221, 239, 264, 280, 321, 342, 343, 344, 345, 346, 349, 351, 352, 355, 357, 359, 364, 368, 371, 372, 373, 374, 376, 377, 387, 392, 393, 403, 409, 411, 414, 424, 430, 449, 454, 470, 480, 560, 584, 643, 685, 703, 724, 739, 779, 798, 799, 800, 801, 804, 806, 807, 810, 812, 814, 816, 821, 822, 823, 824, 826, 827, 837, 842, 843, 852, 859, 862, 865, 869, 876, 882, 897, 901, 917, 932]","[1, 13, 14, 29, 54, 55, 56, 57, 58, 60, 102, 118, 125, 127, 130, 134, 146, 149, 153, 175, 182, 187, 189, 191, 197, 225, 230, 238, 264, 265, 266, 286, 301, 302, 317, 336, 354, 379, 388, 389, 425, 454, 458, 463, 475, 476, 480, 487, 498, 499, 512, 530, 531, 532, 533, 534, 536, 573, 589, 596, 598, 601, 605, 617, 620, 624, 646, 653, 658, 660, 662, 668, 689, 694, 702, 724, 725, 745, 760, 775, 793, 809, 829, 838, 839, 877, 901, 903, 905, 910, 923, 924, 925, 932]","[1, 13, 14, 29, 54, 55, 56, 57, 58, 60, 102, 118, 125, 127, 130, 134, 146, 149, 153, 175, 182, 187, 189, 191, 197, 225, 230, 238, 264, 265, 266, 286, 302, 317, 336, 379, 388, 389, 425, 454, 458, 463, 475, 487, 498, 499, 512, 530, 531, 532, 533, 534, 536, 573, 589, 596, 598, 601, 605, 617, 620, 624, 646, 653, 658, 660, 662, 668, 689, 694, 702, 724, 725, 745, 760, 775, 793, 829, 838, 839, 877, 901, 903, 905, 910, 923]",6/6 successful match,True,"[326, 327, 328, 329]",True,105,False,,1.0,True,TA Tooele # 060 ( Shell ),Shell
D Lake Point ( 84074 ) TA Tooele # 060 ( Shell ) Z,801-250-8585 I-80 Exit 99,Z XL,Lake Point,84074,TA Tooele # 060 ( Shell ) Z,801-250-8585,2016,Tooele,UT,Shell,,I-80 Exit 99,Exit,99,False,,False,I-80,,,,,"[480, 932]","[414, 480, 865, 932]","[43, 66, 71, 104, 411, 414, 417, 420, 430, 441, 446, 448, 449, 450, 468, 480, 523, 541, 546, 575, 860, 862, 865, 868, 869, 872, 882, 896, 897, 915, 932]","[118, 335, 414, 480, 589, 791, 865, 932]","[398, 399, 400, 401, 402, 403, 404, 405, 406, 407, 408, 409, 410, 411, 412, 413, 414, 415, 416, 417, 418, 419, 420, 421, 422, 423, 424, 425, 426, 427, 428, 429, 430, 431, 432, 433, 434, 435, 436, 437, 438, 439, 440, 441, 442, 443, 444, 445, 446, 447, 448, 449, 450, 451, 452, 453, 454, 455, 456, 457, 458, 459, 460, 461, 462, 463, 464, 465, 466, 467, 468, 469, 470, 471, 472, 473, 474, 475, 476, 477, 478, 479, 480, 481, 482, 483, 484, 848, 849, 850, 851, 852, 853, 854, 855, 856, 857, 858, 859, 860, 861, 862, 863, 864, 865, 866, 867, 868, 869, 870, 871, 872, 873, 874, 875, 876, 877, 878, 879, 880, 881, 882, 883, 884, 885, 886, 887, 888, 889, 890, 891, 892, 893, 894, 895, 896, 897, 898, 899, 900, 901, 902, 903, 904, 905, 906, 907, 908, 909, 910, 911, 912, 913, 914, 915, 916, 917, 918, 919, 920, 921, 922, 923, 924, 925, 926, 927, 928, 929, 930, 931, 932, 933, 934, 935]","[89, 108, 172, 217, 221, 239, 264, 280, 321, 342, 343, 344, 345, 346, 349, 351, 352, 355, 357, 359, 364, 368, 371, 372, 373, 374, 376, 377, 387, 392, 393, 403, 409, 411, 414, 424, 430, 449, 454, 470, 480, 560, 584, 643, 685, 703, 724, 739, 779, 798, 799, 800, 801, 804, 806, 807, 810, 812, 814, 816, 821, 822, 823, 824, 826, 827, 837, 842, 843, 852, 859, 862, 865, 869, 876, 882, 897, 901, 917, 932]","[1, 13, 14, 29, 54, 55, 56, 57, 58, 60, 102, 118, 125, 127, 130, 134, 146, 149, 153, 175, 182, 187, 189, 191, 197, 225, 230, 238, 264, 265, 266, 286, 302, 317, 336, 379, 388, 389, 425, 454, 458, 463, 475, 487, 498, 499, 512, 530, 531, 532, 533, 534, 536, 573, 589, 596, 598, 601, 605, 617, 620, 624, 646, 653, 658, 660, 662, 668, 689, 694, 702, 724, 725, 745, 760, 775, 793, 829, 838, 839, 877, 901, 903, 905, 910, 923]","[1, 13, 14, 29, 54, 55, 56, 57, 58, 60, 102, 118, 125, 127, 130, 134, 146, 149, 153, 175, 182, 187, 189, 191, 197, 225, 230, 238, 264, 265, 266, 286, 301, 302, 317, 336, 354, 379, 388, 389, 425, 454, 458, 463, 475, 476, 480, 487, 498, 499, 512, 530, 531, 532, 533, 534, 536, 573, 589, 596, 598, 601, 605, 617, 620, 624, 646, 653, 658, 660, 662, 668, 689, 694, 702, 724, 725, 745, 760, 775, 793, 809, 829, 838, 839, 877, 901, 903, 905, 910, 923, 924, 925, 932]","[1, 13, 14, 29, 43, 54, 55, 56, 57, 58, 60, 66, 71, 89, 102, 104, 108, 118, 125, 127, 130, 134, 146, 149, 153, 172, 175, 182, 187, 189, 191, 197, 217, 221, 225, 230, 238, 239, 264, 265, 266, 280, 286, 301, 302, 317, 321, 335, 336, 342, 343, 344, 345, 346, 349, 351, 352, 354, 355, 357, 359, 364, 368, 371, 372, 373, 374, 376, 377, 379, 387, 388, 389, 392, 393, 398, 399, 400, 401, 402, 403, 404, 405, 406, 407, 408, 409, 410, 411, 412, 413, 414, 415, 416, 417, 418, 419, 420, 421, 422, 423, 424, 425, 426, 427, 428, 429, 430, 431, 432, 433, 434, 435, 436, 437, 438, 439, 440, 441, 442, 443, 444, 445, 446, 447, 448, 449, 450, 451, 452, 453, 454, 455, 456, 457, 458, 459, 460, 461, 462, 463, 464, 465, 466, 467, 468, 469, 470, 471, 472, 473, 474, 475, 476, 477, 478, 479, 480, 481, 482, 483, 484, 487, 498, 499, 512, 523, 530, 531, 532, 533, 534, 536, 541, 546, 560, 573, 575, 584, 589, 596, 598, 601, 605, 617, 620, 624, 643, 646, 653, 658, 660, 662, 668, 685, 689, 694, 702, 703, 724, 725, 739, 745, 760, 775, 779, 791, 793, 798, 799, 800, 801, 804, 806, 807, 809, 810, 812, 814, 816, 821, 822, 823, 824, 826, 827, 829, 837, 838, 839, 842, 843, 848, 849, 850, 851, 852, 853, 854, 855, 856, 857, 858, 859, 860, 861, 862, 863, 864, 865, 866, 867, 868, 869, 870, 871, 872, 873, 874, 875, 876, 877, 878, 879, 880, 881, 882, 883, 884, 885, 886, 887, 888, 889, 890, 891, 892, 893, 894, 895, 896, 897, 898, 899, 900, 901, 902, 903, 904, 905, 906, 907, 908, 909, 910, 911, 912, 913, 914, 915, 916, 917, 918, 919, 920, 921, 922, 923, 924, 925, 926, 927, 928, 929, 930, 931, 932, 933, 934, 935]",True,"[414, 480, 865, 932]","[398, 399, 400, 401, 402, 403, 404, 405, 406, 407, 408, 409, 410, 411, 412, 413, 414, 415, 416, 417, 418, 419, 420, 421, 422, 423, 424, 425, 426, 427, 428, 429, 430, 431, 432, 433, 434, 435, 436, 437, 438, 439, 440, 441, 442, 443, 444, 445, 446, 447, 448, 449, 450, 451, 452, 453, 454, 455, 456, 457, 458, 459, 460, 461, 462, 463, 464, 465, 466, 467, 468, 469, 470, 471, 472, 473, 474, 475, 476, 477, 478, 479, 480, 481, 482, 483, 484, 848, 849, 850, 851, 852, 853, 854, 855, 856, 857, 858, 859, 860, 861, 862, 863, 864, 865, 866, 867, 868, 869, 870, 871, 872, 873, 874, 875, 876, 877, 878, 879, 880, 881, 882, 883, 884, 885, 886, 887, 888, 889, 890, 891, 892, 893, 894, 895, 896, 897, 898, 899, 900, 901, 902, 903, 904, 905, 906, 907, 908, 909, 910, 911, 912, 913, 914, 915, 916, 917, 918, 919, 920, 921, 922, 923, 924, 925, 926, 927, 928, 929, 930, 931, 932, 933, 934, 935]","[43, 66, 71, 104, 411, 414, 417, 420, 430, 441, 446, 448, 449, 450, 468, 480, 523, 541, 546, 575, 860, 862, 865, 868, 869, 872, 882, 896, 897, 915, 932]","[118, 335, 414, 480, 589, 791, 865, 932]","[89, 108, 172, 217, 221, 239, 264, 280, 321, 342, 343, 344, 345, 346, 349, 351, 352, 355, 357, 359, 364, 368, 371, 372, 373, 374, 376, 377, 387, 392, 393, 403, 409, 411, 414, 424, 430, 449, 454, 470, 480, 560, 584, 643, 685, 703, 724, 739, 779, 798, 799, 800, 801, 804, 806, 807, 810, 812, 814, 816, 821, 822, 823, 824, 826, 827, 837, 842, 843, 852, 859, 862, 865, 869, 876, 882, 897, 901, 917, 932]","[1, 13, 14, 29, 54, 55, 56, 57, 58, 60, 102, 118, 125, 127, 130, 134, 146, 149, 153, 175, 182, 187, 189, 191, 197, 225, 230, 238, 264, 265, 266, 286, 301, 302, 317, 336, 354, 379, 388, 389, 425, 454, 458, 463, 475, 476, 480, 487, 498, 499, 512, 530, 531, 532, 533, 534, 536, 573, 589, 596, 598, 601, 605, 617, 620, 624, 646, 653, 658, 660, 662, 668, 689, 694, 702, 724, 725, 745, 760, 775, 793, 809, 829, 838, 839, 877, 901, 903, 905, 910, 923, 924, 925, 932]","[1, 13, 14, 29, 54, 55, 56, 57, 58, 60, 102, 118, 125, 127, 130, 134, 146, 149, 153, 175, 182, 187, 189, 191, 197, 225, 230, 238, 264, 265, 266, 286, 302, 317, 336, 379, 388, 389, 425, 454, 458, 463, 475, 487, 498, 499, 512, 530, 531, 532, 533, 534, 536, 573, 589, 596, 598, 601, 605, 617, 620, 624, 646, 653, 658, 660, 662, 668, 689, 694, 702, 724, 725, 745, 760, 775, 793, 829, 838, 839, 877, 901, 903, 905, 910, 923]",6/6 successful match,True,"[326, 327, 328, 329]",True,105,False,,1.0,True,TA Tooele # 060 ( Shell ),Shell
"Lake Point , 84074 Flying J Travel Plaza # 0500015",801-508-7400 I-80 Exit 99,,Lake Point,84074,Flying J Travel Plaza # 0500015,801-508-7400,2006,Tooele,UT,Flying J,,I-80 Exit 99,Exit,99,False,,False,I-80,,,,,"[865, 414]","[414, 480, 865, 932]","[43, 66, 71, 104, 411, 414, 417, 420, 430, 441, 446, 448, 449, 450, 468, 480, 523, 541, 546, 575, 860, 862, 865, 868, 869, 872, 882, 896, 897, 915, 932]","[118, 335, 414, 480, 589, 791, 865, 932]","[398, 399, 400, 401, 402, 403, 404, 405, 406, 407, 408, 409, 410, 411, 412, 413, 414, 415, 416, 417, 418, 419, 420, 421, 422, 423, 424, 425, 426, 427, 428, 429, 430, 431, 432, 433, 434, 435, 436, 437, 438, 439, 440, 441, 442, 443, 444, 445, 446, 447, 448, 449, 450, 451, 452, 453, 454, 455, 456, 457, 458, 459, 460, 461, 462, 463, 464, 465, 466, 467, 468, 469, 470, 471, 472, 473, 474, 475, 476, 477, 478, 479, 480, 481, 482, 483, 484, 848, 849, 850, 851, 852, 853, 854, 855, 856, 857, 858, 859, 860, 861, 862, 863, 864, 865, 866, 867, 868, 869, 870, 871, 872, 873, 874, 875, 876, 877, 878, 879, 880, 881, 882, 883, 884, 885, 886, 887, 888, 889, 890, 891, 892, 893, 894, 895, 896, 897, 898, 899, 900, 901, 902, 903, 904, 905, 906, 907, 908, 909, 910, 911, 912, 913, 914, 915, 916, 917, 918, 919, 920, 921, 922, 923, 924, 925, 926, 927, 928, 929, 930, 931, 932, 933, 934, 935]","[89, 108, 172, 217, 221, 239, 264, 280, 321, 342, 343, 344, 345, 346, 349, 351, 352, 355, 357, 359, 364, 368, 371, 372, 373, 374, 376, 377, 387, 392, 393, 403, 409, 411, 414, 424, 430, 449, 454, 470, 480, 560, 584, 643, 685, 703, 724, 739, 779, 798, 799, 800, 801, 804, 806, 807, 810, 812, 814, 816, 821, 822, 823, 824, 826, 827, 837, 842, 843, 852, 859, 862, 865, 869, 876, 882, 897, 901, 917, 932]","[17, 18, 19, 20, 21, 22, 23, 156, 157, 158, 159, 160, 161, 162, 163, 164, 165, 166, 167, 341, 342, 343, 344, 345, 412, 413, 414, 415, 416, 417, 418, 419, 420, 421, 422, 502, 503, 504, 505, 506, 507, 628, 629, 630, 631, 632, 633, 634, 635, 636, 637, 638, 639, 792, 797, 798, 799, 800, 801, 863, 864, 865, 866, 867, 868, 869, 870, 871, 872, 873, 874]","[17, 18, 19, 20, 21, 22, 23, 156, 157, 158, 159, 160, 161, 162, 163, 164, 165, 166, 167, 168, 340, 341, 342, 343, 344, 345, 346, 412, 413, 414, 415, 416, 417, 418, 419, 420, 421, 422, 502, 503, 504, 505, 506, 507, 628, 629, 630, 631, 632, 633, 634, 635, 636, 637, 638, 639, 792, 796, 797, 798, 799, 800, 801, 863, 864, 865, 866, 867, 868, 869, 870, 871, 872, 873, 874]","[916, 917, 523, 918, 387, 919, 17, 18, 19, 20, 920, 21, 22, 23, 921, 541, 922, 546, 923, 924, 43, 925, 560, 926, 927, 928, 575, 66, 929, 71, 930, 584, 589, 931, 933, 89, 934, 935, 104, 108, 628, 629, 118, 630, 631, 632, 633, 634, 635, 636, 637, 638, 639, 643, 392, 372, 156, 157, 158, 159, 160, 161, 162, 393, 163, 164, 165, 166, 167, 168, 373, 172, 685, 340, 341, 342, 343, 703, 344, 374, 345, 346, 724, 217, 349, 221, 739, 351, 352, 239, 376, 355, 357, 264, 779, 377, 359, 791, 280, 792, 796, 797, 798, 799, 800, 801, 804, 806, 807, 364, 810, 812, 814, 816, 821, 822, 823, 824, 826, 827, 368, 321, 837, 842, 371, 843, 335, 848, 849, 850, 851, 852, 853, 854, 855, 856, 857, 858, 859, 860, 861, 862, 863, 864, 865, 866, 867, 868, 869, 870, 871, 872, 873, 874, 875, 876, 877, 878, 879, 880, 881, 882, 883, 884, 885, 886, 887, 888, 889, 890, 891, 892, 893, 894, 895, 896, 897, 898, 899, 900, 901, 902, 903, 904, 905, 906, 907, 908, 909, 398, 399, 400, 401, 402, 915, 403, 404, 405, 406, 407, 408, 409, 411, 410, 412, 414, 413, 415, 417, 416, 418, 932, 420, 419, 421, 422, 423, 424, 425, 426, 427, 430, 428, 429, 431, 432, 433, 434, 435, 436, 437, 438, 441, 439, 443, 440, 445, 446, 442, 448, 449, 450, 444, 447, 451, 452, 453, 454, 455, 456, 457, 458, 459, 460, 461, 462, 463, 464, 465, 468, 466, 467, 469, 470, 471, 472, 473, 474, 475, 476, 477, 480, 478, 479, 481, 482, 483, 484, 910, 911, 503, 912, 913, 502, 914, 504, 505, 506, 507]",True,"[414, 480, 865, 932]","[398, 399, 400, 401, 402, 403, 404, 405, 406, 407, 408, 409, 410, 411, 412, 413, 414, 415, 416, 417, 418, 419, 420, 421, 422, 423, 424, 425, 426, 427, 428, 429, 430, 431, 432, 433, 434, 435, 436, 437, 438, 439, 440, 441, 442, 443, 444, 445, 446, 447, 448, 449, 450, 451, 452, 453, 454, 455, 456, 457, 458, 459, 460, 461, 462, 463, 464, 465, 466, 467, 468, 469, 470, 471, 472, 473, 474, 475, 476, 477, 478, 479, 480, 481, 482, 483, 484, 848, 849, 850, 851, 852, 853, 854, 855, 856, 857, 858, 859, 860, 861, 862, 863, 864, 865, 866, 867, 868, 869, 870, 871, 872, 873, 874, 875, 876, 877, 878, 879, 880, 881, 882, 883, 884, 885, 886, 887, 888, 889, 890, 891, 892, 893, 894, 895, 896, 897, 898, 899, 900, 901, 902, 903, 904, 905, 906, 907, 908, 909, 910, 911, 912, 913, 914, 915, 916, 917, 918, 919, 920, 921, 922, 923, 924, 925, 926, 927, 928, 929, 930, 931, 932, 933, 934, 935]","[43, 66, 71, 104, 411, 414, 417, 420, 430, 441, 446, 448, 449, 450, 468, 480, 523, 541, 546, 575, 860, 862, 865, 868, 869, 872, 882, 896, 897, 915, 932]","[118, 335, 414, 480, 589, 791, 865, 932]","[89, 108, 172, 217, 221, 239, 264, 280, 321, 342, 343, 344, 345, 346, 349, 351, 352, 355, 357, 359, 364, 368, 371, 372, 373, 374, 376, 377, 387, 392, 393, 403, 409, 411, 414, 424, 430, 449, 454, 470, 480, 560, 584, 643, 685, 703, 724, 739, 779, 798, 799, 800, 801, 804, 806, 807, 810, 812, 814, 816, 821, 822, 823, 824, 826, 827, 837, 842, 843, 852, 859, 862, 865, 869, 876, 882, 897, 901, 917, 932]","[17, 18, 19, 20, 21, 22, 23, 156, 157, 158, 159, 160, 161, 162, 163, 164, 165, 166, 167, 168, 340, 341, 342, 343, 344, 345, 346, 412, 413, 414, 415, 416, 417, 418, 419, 420, 421, 422, 502, 503, 504, 505, 506, 507, 628, 629, 630, 631, 632, 633, 634, 635, 636, 637, 638, 639, 792, 796, 797, 798, 799, 800, 801, 863, 864, 865, 866, 867, 868, 869, 870, 871, 872, 873, 874]","[17, 18, 19, 20, 21, 22, 23, 156, 157, 158, 159, 160, 161, 162, 163, 164, 165, 166, 167, 341, 342, 343, 344, 345, 412, 413, 414, 415, 416, 417, 418, 419, 420, 421, 422, 502, 503, 504, 505, 506, 507, 628, 629, 630, 631, 632, 633, 634, 635, 636, 637, 638, 639, 792, 797, 798, 799, 800, 801, 863, 864, 865, 866, 867, 868, 869, 870, 871, 872, 873, 874]",7/6 successful match,True,[524],True,106,False,,,,,
Flying J Travel Plaza # 0500015,"GLake 3801-508-7400 Point , 84074 I-80 Exit 99 #",24,,84074,15,801-508-7400,2007,Tooele,UT,,,"Point, I-80 Exit 99 #",Exit,99,False,,False,I-80,,,,,"[865, 414]","[414, 480, 865, 932]","[480, 932]","[118, 335, 414, 480, 589, 791, 865, 932]","[398, 399, 400, 401, 402, 403, 404, 405, 406, 407, 408, 409, 410, 411, 412, 413, 414, 415, 416, 417, 418, 419, 420, 421, 422, 423, 424, 425, 426, 427, 428, 429, 430, 431, 432, 433, 434, 435, 436, 437, 438, 439, 440, 441, 442, 443, 444, 445, 446, 447, 448, 449, 450, 451, 452, 453, 454, 455, 456, 457, 458, 459, 460, 461, 462, 463, 464, 465, 466, 467, 468, 469, 470, 471, 472, 473, 474, 475, 476, 477, 478, 479, 480, 481, 482, 483, 484, 848, 849, 850, 851, 852, 853, 854, 855, 856, 857, 858, 859, 860, 861, 862, 863, 864, 865, 866, 867, 868, 869, 870, 871, 872, 873, 874, 875, 876, 877, 878, 879, 880, 881, 882, 883, 884, 885, 886, 887, 888, 889, 890, 891, 892, 893, 894, 895, 896, 897, 898, 899, 900, 901, 902, 903, 904, 905, 906, 907, 908, 909, 910, 911, 912, 913, 914, 915, 916, 917, 918, 919, 920, 921, 922, 923, 924, 925, 926, 927, 928, 929, 930, 931, 932, 933, 934, 935]","[89, 108, 172, 217, 221, 239, 264, 280, 321, 342, 343, 344, 345, 346, 349, 351, 352, 355, 357, 359, 364, 368, 371, 372, 373, 374, 376, 377, 387, 392, 393, 403, 409, 411, 414, 424, 430, 449, 454, 470, 480, 560, 584, 643, 685, 703, 724, 739, 779, 798, 799, 800, 801, 804, 806, 807, 810, 812, 814, 816, 821, 822, 823, 824, 826, 827, 837, 842, 843, 852, 859, 862, 865, 869, 876, 882, 897, 901, 917, 932]",[],[],"[916, 917, 918, 387, 919, 920, 921, 922, 923, 924, 925, 560, 926, 927, 928, 929, 930, 584, 589, 931, 933, 89, 934, 935, 108, 118, 643, 392, 372, 393, 373, 172, 685, 342, 343, 703, 344, 374, 345, 346, 724, 217, 349, 221, 739, 351, 352, 239, 376, 355, 357, 264, 779, 377, 359, 791, 280, 798, 799, 800, 801, 804, 806, 807, 364, 810, 812, 814, 816, 821, 822, 823, 824, 826, 827, 368, 321, 837, 842, 371, 843, 335, 848, 849, 850, 851, 852, 853, 854, 855, 856, 857, 858, 859, 860, 861, 862, 863, 864, 865, 866, 867, 868, 869, 870, 871, 872, 873, 874, 875, 876, 877, 878, 879, 880, 881, 882, 883, 884, 885, 886, 887, 888, 889, 890, 891, 892, 893, 894, 895, 896, 897, 898, 899, 900, 901, 902, 903, 904, 905, 906, 907, 908, 909, 398, 399, 400, 401, 402, 403, 404, 405, 406, 407, 408, 409, 410, 411, 412, 413, 414, 415, 416, 417, 418, 419, 932, 420, 421, 422, 423, 424, 425, 426, 427, 428, 429, 430, 431, 432, 433, 434, 435, 436, 437, 438, 439, 440, 441, 442, 443, 444, 445, 446, 447, 448, 449, 450, 451, 452, 453, 454, 455, 456, 457, 458, 459, 460, 461, 462, 463, 464, 465, 466, 467, 468, 469, 470, 471, 472, 473, 474, 475, 476, 477, 478, 480, 479, 481, 482, 483, 484, 910, 911, 912, 913, 914, 915]",True,"[414, 480, 865, 932]","[398, 399, 400, 401, 402, 403, 404, 405, 406, 407, 408, 409, 410, 411, 412, 413, 414, 415, 416, 417, 418, 419, 420, 421, 422, 423, 424, 425, 426, 427, 428, 429, 430, 431, 432, 433, 434, 435, 436, 437, 438, 439, 440, 441, 442, 443, 444, 445, 446, 447, 448, 449, 450, 451, 452, 453, 454, 455, 456, 457, 458, 459, 460, 461, 462, 463, 464, 465, 466, 467, 468, 469, 470, 471, 472, 473, 474, 475, 476, 477, 478, 479, 480, 481, 482, 483, 484, 848, 849, 850, 851, 852, 853, 854, 855, 856, 857, 858, 859, 860, 861, 862, 863, 864, 865, 866, 867, 868, 869, 870, 871, 872, 873, 874, 875, 876, 877, 878, 879, 880, 881, 882, 883, 884, 885, 886, 887, 888, 889, 890, 891, 892, 893, 894, 895, 896, 897, 898, 899, 900, 901, 902, 903, 904, 905, 906, 907, 908, 909, 910, 911, 912, 913, 914, 915, 916, 917, 918, 919, 920, 921, 922, 923, 924, 925, 926, 927, 928, 929, 930, 931, 932, 933, 934, 935]","[480, 932]","[118, 335, 414, 480, 589, 791, 865, 932]","[89, 108, 172, 217, 221, 239, 264, 280, 321, 342, 343, 344, 345, 346, 349, 351, 352, 355, 357, 359, 364, 368, 371, 372, 373, 374, 376, 377, 387, 392, 393, 403, 409, 411, 414, 424, 430, 449, 454, 470, 480, 560, 584, 643, 685, 703, 724, 739, 779, 798, 799, 800, 801, 804, 806, 807, 810, 812, 814, 816, 821, 822, 823, 824, 826, 827, 837, 842, 843, 852, 859, 862, 865, 869, 876, 882, 897, 901, 917, 932]",[],[],7/6 successful match,True,[524],True,106,True,2007,0.06060606060606061,True,Flying J Travel Plaza # 0500015,Flying J
"D Lake Point , 84074 Flying J Travel",3 801-508-7400 I-80 Exit 99 Plaza # 0500015 B,24 HRS XL,Lake Point,84074,Flying J Travel,801-508-7400,2008,Tooele,UT,Flying J,,I-80 Exit 99 Plaza # 0500015 B,Exit,99,False,,False,I-80,,,,,"[865, 414]","[414, 480, 865, 932]","[43, 66, 71, 104, 411, 414, 417, 420, 430, 441, 446, 448, 449, 450, 468, 480, 523, 541, 546, 575, 860, 862, 865, 868, 869, 872, 882, 896, 897, 915, 932]","[118, 335, 414, 480, 589, 791, 865, 932]","[398, 399, 400, 401, 402, 403, 404, 405, 406, 407, 408, 409, 410, 411, 412, 413, 414, 415, 416, 417, 418, 419, 420, 421, 422, 423, 424, 425, 426, 427, 428, 429, 430, 431, 432, 433, 434, 435, 436, 437, 438, 439, 440, 441, 442, 443, 444, 445, 446, 447, 448, 449, 450, 451, 452, 453, 454, 455, 456, 457, 458, 459, 460, 461, 462, 463, 464, 465, 466, 467, 468, 469, 470, 471, 472, 473, 474, 475, 476, 477, 478, 479, 480, 481, 482, 483, 484, 848, 849, 850, 851, 852, 853, 854, 855, 856, 857, 858, 859, 860, 861, 862, 863, 864, 865, 866, 867, 868, 869, 870, 871, 872, 873, 874, 875, 876, 877, 878, 879, 880, 881, 882, 883, 884, 885, 886, 887, 888, 889, 890, 891, 892, 893, 894, 895, 896, 897, 898, 899, 900, 901, 902, 903, 904, 905, 906, 907, 908, 909, 910, 911, 912, 913, 914, 915, 916, 917, 918, 919, 920, 921, 922, 923, 924, 925, 926, 927, 928, 929, 930, 931, 932, 933, 934, 935]","[89, 108, 172, 217, 221, 239, 264, 280, 321, 342, 343, 344, 345, 346, 349, 351, 352, 355, 357, 359, 364, 368, 371, 372, 373, 374, 376, 377, 387, 392, 393, 403, 409, 411, 414, 424, 430, 449, 454, 470, 480, 560, 584, 643, 685, 703, 724, 739, 779, 798, 799, 800, 801, 804, 806, 807, 810, 812, 814, 816, 821, 822, 823, 824, 826, 827, 837, 842, 843, 852, 859, 862, 865, 869, 876, 882, 897, 901, 917, 932]","[17, 18, 19, 20, 21, 22, 23, 156, 157, 158, 159, 160, 161, 162, 163, 164, 165, 166, 167, 341, 342, 343, 344, 345, 412, 413, 414, 415, 416, 417, 418, 419, 420, 421, 422, 502, 503, 504, 505, 506, 507, 628, 629, 630, 631, 632, 633, 634, 635, 636, 637, 638, 639, 792, 797, 798, 799, 800, 801, 863, 864, 865, 866, 867, 868, 869, 870, 871, 872, 873, 874]","[17, 18, 19, 20, 21, 22, 23, 156, 157, 158, 159, 160, 161, 162, 163, 164, 165, 166, 167, 168, 340, 341, 342, 343, 344, 345, 346, 412, 413, 414, 415, 416, 417, 418, 419, 420, 421, 422, 502, 503, 504, 505, 506, 507, 628, 629, 630, 631, 632, 633, 634, 635, 636, 637, 638, 639, 792, 796, 797, 798, 799, 800, 801, 863, 864, 865, 866, 867, 868, 869, 870, 871, 872, 873, 874]","[916, 917, 523, 918, 387, 919, 17, 18, 19, 20, 920, 21, 22, 23, 921, 541, 922, 546, 923, 924, 43, 925, 560, 926, 927, 928, 575, 66, 929, 71, 930, 584, 589, 931, 933, 89, 934, 935, 104, 108, 628, 629, 118, 630, 631, 632, 633, 634, 635, 636, 637, 638, 639, 643, 392, 372, 156, 157, 158, 159, 160, 161, 162, 393, 163, 164, 165, 166, 167, 168, 373, 172, 685, 340, 341, 342, 343, 703, 344, 374, 345, 346, 724, 217, 349, 221, 739, 351, 352, 239, 376, 355, 357, 264, 779, 377, 359, 791, 280, 792, 796, 797, 798, 799, 800, 801, 804, 806, 807, 364, 810, 812, 814, 816, 821, 822, 823, 824, 826, 827, 368, 321, 837, 842, 371, 843, 335, 848, 849, 850, 851, 852, 853, 854, 855, 856, 857, 858, 859, 860, 861, 862, 863, 864, 865, 866, 867, 868, 869, 870, 871, 872, 873, 874, 875, 876, 877, 878, 879, 880, 881, 882, 883, 884, 885, 886, 887, 888, 889, 890, 891, 892, 893, 894, 895, 896, 897, 898, 899, 900, 901, 902, 903, 904, 905, 906, 907, 908, 909, 398, 399, 400, 401, 402, 915, 403, 404, 405, 406, 407, 408, 409, 411, 410, 412, 414, 413, 415, 417, 416, 418, 932, 420, 419, 421, 422, 423, 424, 425, 426, 427, 430, 428, 429, 431, 432, 433, 434, 435, 436, 437, 438, 441, 439, 443, 440, 445, 446, 442, 448, 449, 450, 444, 447, 451, 452, 453, 454, 455, 456, 457, 458, 459, 460, 461, 462, 463, 464, 465, 468, 466, 467, 469, 470, 471, 472, 473, 474, 475, 476, 477, 480, 478, 479, 481, 482, 483, 484, 910, 911, 503, 912, 913, 502, 914, 504, 505, 506, 507]",True,"[414, 480, 865, 932]","[398, 399, 400, 401, 402, 403, 404, 405, 406, 407, 408, 409, 410, 411, 412, 413, 414, 415, 416, 417, 418, 419, 420, 421, 422, 423, 424, 425, 426, 427, 428, 429, 430, 431, 432, 433, 434, 435, 436, 437, 438, 439, 440, 441, 442, 443, 444, 445, 446, 447, 448, 449, 450, 451, 452, 453, 454, 455, 456, 457, 458, 459, 460, 461, 462, 463, 464, 465, 466, 467, 468, 469, 470, 471, 472, 473, 474, 475, 476, 477, 478, 479, 480, 481, 482, 483, 484, 848, 849, 850, 851, 852, 853, 854, 855, 856, 857, 858, 859, 860, 861, 862, 863, 864, 865, 866, 867, 868, 869, 870, 871, 872, 873, 874, 875, 876, 877, 878, 879, 880, 881, 882, 883, 884, 885, 886, 887, 888, 889, 890, 891, 892, 893, 894, 895, 896, 897, 898, 899, 900, 901, 902, 903, 904, 905, 906, 907, 908, 909, 910, 911, 912, 913, 914, 915, 916, 917, 918, 919, 920, 921, 922, 923, 924, 925, 926, 927, 928, 929, 930, 931, 932, 933, 934, 935]","[43, 66, 71, 104, 411, 414, 417, 420, 430, 441, 446, 448, 449, 450, 468, 480, 523, 541, 546, 575, 860, 862, 865, 868, 869, 872, 882, 896, 897, 915, 932]","[118, 335, 414, 480, 589, 791, 865, 932]","[89, 108, 172, 217, 221, 239, 264, 280, 321, 342, 343, 344, 345, 346, 349, 351, 352, 355, 357, 359, 364, 368, 371, 372, 373, 374, 376, 377, 387, 392, 393, 403, 409, 411, 414, 424, 430, 449, 454, 470, 480, 560, 584, 643, 685, 703, 724, 739, 779, 798, 799, 800, 801, 804, 806, 807, 810, 812, 814, 816, 821, 822, 823, 824, 826, 827, 837, 842, 843, 852, 859, 862, 865, 869, 876, 882, 897, 901, 917, 932]","[17, 18, 19, 20, 21, 22, 23, 156, 157, 158, 159, 160, 161, 162, 163, 164, 165, 166, 167, 168, 340, 341, 342, 343, 344, 345, 346, 412, 413, 414, 415, 416, 417, 418, 419, 420, 421, 422, 502, 503, 504, 505, 506, 507, 628, 629, 630, 631, 632, 633, 634, 635, 636, 637, 638, 639, 792, 796, 797, 798, 799, 800, 801, 863, 864, 865, 866, 867, 868, 869, 870, 871, 872, 873, 874]","[17, 18, 19, 20, 21, 22, 23, 156, 157, 158, 159, 160, 161, 162, 163, 164, 165, 166, 167, 341, 342, 343, 344, 345, 412, 413, 414, 415, 416, 417, 418, 419, 420, 421, 422, 502, 503, 504, 505, 506, 507, 628, 629, 630, 631, 632, 633, 634, 635, 636, 637, 638, 639, 792, 797, 798, 799, 800, 801, 863, 864, 865, 866, 867, 868, 869, 870, 871, 872, 873, 874]",7/6 successful match,True,[524],True,106,True,2008,0.0,True,15,
D Lake Point ( 84074 ) Flying J Travel Plaza # 742,801-508-7400 I-80 Exit 99,24,Lake Point,84074,Flying J Travel Plaza # 742,801-508-7400,2014,Tooele,UT,Flying J,,I-80 Exit 99,Exit,99,False,,False,I-80,,,,,"[865, 414]","[414, 480, 865, 932]","[43, 66, 71, 104, 411, 414, 417, 420, 430, 441, 446, 448, 449, 450, 468, 480, 523, 541, 546, 575, 860, 862, 865, 868, 869, 872, 882, 896, 897, 915, 932]","[118, 335, 414, 480, 589, 791, 865, 932]","[398, 399, 400, 401, 402, 403, 404, 405, 406, 407, 408, 409, 410, 411, 412, 413, 414, 415, 416, 417, 418, 419, 420, 421, 422, 423, 424, 425, 426, 427, 428, 429, 430, 431, 432, 433, 434, 435, 436, 437, 438, 439, 440, 441, 442, 443, 444, 445, 446, 447, 448, 449, 450, 451, 452, 453, 454, 455, 456, 457, 458, 459, 460, 461, 462, 463, 464, 465, 466, 467, 468, 469, 470, 471, 472, 473, 474, 475, 476, 477, 478, 479, 480, 481, 482, 483, 484, 848, 849, 850, 851, 852, 853, 854, 855, 856, 857, 858, 859, 860, 861, 862, 863, 864, 865, 866, 867, 868, 869, 870, 871, 872, 873, 874, 875, 876, 877, 878, 879, 880, 881, 882, 883, 884, 885, 886, 887, 888, 889, 890, 891, 892, 893, 894, 895, 896, 897, 898, 899, 900, 901, 902, 903, 904, 905, 906, 907, 908, 909, 910, 911, 912, 913, 914, 915, 916, 917, 918, 919, 920, 921, 922, 923, 924, 925, 926, 927, 928, 929, 930, 931, 932, 933, 934, 935]","[89, 108, 172, 217, 221, 239, 264, 280, 321, 342, 343, 344, 345, 346, 349, 351, 352, 355, 357, 359, 364, 368, 371, 372, 373, 374, 376, 377, 387, 392, 393, 403, 409, 411, 414, 424, 430, 449, 454, 470, 480, 560, 584, 643, 685, 703, 724, 739, 779, 798, 799, 800, 801, 804, 806, 807, 810, 812, 814, 816, 821, 822, 823, 824, 826, 827, 837, 842, 843, 852, 859, 862, 865, 869, 876, 882, 897, 901, 917, 932]","[17, 18, 19, 20, 21, 22, 23, 156, 157, 158, 159, 160, 161, 162, 163, 164, 165, 166, 167, 341, 342, 343, 344, 345, 412, 413, 414, 415, 416, 417, 418, 419, 420, 421, 422, 502, 503, 504, 505, 506, 507, 628, 629, 630, 631, 632, 633, 634, 635, 636, 637, 638, 639, 792, 797, 798, 799, 800, 801, 863, 864, 865, 866, 867, 868, 869, 870, 871, 872, 873, 874]","[17, 18, 19, 20, 21, 22, 23, 156, 157, 158, 159, 160, 161, 162, 163, 164, 165, 166, 167, 168, 340, 341, 342, 343, 344, 345, 346, 412, 413, 414, 415, 416, 417, 418, 419, 420, 421, 422, 502, 503, 504, 505, 506, 507, 628, 629, 630, 631, 632, 633, 634, 635, 636, 637, 638, 639, 792, 796, 797, 798, 799, 800, 801, 863, 864, 865, 866, 867, 868, 869, 870, 871, 872, 873, 874]","[916, 917, 523, 918, 387, 919, 17, 18, 19, 20, 920, 21, 22, 23, 921, 541, 922, 546, 923, 924, 43, 925, 560, 926, 927, 928, 575, 66, 929, 71, 930, 584, 589, 931, 933, 89, 934, 935, 104, 108, 628, 629, 118, 630, 631, 632, 633, 634, 635, 636, 637, 638, 639, 643, 392, 372, 156, 157, 158, 159, 160, 161, 162, 393, 163, 164, 165, 166, 167, 168, 373, 172, 685, 340, 341, 342, 343, 703, 344, 374, 345, 346, 724, 217, 349, 221, 739, 351, 352, 239, 376, 355, 357, 264, 779, 377, 359, 791, 280, 792, 796, 797, 798, 799, 800, 801, 804, 806, 807, 364, 810, 812, 814, 816, 821, 822, 823, 824, 826, 827, 368, 321, 837, 842, 371, 843, 335, 848, 849, 850, 851, 852, 853, 854, 855, 856, 857, 858, 859, 860, 861, 862, 863, 864, 865, 866, 867, 868, 869, 870, 871, 872, 873, 874, 875, 876, 877, 878, 879, 880, 881, 882, 883, 884, 885, 886, 887, 888, 889, 890, 891, 892, 893, 894, 895, 896, 897, 898, 899, 900, 901, 902, 903, 904, 905, 906, 907, 908, 909, 398, 399, 400, 401, 402, 915, 403, 404, 405, 406, 407, 408, 409, 411, 410, 412, 414, 413, 415, 417, 416, 418, 932, 420, 419, 421, 422, 423, 424, 425, 426, 427, 430, 428, 429, 431, 432, 433, 434, 435, 436, 437, 438, 441, 439, 443, 440, 445, 446, 442, 448, 449, 450, 444, 447, 451, 452, 453, 454, 455, 456, 457, 458, 459, 460, 461, 462, 463, 464, 465, 468, 466, 467, 469, 470, 471, 472, 473, 474, 475, 476, 477, 480, 478, 479, 481, 482, 483, 484, 910, 911, 503, 912, 913, 502, 914, 504, 505, 506, 507]",True,"[414, 480, 865, 932]","[398, 399, 400, 401, 402, 403, 404, 405, 406, 407, 408, 409, 410, 411, 412, 413, 414, 415, 416, 417, 418, 419, 420, 421, 422, 423, 424, 425, 426, 427, 428, 429, 430, 431, 432, 433, 434, 435, 436, 437, 438, 439, 440, 441, 442, 443, 444, 445, 446, 447, 448, 449, 450, 451, 452, 453, 454, 455, 456, 457, 458, 459, 460, 461, 462, 463, 464, 465, 466, 467, 468, 469, 470, 471, 472, 473, 474, 475, 476, 477, 478, 479, 480, 481, 482, 483, 484, 848, 849, 850, 851, 852, 853, 854, 855, 856, 857, 858, 859, 860, 861, 862, 863, 864, 865, 866, 867, 868, 869, 870, 871, 872, 873, 874, 875, 876, 877, 878, 879, 880, 881, 882, 883, 884, 885, 886, 887, 888, 889, 890, 891, 892, 893, 894, 895, 896, 897, 898, 899, 900, 901, 902, 903, 904, 905, 906, 907, 908, 909, 910, 911, 912, 913, 914, 915, 916, 917, 918, 919, 920, 921, 922, 923, 924, 925, 926, 927, 928, 929, 930, 931, 932, 933, 934, 935]","[43, 66, 71, 104, 411, 414, 417, 420, 430, 441, 446, 448, 449, 450, 468, 480, 523, 541, 546, 575, 860, 862, 865, 868, 869, 872, 882, 896, 897, 915, 932]","[118, 335, 414, 480, 589, 791, 865, 932]","[89, 108, 172, 217, 221, 239, 264, 280, 321, 342, 343, 344, 345, 346, 349, 351, 352, 355, 357, 359, 364, 368, 371, 372, 373, 374, 376, 377, 387, 392, 393, 403, 409, 411, 414, 424, 430, 449, 454, 470, 480, 560, 584, 643, 685, 703, 724, 739, 779, 798, 799, 800, 801, 804, 806, 807, 810, 812, 814, 816, 821, 822, 823, 824, 826, 827, 837, 842, 843, 852, 859, 862, 865, 869, 876, 882, 897, 901, 917, 932]","[17, 18, 19, 20, 21, 22, 23, 156, 157, 158, 159, 160, 161, 162, 163, 164, 165, 166, 167, 168, 340, 341, 342, 343, 344, 345, 346, 412, 413, 414, 415, 416, 417, 418, 419, 420, 421, 422, 502, 503, 504, 505, 506, 507, 628, 629, 630, 631, 632, 633, 634, 635, 636, 637, 638, 639, 792, 796, 797, 798, 799, 800, 801, 863, 864, 865, 866, 867, 868, 869, 870, 871, 872, 873, 874]","[17, 18, 19, 20, 21, 22, 23, 156, 157, 158, 159, 160, 161, 162, 163, 164, 165, 166, 167, 341, 342, 343, 344, 345, 412, 413, 414, 415, 416, 417, 418, 419, 420, 421, 422, 502, 503, 504, 505, 506, 507, 628, 629, 630, 631, 632, 633, 634, 635, 636, 637, 638, 639, 792, 797, 798, 799, 800, 801, 863, 864, 865, 866, 867, 868, 869, 870, 871, 872, 873, 874]",7/6 successful match,True,[524],True,106,False,,0.6142857142857143,True,Flying J Travel,Flying J
D Lake Point ( 84074 ) Flying J Travel Plaza # 742,801-508-7400 I-80 Exit 99 FLYING,FLYING 24 XL 24 5:04,Lake Point,84074,Flying J Travel Plaza # 742,801-508-7400,2015,Tooele,UT,Flying J,,I-80 Exit 99 FLYING,Exit,99,False,,False,I-80,,,,,"[865, 414]","[414, 480, 865, 932]","[43, 66, 71, 104, 411, 414, 417, 420, 430, 441, 446, 448, 449, 450, 468, 480, 523, 541, 546, 575, 860, 862, 865, 868, 869, 872, 882, 896, 897, 915, 932]","[118, 335, 414, 480, 589, 791, 865, 932]","[398, 399, 400, 401, 402, 403, 404, 405, 406, 407, 408, 409, 410, 411, 412, 413, 414, 415, 416, 417, 418, 419, 420, 421, 422, 423, 424, 425, 426, 427, 428, 429, 430, 431, 432, 433, 434, 435, 436, 437, 438, 439, 440, 441, 442, 443, 444, 445, 446, 447, 448, 449, 450, 451, 452, 453, 454, 455, 456, 457, 458, 459, 460, 461, 462, 463, 464, 465, 466, 467, 468, 469, 470, 471, 472, 473, 474, 475, 476, 477, 478, 479, 480, 481, 482, 483, 484, 848, 849, 850, 851, 852, 853, 854, 855, 856, 857, 858, 859, 860, 861, 862, 863, 864, 865, 866, 867, 868, 869, 870, 871, 872, 873, 874, 875, 876, 877, 878, 879, 880, 881, 882, 883, 884, 885, 886, 887, 888, 889, 890, 891, 892, 893, 894, 895, 896, 897, 898, 899, 900, 901, 902, 903, 904, 905, 906, 907, 908, 909, 910, 911, 912, 913, 914, 915, 916, 917, 918, 919, 920, 921, 922, 923, 924, 925, 926, 927, 928, 929, 930, 931, 932, 933, 934, 935]","[89, 108, 172, 217, 221, 239, 264, 280, 321, 342, 343, 344, 345, 346, 349, 351, 352, 355, 357, 359, 364, 368, 371, 372, 373, 374, 376, 377, 387, 392, 393, 403, 409, 411, 414, 424, 430, 449, 454, 470, 480, 560, 584, 643, 685, 703, 724, 739, 779, 798, 799, 800, 801, 804, 806, 807, 810, 812, 814, 816, 821, 822, 823, 824, 826, 827, 837, 842, 843, 852, 859, 862, 865, 869, 876, 882, 897, 901, 917, 932]","[17, 18, 19, 20, 21, 22, 23, 156, 157, 158, 159, 160, 161, 162, 163, 164, 165, 166, 167, 341, 342, 343, 344, 345, 412, 413, 414, 415, 416, 417, 418, 419, 420, 421, 422, 502, 503, 504, 505, 506, 507, 628, 629, 630, 631, 632, 633, 634, 635, 636, 637, 638, 639, 792, 797, 798, 799, 800, 801, 863, 864, 865, 866, 867, 868, 869, 870, 871, 872, 873, 874]","[17, 18, 19, 20, 21, 22, 23, 156, 157, 158, 159, 160, 161, 162, 163, 164, 165, 166, 167, 168, 340, 341, 342, 343, 344, 345, 346, 412, 413, 414, 415, 416, 417, 418, 419, 420, 421, 422, 502, 503, 504, 505, 506, 507, 628, 629, 630, 631, 632, 633, 634, 635, 636, 637, 638, 639, 792, 796, 797, 798, 799, 800, 801, 863, 864, 865, 866, 867, 868, 869, 870, 871, 872, 873, 874]","[916, 917, 523, 918, 387, 919, 17, 18, 19, 20, 920, 21, 22, 23, 921, 541, 922, 546, 923, 924, 43, 925, 560, 926, 927, 928, 575, 66, 929, 71, 930, 584, 589, 931, 933, 89, 934, 935, 104, 108, 628, 629, 118, 630, 631, 632, 633, 634, 635, 636, 637, 638, 639, 643, 392, 372, 156, 157, 158, 159, 160, 161, 162, 393, 163, 164, 165, 166, 167, 168, 373, 172, 685, 340, 341, 342, 343, 703, 344, 374, 345, 346, 724, 217, 349, 221, 739, 351, 352, 239, 376, 355, 357, 264, 779, 377, 359, 791, 280, 792, 796, 797, 798, 799, 800, 801, 804, 806, 807, 364, 810, 812, 814, 816, 821, 822, 823, 824, 826, 827, 368, 321, 837, 842, 371, 843, 335, 848, 849, 850, 851, 852, 853, 854, 855, 856, 857, 858, 859, 860, 861, 862, 863, 864, 865, 866, 867, 868, 869, 870, 871, 872, 873, 874, 875, 876, 877, 878, 879, 880, 881, 882, 883, 884, 885, 886, 887, 888, 889, 890, 891, 892, 893, 894, 895, 896, 897, 898, 899, 900, 901, 902, 903, 904, 905, 906, 907, 908, 909, 398, 399, 400, 401, 402, 915, 403, 404, 405, 406, 407, 408, 409, 411, 410, 412, 414, 413, 415, 417, 416, 418, 932, 420, 419, 421, 422, 423, 424, 425, 426, 427, 430, 428, 429, 431, 432, 433, 434, 435, 436, 437, 438, 441, 439, 443, 440, 445, 446, 442, 448, 449, 450, 444, 447, 451, 452, 453, 454, 455, 456, 457, 458, 459, 460, 461, 462, 463, 464, 465, 468, 466, 467, 469, 470, 471, 472, 473, 474, 475, 476, 477, 480, 478, 479, 481, 482, 483, 484, 910, 911, 503, 912, 913, 502, 914, 504, 505, 506, 507]",True,"[414, 480, 865, 932]","[398, 399, 400, 401, 402, 403, 404, 405, 406, 407, 408, 409, 410, 411, 412, 413, 414, 415, 416, 417, 418, 419, 420, 421, 422, 423, 424, 425, 426, 427, 428, 429, 430, 431, 432, 433, 434, 435, 436, 437, 438, 439, 440, 441, 442, 443, 444, 445, 446, 447, 448, 449, 450, 451, 452, 453, 454, 455, 456, 457, 458, 459, 460, 461, 462, 463, 464, 465, 466, 467, 468, 469, 470, 471, 472, 473, 474, 475, 476, 477, 478, 479, 480, 481, 482, 483, 484, 848, 849, 850, 851, 852, 853, 854, 855, 856, 857, 858, 859, 860, 861, 862, 863, 864, 865, 866, 867, 868, 869, 870, 871, 872, 873, 874, 875, 876, 877, 878, 879, 880, 881, 882, 883, 884, 885, 886, 887, 888, 889, 890, 891, 892, 893, 894, 895, 896, 897, 898, 899, 900, 901, 902, 903, 904, 905, 906, 907, 908, 909, 910, 911, 912, 913, 914, 915, 916, 917, 918, 919, 920, 921, 922, 923, 924, 925, 926, 927, 928, 929, 930, 931, 932, 933, 934, 935]","[43, 66, 71, 104, 411, 414, 417, 420, 430, 441, 446, 448, 449, 450, 468, 480, 523, 541, 546, 575, 860, 862, 865, 868, 869, 872, 882, 896, 897, 915, 932]","[118, 335, 414, 480, 589, 791, 865, 932]","[89, 108, 172, 217, 221, 239, 264, 280, 321, 342, 343, 344, 345, 346, 349, 351, 352, 355, 357, 359, 364, 368, 371, 372, 373, 374, 376, 377, 387, 392, 393, 403, 409, 411, 414, 424, 430, 449, 454, 470, 480, 560, 584, 643, 685, 703, 724, 739, 779, 798, 799, 800, 801, 804, 806, 807, 810, 812, 814, 816, 821, 822, 823, 824, 826, 827, 837, 842, 843, 852, 859, 862, 865, 869, 876, 882, 897, 901, 917, 932]","[17, 18, 19, 20, 21, 22, 23, 156, 157, 158, 159, 160, 161, 162, 163, 164, 165, 166, 167, 168, 340, 341, 342, 343, 344, 345, 346, 412, 413, 414, 415, 416, 417, 418, 419, 420, 421, 422, 502, 503, 504, 505, 506, 507, 628, 629, 630, 631, 632, 633, 634, 635, 636, 637, 638, 639, 792, 796, 797, 798, 799, 800, 801, 863, 864, 865, 866, 867, 868, 869, 870, 871, 872, 873, 874]","[17, 18, 19, 20, 21, 22, 23, 156, 157, 158, 159, 160, 161, 162, 163, 164, 165, 166, 167, 341, 342, 343, 344, 345, 412, 413, 414, 415, 416, 417, 418, 419, 420, 421, 422, 502, 503, 504, 505, 506, 507, 628, 629, 630, 631, 632, 633, 634, 635, 636, 637, 638, 639, 792, 797, 798, 799, 800, 801, 863, 864, 865, 866, 867, 868, 869, 870, 871, 872, 873, 874]",7/6 successful match,True,[524],True,106,False,,1.0,True,Flying J Travel Plaza # 742,Flying J
D Lake Point ( 84074 ) Flying J Travel Plaza # 742 FLYING J,3 801-508-7400 I-80 Exit 99,J 24 X 24,Lake Point,84074,Flying J Travel Plaza # 742 FLYING J,801-508-7400,2016,Tooele,UT,Flying J,,I-80 Exit 99,Exit,99,False,,False,I-80,,,,,"[865, 414]","[414, 480, 865, 932]","[43, 66, 71, 104, 411, 414, 417, 420, 430, 441, 446, 448, 449, 450, 468, 480, 523, 541, 546, 575, 860, 862, 865, 868, 869, 872, 882, 896, 897, 915, 932]","[118, 335, 414, 480, 589, 791, 865, 932]","[398, 399, 400, 401, 402, 403, 404, 405, 406, 407, 408, 409, 410, 411, 412, 413, 414, 415, 416, 417, 418, 419, 420, 421, 422, 423, 424, 425, 426, 427, 428, 429, 430, 431, 432, 433, 434, 435, 436, 437, 438, 439, 440, 441, 442, 443, 444, 445, 446, 447, 448, 449, 450, 451, 452, 453, 454, 455, 456, 457, 458, 459, 460, 461, 462, 463, 464, 465, 466, 467, 468, 469, 470, 471, 472, 473, 474, 475, 476, 477, 478, 479, 480, 481, 482, 483, 484, 848, 849, 850, 851, 852, 853, 854, 855, 856, 857, 858, 859, 860, 861, 862, 863, 864, 865, 866, 867, 868, 869, 870, 871, 872, 873, 874, 875, 876, 877, 878, 879, 880, 881, 882, 883, 884, 885, 886, 887, 888, 889, 890, 891, 892, 893, 894, 895, 896, 897, 898, 899, 900, 901, 902, 903, 904, 905, 906, 907, 908, 909, 910, 911, 912, 913, 914, 915, 916, 917, 918, 919, 920, 921, 922, 923, 924, 925, 926, 927, 928, 929, 930, 931, 932, 933, 934, 935]","[89, 108, 172, 217, 221, 239, 264, 280, 321, 342, 343, 344, 345, 346, 349, 351, 352, 355, 357, 359, 364, 368, 371, 372, 373, 374, 376, 377, 387, 392, 393, 403, 409, 411, 414, 424, 430, 449, 454, 470, 480, 560, 584, 643, 685, 703, 724, 739, 779, 798, 799, 800, 801, 804, 806, 807, 810, 812, 814, 816, 821, 822, 823, 824, 826, 827, 837, 842, 843, 852, 859, 862, 865, 869, 876, 882, 897, 901, 917, 932]","[17, 18, 19, 20, 21, 22, 23, 156, 157, 158, 159, 160, 161, 162, 163, 164, 165, 166, 167, 341, 342, 343, 344, 345, 412, 413, 414, 415, 416, 417, 418, 419, 420, 421, 422, 502, 503, 504, 505, 506, 507, 628, 629, 630, 631, 632, 633, 634, 635, 636, 637, 638, 639, 792, 797, 798, 799, 800, 801, 863, 864, 865, 866, 867, 868, 869, 870, 871, 872, 873, 874]","[17, 18, 19, 20, 21, 22, 23, 156, 157, 158, 159, 160, 161, 162, 163, 164, 165, 166, 167, 168, 340, 341, 342, 343, 344, 345, 346, 412, 413, 414, 415, 416, 417, 418, 419, 420, 421, 422, 502, 503, 504, 505, 506, 507, 628, 629, 630, 631, 632, 633, 634, 635, 636, 637, 638, 639, 792, 796, 797, 798, 799, 800, 801, 863, 864, 865, 866, 867, 868, 869, 870, 871, 872, 873, 874]","[916, 917, 523, 918, 387, 919, 17, 18, 19, 20, 920, 21, 22, 23, 921, 541, 922, 546, 923, 924, 43, 925, 560, 926, 927, 928, 575, 66, 929, 71, 930, 584, 589, 931, 933, 89, 934, 935, 104, 108, 628, 629, 118, 630, 631, 632, 633, 634, 635, 636, 637, 638, 639, 643, 392, 372, 156, 157, 158, 159, 160, 161, 162, 393, 163, 164, 165, 166, 167, 168, 373, 172, 685, 340, 341, 342, 343, 703, 344, 374, 345, 346, 724, 217, 349, 221, 739, 351, 352, 239, 376, 355, 357, 264, 779, 377, 359, 791, 280, 792, 796, 797, 798, 799, 800, 801, 804, 806, 807, 364, 810, 812, 814, 816, 821, 822, 823, 824, 826, 827, 368, 321, 837, 842, 371, 843, 335, 848, 849, 850, 851, 852, 853, 854, 855, 856, 857, 858, 859, 860, 861, 862, 863, 864, 865, 866, 867, 868, 869, 870, 871, 872, 873, 874, 875, 876, 877, 878, 879, 880, 881, 882, 883, 884, 885, 886, 887, 888, 889, 890, 891, 892, 893, 894, 895, 896, 897, 898, 899, 900, 901, 902, 903, 904, 905, 906, 907, 908, 909, 398, 399, 400, 401, 402, 915, 403, 404, 405, 406, 407, 408, 409, 411, 410, 412, 414, 413, 415, 417, 416, 418, 932, 420, 419, 421, 422, 423, 424, 425, 426, 427, 430, 428, 429, 431, 432, 433, 434, 435, 436, 437, 438, 441, 439, 443, 440, 445, 446, 442, 448, 449, 450, 444, 447, 451, 452, 453, 454, 455, 456, 457, 458, 459, 460, 461, 462, 463, 464, 465, 468, 466, 467, 469, 470, 471, 472, 473, 474, 475, 476, 477, 480, 478, 479, 481, 482, 483, 484, 910, 911, 503, 912, 913, 502, 914, 504, 505, 506, 507]",True,"[414, 480, 865, 932]","[398, 399, 400, 401, 402, 403, 404, 405, 406, 407, 408, 409, 410, 411, 412, 413, 414, 415, 416, 417, 418, 419, 420, 421, 422, 423, 424, 425, 426, 427, 428, 429, 430, 431, 432, 433, 434, 435, 436, 437, 438, 439, 440, 441, 442, 443, 444, 445, 446, 447, 448, 449, 450, 451, 452, 453, 454, 455, 456, 457, 458, 459, 460, 461, 462, 463, 464, 465, 466, 467, 468, 469, 470, 471, 472, 473, 474, 475, 476, 477, 478, 479, 480, 481, 482, 483, 484, 848, 849, 850, 851, 852, 853, 854, 855, 856, 857, 858, 859, 860, 861, 862, 863, 864, 865, 866, 867, 868, 869, 870, 871, 872, 873, 874, 875, 876, 877, 878, 879, 880, 881, 882, 883, 884, 885, 886, 887, 888, 889, 890, 891, 892, 893, 894, 895, 896, 897, 898, 899, 900, 901, 902, 903, 904, 905, 906, 907, 908, 909, 910, 911, 912, 913, 914, 915, 916, 917, 918, 919, 920, 921, 922, 923, 924, 925, 926, 927, 928, 929, 930, 931, 932, 933, 934, 935]","[43, 66, 71, 104, 411, 414, 417, 420, 430, 441, 446, 448, 449, 450, 468, 480, 523, 541, 546, 575, 860, 862, 865, 868, 869, 872, 882, 896, 897, 915, 932]","[118, 335, 414, 480, 589, 791, 865, 932]","[89, 108, 172, 217, 221, 239, 264, 280, 321, 342, 343, 344, 345, 346, 349, 351, 352, 355, 357, 359, 364, 368, 371, 372, 373, 374, 376, 377, 387, 392, 393, 403, 409, 411, 414, 424, 430, 449, 454, 470, 480, 560, 584, 643, 685, 703, 724, 739, 779, 798, 799, 800, 801, 804, 806, 807, 810, 812, 814, 816, 821, 822, 823, 824, 826, 827, 837, 842, 843, 852, 859, 862, 865, 869, 876, 882, 897, 901, 917, 932]","[17, 18, 19, 20, 21, 22, 23, 156, 157, 158, 159, 160, 161, 162, 163, 164, 165, 166, 167, 168, 340, 341, 342, 343, 344, 345, 346, 412, 413, 414, 415, 416, 417, 418, 419, 420, 421, 422, 502, 503, 504, 505, 506, 507, 628, 629, 630, 631, 632, 633, 634, 635, 636, 637, 638, 639, 792, 796, 797, 798, 799, 800, 801, 863, 864, 865, 866, 867, 868, 869, 870, 871, 872, 873, 874]","[17, 18, 19, 20, 21, 22, 23, 156, 157, 158, 159, 160, 161, 162, 163, 164, 165, 166, 167, 341, 342, 343, 344, 345, 412, 413, 414, 415, 416, 417, 418, 419, 420, 421, 422, 502, 503, 504, 505, 506, 507, 628, 629, 630, 631, 632, 633, 634, 635, 636, 637, 638, 639, 792, 797, 798, 799, 800, 801, 863, 864, 865, 866, 867, 868, 869, 870, 871, 872, 873, 874]",7/6 successful match,True,[524],True,106,False,,1.0,True,Flying J Travel Plaza # 742,Flying J
"Vernal , 84078 Top Stop # 40 ( Sinclair )",435-789-8292 1355 US 40 E,S,Vernal,84078,Top Stop # 40 ( Sinclair ),435-789-8292,2006,Vernal,UT,Sinclair,,1355 US 40 E,Proper,,False,,False,US 40,,,,,"[929, 478]","[478, 929]","[472, 478, 919, 929]",[],"[398, 399, 400, 401, 402, 403, 404, 405, 406, 407, 408, 409, 410, 411, 412, 413, 414, 415, 416, 417, 418, 419, 420, 421, 422, 423, 424, 425, 426, 427, 428, 429, 430, 431, 432, 433, 434, 435, 436, 437, 438, 439, 440, 441, 442, 443, 444, 445, 446, 447, 448, 449, 450, 451, 452, 453, 454, 455, 456, 457, 458, 459, 460, 461, 462, 463, 464, 465, 466, 467, 468, 469, 470, 471, 472, 473, 474, 475, 476, 477, 478, 479, 480, 481, 482, 483, 484, 848, 849, 850, 851, 852, 853, 854, 855, 856, 857, 858, 859, 860, 861, 862, 863, 864, 865, 866, 867, 868, 869, 870, 871, 872, 873, 874, 875, 876, 877, 878, 879, 880, 881, 882, 883, 884, 885, 886, 887, 888, 889, 890, 891, 892, 893, 894, 895, 896, 897, 898, 899, 900, 901, 902, 903, 904, 905, 906, 907, 908, 909, 910, 911, 912, 913, 914, 915, 916, 917, 918, 919, 920, 921, 922, 923, 924, 925, 926, 927, 928, 929, 930, 931, 932, 933, 934, 935]","[4, 11, 18, 21, 23, 26, 27, 28, 31, 35, 36, 43, 45, 52, 55, 56, 60, 62, 64, 70, 71, 80, 90, 94, 97, 183, 197, 232, 334, 426, 455, 472, 477, 478, 480, 483, 484, 490, 496, 505, 507, 509, 510, 511, 514, 516, 517, 523, 525, 529, 532, 533, 536, 538, 545, 546, 552, 561, 565, 568, 654, 668, 696, 790, 857, 878, 902, 919, 928, 929, 932, 934, 935]","[31, 142, 147, 180, 338, 352, 367, 387, 403, 405, 408, 410, 455, 465, 466, 468, 470, 472, 473, 483, 484, 514, 613, 618, 651, 794, 807, 837, 852, 854, 858, 861, 902, 912, 913, 915, 917, 919, 920, 931, 934, 935]","[31, 142, 147, 180, 338, 352, 367, 387, 403, 405, 408, 410, 455, 465, 466, 468, 470, 472, 473, 477, 478, 479, 483, 484, 514, 613, 618, 651, 794, 807, 837, 852, 854, 858, 861, 902, 912, 913, 915, 917, 919, 920, 928, 929, 930, 931, 934, 935]","[916, 514, 4, 516, 917, 517, 918, 11, 523, 525, 387, 529, 18, 532, 920, 21, 23, 533, 536, 921, 26, 27, 28, 538, 922, 31, 545, 546, 35, 923, 36, 552, 924, 43, 45, 925, 561, 926, 52, 565, 55, 927, 56, 568, 60, 928, 62, 64, 70, 71, 930, 931, 80, 932, 933, 90, 934, 94, 935, 97, 613, 618, 651, 654, 142, 147, 668, 338, 180, 183, 696, 197, 232, 352, 790, 794, 807, 367, 837, 334, 848, 849, 850, 851, 852, 853, 854, 855, 856, 857, 858, 859, 860, 861, 862, 863, 864, 865, 866, 867, 868, 869, 870, 871, 872, 873, 874, 875, 876, 877, 878, 879, 880, 881, 882, 883, 884, 885, 886, 887, 888, 889, 890, 891, 892, 893, 894, 895, 896, 897, 898, 899, 900, 901, 902, 903, 904, 905, 906, 907, 908, 909, 398, 399, 400, 401, 402, 403, 404, 405, 406, 407, 408, 919, 409, 410, 411, 412, 413, 414, 415, 929, 416, 417, 418, 419, 420, 421, 422, 423, 424, 425, 426, 427, 428, 429, 430, 431, 432, 433, 434, 435, 436, 437, 438, 439, 440, 441, 442, 443, 444, 445, 446, 447, 448, 449, 450, 451, 452, 453, 454, 455, 456, 457, 458, 459, 460, 461, 462, 463, 464, 465, 466, 467, 468, 469, 472, 470, 471, 473, 474, 475, 478, 476, 477, 479, 480, 481, 482, 483, 484, 910, 911, 490, 912, 496, 913, 914, 505, 507, 915, 509, 510, 511]",True,"[478, 929]","[398, 399, 400, 401, 402, 403, 404, 405, 406, 407, 408, 409, 410, 411, 412, 413, 414, 415, 416, 417, 418, 419, 420, 421, 422, 423, 424, 425, 426, 427, 428, 429, 430, 431, 432, 433, 434, 435, 436, 437, 438, 439, 440, 441, 442, 443, 444, 445, 446, 447, 448, 449, 450, 451, 452, 453, 454, 455, 456, 457, 458, 459, 460, 461, 462, 463, 464, 465, 466, 467, 468, 469, 470, 471, 472, 473, 474, 475, 476, 477, 478, 479, 480, 481, 482, 483, 484, 848, 849, 850, 851, 852, 853, 854, 855, 856, 857, 858, 859, 860, 861, 862, 863, 864, 865, 866, 867, 868, 869, 870, 871, 872, 873, 874, 875, 876, 877, 878, 879, 880, 881, 882, 883, 884, 885, 886, 887, 888, 889, 890, 891, 892, 893, 894, 895, 896, 897, 898, 899, 900, 901, 902, 903, 904, 905, 906, 907, 908, 909, 910, 911, 912, 913, 914, 915, 916, 917, 918, 919, 920, 921, 922, 923, 924, 925, 926, 927, 928, 929, 930, 931, 932, 933, 934, 935]","[472, 478, 919, 929]",[],"[4, 11, 18, 21, 23, 26, 27, 28, 31, 35, 36, 43, 45, 52, 55, 56, 60, 62, 64, 70, 71, 80, 90, 94, 97, 183, 197, 232, 334, 426, 455, 472, 477, 478, 480, 483, 484, 490, 496, 505, 507, 509, 510, 511, 514, 516, 517, 523, 525, 529, 532, 533, 536, 538, 545, 546, 552, 561, 565, 568, 654, 668, 696, 790, 857, 878, 902, 919, 928, 929, 932, 934, 935]","[31, 142, 147, 180, 338, 352, 367, 387, 403, 405, 408, 410, 455, 465, 466, 468, 470, 472, 473, 477, 478, 479, 483, 484, 514, 613, 618, 651, 794, 807, 837, 852, 854, 858, 861, 902, 912, 913, 915, 917, 919, 920, 928, 929, 930, 931, 934, 935]","[31, 142, 147, 180, 338, 352, 367, 387, 403, 405, 408, 410, 455, 465, 466, 468, 470, 472, 473, 483, 484, 514, 613, 618, 651, 794, 807, 837, 852, 854, 858, 861, 902, 912, 913, 915, 917, 919, 920, 931, 934, 935]",7/6 successful match,True,,False,107,False,,,,,
"D Vernal , 84078 Top Stop # 40 ( Sinclair )",435-789-8292 1355 US 40 E,S <U+2610> -,Vernal,84078,Top Stop # 40 ( Sinclair ),435-789-8292,2007,Vernal,UT,Sinclair,,1355 US 40 E,Proper,,False,,False,US 40,,,,,"[929, 478]","[478, 929]","[472, 478, 919, 929]",[],"[398, 399, 400, 401, 402, 403, 404, 405, 406, 407, 408, 409, 410, 411, 412, 413, 414, 415, 416, 417, 418, 419, 420, 421, 422, 423, 424, 425, 426, 427, 428, 429, 430, 431, 432, 433, 434, 435, 436, 437, 438, 439, 440, 441, 442, 443, 444, 445, 446, 447, 448, 449, 450, 451, 452, 453, 454, 455, 456, 457, 458, 459, 460, 461, 462, 463, 464, 465, 466, 467, 468, 469, 470, 471, 472, 473, 474, 475, 476, 477, 478, 479, 480, 481, 482, 483, 484, 848, 849, 850, 851, 852, 853, 854, 855, 856, 857, 858, 859, 860, 861, 862, 863, 864, 865, 866, 867, 868, 869, 870, 871, 872, 873, 874, 875, 876, 877, 878, 879, 880, 881, 882, 883, 884, 885, 886, 887, 888, 889, 890, 891, 892, 893, 894, 895, 896, 897, 898, 899, 900, 901, 902, 903, 904, 905, 906, 907, 908, 909, 910, 911, 912, 913, 914, 915, 916, 917, 918, 919, 920, 921, 922, 923, 924, 925, 926, 927, 928, 929, 930, 931, 932, 933, 934, 935]","[4, 11, 18, 21, 23, 26, 27, 28, 31, 35, 36, 43, 45, 52, 55, 56, 60, 62, 64, 70, 71, 80, 90, 94, 97, 183, 197, 232, 334, 426, 455, 472, 477, 478, 480, 483, 484, 490, 496, 505, 507, 509, 510, 511, 514, 516, 517, 523, 525, 529, 532, 533, 536, 538, 545, 546, 552, 561, 565, 568, 654, 668, 696, 790, 857, 878, 902, 919, 928, 929, 932, 934, 935]","[31, 142, 147, 180, 338, 352, 367, 387, 403, 405, 408, 410, 455, 465, 466, 468, 470, 472, 473, 483, 484, 514, 613, 618, 651, 794, 807, 837, 852, 854, 858, 861, 902, 912, 913, 915, 917, 919, 920, 931, 934, 935]","[31, 142, 147, 180, 338, 352, 367, 387, 403, 405, 408, 410, 455, 465, 466, 468, 470, 472, 473, 477, 478, 479, 483, 484, 514, 613, 618, 651, 794, 807, 837, 852, 854, 858, 861, 902, 912, 913, 915, 917, 919, 920, 928, 929, 930, 931, 934, 935]","[916, 514, 4, 516, 917, 517, 918, 11, 523, 525, 387, 529, 18, 532, 920, 21, 23, 533, 536, 921, 26, 27, 28, 538, 922, 31, 545, 546, 35, 923, 36, 552, 924, 43, 45, 925, 561, 926, 52, 565, 55, 927, 56, 568, 60, 928, 62, 64, 70, 71, 930, 931, 80, 932, 933, 90, 934, 94, 935, 97, 613, 618, 651, 654, 142, 147, 668, 338, 180, 183, 696, 197, 232, 352, 790, 794, 807, 367, 837, 334, 848, 849, 850, 851, 852, 853, 854, 855, 856, 857, 858, 859, 860, 861, 862, 863, 864, 865, 866, 867, 868, 869, 870, 871, 872, 873, 874, 875, 876, 877, 878, 879, 880, 881, 882, 883, 884, 885, 886, 887, 888, 889, 890, 891, 892, 893, 894, 895, 896, 897, 898, 899, 900, 901, 902, 903, 904, 905, 906, 907, 908, 909, 398, 399, 400, 401, 402, 403, 404, 405, 406, 407, 408, 919, 409, 410, 411, 412, 413, 414, 415, 929, 416, 417, 418, 419, 420, 421, 422, 423, 424, 425, 426, 427, 428, 429, 430, 431, 432, 433, 434, 435, 436, 437, 438, 439, 440, 441, 442, 443, 444, 445, 446, 447, 448, 449, 450, 451, 452, 453, 454, 455, 456, 457, 458, 459, 460, 461, 462, 463, 464, 465, 466, 467, 468, 469, 472, 470, 471, 473, 474, 475, 478, 476, 477, 479, 480, 481, 482, 483, 484, 910, 911, 490, 912, 496, 913, 914, 505, 507, 915, 509, 510, 511]",True,"[478, 929]","[398, 399, 400, 401, 402, 403, 404, 405, 406, 407, 408, 409, 410, 411, 412, 413, 414, 415, 416, 417, 418, 419, 420, 421, 422, 423, 424, 425, 426, 427, 428, 429, 430, 431, 432, 433, 434, 435, 436, 437, 438, 439, 440, 441, 442, 443, 444, 445, 446, 447, 448, 449, 450, 451, 452, 453, 454, 455, 456, 457, 458, 459, 460, 461, 462, 463, 464, 465, 466, 467, 468, 469, 470, 471, 472, 473, 474, 475, 476, 477, 478, 479, 480, 481, 482, 483, 484, 848, 849, 850, 851, 852, 853, 854, 855, 856, 857, 858, 859, 860, 861, 862, 863, 864, 865, 866, 867, 868, 869, 870, 871, 872, 873, 874, 875, 876, 877, 878, 879, 880, 881, 882, 883, 884, 885, 886, 887, 888, 889, 890, 891, 892, 893, 894, 895, 896, 897, 898, 899, 900, 901, 902, 903, 904, 905, 906, 907, 908, 909, 910, 911, 912, 913, 914, 915, 916, 917, 918, 919, 920, 921, 922, 923, 924, 925, 926, 927, 928, 929, 930, 931, 932, 933, 934, 935]","[472, 478, 919, 929]",[],"[4, 11, 18, 21, 23, 26, 27, 28, 31, 35, 36, 43, 45, 52, 55, 56, 60, 62, 64, 70, 71, 80, 90, 94, 97, 183, 197, 232, 334, 426, 455, 472, 477, 478, 480, 483, 484, 490, 496, 505, 507, 509, 510, 511, 514, 516, 517, 523, 525, 529, 532, 533, 536, 538, 545, 546, 552, 561, 565, 568, 654, 668, 696, 790, 857, 878, 902, 919, 928, 929, 932, 934, 935]","[31, 142, 147, 180, 338, 352, 367, 387, 403, 405, 408, 410, 455, 465, 466, 468, 470, 472, 473, 477, 478, 479, 483, 484, 514, 613, 618, 651, 794, 807, 837, 852, 854, 858, 861, 902, 912, 913, 915, 917, 919, 920, 928, 929, 930, 931, 934, 935]","[31, 142, 147, 180, 338, 352, 367, 387, 403, 405, 408, 410, 455, 465, 466, 468, 470, 472, 473, 483, 484, 514, 613, 618, 651, 794, 807, 837, 852, 854, 858, 861, 902, 912, 913, 915, 917, 919, 920, 931, 934, 935]",7/6 successful match,True,,False,107,False,,1.0,True,Top Stop # 40 ( Sinclair ),Sinclair
"D Vernal , 84078 Top Stop # 40 (",435-789-8292 1355 US 40 E Sinclair ),24 HAS S,Vernal,84078,Top Stop # 40 (,435-789-8292,2008,Vernal,UT,,,1355 US 40 E Sinclair ,Proper,,False,,False,US 40,,,,,"[929, 478]","[478, 929]","[472, 478, 919, 929]",[],"[398, 399, 400, 401, 402, 403, 404, 405, 406, 407, 408, 409, 410, 411, 412, 413, 414, 415, 416, 417, 418, 419, 420, 421, 422, 423, 424, 425, 426, 427, 428, 429, 430, 431, 432, 433, 434, 435, 436, 437, 438, 439, 440, 441, 442, 443, 444, 445, 446, 447, 448, 449, 450, 451, 452, 453, 454, 455, 456, 457, 458, 459, 460, 461, 462, 463, 464, 465, 466, 467, 468, 469, 470, 471, 472, 473, 474, 475, 476, 477, 478, 479, 480, 481, 482, 483, 484, 848, 849, 850, 851, 852, 853, 854, 855, 856, 857, 858, 859, 860, 861, 862, 863, 864, 865, 866, 867, 868, 869, 870, 871, 872, 873, 874, 875, 876, 877, 878, 879, 880, 881, 882, 883, 884, 885, 886, 887, 888, 889, 890, 891, 892, 893, 894, 895, 896, 897, 898, 899, 900, 901, 902, 903, 904, 905, 906, 907, 908, 909, 910, 911, 912, 913, 914, 915, 916, 917, 918, 919, 920, 921, 922, 923, 924, 925, 926, 927, 928, 929, 930, 931, 932, 933, 934, 935]","[4, 11, 18, 21, 23, 26, 27, 28, 31, 35, 36, 43, 45, 52, 55, 56, 60, 62, 64, 70, 71, 80, 90, 94, 97, 183, 197, 232, 334, 426, 455, 472, 477, 478, 480, 483, 484, 490, 496, 505, 507, 509, 510, 511, 514, 516, 517, 523, 525, 529, 532, 533, 536, 538, 545, 546, 552, 561, 565, 568, 654, 668, 696, 790, 857, 878, 902, 919, 928, 929, 932, 934, 935]",[],"[477, 478, 479, 928, 929, 930, 931]","[916, 514, 4, 516, 917, 517, 918, 11, 523, 525, 529, 18, 532, 920, 21, 23, 533, 536, 921, 26, 27, 28, 538, 922, 31, 545, 546, 35, 923, 36, 552, 924, 43, 45, 925, 561, 926, 52, 565, 55, 927, 56, 568, 60, 928, 62, 64, 70, 71, 930, 931, 80, 932, 933, 90, 934, 94, 935, 97, 654, 668, 183, 696, 197, 232, 790, 334, 848, 849, 850, 851, 852, 853, 854, 855, 856, 857, 858, 859, 860, 861, 862, 863, 864, 865, 866, 867, 868, 869, 870, 871, 872, 873, 874, 875, 876, 877, 878, 879, 880, 881, 882, 883, 884, 885, 886, 887, 888, 889, 890, 891, 892, 893, 894, 895, 896, 897, 898, 899, 900, 901, 902, 903, 904, 905, 906, 907, 908, 909, 398, 399, 400, 401, 402, 403, 404, 405, 406, 407, 408, 919, 409, 410, 411, 412, 413, 414, 415, 929, 416, 417, 418, 419, 420, 421, 422, 423, 424, 425, 426, 427, 428, 429, 430, 431, 432, 433, 434, 435, 436, 437, 438, 439, 440, 441, 442, 443, 444, 445, 446, 447, 448, 449, 450, 451, 452, 453, 454, 455, 456, 457, 458, 459, 460, 461, 462, 463, 464, 465, 466, 467, 468, 469, 472, 470, 471, 473, 474, 475, 478, 476, 477, 479, 480, 481, 482, 483, 484, 910, 911, 490, 912, 496, 913, 914, 505, 507, 915, 509, 510, 511]",True,"[478, 929]","[398, 399, 400, 401, 402, 403, 404, 405, 406, 407, 408, 409, 410, 411, 412, 413, 414, 415, 416, 417, 418, 419, 420, 421, 422, 423, 424, 425, 426, 427, 428, 429, 430, 431, 432, 433, 434, 435, 436, 437, 438, 439, 440, 441, 442, 443, 444, 445, 446, 447, 448, 449, 450, 451, 452, 453, 454, 455, 456, 457, 458, 459, 460, 461, 462, 463, 464, 465, 466, 467, 468, 469, 470, 471, 472, 473, 474, 475, 476, 477, 478, 479, 480, 481, 482, 483, 484, 848, 849, 850, 851, 852, 853, 854, 855, 856, 857, 858, 859, 860, 861, 862, 863, 864, 865, 866, 867, 868, 869, 870, 871, 872, 873, 874, 875, 876, 877, 878, 879, 880, 881, 882, 883, 884, 885, 886, 887, 888, 889, 890, 891, 892, 893, 894, 895, 896, 897, 898, 899, 900, 901, 902, 903, 904, 905, 906, 907, 908, 909, 910, 911, 912, 913, 914, 915, 916, 917, 918, 919, 920, 921, 922, 923, 924, 925, 926, 927, 928, 929, 930, 931, 932, 933, 934, 935]","[472, 478, 919, 929]",[],"[4, 11, 18, 21, 23, 26, 27, 28, 31, 35, 36, 43, 45, 52, 55, 56, 60, 62, 64, 70, 71, 80, 90, 94, 97, 183, 197, 232, 334, 426, 455, 472, 477, 478, 480, 483, 484, 490, 496, 505, 507, 509, 510, 511, 514, 516, 517, 523, 525, 529, 532, 533, 536, 538, 545, 546, 552, 561, 565, 568, 654, 668, 696, 790, 857, 878, 902, 919, 928, 929, 932, 934, 935]","[477, 478, 479, 928, 929, 930, 931]",[],7/6 successful match,True,,False,107,False,,0.9861788617886179,True,Top Stop # 40 ( Sinclair ),Sinclair
D Vernal ( 84078 ) Top Stop # 40 ( Chevron ),6 435-789-8292 1355 US 40 E,24 SO <U+2610> <U+2610><U+2610>,Vernal,84078,Top Stop # 40 ( Chevron ),435-789-8292,2014,Vernal,UT,Chevron,,1355 US 40 E,Proper,,False,,False,US 40,,,,,"[929, 478]","[478, 929]","[472, 478, 919, 929]",[],"[398, 399, 400, 401, 402, 403, 404, 405, 406, 407, 408, 409, 410, 411, 412, 413, 414, 415, 416, 417, 418, 419, 420, 421, 422, 423, 424, 425, 426, 427, 428, 429, 430, 431, 432, 433, 434, 435, 436, 437, 438, 439, 440, 441, 442, 443, 444, 445, 446, 447, 448, 449, 450, 451, 452, 453, 454, 455, 456, 457, 458, 459, 460, 461, 462, 463, 464, 465, 466, 467, 468, 469, 470, 471, 472, 473, 474, 475, 476, 477, 478, 479, 480, 481, 482, 483, 484, 848, 849, 850, 851, 852, 853, 854, 855, 856, 857, 858, 859, 860, 861, 862, 863, 864, 865, 866, 867, 868, 869, 870, 871, 872, 873, 874, 875, 876, 877, 878, 879, 880, 881, 882, 883, 884, 885, 886, 887, 888, 889, 890, 891, 892, 893, 894, 895, 896, 897, 898, 899, 900, 901, 902, 903, 904, 905, 906, 907, 908, 909, 910, 911, 912, 913, 914, 915, 916, 917, 918, 919, 920, 921, 922, 923, 924, 925, 926, 927, 928, 929, 930, 931, 932, 933, 934, 935]","[4, 11, 18, 21, 23, 26, 27, 28, 31, 35, 36, 43, 45, 52, 55, 56, 60, 62, 64, 70, 71, 80, 90, 94, 97, 183, 197, 232, 334, 426, 455, 472, 477, 478, 480, 483, 484, 490, 496, 505, 507, 509, 510, 511, 514, 516, 517, 523, 525, 529, 532, 533, 536, 538, 545, 546, 552, 561, 565, 568, 654, 668, 696, 790, 857, 878, 902, 919, 928, 929, 932, 934, 935]","[12, 24, 25, 28, 88, 100, 104, 119, 123, 129, 136, 137, 139, 140, 141, 148, 155, 169, 172, 179, 183, 185, 188, 196, 198, 217, 237, 267, 270, 278, 319, 321, 324, 325, 330, 334, 335, 354, 366, 369, 380, 383, 384, 386, 395, 407, 411, 423, 428, 436, 437, 452, 453, 456, 467, 471, 477, 478, 479, 497, 508, 511, 559, 571, 575, 590, 594, 600, 607, 608, 610, 611, 612, 619, 627, 640, 643, 650, 654, 656, 659, 667, 669, 685, 701, 726, 729, 737, 777, 779, 782, 783, 787, 790, 791, 809, 817, 819, 830, 833, 834, 836, 845, 856, 857, 860, 862, 875, 880, 887, 888, 899, 900, 914, 918, 921, 928, 929, 930]","[12, 24, 25, 28, 88, 100, 104, 119, 123, 129, 136, 137, 139, 140, 141, 148, 155, 169, 172, 179, 183, 185, 188, 196, 198, 217, 237, 267, 270, 278, 319, 321, 324, 325, 330, 334, 335, 354, 366, 369, 380, 383, 384, 386, 395, 407, 411, 423, 428, 436, 437, 452, 453, 456, 467, 471, 477, 478, 479, 497, 508, 511, 559, 571, 575, 590, 594, 600, 607, 608, 610, 611, 612, 619, 627, 640, 643, 650, 654, 656, 659, 667, 669, 685, 701, 726, 729, 737, 777, 779, 782, 783, 787, 790, 791, 809, 817, 819, 830, 833, 834, 836, 845, 856, 857, 860, 862, 875, 880, 887, 888, 899, 900, 914, 918, 921, 928, 929, 930, 931]","[4, 11, 12, 18, 21, 23, 24, 25, 26, 27, 28, 31, 35, 36, 43, 45, 52, 55, 56, 60, 62, 64, 70, 71, 80, 88, 90, 94, 97, 100, 104, 119, 123, 129, 136, 137, 139, 140, 141, 148, 155, 169, 172, 179, 183, 185, 188, 196, 197, 198, 217, 232, 237, 267, 270, 278, 319, 321, 324, 325, 330, 334, 335, 354, 366, 369, 380, 383, 384, 386, 395, 398, 399, 400, 401, 402, 403, 404, 405, 406, 407, 408, 409, 410, 411, 412, 413, 414, 415, 416, 417, 418, 419, 420, 421, 422, 423, 424, 425, 426, 427, 428, 429, 430, 431, 432, 433, 434, 435, 436, 437, 438, 439, 440, 441, 442, 443, 444, 445, 446, 447, 448, 449, 450, 451, 452, 453, 454, 455, 456, 457, 458, 459, 460, 461, 462, 463, 464, 465, 466, 467, 468, 469, 470, 471, 472, 473, 474, 475, 476, 477, 478, 479, 480, 481, 482, 483, 484, 490, 496, 497, 505, 507, 508, 509, 510, 511, 514, 516, 517, 523, 525, 529, 532, 533, 536, 538, 545, 546, 552, 559, 561, 565, 568, 571, 575, 590, 594, 600, 607, 608, 610, 611, 612, 619, 627, 640, 643, 650, 654, 656, 659, 667, 668, 669, 685, 696, 701, 726, 729, 737, 777, 779, 782, 783, 787, 790, 791, 809, 817, 819, 830, 833, 834, 836, 845, 848, 849, 850, 851, 852, 853, 854, 855, 856, 857, 858, 859, 860, 861, 862, 863, 864, 865, 866, 867, 868, 869, 870, 871, 872, 873, 874, 875, 876, 877, 878, 879, 880, 881, 882, 883, 884, 885, 886, 887, 888, 889, 890, 891, 892, 893, 894, 895, 896, 897, 898, 899, 900, 901, 902, 903, 904, 905, 906, 907, 908, 909, 910, 911, 912, 913, 914, 915, 916, 917, 918, 919, 920, 921, 922, 923, 924, 925, 926, 927, 928, 929, 930, 931, 932, 933, 934, 935]",True,"[478, 929]","[398, 399, 400, 401, 402, 403, 404, 405, 406, 407, 408, 409, 410, 411, 412, 413, 414, 415, 416, 417, 418, 419, 420, 421, 422, 423, 424, 425, 426, 427, 428, 429, 430, 431, 432, 433, 434, 435, 436, 437, 438, 439, 440, 441, 442, 443, 444, 445, 446, 447, 448, 449, 450, 451, 452, 453, 454, 455, 456, 457, 458, 459, 460, 461, 462, 463, 464, 465, 466, 467, 468, 469, 470, 471, 472, 473, 474, 475, 476, 477, 478, 479, 480, 481, 482, 483, 484, 848, 849, 850, 851, 852, 853, 854, 855, 856, 857, 858, 859, 860, 861, 862, 863, 864, 865, 866, 867, 868, 869, 870, 871, 872, 873, 874, 875, 876, 877, 878, 879, 880, 881, 882, 883, 884, 885, 886, 887, 888, 889, 890, 891, 892, 893, 894, 895, 896, 897, 898, 899, 900, 901, 902, 903, 904, 905, 906, 907, 908, 909, 910, 911, 912, 913, 914, 915, 916, 917, 918, 919, 920, 921, 922, 923, 924, 925, 926, 927, 928, 929, 930, 931, 932, 933, 934, 935]","[472, 478, 919, 929]",[],"[4, 11, 18, 21, 23, 26, 27, 28, 31, 35, 36, 43, 45, 52, 55, 56, 60, 62, 64, 70, 71, 80, 90, 94, 97, 183, 197, 232, 334, 426, 455, 472, 477, 478, 480, 483, 484, 490, 496, 505, 507, 509, 510, 511, 514, 516, 517, 523, 525, 529, 532, 533, 536, 538, 545, 546, 552, 561, 565, 568, 654, 668, 696, 790, 857, 878, 902, 919, 928, 929, 932, 934, 935]","[12, 24, 25, 28, 88, 100, 104, 119, 123, 129, 136, 137, 139, 140, 141, 148, 155, 169, 172, 179, 183, 185, 188, 196, 198, 217, 237, 267, 270, 278, 319, 321, 324, 325, 330, 334, 335, 354, 366, 369, 380, 383, 384, 386, 395, 407, 411, 423, 428, 436, 437, 452, 453, 456, 467, 471, 477, 478, 479, 497, 508, 511, 559, 571, 575, 590, 594, 600, 607, 608, 610, 611, 612, 619, 627, 640, 643, 650, 654, 656, 659, 667, 669, 685, 701, 726, 729, 737, 777, 779, 782, 783, 787, 790, 791, 809, 817, 819, 830, 833, 834, 836, 845, 856, 857, 860, 862, 875, 880, 887, 888, 899, 900, 914, 918, 921, 928, 929, 930, 931]","[12, 24, 25, 28, 88, 100, 104, 119, 123, 129, 136, 137, 139, 140, 141, 148, 155, 169, 172, 179, 183, 185, 188, 196, 198, 217, 237, 267, 270, 278, 319, 321, 324, 325, 330, 334, 335, 354, 366, 369, 380, 383, 384, 386, 395, 407, 411, 423, 428, 436, 437, 452, 453, 456, 467, 471, 477, 478, 479, 497, 508, 511, 559, 571, 575, 590, 594, 600, 607, 608, 610, 611, 612, 619, 627, 640, 643, 650, 654, 656, 659, 667, 669, 685, 701, 726, 729, 737, 777, 779, 782, 783, 787, 790, 791, 809, 817, 819, 830, 833, 834, 836, 845, 856, 857, 860, 862, 875, 880, 887, 888, 899, 900, 914, 918, 921, 928, 929, 930]",7/6 successful match,True,,False,107,False,,1.0,True,Top Stop # 40 (,
D Vernal ( 84078 ) Top Stop # 40 ( Chevron ),435-789-8292 1355 US 40 E,24 S <U+25A1>,Vernal,84078,Top Stop # 40 ( Chevron ),435-789-8292,2015,Vernal,UT,Chevron,,1355 US 40 E,Proper,,False,,False,US 40,,,,,"[929, 478]","[478, 929]","[472, 478, 919, 929]",[],"[398, 399, 400, 401, 402, 403, 404, 405, 406, 407, 408, 409, 410, 411, 412, 413, 414, 415, 416, 417, 418, 419, 420, 421, 422, 423, 424, 425, 426, 427, 428, 429, 430, 431, 432, 433, 434, 435, 436, 437, 438, 439, 440, 441, 442, 443, 444, 445, 446, 447, 448, 449, 450, 451, 452, 453, 454, 455, 456, 457, 458, 459, 460, 461, 462, 463, 464, 465, 466, 467, 468, 469, 470, 471, 472, 473, 474, 475, 476, 477, 478, 479, 480, 481, 482, 483, 484, 848, 849, 850, 851, 852, 853, 854, 855, 856, 857, 858, 859, 860, 861, 862, 863, 864, 865, 866, 867, 868, 869, 870, 871, 872, 873, 874, 875, 876, 877, 878, 879, 880, 881, 882, 883, 884, 885, 886, 887, 888, 889, 890, 891, 892, 893, 894, 895, 896, 897, 898, 899, 900, 901, 902, 903, 904, 905, 906, 907, 908, 909, 910, 911, 912, 913, 914, 915, 916, 917, 918, 919, 920, 921, 922, 923, 924, 925, 926, 927, 928, 929, 930, 931, 932, 933, 934, 935]","[4, 11, 18, 21, 23, 26, 27, 28, 31, 35, 36, 43, 45, 52, 55, 56, 60, 62, 64, 70, 71, 80, 90, 94, 97, 183, 197, 232, 334, 426, 455, 472, 477, 478, 480, 483, 484, 490, 496, 505, 507, 509, 510, 511, 514, 516, 517, 523, 525, 529, 532, 533, 536, 538, 545, 546, 552, 561, 565, 568, 654, 668, 696, 790, 857, 878, 902, 919, 928, 929, 932, 934, 935]","[12, 24, 25, 28, 88, 100, 104, 119, 123, 129, 136, 137, 139, 140, 141, 148, 155, 169, 172, 179, 183, 185, 188, 196, 198, 217, 237, 267, 270, 278, 319, 321, 324, 325, 330, 334, 335, 354, 366, 369, 380, 383, 384, 386, 395, 407, 411, 423, 428, 436, 437, 452, 453, 456, 467, 471, 477, 478, 479, 497, 508, 511, 559, 571, 575, 590, 594, 600, 607, 608, 610, 611, 612, 619, 627, 640, 643, 650, 654, 656, 659, 667, 669, 685, 701, 726, 729, 737, 777, 779, 782, 783, 787, 790, 791, 809, 817, 819, 830, 833, 834, 836, 845, 856, 857, 860, 862, 875, 880, 887, 888, 899, 900, 914, 918, 921, 928, 929, 930]","[12, 24, 25, 28, 88, 100, 104, 119, 123, 129, 136, 137, 139, 140, 141, 148, 155, 169, 172, 179, 183, 185, 188, 196, 198, 217, 237, 267, 270, 278, 319, 321, 324, 325, 330, 334, 335, 354, 366, 369, 380, 383, 384, 386, 395, 407, 411, 423, 428, 436, 437, 452, 453, 456, 467, 471, 477, 478, 479, 497, 508, 511, 559, 571, 575, 590, 594, 600, 607, 608, 610, 611, 612, 619, 627, 640, 643, 650, 654, 656, 659, 667, 669, 685, 701, 726, 729, 737, 777, 779, 782, 783, 787, 790, 791, 809, 817, 819, 830, 833, 834, 836, 845, 856, 857, 860, 862, 875, 880, 887, 888, 899, 900, 914, 918, 921, 928, 929, 930, 931]","[4, 11, 12, 18, 21, 23, 24, 25, 26, 27, 28, 31, 35, 36, 43, 45, 52, 55, 56, 60, 62, 64, 70, 71, 80, 88, 90, 94, 97, 100, 104, 119, 123, 129, 136, 137, 139, 140, 141, 148, 155, 169, 172, 179, 183, 185, 188, 196, 197, 198, 217, 232, 237, 267, 270, 278, 319, 321, 324, 325, 330, 334, 335, 354, 366, 369, 380, 383, 384, 386, 395, 398, 399, 400, 401, 402, 403, 404, 405, 406, 407, 408, 409, 410, 411, 412, 413, 414, 415, 416, 417, 418, 419, 420, 421, 422, 423, 424, 425, 426, 427, 428, 429, 430, 431, 432, 433, 434, 435, 436, 437, 438, 439, 440, 441, 442, 443, 444, 445, 446, 447, 448, 449, 450, 451, 452, 453, 454, 455, 456, 457, 458, 459, 460, 461, 462, 463, 464, 465, 466, 467, 468, 469, 470, 471, 472, 473, 474, 475, 476, 477, 478, 479, 480, 481, 482, 483, 484, 490, 496, 497, 505, 507, 508, 509, 510, 511, 514, 516, 517, 523, 525, 529, 532, 533, 536, 538, 545, 546, 552, 559, 561, 565, 568, 571, 575, 590, 594, 600, 607, 608, 610, 611, 612, 619, 627, 640, 643, 650, 654, 656, 659, 667, 668, 669, 685, 696, 701, 726, 729, 737, 777, 779, 782, 783, 787, 790, 791, 809, 817, 819, 830, 833, 834, 836, 845, 848, 849, 850, 851, 852, 853, 854, 855, 856, 857, 858, 859, 860, 861, 862, 863, 864, 865, 866, 867, 868, 869, 870, 871, 872, 873, 874, 875, 876, 877, 878, 879, 880, 881, 882, 883, 884, 885, 886, 887, 888, 889, 890, 891, 892, 893, 894, 895, 896, 897, 898, 899, 900, 901, 902, 903, 904, 905, 906, 907, 908, 909, 910, 911, 912, 913, 914, 915, 916, 917, 918, 919, 920, 921, 922, 923, 924, 925, 926, 927, 928, 929, 930, 931, 932, 933, 934, 935]",True,"[478, 929]","[398, 399, 400, 401, 402, 403, 404, 405, 406, 407, 408, 409, 410, 411, 412, 413, 414, 415, 416, 417, 418, 419, 420, 421, 422, 423, 424, 425, 426, 427, 428, 429, 430, 431, 432, 433, 434, 435, 436, 437, 438, 439, 440, 441, 442, 443, 444, 445, 446, 447, 448, 449, 450, 451, 452, 453, 454, 455, 456, 457, 458, 459, 460, 461, 462, 463, 464, 465, 466, 467, 468, 469, 470, 471, 472, 473, 474, 475, 476, 477, 478, 479, 480, 481, 482, 483, 484, 848, 849, 850, 851, 852, 853, 854, 855, 856, 857, 858, 859, 860, 861, 862, 863, 864, 865, 866, 867, 868, 869, 870, 871, 872, 873, 874, 875, 876, 877, 878, 879, 880, 881, 882, 883, 884, 885, 886, 887, 888, 889, 890, 891, 892, 893, 894, 895, 896, 897, 898, 899, 900, 901, 902, 903, 904, 905, 906, 907, 908, 909, 910, 911, 912, 913, 914, 915, 916, 917, 918, 919, 920, 921, 922, 923, 924, 925, 926, 927, 928, 929, 930, 931, 932, 933, 934, 935]","[472, 478, 919, 929]",[],"[4, 11, 18, 21, 23, 26, 27, 28, 31, 35, 36, 43, 45, 52, 55, 56, 60, 62, 64, 70, 71, 80, 90, 94, 97, 183, 197, 232, 334, 426, 455, 472, 477, 478, 480, 483, 484, 490, 496, 505, 507, 509, 510, 511, 514, 516, 517, 523, 525, 529, 532, 533, 536, 538, 545, 546, 552, 561, 565, 568, 654, 668, 696, 790, 857, 878, 902, 919, 928, 929, 932, 934, 935]","[12, 24, 25, 28, 88, 100, 104, 119, 123, 129, 136, 137, 139, 140, 141, 148, 155, 169, 172, 179, 183, 185, 188, 196, 198, 217, 237, 267, 270, 278, 319, 321, 324, 325, 330, 334, 335, 354, 366, 369, 380, 383, 384, 386, 395, 407, 411, 423, 428, 436, 437, 452, 453, 456, 467, 471, 477, 478, 479, 497, 508, 511, 559, 571, 575, 590, 594, 600, 607, 608, 610, 611, 612, 619, 627, 640, 643, 650, 654, 656, 659, 667, 669, 685, 701, 726, 729, 737, 777, 779, 782, 783, 787, 790, 791, 809, 817, 819, 830, 833, 834, 836, 845, 856, 857, 860, 862, 875, 880, 887, 888, 899, 900, 914, 918, 921, 928, 929, 930, 931]","[12, 24, 25, 28, 88, 100, 104, 119, 123, 129, 136, 137, 139, 140, 141, 148, 155, 169, 172, 179, 183, 185, 188, 196, 198, 217, 237, 267, 270, 278, 319, 321, 324, 325, 330, 334, 335, 354, 366, 369, 380, 383, 384, 386, 395, 407, 411, 423, 428, 436, 437, 452, 453, 456, 467, 471, 477, 478, 479, 497, 508, 511, 559, 571, 575, 590, 594, 600, 607, 608, 610, 611, 612, 619, 627, 640, 643, 650, 654, 656, 659, 667, 669, 685, 701, 726, 729, 737, 777, 779, 782, 783, 787, 790, 791, 809, 817, 819, 830, 833, 834, 836, 845, 856, 857, 860, 862, 875, 880, 887, 888, 899, 900, 914, 918, 921, 928, 929, 930]",7/6 successful match,True,,False,107,False,,1.0,True,Top Stop # 40 ( Chevron ),Chevron
Vernal ( 84078 ) Top Stop # 40 ( Chevron ),435-789-8292 1355 US 40 E,24 OSO D,Vernal,84078,Top Stop # 40 ( Chevron ),435-789-8292,2016,Vernal,UT,Chevron,,1355 US 40 E,Proper,,False,,False,US 40,,,,,"[929, 478]","[478, 929]","[472, 478, 919, 929]",[],"[398, 399, 400, 401, 402, 403, 404, 405, 406, 407, 408, 409, 410, 411, 412, 413, 414, 415, 416, 417, 418, 419, 420, 421, 422, 423, 424, 425, 426, 427, 428, 429, 430, 431, 432, 433, 434, 435, 436, 437, 438, 439, 440, 441, 442, 443, 444, 445, 446, 447, 448, 449, 450, 451, 452, 453, 454, 455, 456, 457, 458, 459, 460, 461, 462, 463, 464, 465, 466, 467, 468, 469, 470, 471, 472, 473, 474, 475, 476, 477, 478, 479, 480, 481, 482, 483, 484, 848, 849, 850, 851, 852, 853, 854, 855, 856, 857, 858, 859, 860, 861, 862, 863, 864, 865, 866, 867, 868, 869, 870, 871, 872, 873, 874, 875, 876, 877, 878, 879, 880, 881, 882, 883, 884, 885, 886, 887, 888, 889, 890, 891, 892, 893, 894, 895, 896, 897, 898, 899, 900, 901, 902, 903, 904, 905, 906, 907, 908, 909, 910, 911, 912, 913, 914, 915, 916, 917, 918, 919, 920, 921, 922, 923, 924, 925, 926, 927, 928, 929, 930, 931, 932, 933, 934, 935]","[4, 11, 18, 21, 23, 26, 27, 28, 31, 35, 36, 43, 45, 52, 55, 56, 60, 62, 64, 70, 71, 80, 90, 94, 97, 183, 197, 232, 334, 426, 455, 472, 477, 478, 480, 483, 484, 490, 496, 505, 507, 509, 510, 511, 514, 516, 517, 523, 525, 529, 532, 533, 536, 538, 545, 546, 552, 561, 565, 568, 654, 668, 696, 790, 857, 878, 902, 919, 928, 929, 932, 934, 935]","[12, 24, 25, 28, 88, 100, 104, 119, 123, 129, 136, 137, 139, 140, 141, 148, 155, 169, 172, 179, 183, 185, 188, 196, 198, 217, 237, 267, 270, 278, 319, 321, 324, 325, 330, 334, 335, 354, 366, 369, 380, 383, 384, 386, 395, 407, 411, 423, 428, 436, 437, 452, 453, 456, 467, 471, 477, 478, 479, 497, 508, 511, 559, 571, 575, 590, 594, 600, 607, 608, 610, 611, 612, 619, 627, 640, 643, 650, 654, 656, 659, 667, 669, 685, 701, 726, 729, 737, 777, 779, 782, 783, 787, 790, 791, 809, 817, 819, 830, 833, 834, 836, 845, 856, 857, 860, 862, 875, 880, 887, 888, 899, 900, 914, 918, 921, 928, 929, 930]","[12, 24, 25, 28, 88, 100, 104, 119, 123, 129, 136, 137, 139, 140, 141, 148, 155, 169, 172, 179, 183, 185, 188, 196, 198, 217, 237, 267, 270, 278, 319, 321, 324, 325, 330, 334, 335, 354, 366, 369, 380, 383, 384, 386, 395, 407, 411, 423, 428, 436, 437, 452, 453, 456, 467, 471, 477, 478, 479, 497, 508, 511, 559, 571, 575, 590, 594, 600, 607, 608, 610, 611, 612, 619, 627, 640, 643, 650, 654, 656, 659, 667, 669, 685, 701, 726, 729, 737, 777, 779, 782, 783, 787, 790, 791, 809, 817, 819, 830, 833, 834, 836, 845, 856, 857, 860, 862, 875, 880, 887, 888, 899, 900, 914, 918, 921, 928, 929, 930, 931]","[4, 11, 12, 18, 21, 23, 24, 25, 26, 27, 28, 31, 35, 36, 43, 45, 52, 55, 56, 60, 62, 64, 70, 71, 80, 88, 90, 94, 97, 100, 104, 119, 123, 129, 136, 137, 139, 140, 141, 148, 155, 169, 172, 179, 183, 185, 188, 196, 197, 198, 217, 232, 237, 267, 270, 278, 319, 321, 324, 325, 330, 334, 335, 354, 366, 369, 380, 383, 384, 386, 395, 398, 399, 400, 401, 402, 403, 404, 405, 406, 407, 408, 409, 410, 411, 412, 413, 414, 415, 416, 417, 418, 419, 420, 421, 422, 423, 424, 425, 426, 427, 428, 429, 430, 431, 432, 433, 434, 435, 436, 437, 438, 439, 440, 441, 442, 443, 444, 445, 446, 447, 448, 449, 450, 451, 452, 453, 454, 455, 456, 457, 458, 459, 460, 461, 462, 463, 464, 465, 466, 467, 468, 469, 470, 471, 472, 473, 474, 475, 476, 477, 478, 479, 480, 481, 482, 483, 484, 490, 496, 497, 505, 507, 508, 509, 510, 511, 514, 516, 517, 523, 525, 529, 532, 533, 536, 538, 545, 546, 552, 559, 561, 565, 568, 571, 575, 590, 594, 600, 607, 608, 610, 611, 612, 619, 627, 640, 643, 650, 654, 656, 659, 667, 668, 669, 685, 696, 701, 726, 729, 737, 777, 779, 782, 783, 787, 790, 791, 809, 817, 819, 830, 833, 834, 836, 845, 848, 849, 850, 851, 852, 853, 854, 855, 856, 857, 858, 859, 860, 861, 862, 863, 864, 865, 866, 867, 868, 869, 870, 871, 872, 873, 874, 875, 876, 877, 878, 879, 880, 881, 882, 883, 884, 885, 886, 887, 888, 889, 890, 891, 892, 893, 894, 895, 896, 897, 898, 899, 900, 901, 902, 903, 904, 905, 906, 907, 908, 909, 910, 911, 912, 913, 914, 915, 916, 917, 918, 919, 920, 921, 922, 923, 924, 925, 926, 927, 928, 929, 930, 931, 932, 933, 934, 935]",True,"[478, 929]","[398, 399, 400, 401, 402, 403, 404, 405, 406, 407, 408, 409, 410, 411, 412, 413, 414, 415, 416, 417, 418, 419, 420, 421, 422, 423, 424, 425, 426, 427, 428, 429, 430, 431, 432, 433, 434, 435, 436, 437, 438, 439, 440, 441, 442, 443, 444, 445, 446, 447, 448, 449, 450, 451, 452, 453, 454, 455, 456, 457, 458, 459, 460, 461, 462, 463, 464, 465, 466, 467, 468, 469, 470, 471, 472, 473, 474, 475, 476, 477, 478, 479, 480, 481, 482, 483, 484, 848, 849, 850, 851, 852, 853, 854, 855, 856, 857, 858, 859, 860, 861, 862, 863, 864, 865, 866, 867, 868, 869, 870, 871, 872, 873, 874, 875, 876, 877, 878, 879, 880, 881, 882, 883, 884, 885, 886, 887, 888, 889, 890, 891, 892, 893, 894, 895, 896, 897, 898, 899, 900, 901, 902, 903, 904, 905, 906, 907, 908, 909, 910, 911, 912, 913, 914, 915, 916, 917, 918, 919, 920, 921, 922, 923, 924, 925, 926, 927, 928, 929, 930, 931, 932, 933, 934, 935]","[472, 478, 919, 929]",[],"[4, 11, 18, 21, 23, 26, 27, 28, 31, 35, 36, 43, 45, 52, 55, 56, 60, 62, 64, 70, 71, 80, 90, 94, 97, 183, 197, 232, 334, 426, 455, 472, 477, 478, 480, 483, 484, 490, 496, 505, 507, 509, 510, 511, 514, 516, 517, 523, 525, 529, 532, 533, 536, 538, 545, 546, 552, 561, 565, 568, 654, 668, 696, 790, 857, 878, 902, 919, 928, 929, 932, 934, 935]","[12, 24, 25, 28, 88, 100, 104, 119, 123, 129, 136, 137, 139, 140, 141, 148, 155, 169, 172, 179, 183, 185, 188, 196, 198, 217, 237, 267, 270, 278, 319, 321, 324, 325, 330, 334, 335, 354, 366, 369, 380, 383, 384, 386, 395, 407, 411, 423, 428, 436, 437, 452, 453, 456, 467, 471, 477, 478, 479, 497, 508, 511, 559, 571, 575, 590, 594, 600, 607, 608, 610, 611, 612, 619, 627, 640, 643, 650, 654, 656, 659, 667, 669, 685, 701, 726, 729, 737, 777, 779, 782, 783, 787, 790, 791, 809, 817, 819, 830, 833, 834, 836, 845, 856, 857, 860, 862, 875, 880, 887, 888, 899, 900, 914, 918, 921, 928, 929, 930, 931]","[12, 24, 25, 28, 88, 100, 104, 119, 123, 129, 136, 137, 139, 140, 141, 148, 155, 169, 172, 179, 183, 185, 188, 196, 198, 217, 237, 267, 270, 278, 319, 321, 324, 325, 330, 334, 335, 354, 366, 369, 380, 383, 384, 386, 395, 407, 411, 423, 428, 436, 437, 452, 453, 456, 467, 471, 477, 478, 479, 497, 508, 511, 559, 571, 575, 590, 594, 600, 607, 608, 610, 611, 612, 619, 627, 640, 643, 650, 654, 656, 659, 667, 669, 685, 701, 726, 729, 737, 777, 779, 782, 783, 787, 790, 791, 809, 817, 819, 830, 833, 834, 836, 845, 856, 857, 860, 862, 875, 880, 887, 888, 899, 900, 914, 918, 921, 928, 929, 930]",7/6 successful match,True,,False,107,False,,1.0,True,Top Stop # 40 ( Chevron ),Chevron
"Woods Cross , 84087 RB's One Stop ( 66 )",801-295-3241 I-15 Exit 316 ( 500 S ),HRS 24,Woods Cross,84087,RB's One Stop ( 66 ),801-295-3241,2006,Woods Cross,UT,,( 500 S ),I-15 Exit 316 ,Exit,316,False,,False,I-15,,,,,"[464, 911]","[464, 911]","[464, 471, 911, 918]","[464, 911]","[398, 399, 400, 401, 402, 403, 404, 405, 406, 407, 408, 409, 410, 411, 412, 413, 414, 415, 416, 417, 418, 419, 420, 421, 422, 423, 424, 425, 426, 427, 428, 429, 430, 431, 432, 433, 434, 435, 436, 437, 438, 439, 440, 441, 442, 443, 444, 445, 446, 447, 448, 449, 450, 451, 452, 453, 454, 455, 456, 457, 458, 459, 460, 461, 462, 463, 464, 465, 466, 467, 468, 469, 470, 471, 472, 473, 474, 475, 476, 477, 478, 479, 480, 481, 482, 483, 484, 848, 849, 850, 851, 852, 853, 854, 855, 856, 857, 858, 859, 860, 861, 862, 863, 864, 865, 866, 867, 868, 869, 870, 871, 872, 873, 874, 875, 876, 877, 878, 879, 880, 881, 882, 883, 884, 885, 886, 887, 888, 889, 890, 891, 892, 893, 894, 895, 896, 897, 898, 899, 900, 901, 902, 903, 904, 905, 906, 907, 908, 909, 910, 911, 912, 913, 914, 915, 916, 917, 918, 919, 920, 921, 922, 923, 924, 925, 926, 927, 928, 929, 930, 931, 932, 933, 934, 935]","[16, 125, 156, 163, 168, 184, 205, 222, 229, 253, 258, 265, 313, 317, 336, 340, 341, 356, 363, 365, 366, 367, 370, 375, 388, 391, 394, 396, 402, 410, 411, 412, 413, 415, 416, 417, 418, 419, 425, 429, 431, 433, 435, 437, 440, 441, 442, 443, 451, 452, 456, 457, 458, 460, 461, 464, 471, 473, 474, 475, 481, 482, 501, 596, 628, 635, 655, 675, 693, 716, 720, 725, 771, 775, 793, 796, 797, 811, 817, 818, 820, 825, 838, 841, 844, 846, 851, 857, 861, 862, 863, 864, 866, 867, 868, 870, 871, 877, 881, 883, 885, 888, 891, 892, 893, 898, 899, 904, 905, 907, 908, 911, 918, 920, 921, 922, 923, 924, 926, 931, 933]",[],"[401, 402, 424, 427, 464, 469, 850, 851, 876, 879, 911, 916]","[916, 917, 919, 16, 920, 921, 922, 923, 388, 924, 925, 926, 927, 928, 929, 930, 931, 932, 596, 933, 934, 935, 391, 628, 635, 125, 655, 336, 156, 163, 675, 168, 340, 341, 693, 184, 394, 716, 205, 720, 725, 375, 222, 229, 396, 253, 356, 258, 771, 775, 265, 793, 796, 797, 363, 811, 365, 817, 366, 818, 820, 367, 313, 825, 317, 370, 838, 841, 844, 846, 848, 849, 850, 851, 852, 853, 854, 855, 856, 857, 858, 859, 860, 861, 862, 863, 864, 865, 866, 867, 868, 869, 870, 871, 872, 873, 874, 875, 876, 877, 878, 879, 880, 881, 882, 883, 884, 885, 886, 887, 888, 889, 890, 891, 892, 893, 894, 895, 896, 897, 898, 899, 900, 901, 902, 903, 904, 905, 906, 907, 908, 909, 398, 911, 399, 400, 401, 402, 403, 404, 918, 407, 408, 409, 410, 405, 406, 411, 412, 413, 414, 415, 416, 417, 418, 419, 420, 421, 422, 423, 424, 425, 426, 427, 428, 429, 430, 431, 432, 433, 434, 435, 436, 437, 438, 439, 440, 441, 442, 443, 444, 445, 446, 447, 448, 449, 450, 451, 452, 453, 454, 455, 456, 457, 458, 459, 460, 461, 464, 462, 463, 465, 466, 467, 468, 471, 469, 470, 472, 473, 474, 475, 476, 477, 478, 479, 480, 481, 482, 483, 484, 910, 912, 913, 501, 914, 915]",True,"[464, 911]","[398, 399, 400, 401, 402, 403, 404, 405, 406, 407, 408, 409, 410, 411, 412, 413, 414, 415, 416, 417, 418, 419, 420, 421, 422, 423, 424, 425, 426, 427, 428, 429, 430, 431, 432, 433, 434, 435, 436, 437, 438, 439, 440, 441, 442, 443, 444, 445, 446, 447, 448, 449, 450, 451, 452, 453, 454, 455, 456, 457, 458, 459, 460, 461, 462, 463, 464, 465, 466, 467, 468, 469, 470, 471, 472, 473, 474, 475, 476, 477, 478, 479, 480, 481, 482, 483, 484, 848, 849, 850, 851, 852, 853, 854, 855, 856, 857, 858, 859, 860, 861, 862, 863, 864, 865, 866, 867, 868, 869, 870, 871, 872, 873, 874, 875, 876, 877, 878, 879, 880, 881, 882, 883, 884, 885, 886, 887, 888, 889, 890, 891, 892, 893, 894, 895, 896, 897, 898, 899, 900, 901, 902, 903, 904, 905, 906, 907, 908, 909, 910, 911, 912, 913, 914, 915, 916, 917, 918, 919, 920, 921, 922, 923, 924, 925, 926, 927, 928, 929, 930, 931, 932, 933, 934, 935]","[464, 471, 911, 918]","[464, 911]","[16, 125, 156, 163, 168, 184, 205, 222, 229, 253, 258, 265, 313, 317, 336, 340, 341, 356, 363, 365, 366, 367, 370, 375, 388, 391, 394, 396, 402, 410, 411, 412, 413, 415, 416, 417, 418, 419, 425, 429, 431, 433, 435, 437, 440, 441, 442, 443, 451, 452, 456, 457, 458, 460, 461, 464, 471, 473, 474, 475, 481, 482, 501, 596, 628, 635, 655, 675, 693, 716, 720, 725, 771, 775, 793, 796, 797, 811, 817, 818, 820, 825, 838, 841, 844, 846, 851, 857, 861, 862, 863, 864, 866, 867, 868, 870, 871, 877, 881, 883, 885, 888, 891, 892, 893, 898, 899, 904, 905, 907, 908, 911, 918, 920, 921, 922, 923, 924, 926, 931, 933]","[401, 402, 424, 427, 464, 469, 850, 851, 876, 879, 911, 916]",[],7/6 successful match,True,[453],True,108,False,,,,,
"Cross , 84087 RB's One Stop ( 66 )",DWoods 3801-295-3241 I-15 Exit 316 ( 500 S ),24 SO,Cross,84087,RB's One Stop ( 66 ),801-295-3241,2007,Woods Cross,UT,,( 500 S ),I-15 Exit 316 ,Exit,316,False,,False,I-15,,,,,"[464, 911]","[464, 911]","[464, 471, 911, 918]","[464, 911]","[398, 399, 400, 401, 402, 403, 404, 405, 406, 407, 408, 409, 410, 411, 412, 413, 414, 415, 416, 417, 418, 419, 420, 421, 422, 423, 424, 425, 426, 427, 428, 429, 430, 431, 432, 433, 434, 435, 436, 437, 438, 439, 440, 441, 442, 443, 444, 445, 446, 447, 448, 449, 450, 451, 452, 453, 454, 455, 456, 457, 458, 459, 460, 461, 462, 463, 464, 465, 466, 467, 468, 469, 470, 471, 472, 473, 474, 475, 476, 477, 478, 479, 480, 481, 482, 483, 484, 848, 849, 850, 851, 852, 853, 854, 855, 856, 857, 858, 859, 860, 861, 862, 863, 864, 865, 866, 867, 868, 869, 870, 871, 872, 873, 874, 875, 876, 877, 878, 879, 880, 881, 882, 883, 884, 885, 886, 887, 888, 889, 890, 891, 892, 893, 894, 895, 896, 897, 898, 899, 900, 901, 902, 903, 904, 905, 906, 907, 908, 909, 910, 911, 912, 913, 914, 915, 916, 917, 918, 919, 920, 921, 922, 923, 924, 925, 926, 927, 928, 929, 930, 931, 932, 933, 934, 935]","[16, 125, 156, 163, 168, 184, 205, 222, 229, 253, 258, 265, 313, 317, 336, 340, 341, 356, 363, 365, 366, 367, 370, 375, 388, 391, 394, 396, 402, 410, 411, 412, 413, 415, 416, 417, 418, 419, 425, 429, 431, 433, 435, 437, 440, 441, 442, 443, 451, 452, 456, 457, 458, 460, 461, 464, 471, 473, 474, 475, 481, 482, 501, 596, 628, 635, 655, 675, 693, 716, 720, 725, 771, 775, 793, 796, 797, 811, 817, 818, 820, 825, 838, 841, 844, 846, 851, 857, 861, 862, 863, 864, 866, 867, 868, 870, 871, 877, 881, 883, 885, 888, 891, 892, 893, 898, 899, 904, 905, 907, 908, 911, 918, 920, 921, 922, 923, 924, 926, 931, 933]",[],"[401, 402, 424, 427, 464, 469, 850, 851, 876, 879, 911, 916]","[916, 917, 919, 16, 920, 921, 922, 923, 388, 924, 925, 926, 927, 928, 929, 930, 931, 932, 596, 933, 934, 935, 391, 628, 635, 125, 655, 336, 156, 163, 675, 168, 340, 341, 693, 184, 394, 716, 205, 720, 725, 375, 222, 229, 396, 253, 356, 258, 771, 775, 265, 793, 796, 797, 363, 811, 365, 817, 366, 818, 820, 367, 313, 825, 317, 370, 838, 841, 844, 846, 848, 849, 850, 851, 852, 853, 854, 855, 856, 857, 858, 859, 860, 861, 862, 863, 864, 865, 866, 867, 868, 869, 870, 871, 872, 873, 874, 875, 876, 877, 878, 879, 880, 881, 882, 883, 884, 885, 886, 887, 888, 889, 890, 891, 892, 893, 894, 895, 896, 897, 898, 899, 900, 901, 902, 903, 904, 905, 906, 907, 908, 909, 398, 911, 399, 400, 401, 402, 403, 404, 918, 407, 408, 409, 410, 405, 406, 411, 412, 413, 414, 415, 416, 417, 418, 419, 420, 421, 422, 423, 424, 425, 426, 427, 428, 429, 430, 431, 432, 433, 434, 435, 436, 437, 438, 439, 440, 441, 442, 443, 444, 445, 446, 447, 448, 449, 450, 451, 452, 453, 454, 455, 456, 457, 458, 459, 460, 461, 464, 462, 463, 465, 466, 467, 468, 471, 469, 470, 472, 473, 474, 475, 476, 477, 478, 479, 480, 481, 482, 483, 484, 910, 912, 913, 501, 914, 915]",True,"[464, 911]","[398, 399, 400, 401, 402, 403, 404, 405, 406, 407, 408, 409, 410, 411, 412, 413, 414, 415, 416, 417, 418, 419, 420, 421, 422, 423, 424, 425, 426, 427, 428, 429, 430, 431, 432, 433, 434, 435, 436, 437, 438, 439, 440, 441, 442, 443, 444, 445, 446, 447, 448, 449, 450, 451, 452, 453, 454, 455, 456, 457, 458, 459, 460, 461, 462, 463, 464, 465, 466, 467, 468, 469, 470, 471, 472, 473, 474, 475, 476, 477, 478, 479, 480, 481, 482, 483, 484, 848, 849, 850, 851, 852, 853, 854, 855, 856, 857, 858, 859, 860, 861, 862, 863, 864, 865, 866, 867, 868, 869, 870, 871, 872, 873, 874, 875, 876, 877, 878, 879, 880, 881, 882, 883, 884, 885, 886, 887, 888, 889, 890, 891, 892, 893, 894, 895, 896, 897, 898, 899, 900, 901, 902, 903, 904, 905, 906, 907, 908, 909, 910, 911, 912, 913, 914, 915, 916, 917, 918, 919, 920, 921, 922, 923, 924, 925, 926, 927, 928, 929, 930, 931, 932, 933, 934, 935]","[464, 471, 911, 918]","[464, 911]","[16, 125, 156, 163, 168, 184, 205, 222, 229, 253, 258, 265, 313, 317, 336, 340, 341, 356, 363, 365, 366, 367, 370, 375, 388, 391, 394, 396, 402, 410, 411, 412, 413, 415, 416, 417, 418, 419, 425, 429, 431, 433, 435, 437, 440, 441, 442, 443, 451, 452, 456, 457, 458, 460, 461, 464, 471, 473, 474, 475, 481, 482, 501, 596, 628, 635, 655, 675, 693, 716, 720, 725, 771, 775, 793, 796, 797, 811, 817, 818, 820, 825, 838, 841, 844, 846, 851, 857, 861, 862, 863, 864, 866, 867, 868, 870, 871, 877, 881, 883, 885, 888, 891, 892, 893, 898, 899, 904, 905, 907, 908, 911, 918, 920, 921, 922, 923, 924, 926, 931, 933]","[401, 402, 424, 427, 464, 469, 850, 851, 876, 879, 911, 916]",[],7/6 successful match,True,[453],True,108,False,,1.0,True,RB's One Stop ( 66 ),
"Woods Cross , 84087 RB's One Stop ( 66 )",3 801-295-3241 I-15 Exit 316 ( 500 S ),24 S <U+2610>,Woods Cross,84087,RB's One Stop ( 66 ),801-295-3241,2008,Woods Cross,UT,,( 500 S ),I-15 Exit 316 ,Exit,316,False,,False,I-15,,,,,"[464, 911]","[464, 911]","[464, 471, 911, 918]","[464, 911]","[398, 399, 400, 401, 402, 403, 404, 405, 406, 407, 408, 409, 410, 411, 412, 413, 414, 415, 416, 417, 418, 419, 420, 421, 422, 423, 424, 425, 426, 427, 428, 429, 430, 431, 432, 433, 434, 435, 436, 437, 438, 439, 440, 441, 442, 443, 444, 445, 446, 447, 448, 449, 450, 451, 452, 453, 454, 455, 456, 457, 458, 459, 460, 461, 462, 463, 464, 465, 466, 467, 468, 469, 470, 471, 472, 473, 474, 475, 476, 477, 478, 479, 480, 481, 482, 483, 484, 848, 849, 850, 851, 852, 853, 854, 855, 856, 857, 858, 859, 860, 861, 862, 863, 864, 865, 866, 867, 868, 869, 870, 871, 872, 873, 874, 875, 876, 877, 878, 879, 880, 881, 882, 883, 884, 885, 886, 887, 888, 889, 890, 891, 892, 893, 894, 895, 896, 897, 898, 899, 900, 901, 902, 903, 904, 905, 906, 907, 908, 909, 910, 911, 912, 913, 914, 915, 916, 917, 918, 919, 920, 921, 922, 923, 924, 925, 926, 927, 928, 929, 930, 931, 932, 933, 934, 935]","[16, 125, 156, 163, 168, 184, 205, 222, 229, 253, 258, 265, 313, 317, 336, 340, 341, 356, 363, 365, 366, 367, 370, 375, 388, 391, 394, 396, 402, 410, 411, 412, 413, 415, 416, 417, 418, 419, 425, 429, 431, 433, 435, 437, 440, 441, 442, 443, 451, 452, 456, 457, 458, 460, 461, 464, 471, 473, 474, 475, 481, 482, 501, 596, 628, 635, 655, 675, 693, 716, 720, 725, 771, 775, 793, 796, 797, 811, 817, 818, 820, 825, 838, 841, 844, 846, 851, 857, 861, 862, 863, 864, 866, 867, 868, 870, 871, 877, 881, 883, 885, 888, 891, 892, 893, 898, 899, 904, 905, 907, 908, 911, 918, 920, 921, 922, 923, 924, 926, 931, 933]",[],"[401, 402, 424, 427, 464, 469, 850, 851, 876, 879, 911, 916]","[916, 917, 919, 16, 920, 921, 922, 923, 388, 924, 925, 926, 927, 928, 929, 930, 931, 932, 596, 933, 934, 935, 391, 628, 635, 125, 655, 336, 156, 163, 675, 168, 340, 341, 693, 184, 394, 716, 205, 720, 725, 375, 222, 229, 396, 253, 356, 258, 771, 775, 265, 793, 796, 797, 363, 811, 365, 817, 366, 818, 820, 367, 313, 825, 317, 370, 838, 841, 844, 846, 848, 849, 850, 851, 852, 853, 854, 855, 856, 857, 858, 859, 860, 861, 862, 863, 864, 865, 866, 867, 868, 869, 870, 871, 872, 873, 874, 875, 876, 877, 878, 879, 880, 881, 882, 883, 884, 885, 886, 887, 888, 889, 890, 891, 892, 893, 894, 895, 896, 897, 898, 899, 900, 901, 902, 903, 904, 905, 906, 907, 908, 909, 398, 911, 399, 400, 401, 402, 403, 404, 918, 407, 408, 409, 410, 405, 406, 411, 412, 413, 414, 415, 416, 417, 418, 419, 420, 421, 422, 423, 424, 425, 426, 427, 428, 429, 430, 431, 432, 433, 434, 435, 436, 437, 438, 439, 440, 441, 442, 443, 444, 445, 446, 447, 448, 449, 450, 451, 452, 453, 454, 455, 456, 457, 458, 459, 460, 461, 464, 462, 463, 465, 466, 467, 468, 471, 469, 470, 472, 473, 474, 475, 476, 477, 478, 479, 480, 481, 482, 483, 484, 910, 912, 913, 501, 914, 915]",True,"[464, 911]","[398, 399, 400, 401, 402, 403, 404, 405, 406, 407, 408, 409, 410, 411, 412, 413, 414, 415, 416, 417, 418, 419, 420, 421, 422, 423, 424, 425, 426, 427, 428, 429, 430, 431, 432, 433, 434, 435, 436, 437, 438, 439, 440, 441, 442, 443, 444, 445, 446, 447, 448, 449, 450, 451, 452, 453, 454, 455, 456, 457, 458, 459, 460, 461, 462, 463, 464, 465, 466, 467, 468, 469, 470, 471, 472, 473, 474, 475, 476, 477, 478, 479, 480, 481, 482, 483, 484, 848, 849, 850, 851, 852, 853, 854, 855, 856, 857, 858, 859, 860, 861, 862, 863, 864, 865, 866, 867, 868, 869, 870, 871, 872, 873, 874, 875, 876, 877, 878, 879, 880, 881, 882, 883, 884, 885, 886, 887, 888, 889, 890, 891, 892, 893, 894, 895, 896, 897, 898, 899, 900, 901, 902, 903, 904, 905, 906, 907, 908, 909, 910, 911, 912, 913, 914, 915, 916, 917, 918, 919, 920, 921, 922, 923, 924, 925, 926, 927, 928, 929, 930, 931, 932, 933, 934, 935]","[464, 471, 911, 918]","[464, 911]","[16, 125, 156, 163, 168, 184, 205, 222, 229, 253, 258, 265, 313, 317, 336, 340, 341, 356, 363, 365, 366, 367, 370, 375, 388, 391, 394, 396, 402, 410, 411, 412, 413, 415, 416, 417, 418, 419, 425, 429, 431, 433, 435, 437, 440, 441, 442, 443, 451, 452, 456, 457, 458, 460, 461, 464, 471, 473, 474, 475, 481, 482, 501, 596, 628, 635, 655, 675, 693, 716, 720, 725, 771, 775, 793, 796, 797, 811, 817, 818, 820, 825, 838, 841, 844, 846, 851, 857, 861, 862, 863, 864, 866, 867, 868, 870, 871, 877, 881, 883, 885, 888, 891, 892, 893, 898, 899, 904, 905, 907, 908, 911, 918, 920, 921, 922, 923, 924, 926, 931, 933]","[401, 402, 424, 427, 464, 469, 850, 851, 876, 879, 911, 916]",[],7/6 successful match,True,[453],True,108,False,,1.0,True,RB's One Stop ( 66 ),
Woods Cross ( 84087 ) RB's One Stop ( 66 ) S ),801-295-3241 I-15 Exit 316 ( 500 S ),24 S,Woods Cross,84087,RB's One Stop ( 66 ) S ),801-295-3241,2014,Woods Cross,UT,,( 500 S ),I-15 Exit 316 ,Exit,316,False,,False,I-15,,,,,"[464, 911]","[464, 911]","[464, 471, 911, 918]","[464, 911]","[398, 399, 400, 401, 402, 403, 404, 405, 406, 407, 408, 409, 410, 411, 412, 413, 414, 415, 416, 417, 418, 419, 420, 421, 422, 423, 424, 425, 426, 427, 428, 429, 430, 431, 432, 433, 434, 435, 436, 437, 438, 439, 440, 441, 442, 443, 444, 445, 446, 447, 448, 449, 450, 451, 452, 453, 454, 455, 456, 457, 458, 459, 460, 461, 462, 463, 464, 465, 466, 467, 468, 469, 470, 471, 472, 473, 474, 475, 476, 477, 478, 479, 480, 481, 482, 483, 484, 848, 849, 850, 851, 852, 853, 854, 855, 856, 857, 858, 859, 860, 861, 862, 863, 864, 865, 866, 867, 868, 869, 870, 871, 872, 873, 874, 875, 876, 877, 878, 879, 880, 881, 882, 883, 884, 885, 886, 887, 888, 889, 890, 891, 892, 893, 894, 895, 896, 897, 898, 899, 900, 901, 902, 903, 904, 905, 906, 907, 908, 909, 910, 911, 912, 913, 914, 915, 916, 917, 918, 919, 920, 921, 922, 923, 924, 925, 926, 927, 928, 929, 930, 931, 932, 933, 934, 935]","[16, 125, 156, 163, 168, 184, 205, 222, 229, 253, 258, 265, 313, 317, 336, 340, 341, 356, 363, 365, 366, 367, 370, 375, 388, 391, 394, 396, 402, 410, 411, 412, 413, 415, 416, 417, 418, 419, 425, 429, 431, 433, 435, 437, 440, 441, 442, 443, 451, 452, 456, 457, 458, 460, 461, 464, 471, 473, 474, 475, 481, 482, 501, 596, 628, 635, 655, 675, 693, 716, 720, 725, 771, 775, 793, 796, 797, 811, 817, 818, 820, 825, 838, 841, 844, 846, 851, 857, 861, 862, 863, 864, 866, 867, 868, 870, 871, 877, 881, 883, 885, 888, 891, 892, 893, 898, 899, 904, 905, 907, 908, 911, 918, 920, 921, 922, 923, 924, 926, 931, 933]",[],"[401, 402, 424, 427, 464, 469, 850, 851, 876, 879, 911, 916]","[916, 917, 919, 16, 920, 921, 922, 923, 388, 924, 925, 926, 927, 928, 929, 930, 931, 932, 596, 933, 934, 935, 391, 628, 635, 125, 655, 336, 156, 163, 675, 168, 340, 341, 693, 184, 394, 716, 205, 720, 725, 375, 222, 229, 396, 253, 356, 258, 771, 775, 265, 793, 796, 797, 363, 811, 365, 817, 366, 818, 820, 367, 313, 825, 317, 370, 838, 841, 844, 846, 848, 849, 850, 851, 852, 853, 854, 855, 856, 857, 858, 859, 860, 861, 862, 863, 864, 865, 866, 867, 868, 869, 870, 871, 872, 873, 874, 875, 876, 877, 878, 879, 880, 881, 882, 883, 884, 885, 886, 887, 888, 889, 890, 891, 892, 893, 894, 895, 896, 897, 898, 899, 900, 901, 902, 903, 904, 905, 906, 907, 908, 909, 398, 911, 399, 400, 401, 402, 403, 404, 918, 407, 408, 409, 410, 405, 406, 411, 412, 413, 414, 415, 416, 417, 418, 419, 420, 421, 422, 423, 424, 425, 426, 427, 428, 429, 430, 431, 432, 433, 434, 435, 436, 437, 438, 439, 440, 441, 442, 443, 444, 445, 446, 447, 448, 449, 450, 451, 452, 453, 454, 455, 456, 457, 458, 459, 460, 461, 464, 462, 463, 465, 466, 467, 468, 471, 469, 470, 472, 473, 474, 475, 476, 477, 478, 479, 480, 481, 482, 483, 484, 910, 912, 913, 501, 914, 915]",True,"[464, 911]","[398, 399, 400, 401, 402, 403, 404, 405, 406, 407, 408, 409, 410, 411, 412, 413, 414, 415, 416, 417, 418, 419, 420, 421, 422, 423, 424, 425, 426, 427, 428, 429, 430, 431, 432, 433, 434, 435, 436, 437, 438, 439, 440, 441, 442, 443, 444, 445, 446, 447, 448, 449, 450, 451, 452, 453, 454, 455, 456, 457, 458, 459, 460, 461, 462, 463, 464, 465, 466, 467, 468, 469, 470, 471, 472, 473, 474, 475, 476, 477, 478, 479, 480, 481, 482, 483, 484, 848, 849, 850, 851, 852, 853, 854, 855, 856, 857, 858, 859, 860, 861, 862, 863, 864, 865, 866, 867, 868, 869, 870, 871, 872, 873, 874, 875, 876, 877, 878, 879, 880, 881, 882, 883, 884, 885, 886, 887, 888, 889, 890, 891, 892, 893, 894, 895, 896, 897, 898, 899, 900, 901, 902, 903, 904, 905, 906, 907, 908, 909, 910, 911, 912, 913, 914, 915, 916, 917, 918, 919, 920, 921, 922, 923, 924, 925, 926, 927, 928, 929, 930, 931, 932, 933, 934, 935]","[464, 471, 911, 918]","[464, 911]","[16, 125, 156, 163, 168, 184, 205, 222, 229, 253, 258, 265, 313, 317, 336, 340, 341, 356, 363, 365, 366, 367, 370, 375, 388, 391, 394, 396, 402, 410, 411, 412, 413, 415, 416, 417, 418, 419, 425, 429, 431, 433, 435, 437, 440, 441, 442, 443, 451, 452, 456, 457, 458, 460, 461, 464, 471, 473, 474, 475, 481, 482, 501, 596, 628, 635, 655, 675, 693, 716, 720, 725, 771, 775, 793, 796, 797, 811, 817, 818, 820, 825, 838, 841, 844, 846, 851, 857, 861, 862, 863, 864, 866, 867, 868, 870, 871, 877, 881, 883, 885, 888, 891, 892, 893, 898, 899, 904, 905, 907, 908, 911, 918, 920, 921, 922, 923, 924, 926, 931, 933]","[401, 402, 424, 427, 464, 469, 850, 851, 876, 879, 911, 916]",[],7/6 successful match,True,[453],True,108,False,,1.0,True,RB's One Stop ( 66 ),
D Woods Cross ( 84087 ) RB's One Stop ( 66 ),801-295-3241 I-15 Exit 316 ( 500 S ),24 S O,Woods Cross,84087,RB's One Stop ( 66 ),801-295-3241,2015,Woods Cross,UT,,( 500 S ),I-15 Exit 316 ,Exit,316,False,,False,I-15,,,,,"[464, 911]","[464, 911]","[464, 471, 911, 918]","[464, 911]","[398, 399, 400, 401, 402, 403, 404, 405, 406, 407, 408, 409, 410, 411, 412, 413, 414, 415, 416, 417, 418, 419, 420, 421, 422, 423, 424, 425, 426, 427, 428, 429, 430, 431, 432, 433, 434, 435, 436, 437, 438, 439, 440, 441, 442, 443, 444, 445, 446, 447, 448, 449, 450, 451, 452, 453, 454, 455, 456, 457, 458, 459, 460, 461, 462, 463, 464, 465, 466, 467, 468, 469, 470, 471, 472, 473, 474, 475, 476, 477, 478, 479, 480, 481, 482, 483, 484, 848, 849, 850, 851, 852, 853, 854, 855, 856, 857, 858, 859, 860, 861, 862, 863, 864, 865, 866, 867, 868, 869, 870, 871, 872, 873, 874, 875, 876, 877, 878, 879, 880, 881, 882, 883, 884, 885, 886, 887, 888, 889, 890, 891, 892, 893, 894, 895, 896, 897, 898, 899, 900, 901, 902, 903, 904, 905, 906, 907, 908, 909, 910, 911, 912, 913, 914, 915, 916, 917, 918, 919, 920, 921, 922, 923, 924, 925, 926, 927, 928, 929, 930, 931, 932, 933, 934, 935]","[16, 125, 156, 163, 168, 184, 205, 222, 229, 253, 258, 265, 313, 317, 336, 340, 341, 356, 363, 365, 366, 367, 370, 375, 388, 391, 394, 396, 402, 410, 411, 412, 413, 415, 416, 417, 418, 419, 425, 429, 431, 433, 435, 437, 440, 441, 442, 443, 451, 452, 456, 457, 458, 460, 461, 464, 471, 473, 474, 475, 481, 482, 501, 596, 628, 635, 655, 675, 693, 716, 720, 725, 771, 775, 793, 796, 797, 811, 817, 818, 820, 825, 838, 841, 844, 846, 851, 857, 861, 862, 863, 864, 866, 867, 868, 870, 871, 877, 881, 883, 885, 888, 891, 892, 893, 898, 899, 904, 905, 907, 908, 911, 918, 920, 921, 922, 923, 924, 926, 931, 933]",[],"[401, 402, 424, 427, 464, 469, 850, 851, 876, 879, 911, 916]","[916, 917, 919, 16, 920, 921, 922, 923, 388, 924, 925, 926, 927, 928, 929, 930, 931, 932, 596, 933, 934, 935, 391, 628, 635, 125, 655, 336, 156, 163, 675, 168, 340, 341, 693, 184, 394, 716, 205, 720, 725, 375, 222, 229, 396, 253, 356, 258, 771, 775, 265, 793, 796, 797, 363, 811, 365, 817, 366, 818, 820, 367, 313, 825, 317, 370, 838, 841, 844, 846, 848, 849, 850, 851, 852, 853, 854, 855, 856, 857, 858, 859, 860, 861, 862, 863, 864, 865, 866, 867, 868, 869, 870, 871, 872, 873, 874, 875, 876, 877, 878, 879, 880, 881, 882, 883, 884, 885, 886, 887, 888, 889, 890, 891, 892, 893, 894, 895, 896, 897, 898, 899, 900, 901, 902, 903, 904, 905, 906, 907, 908, 909, 398, 911, 399, 400, 401, 402, 403, 404, 918, 407, 408, 409, 410, 405, 406, 411, 412, 413, 414, 415, 416, 417, 418, 419, 420, 421, 422, 423, 424, 425, 426, 427, 428, 429, 430, 431, 432, 433, 434, 435, 436, 437, 438, 439, 440, 441, 442, 443, 444, 445, 446, 447, 448, 449, 450, 451, 452, 453, 454, 455, 456, 457, 458, 459, 460, 461, 464, 462, 463, 465, 466, 467, 468, 471, 469, 470, 472, 473, 474, 475, 476, 477, 478, 479, 480, 481, 482, 483, 484, 910, 912, 913, 501, 914, 915]",True,"[464, 911]","[398, 399, 400, 401, 402, 403, 404, 405, 406, 407, 408, 409, 410, 411, 412, 413, 414, 415, 416, 417, 418, 419, 420, 421, 422, 423, 424, 425, 426, 427, 428, 429, 430, 431, 432, 433, 434, 435, 436, 437, 438, 439, 440, 441, 442, 443, 444, 445, 446, 447, 448, 449, 450, 451, 452, 453, 454, 455, 456, 457, 458, 459, 460, 461, 462, 463, 464, 465, 466, 467, 468, 469, 470, 471, 472, 473, 474, 475, 476, 477, 478, 479, 480, 481, 482, 483, 484, 848, 849, 850, 851, 852, 853, 854, 855, 856, 857, 858, 859, 860, 861, 862, 863, 864, 865, 866, 867, 868, 869, 870, 871, 872, 873, 874, 875, 876, 877, 878, 879, 880, 881, 882, 883, 884, 885, 886, 887, 888, 889, 890, 891, 892, 893, 894, 895, 896, 897, 898, 899, 900, 901, 902, 903, 904, 905, 906, 907, 908, 909, 910, 911, 912, 913, 914, 915, 916, 917, 918, 919, 920, 921, 922, 923, 924, 925, 926, 927, 928, 929, 930, 931, 932, 933, 934, 935]","[464, 471, 911, 918]","[464, 911]","[16, 125, 156, 163, 168, 184, 205, 222, 229, 253, 258, 265, 313, 317, 336, 340, 341, 356, 363, 365, 366, 367, 370, 375, 388, 391, 394, 396, 402, 410, 411, 412, 413, 415, 416, 417, 418, 419, 425, 429, 431, 433, 435, 437, 440, 441, 442, 443, 451, 452, 456, 457, 458, 460, 461, 464, 471, 473, 474, 475, 481, 482, 501, 596, 628, 635, 655, 675, 693, 716, 720, 725, 771, 775, 793, 796, 797, 811, 817, 818, 820, 825, 838, 841, 844, 846, 851, 857, 861, 862, 863, 864, 866, 867, 868, 870, 871, 877, 881, 883, 885, 888, 891, 892, 893, 898, 899, 904, 905, 907, 908, 911, 918, 920, 921, 922, 923, 924, 926, 931, 933]","[401, 402, 424, 427, 464, 469, 850, 851, 876, 879, 911, 916]",[],7/6 successful match,True,[453],True,108,False,,1.0,True,RB's One Stop ( 66 ) S ),
Woods Cross ( 84087 ) RB's One Stop ( 66 ),801-295-3241 I-15 Exit 316 ( 500 S ),24 S O,Woods Cross,84087,RB's One Stop ( 66 ),801-295-3241,2016,Woods Cross,UT,,( 500 S ),I-15 Exit 316 ,Exit,316,False,,False,I-15,,,,,"[464, 911]","[464, 911]","[464, 471, 911, 918]","[464, 911]","[398, 399, 400, 401, 402, 403, 404, 405, 406, 407, 408, 409, 410, 411, 412, 413, 414, 415, 416, 417, 418, 419, 420, 421, 422, 423, 424, 425, 426, 427, 428, 429, 430, 431, 432, 433, 434, 435, 436, 437, 438, 439, 440, 441, 442, 443, 444, 445, 446, 447, 448, 449, 450, 451, 452, 453, 454, 455, 456, 457, 458, 459, 460, 461, 462, 463, 464, 465, 466, 467, 468, 469, 470, 471, 472, 473, 474, 475, 476, 477, 478, 479, 480, 481, 482, 483, 484, 848, 849, 850, 851, 852, 853, 854, 855, 856, 857, 858, 859, 860, 861, 862, 863, 864, 865, 866, 867, 868, 869, 870, 871, 872, 873, 874, 875, 876, 877, 878, 879, 880, 881, 882, 883, 884, 885, 886, 887, 888, 889, 890, 891, 892, 893, 894, 895, 896, 897, 898, 899, 900, 901, 902, 903, 904, 905, 906, 907, 908, 909, 910, 911, 912, 913, 914, 915, 916, 917, 918, 919, 920, 921, 922, 923, 924, 925, 926, 927, 928, 929, 930, 931, 932, 933, 934, 935]","[16, 125, 156, 163, 168, 184, 205, 222, 229, 253, 258, 265, 313, 317, 336, 340, 341, 356, 363, 365, 366, 367, 370, 375, 388, 391, 394, 396, 402, 410, 411, 412, 413, 415, 416, 417, 418, 419, 425, 429, 431, 433, 435, 437, 440, 441, 442, 443, 451, 452, 456, 457, 458, 460, 461, 464, 471, 473, 474, 475, 481, 482, 501, 596, 628, 635, 655, 675, 693, 716, 720, 725, 771, 775, 793, 796, 797, 811, 817, 818, 820, 825, 838, 841, 844, 846, 851, 857, 861, 862, 863, 864, 866, 867, 868, 870, 871, 877, 881, 883, 885, 888, 891, 892, 893, 898, 899, 904, 905, 907, 908, 911, 918, 920, 921, 922, 923, 924, 926, 931, 933]",[],"[401, 402, 424, 427, 464, 469, 850, 851, 876, 879, 911, 916]","[916, 917, 919, 16, 920, 921, 922, 923, 388, 924, 925, 926, 927, 928, 929, 930, 931, 932, 596, 933, 934, 935, 391, 628, 635, 125, 655, 336, 156, 163, 675, 168, 340, 341, 693, 184, 394, 716, 205, 720, 725, 375, 222, 229, 396, 253, 356, 258, 771, 775, 265, 793, 796, 797, 363, 811, 365, 817, 366, 818, 820, 367, 313, 825, 317, 370, 838, 841, 844, 846, 848, 849, 850, 851, 852, 853, 854, 855, 856, 857, 858, 859, 860, 861, 862, 863, 864, 865, 866, 867, 868, 869, 870, 871, 872, 873, 874, 875, 876, 877, 878, 879, 880, 881, 882, 883, 884, 885, 886, 887, 888, 889, 890, 891, 892, 893, 894, 895, 896, 897, 898, 899, 900, 901, 902, 903, 904, 905, 906, 907, 908, 909, 398, 911, 399, 400, 401, 402, 403, 404, 918, 407, 408, 409, 410, 405, 406, 411, 412, 413, 414, 415, 416, 417, 418, 419, 420, 421, 422, 423, 424, 425, 426, 427, 428, 429, 430, 431, 432, 433, 434, 435, 436, 437, 438, 439, 440, 441, 442, 443, 444, 445, 446, 447, 448, 449, 450, 451, 452, 453, 454, 455, 456, 457, 458, 459, 460, 461, 464, 462, 463, 465, 466, 467, 468, 471, 469, 470, 472, 473, 474, 475, 476, 477, 478, 479, 480, 481, 482, 483, 484, 910, 912, 913, 501, 914, 915]",True,"[464, 911]","[398, 399, 400, 401, 402, 403, 404, 405, 406, 407, 408, 409, 410, 411, 412, 413, 414, 415, 416, 417, 418, 419, 420, 421, 422, 423, 424, 425, 426, 427, 428, 429, 430, 431, 432, 433, 434, 435, 436, 437, 438, 439, 440, 441, 442, 443, 444, 445, 446, 447, 448, 449, 450, 451, 452, 453, 454, 455, 456, 457, 458, 459, 460, 461, 462, 463, 464, 465, 466, 467, 468, 469, 470, 471, 472, 473, 474, 475, 476, 477, 478, 479, 480, 481, 482, 483, 484, 848, 849, 850, 851, 852, 853, 854, 855, 856, 857, 858, 859, 860, 861, 862, 863, 864, 865, 866, 867, 868, 869, 870, 871, 872, 873, 874, 875, 876, 877, 878, 879, 880, 881, 882, 883, 884, 885, 886, 887, 888, 889, 890, 891, 892, 893, 894, 895, 896, 897, 898, 899, 900, 901, 902, 903, 904, 905, 906, 907, 908, 909, 910, 911, 912, 913, 914, 915, 916, 917, 918, 919, 920, 921, 922, 923, 924, 925, 926, 927, 928, 929, 930, 931, 932, 933, 934, 935]","[464, 471, 911, 918]","[464, 911]","[16, 125, 156, 163, 168, 184, 205, 222, 229, 253, 258, 265, 313, 317, 336, 340, 341, 356, 363, 365, 366, 367, 370, 375, 388, 391, 394, 396, 402, 410, 411, 412, 413, 415, 416, 417, 418, 419, 425, 429, 431, 433, 435, 437, 440, 441, 442, 443, 451, 452, 456, 457, 458, 460, 461, 464, 471, 473, 474, 475, 481, 482, 501, 596, 628, 635, 655, 675, 693, 716, 720, 725, 771, 775, 793, 796, 797, 811, 817, 818, 820, 825, 838, 841, 844, 846, 851, 857, 861, 862, 863, 864, 866, 867, 868, 870, 871, 877, 881, 883, 885, 888, 891, 892, 893, 898, 899, 904, 905, 907, 908, 911, 918, 920, 921, 922, 923, 924, 926, 931, 933]","[401, 402, 424, 427, 464, 469, 850, 851, 876, 879, 911, 916]",[],7/6 successful match,True,[453],True,108,False,,1.0,True,RB's One Stop ( 66 ),
"ISalt Lake City ( W ) , 84104 Dunn Oil # 2 ( Chevron )",801-975-7188 I-215 Exit 21 ( California Ave E ),24 HRS MO 000,Salt Lake City,84104,Dunn Oil # 2 ( Chevron ),801-975-7188,2006,Salt Lake City,UT,Chevron,( California Ave E ),I-215 Exit 21 ,Exit,21,False,,False,I-215,,,,,[860],"[448, 449, 468, 860, 897, 915]","[43, 66, 71, 104, 411, 414, 417, 420, 430, 441, 446, 448, 449, 450, 468, 523, 541, 546, 575, 860, 862, 865, 868, 869, 872, 882, 896, 897, 915]","[446, 468, 860, 896, 915]","[398, 399, 400, 401, 402, 403, 404, 405, 406, 407, 408, 409, 410, 411, 412, 413, 414, 415, 416, 417, 418, 419, 420, 421, 422, 423, 424, 425, 426, 427, 428, 429, 430, 431, 432, 433, 434, 435, 436, 437, 438, 439, 440, 441, 442, 443, 444, 445, 446, 447, 448, 449, 450, 451, 452, 453, 454, 455, 456, 457, 458, 459, 460, 461, 462, 463, 464, 465, 466, 467, 468, 469, 470, 471, 472, 473, 474, 475, 476, 477, 478, 479, 480, 481, 482, 483, 484, 848, 849, 850, 851, 852, 853, 854, 855, 856, 857, 858, 859, 860, 861, 862, 863, 864, 865, 866, 867, 868, 869, 870, 871, 872, 873, 874, 875, 876, 877, 878, 879, 880, 881, 882, 883, 884, 885, 886, 887, 888, 889, 890, 891, 892, 893, 894, 895, 896, 897, 898, 899, 900, 901, 902, 903, 904, 905, 906, 907, 908, 909, 910, 911, 912, 913, 914, 915, 916, 917, 918, 919, 920, 921, 922, 923, 924, 925, 926, 927, 928, 929, 930, 931, 932, 933, 934, 935]","[140, 315, 318, 420, 446, 448, 450, 468, 611, 773, 776, 860, 872, 896, 915]","[12, 24, 25, 28, 88, 100, 104, 119, 123, 129, 136, 137, 139, 140, 141, 148, 155, 169, 172, 179, 183, 185, 188, 196, 198, 217, 237, 267, 270, 278, 319, 321, 324, 325, 330, 334, 335, 354, 366, 369, 380, 383, 384, 386, 395, 407, 411, 423, 428, 436, 437, 452, 453, 456, 467, 471, 477, 478, 479, 497, 508, 511, 559, 571, 575, 590, 594, 600, 607, 608, 610, 611, 612, 619, 627, 640, 643, 650, 654, 656, 659, 667, 669, 685, 701, 726, 729, 737, 777, 779, 782, 783, 787, 790, 791, 809, 817, 819, 830, 833, 834, 836, 845, 856, 857, 860, 862, 875, 880, 887, 888, 899, 900, 914, 918, 921, 928, 929, 930]","[4, 12, 24, 25, 28, 31, 59, 88, 100, 104, 119, 123, 129, 135, 136, 137, 139, 140, 141, 142, 147, 148, 155, 169, 172, 179, 180, 183, 185, 188, 196, 198, 217, 218, 229, 232, 237, 264, 267, 269, 270, 278, 299, 318, 319, 320, 321, 324, 325, 330, 331, 334, 335, 338, 352, 354, 366, 367, 369, 380, 382, 383, 384, 386, 387, 395, 403, 405, 407, 408, 410, 411, 423, 428, 436, 437, 452, 453, 455, 456, 463, 465, 466, 467, 468, 470, 471, 472, 473, 477, 478, 479, 483, 484, 490, 497, 508, 511, 514, 535, 559, 571, 575, 590, 594, 600, 606, 607, 608, 610, 611, 612, 613, 618, 619, 627, 640, 643, 650, 651, 654, 656, 659, 667, 669, 685, 686, 693, 696, 701, 724, 726, 728, 729, 737, 758, 776, 777, 778, 779, 782, 783, 787, 788, 790, 791, 794, 807, 809, 817, 819, 830, 832, 833, 834, 836, 837, 845, 852, 854, 856, 857, 858, 860, 861, 862, 875, 880, 887, 888, 899, 900, 902, 910, 912, 913, 914, 915, 917, 918, 919, 920, 921, 928, 929, 930, 931, 934, 935]","[4, 12, 24, 25, 28, 31, 43, 59, 66, 71, 88, 100, 104, 119, 123, 129, 135, 136, 137, 139, 140, 141, 142, 147, 148, 155, 169, 172, 179, 180, 183, 185, 188, 196, 198, 217, 218, 229, 232, 237, 264, 267, 269, 270, 278, 299, 315, 318, 319, 320, 321, 324, 325, 330, 331, 334, 335, 338, 352, 354, 366, 367, 369, 380, 382, 383, 384, 386, 387, 395, 398, 399, 400, 401, 402, 403, 404, 405, 406, 407, 408, 409, 410, 411, 412, 413, 414, 415, 416, 417, 418, 419, 420, 421, 422, 423, 424, 425, 426, 427, 428, 429, 430, 431, 432, 433, 434, 435, 436, 437, 438, 439, 440, 441, 442, 443, 444, 445, 446, 447, 448, 449, 450, 451, 452, 453, 454, 455, 456, 457, 458, 459, 460, 461, 462, 463, 464, 465, 466, 467, 468, 469, 470, 471, 472, 473, 474, 475, 476, 477, 478, 479, 480, 481, 482, 483, 484, 490, 497, 508, 511, 514, 523, 535, 541, 546, 559, 571, 575, 590, 594, 600, 606, 607, 608, 610, 611, 612, 613, 618, 619, 627, 640, 643, 650, 651, 654, 656, 659, 667, 669, 685, 686, 693, 696, 701, 724, 726, 728, 729, 737, 758, 773, 776, 777, 778, 779, 782, 783, 787, 788, 790, 791, 794, 807, 809, 817, 819, 830, 832, 833, 834, 836, 837, 845, 848, 849, 850, 851, 852, 853, 854, 855, 856, 857, 858, 859, 860, 861, 862, 863, 864, 865, 866, 867, 868, 869, 870, 871, 872, 873, 874, 875, 876, 877, 878, 879, 880, 881, 882, 883, 884, 885, 886, 887, 888, 889, 890, 891, 892, 893, 894, 895, 896, 897, 898, 899, 900, 901, 902, 903, 904, 905, 906, 907, 908, 909, 910, 911, 912, 913, 914, 915, 916, 917, 918, 919, 920, 921, 922, 923, 924, 925, 926, 927, 928, 929, 930, 931, 932, 933, 934, 935]",True,"[448, 449, 468, 860, 897, 915]","[398, 399, 400, 401, 402, 403, 404, 405, 406, 407, 408, 409, 410, 411, 412, 413, 414, 415, 416, 417, 418, 419, 420, 421, 422, 423, 424, 425, 426, 427, 428, 429, 430, 431, 432, 433, 434, 435, 436, 437, 438, 439, 440, 441, 442, 443, 444, 445, 446, 447, 448, 449, 450, 451, 452, 453, 454, 455, 456, 457, 458, 459, 460, 461, 462, 463, 464, 465, 466, 467, 468, 469, 470, 471, 472, 473, 474, 475, 476, 477, 478, 479, 480, 481, 482, 483, 484, 848, 849, 850, 851, 852, 853, 854, 855, 856, 857, 858, 859, 860, 861, 862, 863, 864, 865, 866, 867, 868, 869, 870, 871, 872, 873, 874, 875, 876, 877, 878, 879, 880, 881, 882, 883, 884, 885, 886, 887, 888, 889, 890, 891, 892, 893, 894, 895, 896, 897, 898, 899, 900, 901, 902, 903, 904, 905, 906, 907, 908, 909, 910, 911, 912, 913, 914, 915, 916, 917, 918, 919, 920, 921, 922, 923, 924, 925, 926, 927, 928, 929, 930, 931, 932, 933, 934, 935]","[43, 66, 71, 104, 411, 414, 417, 420, 430, 441, 446, 448, 449, 450, 468, 523, 541, 546, 575, 860, 862, 865, 868, 869, 872, 882, 896, 897, 915]","[446, 468, 860, 896, 915]","[140, 315, 318, 420, 446, 448, 450, 468, 611, 773, 776, 860, 872, 896, 915]","[4, 12, 24, 25, 28, 31, 59, 88, 100, 104, 119, 123, 129, 135, 136, 137, 139, 140, 141, 142, 147, 148, 155, 169, 172, 179, 180, 183, 185, 188, 196, 198, 217, 218, 229, 232, 237, 264, 267, 269, 270, 278, 299, 318, 319, 320, 321, 324, 325, 330, 331, 334, 335, 338, 352, 354, 366, 367, 369, 380, 382, 383, 384, 386, 387, 395, 403, 405, 407, 408, 410, 411, 423, 428, 436, 437, 452, 453, 455, 456, 463, 465, 466, 467, 468, 470, 471, 472, 473, 477, 478, 479, 483, 484, 490, 497, 508, 511, 514, 535, 559, 571, 575, 590, 594, 600, 606, 607, 608, 610, 611, 612, 613, 618, 619, 627, 640, 643, 650, 651, 654, 656, 659, 667, 669, 685, 686, 693, 696, 701, 724, 726, 728, 729, 737, 758, 776, 777, 778, 779, 782, 783, 787, 788, 790, 791, 794, 807, 809, 817, 819, 830, 832, 833, 834, 836, 837, 845, 852, 854, 856, 857, 858, 860, 861, 862, 875, 880, 887, 888, 899, 900, 902, 910, 912, 913, 914, 915, 917, 918, 919, 920, 921, 928, 929, 930, 931, 934, 935]","[12, 24, 25, 28, 88, 100, 104, 119, 123, 129, 136, 137, 139, 140, 141, 148, 155, 169, 172, 179, 183, 185, 188, 196, 198, 217, 237, 267, 270, 278, 319, 321, 324, 325, 330, 334, 335, 354, 366, 369, 380, 383, 384, 386, 395, 407, 411, 423, 428, 436, 437, 452, 453, 456, 467, 471, 477, 478, 479, 497, 508, 511, 559, 571, 575, 590, 594, 600, 607, 608, 610, 611, 612, 619, 627, 640, 643, 650, 654, 656, 659, 667, 669, 685, 701, 726, 729, 737, 777, 779, 782, 783, 787, 790, 791, 809, 817, 819, 830, 833, 834, 836, 845, 856, 857, 860, 862, 875, 880, 887, 888, 899, 900, 914, 918, 921, 928, 929, 930]",7/6 successful match,True,,False,109,False,,,,,
Salt Lake City ( W ) Dunn Oil # 2 ( Chevron ),801-975-7188 I-215 Exit 21 ( California Ave E ),24 MO,,84104,,801-975-7188,2007,Salt Lake City,UT,,( California Ave E ),I-215 Exit 21 ,Exit,21,False,,False,I-215,,,,,[860],"[448, 449, 468, 860, 897, 915]","[43, 66, 71, 104, 411, 414, 417, 420, 430, 441, 446, 448, 449, 450, 468, 523, 541, 546, 575, 860, 862, 865, 868, 869, 872, 882, 896, 897, 915]","[446, 468, 860, 896, 915]","[398, 399, 400, 401, 402, 403, 404, 405, 406, 407, 408, 409, 410, 411, 412, 413, 414, 415, 416, 417, 418, 419, 420, 421, 422, 423, 424, 425, 426, 427, 428, 429, 430, 431, 432, 433, 434, 435, 436, 437, 438, 439, 440, 441, 442, 443, 444, 445, 446, 447, 448, 449, 450, 451, 452, 453, 454, 455, 456, 457, 458, 459, 460, 461, 462, 463, 464, 465, 466, 467, 468, 469, 470, 471, 472, 473, 474, 475, 476, 477, 478, 479, 480, 481, 482, 483, 484, 848, 849, 850, 851, 852, 853, 854, 855, 856, 857, 858, 859, 860, 861, 862, 863, 864, 865, 866, 867, 868, 869, 870, 871, 872, 873, 874, 875, 876, 877, 878, 879, 880, 881, 882, 883, 884, 885, 886, 887, 888, 889, 890, 891, 892, 893, 894, 895, 896, 897, 898, 899, 900, 901, 902, 903, 904, 905, 906, 907, 908, 909, 910, 911, 912, 913, 914, 915, 916, 917, 918, 919, 920, 921, 922, 923, 924, 925, 926, 927, 928, 929, 930, 931, 932, 933, 934, 935]","[140, 315, 318, 420, 446, 448, 450, 468, 611, 773, 776, 860, 872, 896, 915]",[],[],"[916, 917, 523, 918, 919, 920, 921, 541, 922, 546, 923, 924, 43, 925, 926, 927, 928, 575, 66, 929, 71, 930, 931, 932, 933, 934, 935, 611, 104, 140, 442, 773, 776, 315, 318, 848, 849, 850, 851, 852, 853, 854, 855, 856, 857, 858, 859, 860, 861, 862, 863, 864, 865, 866, 867, 868, 869, 870, 871, 872, 873, 874, 875, 876, 877, 878, 879, 880, 881, 882, 883, 884, 885, 886, 887, 888, 889, 890, 891, 892, 893, 894, 895, 896, 897, 898, 899, 900, 901, 902, 903, 904, 905, 906, 907, 908, 909, 398, 399, 400, 401, 402, 915, 403, 404, 405, 406, 407, 408, 409, 411, 410, 412, 414, 413, 415, 417, 416, 418, 420, 419, 421, 422, 423, 424, 425, 426, 427, 428, 430, 429, 431, 432, 433, 434, 435, 436, 437, 438, 439, 441, 440, 443, 444, 445, 446, 447, 448, 449, 450, 451, 452, 453, 454, 455, 456, 457, 458, 459, 460, 461, 462, 463, 464, 465, 466, 467, 468, 469, 470, 471, 472, 473, 474, 475, 476, 477, 478, 479, 480, 481, 482, 483, 484, 910, 911, 912, 913, 914]",True,"[448, 449, 468, 860, 897, 915]","[398, 399, 400, 401, 402, 403, 404, 405, 406, 407, 408, 409, 410, 411, 412, 413, 414, 415, 416, 417, 418, 419, 420, 421, 422, 423, 424, 425, 426, 427, 428, 429, 430, 431, 432, 433, 434, 435, 436, 437, 438, 439, 440, 441, 442, 443, 444, 445, 446, 447, 448, 449, 450, 451, 452, 453, 454, 455, 456, 457, 458, 459, 460, 461, 462, 463, 464, 465, 466, 467, 468, 469, 470, 471, 472, 473, 474, 475, 476, 477, 478, 479, 480, 481, 482, 483, 484, 848, 849, 850, 851, 852, 853, 854, 855, 856, 857, 858, 859, 860, 861, 862, 863, 864, 865, 866, 867, 868, 869, 870, 871, 872, 873, 874, 875, 876, 877, 878, 879, 880, 881, 882, 883, 884, 885, 886, 887, 888, 889, 890, 891, 892, 893, 894, 895, 896, 897, 898, 899, 900, 901, 902, 903, 904, 905, 906, 907, 908, 909, 910, 911, 912, 913, 914, 915, 916, 917, 918, 919, 920, 921, 922, 923, 924, 925, 926, 927, 928, 929, 930, 931, 932, 933, 934, 935]","[43, 66, 71, 104, 411, 414, 417, 420, 430, 441, 446, 448, 449, 450, 468, 523, 541, 546, 575, 860, 862, 865, 868, 869, 872, 882, 896, 897, 915]","[446, 468, 860, 896, 915]","[140, 315, 318, 420, 446, 448, 450, 468, 611, 773, 776, 860, 872, 896, 915]",[],[],7/6 successful match,True,,False,109,True,2007,0.0,True,Dunn Oil # 2 ( Chevron ),Chevron
),"31801-975-7188 Salt Lake City ( W ) , 84104 I-215 Dunn Exit Oil # 21 2 ( Chevron ( California Ave E )",24 Sm,,84104,,801-975-7188,2008,Salt Lake City,UT,,"( W ) , 84104 I-215 Dunn Exit Oil # 21 2 ( Chevron ( California Ave E )",Salt Lake City,empty,,False,,False,Salt Lake,,,,,[860],"[448, 449, 468, 860, 897, 915]","[43, 66, 71, 104, 411, 414, 417, 420, 430, 441, 446, 448, 449, 450, 468, 523, 541, 546, 575, 860, 862, 865, 868, 869, 872, 882, 896, 897, 915]",[],"[398, 399, 400, 401, 402, 403, 404, 405, 406, 407, 408, 409, 410, 411, 412, 413, 414, 415, 416, 417, 418, 419, 420, 421, 422, 423, 424, 425, 426, 427, 428, 429, 430, 431, 432, 433, 434, 435, 436, 437, 438, 439, 440, 441, 442, 443, 444, 445, 446, 447, 448, 449, 450, 451, 452, 453, 454, 455, 456, 457, 458, 459, 460, 461, 462, 463, 464, 465, 466, 467, 468, 469, 470, 471, 472, 473, 474, 475, 476, 477, 478, 479, 480, 481, 482, 483, 484, 848, 849, 850, 851, 852, 853, 854, 855, 856, 857, 858, 859, 860, 861, 862, 863, 864, 865, 866, 867, 868, 869, 870, 871, 872, 873, 874, 875, 876, 877, 878, 879, 880, 881, 882, 883, 884, 885, 886, 887, 888, 889, 890, 891, 892, 893, 894, 895, 896, 897, 898, 899, 900, 901, 902, 903, 904, 905, 906, 907, 908, 909, 910, 911, 912, 913, 914, 915, 916, 917, 918, 919, 920, 921, 922, 923, 924, 925, 926, 927, 928, 929, 930, 931, 932, 933, 934, 935]","[66, 541]",[],[],"[916, 917, 523, 918, 919, 920, 921, 541, 922, 546, 923, 924, 43, 925, 926, 927, 928, 575, 66, 929, 71, 930, 931, 932, 933, 934, 935, 104, 442, 848, 849, 850, 851, 852, 853, 854, 855, 856, 857, 858, 859, 860, 861, 862, 863, 864, 865, 866, 867, 868, 869, 870, 871, 872, 873, 874, 875, 876, 877, 878, 879, 880, 881, 882, 883, 884, 885, 886, 887, 888, 889, 890, 891, 892, 893, 894, 895, 896, 897, 898, 899, 900, 901, 902, 903, 904, 905, 906, 907, 908, 909, 398, 399, 400, 401, 402, 915, 403, 404, 405, 406, 407, 408, 409, 411, 410, 412, 414, 413, 415, 417, 416, 418, 420, 419, 421, 422, 423, 424, 425, 426, 427, 428, 430, 429, 431, 432, 433, 434, 435, 436, 437, 438, 439, 441, 440, 443, 444, 445, 446, 447, 448, 449, 450, 451, 452, 453, 454, 455, 456, 457, 458, 459, 460, 461, 462, 463, 464, 465, 466, 467, 468, 469, 470, 471, 472, 473, 474, 475, 476, 477, 478, 479, 480, 481, 482, 483, 484, 910, 911, 912, 913, 914]",True,"[448, 449, 468, 860, 897, 915]","[398, 399, 400, 401, 402, 403, 404, 405, 406, 407, 408, 409, 410, 411, 412, 413, 414, 415, 416, 417, 418, 419, 420, 421, 422, 423, 424, 425, 426, 427, 428, 429, 430, 431, 432, 433, 434, 435, 436, 437, 438, 439, 440, 441, 442, 443, 444, 445, 446, 447, 448, 449, 450, 451, 452, 453, 454, 455, 456, 457, 458, 459, 460, 461, 462, 463, 464, 465, 466, 467, 468, 469, 470, 471, 472, 473, 474, 475, 476, 477, 478, 479, 480, 481, 482, 483, 484, 848, 849, 850, 851, 852, 853, 854, 855, 856, 857, 858, 859, 860, 861, 862, 863, 864, 865, 866, 867, 868, 869, 870, 871, 872, 873, 874, 875, 876, 877, 878, 879, 880, 881, 882, 883, 884, 885, 886, 887, 888, 889, 890, 891, 892, 893, 894, 895, 896, 897, 898, 899, 900, 901, 902, 903, 904, 905, 906, 907, 908, 909, 910, 911, 912, 913, 914, 915, 916, 917, 918, 919, 920, 921, 922, 923, 924, 925, 926, 927, 928, 929, 930, 931, 932, 933, 934, 935]","[43, 66, 71, 104, 411, 414, 417, 420, 430, 441, 446, 448, 449, 450, 468, 523, 541, 546, 575, 860, 862, 865, 868, 869, 872, 882, 896, 897, 915]",[],"[66, 541]",[],[],4/6 successful match,True,,False,109,True,2008,0.0,True,,
D Salt Lake City ( West ) ( 84104 ) Dunn Oil # 2 7-11 ( Tesoro ),3 801-975-7188 I-215 Exit 21 ( California Ave E ),24 D,Salt Lake City,84104,Dunn Oil # 2 7-11 ( Tesoro ),801-975-7188,2014,Salt Lake City,UT,Tesoro,( California Ave E ),I-215 Exit 21 ,Exit,21,False,,False,I-215,,,,,[860],"[448, 449, 468, 860, 897, 915]","[43, 66, 71, 104, 411, 414, 417, 420, 430, 441, 446, 448, 449, 450, 468, 523, 541, 546, 575, 860, 862, 865, 868, 869, 872, 882, 896, 897, 915]","[446, 468, 860, 896, 915]","[398, 399, 400, 401, 402, 403, 404, 405, 406, 407, 408, 409, 410, 411, 412, 413, 414, 415, 416, 417, 418, 419, 420, 421, 422, 423, 424, 425, 426, 427, 428, 429, 430, 431, 432, 433, 434, 435, 436, 437, 438, 439, 440, 441, 442, 443, 444, 445, 446, 447, 448, 449, 450, 451, 452, 453, 454, 455, 456, 457, 458, 459, 460, 461, 462, 463, 464, 465, 466, 467, 468, 469, 470, 471, 472, 473, 474, 475, 476, 477, 478, 479, 480, 481, 482, 483, 484, 848, 849, 850, 851, 852, 853, 854, 855, 856, 857, 858, 859, 860, 861, 862, 863, 864, 865, 866, 867, 868, 869, 870, 871, 872, 873, 874, 875, 876, 877, 878, 879, 880, 881, 882, 883, 884, 885, 886, 887, 888, 889, 890, 891, 892, 893, 894, 895, 896, 897, 898, 899, 900, 901, 902, 903, 904, 905, 906, 907, 908, 909, 910, 911, 912, 913, 914, 915, 916, 917, 918, 919, 920, 921, 922, 923, 924, 925, 926, 927, 928, 929, 930, 931, 932, 933, 934, 935]","[140, 315, 318, 420, 446, 448, 450, 468, 611, 773, 776, 860, 872, 896, 915]","[296, 409, 755, 859]","[2, 4, 31, 59, 135, 142, 147, 180, 195, 218, 229, 232, 264, 269, 296, 299, 318, 320, 331, 338, 352, 367, 382, 387, 403, 405, 408, 409, 410, 455, 463, 465, 466, 468, 470, 472, 473, 483, 484, 488, 490, 514, 535, 606, 613, 618, 651, 666, 686, 693, 696, 724, 728, 755, 758, 776, 778, 788, 794, 807, 832, 837, 852, 854, 858, 859, 860, 861, 902, 910, 912, 913, 915, 917, 919, 920, 931, 934, 935]","[916, 2, 514, 4, 917, 523, 918, 387, 919, 920, 535, 921, 541, 922, 31, 546, 923, 924, 43, 925, 926, 927, 59, 928, 575, 66, 929, 71, 930, 931, 932, 933, 934, 606, 935, 611, 613, 104, 618, 135, 651, 140, 142, 147, 382, 666, 338, 686, 442, 180, 693, 696, 195, 724, 728, 218, 229, 232, 352, 755, 758, 773, 776, 264, 778, 269, 788, 794, 807, 296, 299, 367, 315, 318, 320, 832, 837, 331, 848, 849, 850, 851, 852, 853, 854, 855, 856, 857, 858, 859, 860, 861, 862, 863, 864, 865, 866, 867, 868, 869, 870, 871, 872, 873, 874, 875, 876, 877, 878, 879, 880, 881, 882, 883, 884, 885, 886, 887, 888, 889, 890, 891, 892, 893, 894, 895, 896, 897, 898, 899, 900, 901, 902, 903, 904, 905, 906, 907, 908, 909, 398, 399, 400, 401, 402, 915, 403, 404, 405, 406, 407, 408, 409, 411, 410, 412, 414, 413, 415, 417, 416, 418, 420, 419, 421, 422, 423, 424, 425, 426, 427, 428, 430, 429, 431, 432, 433, 434, 435, 436, 437, 438, 439, 441, 440, 443, 444, 445, 446, 447, 448, 449, 450, 451, 452, 453, 454, 455, 456, 457, 458, 459, 460, 461, 462, 463, 464, 465, 466, 467, 468, 469, 470, 471, 472, 473, 474, 475, 476, 477, 478, 479, 480, 481, 482, 483, 484, 910, 911, 488, 490, 912, 913, 914]",True,"[448, 449, 468, 860, 897, 915]","[398, 399, 400, 401, 402, 403, 404, 405, 406, 407, 408, 409, 410, 411, 412, 413, 414, 415, 416, 417, 418, 419, 420, 421, 422, 423, 424, 425, 426, 427, 428, 429, 430, 431, 432, 433, 434, 435, 436, 437, 438, 439, 440, 441, 442, 443, 444, 445, 446, 447, 448, 449, 450, 451, 452, 453, 454, 455, 456, 457, 458, 459, 460, 461, 462, 463, 464, 465, 466, 467, 468, 469, 470, 471, 472, 473, 474, 475, 476, 477, 478, 479, 480, 481, 482, 483, 484, 848, 849, 850, 851, 852, 853, 854, 855, 856, 857, 858, 859, 860, 861, 862, 863, 864, 865, 866, 867, 868, 869, 870, 871, 872, 873, 874, 875, 876, 877, 878, 879, 880, 881, 882, 883, 884, 885, 886, 887, 888, 889, 890, 891, 892, 893, 894, 895, 896, 897, 898, 899, 900, 901, 902, 903, 904, 905, 906, 907, 908, 909, 910, 911, 912, 913, 914, 915, 916, 917, 918, 919, 920, 921, 922, 923, 924, 925, 926, 927, 928, 929, 930, 931, 932, 933, 934, 935]","[43, 66, 71, 104, 411, 414, 417, 420, 430, 441, 446, 448, 449, 450, 468, 523, 541, 546, 575, 860, 862, 865, 868, 869, 872, 882, 896, 897, 915]","[446, 468, 860, 896, 915]","[140, 315, 318, 420, 446, 448, 450, 468, 611, 773, 776, 860, 872, 896, 915]","[2, 4, 31, 59, 135, 142, 147, 180, 195, 218, 229, 232, 264, 269, 296, 299, 318, 320, 331, 338, 352, 367, 382, 387, 403, 405, 408, 409, 410, 455, 463, 465, 466, 468, 470, 472, 473, 483, 484, 488, 490, 514, 535, 606, 613, 618, 651, 666, 686, 693, 696, 724, 728, 755, 758, 776, 778, 788, 794, 807, 832, 837, 852, 854, 858, 859, 860, 861, 902, 910, 912, 913, 915, 917, 919, 920, 931, 934, 935]","[296, 409, 755, 859]",6/6 successful match,True,,False,109,True,2014,0.0,True,,
Salt Lake City ( W ) ( 84104 ) Dunn Oil # 2 7-11 ( Tesoro ),801-975-7188 I-215 Exit 21 ( California Ave E ),24 <U+2610>,Salt Lake City,84104,Dunn Oil # 2 7-11 ( Tesoro ),801-975-7188,2015,Salt Lake City,UT,Tesoro,( California Ave E ),I-215 Exit 21 ,Exit,21,False,,False,I-215,,,,,[860],"[448, 449, 468, 860, 897, 915]","[43, 66, 71, 104, 411, 414, 417, 420, 430, 441, 446, 448, 449, 450, 468, 523, 541, 546, 575, 860, 862, 865, 868, 869, 872, 882, 896, 897, 915]","[446, 468, 860, 896, 915]","[398, 399, 400, 401, 402, 403, 404, 405, 406, 407, 408, 409, 410, 411, 412, 413, 414, 415, 416, 417, 418, 419, 420, 421, 422, 423, 424, 425, 426, 427, 428, 429, 430, 431, 432, 433, 434, 435, 436, 437, 438, 439, 440, 441, 442, 443, 444, 445, 446, 447, 448, 449, 450, 451, 452, 453, 454, 455, 456, 457, 458, 459, 460, 461, 462, 463, 464, 465, 466, 467, 468, 469, 470, 471, 472, 473, 474, 475, 476, 477, 478, 479, 480, 481, 482, 483, 484, 848, 849, 850, 851, 852, 853, 854, 855, 856, 857, 858, 859, 860, 861, 862, 863, 864, 865, 866, 867, 868, 869, 870, 871, 872, 873, 874, 875, 876, 877, 878, 879, 880, 881, 882, 883, 884, 885, 886, 887, 888, 889, 890, 891, 892, 893, 894, 895, 896, 897, 898, 899, 900, 901, 902, 903, 904, 905, 906, 907, 908, 909, 910, 911, 912, 913, 914, 915, 916, 917, 918, 919, 920, 921, 922, 923, 924, 925, 926, 927, 928, 929, 930, 931, 932, 933, 934, 935]","[140, 315, 318, 420, 446, 448, 450, 468, 611, 773, 776, 860, 872, 896, 915]","[296, 409, 755, 859]","[2, 4, 31, 59, 135, 142, 147, 180, 195, 218, 229, 232, 264, 269, 296, 299, 318, 320, 331, 338, 352, 367, 382, 387, 403, 405, 408, 409, 410, 455, 463, 465, 466, 468, 470, 472, 473, 483, 484, 488, 490, 514, 535, 606, 613, 618, 651, 666, 686, 693, 696, 724, 728, 755, 758, 776, 778, 788, 794, 807, 832, 837, 852, 854, 858, 859, 860, 861, 902, 910, 912, 913, 915, 917, 919, 920, 931, 934, 935]","[916, 2, 514, 4, 917, 523, 918, 387, 919, 920, 535, 921, 541, 922, 31, 546, 923, 924, 43, 925, 926, 927, 59, 928, 575, 66, 929, 71, 930, 931, 932, 933, 934, 606, 935, 611, 613, 104, 618, 135, 651, 140, 142, 147, 382, 666, 338, 686, 442, 180, 693, 696, 195, 724, 728, 218, 229, 232, 352, 755, 758, 773, 776, 264, 778, 269, 788, 794, 807, 296, 299, 367, 315, 318, 320, 832, 837, 331, 848, 849, 850, 851, 852, 853, 854, 855, 856, 857, 858, 859, 860, 861, 862, 863, 864, 865, 866, 867, 868, 869, 870, 871, 872, 873, 874, 875, 876, 877, 878, 879, 880, 881, 882, 883, 884, 885, 886, 887, 888, 889, 890, 891, 892, 893, 894, 895, 896, 897, 898, 899, 900, 901, 902, 903, 904, 905, 906, 907, 908, 909, 398, 399, 400, 401, 402, 915, 403, 404, 405, 406, 407, 408, 409, 411, 410, 412, 414, 413, 415, 417, 416, 418, 420, 419, 421, 422, 423, 424, 425, 426, 427, 428, 430, 429, 431, 432, 433, 434, 435, 436, 437, 438, 439, 441, 440, 443, 444, 445, 446, 447, 448, 449, 450, 451, 452, 453, 454, 455, 456, 457, 458, 459, 460, 461, 462, 463, 464, 465, 466, 467, 468, 469, 470, 471, 472, 473, 474, 475, 476, 477, 478, 479, 480, 481, 482, 483, 484, 910, 911, 488, 490, 912, 913, 914]",True,"[448, 449, 468, 860, 897, 915]","[398, 399, 400, 401, 402, 403, 404, 405, 406, 407, 408, 409, 410, 411, 412, 413, 414, 415, 416, 417, 418, 419, 420, 421, 422, 423, 424, 425, 426, 427, 428, 429, 430, 431, 432, 433, 434, 435, 436, 437, 438, 439, 440, 441, 442, 443, 444, 445, 446, 447, 448, 449, 450, 451, 452, 453, 454, 455, 456, 457, 458, 459, 460, 461, 462, 463, 464, 465, 466, 467, 468, 469, 470, 471, 472, 473, 474, 475, 476, 477, 478, 479, 480, 481, 482, 483, 484, 848, 849, 850, 851, 852, 853, 854, 855, 856, 857, 858, 859, 860, 861, 862, 863, 864, 865, 866, 867, 868, 869, 870, 871, 872, 873, 874, 875, 876, 877, 878, 879, 880, 881, 882, 883, 884, 885, 886, 887, 888, 889, 890, 891, 892, 893, 894, 895, 896, 897, 898, 899, 900, 901, 902, 903, 904, 905, 906, 907, 908, 909, 910, 911, 912, 913, 914, 915, 916, 917, 918, 919, 920, 921, 922, 923, 924, 925, 926, 927, 928, 929, 930, 931, 932, 933, 934, 935]","[43, 66, 71, 104, 411, 414, 417, 420, 430, 441, 446, 448, 449, 450, 468, 523, 541, 546, 575, 860, 862, 865, 868, 869, 872, 882, 896, 897, 915]","[446, 468, 860, 896, 915]","[140, 315, 318, 420, 446, 448, 450, 468, 611, 773, 776, 860, 872, 896, 915]","[2, 4, 31, 59, 135, 142, 147, 180, 195, 218, 229, 232, 264, 269, 296, 299, 318, 320, 331, 338, 352, 367, 382, 387, 403, 405, 408, 409, 410, 455, 463, 465, 466, 468, 470, 472, 473, 483, 484, 488, 490, 514, 535, 606, 613, 618, 651, 666, 686, 693, 696, 724, 728, 755, 758, 776, 778, 788, 794, 807, 832, 837, 852, 854, 858, 859, 860, 861, 902, 910, 912, 913, 915, 917, 919, 920, 931, 934, 935]","[296, 409, 755, 859]",6/6 successful match,True,,False,109,False,,1.0,True,Dunn Oil # 2 7-11 ( Tesoro ),Tesoro
Salt Lake City ( W ) ( 84104 ) Dunn Oil # 2 7-11 ( Chevron ),801-975-7188 I-215 Exit 21 ( California Ave E ),24 <U+25A1>,Salt Lake City,84104,Dunn Oil # 2 7-11 ( Chevron ),801-975-7188,2016,Salt Lake City,UT,Chevron,( California Ave E ),I-215 Exit 21 ,Exit,21,False,,False,I-215,,,,,[860],"[448, 449, 468, 860, 897, 915]","[43, 66, 71, 104, 411, 414, 417, 420, 430, 441, 446, 448, 449, 450, 468, 523, 541, 546, 575, 860, 862, 865, 868, 869, 872, 882, 896, 897, 915]","[446, 468, 860, 896, 915]","[398, 399, 400, 401, 402, 403, 404, 405, 406, 407, 408, 409, 410, 411, 412, 413, 414, 415, 416, 417, 418, 419, 420, 421, 422, 423, 424, 425, 426, 427, 428, 429, 430, 431, 432, 433, 434, 435, 436, 437, 438, 439, 440, 441, 442, 443, 444, 445, 446, 447, 448, 449, 450, 451, 452, 453, 454, 455, 456, 457, 458, 459, 460, 461, 462, 463, 464, 465, 466, 467, 468, 469, 470, 471, 472, 473, 474, 475, 476, 477, 478, 479, 480, 481, 482, 483, 484, 848, 849, 850, 851, 852, 853, 854, 855, 856, 857, 858, 859, 860, 861, 862, 863, 864, 865, 866, 867, 868, 869, 870, 871, 872, 873, 874, 875, 876, 877, 878, 879, 880, 881, 882, 883, 884, 885, 886, 887, 888, 889, 890, 891, 892, 893, 894, 895, 896, 897, 898, 899, 900, 901, 902, 903, 904, 905, 906, 907, 908, 909, 910, 911, 912, 913, 914, 915, 916, 917, 918, 919, 920, 921, 922, 923, 924, 925, 926, 927, 928, 929, 930, 931, 932, 933, 934, 935]","[140, 315, 318, 420, 446, 448, 450, 468, 611, 773, 776, 860, 872, 896, 915]","[12, 24, 25, 28, 88, 100, 104, 119, 123, 129, 136, 137, 139, 140, 141, 148, 155, 169, 172, 179, 183, 185, 188, 196, 198, 217, 237, 267, 270, 278, 319, 321, 324, 325, 330, 334, 335, 354, 366, 369, 380, 383, 384, 386, 395, 407, 411, 423, 428, 436, 437, 452, 453, 456, 467, 471, 477, 478, 479, 497, 508, 511, 559, 571, 575, 590, 594, 600, 607, 608, 610, 611, 612, 619, 627, 640, 643, 650, 654, 656, 659, 667, 669, 685, 701, 726, 729, 737, 777, 779, 782, 783, 787, 790, 791, 809, 817, 819, 830, 833, 834, 836, 845, 856, 857, 860, 862, 875, 880, 887, 888, 899, 900, 914, 918, 921, 928, 929, 930]","[2, 4, 12, 24, 25, 28, 31, 59, 88, 100, 104, 119, 123, 129, 135, 136, 137, 139, 140, 141, 142, 147, 148, 155, 169, 172, 179, 180, 183, 185, 188, 195, 196, 198, 217, 218, 229, 232, 237, 264, 267, 269, 270, 278, 299, 318, 319, 320, 321, 324, 325, 330, 331, 334, 335, 338, 352, 354, 366, 367, 369, 380, 382, 383, 384, 386, 387, 395, 403, 405, 407, 408, 410, 411, 423, 428, 436, 437, 452, 453, 455, 456, 463, 465, 466, 467, 468, 470, 471, 472, 473, 477, 478, 479, 483, 484, 488, 490, 497, 508, 511, 514, 535, 559, 571, 575, 590, 594, 600, 606, 607, 608, 610, 611, 612, 613, 618, 619, 627, 640, 643, 650, 651, 654, 656, 659, 666, 667, 669, 685, 686, 693, 696, 701, 724, 726, 728, 729, 737, 758, 776, 777, 778, 779, 782, 783, 787, 788, 790, 791, 794, 807, 809, 817, 819, 830, 832, 833, 834, 836, 837, 845, 852, 854, 856, 857, 858, 860, 861, 862, 875, 880, 887, 888, 899, 900, 902, 910, 912, 913, 914, 915, 917, 918, 919, 920, 921, 928, 929, 930, 931, 934, 935]","[2, 4, 12, 24, 25, 28, 31, 43, 59, 66, 71, 88, 100, 104, 119, 123, 129, 135, 136, 137, 139, 140, 141, 142, 147, 148, 155, 169, 172, 179, 180, 183, 185, 188, 195, 196, 198, 217, 218, 229, 232, 237, 264, 267, 269, 270, 278, 299, 315, 318, 319, 320, 321, 324, 325, 330, 331, 334, 335, 338, 352, 354, 366, 367, 369, 380, 382, 383, 384, 386, 387, 395, 398, 399, 400, 401, 402, 403, 404, 405, 406, 407, 408, 409, 410, 411, 412, 413, 414, 415, 416, 417, 418, 419, 420, 421, 422, 423, 424, 425, 426, 427, 428, 429, 430, 431, 432, 433, 434, 435, 436, 437, 438, 439, 440, 441, 442, 443, 444, 445, 446, 447, 448, 449, 450, 451, 452, 453, 454, 455, 456, 457, 458, 459, 460, 461, 462, 463, 464, 465, 466, 467, 468, 469, 470, 471, 472, 473, 474, 475, 476, 477, 478, 479, 480, 481, 482, 483, 484, 488, 490, 497, 508, 511, 514, 523, 535, 541, 546, 559, 571, 575, 590, 594, 600, 606, 607, 608, 610, 611, 612, 613, 618, 619, 627, 640, 643, 650, 651, 654, 656, 659, 666, 667, 669, 685, 686, 693, 696, 701, 724, 726, 728, 729, 737, 758, 773, 776, 777, 778, 779, 782, 783, 787, 788, 790, 791, 794, 807, 809, 817, 819, 830, 832, 833, 834, 836, 837, 845, 848, 849, 850, 851, 852, 853, 854, 855, 856, 857, 858, 859, 860, 861, 862, 863, 864, 865, 866, 867, 868, 869, 870, 871, 872, 873, 874, 875, 876, 877, 878, 879, 880, 881, 882, 883, 884, 885, 886, 887, 888, 889, 890, 891, 892, 893, 894, 895, 896, 897, 898, 899, 900, 901, 902, 903, 904, 905, 906, 907, 908, 909, 910, 911, 912, 913, 914, 915, 916, 917, 918, 919, 920, 921, 922, 923, 924, 925, 926, 927, 928, 929, 930, 931, 932, 933, 934, 935]",True,"[448, 449, 468, 860, 897, 915]","[398, 399, 400, 401, 402, 403, 404, 405, 406, 407, 408, 409, 410, 411, 412, 413, 414, 415, 416, 417, 418, 419, 420, 421, 422, 423, 424, 425, 426, 427, 428, 429, 430, 431, 432, 433, 434, 435, 436, 437, 438, 439, 440, 441, 442, 443, 444, 445, 446, 447, 448, 449, 450, 451, 452, 453, 454, 455, 456, 457, 458, 459, 460, 461, 462, 463, 464, 465, 466, 467, 468, 469, 470, 471, 472, 473, 474, 475, 476, 477, 478, 479, 480, 481, 482, 483, 484, 848, 849, 850, 851, 852, 853, 854, 855, 856, 857, 858, 859, 860, 861, 862, 863, 864, 865, 866, 867, 868, 869, 870, 871, 872, 873, 874, 875, 876, 877, 878, 879, 880, 881, 882, 883, 884, 885, 886, 887, 888, 889, 890, 891, 892, 893, 894, 895, 896, 897, 898, 899, 900, 901, 902, 903, 904, 905, 906, 907, 908, 909, 910, 911, 912, 913, 914, 915, 916, 917, 918, 919, 920, 921, 922, 923, 924, 925, 926, 927, 928, 929, 930, 931, 932, 933, 934, 935]","[43, 66, 71, 104, 411, 414, 417, 420, 430, 441, 446, 448, 449, 450, 468, 523, 541, 546, 575, 860, 862, 865, 868, 869, 872, 882, 896, 897, 915]","[446, 468, 860, 896, 915]","[140, 315, 318, 420, 446, 448, 450, 468, 611, 773, 776, 860, 872, 896, 915]","[2, 4, 12, 24, 25, 28, 31, 59, 88, 100, 104, 119, 123, 129, 135, 136, 137, 139, 140, 141, 142, 147, 148, 155, 169, 172, 179, 180, 183, 185, 188, 195, 196, 198, 217, 218, 229, 232, 237, 264, 267, 269, 270, 278, 299, 318, 319, 320, 321, 324, 325, 330, 331, 334, 335, 338, 352, 354, 366, 367, 369, 380, 382, 383, 384, 386, 387, 395, 403, 405, 407, 408, 410, 411, 423, 428, 436, 437, 452, 453, 455, 456, 463, 465, 466, 467, 468, 470, 471, 472, 473, 477, 478, 479, 483, 484, 488, 490, 497, 508, 511, 514, 535, 559, 571, 575, 590, 594, 600, 606, 607, 608, 610, 611, 612, 613, 618, 619, 627, 640, 643, 650, 651, 654, 656, 659, 666, 667, 669, 685, 686, 693, 696, 701, 724, 726, 728, 729, 737, 758, 776, 777, 778, 779, 782, 783, 787, 788, 790, 791, 794, 807, 809, 817, 819, 830, 832, 833, 834, 836, 837, 845, 852, 854, 856, 857, 858, 860, 861, 862, 875, 880, 887, 888, 899, 900, 902, 910, 912, 913, 914, 915, 917, 918, 919, 920, 921, 928, 929, 930, 931, 934, 935]","[12, 24, 25, 28, 88, 100, 104, 119, 123, 129, 136, 137, 139, 140, 141, 148, 155, 169, 172, 179, 183, 185, 188, 196, 198, 217, 237, 267, 270, 278, 319, 321, 324, 325, 330, 334, 335, 354, 366, 369, 380, 383, 384, 386, 395, 407, 411, 423, 428, 436, 437, 452, 453, 456, 467, 471, 477, 478, 479, 497, 508, 511, 559, 571, 575, 590, 594, 600, 607, 608, 610, 611, 612, 619, 627, 640, 643, 650, 654, 656, 659, 667, 669, 685, 701, 726, 729, 737, 777, 779, 782, 783, 787, 790, 791, 809, 817, 819, 830, 833, 834, 836, 845, 856, 857, 860, 862, 875, 880, 887, 888, 899, 900, 914, 918, 921, 928, 929, 930]",7/6 successful match,True,,False,109,False,,1.0,False,Dunn Oil # 2 7-11 ( Tesoro ),Tesoro
"Lake City ( W ) , 84104 Sapp Bros. Truck Stop ( Sinclair )",DSalt 3801-977-3900 I-215 Exit 21 ( California Ave E ),24 HRS K 24,Lake City,84104,Sapp Bros. Truck Stop ( Sinclair ),801-977-3900,2006,Salt Lake City,UT,Sinclair,( California Ave E ),I-215 Exit 21 ,Exit,21,False,,False,I-215,,,,,"[915, 468]","[448, 449, 468, 860, 897, 915]","[43, 66, 71, 104, 411, 414, 417, 420, 430, 441, 446, 448, 449, 450, 468, 523, 541, 546, 575, 860, 862, 865, 868, 869, 872, 882, 896, 897, 915]","[446, 468, 860, 896, 915]","[398, 399, 400, 401, 402, 403, 404, 405, 406, 407, 408, 409, 410, 411, 412, 413, 414, 415, 416, 417, 418, 419, 420, 421, 422, 423, 424, 425, 426, 427, 428, 429, 430, 431, 432, 433, 434, 435, 436, 437, 438, 439, 440, 441, 442, 443, 444, 445, 446, 447, 448, 449, 450, 451, 452, 453, 454, 455, 456, 457, 458, 459, 460, 461, 462, 463, 464, 465, 466, 467, 468, 469, 470, 471, 472, 473, 474, 475, 476, 477, 478, 479, 480, 481, 482, 483, 484, 848, 849, 850, 851, 852, 853, 854, 855, 856, 857, 858, 859, 860, 861, 862, 863, 864, 865, 866, 867, 868, 869, 870, 871, 872, 873, 874, 875, 876, 877, 878, 879, 880, 881, 882, 883, 884, 885, 886, 887, 888, 889, 890, 891, 892, 893, 894, 895, 896, 897, 898, 899, 900, 901, 902, 903, 904, 905, 906, 907, 908, 909, 910, 911, 912, 913, 914, 915, 916, 917, 918, 919, 920, 921, 922, 923, 924, 925, 926, 927, 928, 929, 930, 931, 932, 933, 934, 935]","[140, 315, 318, 420, 446, 448, 450, 468, 611, 773, 776, 860, 872, 896, 915]","[31, 142, 147, 180, 338, 352, 367, 387, 403, 405, 408, 410, 455, 465, 466, 468, 470, 472, 473, 483, 484, 514, 613, 618, 651, 794, 807, 837, 852, 854, 858, 861, 902, 912, 913, 915, 917, 919, 920, 931, 934, 935]","[31, 142, 147, 180, 338, 352, 367, 387, 403, 405, 408, 410, 455, 465, 466, 468, 470, 472, 473, 483, 484, 514, 613, 618, 651, 794, 807, 837, 852, 854, 858, 861, 902, 912, 913, 915, 917, 919, 920, 931, 934, 935]","[916, 514, 917, 523, 918, 387, 919, 920, 921, 541, 922, 31, 546, 923, 924, 43, 925, 926, 927, 928, 575, 66, 929, 71, 930, 931, 932, 933, 934, 935, 611, 613, 104, 618, 651, 140, 142, 147, 338, 442, 180, 352, 773, 776, 794, 807, 367, 315, 318, 837, 848, 849, 850, 851, 852, 853, 854, 855, 856, 857, 858, 859, 860, 861, 862, 863, 864, 865, 866, 867, 868, 869, 870, 871, 872, 873, 874, 875, 876, 877, 878, 879, 880, 881, 882, 883, 884, 885, 886, 887, 888, 889, 890, 891, 892, 893, 894, 895, 896, 897, 898, 899, 900, 901, 902, 903, 904, 905, 906, 907, 908, 909, 398, 399, 400, 401, 402, 915, 403, 404, 405, 406, 407, 408, 409, 411, 410, 412, 414, 413, 415, 417, 416, 418, 420, 419, 421, 422, 423, 424, 425, 426, 427, 428, 430, 429, 431, 432, 433, 434, 435, 436, 437, 438, 439, 441, 440, 443, 444, 445, 446, 447, 448, 449, 450, 451, 452, 453, 454, 455, 456, 457, 458, 459, 460, 461, 462, 463, 464, 465, 466, 467, 468, 469, 470, 471, 472, 473, 474, 475, 476, 477, 478, 479, 480, 481, 482, 483, 484, 910, 911, 912, 913, 914]",True,"[448, 449, 468, 860, 897, 915]","[398, 399, 400, 401, 402, 403, 404, 405, 406, 407, 408, 409, 410, 411, 412, 413, 414, 415, 416, 417, 418, 419, 420, 421, 422, 423, 424, 425, 426, 427, 428, 429, 430, 431, 432, 433, 434, 435, 436, 437, 438, 439, 440, 441, 442, 443, 444, 445, 446, 447, 448, 449, 450, 451, 452, 453, 454, 455, 456, 457, 458, 459, 460, 461, 462, 463, 464, 465, 466, 467, 468, 469, 470, 471, 472, 473, 474, 475, 476, 477, 478, 479, 480, 481, 482, 483, 484, 848, 849, 850, 851, 852, 853, 854, 855, 856, 857, 858, 859, 860, 861, 862, 863, 864, 865, 866, 867, 868, 869, 870, 871, 872, 873, 874, 875, 876, 877, 878, 879, 880, 881, 882, 883, 884, 885, 886, 887, 888, 889, 890, 891, 892, 893, 894, 895, 896, 897, 898, 899, 900, 901, 902, 903, 904, 905, 906, 907, 908, 909, 910, 911, 912, 913, 914, 915, 916, 917, 918, 919, 920, 921, 922, 923, 924, 925, 926, 927, 928, 929, 930, 931, 932, 933, 934, 935]","[43, 66, 71, 104, 411, 414, 417, 420, 430, 441, 446, 448, 449, 450, 468, 523, 541, 546, 575, 860, 862, 865, 868, 869, 872, 882, 896, 897, 915]","[446, 468, 860, 896, 915]","[140, 315, 318, 420, 446, 448, 450, 468, 611, 773, 776, 860, 872, 896, 915]","[31, 142, 147, 180, 338, 352, 367, 387, 403, 405, 408, 410, 455, 465, 466, 468, 470, 472, 473, 483, 484, 514, 613, 618, 651, 794, 807, 837, 852, 854, 858, 861, 902, 912, 913, 915, 917, 919, 920, 931, 934, 935]","[31, 142, 147, 180, 338, 352, 367, 387, 403, 405, 408, 410, 455, 465, 466, 468, 470, 472, 473, 483, 484, 514, 613, 618, 651, 794, 807, 837, 852, 854, 858, 861, 902, 912, 913, 915, 917, 919, 920, 931, 934, 935]",7/6 successful match,True,"[763, 764, 765, 766]",True,110,False,,,,,
Salt Lake City ( W ) Sapp Bros. Truck Stop ( Sinclair ),801-977-3900 I-215 Exit 21 ( California Ave E ),XL 444,,84104,,801-977-3900,2007,Salt Lake City,UT,,( California Ave E ),I-215 Exit 21 ,Exit,21,False,,False,I-215,,,,,"[915, 468]","[448, 449, 468, 860, 897, 915]","[43, 66, 71, 104, 411, 414, 417, 420, 430, 441, 446, 448, 449, 450, 468, 523, 541, 546, 575, 860, 862, 865, 868, 869, 872, 882, 896, 897, 915]","[446, 468, 860, 896, 915]","[398, 399, 400, 401, 402, 403, 404, 405, 406, 407, 408, 409, 410, 411, 412, 413, 414, 415, 416, 417, 418, 419, 420, 421, 422, 423, 424, 425, 426, 427, 428, 429, 430, 431, 432, 433, 434, 435, 436, 437, 438, 439, 440, 441, 442, 443, 444, 445, 446, 447, 448, 449, 450, 451, 452, 453, 454, 455, 456, 457, 458, 459, 460, 461, 462, 463, 464, 465, 466, 467, 468, 469, 470, 471, 472, 473, 474, 475, 476, 477, 478, 479, 480, 481, 482, 483, 484, 848, 849, 850, 851, 852, 853, 854, 855, 856, 857, 858, 859, 860, 861, 862, 863, 864, 865, 866, 867, 868, 869, 870, 871, 872, 873, 874, 875, 876, 877, 878, 879, 880, 881, 882, 883, 884, 885, 886, 887, 888, 889, 890, 891, 892, 893, 894, 895, 896, 897, 898, 899, 900, 901, 902, 903, 904, 905, 906, 907, 908, 909, 910, 911, 912, 913, 914, 915, 916, 917, 918, 919, 920, 921, 922, 923, 924, 925, 926, 927, 928, 929, 930, 931, 932, 933, 934, 935]","[140, 315, 318, 420, 446, 448, 450, 468, 611, 773, 776, 860, 872, 896, 915]",[],[],"[916, 917, 523, 918, 919, 920, 921, 541, 922, 546, 923, 924, 43, 925, 926, 927, 928, 575, 66, 929, 71, 930, 931, 932, 933, 934, 935, 611, 104, 140, 442, 773, 776, 315, 318, 848, 849, 850, 851, 852, 853, 854, 855, 856, 857, 858, 859, 860, 861, 862, 863, 864, 865, 866, 867, 868, 869, 870, 871, 872, 873, 874, 875, 876, 877, 878, 879, 880, 881, 882, 883, 884, 885, 886, 887, 888, 889, 890, 891, 892, 893, 894, 895, 896, 897, 898, 899, 900, 901, 902, 903, 904, 905, 906, 907, 908, 909, 398, 399, 400, 401, 402, 915, 403, 404, 405, 406, 407, 408, 409, 411, 410, 412, 414, 413, 415, 417, 416, 418, 420, 419, 421, 422, 423, 424, 425, 426, 427, 428, 430, 429, 431, 432, 433, 434, 435, 436, 437, 438, 439, 441, 440, 443, 444, 445, 446, 447, 448, 449, 450, 451, 452, 453, 454, 455, 456, 457, 458, 459, 460, 461, 462, 463, 464, 465, 466, 467, 468, 469, 470, 471, 472, 473, 474, 475, 476, 477, 478, 479, 480, 481, 482, 483, 484, 910, 911, 912, 913, 914]",True,"[448, 449, 468, 860, 897, 915]","[398, 399, 400, 401, 402, 403, 404, 405, 406, 407, 408, 409, 410, 411, 412, 413, 414, 415, 416, 417, 418, 419, 420, 421, 422, 423, 424, 425, 426, 427, 428, 429, 430, 431, 432, 433, 434, 435, 436, 437, 438, 439, 440, 441, 442, 443, 444, 445, 446, 447, 448, 449, 450, 451, 452, 453, 454, 455, 456, 457, 458, 459, 460, 461, 462, 463, 464, 465, 466, 467, 468, 469, 470, 471, 472, 473, 474, 475, 476, 477, 478, 479, 480, 481, 482, 483, 484, 848, 849, 850, 851, 852, 853, 854, 855, 856, 857, 858, 859, 860, 861, 862, 863, 864, 865, 866, 867, 868, 869, 870, 871, 872, 873, 874, 875, 876, 877, 878, 879, 880, 881, 882, 883, 884, 885, 886, 887, 888, 889, 890, 891, 892, 893, 894, 895, 896, 897, 898, 899, 900, 901, 902, 903, 904, 905, 906, 907, 908, 909, 910, 911, 912, 913, 914, 915, 916, 917, 918, 919, 920, 921, 922, 923, 924, 925, 926, 927, 928, 929, 930, 931, 932, 933, 934, 935]","[43, 66, 71, 104, 411, 414, 417, 420, 430, 441, 446, 448, 449, 450, 468, 523, 541, 546, 575, 860, 862, 865, 868, 869, 872, 882, 896, 897, 915]","[446, 468, 860, 896, 915]","[140, 315, 318, 420, 446, 448, 450, 468, 611, 773, 776, 860, 872, 896, 915]",[],[],7/6 successful match,True,"[763, 764, 765, 766]",True,110,True,2007,0.0,True,Sapp Bros. Truck Stop ( Sinclair ),Sinclair
"Salt Lake City ( W ) , 84104 Sapp Bros. Travel Center ( Sinclair ) 24",3 801-977-3900 I-215 Exit 21 ( California Ave E ),24 XL 24,Salt Lake City,84104,Sapp Bros. Travel Center ( Sinclair ) 24,801-977-3900,2008,Salt Lake City,UT,Sinclair,( California Ave E ),I-215 Exit 21 ,Exit,21,False,,False,I-215,,,,,"[915, 468]","[448, 449, 468, 860, 897, 915]","[43, 66, 71, 104, 411, 414, 417, 420, 430, 441, 446, 448, 449, 450, 468, 523, 541, 546, 575, 860, 862, 865, 868, 869, 872, 882, 896, 897, 915]","[446, 468, 860, 896, 915]","[398, 399, 400, 401, 402, 403, 404, 405, 406, 407, 408, 409, 410, 411, 412, 413, 414, 415, 416, 417, 418, 419, 420, 421, 422, 423, 424, 425, 426, 427, 428, 429, 430, 431, 432, 433, 434, 435, 436, 437, 438, 439, 440, 441, 442, 443, 444, 445, 446, 447, 448, 449, 450, 451, 452, 453, 454, 455, 456, 457, 458, 459, 460, 461, 462, 463, 464, 465, 466, 467, 468, 469, 470, 471, 472, 473, 474, 475, 476, 477, 478, 479, 480, 481, 482, 483, 484, 848, 849, 850, 851, 852, 853, 854, 855, 856, 857, 858, 859, 860, 861, 862, 863, 864, 865, 866, 867, 868, 869, 870, 871, 872, 873, 874, 875, 876, 877, 878, 879, 880, 881, 882, 883, 884, 885, 886, 887, 888, 889, 890, 891, 892, 893, 894, 895, 896, 897, 898, 899, 900, 901, 902, 903, 904, 905, 906, 907, 908, 909, 910, 911, 912, 913, 914, 915, 916, 917, 918, 919, 920, 921, 922, 923, 924, 925, 926, 927, 928, 929, 930, 931, 932, 933, 934, 935]","[140, 315, 318, 420, 446, 448, 450, 468, 611, 773, 776, 860, 872, 896, 915]","[31, 142, 147, 180, 338, 352, 367, 387, 403, 405, 408, 410, 455, 465, 466, 468, 470, 472, 473, 483, 484, 514, 613, 618, 651, 794, 807, 837, 852, 854, 858, 861, 902, 912, 913, 915, 917, 919, 920, 931, 934, 935]","[31, 103, 142, 147, 180, 338, 352, 367, 387, 403, 405, 408, 410, 455, 465, 466, 468, 470, 472, 473, 483, 484, 514, 574, 613, 618, 651, 794, 807, 837, 852, 854, 858, 861, 902, 912, 913, 915, 917, 919, 920, 931, 934, 935]","[916, 514, 917, 523, 918, 387, 919, 920, 921, 541, 922, 31, 546, 923, 924, 43, 925, 926, 927, 928, 575, 574, 66, 929, 71, 930, 931, 932, 933, 934, 935, 611, 613, 103, 104, 618, 651, 140, 142, 147, 338, 442, 180, 352, 773, 776, 794, 807, 367, 315, 318, 837, 848, 849, 850, 851, 852, 853, 854, 855, 856, 857, 858, 859, 860, 861, 862, 863, 864, 865, 866, 867, 868, 869, 870, 871, 872, 873, 874, 875, 876, 877, 878, 879, 880, 881, 882, 883, 884, 885, 886, 887, 888, 889, 890, 891, 892, 893, 894, 895, 896, 897, 898, 899, 900, 901, 902, 903, 904, 905, 906, 907, 908, 909, 398, 399, 400, 401, 402, 915, 403, 404, 405, 406, 407, 408, 409, 411, 410, 412, 414, 413, 415, 417, 416, 418, 420, 419, 421, 422, 423, 424, 425, 426, 427, 428, 430, 429, 431, 432, 433, 434, 435, 436, 437, 438, 439, 441, 440, 443, 444, 445, 446, 447, 448, 449, 450, 451, 452, 453, 454, 455, 456, 457, 458, 459, 460, 461, 462, 463, 464, 465, 466, 467, 468, 469, 470, 471, 472, 473, 474, 475, 476, 477, 478, 479, 480, 481, 482, 483, 484, 910, 911, 912, 913, 914]",True,"[448, 449, 468, 860, 897, 915]","[398, 399, 400, 401, 402, 403, 404, 405, 406, 407, 408, 409, 410, 411, 412, 413, 414, 415, 416, 417, 418, 419, 420, 421, 422, 423, 424, 425, 426, 427, 428, 429, 430, 431, 432, 433, 434, 435, 436, 437, 438, 439, 440, 441, 442, 443, 444, 445, 446, 447, 448, 449, 450, 451, 452, 453, 454, 455, 456, 457, 458, 459, 460, 461, 462, 463, 464, 465, 466, 467, 468, 469, 470, 471, 472, 473, 474, 475, 476, 477, 478, 479, 480, 481, 482, 483, 484, 848, 849, 850, 851, 852, 853, 854, 855, 856, 857, 858, 859, 860, 861, 862, 863, 864, 865, 866, 867, 868, 869, 870, 871, 872, 873, 874, 875, 876, 877, 878, 879, 880, 881, 882, 883, 884, 885, 886, 887, 888, 889, 890, 891, 892, 893, 894, 895, 896, 897, 898, 899, 900, 901, 902, 903, 904, 905, 906, 907, 908, 909, 910, 911, 912, 913, 914, 915, 916, 917, 918, 919, 920, 921, 922, 923, 924, 925, 926, 927, 928, 929, 930, 931, 932, 933, 934, 935]","[43, 66, 71, 104, 411, 414, 417, 420, 430, 441, 446, 448, 449, 450, 468, 523, 541, 546, 575, 860, 862, 865, 868, 869, 872, 882, 896, 897, 915]","[446, 468, 860, 896, 915]","[140, 315, 318, 420, 446, 448, 450, 468, 611, 773, 776, 860, 872, 896, 915]","[31, 103, 142, 147, 180, 338, 352, 367, 387, 403, 405, 408, 410, 455, 465, 466, 468, 470, 472, 473, 483, 484, 514, 574, 613, 618, 651, 794, 807, 837, 852, 854, 858, 861, 902, 912, 913, 915, 917, 919, 920, 931, 934, 935]","[31, 142, 147, 180, 338, 352, 367, 387, 403, 405, 408, 410, 455, 465, 466, 468, 470, 472, 473, 483, 484, 514, 613, 618, 651, 794, 807, 837, 852, 854, 858, 861, 902, 912, 913, 915, 917, 919, 920, 931, 934, 935]",7/6 successful match,True,"[763, 764, 765, 766]",True,110,True,2008,0.0,True,,
D Salt Lake City ( West ) ( 84104 ) Sapp Bros. - Salt Lake City ( Sinclair ),801-977-3900 I-215 Exit 21 ( California Ave E ),) 24 <U+2610> XL,Salt Lake City,84104,Sapp Bros. - Salt Lake City ( Sinclair ),801-977-3900,2014,Salt Lake City,UT,Sinclair,( California Ave E ),I-215 Exit 21 ,Exit,21,False,,False,I-215,,,,,"[915, 468]","[448, 449, 468, 860, 897, 915]","[43, 66, 71, 104, 411, 414, 417, 420, 430, 441, 446, 448, 449, 450, 468, 523, 541, 546, 575, 860, 862, 865, 868, 869, 872, 882, 896, 897, 915]","[446, 468, 860, 896, 915]","[398, 399, 400, 401, 402, 403, 404, 405, 406, 407, 408, 409, 410, 411, 412, 413, 414, 415, 416, 417, 418, 419, 420, 421, 422, 423, 424, 425, 426, 427, 428, 429, 430, 431, 432, 433, 434, 435, 436, 437, 438, 439, 440, 441, 442, 443, 444, 445, 446, 447, 448, 449, 450, 451, 452, 453, 454, 455, 456, 457, 458, 459, 460, 461, 462, 463, 464, 465, 466, 467, 468, 469, 470, 471, 472, 473, 474, 475, 476, 477, 478, 479, 480, 481, 482, 483, 484, 848, 849, 850, 851, 852, 853, 854, 855, 856, 857, 858, 859, 860, 861, 862, 863, 864, 865, 866, 867, 868, 869, 870, 871, 872, 873, 874, 875, 876, 877, 878, 879, 880, 881, 882, 883, 884, 885, 886, 887, 888, 889, 890, 891, 892, 893, 894, 895, 896, 897, 898, 899, 900, 901, 902, 903, 904, 905, 906, 907, 908, 909, 910, 911, 912, 913, 914, 915, 916, 917, 918, 919, 920, 921, 922, 923, 924, 925, 926, 927, 928, 929, 930, 931, 932, 933, 934, 935]","[140, 315, 318, 420, 446, 448, 450, 468, 611, 773, 776, 860, 872, 896, 915]","[31, 142, 147, 180, 338, 352, 367, 387, 403, 405, 408, 410, 455, 465, 466, 468, 470, 472, 473, 483, 484, 514, 613, 618, 651, 794, 807, 837, 852, 854, 858, 861, 902, 912, 913, 915, 917, 919, 920, 931, 934, 935]","[29, 31, 142, 147, 180, 338, 352, 367, 387, 403, 405, 408, 410, 455, 465, 466, 468, 470, 472, 473, 483, 484, 512, 514, 613, 618, 651, 794, 807, 837, 852, 854, 858, 861, 902, 912, 913, 915, 917, 919, 920, 931, 934, 935]","[512, 916, 514, 917, 523, 918, 387, 919, 920, 921, 541, 29, 922, 31, 546, 923, 924, 43, 925, 926, 927, 928, 575, 66, 929, 71, 930, 931, 932, 933, 934, 935, 611, 613, 104, 618, 651, 140, 142, 147, 338, 442, 180, 352, 773, 776, 794, 807, 367, 315, 318, 837, 848, 849, 850, 851, 852, 853, 854, 855, 856, 857, 858, 859, 860, 861, 862, 863, 864, 865, 866, 867, 868, 869, 870, 871, 872, 873, 874, 875, 876, 877, 878, 879, 880, 881, 882, 883, 884, 885, 886, 887, 888, 889, 890, 891, 892, 893, 894, 895, 896, 897, 898, 899, 900, 901, 902, 903, 904, 905, 906, 907, 908, 909, 398, 399, 400, 401, 402, 915, 403, 404, 405, 406, 407, 408, 409, 411, 410, 412, 414, 413, 415, 417, 416, 418, 420, 419, 421, 422, 423, 424, 425, 426, 427, 428, 430, 429, 431, 432, 433, 434, 435, 436, 437, 438, 439, 441, 440, 443, 444, 445, 446, 447, 448, 449, 450, 451, 452, 453, 454, 455, 456, 457, 458, 459, 460, 461, 462, 463, 464, 465, 466, 467, 468, 469, 470, 471, 472, 473, 474, 475, 476, 477, 478, 479, 480, 481, 482, 483, 484, 910, 911, 912, 913, 914]",True,"[448, 449, 468, 860, 897, 915]","[398, 399, 400, 401, 402, 403, 404, 405, 406, 407, 408, 409, 410, 411, 412, 413, 414, 415, 416, 417, 418, 419, 420, 421, 422, 423, 424, 425, 426, 427, 428, 429, 430, 431, 432, 433, 434, 435, 436, 437, 438, 439, 440, 441, 442, 443, 444, 445, 446, 447, 448, 449, 450, 451, 452, 453, 454, 455, 456, 457, 458, 459, 460, 461, 462, 463, 464, 465, 466, 467, 468, 469, 470, 471, 472, 473, 474, 475, 476, 477, 478, 479, 480, 481, 482, 483, 484, 848, 849, 850, 851, 852, 853, 854, 855, 856, 857, 858, 859, 860, 861, 862, 863, 864, 865, 866, 867, 868, 869, 870, 871, 872, 873, 874, 875, 876, 877, 878, 879, 880, 881, 882, 883, 884, 885, 886, 887, 888, 889, 890, 891, 892, 893, 894, 895, 896, 897, 898, 899, 900, 901, 902, 903, 904, 905, 906, 907, 908, 909, 910, 911, 912, 913, 914, 915, 916, 917, 918, 919, 920, 921, 922, 923, 924, 925, 926, 927, 928, 929, 930, 931, 932, 933, 934, 935]","[43, 66, 71, 104, 411, 414, 417, 420, 430, 441, 446, 448, 449, 450, 468, 523, 541, 546, 575, 860, 862, 865, 868, 869, 872, 882, 896, 897, 915]","[446, 468, 860, 896, 915]","[140, 315, 318, 420, 446, 448, 450, 468, 611, 773, 776, 860, 872, 896, 915]","[29, 31, 142, 147, 180, 338, 352, 367, 387, 403, 405, 408, 410, 455, 465, 466, 468, 470, 472, 473, 483, 484, 512, 514, 613, 618, 651, 794, 807, 837, 852, 854, 858, 861, 902, 912, 913, 915, 917, 919, 920, 931, 934, 935]","[31, 142, 147, 180, 338, 352, 367, 387, 403, 405, 408, 410, 455, 465, 466, 468, 470, 472, 473, 483, 484, 514, 613, 618, 651, 794, 807, 837, 852, 854, 858, 861, 902, 912, 913, 915, 917, 919, 920, 931, 934, 935]",7/6 successful match,True,"[763, 764, 765, 766]",True,110,False,,0.8675,True,Sapp Bros. Travel Center ( Sinclair ) 24,Sinclair
Salt Lake City ( W ) ( 84104 ) Sapp Bros. - Salt Lake City ( Sinclair ),801-977-3900 I-215 Exit 21 ( California Ave E ),24 <U+25A1> XL,Salt Lake City,84104,Sapp Bros. - Salt Lake City ( Sinclair ),801-977-3900,2015,Salt Lake City,UT,Sinclair,( California Ave E ),I-215 Exit 21 ,Exit,21,False,,False,I-215,,,,,"[915, 468]","[448, 449, 468, 860, 897, 915]","[43, 66, 71, 104, 411, 414, 417, 420, 430, 441, 446, 448, 449, 450, 468, 523, 541, 546, 575, 860, 862, 865, 868, 869, 872, 882, 896, 897, 915]","[446, 468, 860, 896, 915]","[398, 399, 400, 401, 402, 403, 404, 405, 406, 407, 408, 409, 410, 411, 412, 413, 414, 415, 416, 417, 418, 419, 420, 421, 422, 423, 424, 425, 426, 427, 428, 429, 430, 431, 432, 433, 434, 435, 436, 437, 438, 439, 440, 441, 442, 443, 444, 445, 446, 447, 448, 449, 450, 451, 452, 453, 454, 455, 456, 457, 458, 459, 460, 461, 462, 463, 464, 465, 466, 467, 468, 469, 470, 471, 472, 473, 474, 475, 476, 477, 478, 479, 480, 481, 482, 483, 484, 848, 849, 850, 851, 852, 853, 854, 855, 856, 857, 858, 859, 860, 861, 862, 863, 864, 865, 866, 867, 868, 869, 870, 871, 872, 873, 874, 875, 876, 877, 878, 879, 880, 881, 882, 883, 884, 885, 886, 887, 888, 889, 890, 891, 892, 893, 894, 895, 896, 897, 898, 899, 900, 901, 902, 903, 904, 905, 906, 907, 908, 909, 910, 911, 912, 913, 914, 915, 916, 917, 918, 919, 920, 921, 922, 923, 924, 925, 926, 927, 928, 929, 930, 931, 932, 933, 934, 935]","[140, 315, 318, 420, 446, 448, 450, 468, 611, 773, 776, 860, 872, 896, 915]","[31, 142, 147, 180, 338, 352, 367, 387, 403, 405, 408, 410, 455, 465, 466, 468, 470, 472, 473, 483, 484, 514, 613, 618, 651, 794, 807, 837, 852, 854, 858, 861, 902, 912, 913, 915, 917, 919, 920, 931, 934, 935]","[29, 31, 142, 147, 180, 338, 352, 367, 387, 403, 405, 408, 410, 455, 465, 466, 468, 470, 472, 473, 483, 484, 512, 514, 613, 618, 651, 794, 807, 837, 852, 854, 858, 861, 902, 912, 913, 915, 917, 919, 920, 931, 934, 935]","[512, 916, 514, 917, 523, 918, 387, 919, 920, 921, 541, 29, 922, 31, 546, 923, 924, 43, 925, 926, 927, 928, 575, 66, 929, 71, 930, 931, 932, 933, 934, 935, 611, 613, 104, 618, 651, 140, 142, 147, 338, 442, 180, 352, 773, 776, 794, 807, 367, 315, 318, 837, 848, 849, 850, 851, 852, 853, 854, 855, 856, 857, 858, 859, 860, 861, 862, 863, 864, 865, 866, 867, 868, 869, 870, 871, 872, 873, 874, 875, 876, 877, 878, 879, 880, 881, 882, 883, 884, 885, 886, 887, 888, 889, 890, 891, 892, 893, 894, 895, 896, 897, 898, 899, 900, 901, 902, 903, 904, 905, 906, 907, 908, 909, 398, 399, 400, 401, 402, 915, 403, 404, 405, 406, 407, 408, 409, 411, 410, 412, 414, 413, 415, 417, 416, 418, 420, 419, 421, 422, 423, 424, 425, 426, 427, 428, 430, 429, 431, 432, 433, 434, 435, 436, 437, 438, 439, 441, 440, 443, 444, 445, 446, 447, 448, 449, 450, 451, 452, 453, 454, 455, 456, 457, 458, 459, 460, 461, 462, 463, 464, 465, 466, 467, 468, 469, 470, 471, 472, 473, 474, 475, 476, 477, 478, 479, 480, 481, 482, 483, 484, 910, 911, 912, 913, 914]",True,"[448, 449, 468, 860, 897, 915]","[398, 399, 400, 401, 402, 403, 404, 405, 406, 407, 408, 409, 410, 411, 412, 413, 414, 415, 416, 417, 418, 419, 420, 421, 422, 423, 424, 425, 426, 427, 428, 429, 430, 431, 432, 433, 434, 435, 436, 437, 438, 439, 440, 441, 442, 443, 444, 445, 446, 447, 448, 449, 450, 451, 452, 453, 454, 455, 456, 457, 458, 459, 460, 461, 462, 463, 464, 465, 466, 467, 468, 469, 470, 471, 472, 473, 474, 475, 476, 477, 478, 479, 480, 481, 482, 483, 484, 848, 849, 850, 851, 852, 853, 854, 855, 856, 857, 858, 859, 860, 861, 862, 863, 864, 865, 866, 867, 868, 869, 870, 871, 872, 873, 874, 875, 876, 877, 878, 879, 880, 881, 882, 883, 884, 885, 886, 887, 888, 889, 890, 891, 892, 893, 894, 895, 896, 897, 898, 899, 900, 901, 902, 903, 904, 905, 906, 907, 908, 909, 910, 911, 912, 913, 914, 915, 916, 917, 918, 919, 920, 921, 922, 923, 924, 925, 926, 927, 928, 929, 930, 931, 932, 933, 934, 935]","[43, 66, 71, 104, 411, 414, 417, 420, 430, 441, 446, 448, 449, 450, 468, 523, 541, 546, 575, 860, 862, 865, 868, 869, 872, 882, 896, 897, 915]","[446, 468, 860, 896, 915]","[140, 315, 318, 420, 446, 448, 450, 468, 611, 773, 776, 860, 872, 896, 915]","[29, 31, 142, 147, 180, 338, 352, 367, 387, 403, 405, 408, 410, 455, 465, 466, 468, 470, 472, 473, 483, 484, 512, 514, 613, 618, 651, 794, 807, 837, 852, 854, 858, 861, 902, 912, 913, 915, 917, 919, 920, 931, 934, 935]","[31, 142, 147, 180, 338, 352, 367, 387, 403, 405, 408, 410, 455, 465, 466, 468, 470, 472, 473, 483, 484, 514, 613, 618, 651, 794, 807, 837, 852, 854, 858, 861, 902, 912, 913, 915, 917, 919, 920, 931, 934, 935]",7/6 successful match,True,"[763, 764, 765, 766]",True,110,False,,1.0,True,Sapp Bros. - Salt Lake City ( Sinclair ),Sinclair
D Salt Lake City ( W ) ( 84104 ) Sapp Bros. - Salt Lake City ( Sinclair ),3 801-977-3900 I-215 Exit 21 ( California Ave E ),24 D XL 24,Salt Lake City,84104,Sapp Bros. - Salt Lake City ( Sinclair ),801-977-3900,2016,Salt Lake City,UT,Sinclair,( California Ave E ),I-215 Exit 21 ,Exit,21,False,,False,I-215,,,,,"[915, 468]","[448, 449, 468, 860, 897, 915]","[43, 66, 71, 104, 411, 414, 417, 420, 430, 441, 446, 448, 449, 450, 468, 523, 541, 546, 575, 860, 862, 865, 868, 869, 872, 882, 896, 897, 915]","[446, 468, 860, 896, 915]","[398, 399, 400, 401, 402, 403, 404, 405, 406, 407, 408, 409, 410, 411, 412, 413, 414, 415, 416, 417, 418, 419, 420, 421, 422, 423, 424, 425, 426, 427, 428, 429, 430, 431, 432, 433, 434, 435, 436, 437, 438, 439, 440, 441, 442, 443, 444, 445, 446, 447, 448, 449, 450, 451, 452, 453, 454, 455, 456, 457, 458, 459, 460, 461, 462, 463, 464, 465, 466, 467, 468, 469, 470, 471, 472, 473, 474, 475, 476, 477, 478, 479, 480, 481, 482, 483, 484, 848, 849, 850, 851, 852, 853, 854, 855, 856, 857, 858, 859, 860, 861, 862, 863, 864, 865, 866, 867, 868, 869, 870, 871, 872, 873, 874, 875, 876, 877, 878, 879, 880, 881, 882, 883, 884, 885, 886, 887, 888, 889, 890, 891, 892, 893, 894, 895, 896, 897, 898, 899, 900, 901, 902, 903, 904, 905, 906, 907, 908, 909, 910, 911, 912, 913, 914, 915, 916, 917, 918, 919, 920, 921, 922, 923, 924, 925, 926, 927, 928, 929, 930, 931, 932, 933, 934, 935]","[140, 315, 318, 420, 446, 448, 450, 468, 611, 773, 776, 860, 872, 896, 915]","[31, 142, 147, 180, 338, 352, 367, 387, 403, 405, 408, 410, 455, 465, 466, 468, 470, 472, 473, 483, 484, 514, 613, 618, 651, 794, 807, 837, 852, 854, 858, 861, 902, 912, 913, 915, 917, 919, 920, 931, 934, 935]","[29, 31, 142, 147, 180, 338, 352, 367, 387, 403, 405, 408, 410, 455, 465, 466, 468, 470, 472, 473, 483, 484, 512, 514, 613, 618, 651, 794, 807, 837, 852, 854, 858, 861, 902, 912, 913, 915, 917, 919, 920, 931, 934, 935]","[512, 916, 514, 917, 523, 918, 387, 919, 920, 921, 541, 29, 922, 31, 546, 923, 924, 43, 925, 926, 927, 928, 575, 66, 929, 71, 930, 931, 932, 933, 934, 935, 611, 613, 104, 618, 651, 140, 142, 147, 338, 442, 180, 352, 773, 776, 794, 807, 367, 315, 318, 837, 848, 849, 850, 851, 852, 853, 854, 855, 856, 857, 858, 859, 860, 861, 862, 863, 864, 865, 866, 867, 868, 869, 870, 871, 872, 873, 874, 875, 876, 877, 878, 879, 880, 881, 882, 883, 884, 885, 886, 887, 888, 889, 890, 891, 892, 893, 894, 895, 896, 897, 898, 899, 900, 901, 902, 903, 904, 905, 906, 907, 908, 909, 398, 399, 400, 401, 402, 915, 403, 404, 405, 406, 407, 408, 409, 411, 410, 412, 414, 413, 415, 417, 416, 418, 420, 419, 421, 422, 423, 424, 425, 426, 427, 428, 430, 429, 431, 432, 433, 434, 435, 436, 437, 438, 439, 441, 440, 443, 444, 445, 446, 447, 448, 449, 450, 451, 452, 453, 454, 455, 456, 457, 458, 459, 460, 461, 462, 463, 464, 465, 466, 467, 468, 469, 470, 471, 472, 473, 474, 475, 476, 477, 478, 479, 480, 481, 482, 483, 484, 910, 911, 912, 913, 914]",True,"[448, 449, 468, 860, 897, 915]","[398, 399, 400, 401, 402, 403, 404, 405, 406, 407, 408, 409, 410, 411, 412, 413, 414, 415, 416, 417, 418, 419, 420, 421, 422, 423, 424, 425, 426, 427, 428, 429, 430, 431, 432, 433, 434, 435, 436, 437, 438, 439, 440, 441, 442, 443, 444, 445, 446, 447, 448, 449, 450, 451, 452, 453, 454, 455, 456, 457, 458, 459, 460, 461, 462, 463, 464, 465, 466, 467, 468, 469, 470, 471, 472, 473, 474, 475, 476, 477, 478, 479, 480, 481, 482, 483, 484, 848, 849, 850, 851, 852, 853, 854, 855, 856, 857, 858, 859, 860, 861, 862, 863, 864, 865, 866, 867, 868, 869, 870, 871, 872, 873, 874, 875, 876, 877, 878, 879, 880, 881, 882, 883, 884, 885, 886, 887, 888, 889, 890, 891, 892, 893, 894, 895, 896, 897, 898, 899, 900, 901, 902, 903, 904, 905, 906, 907, 908, 909, 910, 911, 912, 913, 914, 915, 916, 917, 918, 919, 920, 921, 922, 923, 924, 925, 926, 927, 928, 929, 930, 931, 932, 933, 934, 935]","[43, 66, 71, 104, 411, 414, 417, 420, 430, 441, 446, 448, 449, 450, 468, 523, 541, 546, 575, 860, 862, 865, 868, 869, 872, 882, 896, 897, 915]","[446, 468, 860, 896, 915]","[140, 315, 318, 420, 446, 448, 450, 468, 611, 773, 776, 860, 872, 896, 915]","[29, 31, 142, 147, 180, 338, 352, 367, 387, 403, 405, 408, 410, 455, 465, 466, 468, 470, 472, 473, 483, 484, 512, 514, 613, 618, 651, 794, 807, 837, 852, 854, 858, 861, 902, 912, 913, 915, 917, 919, 920, 931, 934, 935]","[31, 142, 147, 180, 338, 352, 367, 387, 403, 405, 408, 410, 455, 465, 466, 468, 470, 472, 473, 483, 484, 514, 613, 618, 651, 794, 807, 837, 852, 854, 858, 861, 902, 912, 913, 915, 917, 919, 920, 931, 934, 935]",7/6 successful match,True,"[763, 764, 765, 766]",True,110,False,,1.0,True,Sapp Bros. - Salt Lake City ( Sinclair ),Sinclair
"Salt Lake City , 84115 Premium Oil ( Chevron )",801-484-1662 I-15-80 Exit 305 B ( 2100 S ),<U+2610> <U+25A1> <U+25A1>,Salt Lake City,84115,Premium Oil ( Chevron ),801-484-1662,2006,Salt Lake City,UT,Chevron,( 2100 S ),I-15-80 Exit 305 B ,Exit,305,False,,False,I-15-80,,,,,"[411, 862]","[411, 441, 862]","[43, 66, 71, 104, 411, 414, 417, 420, 430, 441, 446, 448, 449, 450, 468, 523, 541, 546, 575, 860, 862, 865, 868, 869, 872, 882, 896, 897, 915]","[411, 417, 862, 868]","[398, 399, 400, 401, 402, 403, 404, 405, 406, 407, 408, 409, 410, 411, 412, 413, 414, 415, 416, 417, 418, 419, 420, 421, 422, 423, 424, 425, 426, 427, 428, 429, 430, 431, 432, 433, 434, 435, 436, 437, 438, 439, 440, 441, 442, 443, 444, 445, 446, 447, 448, 449, 450, 451, 452, 453, 454, 455, 456, 457, 458, 459, 460, 461, 462, 463, 464, 465, 466, 467, 468, 469, 470, 471, 472, 473, 474, 475, 476, 477, 478, 479, 480, 481, 482, 483, 484, 848, 849, 850, 851, 852, 853, 854, 855, 856, 857, 858, 859, 860, 861, 862, 863, 864, 865, 866, 867, 868, 869, 870, 871, 872, 873, 874, 875, 876, 877, 878, 879, 880, 881, 882, 883, 884, 885, 886, 887, 888, 889, 890, 891, 892, 893, 894, 895, 896, 897, 898, 899, 900, 901, 902, 903, 904, 905, 906, 907, 908, 909, 910, 911, 912, 913, 914, 915, 916, 917, 918, 919, 920, 921, 922, 923, 924, 925, 926, 927, 928, 929, 930, 931, 932, 933, 934, 935]","[16, 89, 108, 125, 156, 163, 168, 172, 184, 205, 217, 221, 222, 229, 239, 253, 258, 264, 265, 280, 313, 317, 321, 336, 340, 341, 342, 343, 344, 345, 346, 349, 351, 352, 355, 356, 357, 359, 363, 364, 365, 366, 367, 368, 370, 371, 372, 373, 374, 375, 376, 377, 387, 388, 391, 392, 393, 394, 396, 402, 403, 409, 410, 411, 412, 413, 414, 415, 416, 417, 418, 419, 424, 425, 429, 430, 431, 433, 435, 437, 440, 441, 442, 443, 449, 451, 452, 454, 456, 457, 458, 460, 461, 464, 470, 471, 473, 474, 475, 480, 481, 482, 501, 560, 584, 596, 628, 635, 643, 655, 675, 685, 693, 703, 716, 720, 724, 725, 739, 771, 775, 779, 793, 796, 797, 798, 799, 800, 801, 804, 806, 807, 810, 811, 812, 814, 816, 817, 818, 820, 821, 822, 823, 824, 825, 826, 827, 837, 838, 841, 842, 843, 844, 846, 851, 852, 857, 859, 861, 862, 863, 864, 865, 866, 867, 868, 869, 870, 871, 876, 877, 881, 882, 883, 885, 888, 891, 892, 893, 897, 898, 899, 901, 904, 905, 907, 908, 911, 917, 918, 920, 921, 922, 923, 924, 926, 931, 932, 933]","[12, 24, 25, 28, 88, 100, 104, 119, 123, 129, 136, 137, 139, 140, 141, 148, 155, 169, 172, 179, 183, 185, 188, 196, 198, 217, 237, 267, 270, 278, 319, 321, 324, 325, 330, 334, 335, 354, 366, 369, 380, 383, 384, 386, 395, 407, 411, 423, 428, 436, 437, 452, 453, 456, 467, 471, 477, 478, 479, 497, 508, 511, 559, 571, 575, 590, 594, 600, 607, 608, 610, 611, 612, 619, 627, 640, 643, 650, 654, 656, 659, 667, 669, 685, 701, 726, 729, 737, 777, 779, 782, 783, 787, 790, 791, 809, 817, 819, 830, 833, 834, 836, 845, 856, 857, 860, 862, 875, 880, 887, 888, 899, 900, 914, 918, 921, 928, 929, 930]","[4, 12, 24, 25, 28, 31, 59, 88, 100, 104, 119, 123, 129, 135, 136, 137, 139, 140, 141, 142, 147, 148, 155, 169, 172, 179, 180, 183, 185, 188, 196, 198, 217, 218, 229, 232, 237, 264, 267, 269, 270, 278, 299, 318, 319, 320, 321, 324, 325, 330, 331, 334, 335, 338, 352, 354, 366, 367, 369, 380, 382, 383, 384, 386, 387, 395, 403, 405, 407, 408, 410, 411, 423, 428, 436, 437, 452, 453, 455, 456, 463, 465, 466, 467, 468, 470, 471, 472, 473, 477, 478, 479, 483, 484, 490, 497, 508, 511, 514, 535, 559, 571, 575, 590, 594, 600, 606, 607, 608, 610, 611, 612, 613, 618, 619, 627, 640, 643, 650, 651, 654, 656, 659, 667, 669, 685, 686, 693, 696, 701, 724, 726, 728, 729, 737, 758, 776, 777, 778, 779, 782, 783, 787, 788, 790, 791, 794, 807, 809, 817, 819, 830, 832, 833, 834, 836, 837, 845, 852, 854, 856, 857, 858, 860, 861, 862, 875, 880, 887, 888, 899, 900, 902, 910, 912, 913, 914, 915, 917, 918, 919, 920, 921, 928, 929, 930, 931, 934, 935]","[4, 12, 16, 24, 25, 28, 31, 43, 59, 66, 71, 88, 89, 100, 104, 108, 119, 123, 125, 129, 135, 136, 137, 139, 140, 141, 142, 147, 148, 155, 156, 163, 168, 169, 172, 179, 180, 183, 184, 185, 188, 196, 198, 205, 217, 218, 221, 222, 229, 232, 237, 239, 253, 258, 264, 265, 267, 269, 270, 278, 280, 299, 313, 317, 318, 319, 320, 321, 324, 325, 330, 331, 334, 335, 336, 338, 340, 341, 342, 343, 344, 345, 346, 349, 351, 352, 354, 355, 356, 357, 359, 363, 364, 365, 366, 367, 368, 369, 370, 371, 372, 373, 374, 375, 376, 377, 380, 382, 383, 384, 386, 387, 388, 391, 392, 393, 394, 395, 396, 398, 399, 400, 401, 402, 403, 404, 405, 406, 407, 408, 409, 410, 411, 412, 413, 414, 415, 416, 417, 418, 419, 420, 421, 422, 423, 424, 425, 426, 427, 428, 429, 430, 431, 432, 433, 434, 435, 436, 437, 438, 439, 440, 441, 442, 443, 444, 445, 446, 447, 448, 449, 450, 451, 452, 453, 454, 455, 456, 457, 458, 459, 460, 461, 462, 463, 464, 465, 466, 467, 468, 469, 470, 471, 472, 473, 474, 475, 476, 477, 478, 479, 480, 481, 482, 483, 484, 490, 497, 501, 508, 511, 514, 523, 535, 541, 546, 559, 560, 571, 575, 584, 590, 594, 596, 600, 606, 607, 608, 610, 611, 612, 613, 618, 619, 627, 628, 635, 640, 643, 650, 651, 654, 655, 656, 659, 667, 669, 675, 685, 686, 693, 696, 701, 703, 716, 720, 724, 725, 726, 728, 729, 737, 739, 758, 771, 775, 776, 777, 778, 779, 782, 783, 787, 788, 790, 791, 793, 794, 796, 797, 798, 799, 800, 801, 804, 806, 807, 809, 810, 811, 812, 814, 816, 817, 818, 819, 820, 821, 822, 823, 824, 825, 826, 827, 830, 832, 833, 834, 836, 837, 838, 841, 842, 843, 844, 845, 846, 848, 849, 850, 851, 852, 853, 854, 855, 856, 857, 858, 859, 860, 861, 862, 863, 864, 865, 866, 867, 868, 869, 870, 871, 872, 873, 874, 875, 876, 877, 878, 879, 880, 881, 882, 883, 884, 885, 886, 887, 888, 889, 890, 891, 892, 893, 894, 895, 896, 897, 898, 899, 900, 901, 902, 903, 904, 905, 906, 907, 908, 909, 910, 911, 912, 913, 914, 915, 916, 917, 918, 919, 920, 921, 922, 923, 924, 925, 926, 927, 928, 929, 930, 931, 932, 933, 934, 935]",True,"[411, 441, 862]","[398, 399, 400, 401, 402, 403, 404, 405, 406, 407, 408, 409, 410, 411, 412, 413, 414, 415, 416, 417, 418, 419, 420, 421, 422, 423, 424, 425, 426, 427, 428, 429, 430, 431, 432, 433, 434, 435, 436, 437, 438, 439, 440, 441, 442, 443, 444, 445, 446, 447, 448, 449, 450, 451, 452, 453, 454, 455, 456, 457, 458, 459, 460, 461, 462, 463, 464, 465, 466, 467, 468, 469, 470, 471, 472, 473, 474, 475, 476, 477, 478, 479, 480, 481, 482, 483, 484, 848, 849, 850, 851, 852, 853, 854, 855, 856, 857, 858, 859, 860, 861, 862, 863, 864, 865, 866, 867, 868, 869, 870, 871, 872, 873, 874, 875, 876, 877, 878, 879, 880, 881, 882, 883, 884, 885, 886, 887, 888, 889, 890, 891, 892, 893, 894, 895, 896, 897, 898, 899, 900, 901, 902, 903, 904, 905, 906, 907, 908, 909, 910, 911, 912, 913, 914, 915, 916, 917, 918, 919, 920, 921, 922, 923, 924, 925, 926, 927, 928, 929, 930, 931, 932, 933, 934, 935]","[43, 66, 71, 104, 411, 414, 417, 420, 430, 441, 446, 448, 449, 450, 468, 523, 541, 546, 575, 860, 862, 865, 868, 869, 872, 882, 896, 897, 915]","[411, 417, 862, 868]","[16, 89, 108, 125, 156, 163, 168, 172, 184, 205, 217, 221, 222, 229, 239, 253, 258, 264, 265, 280, 313, 317, 321, 336, 340, 341, 342, 343, 344, 345, 346, 349, 351, 352, 355, 356, 357, 359, 363, 364, 365, 366, 367, 368, 370, 371, 372, 373, 374, 375, 376, 377, 387, 388, 391, 392, 393, 394, 396, 402, 403, 409, 410, 411, 412, 413, 414, 415, 416, 417, 418, 419, 424, 425, 429, 430, 431, 433, 435, 437, 440, 441, 442, 443, 449, 451, 452, 454, 456, 457, 458, 460, 461, 464, 470, 471, 473, 474, 475, 480, 481, 482, 501, 560, 584, 596, 628, 635, 643, 655, 675, 685, 693, 703, 716, 720, 724, 725, 739, 771, 775, 779, 793, 796, 797, 798, 799, 800, 801, 804, 806, 807, 810, 811, 812, 814, 816, 817, 818, 820, 821, 822, 823, 824, 825, 826, 827, 837, 838, 841, 842, 843, 844, 846, 851, 852, 857, 859, 861, 862, 863, 864, 865, 866, 867, 868, 869, 870, 871, 876, 877, 881, 882, 883, 885, 888, 891, 892, 893, 897, 898, 899, 901, 904, 905, 907, 908, 911, 917, 918, 920, 921, 922, 923, 924, 926, 931, 932, 933]","[4, 12, 24, 25, 28, 31, 59, 88, 100, 104, 119, 123, 129, 135, 136, 137, 139, 140, 141, 142, 147, 148, 155, 169, 172, 179, 180, 183, 185, 188, 196, 198, 217, 218, 229, 232, 237, 264, 267, 269, 270, 278, 299, 318, 319, 320, 321, 324, 325, 330, 331, 334, 335, 338, 352, 354, 366, 367, 369, 380, 382, 383, 384, 386, 387, 395, 403, 405, 407, 408, 410, 411, 423, 428, 436, 437, 452, 453, 455, 456, 463, 465, 466, 467, 468, 470, 471, 472, 473, 477, 478, 479, 483, 484, 490, 497, 508, 511, 514, 535, 559, 571, 575, 590, 594, 600, 606, 607, 608, 610, 611, 612, 613, 618, 619, 627, 640, 643, 650, 651, 654, 656, 659, 667, 669, 685, 686, 693, 696, 701, 724, 726, 728, 729, 737, 758, 776, 777, 778, 779, 782, 783, 787, 788, 790, 791, 794, 807, 809, 817, 819, 830, 832, 833, 834, 836, 837, 845, 852, 854, 856, 857, 858, 860, 861, 862, 875, 880, 887, 888, 899, 900, 902, 910, 912, 913, 914, 915, 917, 918, 919, 920, 921, 928, 929, 930, 931, 934, 935]","[12, 24, 25, 28, 88, 100, 104, 119, 123, 129, 136, 137, 139, 140, 141, 148, 155, 169, 172, 179, 183, 185, 188, 196, 198, 217, 237, 267, 270, 278, 319, 321, 324, 325, 330, 334, 335, 354, 366, 369, 380, 383, 384, 386, 395, 407, 411, 423, 428, 436, 437, 452, 453, 456, 467, 471, 477, 478, 479, 497, 508, 511, 559, 571, 575, 590, 594, 600, 607, 608, 610, 611, 612, 619, 627, 640, 643, 650, 654, 656, 659, 667, 669, 685, 701, 726, 729, 737, 777, 779, 782, 783, 787, 790, 791, 809, 817, 819, 830, 833, 834, 836, 845, 856, 857, 860, 862, 875, 880, 887, 888, 899, 900, 914, 918, 921, 928, 929, 930]",7/6 successful match,True,[631],True,111,False,,,,,
"City , 84115 Premium Oil ( Chevron )",D 31801-484-1662 Salt Lake I-15-80 Exit 305 B ( 2100 S ),n D,City,84115,Premium Oil ( Chevron ),801-484-1662,2007,Salt Lake City,UT,Chevron,( 2100 S ),Salt Lake I-15-80 Exit 305 B ,Exit,305,False,,False,I-15-80,,,,,"[411, 862]","[411, 441, 862]","[43, 66, 71, 104, 411, 414, 417, 420, 430, 441, 446, 448, 449, 450, 468, 523, 541, 546, 575, 860, 862, 865, 868, 869, 872, 882, 896, 897, 915]","[411, 417, 862, 868]","[398, 399, 400, 401, 402, 403, 404, 405, 406, 407, 408, 409, 410, 411, 412, 413, 414, 415, 416, 417, 418, 419, 420, 421, 422, 423, 424, 425, 426, 427, 428, 429, 430, 431, 432, 433, 434, 435, 436, 437, 438, 439, 440, 441, 442, 443, 444, 445, 446, 447, 448, 449, 450, 451, 452, 453, 454, 455, 456, 457, 458, 459, 460, 461, 462, 463, 464, 465, 466, 467, 468, 469, 470, 471, 472, 473, 474, 475, 476, 477, 478, 479, 480, 481, 482, 483, 484, 848, 849, 850, 851, 852, 853, 854, 855, 856, 857, 858, 859, 860, 861, 862, 863, 864, 865, 866, 867, 868, 869, 870, 871, 872, 873, 874, 875, 876, 877, 878, 879, 880, 881, 882, 883, 884, 885, 886, 887, 888, 889, 890, 891, 892, 893, 894, 895, 896, 897, 898, 899, 900, 901, 902, 903, 904, 905, 906, 907, 908, 909, 910, 911, 912, 913, 914, 915, 916, 917, 918, 919, 920, 921, 922, 923, 924, 925, 926, 927, 928, 929, 930, 931, 932, 933, 934, 935]","[16, 89, 108, 125, 156, 163, 168, 172, 184, 205, 217, 221, 222, 229, 239, 253, 258, 264, 265, 280, 313, 317, 321, 336, 340, 341, 342, 343, 344, 345, 346, 349, 351, 352, 355, 356, 357, 359, 363, 364, 365, 366, 367, 368, 370, 371, 372, 373, 374, 375, 376, 377, 387, 388, 391, 392, 393, 394, 396, 402, 403, 409, 410, 411, 412, 413, 414, 415, 416, 417, 418, 419, 424, 425, 429, 430, 431, 433, 435, 437, 440, 441, 442, 443, 449, 451, 452, 454, 456, 457, 458, 460, 461, 464, 470, 471, 473, 474, 475, 480, 481, 482, 501, 560, 584, 596, 628, 635, 643, 655, 675, 685, 693, 703, 716, 720, 724, 725, 739, 771, 775, 779, 793, 796, 797, 798, 799, 800, 801, 804, 806, 807, 810, 811, 812, 814, 816, 817, 818, 820, 821, 822, 823, 824, 825, 826, 827, 837, 838, 841, 842, 843, 844, 846, 851, 852, 857, 859, 861, 862, 863, 864, 865, 866, 867, 868, 869, 870, 871, 876, 877, 881, 882, 883, 885, 888, 891, 892, 893, 897, 898, 899, 901, 904, 905, 907, 908, 911, 917, 918, 920, 921, 922, 923, 924, 926, 931, 932, 933]","[12, 24, 25, 28, 88, 100, 104, 119, 123, 129, 136, 137, 139, 140, 141, 148, 155, 169, 172, 179, 183, 185, 188, 196, 198, 217, 237, 267, 270, 278, 319, 321, 324, 325, 330, 334, 335, 354, 366, 369, 380, 383, 384, 386, 395, 407, 411, 423, 428, 436, 437, 452, 453, 456, 467, 471, 477, 478, 479, 497, 508, 511, 559, 571, 575, 590, 594, 600, 607, 608, 610, 611, 612, 619, 627, 640, 643, 650, 654, 656, 659, 667, 669, 685, 701, 726, 729, 737, 777, 779, 782, 783, 787, 790, 791, 809, 817, 819, 830, 833, 834, 836, 845, 856, 857, 860, 862, 875, 880, 887, 888, 899, 900, 914, 918, 921, 928, 929, 930]","[4, 12, 24, 25, 28, 31, 59, 88, 100, 104, 119, 123, 129, 135, 136, 137, 139, 140, 141, 142, 147, 148, 155, 169, 172, 179, 180, 183, 185, 188, 196, 198, 217, 218, 229, 232, 237, 264, 267, 269, 270, 278, 299, 318, 319, 320, 321, 324, 325, 330, 331, 334, 335, 338, 352, 354, 366, 367, 369, 380, 382, 383, 384, 386, 387, 395, 403, 405, 407, 408, 410, 411, 423, 428, 436, 437, 452, 453, 455, 456, 463, 465, 466, 467, 468, 470, 471, 472, 473, 477, 478, 479, 483, 484, 490, 497, 508, 511, 514, 535, 559, 571, 575, 590, 594, 600, 606, 607, 608, 610, 611, 612, 613, 618, 619, 627, 640, 643, 650, 651, 654, 656, 659, 667, 669, 685, 686, 693, 696, 701, 724, 726, 728, 729, 737, 758, 776, 777, 778, 779, 782, 783, 787, 788, 790, 791, 794, 807, 809, 817, 819, 830, 832, 833, 834, 836, 837, 845, 852, 854, 856, 857, 858, 860, 861, 862, 875, 880, 887, 888, 899, 900, 902, 910, 912, 913, 914, 915, 917, 918, 919, 920, 921, 928, 929, 930, 931, 934, 935]","[4, 12, 16, 24, 25, 28, 31, 43, 59, 66, 71, 88, 89, 100, 104, 108, 119, 123, 125, 129, 135, 136, 137, 139, 140, 141, 142, 147, 148, 155, 156, 163, 168, 169, 172, 179, 180, 183, 184, 185, 188, 196, 198, 205, 217, 218, 221, 222, 229, 232, 237, 239, 253, 258, 264, 265, 267, 269, 270, 278, 280, 299, 313, 317, 318, 319, 320, 321, 324, 325, 330, 331, 334, 335, 336, 338, 340, 341, 342, 343, 344, 345, 346, 349, 351, 352, 354, 355, 356, 357, 359, 363, 364, 365, 366, 367, 368, 369, 370, 371, 372, 373, 374, 375, 376, 377, 380, 382, 383, 384, 386, 387, 388, 391, 392, 393, 394, 395, 396, 398, 399, 400, 401, 402, 403, 404, 405, 406, 407, 408, 409, 410, 411, 412, 413, 414, 415, 416, 417, 418, 419, 420, 421, 422, 423, 424, 425, 426, 427, 428, 429, 430, 431, 432, 433, 434, 435, 436, 437, 438, 439, 440, 441, 442, 443, 444, 445, 446, 447, 448, 449, 450, 451, 452, 453, 454, 455, 456, 457, 458, 459, 460, 461, 462, 463, 464, 465, 466, 467, 468, 469, 470, 471, 472, 473, 474, 475, 476, 477, 478, 479, 480, 481, 482, 483, 484, 490, 497, 501, 508, 511, 514, 523, 535, 541, 546, 559, 560, 571, 575, 584, 590, 594, 596, 600, 606, 607, 608, 610, 611, 612, 613, 618, 619, 627, 628, 635, 640, 643, 650, 651, 654, 655, 656, 659, 667, 669, 675, 685, 686, 693, 696, 701, 703, 716, 720, 724, 725, 726, 728, 729, 737, 739, 758, 771, 775, 776, 777, 778, 779, 782, 783, 787, 788, 790, 791, 793, 794, 796, 797, 798, 799, 800, 801, 804, 806, 807, 809, 810, 811, 812, 814, 816, 817, 818, 819, 820, 821, 822, 823, 824, 825, 826, 827, 830, 832, 833, 834, 836, 837, 838, 841, 842, 843, 844, 845, 846, 848, 849, 850, 851, 852, 853, 854, 855, 856, 857, 858, 859, 860, 861, 862, 863, 864, 865, 866, 867, 868, 869, 870, 871, 872, 873, 874, 875, 876, 877, 878, 879, 880, 881, 882, 883, 884, 885, 886, 887, 888, 889, 890, 891, 892, 893, 894, 895, 896, 897, 898, 899, 900, 901, 902, 903, 904, 905, 906, 907, 908, 909, 910, 911, 912, 913, 914, 915, 916, 917, 918, 919, 920, 921, 922, 923, 924, 925, 926, 927, 928, 929, 930, 931, 932, 933, 934, 935]",True,"[411, 441, 862]","[398, 399, 400, 401, 402, 403, 404, 405, 406, 407, 408, 409, 410, 411, 412, 413, 414, 415, 416, 417, 418, 419, 420, 421, 422, 423, 424, 425, 426, 427, 428, 429, 430, 431, 432, 433, 434, 435, 436, 437, 438, 439, 440, 441, 442, 443, 444, 445, 446, 447, 448, 449, 450, 451, 452, 453, 454, 455, 456, 457, 458, 459, 460, 461, 462, 463, 464, 465, 466, 467, 468, 469, 470, 471, 472, 473, 474, 475, 476, 477, 478, 479, 480, 481, 482, 483, 484, 848, 849, 850, 851, 852, 853, 854, 855, 856, 857, 858, 859, 860, 861, 862, 863, 864, 865, 866, 867, 868, 869, 870, 871, 872, 873, 874, 875, 876, 877, 878, 879, 880, 881, 882, 883, 884, 885, 886, 887, 888, 889, 890, 891, 892, 893, 894, 895, 896, 897, 898, 899, 900, 901, 902, 903, 904, 905, 906, 907, 908, 909, 910, 911, 912, 913, 914, 915, 916, 917, 918, 919, 920, 921, 922, 923, 924, 925, 926, 927, 928, 929, 930, 931, 932, 933, 934, 935]","[43, 66, 71, 104, 411, 414, 417, 420, 430, 441, 446, 448, 449, 450, 468, 523, 541, 546, 575, 860, 862, 865, 868, 869, 872, 882, 896, 897, 915]","[411, 417, 862, 868]","[16, 89, 108, 125, 156, 163, 168, 172, 184, 205, 217, 221, 222, 229, 239, 253, 258, 264, 265, 280, 313, 317, 321, 336, 340, 341, 342, 343, 344, 345, 346, 349, 351, 352, 355, 356, 357, 359, 363, 364, 365, 366, 367, 368, 370, 371, 372, 373, 374, 375, 376, 377, 387, 388, 391, 392, 393, 394, 396, 402, 403, 409, 410, 411, 412, 413, 414, 415, 416, 417, 418, 419, 424, 425, 429, 430, 431, 433, 435, 437, 440, 441, 442, 443, 449, 451, 452, 454, 456, 457, 458, 460, 461, 464, 470, 471, 473, 474, 475, 480, 481, 482, 501, 560, 584, 596, 628, 635, 643, 655, 675, 685, 693, 703, 716, 720, 724, 725, 739, 771, 775, 779, 793, 796, 797, 798, 799, 800, 801, 804, 806, 807, 810, 811, 812, 814, 816, 817, 818, 820, 821, 822, 823, 824, 825, 826, 827, 837, 838, 841, 842, 843, 844, 846, 851, 852, 857, 859, 861, 862, 863, 864, 865, 866, 867, 868, 869, 870, 871, 876, 877, 881, 882, 883, 885, 888, 891, 892, 893, 897, 898, 899, 901, 904, 905, 907, 908, 911, 917, 918, 920, 921, 922, 923, 924, 926, 931, 932, 933]","[4, 12, 24, 25, 28, 31, 59, 88, 100, 104, 119, 123, 129, 135, 136, 137, 139, 140, 141, 142, 147, 148, 155, 169, 172, 179, 180, 183, 185, 188, 196, 198, 217, 218, 229, 232, 237, 264, 267, 269, 270, 278, 299, 318, 319, 320, 321, 324, 325, 330, 331, 334, 335, 338, 352, 354, 366, 367, 369, 380, 382, 383, 384, 386, 387, 395, 403, 405, 407, 408, 410, 411, 423, 428, 436, 437, 452, 453, 455, 456, 463, 465, 466, 467, 468, 470, 471, 472, 473, 477, 478, 479, 483, 484, 490, 497, 508, 511, 514, 535, 559, 571, 575, 590, 594, 600, 606, 607, 608, 610, 611, 612, 613, 618, 619, 627, 640, 643, 650, 651, 654, 656, 659, 667, 669, 685, 686, 693, 696, 701, 724, 726, 728, 729, 737, 758, 776, 777, 778, 779, 782, 783, 787, 788, 790, 791, 794, 807, 809, 817, 819, 830, 832, 833, 834, 836, 837, 845, 852, 854, 856, 857, 858, 860, 861, 862, 875, 880, 887, 888, 899, 900, 902, 910, 912, 913, 914, 915, 917, 918, 919, 920, 921, 928, 929, 930, 931, 934, 935]","[12, 24, 25, 28, 88, 100, 104, 119, 123, 129, 136, 137, 139, 140, 141, 148, 155, 169, 172, 179, 183, 185, 188, 196, 198, 217, 237, 267, 270, 278, 319, 321, 324, 325, 330, 334, 335, 354, 366, 369, 380, 383, 384, 386, 395, 407, 411, 423, 428, 436, 437, 452, 453, 456, 467, 471, 477, 478, 479, 497, 508, 511, 559, 571, 575, 590, 594, 600, 607, 608, 610, 611, 612, 619, 627, 640, 643, 650, 654, 656, 659, 667, 669, 685, 701, 726, 729, 737, 777, 779, 782, 783, 787, 790, 791, 809, 817, 819, 830, 833, 834, 836, 845, 856, 857, 860, 862, 875, 880, 887, 888, 899, 900, 914, 918, 921, 928, 929, 930]",7/6 successful match,True,[631],True,111,False,,1.0,True,Premium Oil ( Chevron ),Chevron
"Salt Lake City , 84115 Premium Oil ( Chevron )",801-484-1662 I-15-80 Exit 305 B ( 2100 S ),<U+2610><U+2610> <U+2610><U+2610> <U+2610>,Salt Lake City,84115,Premium Oil ( Chevron ),801-484-1662,2008,Salt Lake City,UT,Chevron,( 2100 S ),I-15-80 Exit 305 B ,Exit,305,False,,False,I-15-80,,,,,"[411, 862]","[411, 441, 862]","[43, 66, 71, 104, 411, 414, 417, 420, 430, 441, 446, 448, 449, 450, 468, 523, 541, 546, 575, 860, 862, 865, 868, 869, 872, 882, 896, 897, 915]","[411, 417, 862, 868]","[398, 399, 400, 401, 402, 403, 404, 405, 406, 407, 408, 409, 410, 411, 412, 413, 414, 415, 416, 417, 418, 419, 420, 421, 422, 423, 424, 425, 426, 427, 428, 429, 430, 431, 432, 433, 434, 435, 436, 437, 438, 439, 440, 441, 442, 443, 444, 445, 446, 447, 448, 449, 450, 451, 452, 453, 454, 455, 456, 457, 458, 459, 460, 461, 462, 463, 464, 465, 466, 467, 468, 469, 470, 471, 472, 473, 474, 475, 476, 477, 478, 479, 480, 481, 482, 483, 484, 848, 849, 850, 851, 852, 853, 854, 855, 856, 857, 858, 859, 860, 861, 862, 863, 864, 865, 866, 867, 868, 869, 870, 871, 872, 873, 874, 875, 876, 877, 878, 879, 880, 881, 882, 883, 884, 885, 886, 887, 888, 889, 890, 891, 892, 893, 894, 895, 896, 897, 898, 899, 900, 901, 902, 903, 904, 905, 906, 907, 908, 909, 910, 911, 912, 913, 914, 915, 916, 917, 918, 919, 920, 921, 922, 923, 924, 925, 926, 927, 928, 929, 930, 931, 932, 933, 934, 935]","[16, 89, 108, 125, 156, 163, 168, 172, 184, 205, 217, 221, 222, 229, 239, 253, 258, 264, 265, 280, 313, 317, 321, 336, 340, 341, 342, 343, 344, 345, 346, 349, 351, 352, 355, 356, 357, 359, 363, 364, 365, 366, 367, 368, 370, 371, 372, 373, 374, 375, 376, 377, 387, 388, 391, 392, 393, 394, 396, 402, 403, 409, 410, 411, 412, 413, 414, 415, 416, 417, 418, 419, 424, 425, 429, 430, 431, 433, 435, 437, 440, 441, 442, 443, 449, 451, 452, 454, 456, 457, 458, 460, 461, 464, 470, 471, 473, 474, 475, 480, 481, 482, 501, 560, 584, 596, 628, 635, 643, 655, 675, 685, 693, 703, 716, 720, 724, 725, 739, 771, 775, 779, 793, 796, 797, 798, 799, 800, 801, 804, 806, 807, 810, 811, 812, 814, 816, 817, 818, 820, 821, 822, 823, 824, 825, 826, 827, 837, 838, 841, 842, 843, 844, 846, 851, 852, 857, 859, 861, 862, 863, 864, 865, 866, 867, 868, 869, 870, 871, 876, 877, 881, 882, 883, 885, 888, 891, 892, 893, 897, 898, 899, 901, 904, 905, 907, 908, 911, 917, 918, 920, 921, 922, 923, 924, 926, 931, 932, 933]","[12, 24, 25, 28, 88, 100, 104, 119, 123, 129, 136, 137, 139, 140, 141, 148, 155, 169, 172, 179, 183, 185, 188, 196, 198, 217, 237, 267, 270, 278, 319, 321, 324, 325, 330, 334, 335, 354, 366, 369, 380, 383, 384, 386, 395, 407, 411, 423, 428, 436, 437, 452, 453, 456, 467, 471, 477, 478, 479, 497, 508, 511, 559, 571, 575, 590, 594, 600, 607, 608, 610, 611, 612, 619, 627, 640, 643, 650, 654, 656, 659, 667, 669, 685, 701, 726, 729, 737, 777, 779, 782, 783, 787, 790, 791, 809, 817, 819, 830, 833, 834, 836, 845, 856, 857, 860, 862, 875, 880, 887, 888, 899, 900, 914, 918, 921, 928, 929, 930]","[4, 12, 24, 25, 28, 31, 59, 88, 100, 104, 119, 123, 129, 135, 136, 137, 139, 140, 141, 142, 147, 148, 155, 169, 172, 179, 180, 183, 185, 188, 196, 198, 217, 218, 229, 232, 237, 264, 267, 269, 270, 278, 299, 318, 319, 320, 321, 324, 325, 330, 331, 334, 335, 338, 352, 354, 366, 367, 369, 380, 382, 383, 384, 386, 387, 395, 403, 405, 407, 408, 410, 411, 423, 428, 436, 437, 452, 453, 455, 456, 463, 465, 466, 467, 468, 470, 471, 472, 473, 477, 478, 479, 483, 484, 490, 497, 508, 511, 514, 535, 559, 571, 575, 590, 594, 600, 606, 607, 608, 610, 611, 612, 613, 618, 619, 627, 640, 643, 650, 651, 654, 656, 659, 667, 669, 685, 686, 693, 696, 701, 724, 726, 728, 729, 737, 758, 776, 777, 778, 779, 782, 783, 787, 788, 790, 791, 794, 807, 809, 817, 819, 830, 832, 833, 834, 836, 837, 845, 852, 854, 856, 857, 858, 860, 861, 862, 875, 880, 887, 888, 899, 900, 902, 910, 912, 913, 914, 915, 917, 918, 919, 920, 921, 928, 929, 930, 931, 934, 935]","[4, 12, 16, 24, 25, 28, 31, 43, 59, 66, 71, 88, 89, 100, 104, 108, 119, 123, 125, 129, 135, 136, 137, 139, 140, 141, 142, 147, 148, 155, 156, 163, 168, 169, 172, 179, 180, 183, 184, 185, 188, 196, 198, 205, 217, 218, 221, 222, 229, 232, 237, 239, 253, 258, 264, 265, 267, 269, 270, 278, 280, 299, 313, 317, 318, 319, 320, 321, 324, 325, 330, 331, 334, 335, 336, 338, 340, 341, 342, 343, 344, 345, 346, 349, 351, 352, 354, 355, 356, 357, 359, 363, 364, 365, 366, 367, 368, 369, 370, 371, 372, 373, 374, 375, 376, 377, 380, 382, 383, 384, 386, 387, 388, 391, 392, 393, 394, 395, 396, 398, 399, 400, 401, 402, 403, 404, 405, 406, 407, 408, 409, 410, 411, 412, 413, 414, 415, 416, 417, 418, 419, 420, 421, 422, 423, 424, 425, 426, 427, 428, 429, 430, 431, 432, 433, 434, 435, 436, 437, 438, 439, 440, 441, 442, 443, 444, 445, 446, 447, 448, 449, 450, 451, 452, 453, 454, 455, 456, 457, 458, 459, 460, 461, 462, 463, 464, 465, 466, 467, 468, 469, 470, 471, 472, 473, 474, 475, 476, 477, 478, 479, 480, 481, 482, 483, 484, 490, 497, 501, 508, 511, 514, 523, 535, 541, 546, 559, 560, 571, 575, 584, 590, 594, 596, 600, 606, 607, 608, 610, 611, 612, 613, 618, 619, 627, 628, 635, 640, 643, 650, 651, 654, 655, 656, 659, 667, 669, 675, 685, 686, 693, 696, 701, 703, 716, 720, 724, 725, 726, 728, 729, 737, 739, 758, 771, 775, 776, 777, 778, 779, 782, 783, 787, 788, 790, 791, 793, 794, 796, 797, 798, 799, 800, 801, 804, 806, 807, 809, 810, 811, 812, 814, 816, 817, 818, 819, 820, 821, 822, 823, 824, 825, 826, 827, 830, 832, 833, 834, 836, 837, 838, 841, 842, 843, 844, 845, 846, 848, 849, 850, 851, 852, 853, 854, 855, 856, 857, 858, 859, 860, 861, 862, 863, 864, 865, 866, 867, 868, 869, 870, 871, 872, 873, 874, 875, 876, 877, 878, 879, 880, 881, 882, 883, 884, 885, 886, 887, 888, 889, 890, 891, 892, 893, 894, 895, 896, 897, 898, 899, 900, 901, 902, 903, 904, 905, 906, 907, 908, 909, 910, 911, 912, 913, 914, 915, 916, 917, 918, 919, 920, 921, 922, 923, 924, 925, 926, 927, 928, 929, 930, 931, 932, 933, 934, 935]",True,"[411, 441, 862]","[398, 399, 400, 401, 402, 403, 404, 405, 406, 407, 408, 409, 410, 411, 412, 413, 414, 415, 416, 417, 418, 419, 420, 421, 422, 423, 424, 425, 426, 427, 428, 429, 430, 431, 432, 433, 434, 435, 436, 437, 438, 439, 440, 441, 442, 443, 444, 445, 446, 447, 448, 449, 450, 451, 452, 453, 454, 455, 456, 457, 458, 459, 460, 461, 462, 463, 464, 465, 466, 467, 468, 469, 470, 471, 472, 473, 474, 475, 476, 477, 478, 479, 480, 481, 482, 483, 484, 848, 849, 850, 851, 852, 853, 854, 855, 856, 857, 858, 859, 860, 861, 862, 863, 864, 865, 866, 867, 868, 869, 870, 871, 872, 873, 874, 875, 876, 877, 878, 879, 880, 881, 882, 883, 884, 885, 886, 887, 888, 889, 890, 891, 892, 893, 894, 895, 896, 897, 898, 899, 900, 901, 902, 903, 904, 905, 906, 907, 908, 909, 910, 911, 912, 913, 914, 915, 916, 917, 918, 919, 920, 921, 922, 923, 924, 925, 926, 927, 928, 929, 930, 931, 932, 933, 934, 935]","[43, 66, 71, 104, 411, 414, 417, 420, 430, 441, 446, 448, 449, 450, 468, 523, 541, 546, 575, 860, 862, 865, 868, 869, 872, 882, 896, 897, 915]","[411, 417, 862, 868]","[16, 89, 108, 125, 156, 163, 168, 172, 184, 205, 217, 221, 222, 229, 239, 253, 258, 264, 265, 280, 313, 317, 321, 336, 340, 341, 342, 343, 344, 345, 346, 349, 351, 352, 355, 356, 357, 359, 363, 364, 365, 366, 367, 368, 370, 371, 372, 373, 374, 375, 376, 377, 387, 388, 391, 392, 393, 394, 396, 402, 403, 409, 410, 411, 412, 413, 414, 415, 416, 417, 418, 419, 424, 425, 429, 430, 431, 433, 435, 437, 440, 441, 442, 443, 449, 451, 452, 454, 456, 457, 458, 460, 461, 464, 470, 471, 473, 474, 475, 480, 481, 482, 501, 560, 584, 596, 628, 635, 643, 655, 675, 685, 693, 703, 716, 720, 724, 725, 739, 771, 775, 779, 793, 796, 797, 798, 799, 800, 801, 804, 806, 807, 810, 811, 812, 814, 816, 817, 818, 820, 821, 822, 823, 824, 825, 826, 827, 837, 838, 841, 842, 843, 844, 846, 851, 852, 857, 859, 861, 862, 863, 864, 865, 866, 867, 868, 869, 870, 871, 876, 877, 881, 882, 883, 885, 888, 891, 892, 893, 897, 898, 899, 901, 904, 905, 907, 908, 911, 917, 918, 920, 921, 922, 923, 924, 926, 931, 932, 933]","[4, 12, 24, 25, 28, 31, 59, 88, 100, 104, 119, 123, 129, 135, 136, 137, 139, 140, 141, 142, 147, 148, 155, 169, 172, 179, 180, 183, 185, 188, 196, 198, 217, 218, 229, 232, 237, 264, 267, 269, 270, 278, 299, 318, 319, 320, 321, 324, 325, 330, 331, 334, 335, 338, 352, 354, 366, 367, 369, 380, 382, 383, 384, 386, 387, 395, 403, 405, 407, 408, 410, 411, 423, 428, 436, 437, 452, 453, 455, 456, 463, 465, 466, 467, 468, 470, 471, 472, 473, 477, 478, 479, 483, 484, 490, 497, 508, 511, 514, 535, 559, 571, 575, 590, 594, 600, 606, 607, 608, 610, 611, 612, 613, 618, 619, 627, 640, 643, 650, 651, 654, 656, 659, 667, 669, 685, 686, 693, 696, 701, 724, 726, 728, 729, 737, 758, 776, 777, 778, 779, 782, 783, 787, 788, 790, 791, 794, 807, 809, 817, 819, 830, 832, 833, 834, 836, 837, 845, 852, 854, 856, 857, 858, 860, 861, 862, 875, 880, 887, 888, 899, 900, 902, 910, 912, 913, 914, 915, 917, 918, 919, 920, 921, 928, 929, 930, 931, 934, 935]","[12, 24, 25, 28, 88, 100, 104, 119, 123, 129, 136, 137, 139, 140, 141, 148, 155, 169, 172, 179, 183, 185, 188, 196, 198, 217, 237, 267, 270, 278, 319, 321, 324, 325, 330, 334, 335, 354, 366, 369, 380, 383, 384, 386, 395, 407, 411, 423, 428, 436, 437, 452, 453, 456, 467, 471, 477, 478, 479, 497, 508, 511, 559, 571, 575, 590, 594, 600, 607, 608, 610, 611, 612, 619, 627, 640, 643, 650, 654, 656, 659, 667, 669, 685, 701, 726, 729, 737, 777, 779, 782, 783, 787, 790, 791, 809, 817, 819, 830, 833, 834, 836, 845, 856, 857, 860, 862, 875, 880, 887, 888, 899, 900, 914, 918, 921, 928, 929, 930]",7/6 successful match,True,[631],True,111,False,,1.0,True,Premium Oil ( Chevron ),Chevron
D Salt Lake City ( 84115 ) Premium Oil # 1 ( Chevron ),801-484-1662 I-15-80 Exit 305 B ( 2100 S ),,Salt Lake City,84115,Premium Oil # 1 ( Chevron ),801-484-1662,2014,Salt Lake City,UT,Chevron,( 2100 S ),I-15-80 Exit 305 B ,Exit,305,False,,False,I-15-80,,,,,"[411, 862]","[411, 441, 862]","[43, 66, 71, 104, 411, 414, 417, 420, 430, 441, 446, 448, 449, 450, 468, 523, 541, 546, 575, 860, 862, 865, 868, 869, 872, 882, 896, 897, 915]","[411, 417, 862, 868]","[398, 399, 400, 401, 402, 403, 404, 405, 406, 407, 408, 409, 410, 411, 412, 413, 414, 415, 416, 417, 418, 419, 420, 421, 422, 423, 424, 425, 426, 427, 428, 429, 430, 431, 432, 433, 434, 435, 436, 437, 438, 439, 440, 441, 442, 443, 444, 445, 446, 447, 448, 449, 450, 451, 452, 453, 454, 455, 456, 457, 458, 459, 460, 461, 462, 463, 464, 465, 466, 467, 468, 469, 470, 471, 472, 473, 474, 475, 476, 477, 478, 479, 480, 481, 482, 483, 484, 848, 849, 850, 851, 852, 853, 854, 855, 856, 857, 858, 859, 860, 861, 862, 863, 864, 865, 866, 867, 868, 869, 870, 871, 872, 873, 874, 875, 876, 877, 878, 879, 880, 881, 882, 883, 884, 885, 886, 887, 888, 889, 890, 891, 892, 893, 894, 895, 896, 897, 898, 899, 900, 901, 902, 903, 904, 905, 906, 907, 908, 909, 910, 911, 912, 913, 914, 915, 916, 917, 918, 919, 920, 921, 922, 923, 924, 925, 926, 927, 928, 929, 930, 931, 932, 933, 934, 935]","[16, 89, 108, 125, 156, 163, 168, 172, 184, 205, 217, 221, 222, 229, 239, 253, 258, 264, 265, 280, 313, 317, 321, 336, 340, 341, 342, 343, 344, 345, 346, 349, 351, 352, 355, 356, 357, 359, 363, 364, 365, 366, 367, 368, 370, 371, 372, 373, 374, 375, 376, 377, 387, 388, 391, 392, 393, 394, 396, 402, 403, 409, 410, 411, 412, 413, 414, 415, 416, 417, 418, 419, 424, 425, 429, 430, 431, 433, 435, 437, 440, 441, 442, 443, 449, 451, 452, 454, 456, 457, 458, 460, 461, 464, 470, 471, 473, 474, 475, 480, 481, 482, 501, 560, 584, 596, 628, 635, 643, 655, 675, 685, 693, 703, 716, 720, 724, 725, 739, 771, 775, 779, 793, 796, 797, 798, 799, 800, 801, 804, 806, 807, 810, 811, 812, 814, 816, 817, 818, 820, 821, 822, 823, 824, 825, 826, 827, 837, 838, 841, 842, 843, 844, 846, 851, 852, 857, 859, 861, 862, 863, 864, 865, 866, 867, 868, 869, 870, 871, 876, 877, 881, 882, 883, 885, 888, 891, 892, 893, 897, 898, 899, 901, 904, 905, 907, 908, 911, 917, 918, 920, 921, 922, 923, 924, 926, 931, 932, 933]","[12, 24, 25, 28, 88, 100, 104, 119, 123, 129, 136, 137, 139, 140, 141, 148, 155, 169, 172, 179, 183, 185, 188, 196, 198, 217, 237, 267, 270, 278, 319, 321, 324, 325, 330, 334, 335, 354, 366, 369, 380, 383, 384, 386, 395, 407, 411, 423, 428, 436, 437, 452, 453, 456, 467, 471, 477, 478, 479, 497, 508, 511, 559, 571, 575, 590, 594, 600, 607, 608, 610, 611, 612, 619, 627, 640, 643, 650, 654, 656, 659, 667, 669, 685, 701, 726, 729, 737, 777, 779, 782, 783, 787, 790, 791, 809, 817, 819, 830, 833, 834, 836, 845, 856, 857, 860, 862, 875, 880, 887, 888, 899, 900, 914, 918, 921, 928, 929, 930]","[4, 12, 24, 25, 28, 31, 59, 88, 100, 104, 119, 123, 129, 135, 136, 137, 139, 140, 141, 142, 147, 148, 155, 169, 172, 179, 180, 183, 185, 188, 196, 198, 217, 218, 229, 232, 237, 264, 267, 269, 270, 278, 299, 318, 319, 320, 321, 324, 325, 330, 331, 334, 335, 338, 352, 354, 366, 367, 369, 380, 382, 383, 384, 386, 387, 395, 403, 405, 407, 408, 410, 411, 423, 428, 436, 437, 452, 453, 455, 456, 463, 465, 466, 467, 468, 470, 471, 472, 473, 477, 478, 479, 483, 484, 490, 497, 508, 511, 514, 535, 559, 571, 575, 590, 594, 600, 606, 607, 608, 610, 611, 612, 613, 618, 619, 627, 640, 643, 650, 651, 654, 656, 659, 667, 669, 685, 686, 693, 696, 701, 724, 726, 728, 729, 737, 758, 776, 777, 778, 779, 782, 783, 787, 788, 790, 791, 794, 807, 809, 817, 819, 830, 832, 833, 834, 836, 837, 845, 852, 854, 856, 857, 858, 860, 861, 862, 875, 880, 887, 888, 899, 900, 902, 910, 912, 913, 914, 915, 917, 918, 919, 920, 921, 928, 929, 930, 931, 934, 935]","[4, 12, 16, 24, 25, 28, 31, 43, 59, 66, 71, 88, 89, 100, 104, 108, 119, 123, 125, 129, 135, 136, 137, 139, 140, 141, 142, 147, 148, 155, 156, 163, 168, 169, 172, 179, 180, 183, 184, 185, 188, 196, 198, 205, 217, 218, 221, 222, 229, 232, 237, 239, 253, 258, 264, 265, 267, 269, 270, 278, 280, 299, 313, 317, 318, 319, 320, 321, 324, 325, 330, 331, 334, 335, 336, 338, 340, 341, 342, 343, 344, 345, 346, 349, 351, 352, 354, 355, 356, 357, 359, 363, 364, 365, 366, 367, 368, 369, 370, 371, 372, 373, 374, 375, 376, 377, 380, 382, 383, 384, 386, 387, 388, 391, 392, 393, 394, 395, 396, 398, 399, 400, 401, 402, 403, 404, 405, 406, 407, 408, 409, 410, 411, 412, 413, 414, 415, 416, 417, 418, 419, 420, 421, 422, 423, 424, 425, 426, 427, 428, 429, 430, 431, 432, 433, 434, 435, 436, 437, 438, 439, 440, 441, 442, 443, 444, 445, 446, 447, 448, 449, 450, 451, 452, 453, 454, 455, 456, 457, 458, 459, 460, 461, 462, 463, 464, 465, 466, 467, 468, 469, 470, 471, 472, 473, 474, 475, 476, 477, 478, 479, 480, 481, 482, 483, 484, 490, 497, 501, 508, 511, 514, 523, 535, 541, 546, 559, 560, 571, 575, 584, 590, 594, 596, 600, 606, 607, 608, 610, 611, 612, 613, 618, 619, 627, 628, 635, 640, 643, 650, 651, 654, 655, 656, 659, 667, 669, 675, 685, 686, 693, 696, 701, 703, 716, 720, 724, 725, 726, 728, 729, 737, 739, 758, 771, 775, 776, 777, 778, 779, 782, 783, 787, 788, 790, 791, 793, 794, 796, 797, 798, 799, 800, 801, 804, 806, 807, 809, 810, 811, 812, 814, 816, 817, 818, 819, 820, 821, 822, 823, 824, 825, 826, 827, 830, 832, 833, 834, 836, 837, 838, 841, 842, 843, 844, 845, 846, 848, 849, 850, 851, 852, 853, 854, 855, 856, 857, 858, 859, 860, 861, 862, 863, 864, 865, 866, 867, 868, 869, 870, 871, 872, 873, 874, 875, 876, 877, 878, 879, 880, 881, 882, 883, 884, 885, 886, 887, 888, 889, 890, 891, 892, 893, 894, 895, 896, 897, 898, 899, 900, 901, 902, 903, 904, 905, 906, 907, 908, 909, 910, 911, 912, 913, 914, 915, 916, 917, 918, 919, 920, 921, 922, 923, 924, 925, 926, 927, 928, 929, 930, 931, 932, 933, 934, 935]",True,"[411, 441, 862]","[398, 399, 400, 401, 402, 403, 404, 405, 406, 407, 408, 409, 410, 411, 412, 413, 414, 415, 416, 417, 418, 419, 420, 421, 422, 423, 424, 425, 426, 427, 428, 429, 430, 431, 432, 433, 434, 435, 436, 437, 438, 439, 440, 441, 442, 443, 444, 445, 446, 447, 448, 449, 450, 451, 452, 453, 454, 455, 456, 457, 458, 459, 460, 461, 462, 463, 464, 465, 466, 467, 468, 469, 470, 471, 472, 473, 474, 475, 476, 477, 478, 479, 480, 481, 482, 483, 484, 848, 849, 850, 851, 852, 853, 854, 855, 856, 857, 858, 859, 860, 861, 862, 863, 864, 865, 866, 867, 868, 869, 870, 871, 872, 873, 874, 875, 876, 877, 878, 879, 880, 881, 882, 883, 884, 885, 886, 887, 888, 889, 890, 891, 892, 893, 894, 895, 896, 897, 898, 899, 900, 901, 902, 903, 904, 905, 906, 907, 908, 909, 910, 911, 912, 913, 914, 915, 916, 917, 918, 919, 920, 921, 922, 923, 924, 925, 926, 927, 928, 929, 930, 931, 932, 933, 934, 935]","[43, 66, 71, 104, 411, 414, 417, 420, 430, 441, 446, 448, 449, 450, 468, 523, 541, 546, 575, 860, 862, 865, 868, 869, 872, 882, 896, 897, 915]","[411, 417, 862, 868]","[16, 89, 108, 125, 156, 163, 168, 172, 184, 205, 217, 221, 222, 229, 239, 253, 258, 264, 265, 280, 313, 317, 321, 336, 340, 341, 342, 343, 344, 345, 346, 349, 351, 352, 355, 356, 357, 359, 363, 364, 365, 366, 367, 368, 370, 371, 372, 373, 374, 375, 376, 377, 387, 388, 391, 392, 393, 394, 396, 402, 403, 409, 410, 411, 412, 413, 414, 415, 416, 417, 418, 419, 424, 425, 429, 430, 431, 433, 435, 437, 440, 441, 442, 443, 449, 451, 452, 454, 456, 457, 458, 460, 461, 464, 470, 471, 473, 474, 475, 480, 481, 482, 501, 560, 584, 596, 628, 635, 643, 655, 675, 685, 693, 703, 716, 720, 724, 725, 739, 771, 775, 779, 793, 796, 797, 798, 799, 800, 801, 804, 806, 807, 810, 811, 812, 814, 816, 817, 818, 820, 821, 822, 823, 824, 825, 826, 827, 837, 838, 841, 842, 843, 844, 846, 851, 852, 857, 859, 861, 862, 863, 864, 865, 866, 867, 868, 869, 870, 871, 876, 877, 881, 882, 883, 885, 888, 891, 892, 893, 897, 898, 899, 901, 904, 905, 907, 908, 911, 917, 918, 920, 921, 922, 923, 924, 926, 931, 932, 933]","[4, 12, 24, 25, 28, 31, 59, 88, 100, 104, 119, 123, 129, 135, 136, 137, 139, 140, 141, 142, 147, 148, 155, 169, 172, 179, 180, 183, 185, 188, 196, 198, 217, 218, 229, 232, 237, 264, 267, 269, 270, 278, 299, 318, 319, 320, 321, 324, 325, 330, 331, 334, 335, 338, 352, 354, 366, 367, 369, 380, 382, 383, 384, 386, 387, 395, 403, 405, 407, 408, 410, 411, 423, 428, 436, 437, 452, 453, 455, 456, 463, 465, 466, 467, 468, 470, 471, 472, 473, 477, 478, 479, 483, 484, 490, 497, 508, 511, 514, 535, 559, 571, 575, 590, 594, 600, 606, 607, 608, 610, 611, 612, 613, 618, 619, 627, 640, 643, 650, 651, 654, 656, 659, 667, 669, 685, 686, 693, 696, 701, 724, 726, 728, 729, 737, 758, 776, 777, 778, 779, 782, 783, 787, 788, 790, 791, 794, 807, 809, 817, 819, 830, 832, 833, 834, 836, 837, 845, 852, 854, 856, 857, 858, 860, 861, 862, 875, 880, 887, 888, 899, 900, 902, 910, 912, 913, 914, 915, 917, 918, 919, 920, 921, 928, 929, 930, 931, 934, 935]","[12, 24, 25, 28, 88, 100, 104, 119, 123, 129, 136, 137, 139, 140, 141, 148, 155, 169, 172, 179, 183, 185, 188, 196, 198, 217, 237, 267, 270, 278, 319, 321, 324, 325, 330, 334, 335, 354, 366, 369, 380, 383, 384, 386, 395, 407, 411, 423, 428, 436, 437, 452, 453, 456, 467, 471, 477, 478, 479, 497, 508, 511, 559, 571, 575, 590, 594, 600, 607, 608, 610, 611, 612, 619, 627, 640, 643, 650, 654, 656, 659, 667, 669, 685, 701, 726, 729, 737, 777, 779, 782, 783, 787, 790, 791, 809, 817, 819, 830, 833, 834, 836, 845, 856, 857, 860, 862, 875, 880, 887, 888, 899, 900, 914, 918, 921, 928, 929, 930]",7/6 successful match,True,[631],True,111,False,,1.0,True,Premium Oil ( Chevron ),Chevron
D Salt Lake City ( 84115 ) Premium Oil # 1 ( Chevron ),3 801-484-1662 I-15-80 Exit 305 B ( 2100 S ),,Salt Lake City,84115,Premium Oil # 1 ( Chevron ),801-484-1662,2015,Salt Lake City,UT,Chevron,( 2100 S ),I-15-80 Exit 305 B ,Exit,305,False,,False,I-15-80,,,,,"[411, 862]","[411, 441, 862]","[43, 66, 71, 104, 411, 414, 417, 420, 430, 441, 446, 448, 449, 450, 468, 523, 541, 546, 575, 860, 862, 865, 868, 869, 872, 882, 896, 897, 915]","[411, 417, 862, 868]","[398, 399, 400, 401, 402, 403, 404, 405, 406, 407, 408, 409, 410, 411, 412, 413, 414, 415, 416, 417, 418, 419, 420, 421, 422, 423, 424, 425, 426, 427, 428, 429, 430, 431, 432, 433, 434, 435, 436, 437, 438, 439, 440, 441, 442, 443, 444, 445, 446, 447, 448, 449, 450, 451, 452, 453, 454, 455, 456, 457, 458, 459, 460, 461, 462, 463, 464, 465, 466, 467, 468, 469, 470, 471, 472, 473, 474, 475, 476, 477, 478, 479, 480, 481, 482, 483, 484, 848, 849, 850, 851, 852, 853, 854, 855, 856, 857, 858, 859, 860, 861, 862, 863, 864, 865, 866, 867, 868, 869, 870, 871, 872, 873, 874, 875, 876, 877, 878, 879, 880, 881, 882, 883, 884, 885, 886, 887, 888, 889, 890, 891, 892, 893, 894, 895, 896, 897, 898, 899, 900, 901, 902, 903, 904, 905, 906, 907, 908, 909, 910, 911, 912, 913, 914, 915, 916, 917, 918, 919, 920, 921, 922, 923, 924, 925, 926, 927, 928, 929, 930, 931, 932, 933, 934, 935]","[16, 89, 108, 125, 156, 163, 168, 172, 184, 205, 217, 221, 222, 229, 239, 253, 258, 264, 265, 280, 313, 317, 321, 336, 340, 341, 342, 343, 344, 345, 346, 349, 351, 352, 355, 356, 357, 359, 363, 364, 365, 366, 367, 368, 370, 371, 372, 373, 374, 375, 376, 377, 387, 388, 391, 392, 393, 394, 396, 402, 403, 409, 410, 411, 412, 413, 414, 415, 416, 417, 418, 419, 424, 425, 429, 430, 431, 433, 435, 437, 440, 441, 442, 443, 449, 451, 452, 454, 456, 457, 458, 460, 461, 464, 470, 471, 473, 474, 475, 480, 481, 482, 501, 560, 584, 596, 628, 635, 643, 655, 675, 685, 693, 703, 716, 720, 724, 725, 739, 771, 775, 779, 793, 796, 797, 798, 799, 800, 801, 804, 806, 807, 810, 811, 812, 814, 816, 817, 818, 820, 821, 822, 823, 824, 825, 826, 827, 837, 838, 841, 842, 843, 844, 846, 851, 852, 857, 859, 861, 862, 863, 864, 865, 866, 867, 868, 869, 870, 871, 876, 877, 881, 882, 883, 885, 888, 891, 892, 893, 897, 898, 899, 901, 904, 905, 907, 908, 911, 917, 918, 920, 921, 922, 923, 924, 926, 931, 932, 933]","[12, 24, 25, 28, 88, 100, 104, 119, 123, 129, 136, 137, 139, 140, 141, 148, 155, 169, 172, 179, 183, 185, 188, 196, 198, 217, 237, 267, 270, 278, 319, 321, 324, 325, 330, 334, 335, 354, 366, 369, 380, 383, 384, 386, 395, 407, 411, 423, 428, 436, 437, 452, 453, 456, 467, 471, 477, 478, 479, 497, 508, 511, 559, 571, 575, 590, 594, 600, 607, 608, 610, 611, 612, 619, 627, 640, 643, 650, 654, 656, 659, 667, 669, 685, 701, 726, 729, 737, 777, 779, 782, 783, 787, 790, 791, 809, 817, 819, 830, 833, 834, 836, 845, 856, 857, 860, 862, 875, 880, 887, 888, 899, 900, 914, 918, 921, 928, 929, 930]","[4, 12, 24, 25, 28, 31, 59, 88, 100, 104, 119, 123, 129, 135, 136, 137, 139, 140, 141, 142, 147, 148, 155, 169, 172, 179, 180, 183, 185, 188, 196, 198, 217, 218, 229, 232, 237, 264, 267, 269, 270, 278, 299, 318, 319, 320, 321, 324, 325, 330, 331, 334, 335, 338, 352, 354, 366, 367, 369, 380, 382, 383, 384, 386, 387, 395, 403, 405, 407, 408, 410, 411, 423, 428, 436, 437, 452, 453, 455, 456, 463, 465, 466, 467, 468, 470, 471, 472, 473, 477, 478, 479, 483, 484, 490, 497, 508, 511, 514, 535, 559, 571, 575, 590, 594, 600, 606, 607, 608, 610, 611, 612, 613, 618, 619, 627, 640, 643, 650, 651, 654, 656, 659, 667, 669, 685, 686, 693, 696, 701, 724, 726, 728, 729, 737, 758, 776, 777, 778, 779, 782, 783, 787, 788, 790, 791, 794, 807, 809, 817, 819, 830, 832, 833, 834, 836, 837, 845, 852, 854, 856, 857, 858, 860, 861, 862, 875, 880, 887, 888, 899, 900, 902, 910, 912, 913, 914, 915, 917, 918, 919, 920, 921, 928, 929, 930, 931, 934, 935]","[4, 12, 16, 24, 25, 28, 31, 43, 59, 66, 71, 88, 89, 100, 104, 108, 119, 123, 125, 129, 135, 136, 137, 139, 140, 141, 142, 147, 148, 155, 156, 163, 168, 169, 172, 179, 180, 183, 184, 185, 188, 196, 198, 205, 217, 218, 221, 222, 229, 232, 237, 239, 253, 258, 264, 265, 267, 269, 270, 278, 280, 299, 313, 317, 318, 319, 320, 321, 324, 325, 330, 331, 334, 335, 336, 338, 340, 341, 342, 343, 344, 345, 346, 349, 351, 352, 354, 355, 356, 357, 359, 363, 364, 365, 366, 367, 368, 369, 370, 371, 372, 373, 374, 375, 376, 377, 380, 382, 383, 384, 386, 387, 388, 391, 392, 393, 394, 395, 396, 398, 399, 400, 401, 402, 403, 404, 405, 406, 407, 408, 409, 410, 411, 412, 413, 414, 415, 416, 417, 418, 419, 420, 421, 422, 423, 424, 425, 426, 427, 428, 429, 430, 431, 432, 433, 434, 435, 436, 437, 438, 439, 440, 441, 442, 443, 444, 445, 446, 447, 448, 449, 450, 451, 452, 453, 454, 455, 456, 457, 458, 459, 460, 461, 462, 463, 464, 465, 466, 467, 468, 469, 470, 471, 472, 473, 474, 475, 476, 477, 478, 479, 480, 481, 482, 483, 484, 490, 497, 501, 508, 511, 514, 523, 535, 541, 546, 559, 560, 571, 575, 584, 590, 594, 596, 600, 606, 607, 608, 610, 611, 612, 613, 618, 619, 627, 628, 635, 640, 643, 650, 651, 654, 655, 656, 659, 667, 669, 675, 685, 686, 693, 696, 701, 703, 716, 720, 724, 725, 726, 728, 729, 737, 739, 758, 771, 775, 776, 777, 778, 779, 782, 783, 787, 788, 790, 791, 793, 794, 796, 797, 798, 799, 800, 801, 804, 806, 807, 809, 810, 811, 812, 814, 816, 817, 818, 819, 820, 821, 822, 823, 824, 825, 826, 827, 830, 832, 833, 834, 836, 837, 838, 841, 842, 843, 844, 845, 846, 848, 849, 850, 851, 852, 853, 854, 855, 856, 857, 858, 859, 860, 861, 862, 863, 864, 865, 866, 867, 868, 869, 870, 871, 872, 873, 874, 875, 876, 877, 878, 879, 880, 881, 882, 883, 884, 885, 886, 887, 888, 889, 890, 891, 892, 893, 894, 895, 896, 897, 898, 899, 900, 901, 902, 903, 904, 905, 906, 907, 908, 909, 910, 911, 912, 913, 914, 915, 916, 917, 918, 919, 920, 921, 922, 923, 924, 925, 926, 927, 928, 929, 930, 931, 932, 933, 934, 935]",True,"[411, 441, 862]","[398, 399, 400, 401, 402, 403, 404, 405, 406, 407, 408, 409, 410, 411, 412, 413, 414, 415, 416, 417, 418, 419, 420, 421, 422, 423, 424, 425, 426, 427, 428, 429, 430, 431, 432, 433, 434, 435, 436, 437, 438, 439, 440, 441, 442, 443, 444, 445, 446, 447, 448, 449, 450, 451, 452, 453, 454, 455, 456, 457, 458, 459, 460, 461, 462, 463, 464, 465, 466, 467, 468, 469, 470, 471, 472, 473, 474, 475, 476, 477, 478, 479, 480, 481, 482, 483, 484, 848, 849, 850, 851, 852, 853, 854, 855, 856, 857, 858, 859, 860, 861, 862, 863, 864, 865, 866, 867, 868, 869, 870, 871, 872, 873, 874, 875, 876, 877, 878, 879, 880, 881, 882, 883, 884, 885, 886, 887, 888, 889, 890, 891, 892, 893, 894, 895, 896, 897, 898, 899, 900, 901, 902, 903, 904, 905, 906, 907, 908, 909, 910, 911, 912, 913, 914, 915, 916, 917, 918, 919, 920, 921, 922, 923, 924, 925, 926, 927, 928, 929, 930, 931, 932, 933, 934, 935]","[43, 66, 71, 104, 411, 414, 417, 420, 430, 441, 446, 448, 449, 450, 468, 523, 541, 546, 575, 860, 862, 865, 868, 869, 872, 882, 896, 897, 915]","[411, 417, 862, 868]","[16, 89, 108, 125, 156, 163, 168, 172, 184, 205, 217, 221, 222, 229, 239, 253, 258, 264, 265, 280, 313, 317, 321, 336, 340, 341, 342, 343, 344, 345, 346, 349, 351, 352, 355, 356, 357, 359, 363, 364, 365, 366, 367, 368, 370, 371, 372, 373, 374, 375, 376, 377, 387, 388, 391, 392, 393, 394, 396, 402, 403, 409, 410, 411, 412, 413, 414, 415, 416, 417, 418, 419, 424, 425, 429, 430, 431, 433, 435, 437, 440, 441, 442, 443, 449, 451, 452, 454, 456, 457, 458, 460, 461, 464, 470, 471, 473, 474, 475, 480, 481, 482, 501, 560, 584, 596, 628, 635, 643, 655, 675, 685, 693, 703, 716, 720, 724, 725, 739, 771, 775, 779, 793, 796, 797, 798, 799, 800, 801, 804, 806, 807, 810, 811, 812, 814, 816, 817, 818, 820, 821, 822, 823, 824, 825, 826, 827, 837, 838, 841, 842, 843, 844, 846, 851, 852, 857, 859, 861, 862, 863, 864, 865, 866, 867, 868, 869, 870, 871, 876, 877, 881, 882, 883, 885, 888, 891, 892, 893, 897, 898, 899, 901, 904, 905, 907, 908, 911, 917, 918, 920, 921, 922, 923, 924, 926, 931, 932, 933]","[4, 12, 24, 25, 28, 31, 59, 88, 100, 104, 119, 123, 129, 135, 136, 137, 139, 140, 141, 142, 147, 148, 155, 169, 172, 179, 180, 183, 185, 188, 196, 198, 217, 218, 229, 232, 237, 264, 267, 269, 270, 278, 299, 318, 319, 320, 321, 324, 325, 330, 331, 334, 335, 338, 352, 354, 366, 367, 369, 380, 382, 383, 384, 386, 387, 395, 403, 405, 407, 408, 410, 411, 423, 428, 436, 437, 452, 453, 455, 456, 463, 465, 466, 467, 468, 470, 471, 472, 473, 477, 478, 479, 483, 484, 490, 497, 508, 511, 514, 535, 559, 571, 575, 590, 594, 600, 606, 607, 608, 610, 611, 612, 613, 618, 619, 627, 640, 643, 650, 651, 654, 656, 659, 667, 669, 685, 686, 693, 696, 701, 724, 726, 728, 729, 737, 758, 776, 777, 778, 779, 782, 783, 787, 788, 790, 791, 794, 807, 809, 817, 819, 830, 832, 833, 834, 836, 837, 845, 852, 854, 856, 857, 858, 860, 861, 862, 875, 880, 887, 888, 899, 900, 902, 910, 912, 913, 914, 915, 917, 918, 919, 920, 921, 928, 929, 930, 931, 934, 935]","[12, 24, 25, 28, 88, 100, 104, 119, 123, 129, 136, 137, 139, 140, 141, 148, 155, 169, 172, 179, 183, 185, 188, 196, 198, 217, 237, 267, 270, 278, 319, 321, 324, 325, 330, 334, 335, 354, 366, 369, 380, 383, 384, 386, 395, 407, 411, 423, 428, 436, 437, 452, 453, 456, 467, 471, 477, 478, 479, 497, 508, 511, 559, 571, 575, 590, 594, 600, 607, 608, 610, 611, 612, 619, 627, 640, 643, 650, 654, 656, 659, 667, 669, 685, 701, 726, 729, 737, 777, 779, 782, 783, 787, 790, 791, 809, 817, 819, 830, 833, 834, 836, 845, 856, 857, 860, 862, 875, 880, 887, 888, 899, 900, 914, 918, 921, 928, 929, 930]",7/6 successful match,True,[631],True,111,False,,1.0,True,Premium Oil # 1 ( Chevron ),Chevron
Salt Lake City ( 84115 ) Premium Oil # 1 ( Chevron ),3 801-484-1662 I-15-80 Exit 305 B ( 2100 S ),D <U+2610> <U+2610>,Salt Lake City,84115,Premium Oil # 1 ( Chevron ),801-484-1662,2016,Salt Lake City,UT,Chevron,( 2100 S ),I-15-80 Exit 305 B ,Exit,305,False,,False,I-15-80,,,,,"[411, 862]","[411, 441, 862]","[43, 66, 71, 104, 411, 414, 417, 420, 430, 441, 446, 448, 449, 450, 468, 523, 541, 546, 575, 860, 862, 865, 868, 869, 872, 882, 896, 897, 915]","[411, 417, 862, 868]","[398, 399, 400, 401, 402, 403, 404, 405, 406, 407, 408, 409, 410, 411, 412, 413, 414, 415, 416, 417, 418, 419, 420, 421, 422, 423, 424, 425, 426, 427, 428, 429, 430, 431, 432, 433, 434, 435, 436, 437, 438, 439, 440, 441, 442, 443, 444, 445, 446, 447, 448, 449, 450, 451, 452, 453, 454, 455, 456, 457, 458, 459, 460, 461, 462, 463, 464, 465, 466, 467, 468, 469, 470, 471, 472, 473, 474, 475, 476, 477, 478, 479, 480, 481, 482, 483, 484, 848, 849, 850, 851, 852, 853, 854, 855, 856, 857, 858, 859, 860, 861, 862, 863, 864, 865, 866, 867, 868, 869, 870, 871, 872, 873, 874, 875, 876, 877, 878, 879, 880, 881, 882, 883, 884, 885, 886, 887, 888, 889, 890, 891, 892, 893, 894, 895, 896, 897, 898, 899, 900, 901, 902, 903, 904, 905, 906, 907, 908, 909, 910, 911, 912, 913, 914, 915, 916, 917, 918, 919, 920, 921, 922, 923, 924, 925, 926, 927, 928, 929, 930, 931, 932, 933, 934, 935]","[16, 89, 108, 125, 156, 163, 168, 172, 184, 205, 217, 221, 222, 229, 239, 253, 258, 264, 265, 280, 313, 317, 321, 336, 340, 341, 342, 343, 344, 345, 346, 349, 351, 352, 355, 356, 357, 359, 363, 364, 365, 366, 367, 368, 370, 371, 372, 373, 374, 375, 376, 377, 387, 388, 391, 392, 393, 394, 396, 402, 403, 409, 410, 411, 412, 413, 414, 415, 416, 417, 418, 419, 424, 425, 429, 430, 431, 433, 435, 437, 440, 441, 442, 443, 449, 451, 452, 454, 456, 457, 458, 460, 461, 464, 470, 471, 473, 474, 475, 480, 481, 482, 501, 560, 584, 596, 628, 635, 643, 655, 675, 685, 693, 703, 716, 720, 724, 725, 739, 771, 775, 779, 793, 796, 797, 798, 799, 800, 801, 804, 806, 807, 810, 811, 812, 814, 816, 817, 818, 820, 821, 822, 823, 824, 825, 826, 827, 837, 838, 841, 842, 843, 844, 846, 851, 852, 857, 859, 861, 862, 863, 864, 865, 866, 867, 868, 869, 870, 871, 876, 877, 881, 882, 883, 885, 888, 891, 892, 893, 897, 898, 899, 901, 904, 905, 907, 908, 911, 917, 918, 920, 921, 922, 923, 924, 926, 931, 932, 933]","[12, 24, 25, 28, 88, 100, 104, 119, 123, 129, 136, 137, 139, 140, 141, 148, 155, 169, 172, 179, 183, 185, 188, 196, 198, 217, 237, 267, 270, 278, 319, 321, 324, 325, 330, 334, 335, 354, 366, 369, 380, 383, 384, 386, 395, 407, 411, 423, 428, 436, 437, 452, 453, 456, 467, 471, 477, 478, 479, 497, 508, 511, 559, 571, 575, 590, 594, 600, 607, 608, 610, 611, 612, 619, 627, 640, 643, 650, 654, 656, 659, 667, 669, 685, 701, 726, 729, 737, 777, 779, 782, 783, 787, 790, 791, 809, 817, 819, 830, 833, 834, 836, 845, 856, 857, 860, 862, 875, 880, 887, 888, 899, 900, 914, 918, 921, 928, 929, 930]","[4, 12, 24, 25, 28, 31, 59, 88, 100, 104, 119, 123, 129, 135, 136, 137, 139, 140, 141, 142, 147, 148, 155, 169, 172, 179, 180, 183, 185, 188, 196, 198, 217, 218, 229, 232, 237, 264, 267, 269, 270, 278, 299, 318, 319, 320, 321, 324, 325, 330, 331, 334, 335, 338, 352, 354, 366, 367, 369, 380, 382, 383, 384, 386, 387, 395, 403, 405, 407, 408, 410, 411, 423, 428, 436, 437, 452, 453, 455, 456, 463, 465, 466, 467, 468, 470, 471, 472, 473, 477, 478, 479, 483, 484, 490, 497, 508, 511, 514, 535, 559, 571, 575, 590, 594, 600, 606, 607, 608, 610, 611, 612, 613, 618, 619, 627, 640, 643, 650, 651, 654, 656, 659, 667, 669, 685, 686, 693, 696, 701, 724, 726, 728, 729, 737, 758, 776, 777, 778, 779, 782, 783, 787, 788, 790, 791, 794, 807, 809, 817, 819, 830, 832, 833, 834, 836, 837, 845, 852, 854, 856, 857, 858, 860, 861, 862, 875, 880, 887, 888, 899, 900, 902, 910, 912, 913, 914, 915, 917, 918, 919, 920, 921, 928, 929, 930, 931, 934, 935]","[4, 12, 16, 24, 25, 28, 31, 43, 59, 66, 71, 88, 89, 100, 104, 108, 119, 123, 125, 129, 135, 136, 137, 139, 140, 141, 142, 147, 148, 155, 156, 163, 168, 169, 172, 179, 180, 183, 184, 185, 188, 196, 198, 205, 217, 218, 221, 222, 229, 232, 237, 239, 253, 258, 264, 265, 267, 269, 270, 278, 280, 299, 313, 317, 318, 319, 320, 321, 324, 325, 330, 331, 334, 335, 336, 338, 340, 341, 342, 343, 344, 345, 346, 349, 351, 352, 354, 355, 356, 357, 359, 363, 364, 365, 366, 367, 368, 369, 370, 371, 372, 373, 374, 375, 376, 377, 380, 382, 383, 384, 386, 387, 388, 391, 392, 393, 394, 395, 396, 398, 399, 400, 401, 402, 403, 404, 405, 406, 407, 408, 409, 410, 411, 412, 413, 414, 415, 416, 417, 418, 419, 420, 421, 422, 423, 424, 425, 426, 427, 428, 429, 430, 431, 432, 433, 434, 435, 436, 437, 438, 439, 440, 441, 442, 443, 444, 445, 446, 447, 448, 449, 450, 451, 452, 453, 454, 455, 456, 457, 458, 459, 460, 461, 462, 463, 464, 465, 466, 467, 468, 469, 470, 471, 472, 473, 474, 475, 476, 477, 478, 479, 480, 481, 482, 483, 484, 490, 497, 501, 508, 511, 514, 523, 535, 541, 546, 559, 560, 571, 575, 584, 590, 594, 596, 600, 606, 607, 608, 610, 611, 612, 613, 618, 619, 627, 628, 635, 640, 643, 650, 651, 654, 655, 656, 659, 667, 669, 675, 685, 686, 693, 696, 701, 703, 716, 720, 724, 725, 726, 728, 729, 737, 739, 758, 771, 775, 776, 777, 778, 779, 782, 783, 787, 788, 790, 791, 793, 794, 796, 797, 798, 799, 800, 801, 804, 806, 807, 809, 810, 811, 812, 814, 816, 817, 818, 819, 820, 821, 822, 823, 824, 825, 826, 827, 830, 832, 833, 834, 836, 837, 838, 841, 842, 843, 844, 845, 846, 848, 849, 850, 851, 852, 853, 854, 855, 856, 857, 858, 859, 860, 861, 862, 863, 864, 865, 866, 867, 868, 869, 870, 871, 872, 873, 874, 875, 876, 877, 878, 879, 880, 881, 882, 883, 884, 885, 886, 887, 888, 889, 890, 891, 892, 893, 894, 895, 896, 897, 898, 899, 900, 901, 902, 903, 904, 905, 906, 907, 908, 909, 910, 911, 912, 913, 914, 915, 916, 917, 918, 919, 920, 921, 922, 923, 924, 925, 926, 927, 928, 929, 930, 931, 932, 933, 934, 935]",True,"[411, 441, 862]","[398, 399, 400, 401, 402, 403, 404, 405, 406, 407, 408, 409, 410, 411, 412, 413, 414, 415, 416, 417, 418, 419, 420, 421, 422, 423, 424, 425, 426, 427, 428, 429, 430, 431, 432, 433, 434, 435, 436, 437, 438, 439, 440, 441, 442, 443, 444, 445, 446, 447, 448, 449, 450, 451, 452, 453, 454, 455, 456, 457, 458, 459, 460, 461, 462, 463, 464, 465, 466, 467, 468, 469, 470, 471, 472, 473, 474, 475, 476, 477, 478, 479, 480, 481, 482, 483, 484, 848, 849, 850, 851, 852, 853, 854, 855, 856, 857, 858, 859, 860, 861, 862, 863, 864, 865, 866, 867, 868, 869, 870, 871, 872, 873, 874, 875, 876, 877, 878, 879, 880, 881, 882, 883, 884, 885, 886, 887, 888, 889, 890, 891, 892, 893, 894, 895, 896, 897, 898, 899, 900, 901, 902, 903, 904, 905, 906, 907, 908, 909, 910, 911, 912, 913, 914, 915, 916, 917, 918, 919, 920, 921, 922, 923, 924, 925, 926, 927, 928, 929, 930, 931, 932, 933, 934, 935]","[43, 66, 71, 104, 411, 414, 417, 420, 430, 441, 446, 448, 449, 450, 468, 523, 541, 546, 575, 860, 862, 865, 868, 869, 872, 882, 896, 897, 915]","[411, 417, 862, 868]","[16, 89, 108, 125, 156, 163, 168, 172, 184, 205, 217, 221, 222, 229, 239, 253, 258, 264, 265, 280, 313, 317, 321, 336, 340, 341, 342, 343, 344, 345, 346, 349, 351, 352, 355, 356, 357, 359, 363, 364, 365, 366, 367, 368, 370, 371, 372, 373, 374, 375, 376, 377, 387, 388, 391, 392, 393, 394, 396, 402, 403, 409, 410, 411, 412, 413, 414, 415, 416, 417, 418, 419, 424, 425, 429, 430, 431, 433, 435, 437, 440, 441, 442, 443, 449, 451, 452, 454, 456, 457, 458, 460, 461, 464, 470, 471, 473, 474, 475, 480, 481, 482, 501, 560, 584, 596, 628, 635, 643, 655, 675, 685, 693, 703, 716, 720, 724, 725, 739, 771, 775, 779, 793, 796, 797, 798, 799, 800, 801, 804, 806, 807, 810, 811, 812, 814, 816, 817, 818, 820, 821, 822, 823, 824, 825, 826, 827, 837, 838, 841, 842, 843, 844, 846, 851, 852, 857, 859, 861, 862, 863, 864, 865, 866, 867, 868, 869, 870, 871, 876, 877, 881, 882, 883, 885, 888, 891, 892, 893, 897, 898, 899, 901, 904, 905, 907, 908, 911, 917, 918, 920, 921, 922, 923, 924, 926, 931, 932, 933]","[4, 12, 24, 25, 28, 31, 59, 88, 100, 104, 119, 123, 129, 135, 136, 137, 139, 140, 141, 142, 147, 148, 155, 169, 172, 179, 180, 183, 185, 188, 196, 198, 217, 218, 229, 232, 237, 264, 267, 269, 270, 278, 299, 318, 319, 320, 321, 324, 325, 330, 331, 334, 335, 338, 352, 354, 366, 367, 369, 380, 382, 383, 384, 386, 387, 395, 403, 405, 407, 408, 410, 411, 423, 428, 436, 437, 452, 453, 455, 456, 463, 465, 466, 467, 468, 470, 471, 472, 473, 477, 478, 479, 483, 484, 490, 497, 508, 511, 514, 535, 559, 571, 575, 590, 594, 600, 606, 607, 608, 610, 611, 612, 613, 618, 619, 627, 640, 643, 650, 651, 654, 656, 659, 667, 669, 685, 686, 693, 696, 701, 724, 726, 728, 729, 737, 758, 776, 777, 778, 779, 782, 783, 787, 788, 790, 791, 794, 807, 809, 817, 819, 830, 832, 833, 834, 836, 837, 845, 852, 854, 856, 857, 858, 860, 861, 862, 875, 880, 887, 888, 899, 900, 902, 910, 912, 913, 914, 915, 917, 918, 919, 920, 921, 928, 929, 930, 931, 934, 935]","[12, 24, 25, 28, 88, 100, 104, 119, 123, 129, 136, 137, 139, 140, 141, 148, 155, 169, 172, 179, 183, 185, 188, 196, 198, 217, 237, 267, 270, 278, 319, 321, 324, 325, 330, 334, 335, 354, 366, 369, 380, 383, 384, 386, 395, 407, 411, 423, 428, 436, 437, 452, 453, 456, 467, 471, 477, 478, 479, 497, 508, 511, 559, 571, 575, 590, 594, 600, 607, 608, 610, 611, 612, 619, 627, 640, 643, 650, 654, 656, 659, 667, 669, 685, 701, 726, 729, 737, 777, 779, 782, 783, 787, 790, 791, 809, 817, 819, 830, 833, 834, 836, 845, 856, 857, 860, 862, 875, 880, 887, 888, 899, 900, 914, 918, 921, 928, 929, 930]",7/6 successful match,True,[631],True,111,False,,1.0,True,Premium Oil # 1 ( Chevron ),Chevron
,"<U+25A0><U+25A0> 3801-972-371181191-15-80 DSalt Lake City , 84119 Flying J Exit Travel 305 Plaza A ( UT # 201 0500007 W )",2400,,84119,,801-972-3711,2006,Salt Lake City,UT,,( UT # 201 0500007 W ),"81191-15-80 DSalt Lake City, Flying J Exit Travel 305 Plaza A",Exit,,True,unclear address_standardized_OFF_parenthesis,True,81191 15,,,,,"[417, 868, 869]",[],"[43, 66, 71, 104, 411, 414, 417, 420, 430, 441, 446, 448, 449, 450, 468, 523, 541, 546, 575, 860, 862, 865, 868, 869, 872, 882, 896, 897, 915]",[],"[398, 399, 400, 401, 402, 403, 404, 405, 406, 407, 408, 409, 410, 411, 412, 413, 414, 415, 416, 417, 418, 419, 420, 421, 422, 423, 424, 425, 426, 427, 428, 429, 430, 431, 432, 433, 434, 435, 436, 437, 438, 439, 440, 441, 442, 443, 444, 445, 446, 447, 448, 449, 450, 451, 452, 453, 454, 455, 456, 457, 458, 459, 460, 461, 462, 463, 464, 465, 466, 467, 468, 469, 470, 471, 472, 473, 474, 475, 476, 477, 478, 479, 480, 481, 482, 483, 484, 848, 849, 850, 851, 852, 853, 854, 855, 856, 857, 858, 859, 860, 861, 862, 863, 864, 865, 866, 867, 868, 869, 870, 871, 872, 873, 874, 875, 876, 877, 878, 879, 880, 881, 882, 883, 884, 885, 886, 887, 888, 889, 890, 891, 892, 893, 894, 895, 896, 897, 898, 899, 900, 901, 902, 903, 904, 905, 906, 907, 908, 909, 910, 911, 912, 913, 914, 915, 916, 917, 918, 919, 920, 921, 922, 923, 924, 925, 926, 927, 928, 929, 930, 931, 932, 933, 934, 935]","[16, 125, 156, 163, 168, 184, 205, 222, 229, 253, 258, 265, 313, 317, 336, 340, 341, 356, 363, 365, 366, 367, 370, 375, 388, 391, 394, 396, 402, 410, 411, 412, 413, 415, 416, 417, 418, 419, 425, 429, 431, 433, 435, 437, 440, 441, 442, 443, 451, 452, 456, 457, 458, 460, 461, 464, 471, 473, 474, 475, 481, 482, 501, 596, 628, 635, 655, 675, 693, 716, 720, 725, 771, 775, 793, 796, 797, 811, 817, 818, 820, 825, 838, 841, 844, 846, 851, 857, 861, 862, 863, 864, 866, 867, 868, 870, 871, 877, 881, 883, 885, 888, 891, 892, 893, 898, 899, 904, 905, 907, 908, 911, 918, 920, 921, 922, 923, 924, 926, 931, 933]",[],[],"[916, 917, 523, 918, 919, 16, 920, 921, 541, 922, 546, 923, 388, 924, 43, 925, 926, 927, 928, 575, 66, 929, 71, 930, 931, 932, 596, 933, 934, 935, 104, 391, 628, 635, 125, 655, 336, 156, 163, 675, 168, 340, 442, 341, 693, 184, 394, 716, 205, 720, 725, 375, 222, 229, 396, 253, 356, 258, 771, 775, 265, 793, 796, 797, 363, 811, 365, 817, 366, 818, 820, 367, 313, 825, 317, 370, 838, 841, 844, 846, 848, 849, 850, 851, 852, 853, 854, 855, 856, 857, 858, 859, 860, 861, 862, 863, 864, 865, 866, 867, 868, 869, 870, 871, 872, 873, 874, 875, 876, 877, 878, 879, 880, 881, 882, 883, 884, 885, 886, 887, 888, 889, 890, 891, 892, 893, 894, 895, 896, 897, 898, 899, 900, 901, 902, 903, 904, 905, 906, 907, 908, 909, 398, 399, 400, 401, 402, 915, 403, 404, 405, 406, 407, 408, 409, 411, 410, 412, 414, 413, 415, 417, 416, 418, 420, 419, 421, 422, 423, 424, 425, 426, 427, 428, 430, 429, 431, 432, 433, 434, 435, 436, 437, 438, 439, 441, 440, 443, 444, 445, 446, 447, 448, 449, 450, 451, 452, 453, 454, 455, 456, 457, 458, 459, 460, 461, 462, 463, 464, 465, 466, 467, 468, 469, 470, 471, 472, 473, 474, 475, 476, 477, 478, 479, 480, 481, 482, 483, 484, 910, 911, 912, 913, 501, 914]",True,[],"[398, 399, 400, 401, 402, 403, 404, 405, 406, 407, 408, 409, 410, 411, 412, 413, 414, 415, 416, 417, 418, 419, 420, 421, 422, 423, 424, 425, 426, 427, 428, 429, 430, 431, 432, 433, 434, 435, 436, 437, 438, 439, 440, 441, 442, 443, 444, 445, 446, 447, 448, 449, 450, 451, 452, 453, 454, 455, 456, 457, 458, 459, 460, 461, 462, 463, 464, 465, 466, 467, 468, 469, 470, 471, 472, 473, 474, 475, 476, 477, 478, 479, 480, 481, 482, 483, 484, 848, 849, 850, 851, 852, 853, 854, 855, 856, 857, 858, 859, 860, 861, 862, 863, 864, 865, 866, 867, 868, 869, 870, 871, 872, 873, 874, 875, 876, 877, 878, 879, 880, 881, 882, 883, 884, 885, 886, 887, 888, 889, 890, 891, 892, 893, 894, 895, 896, 897, 898, 899, 900, 901, 902, 903, 904, 905, 906, 907, 908, 909, 910, 911, 912, 913, 914, 915, 916, 917, 918, 919, 920, 921, 922, 923, 924, 925, 926, 927, 928, 929, 930, 931, 932, 933, 934, 935]","[43, 66, 71, 104, 411, 414, 417, 420, 430, 441, 446, 448, 449, 450, 468, 523, 541, 546, 575, 860, 862, 865, 868, 869, 872, 882, 896, 897, 915]",[],"[16, 125, 156, 163, 168, 184, 205, 222, 229, 253, 258, 265, 313, 317, 336, 340, 341, 356, 363, 365, 366, 367, 370, 375, 388, 391, 394, 396, 402, 410, 411, 412, 413, 415, 416, 417, 418, 419, 425, 429, 431, 433, 435, 437, 440, 441, 442, 443, 451, 452, 456, 457, 458, 460, 461, 464, 471, 473, 474, 475, 481, 482, 501, 596, 628, 635, 655, 675, 693, 716, 720, 725, 771, 775, 793, 796, 797, 811, 817, 818, 820, 825, 838, 841, 844, 846, 851, 857, 861, 862, 863, 864, 866, 867, 868, 870, 871, 877, 881, 883, 885, 888, 891, 892, 893, 898, 899, 904, 905, 907, 908, 911, 918, 920, 921, 922, 923, 924, 926, 931, 933]",[],[],7/6 successful match,True,[552],True,112,False,,,,,
"Salt Lake City , 84119 Flying J Travel Plaza # 0500007",801-972-3711 I-15-80 Exit 305 A ( UT 201 W ),,Salt Lake City,84119,Flying J Travel Plaza # 0500007,801-972-3711,2007,Salt Lake City,UT,Flying J,( UT 201 W ),I-15-80 Exit 305 A ,Exit,305,False,,False,I-15-80,,,,,"[417, 868, 869]",[],"[43, 66, 71, 104, 411, 414, 417, 420, 430, 441, 446, 448, 449, 450, 468, 523, 541, 546, 575, 860, 862, 865, 868, 869, 872, 882, 896, 897, 915]","[411, 417, 862, 868]","[398, 399, 400, 401, 402, 403, 404, 405, 406, 407, 408, 409, 410, 411, 412, 413, 414, 415, 416, 417, 418, 419, 420, 421, 422, 423, 424, 425, 426, 427, 428, 429, 430, 431, 432, 433, 434, 435, 436, 437, 438, 439, 440, 441, 442, 443, 444, 445, 446, 447, 448, 449, 450, 451, 452, 453, 454, 455, 456, 457, 458, 459, 460, 461, 462, 463, 464, 465, 466, 467, 468, 469, 470, 471, 472, 473, 474, 475, 476, 477, 478, 479, 480, 481, 482, 483, 484, 848, 849, 850, 851, 852, 853, 854, 855, 856, 857, 858, 859, 860, 861, 862, 863, 864, 865, 866, 867, 868, 869, 870, 871, 872, 873, 874, 875, 876, 877, 878, 879, 880, 881, 882, 883, 884, 885, 886, 887, 888, 889, 890, 891, 892, 893, 894, 895, 896, 897, 898, 899, 900, 901, 902, 903, 904, 905, 906, 907, 908, 909, 910, 911, 912, 913, 914, 915, 916, 917, 918, 919, 920, 921, 922, 923, 924, 925, 926, 927, 928, 929, 930, 931, 932, 933, 934, 935]","[16, 89, 108, 125, 156, 163, 168, 172, 184, 205, 217, 221, 222, 229, 239, 253, 258, 264, 265, 280, 313, 317, 321, 336, 340, 341, 342, 343, 344, 345, 346, 349, 351, 352, 355, 356, 357, 359, 363, 364, 365, 366, 367, 368, 370, 371, 372, 373, 374, 375, 376, 377, 387, 388, 391, 392, 393, 394, 396, 402, 403, 409, 410, 411, 412, 413, 414, 415, 416, 417, 418, 419, 424, 425, 429, 430, 431, 433, 435, 437, 440, 441, 442, 443, 449, 451, 452, 454, 456, 457, 458, 460, 461, 464, 470, 471, 473, 474, 475, 480, 481, 482, 501, 560, 584, 596, 628, 635, 643, 655, 675, 685, 693, 703, 716, 720, 724, 725, 739, 771, 775, 779, 793, 796, 797, 798, 799, 800, 801, 804, 806, 807, 810, 811, 812, 814, 816, 817, 818, 820, 821, 822, 823, 824, 825, 826, 827, 837, 838, 841, 842, 843, 844, 846, 851, 852, 857, 859, 861, 862, 863, 864, 865, 866, 867, 868, 869, 870, 871, 876, 877, 881, 882, 883, 885, 888, 891, 892, 893, 897, 898, 899, 901, 904, 905, 907, 908, 911, 917, 918, 920, 921, 922, 923, 924, 926, 931, 932, 933]","[17, 18, 19, 20, 21, 22, 23, 156, 157, 158, 159, 160, 161, 162, 163, 164, 165, 166, 167, 341, 342, 343, 344, 345, 412, 413, 414, 415, 416, 417, 418, 419, 420, 421, 422, 502, 503, 504, 505, 506, 507, 628, 629, 630, 631, 632, 633, 634, 635, 636, 637, 638, 639, 792, 797, 798, 799, 800, 801, 863, 864, 865, 866, 867, 868, 869, 870, 871, 872, 873, 874]","[17, 18, 19, 20, 21, 22, 23, 156, 157, 158, 159, 160, 161, 162, 163, 164, 165, 166, 167, 168, 340, 341, 342, 343, 344, 345, 346, 412, 413, 414, 415, 416, 417, 418, 419, 420, 421, 422, 502, 503, 504, 505, 506, 507, 628, 629, 630, 631, 632, 633, 634, 635, 636, 637, 638, 639, 792, 796, 797, 798, 799, 800, 801, 863, 864, 865, 866, 867, 868, 869, 870, 871, 872, 873, 874]","[16, 17, 18, 19, 20, 21, 22, 23, 43, 66, 71, 89, 104, 108, 125, 156, 157, 158, 159, 160, 161, 162, 163, 164, 165, 166, 167, 168, 172, 184, 205, 217, 221, 222, 229, 239, 253, 258, 264, 265, 280, 313, 317, 321, 336, 340, 341, 342, 343, 344, 345, 346, 349, 351, 352, 355, 356, 357, 359, 363, 364, 365, 366, 367, 368, 370, 371, 372, 373, 374, 375, 376, 377, 387, 388, 391, 392, 393, 394, 396, 398, 399, 400, 401, 402, 403, 404, 405, 406, 407, 408, 409, 410, 411, 412, 413, 414, 415, 416, 417, 418, 419, 420, 421, 422, 423, 424, 425, 426, 427, 428, 429, 430, 431, 432, 433, 434, 435, 436, 437, 438, 439, 440, 441, 442, 443, 444, 445, 446, 447, 448, 449, 450, 451, 452, 453, 454, 455, 456, 457, 458, 459, 460, 461, 462, 463, 464, 465, 466, 467, 468, 469, 470, 471, 472, 473, 474, 475, 476, 477, 478, 479, 480, 481, 482, 483, 484, 501, 502, 503, 504, 505, 506, 507, 523, 541, 546, 560, 575, 584, 596, 628, 629, 630, 631, 632, 633, 634, 635, 636, 637, 638, 639, 643, 655, 675, 685, 693, 703, 716, 720, 724, 725, 739, 771, 775, 779, 792, 793, 796, 797, 798, 799, 800, 801, 804, 806, 807, 810, 811, 812, 814, 816, 817, 818, 820, 821, 822, 823, 824, 825, 826, 827, 837, 838, 841, 842, 843, 844, 846, 848, 849, 850, 851, 852, 853, 854, 855, 856, 857, 858, 859, 860, 861, 862, 863, 864, 865, 866, 867, 868, 869, 870, 871, 872, 873, 874, 875, 876, 877, 878, 879, 880, 881, 882, 883, 884, 885, 886, 887, 888, 889, 890, 891, 892, 893, 894, 895, 896, 897, 898, 899, 900, 901, 902, 903, 904, 905, 906, 907, 908, 909, 910, 911, 912, 913, 914, 915, 916, 917, 918, 919, 920, 921, 922, 923, 924, 925, 926, 927, 928, 929, 930, 931, 932, 933, 934, 935]",True,[],"[398, 399, 400, 401, 402, 403, 404, 405, 406, 407, 408, 409, 410, 411, 412, 413, 414, 415, 416, 417, 418, 419, 420, 421, 422, 423, 424, 425, 426, 427, 428, 429, 430, 431, 432, 433, 434, 435, 436, 437, 438, 439, 440, 441, 442, 443, 444, 445, 446, 447, 448, 449, 450, 451, 452, 453, 454, 455, 456, 457, 458, 459, 460, 461, 462, 463, 464, 465, 466, 467, 468, 469, 470, 471, 472, 473, 474, 475, 476, 477, 478, 479, 480, 481, 482, 483, 484, 848, 849, 850, 851, 852, 853, 854, 855, 856, 857, 858, 859, 860, 861, 862, 863, 864, 865, 866, 867, 868, 869, 870, 871, 872, 873, 874, 875, 876, 877, 878, 879, 880, 881, 882, 883, 884, 885, 886, 887, 888, 889, 890, 891, 892, 893, 894, 895, 896, 897, 898, 899, 900, 901, 902, 903, 904, 905, 906, 907, 908, 909, 910, 911, 912, 913, 914, 915, 916, 917, 918, 919, 920, 921, 922, 923, 924, 925, 926, 927, 928, 929, 930, 931, 932, 933, 934, 935]","[43, 66, 71, 104, 411, 414, 417, 420, 430, 441, 446, 448, 449, 450, 468, 523, 541, 546, 575, 860, 862, 865, 868, 869, 872, 882, 896, 897, 915]","[411, 417, 862, 868]","[16, 89, 108, 125, 156, 163, 168, 172, 184, 205, 217, 221, 222, 229, 239, 253, 258, 264, 265, 280, 313, 317, 321, 336, 340, 341, 342, 343, 344, 345, 346, 349, 351, 352, 355, 356, 357, 359, 363, 364, 365, 366, 367, 368, 370, 371, 372, 373, 374, 375, 376, 377, 387, 388, 391, 392, 393, 394, 396, 402, 403, 409, 410, 411, 412, 413, 414, 415, 416, 417, 418, 419, 424, 425, 429, 430, 431, 433, 435, 437, 440, 441, 442, 443, 449, 451, 452, 454, 456, 457, 458, 460, 461, 464, 470, 471, 473, 474, 475, 480, 481, 482, 501, 560, 584, 596, 628, 635, 643, 655, 675, 685, 693, 703, 716, 720, 724, 725, 739, 771, 775, 779, 793, 796, 797, 798, 799, 800, 801, 804, 806, 807, 810, 811, 812, 814, 816, 817, 818, 820, 821, 822, 823, 824, 825, 826, 827, 837, 838, 841, 842, 843, 844, 846, 851, 852, 857, 859, 861, 862, 863, 864, 865, 866, 867, 868, 869, 870, 871, 876, 877, 881, 882, 883, 885, 888, 891, 892, 893, 897, 898, 899, 901, 904, 905, 907, 908, 911, 917, 918, 920, 921, 922, 923, 924, 926, 931, 932, 933]","[17, 18, 19, 20, 21, 22, 23, 156, 157, 158, 159, 160, 161, 162, 163, 164, 165, 166, 167, 168, 340, 341, 342, 343, 344, 345, 346, 412, 413, 414, 415, 416, 417, 418, 419, 420, 421, 422, 502, 503, 504, 505, 506, 507, 628, 629, 630, 631, 632, 633, 634, 635, 636, 637, 638, 639, 792, 796, 797, 798, 799, 800, 801, 863, 864, 865, 866, 867, 868, 869, 870, 871, 872, 873, 874]","[17, 18, 19, 20, 21, 22, 23, 156, 157, 158, 159, 160, 161, 162, 163, 164, 165, 166, 167, 341, 342, 343, 344, 345, 412, 413, 414, 415, 416, 417, 418, 419, 420, 421, 422, 502, 503, 504, 505, 506, 507, 628, 629, 630, 631, 632, 633, 634, 635, 636, 637, 638, 639, 792, 797, 798, 799, 800, 801, 863, 864, 865, 866, 867, 868, 869, 870, 871, 872, 873, 874]",7/6 successful match,True,[552],True,112,True,2007,0.0,True,,
"Salt Lake City , 84119 Flying J Travel Plaza # 0500007 24",3 801-972-3711 I-15-80 Exit 305 B ( UT 201 W ),24 24,Salt Lake City,84119,Flying J Travel Plaza # 0500007 24,801-972-3711,2008,Salt Lake City,UT,Flying J,( UT 201 W ),I-15-80 Exit 305 B ,Exit,305,False,,False,I-15-80,,,,,"[417, 868, 869]",[],"[43, 66, 71, 104, 411, 414, 417, 420, 430, 441, 446, 448, 449, 450, 468, 523, 541, 546, 575, 860, 862, 865, 868, 869, 872, 882, 896, 897, 915]","[411, 417, 862, 868]","[398, 399, 400, 401, 402, 403, 404, 405, 406, 407, 408, 409, 410, 411, 412, 413, 414, 415, 416, 417, 418, 419, 420, 421, 422, 423, 424, 425, 426, 427, 428, 429, 430, 431, 432, 433, 434, 435, 436, 437, 438, 439, 440, 441, 442, 443, 444, 445, 446, 447, 448, 449, 450, 451, 452, 453, 454, 455, 456, 457, 458, 459, 460, 461, 462, 463, 464, 465, 466, 467, 468, 469, 470, 471, 472, 473, 474, 475, 476, 477, 478, 479, 480, 481, 482, 483, 484, 848, 849, 850, 851, 852, 853, 854, 855, 856, 857, 858, 859, 860, 861, 862, 863, 864, 865, 866, 867, 868, 869, 870, 871, 872, 873, 874, 875, 876, 877, 878, 879, 880, 881, 882, 883, 884, 885, 886, 887, 888, 889, 890, 891, 892, 893, 894, 895, 896, 897, 898, 899, 900, 901, 902, 903, 904, 905, 906, 907, 908, 909, 910, 911, 912, 913, 914, 915, 916, 917, 918, 919, 920, 921, 922, 923, 924, 925, 926, 927, 928, 929, 930, 931, 932, 933, 934, 935]","[16, 89, 108, 125, 156, 163, 168, 172, 184, 205, 217, 221, 222, 229, 239, 253, 258, 264, 265, 280, 313, 317, 321, 336, 340, 341, 342, 343, 344, 345, 346, 349, 351, 352, 355, 356, 357, 359, 363, 364, 365, 366, 367, 368, 370, 371, 372, 373, 374, 375, 376, 377, 387, 388, 391, 392, 393, 394, 396, 402, 403, 409, 410, 411, 412, 413, 414, 415, 416, 417, 418, 419, 424, 425, 429, 430, 431, 433, 435, 437, 440, 441, 442, 443, 449, 451, 452, 454, 456, 457, 458, 460, 461, 464, 470, 471, 473, 474, 475, 480, 481, 482, 501, 560, 584, 596, 628, 635, 643, 655, 675, 685, 693, 703, 716, 720, 724, 725, 739, 771, 775, 779, 793, 796, 797, 798, 799, 800, 801, 804, 806, 807, 810, 811, 812, 814, 816, 817, 818, 820, 821, 822, 823, 824, 825, 826, 827, 837, 838, 841, 842, 843, 844, 846, 851, 852, 857, 859, 861, 862, 863, 864, 865, 866, 867, 868, 869, 870, 871, 876, 877, 881, 882, 883, 885, 888, 891, 892, 893, 897, 898, 899, 901, 904, 905, 907, 908, 911, 917, 918, 920, 921, 922, 923, 924, 926, 931, 932, 933]","[17, 18, 19, 20, 21, 22, 23, 156, 157, 158, 159, 160, 161, 162, 163, 164, 165, 166, 167, 341, 342, 343, 344, 345, 412, 413, 414, 415, 416, 417, 418, 419, 420, 421, 422, 502, 503, 504, 505, 506, 507, 628, 629, 630, 631, 632, 633, 634, 635, 636, 637, 638, 639, 792, 797, 798, 799, 800, 801, 863, 864, 865, 866, 867, 868, 869, 870, 871, 872, 873, 874]","[17, 18, 19, 20, 21, 22, 23, 103, 156, 157, 158, 159, 160, 161, 162, 163, 164, 165, 166, 167, 168, 340, 341, 342, 343, 344, 345, 346, 412, 413, 414, 415, 416, 417, 418, 419, 420, 421, 422, 502, 503, 504, 505, 506, 507, 574, 628, 629, 630, 631, 632, 633, 634, 635, 636, 637, 638, 639, 792, 796, 797, 798, 799, 800, 801, 863, 864, 865, 866, 867, 868, 869, 870, 871, 872, 873, 874]","[16, 17, 18, 19, 20, 21, 22, 23, 43, 66, 71, 89, 103, 104, 108, 125, 156, 157, 158, 159, 160, 161, 162, 163, 164, 165, 166, 167, 168, 172, 184, 205, 217, 221, 222, 229, 239, 253, 258, 264, 265, 280, 313, 317, 321, 336, 340, 341, 342, 343, 344, 345, 346, 349, 351, 352, 355, 356, 357, 359, 363, 364, 365, 366, 367, 368, 370, 371, 372, 373, 374, 375, 376, 377, 387, 388, 391, 392, 393, 394, 396, 398, 399, 400, 401, 402, 403, 404, 405, 406, 407, 408, 409, 410, 411, 412, 413, 414, 415, 416, 417, 418, 419, 420, 421, 422, 423, 424, 425, 426, 427, 428, 429, 430, 431, 432, 433, 434, 435, 436, 437, 438, 439, 440, 441, 442, 443, 444, 445, 446, 447, 448, 449, 450, 451, 452, 453, 454, 455, 456, 457, 458, 459, 460, 461, 462, 463, 464, 465, 466, 467, 468, 469, 470, 471, 472, 473, 474, 475, 476, 477, 478, 479, 480, 481, 482, 483, 484, 501, 502, 503, 504, 505, 506, 507, 523, 541, 546, 560, 574, 575, 584, 596, 628, 629, 630, 631, 632, 633, 634, 635, 636, 637, 638, 639, 643, 655, 675, 685, 693, 703, 716, 720, 724, 725, 739, 771, 775, 779, 792, 793, 796, 797, 798, 799, 800, 801, 804, 806, 807, 810, 811, 812, 814, 816, 817, 818, 820, 821, 822, 823, 824, 825, 826, 827, 837, 838, 841, 842, 843, 844, 846, 848, 849, 850, 851, 852, 853, 854, 855, 856, 857, 858, 859, 860, 861, 862, 863, 864, 865, 866, 867, 868, 869, 870, 871, 872, 873, 874, 875, 876, 877, 878, 879, 880, 881, 882, 883, 884, 885, 886, 887, 888, 889, 890, 891, 892, 893, 894, 895, 896, 897, 898, 899, 900, 901, 902, 903, 904, 905, 906, 907, 908, 909, 910, 911, 912, 913, 914, 915, 916, 917, 918, 919, 920, 921, 922, 923, 924, 925, 926, 927, 928, 929, 930, 931, 932, 933, 934, 935]",True,[],"[398, 399, 400, 401, 402, 403, 404, 405, 406, 407, 408, 409, 410, 411, 412, 413, 414, 415, 416, 417, 418, 419, 420, 421, 422, 423, 424, 425, 426, 427, 428, 429, 430, 431, 432, 433, 434, 435, 436, 437, 438, 439, 440, 441, 442, 443, 444, 445, 446, 447, 448, 449, 450, 451, 452, 453, 454, 455, 456, 457, 458, 459, 460, 461, 462, 463, 464, 465, 466, 467, 468, 469, 470, 471, 472, 473, 474, 475, 476, 477, 478, 479, 480, 481, 482, 483, 484, 848, 849, 850, 851, 852, 853, 854, 855, 856, 857, 858, 859, 860, 861, 862, 863, 864, 865, 866, 867, 868, 869, 870, 871, 872, 873, 874, 875, 876, 877, 878, 879, 880, 881, 882, 883, 884, 885, 886, 887, 888, 889, 890, 891, 892, 893, 894, 895, 896, 897, 898, 899, 900, 901, 902, 903, 904, 905, 906, 907, 908, 909, 910, 911, 912, 913, 914, 915, 916, 917, 918, 919, 920, 921, 922, 923, 924, 925, 926, 927, 928, 929, 930, 931, 932, 933, 934, 935]","[43, 66, 71, 104, 411, 414, 417, 420, 430, 441, 446, 448, 449, 450, 468, 523, 541, 546, 575, 860, 862, 865, 868, 869, 872, 882, 896, 897, 915]","[411, 417, 862, 868]","[16, 89, 108, 125, 156, 163, 168, 172, 184, 205, 217, 221, 222, 229, 239, 253, 258, 264, 265, 280, 313, 317, 321, 336, 340, 341, 342, 343, 344, 345, 346, 349, 351, 352, 355, 356, 357, 359, 363, 364, 365, 366, 367, 368, 370, 371, 372, 373, 374, 375, 376, 377, 387, 388, 391, 392, 393, 394, 396, 402, 403, 409, 410, 411, 412, 413, 414, 415, 416, 417, 418, 419, 424, 425, 429, 430, 431, 433, 435, 437, 440, 441, 442, 443, 449, 451, 452, 454, 456, 457, 458, 460, 461, 464, 470, 471, 473, 474, 475, 480, 481, 482, 501, 560, 584, 596, 628, 635, 643, 655, 675, 685, 693, 703, 716, 720, 724, 725, 739, 771, 775, 779, 793, 796, 797, 798, 799, 800, 801, 804, 806, 807, 810, 811, 812, 814, 816, 817, 818, 820, 821, 822, 823, 824, 825, 826, 827, 837, 838, 841, 842, 843, 844, 846, 851, 852, 857, 859, 861, 862, 863, 864, 865, 866, 867, 868, 869, 870, 871, 876, 877, 881, 882, 883, 885, 888, 891, 892, 893, 897, 898, 899, 901, 904, 905, 907, 908, 911, 917, 918, 920, 921, 922, 923, 924, 926, 931, 932, 933]","[17, 18, 19, 20, 21, 22, 23, 103, 156, 157, 158, 159, 160, 161, 162, 163, 164, 165, 166, 167, 168, 340, 341, 342, 343, 344, 345, 346, 412, 413, 414, 415, 416, 417, 418, 419, 420, 421, 422, 502, 503, 504, 505, 506, 507, 574, 628, 629, 630, 631, 632, 633, 634, 635, 636, 637, 638, 639, 792, 796, 797, 798, 799, 800, 801, 863, 864, 865, 866, 867, 868, 869, 870, 871, 872, 873, 874]","[17, 18, 19, 20, 21, 22, 23, 156, 157, 158, 159, 160, 161, 162, 163, 164, 165, 166, 167, 341, 342, 343, 344, 345, 412, 413, 414, 415, 416, 417, 418, 419, 420, 421, 422, 502, 503, 504, 505, 506, 507, 628, 629, 630, 631, 632, 633, 634, 635, 636, 637, 638, 639, 792, 797, 798, 799, 800, 801, 863, 864, 865, 866, 867, 868, 869, 870, 871, 872, 873, 874]",7/6 successful match,True,[552],True,112,False,,1.0,True,Flying J Travel Plaza # 0500007,Flying J
D Salt Lake City ( 84119 ) Flying J Travel Plaza # 746,3 801-972-3711 I-15 X 305 B / I-80 WB X 122 / UT 201 EB X17,24 ==== 24 D,Salt Lake City,84119,Flying J Travel Plaza # 746,801-972-3711,2014,Salt Lake City,UT,Flying J,,I-15 X 305 B / I-80 WB X 122 / UT 201 EB X17,Exit,305,False,,False,I-15,,122,17,UT-201,"[417, 868, 869]",[],"[43, 66, 71, 104, 411, 414, 417, 420, 430, 441, 446, 448, 449, 450, 468, 523, 541, 546, 575, 860, 862, 865, 868, 869, 872, 882, 896, 897, 915]","[38, 73, 143, 295, 394, 411, 417, 519, 547, 614, 754, 844, 862, 868, 869]","[398, 399, 400, 401, 402, 403, 404, 405, 406, 407, 408, 409, 410, 411, 412, 413, 414, 415, 416, 417, 418, 419, 420, 421, 422, 423, 424, 425, 426, 427, 428, 429, 430, 431, 432, 433, 434, 435, 436, 437, 438, 439, 440, 441, 442, 443, 444, 445, 446, 447, 448, 449, 450, 451, 452, 453, 454, 455, 456, 457, 458, 459, 460, 461, 462, 463, 464, 465, 466, 467, 468, 469, 470, 471, 472, 473, 474, 475, 476, 477, 478, 479, 480, 481, 482, 483, 484, 848, 849, 850, 851, 852, 853, 854, 855, 856, 857, 858, 859, 860, 861, 862, 863, 864, 865, 866, 867, 868, 869, 870, 871, 872, 873, 874, 875, 876, 877, 878, 879, 880, 881, 882, 883, 884, 885, 886, 887, 888, 889, 890, 891, 892, 893, 894, 895, 896, 897, 898, 899, 900, 901, 902, 903, 904, 905, 906, 907, 908, 909, 910, 911, 912, 913, 914, 915, 916, 917, 918, 919, 920, 921, 922, 923, 924, 925, 926, 927, 928, 929, 930, 931, 932, 933, 934, 935]","[16, 125, 156, 163, 168, 184, 205, 222, 229, 253, 258, 265, 313, 317, 336, 340, 341, 356, 363, 365, 366, 367, 370, 375, 388, 391, 394, 396, 399, 401, 402, 405, 408, 410, 411, 412, 413, 415, 416, 417, 418, 419, 425, 428, 429, 431, 433, 435, 436, 437, 439, 440, 441, 442, 443, 445, 447, 451, 452, 456, 457, 458, 460, 461, 464, 471, 473, 474, 475, 481, 482, 501, 596, 628, 635, 655, 675, 693, 716, 720, 725, 771, 775, 793, 796, 797, 811, 817, 818, 820, 825, 838, 841, 844, 846, 848, 850, 851, 854, 857, 858, 861, 862, 863, 864, 866, 867, 868, 870, 871, 877, 880, 881, 883, 885, 887, 888, 890, 891, 892, 893, 895, 898, 899, 904, 905, 907, 908, 911, 918, 920, 921, 922, 923, 924, 926, 927, 931, 933]","[17, 18, 19, 20, 21, 22, 23, 156, 157, 158, 159, 160, 161, 162, 163, 164, 165, 166, 167, 341, 342, 343, 344, 345, 412, 413, 414, 415, 416, 417, 418, 419, 420, 421, 422, 502, 503, 504, 505, 506, 507, 628, 629, 630, 631, 632, 633, 634, 635, 636, 637, 638, 639, 792, 797, 798, 799, 800, 801, 863, 864, 865, 866, 867, 868, 869, 870, 871, 872, 873, 874]","[17, 18, 19, 20, 21, 22, 23, 156, 157, 158, 159, 160, 161, 162, 163, 164, 165, 166, 167, 168, 340, 341, 342, 343, 344, 345, 346, 412, 413, 414, 415, 416, 417, 418, 419, 420, 421, 422, 502, 503, 504, 505, 506, 507, 628, 629, 630, 631, 632, 633, 634, 635, 636, 637, 638, 639, 792, 796, 797, 798, 799, 800, 801, 863, 864, 865, 866, 867, 868, 869, 870, 871, 872, 873, 874]","[916, 917, 519, 523, 918, 919, 16, 17, 18, 19, 920, 20, 21, 22, 23, 921, 541, 922, 546, 547, 923, 38, 388, 924, 43, 925, 926, 927, 928, 575, 66, 929, 71, 930, 73, 931, 932, 596, 933, 934, 935, 614, 104, 391, 628, 629, 630, 631, 632, 633, 634, 635, 636, 125, 637, 638, 639, 143, 655, 336, 156, 157, 158, 159, 160, 161, 162, 163, 675, 164, 165, 166, 168, 167, 340, 341, 693, 184, 342, 343, 344, 345, 716, 205, 346, 720, 725, 375, 222, 229, 396, 754, 253, 356, 258, 771, 775, 265, 792, 793, 796, 797, 798, 799, 800, 801, 363, 295, 811, 365, 817, 366, 818, 820, 367, 313, 825, 317, 370, 838, 841, 844, 846, 848, 849, 850, 851, 852, 853, 854, 855, 856, 857, 858, 859, 860, 861, 862, 863, 864, 865, 866, 867, 868, 869, 870, 871, 872, 873, 874, 875, 876, 877, 878, 879, 880, 881, 882, 883, 884, 885, 886, 887, 888, 889, 890, 891, 892, 893, 894, 895, 896, 897, 898, 899, 900, 901, 902, 903, 904, 905, 394, 906, 907, 908, 398, 399, 400, 401, 402, 915, 403, 404, 405, 406, 407, 408, 409, 411, 410, 412, 414, 413, 415, 417, 416, 418, 420, 419, 421, 422, 423, 424, 425, 426, 427, 428, 430, 429, 431, 432, 433, 434, 435, 436, 438, 439, 440, 441, 437, 442, 443, 444, 446, 445, 448, 449, 450, 447, 451, 452, 453, 454, 455, 456, 457, 458, 459, 460, 461, 462, 463, 464, 465, 466, 468, 467, 469, 470, 471, 472, 473, 474, 475, 476, 477, 478, 479, 480, 481, 482, 483, 484, 909, 910, 911, 503, 912, 913, 501, 502, 914, 504, 505, 506, 507]",True,[],"[398, 399, 400, 401, 402, 403, 404, 405, 406, 407, 408, 409, 410, 411, 412, 413, 414, 415, 416, 417, 418, 419, 420, 421, 422, 423, 424, 425, 426, 427, 428, 429, 430, 431, 432, 433, 434, 435, 436, 437, 438, 439, 440, 441, 442, 443, 444, 445, 446, 447, 448, 449, 450, 451, 452, 453, 454, 455, 456, 457, 458, 459, 460, 461, 462, 463, 464, 465, 466, 467, 468, 469, 470, 471, 472, 473, 474, 475, 476, 477, 478, 479, 480, 481, 482, 483, 484, 848, 849, 850, 851, 852, 853, 854, 855, 856, 857, 858, 859, 860, 861, 862, 863, 864, 865, 866, 867, 868, 869, 870, 871, 872, 873, 874, 875, 876, 877, 878, 879, 880, 881, 882, 883, 884, 885, 886, 887, 888, 889, 890, 891, 892, 893, 894, 895, 896, 897, 898, 899, 900, 901, 902, 903, 904, 905, 906, 907, 908, 909, 910, 911, 912, 913, 914, 915, 916, 917, 918, 919, 920, 921, 922, 923, 924, 925, 926, 927, 928, 929, 930, 931, 932, 933, 934, 935]","[43, 66, 71, 104, 411, 414, 417, 420, 430, 441, 446, 448, 449, 450, 468, 523, 541, 546, 575, 860, 862, 865, 868, 869, 872, 882, 896, 897, 915]","[38, 73, 143, 295, 394, 411, 417, 519, 547, 614, 754, 844, 862, 868, 869]","[16, 125, 156, 163, 168, 184, 205, 222, 229, 253, 258, 265, 313, 317, 336, 340, 341, 356, 363, 365, 366, 367, 370, 375, 388, 391, 394, 396, 399, 401, 402, 405, 408, 410, 411, 412, 413, 415, 416, 417, 418, 419, 425, 428, 429, 431, 433, 435, 436, 437, 439, 440, 441, 442, 443, 445, 447, 451, 452, 456, 457, 458, 460, 461, 464, 471, 473, 474, 475, 481, 482, 501, 596, 628, 635, 655, 675, 693, 716, 720, 725, 771, 775, 793, 796, 797, 811, 817, 818, 820, 825, 838, 841, 844, 846, 848, 850, 851, 854, 857, 858, 861, 862, 863, 864, 866, 867, 868, 870, 871, 877, 880, 881, 883, 885, 887, 888, 890, 891, 892, 893, 895, 898, 899, 904, 905, 907, 908, 911, 918, 920, 921, 922, 923, 924, 926, 927, 931, 933]","[17, 18, 19, 20, 21, 22, 23, 156, 157, 158, 159, 160, 161, 162, 163, 164, 165, 166, 167, 168, 340, 341, 342, 343, 344, 345, 346, 412, 413, 414, 415, 416, 417, 418, 419, 420, 421, 422, 502, 503, 504, 505, 506, 507, 628, 629, 630, 631, 632, 633, 634, 635, 636, 637, 638, 639, 792, 796, 797, 798, 799, 800, 801, 863, 864, 865, 866, 867, 868, 869, 870, 871, 872, 873, 874]","[17, 18, 19, 20, 21, 22, 23, 156, 157, 158, 159, 160, 161, 162, 163, 164, 165, 166, 167, 341, 342, 343, 344, 345, 412, 413, 414, 415, 416, 417, 418, 419, 420, 421, 422, 502, 503, 504, 505, 506, 507, 628, 629, 630, 631, 632, 633, 634, 635, 636, 637, 638, 639, 792, 797, 798, 799, 800, 801, 863, 864, 865, 866, 867, 868, 869, 870, 871, 872, 873, 874]",7/6 successful match,True,[552],True,112,False,,0.5557377049180328,True,Flying J Travel Plaza # 0500007 24,Flying J
D Salt Lake City ( 84119 ) Flying J Travel Plaza # 746 FLYING J,3 801-972-3711 I-15 X 305 B / I-80 WB X 122 / UT 201 EB X17,FLYING X17 J 24 LOO 24 <U+25A1><U+25A1><U+25A1>,Salt Lake City,84119,Flying J Travel Plaza # 746 FLYING J,801-972-3711,2015,Salt Lake City,UT,Flying J,,I-15 X 305 B / I-80 WB X 122 / UT 201 EB X17,Exit,305,False,,False,I-15,,122,17,UT-201,"[417, 868, 869]",[],"[43, 66, 71, 104, 411, 414, 417, 420, 430, 441, 446, 448, 449, 450, 468, 523, 541, 546, 575, 860, 862, 865, 868, 869, 872, 882, 896, 897, 915]","[38, 73, 143, 295, 394, 411, 417, 519, 547, 614, 754, 844, 862, 868, 869]","[398, 399, 400, 401, 402, 403, 404, 405, 406, 407, 408, 409, 410, 411, 412, 413, 414, 415, 416, 417, 418, 419, 420, 421, 422, 423, 424, 425, 426, 427, 428, 429, 430, 431, 432, 433, 434, 435, 436, 437, 438, 439, 440, 441, 442, 443, 444, 445, 446, 447, 448, 449, 450, 451, 452, 453, 454, 455, 456, 457, 458, 459, 460, 461, 462, 463, 464, 465, 466, 467, 468, 469, 470, 471, 472, 473, 474, 475, 476, 477, 478, 479, 480, 481, 482, 483, 484, 848, 849, 850, 851, 852, 853, 854, 855, 856, 857, 858, 859, 860, 861, 862, 863, 864, 865, 866, 867, 868, 869, 870, 871, 872, 873, 874, 875, 876, 877, 878, 879, 880, 881, 882, 883, 884, 885, 886, 887, 888, 889, 890, 891, 892, 893, 894, 895, 896, 897, 898, 899, 900, 901, 902, 903, 904, 905, 906, 907, 908, 909, 910, 911, 912, 913, 914, 915, 916, 917, 918, 919, 920, 921, 922, 923, 924, 925, 926, 927, 928, 929, 930, 931, 932, 933, 934, 935]","[16, 125, 156, 163, 168, 184, 205, 222, 229, 253, 258, 265, 313, 317, 336, 340, 341, 356, 363, 365, 366, 367, 370, 375, 388, 391, 394, 396, 399, 401, 402, 405, 408, 410, 411, 412, 413, 415, 416, 417, 418, 419, 425, 428, 429, 431, 433, 435, 436, 437, 439, 440, 441, 442, 443, 445, 447, 451, 452, 456, 457, 458, 460, 461, 464, 471, 473, 474, 475, 481, 482, 501, 596, 628, 635, 655, 675, 693, 716, 720, 725, 771, 775, 793, 796, 797, 811, 817, 818, 820, 825, 838, 841, 844, 846, 848, 850, 851, 854, 857, 858, 861, 862, 863, 864, 866, 867, 868, 870, 871, 877, 880, 881, 883, 885, 887, 888, 890, 891, 892, 893, 895, 898, 899, 904, 905, 907, 908, 911, 918, 920, 921, 922, 923, 924, 926, 927, 931, 933]","[17, 18, 19, 20, 21, 22, 23, 156, 157, 158, 159, 160, 161, 162, 163, 164, 165, 166, 167, 341, 342, 343, 344, 345, 412, 413, 414, 415, 416, 417, 418, 419, 420, 421, 422, 502, 503, 504, 505, 506, 507, 628, 629, 630, 631, 632, 633, 634, 635, 636, 637, 638, 639, 792, 797, 798, 799, 800, 801, 863, 864, 865, 866, 867, 868, 869, 870, 871, 872, 873, 874]","[17, 18, 19, 20, 21, 22, 23, 156, 157, 158, 159, 160, 161, 162, 163, 164, 165, 166, 167, 168, 340, 341, 342, 343, 344, 345, 346, 412, 413, 414, 415, 416, 417, 418, 419, 420, 421, 422, 502, 503, 504, 505, 506, 507, 628, 629, 630, 631, 632, 633, 634, 635, 636, 637, 638, 639, 792, 796, 797, 798, 799, 800, 801, 863, 864, 865, 866, 867, 868, 869, 870, 871, 872, 873, 874]","[916, 917, 519, 523, 918, 919, 16, 17, 18, 19, 920, 20, 21, 22, 23, 921, 541, 922, 546, 547, 923, 38, 388, 924, 43, 925, 926, 927, 928, 575, 66, 929, 71, 930, 73, 931, 932, 596, 933, 934, 935, 614, 104, 391, 628, 629, 630, 631, 632, 633, 634, 635, 636, 125, 637, 638, 639, 143, 655, 336, 156, 157, 158, 159, 160, 161, 162, 163, 675, 164, 165, 166, 168, 167, 340, 341, 693, 184, 342, 343, 344, 345, 716, 205, 346, 720, 725, 375, 222, 229, 396, 754, 253, 356, 258, 771, 775, 265, 792, 793, 796, 797, 798, 799, 800, 801, 363, 295, 811, 365, 817, 366, 818, 820, 367, 313, 825, 317, 370, 838, 841, 844, 846, 848, 849, 850, 851, 852, 853, 854, 855, 856, 857, 858, 859, 860, 861, 862, 863, 864, 865, 866, 867, 868, 869, 870, 871, 872, 873, 874, 875, 876, 877, 878, 879, 880, 881, 882, 883, 884, 885, 886, 887, 888, 889, 890, 891, 892, 893, 894, 895, 896, 897, 898, 899, 900, 901, 902, 903, 904, 905, 394, 906, 907, 908, 398, 399, 400, 401, 402, 915, 403, 404, 405, 406, 407, 408, 409, 411, 410, 412, 414, 413, 415, 417, 416, 418, 420, 419, 421, 422, 423, 424, 425, 426, 427, 428, 430, 429, 431, 432, 433, 434, 435, 436, 438, 439, 440, 441, 437, 442, 443, 444, 446, 445, 448, 449, 450, 447, 451, 452, 453, 454, 455, 456, 457, 458, 459, 460, 461, 462, 463, 464, 465, 466, 468, 467, 469, 470, 471, 472, 473, 474, 475, 476, 477, 478, 479, 480, 481, 482, 483, 484, 909, 910, 911, 503, 912, 913, 501, 502, 914, 504, 505, 506, 507]",True,[],"[398, 399, 400, 401, 402, 403, 404, 405, 406, 407, 408, 409, 410, 411, 412, 413, 414, 415, 416, 417, 418, 419, 420, 421, 422, 423, 424, 425, 426, 427, 428, 429, 430, 431, 432, 433, 434, 435, 436, 437, 438, 439, 440, 441, 442, 443, 444, 445, 446, 447, 448, 449, 450, 451, 452, 453, 454, 455, 456, 457, 458, 459, 460, 461, 462, 463, 464, 465, 466, 467, 468, 469, 470, 471, 472, 473, 474, 475, 476, 477, 478, 479, 480, 481, 482, 483, 484, 848, 849, 850, 851, 852, 853, 854, 855, 856, 857, 858, 859, 860, 861, 862, 863, 864, 865, 866, 867, 868, 869, 870, 871, 872, 873, 874, 875, 876, 877, 878, 879, 880, 881, 882, 883, 884, 885, 886, 887, 888, 889, 890, 891, 892, 893, 894, 895, 896, 897, 898, 899, 900, 901, 902, 903, 904, 905, 906, 907, 908, 909, 910, 911, 912, 913, 914, 915, 916, 917, 918, 919, 920, 921, 922, 923, 924, 925, 926, 927, 928, 929, 930, 931, 932, 933, 934, 935]","[43, 66, 71, 104, 411, 414, 417, 420, 430, 441, 446, 448, 449, 450, 468, 523, 541, 546, 575, 860, 862, 865, 868, 869, 872, 882, 896, 897, 915]","[38, 73, 143, 295, 394, 411, 417, 519, 547, 614, 754, 844, 862, 868, 869]","[16, 125, 156, 163, 168, 184, 205, 222, 229, 253, 258, 265, 313, 317, 336, 340, 341, 356, 363, 365, 366, 367, 370, 375, 388, 391, 394, 396, 399, 401, 402, 405, 408, 410, 411, 412, 413, 415, 416, 417, 418, 419, 425, 428, 429, 431, 433, 435, 436, 437, 439, 440, 441, 442, 443, 445, 447, 451, 452, 456, 457, 458, 460, 461, 464, 471, 473, 474, 475, 481, 482, 501, 596, 628, 635, 655, 675, 693, 716, 720, 725, 771, 775, 793, 796, 797, 811, 817, 818, 820, 825, 838, 841, 844, 846, 848, 850, 851, 854, 857, 858, 861, 862, 863, 864, 866, 867, 868, 870, 871, 877, 880, 881, 883, 885, 887, 888, 890, 891, 892, 893, 895, 898, 899, 904, 905, 907, 908, 911, 918, 920, 921, 922, 923, 924, 926, 927, 931, 933]","[17, 18, 19, 20, 21, 22, 23, 156, 157, 158, 159, 160, 161, 162, 163, 164, 165, 166, 167, 168, 340, 341, 342, 343, 344, 345, 346, 412, 413, 414, 415, 416, 417, 418, 419, 420, 421, 422, 502, 503, 504, 505, 506, 507, 628, 629, 630, 631, 632, 633, 634, 635, 636, 637, 638, 639, 792, 796, 797, 798, 799, 800, 801, 863, 864, 865, 866, 867, 868, 869, 870, 871, 872, 873, 874]","[17, 18, 19, 20, 21, 22, 23, 156, 157, 158, 159, 160, 161, 162, 163, 164, 165, 166, 167, 341, 342, 343, 344, 345, 412, 413, 414, 415, 416, 417, 418, 419, 420, 421, 422, 502, 503, 504, 505, 506, 507, 628, 629, 630, 631, 632, 633, 634, 635, 636, 637, 638, 639, 792, 797, 798, 799, 800, 801, 863, 864, 865, 866, 867, 868, 869, 870, 871, 872, 873, 874]",7/6 successful match,True,[552],True,112,False,,1.0,True,Flying J Travel Plaza # 746,Flying J
Salt Lake City ( 84119 ) Flying J Travel Plaza # 746 FLYING,801-972-3711 I-15 X 305 B / I-80 WB X 122 / UT 201 EB,FLYING X17 J 24,Salt Lake City,84119,Flying J Travel Plaza # 746 FLYING,801-972-3711,2016,Salt Lake City,UT,Flying J,,I-15 X 305 B / I-80 WB X 122 / UT 201 EB,Exit,305,False,,False,I-15,,122,201,UT-201,"[417, 868, 869]",[],"[43, 66, 71, 104, 411, 414, 417, 420, 430, 441, 446, 448, 449, 450, 468, 523, 541, 546, 575, 860, 862, 865, 868, 869, 872, 882, 896, 897, 915]","[394, 411, 417, 844, 862, 868, 869]","[398, 399, 400, 401, 402, 403, 404, 405, 406, 407, 408, 409, 410, 411, 412, 413, 414, 415, 416, 417, 418, 419, 420, 421, 422, 423, 424, 425, 426, 427, 428, 429, 430, 431, 432, 433, 434, 435, 436, 437, 438, 439, 440, 441, 442, 443, 444, 445, 446, 447, 448, 449, 450, 451, 452, 453, 454, 455, 456, 457, 458, 459, 460, 461, 462, 463, 464, 465, 466, 467, 468, 469, 470, 471, 472, 473, 474, 475, 476, 477, 478, 479, 480, 481, 482, 483, 484, 848, 849, 850, 851, 852, 853, 854, 855, 856, 857, 858, 859, 860, 861, 862, 863, 864, 865, 866, 867, 868, 869, 870, 871, 872, 873, 874, 875, 876, 877, 878, 879, 880, 881, 882, 883, 884, 885, 886, 887, 888, 889, 890, 891, 892, 893, 894, 895, 896, 897, 898, 899, 900, 901, 902, 903, 904, 905, 906, 907, 908, 909, 910, 911, 912, 913, 914, 915, 916, 917, 918, 919, 920, 921, 922, 923, 924, 925, 926, 927, 928, 929, 930, 931, 932, 933, 934, 935]","[16, 125, 156, 163, 168, 184, 205, 222, 229, 253, 258, 265, 313, 317, 336, 340, 341, 356, 363, 365, 366, 367, 370, 375, 388, 391, 394, 396, 399, 401, 402, 405, 408, 410, 411, 412, 413, 415, 416, 417, 418, 419, 425, 428, 429, 431, 433, 435, 436, 437, 439, 440, 441, 442, 443, 445, 447, 451, 452, 456, 457, 458, 460, 461, 464, 471, 473, 474, 475, 481, 482, 501, 596, 628, 635, 655, 675, 693, 716, 720, 725, 771, 775, 793, 796, 797, 811, 817, 818, 820, 825, 838, 841, 844, 846, 848, 850, 851, 854, 857, 858, 861, 862, 863, 864, 866, 867, 868, 870, 871, 877, 880, 881, 883, 885, 887, 888, 890, 891, 892, 893, 895, 898, 899, 904, 905, 907, 908, 911, 918, 920, 921, 922, 923, 924, 926, 927, 931, 933]","[17, 18, 19, 20, 21, 22, 23, 156, 157, 158, 159, 160, 161, 162, 163, 164, 165, 166, 167, 341, 342, 343, 344, 345, 412, 413, 414, 415, 416, 417, 418, 419, 420, 421, 422, 502, 503, 504, 505, 506, 507, 628, 629, 630, 631, 632, 633, 634, 635, 636, 637, 638, 639, 792, 797, 798, 799, 800, 801, 863, 864, 865, 866, 867, 868, 869, 870, 871, 872, 873, 874]","[17, 18, 19, 20, 21, 22, 23, 156, 157, 158, 159, 160, 161, 162, 163, 164, 165, 166, 167, 168, 340, 341, 342, 343, 344, 345, 346, 412, 413, 414, 415, 416, 417, 418, 419, 420, 421, 422, 502, 503, 504, 505, 506, 507, 628, 629, 630, 631, 632, 633, 634, 635, 636, 637, 638, 639, 792, 796, 797, 798, 799, 800, 801, 863, 864, 865, 866, 867, 868, 869, 870, 871, 872, 873, 874]","[916, 917, 523, 918, 919, 16, 17, 18, 19, 920, 20, 21, 22, 23, 921, 541, 922, 546, 923, 388, 924, 43, 925, 926, 927, 928, 575, 66, 929, 71, 930, 931, 932, 596, 933, 934, 935, 104, 391, 628, 629, 630, 631, 632, 633, 634, 635, 636, 125, 637, 638, 639, 655, 336, 156, 157, 158, 159, 160, 161, 162, 163, 675, 164, 165, 166, 168, 167, 340, 442, 341, 693, 184, 342, 343, 344, 345, 716, 205, 346, 720, 725, 375, 222, 229, 396, 253, 356, 258, 771, 775, 265, 792, 793, 796, 797, 798, 799, 800, 801, 363, 811, 365, 817, 366, 818, 820, 367, 313, 825, 317, 370, 838, 841, 844, 846, 848, 849, 850, 851, 852, 853, 854, 855, 856, 857, 858, 859, 860, 861, 862, 863, 864, 865, 866, 867, 868, 869, 870, 871, 872, 873, 874, 875, 876, 877, 878, 879, 880, 881, 882, 883, 884, 885, 886, 887, 888, 889, 890, 891, 892, 893, 894, 895, 896, 897, 898, 899, 900, 901, 902, 903, 904, 905, 394, 906, 907, 908, 398, 399, 400, 401, 402, 915, 403, 404, 405, 406, 407, 408, 409, 411, 410, 412, 414, 413, 415, 417, 416, 418, 420, 419, 421, 422, 423, 424, 425, 426, 427, 428, 430, 429, 431, 432, 433, 434, 435, 436, 437, 438, 439, 441, 440, 443, 444, 445, 446, 447, 448, 449, 450, 451, 452, 453, 454, 455, 456, 457, 458, 459, 460, 461, 462, 463, 464, 465, 466, 467, 468, 469, 470, 471, 472, 473, 474, 475, 476, 477, 478, 479, 480, 481, 482, 483, 484, 909, 910, 503, 911, 912, 913, 501, 502, 914, 504, 505, 506, 507]",True,[],"[398, 399, 400, 401, 402, 403, 404, 405, 406, 407, 408, 409, 410, 411, 412, 413, 414, 415, 416, 417, 418, 419, 420, 421, 422, 423, 424, 425, 426, 427, 428, 429, 430, 431, 432, 433, 434, 435, 436, 437, 438, 439, 440, 441, 442, 443, 444, 445, 446, 447, 448, 449, 450, 451, 452, 453, 454, 455, 456, 457, 458, 459, 460, 461, 462, 463, 464, 465, 466, 467, 468, 469, 470, 471, 472, 473, 474, 475, 476, 477, 478, 479, 480, 481, 482, 483, 484, 848, 849, 850, 851, 852, 853, 854, 855, 856, 857, 858, 859, 860, 861, 862, 863, 864, 865, 866, 867, 868, 869, 870, 871, 872, 873, 874, 875, 876, 877, 878, 879, 880, 881, 882, 883, 884, 885, 886, 887, 888, 889, 890, 891, 892, 893, 894, 895, 896, 897, 898, 899, 900, 901, 902, 903, 904, 905, 906, 907, 908, 909, 910, 911, 912, 913, 914, 915, 916, 917, 918, 919, 920, 921, 922, 923, 924, 925, 926, 927, 928, 929, 930, 931, 932, 933, 934, 935]","[43, 66, 71, 104, 411, 414, 417, 420, 430, 441, 446, 448, 449, 450, 468, 523, 541, 546, 575, 860, 862, 865, 868, 869, 872, 882, 896, 897, 915]","[394, 411, 417, 844, 862, 868, 869]","[16, 125, 156, 163, 168, 184, 205, 222, 229, 253, 258, 265, 313, 317, 336, 340, 341, 356, 363, 365, 366, 367, 370, 375, 388, 391, 394, 396, 399, 401, 402, 405, 408, 410, 411, 412, 413, 415, 416, 417, 418, 419, 425, 428, 429, 431, 433, 435, 436, 437, 439, 440, 441, 442, 443, 445, 447, 451, 452, 456, 457, 458, 460, 461, 464, 471, 473, 474, 475, 481, 482, 501, 596, 628, 635, 655, 675, 693, 716, 720, 725, 771, 775, 793, 796, 797, 811, 817, 818, 820, 825, 838, 841, 844, 846, 848, 850, 851, 854, 857, 858, 861, 862, 863, 864, 866, 867, 868, 870, 871, 877, 880, 881, 883, 885, 887, 888, 890, 891, 892, 893, 895, 898, 899, 904, 905, 907, 908, 911, 918, 920, 921, 922, 923, 924, 926, 927, 931, 933]","[17, 18, 19, 20, 21, 22, 23, 156, 157, 158, 159, 160, 161, 162, 163, 164, 165, 166, 167, 168, 340, 341, 342, 343, 344, 345, 346, 412, 413, 414, 415, 416, 417, 418, 419, 420, 421, 422, 502, 503, 504, 505, 506, 507, 628, 629, 630, 631, 632, 633, 634, 635, 636, 637, 638, 639, 792, 796, 797, 798, 799, 800, 801, 863, 864, 865, 866, 867, 868, 869, 870, 871, 872, 873, 874]","[17, 18, 19, 20, 21, 22, 23, 156, 157, 158, 159, 160, 161, 162, 163, 164, 165, 166, 167, 341, 342, 343, 344, 345, 412, 413, 414, 415, 416, 417, 418, 419, 420, 421, 422, 502, 503, 504, 505, 506, 507, 628, 629, 630, 631, 632, 633, 634, 635, 636, 637, 638, 639, 792, 797, 798, 799, 800, 801, 863, 864, 865, 866, 867, 868, 869, 870, 871, 872, 873, 874]",7/6 successful match,True,[552],True,112,False,,1.0,True,Flying J Travel Plaza # 746 FLYING J,Flying J
"Brigham City , 84302 Flying J Fuel Stop # 0001188","435-723-3924 I-15-84 Exit 362 ( US 91 , 1 mi E ) A",A - S,Brigham City,84302,Flying J Fuel Stop # 0001188,435-723-3924,2006,Brigham City,UT,Flying J,"( US 91 , 1 mi E ) A",I-15-84 Exit 362 ,Exit,362,False,,False,I-15-84,,,,,"[402, 851]","[402, 433, 442, 851, 885, 892]","[402, 433, 851, 885]","[402, 442, 851, 892]","[398, 399, 400, 401, 402, 403, 404, 405, 406, 407, 408, 409, 410, 411, 412, 413, 414, 415, 416, 417, 418, 419, 420, 421, 422, 423, 424, 425, 426, 427, 428, 429, 430, 431, 432, 433, 434, 435, 436, 437, 438, 439, 440, 441, 442, 443, 444, 445, 446, 447, 448, 449, 450, 451, 452, 453, 454, 455, 456, 457, 458, 459, 460, 461, 462, 463, 464, 465, 466, 467, 468, 469, 470, 471, 472, 473, 474, 475, 476, 477, 478, 479, 480, 481, 482, 483, 484, 848, 849, 850, 851, 852, 853, 854, 855, 856, 857, 858, 859, 860, 861, 862, 863, 864, 865, 866, 867, 868, 869, 870, 871, 872, 873, 874, 875, 876, 877, 878, 879, 880, 881, 882, 883, 884, 885, 886, 887, 888, 889, 890, 891, 892, 893, 894, 895, 896, 897, 898, 899, 900, 901, 902, 903, 904, 905, 906, 907, 908, 909, 910, 911, 912, 913, 914, 915, 916, 917, 918, 919, 920, 921, 922, 923, 924, 925, 926, 927, 928, 929, 930, 931, 932, 933, 934, 935]","[16, 125, 156, 163, 168, 184, 205, 222, 229, 253, 258, 265, 313, 317, 336, 340, 341, 356, 363, 365, 366, 367, 370, 375, 388, 391, 394, 396, 402, 410, 411, 412, 413, 415, 416, 417, 418, 419, 422, 423, 425, 429, 431, 433, 435, 437, 440, 441, 442, 443, 451, 452, 456, 457, 458, 460, 461, 464, 465, 471, 473, 474, 475, 481, 482, 501, 596, 628, 635, 655, 675, 693, 716, 720, 725, 771, 775, 793, 796, 797, 811, 817, 818, 820, 825, 838, 841, 844, 846, 851, 857, 861, 862, 863, 864, 866, 867, 868, 870, 871, 874, 875, 877, 881, 883, 885, 888, 891, 892, 893, 898, 899, 904, 905, 907, 908, 911, 912, 918, 920, 921, 922, 923, 924, 926, 931, 933]","[17, 18, 19, 20, 21, 22, 23, 156, 157, 158, 159, 160, 161, 162, 163, 164, 165, 166, 167, 341, 342, 343, 344, 345, 412, 413, 414, 415, 416, 417, 418, 419, 420, 421, 422, 502, 503, 504, 505, 506, 507, 628, 629, 630, 631, 632, 633, 634, 635, 636, 637, 638, 639, 792, 797, 798, 799, 800, 801, 863, 864, 865, 866, 867, 868, 869, 870, 871, 872, 873, 874]","[17, 18, 19, 20, 21, 22, 23, 156, 157, 158, 159, 160, 161, 162, 163, 164, 165, 166, 167, 168, 340, 341, 342, 343, 344, 345, 346, 412, 413, 414, 415, 416, 417, 418, 419, 420, 421, 422, 502, 503, 504, 505, 506, 507, 628, 629, 630, 631, 632, 633, 634, 635, 636, 637, 638, 639, 792, 796, 797, 798, 799, 800, 801, 863, 864, 865, 866, 867, 868, 869, 870, 871, 872, 873, 874]","[916, 917, 918, 919, 16, 17, 18, 19, 920, 20, 21, 22, 23, 921, 922, 923, 388, 924, 925, 926, 927, 928, 929, 930, 931, 932, 596, 933, 934, 935, 391, 628, 629, 630, 631, 632, 633, 634, 635, 636, 125, 637, 638, 639, 655, 336, 156, 157, 158, 159, 160, 161, 162, 163, 675, 164, 165, 166, 168, 167, 340, 341, 693, 184, 342, 394, 343, 344, 345, 716, 205, 346, 720, 725, 375, 222, 229, 396, 253, 356, 258, 771, 775, 265, 792, 793, 796, 797, 798, 799, 800, 801, 363, 811, 365, 817, 366, 818, 820, 367, 313, 825, 317, 370, 838, 841, 844, 846, 848, 849, 850, 851, 852, 853, 854, 855, 856, 857, 858, 859, 860, 861, 862, 863, 864, 865, 866, 867, 868, 869, 870, 871, 872, 873, 874, 875, 876, 877, 878, 879, 880, 881, 882, 883, 884, 885, 886, 887, 888, 889, 890, 891, 892, 893, 894, 895, 896, 897, 898, 899, 900, 901, 902, 903, 904, 905, 906, 907, 908, 909, 398, 399, 400, 401, 402, 403, 404, 405, 406, 407, 408, 409, 410, 411, 412, 413, 414, 415, 416, 417, 418, 419, 420, 421, 422, 423, 424, 425, 426, 427, 428, 429, 430, 431, 432, 433, 434, 435, 436, 437, 438, 439, 440, 441, 442, 443, 444, 445, 446, 447, 448, 449, 450, 451, 452, 453, 454, 455, 456, 457, 458, 459, 460, 461, 462, 463, 464, 465, 466, 467, 468, 469, 470, 471, 472, 473, 474, 475, 476, 477, 478, 479, 480, 481, 482, 483, 484, 910, 503, 911, 912, 913, 501, 502, 914, 504, 505, 506, 507, 915]",True,"[402, 433, 442, 851, 885, 892]","[398, 399, 400, 401, 402, 403, 404, 405, 406, 407, 408, 409, 410, 411, 412, 413, 414, 415, 416, 417, 418, 419, 420, 421, 422, 423, 424, 425, 426, 427, 428, 429, 430, 431, 432, 433, 434, 435, 436, 437, 438, 439, 440, 441, 442, 443, 444, 445, 446, 447, 448, 449, 450, 451, 452, 453, 454, 455, 456, 457, 458, 459, 460, 461, 462, 463, 464, 465, 466, 467, 468, 469, 470, 471, 472, 473, 474, 475, 476, 477, 478, 479, 480, 481, 482, 483, 484, 848, 849, 850, 851, 852, 853, 854, 855, 856, 857, 858, 859, 860, 861, 862, 863, 864, 865, 866, 867, 868, 869, 870, 871, 872, 873, 874, 875, 876, 877, 878, 879, 880, 881, 882, 883, 884, 885, 886, 887, 888, 889, 890, 891, 892, 893, 894, 895, 896, 897, 898, 899, 900, 901, 902, 903, 904, 905, 906, 907, 908, 909, 910, 911, 912, 913, 914, 915, 916, 917, 918, 919, 920, 921, 922, 923, 924, 925, 926, 927, 928, 929, 930, 931, 932, 933, 934, 935]","[402, 433, 851, 885]","[402, 442, 851, 892]","[16, 125, 156, 163, 168, 184, 205, 222, 229, 253, 258, 265, 313, 317, 336, 340, 341, 356, 363, 365, 366, 367, 370, 375, 388, 391, 394, 396, 402, 410, 411, 412, 413, 415, 416, 417, 418, 419, 422, 423, 425, 429, 431, 433, 435, 437, 440, 441, 442, 443, 451, 452, 456, 457, 458, 460, 461, 464, 465, 471, 473, 474, 475, 481, 482, 501, 596, 628, 635, 655, 675, 693, 716, 720, 725, 771, 775, 793, 796, 797, 811, 817, 818, 820, 825, 838, 841, 844, 846, 851, 857, 861, 862, 863, 864, 866, 867, 868, 870, 871, 874, 875, 877, 881, 883, 885, 888, 891, 892, 893, 898, 899, 904, 905, 907, 908, 911, 912, 918, 920, 921, 922, 923, 924, 926, 931, 933]","[17, 18, 19, 20, 21, 22, 23, 156, 157, 158, 159, 160, 161, 162, 163, 164, 165, 166, 167, 168, 340, 341, 342, 343, 344, 345, 346, 412, 413, 414, 415, 416, 417, 418, 419, 420, 421, 422, 502, 503, 504, 505, 506, 507, 628, 629, 630, 631, 632, 633, 634, 635, 636, 637, 638, 639, 792, 796, 797, 798, 799, 800, 801, 863, 864, 865, 866, 867, 868, 869, 870, 871, 872, 873, 874]","[17, 18, 19, 20, 21, 22, 23, 156, 157, 158, 159, 160, 161, 162, 163, 164, 165, 166, 167, 341, 342, 343, 344, 345, 412, 413, 414, 415, 416, 417, 418, 419, 420, 421, 422, 502, 503, 504, 505, 506, 507, 628, 629, 630, 631, 632, 633, 634, 635, 636, 637, 638, 639, 792, 797, 798, 799, 800, 801, 863, 864, 865, 866, 867, 868, 869, 870, 871, 872, 873, 874]",5/6 successful match,True,[15],True,113,False,,,,,
"Brigham City , 84302 Flying J Fuel Stop # 0001188","435-723-3924 I-15-84 Exit 362 ( US 91 , 1 mi E )",24 HRS S L,Brigham City,84302,Flying J Fuel Stop # 0001188,435-723-3924,2007,Brigham City,UT,Flying J,"( US 91 , 1 mi E )",I-15-84 Exit 362 ,Exit,362,False,,False,I-15-84,,,,,"[402, 851]","[402, 433, 442, 851, 885, 892]","[402, 433, 851, 885]","[402, 442, 851, 892]","[398, 399, 400, 401, 402, 403, 404, 405, 406, 407, 408, 409, 410, 411, 412, 413, 414, 415, 416, 417, 418, 419, 420, 421, 422, 423, 424, 425, 426, 427, 428, 429, 430, 431, 432, 433, 434, 435, 436, 437, 438, 439, 440, 441, 442, 443, 444, 445, 446, 447, 448, 449, 450, 451, 452, 453, 454, 455, 456, 457, 458, 459, 460, 461, 462, 463, 464, 465, 466, 467, 468, 469, 470, 471, 472, 473, 474, 475, 476, 477, 478, 479, 480, 481, 482, 483, 484, 848, 849, 850, 851, 852, 853, 854, 855, 856, 857, 858, 859, 860, 861, 862, 863, 864, 865, 866, 867, 868, 869, 870, 871, 872, 873, 874, 875, 876, 877, 878, 879, 880, 881, 882, 883, 884, 885, 886, 887, 888, 889, 890, 891, 892, 893, 894, 895, 896, 897, 898, 899, 900, 901, 902, 903, 904, 905, 906, 907, 908, 909, 910, 911, 912, 913, 914, 915, 916, 917, 918, 919, 920, 921, 922, 923, 924, 925, 926, 927, 928, 929, 930, 931, 932, 933, 934, 935]","[16, 125, 156, 163, 168, 184, 205, 222, 229, 253, 258, 265, 313, 317, 336, 340, 341, 356, 363, 365, 366, 367, 370, 375, 388, 391, 394, 396, 402, 410, 411, 412, 413, 415, 416, 417, 418, 419, 422, 423, 425, 429, 431, 433, 435, 437, 440, 441, 442, 443, 451, 452, 456, 457, 458, 460, 461, 464, 465, 471, 473, 474, 475, 481, 482, 501, 596, 628, 635, 655, 675, 693, 716, 720, 725, 771, 775, 793, 796, 797, 811, 817, 818, 820, 825, 838, 841, 844, 846, 851, 857, 861, 862, 863, 864, 866, 867, 868, 870, 871, 874, 875, 877, 881, 883, 885, 888, 891, 892, 893, 898, 899, 904, 905, 907, 908, 911, 912, 918, 920, 921, 922, 923, 924, 926, 931, 933]","[17, 18, 19, 20, 21, 22, 23, 156, 157, 158, 159, 160, 161, 162, 163, 164, 165, 166, 167, 341, 342, 343, 344, 345, 412, 413, 414, 415, 416, 417, 418, 419, 420, 421, 422, 502, 503, 504, 505, 506, 507, 628, 629, 630, 631, 632, 633, 634, 635, 636, 637, 638, 639, 792, 797, 798, 799, 800, 801, 863, 864, 865, 866, 867, 868, 869, 870, 871, 872, 873, 874]","[17, 18, 19, 20, 21, 22, 23, 156, 157, 158, 159, 160, 161, 162, 163, 164, 165, 166, 167, 168, 340, 341, 342, 343, 344, 345, 346, 412, 413, 414, 415, 416, 417, 418, 419, 420, 421, 422, 502, 503, 504, 505, 506, 507, 628, 629, 630, 631, 632, 633, 634, 635, 636, 637, 638, 639, 792, 796, 797, 798, 799, 800, 801, 863, 864, 865, 866, 867, 868, 869, 870, 871, 872, 873, 874]","[916, 917, 918, 919, 16, 17, 18, 19, 920, 20, 21, 22, 23, 921, 922, 923, 388, 924, 925, 926, 927, 928, 929, 930, 931, 932, 596, 933, 934, 935, 391, 628, 629, 630, 631, 632, 633, 634, 635, 636, 125, 637, 638, 639, 655, 336, 156, 157, 158, 159, 160, 161, 162, 163, 675, 164, 165, 166, 168, 167, 340, 341, 693, 184, 342, 394, 343, 344, 345, 716, 205, 346, 720, 725, 375, 222, 229, 396, 253, 356, 258, 771, 775, 265, 792, 793, 796, 797, 798, 799, 800, 801, 363, 811, 365, 817, 366, 818, 820, 367, 313, 825, 317, 370, 838, 841, 844, 846, 848, 849, 850, 851, 852, 853, 854, 855, 856, 857, 858, 859, 860, 861, 862, 863, 864, 865, 866, 867, 868, 869, 870, 871, 872, 873, 874, 875, 876, 877, 878, 879, 880, 881, 882, 883, 884, 885, 886, 887, 888, 889, 890, 891, 892, 893, 894, 895, 896, 897, 898, 899, 900, 901, 902, 903, 904, 905, 906, 907, 908, 909, 398, 399, 400, 401, 402, 403, 404, 405, 406, 407, 408, 409, 410, 411, 412, 413, 414, 415, 416, 417, 418, 419, 420, 421, 422, 423, 424, 425, 426, 427, 428, 429, 430, 431, 432, 433, 434, 435, 436, 437, 438, 439, 440, 441, 442, 443, 444, 445, 446, 447, 448, 449, 450, 451, 452, 453, 454, 455, 456, 457, 458, 459, 460, 461, 462, 463, 464, 465, 466, 467, 468, 469, 470, 471, 472, 473, 474, 475, 476, 477, 478, 479, 480, 481, 482, 483, 484, 910, 503, 911, 912, 913, 501, 502, 914, 504, 505, 506, 507, 915]",True,"[402, 433, 442, 851, 885, 892]","[398, 399, 400, 401, 402, 403, 404, 405, 406, 407, 408, 409, 410, 411, 412, 413, 414, 415, 416, 417, 418, 419, 420, 421, 422, 423, 424, 425, 426, 427, 428, 429, 430, 431, 432, 433, 434, 435, 436, 437, 438, 439, 440, 441, 442, 443, 444, 445, 446, 447, 448, 449, 450, 451, 452, 453, 454, 455, 456, 457, 458, 459, 460, 461, 462, 463, 464, 465, 466, 467, 468, 469, 470, 471, 472, 473, 474, 475, 476, 477, 478, 479, 480, 481, 482, 483, 484, 848, 849, 850, 851, 852, 853, 854, 855, 856, 857, 858, 859, 860, 861, 862, 863, 864, 865, 866, 867, 868, 869, 870, 871, 872, 873, 874, 875, 876, 877, 878, 879, 880, 881, 882, 883, 884, 885, 886, 887, 888, 889, 890, 891, 892, 893, 894, 895, 896, 897, 898, 899, 900, 901, 902, 903, 904, 905, 906, 907, 908, 909, 910, 911, 912, 913, 914, 915, 916, 917, 918, 919, 920, 921, 922, 923, 924, 925, 926, 927, 928, 929, 930, 931, 932, 933, 934, 935]","[402, 433, 851, 885]","[402, 442, 851, 892]","[16, 125, 156, 163, 168, 184, 205, 222, 229, 253, 258, 265, 313, 317, 336, 340, 341, 356, 363, 365, 366, 367, 370, 375, 388, 391, 394, 396, 402, 410, 411, 412, 413, 415, 416, 417, 418, 419, 422, 423, 425, 429, 431, 433, 435, 437, 440, 441, 442, 443, 451, 452, 456, 457, 458, 460, 461, 464, 465, 471, 473, 474, 475, 481, 482, 501, 596, 628, 635, 655, 675, 693, 716, 720, 725, 771, 775, 793, 796, 797, 811, 817, 818, 820, 825, 838, 841, 844, 846, 851, 857, 861, 862, 863, 864, 866, 867, 868, 870, 871, 874, 875, 877, 881, 883, 885, 888, 891, 892, 893, 898, 899, 904, 905, 907, 908, 911, 912, 918, 920, 921, 922, 923, 924, 926, 931, 933]","[17, 18, 19, 20, 21, 22, 23, 156, 157, 158, 159, 160, 161, 162, 163, 164, 165, 166, 167, 168, 340, 341, 342, 343, 344, 345, 346, 412, 413, 414, 415, 416, 417, 418, 419, 420, 421, 422, 502, 503, 504, 505, 506, 507, 628, 629, 630, 631, 632, 633, 634, 635, 636, 637, 638, 639, 792, 796, 797, 798, 799, 800, 801, 863, 864, 865, 866, 867, 868, 869, 870, 871, 872, 873, 874]","[17, 18, 19, 20, 21, 22, 23, 156, 157, 158, 159, 160, 161, 162, 163, 164, 165, 166, 167, 341, 342, 343, 344, 345, 412, 413, 414, 415, 416, 417, 418, 419, 420, 421, 422, 502, 503, 504, 505, 506, 507, 628, 629, 630, 631, 632, 633, 634, 635, 636, 637, 638, 639, 792, 797, 798, 799, 800, 801, 863, 864, 865, 866, 867, 868, 869, 870, 871, 872, 873, 874]",5/6 successful match,True,[15],True,113,False,,1.0,True,Flying J Fuel Stop # 0001188,Flying J
"Brigham City , 84302 Flying J Fuel Stop # 0001188","435-723-3924 I-15-84 Exit 362 ( US 91 , 1 mi E )",HRS 24 S,Brigham City,84302,Flying J Fuel Stop # 0001188,435-723-3924,2008,Brigham City,UT,Flying J,"( US 91 , 1 mi E )",I-15-84 Exit 362 ,Exit,362,False,,False,I-15-84,,,,,"[402, 851]","[402, 433, 442, 851, 885, 892]","[402, 433, 851, 885]","[402, 442, 851, 892]","[398, 399, 400, 401, 402, 403, 404, 405, 406, 407, 408, 409, 410, 411, 412, 413, 414, 415, 416, 417, 418, 419, 420, 421, 422, 423, 424, 425, 426, 427, 428, 429, 430, 431, 432, 433, 434, 435, 436, 437, 438, 439, 440, 441, 442, 443, 444, 445, 446, 447, 448, 449, 450, 451, 452, 453, 454, 455, 456, 457, 458, 459, 460, 461, 462, 463, 464, 465, 466, 467, 468, 469, 470, 471, 472, 473, 474, 475, 476, 477, 478, 479, 480, 481, 482, 483, 484, 848, 849, 850, 851, 852, 853, 854, 855, 856, 857, 858, 859, 860, 861, 862, 863, 864, 865, 866, 867, 868, 869, 870, 871, 872, 873, 874, 875, 876, 877, 878, 879, 880, 881, 882, 883, 884, 885, 886, 887, 888, 889, 890, 891, 892, 893, 894, 895, 896, 897, 898, 899, 900, 901, 902, 903, 904, 905, 906, 907, 908, 909, 910, 911, 912, 913, 914, 915, 916, 917, 918, 919, 920, 921, 922, 923, 924, 925, 926, 927, 928, 929, 930, 931, 932, 933, 934, 935]","[16, 125, 156, 163, 168, 184, 205, 222, 229, 253, 258, 265, 313, 317, 336, 340, 341, 356, 363, 365, 366, 367, 370, 375, 388, 391, 394, 396, 402, 410, 411, 412, 413, 415, 416, 417, 418, 419, 422, 423, 425, 429, 431, 433, 435, 437, 440, 441, 442, 443, 451, 452, 456, 457, 458, 460, 461, 464, 465, 471, 473, 474, 475, 481, 482, 501, 596, 628, 635, 655, 675, 693, 716, 720, 725, 771, 775, 793, 796, 797, 811, 817, 818, 820, 825, 838, 841, 844, 846, 851, 857, 861, 862, 863, 864, 866, 867, 868, 870, 871, 874, 875, 877, 881, 883, 885, 888, 891, 892, 893, 898, 899, 904, 905, 907, 908, 911, 912, 918, 920, 921, 922, 923, 924, 926, 931, 933]","[17, 18, 19, 20, 21, 22, 23, 156, 157, 158, 159, 160, 161, 162, 163, 164, 165, 166, 167, 341, 342, 343, 344, 345, 412, 413, 414, 415, 416, 417, 418, 419, 420, 421, 422, 502, 503, 504, 505, 506, 507, 628, 629, 630, 631, 632, 633, 634, 635, 636, 637, 638, 639, 792, 797, 798, 799, 800, 801, 863, 864, 865, 866, 867, 868, 869, 870, 871, 872, 873, 874]","[17, 18, 19, 20, 21, 22, 23, 156, 157, 158, 159, 160, 161, 162, 163, 164, 165, 166, 167, 168, 340, 341, 342, 343, 344, 345, 346, 412, 413, 414, 415, 416, 417, 418, 419, 420, 421, 422, 502, 503, 504, 505, 506, 507, 628, 629, 630, 631, 632, 633, 634, 635, 636, 637, 638, 639, 792, 796, 797, 798, 799, 800, 801, 863, 864, 865, 866, 867, 868, 869, 870, 871, 872, 873, 874]","[916, 917, 918, 919, 16, 17, 18, 19, 920, 20, 21, 22, 23, 921, 922, 923, 388, 924, 925, 926, 927, 928, 929, 930, 931, 932, 596, 933, 934, 935, 391, 628, 629, 630, 631, 632, 633, 634, 635, 636, 125, 637, 638, 639, 655, 336, 156, 157, 158, 159, 160, 161, 162, 163, 675, 164, 165, 166, 168, 167, 340, 341, 693, 184, 342, 394, 343, 344, 345, 716, 205, 346, 720, 725, 375, 222, 229, 396, 253, 356, 258, 771, 775, 265, 792, 793, 796, 797, 798, 799, 800, 801, 363, 811, 365, 817, 366, 818, 820, 367, 313, 825, 317, 370, 838, 841, 844, 846, 848, 849, 850, 851, 852, 853, 854, 855, 856, 857, 858, 859, 860, 861, 862, 863, 864, 865, 866, 867, 868, 869, 870, 871, 872, 873, 874, 875, 876, 877, 878, 879, 880, 881, 882, 883, 884, 885, 886, 887, 888, 889, 890, 891, 892, 893, 894, 895, 896, 897, 898, 899, 900, 901, 902, 903, 904, 905, 906, 907, 908, 909, 398, 399, 400, 401, 402, 403, 404, 405, 406, 407, 408, 409, 410, 411, 412, 413, 414, 415, 416, 417, 418, 419, 420, 421, 422, 423, 424, 425, 426, 427, 428, 429, 430, 431, 432, 433, 434, 435, 436, 437, 438, 439, 440, 441, 442, 443, 444, 445, 446, 447, 448, 449, 450, 451, 452, 453, 454, 455, 456, 457, 458, 459, 460, 461, 462, 463, 464, 465, 466, 467, 468, 469, 470, 471, 472, 473, 474, 475, 476, 477, 478, 479, 480, 481, 482, 483, 484, 910, 503, 911, 912, 913, 501, 502, 914, 504, 505, 506, 507, 915]",True,"[402, 433, 442, 851, 885, 892]","[398, 399, 400, 401, 402, 403, 404, 405, 406, 407, 408, 409, 410, 411, 412, 413, 414, 415, 416, 417, 418, 419, 420, 421, 422, 423, 424, 425, 426, 427, 428, 429, 430, 431, 432, 433, 434, 435, 436, 437, 438, 439, 440, 441, 442, 443, 444, 445, 446, 447, 448, 449, 450, 451, 452, 453, 454, 455, 456, 457, 458, 459, 460, 461, 462, 463, 464, 465, 466, 467, 468, 469, 470, 471, 472, 473, 474, 475, 476, 477, 478, 479, 480, 481, 482, 483, 484, 848, 849, 850, 851, 852, 853, 854, 855, 856, 857, 858, 859, 860, 861, 862, 863, 864, 865, 866, 867, 868, 869, 870, 871, 872, 873, 874, 875, 876, 877, 878, 879, 880, 881, 882, 883, 884, 885, 886, 887, 888, 889, 890, 891, 892, 893, 894, 895, 896, 897, 898, 899, 900, 901, 902, 903, 904, 905, 906, 907, 908, 909, 910, 911, 912, 913, 914, 915, 916, 917, 918, 919, 920, 921, 922, 923, 924, 925, 926, 927, 928, 929, 930, 931, 932, 933, 934, 935]","[402, 433, 851, 885]","[402, 442, 851, 892]","[16, 125, 156, 163, 168, 184, 205, 222, 229, 253, 258, 265, 313, 317, 336, 340, 341, 356, 363, 365, 366, 367, 370, 375, 388, 391, 394, 396, 402, 410, 411, 412, 413, 415, 416, 417, 418, 419, 422, 423, 425, 429, 431, 433, 435, 437, 440, 441, 442, 443, 451, 452, 456, 457, 458, 460, 461, 464, 465, 471, 473, 474, 475, 481, 482, 501, 596, 628, 635, 655, 675, 693, 716, 720, 725, 771, 775, 793, 796, 797, 811, 817, 818, 820, 825, 838, 841, 844, 846, 851, 857, 861, 862, 863, 864, 866, 867, 868, 870, 871, 874, 875, 877, 881, 883, 885, 888, 891, 892, 893, 898, 899, 904, 905, 907, 908, 911, 912, 918, 920, 921, 922, 923, 924, 926, 931, 933]","[17, 18, 19, 20, 21, 22, 23, 156, 157, 158, 159, 160, 161, 162, 163, 164, 165, 166, 167, 168, 340, 341, 342, 343, 344, 345, 346, 412, 413, 414, 415, 416, 417, 418, 419, 420, 421, 422, 502, 503, 504, 505, 506, 507, 628, 629, 630, 631, 632, 633, 634, 635, 636, 637, 638, 639, 792, 796, 797, 798, 799, 800, 801, 863, 864, 865, 866, 867, 868, 869, 870, 871, 872, 873, 874]","[17, 18, 19, 20, 21, 22, 23, 156, 157, 158, 159, 160, 161, 162, 163, 164, 165, 166, 167, 341, 342, 343, 344, 345, 412, 413, 414, 415, 416, 417, 418, 419, 420, 421, 422, 502, 503, 504, 505, 506, 507, 628, 629, 630, 631, 632, 633, 634, 635, 636, 637, 638, 639, 792, 797, 798, 799, 800, 801, 863, 864, 865, 866, 867, 868, 869, 870, 871, 872, 873, 874]",5/6 successful match,True,[15],True,113,False,,1.0,True,Flying J Fuel Stop # 0001188,Flying J
Brigham City ( 84302 ) Fuel Stop ( 66 ),435-723-3924 I-15-84 Exit 362 ( 1 mi E - Medical Dr N ),Dr N ) 24 22 S,Brigham City,84302,Fuel Stop ( 66 ),435-723-3924,2014,Brigham City,UT,,( 1 mi E - Medical Dr N ),I-15-84 Exit 362 ,Exit,362,False,,False,I-15-84,,,,,"[402, 851]","[402, 433, 442, 851, 885, 892]","[402, 433, 851, 885]","[402, 442, 851, 892]","[398, 399, 400, 401, 402, 403, 404, 405, 406, 407, 408, 409, 410, 411, 412, 413, 414, 415, 416, 417, 418, 419, 420, 421, 422, 423, 424, 425, 426, 427, 428, 429, 430, 431, 432, 433, 434, 435, 436, 437, 438, 439, 440, 441, 442, 443, 444, 445, 446, 447, 448, 449, 450, 451, 452, 453, 454, 455, 456, 457, 458, 459, 460, 461, 462, 463, 464, 465, 466, 467, 468, 469, 470, 471, 472, 473, 474, 475, 476, 477, 478, 479, 480, 481, 482, 483, 484, 848, 849, 850, 851, 852, 853, 854, 855, 856, 857, 858, 859, 860, 861, 862, 863, 864, 865, 866, 867, 868, 869, 870, 871, 872, 873, 874, 875, 876, 877, 878, 879, 880, 881, 882, 883, 884, 885, 886, 887, 888, 889, 890, 891, 892, 893, 894, 895, 896, 897, 898, 899, 900, 901, 902, 903, 904, 905, 906, 907, 908, 909, 910, 911, 912, 913, 914, 915, 916, 917, 918, 919, 920, 921, 922, 923, 924, 925, 926, 927, 928, 929, 930, 931, 932, 933, 934, 935]","[16, 125, 156, 163, 168, 184, 205, 222, 229, 253, 258, 265, 313, 317, 336, 340, 341, 356, 363, 365, 366, 367, 370, 375, 388, 391, 394, 396, 402, 410, 411, 412, 413, 415, 416, 417, 418, 419, 422, 423, 425, 429, 431, 433, 435, 437, 440, 441, 442, 443, 451, 452, 456, 457, 458, 460, 461, 464, 465, 471, 473, 474, 475, 481, 482, 501, 596, 628, 635, 655, 675, 693, 716, 720, 725, 771, 775, 793, 796, 797, 811, 817, 818, 820, 825, 838, 841, 844, 846, 851, 857, 861, 862, 863, 864, 866, 867, 868, 870, 871, 874, 875, 877, 881, 883, 885, 888, 891, 892, 893, 898, 899, 904, 905, 907, 908, 911, 912, 918, 920, 921, 922, 923, 924, 926, 931, 933]",[],"[401, 402, 424, 427, 464, 469, 850, 851, 876, 879, 911, 916]","[916, 917, 918, 919, 16, 920, 921, 922, 923, 388, 924, 925, 926, 927, 928, 929, 930, 931, 932, 596, 933, 934, 935, 391, 628, 635, 125, 655, 336, 156, 163, 675, 168, 340, 341, 693, 184, 394, 716, 205, 720, 725, 375, 222, 229, 396, 253, 356, 258, 771, 775, 265, 793, 796, 797, 363, 811, 365, 817, 366, 818, 820, 367, 313, 825, 317, 370, 838, 841, 844, 846, 848, 849, 850, 851, 852, 853, 854, 855, 856, 857, 858, 859, 860, 861, 862, 863, 864, 865, 866, 867, 868, 869, 870, 871, 872, 873, 874, 875, 876, 877, 878, 879, 880, 881, 882, 883, 884, 885, 886, 887, 888, 889, 890, 891, 892, 893, 894, 895, 896, 897, 898, 899, 900, 901, 902, 903, 904, 905, 906, 907, 908, 909, 398, 399, 400, 401, 402, 403, 404, 405, 406, 407, 408, 409, 410, 411, 412, 413, 414, 415, 416, 417, 418, 419, 420, 421, 422, 423, 424, 425, 426, 427, 428, 429, 430, 431, 432, 433, 434, 435, 436, 437, 438, 439, 440, 441, 442, 443, 444, 445, 446, 447, 448, 449, 450, 451, 452, 453, 454, 455, 456, 457, 458, 459, 460, 461, 462, 463, 464, 465, 466, 467, 468, 469, 470, 471, 472, 473, 474, 475, 476, 477, 478, 479, 480, 481, 482, 483, 484, 910, 911, 912, 913, 501, 914, 915]",True,"[402, 433, 442, 851, 885, 892]","[398, 399, 400, 401, 402, 403, 404, 405, 406, 407, 408, 409, 410, 411, 412, 413, 414, 415, 416, 417, 418, 419, 420, 421, 422, 423, 424, 425, 426, 427, 428, 429, 430, 431, 432, 433, 434, 435, 436, 437, 438, 439, 440, 441, 442, 443, 444, 445, 446, 447, 448, 449, 450, 451, 452, 453, 454, 455, 456, 457, 458, 459, 460, 461, 462, 463, 464, 465, 466, 467, 468, 469, 470, 471, 472, 473, 474, 475, 476, 477, 478, 479, 480, 481, 482, 483, 484, 848, 849, 850, 851, 852, 853, 854, 855, 856, 857, 858, 859, 860, 861, 862, 863, 864, 865, 866, 867, 868, 869, 870, 871, 872, 873, 874, 875, 876, 877, 878, 879, 880, 881, 882, 883, 884, 885, 886, 887, 888, 889, 890, 891, 892, 893, 894, 895, 896, 897, 898, 899, 900, 901, 902, 903, 904, 905, 906, 907, 908, 909, 910, 911, 912, 913, 914, 915, 916, 917, 918, 919, 920, 921, 922, 923, 924, 925, 926, 927, 928, 929, 930, 931, 932, 933, 934, 935]","[402, 433, 851, 885]","[402, 442, 851, 892]","[16, 125, 156, 163, 168, 184, 205, 222, 229, 253, 258, 265, 313, 317, 336, 340, 341, 356, 363, 365, 366, 367, 370, 375, 388, 391, 394, 396, 402, 410, 411, 412, 413, 415, 416, 417, 418, 419, 422, 423, 425, 429, 431, 433, 435, 437, 440, 441, 442, 443, 451, 452, 456, 457, 458, 460, 461, 464, 465, 471, 473, 474, 475, 481, 482, 501, 596, 628, 635, 655, 675, 693, 716, 720, 725, 771, 775, 793, 796, 797, 811, 817, 818, 820, 825, 838, 841, 844, 846, 851, 857, 861, 862, 863, 864, 866, 867, 868, 870, 871, 874, 875, 877, 881, 883, 885, 888, 891, 892, 893, 898, 899, 904, 905, 907, 908, 911, 912, 918, 920, 921, 922, 923, 924, 926, 931, 933]","[401, 402, 424, 427, 464, 469, 850, 851, 876, 879, 911, 916]",[],7/6 successful match,True,[15],True,113,False,,0.25,True,Flying J Fuel Stop # 0001188,Flying J
Brigham City ( 84302 ) Bell's Fuel Stop ( 66 ),435-723-3924 I-15-84 Exit 362 ( 1 mi E - Medical Dr N ),N ) 24 12 SO,Brigham City,84302,Bell's Fuel Stop ( 66 ),435-723-3924,2015,Brigham City,UT,,( 1 mi E - Medical Dr N ),I-15-84 Exit 362 ,Exit,362,False,,False,I-15-84,,,,,"[402, 851]","[402, 433, 442, 851, 885, 892]","[402, 433, 851, 885]","[402, 442, 851, 892]","[398, 399, 400, 401, 402, 403, 404, 405, 406, 407, 408, 409, 410, 411, 412, 413, 414, 415, 416, 417, 418, 419, 420, 421, 422, 423, 424, 425, 426, 427, 428, 429, 430, 431, 432, 433, 434, 435, 436, 437, 438, 439, 440, 441, 442, 443, 444, 445, 446, 447, 448, 449, 450, 451, 452, 453, 454, 455, 456, 457, 458, 459, 460, 461, 462, 463, 464, 465, 466, 467, 468, 469, 470, 471, 472, 473, 474, 475, 476, 477, 478, 479, 480, 481, 482, 483, 484, 848, 849, 850, 851, 852, 853, 854, 855, 856, 857, 858, 859, 860, 861, 862, 863, 864, 865, 866, 867, 868, 869, 870, 871, 872, 873, 874, 875, 876, 877, 878, 879, 880, 881, 882, 883, 884, 885, 886, 887, 888, 889, 890, 891, 892, 893, 894, 895, 896, 897, 898, 899, 900, 901, 902, 903, 904, 905, 906, 907, 908, 909, 910, 911, 912, 913, 914, 915, 916, 917, 918, 919, 920, 921, 922, 923, 924, 925, 926, 927, 928, 929, 930, 931, 932, 933, 934, 935]","[16, 125, 156, 163, 168, 184, 205, 222, 229, 253, 258, 265, 313, 317, 336, 340, 341, 356, 363, 365, 366, 367, 370, 375, 388, 391, 394, 396, 402, 410, 411, 412, 413, 415, 416, 417, 418, 419, 422, 423, 425, 429, 431, 433, 435, 437, 440, 441, 442, 443, 451, 452, 456, 457, 458, 460, 461, 464, 465, 471, 473, 474, 475, 481, 482, 501, 596, 628, 635, 655, 675, 693, 716, 720, 725, 771, 775, 793, 796, 797, 811, 817, 818, 820, 825, 838, 841, 844, 846, 851, 857, 861, 862, 863, 864, 866, 867, 868, 870, 871, 874, 875, 877, 881, 883, 885, 888, 891, 892, 893, 898, 899, 904, 905, 907, 908, 911, 912, 918, 920, 921, 922, 923, 924, 926, 931, 933]",[],"[401, 402, 403, 424, 427, 464, 469, 850, 851, 852, 876, 879, 911, 916]","[916, 917, 918, 919, 16, 920, 921, 922, 923, 388, 924, 925, 926, 927, 928, 929, 930, 931, 932, 596, 933, 934, 935, 391, 628, 635, 125, 655, 336, 156, 163, 675, 168, 340, 341, 693, 184, 394, 716, 205, 720, 725, 375, 222, 229, 396, 253, 356, 258, 771, 775, 265, 793, 796, 797, 363, 811, 365, 817, 366, 818, 820, 367, 313, 825, 317, 370, 838, 841, 844, 846, 848, 849, 850, 851, 852, 853, 854, 855, 856, 857, 858, 859, 860, 861, 862, 863, 864, 865, 866, 867, 868, 869, 870, 871, 872, 873, 874, 875, 876, 877, 878, 879, 880, 881, 882, 883, 884, 885, 886, 887, 888, 889, 890, 891, 892, 893, 894, 895, 896, 897, 898, 899, 900, 901, 902, 903, 904, 905, 906, 907, 908, 909, 398, 399, 400, 401, 402, 403, 404, 405, 406, 407, 408, 409, 410, 411, 412, 413, 414, 415, 416, 417, 418, 419, 420, 421, 422, 423, 424, 425, 426, 427, 428, 429, 430, 431, 432, 433, 434, 435, 436, 437, 438, 439, 440, 441, 442, 443, 444, 445, 446, 447, 448, 449, 450, 451, 452, 453, 454, 455, 456, 457, 458, 459, 460, 461, 462, 463, 464, 465, 466, 467, 468, 469, 470, 471, 472, 473, 474, 475, 476, 477, 478, 479, 480, 481, 482, 483, 484, 910, 911, 912, 913, 501, 914, 915]",True,"[402, 433, 442, 851, 885, 892]","[398, 399, 400, 401, 402, 403, 404, 405, 406, 407, 408, 409, 410, 411, 412, 413, 414, 415, 416, 417, 418, 419, 420, 421, 422, 423, 424, 425, 426, 427, 428, 429, 430, 431, 432, 433, 434, 435, 436, 437, 438, 439, 440, 441, 442, 443, 444, 445, 446, 447, 448, 449, 450, 451, 452, 453, 454, 455, 456, 457, 458, 459, 460, 461, 462, 463, 464, 465, 466, 467, 468, 469, 470, 471, 472, 473, 474, 475, 476, 477, 478, 479, 480, 481, 482, 483, 484, 848, 849, 850, 851, 852, 853, 854, 855, 856, 857, 858, 859, 860, 861, 862, 863, 864, 865, 866, 867, 868, 869, 870, 871, 872, 873, 874, 875, 876, 877, 878, 879, 880, 881, 882, 883, 884, 885, 886, 887, 888, 889, 890, 891, 892, 893, 894, 895, 896, 897, 898, 899, 900, 901, 902, 903, 904, 905, 906, 907, 908, 909, 910, 911, 912, 913, 914, 915, 916, 917, 918, 919, 920, 921, 922, 923, 924, 925, 926, 927, 928, 929, 930, 931, 932, 933, 934, 935]","[402, 433, 851, 885]","[402, 442, 851, 892]","[16, 125, 156, 163, 168, 184, 205, 222, 229, 253, 258, 265, 313, 317, 336, 340, 341, 356, 363, 365, 366, 367, 370, 375, 388, 391, 394, 396, 402, 410, 411, 412, 413, 415, 416, 417, 418, 419, 422, 423, 425, 429, 431, 433, 435, 437, 440, 441, 442, 443, 451, 452, 456, 457, 458, 460, 461, 464, 465, 471, 473, 474, 475, 481, 482, 501, 596, 628, 635, 655, 675, 693, 716, 720, 725, 771, 775, 793, 796, 797, 811, 817, 818, 820, 825, 838, 841, 844, 846, 851, 857, 861, 862, 863, 864, 866, 867, 868, 870, 871, 874, 875, 877, 881, 883, 885, 888, 891, 892, 893, 898, 899, 904, 905, 907, 908, 911, 912, 918, 920, 921, 922, 923, 924, 926, 931, 933]","[401, 402, 403, 424, 427, 464, 469, 850, 851, 852, 876, 879, 911, 916]",[],7/6 successful match,True,[15],True,113,False,,0.6461538461538461,True,Fuel Stop ( 66 ),
Brigham City ( 84302 ) Bell's Fuel Stop ( 66 ),3 435-723-3924 I-15-84 Exit 362 ( 1 mi E - Medical Dr N ),S 24 <U+25A1>,Brigham City,84302,Bell's Fuel Stop ( 66 ),435-723-3924,2016,Brigham City,UT,,( 1 mi E - Medical Dr N ),I-15-84 Exit 362 ,Exit,362,False,,False,I-15-84,,,,,"[402, 851]","[402, 433, 442, 851, 885, 892]","[402, 433, 851, 885]","[402, 442, 851, 892]","[398, 399, 400, 401, 402, 403, 404, 405, 406, 407, 408, 409, 410, 411, 412, 413, 414, 415, 416, 417, 418, 419, 420, 421, 422, 423, 424, 425, 426, 427, 428, 429, 430, 431, 432, 433, 434, 435, 436, 437, 438, 439, 440, 441, 442, 443, 444, 445, 446, 447, 448, 449, 450, 451, 452, 453, 454, 455, 456, 457, 458, 459, 460, 461, 462, 463, 464, 465, 466, 467, 468, 469, 470, 471, 472, 473, 474, 475, 476, 477, 478, 479, 480, 481, 482, 483, 484, 848, 849, 850, 851, 852, 853, 854, 855, 856, 857, 858, 859, 860, 861, 862, 863, 864, 865, 866, 867, 868, 869, 870, 871, 872, 873, 874, 875, 876, 877, 878, 879, 880, 881, 882, 883, 884, 885, 886, 887, 888, 889, 890, 891, 892, 893, 894, 895, 896, 897, 898, 899, 900, 901, 902, 903, 904, 905, 906, 907, 908, 909, 910, 911, 912, 913, 914, 915, 916, 917, 918, 919, 920, 921, 922, 923, 924, 925, 926, 927, 928, 929, 930, 931, 932, 933, 934, 935]","[16, 125, 156, 163, 168, 184, 205, 222, 229, 253, 258, 265, 313, 317, 336, 340, 341, 356, 363, 365, 366, 367, 370, 375, 388, 391, 394, 396, 402, 410, 411, 412, 413, 415, 416, 417, 418, 419, 422, 423, 425, 429, 431, 433, 435, 437, 440, 441, 442, 443, 451, 452, 456, 457, 458, 460, 461, 464, 465, 471, 473, 474, 475, 481, 482, 501, 596, 628, 635, 655, 675, 693, 716, 720, 725, 771, 775, 793, 796, 797, 811, 817, 818, 820, 825, 838, 841, 844, 846, 851, 857, 861, 862, 863, 864, 866, 867, 868, 870, 871, 874, 875, 877, 881, 883, 885, 888, 891, 892, 893, 898, 899, 904, 905, 907, 908, 911, 912, 918, 920, 921, 922, 923, 924, 926, 931, 933]",[],"[401, 402, 403, 424, 427, 464, 469, 850, 851, 852, 876, 879, 911, 916]","[916, 917, 918, 919, 16, 920, 921, 922, 923, 388, 924, 925, 926, 927, 928, 929, 930, 931, 932, 596, 933, 934, 935, 391, 628, 635, 125, 655, 336, 156, 163, 675, 168, 340, 341, 693, 184, 394, 716, 205, 720, 725, 375, 222, 229, 396, 253, 356, 258, 771, 775, 265, 793, 796, 797, 363, 811, 365, 817, 366, 818, 820, 367, 313, 825, 317, 370, 838, 841, 844, 846, 848, 849, 850, 851, 852, 853, 854, 855, 856, 857, 858, 859, 860, 861, 862, 863, 864, 865, 866, 867, 868, 869, 870, 871, 872, 873, 874, 875, 876, 877, 878, 879, 880, 881, 882, 883, 884, 885, 886, 887, 888, 889, 890, 891, 892, 893, 894, 895, 896, 897, 898, 899, 900, 901, 902, 903, 904, 905, 906, 907, 908, 909, 398, 399, 400, 401, 402, 403, 404, 405, 406, 407, 408, 409, 410, 411, 412, 413, 414, 415, 416, 417, 418, 419, 420, 421, 422, 423, 424, 425, 426, 427, 428, 429, 430, 431, 432, 433, 434, 435, 436, 437, 438, 439, 440, 441, 442, 443, 444, 445, 446, 447, 448, 449, 450, 451, 452, 453, 454, 455, 456, 457, 458, 459, 460, 461, 462, 463, 464, 465, 466, 467, 468, 469, 470, 471, 472, 473, 474, 475, 476, 477, 478, 479, 480, 481, 482, 483, 484, 910, 911, 912, 913, 501, 914, 915]",True,"[402, 433, 442, 851, 885, 892]","[398, 399, 400, 401, 402, 403, 404, 405, 406, 407, 408, 409, 410, 411, 412, 413, 414, 415, 416, 417, 418, 419, 420, 421, 422, 423, 424, 425, 426, 427, 428, 429, 430, 431, 432, 433, 434, 435, 436, 437, 438, 439, 440, 441, 442, 443, 444, 445, 446, 447, 448, 449, 450, 451, 452, 453, 454, 455, 456, 457, 458, 459, 460, 461, 462, 463, 464, 465, 466, 467, 468, 469, 470, 471, 472, 473, 474, 475, 476, 477, 478, 479, 480, 481, 482, 483, 484, 848, 849, 850, 851, 852, 853, 854, 855, 856, 857, 858, 859, 860, 861, 862, 863, 864, 865, 866, 867, 868, 869, 870, 871, 872, 873, 874, 875, 876, 877, 878, 879, 880, 881, 882, 883, 884, 885, 886, 887, 888, 889, 890, 891, 892, 893, 894, 895, 896, 897, 898, 899, 900, 901, 902, 903, 904, 905, 906, 907, 908, 909, 910, 911, 912, 913, 914, 915, 916, 917, 918, 919, 920, 921, 922, 923, 924, 925, 926, 927, 928, 929, 930, 931, 932, 933, 934, 935]","[402, 433, 851, 885]","[402, 442, 851, 892]","[16, 125, 156, 163, 168, 184, 205, 222, 229, 253, 258, 265, 313, 317, 336, 340, 341, 356, 363, 365, 366, 367, 370, 375, 388, 391, 394, 396, 402, 410, 411, 412, 413, 415, 416, 417, 418, 419, 422, 423, 425, 429, 431, 433, 435, 437, 440, 441, 442, 443, 451, 452, 456, 457, 458, 460, 461, 464, 465, 471, 473, 474, 475, 481, 482, 501, 596, 628, 635, 655, 675, 693, 716, 720, 725, 771, 775, 793, 796, 797, 811, 817, 818, 820, 825, 838, 841, 844, 846, 851, 857, 861, 862, 863, 864, 866, 867, 868, 870, 871, 874, 875, 877, 881, 883, 885, 888, 891, 892, 893, 898, 899, 904, 905, 907, 908, 911, 912, 918, 920, 921, 922, 923, 924, 926, 931, 933]","[401, 402, 403, 424, 427, 464, 469, 850, 851, 852, 876, 879, 911, 916]",[],7/6 successful match,True,[15],True,113,False,,1.0,True,Bell's Fuel Stop ( 66 ),
"Logan , 84321 LW's Truck Stop ( Texaco )",435-753-7461 1000 UT 30 W,24 HRS M -,Logan,84321,LW's Truck Stop ( Texaco ),435-753-7461,2006,Logan,UT,Texaco,,1000 UT 30 W,Proper,,False,,False,UT 30,,,,,"[436, 887]","[436, 439, 887, 890, 927]","[436, 439, 887, 890, 927]",[],"[398, 399, 400, 401, 402, 403, 404, 405, 406, 407, 408, 409, 410, 411, 412, 413, 414, 415, 416, 417, 418, 419, 420, 421, 422, 423, 424, 425, 426, 427, 428, 429, 430, 431, 432, 433, 434, 435, 436, 437, 438, 439, 440, 441, 442, 443, 444, 445, 446, 447, 448, 449, 450, 451, 452, 453, 454, 455, 456, 457, 458, 459, 460, 461, 462, 463, 464, 465, 466, 467, 468, 469, 470, 471, 472, 473, 474, 475, 476, 477, 478, 479, 480, 481, 482, 483, 484, 848, 849, 850, 851, 852, 853, 854, 855, 856, 857, 858, 859, 860, 861, 862, 863, 864, 865, 866, 867, 868, 869, 870, 871, 872, 873, 874, 875, 876, 877, 878, 879, 880, 881, 882, 883, 884, 885, 886, 887, 888, 889, 890, 891, 892, 893, 894, 895, 896, 897, 898, 899, 900, 901, 902, 903, 904, 905, 906, 907, 908, 909, 910, 911, 912, 913, 914, 915, 916, 917, 918, 919, 920, 921, 922, 923, 924, 925, 926, 927, 928, 929, 930, 931, 932, 933, 934, 935]","[399, 401, 405, 408, 428, 436, 439, 445, 447, 848, 850, 854, 858, 880, 887, 890, 895, 927]","[26, 390, 474, 486, 509, 840, 922, 926]","[26, 390, 436, 474, 486, 509, 840, 887, 922, 926]","[916, 917, 918, 919, 920, 921, 26, 922, 923, 924, 925, 926, 928, 929, 930, 931, 932, 933, 390, 934, 935, 840, 848, 849, 850, 851, 852, 853, 854, 855, 856, 857, 858, 859, 860, 861, 862, 863, 864, 865, 866, 867, 868, 869, 870, 871, 872, 873, 874, 875, 876, 877, 878, 879, 880, 881, 882, 883, 884, 885, 886, 887, 888, 889, 890, 891, 892, 893, 894, 895, 896, 897, 898, 899, 900, 901, 902, 903, 904, 905, 906, 907, 908, 909, 398, 399, 400, 401, 402, 403, 404, 405, 406, 407, 408, 409, 410, 411, 412, 413, 414, 927, 415, 416, 417, 418, 419, 420, 421, 422, 423, 424, 425, 426, 427, 428, 429, 430, 431, 432, 433, 434, 436, 435, 437, 439, 438, 440, 441, 442, 443, 444, 445, 446, 447, 448, 449, 450, 451, 452, 453, 454, 455, 456, 457, 458, 459, 460, 461, 462, 463, 464, 465, 466, 467, 468, 469, 470, 471, 472, 473, 474, 475, 476, 477, 478, 479, 480, 481, 482, 483, 484, 910, 486, 911, 912, 913, 914, 915, 509]",True,"[436, 439, 887, 890, 927]","[398, 399, 400, 401, 402, 403, 404, 405, 406, 407, 408, 409, 410, 411, 412, 413, 414, 415, 416, 417, 418, 419, 420, 421, 422, 423, 424, 425, 426, 427, 428, 429, 430, 431, 432, 433, 434, 435, 436, 437, 438, 439, 440, 441, 442, 443, 444, 445, 446, 447, 448, 449, 450, 451, 452, 453, 454, 455, 456, 457, 458, 459, 460, 461, 462, 463, 464, 465, 466, 467, 468, 469, 470, 471, 472, 473, 474, 475, 476, 477, 478, 479, 480, 481, 482, 483, 484, 848, 849, 850, 851, 852, 853, 854, 855, 856, 857, 858, 859, 860, 861, 862, 863, 864, 865, 866, 867, 868, 869, 870, 871, 872, 873, 874, 875, 876, 877, 878, 879, 880, 881, 882, 883, 884, 885, 886, 887, 888, 889, 890, 891, 892, 893, 894, 895, 896, 897, 898, 899, 900, 901, 902, 903, 904, 905, 906, 907, 908, 909, 910, 911, 912, 913, 914, 915, 916, 917, 918, 919, 920, 921, 922, 923, 924, 925, 926, 927, 928, 929, 930, 931, 932, 933, 934, 935]","[436, 439, 887, 890, 927]",[],"[399, 401, 405, 408, 428, 436, 439, 445, 447, 848, 850, 854, 858, 880, 887, 890, 895, 927]","[26, 390, 436, 474, 486, 509, 840, 887, 922, 926]","[26, 390, 474, 486, 509, 840, 922, 926]",6/6 successful match,True,[369],True,114,False,,,,,
"Logan , 84321 LW's Truck Stop ( Texaco )",435-753-7461 1000 UT 30 W,,Logan,84321,LW's Truck Stop ( Texaco ),435-753-7461,2007,Logan,UT,Texaco,,1000 UT 30 W,Proper,,False,,False,UT 30,,,,,"[436, 887]","[436, 439, 887, 890, 927]","[436, 439, 887, 890, 927]",[],"[398, 399, 400, 401, 402, 403, 404, 405, 406, 407, 408, 409, 410, 411, 412, 413, 414, 415, 416, 417, 418, 419, 420, 421, 422, 423, 424, 425, 426, 427, 428, 429, 430, 431, 432, 433, 434, 435, 436, 437, 438, 439, 440, 441, 442, 443, 444, 445, 446, 447, 448, 449, 450, 451, 452, 453, 454, 455, 456, 457, 458, 459, 460, 461, 462, 463, 464, 465, 466, 467, 468, 469, 470, 471, 472, 473, 474, 475, 476, 477, 478, 479, 480, 481, 482, 483, 484, 848, 849, 850, 851, 852, 853, 854, 855, 856, 857, 858, 859, 860, 861, 862, 863, 864, 865, 866, 867, 868, 869, 870, 871, 872, 873, 874, 875, 876, 877, 878, 879, 880, 881, 882, 883, 884, 885, 886, 887, 888, 889, 890, 891, 892, 893, 894, 895, 896, 897, 898, 899, 900, 901, 902, 903, 904, 905, 906, 907, 908, 909, 910, 911, 912, 913, 914, 915, 916, 917, 918, 919, 920, 921, 922, 923, 924, 925, 926, 927, 928, 929, 930, 931, 932, 933, 934, 935]","[399, 401, 405, 408, 428, 436, 439, 445, 447, 848, 850, 854, 858, 880, 887, 890, 895, 927]","[26, 390, 474, 486, 509, 840, 922, 926]","[26, 390, 436, 474, 486, 509, 840, 887, 922, 926]","[916, 917, 918, 919, 920, 921, 26, 922, 923, 924, 925, 926, 928, 929, 930, 931, 932, 933, 390, 934, 935, 840, 848, 849, 850, 851, 852, 853, 854, 855, 856, 857, 858, 859, 860, 861, 862, 863, 864, 865, 866, 867, 868, 869, 870, 871, 872, 873, 874, 875, 876, 877, 878, 879, 880, 881, 882, 883, 884, 885, 886, 887, 888, 889, 890, 891, 892, 893, 894, 895, 896, 897, 898, 899, 900, 901, 902, 903, 904, 905, 906, 907, 908, 909, 398, 399, 400, 401, 402, 403, 404, 405, 406, 407, 408, 409, 410, 411, 412, 413, 414, 927, 415, 416, 417, 418, 419, 420, 421, 422, 423, 424, 425, 426, 427, 428, 429, 430, 431, 432, 433, 434, 436, 435, 437, 439, 438, 440, 441, 442, 443, 444, 445, 446, 447, 448, 449, 450, 451, 452, 453, 454, 455, 456, 457, 458, 459, 460, 461, 462, 463, 464, 465, 466, 467, 468, 469, 470, 471, 472, 473, 474, 475, 476, 477, 478, 479, 480, 481, 482, 483, 484, 910, 486, 911, 912, 913, 914, 915, 509]",True,"[436, 439, 887, 890, 927]","[398, 399, 400, 401, 402, 403, 404, 405, 406, 407, 408, 409, 410, 411, 412, 413, 414, 415, 416, 417, 418, 419, 420, 421, 422, 423, 424, 425, 426, 427, 428, 429, 430, 431, 432, 433, 434, 435, 436, 437, 438, 439, 440, 441, 442, 443, 444, 445, 446, 447, 448, 449, 450, 451, 452, 453, 454, 455, 456, 457, 458, 459, 460, 461, 462, 463, 464, 465, 466, 467, 468, 469, 470, 471, 472, 473, 474, 475, 476, 477, 478, 479, 480, 481, 482, 483, 484, 848, 849, 850, 851, 852, 853, 854, 855, 856, 857, 858, 859, 860, 861, 862, 863, 864, 865, 866, 867, 868, 869, 870, 871, 872, 873, 874, 875, 876, 877, 878, 879, 880, 881, 882, 883, 884, 885, 886, 887, 888, 889, 890, 891, 892, 893, 894, 895, 896, 897, 898, 899, 900, 901, 902, 903, 904, 905, 906, 907, 908, 909, 910, 911, 912, 913, 914, 915, 916, 917, 918, 919, 920, 921, 922, 923, 924, 925, 926, 927, 928, 929, 930, 931, 932, 933, 934, 935]","[436, 439, 887, 890, 927]",[],"[399, 401, 405, 408, 428, 436, 439, 445, 447, 848, 850, 854, 858, 880, 887, 890, 895, 927]","[26, 390, 436, 474, 486, 509, 840, 887, 922, 926]","[26, 390, 474, 486, 509, 840, 922, 926]",6/6 successful match,True,[369],True,114,False,,1.0,True,LW's Truck Stop ( Texaco ),Texaco
"Logan , 84321 LW's Truck Stop ( Texaco",3 435-753-7461 1000 UT 30 W ),HRS 24 S <U+2610> <U+2610> <U+2610> <U+2610> <U+2610>,Logan,84321,LW's Truck Stop ( Texaco,435-753-7461,2008,Logan,UT,Texaco,,1000 UT 30 W ,Proper,,False,,False,UT 30,,,,,"[436, 887]","[436, 439, 887, 890, 927]","[436, 439, 887, 890, 927]",[],"[398, 399, 400, 401, 402, 403, 404, 405, 406, 407, 408, 409, 410, 411, 412, 413, 414, 415, 416, 417, 418, 419, 420, 421, 422, 423, 424, 425, 426, 427, 428, 429, 430, 431, 432, 433, 434, 435, 436, 437, 438, 439, 440, 441, 442, 443, 444, 445, 446, 447, 448, 449, 450, 451, 452, 453, 454, 455, 456, 457, 458, 459, 460, 461, 462, 463, 464, 465, 466, 467, 468, 469, 470, 471, 472, 473, 474, 475, 476, 477, 478, 479, 480, 481, 482, 483, 484, 848, 849, 850, 851, 852, 853, 854, 855, 856, 857, 858, 859, 860, 861, 862, 863, 864, 865, 866, 867, 868, 869, 870, 871, 872, 873, 874, 875, 876, 877, 878, 879, 880, 881, 882, 883, 884, 885, 886, 887, 888, 889, 890, 891, 892, 893, 894, 895, 896, 897, 898, 899, 900, 901, 902, 903, 904, 905, 906, 907, 908, 909, 910, 911, 912, 913, 914, 915, 916, 917, 918, 919, 920, 921, 922, 923, 924, 925, 926, 927, 928, 929, 930, 931, 932, 933, 934, 935]","[399, 401, 405, 408, 428, 436, 439, 445, 447, 848, 850, 854, 858, 880, 887, 890, 895, 927]","[26, 390, 474, 486, 509, 840, 922, 926]","[26, 390, 436, 474, 486, 509, 840, 887, 922, 926]","[916, 917, 918, 919, 920, 921, 26, 922, 923, 924, 925, 926, 928, 929, 930, 931, 932, 933, 390, 934, 935, 840, 848, 849, 850, 851, 852, 853, 854, 855, 856, 857, 858, 859, 860, 861, 862, 863, 864, 865, 866, 867, 868, 869, 870, 871, 872, 873, 874, 875, 876, 877, 878, 879, 880, 881, 882, 883, 884, 885, 886, 887, 888, 889, 890, 891, 892, 893, 894, 895, 896, 897, 898, 899, 900, 901, 902, 903, 904, 905, 906, 907, 908, 909, 398, 399, 400, 401, 402, 403, 404, 405, 406, 407, 408, 409, 410, 411, 412, 413, 414, 927, 415, 416, 417, 418, 419, 420, 421, 422, 423, 424, 425, 426, 427, 428, 429, 430, 431, 432, 433, 434, 436, 435, 437, 439, 438, 440, 441, 442, 443, 444, 445, 446, 447, 448, 449, 450, 451, 452, 453, 454, 455, 456, 457, 458, 459, 460, 461, 462, 463, 464, 465, 466, 467, 468, 469, 470, 471, 472, 473, 474, 475, 476, 477, 478, 479, 480, 481, 482, 483, 484, 910, 486, 911, 912, 913, 914, 915, 509]",True,"[436, 439, 887, 890, 927]","[398, 399, 400, 401, 402, 403, 404, 405, 406, 407, 408, 409, 410, 411, 412, 413, 414, 415, 416, 417, 418, 419, 420, 421, 422, 423, 424, 425, 426, 427, 428, 429, 430, 431, 432, 433, 434, 435, 436, 437, 438, 439, 440, 441, 442, 443, 444, 445, 446, 447, 448, 449, 450, 451, 452, 453, 454, 455, 456, 457, 458, 459, 460, 461, 462, 463, 464, 465, 466, 467, 468, 469, 470, 471, 472, 473, 474, 475, 476, 477, 478, 479, 480, 481, 482, 483, 484, 848, 849, 850, 851, 852, 853, 854, 855, 856, 857, 858, 859, 860, 861, 862, 863, 864, 865, 866, 867, 868, 869, 870, 871, 872, 873, 874, 875, 876, 877, 878, 879, 880, 881, 882, 883, 884, 885, 886, 887, 888, 889, 890, 891, 892, 893, 894, 895, 896, 897, 898, 899, 900, 901, 902, 903, 904, 905, 906, 907, 908, 909, 910, 911, 912, 913, 914, 915, 916, 917, 918, 919, 920, 921, 922, 923, 924, 925, 926, 927, 928, 929, 930, 931, 932, 933, 934, 935]","[436, 439, 887, 890, 927]",[],"[399, 401, 405, 408, 428, 436, 439, 445, 447, 848, 850, 854, 858, 880, 887, 890, 895, 927]","[26, 390, 436, 474, 486, 509, 840, 887, 922, 926]","[26, 390, 474, 486, 509, 840, 922, 926]",6/6 successful match,True,[369],True,114,False,,0.98,True,LW's Truck Stop ( Texaco ),Texaco
Logan ( 84321 ) LW's Truck Stop ( Texaco ),435-753-7461 1020 UT 30 W & UT 252,24 MOO,Logan,84321,LW's Truck Stop ( Texaco ),435-753-7461,2014,Logan,UT,Texaco,,1020 UT 30 W & UT 252,Proper,,False,,False,UT 30,UT 252,,,,"[436, 887]","[436, 439, 887, 890, 927]","[436, 439, 887, 890, 927]",[],"[398, 399, 400, 401, 402, 403, 404, 405, 406, 407, 408, 409, 410, 411, 412, 413, 414, 415, 416, 417, 418, 419, 420, 421, 422, 423, 424, 425, 426, 427, 428, 429, 430, 431, 432, 433, 434, 435, 436, 437, 438, 439, 440, 441, 442, 443, 444, 445, 446, 447, 448, 449, 450, 451, 452, 453, 454, 455, 456, 457, 458, 459, 460, 461, 462, 463, 464, 465, 466, 467, 468, 469, 470, 471, 472, 473, 474, 475, 476, 477, 478, 479, 480, 481, 482, 483, 484, 848, 849, 850, 851, 852, 853, 854, 855, 856, 857, 858, 859, 860, 861, 862, 863, 864, 865, 866, 867, 868, 869, 870, 871, 872, 873, 874, 875, 876, 877, 878, 879, 880, 881, 882, 883, 884, 885, 886, 887, 888, 889, 890, 891, 892, 893, 894, 895, 896, 897, 898, 899, 900, 901, 902, 903, 904, 905, 906, 907, 908, 909, 910, 911, 912, 913, 914, 915, 916, 917, 918, 919, 920, 921, 922, 923, 924, 925, 926, 927, 928, 929, 930, 931, 932, 933, 934, 935]","[399, 401, 405, 408, 428, 436, 439, 445, 447, 848, 850, 854, 858, 880, 887, 890, 895, 927]","[26, 390, 474, 486, 509, 840, 922, 926]","[26, 390, 436, 474, 486, 509, 840, 887, 922, 926]","[916, 917, 918, 919, 920, 921, 26, 922, 923, 924, 925, 926, 928, 929, 930, 931, 932, 933, 390, 934, 935, 840, 848, 849, 850, 851, 852, 853, 854, 855, 856, 857, 858, 859, 860, 861, 862, 863, 864, 865, 866, 867, 868, 869, 870, 871, 872, 873, 874, 875, 876, 877, 878, 879, 880, 881, 882, 883, 884, 885, 886, 887, 888, 889, 890, 891, 892, 893, 894, 895, 896, 897, 898, 899, 900, 901, 902, 903, 904, 905, 906, 907, 908, 909, 398, 399, 400, 401, 402, 403, 404, 405, 406, 407, 408, 409, 410, 411, 412, 413, 414, 927, 415, 416, 417, 418, 419, 420, 421, 422, 423, 424, 425, 426, 427, 428, 429, 430, 431, 432, 433, 434, 436, 435, 437, 439, 438, 440, 441, 442, 443, 444, 445, 446, 447, 448, 449, 450, 451, 452, 453, 454, 455, 456, 457, 458, 459, 460, 461, 462, 463, 464, 465, 466, 467, 468, 469, 470, 471, 472, 473, 474, 475, 476, 477, 478, 479, 480, 481, 482, 483, 484, 910, 486, 911, 912, 913, 914, 915, 509]",True,"[436, 439, 887, 890, 927]","[398, 399, 400, 401, 402, 403, 404, 405, 406, 407, 408, 409, 410, 411, 412, 413, 414, 415, 416, 417, 418, 419, 420, 421, 422, 423, 424, 425, 426, 427, 428, 429, 430, 431, 432, 433, 434, 435, 436, 437, 438, 439, 440, 441, 442, 443, 444, 445, 446, 447, 448, 449, 450, 451, 452, 453, 454, 455, 456, 457, 458, 459, 460, 461, 462, 463, 464, 465, 466, 467, 468, 469, 470, 471, 472, 473, 474, 475, 476, 477, 478, 479, 480, 481, 482, 483, 484, 848, 849, 850, 851, 852, 853, 854, 855, 856, 857, 858, 859, 860, 861, 862, 863, 864, 865, 866, 867, 868, 869, 870, 871, 872, 873, 874, 875, 876, 877, 878, 879, 880, 881, 882, 883, 884, 885, 886, 887, 888, 889, 890, 891, 892, 893, 894, 895, 896, 897, 898, 899, 900, 901, 902, 903, 904, 905, 906, 907, 908, 909, 910, 911, 912, 913, 914, 915, 916, 917, 918, 919, 920, 921, 922, 923, 924, 925, 926, 927, 928, 929, 930, 931, 932, 933, 934, 935]","[436, 439, 887, 890, 927]",[],"[399, 401, 405, 408, 428, 436, 439, 445, 447, 848, 850, 854, 858, 880, 887, 890, 895, 927]","[26, 390, 436, 474, 486, 509, 840, 887, 922, 926]","[26, 390, 474, 486, 509, 840, 922, 926]",6/6 successful match,True,[369],True,114,False,,0.98,True,LW's Truck Stop ( Texaco,Texaco
Logan ( 84321 ) LW's Truck Stop ( Chevron ),435-753-7461 1020 UT 30 W & UT 252,24 M,Logan,84321,LW's Truck Stop ( Chevron ),435-753-7461,2015,Logan,UT,Chevron,,1020 UT 30 W & UT 252,Proper,,False,,False,UT 30,UT 252,,,,"[436, 887]","[436, 439, 887, 890, 927]","[436, 439, 887, 890, 927]",[],"[398, 399, 400, 401, 402, 403, 404, 405, 406, 407, 408, 409, 410, 411, 412, 413, 414, 415, 416, 417, 418, 419, 420, 421, 422, 423, 424, 425, 426, 427, 428, 429, 430, 431, 432, 433, 434, 435, 436, 437, 438, 439, 440, 441, 442, 443, 444, 445, 446, 447, 448, 449, 450, 451, 452, 453, 454, 455, 456, 457, 458, 459, 460, 461, 462, 463, 464, 465, 466, 467, 468, 469, 470, 471, 472, 473, 474, 475, 476, 477, 478, 479, 480, 481, 482, 483, 484, 848, 849, 850, 851, 852, 853, 854, 855, 856, 857, 858, 859, 860, 861, 862, 863, 864, 865, 866, 867, 868, 869, 870, 871, 872, 873, 874, 875, 876, 877, 878, 879, 880, 881, 882, 883, 884, 885, 886, 887, 888, 889, 890, 891, 892, 893, 894, 895, 896, 897, 898, 899, 900, 901, 902, 903, 904, 905, 906, 907, 908, 909, 910, 911, 912, 913, 914, 915, 916, 917, 918, 919, 920, 921, 922, 923, 924, 925, 926, 927, 928, 929, 930, 931, 932, 933, 934, 935]","[399, 401, 405, 408, 428, 436, 439, 445, 447, 848, 850, 854, 858, 880, 887, 890, 895, 927]","[12, 24, 25, 28, 88, 100, 104, 119, 123, 129, 136, 137, 139, 140, 141, 148, 155, 169, 172, 179, 183, 185, 188, 196, 198, 217, 237, 267, 270, 278, 319, 321, 324, 325, 330, 334, 335, 354, 366, 369, 380, 383, 384, 386, 395, 407, 411, 423, 428, 436, 437, 452, 453, 456, 467, 471, 477, 478, 479, 497, 508, 511, 559, 571, 575, 590, 594, 600, 607, 608, 610, 611, 612, 619, 627, 640, 643, 650, 654, 656, 659, 667, 669, 685, 701, 726, 729, 737, 777, 779, 782, 783, 787, 790, 791, 809, 817, 819, 830, 833, 834, 836, 845, 856, 857, 860, 862, 875, 880, 887, 888, 899, 900, 914, 918, 921, 928, 929, 930]","[12, 24, 25, 28, 88, 100, 104, 119, 123, 129, 136, 137, 139, 140, 141, 148, 155, 169, 172, 179, 183, 185, 188, 196, 198, 217, 237, 267, 270, 278, 319, 321, 324, 325, 330, 334, 335, 354, 366, 369, 380, 383, 384, 386, 395, 407, 411, 423, 428, 436, 437, 452, 453, 456, 467, 471, 477, 478, 479, 497, 508, 511, 559, 571, 575, 590, 594, 600, 607, 608, 610, 611, 612, 619, 627, 640, 643, 650, 654, 656, 659, 667, 669, 685, 701, 726, 729, 737, 777, 779, 782, 783, 787, 790, 791, 809, 817, 819, 830, 833, 834, 836, 845, 856, 857, 860, 862, 875, 880, 887, 888, 899, 900, 914, 918, 921, 928, 929, 930]","[916, 917, 918, 12, 919, 920, 24, 25, 921, 28, 922, 923, 924, 925, 559, 926, 383, 571, 928, 575, 929, 930, 931, 590, 932, 594, 933, 88, 600, 934, 607, 608, 935, 610, 611, 100, 612, 104, 619, 627, 119, 123, 640, 129, 643, 136, 137, 650, 139, 140, 141, 654, 656, 659, 148, 155, 667, 669, 169, 172, 685, 179, 183, 185, 188, 701, 380, 196, 198, 384, 395, 726, 217, 729, 737, 237, 354, 777, 267, 779, 270, 782, 783, 787, 278, 790, 791, 809, 817, 366, 819, 830, 319, 321, 369, 833, 324, 325, 834, 836, 330, 845, 334, 335, 848, 849, 850, 851, 852, 853, 854, 855, 856, 857, 858, 859, 860, 861, 862, 863, 864, 865, 866, 867, 868, 869, 870, 871, 872, 873, 874, 875, 876, 877, 878, 879, 880, 881, 882, 883, 884, 885, 886, 887, 888, 889, 890, 891, 892, 893, 894, 895, 896, 897, 898, 899, 900, 901, 902, 903, 904, 905, 906, 907, 908, 909, 398, 399, 400, 401, 402, 403, 404, 405, 406, 407, 408, 409, 410, 411, 412, 413, 414, 927, 415, 416, 417, 418, 419, 420, 421, 422, 423, 424, 425, 426, 427, 428, 429, 430, 431, 432, 433, 434, 436, 435, 437, 439, 438, 440, 441, 442, 443, 444, 445, 446, 447, 448, 449, 450, 451, 452, 453, 454, 455, 456, 457, 458, 459, 460, 461, 462, 463, 464, 465, 466, 467, 468, 469, 470, 471, 472, 473, 474, 475, 476, 477, 478, 479, 480, 481, 482, 483, 484, 910, 911, 912, 508, 497, 913, 386, 914, 915, 511]",True,"[436, 439, 887, 890, 927]","[398, 399, 400, 401, 402, 403, 404, 405, 406, 407, 408, 409, 410, 411, 412, 413, 414, 415, 416, 417, 418, 419, 420, 421, 422, 423, 424, 425, 426, 427, 428, 429, 430, 431, 432, 433, 434, 435, 436, 437, 438, 439, 440, 441, 442, 443, 444, 445, 446, 447, 448, 449, 450, 451, 452, 453, 454, 455, 456, 457, 458, 459, 460, 461, 462, 463, 464, 465, 466, 467, 468, 469, 470, 471, 472, 473, 474, 475, 476, 477, 478, 479, 480, 481, 482, 483, 484, 848, 849, 850, 851, 852, 853, 854, 855, 856, 857, 858, 859, 860, 861, 862, 863, 864, 865, 866, 867, 868, 869, 870, 871, 872, 873, 874, 875, 876, 877, 878, 879, 880, 881, 882, 883, 884, 885, 886, 887, 888, 889, 890, 891, 892, 893, 894, 895, 896, 897, 898, 899, 900, 901, 902, 903, 904, 905, 906, 907, 908, 909, 910, 911, 912, 913, 914, 915, 916, 917, 918, 919, 920, 921, 922, 923, 924, 925, 926, 927, 928, 929, 930, 931, 932, 933, 934, 935]","[436, 439, 887, 890, 927]",[],"[399, 401, 405, 408, 428, 436, 439, 445, 447, 848, 850, 854, 858, 880, 887, 890, 895, 927]","[12, 24, 25, 28, 88, 100, 104, 119, 123, 129, 136, 137, 139, 140, 141, 148, 155, 169, 172, 179, 183, 185, 188, 196, 198, 217, 237, 267, 270, 278, 319, 321, 324, 325, 330, 334, 335, 354, 366, 369, 380, 383, 384, 386, 395, 407, 411, 423, 428, 436, 437, 452, 453, 456, 467, 471, 477, 478, 479, 497, 508, 511, 559, 571, 575, 590, 594, 600, 607, 608, 610, 611, 612, 619, 627, 640, 643, 650, 654, 656, 659, 667, 669, 685, 701, 726, 729, 737, 777, 779, 782, 783, 787, 790, 791, 809, 817, 819, 830, 833, 834, 836, 845, 856, 857, 860, 862, 875, 880, 887, 888, 899, 900, 914, 918, 921, 928, 929, 930]","[12, 24, 25, 28, 88, 100, 104, 119, 123, 129, 136, 137, 139, 140, 141, 148, 155, 169, 172, 179, 183, 185, 188, 196, 198, 217, 237, 267, 270, 278, 319, 321, 324, 325, 330, 334, 335, 354, 366, 369, 380, 383, 384, 386, 395, 407, 411, 423, 428, 436, 437, 452, 453, 456, 467, 471, 477, 478, 479, 497, 508, 511, 559, 571, 575, 590, 594, 600, 607, 608, 610, 611, 612, 619, 627, 640, 643, 650, 654, 656, 659, 667, 669, 685, 701, 726, 729, 737, 777, 779, 782, 783, 787, 790, 791, 809, 817, 819, 830, 833, 834, 836, 845, 856, 857, 860, 862, 875, 880, 887, 888, 899, 900, 914, 918, 921, 928, 929, 930]",7/6 successful match,True,[369],True,114,True,2015,0.41509433962264153,False,LW's Truck Stop ( Texaco ),Texaco
Logan ( 84321 ) LW's Truck Stop ( Chevron ),435-753-7461 1020 UT 30 W & UT 252,24 M 24,Logan,84321,LW's Truck Stop ( Chevron ),435-753-7461,2016,Logan,UT,Chevron,,1020 UT 30 W & UT 252,Proper,,False,,False,UT 30,UT 252,,,,"[436, 887]","[436, 439, 887, 890, 927]","[436, 439, 887, 890, 927]",[],"[398, 399, 400, 401, 402, 403, 404, 405, 406, 407, 408, 409, 410, 411, 412, 413, 414, 415, 416, 417, 418, 419, 420, 421, 422, 423, 424, 425, 426, 427, 428, 429, 430, 431, 432, 433, 434, 435, 436, 437, 438, 439, 440, 441, 442, 443, 444, 445, 446, 447, 448, 449, 450, 451, 452, 453, 454, 455, 456, 457, 458, 459, 460, 461, 462, 463, 464, 465, 466, 467, 468, 469, 470, 471, 472, 473, 474, 475, 476, 477, 478, 479, 480, 481, 482, 483, 484, 848, 849, 850, 851, 852, 853, 854, 855, 856, 857, 858, 859, 860, 861, 862, 863, 864, 865, 866, 867, 868, 869, 870, 871, 872, 873, 874, 875, 876, 877, 878, 879, 880, 881, 882, 883, 884, 885, 886, 887, 888, 889, 890, 891, 892, 893, 894, 895, 896, 897, 898, 899, 900, 901, 902, 903, 904, 905, 906, 907, 908, 909, 910, 911, 912, 913, 914, 915, 916, 917, 918, 919, 920, 921, 922, 923, 924, 925, 926, 927, 928, 929, 930, 931, 932, 933, 934, 935]","[399, 401, 405, 408, 428, 436, 439, 445, 447, 848, 850, 854, 858, 880, 887, 890, 895, 927]","[12, 24, 25, 28, 88, 100, 104, 119, 123, 129, 136, 137, 139, 140, 141, 148, 155, 169, 172, 179, 183, 185, 188, 196, 198, 217, 237, 267, 270, 278, 319, 321, 324, 325, 330, 334, 335, 354, 366, 369, 380, 383, 384, 386, 395, 407, 411, 423, 428, 436, 437, 452, 453, 456, 467, 471, 477, 478, 479, 497, 508, 511, 559, 571, 575, 590, 594, 600, 607, 608, 610, 611, 612, 619, 627, 640, 643, 650, 654, 656, 659, 667, 669, 685, 701, 726, 729, 737, 777, 779, 782, 783, 787, 790, 791, 809, 817, 819, 830, 833, 834, 836, 845, 856, 857, 860, 862, 875, 880, 887, 888, 899, 900, 914, 918, 921, 928, 929, 930]","[12, 24, 25, 28, 88, 100, 104, 119, 123, 129, 136, 137, 139, 140, 141, 148, 155, 169, 172, 179, 183, 185, 188, 196, 198, 217, 237, 267, 270, 278, 319, 321, 324, 325, 330, 334, 335, 354, 366, 369, 380, 383, 384, 386, 395, 407, 411, 423, 428, 436, 437, 452, 453, 456, 467, 471, 477, 478, 479, 497, 508, 511, 559, 571, 575, 590, 594, 600, 607, 608, 610, 611, 612, 619, 627, 640, 643, 650, 654, 656, 659, 667, 669, 685, 701, 726, 729, 737, 777, 779, 782, 783, 787, 790, 791, 809, 817, 819, 830, 833, 834, 836, 845, 856, 857, 860, 862, 875, 880, 887, 888, 899, 900, 914, 918, 921, 928, 929, 930]","[916, 917, 918, 12, 919, 920, 24, 25, 921, 28, 922, 923, 924, 925, 559, 926, 383, 571, 928, 575, 929, 930, 931, 590, 932, 594, 933, 88, 600, 934, 607, 608, 935, 610, 611, 100, 612, 104, 619, 627, 119, 123, 640, 129, 643, 136, 137, 650, 139, 140, 141, 654, 656, 659, 148, 155, 667, 669, 169, 172, 685, 179, 183, 185, 188, 701, 380, 196, 198, 384, 395, 726, 217, 729, 737, 237, 354, 777, 267, 779, 270, 782, 783, 787, 278, 790, 791, 809, 817, 366, 819, 830, 319, 321, 369, 833, 324, 325, 834, 836, 330, 845, 334, 335, 848, 849, 850, 851, 852, 853, 854, 855, 856, 857, 858, 859, 860, 861, 862, 863, 864, 865, 866, 867, 868, 869, 870, 871, 872, 873, 874, 875, 876, 877, 878, 879, 880, 881, 882, 883, 884, 885, 886, 887, 888, 889, 890, 891, 892, 893, 894, 895, 896, 897, 898, 899, 900, 901, 902, 903, 904, 905, 906, 907, 908, 909, 398, 399, 400, 401, 402, 403, 404, 405, 406, 407, 408, 409, 410, 411, 412, 413, 414, 927, 415, 416, 417, 418, 419, 420, 421, 422, 423, 424, 425, 426, 427, 428, 429, 430, 431, 432, 433, 434, 436, 435, 437, 439, 438, 440, 441, 442, 443, 444, 445, 446, 447, 448, 449, 450, 451, 452, 453, 454, 455, 456, 457, 458, 459, 460, 461, 462, 463, 464, 465, 466, 467, 468, 469, 470, 471, 472, 473, 474, 475, 476, 477, 478, 479, 480, 481, 482, 483, 484, 910, 911, 912, 508, 497, 913, 386, 914, 915, 511]",True,"[436, 439, 887, 890, 927]","[398, 399, 400, 401, 402, 403, 404, 405, 406, 407, 408, 409, 410, 411, 412, 413, 414, 415, 416, 417, 418, 419, 420, 421, 422, 423, 424, 425, 426, 427, 428, 429, 430, 431, 432, 433, 434, 435, 436, 437, 438, 439, 440, 441, 442, 443, 444, 445, 446, 447, 448, 449, 450, 451, 452, 453, 454, 455, 456, 457, 458, 459, 460, 461, 462, 463, 464, 465, 466, 467, 468, 469, 470, 471, 472, 473, 474, 475, 476, 477, 478, 479, 480, 481, 482, 483, 484, 848, 849, 850, 851, 852, 853, 854, 855, 856, 857, 858, 859, 860, 861, 862, 863, 864, 865, 866, 867, 868, 869, 870, 871, 872, 873, 874, 875, 876, 877, 878, 879, 880, 881, 882, 883, 884, 885, 886, 887, 888, 889, 890, 891, 892, 893, 894, 895, 896, 897, 898, 899, 900, 901, 902, 903, 904, 905, 906, 907, 908, 909, 910, 911, 912, 913, 914, 915, 916, 917, 918, 919, 920, 921, 922, 923, 924, 925, 926, 927, 928, 929, 930, 931, 932, 933, 934, 935]","[436, 439, 887, 890, 927]",[],"[399, 401, 405, 408, 428, 436, 439, 445, 447, 848, 850, 854, 858, 880, 887, 890, 895, 927]","[12, 24, 25, 28, 88, 100, 104, 119, 123, 129, 136, 137, 139, 140, 141, 148, 155, 169, 172, 179, 183, 185, 188, 196, 198, 217, 237, 267, 270, 278, 319, 321, 324, 325, 330, 334, 335, 354, 366, 369, 380, 383, 384, 386, 395, 407, 411, 423, 428, 436, 437, 452, 453, 456, 467, 471, 477, 478, 479, 497, 508, 511, 559, 571, 575, 590, 594, 600, 607, 608, 610, 611, 612, 619, 627, 640, 643, 650, 654, 656, 659, 667, 669, 685, 701, 726, 729, 737, 777, 779, 782, 783, 787, 790, 791, 809, 817, 819, 830, 833, 834, 836, 845, 856, 857, 860, 862, 875, 880, 887, 888, 899, 900, 914, 918, 921, 928, 929, 930]","[12, 24, 25, 28, 88, 100, 104, 119, 123, 129, 136, 137, 139, 140, 141, 148, 155, 169, 172, 179, 183, 185, 188, 196, 198, 217, 237, 267, 270, 278, 319, 321, 324, 325, 330, 334, 335, 354, 366, 369, 380, 383, 384, 386, 395, 407, 411, 423, 428, 436, 437, 452, 453, 456, 467, 471, 477, 478, 479, 497, 508, 511, 559, 571, 575, 590, 594, 600, 607, 608, 610, 611, 612, 619, 627, 640, 643, 650, 654, 656, 659, 667, 669, 685, 701, 726, 729, 737, 777, 779, 782, 783, 787, 790, 791, 809, 817, 819, 830, 833, 834, 836, 845, 856, 857, 860, 862, 875, 880, 887, 888, 899, 900, 914, 918, 921, 928, 929, 930]",7/6 successful match,True,[369],True,114,False,,1.0,True,LW's Truck Stop ( Chevron ),Chevron
"Snowville , 84336 Flying J Fuel Stop # 0011139",435-872-8181 I-84 Exit 7,MO,Snowville,84336,Flying J Fuel Stop # 0011139,435-872-8181,2006,Snowville,UT,Flying J,,I-84 Exit 7,Exit,7,False,,False,I-84,,,,,"[874, 422]","[422, 874]","[422, 874]","[198, 266, 316, 378, 422, 669, 774, 828, 874]","[398, 399, 400, 401, 402, 403, 404, 405, 406, 407, 408, 409, 410, 411, 412, 413, 414, 415, 416, 417, 418, 419, 420, 421, 422, 423, 424, 425, 426, 427, 428, 429, 430, 431, 432, 433, 434, 435, 436, 437, 438, 439, 440, 441, 442, 443, 444, 445, 446, 447, 448, 449, 450, 451, 452, 453, 454, 455, 456, 457, 458, 459, 460, 461, 462, 463, 464, 465, 466, 467, 468, 469, 470, 471, 472, 473, 474, 475, 476, 477, 478, 479, 480, 481, 482, 483, 484, 848, 849, 850, 851, 852, 853, 854, 855, 856, 857, 858, 859, 860, 861, 862, 863, 864, 865, 866, 867, 868, 869, 870, 871, 872, 873, 874, 875, 876, 877, 878, 879, 880, 881, 882, 883, 884, 885, 886, 887, 888, 889, 890, 891, 892, 893, 894, 895, 896, 897, 898, 899, 900, 901, 902, 903, 904, 905, 906, 907, 908, 909, 910, 911, 912, 913, 914, 915, 916, 917, 918, 919, 920, 921, 922, 923, 924, 925, 926, 927, 928, 929, 930, 931, 932, 933, 934, 935]","[402, 416, 422, 423, 465, 851, 867, 874, 875, 912]","[17, 18, 19, 20, 21, 22, 23, 156, 157, 158, 159, 160, 161, 162, 163, 164, 165, 166, 167, 341, 342, 343, 344, 345, 412, 413, 414, 415, 416, 417, 418, 419, 420, 421, 422, 502, 503, 504, 505, 506, 507, 628, 629, 630, 631, 632, 633, 634, 635, 636, 637, 638, 639, 792, 797, 798, 799, 800, 801, 863, 864, 865, 866, 867, 868, 869, 870, 871, 872, 873, 874]","[17, 18, 19, 20, 21, 22, 23, 156, 157, 158, 159, 160, 161, 162, 163, 164, 165, 166, 167, 168, 340, 341, 342, 343, 344, 345, 346, 412, 413, 414, 415, 416, 417, 418, 419, 420, 421, 422, 502, 503, 504, 505, 506, 507, 628, 629, 630, 631, 632, 633, 634, 635, 636, 637, 638, 639, 792, 796, 797, 798, 799, 800, 801, 863, 864, 865, 866, 867, 868, 869, 870, 871, 872, 873, 874]","[916, 917, 918, 919, 17, 18, 19, 20, 920, 21, 22, 23, 921, 922, 923, 924, 925, 926, 927, 928, 929, 930, 931, 932, 933, 934, 935, 628, 629, 630, 631, 632, 633, 634, 635, 636, 637, 638, 639, 156, 669, 157, 158, 159, 160, 161, 162, 163, 164, 165, 166, 167, 168, 340, 341, 342, 343, 344, 198, 345, 346, 774, 266, 792, 796, 797, 798, 799, 800, 801, 828, 316, 848, 849, 850, 851, 852, 853, 854, 855, 856, 857, 858, 859, 860, 861, 862, 863, 864, 865, 866, 867, 868, 869, 870, 871, 872, 873, 874, 875, 876, 877, 878, 879, 880, 881, 882, 883, 884, 885, 886, 887, 888, 889, 378, 890, 891, 892, 893, 894, 895, 896, 897, 898, 899, 900, 901, 902, 903, 904, 905, 906, 907, 908, 398, 399, 400, 401, 402, 403, 404, 405, 406, 407, 408, 409, 410, 411, 412, 413, 414, 415, 416, 417, 418, 419, 420, 421, 422, 423, 424, 425, 426, 427, 428, 429, 430, 431, 432, 433, 434, 435, 436, 437, 438, 439, 440, 441, 442, 443, 444, 445, 446, 447, 448, 449, 450, 451, 452, 453, 454, 455, 456, 457, 458, 459, 460, 461, 462, 463, 464, 465, 466, 467, 468, 469, 470, 471, 472, 473, 474, 475, 476, 477, 478, 479, 480, 481, 482, 483, 484, 909, 910, 503, 911, 912, 913, 502, 914, 504, 505, 506, 507, 915]",True,"[422, 874]","[398, 399, 400, 401, 402, 403, 404, 405, 406, 407, 408, 409, 410, 411, 412, 413, 414, 415, 416, 417, 418, 419, 420, 421, 422, 423, 424, 425, 426, 427, 428, 429, 430, 431, 432, 433, 434, 435, 436, 437, 438, 439, 440, 441, 442, 443, 444, 445, 446, 447, 448, 449, 450, 451, 452, 453, 454, 455, 456, 457, 458, 459, 460, 461, 462, 463, 464, 465, 466, 467, 468, 469, 470, 471, 472, 473, 474, 475, 476, 477, 478, 479, 480, 481, 482, 483, 484, 848, 849, 850, 851, 852, 853, 854, 855, 856, 857, 858, 859, 860, 861, 862, 863, 864, 865, 866, 867, 868, 869, 870, 871, 872, 873, 874, 875, 876, 877, 878, 879, 880, 881, 882, 883, 884, 885, 886, 887, 888, 889, 890, 891, 892, 893, 894, 895, 896, 897, 898, 899, 900, 901, 902, 903, 904, 905, 906, 907, 908, 909, 910, 911, 912, 913, 914, 915, 916, 917, 918, 919, 920, 921, 922, 923, 924, 925, 926, 927, 928, 929, 930, 931, 932, 933, 934, 935]","[422, 874]","[198, 266, 316, 378, 422, 669, 774, 828, 874]","[402, 416, 422, 423, 465, 851, 867, 874, 875, 912]","[17, 18, 19, 20, 21, 22, 23, 156, 157, 158, 159, 160, 161, 162, 163, 164, 165, 166, 167, 168, 340, 341, 342, 343, 344, 345, 346, 412, 413, 414, 415, 416, 417, 418, 419, 420, 421, 422, 502, 503, 504, 505, 506, 507, 628, 629, 630, 631, 632, 633, 634, 635, 636, 637, 638, 639, 792, 796, 797, 798, 799, 800, 801, 863, 864, 865, 866, 867, 868, 869, 870, 871, 872, 873, 874]","[17, 18, 19, 20, 21, 22, 23, 156, 157, 158, 159, 160, 161, 162, 163, 164, 165, 166, 167, 341, 342, 343, 344, 345, 412, 413, 414, 415, 416, 417, 418, 419, 420, 421, 422, 502, 503, 504, 505, 506, 507, 628, 629, 630, 631, 632, 633, 634, 635, 636, 637, 638, 639, 792, 797, 798, 799, 800, 801, 863, 864, 865, 866, 867, 868, 869, 870, 871, 872, 873, 874]",7/6 successful match,True,[722],True,115,False,,,,,
"B Snowville , 84336 Flying J Fuel Stop # 0011139",435-872-8181 I-84 Exit 7,M,Snowville,84336,Flying J Fuel Stop # 0011139,435-872-8181,2007,Snowville,UT,Flying J,,I-84 Exit 7,Exit,7,False,,False,I-84,,,,,"[874, 422]","[422, 874]","[422, 874]","[198, 266, 316, 378, 422, 669, 774, 828, 874]","[398, 399, 400, 401, 402, 403, 404, 405, 406, 407, 408, 409, 410, 411, 412, 413, 414, 415, 416, 417, 418, 419, 420, 421, 422, 423, 424, 425, 426, 427, 428, 429, 430, 431, 432, 433, 434, 435, 436, 437, 438, 439, 440, 441, 442, 443, 444, 445, 446, 447, 448, 449, 450, 451, 452, 453, 454, 455, 456, 457, 458, 459, 460, 461, 462, 463, 464, 465, 466, 467, 468, 469, 470, 471, 472, 473, 474, 475, 476, 477, 478, 479, 480, 481, 482, 483, 484, 848, 849, 850, 851, 852, 853, 854, 855, 856, 857, 858, 859, 860, 861, 862, 863, 864, 865, 866, 867, 868, 869, 870, 871, 872, 873, 874, 875, 876, 877, 878, 879, 880, 881, 882, 883, 884, 885, 886, 887, 888, 889, 890, 891, 892, 893, 894, 895, 896, 897, 898, 899, 900, 901, 902, 903, 904, 905, 906, 907, 908, 909, 910, 911, 912, 913, 914, 915, 916, 917, 918, 919, 920, 921, 922, 923, 924, 925, 926, 927, 928, 929, 930, 931, 932, 933, 934, 935]","[402, 416, 422, 423, 465, 851, 867, 874, 875, 912]","[17, 18, 19, 20, 21, 22, 23, 156, 157, 158, 159, 160, 161, 162, 163, 164, 165, 166, 167, 341, 342, 343, 344, 345, 412, 413, 414, 415, 416, 417, 418, 419, 420, 421, 422, 502, 503, 504, 505, 506, 507, 628, 629, 630, 631, 632, 633, 634, 635, 636, 637, 638, 639, 792, 797, 798, 799, 800, 801, 863, 864, 865, 866, 867, 868, 869, 870, 871, 872, 873, 874]","[17, 18, 19, 20, 21, 22, 23, 156, 157, 158, 159, 160, 161, 162, 163, 164, 165, 166, 167, 168, 340, 341, 342, 343, 344, 345, 346, 412, 413, 414, 415, 416, 417, 418, 419, 420, 421, 422, 502, 503, 504, 505, 506, 507, 628, 629, 630, 631, 632, 633, 634, 635, 636, 637, 638, 639, 792, 796, 797, 798, 799, 800, 801, 863, 864, 865, 866, 867, 868, 869, 870, 871, 872, 873, 874]","[916, 917, 918, 919, 17, 18, 19, 20, 920, 21, 22, 23, 921, 922, 923, 924, 925, 926, 927, 928, 929, 930, 931, 932, 933, 934, 935, 628, 629, 630, 631, 632, 633, 634, 635, 636, 637, 638, 639, 156, 669, 157, 158, 159, 160, 161, 162, 163, 164, 165, 166, 167, 168, 340, 341, 342, 343, 344, 198, 345, 346, 774, 266, 792, 796, 797, 798, 799, 800, 801, 828, 316, 848, 849, 850, 851, 852, 853, 854, 855, 856, 857, 858, 859, 860, 861, 862, 863, 864, 865, 866, 867, 868, 869, 870, 871, 872, 873, 874, 875, 876, 877, 878, 879, 880, 881, 882, 883, 884, 885, 886, 887, 888, 889, 378, 890, 891, 892, 893, 894, 895, 896, 897, 898, 899, 900, 901, 902, 903, 904, 905, 906, 907, 908, 398, 399, 400, 401, 402, 403, 404, 405, 406, 407, 408, 409, 410, 411, 412, 413, 414, 415, 416, 417, 418, 419, 420, 421, 422, 423, 424, 425, 426, 427, 428, 429, 430, 431, 432, 433, 434, 435, 436, 437, 438, 439, 440, 441, 442, 443, 444, 445, 446, 447, 448, 449, 450, 451, 452, 453, 454, 455, 456, 457, 458, 459, 460, 461, 462, 463, 464, 465, 466, 467, 468, 469, 470, 471, 472, 473, 474, 475, 476, 477, 478, 479, 480, 481, 482, 483, 484, 909, 910, 503, 911, 912, 913, 502, 914, 504, 505, 506, 507, 915]",True,"[422, 874]","[398, 399, 400, 401, 402, 403, 404, 405, 406, 407, 408, 409, 410, 411, 412, 413, 414, 415, 416, 417, 418, 419, 420, 421, 422, 423, 424, 425, 426, 427, 428, 429, 430, 431, 432, 433, 434, 435, 436, 437, 438, 439, 440, 441, 442, 443, 444, 445, 446, 447, 448, 449, 450, 451, 452, 453, 454, 455, 456, 457, 458, 459, 460, 461, 462, 463, 464, 465, 466, 467, 468, 469, 470, 471, 472, 473, 474, 475, 476, 477, 478, 479, 480, 481, 482, 483, 484, 848, 849, 850, 851, 852, 853, 854, 855, 856, 857, 858, 859, 860, 861, 862, 863, 864, 865, 866, 867, 868, 869, 870, 871, 872, 873, 874, 875, 876, 877, 878, 879, 880, 881, 882, 883, 884, 885, 886, 887, 888, 889, 890, 891, 892, 893, 894, 895, 896, 897, 898, 899, 900, 901, 902, 903, 904, 905, 906, 907, 908, 909, 910, 911, 912, 913, 914, 915, 916, 917, 918, 919, 920, 921, 922, 923, 924, 925, 926, 927, 928, 929, 930, 931, 932, 933, 934, 935]","[422, 874]","[198, 266, 316, 378, 422, 669, 774, 828, 874]","[402, 416, 422, 423, 465, 851, 867, 874, 875, 912]","[17, 18, 19, 20, 21, 22, 23, 156, 157, 158, 159, 160, 161, 162, 163, 164, 165, 166, 167, 168, 340, 341, 342, 343, 344, 345, 346, 412, 413, 414, 415, 416, 417, 418, 419, 420, 421, 422, 502, 503, 504, 505, 506, 507, 628, 629, 630, 631, 632, 633, 634, 635, 636, 637, 638, 639, 792, 796, 797, 798, 799, 800, 801, 863, 864, 865, 866, 867, 868, 869, 870, 871, 872, 873, 874]","[17, 18, 19, 20, 21, 22, 23, 156, 157, 158, 159, 160, 161, 162, 163, 164, 165, 166, 167, 341, 342, 343, 344, 345, 412, 413, 414, 415, 416, 417, 418, 419, 420, 421, 422, 502, 503, 504, 505, 506, 507, 628, 629, 630, 631, 632, 633, 634, 635, 636, 637, 638, 639, 792, 797, 798, 799, 800, 801, 863, 864, 865, 866, 867, 868, 869, 870, 871, 872, 873, 874]",7/6 successful match,True,[722],True,115,False,,1.0,True,Flying J Fuel Stop # 0011139,Flying J
"B Snowville , 84336 Flying J Fuel Stop # 0011139",435-872-8181 I-84 Exit 7,24 M,Snowville,84336,Flying J Fuel Stop # 0011139,435-872-8181,2008,Snowville,UT,Flying J,,I-84 Exit 7,Exit,7,False,,False,I-84,,,,,"[874, 422]","[422, 874]","[422, 874]","[198, 266, 316, 378, 422, 669, 774, 828, 874]","[398, 399, 400, 401, 402, 403, 404, 405, 406, 407, 408, 409, 410, 411, 412, 413, 414, 415, 416, 417, 418, 419, 420, 421, 422, 423, 424, 425, 426, 427, 428, 429, 430, 431, 432, 433, 434, 435, 436, 437, 438, 439, 440, 441, 442, 443, 444, 445, 446, 447, 448, 449, 450, 451, 452, 453, 454, 455, 456, 457, 458, 459, 460, 461, 462, 463, 464, 465, 466, 467, 468, 469, 470, 471, 472, 473, 474, 475, 476, 477, 478, 479, 480, 481, 482, 483, 484, 848, 849, 850, 851, 852, 853, 854, 855, 856, 857, 858, 859, 860, 861, 862, 863, 864, 865, 866, 867, 868, 869, 870, 871, 872, 873, 874, 875, 876, 877, 878, 879, 880, 881, 882, 883, 884, 885, 886, 887, 888, 889, 890, 891, 892, 893, 894, 895, 896, 897, 898, 899, 900, 901, 902, 903, 904, 905, 906, 907, 908, 909, 910, 911, 912, 913, 914, 915, 916, 917, 918, 919, 920, 921, 922, 923, 924, 925, 926, 927, 928, 929, 930, 931, 932, 933, 934, 935]","[402, 416, 422, 423, 465, 851, 867, 874, 875, 912]","[17, 18, 19, 20, 21, 22, 23, 156, 157, 158, 159, 160, 161, 162, 163, 164, 165, 166, 167, 341, 342, 343, 344, 345, 412, 413, 414, 415, 416, 417, 418, 419, 420, 421, 422, 502, 503, 504, 505, 506, 507, 628, 629, 630, 631, 632, 633, 634, 635, 636, 637, 638, 639, 792, 797, 798, 799, 800, 801, 863, 864, 865, 866, 867, 868, 869, 870, 871, 872, 873, 874]","[17, 18, 19, 20, 21, 22, 23, 156, 157, 158, 159, 160, 161, 162, 163, 164, 165, 166, 167, 168, 340, 341, 342, 343, 344, 345, 346, 412, 413, 414, 415, 416, 417, 418, 419, 420, 421, 422, 502, 503, 504, 505, 506, 507, 628, 629, 630, 631, 632, 633, 634, 635, 636, 637, 638, 639, 792, 796, 797, 798, 799, 800, 801, 863, 864, 865, 866, 867, 868, 869, 870, 871, 872, 873, 874]","[916, 917, 918, 919, 17, 18, 19, 20, 920, 21, 22, 23, 921, 922, 923, 924, 925, 926, 927, 928, 929, 930, 931, 932, 933, 934, 935, 628, 629, 630, 631, 632, 633, 634, 635, 636, 637, 638, 639, 156, 669, 157, 158, 159, 160, 161, 162, 163, 164, 165, 166, 167, 168, 340, 341, 342, 343, 344, 198, 345, 346, 774, 266, 792, 796, 797, 798, 799, 800, 801, 828, 316, 848, 849, 850, 851, 852, 853, 854, 855, 856, 857, 858, 859, 860, 861, 862, 863, 864, 865, 866, 867, 868, 869, 870, 871, 872, 873, 874, 875, 876, 877, 878, 879, 880, 881, 882, 883, 884, 885, 886, 887, 888, 889, 378, 890, 891, 892, 893, 894, 895, 896, 897, 898, 899, 900, 901, 902, 903, 904, 905, 906, 907, 908, 398, 399, 400, 401, 402, 403, 404, 405, 406, 407, 408, 409, 410, 411, 412, 413, 414, 415, 416, 417, 418, 419, 420, 421, 422, 423, 424, 425, 426, 427, 428, 429, 430, 431, 432, 433, 434, 435, 436, 437, 438, 439, 440, 441, 442, 443, 444, 445, 446, 447, 448, 449, 450, 451, 452, 453, 454, 455, 456, 457, 458, 459, 460, 461, 462, 463, 464, 465, 466, 467, 468, 469, 470, 471, 472, 473, 474, 475, 476, 477, 478, 479, 480, 481, 482, 483, 484, 909, 910, 503, 911, 912, 913, 502, 914, 504, 505, 506, 507, 915]",True,"[422, 874]","[398, 399, 400, 401, 402, 403, 404, 405, 406, 407, 408, 409, 410, 411, 412, 413, 414, 415, 416, 417, 418, 419, 420, 421, 422, 423, 424, 425, 426, 427, 428, 429, 430, 431, 432, 433, 434, 435, 436, 437, 438, 439, 440, 441, 442, 443, 444, 445, 446, 447, 448, 449, 450, 451, 452, 453, 454, 455, 456, 457, 458, 459, 460, 461, 462, 463, 464, 465, 466, 467, 468, 469, 470, 471, 472, 473, 474, 475, 476, 477, 478, 479, 480, 481, 482, 483, 484, 848, 849, 850, 851, 852, 853, 854, 855, 856, 857, 858, 859, 860, 861, 862, 863, 864, 865, 866, 867, 868, 869, 870, 871, 872, 873, 874, 875, 876, 877, 878, 879, 880, 881, 882, 883, 884, 885, 886, 887, 888, 889, 890, 891, 892, 893, 894, 895, 896, 897, 898, 899, 900, 901, 902, 903, 904, 905, 906, 907, 908, 909, 910, 911, 912, 913, 914, 915, 916, 917, 918, 919, 920, 921, 922, 923, 924, 925, 926, 927, 928, 929, 930, 931, 932, 933, 934, 935]","[422, 874]","[198, 266, 316, 378, 422, 669, 774, 828, 874]","[402, 416, 422, 423, 465, 851, 867, 874, 875, 912]","[17, 18, 19, 20, 21, 22, 23, 156, 157, 158, 159, 160, 161, 162, 163, 164, 165, 166, 167, 168, 340, 341, 342, 343, 344, 345, 346, 412, 413, 414, 415, 416, 417, 418, 419, 420, 421, 422, 502, 503, 504, 505, 506, 507, 628, 629, 630, 631, 632, 633, 634, 635, 636, 637, 638, 639, 792, 796, 797, 798, 799, 800, 801, 863, 864, 865, 866, 867, 868, 869, 870, 871, 872, 873, 874]","[17, 18, 19, 20, 21, 22, 23, 156, 157, 158, 159, 160, 161, 162, 163, 164, 165, 166, 167, 341, 342, 343, 344, 345, 412, 413, 414, 415, 416, 417, 418, 419, 420, 421, 422, 502, 503, 504, 505, 506, 507, 628, 629, 630, 631, 632, 633, 634, 635, 636, 637, 638, 639, 792, 797, 798, 799, 800, 801, 863, 864, 865, 866, 867, 868, 869, 870, 871, 872, 873, 874]",7/6 successful match,True,[722],True,115,False,,1.0,True,Flying J Fuel Stop # 0011139,Flying J
B Snowville ( 84336 ) Flying J Fuel Stop # 774,435-872-8181 I-84 Exit 7,24 MOD,Snowville,84336,Flying J Fuel Stop # 774,435-872-8181,2014,Snowville,UT,Flying J,,I-84 Exit 7,Exit,7,False,,False,I-84,,,,,"[874, 422]","[422, 874]","[422, 874]","[198, 266, 316, 378, 422, 669, 774, 828, 874]","[398, 399, 400, 401, 402, 403, 404, 405, 406, 407, 408, 409, 410, 411, 412, 413, 414, 415, 416, 417, 418, 419, 420, 421, 422, 423, 424, 425, 426, 427, 428, 429, 430, 431, 432, 433, 434, 435, 436, 437, 438, 439, 440, 441, 442, 443, 444, 445, 446, 447, 448, 449, 450, 451, 452, 453, 454, 455, 456, 457, 458, 459, 460, 461, 462, 463, 464, 465, 466, 467, 468, 469, 470, 471, 472, 473, 474, 475, 476, 477, 478, 479, 480, 481, 482, 483, 484, 848, 849, 850, 851, 852, 853, 854, 855, 856, 857, 858, 859, 860, 861, 862, 863, 864, 865, 866, 867, 868, 869, 870, 871, 872, 873, 874, 875, 876, 877, 878, 879, 880, 881, 882, 883, 884, 885, 886, 887, 888, 889, 890, 891, 892, 893, 894, 895, 896, 897, 898, 899, 900, 901, 902, 903, 904, 905, 906, 907, 908, 909, 910, 911, 912, 913, 914, 915, 916, 917, 918, 919, 920, 921, 922, 923, 924, 925, 926, 927, 928, 929, 930, 931, 932, 933, 934, 935]","[402, 416, 422, 423, 465, 851, 867, 874, 875, 912]","[17, 18, 19, 20, 21, 22, 23, 156, 157, 158, 159, 160, 161, 162, 163, 164, 165, 166, 167, 341, 342, 343, 344, 345, 412, 413, 414, 415, 416, 417, 418, 419, 420, 421, 422, 502, 503, 504, 505, 506, 507, 628, 629, 630, 631, 632, 633, 634, 635, 636, 637, 638, 639, 792, 797, 798, 799, 800, 801, 863, 864, 865, 866, 867, 868, 869, 870, 871, 872, 873, 874]","[17, 18, 19, 20, 21, 22, 23, 156, 157, 158, 159, 160, 161, 162, 163, 164, 165, 166, 167, 168, 340, 341, 342, 343, 344, 345, 346, 412, 413, 414, 415, 416, 417, 418, 419, 420, 421, 422, 502, 503, 504, 505, 506, 507, 628, 629, 630, 631, 632, 633, 634, 635, 636, 637, 638, 639, 792, 796, 797, 798, 799, 800, 801, 863, 864, 865, 866, 867, 868, 869, 870, 871, 872, 873, 874]","[916, 917, 918, 919, 17, 18, 19, 20, 920, 21, 22, 23, 921, 922, 923, 924, 925, 926, 927, 928, 929, 930, 931, 932, 933, 934, 935, 628, 629, 630, 631, 632, 633, 634, 635, 636, 637, 638, 639, 156, 669, 157, 158, 159, 160, 161, 162, 163, 164, 165, 166, 167, 168, 340, 341, 342, 343, 344, 198, 345, 346, 774, 266, 792, 796, 797, 798, 799, 800, 801, 828, 316, 848, 849, 850, 851, 852, 853, 854, 855, 856, 857, 858, 859, 860, 861, 862, 863, 864, 865, 866, 867, 868, 869, 870, 871, 872, 873, 874, 875, 876, 877, 878, 879, 880, 881, 882, 883, 884, 885, 886, 887, 888, 889, 378, 890, 891, 892, 893, 894, 895, 896, 897, 898, 899, 900, 901, 902, 903, 904, 905, 906, 907, 908, 398, 399, 400, 401, 402, 403, 404, 405, 406, 407, 408, 409, 410, 411, 412, 413, 414, 415, 416, 417, 418, 419, 420, 421, 422, 423, 424, 425, 426, 427, 428, 429, 430, 431, 432, 433, 434, 435, 436, 437, 438, 439, 440, 441, 442, 443, 444, 445, 446, 447, 448, 449, 450, 451, 452, 453, 454, 455, 456, 457, 458, 459, 460, 461, 462, 463, 464, 465, 466, 467, 468, 469, 470, 471, 472, 473, 474, 475, 476, 477, 478, 479, 480, 481, 482, 483, 484, 909, 910, 503, 911, 912, 913, 502, 914, 504, 505, 506, 507, 915]",True,"[422, 874]","[398, 399, 400, 401, 402, 403, 404, 405, 406, 407, 408, 409, 410, 411, 412, 413, 414, 415, 416, 417, 418, 419, 420, 421, 422, 423, 424, 425, 426, 427, 428, 429, 430, 431, 432, 433, 434, 435, 436, 437, 438, 439, 440, 441, 442, 443, 444, 445, 446, 447, 448, 449, 450, 451, 452, 453, 454, 455, 456, 457, 458, 459, 460, 461, 462, 463, 464, 465, 466, 467, 468, 469, 470, 471, 472, 473, 474, 475, 476, 477, 478, 479, 480, 481, 482, 483, 484, 848, 849, 850, 851, 852, 853, 854, 855, 856, 857, 858, 859, 860, 861, 862, 863, 864, 865, 866, 867, 868, 869, 870, 871, 872, 873, 874, 875, 876, 877, 878, 879, 880, 881, 882, 883, 884, 885, 886, 887, 888, 889, 890, 891, 892, 893, 894, 895, 896, 897, 898, 899, 900, 901, 902, 903, 904, 905, 906, 907, 908, 909, 910, 911, 912, 913, 914, 915, 916, 917, 918, 919, 920, 921, 922, 923, 924, 925, 926, 927, 928, 929, 930, 931, 932, 933, 934, 935]","[422, 874]","[198, 266, 316, 378, 422, 669, 774, 828, 874]","[402, 416, 422, 423, 465, 851, 867, 874, 875, 912]","[17, 18, 19, 20, 21, 22, 23, 156, 157, 158, 159, 160, 161, 162, 163, 164, 165, 166, 167, 168, 340, 341, 342, 343, 344, 345, 346, 412, 413, 414, 415, 416, 417, 418, 419, 420, 421, 422, 502, 503, 504, 505, 506, 507, 628, 629, 630, 631, 632, 633, 634, 635, 636, 637, 638, 639, 792, 796, 797, 798, 799, 800, 801, 863, 864, 865, 866, 867, 868, 869, 870, 871, 872, 873, 874]","[17, 18, 19, 20, 21, 22, 23, 156, 157, 158, 159, 160, 161, 162, 163, 164, 165, 166, 167, 341, 342, 343, 344, 345, 412, 413, 414, 415, 416, 417, 418, 419, 420, 421, 422, 502, 503, 504, 505, 506, 507, 628, 629, 630, 631, 632, 633, 634, 635, 636, 637, 638, 639, 792, 797, 798, 799, 800, 801, 863, 864, 865, 866, 867, 868, 869, 870, 871, 872, 873, 874]",7/6 successful match,True,[722],True,115,False,,0.5756410256410256,True,Flying J Fuel Stop # 0011139,Flying J
435-649-9243 Snowville ( 84336 ) I-80 Flying Exit J Fuel 146 ( Stop US 40 # 774 ),435-872-8181 I-84 Exit 7 FLYING,FLYING 24 M,Snowville,84336,I-80 Flying Exit J Fuel 146 ( Stop US 40 # 774 ),435-872-8181,2015,Snowville,UT,,,I-84 Exit 7 FLYING,Exit,7,False,,False,I-84,,,,,"[874, 422]","[422, 874]","[422, 874]","[198, 266, 316, 378, 422, 669, 774, 828, 874]","[398, 399, 400, 401, 402, 403, 404, 405, 406, 407, 408, 409, 410, 411, 412, 413, 414, 415, 416, 417, 418, 419, 420, 421, 422, 423, 424, 425, 426, 427, 428, 429, 430, 431, 432, 433, 434, 435, 436, 437, 438, 439, 440, 441, 442, 443, 444, 445, 446, 447, 448, 449, 450, 451, 452, 453, 454, 455, 456, 457, 458, 459, 460, 461, 462, 463, 464, 465, 466, 467, 468, 469, 470, 471, 472, 473, 474, 475, 476, 477, 478, 479, 480, 481, 482, 483, 484, 848, 849, 850, 851, 852, 853, 854, 855, 856, 857, 858, 859, 860, 861, 862, 863, 864, 865, 866, 867, 868, 869, 870, 871, 872, 873, 874, 875, 876, 877, 878, 879, 880, 881, 882, 883, 884, 885, 886, 887, 888, 889, 890, 891, 892, 893, 894, 895, 896, 897, 898, 899, 900, 901, 902, 903, 904, 905, 906, 907, 908, 909, 910, 911, 912, 913, 914, 915, 916, 917, 918, 919, 920, 921, 922, 923, 924, 925, 926, 927, 928, 929, 930, 931, 932, 933, 934, 935]","[402, 416, 422, 423, 465, 851, 867, 874, 875, 912]",[],"[17, 18, 19, 20, 21, 22, 23, 156, 157, 158, 159, 160, 161, 162, 163, 164, 165, 166, 167, 168, 340, 341, 342, 343, 344, 345, 346, 412, 413, 414, 415, 416, 417, 418, 419, 420, 421, 422, 478, 502, 503, 504, 505, 506, 507, 628, 629, 630, 631, 632, 633, 634, 635, 636, 637, 638, 639, 792, 796, 797, 798, 799, 800, 801, 863, 864, 865, 866, 867, 868, 869, 870, 871, 872, 873, 874, 929]","[916, 917, 918, 919, 17, 18, 19, 20, 920, 21, 22, 23, 921, 922, 923, 924, 925, 926, 927, 928, 929, 930, 931, 932, 933, 934, 935, 628, 629, 630, 631, 632, 633, 634, 635, 636, 637, 638, 639, 156, 669, 157, 158, 159, 160, 161, 162, 163, 164, 165, 166, 167, 168, 340, 341, 342, 343, 344, 198, 345, 346, 774, 266, 792, 796, 797, 798, 799, 800, 801, 828, 316, 848, 849, 850, 851, 852, 853, 854, 855, 856, 857, 858, 859, 860, 861, 862, 863, 864, 865, 866, 867, 868, 869, 870, 871, 872, 873, 874, 875, 876, 877, 878, 879, 880, 881, 882, 883, 884, 885, 886, 887, 888, 889, 378, 890, 891, 892, 893, 894, 895, 896, 897, 898, 899, 900, 901, 902, 903, 904, 905, 906, 907, 908, 398, 399, 400, 401, 402, 403, 404, 405, 406, 407, 408, 409, 410, 411, 412, 413, 414, 415, 416, 417, 418, 419, 420, 421, 422, 423, 424, 425, 426, 427, 428, 429, 430, 431, 432, 433, 434, 435, 436, 437, 438, 439, 440, 441, 442, 443, 444, 445, 446, 447, 448, 449, 450, 451, 452, 453, 454, 455, 456, 457, 458, 459, 460, 461, 462, 463, 464, 465, 466, 467, 468, 469, 470, 471, 472, 473, 474, 475, 476, 477, 478, 479, 480, 481, 482, 483, 484, 909, 910, 503, 911, 912, 913, 502, 914, 504, 505, 506, 507, 915]",True,"[422, 874]","[398, 399, 400, 401, 402, 403, 404, 405, 406, 407, 408, 409, 410, 411, 412, 413, 414, 415, 416, 417, 418, 419, 420, 421, 422, 423, 424, 425, 426, 427, 428, 429, 430, 431, 432, 433, 434, 435, 436, 437, 438, 439, 440, 441, 442, 443, 444, 445, 446, 447, 448, 449, 450, 451, 452, 453, 454, 455, 456, 457, 458, 459, 460, 461, 462, 463, 464, 465, 466, 467, 468, 469, 470, 471, 472, 473, 474, 475, 476, 477, 478, 479, 480, 481, 482, 483, 484, 848, 849, 850, 851, 852, 853, 854, 855, 856, 857, 858, 859, 860, 861, 862, 863, 864, 865, 866, 867, 868, 869, 870, 871, 872, 873, 874, 875, 876, 877, 878, 879, 880, 881, 882, 883, 884, 885, 886, 887, 888, 889, 890, 891, 892, 893, 894, 895, 896, 897, 898, 899, 900, 901, 902, 903, 904, 905, 906, 907, 908, 909, 910, 911, 912, 913, 914, 915, 916, 917, 918, 919, 920, 921, 922, 923, 924, 925, 926, 927, 928, 929, 930, 931, 932, 933, 934, 935]","[422, 874]","[198, 266, 316, 378, 422, 669, 774, 828, 874]","[402, 416, 422, 423, 465, 851, 867, 874, 875, 912]","[17, 18, 19, 20, 21, 22, 23, 156, 157, 158, 159, 160, 161, 162, 163, 164, 165, 166, 167, 168, 340, 341, 342, 343, 344, 345, 346, 412, 413, 414, 415, 416, 417, 418, 419, 420, 421, 422, 478, 502, 503, 504, 505, 506, 507, 628, 629, 630, 631, 632, 633, 634, 635, 636, 637, 638, 639, 792, 796, 797, 798, 799, 800, 801, 863, 864, 865, 866, 867, 868, 869, 870, 871, 872, 873, 874, 929]",[],7/6 successful match,True,[722],True,115,False,,0.86,True,Flying J Fuel Stop # 774,Flying J
B Snowville ( 84336 ) Flying J Fuel Stop # 774,435-872-8181 I-84 Exit 7,FLYING J 24 0240,Snowville,84336,Flying J Fuel Stop # 774,435-872-8181,2016,Snowville,UT,Flying J,,I-84 Exit 7,Exit,7,False,,False,I-84,,,,,"[874, 422]","[422, 874]","[422, 874]","[198, 266, 316, 378, 422, 669, 774, 828, 874]","[398, 399, 400, 401, 402, 403, 404, 405, 406, 407, 408, 409, 410, 411, 412, 413, 414, 415, 416, 417, 418, 419, 420, 421, 422, 423, 424, 425, 426, 427, 428, 429, 430, 431, 432, 433, 434, 435, 436, 437, 438, 439, 440, 441, 442, 443, 444, 445, 446, 447, 448, 449, 450, 451, 452, 453, 454, 455, 456, 457, 458, 459, 460, 461, 462, 463, 464, 465, 466, 467, 468, 469, 470, 471, 472, 473, 474, 475, 476, 477, 478, 479, 480, 481, 482, 483, 484, 848, 849, 850, 851, 852, 853, 854, 855, 856, 857, 858, 859, 860, 861, 862, 863, 864, 865, 866, 867, 868, 869, 870, 871, 872, 873, 874, 875, 876, 877, 878, 879, 880, 881, 882, 883, 884, 885, 886, 887, 888, 889, 890, 891, 892, 893, 894, 895, 896, 897, 898, 899, 900, 901, 902, 903, 904, 905, 906, 907, 908, 909, 910, 911, 912, 913, 914, 915, 916, 917, 918, 919, 920, 921, 922, 923, 924, 925, 926, 927, 928, 929, 930, 931, 932, 933, 934, 935]","[402, 416, 422, 423, 465, 851, 867, 874, 875, 912]","[17, 18, 19, 20, 21, 22, 23, 156, 157, 158, 159, 160, 161, 162, 163, 164, 165, 166, 167, 341, 342, 343, 344, 345, 412, 413, 414, 415, 416, 417, 418, 419, 420, 421, 422, 502, 503, 504, 505, 506, 507, 628, 629, 630, 631, 632, 633, 634, 635, 636, 637, 638, 639, 792, 797, 798, 799, 800, 801, 863, 864, 865, 866, 867, 868, 869, 870, 871, 872, 873, 874]","[17, 18, 19, 20, 21, 22, 23, 156, 157, 158, 159, 160, 161, 162, 163, 164, 165, 166, 167, 168, 340, 341, 342, 343, 344, 345, 346, 412, 413, 414, 415, 416, 417, 418, 419, 420, 421, 422, 502, 503, 504, 505, 506, 507, 628, 629, 630, 631, 632, 633, 634, 635, 636, 637, 638, 639, 792, 796, 797, 798, 799, 800, 801, 863, 864, 865, 866, 867, 868, 869, 870, 871, 872, 873, 874]","[916, 917, 918, 919, 17, 18, 19, 20, 920, 21, 22, 23, 921, 922, 923, 924, 925, 926, 927, 928, 929, 930, 931, 932, 933, 934, 935, 628, 629, 630, 631, 632, 633, 634, 635, 636, 637, 638, 639, 156, 669, 157, 158, 159, 160, 161, 162, 163, 164, 165, 166, 167, 168, 340, 341, 342, 343, 344, 198, 345, 346, 774, 266, 792, 796, 797, 798, 799, 800, 801, 828, 316, 848, 849, 850, 851, 852, 853, 854, 855, 856, 857, 858, 859, 860, 861, 862, 863, 864, 865, 866, 867, 868, 869, 870, 871, 872, 873, 874, 875, 876, 877, 878, 879, 880, 881, 882, 883, 884, 885, 886, 887, 888, 889, 378, 890, 891, 892, 893, 894, 895, 896, 897, 898, 899, 900, 901, 902, 903, 904, 905, 906, 907, 908, 398, 399, 400, 401, 402, 403, 404, 405, 406, 407, 408, 409, 410, 411, 412, 413, 414, 415, 416, 417, 418, 419, 420, 421, 422, 423, 424, 425, 426, 427, 428, 429, 430, 431, 432, 433, 434, 435, 436, 437, 438, 439, 440, 441, 442, 443, 444, 445, 446, 447, 448, 449, 450, 451, 452, 453, 454, 455, 456, 457, 458, 459, 460, 461, 462, 463, 464, 465, 466, 467, 468, 469, 470, 471, 472, 473, 474, 475, 476, 477, 478, 479, 480, 481, 482, 483, 484, 909, 910, 503, 911, 912, 913, 502, 914, 504, 505, 506, 507, 915]",True,"[422, 874]","[398, 399, 400, 401, 402, 403, 404, 405, 406, 407, 408, 409, 410, 411, 412, 413, 414, 415, 416, 417, 418, 419, 420, 421, 422, 423, 424, 425, 426, 427, 428, 429, 430, 431, 432, 433, 434, 435, 436, 437, 438, 439, 440, 441, 442, 443, 444, 445, 446, 447, 448, 449, 450, 451, 452, 453, 454, 455, 456, 457, 458, 459, 460, 461, 462, 463, 464, 465, 466, 467, 468, 469, 470, 471, 472, 473, 474, 475, 476, 477, 478, 479, 480, 481, 482, 483, 484, 848, 849, 850, 851, 852, 853, 854, 855, 856, 857, 858, 859, 860, 861, 862, 863, 864, 865, 866, 867, 868, 869, 870, 871, 872, 873, 874, 875, 876, 877, 878, 879, 880, 881, 882, 883, 884, 885, 886, 887, 888, 889, 890, 891, 892, 893, 894, 895, 896, 897, 898, 899, 900, 901, 902, 903, 904, 905, 906, 907, 908, 909, 910, 911, 912, 913, 914, 915, 916, 917, 918, 919, 920, 921, 922, 923, 924, 925, 926, 927, 928, 929, 930, 931, 932, 933, 934, 935]","[422, 874]","[198, 266, 316, 378, 422, 669, 774, 828, 874]","[402, 416, 422, 423, 465, 851, 867, 874, 875, 912]","[17, 18, 19, 20, 21, 22, 23, 156, 157, 158, 159, 160, 161, 162, 163, 164, 165, 166, 167, 168, 340, 341, 342, 343, 344, 345, 346, 412, 413, 414, 415, 416, 417, 418, 419, 420, 421, 422, 502, 503, 504, 505, 506, 507, 628, 629, 630, 631, 632, 633, 634, 635, 636, 637, 638, 639, 792, 796, 797, 798, 799, 800, 801, 863, 864, 865, 866, 867, 868, 869, 870, 871, 872, 873, 874]","[17, 18, 19, 20, 21, 22, 23, 156, 157, 158, 159, 160, 161, 162, 163, 164, 165, 166, 167, 341, 342, 343, 344, 345, 412, 413, 414, 415, 416, 417, 418, 419, 420, 421, 422, 502, 503, 504, 505, 506, 507, 628, 629, 630, 631, 632, 633, 634, 635, 636, 637, 638, 639, 792, 797, 798, 799, 800, 801, 863, 864, 865, 866, 867, 868, 869, 870, 871, 872, 873, 874]",7/6 successful match,True,[722],True,115,False,,0.86,True,I-80 Flying Exit J Fuel 146 ( Stop US 40 # 774 ),
"Tremonton , 84337 RJ's Fuel Stop ( Sinclair )",435-257-3530 I-84 Exit 40 ( 2267 W UT 30 ),<U+2610> MOO,Tremonton,84337,RJ's Fuel Stop ( Sinclair ),435-257-3530,2006,Tremonton,UT,Sinclair,( 2267 W UT 30 ),I-84 Exit 40 ,Exit,40,False,,False,I-84,,,,,"[912, 465]","[423, 465, 474, 875, 912, 922]","[423, 465, 875, 912]","[421, 423, 459, 465, 479, 873, 875, 906, 912, 930]","[398, 399, 400, 401, 402, 403, 404, 405, 406, 407, 408, 409, 410, 411, 412, 413, 414, 415, 416, 417, 418, 419, 420, 421, 422, 423, 424, 425, 426, 427, 428, 429, 430, 431, 432, 433, 434, 435, 436, 437, 438, 439, 440, 441, 442, 443, 444, 445, 446, 447, 448, 449, 450, 451, 452, 453, 454, 455, 456, 457, 458, 459, 460, 461, 462, 463, 464, 465, 466, 467, 468, 469, 470, 471, 472, 473, 474, 475, 476, 477, 478, 479, 480, 481, 482, 483, 484, 848, 849, 850, 851, 852, 853, 854, 855, 856, 857, 858, 859, 860, 861, 862, 863, 864, 865, 866, 867, 868, 869, 870, 871, 872, 873, 874, 875, 876, 877, 878, 879, 880, 881, 882, 883, 884, 885, 886, 887, 888, 889, 890, 891, 892, 893, 894, 895, 896, 897, 898, 899, 900, 901, 902, 903, 904, 905, 906, 907, 908, 909, 910, 911, 912, 913, 914, 915, 916, 917, 918, 919, 920, 921, 922, 923, 924, 925, 926, 927, 928, 929, 930, 931, 932, 933, 934, 935]","[402, 416, 422, 423, 465, 851, 867, 874, 875, 912]","[31, 142, 147, 180, 338, 352, 367, 387, 403, 405, 408, 410, 455, 465, 466, 468, 470, 472, 473, 483, 484, 514, 613, 618, 651, 794, 807, 837, 852, 854, 858, 861, 902, 912, 913, 915, 917, 919, 920, 931, 934, 935]","[31, 142, 147, 180, 268, 338, 352, 367, 387, 403, 405, 408, 410, 455, 465, 466, 468, 470, 472, 473, 483, 484, 514, 613, 618, 651, 727, 794, 807, 837, 852, 854, 858, 861, 902, 912, 913, 915, 917, 919, 920, 931, 934, 935]","[916, 514, 917, 918, 387, 919, 920, 921, 31, 923, 924, 925, 926, 927, 928, 929, 931, 932, 933, 934, 935, 613, 618, 651, 142, 147, 338, 180, 727, 352, 268, 794, 807, 367, 837, 848, 849, 850, 851, 852, 853, 854, 855, 856, 857, 858, 859, 860, 861, 862, 863, 864, 865, 866, 867, 868, 869, 870, 871, 872, 873, 874, 875, 876, 877, 878, 879, 880, 881, 882, 883, 884, 885, 886, 887, 888, 889, 890, 891, 892, 893, 894, 895, 896, 897, 898, 899, 900, 901, 902, 903, 904, 905, 906, 907, 908, 909, 398, 399, 912, 400, 401, 402, 403, 404, 405, 406, 407, 408, 922, 409, 410, 411, 412, 413, 414, 415, 930, 416, 417, 421, 418, 423, 419, 420, 422, 424, 425, 426, 427, 428, 429, 430, 431, 432, 433, 434, 435, 436, 437, 438, 439, 440, 441, 442, 443, 444, 445, 446, 447, 448, 449, 450, 451, 452, 453, 454, 455, 459, 456, 457, 458, 460, 461, 465, 462, 463, 464, 466, 467, 468, 469, 470, 474, 471, 472, 473, 475, 479, 476, 477, 478, 480, 481, 482, 483, 484, 910, 911, 913, 914, 915]",True,"[423, 465, 474, 875, 912, 922]","[398, 399, 400, 401, 402, 403, 404, 405, 406, 407, 408, 409, 410, 411, 412, 413, 414, 415, 416, 417, 418, 419, 420, 421, 422, 423, 424, 425, 426, 427, 428, 429, 430, 431, 432, 433, 434, 435, 436, 437, 438, 439, 440, 441, 442, 443, 444, 445, 446, 447, 448, 449, 450, 451, 452, 453, 454, 455, 456, 457, 458, 459, 460, 461, 462, 463, 464, 465, 466, 467, 468, 469, 470, 471, 472, 473, 474, 475, 476, 477, 478, 479, 480, 481, 482, 483, 484, 848, 849, 850, 851, 852, 853, 854, 855, 856, 857, 858, 859, 860, 861, 862, 863, 864, 865, 866, 867, 868, 869, 870, 871, 872, 873, 874, 875, 876, 877, 878, 879, 880, 881, 882, 883, 884, 885, 886, 887, 888, 889, 890, 891, 892, 893, 894, 895, 896, 897, 898, 899, 900, 901, 902, 903, 904, 905, 906, 907, 908, 909, 910, 911, 912, 913, 914, 915, 916, 917, 918, 919, 920, 921, 922, 923, 924, 925, 926, 927, 928, 929, 930, 931, 932, 933, 934, 935]","[423, 465, 875, 912]","[421, 423, 459, 465, 479, 873, 875, 906, 912, 930]","[402, 416, 422, 423, 465, 851, 867, 874, 875, 912]","[31, 142, 147, 180, 268, 338, 352, 367, 387, 403, 405, 408, 410, 455, 465, 466, 468, 470, 472, 473, 483, 484, 514, 613, 618, 651, 727, 794, 807, 837, 852, 854, 858, 861, 902, 912, 913, 915, 917, 919, 920, 931, 934, 935]","[31, 142, 147, 180, 338, 352, 367, 387, 403, 405, 408, 410, 455, 465, 466, 468, 470, 472, 473, 483, 484, 514, 613, 618, 651, 794, 807, 837, 852, 854, 858, 861, 902, 912, 913, 915, 917, 919, 920, 931, 934, 935]",7/6 successful match,True,[268],True,116,False,,,,,
"C Tremonton , 84337 RJ's Fuel Stop ( Sinclair )",435-257-3530 I-84 Exit 40 ( 2267 W UT 30 ),24 MOO L,Tremonton,84337,RJ's Fuel Stop ( Sinclair ),435-257-3530,2007,Tremonton,UT,Sinclair,( 2267 W UT 30 ),I-84 Exit 40 ,Exit,40,False,,False,I-84,,,,,"[912, 465]","[423, 465, 474, 875, 912, 922]","[423, 465, 875, 912]","[421, 423, 459, 465, 479, 873, 875, 906, 912, 930]","[398, 399, 400, 401, 402, 403, 404, 405, 406, 407, 408, 409, 410, 411, 412, 413, 414, 415, 416, 417, 418, 419, 420, 421, 422, 423, 424, 425, 426, 427, 428, 429, 430, 431, 432, 433, 434, 435, 436, 437, 438, 439, 440, 441, 442, 443, 444, 445, 446, 447, 448, 449, 450, 451, 452, 453, 454, 455, 456, 457, 458, 459, 460, 461, 462, 463, 464, 465, 466, 467, 468, 469, 470, 471, 472, 473, 474, 475, 476, 477, 478, 479, 480, 481, 482, 483, 484, 848, 849, 850, 851, 852, 853, 854, 855, 856, 857, 858, 859, 860, 861, 862, 863, 864, 865, 866, 867, 868, 869, 870, 871, 872, 873, 874, 875, 876, 877, 878, 879, 880, 881, 882, 883, 884, 885, 886, 887, 888, 889, 890, 891, 892, 893, 894, 895, 896, 897, 898, 899, 900, 901, 902, 903, 904, 905, 906, 907, 908, 909, 910, 911, 912, 913, 914, 915, 916, 917, 918, 919, 920, 921, 922, 923, 924, 925, 926, 927, 928, 929, 930, 931, 932, 933, 934, 935]","[402, 416, 422, 423, 465, 851, 867, 874, 875, 912]","[31, 142, 147, 180, 338, 352, 367, 387, 403, 405, 408, 410, 455, 465, 466, 468, 470, 472, 473, 483, 484, 514, 613, 618, 651, 794, 807, 837, 852, 854, 858, 861, 902, 912, 913, 915, 917, 919, 920, 931, 934, 935]","[31, 142, 147, 180, 268, 338, 352, 367, 387, 403, 405, 408, 410, 455, 465, 466, 468, 470, 472, 473, 483, 484, 514, 613, 618, 651, 727, 794, 807, 837, 852, 854, 858, 861, 902, 912, 913, 915, 917, 919, 920, 931, 934, 935]","[916, 514, 917, 918, 387, 919, 920, 921, 31, 923, 924, 925, 926, 927, 928, 929, 931, 932, 933, 934, 935, 613, 618, 651, 142, 147, 338, 180, 727, 352, 268, 794, 807, 367, 837, 848, 849, 850, 851, 852, 853, 854, 855, 856, 857, 858, 859, 860, 861, 862, 863, 864, 865, 866, 867, 868, 869, 870, 871, 872, 873, 874, 875, 876, 877, 878, 879, 880, 881, 882, 883, 884, 885, 886, 887, 888, 889, 890, 891, 892, 893, 894, 895, 896, 897, 898, 899, 900, 901, 902, 903, 904, 905, 906, 907, 908, 909, 398, 399, 912, 400, 401, 402, 403, 404, 405, 406, 407, 408, 922, 409, 410, 411, 412, 413, 414, 415, 930, 416, 417, 421, 418, 423, 419, 420, 422, 424, 425, 426, 427, 428, 429, 430, 431, 432, 433, 434, 435, 436, 437, 438, 439, 440, 441, 442, 443, 444, 445, 446, 447, 448, 449, 450, 451, 452, 453, 454, 455, 459, 456, 457, 458, 460, 461, 465, 462, 463, 464, 466, 467, 468, 469, 470, 474, 471, 472, 473, 475, 479, 476, 477, 478, 480, 481, 482, 483, 484, 910, 911, 913, 914, 915]",True,"[423, 465, 474, 875, 912, 922]","[398, 399, 400, 401, 402, 403, 404, 405, 406, 407, 408, 409, 410, 411, 412, 413, 414, 415, 416, 417, 418, 419, 420, 421, 422, 423, 424, 425, 426, 427, 428, 429, 430, 431, 432, 433, 434, 435, 436, 437, 438, 439, 440, 441, 442, 443, 444, 445, 446, 447, 448, 449, 450, 451, 452, 453, 454, 455, 456, 457, 458, 459, 460, 461, 462, 463, 464, 465, 466, 467, 468, 469, 470, 471, 472, 473, 474, 475, 476, 477, 478, 479, 480, 481, 482, 483, 484, 848, 849, 850, 851, 852, 853, 854, 855, 856, 857, 858, 859, 860, 861, 862, 863, 864, 865, 866, 867, 868, 869, 870, 871, 872, 873, 874, 875, 876, 877, 878, 879, 880, 881, 882, 883, 884, 885, 886, 887, 888, 889, 890, 891, 892, 893, 894, 895, 896, 897, 898, 899, 900, 901, 902, 903, 904, 905, 906, 907, 908, 909, 910, 911, 912, 913, 914, 915, 916, 917, 918, 919, 920, 921, 922, 923, 924, 925, 926, 927, 928, 929, 930, 931, 932, 933, 934, 935]","[423, 465, 875, 912]","[421, 423, 459, 465, 479, 873, 875, 906, 912, 930]","[402, 416, 422, 423, 465, 851, 867, 874, 875, 912]","[31, 142, 147, 180, 268, 338, 352, 367, 387, 403, 405, 408, 410, 455, 465, 466, 468, 470, 472, 473, 483, 484, 514, 613, 618, 651, 727, 794, 807, 837, 852, 854, 858, 861, 902, 912, 913, 915, 917, 919, 920, 931, 934, 935]","[31, 142, 147, 180, 338, 352, 367, 387, 403, 405, 408, 410, 455, 465, 466, 468, 470, 472, 473, 483, 484, 514, 613, 618, 651, 794, 807, 837, 852, 854, 858, 861, 902, 912, 913, 915, 917, 919, 920, 931, 934, 935]",7/6 successful match,True,[268],True,116,False,,0.8999999999999999,True,RJ's Fuel Stop ( Sinclair ),Sinclair
"C Tremonton , 84337 RJ's Fuel Stop ( Sinclair )",3 435-257-3530 I-84 Exit 40 ( UT 102 E ),124 M,Tremonton,84337,RJ's Fuel Stop ( Sinclair ),435-257-3530,2008,Tremonton,UT,Sinclair,( UT 102 E ),I-84 Exit 40 ,Exit,40,False,,False,I-84,,,,,"[912, 465]","[423, 465, 474, 875, 912, 922]","[423, 465, 875, 912]","[421, 423, 459, 465, 479, 873, 875, 906, 912, 930]","[398, 399, 400, 401, 402, 403, 404, 405, 406, 407, 408, 409, 410, 411, 412, 413, 414, 415, 416, 417, 418, 419, 420, 421, 422, 423, 424, 425, 426, 427, 428, 429, 430, 431, 432, 433, 434, 435, 436, 437, 438, 439, 440, 441, 442, 443, 444, 445, 446, 447, 448, 449, 450, 451, 452, 453, 454, 455, 456, 457, 458, 459, 460, 461, 462, 463, 464, 465, 466, 467, 468, 469, 470, 471, 472, 473, 474, 475, 476, 477, 478, 479, 480, 481, 482, 483, 484, 848, 849, 850, 851, 852, 853, 854, 855, 856, 857, 858, 859, 860, 861, 862, 863, 864, 865, 866, 867, 868, 869, 870, 871, 872, 873, 874, 875, 876, 877, 878, 879, 880, 881, 882, 883, 884, 885, 886, 887, 888, 889, 890, 891, 892, 893, 894, 895, 896, 897, 898, 899, 900, 901, 902, 903, 904, 905, 906, 907, 908, 909, 910, 911, 912, 913, 914, 915, 916, 917, 918, 919, 920, 921, 922, 923, 924, 925, 926, 927, 928, 929, 930, 931, 932, 933, 934, 935]","[402, 416, 422, 423, 465, 851, 867, 874, 875, 912]","[31, 142, 147, 180, 338, 352, 367, 387, 403, 405, 408, 410, 455, 465, 466, 468, 470, 472, 473, 483, 484, 514, 613, 618, 651, 794, 807, 837, 852, 854, 858, 861, 902, 912, 913, 915, 917, 919, 920, 931, 934, 935]","[31, 142, 147, 180, 268, 338, 352, 367, 387, 403, 405, 408, 410, 455, 465, 466, 468, 470, 472, 473, 483, 484, 514, 613, 618, 651, 727, 794, 807, 837, 852, 854, 858, 861, 902, 912, 913, 915, 917, 919, 920, 931, 934, 935]","[916, 514, 917, 918, 387, 919, 920, 921, 31, 923, 924, 925, 926, 927, 928, 929, 931, 932, 933, 934, 935, 613, 618, 651, 142, 147, 338, 180, 727, 352, 268, 794, 807, 367, 837, 848, 849, 850, 851, 852, 853, 854, 855, 856, 857, 858, 859, 860, 861, 862, 863, 864, 865, 866, 867, 868, 869, 870, 871, 872, 873, 874, 875, 876, 877, 878, 879, 880, 881, 882, 883, 884, 885, 886, 887, 888, 889, 890, 891, 892, 893, 894, 895, 896, 897, 898, 899, 900, 901, 902, 903, 904, 905, 906, 907, 908, 909, 398, 399, 912, 400, 401, 402, 403, 404, 405, 406, 407, 408, 922, 409, 410, 411, 412, 413, 414, 415, 930, 416, 417, 421, 418, 423, 419, 420, 422, 424, 425, 426, 427, 428, 429, 430, 431, 432, 433, 434, 435, 436, 437, 438, 439, 440, 441, 442, 443, 444, 445, 446, 447, 448, 449, 450, 451, 452, 453, 454, 455, 459, 456, 457, 458, 460, 461, 465, 462, 463, 464, 466, 467, 468, 469, 470, 474, 471, 472, 473, 475, 479, 476, 477, 478, 480, 481, 482, 483, 484, 910, 911, 913, 914, 915]",True,"[423, 465, 474, 875, 912, 922]","[398, 399, 400, 401, 402, 403, 404, 405, 406, 407, 408, 409, 410, 411, 412, 413, 414, 415, 416, 417, 418, 419, 420, 421, 422, 423, 424, 425, 426, 427, 428, 429, 430, 431, 432, 433, 434, 435, 436, 437, 438, 439, 440, 441, 442, 443, 444, 445, 446, 447, 448, 449, 450, 451, 452, 453, 454, 455, 456, 457, 458, 459, 460, 461, 462, 463, 464, 465, 466, 467, 468, 469, 470, 471, 472, 473, 474, 475, 476, 477, 478, 479, 480, 481, 482, 483, 484, 848, 849, 850, 851, 852, 853, 854, 855, 856, 857, 858, 859, 860, 861, 862, 863, 864, 865, 866, 867, 868, 869, 870, 871, 872, 873, 874, 875, 876, 877, 878, 879, 880, 881, 882, 883, 884, 885, 886, 887, 888, 889, 890, 891, 892, 893, 894, 895, 896, 897, 898, 899, 900, 901, 902, 903, 904, 905, 906, 907, 908, 909, 910, 911, 912, 913, 914, 915, 916, 917, 918, 919, 920, 921, 922, 923, 924, 925, 926, 927, 928, 929, 930, 931, 932, 933, 934, 935]","[423, 465, 875, 912]","[421, 423, 459, 465, 479, 873, 875, 906, 912, 930]","[402, 416, 422, 423, 465, 851, 867, 874, 875, 912]","[31, 142, 147, 180, 268, 338, 352, 367, 387, 403, 405, 408, 410, 455, 465, 466, 468, 470, 472, 473, 483, 484, 514, 613, 618, 651, 727, 794, 807, 837, 852, 854, 858, 861, 902, 912, 913, 915, 917, 919, 920, 931, 934, 935]","[31, 142, 147, 180, 338, 352, 367, 387, 403, 405, 408, 410, 455, 465, 466, 468, 470, 472, 473, 483, 484, 514, 613, 618, 651, 794, 807, 837, 852, 854, 858, 861, 902, 912, 913, 915, 917, 919, 920, 931, 934, 935]",7/6 successful match,True,[268],True,116,False,,0.8999999999999999,True,RJ's Fuel Stop ( Sinclair ),Sinclair
C Tremonton ( 84337 ) RJ's Fuel Stop ( Sinclair ),435-257-3530 I-84 Exit 40 ( UT 102 E ),24 <U+25A1>,Tremonton,84337,RJ's Fuel Stop ( Sinclair ),435-257-3530,2014,Tremonton,UT,Sinclair,( UT 102 E ),I-84 Exit 40 ,Exit,40,False,,False,I-84,,,,,"[912, 465]","[423, 465, 474, 875, 912, 922]","[423, 465, 875, 912]","[421, 423, 459, 465, 479, 873, 875, 906, 912, 930]","[398, 399, 400, 401, 402, 403, 404, 405, 406, 407, 408, 409, 410, 411, 412, 413, 414, 415, 416, 417, 418, 419, 420, 421, 422, 423, 424, 425, 426, 427, 428, 429, 430, 431, 432, 433, 434, 435, 436, 437, 438, 439, 440, 441, 442, 443, 444, 445, 446, 447, 448, 449, 450, 451, 452, 453, 454, 455, 456, 457, 458, 459, 460, 461, 462, 463, 464, 465, 466, 467, 468, 469, 470, 471, 472, 473, 474, 475, 476, 477, 478, 479, 480, 481, 482, 483, 484, 848, 849, 850, 851, 852, 853, 854, 855, 856, 857, 858, 859, 860, 861, 862, 863, 864, 865, 866, 867, 868, 869, 870, 871, 872, 873, 874, 875, 876, 877, 878, 879, 880, 881, 882, 883, 884, 885, 886, 887, 888, 889, 890, 891, 892, 893, 894, 895, 896, 897, 898, 899, 900, 901, 902, 903, 904, 905, 906, 907, 908, 909, 910, 911, 912, 913, 914, 915, 916, 917, 918, 919, 920, 921, 922, 923, 924, 925, 926, 927, 928, 929, 930, 931, 932, 933, 934, 935]","[402, 416, 422, 423, 465, 851, 867, 874, 875, 912]","[31, 142, 147, 180, 338, 352, 367, 387, 403, 405, 408, 410, 455, 465, 466, 468, 470, 472, 473, 483, 484, 514, 613, 618, 651, 794, 807, 837, 852, 854, 858, 861, 902, 912, 913, 915, 917, 919, 920, 931, 934, 935]","[31, 142, 147, 180, 268, 338, 352, 367, 387, 403, 405, 408, 410, 455, 465, 466, 468, 470, 472, 473, 483, 484, 514, 613, 618, 651, 727, 794, 807, 837, 852, 854, 858, 861, 902, 912, 913, 915, 917, 919, 920, 931, 934, 935]","[916, 514, 917, 918, 387, 919, 920, 921, 31, 923, 924, 925, 926, 927, 928, 929, 931, 932, 933, 934, 935, 613, 618, 651, 142, 147, 338, 180, 727, 352, 268, 794, 807, 367, 837, 848, 849, 850, 851, 852, 853, 854, 855, 856, 857, 858, 859, 860, 861, 862, 863, 864, 865, 866, 867, 868, 869, 870, 871, 872, 873, 874, 875, 876, 877, 878, 879, 880, 881, 882, 883, 884, 885, 886, 887, 888, 889, 890, 891, 892, 893, 894, 895, 896, 897, 898, 899, 900, 901, 902, 903, 904, 905, 906, 907, 908, 909, 398, 399, 912, 400, 401, 402, 403, 404, 405, 406, 407, 408, 922, 409, 410, 411, 412, 413, 414, 415, 930, 416, 417, 421, 418, 423, 419, 420, 422, 424, 425, 426, 427, 428, 429, 430, 431, 432, 433, 434, 435, 436, 437, 438, 439, 440, 441, 442, 443, 444, 445, 446, 447, 448, 449, 450, 451, 452, 453, 454, 455, 459, 456, 457, 458, 460, 461, 465, 462, 463, 464, 466, 467, 468, 469, 470, 474, 471, 472, 473, 475, 479, 476, 477, 478, 480, 481, 482, 483, 484, 910, 911, 913, 914, 915]",True,"[423, 465, 474, 875, 912, 922]","[398, 399, 400, 401, 402, 403, 404, 405, 406, 407, 408, 409, 410, 411, 412, 413, 414, 415, 416, 417, 418, 419, 420, 421, 422, 423, 424, 425, 426, 427, 428, 429, 430, 431, 432, 433, 434, 435, 436, 437, 438, 439, 440, 441, 442, 443, 444, 445, 446, 447, 448, 449, 450, 451, 452, 453, 454, 455, 456, 457, 458, 459, 460, 461, 462, 463, 464, 465, 466, 467, 468, 469, 470, 471, 472, 473, 474, 475, 476, 477, 478, 479, 480, 481, 482, 483, 484, 848, 849, 850, 851, 852, 853, 854, 855, 856, 857, 858, 859, 860, 861, 862, 863, 864, 865, 866, 867, 868, 869, 870, 871, 872, 873, 874, 875, 876, 877, 878, 879, 880, 881, 882, 883, 884, 885, 886, 887, 888, 889, 890, 891, 892, 893, 894, 895, 896, 897, 898, 899, 900, 901, 902, 903, 904, 905, 906, 907, 908, 909, 910, 911, 912, 913, 914, 915, 916, 917, 918, 919, 920, 921, 922, 923, 924, 925, 926, 927, 928, 929, 930, 931, 932, 933, 934, 935]","[423, 465, 875, 912]","[421, 423, 459, 465, 479, 873, 875, 906, 912, 930]","[402, 416, 422, 423, 465, 851, 867, 874, 875, 912]","[31, 142, 147, 180, 268, 338, 352, 367, 387, 403, 405, 408, 410, 455, 465, 466, 468, 470, 472, 473, 483, 484, 514, 613, 618, 651, 727, 794, 807, 837, 852, 854, 858, 861, 902, 912, 913, 915, 917, 919, 920, 931, 934, 935]","[31, 142, 147, 180, 338, 352, 367, 387, 403, 405, 408, 410, 455, 465, 466, 468, 470, 472, 473, 483, 484, 514, 613, 618, 651, 794, 807, 837, 852, 854, 858, 861, 902, 912, 913, 915, 917, 919, 920, 931, 934, 935]",7/6 successful match,True,[268],True,116,False,,0.8999999999999999,True,RJ's Fuel Stop ( Sinclair ),Sinclair
Tremonton ( 84337 ) RJ's Fuel Stop ( Sinclair ),435-257-3530 I-84 Exit 40 ( UT 102 E ),AMDEST 24 L,Tremonton,84337,RJ's Fuel Stop ( Sinclair ),435-257-3530,2015,Tremonton,UT,Sinclair,( UT 102 E ),I-84 Exit 40 ,Exit,40,False,,False,I-84,,,,,"[912, 465]","[423, 465, 474, 875, 912, 922]","[423, 465, 875, 912]","[421, 423, 459, 465, 479, 873, 875, 906, 912, 930]","[398, 399, 400, 401, 402, 403, 404, 405, 406, 407, 408, 409, 410, 411, 412, 413, 414, 415, 416, 417, 418, 419, 420, 421, 422, 423, 424, 425, 426, 427, 428, 429, 430, 431, 432, 433, 434, 435, 436, 437, 438, 439, 440, 441, 442, 443, 444, 445, 446, 447, 448, 449, 450, 451, 452, 453, 454, 455, 456, 457, 458, 459, 460, 461, 462, 463, 464, 465, 466, 467, 468, 469, 470, 471, 472, 473, 474, 475, 476, 477, 478, 479, 480, 481, 482, 483, 484, 848, 849, 850, 851, 852, 853, 854, 855, 856, 857, 858, 859, 860, 861, 862, 863, 864, 865, 866, 867, 868, 869, 870, 871, 872, 873, 874, 875, 876, 877, 878, 879, 880, 881, 882, 883, 884, 885, 886, 887, 888, 889, 890, 891, 892, 893, 894, 895, 896, 897, 898, 899, 900, 901, 902, 903, 904, 905, 906, 907, 908, 909, 910, 911, 912, 913, 914, 915, 916, 917, 918, 919, 920, 921, 922, 923, 924, 925, 926, 927, 928, 929, 930, 931, 932, 933, 934, 935]","[402, 416, 422, 423, 465, 851, 867, 874, 875, 912]","[31, 142, 147, 180, 338, 352, 367, 387, 403, 405, 408, 410, 455, 465, 466, 468, 470, 472, 473, 483, 484, 514, 613, 618, 651, 794, 807, 837, 852, 854, 858, 861, 902, 912, 913, 915, 917, 919, 920, 931, 934, 935]","[31, 142, 147, 180, 268, 338, 352, 367, 387, 403, 405, 408, 410, 455, 465, 466, 468, 470, 472, 473, 483, 484, 514, 613, 618, 651, 727, 794, 807, 837, 852, 854, 858, 861, 902, 912, 913, 915, 917, 919, 920, 931, 934, 935]","[916, 514, 917, 918, 387, 919, 920, 921, 31, 923, 924, 925, 926, 927, 928, 929, 931, 932, 933, 934, 935, 613, 618, 651, 142, 147, 338, 180, 727, 352, 268, 794, 807, 367, 837, 848, 849, 850, 851, 852, 853, 854, 855, 856, 857, 858, 859, 860, 861, 862, 863, 864, 865, 866, 867, 868, 869, 870, 871, 872, 873, 874, 875, 876, 877, 878, 879, 880, 881, 882, 883, 884, 885, 886, 887, 888, 889, 890, 891, 892, 893, 894, 895, 896, 897, 898, 899, 900, 901, 902, 903, 904, 905, 906, 907, 908, 909, 398, 399, 912, 400, 401, 402, 403, 404, 405, 406, 407, 408, 922, 409, 410, 411, 412, 413, 414, 415, 930, 416, 417, 421, 418, 423, 419, 420, 422, 424, 425, 426, 427, 428, 429, 430, 431, 432, 433, 434, 435, 436, 437, 438, 439, 440, 441, 442, 443, 444, 445, 446, 447, 448, 449, 450, 451, 452, 453, 454, 455, 459, 456, 457, 458, 460, 461, 465, 462, 463, 464, 466, 467, 468, 469, 470, 474, 471, 472, 473, 475, 479, 476, 477, 478, 480, 481, 482, 483, 484, 910, 911, 913, 914, 915]",True,"[423, 465, 474, 875, 912, 922]","[398, 399, 400, 401, 402, 403, 404, 405, 406, 407, 408, 409, 410, 411, 412, 413, 414, 415, 416, 417, 418, 419, 420, 421, 422, 423, 424, 425, 426, 427, 428, 429, 430, 431, 432, 433, 434, 435, 436, 437, 438, 439, 440, 441, 442, 443, 444, 445, 446, 447, 448, 449, 450, 451, 452, 453, 454, 455, 456, 457, 458, 459, 460, 461, 462, 463, 464, 465, 466, 467, 468, 469, 470, 471, 472, 473, 474, 475, 476, 477, 478, 479, 480, 481, 482, 483, 484, 848, 849, 850, 851, 852, 853, 854, 855, 856, 857, 858, 859, 860, 861, 862, 863, 864, 865, 866, 867, 868, 869, 870, 871, 872, 873, 874, 875, 876, 877, 878, 879, 880, 881, 882, 883, 884, 885, 886, 887, 888, 889, 890, 891, 892, 893, 894, 895, 896, 897, 898, 899, 900, 901, 902, 903, 904, 905, 906, 907, 908, 909, 910, 911, 912, 913, 914, 915, 916, 917, 918, 919, 920, 921, 922, 923, 924, 925, 926, 927, 928, 929, 930, 931, 932, 933, 934, 935]","[423, 465, 875, 912]","[421, 423, 459, 465, 479, 873, 875, 906, 912, 930]","[402, 416, 422, 423, 465, 851, 867, 874, 875, 912]","[31, 142, 147, 180, 268, 338, 352, 367, 387, 403, 405, 408, 410, 455, 465, 466, 468, 470, 472, 473, 483, 484, 514, 613, 618, 651, 727, 794, 807, 837, 852, 854, 858, 861, 902, 912, 913, 915, 917, 919, 920, 931, 934, 935]","[31, 142, 147, 180, 338, 352, 367, 387, 403, 405, 408, 410, 455, 465, 466, 468, 470, 472, 473, 483, 484, 514, 613, 618, 651, 794, 807, 837, 852, 854, 858, 861, 902, 912, 913, 915, 917, 919, 920, 931, 934, 935]",7/6 successful match,True,[268],True,116,False,,0.8999999999999999,True,RJ's Fuel Stop ( Sinclair ),Sinclair
Tremonton ( 84337 ) RJ's Fuel Stop ( Sinclair ),3 435-257-3530 I-84 Exit 40 ( UT 102 E ),<U+2610> 020,Tremonton,84337,RJ's Fuel Stop ( Sinclair ),435-257-3530,2016,Tremonton,UT,Sinclair,( UT 102 E ),I-84 Exit 40 ,Exit,40,False,,False,I-84,,,,,"[912, 465]","[423, 465, 474, 875, 912, 922]","[423, 465, 875, 912]","[421, 423, 459, 465, 479, 873, 875, 906, 912, 930]","[398, 399, 400, 401, 402, 403, 404, 405, 406, 407, 408, 409, 410, 411, 412, 413, 414, 415, 416, 417, 418, 419, 420, 421, 422, 423, 424, 425, 426, 427, 428, 429, 430, 431, 432, 433, 434, 435, 436, 437, 438, 439, 440, 441, 442, 443, 444, 445, 446, 447, 448, 449, 450, 451, 452, 453, 454, 455, 456, 457, 458, 459, 460, 461, 462, 463, 464, 465, 466, 467, 468, 469, 470, 471, 472, 473, 474, 475, 476, 477, 478, 479, 480, 481, 482, 483, 484, 848, 849, 850, 851, 852, 853, 854, 855, 856, 857, 858, 859, 860, 861, 862, 863, 864, 865, 866, 867, 868, 869, 870, 871, 872, 873, 874, 875, 876, 877, 878, 879, 880, 881, 882, 883, 884, 885, 886, 887, 888, 889, 890, 891, 892, 893, 894, 895, 896, 897, 898, 899, 900, 901, 902, 903, 904, 905, 906, 907, 908, 909, 910, 911, 912, 913, 914, 915, 916, 917, 918, 919, 920, 921, 922, 923, 924, 925, 926, 927, 928, 929, 930, 931, 932, 933, 934, 935]","[402, 416, 422, 423, 465, 851, 867, 874, 875, 912]","[31, 142, 147, 180, 338, 352, 367, 387, 403, 405, 408, 410, 455, 465, 466, 468, 470, 472, 473, 483, 484, 514, 613, 618, 651, 794, 807, 837, 852, 854, 858, 861, 902, 912, 913, 915, 917, 919, 920, 931, 934, 935]","[31, 142, 147, 180, 268, 338, 352, 367, 387, 403, 405, 408, 410, 455, 465, 466, 468, 470, 472, 473, 483, 484, 514, 613, 618, 651, 727, 794, 807, 837, 852, 854, 858, 861, 902, 912, 913, 915, 917, 919, 920, 931, 934, 935]","[916, 514, 917, 918, 387, 919, 920, 921, 31, 923, 924, 925, 926, 927, 928, 929, 931, 932, 933, 934, 935, 613, 618, 651, 142, 147, 338, 180, 727, 352, 268, 794, 807, 367, 837, 848, 849, 850, 851, 852, 853, 854, 855, 856, 857, 858, 859, 860, 861, 862, 863, 864, 865, 866, 867, 868, 869, 870, 871, 872, 873, 874, 875, 876, 877, 878, 879, 880, 881, 882, 883, 884, 885, 886, 887, 888, 889, 890, 891, 892, 893, 894, 895, 896, 897, 898, 899, 900, 901, 902, 903, 904, 905, 906, 907, 908, 909, 398, 399, 912, 400, 401, 402, 403, 404, 405, 406, 407, 408, 922, 409, 410, 411, 412, 413, 414, 415, 930, 416, 417, 421, 418, 423, 419, 420, 422, 424, 425, 426, 427, 428, 429, 430, 431, 432, 433, 434, 435, 436, 437, 438, 439, 440, 441, 442, 443, 444, 445, 446, 447, 448, 449, 450, 451, 452, 453, 454, 455, 459, 456, 457, 458, 460, 461, 465, 462, 463, 464, 466, 467, 468, 469, 470, 474, 471, 472, 473, 475, 479, 476, 477, 478, 480, 481, 482, 483, 484, 910, 911, 913, 914, 915]",True,"[423, 465, 474, 875, 912, 922]","[398, 399, 400, 401, 402, 403, 404, 405, 406, 407, 408, 409, 410, 411, 412, 413, 414, 415, 416, 417, 418, 419, 420, 421, 422, 423, 424, 425, 426, 427, 428, 429, 430, 431, 432, 433, 434, 435, 436, 437, 438, 439, 440, 441, 442, 443, 444, 445, 446, 447, 448, 449, 450, 451, 452, 453, 454, 455, 456, 457, 458, 459, 460, 461, 462, 463, 464, 465, 466, 467, 468, 469, 470, 471, 472, 473, 474, 475, 476, 477, 478, 479, 480, 481, 482, 483, 484, 848, 849, 850, 851, 852, 853, 854, 855, 856, 857, 858, 859, 860, 861, 862, 863, 864, 865, 866, 867, 868, 869, 870, 871, 872, 873, 874, 875, 876, 877, 878, 879, 880, 881, 882, 883, 884, 885, 886, 887, 888, 889, 890, 891, 892, 893, 894, 895, 896, 897, 898, 899, 900, 901, 902, 903, 904, 905, 906, 907, 908, 909, 910, 911, 912, 913, 914, 915, 916, 917, 918, 919, 920, 921, 922, 923, 924, 925, 926, 927, 928, 929, 930, 931, 932, 933, 934, 935]","[423, 465, 875, 912]","[421, 423, 459, 465, 479, 873, 875, 906, 912, 930]","[402, 416, 422, 423, 465, 851, 867, 874, 875, 912]","[31, 142, 147, 180, 268, 338, 352, 367, 387, 403, 405, 408, 410, 455, 465, 466, 468, 470, 472, 473, 483, 484, 514, 613, 618, 651, 727, 794, 807, 837, 852, 854, 858, 861, 902, 912, 913, 915, 917, 919, 920, 931, 934, 935]","[31, 142, 147, 180, 338, 352, 367, 387, 403, 405, 408, 410, 455, 465, 466, 468, 470, 472, 473, 483, 484, 514, 613, 618, 651, 794, 807, 837, 852, 854, 858, 861, 902, 912, 913, 915, 917, 919, 920, 931, 934, 935]",7/6 successful match,True,[268],True,116,False,,0.8999999999999999,True,RJ's Fuel Stop ( Sinclair ),Sinclair
"Elwood , 84337 Exxon Travel Center",435-257-4710 I-15 Exit 376 ( UT 13 N ),24 HRS 465 S <U+2610>,Elwood,84337,Exxon Travel Center,435-257-4710,2006,Tremonton,UT,Exxon,( UT 13 N ),I-15 Exit 376 ,Exit,376,False,,False,I-15,,,,,"[474, 922]","[423, 465, 474, 875, 912, 922]","[423, 465, 474, 875, 912, 922]",[],"[398, 399, 400, 401, 402, 403, 404, 405, 406, 407, 408, 409, 410, 411, 412, 413, 414, 415, 416, 417, 418, 419, 420, 421, 422, 423, 424, 425, 426, 427, 428, 429, 430, 431, 432, 433, 434, 435, 436, 437, 438, 439, 440, 441, 442, 443, 444, 445, 446, 447, 448, 449, 450, 451, 452, 453, 454, 455, 456, 457, 458, 459, 460, 461, 462, 463, 464, 465, 466, 467, 468, 469, 470, 471, 472, 473, 474, 475, 476, 477, 478, 479, 480, 481, 482, 483, 484, 848, 849, 850, 851, 852, 853, 854, 855, 856, 857, 858, 859, 860, 861, 862, 863, 864, 865, 866, 867, 868, 869, 870, 871, 872, 873, 874, 875, 876, 877, 878, 879, 880, 881, 882, 883, 884, 885, 886, 887, 888, 889, 890, 891, 892, 893, 894, 895, 896, 897, 898, 899, 900, 901, 902, 903, 904, 905, 906, 907, 908, 909, 910, 911, 912, 913, 914, 915, 916, 917, 918, 919, 920, 921, 922, 923, 924, 925, 926, 927, 928, 929, 930, 931, 932, 933, 934, 935]","[16, 125, 156, 163, 168, 184, 205, 222, 229, 253, 258, 265, 313, 317, 336, 340, 341, 356, 363, 365, 366, 367, 370, 375, 388, 391, 394, 396, 402, 410, 411, 412, 413, 415, 416, 417, 418, 419, 425, 429, 431, 433, 435, 437, 440, 441, 442, 443, 451, 452, 456, 457, 458, 460, 461, 464, 471, 473, 474, 475, 481, 482, 501, 596, 628, 635, 655, 675, 693, 716, 720, 725, 771, 775, 793, 796, 797, 811, 817, 818, 820, 825, 838, 841, 844, 846, 851, 857, 861, 862, 863, 864, 866, 867, 868, 870, 871, 877, 881, 883, 885, 888, 891, 892, 893, 898, 899, 904, 905, 907, 908, 911, 918, 920, 921, 922, 923, 924, 926, 931, 933]","[398, 399, 400, 848, 849]","[398, 399, 400, 848, 849]","[916, 917, 918, 919, 16, 920, 921, 923, 388, 924, 925, 926, 927, 928, 929, 930, 931, 932, 596, 933, 934, 935, 391, 628, 635, 125, 655, 336, 156, 163, 675, 168, 340, 341, 693, 184, 394, 716, 205, 720, 725, 375, 222, 229, 396, 253, 356, 258, 771, 775, 265, 793, 796, 797, 363, 811, 365, 817, 366, 818, 820, 367, 313, 825, 317, 370, 838, 841, 844, 846, 848, 849, 850, 851, 852, 853, 854, 855, 856, 857, 858, 859, 860, 861, 862, 863, 864, 865, 866, 867, 868, 869, 870, 871, 872, 873, 874, 875, 876, 877, 878, 879, 880, 881, 882, 883, 884, 885, 886, 887, 888, 889, 890, 891, 892, 893, 894, 895, 896, 897, 898, 899, 900, 901, 902, 903, 904, 905, 906, 907, 908, 909, 398, 399, 912, 400, 401, 402, 403, 404, 405, 407, 408, 406, 410, 409, 922, 411, 412, 413, 414, 415, 416, 417, 418, 419, 420, 423, 421, 422, 424, 425, 426, 427, 428, 429, 430, 431, 432, 433, 434, 435, 436, 437, 438, 439, 440, 441, 442, 443, 444, 445, 446, 447, 448, 449, 450, 451, 452, 453, 454, 455, 456, 457, 458, 459, 460, 461, 462, 465, 463, 464, 466, 467, 468, 469, 470, 471, 474, 472, 473, 475, 476, 477, 478, 479, 480, 481, 482, 483, 484, 910, 911, 913, 501, 914, 915]",True,"[423, 465, 474, 875, 912, 922]","[398, 399, 400, 401, 402, 403, 404, 405, 406, 407, 408, 409, 410, 411, 412, 413, 414, 415, 416, 417, 418, 419, 420, 421, 422, 423, 424, 425, 426, 427, 428, 429, 430, 431, 432, 433, 434, 435, 436, 437, 438, 439, 440, 441, 442, 443, 444, 445, 446, 447, 448, 449, 450, 451, 452, 453, 454, 455, 456, 457, 458, 459, 460, 461, 462, 463, 464, 465, 466, 467, 468, 469, 470, 471, 472, 473, 474, 475, 476, 477, 478, 479, 480, 481, 482, 483, 484, 848, 849, 850, 851, 852, 853, 854, 855, 856, 857, 858, 859, 860, 861, 862, 863, 864, 865, 866, 867, 868, 869, 870, 871, 872, 873, 874, 875, 876, 877, 878, 879, 880, 881, 882, 883, 884, 885, 886, 887, 888, 889, 890, 891, 892, 893, 894, 895, 896, 897, 898, 899, 900, 901, 902, 903, 904, 905, 906, 907, 908, 909, 910, 911, 912, 913, 914, 915, 916, 917, 918, 919, 920, 921, 922, 923, 924, 925, 926, 927, 928, 929, 930, 931, 932, 933, 934, 935]","[423, 465, 474, 875, 912, 922]",[],"[16, 125, 156, 163, 168, 184, 205, 222, 229, 253, 258, 265, 313, 317, 336, 340, 341, 356, 363, 365, 366, 367, 370, 375, 388, 391, 394, 396, 402, 410, 411, 412, 413, 415, 416, 417, 418, 419, 425, 429, 431, 433, 435, 437, 440, 441, 442, 443, 451, 452, 456, 457, 458, 460, 461, 464, 471, 473, 474, 475, 481, 482, 501, 596, 628, 635, 655, 675, 693, 716, 720, 725, 771, 775, 793, 796, 797, 811, 817, 818, 820, 825, 838, 841, 844, 846, 851, 857, 861, 862, 863, 864, 866, 867, 868, 870, 871, 877, 881, 883, 885, 888, 891, 892, 893, 898, 899, 904, 905, 907, 908, 911, 918, 920, 921, 922, 923, 924, 926, 931, 933]","[398, 399, 400, 848, 849]","[398, 399, 400, 848, 849]",5/6 successful match,True,,False,117,False,,,,,
"CElwood , 84337 Exxon Travel Center",435-257-4710 I-15 Exit 376 ( UT 13 N ),+ S S <U+2610>,Elwood,84337,Exxon Travel Center,435-257-4710,2007,Tremonton,UT,Exxon,( UT 13 N ),I-15 Exit 376 ,Exit,376,False,,False,I-15,,,,,"[474, 922]","[423, 465, 474, 875, 912, 922]","[423, 465, 474, 875, 912, 922]",[],"[398, 399, 400, 401, 402, 403, 404, 405, 406, 407, 408, 409, 410, 411, 412, 413, 414, 415, 416, 417, 418, 419, 420, 421, 422, 423, 424, 425, 426, 427, 428, 429, 430, 431, 432, 433, 434, 435, 436, 437, 438, 439, 440, 441, 442, 443, 444, 445, 446, 447, 448, 449, 450, 451, 452, 453, 454, 455, 456, 457, 458, 459, 460, 461, 462, 463, 464, 465, 466, 467, 468, 469, 470, 471, 472, 473, 474, 475, 476, 477, 478, 479, 480, 481, 482, 483, 484, 848, 849, 850, 851, 852, 853, 854, 855, 856, 857, 858, 859, 860, 861, 862, 863, 864, 865, 866, 867, 868, 869, 870, 871, 872, 873, 874, 875, 876, 877, 878, 879, 880, 881, 882, 883, 884, 885, 886, 887, 888, 889, 890, 891, 892, 893, 894, 895, 896, 897, 898, 899, 900, 901, 902, 903, 904, 905, 906, 907, 908, 909, 910, 911, 912, 913, 914, 915, 916, 917, 918, 919, 920, 921, 922, 923, 924, 925, 926, 927, 928, 929, 930, 931, 932, 933, 934, 935]","[16, 125, 156, 163, 168, 184, 205, 222, 229, 253, 258, 265, 313, 317, 336, 340, 341, 356, 363, 365, 366, 367, 370, 375, 388, 391, 394, 396, 402, 410, 411, 412, 413, 415, 416, 417, 418, 419, 425, 429, 431, 433, 435, 437, 440, 441, 442, 443, 451, 452, 456, 457, 458, 460, 461, 464, 471, 473, 474, 475, 481, 482, 501, 596, 628, 635, 655, 675, 693, 716, 720, 725, 771, 775, 793, 796, 797, 811, 817, 818, 820, 825, 838, 841, 844, 846, 851, 857, 861, 862, 863, 864, 866, 867, 868, 870, 871, 877, 881, 883, 885, 888, 891, 892, 893, 898, 899, 904, 905, 907, 908, 911, 918, 920, 921, 922, 923, 924, 926, 931, 933]","[398, 399, 400, 848, 849]","[398, 399, 400, 848, 849]","[916, 917, 918, 919, 16, 920, 921, 923, 388, 924, 925, 926, 927, 928, 929, 930, 931, 932, 596, 933, 934, 935, 391, 628, 635, 125, 655, 336, 156, 163, 675, 168, 340, 341, 693, 184, 394, 716, 205, 720, 725, 375, 222, 229, 396, 253, 356, 258, 771, 775, 265, 793, 796, 797, 363, 811, 365, 817, 366, 818, 820, 367, 313, 825, 317, 370, 838, 841, 844, 846, 848, 849, 850, 851, 852, 853, 854, 855, 856, 857, 858, 859, 860, 861, 862, 863, 864, 865, 866, 867, 868, 869, 870, 871, 872, 873, 874, 875, 876, 877, 878, 879, 880, 881, 882, 883, 884, 885, 886, 887, 888, 889, 890, 891, 892, 893, 894, 895, 896, 897, 898, 899, 900, 901, 902, 903, 904, 905, 906, 907, 908, 909, 398, 399, 912, 400, 401, 402, 403, 404, 405, 407, 408, 406, 410, 409, 922, 411, 412, 413, 414, 415, 416, 417, 418, 419, 420, 423, 421, 422, 424, 425, 426, 427, 428, 429, 430, 431, 432, 433, 434, 435, 436, 437, 438, 439, 440, 441, 442, 443, 444, 445, 446, 447, 448, 449, 450, 451, 452, 453, 454, 455, 456, 457, 458, 459, 460, 461, 462, 465, 463, 464, 466, 467, 468, 469, 470, 471, 474, 472, 473, 475, 476, 477, 478, 479, 480, 481, 482, 483, 484, 910, 911, 913, 501, 914, 915]",True,"[423, 465, 474, 875, 912, 922]","[398, 399, 400, 401, 402, 403, 404, 405, 406, 407, 408, 409, 410, 411, 412, 413, 414, 415, 416, 417, 418, 419, 420, 421, 422, 423, 424, 425, 426, 427, 428, 429, 430, 431, 432, 433, 434, 435, 436, 437, 438, 439, 440, 441, 442, 443, 444, 445, 446, 447, 448, 449, 450, 451, 452, 453, 454, 455, 456, 457, 458, 459, 460, 461, 462, 463, 464, 465, 466, 467, 468, 469, 470, 471, 472, 473, 474, 475, 476, 477, 478, 479, 480, 481, 482, 483, 484, 848, 849, 850, 851, 852, 853, 854, 855, 856, 857, 858, 859, 860, 861, 862, 863, 864, 865, 866, 867, 868, 869, 870, 871, 872, 873, 874, 875, 876, 877, 878, 879, 880, 881, 882, 883, 884, 885, 886, 887, 888, 889, 890, 891, 892, 893, 894, 895, 896, 897, 898, 899, 900, 901, 902, 903, 904, 905, 906, 907, 908, 909, 910, 911, 912, 913, 914, 915, 916, 917, 918, 919, 920, 921, 922, 923, 924, 925, 926, 927, 928, 929, 930, 931, 932, 933, 934, 935]","[423, 465, 474, 875, 912, 922]",[],"[16, 125, 156, 163, 168, 184, 205, 222, 229, 253, 258, 265, 313, 317, 336, 340, 341, 356, 363, 365, 366, 367, 370, 375, 388, 391, 394, 396, 402, 410, 411, 412, 413, 415, 416, 417, 418, 419, 425, 429, 431, 433, 435, 437, 440, 441, 442, 443, 451, 452, 456, 457, 458, 460, 461, 464, 471, 473, 474, 475, 481, 482, 501, 596, 628, 635, 655, 675, 693, 716, 720, 725, 771, 775, 793, 796, 797, 811, 817, 818, 820, 825, 838, 841, 844, 846, 851, 857, 861, 862, 863, 864, 866, 867, 868, 870, 871, 877, 881, 883, 885, 888, 891, 892, 893, 898, 899, 904, 905, 907, 908, 911, 918, 920, 921, 922, 923, 924, 926, 931, 933]","[398, 399, 400, 848, 849]","[398, 399, 400, 848, 849]",5/6 successful match,True,,False,117,False,,1.0,True,Exxon Travel Center,Exxon
"Elwood , 84337 Exxon Travel Center",435-257-4710 I-15 Exit 376 ( UT 13 N ),24 S [ ],Elwood,84337,Exxon Travel Center,435-257-4710,2008,Tremonton,UT,Exxon,( UT 13 N ),I-15 Exit 376 ,Exit,376,False,,False,I-15,,,,,"[474, 922]","[423, 465, 474, 875, 912, 922]","[423, 465, 474, 875, 912, 922]",[],"[398, 399, 400, 401, 402, 403, 404, 405, 406, 407, 408, 409, 410, 411, 412, 413, 414, 415, 416, 417, 418, 419, 420, 421, 422, 423, 424, 425, 426, 427, 428, 429, 430, 431, 432, 433, 434, 435, 436, 437, 438, 439, 440, 441, 442, 443, 444, 445, 446, 447, 448, 449, 450, 451, 452, 453, 454, 455, 456, 457, 458, 459, 460, 461, 462, 463, 464, 465, 466, 467, 468, 469, 470, 471, 472, 473, 474, 475, 476, 477, 478, 479, 480, 481, 482, 483, 484, 848, 849, 850, 851, 852, 853, 854, 855, 856, 857, 858, 859, 860, 861, 862, 863, 864, 865, 866, 867, 868, 869, 870, 871, 872, 873, 874, 875, 876, 877, 878, 879, 880, 881, 882, 883, 884, 885, 886, 887, 888, 889, 890, 891, 892, 893, 894, 895, 896, 897, 898, 899, 900, 901, 902, 903, 904, 905, 906, 907, 908, 909, 910, 911, 912, 913, 914, 915, 916, 917, 918, 919, 920, 921, 922, 923, 924, 925, 926, 927, 928, 929, 930, 931, 932, 933, 934, 935]","[16, 125, 156, 163, 168, 184, 205, 222, 229, 253, 258, 265, 313, 317, 336, 340, 341, 356, 363, 365, 366, 367, 370, 375, 388, 391, 394, 396, 402, 410, 411, 412, 413, 415, 416, 417, 418, 419, 425, 429, 431, 433, 435, 437, 440, 441, 442, 443, 451, 452, 456, 457, 458, 460, 461, 464, 471, 473, 474, 475, 481, 482, 501, 596, 628, 635, 655, 675, 693, 716, 720, 725, 771, 775, 793, 796, 797, 811, 817, 818, 820, 825, 838, 841, 844, 846, 851, 857, 861, 862, 863, 864, 866, 867, 868, 870, 871, 877, 881, 883, 885, 888, 891, 892, 893, 898, 899, 904, 905, 907, 908, 911, 918, 920, 921, 922, 923, 924, 926, 931, 933]","[398, 399, 400, 848, 849]","[398, 399, 400, 848, 849]","[916, 917, 918, 919, 16, 920, 921, 923, 388, 924, 925, 926, 927, 928, 929, 930, 931, 932, 596, 933, 934, 935, 391, 628, 635, 125, 655, 336, 156, 163, 675, 168, 340, 341, 693, 184, 394, 716, 205, 720, 725, 375, 222, 229, 396, 253, 356, 258, 771, 775, 265, 793, 796, 797, 363, 811, 365, 817, 366, 818, 820, 367, 313, 825, 317, 370, 838, 841, 844, 846, 848, 849, 850, 851, 852, 853, 854, 855, 856, 857, 858, 859, 860, 861, 862, 863, 864, 865, 866, 867, 868, 869, 870, 871, 872, 873, 874, 875, 876, 877, 878, 879, 880, 881, 882, 883, 884, 885, 886, 887, 888, 889, 890, 891, 892, 893, 894, 895, 896, 897, 898, 899, 900, 901, 902, 903, 904, 905, 906, 907, 908, 909, 398, 399, 912, 400, 401, 402, 403, 404, 405, 407, 408, 406, 410, 409, 922, 411, 412, 413, 414, 415, 416, 417, 418, 419, 420, 423, 421, 422, 424, 425, 426, 427, 428, 429, 430, 431, 432, 433, 434, 435, 436, 437, 438, 439, 440, 441, 442, 443, 444, 445, 446, 447, 448, 449, 450, 451, 452, 453, 454, 455, 456, 457, 458, 459, 460, 461, 462, 465, 463, 464, 466, 467, 468, 469, 470, 471, 474, 472, 473, 475, 476, 477, 478, 479, 480, 481, 482, 483, 484, 910, 911, 913, 501, 914, 915]",True,"[423, 465, 474, 875, 912, 922]","[398, 399, 400, 401, 402, 403, 404, 405, 406, 407, 408, 409, 410, 411, 412, 413, 414, 415, 416, 417, 418, 419, 420, 421, 422, 423, 424, 425, 426, 427, 428, 429, 430, 431, 432, 433, 434, 435, 436, 437, 438, 439, 440, 441, 442, 443, 444, 445, 446, 447, 448, 449, 450, 451, 452, 453, 454, 455, 456, 457, 458, 459, 460, 461, 462, 463, 464, 465, 466, 467, 468, 469, 470, 471, 472, 473, 474, 475, 476, 477, 478, 479, 480, 481, 482, 483, 484, 848, 849, 850, 851, 852, 853, 854, 855, 856, 857, 858, 859, 860, 861, 862, 863, 864, 865, 866, 867, 868, 869, 870, 871, 872, 873, 874, 875, 876, 877, 878, 879, 880, 881, 882, 883, 884, 885, 886, 887, 888, 889, 890, 891, 892, 893, 894, 895, 896, 897, 898, 899, 900, 901, 902, 903, 904, 905, 906, 907, 908, 909, 910, 911, 912, 913, 914, 915, 916, 917, 918, 919, 920, 921, 922, 923, 924, 925, 926, 927, 928, 929, 930, 931, 932, 933, 934, 935]","[423, 465, 474, 875, 912, 922]",[],"[16, 125, 156, 163, 168, 184, 205, 222, 229, 253, 258, 265, 313, 317, 336, 340, 341, 356, 363, 365, 366, 367, 370, 375, 388, 391, 394, 396, 402, 410, 411, 412, 413, 415, 416, 417, 418, 419, 425, 429, 431, 433, 435, 437, 440, 441, 442, 443, 451, 452, 456, 457, 458, 460, 461, 464, 471, 473, 474, 475, 481, 482, 501, 596, 628, 635, 655, 675, 693, 716, 720, 725, 771, 775, 793, 796, 797, 811, 817, 818, 820, 825, 838, 841, 844, 846, 851, 857, 861, 862, 863, 864, 866, 867, 868, 870, 871, 877, 881, 883, 885, 888, 891, 892, 893, 898, 899, 904, 905, 907, 908, 911, 918, 920, 921, 922, 923, 924, 926, 931, 933]","[398, 399, 400, 848, 849]","[398, 399, 400, 848, 849]",5/6 successful match,True,,False,117,False,,1.0,True,Exxon Travel Center,Exxon
Elwood ( 84337 ) Sunmart # 979 ( Texaco ),435-257-4710 I-15 Exit 376 ( UT 13 N ),24 S <U+25A1> <U+25A1>,Elwood,84337,Sunmart # 979 ( Texaco ),435-257-4710,2014,Tremonton,UT,Texaco,( UT 13 N ),I-15 Exit 376 ,Exit,376,False,,False,I-15,,,,,"[474, 922]","[423, 465, 474, 875, 912, 922]","[423, 465, 474, 875, 912, 922]",[],"[398, 399, 400, 401, 402, 403, 404, 405, 406, 407, 408, 409, 410, 411, 412, 413, 414, 415, 416, 417, 418, 419, 420, 421, 422, 423, 424, 425, 426, 427, 428, 429, 430, 431, 432, 433, 434, 435, 436, 437, 438, 439, 440, 441, 442, 443, 444, 445, 446, 447, 448, 449, 450, 451, 452, 453, 454, 455, 456, 457, 458, 459, 460, 461, 462, 463, 464, 465, 466, 467, 468, 469, 470, 471, 472, 473, 474, 475, 476, 477, 478, 479, 480, 481, 482, 483, 484, 848, 849, 850, 851, 852, 853, 854, 855, 856, 857, 858, 859, 860, 861, 862, 863, 864, 865, 866, 867, 868, 869, 870, 871, 872, 873, 874, 875, 876, 877, 878, 879, 880, 881, 882, 883, 884, 885, 886, 887, 888, 889, 890, 891, 892, 893, 894, 895, 896, 897, 898, 899, 900, 901, 902, 903, 904, 905, 906, 907, 908, 909, 910, 911, 912, 913, 914, 915, 916, 917, 918, 919, 920, 921, 922, 923, 924, 925, 926, 927, 928, 929, 930, 931, 932, 933, 934, 935]","[16, 125, 156, 163, 168, 184, 205, 222, 229, 253, 258, 265, 313, 317, 336, 340, 341, 356, 363, 365, 366, 367, 370, 375, 388, 391, 394, 396, 402, 410, 411, 412, 413, 415, 416, 417, 418, 419, 425, 429, 431, 433, 435, 437, 440, 441, 442, 443, 451, 452, 456, 457, 458, 460, 461, 464, 471, 473, 474, 475, 481, 482, 501, 596, 628, 635, 655, 675, 693, 716, 720, 725, 771, 775, 793, 796, 797, 811, 817, 818, 820, 825, 838, 841, 844, 846, 851, 857, 861, 862, 863, 864, 866, 867, 868, 870, 871, 877, 881, 883, 885, 888, 891, 892, 893, 898, 899, 904, 905, 907, 908, 911, 918, 920, 921, 922, 923, 924, 926, 931, 933]","[26, 390, 474, 486, 509, 840, 922, 926]","[26, 92, 390, 474, 486, 509, 563, 840, 921, 922, 926]","[916, 917, 918, 919, 16, 920, 921, 26, 923, 388, 924, 925, 926, 563, 927, 928, 929, 930, 931, 932, 596, 933, 390, 934, 92, 935, 391, 628, 635, 125, 655, 336, 156, 163, 675, 168, 340, 341, 693, 184, 394, 716, 205, 720, 725, 375, 222, 229, 396, 253, 356, 258, 771, 775, 265, 793, 796, 797, 363, 811, 365, 817, 366, 818, 820, 367, 313, 825, 317, 370, 838, 840, 841, 844, 846, 848, 849, 850, 851, 852, 853, 854, 855, 856, 857, 858, 859, 860, 861, 862, 863, 864, 865, 866, 867, 868, 869, 870, 871, 872, 873, 874, 875, 876, 877, 878, 879, 880, 881, 882, 883, 884, 885, 886, 887, 888, 889, 890, 891, 892, 893, 894, 895, 896, 897, 898, 899, 900, 901, 902, 903, 904, 905, 906, 907, 908, 909, 398, 399, 912, 400, 401, 402, 403, 404, 405, 407, 408, 406, 410, 409, 922, 411, 412, 413, 414, 415, 416, 417, 418, 419, 420, 423, 421, 422, 424, 425, 426, 427, 428, 429, 430, 431, 432, 433, 434, 435, 436, 437, 438, 439, 440, 441, 442, 443, 444, 445, 446, 447, 448, 449, 450, 451, 452, 453, 454, 455, 456, 457, 458, 459, 460, 461, 462, 465, 463, 464, 466, 467, 468, 469, 470, 471, 474, 472, 473, 475, 476, 477, 478, 479, 480, 481, 482, 483, 484, 910, 911, 486, 913, 501, 914, 915, 509]",True,"[423, 465, 474, 875, 912, 922]","[398, 399, 400, 401, 402, 403, 404, 405, 406, 407, 408, 409, 410, 411, 412, 413, 414, 415, 416, 417, 418, 419, 420, 421, 422, 423, 424, 425, 426, 427, 428, 429, 430, 431, 432, 433, 434, 435, 436, 437, 438, 439, 440, 441, 442, 443, 444, 445, 446, 447, 448, 449, 450, 451, 452, 453, 454, 455, 456, 457, 458, 459, 460, 461, 462, 463, 464, 465, 466, 467, 468, 469, 470, 471, 472, 473, 474, 475, 476, 477, 478, 479, 480, 481, 482, 483, 484, 848, 849, 850, 851, 852, 853, 854, 855, 856, 857, 858, 859, 860, 861, 862, 863, 864, 865, 866, 867, 868, 869, 870, 871, 872, 873, 874, 875, 876, 877, 878, 879, 880, 881, 882, 883, 884, 885, 886, 887, 888, 889, 890, 891, 892, 893, 894, 895, 896, 897, 898, 899, 900, 901, 902, 903, 904, 905, 906, 907, 908, 909, 910, 911, 912, 913, 914, 915, 916, 917, 918, 919, 920, 921, 922, 923, 924, 925, 926, 927, 928, 929, 930, 931, 932, 933, 934, 935]","[423, 465, 474, 875, 912, 922]",[],"[16, 125, 156, 163, 168, 184, 205, 222, 229, 253, 258, 265, 313, 317, 336, 340, 341, 356, 363, 365, 366, 367, 370, 375, 388, 391, 394, 396, 402, 410, 411, 412, 413, 415, 416, 417, 418, 419, 425, 429, 431, 433, 435, 437, 440, 441, 442, 443, 451, 452, 456, 457, 458, 460, 461, 464, 471, 473, 474, 475, 481, 482, 501, 596, 628, 635, 655, 675, 693, 716, 720, 725, 771, 775, 793, 796, 797, 811, 817, 818, 820, 825, 838, 841, 844, 846, 851, 857, 861, 862, 863, 864, 866, 867, 868, 870, 871, 877, 881, 883, 885, 888, 891, 892, 893, 898, 899, 904, 905, 907, 908, 911, 918, 920, 921, 922, 923, 924, 926, 931, 933]","[26, 92, 390, 474, 486, 509, 563, 840, 921, 922, 926]","[26, 390, 474, 486, 509, 840, 922, 926]",7/6 successful match,True,,False,117,True,2014,0.11627906976744186,False,Exxon Travel Center,Exxon
Elwood ( 84337 ) Sunmart # 979 ( Texaco ),435-257-4710 I-15 Exit 376 ( UT 13 N ),24 S <U+25A1> <U+25A1>,Elwood,84337,Sunmart # 979 ( Texaco ),435-257-4710,2015,Tremonton,UT,Texaco,( UT 13 N ),I-15 Exit 376 ,Exit,376,False,,False,I-15,,,,,"[474, 922]","[423, 465, 474, 875, 912, 922]","[423, 465, 474, 875, 912, 922]",[],"[398, 399, 400, 401, 402, 403, 404, 405, 406, 407, 408, 409, 410, 411, 412, 413, 414, 415, 416, 417, 418, 419, 420, 421, 422, 423, 424, 425, 426, 427, 428, 429, 430, 431, 432, 433, 434, 435, 436, 437, 438, 439, 440, 441, 442, 443, 444, 445, 446, 447, 448, 449, 450, 451, 452, 453, 454, 455, 456, 457, 458, 459, 460, 461, 462, 463, 464, 465, 466, 467, 468, 469, 470, 471, 472, 473, 474, 475, 476, 477, 478, 479, 480, 481, 482, 483, 484, 848, 849, 850, 851, 852, 853, 854, 855, 856, 857, 858, 859, 860, 861, 862, 863, 864, 865, 866, 867, 868, 869, 870, 871, 872, 873, 874, 875, 876, 877, 878, 879, 880, 881, 882, 883, 884, 885, 886, 887, 888, 889, 890, 891, 892, 893, 894, 895, 896, 897, 898, 899, 900, 901, 902, 903, 904, 905, 906, 907, 908, 909, 910, 911, 912, 913, 914, 915, 916, 917, 918, 919, 920, 921, 922, 923, 924, 925, 926, 927, 928, 929, 930, 931, 932, 933, 934, 935]","[16, 125, 156, 163, 168, 184, 205, 222, 229, 253, 258, 265, 313, 317, 336, 340, 341, 356, 363, 365, 366, 367, 370, 375, 388, 391, 394, 396, 402, 410, 411, 412, 413, 415, 416, 417, 418, 419, 425, 429, 431, 433, 435, 437, 440, 441, 442, 443, 451, 452, 456, 457, 458, 460, 461, 464, 471, 473, 474, 475, 481, 482, 501, 596, 628, 635, 655, 675, 693, 716, 720, 725, 771, 775, 793, 796, 797, 811, 817, 818, 820, 825, 838, 841, 844, 846, 851, 857, 861, 862, 863, 864, 866, 867, 868, 870, 871, 877, 881, 883, 885, 888, 891, 892, 893, 898, 899, 904, 905, 907, 908, 911, 918, 920, 921, 922, 923, 924, 926, 931, 933]","[26, 390, 474, 486, 509, 840, 922, 926]","[26, 92, 390, 474, 486, 509, 563, 840, 921, 922, 926]","[916, 917, 918, 919, 16, 920, 921, 26, 923, 388, 924, 925, 926, 563, 927, 928, 929, 930, 931, 932, 596, 933, 390, 934, 92, 935, 391, 628, 635, 125, 655, 336, 156, 163, 675, 168, 340, 341, 693, 184, 394, 716, 205, 720, 725, 375, 222, 229, 396, 253, 356, 258, 771, 775, 265, 793, 796, 797, 363, 811, 365, 817, 366, 818, 820, 367, 313, 825, 317, 370, 838, 840, 841, 844, 846, 848, 849, 850, 851, 852, 853, 854, 855, 856, 857, 858, 859, 860, 861, 862, 863, 864, 865, 866, 867, 868, 869, 870, 871, 872, 873, 874, 875, 876, 877, 878, 879, 880, 881, 882, 883, 884, 885, 886, 887, 888, 889, 890, 891, 892, 893, 894, 895, 896, 897, 898, 899, 900, 901, 902, 903, 904, 905, 906, 907, 908, 909, 398, 399, 912, 400, 401, 402, 403, 404, 405, 407, 408, 406, 410, 409, 922, 411, 412, 413, 414, 415, 416, 417, 418, 419, 420, 423, 421, 422, 424, 425, 426, 427, 428, 429, 430, 431, 432, 433, 434, 435, 436, 437, 438, 439, 440, 441, 442, 443, 444, 445, 446, 447, 448, 449, 450, 451, 452, 453, 454, 455, 456, 457, 458, 459, 460, 461, 462, 465, 463, 464, 466, 467, 468, 469, 470, 471, 474, 472, 473, 475, 476, 477, 478, 479, 480, 481, 482, 483, 484, 910, 911, 486, 913, 501, 914, 915, 509]",True,"[423, 465, 474, 875, 912, 922]","[398, 399, 400, 401, 402, 403, 404, 405, 406, 407, 408, 409, 410, 411, 412, 413, 414, 415, 416, 417, 418, 419, 420, 421, 422, 423, 424, 425, 426, 427, 428, 429, 430, 431, 432, 433, 434, 435, 436, 437, 438, 439, 440, 441, 442, 443, 444, 445, 446, 447, 448, 449, 450, 451, 452, 453, 454, 455, 456, 457, 458, 459, 460, 461, 462, 463, 464, 465, 466, 467, 468, 469, 470, 471, 472, 473, 474, 475, 476, 477, 478, 479, 480, 481, 482, 483, 484, 848, 849, 850, 851, 852, 853, 854, 855, 856, 857, 858, 859, 860, 861, 862, 863, 864, 865, 866, 867, 868, 869, 870, 871, 872, 873, 874, 875, 876, 877, 878, 879, 880, 881, 882, 883, 884, 885, 886, 887, 888, 889, 890, 891, 892, 893, 894, 895, 896, 897, 898, 899, 900, 901, 902, 903, 904, 905, 906, 907, 908, 909, 910, 911, 912, 913, 914, 915, 916, 917, 918, 919, 920, 921, 922, 923, 924, 925, 926, 927, 928, 929, 930, 931, 932, 933, 934, 935]","[423, 465, 474, 875, 912, 922]",[],"[16, 125, 156, 163, 168, 184, 205, 222, 229, 253, 258, 265, 313, 317, 336, 340, 341, 356, 363, 365, 366, 367, 370, 375, 388, 391, 394, 396, 402, 410, 411, 412, 413, 415, 416, 417, 418, 419, 425, 429, 431, 433, 435, 437, 440, 441, 442, 443, 451, 452, 456, 457, 458, 460, 461, 464, 471, 473, 474, 475, 481, 482, 501, 596, 628, 635, 655, 675, 693, 716, 720, 725, 771, 775, 793, 796, 797, 811, 817, 818, 820, 825, 838, 841, 844, 846, 851, 857, 861, 862, 863, 864, 866, 867, 868, 870, 871, 877, 881, 883, 885, 888, 891, 892, 893, 898, 899, 904, 905, 907, 908, 911, 918, 920, 921, 922, 923, 924, 926, 931, 933]","[26, 92, 390, 474, 486, 509, 563, 840, 921, 922, 926]","[26, 390, 474, 486, 509, 840, 922, 926]",7/6 successful match,True,,False,117,False,,1.0,True,Sunmart # 979 ( Texaco ),Texaco
Elwood ( 84337 ) Sunmart # 979 ( Texaco ),435-257-4710 I-15 Exit 376 ( UT 13 N ),24 <U+2610> S <U+25A1> <U+2610> <U+2610> <U+25A1>,Elwood,84337,Sunmart # 979 ( Texaco ),435-257-4710,2016,Tremonton,UT,Texaco,( UT 13 N ),I-15 Exit 376 ,Exit,376,False,,False,I-15,,,,,"[474, 922]","[423, 465, 474, 875, 912, 922]","[423, 465, 474, 875, 912, 922]",[],"[398, 399, 400, 401, 402, 403, 404, 405, 406, 407, 408, 409, 410, 411, 412, 413, 414, 415, 416, 417, 418, 419, 420, 421, 422, 423, 424, 425, 426, 427, 428, 429, 430, 431, 432, 433, 434, 435, 436, 437, 438, 439, 440, 441, 442, 443, 444, 445, 446, 447, 448, 449, 450, 451, 452, 453, 454, 455, 456, 457, 458, 459, 460, 461, 462, 463, 464, 465, 466, 467, 468, 469, 470, 471, 472, 473, 474, 475, 476, 477, 478, 479, 480, 481, 482, 483, 484, 848, 849, 850, 851, 852, 853, 854, 855, 856, 857, 858, 859, 860, 861, 862, 863, 864, 865, 866, 867, 868, 869, 870, 871, 872, 873, 874, 875, 876, 877, 878, 879, 880, 881, 882, 883, 884, 885, 886, 887, 888, 889, 890, 891, 892, 893, 894, 895, 896, 897, 898, 899, 900, 901, 902, 903, 904, 905, 906, 907, 908, 909, 910, 911, 912, 913, 914, 915, 916, 917, 918, 919, 920, 921, 922, 923, 924, 925, 926, 927, 928, 929, 930, 931, 932, 933, 934, 935]","[16, 125, 156, 163, 168, 184, 205, 222, 229, 253, 258, 265, 313, 317, 336, 340, 341, 356, 363, 365, 366, 367, 370, 375, 388, 391, 394, 396, 402, 410, 411, 412, 413, 415, 416, 417, 418, 419, 425, 429, 431, 433, 435, 437, 440, 441, 442, 443, 451, 452, 456, 457, 458, 460, 461, 464, 471, 473, 474, 475, 481, 482, 501, 596, 628, 635, 655, 675, 693, 716, 720, 725, 771, 775, 793, 796, 797, 811, 817, 818, 820, 825, 838, 841, 844, 846, 851, 857, 861, 862, 863, 864, 866, 867, 868, 870, 871, 877, 881, 883, 885, 888, 891, 892, 893, 898, 899, 904, 905, 907, 908, 911, 918, 920, 921, 922, 923, 924, 926, 931, 933]","[26, 390, 474, 486, 509, 840, 922, 926]","[26, 92, 390, 474, 486, 509, 563, 840, 921, 922, 926]","[916, 917, 918, 919, 16, 920, 921, 26, 923, 388, 924, 925, 926, 563, 927, 928, 929, 930, 931, 932, 596, 933, 390, 934, 92, 935, 391, 628, 635, 125, 655, 336, 156, 163, 675, 168, 340, 341, 693, 184, 394, 716, 205, 720, 725, 375, 222, 229, 396, 253, 356, 258, 771, 775, 265, 793, 796, 797, 363, 811, 365, 817, 366, 818, 820, 367, 313, 825, 317, 370, 838, 840, 841, 844, 846, 848, 849, 850, 851, 852, 853, 854, 855, 856, 857, 858, 859, 860, 861, 862, 863, 864, 865, 866, 867, 868, 869, 870, 871, 872, 873, 874, 875, 876, 877, 878, 879, 880, 881, 882, 883, 884, 885, 886, 887, 888, 889, 890, 891, 892, 893, 894, 895, 896, 897, 898, 899, 900, 901, 902, 903, 904, 905, 906, 907, 908, 909, 398, 399, 912, 400, 401, 402, 403, 404, 405, 407, 408, 406, 410, 409, 922, 411, 412, 413, 414, 415, 416, 417, 418, 419, 420, 423, 421, 422, 424, 425, 426, 427, 428, 429, 430, 431, 432, 433, 434, 435, 436, 437, 438, 439, 440, 441, 442, 443, 444, 445, 446, 447, 448, 449, 450, 451, 452, 453, 454, 455, 456, 457, 458, 459, 460, 461, 462, 465, 463, 464, 466, 467, 468, 469, 470, 471, 474, 472, 473, 475, 476, 477, 478, 479, 480, 481, 482, 483, 484, 910, 911, 486, 913, 501, 914, 915, 509]",True,"[423, 465, 474, 875, 912, 922]","[398, 399, 400, 401, 402, 403, 404, 405, 406, 407, 408, 409, 410, 411, 412, 413, 414, 415, 416, 417, 418, 419, 420, 421, 422, 423, 424, 425, 426, 427, 428, 429, 430, 431, 432, 433, 434, 435, 436, 437, 438, 439, 440, 441, 442, 443, 444, 445, 446, 447, 448, 449, 450, 451, 452, 453, 454, 455, 456, 457, 458, 459, 460, 461, 462, 463, 464, 465, 466, 467, 468, 469, 470, 471, 472, 473, 474, 475, 476, 477, 478, 479, 480, 481, 482, 483, 484, 848, 849, 850, 851, 852, 853, 854, 855, 856, 857, 858, 859, 860, 861, 862, 863, 864, 865, 866, 867, 868, 869, 870, 871, 872, 873, 874, 875, 876, 877, 878, 879, 880, 881, 882, 883, 884, 885, 886, 887, 888, 889, 890, 891, 892, 893, 894, 895, 896, 897, 898, 899, 900, 901, 902, 903, 904, 905, 906, 907, 908, 909, 910, 911, 912, 913, 914, 915, 916, 917, 918, 919, 920, 921, 922, 923, 924, 925, 926, 927, 928, 929, 930, 931, 932, 933, 934, 935]","[423, 465, 474, 875, 912, 922]",[],"[16, 125, 156, 163, 168, 184, 205, 222, 229, 253, 258, 265, 313, 317, 336, 340, 341, 356, 363, 365, 366, 367, 370, 375, 388, 391, 394, 396, 402, 410, 411, 412, 413, 415, 416, 417, 418, 419, 425, 429, 431, 433, 435, 437, 440, 441, 442, 443, 451, 452, 456, 457, 458, 460, 461, 464, 471, 473, 474, 475, 481, 482, 501, 596, 628, 635, 655, 675, 693, 716, 720, 725, 771, 775, 793, 796, 797, 811, 817, 818, 820, 825, 838, 841, 844, 846, 851, 857, 861, 862, 863, 864, 866, 867, 868, 870, 871, 877, 881, 883, 885, 888, 891, 892, 893, 898, 899, 904, 905, 907, 908, 911, 918, 920, 921, 922, 923, 924, 926, 931, 933]","[26, 92, 390, 474, 486, 509, 563, 840, 921, 922, 926]","[26, 390, 474, 486, 509, 840, 922, 926]",7/6 successful match,True,,False,117,False,,1.0,True,Sunmart # 979 ( Texaco ),Texaco
"Tremonton , 84337 Golden Spike Travel Plaza ( Chevron )",435-257-7249 I-84 Exit 40 ( 24.10 W UT 30 ),MOO S <U+2610>,Tremonton,84337,Golden Spike Travel Plaza ( Chevron ),435-257-7249,2006,Tremonton,UT,Chevron,( 24.10 W UT 30 ),I-84 Exit 40 ,Exit,40,False,,False,I-84,,,,,"[875, 423]","[423, 465, 474, 875, 912, 922]","[423, 465, 875, 912]","[421, 423, 459, 465, 479, 873, 875, 906, 912, 930]","[398, 399, 400, 401, 402, 403, 404, 405, 406, 407, 408, 409, 410, 411, 412, 413, 414, 415, 416, 417, 418, 419, 420, 421, 422, 423, 424, 425, 426, 427, 428, 429, 430, 431, 432, 433, 434, 435, 436, 437, 438, 439, 440, 441, 442, 443, 444, 445, 446, 447, 448, 449, 450, 451, 452, 453, 454, 455, 456, 457, 458, 459, 460, 461, 462, 463, 464, 465, 466, 467, 468, 469, 470, 471, 472, 473, 474, 475, 476, 477, 478, 479, 480, 481, 482, 483, 484, 848, 849, 850, 851, 852, 853, 854, 855, 856, 857, 858, 859, 860, 861, 862, 863, 864, 865, 866, 867, 868, 869, 870, 871, 872, 873, 874, 875, 876, 877, 878, 879, 880, 881, 882, 883, 884, 885, 886, 887, 888, 889, 890, 891, 892, 893, 894, 895, 896, 897, 898, 899, 900, 901, 902, 903, 904, 905, 906, 907, 908, 909, 910, 911, 912, 913, 914, 915, 916, 917, 918, 919, 920, 921, 922, 923, 924, 925, 926, 927, 928, 929, 930, 931, 932, 933, 934, 935]","[402, 416, 422, 423, 465, 851, 867, 874, 875, 912]","[12, 24, 25, 28, 88, 100, 104, 119, 123, 129, 136, 137, 139, 140, 141, 148, 155, 169, 172, 179, 183, 185, 188, 196, 198, 217, 237, 267, 270, 278, 319, 321, 324, 325, 330, 334, 335, 354, 366, 369, 380, 383, 384, 386, 395, 407, 411, 423, 428, 436, 437, 452, 453, 456, 467, 471, 477, 478, 479, 497, 508, 511, 559, 571, 575, 590, 594, 600, 607, 608, 610, 611, 612, 619, 627, 640, 643, 650, 654, 656, 659, 667, 669, 685, 701, 726, 729, 737, 777, 779, 782, 783, 787, 790, 791, 809, 817, 819, 830, 833, 834, 836, 845, 856, 857, 860, 862, 875, 880, 887, 888, 899, 900, 914, 918, 921, 928, 929, 930]","[12, 24, 25, 28, 88, 100, 104, 119, 123, 129, 136, 137, 139, 140, 141, 148, 155, 169, 172, 174, 175, 176, 177, 178, 179, 183, 185, 188, 196, 198, 217, 237, 267, 270, 278, 319, 321, 324, 325, 330, 334, 335, 347, 348, 349, 350, 351, 352, 354, 366, 369, 380, 383, 384, 386, 395, 407, 411, 423, 428, 436, 437, 452, 453, 456, 467, 471, 477, 478, 479, 497, 508, 511, 559, 571, 575, 590, 594, 600, 607, 608, 610, 611, 612, 619, 627, 640, 643, 645, 646, 647, 648, 649, 650, 654, 656, 659, 667, 669, 685, 701, 726, 729, 737, 777, 779, 782, 783, 787, 790, 791, 802, 803, 804, 805, 806, 807, 809, 817, 819, 830, 833, 834, 836, 845, 856, 857, 860, 862, 875, 880, 887, 888, 899, 900, 914, 918, 921, 928, 929, 930]","[916, 917, 918, 12, 919, 920, 24, 25, 921, 28, 923, 924, 925, 559, 926, 383, 927, 571, 928, 575, 929, 931, 590, 932, 594, 933, 88, 600, 934, 607, 608, 935, 610, 611, 100, 612, 104, 619, 627, 119, 123, 640, 129, 643, 645, 646, 647, 136, 137, 650, 139, 140, 141, 654, 648, 656, 649, 659, 148, 155, 667, 669, 169, 172, 685, 174, 175, 176, 177, 178, 179, 183, 185, 188, 701, 380, 196, 198, 384, 347, 395, 726, 348, 217, 729, 349, 737, 350, 351, 352, 237, 354, 777, 267, 779, 270, 782, 783, 787, 278, 790, 791, 802, 803, 804, 805, 806, 807, 809, 817, 366, 819, 830, 319, 321, 369, 833, 324, 325, 834, 836, 330, 845, 334, 335, 848, 849, 850, 851, 852, 853, 854, 855, 856, 857, 858, 859, 860, 861, 862, 863, 864, 865, 866, 867, 868, 869, 870, 871, 872, 873, 874, 875, 876, 877, 878, 879, 880, 881, 882, 883, 884, 885, 886, 887, 888, 889, 890, 891, 892, 893, 894, 895, 896, 897, 898, 899, 900, 901, 902, 903, 904, 905, 906, 907, 908, 909, 398, 399, 912, 400, 401, 402, 403, 404, 405, 406, 407, 408, 922, 409, 410, 411, 412, 413, 414, 415, 930, 416, 417, 421, 418, 423, 419, 420, 422, 424, 425, 426, 427, 428, 429, 430, 431, 432, 433, 434, 435, 436, 437, 438, 439, 440, 441, 442, 443, 444, 445, 446, 447, 448, 449, 450, 451, 452, 453, 454, 455, 459, 456, 457, 458, 460, 461, 465, 462, 463, 464, 466, 467, 468, 469, 470, 474, 471, 472, 473, 475, 479, 476, 477, 478, 480, 481, 482, 483, 484, 910, 911, 508, 497, 913, 386, 914, 915, 511]",True,"[423, 465, 474, 875, 912, 922]","[398, 399, 400, 401, 402, 403, 404, 405, 406, 407, 408, 409, 410, 411, 412, 413, 414, 415, 416, 417, 418, 419, 420, 421, 422, 423, 424, 425, 426, 427, 428, 429, 430, 431, 432, 433, 434, 435, 436, 437, 438, 439, 440, 441, 442, 443, 444, 445, 446, 447, 448, 449, 450, 451, 452, 453, 454, 455, 456, 457, 458, 459, 460, 461, 462, 463, 464, 465, 466, 467, 468, 469, 470, 471, 472, 473, 474, 475, 476, 477, 478, 479, 480, 481, 482, 483, 484, 848, 849, 850, 851, 852, 853, 854, 855, 856, 857, 858, 859, 860, 861, 862, 863, 864, 865, 866, 867, 868, 869, 870, 871, 872, 873, 874, 875, 876, 877, 878, 879, 880, 881, 882, 883, 884, 885, 886, 887, 888, 889, 890, 891, 892, 893, 894, 895, 896, 897, 898, 899, 900, 901, 902, 903, 904, 905, 906, 907, 908, 909, 910, 911, 912, 913, 914, 915, 916, 917, 918, 919, 920, 921, 922, 923, 924, 925, 926, 927, 928, 929, 930, 931, 932, 933, 934, 935]","[423, 465, 875, 912]","[421, 423, 459, 465, 479, 873, 875, 906, 912, 930]","[402, 416, 422, 423, 465, 851, 867, 874, 875, 912]","[12, 24, 25, 28, 88, 100, 104, 119, 123, 129, 136, 137, 139, 140, 141, 148, 155, 169, 172, 174, 175, 176, 177, 178, 179, 183, 185, 188, 196, 198, 217, 237, 267, 270, 278, 319, 321, 324, 325, 330, 334, 335, 347, 348, 349, 350, 351, 352, 354, 366, 369, 380, 383, 384, 386, 395, 407, 411, 423, 428, 436, 437, 452, 453, 456, 467, 471, 477, 478, 479, 497, 508, 511, 559, 571, 575, 590, 594, 600, 607, 608, 610, 611, 612, 619, 627, 640, 643, 645, 646, 647, 648, 649, 650, 654, 656, 659, 667, 669, 685, 701, 726, 729, 737, 777, 779, 782, 783, 787, 790, 791, 802, 803, 804, 805, 806, 807, 809, 817, 819, 830, 833, 834, 836, 845, 856, 857, 860, 862, 875, 880, 887, 888, 899, 900, 914, 918, 921, 928, 929, 930]","[12, 24, 25, 28, 88, 100, 104, 119, 123, 129, 136, 137, 139, 140, 141, 148, 155, 169, 172, 179, 183, 185, 188, 196, 198, 217, 237, 267, 270, 278, 319, 321, 324, 325, 330, 334, 335, 354, 366, 369, 380, 383, 384, 386, 395, 407, 411, 423, 428, 436, 437, 452, 453, 456, 467, 471, 477, 478, 479, 497, 508, 511, 559, 571, 575, 590, 594, 600, 607, 608, 610, 611, 612, 619, 627, 640, 643, 650, 654, 656, 659, 667, 669, 685, 701, 726, 729, 737, 777, 779, 782, 783, 787, 790, 791, 809, 817, 819, 830, 833, 834, 836, 845, 856, 857, 860, 862, 875, 880, 887, 888, 899, 900, 914, 918, 921, 928, 929, 930]",7/6 successful match,True,[38],True,118,False,,,,,
"Tremonton , 84337 Golden Spike Travel Plaza ( Chevron )",C 3435-257-7249 I-84 Exit 40 ( 2410 W UT 30 ),) 24 MOO,Tremonton,84337,Golden Spike Travel Plaza ( Chevron ),435-257-7249,2007,Tremonton,UT,Chevron,( 2410 W UT 30 ),I-84 Exit 40 ,Exit,40,False,,False,I-84,,,,,"[875, 423]","[423, 465, 474, 875, 912, 922]","[423, 465, 875, 912]","[421, 423, 459, 465, 479, 873, 875, 906, 912, 930]","[398, 399, 400, 401, 402, 403, 404, 405, 406, 407, 408, 409, 410, 411, 412, 413, 414, 415, 416, 417, 418, 419, 420, 421, 422, 423, 424, 425, 426, 427, 428, 429, 430, 431, 432, 433, 434, 435, 436, 437, 438, 439, 440, 441, 442, 443, 444, 445, 446, 447, 448, 449, 450, 451, 452, 453, 454, 455, 456, 457, 458, 459, 460, 461, 462, 463, 464, 465, 466, 467, 468, 469, 470, 471, 472, 473, 474, 475, 476, 477, 478, 479, 480, 481, 482, 483, 484, 848, 849, 850, 851, 852, 853, 854, 855, 856, 857, 858, 859, 860, 861, 862, 863, 864, 865, 866, 867, 868, 869, 870, 871, 872, 873, 874, 875, 876, 877, 878, 879, 880, 881, 882, 883, 884, 885, 886, 887, 888, 889, 890, 891, 892, 893, 894, 895, 896, 897, 898, 899, 900, 901, 902, 903, 904, 905, 906, 907, 908, 909, 910, 911, 912, 913, 914, 915, 916, 917, 918, 919, 920, 921, 922, 923, 924, 925, 926, 927, 928, 929, 930, 931, 932, 933, 934, 935]","[402, 416, 422, 423, 465, 851, 867, 874, 875, 912]","[12, 24, 25, 28, 88, 100, 104, 119, 123, 129, 136, 137, 139, 140, 141, 148, 155, 169, 172, 179, 183, 185, 188, 196, 198, 217, 237, 267, 270, 278, 319, 321, 324, 325, 330, 334, 335, 354, 366, 369, 380, 383, 384, 386, 395, 407, 411, 423, 428, 436, 437, 452, 453, 456, 467, 471, 477, 478, 479, 497, 508, 511, 559, 571, 575, 590, 594, 600, 607, 608, 610, 611, 612, 619, 627, 640, 643, 650, 654, 656, 659, 667, 669, 685, 701, 726, 729, 737, 777, 779, 782, 783, 787, 790, 791, 809, 817, 819, 830, 833, 834, 836, 845, 856, 857, 860, 862, 875, 880, 887, 888, 899, 900, 914, 918, 921, 928, 929, 930]","[12, 24, 25, 28, 88, 100, 104, 119, 123, 129, 136, 137, 139, 140, 141, 148, 155, 169, 172, 174, 175, 176, 177, 178, 179, 183, 185, 188, 196, 198, 217, 237, 267, 270, 278, 319, 321, 324, 325, 330, 334, 335, 347, 348, 349, 350, 351, 352, 354, 366, 369, 380, 383, 384, 386, 395, 407, 411, 423, 428, 436, 437, 452, 453, 456, 467, 471, 477, 478, 479, 497, 508, 511, 559, 571, 575, 590, 594, 600, 607, 608, 610, 611, 612, 619, 627, 640, 643, 645, 646, 647, 648, 649, 650, 654, 656, 659, 667, 669, 685, 701, 726, 729, 737, 777, 779, 782, 783, 787, 790, 791, 802, 803, 804, 805, 806, 807, 809, 817, 819, 830, 833, 834, 836, 845, 856, 857, 860, 862, 875, 880, 887, 888, 899, 900, 914, 918, 921, 928, 929, 930]","[916, 917, 918, 12, 919, 920, 24, 25, 921, 28, 923, 924, 925, 559, 926, 383, 927, 571, 928, 575, 929, 931, 590, 932, 594, 933, 88, 600, 934, 607, 608, 935, 610, 611, 100, 612, 104, 619, 627, 119, 123, 640, 129, 643, 645, 646, 647, 136, 137, 650, 139, 140, 141, 654, 648, 656, 649, 659, 148, 155, 667, 669, 169, 172, 685, 174, 175, 176, 177, 178, 179, 183, 185, 188, 701, 380, 196, 198, 384, 347, 395, 726, 348, 217, 729, 349, 737, 350, 351, 352, 237, 354, 777, 267, 779, 270, 782, 783, 787, 278, 790, 791, 802, 803, 804, 805, 806, 807, 809, 817, 366, 819, 830, 319, 321, 369, 833, 324, 325, 834, 836, 330, 845, 334, 335, 848, 849, 850, 851, 852, 853, 854, 855, 856, 857, 858, 859, 860, 861, 862, 863, 864, 865, 866, 867, 868, 869, 870, 871, 872, 873, 874, 875, 876, 877, 878, 879, 880, 881, 882, 883, 884, 885, 886, 887, 888, 889, 890, 891, 892, 893, 894, 895, 896, 897, 898, 899, 900, 901, 902, 903, 904, 905, 906, 907, 908, 909, 398, 399, 912, 400, 401, 402, 403, 404, 405, 406, 407, 408, 922, 409, 410, 411, 412, 413, 414, 415, 930, 416, 417, 421, 418, 423, 419, 420, 422, 424, 425, 426, 427, 428, 429, 430, 431, 432, 433, 434, 435, 436, 437, 438, 439, 440, 441, 442, 443, 444, 445, 446, 447, 448, 449, 450, 451, 452, 453, 454, 455, 459, 456, 457, 458, 460, 461, 465, 462, 463, 464, 466, 467, 468, 469, 470, 474, 471, 472, 473, 475, 479, 476, 477, 478, 480, 481, 482, 483, 484, 910, 911, 508, 497, 913, 386, 914, 915, 511]",True,"[423, 465, 474, 875, 912, 922]","[398, 399, 400, 401, 402, 403, 404, 405, 406, 407, 408, 409, 410, 411, 412, 413, 414, 415, 416, 417, 418, 419, 420, 421, 422, 423, 424, 425, 426, 427, 428, 429, 430, 431, 432, 433, 434, 435, 436, 437, 438, 439, 440, 441, 442, 443, 444, 445, 446, 447, 448, 449, 450, 451, 452, 453, 454, 455, 456, 457, 458, 459, 460, 461, 462, 463, 464, 465, 466, 467, 468, 469, 470, 471, 472, 473, 474, 475, 476, 477, 478, 479, 480, 481, 482, 483, 484, 848, 849, 850, 851, 852, 853, 854, 855, 856, 857, 858, 859, 860, 861, 862, 863, 864, 865, 866, 867, 868, 869, 870, 871, 872, 873, 874, 875, 876, 877, 878, 879, 880, 881, 882, 883, 884, 885, 886, 887, 888, 889, 890, 891, 892, 893, 894, 895, 896, 897, 898, 899, 900, 901, 902, 903, 904, 905, 906, 907, 908, 909, 910, 911, 912, 913, 914, 915, 916, 917, 918, 919, 920, 921, 922, 923, 924, 925, 926, 927, 928, 929, 930, 931, 932, 933, 934, 935]","[423, 465, 875, 912]","[421, 423, 459, 465, 479, 873, 875, 906, 912, 930]","[402, 416, 422, 423, 465, 851, 867, 874, 875, 912]","[12, 24, 25, 28, 88, 100, 104, 119, 123, 129, 136, 137, 139, 140, 141, 148, 155, 169, 172, 174, 175, 176, 177, 178, 179, 183, 185, 188, 196, 198, 217, 237, 267, 270, 278, 319, 321, 324, 325, 330, 334, 335, 347, 348, 349, 350, 351, 352, 354, 366, 369, 380, 383, 384, 386, 395, 407, 411, 423, 428, 436, 437, 452, 453, 456, 467, 471, 477, 478, 479, 497, 508, 511, 559, 571, 575, 590, 594, 600, 607, 608, 610, 611, 612, 619, 627, 640, 643, 645, 646, 647, 648, 649, 650, 654, 656, 659, 667, 669, 685, 701, 726, 729, 737, 777, 779, 782, 783, 787, 790, 791, 802, 803, 804, 805, 806, 807, 809, 817, 819, 830, 833, 834, 836, 845, 856, 857, 860, 862, 875, 880, 887, 888, 899, 900, 914, 918, 921, 928, 929, 930]","[12, 24, 25, 28, 88, 100, 104, 119, 123, 129, 136, 137, 139, 140, 141, 148, 155, 169, 172, 179, 183, 185, 188, 196, 198, 217, 237, 267, 270, 278, 319, 321, 324, 325, 330, 334, 335, 354, 366, 369, 380, 383, 384, 386, 395, 407, 411, 423, 428, 436, 437, 452, 453, 456, 467, 471, 477, 478, 479, 497, 508, 511, 559, 571, 575, 590, 594, 600, 607, 608, 610, 611, 612, 619, 627, 640, 643, 650, 654, 656, 659, 667, 669, 685, 701, 726, 729, 737, 777, 779, 782, 783, 787, 790, 791, 809, 817, 819, 830, 833, 834, 836, 845, 856, 857, 860, 862, 875, 880, 887, 888, 899, 900, 914, 918, 921, 928, 929, 930]",7/6 successful match,True,[38],True,118,False,,1.0,True,Golden Spike Travel Plaza ( Chevron ),Chevron
"C Tremonton , 84337 Golden Spike Travel Plaza ( Chevron )",435-257-7249 I-84 Exit 40 ( UT 102 E ),) 00 24 : 3 M 00,Tremonton,84337,Golden Spike Travel Plaza ( Chevron ),435-257-7249,2008,Tremonton,UT,Chevron,( UT 102 E ),I-84 Exit 40 ,Exit,40,False,,False,I-84,,,,,"[875, 423]","[423, 465, 474, 875, 912, 922]","[423, 465, 875, 912]","[421, 423, 459, 465, 479, 873, 875, 906, 912, 930]","[398, 399, 400, 401, 402, 403, 404, 405, 406, 407, 408, 409, 410, 411, 412, 413, 414, 415, 416, 417, 418, 419, 420, 421, 422, 423, 424, 425, 426, 427, 428, 429, 430, 431, 432, 433, 434, 435, 436, 437, 438, 439, 440, 441, 442, 443, 444, 445, 446, 447, 448, 449, 450, 451, 452, 453, 454, 455, 456, 457, 458, 459, 460, 461, 462, 463, 464, 465, 466, 467, 468, 469, 470, 471, 472, 473, 474, 475, 476, 477, 478, 479, 480, 481, 482, 483, 484, 848, 849, 850, 851, 852, 853, 854, 855, 856, 857, 858, 859, 860, 861, 862, 863, 864, 865, 866, 867, 868, 869, 870, 871, 872, 873, 874, 875, 876, 877, 878, 879, 880, 881, 882, 883, 884, 885, 886, 887, 888, 889, 890, 891, 892, 893, 894, 895, 896, 897, 898, 899, 900, 901, 902, 903, 904, 905, 906, 907, 908, 909, 910, 911, 912, 913, 914, 915, 916, 917, 918, 919, 920, 921, 922, 923, 924, 925, 926, 927, 928, 929, 930, 931, 932, 933, 934, 935]","[402, 416, 422, 423, 465, 851, 867, 874, 875, 912]","[12, 24, 25, 28, 88, 100, 104, 119, 123, 129, 136, 137, 139, 140, 141, 148, 155, 169, 172, 179, 183, 185, 188, 196, 198, 217, 237, 267, 270, 278, 319, 321, 324, 325, 330, 334, 335, 354, 366, 369, 380, 383, 384, 386, 395, 407, 411, 423, 428, 436, 437, 452, 453, 456, 467, 471, 477, 478, 479, 497, 508, 511, 559, 571, 575, 590, 594, 600, 607, 608, 610, 611, 612, 619, 627, 640, 643, 650, 654, 656, 659, 667, 669, 685, 701, 726, 729, 737, 777, 779, 782, 783, 787, 790, 791, 809, 817, 819, 830, 833, 834, 836, 845, 856, 857, 860, 862, 875, 880, 887, 888, 899, 900, 914, 918, 921, 928, 929, 930]","[12, 24, 25, 28, 88, 100, 104, 119, 123, 129, 136, 137, 139, 140, 141, 148, 155, 169, 172, 174, 175, 176, 177, 178, 179, 183, 185, 188, 196, 198, 217, 237, 267, 270, 278, 319, 321, 324, 325, 330, 334, 335, 347, 348, 349, 350, 351, 352, 354, 366, 369, 380, 383, 384, 386, 395, 407, 411, 423, 428, 436, 437, 452, 453, 456, 467, 471, 477, 478, 479, 497, 508, 511, 559, 571, 575, 590, 594, 600, 607, 608, 610, 611, 612, 619, 627, 640, 643, 645, 646, 647, 648, 649, 650, 654, 656, 659, 667, 669, 685, 701, 726, 729, 737, 777, 779, 782, 783, 787, 790, 791, 802, 803, 804, 805, 806, 807, 809, 817, 819, 830, 833, 834, 836, 845, 856, 857, 860, 862, 875, 880, 887, 888, 899, 900, 914, 918, 921, 928, 929, 930]","[916, 917, 918, 12, 919, 920, 24, 25, 921, 28, 923, 924, 925, 559, 926, 383, 927, 571, 928, 575, 929, 931, 590, 932, 594, 933, 88, 600, 934, 607, 608, 935, 610, 611, 100, 612, 104, 619, 627, 119, 123, 640, 129, 643, 645, 646, 647, 136, 137, 650, 139, 140, 141, 654, 648, 656, 649, 659, 148, 155, 667, 669, 169, 172, 685, 174, 175, 176, 177, 178, 179, 183, 185, 188, 701, 380, 196, 198, 384, 347, 395, 726, 348, 217, 729, 349, 737, 350, 351, 352, 237, 354, 777, 267, 779, 270, 782, 783, 787, 278, 790, 791, 802, 803, 804, 805, 806, 807, 809, 817, 366, 819, 830, 319, 321, 369, 833, 324, 325, 834, 836, 330, 845, 334, 335, 848, 849, 850, 851, 852, 853, 854, 855, 856, 857, 858, 859, 860, 861, 862, 863, 864, 865, 866, 867, 868, 869, 870, 871, 872, 873, 874, 875, 876, 877, 878, 879, 880, 881, 882, 883, 884, 885, 886, 887, 888, 889, 890, 891, 892, 893, 894, 895, 896, 897, 898, 899, 900, 901, 902, 903, 904, 905, 906, 907, 908, 909, 398, 399, 912, 400, 401, 402, 403, 404, 405, 406, 407, 408, 922, 409, 410, 411, 412, 413, 414, 415, 930, 416, 417, 421, 418, 423, 419, 420, 422, 424, 425, 426, 427, 428, 429, 430, 431, 432, 433, 434, 435, 436, 437, 438, 439, 440, 441, 442, 443, 444, 445, 446, 447, 448, 449, 450, 451, 452, 453, 454, 455, 459, 456, 457, 458, 460, 461, 465, 462, 463, 464, 466, 467, 468, 469, 470, 474, 471, 472, 473, 475, 479, 476, 477, 478, 480, 481, 482, 483, 484, 910, 911, 508, 497, 913, 386, 914, 915, 511]",True,"[423, 465, 474, 875, 912, 922]","[398, 399, 400, 401, 402, 403, 404, 405, 406, 407, 408, 409, 410, 411, 412, 413, 414, 415, 416, 417, 418, 419, 420, 421, 422, 423, 424, 425, 426, 427, 428, 429, 430, 431, 432, 433, 434, 435, 436, 437, 438, 439, 440, 441, 442, 443, 444, 445, 446, 447, 448, 449, 450, 451, 452, 453, 454, 455, 456, 457, 458, 459, 460, 461, 462, 463, 464, 465, 466, 467, 468, 469, 470, 471, 472, 473, 474, 475, 476, 477, 478, 479, 480, 481, 482, 483, 484, 848, 849, 850, 851, 852, 853, 854, 855, 856, 857, 858, 859, 860, 861, 862, 863, 864, 865, 866, 867, 868, 869, 870, 871, 872, 873, 874, 875, 876, 877, 878, 879, 880, 881, 882, 883, 884, 885, 886, 887, 888, 889, 890, 891, 892, 893, 894, 895, 896, 897, 898, 899, 900, 901, 902, 903, 904, 905, 906, 907, 908, 909, 910, 911, 912, 913, 914, 915, 916, 917, 918, 919, 920, 921, 922, 923, 924, 925, 926, 927, 928, 929, 930, 931, 932, 933, 934, 935]","[423, 465, 875, 912]","[421, 423, 459, 465, 479, 873, 875, 906, 912, 930]","[402, 416, 422, 423, 465, 851, 867, 874, 875, 912]","[12, 24, 25, 28, 88, 100, 104, 119, 123, 129, 136, 137, 139, 140, 141, 148, 155, 169, 172, 174, 175, 176, 177, 178, 179, 183, 185, 188, 196, 198, 217, 237, 267, 270, 278, 319, 321, 324, 325, 330, 334, 335, 347, 348, 349, 350, 351, 352, 354, 366, 369, 380, 383, 384, 386, 395, 407, 411, 423, 428, 436, 437, 452, 453, 456, 467, 471, 477, 478, 479, 497, 508, 511, 559, 571, 575, 590, 594, 600, 607, 608, 610, 611, 612, 619, 627, 640, 643, 645, 646, 647, 648, 649, 650, 654, 656, 659, 667, 669, 685, 701, 726, 729, 737, 777, 779, 782, 783, 787, 790, 791, 802, 803, 804, 805, 806, 807, 809, 817, 819, 830, 833, 834, 836, 845, 856, 857, 860, 862, 875, 880, 887, 888, 899, 900, 914, 918, 921, 928, 929, 930]","[12, 24, 25, 28, 88, 100, 104, 119, 123, 129, 136, 137, 139, 140, 141, 148, 155, 169, 172, 179, 183, 185, 188, 196, 198, 217, 237, 267, 270, 278, 319, 321, 324, 325, 330, 334, 335, 354, 366, 369, 380, 383, 384, 386, 395, 407, 411, 423, 428, 436, 437, 452, 453, 456, 467, 471, 477, 478, 479, 497, 508, 511, 559, 571, 575, 590, 594, 600, 607, 608, 610, 611, 612, 619, 627, 640, 643, 650, 654, 656, 659, 667, 669, 685, 701, 726, 729, 737, 777, 779, 782, 783, 787, 790, 791, 809, 817, 819, 830, 833, 834, 836, 845, 856, 857, 860, 862, 875, 880, 887, 888, 899, 900, 914, 918, 921, 928, 929, 930]",7/6 successful match,True,[38],True,118,False,,1.0,True,Golden Spike Travel Plaza ( Chevron ),Chevron
C Tremonton ( 84337 ) Golden Spike Travel Plaza ( Chevron ),435-257-7249 I-84 Exit 40 ( UT 102 E ),24 S,Tremonton,84337,Golden Spike Travel Plaza ( Chevron ),435-257-7249,2014,Tremonton,UT,Chevron,( UT 102 E ),I-84 Exit 40 ,Exit,40,False,,False,I-84,,,,,"[875, 423]","[423, 465, 474, 875, 912, 922]","[423, 465, 875, 912]","[421, 423, 459, 465, 479, 873, 875, 906, 912, 930]","[398, 399, 400, 401, 402, 403, 404, 405, 406, 407, 408, 409, 410, 411, 412, 413, 414, 415, 416, 417, 418, 419, 420, 421, 422, 423, 424, 425, 426, 427, 428, 429, 430, 431, 432, 433, 434, 435, 436, 437, 438, 439, 440, 441, 442, 443, 444, 445, 446, 447, 448, 449, 450, 451, 452, 453, 454, 455, 456, 457, 458, 459, 460, 461, 462, 463, 464, 465, 466, 467, 468, 469, 470, 471, 472, 473, 474, 475, 476, 477, 478, 479, 480, 481, 482, 483, 484, 848, 849, 850, 851, 852, 853, 854, 855, 856, 857, 858, 859, 860, 861, 862, 863, 864, 865, 866, 867, 868, 869, 870, 871, 872, 873, 874, 875, 876, 877, 878, 879, 880, 881, 882, 883, 884, 885, 886, 887, 888, 889, 890, 891, 892, 893, 894, 895, 896, 897, 898, 899, 900, 901, 902, 903, 904, 905, 906, 907, 908, 909, 910, 911, 912, 913, 914, 915, 916, 917, 918, 919, 920, 921, 922, 923, 924, 925, 926, 927, 928, 929, 930, 931, 932, 933, 934, 935]","[402, 416, 422, 423, 465, 851, 867, 874, 875, 912]","[12, 24, 25, 28, 88, 100, 104, 119, 123, 129, 136, 137, 139, 140, 141, 148, 155, 169, 172, 179, 183, 185, 188, 196, 198, 217, 237, 267, 270, 278, 319, 321, 324, 325, 330, 334, 335, 354, 366, 369, 380, 383, 384, 386, 395, 407, 411, 423, 428, 436, 437, 452, 453, 456, 467, 471, 477, 478, 479, 497, 508, 511, 559, 571, 575, 590, 594, 600, 607, 608, 610, 611, 612, 619, 627, 640, 643, 650, 654, 656, 659, 667, 669, 685, 701, 726, 729, 737, 777, 779, 782, 783, 787, 790, 791, 809, 817, 819, 830, 833, 834, 836, 845, 856, 857, 860, 862, 875, 880, 887, 888, 899, 900, 914, 918, 921, 928, 929, 930]","[12, 24, 25, 28, 88, 100, 104, 119, 123, 129, 136, 137, 139, 140, 141, 148, 155, 169, 172, 174, 175, 176, 177, 178, 179, 183, 185, 188, 196, 198, 217, 237, 267, 270, 278, 319, 321, 324, 325, 330, 334, 335, 347, 348, 349, 350, 351, 352, 354, 366, 369, 380, 383, 384, 386, 395, 407, 411, 423, 428, 436, 437, 452, 453, 456, 467, 471, 477, 478, 479, 497, 508, 511, 559, 571, 575, 590, 594, 600, 607, 608, 610, 611, 612, 619, 627, 640, 643, 645, 646, 647, 648, 649, 650, 654, 656, 659, 667, 669, 685, 701, 726, 729, 737, 777, 779, 782, 783, 787, 790, 791, 802, 803, 804, 805, 806, 807, 809, 817, 819, 830, 833, 834, 836, 845, 856, 857, 860, 862, 875, 880, 887, 888, 899, 900, 914, 918, 921, 928, 929, 930]","[916, 917, 918, 12, 919, 920, 24, 25, 921, 28, 923, 924, 925, 559, 926, 383, 927, 571, 928, 575, 929, 931, 590, 932, 594, 933, 88, 600, 934, 607, 608, 935, 610, 611, 100, 612, 104, 619, 627, 119, 123, 640, 129, 643, 645, 646, 647, 136, 137, 650, 139, 140, 141, 654, 648, 656, 649, 659, 148, 155, 667, 669, 169, 172, 685, 174, 175, 176, 177, 178, 179, 183, 185, 188, 701, 380, 196, 198, 384, 347, 395, 726, 348, 217, 729, 349, 737, 350, 351, 352, 237, 354, 777, 267, 779, 270, 782, 783, 787, 278, 790, 791, 802, 803, 804, 805, 806, 807, 809, 817, 366, 819, 830, 319, 321, 369, 833, 324, 325, 834, 836, 330, 845, 334, 335, 848, 849, 850, 851, 852, 853, 854, 855, 856, 857, 858, 859, 860, 861, 862, 863, 864, 865, 866, 867, 868, 869, 870, 871, 872, 873, 874, 875, 876, 877, 878, 879, 880, 881, 882, 883, 884, 885, 886, 887, 888, 889, 890, 891, 892, 893, 894, 895, 896, 897, 898, 899, 900, 901, 902, 903, 904, 905, 906, 907, 908, 909, 398, 399, 912, 400, 401, 402, 403, 404, 405, 406, 407, 408, 922, 409, 410, 411, 412, 413, 414, 415, 930, 416, 417, 421, 418, 423, 419, 420, 422, 424, 425, 426, 427, 428, 429, 430, 431, 432, 433, 434, 435, 436, 437, 438, 439, 440, 441, 442, 443, 444, 445, 446, 447, 448, 449, 450, 451, 452, 453, 454, 455, 459, 456, 457, 458, 460, 461, 465, 462, 463, 464, 466, 467, 468, 469, 470, 474, 471, 472, 473, 475, 479, 476, 477, 478, 480, 481, 482, 483, 484, 910, 911, 508, 497, 913, 386, 914, 915, 511]",True,"[423, 465, 474, 875, 912, 922]","[398, 399, 400, 401, 402, 403, 404, 405, 406, 407, 408, 409, 410, 411, 412, 413, 414, 415, 416, 417, 418, 419, 420, 421, 422, 423, 424, 425, 426, 427, 428, 429, 430, 431, 432, 433, 434, 435, 436, 437, 438, 439, 440, 441, 442, 443, 444, 445, 446, 447, 448, 449, 450, 451, 452, 453, 454, 455, 456, 457, 458, 459, 460, 461, 462, 463, 464, 465, 466, 467, 468, 469, 470, 471, 472, 473, 474, 475, 476, 477, 478, 479, 480, 481, 482, 483, 484, 848, 849, 850, 851, 852, 853, 854, 855, 856, 857, 858, 859, 860, 861, 862, 863, 864, 865, 866, 867, 868, 869, 870, 871, 872, 873, 874, 875, 876, 877, 878, 879, 880, 881, 882, 883, 884, 885, 886, 887, 888, 889, 890, 891, 892, 893, 894, 895, 896, 897, 898, 899, 900, 901, 902, 903, 904, 905, 906, 907, 908, 909, 910, 911, 912, 913, 914, 915, 916, 917, 918, 919, 920, 921, 922, 923, 924, 925, 926, 927, 928, 929, 930, 931, 932, 933, 934, 935]","[423, 465, 875, 912]","[421, 423, 459, 465, 479, 873, 875, 906, 912, 930]","[402, 416, 422, 423, 465, 851, 867, 874, 875, 912]","[12, 24, 25, 28, 88, 100, 104, 119, 123, 129, 136, 137, 139, 140, 141, 148, 155, 169, 172, 174, 175, 176, 177, 178, 179, 183, 185, 188, 196, 198, 217, 237, 267, 270, 278, 319, 321, 324, 325, 330, 334, 335, 347, 348, 349, 350, 351, 352, 354, 366, 369, 380, 383, 384, 386, 395, 407, 411, 423, 428, 436, 437, 452, 453, 456, 467, 471, 477, 478, 479, 497, 508, 511, 559, 571, 575, 590, 594, 600, 607, 608, 610, 611, 612, 619, 627, 640, 643, 645, 646, 647, 648, 649, 650, 654, 656, 659, 667, 669, 685, 701, 726, 729, 737, 777, 779, 782, 783, 787, 790, 791, 802, 803, 804, 805, 806, 807, 809, 817, 819, 830, 833, 834, 836, 845, 856, 857, 860, 862, 875, 880, 887, 888, 899, 900, 914, 918, 921, 928, 929, 930]","[12, 24, 25, 28, 88, 100, 104, 119, 123, 129, 136, 137, 139, 140, 141, 148, 155, 169, 172, 179, 183, 185, 188, 196, 198, 217, 237, 267, 270, 278, 319, 321, 324, 325, 330, 334, 335, 354, 366, 369, 380, 383, 384, 386, 395, 407, 411, 423, 428, 436, 437, 452, 453, 456, 467, 471, 477, 478, 479, 497, 508, 511, 559, 571, 575, 590, 594, 600, 607, 608, 610, 611, 612, 619, 627, 640, 643, 650, 654, 656, 659, 667, 669, 685, 701, 726, 729, 737, 777, 779, 782, 783, 787, 790, 791, 809, 817, 819, 830, 833, 834, 836, 845, 856, 857, 860, 862, 875, 880, 887, 888, 899, 900, 914, 918, 921, 928, 929, 930]",7/6 successful match,True,[38],True,118,False,,1.0,True,Golden Spike Travel Plaza ( Chevron ),Chevron
Tremonton ( 84337 ) Golden Spike Travel Plaza ( Chevron ),3 435-257-7249 I-84 Exit 40 ( UT 102 E ),24 SO,Tremonton,84337,Golden Spike Travel Plaza ( Chevron ),435-257-7249,2015,Tremonton,UT,Chevron,( UT 102 E ),I-84 Exit 40 ,Exit,40,False,,False,I-84,,,,,"[875, 423]","[423, 465, 474, 875, 912, 922]","[423, 465, 875, 912]","[421, 423, 459, 465, 479, 873, 875, 906, 912, 930]","[398, 399, 400, 401, 402, 403, 404, 405, 406, 407, 408, 409, 410, 411, 412, 413, 414, 415, 416, 417, 418, 419, 420, 421, 422, 423, 424, 425, 426, 427, 428, 429, 430, 431, 432, 433, 434, 435, 436, 437, 438, 439, 440, 441, 442, 443, 444, 445, 446, 447, 448, 449, 450, 451, 452, 453, 454, 455, 456, 457, 458, 459, 460, 461, 462, 463, 464, 465, 466, 467, 468, 469, 470, 471, 472, 473, 474, 475, 476, 477, 478, 479, 480, 481, 482, 483, 484, 848, 849, 850, 851, 852, 853, 854, 855, 856, 857, 858, 859, 860, 861, 862, 863, 864, 865, 866, 867, 868, 869, 870, 871, 872, 873, 874, 875, 876, 877, 878, 879, 880, 881, 882, 883, 884, 885, 886, 887, 888, 889, 890, 891, 892, 893, 894, 895, 896, 897, 898, 899, 900, 901, 902, 903, 904, 905, 906, 907, 908, 909, 910, 911, 912, 913, 914, 915, 916, 917, 918, 919, 920, 921, 922, 923, 924, 925, 926, 927, 928, 929, 930, 931, 932, 933, 934, 935]","[402, 416, 422, 423, 465, 851, 867, 874, 875, 912]","[12, 24, 25, 28, 88, 100, 104, 119, 123, 129, 136, 137, 139, 140, 141, 148, 155, 169, 172, 179, 183, 185, 188, 196, 198, 217, 237, 267, 270, 278, 319, 321, 324, 325, 330, 334, 335, 354, 366, 369, 380, 383, 384, 386, 395, 407, 411, 423, 428, 436, 437, 452, 453, 456, 467, 471, 477, 478, 479, 497, 508, 511, 559, 571, 575, 590, 594, 600, 607, 608, 610, 611, 612, 619, 627, 640, 643, 650, 654, 656, 659, 667, 669, 685, 701, 726, 729, 737, 777, 779, 782, 783, 787, 790, 791, 809, 817, 819, 830, 833, 834, 836, 845, 856, 857, 860, 862, 875, 880, 887, 888, 899, 900, 914, 918, 921, 928, 929, 930]","[12, 24, 25, 28, 88, 100, 104, 119, 123, 129, 136, 137, 139, 140, 141, 148, 155, 169, 172, 174, 175, 176, 177, 178, 179, 183, 185, 188, 196, 198, 217, 237, 267, 270, 278, 319, 321, 324, 325, 330, 334, 335, 347, 348, 349, 350, 351, 352, 354, 366, 369, 380, 383, 384, 386, 395, 407, 411, 423, 428, 436, 437, 452, 453, 456, 467, 471, 477, 478, 479, 497, 508, 511, 559, 571, 575, 590, 594, 600, 607, 608, 610, 611, 612, 619, 627, 640, 643, 645, 646, 647, 648, 649, 650, 654, 656, 659, 667, 669, 685, 701, 726, 729, 737, 777, 779, 782, 783, 787, 790, 791, 802, 803, 804, 805, 806, 807, 809, 817, 819, 830, 833, 834, 836, 845, 856, 857, 860, 862, 875, 880, 887, 888, 899, 900, 914, 918, 921, 928, 929, 930]","[916, 917, 918, 12, 919, 920, 24, 25, 921, 28, 923, 924, 925, 559, 926, 383, 927, 571, 928, 575, 929, 931, 590, 932, 594, 933, 88, 600, 934, 607, 608, 935, 610, 611, 100, 612, 104, 619, 627, 119, 123, 640, 129, 643, 645, 646, 647, 136, 137, 650, 139, 140, 141, 654, 648, 656, 649, 659, 148, 155, 667, 669, 169, 172, 685, 174, 175, 176, 177, 178, 179, 183, 185, 188, 701, 380, 196, 198, 384, 347, 395, 726, 348, 217, 729, 349, 737, 350, 351, 352, 237, 354, 777, 267, 779, 270, 782, 783, 787, 278, 790, 791, 802, 803, 804, 805, 806, 807, 809, 817, 366, 819, 830, 319, 321, 369, 833, 324, 325, 834, 836, 330, 845, 334, 335, 848, 849, 850, 851, 852, 853, 854, 855, 856, 857, 858, 859, 860, 861, 862, 863, 864, 865, 866, 867, 868, 869, 870, 871, 872, 873, 874, 875, 876, 877, 878, 879, 880, 881, 882, 883, 884, 885, 886, 887, 888, 889, 890, 891, 892, 893, 894, 895, 896, 897, 898, 899, 900, 901, 902, 903, 904, 905, 906, 907, 908, 909, 398, 399, 912, 400, 401, 402, 403, 404, 405, 406, 407, 408, 922, 409, 410, 411, 412, 413, 414, 415, 930, 416, 417, 421, 418, 423, 419, 420, 422, 424, 425, 426, 427, 428, 429, 430, 431, 432, 433, 434, 435, 436, 437, 438, 439, 440, 441, 442, 443, 444, 445, 446, 447, 448, 449, 450, 451, 452, 453, 454, 455, 459, 456, 457, 458, 460, 461, 465, 462, 463, 464, 466, 467, 468, 469, 470, 474, 471, 472, 473, 475, 479, 476, 477, 478, 480, 481, 482, 483, 484, 910, 911, 508, 497, 913, 386, 914, 915, 511]",True,"[423, 465, 474, 875, 912, 922]","[398, 399, 400, 401, 402, 403, 404, 405, 406, 407, 408, 409, 410, 411, 412, 413, 414, 415, 416, 417, 418, 419, 420, 421, 422, 423, 424, 425, 426, 427, 428, 429, 430, 431, 432, 433, 434, 435, 436, 437, 438, 439, 440, 441, 442, 443, 444, 445, 446, 447, 448, 449, 450, 451, 452, 453, 454, 455, 456, 457, 458, 459, 460, 461, 462, 463, 464, 465, 466, 467, 468, 469, 470, 471, 472, 473, 474, 475, 476, 477, 478, 479, 480, 481, 482, 483, 484, 848, 849, 850, 851, 852, 853, 854, 855, 856, 857, 858, 859, 860, 861, 862, 863, 864, 865, 866, 867, 868, 869, 870, 871, 872, 873, 874, 875, 876, 877, 878, 879, 880, 881, 882, 883, 884, 885, 886, 887, 888, 889, 890, 891, 892, 893, 894, 895, 896, 897, 898, 899, 900, 901, 902, 903, 904, 905, 906, 907, 908, 909, 910, 911, 912, 913, 914, 915, 916, 917, 918, 919, 920, 921, 922, 923, 924, 925, 926, 927, 928, 929, 930, 931, 932, 933, 934, 935]","[423, 465, 875, 912]","[421, 423, 459, 465, 479, 873, 875, 906, 912, 930]","[402, 416, 422, 423, 465, 851, 867, 874, 875, 912]","[12, 24, 25, 28, 88, 100, 104, 119, 123, 129, 136, 137, 139, 140, 141, 148, 155, 169, 172, 174, 175, 176, 177, 178, 179, 183, 185, 188, 196, 198, 217, 237, 267, 270, 278, 319, 321, 324, 325, 330, 334, 335, 347, 348, 349, 350, 351, 352, 354, 366, 369, 380, 383, 384, 386, 395, 407, 411, 423, 428, 436, 437, 452, 453, 456, 467, 471, 477, 478, 479, 497, 508, 511, 559, 571, 575, 590, 594, 600, 607, 608, 610, 611, 612, 619, 627, 640, 643, 645, 646, 647, 648, 649, 650, 654, 656, 659, 667, 669, 685, 701, 726, 729, 737, 777, 779, 782, 783, 787, 790, 791, 802, 803, 804, 805, 806, 807, 809, 817, 819, 830, 833, 834, 836, 845, 856, 857, 860, 862, 875, 880, 887, 888, 899, 900, 914, 918, 921, 928, 929, 930]","[12, 24, 25, 28, 88, 100, 104, 119, 123, 129, 136, 137, 139, 140, 141, 148, 155, 169, 172, 179, 183, 185, 188, 196, 198, 217, 237, 267, 270, 278, 319, 321, 324, 325, 330, 334, 335, 354, 366, 369, 380, 383, 384, 386, 395, 407, 411, 423, 428, 436, 437, 452, 453, 456, 467, 471, 477, 478, 479, 497, 508, 511, 559, 571, 575, 590, 594, 600, 607, 608, 610, 611, 612, 619, 627, 640, 643, 650, 654, 656, 659, 667, 669, 685, 701, 726, 729, 737, 777, 779, 782, 783, 787, 790, 791, 809, 817, 819, 830, 833, 834, 836, 845, 856, 857, 860, 862, 875, 880, 887, 888, 899, 900, 914, 918, 921, 928, 929, 930]",7/6 successful match,True,[38],True,118,False,,1.0,True,Golden Spike Travel Plaza ( Chevron ),Chevron
C Tremonton ( 84337 ) Golden Spike Travel Plaza ( Chevron ),435-257-7249 I-84 Exit 40 ( UT 102 E ),24 SO,Tremonton,84337,Golden Spike Travel Plaza ( Chevron ),435-257-7249,2016,Tremonton,UT,Chevron,( UT 102 E ),I-84 Exit 40 ,Exit,40,False,,False,I-84,,,,,"[875, 423]","[423, 465, 474, 875, 912, 922]","[423, 465, 875, 912]","[421, 423, 459, 465, 479, 873, 875, 906, 912, 930]","[398, 399, 400, 401, 402, 403, 404, 405, 406, 407, 408, 409, 410, 411, 412, 413, 414, 415, 416, 417, 418, 419, 420, 421, 422, 423, 424, 425, 426, 427, 428, 429, 430, 431, 432, 433, 434, 435, 436, 437, 438, 439, 440, 441, 442, 443, 444, 445, 446, 447, 448, 449, 450, 451, 452, 453, 454, 455, 456, 457, 458, 459, 460, 461, 462, 463, 464, 465, 466, 467, 468, 469, 470, 471, 472, 473, 474, 475, 476, 477, 478, 479, 480, 481, 482, 483, 484, 848, 849, 850, 851, 852, 853, 854, 855, 856, 857, 858, 859, 860, 861, 862, 863, 864, 865, 866, 867, 868, 869, 870, 871, 872, 873, 874, 875, 876, 877, 878, 879, 880, 881, 882, 883, 884, 885, 886, 887, 888, 889, 890, 891, 892, 893, 894, 895, 896, 897, 898, 899, 900, 901, 902, 903, 904, 905, 906, 907, 908, 909, 910, 911, 912, 913, 914, 915, 916, 917, 918, 919, 920, 921, 922, 923, 924, 925, 926, 927, 928, 929, 930, 931, 932, 933, 934, 935]","[402, 416, 422, 423, 465, 851, 867, 874, 875, 912]","[12, 24, 25, 28, 88, 100, 104, 119, 123, 129, 136, 137, 139, 140, 141, 148, 155, 169, 172, 179, 183, 185, 188, 196, 198, 217, 237, 267, 270, 278, 319, 321, 324, 325, 330, 334, 335, 354, 366, 369, 380, 383, 384, 386, 395, 407, 411, 423, 428, 436, 437, 452, 453, 456, 467, 471, 477, 478, 479, 497, 508, 511, 559, 571, 575, 590, 594, 600, 607, 608, 610, 611, 612, 619, 627, 640, 643, 650, 654, 656, 659, 667, 669, 685, 701, 726, 729, 737, 777, 779, 782, 783, 787, 790, 791, 809, 817, 819, 830, 833, 834, 836, 845, 856, 857, 860, 862, 875, 880, 887, 888, 899, 900, 914, 918, 921, 928, 929, 930]","[12, 24, 25, 28, 88, 100, 104, 119, 123, 129, 136, 137, 139, 140, 141, 148, 155, 169, 172, 174, 175, 176, 177, 178, 179, 183, 185, 188, 196, 198, 217, 237, 267, 270, 278, 319, 321, 324, 325, 330, 334, 335, 347, 348, 349, 350, 351, 352, 354, 366, 369, 380, 383, 384, 386, 395, 407, 411, 423, 428, 436, 437, 452, 453, 456, 467, 471, 477, 478, 479, 497, 508, 511, 559, 571, 575, 590, 594, 600, 607, 608, 610, 611, 612, 619, 627, 640, 643, 645, 646, 647, 648, 649, 650, 654, 656, 659, 667, 669, 685, 701, 726, 729, 737, 777, 779, 782, 783, 787, 790, 791, 802, 803, 804, 805, 806, 807, 809, 817, 819, 830, 833, 834, 836, 845, 856, 857, 860, 862, 875, 880, 887, 888, 899, 900, 914, 918, 921, 928, 929, 930]","[916, 917, 918, 12, 919, 920, 24, 25, 921, 28, 923, 924, 925, 559, 926, 383, 927, 571, 928, 575, 929, 931, 590, 932, 594, 933, 88, 600, 934, 607, 608, 935, 610, 611, 100, 612, 104, 619, 627, 119, 123, 640, 129, 643, 645, 646, 647, 136, 137, 650, 139, 140, 141, 654, 648, 656, 649, 659, 148, 155, 667, 669, 169, 172, 685, 174, 175, 176, 177, 178, 179, 183, 185, 188, 701, 380, 196, 198, 384, 347, 395, 726, 348, 217, 729, 349, 737, 350, 351, 352, 237, 354, 777, 267, 779, 270, 782, 783, 787, 278, 790, 791, 802, 803, 804, 805, 806, 807, 809, 817, 366, 819, 830, 319, 321, 369, 833, 324, 325, 834, 836, 330, 845, 334, 335, 848, 849, 850, 851, 852, 853, 854, 855, 856, 857, 858, 859, 860, 861, 862, 863, 864, 865, 866, 867, 868, 869, 870, 871, 872, 873, 874, 875, 876, 877, 878, 879, 880, 881, 882, 883, 884, 885, 886, 887, 888, 889, 890, 891, 892, 893, 894, 895, 896, 897, 898, 899, 900, 901, 902, 903, 904, 905, 906, 907, 908, 909, 398, 399, 912, 400, 401, 402, 403, 404, 405, 406, 407, 408, 922, 409, 410, 411, 412, 413, 414, 415, 930, 416, 417, 421, 418, 423, 419, 420, 422, 424, 425, 426, 427, 428, 429, 430, 431, 432, 433, 434, 435, 436, 437, 438, 439, 440, 441, 442, 443, 444, 445, 446, 447, 448, 449, 450, 451, 452, 453, 454, 455, 459, 456, 457, 458, 460, 461, 465, 462, 463, 464, 466, 467, 468, 469, 470, 474, 471, 472, 473, 475, 479, 476, 477, 478, 480, 481, 482, 483, 484, 910, 911, 508, 497, 913, 386, 914, 915, 511]",True,"[423, 465, 474, 875, 912, 922]","[398, 399, 400, 401, 402, 403, 404, 405, 406, 407, 408, 409, 410, 411, 412, 413, 414, 415, 416, 417, 418, 419, 420, 421, 422, 423, 424, 425, 426, 427, 428, 429, 430, 431, 432, 433, 434, 435, 436, 437, 438, 439, 440, 441, 442, 443, 444, 445, 446, 447, 448, 449, 450, 451, 452, 453, 454, 455, 456, 457, 458, 459, 460, 461, 462, 463, 464, 465, 466, 467, 468, 469, 470, 471, 472, 473, 474, 475, 476, 477, 478, 479, 480, 481, 482, 483, 484, 848, 849, 850, 851, 852, 853, 854, 855, 856, 857, 858, 859, 860, 861, 862, 863, 864, 865, 866, 867, 868, 869, 870, 871, 872, 873, 874, 875, 876, 877, 878, 879, 880, 881, 882, 883, 884, 885, 886, 887, 888, 889, 890, 891, 892, 893, 894, 895, 896, 897, 898, 899, 900, 901, 902, 903, 904, 905, 906, 907, 908, 909, 910, 911, 912, 913, 914, 915, 916, 917, 918, 919, 920, 921, 922, 923, 924, 925, 926, 927, 928, 929, 930, 931, 932, 933, 934, 935]","[423, 465, 875, 912]","[421, 423, 459, 465, 479, 873, 875, 906, 912, 930]","[402, 416, 422, 423, 465, 851, 867, 874, 875, 912]","[12, 24, 25, 28, 88, 100, 104, 119, 123, 129, 136, 137, 139, 140, 141, 148, 155, 169, 172, 174, 175, 176, 177, 178, 179, 183, 185, 188, 196, 198, 217, 237, 267, 270, 278, 319, 321, 324, 325, 330, 334, 335, 347, 348, 349, 350, 351, 352, 354, 366, 369, 380, 383, 384, 386, 395, 407, 411, 423, 428, 436, 437, 452, 453, 456, 467, 471, 477, 478, 479, 497, 508, 511, 559, 571, 575, 590, 594, 600, 607, 608, 610, 611, 612, 619, 627, 640, 643, 645, 646, 647, 648, 649, 650, 654, 656, 659, 667, 669, 685, 701, 726, 729, 737, 777, 779, 782, 783, 787, 790, 791, 802, 803, 804, 805, 806, 807, 809, 817, 819, 830, 833, 834, 836, 845, 856, 857, 860, 862, 875, 880, 887, 888, 899, 900, 914, 918, 921, 928, 929, 930]","[12, 24, 25, 28, 88, 100, 104, 119, 123, 129, 136, 137, 139, 140, 141, 148, 155, 169, 172, 179, 183, 185, 188, 196, 198, 217, 237, 267, 270, 278, 319, 321, 324, 325, 330, 334, 335, 354, 366, 369, 380, 383, 384, 386, 395, 407, 411, 423, 428, 436, 437, 452, 453, 456, 467, 471, 477, 478, 479, 497, 508, 511, 559, 571, 575, 590, 594, 600, 607, 608, 610, 611, 612, 619, 627, 640, 643, 650, 654, 656, 659, 667, 669, 685, 701, 726, 729, 737, 777, 779, 782, 783, 787, 790, 791, 809, 817, 819, 830, 833, 834, 836, 845, 856, 857, 860, 862, 875, 880, 887, 888, 899, 900, 914, 918, 921, 928, 929, 930]",7/6 successful match,True,[38],True,118,False,,1.0,True,Golden Spike Travel Plaza ( Chevron ),Chevron
"Willard , 84340 Flying J Travel Plaza # 0001125",435-723-1010 I-15-84 Exit 357,M,Willard,84340,Flying J Travel Plaza # 0001125,435-723-1010,2006,Willard,UT,Flying J,,I-15-84 Exit 357,Exit,357,False,,False,I-15-84,,,,,"[419, 871]","[419, 871]","[419, 871]","[419, 871]","[398, 399, 400, 401, 402, 403, 404, 405, 406, 407, 408, 409, 410, 411, 412, 413, 414, 415, 416, 417, 418, 419, 420, 421, 422, 423, 424, 425, 426, 427, 428, 429, 430, 431, 432, 433, 434, 435, 436, 437, 438, 439, 440, 441, 442, 443, 444, 445, 446, 447, 448, 449, 450, 451, 452, 453, 454, 455, 456, 457, 458, 459, 460, 461, 462, 463, 464, 465, 466, 467, 468, 469, 470, 471, 472, 473, 474, 475, 476, 477, 478, 479, 480, 481, 482, 483, 484, 848, 849, 850, 851, 852, 853, 854, 855, 856, 857, 858, 859, 860, 861, 862, 863, 864, 865, 866, 867, 868, 869, 870, 871, 872, 873, 874, 875, 876, 877, 878, 879, 880, 881, 882, 883, 884, 885, 886, 887, 888, 889, 890, 891, 892, 893, 894, 895, 896, 897, 898, 899, 900, 901, 902, 903, 904, 905, 906, 907, 908, 909, 910, 911, 912, 913, 914, 915, 916, 917, 918, 919, 920, 921, 922, 923, 924, 925, 926, 927, 928, 929, 930, 931, 932, 933, 934, 935]","[16, 125, 156, 163, 168, 184, 205, 222, 229, 253, 258, 265, 313, 317, 336, 340, 341, 356, 363, 365, 366, 367, 370, 375, 388, 391, 394, 396, 402, 410, 411, 412, 413, 415, 416, 417, 418, 419, 422, 423, 425, 429, 431, 433, 435, 437, 440, 441, 442, 443, 451, 452, 456, 457, 458, 460, 461, 464, 465, 471, 473, 474, 475, 481, 482, 501, 596, 628, 635, 655, 675, 693, 716, 720, 725, 771, 775, 793, 796, 797, 811, 817, 818, 820, 825, 838, 841, 844, 846, 851, 857, 861, 862, 863, 864, 866, 867, 868, 870, 871, 874, 875, 877, 881, 883, 885, 888, 891, 892, 893, 898, 899, 904, 905, 907, 908, 911, 912, 918, 920, 921, 922, 923, 924, 926, 931, 933]","[17, 18, 19, 20, 21, 22, 23, 156, 157, 158, 159, 160, 161, 162, 163, 164, 165, 166, 167, 341, 342, 343, 344, 345, 412, 413, 414, 415, 416, 417, 418, 419, 420, 421, 422, 502, 503, 504, 505, 506, 507, 628, 629, 630, 631, 632, 633, 634, 635, 636, 637, 638, 639, 792, 797, 798, 799, 800, 801, 863, 864, 865, 866, 867, 868, 869, 870, 871, 872, 873, 874]","[17, 18, 19, 20, 21, 22, 23, 156, 157, 158, 159, 160, 161, 162, 163, 164, 165, 166, 167, 168, 340, 341, 342, 343, 344, 345, 346, 412, 413, 414, 415, 416, 417, 418, 419, 420, 421, 422, 502, 503, 504, 505, 506, 507, 628, 629, 630, 631, 632, 633, 634, 635, 636, 637, 638, 639, 792, 796, 797, 798, 799, 800, 801, 863, 864, 865, 866, 867, 868, 869, 870, 871, 872, 873, 874]","[916, 917, 918, 919, 16, 17, 18, 19, 920, 20, 21, 22, 23, 921, 922, 923, 388, 924, 925, 926, 927, 928, 929, 930, 931, 932, 596, 933, 934, 935, 391, 628, 629, 630, 631, 632, 633, 634, 635, 636, 125, 637, 638, 639, 655, 336, 156, 157, 158, 159, 160, 161, 162, 163, 675, 164, 165, 166, 168, 167, 340, 341, 693, 184, 342, 394, 343, 344, 345, 716, 205, 346, 720, 725, 375, 222, 229, 396, 253, 356, 258, 771, 775, 265, 792, 793, 796, 797, 798, 799, 800, 801, 363, 811, 365, 817, 366, 818, 820, 367, 313, 825, 317, 370, 838, 841, 844, 846, 848, 849, 850, 851, 852, 853, 854, 855, 856, 857, 858, 859, 860, 861, 862, 863, 864, 865, 866, 867, 868, 869, 870, 871, 872, 873, 874, 875, 876, 877, 878, 879, 880, 881, 882, 883, 884, 885, 886, 887, 888, 889, 890, 891, 892, 893, 894, 895, 896, 897, 898, 899, 900, 901, 902, 903, 904, 905, 906, 907, 908, 909, 398, 399, 400, 401, 402, 403, 404, 405, 406, 407, 408, 409, 410, 411, 412, 413, 414, 415, 416, 417, 418, 419, 420, 421, 422, 423, 424, 425, 426, 427, 428, 429, 430, 431, 432, 433, 434, 435, 436, 437, 438, 439, 440, 441, 442, 443, 444, 445, 446, 447, 448, 449, 450, 451, 452, 453, 454, 455, 456, 457, 458, 459, 460, 461, 462, 463, 464, 465, 466, 467, 468, 469, 470, 471, 472, 473, 474, 475, 476, 477, 478, 479, 480, 481, 482, 483, 484, 910, 503, 911, 912, 913, 501, 502, 914, 504, 505, 506, 507, 915]",True,"[419, 871]","[398, 399, 400, 401, 402, 403, 404, 405, 406, 407, 408, 409, 410, 411, 412, 413, 414, 415, 416, 417, 418, 419, 420, 421, 422, 423, 424, 425, 426, 427, 428, 429, 430, 431, 432, 433, 434, 435, 436, 437, 438, 439, 440, 441, 442, 443, 444, 445, 446, 447, 448, 449, 450, 451, 452, 453, 454, 455, 456, 457, 458, 459, 460, 461, 462, 463, 464, 465, 466, 467, 468, 469, 470, 471, 472, 473, 474, 475, 476, 477, 478, 479, 480, 481, 482, 483, 484, 848, 849, 850, 851, 852, 853, 854, 855, 856, 857, 858, 859, 860, 861, 862, 863, 864, 865, 866, 867, 868, 869, 870, 871, 872, 873, 874, 875, 876, 877, 878, 879, 880, 881, 882, 883, 884, 885, 886, 887, 888, 889, 890, 891, 892, 893, 894, 895, 896, 897, 898, 899, 900, 901, 902, 903, 904, 905, 906, 907, 908, 909, 910, 911, 912, 913, 914, 915, 916, 917, 918, 919, 920, 921, 922, 923, 924, 925, 926, 927, 928, 929, 930, 931, 932, 933, 934, 935]","[419, 871]","[419, 871]","[16, 125, 156, 163, 168, 184, 205, 222, 229, 253, 258, 265, 313, 317, 336, 340, 341, 356, 363, 365, 366, 367, 370, 375, 388, 391, 394, 396, 402, 410, 411, 412, 413, 415, 416, 417, 418, 419, 422, 423, 425, 429, 431, 433, 435, 437, 440, 441, 442, 443, 451, 452, 456, 457, 458, 460, 461, 464, 465, 471, 473, 474, 475, 481, 482, 501, 596, 628, 635, 655, 675, 693, 716, 720, 725, 771, 775, 793, 796, 797, 811, 817, 818, 820, 825, 838, 841, 844, 846, 851, 857, 861, 862, 863, 864, 866, 867, 868, 870, 871, 874, 875, 877, 881, 883, 885, 888, 891, 892, 893, 898, 899, 904, 905, 907, 908, 911, 912, 918, 920, 921, 922, 923, 924, 926, 931, 933]","[17, 18, 19, 20, 21, 22, 23, 156, 157, 158, 159, 160, 161, 162, 163, 164, 165, 166, 167, 168, 340, 341, 342, 343, 344, 345, 346, 412, 413, 414, 415, 416, 417, 418, 419, 420, 421, 422, 502, 503, 504, 505, 506, 507, 628, 629, 630, 631, 632, 633, 634, 635, 636, 637, 638, 639, 792, 796, 797, 798, 799, 800, 801, 863, 864, 865, 866, 867, 868, 869, 870, 871, 872, 873, 874]","[17, 18, 19, 20, 21, 22, 23, 156, 157, 158, 159, 160, 161, 162, 163, 164, 165, 166, 167, 341, 342, 343, 344, 345, 412, 413, 414, 415, 416, 417, 418, 419, 420, 421, 422, 502, 503, 504, 505, 506, 507, 628, 629, 630, 631, 632, 633, 634, 635, 636, 637, 638, 639, 792, 797, 798, 799, 800, 801, 863, 864, 865, 866, 867, 868, 869, 870, 871, 872, 873, 874]",7/6 successful match,True,[413],True,119,False,,,,,
", 84340 Flying J Travel Plaza # 0001125",CWillard 3435-723-1010 I-15-84 Exit 357,M,,84340,Flying J Travel Plaza # 0001125,435-723-1010,2007,Willard,UT,Flying J,,I-15-84 Exit 357,Exit,357,False,,False,I-15-84,,,,,"[419, 871]","[419, 871]","[419, 871]","[419, 871]","[398, 399, 400, 401, 402, 403, 404, 405, 406, 407, 408, 409, 410, 411, 412, 413, 414, 415, 416, 417, 418, 419, 420, 421, 422, 423, 424, 425, 426, 427, 428, 429, 430, 431, 432, 433, 434, 435, 436, 437, 438, 439, 440, 441, 442, 443, 444, 445, 446, 447, 448, 449, 450, 451, 452, 453, 454, 455, 456, 457, 458, 459, 460, 461, 462, 463, 464, 465, 466, 467, 468, 469, 470, 471, 472, 473, 474, 475, 476, 477, 478, 479, 480, 481, 482, 483, 484, 848, 849, 850, 851, 852, 853, 854, 855, 856, 857, 858, 859, 860, 861, 862, 863, 864, 865, 866, 867, 868, 869, 870, 871, 872, 873, 874, 875, 876, 877, 878, 879, 880, 881, 882, 883, 884, 885, 886, 887, 888, 889, 890, 891, 892, 893, 894, 895, 896, 897, 898, 899, 900, 901, 902, 903, 904, 905, 906, 907, 908, 909, 910, 911, 912, 913, 914, 915, 916, 917, 918, 919, 920, 921, 922, 923, 924, 925, 926, 927, 928, 929, 930, 931, 932, 933, 934, 935]","[16, 125, 156, 163, 168, 184, 205, 222, 229, 253, 258, 265, 313, 317, 336, 340, 341, 356, 363, 365, 366, 367, 370, 375, 388, 391, 394, 396, 402, 410, 411, 412, 413, 415, 416, 417, 418, 419, 422, 423, 425, 429, 431, 433, 435, 437, 440, 441, 442, 443, 451, 452, 456, 457, 458, 460, 461, 464, 465, 471, 473, 474, 475, 481, 482, 501, 596, 628, 635, 655, 675, 693, 716, 720, 725, 771, 775, 793, 796, 797, 811, 817, 818, 820, 825, 838, 841, 844, 846, 851, 857, 861, 862, 863, 864, 866, 867, 868, 870, 871, 874, 875, 877, 881, 883, 885, 888, 891, 892, 893, 898, 899, 904, 905, 907, 908, 911, 912, 918, 920, 921, 922, 923, 924, 926, 931, 933]","[17, 18, 19, 20, 21, 22, 23, 156, 157, 158, 159, 160, 161, 162, 163, 164, 165, 166, 167, 341, 342, 343, 344, 345, 412, 413, 414, 415, 416, 417, 418, 419, 420, 421, 422, 502, 503, 504, 505, 506, 507, 628, 629, 630, 631, 632, 633, 634, 635, 636, 637, 638, 639, 792, 797, 798, 799, 800, 801, 863, 864, 865, 866, 867, 868, 869, 870, 871, 872, 873, 874]","[17, 18, 19, 20, 21, 22, 23, 156, 157, 158, 159, 160, 161, 162, 163, 164, 165, 166, 167, 168, 340, 341, 342, 343, 344, 345, 346, 412, 413, 414, 415, 416, 417, 418, 419, 420, 421, 422, 502, 503, 504, 505, 506, 507, 628, 629, 630, 631, 632, 633, 634, 635, 636, 637, 638, 639, 792, 796, 797, 798, 799, 800, 801, 863, 864, 865, 866, 867, 868, 869, 870, 871, 872, 873, 874]","[916, 917, 918, 919, 16, 17, 18, 19, 920, 20, 21, 22, 23, 921, 922, 923, 388, 924, 925, 926, 927, 928, 929, 930, 931, 932, 596, 933, 934, 935, 391, 628, 629, 630, 631, 632, 633, 634, 635, 636, 125, 637, 638, 639, 655, 336, 156, 157, 158, 159, 160, 161, 162, 163, 675, 164, 165, 166, 168, 167, 340, 341, 693, 184, 342, 394, 343, 344, 345, 716, 205, 346, 720, 725, 375, 222, 229, 396, 253, 356, 258, 771, 775, 265, 792, 793, 796, 797, 798, 799, 800, 801, 363, 811, 365, 817, 366, 818, 820, 367, 313, 825, 317, 370, 838, 841, 844, 846, 848, 849, 850, 851, 852, 853, 854, 855, 856, 857, 858, 859, 860, 861, 862, 863, 864, 865, 866, 867, 868, 869, 870, 871, 872, 873, 874, 875, 876, 877, 878, 879, 880, 881, 882, 883, 884, 885, 886, 887, 888, 889, 890, 891, 892, 893, 894, 895, 896, 897, 898, 899, 900, 901, 902, 903, 904, 905, 906, 907, 908, 909, 398, 399, 400, 401, 402, 403, 404, 405, 406, 407, 408, 409, 410, 411, 412, 413, 414, 415, 416, 417, 418, 419, 420, 421, 422, 423, 424, 425, 426, 427, 428, 429, 430, 431, 432, 433, 434, 435, 436, 437, 438, 439, 440, 441, 442, 443, 444, 445, 446, 447, 448, 449, 450, 451, 452, 453, 454, 455, 456, 457, 458, 459, 460, 461, 462, 463, 464, 465, 466, 467, 468, 469, 470, 471, 472, 473, 474, 475, 476, 477, 478, 479, 480, 481, 482, 483, 484, 910, 503, 911, 912, 913, 501, 502, 914, 504, 505, 506, 507, 915]",True,"[419, 871]","[398, 399, 400, 401, 402, 403, 404, 405, 406, 407, 408, 409, 410, 411, 412, 413, 414, 415, 416, 417, 418, 419, 420, 421, 422, 423, 424, 425, 426, 427, 428, 429, 430, 431, 432, 433, 434, 435, 436, 437, 438, 439, 440, 441, 442, 443, 444, 445, 446, 447, 448, 449, 450, 451, 452, 453, 454, 455, 456, 457, 458, 459, 460, 461, 462, 463, 464, 465, 466, 467, 468, 469, 470, 471, 472, 473, 474, 475, 476, 477, 478, 479, 480, 481, 482, 483, 484, 848, 849, 850, 851, 852, 853, 854, 855, 856, 857, 858, 859, 860, 861, 862, 863, 864, 865, 866, 867, 868, 869, 870, 871, 872, 873, 874, 875, 876, 877, 878, 879, 880, 881, 882, 883, 884, 885, 886, 887, 888, 889, 890, 891, 892, 893, 894, 895, 896, 897, 898, 899, 900, 901, 902, 903, 904, 905, 906, 907, 908, 909, 910, 911, 912, 913, 914, 915, 916, 917, 918, 919, 920, 921, 922, 923, 924, 925, 926, 927, 928, 929, 930, 931, 932, 933, 934, 935]","[419, 871]","[419, 871]","[16, 125, 156, 163, 168, 184, 205, 222, 229, 253, 258, 265, 313, 317, 336, 340, 341, 356, 363, 365, 366, 367, 370, 375, 388, 391, 394, 396, 402, 410, 411, 412, 413, 415, 416, 417, 418, 419, 422, 423, 425, 429, 431, 433, 435, 437, 440, 441, 442, 443, 451, 452, 456, 457, 458, 460, 461, 464, 465, 471, 473, 474, 475, 481, 482, 501, 596, 628, 635, 655, 675, 693, 716, 720, 725, 771, 775, 793, 796, 797, 811, 817, 818, 820, 825, 838, 841, 844, 846, 851, 857, 861, 862, 863, 864, 866, 867, 868, 870, 871, 874, 875, 877, 881, 883, 885, 888, 891, 892, 893, 898, 899, 904, 905, 907, 908, 911, 912, 918, 920, 921, 922, 923, 924, 926, 931, 933]","[17, 18, 19, 20, 21, 22, 23, 156, 157, 158, 159, 160, 161, 162, 163, 164, 165, 166, 167, 168, 340, 341, 342, 343, 344, 345, 346, 412, 413, 414, 415, 416, 417, 418, 419, 420, 421, 422, 502, 503, 504, 505, 506, 507, 628, 629, 630, 631, 632, 633, 634, 635, 636, 637, 638, 639, 792, 796, 797, 798, 799, 800, 801, 863, 864, 865, 866, 867, 868, 869, 870, 871, 872, 873, 874]","[17, 18, 19, 20, 21, 22, 23, 156, 157, 158, 159, 160, 161, 162, 163, 164, 165, 166, 167, 341, 342, 343, 344, 345, 412, 413, 414, 415, 416, 417, 418, 419, 420, 421, 422, 502, 503, 504, 505, 506, 507, 628, 629, 630, 631, 632, 633, 634, 635, 636, 637, 638, 639, 792, 797, 798, 799, 800, 801, 863, 864, 865, 866, 867, 868, 869, 870, 871, 872, 873, 874]",7/6 successful match,True,[413],True,119,False,,1.0,True,Flying J Travel Plaza # 0001125,Flying J
"Willard , 84340 Flying J Travel Plaza # 0001125 )",3 435-723-1010 I-15-84 Exit 357 <U+00D8>,HRS 24 24,Willard,84340,Flying J Travel Plaza # 0001125 ),435-723-1010,2008,Willard,UT,Flying J,,I-15-84 Exit 357 <U+00D8>,Exit,357,False,,False,I-15-84,,,,,"[419, 871]","[419, 871]","[419, 871]","[419, 871]","[398, 399, 400, 401, 402, 403, 404, 405, 406, 407, 408, 409, 410, 411, 412, 413, 414, 415, 416, 417, 418, 419, 420, 421, 422, 423, 424, 425, 426, 427, 428, 429, 430, 431, 432, 433, 434, 435, 436, 437, 438, 439, 440, 441, 442, 443, 444, 445, 446, 447, 448, 449, 450, 451, 452, 453, 454, 455, 456, 457, 458, 459, 460, 461, 462, 463, 464, 465, 466, 467, 468, 469, 470, 471, 472, 473, 474, 475, 476, 477, 478, 479, 480, 481, 482, 483, 484, 848, 849, 850, 851, 852, 853, 854, 855, 856, 857, 858, 859, 860, 861, 862, 863, 864, 865, 866, 867, 868, 869, 870, 871, 872, 873, 874, 875, 876, 877, 878, 879, 880, 881, 882, 883, 884, 885, 886, 887, 888, 889, 890, 891, 892, 893, 894, 895, 896, 897, 898, 899, 900, 901, 902, 903, 904, 905, 906, 907, 908, 909, 910, 911, 912, 913, 914, 915, 916, 917, 918, 919, 920, 921, 922, 923, 924, 925, 926, 927, 928, 929, 930, 931, 932, 933, 934, 935]","[16, 125, 156, 163, 168, 184, 205, 222, 229, 253, 258, 265, 313, 317, 336, 340, 341, 356, 363, 365, 366, 367, 370, 375, 388, 391, 394, 396, 402, 410, 411, 412, 413, 415, 416, 417, 418, 419, 422, 423, 425, 429, 431, 433, 435, 437, 440, 441, 442, 443, 451, 452, 456, 457, 458, 460, 461, 464, 465, 471, 473, 474, 475, 481, 482, 501, 596, 628, 635, 655, 675, 693, 716, 720, 725, 771, 775, 793, 796, 797, 811, 817, 818, 820, 825, 838, 841, 844, 846, 851, 857, 861, 862, 863, 864, 866, 867, 868, 870, 871, 874, 875, 877, 881, 883, 885, 888, 891, 892, 893, 898, 899, 904, 905, 907, 908, 911, 912, 918, 920, 921, 922, 923, 924, 926, 931, 933]","[17, 18, 19, 20, 21, 22, 23, 156, 157, 158, 159, 160, 161, 162, 163, 164, 165, 166, 167, 341, 342, 343, 344, 345, 412, 413, 414, 415, 416, 417, 418, 419, 420, 421, 422, 502, 503, 504, 505, 506, 507, 628, 629, 630, 631, 632, 633, 634, 635, 636, 637, 638, 639, 792, 797, 798, 799, 800, 801, 863, 864, 865, 866, 867, 868, 869, 870, 871, 872, 873, 874]","[17, 18, 19, 20, 21, 22, 23, 156, 157, 158, 159, 160, 161, 162, 163, 164, 165, 166, 167, 168, 340, 341, 342, 343, 344, 345, 346, 412, 413, 414, 415, 416, 417, 418, 419, 420, 421, 422, 502, 503, 504, 505, 506, 507, 628, 629, 630, 631, 632, 633, 634, 635, 636, 637, 638, 639, 792, 796, 797, 798, 799, 800, 801, 863, 864, 865, 866, 867, 868, 869, 870, 871, 872, 873, 874]","[916, 917, 918, 919, 16, 17, 18, 19, 920, 20, 21, 22, 23, 921, 922, 923, 388, 924, 925, 926, 927, 928, 929, 930, 931, 932, 596, 933, 934, 935, 391, 628, 629, 630, 631, 632, 633, 634, 635, 636, 125, 637, 638, 639, 655, 336, 156, 157, 158, 159, 160, 161, 162, 163, 675, 164, 165, 166, 168, 167, 340, 341, 693, 184, 342, 394, 343, 344, 345, 716, 205, 346, 720, 725, 375, 222, 229, 396, 253, 356, 258, 771, 775, 265, 792, 793, 796, 797, 798, 799, 800, 801, 363, 811, 365, 817, 366, 818, 820, 367, 313, 825, 317, 370, 838, 841, 844, 846, 848, 849, 850, 851, 852, 853, 854, 855, 856, 857, 858, 859, 860, 861, 862, 863, 864, 865, 866, 867, 868, 869, 870, 871, 872, 873, 874, 875, 876, 877, 878, 879, 880, 881, 882, 883, 884, 885, 886, 887, 888, 889, 890, 891, 892, 893, 894, 895, 896, 897, 898, 899, 900, 901, 902, 903, 904, 905, 906, 907, 908, 909, 398, 399, 400, 401, 402, 403, 404, 405, 406, 407, 408, 409, 410, 411, 412, 413, 414, 415, 416, 417, 418, 419, 420, 421, 422, 423, 424, 425, 426, 427, 428, 429, 430, 431, 432, 433, 434, 435, 436, 437, 438, 439, 440, 441, 442, 443, 444, 445, 446, 447, 448, 449, 450, 451, 452, 453, 454, 455, 456, 457, 458, 459, 460, 461, 462, 463, 464, 465, 466, 467, 468, 469, 470, 471, 472, 473, 474, 475, 476, 477, 478, 479, 480, 481, 482, 483, 484, 910, 503, 911, 912, 913, 501, 502, 914, 504, 505, 506, 507, 915]",True,"[419, 871]","[398, 399, 400, 401, 402, 403, 404, 405, 406, 407, 408, 409, 410, 411, 412, 413, 414, 415, 416, 417, 418, 419, 420, 421, 422, 423, 424, 425, 426, 427, 428, 429, 430, 431, 432, 433, 434, 435, 436, 437, 438, 439, 440, 441, 442, 443, 444, 445, 446, 447, 448, 449, 450, 451, 452, 453, 454, 455, 456, 457, 458, 459, 460, 461, 462, 463, 464, 465, 466, 467, 468, 469, 470, 471, 472, 473, 474, 475, 476, 477, 478, 479, 480, 481, 482, 483, 484, 848, 849, 850, 851, 852, 853, 854, 855, 856, 857, 858, 859, 860, 861, 862, 863, 864, 865, 866, 867, 868, 869, 870, 871, 872, 873, 874, 875, 876, 877, 878, 879, 880, 881, 882, 883, 884, 885, 886, 887, 888, 889, 890, 891, 892, 893, 894, 895, 896, 897, 898, 899, 900, 901, 902, 903, 904, 905, 906, 907, 908, 909, 910, 911, 912, 913, 914, 915, 916, 917, 918, 919, 920, 921, 922, 923, 924, 925, 926, 927, 928, 929, 930, 931, 932, 933, 934, 935]","[419, 871]","[419, 871]","[16, 125, 156, 163, 168, 184, 205, 222, 229, 253, 258, 265, 313, 317, 336, 340, 341, 356, 363, 365, 366, 367, 370, 375, 388, 391, 394, 396, 402, 410, 411, 412, 413, 415, 416, 417, 418, 419, 422, 423, 425, 429, 431, 433, 435, 437, 440, 441, 442, 443, 451, 452, 456, 457, 458, 460, 461, 464, 465, 471, 473, 474, 475, 481, 482, 501, 596, 628, 635, 655, 675, 693, 716, 720, 725, 771, 775, 793, 796, 797, 811, 817, 818, 820, 825, 838, 841, 844, 846, 851, 857, 861, 862, 863, 864, 866, 867, 868, 870, 871, 874, 875, 877, 881, 883, 885, 888, 891, 892, 893, 898, 899, 904, 905, 907, 908, 911, 912, 918, 920, 921, 922, 923, 924, 926, 931, 933]","[17, 18, 19, 20, 21, 22, 23, 156, 157, 158, 159, 160, 161, 162, 163, 164, 165, 166, 167, 168, 340, 341, 342, 343, 344, 345, 346, 412, 413, 414, 415, 416, 417, 418, 419, 420, 421, 422, 502, 503, 504, 505, 506, 507, 628, 629, 630, 631, 632, 633, 634, 635, 636, 637, 638, 639, 792, 796, 797, 798, 799, 800, 801, 863, 864, 865, 866, 867, 868, 869, 870, 871, 872, 873, 874]","[17, 18, 19, 20, 21, 22, 23, 156, 157, 158, 159, 160, 161, 162, 163, 164, 165, 166, 167, 341, 342, 343, 344, 345, 412, 413, 414, 415, 416, 417, 418, 419, 420, 421, 422, 502, 503, 504, 505, 506, 507, 628, 629, 630, 631, 632, 633, 634, 635, 636, 637, 638, 639, 792, 797, 798, 799, 800, 801, 863, 864, 865, 866, 867, 868, 869, 870, 871, 872, 873, 874]",7/6 successful match,True,[413],True,119,False,,1.0,True,Flying J Travel Plaza # 0001125,Flying J
Willard ( 84340 ) Flying J Travel Plaza # 748 1 ( WB - UT ),435-723-1010 I-15-84 Exit 357,DOM <U+2610>,Willard,84340,Flying J Travel Plaza # 748 1 ( WB - UT ),435-723-1010,2014,Willard,UT,Flying J,,I-15-84 Exit 357,Exit,357,False,,False,I-15-84,,,,,"[419, 871]","[419, 871]","[419, 871]","[419, 871]","[398, 399, 400, 401, 402, 403, 404, 405, 406, 407, 408, 409, 410, 411, 412, 413, 414, 415, 416, 417, 418, 419, 420, 421, 422, 423, 424, 425, 426, 427, 428, 429, 430, 431, 432, 433, 434, 435, 436, 437, 438, 439, 440, 441, 442, 443, 444, 445, 446, 447, 448, 449, 450, 451, 452, 453, 454, 455, 456, 457, 458, 459, 460, 461, 462, 463, 464, 465, 466, 467, 468, 469, 470, 471, 472, 473, 474, 475, 476, 477, 478, 479, 480, 481, 482, 483, 484, 848, 849, 850, 851, 852, 853, 854, 855, 856, 857, 858, 859, 860, 861, 862, 863, 864, 865, 866, 867, 868, 869, 870, 871, 872, 873, 874, 875, 876, 877, 878, 879, 880, 881, 882, 883, 884, 885, 886, 887, 888, 889, 890, 891, 892, 893, 894, 895, 896, 897, 898, 899, 900, 901, 902, 903, 904, 905, 906, 907, 908, 909, 910, 911, 912, 913, 914, 915, 916, 917, 918, 919, 920, 921, 922, 923, 924, 925, 926, 927, 928, 929, 930, 931, 932, 933, 934, 935]","[16, 125, 156, 163, 168, 184, 205, 222, 229, 253, 258, 265, 313, 317, 336, 340, 341, 356, 363, 365, 366, 367, 370, 375, 388, 391, 394, 396, 402, 410, 411, 412, 413, 415, 416, 417, 418, 419, 422, 423, 425, 429, 431, 433, 435, 437, 440, 441, 442, 443, 451, 452, 456, 457, 458, 460, 461, 464, 465, 471, 473, 474, 475, 481, 482, 501, 596, 628, 635, 655, 675, 693, 716, 720, 725, 771, 775, 793, 796, 797, 811, 817, 818, 820, 825, 838, 841, 844, 846, 851, 857, 861, 862, 863, 864, 866, 867, 868, 870, 871, 874, 875, 877, 881, 883, 885, 888, 891, 892, 893, 898, 899, 904, 905, 907, 908, 911, 912, 918, 920, 921, 922, 923, 924, 926, 931, 933]","[17, 18, 19, 20, 21, 22, 23, 156, 157, 158, 159, 160, 161, 162, 163, 164, 165, 166, 167, 341, 342, 343, 344, 345, 412, 413, 414, 415, 416, 417, 418, 419, 420, 421, 422, 502, 503, 504, 505, 506, 507, 628, 629, 630, 631, 632, 633, 634, 635, 636, 637, 638, 639, 792, 797, 798, 799, 800, 801, 863, 864, 865, 866, 867, 868, 869, 870, 871, 872, 873, 874]","[17, 18, 19, 20, 21, 22, 23, 156, 157, 158, 159, 160, 161, 162, 163, 164, 165, 166, 167, 168, 340, 341, 342, 343, 344, 345, 346, 412, 413, 414, 415, 416, 417, 418, 419, 420, 421, 422, 502, 503, 504, 505, 506, 507, 628, 629, 630, 631, 632, 633, 634, 635, 636, 637, 638, 639, 792, 796, 797, 798, 799, 800, 801, 863, 864, 865, 866, 867, 868, 869, 870, 871, 872, 873, 874]","[916, 917, 918, 919, 16, 17, 18, 19, 920, 20, 21, 22, 23, 921, 922, 923, 388, 924, 925, 926, 927, 928, 929, 930, 931, 932, 596, 933, 934, 935, 391, 628, 629, 630, 631, 632, 633, 634, 635, 636, 125, 637, 638, 639, 655, 336, 156, 157, 158, 159, 160, 161, 162, 163, 675, 164, 165, 166, 168, 167, 340, 341, 693, 184, 342, 394, 343, 344, 345, 716, 205, 346, 720, 725, 375, 222, 229, 396, 253, 356, 258, 771, 775, 265, 792, 793, 796, 797, 798, 799, 800, 801, 363, 811, 365, 817, 366, 818, 820, 367, 313, 825, 317, 370, 838, 841, 844, 846, 848, 849, 850, 851, 852, 853, 854, 855, 856, 857, 858, 859, 860, 861, 862, 863, 864, 865, 866, 867, 868, 869, 870, 871, 872, 873, 874, 875, 876, 877, 878, 879, 880, 881, 882, 883, 884, 885, 886, 887, 888, 889, 890, 891, 892, 893, 894, 895, 896, 897, 898, 899, 900, 901, 902, 903, 904, 905, 906, 907, 908, 909, 398, 399, 400, 401, 402, 403, 404, 405, 406, 407, 408, 409, 410, 411, 412, 413, 414, 415, 416, 417, 418, 419, 420, 421, 422, 423, 424, 425, 426, 427, 428, 429, 430, 431, 432, 433, 434, 435, 436, 437, 438, 439, 440, 441, 442, 443, 444, 445, 446, 447, 448, 449, 450, 451, 452, 453, 454, 455, 456, 457, 458, 459, 460, 461, 462, 463, 464, 465, 466, 467, 468, 469, 470, 471, 472, 473, 474, 475, 476, 477, 478, 479, 480, 481, 482, 483, 484, 910, 503, 911, 912, 913, 501, 502, 914, 504, 505, 506, 507, 915]",True,"[419, 871]","[398, 399, 400, 401, 402, 403, 404, 405, 406, 407, 408, 409, 410, 411, 412, 413, 414, 415, 416, 417, 418, 419, 420, 421, 422, 423, 424, 425, 426, 427, 428, 429, 430, 431, 432, 433, 434, 435, 436, 437, 438, 439, 440, 441, 442, 443, 444, 445, 446, 447, 448, 449, 450, 451, 452, 453, 454, 455, 456, 457, 458, 459, 460, 461, 462, 463, 464, 465, 466, 467, 468, 469, 470, 471, 472, 473, 474, 475, 476, 477, 478, 479, 480, 481, 482, 483, 484, 848, 849, 850, 851, 852, 853, 854, 855, 856, 857, 858, 859, 860, 861, 862, 863, 864, 865, 866, 867, 868, 869, 870, 871, 872, 873, 874, 875, 876, 877, 878, 879, 880, 881, 882, 883, 884, 885, 886, 887, 888, 889, 890, 891, 892, 893, 894, 895, 896, 897, 898, 899, 900, 901, 902, 903, 904, 905, 906, 907, 908, 909, 910, 911, 912, 913, 914, 915, 916, 917, 918, 919, 920, 921, 922, 923, 924, 925, 926, 927, 928, 929, 930, 931, 932, 933, 934, 935]","[419, 871]","[419, 871]","[16, 125, 156, 163, 168, 184, 205, 222, 229, 253, 258, 265, 313, 317, 336, 340, 341, 356, 363, 365, 366, 367, 370, 375, 388, 391, 394, 396, 402, 410, 411, 412, 413, 415, 416, 417, 418, 419, 422, 423, 425, 429, 431, 433, 435, 437, 440, 441, 442, 443, 451, 452, 456, 457, 458, 460, 461, 464, 465, 471, 473, 474, 475, 481, 482, 501, 596, 628, 635, 655, 675, 693, 716, 720, 725, 771, 775, 793, 796, 797, 811, 817, 818, 820, 825, 838, 841, 844, 846, 851, 857, 861, 862, 863, 864, 866, 867, 868, 870, 871, 874, 875, 877, 881, 883, 885, 888, 891, 892, 893, 898, 899, 904, 905, 907, 908, 911, 912, 918, 920, 921, 922, 923, 924, 926, 931, 933]","[17, 18, 19, 20, 21, 22, 23, 156, 157, 158, 159, 160, 161, 162, 163, 164, 165, 166, 167, 168, 340, 341, 342, 343, 344, 345, 346, 412, 413, 414, 415, 416, 417, 418, 419, 420, 421, 422, 502, 503, 504, 505, 506, 507, 628, 629, 630, 631, 632, 633, 634, 635, 636, 637, 638, 639, 792, 796, 797, 798, 799, 800, 801, 863, 864, 865, 866, 867, 868, 869, 870, 871, 872, 873, 874]","[17, 18, 19, 20, 21, 22, 23, 156, 157, 158, 159, 160, 161, 162, 163, 164, 165, 166, 167, 341, 342, 343, 344, 345, 412, 413, 414, 415, 416, 417, 418, 419, 420, 421, 422, 502, 503, 504, 505, 506, 507, 628, 629, 630, 631, 632, 633, 634, 635, 636, 637, 638, 639, 792, 797, 798, 799, 800, 801, 863, 864, 865, 866, 867, 868, 869, 870, 871, 872, 873, 874]",7/6 successful match,True,[413],True,119,False,,0.5522522522522522,True,Flying J Travel Plaza # 0001125 ),Flying J
Willard ( 84340 ) Flying J Travel Plaza # 748,3 435-723-1010 I-15-84 Exit 357 FLYING J,J 24 M,Willard,84340,Flying J Travel Plaza # 748,435-723-1010,2015,Willard,UT,Flying J,,I-15-84 Exit 357 FLYING J,Exit,357,False,,False,I-15-84,,,,,"[419, 871]","[419, 871]","[419, 871]","[419, 871]","[398, 399, 400, 401, 402, 403, 404, 405, 406, 407, 408, 409, 410, 411, 412, 413, 414, 415, 416, 417, 418, 419, 420, 421, 422, 423, 424, 425, 426, 427, 428, 429, 430, 431, 432, 433, 434, 435, 436, 437, 438, 439, 440, 441, 442, 443, 444, 445, 446, 447, 448, 449, 450, 451, 452, 453, 454, 455, 456, 457, 458, 459, 460, 461, 462, 463, 464, 465, 466, 467, 468, 469, 470, 471, 472, 473, 474, 475, 476, 477, 478, 479, 480, 481, 482, 483, 484, 848, 849, 850, 851, 852, 853, 854, 855, 856, 857, 858, 859, 860, 861, 862, 863, 864, 865, 866, 867, 868, 869, 870, 871, 872, 873, 874, 875, 876, 877, 878, 879, 880, 881, 882, 883, 884, 885, 886, 887, 888, 889, 890, 891, 892, 893, 894, 895, 896, 897, 898, 899, 900, 901, 902, 903, 904, 905, 906, 907, 908, 909, 910, 911, 912, 913, 914, 915, 916, 917, 918, 919, 920, 921, 922, 923, 924, 925, 926, 927, 928, 929, 930, 931, 932, 933, 934, 935]","[16, 125, 156, 163, 168, 184, 205, 222, 229, 253, 258, 265, 313, 317, 336, 340, 341, 356, 363, 365, 366, 367, 370, 375, 388, 391, 394, 396, 402, 410, 411, 412, 413, 415, 416, 417, 418, 419, 422, 423, 425, 429, 431, 433, 435, 437, 440, 441, 442, 443, 451, 452, 456, 457, 458, 460, 461, 464, 465, 471, 473, 474, 475, 481, 482, 501, 596, 628, 635, 655, 675, 693, 716, 720, 725, 771, 775, 793, 796, 797, 811, 817, 818, 820, 825, 838, 841, 844, 846, 851, 857, 861, 862, 863, 864, 866, 867, 868, 870, 871, 874, 875, 877, 881, 883, 885, 888, 891, 892, 893, 898, 899, 904, 905, 907, 908, 911, 912, 918, 920, 921, 922, 923, 924, 926, 931, 933]","[17, 18, 19, 20, 21, 22, 23, 156, 157, 158, 159, 160, 161, 162, 163, 164, 165, 166, 167, 341, 342, 343, 344, 345, 412, 413, 414, 415, 416, 417, 418, 419, 420, 421, 422, 502, 503, 504, 505, 506, 507, 628, 629, 630, 631, 632, 633, 634, 635, 636, 637, 638, 639, 792, 797, 798, 799, 800, 801, 863, 864, 865, 866, 867, 868, 869, 870, 871, 872, 873, 874]","[17, 18, 19, 20, 21, 22, 23, 156, 157, 158, 159, 160, 161, 162, 163, 164, 165, 166, 167, 168, 340, 341, 342, 343, 344, 345, 346, 412, 413, 414, 415, 416, 417, 418, 419, 420, 421, 422, 502, 503, 504, 505, 506, 507, 628, 629, 630, 631, 632, 633, 634, 635, 636, 637, 638, 639, 792, 796, 797, 798, 799, 800, 801, 863, 864, 865, 866, 867, 868, 869, 870, 871, 872, 873, 874]","[916, 917, 918, 919, 16, 17, 18, 19, 920, 20, 21, 22, 23, 921, 922, 923, 388, 924, 925, 926, 927, 928, 929, 930, 931, 932, 596, 933, 934, 935, 391, 628, 629, 630, 631, 632, 633, 634, 635, 636, 125, 637, 638, 639, 655, 336, 156, 157, 158, 159, 160, 161, 162, 163, 675, 164, 165, 166, 168, 167, 340, 341, 693, 184, 342, 394, 343, 344, 345, 716, 205, 346, 720, 725, 375, 222, 229, 396, 253, 356, 258, 771, 775, 265, 792, 793, 796, 797, 798, 799, 800, 801, 363, 811, 365, 817, 366, 818, 820, 367, 313, 825, 317, 370, 838, 841, 844, 846, 848, 849, 850, 851, 852, 853, 854, 855, 856, 857, 858, 859, 860, 861, 862, 863, 864, 865, 866, 867, 868, 869, 870, 871, 872, 873, 874, 875, 876, 877, 878, 879, 880, 881, 882, 883, 884, 885, 886, 887, 888, 889, 890, 891, 892, 893, 894, 895, 896, 897, 898, 899, 900, 901, 902, 903, 904, 905, 906, 907, 908, 909, 398, 399, 400, 401, 402, 403, 404, 405, 406, 407, 408, 409, 410, 411, 412, 413, 414, 415, 416, 417, 418, 419, 420, 421, 422, 423, 424, 425, 426, 427, 428, 429, 430, 431, 432, 433, 434, 435, 436, 437, 438, 439, 440, 441, 442, 443, 444, 445, 446, 447, 448, 449, 450, 451, 452, 453, 454, 455, 456, 457, 458, 459, 460, 461, 462, 463, 464, 465, 466, 467, 468, 469, 470, 471, 472, 473, 474, 475, 476, 477, 478, 479, 480, 481, 482, 483, 484, 910, 503, 911, 912, 913, 501, 502, 914, 504, 505, 506, 507, 915]",True,"[419, 871]","[398, 399, 400, 401, 402, 403, 404, 405, 406, 407, 408, 409, 410, 411, 412, 413, 414, 415, 416, 417, 418, 419, 420, 421, 422, 423, 424, 425, 426, 427, 428, 429, 430, 431, 432, 433, 434, 435, 436, 437, 438, 439, 440, 441, 442, 443, 444, 445, 446, 447, 448, 449, 450, 451, 452, 453, 454, 455, 456, 457, 458, 459, 460, 461, 462, 463, 464, 465, 466, 467, 468, 469, 470, 471, 472, 473, 474, 475, 476, 477, 478, 479, 480, 481, 482, 483, 484, 848, 849, 850, 851, 852, 853, 854, 855, 856, 857, 858, 859, 860, 861, 862, 863, 864, 865, 866, 867, 868, 869, 870, 871, 872, 873, 874, 875, 876, 877, 878, 879, 880, 881, 882, 883, 884, 885, 886, 887, 888, 889, 890, 891, 892, 893, 894, 895, 896, 897, 898, 899, 900, 901, 902, 903, 904, 905, 906, 907, 908, 909, 910, 911, 912, 913, 914, 915, 916, 917, 918, 919, 920, 921, 922, 923, 924, 925, 926, 927, 928, 929, 930, 931, 932, 933, 934, 935]","[419, 871]","[419, 871]","[16, 125, 156, 163, 168, 184, 205, 222, 229, 253, 258, 265, 313, 317, 336, 340, 341, 356, 363, 365, 366, 367, 370, 375, 388, 391, 394, 396, 402, 410, 411, 412, 413, 415, 416, 417, 418, 419, 422, 423, 425, 429, 431, 433, 435, 437, 440, 441, 442, 443, 451, 452, 456, 457, 458, 460, 461, 464, 465, 471, 473, 474, 475, 481, 482, 501, 596, 628, 635, 655, 675, 693, 716, 720, 725, 771, 775, 793, 796, 797, 811, 817, 818, 820, 825, 838, 841, 844, 846, 851, 857, 861, 862, 863, 864, 866, 867, 868, 870, 871, 874, 875, 877, 881, 883, 885, 888, 891, 892, 893, 898, 899, 904, 905, 907, 908, 911, 912, 918, 920, 921, 922, 923, 924, 926, 931, 933]","[17, 18, 19, 20, 21, 22, 23, 156, 157, 158, 159, 160, 161, 162, 163, 164, 165, 166, 167, 168, 340, 341, 342, 343, 344, 345, 346, 412, 413, 414, 415, 416, 417, 418, 419, 420, 421, 422, 502, 503, 504, 505, 506, 507, 628, 629, 630, 631, 632, 633, 634, 635, 636, 637, 638, 639, 792, 796, 797, 798, 799, 800, 801, 863, 864, 865, 866, 867, 868, 869, 870, 871, 872, 873, 874]","[17, 18, 19, 20, 21, 22, 23, 156, 157, 158, 159, 160, 161, 162, 163, 164, 165, 166, 167, 341, 342, 343, 344, 345, 412, 413, 414, 415, 416, 417, 418, 419, 420, 421, 422, 502, 503, 504, 505, 506, 507, 628, 629, 630, 631, 632, 633, 634, 635, 636, 637, 638, 639, 792, 797, 798, 799, 800, 801, 863, 864, 865, 866, 867, 868, 869, 870, 871, 872, 873, 874]",7/6 successful match,True,[413],True,119,False,,1.0,True,Flying J Travel Plaza # 748 1 ( WB - UT ),Flying J
Willard ( 84340 ) Flying J Travel Plaza # 748 FLYING,3 435-723-1010 I-15-84 Exit 357,24 DOMO <U+2610>,Willard,84340,Flying J Travel Plaza # 748 FLYING,435-723-1010,2016,Willard,UT,Flying J,,I-15-84 Exit 357,Exit,357,False,,False,I-15-84,,,,,"[419, 871]","[419, 871]","[419, 871]","[419, 871]","[398, 399, 400, 401, 402, 403, 404, 405, 406, 407, 408, 409, 410, 411, 412, 413, 414, 415, 416, 417, 418, 419, 420, 421, 422, 423, 424, 425, 426, 427, 428, 429, 430, 431, 432, 433, 434, 435, 436, 437, 438, 439, 440, 441, 442, 443, 444, 445, 446, 447, 448, 449, 450, 451, 452, 453, 454, 455, 456, 457, 458, 459, 460, 461, 462, 463, 464, 465, 466, 467, 468, 469, 470, 471, 472, 473, 474, 475, 476, 477, 478, 479, 480, 481, 482, 483, 484, 848, 849, 850, 851, 852, 853, 854, 855, 856, 857, 858, 859, 860, 861, 862, 863, 864, 865, 866, 867, 868, 869, 870, 871, 872, 873, 874, 875, 876, 877, 878, 879, 880, 881, 882, 883, 884, 885, 886, 887, 888, 889, 890, 891, 892, 893, 894, 895, 896, 897, 898, 899, 900, 901, 902, 903, 904, 905, 906, 907, 908, 909, 910, 911, 912, 913, 914, 915, 916, 917, 918, 919, 920, 921, 922, 923, 924, 925, 926, 927, 928, 929, 930, 931, 932, 933, 934, 935]","[16, 125, 156, 163, 168, 184, 205, 222, 229, 253, 258, 265, 313, 317, 336, 340, 341, 356, 363, 365, 366, 367, 370, 375, 388, 391, 394, 396, 402, 410, 411, 412, 413, 415, 416, 417, 418, 419, 422, 423, 425, 429, 431, 433, 435, 437, 440, 441, 442, 443, 451, 452, 456, 457, 458, 460, 461, 464, 465, 471, 473, 474, 475, 481, 482, 501, 596, 628, 635, 655, 675, 693, 716, 720, 725, 771, 775, 793, 796, 797, 811, 817, 818, 820, 825, 838, 841, 844, 846, 851, 857, 861, 862, 863, 864, 866, 867, 868, 870, 871, 874, 875, 877, 881, 883, 885, 888, 891, 892, 893, 898, 899, 904, 905, 907, 908, 911, 912, 918, 920, 921, 922, 923, 924, 926, 931, 933]","[17, 18, 19, 20, 21, 22, 23, 156, 157, 158, 159, 160, 161, 162, 163, 164, 165, 166, 167, 341, 342, 343, 344, 345, 412, 413, 414, 415, 416, 417, 418, 419, 420, 421, 422, 502, 503, 504, 505, 506, 507, 628, 629, 630, 631, 632, 633, 634, 635, 636, 637, 638, 639, 792, 797, 798, 799, 800, 801, 863, 864, 865, 866, 867, 868, 869, 870, 871, 872, 873, 874]","[17, 18, 19, 20, 21, 22, 23, 156, 157, 158, 159, 160, 161, 162, 163, 164, 165, 166, 167, 168, 340, 341, 342, 343, 344, 345, 346, 412, 413, 414, 415, 416, 417, 418, 419, 420, 421, 422, 502, 503, 504, 505, 506, 507, 628, 629, 630, 631, 632, 633, 634, 635, 636, 637, 638, 639, 792, 796, 797, 798, 799, 800, 801, 863, 864, 865, 866, 867, 868, 869, 870, 871, 872, 873, 874]","[916, 917, 918, 919, 16, 17, 18, 19, 920, 20, 21, 22, 23, 921, 922, 923, 388, 924, 925, 926, 927, 928, 929, 930, 931, 932, 596, 933, 934, 935, 391, 628, 629, 630, 631, 632, 633, 634, 635, 636, 125, 637, 638, 639, 655, 336, 156, 157, 158, 159, 160, 161, 162, 163, 675, 164, 165, 166, 168, 167, 340, 341, 693, 184, 342, 394, 343, 344, 345, 716, 205, 346, 720, 725, 375, 222, 229, 396, 253, 356, 258, 771, 775, 265, 792, 793, 796, 797, 798, 799, 800, 801, 363, 811, 365, 817, 366, 818, 820, 367, 313, 825, 317, 370, 838, 841, 844, 846, 848, 849, 850, 851, 852, 853, 854, 855, 856, 857, 858, 859, 860, 861, 862, 863, 864, 865, 866, 867, 868, 869, 870, 871, 872, 873, 874, 875, 876, 877, 878, 879, 880, 881, 882, 883, 884, 885, 886, 887, 888, 889, 890, 891, 892, 893, 894, 895, 896, 897, 898, 899, 900, 901, 902, 903, 904, 905, 906, 907, 908, 909, 398, 399, 400, 401, 402, 403, 404, 405, 406, 407, 408, 409, 410, 411, 412, 413, 414, 415, 416, 417, 418, 419, 420, 421, 422, 423, 424, 425, 426, 427, 428, 429, 430, 431, 432, 433, 434, 435, 436, 437, 438, 439, 440, 441, 442, 443, 444, 445, 446, 447, 448, 449, 450, 451, 452, 453, 454, 455, 456, 457, 458, 459, 460, 461, 462, 463, 464, 465, 466, 467, 468, 469, 470, 471, 472, 473, 474, 475, 476, 477, 478, 479, 480, 481, 482, 483, 484, 910, 503, 911, 912, 913, 501, 502, 914, 504, 505, 506, 507, 915]",True,"[419, 871]","[398, 399, 400, 401, 402, 403, 404, 405, 406, 407, 408, 409, 410, 411, 412, 413, 414, 415, 416, 417, 418, 419, 420, 421, 422, 423, 424, 425, 426, 427, 428, 429, 430, 431, 432, 433, 434, 435, 436, 437, 438, 439, 440, 441, 442, 443, 444, 445, 446, 447, 448, 449, 450, 451, 452, 453, 454, 455, 456, 457, 458, 459, 460, 461, 462, 463, 464, 465, 466, 467, 468, 469, 470, 471, 472, 473, 474, 475, 476, 477, 478, 479, 480, 481, 482, 483, 484, 848, 849, 850, 851, 852, 853, 854, 855, 856, 857, 858, 859, 860, 861, 862, 863, 864, 865, 866, 867, 868, 869, 870, 871, 872, 873, 874, 875, 876, 877, 878, 879, 880, 881, 882, 883, 884, 885, 886, 887, 888, 889, 890, 891, 892, 893, 894, 895, 896, 897, 898, 899, 900, 901, 902, 903, 904, 905, 906, 907, 908, 909, 910, 911, 912, 913, 914, 915, 916, 917, 918, 919, 920, 921, 922, 923, 924, 925, 926, 927, 928, 929, 930, 931, 932, 933, 934, 935]","[419, 871]","[419, 871]","[16, 125, 156, 163, 168, 184, 205, 222, 229, 253, 258, 265, 313, 317, 336, 340, 341, 356, 363, 365, 366, 367, 370, 375, 388, 391, 394, 396, 402, 410, 411, 412, 413, 415, 416, 417, 418, 419, 422, 423, 425, 429, 431, 433, 435, 437, 440, 441, 442, 443, 451, 452, 456, 457, 458, 460, 461, 464, 465, 471, 473, 474, 475, 481, 482, 501, 596, 628, 635, 655, 675, 693, 716, 720, 725, 771, 775, 793, 796, 797, 811, 817, 818, 820, 825, 838, 841, 844, 846, 851, 857, 861, 862, 863, 864, 866, 867, 868, 870, 871, 874, 875, 877, 881, 883, 885, 888, 891, 892, 893, 898, 899, 904, 905, 907, 908, 911, 912, 918, 920, 921, 922, 923, 924, 926, 931, 933]","[17, 18, 19, 20, 21, 22, 23, 156, 157, 158, 159, 160, 161, 162, 163, 164, 165, 166, 167, 168, 340, 341, 342, 343, 344, 345, 346, 412, 413, 414, 415, 416, 417, 418, 419, 420, 421, 422, 502, 503, 504, 505, 506, 507, 628, 629, 630, 631, 632, 633, 634, 635, 636, 637, 638, 639, 792, 796, 797, 798, 799, 800, 801, 863, 864, 865, 866, 867, 868, 869, 870, 871, 872, 873, 874]","[17, 18, 19, 20, 21, 22, 23, 156, 157, 158, 159, 160, 161, 162, 163, 164, 165, 166, 167, 341, 342, 343, 344, 345, 412, 413, 414, 415, 416, 417, 418, 419, 420, 421, 422, 502, 503, 504, 505, 506, 507, 628, 629, 630, 631, 632, 633, 634, 635, 636, 637, 638, 639, 792, 797, 798, 799, 800, 801, 863, 864, 865, 866, 867, 868, 869, 870, 871, 872, 873, 874]",7/6 successful match,True,[413],True,119,False,,1.0,True,Flying J Travel Plaza # 748,Flying J
"Ogden , 84401 Flying J Travel Plaza # 0500001",801-399-5577 I-15-84 Exit 343 ( UT 104 E ),45,Ogden,84401,Flying J Travel Plaza # 0500001,801-399-5577,2006,Ogden,UT,Flying J,( UT 104 E ),I-15-84 Exit 343 ,Exit,343,False,,False,I-15-84,,,,,"[416, 867]","[416, 445, 475, 867, 895, 923]","[416, 460, 475, 867, 907, 923]","[416, 475, 867, 923]","[398, 399, 400, 401, 402, 403, 404, 405, 406, 407, 408, 409, 410, 411, 412, 413, 414, 415, 416, 417, 418, 419, 420, 421, 422, 423, 424, 425, 426, 427, 428, 429, 430, 431, 432, 433, 434, 435, 436, 437, 438, 439, 440, 441, 442, 443, 444, 445, 446, 447, 448, 449, 450, 451, 452, 453, 454, 455, 456, 457, 458, 459, 460, 461, 462, 463, 464, 465, 466, 467, 468, 469, 470, 471, 472, 473, 474, 475, 476, 477, 478, 479, 480, 481, 482, 483, 484, 848, 849, 850, 851, 852, 853, 854, 855, 856, 857, 858, 859, 860, 861, 862, 863, 864, 865, 866, 867, 868, 869, 870, 871, 872, 873, 874, 875, 876, 877, 878, 879, 880, 881, 882, 883, 884, 885, 886, 887, 888, 889, 890, 891, 892, 893, 894, 895, 896, 897, 898, 899, 900, 901, 902, 903, 904, 905, 906, 907, 908, 909, 910, 911, 912, 913, 914, 915, 916, 917, 918, 919, 920, 921, 922, 923, 924, 925, 926, 927, 928, 929, 930, 931, 932, 933, 934, 935]","[16, 125, 156, 163, 168, 184, 205, 222, 229, 253, 258, 265, 313, 317, 336, 340, 341, 356, 363, 365, 366, 367, 370, 375, 388, 391, 394, 396, 402, 410, 411, 412, 413, 415, 416, 417, 418, 419, 422, 423, 425, 429, 431, 433, 435, 437, 440, 441, 442, 443, 451, 452, 456, 457, 458, 460, 461, 464, 465, 471, 473, 474, 475, 481, 482, 501, 596, 628, 635, 655, 675, 693, 716, 720, 725, 771, 775, 793, 796, 797, 811, 817, 818, 820, 825, 838, 841, 844, 846, 851, 857, 861, 862, 863, 864, 866, 867, 868, 870, 871, 874, 875, 877, 881, 883, 885, 888, 891, 892, 893, 898, 899, 904, 905, 907, 908, 911, 912, 918, 920, 921, 922, 923, 924, 926, 931, 933]","[17, 18, 19, 20, 21, 22, 23, 156, 157, 158, 159, 160, 161, 162, 163, 164, 165, 166, 167, 341, 342, 343, 344, 345, 412, 413, 414, 415, 416, 417, 418, 419, 420, 421, 422, 502, 503, 504, 505, 506, 507, 628, 629, 630, 631, 632, 633, 634, 635, 636, 637, 638, 639, 792, 797, 798, 799, 800, 801, 863, 864, 865, 866, 867, 868, 869, 870, 871, 872, 873, 874]","[17, 18, 19, 20, 21, 22, 23, 156, 157, 158, 159, 160, 161, 162, 163, 164, 165, 166, 167, 168, 340, 341, 342, 343, 344, 345, 346, 412, 413, 414, 415, 416, 417, 418, 419, 420, 421, 422, 502, 503, 504, 505, 506, 507, 628, 629, 630, 631, 632, 633, 634, 635, 636, 637, 638, 639, 792, 796, 797, 798, 799, 800, 801, 863, 864, 865, 866, 867, 868, 869, 870, 871, 872, 873, 874]","[916, 917, 918, 919, 16, 17, 18, 19, 920, 20, 21, 22, 23, 921, 922, 388, 924, 925, 926, 927, 928, 929, 930, 931, 932, 596, 933, 934, 935, 391, 628, 629, 630, 631, 632, 633, 634, 635, 636, 125, 637, 638, 639, 655, 336, 156, 157, 158, 159, 160, 161, 162, 163, 675, 164, 165, 166, 168, 167, 340, 341, 693, 184, 342, 394, 343, 344, 345, 716, 205, 346, 720, 725, 375, 222, 229, 396, 253, 356, 258, 771, 775, 265, 792, 793, 796, 797, 798, 799, 800, 801, 363, 811, 365, 817, 366, 818, 820, 367, 313, 825, 317, 370, 838, 841, 844, 846, 848, 849, 850, 851, 852, 853, 854, 855, 856, 857, 858, 859, 860, 861, 862, 863, 864, 865, 866, 867, 868, 869, 870, 871, 872, 873, 874, 875, 876, 877, 878, 879, 880, 881, 882, 883, 884, 885, 886, 887, 888, 889, 890, 891, 892, 893, 894, 895, 896, 897, 898, 899, 900, 901, 902, 903, 904, 905, 906, 907, 908, 909, 398, 399, 400, 401, 402, 403, 404, 405, 406, 407, 408, 409, 410, 923, 411, 412, 413, 414, 416, 415, 417, 418, 419, 420, 421, 422, 423, 424, 425, 426, 427, 428, 429, 430, 431, 432, 433, 434, 435, 436, 437, 438, 439, 440, 441, 442, 443, 445, 444, 446, 447, 448, 449, 450, 451, 452, 453, 454, 455, 456, 457, 458, 460, 459, 461, 462, 463, 464, 465, 466, 467, 468, 469, 470, 471, 472, 473, 475, 474, 476, 477, 478, 479, 480, 481, 482, 483, 484, 910, 503, 911, 912, 913, 501, 502, 914, 504, 505, 506, 507, 915]",True,"[416, 445, 475, 867, 895, 923]","[398, 399, 400, 401, 402, 403, 404, 405, 406, 407, 408, 409, 410, 411, 412, 413, 414, 415, 416, 417, 418, 419, 420, 421, 422, 423, 424, 425, 426, 427, 428, 429, 430, 431, 432, 433, 434, 435, 436, 437, 438, 439, 440, 441, 442, 443, 444, 445, 446, 447, 448, 449, 450, 451, 452, 453, 454, 455, 456, 457, 458, 459, 460, 461, 462, 463, 464, 465, 466, 467, 468, 469, 470, 471, 472, 473, 474, 475, 476, 477, 478, 479, 480, 481, 482, 483, 484, 848, 849, 850, 851, 852, 853, 854, 855, 856, 857, 858, 859, 860, 861, 862, 863, 864, 865, 866, 867, 868, 869, 870, 871, 872, 873, 874, 875, 876, 877, 878, 879, 880, 881, 882, 883, 884, 885, 886, 887, 888, 889, 890, 891, 892, 893, 894, 895, 896, 897, 898, 899, 900, 901, 902, 903, 904, 905, 906, 907, 908, 909, 910, 911, 912, 913, 914, 915, 916, 917, 918, 919, 920, 921, 922, 923, 924, 925, 926, 927, 928, 929, 930, 931, 932, 933, 934, 935]","[416, 460, 475, 867, 907, 923]","[416, 475, 867, 923]","[16, 125, 156, 163, 168, 184, 205, 222, 229, 253, 258, 265, 313, 317, 336, 340, 341, 356, 363, 365, 366, 367, 370, 375, 388, 391, 394, 396, 402, 410, 411, 412, 413, 415, 416, 417, 418, 419, 422, 423, 425, 429, 431, 433, 435, 437, 440, 441, 442, 443, 451, 452, 456, 457, 458, 460, 461, 464, 465, 471, 473, 474, 475, 481, 482, 501, 596, 628, 635, 655, 675, 693, 716, 720, 725, 771, 775, 793, 796, 797, 811, 817, 818, 820, 825, 838, 841, 844, 846, 851, 857, 861, 862, 863, 864, 866, 867, 868, 870, 871, 874, 875, 877, 881, 883, 885, 888, 891, 892, 893, 898, 899, 904, 905, 907, 908, 911, 912, 918, 920, 921, 922, 923, 924, 926, 931, 933]","[17, 18, 19, 20, 21, 22, 23, 156, 157, 158, 159, 160, 161, 162, 163, 164, 165, 166, 167, 168, 340, 341, 342, 343, 344, 345, 346, 412, 413, 414, 415, 416, 417, 418, 419, 420, 421, 422, 502, 503, 504, 505, 506, 507, 628, 629, 630, 631, 632, 633, 634, 635, 636, 637, 638, 639, 792, 796, 797, 798, 799, 800, 801, 863, 864, 865, 866, 867, 868, 869, 870, 871, 872, 873, 874]","[17, 18, 19, 20, 21, 22, 23, 156, 157, 158, 159, 160, 161, 162, 163, 164, 165, 166, 167, 341, 342, 343, 344, 345, 412, 413, 414, 415, 416, 417, 418, 419, 420, 421, 422, 502, 503, 504, 505, 506, 507, 628, 629, 630, 631, 632, 633, 634, 635, 636, 637, 638, 639, 792, 797, 798, 799, 800, 801, 863, 864, 865, 866, 867, 868, 869, 870, 871, 872, 873, 874]",7/6 successful match,True,[116],True,120,False,,,,,
"Ogden , 84401 J Travel Plaza # 0500001",801-399-5577 I-15-84 Flying Exit 343 ( UT 104 E ),24 T,Ogden,84401,J Travel Plaza # 0500001,801-399-5577,2007,Ogden,UT,,( UT 104 E ),I-15-84 Flying Exit 343 ,Exit,343,False,,False,I-15-84,,,,,"[416, 867]","[416, 445, 475, 867, 895, 923]","[416, 460, 475, 867, 907, 923]","[416, 475, 867, 923]","[398, 399, 400, 401, 402, 403, 404, 405, 406, 407, 408, 409, 410, 411, 412, 413, 414, 415, 416, 417, 418, 419, 420, 421, 422, 423, 424, 425, 426, 427, 428, 429, 430, 431, 432, 433, 434, 435, 436, 437, 438, 439, 440, 441, 442, 443, 444, 445, 446, 447, 448, 449, 450, 451, 452, 453, 454, 455, 456, 457, 458, 459, 460, 461, 462, 463, 464, 465, 466, 467, 468, 469, 470, 471, 472, 473, 474, 475, 476, 477, 478, 479, 480, 481, 482, 483, 484, 848, 849, 850, 851, 852, 853, 854, 855, 856, 857, 858, 859, 860, 861, 862, 863, 864, 865, 866, 867, 868, 869, 870, 871, 872, 873, 874, 875, 876, 877, 878, 879, 880, 881, 882, 883, 884, 885, 886, 887, 888, 889, 890, 891, 892, 893, 894, 895, 896, 897, 898, 899, 900, 901, 902, 903, 904, 905, 906, 907, 908, 909, 910, 911, 912, 913, 914, 915, 916, 917, 918, 919, 920, 921, 922, 923, 924, 925, 926, 927, 928, 929, 930, 931, 932, 933, 934, 935]","[16, 125, 156, 163, 168, 184, 205, 222, 229, 253, 258, 265, 313, 317, 336, 340, 341, 356, 363, 365, 366, 367, 370, 375, 388, 391, 394, 396, 402, 410, 411, 412, 413, 415, 416, 417, 418, 419, 422, 423, 425, 429, 431, 433, 435, 437, 440, 441, 442, 443, 451, 452, 456, 457, 458, 460, 461, 464, 465, 471, 473, 474, 475, 481, 482, 501, 596, 628, 635, 655, 675, 693, 716, 720, 725, 771, 775, 793, 796, 797, 811, 817, 818, 820, 825, 838, 841, 844, 846, 851, 857, 861, 862, 863, 864, 866, 867, 868, 870, 871, 874, 875, 877, 881, 883, 885, 888, 891, 892, 893, 898, 899, 904, 905, 907, 908, 911, 912, 918, 920, 921, 922, 923, 924, 926, 931, 933]",[],[],"[916, 917, 918, 919, 16, 920, 921, 922, 388, 924, 925, 926, 927, 928, 929, 930, 931, 932, 596, 933, 934, 935, 391, 628, 635, 125, 655, 336, 156, 163, 675, 168, 340, 341, 693, 184, 394, 716, 205, 720, 725, 375, 222, 229, 396, 253, 356, 258, 771, 775, 265, 793, 796, 797, 363, 811, 365, 817, 366, 818, 820, 367, 313, 825, 317, 370, 838, 841, 844, 846, 848, 849, 850, 851, 852, 853, 854, 855, 856, 857, 858, 859, 860, 861, 862, 863, 864, 865, 866, 867, 868, 869, 870, 871, 872, 873, 874, 875, 876, 877, 878, 879, 880, 881, 882, 883, 884, 885, 886, 887, 888, 889, 890, 891, 892, 893, 894, 895, 896, 897, 898, 899, 900, 901, 902, 903, 904, 905, 906, 907, 908, 909, 398, 399, 400, 401, 402, 403, 404, 405, 406, 407, 408, 409, 410, 923, 411, 412, 413, 414, 416, 415, 417, 418, 419, 420, 421, 422, 423, 424, 425, 426, 427, 428, 429, 430, 431, 432, 433, 434, 435, 436, 437, 438, 439, 440, 441, 442, 443, 445, 444, 446, 447, 448, 449, 450, 451, 452, 453, 454, 455, 456, 457, 458, 460, 459, 461, 462, 463, 464, 465, 466, 467, 468, 469, 470, 471, 472, 473, 475, 474, 476, 477, 478, 479, 480, 481, 482, 483, 484, 910, 911, 912, 913, 501, 914, 915]",True,"[416, 445, 475, 867, 895, 923]","[398, 399, 400, 401, 402, 403, 404, 405, 406, 407, 408, 409, 410, 411, 412, 413, 414, 415, 416, 417, 418, 419, 420, 421, 422, 423, 424, 425, 426, 427, 428, 429, 430, 431, 432, 433, 434, 435, 436, 437, 438, 439, 440, 441, 442, 443, 444, 445, 446, 447, 448, 449, 450, 451, 452, 453, 454, 455, 456, 457, 458, 459, 460, 461, 462, 463, 464, 465, 466, 467, 468, 469, 470, 471, 472, 473, 474, 475, 476, 477, 478, 479, 480, 481, 482, 483, 484, 848, 849, 850, 851, 852, 853, 854, 855, 856, 857, 858, 859, 860, 861, 862, 863, 864, 865, 866, 867, 868, 869, 870, 871, 872, 873, 874, 875, 876, 877, 878, 879, 880, 881, 882, 883, 884, 885, 886, 887, 888, 889, 890, 891, 892, 893, 894, 895, 896, 897, 898, 899, 900, 901, 902, 903, 904, 905, 906, 907, 908, 909, 910, 911, 912, 913, 914, 915, 916, 917, 918, 919, 920, 921, 922, 923, 924, 925, 926, 927, 928, 929, 930, 931, 932, 933, 934, 935]","[416, 460, 475, 867, 907, 923]","[416, 475, 867, 923]","[16, 125, 156, 163, 168, 184, 205, 222, 229, 253, 258, 265, 313, 317, 336, 340, 341, 356, 363, 365, 366, 367, 370, 375, 388, 391, 394, 396, 402, 410, 411, 412, 413, 415, 416, 417, 418, 419, 422, 423, 425, 429, 431, 433, 435, 437, 440, 441, 442, 443, 451, 452, 456, 457, 458, 460, 461, 464, 465, 471, 473, 474, 475, 481, 482, 501, 596, 628, 635, 655, 675, 693, 716, 720, 725, 771, 775, 793, 796, 797, 811, 817, 818, 820, 825, 838, 841, 844, 846, 851, 857, 861, 862, 863, 864, 866, 867, 868, 870, 871, 874, 875, 877, 881, 883, 885, 888, 891, 892, 893, 898, 899, 904, 905, 907, 908, 911, 912, 918, 920, 921, 922, 923, 924, 926, 931, 933]",[],[],7/6 successful match,True,[116],True,120,False,,0.6618181818181819,True,Flying J Travel Plaza # 0500001,Flying J
"Ogden , 84401 Flying J Travel Plaza # 0500001 .",801-399-5577 I-15-84 Exit 343 ( UT 104 E ),) <U+2610> <U+2610> <U+2610> <U+2610>,Ogden,84401,Flying J Travel Plaza # 0500001 .,801-399-5577,2008,Ogden,UT,Flying J,( UT 104 E ),I-15-84 Exit 343 ,Exit,343,False,,False,I-15-84,,,,,"[416, 867]","[416, 445, 475, 867, 895, 923]","[416, 460, 475, 867, 907, 923]","[416, 475, 867, 923]","[398, 399, 400, 401, 402, 403, 404, 405, 406, 407, 408, 409, 410, 411, 412, 413, 414, 415, 416, 417, 418, 419, 420, 421, 422, 423, 424, 425, 426, 427, 428, 429, 430, 431, 432, 433, 434, 435, 436, 437, 438, 439, 440, 441, 442, 443, 444, 445, 446, 447, 448, 449, 450, 451, 452, 453, 454, 455, 456, 457, 458, 459, 460, 461, 462, 463, 464, 465, 466, 467, 468, 469, 470, 471, 472, 473, 474, 475, 476, 477, 478, 479, 480, 481, 482, 483, 484, 848, 849, 850, 851, 852, 853, 854, 855, 856, 857, 858, 859, 860, 861, 862, 863, 864, 865, 866, 867, 868, 869, 870, 871, 872, 873, 874, 875, 876, 877, 878, 879, 880, 881, 882, 883, 884, 885, 886, 887, 888, 889, 890, 891, 892, 893, 894, 895, 896, 897, 898, 899, 900, 901, 902, 903, 904, 905, 906, 907, 908, 909, 910, 911, 912, 913, 914, 915, 916, 917, 918, 919, 920, 921, 922, 923, 924, 925, 926, 927, 928, 929, 930, 931, 932, 933, 934, 935]","[16, 125, 156, 163, 168, 184, 205, 222, 229, 253, 258, 265, 313, 317, 336, 340, 341, 356, 363, 365, 366, 367, 370, 375, 388, 391, 394, 396, 402, 410, 411, 412, 413, 415, 416, 417, 418, 419, 422, 423, 425, 429, 431, 433, 435, 437, 440, 441, 442, 443, 451, 452, 456, 457, 458, 460, 461, 464, 465, 471, 473, 474, 475, 481, 482, 501, 596, 628, 635, 655, 675, 693, 716, 720, 725, 771, 775, 793, 796, 797, 811, 817, 818, 820, 825, 838, 841, 844, 846, 851, 857, 861, 862, 863, 864, 866, 867, 868, 870, 871, 874, 875, 877, 881, 883, 885, 888, 891, 892, 893, 898, 899, 904, 905, 907, 908, 911, 912, 918, 920, 921, 922, 923, 924, 926, 931, 933]","[17, 18, 19, 20, 21, 22, 23, 156, 157, 158, 159, 160, 161, 162, 163, 164, 165, 166, 167, 341, 342, 343, 344, 345, 412, 413, 414, 415, 416, 417, 418, 419, 420, 421, 422, 502, 503, 504, 505, 506, 507, 628, 629, 630, 631, 632, 633, 634, 635, 636, 637, 638, 639, 792, 797, 798, 799, 800, 801, 863, 864, 865, 866, 867, 868, 869, 870, 871, 872, 873, 874]","[17, 18, 19, 20, 21, 22, 23, 156, 157, 158, 159, 160, 161, 162, 163, 164, 165, 166, 167, 168, 340, 341, 342, 343, 344, 345, 346, 412, 413, 414, 415, 416, 417, 418, 419, 420, 421, 422, 502, 503, 504, 505, 506, 507, 628, 629, 630, 631, 632, 633, 634, 635, 636, 637, 638, 639, 792, 796, 797, 798, 799, 800, 801, 863, 864, 865, 866, 867, 868, 869, 870, 871, 872, 873, 874]","[916, 917, 918, 919, 16, 17, 18, 19, 920, 20, 21, 22, 23, 921, 922, 388, 924, 925, 926, 927, 928, 929, 930, 931, 932, 596, 933, 934, 935, 391, 628, 629, 630, 631, 632, 633, 634, 635, 636, 125, 637, 638, 639, 655, 336, 156, 157, 158, 159, 160, 161, 162, 163, 675, 164, 165, 166, 168, 167, 340, 341, 693, 184, 342, 394, 343, 344, 345, 716, 205, 346, 720, 725, 375, 222, 229, 396, 253, 356, 258, 771, 775, 265, 792, 793, 796, 797, 798, 799, 800, 801, 363, 811, 365, 817, 366, 818, 820, 367, 313, 825, 317, 370, 838, 841, 844, 846, 848, 849, 850, 851, 852, 853, 854, 855, 856, 857, 858, 859, 860, 861, 862, 863, 864, 865, 866, 867, 868, 869, 870, 871, 872, 873, 874, 875, 876, 877, 878, 879, 880, 881, 882, 883, 884, 885, 886, 887, 888, 889, 890, 891, 892, 893, 894, 895, 896, 897, 898, 899, 900, 901, 902, 903, 904, 905, 906, 907, 908, 909, 398, 399, 400, 401, 402, 403, 404, 405, 406, 407, 408, 409, 410, 923, 411, 412, 413, 414, 416, 415, 417, 418, 419, 420, 421, 422, 423, 424, 425, 426, 427, 428, 429, 430, 431, 432, 433, 434, 435, 436, 437, 438, 439, 440, 441, 442, 443, 445, 444, 446, 447, 448, 449, 450, 451, 452, 453, 454, 455, 456, 457, 458, 460, 459, 461, 462, 463, 464, 465, 466, 467, 468, 469, 470, 471, 472, 473, 475, 474, 476, 477, 478, 479, 480, 481, 482, 483, 484, 910, 503, 911, 912, 913, 501, 502, 914, 504, 505, 506, 507, 915]",True,"[416, 445, 475, 867, 895, 923]","[398, 399, 400, 401, 402, 403, 404, 405, 406, 407, 408, 409, 410, 411, 412, 413, 414, 415, 416, 417, 418, 419, 420, 421, 422, 423, 424, 425, 426, 427, 428, 429, 430, 431, 432, 433, 434, 435, 436, 437, 438, 439, 440, 441, 442, 443, 444, 445, 446, 447, 448, 449, 450, 451, 452, 453, 454, 455, 456, 457, 458, 459, 460, 461, 462, 463, 464, 465, 466, 467, 468, 469, 470, 471, 472, 473, 474, 475, 476, 477, 478, 479, 480, 481, 482, 483, 484, 848, 849, 850, 851, 852, 853, 854, 855, 856, 857, 858, 859, 860, 861, 862, 863, 864, 865, 866, 867, 868, 869, 870, 871, 872, 873, 874, 875, 876, 877, 878, 879, 880, 881, 882, 883, 884, 885, 886, 887, 888, 889, 890, 891, 892, 893, 894, 895, 896, 897, 898, 899, 900, 901, 902, 903, 904, 905, 906, 907, 908, 909, 910, 911, 912, 913, 914, 915, 916, 917, 918, 919, 920, 921, 922, 923, 924, 925, 926, 927, 928, 929, 930, 931, 932, 933, 934, 935]","[416, 460, 475, 867, 907, 923]","[416, 475, 867, 923]","[16, 125, 156, 163, 168, 184, 205, 222, 229, 253, 258, 265, 313, 317, 336, 340, 341, 356, 363, 365, 366, 367, 370, 375, 388, 391, 394, 396, 402, 410, 411, 412, 413, 415, 416, 417, 418, 419, 422, 423, 425, 429, 431, 433, 435, 437, 440, 441, 442, 443, 451, 452, 456, 457, 458, 460, 461, 464, 465, 471, 473, 474, 475, 481, 482, 501, 596, 628, 635, 655, 675, 693, 716, 720, 725, 771, 775, 793, 796, 797, 811, 817, 818, 820, 825, 838, 841, 844, 846, 851, 857, 861, 862, 863, 864, 866, 867, 868, 870, 871, 874, 875, 877, 881, 883, 885, 888, 891, 892, 893, 898, 899, 904, 905, 907, 908, 911, 912, 918, 920, 921, 922, 923, 924, 926, 931, 933]","[17, 18, 19, 20, 21, 22, 23, 156, 157, 158, 159, 160, 161, 162, 163, 164, 165, 166, 167, 168, 340, 341, 342, 343, 344, 345, 346, 412, 413, 414, 415, 416, 417, 418, 419, 420, 421, 422, 502, 503, 504, 505, 506, 507, 628, 629, 630, 631, 632, 633, 634, 635, 636, 637, 638, 639, 792, 796, 797, 798, 799, 800, 801, 863, 864, 865, 866, 867, 868, 869, 870, 871, 872, 873, 874]","[17, 18, 19, 20, 21, 22, 23, 156, 157, 158, 159, 160, 161, 162, 163, 164, 165, 166, 167, 341, 342, 343, 344, 345, 412, 413, 414, 415, 416, 417, 418, 419, 420, 421, 422, 502, 503, 504, 505, 506, 507, 628, 629, 630, 631, 632, 633, 634, 635, 636, 637, 638, 639, 792, 797, 798, 799, 800, 801, 863, 864, 865, 866, 867, 868, 869, 870, 871, 872, 873, 874]",7/6 successful match,True,[116],True,120,False,,0.6526315789473685,True,J Travel Plaza # 0500001,
Ogden ( 84401 ) Flying J Travel UT Plaza 28 SE # 744 ),3 801-399-5577 I-15-84 Exit 343 ( UT 104 E ),24 XL 24,Ogden,84401,Flying J Travel UT Plaza 28 SE # 744 ),801-399-5577,2014,Ogden,UT,Flying J,( UT 104 E ),I-15-84 Exit 343 ,Exit,343,False,,False,I-15-84,,,,,"[416, 867]","[416, 445, 475, 867, 895, 923]","[416, 460, 475, 867, 907, 923]","[416, 475, 867, 923]","[398, 399, 400, 401, 402, 403, 404, 405, 406, 407, 408, 409, 410, 411, 412, 413, 414, 415, 416, 417, 418, 419, 420, 421, 422, 423, 424, 425, 426, 427, 428, 429, 430, 431, 432, 433, 434, 435, 436, 437, 438, 439, 440, 441, 442, 443, 444, 445, 446, 447, 448, 449, 450, 451, 452, 453, 454, 455, 456, 457, 458, 459, 460, 461, 462, 463, 464, 465, 466, 467, 468, 469, 470, 471, 472, 473, 474, 475, 476, 477, 478, 479, 480, 481, 482, 483, 484, 848, 849, 850, 851, 852, 853, 854, 855, 856, 857, 858, 859, 860, 861, 862, 863, 864, 865, 866, 867, 868, 869, 870, 871, 872, 873, 874, 875, 876, 877, 878, 879, 880, 881, 882, 883, 884, 885, 886, 887, 888, 889, 890, 891, 892, 893, 894, 895, 896, 897, 898, 899, 900, 901, 902, 903, 904, 905, 906, 907, 908, 909, 910, 911, 912, 913, 914, 915, 916, 917, 918, 919, 920, 921, 922, 923, 924, 925, 926, 927, 928, 929, 930, 931, 932, 933, 934, 935]","[16, 125, 156, 163, 168, 184, 205, 222, 229, 253, 258, 265, 313, 317, 336, 340, 341, 356, 363, 365, 366, 367, 370, 375, 388, 391, 394, 396, 402, 410, 411, 412, 413, 415, 416, 417, 418, 419, 422, 423, 425, 429, 431, 433, 435, 437, 440, 441, 442, 443, 451, 452, 456, 457, 458, 460, 461, 464, 465, 471, 473, 474, 475, 481, 482, 501, 596, 628, 635, 655, 675, 693, 716, 720, 725, 771, 775, 793, 796, 797, 811, 817, 818, 820, 825, 838, 841, 844, 846, 851, 857, 861, 862, 863, 864, 866, 867, 868, 870, 871, 874, 875, 877, 881, 883, 885, 888, 891, 892, 893, 898, 899, 904, 905, 907, 908, 911, 912, 918, 920, 921, 922, 923, 924, 926, 931, 933]","[17, 18, 19, 20, 21, 22, 23, 156, 157, 158, 159, 160, 161, 162, 163, 164, 165, 166, 167, 341, 342, 343, 344, 345, 412, 413, 414, 415, 416, 417, 418, 419, 420, 421, 422, 502, 503, 504, 505, 506, 507, 628, 629, 630, 631, 632, 633, 634, 635, 636, 637, 638, 639, 792, 797, 798, 799, 800, 801, 863, 864, 865, 866, 867, 868, 869, 870, 871, 872, 873, 874]","[17, 18, 19, 20, 21, 22, 23, 156, 157, 158, 159, 160, 161, 162, 163, 164, 165, 166, 167, 168, 340, 341, 342, 343, 344, 345, 346, 412, 413, 414, 415, 416, 417, 418, 419, 420, 421, 422, 502, 503, 504, 505, 506, 507, 628, 629, 630, 631, 632, 633, 634, 635, 636, 637, 638, 639, 792, 796, 797, 798, 799, 800, 801, 863, 864, 865, 866, 867, 868, 869, 870, 871, 872, 873, 874]","[916, 917, 918, 919, 16, 17, 18, 19, 920, 20, 21, 22, 23, 921, 922, 388, 924, 925, 926, 927, 928, 929, 930, 931, 932, 596, 933, 934, 935, 391, 628, 629, 630, 631, 632, 633, 634, 635, 636, 125, 637, 638, 639, 655, 336, 156, 157, 158, 159, 160, 161, 162, 163, 675, 164, 165, 166, 168, 167, 340, 341, 693, 184, 342, 394, 343, 344, 345, 716, 205, 346, 720, 725, 375, 222, 229, 396, 253, 356, 258, 771, 775, 265, 792, 793, 796, 797, 798, 799, 800, 801, 363, 811, 365, 817, 366, 818, 820, 367, 313, 825, 317, 370, 838, 841, 844, 846, 848, 849, 850, 851, 852, 853, 854, 855, 856, 857, 858, 859, 860, 861, 862, 863, 864, 865, 866, 867, 868, 869, 870, 871, 872, 873, 874, 875, 876, 877, 878, 879, 880, 881, 882, 883, 884, 885, 886, 887, 888, 889, 890, 891, 892, 893, 894, 895, 896, 897, 898, 899, 900, 901, 902, 903, 904, 905, 906, 907, 908, 909, 398, 399, 400, 401, 402, 403, 404, 405, 406, 407, 408, 409, 410, 923, 411, 412, 413, 414, 416, 415, 417, 418, 419, 420, 421, 422, 423, 424, 425, 426, 427, 428, 429, 430, 431, 432, 433, 434, 435, 436, 437, 438, 439, 440, 441, 442, 443, 445, 444, 446, 447, 448, 449, 450, 451, 452, 453, 454, 455, 456, 457, 458, 460, 459, 461, 462, 463, 464, 465, 466, 467, 468, 469, 470, 471, 472, 473, 475, 474, 476, 477, 478, 479, 480, 481, 482, 483, 484, 910, 503, 911, 912, 913, 501, 502, 914, 504, 505, 506, 507, 915]",True,"[416, 445, 475, 867, 895, 923]","[398, 399, 400, 401, 402, 403, 404, 405, 406, 407, 408, 409, 410, 411, 412, 413, 414, 415, 416, 417, 418, 419, 420, 421, 422, 423, 424, 425, 426, 427, 428, 429, 430, 431, 432, 433, 434, 435, 436, 437, 438, 439, 440, 441, 442, 443, 444, 445, 446, 447, 448, 449, 450, 451, 452, 453, 454, 455, 456, 457, 458, 459, 460, 461, 462, 463, 464, 465, 466, 467, 468, 469, 470, 471, 472, 473, 474, 475, 476, 477, 478, 479, 480, 481, 482, 483, 484, 848, 849, 850, 851, 852, 853, 854, 855, 856, 857, 858, 859, 860, 861, 862, 863, 864, 865, 866, 867, 868, 869, 870, 871, 872, 873, 874, 875, 876, 877, 878, 879, 880, 881, 882, 883, 884, 885, 886, 887, 888, 889, 890, 891, 892, 893, 894, 895, 896, 897, 898, 899, 900, 901, 902, 903, 904, 905, 906, 907, 908, 909, 910, 911, 912, 913, 914, 915, 916, 917, 918, 919, 920, 921, 922, 923, 924, 925, 926, 927, 928, 929, 930, 931, 932, 933, 934, 935]","[416, 460, 475, 867, 907, 923]","[416, 475, 867, 923]","[16, 125, 156, 163, 168, 184, 205, 222, 229, 253, 258, 265, 313, 317, 336, 340, 341, 356, 363, 365, 366, 367, 370, 375, 388, 391, 394, 396, 402, 410, 411, 412, 413, 415, 416, 417, 418, 419, 422, 423, 425, 429, 431, 433, 435, 437, 440, 441, 442, 443, 451, 452, 456, 457, 458, 460, 461, 464, 465, 471, 473, 474, 475, 481, 482, 501, 596, 628, 635, 655, 675, 693, 716, 720, 725, 771, 775, 793, 796, 797, 811, 817, 818, 820, 825, 838, 841, 844, 846, 851, 857, 861, 862, 863, 864, 866, 867, 868, 870, 871, 874, 875, 877, 881, 883, 885, 888, 891, 892, 893, 898, 899, 904, 905, 907, 908, 911, 912, 918, 920, 921, 922, 923, 924, 926, 931, 933]","[17, 18, 19, 20, 21, 22, 23, 156, 157, 158, 159, 160, 161, 162, 163, 164, 165, 166, 167, 168, 340, 341, 342, 343, 344, 345, 346, 412, 413, 414, 415, 416, 417, 418, 419, 420, 421, 422, 502, 503, 504, 505, 506, 507, 628, 629, 630, 631, 632, 633, 634, 635, 636, 637, 638, 639, 792, 796, 797, 798, 799, 800, 801, 863, 864, 865, 866, 867, 868, 869, 870, 871, 872, 873, 874]","[17, 18, 19, 20, 21, 22, 23, 156, 157, 158, 159, 160, 161, 162, 163, 164, 165, 166, 167, 341, 342, 343, 344, 345, 412, 413, 414, 415, 416, 417, 418, 419, 420, 421, 422, 502, 503, 504, 505, 506, 507, 628, 629, 630, 631, 632, 633, 634, 635, 636, 637, 638, 639, 792, 797, 798, 799, 800, 801, 863, 864, 865, 866, 867, 868, 869, 870, 871, 872, 873, 874]",7/6 successful match,True,[116],True,120,False,,0.5112676056338028,True,Flying J Travel Plaza # 0500001 .,Flying J
Ogden ( 84401 ) Flying J Travel Plaza # 744,801-399-5577 I-15-84 Exit 343 ( UT 104 E ) FLYING,FLYING J 24 X 24,Ogden,84401,Flying J Travel Plaza # 744,801-399-5577,2015,Ogden,UT,Flying J,( UT 104 E ) FLYING,I-15-84 Exit 343 ,Exit,343,False,,False,I-15-84,,,,,"[416, 867]","[416, 445, 475, 867, 895, 923]","[416, 460, 475, 867, 907, 923]","[416, 475, 867, 923]","[398, 399, 400, 401, 402, 403, 404, 405, 406, 407, 408, 409, 410, 411, 412, 413, 414, 415, 416, 417, 418, 419, 420, 421, 422, 423, 424, 425, 426, 427, 428, 429, 430, 431, 432, 433, 434, 435, 436, 437, 438, 439, 440, 441, 442, 443, 444, 445, 446, 447, 448, 449, 450, 451, 452, 453, 454, 455, 456, 457, 458, 459, 460, 461, 462, 463, 464, 465, 466, 467, 468, 469, 470, 471, 472, 473, 474, 475, 476, 477, 478, 479, 480, 481, 482, 483, 484, 848, 849, 850, 851, 852, 853, 854, 855, 856, 857, 858, 859, 860, 861, 862, 863, 864, 865, 866, 867, 868, 869, 870, 871, 872, 873, 874, 875, 876, 877, 878, 879, 880, 881, 882, 883, 884, 885, 886, 887, 888, 889, 890, 891, 892, 893, 894, 895, 896, 897, 898, 899, 900, 901, 902, 903, 904, 905, 906, 907, 908, 909, 910, 911, 912, 913, 914, 915, 916, 917, 918, 919, 920, 921, 922, 923, 924, 925, 926, 927, 928, 929, 930, 931, 932, 933, 934, 935]","[16, 125, 156, 163, 168, 184, 205, 222, 229, 253, 258, 265, 313, 317, 336, 340, 341, 356, 363, 365, 366, 367, 370, 375, 388, 391, 394, 396, 402, 410, 411, 412, 413, 415, 416, 417, 418, 419, 422, 423, 425, 429, 431, 433, 435, 437, 440, 441, 442, 443, 451, 452, 456, 457, 458, 460, 461, 464, 465, 471, 473, 474, 475, 481, 482, 501, 596, 628, 635, 655, 675, 693, 716, 720, 725, 771, 775, 793, 796, 797, 811, 817, 818, 820, 825, 838, 841, 844, 846, 851, 857, 861, 862, 863, 864, 866, 867, 868, 870, 871, 874, 875, 877, 881, 883, 885, 888, 891, 892, 893, 898, 899, 904, 905, 907, 908, 911, 912, 918, 920, 921, 922, 923, 924, 926, 931, 933]","[17, 18, 19, 20, 21, 22, 23, 156, 157, 158, 159, 160, 161, 162, 163, 164, 165, 166, 167, 341, 342, 343, 344, 345, 412, 413, 414, 415, 416, 417, 418, 419, 420, 421, 422, 502, 503, 504, 505, 506, 507, 628, 629, 630, 631, 632, 633, 634, 635, 636, 637, 638, 639, 792, 797, 798, 799, 800, 801, 863, 864, 865, 866, 867, 868, 869, 870, 871, 872, 873, 874]","[17, 18, 19, 20, 21, 22, 23, 156, 157, 158, 159, 160, 161, 162, 163, 164, 165, 166, 167, 168, 340, 341, 342, 343, 344, 345, 346, 412, 413, 414, 415, 416, 417, 418, 419, 420, 421, 422, 502, 503, 504, 505, 506, 507, 628, 629, 630, 631, 632, 633, 634, 635, 636, 637, 638, 639, 792, 796, 797, 798, 799, 800, 801, 863, 864, 865, 866, 867, 868, 869, 870, 871, 872, 873, 874]","[916, 917, 918, 919, 16, 17, 18, 19, 920, 20, 21, 22, 23, 921, 922, 388, 924, 925, 926, 927, 928, 929, 930, 931, 932, 596, 933, 934, 935, 391, 628, 629, 630, 631, 632, 633, 634, 635, 636, 125, 637, 638, 639, 655, 336, 156, 157, 158, 159, 160, 161, 162, 163, 675, 164, 165, 166, 168, 167, 340, 341, 693, 184, 342, 394, 343, 344, 345, 716, 205, 346, 720, 725, 375, 222, 229, 396, 253, 356, 258, 771, 775, 265, 792, 793, 796, 797, 798, 799, 800, 801, 363, 811, 365, 817, 366, 818, 820, 367, 313, 825, 317, 370, 838, 841, 844, 846, 848, 849, 850, 851, 852, 853, 854, 855, 856, 857, 858, 859, 860, 861, 862, 863, 864, 865, 866, 867, 868, 869, 870, 871, 872, 873, 874, 875, 876, 877, 878, 879, 880, 881, 882, 883, 884, 885, 886, 887, 888, 889, 890, 891, 892, 893, 894, 895, 896, 897, 898, 899, 900, 901, 902, 903, 904, 905, 906, 907, 908, 909, 398, 399, 400, 401, 402, 403, 404, 405, 406, 407, 408, 409, 410, 923, 411, 412, 413, 414, 416, 415, 417, 418, 419, 420, 421, 422, 423, 424, 425, 426, 427, 428, 429, 430, 431, 432, 433, 434, 435, 436, 437, 438, 439, 440, 441, 442, 443, 445, 444, 446, 447, 448, 449, 450, 451, 452, 453, 454, 455, 456, 457, 458, 460, 459, 461, 462, 463, 464, 465, 466, 467, 468, 469, 470, 471, 472, 473, 475, 474, 476, 477, 478, 479, 480, 481, 482, 483, 484, 910, 503, 911, 912, 913, 501, 502, 914, 504, 505, 506, 507, 915]",True,"[416, 445, 475, 867, 895, 923]","[398, 399, 400, 401, 402, 403, 404, 405, 406, 407, 408, 409, 410, 411, 412, 413, 414, 415, 416, 417, 418, 419, 420, 421, 422, 423, 424, 425, 426, 427, 428, 429, 430, 431, 432, 433, 434, 435, 436, 437, 438, 439, 440, 441, 442, 443, 444, 445, 446, 447, 448, 449, 450, 451, 452, 453, 454, 455, 456, 457, 458, 459, 460, 461, 462, 463, 464, 465, 466, 467, 468, 469, 470, 471, 472, 473, 474, 475, 476, 477, 478, 479, 480, 481, 482, 483, 484, 848, 849, 850, 851, 852, 853, 854, 855, 856, 857, 858, 859, 860, 861, 862, 863, 864, 865, 866, 867, 868, 869, 870, 871, 872, 873, 874, 875, 876, 877, 878, 879, 880, 881, 882, 883, 884, 885, 886, 887, 888, 889, 890, 891, 892, 893, 894, 895, 896, 897, 898, 899, 900, 901, 902, 903, 904, 905, 906, 907, 908, 909, 910, 911, 912, 913, 914, 915, 916, 917, 918, 919, 920, 921, 922, 923, 924, 925, 926, 927, 928, 929, 930, 931, 932, 933, 934, 935]","[416, 460, 475, 867, 907, 923]","[416, 475, 867, 923]","[16, 125, 156, 163, 168, 184, 205, 222, 229, 253, 258, 265, 313, 317, 336, 340, 341, 356, 363, 365, 366, 367, 370, 375, 388, 391, 394, 396, 402, 410, 411, 412, 413, 415, 416, 417, 418, 419, 422, 423, 425, 429, 431, 433, 435, 437, 440, 441, 442, 443, 451, 452, 456, 457, 458, 460, 461, 464, 465, 471, 473, 474, 475, 481, 482, 501, 596, 628, 635, 655, 675, 693, 716, 720, 725, 771, 775, 793, 796, 797, 811, 817, 818, 820, 825, 838, 841, 844, 846, 851, 857, 861, 862, 863, 864, 866, 867, 868, 870, 871, 874, 875, 877, 881, 883, 885, 888, 891, 892, 893, 898, 899, 904, 905, 907, 908, 911, 912, 918, 920, 921, 922, 923, 924, 926, 931, 933]","[17, 18, 19, 20, 21, 22, 23, 156, 157, 158, 159, 160, 161, 162, 163, 164, 165, 166, 167, 168, 340, 341, 342, 343, 344, 345, 346, 412, 413, 414, 415, 416, 417, 418, 419, 420, 421, 422, 502, 503, 504, 505, 506, 507, 628, 629, 630, 631, 632, 633, 634, 635, 636, 637, 638, 639, 792, 796, 797, 798, 799, 800, 801, 863, 864, 865, 866, 867, 868, 869, 870, 871, 872, 873, 874]","[17, 18, 19, 20, 21, 22, 23, 156, 157, 158, 159, 160, 161, 162, 163, 164, 165, 166, 167, 341, 342, 343, 344, 345, 412, 413, 414, 415, 416, 417, 418, 419, 420, 421, 422, 502, 503, 504, 505, 506, 507, 628, 629, 630, 631, 632, 633, 634, 635, 636, 637, 638, 639, 792, 797, 798, 799, 800, 801, 863, 864, 865, 866, 867, 868, 869, 870, 871, 872, 873, 874]",7/6 successful match,True,[116],True,120,False,,1.0,True,Flying J Travel UT Plaza 28 SE # 744 ),Flying J
Ogden ( 84401 ) Flying J Travel Plaza # 744,3 801-399-5577 I-15-84 Exit 343 ( UT 104 E ) FLYING,XL 24,Ogden,84401,Flying J Travel Plaza # 744,801-399-5577,2016,Ogden,UT,Flying J,( UT 104 E ) FLYING,I-15-84 Exit 343 ,Exit,343,False,,False,I-15-84,,,,,"[416, 867]","[416, 445, 475, 867, 895, 923]","[416, 460, 475, 867, 907, 923]","[416, 475, 867, 923]","[398, 399, 400, 401, 402, 403, 404, 405, 406, 407, 408, 409, 410, 411, 412, 413, 414, 415, 416, 417, 418, 419, 420, 421, 422, 423, 424, 425, 426, 427, 428, 429, 430, 431, 432, 433, 434, 435, 436, 437, 438, 439, 440, 441, 442, 443, 444, 445, 446, 447, 448, 449, 450, 451, 452, 453, 454, 455, 456, 457, 458, 459, 460, 461, 462, 463, 464, 465, 466, 467, 468, 469, 470, 471, 472, 473, 474, 475, 476, 477, 478, 479, 480, 481, 482, 483, 484, 848, 849, 850, 851, 852, 853, 854, 855, 856, 857, 858, 859, 860, 861, 862, 863, 864, 865, 866, 867, 868, 869, 870, 871, 872, 873, 874, 875, 876, 877, 878, 879, 880, 881, 882, 883, 884, 885, 886, 887, 888, 889, 890, 891, 892, 893, 894, 895, 896, 897, 898, 899, 900, 901, 902, 903, 904, 905, 906, 907, 908, 909, 910, 911, 912, 913, 914, 915, 916, 917, 918, 919, 920, 921, 922, 923, 924, 925, 926, 927, 928, 929, 930, 931, 932, 933, 934, 935]","[16, 125, 156, 163, 168, 184, 205, 222, 229, 253, 258, 265, 313, 317, 336, 340, 341, 356, 363, 365, 366, 367, 370, 375, 388, 391, 394, 396, 402, 410, 411, 412, 413, 415, 416, 417, 418, 419, 422, 423, 425, 429, 431, 433, 435, 437, 440, 441, 442, 443, 451, 452, 456, 457, 458, 460, 461, 464, 465, 471, 473, 474, 475, 481, 482, 501, 596, 628, 635, 655, 675, 693, 716, 720, 725, 771, 775, 793, 796, 797, 811, 817, 818, 820, 825, 838, 841, 844, 846, 851, 857, 861, 862, 863, 864, 866, 867, 868, 870, 871, 874, 875, 877, 881, 883, 885, 888, 891, 892, 893, 898, 899, 904, 905, 907, 908, 911, 912, 918, 920, 921, 922, 923, 924, 926, 931, 933]","[17, 18, 19, 20, 21, 22, 23, 156, 157, 158, 159, 160, 161, 162, 163, 164, 165, 166, 167, 341, 342, 343, 344, 345, 412, 413, 414, 415, 416, 417, 418, 419, 420, 421, 422, 502, 503, 504, 505, 506, 507, 628, 629, 630, 631, 632, 633, 634, 635, 636, 637, 638, 639, 792, 797, 798, 799, 800, 801, 863, 864, 865, 866, 867, 868, 869, 870, 871, 872, 873, 874]","[17, 18, 19, 20, 21, 22, 23, 156, 157, 158, 159, 160, 161, 162, 163, 164, 165, 166, 167, 168, 340, 341, 342, 343, 344, 345, 346, 412, 413, 414, 415, 416, 417, 418, 419, 420, 421, 422, 502, 503, 504, 505, 506, 507, 628, 629, 630, 631, 632, 633, 634, 635, 636, 637, 638, 639, 792, 796, 797, 798, 799, 800, 801, 863, 864, 865, 866, 867, 868, 869, 870, 871, 872, 873, 874]","[916, 917, 918, 919, 16, 17, 18, 19, 920, 20, 21, 22, 23, 921, 922, 388, 924, 925, 926, 927, 928, 929, 930, 931, 932, 596, 933, 934, 935, 391, 628, 629, 630, 631, 632, 633, 634, 635, 636, 125, 637, 638, 639, 655, 336, 156, 157, 158, 159, 160, 161, 162, 163, 675, 164, 165, 166, 168, 167, 340, 341, 693, 184, 342, 394, 343, 344, 345, 716, 205, 346, 720, 725, 375, 222, 229, 396, 253, 356, 258, 771, 775, 265, 792, 793, 796, 797, 798, 799, 800, 801, 363, 811, 365, 817, 366, 818, 820, 367, 313, 825, 317, 370, 838, 841, 844, 846, 848, 849, 850, 851, 852, 853, 854, 855, 856, 857, 858, 859, 860, 861, 862, 863, 864, 865, 866, 867, 868, 869, 870, 871, 872, 873, 874, 875, 876, 877, 878, 879, 880, 881, 882, 883, 884, 885, 886, 887, 888, 889, 890, 891, 892, 893, 894, 895, 896, 897, 898, 899, 900, 901, 902, 903, 904, 905, 906, 907, 908, 909, 398, 399, 400, 401, 402, 403, 404, 405, 406, 407, 408, 409, 410, 923, 411, 412, 413, 414, 416, 415, 417, 418, 419, 420, 421, 422, 423, 424, 425, 426, 427, 428, 429, 430, 431, 432, 433, 434, 435, 436, 437, 438, 439, 440, 441, 442, 443, 445, 444, 446, 447, 448, 449, 450, 451, 452, 453, 454, 455, 456, 457, 458, 460, 459, 461, 462, 463, 464, 465, 466, 467, 468, 469, 470, 471, 472, 473, 475, 474, 476, 477, 478, 479, 480, 481, 482, 483, 484, 910, 503, 911, 912, 913, 501, 502, 914, 504, 505, 506, 507, 915]",True,"[416, 445, 475, 867, 895, 923]","[398, 399, 400, 401, 402, 403, 404, 405, 406, 407, 408, 409, 410, 411, 412, 413, 414, 415, 416, 417, 418, 419, 420, 421, 422, 423, 424, 425, 426, 427, 428, 429, 430, 431, 432, 433, 434, 435, 436, 437, 438, 439, 440, 441, 442, 443, 444, 445, 446, 447, 448, 449, 450, 451, 452, 453, 454, 455, 456, 457, 458, 459, 460, 461, 462, 463, 464, 465, 466, 467, 468, 469, 470, 471, 472, 473, 474, 475, 476, 477, 478, 479, 480, 481, 482, 483, 484, 848, 849, 850, 851, 852, 853, 854, 855, 856, 857, 858, 859, 860, 861, 862, 863, 864, 865, 866, 867, 868, 869, 870, 871, 872, 873, 874, 875, 876, 877, 878, 879, 880, 881, 882, 883, 884, 885, 886, 887, 888, 889, 890, 891, 892, 893, 894, 895, 896, 897, 898, 899, 900, 901, 902, 903, 904, 905, 906, 907, 908, 909, 910, 911, 912, 913, 914, 915, 916, 917, 918, 919, 920, 921, 922, 923, 924, 925, 926, 927, 928, 929, 930, 931, 932, 933, 934, 935]","[416, 460, 475, 867, 907, 923]","[416, 475, 867, 923]","[16, 125, 156, 163, 168, 184, 205, 222, 229, 253, 258, 265, 313, 317, 336, 340, 341, 356, 363, 365, 366, 367, 370, 375, 388, 391, 394, 396, 402, 410, 411, 412, 413, 415, 416, 417, 418, 419, 422, 423, 425, 429, 431, 433, 435, 437, 440, 441, 442, 443, 451, 452, 456, 457, 458, 460, 461, 464, 465, 471, 473, 474, 475, 481, 482, 501, 596, 628, 635, 655, 675, 693, 716, 720, 725, 771, 775, 793, 796, 797, 811, 817, 818, 820, 825, 838, 841, 844, 846, 851, 857, 861, 862, 863, 864, 866, 867, 868, 870, 871, 874, 875, 877, 881, 883, 885, 888, 891, 892, 893, 898, 899, 904, 905, 907, 908, 911, 912, 918, 920, 921, 922, 923, 924, 926, 931, 933]","[17, 18, 19, 20, 21, 22, 23, 156, 157, 158, 159, 160, 161, 162, 163, 164, 165, 166, 167, 168, 340, 341, 342, 343, 344, 345, 346, 412, 413, 414, 415, 416, 417, 418, 419, 420, 421, 422, 502, 503, 504, 505, 506, 507, 628, 629, 630, 631, 632, 633, 634, 635, 636, 637, 638, 639, 792, 796, 797, 798, 799, 800, 801, 863, 864, 865, 866, 867, 868, 869, 870, 871, 872, 873, 874]","[17, 18, 19, 20, 21, 22, 23, 156, 157, 158, 159, 160, 161, 162, 163, 164, 165, 166, 167, 341, 342, 343, 344, 345, 412, 413, 414, 415, 416, 417, 418, 419, 420, 421, 422, 502, 503, 504, 505, 506, 507, 628, 629, 630, 631, 632, 633, 634, 635, 636, 637, 638, 639, 792, 797, 798, 799, 800, 801, 863, 864, 865, 866, 867, 868, 869, 870, 871, 872, 873, 874]",7/6 successful match,True,[116],True,120,False,,1.0,True,Flying J Travel Plaza # 744,Flying J
"Ogden , 84401 Pilot Travel Center # 294 104 E )",801-731-2900 I-15-84 Exit 344 ( UT ),124,Ogden,84401,Pilot Travel Center # 294 104 E ),801-731-2900,2006,Ogden,UT,Pilot,( UT ),I-15-84 Exit 344 ,Exit,344,False,,False,I-15-84,,,,,"[907, 460]","[416, 445, 475, 867, 895, 923]","[416, 460, 475, 867, 907, 923]","[460, 907]","[398, 399, 400, 401, 402, 403, 404, 405, 406, 407, 408, 409, 410, 411, 412, 413, 414, 415, 416, 417, 418, 419, 420, 421, 422, 423, 424, 425, 426, 427, 428, 429, 430, 431, 432, 433, 434, 435, 436, 437, 438, 439, 440, 441, 442, 443, 444, 445, 446, 447, 448, 449, 450, 451, 452, 453, 454, 455, 456, 457, 458, 459, 460, 461, 462, 463, 464, 465, 466, 467, 468, 469, 470, 471, 472, 473, 474, 475, 476, 477, 478, 479, 480, 481, 482, 483, 484, 848, 849, 850, 851, 852, 853, 854, 855, 856, 857, 858, 859, 860, 861, 862, 863, 864, 865, 866, 867, 868, 869, 870, 871, 872, 873, 874, 875, 876, 877, 878, 879, 880, 881, 882, 883, 884, 885, 886, 887, 888, 889, 890, 891, 892, 893, 894, 895, 896, 897, 898, 899, 900, 901, 902, 903, 904, 905, 906, 907, 908, 909, 910, 911, 912, 913, 914, 915, 916, 917, 918, 919, 920, 921, 922, 923, 924, 925, 926, 927, 928, 929, 930, 931, 932, 933, 934, 935]","[16, 125, 156, 163, 168, 184, 205, 222, 229, 253, 258, 265, 313, 317, 336, 340, 341, 356, 363, 365, 366, 367, 370, 375, 388, 391, 394, 396, 402, 410, 411, 412, 413, 415, 416, 417, 418, 419, 422, 423, 425, 429, 431, 433, 435, 437, 440, 441, 442, 443, 451, 452, 456, 457, 458, 460, 461, 464, 465, 471, 473, 474, 475, 481, 482, 501, 596, 628, 635, 655, 675, 693, 716, 720, 725, 771, 775, 793, 796, 797, 811, 817, 818, 820, 825, 838, 841, 844, 846, 851, 857, 861, 862, 863, 864, 866, 867, 868, 870, 871, 874, 875, 877, 881, 883, 885, 888, 891, 892, 893, 898, 899, 904, 905, 907, 908, 911, 912, 918, 920, 921, 922, 923, 924, 926, 931, 933]","[15, 16, 65, 66, 67, 68, 69, 70, 71, 72, 73, 74, 75, 76, 80, 151, 245, 246, 247, 248, 249, 250, 251, 252, 253, 254, 255, 256, 257, 258, 259, 280, 340, 373, 374, 375, 376, 377, 459, 460, 461, 462, 500, 501, 539, 540, 541, 542, 543, 544, 545, 546, 547, 548, 549, 550, 552, 622, 708, 709, 710, 711, 712, 713, 714, 715, 716, 717, 718, 719, 720, 739, 796, 823, 824, 825, 826, 827, 906, 907, 908, 909]","[15, 16, 65, 66, 67, 68, 69, 70, 71, 72, 73, 74, 75, 76, 77, 78, 80, 151, 244, 245, 246, 247, 248, 249, 250, 251, 252, 253, 254, 255, 256, 257, 258, 259, 260, 280, 340, 373, 374, 375, 376, 377, 459, 460, 461, 462, 500, 501, 539, 540, 541, 542, 543, 544, 545, 546, 547, 548, 549, 550, 552, 622, 708, 709, 710, 711, 712, 713, 714, 715, 716, 717, 718, 719, 720, 739, 796, 823, 824, 825, 826, 827, 906, 907, 908, 909]","[916, 917, 918, 15, 919, 16, 920, 921, 539, 540, 541, 542, 922, 543, 544, 545, 546, 547, 548, 388, 549, 550, 924, 552, 925, 926, 927, 928, 65, 66, 929, 67, 68, 69, 70, 930, 71, 72, 73, 74, 931, 75, 76, 80, 77, 932, 78, 596, 933, 934, 935, 622, 391, 628, 635, 125, 655, 151, 336, 156, 163, 675, 168, 373, 340, 341, 693, 184, 394, 374, 708, 709, 710, 711, 712, 713, 376, 714, 716, 205, 715, 717, 720, 718, 719, 725, 375, 222, 739, 229, 396, 244, 245, 246, 247, 248, 249, 250, 251, 252, 253, 254, 255, 356, 256, 258, 771, 257, 259, 260, 775, 265, 377, 280, 793, 796, 797, 363, 811, 365, 817, 366, 818, 820, 367, 823, 313, 825, 824, 826, 317, 827, 370, 838, 841, 844, 846, 848, 849, 850, 851, 852, 853, 854, 855, 856, 857, 858, 859, 860, 861, 862, 863, 864, 865, 866, 867, 868, 869, 870, 871, 872, 873, 874, 875, 876, 877, 878, 879, 880, 881, 882, 883, 884, 885, 886, 887, 888, 889, 890, 891, 892, 893, 894, 895, 896, 897, 898, 899, 900, 901, 902, 903, 904, 905, 906, 907, 908, 909, 398, 399, 400, 401, 402, 403, 404, 405, 406, 407, 408, 409, 410, 923, 411, 412, 413, 414, 416, 415, 417, 418, 419, 420, 421, 422, 423, 424, 425, 426, 427, 428, 429, 430, 431, 432, 433, 434, 435, 436, 437, 438, 439, 440, 441, 442, 443, 445, 444, 446, 447, 448, 449, 450, 451, 452, 453, 454, 455, 456, 457, 458, 460, 459, 461, 462, 463, 464, 465, 466, 467, 468, 469, 470, 471, 472, 473, 475, 474, 476, 477, 478, 479, 480, 481, 482, 483, 484, 910, 911, 912, 913, 500, 501, 914, 915]",True,"[416, 445, 475, 867, 895, 923]","[398, 399, 400, 401, 402, 403, 404, 405, 406, 407, 408, 409, 410, 411, 412, 413, 414, 415, 416, 417, 418, 419, 420, 421, 422, 423, 424, 425, 426, 427, 428, 429, 430, 431, 432, 433, 434, 435, 436, 437, 438, 439, 440, 441, 442, 443, 444, 445, 446, 447, 448, 449, 450, 451, 452, 453, 454, 455, 456, 457, 458, 459, 460, 461, 462, 463, 464, 465, 466, 467, 468, 469, 470, 471, 472, 473, 474, 475, 476, 477, 478, 479, 480, 481, 482, 483, 484, 848, 849, 850, 851, 852, 853, 854, 855, 856, 857, 858, 859, 860, 861, 862, 863, 864, 865, 866, 867, 868, 869, 870, 871, 872, 873, 874, 875, 876, 877, 878, 879, 880, 881, 882, 883, 884, 885, 886, 887, 888, 889, 890, 891, 892, 893, 894, 895, 896, 897, 898, 899, 900, 901, 902, 903, 904, 905, 906, 907, 908, 909, 910, 911, 912, 913, 914, 915, 916, 917, 918, 919, 920, 921, 922, 923, 924, 925, 926, 927, 928, 929, 930, 931, 932, 933, 934, 935]","[416, 460, 475, 867, 907, 923]","[460, 907]","[16, 125, 156, 163, 168, 184, 205, 222, 229, 253, 258, 265, 313, 317, 336, 340, 341, 356, 363, 365, 366, 367, 370, 375, 388, 391, 394, 396, 402, 410, 411, 412, 413, 415, 416, 417, 418, 419, 422, 423, 425, 429, 431, 433, 435, 437, 440, 441, 442, 443, 451, 452, 456, 457, 458, 460, 461, 464, 465, 471, 473, 474, 475, 481, 482, 501, 596, 628, 635, 655, 675, 693, 716, 720, 725, 771, 775, 793, 796, 797, 811, 817, 818, 820, 825, 838, 841, 844, 846, 851, 857, 861, 862, 863, 864, 866, 867, 868, 870, 871, 874, 875, 877, 881, 883, 885, 888, 891, 892, 893, 898, 899, 904, 905, 907, 908, 911, 912, 918, 920, 921, 922, 923, 924, 926, 931, 933]","[15, 16, 65, 66, 67, 68, 69, 70, 71, 72, 73, 74, 75, 76, 77, 78, 80, 151, 244, 245, 246, 247, 248, 249, 250, 251, 252, 253, 254, 255, 256, 257, 258, 259, 260, 280, 340, 373, 374, 375, 376, 377, 459, 460, 461, 462, 500, 501, 539, 540, 541, 542, 543, 544, 545, 546, 547, 548, 549, 550, 552, 622, 708, 709, 710, 711, 712, 713, 714, 715, 716, 717, 718, 719, 720, 739, 796, 823, 824, 825, 826, 827, 906, 907, 908, 909]","[15, 16, 65, 66, 67, 68, 69, 70, 71, 72, 73, 74, 75, 76, 80, 151, 245, 246, 247, 248, 249, 250, 251, 252, 253, 254, 255, 256, 257, 258, 259, 280, 340, 373, 374, 375, 376, 377, 459, 460, 461, 462, 500, 501, 539, 540, 541, 542, 543, 544, 545, 546, 547, 548, 549, 550, 552, 622, 708, 709, 710, 711, 712, 713, 714, 715, 716, 717, 718, 719, 720, 739, 796, 823, 824, 825, 826, 827, 906, 907, 908, 909]",7/6 successful match,True,,False,121,False,,,,,
"Ogden , 84401 Pilot Travel Center # 294",801-731-2900 I-15-84 Exit 344 ( UT 39 ),M,Ogden,84401,Pilot Travel Center # 294,801-731-2900,2007,Ogden,UT,Pilot,( UT 39 ),I-15-84 Exit 344 ,Exit,344,False,,False,I-15-84,,,,,"[907, 460]","[416, 445, 475, 867, 895, 923]","[416, 460, 475, 867, 907, 923]","[460, 907]","[398, 399, 400, 401, 402, 403, 404, 405, 406, 407, 408, 409, 410, 411, 412, 413, 414, 415, 416, 417, 418, 419, 420, 421, 422, 423, 424, 425, 426, 427, 428, 429, 430, 431, 432, 433, 434, 435, 436, 437, 438, 439, 440, 441, 442, 443, 444, 445, 446, 447, 448, 449, 450, 451, 452, 453, 454, 455, 456, 457, 458, 459, 460, 461, 462, 463, 464, 465, 466, 467, 468, 469, 470, 471, 472, 473, 474, 475, 476, 477, 478, 479, 480, 481, 482, 483, 484, 848, 849, 850, 851, 852, 853, 854, 855, 856, 857, 858, 859, 860, 861, 862, 863, 864, 865, 866, 867, 868, 869, 870, 871, 872, 873, 874, 875, 876, 877, 878, 879, 880, 881, 882, 883, 884, 885, 886, 887, 888, 889, 890, 891, 892, 893, 894, 895, 896, 897, 898, 899, 900, 901, 902, 903, 904, 905, 906, 907, 908, 909, 910, 911, 912, 913, 914, 915, 916, 917, 918, 919, 920, 921, 922, 923, 924, 925, 926, 927, 928, 929, 930, 931, 932, 933, 934, 935]","[16, 125, 156, 163, 168, 184, 205, 222, 229, 253, 258, 265, 313, 317, 336, 340, 341, 356, 363, 365, 366, 367, 370, 375, 388, 391, 394, 396, 402, 410, 411, 412, 413, 415, 416, 417, 418, 419, 422, 423, 425, 429, 431, 433, 435, 437, 440, 441, 442, 443, 451, 452, 456, 457, 458, 460, 461, 464, 465, 471, 473, 474, 475, 481, 482, 501, 596, 628, 635, 655, 675, 693, 716, 720, 725, 771, 775, 793, 796, 797, 811, 817, 818, 820, 825, 838, 841, 844, 846, 851, 857, 861, 862, 863, 864, 866, 867, 868, 870, 871, 874, 875, 877, 881, 883, 885, 888, 891, 892, 893, 898, 899, 904, 905, 907, 908, 911, 912, 918, 920, 921, 922, 923, 924, 926, 931, 933]","[15, 16, 65, 66, 67, 68, 69, 70, 71, 72, 73, 74, 75, 76, 80, 151, 245, 246, 247, 248, 249, 250, 251, 252, 253, 254, 255, 256, 257, 258, 259, 280, 340, 373, 374, 375, 376, 377, 459, 460, 461, 462, 500, 501, 539, 540, 541, 542, 543, 544, 545, 546, 547, 548, 549, 550, 552, 622, 708, 709, 710, 711, 712, 713, 714, 715, 716, 717, 718, 719, 720, 739, 796, 823, 824, 825, 826, 827, 906, 907, 908, 909]","[15, 16, 65, 66, 67, 68, 69, 70, 71, 72, 73, 74, 75, 76, 77, 78, 80, 151, 244, 245, 246, 247, 248, 249, 250, 251, 252, 253, 254, 255, 256, 257, 258, 259, 260, 280, 340, 373, 374, 375, 376, 377, 459, 460, 461, 462, 500, 501, 539, 540, 541, 542, 543, 544, 545, 546, 547, 548, 549, 550, 552, 622, 708, 709, 710, 711, 712, 713, 714, 715, 716, 717, 718, 719, 720, 739, 796, 823, 824, 825, 826, 827, 906, 907, 908, 909]","[916, 917, 918, 15, 919, 16, 920, 921, 539, 540, 541, 542, 922, 543, 544, 545, 546, 547, 548, 388, 549, 550, 924, 552, 925, 926, 927, 928, 65, 66, 929, 67, 68, 69, 70, 930, 71, 72, 73, 74, 931, 75, 76, 80, 77, 932, 78, 596, 933, 934, 935, 622, 391, 628, 635, 125, 655, 151, 336, 156, 163, 675, 168, 373, 340, 341, 693, 184, 394, 374, 708, 709, 710, 711, 712, 713, 376, 714, 716, 205, 715, 717, 720, 718, 719, 725, 375, 222, 739, 229, 396, 244, 245, 246, 247, 248, 249, 250, 251, 252, 253, 254, 255, 356, 256, 258, 771, 257, 259, 260, 775, 265, 377, 280, 793, 796, 797, 363, 811, 365, 817, 366, 818, 820, 367, 823, 313, 825, 824, 826, 317, 827, 370, 838, 841, 844, 846, 848, 849, 850, 851, 852, 853, 854, 855, 856, 857, 858, 859, 860, 861, 862, 863, 864, 865, 866, 867, 868, 869, 870, 871, 872, 873, 874, 875, 876, 877, 878, 879, 880, 881, 882, 883, 884, 885, 886, 887, 888, 889, 890, 891, 892, 893, 894, 895, 896, 897, 898, 899, 900, 901, 902, 903, 904, 905, 906, 907, 908, 909, 398, 399, 400, 401, 402, 403, 404, 405, 406, 407, 408, 409, 410, 923, 411, 412, 413, 414, 416, 415, 417, 418, 419, 420, 421, 422, 423, 424, 425, 426, 427, 428, 429, 430, 431, 432, 433, 434, 435, 436, 437, 438, 439, 440, 441, 442, 443, 445, 444, 446, 447, 448, 449, 450, 451, 452, 453, 454, 455, 456, 457, 458, 460, 459, 461, 462, 463, 464, 465, 466, 467, 468, 469, 470, 471, 472, 473, 475, 474, 476, 477, 478, 479, 480, 481, 482, 483, 484, 910, 911, 912, 913, 500, 501, 914, 915]",True,"[416, 445, 475, 867, 895, 923]","[398, 399, 400, 401, 402, 403, 404, 405, 406, 407, 408, 409, 410, 411, 412, 413, 414, 415, 416, 417, 418, 419, 420, 421, 422, 423, 424, 425, 426, 427, 428, 429, 430, 431, 432, 433, 434, 435, 436, 437, 438, 439, 440, 441, 442, 443, 444, 445, 446, 447, 448, 449, 450, 451, 452, 453, 454, 455, 456, 457, 458, 459, 460, 461, 462, 463, 464, 465, 466, 467, 468, 469, 470, 471, 472, 473, 474, 475, 476, 477, 478, 479, 480, 481, 482, 483, 484, 848, 849, 850, 851, 852, 853, 854, 855, 856, 857, 858, 859, 860, 861, 862, 863, 864, 865, 866, 867, 868, 869, 870, 871, 872, 873, 874, 875, 876, 877, 878, 879, 880, 881, 882, 883, 884, 885, 886, 887, 888, 889, 890, 891, 892, 893, 894, 895, 896, 897, 898, 899, 900, 901, 902, 903, 904, 905, 906, 907, 908, 909, 910, 911, 912, 913, 914, 915, 916, 917, 918, 919, 920, 921, 922, 923, 924, 925, 926, 927, 928, 929, 930, 931, 932, 933, 934, 935]","[416, 460, 475, 867, 907, 923]","[460, 907]","[16, 125, 156, 163, 168, 184, 205, 222, 229, 253, 258, 265, 313, 317, 336, 340, 341, 356, 363, 365, 366, 367, 370, 375, 388, 391, 394, 396, 402, 410, 411, 412, 413, 415, 416, 417, 418, 419, 422, 423, 425, 429, 431, 433, 435, 437, 440, 441, 442, 443, 451, 452, 456, 457, 458, 460, 461, 464, 465, 471, 473, 474, 475, 481, 482, 501, 596, 628, 635, 655, 675, 693, 716, 720, 725, 771, 775, 793, 796, 797, 811, 817, 818, 820, 825, 838, 841, 844, 846, 851, 857, 861, 862, 863, 864, 866, 867, 868, 870, 871, 874, 875, 877, 881, 883, 885, 888, 891, 892, 893, 898, 899, 904, 905, 907, 908, 911, 912, 918, 920, 921, 922, 923, 924, 926, 931, 933]","[15, 16, 65, 66, 67, 68, 69, 70, 71, 72, 73, 74, 75, 76, 77, 78, 80, 151, 244, 245, 246, 247, 248, 249, 250, 251, 252, 253, 254, 255, 256, 257, 258, 259, 260, 280, 340, 373, 374, 375, 376, 377, 459, 460, 461, 462, 500, 501, 539, 540, 541, 542, 543, 544, 545, 546, 547, 548, 549, 550, 552, 622, 708, 709, 710, 711, 712, 713, 714, 715, 716, 717, 718, 719, 720, 739, 796, 823, 824, 825, 826, 827, 906, 907, 908, 909]","[15, 16, 65, 66, 67, 68, 69, 70, 71, 72, 73, 74, 75, 76, 80, 151, 245, 246, 247, 248, 249, 250, 251, 252, 253, 254, 255, 256, 257, 258, 259, 280, 340, 373, 374, 375, 376, 377, 459, 460, 461, 462, 500, 501, 539, 540, 541, 542, 543, 544, 545, 546, 547, 548, 549, 550, 552, 622, 708, 709, 710, 711, 712, 713, 714, 715, 716, 717, 718, 719, 720, 739, 796, 823, 824, 825, 826, 827, 906, 907, 908, 909]",7/6 successful match,True,,False,121,False,,1.0,True,Pilot Travel Center # 294 104 E ),Pilot
"Ogden , 84401 Pilot Travel Center # 294",3 801-731-2900 I-15-84 Exit 344 ( UT 39 ),24 M,Ogden,84401,Pilot Travel Center # 294,801-731-2900,2008,Ogden,UT,Pilot,( UT 39 ),I-15-84 Exit 344 ,Exit,344,False,,False,I-15-84,,,,,"[907, 460]","[416, 445, 475, 867, 895, 923]","[416, 460, 475, 867, 907, 923]","[460, 907]","[398, 399, 400, 401, 402, 403, 404, 405, 406, 407, 408, 409, 410, 411, 412, 413, 414, 415, 416, 417, 418, 419, 420, 421, 422, 423, 424, 425, 426, 427, 428, 429, 430, 431, 432, 433, 434, 435, 436, 437, 438, 439, 440, 441, 442, 443, 444, 445, 446, 447, 448, 449, 450, 451, 452, 453, 454, 455, 456, 457, 458, 459, 460, 461, 462, 463, 464, 465, 466, 467, 468, 469, 470, 471, 472, 473, 474, 475, 476, 477, 478, 479, 480, 481, 482, 483, 484, 848, 849, 850, 851, 852, 853, 854, 855, 856, 857, 858, 859, 860, 861, 862, 863, 864, 865, 866, 867, 868, 869, 870, 871, 872, 873, 874, 875, 876, 877, 878, 879, 880, 881, 882, 883, 884, 885, 886, 887, 888, 889, 890, 891, 892, 893, 894, 895, 896, 897, 898, 899, 900, 901, 902, 903, 904, 905, 906, 907, 908, 909, 910, 911, 912, 913, 914, 915, 916, 917, 918, 919, 920, 921, 922, 923, 924, 925, 926, 927, 928, 929, 930, 931, 932, 933, 934, 935]","[16, 125, 156, 163, 168, 184, 205, 222, 229, 253, 258, 265, 313, 317, 336, 340, 341, 356, 363, 365, 366, 367, 370, 375, 388, 391, 394, 396, 402, 410, 411, 412, 413, 415, 416, 417, 418, 419, 422, 423, 425, 429, 431, 433, 435, 437, 440, 441, 442, 443, 451, 452, 456, 457, 458, 460, 461, 464, 465, 471, 473, 474, 475, 481, 482, 501, 596, 628, 635, 655, 675, 693, 716, 720, 725, 771, 775, 793, 796, 797, 811, 817, 818, 820, 825, 838, 841, 844, 846, 851, 857, 861, 862, 863, 864, 866, 867, 868, 870, 871, 874, 875, 877, 881, 883, 885, 888, 891, 892, 893, 898, 899, 904, 905, 907, 908, 911, 912, 918, 920, 921, 922, 923, 924, 926, 931, 933]","[15, 16, 65, 66, 67, 68, 69, 70, 71, 72, 73, 74, 75, 76, 80, 151, 245, 246, 247, 248, 249, 250, 251, 252, 253, 254, 255, 256, 257, 258, 259, 280, 340, 373, 374, 375, 376, 377, 459, 460, 461, 462, 500, 501, 539, 540, 541, 542, 543, 544, 545, 546, 547, 548, 549, 550, 552, 622, 708, 709, 710, 711, 712, 713, 714, 715, 716, 717, 718, 719, 720, 739, 796, 823, 824, 825, 826, 827, 906, 907, 908, 909]","[15, 16, 65, 66, 67, 68, 69, 70, 71, 72, 73, 74, 75, 76, 77, 78, 80, 151, 244, 245, 246, 247, 248, 249, 250, 251, 252, 253, 254, 255, 256, 257, 258, 259, 260, 280, 340, 373, 374, 375, 376, 377, 459, 460, 461, 462, 500, 501, 539, 540, 541, 542, 543, 544, 545, 546, 547, 548, 549, 550, 552, 622, 708, 709, 710, 711, 712, 713, 714, 715, 716, 717, 718, 719, 720, 739, 796, 823, 824, 825, 826, 827, 906, 907, 908, 909]","[916, 917, 918, 15, 919, 16, 920, 921, 539, 540, 541, 542, 922, 543, 544, 545, 546, 547, 548, 388, 549, 550, 924, 552, 925, 926, 927, 928, 65, 66, 929, 67, 68, 69, 70, 930, 71, 72, 73, 74, 931, 75, 76, 80, 77, 932, 78, 596, 933, 934, 935, 622, 391, 628, 635, 125, 655, 151, 336, 156, 163, 675, 168, 373, 340, 341, 693, 184, 394, 374, 708, 709, 710, 711, 712, 713, 376, 714, 716, 205, 715, 717, 720, 718, 719, 725, 375, 222, 739, 229, 396, 244, 245, 246, 247, 248, 249, 250, 251, 252, 253, 254, 255, 356, 256, 258, 771, 257, 259, 260, 775, 265, 377, 280, 793, 796, 797, 363, 811, 365, 817, 366, 818, 820, 367, 823, 313, 825, 824, 826, 317, 827, 370, 838, 841, 844, 846, 848, 849, 850, 851, 852, 853, 854, 855, 856, 857, 858, 859, 860, 861, 862, 863, 864, 865, 866, 867, 868, 869, 870, 871, 872, 873, 874, 875, 876, 877, 878, 879, 880, 881, 882, 883, 884, 885, 886, 887, 888, 889, 890, 891, 892, 893, 894, 895, 896, 897, 898, 899, 900, 901, 902, 903, 904, 905, 906, 907, 908, 909, 398, 399, 400, 401, 402, 403, 404, 405, 406, 407, 408, 409, 410, 923, 411, 412, 413, 414, 416, 415, 417, 418, 419, 420, 421, 422, 423, 424, 425, 426, 427, 428, 429, 430, 431, 432, 433, 434, 435, 436, 437, 438, 439, 440, 441, 442, 443, 445, 444, 446, 447, 448, 449, 450, 451, 452, 453, 454, 455, 456, 457, 458, 460, 459, 461, 462, 463, 464, 465, 466, 467, 468, 469, 470, 471, 472, 473, 475, 474, 476, 477, 478, 479, 480, 481, 482, 483, 484, 910, 911, 912, 913, 500, 501, 914, 915]",True,"[416, 445, 475, 867, 895, 923]","[398, 399, 400, 401, 402, 403, 404, 405, 406, 407, 408, 409, 410, 411, 412, 413, 414, 415, 416, 417, 418, 419, 420, 421, 422, 423, 424, 425, 426, 427, 428, 429, 430, 431, 432, 433, 434, 435, 436, 437, 438, 439, 440, 441, 442, 443, 444, 445, 446, 447, 448, 449, 450, 451, 452, 453, 454, 455, 456, 457, 458, 459, 460, 461, 462, 463, 464, 465, 466, 467, 468, 469, 470, 471, 472, 473, 474, 475, 476, 477, 478, 479, 480, 481, 482, 483, 484, 848, 849, 850, 851, 852, 853, 854, 855, 856, 857, 858, 859, 860, 861, 862, 863, 864, 865, 866, 867, 868, 869, 870, 871, 872, 873, 874, 875, 876, 877, 878, 879, 880, 881, 882, 883, 884, 885, 886, 887, 888, 889, 890, 891, 892, 893, 894, 895, 896, 897, 898, 899, 900, 901, 902, 903, 904, 905, 906, 907, 908, 909, 910, 911, 912, 913, 914, 915, 916, 917, 918, 919, 920, 921, 922, 923, 924, 925, 926, 927, 928, 929, 930, 931, 932, 933, 934, 935]","[416, 460, 475, 867, 907, 923]","[460, 907]","[16, 125, 156, 163, 168, 184, 205, 222, 229, 253, 258, 265, 313, 317, 336, 340, 341, 356, 363, 365, 366, 367, 370, 375, 388, 391, 394, 396, 402, 410, 411, 412, 413, 415, 416, 417, 418, 419, 422, 423, 425, 429, 431, 433, 435, 437, 440, 441, 442, 443, 451, 452, 456, 457, 458, 460, 461, 464, 465, 471, 473, 474, 475, 481, 482, 501, 596, 628, 635, 655, 675, 693, 716, 720, 725, 771, 775, 793, 796, 797, 811, 817, 818, 820, 825, 838, 841, 844, 846, 851, 857, 861, 862, 863, 864, 866, 867, 868, 870, 871, 874, 875, 877, 881, 883, 885, 888, 891, 892, 893, 898, 899, 904, 905, 907, 908, 911, 912, 918, 920, 921, 922, 923, 924, 926, 931, 933]","[15, 16, 65, 66, 67, 68, 69, 70, 71, 72, 73, 74, 75, 76, 77, 78, 80, 151, 244, 245, 246, 247, 248, 249, 250, 251, 252, 253, 254, 255, 256, 257, 258, 259, 260, 280, 340, 373, 374, 375, 376, 377, 459, 460, 461, 462, 500, 501, 539, 540, 541, 542, 543, 544, 545, 546, 547, 548, 549, 550, 552, 622, 708, 709, 710, 711, 712, 713, 714, 715, 716, 717, 718, 719, 720, 739, 796, 823, 824, 825, 826, 827, 906, 907, 908, 909]","[15, 16, 65, 66, 67, 68, 69, 70, 71, 72, 73, 74, 75, 76, 80, 151, 245, 246, 247, 248, 249, 250, 251, 252, 253, 254, 255, 256, 257, 258, 259, 280, 340, 373, 374, 375, 376, 377, 459, 460, 461, 462, 500, 501, 539, 540, 541, 542, 543, 544, 545, 546, 547, 548, 549, 550, 552, 622, 708, 709, 710, 711, 712, 713, 714, 715, 716, 717, 718, 719, 720, 739, 796, 823, 824, 825, 826, 827, 906, 907, 908, 909]",7/6 successful match,True,,False,121,False,,1.0,True,Pilot Travel Center # 294,Pilot
Ogden ( 84401 ) Pilot Travel Center ( UT # 294 104 W ),3 801-731-2900 I-15-84 Exit 344 ( UT 39 W ),Plot 24 MO,Ogden,84401,Pilot Travel Center ( UT # 294 104 W ),801-731-2900,2014,Ogden,UT,Pilot,( UT 39 W ),I-15-84 Exit 344 ,Exit,344,False,,False,I-15-84,,,,,"[907, 460]","[416, 445, 475, 867, 895, 923]","[416, 460, 475, 867, 907, 923]","[460, 907]","[398, 399, 400, 401, 402, 403, 404, 405, 406, 407, 408, 409, 410, 411, 412, 413, 414, 415, 416, 417, 418, 419, 420, 421, 422, 423, 424, 425, 426, 427, 428, 429, 430, 431, 432, 433, 434, 435, 436, 437, 438, 439, 440, 441, 442, 443, 444, 445, 446, 447, 448, 449, 450, 451, 452, 453, 454, 455, 456, 457, 458, 459, 460, 461, 462, 463, 464, 465, 466, 467, 468, 469, 470, 471, 472, 473, 474, 475, 476, 477, 478, 479, 480, 481, 482, 483, 484, 848, 849, 850, 851, 852, 853, 854, 855, 856, 857, 858, 859, 860, 861, 862, 863, 864, 865, 866, 867, 868, 869, 870, 871, 872, 873, 874, 875, 876, 877, 878, 879, 880, 881, 882, 883, 884, 885, 886, 887, 888, 889, 890, 891, 892, 893, 894, 895, 896, 897, 898, 899, 900, 901, 902, 903, 904, 905, 906, 907, 908, 909, 910, 911, 912, 913, 914, 915, 916, 917, 918, 919, 920, 921, 922, 923, 924, 925, 926, 927, 928, 929, 930, 931, 932, 933, 934, 935]","[16, 125, 156, 163, 168, 184, 205, 222, 229, 253, 258, 265, 313, 317, 336, 340, 341, 356, 363, 365, 366, 367, 370, 375, 388, 391, 394, 396, 402, 410, 411, 412, 413, 415, 416, 417, 418, 419, 422, 423, 425, 429, 431, 433, 435, 437, 440, 441, 442, 443, 451, 452, 456, 457, 458, 460, 461, 464, 465, 471, 473, 474, 475, 481, 482, 501, 596, 628, 635, 655, 675, 693, 716, 720, 725, 771, 775, 793, 796, 797, 811, 817, 818, 820, 825, 838, 841, 844, 846, 851, 857, 861, 862, 863, 864, 866, 867, 868, 870, 871, 874, 875, 877, 881, 883, 885, 888, 891, 892, 893, 898, 899, 904, 905, 907, 908, 911, 912, 918, 920, 921, 922, 923, 924, 926, 931, 933]","[15, 16, 65, 66, 67, 68, 69, 70, 71, 72, 73, 74, 75, 76, 80, 151, 245, 246, 247, 248, 249, 250, 251, 252, 253, 254, 255, 256, 257, 258, 259, 280, 340, 373, 374, 375, 376, 377, 459, 460, 461, 462, 500, 501, 539, 540, 541, 542, 543, 544, 545, 546, 547, 548, 549, 550, 552, 622, 708, 709, 710, 711, 712, 713, 714, 715, 716, 717, 718, 719, 720, 739, 796, 823, 824, 825, 826, 827, 906, 907, 908, 909]","[15, 16, 65, 66, 67, 68, 69, 70, 71, 72, 73, 74, 75, 76, 77, 78, 80, 151, 244, 245, 246, 247, 248, 249, 250, 251, 252, 253, 254, 255, 256, 257, 258, 259, 260, 280, 340, 373, 374, 375, 376, 377, 459, 460, 461, 462, 500, 501, 539, 540, 541, 542, 543, 544, 545, 546, 547, 548, 549, 550, 552, 622, 708, 709, 710, 711, 712, 713, 714, 715, 716, 717, 718, 719, 720, 739, 796, 823, 824, 825, 826, 827, 906, 907, 908, 909]","[916, 917, 918, 15, 919, 16, 920, 921, 539, 540, 541, 542, 922, 543, 544, 545, 546, 547, 548, 388, 549, 550, 924, 552, 925, 926, 927, 928, 65, 66, 929, 67, 68, 69, 70, 930, 71, 72, 73, 74, 931, 75, 76, 80, 77, 932, 78, 596, 933, 934, 935, 622, 391, 628, 635, 125, 655, 151, 336, 156, 163, 675, 168, 373, 340, 341, 693, 184, 394, 374, 708, 709, 710, 711, 712, 713, 376, 714, 716, 205, 715, 717, 720, 718, 719, 725, 375, 222, 739, 229, 396, 244, 245, 246, 247, 248, 249, 250, 251, 252, 253, 254, 255, 356, 256, 258, 771, 257, 259, 260, 775, 265, 377, 280, 793, 796, 797, 363, 811, 365, 817, 366, 818, 820, 367, 823, 313, 825, 824, 826, 317, 827, 370, 838, 841, 844, 846, 848, 849, 850, 851, 852, 853, 854, 855, 856, 857, 858, 859, 860, 861, 862, 863, 864, 865, 866, 867, 868, 869, 870, 871, 872, 873, 874, 875, 876, 877, 878, 879, 880, 881, 882, 883, 884, 885, 886, 887, 888, 889, 890, 891, 892, 893, 894, 895, 896, 897, 898, 899, 900, 901, 902, 903, 904, 905, 906, 907, 908, 909, 398, 399, 400, 401, 402, 403, 404, 405, 406, 407, 408, 409, 410, 923, 411, 412, 413, 414, 416, 415, 417, 418, 419, 420, 421, 422, 423, 424, 425, 426, 427, 428, 429, 430, 431, 432, 433, 434, 435, 436, 437, 438, 439, 440, 441, 442, 443, 445, 444, 446, 447, 448, 449, 450, 451, 452, 453, 454, 455, 456, 457, 458, 460, 459, 461, 462, 463, 464, 465, 466, 467, 468, 469, 470, 471, 472, 473, 475, 474, 476, 477, 478, 479, 480, 481, 482, 483, 484, 910, 911, 912, 913, 500, 501, 914, 915]",True,"[416, 445, 475, 867, 895, 923]","[398, 399, 400, 401, 402, 403, 404, 405, 406, 407, 408, 409, 410, 411, 412, 413, 414, 415, 416, 417, 418, 419, 420, 421, 422, 423, 424, 425, 426, 427, 428, 429, 430, 431, 432, 433, 434, 435, 436, 437, 438, 439, 440, 441, 442, 443, 444, 445, 446, 447, 448, 449, 450, 451, 452, 453, 454, 455, 456, 457, 458, 459, 460, 461, 462, 463, 464, 465, 466, 467, 468, 469, 470, 471, 472, 473, 474, 475, 476, 477, 478, 479, 480, 481, 482, 483, 484, 848, 849, 850, 851, 852, 853, 854, 855, 856, 857, 858, 859, 860, 861, 862, 863, 864, 865, 866, 867, 868, 869, 870, 871, 872, 873, 874, 875, 876, 877, 878, 879, 880, 881, 882, 883, 884, 885, 886, 887, 888, 889, 890, 891, 892, 893, 894, 895, 896, 897, 898, 899, 900, 901, 902, 903, 904, 905, 906, 907, 908, 909, 910, 911, 912, 913, 914, 915, 916, 917, 918, 919, 920, 921, 922, 923, 924, 925, 926, 927, 928, 929, 930, 931, 932, 933, 934, 935]","[416, 460, 475, 867, 907, 923]","[460, 907]","[16, 125, 156, 163, 168, 184, 205, 222, 229, 253, 258, 265, 313, 317, 336, 340, 341, 356, 363, 365, 366, 367, 370, 375, 388, 391, 394, 396, 402, 410, 411, 412, 413, 415, 416, 417, 418, 419, 422, 423, 425, 429, 431, 433, 435, 437, 440, 441, 442, 443, 451, 452, 456, 457, 458, 460, 461, 464, 465, 471, 473, 474, 475, 481, 482, 501, 596, 628, 635, 655, 675, 693, 716, 720, 725, 771, 775, 793, 796, 797, 811, 817, 818, 820, 825, 838, 841, 844, 846, 851, 857, 861, 862, 863, 864, 866, 867, 868, 870, 871, 874, 875, 877, 881, 883, 885, 888, 891, 892, 893, 898, 899, 904, 905, 907, 908, 911, 912, 918, 920, 921, 922, 923, 924, 926, 931, 933]","[15, 16, 65, 66, 67, 68, 69, 70, 71, 72, 73, 74, 75, 76, 77, 78, 80, 151, 244, 245, 246, 247, 248, 249, 250, 251, 252, 253, 254, 255, 256, 257, 258, 259, 260, 280, 340, 373, 374, 375, 376, 377, 459, 460, 461, 462, 500, 501, 539, 540, 541, 542, 543, 544, 545, 546, 547, 548, 549, 550, 552, 622, 708, 709, 710, 711, 712, 713, 714, 715, 716, 717, 718, 719, 720, 739, 796, 823, 824, 825, 826, 827, 906, 907, 908, 909]","[15, 16, 65, 66, 67, 68, 69, 70, 71, 72, 73, 74, 75, 76, 80, 151, 245, 246, 247, 248, 249, 250, 251, 252, 253, 254, 255, 256, 257, 258, 259, 280, 340, 373, 374, 375, 376, 377, 459, 460, 461, 462, 500, 501, 539, 540, 541, 542, 543, 544, 545, 546, 547, 548, 549, 550, 552, 622, 708, 709, 710, 711, 712, 713, 714, 715, 716, 717, 718, 719, 720, 739, 796, 823, 824, 825, 826, 827, 906, 907, 908, 909]",7/6 successful match,True,,False,121,False,,1.0,True,Pilot Travel Center # 294,Pilot
Ogden ( 84401 ) Pilot Travel Center # 294,801-731-2900 I-15-84 Exit 344 ( UT 39 W ) Pilot,24 M,Ogden,84401,Pilot Travel Center # 294,801-731-2900,2015,Ogden,UT,Pilot,( UT 39 W ) Pilot,I-15-84 Exit 344 ,Exit,344,False,,False,I-15-84,,,,,"[907, 460]","[416, 445, 475, 867, 895, 923]","[416, 460, 475, 867, 907, 923]","[460, 907]","[398, 399, 400, 401, 402, 403, 404, 405, 406, 407, 408, 409, 410, 411, 412, 413, 414, 415, 416, 417, 418, 419, 420, 421, 422, 423, 424, 425, 426, 427, 428, 429, 430, 431, 432, 433, 434, 435, 436, 437, 438, 439, 440, 441, 442, 443, 444, 445, 446, 447, 448, 449, 450, 451, 452, 453, 454, 455, 456, 457, 458, 459, 460, 461, 462, 463, 464, 465, 466, 467, 468, 469, 470, 471, 472, 473, 474, 475, 476, 477, 478, 479, 480, 481, 482, 483, 484, 848, 849, 850, 851, 852, 853, 854, 855, 856, 857, 858, 859, 860, 861, 862, 863, 864, 865, 866, 867, 868, 869, 870, 871, 872, 873, 874, 875, 876, 877, 878, 879, 880, 881, 882, 883, 884, 885, 886, 887, 888, 889, 890, 891, 892, 893, 894, 895, 896, 897, 898, 899, 900, 901, 902, 903, 904, 905, 906, 907, 908, 909, 910, 911, 912, 913, 914, 915, 916, 917, 918, 919, 920, 921, 922, 923, 924, 925, 926, 927, 928, 929, 930, 931, 932, 933, 934, 935]","[16, 125, 156, 163, 168, 184, 205, 222, 229, 253, 258, 265, 313, 317, 336, 340, 341, 356, 363, 365, 366, 367, 370, 375, 388, 391, 394, 396, 402, 410, 411, 412, 413, 415, 416, 417, 418, 419, 422, 423, 425, 429, 431, 433, 435, 437, 440, 441, 442, 443, 451, 452, 456, 457, 458, 460, 461, 464, 465, 471, 473, 474, 475, 481, 482, 501, 596, 628, 635, 655, 675, 693, 716, 720, 725, 771, 775, 793, 796, 797, 811, 817, 818, 820, 825, 838, 841, 844, 846, 851, 857, 861, 862, 863, 864, 866, 867, 868, 870, 871, 874, 875, 877, 881, 883, 885, 888, 891, 892, 893, 898, 899, 904, 905, 907, 908, 911, 912, 918, 920, 921, 922, 923, 924, 926, 931, 933]","[15, 16, 65, 66, 67, 68, 69, 70, 71, 72, 73, 74, 75, 76, 80, 151, 245, 246, 247, 248, 249, 250, 251, 252, 253, 254, 255, 256, 257, 258, 259, 280, 340, 373, 374, 375, 376, 377, 459, 460, 461, 462, 500, 501, 539, 540, 541, 542, 543, 544, 545, 546, 547, 548, 549, 550, 552, 622, 708, 709, 710, 711, 712, 713, 714, 715, 716, 717, 718, 719, 720, 739, 796, 823, 824, 825, 826, 827, 906, 907, 908, 909]","[15, 16, 65, 66, 67, 68, 69, 70, 71, 72, 73, 74, 75, 76, 77, 78, 80, 151, 244, 245, 246, 247, 248, 249, 250, 251, 252, 253, 254, 255, 256, 257, 258, 259, 260, 280, 340, 373, 374, 375, 376, 377, 459, 460, 461, 462, 500, 501, 539, 540, 541, 542, 543, 544, 545, 546, 547, 548, 549, 550, 552, 622, 708, 709, 710, 711, 712, 713, 714, 715, 716, 717, 718, 719, 720, 739, 796, 823, 824, 825, 826, 827, 906, 907, 908, 909]","[916, 917, 918, 15, 919, 16, 920, 921, 539, 540, 541, 542, 922, 543, 544, 545, 546, 547, 548, 388, 549, 550, 924, 552, 925, 926, 927, 928, 65, 66, 929, 67, 68, 69, 70, 930, 71, 72, 73, 74, 931, 75, 76, 80, 77, 932, 78, 596, 933, 934, 935, 622, 391, 628, 635, 125, 655, 151, 336, 156, 163, 675, 168, 373, 340, 341, 693, 184, 394, 374, 708, 709, 710, 711, 712, 713, 376, 714, 716, 205, 715, 717, 720, 718, 719, 725, 375, 222, 739, 229, 396, 244, 245, 246, 247, 248, 249, 250, 251, 252, 253, 254, 255, 356, 256, 258, 771, 257, 259, 260, 775, 265, 377, 280, 793, 796, 797, 363, 811, 365, 817, 366, 818, 820, 367, 823, 313, 825, 824, 826, 317, 827, 370, 838, 841, 844, 846, 848, 849, 850, 851, 852, 853, 854, 855, 856, 857, 858, 859, 860, 861, 862, 863, 864, 865, 866, 867, 868, 869, 870, 871, 872, 873, 874, 875, 876, 877, 878, 879, 880, 881, 882, 883, 884, 885, 886, 887, 888, 889, 890, 891, 892, 893, 894, 895, 896, 897, 898, 899, 900, 901, 902, 903, 904, 905, 906, 907, 908, 909, 398, 399, 400, 401, 402, 403, 404, 405, 406, 407, 408, 409, 410, 923, 411, 412, 413, 414, 416, 415, 417, 418, 419, 420, 421, 422, 423, 424, 425, 426, 427, 428, 429, 430, 431, 432, 433, 434, 435, 436, 437, 438, 439, 440, 441, 442, 443, 445, 444, 446, 447, 448, 449, 450, 451, 452, 453, 454, 455, 456, 457, 458, 460, 459, 461, 462, 463, 464, 465, 466, 467, 468, 469, 470, 471, 472, 473, 475, 474, 476, 477, 478, 479, 480, 481, 482, 483, 484, 910, 911, 912, 913, 500, 501, 914, 915]",True,"[416, 445, 475, 867, 895, 923]","[398, 399, 400, 401, 402, 403, 404, 405, 406, 407, 408, 409, 410, 411, 412, 413, 414, 415, 416, 417, 418, 419, 420, 421, 422, 423, 424, 425, 426, 427, 428, 429, 430, 431, 432, 433, 434, 435, 436, 437, 438, 439, 440, 441, 442, 443, 444, 445, 446, 447, 448, 449, 450, 451, 452, 453, 454, 455, 456, 457, 458, 459, 460, 461, 462, 463, 464, 465, 466, 467, 468, 469, 470, 471, 472, 473, 474, 475, 476, 477, 478, 479, 480, 481, 482, 483, 484, 848, 849, 850, 851, 852, 853, 854, 855, 856, 857, 858, 859, 860, 861, 862, 863, 864, 865, 866, 867, 868, 869, 870, 871, 872, 873, 874, 875, 876, 877, 878, 879, 880, 881, 882, 883, 884, 885, 886, 887, 888, 889, 890, 891, 892, 893, 894, 895, 896, 897, 898, 899, 900, 901, 902, 903, 904, 905, 906, 907, 908, 909, 910, 911, 912, 913, 914, 915, 916, 917, 918, 919, 920, 921, 922, 923, 924, 925, 926, 927, 928, 929, 930, 931, 932, 933, 934, 935]","[416, 460, 475, 867, 907, 923]","[460, 907]","[16, 125, 156, 163, 168, 184, 205, 222, 229, 253, 258, 265, 313, 317, 336, 340, 341, 356, 363, 365, 366, 367, 370, 375, 388, 391, 394, 396, 402, 410, 411, 412, 413, 415, 416, 417, 418, 419, 422, 423, 425, 429, 431, 433, 435, 437, 440, 441, 442, 443, 451, 452, 456, 457, 458, 460, 461, 464, 465, 471, 473, 474, 475, 481, 482, 501, 596, 628, 635, 655, 675, 693, 716, 720, 725, 771, 775, 793, 796, 797, 811, 817, 818, 820, 825, 838, 841, 844, 846, 851, 857, 861, 862, 863, 864, 866, 867, 868, 870, 871, 874, 875, 877, 881, 883, 885, 888, 891, 892, 893, 898, 899, 904, 905, 907, 908, 911, 912, 918, 920, 921, 922, 923, 924, 926, 931, 933]","[15, 16, 65, 66, 67, 68, 69, 70, 71, 72, 73, 74, 75, 76, 77, 78, 80, 151, 244, 245, 246, 247, 248, 249, 250, 251, 252, 253, 254, 255, 256, 257, 258, 259, 260, 280, 340, 373, 374, 375, 376, 377, 459, 460, 461, 462, 500, 501, 539, 540, 541, 542, 543, 544, 545, 546, 547, 548, 549, 550, 552, 622, 708, 709, 710, 711, 712, 713, 714, 715, 716, 717, 718, 719, 720, 739, 796, 823, 824, 825, 826, 827, 906, 907, 908, 909]","[15, 16, 65, 66, 67, 68, 69, 70, 71, 72, 73, 74, 75, 76, 80, 151, 245, 246, 247, 248, 249, 250, 251, 252, 253, 254, 255, 256, 257, 258, 259, 280, 340, 373, 374, 375, 376, 377, 459, 460, 461, 462, 500, 501, 539, 540, 541, 542, 543, 544, 545, 546, 547, 548, 549, 550, 552, 622, 708, 709, 710, 711, 712, 713, 714, 715, 716, 717, 718, 719, 720, 739, 796, 823, 824, 825, 826, 827, 906, 907, 908, 909]",7/6 successful match,True,,False,121,False,,1.0,True,Pilot Travel Center ( UT # 294 104 W ),Pilot
Ogden ( 84401 ) Pilot Travel Center # 294,801-731-2900 I-15-84 Exit 344 ( UT 39 W ),Pilot 24 <U+2610> MO,Ogden,84401,Pilot Travel Center # 294,801-731-2900,2016,Ogden,UT,Pilot,( UT 39 W ),I-15-84 Exit 344 ,Exit,344,False,,False,I-15-84,,,,,"[907, 460]","[416, 445, 475, 867, 895, 923]","[416, 460, 475, 867, 907, 923]","[460, 907]","[398, 399, 400, 401, 402, 403, 404, 405, 406, 407, 408, 409, 410, 411, 412, 413, 414, 415, 416, 417, 418, 419, 420, 421, 422, 423, 424, 425, 426, 427, 428, 429, 430, 431, 432, 433, 434, 435, 436, 437, 438, 439, 440, 441, 442, 443, 444, 445, 446, 447, 448, 449, 450, 451, 452, 453, 454, 455, 456, 457, 458, 459, 460, 461, 462, 463, 464, 465, 466, 467, 468, 469, 470, 471, 472, 473, 474, 475, 476, 477, 478, 479, 480, 481, 482, 483, 484, 848, 849, 850, 851, 852, 853, 854, 855, 856, 857, 858, 859, 860, 861, 862, 863, 864, 865, 866, 867, 868, 869, 870, 871, 872, 873, 874, 875, 876, 877, 878, 879, 880, 881, 882, 883, 884, 885, 886, 887, 888, 889, 890, 891, 892, 893, 894, 895, 896, 897, 898, 899, 900, 901, 902, 903, 904, 905, 906, 907, 908, 909, 910, 911, 912, 913, 914, 915, 916, 917, 918, 919, 920, 921, 922, 923, 924, 925, 926, 927, 928, 929, 930, 931, 932, 933, 934, 935]","[16, 125, 156, 163, 168, 184, 205, 222, 229, 253, 258, 265, 313, 317, 336, 340, 341, 356, 363, 365, 366, 367, 370, 375, 388, 391, 394, 396, 402, 410, 411, 412, 413, 415, 416, 417, 418, 419, 422, 423, 425, 429, 431, 433, 435, 437, 440, 441, 442, 443, 451, 452, 456, 457, 458, 460, 461, 464, 465, 471, 473, 474, 475, 481, 482, 501, 596, 628, 635, 655, 675, 693, 716, 720, 725, 771, 775, 793, 796, 797, 811, 817, 818, 820, 825, 838, 841, 844, 846, 851, 857, 861, 862, 863, 864, 866, 867, 868, 870, 871, 874, 875, 877, 881, 883, 885, 888, 891, 892, 893, 898, 899, 904, 905, 907, 908, 911, 912, 918, 920, 921, 922, 923, 924, 926, 931, 933]","[15, 16, 65, 66, 67, 68, 69, 70, 71, 72, 73, 74, 75, 76, 80, 151, 245, 246, 247, 248, 249, 250, 251, 252, 253, 254, 255, 256, 257, 258, 259, 280, 340, 373, 374, 375, 376, 377, 459, 460, 461, 462, 500, 501, 539, 540, 541, 542, 543, 544, 545, 546, 547, 548, 549, 550, 552, 622, 708, 709, 710, 711, 712, 713, 714, 715, 716, 717, 718, 719, 720, 739, 796, 823, 824, 825, 826, 827, 906, 907, 908, 909]","[15, 16, 65, 66, 67, 68, 69, 70, 71, 72, 73, 74, 75, 76, 77, 78, 80, 151, 244, 245, 246, 247, 248, 249, 250, 251, 252, 253, 254, 255, 256, 257, 258, 259, 260, 280, 340, 373, 374, 375, 376, 377, 459, 460, 461, 462, 500, 501, 539, 540, 541, 542, 543, 544, 545, 546, 547, 548, 549, 550, 552, 622, 708, 709, 710, 711, 712, 713, 714, 715, 716, 717, 718, 719, 720, 739, 796, 823, 824, 825, 826, 827, 906, 907, 908, 909]","[916, 917, 918, 15, 919, 16, 920, 921, 539, 540, 541, 542, 922, 543, 544, 545, 546, 547, 548, 388, 549, 550, 924, 552, 925, 926, 927, 928, 65, 66, 929, 67, 68, 69, 70, 930, 71, 72, 73, 74, 931, 75, 76, 80, 77, 932, 78, 596, 933, 934, 935, 622, 391, 628, 635, 125, 655, 151, 336, 156, 163, 675, 168, 373, 340, 341, 693, 184, 394, 374, 708, 709, 710, 711, 712, 713, 376, 714, 716, 205, 715, 717, 720, 718, 719, 725, 375, 222, 739, 229, 396, 244, 245, 246, 247, 248, 249, 250, 251, 252, 253, 254, 255, 356, 256, 258, 771, 257, 259, 260, 775, 265, 377, 280, 793, 796, 797, 363, 811, 365, 817, 366, 818, 820, 367, 823, 313, 825, 824, 826, 317, 827, 370, 838, 841, 844, 846, 848, 849, 850, 851, 852, 853, 854, 855, 856, 857, 858, 859, 860, 861, 862, 863, 864, 865, 866, 867, 868, 869, 870, 871, 872, 873, 874, 875, 876, 877, 878, 879, 880, 881, 882, 883, 884, 885, 886, 887, 888, 889, 890, 891, 892, 893, 894, 895, 896, 897, 898, 899, 900, 901, 902, 903, 904, 905, 906, 907, 908, 909, 398, 399, 400, 401, 402, 403, 404, 405, 406, 407, 408, 409, 410, 923, 411, 412, 413, 414, 416, 415, 417, 418, 419, 420, 421, 422, 423, 424, 425, 426, 427, 428, 429, 430, 431, 432, 433, 434, 435, 436, 437, 438, 439, 440, 441, 442, 443, 445, 444, 446, 447, 448, 449, 450, 451, 452, 453, 454, 455, 456, 457, 458, 460, 459, 461, 462, 463, 464, 465, 466, 467, 468, 469, 470, 471, 472, 473, 475, 474, 476, 477, 478, 479, 480, 481, 482, 483, 484, 910, 911, 912, 913, 500, 501, 914, 915]",True,"[416, 445, 475, 867, 895, 923]","[398, 399, 400, 401, 402, 403, 404, 405, 406, 407, 408, 409, 410, 411, 412, 413, 414, 415, 416, 417, 418, 419, 420, 421, 422, 423, 424, 425, 426, 427, 428, 429, 430, 431, 432, 433, 434, 435, 436, 437, 438, 439, 440, 441, 442, 443, 444, 445, 446, 447, 448, 449, 450, 451, 452, 453, 454, 455, 456, 457, 458, 459, 460, 461, 462, 463, 464, 465, 466, 467, 468, 469, 470, 471, 472, 473, 474, 475, 476, 477, 478, 479, 480, 481, 482, 483, 484, 848, 849, 850, 851, 852, 853, 854, 855, 856, 857, 858, 859, 860, 861, 862, 863, 864, 865, 866, 867, 868, 869, 870, 871, 872, 873, 874, 875, 876, 877, 878, 879, 880, 881, 882, 883, 884, 885, 886, 887, 888, 889, 890, 891, 892, 893, 894, 895, 896, 897, 898, 899, 900, 901, 902, 903, 904, 905, 906, 907, 908, 909, 910, 911, 912, 913, 914, 915, 916, 917, 918, 919, 920, 921, 922, 923, 924, 925, 926, 927, 928, 929, 930, 931, 932, 933, 934, 935]","[416, 460, 475, 867, 907, 923]","[460, 907]","[16, 125, 156, 163, 168, 184, 205, 222, 229, 253, 258, 265, 313, 317, 336, 340, 341, 356, 363, 365, 366, 367, 370, 375, 388, 391, 394, 396, 402, 410, 411, 412, 413, 415, 416, 417, 418, 419, 422, 423, 425, 429, 431, 433, 435, 437, 440, 441, 442, 443, 451, 452, 456, 457, 458, 460, 461, 464, 465, 471, 473, 474, 475, 481, 482, 501, 596, 628, 635, 655, 675, 693, 716, 720, 725, 771, 775, 793, 796, 797, 811, 817, 818, 820, 825, 838, 841, 844, 846, 851, 857, 861, 862, 863, 864, 866, 867, 868, 870, 871, 874, 875, 877, 881, 883, 885, 888, 891, 892, 893, 898, 899, 904, 905, 907, 908, 911, 912, 918, 920, 921, 922, 923, 924, 926, 931, 933]","[15, 16, 65, 66, 67, 68, 69, 70, 71, 72, 73, 74, 75, 76, 77, 78, 80, 151, 244, 245, 246, 247, 248, 249, 250, 251, 252, 253, 254, 255, 256, 257, 258, 259, 260, 280, 340, 373, 374, 375, 376, 377, 459, 460, 461, 462, 500, 501, 539, 540, 541, 542, 543, 544, 545, 546, 547, 548, 549, 550, 552, 622, 708, 709, 710, 711, 712, 713, 714, 715, 716, 717, 718, 719, 720, 739, 796, 823, 824, 825, 826, 827, 906, 907, 908, 909]","[15, 16, 65, 66, 67, 68, 69, 70, 71, 72, 73, 74, 75, 76, 80, 151, 245, 246, 247, 248, 249, 250, 251, 252, 253, 254, 255, 256, 257, 258, 259, 280, 340, 373, 374, 375, 376, 377, 459, 460, 461, 462, 500, 501, 539, 540, 541, 542, 543, 544, 545, 546, 547, 548, 549, 550, 552, 622, 708, 709, 710, 711, 712, 713, 714, 715, 716, 717, 718, 719, 720, 739, 796, 823, 824, 825, 826, 827, 906, 907, 908, 909]",7/6 successful match,True,,False,121,False,,1.0,True,Pilot Travel Center # 294,Pilot
"Ogden , 84401 Super Stop ( Texaco ) E )",801-731-3437 I-15-84 Exit 343 (,S <U+2610> <U+2610>,Ogden,84401,Super Stop ( Texaco ) E ),801-731-3437,2006,Ogden,UT,Texaco,(,I-15-84 Exit 343 ,Exit,343,False,,False,I-15-84,,,,,"[475, 923]","[416, 445, 475, 867, 895, 923]","[416, 460, 475, 867, 907, 923]","[416, 475, 867, 923]","[398, 399, 400, 401, 402, 403, 404, 405, 406, 407, 408, 409, 410, 411, 412, 413, 414, 415, 416, 417, 418, 419, 420, 421, 422, 423, 424, 425, 426, 427, 428, 429, 430, 431, 432, 433, 434, 435, 436, 437, 438, 439, 440, 441, 442, 443, 444, 445, 446, 447, 448, 449, 450, 451, 452, 453, 454, 455, 456, 457, 458, 459, 460, 461, 462, 463, 464, 465, 466, 467, 468, 469, 470, 471, 472, 473, 474, 475, 476, 477, 478, 479, 480, 481, 482, 483, 484, 848, 849, 850, 851, 852, 853, 854, 855, 856, 857, 858, 859, 860, 861, 862, 863, 864, 865, 866, 867, 868, 869, 870, 871, 872, 873, 874, 875, 876, 877, 878, 879, 880, 881, 882, 883, 884, 885, 886, 887, 888, 889, 890, 891, 892, 893, 894, 895, 896, 897, 898, 899, 900, 901, 902, 903, 904, 905, 906, 907, 908, 909, 910, 911, 912, 913, 914, 915, 916, 917, 918, 919, 920, 921, 922, 923, 924, 925, 926, 927, 928, 929, 930, 931, 932, 933, 934, 935]","[16, 125, 156, 163, 168, 184, 205, 222, 229, 253, 258, 265, 313, 317, 336, 340, 341, 356, 363, 365, 366, 367, 370, 375, 388, 391, 394, 396, 402, 410, 411, 412, 413, 415, 416, 417, 418, 419, 422, 423, 425, 429, 431, 433, 435, 437, 440, 441, 442, 443, 451, 452, 456, 457, 458, 460, 461, 464, 465, 471, 473, 474, 475, 481, 482, 501, 596, 628, 635, 655, 675, 693, 716, 720, 725, 771, 775, 793, 796, 797, 811, 817, 818, 820, 825, 838, 841, 844, 846, 851, 857, 861, 862, 863, 864, 866, 867, 868, 870, 871, 874, 875, 877, 881, 883, 885, 888, 891, 892, 893, 898, 899, 904, 905, 907, 908, 911, 912, 918, 920, 921, 922, 923, 924, 926, 931, 933]","[26, 390, 474, 486, 509, 840, 922, 926]","[26, 390, 474, 486, 509, 840, 922, 926]","[916, 917, 918, 919, 16, 920, 921, 26, 922, 388, 924, 925, 926, 927, 928, 929, 930, 931, 932, 596, 933, 390, 934, 935, 391, 628, 635, 125, 655, 336, 156, 163, 675, 168, 340, 341, 693, 184, 394, 716, 205, 720, 725, 375, 222, 229, 396, 253, 356, 258, 771, 775, 265, 793, 796, 797, 363, 811, 365, 817, 366, 818, 820, 367, 313, 825, 317, 370, 838, 840, 841, 844, 846, 848, 849, 850, 851, 852, 853, 854, 855, 856, 857, 858, 859, 860, 861, 862, 863, 864, 865, 866, 867, 868, 869, 870, 871, 872, 873, 874, 875, 876, 877, 878, 879, 880, 881, 882, 883, 884, 885, 886, 887, 888, 889, 890, 891, 892, 893, 894, 895, 896, 897, 898, 899, 900, 901, 902, 903, 904, 905, 906, 907, 908, 909, 398, 399, 400, 401, 402, 403, 404, 405, 406, 407, 408, 409, 410, 923, 411, 412, 413, 414, 416, 415, 417, 418, 419, 420, 421, 422, 423, 424, 425, 426, 427, 428, 429, 430, 431, 432, 433, 434, 435, 436, 437, 438, 439, 440, 441, 442, 443, 445, 444, 446, 447, 448, 449, 450, 451, 452, 453, 454, 455, 456, 457, 458, 460, 459, 461, 462, 463, 464, 465, 466, 467, 468, 469, 470, 471, 472, 473, 475, 474, 476, 477, 478, 479, 480, 481, 482, 483, 484, 910, 486, 911, 912, 913, 501, 914, 915, 509]",True,"[416, 445, 475, 867, 895, 923]","[398, 399, 400, 401, 402, 403, 404, 405, 406, 407, 408, 409, 410, 411, 412, 413, 414, 415, 416, 417, 418, 419, 420, 421, 422, 423, 424, 425, 426, 427, 428, 429, 430, 431, 432, 433, 434, 435, 436, 437, 438, 439, 440, 441, 442, 443, 444, 445, 446, 447, 448, 449, 450, 451, 452, 453, 454, 455, 456, 457, 458, 459, 460, 461, 462, 463, 464, 465, 466, 467, 468, 469, 470, 471, 472, 473, 474, 475, 476, 477, 478, 479, 480, 481, 482, 483, 484, 848, 849, 850, 851, 852, 853, 854, 855, 856, 857, 858, 859, 860, 861, 862, 863, 864, 865, 866, 867, 868, 869, 870, 871, 872, 873, 874, 875, 876, 877, 878, 879, 880, 881, 882, 883, 884, 885, 886, 887, 888, 889, 890, 891, 892, 893, 894, 895, 896, 897, 898, 899, 900, 901, 902, 903, 904, 905, 906, 907, 908, 909, 910, 911, 912, 913, 914, 915, 916, 917, 918, 919, 920, 921, 922, 923, 924, 925, 926, 927, 928, 929, 930, 931, 932, 933, 934, 935]","[416, 460, 475, 867, 907, 923]","[416, 475, 867, 923]","[16, 125, 156, 163, 168, 184, 205, 222, 229, 253, 258, 265, 313, 317, 336, 340, 341, 356, 363, 365, 366, 367, 370, 375, 388, 391, 394, 396, 402, 410, 411, 412, 413, 415, 416, 417, 418, 419, 422, 423, 425, 429, 431, 433, 435, 437, 440, 441, 442, 443, 451, 452, 456, 457, 458, 460, 461, 464, 465, 471, 473, 474, 475, 481, 482, 501, 596, 628, 635, 655, 675, 693, 716, 720, 725, 771, 775, 793, 796, 797, 811, 817, 818, 820, 825, 838, 841, 844, 846, 851, 857, 861, 862, 863, 864, 866, 867, 868, 870, 871, 874, 875, 877, 881, 883, 885, 888, 891, 892, 893, 898, 899, 904, 905, 907, 908, 911, 912, 918, 920, 921, 922, 923, 924, 926, 931, 933]","[26, 390, 474, 486, 509, 840, 922, 926]","[26, 390, 474, 486, 509, 840, 922, 926]",5/6 successful match,True,[587],True,122,False,,,,,
"Ogden , 84401 Super Stop ( Texaco )",801-731-3437 I-15-84 Exit 343 ( UT 104 W ),24,Ogden,84401,Super Stop ( Texaco ),801-731-3437,2007,Ogden,UT,Texaco,( UT 104 W ),I-15-84 Exit 343 ,Exit,343,False,,False,I-15-84,,,,,"[475, 923]","[416, 445, 475, 867, 895, 923]","[416, 460, 475, 867, 907, 923]","[416, 475, 867, 923]","[398, 399, 400, 401, 402, 403, 404, 405, 406, 407, 408, 409, 410, 411, 412, 413, 414, 415, 416, 417, 418, 419, 420, 421, 422, 423, 424, 425, 426, 427, 428, 429, 430, 431, 432, 433, 434, 435, 436, 437, 438, 439, 440, 441, 442, 443, 444, 445, 446, 447, 448, 449, 450, 451, 452, 453, 454, 455, 456, 457, 458, 459, 460, 461, 462, 463, 464, 465, 466, 467, 468, 469, 470, 471, 472, 473, 474, 475, 476, 477, 478, 479, 480, 481, 482, 483, 484, 848, 849, 850, 851, 852, 853, 854, 855, 856, 857, 858, 859, 860, 861, 862, 863, 864, 865, 866, 867, 868, 869, 870, 871, 872, 873, 874, 875, 876, 877, 878, 879, 880, 881, 882, 883, 884, 885, 886, 887, 888, 889, 890, 891, 892, 893, 894, 895, 896, 897, 898, 899, 900, 901, 902, 903, 904, 905, 906, 907, 908, 909, 910, 911, 912, 913, 914, 915, 916, 917, 918, 919, 920, 921, 922, 923, 924, 925, 926, 927, 928, 929, 930, 931, 932, 933, 934, 935]","[16, 125, 156, 163, 168, 184, 205, 222, 229, 253, 258, 265, 313, 317, 336, 340, 341, 356, 363, 365, 366, 367, 370, 375, 388, 391, 394, 396, 402, 410, 411, 412, 413, 415, 416, 417, 418, 419, 422, 423, 425, 429, 431, 433, 435, 437, 440, 441, 442, 443, 451, 452, 456, 457, 458, 460, 461, 464, 465, 471, 473, 474, 475, 481, 482, 501, 596, 628, 635, 655, 675, 693, 716, 720, 725, 771, 775, 793, 796, 797, 811, 817, 818, 820, 825, 838, 841, 844, 846, 851, 857, 861, 862, 863, 864, 866, 867, 868, 870, 871, 874, 875, 877, 881, 883, 885, 888, 891, 892, 893, 898, 899, 904, 905, 907, 908, 911, 912, 918, 920, 921, 922, 923, 924, 926, 931, 933]","[26, 390, 474, 486, 509, 840, 922, 926]","[26, 390, 474, 486, 509, 840, 922, 926]","[916, 917, 918, 919, 16, 920, 921, 26, 922, 388, 924, 925, 926, 927, 928, 929, 930, 931, 932, 596, 933, 390, 934, 935, 391, 628, 635, 125, 655, 336, 156, 163, 675, 168, 340, 341, 693, 184, 394, 716, 205, 720, 725, 375, 222, 229, 396, 253, 356, 258, 771, 775, 265, 793, 796, 797, 363, 811, 365, 817, 366, 818, 820, 367, 313, 825, 317, 370, 838, 840, 841, 844, 846, 848, 849, 850, 851, 852, 853, 854, 855, 856, 857, 858, 859, 860, 861, 862, 863, 864, 865, 866, 867, 868, 869, 870, 871, 872, 873, 874, 875, 876, 877, 878, 879, 880, 881, 882, 883, 884, 885, 886, 887, 888, 889, 890, 891, 892, 893, 894, 895, 896, 897, 898, 899, 900, 901, 902, 903, 904, 905, 906, 907, 908, 909, 398, 399, 400, 401, 402, 403, 404, 405, 406, 407, 408, 409, 410, 923, 411, 412, 413, 414, 416, 415, 417, 418, 419, 420, 421, 422, 423, 424, 425, 426, 427, 428, 429, 430, 431, 432, 433, 434, 435, 436, 437, 438, 439, 440, 441, 442, 443, 445, 444, 446, 447, 448, 449, 450, 451, 452, 453, 454, 455, 456, 457, 458, 460, 459, 461, 462, 463, 464, 465, 466, 467, 468, 469, 470, 471, 472, 473, 475, 474, 476, 477, 478, 479, 480, 481, 482, 483, 484, 910, 486, 911, 912, 913, 501, 914, 915, 509]",True,"[416, 445, 475, 867, 895, 923]","[398, 399, 400, 401, 402, 403, 404, 405, 406, 407, 408, 409, 410, 411, 412, 413, 414, 415, 416, 417, 418, 419, 420, 421, 422, 423, 424, 425, 426, 427, 428, 429, 430, 431, 432, 433, 434, 435, 436, 437, 438, 439, 440, 441, 442, 443, 444, 445, 446, 447, 448, 449, 450, 451, 452, 453, 454, 455, 456, 457, 458, 459, 460, 461, 462, 463, 464, 465, 466, 467, 468, 469, 470, 471, 472, 473, 474, 475, 476, 477, 478, 479, 480, 481, 482, 483, 484, 848, 849, 850, 851, 852, 853, 854, 855, 856, 857, 858, 859, 860, 861, 862, 863, 864, 865, 866, 867, 868, 869, 870, 871, 872, 873, 874, 875, 876, 877, 878, 879, 880, 881, 882, 883, 884, 885, 886, 887, 888, 889, 890, 891, 892, 893, 894, 895, 896, 897, 898, 899, 900, 901, 902, 903, 904, 905, 906, 907, 908, 909, 910, 911, 912, 913, 914, 915, 916, 917, 918, 919, 920, 921, 922, 923, 924, 925, 926, 927, 928, 929, 930, 931, 932, 933, 934, 935]","[416, 460, 475, 867, 907, 923]","[416, 475, 867, 923]","[16, 125, 156, 163, 168, 184, 205, 222, 229, 253, 258, 265, 313, 317, 336, 340, 341, 356, 363, 365, 366, 367, 370, 375, 388, 391, 394, 396, 402, 410, 411, 412, 413, 415, 416, 417, 418, 419, 422, 423, 425, 429, 431, 433, 435, 437, 440, 441, 442, 443, 451, 452, 456, 457, 458, 460, 461, 464, 465, 471, 473, 474, 475, 481, 482, 501, 596, 628, 635, 655, 675, 693, 716, 720, 725, 771, 775, 793, 796, 797, 811, 817, 818, 820, 825, 838, 841, 844, 846, 851, 857, 861, 862, 863, 864, 866, 867, 868, 870, 871, 874, 875, 877, 881, 883, 885, 888, 891, 892, 893, 898, 899, 904, 905, 907, 908, 911, 912, 918, 920, 921, 922, 923, 924, 926, 931, 933]","[26, 390, 474, 486, 509, 840, 922, 926]","[26, 390, 474, 486, 509, 840, 922, 926]",5/6 successful match,True,[587],True,122,False,,0.9739130434782608,True,Super Stop ( Texaco ) E ),Texaco
"Ogden , 84401 Super Stop ( Texaco )",3 801-731-3437 I-15-84 Exit 343 ( UT 104 W ),<U+2610> <U+2610> <U+2610> <U+2610> <U+2610>,Ogden,84401,Super Stop ( Texaco ),801-731-3437,2008,Ogden,UT,Texaco,( UT 104 W ),I-15-84 Exit 343 ,Exit,343,False,,False,I-15-84,,,,,"[475, 923]","[416, 445, 475, 867, 895, 923]","[416, 460, 475, 867, 907, 923]","[416, 475, 867, 923]","[398, 399, 400, 401, 402, 403, 404, 405, 406, 407, 408, 409, 410, 411, 412, 413, 414, 415, 416, 417, 418, 419, 420, 421, 422, 423, 424, 425, 426, 427, 428, 429, 430, 431, 432, 433, 434, 435, 436, 437, 438, 439, 440, 441, 442, 443, 444, 445, 446, 447, 448, 449, 450, 451, 452, 453, 454, 455, 456, 457, 458, 459, 460, 461, 462, 463, 464, 465, 466, 467, 468, 469, 470, 471, 472, 473, 474, 475, 476, 477, 478, 479, 480, 481, 482, 483, 484, 848, 849, 850, 851, 852, 853, 854, 855, 856, 857, 858, 859, 860, 861, 862, 863, 864, 865, 866, 867, 868, 869, 870, 871, 872, 873, 874, 875, 876, 877, 878, 879, 880, 881, 882, 883, 884, 885, 886, 887, 888, 889, 890, 891, 892, 893, 894, 895, 896, 897, 898, 899, 900, 901, 902, 903, 904, 905, 906, 907, 908, 909, 910, 911, 912, 913, 914, 915, 916, 917, 918, 919, 920, 921, 922, 923, 924, 925, 926, 927, 928, 929, 930, 931, 932, 933, 934, 935]","[16, 125, 156, 163, 168, 184, 205, 222, 229, 253, 258, 265, 313, 317, 336, 340, 341, 356, 363, 365, 366, 367, 370, 375, 388, 391, 394, 396, 402, 410, 411, 412, 413, 415, 416, 417, 418, 419, 422, 423, 425, 429, 431, 433, 435, 437, 440, 441, 442, 443, 451, 452, 456, 457, 458, 460, 461, 464, 465, 471, 473, 474, 475, 481, 482, 501, 596, 628, 635, 655, 675, 693, 716, 720, 725, 771, 775, 793, 796, 797, 811, 817, 818, 820, 825, 838, 841, 844, 846, 851, 857, 861, 862, 863, 864, 866, 867, 868, 870, 871, 874, 875, 877, 881, 883, 885, 888, 891, 892, 893, 898, 899, 904, 905, 907, 908, 911, 912, 918, 920, 921, 922, 923, 924, 926, 931, 933]","[26, 390, 474, 486, 509, 840, 922, 926]","[26, 390, 474, 486, 509, 840, 922, 926]","[916, 917, 918, 919, 16, 920, 921, 26, 922, 388, 924, 925, 926, 927, 928, 929, 930, 931, 932, 596, 933, 390, 934, 935, 391, 628, 635, 125, 655, 336, 156, 163, 675, 168, 340, 341, 693, 184, 394, 716, 205, 720, 725, 375, 222, 229, 396, 253, 356, 258, 771, 775, 265, 793, 796, 797, 363, 811, 365, 817, 366, 818, 820, 367, 313, 825, 317, 370, 838, 840, 841, 844, 846, 848, 849, 850, 851, 852, 853, 854, 855, 856, 857, 858, 859, 860, 861, 862, 863, 864, 865, 866, 867, 868, 869, 870, 871, 872, 873, 874, 875, 876, 877, 878, 879, 880, 881, 882, 883, 884, 885, 886, 887, 888, 889, 890, 891, 892, 893, 894, 895, 896, 897, 898, 899, 900, 901, 902, 903, 904, 905, 906, 907, 908, 909, 398, 399, 400, 401, 402, 403, 404, 405, 406, 407, 408, 409, 410, 923, 411, 412, 413, 414, 416, 415, 417, 418, 419, 420, 421, 422, 423, 424, 425, 426, 427, 428, 429, 430, 431, 432, 433, 434, 435, 436, 437, 438, 439, 440, 441, 442, 443, 445, 444, 446, 447, 448, 449, 450, 451, 452, 453, 454, 455, 456, 457, 458, 460, 459, 461, 462, 463, 464, 465, 466, 467, 468, 469, 470, 471, 472, 473, 475, 474, 476, 477, 478, 479, 480, 481, 482, 483, 484, 910, 486, 911, 912, 913, 501, 914, 915, 509]",True,"[416, 445, 475, 867, 895, 923]","[398, 399, 400, 401, 402, 403, 404, 405, 406, 407, 408, 409, 410, 411, 412, 413, 414, 415, 416, 417, 418, 419, 420, 421, 422, 423, 424, 425, 426, 427, 428, 429, 430, 431, 432, 433, 434, 435, 436, 437, 438, 439, 440, 441, 442, 443, 444, 445, 446, 447, 448, 449, 450, 451, 452, 453, 454, 455, 456, 457, 458, 459, 460, 461, 462, 463, 464, 465, 466, 467, 468, 469, 470, 471, 472, 473, 474, 475, 476, 477, 478, 479, 480, 481, 482, 483, 484, 848, 849, 850, 851, 852, 853, 854, 855, 856, 857, 858, 859, 860, 861, 862, 863, 864, 865, 866, 867, 868, 869, 870, 871, 872, 873, 874, 875, 876, 877, 878, 879, 880, 881, 882, 883, 884, 885, 886, 887, 888, 889, 890, 891, 892, 893, 894, 895, 896, 897, 898, 899, 900, 901, 902, 903, 904, 905, 906, 907, 908, 909, 910, 911, 912, 913, 914, 915, 916, 917, 918, 919, 920, 921, 922, 923, 924, 925, 926, 927, 928, 929, 930, 931, 932, 933, 934, 935]","[416, 460, 475, 867, 907, 923]","[416, 475, 867, 923]","[16, 125, 156, 163, 168, 184, 205, 222, 229, 253, 258, 265, 313, 317, 336, 340, 341, 356, 363, 365, 366, 367, 370, 375, 388, 391, 394, 396, 402, 410, 411, 412, 413, 415, 416, 417, 418, 419, 422, 423, 425, 429, 431, 433, 435, 437, 440, 441, 442, 443, 451, 452, 456, 457, 458, 460, 461, 464, 465, 471, 473, 474, 475, 481, 482, 501, 596, 628, 635, 655, 675, 693, 716, 720, 725, 771, 775, 793, 796, 797, 811, 817, 818, 820, 825, 838, 841, 844, 846, 851, 857, 861, 862, 863, 864, 866, 867, 868, 870, 871, 874, 875, 877, 881, 883, 885, 888, 891, 892, 893, 898, 899, 904, 905, 907, 908, 911, 912, 918, 920, 921, 922, 923, 924, 926, 931, 933]","[26, 390, 474, 486, 509, 840, 922, 926]","[26, 390, 474, 486, 509, 840, 922, 926]",5/6 successful match,True,[587],True,122,False,,1.0,True,Super Stop ( Texaco ),Texaco
Ogden ( 84401 ) Super Stop ( Texaco ) 104 E ),3 801-731-3437 I-15-84 Exit 343 ( UT 104 W ),<U+25A1>,Ogden,84401,Super Stop ( Texaco ) 104 E ),801-731-3437,2014,Ogden,UT,Texaco,( UT 104 W ),I-15-84 Exit 343 ,Exit,343,False,,False,I-15-84,,,,,"[475, 923]","[416, 445, 475, 867, 895, 923]","[416, 460, 475, 867, 907, 923]","[416, 475, 867, 923]","[398, 399, 400, 401, 402, 403, 404, 405, 406, 407, 408, 409, 410, 411, 412, 413, 414, 415, 416, 417, 418, 419, 420, 421, 422, 423, 424, 425, 426, 427, 428, 429, 430, 431, 432, 433, 434, 435, 436, 437, 438, 439, 440, 441, 442, 443, 444, 445, 446, 447, 448, 449, 450, 451, 452, 453, 454, 455, 456, 457, 458, 459, 460, 461, 462, 463, 464, 465, 466, 467, 468, 469, 470, 471, 472, 473, 474, 475, 476, 477, 478, 479, 480, 481, 482, 483, 484, 848, 849, 850, 851, 852, 853, 854, 855, 856, 857, 858, 859, 860, 861, 862, 863, 864, 865, 866, 867, 868, 869, 870, 871, 872, 873, 874, 875, 876, 877, 878, 879, 880, 881, 882, 883, 884, 885, 886, 887, 888, 889, 890, 891, 892, 893, 894, 895, 896, 897, 898, 899, 900, 901, 902, 903, 904, 905, 906, 907, 908, 909, 910, 911, 912, 913, 914, 915, 916, 917, 918, 919, 920, 921, 922, 923, 924, 925, 926, 927, 928, 929, 930, 931, 932, 933, 934, 935]","[16, 125, 156, 163, 168, 184, 205, 222, 229, 253, 258, 265, 313, 317, 336, 340, 341, 356, 363, 365, 366, 367, 370, 375, 388, 391, 394, 396, 402, 410, 411, 412, 413, 415, 416, 417, 418, 419, 422, 423, 425, 429, 431, 433, 435, 437, 440, 441, 442, 443, 451, 452, 456, 457, 458, 460, 461, 464, 465, 471, 473, 474, 475, 481, 482, 501, 596, 628, 635, 655, 675, 693, 716, 720, 725, 771, 775, 793, 796, 797, 811, 817, 818, 820, 825, 838, 841, 844, 846, 851, 857, 861, 862, 863, 864, 866, 867, 868, 870, 871, 874, 875, 877, 881, 883, 885, 888, 891, 892, 893, 898, 899, 904, 905, 907, 908, 911, 912, 918, 920, 921, 922, 923, 924, 926, 931, 933]","[26, 390, 474, 486, 509, 840, 922, 926]","[26, 390, 474, 486, 509, 840, 922, 926]","[916, 917, 918, 919, 16, 920, 921, 26, 922, 388, 924, 925, 926, 927, 928, 929, 930, 931, 932, 596, 933, 390, 934, 935, 391, 628, 635, 125, 655, 336, 156, 163, 675, 168, 340, 341, 693, 184, 394, 716, 205, 720, 725, 375, 222, 229, 396, 253, 356, 258, 771, 775, 265, 793, 796, 797, 363, 811, 365, 817, 366, 818, 820, 367, 313, 825, 317, 370, 838, 840, 841, 844, 846, 848, 849, 850, 851, 852, 853, 854, 855, 856, 857, 858, 859, 860, 861, 862, 863, 864, 865, 866, 867, 868, 869, 870, 871, 872, 873, 874, 875, 876, 877, 878, 879, 880, 881, 882, 883, 884, 885, 886, 887, 888, 889, 890, 891, 892, 893, 894, 895, 896, 897, 898, 899, 900, 901, 902, 903, 904, 905, 906, 907, 908, 909, 398, 399, 400, 401, 402, 403, 404, 405, 406, 407, 408, 409, 410, 923, 411, 412, 413, 414, 416, 415, 417, 418, 419, 420, 421, 422, 423, 424, 425, 426, 427, 428, 429, 430, 431, 432, 433, 434, 435, 436, 437, 438, 439, 440, 441, 442, 443, 445, 444, 446, 447, 448, 449, 450, 451, 452, 453, 454, 455, 456, 457, 458, 460, 459, 461, 462, 463, 464, 465, 466, 467, 468, 469, 470, 471, 472, 473, 475, 474, 476, 477, 478, 479, 480, 481, 482, 483, 484, 910, 486, 911, 912, 913, 501, 914, 915, 509]",True,"[416, 445, 475, 867, 895, 923]","[398, 399, 400, 401, 402, 403, 404, 405, 406, 407, 408, 409, 410, 411, 412, 413, 414, 415, 416, 417, 418, 419, 420, 421, 422, 423, 424, 425, 426, 427, 428, 429, 430, 431, 432, 433, 434, 435, 436, 437, 438, 439, 440, 441, 442, 443, 444, 445, 446, 447, 448, 449, 450, 451, 452, 453, 454, 455, 456, 457, 458, 459, 460, 461, 462, 463, 464, 465, 466, 467, 468, 469, 470, 471, 472, 473, 474, 475, 476, 477, 478, 479, 480, 481, 482, 483, 484, 848, 849, 850, 851, 852, 853, 854, 855, 856, 857, 858, 859, 860, 861, 862, 863, 864, 865, 866, 867, 868, 869, 870, 871, 872, 873, 874, 875, 876, 877, 878, 879, 880, 881, 882, 883, 884, 885, 886, 887, 888, 889, 890, 891, 892, 893, 894, 895, 896, 897, 898, 899, 900, 901, 902, 903, 904, 905, 906, 907, 908, 909, 910, 911, 912, 913, 914, 915, 916, 917, 918, 919, 920, 921, 922, 923, 924, 925, 926, 927, 928, 929, 930, 931, 932, 933, 934, 935]","[416, 460, 475, 867, 907, 923]","[416, 475, 867, 923]","[16, 125, 156, 163, 168, 184, 205, 222, 229, 253, 258, 265, 313, 317, 336, 340, 341, 356, 363, 365, 366, 367, 370, 375, 388, 391, 394, 396, 402, 410, 411, 412, 413, 415, 416, 417, 418, 419, 422, 423, 425, 429, 431, 433, 435, 437, 440, 441, 442, 443, 451, 452, 456, 457, 458, 460, 461, 464, 465, 471, 473, 474, 475, 481, 482, 501, 596, 628, 635, 655, 675, 693, 716, 720, 725, 771, 775, 793, 796, 797, 811, 817, 818, 820, 825, 838, 841, 844, 846, 851, 857, 861, 862, 863, 864, 866, 867, 868, 870, 871, 874, 875, 877, 881, 883, 885, 888, 891, 892, 893, 898, 899, 904, 905, 907, 908, 911, 912, 918, 920, 921, 922, 923, 924, 926, 931, 933]","[26, 390, 474, 486, 509, 840, 922, 926]","[26, 390, 474, 486, 509, 840, 922, 926]",5/6 successful match,True,[587],True,122,False,,0.752,True,Super Stop ( Texaco ),Texaco
Ogden ( 84401 ) Super Stop ( Shell ),3 801-731-3437 I-15-84 Exit 343 ( UT 104 W ),,Ogden,84401,Super Stop ( Shell ),801-731-3437,2015,Ogden,UT,Shell,( UT 104 W ),I-15-84 Exit 343 ,Exit,343,False,,False,I-15-84,,,,,"[475, 923]","[416, 445, 475, 867, 895, 923]","[416, 460, 475, 867, 907, 923]","[416, 475, 867, 923]","[398, 399, 400, 401, 402, 403, 404, 405, 406, 407, 408, 409, 410, 411, 412, 413, 414, 415, 416, 417, 418, 419, 420, 421, 422, 423, 424, 425, 426, 427, 428, 429, 430, 431, 432, 433, 434, 435, 436, 437, 438, 439, 440, 441, 442, 443, 444, 445, 446, 447, 448, 449, 450, 451, 452, 453, 454, 455, 456, 457, 458, 459, 460, 461, 462, 463, 464, 465, 466, 467, 468, 469, 470, 471, 472, 473, 474, 475, 476, 477, 478, 479, 480, 481, 482, 483, 484, 848, 849, 850, 851, 852, 853, 854, 855, 856, 857, 858, 859, 860, 861, 862, 863, 864, 865, 866, 867, 868, 869, 870, 871, 872, 873, 874, 875, 876, 877, 878, 879, 880, 881, 882, 883, 884, 885, 886, 887, 888, 889, 890, 891, 892, 893, 894, 895, 896, 897, 898, 899, 900, 901, 902, 903, 904, 905, 906, 907, 908, 909, 910, 911, 912, 913, 914, 915, 916, 917, 918, 919, 920, 921, 922, 923, 924, 925, 926, 927, 928, 929, 930, 931, 932, 933, 934, 935]","[16, 125, 156, 163, 168, 184, 205, 222, 229, 253, 258, 265, 313, 317, 336, 340, 341, 356, 363, 365, 366, 367, 370, 375, 388, 391, 394, 396, 402, 410, 411, 412, 413, 415, 416, 417, 418, 419, 422, 423, 425, 429, 431, 433, 435, 437, 440, 441, 442, 443, 451, 452, 456, 457, 458, 460, 461, 464, 465, 471, 473, 474, 475, 481, 482, 501, 596, 628, 635, 655, 675, 693, 716, 720, 725, 771, 775, 793, 796, 797, 811, 817, 818, 820, 825, 838, 841, 844, 846, 851, 857, 861, 862, 863, 864, 866, 867, 868, 870, 871, 874, 875, 877, 881, 883, 885, 888, 891, 892, 893, 898, 899, 904, 905, 907, 908, 911, 912, 918, 920, 921, 922, 923, 924, 926, 931, 933]","[1, 13, 14, 29, 54, 55, 56, 57, 58, 60, 102, 118, 125, 127, 130, 134, 146, 149, 153, 175, 182, 187, 189, 191, 197, 225, 230, 238, 264, 265, 266, 286, 302, 317, 336, 379, 388, 389, 425, 454, 458, 463, 475, 487, 498, 499, 512, 530, 531, 532, 533, 534, 536, 573, 589, 596, 598, 601, 605, 617, 620, 624, 646, 653, 658, 660, 662, 668, 689, 694, 702, 724, 725, 745, 760, 775, 793, 829, 838, 839, 877, 901, 903, 905, 910, 923]","[1, 13, 14, 29, 54, 55, 56, 57, 58, 60, 102, 118, 125, 127, 130, 134, 146, 149, 153, 175, 182, 187, 189, 191, 197, 225, 230, 238, 264, 265, 266, 286, 302, 317, 336, 354, 379, 388, 389, 425, 454, 458, 463, 475, 487, 498, 499, 512, 530, 531, 532, 533, 534, 536, 573, 589, 596, 598, 601, 605, 617, 620, 624, 646, 653, 658, 660, 662, 668, 689, 694, 702, 724, 725, 745, 760, 775, 793, 809, 829, 838, 839, 877, 901, 903, 905, 910, 923]","[512, 916, 1, 917, 918, 13, 14, 919, 16, 530, 531, 532, 920, 533, 534, 536, 921, 29, 922, 388, 924, 925, 926, 54, 55, 927, 56, 57, 58, 60, 573, 928, 389, 929, 930, 931, 589, 932, 596, 598, 933, 601, 934, 605, 935, 102, 617, 620, 624, 391, 628, 118, 635, 125, 127, 130, 134, 646, 653, 655, 146, 658, 660, 149, 662, 153, 336, 156, 668, 163, 675, 168, 340, 175, 689, 341, 693, 182, 694, 184, 187, 394, 189, 702, 191, 197, 716, 205, 720, 724, 725, 375, 222, 225, 229, 230, 745, 396, 238, 354, 760, 253, 356, 258, 771, 775, 264, 265, 266, 793, 796, 797, 286, 363, 809, 811, 365, 302, 817, 366, 818, 820, 367, 313, 825, 317, 829, 379, 370, 838, 839, 841, 844, 846, 848, 849, 850, 851, 852, 853, 854, 855, 856, 857, 858, 859, 860, 861, 862, 863, 864, 865, 866, 867, 868, 869, 870, 871, 872, 873, 874, 875, 876, 877, 878, 879, 880, 881, 882, 883, 884, 885, 886, 887, 888, 889, 890, 891, 892, 893, 894, 895, 896, 897, 898, 899, 900, 901, 902, 903, 904, 905, 906, 907, 908, 909, 398, 399, 400, 401, 402, 403, 404, 405, 406, 407, 408, 409, 410, 923, 411, 412, 413, 414, 416, 415, 417, 418, 419, 420, 421, 422, 423, 424, 425, 426, 427, 428, 429, 430, 431, 432, 433, 434, 435, 436, 437, 438, 439, 440, 441, 442, 443, 445, 444, 446, 447, 448, 449, 450, 451, 452, 453, 454, 455, 456, 457, 458, 460, 459, 461, 462, 463, 464, 465, 466, 467, 468, 469, 470, 471, 472, 473, 475, 474, 476, 477, 478, 479, 480, 481, 482, 483, 484, 910, 487, 911, 912, 913, 498, 499, 501, 914, 915]",True,"[416, 445, 475, 867, 895, 923]","[398, 399, 400, 401, 402, 403, 404, 405, 406, 407, 408, 409, 410, 411, 412, 413, 414, 415, 416, 417, 418, 419, 420, 421, 422, 423, 424, 425, 426, 427, 428, 429, 430, 431, 432, 433, 434, 435, 436, 437, 438, 439, 440, 441, 442, 443, 444, 445, 446, 447, 448, 449, 450, 451, 452, 453, 454, 455, 456, 457, 458, 459, 460, 461, 462, 463, 464, 465, 466, 467, 468, 469, 470, 471, 472, 473, 474, 475, 476, 477, 478, 479, 480, 481, 482, 483, 484, 848, 849, 850, 851, 852, 853, 854, 855, 856, 857, 858, 859, 860, 861, 862, 863, 864, 865, 866, 867, 868, 869, 870, 871, 872, 873, 874, 875, 876, 877, 878, 879, 880, 881, 882, 883, 884, 885, 886, 887, 888, 889, 890, 891, 892, 893, 894, 895, 896, 897, 898, 899, 900, 901, 902, 903, 904, 905, 906, 907, 908, 909, 910, 911, 912, 913, 914, 915, 916, 917, 918, 919, 920, 921, 922, 923, 924, 925, 926, 927, 928, 929, 930, 931, 932, 933, 934, 935]","[416, 460, 475, 867, 907, 923]","[416, 475, 867, 923]","[16, 125, 156, 163, 168, 184, 205, 222, 229, 253, 258, 265, 313, 317, 336, 340, 341, 356, 363, 365, 366, 367, 370, 375, 388, 391, 394, 396, 402, 410, 411, 412, 413, 415, 416, 417, 418, 419, 422, 423, 425, 429, 431, 433, 435, 437, 440, 441, 442, 443, 451, 452, 456, 457, 458, 460, 461, 464, 465, 471, 473, 474, 475, 481, 482, 501, 596, 628, 635, 655, 675, 693, 716, 720, 725, 771, 775, 793, 796, 797, 811, 817, 818, 820, 825, 838, 841, 844, 846, 851, 857, 861, 862, 863, 864, 866, 867, 868, 870, 871, 874, 875, 877, 881, 883, 885, 888, 891, 892, 893, 898, 899, 904, 905, 907, 908, 911, 912, 918, 920, 921, 922, 923, 924, 926, 931, 933]","[1, 13, 14, 29, 54, 55, 56, 57, 58, 60, 102, 118, 125, 127, 130, 134, 146, 149, 153, 175, 182, 187, 189, 191, 197, 225, 230, 238, 264, 265, 266, 286, 302, 317, 336, 354, 379, 388, 389, 425, 454, 458, 463, 475, 487, 498, 499, 512, 530, 531, 532, 533, 534, 536, 573, 589, 596, 598, 601, 605, 617, 620, 624, 646, 653, 658, 660, 662, 668, 689, 694, 702, 724, 725, 745, 760, 775, 793, 809, 829, 838, 839, 877, 901, 903, 905, 910, 923]","[1, 13, 14, 29, 54, 55, 56, 57, 58, 60, 102, 118, 125, 127, 130, 134, 146, 149, 153, 175, 182, 187, 189, 191, 197, 225, 230, 238, 264, 265, 266, 286, 302, 317, 336, 379, 388, 389, 425, 454, 458, 463, 475, 487, 498, 499, 512, 530, 531, 532, 533, 534, 536, 573, 589, 596, 598, 601, 605, 617, 620, 624, 646, 653, 658, 660, 662, 668, 689, 694, 702, 724, 725, 745, 760, 775, 793, 829, 838, 839, 877, 901, 903, 905, 910, 923]",7/6 successful match,True,[587],True,122,False,,0.5959183673469388,False,Super Stop ( Texaco ) 104 E ),Texaco
Ogden ( 84401 ) Super Stop ( Shell ),3 801-731-3437 I-15-84 Exit 343 ( UT 104 W ),<U+25A1>,Ogden,84401,Super Stop ( Shell ),801-731-3437,2016,Ogden,UT,Shell,( UT 104 W ),I-15-84 Exit 343 ,Exit,343,False,,False,I-15-84,,,,,"[475, 923]","[416, 445, 475, 867, 895, 923]","[416, 460, 475, 867, 907, 923]","[416, 475, 867, 923]","[398, 399, 400, 401, 402, 403, 404, 405, 406, 407, 408, 409, 410, 411, 412, 413, 414, 415, 416, 417, 418, 419, 420, 421, 422, 423, 424, 425, 426, 427, 428, 429, 430, 431, 432, 433, 434, 435, 436, 437, 438, 439, 440, 441, 442, 443, 444, 445, 446, 447, 448, 449, 450, 451, 452, 453, 454, 455, 456, 457, 458, 459, 460, 461, 462, 463, 464, 465, 466, 467, 468, 469, 470, 471, 472, 473, 474, 475, 476, 477, 478, 479, 480, 481, 482, 483, 484, 848, 849, 850, 851, 852, 853, 854, 855, 856, 857, 858, 859, 860, 861, 862, 863, 864, 865, 866, 867, 868, 869, 870, 871, 872, 873, 874, 875, 876, 877, 878, 879, 880, 881, 882, 883, 884, 885, 886, 887, 888, 889, 890, 891, 892, 893, 894, 895, 896, 897, 898, 899, 900, 901, 902, 903, 904, 905, 906, 907, 908, 909, 910, 911, 912, 913, 914, 915, 916, 917, 918, 919, 920, 921, 922, 923, 924, 925, 926, 927, 928, 929, 930, 931, 932, 933, 934, 935]","[16, 125, 156, 163, 168, 184, 205, 222, 229, 253, 258, 265, 313, 317, 336, 340, 341, 356, 363, 365, 366, 367, 370, 375, 388, 391, 394, 396, 402, 410, 411, 412, 413, 415, 416, 417, 418, 419, 422, 423, 425, 429, 431, 433, 435, 437, 440, 441, 442, 443, 451, 452, 456, 457, 458, 460, 461, 464, 465, 471, 473, 474, 475, 481, 482, 501, 596, 628, 635, 655, 675, 693, 716, 720, 725, 771, 775, 793, 796, 797, 811, 817, 818, 820, 825, 838, 841, 844, 846, 851, 857, 861, 862, 863, 864, 866, 867, 868, 870, 871, 874, 875, 877, 881, 883, 885, 888, 891, 892, 893, 898, 899, 904, 905, 907, 908, 911, 912, 918, 920, 921, 922, 923, 924, 926, 931, 933]","[1, 13, 14, 29, 54, 55, 56, 57, 58, 60, 102, 118, 125, 127, 130, 134, 146, 149, 153, 175, 182, 187, 189, 191, 197, 225, 230, 238, 264, 265, 266, 286, 302, 317, 336, 379, 388, 389, 425, 454, 458, 463, 475, 487, 498, 499, 512, 530, 531, 532, 533, 534, 536, 573, 589, 596, 598, 601, 605, 617, 620, 624, 646, 653, 658, 660, 662, 668, 689, 694, 702, 724, 725, 745, 760, 775, 793, 829, 838, 839, 877, 901, 903, 905, 910, 923]","[1, 13, 14, 29, 54, 55, 56, 57, 58, 60, 102, 118, 125, 127, 130, 134, 146, 149, 153, 175, 182, 187, 189, 191, 197, 225, 230, 238, 264, 265, 266, 286, 302, 317, 336, 354, 379, 388, 389, 425, 454, 458, 463, 475, 487, 498, 499, 512, 530, 531, 532, 533, 534, 536, 573, 589, 596, 598, 601, 605, 617, 620, 624, 646, 653, 658, 660, 662, 668, 689, 694, 702, 724, 725, 745, 760, 775, 793, 809, 829, 838, 839, 877, 901, 903, 905, 910, 923]","[512, 916, 1, 917, 918, 13, 14, 919, 16, 530, 531, 532, 920, 533, 534, 536, 921, 29, 922, 388, 924, 925, 926, 54, 55, 927, 56, 57, 58, 60, 573, 928, 389, 929, 930, 931, 589, 932, 596, 598, 933, 601, 934, 605, 935, 102, 617, 620, 624, 391, 628, 118, 635, 125, 127, 130, 134, 646, 653, 655, 146, 658, 660, 149, 662, 153, 336, 156, 668, 163, 675, 168, 340, 175, 689, 341, 693, 182, 694, 184, 187, 394, 189, 702, 191, 197, 716, 205, 720, 724, 725, 375, 222, 225, 229, 230, 745, 396, 238, 354, 760, 253, 356, 258, 771, 775, 264, 265, 266, 793, 796, 797, 286, 363, 809, 811, 365, 302, 817, 366, 818, 820, 367, 313, 825, 317, 829, 379, 370, 838, 839, 841, 844, 846, 848, 849, 850, 851, 852, 853, 854, 855, 856, 857, 858, 859, 860, 861, 862, 863, 864, 865, 866, 867, 868, 869, 870, 871, 872, 873, 874, 875, 876, 877, 878, 879, 880, 881, 882, 883, 884, 885, 886, 887, 888, 889, 890, 891, 892, 893, 894, 895, 896, 897, 898, 899, 900, 901, 902, 903, 904, 905, 906, 907, 908, 909, 398, 399, 400, 401, 402, 403, 404, 405, 406, 407, 408, 409, 410, 923, 411, 412, 413, 414, 416, 415, 417, 418, 419, 420, 421, 422, 423, 424, 425, 426, 427, 428, 429, 430, 431, 432, 433, 434, 435, 436, 437, 438, 439, 440, 441, 442, 443, 445, 444, 446, 447, 448, 449, 450, 451, 452, 453, 454, 455, 456, 457, 458, 460, 459, 461, 462, 463, 464, 465, 466, 467, 468, 469, 470, 471, 472, 473, 475, 474, 476, 477, 478, 479, 480, 481, 482, 483, 484, 910, 487, 911, 912, 913, 498, 499, 501, 914, 915]",True,"[416, 445, 475, 867, 895, 923]","[398, 399, 400, 401, 402, 403, 404, 405, 406, 407, 408, 409, 410, 411, 412, 413, 414, 415, 416, 417, 418, 419, 420, 421, 422, 423, 424, 425, 426, 427, 428, 429, 430, 431, 432, 433, 434, 435, 436, 437, 438, 439, 440, 441, 442, 443, 444, 445, 446, 447, 448, 449, 450, 451, 452, 453, 454, 455, 456, 457, 458, 459, 460, 461, 462, 463, 464, 465, 466, 467, 468, 469, 470, 471, 472, 473, 474, 475, 476, 477, 478, 479, 480, 481, 482, 483, 484, 848, 849, 850, 851, 852, 853, 854, 855, 856, 857, 858, 859, 860, 861, 862, 863, 864, 865, 866, 867, 868, 869, 870, 871, 872, 873, 874, 875, 876, 877, 878, 879, 880, 881, 882, 883, 884, 885, 886, 887, 888, 889, 890, 891, 892, 893, 894, 895, 896, 897, 898, 899, 900, 901, 902, 903, 904, 905, 906, 907, 908, 909, 910, 911, 912, 913, 914, 915, 916, 917, 918, 919, 920, 921, 922, 923, 924, 925, 926, 927, 928, 929, 930, 931, 932, 933, 934, 935]","[416, 460, 475, 867, 907, 923]","[416, 475, 867, 923]","[16, 125, 156, 163, 168, 184, 205, 222, 229, 253, 258, 265, 313, 317, 336, 340, 341, 356, 363, 365, 366, 367, 370, 375, 388, 391, 394, 396, 402, 410, 411, 412, 413, 415, 416, 417, 418, 419, 422, 423, 425, 429, 431, 433, 435, 437, 440, 441, 442, 443, 451, 452, 456, 457, 458, 460, 461, 464, 465, 471, 473, 474, 475, 481, 482, 501, 596, 628, 635, 655, 675, 693, 716, 720, 725, 771, 775, 793, 796, 797, 811, 817, 818, 820, 825, 838, 841, 844, 846, 851, 857, 861, 862, 863, 864, 866, 867, 868, 870, 871, 874, 875, 877, 881, 883, 885, 888, 891, 892, 893, 898, 899, 904, 905, 907, 908, 911, 912, 918, 920, 921, 922, 923, 924, 926, 931, 933]","[1, 13, 14, 29, 54, 55, 56, 57, 58, 60, 102, 118, 125, 127, 130, 134, 146, 149, 153, 175, 182, 187, 189, 191, 197, 225, 230, 238, 264, 265, 266, 286, 302, 317, 336, 354, 379, 388, 389, 425, 454, 458, 463, 475, 487, 498, 499, 512, 530, 531, 532, 533, 534, 536, 573, 589, 596, 598, 601, 605, 617, 620, 624, 646, 653, 658, 660, 662, 668, 689, 694, 702, 724, 725, 745, 760, 775, 793, 809, 829, 838, 839, 877, 901, 903, 905, 910, 923]","[1, 13, 14, 29, 54, 55, 56, 57, 58, 60, 102, 118, 125, 127, 130, 134, 146, 149, 153, 175, 182, 187, 189, 191, 197, 225, 230, 238, 264, 265, 266, 286, 302, 317, 336, 379, 388, 389, 425, 454, 458, 463, 475, 487, 498, 499, 512, 530, 531, 532, 533, 534, 536, 573, 589, 596, 598, 601, 605, 617, 620, 624, 646, 653, 658, 660, 662, 668, 689, 694, 702, 724, 725, 745, 760, 775, 793, 829, 838, 839, 877, 901, 903, 905, 910, 923]",7/6 successful match,True,[587],True,122,False,,1.0,True,Super Stop ( Shell ),Shell
"Green River , 84525 West Winds Truck Stop ( Sinclair )",435-564-3495 I-70 Exit 160 EB / 164 WB,465,Green River,84525,West Winds Truck Stop ( Sinclair ),435-564-3495,2006,Green River,UT,Sinclair,,I-70 Exit 160 EB / 164 WB,Exit,160,False,,False,I-70,,164,,,"[909, 462]","[434, 462, 886, 909]","[434, 462, 886, 909]","[434, 462, 886, 909]","[398, 399, 400, 401, 402, 403, 404, 405, 406, 407, 408, 409, 410, 411, 412, 413, 414, 415, 416, 417, 418, 419, 420, 421, 422, 423, 424, 425, 426, 427, 428, 429, 430, 431, 432, 433, 434, 435, 436, 437, 438, 439, 440, 441, 442, 443, 444, 445, 446, 447, 448, 449, 450, 451, 452, 453, 454, 455, 456, 457, 458, 459, 460, 461, 462, 463, 464, 465, 466, 467, 468, 469, 470, 471, 472, 473, 474, 475, 476, 477, 478, 479, 480, 481, 482, 483, 484, 848, 849, 850, 851, 852, 853, 854, 855, 856, 857, 858, 859, 860, 861, 862, 863, 864, 865, 866, 867, 868, 869, 870, 871, 872, 873, 874, 875, 876, 877, 878, 879, 880, 881, 882, 883, 884, 885, 886, 887, 888, 889, 890, 891, 892, 893, 894, 895, 896, 897, 898, 899, 900, 901, 902, 903, 904, 905, 906, 907, 908, 909, 910, 911, 912, 913, 914, 915, 916, 917, 918, 919, 920, 921, 922, 923, 924, 925, 926, 927, 928, 929, 930, 931, 932, 933, 934, 935]","[179, 219, 399, 421, 432, 434, 462, 466, 469, 476, 479, 650, 848, 873, 884, 886, 909, 913, 916, 925, 930]","[31, 142, 147, 180, 338, 352, 367, 387, 403, 405, 408, 410, 455, 465, 466, 468, 470, 472, 473, 483, 484, 514, 613, 618, 651, 794, 807, 837, 852, 854, 858, 861, 902, 912, 913, 915, 917, 919, 920, 931, 934, 935]","[31, 142, 147, 180, 338, 352, 367, 387, 403, 405, 408, 410, 455, 465, 466, 468, 470, 472, 473, 483, 484, 514, 613, 618, 651, 794, 807, 837, 852, 854, 858, 861, 902, 912, 913, 915, 917, 919, 920, 931, 934, 935]","[916, 514, 917, 918, 387, 919, 920, 921, 922, 31, 923, 924, 925, 926, 927, 928, 929, 930, 931, 932, 933, 934, 935, 613, 618, 650, 651, 142, 147, 338, 179, 180, 219, 352, 794, 807, 367, 837, 848, 849, 850, 851, 852, 853, 854, 855, 856, 857, 858, 859, 860, 861, 862, 863, 864, 865, 866, 867, 868, 869, 870, 871, 872, 873, 874, 875, 876, 877, 878, 879, 880, 881, 882, 883, 884, 885, 886, 887, 888, 889, 890, 891, 892, 893, 894, 895, 896, 897, 898, 899, 900, 901, 902, 903, 904, 905, 906, 907, 908, 909, 398, 399, 400, 401, 402, 403, 404, 405, 406, 407, 408, 409, 410, 411, 412, 413, 414, 415, 416, 417, 418, 419, 420, 421, 422, 423, 424, 425, 426, 427, 428, 429, 430, 431, 432, 433, 434, 435, 436, 437, 438, 439, 440, 441, 442, 443, 444, 445, 446, 447, 448, 449, 450, 451, 452, 453, 454, 455, 456, 457, 458, 459, 460, 461, 462, 463, 464, 465, 466, 467, 468, 469, 470, 471, 472, 473, 474, 475, 476, 477, 478, 479, 480, 481, 482, 483, 484, 910, 911, 912, 913, 914, 915]",True,"[434, 462, 886, 909]","[398, 399, 400, 401, 402, 403, 404, 405, 406, 407, 408, 409, 410, 411, 412, 413, 414, 415, 416, 417, 418, 419, 420, 421, 422, 423, 424, 425, 426, 427, 428, 429, 430, 431, 432, 433, 434, 435, 436, 437, 438, 439, 440, 441, 442, 443, 444, 445, 446, 447, 448, 449, 450, 451, 452, 453, 454, 455, 456, 457, 458, 459, 460, 461, 462, 463, 464, 465, 466, 467, 468, 469, 470, 471, 472, 473, 474, 475, 476, 477, 478, 479, 480, 481, 482, 483, 484, 848, 849, 850, 851, 852, 853, 854, 855, 856, 857, 858, 859, 860, 861, 862, 863, 864, 865, 866, 867, 868, 869, 870, 871, 872, 873, 874, 875, 876, 877, 878, 879, 880, 881, 882, 883, 884, 885, 886, 887, 888, 889, 890, 891, 892, 893, 894, 895, 896, 897, 898, 899, 900, 901, 902, 903, 904, 905, 906, 907, 908, 909, 910, 911, 912, 913, 914, 915, 916, 917, 918, 919, 920, 921, 922, 923, 924, 925, 926, 927, 928, 929, 930, 931, 932, 933, 934, 935]","[434, 462, 886, 909]","[434, 462, 886, 909]","[179, 219, 399, 421, 432, 434, 462, 466, 469, 476, 479, 650, 848, 873, 884, 886, 909, 913, 916, 925, 930]","[31, 142, 147, 180, 338, 352, 367, 387, 403, 405, 408, 410, 455, 465, 466, 468, 470, 472, 473, 483, 484, 514, 613, 618, 651, 794, 807, 837, 852, 854, 858, 861, 902, 912, 913, 915, 917, 919, 920, 931, 934, 935]","[31, 142, 147, 180, 338, 352, 367, 387, 403, 405, 408, 410, 455, 465, 466, 468, 470, 472, 473, 483, 484, 514, 613, 618, 651, 794, 807, 837, 852, 854, 858, 861, 902, 912, 913, 915, 917, 919, 920, 931, 934, 935]",5/6 successful match,True,"[171, 172, 173, 174]",True,123,False,,,,,
"Green River , 84525 West Winds Truck Stop ( Sinclair )",435-564-3495 I-70 Exit 160 EB / 164 WB,24 HRS 484,Green River,84525,West Winds Truck Stop ( Sinclair ),435-564-3495,2007,Green River,UT,Sinclair,,I-70 Exit 160 EB / 164 WB,Exit,160,False,,False,I-70,,164,,,"[909, 462]","[434, 462, 886, 909]","[434, 462, 886, 909]","[434, 462, 886, 909]","[398, 399, 400, 401, 402, 403, 404, 405, 406, 407, 408, 409, 410, 411, 412, 413, 414, 415, 416, 417, 418, 419, 420, 421, 422, 423, 424, 425, 426, 427, 428, 429, 430, 431, 432, 433, 434, 435, 436, 437, 438, 439, 440, 441, 442, 443, 444, 445, 446, 447, 448, 449, 450, 451, 452, 453, 454, 455, 456, 457, 458, 459, 460, 461, 462, 463, 464, 465, 466, 467, 468, 469, 470, 471, 472, 473, 474, 475, 476, 477, 478, 479, 480, 481, 482, 483, 484, 848, 849, 850, 851, 852, 853, 854, 855, 856, 857, 858, 859, 860, 861, 862, 863, 864, 865, 866, 867, 868, 869, 870, 871, 872, 873, 874, 875, 876, 877, 878, 879, 880, 881, 882, 883, 884, 885, 886, 887, 888, 889, 890, 891, 892, 893, 894, 895, 896, 897, 898, 899, 900, 901, 902, 903, 904, 905, 906, 907, 908, 909, 910, 911, 912, 913, 914, 915, 916, 917, 918, 919, 920, 921, 922, 923, 924, 925, 926, 927, 928, 929, 930, 931, 932, 933, 934, 935]","[179, 219, 399, 421, 432, 434, 462, 466, 469, 476, 479, 650, 848, 873, 884, 886, 909, 913, 916, 925, 930]","[31, 142, 147, 180, 338, 352, 367, 387, 403, 405, 408, 410, 455, 465, 466, 468, 470, 472, 473, 483, 484, 514, 613, 618, 651, 794, 807, 837, 852, 854, 858, 861, 902, 912, 913, 915, 917, 919, 920, 931, 934, 935]","[31, 142, 147, 180, 338, 352, 367, 387, 403, 405, 408, 410, 455, 465, 466, 468, 470, 472, 473, 483, 484, 514, 613, 618, 651, 794, 807, 837, 852, 854, 858, 861, 902, 912, 913, 915, 917, 919, 920, 931, 934, 935]","[916, 514, 917, 918, 387, 919, 920, 921, 922, 31, 923, 924, 925, 926, 927, 928, 929, 930, 931, 932, 933, 934, 935, 613, 618, 650, 651, 142, 147, 338, 179, 180, 219, 352, 794, 807, 367, 837, 848, 849, 850, 851, 852, 853, 854, 855, 856, 857, 858, 859, 860, 861, 862, 863, 864, 865, 866, 867, 868, 869, 870, 871, 872, 873, 874, 875, 876, 877, 878, 879, 880, 881, 882, 883, 884, 885, 886, 887, 888, 889, 890, 891, 892, 893, 894, 895, 896, 897, 898, 899, 900, 901, 902, 903, 904, 905, 906, 907, 908, 909, 398, 399, 400, 401, 402, 403, 404, 405, 406, 407, 408, 409, 410, 411, 412, 413, 414, 415, 416, 417, 418, 419, 420, 421, 422, 423, 424, 425, 426, 427, 428, 429, 430, 431, 432, 433, 434, 435, 436, 437, 438, 439, 440, 441, 442, 443, 444, 445, 446, 447, 448, 449, 450, 451, 452, 453, 454, 455, 456, 457, 458, 459, 460, 461, 462, 463, 464, 465, 466, 467, 468, 469, 470, 471, 472, 473, 474, 475, 476, 477, 478, 479, 480, 481, 482, 483, 484, 910, 911, 912, 913, 914, 915]",True,"[434, 462, 886, 909]","[398, 399, 400, 401, 402, 403, 404, 405, 406, 407, 408, 409, 410, 411, 412, 413, 414, 415, 416, 417, 418, 419, 420, 421, 422, 423, 424, 425, 426, 427, 428, 429, 430, 431, 432, 433, 434, 435, 436, 437, 438, 439, 440, 441, 442, 443, 444, 445, 446, 447, 448, 449, 450, 451, 452, 453, 454, 455, 456, 457, 458, 459, 460, 461, 462, 463, 464, 465, 466, 467, 468, 469, 470, 471, 472, 473, 474, 475, 476, 477, 478, 479, 480, 481, 482, 483, 484, 848, 849, 850, 851, 852, 853, 854, 855, 856, 857, 858, 859, 860, 861, 862, 863, 864, 865, 866, 867, 868, 869, 870, 871, 872, 873, 874, 875, 876, 877, 878, 879, 880, 881, 882, 883, 884, 885, 886, 887, 888, 889, 890, 891, 892, 893, 894, 895, 896, 897, 898, 899, 900, 901, 902, 903, 904, 905, 906, 907, 908, 909, 910, 911, 912, 913, 914, 915, 916, 917, 918, 919, 920, 921, 922, 923, 924, 925, 926, 927, 928, 929, 930, 931, 932, 933, 934, 935]","[434, 462, 886, 909]","[434, 462, 886, 909]","[179, 219, 399, 421, 432, 434, 462, 466, 469, 476, 479, 650, 848, 873, 884, 886, 909, 913, 916, 925, 930]","[31, 142, 147, 180, 338, 352, 367, 387, 403, 405, 408, 410, 455, 465, 466, 468, 470, 472, 473, 483, 484, 514, 613, 618, 651, 794, 807, 837, 852, 854, 858, 861, 902, 912, 913, 915, 917, 919, 920, 931, 934, 935]","[31, 142, 147, 180, 338, 352, 367, 387, 403, 405, 408, 410, 455, 465, 466, 468, 470, 472, 473, 483, 484, 514, 613, 618, 651, 794, 807, 837, 852, 854, 858, 861, 902, 912, 913, 915, 917, 919, 920, 931, 934, 935]",5/6 successful match,True,"[171, 172, 173, 174]",True,123,False,,1.0,True,West Winds Truck Stop ( Sinclair ),Sinclair
"Green River , 84525 West Winds Truck Stop ( Sinclair )",5 435-564-3495 I-70 Exit 160 EB / 164 WB,24 LO 24,Green River,84525,West Winds Truck Stop ( Sinclair ),435-564-3495,2008,Green River,UT,Sinclair,,I-70 Exit 160 EB / 164 WB,Exit,160,False,,False,I-70,,164,,,"[909, 462]","[434, 462, 886, 909]","[434, 462, 886, 909]","[434, 462, 886, 909]","[398, 399, 400, 401, 402, 403, 404, 405, 406, 407, 408, 409, 410, 411, 412, 413, 414, 415, 416, 417, 418, 419, 420, 421, 422, 423, 424, 425, 426, 427, 428, 429, 430, 431, 432, 433, 434, 435, 436, 437, 438, 439, 440, 441, 442, 443, 444, 445, 446, 447, 448, 449, 450, 451, 452, 453, 454, 455, 456, 457, 458, 459, 460, 461, 462, 463, 464, 465, 466, 467, 468, 469, 470, 471, 472, 473, 474, 475, 476, 477, 478, 479, 480, 481, 482, 483, 484, 848, 849, 850, 851, 852, 853, 854, 855, 856, 857, 858, 859, 860, 861, 862, 863, 864, 865, 866, 867, 868, 869, 870, 871, 872, 873, 874, 875, 876, 877, 878, 879, 880, 881, 882, 883, 884, 885, 886, 887, 888, 889, 890, 891, 892, 893, 894, 895, 896, 897, 898, 899, 900, 901, 902, 903, 904, 905, 906, 907, 908, 909, 910, 911, 912, 913, 914, 915, 916, 917, 918, 919, 920, 921, 922, 923, 924, 925, 926, 927, 928, 929, 930, 931, 932, 933, 934, 935]","[179, 219, 399, 421, 432, 434, 462, 466, 469, 476, 479, 650, 848, 873, 884, 886, 909, 913, 916, 925, 930]","[31, 142, 147, 180, 338, 352, 367, 387, 403, 405, 408, 410, 455, 465, 466, 468, 470, 472, 473, 483, 484, 514, 613, 618, 651, 794, 807, 837, 852, 854, 858, 861, 902, 912, 913, 915, 917, 919, 920, 931, 934, 935]","[31, 142, 147, 180, 338, 352, 367, 387, 403, 405, 408, 410, 455, 465, 466, 468, 470, 472, 473, 483, 484, 514, 613, 618, 651, 794, 807, 837, 852, 854, 858, 861, 902, 912, 913, 915, 917, 919, 920, 931, 934, 935]","[916, 514, 917, 918, 387, 919, 920, 921, 922, 31, 923, 924, 925, 926, 927, 928, 929, 930, 931, 932, 933, 934, 935, 613, 618, 650, 651, 142, 147, 338, 179, 180, 219, 352, 794, 807, 367, 837, 848, 849, 850, 851, 852, 853, 854, 855, 856, 857, 858, 859, 860, 861, 862, 863, 864, 865, 866, 867, 868, 869, 870, 871, 872, 873, 874, 875, 876, 877, 878, 879, 880, 881, 882, 883, 884, 885, 886, 887, 888, 889, 890, 891, 892, 893, 894, 895, 896, 897, 898, 899, 900, 901, 902, 903, 904, 905, 906, 907, 908, 909, 398, 399, 400, 401, 402, 403, 404, 405, 406, 407, 408, 409, 410, 411, 412, 413, 414, 415, 416, 417, 418, 419, 420, 421, 422, 423, 424, 425, 426, 427, 428, 429, 430, 431, 432, 433, 434, 435, 436, 437, 438, 439, 440, 441, 442, 443, 444, 445, 446, 447, 448, 449, 450, 451, 452, 453, 454, 455, 456, 457, 458, 459, 460, 461, 462, 463, 464, 465, 466, 467, 468, 469, 470, 471, 472, 473, 474, 475, 476, 477, 478, 479, 480, 481, 482, 483, 484, 910, 911, 912, 913, 914, 915]",True,"[434, 462, 886, 909]","[398, 399, 400, 401, 402, 403, 404, 405, 406, 407, 408, 409, 410, 411, 412, 413, 414, 415, 416, 417, 418, 419, 420, 421, 422, 423, 424, 425, 426, 427, 428, 429, 430, 431, 432, 433, 434, 435, 436, 437, 438, 439, 440, 441, 442, 443, 444, 445, 446, 447, 448, 449, 450, 451, 452, 453, 454, 455, 456, 457, 458, 459, 460, 461, 462, 463, 464, 465, 466, 467, 468, 469, 470, 471, 472, 473, 474, 475, 476, 477, 478, 479, 480, 481, 482, 483, 484, 848, 849, 850, 851, 852, 853, 854, 855, 856, 857, 858, 859, 860, 861, 862, 863, 864, 865, 866, 867, 868, 869, 870, 871, 872, 873, 874, 875, 876, 877, 878, 879, 880, 881, 882, 883, 884, 885, 886, 887, 888, 889, 890, 891, 892, 893, 894, 895, 896, 897, 898, 899, 900, 901, 902, 903, 904, 905, 906, 907, 908, 909, 910, 911, 912, 913, 914, 915, 916, 917, 918, 919, 920, 921, 922, 923, 924, 925, 926, 927, 928, 929, 930, 931, 932, 933, 934, 935]","[434, 462, 886, 909]","[434, 462, 886, 909]","[179, 219, 399, 421, 432, 434, 462, 466, 469, 476, 479, 650, 848, 873, 884, 886, 909, 913, 916, 925, 930]","[31, 142, 147, 180, 338, 352, 367, 387, 403, 405, 408, 410, 455, 465, 466, 468, 470, 472, 473, 483, 484, 514, 613, 618, 651, 794, 807, 837, 852, 854, 858, 861, 902, 912, 913, 915, 917, 919, 920, 931, 934, 935]","[31, 142, 147, 180, 338, 352, 367, 387, 403, 405, 408, 410, 455, 465, 466, 468, 470, 472, 473, 483, 484, 514, 613, 618, 651, 794, 807, 837, 852, 854, 858, 861, 902, 912, 913, 915, 917, 919, 920, 931, 934, 935]",5/6 successful match,True,"[171, 172, 173, 174]",True,123,False,,1.0,True,West Winds Truck Stop ( Sinclair ),Sinclair
G Green River ( 84525 ) West Winds Truck Stop ( Pilot # 892 ),5 435-564-3495 I-70 Exit 160 EB / 164 WB,Pilot 24 22 24,Green River,84525,West Winds Truck Stop ( Pilot # 892 ),435-564-3495,2014,Green River,UT,Pilot,,I-70 Exit 160 EB / 164 WB,Exit,160,False,,False,I-70,,164,,,"[909, 462]","[434, 462, 886, 909]","[434, 462, 886, 909]","[434, 462, 886, 909]","[398, 399, 400, 401, 402, 403, 404, 405, 406, 407, 408, 409, 410, 411, 412, 413, 414, 415, 416, 417, 418, 419, 420, 421, 422, 423, 424, 425, 426, 427, 428, 429, 430, 431, 432, 433, 434, 435, 436, 437, 438, 439, 440, 441, 442, 443, 444, 445, 446, 447, 448, 449, 450, 451, 452, 453, 454, 455, 456, 457, 458, 459, 460, 461, 462, 463, 464, 465, 466, 467, 468, 469, 470, 471, 472, 473, 474, 475, 476, 477, 478, 479, 480, 481, 482, 483, 484, 848, 849, 850, 851, 852, 853, 854, 855, 856, 857, 858, 859, 860, 861, 862, 863, 864, 865, 866, 867, 868, 869, 870, 871, 872, 873, 874, 875, 876, 877, 878, 879, 880, 881, 882, 883, 884, 885, 886, 887, 888, 889, 890, 891, 892, 893, 894, 895, 896, 897, 898, 899, 900, 901, 902, 903, 904, 905, 906, 907, 908, 909, 910, 911, 912, 913, 914, 915, 916, 917, 918, 919, 920, 921, 922, 923, 924, 925, 926, 927, 928, 929, 930, 931, 932, 933, 934, 935]","[179, 219, 399, 421, 432, 434, 462, 466, 469, 476, 479, 650, 848, 873, 884, 886, 909, 913, 916, 925, 930]","[15, 16, 65, 66, 67, 68, 69, 70, 71, 72, 73, 74, 75, 76, 80, 151, 245, 246, 247, 248, 249, 250, 251, 252, 253, 254, 255, 256, 257, 258, 259, 280, 340, 373, 374, 375, 376, 377, 459, 460, 461, 462, 500, 501, 539, 540, 541, 542, 543, 544, 545, 546, 547, 548, 549, 550, 552, 622, 708, 709, 710, 711, 712, 713, 714, 715, 716, 717, 718, 719, 720, 739, 796, 823, 824, 825, 826, 827, 906, 907, 908, 909]","[15, 16, 65, 66, 67, 68, 69, 70, 71, 72, 73, 74, 75, 76, 77, 78, 80, 151, 244, 245, 246, 247, 248, 249, 250, 251, 252, 253, 254, 255, 256, 257, 258, 259, 260, 280, 340, 373, 374, 375, 376, 377, 459, 460, 461, 462, 500, 501, 539, 540, 541, 542, 543, 544, 545, 546, 547, 548, 549, 550, 552, 622, 708, 709, 710, 711, 712, 713, 714, 715, 716, 717, 718, 719, 720, 739, 796, 823, 824, 825, 826, 827, 906, 907, 908, 909]","[916, 917, 918, 15, 919, 16, 920, 921, 539, 540, 541, 542, 922, 543, 544, 545, 546, 923, 547, 548, 549, 550, 924, 552, 925, 926, 927, 928, 65, 66, 929, 67, 68, 69, 70, 930, 71, 72, 73, 74, 931, 75, 76, 80, 77, 932, 78, 933, 934, 935, 622, 650, 151, 373, 340, 179, 374, 708, 709, 710, 711, 712, 713, 376, 714, 715, 716, 717, 718, 719, 720, 219, 375, 739, 244, 245, 246, 247, 248, 249, 250, 251, 252, 253, 254, 255, 256, 257, 258, 259, 260, 377, 280, 796, 823, 824, 825, 826, 827, 848, 849, 850, 851, 852, 853, 854, 855, 856, 857, 858, 859, 860, 861, 862, 863, 864, 865, 866, 867, 868, 869, 870, 871, 872, 873, 874, 875, 876, 877, 878, 879, 880, 881, 882, 883, 884, 885, 886, 887, 888, 889, 890, 891, 892, 893, 894, 895, 896, 897, 898, 899, 900, 901, 902, 903, 904, 905, 906, 907, 908, 909, 398, 399, 400, 401, 402, 403, 404, 405, 406, 407, 408, 409, 410, 411, 412, 413, 414, 415, 416, 417, 418, 419, 420, 421, 422, 423, 424, 425, 426, 427, 428, 429, 430, 431, 432, 433, 434, 435, 436, 437, 438, 439, 440, 441, 442, 443, 444, 445, 446, 447, 448, 449, 450, 451, 452, 453, 454, 455, 456, 457, 458, 459, 460, 461, 462, 463, 464, 465, 466, 467, 468, 469, 470, 471, 472, 473, 474, 475, 476, 477, 478, 479, 480, 481, 482, 483, 484, 910, 911, 912, 913, 500, 501, 914, 915]",True,"[434, 462, 886, 909]","[398, 399, 400, 401, 402, 403, 404, 405, 406, 407, 408, 409, 410, 411, 412, 413, 414, 415, 416, 417, 418, 419, 420, 421, 422, 423, 424, 425, 426, 427, 428, 429, 430, 431, 432, 433, 434, 435, 436, 437, 438, 439, 440, 441, 442, 443, 444, 445, 446, 447, 448, 449, 450, 451, 452, 453, 454, 455, 456, 457, 458, 459, 460, 461, 462, 463, 464, 465, 466, 467, 468, 469, 470, 471, 472, 473, 474, 475, 476, 477, 478, 479, 480, 481, 482, 483, 484, 848, 849, 850, 851, 852, 853, 854, 855, 856, 857, 858, 859, 860, 861, 862, 863, 864, 865, 866, 867, 868, 869, 870, 871, 872, 873, 874, 875, 876, 877, 878, 879, 880, 881, 882, 883, 884, 885, 886, 887, 888, 889, 890, 891, 892, 893, 894, 895, 896, 897, 898, 899, 900, 901, 902, 903, 904, 905, 906, 907, 908, 909, 910, 911, 912, 913, 914, 915, 916, 917, 918, 919, 920, 921, 922, 923, 924, 925, 926, 927, 928, 929, 930, 931, 932, 933, 934, 935]","[434, 462, 886, 909]","[434, 462, 886, 909]","[179, 219, 399, 421, 432, 434, 462, 466, 469, 476, 479, 650, 848, 873, 884, 886, 909, 913, 916, 925, 930]","[15, 16, 65, 66, 67, 68, 69, 70, 71, 72, 73, 74, 75, 76, 77, 78, 80, 151, 244, 245, 246, 247, 248, 249, 250, 251, 252, 253, 254, 255, 256, 257, 258, 259, 260, 280, 340, 373, 374, 375, 376, 377, 459, 460, 461, 462, 500, 501, 539, 540, 541, 542, 543, 544, 545, 546, 547, 548, 549, 550, 552, 622, 708, 709, 710, 711, 712, 713, 714, 715, 716, 717, 718, 719, 720, 739, 796, 823, 824, 825, 826, 827, 906, 907, 908, 909]","[15, 16, 65, 66, 67, 68, 69, 70, 71, 72, 73, 74, 75, 76, 80, 151, 245, 246, 247, 248, 249, 250, 251, 252, 253, 254, 255, 256, 257, 258, 259, 280, 340, 373, 374, 375, 376, 377, 459, 460, 461, 462, 500, 501, 539, 540, 541, 542, 543, 544, 545, 546, 547, 548, 549, 550, 552, 622, 708, 709, 710, 711, 712, 713, 714, 715, 716, 717, 718, 719, 720, 739, 796, 823, 824, 825, 826, 827, 906, 907, 908, 909]",7/6 successful match,True,"[171, 172, 173, 174]",True,123,False,,0.8966197183098592,False,West Winds Truck Stop ( Sinclair ),Sinclair
Green River ( 84525 ) West Winds Truck Stop ( Pilot # 892 ),435-564-3495 I-70 Exit 160 EB / 164 WB,plot 24 24,Green River,84525,West Winds Truck Stop ( Pilot # 892 ),435-564-3495,2015,Green River,UT,Pilot,,I-70 Exit 160 EB / 164 WB,Exit,160,False,,False,I-70,,164,,,"[909, 462]","[434, 462, 886, 909]","[434, 462, 886, 909]","[434, 462, 886, 909]","[398, 399, 400, 401, 402, 403, 404, 405, 406, 407, 408, 409, 410, 411, 412, 413, 414, 415, 416, 417, 418, 419, 420, 421, 422, 423, 424, 425, 426, 427, 428, 429, 430, 431, 432, 433, 434, 435, 436, 437, 438, 439, 440, 441, 442, 443, 444, 445, 446, 447, 448, 449, 450, 451, 452, 453, 454, 455, 456, 457, 458, 459, 460, 461, 462, 463, 464, 465, 466, 467, 468, 469, 470, 471, 472, 473, 474, 475, 476, 477, 478, 479, 480, 481, 482, 483, 484, 848, 849, 850, 851, 852, 853, 854, 855, 856, 857, 858, 859, 860, 861, 862, 863, 864, 865, 866, 867, 868, 869, 870, 871, 872, 873, 874, 875, 876, 877, 878, 879, 880, 881, 882, 883, 884, 885, 886, 887, 888, 889, 890, 891, 892, 893, 894, 895, 896, 897, 898, 899, 900, 901, 902, 903, 904, 905, 906, 907, 908, 909, 910, 911, 912, 913, 914, 915, 916, 917, 918, 919, 920, 921, 922, 923, 924, 925, 926, 927, 928, 929, 930, 931, 932, 933, 934, 935]","[179, 219, 399, 421, 432, 434, 462, 466, 469, 476, 479, 650, 848, 873, 884, 886, 909, 913, 916, 925, 930]","[15, 16, 65, 66, 67, 68, 69, 70, 71, 72, 73, 74, 75, 76, 80, 151, 245, 246, 247, 248, 249, 250, 251, 252, 253, 254, 255, 256, 257, 258, 259, 280, 340, 373, 374, 375, 376, 377, 459, 460, 461, 462, 500, 501, 539, 540, 541, 542, 543, 544, 545, 546, 547, 548, 549, 550, 552, 622, 708, 709, 710, 711, 712, 713, 714, 715, 716, 717, 718, 719, 720, 739, 796, 823, 824, 825, 826, 827, 906, 907, 908, 909]","[15, 16, 65, 66, 67, 68, 69, 70, 71, 72, 73, 74, 75, 76, 77, 78, 80, 151, 244, 245, 246, 247, 248, 249, 250, 251, 252, 253, 254, 255, 256, 257, 258, 259, 260, 280, 340, 373, 374, 375, 376, 377, 459, 460, 461, 462, 500, 501, 539, 540, 541, 542, 543, 544, 545, 546, 547, 548, 549, 550, 552, 622, 708, 709, 710, 711, 712, 713, 714, 715, 716, 717, 718, 719, 720, 739, 796, 823, 824, 825, 826, 827, 906, 907, 908, 909]","[916, 917, 918, 15, 919, 16, 920, 921, 539, 540, 541, 542, 922, 543, 544, 545, 546, 923, 547, 548, 549, 550, 924, 552, 925, 926, 927, 928, 65, 66, 929, 67, 68, 69, 70, 930, 71, 72, 73, 74, 931, 75, 76, 80, 77, 932, 78, 933, 934, 935, 622, 650, 151, 373, 340, 179, 374, 708, 709, 710, 711, 712, 713, 376, 714, 715, 716, 717, 718, 719, 720, 219, 375, 739, 244, 245, 246, 247, 248, 249, 250, 251, 252, 253, 254, 255, 256, 257, 258, 259, 260, 377, 280, 796, 823, 824, 825, 826, 827, 848, 849, 850, 851, 852, 853, 854, 855, 856, 857, 858, 859, 860, 861, 862, 863, 864, 865, 866, 867, 868, 869, 870, 871, 872, 873, 874, 875, 876, 877, 878, 879, 880, 881, 882, 883, 884, 885, 886, 887, 888, 889, 890, 891, 892, 893, 894, 895, 896, 897, 898, 899, 900, 901, 902, 903, 904, 905, 906, 907, 908, 909, 398, 399, 400, 401, 402, 403, 404, 405, 406, 407, 408, 409, 410, 411, 412, 413, 414, 415, 416, 417, 418, 419, 420, 421, 422, 423, 424, 425, 426, 427, 428, 429, 430, 431, 432, 433, 434, 435, 436, 437, 438, 439, 440, 441, 442, 443, 444, 445, 446, 447, 448, 449, 450, 451, 452, 453, 454, 455, 456, 457, 458, 459, 460, 461, 462, 463, 464, 465, 466, 467, 468, 469, 470, 471, 472, 473, 474, 475, 476, 477, 478, 479, 480, 481, 482, 483, 484, 910, 911, 912, 913, 500, 501, 914, 915]",True,"[434, 462, 886, 909]","[398, 399, 400, 401, 402, 403, 404, 405, 406, 407, 408, 409, 410, 411, 412, 413, 414, 415, 416, 417, 418, 419, 420, 421, 422, 423, 424, 425, 426, 427, 428, 429, 430, 431, 432, 433, 434, 435, 436, 437, 438, 439, 440, 441, 442, 443, 444, 445, 446, 447, 448, 449, 450, 451, 452, 453, 454, 455, 456, 457, 458, 459, 460, 461, 462, 463, 464, 465, 466, 467, 468, 469, 470, 471, 472, 473, 474, 475, 476, 477, 478, 479, 480, 481, 482, 483, 484, 848, 849, 850, 851, 852, 853, 854, 855, 856, 857, 858, 859, 860, 861, 862, 863, 864, 865, 866, 867, 868, 869, 870, 871, 872, 873, 874, 875, 876, 877, 878, 879, 880, 881, 882, 883, 884, 885, 886, 887, 888, 889, 890, 891, 892, 893, 894, 895, 896, 897, 898, 899, 900, 901, 902, 903, 904, 905, 906, 907, 908, 909, 910, 911, 912, 913, 914, 915, 916, 917, 918, 919, 920, 921, 922, 923, 924, 925, 926, 927, 928, 929, 930, 931, 932, 933, 934, 935]","[434, 462, 886, 909]","[434, 462, 886, 909]","[179, 219, 399, 421, 432, 434, 462, 466, 469, 476, 479, 650, 848, 873, 884, 886, 909, 913, 916, 925, 930]","[15, 16, 65, 66, 67, 68, 69, 70, 71, 72, 73, 74, 75, 76, 77, 78, 80, 151, 244, 245, 246, 247, 248, 249, 250, 251, 252, 253, 254, 255, 256, 257, 258, 259, 260, 280, 340, 373, 374, 375, 376, 377, 459, 460, 461, 462, 500, 501, 539, 540, 541, 542, 543, 544, 545, 546, 547, 548, 549, 550, 552, 622, 708, 709, 710, 711, 712, 713, 714, 715, 716, 717, 718, 719, 720, 739, 796, 823, 824, 825, 826, 827, 906, 907, 908, 909]","[15, 16, 65, 66, 67, 68, 69, 70, 71, 72, 73, 74, 75, 76, 80, 151, 245, 246, 247, 248, 249, 250, 251, 252, 253, 254, 255, 256, 257, 258, 259, 280, 340, 373, 374, 375, 376, 377, 459, 460, 461, 462, 500, 501, 539, 540, 541, 542, 543, 544, 545, 546, 547, 548, 549, 550, 552, 622, 708, 709, 710, 711, 712, 713, 714, 715, 716, 717, 718, 719, 720, 739, 796, 823, 824, 825, 826, 827, 906, 907, 908, 909]",7/6 successful match,True,"[171, 172, 173, 174]",True,123,False,,1.0,True,West Winds Truck Stop ( Pilot # 892 ),Pilot
G Green River ( 84525 ) West Winds Truck Stop ( Pilot # 892 ) Pilot,5 435-564-3495 I-70 Exit 160 EB / 164 WB,24 24,Green River,84525,West Winds Truck Stop ( Pilot # 892 ) Pilot,435-564-3495,2016,Green River,UT,Pilot,,I-70 Exit 160 EB / 164 WB,Exit,160,False,,False,I-70,,164,,,"[909, 462]","[434, 462, 886, 909]","[434, 462, 886, 909]","[434, 462, 886, 909]","[398, 399, 400, 401, 402, 403, 404, 405, 406, 407, 408, 409, 410, 411, 412, 413, 414, 415, 416, 417, 418, 419, 420, 421, 422, 423, 424, 425, 426, 427, 428, 429, 430, 431, 432, 433, 434, 435, 436, 437, 438, 439, 440, 441, 442, 443, 444, 445, 446, 447, 448, 449, 450, 451, 452, 453, 454, 455, 456, 457, 458, 459, 460, 461, 462, 463, 464, 465, 466, 467, 468, 469, 470, 471, 472, 473, 474, 475, 476, 477, 478, 479, 480, 481, 482, 483, 484, 848, 849, 850, 851, 852, 853, 854, 855, 856, 857, 858, 859, 860, 861, 862, 863, 864, 865, 866, 867, 868, 869, 870, 871, 872, 873, 874, 875, 876, 877, 878, 879, 880, 881, 882, 883, 884, 885, 886, 887, 888, 889, 890, 891, 892, 893, 894, 895, 896, 897, 898, 899, 900, 901, 902, 903, 904, 905, 906, 907, 908, 909, 910, 911, 912, 913, 914, 915, 916, 917, 918, 919, 920, 921, 922, 923, 924, 925, 926, 927, 928, 929, 930, 931, 932, 933, 934, 935]","[179, 219, 399, 421, 432, 434, 462, 466, 469, 476, 479, 650, 848, 873, 884, 886, 909, 913, 916, 925, 930]","[15, 16, 65, 66, 67, 68, 69, 70, 71, 72, 73, 74, 75, 76, 80, 151, 245, 246, 247, 248, 249, 250, 251, 252, 253, 254, 255, 256, 257, 258, 259, 280, 340, 373, 374, 375, 376, 377, 459, 460, 461, 462, 500, 501, 539, 540, 541, 542, 543, 544, 545, 546, 547, 548, 549, 550, 552, 622, 708, 709, 710, 711, 712, 713, 714, 715, 716, 717, 718, 719, 720, 739, 796, 823, 824, 825, 826, 827, 906, 907, 908, 909]","[15, 16, 65, 66, 67, 68, 69, 70, 71, 72, 73, 74, 75, 76, 77, 78, 80, 151, 244, 245, 246, 247, 248, 249, 250, 251, 252, 253, 254, 255, 256, 257, 258, 259, 260, 280, 340, 373, 374, 375, 376, 377, 459, 460, 461, 462, 500, 501, 539, 540, 541, 542, 543, 544, 545, 546, 547, 548, 549, 550, 552, 622, 708, 709, 710, 711, 712, 713, 714, 715, 716, 717, 718, 719, 720, 739, 796, 823, 824, 825, 826, 827, 906, 907, 908, 909]","[916, 917, 918, 15, 919, 16, 920, 921, 539, 540, 541, 542, 922, 543, 544, 545, 546, 923, 547, 548, 549, 550, 924, 552, 925, 926, 927, 928, 65, 66, 929, 67, 68, 69, 70, 930, 71, 72, 73, 74, 931, 75, 76, 80, 77, 932, 78, 933, 934, 935, 622, 650, 151, 373, 340, 179, 374, 708, 709, 710, 711, 712, 713, 376, 714, 715, 716, 717, 718, 719, 720, 219, 375, 739, 244, 245, 246, 247, 248, 249, 250, 251, 252, 253, 254, 255, 256, 257, 258, 259, 260, 377, 280, 796, 823, 824, 825, 826, 827, 848, 849, 850, 851, 852, 853, 854, 855, 856, 857, 858, 859, 860, 861, 862, 863, 864, 865, 866, 867, 868, 869, 870, 871, 872, 873, 874, 875, 876, 877, 878, 879, 880, 881, 882, 883, 884, 885, 886, 887, 888, 889, 890, 891, 892, 893, 894, 895, 896, 897, 898, 899, 900, 901, 902, 903, 904, 905, 906, 907, 908, 909, 398, 399, 400, 401, 402, 403, 404, 405, 406, 407, 408, 409, 410, 411, 412, 413, 414, 415, 416, 417, 418, 419, 420, 421, 422, 423, 424, 425, 426, 427, 428, 429, 430, 431, 432, 433, 434, 435, 436, 437, 438, 439, 440, 441, 442, 443, 444, 445, 446, 447, 448, 449, 450, 451, 452, 453, 454, 455, 456, 457, 458, 459, 460, 461, 462, 463, 464, 465, 466, 467, 468, 469, 470, 471, 472, 473, 474, 475, 476, 477, 478, 479, 480, 481, 482, 483, 484, 910, 911, 912, 913, 500, 501, 914, 915]",True,"[434, 462, 886, 909]","[398, 399, 400, 401, 402, 403, 404, 405, 406, 407, 408, 409, 410, 411, 412, 413, 414, 415, 416, 417, 418, 419, 420, 421, 422, 423, 424, 425, 426, 427, 428, 429, 430, 431, 432, 433, 434, 435, 436, 437, 438, 439, 440, 441, 442, 443, 444, 445, 446, 447, 448, 449, 450, 451, 452, 453, 454, 455, 456, 457, 458, 459, 460, 461, 462, 463, 464, 465, 466, 467, 468, 469, 470, 471, 472, 473, 474, 475, 476, 477, 478, 479, 480, 481, 482, 483, 484, 848, 849, 850, 851, 852, 853, 854, 855, 856, 857, 858, 859, 860, 861, 862, 863, 864, 865, 866, 867, 868, 869, 870, 871, 872, 873, 874, 875, 876, 877, 878, 879, 880, 881, 882, 883, 884, 885, 886, 887, 888, 889, 890, 891, 892, 893, 894, 895, 896, 897, 898, 899, 900, 901, 902, 903, 904, 905, 906, 907, 908, 909, 910, 911, 912, 913, 914, 915, 916, 917, 918, 919, 920, 921, 922, 923, 924, 925, 926, 927, 928, 929, 930, 931, 932, 933, 934, 935]","[434, 462, 886, 909]","[434, 462, 886, 909]","[179, 219, 399, 421, 432, 434, 462, 466, 469, 476, 479, 650, 848, 873, 884, 886, 909, 913, 916, 925, 930]","[15, 16, 65, 66, 67, 68, 69, 70, 71, 72, 73, 74, 75, 76, 77, 78, 80, 151, 244, 245, 246, 247, 248, 249, 250, 251, 252, 253, 254, 255, 256, 257, 258, 259, 260, 280, 340, 373, 374, 375, 376, 377, 459, 460, 461, 462, 500, 501, 539, 540, 541, 542, 543, 544, 545, 546, 547, 548, 549, 550, 552, 622, 708, 709, 710, 711, 712, 713, 714, 715, 716, 717, 718, 719, 720, 739, 796, 823, 824, 825, 826, 827, 906, 907, 908, 909]","[15, 16, 65, 66, 67, 68, 69, 70, 71, 72, 73, 74, 75, 76, 80, 151, 245, 246, 247, 248, 249, 250, 251, 252, 253, 254, 255, 256, 257, 258, 259, 280, 340, 373, 374, 375, 376, 377, 459, 460, 461, 462, 500, 501, 539, 540, 541, 542, 543, 544, 545, 546, 547, 548, 549, 550, 552, 622, 708, 709, 710, 711, 712, 713, 714, 715, 716, 717, 718, 719, 720, 739, 796, 823, 824, 825, 826, 827, 906, 907, 908, 909]",7/6 successful match,True,"[171, 172, 173, 174]",True,123,False,,1.0,True,West Winds Truck Stop ( Pilot # 892 ),Pilot
"Green River , 84525 Gas - N - Go # 13 ( Conoco )",435-564-8262 I-70 Exit 160,124 HRS,Green River,84525,Gas - N - Go # 13 ( Conoco ),435-564-8262,2006,Green River,UT,Conoco,,I-70 Exit 160,Exit,160,False,,False,I-70,,,,,"[434, 886]","[434, 462, 886, 909]","[434, 462, 886, 909]","[434, 462, 886, 909]","[398, 399, 400, 401, 402, 403, 404, 405, 406, 407, 408, 409, 410, 411, 412, 413, 414, 415, 416, 417, 418, 419, 420, 421, 422, 423, 424, 425, 426, 427, 428, 429, 430, 431, 432, 433, 434, 435, 436, 437, 438, 439, 440, 441, 442, 443, 444, 445, 446, 447, 448, 449, 450, 451, 452, 453, 454, 455, 456, 457, 458, 459, 460, 461, 462, 463, 464, 465, 466, 467, 468, 469, 470, 471, 472, 473, 474, 475, 476, 477, 478, 479, 480, 481, 482, 483, 484, 848, 849, 850, 851, 852, 853, 854, 855, 856, 857, 858, 859, 860, 861, 862, 863, 864, 865, 866, 867, 868, 869, 870, 871, 872, 873, 874, 875, 876, 877, 878, 879, 880, 881, 882, 883, 884, 885, 886, 887, 888, 889, 890, 891, 892, 893, 894, 895, 896, 897, 898, 899, 900, 901, 902, 903, 904, 905, 906, 907, 908, 909, 910, 911, 912, 913, 914, 915, 916, 917, 918, 919, 920, 921, 922, 923, 924, 925, 926, 927, 928, 929, 930, 931, 932, 933, 934, 935]","[179, 219, 399, 421, 432, 434, 462, 466, 469, 476, 479, 650, 848, 873, 884, 886, 909, 913, 916, 925, 930]","[3, 27, 349, 406, 451, 489, 510, 804, 855, 898]","[3, 27, 284, 285, 349, 406, 451, 489, 510, 743, 744, 804, 855, 898]","[916, 3, 917, 918, 919, 920, 921, 27, 922, 923, 924, 925, 926, 927, 928, 929, 930, 931, 932, 933, 934, 935, 650, 179, 219, 349, 743, 744, 284, 285, 804, 848, 849, 850, 851, 852, 853, 854, 855, 856, 857, 858, 859, 860, 861, 862, 863, 864, 865, 866, 867, 868, 869, 870, 871, 872, 873, 874, 875, 876, 877, 878, 879, 880, 881, 882, 883, 884, 885, 886, 887, 888, 889, 890, 891, 892, 893, 894, 895, 896, 897, 898, 899, 900, 901, 902, 903, 904, 905, 906, 907, 908, 909, 398, 399, 400, 401, 402, 403, 404, 405, 406, 407, 408, 409, 410, 411, 412, 413, 414, 415, 416, 417, 418, 419, 420, 421, 422, 423, 424, 425, 426, 427, 428, 429, 430, 431, 432, 433, 434, 435, 436, 437, 438, 439, 440, 441, 442, 443, 444, 445, 446, 447, 448, 449, 450, 451, 452, 453, 454, 455, 456, 457, 458, 459, 460, 461, 462, 463, 464, 465, 466, 467, 468, 469, 470, 471, 472, 473, 474, 475, 476, 477, 478, 479, 480, 481, 482, 483, 484, 910, 911, 489, 912, 913, 914, 915, 510]",True,"[434, 462, 886, 909]","[398, 399, 400, 401, 402, 403, 404, 405, 406, 407, 408, 409, 410, 411, 412, 413, 414, 415, 416, 417, 418, 419, 420, 421, 422, 423, 424, 425, 426, 427, 428, 429, 430, 431, 432, 433, 434, 435, 436, 437, 438, 439, 440, 441, 442, 443, 444, 445, 446, 447, 448, 449, 450, 451, 452, 453, 454, 455, 456, 457, 458, 459, 460, 461, 462, 463, 464, 465, 466, 467, 468, 469, 470, 471, 472, 473, 474, 475, 476, 477, 478, 479, 480, 481, 482, 483, 484, 848, 849, 850, 851, 852, 853, 854, 855, 856, 857, 858, 859, 860, 861, 862, 863, 864, 865, 866, 867, 868, 869, 870, 871, 872, 873, 874, 875, 876, 877, 878, 879, 880, 881, 882, 883, 884, 885, 886, 887, 888, 889, 890, 891, 892, 893, 894, 895, 896, 897, 898, 899, 900, 901, 902, 903, 904, 905, 906, 907, 908, 909, 910, 911, 912, 913, 914, 915, 916, 917, 918, 919, 920, 921, 922, 923, 924, 925, 926, 927, 928, 929, 930, 931, 932, 933, 934, 935]","[434, 462, 886, 909]","[434, 462, 886, 909]","[179, 219, 399, 421, 432, 434, 462, 466, 469, 476, 479, 650, 848, 873, 884, 886, 909, 913, 916, 925, 930]","[3, 27, 284, 285, 349, 406, 451, 489, 510, 743, 744, 804, 855, 898]","[3, 27, 349, 406, 451, 489, 510, 804, 855, 898]",5/6 successful match,True,"[734, 735]",True,124,False,,,,,
"Green River , 84525 Gas - N - Go # 13 ( Conoco )",435-564-8262 I-70 Exit 160,24 HRS,Green River,84525,Gas - N - Go # 13 ( Conoco ),435-564-8262,2007,Green River,UT,Conoco,,I-70 Exit 160,Exit,160,False,,False,I-70,,,,,"[434, 886]","[434, 462, 886, 909]","[434, 462, 886, 909]","[434, 462, 886, 909]","[398, 399, 400, 401, 402, 403, 404, 405, 406, 407, 408, 409, 410, 411, 412, 413, 414, 415, 416, 417, 418, 419, 420, 421, 422, 423, 424, 425, 426, 427, 428, 429, 430, 431, 432, 433, 434, 435, 436, 437, 438, 439, 440, 441, 442, 443, 444, 445, 446, 447, 448, 449, 450, 451, 452, 453, 454, 455, 456, 457, 458, 459, 460, 461, 462, 463, 464, 465, 466, 467, 468, 469, 470, 471, 472, 473, 474, 475, 476, 477, 478, 479, 480, 481, 482, 483, 484, 848, 849, 850, 851, 852, 853, 854, 855, 856, 857, 858, 859, 860, 861, 862, 863, 864, 865, 866, 867, 868, 869, 870, 871, 872, 873, 874, 875, 876, 877, 878, 879, 880, 881, 882, 883, 884, 885, 886, 887, 888, 889, 890, 891, 892, 893, 894, 895, 896, 897, 898, 899, 900, 901, 902, 903, 904, 905, 906, 907, 908, 909, 910, 911, 912, 913, 914, 915, 916, 917, 918, 919, 920, 921, 922, 923, 924, 925, 926, 927, 928, 929, 930, 931, 932, 933, 934, 935]","[179, 219, 399, 421, 432, 434, 462, 466, 469, 476, 479, 650, 848, 873, 884, 886, 909, 913, 916, 925, 930]","[3, 27, 349, 406, 451, 489, 510, 804, 855, 898]","[3, 27, 284, 285, 349, 406, 451, 489, 510, 743, 744, 804, 855, 898]","[916, 3, 917, 918, 919, 920, 921, 27, 922, 923, 924, 925, 926, 927, 928, 929, 930, 931, 932, 933, 934, 935, 650, 179, 219, 349, 743, 744, 284, 285, 804, 848, 849, 850, 851, 852, 853, 854, 855, 856, 857, 858, 859, 860, 861, 862, 863, 864, 865, 866, 867, 868, 869, 870, 871, 872, 873, 874, 875, 876, 877, 878, 879, 880, 881, 882, 883, 884, 885, 886, 887, 888, 889, 890, 891, 892, 893, 894, 895, 896, 897, 898, 899, 900, 901, 902, 903, 904, 905, 906, 907, 908, 909, 398, 399, 400, 401, 402, 403, 404, 405, 406, 407, 408, 409, 410, 411, 412, 413, 414, 415, 416, 417, 418, 419, 420, 421, 422, 423, 424, 425, 426, 427, 428, 429, 430, 431, 432, 433, 434, 435, 436, 437, 438, 439, 440, 441, 442, 443, 444, 445, 446, 447, 448, 449, 450, 451, 452, 453, 454, 455, 456, 457, 458, 459, 460, 461, 462, 463, 464, 465, 466, 467, 468, 469, 470, 471, 472, 473, 474, 475, 476, 477, 478, 479, 480, 481, 482, 483, 484, 910, 911, 489, 912, 913, 914, 915, 510]",True,"[434, 462, 886, 909]","[398, 399, 400, 401, 402, 403, 404, 405, 406, 407, 408, 409, 410, 411, 412, 413, 414, 415, 416, 417, 418, 419, 420, 421, 422, 423, 424, 425, 426, 427, 428, 429, 430, 431, 432, 433, 434, 435, 436, 437, 438, 439, 440, 441, 442, 443, 444, 445, 446, 447, 448, 449, 450, 451, 452, 453, 454, 455, 456, 457, 458, 459, 460, 461, 462, 463, 464, 465, 466, 467, 468, 469, 470, 471, 472, 473, 474, 475, 476, 477, 478, 479, 480, 481, 482, 483, 484, 848, 849, 850, 851, 852, 853, 854, 855, 856, 857, 858, 859, 860, 861, 862, 863, 864, 865, 866, 867, 868, 869, 870, 871, 872, 873, 874, 875, 876, 877, 878, 879, 880, 881, 882, 883, 884, 885, 886, 887, 888, 889, 890, 891, 892, 893, 894, 895, 896, 897, 898, 899, 900, 901, 902, 903, 904, 905, 906, 907, 908, 909, 910, 911, 912, 913, 914, 915, 916, 917, 918, 919, 920, 921, 922, 923, 924, 925, 926, 927, 928, 929, 930, 931, 932, 933, 934, 935]","[434, 462, 886, 909]","[434, 462, 886, 909]","[179, 219, 399, 421, 432, 434, 462, 466, 469, 476, 479, 650, 848, 873, 884, 886, 909, 913, 916, 925, 930]","[3, 27, 284, 285, 349, 406, 451, 489, 510, 743, 744, 804, 855, 898]","[3, 27, 349, 406, 451, 489, 510, 804, 855, 898]",5/6 successful match,True,"[734, 735]",True,124,False,,1.0,True,Gas - N - Go # 13 ( Conoco ),Conoco
"G / Green River , 84525 Gas - N - Go # 13 ( Conoco )",5 435-564-8262 I-70 Exit 160,1013 24 L,/ Green River,84525,Gas - N - Go # 13 ( Conoco ),435-564-8262,2008,Green River,UT,Conoco,,I-70 Exit 160,Exit,160,False,,False,I-70,,,,,"[434, 886]","[434, 462, 886, 909]","[434, 462, 886, 909]","[434, 462, 886, 909]","[398, 399, 400, 401, 402, 403, 404, 405, 406, 407, 408, 409, 410, 411, 412, 413, 414, 415, 416, 417, 418, 419, 420, 421, 422, 423, 424, 425, 426, 427, 428, 429, 430, 431, 432, 433, 434, 435, 436, 437, 438, 439, 440, 441, 442, 443, 444, 445, 446, 447, 448, 449, 450, 451, 452, 453, 454, 455, 456, 457, 458, 459, 460, 461, 462, 463, 464, 465, 466, 467, 468, 469, 470, 471, 472, 473, 474, 475, 476, 477, 478, 479, 480, 481, 482, 483, 484, 848, 849, 850, 851, 852, 853, 854, 855, 856, 857, 858, 859, 860, 861, 862, 863, 864, 865, 866, 867, 868, 869, 870, 871, 872, 873, 874, 875, 876, 877, 878, 879, 880, 881, 882, 883, 884, 885, 886, 887, 888, 889, 890, 891, 892, 893, 894, 895, 896, 897, 898, 899, 900, 901, 902, 903, 904, 905, 906, 907, 908, 909, 910, 911, 912, 913, 914, 915, 916, 917, 918, 919, 920, 921, 922, 923, 924, 925, 926, 927, 928, 929, 930, 931, 932, 933, 934, 935]","[179, 219, 399, 421, 432, 434, 462, 466, 469, 476, 479, 650, 848, 873, 884, 886, 909, 913, 916, 925, 930]","[3, 27, 349, 406, 451, 489, 510, 804, 855, 898]","[3, 27, 284, 285, 349, 406, 451, 489, 510, 743, 744, 804, 855, 898]","[916, 3, 917, 918, 919, 920, 921, 27, 922, 923, 924, 925, 926, 927, 928, 929, 930, 931, 932, 933, 934, 935, 650, 179, 219, 349, 743, 744, 284, 285, 804, 848, 849, 850, 851, 852, 853, 854, 855, 856, 857, 858, 859, 860, 861, 862, 863, 864, 865, 866, 867, 868, 869, 870, 871, 872, 873, 874, 875, 876, 877, 878, 879, 880, 881, 882, 883, 884, 885, 886, 887, 888, 889, 890, 891, 892, 893, 894, 895, 896, 897, 898, 899, 900, 901, 902, 903, 904, 905, 906, 907, 908, 909, 398, 399, 400, 401, 402, 403, 404, 405, 406, 407, 408, 409, 410, 411, 412, 413, 414, 415, 416, 417, 418, 419, 420, 421, 422, 423, 424, 425, 426, 427, 428, 429, 430, 431, 432, 433, 434, 435, 436, 437, 438, 439, 440, 441, 442, 443, 444, 445, 446, 447, 448, 449, 450, 451, 452, 453, 454, 455, 456, 457, 458, 459, 460, 461, 462, 463, 464, 465, 466, 467, 468, 469, 470, 471, 472, 473, 474, 475, 476, 477, 478, 479, 480, 481, 482, 483, 484, 910, 911, 489, 912, 913, 914, 915, 510]",True,"[434, 462, 886, 909]","[398, 399, 400, 401, 402, 403, 404, 405, 406, 407, 408, 409, 410, 411, 412, 413, 414, 415, 416, 417, 418, 419, 420, 421, 422, 423, 424, 425, 426, 427, 428, 429, 430, 431, 432, 433, 434, 435, 436, 437, 438, 439, 440, 441, 442, 443, 444, 445, 446, 447, 448, 449, 450, 451, 452, 453, 454, 455, 456, 457, 458, 459, 460, 461, 462, 463, 464, 465, 466, 467, 468, 469, 470, 471, 472, 473, 474, 475, 476, 477, 478, 479, 480, 481, 482, 483, 484, 848, 849, 850, 851, 852, 853, 854, 855, 856, 857, 858, 859, 860, 861, 862, 863, 864, 865, 866, 867, 868, 869, 870, 871, 872, 873, 874, 875, 876, 877, 878, 879, 880, 881, 882, 883, 884, 885, 886, 887, 888, 889, 890, 891, 892, 893, 894, 895, 896, 897, 898, 899, 900, 901, 902, 903, 904, 905, 906, 907, 908, 909, 910, 911, 912, 913, 914, 915, 916, 917, 918, 919, 920, 921, 922, 923, 924, 925, 926, 927, 928, 929, 930, 931, 932, 933, 934, 935]","[434, 462, 886, 909]","[434, 462, 886, 909]","[179, 219, 399, 421, 432, 434, 462, 466, 469, 476, 479, 650, 848, 873, 884, 886, 909, 913, 916, 925, 930]","[3, 27, 284, 285, 349, 406, 451, 489, 510, 743, 744, 804, 855, 898]","[3, 27, 349, 406, 451, 489, 510, 804, 855, 898]",5/6 successful match,True,"[734, 735]",True,124,False,,1.0,True,Gas - N - Go # 13 ( Conoco ),Conoco
Green River ( 84525 ) Gas - N - Go # 13 ( Conoco ),435-564-8262 I-70 Exit 160,22 24 XL,Green River,84525,Gas - N - Go # 13 ( Conoco ),435-564-8262,2014,Green River,UT,Conoco,,I-70 Exit 160,Exit,160,False,,False,I-70,,,,,"[434, 886]","[434, 462, 886, 909]","[434, 462, 886, 909]","[434, 462, 886, 909]","[398, 399, 400, 401, 402, 403, 404, 405, 406, 407, 408, 409, 410, 411, 412, 413, 414, 415, 416, 417, 418, 419, 420, 421, 422, 423, 424, 425, 426, 427, 428, 429, 430, 431, 432, 433, 434, 435, 436, 437, 438, 439, 440, 441, 442, 443, 444, 445, 446, 447, 448, 449, 450, 451, 452, 453, 454, 455, 456, 457, 458, 459, 460, 461, 462, 463, 464, 465, 466, 467, 468, 469, 470, 471, 472, 473, 474, 475, 476, 477, 478, 479, 480, 481, 482, 483, 484, 848, 849, 850, 851, 852, 853, 854, 855, 856, 857, 858, 859, 860, 861, 862, 863, 864, 865, 866, 867, 868, 869, 870, 871, 872, 873, 874, 875, 876, 877, 878, 879, 880, 881, 882, 883, 884, 885, 886, 887, 888, 889, 890, 891, 892, 893, 894, 895, 896, 897, 898, 899, 900, 901, 902, 903, 904, 905, 906, 907, 908, 909, 910, 911, 912, 913, 914, 915, 916, 917, 918, 919, 920, 921, 922, 923, 924, 925, 926, 927, 928, 929, 930, 931, 932, 933, 934, 935]","[179, 219, 399, 421, 432, 434, 462, 466, 469, 476, 479, 650, 848, 873, 884, 886, 909, 913, 916, 925, 930]","[3, 27, 349, 406, 451, 489, 510, 804, 855, 898]","[3, 27, 284, 285, 349, 406, 451, 489, 510, 743, 744, 804, 855, 898]","[916, 3, 917, 918, 919, 920, 921, 27, 922, 923, 924, 925, 926, 927, 928, 929, 930, 931, 932, 933, 934, 935, 650, 179, 219, 349, 743, 744, 284, 285, 804, 848, 849, 850, 851, 852, 853, 854, 855, 856, 857, 858, 859, 860, 861, 862, 863, 864, 865, 866, 867, 868, 869, 870, 871, 872, 873, 874, 875, 876, 877, 878, 879, 880, 881, 882, 883, 884, 885, 886, 887, 888, 889, 890, 891, 892, 893, 894, 895, 896, 897, 898, 899, 900, 901, 902, 903, 904, 905, 906, 907, 908, 909, 398, 399, 400, 401, 402, 403, 404, 405, 406, 407, 408, 409, 410, 411, 412, 413, 414, 415, 416, 417, 418, 419, 420, 421, 422, 423, 424, 425, 426, 427, 428, 429, 430, 431, 432, 433, 434, 435, 436, 437, 438, 439, 440, 441, 442, 443, 444, 445, 446, 447, 448, 449, 450, 451, 452, 453, 454, 455, 456, 457, 458, 459, 460, 461, 462, 463, 464, 465, 466, 467, 468, 469, 470, 471, 472, 473, 474, 475, 476, 477, 478, 479, 480, 481, 482, 483, 484, 910, 911, 489, 912, 913, 914, 915, 510]",True,"[434, 462, 886, 909]","[398, 399, 400, 401, 402, 403, 404, 405, 406, 407, 408, 409, 410, 411, 412, 413, 414, 415, 416, 417, 418, 419, 420, 421, 422, 423, 424, 425, 426, 427, 428, 429, 430, 431, 432, 433, 434, 435, 436, 437, 438, 439, 440, 441, 442, 443, 444, 445, 446, 447, 448, 449, 450, 451, 452, 453, 454, 455, 456, 457, 458, 459, 460, 461, 462, 463, 464, 465, 466, 467, 468, 469, 470, 471, 472, 473, 474, 475, 476, 477, 478, 479, 480, 481, 482, 483, 484, 848, 849, 850, 851, 852, 853, 854, 855, 856, 857, 858, 859, 860, 861, 862, 863, 864, 865, 866, 867, 868, 869, 870, 871, 872, 873, 874, 875, 876, 877, 878, 879, 880, 881, 882, 883, 884, 885, 886, 887, 888, 889, 890, 891, 892, 893, 894, 895, 896, 897, 898, 899, 900, 901, 902, 903, 904, 905, 906, 907, 908, 909, 910, 911, 912, 913, 914, 915, 916, 917, 918, 919, 920, 921, 922, 923, 924, 925, 926, 927, 928, 929, 930, 931, 932, 933, 934, 935]","[434, 462, 886, 909]","[434, 462, 886, 909]","[179, 219, 399, 421, 432, 434, 462, 466, 469, 476, 479, 650, 848, 873, 884, 886, 909, 913, 916, 925, 930]","[3, 27, 284, 285, 349, 406, 451, 489, 510, 743, 744, 804, 855, 898]","[3, 27, 349, 406, 451, 489, 510, 804, 855, 898]",5/6 successful match,True,"[734, 735]",True,124,False,,1.0,True,Gas - N - Go # 13 ( Conoco ),Conoco
Green River ( 84525 ) Gas - N - Go # 13 ( Conoco ),435-564-8262 I-70 Exit 160,NATSN 24 XL O,Green River,84525,Gas - N - Go # 13 ( Conoco ),435-564-8262,2015,Green River,UT,Conoco,,I-70 Exit 160,Exit,160,False,,False,I-70,,,,,"[434, 886]","[434, 462, 886, 909]","[434, 462, 886, 909]","[434, 462, 886, 909]","[398, 399, 400, 401, 402, 403, 404, 405, 406, 407, 408, 409, 410, 411, 412, 413, 414, 415, 416, 417, 418, 419, 420, 421, 422, 423, 424, 425, 426, 427, 428, 429, 430, 431, 432, 433, 434, 435, 436, 437, 438, 439, 440, 441, 442, 443, 444, 445, 446, 447, 448, 449, 450, 451, 452, 453, 454, 455, 456, 457, 458, 459, 460, 461, 462, 463, 464, 465, 466, 467, 468, 469, 470, 471, 472, 473, 474, 475, 476, 477, 478, 479, 480, 481, 482, 483, 484, 848, 849, 850, 851, 852, 853, 854, 855, 856, 857, 858, 859, 860, 861, 862, 863, 864, 865, 866, 867, 868, 869, 870, 871, 872, 873, 874, 875, 876, 877, 878, 879, 880, 881, 882, 883, 884, 885, 886, 887, 888, 889, 890, 891, 892, 893, 894, 895, 896, 897, 898, 899, 900, 901, 902, 903, 904, 905, 906, 907, 908, 909, 910, 911, 912, 913, 914, 915, 916, 917, 918, 919, 920, 921, 922, 923, 924, 925, 926, 927, 928, 929, 930, 931, 932, 933, 934, 935]","[179, 219, 399, 421, 432, 434, 462, 466, 469, 476, 479, 650, 848, 873, 884, 886, 909, 913, 916, 925, 930]","[3, 27, 349, 406, 451, 489, 510, 804, 855, 898]","[3, 27, 284, 285, 349, 406, 451, 489, 510, 743, 744, 804, 855, 898]","[916, 3, 917, 918, 919, 920, 921, 27, 922, 923, 924, 925, 926, 927, 928, 929, 930, 931, 932, 933, 934, 935, 650, 179, 219, 349, 743, 744, 284, 285, 804, 848, 849, 850, 851, 852, 853, 854, 855, 856, 857, 858, 859, 860, 861, 862, 863, 864, 865, 866, 867, 868, 869, 870, 871, 872, 873, 874, 875, 876, 877, 878, 879, 880, 881, 882, 883, 884, 885, 886, 887, 888, 889, 890, 891, 892, 893, 894, 895, 896, 897, 898, 899, 900, 901, 902, 903, 904, 905, 906, 907, 908, 909, 398, 399, 400, 401, 402, 403, 404, 405, 406, 407, 408, 409, 410, 411, 412, 413, 414, 415, 416, 417, 418, 419, 420, 421, 422, 423, 424, 425, 426, 427, 428, 429, 430, 431, 432, 433, 434, 435, 436, 437, 438, 439, 440, 441, 442, 443, 444, 445, 446, 447, 448, 449, 450, 451, 452, 453, 454, 455, 456, 457, 458, 459, 460, 461, 462, 463, 464, 465, 466, 467, 468, 469, 470, 471, 472, 473, 474, 475, 476, 477, 478, 479, 480, 481, 482, 483, 484, 910, 911, 489, 912, 913, 914, 915, 510]",True,"[434, 462, 886, 909]","[398, 399, 400, 401, 402, 403, 404, 405, 406, 407, 408, 409, 410, 411, 412, 413, 414, 415, 416, 417, 418, 419, 420, 421, 422, 423, 424, 425, 426, 427, 428, 429, 430, 431, 432, 433, 434, 435, 436, 437, 438, 439, 440, 441, 442, 443, 444, 445, 446, 447, 448, 449, 450, 451, 452, 453, 454, 455, 456, 457, 458, 459, 460, 461, 462, 463, 464, 465, 466, 467, 468, 469, 470, 471, 472, 473, 474, 475, 476, 477, 478, 479, 480, 481, 482, 483, 484, 848, 849, 850, 851, 852, 853, 854, 855, 856, 857, 858, 859, 860, 861, 862, 863, 864, 865, 866, 867, 868, 869, 870, 871, 872, 873, 874, 875, 876, 877, 878, 879, 880, 881, 882, 883, 884, 885, 886, 887, 888, 889, 890, 891, 892, 893, 894, 895, 896, 897, 898, 899, 900, 901, 902, 903, 904, 905, 906, 907, 908, 909, 910, 911, 912, 913, 914, 915, 916, 917, 918, 919, 920, 921, 922, 923, 924, 925, 926, 927, 928, 929, 930, 931, 932, 933, 934, 935]","[434, 462, 886, 909]","[434, 462, 886, 909]","[179, 219, 399, 421, 432, 434, 462, 466, 469, 476, 479, 650, 848, 873, 884, 886, 909, 913, 916, 925, 930]","[3, 27, 284, 285, 349, 406, 451, 489, 510, 743, 744, 804, 855, 898]","[3, 27, 349, 406, 451, 489, 510, 804, 855, 898]",5/6 successful match,True,"[734, 735]",True,124,False,,1.0,True,Gas - N - Go # 13 ( Conoco ),Conoco
G Green River ( 84525 ) Gas - N - Go # 13 ( Conoco ),435-564-8262 I-70 Exit 160,24 XL D O,Green River,84525,Gas - N - Go # 13 ( Conoco ),435-564-8262,2016,Green River,UT,Conoco,,I-70 Exit 160,Exit,160,False,,False,I-70,,,,,"[434, 886]","[434, 462, 886, 909]","[434, 462, 886, 909]","[434, 462, 886, 909]","[398, 399, 400, 401, 402, 403, 404, 405, 406, 407, 408, 409, 410, 411, 412, 413, 414, 415, 416, 417, 418, 419, 420, 421, 422, 423, 424, 425, 426, 427, 428, 429, 430, 431, 432, 433, 434, 435, 436, 437, 438, 439, 440, 441, 442, 443, 444, 445, 446, 447, 448, 449, 450, 451, 452, 453, 454, 455, 456, 457, 458, 459, 460, 461, 462, 463, 464, 465, 466, 467, 468, 469, 470, 471, 472, 473, 474, 475, 476, 477, 478, 479, 480, 481, 482, 483, 484, 848, 849, 850, 851, 852, 853, 854, 855, 856, 857, 858, 859, 860, 861, 862, 863, 864, 865, 866, 867, 868, 869, 870, 871, 872, 873, 874, 875, 876, 877, 878, 879, 880, 881, 882, 883, 884, 885, 886, 887, 888, 889, 890, 891, 892, 893, 894, 895, 896, 897, 898, 899, 900, 901, 902, 903, 904, 905, 906, 907, 908, 909, 910, 911, 912, 913, 914, 915, 916, 917, 918, 919, 920, 921, 922, 923, 924, 925, 926, 927, 928, 929, 930, 931, 932, 933, 934, 935]","[179, 219, 399, 421, 432, 434, 462, 466, 469, 476, 479, 650, 848, 873, 884, 886, 909, 913, 916, 925, 930]","[3, 27, 349, 406, 451, 489, 510, 804, 855, 898]","[3, 27, 284, 285, 349, 406, 451, 489, 510, 743, 744, 804, 855, 898]","[916, 3, 917, 918, 919, 920, 921, 27, 922, 923, 924, 925, 926, 927, 928, 929, 930, 931, 932, 933, 934, 935, 650, 179, 219, 349, 743, 744, 284, 285, 804, 848, 849, 850, 851, 852, 853, 854, 855, 856, 857, 858, 859, 860, 861, 862, 863, 864, 865, 866, 867, 868, 869, 870, 871, 872, 873, 874, 875, 876, 877, 878, 879, 880, 881, 882, 883, 884, 885, 886, 887, 888, 889, 890, 891, 892, 893, 894, 895, 896, 897, 898, 899, 900, 901, 902, 903, 904, 905, 906, 907, 908, 909, 398, 399, 400, 401, 402, 403, 404, 405, 406, 407, 408, 409, 410, 411, 412, 413, 414, 415, 416, 417, 418, 419, 420, 421, 422, 423, 424, 425, 426, 427, 428, 429, 430, 431, 432, 433, 434, 435, 436, 437, 438, 439, 440, 441, 442, 443, 444, 445, 446, 447, 448, 449, 450, 451, 452, 453, 454, 455, 456, 457, 458, 459, 460, 461, 462, 463, 464, 465, 466, 467, 468, 469, 470, 471, 472, 473, 474, 475, 476, 477, 478, 479, 480, 481, 482, 483, 484, 910, 911, 489, 912, 913, 914, 915, 510]",True,"[434, 462, 886, 909]","[398, 399, 400, 401, 402, 403, 404, 405, 406, 407, 408, 409, 410, 411, 412, 413, 414, 415, 416, 417, 418, 419, 420, 421, 422, 423, 424, 425, 426, 427, 428, 429, 430, 431, 432, 433, 434, 435, 436, 437, 438, 439, 440, 441, 442, 443, 444, 445, 446, 447, 448, 449, 450, 451, 452, 453, 454, 455, 456, 457, 458, 459, 460, 461, 462, 463, 464, 465, 466, 467, 468, 469, 470, 471, 472, 473, 474, 475, 476, 477, 478, 479, 480, 481, 482, 483, 484, 848, 849, 850, 851, 852, 853, 854, 855, 856, 857, 858, 859, 860, 861, 862, 863, 864, 865, 866, 867, 868, 869, 870, 871, 872, 873, 874, 875, 876, 877, 878, 879, 880, 881, 882, 883, 884, 885, 886, 887, 888, 889, 890, 891, 892, 893, 894, 895, 896, 897, 898, 899, 900, 901, 902, 903, 904, 905, 906, 907, 908, 909, 910, 911, 912, 913, 914, 915, 916, 917, 918, 919, 920, 921, 922, 923, 924, 925, 926, 927, 928, 929, 930, 931, 932, 933, 934, 935]","[434, 462, 886, 909]","[434, 462, 886, 909]","[179, 219, 399, 421, 432, 434, 462, 466, 469, 476, 479, 650, 848, 873, 884, 886, 909, 913, 916, 925, 930]","[3, 27, 284, 285, 349, 406, 451, 489, 510, 743, 744, 804, 855, 898]","[3, 27, 349, 406, 451, 489, 510, 804, 855, 898]",5/6 successful match,True,"[734, 735]",True,124,False,,1.0,True,Gas - N - Go # 13 ( Conoco ),Conoco
"Monticello , 84535 Out West Food & Fuel ( Shell",435-587-2555 US 191 & US 491 ),,Monticello,84535,Out West Food & Fuel ( Shell,435-587-2555,2006,Monticello,UT,Shell,,US 191 & US 491 ,empty,,False,,False,US 191,US 491,,,,"[398, 903]","[398, 406, 438, 855, 889, 903]","[398, 406, 438, 855, 889, 903]",[],"[398, 399, 400, 401, 402, 403, 404, 405, 406, 407, 408, 409, 410, 411, 412, 413, 414, 415, 416, 417, 418, 419, 420, 421, 422, 423, 424, 425, 426, 427, 428, 429, 430, 431, 432, 433, 434, 435, 436, 437, 438, 439, 440, 441, 442, 443, 444, 445, 446, 447, 448, 449, 450, 451, 452, 453, 454, 455, 456, 457, 458, 459, 460, 461, 462, 463, 464, 465, 466, 467, 468, 469, 470, 471, 472, 473, 474, 475, 476, 477, 478, 479, 480, 481, 482, 483, 484, 848, 849, 850, 851, 852, 853, 854, 855, 856, 857, 858, 859, 860, 861, 862, 863, 864, 865, 866, 867, 868, 869, 870, 871, 872, 873, 874, 875, 876, 877, 878, 879, 880, 881, 882, 883, 884, 885, 886, 887, 888, 889, 890, 891, 892, 893, 894, 895, 896, 897, 898, 899, 900, 901, 902, 903, 904, 905, 906, 907, 908, 909, 910, 911, 912, 913, 914, 915, 916, 917, 918, 919, 920, 921, 922, 923, 924, 925, 926, 927, 928, 929, 930, 931, 932, 933, 934, 935]","[4, 398, 400, 404, 406, 438, 453, 459, 483, 484, 490, 849, 853, 855, 889, 900, 903, 906, 934, 935]","[1, 13, 14, 29, 54, 55, 56, 57, 58, 60, 102, 118, 125, 127, 130, 134, 146, 149, 153, 175, 182, 187, 189, 191, 197, 225, 230, 238, 264, 265, 266, 286, 302, 317, 336, 379, 388, 389, 425, 454, 458, 463, 475, 487, 498, 499, 512, 530, 531, 532, 533, 534, 536, 573, 589, 596, 598, 601, 605, 617, 620, 624, 646, 653, 658, 660, 662, 668, 689, 694, 702, 724, 725, 745, 760, 775, 793, 829, 838, 839, 877, 901, 903, 905, 910, 923]","[1, 13, 14, 29, 54, 55, 56, 57, 58, 60, 102, 118, 125, 127, 130, 134, 146, 149, 153, 175, 182, 187, 189, 191, 197, 225, 230, 238, 264, 265, 266, 286, 302, 317, 336, 354, 379, 388, 389, 425, 454, 458, 463, 475, 487, 498, 499, 512, 530, 531, 532, 533, 534, 536, 573, 589, 596, 598, 601, 605, 617, 620, 624, 646, 653, 658, 660, 662, 668, 689, 694, 702, 724, 725, 745, 760, 775, 793, 809, 829, 838, 839, 877, 901, 903, 905, 910, 923]","[512, 916, 1, 4, 917, 918, 13, 14, 919, 530, 531, 532, 920, 533, 534, 536, 921, 29, 922, 923, 388, 924, 925, 926, 54, 55, 927, 56, 57, 58, 60, 573, 928, 389, 929, 930, 931, 589, 932, 596, 598, 933, 601, 934, 605, 935, 102, 617, 620, 624, 118, 125, 127, 130, 134, 646, 653, 146, 658, 660, 149, 662, 153, 336, 668, 175, 689, 182, 694, 187, 189, 702, 191, 197, 724, 725, 225, 230, 745, 238, 354, 760, 775, 264, 265, 266, 793, 286, 809, 302, 317, 829, 379, 838, 839, 848, 849, 850, 851, 852, 853, 854, 855, 856, 857, 858, 859, 860, 861, 862, 863, 864, 865, 866, 867, 868, 869, 870, 871, 872, 873, 874, 875, 876, 877, 878, 879, 880, 881, 882, 883, 884, 885, 886, 887, 888, 889, 890, 891, 892, 893, 894, 895, 896, 897, 898, 899, 900, 901, 902, 903, 904, 905, 906, 907, 908, 909, 398, 399, 400, 401, 402, 403, 404, 405, 406, 407, 408, 409, 410, 411, 412, 413, 414, 415, 416, 417, 418, 419, 420, 421, 422, 423, 424, 425, 426, 427, 428, 429, 430, 431, 432, 433, 434, 435, 436, 437, 438, 439, 440, 441, 442, 443, 444, 445, 446, 447, 448, 449, 450, 451, 452, 453, 454, 455, 456, 457, 458, 459, 460, 461, 462, 463, 464, 465, 466, 467, 468, 469, 470, 471, 472, 473, 474, 475, 476, 477, 478, 479, 480, 481, 482, 483, 484, 910, 487, 911, 490, 912, 913, 498, 499, 914, 915]",True,"[398, 406, 438, 855, 889, 903]","[398, 399, 400, 401, 402, 403, 404, 405, 406, 407, 408, 409, 410, 411, 412, 413, 414, 415, 416, 417, 418, 419, 420, 421, 422, 423, 424, 425, 426, 427, 428, 429, 430, 431, 432, 433, 434, 435, 436, 437, 438, 439, 440, 441, 442, 443, 444, 445, 446, 447, 448, 449, 450, 451, 452, 453, 454, 455, 456, 457, 458, 459, 460, 461, 462, 463, 464, 465, 466, 467, 468, 469, 470, 471, 472, 473, 474, 475, 476, 477, 478, 479, 480, 481, 482, 483, 484, 848, 849, 850, 851, 852, 853, 854, 855, 856, 857, 858, 859, 860, 861, 862, 863, 864, 865, 866, 867, 868, 869, 870, 871, 872, 873, 874, 875, 876, 877, 878, 879, 880, 881, 882, 883, 884, 885, 886, 887, 888, 889, 890, 891, 892, 893, 894, 895, 896, 897, 898, 899, 900, 901, 902, 903, 904, 905, 906, 907, 908, 909, 910, 911, 912, 913, 914, 915, 916, 917, 918, 919, 920, 921, 922, 923, 924, 925, 926, 927, 928, 929, 930, 931, 932, 933, 934, 935]","[398, 406, 438, 855, 889, 903]",[],"[4, 398, 400, 404, 406, 438, 453, 459, 483, 484, 490, 849, 853, 855, 889, 900, 903, 906, 934, 935]","[1, 13, 14, 29, 54, 55, 56, 57, 58, 60, 102, 118, 125, 127, 130, 134, 146, 149, 153, 175, 182, 187, 189, 191, 197, 225, 230, 238, 264, 265, 266, 286, 302, 317, 336, 354, 379, 388, 389, 425, 454, 458, 463, 475, 487, 498, 499, 512, 530, 531, 532, 533, 534, 536, 573, 589, 596, 598, 601, 605, 617, 620, 624, 646, 653, 658, 660, 662, 668, 689, 694, 702, 724, 725, 745, 760, 775, 793, 809, 829, 838, 839, 877, 901, 903, 905, 910, 923]","[1, 13, 14, 29, 54, 55, 56, 57, 58, 60, 102, 118, 125, 127, 130, 134, 146, 149, 153, 175, 182, 187, 189, 191, 197, 225, 230, 238, 264, 265, 266, 286, 302, 317, 336, 379, 388, 389, 425, 454, 458, 463, 475, 487, 498, 499, 512, 530, 531, 532, 533, 534, 536, 573, 589, 596, 598, 601, 605, 617, 620, 624, 646, 653, 658, 660, 662, 668, 689, 694, 702, 724, 725, 745, 760, 775, 793, 829, 838, 839, 877, 901, 903, 905, 910, 923]",7/6 successful match,True,"[274, 275, 276]",True,125,False,,,,,
"Monticello , 84535 Out West Food & Fuel ( Shell )",435-587-2555 US 191 & US 491,<U+25A1>,Monticello,84535,Out West Food & Fuel ( Shell ),435-587-2555,2007,Monticello,UT,Shell,,US 191 & US 491,empty,,False,,False,US 191,US 491,,,,"[398, 903]","[398, 406, 438, 855, 889, 903]","[398, 406, 438, 855, 889, 903]",[],"[398, 399, 400, 401, 402, 403, 404, 405, 406, 407, 408, 409, 410, 411, 412, 413, 414, 415, 416, 417, 418, 419, 420, 421, 422, 423, 424, 425, 426, 427, 428, 429, 430, 431, 432, 433, 434, 435, 436, 437, 438, 439, 440, 441, 442, 443, 444, 445, 446, 447, 448, 449, 450, 451, 452, 453, 454, 455, 456, 457, 458, 459, 460, 461, 462, 463, 464, 465, 466, 467, 468, 469, 470, 471, 472, 473, 474, 475, 476, 477, 478, 479, 480, 481, 482, 483, 484, 848, 849, 850, 851, 852, 853, 854, 855, 856, 857, 858, 859, 860, 861, 862, 863, 864, 865, 866, 867, 868, 869, 870, 871, 872, 873, 874, 875, 876, 877, 878, 879, 880, 881, 882, 883, 884, 885, 886, 887, 888, 889, 890, 891, 892, 893, 894, 895, 896, 897, 898, 899, 900, 901, 902, 903, 904, 905, 906, 907, 908, 909, 910, 911, 912, 913, 914, 915, 916, 917, 918, 919, 920, 921, 922, 923, 924, 925, 926, 927, 928, 929, 930, 931, 932, 933, 934, 935]","[4, 398, 400, 404, 406, 438, 453, 459, 483, 484, 490, 849, 853, 855, 889, 900, 903, 906, 934, 935]","[1, 13, 14, 29, 54, 55, 56, 57, 58, 60, 102, 118, 125, 127, 130, 134, 146, 149, 153, 175, 182, 187, 189, 191, 197, 225, 230, 238, 264, 265, 266, 286, 302, 317, 336, 379, 388, 389, 425, 454, 458, 463, 475, 487, 498, 499, 512, 530, 531, 532, 533, 534, 536, 573, 589, 596, 598, 601, 605, 617, 620, 624, 646, 653, 658, 660, 662, 668, 689, 694, 702, 724, 725, 745, 760, 775, 793, 829, 838, 839, 877, 901, 903, 905, 910, 923]","[1, 13, 14, 29, 54, 55, 56, 57, 58, 60, 102, 118, 125, 127, 130, 134, 146, 149, 153, 175, 182, 187, 189, 191, 197, 225, 230, 238, 264, 265, 266, 286, 302, 317, 336, 354, 379, 388, 389, 425, 454, 458, 463, 475, 487, 498, 499, 512, 530, 531, 532, 533, 534, 536, 573, 589, 596, 598, 601, 605, 617, 620, 624, 646, 653, 658, 660, 662, 668, 689, 694, 702, 724, 725, 745, 760, 775, 793, 809, 829, 838, 839, 877, 901, 903, 905, 910, 923]","[512, 916, 1, 4, 917, 918, 13, 14, 919, 530, 531, 532, 920, 533, 534, 536, 921, 29, 922, 923, 388, 924, 925, 926, 54, 55, 927, 56, 57, 58, 60, 573, 928, 389, 929, 930, 931, 589, 932, 596, 598, 933, 601, 934, 605, 935, 102, 617, 620, 624, 118, 125, 127, 130, 134, 646, 653, 146, 658, 660, 149, 662, 153, 336, 668, 175, 689, 182, 694, 187, 189, 702, 191, 197, 724, 725, 225, 230, 745, 238, 354, 760, 775, 264, 265, 266, 793, 286, 809, 302, 317, 829, 379, 838, 839, 848, 849, 850, 851, 852, 853, 854, 855, 856, 857, 858, 859, 860, 861, 862, 863, 864, 865, 866, 867, 868, 869, 870, 871, 872, 873, 874, 875, 876, 877, 878, 879, 880, 881, 882, 883, 884, 885, 886, 887, 888, 889, 890, 891, 892, 893, 894, 895, 896, 897, 898, 899, 900, 901, 902, 903, 904, 905, 906, 907, 908, 909, 398, 399, 400, 401, 402, 403, 404, 405, 406, 407, 408, 409, 410, 411, 412, 413, 414, 415, 416, 417, 418, 419, 420, 421, 422, 423, 424, 425, 426, 427, 428, 429, 430, 431, 432, 433, 434, 435, 436, 437, 438, 439, 440, 441, 442, 443, 444, 445, 446, 447, 448, 449, 450, 451, 452, 453, 454, 455, 456, 457, 458, 459, 460, 461, 462, 463, 464, 465, 466, 467, 468, 469, 470, 471, 472, 473, 474, 475, 476, 477, 478, 479, 480, 481, 482, 483, 484, 910, 487, 911, 490, 912, 913, 498, 499, 914, 915]",True,"[398, 406, 438, 855, 889, 903]","[398, 399, 400, 401, 402, 403, 404, 405, 406, 407, 408, 409, 410, 411, 412, 413, 414, 415, 416, 417, 418, 419, 420, 421, 422, 423, 424, 425, 426, 427, 428, 429, 430, 431, 432, 433, 434, 435, 436, 437, 438, 439, 440, 441, 442, 443, 444, 445, 446, 447, 448, 449, 450, 451, 452, 453, 454, 455, 456, 457, 458, 459, 460, 461, 462, 463, 464, 465, 466, 467, 468, 469, 470, 471, 472, 473, 474, 475, 476, 477, 478, 479, 480, 481, 482, 483, 484, 848, 849, 850, 851, 852, 853, 854, 855, 856, 857, 858, 859, 860, 861, 862, 863, 864, 865, 866, 867, 868, 869, 870, 871, 872, 873, 874, 875, 876, 877, 878, 879, 880, 881, 882, 883, 884, 885, 886, 887, 888, 889, 890, 891, 892, 893, 894, 895, 896, 897, 898, 899, 900, 901, 902, 903, 904, 905, 906, 907, 908, 909, 910, 911, 912, 913, 914, 915, 916, 917, 918, 919, 920, 921, 922, 923, 924, 925, 926, 927, 928, 929, 930, 931, 932, 933, 934, 935]","[398, 406, 438, 855, 889, 903]",[],"[4, 398, 400, 404, 406, 438, 453, 459, 483, 484, 490, 849, 853, 855, 889, 900, 903, 906, 934, 935]","[1, 13, 14, 29, 54, 55, 56, 57, 58, 60, 102, 118, 125, 127, 130, 134, 146, 149, 153, 175, 182, 187, 189, 191, 197, 225, 230, 238, 264, 265, 266, 286, 302, 317, 336, 354, 379, 388, 389, 425, 454, 458, 463, 475, 487, 498, 499, 512, 530, 531, 532, 533, 534, 536, 573, 589, 596, 598, 601, 605, 617, 620, 624, 646, 653, 658, 660, 662, 668, 689, 694, 702, 724, 725, 745, 760, 775, 793, 809, 829, 838, 839, 877, 901, 903, 905, 910, 923]","[1, 13, 14, 29, 54, 55, 56, 57, 58, 60, 102, 118, 125, 127, 130, 134, 146, 149, 153, 175, 182, 187, 189, 191, 197, 225, 230, 238, 264, 265, 266, 286, 302, 317, 336, 379, 388, 389, 425, 454, 458, 463, 475, 487, 498, 499, 512, 530, 531, 532, 533, 534, 536, 573, 589, 596, 598, 601, 605, 617, 620, 624, 646, 653, 658, 660, 662, 668, 689, 694, 702, 724, 725, 745, 760, 775, 793, 829, 838, 839, 877, 901, 903, 905, 910, 923]",7/6 successful match,True,"[274, 275, 276]",True,125,False,,1.0,True,Out West Food & Fuel ( Shell,Shell
"Monticello , 84535 Out West Food & Fuel ( Shell )",435-587-2555 US 191 & US 491,<U+2610> S <U+2610> <U+2610> <U+2610> <U+2610>,Monticello,84535,Out West Food & Fuel ( Shell ),435-587-2555,2008,Monticello,UT,Shell,,US 191 & US 491,empty,,False,,False,US 191,US 491,,,,"[398, 903]","[398, 406, 438, 855, 889, 903]","[398, 406, 438, 855, 889, 903]",[],"[398, 399, 400, 401, 402, 403, 404, 405, 406, 407, 408, 409, 410, 411, 412, 413, 414, 415, 416, 417, 418, 419, 420, 421, 422, 423, 424, 425, 426, 427, 428, 429, 430, 431, 432, 433, 434, 435, 436, 437, 438, 439, 440, 441, 442, 443, 444, 445, 446, 447, 448, 449, 450, 451, 452, 453, 454, 455, 456, 457, 458, 459, 460, 461, 462, 463, 464, 465, 466, 467, 468, 469, 470, 471, 472, 473, 474, 475, 476, 477, 478, 479, 480, 481, 482, 483, 484, 848, 849, 850, 851, 852, 853, 854, 855, 856, 857, 858, 859, 860, 861, 862, 863, 864, 865, 866, 867, 868, 869, 870, 871, 872, 873, 874, 875, 876, 877, 878, 879, 880, 881, 882, 883, 884, 885, 886, 887, 888, 889, 890, 891, 892, 893, 894, 895, 896, 897, 898, 899, 900, 901, 902, 903, 904, 905, 906, 907, 908, 909, 910, 911, 912, 913, 914, 915, 916, 917, 918, 919, 920, 921, 922, 923, 924, 925, 926, 927, 928, 929, 930, 931, 932, 933, 934, 935]","[4, 398, 400, 404, 406, 438, 453, 459, 483, 484, 490, 849, 853, 855, 889, 900, 903, 906, 934, 935]","[1, 13, 14, 29, 54, 55, 56, 57, 58, 60, 102, 118, 125, 127, 130, 134, 146, 149, 153, 175, 182, 187, 189, 191, 197, 225, 230, 238, 264, 265, 266, 286, 302, 317, 336, 379, 388, 389, 425, 454, 458, 463, 475, 487, 498, 499, 512, 530, 531, 532, 533, 534, 536, 573, 589, 596, 598, 601, 605, 617, 620, 624, 646, 653, 658, 660, 662, 668, 689, 694, 702, 724, 725, 745, 760, 775, 793, 829, 838, 839, 877, 901, 903, 905, 910, 923]","[1, 13, 14, 29, 54, 55, 56, 57, 58, 60, 102, 118, 125, 127, 130, 134, 146, 149, 153, 175, 182, 187, 189, 191, 197, 225, 230, 238, 264, 265, 266, 286, 302, 317, 336, 354, 379, 388, 389, 425, 454, 458, 463, 475, 487, 498, 499, 512, 530, 531, 532, 533, 534, 536, 573, 589, 596, 598, 601, 605, 617, 620, 624, 646, 653, 658, 660, 662, 668, 689, 694, 702, 724, 725, 745, 760, 775, 793, 809, 829, 838, 839, 877, 901, 903, 905, 910, 923]","[512, 916, 1, 4, 917, 918, 13, 14, 919, 530, 531, 532, 920, 533, 534, 536, 921, 29, 922, 923, 388, 924, 925, 926, 54, 55, 927, 56, 57, 58, 60, 573, 928, 389, 929, 930, 931, 589, 932, 596, 598, 933, 601, 934, 605, 935, 102, 617, 620, 624, 118, 125, 127, 130, 134, 646, 653, 146, 658, 660, 149, 662, 153, 336, 668, 175, 689, 182, 694, 187, 189, 702, 191, 197, 724, 725, 225, 230, 745, 238, 354, 760, 775, 264, 265, 266, 793, 286, 809, 302, 317, 829, 379, 838, 839, 848, 849, 850, 851, 852, 853, 854, 855, 856, 857, 858, 859, 860, 861, 862, 863, 864, 865, 866, 867, 868, 869, 870, 871, 872, 873, 874, 875, 876, 877, 878, 879, 880, 881, 882, 883, 884, 885, 886, 887, 888, 889, 890, 891, 892, 893, 894, 895, 896, 897, 898, 899, 900, 901, 902, 903, 904, 905, 906, 907, 908, 909, 398, 399, 400, 401, 402, 403, 404, 405, 406, 407, 408, 409, 410, 411, 412, 413, 414, 415, 416, 417, 418, 419, 420, 421, 422, 423, 424, 425, 426, 427, 428, 429, 430, 431, 432, 433, 434, 435, 436, 437, 438, 439, 440, 441, 442, 443, 444, 445, 446, 447, 448, 449, 450, 451, 452, 453, 454, 455, 456, 457, 458, 459, 460, 461, 462, 463, 464, 465, 466, 467, 468, 469, 470, 471, 472, 473, 474, 475, 476, 477, 478, 479, 480, 481, 482, 483, 484, 910, 487, 911, 490, 912, 913, 498, 499, 914, 915]",True,"[398, 406, 438, 855, 889, 903]","[398, 399, 400, 401, 402, 403, 404, 405, 406, 407, 408, 409, 410, 411, 412, 413, 414, 415, 416, 417, 418, 419, 420, 421, 422, 423, 424, 425, 426, 427, 428, 429, 430, 431, 432, 433, 434, 435, 436, 437, 438, 439, 440, 441, 442, 443, 444, 445, 446, 447, 448, 449, 450, 451, 452, 453, 454, 455, 456, 457, 458, 459, 460, 461, 462, 463, 464, 465, 466, 467, 468, 469, 470, 471, 472, 473, 474, 475, 476, 477, 478, 479, 480, 481, 482, 483, 484, 848, 849, 850, 851, 852, 853, 854, 855, 856, 857, 858, 859, 860, 861, 862, 863, 864, 865, 866, 867, 868, 869, 870, 871, 872, 873, 874, 875, 876, 877, 878, 879, 880, 881, 882, 883, 884, 885, 886, 887, 888, 889, 890, 891, 892, 893, 894, 895, 896, 897, 898, 899, 900, 901, 902, 903, 904, 905, 906, 907, 908, 909, 910, 911, 912, 913, 914, 915, 916, 917, 918, 919, 920, 921, 922, 923, 924, 925, 926, 927, 928, 929, 930, 931, 932, 933, 934, 935]","[398, 406, 438, 855, 889, 903]",[],"[4, 398, 400, 404, 406, 438, 453, 459, 483, 484, 490, 849, 853, 855, 889, 900, 903, 906, 934, 935]","[1, 13, 14, 29, 54, 55, 56, 57, 58, 60, 102, 118, 125, 127, 130, 134, 146, 149, 153, 175, 182, 187, 189, 191, 197, 225, 230, 238, 264, 265, 266, 286, 302, 317, 336, 354, 379, 388, 389, 425, 454, 458, 463, 475, 487, 498, 499, 512, 530, 531, 532, 533, 534, 536, 573, 589, 596, 598, 601, 605, 617, 620, 624, 646, 653, 658, 660, 662, 668, 689, 694, 702, 724, 725, 745, 760, 775, 793, 809, 829, 838, 839, 877, 901, 903, 905, 910, 923]","[1, 13, 14, 29, 54, 55, 56, 57, 58, 60, 102, 118, 125, 127, 130, 134, 146, 149, 153, 175, 182, 187, 189, 191, 197, 225, 230, 238, 264, 265, 266, 286, 302, 317, 336, 379, 388, 389, 425, 454, 458, 463, 475, 487, 498, 499, 512, 530, 531, 532, 533, 534, 536, 573, 589, 596, 598, 601, 605, 617, 620, 624, 646, 653, 658, 660, 662, 668, 689, 694, 702, 724, 725, 745, 760, 775, 793, 829, 838, 839, 877, 901, 903, 905, 910, 923]",7/6 successful match,True,"[274, 275, 276]",True,125,False,,1.0,True,Out West Food & Fuel ( Shell ),Shell
Monticello ( 84535 ) Out West Food & Fuel # 12 ( Shell ),435-587-2555 US 191 & US 491,M,Monticello,84535,Out West Food & Fuel # 12 ( Shell ),435-587-2555,2014,Monticello,UT,Shell,,US 191 & US 491,empty,,False,,False,US 191,US 491,,,,"[398, 903]","[398, 406, 438, 855, 889, 903]","[398, 406, 438, 855, 889, 903]",[],"[398, 399, 400, 401, 402, 403, 404, 405, 406, 407, 408, 409, 410, 411, 412, 413, 414, 415, 416, 417, 418, 419, 420, 421, 422, 423, 424, 425, 426, 427, 428, 429, 430, 431, 432, 433, 434, 435, 436, 437, 438, 439, 440, 441, 442, 443, 444, 445, 446, 447, 448, 449, 450, 451, 452, 453, 454, 455, 456, 457, 458, 459, 460, 461, 462, 463, 464, 465, 466, 467, 468, 469, 470, 471, 472, 473, 474, 475, 476, 477, 478, 479, 480, 481, 482, 483, 484, 848, 849, 850, 851, 852, 853, 854, 855, 856, 857, 858, 859, 860, 861, 862, 863, 864, 865, 866, 867, 868, 869, 870, 871, 872, 873, 874, 875, 876, 877, 878, 879, 880, 881, 882, 883, 884, 885, 886, 887, 888, 889, 890, 891, 892, 893, 894, 895, 896, 897, 898, 899, 900, 901, 902, 903, 904, 905, 906, 907, 908, 909, 910, 911, 912, 913, 914, 915, 916, 917, 918, 919, 920, 921, 922, 923, 924, 925, 926, 927, 928, 929, 930, 931, 932, 933, 934, 935]","[4, 398, 400, 404, 406, 438, 453, 459, 483, 484, 490, 849, 853, 855, 889, 900, 903, 906, 934, 935]","[1, 13, 14, 29, 54, 55, 56, 57, 58, 60, 102, 118, 125, 127, 130, 134, 146, 149, 153, 175, 182, 187, 189, 191, 197, 225, 230, 238, 264, 265, 266, 286, 302, 317, 336, 379, 388, 389, 425, 454, 458, 463, 475, 487, 498, 499, 512, 530, 531, 532, 533, 534, 536, 573, 589, 596, 598, 601, 605, 617, 620, 624, 646, 653, 658, 660, 662, 668, 689, 694, 702, 724, 725, 745, 760, 775, 793, 829, 838, 839, 877, 901, 903, 905, 910, 923]","[1, 13, 14, 29, 54, 55, 56, 57, 58, 60, 102, 118, 125, 127, 130, 134, 146, 149, 153, 175, 182, 187, 189, 191, 197, 225, 230, 238, 264, 265, 266, 286, 302, 317, 336, 354, 379, 388, 389, 425, 454, 458, 463, 475, 487, 498, 499, 512, 530, 531, 532, 533, 534, 536, 573, 589, 596, 598, 601, 605, 617, 620, 624, 646, 653, 658, 660, 662, 668, 689, 694, 702, 724, 725, 745, 760, 775, 793, 809, 829, 838, 839, 877, 901, 903, 905, 910, 923]","[512, 916, 1, 4, 917, 918, 13, 14, 919, 530, 531, 532, 920, 533, 534, 536, 921, 29, 922, 923, 388, 924, 925, 926, 54, 55, 927, 56, 57, 58, 60, 573, 928, 389, 929, 930, 931, 589, 932, 596, 598, 933, 601, 934, 605, 935, 102, 617, 620, 624, 118, 125, 127, 130, 134, 646, 653, 146, 658, 660, 149, 662, 153, 336, 668, 175, 689, 182, 694, 187, 189, 702, 191, 197, 724, 725, 225, 230, 745, 238, 354, 760, 775, 264, 265, 266, 793, 286, 809, 302, 317, 829, 379, 838, 839, 848, 849, 850, 851, 852, 853, 854, 855, 856, 857, 858, 859, 860, 861, 862, 863, 864, 865, 866, 867, 868, 869, 870, 871, 872, 873, 874, 875, 876, 877, 878, 879, 880, 881, 882, 883, 884, 885, 886, 887, 888, 889, 890, 891, 892, 893, 894, 895, 896, 897, 898, 899, 900, 901, 902, 903, 904, 905, 906, 907, 908, 909, 398, 399, 400, 401, 402, 403, 404, 405, 406, 407, 408, 409, 410, 411, 412, 413, 414, 415, 416, 417, 418, 419, 420, 421, 422, 423, 424, 425, 426, 427, 428, 429, 430, 431, 432, 433, 434, 435, 436, 437, 438, 439, 440, 441, 442, 443, 444, 445, 446, 447, 448, 449, 450, 451, 452, 453, 454, 455, 456, 457, 458, 459, 460, 461, 462, 463, 464, 465, 466, 467, 468, 469, 470, 471, 472, 473, 474, 475, 476, 477, 478, 479, 480, 481, 482, 483, 484, 910, 487, 911, 490, 912, 913, 498, 499, 914, 915]",True,"[398, 406, 438, 855, 889, 903]","[398, 399, 400, 401, 402, 403, 404, 405, 406, 407, 408, 409, 410, 411, 412, 413, 414, 415, 416, 417, 418, 419, 420, 421, 422, 423, 424, 425, 426, 427, 428, 429, 430, 431, 432, 433, 434, 435, 436, 437, 438, 439, 440, 441, 442, 443, 444, 445, 446, 447, 448, 449, 450, 451, 452, 453, 454, 455, 456, 457, 458, 459, 460, 461, 462, 463, 464, 465, 466, 467, 468, 469, 470, 471, 472, 473, 474, 475, 476, 477, 478, 479, 480, 481, 482, 483, 484, 848, 849, 850, 851, 852, 853, 854, 855, 856, 857, 858, 859, 860, 861, 862, 863, 864, 865, 866, 867, 868, 869, 870, 871, 872, 873, 874, 875, 876, 877, 878, 879, 880, 881, 882, 883, 884, 885, 886, 887, 888, 889, 890, 891, 892, 893, 894, 895, 896, 897, 898, 899, 900, 901, 902, 903, 904, 905, 906, 907, 908, 909, 910, 911, 912, 913, 914, 915, 916, 917, 918, 919, 920, 921, 922, 923, 924, 925, 926, 927, 928, 929, 930, 931, 932, 933, 934, 935]","[398, 406, 438, 855, 889, 903]",[],"[4, 398, 400, 404, 406, 438, 453, 459, 483, 484, 490, 849, 853, 855, 889, 900, 903, 906, 934, 935]","[1, 13, 14, 29, 54, 55, 56, 57, 58, 60, 102, 118, 125, 127, 130, 134, 146, 149, 153, 175, 182, 187, 189, 191, 197, 225, 230, 238, 264, 265, 266, 286, 302, 317, 336, 354, 379, 388, 389, 425, 454, 458, 463, 475, 487, 498, 499, 512, 530, 531, 532, 533, 534, 536, 573, 589, 596, 598, 601, 605, 617, 620, 624, 646, 653, 658, 660, 662, 668, 689, 694, 702, 724, 725, 745, 760, 775, 793, 809, 829, 838, 839, 877, 901, 903, 905, 910, 923]","[1, 13, 14, 29, 54, 55, 56, 57, 58, 60, 102, 118, 125, 127, 130, 134, 146, 149, 153, 175, 182, 187, 189, 191, 197, 225, 230, 238, 264, 265, 266, 286, 302, 317, 336, 379, 388, 389, 425, 454, 458, 463, 475, 487, 498, 499, 512, 530, 531, 532, 533, 534, 536, 573, 589, 596, 598, 601, 605, 617, 620, 624, 646, 653, 658, 660, 662, 668, 689, 694, 702, 724, 725, 745, 760, 775, 793, 829, 838, 839, 877, 901, 903, 905, 910, 923]",7/6 successful match,True,"[274, 275, 276]",True,125,False,,1.0,True,Out West Food & Fuel ( Shell ),Shell
Monticello ( 84535 ) 7 - Eleven ( Shell ),435-587-2555 US 191 & US 491,<U+25A1><U+25A1> M,Monticello,84535,7 - Eleven ( Shell ),435-587-2555,2015,Monticello,UT,Eleven,,US 191 & US 491,empty,,False,,False,US 191,US 491,,,,"[398, 903]","[398, 406, 438, 855, 889, 903]","[398, 406, 438, 855, 889, 903]",[],"[398, 399, 400, 401, 402, 403, 404, 405, 406, 407, 408, 409, 410, 411, 412, 413, 414, 415, 416, 417, 418, 419, 420, 421, 422, 423, 424, 425, 426, 427, 428, 429, 430, 431, 432, 433, 434, 435, 436, 437, 438, 439, 440, 441, 442, 443, 444, 445, 446, 447, 448, 449, 450, 451, 452, 453, 454, 455, 456, 457, 458, 459, 460, 461, 462, 463, 464, 465, 466, 467, 468, 469, 470, 471, 472, 473, 474, 475, 476, 477, 478, 479, 480, 481, 482, 483, 484, 848, 849, 850, 851, 852, 853, 854, 855, 856, 857, 858, 859, 860, 861, 862, 863, 864, 865, 866, 867, 868, 869, 870, 871, 872, 873, 874, 875, 876, 877, 878, 879, 880, 881, 882, 883, 884, 885, 886, 887, 888, 889, 890, 891, 892, 893, 894, 895, 896, 897, 898, 899, 900, 901, 902, 903, 904, 905, 906, 907, 908, 909, 910, 911, 912, 913, 914, 915, 916, 917, 918, 919, 920, 921, 922, 923, 924, 925, 926, 927, 928, 929, 930, 931, 932, 933, 934, 935]","[4, 398, 400, 404, 406, 438, 453, 459, 483, 484, 490, 849, 853, 855, 889, 900, 903, 906, 934, 935]","[107, 108, 109, 110, 578, 579, 580, 584]","[1, 13, 14, 29, 54, 55, 56, 57, 58, 60, 102, 107, 108, 109, 110, 111, 112, 113, 118, 125, 127, 130, 134, 146, 149, 153, 175, 182, 187, 189, 191, 197, 225, 230, 238, 264, 265, 266, 286, 302, 317, 336, 354, 379, 388, 389, 398, 399, 400, 425, 454, 458, 463, 475, 487, 498, 499, 512, 530, 531, 532, 533, 534, 536, 573, 578, 579, 580, 581, 582, 583, 584, 589, 596, 598, 601, 605, 617, 620, 624, 646, 653, 658, 660, 662, 668, 689, 694, 702, 724, 725, 745, 760, 775, 793, 809, 829, 838, 839, 848, 849, 877, 901, 903, 905, 910, 923]","[512, 916, 1, 4, 917, 918, 13, 14, 919, 530, 531, 532, 920, 533, 534, 536, 921, 29, 922, 923, 388, 924, 925, 926, 54, 55, 927, 56, 57, 58, 60, 573, 928, 389, 578, 929, 579, 580, 581, 582, 930, 584, 583, 931, 589, 932, 596, 598, 933, 601, 934, 605, 935, 102, 617, 107, 108, 109, 110, 111, 112, 113, 620, 624, 118, 125, 127, 130, 134, 646, 653, 146, 658, 660, 149, 662, 153, 336, 668, 175, 689, 182, 694, 187, 189, 702, 191, 197, 724, 725, 225, 230, 745, 238, 354, 760, 775, 264, 265, 266, 793, 286, 809, 302, 317, 829, 379, 838, 839, 848, 849, 850, 851, 852, 853, 854, 855, 856, 857, 858, 859, 860, 861, 862, 863, 864, 865, 866, 867, 868, 869, 870, 871, 872, 873, 874, 875, 876, 877, 878, 879, 880, 881, 882, 883, 884, 885, 886, 887, 888, 889, 890, 891, 892, 893, 894, 895, 896, 897, 898, 899, 900, 901, 902, 903, 904, 905, 906, 907, 908, 909, 398, 399, 400, 401, 402, 403, 404, 405, 406, 407, 408, 409, 410, 411, 412, 413, 414, 415, 416, 417, 418, 419, 420, 421, 422, 423, 424, 425, 426, 427, 428, 429, 430, 431, 432, 433, 434, 435, 436, 437, 438, 439, 440, 441, 442, 443, 444, 445, 446, 447, 448, 449, 450, 451, 452, 453, 454, 455, 456, 457, 458, 459, 460, 461, 462, 463, 464, 465, 466, 467, 468, 469, 470, 471, 472, 473, 474, 475, 476, 477, 478, 479, 480, 481, 482, 483, 484, 910, 487, 911, 490, 912, 913, 498, 499, 914, 915]",True,"[398, 406, 438, 855, 889, 903]","[398, 399, 400, 401, 402, 403, 404, 405, 406, 407, 408, 409, 410, 411, 412, 413, 414, 415, 416, 417, 418, 419, 420, 421, 422, 423, 424, 425, 426, 427, 428, 429, 430, 431, 432, 433, 434, 435, 436, 437, 438, 439, 440, 441, 442, 443, 444, 445, 446, 447, 448, 449, 450, 451, 452, 453, 454, 455, 456, 457, 458, 459, 460, 461, 462, 463, 464, 465, 466, 467, 468, 469, 470, 471, 472, 473, 474, 475, 476, 477, 478, 479, 480, 481, 482, 483, 484, 848, 849, 850, 851, 852, 853, 854, 855, 856, 857, 858, 859, 860, 861, 862, 863, 864, 865, 866, 867, 868, 869, 870, 871, 872, 873, 874, 875, 876, 877, 878, 879, 880, 881, 882, 883, 884, 885, 886, 887, 888, 889, 890, 891, 892, 893, 894, 895, 896, 897, 898, 899, 900, 901, 902, 903, 904, 905, 906, 907, 908, 909, 910, 911, 912, 913, 914, 915, 916, 917, 918, 919, 920, 921, 922, 923, 924, 925, 926, 927, 928, 929, 930, 931, 932, 933, 934, 935]","[398, 406, 438, 855, 889, 903]",[],"[4, 398, 400, 404, 406, 438, 453, 459, 483, 484, 490, 849, 853, 855, 889, 900, 903, 906, 934, 935]","[1, 13, 14, 29, 54, 55, 56, 57, 58, 60, 102, 107, 108, 109, 110, 111, 112, 113, 118, 125, 127, 130, 134, 146, 149, 153, 175, 182, 187, 189, 191, 197, 225, 230, 238, 264, 265, 266, 286, 302, 317, 336, 354, 379, 388, 389, 398, 399, 400, 425, 454, 458, 463, 475, 487, 498, 499, 512, 530, 531, 532, 533, 534, 536, 573, 578, 579, 580, 581, 582, 583, 584, 589, 596, 598, 601, 605, 617, 620, 624, 646, 653, 658, 660, 662, 668, 689, 694, 702, 724, 725, 745, 760, 775, 793, 809, 829, 838, 839, 848, 849, 877, 901, 903, 905, 910, 923]","[107, 108, 109, 110, 578, 579, 580, 584]",6/6 successful match,True,"[274, 275, 276]",True,125,False,,0.7545454545454545,False,Out West Food & Fuel # 12 ( Shell ),Shell
Monticello ( 84535 ) 7 - Eleven ( Shell ),7 435-587-2555 US 191 & US 491,"24 "" M O",Monticello,84535,7 - Eleven ( Shell ),435-587-2555,2016,Monticello,UT,Eleven,,US 191 & US 491,empty,,False,,False,US 191,US 491,,,,"[398, 903]","[398, 406, 438, 855, 889, 903]","[398, 406, 438, 855, 889, 903]",[],"[398, 399, 400, 401, 402, 403, 404, 405, 406, 407, 408, 409, 410, 411, 412, 413, 414, 415, 416, 417, 418, 419, 420, 421, 422, 423, 424, 425, 426, 427, 428, 429, 430, 431, 432, 433, 434, 435, 436, 437, 438, 439, 440, 441, 442, 443, 444, 445, 446, 447, 448, 449, 450, 451, 452, 453, 454, 455, 456, 457, 458, 459, 460, 461, 462, 463, 464, 465, 466, 467, 468, 469, 470, 471, 472, 473, 474, 475, 476, 477, 478, 479, 480, 481, 482, 483, 484, 848, 849, 850, 851, 852, 853, 854, 855, 856, 857, 858, 859, 860, 861, 862, 863, 864, 865, 866, 867, 868, 869, 870, 871, 872, 873, 874, 875, 876, 877, 878, 879, 880, 881, 882, 883, 884, 885, 886, 887, 888, 889, 890, 891, 892, 893, 894, 895, 896, 897, 898, 899, 900, 901, 902, 903, 904, 905, 906, 907, 908, 909, 910, 911, 912, 913, 914, 915, 916, 917, 918, 919, 920, 921, 922, 923, 924, 925, 926, 927, 928, 929, 930, 931, 932, 933, 934, 935]","[4, 398, 400, 404, 406, 438, 453, 459, 483, 484, 490, 849, 853, 855, 889, 900, 903, 906, 934, 935]","[107, 108, 109, 110, 578, 579, 580, 584]","[1, 13, 14, 29, 54, 55, 56, 57, 58, 60, 102, 107, 108, 109, 110, 111, 112, 113, 118, 125, 127, 130, 134, 146, 149, 153, 175, 182, 187, 189, 191, 197, 225, 230, 238, 264, 265, 266, 286, 302, 317, 336, 354, 379, 388, 389, 398, 399, 400, 425, 454, 458, 463, 475, 487, 498, 499, 512, 530, 531, 532, 533, 534, 536, 573, 578, 579, 580, 581, 582, 583, 584, 589, 596, 598, 601, 605, 617, 620, 624, 646, 653, 658, 660, 662, 668, 689, 694, 702, 724, 725, 745, 760, 775, 793, 809, 829, 838, 839, 848, 849, 877, 901, 903, 905, 910, 923]","[512, 916, 1, 4, 917, 918, 13, 14, 919, 530, 531, 532, 920, 533, 534, 536, 921, 29, 922, 923, 388, 924, 925, 926, 54, 55, 927, 56, 57, 58, 60, 573, 928, 389, 578, 929, 579, 580, 581, 582, 930, 584, 583, 931, 589, 932, 596, 598, 933, 601, 934, 605, 935, 102, 617, 107, 108, 109, 110, 111, 112, 113, 620, 624, 118, 125, 127, 130, 134, 646, 653, 146, 658, 660, 149, 662, 153, 336, 668, 175, 689, 182, 694, 187, 189, 702, 191, 197, 724, 725, 225, 230, 745, 238, 354, 760, 775, 264, 265, 266, 793, 286, 809, 302, 317, 829, 379, 838, 839, 848, 849, 850, 851, 852, 853, 854, 855, 856, 857, 858, 859, 860, 861, 862, 863, 864, 865, 866, 867, 868, 869, 870, 871, 872, 873, 874, 875, 876, 877, 878, 879, 880, 881, 882, 883, 884, 885, 886, 887, 888, 889, 890, 891, 892, 893, 894, 895, 896, 897, 898, 899, 900, 901, 902, 903, 904, 905, 906, 907, 908, 909, 398, 399, 400, 401, 402, 403, 404, 405, 406, 407, 408, 409, 410, 411, 412, 413, 414, 415, 416, 417, 418, 419, 420, 421, 422, 423, 424, 425, 426, 427, 428, 429, 430, 431, 432, 433, 434, 435, 436, 437, 438, 439, 440, 441, 442, 443, 444, 445, 446, 447, 448, 449, 450, 451, 452, 453, 454, 455, 456, 457, 458, 459, 460, 461, 462, 463, 464, 465, 466, 467, 468, 469, 470, 471, 472, 473, 474, 475, 476, 477, 478, 479, 480, 481, 482, 483, 484, 910, 487, 911, 490, 912, 913, 498, 499, 914, 915]",True,"[398, 406, 438, 855, 889, 903]","[398, 399, 400, 401, 402, 403, 404, 405, 406, 407, 408, 409, 410, 411, 412, 413, 414, 415, 416, 417, 418, 419, 420, 421, 422, 423, 424, 425, 426, 427, 428, 429, 430, 431, 432, 433, 434, 435, 436, 437, 438, 439, 440, 441, 442, 443, 444, 445, 446, 447, 448, 449, 450, 451, 452, 453, 454, 455, 456, 457, 458, 459, 460, 461, 462, 463, 464, 465, 466, 467, 468, 469, 470, 471, 472, 473, 474, 475, 476, 477, 478, 479, 480, 481, 482, 483, 484, 848, 849, 850, 851, 852, 853, 854, 855, 856, 857, 858, 859, 860, 861, 862, 863, 864, 865, 866, 867, 868, 869, 870, 871, 872, 873, 874, 875, 876, 877, 878, 879, 880, 881, 882, 883, 884, 885, 886, 887, 888, 889, 890, 891, 892, 893, 894, 895, 896, 897, 898, 899, 900, 901, 902, 903, 904, 905, 906, 907, 908, 909, 910, 911, 912, 913, 914, 915, 916, 917, 918, 919, 920, 921, 922, 923, 924, 925, 926, 927, 928, 929, 930, 931, 932, 933, 934, 935]","[398, 406, 438, 855, 889, 903]",[],"[4, 398, 400, 404, 406, 438, 453, 459, 483, 484, 490, 849, 853, 855, 889, 900, 903, 906, 934, 935]","[1, 13, 14, 29, 54, 55, 56, 57, 58, 60, 102, 107, 108, 109, 110, 111, 112, 113, 118, 125, 127, 130, 134, 146, 149, 153, 175, 182, 187, 189, 191, 197, 225, 230, 238, 264, 265, 266, 286, 302, 317, 336, 354, 379, 388, 389, 398, 399, 400, 425, 454, 458, 463, 475, 487, 498, 499, 512, 530, 531, 532, 533, 534, 536, 573, 578, 579, 580, 581, 582, 583, 584, 589, 596, 598, 601, 605, 617, 620, 624, 646, 653, 658, 660, 662, 668, 689, 694, 702, 724, 725, 745, 760, 775, 793, 809, 829, 838, 839, 848, 849, 877, 901, 903, 905, 910, 923]","[107, 108, 109, 110, 578, 579, 580, 584]",6/6 successful match,True,"[274, 275, 276]",True,125,False,,1.0,True,7 - Eleven ( Shell ),Eleven
"F Delta , 84624 Hart's Fuel Stop ( 66 )",435-864-4671 US 6 & US 50,,Delta,84624,Hart's Fuel Stop ( 66 ),435-864-4671,2006,Delta,UT,,,US 6 & US 50,empty,,False,,False,US 6,US 50,,,,"[856, 407]","[407, 856]","[407, 856]",[],"[398, 399, 400, 401, 402, 403, 404, 405, 406, 407, 408, 409, 410, 411, 412, 413, 414, 415, 416, 417, 418, 419, 420, 421, 422, 423, 424, 425, 426, 427, 428, 429, 430, 431, 432, 433, 434, 435, 436, 437, 438, 439, 440, 441, 442, 443, 444, 445, 446, 447, 448, 449, 450, 451, 452, 453, 454, 455, 456, 457, 458, 459, 460, 461, 462, 463, 464, 465, 466, 467, 468, 469, 470, 471, 472, 473, 474, 475, 476, 477, 478, 479, 480, 481, 482, 483, 484, 848, 849, 850, 851, 852, 853, 854, 855, 856, 857, 858, 859, 860, 861, 862, 863, 864, 865, 866, 867, 868, 869, 870, 871, 872, 873, 874, 875, 876, 877, 878, 879, 880, 881, 882, 883, 884, 885, 886, 887, 888, 889, 890, 891, 892, 893, 894, 895, 896, 897, 898, 899, 900, 901, 902, 903, 904, 905, 906, 907, 908, 909, 910, 911, 912, 913, 914, 915, 916, 917, 918, 919, 920, 921, 922, 923, 924, 925, 926, 927, 928, 929, 930, 931, 932, 933, 934, 935]","[180, 268, 285, 347, 353, 360, 372, 386, 407, 453, 467, 651, 727, 744, 802, 808, 822, 836, 856, 900, 914]",[],"[401, 402, 424, 427, 464, 469, 850, 851, 876, 879, 911, 916]","[916, 917, 918, 919, 920, 921, 922, 923, 924, 925, 926, 927, 928, 929, 930, 931, 932, 933, 934, 935, 651, 372, 180, 347, 727, 744, 353, 268, 360, 285, 802, 808, 822, 836, 848, 849, 850, 851, 852, 853, 854, 855, 856, 857, 858, 859, 860, 861, 862, 863, 864, 865, 866, 867, 868, 869, 870, 871, 872, 873, 874, 875, 876, 877, 878, 879, 880, 881, 882, 883, 884, 885, 886, 887, 888, 889, 890, 891, 892, 893, 894, 895, 896, 897, 898, 899, 900, 901, 902, 903, 904, 905, 906, 907, 908, 909, 398, 399, 400, 401, 402, 403, 404, 405, 406, 407, 408, 409, 410, 411, 412, 413, 414, 415, 416, 417, 418, 419, 420, 421, 422, 423, 424, 425, 426, 427, 428, 429, 430, 431, 432, 433, 434, 435, 436, 437, 438, 439, 440, 441, 442, 443, 444, 445, 446, 447, 448, 449, 450, 451, 452, 453, 454, 455, 456, 457, 458, 459, 460, 461, 462, 463, 464, 465, 466, 467, 468, 469, 470, 471, 472, 473, 474, 475, 476, 477, 478, 479, 480, 481, 482, 483, 484, 910, 911, 912, 913, 386, 914, 915]",True,"[407, 856]","[398, 399, 400, 401, 402, 403, 404, 405, 406, 407, 408, 409, 410, 411, 412, 413, 414, 415, 416, 417, 418, 419, 420, 421, 422, 423, 424, 425, 426, 427, 428, 429, 430, 431, 432, 433, 434, 435, 436, 437, 438, 439, 440, 441, 442, 443, 444, 445, 446, 447, 448, 449, 450, 451, 452, 453, 454, 455, 456, 457, 458, 459, 460, 461, 462, 463, 464, 465, 466, 467, 468, 469, 470, 471, 472, 473, 474, 475, 476, 477, 478, 479, 480, 481, 482, 483, 484, 848, 849, 850, 851, 852, 853, 854, 855, 856, 857, 858, 859, 860, 861, 862, 863, 864, 865, 866, 867, 868, 869, 870, 871, 872, 873, 874, 875, 876, 877, 878, 879, 880, 881, 882, 883, 884, 885, 886, 887, 888, 889, 890, 891, 892, 893, 894, 895, 896, 897, 898, 899, 900, 901, 902, 903, 904, 905, 906, 907, 908, 909, 910, 911, 912, 913, 914, 915, 916, 917, 918, 919, 920, 921, 922, 923, 924, 925, 926, 927, 928, 929, 930, 931, 932, 933, 934, 935]","[407, 856]",[],"[180, 268, 285, 347, 353, 360, 372, 386, 407, 453, 467, 651, 727, 744, 802, 808, 822, 836, 856, 900, 914]","[401, 402, 424, 427, 464, 469, 850, 851, 876, 879, 911, 916]",[],5/6 successful match,True,,False,126,False,,,,,
"F Delta , 84624 Hart's Fuel Stop ( 66 )",435-864-4671 US 6 & US 50,,Delta,84624,Hart's Fuel Stop ( 66 ),435-864-4671,2007,Delta,UT,,,US 6 & US 50,empty,,False,,False,US 6,US 50,,,,"[856, 407]","[407, 856]","[407, 856]",[],"[398, 399, 400, 401, 402, 403, 404, 405, 406, 407, 408, 409, 410, 411, 412, 413, 414, 415, 416, 417, 418, 419, 420, 421, 422, 423, 424, 425, 426, 427, 428, 429, 430, 431, 432, 433, 434, 435, 436, 437, 438, 439, 440, 441, 442, 443, 444, 445, 446, 447, 448, 449, 450, 451, 452, 453, 454, 455, 456, 457, 458, 459, 460, 461, 462, 463, 464, 465, 466, 467, 468, 469, 470, 471, 472, 473, 474, 475, 476, 477, 478, 479, 480, 481, 482, 483, 484, 848, 849, 850, 851, 852, 853, 854, 855, 856, 857, 858, 859, 860, 861, 862, 863, 864, 865, 866, 867, 868, 869, 870, 871, 872, 873, 874, 875, 876, 877, 878, 879, 880, 881, 882, 883, 884, 885, 886, 887, 888, 889, 890, 891, 892, 893, 894, 895, 896, 897, 898, 899, 900, 901, 902, 903, 904, 905, 906, 907, 908, 909, 910, 911, 912, 913, 914, 915, 916, 917, 918, 919, 920, 921, 922, 923, 924, 925, 926, 927, 928, 929, 930, 931, 932, 933, 934, 935]","[180, 268, 285, 347, 353, 360, 372, 386, 407, 453, 467, 651, 727, 744, 802, 808, 822, 836, 856, 900, 914]",[],"[401, 402, 424, 427, 464, 469, 850, 851, 876, 879, 911, 916]","[916, 917, 918, 919, 920, 921, 922, 923, 924, 925, 926, 927, 928, 929, 930, 931, 932, 933, 934, 935, 651, 372, 180, 347, 727, 744, 353, 268, 360, 285, 802, 808, 822, 836, 848, 849, 850, 851, 852, 853, 854, 855, 856, 857, 858, 859, 860, 861, 862, 863, 864, 865, 866, 867, 868, 869, 870, 871, 872, 873, 874, 875, 876, 877, 878, 879, 880, 881, 882, 883, 884, 885, 886, 887, 888, 889, 890, 891, 892, 893, 894, 895, 896, 897, 898, 899, 900, 901, 902, 903, 904, 905, 906, 907, 908, 909, 398, 399, 400, 401, 402, 403, 404, 405, 406, 407, 408, 409, 410, 411, 412, 413, 414, 415, 416, 417, 418, 419, 420, 421, 422, 423, 424, 425, 426, 427, 428, 429, 430, 431, 432, 433, 434, 435, 436, 437, 438, 439, 440, 441, 442, 443, 444, 445, 446, 447, 448, 449, 450, 451, 452, 453, 454, 455, 456, 457, 458, 459, 460, 461, 462, 463, 464, 465, 466, 467, 468, 469, 470, 471, 472, 473, 474, 475, 476, 477, 478, 479, 480, 481, 482, 483, 484, 910, 911, 912, 913, 386, 914, 915]",True,"[407, 856]","[398, 399, 400, 401, 402, 403, 404, 405, 406, 407, 408, 409, 410, 411, 412, 413, 414, 415, 416, 417, 418, 419, 420, 421, 422, 423, 424, 425, 426, 427, 428, 429, 430, 431, 432, 433, 434, 435, 436, 437, 438, 439, 440, 441, 442, 443, 444, 445, 446, 447, 448, 449, 450, 451, 452, 453, 454, 455, 456, 457, 458, 459, 460, 461, 462, 463, 464, 465, 466, 467, 468, 469, 470, 471, 472, 473, 474, 475, 476, 477, 478, 479, 480, 481, 482, 483, 484, 848, 849, 850, 851, 852, 853, 854, 855, 856, 857, 858, 859, 860, 861, 862, 863, 864, 865, 866, 867, 868, 869, 870, 871, 872, 873, 874, 875, 876, 877, 878, 879, 880, 881, 882, 883, 884, 885, 886, 887, 888, 889, 890, 891, 892, 893, 894, 895, 896, 897, 898, 899, 900, 901, 902, 903, 904, 905, 906, 907, 908, 909, 910, 911, 912, 913, 914, 915, 916, 917, 918, 919, 920, 921, 922, 923, 924, 925, 926, 927, 928, 929, 930, 931, 932, 933, 934, 935]","[407, 856]",[],"[180, 268, 285, 347, 353, 360, 372, 386, 407, 453, 467, 651, 727, 744, 802, 808, 822, 836, 856, 900, 914]","[401, 402, 424, 427, 464, 469, 850, 851, 876, 879, 911, 916]",[],5/6 successful match,True,,False,126,False,,1.0,True,Hart's Fuel Stop ( 66 ),
"Delta , 84624 Hart's Fuel Stop ( 66 ) )",435-864-4671 US 6 & US 50,<U+2610> <U+2610> <U+2610> <U+2610>,Delta,84624,Hart's Fuel Stop ( 66 ) ),435-864-4671,2008,Delta,UT,,,US 6 & US 50,empty,,False,,False,US 6,US 50,,,,"[856, 407]","[407, 856]","[407, 856]",[],"[398, 399, 400, 401, 402, 403, 404, 405, 406, 407, 408, 409, 410, 411, 412, 413, 414, 415, 416, 417, 418, 419, 420, 421, 422, 423, 424, 425, 426, 427, 428, 429, 430, 431, 432, 433, 434, 435, 436, 437, 438, 439, 440, 441, 442, 443, 444, 445, 446, 447, 448, 449, 450, 451, 452, 453, 454, 455, 456, 457, 458, 459, 460, 461, 462, 463, 464, 465, 466, 467, 468, 469, 470, 471, 472, 473, 474, 475, 476, 477, 478, 479, 480, 481, 482, 483, 484, 848, 849, 850, 851, 852, 853, 854, 855, 856, 857, 858, 859, 860, 861, 862, 863, 864, 865, 866, 867, 868, 869, 870, 871, 872, 873, 874, 875, 876, 877, 878, 879, 880, 881, 882, 883, 884, 885, 886, 887, 888, 889, 890, 891, 892, 893, 894, 895, 896, 897, 898, 899, 900, 901, 902, 903, 904, 905, 906, 907, 908, 909, 910, 911, 912, 913, 914, 915, 916, 917, 918, 919, 920, 921, 922, 923, 924, 925, 926, 927, 928, 929, 930, 931, 932, 933, 934, 935]","[180, 268, 285, 347, 353, 360, 372, 386, 407, 453, 467, 651, 727, 744, 802, 808, 822, 836, 856, 900, 914]",[],"[401, 402, 424, 427, 464, 469, 850, 851, 876, 879, 911, 916]","[916, 917, 918, 919, 920, 921, 922, 923, 924, 925, 926, 927, 928, 929, 930, 931, 932, 933, 934, 935, 651, 372, 180, 347, 727, 744, 353, 268, 360, 285, 802, 808, 822, 836, 848, 849, 850, 851, 852, 853, 854, 855, 856, 857, 858, 859, 860, 861, 862, 863, 864, 865, 866, 867, 868, 869, 870, 871, 872, 873, 874, 875, 876, 877, 878, 879, 880, 881, 882, 883, 884, 885, 886, 887, 888, 889, 890, 891, 892, 893, 894, 895, 896, 897, 898, 899, 900, 901, 902, 903, 904, 905, 906, 907, 908, 909, 398, 399, 400, 401, 402, 403, 404, 405, 406, 407, 408, 409, 410, 411, 412, 413, 414, 415, 416, 417, 418, 419, 420, 421, 422, 423, 424, 425, 426, 427, 428, 429, 430, 431, 432, 433, 434, 435, 436, 437, 438, 439, 440, 441, 442, 443, 444, 445, 446, 447, 448, 449, 450, 451, 452, 453, 454, 455, 456, 457, 458, 459, 460, 461, 462, 463, 464, 465, 466, 467, 468, 469, 470, 471, 472, 473, 474, 475, 476, 477, 478, 479, 480, 481, 482, 483, 484, 910, 911, 912, 913, 386, 914, 915]",True,"[407, 856]","[398, 399, 400, 401, 402, 403, 404, 405, 406, 407, 408, 409, 410, 411, 412, 413, 414, 415, 416, 417, 418, 419, 420, 421, 422, 423, 424, 425, 426, 427, 428, 429, 430, 431, 432, 433, 434, 435, 436, 437, 438, 439, 440, 441, 442, 443, 444, 445, 446, 447, 448, 449, 450, 451, 452, 453, 454, 455, 456, 457, 458, 459, 460, 461, 462, 463, 464, 465, 466, 467, 468, 469, 470, 471, 472, 473, 474, 475, 476, 477, 478, 479, 480, 481, 482, 483, 484, 848, 849, 850, 851, 852, 853, 854, 855, 856, 857, 858, 859, 860, 861, 862, 863, 864, 865, 866, 867, 868, 869, 870, 871, 872, 873, 874, 875, 876, 877, 878, 879, 880, 881, 882, 883, 884, 885, 886, 887, 888, 889, 890, 891, 892, 893, 894, 895, 896, 897, 898, 899, 900, 901, 902, 903, 904, 905, 906, 907, 908, 909, 910, 911, 912, 913, 914, 915, 916, 917, 918, 919, 920, 921, 922, 923, 924, 925, 926, 927, 928, 929, 930, 931, 932, 933, 934, 935]","[407, 856]",[],"[180, 268, 285, 347, 353, 360, 372, 386, 407, 453, 467, 651, 727, 744, 802, 808, 822, 836, 856, 900, 914]","[401, 402, 424, 427, 464, 469, 850, 851, 876, 879, 911, 916]",[],5/6 successful match,True,,False,126,False,,1.0,True,Hart's Fuel Stop ( 66 ),
Delta ( 84624 ) Hart's Fuel Stop ( 66 ),3 435-864-4671 US 6 & US 50,<U+25A1>,Delta,84624,Hart's Fuel Stop ( 66 ),435-864-4671,2014,Delta,UT,,,US 6 & US 50,empty,,False,,False,US 6,US 50,,,,"[856, 407]","[407, 856]","[407, 856]",[],"[398, 399, 400, 401, 402, 403, 404, 405, 406, 407, 408, 409, 410, 411, 412, 413, 414, 415, 416, 417, 418, 419, 420, 421, 422, 423, 424, 425, 426, 427, 428, 429, 430, 431, 432, 433, 434, 435, 436, 437, 438, 439, 440, 441, 442, 443, 444, 445, 446, 447, 448, 449, 450, 451, 452, 453, 454, 455, 456, 457, 458, 459, 460, 461, 462, 463, 464, 465, 466, 467, 468, 469, 470, 471, 472, 473, 474, 475, 476, 477, 478, 479, 480, 481, 482, 483, 484, 848, 849, 850, 851, 852, 853, 854, 855, 856, 857, 858, 859, 860, 861, 862, 863, 864, 865, 866, 867, 868, 869, 870, 871, 872, 873, 874, 875, 876, 877, 878, 879, 880, 881, 882, 883, 884, 885, 886, 887, 888, 889, 890, 891, 892, 893, 894, 895, 896, 897, 898, 899, 900, 901, 902, 903, 904, 905, 906, 907, 908, 909, 910, 911, 912, 913, 914, 915, 916, 917, 918, 919, 920, 921, 922, 923, 924, 925, 926, 927, 928, 929, 930, 931, 932, 933, 934, 935]","[180, 268, 285, 347, 353, 360, 372, 386, 407, 453, 467, 651, 727, 744, 802, 808, 822, 836, 856, 900, 914]",[],"[401, 402, 424, 427, 464, 469, 850, 851, 876, 879, 911, 916]","[916, 917, 918, 919, 920, 921, 922, 923, 924, 925, 926, 927, 928, 929, 930, 931, 932, 933, 934, 935, 651, 372, 180, 347, 727, 744, 353, 268, 360, 285, 802, 808, 822, 836, 848, 849, 850, 851, 852, 853, 854, 855, 856, 857, 858, 859, 860, 861, 862, 863, 864, 865, 866, 867, 868, 869, 870, 871, 872, 873, 874, 875, 876, 877, 878, 879, 880, 881, 882, 883, 884, 885, 886, 887, 888, 889, 890, 891, 892, 893, 894, 895, 896, 897, 898, 899, 900, 901, 902, 903, 904, 905, 906, 907, 908, 909, 398, 399, 400, 401, 402, 403, 404, 405, 406, 407, 408, 409, 410, 411, 412, 413, 414, 415, 416, 417, 418, 419, 420, 421, 422, 423, 424, 425, 426, 427, 428, 429, 430, 431, 432, 433, 434, 435, 436, 437, 438, 439, 440, 441, 442, 443, 444, 445, 446, 447, 448, 449, 450, 451, 452, 453, 454, 455, 456, 457, 458, 459, 460, 461, 462, 463, 464, 465, 466, 467, 468, 469, 470, 471, 472, 473, 474, 475, 476, 477, 478, 479, 480, 481, 482, 483, 484, 910, 911, 912, 913, 386, 914, 915]",True,"[407, 856]","[398, 399, 400, 401, 402, 403, 404, 405, 406, 407, 408, 409, 410, 411, 412, 413, 414, 415, 416, 417, 418, 419, 420, 421, 422, 423, 424, 425, 426, 427, 428, 429, 430, 431, 432, 433, 434, 435, 436, 437, 438, 439, 440, 441, 442, 443, 444, 445, 446, 447, 448, 449, 450, 451, 452, 453, 454, 455, 456, 457, 458, 459, 460, 461, 462, 463, 464, 465, 466, 467, 468, 469, 470, 471, 472, 473, 474, 475, 476, 477, 478, 479, 480, 481, 482, 483, 484, 848, 849, 850, 851, 852, 853, 854, 855, 856, 857, 858, 859, 860, 861, 862, 863, 864, 865, 866, 867, 868, 869, 870, 871, 872, 873, 874, 875, 876, 877, 878, 879, 880, 881, 882, 883, 884, 885, 886, 887, 888, 889, 890, 891, 892, 893, 894, 895, 896, 897, 898, 899, 900, 901, 902, 903, 904, 905, 906, 907, 908, 909, 910, 911, 912, 913, 914, 915, 916, 917, 918, 919, 920, 921, 922, 923, 924, 925, 926, 927, 928, 929, 930, 931, 932, 933, 934, 935]","[407, 856]",[],"[180, 268, 285, 347, 353, 360, 372, 386, 407, 453, 467, 651, 727, 744, 802, 808, 822, 836, 856, 900, 914]","[401, 402, 424, 427, 464, 469, 850, 851, 876, 879, 911, 916]",[],5/6 successful match,True,,False,126,False,,1.0,True,Hart's Fuel Stop ( 66 ) ),
Delta ( 84624 ) Hart's Fuel Stop,435-864-4671 US 6 & US 50,<U+25A1> <U+2610> <U+2610> <U+25A1> <U+25A1>,Delta,84624,Hart's Fuel Stop,435-864-4671,2015,Delta,UT,,,US 6 & US 50,empty,,False,,False,US 6,US 50,,,,"[856, 407]","[407, 856]","[407, 856]",[],"[398, 399, 400, 401, 402, 403, 404, 405, 406, 407, 408, 409, 410, 411, 412, 413, 414, 415, 416, 417, 418, 419, 420, 421, 422, 423, 424, 425, 426, 427, 428, 429, 430, 431, 432, 433, 434, 435, 436, 437, 438, 439, 440, 441, 442, 443, 444, 445, 446, 447, 448, 449, 450, 451, 452, 453, 454, 455, 456, 457, 458, 459, 460, 461, 462, 463, 464, 465, 466, 467, 468, 469, 470, 471, 472, 473, 474, 475, 476, 477, 478, 479, 480, 481, 482, 483, 484, 848, 849, 850, 851, 852, 853, 854, 855, 856, 857, 858, 859, 860, 861, 862, 863, 864, 865, 866, 867, 868, 869, 870, 871, 872, 873, 874, 875, 876, 877, 878, 879, 880, 881, 882, 883, 884, 885, 886, 887, 888, 889, 890, 891, 892, 893, 894, 895, 896, 897, 898, 899, 900, 901, 902, 903, 904, 905, 906, 907, 908, 909, 910, 911, 912, 913, 914, 915, 916, 917, 918, 919, 920, 921, 922, 923, 924, 925, 926, 927, 928, 929, 930, 931, 932, 933, 934, 935]","[180, 268, 285, 347, 353, 360, 372, 386, 407, 453, 467, 651, 727, 744, 802, 808, 822, 836, 856, 900, 914]",[],[],"[916, 917, 918, 919, 920, 921, 922, 923, 924, 925, 926, 927, 928, 929, 930, 931, 932, 933, 934, 935, 651, 372, 180, 347, 727, 744, 353, 268, 360, 285, 802, 808, 822, 836, 848, 849, 850, 851, 852, 853, 854, 855, 856, 857, 858, 859, 860, 861, 862, 863, 864, 865, 866, 867, 868, 869, 870, 871, 872, 873, 874, 875, 876, 877, 878, 879, 880, 881, 882, 883, 884, 885, 886, 887, 888, 889, 890, 891, 892, 893, 894, 895, 896, 897, 898, 899, 900, 901, 902, 903, 904, 905, 906, 907, 908, 909, 398, 399, 400, 401, 402, 403, 404, 405, 406, 407, 408, 409, 410, 411, 412, 413, 414, 415, 416, 417, 418, 419, 420, 421, 422, 423, 424, 425, 426, 427, 428, 429, 430, 431, 432, 433, 434, 435, 436, 437, 438, 439, 440, 441, 442, 443, 444, 445, 446, 447, 448, 449, 450, 451, 452, 453, 454, 455, 456, 457, 458, 459, 460, 461, 462, 463, 464, 465, 466, 467, 468, 469, 470, 471, 472, 473, 474, 475, 476, 477, 478, 479, 480, 481, 482, 483, 484, 910, 911, 912, 913, 386, 914, 915]",True,"[407, 856]","[398, 399, 400, 401, 402, 403, 404, 405, 406, 407, 408, 409, 410, 411, 412, 413, 414, 415, 416, 417, 418, 419, 420, 421, 422, 423, 424, 425, 426, 427, 428, 429, 430, 431, 432, 433, 434, 435, 436, 437, 438, 439, 440, 441, 442, 443, 444, 445, 446, 447, 448, 449, 450, 451, 452, 453, 454, 455, 456, 457, 458, 459, 460, 461, 462, 463, 464, 465, 466, 467, 468, 469, 470, 471, 472, 473, 474, 475, 476, 477, 478, 479, 480, 481, 482, 483, 484, 848, 849, 850, 851, 852, 853, 854, 855, 856, 857, 858, 859, 860, 861, 862, 863, 864, 865, 866, 867, 868, 869, 870, 871, 872, 873, 874, 875, 876, 877, 878, 879, 880, 881, 882, 883, 884, 885, 886, 887, 888, 889, 890, 891, 892, 893, 894, 895, 896, 897, 898, 899, 900, 901, 902, 903, 904, 905, 906, 907, 908, 909, 910, 911, 912, 913, 914, 915, 916, 917, 918, 919, 920, 921, 922, 923, 924, 925, 926, 927, 928, 929, 930, 931, 932, 933, 934, 935]","[407, 856]",[],"[180, 268, 285, 347, 353, 360, 372, 386, 407, 453, 467, 651, 727, 744, 802, 808, 822, 836, 856, 900, 914]",[],[],7/6 successful match,True,,False,126,False,,0.6461538461538461,True,Hart's Fuel Stop ( 66 ),
F Delta ( 84624 ) Chevron Fuel Stop,435-864-4671 US 6 & US 50,""" S <U+2610> <U+2610> <U+2610>",Delta,84624,Chevron Fuel Stop,435-864-4671,2016,Delta,UT,Chevron,,US 6 & US 50,empty,,False,,False,US 6,US 50,,,,"[856, 407]","[407, 856]","[407, 856]",[],"[398, 399, 400, 401, 402, 403, 404, 405, 406, 407, 408, 409, 410, 411, 412, 413, 414, 415, 416, 417, 418, 419, 420, 421, 422, 423, 424, 425, 426, 427, 428, 429, 430, 431, 432, 433, 434, 435, 436, 437, 438, 439, 440, 441, 442, 443, 444, 445, 446, 447, 448, 449, 450, 451, 452, 453, 454, 455, 456, 457, 458, 459, 460, 461, 462, 463, 464, 465, 466, 467, 468, 469, 470, 471, 472, 473, 474, 475, 476, 477, 478, 479, 480, 481, 482, 483, 484, 848, 849, 850, 851, 852, 853, 854, 855, 856, 857, 858, 859, 860, 861, 862, 863, 864, 865, 866, 867, 868, 869, 870, 871, 872, 873, 874, 875, 876, 877, 878, 879, 880, 881, 882, 883, 884, 885, 886, 887, 888, 889, 890, 891, 892, 893, 894, 895, 896, 897, 898, 899, 900, 901, 902, 903, 904, 905, 906, 907, 908, 909, 910, 911, 912, 913, 914, 915, 916, 917, 918, 919, 920, 921, 922, 923, 924, 925, 926, 927, 928, 929, 930, 931, 932, 933, 934, 935]","[180, 268, 285, 347, 353, 360, 372, 386, 407, 453, 467, 651, 727, 744, 802, 808, 822, 836, 856, 900, 914]","[12, 24, 25, 28, 88, 100, 104, 119, 123, 129, 136, 137, 139, 140, 141, 148, 155, 169, 172, 179, 183, 185, 188, 196, 198, 217, 237, 267, 270, 278, 319, 321, 324, 325, 330, 334, 335, 354, 366, 369, 380, 383, 384, 386, 395, 407, 411, 423, 428, 436, 437, 452, 453, 456, 467, 471, 477, 478, 479, 497, 508, 511, 559, 571, 575, 590, 594, 600, 607, 608, 610, 611, 612, 619, 627, 640, 643, 650, 654, 656, 659, 667, 669, 685, 701, 726, 729, 737, 777, 779, 782, 783, 787, 790, 791, 809, 817, 819, 830, 833, 834, 836, 845, 856, 857, 860, 862, 875, 880, 887, 888, 899, 900, 914, 918, 921, 928, 929, 930]","[12, 24, 25, 28, 88, 100, 104, 119, 123, 129, 136, 137, 139, 140, 141, 148, 155, 169, 172, 179, 183, 185, 188, 196, 198, 217, 237, 267, 270, 278, 319, 321, 324, 325, 330, 334, 335, 354, 366, 369, 380, 383, 384, 386, 395, 407, 411, 423, 428, 436, 437, 452, 453, 456, 467, 471, 477, 478, 479, 497, 508, 511, 559, 571, 575, 590, 594, 600, 607, 608, 610, 611, 612, 619, 627, 640, 643, 650, 654, 656, 659, 667, 669, 685, 701, 726, 729, 737, 777, 779, 782, 783, 787, 790, 791, 809, 817, 819, 830, 833, 834, 836, 845, 856, 857, 860, 862, 875, 880, 887, 888, 899, 900, 914, 918, 921, 928, 929, 930]","[916, 917, 918, 12, 919, 920, 24, 25, 921, 28, 922, 923, 924, 925, 559, 926, 383, 927, 571, 928, 575, 929, 930, 931, 590, 932, 594, 933, 88, 600, 934, 607, 608, 935, 610, 611, 100, 612, 104, 619, 627, 119, 123, 640, 129, 643, 136, 137, 650, 651, 139, 140, 141, 654, 656, 372, 659, 148, 155, 667, 669, 169, 172, 685, 179, 180, 183, 185, 188, 701, 380, 196, 198, 384, 347, 395, 726, 727, 217, 729, 737, 744, 237, 353, 354, 777, 267, 268, 779, 270, 782, 783, 787, 360, 278, 790, 791, 285, 802, 808, 809, 817, 366, 819, 822, 830, 319, 321, 369, 833, 836, 324, 325, 834, 330, 845, 334, 335, 848, 849, 850, 851, 852, 853, 854, 855, 856, 857, 858, 859, 860, 861, 862, 863, 864, 865, 866, 867, 868, 869, 870, 871, 872, 873, 874, 875, 876, 877, 878, 879, 880, 881, 882, 883, 884, 885, 886, 887, 888, 889, 890, 891, 892, 893, 894, 895, 896, 897, 898, 899, 900, 901, 902, 903, 904, 905, 906, 907, 908, 909, 398, 399, 400, 401, 402, 403, 404, 405, 406, 407, 408, 409, 410, 411, 412, 413, 414, 415, 416, 417, 418, 419, 420, 421, 422, 423, 424, 425, 426, 427, 428, 429, 430, 431, 432, 433, 434, 435, 436, 437, 438, 439, 440, 441, 442, 443, 444, 445, 446, 447, 448, 449, 450, 451, 452, 453, 454, 455, 456, 457, 458, 459, 460, 461, 462, 463, 464, 465, 466, 467, 468, 469, 470, 471, 472, 473, 474, 475, 476, 477, 478, 479, 480, 481, 482, 483, 484, 910, 911, 912, 508, 497, 913, 386, 914, 915, 511]",True,"[407, 856]","[398, 399, 400, 401, 402, 403, 404, 405, 406, 407, 408, 409, 410, 411, 412, 413, 414, 415, 416, 417, 418, 419, 420, 421, 422, 423, 424, 425, 426, 427, 428, 429, 430, 431, 432, 433, 434, 435, 436, 437, 438, 439, 440, 441, 442, 443, 444, 445, 446, 447, 448, 449, 450, 451, 452, 453, 454, 455, 456, 457, 458, 459, 460, 461, 462, 463, 464, 465, 466, 467, 468, 469, 470, 471, 472, 473, 474, 475, 476, 477, 478, 479, 480, 481, 482, 483, 484, 848, 849, 850, 851, 852, 853, 854, 855, 856, 857, 858, 859, 860, 861, 862, 863, 864, 865, 866, 867, 868, 869, 870, 871, 872, 873, 874, 875, 876, 877, 878, 879, 880, 881, 882, 883, 884, 885, 886, 887, 888, 889, 890, 891, 892, 893, 894, 895, 896, 897, 898, 899, 900, 901, 902, 903, 904, 905, 906, 907, 908, 909, 910, 911, 912, 913, 914, 915, 916, 917, 918, 919, 920, 921, 922, 923, 924, 925, 926, 927, 928, 929, 930, 931, 932, 933, 934, 935]","[407, 856]",[],"[180, 268, 285, 347, 353, 360, 372, 386, 407, 453, 467, 651, 727, 744, 802, 808, 822, 836, 856, 900, 914]","[12, 24, 25, 28, 88, 100, 104, 119, 123, 129, 136, 137, 139, 140, 141, 148, 155, 169, 172, 179, 183, 185, 188, 196, 198, 217, 237, 267, 270, 278, 319, 321, 324, 325, 330, 334, 335, 354, 366, 369, 380, 383, 384, 386, 395, 407, 411, 423, 428, 436, 437, 452, 453, 456, 467, 471, 477, 478, 479, 497, 508, 511, 559, 571, 575, 590, 594, 600, 607, 608, 610, 611, 612, 619, 627, 640, 643, 650, 654, 656, 659, 667, 669, 685, 701, 726, 729, 737, 777, 779, 782, 783, 787, 790, 791, 809, 817, 819, 830, 833, 834, 836, 845, 856, 857, 860, 862, 875, 880, 887, 888, 899, 900, 914, 918, 921, 928, 929, 930]","[12, 24, 25, 28, 88, 100, 104, 119, 123, 129, 136, 137, 139, 140, 141, 148, 155, 169, 172, 179, 183, 185, 188, 196, 198, 217, 237, 267, 270, 278, 319, 321, 324, 325, 330, 334, 335, 354, 366, 369, 380, 383, 384, 386, 395, 407, 411, 423, 428, 436, 437, 452, 453, 456, 467, 471, 477, 478, 479, 497, 508, 511, 559, 571, 575, 590, 594, 600, 607, 608, 610, 611, 612, 619, 627, 640, 643, 650, 654, 656, 659, 667, 669, 685, 701, 726, 729, 737, 777, 779, 782, 783, 787, 790, 791, 809, 817, 819, 830, 833, 834, 836, 845, 856, 857, 860, 862, 875, 880, 887, 888, 899, 900, 914, 918, 921, 928, 929, 930]",7/6 successful match,True,,False,126,False,,0.36363636363636365,True,Hart's Fuel Stop,
"Fillmore , 84631 Sinclair Retail # 43041",435-743-4823 I-15 Exit 163,HRS 24 M,Fillmore,84631,Sinclair Retail # 43041,435-743-4823,2006,Fillmore,UT,Sinclair,,I-15 Exit 163,Exit,163,False,,False,I-15,,,,,"[888, 437]","[435, 437, 451, 452, 473, 888, 898, 899, 920]","[435, 437, 452, 473, 888, 899, 920]","[45, 435, 437, 525, 888]","[398, 399, 400, 401, 402, 403, 404, 405, 406, 407, 408, 409, 410, 411, 412, 413, 414, 415, 416, 417, 418, 419, 420, 421, 422, 423, 424, 425, 426, 427, 428, 429, 430, 431, 432, 433, 434, 435, 436, 437, 438, 439, 440, 441, 442, 443, 444, 445, 446, 447, 448, 449, 450, 451, 452, 453, 454, 455, 456, 457, 458, 459, 460, 461, 462, 463, 464, 465, 466, 467, 468, 469, 470, 471, 472, 473, 474, 475, 476, 477, 478, 479, 480, 481, 482, 483, 484, 848, 849, 850, 851, 852, 853, 854, 855, 856, 857, 858, 859, 860, 861, 862, 863, 864, 865, 866, 867, 868, 869, 870, 871, 872, 873, 874, 875, 876, 877, 878, 879, 880, 881, 882, 883, 884, 885, 886, 887, 888, 889, 890, 891, 892, 893, 894, 895, 896, 897, 898, 899, 900, 901, 902, 903, 904, 905, 906, 907, 908, 909, 910, 911, 912, 913, 914, 915, 916, 917, 918, 919, 920, 921, 922, 923, 924, 925, 926, 927, 928, 929, 930, 931, 932, 933, 934, 935]","[16, 125, 156, 163, 168, 184, 205, 222, 229, 253, 258, 265, 313, 317, 336, 340, 341, 356, 363, 365, 366, 367, 370, 375, 388, 391, 394, 396, 402, 410, 411, 412, 413, 415, 416, 417, 418, 419, 425, 429, 431, 433, 435, 437, 440, 441, 442, 443, 451, 452, 456, 457, 458, 460, 461, 464, 471, 473, 474, 475, 481, 482, 501, 596, 628, 635, 655, 675, 693, 716, 720, 725, 771, 775, 793, 796, 797, 811, 817, 818, 820, 825, 838, 841, 844, 846, 851, 857, 861, 862, 863, 864, 866, 867, 868, 870, 871, 877, 881, 883, 885, 888, 891, 892, 893, 898, 899, 904, 905, 907, 908, 911, 918, 920, 921, 922, 923, 924, 926, 931, 933]","[31, 142, 147, 180, 338, 352, 367, 387, 403, 405, 408, 410, 455, 465, 466, 468, 470, 472, 473, 483, 484, 514, 613, 618, 651, 794, 807, 837, 852, 854, 858, 861, 902, 912, 913, 915, 917, 919, 920, 931, 934, 935]","[31, 142, 147, 180, 338, 352, 367, 387, 403, 405, 408, 410, 455, 465, 466, 468, 470, 472, 473, 483, 484, 514, 613, 618, 651, 794, 807, 837, 852, 854, 858, 861, 902, 912, 913, 915, 917, 919, 920, 931, 934, 935]","[916, 514, 917, 918, 525, 387, 919, 16, 921, 922, 31, 923, 388, 924, 45, 925, 926, 927, 928, 929, 930, 931, 932, 596, 933, 934, 935, 613, 618, 391, 628, 635, 125, 651, 142, 655, 147, 336, 156, 163, 675, 338, 168, 340, 341, 693, 180, 184, 394, 716, 205, 720, 725, 375, 222, 229, 352, 396, 253, 356, 258, 771, 775, 265, 793, 794, 796, 797, 363, 807, 811, 365, 817, 366, 818, 820, 367, 313, 825, 317, 837, 370, 838, 841, 844, 846, 848, 849, 850, 851, 852, 853, 854, 855, 856, 857, 858, 859, 860, 861, 862, 863, 864, 865, 866, 867, 868, 869, 870, 871, 872, 873, 874, 875, 876, 877, 878, 879, 880, 881, 882, 883, 884, 885, 886, 887, 888, 889, 890, 891, 892, 893, 894, 895, 896, 897, 898, 899, 900, 901, 902, 903, 904, 905, 906, 907, 908, 909, 398, 399, 400, 401, 402, 403, 404, 405, 406, 407, 920, 408, 409, 410, 411, 412, 413, 414, 415, 416, 417, 418, 419, 420, 421, 422, 423, 424, 425, 426, 427, 428, 429, 430, 431, 432, 433, 435, 434, 437, 436, 438, 439, 440, 441, 442, 443, 444, 445, 446, 447, 448, 449, 451, 452, 450, 453, 454, 455, 456, 457, 458, 459, 460, 461, 462, 463, 464, 465, 466, 467, 468, 469, 470, 471, 473, 472, 474, 475, 476, 477, 478, 479, 480, 481, 482, 483, 484, 910, 911, 912, 913, 501, 914, 915]",True,"[435, 437, 451, 452, 473, 888, 898, 899, 920]","[398, 399, 400, 401, 402, 403, 404, 405, 406, 407, 408, 409, 410, 411, 412, 413, 414, 415, 416, 417, 418, 419, 420, 421, 422, 423, 424, 425, 426, 427, 428, 429, 430, 431, 432, 433, 434, 435, 436, 437, 438, 439, 440, 441, 442, 443, 444, 445, 446, 447, 448, 449, 450, 451, 452, 453, 454, 455, 456, 457, 458, 459, 460, 461, 462, 463, 464, 465, 466, 467, 468, 469, 470, 471, 472, 473, 474, 475, 476, 477, 478, 479, 480, 481, 482, 483, 484, 848, 849, 850, 851, 852, 853, 854, 855, 856, 857, 858, 859, 860, 861, 862, 863, 864, 865, 866, 867, 868, 869, 870, 871, 872, 873, 874, 875, 876, 877, 878, 879, 880, 881, 882, 883, 884, 885, 886, 887, 888, 889, 890, 891, 892, 893, 894, 895, 896, 897, 898, 899, 900, 901, 902, 903, 904, 905, 906, 907, 908, 909, 910, 911, 912, 913, 914, 915, 916, 917, 918, 919, 920, 921, 922, 923, 924, 925, 926, 927, 928, 929, 930, 931, 932, 933, 934, 935]","[435, 437, 452, 473, 888, 899, 920]","[45, 435, 437, 525, 888]","[16, 125, 156, 163, 168, 184, 205, 222, 229, 253, 258, 265, 313, 317, 336, 340, 341, 356, 363, 365, 366, 367, 370, 375, 388, 391, 394, 396, 402, 410, 411, 412, 413, 415, 416, 417, 418, 419, 425, 429, 431, 433, 435, 437, 440, 441, 442, 443, 451, 452, 456, 457, 458, 460, 461, 464, 471, 473, 474, 475, 481, 482, 501, 596, 628, 635, 655, 675, 693, 716, 720, 725, 771, 775, 793, 796, 797, 811, 817, 818, 820, 825, 838, 841, 844, 846, 851, 857, 861, 862, 863, 864, 866, 867, 868, 870, 871, 877, 881, 883, 885, 888, 891, 892, 893, 898, 899, 904, 905, 907, 908, 911, 918, 920, 921, 922, 923, 924, 926, 931, 933]","[31, 142, 147, 180, 338, 352, 367, 387, 403, 405, 408, 410, 455, 465, 466, 468, 470, 472, 473, 483, 484, 514, 613, 618, 651, 794, 807, 837, 852, 854, 858, 861, 902, 912, 913, 915, 917, 919, 920, 931, 934, 935]","[31, 142, 147, 180, 338, 352, 367, 387, 403, 405, 408, 410, 455, 465, 466, 468, 470, 472, 473, 483, 484, 514, 613, 618, 651, 794, 807, 837, 852, 854, 858, 861, 902, 912, 913, 915, 917, 919, 920, 931, 934, 935]",7/6 successful match,True,[1],True,127,False,,,,,
"Fillmore , 84631 Sunmart ( Texaco )",435-743-4823 I-15 Exit 163,HRS 24  D,Fillmore,84631,Sunmart ( Texaco ),435-743-4823,2007,Fillmore,UT,Texaco,,I-15 Exit 163,Exit,163,False,,False,I-15,,,,,"[888, 437]","[435, 437, 451, 452, 473, 888, 898, 899, 920]","[435, 437, 452, 473, 888, 899, 920]","[45, 435, 437, 525, 888]","[398, 399, 400, 401, 402, 403, 404, 405, 406, 407, 408, 409, 410, 411, 412, 413, 414, 415, 416, 417, 418, 419, 420, 421, 422, 423, 424, 425, 426, 427, 428, 429, 430, 431, 432, 433, 434, 435, 436, 437, 438, 439, 440, 441, 442, 443, 444, 445, 446, 447, 448, 449, 450, 451, 452, 453, 454, 455, 456, 457, 458, 459, 460, 461, 462, 463, 464, 465, 466, 467, 468, 469, 470, 471, 472, 473, 474, 475, 476, 477, 478, 479, 480, 481, 482, 483, 484, 848, 849, 850, 851, 852, 853, 854, 855, 856, 857, 858, 859, 860, 861, 862, 863, 864, 865, 866, 867, 868, 869, 870, 871, 872, 873, 874, 875, 876, 877, 878, 879, 880, 881, 882, 883, 884, 885, 886, 887, 888, 889, 890, 891, 892, 893, 894, 895, 896, 897, 898, 899, 900, 901, 902, 903, 904, 905, 906, 907, 908, 909, 910, 911, 912, 913, 914, 915, 916, 917, 918, 919, 920, 921, 922, 923, 924, 925, 926, 927, 928, 929, 930, 931, 932, 933, 934, 935]","[16, 125, 156, 163, 168, 184, 205, 222, 229, 253, 258, 265, 313, 317, 336, 340, 341, 356, 363, 365, 366, 367, 370, 375, 388, 391, 394, 396, 402, 410, 411, 412, 413, 415, 416, 417, 418, 419, 425, 429, 431, 433, 435, 437, 440, 441, 442, 443, 451, 452, 456, 457, 458, 460, 461, 464, 471, 473, 474, 475, 481, 482, 501, 596, 628, 635, 655, 675, 693, 716, 720, 725, 771, 775, 793, 796, 797, 811, 817, 818, 820, 825, 838, 841, 844, 846, 851, 857, 861, 862, 863, 864, 866, 867, 868, 870, 871, 877, 881, 883, 885, 888, 891, 892, 893, 898, 899, 904, 905, 907, 908, 911, 918, 920, 921, 922, 923, 924, 926, 931, 933]","[26, 390, 474, 486, 509, 840, 922, 926]","[26, 92, 390, 474, 486, 509, 563, 840, 921, 922, 926]","[916, 917, 918, 525, 919, 16, 921, 26, 922, 923, 388, 924, 45, 925, 926, 563, 927, 928, 929, 930, 931, 932, 596, 933, 390, 934, 92, 935, 391, 628, 635, 125, 655, 336, 156, 163, 675, 168, 340, 341, 693, 184, 394, 716, 205, 720, 725, 375, 222, 229, 396, 253, 356, 258, 771, 775, 265, 793, 796, 797, 363, 811, 365, 817, 366, 818, 820, 367, 313, 825, 317, 370, 838, 840, 841, 844, 846, 848, 849, 850, 851, 852, 853, 854, 855, 856, 857, 858, 859, 860, 861, 862, 863, 864, 865, 866, 867, 868, 869, 870, 871, 872, 873, 874, 875, 876, 877, 878, 879, 880, 881, 882, 883, 884, 885, 886, 887, 888, 889, 890, 891, 892, 893, 894, 895, 896, 897, 898, 899, 900, 901, 902, 903, 904, 905, 906, 907, 908, 909, 398, 399, 400, 401, 402, 403, 404, 405, 406, 407, 920, 408, 409, 410, 411, 412, 413, 414, 415, 416, 417, 418, 419, 420, 421, 422, 423, 424, 425, 426, 427, 428, 429, 430, 431, 432, 433, 435, 434, 437, 436, 438, 439, 440, 441, 442, 443, 444, 445, 446, 447, 448, 449, 451, 452, 450, 453, 454, 455, 456, 457, 458, 459, 460, 461, 462, 463, 464, 465, 466, 467, 468, 469, 470, 471, 473, 472, 474, 475, 476, 477, 478, 479, 480, 481, 482, 483, 484, 910, 486, 911, 912, 913, 501, 914, 915, 509]",True,"[435, 437, 451, 452, 473, 888, 898, 899, 920]","[398, 399, 400, 401, 402, 403, 404, 405, 406, 407, 408, 409, 410, 411, 412, 413, 414, 415, 416, 417, 418, 419, 420, 421, 422, 423, 424, 425, 426, 427, 428, 429, 430, 431, 432, 433, 434, 435, 436, 437, 438, 439, 440, 441, 442, 443, 444, 445, 446, 447, 448, 449, 450, 451, 452, 453, 454, 455, 456, 457, 458, 459, 460, 461, 462, 463, 464, 465, 466, 467, 468, 469, 470, 471, 472, 473, 474, 475, 476, 477, 478, 479, 480, 481, 482, 483, 484, 848, 849, 850, 851, 852, 853, 854, 855, 856, 857, 858, 859, 860, 861, 862, 863, 864, 865, 866, 867, 868, 869, 870, 871, 872, 873, 874, 875, 876, 877, 878, 879, 880, 881, 882, 883, 884, 885, 886, 887, 888, 889, 890, 891, 892, 893, 894, 895, 896, 897, 898, 899, 900, 901, 902, 903, 904, 905, 906, 907, 908, 909, 910, 911, 912, 913, 914, 915, 916, 917, 918, 919, 920, 921, 922, 923, 924, 925, 926, 927, 928, 929, 930, 931, 932, 933, 934, 935]","[435, 437, 452, 473, 888, 899, 920]","[45, 435, 437, 525, 888]","[16, 125, 156, 163, 168, 184, 205, 222, 229, 253, 258, 265, 313, 317, 336, 340, 341, 356, 363, 365, 366, 367, 370, 375, 388, 391, 394, 396, 402, 410, 411, 412, 413, 415, 416, 417, 418, 419, 425, 429, 431, 433, 435, 437, 440, 441, 442, 443, 451, 452, 456, 457, 458, 460, 461, 464, 471, 473, 474, 475, 481, 482, 501, 596, 628, 635, 655, 675, 693, 716, 720, 725, 771, 775, 793, 796, 797, 811, 817, 818, 820, 825, 838, 841, 844, 846, 851, 857, 861, 862, 863, 864, 866, 867, 868, 870, 871, 877, 881, 883, 885, 888, 891, 892, 893, 898, 899, 904, 905, 907, 908, 911, 918, 920, 921, 922, 923, 924, 926, 931, 933]","[26, 92, 390, 474, 486, 509, 563, 840, 921, 922, 926]","[26, 390, 474, 486, 509, 840, 922, 926]",5/6 successful match,True,[1],True,127,True,2007,0.17073170731707318,False,Sinclair Retail # 43041,Sinclair
"Fillmore , 84631 Sunmart # 807 ( Texaco",3 435-743-4823 I-15 Exit 163 ),HRS 24 M,Fillmore,84631,Sunmart # 807 ( Texaco,435-743-4823,2008,Fillmore,UT,Texaco,,I-15 Exit 163 ,Exit,163,False,,False,I-15,,,,,"[888, 437]","[435, 437, 451, 452, 473, 888, 898, 899, 920]","[435, 437, 452, 473, 888, 899, 920]","[45, 435, 437, 525, 888]","[398, 399, 400, 401, 402, 403, 404, 405, 406, 407, 408, 409, 410, 411, 412, 413, 414, 415, 416, 417, 418, 419, 420, 421, 422, 423, 424, 425, 426, 427, 428, 429, 430, 431, 432, 433, 434, 435, 436, 437, 438, 439, 440, 441, 442, 443, 444, 445, 446, 447, 448, 449, 450, 451, 452, 453, 454, 455, 456, 457, 458, 459, 460, 461, 462, 463, 464, 465, 466, 467, 468, 469, 470, 471, 472, 473, 474, 475, 476, 477, 478, 479, 480, 481, 482, 483, 484, 848, 849, 850, 851, 852, 853, 854, 855, 856, 857, 858, 859, 860, 861, 862, 863, 864, 865, 866, 867, 868, 869, 870, 871, 872, 873, 874, 875, 876, 877, 878, 879, 880, 881, 882, 883, 884, 885, 886, 887, 888, 889, 890, 891, 892, 893, 894, 895, 896, 897, 898, 899, 900, 901, 902, 903, 904, 905, 906, 907, 908, 909, 910, 911, 912, 913, 914, 915, 916, 917, 918, 919, 920, 921, 922, 923, 924, 925, 926, 927, 928, 929, 930, 931, 932, 933, 934, 935]","[16, 125, 156, 163, 168, 184, 205, 222, 229, 253, 258, 265, 313, 317, 336, 340, 341, 356, 363, 365, 366, 367, 370, 375, 388, 391, 394, 396, 402, 410, 411, 412, 413, 415, 416, 417, 418, 419, 425, 429, 431, 433, 435, 437, 440, 441, 442, 443, 451, 452, 456, 457, 458, 460, 461, 464, 471, 473, 474, 475, 481, 482, 501, 596, 628, 635, 655, 675, 693, 716, 720, 725, 771, 775, 793, 796, 797, 811, 817, 818, 820, 825, 838, 841, 844, 846, 851, 857, 861, 862, 863, 864, 866, 867, 868, 870, 871, 877, 881, 883, 885, 888, 891, 892, 893, 898, 899, 904, 905, 907, 908, 911, 918, 920, 921, 922, 923, 924, 926, 931, 933]","[26, 390, 474, 486, 509, 840, 922, 926]","[26, 92, 215, 390, 474, 486, 509, 563, 840, 921, 922, 926]","[916, 917, 918, 525, 919, 16, 921, 26, 922, 923, 388, 924, 45, 925, 926, 563, 927, 928, 929, 930, 931, 932, 596, 933, 390, 934, 92, 935, 391, 628, 635, 125, 655, 336, 156, 163, 675, 168, 340, 341, 693, 184, 394, 716, 205, 720, 725, 215, 375, 222, 229, 396, 253, 356, 258, 771, 775, 265, 793, 796, 797, 363, 811, 365, 817, 366, 818, 820, 367, 313, 825, 317, 370, 838, 840, 841, 844, 846, 848, 849, 850, 851, 852, 853, 854, 855, 856, 857, 858, 859, 860, 861, 862, 863, 864, 865, 866, 867, 868, 869, 870, 871, 872, 873, 874, 875, 876, 877, 878, 879, 880, 881, 882, 883, 884, 885, 886, 887, 888, 889, 890, 891, 892, 893, 894, 895, 896, 897, 898, 899, 900, 901, 902, 903, 904, 905, 906, 907, 908, 909, 398, 399, 400, 401, 402, 403, 404, 405, 406, 407, 920, 408, 409, 410, 411, 412, 413, 414, 415, 416, 417, 418, 419, 420, 421, 422, 423, 424, 425, 426, 427, 428, 429, 430, 431, 432, 433, 435, 434, 437, 436, 438, 439, 440, 441, 442, 443, 444, 445, 446, 447, 448, 449, 451, 452, 450, 453, 454, 455, 456, 457, 458, 459, 460, 461, 462, 463, 464, 465, 466, 467, 468, 469, 470, 471, 473, 472, 474, 475, 476, 477, 478, 479, 480, 481, 482, 483, 484, 910, 486, 911, 912, 913, 501, 914, 915, 509]",True,"[435, 437, 451, 452, 473, 888, 898, 899, 920]","[398, 399, 400, 401, 402, 403, 404, 405, 406, 407, 408, 409, 410, 411, 412, 413, 414, 415, 416, 417, 418, 419, 420, 421, 422, 423, 424, 425, 426, 427, 428, 429, 430, 431, 432, 433, 434, 435, 436, 437, 438, 439, 440, 441, 442, 443, 444, 445, 446, 447, 448, 449, 450, 451, 452, 453, 454, 455, 456, 457, 458, 459, 460, 461, 462, 463, 464, 465, 466, 467, 468, 469, 470, 471, 472, 473, 474, 475, 476, 477, 478, 479, 480, 481, 482, 483, 484, 848, 849, 850, 851, 852, 853, 854, 855, 856, 857, 858, 859, 860, 861, 862, 863, 864, 865, 866, 867, 868, 869, 870, 871, 872, 873, 874, 875, 876, 877, 878, 879, 880, 881, 882, 883, 884, 885, 886, 887, 888, 889, 890, 891, 892, 893, 894, 895, 896, 897, 898, 899, 900, 901, 902, 903, 904, 905, 906, 907, 908, 909, 910, 911, 912, 913, 914, 915, 916, 917, 918, 919, 920, 921, 922, 923, 924, 925, 926, 927, 928, 929, 930, 931, 932, 933, 934, 935]","[435, 437, 452, 473, 888, 899, 920]","[45, 435, 437, 525, 888]","[16, 125, 156, 163, 168, 184, 205, 222, 229, 253, 258, 265, 313, 317, 336, 340, 341, 356, 363, 365, 366, 367, 370, 375, 388, 391, 394, 396, 402, 410, 411, 412, 413, 415, 416, 417, 418, 419, 425, 429, 431, 433, 435, 437, 440, 441, 442, 443, 451, 452, 456, 457, 458, 460, 461, 464, 471, 473, 474, 475, 481, 482, 501, 596, 628, 635, 655, 675, 693, 716, 720, 725, 771, 775, 793, 796, 797, 811, 817, 818, 820, 825, 838, 841, 844, 846, 851, 857, 861, 862, 863, 864, 866, 867, 868, 870, 871, 877, 881, 883, 885, 888, 891, 892, 893, 898, 899, 904, 905, 907, 908, 911, 918, 920, 921, 922, 923, 924, 926, 931, 933]","[26, 92, 215, 390, 474, 486, 509, 563, 840, 921, 922, 926]","[26, 390, 474, 486, 509, 840, 922, 926]",5/6 successful match,True,[1],True,127,False,,0.74,True,Sunmart ( Texaco ),Texaco
Fillmore ( 84631 ) Sunmart # 807 ( Texaco ),435-743-4823 I-15 Exit 163,24 M,Fillmore,84631,Sunmart # 807 ( Texaco ),435-743-4823,2014,Fillmore,UT,Texaco,,I-15 Exit 163,Exit,163,False,,False,I-15,,,,,"[888, 437]","[435, 437, 451, 452, 473, 888, 898, 899, 920]","[435, 437, 452, 473, 888, 899, 920]","[45, 435, 437, 525, 888]","[398, 399, 400, 401, 402, 403, 404, 405, 406, 407, 408, 409, 410, 411, 412, 413, 414, 415, 416, 417, 418, 419, 420, 421, 422, 423, 424, 425, 426, 427, 428, 429, 430, 431, 432, 433, 434, 435, 436, 437, 438, 439, 440, 441, 442, 443, 444, 445, 446, 447, 448, 449, 450, 451, 452, 453, 454, 455, 456, 457, 458, 459, 460, 461, 462, 463, 464, 465, 466, 467, 468, 469, 470, 471, 472, 473, 474, 475, 476, 477, 478, 479, 480, 481, 482, 483, 484, 848, 849, 850, 851, 852, 853, 854, 855, 856, 857, 858, 859, 860, 861, 862, 863, 864, 865, 866, 867, 868, 869, 870, 871, 872, 873, 874, 875, 876, 877, 878, 879, 880, 881, 882, 883, 884, 885, 886, 887, 888, 889, 890, 891, 892, 893, 894, 895, 896, 897, 898, 899, 900, 901, 902, 903, 904, 905, 906, 907, 908, 909, 910, 911, 912, 913, 914, 915, 916, 917, 918, 919, 920, 921, 922, 923, 924, 925, 926, 927, 928, 929, 930, 931, 932, 933, 934, 935]","[16, 125, 156, 163, 168, 184, 205, 222, 229, 253, 258, 265, 313, 317, 336, 340, 341, 356, 363, 365, 366, 367, 370, 375, 388, 391, 394, 396, 402, 410, 411, 412, 413, 415, 416, 417, 418, 419, 425, 429, 431, 433, 435, 437, 440, 441, 442, 443, 451, 452, 456, 457, 458, 460, 461, 464, 471, 473, 474, 475, 481, 482, 501, 596, 628, 635, 655, 675, 693, 716, 720, 725, 771, 775, 793, 796, 797, 811, 817, 818, 820, 825, 838, 841, 844, 846, 851, 857, 861, 862, 863, 864, 866, 867, 868, 870, 871, 877, 881, 883, 885, 888, 891, 892, 893, 898, 899, 904, 905, 907, 908, 911, 918, 920, 921, 922, 923, 924, 926, 931, 933]","[26, 390, 474, 486, 509, 840, 922, 926]","[26, 92, 215, 390, 474, 486, 509, 563, 840, 921, 922, 926]","[916, 917, 918, 525, 919, 16, 921, 26, 922, 923, 388, 924, 45, 925, 926, 563, 927, 928, 929, 930, 931, 932, 596, 933, 390, 934, 92, 935, 391, 628, 635, 125, 655, 336, 156, 163, 675, 168, 340, 341, 693, 184, 394, 716, 205, 720, 725, 215, 375, 222, 229, 396, 253, 356, 258, 771, 775, 265, 793, 796, 797, 363, 811, 365, 817, 366, 818, 820, 367, 313, 825, 317, 370, 838, 840, 841, 844, 846, 848, 849, 850, 851, 852, 853, 854, 855, 856, 857, 858, 859, 860, 861, 862, 863, 864, 865, 866, 867, 868, 869, 870, 871, 872, 873, 874, 875, 876, 877, 878, 879, 880, 881, 882, 883, 884, 885, 886, 887, 888, 889, 890, 891, 892, 893, 894, 895, 896, 897, 898, 899, 900, 901, 902, 903, 904, 905, 906, 907, 908, 909, 398, 399, 400, 401, 402, 403, 404, 405, 406, 407, 920, 408, 409, 410, 411, 412, 413, 414, 415, 416, 417, 418, 419, 420, 421, 422, 423, 424, 425, 426, 427, 428, 429, 430, 431, 432, 433, 435, 434, 437, 436, 438, 439, 440, 441, 442, 443, 444, 445, 446, 447, 448, 449, 451, 452, 450, 453, 454, 455, 456, 457, 458, 459, 460, 461, 462, 463, 464, 465, 466, 467, 468, 469, 470, 471, 473, 472, 474, 475, 476, 477, 478, 479, 480, 481, 482, 483, 484, 910, 486, 911, 912, 913, 501, 914, 915, 509]",True,"[435, 437, 451, 452, 473, 888, 898, 899, 920]","[398, 399, 400, 401, 402, 403, 404, 405, 406, 407, 408, 409, 410, 411, 412, 413, 414, 415, 416, 417, 418, 419, 420, 421, 422, 423, 424, 425, 426, 427, 428, 429, 430, 431, 432, 433, 434, 435, 436, 437, 438, 439, 440, 441, 442, 443, 444, 445, 446, 447, 448, 449, 450, 451, 452, 453, 454, 455, 456, 457, 458, 459, 460, 461, 462, 463, 464, 465, 466, 467, 468, 469, 470, 471, 472, 473, 474, 475, 476, 477, 478, 479, 480, 481, 482, 483, 484, 848, 849, 850, 851, 852, 853, 854, 855, 856, 857, 858, 859, 860, 861, 862, 863, 864, 865, 866, 867, 868, 869, 870, 871, 872, 873, 874, 875, 876, 877, 878, 879, 880, 881, 882, 883, 884, 885, 886, 887, 888, 889, 890, 891, 892, 893, 894, 895, 896, 897, 898, 899, 900, 901, 902, 903, 904, 905, 906, 907, 908, 909, 910, 911, 912, 913, 914, 915, 916, 917, 918, 919, 920, 921, 922, 923, 924, 925, 926, 927, 928, 929, 930, 931, 932, 933, 934, 935]","[435, 437, 452, 473, 888, 899, 920]","[45, 435, 437, 525, 888]","[16, 125, 156, 163, 168, 184, 205, 222, 229, 253, 258, 265, 313, 317, 336, 340, 341, 356, 363, 365, 366, 367, 370, 375, 388, 391, 394, 396, 402, 410, 411, 412, 413, 415, 416, 417, 418, 419, 425, 429, 431, 433, 435, 437, 440, 441, 442, 443, 451, 452, 456, 457, 458, 460, 461, 464, 471, 473, 474, 475, 481, 482, 501, 596, 628, 635, 655, 675, 693, 716, 720, 725, 771, 775, 793, 796, 797, 811, 817, 818, 820, 825, 838, 841, 844, 846, 851, 857, 861, 862, 863, 864, 866, 867, 868, 870, 871, 877, 881, 883, 885, 888, 891, 892, 893, 898, 899, 904, 905, 907, 908, 911, 918, 920, 921, 922, 923, 924, 926, 931, 933]","[26, 92, 215, 390, 474, 486, 509, 563, 840, 921, 922, 926]","[26, 390, 474, 486, 509, 840, 922, 926]",5/6 successful match,True,[1],True,127,False,,1.0,True,Sunmart # 807 ( Texaco,Texaco
Fillmore ( 84631 ) Sunmart # 807 ( Texaco ),435-743-4823 I-15 Exit 163,24 5201 MOO,Fillmore,84631,Sunmart # 807 ( Texaco ),435-743-4823,2015,Fillmore,UT,Texaco,,I-15 Exit 163,Exit,163,False,,False,I-15,,,,,"[888, 437]","[435, 437, 451, 452, 473, 888, 898, 899, 920]","[435, 437, 452, 473, 888, 899, 920]","[45, 435, 437, 525, 888]","[398, 399, 400, 401, 402, 403, 404, 405, 406, 407, 408, 409, 410, 411, 412, 413, 414, 415, 416, 417, 418, 419, 420, 421, 422, 423, 424, 425, 426, 427, 428, 429, 430, 431, 432, 433, 434, 435, 436, 437, 438, 439, 440, 441, 442, 443, 444, 445, 446, 447, 448, 449, 450, 451, 452, 453, 454, 455, 456, 457, 458, 459, 460, 461, 462, 463, 464, 465, 466, 467, 468, 469, 470, 471, 472, 473, 474, 475, 476, 477, 478, 479, 480, 481, 482, 483, 484, 848, 849, 850, 851, 852, 853, 854, 855, 856, 857, 858, 859, 860, 861, 862, 863, 864, 865, 866, 867, 868, 869, 870, 871, 872, 873, 874, 875, 876, 877, 878, 879, 880, 881, 882, 883, 884, 885, 886, 887, 888, 889, 890, 891, 892, 893, 894, 895, 896, 897, 898, 899, 900, 901, 902, 903, 904, 905, 906, 907, 908, 909, 910, 911, 912, 913, 914, 915, 916, 917, 918, 919, 920, 921, 922, 923, 924, 925, 926, 927, 928, 929, 930, 931, 932, 933, 934, 935]","[16, 125, 156, 163, 168, 184, 205, 222, 229, 253, 258, 265, 313, 317, 336, 340, 341, 356, 363, 365, 366, 367, 370, 375, 388, 391, 394, 396, 402, 410, 411, 412, 413, 415, 416, 417, 418, 419, 425, 429, 431, 433, 435, 437, 440, 441, 442, 443, 451, 452, 456, 457, 458, 460, 461, 464, 471, 473, 474, 475, 481, 482, 501, 596, 628, 635, 655, 675, 693, 716, 720, 725, 771, 775, 793, 796, 797, 811, 817, 818, 820, 825, 838, 841, 844, 846, 851, 857, 861, 862, 863, 864, 866, 867, 868, 870, 871, 877, 881, 883, 885, 888, 891, 892, 893, 898, 899, 904, 905, 907, 908, 911, 918, 920, 921, 922, 923, 924, 926, 931, 933]","[26, 390, 474, 486, 509, 840, 922, 926]","[26, 92, 215, 390, 474, 486, 509, 563, 840, 921, 922, 926]","[916, 917, 918, 525, 919, 16, 921, 26, 922, 923, 388, 924, 45, 925, 926, 563, 927, 928, 929, 930, 931, 932, 596, 933, 390, 934, 92, 935, 391, 628, 635, 125, 655, 336, 156, 163, 675, 168, 340, 341, 693, 184, 394, 716, 205, 720, 725, 215, 375, 222, 229, 396, 253, 356, 258, 771, 775, 265, 793, 796, 797, 363, 811, 365, 817, 366, 818, 820, 367, 313, 825, 317, 370, 838, 840, 841, 844, 846, 848, 849, 850, 851, 852, 853, 854, 855, 856, 857, 858, 859, 860, 861, 862, 863, 864, 865, 866, 867, 868, 869, 870, 871, 872, 873, 874, 875, 876, 877, 878, 879, 880, 881, 882, 883, 884, 885, 886, 887, 888, 889, 890, 891, 892, 893, 894, 895, 896, 897, 898, 899, 900, 901, 902, 903, 904, 905, 906, 907, 908, 909, 398, 399, 400, 401, 402, 403, 404, 405, 406, 407, 920, 408, 409, 410, 411, 412, 413, 414, 415, 416, 417, 418, 419, 420, 421, 422, 423, 424, 425, 426, 427, 428, 429, 430, 431, 432, 433, 435, 434, 437, 436, 438, 439, 440, 441, 442, 443, 444, 445, 446, 447, 448, 449, 451, 452, 450, 453, 454, 455, 456, 457, 458, 459, 460, 461, 462, 463, 464, 465, 466, 467, 468, 469, 470, 471, 473, 472, 474, 475, 476, 477, 478, 479, 480, 481, 482, 483, 484, 910, 486, 911, 912, 913, 501, 914, 915, 509]",True,"[435, 437, 451, 452, 473, 888, 898, 899, 920]","[398, 399, 400, 401, 402, 403, 404, 405, 406, 407, 408, 409, 410, 411, 412, 413, 414, 415, 416, 417, 418, 419, 420, 421, 422, 423, 424, 425, 426, 427, 428, 429, 430, 431, 432, 433, 434, 435, 436, 437, 438, 439, 440, 441, 442, 443, 444, 445, 446, 447, 448, 449, 450, 451, 452, 453, 454, 455, 456, 457, 458, 459, 460, 461, 462, 463, 464, 465, 466, 467, 468, 469, 470, 471, 472, 473, 474, 475, 476, 477, 478, 479, 480, 481, 482, 483, 484, 848, 849, 850, 851, 852, 853, 854, 855, 856, 857, 858, 859, 860, 861, 862, 863, 864, 865, 866, 867, 868, 869, 870, 871, 872, 873, 874, 875, 876, 877, 878, 879, 880, 881, 882, 883, 884, 885, 886, 887, 888, 889, 890, 891, 892, 893, 894, 895, 896, 897, 898, 899, 900, 901, 902, 903, 904, 905, 906, 907, 908, 909, 910, 911, 912, 913, 914, 915, 916, 917, 918, 919, 920, 921, 922, 923, 924, 925, 926, 927, 928, 929, 930, 931, 932, 933, 934, 935]","[435, 437, 452, 473, 888, 899, 920]","[45, 435, 437, 525, 888]","[16, 125, 156, 163, 168, 184, 205, 222, 229, 253, 258, 265, 313, 317, 336, 340, 341, 356, 363, 365, 366, 367, 370, 375, 388, 391, 394, 396, 402, 410, 411, 412, 413, 415, 416, 417, 418, 419, 425, 429, 431, 433, 435, 437, 440, 441, 442, 443, 451, 452, 456, 457, 458, 460, 461, 464, 471, 473, 474, 475, 481, 482, 501, 596, 628, 635, 655, 675, 693, 716, 720, 725, 771, 775, 793, 796, 797, 811, 817, 818, 820, 825, 838, 841, 844, 846, 851, 857, 861, 862, 863, 864, 866, 867, 868, 870, 871, 877, 881, 883, 885, 888, 891, 892, 893, 898, 899, 904, 905, 907, 908, 911, 918, 920, 921, 922, 923, 924, 926, 931, 933]","[26, 92, 215, 390, 474, 486, 509, 563, 840, 921, 922, 926]","[26, 390, 474, 486, 509, 840, 922, 926]",5/6 successful match,True,[1],True,127,False,,1.0,True,Sunmart # 807 ( Texaco ),Texaco
G Fillmore ( 84631 ) Sunmart # 807 ( Texaco ),3 435-743-4823 I-15 Exit 163,24 MOO O,Fillmore,84631,Sunmart # 807 ( Texaco ),435-743-4823,2016,Fillmore,UT,Texaco,,I-15 Exit 163,Exit,163,False,,False,I-15,,,,,"[888, 437]","[435, 437, 451, 452, 473, 888, 898, 899, 920]","[435, 437, 452, 473, 888, 899, 920]","[45, 435, 437, 525, 888]","[398, 399, 400, 401, 402, 403, 404, 405, 406, 407, 408, 409, 410, 411, 412, 413, 414, 415, 416, 417, 418, 419, 420, 421, 422, 423, 424, 425, 426, 427, 428, 429, 430, 431, 432, 433, 434, 435, 436, 437, 438, 439, 440, 441, 442, 443, 444, 445, 446, 447, 448, 449, 450, 451, 452, 453, 454, 455, 456, 457, 458, 459, 460, 461, 462, 463, 464, 465, 466, 467, 468, 469, 470, 471, 472, 473, 474, 475, 476, 477, 478, 479, 480, 481, 482, 483, 484, 848, 849, 850, 851, 852, 853, 854, 855, 856, 857, 858, 859, 860, 861, 862, 863, 864, 865, 866, 867, 868, 869, 870, 871, 872, 873, 874, 875, 876, 877, 878, 879, 880, 881, 882, 883, 884, 885, 886, 887, 888, 889, 890, 891, 892, 893, 894, 895, 896, 897, 898, 899, 900, 901, 902, 903, 904, 905, 906, 907, 908, 909, 910, 911, 912, 913, 914, 915, 916, 917, 918, 919, 920, 921, 922, 923, 924, 925, 926, 927, 928, 929, 930, 931, 932, 933, 934, 935]","[16, 125, 156, 163, 168, 184, 205, 222, 229, 253, 258, 265, 313, 317, 336, 340, 341, 356, 363, 365, 366, 367, 370, 375, 388, 391, 394, 396, 402, 410, 411, 412, 413, 415, 416, 417, 418, 419, 425, 429, 431, 433, 435, 437, 440, 441, 442, 443, 451, 452, 456, 457, 458, 460, 461, 464, 471, 473, 474, 475, 481, 482, 501, 596, 628, 635, 655, 675, 693, 716, 720, 725, 771, 775, 793, 796, 797, 811, 817, 818, 820, 825, 838, 841, 844, 846, 851, 857, 861, 862, 863, 864, 866, 867, 868, 870, 871, 877, 881, 883, 885, 888, 891, 892, 893, 898, 899, 904, 905, 907, 908, 911, 918, 920, 921, 922, 923, 924, 926, 931, 933]","[26, 390, 474, 486, 509, 840, 922, 926]","[26, 92, 215, 390, 474, 486, 509, 563, 840, 921, 922, 926]","[916, 917, 918, 525, 919, 16, 921, 26, 922, 923, 388, 924, 45, 925, 926, 563, 927, 928, 929, 930, 931, 932, 596, 933, 390, 934, 92, 935, 391, 628, 635, 125, 655, 336, 156, 163, 675, 168, 340, 341, 693, 184, 394, 716, 205, 720, 725, 215, 375, 222, 229, 396, 253, 356, 258, 771, 775, 265, 793, 796, 797, 363, 811, 365, 817, 366, 818, 820, 367, 313, 825, 317, 370, 838, 840, 841, 844, 846, 848, 849, 850, 851, 852, 853, 854, 855, 856, 857, 858, 859, 860, 861, 862, 863, 864, 865, 866, 867, 868, 869, 870, 871, 872, 873, 874, 875, 876, 877, 878, 879, 880, 881, 882, 883, 884, 885, 886, 887, 888, 889, 890, 891, 892, 893, 894, 895, 896, 897, 898, 899, 900, 901, 902, 903, 904, 905, 906, 907, 908, 909, 398, 399, 400, 401, 402, 403, 404, 405, 406, 407, 920, 408, 409, 410, 411, 412, 413, 414, 415, 416, 417, 418, 419, 420, 421, 422, 423, 424, 425, 426, 427, 428, 429, 430, 431, 432, 433, 435, 434, 437, 436, 438, 439, 440, 441, 442, 443, 444, 445, 446, 447, 448, 449, 451, 452, 450, 453, 454, 455, 456, 457, 458, 459, 460, 461, 462, 463, 464, 465, 466, 467, 468, 469, 470, 471, 473, 472, 474, 475, 476, 477, 478, 479, 480, 481, 482, 483, 484, 910, 486, 911, 912, 913, 501, 914, 915, 509]",True,"[435, 437, 451, 452, 473, 888, 898, 899, 920]","[398, 399, 400, 401, 402, 403, 404, 405, 406, 407, 408, 409, 410, 411, 412, 413, 414, 415, 416, 417, 418, 419, 420, 421, 422, 423, 424, 425, 426, 427, 428, 429, 430, 431, 432, 433, 434, 435, 436, 437, 438, 439, 440, 441, 442, 443, 444, 445, 446, 447, 448, 449, 450, 451, 452, 453, 454, 455, 456, 457, 458, 459, 460, 461, 462, 463, 464, 465, 466, 467, 468, 469, 470, 471, 472, 473, 474, 475, 476, 477, 478, 479, 480, 481, 482, 483, 484, 848, 849, 850, 851, 852, 853, 854, 855, 856, 857, 858, 859, 860, 861, 862, 863, 864, 865, 866, 867, 868, 869, 870, 871, 872, 873, 874, 875, 876, 877, 878, 879, 880, 881, 882, 883, 884, 885, 886, 887, 888, 889, 890, 891, 892, 893, 894, 895, 896, 897, 898, 899, 900, 901, 902, 903, 904, 905, 906, 907, 908, 909, 910, 911, 912, 913, 914, 915, 916, 917, 918, 919, 920, 921, 922, 923, 924, 925, 926, 927, 928, 929, 930, 931, 932, 933, 934, 935]","[435, 437, 452, 473, 888, 899, 920]","[45, 435, 437, 525, 888]","[16, 125, 156, 163, 168, 184, 205, 222, 229, 253, 258, 265, 313, 317, 336, 340, 341, 356, 363, 365, 366, 367, 370, 375, 388, 391, 394, 396, 402, 410, 411, 412, 413, 415, 416, 417, 418, 419, 425, 429, 431, 433, 435, 437, 440, 441, 442, 443, 451, 452, 456, 457, 458, 460, 461, 464, 471, 473, 474, 475, 481, 482, 501, 596, 628, 635, 655, 675, 693, 716, 720, 725, 771, 775, 793, 796, 797, 811, 817, 818, 820, 825, 838, 841, 844, 846, 851, 857, 861, 862, 863, 864, 866, 867, 868, 870, 871, 877, 881, 883, 885, 888, 891, 892, 893, 898, 899, 904, 905, 907, 908, 911, 918, 920, 921, 922, 923, 924, 926, 931, 933]","[26, 92, 215, 390, 474, 486, 509, 563, 840, 921, 922, 926]","[26, 390, 474, 486, 509, 840, 922, 926]",5/6 successful match,True,[1],True,127,False,,1.0,True,Sunmart # 807 ( Texaco ),Texaco
"Fillmore , 84631 Miller 66",435-743-6508 I-15 Exit 167,HRS 24 S,Fillmore,84631,Miller 66,435-743-6508,2006,Fillmore,UT,,,I-15 Exit 167,Exit,167,False,,False,I-15,,,,,"[899, 452]","[435, 437, 451, 452, 473, 888, 898, 899, 920]","[435, 437, 452, 473, 888, 899, 920]","[319, 452, 473, 777, 899, 920]","[398, 399, 400, 401, 402, 403, 404, 405, 406, 407, 408, 409, 410, 411, 412, 413, 414, 415, 416, 417, 418, 419, 420, 421, 422, 423, 424, 425, 426, 427, 428, 429, 430, 431, 432, 433, 434, 435, 436, 437, 438, 439, 440, 441, 442, 443, 444, 445, 446, 447, 448, 449, 450, 451, 452, 453, 454, 455, 456, 457, 458, 459, 460, 461, 462, 463, 464, 465, 466, 467, 468, 469, 470, 471, 472, 473, 474, 475, 476, 477, 478, 479, 480, 481, 482, 483, 484, 848, 849, 850, 851, 852, 853, 854, 855, 856, 857, 858, 859, 860, 861, 862, 863, 864, 865, 866, 867, 868, 869, 870, 871, 872, 873, 874, 875, 876, 877, 878, 879, 880, 881, 882, 883, 884, 885, 886, 887, 888, 889, 890, 891, 892, 893, 894, 895, 896, 897, 898, 899, 900, 901, 902, 903, 904, 905, 906, 907, 908, 909, 910, 911, 912, 913, 914, 915, 916, 917, 918, 919, 920, 921, 922, 923, 924, 925, 926, 927, 928, 929, 930, 931, 932, 933, 934, 935]","[16, 125, 156, 163, 168, 184, 205, 222, 229, 253, 258, 265, 313, 317, 336, 340, 341, 356, 363, 365, 366, 367, 370, 375, 388, 391, 394, 396, 402, 410, 411, 412, 413, 415, 416, 417, 418, 419, 425, 429, 431, 433, 435, 437, 440, 441, 442, 443, 451, 452, 456, 457, 458, 460, 461, 464, 471, 473, 474, 475, 481, 482, 501, 596, 628, 635, 655, 675, 693, 716, 720, 725, 771, 775, 793, 796, 797, 811, 817, 818, 820, 825, 838, 841, 844, 846, 851, 857, 861, 862, 863, 864, 866, 867, 868, 870, 871, 877, 881, 883, 885, 888, 891, 892, 893, 898, 899, 904, 905, 907, 908, 911, 918, 920, 921, 922, 923, 924, 926, 931, 933]",[],"[401, 402, 424, 427, 452, 453, 464, 469, 850, 851, 876, 879, 899, 900, 911, 916]","[916, 917, 918, 919, 16, 921, 922, 923, 388, 924, 925, 926, 927, 928, 929, 930, 931, 932, 596, 933, 934, 935, 391, 628, 635, 125, 655, 336, 156, 163, 675, 168, 340, 341, 693, 184, 394, 716, 205, 720, 725, 375, 222, 229, 396, 253, 356, 258, 771, 775, 777, 265, 793, 796, 797, 363, 811, 365, 817, 366, 818, 820, 367, 313, 825, 317, 319, 370, 838, 841, 844, 846, 848, 849, 850, 851, 852, 853, 854, 855, 856, 857, 858, 859, 860, 861, 862, 863, 864, 865, 866, 867, 868, 869, 870, 871, 872, 873, 874, 875, 876, 877, 878, 879, 880, 881, 882, 883, 884, 885, 886, 887, 888, 889, 890, 891, 892, 893, 894, 895, 896, 897, 898, 899, 900, 901, 902, 903, 904, 905, 906, 907, 908, 909, 398, 399, 400, 401, 402, 403, 404, 405, 406, 407, 920, 408, 409, 410, 411, 412, 413, 414, 415, 416, 417, 418, 419, 420, 421, 422, 423, 424, 425, 426, 427, 428, 429, 430, 431, 432, 433, 435, 434, 437, 436, 438, 439, 440, 441, 442, 443, 444, 445, 446, 447, 448, 449, 451, 452, 450, 453, 454, 455, 456, 457, 458, 459, 460, 461, 462, 463, 464, 465, 466, 467, 468, 469, 470, 471, 473, 472, 474, 475, 476, 477, 478, 479, 480, 481, 482, 483, 484, 910, 911, 912, 913, 501, 914, 915]",True,"[435, 437, 451, 452, 473, 888, 898, 899, 920]","[398, 399, 400, 401, 402, 403, 404, 405, 406, 407, 408, 409, 410, 411, 412, 413, 414, 415, 416, 417, 418, 419, 420, 421, 422, 423, 424, 425, 426, 427, 428, 429, 430, 431, 432, 433, 434, 435, 436, 437, 438, 439, 440, 441, 442, 443, 444, 445, 446, 447, 448, 449, 450, 451, 452, 453, 454, 455, 456, 457, 458, 459, 460, 461, 462, 463, 464, 465, 466, 467, 468, 469, 470, 471, 472, 473, 474, 475, 476, 477, 478, 479, 480, 481, 482, 483, 484, 848, 849, 850, 851, 852, 853, 854, 855, 856, 857, 858, 859, 860, 861, 862, 863, 864, 865, 866, 867, 868, 869, 870, 871, 872, 873, 874, 875, 876, 877, 878, 879, 880, 881, 882, 883, 884, 885, 886, 887, 888, 889, 890, 891, 892, 893, 894, 895, 896, 897, 898, 899, 900, 901, 902, 903, 904, 905, 906, 907, 908, 909, 910, 911, 912, 913, 914, 915, 916, 917, 918, 919, 920, 921, 922, 923, 924, 925, 926, 927, 928, 929, 930, 931, 932, 933, 934, 935]","[435, 437, 452, 473, 888, 899, 920]","[319, 452, 473, 777, 899, 920]","[16, 125, 156, 163, 168, 184, 205, 222, 229, 253, 258, 265, 313, 317, 336, 340, 341, 356, 363, 365, 366, 367, 370, 375, 388, 391, 394, 396, 402, 410, 411, 412, 413, 415, 416, 417, 418, 419, 425, 429, 431, 433, 435, 437, 440, 441, 442, 443, 451, 452, 456, 457, 458, 460, 461, 464, 471, 473, 474, 475, 481, 482, 501, 596, 628, 635, 655, 675, 693, 716, 720, 725, 771, 775, 793, 796, 797, 811, 817, 818, 820, 825, 838, 841, 844, 846, 851, 857, 861, 862, 863, 864, 866, 867, 868, 870, 871, 877, 881, 883, 885, 888, 891, 892, 893, 898, 899, 904, 905, 907, 908, 911, 918, 920, 921, 922, 923, 924, 926, 931, 933]","[401, 402, 424, 427, 452, 453, 464, 469, 850, 851, 876, 879, 899, 900, 911, 916]",[],7/6 successful match,True,"[191, 192, 193]",True,128,False,,,,,
"Fillmore , 84631 Miller Chevron",435-743-6508 I-15 Exit 167,HRS,Fillmore,84631,Miller Chevron,435-743-6508,2007,Fillmore,UT,Chevron,,I-15 Exit 167,Exit,167,False,,False,I-15,,,,,"[899, 452]","[435, 437, 451, 452, 473, 888, 898, 899, 920]","[435, 437, 452, 473, 888, 899, 920]","[319, 452, 473, 777, 899, 920]","[398, 399, 400, 401, 402, 403, 404, 405, 406, 407, 408, 409, 410, 411, 412, 413, 414, 415, 416, 417, 418, 419, 420, 421, 422, 423, 424, 425, 426, 427, 428, 429, 430, 431, 432, 433, 434, 435, 436, 437, 438, 439, 440, 441, 442, 443, 444, 445, 446, 447, 448, 449, 450, 451, 452, 453, 454, 455, 456, 457, 458, 459, 460, 461, 462, 463, 464, 465, 466, 467, 468, 469, 470, 471, 472, 473, 474, 475, 476, 477, 478, 479, 480, 481, 482, 483, 484, 848, 849, 850, 851, 852, 853, 854, 855, 856, 857, 858, 859, 860, 861, 862, 863, 864, 865, 866, 867, 868, 869, 870, 871, 872, 873, 874, 875, 876, 877, 878, 879, 880, 881, 882, 883, 884, 885, 886, 887, 888, 889, 890, 891, 892, 893, 894, 895, 896, 897, 898, 899, 900, 901, 902, 903, 904, 905, 906, 907, 908, 909, 910, 911, 912, 913, 914, 915, 916, 917, 918, 919, 920, 921, 922, 923, 924, 925, 926, 927, 928, 929, 930, 931, 932, 933, 934, 935]","[16, 125, 156, 163, 168, 184, 205, 222, 229, 253, 258, 265, 313, 317, 336, 340, 341, 356, 363, 365, 366, 367, 370, 375, 388, 391, 394, 396, 402, 410, 411, 412, 413, 415, 416, 417, 418, 419, 425, 429, 431, 433, 435, 437, 440, 441, 442, 443, 451, 452, 456, 457, 458, 460, 461, 464, 471, 473, 474, 475, 481, 482, 501, 596, 628, 635, 655, 675, 693, 716, 720, 725, 771, 775, 793, 796, 797, 811, 817, 818, 820, 825, 838, 841, 844, 846, 851, 857, 861, 862, 863, 864, 866, 867, 868, 870, 871, 877, 881, 883, 885, 888, 891, 892, 893, 898, 899, 904, 905, 907, 908, 911, 918, 920, 921, 922, 923, 924, 926, 931, 933]","[12, 24, 25, 28, 88, 100, 104, 119, 123, 129, 136, 137, 139, 140, 141, 148, 155, 169, 172, 179, 183, 185, 188, 196, 198, 217, 237, 267, 270, 278, 319, 321, 324, 325, 330, 334, 335, 354, 366, 369, 380, 383, 384, 386, 395, 407, 411, 423, 428, 436, 437, 452, 453, 456, 467, 471, 477, 478, 479, 497, 508, 511, 559, 571, 575, 590, 594, 600, 607, 608, 610, 611, 612, 619, 627, 640, 643, 650, 654, 656, 659, 667, 669, 685, 701, 726, 729, 737, 777, 779, 782, 783, 787, 790, 791, 809, 817, 819, 830, 833, 834, 836, 845, 856, 857, 860, 862, 875, 880, 887, 888, 899, 900, 914, 918, 921, 928, 929, 930]","[12, 24, 25, 28, 88, 100, 104, 119, 123, 129, 136, 137, 139, 140, 141, 148, 155, 169, 172, 179, 183, 185, 188, 196, 198, 217, 237, 267, 270, 278, 319, 321, 324, 325, 330, 334, 335, 354, 366, 369, 380, 383, 384, 386, 395, 407, 411, 423, 428, 436, 437, 452, 453, 456, 467, 471, 477, 478, 479, 497, 508, 511, 559, 571, 575, 590, 594, 600, 607, 608, 610, 611, 612, 619, 627, 640, 643, 650, 654, 656, 659, 667, 669, 685, 701, 726, 729, 737, 777, 779, 782, 783, 787, 790, 791, 809, 817, 819, 830, 833, 834, 836, 845, 856, 857, 860, 862, 875, 880, 887, 888, 899, 900, 914, 918, 921, 928, 929, 930]","[12, 16, 24, 25, 28, 88, 100, 104, 119, 123, 125, 129, 136, 137, 139, 140, 141, 148, 155, 156, 163, 168, 169, 172, 179, 183, 184, 185, 188, 196, 198, 205, 217, 222, 229, 237, 253, 258, 265, 267, 270, 278, 313, 317, 319, 321, 324, 325, 330, 334, 335, 336, 340, 341, 354, 356, 363, 365, 366, 367, 369, 370, 375, 380, 383, 384, 386, 388, 391, 394, 395, 396, 398, 399, 400, 401, 402, 403, 404, 405, 406, 407, 408, 409, 410, 411, 412, 413, 414, 415, 416, 417, 418, 419, 420, 421, 422, 423, 424, 425, 426, 427, 428, 429, 430, 431, 432, 433, 434, 435, 436, 437, 438, 439, 440, 441, 442, 443, 444, 445, 446, 447, 448, 449, 450, 451, 452, 453, 454, 455, 456, 457, 458, 459, 460, 461, 462, 463, 464, 465, 466, 467, 468, 469, 470, 471, 472, 473, 474, 475, 476, 477, 478, 479, 480, 481, 482, 483, 484, 497, 501, 508, 511, 559, 571, 575, 590, 594, 596, 600, 607, 608, 610, 611, 612, 619, 627, 628, 635, 640, 643, 650, 654, 655, 656, 659, 667, 669, 675, 685, 693, 701, 716, 720, 725, 726, 729, 737, 771, 775, 777, 779, 782, 783, 787, 790, 791, 793, 796, 797, 809, 811, 817, 818, 819, 820, 825, 830, 833, 834, 836, 838, 841, 844, 845, 846, 848, 849, 850, 851, 852, 853, 854, 855, 856, 857, 858, 859, 860, 861, 862, 863, 864, 865, 866, 867, 868, 869, 870, 871, 872, 873, 874, 875, 876, 877, 878, 879, 880, 881, 882, 883, 884, 885, 886, 887, 888, 889, 890, 891, 892, 893, 894, 895, 896, 897, 898, 899, 900, 901, 902, 903, 904, 905, 906, 907, 908, 909, 910, 911, 912, 913, 914, 915, 916, 917, 918, 919, 920, 921, 922, 923, 924, 925, 926, 927, 928, 929, 930, 931, 932, 933, 934, 935]",True,"[435, 437, 451, 452, 473, 888, 898, 899, 920]","[398, 399, 400, 401, 402, 403, 404, 405, 406, 407, 408, 409, 410, 411, 412, 413, 414, 415, 416, 417, 418, 419, 420, 421, 422, 423, 424, 425, 426, 427, 428, 429, 430, 431, 432, 433, 434, 435, 436, 437, 438, 439, 440, 441, 442, 443, 444, 445, 446, 447, 448, 449, 450, 451, 452, 453, 454, 455, 456, 457, 458, 459, 460, 461, 462, 463, 464, 465, 466, 467, 468, 469, 470, 471, 472, 473, 474, 475, 476, 477, 478, 479, 480, 481, 482, 483, 484, 848, 849, 850, 851, 852, 853, 854, 855, 856, 857, 858, 859, 860, 861, 862, 863, 864, 865, 866, 867, 868, 869, 870, 871, 872, 873, 874, 875, 876, 877, 878, 879, 880, 881, 882, 883, 884, 885, 886, 887, 888, 889, 890, 891, 892, 893, 894, 895, 896, 897, 898, 899, 900, 901, 902, 903, 904, 905, 906, 907, 908, 909, 910, 911, 912, 913, 914, 915, 916, 917, 918, 919, 920, 921, 922, 923, 924, 925, 926, 927, 928, 929, 930, 931, 932, 933, 934, 935]","[435, 437, 452, 473, 888, 899, 920]","[319, 452, 473, 777, 899, 920]","[16, 125, 156, 163, 168, 184, 205, 222, 229, 253, 258, 265, 313, 317, 336, 340, 341, 356, 363, 365, 366, 367, 370, 375, 388, 391, 394, 396, 402, 410, 411, 412, 413, 415, 416, 417, 418, 419, 425, 429, 431, 433, 435, 437, 440, 441, 442, 443, 451, 452, 456, 457, 458, 460, 461, 464, 471, 473, 474, 475, 481, 482, 501, 596, 628, 635, 655, 675, 693, 716, 720, 725, 771, 775, 793, 796, 797, 811, 817, 818, 820, 825, 838, 841, 844, 846, 851, 857, 861, 862, 863, 864, 866, 867, 868, 870, 871, 877, 881, 883, 885, 888, 891, 892, 893, 898, 899, 904, 905, 907, 908, 911, 918, 920, 921, 922, 923, 924, 926, 931, 933]","[12, 24, 25, 28, 88, 100, 104, 119, 123, 129, 136, 137, 139, 140, 141, 148, 155, 169, 172, 179, 183, 185, 188, 196, 198, 217, 237, 267, 270, 278, 319, 321, 324, 325, 330, 334, 335, 354, 366, 369, 380, 383, 384, 386, 395, 407, 411, 423, 428, 436, 437, 452, 453, 456, 467, 471, 477, 478, 479, 497, 508, 511, 559, 571, 575, 590, 594, 600, 607, 608, 610, 611, 612, 619, 627, 640, 643, 650, 654, 656, 659, 667, 669, 685, 701, 726, 729, 737, 777, 779, 782, 783, 787, 790, 791, 809, 817, 819, 830, 833, 834, 836, 845, 856, 857, 860, 862, 875, 880, 887, 888, 899, 900, 914, 918, 921, 928, 929, 930]","[12, 24, 25, 28, 88, 100, 104, 119, 123, 129, 136, 137, 139, 140, 141, 148, 155, 169, 172, 179, 183, 185, 188, 196, 198, 217, 237, 267, 270, 278, 319, 321, 324, 325, 330, 334, 335, 354, 366, 369, 380, 383, 384, 386, 395, 407, 411, 423, 428, 436, 437, 452, 453, 456, 467, 471, 477, 478, 479, 497, 508, 511, 559, 571, 575, 590, 594, 600, 607, 608, 610, 611, 612, 619, 627, 640, 643, 650, 654, 656, 659, 667, 669, 685, 701, 726, 729, 737, 777, 779, 782, 783, 787, 790, 791, 809, 817, 819, 830, 833, 834, 836, 845, 856, 857, 860, 862, 875, 880, 887, 888, 899, 900, 914, 918, 921, 928, 929, 930]",7/6 successful match,True,"[191, 192, 193]",True,128,False,,0.5826086956521739,True,Miller 66,
"Fillmore , 84631 Miller Chevron",3 435-743-6508 I-15 Exit 167,NRS 24 <U+25A1> S<U+2610><U+2610> <U+2610> <U+2610>,Fillmore,84631,Miller Chevron,435-743-6508,2008,Fillmore,UT,Chevron,,I-15 Exit 167,Exit,167,False,,False,I-15,,,,,"[899, 452]","[435, 437, 451, 452, 473, 888, 898, 899, 920]","[435, 437, 452, 473, 888, 899, 920]","[319, 452, 473, 777, 899, 920]","[398, 399, 400, 401, 402, 403, 404, 405, 406, 407, 408, 409, 410, 411, 412, 413, 414, 415, 416, 417, 418, 419, 420, 421, 422, 423, 424, 425, 426, 427, 428, 429, 430, 431, 432, 433, 434, 435, 436, 437, 438, 439, 440, 441, 442, 443, 444, 445, 446, 447, 448, 449, 450, 451, 452, 453, 454, 455, 456, 457, 458, 459, 460, 461, 462, 463, 464, 465, 466, 467, 468, 469, 470, 471, 472, 473, 474, 475, 476, 477, 478, 479, 480, 481, 482, 483, 484, 848, 849, 850, 851, 852, 853, 854, 855, 856, 857, 858, 859, 860, 861, 862, 863, 864, 865, 866, 867, 868, 869, 870, 871, 872, 873, 874, 875, 876, 877, 878, 879, 880, 881, 882, 883, 884, 885, 886, 887, 888, 889, 890, 891, 892, 893, 894, 895, 896, 897, 898, 899, 900, 901, 902, 903, 904, 905, 906, 907, 908, 909, 910, 911, 912, 913, 914, 915, 916, 917, 918, 919, 920, 921, 922, 923, 924, 925, 926, 927, 928, 929, 930, 931, 932, 933, 934, 935]","[16, 125, 156, 163, 168, 184, 205, 222, 229, 253, 258, 265, 313, 317, 336, 340, 341, 356, 363, 365, 366, 367, 370, 375, 388, 391, 394, 396, 402, 410, 411, 412, 413, 415, 416, 417, 418, 419, 425, 429, 431, 433, 435, 437, 440, 441, 442, 443, 451, 452, 456, 457, 458, 460, 461, 464, 471, 473, 474, 475, 481, 482, 501, 596, 628, 635, 655, 675, 693, 716, 720, 725, 771, 775, 793, 796, 797, 811, 817, 818, 820, 825, 838, 841, 844, 846, 851, 857, 861, 862, 863, 864, 866, 867, 868, 870, 871, 877, 881, 883, 885, 888, 891, 892, 893, 898, 899, 904, 905, 907, 908, 911, 918, 920, 921, 922, 923, 924, 926, 931, 933]","[12, 24, 25, 28, 88, 100, 104, 119, 123, 129, 136, 137, 139, 140, 141, 148, 155, 169, 172, 179, 183, 185, 188, 196, 198, 217, 237, 267, 270, 278, 319, 321, 324, 325, 330, 334, 335, 354, 366, 369, 380, 383, 384, 386, 395, 407, 411, 423, 428, 436, 437, 452, 453, 456, 467, 471, 477, 478, 479, 497, 508, 511, 559, 571, 575, 590, 594, 600, 607, 608, 610, 611, 612, 619, 627, 640, 643, 650, 654, 656, 659, 667, 669, 685, 701, 726, 729, 737, 777, 779, 782, 783, 787, 790, 791, 809, 817, 819, 830, 833, 834, 836, 845, 856, 857, 860, 862, 875, 880, 887, 888, 899, 900, 914, 918, 921, 928, 929, 930]","[12, 24, 25, 28, 88, 100, 104, 119, 123, 129, 136, 137, 139, 140, 141, 148, 155, 169, 172, 179, 183, 185, 188, 196, 198, 217, 237, 267, 270, 278, 319, 321, 324, 325, 330, 334, 335, 354, 366, 369, 380, 383, 384, 386, 395, 407, 411, 423, 428, 436, 437, 452, 453, 456, 467, 471, 477, 478, 479, 497, 508, 511, 559, 571, 575, 590, 594, 600, 607, 608, 610, 611, 612, 619, 627, 640, 643, 650, 654, 656, 659, 667, 669, 685, 701, 726, 729, 737, 777, 779, 782, 783, 787, 790, 791, 809, 817, 819, 830, 833, 834, 836, 845, 856, 857, 860, 862, 875, 880, 887, 888, 899, 900, 914, 918, 921, 928, 929, 930]","[12, 16, 24, 25, 28, 88, 100, 104, 119, 123, 125, 129, 136, 137, 139, 140, 141, 148, 155, 156, 163, 168, 169, 172, 179, 183, 184, 185, 188, 196, 198, 205, 217, 222, 229, 237, 253, 258, 265, 267, 270, 278, 313, 317, 319, 321, 324, 325, 330, 334, 335, 336, 340, 341, 354, 356, 363, 365, 366, 367, 369, 370, 375, 380, 383, 384, 386, 388, 391, 394, 395, 396, 398, 399, 400, 401, 402, 403, 404, 405, 406, 407, 408, 409, 410, 411, 412, 413, 414, 415, 416, 417, 418, 419, 420, 421, 422, 423, 424, 425, 426, 427, 428, 429, 430, 431, 432, 433, 434, 435, 436, 437, 438, 439, 440, 441, 442, 443, 444, 445, 446, 447, 448, 449, 450, 451, 452, 453, 454, 455, 456, 457, 458, 459, 460, 461, 462, 463, 464, 465, 466, 467, 468, 469, 470, 471, 472, 473, 474, 475, 476, 477, 478, 479, 480, 481, 482, 483, 484, 497, 501, 508, 511, 559, 571, 575, 590, 594, 596, 600, 607, 608, 610, 611, 612, 619, 627, 628, 635, 640, 643, 650, 654, 655, 656, 659, 667, 669, 675, 685, 693, 701, 716, 720, 725, 726, 729, 737, 771, 775, 777, 779, 782, 783, 787, 790, 791, 793, 796, 797, 809, 811, 817, 818, 819, 820, 825, 830, 833, 834, 836, 838, 841, 844, 845, 846, 848, 849, 850, 851, 852, 853, 854, 855, 856, 857, 858, 859, 860, 861, 862, 863, 864, 865, 866, 867, 868, 869, 870, 871, 872, 873, 874, 875, 876, 877, 878, 879, 880, 881, 882, 883, 884, 885, 886, 887, 888, 889, 890, 891, 892, 893, 894, 895, 896, 897, 898, 899, 900, 901, 902, 903, 904, 905, 906, 907, 908, 909, 910, 911, 912, 913, 914, 915, 916, 917, 918, 919, 920, 921, 922, 923, 924, 925, 926, 927, 928, 929, 930, 931, 932, 933, 934, 935]",True,"[435, 437, 451, 452, 473, 888, 898, 899, 920]","[398, 399, 400, 401, 402, 403, 404, 405, 406, 407, 408, 409, 410, 411, 412, 413, 414, 415, 416, 417, 418, 419, 420, 421, 422, 423, 424, 425, 426, 427, 428, 429, 430, 431, 432, 433, 434, 435, 436, 437, 438, 439, 440, 441, 442, 443, 444, 445, 446, 447, 448, 449, 450, 451, 452, 453, 454, 455, 456, 457, 458, 459, 460, 461, 462, 463, 464, 465, 466, 467, 468, 469, 470, 471, 472, 473, 474, 475, 476, 477, 478, 479, 480, 481, 482, 483, 484, 848, 849, 850, 851, 852, 853, 854, 855, 856, 857, 858, 859, 860, 861, 862, 863, 864, 865, 866, 867, 868, 869, 870, 871, 872, 873, 874, 875, 876, 877, 878, 879, 880, 881, 882, 883, 884, 885, 886, 887, 888, 889, 890, 891, 892, 893, 894, 895, 896, 897, 898, 899, 900, 901, 902, 903, 904, 905, 906, 907, 908, 909, 910, 911, 912, 913, 914, 915, 916, 917, 918, 919, 920, 921, 922, 923, 924, 925, 926, 927, 928, 929, 930, 931, 932, 933, 934, 935]","[435, 437, 452, 473, 888, 899, 920]","[319, 452, 473, 777, 899, 920]","[16, 125, 156, 163, 168, 184, 205, 222, 229, 253, 258, 265, 313, 317, 336, 340, 341, 356, 363, 365, 366, 367, 370, 375, 388, 391, 394, 396, 402, 410, 411, 412, 413, 415, 416, 417, 418, 419, 425, 429, 431, 433, 435, 437, 440, 441, 442, 443, 451, 452, 456, 457, 458, 460, 461, 464, 471, 473, 474, 475, 481, 482, 501, 596, 628, 635, 655, 675, 693, 716, 720, 725, 771, 775, 793, 796, 797, 811, 817, 818, 820, 825, 838, 841, 844, 846, 851, 857, 861, 862, 863, 864, 866, 867, 868, 870, 871, 877, 881, 883, 885, 888, 891, 892, 893, 898, 899, 904, 905, 907, 908, 911, 918, 920, 921, 922, 923, 924, 926, 931, 933]","[12, 24, 25, 28, 88, 100, 104, 119, 123, 129, 136, 137, 139, 140, 141, 148, 155, 169, 172, 179, 183, 185, 188, 196, 198, 217, 237, 267, 270, 278, 319, 321, 324, 325, 330, 334, 335, 354, 366, 369, 380, 383, 384, 386, 395, 407, 411, 423, 428, 436, 437, 452, 453, 456, 467, 471, 477, 478, 479, 497, 508, 511, 559, 571, 575, 590, 594, 600, 607, 608, 610, 611, 612, 619, 627, 640, 643, 650, 654, 656, 659, 667, 669, 685, 701, 726, 729, 737, 777, 779, 782, 783, 787, 790, 791, 809, 817, 819, 830, 833, 834, 836, 845, 856, 857, 860, 862, 875, 880, 887, 888, 899, 900, 914, 918, 921, 928, 929, 930]","[12, 24, 25, 28, 88, 100, 104, 119, 123, 129, 136, 137, 139, 140, 141, 148, 155, 169, 172, 179, 183, 185, 188, 196, 198, 217, 237, 267, 270, 278, 319, 321, 324, 325, 330, 334, 335, 354, 366, 369, 380, 383, 384, 386, 395, 407, 411, 423, 428, 436, 437, 452, 453, 456, 467, 471, 477, 478, 479, 497, 508, 511, 559, 571, 575, 590, 594, 600, 607, 608, 610, 611, 612, 619, 627, 640, 643, 650, 654, 656, 659, 667, 669, 685, 701, 726, 729, 737, 777, 779, 782, 783, 787, 790, 791, 809, 817, 819, 830, 833, 834, 836, 845, 856, 857, 860, 862, 875, 880, 887, 888, 899, 900, 914, 918, 921, 928, 929, 930]",7/6 successful match,True,"[191, 192, 193]",True,128,False,,1.0,True,Miller Chevron,Chevron
Fillmore ( 84631 ) Miller Chevron,3 435-743-6508 I-15 Exit 167,25 S,Fillmore,84631,Miller Chevron,435-743-6508,2014,Fillmore,UT,Chevron,,I-15 Exit 167,Exit,167,False,,False,I-15,,,,,"[899, 452]","[435, 437, 451, 452, 473, 888, 898, 899, 920]","[435, 437, 452, 473, 888, 899, 920]","[319, 452, 473, 777, 899, 920]","[398, 399, 400, 401, 402, 403, 404, 405, 406, 407, 408, 409, 410, 411, 412, 413, 414, 415, 416, 417, 418, 419, 420, 421, 422, 423, 424, 425, 426, 427, 428, 429, 430, 431, 432, 433, 434, 435, 436, 437, 438, 439, 440, 441, 442, 443, 444, 445, 446, 447, 448, 449, 450, 451, 452, 453, 454, 455, 456, 457, 458, 459, 460, 461, 462, 463, 464, 465, 466, 467, 468, 469, 470, 471, 472, 473, 474, 475, 476, 477, 478, 479, 480, 481, 482, 483, 484, 848, 849, 850, 851, 852, 853, 854, 855, 856, 857, 858, 859, 860, 861, 862, 863, 864, 865, 866, 867, 868, 869, 870, 871, 872, 873, 874, 875, 876, 877, 878, 879, 880, 881, 882, 883, 884, 885, 886, 887, 888, 889, 890, 891, 892, 893, 894, 895, 896, 897, 898, 899, 900, 901, 902, 903, 904, 905, 906, 907, 908, 909, 910, 911, 912, 913, 914, 915, 916, 917, 918, 919, 920, 921, 922, 923, 924, 925, 926, 927, 928, 929, 930, 931, 932, 933, 934, 935]","[16, 125, 156, 163, 168, 184, 205, 222, 229, 253, 258, 265, 313, 317, 336, 340, 341, 356, 363, 365, 366, 367, 370, 375, 388, 391, 394, 396, 402, 410, 411, 412, 413, 415, 416, 417, 418, 419, 425, 429, 431, 433, 435, 437, 440, 441, 442, 443, 451, 452, 456, 457, 458, 460, 461, 464, 471, 473, 474, 475, 481, 482, 501, 596, 628, 635, 655, 675, 693, 716, 720, 725, 771, 775, 793, 796, 797, 811, 817, 818, 820, 825, 838, 841, 844, 846, 851, 857, 861, 862, 863, 864, 866, 867, 868, 870, 871, 877, 881, 883, 885, 888, 891, 892, 893, 898, 899, 904, 905, 907, 908, 911, 918, 920, 921, 922, 923, 924, 926, 931, 933]","[12, 24, 25, 28, 88, 100, 104, 119, 123, 129, 136, 137, 139, 140, 141, 148, 155, 169, 172, 179, 183, 185, 188, 196, 198, 217, 237, 267, 270, 278, 319, 321, 324, 325, 330, 334, 335, 354, 366, 369, 380, 383, 384, 386, 395, 407, 411, 423, 428, 436, 437, 452, 453, 456, 467, 471, 477, 478, 479, 497, 508, 511, 559, 571, 575, 590, 594, 600, 607, 608, 610, 611, 612, 619, 627, 640, 643, 650, 654, 656, 659, 667, 669, 685, 701, 726, 729, 737, 777, 779, 782, 783, 787, 790, 791, 809, 817, 819, 830, 833, 834, 836, 845, 856, 857, 860, 862, 875, 880, 887, 888, 899, 900, 914, 918, 921, 928, 929, 930]","[12, 24, 25, 28, 88, 100, 104, 119, 123, 129, 136, 137, 139, 140, 141, 148, 155, 169, 172, 179, 183, 185, 188, 196, 198, 217, 237, 267, 270, 278, 319, 321, 324, 325, 330, 334, 335, 354, 366, 369, 380, 383, 384, 386, 395, 407, 411, 423, 428, 436, 437, 452, 453, 456, 467, 471, 477, 478, 479, 497, 508, 511, 559, 571, 575, 590, 594, 600, 607, 608, 610, 611, 612, 619, 627, 640, 643, 650, 654, 656, 659, 667, 669, 685, 701, 726, 729, 737, 777, 779, 782, 783, 787, 790, 791, 809, 817, 819, 830, 833, 834, 836, 845, 856, 857, 860, 862, 875, 880, 887, 888, 899, 900, 914, 918, 921, 928, 929, 930]","[12, 16, 24, 25, 28, 88, 100, 104, 119, 123, 125, 129, 136, 137, 139, 140, 141, 148, 155, 156, 163, 168, 169, 172, 179, 183, 184, 185, 188, 196, 198, 205, 217, 222, 229, 237, 253, 258, 265, 267, 270, 278, 313, 317, 319, 321, 324, 325, 330, 334, 335, 336, 340, 341, 354, 356, 363, 365, 366, 367, 369, 370, 375, 380, 383, 384, 386, 388, 391, 394, 395, 396, 398, 399, 400, 401, 402, 403, 404, 405, 406, 407, 408, 409, 410, 411, 412, 413, 414, 415, 416, 417, 418, 419, 420, 421, 422, 423, 424, 425, 426, 427, 428, 429, 430, 431, 432, 433, 434, 435, 436, 437, 438, 439, 440, 441, 442, 443, 444, 445, 446, 447, 448, 449, 450, 451, 452, 453, 454, 455, 456, 457, 458, 459, 460, 461, 462, 463, 464, 465, 466, 467, 468, 469, 470, 471, 472, 473, 474, 475, 476, 477, 478, 479, 480, 481, 482, 483, 484, 497, 501, 508, 511, 559, 571, 575, 590, 594, 596, 600, 607, 608, 610, 611, 612, 619, 627, 628, 635, 640, 643, 650, 654, 655, 656, 659, 667, 669, 675, 685, 693, 701, 716, 720, 725, 726, 729, 737, 771, 775, 777, 779, 782, 783, 787, 790, 791, 793, 796, 797, 809, 811, 817, 818, 819, 820, 825, 830, 833, 834, 836, 838, 841, 844, 845, 846, 848, 849, 850, 851, 852, 853, 854, 855, 856, 857, 858, 859, 860, 861, 862, 863, 864, 865, 866, 867, 868, 869, 870, 871, 872, 873, 874, 875, 876, 877, 878, 879, 880, 881, 882, 883, 884, 885, 886, 887, 888, 889, 890, 891, 892, 893, 894, 895, 896, 897, 898, 899, 900, 901, 902, 903, 904, 905, 906, 907, 908, 909, 910, 911, 912, 913, 914, 915, 916, 917, 918, 919, 920, 921, 922, 923, 924, 925, 926, 927, 928, 929, 930, 931, 932, 933, 934, 935]",True,"[435, 437, 451, 452, 473, 888, 898, 899, 920]","[398, 399, 400, 401, 402, 403, 404, 405, 406, 407, 408, 409, 410, 411, 412, 413, 414, 415, 416, 417, 418, 419, 420, 421, 422, 423, 424, 425, 426, 427, 428, 429, 430, 431, 432, 433, 434, 435, 436, 437, 438, 439, 440, 441, 442, 443, 444, 445, 446, 447, 448, 449, 450, 451, 452, 453, 454, 455, 456, 457, 458, 459, 460, 461, 462, 463, 464, 465, 466, 467, 468, 469, 470, 471, 472, 473, 474, 475, 476, 477, 478, 479, 480, 481, 482, 483, 484, 848, 849, 850, 851, 852, 853, 854, 855, 856, 857, 858, 859, 860, 861, 862, 863, 864, 865, 866, 867, 868, 869, 870, 871, 872, 873, 874, 875, 876, 877, 878, 879, 880, 881, 882, 883, 884, 885, 886, 887, 888, 889, 890, 891, 892, 893, 894, 895, 896, 897, 898, 899, 900, 901, 902, 903, 904, 905, 906, 907, 908, 909, 910, 911, 912, 913, 914, 915, 916, 917, 918, 919, 920, 921, 922, 923, 924, 925, 926, 927, 928, 929, 930, 931, 932, 933, 934, 935]","[435, 437, 452, 473, 888, 899, 920]","[319, 452, 473, 777, 899, 920]","[16, 125, 156, 163, 168, 184, 205, 222, 229, 253, 258, 265, 313, 317, 336, 340, 341, 356, 363, 365, 366, 367, 370, 375, 388, 391, 394, 396, 402, 410, 411, 412, 413, 415, 416, 417, 418, 419, 425, 429, 431, 433, 435, 437, 440, 441, 442, 443, 451, 452, 456, 457, 458, 460, 461, 464, 471, 473, 474, 475, 481, 482, 501, 596, 628, 635, 655, 675, 693, 716, 720, 725, 771, 775, 793, 796, 797, 811, 817, 818, 820, 825, 838, 841, 844, 846, 851, 857, 861, 862, 863, 864, 866, 867, 868, 870, 871, 877, 881, 883, 885, 888, 891, 892, 893, 898, 899, 904, 905, 907, 908, 911, 918, 920, 921, 922, 923, 924, 926, 931, 933]","[12, 24, 25, 28, 88, 100, 104, 119, 123, 129, 136, 137, 139, 140, 141, 148, 155, 169, 172, 179, 183, 185, 188, 196, 198, 217, 237, 267, 270, 278, 319, 321, 324, 325, 330, 334, 335, 354, 366, 369, 380, 383, 384, 386, 395, 407, 411, 423, 428, 436, 437, 452, 453, 456, 467, 471, 477, 478, 479, 497, 508, 511, 559, 571, 575, 590, 594, 600, 607, 608, 610, 611, 612, 619, 627, 640, 643, 650, 654, 656, 659, 667, 669, 685, 701, 726, 729, 737, 777, 779, 782, 783, 787, 790, 791, 809, 817, 819, 830, 833, 834, 836, 845, 856, 857, 860, 862, 875, 880, 887, 888, 899, 900, 914, 918, 921, 928, 929, 930]","[12, 24, 25, 28, 88, 100, 104, 119, 123, 129, 136, 137, 139, 140, 141, 148, 155, 169, 172, 179, 183, 185, 188, 196, 198, 217, 237, 267, 270, 278, 319, 321, 324, 325, 330, 334, 335, 354, 366, 369, 380, 383, 384, 386, 395, 407, 411, 423, 428, 436, 437, 452, 453, 456, 467, 471, 477, 478, 479, 497, 508, 511, 559, 571, 575, 590, 594, 600, 607, 608, 610, 611, 612, 619, 627, 640, 643, 650, 654, 656, 659, 667, 669, 685, 701, 726, 729, 737, 777, 779, 782, 783, 787, 790, 791, 809, 817, 819, 830, 833, 834, 836, 845, 856, 857, 860, 862, 875, 880, 887, 888, 899, 900, 914, 918, 921, 928, 929, 930]",7/6 successful match,True,"[191, 192, 193]",True,128,False,,1.0,True,Miller Chevron,Chevron
Fillmore ( 84631 ) Miller Chevron,3 435-743-6508 I-15 Exit 167,24 S,Fillmore,84631,Miller Chevron,435-743-6508,2015,Fillmore,UT,Chevron,,I-15 Exit 167,Exit,167,False,,False,I-15,,,,,"[899, 452]","[435, 437, 451, 452, 473, 888, 898, 899, 920]","[435, 437, 452, 473, 888, 899, 920]","[319, 452, 473, 777, 899, 920]","[398, 399, 400, 401, 402, 403, 404, 405, 406, 407, 408, 409, 410, 411, 412, 413, 414, 415, 416, 417, 418, 419, 420, 421, 422, 423, 424, 425, 426, 427, 428, 429, 430, 431, 432, 433, 434, 435, 436, 437, 438, 439, 440, 441, 442, 443, 444, 445, 446, 447, 448, 449, 450, 451, 452, 453, 454, 455, 456, 457, 458, 459, 460, 461, 462, 463, 464, 465, 466, 467, 468, 469, 470, 471, 472, 473, 474, 475, 476, 477, 478, 479, 480, 481, 482, 483, 484, 848, 849, 850, 851, 852, 853, 854, 855, 856, 857, 858, 859, 860, 861, 862, 863, 864, 865, 866, 867, 868, 869, 870, 871, 872, 873, 874, 875, 876, 877, 878, 879, 880, 881, 882, 883, 884, 885, 886, 887, 888, 889, 890, 891, 892, 893, 894, 895, 896, 897, 898, 899, 900, 901, 902, 903, 904, 905, 906, 907, 908, 909, 910, 911, 912, 913, 914, 915, 916, 917, 918, 919, 920, 921, 922, 923, 924, 925, 926, 927, 928, 929, 930, 931, 932, 933, 934, 935]","[16, 125, 156, 163, 168, 184, 205, 222, 229, 253, 258, 265, 313, 317, 336, 340, 341, 356, 363, 365, 366, 367, 370, 375, 388, 391, 394, 396, 402, 410, 411, 412, 413, 415, 416, 417, 418, 419, 425, 429, 431, 433, 435, 437, 440, 441, 442, 443, 451, 452, 456, 457, 458, 460, 461, 464, 471, 473, 474, 475, 481, 482, 501, 596, 628, 635, 655, 675, 693, 716, 720, 725, 771, 775, 793, 796, 797, 811, 817, 818, 820, 825, 838, 841, 844, 846, 851, 857, 861, 862, 863, 864, 866, 867, 868, 870, 871, 877, 881, 883, 885, 888, 891, 892, 893, 898, 899, 904, 905, 907, 908, 911, 918, 920, 921, 922, 923, 924, 926, 931, 933]","[12, 24, 25, 28, 88, 100, 104, 119, 123, 129, 136, 137, 139, 140, 141, 148, 155, 169, 172, 179, 183, 185, 188, 196, 198, 217, 237, 267, 270, 278, 319, 321, 324, 325, 330, 334, 335, 354, 366, 369, 380, 383, 384, 386, 395, 407, 411, 423, 428, 436, 437, 452, 453, 456, 467, 471, 477, 478, 479, 497, 508, 511, 559, 571, 575, 590, 594, 600, 607, 608, 610, 611, 612, 619, 627, 640, 643, 650, 654, 656, 659, 667, 669, 685, 701, 726, 729, 737, 777, 779, 782, 783, 787, 790, 791, 809, 817, 819, 830, 833, 834, 836, 845, 856, 857, 860, 862, 875, 880, 887, 888, 899, 900, 914, 918, 921, 928, 929, 930]","[12, 24, 25, 28, 88, 100, 104, 119, 123, 129, 136, 137, 139, 140, 141, 148, 155, 169, 172, 179, 183, 185, 188, 196, 198, 217, 237, 267, 270, 278, 319, 321, 324, 325, 330, 334, 335, 354, 366, 369, 380, 383, 384, 386, 395, 407, 411, 423, 428, 436, 437, 452, 453, 456, 467, 471, 477, 478, 479, 497, 508, 511, 559, 571, 575, 590, 594, 600, 607, 608, 610, 611, 612, 619, 627, 640, 643, 650, 654, 656, 659, 667, 669, 685, 701, 726, 729, 737, 777, 779, 782, 783, 787, 790, 791, 809, 817, 819, 830, 833, 834, 836, 845, 856, 857, 860, 862, 875, 880, 887, 888, 899, 900, 914, 918, 921, 928, 929, 930]","[12, 16, 24, 25, 28, 88, 100, 104, 119, 123, 125, 129, 136, 137, 139, 140, 141, 148, 155, 156, 163, 168, 169, 172, 179, 183, 184, 185, 188, 196, 198, 205, 217, 222, 229, 237, 253, 258, 265, 267, 270, 278, 313, 317, 319, 321, 324, 325, 330, 334, 335, 336, 340, 341, 354, 356, 363, 365, 366, 367, 369, 370, 375, 380, 383, 384, 386, 388, 391, 394, 395, 396, 398, 399, 400, 401, 402, 403, 404, 405, 406, 407, 408, 409, 410, 411, 412, 413, 414, 415, 416, 417, 418, 419, 420, 421, 422, 423, 424, 425, 426, 427, 428, 429, 430, 431, 432, 433, 434, 435, 436, 437, 438, 439, 440, 441, 442, 443, 444, 445, 446, 447, 448, 449, 450, 451, 452, 453, 454, 455, 456, 457, 458, 459, 460, 461, 462, 463, 464, 465, 466, 467, 468, 469, 470, 471, 472, 473, 474, 475, 476, 477, 478, 479, 480, 481, 482, 483, 484, 497, 501, 508, 511, 559, 571, 575, 590, 594, 596, 600, 607, 608, 610, 611, 612, 619, 627, 628, 635, 640, 643, 650, 654, 655, 656, 659, 667, 669, 675, 685, 693, 701, 716, 720, 725, 726, 729, 737, 771, 775, 777, 779, 782, 783, 787, 790, 791, 793, 796, 797, 809, 811, 817, 818, 819, 820, 825, 830, 833, 834, 836, 838, 841, 844, 845, 846, 848, 849, 850, 851, 852, 853, 854, 855, 856, 857, 858, 859, 860, 861, 862, 863, 864, 865, 866, 867, 868, 869, 870, 871, 872, 873, 874, 875, 876, 877, 878, 879, 880, 881, 882, 883, 884, 885, 886, 887, 888, 889, 890, 891, 892, 893, 894, 895, 896, 897, 898, 899, 900, 901, 902, 903, 904, 905, 906, 907, 908, 909, 910, 911, 912, 913, 914, 915, 916, 917, 918, 919, 920, 921, 922, 923, 924, 925, 926, 927, 928, 929, 930, 931, 932, 933, 934, 935]",True,"[435, 437, 451, 452, 473, 888, 898, 899, 920]","[398, 399, 400, 401, 402, 403, 404, 405, 406, 407, 408, 409, 410, 411, 412, 413, 414, 415, 416, 417, 418, 419, 420, 421, 422, 423, 424, 425, 426, 427, 428, 429, 430, 431, 432, 433, 434, 435, 436, 437, 438, 439, 440, 441, 442, 443, 444, 445, 446, 447, 448, 449, 450, 451, 452, 453, 454, 455, 456, 457, 458, 459, 460, 461, 462, 463, 464, 465, 466, 467, 468, 469, 470, 471, 472, 473, 474, 475, 476, 477, 478, 479, 480, 481, 482, 483, 484, 848, 849, 850, 851, 852, 853, 854, 855, 856, 857, 858, 859, 860, 861, 862, 863, 864, 865, 866, 867, 868, 869, 870, 871, 872, 873, 874, 875, 876, 877, 878, 879, 880, 881, 882, 883, 884, 885, 886, 887, 888, 889, 890, 891, 892, 893, 894, 895, 896, 897, 898, 899, 900, 901, 902, 903, 904, 905, 906, 907, 908, 909, 910, 911, 912, 913, 914, 915, 916, 917, 918, 919, 920, 921, 922, 923, 924, 925, 926, 927, 928, 929, 930, 931, 932, 933, 934, 935]","[435, 437, 452, 473, 888, 899, 920]","[319, 452, 473, 777, 899, 920]","[16, 125, 156, 163, 168, 184, 205, 222, 229, 253, 258, 265, 313, 317, 336, 340, 341, 356, 363, 365, 366, 367, 370, 375, 388, 391, 394, 396, 402, 410, 411, 412, 413, 415, 416, 417, 418, 419, 425, 429, 431, 433, 435, 437, 440, 441, 442, 443, 451, 452, 456, 457, 458, 460, 461, 464, 471, 473, 474, 475, 481, 482, 501, 596, 628, 635, 655, 675, 693, 716, 720, 725, 771, 775, 793, 796, 797, 811, 817, 818, 820, 825, 838, 841, 844, 846, 851, 857, 861, 862, 863, 864, 866, 867, 868, 870, 871, 877, 881, 883, 885, 888, 891, 892, 893, 898, 899, 904, 905, 907, 908, 911, 918, 920, 921, 922, 923, 924, 926, 931, 933]","[12, 24, 25, 28, 88, 100, 104, 119, 123, 129, 136, 137, 139, 140, 141, 148, 155, 169, 172, 179, 183, 185, 188, 196, 198, 217, 237, 267, 270, 278, 319, 321, 324, 325, 330, 334, 335, 354, 366, 369, 380, 383, 384, 386, 395, 407, 411, 423, 428, 436, 437, 452, 453, 456, 467, 471, 477, 478, 479, 497, 508, 511, 559, 571, 575, 590, 594, 600, 607, 608, 610, 611, 612, 619, 627, 640, 643, 650, 654, 656, 659, 667, 669, 685, 701, 726, 729, 737, 777, 779, 782, 783, 787, 790, 791, 809, 817, 819, 830, 833, 834, 836, 845, 856, 857, 860, 862, 875, 880, 887, 888, 899, 900, 914, 918, 921, 928, 929, 930]","[12, 24, 25, 28, 88, 100, 104, 119, 123, 129, 136, 137, 139, 140, 141, 148, 155, 169, 172, 179, 183, 185, 188, 196, 198, 217, 237, 267, 270, 278, 319, 321, 324, 325, 330, 334, 335, 354, 366, 369, 380, 383, 384, 386, 395, 407, 411, 423, 428, 436, 437, 452, 453, 456, 467, 471, 477, 478, 479, 497, 508, 511, 559, 571, 575, 590, 594, 600, 607, 608, 610, 611, 612, 619, 627, 640, 643, 650, 654, 656, 659, 667, 669, 685, 701, 726, 729, 737, 777, 779, 782, 783, 787, 790, 791, 809, 817, 819, 830, 833, 834, 836, 845, 856, 857, 860, 862, 875, 880, 887, 888, 899, 900, 914, 918, 921, 928, 929, 930]",7/6 successful match,True,"[191, 192, 193]",True,128,False,,1.0,True,Miller Chevron,Chevron
G Fillmore ( 84631 ) Miller Chevron,435-743-6508 I-15 Exit 167,24 S D,Fillmore,84631,Miller Chevron,435-743-6508,2016,Fillmore,UT,Chevron,,I-15 Exit 167,Exit,167,False,,False,I-15,,,,,"[899, 452]","[435, 437, 451, 452, 473, 888, 898, 899, 920]","[435, 437, 452, 473, 888, 899, 920]","[319, 452, 473, 777, 899, 920]","[398, 399, 400, 401, 402, 403, 404, 405, 406, 407, 408, 409, 410, 411, 412, 413, 414, 415, 416, 417, 418, 419, 420, 421, 422, 423, 424, 425, 426, 427, 428, 429, 430, 431, 432, 433, 434, 435, 436, 437, 438, 439, 440, 441, 442, 443, 444, 445, 446, 447, 448, 449, 450, 451, 452, 453, 454, 455, 456, 457, 458, 459, 460, 461, 462, 463, 464, 465, 466, 467, 468, 469, 470, 471, 472, 473, 474, 475, 476, 477, 478, 479, 480, 481, 482, 483, 484, 848, 849, 850, 851, 852, 853, 854, 855, 856, 857, 858, 859, 860, 861, 862, 863, 864, 865, 866, 867, 868, 869, 870, 871, 872, 873, 874, 875, 876, 877, 878, 879, 880, 881, 882, 883, 884, 885, 886, 887, 888, 889, 890, 891, 892, 893, 894, 895, 896, 897, 898, 899, 900, 901, 902, 903, 904, 905, 906, 907, 908, 909, 910, 911, 912, 913, 914, 915, 916, 917, 918, 919, 920, 921, 922, 923, 924, 925, 926, 927, 928, 929, 930, 931, 932, 933, 934, 935]","[16, 125, 156, 163, 168, 184, 205, 222, 229, 253, 258, 265, 313, 317, 336, 340, 341, 356, 363, 365, 366, 367, 370, 375, 388, 391, 394, 396, 402, 410, 411, 412, 413, 415, 416, 417, 418, 419, 425, 429, 431, 433, 435, 437, 440, 441, 442, 443, 451, 452, 456, 457, 458, 460, 461, 464, 471, 473, 474, 475, 481, 482, 501, 596, 628, 635, 655, 675, 693, 716, 720, 725, 771, 775, 793, 796, 797, 811, 817, 818, 820, 825, 838, 841, 844, 846, 851, 857, 861, 862, 863, 864, 866, 867, 868, 870, 871, 877, 881, 883, 885, 888, 891, 892, 893, 898, 899, 904, 905, 907, 908, 911, 918, 920, 921, 922, 923, 924, 926, 931, 933]","[12, 24, 25, 28, 88, 100, 104, 119, 123, 129, 136, 137, 139, 140, 141, 148, 155, 169, 172, 179, 183, 185, 188, 196, 198, 217, 237, 267, 270, 278, 319, 321, 324, 325, 330, 334, 335, 354, 366, 369, 380, 383, 384, 386, 395, 407, 411, 423, 428, 436, 437, 452, 453, 456, 467, 471, 477, 478, 479, 497, 508, 511, 559, 571, 575, 590, 594, 600, 607, 608, 610, 611, 612, 619, 627, 640, 643, 650, 654, 656, 659, 667, 669, 685, 701, 726, 729, 737, 777, 779, 782, 783, 787, 790, 791, 809, 817, 819, 830, 833, 834, 836, 845, 856, 857, 860, 862, 875, 880, 887, 888, 899, 900, 914, 918, 921, 928, 929, 930]","[12, 24, 25, 28, 88, 100, 104, 119, 123, 129, 136, 137, 139, 140, 141, 148, 155, 169, 172, 179, 183, 185, 188, 196, 198, 217, 237, 267, 270, 278, 319, 321, 324, 325, 330, 334, 335, 354, 366, 369, 380, 383, 384, 386, 395, 407, 411, 423, 428, 436, 437, 452, 453, 456, 467, 471, 477, 478, 479, 497, 508, 511, 559, 571, 575, 590, 594, 600, 607, 608, 610, 611, 612, 619, 627, 640, 643, 650, 654, 656, 659, 667, 669, 685, 701, 726, 729, 737, 777, 779, 782, 783, 787, 790, 791, 809, 817, 819, 830, 833, 834, 836, 845, 856, 857, 860, 862, 875, 880, 887, 888, 899, 900, 914, 918, 921, 928, 929, 930]","[12, 16, 24, 25, 28, 88, 100, 104, 119, 123, 125, 129, 136, 137, 139, 140, 141, 148, 155, 156, 163, 168, 169, 172, 179, 183, 184, 185, 188, 196, 198, 205, 217, 222, 229, 237, 253, 258, 265, 267, 270, 278, 313, 317, 319, 321, 324, 325, 330, 334, 335, 336, 340, 341, 354, 356, 363, 365, 366, 367, 369, 370, 375, 380, 383, 384, 386, 388, 391, 394, 395, 396, 398, 399, 400, 401, 402, 403, 404, 405, 406, 407, 408, 409, 410, 411, 412, 413, 414, 415, 416, 417, 418, 419, 420, 421, 422, 423, 424, 425, 426, 427, 428, 429, 430, 431, 432, 433, 434, 435, 436, 437, 438, 439, 440, 441, 442, 443, 444, 445, 446, 447, 448, 449, 450, 451, 452, 453, 454, 455, 456, 457, 458, 459, 460, 461, 462, 463, 464, 465, 466, 467, 468, 469, 470, 471, 472, 473, 474, 475, 476, 477, 478, 479, 480, 481, 482, 483, 484, 497, 501, 508, 511, 559, 571, 575, 590, 594, 596, 600, 607, 608, 610, 611, 612, 619, 627, 628, 635, 640, 643, 650, 654, 655, 656, 659, 667, 669, 675, 685, 693, 701, 716, 720, 725, 726, 729, 737, 771, 775, 777, 779, 782, 783, 787, 790, 791, 793, 796, 797, 809, 811, 817, 818, 819, 820, 825, 830, 833, 834, 836, 838, 841, 844, 845, 846, 848, 849, 850, 851, 852, 853, 854, 855, 856, 857, 858, 859, 860, 861, 862, 863, 864, 865, 866, 867, 868, 869, 870, 871, 872, 873, 874, 875, 876, 877, 878, 879, 880, 881, 882, 883, 884, 885, 886, 887, 888, 889, 890, 891, 892, 893, 894, 895, 896, 897, 898, 899, 900, 901, 902, 903, 904, 905, 906, 907, 908, 909, 910, 911, 912, 913, 914, 915, 916, 917, 918, 919, 920, 921, 922, 923, 924, 925, 926, 927, 928, 929, 930, 931, 932, 933, 934, 935]",True,"[435, 437, 451, 452, 473, 888, 898, 899, 920]","[398, 399, 400, 401, 402, 403, 404, 405, 406, 407, 408, 409, 410, 411, 412, 413, 414, 415, 416, 417, 418, 419, 420, 421, 422, 423, 424, 425, 426, 427, 428, 429, 430, 431, 432, 433, 434, 435, 436, 437, 438, 439, 440, 441, 442, 443, 444, 445, 446, 447, 448, 449, 450, 451, 452, 453, 454, 455, 456, 457, 458, 459, 460, 461, 462, 463, 464, 465, 466, 467, 468, 469, 470, 471, 472, 473, 474, 475, 476, 477, 478, 479, 480, 481, 482, 483, 484, 848, 849, 850, 851, 852, 853, 854, 855, 856, 857, 858, 859, 860, 861, 862, 863, 864, 865, 866, 867, 868, 869, 870, 871, 872, 873, 874, 875, 876, 877, 878, 879, 880, 881, 882, 883, 884, 885, 886, 887, 888, 889, 890, 891, 892, 893, 894, 895, 896, 897, 898, 899, 900, 901, 902, 903, 904, 905, 906, 907, 908, 909, 910, 911, 912, 913, 914, 915, 916, 917, 918, 919, 920, 921, 922, 923, 924, 925, 926, 927, 928, 929, 930, 931, 932, 933, 934, 935]","[435, 437, 452, 473, 888, 899, 920]","[319, 452, 473, 777, 899, 920]","[16, 125, 156, 163, 168, 184, 205, 222, 229, 253, 258, 265, 313, 317, 336, 340, 341, 356, 363, 365, 366, 367, 370, 375, 388, 391, 394, 396, 402, 410, 411, 412, 413, 415, 416, 417, 418, 419, 425, 429, 431, 433, 435, 437, 440, 441, 442, 443, 451, 452, 456, 457, 458, 460, 461, 464, 471, 473, 474, 475, 481, 482, 501, 596, 628, 635, 655, 675, 693, 716, 720, 725, 771, 775, 793, 796, 797, 811, 817, 818, 820, 825, 838, 841, 844, 846, 851, 857, 861, 862, 863, 864, 866, 867, 868, 870, 871, 877, 881, 883, 885, 888, 891, 892, 893, 898, 899, 904, 905, 907, 908, 911, 918, 920, 921, 922, 923, 924, 926, 931, 933]","[12, 24, 25, 28, 88, 100, 104, 119, 123, 129, 136, 137, 139, 140, 141, 148, 155, 169, 172, 179, 183, 185, 188, 196, 198, 217, 237, 267, 270, 278, 319, 321, 324, 325, 330, 334, 335, 354, 366, 369, 380, 383, 384, 386, 395, 407, 411, 423, 428, 436, 437, 452, 453, 456, 467, 471, 477, 478, 479, 497, 508, 511, 559, 571, 575, 590, 594, 600, 607, 608, 610, 611, 612, 619, 627, 640, 643, 650, 654, 656, 659, 667, 669, 685, 701, 726, 729, 737, 777, 779, 782, 783, 787, 790, 791, 809, 817, 819, 830, 833, 834, 836, 845, 856, 857, 860, 862, 875, 880, 887, 888, 899, 900, 914, 918, 921, 928, 929, 930]","[12, 24, 25, 28, 88, 100, 104, 119, 123, 129, 136, 137, 139, 140, 141, 148, 155, 169, 172, 179, 183, 185, 188, 196, 198, 217, 237, 267, 270, 278, 319, 321, 324, 325, 330, 334, 335, 354, 366, 369, 380, 383, 384, 386, 395, 407, 411, 423, 428, 436, 437, 452, 453, 456, 467, 471, 477, 478, 479, 497, 508, 511, 559, 571, 575, 590, 594, 600, 607, 608, 610, 611, 612, 619, 627, 640, 643, 650, 654, 656, 659, 667, 669, 685, 701, 726, 729, 737, 777, 779, 782, 783, 787, 790, 791, 809, 817, 819, 830, 833, 834, 836, 845, 856, 857, 860, 862, 875, 880, 887, 888, 899, 900, 914, 918, 921, 928, 929, 930]",7/6 successful match,True,"[191, 192, 193]",True,128,False,,1.0,True,Miller Chevron,Chevron
"Fillmore , 84631 Steve's Tire & Oil ( Sinclair )",435-743-6860 I-15 Exit 167 ( 1/4 mi S ),000 0,Fillmore,84631,Steve's Tire & Oil ( Sinclair ),435-743-6860,2006,Fillmore,UT,Sinclair,( 1/4 mi S ),I-15 Exit 167 ,Exit,167,False,,False,I-15,,,,,"[920, 473]","[435, 437, 451, 452, 473, 888, 898, 899, 920]","[435, 437, 452, 473, 888, 899, 920]","[319, 452, 473, 777, 899, 920]","[398, 399, 400, 401, 402, 403, 404, 405, 406, 407, 408, 409, 410, 411, 412, 413, 414, 415, 416, 417, 418, 419, 420, 421, 422, 423, 424, 425, 426, 427, 428, 429, 430, 431, 432, 433, 434, 435, 436, 437, 438, 439, 440, 441, 442, 443, 444, 445, 446, 447, 448, 449, 450, 451, 452, 453, 454, 455, 456, 457, 458, 459, 460, 461, 462, 463, 464, 465, 466, 467, 468, 469, 470, 471, 472, 473, 474, 475, 476, 477, 478, 479, 480, 481, 482, 483, 484, 848, 849, 850, 851, 852, 853, 854, 855, 856, 857, 858, 859, 860, 861, 862, 863, 864, 865, 866, 867, 868, 869, 870, 871, 872, 873, 874, 875, 876, 877, 878, 879, 880, 881, 882, 883, 884, 885, 886, 887, 888, 889, 890, 891, 892, 893, 894, 895, 896, 897, 898, 899, 900, 901, 902, 903, 904, 905, 906, 907, 908, 909, 910, 911, 912, 913, 914, 915, 916, 917, 918, 919, 920, 921, 922, 923, 924, 925, 926, 927, 928, 929, 930, 931, 932, 933, 934, 935]","[16, 125, 156, 163, 168, 184, 205, 222, 229, 253, 258, 265, 313, 317, 336, 340, 341, 356, 363, 365, 366, 367, 370, 375, 388, 391, 394, 396, 402, 410, 411, 412, 413, 415, 416, 417, 418, 419, 425, 429, 431, 433, 435, 437, 440, 441, 442, 443, 451, 452, 456, 457, 458, 460, 461, 464, 471, 473, 474, 475, 481, 482, 501, 596, 628, 635, 655, 675, 693, 716, 720, 725, 771, 775, 793, 796, 797, 811, 817, 818, 820, 825, 838, 841, 844, 846, 851, 857, 861, 862, 863, 864, 866, 867, 868, 870, 871, 877, 881, 883, 885, 888, 891, 892, 893, 898, 899, 904, 905, 907, 908, 911, 918, 920, 921, 922, 923, 924, 926, 931, 933]","[31, 142, 147, 180, 338, 352, 367, 387, 403, 405, 408, 410, 455, 465, 466, 468, 470, 472, 473, 483, 484, 514, 613, 618, 651, 794, 807, 837, 852, 854, 858, 861, 902, 912, 913, 915, 917, 919, 920, 931, 934, 935]","[4, 31, 59, 135, 142, 147, 180, 218, 229, 232, 264, 269, 299, 318, 320, 331, 338, 352, 367, 382, 387, 403, 405, 408, 410, 455, 463, 465, 466, 468, 470, 472, 473, 483, 484, 490, 514, 535, 606, 613, 618, 651, 686, 693, 696, 724, 728, 758, 776, 778, 788, 794, 807, 832, 837, 852, 854, 858, 860, 861, 902, 910, 912, 913, 915, 917, 919, 920, 931, 934, 935]","[916, 514, 4, 917, 918, 387, 919, 16, 535, 921, 922, 31, 923, 388, 924, 925, 926, 927, 59, 928, 929, 930, 931, 932, 596, 933, 934, 606, 935, 613, 618, 391, 628, 635, 125, 135, 651, 142, 655, 147, 382, 336, 156, 163, 675, 338, 168, 686, 340, 341, 693, 180, 184, 696, 394, 716, 205, 720, 724, 725, 728, 218, 375, 222, 229, 232, 352, 396, 758, 253, 356, 258, 771, 775, 264, 777, 265, 776, 778, 269, 788, 793, 794, 796, 797, 363, 807, 811, 299, 365, 817, 366, 818, 820, 367, 313, 825, 317, 318, 319, 320, 832, 837, 370, 838, 841, 331, 844, 846, 848, 849, 850, 851, 852, 853, 854, 855, 856, 857, 858, 859, 860, 861, 862, 863, 864, 865, 866, 867, 868, 869, 870, 871, 872, 873, 874, 875, 876, 877, 878, 879, 880, 881, 882, 883, 884, 885, 886, 887, 888, 889, 890, 891, 892, 893, 894, 895, 896, 897, 898, 899, 900, 901, 902, 903, 904, 905, 906, 907, 908, 909, 398, 399, 400, 401, 402, 403, 404, 405, 406, 407, 920, 408, 409, 410, 411, 412, 413, 414, 415, 416, 417, 418, 419, 420, 421, 422, 423, 424, 425, 426, 427, 428, 429, 430, 431, 432, 433, 435, 434, 437, 436, 438, 439, 440, 441, 442, 443, 444, 445, 446, 447, 448, 449, 451, 452, 450, 453, 454, 455, 456, 457, 458, 459, 460, 461, 462, 463, 464, 465, 466, 467, 468, 469, 470, 471, 473, 472, 474, 475, 476, 477, 478, 479, 480, 481, 482, 483, 484, 910, 911, 490, 912, 913, 501, 914, 915]",True,"[435, 437, 451, 452, 473, 888, 898, 899, 920]","[398, 399, 400, 401, 402, 403, 404, 405, 406, 407, 408, 409, 410, 411, 412, 413, 414, 415, 416, 417, 418, 419, 420, 421, 422, 423, 424, 425, 426, 427, 428, 429, 430, 431, 432, 433, 434, 435, 436, 437, 438, 439, 440, 441, 442, 443, 444, 445, 446, 447, 448, 449, 450, 451, 452, 453, 454, 455, 456, 457, 458, 459, 460, 461, 462, 463, 464, 465, 466, 467, 468, 469, 470, 471, 472, 473, 474, 475, 476, 477, 478, 479, 480, 481, 482, 483, 484, 848, 849, 850, 851, 852, 853, 854, 855, 856, 857, 858, 859, 860, 861, 862, 863, 864, 865, 866, 867, 868, 869, 870, 871, 872, 873, 874, 875, 876, 877, 878, 879, 880, 881, 882, 883, 884, 885, 886, 887, 888, 889, 890, 891, 892, 893, 894, 895, 896, 897, 898, 899, 900, 901, 902, 903, 904, 905, 906, 907, 908, 909, 910, 911, 912, 913, 914, 915, 916, 917, 918, 919, 920, 921, 922, 923, 924, 925, 926, 927, 928, 929, 930, 931, 932, 933, 934, 935]","[435, 437, 452, 473, 888, 899, 920]","[319, 452, 473, 777, 899, 920]","[16, 125, 156, 163, 168, 184, 205, 222, 229, 253, 258, 265, 313, 317, 336, 340, 341, 356, 363, 365, 366, 367, 370, 375, 388, 391, 394, 396, 402, 410, 411, 412, 413, 415, 416, 417, 418, 419, 425, 429, 431, 433, 435, 437, 440, 441, 442, 443, 451, 452, 456, 457, 458, 460, 461, 464, 471, 473, 474, 475, 481, 482, 501, 596, 628, 635, 655, 675, 693, 716, 720, 725, 771, 775, 793, 796, 797, 811, 817, 818, 820, 825, 838, 841, 844, 846, 851, 857, 861, 862, 863, 864, 866, 867, 868, 870, 871, 877, 881, 883, 885, 888, 891, 892, 893, 898, 899, 904, 905, 907, 908, 911, 918, 920, 921, 922, 923, 924, 926, 931, 933]","[4, 31, 59, 135, 142, 147, 180, 218, 229, 232, 264, 269, 299, 318, 320, 331, 338, 352, 367, 382, 387, 403, 405, 408, 410, 455, 463, 465, 466, 468, 470, 472, 473, 483, 484, 490, 514, 535, 606, 613, 618, 651, 686, 693, 696, 724, 728, 758, 776, 778, 788, 794, 807, 832, 837, 852, 854, 858, 860, 861, 902, 910, 912, 913, 915, 917, 919, 920, 931, 934, 935]","[31, 142, 147, 180, 338, 352, 367, 387, 403, 405, 408, 410, 455, 465, 466, 468, 470, 472, 473, 483, 484, 514, 613, 618, 651, 794, 807, 837, 852, 854, 858, 861, 902, 912, 913, 915, 917, 919, 920, 931, 934, 935]",7/6 successful match,True,[44],True,129,False,,,,,
"Fillmore , 84631 Steve's Tire & Oil ( Sinclair )",435-743-6860 I-15 Exit 167 ( 1/4 mi S ),<U+2610> <U+2610>,Fillmore,84631,Steve's Tire & Oil ( Sinclair ),435-743-6860,2007,Fillmore,UT,Sinclair,( 1/4 mi S ),I-15 Exit 167 ,Exit,167,False,,False,I-15,,,,,"[920, 473]","[435, 437, 451, 452, 473, 888, 898, 899, 920]","[435, 437, 452, 473, 888, 899, 920]","[319, 452, 473, 777, 899, 920]","[398, 399, 400, 401, 402, 403, 404, 405, 406, 407, 408, 409, 410, 411, 412, 413, 414, 415, 416, 417, 418, 419, 420, 421, 422, 423, 424, 425, 426, 427, 428, 429, 430, 431, 432, 433, 434, 435, 436, 437, 438, 439, 440, 441, 442, 443, 444, 445, 446, 447, 448, 449, 450, 451, 452, 453, 454, 455, 456, 457, 458, 459, 460, 461, 462, 463, 464, 465, 466, 467, 468, 469, 470, 471, 472, 473, 474, 475, 476, 477, 478, 479, 480, 481, 482, 483, 484, 848, 849, 850, 851, 852, 853, 854, 855, 856, 857, 858, 859, 860, 861, 862, 863, 864, 865, 866, 867, 868, 869, 870, 871, 872, 873, 874, 875, 876, 877, 878, 879, 880, 881, 882, 883, 884, 885, 886, 887, 888, 889, 890, 891, 892, 893, 894, 895, 896, 897, 898, 899, 900, 901, 902, 903, 904, 905, 906, 907, 908, 909, 910, 911, 912, 913, 914, 915, 916, 917, 918, 919, 920, 921, 922, 923, 924, 925, 926, 927, 928, 929, 930, 931, 932, 933, 934, 935]","[16, 125, 156, 163, 168, 184, 205, 222, 229, 253, 258, 265, 313, 317, 336, 340, 341, 356, 363, 365, 366, 367, 370, 375, 388, 391, 394, 396, 402, 410, 411, 412, 413, 415, 416, 417, 418, 419, 425, 429, 431, 433, 435, 437, 440, 441, 442, 443, 451, 452, 456, 457, 458, 460, 461, 464, 471, 473, 474, 475, 481, 482, 501, 596, 628, 635, 655, 675, 693, 716, 720, 725, 771, 775, 793, 796, 797, 811, 817, 818, 820, 825, 838, 841, 844, 846, 851, 857, 861, 862, 863, 864, 866, 867, 868, 870, 871, 877, 881, 883, 885, 888, 891, 892, 893, 898, 899, 904, 905, 907, 908, 911, 918, 920, 921, 922, 923, 924, 926, 931, 933]","[31, 142, 147, 180, 338, 352, 367, 387, 403, 405, 408, 410, 455, 465, 466, 468, 470, 472, 473, 483, 484, 514, 613, 618, 651, 794, 807, 837, 852, 854, 858, 861, 902, 912, 913, 915, 917, 919, 920, 931, 934, 935]","[4, 31, 59, 135, 142, 147, 180, 218, 229, 232, 264, 269, 299, 318, 320, 331, 338, 352, 367, 382, 387, 403, 405, 408, 410, 455, 463, 465, 466, 468, 470, 472, 473, 483, 484, 490, 514, 535, 606, 613, 618, 651, 686, 693, 696, 724, 728, 758, 776, 778, 788, 794, 807, 832, 837, 852, 854, 858, 860, 861, 902, 910, 912, 913, 915, 917, 919, 920, 931, 934, 935]","[916, 514, 4, 917, 918, 387, 919, 16, 535, 921, 922, 31, 923, 388, 924, 925, 926, 927, 59, 928, 929, 930, 931, 932, 596, 933, 934, 606, 935, 613, 618, 391, 628, 635, 125, 135, 651, 142, 655, 147, 382, 336, 156, 163, 675, 338, 168, 686, 340, 341, 693, 180, 184, 696, 394, 716, 205, 720, 724, 725, 728, 218, 375, 222, 229, 232, 352, 396, 758, 253, 356, 258, 771, 775, 264, 777, 265, 776, 778, 269, 788, 793, 794, 796, 797, 363, 807, 811, 299, 365, 817, 366, 818, 820, 367, 313, 825, 317, 318, 319, 320, 832, 837, 370, 838, 841, 331, 844, 846, 848, 849, 850, 851, 852, 853, 854, 855, 856, 857, 858, 859, 860, 861, 862, 863, 864, 865, 866, 867, 868, 869, 870, 871, 872, 873, 874, 875, 876, 877, 878, 879, 880, 881, 882, 883, 884, 885, 886, 887, 888, 889, 890, 891, 892, 893, 894, 895, 896, 897, 898, 899, 900, 901, 902, 903, 904, 905, 906, 907, 908, 909, 398, 399, 400, 401, 402, 403, 404, 405, 406, 407, 920, 408, 409, 410, 411, 412, 413, 414, 415, 416, 417, 418, 419, 420, 421, 422, 423, 424, 425, 426, 427, 428, 429, 430, 431, 432, 433, 435, 434, 437, 436, 438, 439, 440, 441, 442, 443, 444, 445, 446, 447, 448, 449, 451, 452, 450, 453, 454, 455, 456, 457, 458, 459, 460, 461, 462, 463, 464, 465, 466, 467, 468, 469, 470, 471, 473, 472, 474, 475, 476, 477, 478, 479, 480, 481, 482, 483, 484, 910, 911, 490, 912, 913, 501, 914, 915]",True,"[435, 437, 451, 452, 473, 888, 898, 899, 920]","[398, 399, 400, 401, 402, 403, 404, 405, 406, 407, 408, 409, 410, 411, 412, 413, 414, 415, 416, 417, 418, 419, 420, 421, 422, 423, 424, 425, 426, 427, 428, 429, 430, 431, 432, 433, 434, 435, 436, 437, 438, 439, 440, 441, 442, 443, 444, 445, 446, 447, 448, 449, 450, 451, 452, 453, 454, 455, 456, 457, 458, 459, 460, 461, 462, 463, 464, 465, 466, 467, 468, 469, 470, 471, 472, 473, 474, 475, 476, 477, 478, 479, 480, 481, 482, 483, 484, 848, 849, 850, 851, 852, 853, 854, 855, 856, 857, 858, 859, 860, 861, 862, 863, 864, 865, 866, 867, 868, 869, 870, 871, 872, 873, 874, 875, 876, 877, 878, 879, 880, 881, 882, 883, 884, 885, 886, 887, 888, 889, 890, 891, 892, 893, 894, 895, 896, 897, 898, 899, 900, 901, 902, 903, 904, 905, 906, 907, 908, 909, 910, 911, 912, 913, 914, 915, 916, 917, 918, 919, 920, 921, 922, 923, 924, 925, 926, 927, 928, 929, 930, 931, 932, 933, 934, 935]","[435, 437, 452, 473, 888, 899, 920]","[319, 452, 473, 777, 899, 920]","[16, 125, 156, 163, 168, 184, 205, 222, 229, 253, 258, 265, 313, 317, 336, 340, 341, 356, 363, 365, 366, 367, 370, 375, 388, 391, 394, 396, 402, 410, 411, 412, 413, 415, 416, 417, 418, 419, 425, 429, 431, 433, 435, 437, 440, 441, 442, 443, 451, 452, 456, 457, 458, 460, 461, 464, 471, 473, 474, 475, 481, 482, 501, 596, 628, 635, 655, 675, 693, 716, 720, 725, 771, 775, 793, 796, 797, 811, 817, 818, 820, 825, 838, 841, 844, 846, 851, 857, 861, 862, 863, 864, 866, 867, 868, 870, 871, 877, 881, 883, 885, 888, 891, 892, 893, 898, 899, 904, 905, 907, 908, 911, 918, 920, 921, 922, 923, 924, 926, 931, 933]","[4, 31, 59, 135, 142, 147, 180, 218, 229, 232, 264, 269, 299, 318, 320, 331, 338, 352, 367, 382, 387, 403, 405, 408, 410, 455, 463, 465, 466, 468, 470, 472, 473, 483, 484, 490, 514, 535, 606, 613, 618, 651, 686, 693, 696, 724, 728, 758, 776, 778, 788, 794, 807, 832, 837, 852, 854, 858, 860, 861, 902, 910, 912, 913, 915, 917, 919, 920, 931, 934, 935]","[31, 142, 147, 180, 338, 352, 367, 387, 403, 405, 408, 410, 455, 465, 466, 468, 470, 472, 473, 483, 484, 514, 613, 618, 651, 794, 807, 837, 852, 854, 858, 861, 902, 912, 913, 915, 917, 919, 920, 931, 934, 935]",7/6 successful match,True,[44],True,129,False,,1.0,True,Steve's Tire & Oil ( Sinclair ),Sinclair
"Fillmore , 84631 Steve's Tire & Oil ( Sinclair )",435-743-6860 I-15 Exit 167 ( 1/4 mi S ),<U+2610> <U+2610><U+2610> <U+2610>,Fillmore,84631,Steve's Tire & Oil ( Sinclair ),435-743-6860,2008,Fillmore,UT,Sinclair,( 1/4 mi S ),I-15 Exit 167 ,Exit,167,False,,False,I-15,,,,,"[920, 473]","[435, 437, 451, 452, 473, 888, 898, 899, 920]","[435, 437, 452, 473, 888, 899, 920]","[319, 452, 473, 777, 899, 920]","[398, 399, 400, 401, 402, 403, 404, 405, 406, 407, 408, 409, 410, 411, 412, 413, 414, 415, 416, 417, 418, 419, 420, 421, 422, 423, 424, 425, 426, 427, 428, 429, 430, 431, 432, 433, 434, 435, 436, 437, 438, 439, 440, 441, 442, 443, 444, 445, 446, 447, 448, 449, 450, 451, 452, 453, 454, 455, 456, 457, 458, 459, 460, 461, 462, 463, 464, 465, 466, 467, 468, 469, 470, 471, 472, 473, 474, 475, 476, 477, 478, 479, 480, 481, 482, 483, 484, 848, 849, 850, 851, 852, 853, 854, 855, 856, 857, 858, 859, 860, 861, 862, 863, 864, 865, 866, 867, 868, 869, 870, 871, 872, 873, 874, 875, 876, 877, 878, 879, 880, 881, 882, 883, 884, 885, 886, 887, 888, 889, 890, 891, 892, 893, 894, 895, 896, 897, 898, 899, 900, 901, 902, 903, 904, 905, 906, 907, 908, 909, 910, 911, 912, 913, 914, 915, 916, 917, 918, 919, 920, 921, 922, 923, 924, 925, 926, 927, 928, 929, 930, 931, 932, 933, 934, 935]","[16, 125, 156, 163, 168, 184, 205, 222, 229, 253, 258, 265, 313, 317, 336, 340, 341, 356, 363, 365, 366, 367, 370, 375, 388, 391, 394, 396, 402, 410, 411, 412, 413, 415, 416, 417, 418, 419, 425, 429, 431, 433, 435, 437, 440, 441, 442, 443, 451, 452, 456, 457, 458, 460, 461, 464, 471, 473, 474, 475, 481, 482, 501, 596, 628, 635, 655, 675, 693, 716, 720, 725, 771, 775, 793, 796, 797, 811, 817, 818, 820, 825, 838, 841, 844, 846, 851, 857, 861, 862, 863, 864, 866, 867, 868, 870, 871, 877, 881, 883, 885, 888, 891, 892, 893, 898, 899, 904, 905, 907, 908, 911, 918, 920, 921, 922, 923, 924, 926, 931, 933]","[31, 142, 147, 180, 338, 352, 367, 387, 403, 405, 408, 410, 455, 465, 466, 468, 470, 472, 473, 483, 484, 514, 613, 618, 651, 794, 807, 837, 852, 854, 858, 861, 902, 912, 913, 915, 917, 919, 920, 931, 934, 935]","[4, 31, 59, 135, 142, 147, 180, 218, 229, 232, 264, 269, 299, 318, 320, 331, 338, 352, 367, 382, 387, 403, 405, 408, 410, 455, 463, 465, 466, 468, 470, 472, 473, 483, 484, 490, 514, 535, 606, 613, 618, 651, 686, 693, 696, 724, 728, 758, 776, 778, 788, 794, 807, 832, 837, 852, 854, 858, 860, 861, 902, 910, 912, 913, 915, 917, 919, 920, 931, 934, 935]","[916, 514, 4, 917, 918, 387, 919, 16, 535, 921, 922, 31, 923, 388, 924, 925, 926, 927, 59, 928, 929, 930, 931, 932, 596, 933, 934, 606, 935, 613, 618, 391, 628, 635, 125, 135, 651, 142, 655, 147, 382, 336, 156, 163, 675, 338, 168, 686, 340, 341, 693, 180, 184, 696, 394, 716, 205, 720, 724, 725, 728, 218, 375, 222, 229, 232, 352, 396, 758, 253, 356, 258, 771, 775, 264, 777, 265, 776, 778, 269, 788, 793, 794, 796, 797, 363, 807, 811, 299, 365, 817, 366, 818, 820, 367, 313, 825, 317, 318, 319, 320, 832, 837, 370, 838, 841, 331, 844, 846, 848, 849, 850, 851, 852, 853, 854, 855, 856, 857, 858, 859, 860, 861, 862, 863, 864, 865, 866, 867, 868, 869, 870, 871, 872, 873, 874, 875, 876, 877, 878, 879, 880, 881, 882, 883, 884, 885, 886, 887, 888, 889, 890, 891, 892, 893, 894, 895, 896, 897, 898, 899, 900, 901, 902, 903, 904, 905, 906, 907, 908, 909, 398, 399, 400, 401, 402, 403, 404, 405, 406, 407, 920, 408, 409, 410, 411, 412, 413, 414, 415, 416, 417, 418, 419, 420, 421, 422, 423, 424, 425, 426, 427, 428, 429, 430, 431, 432, 433, 435, 434, 437, 436, 438, 439, 440, 441, 442, 443, 444, 445, 446, 447, 448, 449, 451, 452, 450, 453, 454, 455, 456, 457, 458, 459, 460, 461, 462, 463, 464, 465, 466, 467, 468, 469, 470, 471, 473, 472, 474, 475, 476, 477, 478, 479, 480, 481, 482, 483, 484, 910, 911, 490, 912, 913, 501, 914, 915]",True,"[435, 437, 451, 452, 473, 888, 898, 899, 920]","[398, 399, 400, 401, 402, 403, 404, 405, 406, 407, 408, 409, 410, 411, 412, 413, 414, 415, 416, 417, 418, 419, 420, 421, 422, 423, 424, 425, 426, 427, 428, 429, 430, 431, 432, 433, 434, 435, 436, 437, 438, 439, 440, 441, 442, 443, 444, 445, 446, 447, 448, 449, 450, 451, 452, 453, 454, 455, 456, 457, 458, 459, 460, 461, 462, 463, 464, 465, 466, 467, 468, 469, 470, 471, 472, 473, 474, 475, 476, 477, 478, 479, 480, 481, 482, 483, 484, 848, 849, 850, 851, 852, 853, 854, 855, 856, 857, 858, 859, 860, 861, 862, 863, 864, 865, 866, 867, 868, 869, 870, 871, 872, 873, 874, 875, 876, 877, 878, 879, 880, 881, 882, 883, 884, 885, 886, 887, 888, 889, 890, 891, 892, 893, 894, 895, 896, 897, 898, 899, 900, 901, 902, 903, 904, 905, 906, 907, 908, 909, 910, 911, 912, 913, 914, 915, 916, 917, 918, 919, 920, 921, 922, 923, 924, 925, 926, 927, 928, 929, 930, 931, 932, 933, 934, 935]","[435, 437, 452, 473, 888, 899, 920]","[319, 452, 473, 777, 899, 920]","[16, 125, 156, 163, 168, 184, 205, 222, 229, 253, 258, 265, 313, 317, 336, 340, 341, 356, 363, 365, 366, 367, 370, 375, 388, 391, 394, 396, 402, 410, 411, 412, 413, 415, 416, 417, 418, 419, 425, 429, 431, 433, 435, 437, 440, 441, 442, 443, 451, 452, 456, 457, 458, 460, 461, 464, 471, 473, 474, 475, 481, 482, 501, 596, 628, 635, 655, 675, 693, 716, 720, 725, 771, 775, 793, 796, 797, 811, 817, 818, 820, 825, 838, 841, 844, 846, 851, 857, 861, 862, 863, 864, 866, 867, 868, 870, 871, 877, 881, 883, 885, 888, 891, 892, 893, 898, 899, 904, 905, 907, 908, 911, 918, 920, 921, 922, 923, 924, 926, 931, 933]","[4, 31, 59, 135, 142, 147, 180, 218, 229, 232, 264, 269, 299, 318, 320, 331, 338, 352, 367, 382, 387, 403, 405, 408, 410, 455, 463, 465, 466, 468, 470, 472, 473, 483, 484, 490, 514, 535, 606, 613, 618, 651, 686, 693, 696, 724, 728, 758, 776, 778, 788, 794, 807, 832, 837, 852, 854, 858, 860, 861, 902, 910, 912, 913, 915, 917, 919, 920, 931, 934, 935]","[31, 142, 147, 180, 338, 352, 367, 387, 403, 405, 408, 410, 455, 465, 466, 468, 470, 472, 473, 483, 484, 514, 613, 618, 651, 794, 807, 837, 852, 854, 858, 861, 902, 912, 913, 915, 917, 919, 920, 931, 934, 935]",7/6 successful match,True,[44],True,129,False,,1.0,True,Steve's Tire & Oil ( Sinclair ),Sinclair
G Fillmore ( 84631 ) Steve's Tire & Oil ( Sinclair ),435-743-6860 I-15 Exit 167 ( 1/4 mi S ),<U+2610><U+2610>,Fillmore,84631,Steve's Tire & Oil ( Sinclair ),435-743-6860,2014,Fillmore,UT,Sinclair,( 1/4 mi S ),I-15 Exit 167 ,Exit,167,False,,False,I-15,,,,,"[920, 473]","[435, 437, 451, 452, 473, 888, 898, 899, 920]","[435, 437, 452, 473, 888, 899, 920]","[319, 452, 473, 777, 899, 920]","[398, 399, 400, 401, 402, 403, 404, 405, 406, 407, 408, 409, 410, 411, 412, 413, 414, 415, 416, 417, 418, 419, 420, 421, 422, 423, 424, 425, 426, 427, 428, 429, 430, 431, 432, 433, 434, 435, 436, 437, 438, 439, 440, 441, 442, 443, 444, 445, 446, 447, 448, 449, 450, 451, 452, 453, 454, 455, 456, 457, 458, 459, 460, 461, 462, 463, 464, 465, 466, 467, 468, 469, 470, 471, 472, 473, 474, 475, 476, 477, 478, 479, 480, 481, 482, 483, 484, 848, 849, 850, 851, 852, 853, 854, 855, 856, 857, 858, 859, 860, 861, 862, 863, 864, 865, 866, 867, 868, 869, 870, 871, 872, 873, 874, 875, 876, 877, 878, 879, 880, 881, 882, 883, 884, 885, 886, 887, 888, 889, 890, 891, 892, 893, 894, 895, 896, 897, 898, 899, 900, 901, 902, 903, 904, 905, 906, 907, 908, 909, 910, 911, 912, 913, 914, 915, 916, 917, 918, 919, 920, 921, 922, 923, 924, 925, 926, 927, 928, 929, 930, 931, 932, 933, 934, 935]","[16, 125, 156, 163, 168, 184, 205, 222, 229, 253, 258, 265, 313, 317, 336, 340, 341, 356, 363, 365, 366, 367, 370, 375, 388, 391, 394, 396, 402, 410, 411, 412, 413, 415, 416, 417, 418, 419, 425, 429, 431, 433, 435, 437, 440, 441, 442, 443, 451, 452, 456, 457, 458, 460, 461, 464, 471, 473, 474, 475, 481, 482, 501, 596, 628, 635, 655, 675, 693, 716, 720, 725, 771, 775, 793, 796, 797, 811, 817, 818, 820, 825, 838, 841, 844, 846, 851, 857, 861, 862, 863, 864, 866, 867, 868, 870, 871, 877, 881, 883, 885, 888, 891, 892, 893, 898, 899, 904, 905, 907, 908, 911, 918, 920, 921, 922, 923, 924, 926, 931, 933]","[31, 142, 147, 180, 338, 352, 367, 387, 403, 405, 408, 410, 455, 465, 466, 468, 470, 472, 473, 483, 484, 514, 613, 618, 651, 794, 807, 837, 852, 854, 858, 861, 902, 912, 913, 915, 917, 919, 920, 931, 934, 935]","[4, 31, 59, 135, 142, 147, 180, 218, 229, 232, 264, 269, 299, 318, 320, 331, 338, 352, 367, 382, 387, 403, 405, 408, 410, 455, 463, 465, 466, 468, 470, 472, 473, 483, 484, 490, 514, 535, 606, 613, 618, 651, 686, 693, 696, 724, 728, 758, 776, 778, 788, 794, 807, 832, 837, 852, 854, 858, 860, 861, 902, 910, 912, 913, 915, 917, 919, 920, 931, 934, 935]","[916, 514, 4, 917, 918, 387, 919, 16, 535, 921, 922, 31, 923, 388, 924, 925, 926, 927, 59, 928, 929, 930, 931, 932, 596, 933, 934, 606, 935, 613, 618, 391, 628, 635, 125, 135, 651, 142, 655, 147, 382, 336, 156, 163, 675, 338, 168, 686, 340, 341, 693, 180, 184, 696, 394, 716, 205, 720, 724, 725, 728, 218, 375, 222, 229, 232, 352, 396, 758, 253, 356, 258, 771, 775, 264, 777, 265, 776, 778, 269, 788, 793, 794, 796, 797, 363, 807, 811, 299, 365, 817, 366, 818, 820, 367, 313, 825, 317, 318, 319, 320, 832, 837, 370, 838, 841, 331, 844, 846, 848, 849, 850, 851, 852, 853, 854, 855, 856, 857, 858, 859, 860, 861, 862, 863, 864, 865, 866, 867, 868, 869, 870, 871, 872, 873, 874, 875, 876, 877, 878, 879, 880, 881, 882, 883, 884, 885, 886, 887, 888, 889, 890, 891, 892, 893, 894, 895, 896, 897, 898, 899, 900, 901, 902, 903, 904, 905, 906, 907, 908, 909, 398, 399, 400, 401, 402, 403, 404, 405, 406, 407, 920, 408, 409, 410, 411, 412, 413, 414, 415, 416, 417, 418, 419, 420, 421, 422, 423, 424, 425, 426, 427, 428, 429, 430, 431, 432, 433, 435, 434, 437, 436, 438, 439, 440, 441, 442, 443, 444, 445, 446, 447, 448, 449, 451, 452, 450, 453, 454, 455, 456, 457, 458, 459, 460, 461, 462, 463, 464, 465, 466, 467, 468, 469, 470, 471, 473, 472, 474, 475, 476, 477, 478, 479, 480, 481, 482, 483, 484, 910, 911, 490, 912, 913, 501, 914, 915]",True,"[435, 437, 451, 452, 473, 888, 898, 899, 920]","[398, 399, 400, 401, 402, 403, 404, 405, 406, 407, 408, 409, 410, 411, 412, 413, 414, 415, 416, 417, 418, 419, 420, 421, 422, 423, 424, 425, 426, 427, 428, 429, 430, 431, 432, 433, 434, 435, 436, 437, 438, 439, 440, 441, 442, 443, 444, 445, 446, 447, 448, 449, 450, 451, 452, 453, 454, 455, 456, 457, 458, 459, 460, 461, 462, 463, 464, 465, 466, 467, 468, 469, 470, 471, 472, 473, 474, 475, 476, 477, 478, 479, 480, 481, 482, 483, 484, 848, 849, 850, 851, 852, 853, 854, 855, 856, 857, 858, 859, 860, 861, 862, 863, 864, 865, 866, 867, 868, 869, 870, 871, 872, 873, 874, 875, 876, 877, 878, 879, 880, 881, 882, 883, 884, 885, 886, 887, 888, 889, 890, 891, 892, 893, 894, 895, 896, 897, 898, 899, 900, 901, 902, 903, 904, 905, 906, 907, 908, 909, 910, 911, 912, 913, 914, 915, 916, 917, 918, 919, 920, 921, 922, 923, 924, 925, 926, 927, 928, 929, 930, 931, 932, 933, 934, 935]","[435, 437, 452, 473, 888, 899, 920]","[319, 452, 473, 777, 899, 920]","[16, 125, 156, 163, 168, 184, 205, 222, 229, 253, 258, 265, 313, 317, 336, 340, 341, 356, 363, 365, 366, 367, 370, 375, 388, 391, 394, 396, 402, 410, 411, 412, 413, 415, 416, 417, 418, 419, 425, 429, 431, 433, 435, 437, 440, 441, 442, 443, 451, 452, 456, 457, 458, 460, 461, 464, 471, 473, 474, 475, 481, 482, 501, 596, 628, 635, 655, 675, 693, 716, 720, 725, 771, 775, 793, 796, 797, 811, 817, 818, 820, 825, 838, 841, 844, 846, 851, 857, 861, 862, 863, 864, 866, 867, 868, 870, 871, 877, 881, 883, 885, 888, 891, 892, 893, 898, 899, 904, 905, 907, 908, 911, 918, 920, 921, 922, 923, 924, 926, 931, 933]","[4, 31, 59, 135, 142, 147, 180, 218, 229, 232, 264, 269, 299, 318, 320, 331, 338, 352, 367, 382, 387, 403, 405, 408, 410, 455, 463, 465, 466, 468, 470, 472, 473, 483, 484, 490, 514, 535, 606, 613, 618, 651, 686, 693, 696, 724, 728, 758, 776, 778, 788, 794, 807, 832, 837, 852, 854, 858, 860, 861, 902, 910, 912, 913, 915, 917, 919, 920, 931, 934, 935]","[31, 142, 147, 180, 338, 352, 367, 387, 403, 405, 408, 410, 455, 465, 466, 468, 470, 472, 473, 483, 484, 514, 613, 618, 651, 794, 807, 837, 852, 854, 858, 861, 902, 912, 913, 915, 917, 919, 920, 931, 934, 935]",7/6 successful match,True,[44],True,129,False,,1.0,True,Steve's Tire & Oil ( Sinclair ),Sinclair
Fillmore ( 84631 ) Steve's Tire & Oil ( Sinclair ),3 435-743-6860 I-15 Exit 167 ( 1/4 mi S ),<U+25A1> <U+25A1>,Fillmore,84631,Steve's Tire & Oil ( Sinclair ),435-743-6860,2015,Fillmore,UT,Sinclair,( 1/4 mi S ),I-15 Exit 167 ,Exit,167,False,,False,I-15,,,,,"[920, 473]","[435, 437, 451, 452, 473, 888, 898, 899, 920]","[435, 437, 452, 473, 888, 899, 920]","[319, 452, 473, 777, 899, 920]","[398, 399, 400, 401, 402, 403, 404, 405, 406, 407, 408, 409, 410, 411, 412, 413, 414, 415, 416, 417, 418, 419, 420, 421, 422, 423, 424, 425, 426, 427, 428, 429, 430, 431, 432, 433, 434, 435, 436, 437, 438, 439, 440, 441, 442, 443, 444, 445, 446, 447, 448, 449, 450, 451, 452, 453, 454, 455, 456, 457, 458, 459, 460, 461, 462, 463, 464, 465, 466, 467, 468, 469, 470, 471, 472, 473, 474, 475, 476, 477, 478, 479, 480, 481, 482, 483, 484, 848, 849, 850, 851, 852, 853, 854, 855, 856, 857, 858, 859, 860, 861, 862, 863, 864, 865, 866, 867, 868, 869, 870, 871, 872, 873, 874, 875, 876, 877, 878, 879, 880, 881, 882, 883, 884, 885, 886, 887, 888, 889, 890, 891, 892, 893, 894, 895, 896, 897, 898, 899, 900, 901, 902, 903, 904, 905, 906, 907, 908, 909, 910, 911, 912, 913, 914, 915, 916, 917, 918, 919, 920, 921, 922, 923, 924, 925, 926, 927, 928, 929, 930, 931, 932, 933, 934, 935]","[16, 125, 156, 163, 168, 184, 205, 222, 229, 253, 258, 265, 313, 317, 336, 340, 341, 356, 363, 365, 366, 367, 370, 375, 388, 391, 394, 396, 402, 410, 411, 412, 413, 415, 416, 417, 418, 419, 425, 429, 431, 433, 435, 437, 440, 441, 442, 443, 451, 452, 456, 457, 458, 460, 461, 464, 471, 473, 474, 475, 481, 482, 501, 596, 628, 635, 655, 675, 693, 716, 720, 725, 771, 775, 793, 796, 797, 811, 817, 818, 820, 825, 838, 841, 844, 846, 851, 857, 861, 862, 863, 864, 866, 867, 868, 870, 871, 877, 881, 883, 885, 888, 891, 892, 893, 898, 899, 904, 905, 907, 908, 911, 918, 920, 921, 922, 923, 924, 926, 931, 933]","[31, 142, 147, 180, 338, 352, 367, 387, 403, 405, 408, 410, 455, 465, 466, 468, 470, 472, 473, 483, 484, 514, 613, 618, 651, 794, 807, 837, 852, 854, 858, 861, 902, 912, 913, 915, 917, 919, 920, 931, 934, 935]","[4, 31, 59, 135, 142, 147, 180, 218, 229, 232, 264, 269, 299, 318, 320, 331, 338, 352, 367, 382, 387, 403, 405, 408, 410, 455, 463, 465, 466, 468, 470, 472, 473, 483, 484, 490, 514, 535, 606, 613, 618, 651, 686, 693, 696, 724, 728, 758, 776, 778, 788, 794, 807, 832, 837, 852, 854, 858, 860, 861, 902, 910, 912, 913, 915, 917, 919, 920, 931, 934, 935]","[916, 514, 4, 917, 918, 387, 919, 16, 535, 921, 922, 31, 923, 388, 924, 925, 926, 927, 59, 928, 929, 930, 931, 932, 596, 933, 934, 606, 935, 613, 618, 391, 628, 635, 125, 135, 651, 142, 655, 147, 382, 336, 156, 163, 675, 338, 168, 686, 340, 341, 693, 180, 184, 696, 394, 716, 205, 720, 724, 725, 728, 218, 375, 222, 229, 232, 352, 396, 758, 253, 356, 258, 771, 775, 264, 777, 265, 776, 778, 269, 788, 793, 794, 796, 797, 363, 807, 811, 299, 365, 817, 366, 818, 820, 367, 313, 825, 317, 318, 319, 320, 832, 837, 370, 838, 841, 331, 844, 846, 848, 849, 850, 851, 852, 853, 854, 855, 856, 857, 858, 859, 860, 861, 862, 863, 864, 865, 866, 867, 868, 869, 870, 871, 872, 873, 874, 875, 876, 877, 878, 879, 880, 881, 882, 883, 884, 885, 886, 887, 888, 889, 890, 891, 892, 893, 894, 895, 896, 897, 898, 899, 900, 901, 902, 903, 904, 905, 906, 907, 908, 909, 398, 399, 400, 401, 402, 403, 404, 405, 406, 407, 920, 408, 409, 410, 411, 412, 413, 414, 415, 416, 417, 418, 419, 420, 421, 422, 423, 424, 425, 426, 427, 428, 429, 430, 431, 432, 433, 435, 434, 437, 436, 438, 439, 440, 441, 442, 443, 444, 445, 446, 447, 448, 449, 451, 452, 450, 453, 454, 455, 456, 457, 458, 459, 460, 461, 462, 463, 464, 465, 466, 467, 468, 469, 470, 471, 473, 472, 474, 475, 476, 477, 478, 479, 480, 481, 482, 483, 484, 910, 911, 490, 912, 913, 501, 914, 915]",True,"[435, 437, 451, 452, 473, 888, 898, 899, 920]","[398, 399, 400, 401, 402, 403, 404, 405, 406, 407, 408, 409, 410, 411, 412, 413, 414, 415, 416, 417, 418, 419, 420, 421, 422, 423, 424, 425, 426, 427, 428, 429, 430, 431, 432, 433, 434, 435, 436, 437, 438, 439, 440, 441, 442, 443, 444, 445, 446, 447, 448, 449, 450, 451, 452, 453, 454, 455, 456, 457, 458, 459, 460, 461, 462, 463, 464, 465, 466, 467, 468, 469, 470, 471, 472, 473, 474, 475, 476, 477, 478, 479, 480, 481, 482, 483, 484, 848, 849, 850, 851, 852, 853, 854, 855, 856, 857, 858, 859, 860, 861, 862, 863, 864, 865, 866, 867, 868, 869, 870, 871, 872, 873, 874, 875, 876, 877, 878, 879, 880, 881, 882, 883, 884, 885, 886, 887, 888, 889, 890, 891, 892, 893, 894, 895, 896, 897, 898, 899, 900, 901, 902, 903, 904, 905, 906, 907, 908, 909, 910, 911, 912, 913, 914, 915, 916, 917, 918, 919, 920, 921, 922, 923, 924, 925, 926, 927, 928, 929, 930, 931, 932, 933, 934, 935]","[435, 437, 452, 473, 888, 899, 920]","[319, 452, 473, 777, 899, 920]","[16, 125, 156, 163, 168, 184, 205, 222, 229, 253, 258, 265, 313, 317, 336, 340, 341, 356, 363, 365, 366, 367, 370, 375, 388, 391, 394, 396, 402, 410, 411, 412, 413, 415, 416, 417, 418, 419, 425, 429, 431, 433, 435, 437, 440, 441, 442, 443, 451, 452, 456, 457, 458, 460, 461, 464, 471, 473, 474, 475, 481, 482, 501, 596, 628, 635, 655, 675, 693, 716, 720, 725, 771, 775, 793, 796, 797, 811, 817, 818, 820, 825, 838, 841, 844, 846, 851, 857, 861, 862, 863, 864, 866, 867, 868, 870, 871, 877, 881, 883, 885, 888, 891, 892, 893, 898, 899, 904, 905, 907, 908, 911, 918, 920, 921, 922, 923, 924, 926, 931, 933]","[4, 31, 59, 135, 142, 147, 180, 218, 229, 232, 264, 269, 299, 318, 320, 331, 338, 352, 367, 382, 387, 403, 405, 408, 410, 455, 463, 465, 466, 468, 470, 472, 473, 483, 484, 490, 514, 535, 606, 613, 618, 651, 686, 693, 696, 724, 728, 758, 776, 778, 788, 794, 807, 832, 837, 852, 854, 858, 860, 861, 902, 910, 912, 913, 915, 917, 919, 920, 931, 934, 935]","[31, 142, 147, 180, 338, 352, 367, 387, 403, 405, 408, 410, 455, 465, 466, 468, 470, 472, 473, 483, 484, 514, 613, 618, 651, 794, 807, 837, 852, 854, 858, 861, 902, 912, 913, 915, 917, 919, 920, 931, 934, 935]",7/6 successful match,True,[44],True,129,False,,1.0,True,Steve's Tire & Oil ( Sinclair ),Sinclair
Fillmore ( 84631 ) Steve's Tire & Oil ( Sinclair ),435-743-6860 I-15 Exit 167 ( 1/4 mi S ),<U+25A1> <U+25A1> <U+25A1>,Fillmore,84631,Steve's Tire & Oil ( Sinclair ),435-743-6860,2016,Fillmore,UT,Sinclair,( 1/4 mi S ),I-15 Exit 167 ,Exit,167,False,,False,I-15,,,,,"[920, 473]","[435, 437, 451, 452, 473, 888, 898, 899, 920]","[435, 437, 452, 473, 888, 899, 920]","[319, 452, 473, 777, 899, 920]","[398, 399, 400, 401, 402, 403, 404, 405, 406, 407, 408, 409, 410, 411, 412, 413, 414, 415, 416, 417, 418, 419, 420, 421, 422, 423, 424, 425, 426, 427, 428, 429, 430, 431, 432, 433, 434, 435, 436, 437, 438, 439, 440, 441, 442, 443, 444, 445, 446, 447, 448, 449, 450, 451, 452, 453, 454, 455, 456, 457, 458, 459, 460, 461, 462, 463, 464, 465, 466, 467, 468, 469, 470, 471, 472, 473, 474, 475, 476, 477, 478, 479, 480, 481, 482, 483, 484, 848, 849, 850, 851, 852, 853, 854, 855, 856, 857, 858, 859, 860, 861, 862, 863, 864, 865, 866, 867, 868, 869, 870, 871, 872, 873, 874, 875, 876, 877, 878, 879, 880, 881, 882, 883, 884, 885, 886, 887, 888, 889, 890, 891, 892, 893, 894, 895, 896, 897, 898, 899, 900, 901, 902, 903, 904, 905, 906, 907, 908, 909, 910, 911, 912, 913, 914, 915, 916, 917, 918, 919, 920, 921, 922, 923, 924, 925, 926, 927, 928, 929, 930, 931, 932, 933, 934, 935]","[16, 125, 156, 163, 168, 184, 205, 222, 229, 253, 258, 265, 313, 317, 336, 340, 341, 356, 363, 365, 366, 367, 370, 375, 388, 391, 394, 396, 402, 410, 411, 412, 413, 415, 416, 417, 418, 419, 425, 429, 431, 433, 435, 437, 440, 441, 442, 443, 451, 452, 456, 457, 458, 460, 461, 464, 471, 473, 474, 475, 481, 482, 501, 596, 628, 635, 655, 675, 693, 716, 720, 725, 771, 775, 793, 796, 797, 811, 817, 818, 820, 825, 838, 841, 844, 846, 851, 857, 861, 862, 863, 864, 866, 867, 868, 870, 871, 877, 881, 883, 885, 888, 891, 892, 893, 898, 899, 904, 905, 907, 908, 911, 918, 920, 921, 922, 923, 924, 926, 931, 933]","[31, 142, 147, 180, 338, 352, 367, 387, 403, 405, 408, 410, 455, 465, 466, 468, 470, 472, 473, 483, 484, 514, 613, 618, 651, 794, 807, 837, 852, 854, 858, 861, 902, 912, 913, 915, 917, 919, 920, 931, 934, 935]","[4, 31, 59, 135, 142, 147, 180, 218, 229, 232, 264, 269, 299, 318, 320, 331, 338, 352, 367, 382, 387, 403, 405, 408, 410, 455, 463, 465, 466, 468, 470, 472, 473, 483, 484, 490, 514, 535, 606, 613, 618, 651, 686, 693, 696, 724, 728, 758, 776, 778, 788, 794, 807, 832, 837, 852, 854, 858, 860, 861, 902, 910, 912, 913, 915, 917, 919, 920, 931, 934, 935]","[916, 514, 4, 917, 918, 387, 919, 16, 535, 921, 922, 31, 923, 388, 924, 925, 926, 927, 59, 928, 929, 930, 931, 932, 596, 933, 934, 606, 935, 613, 618, 391, 628, 635, 125, 135, 651, 142, 655, 147, 382, 336, 156, 163, 675, 338, 168, 686, 340, 341, 693, 180, 184, 696, 394, 716, 205, 720, 724, 725, 728, 218, 375, 222, 229, 232, 352, 396, 758, 253, 356, 258, 771, 775, 264, 777, 265, 776, 778, 269, 788, 793, 794, 796, 797, 363, 807, 811, 299, 365, 817, 366, 818, 820, 367, 313, 825, 317, 318, 319, 320, 832, 837, 370, 838, 841, 331, 844, 846, 848, 849, 850, 851, 852, 853, 854, 855, 856, 857, 858, 859, 860, 861, 862, 863, 864, 865, 866, 867, 868, 869, 870, 871, 872, 873, 874, 875, 876, 877, 878, 879, 880, 881, 882, 883, 884, 885, 886, 887, 888, 889, 890, 891, 892, 893, 894, 895, 896, 897, 898, 899, 900, 901, 902, 903, 904, 905, 906, 907, 908, 909, 398, 399, 400, 401, 402, 403, 404, 405, 406, 407, 920, 408, 409, 410, 411, 412, 413, 414, 415, 416, 417, 418, 419, 420, 421, 422, 423, 424, 425, 426, 427, 428, 429, 430, 431, 432, 433, 435, 434, 437, 436, 438, 439, 440, 441, 442, 443, 444, 445, 446, 447, 448, 449, 451, 452, 450, 453, 454, 455, 456, 457, 458, 459, 460, 461, 462, 463, 464, 465, 466, 467, 468, 469, 470, 471, 473, 472, 474, 475, 476, 477, 478, 479, 480, 481, 482, 483, 484, 910, 911, 490, 912, 913, 501, 914, 915]",True,"[435, 437, 451, 452, 473, 888, 898, 899, 920]","[398, 399, 400, 401, 402, 403, 404, 405, 406, 407, 408, 409, 410, 411, 412, 413, 414, 415, 416, 417, 418, 419, 420, 421, 422, 423, 424, 425, 426, 427, 428, 429, 430, 431, 432, 433, 434, 435, 436, 437, 438, 439, 440, 441, 442, 443, 444, 445, 446, 447, 448, 449, 450, 451, 452, 453, 454, 455, 456, 457, 458, 459, 460, 461, 462, 463, 464, 465, 466, 467, 468, 469, 470, 471, 472, 473, 474, 475, 476, 477, 478, 479, 480, 481, 482, 483, 484, 848, 849, 850, 851, 852, 853, 854, 855, 856, 857, 858, 859, 860, 861, 862, 863, 864, 865, 866, 867, 868, 869, 870, 871, 872, 873, 874, 875, 876, 877, 878, 879, 880, 881, 882, 883, 884, 885, 886, 887, 888, 889, 890, 891, 892, 893, 894, 895, 896, 897, 898, 899, 900, 901, 902, 903, 904, 905, 906, 907, 908, 909, 910, 911, 912, 913, 914, 915, 916, 917, 918, 919, 920, 921, 922, 923, 924, 925, 926, 927, 928, 929, 930, 931, 932, 933, 934, 935]","[435, 437, 452, 473, 888, 899, 920]","[319, 452, 473, 777, 899, 920]","[16, 125, 156, 163, 168, 184, 205, 222, 229, 253, 258, 265, 313, 317, 336, 340, 341, 356, 363, 365, 366, 367, 370, 375, 388, 391, 394, 396, 402, 410, 411, 412, 413, 415, 416, 417, 418, 419, 425, 429, 431, 433, 435, 437, 440, 441, 442, 443, 451, 452, 456, 457, 458, 460, 461, 464, 471, 473, 474, 475, 481, 482, 501, 596, 628, 635, 655, 675, 693, 716, 720, 725, 771, 775, 793, 796, 797, 811, 817, 818, 820, 825, 838, 841, 844, 846, 851, 857, 861, 862, 863, 864, 866, 867, 868, 870, 871, 877, 881, 883, 885, 888, 891, 892, 893, 898, 899, 904, 905, 907, 908, 911, 918, 920, 921, 922, 923, 924, 926, 931, 933]","[4, 31, 59, 135, 142, 147, 180, 218, 229, 232, 264, 269, 299, 318, 320, 331, 338, 352, 367, 382, 387, 403, 405, 408, 410, 455, 463, 465, 466, 468, 470, 472, 473, 483, 484, 490, 514, 535, 606, 613, 618, 651, 686, 693, 696, 724, 728, 758, 776, 778, 788, 794, 807, 832, 837, 852, 854, 858, 860, 861, 902, 910, 912, 913, 915, 917, 919, 920, 931, 934, 935]","[31, 142, 147, 180, 338, 352, 367, 387, 403, 405, 408, 410, 455, 465, 466, 468, 470, 472, 473, 483, 484, 514, 613, 618, 651, 794, 807, 837, 852, 854, 858, 861, 902, 912, 913, 915, 917, 919, 920, 931, 934, 935]",7/6 successful match,True,[44],True,129,False,,1.0,True,Steve's Tire & Oil ( Sinclair ),Sinclair
"Meadow , 84644 Meadow Chevron & Food Mart",435-842-7132 I-15 Exit 158,,Meadow,84644,Meadow Chevron & Food Mart,435-842-7132,2006,Meadow,UT,Chevron,,I-15 Exit 158,Exit,158,False,,False,I-15,,,,,"[898, 451]",[],"[451, 898]","[451, 898]","[398, 399, 400, 401, 402, 403, 404, 405, 406, 407, 408, 409, 410, 411, 412, 413, 414, 415, 416, 417, 418, 419, 420, 421, 422, 423, 424, 425, 426, 427, 428, 429, 430, 431, 432, 433, 434, 435, 436, 437, 438, 439, 440, 441, 442, 443, 444, 445, 446, 447, 448, 449, 450, 451, 452, 453, 454, 455, 456, 457, 458, 459, 460, 461, 462, 463, 464, 465, 466, 467, 468, 469, 470, 471, 472, 473, 474, 475, 476, 477, 478, 479, 480, 481, 482, 483, 484, 848, 849, 850, 851, 852, 853, 854, 855, 856, 857, 858, 859, 860, 861, 862, 863, 864, 865, 866, 867, 868, 869, 870, 871, 872, 873, 874, 875, 876, 877, 878, 879, 880, 881, 882, 883, 884, 885, 886, 887, 888, 889, 890, 891, 892, 893, 894, 895, 896, 897, 898, 899, 900, 901, 902, 903, 904, 905, 906, 907, 908, 909, 910, 911, 912, 913, 914, 915, 916, 917, 918, 919, 920, 921, 922, 923, 924, 925, 926, 927, 928, 929, 930, 931, 932, 933, 934, 935]","[16, 125, 156, 163, 168, 184, 205, 222, 229, 253, 258, 265, 313, 317, 336, 340, 341, 356, 363, 365, 366, 367, 370, 375, 388, 391, 394, 396, 402, 410, 411, 412, 413, 415, 416, 417, 418, 419, 425, 429, 431, 433, 435, 437, 440, 441, 442, 443, 451, 452, 456, 457, 458, 460, 461, 464, 471, 473, 474, 475, 481, 482, 501, 596, 628, 635, 655, 675, 693, 716, 720, 725, 771, 775, 793, 796, 797, 811, 817, 818, 820, 825, 838, 841, 844, 846, 851, 857, 861, 862, 863, 864, 866, 867, 868, 870, 871, 877, 881, 883, 885, 888, 891, 892, 893, 898, 899, 904, 905, 907, 908, 911, 918, 920, 921, 922, 923, 924, 926, 931, 933]","[12, 24, 25, 28, 88, 100, 104, 119, 123, 129, 136, 137, 139, 140, 141, 148, 155, 169, 172, 179, 183, 185, 188, 196, 198, 217, 237, 267, 270, 278, 319, 321, 324, 325, 330, 334, 335, 354, 366, 369, 380, 383, 384, 386, 395, 407, 411, 423, 428, 436, 437, 452, 453, 456, 467, 471, 477, 478, 479, 497, 508, 511, 559, 571, 575, 590, 594, 600, 607, 608, 610, 611, 612, 619, 627, 640, 643, 650, 654, 656, 659, 667, 669, 685, 701, 726, 729, 737, 777, 779, 782, 783, 787, 790, 791, 809, 817, 819, 830, 833, 834, 836, 845, 856, 857, 860, 862, 875, 880, 887, 888, 899, 900, 914, 918, 921, 928, 929, 930]","[12, 24, 25, 28, 88, 100, 104, 119, 123, 129, 136, 137, 139, 140, 141, 148, 155, 169, 172, 179, 183, 185, 188, 196, 198, 217, 237, 267, 270, 278, 319, 321, 324, 325, 330, 334, 335, 354, 366, 369, 380, 383, 384, 386, 395, 407, 411, 423, 428, 436, 437, 451, 452, 453, 456, 467, 471, 477, 478, 479, 497, 508, 511, 559, 571, 575, 590, 594, 600, 607, 608, 610, 611, 612, 619, 627, 640, 643, 650, 654, 656, 659, 667, 669, 685, 701, 726, 729, 737, 777, 779, 782, 783, 787, 790, 791, 809, 817, 819, 830, 833, 834, 836, 845, 856, 857, 860, 862, 875, 880, 887, 888, 898, 899, 900, 914, 918, 921, 928, 929, 930]","[12, 16, 24, 25, 28, 88, 100, 104, 119, 123, 125, 129, 136, 137, 139, 140, 141, 148, 155, 156, 163, 168, 169, 172, 179, 183, 184, 185, 188, 196, 198, 205, 217, 222, 229, 237, 253, 258, 265, 267, 270, 278, 313, 317, 319, 321, 324, 325, 330, 334, 335, 336, 340, 341, 354, 356, 363, 365, 366, 367, 369, 370, 375, 380, 383, 384, 386, 388, 391, 394, 395, 396, 398, 399, 400, 401, 402, 403, 404, 405, 406, 407, 408, 409, 410, 411, 412, 413, 414, 415, 416, 417, 418, 419, 420, 421, 422, 423, 424, 425, 426, 427, 428, 429, 430, 431, 432, 433, 434, 435, 436, 437, 438, 439, 440, 441, 442, 443, 444, 445, 446, 447, 448, 449, 450, 451, 452, 453, 454, 455, 456, 457, 458, 459, 460, 461, 462, 463, 464, 465, 466, 467, 468, 469, 470, 471, 472, 473, 474, 475, 476, 477, 478, 479, 480, 481, 482, 483, 484, 497, 501, 508, 511, 559, 571, 575, 590, 594, 596, 600, 607, 608, 610, 611, 612, 619, 627, 628, 635, 640, 643, 650, 654, 655, 656, 659, 667, 669, 675, 685, 693, 701, 716, 720, 725, 726, 729, 737, 771, 775, 777, 779, 782, 783, 787, 790, 791, 793, 796, 797, 809, 811, 817, 818, 819, 820, 825, 830, 833, 834, 836, 838, 841, 844, 845, 846, 848, 849, 850, 851, 852, 853, 854, 855, 856, 857, 858, 859, 860, 861, 862, 863, 864, 865, 866, 867, 868, 869, 870, 871, 872, 873, 874, 875, 876, 877, 878, 879, 880, 881, 882, 883, 884, 885, 886, 887, 888, 889, 890, 891, 892, 893, 894, 895, 896, 897, 898, 899, 900, 901, 902, 903, 904, 905, 906, 907, 908, 909, 910, 911, 912, 913, 914, 915, 916, 917, 918, 919, 920, 921, 922, 923, 924, 925, 926, 927, 928, 929, 930, 931, 932, 933, 934, 935]",True,[],"[398, 399, 400, 401, 402, 403, 404, 405, 406, 407, 408, 409, 410, 411, 412, 413, 414, 415, 416, 417, 418, 419, 420, 421, 422, 423, 424, 425, 426, 427, 428, 429, 430, 431, 432, 433, 434, 435, 436, 437, 438, 439, 440, 441, 442, 443, 444, 445, 446, 447, 448, 449, 450, 451, 452, 453, 454, 455, 456, 457, 458, 459, 460, 461, 462, 463, 464, 465, 466, 467, 468, 469, 470, 471, 472, 473, 474, 475, 476, 477, 478, 479, 480, 481, 482, 483, 484, 848, 849, 850, 851, 852, 853, 854, 855, 856, 857, 858, 859, 860, 861, 862, 863, 864, 865, 866, 867, 868, 869, 870, 871, 872, 873, 874, 875, 876, 877, 878, 879, 880, 881, 882, 883, 884, 885, 886, 887, 888, 889, 890, 891, 892, 893, 894, 895, 896, 897, 898, 899, 900, 901, 902, 903, 904, 905, 906, 907, 908, 909, 910, 911, 912, 913, 914, 915, 916, 917, 918, 919, 920, 921, 922, 923, 924, 925, 926, 927, 928, 929, 930, 931, 932, 933, 934, 935]","[451, 898]","[451, 898]","[16, 125, 156, 163, 168, 184, 205, 222, 229, 253, 258, 265, 313, 317, 336, 340, 341, 356, 363, 365, 366, 367, 370, 375, 388, 391, 394, 396, 402, 410, 411, 412, 413, 415, 416, 417, 418, 419, 425, 429, 431, 433, 435, 437, 440, 441, 442, 443, 451, 452, 456, 457, 458, 460, 461, 464, 471, 473, 474, 475, 481, 482, 501, 596, 628, 635, 655, 675, 693, 716, 720, 725, 771, 775, 793, 796, 797, 811, 817, 818, 820, 825, 838, 841, 844, 846, 851, 857, 861, 862, 863, 864, 866, 867, 868, 870, 871, 877, 881, 883, 885, 888, 891, 892, 893, 898, 899, 904, 905, 907, 908, 911, 918, 920, 921, 922, 923, 924, 926, 931, 933]","[12, 24, 25, 28, 88, 100, 104, 119, 123, 129, 136, 137, 139, 140, 141, 148, 155, 169, 172, 179, 183, 185, 188, 196, 198, 217, 237, 267, 270, 278, 319, 321, 324, 325, 330, 334, 335, 354, 366, 369, 380, 383, 384, 386, 395, 407, 411, 423, 428, 436, 437, 451, 452, 453, 456, 467, 471, 477, 478, 479, 497, 508, 511, 559, 571, 575, 590, 594, 600, 607, 608, 610, 611, 612, 619, 627, 640, 643, 650, 654, 656, 659, 667, 669, 685, 701, 726, 729, 737, 777, 779, 782, 783, 787, 790, 791, 809, 817, 819, 830, 833, 834, 836, 845, 856, 857, 860, 862, 875, 880, 887, 888, 898, 899, 900, 914, 918, 921, 928, 929, 930]","[12, 24, 25, 28, 88, 100, 104, 119, 123, 129, 136, 137, 139, 140, 141, 148, 155, 169, 172, 179, 183, 185, 188, 196, 198, 217, 237, 267, 270, 278, 319, 321, 324, 325, 330, 334, 335, 354, 366, 369, 380, 383, 384, 386, 395, 407, 411, 423, 428, 436, 437, 452, 453, 456, 467, 471, 477, 478, 479, 497, 508, 511, 559, 571, 575, 590, 594, 600, 607, 608, 610, 611, 612, 619, 627, 640, 643, 650, 654, 656, 659, 667, 669, 685, 701, 726, 729, 737, 777, 779, 782, 783, 787, 790, 791, 809, 817, 819, 830, 833, 834, 836, 845, 856, 857, 860, 862, 875, 880, 887, 888, 899, 900, 914, 918, 921, 928, 929, 930]",6/6 successful match,True,"[4, 5]",True,130,False,,,,,
"Meadow , 84644 Meadow Chevron & Food Mart",435-842-7132 I-15 Exit 158,,Meadow,84644,Meadow Chevron & Food Mart,435-842-7132,2007,Meadow,UT,Chevron,,I-15 Exit 158,Exit,158,False,,False,I-15,,,,,"[898, 451]",[],"[451, 898]","[451, 898]","[398, 399, 400, 401, 402, 403, 404, 405, 406, 407, 408, 409, 410, 411, 412, 413, 414, 415, 416, 417, 418, 419, 420, 421, 422, 423, 424, 425, 426, 427, 428, 429, 430, 431, 432, 433, 434, 435, 436, 437, 438, 439, 440, 441, 442, 443, 444, 445, 446, 447, 448, 449, 450, 451, 452, 453, 454, 455, 456, 457, 458, 459, 460, 461, 462, 463, 464, 465, 466, 467, 468, 469, 470, 471, 472, 473, 474, 475, 476, 477, 478, 479, 480, 481, 482, 483, 484, 848, 849, 850, 851, 852, 853, 854, 855, 856, 857, 858, 859, 860, 861, 862, 863, 864, 865, 866, 867, 868, 869, 870, 871, 872, 873, 874, 875, 876, 877, 878, 879, 880, 881, 882, 883, 884, 885, 886, 887, 888, 889, 890, 891, 892, 893, 894, 895, 896, 897, 898, 899, 900, 901, 902, 903, 904, 905, 906, 907, 908, 909, 910, 911, 912, 913, 914, 915, 916, 917, 918, 919, 920, 921, 922, 923, 924, 925, 926, 927, 928, 929, 930, 931, 932, 933, 934, 935]","[16, 125, 156, 163, 168, 184, 205, 222, 229, 253, 258, 265, 313, 317, 336, 340, 341, 356, 363, 365, 366, 367, 370, 375, 388, 391, 394, 396, 402, 410, 411, 412, 413, 415, 416, 417, 418, 419, 425, 429, 431, 433, 435, 437, 440, 441, 442, 443, 451, 452, 456, 457, 458, 460, 461, 464, 471, 473, 474, 475, 481, 482, 501, 596, 628, 635, 655, 675, 693, 716, 720, 725, 771, 775, 793, 796, 797, 811, 817, 818, 820, 825, 838, 841, 844, 846, 851, 857, 861, 862, 863, 864, 866, 867, 868, 870, 871, 877, 881, 883, 885, 888, 891, 892, 893, 898, 899, 904, 905, 907, 908, 911, 918, 920, 921, 922, 923, 924, 926, 931, 933]","[12, 24, 25, 28, 88, 100, 104, 119, 123, 129, 136, 137, 139, 140, 141, 148, 155, 169, 172, 179, 183, 185, 188, 196, 198, 217, 237, 267, 270, 278, 319, 321, 324, 325, 330, 334, 335, 354, 366, 369, 380, 383, 384, 386, 395, 407, 411, 423, 428, 436, 437, 452, 453, 456, 467, 471, 477, 478, 479, 497, 508, 511, 559, 571, 575, 590, 594, 600, 607, 608, 610, 611, 612, 619, 627, 640, 643, 650, 654, 656, 659, 667, 669, 685, 701, 726, 729, 737, 777, 779, 782, 783, 787, 790, 791, 809, 817, 819, 830, 833, 834, 836, 845, 856, 857, 860, 862, 875, 880, 887, 888, 899, 900, 914, 918, 921, 928, 929, 930]","[12, 24, 25, 28, 88, 100, 104, 119, 123, 129, 136, 137, 139, 140, 141, 148, 155, 169, 172, 179, 183, 185, 188, 196, 198, 217, 237, 267, 270, 278, 319, 321, 324, 325, 330, 334, 335, 354, 366, 369, 380, 383, 384, 386, 395, 407, 411, 423, 428, 436, 437, 451, 452, 453, 456, 467, 471, 477, 478, 479, 497, 508, 511, 559, 571, 575, 590, 594, 600, 607, 608, 610, 611, 612, 619, 627, 640, 643, 650, 654, 656, 659, 667, 669, 685, 701, 726, 729, 737, 777, 779, 782, 783, 787, 790, 791, 809, 817, 819, 830, 833, 834, 836, 845, 856, 857, 860, 862, 875, 880, 887, 888, 898, 899, 900, 914, 918, 921, 928, 929, 930]","[12, 16, 24, 25, 28, 88, 100, 104, 119, 123, 125, 129, 136, 137, 139, 140, 141, 148, 155, 156, 163, 168, 169, 172, 179, 183, 184, 185, 188, 196, 198, 205, 217, 222, 229, 237, 253, 258, 265, 267, 270, 278, 313, 317, 319, 321, 324, 325, 330, 334, 335, 336, 340, 341, 354, 356, 363, 365, 366, 367, 369, 370, 375, 380, 383, 384, 386, 388, 391, 394, 395, 396, 398, 399, 400, 401, 402, 403, 404, 405, 406, 407, 408, 409, 410, 411, 412, 413, 414, 415, 416, 417, 418, 419, 420, 421, 422, 423, 424, 425, 426, 427, 428, 429, 430, 431, 432, 433, 434, 435, 436, 437, 438, 439, 440, 441, 442, 443, 444, 445, 446, 447, 448, 449, 450, 451, 452, 453, 454, 455, 456, 457, 458, 459, 460, 461, 462, 463, 464, 465, 466, 467, 468, 469, 470, 471, 472, 473, 474, 475, 476, 477, 478, 479, 480, 481, 482, 483, 484, 497, 501, 508, 511, 559, 571, 575, 590, 594, 596, 600, 607, 608, 610, 611, 612, 619, 627, 628, 635, 640, 643, 650, 654, 655, 656, 659, 667, 669, 675, 685, 693, 701, 716, 720, 725, 726, 729, 737, 771, 775, 777, 779, 782, 783, 787, 790, 791, 793, 796, 797, 809, 811, 817, 818, 819, 820, 825, 830, 833, 834, 836, 838, 841, 844, 845, 846, 848, 849, 850, 851, 852, 853, 854, 855, 856, 857, 858, 859, 860, 861, 862, 863, 864, 865, 866, 867, 868, 869, 870, 871, 872, 873, 874, 875, 876, 877, 878, 879, 880, 881, 882, 883, 884, 885, 886, 887, 888, 889, 890, 891, 892, 893, 894, 895, 896, 897, 898, 899, 900, 901, 902, 903, 904, 905, 906, 907, 908, 909, 910, 911, 912, 913, 914, 915, 916, 917, 918, 919, 920, 921, 922, 923, 924, 925, 926, 927, 928, 929, 930, 931, 932, 933, 934, 935]",True,[],"[398, 399, 400, 401, 402, 403, 404, 405, 406, 407, 408, 409, 410, 411, 412, 413, 414, 415, 416, 417, 418, 419, 420, 421, 422, 423, 424, 425, 426, 427, 428, 429, 430, 431, 432, 433, 434, 435, 436, 437, 438, 439, 440, 441, 442, 443, 444, 445, 446, 447, 448, 449, 450, 451, 452, 453, 454, 455, 456, 457, 458, 459, 460, 461, 462, 463, 464, 465, 466, 467, 468, 469, 470, 471, 472, 473, 474, 475, 476, 477, 478, 479, 480, 481, 482, 483, 484, 848, 849, 850, 851, 852, 853, 854, 855, 856, 857, 858, 859, 860, 861, 862, 863, 864, 865, 866, 867, 868, 869, 870, 871, 872, 873, 874, 875, 876, 877, 878, 879, 880, 881, 882, 883, 884, 885, 886, 887, 888, 889, 890, 891, 892, 893, 894, 895, 896, 897, 898, 899, 900, 901, 902, 903, 904, 905, 906, 907, 908, 909, 910, 911, 912, 913, 914, 915, 916, 917, 918, 919, 920, 921, 922, 923, 924, 925, 926, 927, 928, 929, 930, 931, 932, 933, 934, 935]","[451, 898]","[451, 898]","[16, 125, 156, 163, 168, 184, 205, 222, 229, 253, 258, 265, 313, 317, 336, 340, 341, 356, 363, 365, 366, 367, 370, 375, 388, 391, 394, 396, 402, 410, 411, 412, 413, 415, 416, 417, 418, 419, 425, 429, 431, 433, 435, 437, 440, 441, 442, 443, 451, 452, 456, 457, 458, 460, 461, 464, 471, 473, 474, 475, 481, 482, 501, 596, 628, 635, 655, 675, 693, 716, 720, 725, 771, 775, 793, 796, 797, 811, 817, 818, 820, 825, 838, 841, 844, 846, 851, 857, 861, 862, 863, 864, 866, 867, 868, 870, 871, 877, 881, 883, 885, 888, 891, 892, 893, 898, 899, 904, 905, 907, 908, 911, 918, 920, 921, 922, 923, 924, 926, 931, 933]","[12, 24, 25, 28, 88, 100, 104, 119, 123, 129, 136, 137, 139, 140, 141, 148, 155, 169, 172, 179, 183, 185, 188, 196, 198, 217, 237, 267, 270, 278, 319, 321, 324, 325, 330, 334, 335, 354, 366, 369, 380, 383, 384, 386, 395, 407, 411, 423, 428, 436, 437, 451, 452, 453, 456, 467, 471, 477, 478, 479, 497, 508, 511, 559, 571, 575, 590, 594, 600, 607, 608, 610, 611, 612, 619, 627, 640, 643, 650, 654, 656, 659, 667, 669, 685, 701, 726, 729, 737, 777, 779, 782, 783, 787, 790, 791, 809, 817, 819, 830, 833, 834, 836, 845, 856, 857, 860, 862, 875, 880, 887, 888, 898, 899, 900, 914, 918, 921, 928, 929, 930]","[12, 24, 25, 28, 88, 100, 104, 119, 123, 129, 136, 137, 139, 140, 141, 148, 155, 169, 172, 179, 183, 185, 188, 196, 198, 217, 237, 267, 270, 278, 319, 321, 324, 325, 330, 334, 335, 354, 366, 369, 380, 383, 384, 386, 395, 407, 411, 423, 428, 436, 437, 452, 453, 456, 467, 471, 477, 478, 479, 497, 508, 511, 559, 571, 575, 590, 594, 600, 607, 608, 610, 611, 612, 619, 627, 640, 643, 650, 654, 656, 659, 667, 669, 685, 701, 726, 729, 737, 777, 779, 782, 783, 787, 790, 791, 809, 817, 819, 830, 833, 834, 836, 845, 856, 857, 860, 862, 875, 880, 887, 888, 899, 900, 914, 918, 921, 928, 929, 930]",6/6 successful match,True,"[4, 5]",True,130,False,,1.0,True,Meadow Chevron & Food Mart,Chevron
"Meadow , 84644 Meadow Food Mart",435-842-7132 I-15 Exit 158 ( Chevron ),<U+2610> SOO <U+2610>,Meadow,84644,Meadow Food Mart,435-842-7132,2008,Meadow,UT,,( Chevron ),I-15 Exit 158 ,Exit,158,False,,False,I-15,,,,,"[898, 451]",[],"[451, 898]","[451, 898]","[398, 399, 400, 401, 402, 403, 404, 405, 406, 407, 408, 409, 410, 411, 412, 413, 414, 415, 416, 417, 418, 419, 420, 421, 422, 423, 424, 425, 426, 427, 428, 429, 430, 431, 432, 433, 434, 435, 436, 437, 438, 439, 440, 441, 442, 443, 444, 445, 446, 447, 448, 449, 450, 451, 452, 453, 454, 455, 456, 457, 458, 459, 460, 461, 462, 463, 464, 465, 466, 467, 468, 469, 470, 471, 472, 473, 474, 475, 476, 477, 478, 479, 480, 481, 482, 483, 484, 848, 849, 850, 851, 852, 853, 854, 855, 856, 857, 858, 859, 860, 861, 862, 863, 864, 865, 866, 867, 868, 869, 870, 871, 872, 873, 874, 875, 876, 877, 878, 879, 880, 881, 882, 883, 884, 885, 886, 887, 888, 889, 890, 891, 892, 893, 894, 895, 896, 897, 898, 899, 900, 901, 902, 903, 904, 905, 906, 907, 908, 909, 910, 911, 912, 913, 914, 915, 916, 917, 918, 919, 920, 921, 922, 923, 924, 925, 926, 927, 928, 929, 930, 931, 932, 933, 934, 935]","[16, 125, 156, 163, 168, 184, 205, 222, 229, 253, 258, 265, 313, 317, 336, 340, 341, 356, 363, 365, 366, 367, 370, 375, 388, 391, 394, 396, 402, 410, 411, 412, 413, 415, 416, 417, 418, 419, 425, 429, 431, 433, 435, 437, 440, 441, 442, 443, 451, 452, 456, 457, 458, 460, 461, 464, 471, 473, 474, 475, 481, 482, 501, 596, 628, 635, 655, 675, 693, 716, 720, 725, 771, 775, 793, 796, 797, 811, 817, 818, 820, 825, 838, 841, 844, 846, 851, 857, 861, 862, 863, 864, 866, 867, 868, 870, 871, 877, 881, 883, 885, 888, 891, 892, 893, 898, 899, 904, 905, 907, 908, 911, 918, 920, 921, 922, 923, 924, 926, 931, 933]",[],"[451, 898]","[916, 917, 918, 919, 16, 920, 921, 922, 923, 388, 924, 925, 926, 927, 928, 929, 930, 931, 932, 596, 933, 934, 935, 391, 628, 635, 125, 655, 336, 156, 163, 675, 168, 340, 341, 693, 184, 394, 716, 205, 720, 725, 375, 222, 229, 396, 253, 356, 258, 771, 775, 265, 793, 796, 797, 363, 811, 365, 817, 366, 818, 820, 367, 313, 825, 317, 370, 838, 841, 844, 846, 848, 849, 850, 851, 852, 853, 854, 855, 856, 857, 858, 859, 860, 861, 862, 863, 864, 865, 866, 867, 868, 869, 870, 871, 872, 873, 874, 875, 876, 877, 878, 879, 880, 881, 882, 883, 884, 885, 886, 887, 888, 889, 890, 891, 892, 893, 894, 895, 896, 897, 898, 899, 900, 901, 902, 903, 904, 905, 906, 907, 908, 909, 398, 399, 400, 401, 402, 403, 404, 405, 406, 407, 408, 409, 410, 411, 412, 413, 414, 415, 416, 417, 418, 419, 420, 421, 422, 423, 424, 425, 426, 427, 428, 429, 430, 431, 432, 433, 434, 435, 436, 437, 438, 439, 440, 441, 442, 443, 444, 445, 446, 447, 448, 449, 450, 451, 452, 453, 454, 455, 456, 457, 458, 459, 460, 461, 462, 463, 464, 465, 466, 467, 468, 469, 470, 471, 472, 473, 474, 475, 476, 477, 478, 479, 480, 481, 482, 483, 484, 910, 911, 912, 913, 501, 914, 915]",True,[],"[398, 399, 400, 401, 402, 403, 404, 405, 406, 407, 408, 409, 410, 411, 412, 413, 414, 415, 416, 417, 418, 419, 420, 421, 422, 423, 424, 425, 426, 427, 428, 429, 430, 431, 432, 433, 434, 435, 436, 437, 438, 439, 440, 441, 442, 443, 444, 445, 446, 447, 448, 449, 450, 451, 452, 453, 454, 455, 456, 457, 458, 459, 460, 461, 462, 463, 464, 465, 466, 467, 468, 469, 470, 471, 472, 473, 474, 475, 476, 477, 478, 479, 480, 481, 482, 483, 484, 848, 849, 850, 851, 852, 853, 854, 855, 856, 857, 858, 859, 860, 861, 862, 863, 864, 865, 866, 867, 868, 869, 870, 871, 872, 873, 874, 875, 876, 877, 878, 879, 880, 881, 882, 883, 884, 885, 886, 887, 888, 889, 890, 891, 892, 893, 894, 895, 896, 897, 898, 899, 900, 901, 902, 903, 904, 905, 906, 907, 908, 909, 910, 911, 912, 913, 914, 915, 916, 917, 918, 919, 920, 921, 922, 923, 924, 925, 926, 927, 928, 929, 930, 931, 932, 933, 934, 935]","[451, 898]","[451, 898]","[16, 125, 156, 163, 168, 184, 205, 222, 229, 253, 258, 265, 313, 317, 336, 340, 341, 356, 363, 365, 366, 367, 370, 375, 388, 391, 394, 396, 402, 410, 411, 412, 413, 415, 416, 417, 418, 419, 425, 429, 431, 433, 435, 437, 440, 441, 442, 443, 451, 452, 456, 457, 458, 460, 461, 464, 471, 473, 474, 475, 481, 482, 501, 596, 628, 635, 655, 675, 693, 716, 720, 725, 771, 775, 793, 796, 797, 811, 817, 818, 820, 825, 838, 841, 844, 846, 851, 857, 861, 862, 863, 864, 866, 867, 868, 870, 871, 877, 881, 883, 885, 888, 891, 892, 893, 898, 899, 904, 905, 907, 908, 911, 918, 920, 921, 922, 923, 924, 926, 931, 933]","[451, 898]",[],7/6 successful match,True,"[4, 5]",True,130,False,,1.0,True,Meadow Chevron & Food Mart,Chevron
Meadow ( 84644 ) Meadow Food Mart ( Conoco ),3 435-842-7132 I-15 Exit 158,SO <U+2610>,Meadow,84644,Meadow Food Mart ( Conoco ),435-842-7132,2014,Meadow,UT,Conoco,,I-15 Exit 158,Exit,158,False,,False,I-15,,,,,"[898, 451]",[],"[451, 898]","[451, 898]","[398, 399, 400, 401, 402, 403, 404, 405, 406, 407, 408, 409, 410, 411, 412, 413, 414, 415, 416, 417, 418, 419, 420, 421, 422, 423, 424, 425, 426, 427, 428, 429, 430, 431, 432, 433, 434, 435, 436, 437, 438, 439, 440, 441, 442, 443, 444, 445, 446, 447, 448, 449, 450, 451, 452, 453, 454, 455, 456, 457, 458, 459, 460, 461, 462, 463, 464, 465, 466, 467, 468, 469, 470, 471, 472, 473, 474, 475, 476, 477, 478, 479, 480, 481, 482, 483, 484, 848, 849, 850, 851, 852, 853, 854, 855, 856, 857, 858, 859, 860, 861, 862, 863, 864, 865, 866, 867, 868, 869, 870, 871, 872, 873, 874, 875, 876, 877, 878, 879, 880, 881, 882, 883, 884, 885, 886, 887, 888, 889, 890, 891, 892, 893, 894, 895, 896, 897, 898, 899, 900, 901, 902, 903, 904, 905, 906, 907, 908, 909, 910, 911, 912, 913, 914, 915, 916, 917, 918, 919, 920, 921, 922, 923, 924, 925, 926, 927, 928, 929, 930, 931, 932, 933, 934, 935]","[16, 125, 156, 163, 168, 184, 205, 222, 229, 253, 258, 265, 313, 317, 336, 340, 341, 356, 363, 365, 366, 367, 370, 375, 388, 391, 394, 396, 402, 410, 411, 412, 413, 415, 416, 417, 418, 419, 425, 429, 431, 433, 435, 437, 440, 441, 442, 443, 451, 452, 456, 457, 458, 460, 461, 464, 471, 473, 474, 475, 481, 482, 501, 596, 628, 635, 655, 675, 693, 716, 720, 725, 771, 775, 793, 796, 797, 811, 817, 818, 820, 825, 838, 841, 844, 846, 851, 857, 861, 862, 863, 864, 866, 867, 868, 870, 871, 877, 881, 883, 885, 888, 891, 892, 893, 898, 899, 904, 905, 907, 908, 911, 918, 920, 921, 922, 923, 924, 926, 931, 933]","[3, 27, 349, 406, 451, 489, 510, 804, 855, 898]","[3, 27, 349, 406, 451, 489, 510, 804, 855, 898]","[916, 3, 917, 918, 919, 16, 920, 921, 27, 922, 923, 388, 924, 925, 926, 927, 928, 929, 930, 931, 932, 596, 933, 934, 935, 391, 628, 635, 125, 655, 336, 156, 163, 675, 168, 340, 341, 693, 184, 394, 716, 205, 720, 725, 375, 349, 222, 229, 396, 253, 356, 258, 771, 775, 265, 793, 796, 797, 363, 804, 811, 365, 817, 366, 818, 820, 367, 313, 825, 317, 370, 838, 841, 844, 846, 848, 849, 850, 851, 852, 853, 854, 855, 856, 857, 858, 859, 860, 861, 862, 863, 864, 865, 866, 867, 868, 869, 870, 871, 872, 873, 874, 875, 876, 877, 878, 879, 880, 881, 882, 883, 884, 885, 886, 887, 888, 889, 890, 891, 892, 893, 894, 895, 896, 897, 898, 899, 900, 901, 902, 903, 904, 905, 906, 907, 908, 909, 398, 399, 400, 401, 402, 403, 404, 405, 406, 407, 408, 409, 410, 411, 412, 413, 414, 415, 416, 417, 418, 419, 420, 421, 422, 423, 424, 425, 426, 427, 428, 429, 430, 431, 432, 433, 434, 435, 436, 437, 438, 439, 440, 441, 442, 443, 444, 445, 446, 447, 448, 449, 450, 451, 452, 453, 454, 455, 456, 457, 458, 459, 460, 461, 462, 463, 464, 465, 466, 467, 468, 469, 470, 471, 472, 473, 474, 475, 476, 477, 478, 479, 480, 481, 482, 483, 484, 910, 911, 489, 912, 913, 501, 914, 915, 510]",True,[],"[398, 399, 400, 401, 402, 403, 404, 405, 406, 407, 408, 409, 410, 411, 412, 413, 414, 415, 416, 417, 418, 419, 420, 421, 422, 423, 424, 425, 426, 427, 428, 429, 430, 431, 432, 433, 434, 435, 436, 437, 438, 439, 440, 441, 442, 443, 444, 445, 446, 447, 448, 449, 450, 451, 452, 453, 454, 455, 456, 457, 458, 459, 460, 461, 462, 463, 464, 465, 466, 467, 468, 469, 470, 471, 472, 473, 474, 475, 476, 477, 478, 479, 480, 481, 482, 483, 484, 848, 849, 850, 851, 852, 853, 854, 855, 856, 857, 858, 859, 860, 861, 862, 863, 864, 865, 866, 867, 868, 869, 870, 871, 872, 873, 874, 875, 876, 877, 878, 879, 880, 881, 882, 883, 884, 885, 886, 887, 888, 889, 890, 891, 892, 893, 894, 895, 896, 897, 898, 899, 900, 901, 902, 903, 904, 905, 906, 907, 908, 909, 910, 911, 912, 913, 914, 915, 916, 917, 918, 919, 920, 921, 922, 923, 924, 925, 926, 927, 928, 929, 930, 931, 932, 933, 934, 935]","[451, 898]","[451, 898]","[16, 125, 156, 163, 168, 184, 205, 222, 229, 253, 258, 265, 313, 317, 336, 340, 341, 356, 363, 365, 366, 367, 370, 375, 388, 391, 394, 396, 402, 410, 411, 412, 413, 415, 416, 417, 418, 419, 425, 429, 431, 433, 435, 437, 440, 441, 442, 443, 451, 452, 456, 457, 458, 460, 461, 464, 471, 473, 474, 475, 481, 482, 501, 596, 628, 635, 655, 675, 693, 716, 720, 725, 771, 775, 793, 796, 797, 811, 817, 818, 820, 825, 838, 841, 844, 846, 851, 857, 861, 862, 863, 864, 866, 867, 868, 870, 871, 877, 881, 883, 885, 888, 891, 892, 893, 898, 899, 904, 905, 907, 908, 911, 918, 920, 921, 922, 923, 924, 926, 931, 933]","[3, 27, 349, 406, 451, 489, 510, 804, 855, 898]","[3, 27, 349, 406, 451, 489, 510, 804, 855, 898]",7/6 successful match,True,"[4, 5]",True,130,False,,1.0,True,Meadow Food Mart,
G Meadow ( 84644 ) Meadow Food Mart ( Conoco ),3 435-842-7132 I-15 Exit 158,S <U+2610>,Meadow,84644,Meadow Food Mart ( Conoco ),435-842-7132,2015,Meadow,UT,Conoco,,I-15 Exit 158,Exit,158,False,,False,I-15,,,,,"[898, 451]",[],"[451, 898]","[451, 898]","[398, 399, 400, 401, 402, 403, 404, 405, 406, 407, 408, 409, 410, 411, 412, 413, 414, 415, 416, 417, 418, 419, 420, 421, 422, 423, 424, 425, 426, 427, 428, 429, 430, 431, 432, 433, 434, 435, 436, 437, 438, 439, 440, 441, 442, 443, 444, 445, 446, 447, 448, 449, 450, 451, 452, 453, 454, 455, 456, 457, 458, 459, 460, 461, 462, 463, 464, 465, 466, 467, 468, 469, 470, 471, 472, 473, 474, 475, 476, 477, 478, 479, 480, 481, 482, 483, 484, 848, 849, 850, 851, 852, 853, 854, 855, 856, 857, 858, 859, 860, 861, 862, 863, 864, 865, 866, 867, 868, 869, 870, 871, 872, 873, 874, 875, 876, 877, 878, 879, 880, 881, 882, 883, 884, 885, 886, 887, 888, 889, 890, 891, 892, 893, 894, 895, 896, 897, 898, 899, 900, 901, 902, 903, 904, 905, 906, 907, 908, 909, 910, 911, 912, 913, 914, 915, 916, 917, 918, 919, 920, 921, 922, 923, 924, 925, 926, 927, 928, 929, 930, 931, 932, 933, 934, 935]","[16, 125, 156, 163, 168, 184, 205, 222, 229, 253, 258, 265, 313, 317, 336, 340, 341, 356, 363, 365, 366, 367, 370, 375, 388, 391, 394, 396, 402, 410, 411, 412, 413, 415, 416, 417, 418, 419, 425, 429, 431, 433, 435, 437, 440, 441, 442, 443, 451, 452, 456, 457, 458, 460, 461, 464, 471, 473, 474, 475, 481, 482, 501, 596, 628, 635, 655, 675, 693, 716, 720, 725, 771, 775, 793, 796, 797, 811, 817, 818, 820, 825, 838, 841, 844, 846, 851, 857, 861, 862, 863, 864, 866, 867, 868, 870, 871, 877, 881, 883, 885, 888, 891, 892, 893, 898, 899, 904, 905, 907, 908, 911, 918, 920, 921, 922, 923, 924, 926, 931, 933]","[3, 27, 349, 406, 451, 489, 510, 804, 855, 898]","[3, 27, 349, 406, 451, 489, 510, 804, 855, 898]","[916, 3, 917, 918, 919, 16, 920, 921, 27, 922, 923, 388, 924, 925, 926, 927, 928, 929, 930, 931, 932, 596, 933, 934, 935, 391, 628, 635, 125, 655, 336, 156, 163, 675, 168, 340, 341, 693, 184, 394, 716, 205, 720, 725, 375, 349, 222, 229, 396, 253, 356, 258, 771, 775, 265, 793, 796, 797, 363, 804, 811, 365, 817, 366, 818, 820, 367, 313, 825, 317, 370, 838, 841, 844, 846, 848, 849, 850, 851, 852, 853, 854, 855, 856, 857, 858, 859, 860, 861, 862, 863, 864, 865, 866, 867, 868, 869, 870, 871, 872, 873, 874, 875, 876, 877, 878, 879, 880, 881, 882, 883, 884, 885, 886, 887, 888, 889, 890, 891, 892, 893, 894, 895, 896, 897, 898, 899, 900, 901, 902, 903, 904, 905, 906, 907, 908, 909, 398, 399, 400, 401, 402, 403, 404, 405, 406, 407, 408, 409, 410, 411, 412, 413, 414, 415, 416, 417, 418, 419, 420, 421, 422, 423, 424, 425, 426, 427, 428, 429, 430, 431, 432, 433, 434, 435, 436, 437, 438, 439, 440, 441, 442, 443, 444, 445, 446, 447, 448, 449, 450, 451, 452, 453, 454, 455, 456, 457, 458, 459, 460, 461, 462, 463, 464, 465, 466, 467, 468, 469, 470, 471, 472, 473, 474, 475, 476, 477, 478, 479, 480, 481, 482, 483, 484, 910, 911, 489, 912, 913, 501, 914, 915, 510]",True,[],"[398, 399, 400, 401, 402, 403, 404, 405, 406, 407, 408, 409, 410, 411, 412, 413, 414, 415, 416, 417, 418, 419, 420, 421, 422, 423, 424, 425, 426, 427, 428, 429, 430, 431, 432, 433, 434, 435, 436, 437, 438, 439, 440, 441, 442, 443, 444, 445, 446, 447, 448, 449, 450, 451, 452, 453, 454, 455, 456, 457, 458, 459, 460, 461, 462, 463, 464, 465, 466, 467, 468, 469, 470, 471, 472, 473, 474, 475, 476, 477, 478, 479, 480, 481, 482, 483, 484, 848, 849, 850, 851, 852, 853, 854, 855, 856, 857, 858, 859, 860, 861, 862, 863, 864, 865, 866, 867, 868, 869, 870, 871, 872, 873, 874, 875, 876, 877, 878, 879, 880, 881, 882, 883, 884, 885, 886, 887, 888, 889, 890, 891, 892, 893, 894, 895, 896, 897, 898, 899, 900, 901, 902, 903, 904, 905, 906, 907, 908, 909, 910, 911, 912, 913, 914, 915, 916, 917, 918, 919, 920, 921, 922, 923, 924, 925, 926, 927, 928, 929, 930, 931, 932, 933, 934, 935]","[451, 898]","[451, 898]","[16, 125, 156, 163, 168, 184, 205, 222, 229, 253, 258, 265, 313, 317, 336, 340, 341, 356, 363, 365, 366, 367, 370, 375, 388, 391, 394, 396, 402, 410, 411, 412, 413, 415, 416, 417, 418, 419, 425, 429, 431, 433, 435, 437, 440, 441, 442, 443, 451, 452, 456, 457, 458, 460, 461, 464, 471, 473, 474, 475, 481, 482, 501, 596, 628, 635, 655, 675, 693, 716, 720, 725, 771, 775, 793, 796, 797, 811, 817, 818, 820, 825, 838, 841, 844, 846, 851, 857, 861, 862, 863, 864, 866, 867, 868, 870, 871, 877, 881, 883, 885, 888, 891, 892, 893, 898, 899, 904, 905, 907, 908, 911, 918, 920, 921, 922, 923, 924, 926, 931, 933]","[3, 27, 349, 406, 451, 489, 510, 804, 855, 898]","[3, 27, 349, 406, 451, 489, 510, 804, 855, 898]",7/6 successful match,True,"[4, 5]",True,130,False,,1.0,True,Meadow Food Mart ( Conoco ),Conoco
Meadow ( 84644 ) Meadow Food Mart ( Conoco ),435-842-7132 I-15 Exit 158,<U+2610> S <U+2610> <U+2610>,Meadow,84644,Meadow Food Mart ( Conoco ),435-842-7132,2016,Meadow,UT,Conoco,,I-15 Exit 158,Exit,158,False,,False,I-15,,,,,"[898, 451]",[],"[451, 898]","[451, 898]","[398, 399, 400, 401, 402, 403, 404, 405, 406, 407, 408, 409, 410, 411, 412, 413, 414, 415, 416, 417, 418, 419, 420, 421, 422, 423, 424, 425, 426, 427, 428, 429, 430, 431, 432, 433, 434, 435, 436, 437, 438, 439, 440, 441, 442, 443, 444, 445, 446, 447, 448, 449, 450, 451, 452, 453, 454, 455, 456, 457, 458, 459, 460, 461, 462, 463, 464, 465, 466, 467, 468, 469, 470, 471, 472, 473, 474, 475, 476, 477, 478, 479, 480, 481, 482, 483, 484, 848, 849, 850, 851, 852, 853, 854, 855, 856, 857, 858, 859, 860, 861, 862, 863, 864, 865, 866, 867, 868, 869, 870, 871, 872, 873, 874, 875, 876, 877, 878, 879, 880, 881, 882, 883, 884, 885, 886, 887, 888, 889, 890, 891, 892, 893, 894, 895, 896, 897, 898, 899, 900, 901, 902, 903, 904, 905, 906, 907, 908, 909, 910, 911, 912, 913, 914, 915, 916, 917, 918, 919, 920, 921, 922, 923, 924, 925, 926, 927, 928, 929, 930, 931, 932, 933, 934, 935]","[16, 125, 156, 163, 168, 184, 205, 222, 229, 253, 258, 265, 313, 317, 336, 340, 341, 356, 363, 365, 366, 367, 370, 375, 388, 391, 394, 396, 402, 410, 411, 412, 413, 415, 416, 417, 418, 419, 425, 429, 431, 433, 435, 437, 440, 441, 442, 443, 451, 452, 456, 457, 458, 460, 461, 464, 471, 473, 474, 475, 481, 482, 501, 596, 628, 635, 655, 675, 693, 716, 720, 725, 771, 775, 793, 796, 797, 811, 817, 818, 820, 825, 838, 841, 844, 846, 851, 857, 861, 862, 863, 864, 866, 867, 868, 870, 871, 877, 881, 883, 885, 888, 891, 892, 893, 898, 899, 904, 905, 907, 908, 911, 918, 920, 921, 922, 923, 924, 926, 931, 933]","[3, 27, 349, 406, 451, 489, 510, 804, 855, 898]","[3, 27, 349, 406, 451, 489, 510, 804, 855, 898]","[916, 3, 917, 918, 919, 16, 920, 921, 27, 922, 923, 388, 924, 925, 926, 927, 928, 929, 930, 931, 932, 596, 933, 934, 935, 391, 628, 635, 125, 655, 336, 156, 163, 675, 168, 340, 341, 693, 184, 394, 716, 205, 720, 725, 375, 349, 222, 229, 396, 253, 356, 258, 771, 775, 265, 793, 796, 797, 363, 804, 811, 365, 817, 366, 818, 820, 367, 313, 825, 317, 370, 838, 841, 844, 846, 848, 849, 850, 851, 852, 853, 854, 855, 856, 857, 858, 859, 860, 861, 862, 863, 864, 865, 866, 867, 868, 869, 870, 871, 872, 873, 874, 875, 876, 877, 878, 879, 880, 881, 882, 883, 884, 885, 886, 887, 888, 889, 890, 891, 892, 893, 894, 895, 896, 897, 898, 899, 900, 901, 902, 903, 904, 905, 906, 907, 908, 909, 398, 399, 400, 401, 402, 403, 404, 405, 406, 407, 408, 409, 410, 411, 412, 413, 414, 415, 416, 417, 418, 419, 420, 421, 422, 423, 424, 425, 426, 427, 428, 429, 430, 431, 432, 433, 434, 435, 436, 437, 438, 439, 440, 441, 442, 443, 444, 445, 446, 447, 448, 449, 450, 451, 452, 453, 454, 455, 456, 457, 458, 459, 460, 461, 462, 463, 464, 465, 466, 467, 468, 469, 470, 471, 472, 473, 474, 475, 476, 477, 478, 479, 480, 481, 482, 483, 484, 910, 911, 489, 912, 913, 501, 914, 915, 510]",True,[],"[398, 399, 400, 401, 402, 403, 404, 405, 406, 407, 408, 409, 410, 411, 412, 413, 414, 415, 416, 417, 418, 419, 420, 421, 422, 423, 424, 425, 426, 427, 428, 429, 430, 431, 432, 433, 434, 435, 436, 437, 438, 439, 440, 441, 442, 443, 444, 445, 446, 447, 448, 449, 450, 451, 452, 453, 454, 455, 456, 457, 458, 459, 460, 461, 462, 463, 464, 465, 466, 467, 468, 469, 470, 471, 472, 473, 474, 475, 476, 477, 478, 479, 480, 481, 482, 483, 484, 848, 849, 850, 851, 852, 853, 854, 855, 856, 857, 858, 859, 860, 861, 862, 863, 864, 865, 866, 867, 868, 869, 870, 871, 872, 873, 874, 875, 876, 877, 878, 879, 880, 881, 882, 883, 884, 885, 886, 887, 888, 889, 890, 891, 892, 893, 894, 895, 896, 897, 898, 899, 900, 901, 902, 903, 904, 905, 906, 907, 908, 909, 910, 911, 912, 913, 914, 915, 916, 917, 918, 919, 920, 921, 922, 923, 924, 925, 926, 927, 928, 929, 930, 931, 932, 933, 934, 935]","[451, 898]","[451, 898]","[16, 125, 156, 163, 168, 184, 205, 222, 229, 253, 258, 265, 313, 317, 336, 340, 341, 356, 363, 365, 366, 367, 370, 375, 388, 391, 394, 396, 402, 410, 411, 412, 413, 415, 416, 417, 418, 419, 425, 429, 431, 433, 435, 437, 440, 441, 442, 443, 451, 452, 456, 457, 458, 460, 461, 464, 471, 473, 474, 475, 481, 482, 501, 596, 628, 635, 655, 675, 693, 716, 720, 725, 771, 775, 793, 796, 797, 811, 817, 818, 820, 825, 838, 841, 844, 846, 851, 857, 861, 862, 863, 864, 866, 867, 868, 870, 871, 877, 881, 883, 885, 888, 891, 892, 893, 898, 899, 904, 905, 907, 908, 911, 918, 920, 921, 922, 923, 924, 926, 931, 933]","[3, 27, 349, 406, 451, 489, 510, 804, 855, 898]","[3, 27, 349, 406, 451, 489, 510, 804, 855, 898]",7/6 successful match,True,"[4, 5]",True,130,False,,1.0,True,Meadow Food Mart ( Conoco ),Conoco
"E Nephi , 84648 Top Stop Truck Plaza ( Sinclair )",435-623-2085 I-15 Exit 222 ( 91st S ),24,Nephi,84648,Top Stop Truck Plaza ( Sinclair ),435-623-2085,2006,Nephi,UT,Sinclair,( 91st S ),I-15 Exit 222 ,Exit,222,False,,False,I-15,,,,,[931],"[415, 456, 866, 904, 926, 931]","[415, 456, 866, 904, 921, 926, 931]","[415, 456, 866, 904, 921, 926, 931]","[398, 399, 400, 401, 402, 403, 404, 405, 406, 407, 408, 409, 410, 411, 412, 413, 414, 415, 416, 417, 418, 419, 420, 421, 422, 423, 424, 425, 426, 427, 428, 429, 430, 431, 432, 433, 434, 435, 436, 437, 438, 439, 440, 441, 442, 443, 444, 445, 446, 447, 448, 449, 450, 451, 452, 453, 454, 455, 456, 457, 458, 459, 460, 461, 462, 463, 464, 465, 466, 467, 468, 469, 470, 471, 472, 473, 474, 475, 476, 477, 478, 479, 480, 481, 482, 483, 484, 848, 849, 850, 851, 852, 853, 854, 855, 856, 857, 858, 859, 860, 861, 862, 863, 864, 865, 866, 867, 868, 869, 870, 871, 872, 873, 874, 875, 876, 877, 878, 879, 880, 881, 882, 883, 884, 885, 886, 887, 888, 889, 890, 891, 892, 893, 894, 895, 896, 897, 898, 899, 900, 901, 902, 903, 904, 905, 906, 907, 908, 909, 910, 911, 912, 913, 914, 915, 916, 917, 918, 919, 920, 921, 922, 923, 924, 925, 926, 927, 928, 929, 930, 931, 932, 933, 934, 935]","[16, 125, 156, 163, 168, 184, 205, 222, 229, 253, 258, 265, 313, 317, 336, 340, 341, 356, 363, 365, 366, 367, 370, 375, 388, 391, 394, 396, 402, 410, 411, 412, 413, 415, 416, 417, 418, 419, 425, 429, 431, 433, 435, 437, 440, 441, 442, 443, 451, 452, 456, 457, 458, 460, 461, 464, 471, 473, 474, 475, 481, 482, 501, 596, 628, 635, 655, 675, 693, 716, 720, 725, 771, 775, 793, 796, 797, 811, 817, 818, 820, 825, 838, 841, 844, 846, 851, 857, 861, 862, 863, 864, 866, 867, 868, 870, 871, 877, 881, 883, 885, 888, 891, 892, 893, 898, 899, 904, 905, 907, 908, 911, 918, 920, 921, 922, 923, 924, 926, 931, 933]","[31, 142, 147, 180, 338, 352, 367, 387, 403, 405, 408, 410, 455, 465, 466, 468, 470, 472, 473, 483, 484, 514, 613, 618, 651, 794, 807, 837, 852, 854, 858, 861, 902, 912, 913, 915, 917, 919, 920, 931, 934, 935]","[31, 142, 147, 180, 338, 352, 367, 387, 403, 405, 408, 410, 455, 465, 466, 468, 470, 472, 473, 477, 478, 479, 483, 484, 514, 613, 618, 651, 794, 807, 837, 852, 854, 858, 861, 902, 912, 913, 915, 917, 919, 920, 928, 929, 930, 931, 934, 935]","[916, 514, 917, 918, 387, 919, 16, 920, 922, 31, 923, 388, 924, 925, 927, 928, 929, 930, 932, 596, 933, 934, 935, 613, 618, 391, 628, 635, 125, 651, 142, 655, 147, 336, 156, 163, 675, 338, 168, 340, 341, 693, 180, 184, 394, 716, 205, 720, 725, 375, 222, 229, 352, 396, 253, 356, 258, 771, 775, 265, 793, 794, 796, 797, 363, 807, 811, 365, 817, 366, 818, 820, 367, 313, 825, 317, 837, 370, 838, 841, 844, 846, 848, 849, 850, 851, 852, 853, 854, 855, 856, 857, 858, 859, 860, 861, 862, 863, 864, 865, 866, 867, 868, 869, 870, 871, 872, 873, 874, 875, 876, 877, 878, 879, 880, 881, 882, 883, 884, 885, 886, 887, 888, 889, 890, 891, 892, 893, 894, 895, 896, 897, 898, 899, 900, 901, 902, 903, 904, 905, 906, 907, 908, 909, 398, 399, 400, 401, 402, 403, 404, 405, 406, 407, 408, 409, 921, 410, 411, 412, 926, 415, 413, 414, 416, 931, 417, 418, 419, 420, 421, 422, 423, 424, 425, 426, 427, 428, 429, 430, 431, 432, 433, 434, 435, 436, 437, 438, 439, 440, 441, 442, 443, 444, 445, 446, 447, 448, 449, 450, 451, 452, 456, 453, 454, 455, 457, 458, 459, 460, 461, 462, 463, 464, 465, 466, 467, 468, 469, 470, 471, 472, 473, 474, 475, 476, 477, 478, 479, 480, 481, 482, 483, 484, 910, 911, 912, 913, 501, 914, 915]",True,"[415, 456, 866, 904, 926, 931]","[398, 399, 400, 401, 402, 403, 404, 405, 406, 407, 408, 409, 410, 411, 412, 413, 414, 415, 416, 417, 418, 419, 420, 421, 422, 423, 424, 425, 426, 427, 428, 429, 430, 431, 432, 433, 434, 435, 436, 437, 438, 439, 440, 441, 442, 443, 444, 445, 446, 447, 448, 449, 450, 451, 452, 453, 454, 455, 456, 457, 458, 459, 460, 461, 462, 463, 464, 465, 466, 467, 468, 469, 470, 471, 472, 473, 474, 475, 476, 477, 478, 479, 480, 481, 482, 483, 484, 848, 849, 850, 851, 852, 853, 854, 855, 856, 857, 858, 859, 860, 861, 862, 863, 864, 865, 866, 867, 868, 869, 870, 871, 872, 873, 874, 875, 876, 877, 878, 879, 880, 881, 882, 883, 884, 885, 886, 887, 888, 889, 890, 891, 892, 893, 894, 895, 896, 897, 898, 899, 900, 901, 902, 903, 904, 905, 906, 907, 908, 909, 910, 911, 912, 913, 914, 915, 916, 917, 918, 919, 920, 921, 922, 923, 924, 925, 926, 927, 928, 929, 930, 931, 932, 933, 934, 935]","[415, 456, 866, 904, 921, 926, 931]","[415, 456, 866, 904, 921, 926, 931]","[16, 125, 156, 163, 168, 184, 205, 222, 229, 253, 258, 265, 313, 317, 336, 340, 341, 356, 363, 365, 366, 367, 370, 375, 388, 391, 394, 396, 402, 410, 411, 412, 413, 415, 416, 417, 418, 419, 425, 429, 431, 433, 435, 437, 440, 441, 442, 443, 451, 452, 456, 457, 458, 460, 461, 464, 471, 473, 474, 475, 481, 482, 501, 596, 628, 635, 655, 675, 693, 716, 720, 725, 771, 775, 793, 796, 797, 811, 817, 818, 820, 825, 838, 841, 844, 846, 851, 857, 861, 862, 863, 864, 866, 867, 868, 870, 871, 877, 881, 883, 885, 888, 891, 892, 893, 898, 899, 904, 905, 907, 908, 911, 918, 920, 921, 922, 923, 924, 926, 931, 933]","[31, 142, 147, 180, 338, 352, 367, 387, 403, 405, 408, 410, 455, 465, 466, 468, 470, 472, 473, 477, 478, 479, 483, 484, 514, 613, 618, 651, 794, 807, 837, 852, 854, 858, 861, 902, 912, 913, 915, 917, 919, 920, 928, 929, 930, 931, 934, 935]","[31, 142, 147, 180, 338, 352, 367, 387, 403, 405, 408, 410, 455, 465, 466, 468, 470, 472, 473, 483, 484, 514, 613, 618, 651, 794, 807, 837, 852, 854, 858, 861, 902, 912, 913, 915, 917, 919, 920, 931, 934, 935]",7/6 successful match,True,"[502, 503]",True,131,False,,,,,
"Nephi , 84648 Top Stop Truck Plaza ( Sinclair )",435-623-2085 I-15 Exit 222 ( 91st St S ),M,Nephi,84648,Top Stop Truck Plaza ( Sinclair ),435-623-2085,2007,Nephi,UT,Sinclair,( 91st St S ),I-15 Exit 222 ,Exit,222,False,,False,I-15,,,,,[931],"[415, 456, 866, 904, 926, 931]","[415, 456, 866, 904, 921, 926, 931]","[415, 456, 866, 904, 921, 926, 931]","[398, 399, 400, 401, 402, 403, 404, 405, 406, 407, 408, 409, 410, 411, 412, 413, 414, 415, 416, 417, 418, 419, 420, 421, 422, 423, 424, 425, 426, 427, 428, 429, 430, 431, 432, 433, 434, 435, 436, 437, 438, 439, 440, 441, 442, 443, 444, 445, 446, 447, 448, 449, 450, 451, 452, 453, 454, 455, 456, 457, 458, 459, 460, 461, 462, 463, 464, 465, 466, 467, 468, 469, 470, 471, 472, 473, 474, 475, 476, 477, 478, 479, 480, 481, 482, 483, 484, 848, 849, 850, 851, 852, 853, 854, 855, 856, 857, 858, 859, 860, 861, 862, 863, 864, 865, 866, 867, 868, 869, 870, 871, 872, 873, 874, 875, 876, 877, 878, 879, 880, 881, 882, 883, 884, 885, 886, 887, 888, 889, 890, 891, 892, 893, 894, 895, 896, 897, 898, 899, 900, 901, 902, 903, 904, 905, 906, 907, 908, 909, 910, 911, 912, 913, 914, 915, 916, 917, 918, 919, 920, 921, 922, 923, 924, 925, 926, 927, 928, 929, 930, 931, 932, 933, 934, 935]","[16, 125, 156, 163, 168, 184, 205, 222, 229, 253, 258, 265, 313, 317, 336, 340, 341, 356, 363, 365, 366, 367, 370, 375, 388, 391, 394, 396, 402, 410, 411, 412, 413, 415, 416, 417, 418, 419, 425, 429, 431, 433, 435, 437, 440, 441, 442, 443, 451, 452, 456, 457, 458, 460, 461, 464, 471, 473, 474, 475, 481, 482, 501, 596, 628, 635, 655, 675, 693, 716, 720, 725, 771, 775, 793, 796, 797, 811, 817, 818, 820, 825, 838, 841, 844, 846, 851, 857, 861, 862, 863, 864, 866, 867, 868, 870, 871, 877, 881, 883, 885, 888, 891, 892, 893, 898, 899, 904, 905, 907, 908, 911, 918, 920, 921, 922, 923, 924, 926, 931, 933]","[31, 142, 147, 180, 338, 352, 367, 387, 403, 405, 408, 410, 455, 465, 466, 468, 470, 472, 473, 483, 484, 514, 613, 618, 651, 794, 807, 837, 852, 854, 858, 861, 902, 912, 913, 915, 917, 919, 920, 931, 934, 935]","[31, 142, 147, 180, 338, 352, 367, 387, 403, 405, 408, 410, 455, 465, 466, 468, 470, 472, 473, 477, 478, 479, 483, 484, 514, 613, 618, 651, 794, 807, 837, 852, 854, 858, 861, 902, 912, 913, 915, 917, 919, 920, 928, 929, 930, 931, 934, 935]","[916, 514, 917, 918, 387, 919, 16, 920, 922, 31, 923, 388, 924, 925, 927, 928, 929, 930, 932, 596, 933, 934, 935, 613, 618, 391, 628, 635, 125, 651, 142, 655, 147, 336, 156, 163, 675, 338, 168, 340, 341, 693, 180, 184, 394, 716, 205, 720, 725, 375, 222, 229, 352, 396, 253, 356, 258, 771, 775, 265, 793, 794, 796, 797, 363, 807, 811, 365, 817, 366, 818, 820, 367, 313, 825, 317, 837, 370, 838, 841, 844, 846, 848, 849, 850, 851, 852, 853, 854, 855, 856, 857, 858, 859, 860, 861, 862, 863, 864, 865, 866, 867, 868, 869, 870, 871, 872, 873, 874, 875, 876, 877, 878, 879, 880, 881, 882, 883, 884, 885, 886, 887, 888, 889, 890, 891, 892, 893, 894, 895, 896, 897, 898, 899, 900, 901, 902, 903, 904, 905, 906, 907, 908, 909, 398, 399, 400, 401, 402, 403, 404, 405, 406, 407, 408, 409, 921, 410, 411, 412, 926, 415, 413, 414, 416, 931, 417, 418, 419, 420, 421, 422, 423, 424, 425, 426, 427, 428, 429, 430, 431, 432, 433, 434, 435, 436, 437, 438, 439, 440, 441, 442, 443, 444, 445, 446, 447, 448, 449, 450, 451, 452, 456, 453, 454, 455, 457, 458, 459, 460, 461, 462, 463, 464, 465, 466, 467, 468, 469, 470, 471, 472, 473, 474, 475, 476, 477, 478, 479, 480, 481, 482, 483, 484, 910, 911, 912, 913, 501, 914, 915]",True,"[415, 456, 866, 904, 926, 931]","[398, 399, 400, 401, 402, 403, 404, 405, 406, 407, 408, 409, 410, 411, 412, 413, 414, 415, 416, 417, 418, 419, 420, 421, 422, 423, 424, 425, 426, 427, 428, 429, 430, 431, 432, 433, 434, 435, 436, 437, 438, 439, 440, 441, 442, 443, 444, 445, 446, 447, 448, 449, 450, 451, 452, 453, 454, 455, 456, 457, 458, 459, 460, 461, 462, 463, 464, 465, 466, 467, 468, 469, 470, 471, 472, 473, 474, 475, 476, 477, 478, 479, 480, 481, 482, 483, 484, 848, 849, 850, 851, 852, 853, 854, 855, 856, 857, 858, 859, 860, 861, 862, 863, 864, 865, 866, 867, 868, 869, 870, 871, 872, 873, 874, 875, 876, 877, 878, 879, 880, 881, 882, 883, 884, 885, 886, 887, 888, 889, 890, 891, 892, 893, 894, 895, 896, 897, 898, 899, 900, 901, 902, 903, 904, 905, 906, 907, 908, 909, 910, 911, 912, 913, 914, 915, 916, 917, 918, 919, 920, 921, 922, 923, 924, 925, 926, 927, 928, 929, 930, 931, 932, 933, 934, 935]","[415, 456, 866, 904, 921, 926, 931]","[415, 456, 866, 904, 921, 926, 931]","[16, 125, 156, 163, 168, 184, 205, 222, 229, 253, 258, 265, 313, 317, 336, 340, 341, 356, 363, 365, 366, 367, 370, 375, 388, 391, 394, 396, 402, 410, 411, 412, 413, 415, 416, 417, 418, 419, 425, 429, 431, 433, 435, 437, 440, 441, 442, 443, 451, 452, 456, 457, 458, 460, 461, 464, 471, 473, 474, 475, 481, 482, 501, 596, 628, 635, 655, 675, 693, 716, 720, 725, 771, 775, 793, 796, 797, 811, 817, 818, 820, 825, 838, 841, 844, 846, 851, 857, 861, 862, 863, 864, 866, 867, 868, 870, 871, 877, 881, 883, 885, 888, 891, 892, 893, 898, 899, 904, 905, 907, 908, 911, 918, 920, 921, 922, 923, 924, 926, 931, 933]","[31, 142, 147, 180, 338, 352, 367, 387, 403, 405, 408, 410, 455, 465, 466, 468, 470, 472, 473, 477, 478, 479, 483, 484, 514, 613, 618, 651, 794, 807, 837, 852, 854, 858, 861, 902, 912, 913, 915, 917, 919, 920, 928, 929, 930, 931, 934, 935]","[31, 142, 147, 180, 338, 352, 367, 387, 403, 405, 408, 410, 455, 465, 466, 468, 470, 472, 473, 483, 484, 514, 613, 618, 651, 794, 807, 837, 852, 854, 858, 861, 902, 912, 913, 915, 917, 919, 920, 931, 934, 935]",7/6 successful match,True,"[502, 503]",True,131,False,,1.0,True,Top Stop Truck Plaza ( Sinclair ),Sinclair
"3435-623-2400 ENephi , 84648 I-15 Exit Stop 222 24",435-623-2085 5 Exit 222 Truck ( 91st Plaza St ( S Sinclair ) 2.4,2.4 mmm LO ME 24 D,Nephi,84648,I-15 Exit Stop 222 24,435-623-2085,2008,Nephi,UT,,( 91st Plaza St ( S Sinclair ) 2.4,5 Exit 222 Truck ,Exit,222,False,,False,5 222,,,,,[931],"[415, 456, 866, 904, 926, 931]","[415, 456, 866, 904, 921, 926, 931]","[415, 456, 866, 904, 921, 926, 931]","[398, 399, 400, 401, 402, 403, 404, 405, 406, 407, 408, 409, 410, 411, 412, 413, 414, 415, 416, 417, 418, 419, 420, 421, 422, 423, 424, 425, 426, 427, 428, 429, 430, 431, 432, 433, 434, 435, 436, 437, 438, 439, 440, 441, 442, 443, 444, 445, 446, 447, 448, 449, 450, 451, 452, 453, 454, 455, 456, 457, 458, 459, 460, 461, 462, 463, 464, 465, 466, 467, 468, 469, 470, 471, 472, 473, 474, 475, 476, 477, 478, 479, 480, 481, 482, 483, 484, 848, 849, 850, 851, 852, 853, 854, 855, 856, 857, 858, 859, 860, 861, 862, 863, 864, 865, 866, 867, 868, 869, 870, 871, 872, 873, 874, 875, 876, 877, 878, 879, 880, 881, 882, 883, 884, 885, 886, 887, 888, 889, 890, 891, 892, 893, 894, 895, 896, 897, 898, 899, 900, 901, 902, 903, 904, 905, 906, 907, 908, 909, 910, 911, 912, 913, 914, 915, 916, 917, 918, 919, 920, 921, 922, 923, 924, 925, 926, 927, 928, 929, 930, 931, 932, 933, 934, 935]","[105, 114, 138, 141, 152, 153, 154, 155, 157, 159, 164, 165, 176, 182, 191, 192, 194, 195, 196, 200, 204, 208, 209, 210, 211, 215, 226, 228, 241, 242, 243, 245, 248, 249, 250, 257, 261, 270, 271, 282, 287, 289, 291, 294, 296, 298, 306, 308, 309, 311, 314, 327, 333, 335, 337, 576, 585, 609, 612, 623, 624, 626, 627, 629, 631, 636, 637, 647, 653, 662, 663, 665, 666, 667, 671, 674, 678, 679, 680, 681, 690, 692, 705, 706, 707, 709, 711, 712, 713, 719, 721, 729, 730, 741, 746, 748, 750, 753, 755, 757, 764, 766, 767, 769, 772, 785, 791]",[],"[103, 574]","[916, 917, 918, 919, 920, 922, 923, 924, 925, 927, 928, 574, 576, 929, 930, 585, 932, 933, 934, 935, 609, 612, 103, 105, 623, 624, 114, 626, 627, 629, 631, 636, 637, 647, 138, 141, 653, 662, 663, 152, 153, 154, 155, 665, 157, 666, 159, 337, 667, 671, 674, 164, 165, 678, 679, 680, 681, 176, 690, 692, 182, 191, 192, 705, 194, 195, 196, 706, 707, 709, 200, 711, 712, 713, 204, 719, 208, 209, 210, 211, 721, 215, 729, 730, 226, 228, 741, 746, 748, 750, 241, 242, 243, 753, 245, 755, 757, 248, 249, 250, 764, 766, 767, 257, 769, 772, 261, 270, 271, 785, 791, 282, 287, 289, 291, 294, 296, 298, 306, 308, 309, 311, 314, 327, 333, 335, 848, 849, 850, 851, 852, 853, 854, 855, 856, 857, 858, 859, 860, 861, 862, 863, 864, 865, 866, 867, 868, 869, 870, 871, 872, 873, 874, 875, 876, 877, 878, 879, 880, 881, 882, 883, 884, 885, 886, 887, 888, 889, 890, 891, 892, 893, 894, 895, 896, 897, 898, 899, 900, 901, 902, 903, 904, 905, 906, 907, 908, 909, 398, 399, 400, 401, 402, 403, 404, 405, 406, 407, 408, 409, 921, 410, 411, 412, 926, 415, 413, 414, 416, 931, 417, 418, 419, 420, 421, 422, 423, 424, 425, 426, 427, 428, 429, 430, 431, 432, 433, 434, 435, 436, 437, 438, 439, 440, 441, 442, 443, 444, 445, 446, 447, 448, 449, 450, 451, 452, 456, 453, 454, 455, 457, 458, 459, 460, 461, 462, 463, 464, 465, 466, 467, 468, 469, 470, 471, 472, 473, 474, 475, 476, 477, 478, 479, 480, 481, 482, 483, 484, 910, 911, 912, 913, 914, 915]",True,"[415, 456, 866, 904, 926, 931]","[398, 399, 400, 401, 402, 403, 404, 405, 406, 407, 408, 409, 410, 411, 412, 413, 414, 415, 416, 417, 418, 419, 420, 421, 422, 423, 424, 425, 426, 427, 428, 429, 430, 431, 432, 433, 434, 435, 436, 437, 438, 439, 440, 441, 442, 443, 444, 445, 446, 447, 448, 449, 450, 451, 452, 453, 454, 455, 456, 457, 458, 459, 460, 461, 462, 463, 464, 465, 466, 467, 468, 469, 470, 471, 472, 473, 474, 475, 476, 477, 478, 479, 480, 481, 482, 483, 484, 848, 849, 850, 851, 852, 853, 854, 855, 856, 857, 858, 859, 860, 861, 862, 863, 864, 865, 866, 867, 868, 869, 870, 871, 872, 873, 874, 875, 876, 877, 878, 879, 880, 881, 882, 883, 884, 885, 886, 887, 888, 889, 890, 891, 892, 893, 894, 895, 896, 897, 898, 899, 900, 901, 902, 903, 904, 905, 906, 907, 908, 909, 910, 911, 912, 913, 914, 915, 916, 917, 918, 919, 920, 921, 922, 923, 924, 925, 926, 927, 928, 929, 930, 931, 932, 933, 934, 935]","[415, 456, 866, 904, 921, 926, 931]","[415, 456, 866, 904, 921, 926, 931]","[105, 114, 138, 141, 152, 153, 154, 155, 157, 159, 164, 165, 176, 182, 191, 192, 194, 195, 196, 200, 204, 208, 209, 210, 211, 215, 226, 228, 241, 242, 243, 245, 248, 249, 250, 257, 261, 270, 271, 282, 287, 289, 291, 294, 296, 298, 306, 308, 309, 311, 314, 327, 333, 335, 337, 576, 585, 609, 612, 623, 624, 626, 627, 629, 631, 636, 637, 647, 653, 662, 663, 665, 666, 667, 671, 674, 678, 679, 680, 681, 690, 692, 705, 706, 707, 709, 711, 712, 713, 719, 721, 729, 730, 741, 746, 748, 750, 753, 755, 757, 764, 766, 767, 769, 772, 785, 791]","[103, 574]",[],4/6 successful match,True,"[502, 503]",True,131,True,2008,0.14814814814814814,True,Top Stop Truck Plaza ( Sinclair ),Sinclair
E Nephi ( 84648 ) Top Stop Truck Plaza 28 SE ( Sinclair ) ),3 435-623-2085 I-15 Exit 222 ( UT 28 SE ),24,Nephi,84648,Top Stop Truck Plaza 28 SE ( Sinclair ) ),435-623-2085,2014,Nephi,UT,Sinclair,( UT 28 SE ),I-15 Exit 222 ,Exit,222,False,,False,I-15,,,,,[931],"[415, 456, 866, 904, 926, 931]","[415, 456, 866, 904, 921, 926, 931]","[415, 456, 866, 904, 921, 926, 931]","[398, 399, 400, 401, 402, 403, 404, 405, 406, 407, 408, 409, 410, 411, 412, 413, 414, 415, 416, 417, 418, 419, 420, 421, 422, 423, 424, 425, 426, 427, 428, 429, 430, 431, 432, 433, 434, 435, 436, 437, 438, 439, 440, 441, 442, 443, 444, 445, 446, 447, 448, 449, 450, 451, 452, 453, 454, 455, 456, 457, 458, 459, 460, 461, 462, 463, 464, 465, 466, 467, 468, 469, 470, 471, 472, 473, 474, 475, 476, 477, 478, 479, 480, 481, 482, 483, 484, 848, 849, 850, 851, 852, 853, 854, 855, 856, 857, 858, 859, 860, 861, 862, 863, 864, 865, 866, 867, 868, 869, 870, 871, 872, 873, 874, 875, 876, 877, 878, 879, 880, 881, 882, 883, 884, 885, 886, 887, 888, 889, 890, 891, 892, 893, 894, 895, 896, 897, 898, 899, 900, 901, 902, 903, 904, 905, 906, 907, 908, 909, 910, 911, 912, 913, 914, 915, 916, 917, 918, 919, 920, 921, 922, 923, 924, 925, 926, 927, 928, 929, 930, 931, 932, 933, 934, 935]","[16, 125, 156, 163, 168, 184, 205, 222, 229, 253, 258, 265, 313, 317, 336, 340, 341, 356, 363, 365, 366, 367, 370, 375, 388, 391, 394, 396, 402, 410, 411, 412, 413, 415, 416, 417, 418, 419, 425, 429, 431, 433, 435, 437, 440, 441, 442, 443, 451, 452, 456, 457, 458, 460, 461, 464, 471, 473, 474, 475, 481, 482, 501, 596, 628, 635, 655, 675, 693, 716, 720, 725, 771, 775, 793, 796, 797, 811, 817, 818, 820, 825, 838, 841, 844, 846, 851, 857, 861, 862, 863, 864, 866, 867, 868, 870, 871, 877, 881, 883, 885, 888, 891, 892, 893, 898, 899, 904, 905, 907, 908, 911, 918, 920, 921, 922, 923, 924, 926, 931, 933]","[31, 142, 147, 180, 338, 352, 367, 387, 403, 405, 408, 410, 455, 465, 466, 468, 470, 472, 473, 483, 484, 514, 613, 618, 651, 794, 807, 837, 852, 854, 858, 861, 902, 912, 913, 915, 917, 919, 920, 931, 934, 935]","[31, 142, 147, 180, 338, 352, 367, 387, 403, 405, 408, 410, 455, 465, 466, 468, 470, 472, 473, 477, 478, 479, 483, 484, 514, 613, 618, 651, 794, 807, 837, 852, 854, 858, 861, 902, 912, 913, 915, 917, 919, 920, 928, 929, 930, 931, 934, 935]","[916, 514, 917, 918, 387, 919, 16, 920, 922, 31, 923, 388, 924, 925, 927, 928, 929, 930, 932, 596, 933, 934, 935, 613, 618, 391, 628, 635, 125, 651, 142, 655, 147, 336, 156, 163, 675, 338, 168, 340, 341, 693, 180, 184, 394, 716, 205, 720, 725, 375, 222, 229, 352, 396, 253, 356, 258, 771, 775, 265, 793, 794, 796, 797, 363, 807, 811, 365, 817, 366, 818, 820, 367, 313, 825, 317, 837, 370, 838, 841, 844, 846, 848, 849, 850, 851, 852, 853, 854, 855, 856, 857, 858, 859, 860, 861, 862, 863, 864, 865, 866, 867, 868, 869, 870, 871, 872, 873, 874, 875, 876, 877, 878, 879, 880, 881, 882, 883, 884, 885, 886, 887, 888, 889, 890, 891, 892, 893, 894, 895, 896, 897, 898, 899, 900, 901, 902, 903, 904, 905, 906, 907, 908, 909, 398, 399, 400, 401, 402, 403, 404, 405, 406, 407, 408, 409, 921, 410, 411, 412, 926, 415, 413, 414, 416, 931, 417, 418, 419, 420, 421, 422, 423, 424, 425, 426, 427, 428, 429, 430, 431, 432, 433, 434, 435, 436, 437, 438, 439, 440, 441, 442, 443, 444, 445, 446, 447, 448, 449, 450, 451, 452, 456, 453, 454, 455, 457, 458, 459, 460, 461, 462, 463, 464, 465, 466, 467, 468, 469, 470, 471, 472, 473, 474, 475, 476, 477, 478, 479, 480, 481, 482, 483, 484, 910, 911, 912, 913, 501, 914, 915]",True,"[415, 456, 866, 904, 926, 931]","[398, 399, 400, 401, 402, 403, 404, 405, 406, 407, 408, 409, 410, 411, 412, 413, 414, 415, 416, 417, 418, 419, 420, 421, 422, 423, 424, 425, 426, 427, 428, 429, 430, 431, 432, 433, 434, 435, 436, 437, 438, 439, 440, 441, 442, 443, 444, 445, 446, 447, 448, 449, 450, 451, 452, 453, 454, 455, 456, 457, 458, 459, 460, 461, 462, 463, 464, 465, 466, 467, 468, 469, 470, 471, 472, 473, 474, 475, 476, 477, 478, 479, 480, 481, 482, 483, 484, 848, 849, 850, 851, 852, 853, 854, 855, 856, 857, 858, 859, 860, 861, 862, 863, 864, 865, 866, 867, 868, 869, 870, 871, 872, 873, 874, 875, 876, 877, 878, 879, 880, 881, 882, 883, 884, 885, 886, 887, 888, 889, 890, 891, 892, 893, 894, 895, 896, 897, 898, 899, 900, 901, 902, 903, 904, 905, 906, 907, 908, 909, 910, 911, 912, 913, 914, 915, 916, 917, 918, 919, 920, 921, 922, 923, 924, 925, 926, 927, 928, 929, 930, 931, 932, 933, 934, 935]","[415, 456, 866, 904, 921, 926, 931]","[415, 456, 866, 904, 921, 926, 931]","[16, 125, 156, 163, 168, 184, 205, 222, 229, 253, 258, 265, 313, 317, 336, 340, 341, 356, 363, 365, 366, 367, 370, 375, 388, 391, 394, 396, 402, 410, 411, 412, 413, 415, 416, 417, 418, 419, 425, 429, 431, 433, 435, 437, 440, 441, 442, 443, 451, 452, 456, 457, 458, 460, 461, 464, 471, 473, 474, 475, 481, 482, 501, 596, 628, 635, 655, 675, 693, 716, 720, 725, 771, 775, 793, 796, 797, 811, 817, 818, 820, 825, 838, 841, 844, 846, 851, 857, 861, 862, 863, 864, 866, 867, 868, 870, 871, 877, 881, 883, 885, 888, 891, 892, 893, 898, 899, 904, 905, 907, 908, 911, 918, 920, 921, 922, 923, 924, 926, 931, 933]","[31, 142, 147, 180, 338, 352, 367, 387, 403, 405, 408, 410, 455, 465, 466, 468, 470, 472, 473, 477, 478, 479, 483, 484, 514, 613, 618, 651, 794, 807, 837, 852, 854, 858, 861, 902, 912, 913, 915, 917, 919, 920, 928, 929, 930, 931, 934, 935]","[31, 142, 147, 180, 338, 352, 367, 387, 403, 405, 408, 410, 455, 465, 466, 468, 470, 472, 473, 483, 484, 514, 613, 618, 651, 794, 807, 837, 852, 854, 858, 861, 902, 912, 913, 915, 917, 919, 920, 931, 934, 935]",7/6 successful match,True,"[502, 503]",True,131,True,2014,0.14516129032258066,True,I-15 Exit Stop 222 24,
E Nephi ( 84648 ) Top Stop Truck Plaza ( Sinclair ),435-623-2085 I-15 Exit 222 ( UT 28 SE ),ARBEST 24 MO,Nephi,84648,Top Stop Truck Plaza ( Sinclair ),435-623-2085,2015,Nephi,UT,Sinclair,( UT 28 SE ),I-15 Exit 222 ,Exit,222,False,,False,I-15,,,,,[931],"[415, 456, 866, 904, 926, 931]","[415, 456, 866, 904, 921, 926, 931]","[415, 456, 866, 904, 921, 926, 931]","[398, 399, 400, 401, 402, 403, 404, 405, 406, 407, 408, 409, 410, 411, 412, 413, 414, 415, 416, 417, 418, 419, 420, 421, 422, 423, 424, 425, 426, 427, 428, 429, 430, 431, 432, 433, 434, 435, 436, 437, 438, 439, 440, 441, 442, 443, 444, 445, 446, 447, 448, 449, 450, 451, 452, 453, 454, 455, 456, 457, 458, 459, 460, 461, 462, 463, 464, 465, 466, 467, 468, 469, 470, 471, 472, 473, 474, 475, 476, 477, 478, 479, 480, 481, 482, 483, 484, 848, 849, 850, 851, 852, 853, 854, 855, 856, 857, 858, 859, 860, 861, 862, 863, 864, 865, 866, 867, 868, 869, 870, 871, 872, 873, 874, 875, 876, 877, 878, 879, 880, 881, 882, 883, 884, 885, 886, 887, 888, 889, 890, 891, 892, 893, 894, 895, 896, 897, 898, 899, 900, 901, 902, 903, 904, 905, 906, 907, 908, 909, 910, 911, 912, 913, 914, 915, 916, 917, 918, 919, 920, 921, 922, 923, 924, 925, 926, 927, 928, 929, 930, 931, 932, 933, 934, 935]","[16, 125, 156, 163, 168, 184, 205, 222, 229, 253, 258, 265, 313, 317, 336, 340, 341, 356, 363, 365, 366, 367, 370, 375, 388, 391, 394, 396, 402, 410, 411, 412, 413, 415, 416, 417, 418, 419, 425, 429, 431, 433, 435, 437, 440, 441, 442, 443, 451, 452, 456, 457, 458, 460, 461, 464, 471, 473, 474, 475, 481, 482, 501, 596, 628, 635, 655, 675, 693, 716, 720, 725, 771, 775, 793, 796, 797, 811, 817, 818, 820, 825, 838, 841, 844, 846, 851, 857, 861, 862, 863, 864, 866, 867, 868, 870, 871, 877, 881, 883, 885, 888, 891, 892, 893, 898, 899, 904, 905, 907, 908, 911, 918, 920, 921, 922, 923, 924, 926, 931, 933]","[31, 142, 147, 180, 338, 352, 367, 387, 403, 405, 408, 410, 455, 465, 466, 468, 470, 472, 473, 483, 484, 514, 613, 618, 651, 794, 807, 837, 852, 854, 858, 861, 902, 912, 913, 915, 917, 919, 920, 931, 934, 935]","[31, 142, 147, 180, 338, 352, 367, 387, 403, 405, 408, 410, 455, 465, 466, 468, 470, 472, 473, 477, 478, 479, 483, 484, 514, 613, 618, 651, 794, 807, 837, 852, 854, 858, 861, 902, 912, 913, 915, 917, 919, 920, 928, 929, 930, 931, 934, 935]","[916, 514, 917, 918, 387, 919, 16, 920, 922, 31, 923, 388, 924, 925, 927, 928, 929, 930, 932, 596, 933, 934, 935, 613, 618, 391, 628, 635, 125, 651, 142, 655, 147, 336, 156, 163, 675, 338, 168, 340, 341, 693, 180, 184, 394, 716, 205, 720, 725, 375, 222, 229, 352, 396, 253, 356, 258, 771, 775, 265, 793, 794, 796, 797, 363, 807, 811, 365, 817, 366, 818, 820, 367, 313, 825, 317, 837, 370, 838, 841, 844, 846, 848, 849, 850, 851, 852, 853, 854, 855, 856, 857, 858, 859, 860, 861, 862, 863, 864, 865, 866, 867, 868, 869, 870, 871, 872, 873, 874, 875, 876, 877, 878, 879, 880, 881, 882, 883, 884, 885, 886, 887, 888, 889, 890, 891, 892, 893, 894, 895, 896, 897, 898, 899, 900, 901, 902, 903, 904, 905, 906, 907, 908, 909, 398, 399, 400, 401, 402, 403, 404, 405, 406, 407, 408, 409, 921, 410, 411, 412, 926, 415, 413, 414, 416, 931, 417, 418, 419, 420, 421, 422, 423, 424, 425, 426, 427, 428, 429, 430, 431, 432, 433, 434, 435, 436, 437, 438, 439, 440, 441, 442, 443, 444, 445, 446, 447, 448, 449, 450, 451, 452, 456, 453, 454, 455, 457, 458, 459, 460, 461, 462, 463, 464, 465, 466, 467, 468, 469, 470, 471, 472, 473, 474, 475, 476, 477, 478, 479, 480, 481, 482, 483, 484, 910, 911, 912, 913, 501, 914, 915]",True,"[415, 456, 866, 904, 926, 931]","[398, 399, 400, 401, 402, 403, 404, 405, 406, 407, 408, 409, 410, 411, 412, 413, 414, 415, 416, 417, 418, 419, 420, 421, 422, 423, 424, 425, 426, 427, 428, 429, 430, 431, 432, 433, 434, 435, 436, 437, 438, 439, 440, 441, 442, 443, 444, 445, 446, 447, 448, 449, 450, 451, 452, 453, 454, 455, 456, 457, 458, 459, 460, 461, 462, 463, 464, 465, 466, 467, 468, 469, 470, 471, 472, 473, 474, 475, 476, 477, 478, 479, 480, 481, 482, 483, 484, 848, 849, 850, 851, 852, 853, 854, 855, 856, 857, 858, 859, 860, 861, 862, 863, 864, 865, 866, 867, 868, 869, 870, 871, 872, 873, 874, 875, 876, 877, 878, 879, 880, 881, 882, 883, 884, 885, 886, 887, 888, 889, 890, 891, 892, 893, 894, 895, 896, 897, 898, 899, 900, 901, 902, 903, 904, 905, 906, 907, 908, 909, 910, 911, 912, 913, 914, 915, 916, 917, 918, 919, 920, 921, 922, 923, 924, 925, 926, 927, 928, 929, 930, 931, 932, 933, 934, 935]","[415, 456, 866, 904, 921, 926, 931]","[415, 456, 866, 904, 921, 926, 931]","[16, 125, 156, 163, 168, 184, 205, 222, 229, 253, 258, 265, 313, 317, 336, 340, 341, 356, 363, 365, 366, 367, 370, 375, 388, 391, 394, 396, 402, 410, 411, 412, 413, 415, 416, 417, 418, 419, 425, 429, 431, 433, 435, 437, 440, 441, 442, 443, 451, 452, 456, 457, 458, 460, 461, 464, 471, 473, 474, 475, 481, 482, 501, 596, 628, 635, 655, 675, 693, 716, 720, 725, 771, 775, 793, 796, 797, 811, 817, 818, 820, 825, 838, 841, 844, 846, 851, 857, 861, 862, 863, 864, 866, 867, 868, 870, 871, 877, 881, 883, 885, 888, 891, 892, 893, 898, 899, 904, 905, 907, 908, 911, 918, 920, 921, 922, 923, 924, 926, 931, 933]","[31, 142, 147, 180, 338, 352, 367, 387, 403, 405, 408, 410, 455, 465, 466, 468, 470, 472, 473, 477, 478, 479, 483, 484, 514, 613, 618, 651, 794, 807, 837, 852, 854, 858, 861, 902, 912, 913, 915, 917, 919, 920, 928, 929, 930, 931, 934, 935]","[31, 142, 147, 180, 338, 352, 367, 387, 403, 405, 408, 410, 455, 465, 466, 468, 470, 472, 473, 483, 484, 514, 613, 618, 651, 794, 807, 837, 852, 854, 858, 861, 902, 912, 913, 915, 917, 919, 920, 931, 934, 935]",7/6 successful match,True,"[502, 503]",True,131,False,,1.0,True,Top Stop Truck Plaza 28 SE ( Sinclair ) ),Sinclair
Nephi ( 84648 ) Top Stop Truck Plaza ( Sinclair ),435-623-2085 I-15 Exit 222 ( UT 28 SE ),24,Nephi,84648,Top Stop Truck Plaza ( Sinclair ),435-623-2085,2016,Nephi,UT,Sinclair,( UT 28 SE ),I-15 Exit 222 ,Exit,222,False,,False,I-15,,,,,[931],"[415, 456, 866, 904, 926, 931]","[415, 456, 866, 904, 921, 926, 931]","[415, 456, 866, 904, 921, 926, 931]","[398, 399, 400, 401, 402, 403, 404, 405, 406, 407, 408, 409, 410, 411, 412, 413, 414, 415, 416, 417, 418, 419, 420, 421, 422, 423, 424, 425, 426, 427, 428, 429, 430, 431, 432, 433, 434, 435, 436, 437, 438, 439, 440, 441, 442, 443, 444, 445, 446, 447, 448, 449, 450, 451, 452, 453, 454, 455, 456, 457, 458, 459, 460, 461, 462, 463, 464, 465, 466, 467, 468, 469, 470, 471, 472, 473, 474, 475, 476, 477, 478, 479, 480, 481, 482, 483, 484, 848, 849, 850, 851, 852, 853, 854, 855, 856, 857, 858, 859, 860, 861, 862, 863, 864, 865, 866, 867, 868, 869, 870, 871, 872, 873, 874, 875, 876, 877, 878, 879, 880, 881, 882, 883, 884, 885, 886, 887, 888, 889, 890, 891, 892, 893, 894, 895, 896, 897, 898, 899, 900, 901, 902, 903, 904, 905, 906, 907, 908, 909, 910, 911, 912, 913, 914, 915, 916, 917, 918, 919, 920, 921, 922, 923, 924, 925, 926, 927, 928, 929, 930, 931, 932, 933, 934, 935]","[16, 125, 156, 163, 168, 184, 205, 222, 229, 253, 258, 265, 313, 317, 336, 340, 341, 356, 363, 365, 366, 367, 370, 375, 388, 391, 394, 396, 402, 410, 411, 412, 413, 415, 416, 417, 418, 419, 425, 429, 431, 433, 435, 437, 440, 441, 442, 443, 451, 452, 456, 457, 458, 460, 461, 464, 471, 473, 474, 475, 481, 482, 501, 596, 628, 635, 655, 675, 693, 716, 720, 725, 771, 775, 793, 796, 797, 811, 817, 818, 820, 825, 838, 841, 844, 846, 851, 857, 861, 862, 863, 864, 866, 867, 868, 870, 871, 877, 881, 883, 885, 888, 891, 892, 893, 898, 899, 904, 905, 907, 908, 911, 918, 920, 921, 922, 923, 924, 926, 931, 933]","[31, 142, 147, 180, 338, 352, 367, 387, 403, 405, 408, 410, 455, 465, 466, 468, 470, 472, 473, 483, 484, 514, 613, 618, 651, 794, 807, 837, 852, 854, 858, 861, 902, 912, 913, 915, 917, 919, 920, 931, 934, 935]","[31, 142, 147, 180, 338, 352, 367, 387, 403, 405, 408, 410, 455, 465, 466, 468, 470, 472, 473, 477, 478, 479, 483, 484, 514, 613, 618, 651, 794, 807, 837, 852, 854, 858, 861, 902, 912, 913, 915, 917, 919, 920, 928, 929, 930, 931, 934, 935]","[916, 514, 917, 918, 387, 919, 16, 920, 922, 31, 923, 388, 924, 925, 927, 928, 929, 930, 932, 596, 933, 934, 935, 613, 618, 391, 628, 635, 125, 651, 142, 655, 147, 336, 156, 163, 675, 338, 168, 340, 341, 693, 180, 184, 394, 716, 205, 720, 725, 375, 222, 229, 352, 396, 253, 356, 258, 771, 775, 265, 793, 794, 796, 797, 363, 807, 811, 365, 817, 366, 818, 820, 367, 313, 825, 317, 837, 370, 838, 841, 844, 846, 848, 849, 850, 851, 852, 853, 854, 855, 856, 857, 858, 859, 860, 861, 862, 863, 864, 865, 866, 867, 868, 869, 870, 871, 872, 873, 874, 875, 876, 877, 878, 879, 880, 881, 882, 883, 884, 885, 886, 887, 888, 889, 890, 891, 892, 893, 894, 895, 896, 897, 898, 899, 900, 901, 902, 903, 904, 905, 906, 907, 908, 909, 398, 399, 400, 401, 402, 403, 404, 405, 406, 407, 408, 409, 921, 410, 411, 412, 926, 415, 413, 414, 416, 931, 417, 418, 419, 420, 421, 422, 423, 424, 425, 426, 427, 428, 429, 430, 431, 432, 433, 434, 435, 436, 437, 438, 439, 440, 441, 442, 443, 444, 445, 446, 447, 448, 449, 450, 451, 452, 456, 453, 454, 455, 457, 458, 459, 460, 461, 462, 463, 464, 465, 466, 467, 468, 469, 470, 471, 472, 473, 474, 475, 476, 477, 478, 479, 480, 481, 482, 483, 484, 910, 911, 912, 913, 501, 914, 915]",True,"[415, 456, 866, 904, 926, 931]","[398, 399, 400, 401, 402, 403, 404, 405, 406, 407, 408, 409, 410, 411, 412, 413, 414, 415, 416, 417, 418, 419, 420, 421, 422, 423, 424, 425, 426, 427, 428, 429, 430, 431, 432, 433, 434, 435, 436, 437, 438, 439, 440, 441, 442, 443, 444, 445, 446, 447, 448, 449, 450, 451, 452, 453, 454, 455, 456, 457, 458, 459, 460, 461, 462, 463, 464, 465, 466, 467, 468, 469, 470, 471, 472, 473, 474, 475, 476, 477, 478, 479, 480, 481, 482, 483, 484, 848, 849, 850, 851, 852, 853, 854, 855, 856, 857, 858, 859, 860, 861, 862, 863, 864, 865, 866, 867, 868, 869, 870, 871, 872, 873, 874, 875, 876, 877, 878, 879, 880, 881, 882, 883, 884, 885, 886, 887, 888, 889, 890, 891, 892, 893, 894, 895, 896, 897, 898, 899, 900, 901, 902, 903, 904, 905, 906, 907, 908, 909, 910, 911, 912, 913, 914, 915, 916, 917, 918, 919, 920, 921, 922, 923, 924, 925, 926, 927, 928, 929, 930, 931, 932, 933, 934, 935]","[415, 456, 866, 904, 921, 926, 931]","[415, 456, 866, 904, 921, 926, 931]","[16, 125, 156, 163, 168, 184, 205, 222, 229, 253, 258, 265, 313, 317, 336, 340, 341, 356, 363, 365, 366, 367, 370, 375, 388, 391, 394, 396, 402, 410, 411, 412, 413, 415, 416, 417, 418, 419, 425, 429, 431, 433, 435, 437, 440, 441, 442, 443, 451, 452, 456, 457, 458, 460, 461, 464, 471, 473, 474, 475, 481, 482, 501, 596, 628, 635, 655, 675, 693, 716, 720, 725, 771, 775, 793, 796, 797, 811, 817, 818, 820, 825, 838, 841, 844, 846, 851, 857, 861, 862, 863, 864, 866, 867, 868, 870, 871, 877, 881, 883, 885, 888, 891, 892, 893, 898, 899, 904, 905, 907, 908, 911, 918, 920, 921, 922, 923, 924, 926, 931, 933]","[31, 142, 147, 180, 338, 352, 367, 387, 403, 405, 408, 410, 455, 465, 466, 468, 470, 472, 473, 477, 478, 479, 483, 484, 514, 613, 618, 651, 794, 807, 837, 852, 854, 858, 861, 902, 912, 913, 915, 917, 919, 920, 928, 929, 930, 931, 934, 935]","[31, 142, 147, 180, 338, 352, 367, 387, 403, 405, 408, 410, 455, 465, 466, 468, 470, 472, 473, 483, 484, 514, 613, 618, 651, 794, 807, 837, 852, 854, 858, 861, 902, 912, 913, 915, 917, 919, 920, 931, 934, 935]",7/6 successful match,True,"[502, 503]",True,131,False,,1.0,True,Top Stop Truck Plaza ( Sinclair ),Sinclair
"E Nephi , 84648 Flying J Travel Plaza # 0011196",435-623-2400 I-15 Exit 222,1,Nephi,84648,Flying J Travel Plaza # 0011196,435-623-2400,2006,Nephi,UT,Flying J,,I-15 Exit 222,Exit,222,False,,False,I-15,,,,,"[866, 415]","[415, 456, 866, 904, 926, 931]","[415, 456, 866, 904, 921, 926, 931]","[415, 456, 866, 904, 921, 926, 931]","[398, 399, 400, 401, 402, 403, 404, 405, 406, 407, 408, 409, 410, 411, 412, 413, 414, 415, 416, 417, 418, 419, 420, 421, 422, 423, 424, 425, 426, 427, 428, 429, 430, 431, 432, 433, 434, 435, 436, 437, 438, 439, 440, 441, 442, 443, 444, 445, 446, 447, 448, 449, 450, 451, 452, 453, 454, 455, 456, 457, 458, 459, 460, 461, 462, 463, 464, 465, 466, 467, 468, 469, 470, 471, 472, 473, 474, 475, 476, 477, 478, 479, 480, 481, 482, 483, 484, 848, 849, 850, 851, 852, 853, 854, 855, 856, 857, 858, 859, 860, 861, 862, 863, 864, 865, 866, 867, 868, 869, 870, 871, 872, 873, 874, 875, 876, 877, 878, 879, 880, 881, 882, 883, 884, 885, 886, 887, 888, 889, 890, 891, 892, 893, 894, 895, 896, 897, 898, 899, 900, 901, 902, 903, 904, 905, 906, 907, 908, 909, 910, 911, 912, 913, 914, 915, 916, 917, 918, 919, 920, 921, 922, 923, 924, 925, 926, 927, 928, 929, 930, 931, 932, 933, 934, 935]","[16, 125, 156, 163, 168, 184, 205, 222, 229, 253, 258, 265, 313, 317, 336, 340, 341, 356, 363, 365, 366, 367, 370, 375, 388, 391, 394, 396, 402, 410, 411, 412, 413, 415, 416, 417, 418, 419, 425, 429, 431, 433, 435, 437, 440, 441, 442, 443, 451, 452, 456, 457, 458, 460, 461, 464, 471, 473, 474, 475, 481, 482, 501, 596, 628, 635, 655, 675, 693, 716, 720, 725, 771, 775, 793, 796, 797, 811, 817, 818, 820, 825, 838, 841, 844, 846, 851, 857, 861, 862, 863, 864, 866, 867, 868, 870, 871, 877, 881, 883, 885, 888, 891, 892, 893, 898, 899, 904, 905, 907, 908, 911, 918, 920, 921, 922, 923, 924, 926, 931, 933]","[17, 18, 19, 20, 21, 22, 23, 156, 157, 158, 159, 160, 161, 162, 163, 164, 165, 166, 167, 341, 342, 343, 344, 345, 412, 413, 414, 415, 416, 417, 418, 419, 420, 421, 422, 502, 503, 504, 505, 506, 507, 628, 629, 630, 631, 632, 633, 634, 635, 636, 637, 638, 639, 792, 797, 798, 799, 800, 801, 863, 864, 865, 866, 867, 868, 869, 870, 871, 872, 873, 874]","[17, 18, 19, 20, 21, 22, 23, 156, 157, 158, 159, 160, 161, 162, 163, 164, 165, 166, 167, 168, 340, 341, 342, 343, 344, 345, 346, 412, 413, 414, 415, 416, 417, 418, 419, 420, 421, 422, 502, 503, 504, 505, 506, 507, 628, 629, 630, 631, 632, 633, 634, 635, 636, 637, 638, 639, 792, 796, 797, 798, 799, 800, 801, 863, 864, 865, 866, 867, 868, 869, 870, 871, 872, 873, 874]","[916, 917, 918, 919, 16, 17, 18, 19, 920, 20, 21, 22, 23, 922, 923, 388, 924, 925, 927, 928, 929, 930, 932, 596, 933, 934, 935, 391, 628, 629, 630, 631, 632, 633, 634, 635, 636, 125, 637, 638, 639, 655, 336, 156, 157, 158, 159, 160, 161, 162, 163, 675, 164, 165, 166, 168, 167, 340, 341, 693, 184, 342, 394, 343, 344, 345, 716, 205, 346, 720, 725, 375, 222, 229, 396, 253, 356, 258, 771, 775, 265, 792, 793, 796, 797, 798, 799, 800, 801, 363, 811, 365, 817, 366, 818, 820, 367, 313, 825, 317, 370, 838, 841, 844, 846, 848, 849, 850, 851, 852, 853, 854, 855, 856, 857, 858, 859, 860, 861, 862, 863, 864, 865, 866, 867, 868, 869, 870, 871, 872, 873, 874, 875, 876, 877, 878, 879, 880, 881, 882, 883, 884, 885, 886, 887, 888, 889, 890, 891, 892, 893, 894, 895, 896, 897, 898, 899, 900, 901, 902, 903, 904, 905, 906, 907, 908, 909, 398, 399, 400, 401, 402, 403, 404, 405, 406, 407, 408, 409, 921, 410, 411, 412, 926, 415, 413, 414, 416, 931, 417, 418, 419, 420, 421, 422, 423, 424, 425, 426, 427, 428, 429, 430, 431, 432, 433, 434, 435, 436, 437, 438, 439, 440, 441, 442, 443, 444, 445, 446, 447, 448, 449, 450, 451, 452, 456, 453, 454, 455, 457, 458, 459, 460, 461, 462, 463, 464, 465, 466, 467, 468, 469, 470, 471, 472, 473, 474, 475, 476, 477, 478, 479, 480, 481, 482, 483, 484, 910, 911, 503, 912, 913, 501, 502, 914, 504, 505, 506, 507, 915]",True,"[415, 456, 866, 904, 926, 931]","[398, 399, 400, 401, 402, 403, 404, 405, 406, 407, 408, 409, 410, 411, 412, 413, 414, 415, 416, 417, 418, 419, 420, 421, 422, 423, 424, 425, 426, 427, 428, 429, 430, 431, 432, 433, 434, 435, 436, 437, 438, 439, 440, 441, 442, 443, 444, 445, 446, 447, 448, 449, 450, 451, 452, 453, 454, 455, 456, 457, 458, 459, 460, 461, 462, 463, 464, 465, 466, 467, 468, 469, 470, 471, 472, 473, 474, 475, 476, 477, 478, 479, 480, 481, 482, 483, 484, 848, 849, 850, 851, 852, 853, 854, 855, 856, 857, 858, 859, 860, 861, 862, 863, 864, 865, 866, 867, 868, 869, 870, 871, 872, 873, 874, 875, 876, 877, 878, 879, 880, 881, 882, 883, 884, 885, 886, 887, 888, 889, 890, 891, 892, 893, 894, 895, 896, 897, 898, 899, 900, 901, 902, 903, 904, 905, 906, 907, 908, 909, 910, 911, 912, 913, 914, 915, 916, 917, 918, 919, 920, 921, 922, 923, 924, 925, 926, 927, 928, 929, 930, 931, 932, 933, 934, 935]","[415, 456, 866, 904, 921, 926, 931]","[415, 456, 866, 904, 921, 926, 931]","[16, 125, 156, 163, 168, 184, 205, 222, 229, 253, 258, 265, 313, 317, 336, 340, 341, 356, 363, 365, 366, 367, 370, 375, 388, 391, 394, 396, 402, 410, 411, 412, 413, 415, 416, 417, 418, 419, 425, 429, 431, 433, 435, 437, 440, 441, 442, 443, 451, 452, 456, 457, 458, 460, 461, 464, 471, 473, 474, 475, 481, 482, 501, 596, 628, 635, 655, 675, 693, 716, 720, 725, 771, 775, 793, 796, 797, 811, 817, 818, 820, 825, 838, 841, 844, 846, 851, 857, 861, 862, 863, 864, 866, 867, 868, 870, 871, 877, 881, 883, 885, 888, 891, 892, 893, 898, 899, 904, 905, 907, 908, 911, 918, 920, 921, 922, 923, 924, 926, 931, 933]","[17, 18, 19, 20, 21, 22, 23, 156, 157, 158, 159, 160, 161, 162, 163, 164, 165, 166, 167, 168, 340, 341, 342, 343, 344, 345, 346, 412, 413, 414, 415, 416, 417, 418, 419, 420, 421, 422, 502, 503, 504, 505, 506, 507, 628, 629, 630, 631, 632, 633, 634, 635, 636, 637, 638, 639, 792, 796, 797, 798, 799, 800, 801, 863, 864, 865, 866, 867, 868, 869, 870, 871, 872, 873, 874]","[17, 18, 19, 20, 21, 22, 23, 156, 157, 158, 159, 160, 161, 162, 163, 164, 165, 166, 167, 341, 342, 343, 344, 345, 412, 413, 414, 415, 416, 417, 418, 419, 420, 421, 422, 502, 503, 504, 505, 506, 507, 628, 629, 630, 631, 632, 633, 634, 635, 636, 637, 638, 639, 792, 797, 798, 799, 800, 801, 863, 864, 865, 866, 867, 868, 869, 870, 871, 872, 873, 874]",7/6 successful match,True,[40],True,132,False,,,,,
"Nephi , 84648 J Travel Plaza # 0011196",435-623-2400 I-15 Flying Exit 222 #,,Nephi,84648,J Travel Plaza # 0011196,435-623-2400,2007,Nephi,UT,,,I-15 Flying Exit 222 #,Exit,222,False,,False,I-15,,,,,"[866, 415]","[415, 456, 866, 904, 926, 931]","[415, 456, 866, 904, 921, 926, 931]","[415, 456, 866, 904, 921, 926, 931]","[398, 399, 400, 401, 402, 403, 404, 405, 406, 407, 408, 409, 410, 411, 412, 413, 414, 415, 416, 417, 418, 419, 420, 421, 422, 423, 424, 425, 426, 427, 428, 429, 430, 431, 432, 433, 434, 435, 436, 437, 438, 439, 440, 441, 442, 443, 444, 445, 446, 447, 448, 449, 450, 451, 452, 453, 454, 455, 456, 457, 458, 459, 460, 461, 462, 463, 464, 465, 466, 467, 468, 469, 470, 471, 472, 473, 474, 475, 476, 477, 478, 479, 480, 481, 482, 483, 484, 848, 849, 850, 851, 852, 853, 854, 855, 856, 857, 858, 859, 860, 861, 862, 863, 864, 865, 866, 867, 868, 869, 870, 871, 872, 873, 874, 875, 876, 877, 878, 879, 880, 881, 882, 883, 884, 885, 886, 887, 888, 889, 890, 891, 892, 893, 894, 895, 896, 897, 898, 899, 900, 901, 902, 903, 904, 905, 906, 907, 908, 909, 910, 911, 912, 913, 914, 915, 916, 917, 918, 919, 920, 921, 922, 923, 924, 925, 926, 927, 928, 929, 930, 931, 932, 933, 934, 935]","[16, 125, 156, 163, 168, 184, 205, 222, 229, 253, 258, 265, 313, 317, 336, 340, 341, 356, 363, 365, 366, 367, 370, 375, 388, 391, 394, 396, 402, 410, 411, 412, 413, 415, 416, 417, 418, 419, 425, 429, 431, 433, 435, 437, 440, 441, 442, 443, 451, 452, 456, 457, 458, 460, 461, 464, 471, 473, 474, 475, 481, 482, 501, 596, 628, 635, 655, 675, 693, 716, 720, 725, 771, 775, 793, 796, 797, 811, 817, 818, 820, 825, 838, 841, 844, 846, 851, 857, 861, 862, 863, 864, 866, 867, 868, 870, 871, 877, 881, 883, 885, 888, 891, 892, 893, 898, 899, 904, 905, 907, 908, 911, 918, 920, 921, 922, 923, 924, 926, 931, 933]",[],[],"[916, 917, 918, 919, 16, 920, 922, 923, 388, 924, 925, 927, 928, 929, 930, 932, 596, 933, 934, 935, 391, 628, 635, 125, 655, 336, 156, 163, 675, 168, 340, 341, 693, 184, 394, 716, 205, 720, 725, 375, 222, 229, 396, 253, 356, 258, 771, 775, 265, 793, 796, 797, 363, 811, 365, 817, 366, 818, 820, 367, 313, 825, 317, 370, 838, 841, 844, 846, 848, 849, 850, 851, 852, 853, 854, 855, 856, 857, 858, 859, 860, 861, 862, 863, 864, 865, 866, 867, 868, 869, 870, 871, 872, 873, 874, 875, 876, 877, 878, 879, 880, 881, 882, 883, 884, 885, 886, 887, 888, 889, 890, 891, 892, 893, 894, 895, 896, 897, 898, 899, 900, 901, 902, 903, 904, 905, 906, 907, 908, 909, 398, 399, 400, 401, 402, 403, 404, 405, 406, 407, 408, 409, 921, 410, 411, 412, 926, 415, 413, 414, 416, 931, 417, 418, 419, 420, 421, 422, 423, 424, 425, 426, 427, 428, 429, 430, 431, 432, 433, 434, 435, 436, 437, 438, 439, 440, 441, 442, 443, 444, 445, 446, 447, 448, 449, 450, 451, 452, 456, 453, 454, 455, 457, 458, 459, 460, 461, 462, 463, 464, 465, 466, 467, 468, 469, 470, 471, 472, 473, 474, 475, 476, 477, 478, 479, 480, 481, 482, 483, 484, 910, 911, 912, 913, 501, 914, 915]",True,"[415, 456, 866, 904, 926, 931]","[398, 399, 400, 401, 402, 403, 404, 405, 406, 407, 408, 409, 410, 411, 412, 413, 414, 415, 416, 417, 418, 419, 420, 421, 422, 423, 424, 425, 426, 427, 428, 429, 430, 431, 432, 433, 434, 435, 436, 437, 438, 439, 440, 441, 442, 443, 444, 445, 446, 447, 448, 449, 450, 451, 452, 453, 454, 455, 456, 457, 458, 459, 460, 461, 462, 463, 464, 465, 466, 467, 468, 469, 470, 471, 472, 473, 474, 475, 476, 477, 478, 479, 480, 481, 482, 483, 484, 848, 849, 850, 851, 852, 853, 854, 855, 856, 857, 858, 859, 860, 861, 862, 863, 864, 865, 866, 867, 868, 869, 870, 871, 872, 873, 874, 875, 876, 877, 878, 879, 880, 881, 882, 883, 884, 885, 886, 887, 888, 889, 890, 891, 892, 893, 894, 895, 896, 897, 898, 899, 900, 901, 902, 903, 904, 905, 906, 907, 908, 909, 910, 911, 912, 913, 914, 915, 916, 917, 918, 919, 920, 921, 922, 923, 924, 925, 926, 927, 928, 929, 930, 931, 932, 933, 934, 935]","[415, 456, 866, 904, 921, 926, 931]","[415, 456, 866, 904, 921, 926, 931]","[16, 125, 156, 163, 168, 184, 205, 222, 229, 253, 258, 265, 313, 317, 336, 340, 341, 356, 363, 365, 366, 367, 370, 375, 388, 391, 394, 396, 402, 410, 411, 412, 413, 415, 416, 417, 418, 419, 425, 429, 431, 433, 435, 437, 440, 441, 442, 443, 451, 452, 456, 457, 458, 460, 461, 464, 471, 473, 474, 475, 481, 482, 501, 596, 628, 635, 655, 675, 693, 716, 720, 725, 771, 775, 793, 796, 797, 811, 817, 818, 820, 825, 838, 841, 844, 846, 851, 857, 861, 862, 863, 864, 866, 867, 868, 870, 871, 877, 881, 883, 885, 888, 891, 892, 893, 898, 899, 904, 905, 907, 908, 911, 918, 920, 921, 922, 923, 924, 926, 931, 933]",[],[],7/6 successful match,True,[40],True,132,False,,0.6618181818181819,True,Flying J Travel Plaza # 0011196,Flying J
"Nephi , 84648 Flying J 222 Travel Plaza # 0011196",435-623-2400 I-15 Exit 222,24 LO 24,Nephi,84648,Flying J 222 Travel Plaza # 0011196,435-623-2400,2008,Nephi,UT,Flying J,,I-15 Exit 222,Exit,222,False,,False,I-15,,,,,"[866, 415]","[415, 456, 866, 904, 926, 931]","[415, 456, 866, 904, 921, 926, 931]","[415, 456, 866, 904, 921, 926, 931]","[398, 399, 400, 401, 402, 403, 404, 405, 406, 407, 408, 409, 410, 411, 412, 413, 414, 415, 416, 417, 418, 419, 420, 421, 422, 423, 424, 425, 426, 427, 428, 429, 430, 431, 432, 433, 434, 435, 436, 437, 438, 439, 440, 441, 442, 443, 444, 445, 446, 447, 448, 449, 450, 451, 452, 453, 454, 455, 456, 457, 458, 459, 460, 461, 462, 463, 464, 465, 466, 467, 468, 469, 470, 471, 472, 473, 474, 475, 476, 477, 478, 479, 480, 481, 482, 483, 484, 848, 849, 850, 851, 852, 853, 854, 855, 856, 857, 858, 859, 860, 861, 862, 863, 864, 865, 866, 867, 868, 869, 870, 871, 872, 873, 874, 875, 876, 877, 878, 879, 880, 881, 882, 883, 884, 885, 886, 887, 888, 889, 890, 891, 892, 893, 894, 895, 896, 897, 898, 899, 900, 901, 902, 903, 904, 905, 906, 907, 908, 909, 910, 911, 912, 913, 914, 915, 916, 917, 918, 919, 920, 921, 922, 923, 924, 925, 926, 927, 928, 929, 930, 931, 932, 933, 934, 935]","[16, 125, 156, 163, 168, 184, 205, 222, 229, 253, 258, 265, 313, 317, 336, 340, 341, 356, 363, 365, 366, 367, 370, 375, 388, 391, 394, 396, 402, 410, 411, 412, 413, 415, 416, 417, 418, 419, 425, 429, 431, 433, 435, 437, 440, 441, 442, 443, 451, 452, 456, 457, 458, 460, 461, 464, 471, 473, 474, 475, 481, 482, 501, 596, 628, 635, 655, 675, 693, 716, 720, 725, 771, 775, 793, 796, 797, 811, 817, 818, 820, 825, 838, 841, 844, 846, 851, 857, 861, 862, 863, 864, 866, 867, 868, 870, 871, 877, 881, 883, 885, 888, 891, 892, 893, 898, 899, 904, 905, 907, 908, 911, 918, 920, 921, 922, 923, 924, 926, 931, 933]","[17, 18, 19, 20, 21, 22, 23, 156, 157, 158, 159, 160, 161, 162, 163, 164, 165, 166, 167, 341, 342, 343, 344, 345, 412, 413, 414, 415, 416, 417, 418, 419, 420, 421, 422, 502, 503, 504, 505, 506, 507, 628, 629, 630, 631, 632, 633, 634, 635, 636, 637, 638, 639, 792, 797, 798, 799, 800, 801, 863, 864, 865, 866, 867, 868, 869, 870, 871, 872, 873, 874]","[17, 18, 19, 20, 21, 22, 23, 156, 157, 158, 159, 160, 161, 162, 163, 164, 165, 166, 167, 168, 340, 341, 342, 343, 344, 345, 346, 412, 413, 414, 415, 416, 417, 418, 419, 420, 421, 422, 502, 503, 504, 505, 506, 507, 628, 629, 630, 631, 632, 633, 634, 635, 636, 637, 638, 639, 792, 796, 797, 798, 799, 800, 801, 863, 864, 865, 866, 867, 868, 869, 870, 871, 872, 873, 874]","[916, 917, 918, 919, 16, 17, 18, 19, 920, 20, 21, 22, 23, 922, 923, 388, 924, 925, 927, 928, 929, 930, 932, 596, 933, 934, 935, 391, 628, 629, 630, 631, 632, 633, 634, 635, 636, 125, 637, 638, 639, 655, 336, 156, 157, 158, 159, 160, 161, 162, 163, 675, 164, 165, 166, 168, 167, 340, 341, 693, 184, 342, 394, 343, 344, 345, 716, 205, 346, 720, 725, 375, 222, 229, 396, 253, 356, 258, 771, 775, 265, 792, 793, 796, 797, 798, 799, 800, 801, 363, 811, 365, 817, 366, 818, 820, 367, 313, 825, 317, 370, 838, 841, 844, 846, 848, 849, 850, 851, 852, 853, 854, 855, 856, 857, 858, 859, 860, 861, 862, 863, 864, 865, 866, 867, 868, 869, 870, 871, 872, 873, 874, 875, 876, 877, 878, 879, 880, 881, 882, 883, 884, 885, 886, 887, 888, 889, 890, 891, 892, 893, 894, 895, 896, 897, 898, 899, 900, 901, 902, 903, 904, 905, 906, 907, 908, 909, 398, 399, 400, 401, 402, 403, 404, 405, 406, 407, 408, 409, 921, 410, 411, 412, 926, 415, 413, 414, 416, 931, 417, 418, 419, 420, 421, 422, 423, 424, 425, 426, 427, 428, 429, 430, 431, 432, 433, 434, 435, 436, 437, 438, 439, 440, 441, 442, 443, 444, 445, 446, 447, 448, 449, 450, 451, 452, 456, 453, 454, 455, 457, 458, 459, 460, 461, 462, 463, 464, 465, 466, 467, 468, 469, 470, 471, 472, 473, 474, 475, 476, 477, 478, 479, 480, 481, 482, 483, 484, 910, 911, 503, 912, 913, 501, 502, 914, 504, 505, 506, 507, 915]",True,"[415, 456, 866, 904, 926, 931]","[398, 399, 400, 401, 402, 403, 404, 405, 406, 407, 408, 409, 410, 411, 412, 413, 414, 415, 416, 417, 418, 419, 420, 421, 422, 423, 424, 425, 426, 427, 428, 429, 430, 431, 432, 433, 434, 435, 436, 437, 438, 439, 440, 441, 442, 443, 444, 445, 446, 447, 448, 449, 450, 451, 452, 453, 454, 455, 456, 457, 458, 459, 460, 461, 462, 463, 464, 465, 466, 467, 468, 469, 470, 471, 472, 473, 474, 475, 476, 477, 478, 479, 480, 481, 482, 483, 484, 848, 849, 850, 851, 852, 853, 854, 855, 856, 857, 858, 859, 860, 861, 862, 863, 864, 865, 866, 867, 868, 869, 870, 871, 872, 873, 874, 875, 876, 877, 878, 879, 880, 881, 882, 883, 884, 885, 886, 887, 888, 889, 890, 891, 892, 893, 894, 895, 896, 897, 898, 899, 900, 901, 902, 903, 904, 905, 906, 907, 908, 909, 910, 911, 912, 913, 914, 915, 916, 917, 918, 919, 920, 921, 922, 923, 924, 925, 926, 927, 928, 929, 930, 931, 932, 933, 934, 935]","[415, 456, 866, 904, 921, 926, 931]","[415, 456, 866, 904, 921, 926, 931]","[16, 125, 156, 163, 168, 184, 205, 222, 229, 253, 258, 265, 313, 317, 336, 340, 341, 356, 363, 365, 366, 367, 370, 375, 388, 391, 394, 396, 402, 410, 411, 412, 413, 415, 416, 417, 418, 419, 425, 429, 431, 433, 435, 437, 440, 441, 442, 443, 451, 452, 456, 457, 458, 460, 461, 464, 471, 473, 474, 475, 481, 482, 501, 596, 628, 635, 655, 675, 693, 716, 720, 725, 771, 775, 793, 796, 797, 811, 817, 818, 820, 825, 838, 841, 844, 846, 851, 857, 861, 862, 863, 864, 866, 867, 868, 870, 871, 877, 881, 883, 885, 888, 891, 892, 893, 898, 899, 904, 905, 907, 908, 911, 918, 920, 921, 922, 923, 924, 926, 931, 933]","[17, 18, 19, 20, 21, 22, 23, 156, 157, 158, 159, 160, 161, 162, 163, 164, 165, 166, 167, 168, 340, 341, 342, 343, 344, 345, 346, 412, 413, 414, 415, 416, 417, 418, 419, 420, 421, 422, 502, 503, 504, 505, 506, 507, 628, 629, 630, 631, 632, 633, 634, 635, 636, 637, 638, 639, 792, 796, 797, 798, 799, 800, 801, 863, 864, 865, 866, 867, 868, 869, 870, 871, 872, 873, 874]","[17, 18, 19, 20, 21, 22, 23, 156, 157, 158, 159, 160, 161, 162, 163, 164, 165, 166, 167, 341, 342, 343, 344, 345, 412, 413, 414, 415, 416, 417, 418, 419, 420, 421, 422, 502, 503, 504, 505, 506, 507, 628, 629, 630, 631, 632, 633, 634, 635, 636, 637, 638, 639, 792, 797, 798, 799, 800, 801, 863, 864, 865, 866, 867, 868, 869, 870, 871, 872, 873, 874]",7/6 successful match,True,[40],True,132,False,,0.5774011299435029,True,J Travel Plaza # 0011196,
E Nephi ( 84648 ) Flying J Travel Plaza # 743,435-623-2400 I-15 Exit 222 ( UT 28 NW ),24 L 24,Nephi,84648,Flying J Travel Plaza # 743,435-623-2400,2014,Nephi,UT,Flying J,( UT 28 NW ),I-15 Exit 222 ,Exit,222,False,,False,I-15,,,,,"[866, 415]","[415, 456, 866, 904, 926, 931]","[415, 456, 866, 904, 921, 926, 931]","[415, 456, 866, 904, 921, 926, 931]","[398, 399, 400, 401, 402, 403, 404, 405, 406, 407, 408, 409, 410, 411, 412, 413, 414, 415, 416, 417, 418, 419, 420, 421, 422, 423, 424, 425, 426, 427, 428, 429, 430, 431, 432, 433, 434, 435, 436, 437, 438, 439, 440, 441, 442, 443, 444, 445, 446, 447, 448, 449, 450, 451, 452, 453, 454, 455, 456, 457, 458, 459, 460, 461, 462, 463, 464, 465, 466, 467, 468, 469, 470, 471, 472, 473, 474, 475, 476, 477, 478, 479, 480, 481, 482, 483, 484, 848, 849, 850, 851, 852, 853, 854, 855, 856, 857, 858, 859, 860, 861, 862, 863, 864, 865, 866, 867, 868, 869, 870, 871, 872, 873, 874, 875, 876, 877, 878, 879, 880, 881, 882, 883, 884, 885, 886, 887, 888, 889, 890, 891, 892, 893, 894, 895, 896, 897, 898, 899, 900, 901, 902, 903, 904, 905, 906, 907, 908, 909, 910, 911, 912, 913, 914, 915, 916, 917, 918, 919, 920, 921, 922, 923, 924, 925, 926, 927, 928, 929, 930, 931, 932, 933, 934, 935]","[16, 125, 156, 163, 168, 184, 205, 222, 229, 253, 258, 265, 313, 317, 336, 340, 341, 356, 363, 365, 366, 367, 370, 375, 388, 391, 394, 396, 402, 410, 411, 412, 413, 415, 416, 417, 418, 419, 425, 429, 431, 433, 435, 437, 440, 441, 442, 443, 451, 452, 456, 457, 458, 460, 461, 464, 471, 473, 474, 475, 481, 482, 501, 596, 628, 635, 655, 675, 693, 716, 720, 725, 771, 775, 793, 796, 797, 811, 817, 818, 820, 825, 838, 841, 844, 846, 851, 857, 861, 862, 863, 864, 866, 867, 868, 870, 871, 877, 881, 883, 885, 888, 891, 892, 893, 898, 899, 904, 905, 907, 908, 911, 918, 920, 921, 922, 923, 924, 926, 931, 933]","[17, 18, 19, 20, 21, 22, 23, 156, 157, 158, 159, 160, 161, 162, 163, 164, 165, 166, 167, 341, 342, 343, 344, 345, 412, 413, 414, 415, 416, 417, 418, 419, 420, 421, 422, 502, 503, 504, 505, 506, 507, 628, 629, 630, 631, 632, 633, 634, 635, 636, 637, 638, 639, 792, 797, 798, 799, 800, 801, 863, 864, 865, 866, 867, 868, 869, 870, 871, 872, 873, 874]","[17, 18, 19, 20, 21, 22, 23, 156, 157, 158, 159, 160, 161, 162, 163, 164, 165, 166, 167, 168, 340, 341, 342, 343, 344, 345, 346, 412, 413, 414, 415, 416, 417, 418, 419, 420, 421, 422, 502, 503, 504, 505, 506, 507, 628, 629, 630, 631, 632, 633, 634, 635, 636, 637, 638, 639, 792, 796, 797, 798, 799, 800, 801, 863, 864, 865, 866, 867, 868, 869, 870, 871, 872, 873, 874]","[916, 917, 918, 919, 16, 17, 18, 19, 920, 20, 21, 22, 23, 922, 923, 388, 924, 925, 927, 928, 929, 930, 932, 596, 933, 934, 935, 391, 628, 629, 630, 631, 632, 633, 634, 635, 636, 125, 637, 638, 639, 655, 336, 156, 157, 158, 159, 160, 161, 162, 163, 675, 164, 165, 166, 168, 167, 340, 341, 693, 184, 342, 394, 343, 344, 345, 716, 205, 346, 720, 725, 375, 222, 229, 396, 253, 356, 258, 771, 775, 265, 792, 793, 796, 797, 798, 799, 800, 801, 363, 811, 365, 817, 366, 818, 820, 367, 313, 825, 317, 370, 838, 841, 844, 846, 848, 849, 850, 851, 852, 853, 854, 855, 856, 857, 858, 859, 860, 861, 862, 863, 864, 865, 866, 867, 868, 869, 870, 871, 872, 873, 874, 875, 876, 877, 878, 879, 880, 881, 882, 883, 884, 885, 886, 887, 888, 889, 890, 891, 892, 893, 894, 895, 896, 897, 898, 899, 900, 901, 902, 903, 904, 905, 906, 907, 908, 909, 398, 399, 400, 401, 402, 403, 404, 405, 406, 407, 408, 409, 921, 410, 411, 412, 926, 415, 413, 414, 416, 931, 417, 418, 419, 420, 421, 422, 423, 424, 425, 426, 427, 428, 429, 430, 431, 432, 433, 434, 435, 436, 437, 438, 439, 440, 441, 442, 443, 444, 445, 446, 447, 448, 449, 450, 451, 452, 456, 453, 454, 455, 457, 458, 459, 460, 461, 462, 463, 464, 465, 466, 467, 468, 469, 470, 471, 472, 473, 474, 475, 476, 477, 478, 479, 480, 481, 482, 483, 484, 910, 911, 503, 912, 913, 501, 502, 914, 504, 505, 506, 507, 915]",True,"[415, 456, 866, 904, 926, 931]","[398, 399, 400, 401, 402, 403, 404, 405, 406, 407, 408, 409, 410, 411, 412, 413, 414, 415, 416, 417, 418, 419, 420, 421, 422, 423, 424, 425, 426, 427, 428, 429, 430, 431, 432, 433, 434, 435, 436, 437, 438, 439, 440, 441, 442, 443, 444, 445, 446, 447, 448, 449, 450, 451, 452, 453, 454, 455, 456, 457, 458, 459, 460, 461, 462, 463, 464, 465, 466, 467, 468, 469, 470, 471, 472, 473, 474, 475, 476, 477, 478, 479, 480, 481, 482, 483, 484, 848, 849, 850, 851, 852, 853, 854, 855, 856, 857, 858, 859, 860, 861, 862, 863, 864, 865, 866, 867, 868, 869, 870, 871, 872, 873, 874, 875, 876, 877, 878, 879, 880, 881, 882, 883, 884, 885, 886, 887, 888, 889, 890, 891, 892, 893, 894, 895, 896, 897, 898, 899, 900, 901, 902, 903, 904, 905, 906, 907, 908, 909, 910, 911, 912, 913, 914, 915, 916, 917, 918, 919, 920, 921, 922, 923, 924, 925, 926, 927, 928, 929, 930, 931, 932, 933, 934, 935]","[415, 456, 866, 904, 921, 926, 931]","[415, 456, 866, 904, 921, 926, 931]","[16, 125, 156, 163, 168, 184, 205, 222, 229, 253, 258, 265, 313, 317, 336, 340, 341, 356, 363, 365, 366, 367, 370, 375, 388, 391, 394, 396, 402, 410, 411, 412, 413, 415, 416, 417, 418, 419, 425, 429, 431, 433, 435, 437, 440, 441, 442, 443, 451, 452, 456, 457, 458, 460, 461, 464, 471, 473, 474, 475, 481, 482, 501, 596, 628, 635, 655, 675, 693, 716, 720, 725, 771, 775, 793, 796, 797, 811, 817, 818, 820, 825, 838, 841, 844, 846, 851, 857, 861, 862, 863, 864, 866, 867, 868, 870, 871, 877, 881, 883, 885, 888, 891, 892, 893, 898, 899, 904, 905, 907, 908, 911, 918, 920, 921, 922, 923, 924, 926, 931, 933]","[17, 18, 19, 20, 21, 22, 23, 156, 157, 158, 159, 160, 161, 162, 163, 164, 165, 166, 167, 168, 340, 341, 342, 343, 344, 345, 346, 412, 413, 414, 415, 416, 417, 418, 419, 420, 421, 422, 502, 503, 504, 505, 506, 507, 628, 629, 630, 631, 632, 633, 634, 635, 636, 637, 638, 639, 792, 796, 797, 798, 799, 800, 801, 863, 864, 865, 866, 867, 868, 869, 870, 871, 872, 873, 874]","[17, 18, 19, 20, 21, 22, 23, 156, 157, 158, 159, 160, 161, 162, 163, 164, 165, 166, 167, 341, 342, 343, 344, 345, 412, 413, 414, 415, 416, 417, 418, 419, 420, 421, 422, 502, 503, 504, 505, 506, 507, 628, 629, 630, 631, 632, 633, 634, 635, 636, 637, 638, 639, 792, 797, 798, 799, 800, 801, 863, 864, 865, 866, 867, 868, 869, 870, 871, 872, 873, 874]",7/6 successful match,True,[40],True,132,False,,0.532258064516129,True,Flying J 222 Travel Plaza # 0011196,Flying J
E Nephi ( 84648 ) Flying J Travel Plaza # 743,435-623-2400 I-15 Exit 222 ( UT 28 NW ) FLYING,FLYING J L 24,Nephi,84648,Flying J Travel Plaza # 743,435-623-2400,2015,Nephi,UT,Flying J,( UT 28 NW ) FLYING,I-15 Exit 222 ,Exit,222,False,,False,I-15,,,,,"[866, 415]","[415, 456, 866, 904, 926, 931]","[415, 456, 866, 904, 921, 926, 931]","[415, 456, 866, 904, 921, 926, 931]","[398, 399, 400, 401, 402, 403, 404, 405, 406, 407, 408, 409, 410, 411, 412, 413, 414, 415, 416, 417, 418, 419, 420, 421, 422, 423, 424, 425, 426, 427, 428, 429, 430, 431, 432, 433, 434, 435, 436, 437, 438, 439, 440, 441, 442, 443, 444, 445, 446, 447, 448, 449, 450, 451, 452, 453, 454, 455, 456, 457, 458, 459, 460, 461, 462, 463, 464, 465, 466, 467, 468, 469, 470, 471, 472, 473, 474, 475, 476, 477, 478, 479, 480, 481, 482, 483, 484, 848, 849, 850, 851, 852, 853, 854, 855, 856, 857, 858, 859, 860, 861, 862, 863, 864, 865, 866, 867, 868, 869, 870, 871, 872, 873, 874, 875, 876, 877, 878, 879, 880, 881, 882, 883, 884, 885, 886, 887, 888, 889, 890, 891, 892, 893, 894, 895, 896, 897, 898, 899, 900, 901, 902, 903, 904, 905, 906, 907, 908, 909, 910, 911, 912, 913, 914, 915, 916, 917, 918, 919, 920, 921, 922, 923, 924, 925, 926, 927, 928, 929, 930, 931, 932, 933, 934, 935]","[16, 125, 156, 163, 168, 184, 205, 222, 229, 253, 258, 265, 313, 317, 336, 340, 341, 356, 363, 365, 366, 367, 370, 375, 388, 391, 394, 396, 402, 410, 411, 412, 413, 415, 416, 417, 418, 419, 425, 429, 431, 433, 435, 437, 440, 441, 442, 443, 451, 452, 456, 457, 458, 460, 461, 464, 471, 473, 474, 475, 481, 482, 501, 596, 628, 635, 655, 675, 693, 716, 720, 725, 771, 775, 793, 796, 797, 811, 817, 818, 820, 825, 838, 841, 844, 846, 851, 857, 861, 862, 863, 864, 866, 867, 868, 870, 871, 877, 881, 883, 885, 888, 891, 892, 893, 898, 899, 904, 905, 907, 908, 911, 918, 920, 921, 922, 923, 924, 926, 931, 933]","[17, 18, 19, 20, 21, 22, 23, 156, 157, 158, 159, 160, 161, 162, 163, 164, 165, 166, 167, 341, 342, 343, 344, 345, 412, 413, 414, 415, 416, 417, 418, 419, 420, 421, 422, 502, 503, 504, 505, 506, 507, 628, 629, 630, 631, 632, 633, 634, 635, 636, 637, 638, 639, 792, 797, 798, 799, 800, 801, 863, 864, 865, 866, 867, 868, 869, 870, 871, 872, 873, 874]","[17, 18, 19, 20, 21, 22, 23, 156, 157, 158, 159, 160, 161, 162, 163, 164, 165, 166, 167, 168, 340, 341, 342, 343, 344, 345, 346, 412, 413, 414, 415, 416, 417, 418, 419, 420, 421, 422, 502, 503, 504, 505, 506, 507, 628, 629, 630, 631, 632, 633, 634, 635, 636, 637, 638, 639, 792, 796, 797, 798, 799, 800, 801, 863, 864, 865, 866, 867, 868, 869, 870, 871, 872, 873, 874]","[916, 917, 918, 919, 16, 17, 18, 19, 920, 20, 21, 22, 23, 922, 923, 388, 924, 925, 927, 928, 929, 930, 932, 596, 933, 934, 935, 391, 628, 629, 630, 631, 632, 633, 634, 635, 636, 125, 637, 638, 639, 655, 336, 156, 157, 158, 159, 160, 161, 162, 163, 675, 164, 165, 166, 168, 167, 340, 341, 693, 184, 342, 394, 343, 344, 345, 716, 205, 346, 720, 725, 375, 222, 229, 396, 253, 356, 258, 771, 775, 265, 792, 793, 796, 797, 798, 799, 800, 801, 363, 811, 365, 817, 366, 818, 820, 367, 313, 825, 317, 370, 838, 841, 844, 846, 848, 849, 850, 851, 852, 853, 854, 855, 856, 857, 858, 859, 860, 861, 862, 863, 864, 865, 866, 867, 868, 869, 870, 871, 872, 873, 874, 875, 876, 877, 878, 879, 880, 881, 882, 883, 884, 885, 886, 887, 888, 889, 890, 891, 892, 893, 894, 895, 896, 897, 898, 899, 900, 901, 902, 903, 904, 905, 906, 907, 908, 909, 398, 399, 400, 401, 402, 403, 404, 405, 406, 407, 408, 409, 921, 410, 411, 412, 926, 415, 413, 414, 416, 931, 417, 418, 419, 420, 421, 422, 423, 424, 425, 426, 427, 428, 429, 430, 431, 432, 433, 434, 435, 436, 437, 438, 439, 440, 441, 442, 443, 444, 445, 446, 447, 448, 449, 450, 451, 452, 456, 453, 454, 455, 457, 458, 459, 460, 461, 462, 463, 464, 465, 466, 467, 468, 469, 470, 471, 472, 473, 474, 475, 476, 477, 478, 479, 480, 481, 482, 483, 484, 910, 911, 503, 912, 913, 501, 502, 914, 504, 505, 506, 507, 915]",True,"[415, 456, 866, 904, 926, 931]","[398, 399, 400, 401, 402, 403, 404, 405, 406, 407, 408, 409, 410, 411, 412, 413, 414, 415, 416, 417, 418, 419, 420, 421, 422, 423, 424, 425, 426, 427, 428, 429, 430, 431, 432, 433, 434, 435, 436, 437, 438, 439, 440, 441, 442, 443, 444, 445, 446, 447, 448, 449, 450, 451, 452, 453, 454, 455, 456, 457, 458, 459, 460, 461, 462, 463, 464, 465, 466, 467, 468, 469, 470, 471, 472, 473, 474, 475, 476, 477, 478, 479, 480, 481, 482, 483, 484, 848, 849, 850, 851, 852, 853, 854, 855, 856, 857, 858, 859, 860, 861, 862, 863, 864, 865, 866, 867, 868, 869, 870, 871, 872, 873, 874, 875, 876, 877, 878, 879, 880, 881, 882, 883, 884, 885, 886, 887, 888, 889, 890, 891, 892, 893, 894, 895, 896, 897, 898, 899, 900, 901, 902, 903, 904, 905, 906, 907, 908, 909, 910, 911, 912, 913, 914, 915, 916, 917, 918, 919, 920, 921, 922, 923, 924, 925, 926, 927, 928, 929, 930, 931, 932, 933, 934, 935]","[415, 456, 866, 904, 921, 926, 931]","[415, 456, 866, 904, 921, 926, 931]","[16, 125, 156, 163, 168, 184, 205, 222, 229, 253, 258, 265, 313, 317, 336, 340, 341, 356, 363, 365, 366, 367, 370, 375, 388, 391, 394, 396, 402, 410, 411, 412, 413, 415, 416, 417, 418, 419, 425, 429, 431, 433, 435, 437, 440, 441, 442, 443, 451, 452, 456, 457, 458, 460, 461, 464, 471, 473, 474, 475, 481, 482, 501, 596, 628, 635, 655, 675, 693, 716, 720, 725, 771, 775, 793, 796, 797, 811, 817, 818, 820, 825, 838, 841, 844, 846, 851, 857, 861, 862, 863, 864, 866, 867, 868, 870, 871, 877, 881, 883, 885, 888, 891, 892, 893, 898, 899, 904, 905, 907, 908, 911, 918, 920, 921, 922, 923, 924, 926, 931, 933]","[17, 18, 19, 20, 21, 22, 23, 156, 157, 158, 159, 160, 161, 162, 163, 164, 165, 166, 167, 168, 340, 341, 342, 343, 344, 345, 346, 412, 413, 414, 415, 416, 417, 418, 419, 420, 421, 422, 502, 503, 504, 505, 506, 507, 628, 629, 630, 631, 632, 633, 634, 635, 636, 637, 638, 639, 792, 796, 797, 798, 799, 800, 801, 863, 864, 865, 866, 867, 868, 869, 870, 871, 872, 873, 874]","[17, 18, 19, 20, 21, 22, 23, 156, 157, 158, 159, 160, 161, 162, 163, 164, 165, 166, 167, 341, 342, 343, 344, 345, 412, 413, 414, 415, 416, 417, 418, 419, 420, 421, 422, 502, 503, 504, 505, 506, 507, 628, 629, 630, 631, 632, 633, 634, 635, 636, 637, 638, 639, 792, 797, 798, 799, 800, 801, 863, 864, 865, 866, 867, 868, 869, 870, 871, 872, 873, 874]",7/6 successful match,True,[40],True,132,False,,1.0,True,Flying J Travel Plaza # 743,Flying J
Nephi ( 84648 ) Flying J Travel Plaza # 743,435-623-2400 I-15 Exit 222 ( UT 28 NW ),FLYING J L 24 24,Nephi,84648,Flying J Travel Plaza # 743,435-623-2400,2016,Nephi,UT,Flying J,( UT 28 NW ),I-15 Exit 222 ,Exit,222,False,,False,I-15,,,,,"[866, 415]","[415, 456, 866, 904, 926, 931]","[415, 456, 866, 904, 921, 926, 931]","[415, 456, 866, 904, 921, 926, 931]","[398, 399, 400, 401, 402, 403, 404, 405, 406, 407, 408, 409, 410, 411, 412, 413, 414, 415, 416, 417, 418, 419, 420, 421, 422, 423, 424, 425, 426, 427, 428, 429, 430, 431, 432, 433, 434, 435, 436, 437, 438, 439, 440, 441, 442, 443, 444, 445, 446, 447, 448, 449, 450, 451, 452, 453, 454, 455, 456, 457, 458, 459, 460, 461, 462, 463, 464, 465, 466, 467, 468, 469, 470, 471, 472, 473, 474, 475, 476, 477, 478, 479, 480, 481, 482, 483, 484, 848, 849, 850, 851, 852, 853, 854, 855, 856, 857, 858, 859, 860, 861, 862, 863, 864, 865, 866, 867, 868, 869, 870, 871, 872, 873, 874, 875, 876, 877, 878, 879, 880, 881, 882, 883, 884, 885, 886, 887, 888, 889, 890, 891, 892, 893, 894, 895, 896, 897, 898, 899, 900, 901, 902, 903, 904, 905, 906, 907, 908, 909, 910, 911, 912, 913, 914, 915, 916, 917, 918, 919, 920, 921, 922, 923, 924, 925, 926, 927, 928, 929, 930, 931, 932, 933, 934, 935]","[16, 125, 156, 163, 168, 184, 205, 222, 229, 253, 258, 265, 313, 317, 336, 340, 341, 356, 363, 365, 366, 367, 370, 375, 388, 391, 394, 396, 402, 410, 411, 412, 413, 415, 416, 417, 418, 419, 425, 429, 431, 433, 435, 437, 440, 441, 442, 443, 451, 452, 456, 457, 458, 460, 461, 464, 471, 473, 474, 475, 481, 482, 501, 596, 628, 635, 655, 675, 693, 716, 720, 725, 771, 775, 793, 796, 797, 811, 817, 818, 820, 825, 838, 841, 844, 846, 851, 857, 861, 862, 863, 864, 866, 867, 868, 870, 871, 877, 881, 883, 885, 888, 891, 892, 893, 898, 899, 904, 905, 907, 908, 911, 918, 920, 921, 922, 923, 924, 926, 931, 933]","[17, 18, 19, 20, 21, 22, 23, 156, 157, 158, 159, 160, 161, 162, 163, 164, 165, 166, 167, 341, 342, 343, 344, 345, 412, 413, 414, 415, 416, 417, 418, 419, 420, 421, 422, 502, 503, 504, 505, 506, 507, 628, 629, 630, 631, 632, 633, 634, 635, 636, 637, 638, 639, 792, 797, 798, 799, 800, 801, 863, 864, 865, 866, 867, 868, 869, 870, 871, 872, 873, 874]","[17, 18, 19, 20, 21, 22, 23, 156, 157, 158, 159, 160, 161, 162, 163, 164, 165, 166, 167, 168, 340, 341, 342, 343, 344, 345, 346, 412, 413, 414, 415, 416, 417, 418, 419, 420, 421, 422, 502, 503, 504, 505, 506, 507, 628, 629, 630, 631, 632, 633, 634, 635, 636, 637, 638, 639, 792, 796, 797, 798, 799, 800, 801, 863, 864, 865, 866, 867, 868, 869, 870, 871, 872, 873, 874]","[916, 917, 918, 919, 16, 17, 18, 19, 920, 20, 21, 22, 23, 922, 923, 388, 924, 925, 927, 928, 929, 930, 932, 596, 933, 934, 935, 391, 628, 629, 630, 631, 632, 633, 634, 635, 636, 125, 637, 638, 639, 655, 336, 156, 157, 158, 159, 160, 161, 162, 163, 675, 164, 165, 166, 168, 167, 340, 341, 693, 184, 342, 394, 343, 344, 345, 716, 205, 346, 720, 725, 375, 222, 229, 396, 253, 356, 258, 771, 775, 265, 792, 793, 796, 797, 798, 799, 800, 801, 363, 811, 365, 817, 366, 818, 820, 367, 313, 825, 317, 370, 838, 841, 844, 846, 848, 849, 850, 851, 852, 853, 854, 855, 856, 857, 858, 859, 860, 861, 862, 863, 864, 865, 866, 867, 868, 869, 870, 871, 872, 873, 874, 875, 876, 877, 878, 879, 880, 881, 882, 883, 884, 885, 886, 887, 888, 889, 890, 891, 892, 893, 894, 895, 896, 897, 898, 899, 900, 901, 902, 903, 904, 905, 906, 907, 908, 909, 398, 399, 400, 401, 402, 403, 404, 405, 406, 407, 408, 409, 921, 410, 411, 412, 926, 415, 413, 414, 416, 931, 417, 418, 419, 420, 421, 422, 423, 424, 425, 426, 427, 428, 429, 430, 431, 432, 433, 434, 435, 436, 437, 438, 439, 440, 441, 442, 443, 444, 445, 446, 447, 448, 449, 450, 451, 452, 456, 453, 454, 455, 457, 458, 459, 460, 461, 462, 463, 464, 465, 466, 467, 468, 469, 470, 471, 472, 473, 474, 475, 476, 477, 478, 479, 480, 481, 482, 483, 484, 910, 911, 503, 912, 913, 501, 502, 914, 504, 505, 506, 507, 915]",True,"[415, 456, 866, 904, 926, 931]","[398, 399, 400, 401, 402, 403, 404, 405, 406, 407, 408, 409, 410, 411, 412, 413, 414, 415, 416, 417, 418, 419, 420, 421, 422, 423, 424, 425, 426, 427, 428, 429, 430, 431, 432, 433, 434, 435, 436, 437, 438, 439, 440, 441, 442, 443, 444, 445, 446, 447, 448, 449, 450, 451, 452, 453, 454, 455, 456, 457, 458, 459, 460, 461, 462, 463, 464, 465, 466, 467, 468, 469, 470, 471, 472, 473, 474, 475, 476, 477, 478, 479, 480, 481, 482, 483, 484, 848, 849, 850, 851, 852, 853, 854, 855, 856, 857, 858, 859, 860, 861, 862, 863, 864, 865, 866, 867, 868, 869, 870, 871, 872, 873, 874, 875, 876, 877, 878, 879, 880, 881, 882, 883, 884, 885, 886, 887, 888, 889, 890, 891, 892, 893, 894, 895, 896, 897, 898, 899, 900, 901, 902, 903, 904, 905, 906, 907, 908, 909, 910, 911, 912, 913, 914, 915, 916, 917, 918, 919, 920, 921, 922, 923, 924, 925, 926, 927, 928, 929, 930, 931, 932, 933, 934, 935]","[415, 456, 866, 904, 921, 926, 931]","[415, 456, 866, 904, 921, 926, 931]","[16, 125, 156, 163, 168, 184, 205, 222, 229, 253, 258, 265, 313, 317, 336, 340, 341, 356, 363, 365, 366, 367, 370, 375, 388, 391, 394, 396, 402, 410, 411, 412, 413, 415, 416, 417, 418, 419, 425, 429, 431, 433, 435, 437, 440, 441, 442, 443, 451, 452, 456, 457, 458, 460, 461, 464, 471, 473, 474, 475, 481, 482, 501, 596, 628, 635, 655, 675, 693, 716, 720, 725, 771, 775, 793, 796, 797, 811, 817, 818, 820, 825, 838, 841, 844, 846, 851, 857, 861, 862, 863, 864, 866, 867, 868, 870, 871, 877, 881, 883, 885, 888, 891, 892, 893, 898, 899, 904, 905, 907, 908, 911, 918, 920, 921, 922, 923, 924, 926, 931, 933]","[17, 18, 19, 20, 21, 22, 23, 156, 157, 158, 159, 160, 161, 162, 163, 164, 165, 166, 167, 168, 340, 341, 342, 343, 344, 345, 346, 412, 413, 414, 415, 416, 417, 418, 419, 420, 421, 422, 502, 503, 504, 505, 506, 507, 628, 629, 630, 631, 632, 633, 634, 635, 636, 637, 638, 639, 792, 796, 797, 798, 799, 800, 801, 863, 864, 865, 866, 867, 868, 869, 870, 871, 872, 873, 874]","[17, 18, 19, 20, 21, 22, 23, 156, 157, 158, 159, 160, 161, 162, 163, 164, 165, 166, 167, 341, 342, 343, 344, 345, 412, 413, 414, 415, 416, 417, 418, 419, 420, 421, 422, 502, 503, 504, 505, 506, 507, 628, 629, 630, 631, 632, 633, 634, 635, 636, 637, 638, 639, 792, 797, 798, 799, 800, 801, 863, 864, 865, 866, 867, 868, 869, 870, 871, 872, 873, 874]",7/6 successful match,True,[40],True,132,False,,1.0,True,Flying J Travel Plaza # 743,Flying J
"E Nephi , 84648 Sunmart # 903 ( Texaco )",435-623-2644 I-15 Exit 222,S,Nephi,84648,Sunmart # 903 ( Texaco ),435-623-2644,2006,Nephi,UT,Texaco,,I-15 Exit 222,Exit,222,False,,False,I-15,,,,,[926],"[415, 456, 866, 904, 926, 931]","[415, 456, 866, 904, 921, 926, 931]","[415, 456, 866, 904, 921, 926, 931]","[398, 399, 400, 401, 402, 403, 404, 405, 406, 407, 408, 409, 410, 411, 412, 413, 414, 415, 416, 417, 418, 419, 420, 421, 422, 423, 424, 425, 426, 427, 428, 429, 430, 431, 432, 433, 434, 435, 436, 437, 438, 439, 440, 441, 442, 443, 444, 445, 446, 447, 448, 449, 450, 451, 452, 453, 454, 455, 456, 457, 458, 459, 460, 461, 462, 463, 464, 465, 466, 467, 468, 469, 470, 471, 472, 473, 474, 475, 476, 477, 478, 479, 480, 481, 482, 483, 484, 848, 849, 850, 851, 852, 853, 854, 855, 856, 857, 858, 859, 860, 861, 862, 863, 864, 865, 866, 867, 868, 869, 870, 871, 872, 873, 874, 875, 876, 877, 878, 879, 880, 881, 882, 883, 884, 885, 886, 887, 888, 889, 890, 891, 892, 893, 894, 895, 896, 897, 898, 899, 900, 901, 902, 903, 904, 905, 906, 907, 908, 909, 910, 911, 912, 913, 914, 915, 916, 917, 918, 919, 920, 921, 922, 923, 924, 925, 926, 927, 928, 929, 930, 931, 932, 933, 934, 935]","[16, 125, 156, 163, 168, 184, 205, 222, 229, 253, 258, 265, 313, 317, 336, 340, 341, 356, 363, 365, 366, 367, 370, 375, 388, 391, 394, 396, 402, 410, 411, 412, 413, 415, 416, 417, 418, 419, 425, 429, 431, 433, 435, 437, 440, 441, 442, 443, 451, 452, 456, 457, 458, 460, 461, 464, 471, 473, 474, 475, 481, 482, 501, 596, 628, 635, 655, 675, 693, 716, 720, 725, 771, 775, 793, 796, 797, 811, 817, 818, 820, 825, 838, 841, 844, 846, 851, 857, 861, 862, 863, 864, 866, 867, 868, 870, 871, 877, 881, 883, 885, 888, 891, 892, 893, 898, 899, 904, 905, 907, 908, 911, 918, 920, 921, 922, 923, 924, 926, 931, 933]","[26, 390, 474, 486, 509, 840, 922, 926]","[26, 92, 390, 474, 486, 509, 563, 840, 921, 922, 926]","[916, 917, 918, 919, 16, 920, 26, 922, 923, 388, 924, 925, 563, 927, 928, 929, 930, 932, 596, 933, 390, 934, 92, 935, 391, 628, 635, 125, 655, 336, 156, 163, 675, 168, 340, 341, 693, 184, 394, 716, 205, 720, 725, 375, 222, 229, 396, 253, 356, 258, 771, 775, 265, 793, 796, 797, 363, 811, 365, 817, 366, 818, 820, 367, 313, 825, 317, 370, 838, 840, 841, 844, 846, 848, 849, 850, 851, 852, 853, 854, 855, 856, 857, 858, 859, 860, 861, 862, 863, 864, 865, 866, 867, 868, 869, 870, 871, 872, 873, 874, 875, 876, 877, 878, 879, 880, 881, 882, 883, 884, 885, 886, 887, 888, 889, 890, 891, 892, 893, 894, 895, 896, 897, 898, 899, 900, 901, 902, 903, 904, 905, 906, 907, 908, 909, 398, 399, 400, 401, 402, 403, 404, 405, 406, 407, 408, 409, 921, 410, 411, 412, 926, 415, 413, 414, 416, 931, 417, 418, 419, 420, 421, 422, 423, 424, 425, 426, 427, 428, 429, 430, 431, 432, 433, 434, 435, 436, 437, 438, 439, 440, 441, 442, 443, 444, 445, 446, 447, 448, 449, 450, 451, 452, 456, 453, 454, 455, 457, 458, 459, 460, 461, 462, 463, 464, 465, 466, 467, 468, 469, 470, 471, 472, 473, 474, 475, 476, 477, 478, 479, 480, 481, 482, 483, 484, 910, 911, 486, 912, 913, 501, 914, 915, 509]",True,"[415, 456, 866, 904, 926, 931]","[398, 399, 400, 401, 402, 403, 404, 405, 406, 407, 408, 409, 410, 411, 412, 413, 414, 415, 416, 417, 418, 419, 420, 421, 422, 423, 424, 425, 426, 427, 428, 429, 430, 431, 432, 433, 434, 435, 436, 437, 438, 439, 440, 441, 442, 443, 444, 445, 446, 447, 448, 449, 450, 451, 452, 453, 454, 455, 456, 457, 458, 459, 460, 461, 462, 463, 464, 465, 466, 467, 468, 469, 470, 471, 472, 473, 474, 475, 476, 477, 478, 479, 480, 481, 482, 483, 484, 848, 849, 850, 851, 852, 853, 854, 855, 856, 857, 858, 859, 860, 861, 862, 863, 864, 865, 866, 867, 868, 869, 870, 871, 872, 873, 874, 875, 876, 877, 878, 879, 880, 881, 882, 883, 884, 885, 886, 887, 888, 889, 890, 891, 892, 893, 894, 895, 896, 897, 898, 899, 900, 901, 902, 903, 904, 905, 906, 907, 908, 909, 910, 911, 912, 913, 914, 915, 916, 917, 918, 919, 920, 921, 922, 923, 924, 925, 926, 927, 928, 929, 930, 931, 932, 933, 934, 935]","[415, 456, 866, 904, 921, 926, 931]","[415, 456, 866, 904, 921, 926, 931]","[16, 125, 156, 163, 168, 184, 205, 222, 229, 253, 258, 265, 313, 317, 336, 340, 341, 356, 363, 365, 366, 367, 370, 375, 388, 391, 394, 396, 402, 410, 411, 412, 413, 415, 416, 417, 418, 419, 425, 429, 431, 433, 435, 437, 440, 441, 442, 443, 451, 452, 456, 457, 458, 460, 461, 464, 471, 473, 474, 475, 481, 482, 501, 596, 628, 635, 655, 675, 693, 716, 720, 725, 771, 775, 793, 796, 797, 811, 817, 818, 820, 825, 838, 841, 844, 846, 851, 857, 861, 862, 863, 864, 866, 867, 868, 870, 871, 877, 881, 883, 885, 888, 891, 892, 893, 898, 899, 904, 905, 907, 908, 911, 918, 920, 921, 922, 923, 924, 926, 931, 933]","[26, 92, 390, 474, 486, 509, 563, 840, 921, 922, 926]","[26, 390, 474, 486, 509, 840, 922, 926]",7/6 successful match,True,[738],True,133,False,,,,,
"Nephi , 84648 Sunmart # 903 ( Texaco )",435-623-2644 I-15 Exit 222,,Nephi,84648,Sunmart # 903 ( Texaco ),435-623-2644,2007,Nephi,UT,Texaco,,I-15 Exit 222,Exit,222,False,,False,I-15,,,,,[926],"[415, 456, 866, 904, 926, 931]","[415, 456, 866, 904, 921, 926, 931]","[415, 456, 866, 904, 921, 926, 931]","[398, 399, 400, 401, 402, 403, 404, 405, 406, 407, 408, 409, 410, 411, 412, 413, 414, 415, 416, 417, 418, 419, 420, 421, 422, 423, 424, 425, 426, 427, 428, 429, 430, 431, 432, 433, 434, 435, 436, 437, 438, 439, 440, 441, 442, 443, 444, 445, 446, 447, 448, 449, 450, 451, 452, 453, 454, 455, 456, 457, 458, 459, 460, 461, 462, 463, 464, 465, 466, 467, 468, 469, 470, 471, 472, 473, 474, 475, 476, 477, 478, 479, 480, 481, 482, 483, 484, 848, 849, 850, 851, 852, 853, 854, 855, 856, 857, 858, 859, 860, 861, 862, 863, 864, 865, 866, 867, 868, 869, 870, 871, 872, 873, 874, 875, 876, 877, 878, 879, 880, 881, 882, 883, 884, 885, 886, 887, 888, 889, 890, 891, 892, 893, 894, 895, 896, 897, 898, 899, 900, 901, 902, 903, 904, 905, 906, 907, 908, 909, 910, 911, 912, 913, 914, 915, 916, 917, 918, 919, 920, 921, 922, 923, 924, 925, 926, 927, 928, 929, 930, 931, 932, 933, 934, 935]","[16, 125, 156, 163, 168, 184, 205, 222, 229, 253, 258, 265, 313, 317, 336, 340, 341, 356, 363, 365, 366, 367, 370, 375, 388, 391, 394, 396, 402, 410, 411, 412, 413, 415, 416, 417, 418, 419, 425, 429, 431, 433, 435, 437, 440, 441, 442, 443, 451, 452, 456, 457, 458, 460, 461, 464, 471, 473, 474, 475, 481, 482, 501, 596, 628, 635, 655, 675, 693, 716, 720, 725, 771, 775, 793, 796, 797, 811, 817, 818, 820, 825, 838, 841, 844, 846, 851, 857, 861, 862, 863, 864, 866, 867, 868, 870, 871, 877, 881, 883, 885, 888, 891, 892, 893, 898, 899, 904, 905, 907, 908, 911, 918, 920, 921, 922, 923, 924, 926, 931, 933]","[26, 390, 474, 486, 509, 840, 922, 926]","[26, 92, 390, 474, 486, 509, 563, 840, 921, 922, 926]","[916, 917, 918, 919, 16, 920, 26, 922, 923, 388, 924, 925, 563, 927, 928, 929, 930, 932, 596, 933, 390, 934, 92, 935, 391, 628, 635, 125, 655, 336, 156, 163, 675, 168, 340, 341, 693, 184, 394, 716, 205, 720, 725, 375, 222, 229, 396, 253, 356, 258, 771, 775, 265, 793, 796, 797, 363, 811, 365, 817, 366, 818, 820, 367, 313, 825, 317, 370, 838, 840, 841, 844, 846, 848, 849, 850, 851, 852, 853, 854, 855, 856, 857, 858, 859, 860, 861, 862, 863, 864, 865, 866, 867, 868, 869, 870, 871, 872, 873, 874, 875, 876, 877, 878, 879, 880, 881, 882, 883, 884, 885, 886, 887, 888, 889, 890, 891, 892, 893, 894, 895, 896, 897, 898, 899, 900, 901, 902, 903, 904, 905, 906, 907, 908, 909, 398, 399, 400, 401, 402, 403, 404, 405, 406, 407, 408, 409, 921, 410, 411, 412, 926, 415, 413, 414, 416, 931, 417, 418, 419, 420, 421, 422, 423, 424, 425, 426, 427, 428, 429, 430, 431, 432, 433, 434, 435, 436, 437, 438, 439, 440, 441, 442, 443, 444, 445, 446, 447, 448, 449, 450, 451, 452, 456, 453, 454, 455, 457, 458, 459, 460, 461, 462, 463, 464, 465, 466, 467, 468, 469, 470, 471, 472, 473, 474, 475, 476, 477, 478, 479, 480, 481, 482, 483, 484, 910, 911, 486, 912, 913, 501, 914, 915, 509]",True,"[415, 456, 866, 904, 926, 931]","[398, 399, 400, 401, 402, 403, 404, 405, 406, 407, 408, 409, 410, 411, 412, 413, 414, 415, 416, 417, 418, 419, 420, 421, 422, 423, 424, 425, 426, 427, 428, 429, 430, 431, 432, 433, 434, 435, 436, 437, 438, 439, 440, 441, 442, 443, 444, 445, 446, 447, 448, 449, 450, 451, 452, 453, 454, 455, 456, 457, 458, 459, 460, 461, 462, 463, 464, 465, 466, 467, 468, 469, 470, 471, 472, 473, 474, 475, 476, 477, 478, 479, 480, 481, 482, 483, 484, 848, 849, 850, 851, 852, 853, 854, 855, 856, 857, 858, 859, 860, 861, 862, 863, 864, 865, 866, 867, 868, 869, 870, 871, 872, 873, 874, 875, 876, 877, 878, 879, 880, 881, 882, 883, 884, 885, 886, 887, 888, 889, 890, 891, 892, 893, 894, 895, 896, 897, 898, 899, 900, 901, 902, 903, 904, 905, 906, 907, 908, 909, 910, 911, 912, 913, 914, 915, 916, 917, 918, 919, 920, 921, 922, 923, 924, 925, 926, 927, 928, 929, 930, 931, 932, 933, 934, 935]","[415, 456, 866, 904, 921, 926, 931]","[415, 456, 866, 904, 921, 926, 931]","[16, 125, 156, 163, 168, 184, 205, 222, 229, 253, 258, 265, 313, 317, 336, 340, 341, 356, 363, 365, 366, 367, 370, 375, 388, 391, 394, 396, 402, 410, 411, 412, 413, 415, 416, 417, 418, 419, 425, 429, 431, 433, 435, 437, 440, 441, 442, 443, 451, 452, 456, 457, 458, 460, 461, 464, 471, 473, 474, 475, 481, 482, 501, 596, 628, 635, 655, 675, 693, 716, 720, 725, 771, 775, 793, 796, 797, 811, 817, 818, 820, 825, 838, 841, 844, 846, 851, 857, 861, 862, 863, 864, 866, 867, 868, 870, 871, 877, 881, 883, 885, 888, 891, 892, 893, 898, 899, 904, 905, 907, 908, 911, 918, 920, 921, 922, 923, 924, 926, 931, 933]","[26, 92, 390, 474, 486, 509, 563, 840, 921, 922, 926]","[26, 390, 474, 486, 509, 840, 922, 926]",7/6 successful match,True,[738],True,133,False,,1.0,True,Sunmart # 903 ( Texaco ),Texaco
"Nephi , 84648 Sunmart # 903 ( Texaco )",3 435-623-2644 I-15 Exit 222,24 S <U+25A1> <U+25A1>,Nephi,84648,Sunmart # 903 ( Texaco ),435-623-2644,2008,Nephi,UT,Texaco,,I-15 Exit 222,Exit,222,False,,False,I-15,,,,,[926],"[415, 456, 866, 904, 926, 931]","[415, 456, 866, 904, 921, 926, 931]","[415, 456, 866, 904, 921, 926, 931]","[398, 399, 400, 401, 402, 403, 404, 405, 406, 407, 408, 409, 410, 411, 412, 413, 414, 415, 416, 417, 418, 419, 420, 421, 422, 423, 424, 425, 426, 427, 428, 429, 430, 431, 432, 433, 434, 435, 436, 437, 438, 439, 440, 441, 442, 443, 444, 445, 446, 447, 448, 449, 450, 451, 452, 453, 454, 455, 456, 457, 458, 459, 460, 461, 462, 463, 464, 465, 466, 467, 468, 469, 470, 471, 472, 473, 474, 475, 476, 477, 478, 479, 480, 481, 482, 483, 484, 848, 849, 850, 851, 852, 853, 854, 855, 856, 857, 858, 859, 860, 861, 862, 863, 864, 865, 866, 867, 868, 869, 870, 871, 872, 873, 874, 875, 876, 877, 878, 879, 880, 881, 882, 883, 884, 885, 886, 887, 888, 889, 890, 891, 892, 893, 894, 895, 896, 897, 898, 899, 900, 901, 902, 903, 904, 905, 906, 907, 908, 909, 910, 911, 912, 913, 914, 915, 916, 917, 918, 919, 920, 921, 922, 923, 924, 925, 926, 927, 928, 929, 930, 931, 932, 933, 934, 935]","[16, 125, 156, 163, 168, 184, 205, 222, 229, 253, 258, 265, 313, 317, 336, 340, 341, 356, 363, 365, 366, 367, 370, 375, 388, 391, 394, 396, 402, 410, 411, 412, 413, 415, 416, 417, 418, 419, 425, 429, 431, 433, 435, 437, 440, 441, 442, 443, 451, 452, 456, 457, 458, 460, 461, 464, 471, 473, 474, 475, 481, 482, 501, 596, 628, 635, 655, 675, 693, 716, 720, 725, 771, 775, 793, 796, 797, 811, 817, 818, 820, 825, 838, 841, 844, 846, 851, 857, 861, 862, 863, 864, 866, 867, 868, 870, 871, 877, 881, 883, 885, 888, 891, 892, 893, 898, 899, 904, 905, 907, 908, 911, 918, 920, 921, 922, 923, 924, 926, 931, 933]","[26, 390, 474, 486, 509, 840, 922, 926]","[26, 92, 390, 474, 486, 509, 563, 840, 921, 922, 926]","[916, 917, 918, 919, 16, 920, 26, 922, 923, 388, 924, 925, 563, 927, 928, 929, 930, 932, 596, 933, 390, 934, 92, 935, 391, 628, 635, 125, 655, 336, 156, 163, 675, 168, 340, 341, 693, 184, 394, 716, 205, 720, 725, 375, 222, 229, 396, 253, 356, 258, 771, 775, 265, 793, 796, 797, 363, 811, 365, 817, 366, 818, 820, 367, 313, 825, 317, 370, 838, 840, 841, 844, 846, 848, 849, 850, 851, 852, 853, 854, 855, 856, 857, 858, 859, 860, 861, 862, 863, 864, 865, 866, 867, 868, 869, 870, 871, 872, 873, 874, 875, 876, 877, 878, 879, 880, 881, 882, 883, 884, 885, 886, 887, 888, 889, 890, 891, 892, 893, 894, 895, 896, 897, 898, 899, 900, 901, 902, 903, 904, 905, 906, 907, 908, 909, 398, 399, 400, 401, 402, 403, 404, 405, 406, 407, 408, 409, 921, 410, 411, 412, 926, 415, 413, 414, 416, 931, 417, 418, 419, 420, 421, 422, 423, 424, 425, 426, 427, 428, 429, 430, 431, 432, 433, 434, 435, 436, 437, 438, 439, 440, 441, 442, 443, 444, 445, 446, 447, 448, 449, 450, 451, 452, 456, 453, 454, 455, 457, 458, 459, 460, 461, 462, 463, 464, 465, 466, 467, 468, 469, 470, 471, 472, 473, 474, 475, 476, 477, 478, 479, 480, 481, 482, 483, 484, 910, 911, 486, 912, 913, 501, 914, 915, 509]",True,"[415, 456, 866, 904, 926, 931]","[398, 399, 400, 401, 402, 403, 404, 405, 406, 407, 408, 409, 410, 411, 412, 413, 414, 415, 416, 417, 418, 419, 420, 421, 422, 423, 424, 425, 426, 427, 428, 429, 430, 431, 432, 433, 434, 435, 436, 437, 438, 439, 440, 441, 442, 443, 444, 445, 446, 447, 448, 449, 450, 451, 452, 453, 454, 455, 456, 457, 458, 459, 460, 461, 462, 463, 464, 465, 466, 467, 468, 469, 470, 471, 472, 473, 474, 475, 476, 477, 478, 479, 480, 481, 482, 483, 484, 848, 849, 850, 851, 852, 853, 854, 855, 856, 857, 858, 859, 860, 861, 862, 863, 864, 865, 866, 867, 868, 869, 870, 871, 872, 873, 874, 875, 876, 877, 878, 879, 880, 881, 882, 883, 884, 885, 886, 887, 888, 889, 890, 891, 892, 893, 894, 895, 896, 897, 898, 899, 900, 901, 902, 903, 904, 905, 906, 907, 908, 909, 910, 911, 912, 913, 914, 915, 916, 917, 918, 919, 920, 921, 922, 923, 924, 925, 926, 927, 928, 929, 930, 931, 932, 933, 934, 935]","[415, 456, 866, 904, 921, 926, 931]","[415, 456, 866, 904, 921, 926, 931]","[16, 125, 156, 163, 168, 184, 205, 222, 229, 253, 258, 265, 313, 317, 336, 340, 341, 356, 363, 365, 366, 367, 370, 375, 388, 391, 394, 396, 402, 410, 411, 412, 413, 415, 416, 417, 418, 419, 425, 429, 431, 433, 435, 437, 440, 441, 442, 443, 451, 452, 456, 457, 458, 460, 461, 464, 471, 473, 474, 475, 481, 482, 501, 596, 628, 635, 655, 675, 693, 716, 720, 725, 771, 775, 793, 796, 797, 811, 817, 818, 820, 825, 838, 841, 844, 846, 851, 857, 861, 862, 863, 864, 866, 867, 868, 870, 871, 877, 881, 883, 885, 888, 891, 892, 893, 898, 899, 904, 905, 907, 908, 911, 918, 920, 921, 922, 923, 924, 926, 931, 933]","[26, 92, 390, 474, 486, 509, 563, 840, 921, 922, 926]","[26, 390, 474, 486, 509, 840, 922, 926]",7/6 successful match,True,[738],True,133,False,,1.0,True,Sunmart # 903 ( Texaco ),Texaco
E Nephi ( 84648 ) Sunmart # 903 ( Texaco 28 NW ) ),435-623-2644 I-15 Exit 222 ( UT 28 SE ),24 S <U+2610>,Nephi,84648,Sunmart # 903 ( Texaco 28 NW ) ),435-623-2644,2014,Nephi,UT,Texaco,( UT 28 SE ),I-15 Exit 222 ,Exit,222,False,,False,I-15,,,,,[926],"[415, 456, 866, 904, 926, 931]","[415, 456, 866, 904, 921, 926, 931]","[415, 456, 866, 904, 921, 926, 931]","[398, 399, 400, 401, 402, 403, 404, 405, 406, 407, 408, 409, 410, 411, 412, 413, 414, 415, 416, 417, 418, 419, 420, 421, 422, 423, 424, 425, 426, 427, 428, 429, 430, 431, 432, 433, 434, 435, 436, 437, 438, 439, 440, 441, 442, 443, 444, 445, 446, 447, 448, 449, 450, 451, 452, 453, 454, 455, 456, 457, 458, 459, 460, 461, 462, 463, 464, 465, 466, 467, 468, 469, 470, 471, 472, 473, 474, 475, 476, 477, 478, 479, 480, 481, 482, 483, 484, 848, 849, 850, 851, 852, 853, 854, 855, 856, 857, 858, 859, 860, 861, 862, 863, 864, 865, 866, 867, 868, 869, 870, 871, 872, 873, 874, 875, 876, 877, 878, 879, 880, 881, 882, 883, 884, 885, 886, 887, 888, 889, 890, 891, 892, 893, 894, 895, 896, 897, 898, 899, 900, 901, 902, 903, 904, 905, 906, 907, 908, 909, 910, 911, 912, 913, 914, 915, 916, 917, 918, 919, 920, 921, 922, 923, 924, 925, 926, 927, 928, 929, 930, 931, 932, 933, 934, 935]","[16, 125, 156, 163, 168, 184, 205, 222, 229, 253, 258, 265, 313, 317, 336, 340, 341, 356, 363, 365, 366, 367, 370, 375, 388, 391, 394, 396, 402, 410, 411, 412, 413, 415, 416, 417, 418, 419, 425, 429, 431, 433, 435, 437, 440, 441, 442, 443, 451, 452, 456, 457, 458, 460, 461, 464, 471, 473, 474, 475, 481, 482, 501, 596, 628, 635, 655, 675, 693, 716, 720, 725, 771, 775, 793, 796, 797, 811, 817, 818, 820, 825, 838, 841, 844, 846, 851, 857, 861, 862, 863, 864, 866, 867, 868, 870, 871, 877, 881, 883, 885, 888, 891, 892, 893, 898, 899, 904, 905, 907, 908, 911, 918, 920, 921, 922, 923, 924, 926, 931, 933]","[26, 390, 474, 486, 509, 840, 922, 926]","[26, 92, 390, 474, 486, 509, 563, 840, 921, 922, 926]","[916, 917, 918, 919, 16, 920, 26, 922, 923, 388, 924, 925, 563, 927, 928, 929, 930, 932, 596, 933, 390, 934, 92, 935, 391, 628, 635, 125, 655, 336, 156, 163, 675, 168, 340, 341, 693, 184, 394, 716, 205, 720, 725, 375, 222, 229, 396, 253, 356, 258, 771, 775, 265, 793, 796, 797, 363, 811, 365, 817, 366, 818, 820, 367, 313, 825, 317, 370, 838, 840, 841, 844, 846, 848, 849, 850, 851, 852, 853, 854, 855, 856, 857, 858, 859, 860, 861, 862, 863, 864, 865, 866, 867, 868, 869, 870, 871, 872, 873, 874, 875, 876, 877, 878, 879, 880, 881, 882, 883, 884, 885, 886, 887, 888, 889, 890, 891, 892, 893, 894, 895, 896, 897, 898, 899, 900, 901, 902, 903, 904, 905, 906, 907, 908, 909, 398, 399, 400, 401, 402, 403, 404, 405, 406, 407, 408, 409, 921, 410, 411, 412, 926, 415, 413, 414, 416, 931, 417, 418, 419, 420, 421, 422, 423, 424, 425, 426, 427, 428, 429, 430, 431, 432, 433, 434, 435, 436, 437, 438, 439, 440, 441, 442, 443, 444, 445, 446, 447, 448, 449, 450, 451, 452, 456, 453, 454, 455, 457, 458, 459, 460, 461, 462, 463, 464, 465, 466, 467, 468, 469, 470, 471, 472, 473, 474, 475, 476, 477, 478, 479, 480, 481, 482, 483, 484, 910, 911, 486, 912, 913, 501, 914, 915, 509]",True,"[415, 456, 866, 904, 926, 931]","[398, 399, 400, 401, 402, 403, 404, 405, 406, 407, 408, 409, 410, 411, 412, 413, 414, 415, 416, 417, 418, 419, 420, 421, 422, 423, 424, 425, 426, 427, 428, 429, 430, 431, 432, 433, 434, 435, 436, 437, 438, 439, 440, 441, 442, 443, 444, 445, 446, 447, 448, 449, 450, 451, 452, 453, 454, 455, 456, 457, 458, 459, 460, 461, 462, 463, 464, 465, 466, 467, 468, 469, 470, 471, 472, 473, 474, 475, 476, 477, 478, 479, 480, 481, 482, 483, 484, 848, 849, 850, 851, 852, 853, 854, 855, 856, 857, 858, 859, 860, 861, 862, 863, 864, 865, 866, 867, 868, 869, 870, 871, 872, 873, 874, 875, 876, 877, 878, 879, 880, 881, 882, 883, 884, 885, 886, 887, 888, 889, 890, 891, 892, 893, 894, 895, 896, 897, 898, 899, 900, 901, 902, 903, 904, 905, 906, 907, 908, 909, 910, 911, 912, 913, 914, 915, 916, 917, 918, 919, 920, 921, 922, 923, 924, 925, 926, 927, 928, 929, 930, 931, 932, 933, 934, 935]","[415, 456, 866, 904, 921, 926, 931]","[415, 456, 866, 904, 921, 926, 931]","[16, 125, 156, 163, 168, 184, 205, 222, 229, 253, 258, 265, 313, 317, 336, 340, 341, 356, 363, 365, 366, 367, 370, 375, 388, 391, 394, 396, 402, 410, 411, 412, 413, 415, 416, 417, 418, 419, 425, 429, 431, 433, 435, 437, 440, 441, 442, 443, 451, 452, 456, 457, 458, 460, 461, 464, 471, 473, 474, 475, 481, 482, 501, 596, 628, 635, 655, 675, 693, 716, 720, 725, 771, 775, 793, 796, 797, 811, 817, 818, 820, 825, 838, 841, 844, 846, 851, 857, 861, 862, 863, 864, 866, 867, 868, 870, 871, 877, 881, 883, 885, 888, 891, 892, 893, 898, 899, 904, 905, 907, 908, 911, 918, 920, 921, 922, 923, 924, 926, 931, 933]","[26, 92, 390, 474, 486, 509, 563, 840, 921, 922, 926]","[26, 390, 474, 486, 509, 840, 922, 926]",7/6 successful match,True,[738],True,133,False,,1.0,True,Sunmart # 903 ( Texaco ),Texaco
E Nephi ( 84648 ) Sunmart # 903 ( Texaco ),3 435-623-2644 I-15 Exit 222 ( UT 28 SE ),24 S <U+2610>,Nephi,84648,Sunmart # 903 ( Texaco ),435-623-2644,2015,Nephi,UT,Texaco,( UT 28 SE ),I-15 Exit 222 ,Exit,222,False,,False,I-15,,,,,[926],"[415, 456, 866, 904, 926, 931]","[415, 456, 866, 904, 921, 926, 931]","[415, 456, 866, 904, 921, 926, 931]","[398, 399, 400, 401, 402, 403, 404, 405, 406, 407, 408, 409, 410, 411, 412, 413, 414, 415, 416, 417, 418, 419, 420, 421, 422, 423, 424, 425, 426, 427, 428, 429, 430, 431, 432, 433, 434, 435, 436, 437, 438, 439, 440, 441, 442, 443, 444, 445, 446, 447, 448, 449, 450, 451, 452, 453, 454, 455, 456, 457, 458, 459, 460, 461, 462, 463, 464, 465, 466, 467, 468, 469, 470, 471, 472, 473, 474, 475, 476, 477, 478, 479, 480, 481, 482, 483, 484, 848, 849, 850, 851, 852, 853, 854, 855, 856, 857, 858, 859, 860, 861, 862, 863, 864, 865, 866, 867, 868, 869, 870, 871, 872, 873, 874, 875, 876, 877, 878, 879, 880, 881, 882, 883, 884, 885, 886, 887, 888, 889, 890, 891, 892, 893, 894, 895, 896, 897, 898, 899, 900, 901, 902, 903, 904, 905, 906, 907, 908, 909, 910, 911, 912, 913, 914, 915, 916, 917, 918, 919, 920, 921, 922, 923, 924, 925, 926, 927, 928, 929, 930, 931, 932, 933, 934, 935]","[16, 125, 156, 163, 168, 184, 205, 222, 229, 253, 258, 265, 313, 317, 336, 340, 341, 356, 363, 365, 366, 367, 370, 375, 388, 391, 394, 396, 402, 410, 411, 412, 413, 415, 416, 417, 418, 419, 425, 429, 431, 433, 435, 437, 440, 441, 442, 443, 451, 452, 456, 457, 458, 460, 461, 464, 471, 473, 474, 475, 481, 482, 501, 596, 628, 635, 655, 675, 693, 716, 720, 725, 771, 775, 793, 796, 797, 811, 817, 818, 820, 825, 838, 841, 844, 846, 851, 857, 861, 862, 863, 864, 866, 867, 868, 870, 871, 877, 881, 883, 885, 888, 891, 892, 893, 898, 899, 904, 905, 907, 908, 911, 918, 920, 921, 922, 923, 924, 926, 931, 933]","[26, 390, 474, 486, 509, 840, 922, 926]","[26, 92, 390, 474, 486, 509, 563, 840, 921, 922, 926]","[916, 917, 918, 919, 16, 920, 26, 922, 923, 388, 924, 925, 563, 927, 928, 929, 930, 932, 596, 933, 390, 934, 92, 935, 391, 628, 635, 125, 655, 336, 156, 163, 675, 168, 340, 341, 693, 184, 394, 716, 205, 720, 725, 375, 222, 229, 396, 253, 356, 258, 771, 775, 265, 793, 796, 797, 363, 811, 365, 817, 366, 818, 820, 367, 313, 825, 317, 370, 838, 840, 841, 844, 846, 848, 849, 850, 851, 852, 853, 854, 855, 856, 857, 858, 859, 860, 861, 862, 863, 864, 865, 866, 867, 868, 869, 870, 871, 872, 873, 874, 875, 876, 877, 878, 879, 880, 881, 882, 883, 884, 885, 886, 887, 888, 889, 890, 891, 892, 893, 894, 895, 896, 897, 898, 899, 900, 901, 902, 903, 904, 905, 906, 907, 908, 909, 398, 399, 400, 401, 402, 403, 404, 405, 406, 407, 408, 409, 921, 410, 411, 412, 926, 415, 413, 414, 416, 931, 417, 418, 419, 420, 421, 422, 423, 424, 425, 426, 427, 428, 429, 430, 431, 432, 433, 434, 435, 436, 437, 438, 439, 440, 441, 442, 443, 444, 445, 446, 447, 448, 449, 450, 451, 452, 456, 453, 454, 455, 457, 458, 459, 460, 461, 462, 463, 464, 465, 466, 467, 468, 469, 470, 471, 472, 473, 474, 475, 476, 477, 478, 479, 480, 481, 482, 483, 484, 910, 911, 486, 912, 913, 501, 914, 915, 509]",True,"[415, 456, 866, 904, 926, 931]","[398, 399, 400, 401, 402, 403, 404, 405, 406, 407, 408, 409, 410, 411, 412, 413, 414, 415, 416, 417, 418, 419, 420, 421, 422, 423, 424, 425, 426, 427, 428, 429, 430, 431, 432, 433, 434, 435, 436, 437, 438, 439, 440, 441, 442, 443, 444, 445, 446, 447, 448, 449, 450, 451, 452, 453, 454, 455, 456, 457, 458, 459, 460, 461, 462, 463, 464, 465, 466, 467, 468, 469, 470, 471, 472, 473, 474, 475, 476, 477, 478, 479, 480, 481, 482, 483, 484, 848, 849, 850, 851, 852, 853, 854, 855, 856, 857, 858, 859, 860, 861, 862, 863, 864, 865, 866, 867, 868, 869, 870, 871, 872, 873, 874, 875, 876, 877, 878, 879, 880, 881, 882, 883, 884, 885, 886, 887, 888, 889, 890, 891, 892, 893, 894, 895, 896, 897, 898, 899, 900, 901, 902, 903, 904, 905, 906, 907, 908, 909, 910, 911, 912, 913, 914, 915, 916, 917, 918, 919, 920, 921, 922, 923, 924, 925, 926, 927, 928, 929, 930, 931, 932, 933, 934, 935]","[415, 456, 866, 904, 921, 926, 931]","[415, 456, 866, 904, 921, 926, 931]","[16, 125, 156, 163, 168, 184, 205, 222, 229, 253, 258, 265, 313, 317, 336, 340, 341, 356, 363, 365, 366, 367, 370, 375, 388, 391, 394, 396, 402, 410, 411, 412, 413, 415, 416, 417, 418, 419, 425, 429, 431, 433, 435, 437, 440, 441, 442, 443, 451, 452, 456, 457, 458, 460, 461, 464, 471, 473, 474, 475, 481, 482, 501, 596, 628, 635, 655, 675, 693, 716, 720, 725, 771, 775, 793, 796, 797, 811, 817, 818, 820, 825, 838, 841, 844, 846, 851, 857, 861, 862, 863, 864, 866, 867, 868, 870, 871, 877, 881, 883, 885, 888, 891, 892, 893, 898, 899, 904, 905, 907, 908, 911, 918, 920, 921, 922, 923, 924, 926, 931, 933]","[26, 92, 390, 474, 486, 509, 563, 840, 921, 922, 926]","[26, 390, 474, 486, 509, 840, 922, 926]",7/6 successful match,True,[738],True,133,False,,1.0,True,Sunmart # 903 ( Texaco 28 NW ) ),Texaco
Nephi ( 84648 ) Sunmart # 903 ( Texaco ),3 435-623-2644 I-15 Exit 222 ( UT 28 SE ),24 S 0,Nephi,84648,Sunmart # 903 ( Texaco ),435-623-2644,2016,Nephi,UT,Texaco,( UT 28 SE ),I-15 Exit 222 ,Exit,222,False,,False,I-15,,,,,[926],"[415, 456, 866, 904, 926, 931]","[415, 456, 866, 904, 921, 926, 931]","[415, 456, 866, 904, 921, 926, 931]","[398, 399, 400, 401, 402, 403, 404, 405, 406, 407, 408, 409, 410, 411, 412, 413, 414, 415, 416, 417, 418, 419, 420, 421, 422, 423, 424, 425, 426, 427, 428, 429, 430, 431, 432, 433, 434, 435, 436, 437, 438, 439, 440, 441, 442, 443, 444, 445, 446, 447, 448, 449, 450, 451, 452, 453, 454, 455, 456, 457, 458, 459, 460, 461, 462, 463, 464, 465, 466, 467, 468, 469, 470, 471, 472, 473, 474, 475, 476, 477, 478, 479, 480, 481, 482, 483, 484, 848, 849, 850, 851, 852, 853, 854, 855, 856, 857, 858, 859, 860, 861, 862, 863, 864, 865, 866, 867, 868, 869, 870, 871, 872, 873, 874, 875, 876, 877, 878, 879, 880, 881, 882, 883, 884, 885, 886, 887, 888, 889, 890, 891, 892, 893, 894, 895, 896, 897, 898, 899, 900, 901, 902, 903, 904, 905, 906, 907, 908, 909, 910, 911, 912, 913, 914, 915, 916, 917, 918, 919, 920, 921, 922, 923, 924, 925, 926, 927, 928, 929, 930, 931, 932, 933, 934, 935]","[16, 125, 156, 163, 168, 184, 205, 222, 229, 253, 258, 265, 313, 317, 336, 340, 341, 356, 363, 365, 366, 367, 370, 375, 388, 391, 394, 396, 402, 410, 411, 412, 413, 415, 416, 417, 418, 419, 425, 429, 431, 433, 435, 437, 440, 441, 442, 443, 451, 452, 456, 457, 458, 460, 461, 464, 471, 473, 474, 475, 481, 482, 501, 596, 628, 635, 655, 675, 693, 716, 720, 725, 771, 775, 793, 796, 797, 811, 817, 818, 820, 825, 838, 841, 844, 846, 851, 857, 861, 862, 863, 864, 866, 867, 868, 870, 871, 877, 881, 883, 885, 888, 891, 892, 893, 898, 899, 904, 905, 907, 908, 911, 918, 920, 921, 922, 923, 924, 926, 931, 933]","[26, 390, 474, 486, 509, 840, 922, 926]","[26, 92, 390, 474, 486, 509, 563, 840, 921, 922, 926]","[916, 917, 918, 919, 16, 920, 26, 922, 923, 388, 924, 925, 563, 927, 928, 929, 930, 932, 596, 933, 390, 934, 92, 935, 391, 628, 635, 125, 655, 336, 156, 163, 675, 168, 340, 341, 693, 184, 394, 716, 205, 720, 725, 375, 222, 229, 396, 253, 356, 258, 771, 775, 265, 793, 796, 797, 363, 811, 365, 817, 366, 818, 820, 367, 313, 825, 317, 370, 838, 840, 841, 844, 846, 848, 849, 850, 851, 852, 853, 854, 855, 856, 857, 858, 859, 860, 861, 862, 863, 864, 865, 866, 867, 868, 869, 870, 871, 872, 873, 874, 875, 876, 877, 878, 879, 880, 881, 882, 883, 884, 885, 886, 887, 888, 889, 890, 891, 892, 893, 894, 895, 896, 897, 898, 899, 900, 901, 902, 903, 904, 905, 906, 907, 908, 909, 398, 399, 400, 401, 402, 403, 404, 405, 406, 407, 408, 409, 921, 410, 411, 412, 926, 415, 413, 414, 416, 931, 417, 418, 419, 420, 421, 422, 423, 424, 425, 426, 427, 428, 429, 430, 431, 432, 433, 434, 435, 436, 437, 438, 439, 440, 441, 442, 443, 444, 445, 446, 447, 448, 449, 450, 451, 452, 456, 453, 454, 455, 457, 458, 459, 460, 461, 462, 463, 464, 465, 466, 467, 468, 469, 470, 471, 472, 473, 474, 475, 476, 477, 478, 479, 480, 481, 482, 483, 484, 910, 911, 486, 912, 913, 501, 914, 915, 509]",True,"[415, 456, 866, 904, 926, 931]","[398, 399, 400, 401, 402, 403, 404, 405, 406, 407, 408, 409, 410, 411, 412, 413, 414, 415, 416, 417, 418, 419, 420, 421, 422, 423, 424, 425, 426, 427, 428, 429, 430, 431, 432, 433, 434, 435, 436, 437, 438, 439, 440, 441, 442, 443, 444, 445, 446, 447, 448, 449, 450, 451, 452, 453, 454, 455, 456, 457, 458, 459, 460, 461, 462, 463, 464, 465, 466, 467, 468, 469, 470, 471, 472, 473, 474, 475, 476, 477, 478, 479, 480, 481, 482, 483, 484, 848, 849, 850, 851, 852, 853, 854, 855, 856, 857, 858, 859, 860, 861, 862, 863, 864, 865, 866, 867, 868, 869, 870, 871, 872, 873, 874, 875, 876, 877, 878, 879, 880, 881, 882, 883, 884, 885, 886, 887, 888, 889, 890, 891, 892, 893, 894, 895, 896, 897, 898, 899, 900, 901, 902, 903, 904, 905, 906, 907, 908, 909, 910, 911, 912, 913, 914, 915, 916, 917, 918, 919, 920, 921, 922, 923, 924, 925, 926, 927, 928, 929, 930, 931, 932, 933, 934, 935]","[415, 456, 866, 904, 921, 926, 931]","[415, 456, 866, 904, 921, 926, 931]","[16, 125, 156, 163, 168, 184, 205, 222, 229, 253, 258, 265, 313, 317, 336, 340, 341, 356, 363, 365, 366, 367, 370, 375, 388, 391, 394, 396, 402, 410, 411, 412, 413, 415, 416, 417, 418, 419, 425, 429, 431, 433, 435, 437, 440, 441, 442, 443, 451, 452, 456, 457, 458, 460, 461, 464, 471, 473, 474, 475, 481, 482, 501, 596, 628, 635, 655, 675, 693, 716, 720, 725, 771, 775, 793, 796, 797, 811, 817, 818, 820, 825, 838, 841, 844, 846, 851, 857, 861, 862, 863, 864, 866, 867, 868, 870, 871, 877, 881, 883, 885, 888, 891, 892, 893, 898, 899, 904, 905, 907, 908, 911, 918, 920, 921, 922, 923, 924, 926, 931, 933]","[26, 92, 390, 474, 486, 509, 563, 840, 921, 922, 926]","[26, 390, 474, 486, 509, 840, 922, 926]",7/6 successful match,True,[738],True,133,False,,1.0,True,Sunmart # 903 ( Texaco ),Texaco
"Salina , 84654 Cash Saver # 4",435-529-3362 US 50 & UT 24,000 <U+2610>,Salina,84654,Cash Saver # 4,435-529-3362,2006,Salina,UT,,,US 50 & UT 24,empty,,False,,False,US 50,UT 24,,,,"[914, 467]","[432, 466, 467, 469, 476, 884, 913, 914, 916, 925]","[432, 466, 467, 469, 476, 884, 913, 914, 916, 925]",[],"[398, 399, 400, 401, 402, 403, 404, 405, 406, 407, 408, 409, 410, 411, 412, 413, 414, 415, 416, 417, 418, 419, 420, 421, 422, 423, 424, 425, 426, 427, 428, 429, 430, 431, 432, 433, 434, 435, 436, 437, 438, 439, 440, 441, 442, 443, 444, 445, 446, 447, 448, 449, 450, 451, 452, 453, 454, 455, 456, 457, 458, 459, 460, 461, 462, 463, 464, 465, 466, 467, 468, 469, 470, 471, 472, 473, 474, 475, 476, 477, 478, 479, 480, 481, 482, 483, 484, 848, 849, 850, 851, 852, 853, 854, 855, 856, 857, 858, 859, 860, 861, 862, 863, 864, 865, 866, 867, 868, 869, 870, 871, 872, 873, 874, 875, 876, 877, 878, 879, 880, 881, 882, 883, 884, 885, 886, 887, 888, 889, 890, 891, 892, 893, 894, 895, 896, 897, 898, 899, 900, 901, 902, 903, 904, 905, 906, 907, 908, 909, 910, 911, 912, 913, 914, 915, 916, 917, 918, 919, 920, 921, 922, 923, 924, 925, 926, 927, 928, 929, 930, 931, 932, 933, 934, 935]","[180, 319, 347, 353, 399, 401, 405, 408, 428, 436, 439, 445, 447, 450, 467, 651, 777, 802, 808, 848, 850, 854, 858, 880, 887, 890, 895, 914, 927]",[],[],"[917, 918, 919, 920, 921, 922, 923, 924, 926, 927, 928, 929, 930, 931, 932, 933, 934, 935, 651, 180, 347, 353, 777, 802, 808, 319, 848, 849, 850, 851, 852, 853, 854, 855, 856, 857, 858, 859, 860, 861, 862, 863, 864, 865, 866, 867, 868, 869, 870, 871, 872, 873, 874, 875, 876, 877, 878, 879, 880, 881, 882, 883, 884, 885, 886, 887, 888, 889, 890, 891, 892, 893, 894, 895, 896, 897, 898, 899, 900, 901, 902, 903, 904, 905, 906, 907, 908, 909, 398, 399, 400, 913, 914, 401, 916, 402, 406, 403, 404, 405, 407, 408, 409, 925, 410, 411, 412, 413, 414, 415, 416, 417, 418, 419, 420, 421, 422, 423, 424, 425, 426, 427, 432, 428, 429, 430, 431, 433, 434, 435, 436, 437, 438, 439, 440, 441, 442, 443, 444, 445, 446, 447, 448, 449, 450, 451, 452, 453, 454, 455, 456, 457, 458, 459, 460, 461, 466, 467, 462, 469, 463, 464, 465, 468, 470, 471, 476, 472, 473, 474, 475, 477, 478, 479, 480, 481, 482, 483, 484, 910, 911, 912, 915]",True,"[432, 466, 467, 469, 476, 884, 913, 914, 916, 925]","[398, 399, 400, 401, 402, 403, 404, 405, 406, 407, 408, 409, 410, 411, 412, 413, 414, 415, 416, 417, 418, 419, 420, 421, 422, 423, 424, 425, 426, 427, 428, 429, 430, 431, 432, 433, 434, 435, 436, 437, 438, 439, 440, 441, 442, 443, 444, 445, 446, 447, 448, 449, 450, 451, 452, 453, 454, 455, 456, 457, 458, 459, 460, 461, 462, 463, 464, 465, 466, 467, 468, 469, 470, 471, 472, 473, 474, 475, 476, 477, 478, 479, 480, 481, 482, 483, 484, 848, 849, 850, 851, 852, 853, 854, 855, 856, 857, 858, 859, 860, 861, 862, 863, 864, 865, 866, 867, 868, 869, 870, 871, 872, 873, 874, 875, 876, 877, 878, 879, 880, 881, 882, 883, 884, 885, 886, 887, 888, 889, 890, 891, 892, 893, 894, 895, 896, 897, 898, 899, 900, 901, 902, 903, 904, 905, 906, 907, 908, 909, 910, 911, 912, 913, 914, 915, 916, 917, 918, 919, 920, 921, 922, 923, 924, 925, 926, 927, 928, 929, 930, 931, 932, 933, 934, 935]","[432, 466, 467, 469, 476, 884, 913, 914, 916, 925]",[],"[180, 319, 347, 353, 399, 401, 405, 408, 428, 436, 439, 445, 447, 450, 467, 651, 777, 802, 808, 848, 850, 854, 858, 880, 887, 890, 895, 914, 927]",[],[],7/6 successful match,True,,False,134,False,,,,,
"Salina , 84654 Cash Saver # 4 ( Sinclair )",435-529-3362 US 50 & UT 24,<U+2610>,Salina,84654,Cash Saver # 4 ( Sinclair ),435-529-3362,2007,Salina,UT,Sinclair,,US 50 & UT 24,empty,,False,,False,US 50,UT 24,,,,"[914, 467]","[432, 466, 467, 469, 476, 884, 913, 914, 916, 925]","[432, 466, 467, 469, 476, 884, 913, 914, 916, 925]",[],"[398, 399, 400, 401, 402, 403, 404, 405, 406, 407, 408, 409, 410, 411, 412, 413, 414, 415, 416, 417, 418, 419, 420, 421, 422, 423, 424, 425, 426, 427, 428, 429, 430, 431, 432, 433, 434, 435, 436, 437, 438, 439, 440, 441, 442, 443, 444, 445, 446, 447, 448, 449, 450, 451, 452, 453, 454, 455, 456, 457, 458, 459, 460, 461, 462, 463, 464, 465, 466, 467, 468, 469, 470, 471, 472, 473, 474, 475, 476, 477, 478, 479, 480, 481, 482, 483, 484, 848, 849, 850, 851, 852, 853, 854, 855, 856, 857, 858, 859, 860, 861, 862, 863, 864, 865, 866, 867, 868, 869, 870, 871, 872, 873, 874, 875, 876, 877, 878, 879, 880, 881, 882, 883, 884, 885, 886, 887, 888, 889, 890, 891, 892, 893, 894, 895, 896, 897, 898, 899, 900, 901, 902, 903, 904, 905, 906, 907, 908, 909, 910, 911, 912, 913, 914, 915, 916, 917, 918, 919, 920, 921, 922, 923, 924, 925, 926, 927, 928, 929, 930, 931, 932, 933, 934, 935]","[180, 319, 347, 353, 399, 401, 405, 408, 428, 436, 439, 445, 447, 450, 467, 651, 777, 802, 808, 848, 850, 854, 858, 880, 887, 890, 895, 914, 927]","[31, 142, 147, 180, 338, 352, 367, 387, 403, 405, 408, 410, 455, 465, 466, 468, 470, 472, 473, 483, 484, 514, 613, 618, 651, 794, 807, 837, 852, 854, 858, 861, 902, 912, 913, 915, 917, 919, 920, 931, 934, 935]","[31, 142, 147, 180, 338, 352, 367, 387, 403, 405, 408, 410, 455, 465, 466, 468, 470, 472, 473, 483, 484, 514, 613, 618, 651, 794, 807, 837, 852, 854, 858, 861, 902, 912, 913, 915, 917, 919, 920, 931, 934, 935]","[514, 917, 918, 387, 919, 920, 921, 922, 31, 923, 924, 926, 927, 928, 929, 930, 931, 932, 933, 934, 935, 613, 618, 651, 142, 147, 338, 180, 347, 352, 353, 777, 794, 802, 807, 808, 367, 319, 837, 848, 849, 850, 851, 852, 853, 854, 855, 856, 857, 858, 859, 860, 861, 862, 863, 864, 865, 866, 867, 868, 869, 870, 871, 872, 873, 874, 875, 876, 877, 878, 879, 880, 881, 882, 883, 884, 885, 886, 887, 888, 889, 890, 891, 892, 893, 894, 895, 896, 897, 898, 899, 900, 901, 902, 903, 904, 905, 906, 907, 908, 909, 398, 399, 400, 913, 914, 401, 916, 402, 406, 403, 404, 405, 407, 408, 409, 925, 410, 411, 412, 413, 414, 415, 416, 417, 418, 419, 420, 421, 422, 423, 424, 425, 426, 427, 432, 428, 429, 430, 431, 433, 434, 435, 436, 437, 438, 439, 440, 441, 442, 443, 444, 445, 446, 447, 448, 449, 450, 451, 452, 453, 454, 455, 456, 457, 458, 459, 460, 461, 466, 467, 462, 469, 463, 464, 465, 468, 470, 471, 476, 472, 473, 474, 475, 477, 478, 479, 480, 481, 482, 483, 484, 910, 911, 912, 915]",True,"[432, 466, 467, 469, 476, 884, 913, 914, 916, 925]","[398, 399, 400, 401, 402, 403, 404, 405, 406, 407, 408, 409, 410, 411, 412, 413, 414, 415, 416, 417, 418, 419, 420, 421, 422, 423, 424, 425, 426, 427, 428, 429, 430, 431, 432, 433, 434, 435, 436, 437, 438, 439, 440, 441, 442, 443, 444, 445, 446, 447, 448, 449, 450, 451, 452, 453, 454, 455, 456, 457, 458, 459, 460, 461, 462, 463, 464, 465, 466, 467, 468, 469, 470, 471, 472, 473, 474, 475, 476, 477, 478, 479, 480, 481, 482, 483, 484, 848, 849, 850, 851, 852, 853, 854, 855, 856, 857, 858, 859, 860, 861, 862, 863, 864, 865, 866, 867, 868, 869, 870, 871, 872, 873, 874, 875, 876, 877, 878, 879, 880, 881, 882, 883, 884, 885, 886, 887, 888, 889, 890, 891, 892, 893, 894, 895, 896, 897, 898, 899, 900, 901, 902, 903, 904, 905, 906, 907, 908, 909, 910, 911, 912, 913, 914, 915, 916, 917, 918, 919, 920, 921, 922, 923, 924, 925, 926, 927, 928, 929, 930, 931, 932, 933, 934, 935]","[432, 466, 467, 469, 476, 884, 913, 914, 916, 925]",[],"[180, 319, 347, 353, 399, 401, 405, 408, 428, 436, 439, 445, 447, 450, 467, 651, 777, 802, 808, 848, 850, 854, 858, 880, 887, 890, 895, 914, 927]","[31, 142, 147, 180, 338, 352, 367, 387, 403, 405, 408, 410, 455, 465, 466, 468, 470, 472, 473, 483, 484, 514, 613, 618, 651, 794, 807, 837, 852, 854, 858, 861, 902, 912, 913, 915, 917, 919, 920, 931, 934, 935]","[31, 142, 147, 180, 338, 352, 367, 387, 403, 405, 408, 410, 455, 465, 466, 468, 470, 472, 473, 483, 484, 514, 613, 618, 651, 794, 807, 837, 852, 854, 858, 861, 902, 912, 913, 915, 917, 919, 920, 931, 934, 935]",5/6 successful match,True,,False,134,False,,0.9715447154471545,True,Cash Saver # 4,
"Salina , 84654 Cash Saver # 4 ( Chevron )",3 435-529-3362 US 50 & UT 24,00 <U+2610><U+2610>,Salina,84654,Cash Saver # 4 ( Chevron ),435-529-3362,2008,Salina,UT,Chevron,,US 50 & UT 24,empty,,False,,False,US 50,UT 24,,,,"[914, 467]","[432, 466, 467, 469, 476, 884, 913, 914, 916, 925]","[432, 466, 467, 469, 476, 884, 913, 914, 916, 925]",[],"[398, 399, 400, 401, 402, 403, 404, 405, 406, 407, 408, 409, 410, 411, 412, 413, 414, 415, 416, 417, 418, 419, 420, 421, 422, 423, 424, 425, 426, 427, 428, 429, 430, 431, 432, 433, 434, 435, 436, 437, 438, 439, 440, 441, 442, 443, 444, 445, 446, 447, 448, 449, 450, 451, 452, 453, 454, 455, 456, 457, 458, 459, 460, 461, 462, 463, 464, 465, 466, 467, 468, 469, 470, 471, 472, 473, 474, 475, 476, 477, 478, 479, 480, 481, 482, 483, 484, 848, 849, 850, 851, 852, 853, 854, 855, 856, 857, 858, 859, 860, 861, 862, 863, 864, 865, 866, 867, 868, 869, 870, 871, 872, 873, 874, 875, 876, 877, 878, 879, 880, 881, 882, 883, 884, 885, 886, 887, 888, 889, 890, 891, 892, 893, 894, 895, 896, 897, 898, 899, 900, 901, 902, 903, 904, 905, 906, 907, 908, 909, 910, 911, 912, 913, 914, 915, 916, 917, 918, 919, 920, 921, 922, 923, 924, 925, 926, 927, 928, 929, 930, 931, 932, 933, 934, 935]","[180, 319, 347, 353, 399, 401, 405, 408, 428, 436, 439, 445, 447, 450, 467, 651, 777, 802, 808, 848, 850, 854, 858, 880, 887, 890, 895, 914, 927]","[12, 24, 25, 28, 88, 100, 104, 119, 123, 129, 136, 137, 139, 140, 141, 148, 155, 169, 172, 179, 183, 185, 188, 196, 198, 217, 237, 267, 270, 278, 319, 321, 324, 325, 330, 334, 335, 354, 366, 369, 380, 383, 384, 386, 395, 407, 411, 423, 428, 436, 437, 452, 453, 456, 467, 471, 477, 478, 479, 497, 508, 511, 559, 571, 575, 590, 594, 600, 607, 608, 610, 611, 612, 619, 627, 640, 643, 650, 654, 656, 659, 667, 669, 685, 701, 726, 729, 737, 777, 779, 782, 783, 787, 790, 791, 809, 817, 819, 830, 833, 834, 836, 845, 856, 857, 860, 862, 875, 880, 887, 888, 899, 900, 914, 918, 921, 928, 929, 930]","[12, 24, 25, 28, 88, 100, 104, 119, 123, 129, 136, 137, 139, 140, 141, 148, 155, 169, 172, 179, 183, 185, 188, 196, 198, 217, 237, 267, 270, 278, 319, 321, 324, 325, 330, 334, 335, 354, 366, 369, 380, 383, 384, 386, 395, 407, 411, 423, 428, 436, 437, 452, 453, 456, 467, 471, 477, 478, 479, 497, 508, 511, 559, 571, 575, 590, 594, 600, 607, 608, 610, 611, 612, 619, 627, 640, 643, 650, 654, 656, 659, 667, 669, 685, 701, 726, 729, 737, 777, 779, 782, 783, 787, 790, 791, 809, 817, 819, 830, 833, 834, 836, 845, 856, 857, 860, 862, 875, 880, 887, 888, 899, 900, 914, 918, 921, 928, 929, 930]","[917, 918, 12, 919, 920, 24, 25, 921, 28, 922, 923, 924, 559, 926, 383, 927, 571, 928, 575, 929, 930, 931, 590, 932, 594, 933, 88, 600, 934, 607, 608, 935, 610, 611, 100, 612, 104, 619, 627, 119, 123, 640, 129, 643, 136, 137, 650, 651, 139, 140, 141, 654, 656, 659, 148, 155, 667, 669, 169, 172, 685, 179, 180, 183, 185, 188, 701, 380, 196, 198, 384, 347, 395, 726, 217, 729, 737, 237, 353, 354, 777, 267, 779, 270, 782, 783, 787, 278, 790, 791, 802, 808, 809, 817, 366, 819, 830, 319, 321, 369, 833, 324, 325, 834, 836, 330, 845, 334, 335, 848, 849, 850, 851, 852, 853, 854, 855, 856, 857, 858, 859, 860, 861, 862, 863, 864, 865, 866, 867, 868, 869, 870, 871, 872, 873, 874, 875, 876, 877, 878, 879, 880, 881, 882, 883, 884, 885, 886, 887, 888, 889, 890, 891, 892, 893, 894, 895, 896, 897, 898, 899, 900, 901, 902, 903, 904, 905, 906, 907, 908, 909, 398, 399, 400, 913, 914, 401, 916, 402, 406, 403, 404, 405, 407, 408, 409, 925, 410, 411, 412, 413, 414, 415, 416, 417, 418, 419, 420, 421, 422, 423, 424, 425, 426, 427, 432, 428, 429, 430, 431, 433, 434, 435, 436, 437, 438, 439, 440, 441, 442, 443, 444, 445, 446, 447, 448, 449, 450, 451, 452, 453, 454, 455, 456, 457, 458, 459, 460, 461, 466, 467, 462, 469, 463, 464, 465, 468, 470, 471, 476, 472, 473, 474, 475, 477, 478, 479, 480, 481, 482, 483, 484, 910, 911, 912, 508, 497, 386, 915, 511]",True,"[432, 466, 467, 469, 476, 884, 913, 914, 916, 925]","[398, 399, 400, 401, 402, 403, 404, 405, 406, 407, 408, 409, 410, 411, 412, 413, 414, 415, 416, 417, 418, 419, 420, 421, 422, 423, 424, 425, 426, 427, 428, 429, 430, 431, 432, 433, 434, 435, 436, 437, 438, 439, 440, 441, 442, 443, 444, 445, 446, 447, 448, 449, 450, 451, 452, 453, 454, 455, 456, 457, 458, 459, 460, 461, 462, 463, 464, 465, 466, 467, 468, 469, 470, 471, 472, 473, 474, 475, 476, 477, 478, 479, 480, 481, 482, 483, 484, 848, 849, 850, 851, 852, 853, 854, 855, 856, 857, 858, 859, 860, 861, 862, 863, 864, 865, 866, 867, 868, 869, 870, 871, 872, 873, 874, 875, 876, 877, 878, 879, 880, 881, 882, 883, 884, 885, 886, 887, 888, 889, 890, 891, 892, 893, 894, 895, 896, 897, 898, 899, 900, 901, 902, 903, 904, 905, 906, 907, 908, 909, 910, 911, 912, 913, 914, 915, 916, 917, 918, 919, 920, 921, 922, 923, 924, 925, 926, 927, 928, 929, 930, 931, 932, 933, 934, 935]","[432, 466, 467, 469, 476, 884, 913, 914, 916, 925]",[],"[180, 319, 347, 353, 399, 401, 405, 408, 428, 436, 439, 445, 447, 450, 467, 651, 777, 802, 808, 848, 850, 854, 858, 880, 887, 890, 895, 914, 927]","[12, 24, 25, 28, 88, 100, 104, 119, 123, 129, 136, 137, 139, 140, 141, 148, 155, 169, 172, 179, 183, 185, 188, 196, 198, 217, 237, 267, 270, 278, 319, 321, 324, 325, 330, 334, 335, 354, 366, 369, 380, 383, 384, 386, 395, 407, 411, 423, 428, 436, 437, 452, 453, 456, 467, 471, 477, 478, 479, 497, 508, 511, 559, 571, 575, 590, 594, 600, 607, 608, 610, 611, 612, 619, 627, 640, 643, 650, 654, 656, 659, 667, 669, 685, 701, 726, 729, 737, 777, 779, 782, 783, 787, 790, 791, 809, 817, 819, 830, 833, 834, 836, 845, 856, 857, 860, 862, 875, 880, 887, 888, 899, 900, 914, 918, 921, 928, 929, 930]","[12, 24, 25, 28, 88, 100, 104, 119, 123, 129, 136, 137, 139, 140, 141, 148, 155, 169, 172, 179, 183, 185, 188, 196, 198, 217, 237, 267, 270, 278, 319, 321, 324, 325, 330, 334, 335, 354, 366, 369, 380, 383, 384, 386, 395, 407, 411, 423, 428, 436, 437, 452, 453, 456, 467, 471, 477, 478, 479, 497, 508, 511, 559, 571, 575, 590, 594, 600, 607, 608, 610, 611, 612, 619, 627, 640, 643, 650, 654, 656, 659, 667, 669, 685, 701, 726, 729, 737, 777, 779, 782, 783, 787, 790, 791, 809, 817, 819, 830, 833, 834, 836, 845, 856, 857, 860, 862, 875, 880, 887, 888, 899, 900, 914, 918, 921, 928, 929, 930]",7/6 successful match,True,,False,134,False,,1.0,False,Cash Saver # 4 ( Sinclair ),Sinclair
G Salina ( 84654 ) Premium Oil # 4 ( Chevron ),3 435-529-3362 US 50 & UT 24,<U+25A1>,Salina,84654,Premium Oil # 4 ( Chevron ),435-529-3362,2014,Salina,UT,Chevron,,US 50 & UT 24,empty,,False,,False,US 50,UT 24,,,,"[914, 467]","[432, 466, 467, 469, 476, 884, 913, 914, 916, 925]","[432, 466, 467, 469, 476, 884, 913, 914, 916, 925]",[],"[398, 399, 400, 401, 402, 403, 404, 405, 406, 407, 408, 409, 410, 411, 412, 413, 414, 415, 416, 417, 418, 419, 420, 421, 422, 423, 424, 425, 426, 427, 428, 429, 430, 431, 432, 433, 434, 435, 436, 437, 438, 439, 440, 441, 442, 443, 444, 445, 446, 447, 448, 449, 450, 451, 452, 453, 454, 455, 456, 457, 458, 459, 460, 461, 462, 463, 464, 465, 466, 467, 468, 469, 470, 471, 472, 473, 474, 475, 476, 477, 478, 479, 480, 481, 482, 483, 484, 848, 849, 850, 851, 852, 853, 854, 855, 856, 857, 858, 859, 860, 861, 862, 863, 864, 865, 866, 867, 868, 869, 870, 871, 872, 873, 874, 875, 876, 877, 878, 879, 880, 881, 882, 883, 884, 885, 886, 887, 888, 889, 890, 891, 892, 893, 894, 895, 896, 897, 898, 899, 900, 901, 902, 903, 904, 905, 906, 907, 908, 909, 910, 911, 912, 913, 914, 915, 916, 917, 918, 919, 920, 921, 922, 923, 924, 925, 926, 927, 928, 929, 930, 931, 932, 933, 934, 935]","[180, 319, 347, 353, 399, 401, 405, 408, 428, 436, 439, 445, 447, 450, 467, 651, 777, 802, 808, 848, 850, 854, 858, 880, 887, 890, 895, 914, 927]","[12, 24, 25, 28, 88, 100, 104, 119, 123, 129, 136, 137, 139, 140, 141, 148, 155, 169, 172, 179, 183, 185, 188, 196, 198, 217, 237, 267, 270, 278, 319, 321, 324, 325, 330, 334, 335, 354, 366, 369, 380, 383, 384, 386, 395, 407, 411, 423, 428, 436, 437, 452, 453, 456, 467, 471, 477, 478, 479, 497, 508, 511, 559, 571, 575, 590, 594, 600, 607, 608, 610, 611, 612, 619, 627, 640, 643, 650, 654, 656, 659, 667, 669, 685, 701, 726, 729, 737, 777, 779, 782, 783, 787, 790, 791, 809, 817, 819, 830, 833, 834, 836, 845, 856, 857, 860, 862, 875, 880, 887, 888, 899, 900, 914, 918, 921, 928, 929, 930]","[4, 12, 24, 25, 28, 31, 59, 88, 100, 104, 119, 123, 129, 135, 136, 137, 139, 140, 141, 142, 147, 148, 155, 169, 172, 179, 180, 183, 185, 188, 196, 198, 217, 218, 229, 232, 237, 264, 267, 269, 270, 278, 299, 318, 319, 320, 321, 324, 325, 330, 331, 334, 335, 338, 352, 354, 366, 367, 369, 380, 382, 383, 384, 386, 387, 395, 403, 405, 407, 408, 410, 411, 423, 428, 436, 437, 452, 453, 455, 456, 463, 465, 466, 467, 468, 470, 471, 472, 473, 477, 478, 479, 483, 484, 490, 497, 508, 511, 514, 535, 559, 571, 575, 590, 594, 600, 606, 607, 608, 610, 611, 612, 613, 618, 619, 627, 640, 643, 650, 651, 654, 656, 659, 667, 669, 685, 686, 693, 696, 701, 724, 726, 728, 729, 737, 758, 776, 777, 778, 779, 782, 783, 787, 788, 790, 791, 794, 807, 809, 817, 819, 830, 832, 833, 834, 836, 837, 845, 852, 854, 856, 857, 858, 860, 861, 862, 875, 880, 887, 888, 899, 900, 902, 910, 912, 913, 914, 915, 917, 918, 919, 920, 921, 928, 929, 930, 931, 934, 935]","[4, 12, 24, 25, 28, 31, 59, 88, 100, 104, 119, 123, 129, 135, 136, 137, 139, 140, 141, 142, 147, 148, 155, 169, 172, 179, 180, 183, 185, 188, 196, 198, 217, 218, 229, 232, 237, 264, 267, 269, 270, 278, 299, 318, 319, 320, 321, 324, 325, 330, 331, 334, 335, 338, 347, 352, 353, 354, 366, 367, 369, 380, 382, 383, 384, 386, 387, 395, 398, 399, 400, 401, 402, 403, 404, 405, 406, 407, 408, 409, 410, 411, 412, 413, 414, 415, 416, 417, 418, 419, 420, 421, 422, 423, 424, 425, 426, 427, 428, 429, 430, 431, 432, 433, 434, 435, 436, 437, 438, 439, 440, 441, 442, 443, 444, 445, 446, 447, 448, 449, 450, 451, 452, 453, 454, 455, 456, 457, 458, 459, 460, 461, 462, 463, 464, 465, 466, 467, 468, 469, 470, 471, 472, 473, 474, 475, 476, 477, 478, 479, 480, 481, 482, 483, 484, 490, 497, 508, 511, 514, 535, 559, 571, 575, 590, 594, 600, 606, 607, 608, 610, 611, 612, 613, 618, 619, 627, 640, 643, 650, 651, 654, 656, 659, 667, 669, 685, 686, 693, 696, 701, 724, 726, 728, 729, 737, 758, 776, 777, 778, 779, 782, 783, 787, 788, 790, 791, 794, 802, 807, 808, 809, 817, 819, 830, 832, 833, 834, 836, 837, 845, 848, 849, 850, 851, 852, 853, 854, 855, 856, 857, 858, 859, 860, 861, 862, 863, 864, 865, 866, 867, 868, 869, 870, 871, 872, 873, 874, 875, 876, 877, 878, 879, 880, 881, 882, 883, 884, 885, 886, 887, 888, 889, 890, 891, 892, 893, 894, 895, 896, 897, 898, 899, 900, 901, 902, 903, 904, 905, 906, 907, 908, 909, 910, 911, 912, 913, 914, 915, 916, 917, 918, 919, 920, 921, 922, 923, 924, 925, 926, 927, 928, 929, 930, 931, 932, 933, 934, 935]",True,"[432, 466, 467, 469, 476, 884, 913, 914, 916, 925]","[398, 399, 400, 401, 402, 403, 404, 405, 406, 407, 408, 409, 410, 411, 412, 413, 414, 415, 416, 417, 418, 419, 420, 421, 422, 423, 424, 425, 426, 427, 428, 429, 430, 431, 432, 433, 434, 435, 436, 437, 438, 439, 440, 441, 442, 443, 444, 445, 446, 447, 448, 449, 450, 451, 452, 453, 454, 455, 456, 457, 458, 459, 460, 461, 462, 463, 464, 465, 466, 467, 468, 469, 470, 471, 472, 473, 474, 475, 476, 477, 478, 479, 480, 481, 482, 483, 484, 848, 849, 850, 851, 852, 853, 854, 855, 856, 857, 858, 859, 860, 861, 862, 863, 864, 865, 866, 867, 868, 869, 870, 871, 872, 873, 874, 875, 876, 877, 878, 879, 880, 881, 882, 883, 884, 885, 886, 887, 888, 889, 890, 891, 892, 893, 894, 895, 896, 897, 898, 899, 900, 901, 902, 903, 904, 905, 906, 907, 908, 909, 910, 911, 912, 913, 914, 915, 916, 917, 918, 919, 920, 921, 922, 923, 924, 925, 926, 927, 928, 929, 930, 931, 932, 933, 934, 935]","[432, 466, 467, 469, 476, 884, 913, 914, 916, 925]",[],"[180, 319, 347, 353, 399, 401, 405, 408, 428, 436, 439, 445, 447, 450, 467, 651, 777, 802, 808, 848, 850, 854, 858, 880, 887, 890, 895, 914, 927]","[4, 12, 24, 25, 28, 31, 59, 88, 100, 104, 119, 123, 129, 135, 136, 137, 139, 140, 141, 142, 147, 148, 155, 169, 172, 179, 180, 183, 185, 188, 196, 198, 217, 218, 229, 232, 237, 264, 267, 269, 270, 278, 299, 318, 319, 320, 321, 324, 325, 330, 331, 334, 335, 338, 352, 354, 366, 367, 369, 380, 382, 383, 384, 386, 387, 395, 403, 405, 407, 408, 410, 411, 423, 428, 436, 437, 452, 453, 455, 456, 463, 465, 466, 467, 468, 470, 471, 472, 473, 477, 478, 479, 483, 484, 490, 497, 508, 511, 514, 535, 559, 571, 575, 590, 594, 600, 606, 607, 608, 610, 611, 612, 613, 618, 619, 627, 640, 643, 650, 651, 654, 656, 659, 667, 669, 685, 686, 693, 696, 701, 724, 726, 728, 729, 737, 758, 776, 777, 778, 779, 782, 783, 787, 788, 790, 791, 794, 807, 809, 817, 819, 830, 832, 833, 834, 836, 837, 845, 852, 854, 856, 857, 858, 860, 861, 862, 875, 880, 887, 888, 899, 900, 902, 910, 912, 913, 914, 915, 917, 918, 919, 920, 921, 928, 929, 930, 931, 934, 935]","[12, 24, 25, 28, 88, 100, 104, 119, 123, 129, 136, 137, 139, 140, 141, 148, 155, 169, 172, 179, 183, 185, 188, 196, 198, 217, 237, 267, 270, 278, 319, 321, 324, 325, 330, 334, 335, 354, 366, 369, 380, 383, 384, 386, 395, 407, 411, 423, 428, 436, 437, 452, 453, 456, 467, 471, 477, 478, 479, 497, 508, 511, 559, 571, 575, 590, 594, 600, 607, 608, 610, 611, 612, 619, 627, 640, 643, 650, 654, 656, 659, 667, 669, 685, 701, 726, 729, 737, 777, 779, 782, 783, 787, 790, 791, 809, 817, 819, 830, 833, 834, 836, 845, 856, 857, 860, 862, 875, 880, 887, 888, 899, 900, 914, 918, 921, 928, 929, 930]",7/6 successful match,True,,False,134,False,,0.820754716981132,True,Cash Saver # 4 ( Chevron ),Chevron
G Salina ( 84654 ) Premium Oil # 4 ( Chevron ),435-529-3362 US 50 & UT 24,<U+2610> <U+2610>,Salina,84654,Premium Oil # 4 ( Chevron ),435-529-3362,2015,Salina,UT,Chevron,,US 50 & UT 24,empty,,False,,False,US 50,UT 24,,,,"[914, 467]","[432, 466, 467, 469, 476, 884, 913, 914, 916, 925]","[432, 466, 467, 469, 476, 884, 913, 914, 916, 925]",[],"[398, 399, 400, 401, 402, 403, 404, 405, 406, 407, 408, 409, 410, 411, 412, 413, 414, 415, 416, 417, 418, 419, 420, 421, 422, 423, 424, 425, 426, 427, 428, 429, 430, 431, 432, 433, 434, 435, 436, 437, 438, 439, 440, 441, 442, 443, 444, 445, 446, 447, 448, 449, 450, 451, 452, 453, 454, 455, 456, 457, 458, 459, 460, 461, 462, 463, 464, 465, 466, 467, 468, 469, 470, 471, 472, 473, 474, 475, 476, 477, 478, 479, 480, 481, 482, 483, 484, 848, 849, 850, 851, 852, 853, 854, 855, 856, 857, 858, 859, 860, 861, 862, 863, 864, 865, 866, 867, 868, 869, 870, 871, 872, 873, 874, 875, 876, 877, 878, 879, 880, 881, 882, 883, 884, 885, 886, 887, 888, 889, 890, 891, 892, 893, 894, 895, 896, 897, 898, 899, 900, 901, 902, 903, 904, 905, 906, 907, 908, 909, 910, 911, 912, 913, 914, 915, 916, 917, 918, 919, 920, 921, 922, 923, 924, 925, 926, 927, 928, 929, 930, 931, 932, 933, 934, 935]","[180, 319, 347, 353, 399, 401, 405, 408, 428, 436, 439, 445, 447, 450, 467, 651, 777, 802, 808, 848, 850, 854, 858, 880, 887, 890, 895, 914, 927]","[12, 24, 25, 28, 88, 100, 104, 119, 123, 129, 136, 137, 139, 140, 141, 148, 155, 169, 172, 179, 183, 185, 188, 196, 198, 217, 237, 267, 270, 278, 319, 321, 324, 325, 330, 334, 335, 354, 366, 369, 380, 383, 384, 386, 395, 407, 411, 423, 428, 436, 437, 452, 453, 456, 467, 471, 477, 478, 479, 497, 508, 511, 559, 571, 575, 590, 594, 600, 607, 608, 610, 611, 612, 619, 627, 640, 643, 650, 654, 656, 659, 667, 669, 685, 701, 726, 729, 737, 777, 779, 782, 783, 787, 790, 791, 809, 817, 819, 830, 833, 834, 836, 845, 856, 857, 860, 862, 875, 880, 887, 888, 899, 900, 914, 918, 921, 928, 929, 930]","[4, 12, 24, 25, 28, 31, 59, 88, 100, 104, 119, 123, 129, 135, 136, 137, 139, 140, 141, 142, 147, 148, 155, 169, 172, 179, 180, 183, 185, 188, 196, 198, 217, 218, 229, 232, 237, 264, 267, 269, 270, 278, 299, 318, 319, 320, 321, 324, 325, 330, 331, 334, 335, 338, 352, 354, 366, 367, 369, 380, 382, 383, 384, 386, 387, 395, 403, 405, 407, 408, 410, 411, 423, 428, 436, 437, 452, 453, 455, 456, 463, 465, 466, 467, 468, 470, 471, 472, 473, 477, 478, 479, 483, 484, 490, 497, 508, 511, 514, 535, 559, 571, 575, 590, 594, 600, 606, 607, 608, 610, 611, 612, 613, 618, 619, 627, 640, 643, 650, 651, 654, 656, 659, 667, 669, 685, 686, 693, 696, 701, 724, 726, 728, 729, 737, 758, 776, 777, 778, 779, 782, 783, 787, 788, 790, 791, 794, 807, 809, 817, 819, 830, 832, 833, 834, 836, 837, 845, 852, 854, 856, 857, 858, 860, 861, 862, 875, 880, 887, 888, 899, 900, 902, 910, 912, 913, 914, 915, 917, 918, 919, 920, 921, 928, 929, 930, 931, 934, 935]","[4, 12, 24, 25, 28, 31, 59, 88, 100, 104, 119, 123, 129, 135, 136, 137, 139, 140, 141, 142, 147, 148, 155, 169, 172, 179, 180, 183, 185, 188, 196, 198, 217, 218, 229, 232, 237, 264, 267, 269, 270, 278, 299, 318, 319, 320, 321, 324, 325, 330, 331, 334, 335, 338, 347, 352, 353, 354, 366, 367, 369, 380, 382, 383, 384, 386, 387, 395, 398, 399, 400, 401, 402, 403, 404, 405, 406, 407, 408, 409, 410, 411, 412, 413, 414, 415, 416, 417, 418, 419, 420, 421, 422, 423, 424, 425, 426, 427, 428, 429, 430, 431, 432, 433, 434, 435, 436, 437, 438, 439, 440, 441, 442, 443, 444, 445, 446, 447, 448, 449, 450, 451, 452, 453, 454, 455, 456, 457, 458, 459, 460, 461, 462, 463, 464, 465, 466, 467, 468, 469, 470, 471, 472, 473, 474, 475, 476, 477, 478, 479, 480, 481, 482, 483, 484, 490, 497, 508, 511, 514, 535, 559, 571, 575, 590, 594, 600, 606, 607, 608, 610, 611, 612, 613, 618, 619, 627, 640, 643, 650, 651, 654, 656, 659, 667, 669, 685, 686, 693, 696, 701, 724, 726, 728, 729, 737, 758, 776, 777, 778, 779, 782, 783, 787, 788, 790, 791, 794, 802, 807, 808, 809, 817, 819, 830, 832, 833, 834, 836, 837, 845, 848, 849, 850, 851, 852, 853, 854, 855, 856, 857, 858, 859, 860, 861, 862, 863, 864, 865, 866, 867, 868, 869, 870, 871, 872, 873, 874, 875, 876, 877, 878, 879, 880, 881, 882, 883, 884, 885, 886, 887, 888, 889, 890, 891, 892, 893, 894, 895, 896, 897, 898, 899, 900, 901, 902, 903, 904, 905, 906, 907, 908, 909, 910, 911, 912, 913, 914, 915, 916, 917, 918, 919, 920, 921, 922, 923, 924, 925, 926, 927, 928, 929, 930, 931, 932, 933, 934, 935]",True,"[432, 466, 467, 469, 476, 884, 913, 914, 916, 925]","[398, 399, 400, 401, 402, 403, 404, 405, 406, 407, 408, 409, 410, 411, 412, 413, 414, 415, 416, 417, 418, 419, 420, 421, 422, 423, 424, 425, 426, 427, 428, 429, 430, 431, 432, 433, 434, 435, 436, 437, 438, 439, 440, 441, 442, 443, 444, 445, 446, 447, 448, 449, 450, 451, 452, 453, 454, 455, 456, 457, 458, 459, 460, 461, 462, 463, 464, 465, 466, 467, 468, 469, 470, 471, 472, 473, 474, 475, 476, 477, 478, 479, 480, 481, 482, 483, 484, 848, 849, 850, 851, 852, 853, 854, 855, 856, 857, 858, 859, 860, 861, 862, 863, 864, 865, 866, 867, 868, 869, 870, 871, 872, 873, 874, 875, 876, 877, 878, 879, 880, 881, 882, 883, 884, 885, 886, 887, 888, 889, 890, 891, 892, 893, 894, 895, 896, 897, 898, 899, 900, 901, 902, 903, 904, 905, 906, 907, 908, 909, 910, 911, 912, 913, 914, 915, 916, 917, 918, 919, 920, 921, 922, 923, 924, 925, 926, 927, 928, 929, 930, 931, 932, 933, 934, 935]","[432, 466, 467, 469, 476, 884, 913, 914, 916, 925]",[],"[180, 319, 347, 353, 399, 401, 405, 408, 428, 436, 439, 445, 447, 450, 467, 651, 777, 802, 808, 848, 850, 854, 858, 880, 887, 890, 895, 914, 927]","[4, 12, 24, 25, 28, 31, 59, 88, 100, 104, 119, 123, 129, 135, 136, 137, 139, 140, 141, 142, 147, 148, 155, 169, 172, 179, 180, 183, 185, 188, 196, 198, 217, 218, 229, 232, 237, 264, 267, 269, 270, 278, 299, 318, 319, 320, 321, 324, 325, 330, 331, 334, 335, 338, 352, 354, 366, 367, 369, 380, 382, 383, 384, 386, 387, 395, 403, 405, 407, 408, 410, 411, 423, 428, 436, 437, 452, 453, 455, 456, 463, 465, 466, 467, 468, 470, 471, 472, 473, 477, 478, 479, 483, 484, 490, 497, 508, 511, 514, 535, 559, 571, 575, 590, 594, 600, 606, 607, 608, 610, 611, 612, 613, 618, 619, 627, 640, 643, 650, 651, 654, 656, 659, 667, 669, 685, 686, 693, 696, 701, 724, 726, 728, 729, 737, 758, 776, 777, 778, 779, 782, 783, 787, 788, 790, 791, 794, 807, 809, 817, 819, 830, 832, 833, 834, 836, 837, 845, 852, 854, 856, 857, 858, 860, 861, 862, 875, 880, 887, 888, 899, 900, 902, 910, 912, 913, 914, 915, 917, 918, 919, 920, 921, 928, 929, 930, 931, 934, 935]","[12, 24, 25, 28, 88, 100, 104, 119, 123, 129, 136, 137, 139, 140, 141, 148, 155, 169, 172, 179, 183, 185, 188, 196, 198, 217, 237, 267, 270, 278, 319, 321, 324, 325, 330, 334, 335, 354, 366, 369, 380, 383, 384, 386, 395, 407, 411, 423, 428, 436, 437, 452, 453, 456, 467, 471, 477, 478, 479, 497, 508, 511, 559, 571, 575, 590, 594, 600, 607, 608, 610, 611, 612, 619, 627, 640, 643, 650, 654, 656, 659, 667, 669, 685, 701, 726, 729, 737, 777, 779, 782, 783, 787, 790, 791, 809, 817, 819, 830, 833, 834, 836, 845, 856, 857, 860, 862, 875, 880, 887, 888, 899, 900, 914, 918, 921, 928, 929, 930]",7/6 successful match,True,,False,134,False,,1.0,True,Premium Oil # 4 ( Chevron ),Chevron
G Salina ( 84654 ) Premium Oil # 4 ( Chevron ),435-529-3362 US 50 & UT 24,<U+2610> <U+2610> D <U+25A1>,Salina,84654,Premium Oil # 4 ( Chevron ),435-529-3362,2016,Salina,UT,Chevron,,US 50 & UT 24,empty,,False,,False,US 50,UT 24,,,,"[914, 467]","[432, 466, 467, 469, 476, 884, 913, 914, 916, 925]","[432, 466, 467, 469, 476, 884, 913, 914, 916, 925]",[],"[398, 399, 400, 401, 402, 403, 404, 405, 406, 407, 408, 409, 410, 411, 412, 413, 414, 415, 416, 417, 418, 419, 420, 421, 422, 423, 424, 425, 426, 427, 428, 429, 430, 431, 432, 433, 434, 435, 436, 437, 438, 439, 440, 441, 442, 443, 444, 445, 446, 447, 448, 449, 450, 451, 452, 453, 454, 455, 456, 457, 458, 459, 460, 461, 462, 463, 464, 465, 466, 467, 468, 469, 470, 471, 472, 473, 474, 475, 476, 477, 478, 479, 480, 481, 482, 483, 484, 848, 849, 850, 851, 852, 853, 854, 855, 856, 857, 858, 859, 860, 861, 862, 863, 864, 865, 866, 867, 868, 869, 870, 871, 872, 873, 874, 875, 876, 877, 878, 879, 880, 881, 882, 883, 884, 885, 886, 887, 888, 889, 890, 891, 892, 893, 894, 895, 896, 897, 898, 899, 900, 901, 902, 903, 904, 905, 906, 907, 908, 909, 910, 911, 912, 913, 914, 915, 916, 917, 918, 919, 920, 921, 922, 923, 924, 925, 926, 927, 928, 929, 930, 931, 932, 933, 934, 935]","[180, 319, 347, 353, 399, 401, 405, 408, 428, 436, 439, 445, 447, 450, 467, 651, 777, 802, 808, 848, 850, 854, 858, 880, 887, 890, 895, 914, 927]","[12, 24, 25, 28, 88, 100, 104, 119, 123, 129, 136, 137, 139, 140, 141, 148, 155, 169, 172, 179, 183, 185, 188, 196, 198, 217, 237, 267, 270, 278, 319, 321, 324, 325, 330, 334, 335, 354, 366, 369, 380, 383, 384, 386, 395, 407, 411, 423, 428, 436, 437, 452, 453, 456, 467, 471, 477, 478, 479, 497, 508, 511, 559, 571, 575, 590, 594, 600, 607, 608, 610, 611, 612, 619, 627, 640, 643, 650, 654, 656, 659, 667, 669, 685, 701, 726, 729, 737, 777, 779, 782, 783, 787, 790, 791, 809, 817, 819, 830, 833, 834, 836, 845, 856, 857, 860, 862, 875, 880, 887, 888, 899, 900, 914, 918, 921, 928, 929, 930]","[4, 12, 24, 25, 28, 31, 59, 88, 100, 104, 119, 123, 129, 135, 136, 137, 139, 140, 141, 142, 147, 148, 155, 169, 172, 179, 180, 183, 185, 188, 196, 198, 217, 218, 229, 232, 237, 264, 267, 269, 270, 278, 299, 318, 319, 320, 321, 324, 325, 330, 331, 334, 335, 338, 352, 354, 366, 367, 369, 380, 382, 383, 384, 386, 387, 395, 403, 405, 407, 408, 410, 411, 423, 428, 436, 437, 452, 453, 455, 456, 463, 465, 466, 467, 468, 470, 471, 472, 473, 477, 478, 479, 483, 484, 490, 497, 508, 511, 514, 535, 559, 571, 575, 590, 594, 600, 606, 607, 608, 610, 611, 612, 613, 618, 619, 627, 640, 643, 650, 651, 654, 656, 659, 667, 669, 685, 686, 693, 696, 701, 724, 726, 728, 729, 737, 758, 776, 777, 778, 779, 782, 783, 787, 788, 790, 791, 794, 807, 809, 817, 819, 830, 832, 833, 834, 836, 837, 845, 852, 854, 856, 857, 858, 860, 861, 862, 875, 880, 887, 888, 899, 900, 902, 910, 912, 913, 914, 915, 917, 918, 919, 920, 921, 928, 929, 930, 931, 934, 935]","[4, 12, 24, 25, 28, 31, 59, 88, 100, 104, 119, 123, 129, 135, 136, 137, 139, 140, 141, 142, 147, 148, 155, 169, 172, 179, 180, 183, 185, 188, 196, 198, 217, 218, 229, 232, 237, 264, 267, 269, 270, 278, 299, 318, 319, 320, 321, 324, 325, 330, 331, 334, 335, 338, 347, 352, 353, 354, 366, 367, 369, 380, 382, 383, 384, 386, 387, 395, 398, 399, 400, 401, 402, 403, 404, 405, 406, 407, 408, 409, 410, 411, 412, 413, 414, 415, 416, 417, 418, 419, 420, 421, 422, 423, 424, 425, 426, 427, 428, 429, 430, 431, 432, 433, 434, 435, 436, 437, 438, 439, 440, 441, 442, 443, 444, 445, 446, 447, 448, 449, 450, 451, 452, 453, 454, 455, 456, 457, 458, 459, 460, 461, 462, 463, 464, 465, 466, 467, 468, 469, 470, 471, 472, 473, 474, 475, 476, 477, 478, 479, 480, 481, 482, 483, 484, 490, 497, 508, 511, 514, 535, 559, 571, 575, 590, 594, 600, 606, 607, 608, 610, 611, 612, 613, 618, 619, 627, 640, 643, 650, 651, 654, 656, 659, 667, 669, 685, 686, 693, 696, 701, 724, 726, 728, 729, 737, 758, 776, 777, 778, 779, 782, 783, 787, 788, 790, 791, 794, 802, 807, 808, 809, 817, 819, 830, 832, 833, 834, 836, 837, 845, 848, 849, 850, 851, 852, 853, 854, 855, 856, 857, 858, 859, 860, 861, 862, 863, 864, 865, 866, 867, 868, 869, 870, 871, 872, 873, 874, 875, 876, 877, 878, 879, 880, 881, 882, 883, 884, 885, 886, 887, 888, 889, 890, 891, 892, 893, 894, 895, 896, 897, 898, 899, 900, 901, 902, 903, 904, 905, 906, 907, 908, 909, 910, 911, 912, 913, 914, 915, 916, 917, 918, 919, 920, 921, 922, 923, 924, 925, 926, 927, 928, 929, 930, 931, 932, 933, 934, 935]",True,"[432, 466, 467, 469, 476, 884, 913, 914, 916, 925]","[398, 399, 400, 401, 402, 403, 404, 405, 406, 407, 408, 409, 410, 411, 412, 413, 414, 415, 416, 417, 418, 419, 420, 421, 422, 423, 424, 425, 426, 427, 428, 429, 430, 431, 432, 433, 434, 435, 436, 437, 438, 439, 440, 441, 442, 443, 444, 445, 446, 447, 448, 449, 450, 451, 452, 453, 454, 455, 456, 457, 458, 459, 460, 461, 462, 463, 464, 465, 466, 467, 468, 469, 470, 471, 472, 473, 474, 475, 476, 477, 478, 479, 480, 481, 482, 483, 484, 848, 849, 850, 851, 852, 853, 854, 855, 856, 857, 858, 859, 860, 861, 862, 863, 864, 865, 866, 867, 868, 869, 870, 871, 872, 873, 874, 875, 876, 877, 878, 879, 880, 881, 882, 883, 884, 885, 886, 887, 888, 889, 890, 891, 892, 893, 894, 895, 896, 897, 898, 899, 900, 901, 902, 903, 904, 905, 906, 907, 908, 909, 910, 911, 912, 913, 914, 915, 916, 917, 918, 919, 920, 921, 922, 923, 924, 925, 926, 927, 928, 929, 930, 931, 932, 933, 934, 935]","[432, 466, 467, 469, 476, 884, 913, 914, 916, 925]",[],"[180, 319, 347, 353, 399, 401, 405, 408, 428, 436, 439, 445, 447, 450, 467, 651, 777, 802, 808, 848, 850, 854, 858, 880, 887, 890, 895, 914, 927]","[4, 12, 24, 25, 28, 31, 59, 88, 100, 104, 119, 123, 129, 135, 136, 137, 139, 140, 141, 142, 147, 148, 155, 169, 172, 179, 180, 183, 185, 188, 196, 198, 217, 218, 229, 232, 237, 264, 267, 269, 270, 278, 299, 318, 319, 320, 321, 324, 325, 330, 331, 334, 335, 338, 352, 354, 366, 367, 369, 380, 382, 383, 384, 386, 387, 395, 403, 405, 407, 408, 410, 411, 423, 428, 436, 437, 452, 453, 455, 456, 463, 465, 466, 467, 468, 470, 471, 472, 473, 477, 478, 479, 483, 484, 490, 497, 508, 511, 514, 535, 559, 571, 575, 590, 594, 600, 606, 607, 608, 610, 611, 612, 613, 618, 619, 627, 640, 643, 650, 651, 654, 656, 659, 667, 669, 685, 686, 693, 696, 701, 724, 726, 728, 729, 737, 758, 776, 777, 778, 779, 782, 783, 787, 788, 790, 791, 794, 807, 809, 817, 819, 830, 832, 833, 834, 836, 837, 845, 852, 854, 856, 857, 858, 860, 861, 862, 875, 880, 887, 888, 899, 900, 902, 910, 912, 913, 914, 915, 917, 918, 919, 920, 921, 928, 929, 930, 931, 934, 935]","[12, 24, 25, 28, 88, 100, 104, 119, 123, 129, 136, 137, 139, 140, 141, 148, 155, 169, 172, 179, 183, 185, 188, 196, 198, 217, 237, 267, 270, 278, 319, 321, 324, 325, 330, 334, 335, 354, 366, 369, 380, 383, 384, 386, 395, 407, 411, 423, 428, 436, 437, 452, 453, 456, 467, 471, 477, 478, 479, 497, 508, 511, 559, 571, 575, 590, 594, 600, 607, 608, 610, 611, 612, 619, 627, 640, 643, 650, 654, 656, 659, 667, 669, 685, 701, 726, 729, 737, 777, 779, 782, 783, 787, 790, 791, 809, 817, 819, 830, 833, 834, 836, 845, 856, 857, 860, 862, 875, 880, 887, 888, 899, 900, 914, 918, 921, 928, 929, 930]",7/6 successful match,True,,False,134,False,,1.0,True,Premium Oil # 4 ( Chevron ),Chevron
"Salina , 84654 Scenic Quik Stop ( Conoco / 66 )",435-529-3781 I-70 Exit 56 ( US 89 ),24 HRS 184 M <U+2610>,Salina,84654,Scenic Quik Stop ( Conoco / 66 ),435-529-3781,2006,Salina,UT,Conoco,( US 89 ),I-70 Exit 56 ,Exit,56,False,,False,I-70,,,,,"[916, 469]","[432, 466, 467, 469, 476, 884, 913, 914, 916, 925]","[432, 466, 467, 469, 476, 884, 913, 914, 916, 925]","[149, 432, 466, 469, 476, 620, 884, 913, 916, 925]","[398, 399, 400, 401, 402, 403, 404, 405, 406, 407, 408, 409, 410, 411, 412, 413, 414, 415, 416, 417, 418, 419, 420, 421, 422, 423, 424, 425, 426, 427, 428, 429, 430, 431, 432, 433, 434, 435, 436, 437, 438, 439, 440, 441, 442, 443, 444, 445, 446, 447, 448, 449, 450, 451, 452, 453, 454, 455, 456, 457, 458, 459, 460, 461, 462, 463, 464, 465, 466, 467, 468, 469, 470, 471, 472, 473, 474, 475, 476, 477, 478, 479, 480, 481, 482, 483, 484, 848, 849, 850, 851, 852, 853, 854, 855, 856, 857, 858, 859, 860, 861, 862, 863, 864, 865, 866, 867, 868, 869, 870, 871, 872, 873, 874, 875, 876, 877, 878, 879, 880, 881, 882, 883, 884, 885, 886, 887, 888, 889, 890, 891, 892, 893, 894, 895, 896, 897, 898, 899, 900, 901, 902, 903, 904, 905, 906, 907, 908, 909, 910, 911, 912, 913, 914, 915, 916, 917, 918, 919, 920, 921, 922, 923, 924, 925, 926, 927, 928, 929, 930, 931, 932, 933, 934, 935]","[179, 219, 399, 421, 432, 434, 462, 466, 469, 476, 479, 650, 848, 873, 884, 886, 909, 913, 916, 925, 930]","[3, 27, 349, 406, 451, 489, 510, 804, 855, 898]","[3, 27, 84, 85, 262, 349, 401, 402, 406, 424, 427, 451, 464, 469, 489, 510, 555, 556, 722, 804, 850, 851, 855, 876, 879, 898, 911, 916]","[3, 917, 918, 919, 920, 921, 27, 922, 923, 924, 555, 556, 926, 927, 928, 929, 930, 931, 932, 84, 85, 933, 934, 935, 620, 650, 149, 179, 722, 219, 349, 262, 804, 848, 849, 850, 851, 852, 853, 854, 855, 856, 857, 858, 859, 860, 861, 862, 863, 864, 865, 866, 867, 868, 869, 870, 871, 872, 873, 874, 875, 876, 877, 878, 879, 880, 881, 882, 883, 884, 885, 886, 887, 888, 889, 890, 891, 892, 893, 894, 895, 896, 897, 898, 899, 900, 901, 902, 903, 904, 905, 906, 907, 908, 909, 398, 399, 400, 913, 914, 403, 916, 401, 402, 404, 405, 406, 407, 408, 409, 925, 410, 411, 412, 413, 414, 415, 416, 417, 418, 419, 420, 421, 422, 423, 424, 425, 426, 427, 432, 428, 429, 430, 431, 433, 434, 435, 436, 437, 438, 439, 440, 441, 442, 443, 444, 445, 446, 447, 448, 449, 450, 451, 452, 453, 454, 455, 456, 457, 458, 459, 460, 461, 466, 467, 462, 469, 463, 464, 465, 468, 470, 471, 476, 472, 473, 474, 475, 477, 478, 479, 480, 481, 482, 483, 484, 910, 911, 489, 912, 915, 510]",True,"[432, 466, 467, 469, 476, 884, 913, 914, 916, 925]","[398, 399, 400, 401, 402, 403, 404, 405, 406, 407, 408, 409, 410, 411, 412, 413, 414, 415, 416, 417, 418, 419, 420, 421, 422, 423, 424, 425, 426, 427, 428, 429, 430, 431, 432, 433, 434, 435, 436, 437, 438, 439, 440, 441, 442, 443, 444, 445, 446, 447, 448, 449, 450, 451, 452, 453, 454, 455, 456, 457, 458, 459, 460, 461, 462, 463, 464, 465, 466, 467, 468, 469, 470, 471, 472, 473, 474, 475, 476, 477, 478, 479, 480, 481, 482, 483, 484, 848, 849, 850, 851, 852, 853, 854, 855, 856, 857, 858, 859, 860, 861, 862, 863, 864, 865, 866, 867, 868, 869, 870, 871, 872, 873, 874, 875, 876, 877, 878, 879, 880, 881, 882, 883, 884, 885, 886, 887, 888, 889, 890, 891, 892, 893, 894, 895, 896, 897, 898, 899, 900, 901, 902, 903, 904, 905, 906, 907, 908, 909, 910, 911, 912, 913, 914, 915, 916, 917, 918, 919, 920, 921, 922, 923, 924, 925, 926, 927, 928, 929, 930, 931, 932, 933, 934, 935]","[432, 466, 467, 469, 476, 884, 913, 914, 916, 925]","[149, 432, 466, 469, 476, 620, 884, 913, 916, 925]","[179, 219, 399, 421, 432, 434, 462, 466, 469, 476, 479, 650, 848, 873, 884, 886, 909, 913, 916, 925, 930]","[3, 27, 84, 85, 262, 349, 401, 402, 406, 424, 427, 451, 464, 469, 489, 510, 555, 556, 722, 804, 850, 851, 855, 876, 879, 898, 911, 916]","[3, 27, 349, 406, 451, 489, 510, 804, 855, 898]",6/6 successful match,True,"[94, 95]",True,135,False,,,,,
"Salina , 84654 Scenic Quik Stop ( 66 )",435-529-3781 I-70 Exit 56 ( US 89 ),24 M,Salina,84654,Scenic Quik Stop ( 66 ),435-529-3781,2007,Salina,UT,,( US 89 ),I-70 Exit 56 ,Exit,56,False,,False,I-70,,,,,"[916, 469]","[432, 466, 467, 469, 476, 884, 913, 914, 916, 925]","[432, 466, 467, 469, 476, 884, 913, 914, 916, 925]","[149, 432, 466, 469, 476, 620, 884, 913, 916, 925]","[398, 399, 400, 401, 402, 403, 404, 405, 406, 407, 408, 409, 410, 411, 412, 413, 414, 415, 416, 417, 418, 419, 420, 421, 422, 423, 424, 425, 426, 427, 428, 429, 430, 431, 432, 433, 434, 435, 436, 437, 438, 439, 440, 441, 442, 443, 444, 445, 446, 447, 448, 449, 450, 451, 452, 453, 454, 455, 456, 457, 458, 459, 460, 461, 462, 463, 464, 465, 466, 467, 468, 469, 470, 471, 472, 473, 474, 475, 476, 477, 478, 479, 480, 481, 482, 483, 484, 848, 849, 850, 851, 852, 853, 854, 855, 856, 857, 858, 859, 860, 861, 862, 863, 864, 865, 866, 867, 868, 869, 870, 871, 872, 873, 874, 875, 876, 877, 878, 879, 880, 881, 882, 883, 884, 885, 886, 887, 888, 889, 890, 891, 892, 893, 894, 895, 896, 897, 898, 899, 900, 901, 902, 903, 904, 905, 906, 907, 908, 909, 910, 911, 912, 913, 914, 915, 916, 917, 918, 919, 920, 921, 922, 923, 924, 925, 926, 927, 928, 929, 930, 931, 932, 933, 934, 935]","[179, 219, 399, 421, 432, 434, 462, 466, 469, 476, 479, 650, 848, 873, 884, 886, 909, 913, 916, 925, 930]",[],"[84, 85, 262, 401, 402, 424, 427, 464, 469, 555, 556, 722, 850, 851, 876, 879, 911, 916]","[917, 918, 919, 920, 921, 922, 923, 924, 555, 556, 926, 927, 928, 929, 930, 931, 932, 84, 85, 933, 934, 935, 620, 650, 149, 179, 722, 219, 262, 848, 849, 850, 851, 852, 853, 854, 855, 856, 857, 858, 859, 860, 861, 862, 863, 864, 865, 866, 867, 868, 869, 870, 871, 872, 873, 874, 875, 876, 877, 878, 879, 880, 881, 882, 883, 884, 885, 886, 887, 888, 889, 890, 891, 892, 893, 894, 895, 896, 897, 898, 899, 900, 901, 902, 903, 904, 905, 906, 907, 908, 909, 398, 399, 400, 913, 914, 403, 916, 401, 402, 404, 405, 406, 407, 408, 409, 925, 410, 411, 412, 413, 414, 415, 416, 417, 418, 419, 420, 421, 422, 423, 424, 425, 426, 427, 432, 428, 429, 430, 431, 433, 434, 435, 436, 437, 438, 439, 440, 441, 442, 443, 444, 445, 446, 447, 448, 449, 450, 451, 452, 453, 454, 455, 456, 457, 458, 459, 460, 461, 466, 467, 462, 469, 463, 464, 465, 468, 470, 471, 476, 472, 473, 474, 475, 477, 478, 479, 480, 481, 482, 483, 484, 910, 911, 912, 915]",True,"[432, 466, 467, 469, 476, 884, 913, 914, 916, 925]","[398, 399, 400, 401, 402, 403, 404, 405, 406, 407, 408, 409, 410, 411, 412, 413, 414, 415, 416, 417, 418, 419, 420, 421, 422, 423, 424, 425, 426, 427, 428, 429, 430, 431, 432, 433, 434, 435, 436, 437, 438, 439, 440, 441, 442, 443, 444, 445, 446, 447, 448, 449, 450, 451, 452, 453, 454, 455, 456, 457, 458, 459, 460, 461, 462, 463, 464, 465, 466, 467, 468, 469, 470, 471, 472, 473, 474, 475, 476, 477, 478, 479, 480, 481, 482, 483, 484, 848, 849, 850, 851, 852, 853, 854, 855, 856, 857, 858, 859, 860, 861, 862, 863, 864, 865, 866, 867, 868, 869, 870, 871, 872, 873, 874, 875, 876, 877, 878, 879, 880, 881, 882, 883, 884, 885, 886, 887, 888, 889, 890, 891, 892, 893, 894, 895, 896, 897, 898, 899, 900, 901, 902, 903, 904, 905, 906, 907, 908, 909, 910, 911, 912, 913, 914, 915, 916, 917, 918, 919, 920, 921, 922, 923, 924, 925, 926, 927, 928, 929, 930, 931, 932, 933, 934, 935]","[432, 466, 467, 469, 476, 884, 913, 914, 916, 925]","[149, 432, 466, 469, 476, 620, 884, 913, 916, 925]","[179, 219, 399, 421, 432, 434, 462, 466, 469, 476, 479, 650, 848, 873, 884, 886, 909, 913, 916, 925, 930]","[84, 85, 262, 401, 402, 424, 427, 464, 469, 555, 556, 722, 850, 851, 876, 879, 911, 916]",[],7/6 successful match,True,"[94, 95]",True,135,False,,1.0,True,Scenic Quik Stop ( Conoco / 66 ),Conoco
"Salina , 84654 Scenic Quik Stop ( 66 )",435-529-3781 I-70 Exit 56 ( US 89 ),HIS 24 M 24,Salina,84654,Scenic Quik Stop ( 66 ),435-529-3781,2008,Salina,UT,,( US 89 ),I-70 Exit 56 ,Exit,56,False,,False,I-70,,,,,"[916, 469]","[432, 466, 467, 469, 476, 884, 913, 914, 916, 925]","[432, 466, 467, 469, 476, 884, 913, 914, 916, 925]","[149, 432, 466, 469, 476, 620, 884, 913, 916, 925]","[398, 399, 400, 401, 402, 403, 404, 405, 406, 407, 408, 409, 410, 411, 412, 413, 414, 415, 416, 417, 418, 419, 420, 421, 422, 423, 424, 425, 426, 427, 428, 429, 430, 431, 432, 433, 434, 435, 436, 437, 438, 439, 440, 441, 442, 443, 444, 445, 446, 447, 448, 449, 450, 451, 452, 453, 454, 455, 456, 457, 458, 459, 460, 461, 462, 463, 464, 465, 466, 467, 468, 469, 470, 471, 472, 473, 474, 475, 476, 477, 478, 479, 480, 481, 482, 483, 484, 848, 849, 850, 851, 852, 853, 854, 855, 856, 857, 858, 859, 860, 861, 862, 863, 864, 865, 866, 867, 868, 869, 870, 871, 872, 873, 874, 875, 876, 877, 878, 879, 880, 881, 882, 883, 884, 885, 886, 887, 888, 889, 890, 891, 892, 893, 894, 895, 896, 897, 898, 899, 900, 901, 902, 903, 904, 905, 906, 907, 908, 909, 910, 911, 912, 913, 914, 915, 916, 917, 918, 919, 920, 921, 922, 923, 924, 925, 926, 927, 928, 929, 930, 931, 932, 933, 934, 935]","[179, 219, 399, 421, 432, 434, 462, 466, 469, 476, 479, 650, 848, 873, 884, 886, 909, 913, 916, 925, 930]",[],"[84, 85, 262, 401, 402, 424, 427, 464, 469, 555, 556, 722, 850, 851, 876, 879, 911, 916]","[917, 918, 919, 920, 921, 922, 923, 924, 555, 556, 926, 927, 928, 929, 930, 931, 932, 84, 85, 933, 934, 935, 620, 650, 149, 179, 722, 219, 262, 848, 849, 850, 851, 852, 853, 854, 855, 856, 857, 858, 859, 860, 861, 862, 863, 864, 865, 866, 867, 868, 869, 870, 871, 872, 873, 874, 875, 876, 877, 878, 879, 880, 881, 882, 883, 884, 885, 886, 887, 888, 889, 890, 891, 892, 893, 894, 895, 896, 897, 898, 899, 900, 901, 902, 903, 904, 905, 906, 907, 908, 909, 398, 399, 400, 913, 914, 403, 916, 401, 402, 404, 405, 406, 407, 408, 409, 925, 410, 411, 412, 413, 414, 415, 416, 417, 418, 419, 420, 421, 422, 423, 424, 425, 426, 427, 432, 428, 429, 430, 431, 433, 434, 435, 436, 437, 438, 439, 440, 441, 442, 443, 444, 445, 446, 447, 448, 449, 450, 451, 452, 453, 454, 455, 456, 457, 458, 459, 460, 461, 466, 467, 462, 469, 463, 464, 465, 468, 470, 471, 476, 472, 473, 474, 475, 477, 478, 479, 480, 481, 482, 483, 484, 910, 911, 912, 915]",True,"[432, 466, 467, 469, 476, 884, 913, 914, 916, 925]","[398, 399, 400, 401, 402, 403, 404, 405, 406, 407, 408, 409, 410, 411, 412, 413, 414, 415, 416, 417, 418, 419, 420, 421, 422, 423, 424, 425, 426, 427, 428, 429, 430, 431, 432, 433, 434, 435, 436, 437, 438, 439, 440, 441, 442, 443, 444, 445, 446, 447, 448, 449, 450, 451, 452, 453, 454, 455, 456, 457, 458, 459, 460, 461, 462, 463, 464, 465, 466, 467, 468, 469, 470, 471, 472, 473, 474, 475, 476, 477, 478, 479, 480, 481, 482, 483, 484, 848, 849, 850, 851, 852, 853, 854, 855, 856, 857, 858, 859, 860, 861, 862, 863, 864, 865, 866, 867, 868, 869, 870, 871, 872, 873, 874, 875, 876, 877, 878, 879, 880, 881, 882, 883, 884, 885, 886, 887, 888, 889, 890, 891, 892, 893, 894, 895, 896, 897, 898, 899, 900, 901, 902, 903, 904, 905, 906, 907, 908, 909, 910, 911, 912, 913, 914, 915, 916, 917, 918, 919, 920, 921, 922, 923, 924, 925, 926, 927, 928, 929, 930, 931, 932, 933, 934, 935]","[432, 466, 467, 469, 476, 884, 913, 914, 916, 925]","[149, 432, 466, 469, 476, 620, 884, 913, 916, 925]","[179, 219, 399, 421, 432, 434, 462, 466, 469, 476, 479, 650, 848, 873, 884, 886, 909, 913, 916, 925, 930]","[84, 85, 262, 401, 402, 424, 427, 464, 469, 555, 556, 722, 850, 851, 876, 879, 911, 916]",[],7/6 successful match,True,"[94, 95]",True,135,False,,1.0,True,Scenic Quik Stop ( 66 ),
G Salina ( 84654 ) Scenic Quik Stop ( 66 ),3 435-529-3781 I-70 Exit 56 ( US 89 ),24 S O,Salina,84654,Scenic Quik Stop ( 66 ),435-529-3781,2014,Salina,UT,,( US 89 ),I-70 Exit 56 ,Exit,56,False,,False,I-70,,,,,"[916, 469]","[432, 466, 467, 469, 476, 884, 913, 914, 916, 925]","[432, 466, 467, 469, 476, 884, 913, 914, 916, 925]","[149, 432, 466, 469, 476, 620, 884, 913, 916, 925]","[398, 399, 400, 401, 402, 403, 404, 405, 406, 407, 408, 409, 410, 411, 412, 413, 414, 415, 416, 417, 418, 419, 420, 421, 422, 423, 424, 425, 426, 427, 428, 429, 430, 431, 432, 433, 434, 435, 436, 437, 438, 439, 440, 441, 442, 443, 444, 445, 446, 447, 448, 449, 450, 451, 452, 453, 454, 455, 456, 457, 458, 459, 460, 461, 462, 463, 464, 465, 466, 467, 468, 469, 470, 471, 472, 473, 474, 475, 476, 477, 478, 479, 480, 481, 482, 483, 484, 848, 849, 850, 851, 852, 853, 854, 855, 856, 857, 858, 859, 860, 861, 862, 863, 864, 865, 866, 867, 868, 869, 870, 871, 872, 873, 874, 875, 876, 877, 878, 879, 880, 881, 882, 883, 884, 885, 886, 887, 888, 889, 890, 891, 892, 893, 894, 895, 896, 897, 898, 899, 900, 901, 902, 903, 904, 905, 906, 907, 908, 909, 910, 911, 912, 913, 914, 915, 916, 917, 918, 919, 920, 921, 922, 923, 924, 925, 926, 927, 928, 929, 930, 931, 932, 933, 934, 935]","[179, 219, 399, 421, 432, 434, 462, 466, 469, 476, 479, 650, 848, 873, 884, 886, 909, 913, 916, 925, 930]",[],"[84, 85, 262, 401, 402, 424, 427, 464, 469, 555, 556, 722, 850, 851, 876, 879, 911, 916]","[917, 918, 919, 920, 921, 922, 923, 924, 555, 556, 926, 927, 928, 929, 930, 931, 932, 84, 85, 933, 934, 935, 620, 650, 149, 179, 722, 219, 262, 848, 849, 850, 851, 852, 853, 854, 855, 856, 857, 858, 859, 860, 861, 862, 863, 864, 865, 866, 867, 868, 869, 870, 871, 872, 873, 874, 875, 876, 877, 878, 879, 880, 881, 882, 883, 884, 885, 886, 887, 888, 889, 890, 891, 892, 893, 894, 895, 896, 897, 898, 899, 900, 901, 902, 903, 904, 905, 906, 907, 908, 909, 398, 399, 400, 913, 914, 403, 916, 401, 402, 404, 405, 406, 407, 408, 409, 925, 410, 411, 412, 413, 414, 415, 416, 417, 418, 419, 420, 421, 422, 423, 424, 425, 426, 427, 432, 428, 429, 430, 431, 433, 434, 435, 436, 437, 438, 439, 440, 441, 442, 443, 444, 445, 446, 447, 448, 449, 450, 451, 452, 453, 454, 455, 456, 457, 458, 459, 460, 461, 466, 467, 462, 469, 463, 464, 465, 468, 470, 471, 476, 472, 473, 474, 475, 477, 478, 479, 480, 481, 482, 483, 484, 910, 911, 912, 915]",True,"[432, 466, 467, 469, 476, 884, 913, 914, 916, 925]","[398, 399, 400, 401, 402, 403, 404, 405, 406, 407, 408, 409, 410, 411, 412, 413, 414, 415, 416, 417, 418, 419, 420, 421, 422, 423, 424, 425, 426, 427, 428, 429, 430, 431, 432, 433, 434, 435, 436, 437, 438, 439, 440, 441, 442, 443, 444, 445, 446, 447, 448, 449, 450, 451, 452, 453, 454, 455, 456, 457, 458, 459, 460, 461, 462, 463, 464, 465, 466, 467, 468, 469, 470, 471, 472, 473, 474, 475, 476, 477, 478, 479, 480, 481, 482, 483, 484, 848, 849, 850, 851, 852, 853, 854, 855, 856, 857, 858, 859, 860, 861, 862, 863, 864, 865, 866, 867, 868, 869, 870, 871, 872, 873, 874, 875, 876, 877, 878, 879, 880, 881, 882, 883, 884, 885, 886, 887, 888, 889, 890, 891, 892, 893, 894, 895, 896, 897, 898, 899, 900, 901, 902, 903, 904, 905, 906, 907, 908, 909, 910, 911, 912, 913, 914, 915, 916, 917, 918, 919, 920, 921, 922, 923, 924, 925, 926, 927, 928, 929, 930, 931, 932, 933, 934, 935]","[432, 466, 467, 469, 476, 884, 913, 914, 916, 925]","[149, 432, 466, 469, 476, 620, 884, 913, 916, 925]","[179, 219, 399, 421, 432, 434, 462, 466, 469, 476, 479, 650, 848, 873, 884, 886, 909, 913, 916, 925, 930]","[84, 85, 262, 401, 402, 424, 427, 464, 469, 555, 556, 722, 850, 851, 876, 879, 911, 916]",[],7/6 successful match,True,"[94, 95]",True,135,False,,1.0,True,Scenic Quik Stop ( 66 ),
G Salina ( 84654 ) Scenic Quik Stop ( 66 ),3 435-529-3781 I-70 Exit 56 ( US 89 ),24 S <U+2610><U+2610><U+2610>,Salina,84654,Scenic Quik Stop ( 66 ),435-529-3781,2015,Salina,UT,,( US 89 ),I-70 Exit 56 ,Exit,56,False,,False,I-70,,,,,"[916, 469]","[432, 466, 467, 469, 476, 884, 913, 914, 916, 925]","[432, 466, 467, 469, 476, 884, 913, 914, 916, 925]","[149, 432, 466, 469, 476, 620, 884, 913, 916, 925]","[398, 399, 400, 401, 402, 403, 404, 405, 406, 407, 408, 409, 410, 411, 412, 413, 414, 415, 416, 417, 418, 419, 420, 421, 422, 423, 424, 425, 426, 427, 428, 429, 430, 431, 432, 433, 434, 435, 436, 437, 438, 439, 440, 441, 442, 443, 444, 445, 446, 447, 448, 449, 450, 451, 452, 453, 454, 455, 456, 457, 458, 459, 460, 461, 462, 463, 464, 465, 466, 467, 468, 469, 470, 471, 472, 473, 474, 475, 476, 477, 478, 479, 480, 481, 482, 483, 484, 848, 849, 850, 851, 852, 853, 854, 855, 856, 857, 858, 859, 860, 861, 862, 863, 864, 865, 866, 867, 868, 869, 870, 871, 872, 873, 874, 875, 876, 877, 878, 879, 880, 881, 882, 883, 884, 885, 886, 887, 888, 889, 890, 891, 892, 893, 894, 895, 896, 897, 898, 899, 900, 901, 902, 903, 904, 905, 906, 907, 908, 909, 910, 911, 912, 913, 914, 915, 916, 917, 918, 919, 920, 921, 922, 923, 924, 925, 926, 927, 928, 929, 930, 931, 932, 933, 934, 935]","[179, 219, 399, 421, 432, 434, 462, 466, 469, 476, 479, 650, 848, 873, 884, 886, 909, 913, 916, 925, 930]",[],"[84, 85, 262, 401, 402, 424, 427, 464, 469, 555, 556, 722, 850, 851, 876, 879, 911, 916]","[917, 918, 919, 920, 921, 922, 923, 924, 555, 556, 926, 927, 928, 929, 930, 931, 932, 84, 85, 933, 934, 935, 620, 650, 149, 179, 722, 219, 262, 848, 849, 850, 851, 852, 853, 854, 855, 856, 857, 858, 859, 860, 861, 862, 863, 864, 865, 866, 867, 868, 869, 870, 871, 872, 873, 874, 875, 876, 877, 878, 879, 880, 881, 882, 883, 884, 885, 886, 887, 888, 889, 890, 891, 892, 893, 894, 895, 896, 897, 898, 899, 900, 901, 902, 903, 904, 905, 906, 907, 908, 909, 398, 399, 400, 913, 914, 403, 916, 401, 402, 404, 405, 406, 407, 408, 409, 925, 410, 411, 412, 413, 414, 415, 416, 417, 418, 419, 420, 421, 422, 423, 424, 425, 426, 427, 432, 428, 429, 430, 431, 433, 434, 435, 436, 437, 438, 439, 440, 441, 442, 443, 444, 445, 446, 447, 448, 449, 450, 451, 452, 453, 454, 455, 456, 457, 458, 459, 460, 461, 466, 467, 462, 469, 463, 464, 465, 468, 470, 471, 476, 472, 473, 474, 475, 477, 478, 479, 480, 481, 482, 483, 484, 910, 911, 912, 915]",True,"[432, 466, 467, 469, 476, 884, 913, 914, 916, 925]","[398, 399, 400, 401, 402, 403, 404, 405, 406, 407, 408, 409, 410, 411, 412, 413, 414, 415, 416, 417, 418, 419, 420, 421, 422, 423, 424, 425, 426, 427, 428, 429, 430, 431, 432, 433, 434, 435, 436, 437, 438, 439, 440, 441, 442, 443, 444, 445, 446, 447, 448, 449, 450, 451, 452, 453, 454, 455, 456, 457, 458, 459, 460, 461, 462, 463, 464, 465, 466, 467, 468, 469, 470, 471, 472, 473, 474, 475, 476, 477, 478, 479, 480, 481, 482, 483, 484, 848, 849, 850, 851, 852, 853, 854, 855, 856, 857, 858, 859, 860, 861, 862, 863, 864, 865, 866, 867, 868, 869, 870, 871, 872, 873, 874, 875, 876, 877, 878, 879, 880, 881, 882, 883, 884, 885, 886, 887, 888, 889, 890, 891, 892, 893, 894, 895, 896, 897, 898, 899, 900, 901, 902, 903, 904, 905, 906, 907, 908, 909, 910, 911, 912, 913, 914, 915, 916, 917, 918, 919, 920, 921, 922, 923, 924, 925, 926, 927, 928, 929, 930, 931, 932, 933, 934, 935]","[432, 466, 467, 469, 476, 884, 913, 914, 916, 925]","[149, 432, 466, 469, 476, 620, 884, 913, 916, 925]","[179, 219, 399, 421, 432, 434, 462, 466, 469, 476, 479, 650, 848, 873, 884, 886, 909, 913, 916, 925, 930]","[84, 85, 262, 401, 402, 424, 427, 464, 469, 555, 556, 722, 850, 851, 876, 879, 911, 916]",[],7/6 successful match,True,"[94, 95]",True,135,False,,1.0,True,Scenic Quik Stop ( 66 ),
G Salina ( 84654 ) Scenic Quik Stop ( 66 ),435-529-3781 I-70 Exit 56 ( US 89 ),24 <U+25A1> SO,Salina,84654,Scenic Quik Stop ( 66 ),435-529-3781,2016,Salina,UT,,( US 89 ),I-70 Exit 56 ,Exit,56,False,,False,I-70,,,,,"[916, 469]","[432, 466, 467, 469, 476, 884, 913, 914, 916, 925]","[432, 466, 467, 469, 476, 884, 913, 914, 916, 925]","[149, 432, 466, 469, 476, 620, 884, 913, 916, 925]","[398, 399, 400, 401, 402, 403, 404, 405, 406, 407, 408, 409, 410, 411, 412, 413, 414, 415, 416, 417, 418, 419, 420, 421, 422, 423, 424, 425, 426, 427, 428, 429, 430, 431, 432, 433, 434, 435, 436, 437, 438, 439, 440, 441, 442, 443, 444, 445, 446, 447, 448, 449, 450, 451, 452, 453, 454, 455, 456, 457, 458, 459, 460, 461, 462, 463, 464, 465, 466, 467, 468, 469, 470, 471, 472, 473, 474, 475, 476, 477, 478, 479, 480, 481, 482, 483, 484, 848, 849, 850, 851, 852, 853, 854, 855, 856, 857, 858, 859, 860, 861, 862, 863, 864, 865, 866, 867, 868, 869, 870, 871, 872, 873, 874, 875, 876, 877, 878, 879, 880, 881, 882, 883, 884, 885, 886, 887, 888, 889, 890, 891, 892, 893, 894, 895, 896, 897, 898, 899, 900, 901, 902, 903, 904, 905, 906, 907, 908, 909, 910, 911, 912, 913, 914, 915, 916, 917, 918, 919, 920, 921, 922, 923, 924, 925, 926, 927, 928, 929, 930, 931, 932, 933, 934, 935]","[179, 219, 399, 421, 432, 434, 462, 466, 469, 476, 479, 650, 848, 873, 884, 886, 909, 913, 916, 925, 930]",[],"[84, 85, 262, 401, 402, 424, 427, 464, 469, 555, 556, 722, 850, 851, 876, 879, 911, 916]","[917, 918, 919, 920, 921, 922, 923, 924, 555, 556, 926, 927, 928, 929, 930, 931, 932, 84, 85, 933, 934, 935, 620, 650, 149, 179, 722, 219, 262, 848, 849, 850, 851, 852, 853, 854, 855, 856, 857, 858, 859, 860, 861, 862, 863, 864, 865, 866, 867, 868, 869, 870, 871, 872, 873, 874, 875, 876, 877, 878, 879, 880, 881, 882, 883, 884, 885, 886, 887, 888, 889, 890, 891, 892, 893, 894, 895, 896, 897, 898, 899, 900, 901, 902, 903, 904, 905, 906, 907, 908, 909, 398, 399, 400, 913, 914, 403, 916, 401, 402, 404, 405, 406, 407, 408, 409, 925, 410, 411, 412, 413, 414, 415, 416, 417, 418, 419, 420, 421, 422, 423, 424, 425, 426, 427, 432, 428, 429, 430, 431, 433, 434, 435, 436, 437, 438, 439, 440, 441, 442, 443, 444, 445, 446, 447, 448, 449, 450, 451, 452, 453, 454, 455, 456, 457, 458, 459, 460, 461, 466, 467, 462, 469, 463, 464, 465, 468, 470, 471, 476, 472, 473, 474, 475, 477, 478, 479, 480, 481, 482, 483, 484, 910, 911, 912, 915]",True,"[432, 466, 467, 469, 476, 884, 913, 914, 916, 925]","[398, 399, 400, 401, 402, 403, 404, 405, 406, 407, 408, 409, 410, 411, 412, 413, 414, 415, 416, 417, 418, 419, 420, 421, 422, 423, 424, 425, 426, 427, 428, 429, 430, 431, 432, 433, 434, 435, 436, 437, 438, 439, 440, 441, 442, 443, 444, 445, 446, 447, 448, 449, 450, 451, 452, 453, 454, 455, 456, 457, 458, 459, 460, 461, 462, 463, 464, 465, 466, 467, 468, 469, 470, 471, 472, 473, 474, 475, 476, 477, 478, 479, 480, 481, 482, 483, 484, 848, 849, 850, 851, 852, 853, 854, 855, 856, 857, 858, 859, 860, 861, 862, 863, 864, 865, 866, 867, 868, 869, 870, 871, 872, 873, 874, 875, 876, 877, 878, 879, 880, 881, 882, 883, 884, 885, 886, 887, 888, 889, 890, 891, 892, 893, 894, 895, 896, 897, 898, 899, 900, 901, 902, 903, 904, 905, 906, 907, 908, 909, 910, 911, 912, 913, 914, 915, 916, 917, 918, 919, 920, 921, 922, 923, 924, 925, 926, 927, 928, 929, 930, 931, 932, 933, 934, 935]","[432, 466, 467, 469, 476, 884, 913, 914, 916, 925]","[149, 432, 466, 469, 476, 620, 884, 913, 916, 925]","[179, 219, 399, 421, 432, 434, 462, 466, 469, 476, 479, 650, 848, 873, 884, 886, 909, 913, 916, 925, 930]","[84, 85, 262, 401, 402, 424, 427, 464, 469, 555, 556, 722, 850, 851, 876, 879, 911, 916]",[],7/6 successful match,True,"[94, 95]",True,135,False,,1.0,True,Scenic Quik Stop ( 66 ),
"Springville , 84663 Flying J Fuel Stop # 0011105",801-489-3622 I-15 Exit 261 ( UT 75 ),2400,Springville,84663,Flying J Fuel Stop # 0011105,801-489-3622,2006,Springville,UT,Flying J,( UT 75 ),I-15 Exit 261 ,Exit,261,False,,False,I-15,,,,,"[418, 870]","[418, 431, 870, 883]","[418, 431, 870, 883]","[418, 870]","[398, 399, 400, 401, 402, 403, 404, 405, 406, 407, 408, 409, 410, 411, 412, 413, 414, 415, 416, 417, 418, 419, 420, 421, 422, 423, 424, 425, 426, 427, 428, 429, 430, 431, 432, 433, 434, 435, 436, 437, 438, 439, 440, 441, 442, 443, 444, 445, 446, 447, 448, 449, 450, 451, 452, 453, 454, 455, 456, 457, 458, 459, 460, 461, 462, 463, 464, 465, 466, 467, 468, 469, 470, 471, 472, 473, 474, 475, 476, 477, 478, 479, 480, 481, 482, 483, 484, 848, 849, 850, 851, 852, 853, 854, 855, 856, 857, 858, 859, 860, 861, 862, 863, 864, 865, 866, 867, 868, 869, 870, 871, 872, 873, 874, 875, 876, 877, 878, 879, 880, 881, 882, 883, 884, 885, 886, 887, 888, 889, 890, 891, 892, 893, 894, 895, 896, 897, 898, 899, 900, 901, 902, 903, 904, 905, 906, 907, 908, 909, 910, 911, 912, 913, 914, 915, 916, 917, 918, 919, 920, 921, 922, 923, 924, 925, 926, 927, 928, 929, 930, 931, 932, 933, 934, 935]","[16, 125, 156, 163, 168, 184, 205, 222, 229, 253, 258, 265, 313, 317, 336, 340, 341, 356, 363, 365, 366, 367, 370, 375, 388, 391, 394, 396, 402, 410, 411, 412, 413, 415, 416, 417, 418, 419, 425, 429, 431, 433, 435, 437, 440, 441, 442, 443, 451, 452, 456, 457, 458, 460, 461, 464, 471, 473, 474, 475, 481, 482, 501, 596, 628, 635, 655, 675, 693, 716, 720, 725, 771, 775, 793, 796, 797, 811, 817, 818, 820, 825, 838, 841, 844, 846, 851, 857, 861, 862, 863, 864, 866, 867, 868, 870, 871, 877, 881, 883, 885, 888, 891, 892, 893, 898, 899, 904, 905, 907, 908, 911, 918, 920, 921, 922, 923, 924, 926, 931, 933]","[17, 18, 19, 20, 21, 22, 23, 156, 157, 158, 159, 160, 161, 162, 163, 164, 165, 166, 167, 341, 342, 343, 344, 345, 412, 413, 414, 415, 416, 417, 418, 419, 420, 421, 422, 502, 503, 504, 505, 506, 507, 628, 629, 630, 631, 632, 633, 634, 635, 636, 637, 638, 639, 792, 797, 798, 799, 800, 801, 863, 864, 865, 866, 867, 868, 869, 870, 871, 872, 873, 874]","[17, 18, 19, 20, 21, 22, 23, 156, 157, 158, 159, 160, 161, 162, 163, 164, 165, 166, 167, 168, 340, 341, 342, 343, 344, 345, 346, 412, 413, 414, 415, 416, 417, 418, 419, 420, 421, 422, 502, 503, 504, 505, 506, 507, 628, 629, 630, 631, 632, 633, 634, 635, 636, 637, 638, 639, 792, 796, 797, 798, 799, 800, 801, 863, 864, 865, 866, 867, 868, 869, 870, 871, 872, 873, 874]","[916, 917, 918, 919, 16, 17, 18, 19, 920, 20, 21, 22, 23, 921, 922, 923, 388, 924, 925, 926, 927, 928, 929, 930, 931, 932, 596, 933, 934, 935, 391, 628, 629, 630, 631, 632, 633, 634, 635, 636, 125, 637, 638, 639, 655, 336, 156, 157, 158, 159, 160, 161, 162, 163, 675, 164, 165, 166, 168, 167, 340, 341, 693, 184, 342, 394, 343, 344, 345, 716, 205, 346, 720, 725, 375, 222, 229, 396, 253, 356, 258, 771, 775, 265, 792, 793, 796, 797, 798, 799, 800, 801, 363, 811, 365, 817, 366, 818, 820, 367, 313, 825, 317, 370, 838, 841, 844, 846, 848, 849, 850, 851, 852, 853, 854, 855, 856, 857, 858, 859, 860, 861, 862, 863, 864, 865, 866, 867, 868, 869, 870, 871, 872, 873, 874, 875, 876, 877, 878, 879, 880, 881, 882, 883, 884, 885, 886, 887, 888, 889, 890, 891, 892, 893, 894, 895, 896, 897, 898, 899, 900, 901, 902, 903, 904, 905, 906, 907, 908, 909, 398, 399, 400, 401, 402, 403, 404, 405, 406, 407, 408, 409, 410, 411, 412, 413, 414, 415, 416, 417, 418, 419, 420, 421, 422, 423, 424, 425, 426, 427, 428, 429, 430, 431, 432, 433, 434, 435, 436, 437, 438, 439, 440, 441, 442, 443, 444, 445, 446, 447, 448, 449, 450, 451, 452, 453, 454, 455, 456, 457, 458, 459, 460, 461, 462, 463, 464, 465, 466, 467, 468, 469, 470, 471, 472, 473, 474, 475, 476, 477, 478, 479, 480, 481, 482, 483, 484, 910, 503, 911, 912, 913, 501, 502, 914, 504, 505, 506, 507, 915]",True,"[418, 431, 870, 883]","[398, 399, 400, 401, 402, 403, 404, 405, 406, 407, 408, 409, 410, 411, 412, 413, 414, 415, 416, 417, 418, 419, 420, 421, 422, 423, 424, 425, 426, 427, 428, 429, 430, 431, 432, 433, 434, 435, 436, 437, 438, 439, 440, 441, 442, 443, 444, 445, 446, 447, 448, 449, 450, 451, 452, 453, 454, 455, 456, 457, 458, 459, 460, 461, 462, 463, 464, 465, 466, 467, 468, 469, 470, 471, 472, 473, 474, 475, 476, 477, 478, 479, 480, 481, 482, 483, 484, 848, 849, 850, 851, 852, 853, 854, 855, 856, 857, 858, 859, 860, 861, 862, 863, 864, 865, 866, 867, 868, 869, 870, 871, 872, 873, 874, 875, 876, 877, 878, 879, 880, 881, 882, 883, 884, 885, 886, 887, 888, 889, 890, 891, 892, 893, 894, 895, 896, 897, 898, 899, 900, 901, 902, 903, 904, 905, 906, 907, 908, 909, 910, 911, 912, 913, 914, 915, 916, 917, 918, 919, 920, 921, 922, 923, 924, 925, 926, 927, 928, 929, 930, 931, 932, 933, 934, 935]","[418, 431, 870, 883]","[418, 870]","[16, 125, 156, 163, 168, 184, 205, 222, 229, 253, 258, 265, 313, 317, 336, 340, 341, 356, 363, 365, 366, 367, 370, 375, 388, 391, 394, 396, 402, 410, 411, 412, 413, 415, 416, 417, 418, 419, 425, 429, 431, 433, 435, 437, 440, 441, 442, 443, 451, 452, 456, 457, 458, 460, 461, 464, 471, 473, 474, 475, 481, 482, 501, 596, 628, 635, 655, 675, 693, 716, 720, 725, 771, 775, 793, 796, 797, 811, 817, 818, 820, 825, 838, 841, 844, 846, 851, 857, 861, 862, 863, 864, 866, 867, 868, 870, 871, 877, 881, 883, 885, 888, 891, 892, 893, 898, 899, 904, 905, 907, 908, 911, 918, 920, 921, 922, 923, 924, 926, 931, 933]","[17, 18, 19, 20, 21, 22, 23, 156, 157, 158, 159, 160, 161, 162, 163, 164, 165, 166, 167, 168, 340, 341, 342, 343, 344, 345, 346, 412, 413, 414, 415, 416, 417, 418, 419, 420, 421, 422, 502, 503, 504, 505, 506, 507, 628, 629, 630, 631, 632, 633, 634, 635, 636, 637, 638, 639, 792, 796, 797, 798, 799, 800, 801, 863, 864, 865, 866, 867, 868, 869, 870, 871, 872, 873, 874]","[17, 18, 19, 20, 21, 22, 23, 156, 157, 158, 159, 160, 161, 162, 163, 164, 165, 166, 167, 341, 342, 343, 344, 345, 412, 413, 414, 415, 416, 417, 418, 419, 420, 421, 422, 502, 503, 504, 505, 506, 507, 628, 629, 630, 631, 632, 633, 634, 635, 636, 637, 638, 639, 792, 797, 798, 799, 800, 801, 863, 864, 865, 866, 867, 868, 869, 870, 871, 872, 873, 874]",7/6 successful match,True,"[651, 652]",True,136,False,,,,,
Flying J Fuel Stop # 0011105,801-489-3622 ngville . 84663 I-15 Exit 261 ( UT 75 ),M2400 <U+25A0><U+25A0>,,84663,05,801-489-3622,2007,Springville,UT,,( UT 75 ),ngville . I-15 Exit 261,Exit,261,False,,False,I-15,,,,,"[418, 870]","[418, 431, 870, 883]","[418, 431, 870, 883]","[418, 870]","[398, 399, 400, 401, 402, 403, 404, 405, 406, 407, 408, 409, 410, 411, 412, 413, 414, 415, 416, 417, 418, 419, 420, 421, 422, 423, 424, 425, 426, 427, 428, 429, 430, 431, 432, 433, 434, 435, 436, 437, 438, 439, 440, 441, 442, 443, 444, 445, 446, 447, 448, 449, 450, 451, 452, 453, 454, 455, 456, 457, 458, 459, 460, 461, 462, 463, 464, 465, 466, 467, 468, 469, 470, 471, 472, 473, 474, 475, 476, 477, 478, 479, 480, 481, 482, 483, 484, 848, 849, 850, 851, 852, 853, 854, 855, 856, 857, 858, 859, 860, 861, 862, 863, 864, 865, 866, 867, 868, 869, 870, 871, 872, 873, 874, 875, 876, 877, 878, 879, 880, 881, 882, 883, 884, 885, 886, 887, 888, 889, 890, 891, 892, 893, 894, 895, 896, 897, 898, 899, 900, 901, 902, 903, 904, 905, 906, 907, 908, 909, 910, 911, 912, 913, 914, 915, 916, 917, 918, 919, 920, 921, 922, 923, 924, 925, 926, 927, 928, 929, 930, 931, 932, 933, 934, 935]","[16, 125, 156, 163, 168, 184, 205, 222, 229, 253, 258, 265, 313, 317, 336, 340, 341, 356, 363, 365, 366, 367, 370, 375, 388, 391, 394, 396, 402, 410, 411, 412, 413, 415, 416, 417, 418, 419, 425, 429, 431, 433, 435, 437, 440, 441, 442, 443, 451, 452, 456, 457, 458, 460, 461, 464, 471, 473, 474, 475, 481, 482, 501, 596, 628, 635, 655, 675, 693, 716, 720, 725, 771, 775, 793, 796, 797, 811, 817, 818, 820, 825, 838, 841, 844, 846, 851, 857, 861, 862, 863, 864, 866, 867, 868, 870, 871, 877, 881, 883, 885, 888, 891, 892, 893, 898, 899, 904, 905, 907, 908, 911, 918, 920, 921, 922, 923, 924, 926, 931, 933]",[],[],"[916, 917, 918, 919, 16, 920, 921, 922, 923, 388, 924, 925, 926, 927, 928, 929, 930, 931, 932, 596, 933, 934, 935, 391, 628, 635, 125, 655, 336, 156, 163, 675, 168, 340, 341, 693, 184, 394, 716, 205, 720, 725, 375, 222, 229, 396, 253, 356, 258, 771, 775, 265, 793, 796, 797, 363, 811, 365, 817, 366, 818, 820, 367, 313, 825, 317, 370, 838, 841, 844, 846, 848, 849, 850, 851, 852, 853, 854, 855, 856, 857, 858, 859, 860, 861, 862, 863, 864, 865, 866, 867, 868, 869, 870, 871, 872, 873, 874, 875, 876, 877, 878, 879, 880, 881, 882, 883, 884, 885, 886, 887, 888, 889, 890, 891, 892, 893, 894, 895, 896, 897, 898, 899, 900, 901, 902, 903, 904, 905, 906, 907, 908, 909, 398, 399, 400, 401, 402, 403, 404, 405, 406, 407, 408, 409, 410, 411, 412, 413, 414, 415, 416, 417, 418, 419, 420, 421, 422, 423, 424, 425, 426, 427, 428, 429, 430, 431, 432, 433, 434, 435, 436, 437, 438, 439, 440, 441, 442, 443, 444, 445, 446, 447, 448, 449, 450, 451, 452, 453, 454, 455, 456, 457, 458, 459, 460, 461, 462, 463, 464, 465, 466, 467, 468, 469, 470, 471, 472, 473, 474, 475, 476, 477, 478, 479, 480, 481, 482, 483, 484, 910, 911, 912, 913, 501, 914, 915]",True,"[418, 431, 870, 883]","[398, 399, 400, 401, 402, 403, 404, 405, 406, 407, 408, 409, 410, 411, 412, 413, 414, 415, 416, 417, 418, 419, 420, 421, 422, 423, 424, 425, 426, 427, 428, 429, 430, 431, 432, 433, 434, 435, 436, 437, 438, 439, 440, 441, 442, 443, 444, 445, 446, 447, 448, 449, 450, 451, 452, 453, 454, 455, 456, 457, 458, 459, 460, 461, 462, 463, 464, 465, 466, 467, 468, 469, 470, 471, 472, 473, 474, 475, 476, 477, 478, 479, 480, 481, 482, 483, 484, 848, 849, 850, 851, 852, 853, 854, 855, 856, 857, 858, 859, 860, 861, 862, 863, 864, 865, 866, 867, 868, 869, 870, 871, 872, 873, 874, 875, 876, 877, 878, 879, 880, 881, 882, 883, 884, 885, 886, 887, 888, 889, 890, 891, 892, 893, 894, 895, 896, 897, 898, 899, 900, 901, 902, 903, 904, 905, 906, 907, 908, 909, 910, 911, 912, 913, 914, 915, 916, 917, 918, 919, 920, 921, 922, 923, 924, 925, 926, 927, 928, 929, 930, 931, 932, 933, 934, 935]","[418, 431, 870, 883]","[418, 870]","[16, 125, 156, 163, 168, 184, 205, 222, 229, 253, 258, 265, 313, 317, 336, 340, 341, 356, 363, 365, 366, 367, 370, 375, 388, 391, 394, 396, 402, 410, 411, 412, 413, 415, 416, 417, 418, 419, 425, 429, 431, 433, 435, 437, 440, 441, 442, 443, 451, 452, 456, 457, 458, 460, 461, 464, 471, 473, 474, 475, 481, 482, 501, 596, 628, 635, 655, 675, 693, 716, 720, 725, 771, 775, 793, 796, 797, 811, 817, 818, 820, 825, 838, 841, 844, 846, 851, 857, 861, 862, 863, 864, 866, 867, 868, 870, 871, 877, 881, 883, 885, 888, 891, 892, 893, 898, 899, 904, 905, 907, 908, 911, 918, 920, 921, 922, 923, 924, 926, 931, 933]",[],[],7/6 successful match,True,"[651, 652]",True,136,True,2007,0.06666666666666667,True,Flying J Fuel Stop # 0011105,Flying J
"E Springville , 84663 Flying J Fuel Stop # 0011105",801-489-3622 I-15 Exit 261 ( UT 75 ) <U+00D8>,HRS 24 M,Springville,84663,Flying J Fuel Stop # 0011105,801-489-3622,2008,Springville,UT,Flying J,( UT 75 ) <U+00D8>,I-15 Exit 261 ,Exit,261,False,,False,I-15,,,,,"[418, 870]","[418, 431, 870, 883]","[418, 431, 870, 883]","[418, 870]","[398, 399, 400, 401, 402, 403, 404, 405, 406, 407, 408, 409, 410, 411, 412, 413, 414, 415, 416, 417, 418, 419, 420, 421, 422, 423, 424, 425, 426, 427, 428, 429, 430, 431, 432, 433, 434, 435, 436, 437, 438, 439, 440, 441, 442, 443, 444, 445, 446, 447, 448, 449, 450, 451, 452, 453, 454, 455, 456, 457, 458, 459, 460, 461, 462, 463, 464, 465, 466, 467, 468, 469, 470, 471, 472, 473, 474, 475, 476, 477, 478, 479, 480, 481, 482, 483, 484, 848, 849, 850, 851, 852, 853, 854, 855, 856, 857, 858, 859, 860, 861, 862, 863, 864, 865, 866, 867, 868, 869, 870, 871, 872, 873, 874, 875, 876, 877, 878, 879, 880, 881, 882, 883, 884, 885, 886, 887, 888, 889, 890, 891, 892, 893, 894, 895, 896, 897, 898, 899, 900, 901, 902, 903, 904, 905, 906, 907, 908, 909, 910, 911, 912, 913, 914, 915, 916, 917, 918, 919, 920, 921, 922, 923, 924, 925, 926, 927, 928, 929, 930, 931, 932, 933, 934, 935]","[16, 125, 156, 163, 168, 184, 205, 222, 229, 253, 258, 265, 313, 317, 336, 340, 341, 356, 363, 365, 366, 367, 370, 375, 388, 391, 394, 396, 402, 410, 411, 412, 413, 415, 416, 417, 418, 419, 425, 429, 431, 433, 435, 437, 440, 441, 442, 443, 451, 452, 456, 457, 458, 460, 461, 464, 471, 473, 474, 475, 481, 482, 501, 596, 628, 635, 655, 675, 693, 716, 720, 725, 771, 775, 793, 796, 797, 811, 817, 818, 820, 825, 838, 841, 844, 846, 851, 857, 861, 862, 863, 864, 866, 867, 868, 870, 871, 877, 881, 883, 885, 888, 891, 892, 893, 898, 899, 904, 905, 907, 908, 911, 918, 920, 921, 922, 923, 924, 926, 931, 933]","[17, 18, 19, 20, 21, 22, 23, 156, 157, 158, 159, 160, 161, 162, 163, 164, 165, 166, 167, 341, 342, 343, 344, 345, 412, 413, 414, 415, 416, 417, 418, 419, 420, 421, 422, 502, 503, 504, 505, 506, 507, 628, 629, 630, 631, 632, 633, 634, 635, 636, 637, 638, 639, 792, 797, 798, 799, 800, 801, 863, 864, 865, 866, 867, 868, 869, 870, 871, 872, 873, 874]","[17, 18, 19, 20, 21, 22, 23, 156, 157, 158, 159, 160, 161, 162, 163, 164, 165, 166, 167, 168, 340, 341, 342, 343, 344, 345, 346, 412, 413, 414, 415, 416, 417, 418, 419, 420, 421, 422, 502, 503, 504, 505, 506, 507, 628, 629, 630, 631, 632, 633, 634, 635, 636, 637, 638, 639, 792, 796, 797, 798, 799, 800, 801, 863, 864, 865, 866, 867, 868, 869, 870, 871, 872, 873, 874]","[916, 917, 918, 919, 16, 17, 18, 19, 920, 20, 21, 22, 23, 921, 922, 923, 388, 924, 925, 926, 927, 928, 929, 930, 931, 932, 596, 933, 934, 935, 391, 628, 629, 630, 631, 632, 633, 634, 635, 636, 125, 637, 638, 639, 655, 336, 156, 157, 158, 159, 160, 161, 162, 163, 675, 164, 165, 166, 168, 167, 340, 341, 693, 184, 342, 394, 343, 344, 345, 716, 205, 346, 720, 725, 375, 222, 229, 396, 253, 356, 258, 771, 775, 265, 792, 793, 796, 797, 798, 799, 800, 801, 363, 811, 365, 817, 366, 818, 820, 367, 313, 825, 317, 370, 838, 841, 844, 846, 848, 849, 850, 851, 852, 853, 854, 855, 856, 857, 858, 859, 860, 861, 862, 863, 864, 865, 866, 867, 868, 869, 870, 871, 872, 873, 874, 875, 876, 877, 878, 879, 880, 881, 882, 883, 884, 885, 886, 887, 888, 889, 890, 891, 892, 893, 894, 895, 896, 897, 898, 899, 900, 901, 902, 903, 904, 905, 906, 907, 908, 909, 398, 399, 400, 401, 402, 403, 404, 405, 406, 407, 408, 409, 410, 411, 412, 413, 414, 415, 416, 417, 418, 419, 420, 421, 422, 423, 424, 425, 426, 427, 428, 429, 430, 431, 432, 433, 434, 435, 436, 437, 438, 439, 440, 441, 442, 443, 444, 445, 446, 447, 448, 449, 450, 451, 452, 453, 454, 455, 456, 457, 458, 459, 460, 461, 462, 463, 464, 465, 466, 467, 468, 469, 470, 471, 472, 473, 474, 475, 476, 477, 478, 479, 480, 481, 482, 483, 484, 910, 503, 911, 912, 913, 501, 502, 914, 504, 505, 506, 507, 915]",True,"[418, 431, 870, 883]","[398, 399, 400, 401, 402, 403, 404, 405, 406, 407, 408, 409, 410, 411, 412, 413, 414, 415, 416, 417, 418, 419, 420, 421, 422, 423, 424, 425, 426, 427, 428, 429, 430, 431, 432, 433, 434, 435, 436, 437, 438, 439, 440, 441, 442, 443, 444, 445, 446, 447, 448, 449, 450, 451, 452, 453, 454, 455, 456, 457, 458, 459, 460, 461, 462, 463, 464, 465, 466, 467, 468, 469, 470, 471, 472, 473, 474, 475, 476, 477, 478, 479, 480, 481, 482, 483, 484, 848, 849, 850, 851, 852, 853, 854, 855, 856, 857, 858, 859, 860, 861, 862, 863, 864, 865, 866, 867, 868, 869, 870, 871, 872, 873, 874, 875, 876, 877, 878, 879, 880, 881, 882, 883, 884, 885, 886, 887, 888, 889, 890, 891, 892, 893, 894, 895, 896, 897, 898, 899, 900, 901, 902, 903, 904, 905, 906, 907, 908, 909, 910, 911, 912, 913, 914, 915, 916, 917, 918, 919, 920, 921, 922, 923, 924, 925, 926, 927, 928, 929, 930, 931, 932, 933, 934, 935]","[418, 431, 870, 883]","[418, 870]","[16, 125, 156, 163, 168, 184, 205, 222, 229, 253, 258, 265, 313, 317, 336, 340, 341, 356, 363, 365, 366, 367, 370, 375, 388, 391, 394, 396, 402, 410, 411, 412, 413, 415, 416, 417, 418, 419, 425, 429, 431, 433, 435, 437, 440, 441, 442, 443, 451, 452, 456, 457, 458, 460, 461, 464, 471, 473, 474, 475, 481, 482, 501, 596, 628, 635, 655, 675, 693, 716, 720, 725, 771, 775, 793, 796, 797, 811, 817, 818, 820, 825, 838, 841, 844, 846, 851, 857, 861, 862, 863, 864, 866, 867, 868, 870, 871, 877, 881, 883, 885, 888, 891, 892, 893, 898, 899, 904, 905, 907, 908, 911, 918, 920, 921, 922, 923, 924, 926, 931, 933]","[17, 18, 19, 20, 21, 22, 23, 156, 157, 158, 159, 160, 161, 162, 163, 164, 165, 166, 167, 168, 340, 341, 342, 343, 344, 345, 346, 412, 413, 414, 415, 416, 417, 418, 419, 420, 421, 422, 502, 503, 504, 505, 506, 507, 628, 629, 630, 631, 632, 633, 634, 635, 636, 637, 638, 639, 792, 796, 797, 798, 799, 800, 801, 863, 864, 865, 866, 867, 868, 869, 870, 871, 872, 873, 874]","[17, 18, 19, 20, 21, 22, 23, 156, 157, 158, 159, 160, 161, 162, 163, 164, 165, 166, 167, 341, 342, 343, 344, 345, 412, 413, 414, 415, 416, 417, 418, 419, 420, 421, 422, 502, 503, 504, 505, 506, 507, 628, 629, 630, 631, 632, 633, 634, 635, 636, 637, 638, 639, 792, 797, 798, 799, 800, 801, 863, 864, 865, 866, 867, 868, 869, 870, 871, 872, 873, 874]",7/6 successful match,True,"[651, 652]",True,136,True,2008,0.06666666666666667,True,05,
E Springville ( 84663 ) Flying J Fuel Stop # 747,4 801-489-3622 I-15 Exit 261 ( UT 75 ),24 24,Springville,84663,Flying J Fuel Stop # 747,801-489-3622,2014,Springville,UT,Flying J,( UT 75 ),I-15 Exit 261 ,Exit,261,False,,False,I-15,,,,,"[418, 870]","[418, 431, 870, 883]","[418, 431, 870, 883]","[418, 870]","[398, 399, 400, 401, 402, 403, 404, 405, 406, 407, 408, 409, 410, 411, 412, 413, 414, 415, 416, 417, 418, 419, 420, 421, 422, 423, 424, 425, 426, 427, 428, 429, 430, 431, 432, 433, 434, 435, 436, 437, 438, 439, 440, 441, 442, 443, 444, 445, 446, 447, 448, 449, 450, 451, 452, 453, 454, 455, 456, 457, 458, 459, 460, 461, 462, 463, 464, 465, 466, 467, 468, 469, 470, 471, 472, 473, 474, 475, 476, 477, 478, 479, 480, 481, 482, 483, 484, 848, 849, 850, 851, 852, 853, 854, 855, 856, 857, 858, 859, 860, 861, 862, 863, 864, 865, 866, 867, 868, 869, 870, 871, 872, 873, 874, 875, 876, 877, 878, 879, 880, 881, 882, 883, 884, 885, 886, 887, 888, 889, 890, 891, 892, 893, 894, 895, 896, 897, 898, 899, 900, 901, 902, 903, 904, 905, 906, 907, 908, 909, 910, 911, 912, 913, 914, 915, 916, 917, 918, 919, 920, 921, 922, 923, 924, 925, 926, 927, 928, 929, 930, 931, 932, 933, 934, 935]","[16, 125, 156, 163, 168, 184, 205, 222, 229, 253, 258, 265, 313, 317, 336, 340, 341, 356, 363, 365, 366, 367, 370, 375, 388, 391, 394, 396, 402, 410, 411, 412, 413, 415, 416, 417, 418, 419, 425, 429, 431, 433, 435, 437, 440, 441, 442, 443, 451, 452, 456, 457, 458, 460, 461, 464, 471, 473, 474, 475, 481, 482, 501, 596, 628, 635, 655, 675, 693, 716, 720, 725, 771, 775, 793, 796, 797, 811, 817, 818, 820, 825, 838, 841, 844, 846, 851, 857, 861, 862, 863, 864, 866, 867, 868, 870, 871, 877, 881, 883, 885, 888, 891, 892, 893, 898, 899, 904, 905, 907, 908, 911, 918, 920, 921, 922, 923, 924, 926, 931, 933]","[17, 18, 19, 20, 21, 22, 23, 156, 157, 158, 159, 160, 161, 162, 163, 164, 165, 166, 167, 341, 342, 343, 344, 345, 412, 413, 414, 415, 416, 417, 418, 419, 420, 421, 422, 502, 503, 504, 505, 506, 507, 628, 629, 630, 631, 632, 633, 634, 635, 636, 637, 638, 639, 792, 797, 798, 799, 800, 801, 863, 864, 865, 866, 867, 868, 869, 870, 871, 872, 873, 874]","[17, 18, 19, 20, 21, 22, 23, 156, 157, 158, 159, 160, 161, 162, 163, 164, 165, 166, 167, 168, 340, 341, 342, 343, 344, 345, 346, 412, 413, 414, 415, 416, 417, 418, 419, 420, 421, 422, 448, 502, 503, 504, 505, 506, 507, 628, 629, 630, 631, 632, 633, 634, 635, 636, 637, 638, 639, 792, 796, 797, 798, 799, 800, 801, 863, 864, 865, 866, 867, 868, 869, 870, 871, 872, 873, 874]","[916, 917, 918, 919, 16, 17, 18, 19, 920, 20, 21, 22, 23, 921, 922, 923, 388, 924, 925, 926, 927, 928, 929, 930, 931, 932, 596, 933, 934, 935, 391, 628, 629, 630, 631, 632, 633, 634, 635, 636, 125, 637, 638, 639, 655, 336, 156, 157, 158, 159, 160, 161, 162, 163, 675, 164, 165, 166, 168, 167, 340, 341, 693, 184, 342, 394, 343, 344, 345, 716, 205, 346, 720, 725, 375, 222, 229, 396, 253, 356, 258, 771, 775, 265, 792, 793, 796, 797, 798, 799, 800, 801, 363, 811, 365, 817, 366, 818, 820, 367, 313, 825, 317, 370, 838, 841, 844, 846, 848, 849, 850, 851, 852, 853, 854, 855, 856, 857, 858, 859, 860, 861, 862, 863, 864, 865, 866, 867, 868, 869, 870, 871, 872, 873, 874, 875, 876, 877, 878, 879, 880, 881, 882, 883, 884, 885, 886, 887, 888, 889, 890, 891, 892, 893, 894, 895, 896, 897, 898, 899, 900, 901, 902, 903, 904, 905, 906, 907, 908, 909, 398, 399, 400, 401, 402, 403, 404, 405, 406, 407, 408, 409, 410, 411, 412, 413, 414, 415, 416, 417, 418, 419, 420, 421, 422, 423, 424, 425, 426, 427, 428, 429, 430, 431, 432, 433, 434, 435, 436, 437, 438, 439, 440, 441, 442, 443, 444, 445, 446, 447, 448, 449, 450, 451, 452, 453, 454, 455, 456, 457, 458, 459, 460, 461, 462, 463, 464, 465, 466, 467, 468, 469, 470, 471, 472, 473, 474, 475, 476, 477, 478, 479, 480, 481, 482, 483, 484, 910, 503, 911, 912, 913, 501, 502, 914, 504, 505, 506, 507, 915]",True,"[418, 431, 870, 883]","[398, 399, 400, 401, 402, 403, 404, 405, 406, 407, 408, 409, 410, 411, 412, 413, 414, 415, 416, 417, 418, 419, 420, 421, 422, 423, 424, 425, 426, 427, 428, 429, 430, 431, 432, 433, 434, 435, 436, 437, 438, 439, 440, 441, 442, 443, 444, 445, 446, 447, 448, 449, 450, 451, 452, 453, 454, 455, 456, 457, 458, 459, 460, 461, 462, 463, 464, 465, 466, 467, 468, 469, 470, 471, 472, 473, 474, 475, 476, 477, 478, 479, 480, 481, 482, 483, 484, 848, 849, 850, 851, 852, 853, 854, 855, 856, 857, 858, 859, 860, 861, 862, 863, 864, 865, 866, 867, 868, 869, 870, 871, 872, 873, 874, 875, 876, 877, 878, 879, 880, 881, 882, 883, 884, 885, 886, 887, 888, 889, 890, 891, 892, 893, 894, 895, 896, 897, 898, 899, 900, 901, 902, 903, 904, 905, 906, 907, 908, 909, 910, 911, 912, 913, 914, 915, 916, 917, 918, 919, 920, 921, 922, 923, 924, 925, 926, 927, 928, 929, 930, 931, 932, 933, 934, 935]","[418, 431, 870, 883]","[418, 870]","[16, 125, 156, 163, 168, 184, 205, 222, 229, 253, 258, 265, 313, 317, 336, 340, 341, 356, 363, 365, 366, 367, 370, 375, 388, 391, 394, 396, 402, 410, 411, 412, 413, 415, 416, 417, 418, 419, 425, 429, 431, 433, 435, 437, 440, 441, 442, 443, 451, 452, 456, 457, 458, 460, 461, 464, 471, 473, 474, 475, 481, 482, 501, 596, 628, 635, 655, 675, 693, 716, 720, 725, 771, 775, 793, 796, 797, 811, 817, 818, 820, 825, 838, 841, 844, 846, 851, 857, 861, 862, 863, 864, 866, 867, 868, 870, 871, 877, 881, 883, 885, 888, 891, 892, 893, 898, 899, 904, 905, 907, 908, 911, 918, 920, 921, 922, 923, 924, 926, 931, 933]","[17, 18, 19, 20, 21, 22, 23, 156, 157, 158, 159, 160, 161, 162, 163, 164, 165, 166, 167, 168, 340, 341, 342, 343, 344, 345, 346, 412, 413, 414, 415, 416, 417, 418, 419, 420, 421, 422, 448, 502, 503, 504, 505, 506, 507, 628, 629, 630, 631, 632, 633, 634, 635, 636, 637, 638, 639, 792, 796, 797, 798, 799, 800, 801, 863, 864, 865, 866, 867, 868, 869, 870, 871, 872, 873, 874]","[17, 18, 19, 20, 21, 22, 23, 156, 157, 158, 159, 160, 161, 162, 163, 164, 165, 166, 167, 341, 342, 343, 344, 345, 412, 413, 414, 415, 416, 417, 418, 419, 420, 421, 422, 502, 503, 504, 505, 506, 507, 628, 629, 630, 631, 632, 633, 634, 635, 636, 637, 638, 639, 792, 797, 798, 799, 800, 801, 863, 864, 865, 866, 867, 868, 869, 870, 871, 872, 873, 874]",7/6 successful match,True,"[651, 652]",True,136,False,,0.5756410256410256,True,Flying J Fuel Stop # 0011105,Flying J
E Springville ( 84663 ) Flying J Fuel Stop # 747,4 801-489-3622 I-15 Exit 261 ( UT 75 ) FLYING,FLYING J DOMO 24 HORS O,Springville,84663,Flying J Fuel Stop # 747,801-489-3622,2015,Springville,UT,Flying J,( UT 75 ) FLYING,I-15 Exit 261 ,Exit,261,False,,False,I-15,,,,,"[418, 870]","[418, 431, 870, 883]","[418, 431, 870, 883]","[418, 870]","[398, 399, 400, 401, 402, 403, 404, 405, 406, 407, 408, 409, 410, 411, 412, 413, 414, 415, 416, 417, 418, 419, 420, 421, 422, 423, 424, 425, 426, 427, 428, 429, 430, 431, 432, 433, 434, 435, 436, 437, 438, 439, 440, 441, 442, 443, 444, 445, 446, 447, 448, 449, 450, 451, 452, 453, 454, 455, 456, 457, 458, 459, 460, 461, 462, 463, 464, 465, 466, 467, 468, 469, 470, 471, 472, 473, 474, 475, 476, 477, 478, 479, 480, 481, 482, 483, 484, 848, 849, 850, 851, 852, 853, 854, 855, 856, 857, 858, 859, 860, 861, 862, 863, 864, 865, 866, 867, 868, 869, 870, 871, 872, 873, 874, 875, 876, 877, 878, 879, 880, 881, 882, 883, 884, 885, 886, 887, 888, 889, 890, 891, 892, 893, 894, 895, 896, 897, 898, 899, 900, 901, 902, 903, 904, 905, 906, 907, 908, 909, 910, 911, 912, 913, 914, 915, 916, 917, 918, 919, 920, 921, 922, 923, 924, 925, 926, 927, 928, 929, 930, 931, 932, 933, 934, 935]","[16, 125, 156, 163, 168, 184, 205, 222, 229, 253, 258, 265, 313, 317, 336, 340, 341, 356, 363, 365, 366, 367, 370, 375, 388, 391, 394, 396, 402, 410, 411, 412, 413, 415, 416, 417, 418, 419, 425, 429, 431, 433, 435, 437, 440, 441, 442, 443, 451, 452, 456, 457, 458, 460, 461, 464, 471, 473, 474, 475, 481, 482, 501, 596, 628, 635, 655, 675, 693, 716, 720, 725, 771, 775, 793, 796, 797, 811, 817, 818, 820, 825, 838, 841, 844, 846, 851, 857, 861, 862, 863, 864, 866, 867, 868, 870, 871, 877, 881, 883, 885, 888, 891, 892, 893, 898, 899, 904, 905, 907, 908, 911, 918, 920, 921, 922, 923, 924, 926, 931, 933]","[17, 18, 19, 20, 21, 22, 23, 156, 157, 158, 159, 160, 161, 162, 163, 164, 165, 166, 167, 341, 342, 343, 344, 345, 412, 413, 414, 415, 416, 417, 418, 419, 420, 421, 422, 502, 503, 504, 505, 506, 507, 628, 629, 630, 631, 632, 633, 634, 635, 636, 637, 638, 639, 792, 797, 798, 799, 800, 801, 863, 864, 865, 866, 867, 868, 869, 870, 871, 872, 873, 874]","[17, 18, 19, 20, 21, 22, 23, 156, 157, 158, 159, 160, 161, 162, 163, 164, 165, 166, 167, 168, 340, 341, 342, 343, 344, 345, 346, 412, 413, 414, 415, 416, 417, 418, 419, 420, 421, 422, 448, 502, 503, 504, 505, 506, 507, 628, 629, 630, 631, 632, 633, 634, 635, 636, 637, 638, 639, 792, 796, 797, 798, 799, 800, 801, 863, 864, 865, 866, 867, 868, 869, 870, 871, 872, 873, 874]","[916, 917, 918, 919, 16, 17, 18, 19, 920, 20, 21, 22, 23, 921, 922, 923, 388, 924, 925, 926, 927, 928, 929, 930, 931, 932, 596, 933, 934, 935, 391, 628, 629, 630, 631, 632, 633, 634, 635, 636, 125, 637, 638, 639, 655, 336, 156, 157, 158, 159, 160, 161, 162, 163, 675, 164, 165, 166, 168, 167, 340, 341, 693, 184, 342, 394, 343, 344, 345, 716, 205, 346, 720, 725, 375, 222, 229, 396, 253, 356, 258, 771, 775, 265, 792, 793, 796, 797, 798, 799, 800, 801, 363, 811, 365, 817, 366, 818, 820, 367, 313, 825, 317, 370, 838, 841, 844, 846, 848, 849, 850, 851, 852, 853, 854, 855, 856, 857, 858, 859, 860, 861, 862, 863, 864, 865, 866, 867, 868, 869, 870, 871, 872, 873, 874, 875, 876, 877, 878, 879, 880, 881, 882, 883, 884, 885, 886, 887, 888, 889, 890, 891, 892, 893, 894, 895, 896, 897, 898, 899, 900, 901, 902, 903, 904, 905, 906, 907, 908, 909, 398, 399, 400, 401, 402, 403, 404, 405, 406, 407, 408, 409, 410, 411, 412, 413, 414, 415, 416, 417, 418, 419, 420, 421, 422, 423, 424, 425, 426, 427, 428, 429, 430, 431, 432, 433, 434, 435, 436, 437, 438, 439, 440, 441, 442, 443, 444, 445, 446, 447, 448, 449, 450, 451, 452, 453, 454, 455, 456, 457, 458, 459, 460, 461, 462, 463, 464, 465, 466, 467, 468, 469, 470, 471, 472, 473, 474, 475, 476, 477, 478, 479, 480, 481, 482, 483, 484, 910, 503, 911, 912, 913, 501, 502, 914, 504, 505, 506, 507, 915]",True,"[418, 431, 870, 883]","[398, 399, 400, 401, 402, 403, 404, 405, 406, 407, 408, 409, 410, 411, 412, 413, 414, 415, 416, 417, 418, 419, 420, 421, 422, 423, 424, 425, 426, 427, 428, 429, 430, 431, 432, 433, 434, 435, 436, 437, 438, 439, 440, 441, 442, 443, 444, 445, 446, 447, 448, 449, 450, 451, 452, 453, 454, 455, 456, 457, 458, 459, 460, 461, 462, 463, 464, 465, 466, 467, 468, 469, 470, 471, 472, 473, 474, 475, 476, 477, 478, 479, 480, 481, 482, 483, 484, 848, 849, 850, 851, 852, 853, 854, 855, 856, 857, 858, 859, 860, 861, 862, 863, 864, 865, 866, 867, 868, 869, 870, 871, 872, 873, 874, 875, 876, 877, 878, 879, 880, 881, 882, 883, 884, 885, 886, 887, 888, 889, 890, 891, 892, 893, 894, 895, 896, 897, 898, 899, 900, 901, 902, 903, 904, 905, 906, 907, 908, 909, 910, 911, 912, 913, 914, 915, 916, 917, 918, 919, 920, 921, 922, 923, 924, 925, 926, 927, 928, 929, 930, 931, 932, 933, 934, 935]","[418, 431, 870, 883]","[418, 870]","[16, 125, 156, 163, 168, 184, 205, 222, 229, 253, 258, 265, 313, 317, 336, 340, 341, 356, 363, 365, 366, 367, 370, 375, 388, 391, 394, 396, 402, 410, 411, 412, 413, 415, 416, 417, 418, 419, 425, 429, 431, 433, 435, 437, 440, 441, 442, 443, 451, 452, 456, 457, 458, 460, 461, 464, 471, 473, 474, 475, 481, 482, 501, 596, 628, 635, 655, 675, 693, 716, 720, 725, 771, 775, 793, 796, 797, 811, 817, 818, 820, 825, 838, 841, 844, 846, 851, 857, 861, 862, 863, 864, 866, 867, 868, 870, 871, 877, 881, 883, 885, 888, 891, 892, 893, 898, 899, 904, 905, 907, 908, 911, 918, 920, 921, 922, 923, 924, 926, 931, 933]","[17, 18, 19, 20, 21, 22, 23, 156, 157, 158, 159, 160, 161, 162, 163, 164, 165, 166, 167, 168, 340, 341, 342, 343, 344, 345, 346, 412, 413, 414, 415, 416, 417, 418, 419, 420, 421, 422, 448, 502, 503, 504, 505, 506, 507, 628, 629, 630, 631, 632, 633, 634, 635, 636, 637, 638, 639, 792, 796, 797, 798, 799, 800, 801, 863, 864, 865, 866, 867, 868, 869, 870, 871, 872, 873, 874]","[17, 18, 19, 20, 21, 22, 23, 156, 157, 158, 159, 160, 161, 162, 163, 164, 165, 166, 167, 341, 342, 343, 344, 345, 412, 413, 414, 415, 416, 417, 418, 419, 420, 421, 422, 502, 503, 504, 505, 506, 507, 628, 629, 630, 631, 632, 633, 634, 635, 636, 637, 638, 639, 792, 797, 798, 799, 800, 801, 863, 864, 865, 866, 867, 868, 869, 870, 871, 872, 873, 874]",7/6 successful match,True,"[651, 652]",True,136,False,,1.0,True,Flying J Fuel Stop # 747,Flying J
E Springville ( 84663 ) Flying J Fuel Stop # 747,4 801-489-3622 I-15 Exit 261 ( UT 75 ) FLYING,FLYING J MO 24,Springville,84663,Flying J Fuel Stop # 747,801-489-3622,2016,Springville,UT,Flying J,( UT 75 ) FLYING,I-15 Exit 261 ,Exit,261,False,,False,I-15,,,,,"[418, 870]","[418, 431, 870, 883]","[418, 431, 870, 883]","[418, 870]","[398, 399, 400, 401, 402, 403, 404, 405, 406, 407, 408, 409, 410, 411, 412, 413, 414, 415, 416, 417, 418, 419, 420, 421, 422, 423, 424, 425, 426, 427, 428, 429, 430, 431, 432, 433, 434, 435, 436, 437, 438, 439, 440, 441, 442, 443, 444, 445, 446, 447, 448, 449, 450, 451, 452, 453, 454, 455, 456, 457, 458, 459, 460, 461, 462, 463, 464, 465, 466, 467, 468, 469, 470, 471, 472, 473, 474, 475, 476, 477, 478, 479, 480, 481, 482, 483, 484, 848, 849, 850, 851, 852, 853, 854, 855, 856, 857, 858, 859, 860, 861, 862, 863, 864, 865, 866, 867, 868, 869, 870, 871, 872, 873, 874, 875, 876, 877, 878, 879, 880, 881, 882, 883, 884, 885, 886, 887, 888, 889, 890, 891, 892, 893, 894, 895, 896, 897, 898, 899, 900, 901, 902, 903, 904, 905, 906, 907, 908, 909, 910, 911, 912, 913, 914, 915, 916, 917, 918, 919, 920, 921, 922, 923, 924, 925, 926, 927, 928, 929, 930, 931, 932, 933, 934, 935]","[16, 125, 156, 163, 168, 184, 205, 222, 229, 253, 258, 265, 313, 317, 336, 340, 341, 356, 363, 365, 366, 367, 370, 375, 388, 391, 394, 396, 402, 410, 411, 412, 413, 415, 416, 417, 418, 419, 425, 429, 431, 433, 435, 437, 440, 441, 442, 443, 451, 452, 456, 457, 458, 460, 461, 464, 471, 473, 474, 475, 481, 482, 501, 596, 628, 635, 655, 675, 693, 716, 720, 725, 771, 775, 793, 796, 797, 811, 817, 818, 820, 825, 838, 841, 844, 846, 851, 857, 861, 862, 863, 864, 866, 867, 868, 870, 871, 877, 881, 883, 885, 888, 891, 892, 893, 898, 899, 904, 905, 907, 908, 911, 918, 920, 921, 922, 923, 924, 926, 931, 933]","[17, 18, 19, 20, 21, 22, 23, 156, 157, 158, 159, 160, 161, 162, 163, 164, 165, 166, 167, 341, 342, 343, 344, 345, 412, 413, 414, 415, 416, 417, 418, 419, 420, 421, 422, 502, 503, 504, 505, 506, 507, 628, 629, 630, 631, 632, 633, 634, 635, 636, 637, 638, 639, 792, 797, 798, 799, 800, 801, 863, 864, 865, 866, 867, 868, 869, 870, 871, 872, 873, 874]","[17, 18, 19, 20, 21, 22, 23, 156, 157, 158, 159, 160, 161, 162, 163, 164, 165, 166, 167, 168, 340, 341, 342, 343, 344, 345, 346, 412, 413, 414, 415, 416, 417, 418, 419, 420, 421, 422, 448, 502, 503, 504, 505, 506, 507, 628, 629, 630, 631, 632, 633, 634, 635, 636, 637, 638, 639, 792, 796, 797, 798, 799, 800, 801, 863, 864, 865, 866, 867, 868, 869, 870, 871, 872, 873, 874]","[916, 917, 918, 919, 16, 17, 18, 19, 920, 20, 21, 22, 23, 921, 922, 923, 388, 924, 925, 926, 927, 928, 929, 930, 931, 932, 596, 933, 934, 935, 391, 628, 629, 630, 631, 632, 633, 634, 635, 636, 125, 637, 638, 639, 655, 336, 156, 157, 158, 159, 160, 161, 162, 163, 675, 164, 165, 166, 168, 167, 340, 341, 693, 184, 342, 394, 343, 344, 345, 716, 205, 346, 720, 725, 375, 222, 229, 396, 253, 356, 258, 771, 775, 265, 792, 793, 796, 797, 798, 799, 800, 801, 363, 811, 365, 817, 366, 818, 820, 367, 313, 825, 317, 370, 838, 841, 844, 846, 848, 849, 850, 851, 852, 853, 854, 855, 856, 857, 858, 859, 860, 861, 862, 863, 864, 865, 866, 867, 868, 869, 870, 871, 872, 873, 874, 875, 876, 877, 878, 879, 880, 881, 882, 883, 884, 885, 886, 887, 888, 889, 890, 891, 892, 893, 894, 895, 896, 897, 898, 899, 900, 901, 902, 903, 904, 905, 906, 907, 908, 909, 398, 399, 400, 401, 402, 403, 404, 405, 406, 407, 408, 409, 410, 411, 412, 413, 414, 415, 416, 417, 418, 419, 420, 421, 422, 423, 424, 425, 426, 427, 428, 429, 430, 431, 432, 433, 434, 435, 436, 437, 438, 439, 440, 441, 442, 443, 444, 445, 446, 447, 448, 449, 450, 451, 452, 453, 454, 455, 456, 457, 458, 459, 460, 461, 462, 463, 464, 465, 466, 467, 468, 469, 470, 471, 472, 473, 474, 475, 476, 477, 478, 479, 480, 481, 482, 483, 484, 910, 503, 911, 912, 913, 501, 502, 914, 504, 505, 506, 507, 915]",True,"[418, 431, 870, 883]","[398, 399, 400, 401, 402, 403, 404, 405, 406, 407, 408, 409, 410, 411, 412, 413, 414, 415, 416, 417, 418, 419, 420, 421, 422, 423, 424, 425, 426, 427, 428, 429, 430, 431, 432, 433, 434, 435, 436, 437, 438, 439, 440, 441, 442, 443, 444, 445, 446, 447, 448, 449, 450, 451, 452, 453, 454, 455, 456, 457, 458, 459, 460, 461, 462, 463, 464, 465, 466, 467, 468, 469, 470, 471, 472, 473, 474, 475, 476, 477, 478, 479, 480, 481, 482, 483, 484, 848, 849, 850, 851, 852, 853, 854, 855, 856, 857, 858, 859, 860, 861, 862, 863, 864, 865, 866, 867, 868, 869, 870, 871, 872, 873, 874, 875, 876, 877, 878, 879, 880, 881, 882, 883, 884, 885, 886, 887, 888, 889, 890, 891, 892, 893, 894, 895, 896, 897, 898, 899, 900, 901, 902, 903, 904, 905, 906, 907, 908, 909, 910, 911, 912, 913, 914, 915, 916, 917, 918, 919, 920, 921, 922, 923, 924, 925, 926, 927, 928, 929, 930, 931, 932, 933, 934, 935]","[418, 431, 870, 883]","[418, 870]","[16, 125, 156, 163, 168, 184, 205, 222, 229, 253, 258, 265, 313, 317, 336, 340, 341, 356, 363, 365, 366, 367, 370, 375, 388, 391, 394, 396, 402, 410, 411, 412, 413, 415, 416, 417, 418, 419, 425, 429, 431, 433, 435, 437, 440, 441, 442, 443, 451, 452, 456, 457, 458, 460, 461, 464, 471, 473, 474, 475, 481, 482, 501, 596, 628, 635, 655, 675, 693, 716, 720, 725, 771, 775, 793, 796, 797, 811, 817, 818, 820, 825, 838, 841, 844, 846, 851, 857, 861, 862, 863, 864, 866, 867, 868, 870, 871, 877, 881, 883, 885, 888, 891, 892, 893, 898, 899, 904, 905, 907, 908, 911, 918, 920, 921, 922, 923, 924, 926, 931, 933]","[17, 18, 19, 20, 21, 22, 23, 156, 157, 158, 159, 160, 161, 162, 163, 164, 165, 166, 167, 168, 340, 341, 342, 343, 344, 345, 346, 412, 413, 414, 415, 416, 417, 418, 419, 420, 421, 422, 448, 502, 503, 504, 505, 506, 507, 628, 629, 630, 631, 632, 633, 634, 635, 636, 637, 638, 639, 792, 796, 797, 798, 799, 800, 801, 863, 864, 865, 866, 867, 868, 869, 870, 871, 872, 873, 874]","[17, 18, 19, 20, 21, 22, 23, 156, 157, 158, 159, 160, 161, 162, 163, 164, 165, 166, 167, 341, 342, 343, 344, 345, 412, 413, 414, 415, 416, 417, 418, 419, 420, 421, 422, 502, 503, 504, 505, 506, 507, 628, 629, 630, 631, 632, 633, 634, 635, 636, 637, 638, 639, 792, 797, 798, 799, 800, 801, 863, 864, 865, 866, 867, 868, 869, 870, 871, 872, 873, 874]",7/6 successful match,True,"[651, 652]",True,136,False,,1.0,True,Flying J Fuel Stop # 747,Flying J
"Richfield , 84701 Flying J Fuel Stop # 0011186",435-896-5050 I-70 Exit 40 ( UT 120 ) A,489 S M,Richfield,84701,Flying J Fuel Stop # 0011186,435-896-5050,2006,Richfield,UT,Flying J,( UT 120 ) A,I-70 Exit 40 ,Exit,40,False,,False,I-70,,,,,"[873, 421]","[421, 479, 873, 930]","[421, 479, 873, 930]","[421, 423, 459, 465, 479, 873, 875, 906, 912, 930]","[398, 399, 400, 401, 402, 403, 404, 405, 406, 407, 408, 409, 410, 411, 412, 413, 414, 415, 416, 417, 418, 419, 420, 421, 422, 423, 424, 425, 426, 427, 428, 429, 430, 431, 432, 433, 434, 435, 436, 437, 438, 439, 440, 441, 442, 443, 444, 445, 446, 447, 448, 449, 450, 451, 452, 453, 454, 455, 456, 457, 458, 459, 460, 461, 462, 463, 464, 465, 466, 467, 468, 469, 470, 471, 472, 473, 474, 475, 476, 477, 478, 479, 480, 481, 482, 483, 484, 848, 849, 850, 851, 852, 853, 854, 855, 856, 857, 858, 859, 860, 861, 862, 863, 864, 865, 866, 867, 868, 869, 870, 871, 872, 873, 874, 875, 876, 877, 878, 879, 880, 881, 882, 883, 884, 885, 886, 887, 888, 889, 890, 891, 892, 893, 894, 895, 896, 897, 898, 899, 900, 901, 902, 903, 904, 905, 906, 907, 908, 909, 910, 911, 912, 913, 914, 915, 916, 917, 918, 919, 920, 921, 922, 923, 924, 925, 926, 927, 928, 929, 930, 931, 932, 933, 934, 935]","[179, 219, 399, 421, 432, 434, 462, 466, 469, 476, 479, 650, 848, 873, 884, 886, 909, 913, 916, 925, 930]","[17, 18, 19, 20, 21, 22, 23, 156, 157, 158, 159, 160, 161, 162, 163, 164, 165, 166, 167, 341, 342, 343, 344, 345, 412, 413, 414, 415, 416, 417, 418, 419, 420, 421, 422, 502, 503, 504, 505, 506, 507, 628, 629, 630, 631, 632, 633, 634, 635, 636, 637, 638, 639, 792, 797, 798, 799, 800, 801, 863, 864, 865, 866, 867, 868, 869, 870, 871, 872, 873, 874]","[17, 18, 19, 20, 21, 22, 23, 156, 157, 158, 159, 160, 161, 162, 163, 164, 165, 166, 167, 168, 340, 341, 342, 343, 344, 345, 346, 412, 413, 414, 415, 416, 417, 418, 419, 420, 421, 422, 502, 503, 504, 505, 506, 507, 628, 629, 630, 631, 632, 633, 634, 635, 636, 637, 638, 639, 792, 796, 797, 798, 799, 800, 801, 863, 864, 865, 866, 867, 868, 869, 870, 871, 872, 873, 874]","[916, 917, 918, 919, 17, 18, 19, 20, 920, 21, 22, 23, 921, 922, 923, 924, 925, 926, 927, 928, 929, 931, 932, 933, 934, 935, 628, 629, 630, 631, 632, 633, 634, 635, 636, 637, 638, 639, 650, 156, 157, 158, 159, 160, 161, 162, 163, 164, 165, 166, 167, 168, 340, 179, 341, 342, 343, 344, 345, 346, 219, 792, 796, 797, 798, 799, 800, 801, 848, 849, 850, 851, 852, 853, 854, 855, 856, 857, 858, 859, 860, 861, 862, 863, 864, 865, 866, 867, 868, 869, 870, 871, 872, 873, 874, 875, 876, 877, 878, 879, 880, 881, 882, 883, 884, 885, 886, 887, 888, 889, 890, 891, 892, 893, 894, 895, 896, 897, 898, 899, 900, 901, 902, 903, 904, 905, 906, 907, 908, 909, 398, 399, 912, 400, 401, 402, 403, 404, 405, 406, 407, 408, 409, 410, 411, 412, 413, 414, 415, 416, 930, 417, 418, 421, 419, 423, 420, 422, 424, 425, 426, 427, 428, 429, 430, 431, 432, 433, 434, 435, 436, 437, 438, 439, 440, 441, 442, 443, 444, 445, 446, 447, 448, 449, 450, 451, 452, 453, 454, 455, 456, 459, 457, 458, 460, 461, 462, 465, 463, 464, 466, 467, 468, 469, 470, 471, 472, 473, 474, 475, 476, 479, 477, 478, 480, 481, 482, 483, 484, 910, 911, 503, 913, 502, 914, 504, 505, 506, 507, 915]",True,"[421, 479, 873, 930]","[398, 399, 400, 401, 402, 403, 404, 405, 406, 407, 408, 409, 410, 411, 412, 413, 414, 415, 416, 417, 418, 419, 420, 421, 422, 423, 424, 425, 426, 427, 428, 429, 430, 431, 432, 433, 434, 435, 436, 437, 438, 439, 440, 441, 442, 443, 444, 445, 446, 447, 448, 449, 450, 451, 452, 453, 454, 455, 456, 457, 458, 459, 460, 461, 462, 463, 464, 465, 466, 467, 468, 469, 470, 471, 472, 473, 474, 475, 476, 477, 478, 479, 480, 481, 482, 483, 484, 848, 849, 850, 851, 852, 853, 854, 855, 856, 857, 858, 859, 860, 861, 862, 863, 864, 865, 866, 867, 868, 869, 870, 871, 872, 873, 874, 875, 876, 877, 878, 879, 880, 881, 882, 883, 884, 885, 886, 887, 888, 889, 890, 891, 892, 893, 894, 895, 896, 897, 898, 899, 900, 901, 902, 903, 904, 905, 906, 907, 908, 909, 910, 911, 912, 913, 914, 915, 916, 917, 918, 919, 920, 921, 922, 923, 924, 925, 926, 927, 928, 929, 930, 931, 932, 933, 934, 935]","[421, 479, 873, 930]","[421, 423, 459, 465, 479, 873, 875, 906, 912, 930]","[179, 219, 399, 421, 432, 434, 462, 466, 469, 476, 479, 650, 848, 873, 884, 886, 909, 913, 916, 925, 930]","[17, 18, 19, 20, 21, 22, 23, 156, 157, 158, 159, 160, 161, 162, 163, 164, 165, 166, 167, 168, 340, 341, 342, 343, 344, 345, 346, 412, 413, 414, 415, 416, 417, 418, 419, 420, 421, 422, 502, 503, 504, 505, 506, 507, 628, 629, 630, 631, 632, 633, 634, 635, 636, 637, 638, 639, 792, 796, 797, 798, 799, 800, 801, 863, 864, 865, 866, 867, 868, 869, 870, 871, 872, 873, 874]","[17, 18, 19, 20, 21, 22, 23, 156, 157, 158, 159, 160, 161, 162, 163, 164, 165, 166, 167, 341, 342, 343, 344, 345, 412, 413, 414, 415, 416, 417, 418, 419, 420, 421, 422, 502, 503, 504, 505, 506, 507, 628, 629, 630, 631, 632, 633, 634, 635, 636, 637, 638, 639, 792, 797, 798, 799, 800, 801, 863, 864, 865, 866, 867, 868, 869, 870, 871, 872, 873, 874]",7/6 successful match,True,"[565, 566]",True,137,False,,,,,
"Richfield , 84701 Flying J Fuel Stop # 0011186",435-896-5050 I-70 Exit 40 ( UT 120 ) A,A MO,Richfield,84701,Flying J Fuel Stop # 0011186,435-896-5050,2007,Richfield,UT,Flying J,( UT 120 ) A,I-70 Exit 40 ,Exit,40,False,,False,I-70,,,,,"[873, 421]","[421, 479, 873, 930]","[421, 479, 873, 930]","[421, 423, 459, 465, 479, 873, 875, 906, 912, 930]","[398, 399, 400, 401, 402, 403, 404, 405, 406, 407, 408, 409, 410, 411, 412, 413, 414, 415, 416, 417, 418, 419, 420, 421, 422, 423, 424, 425, 426, 427, 428, 429, 430, 431, 432, 433, 434, 435, 436, 437, 438, 439, 440, 441, 442, 443, 444, 445, 446, 447, 448, 449, 450, 451, 452, 453, 454, 455, 456, 457, 458, 459, 460, 461, 462, 463, 464, 465, 466, 467, 468, 469, 470, 471, 472, 473, 474, 475, 476, 477, 478, 479, 480, 481, 482, 483, 484, 848, 849, 850, 851, 852, 853, 854, 855, 856, 857, 858, 859, 860, 861, 862, 863, 864, 865, 866, 867, 868, 869, 870, 871, 872, 873, 874, 875, 876, 877, 878, 879, 880, 881, 882, 883, 884, 885, 886, 887, 888, 889, 890, 891, 892, 893, 894, 895, 896, 897, 898, 899, 900, 901, 902, 903, 904, 905, 906, 907, 908, 909, 910, 911, 912, 913, 914, 915, 916, 917, 918, 919, 920, 921, 922, 923, 924, 925, 926, 927, 928, 929, 930, 931, 932, 933, 934, 935]","[179, 219, 399, 421, 432, 434, 462, 466, 469, 476, 479, 650, 848, 873, 884, 886, 909, 913, 916, 925, 930]","[17, 18, 19, 20, 21, 22, 23, 156, 157, 158, 159, 160, 161, 162, 163, 164, 165, 166, 167, 341, 342, 343, 344, 345, 412, 413, 414, 415, 416, 417, 418, 419, 420, 421, 422, 502, 503, 504, 505, 506, 507, 628, 629, 630, 631, 632, 633, 634, 635, 636, 637, 638, 639, 792, 797, 798, 799, 800, 801, 863, 864, 865, 866, 867, 868, 869, 870, 871, 872, 873, 874]","[17, 18, 19, 20, 21, 22, 23, 156, 157, 158, 159, 160, 161, 162, 163, 164, 165, 166, 167, 168, 340, 341, 342, 343, 344, 345, 346, 412, 413, 414, 415, 416, 417, 418, 419, 420, 421, 422, 502, 503, 504, 505, 506, 507, 628, 629, 630, 631, 632, 633, 634, 635, 636, 637, 638, 639, 792, 796, 797, 798, 799, 800, 801, 863, 864, 865, 866, 867, 868, 869, 870, 871, 872, 873, 874]","[916, 917, 918, 919, 17, 18, 19, 20, 920, 21, 22, 23, 921, 922, 923, 924, 925, 926, 927, 928, 929, 931, 932, 933, 934, 935, 628, 629, 630, 631, 632, 633, 634, 635, 636, 637, 638, 639, 650, 156, 157, 158, 159, 160, 161, 162, 163, 164, 165, 166, 167, 168, 340, 179, 341, 342, 343, 344, 345, 346, 219, 792, 796, 797, 798, 799, 800, 801, 848, 849, 850, 851, 852, 853, 854, 855, 856, 857, 858, 859, 860, 861, 862, 863, 864, 865, 866, 867, 868, 869, 870, 871, 872, 873, 874, 875, 876, 877, 878, 879, 880, 881, 882, 883, 884, 885, 886, 887, 888, 889, 890, 891, 892, 893, 894, 895, 896, 897, 898, 899, 900, 901, 902, 903, 904, 905, 906, 907, 908, 909, 398, 399, 912, 400, 401, 402, 403, 404, 405, 406, 407, 408, 409, 410, 411, 412, 413, 414, 415, 416, 930, 417, 418, 421, 419, 423, 420, 422, 424, 425, 426, 427, 428, 429, 430, 431, 432, 433, 434, 435, 436, 437, 438, 439, 440, 441, 442, 443, 444, 445, 446, 447, 448, 449, 450, 451, 452, 453, 454, 455, 456, 459, 457, 458, 460, 461, 462, 465, 463, 464, 466, 467, 468, 469, 470, 471, 472, 473, 474, 475, 476, 479, 477, 478, 480, 481, 482, 483, 484, 910, 911, 503, 913, 502, 914, 504, 505, 506, 507, 915]",True,"[421, 479, 873, 930]","[398, 399, 400, 401, 402, 403, 404, 405, 406, 407, 408, 409, 410, 411, 412, 413, 414, 415, 416, 417, 418, 419, 420, 421, 422, 423, 424, 425, 426, 427, 428, 429, 430, 431, 432, 433, 434, 435, 436, 437, 438, 439, 440, 441, 442, 443, 444, 445, 446, 447, 448, 449, 450, 451, 452, 453, 454, 455, 456, 457, 458, 459, 460, 461, 462, 463, 464, 465, 466, 467, 468, 469, 470, 471, 472, 473, 474, 475, 476, 477, 478, 479, 480, 481, 482, 483, 484, 848, 849, 850, 851, 852, 853, 854, 855, 856, 857, 858, 859, 860, 861, 862, 863, 864, 865, 866, 867, 868, 869, 870, 871, 872, 873, 874, 875, 876, 877, 878, 879, 880, 881, 882, 883, 884, 885, 886, 887, 888, 889, 890, 891, 892, 893, 894, 895, 896, 897, 898, 899, 900, 901, 902, 903, 904, 905, 906, 907, 908, 909, 910, 911, 912, 913, 914, 915, 916, 917, 918, 919, 920, 921, 922, 923, 924, 925, 926, 927, 928, 929, 930, 931, 932, 933, 934, 935]","[421, 479, 873, 930]","[421, 423, 459, 465, 479, 873, 875, 906, 912, 930]","[179, 219, 399, 421, 432, 434, 462, 466, 469, 476, 479, 650, 848, 873, 884, 886, 909, 913, 916, 925, 930]","[17, 18, 19, 20, 21, 22, 23, 156, 157, 158, 159, 160, 161, 162, 163, 164, 165, 166, 167, 168, 340, 341, 342, 343, 344, 345, 346, 412, 413, 414, 415, 416, 417, 418, 419, 420, 421, 422, 502, 503, 504, 505, 506, 507, 628, 629, 630, 631, 632, 633, 634, 635, 636, 637, 638, 639, 792, 796, 797, 798, 799, 800, 801, 863, 864, 865, 866, 867, 868, 869, 870, 871, 872, 873, 874]","[17, 18, 19, 20, 21, 22, 23, 156, 157, 158, 159, 160, 161, 162, 163, 164, 165, 166, 167, 341, 342, 343, 344, 345, 412, 413, 414, 415, 416, 417, 418, 419, 420, 421, 422, 502, 503, 504, 505, 506, 507, 628, 629, 630, 631, 632, 633, 634, 635, 636, 637, 638, 639, 792, 797, 798, 799, 800, 801, 863, 864, 865, 866, 867, 868, 869, 870, 871, 872, 873, 874]",7/6 successful match,True,"[565, 566]",True,137,False,,1.0,True,Flying J Fuel Stop # 0011186,Flying J
"Richfield , 84701 J Fuel Stop # 0011186 24",3 435-896-5050 Flying I-70 Exit 40 ( UT 120 ),24 M,Richfield,84701,J Fuel Stop # 0011186 24,435-896-5050,2008,Richfield,UT,,( UT 120 ),Flying I-70 Exit 40 ,Exit,40,True,unclear address_standardized_OFF_parenthesis,True,I-70,,,,,"[873, 421]","[421, 479, 873, 930]","[421, 479, 873, 930]","[421, 423, 459, 465, 479, 873, 875, 906, 912, 930]","[398, 399, 400, 401, 402, 403, 404, 405, 406, 407, 408, 409, 410, 411, 412, 413, 414, 415, 416, 417, 418, 419, 420, 421, 422, 423, 424, 425, 426, 427, 428, 429, 430, 431, 432, 433, 434, 435, 436, 437, 438, 439, 440, 441, 442, 443, 444, 445, 446, 447, 448, 449, 450, 451, 452, 453, 454, 455, 456, 457, 458, 459, 460, 461, 462, 463, 464, 465, 466, 467, 468, 469, 470, 471, 472, 473, 474, 475, 476, 477, 478, 479, 480, 481, 482, 483, 484, 848, 849, 850, 851, 852, 853, 854, 855, 856, 857, 858, 859, 860, 861, 862, 863, 864, 865, 866, 867, 868, 869, 870, 871, 872, 873, 874, 875, 876, 877, 878, 879, 880, 881, 882, 883, 884, 885, 886, 887, 888, 889, 890, 891, 892, 893, 894, 895, 896, 897, 898, 899, 900, 901, 902, 903, 904, 905, 906, 907, 908, 909, 910, 911, 912, 913, 914, 915, 916, 917, 918, 919, 920, 921, 922, 923, 924, 925, 926, 927, 928, 929, 930, 931, 932, 933, 934, 935]","[179, 219, 399, 421, 432, 434, 462, 466, 469, 476, 479, 650, 848, 873, 884, 886, 909, 913, 916, 925, 930]",[],"[103, 574]","[916, 917, 918, 919, 920, 921, 922, 923, 924, 925, 926, 927, 928, 574, 929, 931, 932, 933, 934, 935, 103, 650, 179, 219, 848, 849, 850, 851, 852, 853, 854, 855, 856, 857, 858, 859, 860, 861, 862, 863, 864, 865, 866, 867, 868, 869, 870, 871, 872, 873, 874, 875, 876, 877, 878, 879, 880, 881, 882, 883, 884, 885, 886, 887, 888, 889, 890, 891, 892, 893, 894, 895, 896, 897, 898, 899, 900, 901, 902, 903, 904, 905, 906, 907, 908, 909, 398, 399, 912, 400, 401, 402, 403, 404, 405, 406, 407, 408, 409, 410, 411, 412, 413, 414, 415, 416, 930, 417, 418, 421, 419, 423, 420, 422, 424, 425, 426, 427, 428, 429, 430, 431, 432, 433, 434, 435, 436, 437, 438, 439, 440, 441, 442, 443, 444, 445, 446, 447, 448, 449, 450, 451, 452, 453, 454, 455, 456, 459, 457, 458, 460, 461, 462, 465, 463, 464, 466, 467, 468, 469, 470, 471, 472, 473, 474, 475, 476, 479, 477, 478, 480, 481, 482, 483, 484, 910, 911, 913, 914, 915]",True,"[421, 479, 873, 930]","[398, 399, 400, 401, 402, 403, 404, 405, 406, 407, 408, 409, 410, 411, 412, 413, 414, 415, 416, 417, 418, 419, 420, 421, 422, 423, 424, 425, 426, 427, 428, 429, 430, 431, 432, 433, 434, 435, 436, 437, 438, 439, 440, 441, 442, 443, 444, 445, 446, 447, 448, 449, 450, 451, 452, 453, 454, 455, 456, 457, 458, 459, 460, 461, 462, 463, 464, 465, 466, 467, 468, 469, 470, 471, 472, 473, 474, 475, 476, 477, 478, 479, 480, 481, 482, 483, 484, 848, 849, 850, 851, 852, 853, 854, 855, 856, 857, 858, 859, 860, 861, 862, 863, 864, 865, 866, 867, 868, 869, 870, 871, 872, 873, 874, 875, 876, 877, 878, 879, 880, 881, 882, 883, 884, 885, 886, 887, 888, 889, 890, 891, 892, 893, 894, 895, 896, 897, 898, 899, 900, 901, 902, 903, 904, 905, 906, 907, 908, 909, 910, 911, 912, 913, 914, 915, 916, 917, 918, 919, 920, 921, 922, 923, 924, 925, 926, 927, 928, 929, 930, 931, 932, 933, 934, 935]","[421, 479, 873, 930]","[421, 423, 459, 465, 479, 873, 875, 906, 912, 930]","[179, 219, 399, 421, 432, 434, 462, 466, 469, 476, 479, 650, 848, 873, 884, 886, 909, 913, 916, 925, 930]","[103, 574]",[],5/6 successful match,True,"[565, 566]",True,137,False,,0.5756410256410256,True,Flying J Fuel Stop # 0011186,Flying J
Richfield ( 84701 ) Flying J Fuel Stop # 773,435-896-5050 I-70 Exit 40 ( UT 120 ),M,Richfield,84701,Flying J Fuel Stop # 773,435-896-5050,2014,Richfield,UT,Flying J,( UT 120 ),I-70 Exit 40 ,Exit,40,False,,False,I-70,,,,,"[873, 421]","[421, 479, 873, 930]","[421, 479, 873, 930]","[421, 423, 459, 465, 479, 873, 875, 906, 912, 930]","[398, 399, 400, 401, 402, 403, 404, 405, 406, 407, 408, 409, 410, 411, 412, 413, 414, 415, 416, 417, 418, 419, 420, 421, 422, 423, 424, 425, 426, 427, 428, 429, 430, 431, 432, 433, 434, 435, 436, 437, 438, 439, 440, 441, 442, 443, 444, 445, 446, 447, 448, 449, 450, 451, 452, 453, 454, 455, 456, 457, 458, 459, 460, 461, 462, 463, 464, 465, 466, 467, 468, 469, 470, 471, 472, 473, 474, 475, 476, 477, 478, 479, 480, 481, 482, 483, 484, 848, 849, 850, 851, 852, 853, 854, 855, 856, 857, 858, 859, 860, 861, 862, 863, 864, 865, 866, 867, 868, 869, 870, 871, 872, 873, 874, 875, 876, 877, 878, 879, 880, 881, 882, 883, 884, 885, 886, 887, 888, 889, 890, 891, 892, 893, 894, 895, 896, 897, 898, 899, 900, 901, 902, 903, 904, 905, 906, 907, 908, 909, 910, 911, 912, 913, 914, 915, 916, 917, 918, 919, 920, 921, 922, 923, 924, 925, 926, 927, 928, 929, 930, 931, 932, 933, 934, 935]","[179, 219, 399, 421, 432, 434, 462, 466, 469, 476, 479, 650, 848, 873, 884, 886, 909, 913, 916, 925, 930]","[17, 18, 19, 20, 21, 22, 23, 156, 157, 158, 159, 160, 161, 162, 163, 164, 165, 166, 167, 341, 342, 343, 344, 345, 412, 413, 414, 415, 416, 417, 418, 419, 420, 421, 422, 502, 503, 504, 505, 506, 507, 628, 629, 630, 631, 632, 633, 634, 635, 636, 637, 638, 639, 792, 797, 798, 799, 800, 801, 863, 864, 865, 866, 867, 868, 869, 870, 871, 872, 873, 874]","[17, 18, 19, 20, 21, 22, 23, 156, 157, 158, 159, 160, 161, 162, 163, 164, 165, 166, 167, 168, 340, 341, 342, 343, 344, 345, 346, 412, 413, 414, 415, 416, 417, 418, 419, 420, 421, 422, 502, 503, 504, 505, 506, 507, 628, 629, 630, 631, 632, 633, 634, 635, 636, 637, 638, 639, 792, 796, 797, 798, 799, 800, 801, 863, 864, 865, 866, 867, 868, 869, 870, 871, 872, 873, 874]","[916, 917, 918, 919, 17, 18, 19, 20, 920, 21, 22, 23, 921, 922, 923, 924, 925, 926, 927, 928, 929, 931, 932, 933, 934, 935, 628, 629, 630, 631, 632, 633, 634, 635, 636, 637, 638, 639, 650, 156, 157, 158, 159, 160, 161, 162, 163, 164, 165, 166, 167, 168, 340, 179, 341, 342, 343, 344, 345, 346, 219, 792, 796, 797, 798, 799, 800, 801, 848, 849, 850, 851, 852, 853, 854, 855, 856, 857, 858, 859, 860, 861, 862, 863, 864, 865, 866, 867, 868, 869, 870, 871, 872, 873, 874, 875, 876, 877, 878, 879, 880, 881, 882, 883, 884, 885, 886, 887, 888, 889, 890, 891, 892, 893, 894, 895, 896, 897, 898, 899, 900, 901, 902, 903, 904, 905, 906, 907, 908, 909, 398, 399, 912, 400, 401, 402, 403, 404, 405, 406, 407, 408, 409, 410, 411, 412, 413, 414, 415, 416, 930, 417, 418, 421, 419, 423, 420, 422, 424, 425, 426, 427, 428, 429, 430, 431, 432, 433, 434, 435, 436, 437, 438, 439, 440, 441, 442, 443, 444, 445, 446, 447, 448, 449, 450, 451, 452, 453, 454, 455, 456, 459, 457, 458, 460, 461, 462, 465, 463, 464, 466, 467, 468, 469, 470, 471, 472, 473, 474, 475, 476, 479, 477, 478, 480, 481, 482, 483, 484, 910, 911, 503, 913, 502, 914, 504, 505, 506, 507, 915]",True,"[421, 479, 873, 930]","[398, 399, 400, 401, 402, 403, 404, 405, 406, 407, 408, 409, 410, 411, 412, 413, 414, 415, 416, 417, 418, 419, 420, 421, 422, 423, 424, 425, 426, 427, 428, 429, 430, 431, 432, 433, 434, 435, 436, 437, 438, 439, 440, 441, 442, 443, 444, 445, 446, 447, 448, 449, 450, 451, 452, 453, 454, 455, 456, 457, 458, 459, 460, 461, 462, 463, 464, 465, 466, 467, 468, 469, 470, 471, 472, 473, 474, 475, 476, 477, 478, 479, 480, 481, 482, 483, 484, 848, 849, 850, 851, 852, 853, 854, 855, 856, 857, 858, 859, 860, 861, 862, 863, 864, 865, 866, 867, 868, 869, 870, 871, 872, 873, 874, 875, 876, 877, 878, 879, 880, 881, 882, 883, 884, 885, 886, 887, 888, 889, 890, 891, 892, 893, 894, 895, 896, 897, 898, 899, 900, 901, 902, 903, 904, 905, 906, 907, 908, 909, 910, 911, 912, 913, 914, 915, 916, 917, 918, 919, 920, 921, 922, 923, 924, 925, 926, 927, 928, 929, 930, 931, 932, 933, 934, 935]","[421, 479, 873, 930]","[421, 423, 459, 465, 479, 873, 875, 906, 912, 930]","[179, 219, 399, 421, 432, 434, 462, 466, 469, 476, 479, 650, 848, 873, 884, 886, 909, 913, 916, 925, 930]","[17, 18, 19, 20, 21, 22, 23, 156, 157, 158, 159, 160, 161, 162, 163, 164, 165, 166, 167, 168, 340, 341, 342, 343, 344, 345, 346, 412, 413, 414, 415, 416, 417, 418, 419, 420, 421, 422, 502, 503, 504, 505, 506, 507, 628, 629, 630, 631, 632, 633, 634, 635, 636, 637, 638, 639, 792, 796, 797, 798, 799, 800, 801, 863, 864, 865, 866, 867, 868, 869, 870, 871, 872, 873, 874]","[17, 18, 19, 20, 21, 22, 23, 156, 157, 158, 159, 160, 161, 162, 163, 164, 165, 166, 167, 341, 342, 343, 344, 345, 412, 413, 414, 415, 416, 417, 418, 419, 420, 421, 422, 502, 503, 504, 505, 506, 507, 628, 629, 630, 631, 632, 633, 634, 635, 636, 637, 638, 639, 792, 797, 798, 799, 800, 801, 863, 864, 865, 866, 867, 868, 869, 870, 871, 872, 873, 874]",7/6 successful match,True,"[565, 566]",True,137,False,,0.2916666666666667,True,J Fuel Stop # 0011186 24,
Richfield ( 84701 ) Flying J Fuel Stop # 773,3 435-896-5050 I-70 Exit 40 ( UT 120 ) FLYING J,FLYING J 24 M,Richfield,84701,Flying J Fuel Stop # 773,435-896-5050,2015,Richfield,UT,Flying J,( UT 120 ) FLYING J,I-70 Exit 40 ,Exit,40,False,,False,I-70,,,,,"[873, 421]","[421, 479, 873, 930]","[421, 479, 873, 930]","[421, 423, 459, 465, 479, 873, 875, 906, 912, 930]","[398, 399, 400, 401, 402, 403, 404, 405, 406, 407, 408, 409, 410, 411, 412, 413, 414, 415, 416, 417, 418, 419, 420, 421, 422, 423, 424, 425, 426, 427, 428, 429, 430, 431, 432, 433, 434, 435, 436, 437, 438, 439, 440, 441, 442, 443, 444, 445, 446, 447, 448, 449, 450, 451, 452, 453, 454, 455, 456, 457, 458, 459, 460, 461, 462, 463, 464, 465, 466, 467, 468, 469, 470, 471, 472, 473, 474, 475, 476, 477, 478, 479, 480, 481, 482, 483, 484, 848, 849, 850, 851, 852, 853, 854, 855, 856, 857, 858, 859, 860, 861, 862, 863, 864, 865, 866, 867, 868, 869, 870, 871, 872, 873, 874, 875, 876, 877, 878, 879, 880, 881, 882, 883, 884, 885, 886, 887, 888, 889, 890, 891, 892, 893, 894, 895, 896, 897, 898, 899, 900, 901, 902, 903, 904, 905, 906, 907, 908, 909, 910, 911, 912, 913, 914, 915, 916, 917, 918, 919, 920, 921, 922, 923, 924, 925, 926, 927, 928, 929, 930, 931, 932, 933, 934, 935]","[179, 219, 399, 421, 432, 434, 462, 466, 469, 476, 479, 650, 848, 873, 884, 886, 909, 913, 916, 925, 930]","[17, 18, 19, 20, 21, 22, 23, 156, 157, 158, 159, 160, 161, 162, 163, 164, 165, 166, 167, 341, 342, 343, 344, 345, 412, 413, 414, 415, 416, 417, 418, 419, 420, 421, 422, 502, 503, 504, 505, 506, 507, 628, 629, 630, 631, 632, 633, 634, 635, 636, 637, 638, 639, 792, 797, 798, 799, 800, 801, 863, 864, 865, 866, 867, 868, 869, 870, 871, 872, 873, 874]","[17, 18, 19, 20, 21, 22, 23, 156, 157, 158, 159, 160, 161, 162, 163, 164, 165, 166, 167, 168, 340, 341, 342, 343, 344, 345, 346, 412, 413, 414, 415, 416, 417, 418, 419, 420, 421, 422, 502, 503, 504, 505, 506, 507, 628, 629, 630, 631, 632, 633, 634, 635, 636, 637, 638, 639, 792, 796, 797, 798, 799, 800, 801, 863, 864, 865, 866, 867, 868, 869, 870, 871, 872, 873, 874]","[916, 917, 918, 919, 17, 18, 19, 20, 920, 21, 22, 23, 921, 922, 923, 924, 925, 926, 927, 928, 929, 931, 932, 933, 934, 935, 628, 629, 630, 631, 632, 633, 634, 635, 636, 637, 638, 639, 650, 156, 157, 158, 159, 160, 161, 162, 163, 164, 165, 166, 167, 168, 340, 179, 341, 342, 343, 344, 345, 346, 219, 792, 796, 797, 798, 799, 800, 801, 848, 849, 850, 851, 852, 853, 854, 855, 856, 857, 858, 859, 860, 861, 862, 863, 864, 865, 866, 867, 868, 869, 870, 871, 872, 873, 874, 875, 876, 877, 878, 879, 880, 881, 882, 883, 884, 885, 886, 887, 888, 889, 890, 891, 892, 893, 894, 895, 896, 897, 898, 899, 900, 901, 902, 903, 904, 905, 906, 907, 908, 909, 398, 399, 912, 400, 401, 402, 403, 404, 405, 406, 407, 408, 409, 410, 411, 412, 413, 414, 415, 416, 930, 417, 418, 421, 419, 423, 420, 422, 424, 425, 426, 427, 428, 429, 430, 431, 432, 433, 434, 435, 436, 437, 438, 439, 440, 441, 442, 443, 444, 445, 446, 447, 448, 449, 450, 451, 452, 453, 454, 455, 456, 459, 457, 458, 460, 461, 462, 465, 463, 464, 466, 467, 468, 469, 470, 471, 472, 473, 474, 475, 476, 479, 477, 478, 480, 481, 482, 483, 484, 910, 911, 503, 913, 502, 914, 504, 505, 506, 507, 915]",True,"[421, 479, 873, 930]","[398, 399, 400, 401, 402, 403, 404, 405, 406, 407, 408, 409, 410, 411, 412, 413, 414, 415, 416, 417, 418, 419, 420, 421, 422, 423, 424, 425, 426, 427, 428, 429, 430, 431, 432, 433, 434, 435, 436, 437, 438, 439, 440, 441, 442, 443, 444, 445, 446, 447, 448, 449, 450, 451, 452, 453, 454, 455, 456, 457, 458, 459, 460, 461, 462, 463, 464, 465, 466, 467, 468, 469, 470, 471, 472, 473, 474, 475, 476, 477, 478, 479, 480, 481, 482, 483, 484, 848, 849, 850, 851, 852, 853, 854, 855, 856, 857, 858, 859, 860, 861, 862, 863, 864, 865, 866, 867, 868, 869, 870, 871, 872, 873, 874, 875, 876, 877, 878, 879, 880, 881, 882, 883, 884, 885, 886, 887, 888, 889, 890, 891, 892, 893, 894, 895, 896, 897, 898, 899, 900, 901, 902, 903, 904, 905, 906, 907, 908, 909, 910, 911, 912, 913, 914, 915, 916, 917, 918, 919, 920, 921, 922, 923, 924, 925, 926, 927, 928, 929, 930, 931, 932, 933, 934, 935]","[421, 479, 873, 930]","[421, 423, 459, 465, 479, 873, 875, 906, 912, 930]","[179, 219, 399, 421, 432, 434, 462, 466, 469, 476, 479, 650, 848, 873, 884, 886, 909, 913, 916, 925, 930]","[17, 18, 19, 20, 21, 22, 23, 156, 157, 158, 159, 160, 161, 162, 163, 164, 165, 166, 167, 168, 340, 341, 342, 343, 344, 345, 346, 412, 413, 414, 415, 416, 417, 418, 419, 420, 421, 422, 502, 503, 504, 505, 506, 507, 628, 629, 630, 631, 632, 633, 634, 635, 636, 637, 638, 639, 792, 796, 797, 798, 799, 800, 801, 863, 864, 865, 866, 867, 868, 869, 870, 871, 872, 873, 874]","[17, 18, 19, 20, 21, 22, 23, 156, 157, 158, 159, 160, 161, 162, 163, 164, 165, 166, 167, 341, 342, 343, 344, 345, 412, 413, 414, 415, 416, 417, 418, 419, 420, 421, 422, 502, 503, 504, 505, 506, 507, 628, 629, 630, 631, 632, 633, 634, 635, 636, 637, 638, 639, 792, 797, 798, 799, 800, 801, 863, 864, 865, 866, 867, 868, 869, 870, 871, 872, 873, 874]",7/6 successful match,True,"[565, 566]",True,137,False,,1.0,True,Flying J Fuel Stop # 773,Flying J
Richfield ( 84701 ) Flying J Fuel Stop # 773,435-896-5050 I-70 Exit 40 ( UT 120 ),FLYING J 24 O 024,Richfield,84701,Flying J Fuel Stop # 773,435-896-5050,2016,Richfield,UT,Flying J,( UT 120 ),I-70 Exit 40 ,Exit,40,False,,False,I-70,,,,,"[873, 421]","[421, 479, 873, 930]","[421, 479, 873, 930]","[421, 423, 459, 465, 479, 873, 875, 906, 912, 930]","[398, 399, 400, 401, 402, 403, 404, 405, 406, 407, 408, 409, 410, 411, 412, 413, 414, 415, 416, 417, 418, 419, 420, 421, 422, 423, 424, 425, 426, 427, 428, 429, 430, 431, 432, 433, 434, 435, 436, 437, 438, 439, 440, 441, 442, 443, 444, 445, 446, 447, 448, 449, 450, 451, 452, 453, 454, 455, 456, 457, 458, 459, 460, 461, 462, 463, 464, 465, 466, 467, 468, 469, 470, 471, 472, 473, 474, 475, 476, 477, 478, 479, 480, 481, 482, 483, 484, 848, 849, 850, 851, 852, 853, 854, 855, 856, 857, 858, 859, 860, 861, 862, 863, 864, 865, 866, 867, 868, 869, 870, 871, 872, 873, 874, 875, 876, 877, 878, 879, 880, 881, 882, 883, 884, 885, 886, 887, 888, 889, 890, 891, 892, 893, 894, 895, 896, 897, 898, 899, 900, 901, 902, 903, 904, 905, 906, 907, 908, 909, 910, 911, 912, 913, 914, 915, 916, 917, 918, 919, 920, 921, 922, 923, 924, 925, 926, 927, 928, 929, 930, 931, 932, 933, 934, 935]","[179, 219, 399, 421, 432, 434, 462, 466, 469, 476, 479, 650, 848, 873, 884, 886, 909, 913, 916, 925, 930]","[17, 18, 19, 20, 21, 22, 23, 156, 157, 158, 159, 160, 161, 162, 163, 164, 165, 166, 167, 341, 342, 343, 344, 345, 412, 413, 414, 415, 416, 417, 418, 419, 420, 421, 422, 502, 503, 504, 505, 506, 507, 628, 629, 630, 631, 632, 633, 634, 635, 636, 637, 638, 639, 792, 797, 798, 799, 800, 801, 863, 864, 865, 866, 867, 868, 869, 870, 871, 872, 873, 874]","[17, 18, 19, 20, 21, 22, 23, 156, 157, 158, 159, 160, 161, 162, 163, 164, 165, 166, 167, 168, 340, 341, 342, 343, 344, 345, 346, 412, 413, 414, 415, 416, 417, 418, 419, 420, 421, 422, 502, 503, 504, 505, 506, 507, 628, 629, 630, 631, 632, 633, 634, 635, 636, 637, 638, 639, 792, 796, 797, 798, 799, 800, 801, 863, 864, 865, 866, 867, 868, 869, 870, 871, 872, 873, 874]","[916, 917, 918, 919, 17, 18, 19, 20, 920, 21, 22, 23, 921, 922, 923, 924, 925, 926, 927, 928, 929, 931, 932, 933, 934, 935, 628, 629, 630, 631, 632, 633, 634, 635, 636, 637, 638, 639, 650, 156, 157, 158, 159, 160, 161, 162, 163, 164, 165, 166, 167, 168, 340, 179, 341, 342, 343, 344, 345, 346, 219, 792, 796, 797, 798, 799, 800, 801, 848, 849, 850, 851, 852, 853, 854, 855, 856, 857, 858, 859, 860, 861, 862, 863, 864, 865, 866, 867, 868, 869, 870, 871, 872, 873, 874, 875, 876, 877, 878, 879, 880, 881, 882, 883, 884, 885, 886, 887, 888, 889, 890, 891, 892, 893, 894, 895, 896, 897, 898, 899, 900, 901, 902, 903, 904, 905, 906, 907, 908, 909, 398, 399, 912, 400, 401, 402, 403, 404, 405, 406, 407, 408, 409, 410, 411, 412, 413, 414, 415, 416, 930, 417, 418, 421, 419, 423, 420, 422, 424, 425, 426, 427, 428, 429, 430, 431, 432, 433, 434, 435, 436, 437, 438, 439, 440, 441, 442, 443, 444, 445, 446, 447, 448, 449, 450, 451, 452, 453, 454, 455, 456, 459, 457, 458, 460, 461, 462, 465, 463, 464, 466, 467, 468, 469, 470, 471, 472, 473, 474, 475, 476, 479, 477, 478, 480, 481, 482, 483, 484, 910, 911, 503, 913, 502, 914, 504, 505, 506, 507, 915]",True,"[421, 479, 873, 930]","[398, 399, 400, 401, 402, 403, 404, 405, 406, 407, 408, 409, 410, 411, 412, 413, 414, 415, 416, 417, 418, 419, 420, 421, 422, 423, 424, 425, 426, 427, 428, 429, 430, 431, 432, 433, 434, 435, 436, 437, 438, 439, 440, 441, 442, 443, 444, 445, 446, 447, 448, 449, 450, 451, 452, 453, 454, 455, 456, 457, 458, 459, 460, 461, 462, 463, 464, 465, 466, 467, 468, 469, 470, 471, 472, 473, 474, 475, 476, 477, 478, 479, 480, 481, 482, 483, 484, 848, 849, 850, 851, 852, 853, 854, 855, 856, 857, 858, 859, 860, 861, 862, 863, 864, 865, 866, 867, 868, 869, 870, 871, 872, 873, 874, 875, 876, 877, 878, 879, 880, 881, 882, 883, 884, 885, 886, 887, 888, 889, 890, 891, 892, 893, 894, 895, 896, 897, 898, 899, 900, 901, 902, 903, 904, 905, 906, 907, 908, 909, 910, 911, 912, 913, 914, 915, 916, 917, 918, 919, 920, 921, 922, 923, 924, 925, 926, 927, 928, 929, 930, 931, 932, 933, 934, 935]","[421, 479, 873, 930]","[421, 423, 459, 465, 479, 873, 875, 906, 912, 930]","[179, 219, 399, 421, 432, 434, 462, 466, 469, 476, 479, 650, 848, 873, 884, 886, 909, 913, 916, 925, 930]","[17, 18, 19, 20, 21, 22, 23, 156, 157, 158, 159, 160, 161, 162, 163, 164, 165, 166, 167, 168, 340, 341, 342, 343, 344, 345, 346, 412, 413, 414, 415, 416, 417, 418, 419, 420, 421, 422, 502, 503, 504, 505, 506, 507, 628, 629, 630, 631, 632, 633, 634, 635, 636, 637, 638, 639, 792, 796, 797, 798, 799, 800, 801, 863, 864, 865, 866, 867, 868, 869, 870, 871, 872, 873, 874]","[17, 18, 19, 20, 21, 22, 23, 156, 157, 158, 159, 160, 161, 162, 163, 164, 165, 166, 167, 341, 342, 343, 344, 345, 412, 413, 414, 415, 416, 417, 418, 419, 420, 421, 422, 502, 503, 504, 505, 506, 507, 628, 629, 630, 631, 632, 633, 634, 635, 636, 637, 638, 639, 792, 797, 798, 799, 800, 801, 863, 864, 865, 866, 867, 868, 869, 870, 871, 872, 873, 874]",7/6 successful match,True,"[565, 566]",True,137,False,,1.0,True,Flying J Fuel Stop # 773,Flying J
"Richfield , 84701 Top Stop ( Sinclair )","435-896-8338 I-70 Exit 40 ( S to 1st light , 7 blks E )",S,Richfield,84701,Top Stop ( Sinclair ),435-896-8338,2006,Richfield,UT,Sinclair,"( S to 1st light , 7 blks E )",I-70 Exit 40 ,Exit,40,False,,False,I-70,,,,,"[930, 479]","[421, 479, 873, 930]","[421, 479, 873, 930]","[421, 423, 459, 465, 479, 873, 875, 906, 912, 930]","[398, 399, 400, 401, 402, 403, 404, 405, 406, 407, 408, 409, 410, 411, 412, 413, 414, 415, 416, 417, 418, 419, 420, 421, 422, 423, 424, 425, 426, 427, 428, 429, 430, 431, 432, 433, 434, 435, 436, 437, 438, 439, 440, 441, 442, 443, 444, 445, 446, 447, 448, 449, 450, 451, 452, 453, 454, 455, 456, 457, 458, 459, 460, 461, 462, 463, 464, 465, 466, 467, 468, 469, 470, 471, 472, 473, 474, 475, 476, 477, 478, 479, 480, 481, 482, 483, 484, 848, 849, 850, 851, 852, 853, 854, 855, 856, 857, 858, 859, 860, 861, 862, 863, 864, 865, 866, 867, 868, 869, 870, 871, 872, 873, 874, 875, 876, 877, 878, 879, 880, 881, 882, 883, 884, 885, 886, 887, 888, 889, 890, 891, 892, 893, 894, 895, 896, 897, 898, 899, 900, 901, 902, 903, 904, 905, 906, 907, 908, 909, 910, 911, 912, 913, 914, 915, 916, 917, 918, 919, 920, 921, 922, 923, 924, 925, 926, 927, 928, 929, 930, 931, 932, 933, 934, 935]","[179, 219, 399, 421, 432, 434, 462, 466, 469, 476, 479, 650, 848, 873, 884, 886, 909, 913, 916, 925, 930]","[31, 142, 147, 180, 338, 352, 367, 387, 403, 405, 408, 410, 455, 465, 466, 468, 470, 472, 473, 483, 484, 514, 613, 618, 651, 794, 807, 837, 852, 854, 858, 861, 902, 912, 913, 915, 917, 919, 920, 931, 934, 935]","[31, 142, 147, 180, 338, 352, 367, 387, 403, 405, 408, 410, 455, 465, 466, 468, 470, 472, 473, 477, 478, 479, 483, 484, 514, 613, 618, 651, 794, 807, 837, 852, 854, 858, 861, 902, 912, 913, 915, 917, 919, 920, 928, 929, 930, 931, 934, 935]","[916, 514, 917, 918, 387, 919, 920, 921, 922, 31, 923, 924, 925, 926, 927, 928, 929, 931, 932, 933, 934, 935, 613, 618, 650, 651, 142, 147, 338, 179, 180, 219, 352, 794, 807, 367, 837, 848, 849, 850, 851, 852, 853, 854, 855, 856, 857, 858, 859, 860, 861, 862, 863, 864, 865, 866, 867, 868, 869, 870, 871, 872, 873, 874, 875, 876, 877, 878, 879, 880, 881, 882, 883, 884, 885, 886, 887, 888, 889, 890, 891, 892, 893, 894, 895, 896, 897, 898, 899, 900, 901, 902, 903, 904, 905, 906, 907, 908, 909, 398, 399, 912, 400, 401, 402, 403, 404, 405, 406, 407, 408, 409, 410, 411, 412, 413, 414, 415, 416, 930, 417, 418, 421, 419, 423, 420, 422, 424, 425, 426, 427, 428, 429, 430, 431, 432, 433, 434, 435, 436, 437, 438, 439, 440, 441, 442, 443, 444, 445, 446, 447, 448, 449, 450, 451, 452, 453, 454, 455, 456, 459, 457, 458, 460, 461, 462, 465, 463, 464, 466, 467, 468, 469, 470, 471, 472, 473, 474, 475, 476, 479, 477, 478, 480, 481, 482, 483, 484, 910, 911, 913, 914, 915]",True,"[421, 479, 873, 930]","[398, 399, 400, 401, 402, 403, 404, 405, 406, 407, 408, 409, 410, 411, 412, 413, 414, 415, 416, 417, 418, 419, 420, 421, 422, 423, 424, 425, 426, 427, 428, 429, 430, 431, 432, 433, 434, 435, 436, 437, 438, 439, 440, 441, 442, 443, 444, 445, 446, 447, 448, 449, 450, 451, 452, 453, 454, 455, 456, 457, 458, 459, 460, 461, 462, 463, 464, 465, 466, 467, 468, 469, 470, 471, 472, 473, 474, 475, 476, 477, 478, 479, 480, 481, 482, 483, 484, 848, 849, 850, 851, 852, 853, 854, 855, 856, 857, 858, 859, 860, 861, 862, 863, 864, 865, 866, 867, 868, 869, 870, 871, 872, 873, 874, 875, 876, 877, 878, 879, 880, 881, 882, 883, 884, 885, 886, 887, 888, 889, 890, 891, 892, 893, 894, 895, 896, 897, 898, 899, 900, 901, 902, 903, 904, 905, 906, 907, 908, 909, 910, 911, 912, 913, 914, 915, 916, 917, 918, 919, 920, 921, 922, 923, 924, 925, 926, 927, 928, 929, 930, 931, 932, 933, 934, 935]","[421, 479, 873, 930]","[421, 423, 459, 465, 479, 873, 875, 906, 912, 930]","[179, 219, 399, 421, 432, 434, 462, 466, 469, 476, 479, 650, 848, 873, 884, 886, 909, 913, 916, 925, 930]","[31, 142, 147, 180, 338, 352, 367, 387, 403, 405, 408, 410, 455, 465, 466, 468, 470, 472, 473, 477, 478, 479, 483, 484, 514, 613, 618, 651, 794, 807, 837, 852, 854, 858, 861, 902, 912, 913, 915, 917, 919, 920, 928, 929, 930, 931, 934, 935]","[31, 142, 147, 180, 338, 352, 367, 387, 403, 405, 408, 410, 455, 465, 466, 468, 470, 472, 473, 483, 484, 514, 613, 618, 651, 794, 807, 837, 852, 854, 858, 861, 902, 912, 913, 915, 917, 919, 920, 931, 934, 935]",6/6 successful match,True,[382],True,138,False,,,,,
"Richfield , 84701 Top Stop ( Sinclair )","435-896-8338 I-70 Exit 40 ( S to US 89 , 7 blks NE )",24 S <U+2610> <U+2610>,Richfield,84701,Top Stop ( Sinclair ),435-896-8338,2007,Richfield,UT,Sinclair,"( S to US 89 , 7 blks NE )",I-70 Exit 40 ,Exit,40,False,,False,I-70,,,,,"[930, 479]","[421, 479, 873, 930]","[421, 479, 873, 930]","[421, 423, 459, 465, 479, 873, 875, 906, 912, 930]","[398, 399, 400, 401, 402, 403, 404, 405, 406, 407, 408, 409, 410, 411, 412, 413, 414, 415, 416, 417, 418, 419, 420, 421, 422, 423, 424, 425, 426, 427, 428, 429, 430, 431, 432, 433, 434, 435, 436, 437, 438, 439, 440, 441, 442, 443, 444, 445, 446, 447, 448, 449, 450, 451, 452, 453, 454, 455, 456, 457, 458, 459, 460, 461, 462, 463, 464, 465, 466, 467, 468, 469, 470, 471, 472, 473, 474, 475, 476, 477, 478, 479, 480, 481, 482, 483, 484, 848, 849, 850, 851, 852, 853, 854, 855, 856, 857, 858, 859, 860, 861, 862, 863, 864, 865, 866, 867, 868, 869, 870, 871, 872, 873, 874, 875, 876, 877, 878, 879, 880, 881, 882, 883, 884, 885, 886, 887, 888, 889, 890, 891, 892, 893, 894, 895, 896, 897, 898, 899, 900, 901, 902, 903, 904, 905, 906, 907, 908, 909, 910, 911, 912, 913, 914, 915, 916, 917, 918, 919, 920, 921, 922, 923, 924, 925, 926, 927, 928, 929, 930, 931, 932, 933, 934, 935]","[179, 219, 399, 421, 432, 434, 462, 466, 469, 476, 479, 650, 848, 873, 884, 886, 909, 913, 916, 925, 930]","[31, 142, 147, 180, 338, 352, 367, 387, 403, 405, 408, 410, 455, 465, 466, 468, 470, 472, 473, 483, 484, 514, 613, 618, 651, 794, 807, 837, 852, 854, 858, 861, 902, 912, 913, 915, 917, 919, 920, 931, 934, 935]","[31, 142, 147, 180, 338, 352, 367, 387, 403, 405, 408, 410, 455, 465, 466, 468, 470, 472, 473, 477, 478, 479, 483, 484, 514, 613, 618, 651, 794, 807, 837, 852, 854, 858, 861, 902, 912, 913, 915, 917, 919, 920, 928, 929, 930, 931, 934, 935]","[916, 514, 917, 918, 387, 919, 920, 921, 922, 31, 923, 924, 925, 926, 927, 928, 929, 931, 932, 933, 934, 935, 613, 618, 650, 651, 142, 147, 338, 179, 180, 219, 352, 794, 807, 367, 837, 848, 849, 850, 851, 852, 853, 854, 855, 856, 857, 858, 859, 860, 861, 862, 863, 864, 865, 866, 867, 868, 869, 870, 871, 872, 873, 874, 875, 876, 877, 878, 879, 880, 881, 882, 883, 884, 885, 886, 887, 888, 889, 890, 891, 892, 893, 894, 895, 896, 897, 898, 899, 900, 901, 902, 903, 904, 905, 906, 907, 908, 909, 398, 399, 912, 400, 401, 402, 403, 404, 405, 406, 407, 408, 409, 410, 411, 412, 413, 414, 415, 416, 930, 417, 418, 421, 419, 423, 420, 422, 424, 425, 426, 427, 428, 429, 430, 431, 432, 433, 434, 435, 436, 437, 438, 439, 440, 441, 442, 443, 444, 445, 446, 447, 448, 449, 450, 451, 452, 453, 454, 455, 456, 459, 457, 458, 460, 461, 462, 465, 463, 464, 466, 467, 468, 469, 470, 471, 472, 473, 474, 475, 476, 479, 477, 478, 480, 481, 482, 483, 484, 910, 911, 913, 914, 915]",True,"[421, 479, 873, 930]","[398, 399, 400, 401, 402, 403, 404, 405, 406, 407, 408, 409, 410, 411, 412, 413, 414, 415, 416, 417, 418, 419, 420, 421, 422, 423, 424, 425, 426, 427, 428, 429, 430, 431, 432, 433, 434, 435, 436, 437, 438, 439, 440, 441, 442, 443, 444, 445, 446, 447, 448, 449, 450, 451, 452, 453, 454, 455, 456, 457, 458, 459, 460, 461, 462, 463, 464, 465, 466, 467, 468, 469, 470, 471, 472, 473, 474, 475, 476, 477, 478, 479, 480, 481, 482, 483, 484, 848, 849, 850, 851, 852, 853, 854, 855, 856, 857, 858, 859, 860, 861, 862, 863, 864, 865, 866, 867, 868, 869, 870, 871, 872, 873, 874, 875, 876, 877, 878, 879, 880, 881, 882, 883, 884, 885, 886, 887, 888, 889, 890, 891, 892, 893, 894, 895, 896, 897, 898, 899, 900, 901, 902, 903, 904, 905, 906, 907, 908, 909, 910, 911, 912, 913, 914, 915, 916, 917, 918, 919, 920, 921, 922, 923, 924, 925, 926, 927, 928, 929, 930, 931, 932, 933, 934, 935]","[421, 479, 873, 930]","[421, 423, 459, 465, 479, 873, 875, 906, 912, 930]","[179, 219, 399, 421, 432, 434, 462, 466, 469, 476, 479, 650, 848, 873, 884, 886, 909, 913, 916, 925, 930]","[31, 142, 147, 180, 338, 352, 367, 387, 403, 405, 408, 410, 455, 465, 466, 468, 470, 472, 473, 477, 478, 479, 483, 484, 514, 613, 618, 651, 794, 807, 837, 852, 854, 858, 861, 902, 912, 913, 915, 917, 919, 920, 928, 929, 930, 931, 934, 935]","[31, 142, 147, 180, 338, 352, 367, 387, 403, 405, 408, 410, 455, 465, 466, 468, 470, 472, 473, 483, 484, 514, 613, 618, 651, 794, 807, 837, 852, 854, 858, 861, 902, 912, 913, 915, 917, 919, 920, 931, 934, 935]",6/6 successful match,True,[382],True,138,False,,1.0,True,Top Stop ( Sinclair ),Sinclair
"Richfield , 84701 Top Stop ( Sinclair )","435-896-8338 I-70 Exit 40 ( S to US 89 , 7 blks NE )",24 23 S <U+2610> <U+2610> <U+2610>,Richfield,84701,Top Stop ( Sinclair ),435-896-8338,2008,Richfield,UT,Sinclair,"( S to US 89 , 7 blks NE )",I-70 Exit 40 ,Exit,40,False,,False,I-70,,,,,"[930, 479]","[421, 479, 873, 930]","[421, 479, 873, 930]","[421, 423, 459, 465, 479, 873, 875, 906, 912, 930]","[398, 399, 400, 401, 402, 403, 404, 405, 406, 407, 408, 409, 410, 411, 412, 413, 414, 415, 416, 417, 418, 419, 420, 421, 422, 423, 424, 425, 426, 427, 428, 429, 430, 431, 432, 433, 434, 435, 436, 437, 438, 439, 440, 441, 442, 443, 444, 445, 446, 447, 448, 449, 450, 451, 452, 453, 454, 455, 456, 457, 458, 459, 460, 461, 462, 463, 464, 465, 466, 467, 468, 469, 470, 471, 472, 473, 474, 475, 476, 477, 478, 479, 480, 481, 482, 483, 484, 848, 849, 850, 851, 852, 853, 854, 855, 856, 857, 858, 859, 860, 861, 862, 863, 864, 865, 866, 867, 868, 869, 870, 871, 872, 873, 874, 875, 876, 877, 878, 879, 880, 881, 882, 883, 884, 885, 886, 887, 888, 889, 890, 891, 892, 893, 894, 895, 896, 897, 898, 899, 900, 901, 902, 903, 904, 905, 906, 907, 908, 909, 910, 911, 912, 913, 914, 915, 916, 917, 918, 919, 920, 921, 922, 923, 924, 925, 926, 927, 928, 929, 930, 931, 932, 933, 934, 935]","[179, 219, 399, 421, 432, 434, 462, 466, 469, 476, 479, 650, 848, 873, 884, 886, 909, 913, 916, 925, 930]","[31, 142, 147, 180, 338, 352, 367, 387, 403, 405, 408, 410, 455, 465, 466, 468, 470, 472, 473, 483, 484, 514, 613, 618, 651, 794, 807, 837, 852, 854, 858, 861, 902, 912, 913, 915, 917, 919, 920, 931, 934, 935]","[31, 142, 147, 180, 338, 352, 367, 387, 403, 405, 408, 410, 455, 465, 466, 468, 470, 472, 473, 477, 478, 479, 483, 484, 514, 613, 618, 651, 794, 807, 837, 852, 854, 858, 861, 902, 912, 913, 915, 917, 919, 920, 928, 929, 930, 931, 934, 935]","[916, 514, 917, 918, 387, 919, 920, 921, 922, 31, 923, 924, 925, 926, 927, 928, 929, 931, 932, 933, 934, 935, 613, 618, 650, 651, 142, 147, 338, 179, 180, 219, 352, 794, 807, 367, 837, 848, 849, 850, 851, 852, 853, 854, 855, 856, 857, 858, 859, 860, 861, 862, 863, 864, 865, 866, 867, 868, 869, 870, 871, 872, 873, 874, 875, 876, 877, 878, 879, 880, 881, 882, 883, 884, 885, 886, 887, 888, 889, 890, 891, 892, 893, 894, 895, 896, 897, 898, 899, 900, 901, 902, 903, 904, 905, 906, 907, 908, 909, 398, 399, 912, 400, 401, 402, 403, 404, 405, 406, 407, 408, 409, 410, 411, 412, 413, 414, 415, 416, 930, 417, 418, 421, 419, 423, 420, 422, 424, 425, 426, 427, 428, 429, 430, 431, 432, 433, 434, 435, 436, 437, 438, 439, 440, 441, 442, 443, 444, 445, 446, 447, 448, 449, 450, 451, 452, 453, 454, 455, 456, 459, 457, 458, 460, 461, 462, 465, 463, 464, 466, 467, 468, 469, 470, 471, 472, 473, 474, 475, 476, 479, 477, 478, 480, 481, 482, 483, 484, 910, 911, 913, 914, 915]",True,"[421, 479, 873, 930]","[398, 399, 400, 401, 402, 403, 404, 405, 406, 407, 408, 409, 410, 411, 412, 413, 414, 415, 416, 417, 418, 419, 420, 421, 422, 423, 424, 425, 426, 427, 428, 429, 430, 431, 432, 433, 434, 435, 436, 437, 438, 439, 440, 441, 442, 443, 444, 445, 446, 447, 448, 449, 450, 451, 452, 453, 454, 455, 456, 457, 458, 459, 460, 461, 462, 463, 464, 465, 466, 467, 468, 469, 470, 471, 472, 473, 474, 475, 476, 477, 478, 479, 480, 481, 482, 483, 484, 848, 849, 850, 851, 852, 853, 854, 855, 856, 857, 858, 859, 860, 861, 862, 863, 864, 865, 866, 867, 868, 869, 870, 871, 872, 873, 874, 875, 876, 877, 878, 879, 880, 881, 882, 883, 884, 885, 886, 887, 888, 889, 890, 891, 892, 893, 894, 895, 896, 897, 898, 899, 900, 901, 902, 903, 904, 905, 906, 907, 908, 909, 910, 911, 912, 913, 914, 915, 916, 917, 918, 919, 920, 921, 922, 923, 924, 925, 926, 927, 928, 929, 930, 931, 932, 933, 934, 935]","[421, 479, 873, 930]","[421, 423, 459, 465, 479, 873, 875, 906, 912, 930]","[179, 219, 399, 421, 432, 434, 462, 466, 469, 476, 479, 650, 848, 873, 884, 886, 909, 913, 916, 925, 930]","[31, 142, 147, 180, 338, 352, 367, 387, 403, 405, 408, 410, 455, 465, 466, 468, 470, 472, 473, 477, 478, 479, 483, 484, 514, 613, 618, 651, 794, 807, 837, 852, 854, 858, 861, 902, 912, 913, 915, 917, 919, 920, 928, 929, 930, 931, 934, 935]","[31, 142, 147, 180, 338, 352, 367, 387, 403, 405, 408, 410, 455, 465, 466, 468, 470, 472, 473, 483, 484, 514, 613, 618, 651, 794, 807, 837, 852, 854, 858, 861, 902, 912, 913, 915, 917, 919, 920, 931, 934, 935]",6/6 successful match,True,[382],True,138,False,,1.0,True,Top Stop ( Sinclair ),Sinclair
G Richfield ( 84701 ) Top Stop # 83 ( Chevron ),"3 435-896-8338 I-70 Exit 40 ( S to US 89 , 7 blks NE )",24 <U+2610> <U+25A1> <U+25A1> <U+25A1>,Richfield,84701,Top Stop # 83 ( Chevron ),435-896-8338,2014,Richfield,UT,Chevron,"( S to US 89 , 7 blks NE )",I-70 Exit 40 ,Exit,40,False,,False,I-70,,,,,"[930, 479]","[421, 479, 873, 930]","[421, 479, 873, 930]","[421, 423, 459, 465, 479, 873, 875, 906, 912, 930]","[398, 399, 400, 401, 402, 403, 404, 405, 406, 407, 408, 409, 410, 411, 412, 413, 414, 415, 416, 417, 418, 419, 420, 421, 422, 423, 424, 425, 426, 427, 428, 429, 430, 431, 432, 433, 434, 435, 436, 437, 438, 439, 440, 441, 442, 443, 444, 445, 446, 447, 448, 449, 450, 451, 452, 453, 454, 455, 456, 457, 458, 459, 460, 461, 462, 463, 464, 465, 466, 467, 468, 469, 470, 471, 472, 473, 474, 475, 476, 477, 478, 479, 480, 481, 482, 483, 484, 848, 849, 850, 851, 852, 853, 854, 855, 856, 857, 858, 859, 860, 861, 862, 863, 864, 865, 866, 867, 868, 869, 870, 871, 872, 873, 874, 875, 876, 877, 878, 879, 880, 881, 882, 883, 884, 885, 886, 887, 888, 889, 890, 891, 892, 893, 894, 895, 896, 897, 898, 899, 900, 901, 902, 903, 904, 905, 906, 907, 908, 909, 910, 911, 912, 913, 914, 915, 916, 917, 918, 919, 920, 921, 922, 923, 924, 925, 926, 927, 928, 929, 930, 931, 932, 933, 934, 935]","[179, 219, 399, 421, 432, 434, 462, 466, 469, 476, 479, 650, 848, 873, 884, 886, 909, 913, 916, 925, 930]","[12, 24, 25, 28, 88, 100, 104, 119, 123, 129, 136, 137, 139, 140, 141, 148, 155, 169, 172, 179, 183, 185, 188, 196, 198, 217, 237, 267, 270, 278, 319, 321, 324, 325, 330, 334, 335, 354, 366, 369, 380, 383, 384, 386, 395, 407, 411, 423, 428, 436, 437, 452, 453, 456, 467, 471, 477, 478, 479, 497, 508, 511, 559, 571, 575, 590, 594, 600, 607, 608, 610, 611, 612, 619, 627, 640, 643, 650, 654, 656, 659, 667, 669, 685, 701, 726, 729, 737, 777, 779, 782, 783, 787, 790, 791, 809, 817, 819, 830, 833, 834, 836, 845, 856, 857, 860, 862, 875, 880, 887, 888, 899, 900, 914, 918, 921, 928, 929, 930]","[12, 24, 25, 28, 88, 100, 104, 119, 123, 129, 136, 137, 139, 140, 141, 148, 155, 169, 172, 179, 183, 185, 188, 196, 198, 217, 237, 267, 270, 278, 319, 321, 324, 325, 330, 334, 335, 354, 366, 369, 380, 383, 384, 386, 395, 407, 411, 423, 428, 436, 437, 452, 453, 456, 467, 471, 477, 478, 479, 497, 508, 511, 559, 571, 575, 590, 594, 600, 607, 608, 610, 611, 612, 619, 627, 640, 643, 650, 654, 656, 659, 667, 669, 685, 701, 726, 729, 737, 777, 779, 782, 783, 787, 790, 791, 809, 817, 819, 830, 833, 834, 836, 845, 856, 857, 860, 862, 875, 880, 887, 888, 899, 900, 914, 918, 921, 928, 929, 930, 931]","[916, 917, 918, 12, 919, 920, 24, 25, 921, 28, 922, 923, 924, 925, 559, 926, 383, 927, 571, 928, 575, 929, 931, 590, 932, 594, 933, 88, 600, 934, 607, 608, 935, 610, 611, 100, 612, 104, 619, 627, 119, 123, 640, 129, 643, 136, 137, 650, 139, 140, 141, 654, 656, 659, 148, 155, 667, 669, 169, 172, 685, 179, 183, 185, 188, 701, 380, 196, 198, 384, 395, 726, 217, 729, 219, 737, 237, 354, 777, 267, 779, 270, 782, 783, 787, 278, 790, 791, 809, 817, 366, 819, 830, 319, 321, 369, 833, 324, 325, 834, 836, 330, 845, 334, 335, 848, 849, 850, 851, 852, 853, 854, 855, 856, 857, 858, 859, 860, 861, 862, 863, 864, 865, 866, 867, 868, 869, 870, 871, 872, 873, 874, 875, 876, 877, 878, 879, 880, 881, 882, 883, 884, 885, 886, 887, 888, 889, 890, 891, 892, 893, 894, 895, 896, 897, 898, 899, 900, 901, 902, 903, 904, 905, 906, 907, 908, 909, 398, 399, 912, 400, 401, 402, 403, 404, 405, 406, 407, 408, 409, 410, 411, 412, 413, 414, 415, 416, 930, 417, 418, 421, 419, 423, 420, 422, 424, 425, 426, 427, 428, 429, 430, 431, 432, 433, 434, 435, 436, 437, 438, 439, 440, 441, 442, 443, 444, 445, 446, 447, 448, 449, 450, 451, 452, 453, 454, 455, 456, 459, 457, 458, 460, 461, 462, 465, 463, 464, 466, 467, 468, 469, 470, 471, 472, 473, 474, 475, 476, 479, 477, 478, 480, 481, 482, 483, 484, 910, 911, 508, 497, 913, 386, 914, 915, 511]",True,"[421, 479, 873, 930]","[398, 399, 400, 401, 402, 403, 404, 405, 406, 407, 408, 409, 410, 411, 412, 413, 414, 415, 416, 417, 418, 419, 420, 421, 422, 423, 424, 425, 426, 427, 428, 429, 430, 431, 432, 433, 434, 435, 436, 437, 438, 439, 440, 441, 442, 443, 444, 445, 446, 447, 448, 449, 450, 451, 452, 453, 454, 455, 456, 457, 458, 459, 460, 461, 462, 463, 464, 465, 466, 467, 468, 469, 470, 471, 472, 473, 474, 475, 476, 477, 478, 479, 480, 481, 482, 483, 484, 848, 849, 850, 851, 852, 853, 854, 855, 856, 857, 858, 859, 860, 861, 862, 863, 864, 865, 866, 867, 868, 869, 870, 871, 872, 873, 874, 875, 876, 877, 878, 879, 880, 881, 882, 883, 884, 885, 886, 887, 888, 889, 890, 891, 892, 893, 894, 895, 896, 897, 898, 899, 900, 901, 902, 903, 904, 905, 906, 907, 908, 909, 910, 911, 912, 913, 914, 915, 916, 917, 918, 919, 920, 921, 922, 923, 924, 925, 926, 927, 928, 929, 930, 931, 932, 933, 934, 935]","[421, 479, 873, 930]","[421, 423, 459, 465, 479, 873, 875, 906, 912, 930]","[179, 219, 399, 421, 432, 434, 462, 466, 469, 476, 479, 650, 848, 873, 884, 886, 909, 913, 916, 925, 930]","[12, 24, 25, 28, 88, 100, 104, 119, 123, 129, 136, 137, 139, 140, 141, 148, 155, 169, 172, 179, 183, 185, 188, 196, 198, 217, 237, 267, 270, 278, 319, 321, 324, 325, 330, 334, 335, 354, 366, 369, 380, 383, 384, 386, 395, 407, 411, 423, 428, 436, 437, 452, 453, 456, 467, 471, 477, 478, 479, 497, 508, 511, 559, 571, 575, 590, 594, 600, 607, 608, 610, 611, 612, 619, 627, 640, 643, 650, 654, 656, 659, 667, 669, 685, 701, 726, 729, 737, 777, 779, 782, 783, 787, 790, 791, 809, 817, 819, 830, 833, 834, 836, 845, 856, 857, 860, 862, 875, 880, 887, 888, 899, 900, 914, 918, 921, 928, 929, 930, 931]","[12, 24, 25, 28, 88, 100, 104, 119, 123, 129, 136, 137, 139, 140, 141, 148, 155, 169, 172, 179, 183, 185, 188, 196, 198, 217, 237, 267, 270, 278, 319, 321, 324, 325, 330, 334, 335, 354, 366, 369, 380, 383, 384, 386, 395, 407, 411, 423, 428, 436, 437, 452, 453, 456, 467, 471, 477, 478, 479, 497, 508, 511, 559, 571, 575, 590, 594, 600, 607, 608, 610, 611, 612, 619, 627, 640, 643, 650, 654, 656, 659, 667, 669, 685, 701, 726, 729, 737, 777, 779, 782, 783, 787, 790, 791, 809, 817, 819, 830, 833, 834, 836, 845, 856, 857, 860, 862, 875, 880, 887, 888, 899, 900, 914, 918, 921, 928, 929, 930]",7/6 successful match,True,[382],True,138,False,,0.5289855072463768,False,Top Stop ( Sinclair ),Sinclair
Richfield ( 84701 ) Top Stop # 83 ( Chevron ),"3 435-896-8338 I-70 Exit 40 ( S to US 89 , 7 blks NE )",24 <U+25A1>,Richfield,84701,Top Stop # 83 ( Chevron ),435-896-8338,2015,Richfield,UT,Chevron,"( S to US 89 , 7 blks NE )",I-70 Exit 40 ,Exit,40,False,,False,I-70,,,,,"[930, 479]","[421, 479, 873, 930]","[421, 479, 873, 930]","[421, 423, 459, 465, 479, 873, 875, 906, 912, 930]","[398, 399, 400, 401, 402, 403, 404, 405, 406, 407, 408, 409, 410, 411, 412, 413, 414, 415, 416, 417, 418, 419, 420, 421, 422, 423, 424, 425, 426, 427, 428, 429, 430, 431, 432, 433, 434, 435, 436, 437, 438, 439, 440, 441, 442, 443, 444, 445, 446, 447, 448, 449, 450, 451, 452, 453, 454, 455, 456, 457, 458, 459, 460, 461, 462, 463, 464, 465, 466, 467, 468, 469, 470, 471, 472, 473, 474, 475, 476, 477, 478, 479, 480, 481, 482, 483, 484, 848, 849, 850, 851, 852, 853, 854, 855, 856, 857, 858, 859, 860, 861, 862, 863, 864, 865, 866, 867, 868, 869, 870, 871, 872, 873, 874, 875, 876, 877, 878, 879, 880, 881, 882, 883, 884, 885, 886, 887, 888, 889, 890, 891, 892, 893, 894, 895, 896, 897, 898, 899, 900, 901, 902, 903, 904, 905, 906, 907, 908, 909, 910, 911, 912, 913, 914, 915, 916, 917, 918, 919, 920, 921, 922, 923, 924, 925, 926, 927, 928, 929, 930, 931, 932, 933, 934, 935]","[179, 219, 399, 421, 432, 434, 462, 466, 469, 476, 479, 650, 848, 873, 884, 886, 909, 913, 916, 925, 930]","[12, 24, 25, 28, 88, 100, 104, 119, 123, 129, 136, 137, 139, 140, 141, 148, 155, 169, 172, 179, 183, 185, 188, 196, 198, 217, 237, 267, 270, 278, 319, 321, 324, 325, 330, 334, 335, 354, 366, 369, 380, 383, 384, 386, 395, 407, 411, 423, 428, 436, 437, 452, 453, 456, 467, 471, 477, 478, 479, 497, 508, 511, 559, 571, 575, 590, 594, 600, 607, 608, 610, 611, 612, 619, 627, 640, 643, 650, 654, 656, 659, 667, 669, 685, 701, 726, 729, 737, 777, 779, 782, 783, 787, 790, 791, 809, 817, 819, 830, 833, 834, 836, 845, 856, 857, 860, 862, 875, 880, 887, 888, 899, 900, 914, 918, 921, 928, 929, 930]","[12, 24, 25, 28, 88, 100, 104, 119, 123, 129, 136, 137, 139, 140, 141, 148, 155, 169, 172, 179, 183, 185, 188, 196, 198, 217, 237, 267, 270, 278, 319, 321, 324, 325, 330, 334, 335, 354, 366, 369, 380, 383, 384, 386, 395, 407, 411, 423, 428, 436, 437, 452, 453, 456, 467, 471, 477, 478, 479, 497, 508, 511, 559, 571, 575, 590, 594, 600, 607, 608, 610, 611, 612, 619, 627, 640, 643, 650, 654, 656, 659, 667, 669, 685, 701, 726, 729, 737, 777, 779, 782, 783, 787, 790, 791, 809, 817, 819, 830, 833, 834, 836, 845, 856, 857, 860, 862, 875, 880, 887, 888, 899, 900, 914, 918, 921, 928, 929, 930, 931]","[916, 917, 918, 12, 919, 920, 24, 25, 921, 28, 922, 923, 924, 925, 559, 926, 383, 927, 571, 928, 575, 929, 931, 590, 932, 594, 933, 88, 600, 934, 607, 608, 935, 610, 611, 100, 612, 104, 619, 627, 119, 123, 640, 129, 643, 136, 137, 650, 139, 140, 141, 654, 656, 659, 148, 155, 667, 669, 169, 172, 685, 179, 183, 185, 188, 701, 380, 196, 198, 384, 395, 726, 217, 729, 219, 737, 237, 354, 777, 267, 779, 270, 782, 783, 787, 278, 790, 791, 809, 817, 366, 819, 830, 319, 321, 369, 833, 324, 325, 834, 836, 330, 845, 334, 335, 848, 849, 850, 851, 852, 853, 854, 855, 856, 857, 858, 859, 860, 861, 862, 863, 864, 865, 866, 867, 868, 869, 870, 871, 872, 873, 874, 875, 876, 877, 878, 879, 880, 881, 882, 883, 884, 885, 886, 887, 888, 889, 890, 891, 892, 893, 894, 895, 896, 897, 898, 899, 900, 901, 902, 903, 904, 905, 906, 907, 908, 909, 398, 399, 912, 400, 401, 402, 403, 404, 405, 406, 407, 408, 409, 410, 411, 412, 413, 414, 415, 416, 930, 417, 418, 421, 419, 423, 420, 422, 424, 425, 426, 427, 428, 429, 430, 431, 432, 433, 434, 435, 436, 437, 438, 439, 440, 441, 442, 443, 444, 445, 446, 447, 448, 449, 450, 451, 452, 453, 454, 455, 456, 459, 457, 458, 460, 461, 462, 465, 463, 464, 466, 467, 468, 469, 470, 471, 472, 473, 474, 475, 476, 479, 477, 478, 480, 481, 482, 483, 484, 910, 911, 508, 497, 913, 386, 914, 915, 511]",True,"[421, 479, 873, 930]","[398, 399, 400, 401, 402, 403, 404, 405, 406, 407, 408, 409, 410, 411, 412, 413, 414, 415, 416, 417, 418, 419, 420, 421, 422, 423, 424, 425, 426, 427, 428, 429, 430, 431, 432, 433, 434, 435, 436, 437, 438, 439, 440, 441, 442, 443, 444, 445, 446, 447, 448, 449, 450, 451, 452, 453, 454, 455, 456, 457, 458, 459, 460, 461, 462, 463, 464, 465, 466, 467, 468, 469, 470, 471, 472, 473, 474, 475, 476, 477, 478, 479, 480, 481, 482, 483, 484, 848, 849, 850, 851, 852, 853, 854, 855, 856, 857, 858, 859, 860, 861, 862, 863, 864, 865, 866, 867, 868, 869, 870, 871, 872, 873, 874, 875, 876, 877, 878, 879, 880, 881, 882, 883, 884, 885, 886, 887, 888, 889, 890, 891, 892, 893, 894, 895, 896, 897, 898, 899, 900, 901, 902, 903, 904, 905, 906, 907, 908, 909, 910, 911, 912, 913, 914, 915, 916, 917, 918, 919, 920, 921, 922, 923, 924, 925, 926, 927, 928, 929, 930, 931, 932, 933, 934, 935]","[421, 479, 873, 930]","[421, 423, 459, 465, 479, 873, 875, 906, 912, 930]","[179, 219, 399, 421, 432, 434, 462, 466, 469, 476, 479, 650, 848, 873, 884, 886, 909, 913, 916, 925, 930]","[12, 24, 25, 28, 88, 100, 104, 119, 123, 129, 136, 137, 139, 140, 141, 148, 155, 169, 172, 179, 183, 185, 188, 196, 198, 217, 237, 267, 270, 278, 319, 321, 324, 325, 330, 334, 335, 354, 366, 369, 380, 383, 384, 386, 395, 407, 411, 423, 428, 436, 437, 452, 453, 456, 467, 471, 477, 478, 479, 497, 508, 511, 559, 571, 575, 590, 594, 600, 607, 608, 610, 611, 612, 619, 627, 640, 643, 650, 654, 656, 659, 667, 669, 685, 701, 726, 729, 737, 777, 779, 782, 783, 787, 790, 791, 809, 817, 819, 830, 833, 834, 836, 845, 856, 857, 860, 862, 875, 880, 887, 888, 899, 900, 914, 918, 921, 928, 929, 930, 931]","[12, 24, 25, 28, 88, 100, 104, 119, 123, 129, 136, 137, 139, 140, 141, 148, 155, 169, 172, 179, 183, 185, 188, 196, 198, 217, 237, 267, 270, 278, 319, 321, 324, 325, 330, 334, 335, 354, 366, 369, 380, 383, 384, 386, 395, 407, 411, 423, 428, 436, 437, 452, 453, 456, 467, 471, 477, 478, 479, 497, 508, 511, 559, 571, 575, 590, 594, 600, 607, 608, 610, 611, 612, 619, 627, 640, 643, 650, 654, 656, 659, 667, 669, 685, 701, 726, 729, 737, 777, 779, 782, 783, 787, 790, 791, 809, 817, 819, 830, 833, 834, 836, 845, 856, 857, 860, 862, 875, 880, 887, 888, 899, 900, 914, 918, 921, 928, 929, 930]",7/6 successful match,True,[382],True,138,False,,1.0,True,Top Stop # 83 ( Chevron ),Chevron
Richfield ( 84701 ) Top Stop # 83 ( Chevron ),"435-896-8338 I-70 Exit 40 ( S to US 89 , 7 blks NE )",24 <U+2610> <U+25A1> D,Richfield,84701,Top Stop # 83 ( Chevron ),435-896-8338,2016,Richfield,UT,Chevron,"( S to US 89 , 7 blks NE )",I-70 Exit 40 ,Exit,40,False,,False,I-70,,,,,"[930, 479]","[421, 479, 873, 930]","[421, 479, 873, 930]","[421, 423, 459, 465, 479, 873, 875, 906, 912, 930]","[398, 399, 400, 401, 402, 403, 404, 405, 406, 407, 408, 409, 410, 411, 412, 413, 414, 415, 416, 417, 418, 419, 420, 421, 422, 423, 424, 425, 426, 427, 428, 429, 430, 431, 432, 433, 434, 435, 436, 437, 438, 439, 440, 441, 442, 443, 444, 445, 446, 447, 448, 449, 450, 451, 452, 453, 454, 455, 456, 457, 458, 459, 460, 461, 462, 463, 464, 465, 466, 467, 468, 469, 470, 471, 472, 473, 474, 475, 476, 477, 478, 479, 480, 481, 482, 483, 484, 848, 849, 850, 851, 852, 853, 854, 855, 856, 857, 858, 859, 860, 861, 862, 863, 864, 865, 866, 867, 868, 869, 870, 871, 872, 873, 874, 875, 876, 877, 878, 879, 880, 881, 882, 883, 884, 885, 886, 887, 888, 889, 890, 891, 892, 893, 894, 895, 896, 897, 898, 899, 900, 901, 902, 903, 904, 905, 906, 907, 908, 909, 910, 911, 912, 913, 914, 915, 916, 917, 918, 919, 920, 921, 922, 923, 924, 925, 926, 927, 928, 929, 930, 931, 932, 933, 934, 935]","[179, 219, 399, 421, 432, 434, 462, 466, 469, 476, 479, 650, 848, 873, 884, 886, 909, 913, 916, 925, 930]","[12, 24, 25, 28, 88, 100, 104, 119, 123, 129, 136, 137, 139, 140, 141, 148, 155, 169, 172, 179, 183, 185, 188, 196, 198, 217, 237, 267, 270, 278, 319, 321, 324, 325, 330, 334, 335, 354, 366, 369, 380, 383, 384, 386, 395, 407, 411, 423, 428, 436, 437, 452, 453, 456, 467, 471, 477, 478, 479, 497, 508, 511, 559, 571, 575, 590, 594, 600, 607, 608, 610, 611, 612, 619, 627, 640, 643, 650, 654, 656, 659, 667, 669, 685, 701, 726, 729, 737, 777, 779, 782, 783, 787, 790, 791, 809, 817, 819, 830, 833, 834, 836, 845, 856, 857, 860, 862, 875, 880, 887, 888, 899, 900, 914, 918, 921, 928, 929, 930]","[12, 24, 25, 28, 88, 100, 104, 119, 123, 129, 136, 137, 139, 140, 141, 148, 155, 169, 172, 179, 183, 185, 188, 196, 198, 217, 237, 267, 270, 278, 319, 321, 324, 325, 330, 334, 335, 354, 366, 369, 380, 383, 384, 386, 395, 407, 411, 423, 428, 436, 437, 452, 453, 456, 467, 471, 477, 478, 479, 497, 508, 511, 559, 571, 575, 590, 594, 600, 607, 608, 610, 611, 612, 619, 627, 640, 643, 650, 654, 656, 659, 667, 669, 685, 701, 726, 729, 737, 777, 779, 782, 783, 787, 790, 791, 809, 817, 819, 830, 833, 834, 836, 845, 856, 857, 860, 862, 875, 880, 887, 888, 899, 900, 914, 918, 921, 928, 929, 930, 931]","[916, 917, 918, 12, 919, 920, 24, 25, 921, 28, 922, 923, 924, 925, 559, 926, 383, 927, 571, 928, 575, 929, 931, 590, 932, 594, 933, 88, 600, 934, 607, 608, 935, 610, 611, 100, 612, 104, 619, 627, 119, 123, 640, 129, 643, 136, 137, 650, 139, 140, 141, 654, 656, 659, 148, 155, 667, 669, 169, 172, 685, 179, 183, 185, 188, 701, 380, 196, 198, 384, 395, 726, 217, 729, 219, 737, 237, 354, 777, 267, 779, 270, 782, 783, 787, 278, 790, 791, 809, 817, 366, 819, 830, 319, 321, 369, 833, 324, 325, 834, 836, 330, 845, 334, 335, 848, 849, 850, 851, 852, 853, 854, 855, 856, 857, 858, 859, 860, 861, 862, 863, 864, 865, 866, 867, 868, 869, 870, 871, 872, 873, 874, 875, 876, 877, 878, 879, 880, 881, 882, 883, 884, 885, 886, 887, 888, 889, 890, 891, 892, 893, 894, 895, 896, 897, 898, 899, 900, 901, 902, 903, 904, 905, 906, 907, 908, 909, 398, 399, 912, 400, 401, 402, 403, 404, 405, 406, 407, 408, 409, 410, 411, 412, 413, 414, 415, 416, 930, 417, 418, 421, 419, 423, 420, 422, 424, 425, 426, 427, 428, 429, 430, 431, 432, 433, 434, 435, 436, 437, 438, 439, 440, 441, 442, 443, 444, 445, 446, 447, 448, 449, 450, 451, 452, 453, 454, 455, 456, 459, 457, 458, 460, 461, 462, 465, 463, 464, 466, 467, 468, 469, 470, 471, 472, 473, 474, 475, 476, 479, 477, 478, 480, 481, 482, 483, 484, 910, 911, 508, 497, 913, 386, 914, 915, 511]",True,"[421, 479, 873, 930]","[398, 399, 400, 401, 402, 403, 404, 405, 406, 407, 408, 409, 410, 411, 412, 413, 414, 415, 416, 417, 418, 419, 420, 421, 422, 423, 424, 425, 426, 427, 428, 429, 430, 431, 432, 433, 434, 435, 436, 437, 438, 439, 440, 441, 442, 443, 444, 445, 446, 447, 448, 449, 450, 451, 452, 453, 454, 455, 456, 457, 458, 459, 460, 461, 462, 463, 464, 465, 466, 467, 468, 469, 470, 471, 472, 473, 474, 475, 476, 477, 478, 479, 480, 481, 482, 483, 484, 848, 849, 850, 851, 852, 853, 854, 855, 856, 857, 858, 859, 860, 861, 862, 863, 864, 865, 866, 867, 868, 869, 870, 871, 872, 873, 874, 875, 876, 877, 878, 879, 880, 881, 882, 883, 884, 885, 886, 887, 888, 889, 890, 891, 892, 893, 894, 895, 896, 897, 898, 899, 900, 901, 902, 903, 904, 905, 906, 907, 908, 909, 910, 911, 912, 913, 914, 915, 916, 917, 918, 919, 920, 921, 922, 923, 924, 925, 926, 927, 928, 929, 930, 931, 932, 933, 934, 935]","[421, 479, 873, 930]","[421, 423, 459, 465, 479, 873, 875, 906, 912, 930]","[179, 219, 399, 421, 432, 434, 462, 466, 469, 476, 479, 650, 848, 873, 884, 886, 909, 913, 916, 925, 930]","[12, 24, 25, 28, 88, 100, 104, 119, 123, 129, 136, 137, 139, 140, 141, 148, 155, 169, 172, 179, 183, 185, 188, 196, 198, 217, 237, 267, 270, 278, 319, 321, 324, 325, 330, 334, 335, 354, 366, 369, 380, 383, 384, 386, 395, 407, 411, 423, 428, 436, 437, 452, 453, 456, 467, 471, 477, 478, 479, 497, 508, 511, 559, 571, 575, 590, 594, 600, 607, 608, 610, 611, 612, 619, 627, 640, 643, 650, 654, 656, 659, 667, 669, 685, 701, 726, 729, 737, 777, 779, 782, 783, 787, 790, 791, 809, 817, 819, 830, 833, 834, 836, 845, 856, 857, 860, 862, 875, 880, 887, 888, 899, 900, 914, 918, 921, 928, 929, 930, 931]","[12, 24, 25, 28, 88, 100, 104, 119, 123, 129, 136, 137, 139, 140, 141, 148, 155, 169, 172, 179, 183, 185, 188, 196, 198, 217, 237, 267, 270, 278, 319, 321, 324, 325, 330, 334, 335, 354, 366, 369, 380, 383, 384, 386, 395, 407, 411, 423, 428, 436, 437, 452, 453, 456, 467, 471, 477, 478, 479, 497, 508, 511, 559, 571, 575, 590, 594, 600, 607, 608, 610, 611, 612, 619, 627, 640, 643, 650, 654, 656, 659, 667, 669, 685, 701, 726, 729, 737, 777, 779, 782, 783, 787, 790, 791, 809, 817, 819, 830, 833, 834, 836, 845, 856, 857, 860, 862, 875, 880, 887, 888, 899, 900, 914, 918, 921, 928, 929, 930]",7/6 successful match,True,[382],True,138,False,,1.0,True,Top Stop # 83 ( Chevron ),Chevron
"Beaver , 84713 Eagle's Landing Truck Plaza ( Shell )",435-438-5191 I-15 Exit 112 ( W ),24,Beaver,84713,Eagle's Landing Truck Plaza ( Shell ),435-438-5191,2006,Beaver,UT,Shell,( W ),I-15 Exit 112 ,Exit,112,False,,False,I-15,,,,,"[412, 863]","[410, 412, 457, 861, 863]","[410, 412, 457, 861, 863]","[239, 410, 412, 703, 861, 863]","[398, 399, 400, 401, 402, 403, 404, 405, 406, 407, 408, 409, 410, 411, 412, 413, 414, 415, 416, 417, 418, 419, 420, 421, 422, 423, 424, 425, 426, 427, 428, 429, 430, 431, 432, 433, 434, 435, 436, 437, 438, 439, 440, 441, 442, 443, 444, 445, 446, 447, 448, 449, 450, 451, 452, 453, 454, 455, 456, 457, 458, 459, 460, 461, 462, 463, 464, 465, 466, 467, 468, 469, 470, 471, 472, 473, 474, 475, 476, 477, 478, 479, 480, 481, 482, 483, 484, 848, 849, 850, 851, 852, 853, 854, 855, 856, 857, 858, 859, 860, 861, 862, 863, 864, 865, 866, 867, 868, 869, 870, 871, 872, 873, 874, 875, 876, 877, 878, 879, 880, 881, 882, 883, 884, 885, 886, 887, 888, 889, 890, 891, 892, 893, 894, 895, 896, 897, 898, 899, 900, 901, 902, 903, 904, 905, 906, 907, 908, 909, 910, 911, 912, 913, 914, 915, 916, 917, 918, 919, 920, 921, 922, 923, 924, 925, 926, 927, 928, 929, 930, 931, 932, 933, 934, 935]","[16, 125, 156, 163, 168, 184, 205, 222, 229, 253, 258, 265, 313, 317, 336, 340, 341, 356, 363, 365, 366, 367, 370, 375, 388, 391, 394, 396, 402, 410, 411, 412, 413, 415, 416, 417, 418, 419, 425, 429, 431, 433, 435, 437, 440, 441, 442, 443, 451, 452, 456, 457, 458, 460, 461, 464, 471, 473, 474, 475, 481, 482, 501, 596, 628, 635, 655, 675, 693, 716, 720, 725, 771, 775, 793, 796, 797, 811, 817, 818, 820, 825, 838, 841, 844, 846, 851, 857, 861, 862, 863, 864, 866, 867, 868, 870, 871, 877, 881, 883, 885, 888, 891, 892, 893, 898, 899, 904, 905, 907, 908, 911, 918, 920, 921, 922, 923, 924, 926, 931, 933]","[1, 13, 14, 29, 54, 55, 56, 57, 58, 60, 102, 118, 125, 127, 130, 134, 146, 149, 153, 175, 182, 187, 189, 191, 197, 225, 230, 238, 264, 265, 266, 286, 302, 317, 336, 379, 388, 389, 425, 454, 458, 463, 475, 487, 498, 499, 512, 530, 531, 532, 533, 534, 536, 573, 589, 596, 598, 601, 605, 617, 620, 624, 646, 653, 658, 660, 662, 668, 689, 694, 702, 724, 725, 745, 760, 775, 793, 829, 838, 839, 877, 901, 903, 905, 910, 923]","[1, 13, 14, 15, 16, 29, 54, 55, 56, 57, 58, 60, 102, 118, 125, 127, 130, 134, 146, 149, 153, 175, 182, 187, 189, 191, 197, 225, 230, 238, 264, 265, 266, 286, 302, 317, 336, 354, 379, 388, 389, 412, 413, 425, 426, 454, 458, 463, 475, 487, 498, 499, 500, 501, 512, 530, 531, 532, 533, 534, 536, 573, 589, 596, 598, 601, 605, 617, 620, 624, 646, 653, 658, 660, 662, 668, 689, 694, 702, 724, 725, 745, 760, 775, 793, 809, 829, 838, 839, 863, 864, 877, 878, 901, 903, 905, 910, 923]","[512, 916, 1, 917, 918, 13, 14, 15, 919, 16, 530, 531, 532, 920, 533, 534, 536, 921, 29, 922, 923, 388, 924, 925, 926, 54, 55, 927, 56, 57, 58, 60, 573, 928, 389, 929, 930, 931, 589, 932, 596, 598, 933, 601, 934, 605, 935, 102, 617, 620, 624, 391, 628, 118, 635, 125, 127, 130, 134, 646, 653, 655, 146, 658, 660, 149, 662, 153, 336, 156, 668, 163, 675, 168, 340, 175, 689, 341, 693, 182, 694, 184, 187, 394, 189, 702, 703, 191, 197, 716, 205, 720, 724, 725, 375, 222, 225, 229, 230, 745, 396, 239, 238, 354, 760, 253, 356, 258, 771, 775, 264, 265, 266, 793, 796, 797, 286, 363, 809, 811, 365, 302, 817, 366, 818, 820, 367, 313, 825, 317, 829, 379, 370, 838, 839, 841, 844, 846, 848, 849, 850, 851, 852, 853, 854, 855, 856, 857, 858, 859, 860, 861, 862, 863, 864, 865, 866, 867, 868, 869, 870, 871, 872, 873, 874, 875, 876, 877, 878, 879, 880, 881, 882, 883, 884, 885, 886, 887, 888, 889, 890, 891, 892, 893, 894, 895, 896, 897, 898, 899, 900, 901, 902, 903, 904, 905, 906, 907, 908, 909, 398, 399, 400, 401, 402, 403, 404, 405, 406, 407, 408, 409, 410, 411, 412, 413, 414, 415, 416, 417, 418, 419, 420, 421, 422, 423, 424, 425, 426, 427, 428, 429, 430, 431, 432, 433, 434, 435, 436, 437, 438, 439, 440, 441, 442, 443, 444, 445, 446, 447, 448, 449, 450, 451, 452, 453, 454, 455, 456, 457, 458, 459, 460, 461, 462, 463, 464, 465, 466, 467, 468, 469, 470, 471, 472, 473, 474, 475, 476, 477, 478, 479, 480, 481, 482, 483, 484, 910, 487, 911, 912, 913, 498, 499, 501, 500, 914, 915]",True,"[410, 412, 457, 861, 863]","[398, 399, 400, 401, 402, 403, 404, 405, 406, 407, 408, 409, 410, 411, 412, 413, 414, 415, 416, 417, 418, 419, 420, 421, 422, 423, 424, 425, 426, 427, 428, 429, 430, 431, 432, 433, 434, 435, 436, 437, 438, 439, 440, 441, 442, 443, 444, 445, 446, 447, 448, 449, 450, 451, 452, 453, 454, 455, 456, 457, 458, 459, 460, 461, 462, 463, 464, 465, 466, 467, 468, 469, 470, 471, 472, 473, 474, 475, 476, 477, 478, 479, 480, 481, 482, 483, 484, 848, 849, 850, 851, 852, 853, 854, 855, 856, 857, 858, 859, 860, 861, 862, 863, 864, 865, 866, 867, 868, 869, 870, 871, 872, 873, 874, 875, 876, 877, 878, 879, 880, 881, 882, 883, 884, 885, 886, 887, 888, 889, 890, 891, 892, 893, 894, 895, 896, 897, 898, 899, 900, 901, 902, 903, 904, 905, 906, 907, 908, 909, 910, 911, 912, 913, 914, 915, 916, 917, 918, 919, 920, 921, 922, 923, 924, 925, 926, 927, 928, 929, 930, 931, 932, 933, 934, 935]","[410, 412, 457, 861, 863]","[239, 410, 412, 703, 861, 863]","[16, 125, 156, 163, 168, 184, 205, 222, 229, 253, 258, 265, 313, 317, 336, 340, 341, 356, 363, 365, 366, 367, 370, 375, 388, 391, 394, 396, 402, 410, 411, 412, 413, 415, 416, 417, 418, 419, 425, 429, 431, 433, 435, 437, 440, 441, 442, 443, 451, 452, 456, 457, 458, 460, 461, 464, 471, 473, 474, 475, 481, 482, 501, 596, 628, 635, 655, 675, 693, 716, 720, 725, 771, 775, 793, 796, 797, 811, 817, 818, 820, 825, 838, 841, 844, 846, 851, 857, 861, 862, 863, 864, 866, 867, 868, 870, 871, 877, 881, 883, 885, 888, 891, 892, 893, 898, 899, 904, 905, 907, 908, 911, 918, 920, 921, 922, 923, 924, 926, 931, 933]","[1, 13, 14, 15, 16, 29, 54, 55, 56, 57, 58, 60, 102, 118, 125, 127, 130, 134, 146, 149, 153, 175, 182, 187, 189, 191, 197, 225, 230, 238, 264, 265, 266, 286, 302, 317, 336, 354, 379, 388, 389, 412, 413, 425, 426, 454, 458, 463, 475, 487, 498, 499, 500, 501, 512, 530, 531, 532, 533, 534, 536, 573, 589, 596, 598, 601, 605, 617, 620, 624, 646, 653, 658, 660, 662, 668, 689, 694, 702, 724, 725, 745, 760, 775, 793, 809, 829, 838, 839, 863, 864, 877, 878, 901, 903, 905, 910, 923]","[1, 13, 14, 29, 54, 55, 56, 57, 58, 60, 102, 118, 125, 127, 130, 134, 146, 149, 153, 175, 182, 187, 189, 191, 197, 225, 230, 238, 264, 265, 266, 286, 302, 317, 336, 379, 388, 389, 425, 454, 458, 463, 475, 487, 498, 499, 512, 530, 531, 532, 533, 534, 536, 573, 589, 596, 598, 601, 605, 617, 620, 624, 646, 653, 658, 660, 662, 668, 689, 694, 702, 724, 725, 745, 760, 775, 793, 829, 838, 839, 877, 901, 903, 905, 910, 923]",6/6 successful match,True,"[538, 539]",True,139,False,,,,,
"Beaver , 84713 Eagle's Landing Truck Plaza ( Texaco )",435-438-5191 I-15 Exit 112 ( W ),) 24 FS L,Beaver,84713,Eagle's Landing Truck Plaza ( Texaco ),435-438-5191,2007,Beaver,UT,Texaco,( W ),I-15 Exit 112 ,Exit,112,False,,False,I-15,,,,,"[412, 863]","[410, 412, 457, 861, 863]","[410, 412, 457, 861, 863]","[239, 410, 412, 703, 861, 863]","[398, 399, 400, 401, 402, 403, 404, 405, 406, 407, 408, 409, 410, 411, 412, 413, 414, 415, 416, 417, 418, 419, 420, 421, 422, 423, 424, 425, 426, 427, 428, 429, 430, 431, 432, 433, 434, 435, 436, 437, 438, 439, 440, 441, 442, 443, 444, 445, 446, 447, 448, 449, 450, 451, 452, 453, 454, 455, 456, 457, 458, 459, 460, 461, 462, 463, 464, 465, 466, 467, 468, 469, 470, 471, 472, 473, 474, 475, 476, 477, 478, 479, 480, 481, 482, 483, 484, 848, 849, 850, 851, 852, 853, 854, 855, 856, 857, 858, 859, 860, 861, 862, 863, 864, 865, 866, 867, 868, 869, 870, 871, 872, 873, 874, 875, 876, 877, 878, 879, 880, 881, 882, 883, 884, 885, 886, 887, 888, 889, 890, 891, 892, 893, 894, 895, 896, 897, 898, 899, 900, 901, 902, 903, 904, 905, 906, 907, 908, 909, 910, 911, 912, 913, 914, 915, 916, 917, 918, 919, 920, 921, 922, 923, 924, 925, 926, 927, 928, 929, 930, 931, 932, 933, 934, 935]","[16, 125, 156, 163, 168, 184, 205, 222, 229, 253, 258, 265, 313, 317, 336, 340, 341, 356, 363, 365, 366, 367, 370, 375, 388, 391, 394, 396, 402, 410, 411, 412, 413, 415, 416, 417, 418, 419, 425, 429, 431, 433, 435, 437, 440, 441, 442, 443, 451, 452, 456, 457, 458, 460, 461, 464, 471, 473, 474, 475, 481, 482, 501, 596, 628, 635, 655, 675, 693, 716, 720, 725, 771, 775, 793, 796, 797, 811, 817, 818, 820, 825, 838, 841, 844, 846, 851, 857, 861, 862, 863, 864, 866, 867, 868, 870, 871, 877, 881, 883, 885, 888, 891, 892, 893, 898, 899, 904, 905, 907, 908, 911, 918, 920, 921, 922, 923, 924, 926, 931, 933]","[26, 390, 474, 486, 509, 840, 922, 926]","[15, 16, 26, 390, 412, 413, 426, 474, 486, 500, 501, 509, 840, 863, 864, 878, 922, 926]","[916, 917, 918, 15, 919, 16, 920, 921, 26, 922, 923, 388, 924, 925, 926, 927, 928, 929, 930, 931, 932, 596, 933, 390, 934, 935, 391, 628, 635, 125, 655, 336, 156, 163, 675, 168, 340, 341, 693, 184, 394, 703, 716, 205, 720, 725, 375, 222, 229, 396, 239, 253, 356, 258, 771, 775, 265, 793, 796, 797, 363, 811, 365, 817, 366, 818, 820, 367, 313, 825, 317, 370, 838, 840, 841, 844, 846, 848, 849, 850, 851, 852, 853, 854, 855, 856, 857, 858, 859, 860, 861, 862, 863, 864, 865, 866, 867, 868, 869, 870, 871, 872, 873, 874, 875, 876, 877, 878, 879, 880, 881, 882, 883, 884, 885, 886, 887, 888, 889, 890, 891, 892, 893, 894, 895, 896, 897, 898, 899, 900, 901, 902, 903, 904, 905, 906, 907, 908, 909, 398, 399, 400, 401, 402, 403, 404, 405, 406, 407, 408, 409, 410, 411, 412, 413, 414, 415, 416, 417, 418, 419, 420, 421, 422, 423, 424, 425, 426, 427, 428, 429, 430, 431, 432, 433, 434, 435, 436, 437, 438, 439, 440, 441, 442, 443, 444, 445, 446, 447, 448, 449, 450, 451, 452, 453, 454, 455, 456, 457, 458, 459, 460, 461, 462, 463, 464, 465, 466, 467, 468, 469, 470, 471, 472, 473, 474, 475, 476, 477, 478, 479, 480, 481, 482, 483, 484, 910, 486, 911, 912, 913, 500, 501, 914, 915, 509]",True,"[410, 412, 457, 861, 863]","[398, 399, 400, 401, 402, 403, 404, 405, 406, 407, 408, 409, 410, 411, 412, 413, 414, 415, 416, 417, 418, 419, 420, 421, 422, 423, 424, 425, 426, 427, 428, 429, 430, 431, 432, 433, 434, 435, 436, 437, 438, 439, 440, 441, 442, 443, 444, 445, 446, 447, 448, 449, 450, 451, 452, 453, 454, 455, 456, 457, 458, 459, 460, 461, 462, 463, 464, 465, 466, 467, 468, 469, 470, 471, 472, 473, 474, 475, 476, 477, 478, 479, 480, 481, 482, 483, 484, 848, 849, 850, 851, 852, 853, 854, 855, 856, 857, 858, 859, 860, 861, 862, 863, 864, 865, 866, 867, 868, 869, 870, 871, 872, 873, 874, 875, 876, 877, 878, 879, 880, 881, 882, 883, 884, 885, 886, 887, 888, 889, 890, 891, 892, 893, 894, 895, 896, 897, 898, 899, 900, 901, 902, 903, 904, 905, 906, 907, 908, 909, 910, 911, 912, 913, 914, 915, 916, 917, 918, 919, 920, 921, 922, 923, 924, 925, 926, 927, 928, 929, 930, 931, 932, 933, 934, 935]","[410, 412, 457, 861, 863]","[239, 410, 412, 703, 861, 863]","[16, 125, 156, 163, 168, 184, 205, 222, 229, 253, 258, 265, 313, 317, 336, 340, 341, 356, 363, 365, 366, 367, 370, 375, 388, 391, 394, 396, 402, 410, 411, 412, 413, 415, 416, 417, 418, 419, 425, 429, 431, 433, 435, 437, 440, 441, 442, 443, 451, 452, 456, 457, 458, 460, 461, 464, 471, 473, 474, 475, 481, 482, 501, 596, 628, 635, 655, 675, 693, 716, 720, 725, 771, 775, 793, 796, 797, 811, 817, 818, 820, 825, 838, 841, 844, 846, 851, 857, 861, 862, 863, 864, 866, 867, 868, 870, 871, 877, 881, 883, 885, 888, 891, 892, 893, 898, 899, 904, 905, 907, 908, 911, 918, 920, 921, 922, 923, 924, 926, 931, 933]","[15, 16, 26, 390, 412, 413, 426, 474, 486, 500, 501, 509, 840, 863, 864, 878, 922, 926]","[26, 390, 474, 486, 509, 840, 922, 926]",6/6 successful match,True,"[538, 539]",True,139,False,,1.0,False,Eagle's Landing Truck Plaza ( Shell ),Shell
"Beaver , 84713",435-438-5191 Eagle's I-15 Exit Landing 112 ( W ) Truck Plaza ( Texaco ),24 HR3 L <U+2610> <U+2610> <U+2610> <U+2610> <U+2610>,Beaver,84713,,435-438-5191,2008,Beaver,UT,,( W ) Truck Plaza ( Texaco ),Eagle's I-15 Exit Landing 112 ,Exit,,True,unclear address_standardized_OFF_parenthesis,True,I-15,,,,,"[412, 863]","[410, 412, 457, 861, 863]","[410, 412, 457, 861, 863]",[],"[398, 399, 400, 401, 402, 403, 404, 405, 406, 407, 408, 409, 410, 411, 412, 413, 414, 415, 416, 417, 418, 419, 420, 421, 422, 423, 424, 425, 426, 427, 428, 429, 430, 431, 432, 433, 434, 435, 436, 437, 438, 439, 440, 441, 442, 443, 444, 445, 446, 447, 448, 449, 450, 451, 452, 453, 454, 455, 456, 457, 458, 459, 460, 461, 462, 463, 464, 465, 466, 467, 468, 469, 470, 471, 472, 473, 474, 475, 476, 477, 478, 479, 480, 481, 482, 483, 484, 848, 849, 850, 851, 852, 853, 854, 855, 856, 857, 858, 859, 860, 861, 862, 863, 864, 865, 866, 867, 868, 869, 870, 871, 872, 873, 874, 875, 876, 877, 878, 879, 880, 881, 882, 883, 884, 885, 886, 887, 888, 889, 890, 891, 892, 893, 894, 895, 896, 897, 898, 899, 900, 901, 902, 903, 904, 905, 906, 907, 908, 909, 910, 911, 912, 913, 914, 915, 916, 917, 918, 919, 920, 921, 922, 923, 924, 925, 926, 927, 928, 929, 930, 931, 932, 933, 934, 935]","[16, 125, 156, 163, 168, 184, 205, 222, 229, 253, 258, 265, 313, 317, 336, 340, 341, 356, 363, 365, 366, 367, 370, 375, 388, 391, 394, 396, 402, 410, 411, 412, 413, 415, 416, 417, 418, 419, 425, 429, 431, 433, 435, 437, 440, 441, 442, 443, 451, 452, 456, 457, 458, 460, 461, 464, 471, 473, 474, 475, 481, 482, 501, 596, 628, 635, 655, 675, 693, 716, 720, 725, 771, 775, 793, 796, 797, 811, 817, 818, 820, 825, 838, 841, 844, 846, 851, 857, 861, 862, 863, 864, 866, 867, 868, 870, 871, 877, 881, 883, 885, 888, 891, 892, 893, 898, 899, 904, 905, 907, 908, 911, 918, 920, 921, 922, 923, 924, 926, 931, 933]",[],[],"[916, 917, 918, 919, 16, 920, 921, 922, 923, 388, 924, 925, 926, 927, 928, 929, 930, 931, 932, 596, 933, 934, 935, 391, 628, 635, 125, 655, 336, 156, 163, 675, 168, 340, 341, 693, 184, 394, 716, 205, 720, 725, 375, 222, 229, 396, 253, 356, 258, 771, 775, 265, 793, 796, 797, 363, 811, 365, 817, 366, 818, 820, 367, 313, 825, 317, 370, 838, 841, 844, 846, 848, 849, 850, 851, 852, 853, 854, 855, 856, 857, 858, 859, 860, 861, 862, 863, 864, 865, 866, 867, 868, 869, 870, 871, 872, 873, 874, 875, 876, 877, 878, 879, 880, 881, 882, 883, 884, 885, 886, 887, 888, 889, 890, 891, 892, 893, 894, 895, 896, 897, 898, 899, 900, 901, 902, 903, 904, 905, 906, 907, 908, 909, 398, 399, 400, 401, 402, 403, 404, 405, 406, 407, 408, 409, 410, 411, 412, 413, 414, 415, 416, 417, 418, 419, 420, 421, 422, 423, 424, 425, 426, 427, 428, 429, 430, 431, 432, 433, 434, 435, 436, 437, 438, 439, 440, 441, 442, 443, 444, 445, 446, 447, 448, 449, 450, 451, 452, 453, 454, 455, 456, 457, 458, 459, 460, 461, 462, 463, 464, 465, 466, 467, 468, 469, 470, 471, 472, 473, 474, 475, 476, 477, 478, 479, 480, 481, 482, 483, 484, 910, 911, 912, 913, 501, 914, 915]",True,"[410, 412, 457, 861, 863]","[398, 399, 400, 401, 402, 403, 404, 405, 406, 407, 408, 409, 410, 411, 412, 413, 414, 415, 416, 417, 418, 419, 420, 421, 422, 423, 424, 425, 426, 427, 428, 429, 430, 431, 432, 433, 434, 435, 436, 437, 438, 439, 440, 441, 442, 443, 444, 445, 446, 447, 448, 449, 450, 451, 452, 453, 454, 455, 456, 457, 458, 459, 460, 461, 462, 463, 464, 465, 466, 467, 468, 469, 470, 471, 472, 473, 474, 475, 476, 477, 478, 479, 480, 481, 482, 483, 484, 848, 849, 850, 851, 852, 853, 854, 855, 856, 857, 858, 859, 860, 861, 862, 863, 864, 865, 866, 867, 868, 869, 870, 871, 872, 873, 874, 875, 876, 877, 878, 879, 880, 881, 882, 883, 884, 885, 886, 887, 888, 889, 890, 891, 892, 893, 894, 895, 896, 897, 898, 899, 900, 901, 902, 903, 904, 905, 906, 907, 908, 909, 910, 911, 912, 913, 914, 915, 916, 917, 918, 919, 920, 921, 922, 923, 924, 925, 926, 927, 928, 929, 930, 931, 932, 933, 934, 935]","[410, 412, 457, 861, 863]",[],"[16, 125, 156, 163, 168, 184, 205, 222, 229, 253, 258, 265, 313, 317, 336, 340, 341, 356, 363, 365, 366, 367, 370, 375, 388, 391, 394, 396, 402, 410, 411, 412, 413, 415, 416, 417, 418, 419, 425, 429, 431, 433, 435, 437, 440, 441, 442, 443, 451, 452, 456, 457, 458, 460, 461, 464, 471, 473, 474, 475, 481, 482, 501, 596, 628, 635, 655, 675, 693, 716, 720, 725, 771, 775, 793, 796, 797, 811, 817, 818, 820, 825, 838, 841, 844, 846, 851, 857, 861, 862, 863, 864, 866, 867, 868, 870, 871, 877, 881, 883, 885, 888, 891, 892, 893, 898, 899, 904, 905, 907, 908, 911, 918, 920, 921, 922, 923, 924, 926, 931, 933]",[],[],7/6 successful match,True,"[538, 539]",True,139,True,2008,0.0,True,Eagle's Landing Truck Plaza ( Texaco ),Texaco
Beaver ( 84713 ) Eagle's Landing ( Flying J # 509 ),3 435-438-5191 I-15 Exit 112 ( W ),,Beaver,84713,Eagle's Landing ( Flying J # 509 ),435-438-5191,2014,Beaver,UT,Flying J,( W ),I-15 Exit 112 ,Exit,112,False,,False,I-15,,,,,"[412, 863]","[410, 412, 457, 861, 863]","[410, 412, 457, 861, 863]","[239, 410, 412, 703, 861, 863]","[398, 399, 400, 401, 402, 403, 404, 405, 406, 407, 408, 409, 410, 411, 412, 413, 414, 415, 416, 417, 418, 419, 420, 421, 422, 423, 424, 425, 426, 427, 428, 429, 430, 431, 432, 433, 434, 435, 436, 437, 438, 439, 440, 441, 442, 443, 444, 445, 446, 447, 448, 449, 450, 451, 452, 453, 454, 455, 456, 457, 458, 459, 460, 461, 462, 463, 464, 465, 466, 467, 468, 469, 470, 471, 472, 473, 474, 475, 476, 477, 478, 479, 480, 481, 482, 483, 484, 848, 849, 850, 851, 852, 853, 854, 855, 856, 857, 858, 859, 860, 861, 862, 863, 864, 865, 866, 867, 868, 869, 870, 871, 872, 873, 874, 875, 876, 877, 878, 879, 880, 881, 882, 883, 884, 885, 886, 887, 888, 889, 890, 891, 892, 893, 894, 895, 896, 897, 898, 899, 900, 901, 902, 903, 904, 905, 906, 907, 908, 909, 910, 911, 912, 913, 914, 915, 916, 917, 918, 919, 920, 921, 922, 923, 924, 925, 926, 927, 928, 929, 930, 931, 932, 933, 934, 935]","[16, 125, 156, 163, 168, 184, 205, 222, 229, 253, 258, 265, 313, 317, 336, 340, 341, 356, 363, 365, 366, 367, 370, 375, 388, 391, 394, 396, 402, 410, 411, 412, 413, 415, 416, 417, 418, 419, 425, 429, 431, 433, 435, 437, 440, 441, 442, 443, 451, 452, 456, 457, 458, 460, 461, 464, 471, 473, 474, 475, 481, 482, 501, 596, 628, 635, 655, 675, 693, 716, 720, 725, 771, 775, 793, 796, 797, 811, 817, 818, 820, 825, 838, 841, 844, 846, 851, 857, 861, 862, 863, 864, 866, 867, 868, 870, 871, 877, 881, 883, 885, 888, 891, 892, 893, 898, 899, 904, 905, 907, 908, 911, 918, 920, 921, 922, 923, 924, 926, 931, 933]","[17, 18, 19, 20, 21, 22, 23, 156, 157, 158, 159, 160, 161, 162, 163, 164, 165, 166, 167, 341, 342, 343, 344, 345, 412, 413, 414, 415, 416, 417, 418, 419, 420, 421, 422, 502, 503, 504, 505, 506, 507, 628, 629, 630, 631, 632, 633, 634, 635, 636, 637, 638, 639, 792, 797, 798, 799, 800, 801, 863, 864, 865, 866, 867, 868, 869, 870, 871, 872, 873, 874]","[15, 16, 17, 18, 19, 20, 21, 22, 23, 156, 157, 158, 159, 160, 161, 162, 163, 164, 165, 166, 167, 168, 340, 341, 342, 343, 344, 345, 346, 412, 413, 414, 415, 416, 417, 418, 419, 420, 421, 422, 426, 500, 501, 502, 503, 504, 505, 506, 507, 628, 629, 630, 631, 632, 633, 634, 635, 636, 637, 638, 639, 792, 796, 797, 798, 799, 800, 801, 863, 864, 865, 866, 867, 868, 869, 870, 871, 872, 873, 874, 878]","[916, 917, 918, 15, 919, 16, 17, 18, 19, 920, 20, 21, 22, 23, 921, 922, 923, 388, 924, 925, 926, 927, 928, 929, 930, 931, 932, 596, 933, 934, 935, 391, 628, 629, 630, 631, 632, 633, 634, 635, 636, 125, 637, 638, 639, 655, 336, 156, 157, 158, 159, 160, 161, 162, 163, 675, 164, 165, 166, 168, 167, 340, 341, 693, 184, 342, 394, 343, 703, 344, 345, 716, 205, 346, 720, 725, 375, 222, 229, 396, 239, 253, 356, 258, 771, 775, 265, 792, 793, 796, 797, 798, 799, 800, 801, 363, 811, 365, 817, 366, 818, 820, 367, 313, 825, 317, 370, 838, 841, 844, 846, 848, 849, 850, 851, 852, 853, 854, 855, 856, 857, 858, 859, 860, 861, 862, 863, 864, 865, 866, 867, 868, 869, 870, 871, 872, 873, 874, 875, 876, 877, 878, 879, 880, 881, 882, 883, 884, 885, 886, 887, 888, 889, 890, 891, 892, 893, 894, 895, 896, 897, 898, 899, 900, 901, 902, 903, 904, 905, 906, 907, 908, 909, 398, 399, 400, 401, 402, 403, 404, 405, 406, 407, 408, 409, 410, 411, 412, 413, 414, 415, 416, 417, 418, 419, 420, 421, 422, 423, 424, 425, 426, 427, 428, 429, 430, 431, 432, 433, 434, 435, 436, 437, 438, 439, 440, 441, 442, 443, 444, 445, 446, 447, 448, 449, 450, 451, 452, 453, 454, 455, 456, 457, 458, 459, 460, 461, 462, 463, 464, 465, 466, 467, 468, 469, 470, 471, 472, 473, 474, 475, 476, 477, 478, 479, 480, 481, 482, 483, 484, 910, 503, 911, 912, 913, 500, 501, 502, 914, 504, 505, 506, 507, 915]",True,"[410, 412, 457, 861, 863]","[398, 399, 400, 401, 402, 403, 404, 405, 406, 407, 408, 409, 410, 411, 412, 413, 414, 415, 416, 417, 418, 419, 420, 421, 422, 423, 424, 425, 426, 427, 428, 429, 430, 431, 432, 433, 434, 435, 436, 437, 438, 439, 440, 441, 442, 443, 444, 445, 446, 447, 448, 449, 450, 451, 452, 453, 454, 455, 456, 457, 458, 459, 460, 461, 462, 463, 464, 465, 466, 467, 468, 469, 470, 471, 472, 473, 474, 475, 476, 477, 478, 479, 480, 481, 482, 483, 484, 848, 849, 850, 851, 852, 853, 854, 855, 856, 857, 858, 859, 860, 861, 862, 863, 864, 865, 866, 867, 868, 869, 870, 871, 872, 873, 874, 875, 876, 877, 878, 879, 880, 881, 882, 883, 884, 885, 886, 887, 888, 889, 890, 891, 892, 893, 894, 895, 896, 897, 898, 899, 900, 901, 902, 903, 904, 905, 906, 907, 908, 909, 910, 911, 912, 913, 914, 915, 916, 917, 918, 919, 920, 921, 922, 923, 924, 925, 926, 927, 928, 929, 930, 931, 932, 933, 934, 935]","[410, 412, 457, 861, 863]","[239, 410, 412, 703, 861, 863]","[16, 125, 156, 163, 168, 184, 205, 222, 229, 253, 258, 265, 313, 317, 336, 340, 341, 356, 363, 365, 366, 367, 370, 375, 388, 391, 394, 396, 402, 410, 411, 412, 413, 415, 416, 417, 418, 419, 425, 429, 431, 433, 435, 437, 440, 441, 442, 443, 451, 452, 456, 457, 458, 460, 461, 464, 471, 473, 474, 475, 481, 482, 501, 596, 628, 635, 655, 675, 693, 716, 720, 725, 771, 775, 793, 796, 797, 811, 817, 818, 820, 825, 838, 841, 844, 846, 851, 857, 861, 862, 863, 864, 866, 867, 868, 870, 871, 877, 881, 883, 885, 888, 891, 892, 893, 898, 899, 904, 905, 907, 908, 911, 918, 920, 921, 922, 923, 924, 926, 931, 933]","[15, 16, 17, 18, 19, 20, 21, 22, 23, 156, 157, 158, 159, 160, 161, 162, 163, 164, 165, 166, 167, 168, 340, 341, 342, 343, 344, 345, 346, 412, 413, 414, 415, 416, 417, 418, 419, 420, 421, 422, 426, 500, 501, 502, 503, 504, 505, 506, 507, 628, 629, 630, 631, 632, 633, 634, 635, 636, 637, 638, 639, 792, 796, 797, 798, 799, 800, 801, 863, 864, 865, 866, 867, 868, 869, 870, 871, 872, 873, 874, 878]","[17, 18, 19, 20, 21, 22, 23, 156, 157, 158, 159, 160, 161, 162, 163, 164, 165, 166, 167, 341, 342, 343, 344, 345, 412, 413, 414, 415, 416, 417, 418, 419, 420, 421, 422, 502, 503, 504, 505, 506, 507, 628, 629, 630, 631, 632, 633, 634, 635, 636, 637, 638, 639, 792, 797, 798, 799, 800, 801, 863, 864, 865, 866, 867, 868, 869, 870, 871, 872, 873, 874]",7/6 successful match,True,"[538, 539]",True,139,True,2014,0.0,True,,
Beaver ( 84713 ) Eagle's Landing ( Flying J # 509 ),435-438-5191 I-15 Exit 112 ( W ),FLYING J 24 <U+2610> LO <U+2610> <U+2610> <U+2610>,Beaver,84713,Eagle's Landing ( Flying J # 509 ),435-438-5191,2015,Beaver,UT,Flying J,( W ),I-15 Exit 112 ,Exit,112,False,,False,I-15,,,,,"[412, 863]","[410, 412, 457, 861, 863]","[410, 412, 457, 861, 863]","[239, 410, 412, 703, 861, 863]","[398, 399, 400, 401, 402, 403, 404, 405, 406, 407, 408, 409, 410, 411, 412, 413, 414, 415, 416, 417, 418, 419, 420, 421, 422, 423, 424, 425, 426, 427, 428, 429, 430, 431, 432, 433, 434, 435, 436, 437, 438, 439, 440, 441, 442, 443, 444, 445, 446, 447, 448, 449, 450, 451, 452, 453, 454, 455, 456, 457, 458, 459, 460, 461, 462, 463, 464, 465, 466, 467, 468, 469, 470, 471, 472, 473, 474, 475, 476, 477, 478, 479, 480, 481, 482, 483, 484, 848, 849, 850, 851, 852, 853, 854, 855, 856, 857, 858, 859, 860, 861, 862, 863, 864, 865, 866, 867, 868, 869, 870, 871, 872, 873, 874, 875, 876, 877, 878, 879, 880, 881, 882, 883, 884, 885, 886, 887, 888, 889, 890, 891, 892, 893, 894, 895, 896, 897, 898, 899, 900, 901, 902, 903, 904, 905, 906, 907, 908, 909, 910, 911, 912, 913, 914, 915, 916, 917, 918, 919, 920, 921, 922, 923, 924, 925, 926, 927, 928, 929, 930, 931, 932, 933, 934, 935]","[16, 125, 156, 163, 168, 184, 205, 222, 229, 253, 258, 265, 313, 317, 336, 340, 341, 356, 363, 365, 366, 367, 370, 375, 388, 391, 394, 396, 402, 410, 411, 412, 413, 415, 416, 417, 418, 419, 425, 429, 431, 433, 435, 437, 440, 441, 442, 443, 451, 452, 456, 457, 458, 460, 461, 464, 471, 473, 474, 475, 481, 482, 501, 596, 628, 635, 655, 675, 693, 716, 720, 725, 771, 775, 793, 796, 797, 811, 817, 818, 820, 825, 838, 841, 844, 846, 851, 857, 861, 862, 863, 864, 866, 867, 868, 870, 871, 877, 881, 883, 885, 888, 891, 892, 893, 898, 899, 904, 905, 907, 908, 911, 918, 920, 921, 922, 923, 924, 926, 931, 933]","[17, 18, 19, 20, 21, 22, 23, 156, 157, 158, 159, 160, 161, 162, 163, 164, 165, 166, 167, 341, 342, 343, 344, 345, 412, 413, 414, 415, 416, 417, 418, 419, 420, 421, 422, 502, 503, 504, 505, 506, 507, 628, 629, 630, 631, 632, 633, 634, 635, 636, 637, 638, 639, 792, 797, 798, 799, 800, 801, 863, 864, 865, 866, 867, 868, 869, 870, 871, 872, 873, 874]","[15, 16, 17, 18, 19, 20, 21, 22, 23, 156, 157, 158, 159, 160, 161, 162, 163, 164, 165, 166, 167, 168, 340, 341, 342, 343, 344, 345, 346, 412, 413, 414, 415, 416, 417, 418, 419, 420, 421, 422, 426, 500, 501, 502, 503, 504, 505, 506, 507, 628, 629, 630, 631, 632, 633, 634, 635, 636, 637, 638, 639, 792, 796, 797, 798, 799, 800, 801, 863, 864, 865, 866, 867, 868, 869, 870, 871, 872, 873, 874, 878]","[916, 917, 918, 15, 919, 16, 17, 18, 19, 920, 20, 21, 22, 23, 921, 922, 923, 388, 924, 925, 926, 927, 928, 929, 930, 931, 932, 596, 933, 934, 935, 391, 628, 629, 630, 631, 632, 633, 634, 635, 636, 125, 637, 638, 639, 655, 336, 156, 157, 158, 159, 160, 161, 162, 163, 675, 164, 165, 166, 168, 167, 340, 341, 693, 184, 342, 394, 343, 703, 344, 345, 716, 205, 346, 720, 725, 375, 222, 229, 396, 239, 253, 356, 258, 771, 775, 265, 792, 793, 796, 797, 798, 799, 800, 801, 363, 811, 365, 817, 366, 818, 820, 367, 313, 825, 317, 370, 838, 841, 844, 846, 848, 849, 850, 851, 852, 853, 854, 855, 856, 857, 858, 859, 860, 861, 862, 863, 864, 865, 866, 867, 868, 869, 870, 871, 872, 873, 874, 875, 876, 877, 878, 879, 880, 881, 882, 883, 884, 885, 886, 887, 888, 889, 890, 891, 892, 893, 894, 895, 896, 897, 898, 899, 900, 901, 902, 903, 904, 905, 906, 907, 908, 909, 398, 399, 400, 401, 402, 403, 404, 405, 406, 407, 408, 409, 410, 411, 412, 413, 414, 415, 416, 417, 418, 419, 420, 421, 422, 423, 424, 425, 426, 427, 428, 429, 430, 431, 432, 433, 434, 435, 436, 437, 438, 439, 440, 441, 442, 443, 444, 445, 446, 447, 448, 449, 450, 451, 452, 453, 454, 455, 456, 457, 458, 459, 460, 461, 462, 463, 464, 465, 466, 467, 468, 469, 470, 471, 472, 473, 474, 475, 476, 477, 478, 479, 480, 481, 482, 483, 484, 910, 503, 911, 912, 913, 500, 501, 502, 914, 504, 505, 506, 507, 915]",True,"[410, 412, 457, 861, 863]","[398, 399, 400, 401, 402, 403, 404, 405, 406, 407, 408, 409, 410, 411, 412, 413, 414, 415, 416, 417, 418, 419, 420, 421, 422, 423, 424, 425, 426, 427, 428, 429, 430, 431, 432, 433, 434, 435, 436, 437, 438, 439, 440, 441, 442, 443, 444, 445, 446, 447, 448, 449, 450, 451, 452, 453, 454, 455, 456, 457, 458, 459, 460, 461, 462, 463, 464, 465, 466, 467, 468, 469, 470, 471, 472, 473, 474, 475, 476, 477, 478, 479, 480, 481, 482, 483, 484, 848, 849, 850, 851, 852, 853, 854, 855, 856, 857, 858, 859, 860, 861, 862, 863, 864, 865, 866, 867, 868, 869, 870, 871, 872, 873, 874, 875, 876, 877, 878, 879, 880, 881, 882, 883, 884, 885, 886, 887, 888, 889, 890, 891, 892, 893, 894, 895, 896, 897, 898, 899, 900, 901, 902, 903, 904, 905, 906, 907, 908, 909, 910, 911, 912, 913, 914, 915, 916, 917, 918, 919, 920, 921, 922, 923, 924, 925, 926, 927, 928, 929, 930, 931, 932, 933, 934, 935]","[410, 412, 457, 861, 863]","[239, 410, 412, 703, 861, 863]","[16, 125, 156, 163, 168, 184, 205, 222, 229, 253, 258, 265, 313, 317, 336, 340, 341, 356, 363, 365, 366, 367, 370, 375, 388, 391, 394, 396, 402, 410, 411, 412, 413, 415, 416, 417, 418, 419, 425, 429, 431, 433, 435, 437, 440, 441, 442, 443, 451, 452, 456, 457, 458, 460, 461, 464, 471, 473, 474, 475, 481, 482, 501, 596, 628, 635, 655, 675, 693, 716, 720, 725, 771, 775, 793, 796, 797, 811, 817, 818, 820, 825, 838, 841, 844, 846, 851, 857, 861, 862, 863, 864, 866, 867, 868, 870, 871, 877, 881, 883, 885, 888, 891, 892, 893, 898, 899, 904, 905, 907, 908, 911, 918, 920, 921, 922, 923, 924, 926, 931, 933]","[15, 16, 17, 18, 19, 20, 21, 22, 23, 156, 157, 158, 159, 160, 161, 162, 163, 164, 165, 166, 167, 168, 340, 341, 342, 343, 344, 345, 346, 412, 413, 414, 415, 416, 417, 418, 419, 420, 421, 422, 426, 500, 501, 502, 503, 504, 505, 506, 507, 628, 629, 630, 631, 632, 633, 634, 635, 636, 637, 638, 639, 792, 796, 797, 798, 799, 800, 801, 863, 864, 865, 866, 867, 868, 869, 870, 871, 872, 873, 874, 878]","[17, 18, 19, 20, 21, 22, 23, 156, 157, 158, 159, 160, 161, 162, 163, 164, 165, 166, 167, 341, 342, 343, 344, 345, 412, 413, 414, 415, 416, 417, 418, 419, 420, 421, 422, 502, 503, 504, 505, 506, 507, 628, 629, 630, 631, 632, 633, 634, 635, 636, 637, 638, 639, 792, 797, 798, 799, 800, 801, 863, 864, 865, 866, 867, 868, 869, 870, 871, 872, 873, 874]",7/6 successful match,True,"[538, 539]",True,139,False,,1.0,True,Eagle's Landing ( Flying J # 509 ),Flying J
Beaver ( 84713 ) Eagle's Landing ( Flying J # 509 ) J,3 435-438-5191 I-15 Exit 112 ( W ) FLYING,J 24 <U+2610>,Beaver,84713,Eagle's Landing ( Flying J # 509 ) J,435-438-5191,2016,Beaver,UT,Flying J,( W ) FLYING,I-15 Exit 112 ,Exit,112,False,,False,I-15,,,,,"[412, 863]","[410, 412, 457, 861, 863]","[410, 412, 457, 861, 863]","[239, 410, 412, 703, 861, 863]","[398, 399, 400, 401, 402, 403, 404, 405, 406, 407, 408, 409, 410, 411, 412, 413, 414, 415, 416, 417, 418, 419, 420, 421, 422, 423, 424, 425, 426, 427, 428, 429, 430, 431, 432, 433, 434, 435, 436, 437, 438, 439, 440, 441, 442, 443, 444, 445, 446, 447, 448, 449, 450, 451, 452, 453, 454, 455, 456, 457, 458, 459, 460, 461, 462, 463, 464, 465, 466, 467, 468, 469, 470, 471, 472, 473, 474, 475, 476, 477, 478, 479, 480, 481, 482, 483, 484, 848, 849, 850, 851, 852, 853, 854, 855, 856, 857, 858, 859, 860, 861, 862, 863, 864, 865, 866, 867, 868, 869, 870, 871, 872, 873, 874, 875, 876, 877, 878, 879, 880, 881, 882, 883, 884, 885, 886, 887, 888, 889, 890, 891, 892, 893, 894, 895, 896, 897, 898, 899, 900, 901, 902, 903, 904, 905, 906, 907, 908, 909, 910, 911, 912, 913, 914, 915, 916, 917, 918, 919, 920, 921, 922, 923, 924, 925, 926, 927, 928, 929, 930, 931, 932, 933, 934, 935]","[16, 125, 156, 163, 168, 184, 205, 222, 229, 253, 258, 265, 313, 317, 336, 340, 341, 356, 363, 365, 366, 367, 370, 375, 388, 391, 394, 396, 402, 410, 411, 412, 413, 415, 416, 417, 418, 419, 425, 429, 431, 433, 435, 437, 440, 441, 442, 443, 451, 452, 456, 457, 458, 460, 461, 464, 471, 473, 474, 475, 481, 482, 501, 596, 628, 635, 655, 675, 693, 716, 720, 725, 771, 775, 793, 796, 797, 811, 817, 818, 820, 825, 838, 841, 844, 846, 851, 857, 861, 862, 863, 864, 866, 867, 868, 870, 871, 877, 881, 883, 885, 888, 891, 892, 893, 898, 899, 904, 905, 907, 908, 911, 918, 920, 921, 922, 923, 924, 926, 931, 933]","[17, 18, 19, 20, 21, 22, 23, 156, 157, 158, 159, 160, 161, 162, 163, 164, 165, 166, 167, 341, 342, 343, 344, 345, 412, 413, 414, 415, 416, 417, 418, 419, 420, 421, 422, 502, 503, 504, 505, 506, 507, 628, 629, 630, 631, 632, 633, 634, 635, 636, 637, 638, 639, 792, 797, 798, 799, 800, 801, 863, 864, 865, 866, 867, 868, 869, 870, 871, 872, 873, 874]","[15, 16, 17, 18, 19, 20, 21, 22, 23, 156, 157, 158, 159, 160, 161, 162, 163, 164, 165, 166, 167, 168, 340, 341, 342, 343, 344, 345, 346, 412, 413, 414, 415, 416, 417, 418, 419, 420, 421, 422, 426, 500, 501, 502, 503, 504, 505, 506, 507, 628, 629, 630, 631, 632, 633, 634, 635, 636, 637, 638, 639, 792, 796, 797, 798, 799, 800, 801, 863, 864, 865, 866, 867, 868, 869, 870, 871, 872, 873, 874, 878]","[916, 917, 918, 15, 919, 16, 17, 18, 19, 920, 20, 21, 22, 23, 921, 922, 923, 388, 924, 925, 926, 927, 928, 929, 930, 931, 932, 596, 933, 934, 935, 391, 628, 629, 630, 631, 632, 633, 634, 635, 636, 125, 637, 638, 639, 655, 336, 156, 157, 158, 159, 160, 161, 162, 163, 675, 164, 165, 166, 168, 167, 340, 341, 693, 184, 342, 394, 343, 703, 344, 345, 716, 205, 346, 720, 725, 375, 222, 229, 396, 239, 253, 356, 258, 771, 775, 265, 792, 793, 796, 797, 798, 799, 800, 801, 363, 811, 365, 817, 366, 818, 820, 367, 313, 825, 317, 370, 838, 841, 844, 846, 848, 849, 850, 851, 852, 853, 854, 855, 856, 857, 858, 859, 860, 861, 862, 863, 864, 865, 866, 867, 868, 869, 870, 871, 872, 873, 874, 875, 876, 877, 878, 879, 880, 881, 882, 883, 884, 885, 886, 887, 888, 889, 890, 891, 892, 893, 894, 895, 896, 897, 898, 899, 900, 901, 902, 903, 904, 905, 906, 907, 908, 909, 398, 399, 400, 401, 402, 403, 404, 405, 406, 407, 408, 409, 410, 411, 412, 413, 414, 415, 416, 417, 418, 419, 420, 421, 422, 423, 424, 425, 426, 427, 428, 429, 430, 431, 432, 433, 434, 435, 436, 437, 438, 439, 440, 441, 442, 443, 444, 445, 446, 447, 448, 449, 450, 451, 452, 453, 454, 455, 456, 457, 458, 459, 460, 461, 462, 463, 464, 465, 466, 467, 468, 469, 470, 471, 472, 473, 474, 475, 476, 477, 478, 479, 480, 481, 482, 483, 484, 910, 503, 911, 912, 913, 500, 501, 502, 914, 504, 505, 506, 507, 915]",True,"[410, 412, 457, 861, 863]","[398, 399, 400, 401, 402, 403, 404, 405, 406, 407, 408, 409, 410, 411, 412, 413, 414, 415, 416, 417, 418, 419, 420, 421, 422, 423, 424, 425, 426, 427, 428, 429, 430, 431, 432, 433, 434, 435, 436, 437, 438, 439, 440, 441, 442, 443, 444, 445, 446, 447, 448, 449, 450, 451, 452, 453, 454, 455, 456, 457, 458, 459, 460, 461, 462, 463, 464, 465, 466, 467, 468, 469, 470, 471, 472, 473, 474, 475, 476, 477, 478, 479, 480, 481, 482, 483, 484, 848, 849, 850, 851, 852, 853, 854, 855, 856, 857, 858, 859, 860, 861, 862, 863, 864, 865, 866, 867, 868, 869, 870, 871, 872, 873, 874, 875, 876, 877, 878, 879, 880, 881, 882, 883, 884, 885, 886, 887, 888, 889, 890, 891, 892, 893, 894, 895, 896, 897, 898, 899, 900, 901, 902, 903, 904, 905, 906, 907, 908, 909, 910, 911, 912, 913, 914, 915, 916, 917, 918, 919, 920, 921, 922, 923, 924, 925, 926, 927, 928, 929, 930, 931, 932, 933, 934, 935]","[410, 412, 457, 861, 863]","[239, 410, 412, 703, 861, 863]","[16, 125, 156, 163, 168, 184, 205, 222, 229, 253, 258, 265, 313, 317, 336, 340, 341, 356, 363, 365, 366, 367, 370, 375, 388, 391, 394, 396, 402, 410, 411, 412, 413, 415, 416, 417, 418, 419, 425, 429, 431, 433, 435, 437, 440, 441, 442, 443, 451, 452, 456, 457, 458, 460, 461, 464, 471, 473, 474, 475, 481, 482, 501, 596, 628, 635, 655, 675, 693, 716, 720, 725, 771, 775, 793, 796, 797, 811, 817, 818, 820, 825, 838, 841, 844, 846, 851, 857, 861, 862, 863, 864, 866, 867, 868, 870, 871, 877, 881, 883, 885, 888, 891, 892, 893, 898, 899, 904, 905, 907, 908, 911, 918, 920, 921, 922, 923, 924, 926, 931, 933]","[15, 16, 17, 18, 19, 20, 21, 22, 23, 156, 157, 158, 159, 160, 161, 162, 163, 164, 165, 166, 167, 168, 340, 341, 342, 343, 344, 345, 346, 412, 413, 414, 415, 416, 417, 418, 419, 420, 421, 422, 426, 500, 501, 502, 503, 504, 505, 506, 507, 628, 629, 630, 631, 632, 633, 634, 635, 636, 637, 638, 639, 792, 796, 797, 798, 799, 800, 801, 863, 864, 865, 866, 867, 868, 869, 870, 871, 872, 873, 874, 878]","[17, 18, 19, 20, 21, 22, 23, 156, 157, 158, 159, 160, 161, 162, 163, 164, 165, 166, 167, 341, 342, 343, 344, 345, 412, 413, 414, 415, 416, 417, 418, 419, 420, 421, 422, 502, 503, 504, 505, 506, 507, 628, 629, 630, 631, 632, 633, 634, 635, 636, 637, 638, 639, 792, 797, 798, 799, 800, 801, 863, 864, 865, 866, 867, 868, 869, 870, 871, 872, 873, 874]",7/6 successful match,True,"[538, 539]",True,139,False,,1.0,True,Eagle's Landing ( Flying J # 509 ),Flying J
"Beaver , 84713 Ernie's Truck Plaza ( Sinclair )",435-438-5846 I-15 Exit 112 ( 3/4 mi E - 1035 UT 160 N ),N ) 24 48 MO,Beaver,84713,Ernie's Truck Plaza ( Sinclair ),435-438-5846,2006,Beaver,UT,Sinclair,( 3/4 mi E - 1035 UT 160 N ),I-15 Exit 112 ,Exit,112,False,,False,I-15,,,,,"[410, 861]","[410, 412, 457, 861, 863]","[410, 412, 457, 861, 863]","[239, 410, 412, 703, 861, 863]","[398, 399, 400, 401, 402, 403, 404, 405, 406, 407, 408, 409, 410, 411, 412, 413, 414, 415, 416, 417, 418, 419, 420, 421, 422, 423, 424, 425, 426, 427, 428, 429, 430, 431, 432, 433, 434, 435, 436, 437, 438, 439, 440, 441, 442, 443, 444, 445, 446, 447, 448, 449, 450, 451, 452, 453, 454, 455, 456, 457, 458, 459, 460, 461, 462, 463, 464, 465, 466, 467, 468, 469, 470, 471, 472, 473, 474, 475, 476, 477, 478, 479, 480, 481, 482, 483, 484, 848, 849, 850, 851, 852, 853, 854, 855, 856, 857, 858, 859, 860, 861, 862, 863, 864, 865, 866, 867, 868, 869, 870, 871, 872, 873, 874, 875, 876, 877, 878, 879, 880, 881, 882, 883, 884, 885, 886, 887, 888, 889, 890, 891, 892, 893, 894, 895, 896, 897, 898, 899, 900, 901, 902, 903, 904, 905, 906, 907, 908, 909, 910, 911, 912, 913, 914, 915, 916, 917, 918, 919, 920, 921, 922, 923, 924, 925, 926, 927, 928, 929, 930, 931, 932, 933, 934, 935]","[16, 125, 156, 163, 168, 184, 205, 222, 229, 253, 258, 265, 313, 317, 336, 340, 341, 356, 363, 365, 366, 367, 370, 375, 388, 391, 394, 396, 402, 410, 411, 412, 413, 415, 416, 417, 418, 419, 425, 429, 431, 433, 435, 437, 440, 441, 442, 443, 451, 452, 456, 457, 458, 460, 461, 464, 471, 473, 474, 475, 481, 482, 501, 596, 628, 635, 655, 675, 693, 716, 720, 725, 771, 775, 793, 796, 797, 811, 817, 818, 820, 825, 838, 841, 844, 846, 851, 857, 861, 862, 863, 864, 866, 867, 868, 870, 871, 877, 881, 883, 885, 888, 891, 892, 893, 898, 899, 904, 905, 907, 908, 911, 918, 920, 921, 922, 923, 924, 926, 931, 933]","[31, 142, 147, 180, 338, 352, 367, 387, 403, 405, 408, 410, 455, 465, 466, 468, 470, 472, 473, 483, 484, 514, 613, 618, 651, 794, 807, 837, 852, 854, 858, 861, 902, 912, 913, 915, 917, 919, 920, 931, 934, 935]","[31, 142, 147, 150, 180, 338, 352, 367, 387, 403, 405, 408, 410, 455, 465, 466, 468, 470, 472, 473, 483, 484, 514, 613, 618, 621, 651, 794, 807, 837, 852, 854, 858, 861, 902, 912, 913, 915, 917, 919, 920, 931, 934, 935]","[916, 514, 917, 918, 387, 919, 16, 920, 921, 922, 31, 923, 388, 924, 925, 926, 927, 928, 929, 930, 931, 932, 596, 933, 934, 935, 613, 618, 621, 391, 628, 635, 125, 651, 142, 655, 147, 150, 336, 156, 163, 675, 338, 168, 340, 341, 693, 180, 184, 394, 703, 716, 205, 720, 725, 375, 222, 229, 352, 396, 239, 253, 356, 258, 771, 775, 265, 793, 794, 796, 797, 363, 807, 811, 365, 817, 366, 818, 820, 367, 313, 825, 317, 837, 370, 838, 841, 844, 846, 848, 849, 850, 851, 852, 853, 854, 855, 856, 857, 858, 859, 860, 861, 862, 863, 864, 865, 866, 867, 868, 869, 870, 871, 872, 873, 874, 875, 876, 877, 878, 879, 880, 881, 882, 883, 884, 885, 886, 887, 888, 889, 890, 891, 892, 893, 894, 895, 896, 897, 898, 899, 900, 901, 902, 903, 904, 905, 906, 907, 908, 909, 398, 399, 400, 401, 402, 403, 404, 405, 406, 407, 408, 409, 410, 411, 412, 413, 414, 415, 416, 417, 418, 419, 420, 421, 422, 423, 424, 425, 426, 427, 428, 429, 430, 431, 432, 433, 434, 435, 436, 437, 438, 439, 440, 441, 442, 443, 444, 445, 446, 447, 448, 449, 450, 451, 452, 453, 454, 455, 456, 457, 458, 459, 460, 461, 462, 463, 464, 465, 466, 467, 468, 469, 470, 471, 472, 473, 474, 475, 476, 477, 478, 479, 480, 481, 482, 483, 484, 910, 911, 912, 913, 501, 914, 915]",True,"[410, 412, 457, 861, 863]","[398, 399, 400, 401, 402, 403, 404, 405, 406, 407, 408, 409, 410, 411, 412, 413, 414, 415, 416, 417, 418, 419, 420, 421, 422, 423, 424, 425, 426, 427, 428, 429, 430, 431, 432, 433, 434, 435, 436, 437, 438, 439, 440, 441, 442, 443, 444, 445, 446, 447, 448, 449, 450, 451, 452, 453, 454, 455, 456, 457, 458, 459, 460, 461, 462, 463, 464, 465, 466, 467, 468, 469, 470, 471, 472, 473, 474, 475, 476, 477, 478, 479, 480, 481, 482, 483, 484, 848, 849, 850, 851, 852, 853, 854, 855, 856, 857, 858, 859, 860, 861, 862, 863, 864, 865, 866, 867, 868, 869, 870, 871, 872, 873, 874, 875, 876, 877, 878, 879, 880, 881, 882, 883, 884, 885, 886, 887, 888, 889, 890, 891, 892, 893, 894, 895, 896, 897, 898, 899, 900, 901, 902, 903, 904, 905, 906, 907, 908, 909, 910, 911, 912, 913, 914, 915, 916, 917, 918, 919, 920, 921, 922, 923, 924, 925, 926, 927, 928, 929, 930, 931, 932, 933, 934, 935]","[410, 412, 457, 861, 863]","[239, 410, 412, 703, 861, 863]","[16, 125, 156, 163, 168, 184, 205, 222, 229, 253, 258, 265, 313, 317, 336, 340, 341, 356, 363, 365, 366, 367, 370, 375, 388, 391, 394, 396, 402, 410, 411, 412, 413, 415, 416, 417, 418, 419, 425, 429, 431, 433, 435, 437, 440, 441, 442, 443, 451, 452, 456, 457, 458, 460, 461, 464, 471, 473, 474, 475, 481, 482, 501, 596, 628, 635, 655, 675, 693, 716, 720, 725, 771, 775, 793, 796, 797, 811, 817, 818, 820, 825, 838, 841, 844, 846, 851, 857, 861, 862, 863, 864, 866, 867, 868, 870, 871, 877, 881, 883, 885, 888, 891, 892, 893, 898, 899, 904, 905, 907, 908, 911, 918, 920, 921, 922, 923, 924, 926, 931, 933]","[31, 142, 147, 150, 180, 338, 352, 367, 387, 403, 405, 408, 410, 455, 465, 466, 468, 470, 472, 473, 483, 484, 514, 613, 618, 621, 651, 794, 807, 837, 852, 854, 858, 861, 902, 912, 913, 915, 917, 919, 920, 931, 934, 935]","[31, 142, 147, 180, 338, 352, 367, 387, 403, 405, 408, 410, 455, 465, 466, 468, 470, 472, 473, 483, 484, 514, 613, 618, 651, 794, 807, 837, 852, 854, 858, 861, 902, 912, 913, 915, 917, 919, 920, 931, 934, 935]",7/6 successful match,True,[154],True,140,False,,,,,
"Beaver , 84713 Ernie's Truck Plaza ( Sinclair ) .",435-438-5846 I-15 Exit 112 ( 3/4 mi E 1035 UT 160 N ),N ) 24 <U+2610> M,Beaver,84713,Ernie's Truck Plaza ( Sinclair ) .,435-438-5846,2007,Beaver,UT,Sinclair,( 3/4 mi E 1035 UT 160 N ),I-15 Exit 112 ,Exit,112,False,,False,I-15,,,,,"[410, 861]","[410, 412, 457, 861, 863]","[410, 412, 457, 861, 863]","[239, 410, 412, 703, 861, 863]","[398, 399, 400, 401, 402, 403, 404, 405, 406, 407, 408, 409, 410, 411, 412, 413, 414, 415, 416, 417, 418, 419, 420, 421, 422, 423, 424, 425, 426, 427, 428, 429, 430, 431, 432, 433, 434, 435, 436, 437, 438, 439, 440, 441, 442, 443, 444, 445, 446, 447, 448, 449, 450, 451, 452, 453, 454, 455, 456, 457, 458, 459, 460, 461, 462, 463, 464, 465, 466, 467, 468, 469, 470, 471, 472, 473, 474, 475, 476, 477, 478, 479, 480, 481, 482, 483, 484, 848, 849, 850, 851, 852, 853, 854, 855, 856, 857, 858, 859, 860, 861, 862, 863, 864, 865, 866, 867, 868, 869, 870, 871, 872, 873, 874, 875, 876, 877, 878, 879, 880, 881, 882, 883, 884, 885, 886, 887, 888, 889, 890, 891, 892, 893, 894, 895, 896, 897, 898, 899, 900, 901, 902, 903, 904, 905, 906, 907, 908, 909, 910, 911, 912, 913, 914, 915, 916, 917, 918, 919, 920, 921, 922, 923, 924, 925, 926, 927, 928, 929, 930, 931, 932, 933, 934, 935]","[16, 125, 156, 163, 168, 184, 205, 222, 229, 253, 258, 265, 313, 317, 336, 340, 341, 356, 363, 365, 366, 367, 370, 375, 388, 391, 394, 396, 402, 410, 411, 412, 413, 415, 416, 417, 418, 419, 425, 429, 431, 433, 435, 437, 440, 441, 442, 443, 451, 452, 456, 457, 458, 460, 461, 464, 471, 473, 474, 475, 481, 482, 501, 596, 628, 635, 655, 675, 693, 716, 720, 725, 771, 775, 793, 796, 797, 811, 817, 818, 820, 825, 838, 841, 844, 846, 851, 857, 861, 862, 863, 864, 866, 867, 868, 870, 871, 877, 881, 883, 885, 888, 891, 892, 893, 898, 899, 904, 905, 907, 908, 911, 918, 920, 921, 922, 923, 924, 926, 931, 933]","[31, 142, 147, 180, 338, 352, 367, 387, 403, 405, 408, 410, 455, 465, 466, 468, 470, 472, 473, 483, 484, 514, 613, 618, 651, 794, 807, 837, 852, 854, 858, 861, 902, 912, 913, 915, 917, 919, 920, 931, 934, 935]","[31, 142, 147, 150, 180, 338, 352, 367, 387, 403, 405, 408, 410, 455, 465, 466, 468, 470, 472, 473, 483, 484, 514, 613, 618, 621, 651, 794, 807, 837, 852, 854, 858, 861, 902, 912, 913, 915, 917, 919, 920, 931, 934, 935]","[916, 514, 917, 918, 387, 919, 16, 920, 921, 922, 31, 923, 388, 924, 925, 926, 927, 928, 929, 930, 931, 932, 596, 933, 934, 935, 613, 618, 621, 391, 628, 635, 125, 651, 142, 655, 147, 150, 336, 156, 163, 675, 338, 168, 340, 341, 693, 180, 184, 394, 703, 716, 205, 720, 725, 375, 222, 229, 352, 396, 239, 253, 356, 258, 771, 775, 265, 793, 794, 796, 797, 363, 807, 811, 365, 817, 366, 818, 820, 367, 313, 825, 317, 837, 370, 838, 841, 844, 846, 848, 849, 850, 851, 852, 853, 854, 855, 856, 857, 858, 859, 860, 861, 862, 863, 864, 865, 866, 867, 868, 869, 870, 871, 872, 873, 874, 875, 876, 877, 878, 879, 880, 881, 882, 883, 884, 885, 886, 887, 888, 889, 890, 891, 892, 893, 894, 895, 896, 897, 898, 899, 900, 901, 902, 903, 904, 905, 906, 907, 908, 909, 398, 399, 400, 401, 402, 403, 404, 405, 406, 407, 408, 409, 410, 411, 412, 413, 414, 415, 416, 417, 418, 419, 420, 421, 422, 423, 424, 425, 426, 427, 428, 429, 430, 431, 432, 433, 434, 435, 436, 437, 438, 439, 440, 441, 442, 443, 444, 445, 446, 447, 448, 449, 450, 451, 452, 453, 454, 455, 456, 457, 458, 459, 460, 461, 462, 463, 464, 465, 466, 467, 468, 469, 470, 471, 472, 473, 474, 475, 476, 477, 478, 479, 480, 481, 482, 483, 484, 910, 911, 912, 913, 501, 914, 915]",True,"[410, 412, 457, 861, 863]","[398, 399, 400, 401, 402, 403, 404, 405, 406, 407, 408, 409, 410, 411, 412, 413, 414, 415, 416, 417, 418, 419, 420, 421, 422, 423, 424, 425, 426, 427, 428, 429, 430, 431, 432, 433, 434, 435, 436, 437, 438, 439, 440, 441, 442, 443, 444, 445, 446, 447, 448, 449, 450, 451, 452, 453, 454, 455, 456, 457, 458, 459, 460, 461, 462, 463, 464, 465, 466, 467, 468, 469, 470, 471, 472, 473, 474, 475, 476, 477, 478, 479, 480, 481, 482, 483, 484, 848, 849, 850, 851, 852, 853, 854, 855, 856, 857, 858, 859, 860, 861, 862, 863, 864, 865, 866, 867, 868, 869, 870, 871, 872, 873, 874, 875, 876, 877, 878, 879, 880, 881, 882, 883, 884, 885, 886, 887, 888, 889, 890, 891, 892, 893, 894, 895, 896, 897, 898, 899, 900, 901, 902, 903, 904, 905, 906, 907, 908, 909, 910, 911, 912, 913, 914, 915, 916, 917, 918, 919, 920, 921, 922, 923, 924, 925, 926, 927, 928, 929, 930, 931, 932, 933, 934, 935]","[410, 412, 457, 861, 863]","[239, 410, 412, 703, 861, 863]","[16, 125, 156, 163, 168, 184, 205, 222, 229, 253, 258, 265, 313, 317, 336, 340, 341, 356, 363, 365, 366, 367, 370, 375, 388, 391, 394, 396, 402, 410, 411, 412, 413, 415, 416, 417, 418, 419, 425, 429, 431, 433, 435, 437, 440, 441, 442, 443, 451, 452, 456, 457, 458, 460, 461, 464, 471, 473, 474, 475, 481, 482, 501, 596, 628, 635, 655, 675, 693, 716, 720, 725, 771, 775, 793, 796, 797, 811, 817, 818, 820, 825, 838, 841, 844, 846, 851, 857, 861, 862, 863, 864, 866, 867, 868, 870, 871, 877, 881, 883, 885, 888, 891, 892, 893, 898, 899, 904, 905, 907, 908, 911, 918, 920, 921, 922, 923, 924, 926, 931, 933]","[31, 142, 147, 150, 180, 338, 352, 367, 387, 403, 405, 408, 410, 455, 465, 466, 468, 470, 472, 473, 483, 484, 514, 613, 618, 621, 651, 794, 807, 837, 852, 854, 858, 861, 902, 912, 913, 915, 917, 919, 920, 931, 934, 935]","[31, 142, 147, 180, 338, 352, 367, 387, 403, 405, 408, 410, 455, 465, 466, 468, 470, 472, 473, 483, 484, 514, 613, 618, 651, 794, 807, 837, 852, 854, 858, 861, 902, 912, 913, 915, 917, 919, 920, 931, 934, 935]",7/6 successful match,True,[154],True,140,False,,1.0,True,Ernie's Truck Plaza ( Sinclair ),Sinclair
"Beaver , 84713 Ernie's Truck Plaza ( Sinclair )",435-438-5846 I-15 Exit 112 ( 3/4 mi E - 1035 UT 160 N ),N ) 24 M <U+2610><U+2610><U+2610><U+2610>,Beaver,84713,Ernie's Truck Plaza ( Sinclair ),435-438-5846,2008,Beaver,UT,Sinclair,( 3/4 mi E - 1035 UT 160 N ),I-15 Exit 112 ,Exit,112,False,,False,I-15,,,,,"[410, 861]","[410, 412, 457, 861, 863]","[410, 412, 457, 861, 863]","[239, 410, 412, 703, 861, 863]","[398, 399, 400, 401, 402, 403, 404, 405, 406, 407, 408, 409, 410, 411, 412, 413, 414, 415, 416, 417, 418, 419, 420, 421, 422, 423, 424, 425, 426, 427, 428, 429, 430, 431, 432, 433, 434, 435, 436, 437, 438, 439, 440, 441, 442, 443, 444, 445, 446, 447, 448, 449, 450, 451, 452, 453, 454, 455, 456, 457, 458, 459, 460, 461, 462, 463, 464, 465, 466, 467, 468, 469, 470, 471, 472, 473, 474, 475, 476, 477, 478, 479, 480, 481, 482, 483, 484, 848, 849, 850, 851, 852, 853, 854, 855, 856, 857, 858, 859, 860, 861, 862, 863, 864, 865, 866, 867, 868, 869, 870, 871, 872, 873, 874, 875, 876, 877, 878, 879, 880, 881, 882, 883, 884, 885, 886, 887, 888, 889, 890, 891, 892, 893, 894, 895, 896, 897, 898, 899, 900, 901, 902, 903, 904, 905, 906, 907, 908, 909, 910, 911, 912, 913, 914, 915, 916, 917, 918, 919, 920, 921, 922, 923, 924, 925, 926, 927, 928, 929, 930, 931, 932, 933, 934, 935]","[16, 125, 156, 163, 168, 184, 205, 222, 229, 253, 258, 265, 313, 317, 336, 340, 341, 356, 363, 365, 366, 367, 370, 375, 388, 391, 394, 396, 402, 410, 411, 412, 413, 415, 416, 417, 418, 419, 425, 429, 431, 433, 435, 437, 440, 441, 442, 443, 451, 452, 456, 457, 458, 460, 461, 464, 471, 473, 474, 475, 481, 482, 501, 596, 628, 635, 655, 675, 693, 716, 720, 725, 771, 775, 793, 796, 797, 811, 817, 818, 820, 825, 838, 841, 844, 846, 851, 857, 861, 862, 863, 864, 866, 867, 868, 870, 871, 877, 881, 883, 885, 888, 891, 892, 893, 898, 899, 904, 905, 907, 908, 911, 918, 920, 921, 922, 923, 924, 926, 931, 933]","[31, 142, 147, 180, 338, 352, 367, 387, 403, 405, 408, 410, 455, 465, 466, 468, 470, 472, 473, 483, 484, 514, 613, 618, 651, 794, 807, 837, 852, 854, 858, 861, 902, 912, 913, 915, 917, 919, 920, 931, 934, 935]","[31, 142, 147, 150, 180, 338, 352, 367, 387, 403, 405, 408, 410, 455, 465, 466, 468, 470, 472, 473, 483, 484, 514, 613, 618, 621, 651, 794, 807, 837, 852, 854, 858, 861, 902, 912, 913, 915, 917, 919, 920, 931, 934, 935]","[916, 514, 917, 918, 387, 919, 16, 920, 921, 922, 31, 923, 388, 924, 925, 926, 927, 928, 929, 930, 931, 932, 596, 933, 934, 935, 613, 618, 621, 391, 628, 635, 125, 651, 142, 655, 147, 150, 336, 156, 163, 675, 338, 168, 340, 341, 693, 180, 184, 394, 703, 716, 205, 720, 725, 375, 222, 229, 352, 396, 239, 253, 356, 258, 771, 775, 265, 793, 794, 796, 797, 363, 807, 811, 365, 817, 366, 818, 820, 367, 313, 825, 317, 837, 370, 838, 841, 844, 846, 848, 849, 850, 851, 852, 853, 854, 855, 856, 857, 858, 859, 860, 861, 862, 863, 864, 865, 866, 867, 868, 869, 870, 871, 872, 873, 874, 875, 876, 877, 878, 879, 880, 881, 882, 883, 884, 885, 886, 887, 888, 889, 890, 891, 892, 893, 894, 895, 896, 897, 898, 899, 900, 901, 902, 903, 904, 905, 906, 907, 908, 909, 398, 399, 400, 401, 402, 403, 404, 405, 406, 407, 408, 409, 410, 411, 412, 413, 414, 415, 416, 417, 418, 419, 420, 421, 422, 423, 424, 425, 426, 427, 428, 429, 430, 431, 432, 433, 434, 435, 436, 437, 438, 439, 440, 441, 442, 443, 444, 445, 446, 447, 448, 449, 450, 451, 452, 453, 454, 455, 456, 457, 458, 459, 460, 461, 462, 463, 464, 465, 466, 467, 468, 469, 470, 471, 472, 473, 474, 475, 476, 477, 478, 479, 480, 481, 482, 483, 484, 910, 911, 912, 913, 501, 914, 915]",True,"[410, 412, 457, 861, 863]","[398, 399, 400, 401, 402, 403, 404, 405, 406, 407, 408, 409, 410, 411, 412, 413, 414, 415, 416, 417, 418, 419, 420, 421, 422, 423, 424, 425, 426, 427, 428, 429, 430, 431, 432, 433, 434, 435, 436, 437, 438, 439, 440, 441, 442, 443, 444, 445, 446, 447, 448, 449, 450, 451, 452, 453, 454, 455, 456, 457, 458, 459, 460, 461, 462, 463, 464, 465, 466, 467, 468, 469, 470, 471, 472, 473, 474, 475, 476, 477, 478, 479, 480, 481, 482, 483, 484, 848, 849, 850, 851, 852, 853, 854, 855, 856, 857, 858, 859, 860, 861, 862, 863, 864, 865, 866, 867, 868, 869, 870, 871, 872, 873, 874, 875, 876, 877, 878, 879, 880, 881, 882, 883, 884, 885, 886, 887, 888, 889, 890, 891, 892, 893, 894, 895, 896, 897, 898, 899, 900, 901, 902, 903, 904, 905, 906, 907, 908, 909, 910, 911, 912, 913, 914, 915, 916, 917, 918, 919, 920, 921, 922, 923, 924, 925, 926, 927, 928, 929, 930, 931, 932, 933, 934, 935]","[410, 412, 457, 861, 863]","[239, 410, 412, 703, 861, 863]","[16, 125, 156, 163, 168, 184, 205, 222, 229, 253, 258, 265, 313, 317, 336, 340, 341, 356, 363, 365, 366, 367, 370, 375, 388, 391, 394, 396, 402, 410, 411, 412, 413, 415, 416, 417, 418, 419, 425, 429, 431, 433, 435, 437, 440, 441, 442, 443, 451, 452, 456, 457, 458, 460, 461, 464, 471, 473, 474, 475, 481, 482, 501, 596, 628, 635, 655, 675, 693, 716, 720, 725, 771, 775, 793, 796, 797, 811, 817, 818, 820, 825, 838, 841, 844, 846, 851, 857, 861, 862, 863, 864, 866, 867, 868, 870, 871, 877, 881, 883, 885, 888, 891, 892, 893, 898, 899, 904, 905, 907, 908, 911, 918, 920, 921, 922, 923, 924, 926, 931, 933]","[31, 142, 147, 150, 180, 338, 352, 367, 387, 403, 405, 408, 410, 455, 465, 466, 468, 470, 472, 473, 483, 484, 514, 613, 618, 621, 651, 794, 807, 837, 852, 854, 858, 861, 902, 912, 913, 915, 917, 919, 920, 931, 934, 935]","[31, 142, 147, 180, 338, 352, 367, 387, 403, 405, 408, 410, 455, 465, 466, 468, 470, 472, 473, 483, 484, 514, 613, 618, 651, 794, 807, 837, 852, 854, 858, 861, 902, 912, 913, 915, 917, 919, 920, 931, 934, 935]",7/6 successful match,True,[154],True,140,False,,1.0,True,Ernie's Truck Plaza ( Sinclair ) .,Sinclair
Beaver ( 84713 ) Ernie's Truck Plaza ( Sinclair ),435-438-5846 I-15 Exit 112 ( 3/4 mi SE on UT 160 ),24 M,Beaver,84713,Ernie's Truck Plaza ( Sinclair ),435-438-5846,2014,Beaver,UT,Sinclair,( 3/4 mi SE on UT 160 ),I-15 Exit 112 ,Exit,112,False,,False,I-15,,,,,"[410, 861]","[410, 412, 457, 861, 863]","[410, 412, 457, 861, 863]","[239, 410, 412, 703, 861, 863]","[398, 399, 400, 401, 402, 403, 404, 405, 406, 407, 408, 409, 410, 411, 412, 413, 414, 415, 416, 417, 418, 419, 420, 421, 422, 423, 424, 425, 426, 427, 428, 429, 430, 431, 432, 433, 434, 435, 436, 437, 438, 439, 440, 441, 442, 443, 444, 445, 446, 447, 448, 449, 450, 451, 452, 453, 454, 455, 456, 457, 458, 459, 460, 461, 462, 463, 464, 465, 466, 467, 468, 469, 470, 471, 472, 473, 474, 475, 476, 477, 478, 479, 480, 481, 482, 483, 484, 848, 849, 850, 851, 852, 853, 854, 855, 856, 857, 858, 859, 860, 861, 862, 863, 864, 865, 866, 867, 868, 869, 870, 871, 872, 873, 874, 875, 876, 877, 878, 879, 880, 881, 882, 883, 884, 885, 886, 887, 888, 889, 890, 891, 892, 893, 894, 895, 896, 897, 898, 899, 900, 901, 902, 903, 904, 905, 906, 907, 908, 909, 910, 911, 912, 913, 914, 915, 916, 917, 918, 919, 920, 921, 922, 923, 924, 925, 926, 927, 928, 929, 930, 931, 932, 933, 934, 935]","[16, 125, 156, 163, 168, 184, 205, 222, 229, 253, 258, 265, 313, 317, 336, 340, 341, 356, 363, 365, 366, 367, 370, 375, 388, 391, 394, 396, 402, 410, 411, 412, 413, 415, 416, 417, 418, 419, 425, 429, 431, 433, 435, 437, 440, 441, 442, 443, 451, 452, 456, 457, 458, 460, 461, 464, 471, 473, 474, 475, 481, 482, 501, 596, 628, 635, 655, 675, 693, 716, 720, 725, 771, 775, 793, 796, 797, 811, 817, 818, 820, 825, 838, 841, 844, 846, 851, 857, 861, 862, 863, 864, 866, 867, 868, 870, 871, 877, 881, 883, 885, 888, 891, 892, 893, 898, 899, 904, 905, 907, 908, 911, 918, 920, 921, 922, 923, 924, 926, 931, 933]","[31, 142, 147, 180, 338, 352, 367, 387, 403, 405, 408, 410, 455, 465, 466, 468, 470, 472, 473, 483, 484, 514, 613, 618, 651, 794, 807, 837, 852, 854, 858, 861, 902, 912, 913, 915, 917, 919, 920, 931, 934, 935]","[31, 142, 147, 150, 180, 338, 352, 367, 387, 403, 405, 408, 410, 455, 465, 466, 468, 470, 472, 473, 483, 484, 514, 613, 618, 621, 651, 794, 807, 837, 852, 854, 858, 861, 902, 912, 913, 915, 917, 919, 920, 931, 934, 935]","[916, 514, 917, 918, 387, 919, 16, 920, 921, 922, 31, 923, 388, 924, 925, 926, 927, 928, 929, 930, 931, 932, 596, 933, 934, 935, 613, 618, 621, 391, 628, 635, 125, 651, 142, 655, 147, 150, 336, 156, 163, 675, 338, 168, 340, 341, 693, 180, 184, 394, 703, 716, 205, 720, 725, 375, 222, 229, 352, 396, 239, 253, 356, 258, 771, 775, 265, 793, 794, 796, 797, 363, 807, 811, 365, 817, 366, 818, 820, 367, 313, 825, 317, 837, 370, 838, 841, 844, 846, 848, 849, 850, 851, 852, 853, 854, 855, 856, 857, 858, 859, 860, 861, 862, 863, 864, 865, 866, 867, 868, 869, 870, 871, 872, 873, 874, 875, 876, 877, 878, 879, 880, 881, 882, 883, 884, 885, 886, 887, 888, 889, 890, 891, 892, 893, 894, 895, 896, 897, 898, 899, 900, 901, 902, 903, 904, 905, 906, 907, 908, 909, 398, 399, 400, 401, 402, 403, 404, 405, 406, 407, 408, 409, 410, 411, 412, 413, 414, 415, 416, 417, 418, 419, 420, 421, 422, 423, 424, 425, 426, 427, 428, 429, 430, 431, 432, 433, 434, 435, 436, 437, 438, 439, 440, 441, 442, 443, 444, 445, 446, 447, 448, 449, 450, 451, 452, 453, 454, 455, 456, 457, 458, 459, 460, 461, 462, 463, 464, 465, 466, 467, 468, 469, 470, 471, 472, 473, 474, 475, 476, 477, 478, 479, 480, 481, 482, 483, 484, 910, 911, 912, 913, 501, 914, 915]",True,"[410, 412, 457, 861, 863]","[398, 399, 400, 401, 402, 403, 404, 405, 406, 407, 408, 409, 410, 411, 412, 413, 414, 415, 416, 417, 418, 419, 420, 421, 422, 423, 424, 425, 426, 427, 428, 429, 430, 431, 432, 433, 434, 435, 436, 437, 438, 439, 440, 441, 442, 443, 444, 445, 446, 447, 448, 449, 450, 451, 452, 453, 454, 455, 456, 457, 458, 459, 460, 461, 462, 463, 464, 465, 466, 467, 468, 469, 470, 471, 472, 473, 474, 475, 476, 477, 478, 479, 480, 481, 482, 483, 484, 848, 849, 850, 851, 852, 853, 854, 855, 856, 857, 858, 859, 860, 861, 862, 863, 864, 865, 866, 867, 868, 869, 870, 871, 872, 873, 874, 875, 876, 877, 878, 879, 880, 881, 882, 883, 884, 885, 886, 887, 888, 889, 890, 891, 892, 893, 894, 895, 896, 897, 898, 899, 900, 901, 902, 903, 904, 905, 906, 907, 908, 909, 910, 911, 912, 913, 914, 915, 916, 917, 918, 919, 920, 921, 922, 923, 924, 925, 926, 927, 928, 929, 930, 931, 932, 933, 934, 935]","[410, 412, 457, 861, 863]","[239, 410, 412, 703, 861, 863]","[16, 125, 156, 163, 168, 184, 205, 222, 229, 253, 258, 265, 313, 317, 336, 340, 341, 356, 363, 365, 366, 367, 370, 375, 388, 391, 394, 396, 402, 410, 411, 412, 413, 415, 416, 417, 418, 419, 425, 429, 431, 433, 435, 437, 440, 441, 442, 443, 451, 452, 456, 457, 458, 460, 461, 464, 471, 473, 474, 475, 481, 482, 501, 596, 628, 635, 655, 675, 693, 716, 720, 725, 771, 775, 793, 796, 797, 811, 817, 818, 820, 825, 838, 841, 844, 846, 851, 857, 861, 862, 863, 864, 866, 867, 868, 870, 871, 877, 881, 883, 885, 888, 891, 892, 893, 898, 899, 904, 905, 907, 908, 911, 918, 920, 921, 922, 923, 924, 926, 931, 933]","[31, 142, 147, 150, 180, 338, 352, 367, 387, 403, 405, 408, 410, 455, 465, 466, 468, 470, 472, 473, 483, 484, 514, 613, 618, 621, 651, 794, 807, 837, 852, 854, 858, 861, 902, 912, 913, 915, 917, 919, 920, 931, 934, 935]","[31, 142, 147, 180, 338, 352, 367, 387, 403, 405, 408, 410, 455, 465, 466, 468, 470, 472, 473, 483, 484, 514, 613, 618, 651, 794, 807, 837, 852, 854, 858, 861, 902, 912, 913, 915, 917, 919, 920, 931, 934, 935]",7/6 successful match,True,[154],True,140,False,,1.0,True,Ernie's Truck Plaza ( Sinclair ),Sinclair
Beaver ( 84713 ) Ernie's Truck Plaza ( Sinclair ),435-438-5846 I-15 Exit 112 ( 3/4 mi SE on UT 160 ),24 38 M,Beaver,84713,Ernie's Truck Plaza ( Sinclair ),435-438-5846,2015,Beaver,UT,Sinclair,( 3/4 mi SE on UT 160 ),I-15 Exit 112 ,Exit,112,False,,False,I-15,,,,,"[410, 861]","[410, 412, 457, 861, 863]","[410, 412, 457, 861, 863]","[239, 410, 412, 703, 861, 863]","[398, 399, 400, 401, 402, 403, 404, 405, 406, 407, 408, 409, 410, 411, 412, 413, 414, 415, 416, 417, 418, 419, 420, 421, 422, 423, 424, 425, 426, 427, 428, 429, 430, 431, 432, 433, 434, 435, 436, 437, 438, 439, 440, 441, 442, 443, 444, 445, 446, 447, 448, 449, 450, 451, 452, 453, 454, 455, 456, 457, 458, 459, 460, 461, 462, 463, 464, 465, 466, 467, 468, 469, 470, 471, 472, 473, 474, 475, 476, 477, 478, 479, 480, 481, 482, 483, 484, 848, 849, 850, 851, 852, 853, 854, 855, 856, 857, 858, 859, 860, 861, 862, 863, 864, 865, 866, 867, 868, 869, 870, 871, 872, 873, 874, 875, 876, 877, 878, 879, 880, 881, 882, 883, 884, 885, 886, 887, 888, 889, 890, 891, 892, 893, 894, 895, 896, 897, 898, 899, 900, 901, 902, 903, 904, 905, 906, 907, 908, 909, 910, 911, 912, 913, 914, 915, 916, 917, 918, 919, 920, 921, 922, 923, 924, 925, 926, 927, 928, 929, 930, 931, 932, 933, 934, 935]","[16, 125, 156, 163, 168, 184, 205, 222, 229, 253, 258, 265, 313, 317, 336, 340, 341, 356, 363, 365, 366, 367, 370, 375, 388, 391, 394, 396, 402, 410, 411, 412, 413, 415, 416, 417, 418, 419, 425, 429, 431, 433, 435, 437, 440, 441, 442, 443, 451, 452, 456, 457, 458, 460, 461, 464, 471, 473, 474, 475, 481, 482, 501, 596, 628, 635, 655, 675, 693, 716, 720, 725, 771, 775, 793, 796, 797, 811, 817, 818, 820, 825, 838, 841, 844, 846, 851, 857, 861, 862, 863, 864, 866, 867, 868, 870, 871, 877, 881, 883, 885, 888, 891, 892, 893, 898, 899, 904, 905, 907, 908, 911, 918, 920, 921, 922, 923, 924, 926, 931, 933]","[31, 142, 147, 180, 338, 352, 367, 387, 403, 405, 408, 410, 455, 465, 466, 468, 470, 472, 473, 483, 484, 514, 613, 618, 651, 794, 807, 837, 852, 854, 858, 861, 902, 912, 913, 915, 917, 919, 920, 931, 934, 935]","[31, 142, 147, 150, 180, 338, 352, 367, 387, 403, 405, 408, 410, 455, 465, 466, 468, 470, 472, 473, 483, 484, 514, 613, 618, 621, 651, 794, 807, 837, 852, 854, 858, 861, 902, 912, 913, 915, 917, 919, 920, 931, 934, 935]","[916, 514, 917, 918, 387, 919, 16, 920, 921, 922, 31, 923, 388, 924, 925, 926, 927, 928, 929, 930, 931, 932, 596, 933, 934, 935, 613, 618, 621, 391, 628, 635, 125, 651, 142, 655, 147, 150, 336, 156, 163, 675, 338, 168, 340, 341, 693, 180, 184, 394, 703, 716, 205, 720, 725, 375, 222, 229, 352, 396, 239, 253, 356, 258, 771, 775, 265, 793, 794, 796, 797, 363, 807, 811, 365, 817, 366, 818, 820, 367, 313, 825, 317, 837, 370, 838, 841, 844, 846, 848, 849, 850, 851, 852, 853, 854, 855, 856, 857, 858, 859, 860, 861, 862, 863, 864, 865, 866, 867, 868, 869, 870, 871, 872, 873, 874, 875, 876, 877, 878, 879, 880, 881, 882, 883, 884, 885, 886, 887, 888, 889, 890, 891, 892, 893, 894, 895, 896, 897, 898, 899, 900, 901, 902, 903, 904, 905, 906, 907, 908, 909, 398, 399, 400, 401, 402, 403, 404, 405, 406, 407, 408, 409, 410, 411, 412, 413, 414, 415, 416, 417, 418, 419, 420, 421, 422, 423, 424, 425, 426, 427, 428, 429, 430, 431, 432, 433, 434, 435, 436, 437, 438, 439, 440, 441, 442, 443, 444, 445, 446, 447, 448, 449, 450, 451, 452, 453, 454, 455, 456, 457, 458, 459, 460, 461, 462, 463, 464, 465, 466, 467, 468, 469, 470, 471, 472, 473, 474, 475, 476, 477, 478, 479, 480, 481, 482, 483, 484, 910, 911, 912, 913, 501, 914, 915]",True,"[410, 412, 457, 861, 863]","[398, 399, 400, 401, 402, 403, 404, 405, 406, 407, 408, 409, 410, 411, 412, 413, 414, 415, 416, 417, 418, 419, 420, 421, 422, 423, 424, 425, 426, 427, 428, 429, 430, 431, 432, 433, 434, 435, 436, 437, 438, 439, 440, 441, 442, 443, 444, 445, 446, 447, 448, 449, 450, 451, 452, 453, 454, 455, 456, 457, 458, 459, 460, 461, 462, 463, 464, 465, 466, 467, 468, 469, 470, 471, 472, 473, 474, 475, 476, 477, 478, 479, 480, 481, 482, 483, 484, 848, 849, 850, 851, 852, 853, 854, 855, 856, 857, 858, 859, 860, 861, 862, 863, 864, 865, 866, 867, 868, 869, 870, 871, 872, 873, 874, 875, 876, 877, 878, 879, 880, 881, 882, 883, 884, 885, 886, 887, 888, 889, 890, 891, 892, 893, 894, 895, 896, 897, 898, 899, 900, 901, 902, 903, 904, 905, 906, 907, 908, 909, 910, 911, 912, 913, 914, 915, 916, 917, 918, 919, 920, 921, 922, 923, 924, 925, 926, 927, 928, 929, 930, 931, 932, 933, 934, 935]","[410, 412, 457, 861, 863]","[239, 410, 412, 703, 861, 863]","[16, 125, 156, 163, 168, 184, 205, 222, 229, 253, 258, 265, 313, 317, 336, 340, 341, 356, 363, 365, 366, 367, 370, 375, 388, 391, 394, 396, 402, 410, 411, 412, 413, 415, 416, 417, 418, 419, 425, 429, 431, 433, 435, 437, 440, 441, 442, 443, 451, 452, 456, 457, 458, 460, 461, 464, 471, 473, 474, 475, 481, 482, 501, 596, 628, 635, 655, 675, 693, 716, 720, 725, 771, 775, 793, 796, 797, 811, 817, 818, 820, 825, 838, 841, 844, 846, 851, 857, 861, 862, 863, 864, 866, 867, 868, 870, 871, 877, 881, 883, 885, 888, 891, 892, 893, 898, 899, 904, 905, 907, 908, 911, 918, 920, 921, 922, 923, 924, 926, 931, 933]","[31, 142, 147, 150, 180, 338, 352, 367, 387, 403, 405, 408, 410, 455, 465, 466, 468, 470, 472, 473, 483, 484, 514, 613, 618, 621, 651, 794, 807, 837, 852, 854, 858, 861, 902, 912, 913, 915, 917, 919, 920, 931, 934, 935]","[31, 142, 147, 180, 338, 352, 367, 387, 403, 405, 408, 410, 455, 465, 466, 468, 470, 472, 473, 483, 484, 514, 613, 618, 651, 794, 807, 837, 852, 854, 858, 861, 902, 912, 913, 915, 917, 919, 920, 931, 934, 935]",7/6 successful match,True,[154],True,140,False,,1.0,True,Ernie's Truck Plaza ( Sinclair ),Sinclair
Beaver ( 84713 ) Ernie's Truck Plaza ( Sinclair ),435-438-5846 I-15 Exit 112 ( 3/4 mi SE on UT 160 ),24 <U+2610> MOO,Beaver,84713,Ernie's Truck Plaza ( Sinclair ),435-438-5846,2016,Beaver,UT,Sinclair,( 3/4 mi SE on UT 160 ),I-15 Exit 112 ,Exit,112,False,,False,I-15,,,,,"[410, 861]","[410, 412, 457, 861, 863]","[410, 412, 457, 861, 863]","[239, 410, 412, 703, 861, 863]","[398, 399, 400, 401, 402, 403, 404, 405, 406, 407, 408, 409, 410, 411, 412, 413, 414, 415, 416, 417, 418, 419, 420, 421, 422, 423, 424, 425, 426, 427, 428, 429, 430, 431, 432, 433, 434, 435, 436, 437, 438, 439, 440, 441, 442, 443, 444, 445, 446, 447, 448, 449, 450, 451, 452, 453, 454, 455, 456, 457, 458, 459, 460, 461, 462, 463, 464, 465, 466, 467, 468, 469, 470, 471, 472, 473, 474, 475, 476, 477, 478, 479, 480, 481, 482, 483, 484, 848, 849, 850, 851, 852, 853, 854, 855, 856, 857, 858, 859, 860, 861, 862, 863, 864, 865, 866, 867, 868, 869, 870, 871, 872, 873, 874, 875, 876, 877, 878, 879, 880, 881, 882, 883, 884, 885, 886, 887, 888, 889, 890, 891, 892, 893, 894, 895, 896, 897, 898, 899, 900, 901, 902, 903, 904, 905, 906, 907, 908, 909, 910, 911, 912, 913, 914, 915, 916, 917, 918, 919, 920, 921, 922, 923, 924, 925, 926, 927, 928, 929, 930, 931, 932, 933, 934, 935]","[16, 125, 156, 163, 168, 184, 205, 222, 229, 253, 258, 265, 313, 317, 336, 340, 341, 356, 363, 365, 366, 367, 370, 375, 388, 391, 394, 396, 402, 410, 411, 412, 413, 415, 416, 417, 418, 419, 425, 429, 431, 433, 435, 437, 440, 441, 442, 443, 451, 452, 456, 457, 458, 460, 461, 464, 471, 473, 474, 475, 481, 482, 501, 596, 628, 635, 655, 675, 693, 716, 720, 725, 771, 775, 793, 796, 797, 811, 817, 818, 820, 825, 838, 841, 844, 846, 851, 857, 861, 862, 863, 864, 866, 867, 868, 870, 871, 877, 881, 883, 885, 888, 891, 892, 893, 898, 899, 904, 905, 907, 908, 911, 918, 920, 921, 922, 923, 924, 926, 931, 933]","[31, 142, 147, 180, 338, 352, 367, 387, 403, 405, 408, 410, 455, 465, 466, 468, 470, 472, 473, 483, 484, 514, 613, 618, 651, 794, 807, 837, 852, 854, 858, 861, 902, 912, 913, 915, 917, 919, 920, 931, 934, 935]","[31, 142, 147, 150, 180, 338, 352, 367, 387, 403, 405, 408, 410, 455, 465, 466, 468, 470, 472, 473, 483, 484, 514, 613, 618, 621, 651, 794, 807, 837, 852, 854, 858, 861, 902, 912, 913, 915, 917, 919, 920, 931, 934, 935]","[916, 514, 917, 918, 387, 919, 16, 920, 921, 922, 31, 923, 388, 924, 925, 926, 927, 928, 929, 930, 931, 932, 596, 933, 934, 935, 613, 618, 621, 391, 628, 635, 125, 651, 142, 655, 147, 150, 336, 156, 163, 675, 338, 168, 340, 341, 693, 180, 184, 394, 703, 716, 205, 720, 725, 375, 222, 229, 352, 396, 239, 253, 356, 258, 771, 775, 265, 793, 794, 796, 797, 363, 807, 811, 365, 817, 366, 818, 820, 367, 313, 825, 317, 837, 370, 838, 841, 844, 846, 848, 849, 850, 851, 852, 853, 854, 855, 856, 857, 858, 859, 860, 861, 862, 863, 864, 865, 866, 867, 868, 869, 870, 871, 872, 873, 874, 875, 876, 877, 878, 879, 880, 881, 882, 883, 884, 885, 886, 887, 888, 889, 890, 891, 892, 893, 894, 895, 896, 897, 898, 899, 900, 901, 902, 903, 904, 905, 906, 907, 908, 909, 398, 399, 400, 401, 402, 403, 404, 405, 406, 407, 408, 409, 410, 411, 412, 413, 414, 415, 416, 417, 418, 419, 420, 421, 422, 423, 424, 425, 426, 427, 428, 429, 430, 431, 432, 433, 434, 435, 436, 437, 438, 439, 440, 441, 442, 443, 444, 445, 446, 447, 448, 449, 450, 451, 452, 453, 454, 455, 456, 457, 458, 459, 460, 461, 462, 463, 464, 465, 466, 467, 468, 469, 470, 471, 472, 473, 474, 475, 476, 477, 478, 479, 480, 481, 482, 483, 484, 910, 911, 912, 913, 501, 914, 915]",True,"[410, 412, 457, 861, 863]","[398, 399, 400, 401, 402, 403, 404, 405, 406, 407, 408, 409, 410, 411, 412, 413, 414, 415, 416, 417, 418, 419, 420, 421, 422, 423, 424, 425, 426, 427, 428, 429, 430, 431, 432, 433, 434, 435, 436, 437, 438, 439, 440, 441, 442, 443, 444, 445, 446, 447, 448, 449, 450, 451, 452, 453, 454, 455, 456, 457, 458, 459, 460, 461, 462, 463, 464, 465, 466, 467, 468, 469, 470, 471, 472, 473, 474, 475, 476, 477, 478, 479, 480, 481, 482, 483, 484, 848, 849, 850, 851, 852, 853, 854, 855, 856, 857, 858, 859, 860, 861, 862, 863, 864, 865, 866, 867, 868, 869, 870, 871, 872, 873, 874, 875, 876, 877, 878, 879, 880, 881, 882, 883, 884, 885, 886, 887, 888, 889, 890, 891, 892, 893, 894, 895, 896, 897, 898, 899, 900, 901, 902, 903, 904, 905, 906, 907, 908, 909, 910, 911, 912, 913, 914, 915, 916, 917, 918, 919, 920, 921, 922, 923, 924, 925, 926, 927, 928, 929, 930, 931, 932, 933, 934, 935]","[410, 412, 457, 861, 863]","[239, 410, 412, 703, 861, 863]","[16, 125, 156, 163, 168, 184, 205, 222, 229, 253, 258, 265, 313, 317, 336, 340, 341, 356, 363, 365, 366, 367, 370, 375, 388, 391, 394, 396, 402, 410, 411, 412, 413, 415, 416, 417, 418, 419, 425, 429, 431, 433, 435, 437, 440, 441, 442, 443, 451, 452, 456, 457, 458, 460, 461, 464, 471, 473, 474, 475, 481, 482, 501, 596, 628, 635, 655, 675, 693, 716, 720, 725, 771, 775, 793, 796, 797, 811, 817, 818, 820, 825, 838, 841, 844, 846, 851, 857, 861, 862, 863, 864, 866, 867, 868, 870, 871, 877, 881, 883, 885, 888, 891, 892, 893, 898, 899, 904, 905, 907, 908, 911, 918, 920, 921, 922, 923, 924, 926, 931, 933]","[31, 142, 147, 150, 180, 338, 352, 367, 387, 403, 405, 408, 410, 455, 465, 466, 468, 470, 472, 473, 483, 484, 514, 613, 618, 621, 651, 794, 807, 837, 852, 854, 858, 861, 902, 912, 913, 915, 917, 919, 920, 931, 934, 935]","[31, 142, 147, 180, 338, 352, 367, 387, 403, 405, 408, 410, 455, 465, 466, 468, 470, 472, 473, 483, 484, 514, 613, 618, 651, 794, 807, 837, 852, 854, 858, 861, 902, 912, 913, 915, 917, 919, 920, 931, 934, 935]",7/6 successful match,True,[154],True,140,False,,1.0,True,Ernie's Truck Plaza ( Sinclair ),Sinclair
"Cedar City , 84720 JR's Truck Stop ( Texaco )",435-586-0498 I-15 Exit 62 ( N Interchange ),MO,Cedar City,84720,JR's Truck Stop ( Texaco ),435-586-0498,2006,Cedar City,UT,Texaco,( N Interchange ),I-15 Exit 62 ,Exit,62,False,,False,I-15,,,,,"[425, 877]",[],"[425, 429, 877, 881]","[425, 429, 877, 881]","[398, 399, 400, 401, 402, 403, 404, 405, 406, 407, 408, 409, 410, 411, 412, 413, 414, 415, 416, 417, 418, 419, 420, 421, 422, 423, 424, 425, 426, 427, 428, 429, 430, 431, 432, 433, 434, 435, 436, 437, 438, 439, 440, 441, 442, 443, 444, 445, 446, 447, 448, 449, 450, 451, 452, 453, 454, 455, 456, 457, 458, 459, 460, 461, 462, 463, 464, 465, 466, 467, 468, 469, 470, 471, 472, 473, 474, 475, 476, 477, 478, 479, 480, 481, 482, 483, 484, 848, 849, 850, 851, 852, 853, 854, 855, 856, 857, 858, 859, 860, 861, 862, 863, 864, 865, 866, 867, 868, 869, 870, 871, 872, 873, 874, 875, 876, 877, 878, 879, 880, 881, 882, 883, 884, 885, 886, 887, 888, 889, 890, 891, 892, 893, 894, 895, 896, 897, 898, 899, 900, 901, 902, 903, 904, 905, 906, 907, 908, 909, 910, 911, 912, 913, 914, 915, 916, 917, 918, 919, 920, 921, 922, 923, 924, 925, 926, 927, 928, 929, 930, 931, 932, 933, 934, 935]","[16, 125, 156, 163, 168, 184, 205, 222, 229, 253, 258, 265, 313, 317, 336, 340, 341, 356, 363, 365, 366, 367, 370, 375, 388, 391, 394, 396, 402, 410, 411, 412, 413, 415, 416, 417, 418, 419, 425, 429, 431, 433, 435, 437, 440, 441, 442, 443, 451, 452, 456, 457, 458, 460, 461, 464, 471, 473, 474, 475, 481, 482, 501, 596, 628, 635, 655, 675, 693, 716, 720, 725, 771, 775, 793, 796, 797, 811, 817, 818, 820, 825, 838, 841, 844, 846, 851, 857, 861, 862, 863, 864, 866, 867, 868, 870, 871, 877, 881, 883, 885, 888, 891, 892, 893, 898, 899, 904, 905, 907, 908, 911, 918, 920, 921, 922, 923, 924, 926, 931, 933]","[26, 390, 474, 486, 509, 840, 922, 926]","[26, 390, 425, 474, 486, 509, 840, 877, 922, 926]","[916, 917, 918, 919, 16, 920, 921, 26, 922, 923, 388, 924, 925, 926, 927, 928, 929, 930, 931, 932, 596, 933, 390, 934, 935, 391, 628, 635, 125, 655, 336, 156, 163, 675, 168, 340, 341, 693, 184, 394, 716, 205, 720, 725, 375, 222, 229, 396, 253, 356, 258, 771, 775, 265, 793, 796, 797, 363, 811, 365, 817, 366, 818, 820, 367, 313, 825, 317, 370, 838, 840, 841, 844, 846, 848, 849, 850, 851, 852, 853, 854, 855, 856, 857, 858, 859, 860, 861, 862, 863, 864, 865, 866, 867, 868, 869, 870, 871, 872, 873, 874, 875, 876, 877, 878, 879, 880, 881, 882, 883, 884, 885, 886, 887, 888, 889, 890, 891, 892, 893, 894, 895, 896, 897, 898, 899, 900, 901, 902, 903, 904, 905, 906, 907, 908, 909, 398, 399, 400, 401, 402, 403, 404, 405, 406, 407, 408, 409, 410, 411, 412, 413, 414, 415, 416, 417, 418, 419, 420, 421, 422, 423, 424, 425, 426, 427, 428, 429, 430, 431, 432, 433, 434, 435, 436, 437, 438, 439, 440, 441, 442, 443, 444, 445, 446, 447, 448, 449, 450, 451, 452, 453, 454, 455, 456, 457, 458, 459, 460, 461, 462, 463, 464, 465, 466, 467, 468, 469, 470, 471, 472, 473, 474, 475, 476, 477, 478, 479, 480, 481, 482, 483, 484, 910, 486, 911, 912, 913, 501, 914, 915, 509]",True,[],"[398, 399, 400, 401, 402, 403, 404, 405, 406, 407, 408, 409, 410, 411, 412, 413, 414, 415, 416, 417, 418, 419, 420, 421, 422, 423, 424, 425, 426, 427, 428, 429, 430, 431, 432, 433, 434, 435, 436, 437, 438, 439, 440, 441, 442, 443, 444, 445, 446, 447, 448, 449, 450, 451, 452, 453, 454, 455, 456, 457, 458, 459, 460, 461, 462, 463, 464, 465, 466, 467, 468, 469, 470, 471, 472, 473, 474, 475, 476, 477, 478, 479, 480, 481, 482, 483, 484, 848, 849, 850, 851, 852, 853, 854, 855, 856, 857, 858, 859, 860, 861, 862, 863, 864, 865, 866, 867, 868, 869, 870, 871, 872, 873, 874, 875, 876, 877, 878, 879, 880, 881, 882, 883, 884, 885, 886, 887, 888, 889, 890, 891, 892, 893, 894, 895, 896, 897, 898, 899, 900, 901, 902, 903, 904, 905, 906, 907, 908, 909, 910, 911, 912, 913, 914, 915, 916, 917, 918, 919, 920, 921, 922, 923, 924, 925, 926, 927, 928, 929, 930, 931, 932, 933, 934, 935]","[425, 429, 877, 881]","[425, 429, 877, 881]","[16, 125, 156, 163, 168, 184, 205, 222, 229, 253, 258, 265, 313, 317, 336, 340, 341, 356, 363, 365, 366, 367, 370, 375, 388, 391, 394, 396, 402, 410, 411, 412, 413, 415, 416, 417, 418, 419, 425, 429, 431, 433, 435, 437, 440, 441, 442, 443, 451, 452, 456, 457, 458, 460, 461, 464, 471, 473, 474, 475, 481, 482, 501, 596, 628, 635, 655, 675, 693, 716, 720, 725, 771, 775, 793, 796, 797, 811, 817, 818, 820, 825, 838, 841, 844, 846, 851, 857, 861, 862, 863, 864, 866, 867, 868, 870, 871, 877, 881, 883, 885, 888, 891, 892, 893, 898, 899, 904, 905, 907, 908, 911, 918, 920, 921, 922, 923, 924, 926, 931, 933]","[26, 390, 425, 474, 486, 509, 840, 877, 922, 926]","[26, 390, 474, 486, 509, 840, 922, 926]",6/6 successful match,True,[551],True,141,False,,,,,
"Cedar City , 84720 JR's Truck Stop ( Shell )",435-586-0498 I-15 Exit 62 ( N Interchange ),<U+2610> MO,Cedar City,84720,JR's Truck Stop ( Shell ),435-586-0498,2007,Cedar City,UT,Shell,( N Interchange ),I-15 Exit 62 ,Exit,62,False,,False,I-15,,,,,"[425, 877]",[],"[425, 429, 877, 881]","[425, 429, 877, 881]","[398, 399, 400, 401, 402, 403, 404, 405, 406, 407, 408, 409, 410, 411, 412, 413, 414, 415, 416, 417, 418, 419, 420, 421, 422, 423, 424, 425, 426, 427, 428, 429, 430, 431, 432, 433, 434, 435, 436, 437, 438, 439, 440, 441, 442, 443, 444, 445, 446, 447, 448, 449, 450, 451, 452, 453, 454, 455, 456, 457, 458, 459, 460, 461, 462, 463, 464, 465, 466, 467, 468, 469, 470, 471, 472, 473, 474, 475, 476, 477, 478, 479, 480, 481, 482, 483, 484, 848, 849, 850, 851, 852, 853, 854, 855, 856, 857, 858, 859, 860, 861, 862, 863, 864, 865, 866, 867, 868, 869, 870, 871, 872, 873, 874, 875, 876, 877, 878, 879, 880, 881, 882, 883, 884, 885, 886, 887, 888, 889, 890, 891, 892, 893, 894, 895, 896, 897, 898, 899, 900, 901, 902, 903, 904, 905, 906, 907, 908, 909, 910, 911, 912, 913, 914, 915, 916, 917, 918, 919, 920, 921, 922, 923, 924, 925, 926, 927, 928, 929, 930, 931, 932, 933, 934, 935]","[16, 125, 156, 163, 168, 184, 205, 222, 229, 253, 258, 265, 313, 317, 336, 340, 341, 356, 363, 365, 366, 367, 370, 375, 388, 391, 394, 396, 402, 410, 411, 412, 413, 415, 416, 417, 418, 419, 425, 429, 431, 433, 435, 437, 440, 441, 442, 443, 451, 452, 456, 457, 458, 460, 461, 464, 471, 473, 474, 475, 481, 482, 501, 596, 628, 635, 655, 675, 693, 716, 720, 725, 771, 775, 793, 796, 797, 811, 817, 818, 820, 825, 838, 841, 844, 846, 851, 857, 861, 862, 863, 864, 866, 867, 868, 870, 871, 877, 881, 883, 885, 888, 891, 892, 893, 898, 899, 904, 905, 907, 908, 911, 918, 920, 921, 922, 923, 924, 926, 931, 933]","[1, 13, 14, 29, 54, 55, 56, 57, 58, 60, 102, 118, 125, 127, 130, 134, 146, 149, 153, 175, 182, 187, 189, 191, 197, 225, 230, 238, 264, 265, 266, 286, 302, 317, 336, 379, 388, 389, 425, 454, 458, 463, 475, 487, 498, 499, 512, 530, 531, 532, 533, 534, 536, 573, 589, 596, 598, 601, 605, 617, 620, 624, 646, 653, 658, 660, 662, 668, 689, 694, 702, 724, 725, 745, 760, 775, 793, 829, 838, 839, 877, 901, 903, 905, 910, 923]","[1, 13, 14, 29, 54, 55, 56, 57, 58, 60, 102, 118, 125, 127, 130, 134, 146, 149, 153, 175, 182, 187, 189, 191, 197, 225, 230, 238, 264, 265, 266, 286, 302, 317, 336, 354, 379, 388, 389, 425, 454, 458, 463, 475, 487, 498, 499, 512, 530, 531, 532, 533, 534, 536, 573, 589, 596, 598, 601, 605, 617, 620, 624, 646, 653, 658, 660, 662, 668, 689, 694, 702, 724, 725, 745, 760, 775, 793, 809, 829, 838, 839, 877, 901, 903, 905, 910, 923]","[512, 916, 1, 917, 918, 13, 14, 919, 16, 530, 531, 532, 920, 533, 534, 536, 921, 29, 922, 923, 388, 924, 925, 926, 54, 55, 927, 56, 57, 58, 60, 573, 928, 389, 929, 930, 931, 589, 932, 596, 598, 933, 601, 934, 605, 935, 102, 617, 620, 624, 391, 628, 118, 635, 125, 127, 130, 134, 646, 653, 655, 146, 658, 660, 149, 662, 153, 336, 156, 668, 163, 675, 168, 340, 175, 689, 341, 693, 182, 694, 184, 187, 394, 189, 702, 191, 197, 716, 205, 720, 724, 725, 375, 222, 225, 229, 230, 745, 396, 238, 354, 760, 253, 356, 258, 771, 775, 264, 265, 266, 793, 796, 797, 286, 363, 809, 811, 365, 302, 817, 366, 818, 820, 367, 313, 825, 317, 829, 379, 370, 838, 839, 841, 844, 846, 848, 849, 850, 851, 852, 853, 854, 855, 856, 857, 858, 859, 860, 861, 862, 863, 864, 865, 866, 867, 868, 869, 870, 871, 872, 873, 874, 875, 876, 877, 878, 879, 880, 881, 882, 883, 884, 885, 886, 887, 888, 889, 890, 891, 892, 893, 894, 895, 896, 897, 898, 899, 900, 901, 902, 903, 904, 905, 906, 907, 908, 909, 398, 399, 400, 401, 402, 403, 404, 405, 406, 407, 408, 409, 410, 411, 412, 413, 414, 415, 416, 417, 418, 419, 420, 421, 422, 423, 424, 425, 426, 427, 428, 429, 430, 431, 432, 433, 434, 435, 436, 437, 438, 439, 440, 441, 442, 443, 444, 445, 446, 447, 448, 449, 450, 451, 452, 453, 454, 455, 456, 457, 458, 459, 460, 461, 462, 463, 464, 465, 466, 467, 468, 469, 470, 471, 472, 473, 474, 475, 476, 477, 478, 479, 480, 481, 482, 483, 484, 910, 487, 911, 912, 913, 498, 499, 501, 914, 915]",True,[],"[398, 399, 400, 401, 402, 403, 404, 405, 406, 407, 408, 409, 410, 411, 412, 413, 414, 415, 416, 417, 418, 419, 420, 421, 422, 423, 424, 425, 426, 427, 428, 429, 430, 431, 432, 433, 434, 435, 436, 437, 438, 439, 440, 441, 442, 443, 444, 445, 446, 447, 448, 449, 450, 451, 452, 453, 454, 455, 456, 457, 458, 459, 460, 461, 462, 463, 464, 465, 466, 467, 468, 469, 470, 471, 472, 473, 474, 475, 476, 477, 478, 479, 480, 481, 482, 483, 484, 848, 849, 850, 851, 852, 853, 854, 855, 856, 857, 858, 859, 860, 861, 862, 863, 864, 865, 866, 867, 868, 869, 870, 871, 872, 873, 874, 875, 876, 877, 878, 879, 880, 881, 882, 883, 884, 885, 886, 887, 888, 889, 890, 891, 892, 893, 894, 895, 896, 897, 898, 899, 900, 901, 902, 903, 904, 905, 906, 907, 908, 909, 910, 911, 912, 913, 914, 915, 916, 917, 918, 919, 920, 921, 922, 923, 924, 925, 926, 927, 928, 929, 930, 931, 932, 933, 934, 935]","[425, 429, 877, 881]","[425, 429, 877, 881]","[16, 125, 156, 163, 168, 184, 205, 222, 229, 253, 258, 265, 313, 317, 336, 340, 341, 356, 363, 365, 366, 367, 370, 375, 388, 391, 394, 396, 402, 410, 411, 412, 413, 415, 416, 417, 418, 419, 425, 429, 431, 433, 435, 437, 440, 441, 442, 443, 451, 452, 456, 457, 458, 460, 461, 464, 471, 473, 474, 475, 481, 482, 501, 596, 628, 635, 655, 675, 693, 716, 720, 725, 771, 775, 793, 796, 797, 811, 817, 818, 820, 825, 838, 841, 844, 846, 851, 857, 861, 862, 863, 864, 866, 867, 868, 870, 871, 877, 881, 883, 885, 888, 891, 892, 893, 898, 899, 904, 905, 907, 908, 911, 918, 920, 921, 922, 923, 924, 926, 931, 933]","[1, 13, 14, 29, 54, 55, 56, 57, 58, 60, 102, 118, 125, 127, 130, 134, 146, 149, 153, 175, 182, 187, 189, 191, 197, 225, 230, 238, 264, 265, 266, 286, 302, 317, 336, 354, 379, 388, 389, 425, 454, 458, 463, 475, 487, 498, 499, 512, 530, 531, 532, 533, 534, 536, 573, 589, 596, 598, 601, 605, 617, 620, 624, 646, 653, 658, 660, 662, 668, 689, 694, 702, 724, 725, 745, 760, 775, 793, 809, 829, 838, 839, 877, 901, 903, 905, 910, 923]","[1, 13, 14, 29, 54, 55, 56, 57, 58, 60, 102, 118, 125, 127, 130, 134, 146, 149, 153, 175, 182, 187, 189, 191, 197, 225, 230, 238, 264, 265, 266, 286, 302, 317, 336, 379, 388, 389, 425, 454, 458, 463, 475, 487, 498, 499, 512, 530, 531, 532, 533, 534, 536, 573, 589, 596, 598, 601, 605, 617, 620, 624, 646, 653, 658, 660, 662, 668, 689, 694, 702, 724, 725, 745, 760, 775, 793, 829, 838, 839, 877, 901, 903, 905, 910, 923]",7/6 successful match,True,[551],True,141,True,2007,0.4117647058823529,False,JR's Truck Stop ( Texaco ),Texaco
"Cedar City , 84720 JR's Truck Stop ( Shell ) )",435-586-0498 I-15 Exit 62 ( N Interchange ),HRS 24 M,Cedar City,84720,JR's Truck Stop ( Shell ) ),435-586-0498,2008,Cedar City,UT,Shell,( N Interchange ),I-15 Exit 62 ,Exit,62,False,,False,I-15,,,,,"[425, 877]",[],"[425, 429, 877, 881]","[425, 429, 877, 881]","[398, 399, 400, 401, 402, 403, 404, 405, 406, 407, 408, 409, 410, 411, 412, 413, 414, 415, 416, 417, 418, 419, 420, 421, 422, 423, 424, 425, 426, 427, 428, 429, 430, 431, 432, 433, 434, 435, 436, 437, 438, 439, 440, 441, 442, 443, 444, 445, 446, 447, 448, 449, 450, 451, 452, 453, 454, 455, 456, 457, 458, 459, 460, 461, 462, 463, 464, 465, 466, 467, 468, 469, 470, 471, 472, 473, 474, 475, 476, 477, 478, 479, 480, 481, 482, 483, 484, 848, 849, 850, 851, 852, 853, 854, 855, 856, 857, 858, 859, 860, 861, 862, 863, 864, 865, 866, 867, 868, 869, 870, 871, 872, 873, 874, 875, 876, 877, 878, 879, 880, 881, 882, 883, 884, 885, 886, 887, 888, 889, 890, 891, 892, 893, 894, 895, 896, 897, 898, 899, 900, 901, 902, 903, 904, 905, 906, 907, 908, 909, 910, 911, 912, 913, 914, 915, 916, 917, 918, 919, 920, 921, 922, 923, 924, 925, 926, 927, 928, 929, 930, 931, 932, 933, 934, 935]","[16, 125, 156, 163, 168, 184, 205, 222, 229, 253, 258, 265, 313, 317, 336, 340, 341, 356, 363, 365, 366, 367, 370, 375, 388, 391, 394, 396, 402, 410, 411, 412, 413, 415, 416, 417, 418, 419, 425, 429, 431, 433, 435, 437, 440, 441, 442, 443, 451, 452, 456, 457, 458, 460, 461, 464, 471, 473, 474, 475, 481, 482, 501, 596, 628, 635, 655, 675, 693, 716, 720, 725, 771, 775, 793, 796, 797, 811, 817, 818, 820, 825, 838, 841, 844, 846, 851, 857, 861, 862, 863, 864, 866, 867, 868, 870, 871, 877, 881, 883, 885, 888, 891, 892, 893, 898, 899, 904, 905, 907, 908, 911, 918, 920, 921, 922, 923, 924, 926, 931, 933]","[1, 13, 14, 29, 54, 55, 56, 57, 58, 60, 102, 118, 125, 127, 130, 134, 146, 149, 153, 175, 182, 187, 189, 191, 197, 225, 230, 238, 264, 265, 266, 286, 302, 317, 336, 379, 388, 389, 425, 454, 458, 463, 475, 487, 498, 499, 512, 530, 531, 532, 533, 534, 536, 573, 589, 596, 598, 601, 605, 617, 620, 624, 646, 653, 658, 660, 662, 668, 689, 694, 702, 724, 725, 745, 760, 775, 793, 829, 838, 839, 877, 901, 903, 905, 910, 923]","[1, 13, 14, 29, 54, 55, 56, 57, 58, 60, 102, 118, 125, 127, 130, 134, 146, 149, 153, 175, 182, 187, 189, 191, 197, 225, 230, 238, 264, 265, 266, 286, 302, 317, 336, 354, 379, 388, 389, 425, 454, 458, 463, 475, 487, 498, 499, 512, 530, 531, 532, 533, 534, 536, 573, 589, 596, 598, 601, 605, 617, 620, 624, 646, 653, 658, 660, 662, 668, 689, 694, 702, 724, 725, 745, 760, 775, 793, 809, 829, 838, 839, 877, 901, 903, 905, 910, 923]","[512, 916, 1, 917, 918, 13, 14, 919, 16, 530, 531, 532, 920, 533, 534, 536, 921, 29, 922, 923, 388, 924, 925, 926, 54, 55, 927, 56, 57, 58, 60, 573, 928, 389, 929, 930, 931, 589, 932, 596, 598, 933, 601, 934, 605, 935, 102, 617, 620, 624, 391, 628, 118, 635, 125, 127, 130, 134, 646, 653, 655, 146, 658, 660, 149, 662, 153, 336, 156, 668, 163, 675, 168, 340, 175, 689, 341, 693, 182, 694, 184, 187, 394, 189, 702, 191, 197, 716, 205, 720, 724, 725, 375, 222, 225, 229, 230, 745, 396, 238, 354, 760, 253, 356, 258, 771, 775, 264, 265, 266, 793, 796, 797, 286, 363, 809, 811, 365, 302, 817, 366, 818, 820, 367, 313, 825, 317, 829, 379, 370, 838, 839, 841, 844, 846, 848, 849, 850, 851, 852, 853, 854, 855, 856, 857, 858, 859, 860, 861, 862, 863, 864, 865, 866, 867, 868, 869, 870, 871, 872, 873, 874, 875, 876, 877, 878, 879, 880, 881, 882, 883, 884, 885, 886, 887, 888, 889, 890, 891, 892, 893, 894, 895, 896, 897, 898, 899, 900, 901, 902, 903, 904, 905, 906, 907, 908, 909, 398, 399, 400, 401, 402, 403, 404, 405, 406, 407, 408, 409, 410, 411, 412, 413, 414, 415, 416, 417, 418, 419, 420, 421, 422, 423, 424, 425, 426, 427, 428, 429, 430, 431, 432, 433, 434, 435, 436, 437, 438, 439, 440, 441, 442, 443, 444, 445, 446, 447, 448, 449, 450, 451, 452, 453, 454, 455, 456, 457, 458, 459, 460, 461, 462, 463, 464, 465, 466, 467, 468, 469, 470, 471, 472, 473, 474, 475, 476, 477, 478, 479, 480, 481, 482, 483, 484, 910, 487, 911, 912, 913, 498, 499, 501, 914, 915]",True,[],"[398, 399, 400, 401, 402, 403, 404, 405, 406, 407, 408, 409, 410, 411, 412, 413, 414, 415, 416, 417, 418, 419, 420, 421, 422, 423, 424, 425, 426, 427, 428, 429, 430, 431, 432, 433, 434, 435, 436, 437, 438, 439, 440, 441, 442, 443, 444, 445, 446, 447, 448, 449, 450, 451, 452, 453, 454, 455, 456, 457, 458, 459, 460, 461, 462, 463, 464, 465, 466, 467, 468, 469, 470, 471, 472, 473, 474, 475, 476, 477, 478, 479, 480, 481, 482, 483, 484, 848, 849, 850, 851, 852, 853, 854, 855, 856, 857, 858, 859, 860, 861, 862, 863, 864, 865, 866, 867, 868, 869, 870, 871, 872, 873, 874, 875, 876, 877, 878, 879, 880, 881, 882, 883, 884, 885, 886, 887, 888, 889, 890, 891, 892, 893, 894, 895, 896, 897, 898, 899, 900, 901, 902, 903, 904, 905, 906, 907, 908, 909, 910, 911, 912, 913, 914, 915, 916, 917, 918, 919, 920, 921, 922, 923, 924, 925, 926, 927, 928, 929, 930, 931, 932, 933, 934, 935]","[425, 429, 877, 881]","[425, 429, 877, 881]","[16, 125, 156, 163, 168, 184, 205, 222, 229, 253, 258, 265, 313, 317, 336, 340, 341, 356, 363, 365, 366, 367, 370, 375, 388, 391, 394, 396, 402, 410, 411, 412, 413, 415, 416, 417, 418, 419, 425, 429, 431, 433, 435, 437, 440, 441, 442, 443, 451, 452, 456, 457, 458, 460, 461, 464, 471, 473, 474, 475, 481, 482, 501, 596, 628, 635, 655, 675, 693, 716, 720, 725, 771, 775, 793, 796, 797, 811, 817, 818, 820, 825, 838, 841, 844, 846, 851, 857, 861, 862, 863, 864, 866, 867, 868, 870, 871, 877, 881, 883, 885, 888, 891, 892, 893, 898, 899, 904, 905, 907, 908, 911, 918, 920, 921, 922, 923, 924, 926, 931, 933]","[1, 13, 14, 29, 54, 55, 56, 57, 58, 60, 102, 118, 125, 127, 130, 134, 146, 149, 153, 175, 182, 187, 189, 191, 197, 225, 230, 238, 264, 265, 266, 286, 302, 317, 336, 354, 379, 388, 389, 425, 454, 458, 463, 475, 487, 498, 499, 512, 530, 531, 532, 533, 534, 536, 573, 589, 596, 598, 601, 605, 617, 620, 624, 646, 653, 658, 660, 662, 668, 689, 694, 702, 724, 725, 745, 760, 775, 793, 809, 829, 838, 839, 877, 901, 903, 905, 910, 923]","[1, 13, 14, 29, 54, 55, 56, 57, 58, 60, 102, 118, 125, 127, 130, 134, 146, 149, 153, 175, 182, 187, 189, 191, 197, 225, 230, 238, 264, 265, 266, 286, 302, 317, 336, 379, 388, 389, 425, 454, 458, 463, 475, 487, 498, 499, 512, 530, 531, 532, 533, 534, 536, 573, 589, 596, 598, 601, 605, 617, 620, 624, 646, 653, 658, 660, 662, 668, 689, 694, 702, 724, 725, 745, 760, 775, 793, 829, 838, 839, 877, 901, 903, 905, 910, 923]",7/6 successful match,True,[551],True,141,False,,0.9807692307692308,True,JR's Truck Stop ( Shell ),Shell
Cedar City ( 84720 ) JR's Truck Stop ( Shell ),435-586-0498 I-15 Exit 62 ( N Interchange ),24 MO <U+2610>,Cedar City,84720,JR's Truck Stop ( Shell ),435-586-0498,2014,Cedar City,UT,Shell,( N Interchange ),I-15 Exit 62 ,Exit,62,False,,False,I-15,,,,,"[425, 877]",[],"[425, 429, 877, 881]","[425, 429, 877, 881]","[398, 399, 400, 401, 402, 403, 404, 405, 406, 407, 408, 409, 410, 411, 412, 413, 414, 415, 416, 417, 418, 419, 420, 421, 422, 423, 424, 425, 426, 427, 428, 429, 430, 431, 432, 433, 434, 435, 436, 437, 438, 439, 440, 441, 442, 443, 444, 445, 446, 447, 448, 449, 450, 451, 452, 453, 454, 455, 456, 457, 458, 459, 460, 461, 462, 463, 464, 465, 466, 467, 468, 469, 470, 471, 472, 473, 474, 475, 476, 477, 478, 479, 480, 481, 482, 483, 484, 848, 849, 850, 851, 852, 853, 854, 855, 856, 857, 858, 859, 860, 861, 862, 863, 864, 865, 866, 867, 868, 869, 870, 871, 872, 873, 874, 875, 876, 877, 878, 879, 880, 881, 882, 883, 884, 885, 886, 887, 888, 889, 890, 891, 892, 893, 894, 895, 896, 897, 898, 899, 900, 901, 902, 903, 904, 905, 906, 907, 908, 909, 910, 911, 912, 913, 914, 915, 916, 917, 918, 919, 920, 921, 922, 923, 924, 925, 926, 927, 928, 929, 930, 931, 932, 933, 934, 935]","[16, 125, 156, 163, 168, 184, 205, 222, 229, 253, 258, 265, 313, 317, 336, 340, 341, 356, 363, 365, 366, 367, 370, 375, 388, 391, 394, 396, 402, 410, 411, 412, 413, 415, 416, 417, 418, 419, 425, 429, 431, 433, 435, 437, 440, 441, 442, 443, 451, 452, 456, 457, 458, 460, 461, 464, 471, 473, 474, 475, 481, 482, 501, 596, 628, 635, 655, 675, 693, 716, 720, 725, 771, 775, 793, 796, 797, 811, 817, 818, 820, 825, 838, 841, 844, 846, 851, 857, 861, 862, 863, 864, 866, 867, 868, 870, 871, 877, 881, 883, 885, 888, 891, 892, 893, 898, 899, 904, 905, 907, 908, 911, 918, 920, 921, 922, 923, 924, 926, 931, 933]","[1, 13, 14, 29, 54, 55, 56, 57, 58, 60, 102, 118, 125, 127, 130, 134, 146, 149, 153, 175, 182, 187, 189, 191, 197, 225, 230, 238, 264, 265, 266, 286, 302, 317, 336, 379, 388, 389, 425, 454, 458, 463, 475, 487, 498, 499, 512, 530, 531, 532, 533, 534, 536, 573, 589, 596, 598, 601, 605, 617, 620, 624, 646, 653, 658, 660, 662, 668, 689, 694, 702, 724, 725, 745, 760, 775, 793, 829, 838, 839, 877, 901, 903, 905, 910, 923]","[1, 13, 14, 29, 54, 55, 56, 57, 58, 60, 102, 118, 125, 127, 130, 134, 146, 149, 153, 175, 182, 187, 189, 191, 197, 225, 230, 238, 264, 265, 266, 286, 302, 317, 336, 354, 379, 388, 389, 425, 454, 458, 463, 475, 487, 498, 499, 512, 530, 531, 532, 533, 534, 536, 573, 589, 596, 598, 601, 605, 617, 620, 624, 646, 653, 658, 660, 662, 668, 689, 694, 702, 724, 725, 745, 760, 775, 793, 809, 829, 838, 839, 877, 901, 903, 905, 910, 923]","[512, 916, 1, 917, 918, 13, 14, 919, 16, 530, 531, 532, 920, 533, 534, 536, 921, 29, 922, 923, 388, 924, 925, 926, 54, 55, 927, 56, 57, 58, 60, 573, 928, 389, 929, 930, 931, 589, 932, 596, 598, 933, 601, 934, 605, 935, 102, 617, 620, 624, 391, 628, 118, 635, 125, 127, 130, 134, 646, 653, 655, 146, 658, 660, 149, 662, 153, 336, 156, 668, 163, 675, 168, 340, 175, 689, 341, 693, 182, 694, 184, 187, 394, 189, 702, 191, 197, 716, 205, 720, 724, 725, 375, 222, 225, 229, 230, 745, 396, 238, 354, 760, 253, 356, 258, 771, 775, 264, 265, 266, 793, 796, 797, 286, 363, 809, 811, 365, 302, 817, 366, 818, 820, 367, 313, 825, 317, 829, 379, 370, 838, 839, 841, 844, 846, 848, 849, 850, 851, 852, 853, 854, 855, 856, 857, 858, 859, 860, 861, 862, 863, 864, 865, 866, 867, 868, 869, 870, 871, 872, 873, 874, 875, 876, 877, 878, 879, 880, 881, 882, 883, 884, 885, 886, 887, 888, 889, 890, 891, 892, 893, 894, 895, 896, 897, 898, 899, 900, 901, 902, 903, 904, 905, 906, 907, 908, 909, 398, 399, 400, 401, 402, 403, 404, 405, 406, 407, 408, 409, 410, 411, 412, 413, 414, 415, 416, 417, 418, 419, 420, 421, 422, 423, 424, 425, 426, 427, 428, 429, 430, 431, 432, 433, 434, 435, 436, 437, 438, 439, 440, 441, 442, 443, 444, 445, 446, 447, 448, 449, 450, 451, 452, 453, 454, 455, 456, 457, 458, 459, 460, 461, 462, 463, 464, 465, 466, 467, 468, 469, 470, 471, 472, 473, 474, 475, 476, 477, 478, 479, 480, 481, 482, 483, 484, 910, 487, 911, 912, 913, 498, 499, 501, 914, 915]",True,[],"[398, 399, 400, 401, 402, 403, 404, 405, 406, 407, 408, 409, 410, 411, 412, 413, 414, 415, 416, 417, 418, 419, 420, 421, 422, 423, 424, 425, 426, 427, 428, 429, 430, 431, 432, 433, 434, 435, 436, 437, 438, 439, 440, 441, 442, 443, 444, 445, 446, 447, 448, 449, 450, 451, 452, 453, 454, 455, 456, 457, 458, 459, 460, 461, 462, 463, 464, 465, 466, 467, 468, 469, 470, 471, 472, 473, 474, 475, 476, 477, 478, 479, 480, 481, 482, 483, 484, 848, 849, 850, 851, 852, 853, 854, 855, 856, 857, 858, 859, 860, 861, 862, 863, 864, 865, 866, 867, 868, 869, 870, 871, 872, 873, 874, 875, 876, 877, 878, 879, 880, 881, 882, 883, 884, 885, 886, 887, 888, 889, 890, 891, 892, 893, 894, 895, 896, 897, 898, 899, 900, 901, 902, 903, 904, 905, 906, 907, 908, 909, 910, 911, 912, 913, 914, 915, 916, 917, 918, 919, 920, 921, 922, 923, 924, 925, 926, 927, 928, 929, 930, 931, 932, 933, 934, 935]","[425, 429, 877, 881]","[425, 429, 877, 881]","[16, 125, 156, 163, 168, 184, 205, 222, 229, 253, 258, 265, 313, 317, 336, 340, 341, 356, 363, 365, 366, 367, 370, 375, 388, 391, 394, 396, 402, 410, 411, 412, 413, 415, 416, 417, 418, 419, 425, 429, 431, 433, 435, 437, 440, 441, 442, 443, 451, 452, 456, 457, 458, 460, 461, 464, 471, 473, 474, 475, 481, 482, 501, 596, 628, 635, 655, 675, 693, 716, 720, 725, 771, 775, 793, 796, 797, 811, 817, 818, 820, 825, 838, 841, 844, 846, 851, 857, 861, 862, 863, 864, 866, 867, 868, 870, 871, 877, 881, 883, 885, 888, 891, 892, 893, 898, 899, 904, 905, 907, 908, 911, 918, 920, 921, 922, 923, 924, 926, 931, 933]","[1, 13, 14, 29, 54, 55, 56, 57, 58, 60, 102, 118, 125, 127, 130, 134, 146, 149, 153, 175, 182, 187, 189, 191, 197, 225, 230, 238, 264, 265, 266, 286, 302, 317, 336, 354, 379, 388, 389, 425, 454, 458, 463, 475, 487, 498, 499, 512, 530, 531, 532, 533, 534, 536, 573, 589, 596, 598, 601, 605, 617, 620, 624, 646, 653, 658, 660, 662, 668, 689, 694, 702, 724, 725, 745, 760, 775, 793, 809, 829, 838, 839, 877, 901, 903, 905, 910, 923]","[1, 13, 14, 29, 54, 55, 56, 57, 58, 60, 102, 118, 125, 127, 130, 134, 146, 149, 153, 175, 182, 187, 189, 191, 197, 225, 230, 238, 264, 265, 266, 286, 302, 317, 336, 379, 388, 389, 425, 454, 458, 463, 475, 487, 498, 499, 512, 530, 531, 532, 533, 534, 536, 573, 589, 596, 598, 601, 605, 617, 620, 624, 646, 653, 658, 660, 662, 668, 689, 694, 702, 724, 725, 745, 760, 775, 793, 829, 838, 839, 877, 901, 903, 905, 910, 923]",7/6 successful match,True,[551],True,141,False,,0.9807692307692308,True,JR's Truck Stop ( Shell ) ),Shell
Cedar City ( 84720 ) JR's Truck Stop ( Shell ),435-586-0498 I-15 Exit 62 ( N Interchange ),24 MO,Cedar City,84720,JR's Truck Stop ( Shell ),435-586-0498,2015,Cedar City,UT,Shell,( N Interchange ),I-15 Exit 62 ,Exit,62,False,,False,I-15,,,,,"[425, 877]",[],"[425, 429, 877, 881]","[425, 429, 877, 881]","[398, 399, 400, 401, 402, 403, 404, 405, 406, 407, 408, 409, 410, 411, 412, 413, 414, 415, 416, 417, 418, 419, 420, 421, 422, 423, 424, 425, 426, 427, 428, 429, 430, 431, 432, 433, 434, 435, 436, 437, 438, 439, 440, 441, 442, 443, 444, 445, 446, 447, 448, 449, 450, 451, 452, 453, 454, 455, 456, 457, 458, 459, 460, 461, 462, 463, 464, 465, 466, 467, 468, 469, 470, 471, 472, 473, 474, 475, 476, 477, 478, 479, 480, 481, 482, 483, 484, 848, 849, 850, 851, 852, 853, 854, 855, 856, 857, 858, 859, 860, 861, 862, 863, 864, 865, 866, 867, 868, 869, 870, 871, 872, 873, 874, 875, 876, 877, 878, 879, 880, 881, 882, 883, 884, 885, 886, 887, 888, 889, 890, 891, 892, 893, 894, 895, 896, 897, 898, 899, 900, 901, 902, 903, 904, 905, 906, 907, 908, 909, 910, 911, 912, 913, 914, 915, 916, 917, 918, 919, 920, 921, 922, 923, 924, 925, 926, 927, 928, 929, 930, 931, 932, 933, 934, 935]","[16, 125, 156, 163, 168, 184, 205, 222, 229, 253, 258, 265, 313, 317, 336, 340, 341, 356, 363, 365, 366, 367, 370, 375, 388, 391, 394, 396, 402, 410, 411, 412, 413, 415, 416, 417, 418, 419, 425, 429, 431, 433, 435, 437, 440, 441, 442, 443, 451, 452, 456, 457, 458, 460, 461, 464, 471, 473, 474, 475, 481, 482, 501, 596, 628, 635, 655, 675, 693, 716, 720, 725, 771, 775, 793, 796, 797, 811, 817, 818, 820, 825, 838, 841, 844, 846, 851, 857, 861, 862, 863, 864, 866, 867, 868, 870, 871, 877, 881, 883, 885, 888, 891, 892, 893, 898, 899, 904, 905, 907, 908, 911, 918, 920, 921, 922, 923, 924, 926, 931, 933]","[1, 13, 14, 29, 54, 55, 56, 57, 58, 60, 102, 118, 125, 127, 130, 134, 146, 149, 153, 175, 182, 187, 189, 191, 197, 225, 230, 238, 264, 265, 266, 286, 302, 317, 336, 379, 388, 389, 425, 454, 458, 463, 475, 487, 498, 499, 512, 530, 531, 532, 533, 534, 536, 573, 589, 596, 598, 601, 605, 617, 620, 624, 646, 653, 658, 660, 662, 668, 689, 694, 702, 724, 725, 745, 760, 775, 793, 829, 838, 839, 877, 901, 903, 905, 910, 923]","[1, 13, 14, 29, 54, 55, 56, 57, 58, 60, 102, 118, 125, 127, 130, 134, 146, 149, 153, 175, 182, 187, 189, 191, 197, 225, 230, 238, 264, 265, 266, 286, 302, 317, 336, 354, 379, 388, 389, 425, 454, 458, 463, 475, 487, 498, 499, 512, 530, 531, 532, 533, 534, 536, 573, 589, 596, 598, 601, 605, 617, 620, 624, 646, 653, 658, 660, 662, 668, 689, 694, 702, 724, 725, 745, 760, 775, 793, 809, 829, 838, 839, 877, 901, 903, 905, 910, 923]","[512, 916, 1, 917, 918, 13, 14, 919, 16, 530, 531, 532, 920, 533, 534, 536, 921, 29, 922, 923, 388, 924, 925, 926, 54, 55, 927, 56, 57, 58, 60, 573, 928, 389, 929, 930, 931, 589, 932, 596, 598, 933, 601, 934, 605, 935, 102, 617, 620, 624, 391, 628, 118, 635, 125, 127, 130, 134, 646, 653, 655, 146, 658, 660, 149, 662, 153, 336, 156, 668, 163, 675, 168, 340, 175, 689, 341, 693, 182, 694, 184, 187, 394, 189, 702, 191, 197, 716, 205, 720, 724, 725, 375, 222, 225, 229, 230, 745, 396, 238, 354, 760, 253, 356, 258, 771, 775, 264, 265, 266, 793, 796, 797, 286, 363, 809, 811, 365, 302, 817, 366, 818, 820, 367, 313, 825, 317, 829, 379, 370, 838, 839, 841, 844, 846, 848, 849, 850, 851, 852, 853, 854, 855, 856, 857, 858, 859, 860, 861, 862, 863, 864, 865, 866, 867, 868, 869, 870, 871, 872, 873, 874, 875, 876, 877, 878, 879, 880, 881, 882, 883, 884, 885, 886, 887, 888, 889, 890, 891, 892, 893, 894, 895, 896, 897, 898, 899, 900, 901, 902, 903, 904, 905, 906, 907, 908, 909, 398, 399, 400, 401, 402, 403, 404, 405, 406, 407, 408, 409, 410, 411, 412, 413, 414, 415, 416, 417, 418, 419, 420, 421, 422, 423, 424, 425, 426, 427, 428, 429, 430, 431, 432, 433, 434, 435, 436, 437, 438, 439, 440, 441, 442, 443, 444, 445, 446, 447, 448, 449, 450, 451, 452, 453, 454, 455, 456, 457, 458, 459, 460, 461, 462, 463, 464, 465, 466, 467, 468, 469, 470, 471, 472, 473, 474, 475, 476, 477, 478, 479, 480, 481, 482, 483, 484, 910, 487, 911, 912, 913, 498, 499, 501, 914, 915]",True,[],"[398, 399, 400, 401, 402, 403, 404, 405, 406, 407, 408, 409, 410, 411, 412, 413, 414, 415, 416, 417, 418, 419, 420, 421, 422, 423, 424, 425, 426, 427, 428, 429, 430, 431, 432, 433, 434, 435, 436, 437, 438, 439, 440, 441, 442, 443, 444, 445, 446, 447, 448, 449, 450, 451, 452, 453, 454, 455, 456, 457, 458, 459, 460, 461, 462, 463, 464, 465, 466, 467, 468, 469, 470, 471, 472, 473, 474, 475, 476, 477, 478, 479, 480, 481, 482, 483, 484, 848, 849, 850, 851, 852, 853, 854, 855, 856, 857, 858, 859, 860, 861, 862, 863, 864, 865, 866, 867, 868, 869, 870, 871, 872, 873, 874, 875, 876, 877, 878, 879, 880, 881, 882, 883, 884, 885, 886, 887, 888, 889, 890, 891, 892, 893, 894, 895, 896, 897, 898, 899, 900, 901, 902, 903, 904, 905, 906, 907, 908, 909, 910, 911, 912, 913, 914, 915, 916, 917, 918, 919, 920, 921, 922, 923, 924, 925, 926, 927, 928, 929, 930, 931, 932, 933, 934, 935]","[425, 429, 877, 881]","[425, 429, 877, 881]","[16, 125, 156, 163, 168, 184, 205, 222, 229, 253, 258, 265, 313, 317, 336, 340, 341, 356, 363, 365, 366, 367, 370, 375, 388, 391, 394, 396, 402, 410, 411, 412, 413, 415, 416, 417, 418, 419, 425, 429, 431, 433, 435, 437, 440, 441, 442, 443, 451, 452, 456, 457, 458, 460, 461, 464, 471, 473, 474, 475, 481, 482, 501, 596, 628, 635, 655, 675, 693, 716, 720, 725, 771, 775, 793, 796, 797, 811, 817, 818, 820, 825, 838, 841, 844, 846, 851, 857, 861, 862, 863, 864, 866, 867, 868, 870, 871, 877, 881, 883, 885, 888, 891, 892, 893, 898, 899, 904, 905, 907, 908, 911, 918, 920, 921, 922, 923, 924, 926, 931, 933]","[1, 13, 14, 29, 54, 55, 56, 57, 58, 60, 102, 118, 125, 127, 130, 134, 146, 149, 153, 175, 182, 187, 189, 191, 197, 225, 230, 238, 264, 265, 266, 286, 302, 317, 336, 354, 379, 388, 389, 425, 454, 458, 463, 475, 487, 498, 499, 512, 530, 531, 532, 533, 534, 536, 573, 589, 596, 598, 601, 605, 617, 620, 624, 646, 653, 658, 660, 662, 668, 689, 694, 702, 724, 725, 745, 760, 775, 793, 809, 829, 838, 839, 877, 901, 903, 905, 910, 923]","[1, 13, 14, 29, 54, 55, 56, 57, 58, 60, 102, 118, 125, 127, 130, 134, 146, 149, 153, 175, 182, 187, 189, 191, 197, 225, 230, 238, 264, 265, 266, 286, 302, 317, 336, 379, 388, 389, 425, 454, 458, 463, 475, 487, 498, 499, 512, 530, 531, 532, 533, 534, 536, 573, 589, 596, 598, 601, 605, 617, 620, 624, 646, 653, 658, 660, 662, 668, 689, 694, 702, 724, 725, 745, 760, 775, 793, 829, 838, 839, 877, 901, 903, 905, 910, 923]",7/6 successful match,True,[551],True,141,False,,1.0,True,JR's Truck Stop ( Shell ),Shell
Cedar City ( 84720 ) JR's Truck Stop ( Shell ),2 435-586-0498 I-15 Exit 62 ( N Interchange ),24 <U+2610> M D,Cedar City,84720,JR's Truck Stop ( Shell ),435-586-0498,2016,Cedar City,UT,Shell,( N Interchange ),I-15 Exit 62 ,Exit,62,False,,False,I-15,,,,,"[425, 877]",[],"[425, 429, 877, 881]","[425, 429, 877, 881]","[398, 399, 400, 401, 402, 403, 404, 405, 406, 407, 408, 409, 410, 411, 412, 413, 414, 415, 416, 417, 418, 419, 420, 421, 422, 423, 424, 425, 426, 427, 428, 429, 430, 431, 432, 433, 434, 435, 436, 437, 438, 439, 440, 441, 442, 443, 444, 445, 446, 447, 448, 449, 450, 451, 452, 453, 454, 455, 456, 457, 458, 459, 460, 461, 462, 463, 464, 465, 466, 467, 468, 469, 470, 471, 472, 473, 474, 475, 476, 477, 478, 479, 480, 481, 482, 483, 484, 848, 849, 850, 851, 852, 853, 854, 855, 856, 857, 858, 859, 860, 861, 862, 863, 864, 865, 866, 867, 868, 869, 870, 871, 872, 873, 874, 875, 876, 877, 878, 879, 880, 881, 882, 883, 884, 885, 886, 887, 888, 889, 890, 891, 892, 893, 894, 895, 896, 897, 898, 899, 900, 901, 902, 903, 904, 905, 906, 907, 908, 909, 910, 911, 912, 913, 914, 915, 916, 917, 918, 919, 920, 921, 922, 923, 924, 925, 926, 927, 928, 929, 930, 931, 932, 933, 934, 935]","[16, 125, 156, 163, 168, 184, 205, 222, 229, 253, 258, 265, 313, 317, 336, 340, 341, 356, 363, 365, 366, 367, 370, 375, 388, 391, 394, 396, 402, 410, 411, 412, 413, 415, 416, 417, 418, 419, 425, 429, 431, 433, 435, 437, 440, 441, 442, 443, 451, 452, 456, 457, 458, 460, 461, 464, 471, 473, 474, 475, 481, 482, 501, 596, 628, 635, 655, 675, 693, 716, 720, 725, 771, 775, 793, 796, 797, 811, 817, 818, 820, 825, 838, 841, 844, 846, 851, 857, 861, 862, 863, 864, 866, 867, 868, 870, 871, 877, 881, 883, 885, 888, 891, 892, 893, 898, 899, 904, 905, 907, 908, 911, 918, 920, 921, 922, 923, 924, 926, 931, 933]","[1, 13, 14, 29, 54, 55, 56, 57, 58, 60, 102, 118, 125, 127, 130, 134, 146, 149, 153, 175, 182, 187, 189, 191, 197, 225, 230, 238, 264, 265, 266, 286, 302, 317, 336, 379, 388, 389, 425, 454, 458, 463, 475, 487, 498, 499, 512, 530, 531, 532, 533, 534, 536, 573, 589, 596, 598, 601, 605, 617, 620, 624, 646, 653, 658, 660, 662, 668, 689, 694, 702, 724, 725, 745, 760, 775, 793, 829, 838, 839, 877, 901, 903, 905, 910, 923]","[1, 13, 14, 29, 54, 55, 56, 57, 58, 60, 102, 118, 125, 127, 130, 134, 146, 149, 153, 175, 182, 187, 189, 191, 197, 225, 230, 238, 264, 265, 266, 286, 302, 317, 336, 354, 379, 388, 389, 425, 454, 458, 463, 475, 487, 498, 499, 512, 530, 531, 532, 533, 534, 536, 573, 589, 596, 598, 601, 605, 617, 620, 624, 646, 653, 658, 660, 662, 668, 689, 694, 702, 724, 725, 745, 760, 775, 793, 809, 829, 838, 839, 877, 901, 903, 905, 910, 923]","[512, 916, 1, 917, 918, 13, 14, 919, 16, 530, 531, 532, 920, 533, 534, 536, 921, 29, 922, 923, 388, 924, 925, 926, 54, 55, 927, 56, 57, 58, 60, 573, 928, 389, 929, 930, 931, 589, 932, 596, 598, 933, 601, 934, 605, 935, 102, 617, 620, 624, 391, 628, 118, 635, 125, 127, 130, 134, 646, 653, 655, 146, 658, 660, 149, 662, 153, 336, 156, 668, 163, 675, 168, 340, 175, 689, 341, 693, 182, 694, 184, 187, 394, 189, 702, 191, 197, 716, 205, 720, 724, 725, 375, 222, 225, 229, 230, 745, 396, 238, 354, 760, 253, 356, 258, 771, 775, 264, 265, 266, 793, 796, 797, 286, 363, 809, 811, 365, 302, 817, 366, 818, 820, 367, 313, 825, 317, 829, 379, 370, 838, 839, 841, 844, 846, 848, 849, 850, 851, 852, 853, 854, 855, 856, 857, 858, 859, 860, 861, 862, 863, 864, 865, 866, 867, 868, 869, 870, 871, 872, 873, 874, 875, 876, 877, 878, 879, 880, 881, 882, 883, 884, 885, 886, 887, 888, 889, 890, 891, 892, 893, 894, 895, 896, 897, 898, 899, 900, 901, 902, 903, 904, 905, 906, 907, 908, 909, 398, 399, 400, 401, 402, 403, 404, 405, 406, 407, 408, 409, 410, 411, 412, 413, 414, 415, 416, 417, 418, 419, 420, 421, 422, 423, 424, 425, 426, 427, 428, 429, 430, 431, 432, 433, 434, 435, 436, 437, 438, 439, 440, 441, 442, 443, 444, 445, 446, 447, 448, 449, 450, 451, 452, 453, 454, 455, 456, 457, 458, 459, 460, 461, 462, 463, 464, 465, 466, 467, 468, 469, 470, 471, 472, 473, 474, 475, 476, 477, 478, 479, 480, 481, 482, 483, 484, 910, 487, 911, 912, 913, 498, 499, 501, 914, 915]",True,[],"[398, 399, 400, 401, 402, 403, 404, 405, 406, 407, 408, 409, 410, 411, 412, 413, 414, 415, 416, 417, 418, 419, 420, 421, 422, 423, 424, 425, 426, 427, 428, 429, 430, 431, 432, 433, 434, 435, 436, 437, 438, 439, 440, 441, 442, 443, 444, 445, 446, 447, 448, 449, 450, 451, 452, 453, 454, 455, 456, 457, 458, 459, 460, 461, 462, 463, 464, 465, 466, 467, 468, 469, 470, 471, 472, 473, 474, 475, 476, 477, 478, 479, 480, 481, 482, 483, 484, 848, 849, 850, 851, 852, 853, 854, 855, 856, 857, 858, 859, 860, 861, 862, 863, 864, 865, 866, 867, 868, 869, 870, 871, 872, 873, 874, 875, 876, 877, 878, 879, 880, 881, 882, 883, 884, 885, 886, 887, 888, 889, 890, 891, 892, 893, 894, 895, 896, 897, 898, 899, 900, 901, 902, 903, 904, 905, 906, 907, 908, 909, 910, 911, 912, 913, 914, 915, 916, 917, 918, 919, 920, 921, 922, 923, 924, 925, 926, 927, 928, 929, 930, 931, 932, 933, 934, 935]","[425, 429, 877, 881]","[425, 429, 877, 881]","[16, 125, 156, 163, 168, 184, 205, 222, 229, 253, 258, 265, 313, 317, 336, 340, 341, 356, 363, 365, 366, 367, 370, 375, 388, 391, 394, 396, 402, 410, 411, 412, 413, 415, 416, 417, 418, 419, 425, 429, 431, 433, 435, 437, 440, 441, 442, 443, 451, 452, 456, 457, 458, 460, 461, 464, 471, 473, 474, 475, 481, 482, 501, 596, 628, 635, 655, 675, 693, 716, 720, 725, 771, 775, 793, 796, 797, 811, 817, 818, 820, 825, 838, 841, 844, 846, 851, 857, 861, 862, 863, 864, 866, 867, 868, 870, 871, 877, 881, 883, 885, 888, 891, 892, 893, 898, 899, 904, 905, 907, 908, 911, 918, 920, 921, 922, 923, 924, 926, 931, 933]","[1, 13, 14, 29, 54, 55, 56, 57, 58, 60, 102, 118, 125, 127, 130, 134, 146, 149, 153, 175, 182, 187, 189, 191, 197, 225, 230, 238, 264, 265, 266, 286, 302, 317, 336, 354, 379, 388, 389, 425, 454, 458, 463, 475, 487, 498, 499, 512, 530, 531, 532, 533, 534, 536, 573, 589, 596, 598, 601, 605, 617, 620, 624, 646, 653, 658, 660, 662, 668, 689, 694, 702, 724, 725, 745, 760, 775, 793, 809, 829, 838, 839, 877, 901, 903, 905, 910, 923]","[1, 13, 14, 29, 54, 55, 56, 57, 58, 60, 102, 118, 125, 127, 130, 134, 146, 149, 153, 175, 182, 187, 189, 191, 197, 225, 230, 238, 264, 265, 266, 286, 302, 317, 336, 379, 388, 389, 425, 454, 458, 463, 475, 487, 498, 499, 512, 530, 531, 532, 533, 534, 536, 573, 589, 596, 598, 601, 605, 617, 620, 624, 646, 653, 658, 660, 662, 668, 689, 694, 702, 724, 725, 745, 760, 775, 793, 829, 838, 839, 877, 901, 903, 905, 910, 923]",7/6 successful match,True,[551],True,141,False,,1.0,True,JR's Truck Stop ( Shell ),Shell
"Enterprise , 84725 Cottonwood Sinclair",435-878-2603 UT 18 & Main St,,Enterprise,84725,Cottonwood Sinclair,435-878-2603,2006,Enterprise,UT,Sinclair,,UT 18 & Main St,empty,,False,,False,UT 18,Main St,,,,"[408, 858]","[408, 858]","[408, 858]",[],"[398, 399, 400, 401, 402, 403, 404, 405, 406, 407, 408, 409, 410, 411, 412, 413, 414, 415, 416, 417, 418, 419, 420, 421, 422, 423, 424, 425, 426, 427, 428, 429, 430, 431, 432, 433, 434, 435, 436, 437, 438, 439, 440, 441, 442, 443, 444, 445, 446, 447, 448, 449, 450, 451, 452, 453, 454, 455, 456, 457, 458, 459, 460, 461, 462, 463, 464, 465, 466, 467, 468, 469, 470, 471, 472, 473, 474, 475, 476, 477, 478, 479, 480, 481, 482, 483, 484, 848, 849, 850, 851, 852, 853, 854, 855, 856, 857, 858, 859, 860, 861, 862, 863, 864, 865, 866, 867, 868, 869, 870, 871, 872, 873, 874, 875, 876, 877, 878, 879, 880, 881, 882, 883, 884, 885, 886, 887, 888, 889, 890, 891, 892, 893, 894, 895, 896, 897, 898, 899, 900, 901, 902, 903, 904, 905, 906, 907, 908, 909, 910, 911, 912, 913, 914, 915, 916, 917, 918, 919, 920, 921, 922, 923, 924, 925, 926, 927, 928, 929, 930, 931, 932, 933, 934, 935]","[36, 73, 84, 122, 130, 141, 187, 213, 246, 256, 272, 349, 388, 398, 399, 401, 405, 406, 408, 409, 410, 415, 423, 425, 427, 428, 434, 436, 439, 440, 444, 445, 447, 451, 453, 455, 456, 465, 467, 473, 517, 547, 555, 593, 601, 612, 658, 683, 710, 718, 731, 804, 838, 848, 850, 854, 855, 858, 859, 861, 866, 875, 877, 879, 880, 886, 887, 890, 891, 894, 895, 898, 900, 902, 903, 904, 912, 914, 920, 921, 926, 927, 931]","[31, 142, 147, 180, 338, 352, 367, 387, 403, 405, 408, 410, 455, 465, 466, 468, 470, 472, 473, 483, 484, 514, 613, 618, 651, 794, 807, 837, 852, 854, 858, 861, 902, 912, 913, 915, 917, 919, 920, 931, 934, 935]","[31, 142, 147, 180, 338, 352, 367, 387, 403, 405, 408, 410, 455, 465, 466, 468, 470, 472, 473, 483, 484, 514, 613, 618, 651, 794, 807, 837, 852, 854, 858, 861, 902, 912, 913, 915, 917, 919, 920, 931, 934, 935]","[916, 514, 517, 917, 918, 387, 919, 920, 921, 922, 31, 547, 923, 36, 388, 924, 555, 925, 926, 927, 928, 929, 930, 73, 931, 593, 932, 84, 933, 601, 934, 935, 612, 613, 618, 122, 130, 651, 141, 142, 658, 147, 338, 683, 180, 187, 710, 718, 213, 731, 349, 352, 246, 256, 272, 794, 804, 807, 367, 837, 838, 848, 849, 850, 851, 852, 853, 854, 855, 856, 857, 858, 859, 860, 861, 862, 863, 864, 865, 866, 867, 868, 869, 870, 871, 872, 873, 874, 875, 876, 877, 878, 879, 880, 881, 882, 883, 884, 885, 886, 887, 888, 889, 890, 891, 892, 893, 894, 895, 896, 897, 898, 899, 900, 901, 902, 903, 904, 905, 906, 907, 908, 909, 398, 399, 400, 401, 402, 403, 404, 405, 406, 407, 408, 409, 410, 411, 412, 413, 414, 415, 416, 417, 418, 419, 420, 421, 422, 423, 424, 425, 426, 427, 428, 429, 430, 431, 432, 433, 434, 435, 436, 437, 438, 439, 440, 441, 442, 443, 444, 445, 446, 447, 448, 449, 450, 451, 452, 453, 454, 455, 456, 457, 458, 459, 460, 461, 462, 463, 464, 465, 466, 467, 468, 469, 470, 471, 472, 473, 474, 475, 476, 477, 478, 479, 480, 481, 482, 483, 484, 910, 911, 912, 913, 914, 915]",True,"[408, 858]","[398, 399, 400, 401, 402, 403, 404, 405, 406, 407, 408, 409, 410, 411, 412, 413, 414, 415, 416, 417, 418, 419, 420, 421, 422, 423, 424, 425, 426, 427, 428, 429, 430, 431, 432, 433, 434, 435, 436, 437, 438, 439, 440, 441, 442, 443, 444, 445, 446, 447, 448, 449, 450, 451, 452, 453, 454, 455, 456, 457, 458, 459, 460, 461, 462, 463, 464, 465, 466, 467, 468, 469, 470, 471, 472, 473, 474, 475, 476, 477, 478, 479, 480, 481, 482, 483, 484, 848, 849, 850, 851, 852, 853, 854, 855, 856, 857, 858, 859, 860, 861, 862, 863, 864, 865, 866, 867, 868, 869, 870, 871, 872, 873, 874, 875, 876, 877, 878, 879, 880, 881, 882, 883, 884, 885, 886, 887, 888, 889, 890, 891, 892, 893, 894, 895, 896, 897, 898, 899, 900, 901, 902, 903, 904, 905, 906, 907, 908, 909, 910, 911, 912, 913, 914, 915, 916, 917, 918, 919, 920, 921, 922, 923, 924, 925, 926, 927, 928, 929, 930, 931, 932, 933, 934, 935]","[408, 858]",[],"[36, 73, 84, 122, 130, 141, 187, 213, 246, 256, 272, 349, 388, 398, 399, 401, 405, 406, 408, 409, 410, 415, 423, 425, 427, 428, 434, 436, 439, 440, 444, 445, 447, 451, 453, 455, 456, 465, 467, 473, 517, 547, 555, 593, 601, 612, 658, 683, 710, 718, 731, 804, 838, 848, 850, 854, 855, 858, 859, 861, 866, 875, 877, 879, 880, 886, 887, 890, 891, 894, 895, 898, 900, 902, 903, 904, 912, 914, 920, 921, 926, 927, 931]","[31, 142, 147, 180, 338, 352, 367, 387, 403, 405, 408, 410, 455, 465, 466, 468, 470, 472, 473, 483, 484, 514, 613, 618, 651, 794, 807, 837, 852, 854, 858, 861, 902, 912, 913, 915, 917, 919, 920, 931, 934, 935]","[31, 142, 147, 180, 338, 352, 367, 387, 403, 405, 408, 410, 455, 465, 466, 468, 470, 472, 473, 483, 484, 514, 613, 618, 651, 794, 807, 837, 852, 854, 858, 861, 902, 912, 913, 915, 917, 919, 920, 931, 934, 935]",7/6 successful match,True,[271],True,142,False,,,,,
"Enterprise , 84725 Cottonwood Sinclair",| 1435-878-2603 UT 18 & Main St,S O,Enterprise,84725,Cottonwood Sinclair,435-878-2603,2007,Enterprise,UT,Sinclair,,UT 18 & Main St,empty,,False,,False,UT 18,Main St,,,,"[408, 858]","[408, 858]","[408, 858]",[],"[398, 399, 400, 401, 402, 403, 404, 405, 406, 407, 408, 409, 410, 411, 412, 413, 414, 415, 416, 417, 418, 419, 420, 421, 422, 423, 424, 425, 426, 427, 428, 429, 430, 431, 432, 433, 434, 435, 436, 437, 438, 439, 440, 441, 442, 443, 444, 445, 446, 447, 448, 449, 450, 451, 452, 453, 454, 455, 456, 457, 458, 459, 460, 461, 462, 463, 464, 465, 466, 467, 468, 469, 470, 471, 472, 473, 474, 475, 476, 477, 478, 479, 480, 481, 482, 483, 484, 848, 849, 850, 851, 852, 853, 854, 855, 856, 857, 858, 859, 860, 861, 862, 863, 864, 865, 866, 867, 868, 869, 870, 871, 872, 873, 874, 875, 876, 877, 878, 879, 880, 881, 882, 883, 884, 885, 886, 887, 888, 889, 890, 891, 892, 893, 894, 895, 896, 897, 898, 899, 900, 901, 902, 903, 904, 905, 906, 907, 908, 909, 910, 911, 912, 913, 914, 915, 916, 917, 918, 919, 920, 921, 922, 923, 924, 925, 926, 927, 928, 929, 930, 931, 932, 933, 934, 935]","[36, 73, 84, 122, 130, 141, 187, 213, 246, 256, 272, 349, 388, 398, 399, 401, 405, 406, 408, 409, 410, 415, 423, 425, 427, 428, 434, 436, 439, 440, 444, 445, 447, 451, 453, 455, 456, 465, 467, 473, 517, 547, 555, 593, 601, 612, 658, 683, 710, 718, 731, 804, 838, 848, 850, 854, 855, 858, 859, 861, 866, 875, 877, 879, 880, 886, 887, 890, 891, 894, 895, 898, 900, 902, 903, 904, 912, 914, 920, 921, 926, 927, 931]","[31, 142, 147, 180, 338, 352, 367, 387, 403, 405, 408, 410, 455, 465, 466, 468, 470, 472, 473, 483, 484, 514, 613, 618, 651, 794, 807, 837, 852, 854, 858, 861, 902, 912, 913, 915, 917, 919, 920, 931, 934, 935]","[31, 142, 147, 180, 338, 352, 367, 387, 403, 405, 408, 410, 455, 465, 466, 468, 470, 472, 473, 483, 484, 514, 613, 618, 651, 794, 807, 837, 852, 854, 858, 861, 902, 912, 913, 915, 917, 919, 920, 931, 934, 935]","[916, 514, 517, 917, 918, 387, 919, 920, 921, 922, 31, 547, 923, 36, 388, 924, 555, 925, 926, 927, 928, 929, 930, 73, 931, 593, 932, 84, 933, 601, 934, 935, 612, 613, 618, 122, 130, 651, 141, 142, 658, 147, 338, 683, 180, 187, 710, 718, 213, 731, 349, 352, 246, 256, 272, 794, 804, 807, 367, 837, 838, 848, 849, 850, 851, 852, 853, 854, 855, 856, 857, 858, 859, 860, 861, 862, 863, 864, 865, 866, 867, 868, 869, 870, 871, 872, 873, 874, 875, 876, 877, 878, 879, 880, 881, 882, 883, 884, 885, 886, 887, 888, 889, 890, 891, 892, 893, 894, 895, 896, 897, 898, 899, 900, 901, 902, 903, 904, 905, 906, 907, 908, 909, 398, 399, 400, 401, 402, 403, 404, 405, 406, 407, 408, 409, 410, 411, 412, 413, 414, 415, 416, 417, 418, 419, 420, 421, 422, 423, 424, 425, 426, 427, 428, 429, 430, 431, 432, 433, 434, 435, 436, 437, 438, 439, 440, 441, 442, 443, 444, 445, 446, 447, 448, 449, 450, 451, 452, 453, 454, 455, 456, 457, 458, 459, 460, 461, 462, 463, 464, 465, 466, 467, 468, 469, 470, 471, 472, 473, 474, 475, 476, 477, 478, 479, 480, 481, 482, 483, 484, 910, 911, 912, 913, 914, 915]",True,"[408, 858]","[398, 399, 400, 401, 402, 403, 404, 405, 406, 407, 408, 409, 410, 411, 412, 413, 414, 415, 416, 417, 418, 419, 420, 421, 422, 423, 424, 425, 426, 427, 428, 429, 430, 431, 432, 433, 434, 435, 436, 437, 438, 439, 440, 441, 442, 443, 444, 445, 446, 447, 448, 449, 450, 451, 452, 453, 454, 455, 456, 457, 458, 459, 460, 461, 462, 463, 464, 465, 466, 467, 468, 469, 470, 471, 472, 473, 474, 475, 476, 477, 478, 479, 480, 481, 482, 483, 484, 848, 849, 850, 851, 852, 853, 854, 855, 856, 857, 858, 859, 860, 861, 862, 863, 864, 865, 866, 867, 868, 869, 870, 871, 872, 873, 874, 875, 876, 877, 878, 879, 880, 881, 882, 883, 884, 885, 886, 887, 888, 889, 890, 891, 892, 893, 894, 895, 896, 897, 898, 899, 900, 901, 902, 903, 904, 905, 906, 907, 908, 909, 910, 911, 912, 913, 914, 915, 916, 917, 918, 919, 920, 921, 922, 923, 924, 925, 926, 927, 928, 929, 930, 931, 932, 933, 934, 935]","[408, 858]",[],"[36, 73, 84, 122, 130, 141, 187, 213, 246, 256, 272, 349, 388, 398, 399, 401, 405, 406, 408, 409, 410, 415, 423, 425, 427, 428, 434, 436, 439, 440, 444, 445, 447, 451, 453, 455, 456, 465, 467, 473, 517, 547, 555, 593, 601, 612, 658, 683, 710, 718, 731, 804, 838, 848, 850, 854, 855, 858, 859, 861, 866, 875, 877, 879, 880, 886, 887, 890, 891, 894, 895, 898, 900, 902, 903, 904, 912, 914, 920, 921, 926, 927, 931]","[31, 142, 147, 180, 338, 352, 367, 387, 403, 405, 408, 410, 455, 465, 466, 468, 470, 472, 473, 483, 484, 514, 613, 618, 651, 794, 807, 837, 852, 854, 858, 861, 902, 912, 913, 915, 917, 919, 920, 931, 934, 935]","[31, 142, 147, 180, 338, 352, 367, 387, 403, 405, 408, 410, 455, 465, 466, 468, 470, 472, 473, 483, 484, 514, 613, 618, 651, 794, 807, 837, 852, 854, 858, 861, 902, 912, 913, 915, 917, 919, 920, 931, 934, 935]",7/6 successful match,True,[271],True,142,False,,1.0,True,Cottonwood Sinclair,Sinclair
"Enterprise , 84725 Cottonwood Sinclair N )",435-878-2603 UT 18 & Main St,<U+2610> S D <U+2610> <U+2610> <U+2610> <U+2610>,Enterprise,84725,Cottonwood Sinclair N ),435-878-2603,2008,Enterprise,UT,Sinclair,,UT 18 & Main St,empty,,False,,False,UT 18,Main St,,,,"[408, 858]","[408, 858]","[408, 858]",[],"[398, 399, 400, 401, 402, 403, 404, 405, 406, 407, 408, 409, 410, 411, 412, 413, 414, 415, 416, 417, 418, 419, 420, 421, 422, 423, 424, 425, 426, 427, 428, 429, 430, 431, 432, 433, 434, 435, 436, 437, 438, 439, 440, 441, 442, 443, 444, 445, 446, 447, 448, 449, 450, 451, 452, 453, 454, 455, 456, 457, 458, 459, 460, 461, 462, 463, 464, 465, 466, 467, 468, 469, 470, 471, 472, 473, 474, 475, 476, 477, 478, 479, 480, 481, 482, 483, 484, 848, 849, 850, 851, 852, 853, 854, 855, 856, 857, 858, 859, 860, 861, 862, 863, 864, 865, 866, 867, 868, 869, 870, 871, 872, 873, 874, 875, 876, 877, 878, 879, 880, 881, 882, 883, 884, 885, 886, 887, 888, 889, 890, 891, 892, 893, 894, 895, 896, 897, 898, 899, 900, 901, 902, 903, 904, 905, 906, 907, 908, 909, 910, 911, 912, 913, 914, 915, 916, 917, 918, 919, 920, 921, 922, 923, 924, 925, 926, 927, 928, 929, 930, 931, 932, 933, 934, 935]","[36, 73, 84, 122, 130, 141, 187, 213, 246, 256, 272, 349, 388, 398, 399, 401, 405, 406, 408, 409, 410, 415, 423, 425, 427, 428, 434, 436, 439, 440, 444, 445, 447, 451, 453, 455, 456, 465, 467, 473, 517, 547, 555, 593, 601, 612, 658, 683, 710, 718, 731, 804, 838, 848, 850, 854, 855, 858, 859, 861, 866, 875, 877, 879, 880, 886, 887, 890, 891, 894, 895, 898, 900, 902, 903, 904, 912, 914, 920, 921, 926, 927, 931]","[31, 142, 147, 180, 338, 352, 367, 387, 403, 405, 408, 410, 455, 465, 466, 468, 470, 472, 473, 483, 484, 514, 613, 618, 651, 794, 807, 837, 852, 854, 858, 861, 902, 912, 913, 915, 917, 919, 920, 931, 934, 935]","[31, 142, 147, 180, 338, 352, 367, 387, 403, 405, 408, 410, 455, 465, 466, 468, 470, 472, 473, 483, 484, 514, 613, 618, 651, 794, 807, 837, 852, 854, 858, 861, 902, 912, 913, 915, 917, 919, 920, 931, 934, 935]","[916, 514, 517, 917, 918, 387, 919, 920, 921, 922, 31, 547, 923, 36, 388, 924, 555, 925, 926, 927, 928, 929, 930, 73, 931, 593, 932, 84, 933, 601, 934, 935, 612, 613, 618, 122, 130, 651, 141, 142, 658, 147, 338, 683, 180, 187, 710, 718, 213, 731, 349, 352, 246, 256, 272, 794, 804, 807, 367, 837, 838, 848, 849, 850, 851, 852, 853, 854, 855, 856, 857, 858, 859, 860, 861, 862, 863, 864, 865, 866, 867, 868, 869, 870, 871, 872, 873, 874, 875, 876, 877, 878, 879, 880, 881, 882, 883, 884, 885, 886, 887, 888, 889, 890, 891, 892, 893, 894, 895, 896, 897, 898, 899, 900, 901, 902, 903, 904, 905, 906, 907, 908, 909, 398, 399, 400, 401, 402, 403, 404, 405, 406, 407, 408, 409, 410, 411, 412, 413, 414, 415, 416, 417, 418, 419, 420, 421, 422, 423, 424, 425, 426, 427, 428, 429, 430, 431, 432, 433, 434, 435, 436, 437, 438, 439, 440, 441, 442, 443, 444, 445, 446, 447, 448, 449, 450, 451, 452, 453, 454, 455, 456, 457, 458, 459, 460, 461, 462, 463, 464, 465, 466, 467, 468, 469, 470, 471, 472, 473, 474, 475, 476, 477, 478, 479, 480, 481, 482, 483, 484, 910, 911, 912, 913, 914, 915]",True,"[408, 858]","[398, 399, 400, 401, 402, 403, 404, 405, 406, 407, 408, 409, 410, 411, 412, 413, 414, 415, 416, 417, 418, 419, 420, 421, 422, 423, 424, 425, 426, 427, 428, 429, 430, 431, 432, 433, 434, 435, 436, 437, 438, 439, 440, 441, 442, 443, 444, 445, 446, 447, 448, 449, 450, 451, 452, 453, 454, 455, 456, 457, 458, 459, 460, 461, 462, 463, 464, 465, 466, 467, 468, 469, 470, 471, 472, 473, 474, 475, 476, 477, 478, 479, 480, 481, 482, 483, 484, 848, 849, 850, 851, 852, 853, 854, 855, 856, 857, 858, 859, 860, 861, 862, 863, 864, 865, 866, 867, 868, 869, 870, 871, 872, 873, 874, 875, 876, 877, 878, 879, 880, 881, 882, 883, 884, 885, 886, 887, 888, 889, 890, 891, 892, 893, 894, 895, 896, 897, 898, 899, 900, 901, 902, 903, 904, 905, 906, 907, 908, 909, 910, 911, 912, 913, 914, 915, 916, 917, 918, 919, 920, 921, 922, 923, 924, 925, 926, 927, 928, 929, 930, 931, 932, 933, 934, 935]","[408, 858]",[],"[36, 73, 84, 122, 130, 141, 187, 213, 246, 256, 272, 349, 388, 398, 399, 401, 405, 406, 408, 409, 410, 415, 423, 425, 427, 428, 434, 436, 439, 440, 444, 445, 447, 451, 453, 455, 456, 465, 467, 473, 517, 547, 555, 593, 601, 612, 658, 683, 710, 718, 731, 804, 838, 848, 850, 854, 855, 858, 859, 861, 866, 875, 877, 879, 880, 886, 887, 890, 891, 894, 895, 898, 900, 902, 903, 904, 912, 914, 920, 921, 926, 927, 931]","[31, 142, 147, 180, 338, 352, 367, 387, 403, 405, 408, 410, 455, 465, 466, 468, 470, 472, 473, 483, 484, 514, 613, 618, 651, 794, 807, 837, 852, 854, 858, 861, 902, 912, 913, 915, 917, 919, 920, 931, 934, 935]","[31, 142, 147, 180, 338, 352, 367, 387, 403, 405, 408, 410, 455, 465, 466, 468, 470, 472, 473, 483, 484, 514, 613, 618, 651, 794, 807, 837, 852, 854, 858, 861, 902, 912, 913, 915, 917, 919, 920, 931, 934, 935]",7/6 successful match,True,[271],True,142,False,,1.0,True,Cottonwood Sinclair,Sinclair
Enterprise ( 84725 ) Cottonwood Sinclair,435-878-2603 UT 18 & Main St,<U+2610>,Enterprise,84725,Cottonwood Sinclair,435-878-2603,2014,Enterprise,UT,Sinclair,,UT 18 & Main St,empty,,False,,False,UT 18,Main St,,,,"[408, 858]","[408, 858]","[408, 858]",[],"[398, 399, 400, 401, 402, 403, 404, 405, 406, 407, 408, 409, 410, 411, 412, 413, 414, 415, 416, 417, 418, 419, 420, 421, 422, 423, 424, 425, 426, 427, 428, 429, 430, 431, 432, 433, 434, 435, 436, 437, 438, 439, 440, 441, 442, 443, 444, 445, 446, 447, 448, 449, 450, 451, 452, 453, 454, 455, 456, 457, 458, 459, 460, 461, 462, 463, 464, 465, 466, 467, 468, 469, 470, 471, 472, 473, 474, 475, 476, 477, 478, 479, 480, 481, 482, 483, 484, 848, 849, 850, 851, 852, 853, 854, 855, 856, 857, 858, 859, 860, 861, 862, 863, 864, 865, 866, 867, 868, 869, 870, 871, 872, 873, 874, 875, 876, 877, 878, 879, 880, 881, 882, 883, 884, 885, 886, 887, 888, 889, 890, 891, 892, 893, 894, 895, 896, 897, 898, 899, 900, 901, 902, 903, 904, 905, 906, 907, 908, 909, 910, 911, 912, 913, 914, 915, 916, 917, 918, 919, 920, 921, 922, 923, 924, 925, 926, 927, 928, 929, 930, 931, 932, 933, 934, 935]","[36, 73, 84, 122, 130, 141, 187, 213, 246, 256, 272, 349, 388, 398, 399, 401, 405, 406, 408, 409, 410, 415, 423, 425, 427, 428, 434, 436, 439, 440, 444, 445, 447, 451, 453, 455, 456, 465, 467, 473, 517, 547, 555, 593, 601, 612, 658, 683, 710, 718, 731, 804, 838, 848, 850, 854, 855, 858, 859, 861, 866, 875, 877, 879, 880, 886, 887, 890, 891, 894, 895, 898, 900, 902, 903, 904, 912, 914, 920, 921, 926, 927, 931]","[31, 142, 147, 180, 338, 352, 367, 387, 403, 405, 408, 410, 455, 465, 466, 468, 470, 472, 473, 483, 484, 514, 613, 618, 651, 794, 807, 837, 852, 854, 858, 861, 902, 912, 913, 915, 917, 919, 920, 931, 934, 935]","[31, 142, 147, 180, 338, 352, 367, 387, 403, 405, 408, 410, 455, 465, 466, 468, 470, 472, 473, 483, 484, 514, 613, 618, 651, 794, 807, 837, 852, 854, 858, 861, 902, 912, 913, 915, 917, 919, 920, 931, 934, 935]","[916, 514, 517, 917, 918, 387, 919, 920, 921, 922, 31, 547, 923, 36, 388, 924, 555, 925, 926, 927, 928, 929, 930, 73, 931, 593, 932, 84, 933, 601, 934, 935, 612, 613, 618, 122, 130, 651, 141, 142, 658, 147, 338, 683, 180, 187, 710, 718, 213, 731, 349, 352, 246, 256, 272, 794, 804, 807, 367, 837, 838, 848, 849, 850, 851, 852, 853, 854, 855, 856, 857, 858, 859, 860, 861, 862, 863, 864, 865, 866, 867, 868, 869, 870, 871, 872, 873, 874, 875, 876, 877, 878, 879, 880, 881, 882, 883, 884, 885, 886, 887, 888, 889, 890, 891, 892, 893, 894, 895, 896, 897, 898, 899, 900, 901, 902, 903, 904, 905, 906, 907, 908, 909, 398, 399, 400, 401, 402, 403, 404, 405, 406, 407, 408, 409, 410, 411, 412, 413, 414, 415, 416, 417, 418, 419, 420, 421, 422, 423, 424, 425, 426, 427, 428, 429, 430, 431, 432, 433, 434, 435, 436, 437, 438, 439, 440, 441, 442, 443, 444, 445, 446, 447, 448, 449, 450, 451, 452, 453, 454, 455, 456, 457, 458, 459, 460, 461, 462, 463, 464, 465, 466, 467, 468, 469, 470, 471, 472, 473, 474, 475, 476, 477, 478, 479, 480, 481, 482, 483, 484, 910, 911, 912, 913, 914, 915]",True,"[408, 858]","[398, 399, 400, 401, 402, 403, 404, 405, 406, 407, 408, 409, 410, 411, 412, 413, 414, 415, 416, 417, 418, 419, 420, 421, 422, 423, 424, 425, 426, 427, 428, 429, 430, 431, 432, 433, 434, 435, 436, 437, 438, 439, 440, 441, 442, 443, 444, 445, 446, 447, 448, 449, 450, 451, 452, 453, 454, 455, 456, 457, 458, 459, 460, 461, 462, 463, 464, 465, 466, 467, 468, 469, 470, 471, 472, 473, 474, 475, 476, 477, 478, 479, 480, 481, 482, 483, 484, 848, 849, 850, 851, 852, 853, 854, 855, 856, 857, 858, 859, 860, 861, 862, 863, 864, 865, 866, 867, 868, 869, 870, 871, 872, 873, 874, 875, 876, 877, 878, 879, 880, 881, 882, 883, 884, 885, 886, 887, 888, 889, 890, 891, 892, 893, 894, 895, 896, 897, 898, 899, 900, 901, 902, 903, 904, 905, 906, 907, 908, 909, 910, 911, 912, 913, 914, 915, 916, 917, 918, 919, 920, 921, 922, 923, 924, 925, 926, 927, 928, 929, 930, 931, 932, 933, 934, 935]","[408, 858]",[],"[36, 73, 84, 122, 130, 141, 187, 213, 246, 256, 272, 349, 388, 398, 399, 401, 405, 406, 408, 409, 410, 415, 423, 425, 427, 428, 434, 436, 439, 440, 444, 445, 447, 451, 453, 455, 456, 465, 467, 473, 517, 547, 555, 593, 601, 612, 658, 683, 710, 718, 731, 804, 838, 848, 850, 854, 855, 858, 859, 861, 866, 875, 877, 879, 880, 886, 887, 890, 891, 894, 895, 898, 900, 902, 903, 904, 912, 914, 920, 921, 926, 927, 931]","[31, 142, 147, 180, 338, 352, 367, 387, 403, 405, 408, 410, 455, 465, 466, 468, 470, 472, 473, 483, 484, 514, 613, 618, 651, 794, 807, 837, 852, 854, 858, 861, 902, 912, 913, 915, 917, 919, 920, 931, 934, 935]","[31, 142, 147, 180, 338, 352, 367, 387, 403, 405, 408, 410, 455, 465, 466, 468, 470, 472, 473, 483, 484, 514, 613, 618, 651, 794, 807, 837, 852, 854, 858, 861, 902, 912, 913, 915, 917, 919, 920, 931, 934, 935]",7/6 successful match,True,[271],True,142,False,,1.0,True,Cottonwood Sinclair N ),Sinclair
Enterprise ( 84725 ) Cottonwood Sinclair,435-878-2603 UT 18 & Main St,<U+2610> <U+2610>,Enterprise,84725,Cottonwood Sinclair,435-878-2603,2015,Enterprise,UT,Sinclair,,UT 18 & Main St,empty,,False,,False,UT 18,Main St,,,,"[408, 858]","[408, 858]","[408, 858]",[],"[398, 399, 400, 401, 402, 403, 404, 405, 406, 407, 408, 409, 410, 411, 412, 413, 414, 415, 416, 417, 418, 419, 420, 421, 422, 423, 424, 425, 426, 427, 428, 429, 430, 431, 432, 433, 434, 435, 436, 437, 438, 439, 440, 441, 442, 443, 444, 445, 446, 447, 448, 449, 450, 451, 452, 453, 454, 455, 456, 457, 458, 459, 460, 461, 462, 463, 464, 465, 466, 467, 468, 469, 470, 471, 472, 473, 474, 475, 476, 477, 478, 479, 480, 481, 482, 483, 484, 848, 849, 850, 851, 852, 853, 854, 855, 856, 857, 858, 859, 860, 861, 862, 863, 864, 865, 866, 867, 868, 869, 870, 871, 872, 873, 874, 875, 876, 877, 878, 879, 880, 881, 882, 883, 884, 885, 886, 887, 888, 889, 890, 891, 892, 893, 894, 895, 896, 897, 898, 899, 900, 901, 902, 903, 904, 905, 906, 907, 908, 909, 910, 911, 912, 913, 914, 915, 916, 917, 918, 919, 920, 921, 922, 923, 924, 925, 926, 927, 928, 929, 930, 931, 932, 933, 934, 935]","[36, 73, 84, 122, 130, 141, 187, 213, 246, 256, 272, 349, 388, 398, 399, 401, 405, 406, 408, 409, 410, 415, 423, 425, 427, 428, 434, 436, 439, 440, 444, 445, 447, 451, 453, 455, 456, 465, 467, 473, 517, 547, 555, 593, 601, 612, 658, 683, 710, 718, 731, 804, 838, 848, 850, 854, 855, 858, 859, 861, 866, 875, 877, 879, 880, 886, 887, 890, 891, 894, 895, 898, 900, 902, 903, 904, 912, 914, 920, 921, 926, 927, 931]","[31, 142, 147, 180, 338, 352, 367, 387, 403, 405, 408, 410, 455, 465, 466, 468, 470, 472, 473, 483, 484, 514, 613, 618, 651, 794, 807, 837, 852, 854, 858, 861, 902, 912, 913, 915, 917, 919, 920, 931, 934, 935]","[31, 142, 147, 180, 338, 352, 367, 387, 403, 405, 408, 410, 455, 465, 466, 468, 470, 472, 473, 483, 484, 514, 613, 618, 651, 794, 807, 837, 852, 854, 858, 861, 902, 912, 913, 915, 917, 919, 920, 931, 934, 935]","[916, 514, 517, 917, 918, 387, 919, 920, 921, 922, 31, 547, 923, 36, 388, 924, 555, 925, 926, 927, 928, 929, 930, 73, 931, 593, 932, 84, 933, 601, 934, 935, 612, 613, 618, 122, 130, 651, 141, 142, 658, 147, 338, 683, 180, 187, 710, 718, 213, 731, 349, 352, 246, 256, 272, 794, 804, 807, 367, 837, 838, 848, 849, 850, 851, 852, 853, 854, 855, 856, 857, 858, 859, 860, 861, 862, 863, 864, 865, 866, 867, 868, 869, 870, 871, 872, 873, 874, 875, 876, 877, 878, 879, 880, 881, 882, 883, 884, 885, 886, 887, 888, 889, 890, 891, 892, 893, 894, 895, 896, 897, 898, 899, 900, 901, 902, 903, 904, 905, 906, 907, 908, 909, 398, 399, 400, 401, 402, 403, 404, 405, 406, 407, 408, 409, 410, 411, 412, 413, 414, 415, 416, 417, 418, 419, 420, 421, 422, 423, 424, 425, 426, 427, 428, 429, 430, 431, 432, 433, 434, 435, 436, 437, 438, 439, 440, 441, 442, 443, 444, 445, 446, 447, 448, 449, 450, 451, 452, 453, 454, 455, 456, 457, 458, 459, 460, 461, 462, 463, 464, 465, 466, 467, 468, 469, 470, 471, 472, 473, 474, 475, 476, 477, 478, 479, 480, 481, 482, 483, 484, 910, 911, 912, 913, 914, 915]",True,"[408, 858]","[398, 399, 400, 401, 402, 403, 404, 405, 406, 407, 408, 409, 410, 411, 412, 413, 414, 415, 416, 417, 418, 419, 420, 421, 422, 423, 424, 425, 426, 427, 428, 429, 430, 431, 432, 433, 434, 435, 436, 437, 438, 439, 440, 441, 442, 443, 444, 445, 446, 447, 448, 449, 450, 451, 452, 453, 454, 455, 456, 457, 458, 459, 460, 461, 462, 463, 464, 465, 466, 467, 468, 469, 470, 471, 472, 473, 474, 475, 476, 477, 478, 479, 480, 481, 482, 483, 484, 848, 849, 850, 851, 852, 853, 854, 855, 856, 857, 858, 859, 860, 861, 862, 863, 864, 865, 866, 867, 868, 869, 870, 871, 872, 873, 874, 875, 876, 877, 878, 879, 880, 881, 882, 883, 884, 885, 886, 887, 888, 889, 890, 891, 892, 893, 894, 895, 896, 897, 898, 899, 900, 901, 902, 903, 904, 905, 906, 907, 908, 909, 910, 911, 912, 913, 914, 915, 916, 917, 918, 919, 920, 921, 922, 923, 924, 925, 926, 927, 928, 929, 930, 931, 932, 933, 934, 935]","[408, 858]",[],"[36, 73, 84, 122, 130, 141, 187, 213, 246, 256, 272, 349, 388, 398, 399, 401, 405, 406, 408, 409, 410, 415, 423, 425, 427, 428, 434, 436, 439, 440, 444, 445, 447, 451, 453, 455, 456, 465, 467, 473, 517, 547, 555, 593, 601, 612, 658, 683, 710, 718, 731, 804, 838, 848, 850, 854, 855, 858, 859, 861, 866, 875, 877, 879, 880, 886, 887, 890, 891, 894, 895, 898, 900, 902, 903, 904, 912, 914, 920, 921, 926, 927, 931]","[31, 142, 147, 180, 338, 352, 367, 387, 403, 405, 408, 410, 455, 465, 466, 468, 470, 472, 473, 483, 484, 514, 613, 618, 651, 794, 807, 837, 852, 854, 858, 861, 902, 912, 913, 915, 917, 919, 920, 931, 934, 935]","[31, 142, 147, 180, 338, 352, 367, 387, 403, 405, 408, 410, 455, 465, 466, 468, 470, 472, 473, 483, 484, 514, 613, 618, 651, 794, 807, 837, 852, 854, 858, 861, 902, 912, 913, 915, 917, 919, 920, 931, 934, 935]",7/6 successful match,True,[271],True,142,False,,1.0,True,Cottonwood Sinclair,Sinclair
Enterprise ( 84725 ) Cottonwood Sinclair,435-878-2603 UT 18 & Main St,<U+2610> <U+2610>,Enterprise,84725,Cottonwood Sinclair,435-878-2603,2016,Enterprise,UT,Sinclair,,UT 18 & Main St,empty,,False,,False,UT 18,Main St,,,,"[408, 858]","[408, 858]","[408, 858]",[],"[398, 399, 400, 401, 402, 403, 404, 405, 406, 407, 408, 409, 410, 411, 412, 413, 414, 415, 416, 417, 418, 419, 420, 421, 422, 423, 424, 425, 426, 427, 428, 429, 430, 431, 432, 433, 434, 435, 436, 437, 438, 439, 440, 441, 442, 443, 444, 445, 446, 447, 448, 449, 450, 451, 452, 453, 454, 455, 456, 457, 458, 459, 460, 461, 462, 463, 464, 465, 466, 467, 468, 469, 470, 471, 472, 473, 474, 475, 476, 477, 478, 479, 480, 481, 482, 483, 484, 848, 849, 850, 851, 852, 853, 854, 855, 856, 857, 858, 859, 860, 861, 862, 863, 864, 865, 866, 867, 868, 869, 870, 871, 872, 873, 874, 875, 876, 877, 878, 879, 880, 881, 882, 883, 884, 885, 886, 887, 888, 889, 890, 891, 892, 893, 894, 895, 896, 897, 898, 899, 900, 901, 902, 903, 904, 905, 906, 907, 908, 909, 910, 911, 912, 913, 914, 915, 916, 917, 918, 919, 920, 921, 922, 923, 924, 925, 926, 927, 928, 929, 930, 931, 932, 933, 934, 935]","[36, 73, 84, 122, 130, 141, 187, 213, 246, 256, 272, 349, 388, 398, 399, 401, 405, 406, 408, 409, 410, 415, 423, 425, 427, 428, 434, 436, 439, 440, 444, 445, 447, 451, 453, 455, 456, 465, 467, 473, 517, 547, 555, 593, 601, 612, 658, 683, 710, 718, 731, 804, 838, 848, 850, 854, 855, 858, 859, 861, 866, 875, 877, 879, 880, 886, 887, 890, 891, 894, 895, 898, 900, 902, 903, 904, 912, 914, 920, 921, 926, 927, 931]","[31, 142, 147, 180, 338, 352, 367, 387, 403, 405, 408, 410, 455, 465, 466, 468, 470, 472, 473, 483, 484, 514, 613, 618, 651, 794, 807, 837, 852, 854, 858, 861, 902, 912, 913, 915, 917, 919, 920, 931, 934, 935]","[31, 142, 147, 180, 338, 352, 367, 387, 403, 405, 408, 410, 455, 465, 466, 468, 470, 472, 473, 483, 484, 514, 613, 618, 651, 794, 807, 837, 852, 854, 858, 861, 902, 912, 913, 915, 917, 919, 920, 931, 934, 935]","[916, 514, 517, 917, 918, 387, 919, 920, 921, 922, 31, 547, 923, 36, 388, 924, 555, 925, 926, 927, 928, 929, 930, 73, 931, 593, 932, 84, 933, 601, 934, 935, 612, 613, 618, 122, 130, 651, 141, 142, 658, 147, 338, 683, 180, 187, 710, 718, 213, 731, 349, 352, 246, 256, 272, 794, 804, 807, 367, 837, 838, 848, 849, 850, 851, 852, 853, 854, 855, 856, 857, 858, 859, 860, 861, 862, 863, 864, 865, 866, 867, 868, 869, 870, 871, 872, 873, 874, 875, 876, 877, 878, 879, 880, 881, 882, 883, 884, 885, 886, 887, 888, 889, 890, 891, 892, 893, 894, 895, 896, 897, 898, 899, 900, 901, 902, 903, 904, 905, 906, 907, 908, 909, 398, 399, 400, 401, 402, 403, 404, 405, 406, 407, 408, 409, 410, 411, 412, 413, 414, 415, 416, 417, 418, 419, 420, 421, 422, 423, 424, 425, 426, 427, 428, 429, 430, 431, 432, 433, 434, 435, 436, 437, 438, 439, 440, 441, 442, 443, 444, 445, 446, 447, 448, 449, 450, 451, 452, 453, 454, 455, 456, 457, 458, 459, 460, 461, 462, 463, 464, 465, 466, 467, 468, 469, 470, 471, 472, 473, 474, 475, 476, 477, 478, 479, 480, 481, 482, 483, 484, 910, 911, 912, 913, 914, 915]",True,"[408, 858]","[398, 399, 400, 401, 402, 403, 404, 405, 406, 407, 408, 409, 410, 411, 412, 413, 414, 415, 416, 417, 418, 419, 420, 421, 422, 423, 424, 425, 426, 427, 428, 429, 430, 431, 432, 433, 434, 435, 436, 437, 438, 439, 440, 441, 442, 443, 444, 445, 446, 447, 448, 449, 450, 451, 452, 453, 454, 455, 456, 457, 458, 459, 460, 461, 462, 463, 464, 465, 466, 467, 468, 469, 470, 471, 472, 473, 474, 475, 476, 477, 478, 479, 480, 481, 482, 483, 484, 848, 849, 850, 851, 852, 853, 854, 855, 856, 857, 858, 859, 860, 861, 862, 863, 864, 865, 866, 867, 868, 869, 870, 871, 872, 873, 874, 875, 876, 877, 878, 879, 880, 881, 882, 883, 884, 885, 886, 887, 888, 889, 890, 891, 892, 893, 894, 895, 896, 897, 898, 899, 900, 901, 902, 903, 904, 905, 906, 907, 908, 909, 910, 911, 912, 913, 914, 915, 916, 917, 918, 919, 920, 921, 922, 923, 924, 925, 926, 927, 928, 929, 930, 931, 932, 933, 934, 935]","[408, 858]",[],"[36, 73, 84, 122, 130, 141, 187, 213, 246, 256, 272, 349, 388, 398, 399, 401, 405, 406, 408, 409, 410, 415, 423, 425, 427, 428, 434, 436, 439, 440, 444, 445, 447, 451, 453, 455, 456, 465, 467, 473, 517, 547, 555, 593, 601, 612, 658, 683, 710, 718, 731, 804, 838, 848, 850, 854, 855, 858, 859, 861, 866, 875, 877, 879, 880, 886, 887, 890, 891, 894, 895, 898, 900, 902, 903, 904, 912, 914, 920, 921, 926, 927, 931]","[31, 142, 147, 180, 338, 352, 367, 387, 403, 405, 408, 410, 455, 465, 466, 468, 470, 472, 473, 483, 484, 514, 613, 618, 651, 794, 807, 837, 852, 854, 858, 861, 902, 912, 913, 915, 917, 919, 920, 931, 934, 935]","[31, 142, 147, 180, 338, 352, 367, 387, 403, 405, 408, 410, 455, 465, 466, 468, 470, 472, 473, 483, 484, 514, 613, 618, 651, 794, 807, 837, 852, 854, 858, 861, 902, 912, 913, 915, 917, 919, 920, 931, 934, 935]",7/6 successful match,True,[271],True,142,False,,1.0,True,Cottonwood Sinclair,Sinclair
"Hurricane , 84737 Little Creek Station ( Chevron )",435-877-1101 4105 UT 59 S,<U+2610>,Hurricane,84737,Little Creek Station ( Chevron ),435-877-1101,2006,Hurricane,UT,Chevron,,4105 UT 59 S,Proper,,False,,False,UT 59,,,,,"[880, 428]","[428, 857, 880]",[857],[],"[398, 399, 400, 401, 402, 403, 404, 405, 406, 407, 408, 409, 410, 411, 412, 413, 414, 415, 416, 417, 418, 419, 420, 421, 422, 423, 424, 425, 426, 427, 428, 429, 430, 431, 432, 433, 434, 435, 436, 437, 438, 439, 440, 441, 442, 443, 444, 445, 446, 447, 448, 449, 450, 451, 452, 453, 454, 455, 456, 457, 458, 459, 460, 461, 462, 463, 464, 465, 466, 467, 468, 469, 470, 471, 472, 473, 474, 475, 476, 477, 478, 479, 480, 481, 482, 483, 484, 848, 849, 850, 851, 852, 853, 854, 855, 856, 857, 858, 859, 860, 861, 862, 863, 864, 865, 866, 867, 868, 869, 870, 871, 872, 873, 874, 875, 876, 877, 878, 879, 880, 881, 882, 883, 884, 885, 886, 887, 888, 889, 890, 891, 892, 893, 894, 895, 896, 897, 898, 899, 900, 901, 902, 903, 904, 905, 906, 907, 908, 909, 910, 911, 912, 913, 914, 915, 916, 917, 918, 919, 920, 921, 922, 923, 924, 925, 926, 927, 928, 929, 930, 931, 932, 933, 934, 935]","[399, 401, 405, 408, 428, 436, 439, 445, 447, 848, 850, 854, 858, 880, 887, 890, 895, 927]","[12, 24, 25, 28, 88, 100, 104, 119, 123, 129, 136, 137, 139, 140, 141, 148, 155, 169, 172, 179, 183, 185, 188, 196, 198, 217, 237, 267, 270, 278, 319, 321, 324, 325, 330, 334, 335, 354, 366, 369, 380, 383, 384, 386, 395, 407, 411, 423, 428, 436, 437, 452, 453, 456, 467, 471, 477, 478, 479, 497, 508, 511, 559, 571, 575, 590, 594, 600, 607, 608, 610, 611, 612, 619, 627, 640, 643, 650, 654, 656, 659, 667, 669, 685, 701, 726, 729, 737, 777, 779, 782, 783, 787, 790, 791, 809, 817, 819, 830, 833, 834, 836, 845, 856, 857, 860, 862, 875, 880, 887, 888, 899, 900, 914, 918, 921, 928, 929, 930]","[12, 24, 25, 28, 88, 100, 104, 119, 123, 129, 136, 137, 139, 140, 141, 148, 155, 169, 172, 179, 183, 185, 188, 196, 198, 217, 237, 267, 270, 278, 319, 321, 324, 325, 330, 334, 335, 354, 366, 369, 380, 383, 384, 386, 395, 407, 411, 423, 428, 436, 437, 452, 453, 456, 467, 471, 477, 478, 479, 497, 508, 511, 559, 571, 575, 590, 594, 600, 607, 608, 610, 611, 612, 619, 627, 640, 643, 650, 654, 656, 659, 667, 669, 685, 701, 726, 729, 737, 777, 779, 782, 783, 787, 790, 791, 809, 817, 819, 830, 833, 834, 836, 845, 856, 857, 860, 862, 875, 880, 887, 888, 899, 900, 914, 918, 921, 928, 929, 930]","[916, 917, 918, 12, 919, 920, 24, 25, 921, 28, 922, 923, 924, 925, 559, 926, 383, 927, 571, 928, 575, 929, 930, 931, 590, 932, 594, 933, 88, 600, 934, 607, 608, 935, 610, 611, 100, 612, 104, 619, 627, 119, 123, 640, 129, 643, 136, 137, 650, 139, 140, 141, 654, 656, 659, 148, 155, 667, 669, 169, 172, 685, 179, 183, 185, 188, 701, 380, 196, 198, 384, 395, 726, 217, 729, 737, 237, 354, 777, 267, 779, 270, 782, 783, 787, 278, 790, 791, 809, 817, 366, 819, 830, 319, 321, 369, 833, 324, 325, 834, 836, 330, 845, 334, 335, 848, 849, 850, 851, 852, 853, 854, 855, 856, 857, 858, 859, 860, 861, 862, 863, 864, 865, 866, 867, 868, 869, 870, 871, 872, 873, 874, 875, 876, 877, 878, 879, 880, 881, 882, 883, 884, 885, 886, 887, 888, 889, 890, 891, 892, 893, 894, 895, 896, 897, 898, 899, 900, 901, 902, 903, 904, 905, 906, 907, 908, 909, 398, 399, 400, 401, 402, 403, 404, 405, 406, 407, 408, 409, 410, 411, 412, 413, 414, 415, 416, 417, 418, 419, 420, 421, 422, 423, 424, 425, 426, 427, 428, 429, 430, 431, 432, 433, 434, 435, 436, 437, 438, 439, 440, 441, 442, 443, 444, 445, 446, 447, 448, 449, 450, 451, 452, 453, 454, 455, 456, 457, 458, 459, 460, 461, 462, 463, 464, 465, 466, 467, 468, 469, 470, 471, 472, 473, 474, 475, 476, 477, 478, 479, 480, 481, 482, 483, 484, 910, 911, 912, 508, 497, 913, 386, 914, 915, 511]",True,"[428, 857, 880]","[398, 399, 400, 401, 402, 403, 404, 405, 406, 407, 408, 409, 410, 411, 412, 413, 414, 415, 416, 417, 418, 419, 420, 421, 422, 423, 424, 425, 426, 427, 428, 429, 430, 431, 432, 433, 434, 435, 436, 437, 438, 439, 440, 441, 442, 443, 444, 445, 446, 447, 448, 449, 450, 451, 452, 453, 454, 455, 456, 457, 458, 459, 460, 461, 462, 463, 464, 465, 466, 467, 468, 469, 470, 471, 472, 473, 474, 475, 476, 477, 478, 479, 480, 481, 482, 483, 484, 848, 849, 850, 851, 852, 853, 854, 855, 856, 857, 858, 859, 860, 861, 862, 863, 864, 865, 866, 867, 868, 869, 870, 871, 872, 873, 874, 875, 876, 877, 878, 879, 880, 881, 882, 883, 884, 885, 886, 887, 888, 889, 890, 891, 892, 893, 894, 895, 896, 897, 898, 899, 900, 901, 902, 903, 904, 905, 906, 907, 908, 909, 910, 911, 912, 913, 914, 915, 916, 917, 918, 919, 920, 921, 922, 923, 924, 925, 926, 927, 928, 929, 930, 931, 932, 933, 934, 935]",[857],[],"[399, 401, 405, 408, 428, 436, 439, 445, 447, 848, 850, 854, 858, 880, 887, 890, 895, 927]","[12, 24, 25, 28, 88, 100, 104, 119, 123, 129, 136, 137, 139, 140, 141, 148, 155, 169, 172, 179, 183, 185, 188, 196, 198, 217, 237, 267, 270, 278, 319, 321, 324, 325, 330, 334, 335, 354, 366, 369, 380, 383, 384, 386, 395, 407, 411, 423, 428, 436, 437, 452, 453, 456, 467, 471, 477, 478, 479, 497, 508, 511, 559, 571, 575, 590, 594, 600, 607, 608, 610, 611, 612, 619, 627, 640, 643, 650, 654, 656, 659, 667, 669, 685, 701, 726, 729, 737, 777, 779, 782, 783, 787, 790, 791, 809, 817, 819, 830, 833, 834, 836, 845, 856, 857, 860, 862, 875, 880, 887, 888, 899, 900, 914, 918, 921, 928, 929, 930]","[12, 24, 25, 28, 88, 100, 104, 119, 123, 129, 136, 137, 139, 140, 141, 148, 155, 169, 172, 179, 183, 185, 188, 196, 198, 217, 237, 267, 270, 278, 319, 321, 324, 325, 330, 334, 335, 354, 366, 369, 380, 383, 384, 386, 395, 407, 411, 423, 428, 436, 437, 452, 453, 456, 467, 471, 477, 478, 479, 497, 508, 511, 559, 571, 575, 590, 594, 600, 607, 608, 610, 611, 612, 619, 627, 640, 643, 650, 654, 656, 659, 667, 669, 685, 701, 726, 729, 737, 777, 779, 782, 783, 787, 790, 791, 809, 817, 819, 830, 833, 834, 836, 845, 856, 857, 860, 862, 875, 880, 887, 888, 899, 900, 914, 918, 921, 928, 929, 930]",4/6 successful match,True,[291],True,143,False,,,,,
"Hurricane , 84737 Little Creek Station ( Chevron )",435-877-1101 4105 UT 59 S,,Hurricane,84737,Little Creek Station ( Chevron ),435-877-1101,2007,Hurricane,UT,Chevron,,4105 UT 59 S,Proper,,False,,False,UT 59,,,,,"[880, 428]","[428, 857, 880]",[857],[],"[398, 399, 400, 401, 402, 403, 404, 405, 406, 407, 408, 409, 410, 411, 412, 413, 414, 415, 416, 417, 418, 419, 420, 421, 422, 423, 424, 425, 426, 427, 428, 429, 430, 431, 432, 433, 434, 435, 436, 437, 438, 439, 440, 441, 442, 443, 444, 445, 446, 447, 448, 449, 450, 451, 452, 453, 454, 455, 456, 457, 458, 459, 460, 461, 462, 463, 464, 465, 466, 467, 468, 469, 470, 471, 472, 473, 474, 475, 476, 477, 478, 479, 480, 481, 482, 483, 484, 848, 849, 850, 851, 852, 853, 854, 855, 856, 857, 858, 859, 860, 861, 862, 863, 864, 865, 866, 867, 868, 869, 870, 871, 872, 873, 874, 875, 876, 877, 878, 879, 880, 881, 882, 883, 884, 885, 886, 887, 888, 889, 890, 891, 892, 893, 894, 895, 896, 897, 898, 899, 900, 901, 902, 903, 904, 905, 906, 907, 908, 909, 910, 911, 912, 913, 914, 915, 916, 917, 918, 919, 920, 921, 922, 923, 924, 925, 926, 927, 928, 929, 930, 931, 932, 933, 934, 935]","[399, 401, 405, 408, 428, 436, 439, 445, 447, 848, 850, 854, 858, 880, 887, 890, 895, 927]","[12, 24, 25, 28, 88, 100, 104, 119, 123, 129, 136, 137, 139, 140, 141, 148, 155, 169, 172, 179, 183, 185, 188, 196, 198, 217, 237, 267, 270, 278, 319, 321, 324, 325, 330, 334, 335, 354, 366, 369, 380, 383, 384, 386, 395, 407, 411, 423, 428, 436, 437, 452, 453, 456, 467, 471, 477, 478, 479, 497, 508, 511, 559, 571, 575, 590, 594, 600, 607, 608, 610, 611, 612, 619, 627, 640, 643, 650, 654, 656, 659, 667, 669, 685, 701, 726, 729, 737, 777, 779, 782, 783, 787, 790, 791, 809, 817, 819, 830, 833, 834, 836, 845, 856, 857, 860, 862, 875, 880, 887, 888, 899, 900, 914, 918, 921, 928, 929, 930]","[12, 24, 25, 28, 88, 100, 104, 119, 123, 129, 136, 137, 139, 140, 141, 148, 155, 169, 172, 179, 183, 185, 188, 196, 198, 217, 237, 267, 270, 278, 319, 321, 324, 325, 330, 334, 335, 354, 366, 369, 380, 383, 384, 386, 395, 407, 411, 423, 428, 436, 437, 452, 453, 456, 467, 471, 477, 478, 479, 497, 508, 511, 559, 571, 575, 590, 594, 600, 607, 608, 610, 611, 612, 619, 627, 640, 643, 650, 654, 656, 659, 667, 669, 685, 701, 726, 729, 737, 777, 779, 782, 783, 787, 790, 791, 809, 817, 819, 830, 833, 834, 836, 845, 856, 857, 860, 862, 875, 880, 887, 888, 899, 900, 914, 918, 921, 928, 929, 930]","[916, 917, 918, 12, 919, 920, 24, 25, 921, 28, 922, 923, 924, 925, 559, 926, 383, 927, 571, 928, 575, 929, 930, 931, 590, 932, 594, 933, 88, 600, 934, 607, 608, 935, 610, 611, 100, 612, 104, 619, 627, 119, 123, 640, 129, 643, 136, 137, 650, 139, 140, 141, 654, 656, 659, 148, 155, 667, 669, 169, 172, 685, 179, 183, 185, 188, 701, 380, 196, 198, 384, 395, 726, 217, 729, 737, 237, 354, 777, 267, 779, 270, 782, 783, 787, 278, 790, 791, 809, 817, 366, 819, 830, 319, 321, 369, 833, 324, 325, 834, 836, 330, 845, 334, 335, 848, 849, 850, 851, 852, 853, 854, 855, 856, 857, 858, 859, 860, 861, 862, 863, 864, 865, 866, 867, 868, 869, 870, 871, 872, 873, 874, 875, 876, 877, 878, 879, 880, 881, 882, 883, 884, 885, 886, 887, 888, 889, 890, 891, 892, 893, 894, 895, 896, 897, 898, 899, 900, 901, 902, 903, 904, 905, 906, 907, 908, 909, 398, 399, 400, 401, 402, 403, 404, 405, 406, 407, 408, 409, 410, 411, 412, 413, 414, 415, 416, 417, 418, 419, 420, 421, 422, 423, 424, 425, 426, 427, 428, 429, 430, 431, 432, 433, 434, 435, 436, 437, 438, 439, 440, 441, 442, 443, 444, 445, 446, 447, 448, 449, 450, 451, 452, 453, 454, 455, 456, 457, 458, 459, 460, 461, 462, 463, 464, 465, 466, 467, 468, 469, 470, 471, 472, 473, 474, 475, 476, 477, 478, 479, 480, 481, 482, 483, 484, 910, 911, 912, 508, 497, 913, 386, 914, 915, 511]",True,"[428, 857, 880]","[398, 399, 400, 401, 402, 403, 404, 405, 406, 407, 408, 409, 410, 411, 412, 413, 414, 415, 416, 417, 418, 419, 420, 421, 422, 423, 424, 425, 426, 427, 428, 429, 430, 431, 432, 433, 434, 435, 436, 437, 438, 439, 440, 441, 442, 443, 444, 445, 446, 447, 448, 449, 450, 451, 452, 453, 454, 455, 456, 457, 458, 459, 460, 461, 462, 463, 464, 465, 466, 467, 468, 469, 470, 471, 472, 473, 474, 475, 476, 477, 478, 479, 480, 481, 482, 483, 484, 848, 849, 850, 851, 852, 853, 854, 855, 856, 857, 858, 859, 860, 861, 862, 863, 864, 865, 866, 867, 868, 869, 870, 871, 872, 873, 874, 875, 876, 877, 878, 879, 880, 881, 882, 883, 884, 885, 886, 887, 888, 889, 890, 891, 892, 893, 894, 895, 896, 897, 898, 899, 900, 901, 902, 903, 904, 905, 906, 907, 908, 909, 910, 911, 912, 913, 914, 915, 916, 917, 918, 919, 920, 921, 922, 923, 924, 925, 926, 927, 928, 929, 930, 931, 932, 933, 934, 935]",[857],[],"[399, 401, 405, 408, 428, 436, 439, 445, 447, 848, 850, 854, 858, 880, 887, 890, 895, 927]","[12, 24, 25, 28, 88, 100, 104, 119, 123, 129, 136, 137, 139, 140, 141, 148, 155, 169, 172, 179, 183, 185, 188, 196, 198, 217, 237, 267, 270, 278, 319, 321, 324, 325, 330, 334, 335, 354, 366, 369, 380, 383, 384, 386, 395, 407, 411, 423, 428, 436, 437, 452, 453, 456, 467, 471, 477, 478, 479, 497, 508, 511, 559, 571, 575, 590, 594, 600, 607, 608, 610, 611, 612, 619, 627, 640, 643, 650, 654, 656, 659, 667, 669, 685, 701, 726, 729, 737, 777, 779, 782, 783, 787, 790, 791, 809, 817, 819, 830, 833, 834, 836, 845, 856, 857, 860, 862, 875, 880, 887, 888, 899, 900, 914, 918, 921, 928, 929, 930]","[12, 24, 25, 28, 88, 100, 104, 119, 123, 129, 136, 137, 139, 140, 141, 148, 155, 169, 172, 179, 183, 185, 188, 196, 198, 217, 237, 267, 270, 278, 319, 321, 324, 325, 330, 334, 335, 354, 366, 369, 380, 383, 384, 386, 395, 407, 411, 423, 428, 436, 437, 452, 453, 456, 467, 471, 477, 478, 479, 497, 508, 511, 559, 571, 575, 590, 594, 600, 607, 608, 610, 611, 612, 619, 627, 640, 643, 650, 654, 656, 659, 667, 669, 685, 701, 726, 729, 737, 777, 779, 782, 783, 787, 790, 791, 809, 817, 819, 830, 833, 834, 836, 845, 856, 857, 860, 862, 875, 880, 887, 888, 899, 900, 914, 918, 921, 928, 929, 930]",4/6 successful match,True,[291],True,143,False,,1.0,True,Little Creek Station ( Chevron ),Chevron
"Hurricane , 84737 Little Creek Station ( Chevron jct US 189 )",2 435-877-1101 4105 UT 59 S ),<U+2610> SO <U+25A1> <U+2610>,Hurricane,84737,Little Creek Station ( Chevron jct US 189 ),435-877-1101,2008,Hurricane,UT,Chevron,,4105 UT 59 S ,Proper,,False,,False,UT 59,,,,,"[880, 428]","[428, 857, 880]",[857],[],"[398, 399, 400, 401, 402, 403, 404, 405, 406, 407, 408, 409, 410, 411, 412, 413, 414, 415, 416, 417, 418, 419, 420, 421, 422, 423, 424, 425, 426, 427, 428, 429, 430, 431, 432, 433, 434, 435, 436, 437, 438, 439, 440, 441, 442, 443, 444, 445, 446, 447, 448, 449, 450, 451, 452, 453, 454, 455, 456, 457, 458, 459, 460, 461, 462, 463, 464, 465, 466, 467, 468, 469, 470, 471, 472, 473, 474, 475, 476, 477, 478, 479, 480, 481, 482, 483, 484, 848, 849, 850, 851, 852, 853, 854, 855, 856, 857, 858, 859, 860, 861, 862, 863, 864, 865, 866, 867, 868, 869, 870, 871, 872, 873, 874, 875, 876, 877, 878, 879, 880, 881, 882, 883, 884, 885, 886, 887, 888, 889, 890, 891, 892, 893, 894, 895, 896, 897, 898, 899, 900, 901, 902, 903, 904, 905, 906, 907, 908, 909, 910, 911, 912, 913, 914, 915, 916, 917, 918, 919, 920, 921, 922, 923, 924, 925, 926, 927, 928, 929, 930, 931, 932, 933, 934, 935]","[399, 401, 405, 408, 428, 436, 439, 445, 447, 848, 850, 854, 858, 880, 887, 890, 895, 927]","[12, 24, 25, 28, 88, 100, 104, 119, 123, 129, 136, 137, 139, 140, 141, 148, 155, 169, 172, 179, 183, 185, 188, 196, 198, 217, 237, 267, 270, 278, 319, 321, 324, 325, 330, 334, 335, 354, 366, 369, 380, 383, 384, 386, 395, 407, 411, 423, 428, 436, 437, 452, 453, 456, 467, 471, 477, 478, 479, 497, 508, 511, 559, 571, 575, 590, 594, 600, 607, 608, 610, 611, 612, 619, 627, 640, 643, 650, 654, 656, 659, 667, 669, 685, 701, 726, 729, 737, 777, 779, 782, 783, 787, 790, 791, 809, 817, 819, 830, 833, 834, 836, 845, 856, 857, 860, 862, 875, 880, 887, 888, 899, 900, 914, 918, 921, 928, 929, 930]","[12, 24, 25, 28, 88, 100, 104, 119, 123, 129, 136, 137, 139, 140, 141, 148, 155, 169, 172, 179, 183, 185, 188, 196, 198, 217, 237, 267, 270, 278, 319, 321, 324, 325, 330, 334, 335, 354, 366, 369, 380, 383, 384, 386, 395, 407, 411, 423, 428, 436, 437, 452, 453, 456, 467, 471, 477, 478, 479, 497, 508, 511, 559, 571, 575, 590, 594, 600, 607, 608, 610, 611, 612, 619, 627, 640, 643, 650, 654, 656, 659, 667, 669, 685, 701, 726, 729, 737, 777, 779, 782, 783, 787, 790, 791, 809, 817, 819, 830, 833, 834, 836, 845, 856, 857, 860, 862, 875, 880, 887, 888, 899, 900, 914, 918, 921, 928, 929, 930]","[916, 917, 918, 12, 919, 920, 24, 25, 921, 28, 922, 923, 924, 925, 559, 926, 383, 927, 571, 928, 575, 929, 930, 931, 590, 932, 594, 933, 88, 600, 934, 607, 608, 935, 610, 611, 100, 612, 104, 619, 627, 119, 123, 640, 129, 643, 136, 137, 650, 139, 140, 141, 654, 656, 659, 148, 155, 667, 669, 169, 172, 685, 179, 183, 185, 188, 701, 380, 196, 198, 384, 395, 726, 217, 729, 737, 237, 354, 777, 267, 779, 270, 782, 783, 787, 278, 790, 791, 809, 817, 366, 819, 830, 319, 321, 369, 833, 324, 325, 834, 836, 330, 845, 334, 335, 848, 849, 850, 851, 852, 853, 854, 855, 856, 857, 858, 859, 860, 861, 862, 863, 864, 865, 866, 867, 868, 869, 870, 871, 872, 873, 874, 875, 876, 877, 878, 879, 880, 881, 882, 883, 884, 885, 886, 887, 888, 889, 890, 891, 892, 893, 894, 895, 896, 897, 898, 899, 900, 901, 902, 903, 904, 905, 906, 907, 908, 909, 398, 399, 400, 401, 402, 403, 404, 405, 406, 407, 408, 409, 410, 411, 412, 413, 414, 415, 416, 417, 418, 419, 420, 421, 422, 423, 424, 425, 426, 427, 428, 429, 430, 431, 432, 433, 434, 435, 436, 437, 438, 439, 440, 441, 442, 443, 444, 445, 446, 447, 448, 449, 450, 451, 452, 453, 454, 455, 456, 457, 458, 459, 460, 461, 462, 463, 464, 465, 466, 467, 468, 469, 470, 471, 472, 473, 474, 475, 476, 477, 478, 479, 480, 481, 482, 483, 484, 910, 911, 912, 508, 497, 913, 386, 914, 915, 511]",True,"[428, 857, 880]","[398, 399, 400, 401, 402, 403, 404, 405, 406, 407, 408, 409, 410, 411, 412, 413, 414, 415, 416, 417, 418, 419, 420, 421, 422, 423, 424, 425, 426, 427, 428, 429, 430, 431, 432, 433, 434, 435, 436, 437, 438, 439, 440, 441, 442, 443, 444, 445, 446, 447, 448, 449, 450, 451, 452, 453, 454, 455, 456, 457, 458, 459, 460, 461, 462, 463, 464, 465, 466, 467, 468, 469, 470, 471, 472, 473, 474, 475, 476, 477, 478, 479, 480, 481, 482, 483, 484, 848, 849, 850, 851, 852, 853, 854, 855, 856, 857, 858, 859, 860, 861, 862, 863, 864, 865, 866, 867, 868, 869, 870, 871, 872, 873, 874, 875, 876, 877, 878, 879, 880, 881, 882, 883, 884, 885, 886, 887, 888, 889, 890, 891, 892, 893, 894, 895, 896, 897, 898, 899, 900, 901, 902, 903, 904, 905, 906, 907, 908, 909, 910, 911, 912, 913, 914, 915, 916, 917, 918, 919, 920, 921, 922, 923, 924, 925, 926, 927, 928, 929, 930, 931, 932, 933, 934, 935]",[857],[],"[399, 401, 405, 408, 428, 436, 439, 445, 447, 848, 850, 854, 858, 880, 887, 890, 895, 927]","[12, 24, 25, 28, 88, 100, 104, 119, 123, 129, 136, 137, 139, 140, 141, 148, 155, 169, 172, 179, 183, 185, 188, 196, 198, 217, 237, 267, 270, 278, 319, 321, 324, 325, 330, 334, 335, 354, 366, 369, 380, 383, 384, 386, 395, 407, 411, 423, 428, 436, 437, 452, 453, 456, 467, 471, 477, 478, 479, 497, 508, 511, 559, 571, 575, 590, 594, 600, 607, 608, 610, 611, 612, 619, 627, 640, 643, 650, 654, 656, 659, 667, 669, 685, 701, 726, 729, 737, 777, 779, 782, 783, 787, 790, 791, 809, 817, 819, 830, 833, 834, 836, 845, 856, 857, 860, 862, 875, 880, 887, 888, 899, 900, 914, 918, 921, 928, 929, 930]","[12, 24, 25, 28, 88, 100, 104, 119, 123, 129, 136, 137, 139, 140, 141, 148, 155, 169, 172, 179, 183, 185, 188, 196, 198, 217, 237, 267, 270, 278, 319, 321, 324, 325, 330, 334, 335, 354, 366, 369, 380, 383, 384, 386, 395, 407, 411, 423, 428, 436, 437, 452, 453, 456, 467, 471, 477, 478, 479, 497, 508, 511, 559, 571, 575, 590, 594, 600, 607, 608, 610, 611, 612, 619, 627, 640, 643, 650, 654, 656, 659, 667, 669, 685, 701, 726, 729, 737, 777, 779, 782, 783, 787, 790, 791, 809, 817, 819, 830, 833, 834, 836, 845, 856, 857, 860, 862, 875, 880, 887, 888, 899, 900, 914, 918, 921, 928, 929, 930]",4/6 successful match,True,[291],True,143,False,,1.0,True,Little Creek Station ( Chevron ),Chevron
Apple Valley ( 84737 ) Little Creek Station ( Chevron ),435-877-1101 4105 UT 59 S,<U+2610> S <U+25A1>,Apple Valley,84737,Little Creek Station ( Chevron ),435-877-1101,2014,Hurricane,UT,Chevron,,4105 UT 59 S,Proper,,False,,False,UT 59,,,,,"[880, 428]","[428, 857, 880]","[298, 339, 428, 757, 795, 857, 880]",[],"[398, 399, 400, 401, 402, 403, 404, 405, 406, 407, 408, 409, 410, 411, 412, 413, 414, 415, 416, 417, 418, 419, 420, 421, 422, 423, 424, 425, 426, 427, 428, 429, 430, 431, 432, 433, 434, 435, 436, 437, 438, 439, 440, 441, 442, 443, 444, 445, 446, 447, 448, 449, 450, 451, 452, 453, 454, 455, 456, 457, 458, 459, 460, 461, 462, 463, 464, 465, 466, 467, 468, 469, 470, 471, 472, 473, 474, 475, 476, 477, 478, 479, 480, 481, 482, 483, 484, 848, 849, 850, 851, 852, 853, 854, 855, 856, 857, 858, 859, 860, 861, 862, 863, 864, 865, 866, 867, 868, 869, 870, 871, 872, 873, 874, 875, 876, 877, 878, 879, 880, 881, 882, 883, 884, 885, 886, 887, 888, 889, 890, 891, 892, 893, 894, 895, 896, 897, 898, 899, 900, 901, 902, 903, 904, 905, 906, 907, 908, 909, 910, 911, 912, 913, 914, 915, 916, 917, 918, 919, 920, 921, 922, 923, 924, 925, 926, 927, 928, 929, 930, 931, 932, 933, 934, 935]","[399, 401, 405, 408, 428, 436, 439, 445, 447, 848, 850, 854, 858, 880, 887, 890, 895, 927]","[12, 24, 25, 28, 88, 100, 104, 119, 123, 129, 136, 137, 139, 140, 141, 148, 155, 169, 172, 179, 183, 185, 188, 196, 198, 217, 237, 267, 270, 278, 319, 321, 324, 325, 330, 334, 335, 354, 366, 369, 380, 383, 384, 386, 395, 407, 411, 423, 428, 436, 437, 452, 453, 456, 467, 471, 477, 478, 479, 497, 508, 511, 559, 571, 575, 590, 594, 600, 607, 608, 610, 611, 612, 619, 627, 640, 643, 650, 654, 656, 659, 667, 669, 685, 701, 726, 729, 737, 777, 779, 782, 783, 787, 790, 791, 809, 817, 819, 830, 833, 834, 836, 845, 856, 857, 860, 862, 875, 880, 887, 888, 899, 900, 914, 918, 921, 928, 929, 930]","[12, 24, 25, 28, 88, 100, 104, 119, 123, 129, 136, 137, 139, 140, 141, 148, 155, 169, 172, 179, 183, 185, 188, 196, 198, 217, 237, 267, 270, 278, 319, 321, 324, 325, 330, 334, 335, 354, 366, 369, 380, 383, 384, 386, 395, 407, 411, 423, 428, 436, 437, 452, 453, 456, 467, 471, 477, 478, 479, 497, 508, 511, 559, 571, 575, 590, 594, 600, 607, 608, 610, 611, 612, 619, 627, 640, 643, 650, 654, 656, 659, 667, 669, 685, 701, 726, 729, 737, 777, 779, 782, 783, 787, 790, 791, 809, 817, 819, 830, 833, 834, 836, 845, 856, 857, 860, 862, 875, 880, 887, 888, 899, 900, 914, 918, 921, 928, 929, 930]","[916, 917, 918, 12, 919, 920, 24, 25, 921, 28, 922, 923, 924, 925, 559, 926, 383, 927, 571, 928, 575, 929, 930, 931, 590, 932, 594, 933, 88, 600, 934, 607, 608, 935, 610, 611, 100, 612, 104, 619, 627, 119, 123, 640, 129, 643, 136, 137, 650, 139, 140, 141, 654, 656, 659, 148, 155, 667, 669, 169, 172, 685, 179, 183, 185, 188, 701, 380, 196, 198, 384, 395, 726, 217, 729, 737, 237, 757, 354, 777, 267, 779, 270, 782, 783, 787, 278, 790, 791, 795, 809, 298, 817, 366, 819, 830, 319, 321, 369, 833, 324, 325, 834, 836, 330, 845, 334, 335, 848, 849, 850, 339, 851, 852, 853, 854, 855, 857, 856, 858, 859, 860, 861, 862, 863, 864, 865, 866, 867, 868, 869, 870, 871, 872, 873, 874, 875, 876, 877, 878, 880, 879, 881, 882, 883, 884, 885, 886, 887, 888, 889, 890, 891, 892, 893, 894, 895, 896, 897, 898, 899, 900, 901, 902, 903, 904, 905, 906, 907, 908, 398, 399, 400, 401, 402, 403, 404, 405, 406, 407, 408, 409, 410, 411, 412, 413, 414, 415, 416, 417, 418, 419, 420, 421, 422, 423, 424, 425, 426, 427, 428, 429, 430, 431, 432, 433, 434, 435, 436, 437, 438, 439, 440, 441, 442, 443, 444, 445, 446, 447, 448, 449, 450, 451, 452, 453, 454, 455, 456, 457, 458, 459, 460, 461, 462, 463, 464, 465, 466, 467, 468, 469, 470, 471, 472, 473, 474, 475, 476, 477, 478, 479, 480, 481, 482, 483, 484, 909, 910, 911, 912, 508, 497, 913, 386, 914, 915, 511]",True,"[428, 857, 880]","[398, 399, 400, 401, 402, 403, 404, 405, 406, 407, 408, 409, 410, 411, 412, 413, 414, 415, 416, 417, 418, 419, 420, 421, 422, 423, 424, 425, 426, 427, 428, 429, 430, 431, 432, 433, 434, 435, 436, 437, 438, 439, 440, 441, 442, 443, 444, 445, 446, 447, 448, 449, 450, 451, 452, 453, 454, 455, 456, 457, 458, 459, 460, 461, 462, 463, 464, 465, 466, 467, 468, 469, 470, 471, 472, 473, 474, 475, 476, 477, 478, 479, 480, 481, 482, 483, 484, 848, 849, 850, 851, 852, 853, 854, 855, 856, 857, 858, 859, 860, 861, 862, 863, 864, 865, 866, 867, 868, 869, 870, 871, 872, 873, 874, 875, 876, 877, 878, 879, 880, 881, 882, 883, 884, 885, 886, 887, 888, 889, 890, 891, 892, 893, 894, 895, 896, 897, 898, 899, 900, 901, 902, 903, 904, 905, 906, 907, 908, 909, 910, 911, 912, 913, 914, 915, 916, 917, 918, 919, 920, 921, 922, 923, 924, 925, 926, 927, 928, 929, 930, 931, 932, 933, 934, 935]","[298, 339, 428, 757, 795, 857, 880]",[],"[399, 401, 405, 408, 428, 436, 439, 445, 447, 848, 850, 854, 858, 880, 887, 890, 895, 927]","[12, 24, 25, 28, 88, 100, 104, 119, 123, 129, 136, 137, 139, 140, 141, 148, 155, 169, 172, 179, 183, 185, 188, 196, 198, 217, 237, 267, 270, 278, 319, 321, 324, 325, 330, 334, 335, 354, 366, 369, 380, 383, 384, 386, 395, 407, 411, 423, 428, 436, 437, 452, 453, 456, 467, 471, 477, 478, 479, 497, 508, 511, 559, 571, 575, 590, 594, 600, 607, 608, 610, 611, 612, 619, 627, 640, 643, 650, 654, 656, 659, 667, 669, 685, 701, 726, 729, 737, 777, 779, 782, 783, 787, 790, 791, 809, 817, 819, 830, 833, 834, 836, 845, 856, 857, 860, 862, 875, 880, 887, 888, 899, 900, 914, 918, 921, 928, 929, 930]","[12, 24, 25, 28, 88, 100, 104, 119, 123, 129, 136, 137, 139, 140, 141, 148, 155, 169, 172, 179, 183, 185, 188, 196, 198, 217, 237, 267, 270, 278, 319, 321, 324, 325, 330, 334, 335, 354, 366, 369, 380, 383, 384, 386, 395, 407, 411, 423, 428, 436, 437, 452, 453, 456, 467, 471, 477, 478, 479, 497, 508, 511, 559, 571, 575, 590, 594, 600, 607, 608, 610, 611, 612, 619, 627, 640, 643, 650, 654, 656, 659, 667, 669, 685, 701, 726, 729, 737, 777, 779, 782, 783, 787, 790, 791, 809, 817, 819, 830, 833, 834, 836, 845, 856, 857, 860, 862, 875, 880, 887, 888, 899, 900, 914, 918, 921, 928, 929, 930]",7/6 successful match,True,[291],True,143,False,,1.0,True,Little Creek Station ( Chevron jct US 189 ),Chevron
Apple Valley ( 84737 ) Little Creek Station ( Chevron ),435-877-1101 4105 UT 59 S,S,Apple Valley,84737,Little Creek Station ( Chevron ),435-877-1101,2015,Hurricane,UT,Chevron,,4105 UT 59 S,Proper,,False,,False,UT 59,,,,,"[880, 428]","[428, 857, 880]","[298, 339, 428, 757, 795, 857, 880]",[],"[398, 399, 400, 401, 402, 403, 404, 405, 406, 407, 408, 409, 410, 411, 412, 413, 414, 415, 416, 417, 418, 419, 420, 421, 422, 423, 424, 425, 426, 427, 428, 429, 430, 431, 432, 433, 434, 435, 436, 437, 438, 439, 440, 441, 442, 443, 444, 445, 446, 447, 448, 449, 450, 451, 452, 453, 454, 455, 456, 457, 458, 459, 460, 461, 462, 463, 464, 465, 466, 467, 468, 469, 470, 471, 472, 473, 474, 475, 476, 477, 478, 479, 480, 481, 482, 483, 484, 848, 849, 850, 851, 852, 853, 854, 855, 856, 857, 858, 859, 860, 861, 862, 863, 864, 865, 866, 867, 868, 869, 870, 871, 872, 873, 874, 875, 876, 877, 878, 879, 880, 881, 882, 883, 884, 885, 886, 887, 888, 889, 890, 891, 892, 893, 894, 895, 896, 897, 898, 899, 900, 901, 902, 903, 904, 905, 906, 907, 908, 909, 910, 911, 912, 913, 914, 915, 916, 917, 918, 919, 920, 921, 922, 923, 924, 925, 926, 927, 928, 929, 930, 931, 932, 933, 934, 935]","[399, 401, 405, 408, 428, 436, 439, 445, 447, 848, 850, 854, 858, 880, 887, 890, 895, 927]","[12, 24, 25, 28, 88, 100, 104, 119, 123, 129, 136, 137, 139, 140, 141, 148, 155, 169, 172, 179, 183, 185, 188, 196, 198, 217, 237, 267, 270, 278, 319, 321, 324, 325, 330, 334, 335, 354, 366, 369, 380, 383, 384, 386, 395, 407, 411, 423, 428, 436, 437, 452, 453, 456, 467, 471, 477, 478, 479, 497, 508, 511, 559, 571, 575, 590, 594, 600, 607, 608, 610, 611, 612, 619, 627, 640, 643, 650, 654, 656, 659, 667, 669, 685, 701, 726, 729, 737, 777, 779, 782, 783, 787, 790, 791, 809, 817, 819, 830, 833, 834, 836, 845, 856, 857, 860, 862, 875, 880, 887, 888, 899, 900, 914, 918, 921, 928, 929, 930]","[12, 24, 25, 28, 88, 100, 104, 119, 123, 129, 136, 137, 139, 140, 141, 148, 155, 169, 172, 179, 183, 185, 188, 196, 198, 217, 237, 267, 270, 278, 319, 321, 324, 325, 330, 334, 335, 354, 366, 369, 380, 383, 384, 386, 395, 407, 411, 423, 428, 436, 437, 452, 453, 456, 467, 471, 477, 478, 479, 497, 508, 511, 559, 571, 575, 590, 594, 600, 607, 608, 610, 611, 612, 619, 627, 640, 643, 650, 654, 656, 659, 667, 669, 685, 701, 726, 729, 737, 777, 779, 782, 783, 787, 790, 791, 809, 817, 819, 830, 833, 834, 836, 845, 856, 857, 860, 862, 875, 880, 887, 888, 899, 900, 914, 918, 921, 928, 929, 930]","[916, 917, 918, 12, 919, 920, 24, 25, 921, 28, 922, 923, 924, 925, 559, 926, 383, 927, 571, 928, 575, 929, 930, 931, 590, 932, 594, 933, 88, 600, 934, 607, 608, 935, 610, 611, 100, 612, 104, 619, 627, 119, 123, 640, 129, 643, 136, 137, 650, 139, 140, 141, 654, 656, 659, 148, 155, 667, 669, 169, 172, 685, 179, 183, 185, 188, 701, 380, 196, 198, 384, 395, 726, 217, 729, 737, 237, 757, 354, 777, 267, 779, 270, 782, 783, 787, 278, 790, 791, 795, 809, 298, 817, 366, 819, 830, 319, 321, 369, 833, 324, 325, 834, 836, 330, 845, 334, 335, 848, 849, 850, 339, 851, 852, 853, 854, 855, 857, 856, 858, 859, 860, 861, 862, 863, 864, 865, 866, 867, 868, 869, 870, 871, 872, 873, 874, 875, 876, 877, 878, 880, 879, 881, 882, 883, 884, 885, 886, 887, 888, 889, 890, 891, 892, 893, 894, 895, 896, 897, 898, 899, 900, 901, 902, 903, 904, 905, 906, 907, 908, 398, 399, 400, 401, 402, 403, 404, 405, 406, 407, 408, 409, 410, 411, 412, 413, 414, 415, 416, 417, 418, 419, 420, 421, 422, 423, 424, 425, 426, 427, 428, 429, 430, 431, 432, 433, 434, 435, 436, 437, 438, 439, 440, 441, 442, 443, 444, 445, 446, 447, 448, 449, 450, 451, 452, 453, 454, 455, 456, 457, 458, 459, 460, 461, 462, 463, 464, 465, 466, 467, 468, 469, 470, 471, 472, 473, 474, 475, 476, 477, 478, 479, 480, 481, 482, 483, 484, 909, 910, 911, 912, 508, 497, 913, 386, 914, 915, 511]",True,"[428, 857, 880]","[398, 399, 400, 401, 402, 403, 404, 405, 406, 407, 408, 409, 410, 411, 412, 413, 414, 415, 416, 417, 418, 419, 420, 421, 422, 423, 424, 425, 426, 427, 428, 429, 430, 431, 432, 433, 434, 435, 436, 437, 438, 439, 440, 441, 442, 443, 444, 445, 446, 447, 448, 449, 450, 451, 452, 453, 454, 455, 456, 457, 458, 459, 460, 461, 462, 463, 464, 465, 466, 467, 468, 469, 470, 471, 472, 473, 474, 475, 476, 477, 478, 479, 480, 481, 482, 483, 484, 848, 849, 850, 851, 852, 853, 854, 855, 856, 857, 858, 859, 860, 861, 862, 863, 864, 865, 866, 867, 868, 869, 870, 871, 872, 873, 874, 875, 876, 877, 878, 879, 880, 881, 882, 883, 884, 885, 886, 887, 888, 889, 890, 891, 892, 893, 894, 895, 896, 897, 898, 899, 900, 901, 902, 903, 904, 905, 906, 907, 908, 909, 910, 911, 912, 913, 914, 915, 916, 917, 918, 919, 920, 921, 922, 923, 924, 925, 926, 927, 928, 929, 930, 931, 932, 933, 934, 935]","[298, 339, 428, 757, 795, 857, 880]",[],"[399, 401, 405, 408, 428, 436, 439, 445, 447, 848, 850, 854, 858, 880, 887, 890, 895, 927]","[12, 24, 25, 28, 88, 100, 104, 119, 123, 129, 136, 137, 139, 140, 141, 148, 155, 169, 172, 179, 183, 185, 188, 196, 198, 217, 237, 267, 270, 278, 319, 321, 324, 325, 330, 334, 335, 354, 366, 369, 380, 383, 384, 386, 395, 407, 411, 423, 428, 436, 437, 452, 453, 456, 467, 471, 477, 478, 479, 497, 508, 511, 559, 571, 575, 590, 594, 600, 607, 608, 610, 611, 612, 619, 627, 640, 643, 650, 654, 656, 659, 667, 669, 685, 701, 726, 729, 737, 777, 779, 782, 783, 787, 790, 791, 809, 817, 819, 830, 833, 834, 836, 845, 856, 857, 860, 862, 875, 880, 887, 888, 899, 900, 914, 918, 921, 928, 929, 930]","[12, 24, 25, 28, 88, 100, 104, 119, 123, 129, 136, 137, 139, 140, 141, 148, 155, 169, 172, 179, 183, 185, 188, 196, 198, 217, 237, 267, 270, 278, 319, 321, 324, 325, 330, 334, 335, 354, 366, 369, 380, 383, 384, 386, 395, 407, 411, 423, 428, 436, 437, 452, 453, 456, 467, 471, 477, 478, 479, 497, 508, 511, 559, 571, 575, 590, 594, 600, 607, 608, 610, 611, 612, 619, 627, 640, 643, 650, 654, 656, 659, 667, 669, 685, 701, 726, 729, 737, 777, 779, 782, 783, 787, 790, 791, 809, 817, 819, 830, 833, 834, 836, 845, 856, 857, 860, 862, 875, 880, 887, 888, 899, 900, 914, 918, 921, 928, 929, 930]",7/6 successful match,True,[291],True,143,False,,1.0,True,Little Creek Station ( Chevron ),Chevron
Apple Valley ( 84737 ) Little Creek Station ( Chevron ),435-877-1101 4105 UT 59 S,<U+2610> SO <U+2610>,Apple Valley,84737,Little Creek Station ( Chevron ),435-877-1101,2016,Hurricane,UT,Chevron,,4105 UT 59 S,Proper,,False,,False,UT 59,,,,,"[880, 428]","[428, 857, 880]","[298, 339, 428, 757, 795, 857, 880]",[],"[398, 399, 400, 401, 402, 403, 404, 405, 406, 407, 408, 409, 410, 411, 412, 413, 414, 415, 416, 417, 418, 419, 420, 421, 422, 423, 424, 425, 426, 427, 428, 429, 430, 431, 432, 433, 434, 435, 436, 437, 438, 439, 440, 441, 442, 443, 444, 445, 446, 447, 448, 449, 450, 451, 452, 453, 454, 455, 456, 457, 458, 459, 460, 461, 462, 463, 464, 465, 466, 467, 468, 469, 470, 471, 472, 473, 474, 475, 476, 477, 478, 479, 480, 481, 482, 483, 484, 848, 849, 850, 851, 852, 853, 854, 855, 856, 857, 858, 859, 860, 861, 862, 863, 864, 865, 866, 867, 868, 869, 870, 871, 872, 873, 874, 875, 876, 877, 878, 879, 880, 881, 882, 883, 884, 885, 886, 887, 888, 889, 890, 891, 892, 893, 894, 895, 896, 897, 898, 899, 900, 901, 902, 903, 904, 905, 906, 907, 908, 909, 910, 911, 912, 913, 914, 915, 916, 917, 918, 919, 920, 921, 922, 923, 924, 925, 926, 927, 928, 929, 930, 931, 932, 933, 934, 935]","[399, 401, 405, 408, 428, 436, 439, 445, 447, 848, 850, 854, 858, 880, 887, 890, 895, 927]","[12, 24, 25, 28, 88, 100, 104, 119, 123, 129, 136, 137, 139, 140, 141, 148, 155, 169, 172, 179, 183, 185, 188, 196, 198, 217, 237, 267, 270, 278, 319, 321, 324, 325, 330, 334, 335, 354, 366, 369, 380, 383, 384, 386, 395, 407, 411, 423, 428, 436, 437, 452, 453, 456, 467, 471, 477, 478, 479, 497, 508, 511, 559, 571, 575, 590, 594, 600, 607, 608, 610, 611, 612, 619, 627, 640, 643, 650, 654, 656, 659, 667, 669, 685, 701, 726, 729, 737, 777, 779, 782, 783, 787, 790, 791, 809, 817, 819, 830, 833, 834, 836, 845, 856, 857, 860, 862, 875, 880, 887, 888, 899, 900, 914, 918, 921, 928, 929, 930]","[12, 24, 25, 28, 88, 100, 104, 119, 123, 129, 136, 137, 139, 140, 141, 148, 155, 169, 172, 179, 183, 185, 188, 196, 198, 217, 237, 267, 270, 278, 319, 321, 324, 325, 330, 334, 335, 354, 366, 369, 380, 383, 384, 386, 395, 407, 411, 423, 428, 436, 437, 452, 453, 456, 467, 471, 477, 478, 479, 497, 508, 511, 559, 571, 575, 590, 594, 600, 607, 608, 610, 611, 612, 619, 627, 640, 643, 650, 654, 656, 659, 667, 669, 685, 701, 726, 729, 737, 777, 779, 782, 783, 787, 790, 791, 809, 817, 819, 830, 833, 834, 836, 845, 856, 857, 860, 862, 875, 880, 887, 888, 899, 900, 914, 918, 921, 928, 929, 930]","[916, 917, 918, 12, 919, 920, 24, 25, 921, 28, 922, 923, 924, 925, 559, 926, 383, 927, 571, 928, 575, 929, 930, 931, 590, 932, 594, 933, 88, 600, 934, 607, 608, 935, 610, 611, 100, 612, 104, 619, 627, 119, 123, 640, 129, 643, 136, 137, 650, 139, 140, 141, 654, 656, 659, 148, 155, 667, 669, 169, 172, 685, 179, 183, 185, 188, 701, 380, 196, 198, 384, 395, 726, 217, 729, 737, 237, 757, 354, 777, 267, 779, 270, 782, 783, 787, 278, 790, 791, 795, 809, 298, 817, 366, 819, 830, 319, 321, 369, 833, 324, 325, 834, 836, 330, 845, 334, 335, 848, 849, 850, 339, 851, 852, 853, 854, 855, 857, 856, 858, 859, 860, 861, 862, 863, 864, 865, 866, 867, 868, 869, 870, 871, 872, 873, 874, 875, 876, 877, 878, 880, 879, 881, 882, 883, 884, 885, 886, 887, 888, 889, 890, 891, 892, 893, 894, 895, 896, 897, 898, 899, 900, 901, 902, 903, 904, 905, 906, 907, 908, 398, 399, 400, 401, 402, 403, 404, 405, 406, 407, 408, 409, 410, 411, 412, 413, 414, 415, 416, 417, 418, 419, 420, 421, 422, 423, 424, 425, 426, 427, 428, 429, 430, 431, 432, 433, 434, 435, 436, 437, 438, 439, 440, 441, 442, 443, 444, 445, 446, 447, 448, 449, 450, 451, 452, 453, 454, 455, 456, 457, 458, 459, 460, 461, 462, 463, 464, 465, 466, 467, 468, 469, 470, 471, 472, 473, 474, 475, 476, 477, 478, 479, 480, 481, 482, 483, 484, 909, 910, 911, 912, 508, 497, 913, 386, 914, 915, 511]",True,"[428, 857, 880]","[398, 399, 400, 401, 402, 403, 404, 405, 406, 407, 408, 409, 410, 411, 412, 413, 414, 415, 416, 417, 418, 419, 420, 421, 422, 423, 424, 425, 426, 427, 428, 429, 430, 431, 432, 433, 434, 435, 436, 437, 438, 439, 440, 441, 442, 443, 444, 445, 446, 447, 448, 449, 450, 451, 452, 453, 454, 455, 456, 457, 458, 459, 460, 461, 462, 463, 464, 465, 466, 467, 468, 469, 470, 471, 472, 473, 474, 475, 476, 477, 478, 479, 480, 481, 482, 483, 484, 848, 849, 850, 851, 852, 853, 854, 855, 856, 857, 858, 859, 860, 861, 862, 863, 864, 865, 866, 867, 868, 869, 870, 871, 872, 873, 874, 875, 876, 877, 878, 879, 880, 881, 882, 883, 884, 885, 886, 887, 888, 889, 890, 891, 892, 893, 894, 895, 896, 897, 898, 899, 900, 901, 902, 903, 904, 905, 906, 907, 908, 909, 910, 911, 912, 913, 914, 915, 916, 917, 918, 919, 920, 921, 922, 923, 924, 925, 926, 927, 928, 929, 930, 931, 932, 933, 934, 935]","[298, 339, 428, 757, 795, 857, 880]",[],"[399, 401, 405, 408, 428, 436, 439, 445, 447, 848, 850, 854, 858, 880, 887, 890, 895, 927]","[12, 24, 25, 28, 88, 100, 104, 119, 123, 129, 136, 137, 139, 140, 141, 148, 155, 169, 172, 179, 183, 185, 188, 196, 198, 217, 237, 267, 270, 278, 319, 321, 324, 325, 330, 334, 335, 354, 366, 369, 380, 383, 384, 386, 395, 407, 411, 423, 428, 436, 437, 452, 453, 456, 467, 471, 477, 478, 479, 497, 508, 511, 559, 571, 575, 590, 594, 600, 607, 608, 610, 611, 612, 619, 627, 640, 643, 650, 654, 656, 659, 667, 669, 685, 701, 726, 729, 737, 777, 779, 782, 783, 787, 790, 791, 809, 817, 819, 830, 833, 834, 836, 845, 856, 857, 860, 862, 875, 880, 887, 888, 899, 900, 914, 918, 921, 928, 929, 930]","[12, 24, 25, 28, 88, 100, 104, 119, 123, 129, 136, 137, 139, 140, 141, 148, 155, 169, 172, 179, 183, 185, 188, 196, 198, 217, 237, 267, 270, 278, 319, 321, 324, 325, 330, 334, 335, 354, 366, 369, 380, 383, 384, 386, 395, 407, 411, 423, 428, 436, 437, 452, 453, 456, 467, 471, 477, 478, 479, 497, 508, 511, 559, 571, 575, 590, 594, 600, 607, 608, 610, 611, 612, 619, 627, 640, 643, 650, 654, 656, 659, 667, 669, 685, 701, 726, 729, 737, 777, 779, 782, 783, 787, 790, 791, 809, 817, 819, 830, 833, 834, 836, 845, 856, 857, 860, 862, 875, 880, 887, 888, 899, 900, 914, 918, 921, 928, 929, 930]",7/6 successful match,True,[291],True,143,False,,1.0,True,Little Creek Station ( Chevron ),Chevron
"Mount Carmel , 84755 Ramsay Oil Co ( Texaco )",435-648-2326 US 89 & UT 9,S,Mount Carmel,84755,Ramsay Oil Co ( Texaco ),435-648-2326,2006,Mount Carmel,UT,Texaco,,US 89 & UT 9,empty,,False,,False,US 89,UT 9,,,,"[910, 463]",[],"[463, 910]",[],"[398, 399, 400, 401, 402, 403, 404, 405, 406, 407, 408, 409, 410, 411, 412, 413, 414, 415, 416, 417, 418, 419, 420, 421, 422, 423, 424, 425, 426, 427, 428, 429, 430, 431, 432, 433, 434, 435, 436, 437, 438, 439, 440, 441, 442, 443, 444, 445, 446, 447, 448, 449, 450, 451, 452, 453, 454, 455, 456, 457, 458, 459, 460, 461, 462, 463, 464, 465, 466, 467, 468, 469, 470, 471, 472, 473, 474, 475, 476, 477, 478, 479, 480, 481, 482, 483, 484, 848, 849, 850, 851, 852, 853, 854, 855, 856, 857, 858, 859, 860, 861, 862, 863, 864, 865, 866, 867, 868, 869, 870, 871, 872, 873, 874, 875, 876, 877, 878, 879, 880, 881, 882, 883, 884, 885, 886, 887, 888, 889, 890, 891, 892, 893, 894, 895, 896, 897, 898, 899, 900, 901, 902, 903, 904, 905, 906, 907, 908, 909, 910, 911, 912, 913, 914, 915, 916, 917, 918, 919, 920, 921, 922, 923, 924, 925, 926, 927, 928, 929, 930, 931, 932, 933, 934, 935]","[3, 15, 29, 91, 399, 401, 405, 408, 427, 428, 436, 439, 444, 445, 447, 463, 489, 500, 512, 562, 848, 850, 854, 858, 879, 880, 887, 890, 894, 895, 910, 927]","[26, 390, 474, 486, 509, 840, 922, 926]","[4, 26, 31, 59, 135, 142, 147, 180, 218, 229, 232, 264, 269, 299, 318, 320, 331, 338, 352, 367, 382, 387, 390, 403, 405, 408, 410, 455, 463, 465, 466, 468, 470, 472, 473, 474, 483, 484, 486, 490, 509, 514, 535, 606, 613, 618, 651, 686, 693, 696, 724, 728, 758, 776, 778, 788, 794, 807, 832, 837, 840, 852, 854, 858, 860, 861, 902, 910, 912, 913, 915, 917, 919, 920, 922, 926, 931, 934, 935]","[512, 916, 514, 3, 4, 917, 918, 387, 15, 919, 920, 535, 921, 26, 29, 922, 31, 923, 924, 925, 562, 926, 927, 59, 928, 929, 930, 931, 932, 933, 390, 91, 934, 606, 935, 613, 618, 135, 651, 142, 147, 382, 338, 686, 180, 693, 696, 724, 728, 218, 229, 232, 352, 758, 264, 776, 778, 269, 788, 794, 807, 299, 367, 318, 320, 832, 837, 840, 331, 848, 849, 850, 851, 852, 853, 854, 855, 856, 857, 858, 859, 860, 861, 862, 863, 864, 865, 866, 867, 868, 869, 870, 871, 872, 873, 874, 875, 876, 877, 878, 879, 880, 881, 882, 883, 884, 885, 886, 887, 888, 889, 890, 891, 892, 893, 894, 895, 896, 897, 898, 899, 900, 901, 902, 903, 904, 905, 906, 907, 908, 909, 398, 399, 400, 910, 401, 402, 403, 404, 405, 407, 408, 406, 409, 410, 411, 412, 413, 414, 415, 416, 417, 418, 419, 420, 421, 422, 423, 424, 425, 426, 427, 428, 429, 430, 431, 432, 433, 434, 435, 436, 437, 438, 439, 440, 441, 442, 443, 444, 445, 446, 447, 448, 449, 450, 451, 452, 453, 454, 455, 456, 457, 458, 459, 460, 461, 463, 462, 464, 465, 466, 467, 468, 469, 470, 471, 472, 473, 474, 475, 476, 477, 478, 479, 480, 481, 482, 483, 484, 486, 911, 489, 490, 912, 913, 500, 914, 915, 509]",True,[],"[398, 399, 400, 401, 402, 403, 404, 405, 406, 407, 408, 409, 410, 411, 412, 413, 414, 415, 416, 417, 418, 419, 420, 421, 422, 423, 424, 425, 426, 427, 428, 429, 430, 431, 432, 433, 434, 435, 436, 437, 438, 439, 440, 441, 442, 443, 444, 445, 446, 447, 448, 449, 450, 451, 452, 453, 454, 455, 456, 457, 458, 459, 460, 461, 462, 463, 464, 465, 466, 467, 468, 469, 470, 471, 472, 473, 474, 475, 476, 477, 478, 479, 480, 481, 482, 483, 484, 848, 849, 850, 851, 852, 853, 854, 855, 856, 857, 858, 859, 860, 861, 862, 863, 864, 865, 866, 867, 868, 869, 870, 871, 872, 873, 874, 875, 876, 877, 878, 879, 880, 881, 882, 883, 884, 885, 886, 887, 888, 889, 890, 891, 892, 893, 894, 895, 896, 897, 898, 899, 900, 901, 902, 903, 904, 905, 906, 907, 908, 909, 910, 911, 912, 913, 914, 915, 916, 917, 918, 919, 920, 921, 922, 923, 924, 925, 926, 927, 928, 929, 930, 931, 932, 933, 934, 935]","[463, 910]",[],"[3, 15, 29, 91, 399, 401, 405, 408, 427, 428, 436, 439, 444, 445, 447, 463, 489, 500, 512, 562, 848, 850, 854, 858, 879, 880, 887, 890, 894, 895, 910, 927]","[4, 26, 31, 59, 135, 142, 147, 180, 218, 229, 232, 264, 269, 299, 318, 320, 331, 338, 352, 367, 382, 387, 390, 403, 405, 408, 410, 455, 463, 465, 466, 468, 470, 472, 473, 474, 483, 484, 486, 490, 509, 514, 535, 606, 613, 618, 651, 686, 693, 696, 724, 728, 758, 776, 778, 788, 794, 807, 832, 837, 840, 852, 854, 858, 860, 861, 902, 910, 912, 913, 915, 917, 919, 920, 922, 926, 931, 934, 935]","[26, 390, 474, 486, 509, 840, 922, 926]",6/6 successful match,True,,False,144,False,,,,,
"Mount Carmel , 84755 Ramsay Oil Co ( Shell )",H 2435-648-2326 US 89 & UT 9,,Mount Carmel,84755,Ramsay Oil Co ( Shell ),435-648-2326,2007,Mount Carmel,UT,Shell,,US 89 & UT 9,empty,,False,,False,US 89,UT 9,,,,"[910, 463]",[],"[463, 910]",[],"[398, 399, 400, 401, 402, 403, 404, 405, 406, 407, 408, 409, 410, 411, 412, 413, 414, 415, 416, 417, 418, 419, 420, 421, 422, 423, 424, 425, 426, 427, 428, 429, 430, 431, 432, 433, 434, 435, 436, 437, 438, 439, 440, 441, 442, 443, 444, 445, 446, 447, 448, 449, 450, 451, 452, 453, 454, 455, 456, 457, 458, 459, 460, 461, 462, 463, 464, 465, 466, 467, 468, 469, 470, 471, 472, 473, 474, 475, 476, 477, 478, 479, 480, 481, 482, 483, 484, 848, 849, 850, 851, 852, 853, 854, 855, 856, 857, 858, 859, 860, 861, 862, 863, 864, 865, 866, 867, 868, 869, 870, 871, 872, 873, 874, 875, 876, 877, 878, 879, 880, 881, 882, 883, 884, 885, 886, 887, 888, 889, 890, 891, 892, 893, 894, 895, 896, 897, 898, 899, 900, 901, 902, 903, 904, 905, 906, 907, 908, 909, 910, 911, 912, 913, 914, 915, 916, 917, 918, 919, 920, 921, 922, 923, 924, 925, 926, 927, 928, 929, 930, 931, 932, 933, 934, 935]","[3, 15, 29, 91, 399, 401, 405, 408, 427, 428, 436, 439, 444, 445, 447, 463, 489, 500, 512, 562, 848, 850, 854, 858, 879, 880, 887, 890, 894, 895, 910, 927]","[1, 13, 14, 29, 54, 55, 56, 57, 58, 60, 102, 118, 125, 127, 130, 134, 146, 149, 153, 175, 182, 187, 189, 191, 197, 225, 230, 238, 264, 265, 266, 286, 302, 317, 336, 379, 388, 389, 425, 454, 458, 463, 475, 487, 498, 499, 512, 530, 531, 532, 533, 534, 536, 573, 589, 596, 598, 601, 605, 617, 620, 624, 646, 653, 658, 660, 662, 668, 689, 694, 702, 724, 725, 745, 760, 775, 793, 829, 838, 839, 877, 901, 903, 905, 910, 923]","[1, 4, 13, 14, 29, 31, 54, 55, 56, 57, 58, 59, 60, 102, 118, 125, 127, 130, 134, 135, 142, 146, 147, 149, 153, 175, 180, 182, 187, 189, 191, 197, 218, 225, 229, 230, 232, 238, 264, 265, 266, 269, 286, 299, 302, 317, 318, 320, 331, 336, 338, 352, 354, 367, 379, 382, 387, 388, 389, 403, 405, 408, 410, 425, 454, 455, 458, 463, 465, 466, 468, 470, 472, 473, 475, 483, 484, 487, 490, 498, 499, 512, 514, 530, 531, 532, 533, 534, 535, 536, 573, 589, 596, 598, 601, 605, 606, 613, 617, 618, 620, 624, 646, 651, 653, 658, 660, 662, 668, 686, 689, 693, 694, 696, 702, 724, 725, 728, 745, 758, 760, 775, 776, 778, 788, 793, 794, 807, 809, 829, 832, 837, 838, 839, 852, 854, 858, 860, 861, 877, 901, 902, 903, 905, 910, 912, 913, 915, 917, 919, 920, 923, 931, 934, 935]","[512, 916, 1, 3, 4, 514, 917, 918, 13, 14, 15, 919, 387, 530, 531, 532, 920, 533, 534, 536, 535, 921, 29, 922, 31, 923, 388, 924, 925, 562, 926, 54, 55, 927, 56, 57, 58, 60, 573, 928, 389, 59, 929, 930, 931, 589, 932, 596, 598, 933, 601, 91, 934, 605, 606, 935, 613, 102, 617, 618, 620, 624, 118, 125, 127, 130, 134, 646, 135, 651, 653, 142, 146, 658, 660, 149, 662, 147, 153, 382, 336, 668, 338, 686, 175, 689, 180, 693, 182, 694, 696, 187, 189, 702, 191, 197, 724, 725, 728, 218, 225, 229, 230, 232, 745, 352, 238, 354, 758, 760, 775, 264, 265, 266, 776, 778, 269, 788, 793, 794, 286, 807, 809, 299, 302, 367, 317, 829, 318, 379, 320, 832, 837, 838, 839, 331, 848, 849, 850, 851, 852, 853, 854, 855, 856, 857, 858, 859, 860, 861, 862, 863, 864, 865, 866, 867, 868, 869, 870, 871, 872, 873, 874, 875, 876, 877, 878, 879, 880, 881, 882, 883, 884, 885, 886, 887, 888, 889, 890, 891, 892, 893, 894, 895, 896, 897, 898, 899, 900, 901, 902, 903, 904, 905, 906, 907, 908, 909, 398, 399, 400, 910, 401, 402, 403, 404, 405, 407, 408, 406, 409, 410, 411, 412, 413, 414, 415, 416, 417, 418, 419, 420, 421, 422, 423, 424, 425, 426, 427, 428, 429, 430, 431, 432, 433, 434, 435, 436, 437, 438, 439, 440, 441, 442, 443, 444, 445, 446, 447, 448, 449, 450, 451, 452, 453, 454, 455, 456, 457, 458, 459, 460, 461, 463, 462, 464, 465, 466, 467, 468, 469, 470, 471, 472, 473, 474, 475, 476, 477, 478, 479, 480, 481, 482, 483, 484, 487, 911, 489, 490, 912, 913, 498, 500, 499, 914, 915]",True,[],"[398, 399, 400, 401, 402, 403, 404, 405, 406, 407, 408, 409, 410, 411, 412, 413, 414, 415, 416, 417, 418, 419, 420, 421, 422, 423, 424, 425, 426, 427, 428, 429, 430, 431, 432, 433, 434, 435, 436, 437, 438, 439, 440, 441, 442, 443, 444, 445, 446, 447, 448, 449, 450, 451, 452, 453, 454, 455, 456, 457, 458, 459, 460, 461, 462, 463, 464, 465, 466, 467, 468, 469, 470, 471, 472, 473, 474, 475, 476, 477, 478, 479, 480, 481, 482, 483, 484, 848, 849, 850, 851, 852, 853, 854, 855, 856, 857, 858, 859, 860, 861, 862, 863, 864, 865, 866, 867, 868, 869, 870, 871, 872, 873, 874, 875, 876, 877, 878, 879, 880, 881, 882, 883, 884, 885, 886, 887, 888, 889, 890, 891, 892, 893, 894, 895, 896, 897, 898, 899, 900, 901, 902, 903, 904, 905, 906, 907, 908, 909, 910, 911, 912, 913, 914, 915, 916, 917, 918, 919, 920, 921, 922, 923, 924, 925, 926, 927, 928, 929, 930, 931, 932, 933, 934, 935]","[463, 910]",[],"[3, 15, 29, 91, 399, 401, 405, 408, 427, 428, 436, 439, 444, 445, 447, 463, 489, 500, 512, 562, 848, 850, 854, 858, 879, 880, 887, 890, 894, 895, 910, 927]","[1, 4, 13, 14, 29, 31, 54, 55, 56, 57, 58, 59, 60, 102, 118, 125, 127, 130, 134, 135, 142, 146, 147, 149, 153, 175, 180, 182, 187, 189, 191, 197, 218, 225, 229, 230, 232, 238, 264, 265, 266, 269, 286, 299, 302, 317, 318, 320, 331, 336, 338, 352, 354, 367, 379, 382, 387, 388, 389, 403, 405, 408, 410, 425, 454, 455, 458, 463, 465, 466, 468, 470, 472, 473, 475, 483, 484, 487, 490, 498, 499, 512, 514, 530, 531, 532, 533, 534, 535, 536, 573, 589, 596, 598, 601, 605, 606, 613, 617, 618, 620, 624, 646, 651, 653, 658, 660, 662, 668, 686, 689, 693, 694, 696, 702, 724, 725, 728, 745, 758, 760, 775, 776, 778, 788, 793, 794, 807, 809, 829, 832, 837, 838, 839, 852, 854, 858, 860, 861, 877, 901, 902, 903, 905, 910, 912, 913, 915, 917, 919, 920, 923, 931, 934, 935]","[1, 13, 14, 29, 54, 55, 56, 57, 58, 60, 102, 118, 125, 127, 130, 134, 146, 149, 153, 175, 182, 187, 189, 191, 197, 225, 230, 238, 264, 265, 266, 286, 302, 317, 336, 379, 388, 389, 425, 454, 458, 463, 475, 487, 498, 499, 512, 530, 531, 532, 533, 534, 536, 573, 589, 596, 598, 601, 605, 617, 620, 624, 646, 653, 658, 660, 662, 668, 689, 694, 702, 724, 725, 745, 760, 775, 793, 829, 838, 839, 877, 901, 903, 905, 910, 923]",7/6 successful match,True,,False,144,False,,1.0,False,Ramsay Oil Co ( Texaco ),Texaco
"Mount Carmel , 84755 Ramsay Oil Co ( Shell )",2 435-648-2326 US 89 & UT 9,<U+2610> <U+2610><U+2610> <U+25A1> <U+25A1> <U+25A1>,Mount Carmel,84755,Ramsay Oil Co ( Shell ),435-648-2326,2008,Mount Carmel,UT,Shell,,US 89 & UT 9,empty,,False,,False,US 89,UT 9,,,,"[910, 463]",[],"[463, 910]",[],"[398, 399, 400, 401, 402, 403, 404, 405, 406, 407, 408, 409, 410, 411, 412, 413, 414, 415, 416, 417, 418, 419, 420, 421, 422, 423, 424, 425, 426, 427, 428, 429, 430, 431, 432, 433, 434, 435, 436, 437, 438, 439, 440, 441, 442, 443, 444, 445, 446, 447, 448, 449, 450, 451, 452, 453, 454, 455, 456, 457, 458, 459, 460, 461, 462, 463, 464, 465, 466, 467, 468, 469, 470, 471, 472, 473, 474, 475, 476, 477, 478, 479, 480, 481, 482, 483, 484, 848, 849, 850, 851, 852, 853, 854, 855, 856, 857, 858, 859, 860, 861, 862, 863, 864, 865, 866, 867, 868, 869, 870, 871, 872, 873, 874, 875, 876, 877, 878, 879, 880, 881, 882, 883, 884, 885, 886, 887, 888, 889, 890, 891, 892, 893, 894, 895, 896, 897, 898, 899, 900, 901, 902, 903, 904, 905, 906, 907, 908, 909, 910, 911, 912, 913, 914, 915, 916, 917, 918, 919, 920, 921, 922, 923, 924, 925, 926, 927, 928, 929, 930, 931, 932, 933, 934, 935]","[3, 15, 29, 91, 399, 401, 405, 408, 427, 428, 436, 439, 444, 445, 447, 463, 489, 500, 512, 562, 848, 850, 854, 858, 879, 880, 887, 890, 894, 895, 910, 927]","[1, 13, 14, 29, 54, 55, 56, 57, 58, 60, 102, 118, 125, 127, 130, 134, 146, 149, 153, 175, 182, 187, 189, 191, 197, 225, 230, 238, 264, 265, 266, 286, 302, 317, 336, 379, 388, 389, 425, 454, 458, 463, 475, 487, 498, 499, 512, 530, 531, 532, 533, 534, 536, 573, 589, 596, 598, 601, 605, 617, 620, 624, 646, 653, 658, 660, 662, 668, 689, 694, 702, 724, 725, 745, 760, 775, 793, 829, 838, 839, 877, 901, 903, 905, 910, 923]","[1, 4, 13, 14, 29, 31, 54, 55, 56, 57, 58, 59, 60, 102, 118, 125, 127, 130, 134, 135, 142, 146, 147, 149, 153, 175, 180, 182, 187, 189, 191, 197, 218, 225, 229, 230, 232, 238, 264, 265, 266, 269, 286, 299, 302, 317, 318, 320, 331, 336, 338, 352, 354, 367, 379, 382, 387, 388, 389, 403, 405, 408, 410, 425, 454, 455, 458, 463, 465, 466, 468, 470, 472, 473, 475, 483, 484, 487, 490, 498, 499, 512, 514, 530, 531, 532, 533, 534, 535, 536, 573, 589, 596, 598, 601, 605, 606, 613, 617, 618, 620, 624, 646, 651, 653, 658, 660, 662, 668, 686, 689, 693, 694, 696, 702, 724, 725, 728, 745, 758, 760, 775, 776, 778, 788, 793, 794, 807, 809, 829, 832, 837, 838, 839, 852, 854, 858, 860, 861, 877, 901, 902, 903, 905, 910, 912, 913, 915, 917, 919, 920, 923, 931, 934, 935]","[512, 916, 1, 3, 4, 514, 917, 918, 13, 14, 15, 919, 387, 530, 531, 532, 920, 533, 534, 536, 535, 921, 29, 922, 31, 923, 388, 924, 925, 562, 926, 54, 55, 927, 56, 57, 58, 60, 573, 928, 389, 59, 929, 930, 931, 589, 932, 596, 598, 933, 601, 91, 934, 605, 606, 935, 613, 102, 617, 618, 620, 624, 118, 125, 127, 130, 134, 646, 135, 651, 653, 142, 146, 658, 660, 149, 662, 147, 153, 382, 336, 668, 338, 686, 175, 689, 180, 693, 182, 694, 696, 187, 189, 702, 191, 197, 724, 725, 728, 218, 225, 229, 230, 232, 745, 352, 238, 354, 758, 760, 775, 264, 265, 266, 776, 778, 269, 788, 793, 794, 286, 807, 809, 299, 302, 367, 317, 829, 318, 379, 320, 832, 837, 838, 839, 331, 848, 849, 850, 851, 852, 853, 854, 855, 856, 857, 858, 859, 860, 861, 862, 863, 864, 865, 866, 867, 868, 869, 870, 871, 872, 873, 874, 875, 876, 877, 878, 879, 880, 881, 882, 883, 884, 885, 886, 887, 888, 889, 890, 891, 892, 893, 894, 895, 896, 897, 898, 899, 900, 901, 902, 903, 904, 905, 906, 907, 908, 909, 398, 399, 400, 910, 401, 402, 403, 404, 405, 407, 408, 406, 409, 410, 411, 412, 413, 414, 415, 416, 417, 418, 419, 420, 421, 422, 423, 424, 425, 426, 427, 428, 429, 430, 431, 432, 433, 434, 435, 436, 437, 438, 439, 440, 441, 442, 443, 444, 445, 446, 447, 448, 449, 450, 451, 452, 453, 454, 455, 456, 457, 458, 459, 460, 461, 463, 462, 464, 465, 466, 467, 468, 469, 470, 471, 472, 473, 474, 475, 476, 477, 478, 479, 480, 481, 482, 483, 484, 487, 911, 489, 490, 912, 913, 498, 500, 499, 914, 915]",True,[],"[398, 399, 400, 401, 402, 403, 404, 405, 406, 407, 408, 409, 410, 411, 412, 413, 414, 415, 416, 417, 418, 419, 420, 421, 422, 423, 424, 425, 426, 427, 428, 429, 430, 431, 432, 433, 434, 435, 436, 437, 438, 439, 440, 441, 442, 443, 444, 445, 446, 447, 448, 449, 450, 451, 452, 453, 454, 455, 456, 457, 458, 459, 460, 461, 462, 463, 464, 465, 466, 467, 468, 469, 470, 471, 472, 473, 474, 475, 476, 477, 478, 479, 480, 481, 482, 483, 484, 848, 849, 850, 851, 852, 853, 854, 855, 856, 857, 858, 859, 860, 861, 862, 863, 864, 865, 866, 867, 868, 869, 870, 871, 872, 873, 874, 875, 876, 877, 878, 879, 880, 881, 882, 883, 884, 885, 886, 887, 888, 889, 890, 891, 892, 893, 894, 895, 896, 897, 898, 899, 900, 901, 902, 903, 904, 905, 906, 907, 908, 909, 910, 911, 912, 913, 914, 915, 916, 917, 918, 919, 920, 921, 922, 923, 924, 925, 926, 927, 928, 929, 930, 931, 932, 933, 934, 935]","[463, 910]",[],"[3, 15, 29, 91, 399, 401, 405, 408, 427, 428, 436, 439, 444, 445, 447, 463, 489, 500, 512, 562, 848, 850, 854, 858, 879, 880, 887, 890, 894, 895, 910, 927]","[1, 4, 13, 14, 29, 31, 54, 55, 56, 57, 58, 59, 60, 102, 118, 125, 127, 130, 134, 135, 142, 146, 147, 149, 153, 175, 180, 182, 187, 189, 191, 197, 218, 225, 229, 230, 232, 238, 264, 265, 266, 269, 286, 299, 302, 317, 318, 320, 331, 336, 338, 352, 354, 367, 379, 382, 387, 388, 389, 403, 405, 408, 410, 425, 454, 455, 458, 463, 465, 466, 468, 470, 472, 473, 475, 483, 484, 487, 490, 498, 499, 512, 514, 530, 531, 532, 533, 534, 535, 536, 573, 589, 596, 598, 601, 605, 606, 613, 617, 618, 620, 624, 646, 651, 653, 658, 660, 662, 668, 686, 689, 693, 694, 696, 702, 724, 725, 728, 745, 758, 760, 775, 776, 778, 788, 793, 794, 807, 809, 829, 832, 837, 838, 839, 852, 854, 858, 860, 861, 877, 901, 902, 903, 905, 910, 912, 913, 915, 917, 919, 920, 923, 931, 934, 935]","[1, 13, 14, 29, 54, 55, 56, 57, 58, 60, 102, 118, 125, 127, 130, 134, 146, 149, 153, 175, 182, 187, 189, 191, 197, 225, 230, 238, 264, 265, 266, 286, 302, 317, 336, 379, 388, 389, 425, 454, 458, 463, 475, 487, 498, 499, 512, 530, 531, 532, 533, 534, 536, 573, 589, 596, 598, 601, 605, 617, 620, 624, 646, 653, 658, 660, 662, 668, 689, 694, 702, 724, 725, 745, 760, 775, 793, 829, 838, 839, 877, 901, 903, 905, 910, 923]",7/6 successful match,True,,False,144,False,,1.0,True,Ramsay Oil Co ( Shell ),Shell
Mount Carmel ( 84755 ) Ramsay Oil Co ( Shell ),2 435-648-2326 US 89 & UT 9,D D <U+2610> <U+2610>,Mount Carmel,84755,Ramsay Oil Co ( Shell ),435-648-2326,2014,Mount Carmel,UT,Shell,,US 89 & UT 9,empty,,False,,False,US 89,UT 9,,,,"[910, 463]",[],"[463, 910]",[],"[398, 399, 400, 401, 402, 403, 404, 405, 406, 407, 408, 409, 410, 411, 412, 413, 414, 415, 416, 417, 418, 419, 420, 421, 422, 423, 424, 425, 426, 427, 428, 429, 430, 431, 432, 433, 434, 435, 436, 437, 438, 439, 440, 441, 442, 443, 444, 445, 446, 447, 448, 449, 450, 451, 452, 453, 454, 455, 456, 457, 458, 459, 460, 461, 462, 463, 464, 465, 466, 467, 468, 469, 470, 471, 472, 473, 474, 475, 476, 477, 478, 479, 480, 481, 482, 483, 484, 848, 849, 850, 851, 852, 853, 854, 855, 856, 857, 858, 859, 860, 861, 862, 863, 864, 865, 866, 867, 868, 869, 870, 871, 872, 873, 874, 875, 876, 877, 878, 879, 880, 881, 882, 883, 884, 885, 886, 887, 888, 889, 890, 891, 892, 893, 894, 895, 896, 897, 898, 899, 900, 901, 902, 903, 904, 905, 906, 907, 908, 909, 910, 911, 912, 913, 914, 915, 916, 917, 918, 919, 920, 921, 922, 923, 924, 925, 926, 927, 928, 929, 930, 931, 932, 933, 934, 935]","[3, 15, 29, 91, 399, 401, 405, 408, 427, 428, 436, 439, 444, 445, 447, 463, 489, 500, 512, 562, 848, 850, 854, 858, 879, 880, 887, 890, 894, 895, 910, 927]","[1, 13, 14, 29, 54, 55, 56, 57, 58, 60, 102, 118, 125, 127, 130, 134, 146, 149, 153, 175, 182, 187, 189, 191, 197, 225, 230, 238, 264, 265, 266, 286, 302, 317, 336, 379, 388, 389, 425, 454, 458, 463, 475, 487, 498, 499, 512, 530, 531, 532, 533, 534, 536, 573, 589, 596, 598, 601, 605, 617, 620, 624, 646, 653, 658, 660, 662, 668, 689, 694, 702, 724, 725, 745, 760, 775, 793, 829, 838, 839, 877, 901, 903, 905, 910, 923]","[1, 4, 13, 14, 29, 31, 54, 55, 56, 57, 58, 59, 60, 102, 118, 125, 127, 130, 134, 135, 142, 146, 147, 149, 153, 175, 180, 182, 187, 189, 191, 197, 218, 225, 229, 230, 232, 238, 264, 265, 266, 269, 286, 299, 302, 317, 318, 320, 331, 336, 338, 352, 354, 367, 379, 382, 387, 388, 389, 403, 405, 408, 410, 425, 454, 455, 458, 463, 465, 466, 468, 470, 472, 473, 475, 483, 484, 487, 490, 498, 499, 512, 514, 530, 531, 532, 533, 534, 535, 536, 573, 589, 596, 598, 601, 605, 606, 613, 617, 618, 620, 624, 646, 651, 653, 658, 660, 662, 668, 686, 689, 693, 694, 696, 702, 724, 725, 728, 745, 758, 760, 775, 776, 778, 788, 793, 794, 807, 809, 829, 832, 837, 838, 839, 852, 854, 858, 860, 861, 877, 901, 902, 903, 905, 910, 912, 913, 915, 917, 919, 920, 923, 931, 934, 935]","[512, 916, 1, 3, 4, 514, 917, 918, 13, 14, 15, 919, 387, 530, 531, 532, 920, 533, 534, 536, 535, 921, 29, 922, 31, 923, 388, 924, 925, 562, 926, 54, 55, 927, 56, 57, 58, 60, 573, 928, 389, 59, 929, 930, 931, 589, 932, 596, 598, 933, 601, 91, 934, 605, 606, 935, 613, 102, 617, 618, 620, 624, 118, 125, 127, 130, 134, 646, 135, 651, 653, 142, 146, 658, 660, 149, 662, 147, 153, 382, 336, 668, 338, 686, 175, 689, 180, 693, 182, 694, 696, 187, 189, 702, 191, 197, 724, 725, 728, 218, 225, 229, 230, 232, 745, 352, 238, 354, 758, 760, 775, 264, 265, 266, 776, 778, 269, 788, 793, 794, 286, 807, 809, 299, 302, 367, 317, 829, 318, 379, 320, 832, 837, 838, 839, 331, 848, 849, 850, 851, 852, 853, 854, 855, 856, 857, 858, 859, 860, 861, 862, 863, 864, 865, 866, 867, 868, 869, 870, 871, 872, 873, 874, 875, 876, 877, 878, 879, 880, 881, 882, 883, 884, 885, 886, 887, 888, 889, 890, 891, 892, 893, 894, 895, 896, 897, 898, 899, 900, 901, 902, 903, 904, 905, 906, 907, 908, 909, 398, 399, 400, 910, 401, 402, 403, 404, 405, 407, 408, 406, 409, 410, 411, 412, 413, 414, 415, 416, 417, 418, 419, 420, 421, 422, 423, 424, 425, 426, 427, 428, 429, 430, 431, 432, 433, 434, 435, 436, 437, 438, 439, 440, 441, 442, 443, 444, 445, 446, 447, 448, 449, 450, 451, 452, 453, 454, 455, 456, 457, 458, 459, 460, 461, 463, 462, 464, 465, 466, 467, 468, 469, 470, 471, 472, 473, 474, 475, 476, 477, 478, 479, 480, 481, 482, 483, 484, 487, 911, 489, 490, 912, 913, 498, 500, 499, 914, 915]",True,[],"[398, 399, 400, 401, 402, 403, 404, 405, 406, 407, 408, 409, 410, 411, 412, 413, 414, 415, 416, 417, 418, 419, 420, 421, 422, 423, 424, 425, 426, 427, 428, 429, 430, 431, 432, 433, 434, 435, 436, 437, 438, 439, 440, 441, 442, 443, 444, 445, 446, 447, 448, 449, 450, 451, 452, 453, 454, 455, 456, 457, 458, 459, 460, 461, 462, 463, 464, 465, 466, 467, 468, 469, 470, 471, 472, 473, 474, 475, 476, 477, 478, 479, 480, 481, 482, 483, 484, 848, 849, 850, 851, 852, 853, 854, 855, 856, 857, 858, 859, 860, 861, 862, 863, 864, 865, 866, 867, 868, 869, 870, 871, 872, 873, 874, 875, 876, 877, 878, 879, 880, 881, 882, 883, 884, 885, 886, 887, 888, 889, 890, 891, 892, 893, 894, 895, 896, 897, 898, 899, 900, 901, 902, 903, 904, 905, 906, 907, 908, 909, 910, 911, 912, 913, 914, 915, 916, 917, 918, 919, 920, 921, 922, 923, 924, 925, 926, 927, 928, 929, 930, 931, 932, 933, 934, 935]","[463, 910]",[],"[3, 15, 29, 91, 399, 401, 405, 408, 427, 428, 436, 439, 444, 445, 447, 463, 489, 500, 512, 562, 848, 850, 854, 858, 879, 880, 887, 890, 894, 895, 910, 927]","[1, 4, 13, 14, 29, 31, 54, 55, 56, 57, 58, 59, 60, 102, 118, 125, 127, 130, 134, 135, 142, 146, 147, 149, 153, 175, 180, 182, 187, 189, 191, 197, 218, 225, 229, 230, 232, 238, 264, 265, 266, 269, 286, 299, 302, 317, 318, 320, 331, 336, 338, 352, 354, 367, 379, 382, 387, 388, 389, 403, 405, 408, 410, 425, 454, 455, 458, 463, 465, 466, 468, 470, 472, 473, 475, 483, 484, 487, 490, 498, 499, 512, 514, 530, 531, 532, 533, 534, 535, 536, 573, 589, 596, 598, 601, 605, 606, 613, 617, 618, 620, 624, 646, 651, 653, 658, 660, 662, 668, 686, 689, 693, 694, 696, 702, 724, 725, 728, 745, 758, 760, 775, 776, 778, 788, 793, 794, 807, 809, 829, 832, 837, 838, 839, 852, 854, 858, 860, 861, 877, 901, 902, 903, 905, 910, 912, 913, 915, 917, 919, 920, 923, 931, 934, 935]","[1, 13, 14, 29, 54, 55, 56, 57, 58, 60, 102, 118, 125, 127, 130, 134, 146, 149, 153, 175, 182, 187, 189, 191, 197, 225, 230, 238, 264, 265, 266, 286, 302, 317, 336, 379, 388, 389, 425, 454, 458, 463, 475, 487, 498, 499, 512, 530, 531, 532, 533, 534, 536, 573, 589, 596, 598, 601, 605, 617, 620, 624, 646, 653, 658, 660, 662, 668, 689, 694, 702, 724, 725, 745, 760, 775, 793, 829, 838, 839, 877, 901, 903, 905, 910, 923]",7/6 successful match,True,,False,144,False,,1.0,True,Ramsay Oil Co ( Shell ),Shell
1 Mount Carmel ( 84755 ) Ramsay Oil Co ( Shell ),2 435-648-2326 US 89 & UT 9,S D,Mount Carmel,84755,Ramsay Oil Co ( Shell ),435-648-2326,2015,Mount Carmel,UT,Shell,,US 89 & UT 9,empty,,False,,False,US 89,UT 9,,,,"[910, 463]",[],"[463, 910]",[],"[398, 399, 400, 401, 402, 403, 404, 405, 406, 407, 408, 409, 410, 411, 412, 413, 414, 415, 416, 417, 418, 419, 420, 421, 422, 423, 424, 425, 426, 427, 428, 429, 430, 431, 432, 433, 434, 435, 436, 437, 438, 439, 440, 441, 442, 443, 444, 445, 446, 447, 448, 449, 450, 451, 452, 453, 454, 455, 456, 457, 458, 459, 460, 461, 462, 463, 464, 465, 466, 467, 468, 469, 470, 471, 472, 473, 474, 475, 476, 477, 478, 479, 480, 481, 482, 483, 484, 848, 849, 850, 851, 852, 853, 854, 855, 856, 857, 858, 859, 860, 861, 862, 863, 864, 865, 866, 867, 868, 869, 870, 871, 872, 873, 874, 875, 876, 877, 878, 879, 880, 881, 882, 883, 884, 885, 886, 887, 888, 889, 890, 891, 892, 893, 894, 895, 896, 897, 898, 899, 900, 901, 902, 903, 904, 905, 906, 907, 908, 909, 910, 911, 912, 913, 914, 915, 916, 917, 918, 919, 920, 921, 922, 923, 924, 925, 926, 927, 928, 929, 930, 931, 932, 933, 934, 935]","[3, 15, 29, 91, 399, 401, 405, 408, 427, 428, 436, 439, 444, 445, 447, 463, 489, 500, 512, 562, 848, 850, 854, 858, 879, 880, 887, 890, 894, 895, 910, 927]","[1, 13, 14, 29, 54, 55, 56, 57, 58, 60, 102, 118, 125, 127, 130, 134, 146, 149, 153, 175, 182, 187, 189, 191, 197, 225, 230, 238, 264, 265, 266, 286, 302, 317, 336, 379, 388, 389, 425, 454, 458, 463, 475, 487, 498, 499, 512, 530, 531, 532, 533, 534, 536, 573, 589, 596, 598, 601, 605, 617, 620, 624, 646, 653, 658, 660, 662, 668, 689, 694, 702, 724, 725, 745, 760, 775, 793, 829, 838, 839, 877, 901, 903, 905, 910, 923]","[1, 4, 13, 14, 29, 31, 54, 55, 56, 57, 58, 59, 60, 102, 118, 125, 127, 130, 134, 135, 142, 146, 147, 149, 153, 175, 180, 182, 187, 189, 191, 197, 218, 225, 229, 230, 232, 238, 264, 265, 266, 269, 286, 299, 302, 317, 318, 320, 331, 336, 338, 352, 354, 367, 379, 382, 387, 388, 389, 403, 405, 408, 410, 425, 454, 455, 458, 463, 465, 466, 468, 470, 472, 473, 475, 483, 484, 487, 490, 498, 499, 512, 514, 530, 531, 532, 533, 534, 535, 536, 573, 589, 596, 598, 601, 605, 606, 613, 617, 618, 620, 624, 646, 651, 653, 658, 660, 662, 668, 686, 689, 693, 694, 696, 702, 724, 725, 728, 745, 758, 760, 775, 776, 778, 788, 793, 794, 807, 809, 829, 832, 837, 838, 839, 852, 854, 858, 860, 861, 877, 901, 902, 903, 905, 910, 912, 913, 915, 917, 919, 920, 923, 931, 934, 935]","[512, 916, 1, 3, 4, 514, 917, 918, 13, 14, 15, 919, 387, 530, 531, 532, 920, 533, 534, 536, 535, 921, 29, 922, 31, 923, 388, 924, 925, 562, 926, 54, 55, 927, 56, 57, 58, 60, 573, 928, 389, 59, 929, 930, 931, 589, 932, 596, 598, 933, 601, 91, 934, 605, 606, 935, 613, 102, 617, 618, 620, 624, 118, 125, 127, 130, 134, 646, 135, 651, 653, 142, 146, 658, 660, 149, 662, 147, 153, 382, 336, 668, 338, 686, 175, 689, 180, 693, 182, 694, 696, 187, 189, 702, 191, 197, 724, 725, 728, 218, 225, 229, 230, 232, 745, 352, 238, 354, 758, 760, 775, 264, 265, 266, 776, 778, 269, 788, 793, 794, 286, 807, 809, 299, 302, 367, 317, 829, 318, 379, 320, 832, 837, 838, 839, 331, 848, 849, 850, 851, 852, 853, 854, 855, 856, 857, 858, 859, 860, 861, 862, 863, 864, 865, 866, 867, 868, 869, 870, 871, 872, 873, 874, 875, 876, 877, 878, 879, 880, 881, 882, 883, 884, 885, 886, 887, 888, 889, 890, 891, 892, 893, 894, 895, 896, 897, 898, 899, 900, 901, 902, 903, 904, 905, 906, 907, 908, 909, 398, 399, 400, 910, 401, 402, 403, 404, 405, 407, 408, 406, 409, 410, 411, 412, 413, 414, 415, 416, 417, 418, 419, 420, 421, 422, 423, 424, 425, 426, 427, 428, 429, 430, 431, 432, 433, 434, 435, 436, 437, 438, 439, 440, 441, 442, 443, 444, 445, 446, 447, 448, 449, 450, 451, 452, 453, 454, 455, 456, 457, 458, 459, 460, 461, 463, 462, 464, 465, 466, 467, 468, 469, 470, 471, 472, 473, 474, 475, 476, 477, 478, 479, 480, 481, 482, 483, 484, 487, 911, 489, 490, 912, 913, 498, 500, 499, 914, 915]",True,[],"[398, 399, 400, 401, 402, 403, 404, 405, 406, 407, 408, 409, 410, 411, 412, 413, 414, 415, 416, 417, 418, 419, 420, 421, 422, 423, 424, 425, 426, 427, 428, 429, 430, 431, 432, 433, 434, 435, 436, 437, 438, 439, 440, 441, 442, 443, 444, 445, 446, 447, 448, 449, 450, 451, 452, 453, 454, 455, 456, 457, 458, 459, 460, 461, 462, 463, 464, 465, 466, 467, 468, 469, 470, 471, 472, 473, 474, 475, 476, 477, 478, 479, 480, 481, 482, 483, 484, 848, 849, 850, 851, 852, 853, 854, 855, 856, 857, 858, 859, 860, 861, 862, 863, 864, 865, 866, 867, 868, 869, 870, 871, 872, 873, 874, 875, 876, 877, 878, 879, 880, 881, 882, 883, 884, 885, 886, 887, 888, 889, 890, 891, 892, 893, 894, 895, 896, 897, 898, 899, 900, 901, 902, 903, 904, 905, 906, 907, 908, 909, 910, 911, 912, 913, 914, 915, 916, 917, 918, 919, 920, 921, 922, 923, 924, 925, 926, 927, 928, 929, 930, 931, 932, 933, 934, 935]","[463, 910]",[],"[3, 15, 29, 91, 399, 401, 405, 408, 427, 428, 436, 439, 444, 445, 447, 463, 489, 500, 512, 562, 848, 850, 854, 858, 879, 880, 887, 890, 894, 895, 910, 927]","[1, 4, 13, 14, 29, 31, 54, 55, 56, 57, 58, 59, 60, 102, 118, 125, 127, 130, 134, 135, 142, 146, 147, 149, 153, 175, 180, 182, 187, 189, 191, 197, 218, 225, 229, 230, 232, 238, 264, 265, 266, 269, 286, 299, 302, 317, 318, 320, 331, 336, 338, 352, 354, 367, 379, 382, 387, 388, 389, 403, 405, 408, 410, 425, 454, 455, 458, 463, 465, 466, 468, 470, 472, 473, 475, 483, 484, 487, 490, 498, 499, 512, 514, 530, 531, 532, 533, 534, 535, 536, 573, 589, 596, 598, 601, 605, 606, 613, 617, 618, 620, 624, 646, 651, 653, 658, 660, 662, 668, 686, 689, 693, 694, 696, 702, 724, 725, 728, 745, 758, 760, 775, 776, 778, 788, 793, 794, 807, 809, 829, 832, 837, 838, 839, 852, 854, 858, 860, 861, 877, 901, 902, 903, 905, 910, 912, 913, 915, 917, 919, 920, 923, 931, 934, 935]","[1, 13, 14, 29, 54, 55, 56, 57, 58, 60, 102, 118, 125, 127, 130, 134, 146, 149, 153, 175, 182, 187, 189, 191, 197, 225, 230, 238, 264, 265, 266, 286, 302, 317, 336, 379, 388, 389, 425, 454, 458, 463, 475, 487, 498, 499, 512, 530, 531, 532, 533, 534, 536, 573, 589, 596, 598, 601, 605, 617, 620, 624, 646, 653, 658, 660, 662, 668, 689, 694, 702, 724, 725, 745, 760, 775, 793, 829, 838, 839, 877, 901, 903, 905, 910, 923]",7/6 successful match,True,,False,144,False,,1.0,True,Ramsay Oil Co ( Shell ),Shell
Mount Carmel ( 84755 ) Ramsay Oil Co ( Shell ),435-648-2326 US 89 & UT 9,<U+2610> S,Mount Carmel,84755,Ramsay Oil Co ( Shell ),435-648-2326,2016,Mount Carmel,UT,Shell,,US 89 & UT 9,empty,,False,,False,US 89,UT 9,,,,"[910, 463]",[],"[463, 910]",[],"[398, 399, 400, 401, 402, 403, 404, 405, 406, 407, 408, 409, 410, 411, 412, 413, 414, 415, 416, 417, 418, 419, 420, 421, 422, 423, 424, 425, 426, 427, 428, 429, 430, 431, 432, 433, 434, 435, 436, 437, 438, 439, 440, 441, 442, 443, 444, 445, 446, 447, 448, 449, 450, 451, 452, 453, 454, 455, 456, 457, 458, 459, 460, 461, 462, 463, 464, 465, 466, 467, 468, 469, 470, 471, 472, 473, 474, 475, 476, 477, 478, 479, 480, 481, 482, 483, 484, 848, 849, 850, 851, 852, 853, 854, 855, 856, 857, 858, 859, 860, 861, 862, 863, 864, 865, 866, 867, 868, 869, 870, 871, 872, 873, 874, 875, 876, 877, 878, 879, 880, 881, 882, 883, 884, 885, 886, 887, 888, 889, 890, 891, 892, 893, 894, 895, 896, 897, 898, 899, 900, 901, 902, 903, 904, 905, 906, 907, 908, 909, 910, 911, 912, 913, 914, 915, 916, 917, 918, 919, 920, 921, 922, 923, 924, 925, 926, 927, 928, 929, 930, 931, 932, 933, 934, 935]","[3, 15, 29, 91, 399, 401, 405, 408, 427, 428, 436, 439, 444, 445, 447, 463, 489, 500, 512, 562, 848, 850, 854, 858, 879, 880, 887, 890, 894, 895, 910, 927]","[1, 13, 14, 29, 54, 55, 56, 57, 58, 60, 102, 118, 125, 127, 130, 134, 146, 149, 153, 175, 182, 187, 189, 191, 197, 225, 230, 238, 264, 265, 266, 286, 302, 317, 336, 379, 388, 389, 425, 454, 458, 463, 475, 487, 498, 499, 512, 530, 531, 532, 533, 534, 536, 573, 589, 596, 598, 601, 605, 617, 620, 624, 646, 653, 658, 660, 662, 668, 689, 694, 702, 724, 725, 745, 760, 775, 793, 829, 838, 839, 877, 901, 903, 905, 910, 923]","[1, 4, 13, 14, 29, 31, 54, 55, 56, 57, 58, 59, 60, 102, 118, 125, 127, 130, 134, 135, 142, 146, 147, 149, 153, 175, 180, 182, 187, 189, 191, 197, 218, 225, 229, 230, 232, 238, 264, 265, 266, 269, 286, 299, 302, 317, 318, 320, 331, 336, 338, 352, 354, 367, 379, 382, 387, 388, 389, 403, 405, 408, 410, 425, 454, 455, 458, 463, 465, 466, 468, 470, 472, 473, 475, 483, 484, 487, 490, 498, 499, 512, 514, 530, 531, 532, 533, 534, 535, 536, 573, 589, 596, 598, 601, 605, 606, 613, 617, 618, 620, 624, 646, 651, 653, 658, 660, 662, 668, 686, 689, 693, 694, 696, 702, 724, 725, 728, 745, 758, 760, 775, 776, 778, 788, 793, 794, 807, 809, 829, 832, 837, 838, 839, 852, 854, 858, 860, 861, 877, 901, 902, 903, 905, 910, 912, 913, 915, 917, 919, 920, 923, 931, 934, 935]","[512, 916, 1, 3, 4, 514, 917, 918, 13, 14, 15, 919, 387, 530, 531, 532, 920, 533, 534, 536, 535, 921, 29, 922, 31, 923, 388, 924, 925, 562, 926, 54, 55, 927, 56, 57, 58, 60, 573, 928, 389, 59, 929, 930, 931, 589, 932, 596, 598, 933, 601, 91, 934, 605, 606, 935, 613, 102, 617, 618, 620, 624, 118, 125, 127, 130, 134, 646, 135, 651, 653, 142, 146, 658, 660, 149, 662, 147, 153, 382, 336, 668, 338, 686, 175, 689, 180, 693, 182, 694, 696, 187, 189, 702, 191, 197, 724, 725, 728, 218, 225, 229, 230, 232, 745, 352, 238, 354, 758, 760, 775, 264, 265, 266, 776, 778, 269, 788, 793, 794, 286, 807, 809, 299, 302, 367, 317, 829, 318, 379, 320, 832, 837, 838, 839, 331, 848, 849, 850, 851, 852, 853, 854, 855, 856, 857, 858, 859, 860, 861, 862, 863, 864, 865, 866, 867, 868, 869, 870, 871, 872, 873, 874, 875, 876, 877, 878, 879, 880, 881, 882, 883, 884, 885, 886, 887, 888, 889, 890, 891, 892, 893, 894, 895, 896, 897, 898, 899, 900, 901, 902, 903, 904, 905, 906, 907, 908, 909, 398, 399, 400, 910, 401, 402, 403, 404, 405, 407, 408, 406, 409, 410, 411, 412, 413, 414, 415, 416, 417, 418, 419, 420, 421, 422, 423, 424, 425, 426, 427, 428, 429, 430, 431, 432, 433, 434, 435, 436, 437, 438, 439, 440, 441, 442, 443, 444, 445, 446, 447, 448, 449, 450, 451, 452, 453, 454, 455, 456, 457, 458, 459, 460, 461, 463, 462, 464, 465, 466, 467, 468, 469, 470, 471, 472, 473, 474, 475, 476, 477, 478, 479, 480, 481, 482, 483, 484, 487, 911, 489, 490, 912, 913, 498, 500, 499, 914, 915]",True,[],"[398, 399, 400, 401, 402, 403, 404, 405, 406, 407, 408, 409, 410, 411, 412, 413, 414, 415, 416, 417, 418, 419, 420, 421, 422, 423, 424, 425, 426, 427, 428, 429, 430, 431, 432, 433, 434, 435, 436, 437, 438, 439, 440, 441, 442, 443, 444, 445, 446, 447, 448, 449, 450, 451, 452, 453, 454, 455, 456, 457, 458, 459, 460, 461, 462, 463, 464, 465, 466, 467, 468, 469, 470, 471, 472, 473, 474, 475, 476, 477, 478, 479, 480, 481, 482, 483, 484, 848, 849, 850, 851, 852, 853, 854, 855, 856, 857, 858, 859, 860, 861, 862, 863, 864, 865, 866, 867, 868, 869, 870, 871, 872, 873, 874, 875, 876, 877, 878, 879, 880, 881, 882, 883, 884, 885, 886, 887, 888, 889, 890, 891, 892, 893, 894, 895, 896, 897, 898, 899, 900, 901, 902, 903, 904, 905, 906, 907, 908, 909, 910, 911, 912, 913, 914, 915, 916, 917, 918, 919, 920, 921, 922, 923, 924, 925, 926, 927, 928, 929, 930, 931, 932, 933, 934, 935]","[463, 910]",[],"[3, 15, 29, 91, 399, 401, 405, 408, 427, 428, 436, 439, 444, 445, 447, 463, 489, 500, 512, 562, 848, 850, 854, 858, 879, 880, 887, 890, 894, 895, 910, 927]","[1, 4, 13, 14, 29, 31, 54, 55, 56, 57, 58, 59, 60, 102, 118, 125, 127, 130, 134, 135, 142, 146, 147, 149, 153, 175, 180, 182, 187, 189, 191, 197, 218, 225, 229, 230, 232, 238, 264, 265, 266, 269, 286, 299, 302, 317, 318, 320, 331, 336, 338, 352, 354, 367, 379, 382, 387, 388, 389, 403, 405, 408, 410, 425, 454, 455, 458, 463, 465, 466, 468, 470, 472, 473, 475, 483, 484, 487, 490, 498, 499, 512, 514, 530, 531, 532, 533, 534, 535, 536, 573, 589, 596, 598, 601, 605, 606, 613, 617, 618, 620, 624, 646, 651, 653, 658, 660, 662, 668, 686, 689, 693, 694, 696, 702, 724, 725, 728, 745, 758, 760, 775, 776, 778, 788, 793, 794, 807, 809, 829, 832, 837, 838, 839, 852, 854, 858, 860, 861, 877, 901, 902, 903, 905, 910, 912, 913, 915, 917, 919, 920, 923, 931, 934, 935]","[1, 13, 14, 29, 54, 55, 56, 57, 58, 60, 102, 118, 125, 127, 130, 134, 146, 149, 153, 175, 182, 187, 189, 191, 197, 225, 230, 238, 264, 265, 266, 286, 302, 317, 336, 379, 388, 389, 425, 454, 458, 463, 475, 487, 498, 499, 512, 530, 531, 532, 533, 534, 536, 573, 589, 596, 598, 601, 605, 617, 620, 624, 646, 653, 658, 660, 662, 668, 689, 694, 702, 724, 725, 745, 760, 775, 793, 829, 838, 839, 877, 901, 903, 905, 910, 923]",7/6 successful match,True,,False,144,False,,1.0,True,Ramsay Oil Co ( Shell ),Shell
"Panguitch , 84759 KB Express ( 66 ) 39 )",435-676-8730 195 US 89 N ( in town ),,Panguitch,84759,KB Express ( 66 ) 39 ),435-676-8730,2006,Panguitch,UT,,( in town ),195 US 89 N,Proper,,False,,False,US 89,,,,,"[427, 879]","[427, 879]","[427, 879]",[],"[398, 399, 400, 401, 402, 403, 404, 405, 406, 407, 408, 409, 410, 411, 412, 413, 414, 415, 416, 417, 418, 419, 420, 421, 422, 423, 424, 425, 426, 427, 428, 429, 430, 431, 432, 433, 434, 435, 436, 437, 438, 439, 440, 441, 442, 443, 444, 445, 446, 447, 448, 449, 450, 451, 452, 453, 454, 455, 456, 457, 458, 459, 460, 461, 462, 463, 464, 465, 466, 467, 468, 469, 470, 471, 472, 473, 474, 475, 476, 477, 478, 479, 480, 481, 482, 483, 484, 848, 849, 850, 851, 852, 853, 854, 855, 856, 857, 858, 859, 860, 861, 862, 863, 864, 865, 866, 867, 868, 869, 870, 871, 872, 873, 874, 875, 876, 877, 878, 879, 880, 881, 882, 883, 884, 885, 886, 887, 888, 889, 890, 891, 892, 893, 894, 895, 896, 897, 898, 899, 900, 901, 902, 903, 904, 905, 906, 907, 908, 909, 910, 911, 912, 913, 914, 915, 916, 917, 918, 919, 920, 921, 922, 923, 924, 925, 926, 927, 928, 929, 930, 931, 932, 933, 934, 935]","[3, 15, 29, 91, 427, 444, 463, 489, 500, 512, 562, 879, 894, 910]",[],"[401, 402, 424, 427, 464, 469, 850, 851, 876, 879, 911, 916]","[512, 916, 3, 917, 918, 15, 919, 920, 921, 29, 922, 923, 924, 925, 562, 926, 927, 928, 929, 930, 931, 932, 933, 91, 934, 935, 848, 849, 850, 851, 852, 853, 854, 855, 856, 857, 858, 859, 860, 861, 862, 863, 864, 865, 866, 867, 868, 869, 870, 871, 872, 873, 874, 875, 876, 877, 878, 879, 880, 881, 882, 883, 884, 885, 886, 887, 888, 889, 890, 891, 892, 893, 894, 895, 896, 897, 898, 899, 900, 901, 902, 903, 904, 905, 906, 907, 908, 909, 398, 399, 400, 401, 402, 403, 404, 405, 406, 407, 408, 409, 410, 411, 412, 413, 414, 415, 416, 417, 418, 419, 420, 421, 422, 423, 424, 425, 426, 427, 428, 429, 430, 431, 432, 433, 434, 435, 436, 437, 438, 439, 440, 441, 442, 443, 444, 445, 446, 447, 448, 449, 450, 451, 452, 453, 454, 455, 456, 457, 458, 459, 460, 461, 462, 463, 464, 465, 466, 467, 468, 469, 470, 471, 472, 473, 474, 475, 476, 477, 478, 479, 480, 481, 482, 483, 484, 910, 911, 489, 912, 913, 500, 914, 915]",True,"[427, 879]","[398, 399, 400, 401, 402, 403, 404, 405, 406, 407, 408, 409, 410, 411, 412, 413, 414, 415, 416, 417, 418, 419, 420, 421, 422, 423, 424, 425, 426, 427, 428, 429, 430, 431, 432, 433, 434, 435, 436, 437, 438, 439, 440, 441, 442, 443, 444, 445, 446, 447, 448, 449, 450, 451, 452, 453, 454, 455, 456, 457, 458, 459, 460, 461, 462, 463, 464, 465, 466, 467, 468, 469, 470, 471, 472, 473, 474, 475, 476, 477, 478, 479, 480, 481, 482, 483, 484, 848, 849, 850, 851, 852, 853, 854, 855, 856, 857, 858, 859, 860, 861, 862, 863, 864, 865, 866, 867, 868, 869, 870, 871, 872, 873, 874, 875, 876, 877, 878, 879, 880, 881, 882, 883, 884, 885, 886, 887, 888, 889, 890, 891, 892, 893, 894, 895, 896, 897, 898, 899, 900, 901, 902, 903, 904, 905, 906, 907, 908, 909, 910, 911, 912, 913, 914, 915, 916, 917, 918, 919, 920, 921, 922, 923, 924, 925, 926, 927, 928, 929, 930, 931, 932, 933, 934, 935]","[427, 879]",[],"[3, 15, 29, 91, 427, 444, 463, 489, 500, 512, 562, 879, 894, 910]","[401, 402, 424, 427, 464, 469, 850, 851, 876, 879, 911, 916]",[],7/6 successful match,True,[667],True,145,False,,,,,
"Panguitch , KB Express ( 66 )",J3435-676-8730 84759 195 US 89 N ( in town ),24 M,Panguitch,84759,,435-676-8730,2007,Panguitch,UT,,( in town ),195 US 89 N,Proper,,False,,False,US 89,,,,,"[427, 879]","[427, 879]","[427, 879]",[],"[398, 399, 400, 401, 402, 403, 404, 405, 406, 407, 408, 409, 410, 411, 412, 413, 414, 415, 416, 417, 418, 419, 420, 421, 422, 423, 424, 425, 426, 427, 428, 429, 430, 431, 432, 433, 434, 435, 436, 437, 438, 439, 440, 441, 442, 443, 444, 445, 446, 447, 448, 449, 450, 451, 452, 453, 454, 455, 456, 457, 458, 459, 460, 461, 462, 463, 464, 465, 466, 467, 468, 469, 470, 471, 472, 473, 474, 475, 476, 477, 478, 479, 480, 481, 482, 483, 484, 848, 849, 850, 851, 852, 853, 854, 855, 856, 857, 858, 859, 860, 861, 862, 863, 864, 865, 866, 867, 868, 869, 870, 871, 872, 873, 874, 875, 876, 877, 878, 879, 880, 881, 882, 883, 884, 885, 886, 887, 888, 889, 890, 891, 892, 893, 894, 895, 896, 897, 898, 899, 900, 901, 902, 903, 904, 905, 906, 907, 908, 909, 910, 911, 912, 913, 914, 915, 916, 917, 918, 919, 920, 921, 922, 923, 924, 925, 926, 927, 928, 929, 930, 931, 932, 933, 934, 935]","[3, 15, 29, 91, 427, 444, 463, 489, 500, 512, 562, 879, 894, 910]",[],[],"[512, 916, 3, 917, 918, 15, 919, 920, 921, 29, 922, 923, 924, 925, 562, 926, 927, 928, 929, 930, 931, 932, 933, 91, 934, 935, 848, 849, 850, 851, 852, 853, 854, 855, 856, 857, 858, 859, 860, 861, 862, 863, 864, 865, 866, 867, 868, 869, 870, 871, 872, 873, 874, 875, 876, 877, 878, 879, 880, 881, 882, 883, 884, 885, 886, 887, 888, 889, 890, 891, 892, 893, 894, 895, 896, 897, 898, 899, 900, 901, 902, 903, 904, 905, 906, 907, 908, 909, 398, 399, 400, 401, 402, 403, 404, 405, 406, 407, 408, 409, 410, 411, 412, 413, 414, 415, 416, 417, 418, 419, 420, 421, 422, 423, 424, 425, 426, 427, 428, 429, 430, 431, 432, 433, 434, 435, 436, 437, 438, 439, 440, 441, 442, 443, 444, 445, 446, 447, 448, 449, 450, 451, 452, 453, 454, 455, 456, 457, 458, 459, 460, 461, 462, 463, 464, 465, 466, 467, 468, 469, 470, 471, 472, 473, 474, 475, 476, 477, 478, 479, 480, 481, 482, 483, 484, 910, 911, 489, 912, 913, 500, 914, 915]",True,"[427, 879]","[398, 399, 400, 401, 402, 403, 404, 405, 406, 407, 408, 409, 410, 411, 412, 413, 414, 415, 416, 417, 418, 419, 420, 421, 422, 423, 424, 425, 426, 427, 428, 429, 430, 431, 432, 433, 434, 435, 436, 437, 438, 439, 440, 441, 442, 443, 444, 445, 446, 447, 448, 449, 450, 451, 452, 453, 454, 455, 456, 457, 458, 459, 460, 461, 462, 463, 464, 465, 466, 467, 468, 469, 470, 471, 472, 473, 474, 475, 476, 477, 478, 479, 480, 481, 482, 483, 484, 848, 849, 850, 851, 852, 853, 854, 855, 856, 857, 858, 859, 860, 861, 862, 863, 864, 865, 866, 867, 868, 869, 870, 871, 872, 873, 874, 875, 876, 877, 878, 879, 880, 881, 882, 883, 884, 885, 886, 887, 888, 889, 890, 891, 892, 893, 894, 895, 896, 897, 898, 899, 900, 901, 902, 903, 904, 905, 906, 907, 908, 909, 910, 911, 912, 913, 914, 915, 916, 917, 918, 919, 920, 921, 922, 923, 924, 925, 926, 927, 928, 929, 930, 931, 932, 933, 934, 935]","[427, 879]",[],"[3, 15, 29, 91, 427, 444, 463, 489, 500, 512, 562, 879, 894, 910]",[],[],7/6 successful match,True,[667],True,145,True,2007,0.0,True,KB Express ( 66 ) 39 ),
"Panguitch , 84759 KB Express ( 66 )",435-676-8730 195 US 89 N ( in town ),<U+2610> <U+2610> DO,Panguitch,84759,KB Express ( 66 ),435-676-8730,2008,Panguitch,UT,,( in town ),195 US 89 N,Proper,,False,,False,US 89,,,,,"[427, 879]","[427, 879]","[427, 879]",[],"[398, 399, 400, 401, 402, 403, 404, 405, 406, 407, 408, 409, 410, 411, 412, 413, 414, 415, 416, 417, 418, 419, 420, 421, 422, 423, 424, 425, 426, 427, 428, 429, 430, 431, 432, 433, 434, 435, 436, 437, 438, 439, 440, 441, 442, 443, 444, 445, 446, 447, 448, 449, 450, 451, 452, 453, 454, 455, 456, 457, 458, 459, 460, 461, 462, 463, 464, 465, 466, 467, 468, 469, 470, 471, 472, 473, 474, 475, 476, 477, 478, 479, 480, 481, 482, 483, 484, 848, 849, 850, 851, 852, 853, 854, 855, 856, 857, 858, 859, 860, 861, 862, 863, 864, 865, 866, 867, 868, 869, 870, 871, 872, 873, 874, 875, 876, 877, 878, 879, 880, 881, 882, 883, 884, 885, 886, 887, 888, 889, 890, 891, 892, 893, 894, 895, 896, 897, 898, 899, 900, 901, 902, 903, 904, 905, 906, 907, 908, 909, 910, 911, 912, 913, 914, 915, 916, 917, 918, 919, 920, 921, 922, 923, 924, 925, 926, 927, 928, 929, 930, 931, 932, 933, 934, 935]","[3, 15, 29, 91, 427, 444, 463, 489, 500, 512, 562, 879, 894, 910]",[],"[401, 402, 424, 427, 464, 469, 850, 851, 876, 879, 911, 916]","[512, 916, 3, 917, 918, 15, 919, 920, 921, 29, 922, 923, 924, 925, 562, 926, 927, 928, 929, 930, 931, 932, 933, 91, 934, 935, 848, 849, 850, 851, 852, 853, 854, 855, 856, 857, 858, 859, 860, 861, 862, 863, 864, 865, 866, 867, 868, 869, 870, 871, 872, 873, 874, 875, 876, 877, 878, 879, 880, 881, 882, 883, 884, 885, 886, 887, 888, 889, 890, 891, 892, 893, 894, 895, 896, 897, 898, 899, 900, 901, 902, 903, 904, 905, 906, 907, 908, 909, 398, 399, 400, 401, 402, 403, 404, 405, 406, 407, 408, 409, 410, 411, 412, 413, 414, 415, 416, 417, 418, 419, 420, 421, 422, 423, 424, 425, 426, 427, 428, 429, 430, 431, 432, 433, 434, 435, 436, 437, 438, 439, 440, 441, 442, 443, 444, 445, 446, 447, 448, 449, 450, 451, 452, 453, 454, 455, 456, 457, 458, 459, 460, 461, 462, 463, 464, 465, 466, 467, 468, 469, 470, 471, 472, 473, 474, 475, 476, 477, 478, 479, 480, 481, 482, 483, 484, 910, 911, 489, 912, 913, 500, 914, 915]",True,"[427, 879]","[398, 399, 400, 401, 402, 403, 404, 405, 406, 407, 408, 409, 410, 411, 412, 413, 414, 415, 416, 417, 418, 419, 420, 421, 422, 423, 424, 425, 426, 427, 428, 429, 430, 431, 432, 433, 434, 435, 436, 437, 438, 439, 440, 441, 442, 443, 444, 445, 446, 447, 448, 449, 450, 451, 452, 453, 454, 455, 456, 457, 458, 459, 460, 461, 462, 463, 464, 465, 466, 467, 468, 469, 470, 471, 472, 473, 474, 475, 476, 477, 478, 479, 480, 481, 482, 483, 484, 848, 849, 850, 851, 852, 853, 854, 855, 856, 857, 858, 859, 860, 861, 862, 863, 864, 865, 866, 867, 868, 869, 870, 871, 872, 873, 874, 875, 876, 877, 878, 879, 880, 881, 882, 883, 884, 885, 886, 887, 888, 889, 890, 891, 892, 893, 894, 895, 896, 897, 898, 899, 900, 901, 902, 903, 904, 905, 906, 907, 908, 909, 910, 911, 912, 913, 914, 915, 916, 917, 918, 919, 920, 921, 922, 923, 924, 925, 926, 927, 928, 929, 930, 931, 932, 933, 934, 935]","[427, 879]",[],"[3, 15, 29, 91, 427, 444, 463, 489, 500, 512, 562, 879, 894, 910]","[401, 402, 424, 427, 464, 469, 850, 851, 876, 879, 911, 916]",[],7/6 successful match,True,[667],True,145,True,2008,0.0,True,,
Panguitch ( 84759 ) KB Express ( 66 ) ( UT 39 W ),3 435-676-8730 195 US 89 N ( in town ),<U+25A1>,Panguitch,84759,KB Express ( 66 ) ( UT 39 W ),435-676-8730,2014,Panguitch,UT,,( in town ),195 US 89 N,Proper,,False,,False,US 89,,,,,"[427, 879]","[427, 879]","[427, 879]",[],"[398, 399, 400, 401, 402, 403, 404, 405, 406, 407, 408, 409, 410, 411, 412, 413, 414, 415, 416, 417, 418, 419, 420, 421, 422, 423, 424, 425, 426, 427, 428, 429, 430, 431, 432, 433, 434, 435, 436, 437, 438, 439, 440, 441, 442, 443, 444, 445, 446, 447, 448, 449, 450, 451, 452, 453, 454, 455, 456, 457, 458, 459, 460, 461, 462, 463, 464, 465, 466, 467, 468, 469, 470, 471, 472, 473, 474, 475, 476, 477, 478, 479, 480, 481, 482, 483, 484, 848, 849, 850, 851, 852, 853, 854, 855, 856, 857, 858, 859, 860, 861, 862, 863, 864, 865, 866, 867, 868, 869, 870, 871, 872, 873, 874, 875, 876, 877, 878, 879, 880, 881, 882, 883, 884, 885, 886, 887, 888, 889, 890, 891, 892, 893, 894, 895, 896, 897, 898, 899, 900, 901, 902, 903, 904, 905, 906, 907, 908, 909, 910, 911, 912, 913, 914, 915, 916, 917, 918, 919, 920, 921, 922, 923, 924, 925, 926, 927, 928, 929, 930, 931, 932, 933, 934, 935]","[3, 15, 29, 91, 427, 444, 463, 489, 500, 512, 562, 879, 894, 910]",[],"[401, 402, 424, 427, 464, 469, 850, 851, 876, 879, 911, 916]","[512, 916, 3, 917, 918, 15, 919, 920, 921, 29, 922, 923, 924, 925, 562, 926, 927, 928, 929, 930, 931, 932, 933, 91, 934, 935, 848, 849, 850, 851, 852, 853, 854, 855, 856, 857, 858, 859, 860, 861, 862, 863, 864, 865, 866, 867, 868, 869, 870, 871, 872, 873, 874, 875, 876, 877, 878, 879, 880, 881, 882, 883, 884, 885, 886, 887, 888, 889, 890, 891, 892, 893, 894, 895, 896, 897, 898, 899, 900, 901, 902, 903, 904, 905, 906, 907, 908, 909, 398, 399, 400, 401, 402, 403, 404, 405, 406, 407, 408, 409, 410, 411, 412, 413, 414, 415, 416, 417, 418, 419, 420, 421, 422, 423, 424, 425, 426, 427, 428, 429, 430, 431, 432, 433, 434, 435, 436, 437, 438, 439, 440, 441, 442, 443, 444, 445, 446, 447, 448, 449, 450, 451, 452, 453, 454, 455, 456, 457, 458, 459, 460, 461, 462, 463, 464, 465, 466, 467, 468, 469, 470, 471, 472, 473, 474, 475, 476, 477, 478, 479, 480, 481, 482, 483, 484, 910, 911, 489, 912, 913, 500, 914, 915]",True,"[427, 879]","[398, 399, 400, 401, 402, 403, 404, 405, 406, 407, 408, 409, 410, 411, 412, 413, 414, 415, 416, 417, 418, 419, 420, 421, 422, 423, 424, 425, 426, 427, 428, 429, 430, 431, 432, 433, 434, 435, 436, 437, 438, 439, 440, 441, 442, 443, 444, 445, 446, 447, 448, 449, 450, 451, 452, 453, 454, 455, 456, 457, 458, 459, 460, 461, 462, 463, 464, 465, 466, 467, 468, 469, 470, 471, 472, 473, 474, 475, 476, 477, 478, 479, 480, 481, 482, 483, 484, 848, 849, 850, 851, 852, 853, 854, 855, 856, 857, 858, 859, 860, 861, 862, 863, 864, 865, 866, 867, 868, 869, 870, 871, 872, 873, 874, 875, 876, 877, 878, 879, 880, 881, 882, 883, 884, 885, 886, 887, 888, 889, 890, 891, 892, 893, 894, 895, 896, 897, 898, 899, 900, 901, 902, 903, 904, 905, 906, 907, 908, 909, 910, 911, 912, 913, 914, 915, 916, 917, 918, 919, 920, 921, 922, 923, 924, 925, 926, 927, 928, 929, 930, 931, 932, 933, 934, 935]","[427, 879]",[],"[3, 15, 29, 91, 427, 444, 463, 489, 500, 512, 562, 879, 894, 910]","[401, 402, 424, 427, 464, 469, 850, 851, 876, 879, 911, 916]",[],7/6 successful match,True,[667],True,145,False,,0.9884057971014493,True,KB Express ( 66 ),
Panguitch ( 84759 ) KB Express ( 66 ),435-676-8730 195 US 89 N ( in town ),D,Panguitch,84759,KB Express ( 66 ),435-676-8730,2015,Panguitch,UT,,( in town ),195 US 89 N,Proper,,False,,False,US 89,,,,,"[427, 879]","[427, 879]","[427, 879]",[],"[398, 399, 400, 401, 402, 403, 404, 405, 406, 407, 408, 409, 410, 411, 412, 413, 414, 415, 416, 417, 418, 419, 420, 421, 422, 423, 424, 425, 426, 427, 428, 429, 430, 431, 432, 433, 434, 435, 436, 437, 438, 439, 440, 441, 442, 443, 444, 445, 446, 447, 448, 449, 450, 451, 452, 453, 454, 455, 456, 457, 458, 459, 460, 461, 462, 463, 464, 465, 466, 467, 468, 469, 470, 471, 472, 473, 474, 475, 476, 477, 478, 479, 480, 481, 482, 483, 484, 848, 849, 850, 851, 852, 853, 854, 855, 856, 857, 858, 859, 860, 861, 862, 863, 864, 865, 866, 867, 868, 869, 870, 871, 872, 873, 874, 875, 876, 877, 878, 879, 880, 881, 882, 883, 884, 885, 886, 887, 888, 889, 890, 891, 892, 893, 894, 895, 896, 897, 898, 899, 900, 901, 902, 903, 904, 905, 906, 907, 908, 909, 910, 911, 912, 913, 914, 915, 916, 917, 918, 919, 920, 921, 922, 923, 924, 925, 926, 927, 928, 929, 930, 931, 932, 933, 934, 935]","[3, 15, 29, 91, 427, 444, 463, 489, 500, 512, 562, 879, 894, 910]",[],"[401, 402, 424, 427, 464, 469, 850, 851, 876, 879, 911, 916]","[512, 916, 3, 917, 918, 15, 919, 920, 921, 29, 922, 923, 924, 925, 562, 926, 927, 928, 929, 930, 931, 932, 933, 91, 934, 935, 848, 849, 850, 851, 852, 853, 854, 855, 856, 857, 858, 859, 860, 861, 862, 863, 864, 865, 866, 867, 868, 869, 870, 871, 872, 873, 874, 875, 876, 877, 878, 879, 880, 881, 882, 883, 884, 885, 886, 887, 888, 889, 890, 891, 892, 893, 894, 895, 896, 897, 898, 899, 900, 901, 902, 903, 904, 905, 906, 907, 908, 909, 398, 399, 400, 401, 402, 403, 404, 405, 406, 407, 408, 409, 410, 411, 412, 413, 414, 415, 416, 417, 418, 419, 420, 421, 422, 423, 424, 425, 426, 427, 428, 429, 430, 431, 432, 433, 434, 435, 436, 437, 438, 439, 440, 441, 442, 443, 444, 445, 446, 447, 448, 449, 450, 451, 452, 453, 454, 455, 456, 457, 458, 459, 460, 461, 462, 463, 464, 465, 466, 467, 468, 469, 470, 471, 472, 473, 474, 475, 476, 477, 478, 479, 480, 481, 482, 483, 484, 910, 911, 489, 912, 913, 500, 914, 915]",True,"[427, 879]","[398, 399, 400, 401, 402, 403, 404, 405, 406, 407, 408, 409, 410, 411, 412, 413, 414, 415, 416, 417, 418, 419, 420, 421, 422, 423, 424, 425, 426, 427, 428, 429, 430, 431, 432, 433, 434, 435, 436, 437, 438, 439, 440, 441, 442, 443, 444, 445, 446, 447, 448, 449, 450, 451, 452, 453, 454, 455, 456, 457, 458, 459, 460, 461, 462, 463, 464, 465, 466, 467, 468, 469, 470, 471, 472, 473, 474, 475, 476, 477, 478, 479, 480, 481, 482, 483, 484, 848, 849, 850, 851, 852, 853, 854, 855, 856, 857, 858, 859, 860, 861, 862, 863, 864, 865, 866, 867, 868, 869, 870, 871, 872, 873, 874, 875, 876, 877, 878, 879, 880, 881, 882, 883, 884, 885, 886, 887, 888, 889, 890, 891, 892, 893, 894, 895, 896, 897, 898, 899, 900, 901, 902, 903, 904, 905, 906, 907, 908, 909, 910, 911, 912, 913, 914, 915, 916, 917, 918, 919, 920, 921, 922, 923, 924, 925, 926, 927, 928, 929, 930, 931, 932, 933, 934, 935]","[427, 879]",[],"[3, 15, 29, 91, 427, 444, 463, 489, 500, 512, 562, 879, 894, 910]","[401, 402, 424, 427, 464, 469, 850, 851, 876, 879, 911, 916]",[],7/6 successful match,True,[667],True,145,False,,0.9884057971014493,True,KB Express ( 66 ) ( UT 39 W ),
H Panguitch ( 84759 ) KB Express ( 66 ),435-676-8730 195 US 89 N ( in town ),<U+25A1> <U+25A1> <U+25A1>,Panguitch,84759,KB Express ( 66 ),435-676-8730,2016,Panguitch,UT,,( in town ),195 US 89 N,Proper,,False,,False,US 89,,,,,"[427, 879]","[427, 879]","[427, 879]",[],"[398, 399, 400, 401, 402, 403, 404, 405, 406, 407, 408, 409, 410, 411, 412, 413, 414, 415, 416, 417, 418, 419, 420, 421, 422, 423, 424, 425, 426, 427, 428, 429, 430, 431, 432, 433, 434, 435, 436, 437, 438, 439, 440, 441, 442, 443, 444, 445, 446, 447, 448, 449, 450, 451, 452, 453, 454, 455, 456, 457, 458, 459, 460, 461, 462, 463, 464, 465, 466, 467, 468, 469, 470, 471, 472, 473, 474, 475, 476, 477, 478, 479, 480, 481, 482, 483, 484, 848, 849, 850, 851, 852, 853, 854, 855, 856, 857, 858, 859, 860, 861, 862, 863, 864, 865, 866, 867, 868, 869, 870, 871, 872, 873, 874, 875, 876, 877, 878, 879, 880, 881, 882, 883, 884, 885, 886, 887, 888, 889, 890, 891, 892, 893, 894, 895, 896, 897, 898, 899, 900, 901, 902, 903, 904, 905, 906, 907, 908, 909, 910, 911, 912, 913, 914, 915, 916, 917, 918, 919, 920, 921, 922, 923, 924, 925, 926, 927, 928, 929, 930, 931, 932, 933, 934, 935]","[3, 15, 29, 91, 427, 444, 463, 489, 500, 512, 562, 879, 894, 910]",[],"[401, 402, 424, 427, 464, 469, 850, 851, 876, 879, 911, 916]","[512, 916, 3, 917, 918, 15, 919, 920, 921, 29, 922, 923, 924, 925, 562, 926, 927, 928, 929, 930, 931, 932, 933, 91, 934, 935, 848, 849, 850, 851, 852, 853, 854, 855, 856, 857, 858, 859, 860, 861, 862, 863, 864, 865, 866, 867, 868, 869, 870, 871, 872, 873, 874, 875, 876, 877, 878, 879, 880, 881, 882, 883, 884, 885, 886, 887, 888, 889, 890, 891, 892, 893, 894, 895, 896, 897, 898, 899, 900, 901, 902, 903, 904, 905, 906, 907, 908, 909, 398, 399, 400, 401, 402, 403, 404, 405, 406, 407, 408, 409, 410, 411, 412, 413, 414, 415, 416, 417, 418, 419, 420, 421, 422, 423, 424, 425, 426, 427, 428, 429, 430, 431, 432, 433, 434, 435, 436, 437, 438, 439, 440, 441, 442, 443, 444, 445, 446, 447, 448, 449, 450, 451, 452, 453, 454, 455, 456, 457, 458, 459, 460, 461, 462, 463, 464, 465, 466, 467, 468, 469, 470, 471, 472, 473, 474, 475, 476, 477, 478, 479, 480, 481, 482, 483, 484, 910, 911, 489, 912, 913, 500, 914, 915]",True,"[427, 879]","[398, 399, 400, 401, 402, 403, 404, 405, 406, 407, 408, 409, 410, 411, 412, 413, 414, 415, 416, 417, 418, 419, 420, 421, 422, 423, 424, 425, 426, 427, 428, 429, 430, 431, 432, 433, 434, 435, 436, 437, 438, 439, 440, 441, 442, 443, 444, 445, 446, 447, 448, 449, 450, 451, 452, 453, 454, 455, 456, 457, 458, 459, 460, 461, 462, 463, 464, 465, 466, 467, 468, 469, 470, 471, 472, 473, 474, 475, 476, 477, 478, 479, 480, 481, 482, 483, 484, 848, 849, 850, 851, 852, 853, 854, 855, 856, 857, 858, 859, 860, 861, 862, 863, 864, 865, 866, 867, 868, 869, 870, 871, 872, 873, 874, 875, 876, 877, 878, 879, 880, 881, 882, 883, 884, 885, 886, 887, 888, 889, 890, 891, 892, 893, 894, 895, 896, 897, 898, 899, 900, 901, 902, 903, 904, 905, 906, 907, 908, 909, 910, 911, 912, 913, 914, 915, 916, 917, 918, 919, 920, 921, 922, 923, 924, 925, 926, 927, 928, 929, 930, 931, 932, 933, 934, 935]","[427, 879]",[],"[3, 15, 29, 91, 427, 444, 463, 489, 500, 512, 562, 879, 894, 910]","[401, 402, 424, 427, 464, 469, 850, 851, 876, 879, 911, 916]",[],7/6 successful match,True,[667],True,145,False,,1.0,True,KB Express ( 66 ),
"Panguitch , 84759 Big 4 Travel Center ( in town ( Conoco )",435-676-8986 445 US 89 S ),24 <U+2610> M,Panguitch,84759,Big 4 Travel Center ( in town ( Conoco ),435-676-8986,2006,Panguitch,UT,Conoco,,445 US 89 S ,Proper,,False,,False,US 89,,,,,[],"[427, 879]","[427, 879]",[],"[398, 399, 400, 401, 402, 403, 404, 405, 406, 407, 408, 409, 410, 411, 412, 413, 414, 415, 416, 417, 418, 419, 420, 421, 422, 423, 424, 425, 426, 427, 428, 429, 430, 431, 432, 433, 434, 435, 436, 437, 438, 439, 440, 441, 442, 443, 444, 445, 446, 447, 448, 449, 450, 451, 452, 453, 454, 455, 456, 457, 458, 459, 460, 461, 462, 463, 464, 465, 466, 467, 468, 469, 470, 471, 472, 473, 474, 475, 476, 477, 478, 479, 480, 481, 482, 483, 484, 848, 849, 850, 851, 852, 853, 854, 855, 856, 857, 858, 859, 860, 861, 862, 863, 864, 865, 866, 867, 868, 869, 870, 871, 872, 873, 874, 875, 876, 877, 878, 879, 880, 881, 882, 883, 884, 885, 886, 887, 888, 889, 890, 891, 892, 893, 894, 895, 896, 897, 898, 899, 900, 901, 902, 903, 904, 905, 906, 907, 908, 909, 910, 911, 912, 913, 914, 915, 916, 917, 918, 919, 920, 921, 922, 923, 924, 925, 926, 927, 928, 929, 930, 931, 932, 933, 934, 935]","[3, 15, 29, 91, 427, 444, 463, 489, 500, 512, 562, 879, 894, 910]","[3, 27, 349, 406, 451, 489, 510, 804, 855, 898]","[3, 27, 349, 406, 451, 489, 510, 804, 855, 898]","[512, 916, 3, 917, 918, 15, 919, 920, 921, 27, 29, 922, 923, 924, 925, 562, 926, 927, 928, 929, 930, 931, 932, 933, 91, 934, 935, 349, 804, 848, 849, 850, 851, 852, 853, 854, 855, 856, 857, 858, 859, 860, 861, 862, 863, 864, 865, 866, 867, 868, 869, 870, 871, 872, 873, 874, 875, 876, 877, 878, 879, 880, 881, 882, 883, 884, 885, 886, 887, 888, 889, 890, 891, 892, 893, 894, 895, 896, 897, 898, 899, 900, 901, 902, 903, 904, 905, 906, 907, 908, 909, 398, 399, 400, 401, 402, 403, 404, 405, 406, 407, 408, 409, 410, 411, 412, 413, 414, 415, 416, 417, 418, 419, 420, 421, 422, 423, 424, 425, 426, 427, 428, 429, 430, 431, 432, 433, 434, 435, 436, 437, 438, 439, 440, 441, 442, 443, 444, 445, 446, 447, 448, 449, 450, 451, 452, 453, 454, 455, 456, 457, 458, 459, 460, 461, 462, 463, 464, 465, 466, 467, 468, 469, 470, 471, 472, 473, 474, 475, 476, 477, 478, 479, 480, 481, 482, 483, 484, 910, 911, 489, 912, 913, 500, 914, 915, 510]",False,"[427, 879]","[398, 399, 400, 401, 402, 403, 404, 405, 406, 407, 408, 409, 410, 411, 412, 413, 414, 415, 416, 417, 418, 419, 420, 421, 422, 423, 424, 425, 426, 427, 428, 429, 430, 431, 432, 433, 434, 435, 436, 437, 438, 439, 440, 441, 442, 443, 444, 445, 446, 447, 448, 449, 450, 451, 452, 453, 454, 455, 456, 457, 458, 459, 460, 461, 462, 463, 464, 465, 466, 467, 468, 469, 470, 471, 472, 473, 474, 475, 476, 477, 478, 479, 480, 481, 482, 483, 484, 848, 849, 850, 851, 852, 853, 854, 855, 856, 857, 858, 859, 860, 861, 862, 863, 864, 865, 866, 867, 868, 869, 870, 871, 872, 873, 874, 875, 876, 877, 878, 879, 880, 881, 882, 883, 884, 885, 886, 887, 888, 889, 890, 891, 892, 893, 894, 895, 896, 897, 898, 899, 900, 901, 902, 903, 904, 905, 906, 907, 908, 909, 910, 911, 912, 913, 914, 915, 916, 917, 918, 919, 920, 921, 922, 923, 924, 925, 926, 927, 928, 929, 930, 931, 932, 933, 934, 935]","[427, 879]",[],"[3, 15, 29, 91, 427, 444, 463, 489, 500, 512, 562, 879, 894, 910]","[3, 27, 349, 406, 451, 489, 510, 804, 855, 898]","[3, 27, 349, 406, 451, 489, 510, 804, 855, 898]",5/6 successful match,False,[675],True,146,False,,,,,
"Panguitch , 84759 Big 4 Travel Center ( Conoco )",435-676-8986 445 US 89 S,24 M,Panguitch,84759,Big 4 Travel Center ( Conoco ),435-676-8986,2007,Panguitch,UT,Conoco,,445 US 89 S,Proper,,False,,False,US 89,,,,,[],"[427, 879]","[427, 879]",[],"[398, 399, 400, 401, 402, 403, 404, 405, 406, 407, 408, 409, 410, 411, 412, 413, 414, 415, 416, 417, 418, 419, 420, 421, 422, 423, 424, 425, 426, 427, 428, 429, 430, 431, 432, 433, 434, 435, 436, 437, 438, 439, 440, 441, 442, 443, 444, 445, 446, 447, 448, 449, 450, 451, 452, 453, 454, 455, 456, 457, 458, 459, 460, 461, 462, 463, 464, 465, 466, 467, 468, 469, 470, 471, 472, 473, 474, 475, 476, 477, 478, 479, 480, 481, 482, 483, 484, 848, 849, 850, 851, 852, 853, 854, 855, 856, 857, 858, 859, 860, 861, 862, 863, 864, 865, 866, 867, 868, 869, 870, 871, 872, 873, 874, 875, 876, 877, 878, 879, 880, 881, 882, 883, 884, 885, 886, 887, 888, 889, 890, 891, 892, 893, 894, 895, 896, 897, 898, 899, 900, 901, 902, 903, 904, 905, 906, 907, 908, 909, 910, 911, 912, 913, 914, 915, 916, 917, 918, 919, 920, 921, 922, 923, 924, 925, 926, 927, 928, 929, 930, 931, 932, 933, 934, 935]","[3, 15, 29, 91, 427, 444, 463, 489, 500, 512, 562, 879, 894, 910]","[3, 27, 349, 406, 451, 489, 510, 804, 855, 898]","[3, 27, 349, 406, 451, 489, 510, 804, 855, 898]","[512, 916, 3, 917, 918, 15, 919, 920, 921, 27, 29, 922, 923, 924, 925, 562, 926, 927, 928, 929, 930, 931, 932, 933, 91, 934, 935, 349, 804, 848, 849, 850, 851, 852, 853, 854, 855, 856, 857, 858, 859, 860, 861, 862, 863, 864, 865, 866, 867, 868, 869, 870, 871, 872, 873, 874, 875, 876, 877, 878, 879, 880, 881, 882, 883, 884, 885, 886, 887, 888, 889, 890, 891, 892, 893, 894, 895, 896, 897, 898, 899, 900, 901, 902, 903, 904, 905, 906, 907, 908, 909, 398, 399, 400, 401, 402, 403, 404, 405, 406, 407, 408, 409, 410, 411, 412, 413, 414, 415, 416, 417, 418, 419, 420, 421, 422, 423, 424, 425, 426, 427, 428, 429, 430, 431, 432, 433, 434, 435, 436, 437, 438, 439, 440, 441, 442, 443, 444, 445, 446, 447, 448, 449, 450, 451, 452, 453, 454, 455, 456, 457, 458, 459, 460, 461, 462, 463, 464, 465, 466, 467, 468, 469, 470, 471, 472, 473, 474, 475, 476, 477, 478, 479, 480, 481, 482, 483, 484, 910, 911, 489, 912, 913, 500, 914, 915, 510]",False,"[427, 879]","[398, 399, 400, 401, 402, 403, 404, 405, 406, 407, 408, 409, 410, 411, 412, 413, 414, 415, 416, 417, 418, 419, 420, 421, 422, 423, 424, 425, 426, 427, 428, 429, 430, 431, 432, 433, 434, 435, 436, 437, 438, 439, 440, 441, 442, 443, 444, 445, 446, 447, 448, 449, 450, 451, 452, 453, 454, 455, 456, 457, 458, 459, 460, 461, 462, 463, 464, 465, 466, 467, 468, 469, 470, 471, 472, 473, 474, 475, 476, 477, 478, 479, 480, 481, 482, 483, 484, 848, 849, 850, 851, 852, 853, 854, 855, 856, 857, 858, 859, 860, 861, 862, 863, 864, 865, 866, 867, 868, 869, 870, 871, 872, 873, 874, 875, 876, 877, 878, 879, 880, 881, 882, 883, 884, 885, 886, 887, 888, 889, 890, 891, 892, 893, 894, 895, 896, 897, 898, 899, 900, 901, 902, 903, 904, 905, 906, 907, 908, 909, 910, 911, 912, 913, 914, 915, 916, 917, 918, 919, 920, 921, 922, 923, 924, 925, 926, 927, 928, 929, 930, 931, 932, 933, 934, 935]","[427, 879]",[],"[3, 15, 29, 91, 427, 444, 463, 489, 500, 512, 562, 879, 894, 910]","[3, 27, 349, 406, 451, 489, 510, 804, 855, 898]","[3, 27, 349, 406, 451, 489, 510, 804, 855, 898]",5/6 successful match,False,[675],True,146,False,,1.0,True,Big 4 Travel Center ( in town ( Conoco ),Conoco
"Panguitch , 84759 Big 4 Travel Center ( Conoco )",3 435-676-8986 445 US 89 S,24 HAS M <U+2610><U+2610><U+2610><U+2610><U+2610>,Panguitch,84759,Big 4 Travel Center ( Conoco ),435-676-8986,2008,Panguitch,UT,Conoco,,445 US 89 S,Proper,,False,,False,US 89,,,,,[],"[427, 879]","[427, 879]",[],"[398, 399, 400, 401, 402, 403, 404, 405, 406, 407, 408, 409, 410, 411, 412, 413, 414, 415, 416, 417, 418, 419, 420, 421, 422, 423, 424, 425, 426, 427, 428, 429, 430, 431, 432, 433, 434, 435, 436, 437, 438, 439, 440, 441, 442, 443, 444, 445, 446, 447, 448, 449, 450, 451, 452, 453, 454, 455, 456, 457, 458, 459, 460, 461, 462, 463, 464, 465, 466, 467, 468, 469, 470, 471, 472, 473, 474, 475, 476, 477, 478, 479, 480, 481, 482, 483, 484, 848, 849, 850, 851, 852, 853, 854, 855, 856, 857, 858, 859, 860, 861, 862, 863, 864, 865, 866, 867, 868, 869, 870, 871, 872, 873, 874, 875, 876, 877, 878, 879, 880, 881, 882, 883, 884, 885, 886, 887, 888, 889, 890, 891, 892, 893, 894, 895, 896, 897, 898, 899, 900, 901, 902, 903, 904, 905, 906, 907, 908, 909, 910, 911, 912, 913, 914, 915, 916, 917, 918, 919, 920, 921, 922, 923, 924, 925, 926, 927, 928, 929, 930, 931, 932, 933, 934, 935]","[3, 15, 29, 91, 427, 444, 463, 489, 500, 512, 562, 879, 894, 910]","[3, 27, 349, 406, 451, 489, 510, 804, 855, 898]","[3, 27, 349, 406, 451, 489, 510, 804, 855, 898]","[512, 916, 3, 917, 918, 15, 919, 920, 921, 27, 29, 922, 923, 924, 925, 562, 926, 927, 928, 929, 930, 931, 932, 933, 91, 934, 935, 349, 804, 848, 849, 850, 851, 852, 853, 854, 855, 856, 857, 858, 859, 860, 861, 862, 863, 864, 865, 866, 867, 868, 869, 870, 871, 872, 873, 874, 875, 876, 877, 878, 879, 880, 881, 882, 883, 884, 885, 886, 887, 888, 889, 890, 891, 892, 893, 894, 895, 896, 897, 898, 899, 900, 901, 902, 903, 904, 905, 906, 907, 908, 909, 398, 399, 400, 401, 402, 403, 404, 405, 406, 407, 408, 409, 410, 411, 412, 413, 414, 415, 416, 417, 418, 419, 420, 421, 422, 423, 424, 425, 426, 427, 428, 429, 430, 431, 432, 433, 434, 435, 436, 437, 438, 439, 440, 441, 442, 443, 444, 445, 446, 447, 448, 449, 450, 451, 452, 453, 454, 455, 456, 457, 458, 459, 460, 461, 462, 463, 464, 465, 466, 467, 468, 469, 470, 471, 472, 473, 474, 475, 476, 477, 478, 479, 480, 481, 482, 483, 484, 910, 911, 489, 912, 913, 500, 914, 915, 510]",False,"[427, 879]","[398, 399, 400, 401, 402, 403, 404, 405, 406, 407, 408, 409, 410, 411, 412, 413, 414, 415, 416, 417, 418, 419, 420, 421, 422, 423, 424, 425, 426, 427, 428, 429, 430, 431, 432, 433, 434, 435, 436, 437, 438, 439, 440, 441, 442, 443, 444, 445, 446, 447, 448, 449, 450, 451, 452, 453, 454, 455, 456, 457, 458, 459, 460, 461, 462, 463, 464, 465, 466, 467, 468, 469, 470, 471, 472, 473, 474, 475, 476, 477, 478, 479, 480, 481, 482, 483, 484, 848, 849, 850, 851, 852, 853, 854, 855, 856, 857, 858, 859, 860, 861, 862, 863, 864, 865, 866, 867, 868, 869, 870, 871, 872, 873, 874, 875, 876, 877, 878, 879, 880, 881, 882, 883, 884, 885, 886, 887, 888, 889, 890, 891, 892, 893, 894, 895, 896, 897, 898, 899, 900, 901, 902, 903, 904, 905, 906, 907, 908, 909, 910, 911, 912, 913, 914, 915, 916, 917, 918, 919, 920, 921, 922, 923, 924, 925, 926, 927, 928, 929, 930, 931, 932, 933, 934, 935]","[427, 879]",[],"[3, 15, 29, 91, 427, 444, 463, 489, 500, 512, 562, 879, 894, 910]","[3, 27, 349, 406, 451, 489, 510, 804, 855, 898]","[3, 27, 349, 406, 451, 489, 510, 804, 855, 898]",5/6 successful match,False,[675],True,146,False,,1.0,True,Big 4 Travel Center ( Conoco ),Conoco
Panguitch ( 84759 ) Owens ' Travel Center ),3 435-676-8986 445 US 89 S,24 M <U+25A1>,Panguitch,84759,Owens ' Travel Center ),435-676-8986,2014,Panguitch,UT,,,445 US 89 S,Proper,,False,,False,US 89,,,,,[],"[427, 879]","[427, 879]",[],"[398, 399, 400, 401, 402, 403, 404, 405, 406, 407, 408, 409, 410, 411, 412, 413, 414, 415, 416, 417, 418, 419, 420, 421, 422, 423, 424, 425, 426, 427, 428, 429, 430, 431, 432, 433, 434, 435, 436, 437, 438, 439, 440, 441, 442, 443, 444, 445, 446, 447, 448, 449, 450, 451, 452, 453, 454, 455, 456, 457, 458, 459, 460, 461, 462, 463, 464, 465, 466, 467, 468, 469, 470, 471, 472, 473, 474, 475, 476, 477, 478, 479, 480, 481, 482, 483, 484, 848, 849, 850, 851, 852, 853, 854, 855, 856, 857, 858, 859, 860, 861, 862, 863, 864, 865, 866, 867, 868, 869, 870, 871, 872, 873, 874, 875, 876, 877, 878, 879, 880, 881, 882, 883, 884, 885, 886, 887, 888, 889, 890, 891, 892, 893, 894, 895, 896, 897, 898, 899, 900, 901, 902, 903, 904, 905, 906, 907, 908, 909, 910, 911, 912, 913, 914, 915, 916, 917, 918, 919, 920, 921, 922, 923, 924, 925, 926, 927, 928, 929, 930, 931, 932, 933, 934, 935]","[3, 15, 29, 91, 427, 444, 463, 489, 500, 512, 562, 879, 894, 910]",[],[],"[512, 916, 3, 917, 918, 15, 919, 920, 921, 29, 922, 923, 924, 925, 562, 926, 927, 928, 929, 930, 931, 932, 933, 91, 934, 935, 848, 849, 850, 851, 852, 853, 854, 855, 856, 857, 858, 859, 860, 861, 862, 863, 864, 865, 866, 867, 868, 869, 870, 871, 872, 873, 874, 875, 876, 877, 878, 879, 880, 881, 882, 883, 884, 885, 886, 887, 888, 889, 890, 891, 892, 893, 894, 895, 896, 897, 898, 899, 900, 901, 902, 903, 904, 905, 906, 907, 908, 909, 398, 399, 400, 401, 402, 403, 404, 405, 406, 407, 408, 409, 410, 411, 412, 413, 414, 415, 416, 417, 418, 419, 420, 421, 422, 423, 424, 425, 426, 427, 428, 429, 430, 431, 432, 433, 434, 435, 436, 437, 438, 439, 440, 441, 442, 443, 444, 445, 446, 447, 448, 449, 450, 451, 452, 453, 454, 455, 456, 457, 458, 459, 460, 461, 462, 463, 464, 465, 466, 467, 468, 469, 470, 471, 472, 473, 474, 475, 476, 477, 478, 479, 480, 481, 482, 483, 484, 910, 911, 489, 912, 913, 500, 914, 915]",False,"[427, 879]","[398, 399, 400, 401, 402, 403, 404, 405, 406, 407, 408, 409, 410, 411, 412, 413, 414, 415, 416, 417, 418, 419, 420, 421, 422, 423, 424, 425, 426, 427, 428, 429, 430, 431, 432, 433, 434, 435, 436, 437, 438, 439, 440, 441, 442, 443, 444, 445, 446, 447, 448, 449, 450, 451, 452, 453, 454, 455, 456, 457, 458, 459, 460, 461, 462, 463, 464, 465, 466, 467, 468, 469, 470, 471, 472, 473, 474, 475, 476, 477, 478, 479, 480, 481, 482, 483, 484, 848, 849, 850, 851, 852, 853, 854, 855, 856, 857, 858, 859, 860, 861, 862, 863, 864, 865, 866, 867, 868, 869, 870, 871, 872, 873, 874, 875, 876, 877, 878, 879, 880, 881, 882, 883, 884, 885, 886, 887, 888, 889, 890, 891, 892, 893, 894, 895, 896, 897, 898, 899, 900, 901, 902, 903, 904, 905, 906, 907, 908, 909, 910, 911, 912, 913, 914, 915, 916, 917, 918, 919, 920, 921, 922, 923, 924, 925, 926, 927, 928, 929, 930, 931, 932, 933, 934, 935]","[427, 879]",[],"[3, 15, 29, 91, 427, 444, 463, 489, 500, 512, 562, 879, 894, 910]",[],[],7/6 successful match,False,[675],True,146,False,,0.49245283018867925,True,Big 4 Travel Center ( Conoco ),Conoco
Panguitch ( 84759 ) Junction Market # 17,435-676-8986 445 US 89 S,24 M 24,Panguitch,84759,Junction Market # 17,435-676-8986,2015,Panguitch,UT,,,445 US 89 S,Proper,,False,,False,US 89,,,,,[],"[427, 879]","[427, 879]",[],"[398, 399, 400, 401, 402, 403, 404, 405, 406, 407, 408, 409, 410, 411, 412, 413, 414, 415, 416, 417, 418, 419, 420, 421, 422, 423, 424, 425, 426, 427, 428, 429, 430, 431, 432, 433, 434, 435, 436, 437, 438, 439, 440, 441, 442, 443, 444, 445, 446, 447, 448, 449, 450, 451, 452, 453, 454, 455, 456, 457, 458, 459, 460, 461, 462, 463, 464, 465, 466, 467, 468, 469, 470, 471, 472, 473, 474, 475, 476, 477, 478, 479, 480, 481, 482, 483, 484, 848, 849, 850, 851, 852, 853, 854, 855, 856, 857, 858, 859, 860, 861, 862, 863, 864, 865, 866, 867, 868, 869, 870, 871, 872, 873, 874, 875, 876, 877, 878, 879, 880, 881, 882, 883, 884, 885, 886, 887, 888, 889, 890, 891, 892, 893, 894, 895, 896, 897, 898, 899, 900, 901, 902, 903, 904, 905, 906, 907, 908, 909, 910, 911, 912, 913, 914, 915, 916, 917, 918, 919, 920, 921, 922, 923, 924, 925, 926, 927, 928, 929, 930, 931, 932, 933, 934, 935]","[3, 15, 29, 91, 427, 444, 463, 489, 500, 512, 562, 879, 894, 910]",[],"[179, 353, 403, 650, 808, 852]","[512, 916, 3, 917, 918, 15, 919, 920, 921, 29, 922, 923, 924, 925, 562, 926, 927, 928, 929, 930, 931, 932, 933, 91, 934, 935, 650, 179, 353, 808, 848, 849, 850, 851, 852, 853, 854, 855, 856, 857, 858, 859, 860, 861, 862, 863, 864, 865, 866, 867, 868, 869, 870, 871, 872, 873, 874, 875, 876, 877, 878, 879, 880, 881, 882, 883, 884, 885, 886, 887, 888, 889, 890, 891, 892, 893, 894, 895, 896, 897, 898, 899, 900, 901, 902, 903, 904, 905, 906, 907, 908, 909, 398, 399, 400, 401, 402, 403, 404, 405, 406, 407, 408, 409, 410, 411, 412, 413, 414, 415, 416, 417, 418, 419, 420, 421, 422, 423, 424, 425, 426, 427, 428, 429, 430, 431, 432, 433, 434, 435, 436, 437, 438, 439, 440, 441, 442, 443, 444, 445, 446, 447, 448, 449, 450, 451, 452, 453, 454, 455, 456, 457, 458, 459, 460, 461, 462, 463, 464, 465, 466, 467, 468, 469, 470, 471, 472, 473, 474, 475, 476, 477, 478, 479, 480, 481, 482, 483, 484, 910, 911, 489, 912, 913, 500, 914, 915]",False,"[427, 879]","[398, 399, 400, 401, 402, 403, 404, 405, 406, 407, 408, 409, 410, 411, 412, 413, 414, 415, 416, 417, 418, 419, 420, 421, 422, 423, 424, 425, 426, 427, 428, 429, 430, 431, 432, 433, 434, 435, 436, 437, 438, 439, 440, 441, 442, 443, 444, 445, 446, 447, 448, 449, 450, 451, 452, 453, 454, 455, 456, 457, 458, 459, 460, 461, 462, 463, 464, 465, 466, 467, 468, 469, 470, 471, 472, 473, 474, 475, 476, 477, 478, 479, 480, 481, 482, 483, 484, 848, 849, 850, 851, 852, 853, 854, 855, 856, 857, 858, 859, 860, 861, 862, 863, 864, 865, 866, 867, 868, 869, 870, 871, 872, 873, 874, 875, 876, 877, 878, 879, 880, 881, 882, 883, 884, 885, 886, 887, 888, 889, 890, 891, 892, 893, 894, 895, 896, 897, 898, 899, 900, 901, 902, 903, 904, 905, 906, 907, 908, 909, 910, 911, 912, 913, 914, 915, 916, 917, 918, 919, 920, 921, 922, 923, 924, 925, 926, 927, 928, 929, 930, 931, 932, 933, 934, 935]","[427, 879]",[],"[3, 15, 29, 91, 427, 444, 463, 489, 500, 512, 562, 879, 894, 910]","[179, 353, 403, 650, 808, 852]",[],5/6 successful match,False,[675],True,146,True,2015,0.09302325581395349,True,Owens ' Travel Center ),
Panguitch ( 84759 ) Junction Market # 17,435-676-8986 445 US 89 S,<U+2610> M <U+25A1>,Panguitch,84759,Junction Market # 17,435-676-8986,2016,Panguitch,UT,,,445 US 89 S,Proper,,False,,False,US 89,,,,,[],"[427, 879]","[427, 879]",[],"[398, 399, 400, 401, 402, 403, 404, 405, 406, 407, 408, 409, 410, 411, 412, 413, 414, 415, 416, 417, 418, 419, 420, 421, 422, 423, 424, 425, 426, 427, 428, 429, 430, 431, 432, 433, 434, 435, 436, 437, 438, 439, 440, 441, 442, 443, 444, 445, 446, 447, 448, 449, 450, 451, 452, 453, 454, 455, 456, 457, 458, 459, 460, 461, 462, 463, 464, 465, 466, 467, 468, 469, 470, 471, 472, 473, 474, 475, 476, 477, 478, 479, 480, 481, 482, 483, 484, 848, 849, 850, 851, 852, 853, 854, 855, 856, 857, 858, 859, 860, 861, 862, 863, 864, 865, 866, 867, 868, 869, 870, 871, 872, 873, 874, 875, 876, 877, 878, 879, 880, 881, 882, 883, 884, 885, 886, 887, 888, 889, 890, 891, 892, 893, 894, 895, 896, 897, 898, 899, 900, 901, 902, 903, 904, 905, 906, 907, 908, 909, 910, 911, 912, 913, 914, 915, 916, 917, 918, 919, 920, 921, 922, 923, 924, 925, 926, 927, 928, 929, 930, 931, 932, 933, 934, 935]","[3, 15, 29, 91, 427, 444, 463, 489, 500, 512, 562, 879, 894, 910]",[],"[179, 353, 403, 650, 808, 852]","[512, 916, 3, 917, 918, 15, 919, 920, 921, 29, 922, 923, 924, 925, 562, 926, 927, 928, 929, 930, 931, 932, 933, 91, 934, 935, 650, 179, 353, 808, 848, 849, 850, 851, 852, 853, 854, 855, 856, 857, 858, 859, 860, 861, 862, 863, 864, 865, 866, 867, 868, 869, 870, 871, 872, 873, 874, 875, 876, 877, 878, 879, 880, 881, 882, 883, 884, 885, 886, 887, 888, 889, 890, 891, 892, 893, 894, 895, 896, 897, 898, 899, 900, 901, 902, 903, 904, 905, 906, 907, 908, 909, 398, 399, 400, 401, 402, 403, 404, 405, 406, 407, 408, 409, 410, 411, 412, 413, 414, 415, 416, 417, 418, 419, 420, 421, 422, 423, 424, 425, 426, 427, 428, 429, 430, 431, 432, 433, 434, 435, 436, 437, 438, 439, 440, 441, 442, 443, 444, 445, 446, 447, 448, 449, 450, 451, 452, 453, 454, 455, 456, 457, 458, 459, 460, 461, 462, 463, 464, 465, 466, 467, 468, 469, 470, 471, 472, 473, 474, 475, 476, 477, 478, 479, 480, 481, 482, 483, 484, 910, 911, 489, 912, 913, 500, 914, 915]",False,"[427, 879]","[398, 399, 400, 401, 402, 403, 404, 405, 406, 407, 408, 409, 410, 411, 412, 413, 414, 415, 416, 417, 418, 419, 420, 421, 422, 423, 424, 425, 426, 427, 428, 429, 430, 431, 432, 433, 434, 435, 436, 437, 438, 439, 440, 441, 442, 443, 444, 445, 446, 447, 448, 449, 450, 451, 452, 453, 454, 455, 456, 457, 458, 459, 460, 461, 462, 463, 464, 465, 466, 467, 468, 469, 470, 471, 472, 473, 474, 475, 476, 477, 478, 479, 480, 481, 482, 483, 484, 848, 849, 850, 851, 852, 853, 854, 855, 856, 857, 858, 859, 860, 861, 862, 863, 864, 865, 866, 867, 868, 869, 870, 871, 872, 873, 874, 875, 876, 877, 878, 879, 880, 881, 882, 883, 884, 885, 886, 887, 888, 889, 890, 891, 892, 893, 894, 895, 896, 897, 898, 899, 900, 901, 902, 903, 904, 905, 906, 907, 908, 909, 910, 911, 912, 913, 914, 915, 916, 917, 918, 919, 920, 921, 922, 923, 924, 925, 926, 927, 928, 929, 930, 931, 932, 933, 934, 935]","[427, 879]",[],"[3, 15, 29, 91, 427, 444, 463, 489, 500, 512, 562, 879, 894, 910]","[179, 353, 403, 650, 808, 852]",[],5/6 successful match,False,[675],True,146,False,,1.0,True,Junction Market # 17,
"Parowan , 84761 TravelCenters of America",435-477-3311 I-15 Exit 78,,Parowan,84761,TravelCenters of America,435-477-3311,2006,Parowan,UT,TravelCenters,,I-15 Exit 78,Exit,78,False,,False,I-15,,,,,"[481, 924]","[481, 924]","[481, 924]","[481, 924]","[398, 399, 400, 401, 402, 403, 404, 405, 406, 407, 408, 409, 410, 411, 412, 413, 414, 415, 416, 417, 418, 419, 420, 421, 422, 423, 424, 425, 426, 427, 428, 429, 430, 431, 432, 433, 434, 435, 436, 437, 438, 439, 440, 441, 442, 443, 444, 445, 446, 447, 448, 449, 450, 451, 452, 453, 454, 455, 456, 457, 458, 459, 460, 461, 462, 463, 464, 465, 466, 467, 468, 469, 470, 471, 472, 473, 474, 475, 476, 477, 478, 479, 480, 481, 482, 483, 484, 848, 849, 850, 851, 852, 853, 854, 855, 856, 857, 858, 859, 860, 861, 862, 863, 864, 865, 866, 867, 868, 869, 870, 871, 872, 873, 874, 875, 876, 877, 878, 879, 880, 881, 882, 883, 884, 885, 886, 887, 888, 889, 890, 891, 892, 893, 894, 895, 896, 897, 898, 899, 900, 901, 902, 903, 904, 905, 906, 907, 908, 909, 910, 911, 912, 913, 914, 915, 916, 917, 918, 919, 920, 921, 922, 923, 924, 925, 926, 927, 928, 929, 930, 931, 932, 933, 934, 935]","[16, 125, 156, 163, 168, 184, 205, 222, 229, 253, 258, 265, 313, 317, 336, 340, 341, 356, 363, 365, 366, 367, 370, 375, 388, 391, 394, 396, 402, 410, 411, 412, 413, 415, 416, 417, 418, 419, 425, 429, 431, 433, 435, 437, 440, 441, 442, 443, 451, 452, 456, 457, 458, 460, 461, 464, 471, 473, 474, 475, 481, 482, 501, 596, 628, 635, 655, 675, 693, 716, 720, 725, 771, 775, 793, 796, 797, 811, 817, 818, 820, 825, 838, 841, 844, 846, 851, 857, 861, 862, 863, 864, 866, 867, 868, 870, 871, 877, 881, 883, 885, 888, 891, 892, 893, 898, 899, 904, 905, 907, 908, 911, 918, 920, 921, 922, 923, 924, 926, 931, 933]","[98, 476, 481, 569, 924, 925]",[],"[916, 917, 918, 919, 16, 920, 921, 922, 923, 388, 925, 926, 927, 569, 928, 929, 930, 931, 932, 596, 933, 934, 935, 98, 391, 628, 635, 125, 655, 336, 156, 163, 675, 168, 340, 341, 693, 184, 394, 716, 205, 720, 725, 375, 222, 229, 396, 253, 356, 258, 771, 775, 265, 793, 796, 797, 363, 811, 365, 817, 366, 818, 820, 367, 313, 825, 317, 370, 838, 841, 844, 846, 848, 849, 850, 851, 852, 853, 854, 855, 856, 857, 858, 859, 860, 861, 862, 863, 864, 865, 866, 867, 868, 869, 870, 871, 872, 873, 874, 875, 876, 877, 878, 879, 880, 881, 882, 883, 884, 885, 886, 887, 888, 889, 890, 891, 892, 893, 894, 895, 896, 897, 898, 899, 900, 901, 902, 903, 904, 905, 906, 907, 908, 909, 398, 399, 400, 401, 402, 403, 404, 405, 406, 407, 408, 409, 410, 411, 924, 413, 414, 412, 415, 416, 417, 418, 419, 420, 421, 422, 423, 424, 425, 426, 427, 428, 429, 430, 431, 432, 433, 434, 435, 436, 437, 438, 439, 440, 441, 442, 443, 444, 445, 446, 447, 448, 449, 450, 451, 452, 453, 454, 455, 456, 457, 458, 459, 460, 461, 462, 463, 464, 465, 466, 467, 468, 469, 470, 471, 472, 473, 474, 475, 476, 477, 478, 479, 481, 480, 482, 483, 484, 910, 911, 912, 913, 501, 914, 915]",True,"[481, 924]","[398, 399, 400, 401, 402, 403, 404, 405, 406, 407, 408, 409, 410, 411, 412, 413, 414, 415, 416, 417, 418, 419, 420, 421, 422, 423, 424, 425, 426, 427, 428, 429, 430, 431, 432, 433, 434, 435, 436, 437, 438, 439, 440, 441, 442, 443, 444, 445, 446, 447, 448, 449, 450, 451, 452, 453, 454, 455, 456, 457, 458, 459, 460, 461, 462, 463, 464, 465, 466, 467, 468, 469, 470, 471, 472, 473, 474, 475, 476, 477, 478, 479, 480, 481, 482, 483, 484, 848, 849, 850, 851, 852, 853, 854, 855, 856, 857, 858, 859, 860, 861, 862, 863, 864, 865, 866, 867, 868, 869, 870, 871, 872, 873, 874, 875, 876, 877, 878, 879, 880, 881, 882, 883, 884, 885, 886, 887, 888, 889, 890, 891, 892, 893, 894, 895, 896, 897, 898, 899, 900, 901, 902, 903, 904, 905, 906, 907, 908, 909, 910, 911, 912, 913, 914, 915, 916, 917, 918, 919, 920, 921, 922, 923, 924, 925, 926, 927, 928, 929, 930, 931, 932, 933, 934, 935]","[481, 924]","[481, 924]","[16, 125, 156, 163, 168, 184, 205, 222, 229, 253, 258, 265, 313, 317, 336, 340, 341, 356, 363, 365, 366, 367, 370, 375, 388, 391, 394, 396, 402, 410, 411, 412, 413, 415, 416, 417, 418, 419, 425, 429, 431, 433, 435, 437, 440, 441, 442, 443, 451, 452, 456, 457, 458, 460, 461, 464, 471, 473, 474, 475, 481, 482, 501, 596, 628, 635, 655, 675, 693, 716, 720, 725, 771, 775, 793, 796, 797, 811, 817, 818, 820, 825, 838, 841, 844, 846, 851, 857, 861, 862, 863, 864, 866, 867, 868, 870, 871, 877, 881, 883, 885, 888, 891, 892, 893, 898, 899, 904, 905, 907, 908, 911, 918, 920, 921, 922, 923, 924, 926, 931, 933]",[],"[98, 476, 481, 569, 924, 925]",7/6 successful match,True,"[590, 591, 592, 593]",True,147,False,,,,,
"Parowan , 84761 TravelCenters of America",435-477-3311 I-15 Exit 78 TA,24 24,Parowan,84761,TravelCenters of America,435-477-3311,2007,Parowan,UT,TravelCenters,,I-15 Exit 78 TA,Exit,78,False,,False,I-15,,,,,"[481, 924]","[481, 924]","[481, 924]","[481, 924]","[398, 399, 400, 401, 402, 403, 404, 405, 406, 407, 408, 409, 410, 411, 412, 413, 414, 415, 416, 417, 418, 419, 420, 421, 422, 423, 424, 425, 426, 427, 428, 429, 430, 431, 432, 433, 434, 435, 436, 437, 438, 439, 440, 441, 442, 443, 444, 445, 446, 447, 448, 449, 450, 451, 452, 453, 454, 455, 456, 457, 458, 459, 460, 461, 462, 463, 464, 465, 466, 467, 468, 469, 470, 471, 472, 473, 474, 475, 476, 477, 478, 479, 480, 481, 482, 483, 484, 848, 849, 850, 851, 852, 853, 854, 855, 856, 857, 858, 859, 860, 861, 862, 863, 864, 865, 866, 867, 868, 869, 870, 871, 872, 873, 874, 875, 876, 877, 878, 879, 880, 881, 882, 883, 884, 885, 886, 887, 888, 889, 890, 891, 892, 893, 894, 895, 896, 897, 898, 899, 900, 901, 902, 903, 904, 905, 906, 907, 908, 909, 910, 911, 912, 913, 914, 915, 916, 917, 918, 919, 920, 921, 922, 923, 924, 925, 926, 927, 928, 929, 930, 931, 932, 933, 934, 935]","[16, 125, 156, 163, 168, 184, 205, 222, 229, 253, 258, 265, 313, 317, 336, 340, 341, 356, 363, 365, 366, 367, 370, 375, 388, 391, 394, 396, 402, 410, 411, 412, 413, 415, 416, 417, 418, 419, 425, 429, 431, 433, 435, 437, 440, 441, 442, 443, 451, 452, 456, 457, 458, 460, 461, 464, 471, 473, 474, 475, 481, 482, 501, 596, 628, 635, 655, 675, 693, 716, 720, 725, 771, 775, 793, 796, 797, 811, 817, 818, 820, 825, 838, 841, 844, 846, 851, 857, 861, 862, 863, 864, 866, 867, 868, 870, 871, 877, 881, 883, 885, 888, 891, 892, 893, 898, 899, 904, 905, 907, 908, 911, 918, 920, 921, 922, 923, 924, 926, 931, 933]","[98, 476, 481, 569, 924, 925]",[],"[916, 917, 918, 919, 16, 920, 921, 922, 923, 388, 925, 926, 927, 569, 928, 929, 930, 931, 932, 596, 933, 934, 935, 98, 391, 628, 635, 125, 655, 336, 156, 163, 675, 168, 340, 341, 693, 184, 394, 716, 205, 720, 725, 375, 222, 229, 396, 253, 356, 258, 771, 775, 265, 793, 796, 797, 363, 811, 365, 817, 366, 818, 820, 367, 313, 825, 317, 370, 838, 841, 844, 846, 848, 849, 850, 851, 852, 853, 854, 855, 856, 857, 858, 859, 860, 861, 862, 863, 864, 865, 866, 867, 868, 869, 870, 871, 872, 873, 874, 875, 876, 877, 878, 879, 880, 881, 882, 883, 884, 885, 886, 887, 888, 889, 890, 891, 892, 893, 894, 895, 896, 897, 898, 899, 900, 901, 902, 903, 904, 905, 906, 907, 908, 909, 398, 399, 400, 401, 402, 403, 404, 405, 406, 407, 408, 409, 410, 411, 924, 413, 414, 412, 415, 416, 417, 418, 419, 420, 421, 422, 423, 424, 425, 426, 427, 428, 429, 430, 431, 432, 433, 434, 435, 436, 437, 438, 439, 440, 441, 442, 443, 444, 445, 446, 447, 448, 449, 450, 451, 452, 453, 454, 455, 456, 457, 458, 459, 460, 461, 462, 463, 464, 465, 466, 467, 468, 469, 470, 471, 472, 473, 474, 475, 476, 477, 478, 479, 481, 480, 482, 483, 484, 910, 911, 912, 913, 501, 914, 915]",True,"[481, 924]","[398, 399, 400, 401, 402, 403, 404, 405, 406, 407, 408, 409, 410, 411, 412, 413, 414, 415, 416, 417, 418, 419, 420, 421, 422, 423, 424, 425, 426, 427, 428, 429, 430, 431, 432, 433, 434, 435, 436, 437, 438, 439, 440, 441, 442, 443, 444, 445, 446, 447, 448, 449, 450, 451, 452, 453, 454, 455, 456, 457, 458, 459, 460, 461, 462, 463, 464, 465, 466, 467, 468, 469, 470, 471, 472, 473, 474, 475, 476, 477, 478, 479, 480, 481, 482, 483, 484, 848, 849, 850, 851, 852, 853, 854, 855, 856, 857, 858, 859, 860, 861, 862, 863, 864, 865, 866, 867, 868, 869, 870, 871, 872, 873, 874, 875, 876, 877, 878, 879, 880, 881, 882, 883, 884, 885, 886, 887, 888, 889, 890, 891, 892, 893, 894, 895, 896, 897, 898, 899, 900, 901, 902, 903, 904, 905, 906, 907, 908, 909, 910, 911, 912, 913, 914, 915, 916, 917, 918, 919, 920, 921, 922, 923, 924, 925, 926, 927, 928, 929, 930, 931, 932, 933, 934, 935]","[481, 924]","[481, 924]","[16, 125, 156, 163, 168, 184, 205, 222, 229, 253, 258, 265, 313, 317, 336, 340, 341, 356, 363, 365, 366, 367, 370, 375, 388, 391, 394, 396, 402, 410, 411, 412, 413, 415, 416, 417, 418, 419, 425, 429, 431, 433, 435, 437, 440, 441, 442, 443, 451, 452, 456, 457, 458, 460, 461, 464, 471, 473, 474, 475, 481, 482, 501, 596, 628, 635, 655, 675, 693, 716, 720, 725, 771, 775, 793, 796, 797, 811, 817, 818, 820, 825, 838, 841, 844, 846, 851, 857, 861, 862, 863, 864, 866, 867, 868, 870, 871, 877, 881, 883, 885, 888, 891, 892, 893, 898, 899, 904, 905, 907, 908, 911, 918, 920, 921, 922, 923, 924, 926, 931, 933]",[],"[98, 476, 481, 569, 924, 925]",7/6 successful match,True,"[590, 591, 592, 593]",True,147,False,,1.0,True,TravelCenters of America,TravelCenters
"Parowan , 84761 TravelCenters of America",435-477-3311 I-15 Exit 78,<U+2610> <U+2610><U+2610><U+2610> <U+2610> <U+2610>,Parowan,84761,TravelCenters of America,435-477-3311,2008,Parowan,UT,TravelCenters,,I-15 Exit 78,Exit,78,False,,False,I-15,,,,,"[481, 924]","[481, 924]","[481, 924]","[481, 924]","[398, 399, 400, 401, 402, 403, 404, 405, 406, 407, 408, 409, 410, 411, 412, 413, 414, 415, 416, 417, 418, 419, 420, 421, 422, 423, 424, 425, 426, 427, 428, 429, 430, 431, 432, 433, 434, 435, 436, 437, 438, 439, 440, 441, 442, 443, 444, 445, 446, 447, 448, 449, 450, 451, 452, 453, 454, 455, 456, 457, 458, 459, 460, 461, 462, 463, 464, 465, 466, 467, 468, 469, 470, 471, 472, 473, 474, 475, 476, 477, 478, 479, 480, 481, 482, 483, 484, 848, 849, 850, 851, 852, 853, 854, 855, 856, 857, 858, 859, 860, 861, 862, 863, 864, 865, 866, 867, 868, 869, 870, 871, 872, 873, 874, 875, 876, 877, 878, 879, 880, 881, 882, 883, 884, 885, 886, 887, 888, 889, 890, 891, 892, 893, 894, 895, 896, 897, 898, 899, 900, 901, 902, 903, 904, 905, 906, 907, 908, 909, 910, 911, 912, 913, 914, 915, 916, 917, 918, 919, 920, 921, 922, 923, 924, 925, 926, 927, 928, 929, 930, 931, 932, 933, 934, 935]","[16, 125, 156, 163, 168, 184, 205, 222, 229, 253, 258, 265, 313, 317, 336, 340, 341, 356, 363, 365, 366, 367, 370, 375, 388, 391, 394, 396, 402, 410, 411, 412, 413, 415, 416, 417, 418, 419, 425, 429, 431, 433, 435, 437, 440, 441, 442, 443, 451, 452, 456, 457, 458, 460, 461, 464, 471, 473, 474, 475, 481, 482, 501, 596, 628, 635, 655, 675, 693, 716, 720, 725, 771, 775, 793, 796, 797, 811, 817, 818, 820, 825, 838, 841, 844, 846, 851, 857, 861, 862, 863, 864, 866, 867, 868, 870, 871, 877, 881, 883, 885, 888, 891, 892, 893, 898, 899, 904, 905, 907, 908, 911, 918, 920, 921, 922, 923, 924, 926, 931, 933]","[98, 476, 481, 569, 924, 925]",[],"[916, 917, 918, 919, 16, 920, 921, 922, 923, 388, 925, 926, 927, 569, 928, 929, 930, 931, 932, 596, 933, 934, 935, 98, 391, 628, 635, 125, 655, 336, 156, 163, 675, 168, 340, 341, 693, 184, 394, 716, 205, 720, 725, 375, 222, 229, 396, 253, 356, 258, 771, 775, 265, 793, 796, 797, 363, 811, 365, 817, 366, 818, 820, 367, 313, 825, 317, 370, 838, 841, 844, 846, 848, 849, 850, 851, 852, 853, 854, 855, 856, 857, 858, 859, 860, 861, 862, 863, 864, 865, 866, 867, 868, 869, 870, 871, 872, 873, 874, 875, 876, 877, 878, 879, 880, 881, 882, 883, 884, 885, 886, 887, 888, 889, 890, 891, 892, 893, 894, 895, 896, 897, 898, 899, 900, 901, 902, 903, 904, 905, 906, 907, 908, 909, 398, 399, 400, 401, 402, 403, 404, 405, 406, 407, 408, 409, 410, 411, 924, 413, 414, 412, 415, 416, 417, 418, 419, 420, 421, 422, 423, 424, 425, 426, 427, 428, 429, 430, 431, 432, 433, 434, 435, 436, 437, 438, 439, 440, 441, 442, 443, 444, 445, 446, 447, 448, 449, 450, 451, 452, 453, 454, 455, 456, 457, 458, 459, 460, 461, 462, 463, 464, 465, 466, 467, 468, 469, 470, 471, 472, 473, 474, 475, 476, 477, 478, 479, 481, 480, 482, 483, 484, 910, 911, 912, 913, 501, 914, 915]",True,"[481, 924]","[398, 399, 400, 401, 402, 403, 404, 405, 406, 407, 408, 409, 410, 411, 412, 413, 414, 415, 416, 417, 418, 419, 420, 421, 422, 423, 424, 425, 426, 427, 428, 429, 430, 431, 432, 433, 434, 435, 436, 437, 438, 439, 440, 441, 442, 443, 444, 445, 446, 447, 448, 449, 450, 451, 452, 453, 454, 455, 456, 457, 458, 459, 460, 461, 462, 463, 464, 465, 466, 467, 468, 469, 470, 471, 472, 473, 474, 475, 476, 477, 478, 479, 480, 481, 482, 483, 484, 848, 849, 850, 851, 852, 853, 854, 855, 856, 857, 858, 859, 860, 861, 862, 863, 864, 865, 866, 867, 868, 869, 870, 871, 872, 873, 874, 875, 876, 877, 878, 879, 880, 881, 882, 883, 884, 885, 886, 887, 888, 889, 890, 891, 892, 893, 894, 895, 896, 897, 898, 899, 900, 901, 902, 903, 904, 905, 906, 907, 908, 909, 910, 911, 912, 913, 914, 915, 916, 917, 918, 919, 920, 921, 922, 923, 924, 925, 926, 927, 928, 929, 930, 931, 932, 933, 934, 935]","[481, 924]","[481, 924]","[16, 125, 156, 163, 168, 184, 205, 222, 229, 253, 258, 265, 313, 317, 336, 340, 341, 356, 363, 365, 366, 367, 370, 375, 388, 391, 394, 396, 402, 410, 411, 412, 413, 415, 416, 417, 418, 419, 425, 429, 431, 433, 435, 437, 440, 441, 442, 443, 451, 452, 456, 457, 458, 460, 461, 464, 471, 473, 474, 475, 481, 482, 501, 596, 628, 635, 655, 675, 693, 716, 720, 725, 771, 775, 793, 796, 797, 811, 817, 818, 820, 825, 838, 841, 844, 846, 851, 857, 861, 862, 863, 864, 866, 867, 868, 870, 871, 877, 881, 883, 885, 888, 891, 892, 893, 898, 899, 904, 905, 907, 908, 911, 918, 920, 921, 922, 923, 924, 926, 931, 933]",[],"[98, 476, 481, 569, 924, 925]",7/6 successful match,True,"[590, 591, 592, 593]",True,147,False,,1.0,True,TravelCenters of America,TravelCenters
H Parowan ( 84761 ) TA Parowan # 186 ( Shell ),2 435-477-3311 I-15 Exit 78,ZA 24,Parowan,84761,TA Parowan # 186 ( Shell ),435-477-3311,2014,Parowan,UT,Shell,,I-15 Exit 78,Exit,78,False,,False,I-15,,,,,"[481, 924]","[481, 924]","[481, 924]","[481, 924]","[398, 399, 400, 401, 402, 403, 404, 405, 406, 407, 408, 409, 410, 411, 412, 413, 414, 415, 416, 417, 418, 419, 420, 421, 422, 423, 424, 425, 426, 427, 428, 429, 430, 431, 432, 433, 434, 435, 436, 437, 438, 439, 440, 441, 442, 443, 444, 445, 446, 447, 448, 449, 450, 451, 452, 453, 454, 455, 456, 457, 458, 459, 460, 461, 462, 463, 464, 465, 466, 467, 468, 469, 470, 471, 472, 473, 474, 475, 476, 477, 478, 479, 480, 481, 482, 483, 484, 848, 849, 850, 851, 852, 853, 854, 855, 856, 857, 858, 859, 860, 861, 862, 863, 864, 865, 866, 867, 868, 869, 870, 871, 872, 873, 874, 875, 876, 877, 878, 879, 880, 881, 882, 883, 884, 885, 886, 887, 888, 889, 890, 891, 892, 893, 894, 895, 896, 897, 898, 899, 900, 901, 902, 903, 904, 905, 906, 907, 908, 909, 910, 911, 912, 913, 914, 915, 916, 917, 918, 919, 920, 921, 922, 923, 924, 925, 926, 927, 928, 929, 930, 931, 932, 933, 934, 935]","[16, 125, 156, 163, 168, 184, 205, 222, 229, 253, 258, 265, 313, 317, 336, 340, 341, 356, 363, 365, 366, 367, 370, 375, 388, 391, 394, 396, 402, 410, 411, 412, 413, 415, 416, 417, 418, 419, 425, 429, 431, 433, 435, 437, 440, 441, 442, 443, 451, 452, 456, 457, 458, 460, 461, 464, 471, 473, 474, 475, 481, 482, 501, 596, 628, 635, 655, 675, 693, 716, 720, 725, 771, 775, 793, 796, 797, 811, 817, 818, 820, 825, 838, 841, 844, 846, 851, 857, 861, 862, 863, 864, 866, 867, 868, 870, 871, 877, 881, 883, 885, 888, 891, 892, 893, 898, 899, 904, 905, 907, 908, 911, 918, 920, 921, 922, 923, 924, 926, 931, 933]","[1, 13, 14, 29, 54, 55, 56, 57, 58, 60, 102, 118, 125, 127, 130, 134, 146, 149, 153, 175, 182, 187, 189, 191, 197, 225, 230, 238, 264, 265, 266, 286, 302, 317, 336, 379, 388, 389, 425, 454, 458, 463, 475, 487, 498, 499, 512, 530, 531, 532, 533, 534, 536, 573, 589, 596, 598, 601, 605, 617, 620, 624, 646, 653, 658, 660, 662, 668, 689, 694, 702, 724, 725, 745, 760, 775, 793, 829, 838, 839, 877, 901, 903, 905, 910, 923]","[1, 13, 14, 29, 54, 55, 56, 57, 58, 60, 102, 118, 125, 127, 130, 134, 146, 149, 153, 175, 182, 187, 189, 191, 197, 225, 230, 238, 264, 265, 266, 286, 301, 302, 317, 336, 354, 379, 388, 389, 425, 454, 458, 463, 475, 476, 481, 487, 498, 499, 512, 530, 531, 532, 533, 534, 536, 573, 589, 596, 598, 601, 605, 617, 620, 624, 646, 653, 658, 660, 662, 668, 689, 694, 702, 724, 725, 745, 760, 775, 793, 809, 829, 838, 839, 877, 901, 903, 905, 910, 923, 924, 925]","[512, 916, 1, 917, 918, 13, 14, 919, 16, 530, 531, 532, 920, 533, 534, 536, 921, 29, 922, 923, 388, 925, 926, 54, 55, 927, 56, 57, 58, 60, 573, 928, 389, 929, 930, 931, 589, 932, 596, 598, 933, 601, 934, 605, 935, 102, 617, 620, 624, 391, 628, 118, 635, 125, 127, 130, 134, 646, 653, 655, 146, 658, 660, 149, 662, 153, 336, 156, 668, 163, 675, 168, 340, 175, 689, 341, 693, 182, 694, 184, 187, 394, 189, 702, 191, 197, 716, 205, 720, 724, 725, 375, 222, 225, 229, 230, 745, 396, 238, 354, 760, 253, 356, 258, 771, 775, 264, 265, 266, 793, 796, 797, 286, 363, 809, 811, 365, 302, 301, 817, 366, 818, 820, 367, 313, 825, 317, 829, 379, 370, 838, 839, 841, 844, 846, 848, 849, 850, 851, 852, 853, 854, 855, 856, 857, 858, 859, 860, 861, 862, 863, 864, 865, 866, 867, 868, 869, 870, 871, 872, 873, 874, 875, 876, 877, 878, 879, 880, 881, 882, 883, 884, 885, 886, 887, 888, 889, 890, 891, 892, 893, 894, 895, 896, 897, 898, 899, 900, 901, 902, 903, 904, 905, 906, 907, 908, 909, 398, 399, 400, 401, 402, 403, 404, 405, 406, 407, 408, 409, 410, 411, 924, 413, 414, 412, 415, 416, 417, 418, 419, 420, 421, 422, 423, 424, 425, 426, 427, 428, 429, 430, 431, 432, 433, 434, 435, 436, 437, 438, 439, 440, 441, 442, 443, 444, 445, 446, 447, 448, 449, 450, 451, 452, 453, 454, 455, 456, 457, 458, 459, 460, 461, 462, 463, 464, 465, 466, 467, 468, 469, 470, 471, 472, 473, 474, 475, 476, 477, 478, 479, 481, 480, 482, 483, 484, 910, 487, 911, 912, 913, 498, 499, 501, 914, 915]",True,"[481, 924]","[398, 399, 400, 401, 402, 403, 404, 405, 406, 407, 408, 409, 410, 411, 412, 413, 414, 415, 416, 417, 418, 419, 420, 421, 422, 423, 424, 425, 426, 427, 428, 429, 430, 431, 432, 433, 434, 435, 436, 437, 438, 439, 440, 441, 442, 443, 444, 445, 446, 447, 448, 449, 450, 451, 452, 453, 454, 455, 456, 457, 458, 459, 460, 461, 462, 463, 464, 465, 466, 467, 468, 469, 470, 471, 472, 473, 474, 475, 476, 477, 478, 479, 480, 481, 482, 483, 484, 848, 849, 850, 851, 852, 853, 854, 855, 856, 857, 858, 859, 860, 861, 862, 863, 864, 865, 866, 867, 868, 869, 870, 871, 872, 873, 874, 875, 876, 877, 878, 879, 880, 881, 882, 883, 884, 885, 886, 887, 888, 889, 890, 891, 892, 893, 894, 895, 896, 897, 898, 899, 900, 901, 902, 903, 904, 905, 906, 907, 908, 909, 910, 911, 912, 913, 914, 915, 916, 917, 918, 919, 920, 921, 922, 923, 924, 925, 926, 927, 928, 929, 930, 931, 932, 933, 934, 935]","[481, 924]","[481, 924]","[16, 125, 156, 163, 168, 184, 205, 222, 229, 253, 258, 265, 313, 317, 336, 340, 341, 356, 363, 365, 366, 367, 370, 375, 388, 391, 394, 396, 402, 410, 411, 412, 413, 415, 416, 417, 418, 419, 425, 429, 431, 433, 435, 437, 440, 441, 442, 443, 451, 452, 456, 457, 458, 460, 461, 464, 471, 473, 474, 475, 481, 482, 501, 596, 628, 635, 655, 675, 693, 716, 720, 725, 771, 775, 793, 796, 797, 811, 817, 818, 820, 825, 838, 841, 844, 846, 851, 857, 861, 862, 863, 864, 866, 867, 868, 870, 871, 877, 881, 883, 885, 888, 891, 892, 893, 898, 899, 904, 905, 907, 908, 911, 918, 920, 921, 922, 923, 924, 926, 931, 933]","[1, 13, 14, 29, 54, 55, 56, 57, 58, 60, 102, 118, 125, 127, 130, 134, 146, 149, 153, 175, 182, 187, 189, 191, 197, 225, 230, 238, 264, 265, 266, 286, 301, 302, 317, 336, 354, 379, 388, 389, 425, 454, 458, 463, 475, 476, 481, 487, 498, 499, 512, 530, 531, 532, 533, 534, 536, 573, 589, 596, 598, 601, 605, 617, 620, 624, 646, 653, 658, 660, 662, 668, 689, 694, 702, 724, 725, 745, 760, 775, 793, 809, 829, 838, 839, 877, 901, 903, 905, 910, 923, 924, 925]","[1, 13, 14, 29, 54, 55, 56, 57, 58, 60, 102, 118, 125, 127, 130, 134, 146, 149, 153, 175, 182, 187, 189, 191, 197, 225, 230, 238, 264, 265, 266, 286, 302, 317, 336, 379, 388, 389, 425, 454, 458, 463, 475, 487, 498, 499, 512, 530, 531, 532, 533, 534, 536, 573, 589, 596, 598, 601, 605, 617, 620, 624, 646, 653, 658, 660, 662, 668, 689, 694, 702, 724, 725, 745, 760, 775, 793, 829, 838, 839, 877, 901, 903, 905, 910, 923]",6/6 successful match,True,"[590, 591, 592, 593]",True,147,True,2014,0.1,False,TravelCenters of America,TravelCenters
Parowan ( 84761 ) TA Parowan # 186 ( Shell ),435-477-3311 I-15 Exit 78 TA,TA 24,Parowan,84761,TA Parowan # 186 ( Shell ),435-477-3311,2015,Parowan,UT,Shell,,I-15 Exit 78 TA,Exit,78,False,,False,I-15,,,,,"[481, 924]","[481, 924]","[481, 924]","[481, 924]","[398, 399, 400, 401, 402, 403, 404, 405, 406, 407, 408, 409, 410, 411, 412, 413, 414, 415, 416, 417, 418, 419, 420, 421, 422, 423, 424, 425, 426, 427, 428, 429, 430, 431, 432, 433, 434, 435, 436, 437, 438, 439, 440, 441, 442, 443, 444, 445, 446, 447, 448, 449, 450, 451, 452, 453, 454, 455, 456, 457, 458, 459, 460, 461, 462, 463, 464, 465, 466, 467, 468, 469, 470, 471, 472, 473, 474, 475, 476, 477, 478, 479, 480, 481, 482, 483, 484, 848, 849, 850, 851, 852, 853, 854, 855, 856, 857, 858, 859, 860, 861, 862, 863, 864, 865, 866, 867, 868, 869, 870, 871, 872, 873, 874, 875, 876, 877, 878, 879, 880, 881, 882, 883, 884, 885, 886, 887, 888, 889, 890, 891, 892, 893, 894, 895, 896, 897, 898, 899, 900, 901, 902, 903, 904, 905, 906, 907, 908, 909, 910, 911, 912, 913, 914, 915, 916, 917, 918, 919, 920, 921, 922, 923, 924, 925, 926, 927, 928, 929, 930, 931, 932, 933, 934, 935]","[16, 125, 156, 163, 168, 184, 205, 222, 229, 253, 258, 265, 313, 317, 336, 340, 341, 356, 363, 365, 366, 367, 370, 375, 388, 391, 394, 396, 402, 410, 411, 412, 413, 415, 416, 417, 418, 419, 425, 429, 431, 433, 435, 437, 440, 441, 442, 443, 451, 452, 456, 457, 458, 460, 461, 464, 471, 473, 474, 475, 481, 482, 501, 596, 628, 635, 655, 675, 693, 716, 720, 725, 771, 775, 793, 796, 797, 811, 817, 818, 820, 825, 838, 841, 844, 846, 851, 857, 861, 862, 863, 864, 866, 867, 868, 870, 871, 877, 881, 883, 885, 888, 891, 892, 893, 898, 899, 904, 905, 907, 908, 911, 918, 920, 921, 922, 923, 924, 926, 931, 933]","[1, 13, 14, 29, 54, 55, 56, 57, 58, 60, 102, 118, 125, 127, 130, 134, 146, 149, 153, 175, 182, 187, 189, 191, 197, 225, 230, 238, 264, 265, 266, 286, 302, 317, 336, 379, 388, 389, 425, 454, 458, 463, 475, 487, 498, 499, 512, 530, 531, 532, 533, 534, 536, 573, 589, 596, 598, 601, 605, 617, 620, 624, 646, 653, 658, 660, 662, 668, 689, 694, 702, 724, 725, 745, 760, 775, 793, 829, 838, 839, 877, 901, 903, 905, 910, 923]","[1, 13, 14, 29, 54, 55, 56, 57, 58, 60, 102, 118, 125, 127, 130, 134, 146, 149, 153, 175, 182, 187, 189, 191, 197, 225, 230, 238, 264, 265, 266, 286, 301, 302, 317, 336, 354, 379, 388, 389, 425, 454, 458, 463, 475, 476, 481, 487, 498, 499, 512, 530, 531, 532, 533, 534, 536, 573, 589, 596, 598, 601, 605, 617, 620, 624, 646, 653, 658, 660, 662, 668, 689, 694, 702, 724, 725, 745, 760, 775, 793, 809, 829, 838, 839, 877, 901, 903, 905, 910, 923, 924, 925]","[512, 916, 1, 917, 918, 13, 14, 919, 16, 530, 531, 532, 920, 533, 534, 536, 921, 29, 922, 923, 388, 925, 926, 54, 55, 927, 56, 57, 58, 60, 573, 928, 389, 929, 930, 931, 589, 932, 596, 598, 933, 601, 934, 605, 935, 102, 617, 620, 624, 391, 628, 118, 635, 125, 127, 130, 134, 646, 653, 655, 146, 658, 660, 149, 662, 153, 336, 156, 668, 163, 675, 168, 340, 175, 689, 341, 693, 182, 694, 184, 187, 394, 189, 702, 191, 197, 716, 205, 720, 724, 725, 375, 222, 225, 229, 230, 745, 396, 238, 354, 760, 253, 356, 258, 771, 775, 264, 265, 266, 793, 796, 797, 286, 363, 809, 811, 365, 302, 301, 817, 366, 818, 820, 367, 313, 825, 317, 829, 379, 370, 838, 839, 841, 844, 846, 848, 849, 850, 851, 852, 853, 854, 855, 856, 857, 858, 859, 860, 861, 862, 863, 864, 865, 866, 867, 868, 869, 870, 871, 872, 873, 874, 875, 876, 877, 878, 879, 880, 881, 882, 883, 884, 885, 886, 887, 888, 889, 890, 891, 892, 893, 894, 895, 896, 897, 898, 899, 900, 901, 902, 903, 904, 905, 906, 907, 908, 909, 398, 399, 400, 401, 402, 403, 404, 405, 406, 407, 408, 409, 410, 411, 924, 413, 414, 412, 415, 416, 417, 418, 419, 420, 421, 422, 423, 424, 425, 426, 427, 428, 429, 430, 431, 432, 433, 434, 435, 436, 437, 438, 439, 440, 441, 442, 443, 444, 445, 446, 447, 448, 449, 450, 451, 452, 453, 454, 455, 456, 457, 458, 459, 460, 461, 462, 463, 464, 465, 466, 467, 468, 469, 470, 471, 472, 473, 474, 475, 476, 477, 478, 479, 481, 480, 482, 483, 484, 910, 487, 911, 912, 913, 498, 499, 501, 914, 915]",True,"[481, 924]","[398, 399, 400, 401, 402, 403, 404, 405, 406, 407, 408, 409, 410, 411, 412, 413, 414, 415, 416, 417, 418, 419, 420, 421, 422, 423, 424, 425, 426, 427, 428, 429, 430, 431, 432, 433, 434, 435, 436, 437, 438, 439, 440, 441, 442, 443, 444, 445, 446, 447, 448, 449, 450, 451, 452, 453, 454, 455, 456, 457, 458, 459, 460, 461, 462, 463, 464, 465, 466, 467, 468, 469, 470, 471, 472, 473, 474, 475, 476, 477, 478, 479, 480, 481, 482, 483, 484, 848, 849, 850, 851, 852, 853, 854, 855, 856, 857, 858, 859, 860, 861, 862, 863, 864, 865, 866, 867, 868, 869, 870, 871, 872, 873, 874, 875, 876, 877, 878, 879, 880, 881, 882, 883, 884, 885, 886, 887, 888, 889, 890, 891, 892, 893, 894, 895, 896, 897, 898, 899, 900, 901, 902, 903, 904, 905, 906, 907, 908, 909, 910, 911, 912, 913, 914, 915, 916, 917, 918, 919, 920, 921, 922, 923, 924, 925, 926, 927, 928, 929, 930, 931, 932, 933, 934, 935]","[481, 924]","[481, 924]","[16, 125, 156, 163, 168, 184, 205, 222, 229, 253, 258, 265, 313, 317, 336, 340, 341, 356, 363, 365, 366, 367, 370, 375, 388, 391, 394, 396, 402, 410, 411, 412, 413, 415, 416, 417, 418, 419, 425, 429, 431, 433, 435, 437, 440, 441, 442, 443, 451, 452, 456, 457, 458, 460, 461, 464, 471, 473, 474, 475, 481, 482, 501, 596, 628, 635, 655, 675, 693, 716, 720, 725, 771, 775, 793, 796, 797, 811, 817, 818, 820, 825, 838, 841, 844, 846, 851, 857, 861, 862, 863, 864, 866, 867, 868, 870, 871, 877, 881, 883, 885, 888, 891, 892, 893, 898, 899, 904, 905, 907, 908, 911, 918, 920, 921, 922, 923, 924, 926, 931, 933]","[1, 13, 14, 29, 54, 55, 56, 57, 58, 60, 102, 118, 125, 127, 130, 134, 146, 149, 153, 175, 182, 187, 189, 191, 197, 225, 230, 238, 264, 265, 266, 286, 301, 302, 317, 336, 354, 379, 388, 389, 425, 454, 458, 463, 475, 476, 481, 487, 498, 499, 512, 530, 531, 532, 533, 534, 536, 573, 589, 596, 598, 601, 605, 617, 620, 624, 646, 653, 658, 660, 662, 668, 689, 694, 702, 724, 725, 745, 760, 775, 793, 809, 829, 838, 839, 877, 901, 903, 905, 910, 923, 924, 925]","[1, 13, 14, 29, 54, 55, 56, 57, 58, 60, 102, 118, 125, 127, 130, 134, 146, 149, 153, 175, 182, 187, 189, 191, 197, 225, 230, 238, 264, 265, 266, 286, 302, 317, 336, 379, 388, 389, 425, 454, 458, 463, 475, 487, 498, 499, 512, 530, 531, 532, 533, 534, 536, 573, 589, 596, 598, 601, 605, 617, 620, 624, 646, 653, 658, 660, 662, 668, 689, 694, 702, 724, 725, 745, 760, 775, 793, 829, 838, 839, 877, 901, 903, 905, 910, 923]",6/6 successful match,True,"[590, 591, 592, 593]",True,147,False,,1.0,True,TA Parowan # 186 ( Shell ),Shell
Parowan ( 84761 ) TA Parowan # 186 ( Shell ),435-477-3311 I-15 Exit 78,24,Parowan,84761,TA Parowan # 186 ( Shell ),435-477-3311,2016,Parowan,UT,Shell,,I-15 Exit 78,Exit,78,False,,False,I-15,,,,,"[481, 924]","[481, 924]","[481, 924]","[481, 924]","[398, 399, 400, 401, 402, 403, 404, 405, 406, 407, 408, 409, 410, 411, 412, 413, 414, 415, 416, 417, 418, 419, 420, 421, 422, 423, 424, 425, 426, 427, 428, 429, 430, 431, 432, 433, 434, 435, 436, 437, 438, 439, 440, 441, 442, 443, 444, 445, 446, 447, 448, 449, 450, 451, 452, 453, 454, 455, 456, 457, 458, 459, 460, 461, 462, 463, 464, 465, 466, 467, 468, 469, 470, 471, 472, 473, 474, 475, 476, 477, 478, 479, 480, 481, 482, 483, 484, 848, 849, 850, 851, 852, 853, 854, 855, 856, 857, 858, 859, 860, 861, 862, 863, 864, 865, 866, 867, 868, 869, 870, 871, 872, 873, 874, 875, 876, 877, 878, 879, 880, 881, 882, 883, 884, 885, 886, 887, 888, 889, 890, 891, 892, 893, 894, 895, 896, 897, 898, 899, 900, 901, 902, 903, 904, 905, 906, 907, 908, 909, 910, 911, 912, 913, 914, 915, 916, 917, 918, 919, 920, 921, 922, 923, 924, 925, 926, 927, 928, 929, 930, 931, 932, 933, 934, 935]","[16, 125, 156, 163, 168, 184, 205, 222, 229, 253, 258, 265, 313, 317, 336, 340, 341, 356, 363, 365, 366, 367, 370, 375, 388, 391, 394, 396, 402, 410, 411, 412, 413, 415, 416, 417, 418, 419, 425, 429, 431, 433, 435, 437, 440, 441, 442, 443, 451, 452, 456, 457, 458, 460, 461, 464, 471, 473, 474, 475, 481, 482, 501, 596, 628, 635, 655, 675, 693, 716, 720, 725, 771, 775, 793, 796, 797, 811, 817, 818, 820, 825, 838, 841, 844, 846, 851, 857, 861, 862, 863, 864, 866, 867, 868, 870, 871, 877, 881, 883, 885, 888, 891, 892, 893, 898, 899, 904, 905, 907, 908, 911, 918, 920, 921, 922, 923, 924, 926, 931, 933]","[1, 13, 14, 29, 54, 55, 56, 57, 58, 60, 102, 118, 125, 127, 130, 134, 146, 149, 153, 175, 182, 187, 189, 191, 197, 225, 230, 238, 264, 265, 266, 286, 302, 317, 336, 379, 388, 389, 425, 454, 458, 463, 475, 487, 498, 499, 512, 530, 531, 532, 533, 534, 536, 573, 589, 596, 598, 601, 605, 617, 620, 624, 646, 653, 658, 660, 662, 668, 689, 694, 702, 724, 725, 745, 760, 775, 793, 829, 838, 839, 877, 901, 903, 905, 910, 923]","[1, 13, 14, 29, 54, 55, 56, 57, 58, 60, 102, 118, 125, 127, 130, 134, 146, 149, 153, 175, 182, 187, 189, 191, 197, 225, 230, 238, 264, 265, 266, 286, 301, 302, 317, 336, 354, 379, 388, 389, 425, 454, 458, 463, 475, 476, 481, 487, 498, 499, 512, 530, 531, 532, 533, 534, 536, 573, 589, 596, 598, 601, 605, 617, 620, 624, 646, 653, 658, 660, 662, 668, 689, 694, 702, 724, 725, 745, 760, 775, 793, 809, 829, 838, 839, 877, 901, 903, 905, 910, 923, 924, 925]","[512, 916, 1, 917, 918, 13, 14, 919, 16, 530, 531, 532, 920, 533, 534, 536, 921, 29, 922, 923, 388, 925, 926, 54, 55, 927, 56, 57, 58, 60, 573, 928, 389, 929, 930, 931, 589, 932, 596, 598, 933, 601, 934, 605, 935, 102, 617, 620, 624, 391, 628, 118, 635, 125, 127, 130, 134, 646, 653, 655, 146, 658, 660, 149, 662, 153, 336, 156, 668, 163, 675, 168, 340, 175, 689, 341, 693, 182, 694, 184, 187, 394, 189, 702, 191, 197, 716, 205, 720, 724, 725, 375, 222, 225, 229, 230, 745, 396, 238, 354, 760, 253, 356, 258, 771, 775, 264, 265, 266, 793, 796, 797, 286, 363, 809, 811, 365, 302, 301, 817, 366, 818, 820, 367, 313, 825, 317, 829, 379, 370, 838, 839, 841, 844, 846, 848, 849, 850, 851, 852, 853, 854, 855, 856, 857, 858, 859, 860, 861, 862, 863, 864, 865, 866, 867, 868, 869, 870, 871, 872, 873, 874, 875, 876, 877, 878, 879, 880, 881, 882, 883, 884, 885, 886, 887, 888, 889, 890, 891, 892, 893, 894, 895, 896, 897, 898, 899, 900, 901, 902, 903, 904, 905, 906, 907, 908, 909, 398, 399, 400, 401, 402, 403, 404, 405, 406, 407, 408, 409, 410, 411, 924, 413, 414, 412, 415, 416, 417, 418, 419, 420, 421, 422, 423, 424, 425, 426, 427, 428, 429, 430, 431, 432, 433, 434, 435, 436, 437, 438, 439, 440, 441, 442, 443, 444, 445, 446, 447, 448, 449, 450, 451, 452, 453, 454, 455, 456, 457, 458, 459, 460, 461, 462, 463, 464, 465, 466, 467, 468, 469, 470, 471, 472, 473, 474, 475, 476, 477, 478, 479, 481, 480, 482, 483, 484, 910, 487, 911, 912, 913, 498, 499, 501, 914, 915]",True,"[481, 924]","[398, 399, 400, 401, 402, 403, 404, 405, 406, 407, 408, 409, 410, 411, 412, 413, 414, 415, 416, 417, 418, 419, 420, 421, 422, 423, 424, 425, 426, 427, 428, 429, 430, 431, 432, 433, 434, 435, 436, 437, 438, 439, 440, 441, 442, 443, 444, 445, 446, 447, 448, 449, 450, 451, 452, 453, 454, 455, 456, 457, 458, 459, 460, 461, 462, 463, 464, 465, 466, 467, 468, 469, 470, 471, 472, 473, 474, 475, 476, 477, 478, 479, 480, 481, 482, 483, 484, 848, 849, 850, 851, 852, 853, 854, 855, 856, 857, 858, 859, 860, 861, 862, 863, 864, 865, 866, 867, 868, 869, 870, 871, 872, 873, 874, 875, 876, 877, 878, 879, 880, 881, 882, 883, 884, 885, 886, 887, 888, 889, 890, 891, 892, 893, 894, 895, 896, 897, 898, 899, 900, 901, 902, 903, 904, 905, 906, 907, 908, 909, 910, 911, 912, 913, 914, 915, 916, 917, 918, 919, 920, 921, 922, 923, 924, 925, 926, 927, 928, 929, 930, 931, 932, 933, 934, 935]","[481, 924]","[481, 924]","[16, 125, 156, 163, 168, 184, 205, 222, 229, 253, 258, 265, 313, 317, 336, 340, 341, 356, 363, 365, 366, 367, 370, 375, 388, 391, 394, 396, 402, 410, 411, 412, 413, 415, 416, 417, 418, 419, 425, 429, 431, 433, 435, 437, 440, 441, 442, 443, 451, 452, 456, 457, 458, 460, 461, 464, 471, 473, 474, 475, 481, 482, 501, 596, 628, 635, 655, 675, 693, 716, 720, 725, 771, 775, 793, 796, 797, 811, 817, 818, 820, 825, 838, 841, 844, 846, 851, 857, 861, 862, 863, 864, 866, 867, 868, 870, 871, 877, 881, 883, 885, 888, 891, 892, 893, 898, 899, 904, 905, 907, 908, 911, 918, 920, 921, 922, 923, 924, 926, 931, 933]","[1, 13, 14, 29, 54, 55, 56, 57, 58, 60, 102, 118, 125, 127, 130, 134, 146, 149, 153, 175, 182, 187, 189, 191, 197, 225, 230, 238, 264, 265, 266, 286, 301, 302, 317, 336, 354, 379, 388, 389, 425, 454, 458, 463, 475, 476, 481, 487, 498, 499, 512, 530, 531, 532, 533, 534, 536, 573, 589, 596, 598, 601, 605, 617, 620, 624, 646, 653, 658, 660, 662, 668, 689, 694, 702, 724, 725, 745, 760, 775, 793, 809, 829, 838, 839, 877, 901, 903, 905, 910, 923, 924, 925]","[1, 13, 14, 29, 54, 55, 56, 57, 58, 60, 102, 118, 125, 127, 130, 134, 146, 149, 153, 175, 182, 187, 189, 191, 197, 225, 230, 238, 264, 265, 266, 286, 302, 317, 336, 379, 388, 389, 425, 454, 458, 463, 475, 487, 498, 499, 512, 530, 531, 532, 533, 534, 536, 573, 589, 596, 598, 601, 605, 617, 620, 624, 646, 653, 658, 660, 662, 668, 689, 694, 702, 724, 725, 745, 760, 775, 793, 829, 838, 839, 877, 901, 903, 905, 910, 923]",6/6 successful match,True,"[590, 591, 592, 593]",True,147,False,,1.0,True,TA Parowan # 186 ( Shell ),Shell
"Washington , 84780 Freeway Chevron",435-673-3675 I-15 Exit 10,S <U+25A1>,Washington,84780,Freeway Chevron,435-673-3675,2006,Washington,UT,Chevron,,I-15 Exit 10,Exit,10,False,,False,I-15,,,,,[],[],[],"[276, 287, 735, 746]","[398, 399, 400, 401, 402, 403, 404, 405, 406, 407, 408, 409, 410, 411, 412, 413, 414, 415, 416, 417, 418, 419, 420, 421, 422, 423, 424, 425, 426, 427, 428, 429, 430, 431, 432, 433, 434, 435, 436, 437, 438, 439, 440, 441, 442, 443, 444, 445, 446, 447, 448, 449, 450, 451, 452, 453, 454, 455, 456, 457, 458, 459, 460, 461, 462, 463, 464, 465, 466, 467, 468, 469, 470, 471, 472, 473, 474, 475, 476, 477, 478, 479, 480, 481, 482, 483, 484, 848, 849, 850, 851, 852, 853, 854, 855, 856, 857, 858, 859, 860, 861, 862, 863, 864, 865, 866, 867, 868, 869, 870, 871, 872, 873, 874, 875, 876, 877, 878, 879, 880, 881, 882, 883, 884, 885, 886, 887, 888, 889, 890, 891, 892, 893, 894, 895, 896, 897, 898, 899, 900, 901, 902, 903, 904, 905, 906, 907, 908, 909, 910, 911, 912, 913, 914, 915, 916, 917, 918, 919, 920, 921, 922, 923, 924, 925, 926, 927, 928, 929, 930, 931, 932, 933, 934, 935]","[16, 125, 156, 163, 168, 184, 205, 222, 229, 253, 258, 265, 313, 317, 336, 340, 341, 356, 363, 365, 366, 367, 370, 375, 388, 391, 394, 396, 402, 410, 411, 412, 413, 415, 416, 417, 418, 419, 425, 429, 431, 433, 435, 437, 440, 441, 442, 443, 451, 452, 456, 457, 458, 460, 461, 464, 471, 473, 474, 475, 481, 482, 501, 596, 628, 635, 655, 675, 693, 716, 720, 725, 771, 775, 793, 796, 797, 811, 817, 818, 820, 825, 838, 841, 844, 846, 851, 857, 861, 862, 863, 864, 866, 867, 868, 870, 871, 877, 881, 883, 885, 888, 891, 892, 893, 898, 899, 904, 905, 907, 908, 911, 918, 920, 921, 922, 923, 924, 926, 931, 933]","[12, 24, 25, 28, 88, 100, 104, 119, 123, 129, 136, 137, 139, 140, 141, 148, 155, 169, 172, 179, 183, 185, 188, 196, 198, 217, 237, 267, 270, 278, 319, 321, 324, 325, 330, 334, 335, 354, 366, 369, 380, 383, 384, 386, 395, 407, 411, 423, 428, 436, 437, 452, 453, 456, 467, 471, 477, 478, 479, 497, 508, 511, 559, 571, 575, 590, 594, 600, 607, 608, 610, 611, 612, 619, 627, 640, 643, 650, 654, 656, 659, 667, 669, 685, 701, 726, 729, 737, 777, 779, 782, 783, 787, 790, 791, 809, 817, 819, 830, 833, 834, 836, 845, 856, 857, 860, 862, 875, 880, 887, 888, 899, 900, 914, 918, 921, 928, 929, 930]","[12, 24, 25, 28, 88, 100, 104, 119, 123, 129, 136, 137, 139, 140, 141, 148, 155, 169, 172, 179, 183, 185, 188, 196, 198, 217, 237, 267, 270, 278, 319, 321, 324, 325, 330, 334, 335, 354, 366, 369, 380, 383, 384, 386, 395, 407, 411, 423, 428, 436, 437, 452, 453, 456, 467, 471, 477, 478, 479, 497, 508, 511, 559, 571, 575, 590, 594, 600, 607, 608, 610, 611, 612, 619, 627, 640, 643, 650, 654, 656, 659, 667, 669, 685, 701, 726, 729, 737, 777, 779, 782, 783, 787, 790, 791, 809, 817, 819, 830, 833, 834, 836, 845, 856, 857, 860, 862, 875, 880, 887, 888, 899, 900, 914, 918, 921, 928, 929, 930]","[12, 16, 24, 25, 28, 88, 100, 104, 119, 123, 125, 129, 136, 137, 139, 140, 141, 148, 155, 156, 163, 168, 169, 172, 179, 183, 184, 185, 188, 196, 198, 205, 217, 222, 229, 237, 253, 258, 265, 267, 270, 276, 278, 287, 313, 317, 319, 321, 324, 325, 330, 334, 335, 336, 340, 341, 354, 356, 363, 365, 366, 367, 369, 370, 375, 380, 383, 384, 386, 388, 391, 394, 395, 396, 398, 399, 400, 401, 402, 403, 404, 405, 406, 407, 408, 409, 410, 411, 412, 413, 414, 415, 416, 417, 418, 419, 420, 421, 422, 423, 424, 425, 426, 427, 428, 429, 430, 431, 432, 433, 434, 435, 436, 437, 438, 439, 440, 441, 442, 443, 444, 445, 446, 447, 448, 449, 450, 451, 452, 453, 454, 455, 456, 457, 458, 459, 460, 461, 462, 463, 464, 465, 466, 467, 468, 469, 470, 471, 472, 473, 474, 475, 476, 477, 478, 479, 480, 481, 482, 483, 484, 497, 501, 508, 511, 559, 571, 575, 590, 594, 596, 600, 607, 608, 610, 611, 612, 619, 627, 628, 635, 640, 643, 650, 654, 655, 656, 659, 667, 669, 675, 685, 693, 701, 716, 720, 725, 726, 729, 735, 737, 746, 771, 775, 777, 779, 782, 783, 787, 790, 791, 793, 796, 797, 809, 811, 817, 818, 819, 820, 825, 830, 833, 834, 836, 838, 841, 844, 845, 846, 848, 849, 850, 851, 852, 853, 854, 855, 856, 857, 858, 859, 860, 861, 862, 863, 864, 865, 866, 867, 868, 869, 870, 871, 872, 873, 874, 875, 876, 877, 878, 879, 880, 881, 882, 883, 884, 885, 886, 887, 888, 889, 890, 891, 892, 893, 894, 895, 896, 897, 898, 899, 900, 901, 902, 903, 904, 905, 906, 907, 908, 909, 910, 911, 912, 913, 914, 915, 916, 917, 918, 919, 920, 921, 922, 923, 924, 925, 926, 927, 928, 929, 930, 931, 932, 933, 934, 935]",False,[],"[398, 399, 400, 401, 402, 403, 404, 405, 406, 407, 408, 409, 410, 411, 412, 413, 414, 415, 416, 417, 418, 419, 420, 421, 422, 423, 424, 425, 426, 427, 428, 429, 430, 431, 432, 433, 434, 435, 436, 437, 438, 439, 440, 441, 442, 443, 444, 445, 446, 447, 448, 449, 450, 451, 452, 453, 454, 455, 456, 457, 458, 459, 460, 461, 462, 463, 464, 465, 466, 467, 468, 469, 470, 471, 472, 473, 474, 475, 476, 477, 478, 479, 480, 481, 482, 483, 484, 848, 849, 850, 851, 852, 853, 854, 855, 856, 857, 858, 859, 860, 861, 862, 863, 864, 865, 866, 867, 868, 869, 870, 871, 872, 873, 874, 875, 876, 877, 878, 879, 880, 881, 882, 883, 884, 885, 886, 887, 888, 889, 890, 891, 892, 893, 894, 895, 896, 897, 898, 899, 900, 901, 902, 903, 904, 905, 906, 907, 908, 909, 910, 911, 912, 913, 914, 915, 916, 917, 918, 919, 920, 921, 922, 923, 924, 925, 926, 927, 928, 929, 930, 931, 932, 933, 934, 935]",[],"[276, 287, 735, 746]","[16, 125, 156, 163, 168, 184, 205, 222, 229, 253, 258, 265, 313, 317, 336, 340, 341, 356, 363, 365, 366, 367, 370, 375, 388, 391, 394, 396, 402, 410, 411, 412, 413, 415, 416, 417, 418, 419, 425, 429, 431, 433, 435, 437, 440, 441, 442, 443, 451, 452, 456, 457, 458, 460, 461, 464, 471, 473, 474, 475, 481, 482, 501, 596, 628, 635, 655, 675, 693, 716, 720, 725, 771, 775, 793, 796, 797, 811, 817, 818, 820, 825, 838, 841, 844, 846, 851, 857, 861, 862, 863, 864, 866, 867, 868, 870, 871, 877, 881, 883, 885, 888, 891, 892, 893, 898, 899, 904, 905, 907, 908, 911, 918, 920, 921, 922, 923, 924, 926, 931, 933]","[12, 24, 25, 28, 88, 100, 104, 119, 123, 129, 136, 137, 139, 140, 141, 148, 155, 169, 172, 179, 183, 185, 188, 196, 198, 217, 237, 267, 270, 278, 319, 321, 324, 325, 330, 334, 335, 354, 366, 369, 380, 383, 384, 386, 395, 407, 411, 423, 428, 436, 437, 452, 453, 456, 467, 471, 477, 478, 479, 497, 508, 511, 559, 571, 575, 590, 594, 600, 607, 608, 610, 611, 612, 619, 627, 640, 643, 650, 654, 656, 659, 667, 669, 685, 701, 726, 729, 737, 777, 779, 782, 783, 787, 790, 791, 809, 817, 819, 830, 833, 834, 836, 845, 856, 857, 860, 862, 875, 880, 887, 888, 899, 900, 914, 918, 921, 928, 929, 930]","[12, 24, 25, 28, 88, 100, 104, 119, 123, 129, 136, 137, 139, 140, 141, 148, 155, 169, 172, 179, 183, 185, 188, 196, 198, 217, 237, 267, 270, 278, 319, 321, 324, 325, 330, 334, 335, 354, 366, 369, 380, 383, 384, 386, 395, 407, 411, 423, 428, 436, 437, 452, 453, 456, 467, 471, 477, 478, 479, 497, 508, 511, 559, 571, 575, 590, 594, 600, 607, 608, 610, 611, 612, 619, 627, 640, 643, 650, 654, 656, 659, 667, 669, 685, 701, 726, 729, 737, 777, 779, 782, 783, 787, 790, 791, 809, 817, 819, 830, 833, 834, 836, 845, 856, 857, 860, 862, 875, 880, 887, 888, 899, 900, 914, 918, 921, 928, 929, 930]",2/6 successful match,False,,False,148,False,,,,,
Freeway Chevron,"435-673-3675 Washington , 84780 I-15 Exit 10",S D,,84780,,435-673-3675,2007,Washington,UT,,,"Washington, I-15 Exit 10",Exit,10,False,,False,I-15,,,,,[],[],[],"[276, 287, 735, 746]","[398, 399, 400, 401, 402, 403, 404, 405, 406, 407, 408, 409, 410, 411, 412, 413, 414, 415, 416, 417, 418, 419, 420, 421, 422, 423, 424, 425, 426, 427, 428, 429, 430, 431, 432, 433, 434, 435, 436, 437, 438, 439, 440, 441, 442, 443, 444, 445, 446, 447, 448, 449, 450, 451, 452, 453, 454, 455, 456, 457, 458, 459, 460, 461, 462, 463, 464, 465, 466, 467, 468, 469, 470, 471, 472, 473, 474, 475, 476, 477, 478, 479, 480, 481, 482, 483, 484, 848, 849, 850, 851, 852, 853, 854, 855, 856, 857, 858, 859, 860, 861, 862, 863, 864, 865, 866, 867, 868, 869, 870, 871, 872, 873, 874, 875, 876, 877, 878, 879, 880, 881, 882, 883, 884, 885, 886, 887, 888, 889, 890, 891, 892, 893, 894, 895, 896, 897, 898, 899, 900, 901, 902, 903, 904, 905, 906, 907, 908, 909, 910, 911, 912, 913, 914, 915, 916, 917, 918, 919, 920, 921, 922, 923, 924, 925, 926, 927, 928, 929, 930, 931, 932, 933, 934, 935]","[16, 125, 156, 163, 168, 184, 205, 222, 229, 253, 258, 265, 313, 317, 336, 340, 341, 356, 363, 365, 366, 367, 370, 375, 388, 391, 394, 396, 402, 410, 411, 412, 413, 415, 416, 417, 418, 419, 425, 429, 431, 433, 435, 437, 440, 441, 442, 443, 451, 452, 456, 457, 458, 460, 461, 464, 471, 473, 474, 475, 481, 482, 501, 596, 628, 635, 655, 675, 693, 716, 720, 725, 771, 775, 793, 796, 797, 811, 817, 818, 820, 825, 838, 841, 844, 846, 851, 857, 861, 862, 863, 864, 866, 867, 868, 870, 871, 877, 881, 883, 885, 888, 891, 892, 893, 898, 899, 904, 905, 907, 908, 911, 918, 920, 921, 922, 923, 924, 926, 931, 933]",[],[],"[916, 917, 918, 919, 16, 920, 921, 922, 923, 388, 924, 925, 926, 927, 928, 929, 930, 931, 932, 596, 933, 934, 935, 391, 628, 635, 125, 655, 336, 156, 163, 675, 168, 340, 341, 693, 184, 394, 716, 205, 720, 725, 375, 222, 735, 229, 746, 396, 253, 356, 258, 771, 775, 265, 276, 793, 796, 797, 287, 363, 811, 365, 817, 366, 818, 820, 367, 313, 825, 317, 370, 838, 841, 844, 846, 848, 849, 850, 851, 852, 853, 854, 855, 856, 857, 858, 859, 860, 861, 862, 863, 864, 865, 866, 867, 868, 869, 870, 871, 872, 873, 874, 875, 876, 877, 878, 879, 880, 881, 882, 883, 884, 885, 886, 887, 888, 889, 890, 891, 892, 893, 894, 895, 896, 897, 898, 899, 900, 901, 902, 903, 904, 905, 906, 907, 908, 909, 398, 399, 400, 401, 402, 403, 404, 405, 406, 407, 408, 409, 410, 411, 412, 413, 414, 415, 416, 417, 418, 419, 420, 421, 422, 423, 424, 425, 426, 427, 428, 429, 430, 431, 432, 433, 434, 435, 436, 437, 438, 439, 440, 441, 442, 443, 444, 445, 446, 447, 448, 449, 450, 451, 452, 453, 454, 455, 456, 457, 458, 459, 460, 461, 462, 463, 464, 465, 466, 467, 468, 469, 470, 471, 472, 473, 474, 475, 476, 477, 478, 479, 480, 481, 482, 483, 484, 910, 911, 912, 913, 501, 914, 915]",False,[],"[398, 399, 400, 401, 402, 403, 404, 405, 406, 407, 408, 409, 410, 411, 412, 413, 414, 415, 416, 417, 418, 419, 420, 421, 422, 423, 424, 425, 426, 427, 428, 429, 430, 431, 432, 433, 434, 435, 436, 437, 438, 439, 440, 441, 442, 443, 444, 445, 446, 447, 448, 449, 450, 451, 452, 453, 454, 455, 456, 457, 458, 459, 460, 461, 462, 463, 464, 465, 466, 467, 468, 469, 470, 471, 472, 473, 474, 475, 476, 477, 478, 479, 480, 481, 482, 483, 484, 848, 849, 850, 851, 852, 853, 854, 855, 856, 857, 858, 859, 860, 861, 862, 863, 864, 865, 866, 867, 868, 869, 870, 871, 872, 873, 874, 875, 876, 877, 878, 879, 880, 881, 882, 883, 884, 885, 886, 887, 888, 889, 890, 891, 892, 893, 894, 895, 896, 897, 898, 899, 900, 901, 902, 903, 904, 905, 906, 907, 908, 909, 910, 911, 912, 913, 914, 915, 916, 917, 918, 919, 920, 921, 922, 923, 924, 925, 926, 927, 928, 929, 930, 931, 932, 933, 934, 935]",[],"[276, 287, 735, 746]","[16, 125, 156, 163, 168, 184, 205, 222, 229, 253, 258, 265, 313, 317, 336, 340, 341, 356, 363, 365, 366, 367, 370, 375, 388, 391, 394, 396, 402, 410, 411, 412, 413, 415, 416, 417, 418, 419, 425, 429, 431, 433, 435, 437, 440, 441, 442, 443, 451, 452, 456, 457, 458, 460, 461, 464, 471, 473, 474, 475, 481, 482, 501, 596, 628, 635, 655, 675, 693, 716, 720, 725, 771, 775, 793, 796, 797, 811, 817, 818, 820, 825, 838, 841, 844, 846, 851, 857, 861, 862, 863, 864, 866, 867, 868, 870, 871, 877, 881, 883, 885, 888, 891, 892, 893, 898, 899, 904, 905, 907, 908, 911, 918, 920, 921, 922, 923, 924, 926, 931, 933]",[],[],2/6 successful match,False,,False,148,True,2007,0.0,True,Freeway Chevron,Chevron
"Washington , 84780 Freeway Chevron",435-673-3675 I-15 Exit 10,24 S <U+2610><U+2610>,Washington,84780,Freeway Chevron,435-673-3675,2008,Washington,UT,Chevron,,I-15 Exit 10,Exit,10,False,,False,I-15,,,,,[],[],[],"[276, 287, 735, 746]","[398, 399, 400, 401, 402, 403, 404, 405, 406, 407, 408, 409, 410, 411, 412, 413, 414, 415, 416, 417, 418, 419, 420, 421, 422, 423, 424, 425, 426, 427, 428, 429, 430, 431, 432, 433, 434, 435, 436, 437, 438, 439, 440, 441, 442, 443, 444, 445, 446, 447, 448, 449, 450, 451, 452, 453, 454, 455, 456, 457, 458, 459, 460, 461, 462, 463, 464, 465, 466, 467, 468, 469, 470, 471, 472, 473, 474, 475, 476, 477, 478, 479, 480, 481, 482, 483, 484, 848, 849, 850, 851, 852, 853, 854, 855, 856, 857, 858, 859, 860, 861, 862, 863, 864, 865, 866, 867, 868, 869, 870, 871, 872, 873, 874, 875, 876, 877, 878, 879, 880, 881, 882, 883, 884, 885, 886, 887, 888, 889, 890, 891, 892, 893, 894, 895, 896, 897, 898, 899, 900, 901, 902, 903, 904, 905, 906, 907, 908, 909, 910, 911, 912, 913, 914, 915, 916, 917, 918, 919, 920, 921, 922, 923, 924, 925, 926, 927, 928, 929, 930, 931, 932, 933, 934, 935]","[16, 125, 156, 163, 168, 184, 205, 222, 229, 253, 258, 265, 313, 317, 336, 340, 341, 356, 363, 365, 366, 367, 370, 375, 388, 391, 394, 396, 402, 410, 411, 412, 413, 415, 416, 417, 418, 419, 425, 429, 431, 433, 435, 437, 440, 441, 442, 443, 451, 452, 456, 457, 458, 460, 461, 464, 471, 473, 474, 475, 481, 482, 501, 596, 628, 635, 655, 675, 693, 716, 720, 725, 771, 775, 793, 796, 797, 811, 817, 818, 820, 825, 838, 841, 844, 846, 851, 857, 861, 862, 863, 864, 866, 867, 868, 870, 871, 877, 881, 883, 885, 888, 891, 892, 893, 898, 899, 904, 905, 907, 908, 911, 918, 920, 921, 922, 923, 924, 926, 931, 933]","[12, 24, 25, 28, 88, 100, 104, 119, 123, 129, 136, 137, 139, 140, 141, 148, 155, 169, 172, 179, 183, 185, 188, 196, 198, 217, 237, 267, 270, 278, 319, 321, 324, 325, 330, 334, 335, 354, 366, 369, 380, 383, 384, 386, 395, 407, 411, 423, 428, 436, 437, 452, 453, 456, 467, 471, 477, 478, 479, 497, 508, 511, 559, 571, 575, 590, 594, 600, 607, 608, 610, 611, 612, 619, 627, 640, 643, 650, 654, 656, 659, 667, 669, 685, 701, 726, 729, 737, 777, 779, 782, 783, 787, 790, 791, 809, 817, 819, 830, 833, 834, 836, 845, 856, 857, 860, 862, 875, 880, 887, 888, 899, 900, 914, 918, 921, 928, 929, 930]","[12, 24, 25, 28, 88, 100, 104, 119, 123, 129, 136, 137, 139, 140, 141, 148, 155, 169, 172, 179, 183, 185, 188, 196, 198, 217, 237, 267, 270, 278, 319, 321, 324, 325, 330, 334, 335, 354, 366, 369, 380, 383, 384, 386, 395, 407, 411, 423, 428, 436, 437, 452, 453, 456, 467, 471, 477, 478, 479, 497, 508, 511, 559, 571, 575, 590, 594, 600, 607, 608, 610, 611, 612, 619, 627, 640, 643, 650, 654, 656, 659, 667, 669, 685, 701, 726, 729, 737, 777, 779, 782, 783, 787, 790, 791, 809, 817, 819, 830, 833, 834, 836, 845, 856, 857, 860, 862, 875, 880, 887, 888, 899, 900, 914, 918, 921, 928, 929, 930]","[12, 16, 24, 25, 28, 88, 100, 104, 119, 123, 125, 129, 136, 137, 139, 140, 141, 148, 155, 156, 163, 168, 169, 172, 179, 183, 184, 185, 188, 196, 198, 205, 217, 222, 229, 237, 253, 258, 265, 267, 270, 276, 278, 287, 313, 317, 319, 321, 324, 325, 330, 334, 335, 336, 340, 341, 354, 356, 363, 365, 366, 367, 369, 370, 375, 380, 383, 384, 386, 388, 391, 394, 395, 396, 398, 399, 400, 401, 402, 403, 404, 405, 406, 407, 408, 409, 410, 411, 412, 413, 414, 415, 416, 417, 418, 419, 420, 421, 422, 423, 424, 425, 426, 427, 428, 429, 430, 431, 432, 433, 434, 435, 436, 437, 438, 439, 440, 441, 442, 443, 444, 445, 446, 447, 448, 449, 450, 451, 452, 453, 454, 455, 456, 457, 458, 459, 460, 461, 462, 463, 464, 465, 466, 467, 468, 469, 470, 471, 472, 473, 474, 475, 476, 477, 478, 479, 480, 481, 482, 483, 484, 497, 501, 508, 511, 559, 571, 575, 590, 594, 596, 600, 607, 608, 610, 611, 612, 619, 627, 628, 635, 640, 643, 650, 654, 655, 656, 659, 667, 669, 675, 685, 693, 701, 716, 720, 725, 726, 729, 735, 737, 746, 771, 775, 777, 779, 782, 783, 787, 790, 791, 793, 796, 797, 809, 811, 817, 818, 819, 820, 825, 830, 833, 834, 836, 838, 841, 844, 845, 846, 848, 849, 850, 851, 852, 853, 854, 855, 856, 857, 858, 859, 860, 861, 862, 863, 864, 865, 866, 867, 868, 869, 870, 871, 872, 873, 874, 875, 876, 877, 878, 879, 880, 881, 882, 883, 884, 885, 886, 887, 888, 889, 890, 891, 892, 893, 894, 895, 896, 897, 898, 899, 900, 901, 902, 903, 904, 905, 906, 907, 908, 909, 910, 911, 912, 913, 914, 915, 916, 917, 918, 919, 920, 921, 922, 923, 924, 925, 926, 927, 928, 929, 930, 931, 932, 933, 934, 935]",False,[],"[398, 399, 400, 401, 402, 403, 404, 405, 406, 407, 408, 409, 410, 411, 412, 413, 414, 415, 416, 417, 418, 419, 420, 421, 422, 423, 424, 425, 426, 427, 428, 429, 430, 431, 432, 433, 434, 435, 436, 437, 438, 439, 440, 441, 442, 443, 444, 445, 446, 447, 448, 449, 450, 451, 452, 453, 454, 455, 456, 457, 458, 459, 460, 461, 462, 463, 464, 465, 466, 467, 468, 469, 470, 471, 472, 473, 474, 475, 476, 477, 478, 479, 480, 481, 482, 483, 484, 848, 849, 850, 851, 852, 853, 854, 855, 856, 857, 858, 859, 860, 861, 862, 863, 864, 865, 866, 867, 868, 869, 870, 871, 872, 873, 874, 875, 876, 877, 878, 879, 880, 881, 882, 883, 884, 885, 886, 887, 888, 889, 890, 891, 892, 893, 894, 895, 896, 897, 898, 899, 900, 901, 902, 903, 904, 905, 906, 907, 908, 909, 910, 911, 912, 913, 914, 915, 916, 917, 918, 919, 920, 921, 922, 923, 924, 925, 926, 927, 928, 929, 930, 931, 932, 933, 934, 935]",[],"[276, 287, 735, 746]","[16, 125, 156, 163, 168, 184, 205, 222, 229, 253, 258, 265, 313, 317, 336, 340, 341, 356, 363, 365, 366, 367, 370, 375, 388, 391, 394, 396, 402, 410, 411, 412, 413, 415, 416, 417, 418, 419, 425, 429, 431, 433, 435, 437, 440, 441, 442, 443, 451, 452, 456, 457, 458, 460, 461, 464, 471, 473, 474, 475, 481, 482, 501, 596, 628, 635, 655, 675, 693, 716, 720, 725, 771, 775, 793, 796, 797, 811, 817, 818, 820, 825, 838, 841, 844, 846, 851, 857, 861, 862, 863, 864, 866, 867, 868, 870, 871, 877, 881, 883, 885, 888, 891, 892, 893, 898, 899, 904, 905, 907, 908, 911, 918, 920, 921, 922, 923, 924, 926, 931, 933]","[12, 24, 25, 28, 88, 100, 104, 119, 123, 129, 136, 137, 139, 140, 141, 148, 155, 169, 172, 179, 183, 185, 188, 196, 198, 217, 237, 267, 270, 278, 319, 321, 324, 325, 330, 334, 335, 354, 366, 369, 380, 383, 384, 386, 395, 407, 411, 423, 428, 436, 437, 452, 453, 456, 467, 471, 477, 478, 479, 497, 508, 511, 559, 571, 575, 590, 594, 600, 607, 608, 610, 611, 612, 619, 627, 640, 643, 650, 654, 656, 659, 667, 669, 685, 701, 726, 729, 737, 777, 779, 782, 783, 787, 790, 791, 809, 817, 819, 830, 833, 834, 836, 845, 856, 857, 860, 862, 875, 880, 887, 888, 899, 900, 914, 918, 921, 928, 929, 930]","[12, 24, 25, 28, 88, 100, 104, 119, 123, 129, 136, 137, 139, 140, 141, 148, 155, 169, 172, 179, 183, 185, 188, 196, 198, 217, 237, 267, 270, 278, 319, 321, 324, 325, 330, 334, 335, 354, 366, 369, 380, 383, 384, 386, 395, 407, 411, 423, 428, 436, 437, 452, 453, 456, 467, 471, 477, 478, 479, 497, 508, 511, 559, 571, 575, 590, 594, 600, 607, 608, 610, 611, 612, 619, 627, 640, 643, 650, 654, 656, 659, 667, 669, 685, 701, 726, 729, 737, 777, 779, 782, 783, 787, 790, 791, 809, 817, 819, 830, 833, 834, 836, 845, 856, 857, 860, 862, 875, 880, 887, 888, 899, 900, 914, 918, 921, 928, 929, 930]",2/6 successful match,False,,False,148,True,2008,0.0,True,,
Washington ( 84780 ) Freeway Chevron,435-673-3675 I-15 Exit 10,24 S,Washington,84780,Freeway Chevron,435-673-3675,2014,Washington,UT,Chevron,,I-15 Exit 10,Exit,10,False,,False,I-15,,,,,[],[],[],"[276, 287, 735, 746]","[398, 399, 400, 401, 402, 403, 404, 405, 406, 407, 408, 409, 410, 411, 412, 413, 414, 415, 416, 417, 418, 419, 420, 421, 422, 423, 424, 425, 426, 427, 428, 429, 430, 431, 432, 433, 434, 435, 436, 437, 438, 439, 440, 441, 442, 443, 444, 445, 446, 447, 448, 449, 450, 451, 452, 453, 454, 455, 456, 457, 458, 459, 460, 461, 462, 463, 464, 465, 466, 467, 468, 469, 470, 471, 472, 473, 474, 475, 476, 477, 478, 479, 480, 481, 482, 483, 484, 848, 849, 850, 851, 852, 853, 854, 855, 856, 857, 858, 859, 860, 861, 862, 863, 864, 865, 866, 867, 868, 869, 870, 871, 872, 873, 874, 875, 876, 877, 878, 879, 880, 881, 882, 883, 884, 885, 886, 887, 888, 889, 890, 891, 892, 893, 894, 895, 896, 897, 898, 899, 900, 901, 902, 903, 904, 905, 906, 907, 908, 909, 910, 911, 912, 913, 914, 915, 916, 917, 918, 919, 920, 921, 922, 923, 924, 925, 926, 927, 928, 929, 930, 931, 932, 933, 934, 935]","[16, 125, 156, 163, 168, 184, 205, 222, 229, 253, 258, 265, 313, 317, 336, 340, 341, 356, 363, 365, 366, 367, 370, 375, 388, 391, 394, 396, 402, 410, 411, 412, 413, 415, 416, 417, 418, 419, 425, 429, 431, 433, 435, 437, 440, 441, 442, 443, 451, 452, 456, 457, 458, 460, 461, 464, 471, 473, 474, 475, 481, 482, 501, 596, 628, 635, 655, 675, 693, 716, 720, 725, 771, 775, 793, 796, 797, 811, 817, 818, 820, 825, 838, 841, 844, 846, 851, 857, 861, 862, 863, 864, 866, 867, 868, 870, 871, 877, 881, 883, 885, 888, 891, 892, 893, 898, 899, 904, 905, 907, 908, 911, 918, 920, 921, 922, 923, 924, 926, 931, 933]","[12, 24, 25, 28, 88, 100, 104, 119, 123, 129, 136, 137, 139, 140, 141, 148, 155, 169, 172, 179, 183, 185, 188, 196, 198, 217, 237, 267, 270, 278, 319, 321, 324, 325, 330, 334, 335, 354, 366, 369, 380, 383, 384, 386, 395, 407, 411, 423, 428, 436, 437, 452, 453, 456, 467, 471, 477, 478, 479, 497, 508, 511, 559, 571, 575, 590, 594, 600, 607, 608, 610, 611, 612, 619, 627, 640, 643, 650, 654, 656, 659, 667, 669, 685, 701, 726, 729, 737, 777, 779, 782, 783, 787, 790, 791, 809, 817, 819, 830, 833, 834, 836, 845, 856, 857, 860, 862, 875, 880, 887, 888, 899, 900, 914, 918, 921, 928, 929, 930]","[12, 24, 25, 28, 88, 100, 104, 119, 123, 129, 136, 137, 139, 140, 141, 148, 155, 169, 172, 179, 183, 185, 188, 196, 198, 217, 237, 267, 270, 278, 319, 321, 324, 325, 330, 334, 335, 354, 366, 369, 380, 383, 384, 386, 395, 407, 411, 423, 428, 436, 437, 452, 453, 456, 467, 471, 477, 478, 479, 497, 508, 511, 559, 571, 575, 590, 594, 600, 607, 608, 610, 611, 612, 619, 627, 640, 643, 650, 654, 656, 659, 667, 669, 685, 701, 726, 729, 737, 777, 779, 782, 783, 787, 790, 791, 809, 817, 819, 830, 833, 834, 836, 845, 856, 857, 860, 862, 875, 880, 887, 888, 899, 900, 914, 918, 921, 928, 929, 930]","[12, 16, 24, 25, 28, 88, 100, 104, 119, 123, 125, 129, 136, 137, 139, 140, 141, 148, 155, 156, 163, 168, 169, 172, 179, 183, 184, 185, 188, 196, 198, 205, 217, 222, 229, 237, 253, 258, 265, 267, 270, 276, 278, 287, 313, 317, 319, 321, 324, 325, 330, 334, 335, 336, 340, 341, 354, 356, 363, 365, 366, 367, 369, 370, 375, 380, 383, 384, 386, 388, 391, 394, 395, 396, 398, 399, 400, 401, 402, 403, 404, 405, 406, 407, 408, 409, 410, 411, 412, 413, 414, 415, 416, 417, 418, 419, 420, 421, 422, 423, 424, 425, 426, 427, 428, 429, 430, 431, 432, 433, 434, 435, 436, 437, 438, 439, 440, 441, 442, 443, 444, 445, 446, 447, 448, 449, 450, 451, 452, 453, 454, 455, 456, 457, 458, 459, 460, 461, 462, 463, 464, 465, 466, 467, 468, 469, 470, 471, 472, 473, 474, 475, 476, 477, 478, 479, 480, 481, 482, 483, 484, 497, 501, 508, 511, 559, 571, 575, 590, 594, 596, 600, 607, 608, 610, 611, 612, 619, 627, 628, 635, 640, 643, 650, 654, 655, 656, 659, 667, 669, 675, 685, 693, 701, 716, 720, 725, 726, 729, 735, 737, 746, 771, 775, 777, 779, 782, 783, 787, 790, 791, 793, 796, 797, 809, 811, 817, 818, 819, 820, 825, 830, 833, 834, 836, 838, 841, 844, 845, 846, 848, 849, 850, 851, 852, 853, 854, 855, 856, 857, 858, 859, 860, 861, 862, 863, 864, 865, 866, 867, 868, 869, 870, 871, 872, 873, 874, 875, 876, 877, 878, 879, 880, 881, 882, 883, 884, 885, 886, 887, 888, 889, 890, 891, 892, 893, 894, 895, 896, 897, 898, 899, 900, 901, 902, 903, 904, 905, 906, 907, 908, 909, 910, 911, 912, 913, 914, 915, 916, 917, 918, 919, 920, 921, 922, 923, 924, 925, 926, 927, 928, 929, 930, 931, 932, 933, 934, 935]",False,[],"[398, 399, 400, 401, 402, 403, 404, 405, 406, 407, 408, 409, 410, 411, 412, 413, 414, 415, 416, 417, 418, 419, 420, 421, 422, 423, 424, 425, 426, 427, 428, 429, 430, 431, 432, 433, 434, 435, 436, 437, 438, 439, 440, 441, 442, 443, 444, 445, 446, 447, 448, 449, 450, 451, 452, 453, 454, 455, 456, 457, 458, 459, 460, 461, 462, 463, 464, 465, 466, 467, 468, 469, 470, 471, 472, 473, 474, 475, 476, 477, 478, 479, 480, 481, 482, 483, 484, 848, 849, 850, 851, 852, 853, 854, 855, 856, 857, 858, 859, 860, 861, 862, 863, 864, 865, 866, 867, 868, 869, 870, 871, 872, 873, 874, 875, 876, 877, 878, 879, 880, 881, 882, 883, 884, 885, 886, 887, 888, 889, 890, 891, 892, 893, 894, 895, 896, 897, 898, 899, 900, 901, 902, 903, 904, 905, 906, 907, 908, 909, 910, 911, 912, 913, 914, 915, 916, 917, 918, 919, 920, 921, 922, 923, 924, 925, 926, 927, 928, 929, 930, 931, 932, 933, 934, 935]",[],"[276, 287, 735, 746]","[16, 125, 156, 163, 168, 184, 205, 222, 229, 253, 258, 265, 313, 317, 336, 340, 341, 356, 363, 365, 366, 367, 370, 375, 388, 391, 394, 396, 402, 410, 411, 412, 413, 415, 416, 417, 418, 419, 425, 429, 431, 433, 435, 437, 440, 441, 442, 443, 451, 452, 456, 457, 458, 460, 461, 464, 471, 473, 474, 475, 481, 482, 501, 596, 628, 635, 655, 675, 693, 716, 720, 725, 771, 775, 793, 796, 797, 811, 817, 818, 820, 825, 838, 841, 844, 846, 851, 857, 861, 862, 863, 864, 866, 867, 868, 870, 871, 877, 881, 883, 885, 888, 891, 892, 893, 898, 899, 904, 905, 907, 908, 911, 918, 920, 921, 922, 923, 924, 926, 931, 933]","[12, 24, 25, 28, 88, 100, 104, 119, 123, 129, 136, 137, 139, 140, 141, 148, 155, 169, 172, 179, 183, 185, 188, 196, 198, 217, 237, 267, 270, 278, 319, 321, 324, 325, 330, 334, 335, 354, 366, 369, 380, 383, 384, 386, 395, 407, 411, 423, 428, 436, 437, 452, 453, 456, 467, 471, 477, 478, 479, 497, 508, 511, 559, 571, 575, 590, 594, 600, 607, 608, 610, 611, 612, 619, 627, 640, 643, 650, 654, 656, 659, 667, 669, 685, 701, 726, 729, 737, 777, 779, 782, 783, 787, 790, 791, 809, 817, 819, 830, 833, 834, 836, 845, 856, 857, 860, 862, 875, 880, 887, 888, 899, 900, 914, 918, 921, 928, 929, 930]","[12, 24, 25, 28, 88, 100, 104, 119, 123, 129, 136, 137, 139, 140, 141, 148, 155, 169, 172, 179, 183, 185, 188, 196, 198, 217, 237, 267, 270, 278, 319, 321, 324, 325, 330, 334, 335, 354, 366, 369, 380, 383, 384, 386, 395, 407, 411, 423, 428, 436, 437, 452, 453, 456, 467, 471, 477, 478, 479, 497, 508, 511, 559, 571, 575, 590, 594, 600, 607, 608, 610, 611, 612, 619, 627, 640, 643, 650, 654, 656, 659, 667, 669, 685, 701, 726, 729, 737, 777, 779, 782, 783, 787, 790, 791, 809, 817, 819, 830, 833, 834, 836, 845, 856, 857, 860, 862, 875, 880, 887, 888, 899, 900, 914, 918, 921, 928, 929, 930]",2/6 successful match,False,,False,148,False,,1.0,True,Freeway Chevron,Chevron
Washington ( 84780 ) Freeway Chevron,435-673-3675 I-15 Exit 10,24 S <U+25A1>,Washington,84780,Freeway Chevron,435-673-3675,2015,Washington,UT,Chevron,,I-15 Exit 10,Exit,10,False,,False,I-15,,,,,[],[],[],"[276, 287, 735, 746]","[398, 399, 400, 401, 402, 403, 404, 405, 406, 407, 408, 409, 410, 411, 412, 413, 414, 415, 416, 417, 418, 419, 420, 421, 422, 423, 424, 425, 426, 427, 428, 429, 430, 431, 432, 433, 434, 435, 436, 437, 438, 439, 440, 441, 442, 443, 444, 445, 446, 447, 448, 449, 450, 451, 452, 453, 454, 455, 456, 457, 458, 459, 460, 461, 462, 463, 464, 465, 466, 467, 468, 469, 470, 471, 472, 473, 474, 475, 476, 477, 478, 479, 480, 481, 482, 483, 484, 848, 849, 850, 851, 852, 853, 854, 855, 856, 857, 858, 859, 860, 861, 862, 863, 864, 865, 866, 867, 868, 869, 870, 871, 872, 873, 874, 875, 876, 877, 878, 879, 880, 881, 882, 883, 884, 885, 886, 887, 888, 889, 890, 891, 892, 893, 894, 895, 896, 897, 898, 899, 900, 901, 902, 903, 904, 905, 906, 907, 908, 909, 910, 911, 912, 913, 914, 915, 916, 917, 918, 919, 920, 921, 922, 923, 924, 925, 926, 927, 928, 929, 930, 931, 932, 933, 934, 935]","[16, 125, 156, 163, 168, 184, 205, 222, 229, 253, 258, 265, 313, 317, 336, 340, 341, 356, 363, 365, 366, 367, 370, 375, 388, 391, 394, 396, 402, 410, 411, 412, 413, 415, 416, 417, 418, 419, 425, 429, 431, 433, 435, 437, 440, 441, 442, 443, 451, 452, 456, 457, 458, 460, 461, 464, 471, 473, 474, 475, 481, 482, 501, 596, 628, 635, 655, 675, 693, 716, 720, 725, 771, 775, 793, 796, 797, 811, 817, 818, 820, 825, 838, 841, 844, 846, 851, 857, 861, 862, 863, 864, 866, 867, 868, 870, 871, 877, 881, 883, 885, 888, 891, 892, 893, 898, 899, 904, 905, 907, 908, 911, 918, 920, 921, 922, 923, 924, 926, 931, 933]","[12, 24, 25, 28, 88, 100, 104, 119, 123, 129, 136, 137, 139, 140, 141, 148, 155, 169, 172, 179, 183, 185, 188, 196, 198, 217, 237, 267, 270, 278, 319, 321, 324, 325, 330, 334, 335, 354, 366, 369, 380, 383, 384, 386, 395, 407, 411, 423, 428, 436, 437, 452, 453, 456, 467, 471, 477, 478, 479, 497, 508, 511, 559, 571, 575, 590, 594, 600, 607, 608, 610, 611, 612, 619, 627, 640, 643, 650, 654, 656, 659, 667, 669, 685, 701, 726, 729, 737, 777, 779, 782, 783, 787, 790, 791, 809, 817, 819, 830, 833, 834, 836, 845, 856, 857, 860, 862, 875, 880, 887, 888, 899, 900, 914, 918, 921, 928, 929, 930]","[12, 24, 25, 28, 88, 100, 104, 119, 123, 129, 136, 137, 139, 140, 141, 148, 155, 169, 172, 179, 183, 185, 188, 196, 198, 217, 237, 267, 270, 278, 319, 321, 324, 325, 330, 334, 335, 354, 366, 369, 380, 383, 384, 386, 395, 407, 411, 423, 428, 436, 437, 452, 453, 456, 467, 471, 477, 478, 479, 497, 508, 511, 559, 571, 575, 590, 594, 600, 607, 608, 610, 611, 612, 619, 627, 640, 643, 650, 654, 656, 659, 667, 669, 685, 701, 726, 729, 737, 777, 779, 782, 783, 787, 790, 791, 809, 817, 819, 830, 833, 834, 836, 845, 856, 857, 860, 862, 875, 880, 887, 888, 899, 900, 914, 918, 921, 928, 929, 930]","[12, 16, 24, 25, 28, 88, 100, 104, 119, 123, 125, 129, 136, 137, 139, 140, 141, 148, 155, 156, 163, 168, 169, 172, 179, 183, 184, 185, 188, 196, 198, 205, 217, 222, 229, 237, 253, 258, 265, 267, 270, 276, 278, 287, 313, 317, 319, 321, 324, 325, 330, 334, 335, 336, 340, 341, 354, 356, 363, 365, 366, 367, 369, 370, 375, 380, 383, 384, 386, 388, 391, 394, 395, 396, 398, 399, 400, 401, 402, 403, 404, 405, 406, 407, 408, 409, 410, 411, 412, 413, 414, 415, 416, 417, 418, 419, 420, 421, 422, 423, 424, 425, 426, 427, 428, 429, 430, 431, 432, 433, 434, 435, 436, 437, 438, 439, 440, 441, 442, 443, 444, 445, 446, 447, 448, 449, 450, 451, 452, 453, 454, 455, 456, 457, 458, 459, 460, 461, 462, 463, 464, 465, 466, 467, 468, 469, 470, 471, 472, 473, 474, 475, 476, 477, 478, 479, 480, 481, 482, 483, 484, 497, 501, 508, 511, 559, 571, 575, 590, 594, 596, 600, 607, 608, 610, 611, 612, 619, 627, 628, 635, 640, 643, 650, 654, 655, 656, 659, 667, 669, 675, 685, 693, 701, 716, 720, 725, 726, 729, 735, 737, 746, 771, 775, 777, 779, 782, 783, 787, 790, 791, 793, 796, 797, 809, 811, 817, 818, 819, 820, 825, 830, 833, 834, 836, 838, 841, 844, 845, 846, 848, 849, 850, 851, 852, 853, 854, 855, 856, 857, 858, 859, 860, 861, 862, 863, 864, 865, 866, 867, 868, 869, 870, 871, 872, 873, 874, 875, 876, 877, 878, 879, 880, 881, 882, 883, 884, 885, 886, 887, 888, 889, 890, 891, 892, 893, 894, 895, 896, 897, 898, 899, 900, 901, 902, 903, 904, 905, 906, 907, 908, 909, 910, 911, 912, 913, 914, 915, 916, 917, 918, 919, 920, 921, 922, 923, 924, 925, 926, 927, 928, 929, 930, 931, 932, 933, 934, 935]",False,[],"[398, 399, 400, 401, 402, 403, 404, 405, 406, 407, 408, 409, 410, 411, 412, 413, 414, 415, 416, 417, 418, 419, 420, 421, 422, 423, 424, 425, 426, 427, 428, 429, 430, 431, 432, 433, 434, 435, 436, 437, 438, 439, 440, 441, 442, 443, 444, 445, 446, 447, 448, 449, 450, 451, 452, 453, 454, 455, 456, 457, 458, 459, 460, 461, 462, 463, 464, 465, 466, 467, 468, 469, 470, 471, 472, 473, 474, 475, 476, 477, 478, 479, 480, 481, 482, 483, 484, 848, 849, 850, 851, 852, 853, 854, 855, 856, 857, 858, 859, 860, 861, 862, 863, 864, 865, 866, 867, 868, 869, 870, 871, 872, 873, 874, 875, 876, 877, 878, 879, 880, 881, 882, 883, 884, 885, 886, 887, 888, 889, 890, 891, 892, 893, 894, 895, 896, 897, 898, 899, 900, 901, 902, 903, 904, 905, 906, 907, 908, 909, 910, 911, 912, 913, 914, 915, 916, 917, 918, 919, 920, 921, 922, 923, 924, 925, 926, 927, 928, 929, 930, 931, 932, 933, 934, 935]",[],"[276, 287, 735, 746]","[16, 125, 156, 163, 168, 184, 205, 222, 229, 253, 258, 265, 313, 317, 336, 340, 341, 356, 363, 365, 366, 367, 370, 375, 388, 391, 394, 396, 402, 410, 411, 412, 413, 415, 416, 417, 418, 419, 425, 429, 431, 433, 435, 437, 440, 441, 442, 443, 451, 452, 456, 457, 458, 460, 461, 464, 471, 473, 474, 475, 481, 482, 501, 596, 628, 635, 655, 675, 693, 716, 720, 725, 771, 775, 793, 796, 797, 811, 817, 818, 820, 825, 838, 841, 844, 846, 851, 857, 861, 862, 863, 864, 866, 867, 868, 870, 871, 877, 881, 883, 885, 888, 891, 892, 893, 898, 899, 904, 905, 907, 908, 911, 918, 920, 921, 922, 923, 924, 926, 931, 933]","[12, 24, 25, 28, 88, 100, 104, 119, 123, 129, 136, 137, 139, 140, 141, 148, 155, 169, 172, 179, 183, 185, 188, 196, 198, 217, 237, 267, 270, 278, 319, 321, 324, 325, 330, 334, 335, 354, 366, 369, 380, 383, 384, 386, 395, 407, 411, 423, 428, 436, 437, 452, 453, 456, 467, 471, 477, 478, 479, 497, 508, 511, 559, 571, 575, 590, 594, 600, 607, 608, 610, 611, 612, 619, 627, 640, 643, 650, 654, 656, 659, 667, 669, 685, 701, 726, 729, 737, 777, 779, 782, 783, 787, 790, 791, 809, 817, 819, 830, 833, 834, 836, 845, 856, 857, 860, 862, 875, 880, 887, 888, 899, 900, 914, 918, 921, 928, 929, 930]","[12, 24, 25, 28, 88, 100, 104, 119, 123, 129, 136, 137, 139, 140, 141, 148, 155, 169, 172, 179, 183, 185, 188, 196, 198, 217, 237, 267, 270, 278, 319, 321, 324, 325, 330, 334, 335, 354, 366, 369, 380, 383, 384, 386, 395, 407, 411, 423, 428, 436, 437, 452, 453, 456, 467, 471, 477, 478, 479, 497, 508, 511, 559, 571, 575, 590, 594, 600, 607, 608, 610, 611, 612, 619, 627, 640, 643, 650, 654, 656, 659, 667, 669, 685, 701, 726, 729, 737, 777, 779, 782, 783, 787, 790, 791, 809, 817, 819, 830, 833, 834, 836, 845, 856, 857, 860, 862, 875, 880, 887, 888, 899, 900, 914, 918, 921, 928, 929, 930]",2/6 successful match,False,,False,148,False,,1.0,True,Freeway Chevron,Chevron
Washington ( 84780 ) Freeway Chevron,435-673-3675 I-15 Exit 10,24 S <U+25A1>,Washington,84780,Freeway Chevron,435-673-3675,2016,Washington,UT,Chevron,,I-15 Exit 10,Exit,10,False,,False,I-15,,,,,[],[],[],"[276, 287, 735, 746]","[398, 399, 400, 401, 402, 403, 404, 405, 406, 407, 408, 409, 410, 411, 412, 413, 414, 415, 416, 417, 418, 419, 420, 421, 422, 423, 424, 425, 426, 427, 428, 429, 430, 431, 432, 433, 434, 435, 436, 437, 438, 439, 440, 441, 442, 443, 444, 445, 446, 447, 448, 449, 450, 451, 452, 453, 454, 455, 456, 457, 458, 459, 460, 461, 462, 463, 464, 465, 466, 467, 468, 469, 470, 471, 472, 473, 474, 475, 476, 477, 478, 479, 480, 481, 482, 483, 484, 848, 849, 850, 851, 852, 853, 854, 855, 856, 857, 858, 859, 860, 861, 862, 863, 864, 865, 866, 867, 868, 869, 870, 871, 872, 873, 874, 875, 876, 877, 878, 879, 880, 881, 882, 883, 884, 885, 886, 887, 888, 889, 890, 891, 892, 893, 894, 895, 896, 897, 898, 899, 900, 901, 902, 903, 904, 905, 906, 907, 908, 909, 910, 911, 912, 913, 914, 915, 916, 917, 918, 919, 920, 921, 922, 923, 924, 925, 926, 927, 928, 929, 930, 931, 932, 933, 934, 935]","[16, 125, 156, 163, 168, 184, 205, 222, 229, 253, 258, 265, 313, 317, 336, 340, 341, 356, 363, 365, 366, 367, 370, 375, 388, 391, 394, 396, 402, 410, 411, 412, 413, 415, 416, 417, 418, 419, 425, 429, 431, 433, 435, 437, 440, 441, 442, 443, 451, 452, 456, 457, 458, 460, 461, 464, 471, 473, 474, 475, 481, 482, 501, 596, 628, 635, 655, 675, 693, 716, 720, 725, 771, 775, 793, 796, 797, 811, 817, 818, 820, 825, 838, 841, 844, 846, 851, 857, 861, 862, 863, 864, 866, 867, 868, 870, 871, 877, 881, 883, 885, 888, 891, 892, 893, 898, 899, 904, 905, 907, 908, 911, 918, 920, 921, 922, 923, 924, 926, 931, 933]","[12, 24, 25, 28, 88, 100, 104, 119, 123, 129, 136, 137, 139, 140, 141, 148, 155, 169, 172, 179, 183, 185, 188, 196, 198, 217, 237, 267, 270, 278, 319, 321, 324, 325, 330, 334, 335, 354, 366, 369, 380, 383, 384, 386, 395, 407, 411, 423, 428, 436, 437, 452, 453, 456, 467, 471, 477, 478, 479, 497, 508, 511, 559, 571, 575, 590, 594, 600, 607, 608, 610, 611, 612, 619, 627, 640, 643, 650, 654, 656, 659, 667, 669, 685, 701, 726, 729, 737, 777, 779, 782, 783, 787, 790, 791, 809, 817, 819, 830, 833, 834, 836, 845, 856, 857, 860, 862, 875, 880, 887, 888, 899, 900, 914, 918, 921, 928, 929, 930]","[12, 24, 25, 28, 88, 100, 104, 119, 123, 129, 136, 137, 139, 140, 141, 148, 155, 169, 172, 179, 183, 185, 188, 196, 198, 217, 237, 267, 270, 278, 319, 321, 324, 325, 330, 334, 335, 354, 366, 369, 380, 383, 384, 386, 395, 407, 411, 423, 428, 436, 437, 452, 453, 456, 467, 471, 477, 478, 479, 497, 508, 511, 559, 571, 575, 590, 594, 600, 607, 608, 610, 611, 612, 619, 627, 640, 643, 650, 654, 656, 659, 667, 669, 685, 701, 726, 729, 737, 777, 779, 782, 783, 787, 790, 791, 809, 817, 819, 830, 833, 834, 836, 845, 856, 857, 860, 862, 875, 880, 887, 888, 899, 900, 914, 918, 921, 928, 929, 930]","[12, 16, 24, 25, 28, 88, 100, 104, 119, 123, 125, 129, 136, 137, 139, 140, 141, 148, 155, 156, 163, 168, 169, 172, 179, 183, 184, 185, 188, 196, 198, 205, 217, 222, 229, 237, 253, 258, 265, 267, 270, 276, 278, 287, 313, 317, 319, 321, 324, 325, 330, 334, 335, 336, 340, 341, 354, 356, 363, 365, 366, 367, 369, 370, 375, 380, 383, 384, 386, 388, 391, 394, 395, 396, 398, 399, 400, 401, 402, 403, 404, 405, 406, 407, 408, 409, 410, 411, 412, 413, 414, 415, 416, 417, 418, 419, 420, 421, 422, 423, 424, 425, 426, 427, 428, 429, 430, 431, 432, 433, 434, 435, 436, 437, 438, 439, 440, 441, 442, 443, 444, 445, 446, 447, 448, 449, 450, 451, 452, 453, 454, 455, 456, 457, 458, 459, 460, 461, 462, 463, 464, 465, 466, 467, 468, 469, 470, 471, 472, 473, 474, 475, 476, 477, 478, 479, 480, 481, 482, 483, 484, 497, 501, 508, 511, 559, 571, 575, 590, 594, 596, 600, 607, 608, 610, 611, 612, 619, 627, 628, 635, 640, 643, 650, 654, 655, 656, 659, 667, 669, 675, 685, 693, 701, 716, 720, 725, 726, 729, 735, 737, 746, 771, 775, 777, 779, 782, 783, 787, 790, 791, 793, 796, 797, 809, 811, 817, 818, 819, 820, 825, 830, 833, 834, 836, 838, 841, 844, 845, 846, 848, 849, 850, 851, 852, 853, 854, 855, 856, 857, 858, 859, 860, 861, 862, 863, 864, 865, 866, 867, 868, 869, 870, 871, 872, 873, 874, 875, 876, 877, 878, 879, 880, 881, 882, 883, 884, 885, 886, 887, 888, 889, 890, 891, 892, 893, 894, 895, 896, 897, 898, 899, 900, 901, 902, 903, 904, 905, 906, 907, 908, 909, 910, 911, 912, 913, 914, 915, 916, 917, 918, 919, 920, 921, 922, 923, 924, 925, 926, 927, 928, 929, 930, 931, 932, 933, 934, 935]",False,[],"[398, 399, 400, 401, 402, 403, 404, 405, 406, 407, 408, 409, 410, 411, 412, 413, 414, 415, 416, 417, 418, 419, 420, 421, 422, 423, 424, 425, 426, 427, 428, 429, 430, 431, 432, 433, 434, 435, 436, 437, 438, 439, 440, 441, 442, 443, 444, 445, 446, 447, 448, 449, 450, 451, 452, 453, 454, 455, 456, 457, 458, 459, 460, 461, 462, 463, 464, 465, 466, 467, 468, 469, 470, 471, 472, 473, 474, 475, 476, 477, 478, 479, 480, 481, 482, 483, 484, 848, 849, 850, 851, 852, 853, 854, 855, 856, 857, 858, 859, 860, 861, 862, 863, 864, 865, 866, 867, 868, 869, 870, 871, 872, 873, 874, 875, 876, 877, 878, 879, 880, 881, 882, 883, 884, 885, 886, 887, 888, 889, 890, 891, 892, 893, 894, 895, 896, 897, 898, 899, 900, 901, 902, 903, 904, 905, 906, 907, 908, 909, 910, 911, 912, 913, 914, 915, 916, 917, 918, 919, 920, 921, 922, 923, 924, 925, 926, 927, 928, 929, 930, 931, 932, 933, 934, 935]",[],"[276, 287, 735, 746]","[16, 125, 156, 163, 168, 184, 205, 222, 229, 253, 258, 265, 313, 317, 336, 340, 341, 356, 363, 365, 366, 367, 370, 375, 388, 391, 394, 396, 402, 410, 411, 412, 413, 415, 416, 417, 418, 419, 425, 429, 431, 433, 435, 437, 440, 441, 442, 443, 451, 452, 456, 457, 458, 460, 461, 464, 471, 473, 474, 475, 481, 482, 501, 596, 628, 635, 655, 675, 693, 716, 720, 725, 771, 775, 793, 796, 797, 811, 817, 818, 820, 825, 838, 841, 844, 846, 851, 857, 861, 862, 863, 864, 866, 867, 868, 870, 871, 877, 881, 883, 885, 888, 891, 892, 893, 898, 899, 904, 905, 907, 908, 911, 918, 920, 921, 922, 923, 924, 926, 931, 933]","[12, 24, 25, 28, 88, 100, 104, 119, 123, 129, 136, 137, 139, 140, 141, 148, 155, 169, 172, 179, 183, 185, 188, 196, 198, 217, 237, 267, 270, 278, 319, 321, 324, 325, 330, 334, 335, 354, 366, 369, 380, 383, 384, 386, 395, 407, 411, 423, 428, 436, 437, 452, 453, 456, 467, 471, 477, 478, 479, 497, 508, 511, 559, 571, 575, 590, 594, 600, 607, 608, 610, 611, 612, 619, 627, 640, 643, 650, 654, 656, 659, 667, 669, 685, 701, 726, 729, 737, 777, 779, 782, 783, 787, 790, 791, 809, 817, 819, 830, 833, 834, 836, 845, 856, 857, 860, 862, 875, 880, 887, 888, 899, 900, 914, 918, 921, 928, 929, 930]","[12, 24, 25, 28, 88, 100, 104, 119, 123, 129, 136, 137, 139, 140, 141, 148, 155, 169, 172, 179, 183, 185, 188, 196, 198, 217, 237, 267, 270, 278, 319, 321, 324, 325, 330, 334, 335, 354, 366, 369, 380, 383, 384, 386, 395, 407, 411, 423, 428, 436, 437, 452, 453, 456, 467, 471, 477, 478, 479, 497, 508, 511, 559, 571, 575, 590, 594, 600, 607, 608, 610, 611, 612, 619, 627, 640, 643, 650, 654, 656, 659, 667, 669, 685, 701, 726, 729, 737, 777, 779, 782, 783, 787, 790, 791, 809, 817, 819, 830, 833, 834, 836, 845, 856, 857, 860, 862, 875, 880, 887, 888, 899, 900, 914, 918, 921, 928, 929, 930]",2/6 successful match,False,,False,148,False,,1.0,True,Freeway Chevron,Chevron
"Saint George , 84790 Flying J Fuel Stop # 0500101",435-674-7104 I-15 Exit 4 #,24 48 <U+2610> M L <U+2610> <U+25A1> - <U+2610> <U+2610>,Saint George,84790,Flying J Fuel Stop # 0500101,435-674-7104,2006,Saint George,UT,Flying J,,I-15 Exit 4 #,Exit,4,False,,False,I-15,,,,,"[908, 461]","[461, 908]","[461, 908]","[327, 461, 470, 785, 908, 917]","[398, 399, 400, 401, 402, 403, 404, 405, 406, 407, 408, 409, 410, 411, 412, 413, 414, 415, 416, 417, 418, 419, 420, 421, 422, 423, 424, 425, 426, 427, 428, 429, 430, 431, 432, 433, 434, 435, 436, 437, 438, 439, 440, 441, 442, 443, 444, 445, 446, 447, 448, 449, 450, 451, 452, 453, 454, 455, 456, 457, 458, 459, 460, 461, 462, 463, 464, 465, 466, 467, 468, 469, 470, 471, 472, 473, 474, 475, 476, 477, 478, 479, 480, 481, 482, 483, 484, 848, 849, 850, 851, 852, 853, 854, 855, 856, 857, 858, 859, 860, 861, 862, 863, 864, 865, 866, 867, 868, 869, 870, 871, 872, 873, 874, 875, 876, 877, 878, 879, 880, 881, 882, 883, 884, 885, 886, 887, 888, 889, 890, 891, 892, 893, 894, 895, 896, 897, 898, 899, 900, 901, 902, 903, 904, 905, 906, 907, 908, 909, 910, 911, 912, 913, 914, 915, 916, 917, 918, 919, 920, 921, 922, 923, 924, 925, 926, 927, 928, 929, 930, 931, 932, 933, 934, 935]","[16, 125, 156, 163, 168, 184, 205, 222, 229, 253, 258, 265, 313, 317, 336, 340, 341, 356, 363, 365, 366, 367, 370, 375, 388, 391, 394, 396, 402, 410, 411, 412, 413, 415, 416, 417, 418, 419, 425, 429, 431, 433, 435, 437, 440, 441, 442, 443, 451, 452, 456, 457, 458, 460, 461, 464, 471, 473, 474, 475, 481, 482, 501, 596, 628, 635, 655, 675, 693, 716, 720, 725, 771, 775, 793, 796, 797, 811, 817, 818, 820, 825, 838, 841, 844, 846, 851, 857, 861, 862, 863, 864, 866, 867, 868, 870, 871, 877, 881, 883, 885, 888, 891, 892, 893, 898, 899, 904, 905, 907, 908, 911, 918, 920, 921, 922, 923, 924, 926, 931, 933]","[17, 18, 19, 20, 21, 22, 23, 156, 157, 158, 159, 160, 161, 162, 163, 164, 165, 166, 167, 341, 342, 343, 344, 345, 412, 413, 414, 415, 416, 417, 418, 419, 420, 421, 422, 502, 503, 504, 505, 506, 507, 628, 629, 630, 631, 632, 633, 634, 635, 636, 637, 638, 639, 792, 797, 798, 799, 800, 801, 863, 864, 865, 866, 867, 868, 869, 870, 871, 872, 873, 874]","[17, 18, 19, 20, 21, 22, 23, 156, 157, 158, 159, 160, 161, 162, 163, 164, 165, 166, 167, 168, 340, 341, 342, 343, 344, 345, 346, 412, 413, 414, 415, 416, 417, 418, 419, 420, 421, 422, 502, 503, 504, 505, 506, 507, 628, 629, 630, 631, 632, 633, 634, 635, 636, 637, 638, 639, 792, 796, 797, 798, 799, 800, 801, 863, 864, 865, 866, 867, 868, 869, 870, 871, 872, 873, 874]","[916, 918, 919, 16, 17, 18, 19, 920, 20, 21, 22, 23, 921, 922, 923, 388, 924, 925, 926, 927, 928, 929, 930, 931, 932, 596, 933, 934, 935, 391, 628, 629, 630, 631, 632, 633, 634, 635, 636, 125, 637, 638, 639, 655, 336, 156, 157, 158, 159, 160, 161, 162, 163, 675, 164, 165, 166, 168, 167, 340, 341, 693, 184, 342, 394, 343, 344, 345, 716, 205, 346, 720, 725, 375, 222, 229, 396, 253, 356, 258, 771, 775, 265, 785, 792, 793, 796, 797, 798, 799, 800, 801, 363, 811, 365, 817, 366, 818, 820, 367, 313, 825, 317, 370, 327, 838, 841, 844, 846, 848, 849, 850, 851, 852, 853, 854, 855, 856, 857, 858, 859, 860, 861, 862, 863, 864, 865, 866, 867, 868, 869, 870, 871, 872, 873, 874, 875, 876, 877, 878, 879, 880, 881, 882, 883, 884, 885, 886, 887, 888, 889, 890, 891, 892, 893, 894, 895, 896, 897, 898, 899, 900, 901, 902, 903, 904, 905, 906, 907, 908, 909, 398, 399, 400, 401, 402, 403, 404, 917, 405, 407, 408, 409, 406, 410, 411, 412, 413, 414, 415, 416, 417, 418, 419, 420, 421, 422, 423, 424, 425, 426, 427, 428, 429, 430, 431, 432, 433, 434, 435, 436, 437, 438, 439, 440, 441, 442, 443, 444, 445, 446, 447, 448, 449, 450, 451, 452, 453, 454, 455, 456, 457, 458, 459, 461, 460, 462, 463, 464, 465, 466, 467, 468, 470, 469, 471, 472, 473, 474, 475, 476, 477, 478, 479, 480, 481, 482, 483, 484, 910, 503, 911, 912, 913, 501, 502, 914, 504, 505, 506, 507, 915]",True,"[461, 908]","[398, 399, 400, 401, 402, 403, 404, 405, 406, 407, 408, 409, 410, 411, 412, 413, 414, 415, 416, 417, 418, 419, 420, 421, 422, 423, 424, 425, 426, 427, 428, 429, 430, 431, 432, 433, 434, 435, 436, 437, 438, 439, 440, 441, 442, 443, 444, 445, 446, 447, 448, 449, 450, 451, 452, 453, 454, 455, 456, 457, 458, 459, 460, 461, 462, 463, 464, 465, 466, 467, 468, 469, 470, 471, 472, 473, 474, 475, 476, 477, 478, 479, 480, 481, 482, 483, 484, 848, 849, 850, 851, 852, 853, 854, 855, 856, 857, 858, 859, 860, 861, 862, 863, 864, 865, 866, 867, 868, 869, 870, 871, 872, 873, 874, 875, 876, 877, 878, 879, 880, 881, 882, 883, 884, 885, 886, 887, 888, 889, 890, 891, 892, 893, 894, 895, 896, 897, 898, 899, 900, 901, 902, 903, 904, 905, 906, 907, 908, 909, 910, 911, 912, 913, 914, 915, 916, 917, 918, 919, 920, 921, 922, 923, 924, 925, 926, 927, 928, 929, 930, 931, 932, 933, 934, 935]","[461, 908]","[327, 461, 470, 785, 908, 917]","[16, 125, 156, 163, 168, 184, 205, 222, 229, 253, 258, 265, 313, 317, 336, 340, 341, 356, 363, 365, 366, 367, 370, 375, 388, 391, 394, 396, 402, 410, 411, 412, 413, 415, 416, 417, 418, 419, 425, 429, 431, 433, 435, 437, 440, 441, 442, 443, 451, 452, 456, 457, 458, 460, 461, 464, 471, 473, 474, 475, 481, 482, 501, 596, 628, 635, 655, 675, 693, 716, 720, 725, 771, 775, 793, 796, 797, 811, 817, 818, 820, 825, 838, 841, 844, 846, 851, 857, 861, 862, 863, 864, 866, 867, 868, 870, 871, 877, 881, 883, 885, 888, 891, 892, 893, 898, 899, 904, 905, 907, 908, 911, 918, 920, 921, 922, 923, 924, 926, 931, 933]","[17, 18, 19, 20, 21, 22, 23, 156, 157, 158, 159, 160, 161, 162, 163, 164, 165, 166, 167, 168, 340, 341, 342, 343, 344, 345, 346, 412, 413, 414, 415, 416, 417, 418, 419, 420, 421, 422, 502, 503, 504, 505, 506, 507, 628, 629, 630, 631, 632, 633, 634, 635, 636, 637, 638, 639, 792, 796, 797, 798, 799, 800, 801, 863, 864, 865, 866, 867, 868, 869, 870, 871, 872, 873, 874]","[17, 18, 19, 20, 21, 22, 23, 156, 157, 158, 159, 160, 161, 162, 163, 164, 165, 166, 167, 341, 342, 343, 344, 345, 412, 413, 414, 415, 416, 417, 418, 419, 420, 421, 422, 502, 503, 504, 505, 506, 507, 628, 629, 630, 631, 632, 633, 634, 635, 636, 637, 638, 639, 792, 797, 798, 799, 800, 801, 863, 864, 865, 866, 867, 868, 869, 870, 871, 872, 873, 874]",5/6 successful match,True,"[363, 364]",True,149,False,,,,,
"Saint George , 84790 Flying J Fuel Stop # 0500101",435-674-7104 I-15 Exit 4,M D,Saint George,84790,Flying J Fuel Stop # 0500101,435-674-7104,2007,Saint George,UT,Flying J,,I-15 Exit 4,Exit,4,False,,False,I-15,,,,,"[908, 461]","[461, 908]","[461, 908]","[327, 461, 470, 785, 908, 917]","[398, 399, 400, 401, 402, 403, 404, 405, 406, 407, 408, 409, 410, 411, 412, 413, 414, 415, 416, 417, 418, 419, 420, 421, 422, 423, 424, 425, 426, 427, 428, 429, 430, 431, 432, 433, 434, 435, 436, 437, 438, 439, 440, 441, 442, 443, 444, 445, 446, 447, 448, 449, 450, 451, 452, 453, 454, 455, 456, 457, 458, 459, 460, 461, 462, 463, 464, 465, 466, 467, 468, 469, 470, 471, 472, 473, 474, 475, 476, 477, 478, 479, 480, 481, 482, 483, 484, 848, 849, 850, 851, 852, 853, 854, 855, 856, 857, 858, 859, 860, 861, 862, 863, 864, 865, 866, 867, 868, 869, 870, 871, 872, 873, 874, 875, 876, 877, 878, 879, 880, 881, 882, 883, 884, 885, 886, 887, 888, 889, 890, 891, 892, 893, 894, 895, 896, 897, 898, 899, 900, 901, 902, 903, 904, 905, 906, 907, 908, 909, 910, 911, 912, 913, 914, 915, 916, 917, 918, 919, 920, 921, 922, 923, 924, 925, 926, 927, 928, 929, 930, 931, 932, 933, 934, 935]","[16, 125, 156, 163, 168, 184, 205, 222, 229, 253, 258, 265, 313, 317, 336, 340, 341, 356, 363, 365, 366, 367, 370, 375, 388, 391, 394, 396, 402, 410, 411, 412, 413, 415, 416, 417, 418, 419, 425, 429, 431, 433, 435, 437, 440, 441, 442, 443, 451, 452, 456, 457, 458, 460, 461, 464, 471, 473, 474, 475, 481, 482, 501, 596, 628, 635, 655, 675, 693, 716, 720, 725, 771, 775, 793, 796, 797, 811, 817, 818, 820, 825, 838, 841, 844, 846, 851, 857, 861, 862, 863, 864, 866, 867, 868, 870, 871, 877, 881, 883, 885, 888, 891, 892, 893, 898, 899, 904, 905, 907, 908, 911, 918, 920, 921, 922, 923, 924, 926, 931, 933]","[17, 18, 19, 20, 21, 22, 23, 156, 157, 158, 159, 160, 161, 162, 163, 164, 165, 166, 167, 341, 342, 343, 344, 345, 412, 413, 414, 415, 416, 417, 418, 419, 420, 421, 422, 502, 503, 504, 505, 506, 507, 628, 629, 630, 631, 632, 633, 634, 635, 636, 637, 638, 639, 792, 797, 798, 799, 800, 801, 863, 864, 865, 866, 867, 868, 869, 870, 871, 872, 873, 874]","[17, 18, 19, 20, 21, 22, 23, 156, 157, 158, 159, 160, 161, 162, 163, 164, 165, 166, 167, 168, 340, 341, 342, 343, 344, 345, 346, 412, 413, 414, 415, 416, 417, 418, 419, 420, 421, 422, 502, 503, 504, 505, 506, 507, 628, 629, 630, 631, 632, 633, 634, 635, 636, 637, 638, 639, 792, 796, 797, 798, 799, 800, 801, 863, 864, 865, 866, 867, 868, 869, 870, 871, 872, 873, 874]","[916, 918, 919, 16, 17, 18, 19, 920, 20, 21, 22, 23, 921, 922, 923, 388, 924, 925, 926, 927, 928, 929, 930, 931, 932, 596, 933, 934, 935, 391, 628, 629, 630, 631, 632, 633, 634, 635, 636, 125, 637, 638, 639, 655, 336, 156, 157, 158, 159, 160, 161, 162, 163, 675, 164, 165, 166, 168, 167, 340, 341, 693, 184, 342, 394, 343, 344, 345, 716, 205, 346, 720, 725, 375, 222, 229, 396, 253, 356, 258, 771, 775, 265, 785, 792, 793, 796, 797, 798, 799, 800, 801, 363, 811, 365, 817, 366, 818, 820, 367, 313, 825, 317, 370, 327, 838, 841, 844, 846, 848, 849, 850, 851, 852, 853, 854, 855, 856, 857, 858, 859, 860, 861, 862, 863, 864, 865, 866, 867, 868, 869, 870, 871, 872, 873, 874, 875, 876, 877, 878, 879, 880, 881, 882, 883, 884, 885, 886, 887, 888, 889, 890, 891, 892, 893, 894, 895, 896, 897, 898, 899, 900, 901, 902, 903, 904, 905, 906, 907, 908, 909, 398, 399, 400, 401, 402, 403, 404, 917, 405, 407, 408, 409, 406, 410, 411, 412, 413, 414, 415, 416, 417, 418, 419, 420, 421, 422, 423, 424, 425, 426, 427, 428, 429, 430, 431, 432, 433, 434, 435, 436, 437, 438, 439, 440, 441, 442, 443, 444, 445, 446, 447, 448, 449, 450, 451, 452, 453, 454, 455, 456, 457, 458, 459, 461, 460, 462, 463, 464, 465, 466, 467, 468, 470, 469, 471, 472, 473, 474, 475, 476, 477, 478, 479, 480, 481, 482, 483, 484, 910, 503, 911, 912, 913, 501, 502, 914, 504, 505, 506, 507, 915]",True,"[461, 908]","[398, 399, 400, 401, 402, 403, 404, 405, 406, 407, 408, 409, 410, 411, 412, 413, 414, 415, 416, 417, 418, 419, 420, 421, 422, 423, 424, 425, 426, 427, 428, 429, 430, 431, 432, 433, 434, 435, 436, 437, 438, 439, 440, 441, 442, 443, 444, 445, 446, 447, 448, 449, 450, 451, 452, 453, 454, 455, 456, 457, 458, 459, 460, 461, 462, 463, 464, 465, 466, 467, 468, 469, 470, 471, 472, 473, 474, 475, 476, 477, 478, 479, 480, 481, 482, 483, 484, 848, 849, 850, 851, 852, 853, 854, 855, 856, 857, 858, 859, 860, 861, 862, 863, 864, 865, 866, 867, 868, 869, 870, 871, 872, 873, 874, 875, 876, 877, 878, 879, 880, 881, 882, 883, 884, 885, 886, 887, 888, 889, 890, 891, 892, 893, 894, 895, 896, 897, 898, 899, 900, 901, 902, 903, 904, 905, 906, 907, 908, 909, 910, 911, 912, 913, 914, 915, 916, 917, 918, 919, 920, 921, 922, 923, 924, 925, 926, 927, 928, 929, 930, 931, 932, 933, 934, 935]","[461, 908]","[327, 461, 470, 785, 908, 917]","[16, 125, 156, 163, 168, 184, 205, 222, 229, 253, 258, 265, 313, 317, 336, 340, 341, 356, 363, 365, 366, 367, 370, 375, 388, 391, 394, 396, 402, 410, 411, 412, 413, 415, 416, 417, 418, 419, 425, 429, 431, 433, 435, 437, 440, 441, 442, 443, 451, 452, 456, 457, 458, 460, 461, 464, 471, 473, 474, 475, 481, 482, 501, 596, 628, 635, 655, 675, 693, 716, 720, 725, 771, 775, 793, 796, 797, 811, 817, 818, 820, 825, 838, 841, 844, 846, 851, 857, 861, 862, 863, 864, 866, 867, 868, 870, 871, 877, 881, 883, 885, 888, 891, 892, 893, 898, 899, 904, 905, 907, 908, 911, 918, 920, 921, 922, 923, 924, 926, 931, 933]","[17, 18, 19, 20, 21, 22, 23, 156, 157, 158, 159, 160, 161, 162, 163, 164, 165, 166, 167, 168, 340, 341, 342, 343, 344, 345, 346, 412, 413, 414, 415, 416, 417, 418, 419, 420, 421, 422, 502, 503, 504, 505, 506, 507, 628, 629, 630, 631, 632, 633, 634, 635, 636, 637, 638, 639, 792, 796, 797, 798, 799, 800, 801, 863, 864, 865, 866, 867, 868, 869, 870, 871, 872, 873, 874]","[17, 18, 19, 20, 21, 22, 23, 156, 157, 158, 159, 160, 161, 162, 163, 164, 165, 166, 167, 341, 342, 343, 344, 345, 412, 413, 414, 415, 416, 417, 418, 419, 420, 421, 422, 502, 503, 504, 505, 506, 507, 628, 629, 630, 631, 632, 633, 634, 635, 636, 637, 638, 639, 792, 797, 798, 799, 800, 801, 863, 864, 865, 866, 867, 868, 869, 870, 871, 872, 873, 874]",5/6 successful match,True,"[363, 364]",True,149,False,,1.0,True,Flying J Fuel Stop # 0500101,Flying J
Flying J Fuel Stop # 0500101,"435-674-7104 Saint George , 84790 I-15 Exit 4",24 M,,84790,01,435-674-7104,2008,Saint George,UT,,,"Saint George, I-15 Exit 4",Exit,4,False,,False,I-15,,,,,"[908, 461]","[461, 908]","[461, 908]","[327, 461, 470, 785, 908, 917]","[398, 399, 400, 401, 402, 403, 404, 405, 406, 407, 408, 409, 410, 411, 412, 413, 414, 415, 416, 417, 418, 419, 420, 421, 422, 423, 424, 425, 426, 427, 428, 429, 430, 431, 432, 433, 434, 435, 436, 437, 438, 439, 440, 441, 442, 443, 444, 445, 446, 447, 448, 449, 450, 451, 452, 453, 454, 455, 456, 457, 458, 459, 460, 461, 462, 463, 464, 465, 466, 467, 468, 469, 470, 471, 472, 473, 474, 475, 476, 477, 478, 479, 480, 481, 482, 483, 484, 848, 849, 850, 851, 852, 853, 854, 855, 856, 857, 858, 859, 860, 861, 862, 863, 864, 865, 866, 867, 868, 869, 870, 871, 872, 873, 874, 875, 876, 877, 878, 879, 880, 881, 882, 883, 884, 885, 886, 887, 888, 889, 890, 891, 892, 893, 894, 895, 896, 897, 898, 899, 900, 901, 902, 903, 904, 905, 906, 907, 908, 909, 910, 911, 912, 913, 914, 915, 916, 917, 918, 919, 920, 921, 922, 923, 924, 925, 926, 927, 928, 929, 930, 931, 932, 933, 934, 935]","[16, 125, 156, 163, 168, 184, 205, 222, 229, 253, 258, 265, 313, 317, 336, 340, 341, 356, 363, 365, 366, 367, 370, 375, 388, 391, 394, 396, 402, 410, 411, 412, 413, 415, 416, 417, 418, 419, 425, 429, 431, 433, 435, 437, 440, 441, 442, 443, 451, 452, 456, 457, 458, 460, 461, 464, 471, 473, 474, 475, 481, 482, 501, 596, 628, 635, 655, 675, 693, 716, 720, 725, 771, 775, 793, 796, 797, 811, 817, 818, 820, 825, 838, 841, 844, 846, 851, 857, 861, 862, 863, 864, 866, 867, 868, 870, 871, 877, 881, 883, 885, 888, 891, 892, 893, 898, 899, 904, 905, 907, 908, 911, 918, 920, 921, 922, 923, 924, 926, 931, 933]",[],[],"[916, 918, 919, 16, 920, 921, 922, 923, 388, 924, 925, 926, 927, 928, 929, 930, 931, 932, 596, 933, 934, 935, 391, 628, 635, 125, 655, 336, 156, 163, 675, 168, 340, 341, 693, 184, 394, 716, 205, 720, 725, 375, 222, 229, 396, 253, 356, 258, 771, 775, 265, 785, 793, 796, 797, 363, 811, 365, 817, 366, 818, 820, 367, 313, 825, 317, 370, 327, 838, 841, 844, 846, 848, 849, 850, 851, 852, 853, 854, 855, 856, 857, 858, 859, 860, 861, 862, 863, 864, 865, 866, 867, 868, 869, 870, 871, 872, 873, 874, 875, 876, 877, 878, 879, 880, 881, 882, 883, 884, 885, 886, 887, 888, 889, 890, 891, 892, 893, 894, 895, 896, 897, 898, 899, 900, 901, 902, 903, 904, 905, 906, 907, 908, 909, 398, 399, 400, 401, 402, 403, 404, 917, 405, 407, 408, 409, 406, 410, 411, 412, 413, 414, 415, 416, 417, 418, 419, 420, 421, 422, 423, 424, 425, 426, 427, 428, 429, 430, 431, 432, 433, 434, 435, 436, 437, 438, 439, 440, 441, 442, 443, 444, 445, 446, 447, 448, 449, 450, 451, 452, 453, 454, 455, 456, 457, 458, 459, 461, 460, 462, 463, 464, 465, 466, 467, 468, 470, 469, 471, 472, 473, 474, 475, 476, 477, 478, 479, 480, 481, 482, 483, 484, 910, 911, 912, 913, 501, 914, 915]",True,"[461, 908]","[398, 399, 400, 401, 402, 403, 404, 405, 406, 407, 408, 409, 410, 411, 412, 413, 414, 415, 416, 417, 418, 419, 420, 421, 422, 423, 424, 425, 426, 427, 428, 429, 430, 431, 432, 433, 434, 435, 436, 437, 438, 439, 440, 441, 442, 443, 444, 445, 446, 447, 448, 449, 450, 451, 452, 453, 454, 455, 456, 457, 458, 459, 460, 461, 462, 463, 464, 465, 466, 467, 468, 469, 470, 471, 472, 473, 474, 475, 476, 477, 478, 479, 480, 481, 482, 483, 484, 848, 849, 850, 851, 852, 853, 854, 855, 856, 857, 858, 859, 860, 861, 862, 863, 864, 865, 866, 867, 868, 869, 870, 871, 872, 873, 874, 875, 876, 877, 878, 879, 880, 881, 882, 883, 884, 885, 886, 887, 888, 889, 890, 891, 892, 893, 894, 895, 896, 897, 898, 899, 900, 901, 902, 903, 904, 905, 906, 907, 908, 909, 910, 911, 912, 913, 914, 915, 916, 917, 918, 919, 920, 921, 922, 923, 924, 925, 926, 927, 928, 929, 930, 931, 932, 933, 934, 935]","[461, 908]","[327, 461, 470, 785, 908, 917]","[16, 125, 156, 163, 168, 184, 205, 222, 229, 253, 258, 265, 313, 317, 336, 340, 341, 356, 363, 365, 366, 367, 370, 375, 388, 391, 394, 396, 402, 410, 411, 412, 413, 415, 416, 417, 418, 419, 425, 429, 431, 433, 435, 437, 440, 441, 442, 443, 451, 452, 456, 457, 458, 460, 461, 464, 471, 473, 474, 475, 481, 482, 501, 596, 628, 635, 655, 675, 693, 716, 720, 725, 771, 775, 793, 796, 797, 811, 817, 818, 820, 825, 838, 841, 844, 846, 851, 857, 861, 862, 863, 864, 866, 867, 868, 870, 871, 877, 881, 883, 885, 888, 891, 892, 893, 898, 899, 904, 905, 907, 908, 911, 918, 920, 921, 922, 923, 924, 926, 931, 933]",[],[],7/6 successful match,True,"[363, 364]",True,149,True,2008,0.06666666666666667,True,Flying J Fuel Stop # 0500101,Flying J
J Saint George ( 84790 ) Pilot Travel Center # 775,435-674-7104 I-15 Exit 4,Pilot 24,Saint George,84790,Pilot Travel Center # 775,435-674-7104,2014,Saint George,UT,Pilot,,I-15 Exit 4,Exit,4,False,,False,I-15,,,,,"[908, 461]","[461, 908]","[461, 908]","[327, 461, 470, 785, 908, 917]","[398, 399, 400, 401, 402, 403, 404, 405, 406, 407, 408, 409, 410, 411, 412, 413, 414, 415, 416, 417, 418, 419, 420, 421, 422, 423, 424, 425, 426, 427, 428, 429, 430, 431, 432, 433, 434, 435, 436, 437, 438, 439, 440, 441, 442, 443, 444, 445, 446, 447, 448, 449, 450, 451, 452, 453, 454, 455, 456, 457, 458, 459, 460, 461, 462, 463, 464, 465, 466, 467, 468, 469, 470, 471, 472, 473, 474, 475, 476, 477, 478, 479, 480, 481, 482, 483, 484, 848, 849, 850, 851, 852, 853, 854, 855, 856, 857, 858, 859, 860, 861, 862, 863, 864, 865, 866, 867, 868, 869, 870, 871, 872, 873, 874, 875, 876, 877, 878, 879, 880, 881, 882, 883, 884, 885, 886, 887, 888, 889, 890, 891, 892, 893, 894, 895, 896, 897, 898, 899, 900, 901, 902, 903, 904, 905, 906, 907, 908, 909, 910, 911, 912, 913, 914, 915, 916, 917, 918, 919, 920, 921, 922, 923, 924, 925, 926, 927, 928, 929, 930, 931, 932, 933, 934, 935]","[16, 125, 156, 163, 168, 184, 205, 222, 229, 253, 258, 265, 313, 317, 336, 340, 341, 356, 363, 365, 366, 367, 370, 375, 388, 391, 394, 396, 402, 410, 411, 412, 413, 415, 416, 417, 418, 419, 425, 429, 431, 433, 435, 437, 440, 441, 442, 443, 451, 452, 456, 457, 458, 460, 461, 464, 471, 473, 474, 475, 481, 482, 501, 596, 628, 635, 655, 675, 693, 716, 720, 725, 771, 775, 793, 796, 797, 811, 817, 818, 820, 825, 838, 841, 844, 846, 851, 857, 861, 862, 863, 864, 866, 867, 868, 870, 871, 877, 881, 883, 885, 888, 891, 892, 893, 898, 899, 904, 905, 907, 908, 911, 918, 920, 921, 922, 923, 924, 926, 931, 933]","[15, 16, 65, 66, 67, 68, 69, 70, 71, 72, 73, 74, 75, 76, 80, 151, 245, 246, 247, 248, 249, 250, 251, 252, 253, 254, 255, 256, 257, 258, 259, 280, 340, 373, 374, 375, 376, 377, 459, 460, 461, 462, 500, 501, 539, 540, 541, 542, 543, 544, 545, 546, 547, 548, 549, 550, 552, 622, 708, 709, 710, 711, 712, 713, 714, 715, 716, 717, 718, 719, 720, 739, 796, 823, 824, 825, 826, 827, 906, 907, 908, 909]","[15, 16, 65, 66, 67, 68, 69, 70, 71, 72, 73, 74, 75, 76, 77, 78, 80, 151, 244, 245, 246, 247, 248, 249, 250, 251, 252, 253, 254, 255, 256, 257, 258, 259, 260, 280, 340, 373, 374, 375, 376, 377, 459, 460, 461, 462, 500, 501, 539, 540, 541, 542, 543, 544, 545, 546, 547, 548, 549, 550, 552, 622, 708, 709, 710, 711, 712, 713, 714, 715, 716, 717, 718, 719, 720, 739, 796, 823, 824, 825, 826, 827, 906, 907, 908, 909]","[916, 918, 15, 919, 16, 920, 921, 539, 540, 541, 542, 922, 543, 544, 545, 546, 923, 547, 388, 548, 549, 924, 550, 552, 925, 926, 927, 928, 65, 66, 929, 67, 68, 69, 70, 930, 71, 72, 73, 74, 931, 75, 76, 80, 77, 932, 78, 596, 933, 934, 935, 622, 391, 628, 635, 125, 655, 151, 336, 156, 163, 675, 168, 373, 340, 341, 693, 184, 394, 374, 708, 709, 710, 711, 712, 713, 376, 714, 716, 205, 715, 717, 720, 718, 719, 725, 375, 222, 739, 229, 396, 244, 245, 246, 247, 248, 249, 250, 251, 252, 253, 254, 255, 356, 256, 258, 771, 257, 259, 260, 775, 265, 377, 785, 280, 793, 796, 797, 363, 811, 365, 817, 366, 818, 820, 367, 823, 313, 825, 824, 826, 317, 827, 370, 327, 838, 841, 844, 846, 848, 849, 850, 851, 852, 853, 854, 855, 856, 857, 858, 859, 860, 861, 862, 863, 864, 865, 866, 867, 868, 869, 870, 871, 872, 873, 874, 875, 876, 877, 878, 879, 880, 881, 882, 883, 884, 885, 886, 887, 888, 889, 890, 891, 892, 893, 894, 895, 896, 897, 898, 899, 900, 901, 902, 903, 904, 905, 906, 907, 908, 909, 398, 399, 400, 401, 402, 403, 404, 917, 405, 407, 408, 409, 406, 410, 411, 412, 413, 414, 415, 416, 417, 418, 419, 420, 421, 422, 423, 424, 425, 426, 427, 428, 429, 430, 431, 432, 433, 434, 435, 436, 437, 438, 439, 440, 441, 442, 443, 444, 445, 446, 447, 448, 449, 450, 451, 452, 453, 454, 455, 456, 457, 458, 459, 461, 460, 462, 463, 464, 465, 466, 467, 468, 470, 469, 471, 472, 473, 474, 475, 476, 477, 478, 479, 480, 481, 482, 483, 484, 910, 911, 912, 913, 500, 501, 914, 915]",True,"[461, 908]","[398, 399, 400, 401, 402, 403, 404, 405, 406, 407, 408, 409, 410, 411, 412, 413, 414, 415, 416, 417, 418, 419, 420, 421, 422, 423, 424, 425, 426, 427, 428, 429, 430, 431, 432, 433, 434, 435, 436, 437, 438, 439, 440, 441, 442, 443, 444, 445, 446, 447, 448, 449, 450, 451, 452, 453, 454, 455, 456, 457, 458, 459, 460, 461, 462, 463, 464, 465, 466, 467, 468, 469, 470, 471, 472, 473, 474, 475, 476, 477, 478, 479, 480, 481, 482, 483, 484, 848, 849, 850, 851, 852, 853, 854, 855, 856, 857, 858, 859, 860, 861, 862, 863, 864, 865, 866, 867, 868, 869, 870, 871, 872, 873, 874, 875, 876, 877, 878, 879, 880, 881, 882, 883, 884, 885, 886, 887, 888, 889, 890, 891, 892, 893, 894, 895, 896, 897, 898, 899, 900, 901, 902, 903, 904, 905, 906, 907, 908, 909, 910, 911, 912, 913, 914, 915, 916, 917, 918, 919, 920, 921, 922, 923, 924, 925, 926, 927, 928, 929, 930, 931, 932, 933, 934, 935]","[461, 908]","[327, 461, 470, 785, 908, 917]","[16, 125, 156, 163, 168, 184, 205, 222, 229, 253, 258, 265, 313, 317, 336, 340, 341, 356, 363, 365, 366, 367, 370, 375, 388, 391, 394, 396, 402, 410, 411, 412, 413, 415, 416, 417, 418, 419, 425, 429, 431, 433, 435, 437, 440, 441, 442, 443, 451, 452, 456, 457, 458, 460, 461, 464, 471, 473, 474, 475, 481, 482, 501, 596, 628, 635, 655, 675, 693, 716, 720, 725, 771, 775, 793, 796, 797, 811, 817, 818, 820, 825, 838, 841, 844, 846, 851, 857, 861, 862, 863, 864, 866, 867, 868, 870, 871, 877, 881, 883, 885, 888, 891, 892, 893, 898, 899, 904, 905, 907, 908, 911, 918, 920, 921, 922, 923, 924, 926, 931, 933]","[15, 16, 65, 66, 67, 68, 69, 70, 71, 72, 73, 74, 75, 76, 77, 78, 80, 151, 244, 245, 246, 247, 248, 249, 250, 251, 252, 253, 254, 255, 256, 257, 258, 259, 260, 280, 340, 373, 374, 375, 376, 377, 459, 460, 461, 462, 500, 501, 539, 540, 541, 542, 543, 544, 545, 546, 547, 548, 549, 550, 552, 622, 708, 709, 710, 711, 712, 713, 714, 715, 716, 717, 718, 719, 720, 739, 796, 823, 824, 825, 826, 827, 906, 907, 908, 909]","[15, 16, 65, 66, 67, 68, 69, 70, 71, 72, 73, 74, 75, 76, 80, 151, 245, 246, 247, 248, 249, 250, 251, 252, 253, 254, 255, 256, 257, 258, 259, 280, 340, 373, 374, 375, 376, 377, 459, 460, 461, 462, 500, 501, 539, 540, 541, 542, 543, 544, 545, 546, 547, 548, 549, 550, 552, 622, 708, 709, 710, 711, 712, 713, 714, 715, 716, 717, 718, 719, 720, 739, 796, 823, 824, 825, 826, 827, 906, 907, 908, 909]",7/6 successful match,True,"[363, 364]",True,149,True,2014,0.0,True,01,
J Saint George ( 84790 ) Pilot Travel Center # 775,435-674-7104 I-15 Exit 4,Plot 24 M,Saint George,84790,Pilot Travel Center # 775,435-674-7104,2015,Saint George,UT,Pilot,,I-15 Exit 4,Exit,4,False,,False,I-15,,,,,"[908, 461]","[461, 908]","[461, 908]","[327, 461, 470, 785, 908, 917]","[398, 399, 400, 401, 402, 403, 404, 405, 406, 407, 408, 409, 410, 411, 412, 413, 414, 415, 416, 417, 418, 419, 420, 421, 422, 423, 424, 425, 426, 427, 428, 429, 430, 431, 432, 433, 434, 435, 436, 437, 438, 439, 440, 441, 442, 443, 444, 445, 446, 447, 448, 449, 450, 451, 452, 453, 454, 455, 456, 457, 458, 459, 460, 461, 462, 463, 464, 465, 466, 467, 468, 469, 470, 471, 472, 473, 474, 475, 476, 477, 478, 479, 480, 481, 482, 483, 484, 848, 849, 850, 851, 852, 853, 854, 855, 856, 857, 858, 859, 860, 861, 862, 863, 864, 865, 866, 867, 868, 869, 870, 871, 872, 873, 874, 875, 876, 877, 878, 879, 880, 881, 882, 883, 884, 885, 886, 887, 888, 889, 890, 891, 892, 893, 894, 895, 896, 897, 898, 899, 900, 901, 902, 903, 904, 905, 906, 907, 908, 909, 910, 911, 912, 913, 914, 915, 916, 917, 918, 919, 920, 921, 922, 923, 924, 925, 926, 927, 928, 929, 930, 931, 932, 933, 934, 935]","[16, 125, 156, 163, 168, 184, 205, 222, 229, 253, 258, 265, 313, 317, 336, 340, 341, 356, 363, 365, 366, 367, 370, 375, 388, 391, 394, 396, 402, 410, 411, 412, 413, 415, 416, 417, 418, 419, 425, 429, 431, 433, 435, 437, 440, 441, 442, 443, 451, 452, 456, 457, 458, 460, 461, 464, 471, 473, 474, 475, 481, 482, 501, 596, 628, 635, 655, 675, 693, 716, 720, 725, 771, 775, 793, 796, 797, 811, 817, 818, 820, 825, 838, 841, 844, 846, 851, 857, 861, 862, 863, 864, 866, 867, 868, 870, 871, 877, 881, 883, 885, 888, 891, 892, 893, 898, 899, 904, 905, 907, 908, 911, 918, 920, 921, 922, 923, 924, 926, 931, 933]","[15, 16, 65, 66, 67, 68, 69, 70, 71, 72, 73, 74, 75, 76, 80, 151, 245, 246, 247, 248, 249, 250, 251, 252, 253, 254, 255, 256, 257, 258, 259, 280, 340, 373, 374, 375, 376, 377, 459, 460, 461, 462, 500, 501, 539, 540, 541, 542, 543, 544, 545, 546, 547, 548, 549, 550, 552, 622, 708, 709, 710, 711, 712, 713, 714, 715, 716, 717, 718, 719, 720, 739, 796, 823, 824, 825, 826, 827, 906, 907, 908, 909]","[15, 16, 65, 66, 67, 68, 69, 70, 71, 72, 73, 74, 75, 76, 77, 78, 80, 151, 244, 245, 246, 247, 248, 249, 250, 251, 252, 253, 254, 255, 256, 257, 258, 259, 260, 280, 340, 373, 374, 375, 376, 377, 459, 460, 461, 462, 500, 501, 539, 540, 541, 542, 543, 544, 545, 546, 547, 548, 549, 550, 552, 622, 708, 709, 710, 711, 712, 713, 714, 715, 716, 717, 718, 719, 720, 739, 796, 823, 824, 825, 826, 827, 906, 907, 908, 909]","[916, 918, 15, 919, 16, 920, 921, 539, 540, 541, 542, 922, 543, 544, 545, 546, 923, 547, 388, 548, 549, 924, 550, 552, 925, 926, 927, 928, 65, 66, 929, 67, 68, 69, 70, 930, 71, 72, 73, 74, 931, 75, 76, 80, 77, 932, 78, 596, 933, 934, 935, 622, 391, 628, 635, 125, 655, 151, 336, 156, 163, 675, 168, 373, 340, 341, 693, 184, 394, 374, 708, 709, 710, 711, 712, 713, 376, 714, 716, 205, 715, 717, 720, 718, 719, 725, 375, 222, 739, 229, 396, 244, 245, 246, 247, 248, 249, 250, 251, 252, 253, 254, 255, 356, 256, 258, 771, 257, 259, 260, 775, 265, 377, 785, 280, 793, 796, 797, 363, 811, 365, 817, 366, 818, 820, 367, 823, 313, 825, 824, 826, 317, 827, 370, 327, 838, 841, 844, 846, 848, 849, 850, 851, 852, 853, 854, 855, 856, 857, 858, 859, 860, 861, 862, 863, 864, 865, 866, 867, 868, 869, 870, 871, 872, 873, 874, 875, 876, 877, 878, 879, 880, 881, 882, 883, 884, 885, 886, 887, 888, 889, 890, 891, 892, 893, 894, 895, 896, 897, 898, 899, 900, 901, 902, 903, 904, 905, 906, 907, 908, 909, 398, 399, 400, 401, 402, 403, 404, 917, 405, 407, 408, 409, 406, 410, 411, 412, 413, 414, 415, 416, 417, 418, 419, 420, 421, 422, 423, 424, 425, 426, 427, 428, 429, 430, 431, 432, 433, 434, 435, 436, 437, 438, 439, 440, 441, 442, 443, 444, 445, 446, 447, 448, 449, 450, 451, 452, 453, 454, 455, 456, 457, 458, 459, 461, 460, 462, 463, 464, 465, 466, 467, 468, 470, 469, 471, 472, 473, 474, 475, 476, 477, 478, 479, 480, 481, 482, 483, 484, 910, 911, 912, 913, 500, 501, 914, 915]",True,"[461, 908]","[398, 399, 400, 401, 402, 403, 404, 405, 406, 407, 408, 409, 410, 411, 412, 413, 414, 415, 416, 417, 418, 419, 420, 421, 422, 423, 424, 425, 426, 427, 428, 429, 430, 431, 432, 433, 434, 435, 436, 437, 438, 439, 440, 441, 442, 443, 444, 445, 446, 447, 448, 449, 450, 451, 452, 453, 454, 455, 456, 457, 458, 459, 460, 461, 462, 463, 464, 465, 466, 467, 468, 469, 470, 471, 472, 473, 474, 475, 476, 477, 478, 479, 480, 481, 482, 483, 484, 848, 849, 850, 851, 852, 853, 854, 855, 856, 857, 858, 859, 860, 861, 862, 863, 864, 865, 866, 867, 868, 869, 870, 871, 872, 873, 874, 875, 876, 877, 878, 879, 880, 881, 882, 883, 884, 885, 886, 887, 888, 889, 890, 891, 892, 893, 894, 895, 896, 897, 898, 899, 900, 901, 902, 903, 904, 905, 906, 907, 908, 909, 910, 911, 912, 913, 914, 915, 916, 917, 918, 919, 920, 921, 922, 923, 924, 925, 926, 927, 928, 929, 930, 931, 932, 933, 934, 935]","[461, 908]","[327, 461, 470, 785, 908, 917]","[16, 125, 156, 163, 168, 184, 205, 222, 229, 253, 258, 265, 313, 317, 336, 340, 341, 356, 363, 365, 366, 367, 370, 375, 388, 391, 394, 396, 402, 410, 411, 412, 413, 415, 416, 417, 418, 419, 425, 429, 431, 433, 435, 437, 440, 441, 442, 443, 451, 452, 456, 457, 458, 460, 461, 464, 471, 473, 474, 475, 481, 482, 501, 596, 628, 635, 655, 675, 693, 716, 720, 725, 771, 775, 793, 796, 797, 811, 817, 818, 820, 825, 838, 841, 844, 846, 851, 857, 861, 862, 863, 864, 866, 867, 868, 870, 871, 877, 881, 883, 885, 888, 891, 892, 893, 898, 899, 904, 905, 907, 908, 911, 918, 920, 921, 922, 923, 924, 926, 931, 933]","[15, 16, 65, 66, 67, 68, 69, 70, 71, 72, 73, 74, 75, 76, 77, 78, 80, 151, 244, 245, 246, 247, 248, 249, 250, 251, 252, 253, 254, 255, 256, 257, 258, 259, 260, 280, 340, 373, 374, 375, 376, 377, 459, 460, 461, 462, 500, 501, 539, 540, 541, 542, 543, 544, 545, 546, 547, 548, 549, 550, 552, 622, 708, 709, 710, 711, 712, 713, 714, 715, 716, 717, 718, 719, 720, 739, 796, 823, 824, 825, 826, 827, 906, 907, 908, 909]","[15, 16, 65, 66, 67, 68, 69, 70, 71, 72, 73, 74, 75, 76, 80, 151, 245, 246, 247, 248, 249, 250, 251, 252, 253, 254, 255, 256, 257, 258, 259, 280, 340, 373, 374, 375, 376, 377, 459, 460, 461, 462, 500, 501, 539, 540, 541, 542, 543, 544, 545, 546, 547, 548, 549, 550, 552, 622, 708, 709, 710, 711, 712, 713, 714, 715, 716, 717, 718, 719, 720, 739, 796, 823, 824, 825, 826, 827, 906, 907, 908, 909]",7/6 successful match,True,"[363, 364]",True,149,False,,1.0,True,Pilot Travel Center # 775,Pilot
Saint George ( 84790 ) Pilot Travel Center # 775,435-674-7104 I-15 Exit 4,Phot 24 MOD <U+2610> <U+2610>,Saint George,84790,Pilot Travel Center # 775,435-674-7104,2016,Saint George,UT,Pilot,,I-15 Exit 4,Exit,4,False,,False,I-15,,,,,"[908, 461]","[461, 908]","[461, 908]","[327, 461, 470, 785, 908, 917]","[398, 399, 400, 401, 402, 403, 404, 405, 406, 407, 408, 409, 410, 411, 412, 413, 414, 415, 416, 417, 418, 419, 420, 421, 422, 423, 424, 425, 426, 427, 428, 429, 430, 431, 432, 433, 434, 435, 436, 437, 438, 439, 440, 441, 442, 443, 444, 445, 446, 447, 448, 449, 450, 451, 452, 453, 454, 455, 456, 457, 458, 459, 460, 461, 462, 463, 464, 465, 466, 467, 468, 469, 470, 471, 472, 473, 474, 475, 476, 477, 478, 479, 480, 481, 482, 483, 484, 848, 849, 850, 851, 852, 853, 854, 855, 856, 857, 858, 859, 860, 861, 862, 863, 864, 865, 866, 867, 868, 869, 870, 871, 872, 873, 874, 875, 876, 877, 878, 879, 880, 881, 882, 883, 884, 885, 886, 887, 888, 889, 890, 891, 892, 893, 894, 895, 896, 897, 898, 899, 900, 901, 902, 903, 904, 905, 906, 907, 908, 909, 910, 911, 912, 913, 914, 915, 916, 917, 918, 919, 920, 921, 922, 923, 924, 925, 926, 927, 928, 929, 930, 931, 932, 933, 934, 935]","[16, 125, 156, 163, 168, 184, 205, 222, 229, 253, 258, 265, 313, 317, 336, 340, 341, 356, 363, 365, 366, 367, 370, 375, 388, 391, 394, 396, 402, 410, 411, 412, 413, 415, 416, 417, 418, 419, 425, 429, 431, 433, 435, 437, 440, 441, 442, 443, 451, 452, 456, 457, 458, 460, 461, 464, 471, 473, 474, 475, 481, 482, 501, 596, 628, 635, 655, 675, 693, 716, 720, 725, 771, 775, 793, 796, 797, 811, 817, 818, 820, 825, 838, 841, 844, 846, 851, 857, 861, 862, 863, 864, 866, 867, 868, 870, 871, 877, 881, 883, 885, 888, 891, 892, 893, 898, 899, 904, 905, 907, 908, 911, 918, 920, 921, 922, 923, 924, 926, 931, 933]","[15, 16, 65, 66, 67, 68, 69, 70, 71, 72, 73, 74, 75, 76, 80, 151, 245, 246, 247, 248, 249, 250, 251, 252, 253, 254, 255, 256, 257, 258, 259, 280, 340, 373, 374, 375, 376, 377, 459, 460, 461, 462, 500, 501, 539, 540, 541, 542, 543, 544, 545, 546, 547, 548, 549, 550, 552, 622, 708, 709, 710, 711, 712, 713, 714, 715, 716, 717, 718, 719, 720, 739, 796, 823, 824, 825, 826, 827, 906, 907, 908, 909]","[15, 16, 65, 66, 67, 68, 69, 70, 71, 72, 73, 74, 75, 76, 77, 78, 80, 151, 244, 245, 246, 247, 248, 249, 250, 251, 252, 253, 254, 255, 256, 257, 258, 259, 260, 280, 340, 373, 374, 375, 376, 377, 459, 460, 461, 462, 500, 501, 539, 540, 541, 542, 543, 544, 545, 546, 547, 548, 549, 550, 552, 622, 708, 709, 710, 711, 712, 713, 714, 715, 716, 717, 718, 719, 720, 739, 796, 823, 824, 825, 826, 827, 906, 907, 908, 909]","[916, 918, 15, 919, 16, 920, 921, 539, 540, 541, 542, 922, 543, 544, 545, 546, 923, 547, 388, 548, 549, 924, 550, 552, 925, 926, 927, 928, 65, 66, 929, 67, 68, 69, 70, 930, 71, 72, 73, 74, 931, 75, 76, 80, 77, 932, 78, 596, 933, 934, 935, 622, 391, 628, 635, 125, 655, 151, 336, 156, 163, 675, 168, 373, 340, 341, 693, 184, 394, 374, 708, 709, 710, 711, 712, 713, 376, 714, 716, 205, 715, 717, 720, 718, 719, 725, 375, 222, 739, 229, 396, 244, 245, 246, 247, 248, 249, 250, 251, 252, 253, 254, 255, 356, 256, 258, 771, 257, 259, 260, 775, 265, 377, 785, 280, 793, 796, 797, 363, 811, 365, 817, 366, 818, 820, 367, 823, 313, 825, 824, 826, 317, 827, 370, 327, 838, 841, 844, 846, 848, 849, 850, 851, 852, 853, 854, 855, 856, 857, 858, 859, 860, 861, 862, 863, 864, 865, 866, 867, 868, 869, 870, 871, 872, 873, 874, 875, 876, 877, 878, 879, 880, 881, 882, 883, 884, 885, 886, 887, 888, 889, 890, 891, 892, 893, 894, 895, 896, 897, 898, 899, 900, 901, 902, 903, 904, 905, 906, 907, 908, 909, 398, 399, 400, 401, 402, 403, 404, 917, 405, 407, 408, 409, 406, 410, 411, 412, 413, 414, 415, 416, 417, 418, 419, 420, 421, 422, 423, 424, 425, 426, 427, 428, 429, 430, 431, 432, 433, 434, 435, 436, 437, 438, 439, 440, 441, 442, 443, 444, 445, 446, 447, 448, 449, 450, 451, 452, 453, 454, 455, 456, 457, 458, 459, 461, 460, 462, 463, 464, 465, 466, 467, 468, 470, 469, 471, 472, 473, 474, 475, 476, 477, 478, 479, 480, 481, 482, 483, 484, 910, 911, 912, 913, 500, 501, 914, 915]",True,"[461, 908]","[398, 399, 400, 401, 402, 403, 404, 405, 406, 407, 408, 409, 410, 411, 412, 413, 414, 415, 416, 417, 418, 419, 420, 421, 422, 423, 424, 425, 426, 427, 428, 429, 430, 431, 432, 433, 434, 435, 436, 437, 438, 439, 440, 441, 442, 443, 444, 445, 446, 447, 448, 449, 450, 451, 452, 453, 454, 455, 456, 457, 458, 459, 460, 461, 462, 463, 464, 465, 466, 467, 468, 469, 470, 471, 472, 473, 474, 475, 476, 477, 478, 479, 480, 481, 482, 483, 484, 848, 849, 850, 851, 852, 853, 854, 855, 856, 857, 858, 859, 860, 861, 862, 863, 864, 865, 866, 867, 868, 869, 870, 871, 872, 873, 874, 875, 876, 877, 878, 879, 880, 881, 882, 883, 884, 885, 886, 887, 888, 889, 890, 891, 892, 893, 894, 895, 896, 897, 898, 899, 900, 901, 902, 903, 904, 905, 906, 907, 908, 909, 910, 911, 912, 913, 914, 915, 916, 917, 918, 919, 920, 921, 922, 923, 924, 925, 926, 927, 928, 929, 930, 931, 932, 933, 934, 935]","[461, 908]","[327, 461, 470, 785, 908, 917]","[16, 125, 156, 163, 168, 184, 205, 222, 229, 253, 258, 265, 313, 317, 336, 340, 341, 356, 363, 365, 366, 367, 370, 375, 388, 391, 394, 396, 402, 410, 411, 412, 413, 415, 416, 417, 418, 419, 425, 429, 431, 433, 435, 437, 440, 441, 442, 443, 451, 452, 456, 457, 458, 460, 461, 464, 471, 473, 474, 475, 481, 482, 501, 596, 628, 635, 655, 675, 693, 716, 720, 725, 771, 775, 793, 796, 797, 811, 817, 818, 820, 825, 838, 841, 844, 846, 851, 857, 861, 862, 863, 864, 866, 867, 868, 870, 871, 877, 881, 883, 885, 888, 891, 892, 893, 898, 899, 904, 905, 907, 908, 911, 918, 920, 921, 922, 923, 924, 926, 931, 933]","[15, 16, 65, 66, 67, 68, 69, 70, 71, 72, 73, 74, 75, 76, 77, 78, 80, 151, 244, 245, 246, 247, 248, 249, 250, 251, 252, 253, 254, 255, 256, 257, 258, 259, 260, 280, 340, 373, 374, 375, 376, 377, 459, 460, 461, 462, 500, 501, 539, 540, 541, 542, 543, 544, 545, 546, 547, 548, 549, 550, 552, 622, 708, 709, 710, 711, 712, 713, 714, 715, 716, 717, 718, 719, 720, 739, 796, 823, 824, 825, 826, 827, 906, 907, 908, 909]","[15, 16, 65, 66, 67, 68, 69, 70, 71, 72, 73, 74, 75, 76, 80, 151, 245, 246, 247, 248, 249, 250, 251, 252, 253, 254, 255, 256, 257, 258, 259, 280, 340, 373, 374, 375, 376, 377, 459, 460, 461, 462, 500, 501, 539, 540, 541, 542, 543, 544, 545, 546, 547, 548, 549, 550, 552, 622, 708, 709, 710, 711, 712, 713, 714, 715, 716, 717, 718, 719, 720, 739, 796, 823, 824, 825, 826, 827, 906, 907, 908, 909]",7/6 successful match,True,"[363, 364]",True,149,False,,1.0,True,Pilot Travel Center # 775,Pilot
"F Phoenix , 85043 Liberty Fuel",602-233-1196 I-10 Exit 138 ( 59th Ave ),) HRS M,Phoenix,85043,Liberty Fuel,602-233-1196,2006,Phoenix,AZ,,( 59th Ave ),I-10 Exit 138 ,Exit,138,False,,False,I-10,,,,,[],"[7, 13, 14, 22, 83, 493, 498, 499, 506, 554]","[6, 7, 13, 14, 22, 56, 83, 492, 493, 498, 499, 506, 533, 554]",[],"[0, 1, 2, 3, 4, 5, 6, 7, 8, 9, 10, 11, 12, 13, 14, 15, 16, 17, 18, 19, 20, 21, 22, 23, 24, 25, 26, 27, 28, 29, 30, 31, 32, 33, 34, 35, 36, 37, 38, 39, 40, 41, 42, 43, 44, 45, 46, 47, 48, 49, 50, 51, 52, 53, 54, 55, 56, 57, 58, 59, 60, 61, 62, 63, 64, 65, 66, 67, 68, 69, 70, 71, 72, 73, 74, 75, 76, 77, 78, 79, 80, 81, 82, 83, 84, 85, 86, 87, 88, 89, 90, 91, 92, 93, 94, 95, 96, 97, 98, 99, 100, 101, 102, 485, 486, 487, 488, 489, 490, 491, 492, 493, 494, 495, 496, 497, 498, 499, 500, 501, 502, 503, 504, 505, 506, 507, 508, 509, 510, 511, 512, 513, 514, 515, 516, 517, 518, 519, 520, 521, 522, 523, 524, 525, 526, 527, 528, 529, 530, 531, 532, 533, 534, 535, 536, 537, 538, 539, 540, 541, 542, 543, 544, 545, 546, 547, 548, 549, 550, 551, 552, 553, 554, 555, 556, 557, 558, 559, 560, 561, 562, 563, 564, 565, 566, 567, 568, 569, 570, 571, 572, 573]","[0, 5, 7, 10, 14, 19, 20, 22, 24, 32, 33, 34, 37, 38, 40, 44, 46, 48, 49, 51, 56, 61, 63, 65, 67, 68, 73, 74, 75, 76, 79, 81, 82, 83, 85, 87, 88, 92, 93, 95, 96, 99, 100, 101, 115, 116, 124, 134, 142, 161, 167, 169, 170, 186, 202, 240, 244, 254, 260, 267, 277, 300, 303, 307, 310, 322, 331, 376, 485, 491, 493, 495, 499, 503, 504, 506, 508, 515, 518, 519, 521, 524, 526, 528, 533, 537, 539, 542, 543, 547, 548, 549, 550, 551, 553, 554, 556, 558, 559, 563, 564, 566, 567, 570, 571, 572, 586, 587, 595, 605, 613, 633, 639, 640, 641, 657, 672, 704, 717, 726, 736, 759, 761, 765, 768, 780, 788, 792, 826]",[],[],"[0, 1, 2, 3, 4, 5, 6, 7, 8, 9, 10, 11, 12, 13, 14, 15, 16, 17, 18, 19, 20, 533, 22, 21, 23, 24, 25, 26, 27, 28, 29, 30, 31, 32, 33, 34, 35, 36, 37, 38, 39, 40, 554, 41, 42, 43, 44, 45, 46, 47, 48, 49, 50, 51, 52, 53, 56, 54, 55, 57, 58, 59, 60, 61, 62, 63, 64, 65, 66, 67, 68, 69, 70, 71, 72, 73, 74, 75, 76, 77, 78, 79, 80, 83, 81, 82, 84, 85, 86, 87, 88, 89, 90, 91, 92, 93, 94, 95, 96, 97, 98, 99, 100, 101, 102, 528, 529, 530, 613, 513, 531, 115, 116, 532, 633, 124, 534, 639, 640, 641, 535, 134, 514, 536, 537, 142, 657, 538, 539, 540, 672, 515, 541, 161, 542, 167, 169, 170, 543, 544, 545, 516, 186, 546, 704, 547, 548, 202, 549, 717, 550, 517, 551, 726, 552, 553, 736, 555, 518, 556, 240, 557, 244, 759, 558, 761, 559, 254, 765, 768, 560, 260, 519, 561, 267, 562, 780, 563, 788, 277, 564, 792, 565, 520, 566, 567, 568, 300, 569, 303, 307, 570, 310, 521, 571, 826, 572, 322, 573, 331, 522, 523, 376, 524, 586, 587, 525, 512, 595, 526, 527, 605, 485, 486, 487, 488, 489, 490, 491, 492, 493, 494, 495, 496, 497, 498, 499, 500, 501, 502, 503, 504, 505, 506, 507, 508, 509, 510, 511]",False,"[7, 13, 14, 22, 83, 493, 498, 499, 506, 554]","[0, 1, 2, 3, 4, 5, 6, 7, 8, 9, 10, 11, 12, 13, 14, 15, 16, 17, 18, 19, 20, 21, 22, 23, 24, 25, 26, 27, 28, 29, 30, 31, 32, 33, 34, 35, 36, 37, 38, 39, 40, 41, 42, 43, 44, 45, 46, 47, 48, 49, 50, 51, 52, 53, 54, 55, 56, 57, 58, 59, 60, 61, 62, 63, 64, 65, 66, 67, 68, 69, 70, 71, 72, 73, 74, 75, 76, 77, 78, 79, 80, 81, 82, 83, 84, 85, 86, 87, 88, 89, 90, 91, 92, 93, 94, 95, 96, 97, 98, 99, 100, 101, 102, 485, 486, 487, 488, 489, 490, 491, 492, 493, 494, 495, 496, 497, 498, 499, 500, 501, 502, 503, 504, 505, 506, 507, 508, 509, 510, 511, 512, 513, 514, 515, 516, 517, 518, 519, 520, 521, 522, 523, 524, 525, 526, 527, 528, 529, 530, 531, 532, 533, 534, 535, 536, 537, 538, 539, 540, 541, 542, 543, 544, 545, 546, 547, 548, 549, 550, 551, 552, 553, 554, 555, 556, 557, 558, 559, 560, 561, 562, 563, 564, 565, 566, 567, 568, 569, 570, 571, 572, 573]","[6, 7, 13, 14, 22, 56, 83, 492, 493, 498, 499, 506, 533, 554]",[],"[0, 5, 7, 10, 14, 19, 20, 22, 24, 32, 33, 34, 37, 38, 40, 44, 46, 48, 49, 51, 56, 61, 63, 65, 67, 68, 73, 74, 75, 76, 79, 81, 82, 83, 85, 87, 88, 92, 93, 95, 96, 99, 100, 101, 115, 116, 124, 134, 142, 161, 167, 169, 170, 186, 202, 240, 244, 254, 260, 267, 277, 300, 303, 307, 310, 322, 331, 376, 485, 491, 493, 495, 499, 503, 504, 506, 508, 515, 518, 519, 521, 524, 526, 528, 533, 537, 539, 542, 543, 547, 548, 549, 550, 551, 553, 554, 556, 558, 559, 563, 564, 566, 567, 570, 571, 572, 586, 587, 595, 605, 613, 633, 639, 640, 641, 657, 672, 704, 717, 726, 736, 759, 761, 765, 768, 780, 788, 792, 826]",[],[],7/6 successful match,False,,False,150,False,,,,,
"F Phoenix , 85043 Liberty Fuel",602-233-1196 I-10 Exit 138 ( 59th Ave ),24,Phoenix,85043,Liberty Fuel,602-233-1196,2007,Phoenix,AZ,,( 59th Ave ),I-10 Exit 138 ,Exit,138,False,,False,I-10,,,,,[],"[7, 13, 14, 22, 83, 493, 498, 499, 506, 554]","[6, 7, 13, 14, 22, 56, 83, 492, 493, 498, 499, 506, 533, 554]",[],"[0, 1, 2, 3, 4, 5, 6, 7, 8, 9, 10, 11, 12, 13, 14, 15, 16, 17, 18, 19, 20, 21, 22, 23, 24, 25, 26, 27, 28, 29, 30, 31, 32, 33, 34, 35, 36, 37, 38, 39, 40, 41, 42, 43, 44, 45, 46, 47, 48, 49, 50, 51, 52, 53, 54, 55, 56, 57, 58, 59, 60, 61, 62, 63, 64, 65, 66, 67, 68, 69, 70, 71, 72, 73, 74, 75, 76, 77, 78, 79, 80, 81, 82, 83, 84, 85, 86, 87, 88, 89, 90, 91, 92, 93, 94, 95, 96, 97, 98, 99, 100, 101, 102, 485, 486, 487, 488, 489, 490, 491, 492, 493, 494, 495, 496, 497, 498, 499, 500, 501, 502, 503, 504, 505, 506, 507, 508, 509, 510, 511, 512, 513, 514, 515, 516, 517, 518, 519, 520, 521, 522, 523, 524, 525, 526, 527, 528, 529, 530, 531, 532, 533, 534, 535, 536, 537, 538, 539, 540, 541, 542, 543, 544, 545, 546, 547, 548, 549, 550, 551, 552, 553, 554, 555, 556, 557, 558, 559, 560, 561, 562, 563, 564, 565, 566, 567, 568, 569, 570, 571, 572, 573]","[0, 5, 7, 10, 14, 19, 20, 22, 24, 32, 33, 34, 37, 38, 40, 44, 46, 48, 49, 51, 56, 61, 63, 65, 67, 68, 73, 74, 75, 76, 79, 81, 82, 83, 85, 87, 88, 92, 93, 95, 96, 99, 100, 101, 115, 116, 124, 134, 142, 161, 167, 169, 170, 186, 202, 240, 244, 254, 260, 267, 277, 300, 303, 307, 310, 322, 331, 376, 485, 491, 493, 495, 499, 503, 504, 506, 508, 515, 518, 519, 521, 524, 526, 528, 533, 537, 539, 542, 543, 547, 548, 549, 550, 551, 553, 554, 556, 558, 559, 563, 564, 566, 567, 570, 571, 572, 586, 587, 595, 605, 613, 633, 639, 640, 641, 657, 672, 704, 717, 726, 736, 759, 761, 765, 768, 780, 788, 792, 826]",[],[],"[0, 1, 2, 3, 4, 5, 6, 7, 8, 9, 10, 11, 12, 13, 14, 15, 16, 17, 18, 19, 20, 533, 22, 21, 23, 24, 25, 26, 27, 28, 29, 30, 31, 32, 33, 34, 35, 36, 37, 38, 39, 40, 554, 41, 42, 43, 44, 45, 46, 47, 48, 49, 50, 51, 52, 53, 56, 54, 55, 57, 58, 59, 60, 61, 62, 63, 64, 65, 66, 67, 68, 69, 70, 71, 72, 73, 74, 75, 76, 77, 78, 79, 80, 83, 81, 82, 84, 85, 86, 87, 88, 89, 90, 91, 92, 93, 94, 95, 96, 97, 98, 99, 100, 101, 102, 528, 529, 530, 613, 513, 531, 115, 116, 532, 633, 124, 534, 639, 640, 641, 535, 134, 514, 536, 537, 142, 657, 538, 539, 540, 672, 515, 541, 161, 542, 167, 169, 170, 543, 544, 545, 516, 186, 546, 704, 547, 548, 202, 549, 717, 550, 517, 551, 726, 552, 553, 736, 555, 518, 556, 240, 557, 244, 759, 558, 761, 559, 254, 765, 768, 560, 260, 519, 561, 267, 562, 780, 563, 788, 277, 564, 792, 565, 520, 566, 567, 568, 300, 569, 303, 307, 570, 310, 521, 571, 826, 572, 322, 573, 331, 522, 523, 376, 524, 586, 587, 525, 512, 595, 526, 527, 605, 485, 486, 487, 488, 489, 490, 491, 492, 493, 494, 495, 496, 497, 498, 499, 500, 501, 502, 503, 504, 505, 506, 507, 508, 509, 510, 511]",False,"[7, 13, 14, 22, 83, 493, 498, 499, 506, 554]","[0, 1, 2, 3, 4, 5, 6, 7, 8, 9, 10, 11, 12, 13, 14, 15, 16, 17, 18, 19, 20, 21, 22, 23, 24, 25, 26, 27, 28, 29, 30, 31, 32, 33, 34, 35, 36, 37, 38, 39, 40, 41, 42, 43, 44, 45, 46, 47, 48, 49, 50, 51, 52, 53, 54, 55, 56, 57, 58, 59, 60, 61, 62, 63, 64, 65, 66, 67, 68, 69, 70, 71, 72, 73, 74, 75, 76, 77, 78, 79, 80, 81, 82, 83, 84, 85, 86, 87, 88, 89, 90, 91, 92, 93, 94, 95, 96, 97, 98, 99, 100, 101, 102, 485, 486, 487, 488, 489, 490, 491, 492, 493, 494, 495, 496, 497, 498, 499, 500, 501, 502, 503, 504, 505, 506, 507, 508, 509, 510, 511, 512, 513, 514, 515, 516, 517, 518, 519, 520, 521, 522, 523, 524, 525, 526, 527, 528, 529, 530, 531, 532, 533, 534, 535, 536, 537, 538, 539, 540, 541, 542, 543, 544, 545, 546, 547, 548, 549, 550, 551, 552, 553, 554, 555, 556, 557, 558, 559, 560, 561, 562, 563, 564, 565, 566, 567, 568, 569, 570, 571, 572, 573]","[6, 7, 13, 14, 22, 56, 83, 492, 493, 498, 499, 506, 533, 554]",[],"[0, 5, 7, 10, 14, 19, 20, 22, 24, 32, 33, 34, 37, 38, 40, 44, 46, 48, 49, 51, 56, 61, 63, 65, 67, 68, 73, 74, 75, 76, 79, 81, 82, 83, 85, 87, 88, 92, 93, 95, 96, 99, 100, 101, 115, 116, 124, 134, 142, 161, 167, 169, 170, 186, 202, 240, 244, 254, 260, 267, 277, 300, 303, 307, 310, 322, 331, 376, 485, 491, 493, 495, 499, 503, 504, 506, 508, 515, 518, 519, 521, 524, 526, 528, 533, 537, 539, 542, 543, 547, 548, 549, 550, 551, 553, 554, 556, 558, 559, 563, 564, 566, 567, 570, 571, 572, 586, 587, 595, 605, 613, 633, 639, 640, 641, 657, 672, 704, 717, 726, 736, 759, 761, 765, 768, 780, 788, 792, 826]",[],[],7/6 successful match,False,,False,150,False,,0.8999999999999999,True,Liberty Fuel,
"Phoenix , 85043 Liberty Fuel",4 602-233-1196 I-10 Exit 138 ( 59th Ave ),24 HRS XL $ <U+25A0><U+25A0>,Phoenix,85043,Liberty Fuel,602-233-1196,2008,Phoenix,AZ,,( 59th Ave ),I-10 Exit 138 ,Exit,138,False,,False,I-10,,,,,[],"[7, 13, 14, 22, 83, 493, 498, 499, 506, 554]","[6, 7, 13, 14, 22, 56, 83, 492, 493, 498, 499, 506, 533, 554]",[],"[0, 1, 2, 3, 4, 5, 6, 7, 8, 9, 10, 11, 12, 13, 14, 15, 16, 17, 18, 19, 20, 21, 22, 23, 24, 25, 26, 27, 28, 29, 30, 31, 32, 33, 34, 35, 36, 37, 38, 39, 40, 41, 42, 43, 44, 45, 46, 47, 48, 49, 50, 51, 52, 53, 54, 55, 56, 57, 58, 59, 60, 61, 62, 63, 64, 65, 66, 67, 68, 69, 70, 71, 72, 73, 74, 75, 76, 77, 78, 79, 80, 81, 82, 83, 84, 85, 86, 87, 88, 89, 90, 91, 92, 93, 94, 95, 96, 97, 98, 99, 100, 101, 102, 485, 486, 487, 488, 489, 490, 491, 492, 493, 494, 495, 496, 497, 498, 499, 500, 501, 502, 503, 504, 505, 506, 507, 508, 509, 510, 511, 512, 513, 514, 515, 516, 517, 518, 519, 520, 521, 522, 523, 524, 525, 526, 527, 528, 529, 530, 531, 532, 533, 534, 535, 536, 537, 538, 539, 540, 541, 542, 543, 544, 545, 546, 547, 548, 549, 550, 551, 552, 553, 554, 555, 556, 557, 558, 559, 560, 561, 562, 563, 564, 565, 566, 567, 568, 569, 570, 571, 572, 573]","[0, 5, 7, 10, 14, 19, 20, 22, 24, 32, 33, 34, 37, 38, 40, 44, 46, 48, 49, 51, 56, 61, 63, 65, 67, 68, 73, 74, 75, 76, 79, 81, 82, 83, 85, 87, 88, 92, 93, 95, 96, 99, 100, 101, 115, 116, 124, 134, 142, 161, 167, 169, 170, 186, 202, 240, 244, 254, 260, 267, 277, 300, 303, 307, 310, 322, 331, 376, 485, 491, 493, 495, 499, 503, 504, 506, 508, 515, 518, 519, 521, 524, 526, 528, 533, 537, 539, 542, 543, 547, 548, 549, 550, 551, 553, 554, 556, 558, 559, 563, 564, 566, 567, 570, 571, 572, 586, 587, 595, 605, 613, 633, 639, 640, 641, 657, 672, 704, 717, 726, 736, 759, 761, 765, 768, 780, 788, 792, 826]",[],[],"[0, 1, 2, 3, 4, 5, 6, 7, 8, 9, 10, 11, 12, 13, 14, 15, 16, 17, 18, 19, 20, 533, 22, 21, 23, 24, 25, 26, 27, 28, 29, 30, 31, 32, 33, 34, 35, 36, 37, 38, 39, 40, 554, 41, 42, 43, 44, 45, 46, 47, 48, 49, 50, 51, 52, 53, 56, 54, 55, 57, 58, 59, 60, 61, 62, 63, 64, 65, 66, 67, 68, 69, 70, 71, 72, 73, 74, 75, 76, 77, 78, 79, 80, 83, 81, 82, 84, 85, 86, 87, 88, 89, 90, 91, 92, 93, 94, 95, 96, 97, 98, 99, 100, 101, 102, 528, 529, 530, 613, 513, 531, 115, 116, 532, 633, 124, 534, 639, 640, 641, 535, 134, 514, 536, 537, 142, 657, 538, 539, 540, 672, 515, 541, 161, 542, 167, 169, 170, 543, 544, 545, 516, 186, 546, 704, 547, 548, 202, 549, 717, 550, 517, 551, 726, 552, 553, 736, 555, 518, 556, 240, 557, 244, 759, 558, 761, 559, 254, 765, 768, 560, 260, 519, 561, 267, 562, 780, 563, 788, 277, 564, 792, 565, 520, 566, 567, 568, 300, 569, 303, 307, 570, 310, 521, 571, 826, 572, 322, 573, 331, 522, 523, 376, 524, 586, 587, 525, 512, 595, 526, 527, 605, 485, 486, 487, 488, 489, 490, 491, 492, 493, 494, 495, 496, 497, 498, 499, 500, 501, 502, 503, 504, 505, 506, 507, 508, 509, 510, 511]",False,"[7, 13, 14, 22, 83, 493, 498, 499, 506, 554]","[0, 1, 2, 3, 4, 5, 6, 7, 8, 9, 10, 11, 12, 13, 14, 15, 16, 17, 18, 19, 20, 21, 22, 23, 24, 25, 26, 27, 28, 29, 30, 31, 32, 33, 34, 35, 36, 37, 38, 39, 40, 41, 42, 43, 44, 45, 46, 47, 48, 49, 50, 51, 52, 53, 54, 55, 56, 57, 58, 59, 60, 61, 62, 63, 64, 65, 66, 67, 68, 69, 70, 71, 72, 73, 74, 75, 76, 77, 78, 79, 80, 81, 82, 83, 84, 85, 86, 87, 88, 89, 90, 91, 92, 93, 94, 95, 96, 97, 98, 99, 100, 101, 102, 485, 486, 487, 488, 489, 490, 491, 492, 493, 494, 495, 496, 497, 498, 499, 500, 501, 502, 503, 504, 505, 506, 507, 508, 509, 510, 511, 512, 513, 514, 515, 516, 517, 518, 519, 520, 521, 522, 523, 524, 525, 526, 527, 528, 529, 530, 531, 532, 533, 534, 535, 536, 537, 538, 539, 540, 541, 542, 543, 544, 545, 546, 547, 548, 549, 550, 551, 552, 553, 554, 555, 556, 557, 558, 559, 560, 561, 562, 563, 564, 565, 566, 567, 568, 569, 570, 571, 572, 573]","[6, 7, 13, 14, 22, 56, 83, 492, 493, 498, 499, 506, 533, 554]",[],"[0, 5, 7, 10, 14, 19, 20, 22, 24, 32, 33, 34, 37, 38, 40, 44, 46, 48, 49, 51, 56, 61, 63, 65, 67, 68, 73, 74, 75, 76, 79, 81, 82, 83, 85, 87, 88, 92, 93, 95, 96, 99, 100, 101, 115, 116, 124, 134, 142, 161, 167, 169, 170, 186, 202, 240, 244, 254, 260, 267, 277, 300, 303, 307, 310, 322, 331, 376, 485, 491, 493, 495, 499, 503, 504, 506, 508, 515, 518, 519, 521, 524, 526, 528, 533, 537, 539, 542, 543, 547, 548, 549, 550, 551, 553, 554, 556, 558, 559, 563, 564, 566, 567, 570, 571, 572, 586, 587, 595, 605, 613, 633, 639, 640, 641, 657, 672, 704, 717, 726, 736, 759, 761, 765, 768, 780, 788, 792, 826]",[],[],7/6 successful match,False,,False,150,False,,0.8999999999999999,True,Liberty Fuel,
F Phoenix ( 85043 ) Liberty Fuel,4 602-233-1196 I-10 Exit 138 ( 59th Ave ),38 XL,Phoenix,85043,Liberty Fuel,602-233-1196,2014,Phoenix,AZ,,( 59th Ave ),I-10 Exit 138 ,Exit,138,False,,False,I-10,,,,,[],"[7, 13, 14, 22, 83, 493, 498, 499, 506, 554]","[6, 7, 13, 14, 22, 56, 83, 492, 493, 498, 499, 506, 533, 554]",[],"[0, 1, 2, 3, 4, 5, 6, 7, 8, 9, 10, 11, 12, 13, 14, 15, 16, 17, 18, 19, 20, 21, 22, 23, 24, 25, 26, 27, 28, 29, 30, 31, 32, 33, 34, 35, 36, 37, 38, 39, 40, 41, 42, 43, 44, 45, 46, 47, 48, 49, 50, 51, 52, 53, 54, 55, 56, 57, 58, 59, 60, 61, 62, 63, 64, 65, 66, 67, 68, 69, 70, 71, 72, 73, 74, 75, 76, 77, 78, 79, 80, 81, 82, 83, 84, 85, 86, 87, 88, 89, 90, 91, 92, 93, 94, 95, 96, 97, 98, 99, 100, 101, 102, 485, 486, 487, 488, 489, 490, 491, 492, 493, 494, 495, 496, 497, 498, 499, 500, 501, 502, 503, 504, 505, 506, 507, 508, 509, 510, 511, 512, 513, 514, 515, 516, 517, 518, 519, 520, 521, 522, 523, 524, 525, 526, 527, 528, 529, 530, 531, 532, 533, 534, 535, 536, 537, 538, 539, 540, 541, 542, 543, 544, 545, 546, 547, 548, 549, 550, 551, 552, 553, 554, 555, 556, 557, 558, 559, 560, 561, 562, 563, 564, 565, 566, 567, 568, 569, 570, 571, 572, 573]","[0, 5, 7, 10, 14, 19, 20, 22, 24, 32, 33, 34, 37, 38, 40, 44, 46, 48, 49, 51, 56, 61, 63, 65, 67, 68, 73, 74, 75, 76, 79, 81, 82, 83, 85, 87, 88, 92, 93, 95, 96, 99, 100, 101, 115, 116, 124, 134, 142, 161, 167, 169, 170, 186, 202, 240, 244, 254, 260, 267, 277, 300, 303, 307, 310, 322, 331, 376, 485, 491, 493, 495, 499, 503, 504, 506, 508, 515, 518, 519, 521, 524, 526, 528, 533, 537, 539, 542, 543, 547, 548, 549, 550, 551, 553, 554, 556, 558, 559, 563, 564, 566, 567, 570, 571, 572, 586, 587, 595, 605, 613, 633, 639, 640, 641, 657, 672, 704, 717, 726, 736, 759, 761, 765, 768, 780, 788, 792, 826]",[],[],"[0, 1, 2, 3, 4, 5, 6, 7, 8, 9, 10, 11, 12, 13, 14, 15, 16, 17, 18, 19, 20, 533, 22, 21, 23, 24, 25, 26, 27, 28, 29, 30, 31, 32, 33, 34, 35, 36, 37, 38, 39, 40, 554, 41, 42, 43, 44, 45, 46, 47, 48, 49, 50, 51, 52, 53, 56, 54, 55, 57, 58, 59, 60, 61, 62, 63, 64, 65, 66, 67, 68, 69, 70, 71, 72, 73, 74, 75, 76, 77, 78, 79, 80, 83, 81, 82, 84, 85, 86, 87, 88, 89, 90, 91, 92, 93, 94, 95, 96, 97, 98, 99, 100, 101, 102, 528, 529, 530, 613, 513, 531, 115, 116, 532, 633, 124, 534, 639, 640, 641, 535, 134, 514, 536, 537, 142, 657, 538, 539, 540, 672, 515, 541, 161, 542, 167, 169, 170, 543, 544, 545, 516, 186, 546, 704, 547, 548, 202, 549, 717, 550, 517, 551, 726, 552, 553, 736, 555, 518, 556, 240, 557, 244, 759, 558, 761, 559, 254, 765, 768, 560, 260, 519, 561, 267, 562, 780, 563, 788, 277, 564, 792, 565, 520, 566, 567, 568, 300, 569, 303, 307, 570, 310, 521, 571, 826, 572, 322, 573, 331, 522, 523, 376, 524, 586, 587, 525, 512, 595, 526, 527, 605, 485, 486, 487, 488, 489, 490, 491, 492, 493, 494, 495, 496, 497, 498, 499, 500, 501, 502, 503, 504, 505, 506, 507, 508, 509, 510, 511]",False,"[7, 13, 14, 22, 83, 493, 498, 499, 506, 554]","[0, 1, 2, 3, 4, 5, 6, 7, 8, 9, 10, 11, 12, 13, 14, 15, 16, 17, 18, 19, 20, 21, 22, 23, 24, 25, 26, 27, 28, 29, 30, 31, 32, 33, 34, 35, 36, 37, 38, 39, 40, 41, 42, 43, 44, 45, 46, 47, 48, 49, 50, 51, 52, 53, 54, 55, 56, 57, 58, 59, 60, 61, 62, 63, 64, 65, 66, 67, 68, 69, 70, 71, 72, 73, 74, 75, 76, 77, 78, 79, 80, 81, 82, 83, 84, 85, 86, 87, 88, 89, 90, 91, 92, 93, 94, 95, 96, 97, 98, 99, 100, 101, 102, 485, 486, 487, 488, 489, 490, 491, 492, 493, 494, 495, 496, 497, 498, 499, 500, 501, 502, 503, 504, 505, 506, 507, 508, 509, 510, 511, 512, 513, 514, 515, 516, 517, 518, 519, 520, 521, 522, 523, 524, 525, 526, 527, 528, 529, 530, 531, 532, 533, 534, 535, 536, 537, 538, 539, 540, 541, 542, 543, 544, 545, 546, 547, 548, 549, 550, 551, 552, 553, 554, 555, 556, 557, 558, 559, 560, 561, 562, 563, 564, 565, 566, 567, 568, 569, 570, 571, 572, 573]","[6, 7, 13, 14, 22, 56, 83, 492, 493, 498, 499, 506, 533, 554]",[],"[0, 5, 7, 10, 14, 19, 20, 22, 24, 32, 33, 34, 37, 38, 40, 44, 46, 48, 49, 51, 56, 61, 63, 65, 67, 68, 73, 74, 75, 76, 79, 81, 82, 83, 85, 87, 88, 92, 93, 95, 96, 99, 100, 101, 115, 116, 124, 134, 142, 161, 167, 169, 170, 186, 202, 240, 244, 254, 260, 267, 277, 300, 303, 307, 310, 322, 331, 376, 485, 491, 493, 495, 499, 503, 504, 506, 508, 515, 518, 519, 521, 524, 526, 528, 533, 537, 539, 542, 543, 547, 548, 549, 550, 551, 553, 554, 556, 558, 559, 563, 564, 566, 567, 570, 571, 572, 586, 587, 595, 605, 613, 633, 639, 640, 641, 657, 672, 704, 717, 726, 736, 759, 761, 765, 768, 780, 788, 792, 826]",[],[],7/6 successful match,False,,False,150,False,,0.8999999999999999,True,Liberty Fuel,
F Phoenix ( 85043 ) Liberty Fuel,602-233-1196 I-10 Exit 138 ( 59th Ave ),24 X,Phoenix,85043,Liberty Fuel,602-233-1196,2015,Phoenix,AZ,,( 59th Ave ),I-10 Exit 138 ,Exit,138,False,,False,I-10,,,,,[],"[7, 13, 14, 22, 83, 493, 498, 499, 506, 554]","[6, 7, 13, 14, 22, 56, 83, 492, 493, 498, 499, 506, 533, 554]",[],"[0, 1, 2, 3, 4, 5, 6, 7, 8, 9, 10, 11, 12, 13, 14, 15, 16, 17, 18, 19, 20, 21, 22, 23, 24, 25, 26, 27, 28, 29, 30, 31, 32, 33, 34, 35, 36, 37, 38, 39, 40, 41, 42, 43, 44, 45, 46, 47, 48, 49, 50, 51, 52, 53, 54, 55, 56, 57, 58, 59, 60, 61, 62, 63, 64, 65, 66, 67, 68, 69, 70, 71, 72, 73, 74, 75, 76, 77, 78, 79, 80, 81, 82, 83, 84, 85, 86, 87, 88, 89, 90, 91, 92, 93, 94, 95, 96, 97, 98, 99, 100, 101, 102, 485, 486, 487, 488, 489, 490, 491, 492, 493, 494, 495, 496, 497, 498, 499, 500, 501, 502, 503, 504, 505, 506, 507, 508, 509, 510, 511, 512, 513, 514, 515, 516, 517, 518, 519, 520, 521, 522, 523, 524, 525, 526, 527, 528, 529, 530, 531, 532, 533, 534, 535, 536, 537, 538, 539, 540, 541, 542, 543, 544, 545, 546, 547, 548, 549, 550, 551, 552, 553, 554, 555, 556, 557, 558, 559, 560, 561, 562, 563, 564, 565, 566, 567, 568, 569, 570, 571, 572, 573]","[0, 5, 7, 10, 14, 19, 20, 22, 24, 32, 33, 34, 37, 38, 40, 44, 46, 48, 49, 51, 56, 61, 63, 65, 67, 68, 73, 74, 75, 76, 79, 81, 82, 83, 85, 87, 88, 92, 93, 95, 96, 99, 100, 101, 115, 116, 124, 134, 142, 161, 167, 169, 170, 186, 202, 240, 244, 254, 260, 267, 277, 300, 303, 307, 310, 322, 331, 376, 485, 491, 493, 495, 499, 503, 504, 506, 508, 515, 518, 519, 521, 524, 526, 528, 533, 537, 539, 542, 543, 547, 548, 549, 550, 551, 553, 554, 556, 558, 559, 563, 564, 566, 567, 570, 571, 572, 586, 587, 595, 605, 613, 633, 639, 640, 641, 657, 672, 704, 717, 726, 736, 759, 761, 765, 768, 780, 788, 792, 826]",[],[],"[0, 1, 2, 3, 4, 5, 6, 7, 8, 9, 10, 11, 12, 13, 14, 15, 16, 17, 18, 19, 20, 533, 22, 21, 23, 24, 25, 26, 27, 28, 29, 30, 31, 32, 33, 34, 35, 36, 37, 38, 39, 40, 554, 41, 42, 43, 44, 45, 46, 47, 48, 49, 50, 51, 52, 53, 56, 54, 55, 57, 58, 59, 60, 61, 62, 63, 64, 65, 66, 67, 68, 69, 70, 71, 72, 73, 74, 75, 76, 77, 78, 79, 80, 83, 81, 82, 84, 85, 86, 87, 88, 89, 90, 91, 92, 93, 94, 95, 96, 97, 98, 99, 100, 101, 102, 528, 529, 530, 613, 513, 531, 115, 116, 532, 633, 124, 534, 639, 640, 641, 535, 134, 514, 536, 537, 142, 657, 538, 539, 540, 672, 515, 541, 161, 542, 167, 169, 170, 543, 544, 545, 516, 186, 546, 704, 547, 548, 202, 549, 717, 550, 517, 551, 726, 552, 553, 736, 555, 518, 556, 240, 557, 244, 759, 558, 761, 559, 254, 765, 768, 560, 260, 519, 561, 267, 562, 780, 563, 788, 277, 564, 792, 565, 520, 566, 567, 568, 300, 569, 303, 307, 570, 310, 521, 571, 826, 572, 322, 573, 331, 522, 523, 376, 524, 586, 587, 525, 512, 595, 526, 527, 605, 485, 486, 487, 488, 489, 490, 491, 492, 493, 494, 495, 496, 497, 498, 499, 500, 501, 502, 503, 504, 505, 506, 507, 508, 509, 510, 511]",False,"[7, 13, 14, 22, 83, 493, 498, 499, 506, 554]","[0, 1, 2, 3, 4, 5, 6, 7, 8, 9, 10, 11, 12, 13, 14, 15, 16, 17, 18, 19, 20, 21, 22, 23, 24, 25, 26, 27, 28, 29, 30, 31, 32, 33, 34, 35, 36, 37, 38, 39, 40, 41, 42, 43, 44, 45, 46, 47, 48, 49, 50, 51, 52, 53, 54, 55, 56, 57, 58, 59, 60, 61, 62, 63, 64, 65, 66, 67, 68, 69, 70, 71, 72, 73, 74, 75, 76, 77, 78, 79, 80, 81, 82, 83, 84, 85, 86, 87, 88, 89, 90, 91, 92, 93, 94, 95, 96, 97, 98, 99, 100, 101, 102, 485, 486, 487, 488, 489, 490, 491, 492, 493, 494, 495, 496, 497, 498, 499, 500, 501, 502, 503, 504, 505, 506, 507, 508, 509, 510, 511, 512, 513, 514, 515, 516, 517, 518, 519, 520, 521, 522, 523, 524, 525, 526, 527, 528, 529, 530, 531, 532, 533, 534, 535, 536, 537, 538, 539, 540, 541, 542, 543, 544, 545, 546, 547, 548, 549, 550, 551, 552, 553, 554, 555, 556, 557, 558, 559, 560, 561, 562, 563, 564, 565, 566, 567, 568, 569, 570, 571, 572, 573]","[6, 7, 13, 14, 22, 56, 83, 492, 493, 498, 499, 506, 533, 554]",[],"[0, 5, 7, 10, 14, 19, 20, 22, 24, 32, 33, 34, 37, 38, 40, 44, 46, 48, 49, 51, 56, 61, 63, 65, 67, 68, 73, 74, 75, 76, 79, 81, 82, 83, 85, 87, 88, 92, 93, 95, 96, 99, 100, 101, 115, 116, 124, 134, 142, 161, 167, 169, 170, 186, 202, 240, 244, 254, 260, 267, 277, 300, 303, 307, 310, 322, 331, 376, 485, 491, 493, 495, 499, 503, 504, 506, 508, 515, 518, 519, 521, 524, 526, 528, 533, 537, 539, 542, 543, 547, 548, 549, 550, 551, 553, 554, 556, 558, 559, 563, 564, 566, 567, 570, 571, 572, 586, 587, 595, 605, 613, 633, 639, 640, 641, 657, 672, 704, 717, 726, 736, 759, 761, 765, 768, 780, 788, 792, 826]",[],[],7/6 successful match,False,,False,150,False,,0.8999999999999999,True,Liberty Fuel,
Phoenix ( 85043 ) Liberty Fuel,602-233-1196 I-10 Exit 138 ( 59th Ave ),24 22 X <U+25A1>,Phoenix,85043,Liberty Fuel,602-233-1196,2016,Phoenix,AZ,,( 59th Ave ),I-10 Exit 138 ,Exit,138,False,,False,I-10,,,,,[],"[7, 13, 14, 22, 83, 493, 498, 499, 506, 554]","[6, 7, 13, 14, 22, 56, 83, 492, 493, 498, 499, 506, 533, 554]",[],"[0, 1, 2, 3, 4, 5, 6, 7, 8, 9, 10, 11, 12, 13, 14, 15, 16, 17, 18, 19, 20, 21, 22, 23, 24, 25, 26, 27, 28, 29, 30, 31, 32, 33, 34, 35, 36, 37, 38, 39, 40, 41, 42, 43, 44, 45, 46, 47, 48, 49, 50, 51, 52, 53, 54, 55, 56, 57, 58, 59, 60, 61, 62, 63, 64, 65, 66, 67, 68, 69, 70, 71, 72, 73, 74, 75, 76, 77, 78, 79, 80, 81, 82, 83, 84, 85, 86, 87, 88, 89, 90, 91, 92, 93, 94, 95, 96, 97, 98, 99, 100, 101, 102, 485, 486, 487, 488, 489, 490, 491, 492, 493, 494, 495, 496, 497, 498, 499, 500, 501, 502, 503, 504, 505, 506, 507, 508, 509, 510, 511, 512, 513, 514, 515, 516, 517, 518, 519, 520, 521, 522, 523, 524, 525, 526, 527, 528, 529, 530, 531, 532, 533, 534, 535, 536, 537, 538, 539, 540, 541, 542, 543, 544, 545, 546, 547, 548, 549, 550, 551, 552, 553, 554, 555, 556, 557, 558, 559, 560, 561, 562, 563, 564, 565, 566, 567, 568, 569, 570, 571, 572, 573]","[0, 5, 7, 10, 14, 19, 20, 22, 24, 32, 33, 34, 37, 38, 40, 44, 46, 48, 49, 51, 56, 61, 63, 65, 67, 68, 73, 74, 75, 76, 79, 81, 82, 83, 85, 87, 88, 92, 93, 95, 96, 99, 100, 101, 115, 116, 124, 134, 142, 161, 167, 169, 170, 186, 202, 240, 244, 254, 260, 267, 277, 300, 303, 307, 310, 322, 331, 376, 485, 491, 493, 495, 499, 503, 504, 506, 508, 515, 518, 519, 521, 524, 526, 528, 533, 537, 539, 542, 543, 547, 548, 549, 550, 551, 553, 554, 556, 558, 559, 563, 564, 566, 567, 570, 571, 572, 586, 587, 595, 605, 613, 633, 639, 640, 641, 657, 672, 704, 717, 726, 736, 759, 761, 765, 768, 780, 788, 792, 826]",[],[],"[0, 1, 2, 3, 4, 5, 6, 7, 8, 9, 10, 11, 12, 13, 14, 15, 16, 17, 18, 19, 20, 533, 22, 21, 23, 24, 25, 26, 27, 28, 29, 30, 31, 32, 33, 34, 35, 36, 37, 38, 39, 40, 554, 41, 42, 43, 44, 45, 46, 47, 48, 49, 50, 51, 52, 53, 56, 54, 55, 57, 58, 59, 60, 61, 62, 63, 64, 65, 66, 67, 68, 69, 70, 71, 72, 73, 74, 75, 76, 77, 78, 79, 80, 83, 81, 82, 84, 85, 86, 87, 88, 89, 90, 91, 92, 93, 94, 95, 96, 97, 98, 99, 100, 101, 102, 528, 529, 530, 613, 513, 531, 115, 116, 532, 633, 124, 534, 639, 640, 641, 535, 134, 514, 536, 537, 142, 657, 538, 539, 540, 672, 515, 541, 161, 542, 167, 169, 170, 543, 544, 545, 516, 186, 546, 704, 547, 548, 202, 549, 717, 550, 517, 551, 726, 552, 553, 736, 555, 518, 556, 240, 557, 244, 759, 558, 761, 559, 254, 765, 768, 560, 260, 519, 561, 267, 562, 780, 563, 788, 277, 564, 792, 565, 520, 566, 567, 568, 300, 569, 303, 307, 570, 310, 521, 571, 826, 572, 322, 573, 331, 522, 523, 376, 524, 586, 587, 525, 512, 595, 526, 527, 605, 485, 486, 487, 488, 489, 490, 491, 492, 493, 494, 495, 496, 497, 498, 499, 500, 501, 502, 503, 504, 505, 506, 507, 508, 509, 510, 511]",False,"[7, 13, 14, 22, 83, 493, 498, 499, 506, 554]","[0, 1, 2, 3, 4, 5, 6, 7, 8, 9, 10, 11, 12, 13, 14, 15, 16, 17, 18, 19, 20, 21, 22, 23, 24, 25, 26, 27, 28, 29, 30, 31, 32, 33, 34, 35, 36, 37, 38, 39, 40, 41, 42, 43, 44, 45, 46, 47, 48, 49, 50, 51, 52, 53, 54, 55, 56, 57, 58, 59, 60, 61, 62, 63, 64, 65, 66, 67, 68, 69, 70, 71, 72, 73, 74, 75, 76, 77, 78, 79, 80, 81, 82, 83, 84, 85, 86, 87, 88, 89, 90, 91, 92, 93, 94, 95, 96, 97, 98, 99, 100, 101, 102, 485, 486, 487, 488, 489, 490, 491, 492, 493, 494, 495, 496, 497, 498, 499, 500, 501, 502, 503, 504, 505, 506, 507, 508, 509, 510, 511, 512, 513, 514, 515, 516, 517, 518, 519, 520, 521, 522, 523, 524, 525, 526, 527, 528, 529, 530, 531, 532, 533, 534, 535, 536, 537, 538, 539, 540, 541, 542, 543, 544, 545, 546, 547, 548, 549, 550, 551, 552, 553, 554, 555, 556, 557, 558, 559, 560, 561, 562, 563, 564, 565, 566, 567, 568, 569, 570, 571, 572, 573]","[6, 7, 13, 14, 22, 56, 83, 492, 493, 498, 499, 506, 533, 554]",[],"[0, 5, 7, 10, 14, 19, 20, 22, 24, 32, 33, 34, 37, 38, 40, 44, 46, 48, 49, 51, 56, 61, 63, 65, 67, 68, 73, 74, 75, 76, 79, 81, 82, 83, 85, 87, 88, 92, 93, 95, 96, 99, 100, 101, 115, 116, 124, 134, 142, 161, 167, 169, 170, 186, 202, 240, 244, 254, 260, 267, 277, 300, 303, 307, 310, 322, 331, 376, 485, 491, 493, 495, 499, 503, 504, 506, 508, 515, 518, 519, 521, 524, 526, 528, 533, 537, 539, 542, 543, 547, 548, 549, 550, 551, 553, 554, 556, 558, 559, 563, 564, 566, 567, 570, 571, 572, 586, 587, 595, 605, 613, 633, 639, 640, 641, 657, 672, 704, 717, 726, 736, 759, 761, 765, 768, 780, 788, 792, 826]",[],[],7/6 successful match,False,,False,150,False,,0.8999999999999999,True,Liberty Fuel,
"F Phoenix , 85043 Diamond Shamrock",602-278-5088 5049 W Buckeye Rd,<U+2610> S O,Phoenix,85043,Diamond Shamrock,602-278-5088,2006,Phoenix,AZ,Shamrock,,5049 W Buckeye Rd,Proper,,False,,False,W Buckeye Rd,,,,,"[493, 7]","[7, 13, 14, 22, 83, 493, 498, 499, 506, 554]","[6, 7, 13, 14, 22, 56, 83, 492, 493, 498, 499, 506, 533, 554]",[],"[0, 1, 2, 3, 4, 5, 6, 7, 8, 9, 10, 11, 12, 13, 14, 15, 16, 17, 18, 19, 20, 21, 22, 23, 24, 25, 26, 27, 28, 29, 30, 31, 32, 33, 34, 35, 36, 37, 38, 39, 40, 41, 42, 43, 44, 45, 46, 47, 48, 49, 50, 51, 52, 53, 54, 55, 56, 57, 58, 59, 60, 61, 62, 63, 64, 65, 66, 67, 68, 69, 70, 71, 72, 73, 74, 75, 76, 77, 78, 79, 80, 81, 82, 83, 84, 85, 86, 87, 88, 89, 90, 91, 92, 93, 94, 95, 96, 97, 98, 99, 100, 101, 102, 485, 486, 487, 488, 489, 490, 491, 492, 493, 494, 495, 496, 497, 498, 499, 500, 501, 502, 503, 504, 505, 506, 507, 508, 509, 510, 511, 512, 513, 514, 515, 516, 517, 518, 519, 520, 521, 522, 523, 524, 525, 526, 527, 528, 529, 530, 531, 532, 533, 534, 535, 536, 537, 538, 539, 540, 541, 542, 543, 544, 545, 546, 547, 548, 549, 550, 551, 552, 553, 554, 555, 556, 557, 558, 559, 560, 561, 562, 563, 564, 565, 566, 567, 568, 569, 570, 571, 572, 573]","[6, 7, 492, 493]",[],[],"[0, 1, 2, 3, 4, 5, 6, 7, 8, 9, 10, 11, 12, 13, 14, 15, 16, 17, 18, 19, 20, 533, 22, 21, 23, 24, 25, 26, 27, 28, 29, 30, 31, 32, 33, 34, 35, 36, 37, 38, 39, 40, 554, 41, 42, 43, 44, 45, 46, 47, 48, 49, 50, 51, 52, 53, 56, 54, 55, 57, 58, 59, 60, 61, 62, 63, 64, 65, 66, 67, 68, 69, 70, 71, 72, 73, 74, 75, 76, 77, 78, 79, 80, 83, 81, 82, 84, 85, 86, 87, 88, 89, 90, 91, 92, 93, 94, 95, 96, 97, 98, 99, 100, 101, 102, 528, 529, 530, 513, 531, 532, 534, 535, 514, 536, 537, 538, 539, 540, 515, 541, 542, 543, 544, 545, 516, 546, 547, 548, 549, 550, 517, 551, 552, 553, 555, 518, 556, 557, 558, 559, 560, 519, 561, 562, 563, 564, 565, 520, 566, 567, 568, 569, 570, 521, 571, 572, 573, 522, 523, 524, 525, 512, 526, 527, 485, 486, 487, 488, 489, 490, 491, 492, 493, 494, 495, 496, 497, 498, 499, 500, 501, 502, 503, 504, 505, 506, 507, 508, 509, 510, 511]",True,"[7, 13, 14, 22, 83, 493, 498, 499, 506, 554]","[0, 1, 2, 3, 4, 5, 6, 7, 8, 9, 10, 11, 12, 13, 14, 15, 16, 17, 18, 19, 20, 21, 22, 23, 24, 25, 26, 27, 28, 29, 30, 31, 32, 33, 34, 35, 36, 37, 38, 39, 40, 41, 42, 43, 44, 45, 46, 47, 48, 49, 50, 51, 52, 53, 54, 55, 56, 57, 58, 59, 60, 61, 62, 63, 64, 65, 66, 67, 68, 69, 70, 71, 72, 73, 74, 75, 76, 77, 78, 79, 80, 81, 82, 83, 84, 85, 86, 87, 88, 89, 90, 91, 92, 93, 94, 95, 96, 97, 98, 99, 100, 101, 102, 485, 486, 487, 488, 489, 490, 491, 492, 493, 494, 495, 496, 497, 498, 499, 500, 501, 502, 503, 504, 505, 506, 507, 508, 509, 510, 511, 512, 513, 514, 515, 516, 517, 518, 519, 520, 521, 522, 523, 524, 525, 526, 527, 528, 529, 530, 531, 532, 533, 534, 535, 536, 537, 538, 539, 540, 541, 542, 543, 544, 545, 546, 547, 548, 549, 550, 551, 552, 553, 554, 555, 556, 557, 558, 559, 560, 561, 562, 563, 564, 565, 566, 567, 568, 569, 570, 571, 572, 573]","[6, 7, 13, 14, 22, 56, 83, 492, 493, 498, 499, 506, 533, 554]",[],"[6, 7, 492, 493]",[],[],7/6 successful match,True,[194],True,151,False,,,,,
"F Phoenix , 85043 Diamond Shamrock # 1652",602-278-5088 5049 W Buckeye Rd,,Phoenix,85043,Diamond Shamrock # 1652,602-278-5088,2007,Phoenix,AZ,Shamrock,,5049 W Buckeye Rd,Proper,,False,,False,W Buckeye Rd,,,,,"[493, 7]","[7, 13, 14, 22, 83, 493, 498, 499, 506, 554]","[6, 7, 13, 14, 22, 56, 83, 492, 493, 498, 499, 506, 533, 554]",[],"[0, 1, 2, 3, 4, 5, 6, 7, 8, 9, 10, 11, 12, 13, 14, 15, 16, 17, 18, 19, 20, 21, 22, 23, 24, 25, 26, 27, 28, 29, 30, 31, 32, 33, 34, 35, 36, 37, 38, 39, 40, 41, 42, 43, 44, 45, 46, 47, 48, 49, 50, 51, 52, 53, 54, 55, 56, 57, 58, 59, 60, 61, 62, 63, 64, 65, 66, 67, 68, 69, 70, 71, 72, 73, 74, 75, 76, 77, 78, 79, 80, 81, 82, 83, 84, 85, 86, 87, 88, 89, 90, 91, 92, 93, 94, 95, 96, 97, 98, 99, 100, 101, 102, 485, 486, 487, 488, 489, 490, 491, 492, 493, 494, 495, 496, 497, 498, 499, 500, 501, 502, 503, 504, 505, 506, 507, 508, 509, 510, 511, 512, 513, 514, 515, 516, 517, 518, 519, 520, 521, 522, 523, 524, 525, 526, 527, 528, 529, 530, 531, 532, 533, 534, 535, 536, 537, 538, 539, 540, 541, 542, 543, 544, 545, 546, 547, 548, 549, 550, 551, 552, 553, 554, 555, 556, 557, 558, 559, 560, 561, 562, 563, 564, 565, 566, 567, 568, 569, 570, 571, 572, 573]","[6, 7, 492, 493]",[],[],"[0, 1, 2, 3, 4, 5, 6, 7, 8, 9, 10, 11, 12, 13, 14, 15, 16, 17, 18, 19, 20, 533, 22, 21, 23, 24, 25, 26, 27, 28, 29, 30, 31, 32, 33, 34, 35, 36, 37, 38, 39, 40, 554, 41, 42, 43, 44, 45, 46, 47, 48, 49, 50, 51, 52, 53, 56, 54, 55, 57, 58, 59, 60, 61, 62, 63, 64, 65, 66, 67, 68, 69, 70, 71, 72, 73, 74, 75, 76, 77, 78, 79, 80, 83, 81, 82, 84, 85, 86, 87, 88, 89, 90, 91, 92, 93, 94, 95, 96, 97, 98, 99, 100, 101, 102, 528, 529, 530, 513, 531, 532, 534, 535, 514, 536, 537, 538, 539, 540, 515, 541, 542, 543, 544, 545, 516, 546, 547, 548, 549, 550, 517, 551, 552, 553, 555, 518, 556, 557, 558, 559, 560, 519, 561, 562, 563, 564, 565, 520, 566, 567, 568, 569, 570, 521, 571, 572, 573, 522, 523, 524, 525, 512, 526, 527, 485, 486, 487, 488, 489, 490, 491, 492, 493, 494, 495, 496, 497, 498, 499, 500, 501, 502, 503, 504, 505, 506, 507, 508, 509, 510, 511]",True,"[7, 13, 14, 22, 83, 493, 498, 499, 506, 554]","[0, 1, 2, 3, 4, 5, 6, 7, 8, 9, 10, 11, 12, 13, 14, 15, 16, 17, 18, 19, 20, 21, 22, 23, 24, 25, 26, 27, 28, 29, 30, 31, 32, 33, 34, 35, 36, 37, 38, 39, 40, 41, 42, 43, 44, 45, 46, 47, 48, 49, 50, 51, 52, 53, 54, 55, 56, 57, 58, 59, 60, 61, 62, 63, 64, 65, 66, 67, 68, 69, 70, 71, 72, 73, 74, 75, 76, 77, 78, 79, 80, 81, 82, 83, 84, 85, 86, 87, 88, 89, 90, 91, 92, 93, 94, 95, 96, 97, 98, 99, 100, 101, 102, 485, 486, 487, 488, 489, 490, 491, 492, 493, 494, 495, 496, 497, 498, 499, 500, 501, 502, 503, 504, 505, 506, 507, 508, 509, 510, 511, 512, 513, 514, 515, 516, 517, 518, 519, 520, 521, 522, 523, 524, 525, 526, 527, 528, 529, 530, 531, 532, 533, 534, 535, 536, 537, 538, 539, 540, 541, 542, 543, 544, 545, 546, 547, 548, 549, 550, 551, 552, 553, 554, 555, 556, 557, 558, 559, 560, 561, 562, 563, 564, 565, 566, 567, 568, 569, 570, 571, 572, 573]","[6, 7, 13, 14, 22, 56, 83, 492, 493, 498, 499, 506, 533, 554]",[],"[6, 7, 492, 493]",[],[],7/6 successful match,True,[194],True,151,False,,1.0,True,Diamond Shamrock,Shamrock
"Phoenix , 85043 Diamond Shamrock # 1652",4 602-278-5088 5049 W Buckeye Rd,HRS 24 - <U+2610> <U+2610>,Phoenix,85043,Diamond Shamrock # 1652,602-278-5088,2008,Phoenix,AZ,Shamrock,,5049 W Buckeye Rd,Proper,,False,,False,W Buckeye Rd,,,,,"[493, 7]","[7, 13, 14, 22, 83, 493, 498, 499, 506, 554]","[6, 7, 13, 14, 22, 56, 83, 492, 493, 498, 499, 506, 533, 554]",[],"[0, 1, 2, 3, 4, 5, 6, 7, 8, 9, 10, 11, 12, 13, 14, 15, 16, 17, 18, 19, 20, 21, 22, 23, 24, 25, 26, 27, 28, 29, 30, 31, 32, 33, 34, 35, 36, 37, 38, 39, 40, 41, 42, 43, 44, 45, 46, 47, 48, 49, 50, 51, 52, 53, 54, 55, 56, 57, 58, 59, 60, 61, 62, 63, 64, 65, 66, 67, 68, 69, 70, 71, 72, 73, 74, 75, 76, 77, 78, 79, 80, 81, 82, 83, 84, 85, 86, 87, 88, 89, 90, 91, 92, 93, 94, 95, 96, 97, 98, 99, 100, 101, 102, 485, 486, 487, 488, 489, 490, 491, 492, 493, 494, 495, 496, 497, 498, 499, 500, 501, 502, 503, 504, 505, 506, 507, 508, 509, 510, 511, 512, 513, 514, 515, 516, 517, 518, 519, 520, 521, 522, 523, 524, 525, 526, 527, 528, 529, 530, 531, 532, 533, 534, 535, 536, 537, 538, 539, 540, 541, 542, 543, 544, 545, 546, 547, 548, 549, 550, 551, 552, 553, 554, 555, 556, 557, 558, 559, 560, 561, 562, 563, 564, 565, 566, 567, 568, 569, 570, 571, 572, 573]","[6, 7, 492, 493]",[],[],"[0, 1, 2, 3, 4, 5, 6, 7, 8, 9, 10, 11, 12, 13, 14, 15, 16, 17, 18, 19, 20, 533, 22, 21, 23, 24, 25, 26, 27, 28, 29, 30, 31, 32, 33, 34, 35, 36, 37, 38, 39, 40, 554, 41, 42, 43, 44, 45, 46, 47, 48, 49, 50, 51, 52, 53, 56, 54, 55, 57, 58, 59, 60, 61, 62, 63, 64, 65, 66, 67, 68, 69, 70, 71, 72, 73, 74, 75, 76, 77, 78, 79, 80, 83, 81, 82, 84, 85, 86, 87, 88, 89, 90, 91, 92, 93, 94, 95, 96, 97, 98, 99, 100, 101, 102, 528, 529, 530, 513, 531, 532, 534, 535, 514, 536, 537, 538, 539, 540, 515, 541, 542, 543, 544, 545, 516, 546, 547, 548, 549, 550, 517, 551, 552, 553, 555, 518, 556, 557, 558, 559, 560, 519, 561, 562, 563, 564, 565, 520, 566, 567, 568, 569, 570, 521, 571, 572, 573, 522, 523, 524, 525, 512, 526, 527, 485, 486, 487, 488, 489, 490, 491, 492, 493, 494, 495, 496, 497, 498, 499, 500, 501, 502, 503, 504, 505, 506, 507, 508, 509, 510, 511]",True,"[7, 13, 14, 22, 83, 493, 498, 499, 506, 554]","[0, 1, 2, 3, 4, 5, 6, 7, 8, 9, 10, 11, 12, 13, 14, 15, 16, 17, 18, 19, 20, 21, 22, 23, 24, 25, 26, 27, 28, 29, 30, 31, 32, 33, 34, 35, 36, 37, 38, 39, 40, 41, 42, 43, 44, 45, 46, 47, 48, 49, 50, 51, 52, 53, 54, 55, 56, 57, 58, 59, 60, 61, 62, 63, 64, 65, 66, 67, 68, 69, 70, 71, 72, 73, 74, 75, 76, 77, 78, 79, 80, 81, 82, 83, 84, 85, 86, 87, 88, 89, 90, 91, 92, 93, 94, 95, 96, 97, 98, 99, 100, 101, 102, 485, 486, 487, 488, 489, 490, 491, 492, 493, 494, 495, 496, 497, 498, 499, 500, 501, 502, 503, 504, 505, 506, 507, 508, 509, 510, 511, 512, 513, 514, 515, 516, 517, 518, 519, 520, 521, 522, 523, 524, 525, 526, 527, 528, 529, 530, 531, 532, 533, 534, 535, 536, 537, 538, 539, 540, 541, 542, 543, 544, 545, 546, 547, 548, 549, 550, 551, 552, 553, 554, 555, 556, 557, 558, 559, 560, 561, 562, 563, 564, 565, 566, 567, 568, 569, 570, 571, 572, 573]","[6, 7, 13, 14, 22, 56, 83, 492, 493, 498, 499, 506, 533, 554]",[],"[6, 7, 492, 493]",[],[],7/6 successful match,True,[194],True,151,False,,1.0,True,Diamond Shamrock # 1652,Shamrock
Phoenix ( 85043 ) Valero Corner Store # 1652,4 602-278-5088 5049 W Buckeye Rd,24 <U+25A1> D,Phoenix,85043,Valero Corner Store # 1652,602-278-5088,2014,Phoenix,AZ,Valero,,5049 W Buckeye Rd,Proper,,False,,False,W Buckeye Rd,,,,,"[493, 7]","[7, 13, 14, 22, 83, 493, 498, 499, 506, 554]","[6, 7, 13, 14, 22, 56, 83, 492, 493, 498, 499, 506, 533, 554]",[],"[0, 1, 2, 3, 4, 5, 6, 7, 8, 9, 10, 11, 12, 13, 14, 15, 16, 17, 18, 19, 20, 21, 22, 23, 24, 25, 26, 27, 28, 29, 30, 31, 32, 33, 34, 35, 36, 37, 38, 39, 40, 41, 42, 43, 44, 45, 46, 47, 48, 49, 50, 51, 52, 53, 54, 55, 56, 57, 58, 59, 60, 61, 62, 63, 64, 65, 66, 67, 68, 69, 70, 71, 72, 73, 74, 75, 76, 77, 78, 79, 80, 81, 82, 83, 84, 85, 86, 87, 88, 89, 90, 91, 92, 93, 94, 95, 96, 97, 98, 99, 100, 101, 102, 485, 486, 487, 488, 489, 490, 491, 492, 493, 494, 495, 496, 497, 498, 499, 500, 501, 502, 503, 504, 505, 506, 507, 508, 509, 510, 511, 512, 513, 514, 515, 516, 517, 518, 519, 520, 521, 522, 523, 524, 525, 526, 527, 528, 529, 530, 531, 532, 533, 534, 535, 536, 537, 538, 539, 540, 541, 542, 543, 544, 545, 546, 547, 548, 549, 550, 551, 552, 553, 554, 555, 556, 557, 558, 559, 560, 561, 562, 563, 564, 565, 566, 567, 568, 569, 570, 571, 572, 573]","[6, 7, 492, 493]","[2, 9, 10, 82, 111, 112, 113, 199, 279, 284, 285, 300, 488, 494, 495, 553, 581, 582, 583, 670, 738, 743, 744, 759, 818]","[2, 9, 10, 82, 111, 112, 113, 196, 199, 279, 284, 285, 300, 397, 488, 494, 495, 553, 581, 582, 583, 667, 670, 738, 743, 744, 759, 818, 847]","[0, 1, 2, 3, 4, 5, 6, 7, 8, 9, 10, 11, 12, 13, 14, 15, 16, 17, 18, 19, 20, 533, 22, 21, 23, 24, 25, 26, 27, 28, 29, 30, 31, 32, 33, 34, 35, 36, 37, 38, 39, 40, 554, 41, 42, 43, 44, 45, 46, 47, 48, 49, 50, 51, 52, 53, 56, 54, 55, 57, 58, 59, 60, 61, 62, 63, 64, 65, 66, 67, 68, 69, 70, 71, 72, 73, 74, 75, 76, 77, 78, 79, 80, 83, 81, 82, 84, 85, 86, 87, 88, 89, 90, 91, 92, 93, 94, 95, 96, 97, 98, 99, 100, 101, 102, 528, 529, 530, 513, 531, 111, 112, 113, 532, 534, 535, 514, 536, 537, 538, 539, 667, 540, 670, 515, 541, 542, 543, 544, 545, 516, 546, 547, 196, 548, 199, 549, 550, 517, 551, 552, 553, 738, 743, 744, 555, 518, 556, 557, 759, 558, 559, 560, 519, 561, 562, 563, 564, 279, 565, 284, 285, 520, 566, 567, 568, 300, 569, 818, 570, 521, 571, 572, 573, 847, 522, 523, 581, 582, 583, 524, 397, 525, 512, 526, 527, 485, 486, 487, 488, 489, 490, 491, 492, 493, 494, 495, 496, 497, 498, 499, 500, 501, 502, 503, 504, 505, 506, 507, 508, 509, 510, 511]",True,"[7, 13, 14, 22, 83, 493, 498, 499, 506, 554]","[0, 1, 2, 3, 4, 5, 6, 7, 8, 9, 10, 11, 12, 13, 14, 15, 16, 17, 18, 19, 20, 21, 22, 23, 24, 25, 26, 27, 28, 29, 30, 31, 32, 33, 34, 35, 36, 37, 38, 39, 40, 41, 42, 43, 44, 45, 46, 47, 48, 49, 50, 51, 52, 53, 54, 55, 56, 57, 58, 59, 60, 61, 62, 63, 64, 65, 66, 67, 68, 69, 70, 71, 72, 73, 74, 75, 76, 77, 78, 79, 80, 81, 82, 83, 84, 85, 86, 87, 88, 89, 90, 91, 92, 93, 94, 95, 96, 97, 98, 99, 100, 101, 102, 485, 486, 487, 488, 489, 490, 491, 492, 493, 494, 495, 496, 497, 498, 499, 500, 501, 502, 503, 504, 505, 506, 507, 508, 509, 510, 511, 512, 513, 514, 515, 516, 517, 518, 519, 520, 521, 522, 523, 524, 525, 526, 527, 528, 529, 530, 531, 532, 533, 534, 535, 536, 537, 538, 539, 540, 541, 542, 543, 544, 545, 546, 547, 548, 549, 550, 551, 552, 553, 554, 555, 556, 557, 558, 559, 560, 561, 562, 563, 564, 565, 566, 567, 568, 569, 570, 571, 572, 573]","[6, 7, 13, 14, 22, 56, 83, 492, 493, 498, 499, 506, 533, 554]",[],"[6, 7, 492, 493]","[2, 9, 10, 82, 111, 112, 113, 196, 199, 279, 284, 285, 300, 397, 488, 494, 495, 553, 581, 582, 583, 667, 670, 738, 743, 744, 759, 818, 847]","[2, 9, 10, 82, 111, 112, 113, 199, 279, 284, 285, 300, 488, 494, 495, 553, 581, 582, 583, 670, 738, 743, 744, 759, 818]",5/6 successful match,True,[194],True,151,True,2014,0.4013605442176871,False,Diamond Shamrock # 1652,Shamrock
Phoenix ( 85043 ) Corner Store # 1652 ( Valero ),4 602-278-5088 5049 W Buckeye Rd,24 [,Phoenix,85043,Corner Store # 1652 ( Valero ),602-278-5088,2015,Phoenix,AZ,Valero,,5049 W Buckeye Rd,Proper,,False,,False,W Buckeye Rd,,,,,"[493, 7]","[7, 13, 14, 22, 83, 493, 498, 499, 506, 554]","[6, 7, 13, 14, 22, 56, 83, 492, 493, 498, 499, 506, 533, 554]",[],"[0, 1, 2, 3, 4, 5, 6, 7, 8, 9, 10, 11, 12, 13, 14, 15, 16, 17, 18, 19, 20, 21, 22, 23, 24, 25, 26, 27, 28, 29, 30, 31, 32, 33, 34, 35, 36, 37, 38, 39, 40, 41, 42, 43, 44, 45, 46, 47, 48, 49, 50, 51, 52, 53, 54, 55, 56, 57, 58, 59, 60, 61, 62, 63, 64, 65, 66, 67, 68, 69, 70, 71, 72, 73, 74, 75, 76, 77, 78, 79, 80, 81, 82, 83, 84, 85, 86, 87, 88, 89, 90, 91, 92, 93, 94, 95, 96, 97, 98, 99, 100, 101, 102, 485, 486, 487, 488, 489, 490, 491, 492, 493, 494, 495, 496, 497, 498, 499, 500, 501, 502, 503, 504, 505, 506, 507, 508, 509, 510, 511, 512, 513, 514, 515, 516, 517, 518, 519, 520, 521, 522, 523, 524, 525, 526, 527, 528, 529, 530, 531, 532, 533, 534, 535, 536, 537, 538, 539, 540, 541, 542, 543, 544, 545, 546, 547, 548, 549, 550, 551, 552, 553, 554, 555, 556, 557, 558, 559, 560, 561, 562, 563, 564, 565, 566, 567, 568, 569, 570, 571, 572, 573]","[6, 7, 492, 493]","[2, 9, 10, 82, 111, 112, 113, 199, 279, 284, 285, 300, 488, 494, 495, 553, 581, 582, 583, 670, 738, 743, 744, 759, 818]","[2, 9, 10, 82, 111, 112, 113, 196, 199, 279, 284, 285, 300, 397, 488, 494, 495, 553, 581, 582, 583, 667, 670, 738, 743, 744, 759, 818, 847]","[0, 1, 2, 3, 4, 5, 6, 7, 8, 9, 10, 11, 12, 13, 14, 15, 16, 17, 18, 19, 20, 533, 22, 21, 23, 24, 25, 26, 27, 28, 29, 30, 31, 32, 33, 34, 35, 36, 37, 38, 39, 40, 554, 41, 42, 43, 44, 45, 46, 47, 48, 49, 50, 51, 52, 53, 56, 54, 55, 57, 58, 59, 60, 61, 62, 63, 64, 65, 66, 67, 68, 69, 70, 71, 72, 73, 74, 75, 76, 77, 78, 79, 80, 83, 81, 82, 84, 85, 86, 87, 88, 89, 90, 91, 92, 93, 94, 95, 96, 97, 98, 99, 100, 101, 102, 528, 529, 530, 513, 531, 111, 112, 113, 532, 534, 535, 514, 536, 537, 538, 539, 667, 540, 670, 515, 541, 542, 543, 544, 545, 516, 546, 547, 196, 548, 199, 549, 550, 517, 551, 552, 553, 738, 743, 744, 555, 518, 556, 557, 759, 558, 559, 560, 519, 561, 562, 563, 564, 279, 565, 284, 285, 520, 566, 567, 568, 300, 569, 818, 570, 521, 571, 572, 573, 847, 522, 523, 581, 582, 583, 524, 397, 525, 512, 526, 527, 485, 486, 487, 488, 489, 490, 491, 492, 493, 494, 495, 496, 497, 498, 499, 500, 501, 502, 503, 504, 505, 506, 507, 508, 509, 510, 511]",True,"[7, 13, 14, 22, 83, 493, 498, 499, 506, 554]","[0, 1, 2, 3, 4, 5, 6, 7, 8, 9, 10, 11, 12, 13, 14, 15, 16, 17, 18, 19, 20, 21, 22, 23, 24, 25, 26, 27, 28, 29, 30, 31, 32, 33, 34, 35, 36, 37, 38, 39, 40, 41, 42, 43, 44, 45, 46, 47, 48, 49, 50, 51, 52, 53, 54, 55, 56, 57, 58, 59, 60, 61, 62, 63, 64, 65, 66, 67, 68, 69, 70, 71, 72, 73, 74, 75, 76, 77, 78, 79, 80, 81, 82, 83, 84, 85, 86, 87, 88, 89, 90, 91, 92, 93, 94, 95, 96, 97, 98, 99, 100, 101, 102, 485, 486, 487, 488, 489, 490, 491, 492, 493, 494, 495, 496, 497, 498, 499, 500, 501, 502, 503, 504, 505, 506, 507, 508, 509, 510, 511, 512, 513, 514, 515, 516, 517, 518, 519, 520, 521, 522, 523, 524, 525, 526, 527, 528, 529, 530, 531, 532, 533, 534, 535, 536, 537, 538, 539, 540, 541, 542, 543, 544, 545, 546, 547, 548, 549, 550, 551, 552, 553, 554, 555, 556, 557, 558, 559, 560, 561, 562, 563, 564, 565, 566, 567, 568, 569, 570, 571, 572, 573]","[6, 7, 13, 14, 22, 56, 83, 492, 493, 498, 499, 506, 533, 554]",[],"[6, 7, 492, 493]","[2, 9, 10, 82, 111, 112, 113, 196, 199, 279, 284, 285, 300, 397, 488, 494, 495, 553, 581, 582, 583, 667, 670, 738, 743, 744, 759, 818, 847]","[2, 9, 10, 82, 111, 112, 113, 199, 279, 284, 285, 300, 488, 494, 495, 553, 581, 582, 583, 670, 738, 743, 744, 759, 818]",5/6 successful match,True,[194],True,151,False,,1.0,True,Valero Corner Store # 1652,Valero
Phoenix ( 85043 ) Corner Store # 1652 ( Valero ),602-278-5088 5049 W Buckeye Rd,24 <U+25A1>,Phoenix,85043,Corner Store # 1652 ( Valero ),602-278-5088,2016,Phoenix,AZ,Valero,,5049 W Buckeye Rd,Proper,,False,,False,W Buckeye Rd,,,,,"[493, 7]","[7, 13, 14, 22, 83, 493, 498, 499, 506, 554]","[6, 7, 13, 14, 22, 56, 83, 492, 493, 498, 499, 506, 533, 554]",[],"[0, 1, 2, 3, 4, 5, 6, 7, 8, 9, 10, 11, 12, 13, 14, 15, 16, 17, 18, 19, 20, 21, 22, 23, 24, 25, 26, 27, 28, 29, 30, 31, 32, 33, 34, 35, 36, 37, 38, 39, 40, 41, 42, 43, 44, 45, 46, 47, 48, 49, 50, 51, 52, 53, 54, 55, 56, 57, 58, 59, 60, 61, 62, 63, 64, 65, 66, 67, 68, 69, 70, 71, 72, 73, 74, 75, 76, 77, 78, 79, 80, 81, 82, 83, 84, 85, 86, 87, 88, 89, 90, 91, 92, 93, 94, 95, 96, 97, 98, 99, 100, 101, 102, 485, 486, 487, 488, 489, 490, 491, 492, 493, 494, 495, 496, 497, 498, 499, 500, 501, 502, 503, 504, 505, 506, 507, 508, 509, 510, 511, 512, 513, 514, 515, 516, 517, 518, 519, 520, 521, 522, 523, 524, 525, 526, 527, 528, 529, 530, 531, 532, 533, 534, 535, 536, 537, 538, 539, 540, 541, 542, 543, 544, 545, 546, 547, 548, 549, 550, 551, 552, 553, 554, 555, 556, 557, 558, 559, 560, 561, 562, 563, 564, 565, 566, 567, 568, 569, 570, 571, 572, 573]","[6, 7, 492, 493]","[2, 9, 10, 82, 111, 112, 113, 199, 279, 284, 285, 300, 488, 494, 495, 553, 581, 582, 583, 670, 738, 743, 744, 759, 818]","[2, 9, 10, 82, 111, 112, 113, 196, 199, 279, 284, 285, 300, 397, 488, 494, 495, 553, 581, 582, 583, 667, 670, 738, 743, 744, 759, 818, 847]","[0, 1, 2, 3, 4, 5, 6, 7, 8, 9, 10, 11, 12, 13, 14, 15, 16, 17, 18, 19, 20, 533, 22, 21, 23, 24, 25, 26, 27, 28, 29, 30, 31, 32, 33, 34, 35, 36, 37, 38, 39, 40, 554, 41, 42, 43, 44, 45, 46, 47, 48, 49, 50, 51, 52, 53, 56, 54, 55, 57, 58, 59, 60, 61, 62, 63, 64, 65, 66, 67, 68, 69, 70, 71, 72, 73, 74, 75, 76, 77, 78, 79, 80, 83, 81, 82, 84, 85, 86, 87, 88, 89, 90, 91, 92, 93, 94, 95, 96, 97, 98, 99, 100, 101, 102, 528, 529, 530, 513, 531, 111, 112, 113, 532, 534, 535, 514, 536, 537, 538, 539, 667, 540, 670, 515, 541, 542, 543, 544, 545, 516, 546, 547, 196, 548, 199, 549, 550, 517, 551, 552, 553, 738, 743, 744, 555, 518, 556, 557, 759, 558, 559, 560, 519, 561, 562, 563, 564, 279, 565, 284, 285, 520, 566, 567, 568, 300, 569, 818, 570, 521, 571, 572, 573, 847, 522, 523, 581, 582, 583, 524, 397, 525, 512, 526, 527, 485, 486, 487, 488, 489, 490, 491, 492, 493, 494, 495, 496, 497, 498, 499, 500, 501, 502, 503, 504, 505, 506, 507, 508, 509, 510, 511]",True,"[7, 13, 14, 22, 83, 493, 498, 499, 506, 554]","[0, 1, 2, 3, 4, 5, 6, 7, 8, 9, 10, 11, 12, 13, 14, 15, 16, 17, 18, 19, 20, 21, 22, 23, 24, 25, 26, 27, 28, 29, 30, 31, 32, 33, 34, 35, 36, 37, 38, 39, 40, 41, 42, 43, 44, 45, 46, 47, 48, 49, 50, 51, 52, 53, 54, 55, 56, 57, 58, 59, 60, 61, 62, 63, 64, 65, 66, 67, 68, 69, 70, 71, 72, 73, 74, 75, 76, 77, 78, 79, 80, 81, 82, 83, 84, 85, 86, 87, 88, 89, 90, 91, 92, 93, 94, 95, 96, 97, 98, 99, 100, 101, 102, 485, 486, 487, 488, 489, 490, 491, 492, 493, 494, 495, 496, 497, 498, 499, 500, 501, 502, 503, 504, 505, 506, 507, 508, 509, 510, 511, 512, 513, 514, 515, 516, 517, 518, 519, 520, 521, 522, 523, 524, 525, 526, 527, 528, 529, 530, 531, 532, 533, 534, 535, 536, 537, 538, 539, 540, 541, 542, 543, 544, 545, 546, 547, 548, 549, 550, 551, 552, 553, 554, 555, 556, 557, 558, 559, 560, 561, 562, 563, 564, 565, 566, 567, 568, 569, 570, 571, 572, 573]","[6, 7, 13, 14, 22, 56, 83, 492, 493, 498, 499, 506, 533, 554]",[],"[6, 7, 492, 493]","[2, 9, 10, 82, 111, 112, 113, 196, 199, 279, 284, 285, 300, 397, 488, 494, 495, 553, 581, 582, 583, 667, 670, 738, 743, 744, 759, 818, 847]","[2, 9, 10, 82, 111, 112, 113, 199, 279, 284, 285, 300, 488, 494, 495, 553, 581, 582, 583, 670, 738, 743, 744, 759, 818]",5/6 successful match,True,[194],True,151,False,,1.0,True,Corner Store # 1652 ( Valero ),Valero
"F Phoenix , 85043 Flying J Travel Plaza # 0500006",623-936-1118 I-10 Exit 137 ( 67th Ave ),XL <U+2610>,Phoenix,85043,Flying J Travel Plaza # 0500006,623-936-1118,2006,Phoenix,AZ,Flying J,( 67th Ave ),I-10 Exit 137 ,Exit,137,False,,False,I-10,,,,,"[506, 22]","[7, 13, 14, 22, 83, 493, 498, 499, 506, 554]","[6, 7, 13, 14, 22, 56, 83, 492, 493, 498, 499, 506, 533, 554]","[7, 22, 493, 506]","[0, 1, 2, 3, 4, 5, 6, 7, 8, 9, 10, 11, 12, 13, 14, 15, 16, 17, 18, 19, 20, 21, 22, 23, 24, 25, 26, 27, 28, 29, 30, 31, 32, 33, 34, 35, 36, 37, 38, 39, 40, 41, 42, 43, 44, 45, 46, 47, 48, 49, 50, 51, 52, 53, 54, 55, 56, 57, 58, 59, 60, 61, 62, 63, 64, 65, 66, 67, 68, 69, 70, 71, 72, 73, 74, 75, 76, 77, 78, 79, 80, 81, 82, 83, 84, 85, 86, 87, 88, 89, 90, 91, 92, 93, 94, 95, 96, 97, 98, 99, 100, 101, 102, 485, 486, 487, 488, 489, 490, 491, 492, 493, 494, 495, 496, 497, 498, 499, 500, 501, 502, 503, 504, 505, 506, 507, 508, 509, 510, 511, 512, 513, 514, 515, 516, 517, 518, 519, 520, 521, 522, 523, 524, 525, 526, 527, 528, 529, 530, 531, 532, 533, 534, 535, 536, 537, 538, 539, 540, 541, 542, 543, 544, 545, 546, 547, 548, 549, 550, 551, 552, 553, 554, 555, 556, 557, 558, 559, 560, 561, 562, 563, 564, 565, 566, 567, 568, 569, 570, 571, 572, 573]","[0, 5, 7, 10, 14, 19, 20, 22, 24, 32, 33, 34, 37, 38, 40, 44, 46, 48, 49, 51, 56, 61, 63, 65, 67, 68, 73, 74, 75, 76, 79, 81, 82, 83, 85, 87, 88, 92, 93, 95, 96, 99, 100, 101, 115, 116, 124, 134, 142, 161, 167, 169, 170, 186, 202, 240, 244, 254, 260, 267, 277, 300, 303, 307, 310, 322, 331, 376, 485, 491, 493, 495, 499, 503, 504, 506, 508, 515, 518, 519, 521, 524, 526, 528, 533, 537, 539, 542, 543, 547, 548, 549, 550, 551, 553, 554, 556, 558, 559, 563, 564, 566, 567, 570, 571, 572, 586, 587, 595, 605, 613, 633, 639, 640, 641, 657, 672, 704, 717, 726, 736, 759, 761, 765, 768, 780, 788, 792, 826]","[17, 18, 19, 20, 21, 22, 23, 156, 157, 158, 159, 160, 161, 162, 163, 164, 165, 166, 167, 341, 342, 343, 344, 345, 412, 413, 414, 415, 416, 417, 418, 419, 420, 421, 422, 502, 503, 504, 505, 506, 507, 628, 629, 630, 631, 632, 633, 634, 635, 636, 637, 638, 639, 792, 797, 798, 799, 800, 801, 863, 864, 865, 866, 867, 868, 869, 870, 871, 872, 873, 874]","[17, 18, 19, 20, 21, 22, 23, 156, 157, 158, 159, 160, 161, 162, 163, 164, 165, 166, 167, 168, 340, 341, 342, 343, 344, 345, 346, 412, 413, 414, 415, 416, 417, 418, 419, 420, 421, 422, 502, 503, 504, 505, 506, 507, 628, 629, 630, 631, 632, 633, 634, 635, 636, 637, 638, 639, 792, 796, 797, 798, 799, 800, 801, 863, 864, 865, 866, 867, 868, 869, 870, 871, 872, 873, 874]","[0, 1, 2, 3, 4, 5, 6, 7, 8, 9, 10, 11, 12, 13, 14, 15, 16, 17, 18, 19, 20, 533, 22, 21, 23, 24, 25, 26, 27, 28, 29, 30, 31, 32, 33, 34, 35, 36, 37, 38, 39, 40, 554, 41, 42, 43, 44, 45, 46, 47, 48, 49, 50, 51, 52, 53, 56, 54, 55, 57, 58, 59, 60, 61, 62, 63, 64, 65, 66, 67, 68, 69, 70, 71, 72, 73, 74, 75, 76, 77, 78, 79, 80, 83, 81, 82, 84, 85, 86, 87, 88, 89, 90, 91, 92, 93, 94, 95, 96, 97, 98, 99, 100, 101, 102, 528, 529, 530, 613, 513, 531, 115, 116, 532, 628, 629, 630, 633, 631, 632, 124, 634, 635, 534, 639, 640, 641, 636, 535, 637, 134, 638, 514, 536, 537, 142, 657, 538, 539, 156, 540, 157, 158, 672, 515, 541, 161, 159, 160, 162, 542, 167, 169, 170, 163, 543, 164, 165, 166, 168, 544, 545, 516, 186, 546, 704, 547, 548, 202, 549, 717, 550, 517, 551, 726, 552, 553, 736, 555, 518, 556, 240, 557, 244, 759, 558, 761, 559, 254, 765, 768, 560, 260, 519, 561, 267, 562, 780, 563, 788, 277, 564, 792, 565, 796, 797, 520, 798, 566, 799, 800, 801, 567, 568, 300, 569, 303, 307, 570, 310, 521, 571, 826, 572, 322, 573, 331, 522, 340, 341, 342, 343, 344, 345, 346, 863, 864, 865, 866, 867, 868, 869, 870, 871, 872, 523, 873, 874, 376, 524, 586, 587, 525, 412, 413, 414, 415, 416, 417, 418, 419, 420, 421, 422, 512, 595, 526, 527, 605, 485, 486, 487, 488, 489, 490, 491, 492, 493, 494, 495, 496, 497, 498, 499, 500, 501, 502, 503, 504, 505, 506, 507, 508, 509, 510, 511]",True,"[7, 13, 14, 22, 83, 493, 498, 499, 506, 554]","[0, 1, 2, 3, 4, 5, 6, 7, 8, 9, 10, 11, 12, 13, 14, 15, 16, 17, 18, 19, 20, 21, 22, 23, 24, 25, 26, 27, 28, 29, 30, 31, 32, 33, 34, 35, 36, 37, 38, 39, 40, 41, 42, 43, 44, 45, 46, 47, 48, 49, 50, 51, 52, 53, 54, 55, 56, 57, 58, 59, 60, 61, 62, 63, 64, 65, 66, 67, 68, 69, 70, 71, 72, 73, 74, 75, 76, 77, 78, 79, 80, 81, 82, 83, 84, 85, 86, 87, 88, 89, 90, 91, 92, 93, 94, 95, 96, 97, 98, 99, 100, 101, 102, 485, 486, 487, 488, 489, 490, 491, 492, 493, 494, 495, 496, 497, 498, 499, 500, 501, 502, 503, 504, 505, 506, 507, 508, 509, 510, 511, 512, 513, 514, 515, 516, 517, 518, 519, 520, 521, 522, 523, 524, 525, 526, 527, 528, 529, 530, 531, 532, 533, 534, 535, 536, 537, 538, 539, 540, 541, 542, 543, 544, 545, 546, 547, 548, 549, 550, 551, 552, 553, 554, 555, 556, 557, 558, 559, 560, 561, 562, 563, 564, 565, 566, 567, 568, 569, 570, 571, 572, 573]","[6, 7, 13, 14, 22, 56, 83, 492, 493, 498, 499, 506, 533, 554]","[7, 22, 493, 506]","[0, 5, 7, 10, 14, 19, 20, 22, 24, 32, 33, 34, 37, 38, 40, 44, 46, 48, 49, 51, 56, 61, 63, 65, 67, 68, 73, 74, 75, 76, 79, 81, 82, 83, 85, 87, 88, 92, 93, 95, 96, 99, 100, 101, 115, 116, 124, 134, 142, 161, 167, 169, 170, 186, 202, 240, 244, 254, 260, 267, 277, 300, 303, 307, 310, 322, 331, 376, 485, 491, 493, 495, 499, 503, 504, 506, 508, 515, 518, 519, 521, 524, 526, 528, 533, 537, 539, 542, 543, 547, 548, 549, 550, 551, 553, 554, 556, 558, 559, 563, 564, 566, 567, 570, 571, 572, 586, 587, 595, 605, 613, 633, 639, 640, 641, 657, 672, 704, 717, 726, 736, 759, 761, 765, 768, 780, 788, 792, 826]","[17, 18, 19, 20, 21, 22, 23, 156, 157, 158, 159, 160, 161, 162, 163, 164, 165, 166, 167, 168, 340, 341, 342, 343, 344, 345, 346, 412, 413, 414, 415, 416, 417, 418, 419, 420, 421, 422, 502, 503, 504, 505, 506, 507, 628, 629, 630, 631, 632, 633, 634, 635, 636, 637, 638, 639, 792, 796, 797, 798, 799, 800, 801, 863, 864, 865, 866, 867, 868, 869, 870, 871, 872, 873, 874]","[17, 18, 19, 20, 21, 22, 23, 156, 157, 158, 159, 160, 161, 162, 163, 164, 165, 166, 167, 341, 342, 343, 344, 345, 412, 413, 414, 415, 416, 417, 418, 419, 420, 421, 422, 502, 503, 504, 505, 506, 507, 628, 629, 630, 631, 632, 633, 634, 635, 636, 637, 638, 639, 792, 797, 798, 799, 800, 801, 863, 864, 865, 866, 867, 868, 869, 870, 871, 872, 873, 874]",7/6 successful match,True,[519],True,152,False,,,,,
"F Phoenix , 85043 Flying J Travel Plaza # 0500006",623-936-1118 I-10 Exit 137 ( 67th Ave ),24 XL 24,Phoenix,85043,Flying J Travel Plaza # 0500006,623-936-1118,2007,Phoenix,AZ,Flying J,( 67th Ave ),I-10 Exit 137 ,Exit,137,False,,False,I-10,,,,,"[506, 22]","[7, 13, 14, 22, 83, 493, 498, 499, 506, 554]","[6, 7, 13, 14, 22, 56, 83, 492, 493, 498, 499, 506, 533, 554]","[7, 22, 493, 506]","[0, 1, 2, 3, 4, 5, 6, 7, 8, 9, 10, 11, 12, 13, 14, 15, 16, 17, 18, 19, 20, 21, 22, 23, 24, 25, 26, 27, 28, 29, 30, 31, 32, 33, 34, 35, 36, 37, 38, 39, 40, 41, 42, 43, 44, 45, 46, 47, 48, 49, 50, 51, 52, 53, 54, 55, 56, 57, 58, 59, 60, 61, 62, 63, 64, 65, 66, 67, 68, 69, 70, 71, 72, 73, 74, 75, 76, 77, 78, 79, 80, 81, 82, 83, 84, 85, 86, 87, 88, 89, 90, 91, 92, 93, 94, 95, 96, 97, 98, 99, 100, 101, 102, 485, 486, 487, 488, 489, 490, 491, 492, 493, 494, 495, 496, 497, 498, 499, 500, 501, 502, 503, 504, 505, 506, 507, 508, 509, 510, 511, 512, 513, 514, 515, 516, 517, 518, 519, 520, 521, 522, 523, 524, 525, 526, 527, 528, 529, 530, 531, 532, 533, 534, 535, 536, 537, 538, 539, 540, 541, 542, 543, 544, 545, 546, 547, 548, 549, 550, 551, 552, 553, 554, 555, 556, 557, 558, 559, 560, 561, 562, 563, 564, 565, 566, 567, 568, 569, 570, 571, 572, 573]","[0, 5, 7, 10, 14, 19, 20, 22, 24, 32, 33, 34, 37, 38, 40, 44, 46, 48, 49, 51, 56, 61, 63, 65, 67, 68, 73, 74, 75, 76, 79, 81, 82, 83, 85, 87, 88, 92, 93, 95, 96, 99, 100, 101, 115, 116, 124, 134, 142, 161, 167, 169, 170, 186, 202, 240, 244, 254, 260, 267, 277, 300, 303, 307, 310, 322, 331, 376, 485, 491, 493, 495, 499, 503, 504, 506, 508, 515, 518, 519, 521, 524, 526, 528, 533, 537, 539, 542, 543, 547, 548, 549, 550, 551, 553, 554, 556, 558, 559, 563, 564, 566, 567, 570, 571, 572, 586, 587, 595, 605, 613, 633, 639, 640, 641, 657, 672, 704, 717, 726, 736, 759, 761, 765, 768, 780, 788, 792, 826]","[17, 18, 19, 20, 21, 22, 23, 156, 157, 158, 159, 160, 161, 162, 163, 164, 165, 166, 167, 341, 342, 343, 344, 345, 412, 413, 414, 415, 416, 417, 418, 419, 420, 421, 422, 502, 503, 504, 505, 506, 507, 628, 629, 630, 631, 632, 633, 634, 635, 636, 637, 638, 639, 792, 797, 798, 799, 800, 801, 863, 864, 865, 866, 867, 868, 869, 870, 871, 872, 873, 874]","[17, 18, 19, 20, 21, 22, 23, 156, 157, 158, 159, 160, 161, 162, 163, 164, 165, 166, 167, 168, 340, 341, 342, 343, 344, 345, 346, 412, 413, 414, 415, 416, 417, 418, 419, 420, 421, 422, 502, 503, 504, 505, 506, 507, 628, 629, 630, 631, 632, 633, 634, 635, 636, 637, 638, 639, 792, 796, 797, 798, 799, 800, 801, 863, 864, 865, 866, 867, 868, 869, 870, 871, 872, 873, 874]","[0, 1, 2, 3, 4, 5, 6, 7, 8, 9, 10, 11, 12, 13, 14, 15, 16, 17, 18, 19, 20, 533, 22, 21, 23, 24, 25, 26, 27, 28, 29, 30, 31, 32, 33, 34, 35, 36, 37, 38, 39, 40, 554, 41, 42, 43, 44, 45, 46, 47, 48, 49, 50, 51, 52, 53, 56, 54, 55, 57, 58, 59, 60, 61, 62, 63, 64, 65, 66, 67, 68, 69, 70, 71, 72, 73, 74, 75, 76, 77, 78, 79, 80, 83, 81, 82, 84, 85, 86, 87, 88, 89, 90, 91, 92, 93, 94, 95, 96, 97, 98, 99, 100, 101, 102, 528, 529, 530, 613, 513, 531, 115, 116, 532, 628, 629, 630, 633, 631, 632, 124, 634, 635, 534, 639, 640, 641, 636, 535, 637, 134, 638, 514, 536, 537, 142, 657, 538, 539, 156, 540, 157, 158, 672, 515, 541, 161, 159, 160, 162, 542, 167, 169, 170, 163, 543, 164, 165, 166, 168, 544, 545, 516, 186, 546, 704, 547, 548, 202, 549, 717, 550, 517, 551, 726, 552, 553, 736, 555, 518, 556, 240, 557, 244, 759, 558, 761, 559, 254, 765, 768, 560, 260, 519, 561, 267, 562, 780, 563, 788, 277, 564, 792, 565, 796, 797, 520, 798, 566, 799, 800, 801, 567, 568, 300, 569, 303, 307, 570, 310, 521, 571, 826, 572, 322, 573, 331, 522, 340, 341, 342, 343, 344, 345, 346, 863, 864, 865, 866, 867, 868, 869, 870, 871, 872, 523, 873, 874, 376, 524, 586, 587, 525, 412, 413, 414, 415, 416, 417, 418, 419, 420, 421, 422, 512, 595, 526, 527, 605, 485, 486, 487, 488, 489, 490, 491, 492, 493, 494, 495, 496, 497, 498, 499, 500, 501, 502, 503, 504, 505, 506, 507, 508, 509, 510, 511]",True,"[7, 13, 14, 22, 83, 493, 498, 499, 506, 554]","[0, 1, 2, 3, 4, 5, 6, 7, 8, 9, 10, 11, 12, 13, 14, 15, 16, 17, 18, 19, 20, 21, 22, 23, 24, 25, 26, 27, 28, 29, 30, 31, 32, 33, 34, 35, 36, 37, 38, 39, 40, 41, 42, 43, 44, 45, 46, 47, 48, 49, 50, 51, 52, 53, 54, 55, 56, 57, 58, 59, 60, 61, 62, 63, 64, 65, 66, 67, 68, 69, 70, 71, 72, 73, 74, 75, 76, 77, 78, 79, 80, 81, 82, 83, 84, 85, 86, 87, 88, 89, 90, 91, 92, 93, 94, 95, 96, 97, 98, 99, 100, 101, 102, 485, 486, 487, 488, 489, 490, 491, 492, 493, 494, 495, 496, 497, 498, 499, 500, 501, 502, 503, 504, 505, 506, 507, 508, 509, 510, 511, 512, 513, 514, 515, 516, 517, 518, 519, 520, 521, 522, 523, 524, 525, 526, 527, 528, 529, 530, 531, 532, 533, 534, 535, 536, 537, 538, 539, 540, 541, 542, 543, 544, 545, 546, 547, 548, 549, 550, 551, 552, 553, 554, 555, 556, 557, 558, 559, 560, 561, 562, 563, 564, 565, 566, 567, 568, 569, 570, 571, 572, 573]","[6, 7, 13, 14, 22, 56, 83, 492, 493, 498, 499, 506, 533, 554]","[7, 22, 493, 506]","[0, 5, 7, 10, 14, 19, 20, 22, 24, 32, 33, 34, 37, 38, 40, 44, 46, 48, 49, 51, 56, 61, 63, 65, 67, 68, 73, 74, 75, 76, 79, 81, 82, 83, 85, 87, 88, 92, 93, 95, 96, 99, 100, 101, 115, 116, 124, 134, 142, 161, 167, 169, 170, 186, 202, 240, 244, 254, 260, 267, 277, 300, 303, 307, 310, 322, 331, 376, 485, 491, 493, 495, 499, 503, 504, 506, 508, 515, 518, 519, 521, 524, 526, 528, 533, 537, 539, 542, 543, 547, 548, 549, 550, 551, 553, 554, 556, 558, 559, 563, 564, 566, 567, 570, 571, 572, 586, 587, 595, 605, 613, 633, 639, 640, 641, 657, 672, 704, 717, 726, 736, 759, 761, 765, 768, 780, 788, 792, 826]","[17, 18, 19, 20, 21, 22, 23, 156, 157, 158, 159, 160, 161, 162, 163, 164, 165, 166, 167, 168, 340, 341, 342, 343, 344, 345, 346, 412, 413, 414, 415, 416, 417, 418, 419, 420, 421, 422, 502, 503, 504, 505, 506, 507, 628, 629, 630, 631, 632, 633, 634, 635, 636, 637, 638, 639, 792, 796, 797, 798, 799, 800, 801, 863, 864, 865, 866, 867, 868, 869, 870, 871, 872, 873, 874]","[17, 18, 19, 20, 21, 22, 23, 156, 157, 158, 159, 160, 161, 162, 163, 164, 165, 166, 167, 341, 342, 343, 344, 345, 412, 413, 414, 415, 416, 417, 418, 419, 420, 421, 422, 502, 503, 504, 505, 506, 507, 628, 629, 630, 631, 632, 633, 634, 635, 636, 637, 638, 639, 792, 797, 798, 799, 800, 801, 863, 864, 865, 866, 867, 868, 869, 870, 871, 872, 873, 874]",7/6 successful match,True,[519],True,152,False,,1.0,True,Flying J Travel Plaza # 0500006,Flying J
"Phoenix , 85043 Flying J Travel Plaza # 0500006",4 623-936-1118 I-10 Exit 137 ( 67th Ave ),24 <U+25A0><U+25A0> XL 24 49,Phoenix,85043,Flying J Travel Plaza # 0500006,623-936-1118,2008,Phoenix,AZ,Flying J,( 67th Ave ),I-10 Exit 137 ,Exit,137,False,,False,I-10,,,,,"[506, 22]","[7, 13, 14, 22, 83, 493, 498, 499, 506, 554]","[6, 7, 13, 14, 22, 56, 83, 492, 493, 498, 499, 506, 533, 554]","[7, 22, 493, 506]","[0, 1, 2, 3, 4, 5, 6, 7, 8, 9, 10, 11, 12, 13, 14, 15, 16, 17, 18, 19, 20, 21, 22, 23, 24, 25, 26, 27, 28, 29, 30, 31, 32, 33, 34, 35, 36, 37, 38, 39, 40, 41, 42, 43, 44, 45, 46, 47, 48, 49, 50, 51, 52, 53, 54, 55, 56, 57, 58, 59, 60, 61, 62, 63, 64, 65, 66, 67, 68, 69, 70, 71, 72, 73, 74, 75, 76, 77, 78, 79, 80, 81, 82, 83, 84, 85, 86, 87, 88, 89, 90, 91, 92, 93, 94, 95, 96, 97, 98, 99, 100, 101, 102, 485, 486, 487, 488, 489, 490, 491, 492, 493, 494, 495, 496, 497, 498, 499, 500, 501, 502, 503, 504, 505, 506, 507, 508, 509, 510, 511, 512, 513, 514, 515, 516, 517, 518, 519, 520, 521, 522, 523, 524, 525, 526, 527, 528, 529, 530, 531, 532, 533, 534, 535, 536, 537, 538, 539, 540, 541, 542, 543, 544, 545, 546, 547, 548, 549, 550, 551, 552, 553, 554, 555, 556, 557, 558, 559, 560, 561, 562, 563, 564, 565, 566, 567, 568, 569, 570, 571, 572, 573]","[0, 5, 7, 10, 14, 19, 20, 22, 24, 32, 33, 34, 37, 38, 40, 44, 46, 48, 49, 51, 56, 61, 63, 65, 67, 68, 73, 74, 75, 76, 79, 81, 82, 83, 85, 87, 88, 92, 93, 95, 96, 99, 100, 101, 115, 116, 124, 134, 142, 161, 167, 169, 170, 186, 202, 240, 244, 254, 260, 267, 277, 300, 303, 307, 310, 322, 331, 376, 485, 491, 493, 495, 499, 503, 504, 506, 508, 515, 518, 519, 521, 524, 526, 528, 533, 537, 539, 542, 543, 547, 548, 549, 550, 551, 553, 554, 556, 558, 559, 563, 564, 566, 567, 570, 571, 572, 586, 587, 595, 605, 613, 633, 639, 640, 641, 657, 672, 704, 717, 726, 736, 759, 761, 765, 768, 780, 788, 792, 826]","[17, 18, 19, 20, 21, 22, 23, 156, 157, 158, 159, 160, 161, 162, 163, 164, 165, 166, 167, 341, 342, 343, 344, 345, 412, 413, 414, 415, 416, 417, 418, 419, 420, 421, 422, 502, 503, 504, 505, 506, 507, 628, 629, 630, 631, 632, 633, 634, 635, 636, 637, 638, 639, 792, 797, 798, 799, 800, 801, 863, 864, 865, 866, 867, 868, 869, 870, 871, 872, 873, 874]","[17, 18, 19, 20, 21, 22, 23, 156, 157, 158, 159, 160, 161, 162, 163, 164, 165, 166, 167, 168, 340, 341, 342, 343, 344, 345, 346, 412, 413, 414, 415, 416, 417, 418, 419, 420, 421, 422, 502, 503, 504, 505, 506, 507, 628, 629, 630, 631, 632, 633, 634, 635, 636, 637, 638, 639, 792, 796, 797, 798, 799, 800, 801, 863, 864, 865, 866, 867, 868, 869, 870, 871, 872, 873, 874]","[0, 1, 2, 3, 4, 5, 6, 7, 8, 9, 10, 11, 12, 13, 14, 15, 16, 17, 18, 19, 20, 533, 22, 21, 23, 24, 25, 26, 27, 28, 29, 30, 31, 32, 33, 34, 35, 36, 37, 38, 39, 40, 554, 41, 42, 43, 44, 45, 46, 47, 48, 49, 50, 51, 52, 53, 56, 54, 55, 57, 58, 59, 60, 61, 62, 63, 64, 65, 66, 67, 68, 69, 70, 71, 72, 73, 74, 75, 76, 77, 78, 79, 80, 83, 81, 82, 84, 85, 86, 87, 88, 89, 90, 91, 92, 93, 94, 95, 96, 97, 98, 99, 100, 101, 102, 528, 529, 530, 613, 513, 531, 115, 116, 532, 628, 629, 630, 633, 631, 632, 124, 634, 635, 534, 639, 640, 641, 636, 535, 637, 134, 638, 514, 536, 537, 142, 657, 538, 539, 156, 540, 157, 158, 672, 515, 541, 161, 159, 160, 162, 542, 167, 169, 170, 163, 543, 164, 165, 166, 168, 544, 545, 516, 186, 546, 704, 547, 548, 202, 549, 717, 550, 517, 551, 726, 552, 553, 736, 555, 518, 556, 240, 557, 244, 759, 558, 761, 559, 254, 765, 768, 560, 260, 519, 561, 267, 562, 780, 563, 788, 277, 564, 792, 565, 796, 797, 520, 798, 566, 799, 800, 801, 567, 568, 300, 569, 303, 307, 570, 310, 521, 571, 826, 572, 322, 573, 331, 522, 340, 341, 342, 343, 344, 345, 346, 863, 864, 865, 866, 867, 868, 869, 870, 871, 872, 523, 873, 874, 376, 524, 586, 587, 525, 412, 413, 414, 415, 416, 417, 418, 419, 420, 421, 422, 512, 595, 526, 527, 605, 485, 486, 487, 488, 489, 490, 491, 492, 493, 494, 495, 496, 497, 498, 499, 500, 501, 502, 503, 504, 505, 506, 507, 508, 509, 510, 511]",True,"[7, 13, 14, 22, 83, 493, 498, 499, 506, 554]","[0, 1, 2, 3, 4, 5, 6, 7, 8, 9, 10, 11, 12, 13, 14, 15, 16, 17, 18, 19, 20, 21, 22, 23, 24, 25, 26, 27, 28, 29, 30, 31, 32, 33, 34, 35, 36, 37, 38, 39, 40, 41, 42, 43, 44, 45, 46, 47, 48, 49, 50, 51, 52, 53, 54, 55, 56, 57, 58, 59, 60, 61, 62, 63, 64, 65, 66, 67, 68, 69, 70, 71, 72, 73, 74, 75, 76, 77, 78, 79, 80, 81, 82, 83, 84, 85, 86, 87, 88, 89, 90, 91, 92, 93, 94, 95, 96, 97, 98, 99, 100, 101, 102, 485, 486, 487, 488, 489, 490, 491, 492, 493, 494, 495, 496, 497, 498, 499, 500, 501, 502, 503, 504, 505, 506, 507, 508, 509, 510, 511, 512, 513, 514, 515, 516, 517, 518, 519, 520, 521, 522, 523, 524, 525, 526, 527, 528, 529, 530, 531, 532, 533, 534, 535, 536, 537, 538, 539, 540, 541, 542, 543, 544, 545, 546, 547, 548, 549, 550, 551, 552, 553, 554, 555, 556, 557, 558, 559, 560, 561, 562, 563, 564, 565, 566, 567, 568, 569, 570, 571, 572, 573]","[6, 7, 13, 14, 22, 56, 83, 492, 493, 498, 499, 506, 533, 554]","[7, 22, 493, 506]","[0, 5, 7, 10, 14, 19, 20, 22, 24, 32, 33, 34, 37, 38, 40, 44, 46, 48, 49, 51, 56, 61, 63, 65, 67, 68, 73, 74, 75, 76, 79, 81, 82, 83, 85, 87, 88, 92, 93, 95, 96, 99, 100, 101, 115, 116, 124, 134, 142, 161, 167, 169, 170, 186, 202, 240, 244, 254, 260, 267, 277, 300, 303, 307, 310, 322, 331, 376, 485, 491, 493, 495, 499, 503, 504, 506, 508, 515, 518, 519, 521, 524, 526, 528, 533, 537, 539, 542, 543, 547, 548, 549, 550, 551, 553, 554, 556, 558, 559, 563, 564, 566, 567, 570, 571, 572, 586, 587, 595, 605, 613, 633, 639, 640, 641, 657, 672, 704, 717, 726, 736, 759, 761, 765, 768, 780, 788, 792, 826]","[17, 18, 19, 20, 21, 22, 23, 156, 157, 158, 159, 160, 161, 162, 163, 164, 165, 166, 167, 168, 340, 341, 342, 343, 344, 345, 346, 412, 413, 414, 415, 416, 417, 418, 419, 420, 421, 422, 502, 503, 504, 505, 506, 507, 628, 629, 630, 631, 632, 633, 634, 635, 636, 637, 638, 639, 792, 796, 797, 798, 799, 800, 801, 863, 864, 865, 866, 867, 868, 869, 870, 871, 872, 873, 874]","[17, 18, 19, 20, 21, 22, 23, 156, 157, 158, 159, 160, 161, 162, 163, 164, 165, 166, 167, 341, 342, 343, 344, 345, 412, 413, 414, 415, 416, 417, 418, 419, 420, 421, 422, 502, 503, 504, 505, 506, 507, 628, 629, 630, 631, 632, 633, 634, 635, 636, 637, 638, 639, 792, 797, 798, 799, 800, 801, 863, 864, 865, 866, 867, 868, 869, 870, 871, 872, 873, 874]",7/6 successful match,True,[519],True,152,False,,1.0,True,Flying J Travel Plaza # 0500006,Flying J
Phoenix ( 85043 ) Flying J Travel Plaza # 611,623-936-1118 I-10 Exit 137 ( 67th Ave ),24XL 24 23,Phoenix,85043,Flying J Travel Plaza # 611,623-936-1118,2014,Phoenix,AZ,Flying J,( 67th Ave ),I-10 Exit 137 ,Exit,137,False,,False,I-10,,,,,"[506, 22]","[7, 13, 14, 22, 83, 493, 498, 499, 506, 554]","[6, 7, 13, 14, 22, 56, 83, 492, 493, 498, 499, 506, 533, 554]","[7, 22, 493, 506]","[0, 1, 2, 3, 4, 5, 6, 7, 8, 9, 10, 11, 12, 13, 14, 15, 16, 17, 18, 19, 20, 21, 22, 23, 24, 25, 26, 27, 28, 29, 30, 31, 32, 33, 34, 35, 36, 37, 38, 39, 40, 41, 42, 43, 44, 45, 46, 47, 48, 49, 50, 51, 52, 53, 54, 55, 56, 57, 58, 59, 60, 61, 62, 63, 64, 65, 66, 67, 68, 69, 70, 71, 72, 73, 74, 75, 76, 77, 78, 79, 80, 81, 82, 83, 84, 85, 86, 87, 88, 89, 90, 91, 92, 93, 94, 95, 96, 97, 98, 99, 100, 101, 102, 485, 486, 487, 488, 489, 490, 491, 492, 493, 494, 495, 496, 497, 498, 499, 500, 501, 502, 503, 504, 505, 506, 507, 508, 509, 510, 511, 512, 513, 514, 515, 516, 517, 518, 519, 520, 521, 522, 523, 524, 525, 526, 527, 528, 529, 530, 531, 532, 533, 534, 535, 536, 537, 538, 539, 540, 541, 542, 543, 544, 545, 546, 547, 548, 549, 550, 551, 552, 553, 554, 555, 556, 557, 558, 559, 560, 561, 562, 563, 564, 565, 566, 567, 568, 569, 570, 571, 572, 573]","[0, 5, 7, 10, 14, 19, 20, 22, 24, 32, 33, 34, 37, 38, 40, 44, 46, 48, 49, 51, 56, 61, 63, 65, 67, 68, 73, 74, 75, 76, 79, 81, 82, 83, 85, 87, 88, 92, 93, 95, 96, 99, 100, 101, 115, 116, 124, 134, 142, 161, 167, 169, 170, 186, 202, 240, 244, 254, 260, 267, 277, 300, 303, 307, 310, 322, 331, 376, 485, 491, 493, 495, 499, 503, 504, 506, 508, 515, 518, 519, 521, 524, 526, 528, 533, 537, 539, 542, 543, 547, 548, 549, 550, 551, 553, 554, 556, 558, 559, 563, 564, 566, 567, 570, 571, 572, 586, 587, 595, 605, 613, 633, 639, 640, 641, 657, 672, 704, 717, 726, 736, 759, 761, 765, 768, 780, 788, 792, 826]","[17, 18, 19, 20, 21, 22, 23, 156, 157, 158, 159, 160, 161, 162, 163, 164, 165, 166, 167, 341, 342, 343, 344, 345, 412, 413, 414, 415, 416, 417, 418, 419, 420, 421, 422, 502, 503, 504, 505, 506, 507, 628, 629, 630, 631, 632, 633, 634, 635, 636, 637, 638, 639, 792, 797, 798, 799, 800, 801, 863, 864, 865, 866, 867, 868, 869, 870, 871, 872, 873, 874]","[17, 18, 19, 20, 21, 22, 23, 156, 157, 158, 159, 160, 161, 162, 163, 164, 165, 166, 167, 168, 285, 340, 341, 342, 343, 344, 345, 346, 412, 413, 414, 415, 416, 417, 418, 419, 420, 421, 422, 502, 503, 504, 505, 506, 507, 628, 629, 630, 631, 632, 633, 634, 635, 636, 637, 638, 639, 744, 792, 796, 797, 798, 799, 800, 801, 863, 864, 865, 866, 867, 868, 869, 870, 871, 872, 873, 874]","[0, 1, 2, 3, 4, 5, 6, 7, 8, 9, 10, 11, 12, 13, 14, 15, 16, 17, 18, 19, 20, 533, 22, 21, 23, 24, 25, 26, 27, 28, 29, 30, 31, 32, 33, 34, 35, 36, 37, 38, 39, 40, 554, 41, 42, 43, 44, 45, 46, 47, 48, 49, 50, 51, 52, 53, 56, 54, 55, 57, 58, 59, 60, 61, 62, 63, 64, 65, 66, 67, 68, 69, 70, 71, 72, 73, 74, 75, 76, 77, 78, 79, 80, 83, 81, 82, 84, 85, 86, 87, 88, 89, 90, 91, 92, 93, 94, 95, 96, 97, 98, 99, 100, 101, 102, 528, 529, 530, 613, 513, 531, 115, 116, 532, 628, 629, 630, 633, 631, 632, 124, 634, 635, 534, 639, 640, 641, 636, 535, 637, 134, 638, 514, 536, 537, 142, 657, 538, 539, 156, 540, 157, 158, 672, 515, 541, 161, 159, 160, 162, 542, 167, 169, 170, 163, 543, 164, 165, 166, 168, 544, 545, 516, 186, 546, 704, 547, 548, 202, 549, 717, 550, 517, 551, 726, 552, 553, 736, 744, 555, 518, 556, 240, 557, 244, 759, 558, 761, 559, 254, 765, 768, 560, 260, 519, 561, 267, 562, 780, 563, 788, 277, 564, 792, 565, 796, 797, 520, 798, 566, 799, 800, 801, 285, 567, 568, 300, 569, 303, 307, 570, 310, 521, 571, 826, 572, 322, 573, 331, 522, 340, 341, 342, 343, 344, 345, 346, 863, 864, 865, 866, 867, 868, 869, 870, 871, 872, 523, 873, 874, 376, 524, 586, 587, 525, 412, 413, 414, 415, 416, 417, 418, 419, 420, 421, 422, 512, 595, 526, 527, 605, 485, 486, 487, 488, 489, 490, 491, 492, 493, 494, 495, 496, 497, 498, 499, 500, 501, 502, 503, 504, 505, 506, 507, 508, 509, 510, 511]",True,"[7, 13, 14, 22, 83, 493, 498, 499, 506, 554]","[0, 1, 2, 3, 4, 5, 6, 7, 8, 9, 10, 11, 12, 13, 14, 15, 16, 17, 18, 19, 20, 21, 22, 23, 24, 25, 26, 27, 28, 29, 30, 31, 32, 33, 34, 35, 36, 37, 38, 39, 40, 41, 42, 43, 44, 45, 46, 47, 48, 49, 50, 51, 52, 53, 54, 55, 56, 57, 58, 59, 60, 61, 62, 63, 64, 65, 66, 67, 68, 69, 70, 71, 72, 73, 74, 75, 76, 77, 78, 79, 80, 81, 82, 83, 84, 85, 86, 87, 88, 89, 90, 91, 92, 93, 94, 95, 96, 97, 98, 99, 100, 101, 102, 485, 486, 487, 488, 489, 490, 491, 492, 493, 494, 495, 496, 497, 498, 499, 500, 501, 502, 503, 504, 505, 506, 507, 508, 509, 510, 511, 512, 513, 514, 515, 516, 517, 518, 519, 520, 521, 522, 523, 524, 525, 526, 527, 528, 529, 530, 531, 532, 533, 534, 535, 536, 537, 538, 539, 540, 541, 542, 543, 544, 545, 546, 547, 548, 549, 550, 551, 552, 553, 554, 555, 556, 557, 558, 559, 560, 561, 562, 563, 564, 565, 566, 567, 568, 569, 570, 571, 572, 573]","[6, 7, 13, 14, 22, 56, 83, 492, 493, 498, 499, 506, 533, 554]","[7, 22, 493, 506]","[0, 5, 7, 10, 14, 19, 20, 22, 24, 32, 33, 34, 37, 38, 40, 44, 46, 48, 49, 51, 56, 61, 63, 65, 67, 68, 73, 74, 75, 76, 79, 81, 82, 83, 85, 87, 88, 92, 93, 95, 96, 99, 100, 101, 115, 116, 124, 134, 142, 161, 167, 169, 170, 186, 202, 240, 244, 254, 260, 267, 277, 300, 303, 307, 310, 322, 331, 376, 485, 491, 493, 495, 499, 503, 504, 506, 508, 515, 518, 519, 521, 524, 526, 528, 533, 537, 539, 542, 543, 547, 548, 549, 550, 551, 553, 554, 556, 558, 559, 563, 564, 566, 567, 570, 571, 572, 586, 587, 595, 605, 613, 633, 639, 640, 641, 657, 672, 704, 717, 726, 736, 759, 761, 765, 768, 780, 788, 792, 826]","[17, 18, 19, 20, 21, 22, 23, 156, 157, 158, 159, 160, 161, 162, 163, 164, 165, 166, 167, 168, 285, 340, 341, 342, 343, 344, 345, 346, 412, 413, 414, 415, 416, 417, 418, 419, 420, 421, 422, 502, 503, 504, 505, 506, 507, 628, 629, 630, 631, 632, 633, 634, 635, 636, 637, 638, 639, 744, 792, 796, 797, 798, 799, 800, 801, 863, 864, 865, 866, 867, 868, 869, 870, 871, 872, 873, 874]","[17, 18, 19, 20, 21, 22, 23, 156, 157, 158, 159, 160, 161, 162, 163, 164, 165, 166, 167, 341, 342, 343, 344, 345, 412, 413, 414, 415, 416, 417, 418, 419, 420, 421, 422, 502, 503, 504, 505, 506, 507, 628, 629, 630, 631, 632, 633, 634, 635, 636, 637, 638, 639, 792, 797, 798, 799, 800, 801, 863, 864, 865, 866, 867, 868, 869, 870, 871, 872, 873, 874]",7/6 successful match,True,[519],True,152,False,,0.5919540229885056,True,Flying J Travel Plaza # 0500006,Flying J
F Phoenix ( 85043 ) Flying J Travel Plaza # 611,4 623-936-1118 I-10 Exit 137 ( 67th Ave ) FLYING,24XL HRS 24 #R <U+2610>,Phoenix,85043,Flying J Travel Plaza # 611,623-936-1118,2015,Phoenix,AZ,Flying J,( 67th Ave ) FLYING,I-10 Exit 137 ,Exit,137,False,,False,I-10,,,,,"[506, 22]","[7, 13, 14, 22, 83, 493, 498, 499, 506, 554]","[6, 7, 13, 14, 22, 56, 83, 492, 493, 498, 499, 506, 533, 554]","[7, 22, 493, 506]","[0, 1, 2, 3, 4, 5, 6, 7, 8, 9, 10, 11, 12, 13, 14, 15, 16, 17, 18, 19, 20, 21, 22, 23, 24, 25, 26, 27, 28, 29, 30, 31, 32, 33, 34, 35, 36, 37, 38, 39, 40, 41, 42, 43, 44, 45, 46, 47, 48, 49, 50, 51, 52, 53, 54, 55, 56, 57, 58, 59, 60, 61, 62, 63, 64, 65, 66, 67, 68, 69, 70, 71, 72, 73, 74, 75, 76, 77, 78, 79, 80, 81, 82, 83, 84, 85, 86, 87, 88, 89, 90, 91, 92, 93, 94, 95, 96, 97, 98, 99, 100, 101, 102, 485, 486, 487, 488, 489, 490, 491, 492, 493, 494, 495, 496, 497, 498, 499, 500, 501, 502, 503, 504, 505, 506, 507, 508, 509, 510, 511, 512, 513, 514, 515, 516, 517, 518, 519, 520, 521, 522, 523, 524, 525, 526, 527, 528, 529, 530, 531, 532, 533, 534, 535, 536, 537, 538, 539, 540, 541, 542, 543, 544, 545, 546, 547, 548, 549, 550, 551, 552, 553, 554, 555, 556, 557, 558, 559, 560, 561, 562, 563, 564, 565, 566, 567, 568, 569, 570, 571, 572, 573]","[0, 5, 7, 10, 14, 19, 20, 22, 24, 32, 33, 34, 37, 38, 40, 44, 46, 48, 49, 51, 56, 61, 63, 65, 67, 68, 73, 74, 75, 76, 79, 81, 82, 83, 85, 87, 88, 92, 93, 95, 96, 99, 100, 101, 115, 116, 124, 134, 142, 161, 167, 169, 170, 186, 202, 240, 244, 254, 260, 267, 277, 300, 303, 307, 310, 322, 331, 376, 485, 491, 493, 495, 499, 503, 504, 506, 508, 515, 518, 519, 521, 524, 526, 528, 533, 537, 539, 542, 543, 547, 548, 549, 550, 551, 553, 554, 556, 558, 559, 563, 564, 566, 567, 570, 571, 572, 586, 587, 595, 605, 613, 633, 639, 640, 641, 657, 672, 704, 717, 726, 736, 759, 761, 765, 768, 780, 788, 792, 826]","[17, 18, 19, 20, 21, 22, 23, 156, 157, 158, 159, 160, 161, 162, 163, 164, 165, 166, 167, 341, 342, 343, 344, 345, 412, 413, 414, 415, 416, 417, 418, 419, 420, 421, 422, 502, 503, 504, 505, 506, 507, 628, 629, 630, 631, 632, 633, 634, 635, 636, 637, 638, 639, 792, 797, 798, 799, 800, 801, 863, 864, 865, 866, 867, 868, 869, 870, 871, 872, 873, 874]","[17, 18, 19, 20, 21, 22, 23, 156, 157, 158, 159, 160, 161, 162, 163, 164, 165, 166, 167, 168, 285, 340, 341, 342, 343, 344, 345, 346, 412, 413, 414, 415, 416, 417, 418, 419, 420, 421, 422, 502, 503, 504, 505, 506, 507, 628, 629, 630, 631, 632, 633, 634, 635, 636, 637, 638, 639, 744, 792, 796, 797, 798, 799, 800, 801, 863, 864, 865, 866, 867, 868, 869, 870, 871, 872, 873, 874]","[0, 1, 2, 3, 4, 5, 6, 7, 8, 9, 10, 11, 12, 13, 14, 15, 16, 17, 18, 19, 20, 533, 22, 21, 23, 24, 25, 26, 27, 28, 29, 30, 31, 32, 33, 34, 35, 36, 37, 38, 39, 40, 554, 41, 42, 43, 44, 45, 46, 47, 48, 49, 50, 51, 52, 53, 56, 54, 55, 57, 58, 59, 60, 61, 62, 63, 64, 65, 66, 67, 68, 69, 70, 71, 72, 73, 74, 75, 76, 77, 78, 79, 80, 83, 81, 82, 84, 85, 86, 87, 88, 89, 90, 91, 92, 93, 94, 95, 96, 97, 98, 99, 100, 101, 102, 528, 529, 530, 613, 513, 531, 115, 116, 532, 628, 629, 630, 633, 631, 632, 124, 634, 635, 534, 639, 640, 641, 636, 535, 637, 134, 638, 514, 536, 537, 142, 657, 538, 539, 156, 540, 157, 158, 672, 515, 541, 161, 159, 160, 162, 542, 167, 169, 170, 163, 543, 164, 165, 166, 168, 544, 545, 516, 186, 546, 704, 547, 548, 202, 549, 717, 550, 517, 551, 726, 552, 553, 736, 744, 555, 518, 556, 240, 557, 244, 759, 558, 761, 559, 254, 765, 768, 560, 260, 519, 561, 267, 562, 780, 563, 788, 277, 564, 792, 565, 796, 797, 520, 798, 566, 799, 800, 801, 285, 567, 568, 300, 569, 303, 307, 570, 310, 521, 571, 826, 572, 322, 573, 331, 522, 340, 341, 342, 343, 344, 345, 346, 863, 864, 865, 866, 867, 868, 869, 870, 871, 872, 523, 873, 874, 376, 524, 586, 587, 525, 412, 413, 414, 415, 416, 417, 418, 419, 420, 421, 422, 512, 595, 526, 527, 605, 485, 486, 487, 488, 489, 490, 491, 492, 493, 494, 495, 496, 497, 498, 499, 500, 501, 502, 503, 504, 505, 506, 507, 508, 509, 510, 511]",True,"[7, 13, 14, 22, 83, 493, 498, 499, 506, 554]","[0, 1, 2, 3, 4, 5, 6, 7, 8, 9, 10, 11, 12, 13, 14, 15, 16, 17, 18, 19, 20, 21, 22, 23, 24, 25, 26, 27, 28, 29, 30, 31, 32, 33, 34, 35, 36, 37, 38, 39, 40, 41, 42, 43, 44, 45, 46, 47, 48, 49, 50, 51, 52, 53, 54, 55, 56, 57, 58, 59, 60, 61, 62, 63, 64, 65, 66, 67, 68, 69, 70, 71, 72, 73, 74, 75, 76, 77, 78, 79, 80, 81, 82, 83, 84, 85, 86, 87, 88, 89, 90, 91, 92, 93, 94, 95, 96, 97, 98, 99, 100, 101, 102, 485, 486, 487, 488, 489, 490, 491, 492, 493, 494, 495, 496, 497, 498, 499, 500, 501, 502, 503, 504, 505, 506, 507, 508, 509, 510, 511, 512, 513, 514, 515, 516, 517, 518, 519, 520, 521, 522, 523, 524, 525, 526, 527, 528, 529, 530, 531, 532, 533, 534, 535, 536, 537, 538, 539, 540, 541, 542, 543, 544, 545, 546, 547, 548, 549, 550, 551, 552, 553, 554, 555, 556, 557, 558, 559, 560, 561, 562, 563, 564, 565, 566, 567, 568, 569, 570, 571, 572, 573]","[6, 7, 13, 14, 22, 56, 83, 492, 493, 498, 499, 506, 533, 554]","[7, 22, 493, 506]","[0, 5, 7, 10, 14, 19, 20, 22, 24, 32, 33, 34, 37, 38, 40, 44, 46, 48, 49, 51, 56, 61, 63, 65, 67, 68, 73, 74, 75, 76, 79, 81, 82, 83, 85, 87, 88, 92, 93, 95, 96, 99, 100, 101, 115, 116, 124, 134, 142, 161, 167, 169, 170, 186, 202, 240, 244, 254, 260, 267, 277, 300, 303, 307, 310, 322, 331, 376, 485, 491, 493, 495, 499, 503, 504, 506, 508, 515, 518, 519, 521, 524, 526, 528, 533, 537, 539, 542, 543, 547, 548, 549, 550, 551, 553, 554, 556, 558, 559, 563, 564, 566, 567, 570, 571, 572, 586, 587, 595, 605, 613, 633, 639, 640, 641, 657, 672, 704, 717, 726, 736, 759, 761, 765, 768, 780, 788, 792, 826]","[17, 18, 19, 20, 21, 22, 23, 156, 157, 158, 159, 160, 161, 162, 163, 164, 165, 166, 167, 168, 285, 340, 341, 342, 343, 344, 345, 346, 412, 413, 414, 415, 416, 417, 418, 419, 420, 421, 422, 502, 503, 504, 505, 506, 507, 628, 629, 630, 631, 632, 633, 634, 635, 636, 637, 638, 639, 744, 792, 796, 797, 798, 799, 800, 801, 863, 864, 865, 866, 867, 868, 869, 870, 871, 872, 873, 874]","[17, 18, 19, 20, 21, 22, 23, 156, 157, 158, 159, 160, 161, 162, 163, 164, 165, 166, 167, 341, 342, 343, 344, 345, 412, 413, 414, 415, 416, 417, 418, 419, 420, 421, 422, 502, 503, 504, 505, 506, 507, 628, 629, 630, 631, 632, 633, 634, 635, 636, 637, 638, 639, 792, 797, 798, 799, 800, 801, 863, 864, 865, 866, 867, 868, 869, 870, 871, 872, 873, 874]",7/6 successful match,True,[519],True,152,False,,1.0,True,Flying J Travel Plaza # 611,Flying J
Phoenix ( 85043 ) Flying J Travel Plaza # 611,4 623-936-1118 I-10 Exit 137 ( 67th Ave ) . FLYING J,J 24 XL HO 24,Phoenix,85043,Flying J Travel Plaza # 611,623-936-1118,2016,Phoenix,AZ,Flying J,( 67th Ave ) . FLYING J,I-10 Exit 137 ,Exit,137,False,,False,I-10,,,,,"[506, 22]","[7, 13, 14, 22, 83, 493, 498, 499, 506, 554]","[6, 7, 13, 14, 22, 56, 83, 492, 493, 498, 499, 506, 533, 554]","[7, 22, 493, 506]","[0, 1, 2, 3, 4, 5, 6, 7, 8, 9, 10, 11, 12, 13, 14, 15, 16, 17, 18, 19, 20, 21, 22, 23, 24, 25, 26, 27, 28, 29, 30, 31, 32, 33, 34, 35, 36, 37, 38, 39, 40, 41, 42, 43, 44, 45, 46, 47, 48, 49, 50, 51, 52, 53, 54, 55, 56, 57, 58, 59, 60, 61, 62, 63, 64, 65, 66, 67, 68, 69, 70, 71, 72, 73, 74, 75, 76, 77, 78, 79, 80, 81, 82, 83, 84, 85, 86, 87, 88, 89, 90, 91, 92, 93, 94, 95, 96, 97, 98, 99, 100, 101, 102, 485, 486, 487, 488, 489, 490, 491, 492, 493, 494, 495, 496, 497, 498, 499, 500, 501, 502, 503, 504, 505, 506, 507, 508, 509, 510, 511, 512, 513, 514, 515, 516, 517, 518, 519, 520, 521, 522, 523, 524, 525, 526, 527, 528, 529, 530, 531, 532, 533, 534, 535, 536, 537, 538, 539, 540, 541, 542, 543, 544, 545, 546, 547, 548, 549, 550, 551, 552, 553, 554, 555, 556, 557, 558, 559, 560, 561, 562, 563, 564, 565, 566, 567, 568, 569, 570, 571, 572, 573]","[0, 5, 7, 10, 14, 19, 20, 22, 24, 32, 33, 34, 37, 38, 40, 44, 46, 48, 49, 51, 56, 61, 63, 65, 67, 68, 73, 74, 75, 76, 79, 81, 82, 83, 85, 87, 88, 92, 93, 95, 96, 99, 100, 101, 115, 116, 124, 134, 142, 161, 167, 169, 170, 186, 202, 240, 244, 254, 260, 267, 277, 300, 303, 307, 310, 322, 331, 376, 485, 491, 493, 495, 499, 503, 504, 506, 508, 515, 518, 519, 521, 524, 526, 528, 533, 537, 539, 542, 543, 547, 548, 549, 550, 551, 553, 554, 556, 558, 559, 563, 564, 566, 567, 570, 571, 572, 586, 587, 595, 605, 613, 633, 639, 640, 641, 657, 672, 704, 717, 726, 736, 759, 761, 765, 768, 780, 788, 792, 826]","[17, 18, 19, 20, 21, 22, 23, 156, 157, 158, 159, 160, 161, 162, 163, 164, 165, 166, 167, 341, 342, 343, 344, 345, 412, 413, 414, 415, 416, 417, 418, 419, 420, 421, 422, 502, 503, 504, 505, 506, 507, 628, 629, 630, 631, 632, 633, 634, 635, 636, 637, 638, 639, 792, 797, 798, 799, 800, 801, 863, 864, 865, 866, 867, 868, 869, 870, 871, 872, 873, 874]","[17, 18, 19, 20, 21, 22, 23, 156, 157, 158, 159, 160, 161, 162, 163, 164, 165, 166, 167, 168, 285, 340, 341, 342, 343, 344, 345, 346, 412, 413, 414, 415, 416, 417, 418, 419, 420, 421, 422, 502, 503, 504, 505, 506, 507, 628, 629, 630, 631, 632, 633, 634, 635, 636, 637, 638, 639, 744, 792, 796, 797, 798, 799, 800, 801, 863, 864, 865, 866, 867, 868, 869, 870, 871, 872, 873, 874]","[0, 1, 2, 3, 4, 5, 6, 7, 8, 9, 10, 11, 12, 13, 14, 15, 16, 17, 18, 19, 20, 533, 22, 21, 23, 24, 25, 26, 27, 28, 29, 30, 31, 32, 33, 34, 35, 36, 37, 38, 39, 40, 554, 41, 42, 43, 44, 45, 46, 47, 48, 49, 50, 51, 52, 53, 56, 54, 55, 57, 58, 59, 60, 61, 62, 63, 64, 65, 66, 67, 68, 69, 70, 71, 72, 73, 74, 75, 76, 77, 78, 79, 80, 83, 81, 82, 84, 85, 86, 87, 88, 89, 90, 91, 92, 93, 94, 95, 96, 97, 98, 99, 100, 101, 102, 528, 529, 530, 613, 513, 531, 115, 116, 532, 628, 629, 630, 633, 631, 632, 124, 634, 635, 534, 639, 640, 641, 636, 535, 637, 134, 638, 514, 536, 537, 142, 657, 538, 539, 156, 540, 157, 158, 672, 515, 541, 161, 159, 160, 162, 542, 167, 169, 170, 163, 543, 164, 165, 166, 168, 544, 545, 516, 186, 546, 704, 547, 548, 202, 549, 717, 550, 517, 551, 726, 552, 553, 736, 744, 555, 518, 556, 240, 557, 244, 759, 558, 761, 559, 254, 765, 768, 560, 260, 519, 561, 267, 562, 780, 563, 788, 277, 564, 792, 565, 796, 797, 520, 798, 566, 799, 800, 801, 285, 567, 568, 300, 569, 303, 307, 570, 310, 521, 571, 826, 572, 322, 573, 331, 522, 340, 341, 342, 343, 344, 345, 346, 863, 864, 865, 866, 867, 868, 869, 870, 871, 872, 523, 873, 874, 376, 524, 586, 587, 525, 412, 413, 414, 415, 416, 417, 418, 419, 420, 421, 422, 512, 595, 526, 527, 605, 485, 486, 487, 488, 489, 490, 491, 492, 493, 494, 495, 496, 497, 498, 499, 500, 501, 502, 503, 504, 505, 506, 507, 508, 509, 510, 511]",True,"[7, 13, 14, 22, 83, 493, 498, 499, 506, 554]","[0, 1, 2, 3, 4, 5, 6, 7, 8, 9, 10, 11, 12, 13, 14, 15, 16, 17, 18, 19, 20, 21, 22, 23, 24, 25, 26, 27, 28, 29, 30, 31, 32, 33, 34, 35, 36, 37, 38, 39, 40, 41, 42, 43, 44, 45, 46, 47, 48, 49, 50, 51, 52, 53, 54, 55, 56, 57, 58, 59, 60, 61, 62, 63, 64, 65, 66, 67, 68, 69, 70, 71, 72, 73, 74, 75, 76, 77, 78, 79, 80, 81, 82, 83, 84, 85, 86, 87, 88, 89, 90, 91, 92, 93, 94, 95, 96, 97, 98, 99, 100, 101, 102, 485, 486, 487, 488, 489, 490, 491, 492, 493, 494, 495, 496, 497, 498, 499, 500, 501, 502, 503, 504, 505, 506, 507, 508, 509, 510, 511, 512, 513, 514, 515, 516, 517, 518, 519, 520, 521, 522, 523, 524, 525, 526, 527, 528, 529, 530, 531, 532, 533, 534, 535, 536, 537, 538, 539, 540, 541, 542, 543, 544, 545, 546, 547, 548, 549, 550, 551, 552, 553, 554, 555, 556, 557, 558, 559, 560, 561, 562, 563, 564, 565, 566, 567, 568, 569, 570, 571, 572, 573]","[6, 7, 13, 14, 22, 56, 83, 492, 493, 498, 499, 506, 533, 554]","[7, 22, 493, 506]","[0, 5, 7, 10, 14, 19, 20, 22, 24, 32, 33, 34, 37, 38, 40, 44, 46, 48, 49, 51, 56, 61, 63, 65, 67, 68, 73, 74, 75, 76, 79, 81, 82, 83, 85, 87, 88, 92, 93, 95, 96, 99, 100, 101, 115, 116, 124, 134, 142, 161, 167, 169, 170, 186, 202, 240, 244, 254, 260, 267, 277, 300, 303, 307, 310, 322, 331, 376, 485, 491, 493, 495, 499, 503, 504, 506, 508, 515, 518, 519, 521, 524, 526, 528, 533, 537, 539, 542, 543, 547, 548, 549, 550, 551, 553, 554, 556, 558, 559, 563, 564, 566, 567, 570, 571, 572, 586, 587, 595, 605, 613, 633, 639, 640, 641, 657, 672, 704, 717, 726, 736, 759, 761, 765, 768, 780, 788, 792, 826]","[17, 18, 19, 20, 21, 22, 23, 156, 157, 158, 159, 160, 161, 162, 163, 164, 165, 166, 167, 168, 285, 340, 341, 342, 343, 344, 345, 346, 412, 413, 414, 415, 416, 417, 418, 419, 420, 421, 422, 502, 503, 504, 505, 506, 507, 628, 629, 630, 631, 632, 633, 634, 635, 636, 637, 638, 639, 744, 792, 796, 797, 798, 799, 800, 801, 863, 864, 865, 866, 867, 868, 869, 870, 871, 872, 873, 874]","[17, 18, 19, 20, 21, 22, 23, 156, 157, 158, 159, 160, 161, 162, 163, 164, 165, 166, 167, 341, 342, 343, 344, 345, 412, 413, 414, 415, 416, 417, 418, 419, 420, 421, 422, 502, 503, 504, 505, 506, 507, 628, 629, 630, 631, 632, 633, 634, 635, 636, 637, 638, 639, 792, 797, 798, 799, 800, 801, 863, 864, 865, 866, 867, 868, 869, 870, 871, 872, 873, 874]",7/6 successful match,True,[519],True,152,False,,1.0,True,Flying J Travel Plaza # 611,Flying J
"Chandler , 85226 Love's Travel Stop # 328",520-796-1185 I-10 Exit 162,,Chandler,85226,Love's Travel Stop # 328,520-796-1185,2006,Chandler,AZ,Love's,,I-10 Exit 162,Exit,162,False,,False,I-10,,,,,"[40, 521]","[40, 521]","[40, 521]","[40, 424, 521, 876]","[0, 1, 2, 3, 4, 5, 6, 7, 8, 9, 10, 11, 12, 13, 14, 15, 16, 17, 18, 19, 20, 21, 22, 23, 24, 25, 26, 27, 28, 29, 30, 31, 32, 33, 34, 35, 36, 37, 38, 39, 40, 41, 42, 43, 44, 45, 46, 47, 48, 49, 50, 51, 52, 53, 54, 55, 56, 57, 58, 59, 60, 61, 62, 63, 64, 65, 66, 67, 68, 69, 70, 71, 72, 73, 74, 75, 76, 77, 78, 79, 80, 81, 82, 83, 84, 85, 86, 87, 88, 89, 90, 91, 92, 93, 94, 95, 96, 97, 98, 99, 100, 101, 102, 485, 486, 487, 488, 489, 490, 491, 492, 493, 494, 495, 496, 497, 498, 499, 500, 501, 502, 503, 504, 505, 506, 507, 508, 509, 510, 511, 512, 513, 514, 515, 516, 517, 518, 519, 520, 521, 522, 523, 524, 525, 526, 527, 528, 529, 530, 531, 532, 533, 534, 535, 536, 537, 538, 539, 540, 541, 542, 543, 544, 545, 546, 547, 548, 549, 550, 551, 552, 553, 554, 555, 556, 557, 558, 559, 560, 561, 562, 563, 564, 565, 566, 567, 568, 569, 570, 571, 572, 573]","[0, 5, 7, 10, 14, 19, 20, 22, 24, 32, 33, 34, 37, 38, 40, 44, 46, 48, 49, 51, 56, 61, 63, 65, 67, 68, 73, 74, 75, 76, 79, 81, 82, 83, 85, 87, 88, 92, 93, 95, 96, 99, 100, 101, 115, 116, 124, 134, 142, 161, 167, 169, 170, 186, 202, 240, 244, 254, 260, 267, 277, 300, 303, 307, 310, 322, 331, 376, 485, 491, 493, 495, 499, 503, 504, 506, 508, 515, 518, 519, 521, 524, 526, 528, 533, 537, 539, 542, 543, 547, 548, 549, 550, 551, 553, 554, 556, 558, 559, 563, 564, 566, 567, 570, 571, 572, 586, 587, 595, 605, 613, 633, 639, 640, 641, 657, 672, 704, 717, 726, 736, 759, 761, 765, 768, 780, 788, 792, 826]","[34, 35, 36, 37, 38, 39, 40, 41, 42, 43, 44, 45, 46, 47, 48, 201, 202, 203, 204, 205, 206, 207, 208, 209, 210, 211, 212, 213, 214, 215, 216, 355, 356, 357, 358, 359, 360, 361, 429, 430, 431, 432, 433, 434, 435, 515, 516, 517, 518, 519, 520, 521, 522, 523, 524, 525, 526, 527, 672, 673, 674, 675, 676, 677, 678, 679, 680, 681, 682, 683, 684, 810, 811, 812, 813, 814, 881, 882, 883, 884, 885, 886]","[32, 33, 34, 35, 36, 37, 38, 39, 40, 41, 42, 43, 44, 45, 46, 47, 48, 73, 201, 202, 203, 204, 205, 206, 207, 208, 209, 210, 211, 212, 213, 214, 215, 216, 355, 356, 357, 358, 359, 360, 361, 429, 430, 431, 432, 433, 434, 435, 515, 516, 517, 518, 519, 520, 521, 522, 523, 524, 525, 526, 527, 547, 672, 673, 674, 675, 676, 677, 678, 679, 680, 681, 682, 683, 684, 810, 811, 812, 813, 814, 881, 882, 883, 884, 885, 886]","[0, 1, 2, 3, 4, 5, 6, 7, 8, 521, 9, 10, 11, 12, 13, 14, 15, 16, 17, 18, 19, 20, 21, 22, 23, 24, 25, 26, 27, 28, 29, 30, 31, 32, 33, 34, 35, 36, 37, 38, 40, 39, 41, 42, 43, 44, 45, 46, 47, 48, 49, 50, 51, 52, 53, 54, 55, 56, 57, 58, 59, 60, 61, 62, 63, 64, 65, 66, 67, 68, 69, 70, 71, 72, 73, 74, 75, 76, 77, 78, 79, 80, 81, 82, 83, 84, 85, 86, 87, 88, 89, 90, 91, 92, 93, 94, 95, 96, 97, 98, 99, 100, 101, 102, 528, 529, 613, 530, 513, 531, 115, 116, 532, 633, 533, 124, 534, 639, 640, 641, 535, 134, 514, 536, 537, 142, 657, 538, 539, 540, 672, 515, 541, 161, 673, 674, 675, 542, 167, 169, 170, 676, 543, 677, 678, 679, 680, 681, 544, 682, 683, 684, 545, 516, 186, 546, 704, 547, 548, 201, 202, 549, 203, 717, 204, 205, 550, 206, 207, 517, 208, 551, 726, 209, 210, 211, 552, 212, 213, 214, 215, 553, 736, 216, 554, 555, 518, 556, 240, 557, 244, 759, 558, 761, 559, 254, 765, 768, 560, 260, 519, 561, 267, 562, 780, 563, 788, 277, 564, 792, 565, 520, 566, 567, 568, 810, 300, 811, 812, 569, 303, 813, 814, 307, 570, 310, 571, 826, 572, 322, 573, 331, 522, 355, 356, 357, 358, 359, 360, 523, 361, 876, 881, 882, 883, 884, 885, 886, 376, 524, 586, 587, 525, 424, 429, 430, 512, 431, 432, 595, 433, 526, 434, 435, 527, 605, 485, 486, 487, 488, 489, 490, 491, 492, 493, 494, 495, 496, 497, 498, 499, 500, 501, 502, 503, 504, 505, 506, 507, 508, 509, 510, 511]",True,"[40, 521]","[0, 1, 2, 3, 4, 5, 6, 7, 8, 9, 10, 11, 12, 13, 14, 15, 16, 17, 18, 19, 20, 21, 22, 23, 24, 25, 26, 27, 28, 29, 30, 31, 32, 33, 34, 35, 36, 37, 38, 39, 40, 41, 42, 43, 44, 45, 46, 47, 48, 49, 50, 51, 52, 53, 54, 55, 56, 57, 58, 59, 60, 61, 62, 63, 64, 65, 66, 67, 68, 69, 70, 71, 72, 73, 74, 75, 76, 77, 78, 79, 80, 81, 82, 83, 84, 85, 86, 87, 88, 89, 90, 91, 92, 93, 94, 95, 96, 97, 98, 99, 100, 101, 102, 485, 486, 487, 488, 489, 490, 491, 492, 493, 494, 495, 496, 497, 498, 499, 500, 501, 502, 503, 504, 505, 506, 507, 508, 509, 510, 511, 512, 513, 514, 515, 516, 517, 518, 519, 520, 521, 522, 523, 524, 525, 526, 527, 528, 529, 530, 531, 532, 533, 534, 535, 536, 537, 538, 539, 540, 541, 542, 543, 544, 545, 546, 547, 548, 549, 550, 551, 552, 553, 554, 555, 556, 557, 558, 559, 560, 561, 562, 563, 564, 565, 566, 567, 568, 569, 570, 571, 572, 573]","[40, 521]","[40, 424, 521, 876]","[0, 5, 7, 10, 14, 19, 20, 22, 24, 32, 33, 34, 37, 38, 40, 44, 46, 48, 49, 51, 56, 61, 63, 65, 67, 68, 73, 74, 75, 76, 79, 81, 82, 83, 85, 87, 88, 92, 93, 95, 96, 99, 100, 101, 115, 116, 124, 134, 142, 161, 167, 169, 170, 186, 202, 240, 244, 254, 260, 267, 277, 300, 303, 307, 310, 322, 331, 376, 485, 491, 493, 495, 499, 503, 504, 506, 508, 515, 518, 519, 521, 524, 526, 528, 533, 537, 539, 542, 543, 547, 548, 549, 550, 551, 553, 554, 556, 558, 559, 563, 564, 566, 567, 570, 571, 572, 586, 587, 595, 605, 613, 633, 639, 640, 641, 657, 672, 704, 717, 726, 736, 759, 761, 765, 768, 780, 788, 792, 826]","[32, 33, 34, 35, 36, 37, 38, 39, 40, 41, 42, 43, 44, 45, 46, 47, 48, 73, 201, 202, 203, 204, 205, 206, 207, 208, 209, 210, 211, 212, 213, 214, 215, 216, 355, 356, 357, 358, 359, 360, 361, 429, 430, 431, 432, 433, 434, 435, 515, 516, 517, 518, 519, 520, 521, 522, 523, 524, 525, 526, 527, 547, 672, 673, 674, 675, 676, 677, 678, 679, 680, 681, 682, 683, 684, 810, 811, 812, 813, 814, 881, 882, 883, 884, 885, 886]","[34, 35, 36, 37, 38, 39, 40, 41, 42, 43, 44, 45, 46, 47, 48, 201, 202, 203, 204, 205, 206, 207, 208, 209, 210, 211, 212, 213, 214, 215, 216, 355, 356, 357, 358, 359, 360, 361, 429, 430, 431, 432, 433, 434, 435, 515, 516, 517, 518, 519, 520, 521, 522, 523, 524, 525, 526, 527, 672, 673, 674, 675, 676, 677, 678, 679, 680, 681, 682, 683, 684, 810, 811, 812, 813, 814, 881, 882, 883, 884, 885, 886]",7/6 successful match,True,"[295, 296]",True,153,False,,,,,
"Chandler , 85226 Love's Travel Stop # 328 )",520-796-1185 I-10 Exit 162,24 M,Chandler,85226,Love's Travel Stop # 328 ),520-796-1185,2007,Chandler,AZ,Love's,,I-10 Exit 162,Exit,162,False,,False,I-10,,,,,"[40, 521]","[40, 521]","[40, 521]","[40, 424, 521, 876]","[0, 1, 2, 3, 4, 5, 6, 7, 8, 9, 10, 11, 12, 13, 14, 15, 16, 17, 18, 19, 20, 21, 22, 23, 24, 25, 26, 27, 28, 29, 30, 31, 32, 33, 34, 35, 36, 37, 38, 39, 40, 41, 42, 43, 44, 45, 46, 47, 48, 49, 50, 51, 52, 53, 54, 55, 56, 57, 58, 59, 60, 61, 62, 63, 64, 65, 66, 67, 68, 69, 70, 71, 72, 73, 74, 75, 76, 77, 78, 79, 80, 81, 82, 83, 84, 85, 86, 87, 88, 89, 90, 91, 92, 93, 94, 95, 96, 97, 98, 99, 100, 101, 102, 485, 486, 487, 488, 489, 490, 491, 492, 493, 494, 495, 496, 497, 498, 499, 500, 501, 502, 503, 504, 505, 506, 507, 508, 509, 510, 511, 512, 513, 514, 515, 516, 517, 518, 519, 520, 521, 522, 523, 524, 525, 526, 527, 528, 529, 530, 531, 532, 533, 534, 535, 536, 537, 538, 539, 540, 541, 542, 543, 544, 545, 546, 547, 548, 549, 550, 551, 552, 553, 554, 555, 556, 557, 558, 559, 560, 561, 562, 563, 564, 565, 566, 567, 568, 569, 570, 571, 572, 573]","[0, 5, 7, 10, 14, 19, 20, 22, 24, 32, 33, 34, 37, 38, 40, 44, 46, 48, 49, 51, 56, 61, 63, 65, 67, 68, 73, 74, 75, 76, 79, 81, 82, 83, 85, 87, 88, 92, 93, 95, 96, 99, 100, 101, 115, 116, 124, 134, 142, 161, 167, 169, 170, 186, 202, 240, 244, 254, 260, 267, 277, 300, 303, 307, 310, 322, 331, 376, 485, 491, 493, 495, 499, 503, 504, 506, 508, 515, 518, 519, 521, 524, 526, 528, 533, 537, 539, 542, 543, 547, 548, 549, 550, 551, 553, 554, 556, 558, 559, 563, 564, 566, 567, 570, 571, 572, 586, 587, 595, 605, 613, 633, 639, 640, 641, 657, 672, 704, 717, 726, 736, 759, 761, 765, 768, 780, 788, 792, 826]","[34, 35, 36, 37, 38, 39, 40, 41, 42, 43, 44, 45, 46, 47, 48, 201, 202, 203, 204, 205, 206, 207, 208, 209, 210, 211, 212, 213, 214, 215, 216, 355, 356, 357, 358, 359, 360, 361, 429, 430, 431, 432, 433, 434, 435, 515, 516, 517, 518, 519, 520, 521, 522, 523, 524, 525, 526, 527, 672, 673, 674, 675, 676, 677, 678, 679, 680, 681, 682, 683, 684, 810, 811, 812, 813, 814, 881, 882, 883, 884, 885, 886]","[32, 33, 34, 35, 36, 37, 38, 39, 40, 41, 42, 43, 44, 45, 46, 47, 48, 73, 201, 202, 203, 204, 205, 206, 207, 208, 209, 210, 211, 212, 213, 214, 215, 216, 355, 356, 357, 358, 359, 360, 361, 429, 430, 431, 432, 433, 434, 435, 515, 516, 517, 518, 519, 520, 521, 522, 523, 524, 525, 526, 527, 547, 672, 673, 674, 675, 676, 677, 678, 679, 680, 681, 682, 683, 684, 810, 811, 812, 813, 814, 881, 882, 883, 884, 885, 886]","[0, 1, 2, 3, 4, 5, 6, 7, 8, 521, 9, 10, 11, 12, 13, 14, 15, 16, 17, 18, 19, 20, 21, 22, 23, 24, 25, 26, 27, 28, 29, 30, 31, 32, 33, 34, 35, 36, 37, 38, 40, 39, 41, 42, 43, 44, 45, 46, 47, 48, 49, 50, 51, 52, 53, 54, 55, 56, 57, 58, 59, 60, 61, 62, 63, 64, 65, 66, 67, 68, 69, 70, 71, 72, 73, 74, 75, 76, 77, 78, 79, 80, 81, 82, 83, 84, 85, 86, 87, 88, 89, 90, 91, 92, 93, 94, 95, 96, 97, 98, 99, 100, 101, 102, 528, 529, 613, 530, 513, 531, 115, 116, 532, 633, 533, 124, 534, 639, 640, 641, 535, 134, 514, 536, 537, 142, 657, 538, 539, 540, 672, 515, 541, 161, 673, 674, 675, 542, 167, 169, 170, 676, 543, 677, 678, 679, 680, 681, 544, 682, 683, 684, 545, 516, 186, 546, 704, 547, 548, 201, 202, 549, 203, 717, 204, 205, 550, 206, 207, 517, 208, 551, 726, 209, 210, 211, 552, 212, 213, 214, 215, 553, 736, 216, 554, 555, 518, 556, 240, 557, 244, 759, 558, 761, 559, 254, 765, 768, 560, 260, 519, 561, 267, 562, 780, 563, 788, 277, 564, 792, 565, 520, 566, 567, 568, 810, 300, 811, 812, 569, 303, 813, 814, 307, 570, 310, 571, 826, 572, 322, 573, 331, 522, 355, 356, 357, 358, 359, 360, 523, 361, 876, 881, 882, 883, 884, 885, 886, 376, 524, 586, 587, 525, 424, 429, 430, 512, 431, 432, 595, 433, 526, 434, 435, 527, 605, 485, 486, 487, 488, 489, 490, 491, 492, 493, 494, 495, 496, 497, 498, 499, 500, 501, 502, 503, 504, 505, 506, 507, 508, 509, 510, 511]",True,"[40, 521]","[0, 1, 2, 3, 4, 5, 6, 7, 8, 9, 10, 11, 12, 13, 14, 15, 16, 17, 18, 19, 20, 21, 22, 23, 24, 25, 26, 27, 28, 29, 30, 31, 32, 33, 34, 35, 36, 37, 38, 39, 40, 41, 42, 43, 44, 45, 46, 47, 48, 49, 50, 51, 52, 53, 54, 55, 56, 57, 58, 59, 60, 61, 62, 63, 64, 65, 66, 67, 68, 69, 70, 71, 72, 73, 74, 75, 76, 77, 78, 79, 80, 81, 82, 83, 84, 85, 86, 87, 88, 89, 90, 91, 92, 93, 94, 95, 96, 97, 98, 99, 100, 101, 102, 485, 486, 487, 488, 489, 490, 491, 492, 493, 494, 495, 496, 497, 498, 499, 500, 501, 502, 503, 504, 505, 506, 507, 508, 509, 510, 511, 512, 513, 514, 515, 516, 517, 518, 519, 520, 521, 522, 523, 524, 525, 526, 527, 528, 529, 530, 531, 532, 533, 534, 535, 536, 537, 538, 539, 540, 541, 542, 543, 544, 545, 546, 547, 548, 549, 550, 551, 552, 553, 554, 555, 556, 557, 558, 559, 560, 561, 562, 563, 564, 565, 566, 567, 568, 569, 570, 571, 572, 573]","[40, 521]","[40, 424, 521, 876]","[0, 5, 7, 10, 14, 19, 20, 22, 24, 32, 33, 34, 37, 38, 40, 44, 46, 48, 49, 51, 56, 61, 63, 65, 67, 68, 73, 74, 75, 76, 79, 81, 82, 83, 85, 87, 88, 92, 93, 95, 96, 99, 100, 101, 115, 116, 124, 134, 142, 161, 167, 169, 170, 186, 202, 240, 244, 254, 260, 267, 277, 300, 303, 307, 310, 322, 331, 376, 485, 491, 493, 495, 499, 503, 504, 506, 508, 515, 518, 519, 521, 524, 526, 528, 533, 537, 539, 542, 543, 547, 548, 549, 550, 551, 553, 554, 556, 558, 559, 563, 564, 566, 567, 570, 571, 572, 586, 587, 595, 605, 613, 633, 639, 640, 641, 657, 672, 704, 717, 726, 736, 759, 761, 765, 768, 780, 788, 792, 826]","[32, 33, 34, 35, 36, 37, 38, 39, 40, 41, 42, 43, 44, 45, 46, 47, 48, 73, 201, 202, 203, 204, 205, 206, 207, 208, 209, 210, 211, 212, 213, 214, 215, 216, 355, 356, 357, 358, 359, 360, 361, 429, 430, 431, 432, 433, 434, 435, 515, 516, 517, 518, 519, 520, 521, 522, 523, 524, 525, 526, 527, 547, 672, 673, 674, 675, 676, 677, 678, 679, 680, 681, 682, 683, 684, 810, 811, 812, 813, 814, 881, 882, 883, 884, 885, 886]","[34, 35, 36, 37, 38, 39, 40, 41, 42, 43, 44, 45, 46, 47, 48, 201, 202, 203, 204, 205, 206, 207, 208, 209, 210, 211, 212, 213, 214, 215, 216, 355, 356, 357, 358, 359, 360, 361, 429, 430, 431, 432, 433, 434, 435, 515, 516, 517, 518, 519, 520, 521, 522, 523, 524, 525, 526, 527, 672, 673, 674, 675, 676, 677, 678, 679, 680, 681, 682, 683, 684, 810, 811, 812, 813, 814, 881, 882, 883, 884, 885, 886]",7/6 successful match,True,"[295, 296]",True,153,False,,1.0,True,Love's Travel Stop # 328,Love's
"Chandler , 85226 Love's Travel Stop # 328",4 520-796-1185 I-10 Exit 162,M,Chandler,85226,Love's Travel Stop # 328,520-796-1185,2008,Chandler,AZ,Love's,,I-10 Exit 162,Exit,162,False,,False,I-10,,,,,"[40, 521]","[40, 521]","[40, 521]","[40, 424, 521, 876]","[0, 1, 2, 3, 4, 5, 6, 7, 8, 9, 10, 11, 12, 13, 14, 15, 16, 17, 18, 19, 20, 21, 22, 23, 24, 25, 26, 27, 28, 29, 30, 31, 32, 33, 34, 35, 36, 37, 38, 39, 40, 41, 42, 43, 44, 45, 46, 47, 48, 49, 50, 51, 52, 53, 54, 55, 56, 57, 58, 59, 60, 61, 62, 63, 64, 65, 66, 67, 68, 69, 70, 71, 72, 73, 74, 75, 76, 77, 78, 79, 80, 81, 82, 83, 84, 85, 86, 87, 88, 89, 90, 91, 92, 93, 94, 95, 96, 97, 98, 99, 100, 101, 102, 485, 486, 487, 488, 489, 490, 491, 492, 493, 494, 495, 496, 497, 498, 499, 500, 501, 502, 503, 504, 505, 506, 507, 508, 509, 510, 511, 512, 513, 514, 515, 516, 517, 518, 519, 520, 521, 522, 523, 524, 525, 526, 527, 528, 529, 530, 531, 532, 533, 534, 535, 536, 537, 538, 539, 540, 541, 542, 543, 544, 545, 546, 547, 548, 549, 550, 551, 552, 553, 554, 555, 556, 557, 558, 559, 560, 561, 562, 563, 564, 565, 566, 567, 568, 569, 570, 571, 572, 573]","[0, 5, 7, 10, 14, 19, 20, 22, 24, 32, 33, 34, 37, 38, 40, 44, 46, 48, 49, 51, 56, 61, 63, 65, 67, 68, 73, 74, 75, 76, 79, 81, 82, 83, 85, 87, 88, 92, 93, 95, 96, 99, 100, 101, 115, 116, 124, 134, 142, 161, 167, 169, 170, 186, 202, 240, 244, 254, 260, 267, 277, 300, 303, 307, 310, 322, 331, 376, 485, 491, 493, 495, 499, 503, 504, 506, 508, 515, 518, 519, 521, 524, 526, 528, 533, 537, 539, 542, 543, 547, 548, 549, 550, 551, 553, 554, 556, 558, 559, 563, 564, 566, 567, 570, 571, 572, 586, 587, 595, 605, 613, 633, 639, 640, 641, 657, 672, 704, 717, 726, 736, 759, 761, 765, 768, 780, 788, 792, 826]","[34, 35, 36, 37, 38, 39, 40, 41, 42, 43, 44, 45, 46, 47, 48, 201, 202, 203, 204, 205, 206, 207, 208, 209, 210, 211, 212, 213, 214, 215, 216, 355, 356, 357, 358, 359, 360, 361, 429, 430, 431, 432, 433, 434, 435, 515, 516, 517, 518, 519, 520, 521, 522, 523, 524, 525, 526, 527, 672, 673, 674, 675, 676, 677, 678, 679, 680, 681, 682, 683, 684, 810, 811, 812, 813, 814, 881, 882, 883, 884, 885, 886]","[32, 33, 34, 35, 36, 37, 38, 39, 40, 41, 42, 43, 44, 45, 46, 47, 48, 73, 201, 202, 203, 204, 205, 206, 207, 208, 209, 210, 211, 212, 213, 214, 215, 216, 355, 356, 357, 358, 359, 360, 361, 429, 430, 431, 432, 433, 434, 435, 515, 516, 517, 518, 519, 520, 521, 522, 523, 524, 525, 526, 527, 547, 672, 673, 674, 675, 676, 677, 678, 679, 680, 681, 682, 683, 684, 810, 811, 812, 813, 814, 881, 882, 883, 884, 885, 886]","[0, 1, 2, 3, 4, 5, 6, 7, 8, 521, 9, 10, 11, 12, 13, 14, 15, 16, 17, 18, 19, 20, 21, 22, 23, 24, 25, 26, 27, 28, 29, 30, 31, 32, 33, 34, 35, 36, 37, 38, 40, 39, 41, 42, 43, 44, 45, 46, 47, 48, 49, 50, 51, 52, 53, 54, 55, 56, 57, 58, 59, 60, 61, 62, 63, 64, 65, 66, 67, 68, 69, 70, 71, 72, 73, 74, 75, 76, 77, 78, 79, 80, 81, 82, 83, 84, 85, 86, 87, 88, 89, 90, 91, 92, 93, 94, 95, 96, 97, 98, 99, 100, 101, 102, 528, 529, 613, 530, 513, 531, 115, 116, 532, 633, 533, 124, 534, 639, 640, 641, 535, 134, 514, 536, 537, 142, 657, 538, 539, 540, 672, 515, 541, 161, 673, 674, 675, 542, 167, 169, 170, 676, 543, 677, 678, 679, 680, 681, 544, 682, 683, 684, 545, 516, 186, 546, 704, 547, 548, 201, 202, 549, 203, 717, 204, 205, 550, 206, 207, 517, 208, 551, 726, 209, 210, 211, 552, 212, 213, 214, 215, 553, 736, 216, 554, 555, 518, 556, 240, 557, 244, 759, 558, 761, 559, 254, 765, 768, 560, 260, 519, 561, 267, 562, 780, 563, 788, 277, 564, 792, 565, 520, 566, 567, 568, 810, 300, 811, 812, 569, 303, 813, 814, 307, 570, 310, 571, 826, 572, 322, 573, 331, 522, 355, 356, 357, 358, 359, 360, 523, 361, 876, 881, 882, 883, 884, 885, 886, 376, 524, 586, 587, 525, 424, 429, 430, 512, 431, 432, 595, 433, 526, 434, 435, 527, 605, 485, 486, 487, 488, 489, 490, 491, 492, 493, 494, 495, 496, 497, 498, 499, 500, 501, 502, 503, 504, 505, 506, 507, 508, 509, 510, 511]",True,"[40, 521]","[0, 1, 2, 3, 4, 5, 6, 7, 8, 9, 10, 11, 12, 13, 14, 15, 16, 17, 18, 19, 20, 21, 22, 23, 24, 25, 26, 27, 28, 29, 30, 31, 32, 33, 34, 35, 36, 37, 38, 39, 40, 41, 42, 43, 44, 45, 46, 47, 48, 49, 50, 51, 52, 53, 54, 55, 56, 57, 58, 59, 60, 61, 62, 63, 64, 65, 66, 67, 68, 69, 70, 71, 72, 73, 74, 75, 76, 77, 78, 79, 80, 81, 82, 83, 84, 85, 86, 87, 88, 89, 90, 91, 92, 93, 94, 95, 96, 97, 98, 99, 100, 101, 102, 485, 486, 487, 488, 489, 490, 491, 492, 493, 494, 495, 496, 497, 498, 499, 500, 501, 502, 503, 504, 505, 506, 507, 508, 509, 510, 511, 512, 513, 514, 515, 516, 517, 518, 519, 520, 521, 522, 523, 524, 525, 526, 527, 528, 529, 530, 531, 532, 533, 534, 535, 536, 537, 538, 539, 540, 541, 542, 543, 544, 545, 546, 547, 548, 549, 550, 551, 552, 553, 554, 555, 556, 557, 558, 559, 560, 561, 562, 563, 564, 565, 566, 567, 568, 569, 570, 571, 572, 573]","[40, 521]","[40, 424, 521, 876]","[0, 5, 7, 10, 14, 19, 20, 22, 24, 32, 33, 34, 37, 38, 40, 44, 46, 48, 49, 51, 56, 61, 63, 65, 67, 68, 73, 74, 75, 76, 79, 81, 82, 83, 85, 87, 88, 92, 93, 95, 96, 99, 100, 101, 115, 116, 124, 134, 142, 161, 167, 169, 170, 186, 202, 240, 244, 254, 260, 267, 277, 300, 303, 307, 310, 322, 331, 376, 485, 491, 493, 495, 499, 503, 504, 506, 508, 515, 518, 519, 521, 524, 526, 528, 533, 537, 539, 542, 543, 547, 548, 549, 550, 551, 553, 554, 556, 558, 559, 563, 564, 566, 567, 570, 571, 572, 586, 587, 595, 605, 613, 633, 639, 640, 641, 657, 672, 704, 717, 726, 736, 759, 761, 765, 768, 780, 788, 792, 826]","[32, 33, 34, 35, 36, 37, 38, 39, 40, 41, 42, 43, 44, 45, 46, 47, 48, 73, 201, 202, 203, 204, 205, 206, 207, 208, 209, 210, 211, 212, 213, 214, 215, 216, 355, 356, 357, 358, 359, 360, 361, 429, 430, 431, 432, 433, 434, 435, 515, 516, 517, 518, 519, 520, 521, 522, 523, 524, 525, 526, 527, 547, 672, 673, 674, 675, 676, 677, 678, 679, 680, 681, 682, 683, 684, 810, 811, 812, 813, 814, 881, 882, 883, 884, 885, 886]","[34, 35, 36, 37, 38, 39, 40, 41, 42, 43, 44, 45, 46, 47, 48, 201, 202, 203, 204, 205, 206, 207, 208, 209, 210, 211, 212, 213, 214, 215, 216, 355, 356, 357, 358, 359, 360, 361, 429, 430, 431, 432, 433, 434, 435, 515, 516, 517, 518, 519, 520, 521, 522, 523, 524, 525, 526, 527, 672, 673, 674, 675, 676, 677, 678, 679, 680, 681, 682, 683, 684, 810, 811, 812, 813, 814, 881, 882, 883, 884, 885, 886]",7/6 successful match,True,"[295, 296]",True,153,False,,1.0,True,Love's Travel Stop # 328 ),Love's
Chandler ( 85226 ) Love's Travel Stop # 328 ),4 520-796-1185 I-10 Exit 162,24 mm LO,Chandler,85226,Love's Travel Stop # 328 ),520-796-1185,2014,Chandler,AZ,Love's,,I-10 Exit 162,Exit,162,False,,False,I-10,,,,,"[40, 521]","[40, 521]","[40, 521]","[40, 424, 521, 876]","[0, 1, 2, 3, 4, 5, 6, 7, 8, 9, 10, 11, 12, 13, 14, 15, 16, 17, 18, 19, 20, 21, 22, 23, 24, 25, 26, 27, 28, 29, 30, 31, 32, 33, 34, 35, 36, 37, 38, 39, 40, 41, 42, 43, 44, 45, 46, 47, 48, 49, 50, 51, 52, 53, 54, 55, 56, 57, 58, 59, 60, 61, 62, 63, 64, 65, 66, 67, 68, 69, 70, 71, 72, 73, 74, 75, 76, 77, 78, 79, 80, 81, 82, 83, 84, 85, 86, 87, 88, 89, 90, 91, 92, 93, 94, 95, 96, 97, 98, 99, 100, 101, 102, 485, 486, 487, 488, 489, 490, 491, 492, 493, 494, 495, 496, 497, 498, 499, 500, 501, 502, 503, 504, 505, 506, 507, 508, 509, 510, 511, 512, 513, 514, 515, 516, 517, 518, 519, 520, 521, 522, 523, 524, 525, 526, 527, 528, 529, 530, 531, 532, 533, 534, 535, 536, 537, 538, 539, 540, 541, 542, 543, 544, 545, 546, 547, 548, 549, 550, 551, 552, 553, 554, 555, 556, 557, 558, 559, 560, 561, 562, 563, 564, 565, 566, 567, 568, 569, 570, 571, 572, 573]","[0, 5, 7, 10, 14, 19, 20, 22, 24, 32, 33, 34, 37, 38, 40, 44, 46, 48, 49, 51, 56, 61, 63, 65, 67, 68, 73, 74, 75, 76, 79, 81, 82, 83, 85, 87, 88, 92, 93, 95, 96, 99, 100, 101, 115, 116, 124, 134, 142, 161, 167, 169, 170, 186, 202, 240, 244, 254, 260, 267, 277, 300, 303, 307, 310, 322, 331, 376, 485, 491, 493, 495, 499, 503, 504, 506, 508, 515, 518, 519, 521, 524, 526, 528, 533, 537, 539, 542, 543, 547, 548, 549, 550, 551, 553, 554, 556, 558, 559, 563, 564, 566, 567, 570, 571, 572, 586, 587, 595, 605, 613, 633, 639, 640, 641, 657, 672, 704, 717, 726, 736, 759, 761, 765, 768, 780, 788, 792, 826]","[34, 35, 36, 37, 38, 39, 40, 41, 42, 43, 44, 45, 46, 47, 48, 201, 202, 203, 204, 205, 206, 207, 208, 209, 210, 211, 212, 213, 214, 215, 216, 355, 356, 357, 358, 359, 360, 361, 429, 430, 431, 432, 433, 434, 435, 515, 516, 517, 518, 519, 520, 521, 522, 523, 524, 525, 526, 527, 672, 673, 674, 675, 676, 677, 678, 679, 680, 681, 682, 683, 684, 810, 811, 812, 813, 814, 881, 882, 883, 884, 885, 886]","[32, 33, 34, 35, 36, 37, 38, 39, 40, 41, 42, 43, 44, 45, 46, 47, 48, 73, 201, 202, 203, 204, 205, 206, 207, 208, 209, 210, 211, 212, 213, 214, 215, 216, 355, 356, 357, 358, 359, 360, 361, 429, 430, 431, 432, 433, 434, 435, 515, 516, 517, 518, 519, 520, 521, 522, 523, 524, 525, 526, 527, 547, 672, 673, 674, 675, 676, 677, 678, 679, 680, 681, 682, 683, 684, 810, 811, 812, 813, 814, 881, 882, 883, 884, 885, 886]","[0, 1, 2, 3, 4, 5, 6, 7, 8, 521, 9, 10, 11, 12, 13, 14, 15, 16, 17, 18, 19, 20, 21, 22, 23, 24, 25, 26, 27, 28, 29, 30, 31, 32, 33, 34, 35, 36, 37, 38, 40, 39, 41, 42, 43, 44, 45, 46, 47, 48, 49, 50, 51, 52, 53, 54, 55, 56, 57, 58, 59, 60, 61, 62, 63, 64, 65, 66, 67, 68, 69, 70, 71, 72, 73, 74, 75, 76, 77, 78, 79, 80, 81, 82, 83, 84, 85, 86, 87, 88, 89, 90, 91, 92, 93, 94, 95, 96, 97, 98, 99, 100, 101, 102, 528, 529, 613, 530, 513, 531, 115, 116, 532, 633, 533, 124, 534, 639, 640, 641, 535, 134, 514, 536, 537, 142, 657, 538, 539, 540, 672, 515, 541, 161, 673, 674, 675, 542, 167, 169, 170, 676, 543, 677, 678, 679, 680, 681, 544, 682, 683, 684, 545, 516, 186, 546, 704, 547, 548, 201, 202, 549, 203, 717, 204, 205, 550, 206, 207, 517, 208, 551, 726, 209, 210, 211, 552, 212, 213, 214, 215, 553, 736, 216, 554, 555, 518, 556, 240, 557, 244, 759, 558, 761, 559, 254, 765, 768, 560, 260, 519, 561, 267, 562, 780, 563, 788, 277, 564, 792, 565, 520, 566, 567, 568, 810, 300, 811, 812, 569, 303, 813, 814, 307, 570, 310, 571, 826, 572, 322, 573, 331, 522, 355, 356, 357, 358, 359, 360, 523, 361, 876, 881, 882, 883, 884, 885, 886, 376, 524, 586, 587, 525, 424, 429, 430, 512, 431, 432, 595, 433, 526, 434, 435, 527, 605, 485, 486, 487, 488, 489, 490, 491, 492, 493, 494, 495, 496, 497, 498, 499, 500, 501, 502, 503, 504, 505, 506, 507, 508, 509, 510, 511]",True,"[40, 521]","[0, 1, 2, 3, 4, 5, 6, 7, 8, 9, 10, 11, 12, 13, 14, 15, 16, 17, 18, 19, 20, 21, 22, 23, 24, 25, 26, 27, 28, 29, 30, 31, 32, 33, 34, 35, 36, 37, 38, 39, 40, 41, 42, 43, 44, 45, 46, 47, 48, 49, 50, 51, 52, 53, 54, 55, 56, 57, 58, 59, 60, 61, 62, 63, 64, 65, 66, 67, 68, 69, 70, 71, 72, 73, 74, 75, 76, 77, 78, 79, 80, 81, 82, 83, 84, 85, 86, 87, 88, 89, 90, 91, 92, 93, 94, 95, 96, 97, 98, 99, 100, 101, 102, 485, 486, 487, 488, 489, 490, 491, 492, 493, 494, 495, 496, 497, 498, 499, 500, 501, 502, 503, 504, 505, 506, 507, 508, 509, 510, 511, 512, 513, 514, 515, 516, 517, 518, 519, 520, 521, 522, 523, 524, 525, 526, 527, 528, 529, 530, 531, 532, 533, 534, 535, 536, 537, 538, 539, 540, 541, 542, 543, 544, 545, 546, 547, 548, 549, 550, 551, 552, 553, 554, 555, 556, 557, 558, 559, 560, 561, 562, 563, 564, 565, 566, 567, 568, 569, 570, 571, 572, 573]","[40, 521]","[40, 424, 521, 876]","[0, 5, 7, 10, 14, 19, 20, 22, 24, 32, 33, 34, 37, 38, 40, 44, 46, 48, 49, 51, 56, 61, 63, 65, 67, 68, 73, 74, 75, 76, 79, 81, 82, 83, 85, 87, 88, 92, 93, 95, 96, 99, 100, 101, 115, 116, 124, 134, 142, 161, 167, 169, 170, 186, 202, 240, 244, 254, 260, 267, 277, 300, 303, 307, 310, 322, 331, 376, 485, 491, 493, 495, 499, 503, 504, 506, 508, 515, 518, 519, 521, 524, 526, 528, 533, 537, 539, 542, 543, 547, 548, 549, 550, 551, 553, 554, 556, 558, 559, 563, 564, 566, 567, 570, 571, 572, 586, 587, 595, 605, 613, 633, 639, 640, 641, 657, 672, 704, 717, 726, 736, 759, 761, 765, 768, 780, 788, 792, 826]","[32, 33, 34, 35, 36, 37, 38, 39, 40, 41, 42, 43, 44, 45, 46, 47, 48, 73, 201, 202, 203, 204, 205, 206, 207, 208, 209, 210, 211, 212, 213, 214, 215, 216, 355, 356, 357, 358, 359, 360, 361, 429, 430, 431, 432, 433, 434, 435, 515, 516, 517, 518, 519, 520, 521, 522, 523, 524, 525, 526, 527, 547, 672, 673, 674, 675, 676, 677, 678, 679, 680, 681, 682, 683, 684, 810, 811, 812, 813, 814, 881, 882, 883, 884, 885, 886]","[34, 35, 36, 37, 38, 39, 40, 41, 42, 43, 44, 45, 46, 47, 48, 201, 202, 203, 204, 205, 206, 207, 208, 209, 210, 211, 212, 213, 214, 215, 216, 355, 356, 357, 358, 359, 360, 361, 429, 430, 431, 432, 433, 434, 435, 515, 516, 517, 518, 519, 520, 521, 522, 523, 524, 525, 526, 527, 672, 673, 674, 675, 676, 677, 678, 679, 680, 681, 682, 683, 684, 810, 811, 812, 813, 814, 881, 882, 883, 884, 885, 886]",7/6 successful match,True,"[295, 296]",True,153,False,,1.0,True,Love's Travel Stop # 328,Love's
520-796-1185 Chandler ( 85226 ) Love's Travel Stop ( MM # 328 248 ),I-10 Exit 162 3,3 24 DO,Chandler,85226,Love's Travel Stop ( MM # 328 248 ),520-796-1185,2015,Chandler,AZ,Love's,,I-10 Exit 162 3,Exit,162,False,,False,I-10,,,,,"[40, 521]","[40, 521]","[40, 521]","[40, 424, 521, 876]","[0, 1, 2, 3, 4, 5, 6, 7, 8, 9, 10, 11, 12, 13, 14, 15, 16, 17, 18, 19, 20, 21, 22, 23, 24, 25, 26, 27, 28, 29, 30, 31, 32, 33, 34, 35, 36, 37, 38, 39, 40, 41, 42, 43, 44, 45, 46, 47, 48, 49, 50, 51, 52, 53, 54, 55, 56, 57, 58, 59, 60, 61, 62, 63, 64, 65, 66, 67, 68, 69, 70, 71, 72, 73, 74, 75, 76, 77, 78, 79, 80, 81, 82, 83, 84, 85, 86, 87, 88, 89, 90, 91, 92, 93, 94, 95, 96, 97, 98, 99, 100, 101, 102, 485, 486, 487, 488, 489, 490, 491, 492, 493, 494, 495, 496, 497, 498, 499, 500, 501, 502, 503, 504, 505, 506, 507, 508, 509, 510, 511, 512, 513, 514, 515, 516, 517, 518, 519, 520, 521, 522, 523, 524, 525, 526, 527, 528, 529, 530, 531, 532, 533, 534, 535, 536, 537, 538, 539, 540, 541, 542, 543, 544, 545, 546, 547, 548, 549, 550, 551, 552, 553, 554, 555, 556, 557, 558, 559, 560, 561, 562, 563, 564, 565, 566, 567, 568, 569, 570, 571, 572, 573]","[0, 5, 7, 10, 14, 19, 20, 22, 24, 32, 33, 34, 37, 38, 40, 44, 46, 48, 49, 51, 56, 61, 63, 65, 67, 68, 73, 74, 75, 76, 79, 81, 82, 83, 85, 87, 88, 92, 93, 95, 96, 99, 100, 101, 115, 116, 124, 134, 142, 161, 167, 169, 170, 186, 202, 240, 244, 254, 260, 267, 277, 300, 303, 307, 310, 322, 331, 376, 485, 491, 493, 495, 499, 503, 504, 506, 508, 515, 518, 519, 521, 524, 526, 528, 533, 537, 539, 542, 543, 547, 548, 549, 550, 551, 553, 554, 556, 558, 559, 563, 564, 566, 567, 570, 571, 572, 586, 587, 595, 605, 613, 633, 639, 640, 641, 657, 672, 704, 717, 726, 736, 759, 761, 765, 768, 780, 788, 792, 826]","[34, 35, 36, 37, 38, 39, 40, 41, 42, 43, 44, 45, 46, 47, 48, 201, 202, 203, 204, 205, 206, 207, 208, 209, 210, 211, 212, 213, 214, 215, 216, 355, 356, 357, 358, 359, 360, 361, 429, 430, 431, 432, 433, 434, 435, 515, 516, 517, 518, 519, 520, 521, 522, 523, 524, 525, 526, 527, 672, 673, 674, 675, 676, 677, 678, 679, 680, 681, 682, 683, 684, 810, 811, 812, 813, 814, 881, 882, 883, 884, 885, 886]","[32, 33, 34, 35, 36, 37, 38, 39, 40, 41, 42, 43, 44, 45, 46, 47, 48, 73, 201, 202, 203, 204, 205, 206, 207, 208, 209, 210, 211, 212, 213, 214, 215, 216, 355, 356, 357, 358, 359, 360, 361, 429, 430, 431, 432, 433, 434, 435, 515, 516, 517, 518, 519, 520, 521, 522, 523, 524, 525, 526, 527, 547, 672, 673, 674, 675, 676, 677, 678, 679, 680, 681, 682, 683, 684, 810, 811, 812, 813, 814, 881, 882, 883, 884, 885, 886]","[0, 1, 2, 3, 4, 5, 6, 7, 8, 521, 9, 10, 11, 12, 13, 14, 15, 16, 17, 18, 19, 20, 21, 22, 23, 24, 25, 26, 27, 28, 29, 30, 31, 32, 33, 34, 35, 36, 37, 38, 40, 39, 41, 42, 43, 44, 45, 46, 47, 48, 49, 50, 51, 52, 53, 54, 55, 56, 57, 58, 59, 60, 61, 62, 63, 64, 65, 66, 67, 68, 69, 70, 71, 72, 73, 74, 75, 76, 77, 78, 79, 80, 81, 82, 83, 84, 85, 86, 87, 88, 89, 90, 91, 92, 93, 94, 95, 96, 97, 98, 99, 100, 101, 102, 528, 529, 613, 530, 513, 531, 115, 116, 532, 633, 533, 124, 534, 639, 640, 641, 535, 134, 514, 536, 537, 142, 657, 538, 539, 540, 672, 515, 541, 161, 673, 674, 675, 542, 167, 169, 170, 676, 543, 677, 678, 679, 680, 681, 544, 682, 683, 684, 545, 516, 186, 546, 704, 547, 548, 201, 202, 549, 203, 717, 204, 205, 550, 206, 207, 517, 208, 551, 726, 209, 210, 211, 552, 212, 213, 214, 215, 553, 736, 216, 554, 555, 518, 556, 240, 557, 244, 759, 558, 761, 559, 254, 765, 768, 560, 260, 519, 561, 267, 562, 780, 563, 788, 277, 564, 792, 565, 520, 566, 567, 568, 810, 300, 811, 812, 569, 303, 813, 814, 307, 570, 310, 571, 826, 572, 322, 573, 331, 522, 355, 356, 357, 358, 359, 360, 523, 361, 876, 881, 882, 883, 884, 885, 886, 376, 524, 586, 587, 525, 424, 429, 430, 512, 431, 432, 595, 433, 526, 434, 435, 527, 605, 485, 486, 487, 488, 489, 490, 491, 492, 493, 494, 495, 496, 497, 498, 499, 500, 501, 502, 503, 504, 505, 506, 507, 508, 509, 510, 511]",True,"[40, 521]","[0, 1, 2, 3, 4, 5, 6, 7, 8, 9, 10, 11, 12, 13, 14, 15, 16, 17, 18, 19, 20, 21, 22, 23, 24, 25, 26, 27, 28, 29, 30, 31, 32, 33, 34, 35, 36, 37, 38, 39, 40, 41, 42, 43, 44, 45, 46, 47, 48, 49, 50, 51, 52, 53, 54, 55, 56, 57, 58, 59, 60, 61, 62, 63, 64, 65, 66, 67, 68, 69, 70, 71, 72, 73, 74, 75, 76, 77, 78, 79, 80, 81, 82, 83, 84, 85, 86, 87, 88, 89, 90, 91, 92, 93, 94, 95, 96, 97, 98, 99, 100, 101, 102, 485, 486, 487, 488, 489, 490, 491, 492, 493, 494, 495, 496, 497, 498, 499, 500, 501, 502, 503, 504, 505, 506, 507, 508, 509, 510, 511, 512, 513, 514, 515, 516, 517, 518, 519, 520, 521, 522, 523, 524, 525, 526, 527, 528, 529, 530, 531, 532, 533, 534, 535, 536, 537, 538, 539, 540, 541, 542, 543, 544, 545, 546, 547, 548, 549, 550, 551, 552, 553, 554, 555, 556, 557, 558, 559, 560, 561, 562, 563, 564, 565, 566, 567, 568, 569, 570, 571, 572, 573]","[40, 521]","[40, 424, 521, 876]","[0, 5, 7, 10, 14, 19, 20, 22, 24, 32, 33, 34, 37, 38, 40, 44, 46, 48, 49, 51, 56, 61, 63, 65, 67, 68, 73, 74, 75, 76, 79, 81, 82, 83, 85, 87, 88, 92, 93, 95, 96, 99, 100, 101, 115, 116, 124, 134, 142, 161, 167, 169, 170, 186, 202, 240, 244, 254, 260, 267, 277, 300, 303, 307, 310, 322, 331, 376, 485, 491, 493, 495, 499, 503, 504, 506, 508, 515, 518, 519, 521, 524, 526, 528, 533, 537, 539, 542, 543, 547, 548, 549, 550, 551, 553, 554, 556, 558, 559, 563, 564, 566, 567, 570, 571, 572, 586, 587, 595, 605, 613, 633, 639, 640, 641, 657, 672, 704, 717, 726, 736, 759, 761, 765, 768, 780, 788, 792, 826]","[32, 33, 34, 35, 36, 37, 38, 39, 40, 41, 42, 43, 44, 45, 46, 47, 48, 73, 201, 202, 203, 204, 205, 206, 207, 208, 209, 210, 211, 212, 213, 214, 215, 216, 355, 356, 357, 358, 359, 360, 361, 429, 430, 431, 432, 433, 434, 435, 515, 516, 517, 518, 519, 520, 521, 522, 523, 524, 525, 526, 527, 547, 672, 673, 674, 675, 676, 677, 678, 679, 680, 681, 682, 683, 684, 810, 811, 812, 813, 814, 881, 882, 883, 884, 885, 886]","[34, 35, 36, 37, 38, 39, 40, 41, 42, 43, 44, 45, 46, 47, 48, 201, 202, 203, 204, 205, 206, 207, 208, 209, 210, 211, 212, 213, 214, 215, 216, 355, 356, 357, 358, 359, 360, 361, 429, 430, 431, 432, 433, 434, 435, 515, 516, 517, 518, 519, 520, 521, 522, 523, 524, 525, 526, 527, 672, 673, 674, 675, 676, 677, 678, 679, 680, 681, 682, 683, 684, 810, 811, 812, 813, 814, 881, 882, 883, 884, 885, 886]",7/6 successful match,True,"[295, 296]",True,153,False,,1.0,True,Love's Travel Stop # 328 ),Love's
Chandler ( 85226 ) Love's Travel Stop # 328,4 / 520-796-1185 I-10 Exit 162,24 LO 24,Chandler,85226,Love's Travel Stop # 328,520-796-1185,2016,Chandler,AZ,Love's,,I-10 Exit 162,Exit,162,False,,False,I-10,,,,,"[40, 521]","[40, 521]","[40, 521]","[40, 424, 521, 876]","[0, 1, 2, 3, 4, 5, 6, 7, 8, 9, 10, 11, 12, 13, 14, 15, 16, 17, 18, 19, 20, 21, 22, 23, 24, 25, 26, 27, 28, 29, 30, 31, 32, 33, 34, 35, 36, 37, 38, 39, 40, 41, 42, 43, 44, 45, 46, 47, 48, 49, 50, 51, 52, 53, 54, 55, 56, 57, 58, 59, 60, 61, 62, 63, 64, 65, 66, 67, 68, 69, 70, 71, 72, 73, 74, 75, 76, 77, 78, 79, 80, 81, 82, 83, 84, 85, 86, 87, 88, 89, 90, 91, 92, 93, 94, 95, 96, 97, 98, 99, 100, 101, 102, 485, 486, 487, 488, 489, 490, 491, 492, 493, 494, 495, 496, 497, 498, 499, 500, 501, 502, 503, 504, 505, 506, 507, 508, 509, 510, 511, 512, 513, 514, 515, 516, 517, 518, 519, 520, 521, 522, 523, 524, 525, 526, 527, 528, 529, 530, 531, 532, 533, 534, 535, 536, 537, 538, 539, 540, 541, 542, 543, 544, 545, 546, 547, 548, 549, 550, 551, 552, 553, 554, 555, 556, 557, 558, 559, 560, 561, 562, 563, 564, 565, 566, 567, 568, 569, 570, 571, 572, 573]","[0, 5, 7, 10, 14, 19, 20, 22, 24, 32, 33, 34, 37, 38, 40, 44, 46, 48, 49, 51, 56, 61, 63, 65, 67, 68, 73, 74, 75, 76, 79, 81, 82, 83, 85, 87, 88, 92, 93, 95, 96, 99, 100, 101, 115, 116, 124, 134, 142, 161, 167, 169, 170, 186, 202, 240, 244, 254, 260, 267, 277, 300, 303, 307, 310, 322, 331, 376, 485, 491, 493, 495, 499, 503, 504, 506, 508, 515, 518, 519, 521, 524, 526, 528, 533, 537, 539, 542, 543, 547, 548, 549, 550, 551, 553, 554, 556, 558, 559, 563, 564, 566, 567, 570, 571, 572, 586, 587, 595, 605, 613, 633, 639, 640, 641, 657, 672, 704, 717, 726, 736, 759, 761, 765, 768, 780, 788, 792, 826]","[34, 35, 36, 37, 38, 39, 40, 41, 42, 43, 44, 45, 46, 47, 48, 201, 202, 203, 204, 205, 206, 207, 208, 209, 210, 211, 212, 213, 214, 215, 216, 355, 356, 357, 358, 359, 360, 361, 429, 430, 431, 432, 433, 434, 435, 515, 516, 517, 518, 519, 520, 521, 522, 523, 524, 525, 526, 527, 672, 673, 674, 675, 676, 677, 678, 679, 680, 681, 682, 683, 684, 810, 811, 812, 813, 814, 881, 882, 883, 884, 885, 886]","[32, 33, 34, 35, 36, 37, 38, 39, 40, 41, 42, 43, 44, 45, 46, 47, 48, 73, 201, 202, 203, 204, 205, 206, 207, 208, 209, 210, 211, 212, 213, 214, 215, 216, 355, 356, 357, 358, 359, 360, 361, 429, 430, 431, 432, 433, 434, 435, 515, 516, 517, 518, 519, 520, 521, 522, 523, 524, 525, 526, 527, 547, 672, 673, 674, 675, 676, 677, 678, 679, 680, 681, 682, 683, 684, 810, 811, 812, 813, 814, 881, 882, 883, 884, 885, 886]","[0, 1, 2, 3, 4, 5, 6, 7, 8, 521, 9, 10, 11, 12, 13, 14, 15, 16, 17, 18, 19, 20, 21, 22, 23, 24, 25, 26, 27, 28, 29, 30, 31, 32, 33, 34, 35, 36, 37, 38, 40, 39, 41, 42, 43, 44, 45, 46, 47, 48, 49, 50, 51, 52, 53, 54, 55, 56, 57, 58, 59, 60, 61, 62, 63, 64, 65, 66, 67, 68, 69, 70, 71, 72, 73, 74, 75, 76, 77, 78, 79, 80, 81, 82, 83, 84, 85, 86, 87, 88, 89, 90, 91, 92, 93, 94, 95, 96, 97, 98, 99, 100, 101, 102, 528, 529, 613, 530, 513, 531, 115, 116, 532, 633, 533, 124, 534, 639, 640, 641, 535, 134, 514, 536, 537, 142, 657, 538, 539, 540, 672, 515, 541, 161, 673, 674, 675, 542, 167, 169, 170, 676, 543, 677, 678, 679, 680, 681, 544, 682, 683, 684, 545, 516, 186, 546, 704, 547, 548, 201, 202, 549, 203, 717, 204, 205, 550, 206, 207, 517, 208, 551, 726, 209, 210, 211, 552, 212, 213, 214, 215, 553, 736, 216, 554, 555, 518, 556, 240, 557, 244, 759, 558, 761, 559, 254, 765, 768, 560, 260, 519, 561, 267, 562, 780, 563, 788, 277, 564, 792, 565, 520, 566, 567, 568, 810, 300, 811, 812, 569, 303, 813, 814, 307, 570, 310, 571, 826, 572, 322, 573, 331, 522, 355, 356, 357, 358, 359, 360, 523, 361, 876, 881, 882, 883, 884, 885, 886, 376, 524, 586, 587, 525, 424, 429, 430, 512, 431, 432, 595, 433, 526, 434, 435, 527, 605, 485, 486, 487, 488, 489, 490, 491, 492, 493, 494, 495, 496, 497, 498, 499, 500, 501, 502, 503, 504, 505, 506, 507, 508, 509, 510, 511]",True,"[40, 521]","[0, 1, 2, 3, 4, 5, 6, 7, 8, 9, 10, 11, 12, 13, 14, 15, 16, 17, 18, 19, 20, 21, 22, 23, 24, 25, 26, 27, 28, 29, 30, 31, 32, 33, 34, 35, 36, 37, 38, 39, 40, 41, 42, 43, 44, 45, 46, 47, 48, 49, 50, 51, 52, 53, 54, 55, 56, 57, 58, 59, 60, 61, 62, 63, 64, 65, 66, 67, 68, 69, 70, 71, 72, 73, 74, 75, 76, 77, 78, 79, 80, 81, 82, 83, 84, 85, 86, 87, 88, 89, 90, 91, 92, 93, 94, 95, 96, 97, 98, 99, 100, 101, 102, 485, 486, 487, 488, 489, 490, 491, 492, 493, 494, 495, 496, 497, 498, 499, 500, 501, 502, 503, 504, 505, 506, 507, 508, 509, 510, 511, 512, 513, 514, 515, 516, 517, 518, 519, 520, 521, 522, 523, 524, 525, 526, 527, 528, 529, 530, 531, 532, 533, 534, 535, 536, 537, 538, 539, 540, 541, 542, 543, 544, 545, 546, 547, 548, 549, 550, 551, 552, 553, 554, 555, 556, 557, 558, 559, 560, 561, 562, 563, 564, 565, 566, 567, 568, 569, 570, 571, 572, 573]","[40, 521]","[40, 424, 521, 876]","[0, 5, 7, 10, 14, 19, 20, 22, 24, 32, 33, 34, 37, 38, 40, 44, 46, 48, 49, 51, 56, 61, 63, 65, 67, 68, 73, 74, 75, 76, 79, 81, 82, 83, 85, 87, 88, 92, 93, 95, 96, 99, 100, 101, 115, 116, 124, 134, 142, 161, 167, 169, 170, 186, 202, 240, 244, 254, 260, 267, 277, 300, 303, 307, 310, 322, 331, 376, 485, 491, 493, 495, 499, 503, 504, 506, 508, 515, 518, 519, 521, 524, 526, 528, 533, 537, 539, 542, 543, 547, 548, 549, 550, 551, 553, 554, 556, 558, 559, 563, 564, 566, 567, 570, 571, 572, 586, 587, 595, 605, 613, 633, 639, 640, 641, 657, 672, 704, 717, 726, 736, 759, 761, 765, 768, 780, 788, 792, 826]","[32, 33, 34, 35, 36, 37, 38, 39, 40, 41, 42, 43, 44, 45, 46, 47, 48, 73, 201, 202, 203, 204, 205, 206, 207, 208, 209, 210, 211, 212, 213, 214, 215, 216, 355, 356, 357, 358, 359, 360, 361, 429, 430, 431, 432, 433, 434, 435, 515, 516, 517, 518, 519, 520, 521, 522, 523, 524, 525, 526, 527, 547, 672, 673, 674, 675, 676, 677, 678, 679, 680, 681, 682, 683, 684, 810, 811, 812, 813, 814, 881, 882, 883, 884, 885, 886]","[34, 35, 36, 37, 38, 39, 40, 41, 42, 43, 44, 45, 46, 47, 48, 201, 202, 203, 204, 205, 206, 207, 208, 209, 210, 211, 212, 213, 214, 215, 216, 355, 356, 357, 358, 359, 360, 361, 429, 430, 431, 432, 433, 434, 435, 515, 516, 517, 518, 519, 520, 521, 522, 523, 524, 525, 526, 527, 672, 673, 674, 675, 676, 677, 678, 679, 680, 681, 682, 683, 684, 810, 811, 812, 813, 814, 881, 882, 883, 884, 885, 886]",7/6 successful match,True,"[295, 296]",True,153,False,,1.0,True,Love's Travel Stop ( MM # 328 248 ),Love's
"Avondale , 85323 Pilot Travel Center # 459",623-936-0900 I-10 Exit 133 A,HRS HRS XL,Avondale,85323,Pilot Travel Center # 459,623-936-0900,2006,Avondale,AZ,Pilot,,I-10 Exit 133 A,Exit,133,False,,False,I-10,,,,,"[75, 549]","[75, 549]","[75, 549]","[10, 75, 294, 495, 549, 753]","[0, 1, 2, 3, 4, 5, 6, 7, 8, 9, 10, 11, 12, 13, 14, 15, 16, 17, 18, 19, 20, 21, 22, 23, 24, 25, 26, 27, 28, 29, 30, 31, 32, 33, 34, 35, 36, 37, 38, 39, 40, 41, 42, 43, 44, 45, 46, 47, 48, 49, 50, 51, 52, 53, 54, 55, 56, 57, 58, 59, 60, 61, 62, 63, 64, 65, 66, 67, 68, 69, 70, 71, 72, 73, 74, 75, 76, 77, 78, 79, 80, 81, 82, 83, 84, 85, 86, 87, 88, 89, 90, 91, 92, 93, 94, 95, 96, 97, 98, 99, 100, 101, 102, 485, 486, 487, 488, 489, 490, 491, 492, 493, 494, 495, 496, 497, 498, 499, 500, 501, 502, 503, 504, 505, 506, 507, 508, 509, 510, 511, 512, 513, 514, 515, 516, 517, 518, 519, 520, 521, 522, 523, 524, 525, 526, 527, 528, 529, 530, 531, 532, 533, 534, 535, 536, 537, 538, 539, 540, 541, 542, 543, 544, 545, 546, 547, 548, 549, 550, 551, 552, 553, 554, 555, 556, 557, 558, 559, 560, 561, 562, 563, 564, 565, 566, 567, 568, 569, 570, 571, 572, 573]","[0, 5, 7, 10, 14, 19, 20, 22, 24, 32, 33, 34, 37, 38, 40, 44, 46, 48, 49, 51, 56, 61, 63, 65, 67, 68, 73, 74, 75, 76, 79, 81, 82, 83, 85, 87, 88, 92, 93, 95, 96, 99, 100, 101, 115, 116, 124, 134, 142, 161, 167, 169, 170, 186, 202, 240, 244, 254, 260, 267, 277, 300, 303, 307, 310, 322, 331, 376, 485, 491, 493, 495, 499, 503, 504, 506, 508, 515, 518, 519, 521, 524, 526, 528, 533, 537, 539, 542, 543, 547, 548, 549, 550, 551, 553, 554, 556, 558, 559, 563, 564, 566, 567, 570, 571, 572, 586, 587, 595, 605, 613, 633, 639, 640, 641, 657, 672, 704, 717, 726, 736, 759, 761, 765, 768, 780, 788, 792, 826]","[15, 16, 65, 66, 67, 68, 69, 70, 71, 72, 73, 74, 75, 76, 80, 151, 245, 246, 247, 248, 249, 250, 251, 252, 253, 254, 255, 256, 257, 258, 259, 280, 340, 373, 374, 375, 376, 377, 459, 460, 461, 462, 500, 501, 539, 540, 541, 542, 543, 544, 545, 546, 547, 548, 549, 550, 552, 622, 708, 709, 710, 711, 712, 713, 714, 715, 716, 717, 718, 719, 720, 739, 796, 823, 824, 825, 826, 827, 906, 907, 908, 909]","[15, 16, 65, 66, 67, 68, 69, 70, 71, 72, 73, 74, 75, 76, 77, 78, 80, 151, 244, 245, 246, 247, 248, 249, 250, 251, 252, 253, 254, 255, 256, 257, 258, 259, 260, 280, 340, 373, 374, 375, 376, 377, 459, 460, 461, 462, 500, 501, 539, 540, 541, 542, 543, 544, 545, 546, 547, 548, 549, 550, 552, 622, 708, 709, 710, 711, 712, 713, 714, 715, 716, 717, 718, 719, 720, 739, 796, 823, 824, 825, 826, 827, 906, 907, 908, 909]","[0, 1, 2, 3, 4, 5, 6, 7, 8, 9, 10, 11, 12, 13, 14, 15, 16, 17, 18, 19, 20, 21, 22, 23, 24, 25, 26, 27, 28, 29, 30, 31, 32, 33, 34, 35, 36, 549, 37, 38, 39, 40, 41, 42, 43, 44, 45, 46, 47, 48, 49, 50, 51, 52, 53, 54, 55, 56, 57, 58, 59, 60, 61, 62, 63, 64, 65, 66, 67, 68, 69, 70, 71, 72, 73, 75, 74, 76, 77, 78, 79, 80, 81, 82, 83, 84, 85, 86, 87, 88, 89, 90, 91, 92, 93, 94, 95, 96, 97, 98, 99, 100, 101, 102, 528, 529, 613, 530, 622, 513, 531, 115, 116, 532, 633, 533, 124, 534, 639, 640, 641, 535, 134, 514, 536, 537, 142, 657, 538, 151, 539, 540, 672, 515, 541, 161, 542, 167, 169, 170, 543, 544, 545, 516, 186, 546, 704, 547, 708, 252, 548, 709, 710, 711, 202, 712, 713, 717, 714, 715, 550, 716, 718, 517, 719, 551, 726, 720, 552, 553, 736, 739, 554, 555, 518, 556, 240, 753, 557, 244, 245, 246, 759, 558, 761, 247, 248, 249, 559, 254, 765, 768, 250, 560, 251, 260, 519, 253, 561, 255, 256, 257, 267, 562, 780, 563, 258, 788, 277, 564, 792, 259, 280, 565, 796, 520, 566, 567, 294, 568, 300, 569, 303, 307, 570, 310, 521, 823, 571, 826, 824, 825, 827, 572, 322, 573, 331, 522, 340, 523, 373, 374, 375, 376, 377, 524, 586, 587, 906, 907, 908, 909, 525, 512, 595, 526, 459, 460, 527, 461, 462, 605, 485, 486, 487, 488, 489, 490, 491, 492, 493, 494, 495, 496, 497, 498, 499, 500, 501, 502, 503, 504, 505, 506, 507, 508, 509, 510, 511]",True,"[75, 549]","[0, 1, 2, 3, 4, 5, 6, 7, 8, 9, 10, 11, 12, 13, 14, 15, 16, 17, 18, 19, 20, 21, 22, 23, 24, 25, 26, 27, 28, 29, 30, 31, 32, 33, 34, 35, 36, 37, 38, 39, 40, 41, 42, 43, 44, 45, 46, 47, 48, 49, 50, 51, 52, 53, 54, 55, 56, 57, 58, 59, 60, 61, 62, 63, 64, 65, 66, 67, 68, 69, 70, 71, 72, 73, 74, 75, 76, 77, 78, 79, 80, 81, 82, 83, 84, 85, 86, 87, 88, 89, 90, 91, 92, 93, 94, 95, 96, 97, 98, 99, 100, 101, 102, 485, 486, 487, 488, 489, 490, 491, 492, 493, 494, 495, 496, 497, 498, 499, 500, 501, 502, 503, 504, 505, 506, 507, 508, 509, 510, 511, 512, 513, 514, 515, 516, 517, 518, 519, 520, 521, 522, 523, 524, 525, 526, 527, 528, 529, 530, 531, 532, 533, 534, 535, 536, 537, 538, 539, 540, 541, 542, 543, 544, 545, 546, 547, 548, 549, 550, 551, 552, 553, 554, 555, 556, 557, 558, 559, 560, 561, 562, 563, 564, 565, 566, 567, 568, 569, 570, 571, 572, 573]","[75, 549]","[10, 75, 294, 495, 549, 753]","[0, 5, 7, 10, 14, 19, 20, 22, 24, 32, 33, 34, 37, 38, 40, 44, 46, 48, 49, 51, 56, 61, 63, 65, 67, 68, 73, 74, 75, 76, 79, 81, 82, 83, 85, 87, 88, 92, 93, 95, 96, 99, 100, 101, 115, 116, 124, 134, 142, 161, 167, 169, 170, 186, 202, 240, 244, 254, 260, 267, 277, 300, 303, 307, 310, 322, 331, 376, 485, 491, 493, 495, 499, 503, 504, 506, 508, 515, 518, 519, 521, 524, 526, 528, 533, 537, 539, 542, 543, 547, 548, 549, 550, 551, 553, 554, 556, 558, 559, 563, 564, 566, 567, 570, 571, 572, 586, 587, 595, 605, 613, 633, 639, 640, 641, 657, 672, 704, 717, 726, 736, 759, 761, 765, 768, 780, 788, 792, 826]","[15, 16, 65, 66, 67, 68, 69, 70, 71, 72, 73, 74, 75, 76, 77, 78, 80, 151, 244, 245, 246, 247, 248, 249, 250, 251, 252, 253, 254, 255, 256, 257, 258, 259, 260, 280, 340, 373, 374, 375, 376, 377, 459, 460, 461, 462, 500, 501, 539, 540, 541, 542, 543, 544, 545, 546, 547, 548, 549, 550, 552, 622, 708, 709, 710, 711, 712, 713, 714, 715, 716, 717, 718, 719, 720, 739, 796, 823, 824, 825, 826, 827, 906, 907, 908, 909]","[15, 16, 65, 66, 67, 68, 69, 70, 71, 72, 73, 74, 75, 76, 80, 151, 245, 246, 247, 248, 249, 250, 251, 252, 253, 254, 255, 256, 257, 258, 259, 280, 340, 373, 374, 375, 376, 377, 459, 460, 461, 462, 500, 501, 539, 540, 541, 542, 543, 544, 545, 546, 547, 548, 549, 550, 552, 622, 708, 709, 710, 711, 712, 713, 714, 715, 716, 717, 718, 719, 720, 739, 796, 823, 824, 825, 826, 827, 906, 907, 908, 909]",7/6 successful match,True,[725],True,154,False,,,,,
"Avondale , 85323 Pilot Travel Center . All rights # 459 reserved .",623-936-0900 I-10 Exit 133 A,,Avondale,85323,Pilot Travel Center . All rights # 459 reserved .,623-936-0900,2007,Avondale,AZ,Pilot,,I-10 Exit 133 A,Exit,133,False,,False,I-10,,,,,"[75, 549]","[75, 549]","[75, 549]","[10, 75, 294, 495, 549, 753]","[0, 1, 2, 3, 4, 5, 6, 7, 8, 9, 10, 11, 12, 13, 14, 15, 16, 17, 18, 19, 20, 21, 22, 23, 24, 25, 26, 27, 28, 29, 30, 31, 32, 33, 34, 35, 36, 37, 38, 39, 40, 41, 42, 43, 44, 45, 46, 47, 48, 49, 50, 51, 52, 53, 54, 55, 56, 57, 58, 59, 60, 61, 62, 63, 64, 65, 66, 67, 68, 69, 70, 71, 72, 73, 74, 75, 76, 77, 78, 79, 80, 81, 82, 83, 84, 85, 86, 87, 88, 89, 90, 91, 92, 93, 94, 95, 96, 97, 98, 99, 100, 101, 102, 485, 486, 487, 488, 489, 490, 491, 492, 493, 494, 495, 496, 497, 498, 499, 500, 501, 502, 503, 504, 505, 506, 507, 508, 509, 510, 511, 512, 513, 514, 515, 516, 517, 518, 519, 520, 521, 522, 523, 524, 525, 526, 527, 528, 529, 530, 531, 532, 533, 534, 535, 536, 537, 538, 539, 540, 541, 542, 543, 544, 545, 546, 547, 548, 549, 550, 551, 552, 553, 554, 555, 556, 557, 558, 559, 560, 561, 562, 563, 564, 565, 566, 567, 568, 569, 570, 571, 572, 573]","[0, 5, 7, 10, 14, 19, 20, 22, 24, 32, 33, 34, 37, 38, 40, 44, 46, 48, 49, 51, 56, 61, 63, 65, 67, 68, 73, 74, 75, 76, 79, 81, 82, 83, 85, 87, 88, 92, 93, 95, 96, 99, 100, 101, 115, 116, 124, 134, 142, 161, 167, 169, 170, 186, 202, 240, 244, 254, 260, 267, 277, 300, 303, 307, 310, 322, 331, 376, 485, 491, 493, 495, 499, 503, 504, 506, 508, 515, 518, 519, 521, 524, 526, 528, 533, 537, 539, 542, 543, 547, 548, 549, 550, 551, 553, 554, 556, 558, 559, 563, 564, 566, 567, 570, 571, 572, 586, 587, 595, 605, 613, 633, 639, 640, 641, 657, 672, 704, 717, 726, 736, 759, 761, 765, 768, 780, 788, 792, 826]","[15, 16, 65, 66, 67, 68, 69, 70, 71, 72, 73, 74, 75, 76, 80, 151, 245, 246, 247, 248, 249, 250, 251, 252, 253, 254, 255, 256, 257, 258, 259, 280, 340, 373, 374, 375, 376, 377, 459, 460, 461, 462, 500, 501, 539, 540, 541, 542, 543, 544, 545, 546, 547, 548, 549, 550, 552, 622, 708, 709, 710, 711, 712, 713, 714, 715, 716, 717, 718, 719, 720, 739, 796, 823, 824, 825, 826, 827, 906, 907, 908, 909]","[15, 16, 65, 66, 67, 68, 69, 70, 71, 72, 73, 74, 75, 76, 77, 78, 80, 151, 244, 245, 246, 247, 248, 249, 250, 251, 252, 253, 254, 255, 256, 257, 258, 259, 260, 280, 340, 373, 374, 375, 376, 377, 459, 460, 461, 462, 500, 501, 539, 540, 541, 542, 543, 544, 545, 546, 547, 548, 549, 550, 552, 622, 708, 709, 710, 711, 712, 713, 714, 715, 716, 717, 718, 719, 720, 739, 796, 823, 824, 825, 826, 827, 906, 907, 908, 909]","[0, 1, 2, 3, 4, 5, 6, 7, 8, 9, 10, 11, 12, 13, 14, 15, 16, 17, 18, 19, 20, 21, 22, 23, 24, 25, 26, 27, 28, 29, 30, 31, 32, 33, 34, 35, 36, 549, 37, 38, 39, 40, 41, 42, 43, 44, 45, 46, 47, 48, 49, 50, 51, 52, 53, 54, 55, 56, 57, 58, 59, 60, 61, 62, 63, 64, 65, 66, 67, 68, 69, 70, 71, 72, 73, 75, 74, 76, 77, 78, 79, 80, 81, 82, 83, 84, 85, 86, 87, 88, 89, 90, 91, 92, 93, 94, 95, 96, 97, 98, 99, 100, 101, 102, 528, 529, 613, 530, 622, 513, 531, 115, 116, 532, 633, 533, 124, 534, 639, 640, 641, 535, 134, 514, 536, 537, 142, 657, 538, 151, 539, 540, 672, 515, 541, 161, 542, 167, 169, 170, 543, 544, 545, 516, 186, 546, 704, 547, 708, 252, 548, 709, 710, 711, 202, 712, 713, 717, 714, 715, 550, 716, 718, 517, 719, 551, 726, 720, 552, 553, 736, 739, 554, 555, 518, 556, 240, 753, 557, 244, 245, 246, 759, 558, 761, 247, 248, 249, 559, 254, 765, 768, 250, 560, 251, 260, 519, 253, 561, 255, 256, 257, 267, 562, 780, 563, 258, 788, 277, 564, 792, 259, 280, 565, 796, 520, 566, 567, 294, 568, 300, 569, 303, 307, 570, 310, 521, 823, 571, 826, 824, 825, 827, 572, 322, 573, 331, 522, 340, 523, 373, 374, 375, 376, 377, 524, 586, 587, 906, 907, 908, 909, 525, 512, 595, 526, 459, 460, 527, 461, 462, 605, 485, 486, 487, 488, 489, 490, 491, 492, 493, 494, 495, 496, 497, 498, 499, 500, 501, 502, 503, 504, 505, 506, 507, 508, 509, 510, 511]",True,"[75, 549]","[0, 1, 2, 3, 4, 5, 6, 7, 8, 9, 10, 11, 12, 13, 14, 15, 16, 17, 18, 19, 20, 21, 22, 23, 24, 25, 26, 27, 28, 29, 30, 31, 32, 33, 34, 35, 36, 37, 38, 39, 40, 41, 42, 43, 44, 45, 46, 47, 48, 49, 50, 51, 52, 53, 54, 55, 56, 57, 58, 59, 60, 61, 62, 63, 64, 65, 66, 67, 68, 69, 70, 71, 72, 73, 74, 75, 76, 77, 78, 79, 80, 81, 82, 83, 84, 85, 86, 87, 88, 89, 90, 91, 92, 93, 94, 95, 96, 97, 98, 99, 100, 101, 102, 485, 486, 487, 488, 489, 490, 491, 492, 493, 494, 495, 496, 497, 498, 499, 500, 501, 502, 503, 504, 505, 506, 507, 508, 509, 510, 511, 512, 513, 514, 515, 516, 517, 518, 519, 520, 521, 522, 523, 524, 525, 526, 527, 528, 529, 530, 531, 532, 533, 534, 535, 536, 537, 538, 539, 540, 541, 542, 543, 544, 545, 546, 547, 548, 549, 550, 551, 552, 553, 554, 555, 556, 557, 558, 559, 560, 561, 562, 563, 564, 565, 566, 567, 568, 569, 570, 571, 572, 573]","[75, 549]","[10, 75, 294, 495, 549, 753]","[0, 5, 7, 10, 14, 19, 20, 22, 24, 32, 33, 34, 37, 38, 40, 44, 46, 48, 49, 51, 56, 61, 63, 65, 67, 68, 73, 74, 75, 76, 79, 81, 82, 83, 85, 87, 88, 92, 93, 95, 96, 99, 100, 101, 115, 116, 124, 134, 142, 161, 167, 169, 170, 186, 202, 240, 244, 254, 260, 267, 277, 300, 303, 307, 310, 322, 331, 376, 485, 491, 493, 495, 499, 503, 504, 506, 508, 515, 518, 519, 521, 524, 526, 528, 533, 537, 539, 542, 543, 547, 548, 549, 550, 551, 553, 554, 556, 558, 559, 563, 564, 566, 567, 570, 571, 572, 586, 587, 595, 605, 613, 633, 639, 640, 641, 657, 672, 704, 717, 726, 736, 759, 761, 765, 768, 780, 788, 792, 826]","[15, 16, 65, 66, 67, 68, 69, 70, 71, 72, 73, 74, 75, 76, 77, 78, 80, 151, 244, 245, 246, 247, 248, 249, 250, 251, 252, 253, 254, 255, 256, 257, 258, 259, 260, 280, 340, 373, 374, 375, 376, 377, 459, 460, 461, 462, 500, 501, 539, 540, 541, 542, 543, 544, 545, 546, 547, 548, 549, 550, 552, 622, 708, 709, 710, 711, 712, 713, 714, 715, 716, 717, 718, 719, 720, 739, 796, 823, 824, 825, 826, 827, 906, 907, 908, 909]","[15, 16, 65, 66, 67, 68, 69, 70, 71, 72, 73, 74, 75, 76, 80, 151, 245, 246, 247, 248, 249, 250, 251, 252, 253, 254, 255, 256, 257, 258, 259, 280, 340, 373, 374, 375, 376, 377, 459, 460, 461, 462, 500, 501, 539, 540, 541, 542, 543, 544, 545, 546, 547, 548, 549, 550, 552, 622, 708, 709, 710, 711, 712, 713, 714, 715, 716, 717, 718, 719, 720, 739, 796, 823, 824, 825, 826, 827, 906, 907, 908, 909]",7/6 successful match,True,[725],True,154,False,,0.9027027027027027,True,Pilot Travel Center # 459,Pilot
"Avondale , 85323 Pilot Travel Center # 459",4 623-936-0900 I-10 Exit 133 A,24 HRS XL,Avondale,85323,Pilot Travel Center # 459,623-936-0900,2008,Avondale,AZ,Pilot,,I-10 Exit 133 A,Exit,133,False,,False,I-10,,,,,"[75, 549]","[75, 549]","[75, 549]","[10, 75, 294, 495, 549, 753]","[0, 1, 2, 3, 4, 5, 6, 7, 8, 9, 10, 11, 12, 13, 14, 15, 16, 17, 18, 19, 20, 21, 22, 23, 24, 25, 26, 27, 28, 29, 30, 31, 32, 33, 34, 35, 36, 37, 38, 39, 40, 41, 42, 43, 44, 45, 46, 47, 48, 49, 50, 51, 52, 53, 54, 55, 56, 57, 58, 59, 60, 61, 62, 63, 64, 65, 66, 67, 68, 69, 70, 71, 72, 73, 74, 75, 76, 77, 78, 79, 80, 81, 82, 83, 84, 85, 86, 87, 88, 89, 90, 91, 92, 93, 94, 95, 96, 97, 98, 99, 100, 101, 102, 485, 486, 487, 488, 489, 490, 491, 492, 493, 494, 495, 496, 497, 498, 499, 500, 501, 502, 503, 504, 505, 506, 507, 508, 509, 510, 511, 512, 513, 514, 515, 516, 517, 518, 519, 520, 521, 522, 523, 524, 525, 526, 527, 528, 529, 530, 531, 532, 533, 534, 535, 536, 537, 538, 539, 540, 541, 542, 543, 544, 545, 546, 547, 548, 549, 550, 551, 552, 553, 554, 555, 556, 557, 558, 559, 560, 561, 562, 563, 564, 565, 566, 567, 568, 569, 570, 571, 572, 573]","[0, 5, 7, 10, 14, 19, 20, 22, 24, 32, 33, 34, 37, 38, 40, 44, 46, 48, 49, 51, 56, 61, 63, 65, 67, 68, 73, 74, 75, 76, 79, 81, 82, 83, 85, 87, 88, 92, 93, 95, 96, 99, 100, 101, 115, 116, 124, 134, 142, 161, 167, 169, 170, 186, 202, 240, 244, 254, 260, 267, 277, 300, 303, 307, 310, 322, 331, 376, 485, 491, 493, 495, 499, 503, 504, 506, 508, 515, 518, 519, 521, 524, 526, 528, 533, 537, 539, 542, 543, 547, 548, 549, 550, 551, 553, 554, 556, 558, 559, 563, 564, 566, 567, 570, 571, 572, 586, 587, 595, 605, 613, 633, 639, 640, 641, 657, 672, 704, 717, 726, 736, 759, 761, 765, 768, 780, 788, 792, 826]","[15, 16, 65, 66, 67, 68, 69, 70, 71, 72, 73, 74, 75, 76, 80, 151, 245, 246, 247, 248, 249, 250, 251, 252, 253, 254, 255, 256, 257, 258, 259, 280, 340, 373, 374, 375, 376, 377, 459, 460, 461, 462, 500, 501, 539, 540, 541, 542, 543, 544, 545, 546, 547, 548, 549, 550, 552, 622, 708, 709, 710, 711, 712, 713, 714, 715, 716, 717, 718, 719, 720, 739, 796, 823, 824, 825, 826, 827, 906, 907, 908, 909]","[15, 16, 65, 66, 67, 68, 69, 70, 71, 72, 73, 74, 75, 76, 77, 78, 80, 151, 244, 245, 246, 247, 248, 249, 250, 251, 252, 253, 254, 255, 256, 257, 258, 259, 260, 280, 340, 373, 374, 375, 376, 377, 459, 460, 461, 462, 500, 501, 539, 540, 541, 542, 543, 544, 545, 546, 547, 548, 549, 550, 552, 622, 708, 709, 710, 711, 712, 713, 714, 715, 716, 717, 718, 719, 720, 739, 796, 823, 824, 825, 826, 827, 906, 907, 908, 909]","[0, 1, 2, 3, 4, 5, 6, 7, 8, 9, 10, 11, 12, 13, 14, 15, 16, 17, 18, 19, 20, 21, 22, 23, 24, 25, 26, 27, 28, 29, 30, 31, 32, 33, 34, 35, 36, 549, 37, 38, 39, 40, 41, 42, 43, 44, 45, 46, 47, 48, 49, 50, 51, 52, 53, 54, 55, 56, 57, 58, 59, 60, 61, 62, 63, 64, 65, 66, 67, 68, 69, 70, 71, 72, 73, 75, 74, 76, 77, 78, 79, 80, 81, 82, 83, 84, 85, 86, 87, 88, 89, 90, 91, 92, 93, 94, 95, 96, 97, 98, 99, 100, 101, 102, 528, 529, 613, 530, 622, 513, 531, 115, 116, 532, 633, 533, 124, 534, 639, 640, 641, 535, 134, 514, 536, 537, 142, 657, 538, 151, 539, 540, 672, 515, 541, 161, 542, 167, 169, 170, 543, 544, 545, 516, 186, 546, 704, 547, 708, 252, 548, 709, 710, 711, 202, 712, 713, 717, 714, 715, 550, 716, 718, 517, 719, 551, 726, 720, 552, 553, 736, 739, 554, 555, 518, 556, 240, 753, 557, 244, 245, 246, 759, 558, 761, 247, 248, 249, 559, 254, 765, 768, 250, 560, 251, 260, 519, 253, 561, 255, 256, 257, 267, 562, 780, 563, 258, 788, 277, 564, 792, 259, 280, 565, 796, 520, 566, 567, 294, 568, 300, 569, 303, 307, 570, 310, 521, 823, 571, 826, 824, 825, 827, 572, 322, 573, 331, 522, 340, 523, 373, 374, 375, 376, 377, 524, 586, 587, 906, 907, 908, 909, 525, 512, 595, 526, 459, 460, 527, 461, 462, 605, 485, 486, 487, 488, 489, 490, 491, 492, 493, 494, 495, 496, 497, 498, 499, 500, 501, 502, 503, 504, 505, 506, 507, 508, 509, 510, 511]",True,"[75, 549]","[0, 1, 2, 3, 4, 5, 6, 7, 8, 9, 10, 11, 12, 13, 14, 15, 16, 17, 18, 19, 20, 21, 22, 23, 24, 25, 26, 27, 28, 29, 30, 31, 32, 33, 34, 35, 36, 37, 38, 39, 40, 41, 42, 43, 44, 45, 46, 47, 48, 49, 50, 51, 52, 53, 54, 55, 56, 57, 58, 59, 60, 61, 62, 63, 64, 65, 66, 67, 68, 69, 70, 71, 72, 73, 74, 75, 76, 77, 78, 79, 80, 81, 82, 83, 84, 85, 86, 87, 88, 89, 90, 91, 92, 93, 94, 95, 96, 97, 98, 99, 100, 101, 102, 485, 486, 487, 488, 489, 490, 491, 492, 493, 494, 495, 496, 497, 498, 499, 500, 501, 502, 503, 504, 505, 506, 507, 508, 509, 510, 511, 512, 513, 514, 515, 516, 517, 518, 519, 520, 521, 522, 523, 524, 525, 526, 527, 528, 529, 530, 531, 532, 533, 534, 535, 536, 537, 538, 539, 540, 541, 542, 543, 544, 545, 546, 547, 548, 549, 550, 551, 552, 553, 554, 555, 556, 557, 558, 559, 560, 561, 562, 563, 564, 565, 566, 567, 568, 569, 570, 571, 572, 573]","[75, 549]","[10, 75, 294, 495, 549, 753]","[0, 5, 7, 10, 14, 19, 20, 22, 24, 32, 33, 34, 37, 38, 40, 44, 46, 48, 49, 51, 56, 61, 63, 65, 67, 68, 73, 74, 75, 76, 79, 81, 82, 83, 85, 87, 88, 92, 93, 95, 96, 99, 100, 101, 115, 116, 124, 134, 142, 161, 167, 169, 170, 186, 202, 240, 244, 254, 260, 267, 277, 300, 303, 307, 310, 322, 331, 376, 485, 491, 493, 495, 499, 503, 504, 506, 508, 515, 518, 519, 521, 524, 526, 528, 533, 537, 539, 542, 543, 547, 548, 549, 550, 551, 553, 554, 556, 558, 559, 563, 564, 566, 567, 570, 571, 572, 586, 587, 595, 605, 613, 633, 639, 640, 641, 657, 672, 704, 717, 726, 736, 759, 761, 765, 768, 780, 788, 792, 826]","[15, 16, 65, 66, 67, 68, 69, 70, 71, 72, 73, 74, 75, 76, 77, 78, 80, 151, 244, 245, 246, 247, 248, 249, 250, 251, 252, 253, 254, 255, 256, 257, 258, 259, 260, 280, 340, 373, 374, 375, 376, 377, 459, 460, 461, 462, 500, 501, 539, 540, 541, 542, 543, 544, 545, 546, 547, 548, 549, 550, 552, 622, 708, 709, 710, 711, 712, 713, 714, 715, 716, 717, 718, 719, 720, 739, 796, 823, 824, 825, 826, 827, 906, 907, 908, 909]","[15, 16, 65, 66, 67, 68, 69, 70, 71, 72, 73, 74, 75, 76, 80, 151, 245, 246, 247, 248, 249, 250, 251, 252, 253, 254, 255, 256, 257, 258, 259, 280, 340, 373, 374, 375, 376, 377, 459, 460, 461, 462, 500, 501, 539, 540, 541, 542, 543, 544, 545, 546, 547, 548, 549, 550, 552, 622, 708, 709, 710, 711, 712, 713, 714, 715, 716, 717, 718, 719, 720, 739, 796, 823, 824, 825, 826, 827, 906, 907, 908, 909]",7/6 successful match,True,[725],True,154,False,,0.9027027027027027,True,Pilot Travel Center . All rights # 459 reserved .,Pilot
Avondale ( 85323 ) Pilot Travel Center # 459,623-936-0900 I-10 Exit 133 A Pilot,Pilot 24 m XL <U+25A1> D,Avondale,85323,Pilot Travel Center # 459,623-936-0900,2014,Avondale,AZ,Pilot,,I-10 Exit 133 A Pilot,Exit,133,False,,False,I-10,,,,,"[75, 549]","[75, 549]","[75, 549]","[10, 75, 294, 495, 549, 753]","[0, 1, 2, 3, 4, 5, 6, 7, 8, 9, 10, 11, 12, 13, 14, 15, 16, 17, 18, 19, 20, 21, 22, 23, 24, 25, 26, 27, 28, 29, 30, 31, 32, 33, 34, 35, 36, 37, 38, 39, 40, 41, 42, 43, 44, 45, 46, 47, 48, 49, 50, 51, 52, 53, 54, 55, 56, 57, 58, 59, 60, 61, 62, 63, 64, 65, 66, 67, 68, 69, 70, 71, 72, 73, 74, 75, 76, 77, 78, 79, 80, 81, 82, 83, 84, 85, 86, 87, 88, 89, 90, 91, 92, 93, 94, 95, 96, 97, 98, 99, 100, 101, 102, 485, 486, 487, 488, 489, 490, 491, 492, 493, 494, 495, 496, 497, 498, 499, 500, 501, 502, 503, 504, 505, 506, 507, 508, 509, 510, 511, 512, 513, 514, 515, 516, 517, 518, 519, 520, 521, 522, 523, 524, 525, 526, 527, 528, 529, 530, 531, 532, 533, 534, 535, 536, 537, 538, 539, 540, 541, 542, 543, 544, 545, 546, 547, 548, 549, 550, 551, 552, 553, 554, 555, 556, 557, 558, 559, 560, 561, 562, 563, 564, 565, 566, 567, 568, 569, 570, 571, 572, 573]","[0, 5, 7, 10, 14, 19, 20, 22, 24, 32, 33, 34, 37, 38, 40, 44, 46, 48, 49, 51, 56, 61, 63, 65, 67, 68, 73, 74, 75, 76, 79, 81, 82, 83, 85, 87, 88, 92, 93, 95, 96, 99, 100, 101, 115, 116, 124, 134, 142, 161, 167, 169, 170, 186, 202, 240, 244, 254, 260, 267, 277, 300, 303, 307, 310, 322, 331, 376, 485, 491, 493, 495, 499, 503, 504, 506, 508, 515, 518, 519, 521, 524, 526, 528, 533, 537, 539, 542, 543, 547, 548, 549, 550, 551, 553, 554, 556, 558, 559, 563, 564, 566, 567, 570, 571, 572, 586, 587, 595, 605, 613, 633, 639, 640, 641, 657, 672, 704, 717, 726, 736, 759, 761, 765, 768, 780, 788, 792, 826]","[15, 16, 65, 66, 67, 68, 69, 70, 71, 72, 73, 74, 75, 76, 80, 151, 245, 246, 247, 248, 249, 250, 251, 252, 253, 254, 255, 256, 257, 258, 259, 280, 340, 373, 374, 375, 376, 377, 459, 460, 461, 462, 500, 501, 539, 540, 541, 542, 543, 544, 545, 546, 547, 548, 549, 550, 552, 622, 708, 709, 710, 711, 712, 713, 714, 715, 716, 717, 718, 719, 720, 739, 796, 823, 824, 825, 826, 827, 906, 907, 908, 909]","[15, 16, 65, 66, 67, 68, 69, 70, 71, 72, 73, 74, 75, 76, 77, 78, 80, 151, 244, 245, 246, 247, 248, 249, 250, 251, 252, 253, 254, 255, 256, 257, 258, 259, 260, 280, 340, 373, 374, 375, 376, 377, 459, 460, 461, 462, 500, 501, 539, 540, 541, 542, 543, 544, 545, 546, 547, 548, 549, 550, 552, 622, 708, 709, 710, 711, 712, 713, 714, 715, 716, 717, 718, 719, 720, 739, 796, 823, 824, 825, 826, 827, 906, 907, 908, 909]","[0, 1, 2, 3, 4, 5, 6, 7, 8, 9, 10, 11, 12, 13, 14, 15, 16, 17, 18, 19, 20, 21, 22, 23, 24, 25, 26, 27, 28, 29, 30, 31, 32, 33, 34, 35, 36, 549, 37, 38, 39, 40, 41, 42, 43, 44, 45, 46, 47, 48, 49, 50, 51, 52, 53, 54, 55, 56, 57, 58, 59, 60, 61, 62, 63, 64, 65, 66, 67, 68, 69, 70, 71, 72, 73, 75, 74, 76, 77, 78, 79, 80, 81, 82, 83, 84, 85, 86, 87, 88, 89, 90, 91, 92, 93, 94, 95, 96, 97, 98, 99, 100, 101, 102, 528, 529, 613, 530, 622, 513, 531, 115, 116, 532, 633, 533, 124, 534, 639, 640, 641, 535, 134, 514, 536, 537, 142, 657, 538, 151, 539, 540, 672, 515, 541, 161, 542, 167, 169, 170, 543, 544, 545, 516, 186, 546, 704, 547, 708, 252, 548, 709, 710, 711, 202, 712, 713, 717, 714, 715, 550, 716, 718, 517, 719, 551, 726, 720, 552, 553, 736, 739, 554, 555, 518, 556, 240, 753, 557, 244, 245, 246, 759, 558, 761, 247, 248, 249, 559, 254, 765, 768, 250, 560, 251, 260, 519, 253, 561, 255, 256, 257, 267, 562, 780, 563, 258, 788, 277, 564, 792, 259, 280, 565, 796, 520, 566, 567, 294, 568, 300, 569, 303, 307, 570, 310, 521, 823, 571, 826, 824, 825, 827, 572, 322, 573, 331, 522, 340, 523, 373, 374, 375, 376, 377, 524, 586, 587, 906, 907, 908, 909, 525, 512, 595, 526, 459, 460, 527, 461, 462, 605, 485, 486, 487, 488, 489, 490, 491, 492, 493, 494, 495, 496, 497, 498, 499, 500, 501, 502, 503, 504, 505, 506, 507, 508, 509, 510, 511]",True,"[75, 549]","[0, 1, 2, 3, 4, 5, 6, 7, 8, 9, 10, 11, 12, 13, 14, 15, 16, 17, 18, 19, 20, 21, 22, 23, 24, 25, 26, 27, 28, 29, 30, 31, 32, 33, 34, 35, 36, 37, 38, 39, 40, 41, 42, 43, 44, 45, 46, 47, 48, 49, 50, 51, 52, 53, 54, 55, 56, 57, 58, 59, 60, 61, 62, 63, 64, 65, 66, 67, 68, 69, 70, 71, 72, 73, 74, 75, 76, 77, 78, 79, 80, 81, 82, 83, 84, 85, 86, 87, 88, 89, 90, 91, 92, 93, 94, 95, 96, 97, 98, 99, 100, 101, 102, 485, 486, 487, 488, 489, 490, 491, 492, 493, 494, 495, 496, 497, 498, 499, 500, 501, 502, 503, 504, 505, 506, 507, 508, 509, 510, 511, 512, 513, 514, 515, 516, 517, 518, 519, 520, 521, 522, 523, 524, 525, 526, 527, 528, 529, 530, 531, 532, 533, 534, 535, 536, 537, 538, 539, 540, 541, 542, 543, 544, 545, 546, 547, 548, 549, 550, 551, 552, 553, 554, 555, 556, 557, 558, 559, 560, 561, 562, 563, 564, 565, 566, 567, 568, 569, 570, 571, 572, 573]","[75, 549]","[10, 75, 294, 495, 549, 753]","[0, 5, 7, 10, 14, 19, 20, 22, 24, 32, 33, 34, 37, 38, 40, 44, 46, 48, 49, 51, 56, 61, 63, 65, 67, 68, 73, 74, 75, 76, 79, 81, 82, 83, 85, 87, 88, 92, 93, 95, 96, 99, 100, 101, 115, 116, 124, 134, 142, 161, 167, 169, 170, 186, 202, 240, 244, 254, 260, 267, 277, 300, 303, 307, 310, 322, 331, 376, 485, 491, 493, 495, 499, 503, 504, 506, 508, 515, 518, 519, 521, 524, 526, 528, 533, 537, 539, 542, 543, 547, 548, 549, 550, 551, 553, 554, 556, 558, 559, 563, 564, 566, 567, 570, 571, 572, 586, 587, 595, 605, 613, 633, 639, 640, 641, 657, 672, 704, 717, 726, 736, 759, 761, 765, 768, 780, 788, 792, 826]","[15, 16, 65, 66, 67, 68, 69, 70, 71, 72, 73, 74, 75, 76, 77, 78, 80, 151, 244, 245, 246, 247, 248, 249, 250, 251, 252, 253, 254, 255, 256, 257, 258, 259, 260, 280, 340, 373, 374, 375, 376, 377, 459, 460, 461, 462, 500, 501, 539, 540, 541, 542, 543, 544, 545, 546, 547, 548, 549, 550, 552, 622, 708, 709, 710, 711, 712, 713, 714, 715, 716, 717, 718, 719, 720, 739, 796, 823, 824, 825, 826, 827, 906, 907, 908, 909]","[15, 16, 65, 66, 67, 68, 69, 70, 71, 72, 73, 74, 75, 76, 80, 151, 245, 246, 247, 248, 249, 250, 251, 252, 253, 254, 255, 256, 257, 258, 259, 280, 340, 373, 374, 375, 376, 377, 459, 460, 461, 462, 500, 501, 539, 540, 541, 542, 543, 544, 545, 546, 547, 548, 549, 550, 552, 622, 708, 709, 710, 711, 712, 713, 714, 715, 716, 717, 718, 719, 720, 739, 796, 823, 824, 825, 826, 827, 906, 907, 908, 909]",7/6 successful match,True,[725],True,154,False,,1.0,True,Pilot Travel Center # 459,Pilot
Avondale ( 85323 ) Pilot Travel Center # 459,623-936-0900 I-10 Exit 133 A pilot,24 XL,Avondale,85323,Pilot Travel Center # 459,623-936-0900,2015,Avondale,AZ,Pilot,,I-10 Exit 133 A pilot,Exit,133,False,,False,I-10,,,,,"[75, 549]","[75, 549]","[75, 549]","[10, 75, 294, 495, 549, 753]","[0, 1, 2, 3, 4, 5, 6, 7, 8, 9, 10, 11, 12, 13, 14, 15, 16, 17, 18, 19, 20, 21, 22, 23, 24, 25, 26, 27, 28, 29, 30, 31, 32, 33, 34, 35, 36, 37, 38, 39, 40, 41, 42, 43, 44, 45, 46, 47, 48, 49, 50, 51, 52, 53, 54, 55, 56, 57, 58, 59, 60, 61, 62, 63, 64, 65, 66, 67, 68, 69, 70, 71, 72, 73, 74, 75, 76, 77, 78, 79, 80, 81, 82, 83, 84, 85, 86, 87, 88, 89, 90, 91, 92, 93, 94, 95, 96, 97, 98, 99, 100, 101, 102, 485, 486, 487, 488, 489, 490, 491, 492, 493, 494, 495, 496, 497, 498, 499, 500, 501, 502, 503, 504, 505, 506, 507, 508, 509, 510, 511, 512, 513, 514, 515, 516, 517, 518, 519, 520, 521, 522, 523, 524, 525, 526, 527, 528, 529, 530, 531, 532, 533, 534, 535, 536, 537, 538, 539, 540, 541, 542, 543, 544, 545, 546, 547, 548, 549, 550, 551, 552, 553, 554, 555, 556, 557, 558, 559, 560, 561, 562, 563, 564, 565, 566, 567, 568, 569, 570, 571, 572, 573]","[0, 5, 7, 10, 14, 19, 20, 22, 24, 32, 33, 34, 37, 38, 40, 44, 46, 48, 49, 51, 56, 61, 63, 65, 67, 68, 73, 74, 75, 76, 79, 81, 82, 83, 85, 87, 88, 92, 93, 95, 96, 99, 100, 101, 115, 116, 124, 134, 142, 161, 167, 169, 170, 186, 202, 240, 244, 254, 260, 267, 277, 300, 303, 307, 310, 322, 331, 376, 485, 491, 493, 495, 499, 503, 504, 506, 508, 515, 518, 519, 521, 524, 526, 528, 533, 537, 539, 542, 543, 547, 548, 549, 550, 551, 553, 554, 556, 558, 559, 563, 564, 566, 567, 570, 571, 572, 586, 587, 595, 605, 613, 633, 639, 640, 641, 657, 672, 704, 717, 726, 736, 759, 761, 765, 768, 780, 788, 792, 826]","[15, 16, 65, 66, 67, 68, 69, 70, 71, 72, 73, 74, 75, 76, 80, 151, 245, 246, 247, 248, 249, 250, 251, 252, 253, 254, 255, 256, 257, 258, 259, 280, 340, 373, 374, 375, 376, 377, 459, 460, 461, 462, 500, 501, 539, 540, 541, 542, 543, 544, 545, 546, 547, 548, 549, 550, 552, 622, 708, 709, 710, 711, 712, 713, 714, 715, 716, 717, 718, 719, 720, 739, 796, 823, 824, 825, 826, 827, 906, 907, 908, 909]","[15, 16, 65, 66, 67, 68, 69, 70, 71, 72, 73, 74, 75, 76, 77, 78, 80, 151, 244, 245, 246, 247, 248, 249, 250, 251, 252, 253, 254, 255, 256, 257, 258, 259, 260, 280, 340, 373, 374, 375, 376, 377, 459, 460, 461, 462, 500, 501, 539, 540, 541, 542, 543, 544, 545, 546, 547, 548, 549, 550, 552, 622, 708, 709, 710, 711, 712, 713, 714, 715, 716, 717, 718, 719, 720, 739, 796, 823, 824, 825, 826, 827, 906, 907, 908, 909]","[0, 1, 2, 3, 4, 5, 6, 7, 8, 9, 10, 11, 12, 13, 14, 15, 16, 17, 18, 19, 20, 21, 22, 23, 24, 25, 26, 27, 28, 29, 30, 31, 32, 33, 34, 35, 36, 549, 37, 38, 39, 40, 41, 42, 43, 44, 45, 46, 47, 48, 49, 50, 51, 52, 53, 54, 55, 56, 57, 58, 59, 60, 61, 62, 63, 64, 65, 66, 67, 68, 69, 70, 71, 72, 73, 75, 74, 76, 77, 78, 79, 80, 81, 82, 83, 84, 85, 86, 87, 88, 89, 90, 91, 92, 93, 94, 95, 96, 97, 98, 99, 100, 101, 102, 528, 529, 613, 530, 622, 513, 531, 115, 116, 532, 633, 533, 124, 534, 639, 640, 641, 535, 134, 514, 536, 537, 142, 657, 538, 151, 539, 540, 672, 515, 541, 161, 542, 167, 169, 170, 543, 544, 545, 516, 186, 546, 704, 547, 708, 252, 548, 709, 710, 711, 202, 712, 713, 717, 714, 715, 550, 716, 718, 517, 719, 551, 726, 720, 552, 553, 736, 739, 554, 555, 518, 556, 240, 753, 557, 244, 245, 246, 759, 558, 761, 247, 248, 249, 559, 254, 765, 768, 250, 560, 251, 260, 519, 253, 561, 255, 256, 257, 267, 562, 780, 563, 258, 788, 277, 564, 792, 259, 280, 565, 796, 520, 566, 567, 294, 568, 300, 569, 303, 307, 570, 310, 521, 823, 571, 826, 824, 825, 827, 572, 322, 573, 331, 522, 340, 523, 373, 374, 375, 376, 377, 524, 586, 587, 906, 907, 908, 909, 525, 512, 595, 526, 459, 460, 527, 461, 462, 605, 485, 486, 487, 488, 489, 490, 491, 492, 493, 494, 495, 496, 497, 498, 499, 500, 501, 502, 503, 504, 505, 506, 507, 508, 509, 510, 511]",True,"[75, 549]","[0, 1, 2, 3, 4, 5, 6, 7, 8, 9, 10, 11, 12, 13, 14, 15, 16, 17, 18, 19, 20, 21, 22, 23, 24, 25, 26, 27, 28, 29, 30, 31, 32, 33, 34, 35, 36, 37, 38, 39, 40, 41, 42, 43, 44, 45, 46, 47, 48, 49, 50, 51, 52, 53, 54, 55, 56, 57, 58, 59, 60, 61, 62, 63, 64, 65, 66, 67, 68, 69, 70, 71, 72, 73, 74, 75, 76, 77, 78, 79, 80, 81, 82, 83, 84, 85, 86, 87, 88, 89, 90, 91, 92, 93, 94, 95, 96, 97, 98, 99, 100, 101, 102, 485, 486, 487, 488, 489, 490, 491, 492, 493, 494, 495, 496, 497, 498, 499, 500, 501, 502, 503, 504, 505, 506, 507, 508, 509, 510, 511, 512, 513, 514, 515, 516, 517, 518, 519, 520, 521, 522, 523, 524, 525, 526, 527, 528, 529, 530, 531, 532, 533, 534, 535, 536, 537, 538, 539, 540, 541, 542, 543, 544, 545, 546, 547, 548, 549, 550, 551, 552, 553, 554, 555, 556, 557, 558, 559, 560, 561, 562, 563, 564, 565, 566, 567, 568, 569, 570, 571, 572, 573]","[75, 549]","[10, 75, 294, 495, 549, 753]","[0, 5, 7, 10, 14, 19, 20, 22, 24, 32, 33, 34, 37, 38, 40, 44, 46, 48, 49, 51, 56, 61, 63, 65, 67, 68, 73, 74, 75, 76, 79, 81, 82, 83, 85, 87, 88, 92, 93, 95, 96, 99, 100, 101, 115, 116, 124, 134, 142, 161, 167, 169, 170, 186, 202, 240, 244, 254, 260, 267, 277, 300, 303, 307, 310, 322, 331, 376, 485, 491, 493, 495, 499, 503, 504, 506, 508, 515, 518, 519, 521, 524, 526, 528, 533, 537, 539, 542, 543, 547, 548, 549, 550, 551, 553, 554, 556, 558, 559, 563, 564, 566, 567, 570, 571, 572, 586, 587, 595, 605, 613, 633, 639, 640, 641, 657, 672, 704, 717, 726, 736, 759, 761, 765, 768, 780, 788, 792, 826]","[15, 16, 65, 66, 67, 68, 69, 70, 71, 72, 73, 74, 75, 76, 77, 78, 80, 151, 244, 245, 246, 247, 248, 249, 250, 251, 252, 253, 254, 255, 256, 257, 258, 259, 260, 280, 340, 373, 374, 375, 376, 377, 459, 460, 461, 462, 500, 501, 539, 540, 541, 542, 543, 544, 545, 546, 547, 548, 549, 550, 552, 622, 708, 709, 710, 711, 712, 713, 714, 715, 716, 717, 718, 719, 720, 739, 796, 823, 824, 825, 826, 827, 906, 907, 908, 909]","[15, 16, 65, 66, 67, 68, 69, 70, 71, 72, 73, 74, 75, 76, 80, 151, 245, 246, 247, 248, 249, 250, 251, 252, 253, 254, 255, 256, 257, 258, 259, 280, 340, 373, 374, 375, 376, 377, 459, 460, 461, 462, 500, 501, 539, 540, 541, 542, 543, 544, 545, 546, 547, 548, 549, 550, 552, 622, 708, 709, 710, 711, 712, 713, 714, 715, 716, 717, 718, 719, 720, 739, 796, 823, 824, 825, 826, 827, 906, 907, 908, 909]",7/6 successful match,True,[725],True,154,False,,1.0,True,Pilot Travel Center # 459,Pilot
Avondale ( 85323 ) Pilot Travel Center # 459,4 623-936-0900 I-10 Exit 133 A plat 24,24 <U+2610> XL 24,Avondale,85323,Pilot Travel Center # 459,623-936-0900,2016,Avondale,AZ,Pilot,,I-10 Exit 133 A plat 24,Exit,133,False,,False,I-10,,,,,"[75, 549]","[75, 549]","[75, 549]","[10, 75, 294, 495, 549, 753]","[0, 1, 2, 3, 4, 5, 6, 7, 8, 9, 10, 11, 12, 13, 14, 15, 16, 17, 18, 19, 20, 21, 22, 23, 24, 25, 26, 27, 28, 29, 30, 31, 32, 33, 34, 35, 36, 37, 38, 39, 40, 41, 42, 43, 44, 45, 46, 47, 48, 49, 50, 51, 52, 53, 54, 55, 56, 57, 58, 59, 60, 61, 62, 63, 64, 65, 66, 67, 68, 69, 70, 71, 72, 73, 74, 75, 76, 77, 78, 79, 80, 81, 82, 83, 84, 85, 86, 87, 88, 89, 90, 91, 92, 93, 94, 95, 96, 97, 98, 99, 100, 101, 102, 485, 486, 487, 488, 489, 490, 491, 492, 493, 494, 495, 496, 497, 498, 499, 500, 501, 502, 503, 504, 505, 506, 507, 508, 509, 510, 511, 512, 513, 514, 515, 516, 517, 518, 519, 520, 521, 522, 523, 524, 525, 526, 527, 528, 529, 530, 531, 532, 533, 534, 535, 536, 537, 538, 539, 540, 541, 542, 543, 544, 545, 546, 547, 548, 549, 550, 551, 552, 553, 554, 555, 556, 557, 558, 559, 560, 561, 562, 563, 564, 565, 566, 567, 568, 569, 570, 571, 572, 573]","[0, 5, 7, 10, 14, 19, 20, 22, 24, 32, 33, 34, 37, 38, 40, 44, 46, 48, 49, 51, 56, 61, 63, 65, 67, 68, 73, 74, 75, 76, 79, 81, 82, 83, 85, 87, 88, 92, 93, 95, 96, 99, 100, 101, 115, 116, 124, 134, 142, 161, 167, 169, 170, 186, 202, 240, 244, 254, 260, 267, 277, 300, 303, 307, 310, 322, 331, 376, 485, 491, 493, 495, 499, 503, 504, 506, 508, 515, 518, 519, 521, 524, 526, 528, 533, 537, 539, 542, 543, 547, 548, 549, 550, 551, 553, 554, 556, 558, 559, 563, 564, 566, 567, 570, 571, 572, 586, 587, 595, 605, 613, 633, 639, 640, 641, 657, 672, 704, 717, 726, 736, 759, 761, 765, 768, 780, 788, 792, 826]","[15, 16, 65, 66, 67, 68, 69, 70, 71, 72, 73, 74, 75, 76, 80, 151, 245, 246, 247, 248, 249, 250, 251, 252, 253, 254, 255, 256, 257, 258, 259, 280, 340, 373, 374, 375, 376, 377, 459, 460, 461, 462, 500, 501, 539, 540, 541, 542, 543, 544, 545, 546, 547, 548, 549, 550, 552, 622, 708, 709, 710, 711, 712, 713, 714, 715, 716, 717, 718, 719, 720, 739, 796, 823, 824, 825, 826, 827, 906, 907, 908, 909]","[15, 16, 65, 66, 67, 68, 69, 70, 71, 72, 73, 74, 75, 76, 77, 78, 80, 151, 244, 245, 246, 247, 248, 249, 250, 251, 252, 253, 254, 255, 256, 257, 258, 259, 260, 280, 340, 373, 374, 375, 376, 377, 459, 460, 461, 462, 500, 501, 539, 540, 541, 542, 543, 544, 545, 546, 547, 548, 549, 550, 552, 622, 708, 709, 710, 711, 712, 713, 714, 715, 716, 717, 718, 719, 720, 739, 796, 823, 824, 825, 826, 827, 906, 907, 908, 909]","[0, 1, 2, 3, 4, 5, 6, 7, 8, 9, 10, 11, 12, 13, 14, 15, 16, 17, 18, 19, 20, 21, 22, 23, 24, 25, 26, 27, 28, 29, 30, 31, 32, 33, 34, 35, 36, 549, 37, 38, 39, 40, 41, 42, 43, 44, 45, 46, 47, 48, 49, 50, 51, 52, 53, 54, 55, 56, 57, 58, 59, 60, 61, 62, 63, 64, 65, 66, 67, 68, 69, 70, 71, 72, 73, 75, 74, 76, 77, 78, 79, 80, 81, 82, 83, 84, 85, 86, 87, 88, 89, 90, 91, 92, 93, 94, 95, 96, 97, 98, 99, 100, 101, 102, 528, 529, 613, 530, 622, 513, 531, 115, 116, 532, 633, 533, 124, 534, 639, 640, 641, 535, 134, 514, 536, 537, 142, 657, 538, 151, 539, 540, 672, 515, 541, 161, 542, 167, 169, 170, 543, 544, 545, 516, 186, 546, 704, 547, 708, 252, 548, 709, 710, 711, 202, 712, 713, 717, 714, 715, 550, 716, 718, 517, 719, 551, 726, 720, 552, 553, 736, 739, 554, 555, 518, 556, 240, 753, 557, 244, 245, 246, 759, 558, 761, 247, 248, 249, 559, 254, 765, 768, 250, 560, 251, 260, 519, 253, 561, 255, 256, 257, 267, 562, 780, 563, 258, 788, 277, 564, 792, 259, 280, 565, 796, 520, 566, 567, 294, 568, 300, 569, 303, 307, 570, 310, 521, 823, 571, 826, 824, 825, 827, 572, 322, 573, 331, 522, 340, 523, 373, 374, 375, 376, 377, 524, 586, 587, 906, 907, 908, 909, 525, 512, 595, 526, 459, 460, 527, 461, 462, 605, 485, 486, 487, 488, 489, 490, 491, 492, 493, 494, 495, 496, 497, 498, 499, 500, 501, 502, 503, 504, 505, 506, 507, 508, 509, 510, 511]",True,"[75, 549]","[0, 1, 2, 3, 4, 5, 6, 7, 8, 9, 10, 11, 12, 13, 14, 15, 16, 17, 18, 19, 20, 21, 22, 23, 24, 25, 26, 27, 28, 29, 30, 31, 32, 33, 34, 35, 36, 37, 38, 39, 40, 41, 42, 43, 44, 45, 46, 47, 48, 49, 50, 51, 52, 53, 54, 55, 56, 57, 58, 59, 60, 61, 62, 63, 64, 65, 66, 67, 68, 69, 70, 71, 72, 73, 74, 75, 76, 77, 78, 79, 80, 81, 82, 83, 84, 85, 86, 87, 88, 89, 90, 91, 92, 93, 94, 95, 96, 97, 98, 99, 100, 101, 102, 485, 486, 487, 488, 489, 490, 491, 492, 493, 494, 495, 496, 497, 498, 499, 500, 501, 502, 503, 504, 505, 506, 507, 508, 509, 510, 511, 512, 513, 514, 515, 516, 517, 518, 519, 520, 521, 522, 523, 524, 525, 526, 527, 528, 529, 530, 531, 532, 533, 534, 535, 536, 537, 538, 539, 540, 541, 542, 543, 544, 545, 546, 547, 548, 549, 550, 551, 552, 553, 554, 555, 556, 557, 558, 559, 560, 561, 562, 563, 564, 565, 566, 567, 568, 569, 570, 571, 572, 573]","[75, 549]","[10, 75, 294, 495, 549, 753]","[0, 5, 7, 10, 14, 19, 20, 22, 24, 32, 33, 34, 37, 38, 40, 44, 46, 48, 49, 51, 56, 61, 63, 65, 67, 68, 73, 74, 75, 76, 79, 81, 82, 83, 85, 87, 88, 92, 93, 95, 96, 99, 100, 101, 115, 116, 124, 134, 142, 161, 167, 169, 170, 186, 202, 240, 244, 254, 260, 267, 277, 300, 303, 307, 310, 322, 331, 376, 485, 491, 493, 495, 499, 503, 504, 506, 508, 515, 518, 519, 521, 524, 526, 528, 533, 537, 539, 542, 543, 547, 548, 549, 550, 551, 553, 554, 556, 558, 559, 563, 564, 566, 567, 570, 571, 572, 586, 587, 595, 605, 613, 633, 639, 640, 641, 657, 672, 704, 717, 726, 736, 759, 761, 765, 768, 780, 788, 792, 826]","[15, 16, 65, 66, 67, 68, 69, 70, 71, 72, 73, 74, 75, 76, 77, 78, 80, 151, 244, 245, 246, 247, 248, 249, 250, 251, 252, 253, 254, 255, 256, 257, 258, 259, 260, 280, 340, 373, 374, 375, 376, 377, 459, 460, 461, 462, 500, 501, 539, 540, 541, 542, 543, 544, 545, 546, 547, 548, 549, 550, 552, 622, 708, 709, 710, 711, 712, 713, 714, 715, 716, 717, 718, 719, 720, 739, 796, 823, 824, 825, 826, 827, 906, 907, 908, 909]","[15, 16, 65, 66, 67, 68, 69, 70, 71, 72, 73, 74, 75, 76, 80, 151, 245, 246, 247, 248, 249, 250, 251, 252, 253, 254, 255, 256, 257, 258, 259, 280, 340, 373, 374, 375, 376, 377, 459, 460, 461, 462, 500, 501, 539, 540, 541, 542, 543, 544, 545, 546, 547, 548, 549, 550, 552, 622, 708, 709, 710, 711, 712, 713, 714, 715, 716, 717, 718, 719, 720, 739, 796, 823, 824, 825, 826, 827, 906, 907, 908, 909]",7/6 successful match,True,[725],True,154,False,,1.0,True,Pilot Travel Center # 459,Pilot
"Buckeye , 85326 Love's Travel Stop # 280",623-386-6926 I-10 Exit 114,M SOO,Buckeye,85326,Love's Travel Stop # 280,623-386-6926,2006,Buckeye,AZ,Love's,,I-10 Exit 114,Exit,114,False,,False,I-10,,,,,"[37, 518]","[37, 85, 88, 518, 556, 559]","[37, 85, 88, 518, 556, 559]","[37, 85, 88, 518, 556, 559]","[0, 1, 2, 3, 4, 5, 6, 7, 8, 9, 10, 11, 12, 13, 14, 15, 16, 17, 18, 19, 20, 21, 22, 23, 24, 25, 26, 27, 28, 29, 30, 31, 32, 33, 34, 35, 36, 37, 38, 39, 40, 41, 42, 43, 44, 45, 46, 47, 48, 49, 50, 51, 52, 53, 54, 55, 56, 57, 58, 59, 60, 61, 62, 63, 64, 65, 66, 67, 68, 69, 70, 71, 72, 73, 74, 75, 76, 77, 78, 79, 80, 81, 82, 83, 84, 85, 86, 87, 88, 89, 90, 91, 92, 93, 94, 95, 96, 97, 98, 99, 100, 101, 102, 485, 486, 487, 488, 489, 490, 491, 492, 493, 494, 495, 496, 497, 498, 499, 500, 501, 502, 503, 504, 505, 506, 507, 508, 509, 510, 511, 512, 513, 514, 515, 516, 517, 518, 519, 520, 521, 522, 523, 524, 525, 526, 527, 528, 529, 530, 531, 532, 533, 534, 535, 536, 537, 538, 539, 540, 541, 542, 543, 544, 545, 546, 547, 548, 549, 550, 551, 552, 553, 554, 555, 556, 557, 558, 559, 560, 561, 562, 563, 564, 565, 566, 567, 568, 569, 570, 571, 572, 573]","[0, 5, 7, 10, 14, 19, 20, 22, 24, 32, 33, 34, 37, 38, 40, 44, 46, 48, 49, 51, 56, 61, 63, 65, 67, 68, 73, 74, 75, 76, 79, 81, 82, 83, 85, 87, 88, 92, 93, 95, 96, 99, 100, 101, 115, 116, 124, 134, 142, 161, 167, 169, 170, 186, 202, 240, 244, 254, 260, 267, 277, 300, 303, 307, 310, 322, 331, 376, 485, 491, 493, 495, 499, 503, 504, 506, 508, 515, 518, 519, 521, 524, 526, 528, 533, 537, 539, 542, 543, 547, 548, 549, 550, 551, 553, 554, 556, 558, 559, 563, 564, 566, 567, 570, 571, 572, 586, 587, 595, 605, 613, 633, 639, 640, 641, 657, 672, 704, 717, 726, 736, 759, 761, 765, 768, 780, 788, 792, 826]","[34, 35, 36, 37, 38, 39, 40, 41, 42, 43, 44, 45, 46, 47, 48, 201, 202, 203, 204, 205, 206, 207, 208, 209, 210, 211, 212, 213, 214, 215, 216, 355, 356, 357, 358, 359, 360, 361, 429, 430, 431, 432, 433, 434, 435, 515, 516, 517, 518, 519, 520, 521, 522, 523, 524, 525, 526, 527, 672, 673, 674, 675, 676, 677, 678, 679, 680, 681, 682, 683, 684, 810, 811, 812, 813, 814, 881, 882, 883, 884, 885, 886]","[32, 33, 34, 35, 36, 37, 38, 39, 40, 41, 42, 43, 44, 45, 46, 47, 48, 201, 202, 203, 204, 205, 206, 207, 208, 209, 210, 211, 212, 213, 214, 215, 216, 355, 356, 357, 358, 359, 360, 361, 429, 430, 431, 432, 433, 434, 435, 515, 516, 517, 518, 519, 520, 521, 522, 523, 524, 525, 526, 527, 672, 673, 674, 675, 676, 677, 678, 679, 680, 681, 682, 683, 684, 810, 811, 812, 813, 814, 881, 882, 883, 884, 885, 886]","[0, 1, 2, 3, 4, 5, 518, 6, 7, 8, 9, 10, 11, 12, 13, 14, 15, 16, 17, 18, 19, 20, 21, 22, 23, 24, 25, 26, 27, 28, 29, 30, 31, 32, 33, 34, 35, 37, 36, 38, 39, 40, 41, 42, 556, 43, 44, 559, 45, 46, 47, 48, 49, 50, 51, 52, 53, 54, 55, 56, 57, 58, 59, 60, 61, 62, 63, 64, 65, 66, 67, 68, 69, 70, 71, 72, 73, 74, 75, 76, 77, 78, 79, 80, 81, 85, 82, 83, 88, 84, 86, 87, 89, 90, 91, 92, 93, 94, 95, 96, 97, 98, 99, 100, 101, 102, 528, 529, 530, 613, 513, 531, 115, 116, 532, 633, 533, 124, 534, 639, 640, 641, 535, 134, 514, 536, 537, 142, 657, 538, 539, 540, 672, 515, 541, 161, 673, 674, 675, 542, 167, 169, 170, 676, 543, 677, 678, 679, 680, 681, 544, 682, 683, 684, 545, 516, 186, 546, 704, 547, 548, 201, 202, 549, 203, 717, 204, 205, 550, 206, 207, 517, 208, 551, 726, 209, 210, 211, 552, 212, 213, 214, 215, 553, 736, 216, 554, 555, 240, 557, 244, 759, 558, 761, 765, 254, 768, 560, 260, 519, 561, 267, 562, 780, 563, 788, 277, 564, 792, 565, 520, 566, 567, 568, 810, 300, 811, 812, 569, 303, 813, 814, 307, 570, 310, 521, 571, 826, 572, 322, 573, 331, 522, 355, 356, 357, 358, 359, 360, 523, 361, 881, 882, 883, 884, 885, 886, 376, 524, 586, 587, 525, 429, 430, 512, 431, 432, 595, 433, 526, 434, 435, 527, 605, 485, 486, 487, 488, 489, 490, 491, 492, 493, 494, 495, 496, 497, 498, 499, 500, 501, 502, 503, 504, 505, 506, 507, 508, 509, 510, 511]",True,"[37, 85, 88, 518, 556, 559]","[0, 1, 2, 3, 4, 5, 6, 7, 8, 9, 10, 11, 12, 13, 14, 15, 16, 17, 18, 19, 20, 21, 22, 23, 24, 25, 26, 27, 28, 29, 30, 31, 32, 33, 34, 35, 36, 37, 38, 39, 40, 41, 42, 43, 44, 45, 46, 47, 48, 49, 50, 51, 52, 53, 54, 55, 56, 57, 58, 59, 60, 61, 62, 63, 64, 65, 66, 67, 68, 69, 70, 71, 72, 73, 74, 75, 76, 77, 78, 79, 80, 81, 82, 83, 84, 85, 86, 87, 88, 89, 90, 91, 92, 93, 94, 95, 96, 97, 98, 99, 100, 101, 102, 485, 486, 487, 488, 489, 490, 491, 492, 493, 494, 495, 496, 497, 498, 499, 500, 501, 502, 503, 504, 505, 506, 507, 508, 509, 510, 511, 512, 513, 514, 515, 516, 517, 518, 519, 520, 521, 522, 523, 524, 525, 526, 527, 528, 529, 530, 531, 532, 533, 534, 535, 536, 537, 538, 539, 540, 541, 542, 543, 544, 545, 546, 547, 548, 549, 550, 551, 552, 553, 554, 555, 556, 557, 558, 559, 560, 561, 562, 563, 564, 565, 566, 567, 568, 569, 570, 571, 572, 573]","[37, 85, 88, 518, 556, 559]","[37, 85, 88, 518, 556, 559]","[0, 5, 7, 10, 14, 19, 20, 22, 24, 32, 33, 34, 37, 38, 40, 44, 46, 48, 49, 51, 56, 61, 63, 65, 67, 68, 73, 74, 75, 76, 79, 81, 82, 83, 85, 87, 88, 92, 93, 95, 96, 99, 100, 101, 115, 116, 124, 134, 142, 161, 167, 169, 170, 186, 202, 240, 244, 254, 260, 267, 277, 300, 303, 307, 310, 322, 331, 376, 485, 491, 493, 495, 499, 503, 504, 506, 508, 515, 518, 519, 521, 524, 526, 528, 533, 537, 539, 542, 543, 547, 548, 549, 550, 551, 553, 554, 556, 558, 559, 563, 564, 566, 567, 570, 571, 572, 586, 587, 595, 605, 613, 633, 639, 640, 641, 657, 672, 704, 717, 726, 736, 759, 761, 765, 768, 780, 788, 792, 826]","[32, 33, 34, 35, 36, 37, 38, 39, 40, 41, 42, 43, 44, 45, 46, 47, 48, 201, 202, 203, 204, 205, 206, 207, 208, 209, 210, 211, 212, 213, 214, 215, 216, 355, 356, 357, 358, 359, 360, 361, 429, 430, 431, 432, 433, 434, 435, 515, 516, 517, 518, 519, 520, 521, 522, 523, 524, 525, 526, 527, 672, 673, 674, 675, 676, 677, 678, 679, 680, 681, 682, 683, 684, 810, 811, 812, 813, 814, 881, 882, 883, 884, 885, 886]","[34, 35, 36, 37, 38, 39, 40, 41, 42, 43, 44, 45, 46, 47, 48, 201, 202, 203, 204, 205, 206, 207, 208, 209, 210, 211, 212, 213, 214, 215, 216, 355, 356, 357, 358, 359, 360, 361, 429, 430, 431, 432, 433, 434, 435, 515, 516, 517, 518, 519, 520, 521, 522, 523, 524, 525, 526, 527, 672, 673, 674, 675, 676, 677, 678, 679, 680, 681, 682, 683, 684, 810, 811, 812, 813, 814, 881, 882, 883, 884, 885, 886]",7/6 successful match,True,"[118, 119, 120]",True,155,False,,,,,
"Buckeye , 85326 Love's Travel Stop # ) 280",623-386-6926 I-10 Exit 114,HRS M,Buckeye,85326,Love's Travel Stop # ) 280,623-386-6926,2007,Buckeye,AZ,Love's,,I-10 Exit 114,Exit,114,False,,False,I-10,,,,,"[37, 518]","[37, 85, 88, 518, 556, 559]","[37, 85, 88, 518, 556, 559]","[37, 85, 88, 518, 556, 559]","[0, 1, 2, 3, 4, 5, 6, 7, 8, 9, 10, 11, 12, 13, 14, 15, 16, 17, 18, 19, 20, 21, 22, 23, 24, 25, 26, 27, 28, 29, 30, 31, 32, 33, 34, 35, 36, 37, 38, 39, 40, 41, 42, 43, 44, 45, 46, 47, 48, 49, 50, 51, 52, 53, 54, 55, 56, 57, 58, 59, 60, 61, 62, 63, 64, 65, 66, 67, 68, 69, 70, 71, 72, 73, 74, 75, 76, 77, 78, 79, 80, 81, 82, 83, 84, 85, 86, 87, 88, 89, 90, 91, 92, 93, 94, 95, 96, 97, 98, 99, 100, 101, 102, 485, 486, 487, 488, 489, 490, 491, 492, 493, 494, 495, 496, 497, 498, 499, 500, 501, 502, 503, 504, 505, 506, 507, 508, 509, 510, 511, 512, 513, 514, 515, 516, 517, 518, 519, 520, 521, 522, 523, 524, 525, 526, 527, 528, 529, 530, 531, 532, 533, 534, 535, 536, 537, 538, 539, 540, 541, 542, 543, 544, 545, 546, 547, 548, 549, 550, 551, 552, 553, 554, 555, 556, 557, 558, 559, 560, 561, 562, 563, 564, 565, 566, 567, 568, 569, 570, 571, 572, 573]","[0, 5, 7, 10, 14, 19, 20, 22, 24, 32, 33, 34, 37, 38, 40, 44, 46, 48, 49, 51, 56, 61, 63, 65, 67, 68, 73, 74, 75, 76, 79, 81, 82, 83, 85, 87, 88, 92, 93, 95, 96, 99, 100, 101, 115, 116, 124, 134, 142, 161, 167, 169, 170, 186, 202, 240, 244, 254, 260, 267, 277, 300, 303, 307, 310, 322, 331, 376, 485, 491, 493, 495, 499, 503, 504, 506, 508, 515, 518, 519, 521, 524, 526, 528, 533, 537, 539, 542, 543, 547, 548, 549, 550, 551, 553, 554, 556, 558, 559, 563, 564, 566, 567, 570, 571, 572, 586, 587, 595, 605, 613, 633, 639, 640, 641, 657, 672, 704, 717, 726, 736, 759, 761, 765, 768, 780, 788, 792, 826]","[34, 35, 36, 37, 38, 39, 40, 41, 42, 43, 44, 45, 46, 47, 48, 201, 202, 203, 204, 205, 206, 207, 208, 209, 210, 211, 212, 213, 214, 215, 216, 355, 356, 357, 358, 359, 360, 361, 429, 430, 431, 432, 433, 434, 435, 515, 516, 517, 518, 519, 520, 521, 522, 523, 524, 525, 526, 527, 672, 673, 674, 675, 676, 677, 678, 679, 680, 681, 682, 683, 684, 810, 811, 812, 813, 814, 881, 882, 883, 884, 885, 886]","[32, 33, 34, 35, 36, 37, 38, 39, 40, 41, 42, 43, 44, 45, 46, 47, 48, 201, 202, 203, 204, 205, 206, 207, 208, 209, 210, 211, 212, 213, 214, 215, 216, 355, 356, 357, 358, 359, 360, 361, 429, 430, 431, 432, 433, 434, 435, 515, 516, 517, 518, 519, 520, 521, 522, 523, 524, 525, 526, 527, 672, 673, 674, 675, 676, 677, 678, 679, 680, 681, 682, 683, 684, 810, 811, 812, 813, 814, 881, 882, 883, 884, 885, 886]","[0, 1, 2, 3, 4, 5, 518, 6, 7, 8, 9, 10, 11, 12, 13, 14, 15, 16, 17, 18, 19, 20, 21, 22, 23, 24, 25, 26, 27, 28, 29, 30, 31, 32, 33, 34, 35, 37, 36, 38, 39, 40, 41, 42, 556, 43, 44, 559, 45, 46, 47, 48, 49, 50, 51, 52, 53, 54, 55, 56, 57, 58, 59, 60, 61, 62, 63, 64, 65, 66, 67, 68, 69, 70, 71, 72, 73, 74, 75, 76, 77, 78, 79, 80, 81, 85, 82, 83, 88, 84, 86, 87, 89, 90, 91, 92, 93, 94, 95, 96, 97, 98, 99, 100, 101, 102, 528, 529, 530, 613, 513, 531, 115, 116, 532, 633, 533, 124, 534, 639, 640, 641, 535, 134, 514, 536, 537, 142, 657, 538, 539, 540, 672, 515, 541, 161, 673, 674, 675, 542, 167, 169, 170, 676, 543, 677, 678, 679, 680, 681, 544, 682, 683, 684, 545, 516, 186, 546, 704, 547, 548, 201, 202, 549, 203, 717, 204, 205, 550, 206, 207, 517, 208, 551, 726, 209, 210, 211, 552, 212, 213, 214, 215, 553, 736, 216, 554, 555, 240, 557, 244, 759, 558, 761, 765, 254, 768, 560, 260, 519, 561, 267, 562, 780, 563, 788, 277, 564, 792, 565, 520, 566, 567, 568, 810, 300, 811, 812, 569, 303, 813, 814, 307, 570, 310, 521, 571, 826, 572, 322, 573, 331, 522, 355, 356, 357, 358, 359, 360, 523, 361, 881, 882, 883, 884, 885, 886, 376, 524, 586, 587, 525, 429, 430, 512, 431, 432, 595, 433, 526, 434, 435, 527, 605, 485, 486, 487, 488, 489, 490, 491, 492, 493, 494, 495, 496, 497, 498, 499, 500, 501, 502, 503, 504, 505, 506, 507, 508, 509, 510, 511]",True,"[37, 85, 88, 518, 556, 559]","[0, 1, 2, 3, 4, 5, 6, 7, 8, 9, 10, 11, 12, 13, 14, 15, 16, 17, 18, 19, 20, 21, 22, 23, 24, 25, 26, 27, 28, 29, 30, 31, 32, 33, 34, 35, 36, 37, 38, 39, 40, 41, 42, 43, 44, 45, 46, 47, 48, 49, 50, 51, 52, 53, 54, 55, 56, 57, 58, 59, 60, 61, 62, 63, 64, 65, 66, 67, 68, 69, 70, 71, 72, 73, 74, 75, 76, 77, 78, 79, 80, 81, 82, 83, 84, 85, 86, 87, 88, 89, 90, 91, 92, 93, 94, 95, 96, 97, 98, 99, 100, 101, 102, 485, 486, 487, 488, 489, 490, 491, 492, 493, 494, 495, 496, 497, 498, 499, 500, 501, 502, 503, 504, 505, 506, 507, 508, 509, 510, 511, 512, 513, 514, 515, 516, 517, 518, 519, 520, 521, 522, 523, 524, 525, 526, 527, 528, 529, 530, 531, 532, 533, 534, 535, 536, 537, 538, 539, 540, 541, 542, 543, 544, 545, 546, 547, 548, 549, 550, 551, 552, 553, 554, 555, 556, 557, 558, 559, 560, 561, 562, 563, 564, 565, 566, 567, 568, 569, 570, 571, 572, 573]","[37, 85, 88, 518, 556, 559]","[37, 85, 88, 518, 556, 559]","[0, 5, 7, 10, 14, 19, 20, 22, 24, 32, 33, 34, 37, 38, 40, 44, 46, 48, 49, 51, 56, 61, 63, 65, 67, 68, 73, 74, 75, 76, 79, 81, 82, 83, 85, 87, 88, 92, 93, 95, 96, 99, 100, 101, 115, 116, 124, 134, 142, 161, 167, 169, 170, 186, 202, 240, 244, 254, 260, 267, 277, 300, 303, 307, 310, 322, 331, 376, 485, 491, 493, 495, 499, 503, 504, 506, 508, 515, 518, 519, 521, 524, 526, 528, 533, 537, 539, 542, 543, 547, 548, 549, 550, 551, 553, 554, 556, 558, 559, 563, 564, 566, 567, 570, 571, 572, 586, 587, 595, 605, 613, 633, 639, 640, 641, 657, 672, 704, 717, 726, 736, 759, 761, 765, 768, 780, 788, 792, 826]","[32, 33, 34, 35, 36, 37, 38, 39, 40, 41, 42, 43, 44, 45, 46, 47, 48, 201, 202, 203, 204, 205, 206, 207, 208, 209, 210, 211, 212, 213, 214, 215, 216, 355, 356, 357, 358, 359, 360, 361, 429, 430, 431, 432, 433, 434, 435, 515, 516, 517, 518, 519, 520, 521, 522, 523, 524, 525, 526, 527, 672, 673, 674, 675, 676, 677, 678, 679, 680, 681, 682, 683, 684, 810, 811, 812, 813, 814, 881, 882, 883, 884, 885, 886]","[34, 35, 36, 37, 38, 39, 40, 41, 42, 43, 44, 45, 46, 47, 48, 201, 202, 203, 204, 205, 206, 207, 208, 209, 210, 211, 212, 213, 214, 215, 216, 355, 356, 357, 358, 359, 360, 361, 429, 430, 431, 432, 433, 434, 435, 515, 516, 517, 518, 519, 520, 521, 522, 523, 524, 525, 526, 527, 672, 673, 674, 675, 676, 677, 678, 679, 680, 681, 682, 683, 684, 810, 811, 812, 813, 814, 881, 882, 883, 884, 885, 886]",7/6 successful match,True,"[118, 119, 120]",True,155,False,,1.0,True,Love's Travel Stop # 280,Love's
"Buckeye , 85326 Love's Travel Stop # 280",3 623-386-6926 I-10 Exit 114,HRS 24 M,Buckeye,85326,Love's Travel Stop # 280,623-386-6926,2008,Buckeye,AZ,Love's,,I-10 Exit 114,Exit,114,False,,False,I-10,,,,,"[37, 518]","[37, 85, 88, 518, 556, 559]","[37, 85, 88, 518, 556, 559]","[37, 85, 88, 518, 556, 559]","[0, 1, 2, 3, 4, 5, 6, 7, 8, 9, 10, 11, 12, 13, 14, 15, 16, 17, 18, 19, 20, 21, 22, 23, 24, 25, 26, 27, 28, 29, 30, 31, 32, 33, 34, 35, 36, 37, 38, 39, 40, 41, 42, 43, 44, 45, 46, 47, 48, 49, 50, 51, 52, 53, 54, 55, 56, 57, 58, 59, 60, 61, 62, 63, 64, 65, 66, 67, 68, 69, 70, 71, 72, 73, 74, 75, 76, 77, 78, 79, 80, 81, 82, 83, 84, 85, 86, 87, 88, 89, 90, 91, 92, 93, 94, 95, 96, 97, 98, 99, 100, 101, 102, 485, 486, 487, 488, 489, 490, 491, 492, 493, 494, 495, 496, 497, 498, 499, 500, 501, 502, 503, 504, 505, 506, 507, 508, 509, 510, 511, 512, 513, 514, 515, 516, 517, 518, 519, 520, 521, 522, 523, 524, 525, 526, 527, 528, 529, 530, 531, 532, 533, 534, 535, 536, 537, 538, 539, 540, 541, 542, 543, 544, 545, 546, 547, 548, 549, 550, 551, 552, 553, 554, 555, 556, 557, 558, 559, 560, 561, 562, 563, 564, 565, 566, 567, 568, 569, 570, 571, 572, 573]","[0, 5, 7, 10, 14, 19, 20, 22, 24, 32, 33, 34, 37, 38, 40, 44, 46, 48, 49, 51, 56, 61, 63, 65, 67, 68, 73, 74, 75, 76, 79, 81, 82, 83, 85, 87, 88, 92, 93, 95, 96, 99, 100, 101, 115, 116, 124, 134, 142, 161, 167, 169, 170, 186, 202, 240, 244, 254, 260, 267, 277, 300, 303, 307, 310, 322, 331, 376, 485, 491, 493, 495, 499, 503, 504, 506, 508, 515, 518, 519, 521, 524, 526, 528, 533, 537, 539, 542, 543, 547, 548, 549, 550, 551, 553, 554, 556, 558, 559, 563, 564, 566, 567, 570, 571, 572, 586, 587, 595, 605, 613, 633, 639, 640, 641, 657, 672, 704, 717, 726, 736, 759, 761, 765, 768, 780, 788, 792, 826]","[34, 35, 36, 37, 38, 39, 40, 41, 42, 43, 44, 45, 46, 47, 48, 201, 202, 203, 204, 205, 206, 207, 208, 209, 210, 211, 212, 213, 214, 215, 216, 355, 356, 357, 358, 359, 360, 361, 429, 430, 431, 432, 433, 434, 435, 515, 516, 517, 518, 519, 520, 521, 522, 523, 524, 525, 526, 527, 672, 673, 674, 675, 676, 677, 678, 679, 680, 681, 682, 683, 684, 810, 811, 812, 813, 814, 881, 882, 883, 884, 885, 886]","[32, 33, 34, 35, 36, 37, 38, 39, 40, 41, 42, 43, 44, 45, 46, 47, 48, 201, 202, 203, 204, 205, 206, 207, 208, 209, 210, 211, 212, 213, 214, 215, 216, 355, 356, 357, 358, 359, 360, 361, 429, 430, 431, 432, 433, 434, 435, 515, 516, 517, 518, 519, 520, 521, 522, 523, 524, 525, 526, 527, 672, 673, 674, 675, 676, 677, 678, 679, 680, 681, 682, 683, 684, 810, 811, 812, 813, 814, 881, 882, 883, 884, 885, 886]","[0, 1, 2, 3, 4, 5, 518, 6, 7, 8, 9, 10, 11, 12, 13, 14, 15, 16, 17, 18, 19, 20, 21, 22, 23, 24, 25, 26, 27, 28, 29, 30, 31, 32, 33, 34, 35, 37, 36, 38, 39, 40, 41, 42, 556, 43, 44, 559, 45, 46, 47, 48, 49, 50, 51, 52, 53, 54, 55, 56, 57, 58, 59, 60, 61, 62, 63, 64, 65, 66, 67, 68, 69, 70, 71, 72, 73, 74, 75, 76, 77, 78, 79, 80, 81, 85, 82, 83, 88, 84, 86, 87, 89, 90, 91, 92, 93, 94, 95, 96, 97, 98, 99, 100, 101, 102, 528, 529, 530, 613, 513, 531, 115, 116, 532, 633, 533, 124, 534, 639, 640, 641, 535, 134, 514, 536, 537, 142, 657, 538, 539, 540, 672, 515, 541, 161, 673, 674, 675, 542, 167, 169, 170, 676, 543, 677, 678, 679, 680, 681, 544, 682, 683, 684, 545, 516, 186, 546, 704, 547, 548, 201, 202, 549, 203, 717, 204, 205, 550, 206, 207, 517, 208, 551, 726, 209, 210, 211, 552, 212, 213, 214, 215, 553, 736, 216, 554, 555, 240, 557, 244, 759, 558, 761, 765, 254, 768, 560, 260, 519, 561, 267, 562, 780, 563, 788, 277, 564, 792, 565, 520, 566, 567, 568, 810, 300, 811, 812, 569, 303, 813, 814, 307, 570, 310, 521, 571, 826, 572, 322, 573, 331, 522, 355, 356, 357, 358, 359, 360, 523, 361, 881, 882, 883, 884, 885, 886, 376, 524, 586, 587, 525, 429, 430, 512, 431, 432, 595, 433, 526, 434, 435, 527, 605, 485, 486, 487, 488, 489, 490, 491, 492, 493, 494, 495, 496, 497, 498, 499, 500, 501, 502, 503, 504, 505, 506, 507, 508, 509, 510, 511]",True,"[37, 85, 88, 518, 556, 559]","[0, 1, 2, 3, 4, 5, 6, 7, 8, 9, 10, 11, 12, 13, 14, 15, 16, 17, 18, 19, 20, 21, 22, 23, 24, 25, 26, 27, 28, 29, 30, 31, 32, 33, 34, 35, 36, 37, 38, 39, 40, 41, 42, 43, 44, 45, 46, 47, 48, 49, 50, 51, 52, 53, 54, 55, 56, 57, 58, 59, 60, 61, 62, 63, 64, 65, 66, 67, 68, 69, 70, 71, 72, 73, 74, 75, 76, 77, 78, 79, 80, 81, 82, 83, 84, 85, 86, 87, 88, 89, 90, 91, 92, 93, 94, 95, 96, 97, 98, 99, 100, 101, 102, 485, 486, 487, 488, 489, 490, 491, 492, 493, 494, 495, 496, 497, 498, 499, 500, 501, 502, 503, 504, 505, 506, 507, 508, 509, 510, 511, 512, 513, 514, 515, 516, 517, 518, 519, 520, 521, 522, 523, 524, 525, 526, 527, 528, 529, 530, 531, 532, 533, 534, 535, 536, 537, 538, 539, 540, 541, 542, 543, 544, 545, 546, 547, 548, 549, 550, 551, 552, 553, 554, 555, 556, 557, 558, 559, 560, 561, 562, 563, 564, 565, 566, 567, 568, 569, 570, 571, 572, 573]","[37, 85, 88, 518, 556, 559]","[37, 85, 88, 518, 556, 559]","[0, 5, 7, 10, 14, 19, 20, 22, 24, 32, 33, 34, 37, 38, 40, 44, 46, 48, 49, 51, 56, 61, 63, 65, 67, 68, 73, 74, 75, 76, 79, 81, 82, 83, 85, 87, 88, 92, 93, 95, 96, 99, 100, 101, 115, 116, 124, 134, 142, 161, 167, 169, 170, 186, 202, 240, 244, 254, 260, 267, 277, 300, 303, 307, 310, 322, 331, 376, 485, 491, 493, 495, 499, 503, 504, 506, 508, 515, 518, 519, 521, 524, 526, 528, 533, 537, 539, 542, 543, 547, 548, 549, 550, 551, 553, 554, 556, 558, 559, 563, 564, 566, 567, 570, 571, 572, 586, 587, 595, 605, 613, 633, 639, 640, 641, 657, 672, 704, 717, 726, 736, 759, 761, 765, 768, 780, 788, 792, 826]","[32, 33, 34, 35, 36, 37, 38, 39, 40, 41, 42, 43, 44, 45, 46, 47, 48, 201, 202, 203, 204, 205, 206, 207, 208, 209, 210, 211, 212, 213, 214, 215, 216, 355, 356, 357, 358, 359, 360, 361, 429, 430, 431, 432, 433, 434, 435, 515, 516, 517, 518, 519, 520, 521, 522, 523, 524, 525, 526, 527, 672, 673, 674, 675, 676, 677, 678, 679, 680, 681, 682, 683, 684, 810, 811, 812, 813, 814, 881, 882, 883, 884, 885, 886]","[34, 35, 36, 37, 38, 39, 40, 41, 42, 43, 44, 45, 46, 47, 48, 201, 202, 203, 204, 205, 206, 207, 208, 209, 210, 211, 212, 213, 214, 215, 216, 355, 356, 357, 358, 359, 360, 361, 429, 430, 431, 432, 433, 434, 435, 515, 516, 517, 518, 519, 520, 521, 522, 523, 524, 525, 526, 527, 672, 673, 674, 675, 676, 677, 678, 679, 680, 681, 682, 683, 684, 810, 811, 812, 813, 814, 881, 882, 883, 884, 885, 886]",7/6 successful match,True,"[118, 119, 120]",True,155,False,,1.0,True,Love's Travel Stop # ) 280,Love's
G Buckeye ( 85326 ) Love's Travel Stop # 280,623-386-6926 I-10 Exit 114 ( Miller Rd S ),"24 "" M",Buckeye,85326,Love's Travel Stop # 280,623-386-6926,2014,Buckeye,AZ,Love's,( Miller Rd S ),I-10 Exit 114 ,Exit,114,False,,False,I-10,,,,,"[37, 518]","[37, 85, 88, 518, 556, 559]","[37, 85, 88, 518, 556, 559]","[37, 85, 88, 518, 556, 559]","[0, 1, 2, 3, 4, 5, 6, 7, 8, 9, 10, 11, 12, 13, 14, 15, 16, 17, 18, 19, 20, 21, 22, 23, 24, 25, 26, 27, 28, 29, 30, 31, 32, 33, 34, 35, 36, 37, 38, 39, 40, 41, 42, 43, 44, 45, 46, 47, 48, 49, 50, 51, 52, 53, 54, 55, 56, 57, 58, 59, 60, 61, 62, 63, 64, 65, 66, 67, 68, 69, 70, 71, 72, 73, 74, 75, 76, 77, 78, 79, 80, 81, 82, 83, 84, 85, 86, 87, 88, 89, 90, 91, 92, 93, 94, 95, 96, 97, 98, 99, 100, 101, 102, 485, 486, 487, 488, 489, 490, 491, 492, 493, 494, 495, 496, 497, 498, 499, 500, 501, 502, 503, 504, 505, 506, 507, 508, 509, 510, 511, 512, 513, 514, 515, 516, 517, 518, 519, 520, 521, 522, 523, 524, 525, 526, 527, 528, 529, 530, 531, 532, 533, 534, 535, 536, 537, 538, 539, 540, 541, 542, 543, 544, 545, 546, 547, 548, 549, 550, 551, 552, 553, 554, 555, 556, 557, 558, 559, 560, 561, 562, 563, 564, 565, 566, 567, 568, 569, 570, 571, 572, 573]","[0, 5, 7, 10, 14, 19, 20, 22, 24, 32, 33, 34, 37, 38, 40, 44, 46, 48, 49, 51, 56, 61, 63, 65, 67, 68, 73, 74, 75, 76, 79, 81, 82, 83, 85, 87, 88, 92, 93, 95, 96, 99, 100, 101, 115, 116, 124, 134, 142, 161, 167, 169, 170, 186, 202, 240, 244, 254, 260, 267, 277, 300, 303, 307, 310, 322, 331, 376, 485, 491, 493, 495, 499, 503, 504, 506, 508, 515, 518, 519, 521, 524, 526, 528, 533, 537, 539, 542, 543, 547, 548, 549, 550, 551, 553, 554, 556, 558, 559, 563, 564, 566, 567, 570, 571, 572, 586, 587, 595, 605, 613, 633, 639, 640, 641, 657, 672, 704, 717, 726, 736, 759, 761, 765, 768, 780, 788, 792, 826]","[34, 35, 36, 37, 38, 39, 40, 41, 42, 43, 44, 45, 46, 47, 48, 201, 202, 203, 204, 205, 206, 207, 208, 209, 210, 211, 212, 213, 214, 215, 216, 355, 356, 357, 358, 359, 360, 361, 429, 430, 431, 432, 433, 434, 435, 515, 516, 517, 518, 519, 520, 521, 522, 523, 524, 525, 526, 527, 672, 673, 674, 675, 676, 677, 678, 679, 680, 681, 682, 683, 684, 810, 811, 812, 813, 814, 881, 882, 883, 884, 885, 886]","[32, 33, 34, 35, 36, 37, 38, 39, 40, 41, 42, 43, 44, 45, 46, 47, 48, 201, 202, 203, 204, 205, 206, 207, 208, 209, 210, 211, 212, 213, 214, 215, 216, 355, 356, 357, 358, 359, 360, 361, 429, 430, 431, 432, 433, 434, 435, 515, 516, 517, 518, 519, 520, 521, 522, 523, 524, 525, 526, 527, 672, 673, 674, 675, 676, 677, 678, 679, 680, 681, 682, 683, 684, 810, 811, 812, 813, 814, 881, 882, 883, 884, 885, 886]","[0, 1, 2, 3, 4, 5, 518, 6, 7, 8, 9, 10, 11, 12, 13, 14, 15, 16, 17, 18, 19, 20, 21, 22, 23, 24, 25, 26, 27, 28, 29, 30, 31, 32, 33, 34, 35, 37, 36, 38, 39, 40, 41, 42, 556, 43, 44, 559, 45, 46, 47, 48, 49, 50, 51, 52, 53, 54, 55, 56, 57, 58, 59, 60, 61, 62, 63, 64, 65, 66, 67, 68, 69, 70, 71, 72, 73, 74, 75, 76, 77, 78, 79, 80, 81, 85, 82, 83, 88, 84, 86, 87, 89, 90, 91, 92, 93, 94, 95, 96, 97, 98, 99, 100, 101, 102, 528, 529, 530, 613, 513, 531, 115, 116, 532, 633, 533, 124, 534, 639, 640, 641, 535, 134, 514, 536, 537, 142, 657, 538, 539, 540, 672, 515, 541, 161, 673, 674, 675, 542, 167, 169, 170, 676, 543, 677, 678, 679, 680, 681, 544, 682, 683, 684, 545, 516, 186, 546, 704, 547, 548, 201, 202, 549, 203, 717, 204, 205, 550, 206, 207, 517, 208, 551, 726, 209, 210, 211, 552, 212, 213, 214, 215, 553, 736, 216, 554, 555, 240, 557, 244, 759, 558, 761, 765, 254, 768, 560, 260, 519, 561, 267, 562, 780, 563, 788, 277, 564, 792, 565, 520, 566, 567, 568, 810, 300, 811, 812, 569, 303, 813, 814, 307, 570, 310, 521, 571, 826, 572, 322, 573, 331, 522, 355, 356, 357, 358, 359, 360, 523, 361, 881, 882, 883, 884, 885, 886, 376, 524, 586, 587, 525, 429, 430, 512, 431, 432, 595, 433, 526, 434, 435, 527, 605, 485, 486, 487, 488, 489, 490, 491, 492, 493, 494, 495, 496, 497, 498, 499, 500, 501, 502, 503, 504, 505, 506, 507, 508, 509, 510, 511]",True,"[37, 85, 88, 518, 556, 559]","[0, 1, 2, 3, 4, 5, 6, 7, 8, 9, 10, 11, 12, 13, 14, 15, 16, 17, 18, 19, 20, 21, 22, 23, 24, 25, 26, 27, 28, 29, 30, 31, 32, 33, 34, 35, 36, 37, 38, 39, 40, 41, 42, 43, 44, 45, 46, 47, 48, 49, 50, 51, 52, 53, 54, 55, 56, 57, 58, 59, 60, 61, 62, 63, 64, 65, 66, 67, 68, 69, 70, 71, 72, 73, 74, 75, 76, 77, 78, 79, 80, 81, 82, 83, 84, 85, 86, 87, 88, 89, 90, 91, 92, 93, 94, 95, 96, 97, 98, 99, 100, 101, 102, 485, 486, 487, 488, 489, 490, 491, 492, 493, 494, 495, 496, 497, 498, 499, 500, 501, 502, 503, 504, 505, 506, 507, 508, 509, 510, 511, 512, 513, 514, 515, 516, 517, 518, 519, 520, 521, 522, 523, 524, 525, 526, 527, 528, 529, 530, 531, 532, 533, 534, 535, 536, 537, 538, 539, 540, 541, 542, 543, 544, 545, 546, 547, 548, 549, 550, 551, 552, 553, 554, 555, 556, 557, 558, 559, 560, 561, 562, 563, 564, 565, 566, 567, 568, 569, 570, 571, 572, 573]","[37, 85, 88, 518, 556, 559]","[37, 85, 88, 518, 556, 559]","[0, 5, 7, 10, 14, 19, 20, 22, 24, 32, 33, 34, 37, 38, 40, 44, 46, 48, 49, 51, 56, 61, 63, 65, 67, 68, 73, 74, 75, 76, 79, 81, 82, 83, 85, 87, 88, 92, 93, 95, 96, 99, 100, 101, 115, 116, 124, 134, 142, 161, 167, 169, 170, 186, 202, 240, 244, 254, 260, 267, 277, 300, 303, 307, 310, 322, 331, 376, 485, 491, 493, 495, 499, 503, 504, 506, 508, 515, 518, 519, 521, 524, 526, 528, 533, 537, 539, 542, 543, 547, 548, 549, 550, 551, 553, 554, 556, 558, 559, 563, 564, 566, 567, 570, 571, 572, 586, 587, 595, 605, 613, 633, 639, 640, 641, 657, 672, 704, 717, 726, 736, 759, 761, 765, 768, 780, 788, 792, 826]","[32, 33, 34, 35, 36, 37, 38, 39, 40, 41, 42, 43, 44, 45, 46, 47, 48, 201, 202, 203, 204, 205, 206, 207, 208, 209, 210, 211, 212, 213, 214, 215, 216, 355, 356, 357, 358, 359, 360, 361, 429, 430, 431, 432, 433, 434, 435, 515, 516, 517, 518, 519, 520, 521, 522, 523, 524, 525, 526, 527, 672, 673, 674, 675, 676, 677, 678, 679, 680, 681, 682, 683, 684, 810, 811, 812, 813, 814, 881, 882, 883, 884, 885, 886]","[34, 35, 36, 37, 38, 39, 40, 41, 42, 43, 44, 45, 46, 47, 48, 201, 202, 203, 204, 205, 206, 207, 208, 209, 210, 211, 212, 213, 214, 215, 216, 355, 356, 357, 358, 359, 360, 361, 429, 430, 431, 432, 433, 434, 435, 515, 516, 517, 518, 519, 520, 521, 522, 523, 524, 525, 526, 527, 672, 673, 674, 675, 676, 677, 678, 679, 680, 681, 682, 683, 684, 810, 811, 812, 813, 814, 881, 882, 883, 884, 885, 886]",7/6 successful match,True,"[118, 119, 120]",True,155,False,,1.0,True,Love's Travel Stop # 280,Love's
Buckeye ( 85326 ) Love's I-10 Exit Travel 302 Stop ( AZ 90 # 280 ),623-386-6926 I-10 Exit 114 ( Miller Rd S ),24 M,Buckeye,85326,Love's I-10 Exit Travel 302 Stop ( AZ 90 # 280 ),623-386-6926,2015,Buckeye,AZ,Love's,( Miller Rd S ),I-10 Exit 114 ,Exit,114,False,,False,I-10,,,,,"[37, 518]","[37, 85, 88, 518, 556, 559]","[37, 85, 88, 518, 556, 559]","[37, 85, 88, 518, 556, 559]","[0, 1, 2, 3, 4, 5, 6, 7, 8, 9, 10, 11, 12, 13, 14, 15, 16, 17, 18, 19, 20, 21, 22, 23, 24, 25, 26, 27, 28, 29, 30, 31, 32, 33, 34, 35, 36, 37, 38, 39, 40, 41, 42, 43, 44, 45, 46, 47, 48, 49, 50, 51, 52, 53, 54, 55, 56, 57, 58, 59, 60, 61, 62, 63, 64, 65, 66, 67, 68, 69, 70, 71, 72, 73, 74, 75, 76, 77, 78, 79, 80, 81, 82, 83, 84, 85, 86, 87, 88, 89, 90, 91, 92, 93, 94, 95, 96, 97, 98, 99, 100, 101, 102, 485, 486, 487, 488, 489, 490, 491, 492, 493, 494, 495, 496, 497, 498, 499, 500, 501, 502, 503, 504, 505, 506, 507, 508, 509, 510, 511, 512, 513, 514, 515, 516, 517, 518, 519, 520, 521, 522, 523, 524, 525, 526, 527, 528, 529, 530, 531, 532, 533, 534, 535, 536, 537, 538, 539, 540, 541, 542, 543, 544, 545, 546, 547, 548, 549, 550, 551, 552, 553, 554, 555, 556, 557, 558, 559, 560, 561, 562, 563, 564, 565, 566, 567, 568, 569, 570, 571, 572, 573]","[0, 5, 7, 10, 14, 19, 20, 22, 24, 32, 33, 34, 37, 38, 40, 44, 46, 48, 49, 51, 56, 61, 63, 65, 67, 68, 73, 74, 75, 76, 79, 81, 82, 83, 85, 87, 88, 92, 93, 95, 96, 99, 100, 101, 115, 116, 124, 134, 142, 161, 167, 169, 170, 186, 202, 240, 244, 254, 260, 267, 277, 300, 303, 307, 310, 322, 331, 376, 485, 491, 493, 495, 499, 503, 504, 506, 508, 515, 518, 519, 521, 524, 526, 528, 533, 537, 539, 542, 543, 547, 548, 549, 550, 551, 553, 554, 556, 558, 559, 563, 564, 566, 567, 570, 571, 572, 586, 587, 595, 605, 613, 633, 639, 640, 641, 657, 672, 704, 717, 726, 736, 759, 761, 765, 768, 780, 788, 792, 826]","[34, 35, 36, 37, 38, 39, 40, 41, 42, 43, 44, 45, 46, 47, 48, 201, 202, 203, 204, 205, 206, 207, 208, 209, 210, 211, 212, 213, 214, 215, 216, 355, 356, 357, 358, 359, 360, 361, 429, 430, 431, 432, 433, 434, 435, 515, 516, 517, 518, 519, 520, 521, 522, 523, 524, 525, 526, 527, 672, 673, 674, 675, 676, 677, 678, 679, 680, 681, 682, 683, 684, 810, 811, 812, 813, 814, 881, 882, 883, 884, 885, 886]","[32, 33, 34, 35, 36, 37, 38, 39, 40, 41, 42, 43, 44, 45, 46, 47, 48, 186, 201, 202, 203, 204, 205, 206, 207, 208, 209, 210, 211, 212, 213, 214, 215, 216, 355, 356, 357, 358, 359, 360, 361, 429, 430, 431, 432, 433, 434, 435, 515, 516, 517, 518, 519, 520, 521, 522, 523, 524, 525, 526, 527, 657, 672, 673, 674, 675, 676, 677, 678, 679, 680, 681, 682, 683, 684, 810, 811, 812, 813, 814, 881, 882, 883, 884, 885, 886]","[0, 1, 2, 3, 4, 5, 518, 6, 7, 8, 9, 10, 11, 12, 13, 14, 15, 16, 17, 18, 19, 20, 21, 22, 23, 24, 25, 26, 27, 28, 29, 30, 31, 32, 33, 34, 35, 37, 36, 38, 39, 40, 41, 42, 556, 43, 44, 559, 45, 46, 47, 48, 49, 50, 51, 52, 53, 54, 55, 56, 57, 58, 59, 60, 61, 62, 63, 64, 65, 66, 67, 68, 69, 70, 71, 72, 73, 74, 75, 76, 77, 78, 79, 80, 81, 85, 82, 83, 88, 84, 86, 87, 89, 90, 91, 92, 93, 94, 95, 96, 97, 98, 99, 100, 101, 102, 528, 529, 530, 613, 513, 531, 115, 116, 532, 633, 533, 124, 534, 639, 640, 641, 535, 134, 514, 536, 537, 142, 657, 538, 539, 540, 672, 515, 541, 161, 673, 674, 675, 542, 167, 169, 170, 676, 543, 677, 678, 679, 680, 681, 544, 682, 683, 684, 545, 516, 186, 546, 704, 547, 548, 201, 202, 549, 203, 717, 204, 205, 550, 206, 207, 517, 208, 551, 726, 209, 210, 211, 552, 212, 213, 214, 215, 553, 736, 216, 554, 555, 240, 557, 244, 759, 558, 761, 765, 254, 768, 560, 260, 519, 561, 267, 562, 780, 563, 788, 277, 564, 792, 565, 520, 566, 567, 568, 810, 300, 811, 812, 569, 303, 813, 814, 307, 570, 310, 521, 571, 826, 572, 322, 573, 331, 522, 355, 356, 357, 358, 359, 360, 523, 361, 881, 882, 883, 884, 885, 886, 376, 524, 586, 587, 525, 429, 430, 512, 431, 432, 595, 433, 526, 434, 435, 527, 605, 485, 486, 487, 488, 489, 490, 491, 492, 493, 494, 495, 496, 497, 498, 499, 500, 501, 502, 503, 504, 505, 506, 507, 508, 509, 510, 511]",True,"[37, 85, 88, 518, 556, 559]","[0, 1, 2, 3, 4, 5, 6, 7, 8, 9, 10, 11, 12, 13, 14, 15, 16, 17, 18, 19, 20, 21, 22, 23, 24, 25, 26, 27, 28, 29, 30, 31, 32, 33, 34, 35, 36, 37, 38, 39, 40, 41, 42, 43, 44, 45, 46, 47, 48, 49, 50, 51, 52, 53, 54, 55, 56, 57, 58, 59, 60, 61, 62, 63, 64, 65, 66, 67, 68, 69, 70, 71, 72, 73, 74, 75, 76, 77, 78, 79, 80, 81, 82, 83, 84, 85, 86, 87, 88, 89, 90, 91, 92, 93, 94, 95, 96, 97, 98, 99, 100, 101, 102, 485, 486, 487, 488, 489, 490, 491, 492, 493, 494, 495, 496, 497, 498, 499, 500, 501, 502, 503, 504, 505, 506, 507, 508, 509, 510, 511, 512, 513, 514, 515, 516, 517, 518, 519, 520, 521, 522, 523, 524, 525, 526, 527, 528, 529, 530, 531, 532, 533, 534, 535, 536, 537, 538, 539, 540, 541, 542, 543, 544, 545, 546, 547, 548, 549, 550, 551, 552, 553, 554, 555, 556, 557, 558, 559, 560, 561, 562, 563, 564, 565, 566, 567, 568, 569, 570, 571, 572, 573]","[37, 85, 88, 518, 556, 559]","[37, 85, 88, 518, 556, 559]","[0, 5, 7, 10, 14, 19, 20, 22, 24, 32, 33, 34, 37, 38, 40, 44, 46, 48, 49, 51, 56, 61, 63, 65, 67, 68, 73, 74, 75, 76, 79, 81, 82, 83, 85, 87, 88, 92, 93, 95, 96, 99, 100, 101, 115, 116, 124, 134, 142, 161, 167, 169, 170, 186, 202, 240, 244, 254, 260, 267, 277, 300, 303, 307, 310, 322, 331, 376, 485, 491, 493, 495, 499, 503, 504, 506, 508, 515, 518, 519, 521, 524, 526, 528, 533, 537, 539, 542, 543, 547, 548, 549, 550, 551, 553, 554, 556, 558, 559, 563, 564, 566, 567, 570, 571, 572, 586, 587, 595, 605, 613, 633, 639, 640, 641, 657, 672, 704, 717, 726, 736, 759, 761, 765, 768, 780, 788, 792, 826]","[32, 33, 34, 35, 36, 37, 38, 39, 40, 41, 42, 43, 44, 45, 46, 47, 48, 186, 201, 202, 203, 204, 205, 206, 207, 208, 209, 210, 211, 212, 213, 214, 215, 216, 355, 356, 357, 358, 359, 360, 361, 429, 430, 431, 432, 433, 434, 435, 515, 516, 517, 518, 519, 520, 521, 522, 523, 524, 525, 526, 527, 657, 672, 673, 674, 675, 676, 677, 678, 679, 680, 681, 682, 683, 684, 810, 811, 812, 813, 814, 881, 882, 883, 884, 885, 886]","[34, 35, 36, 37, 38, 39, 40, 41, 42, 43, 44, 45, 46, 47, 48, 201, 202, 203, 204, 205, 206, 207, 208, 209, 210, 211, 212, 213, 214, 215, 216, 355, 356, 357, 358, 359, 360, 361, 429, 430, 431, 432, 433, 434, 435, 515, 516, 517, 518, 519, 520, 521, 522, 523, 524, 525, 526, 527, 672, 673, 674, 675, 676, 677, 678, 679, 680, 681, 682, 683, 684, 810, 811, 812, 813, 814, 881, 882, 883, 884, 885, 886]",7/6 successful match,True,"[118, 119, 120]",True,155,False,,0.86,True,Love's Travel Stop # 280,Love's
G Buckeye ( 85326 ) Love's Travel Stop # 280,623-386-6926 I-10 Exit 114 ( Miller Rd S ),M 24,Buckeye,85326,Love's Travel Stop # 280,623-386-6926,2016,Buckeye,AZ,Love's,( Miller Rd S ),I-10 Exit 114 ,Exit,114,False,,False,I-10,,,,,"[37, 518]","[37, 85, 88, 518, 556, 559]","[37, 85, 88, 518, 556, 559]","[37, 85, 88, 518, 556, 559]","[0, 1, 2, 3, 4, 5, 6, 7, 8, 9, 10, 11, 12, 13, 14, 15, 16, 17, 18, 19, 20, 21, 22, 23, 24, 25, 26, 27, 28, 29, 30, 31, 32, 33, 34, 35, 36, 37, 38, 39, 40, 41, 42, 43, 44, 45, 46, 47, 48, 49, 50, 51, 52, 53, 54, 55, 56, 57, 58, 59, 60, 61, 62, 63, 64, 65, 66, 67, 68, 69, 70, 71, 72, 73, 74, 75, 76, 77, 78, 79, 80, 81, 82, 83, 84, 85, 86, 87, 88, 89, 90, 91, 92, 93, 94, 95, 96, 97, 98, 99, 100, 101, 102, 485, 486, 487, 488, 489, 490, 491, 492, 493, 494, 495, 496, 497, 498, 499, 500, 501, 502, 503, 504, 505, 506, 507, 508, 509, 510, 511, 512, 513, 514, 515, 516, 517, 518, 519, 520, 521, 522, 523, 524, 525, 526, 527, 528, 529, 530, 531, 532, 533, 534, 535, 536, 537, 538, 539, 540, 541, 542, 543, 544, 545, 546, 547, 548, 549, 550, 551, 552, 553, 554, 555, 556, 557, 558, 559, 560, 561, 562, 563, 564, 565, 566, 567, 568, 569, 570, 571, 572, 573]","[0, 5, 7, 10, 14, 19, 20, 22, 24, 32, 33, 34, 37, 38, 40, 44, 46, 48, 49, 51, 56, 61, 63, 65, 67, 68, 73, 74, 75, 76, 79, 81, 82, 83, 85, 87, 88, 92, 93, 95, 96, 99, 100, 101, 115, 116, 124, 134, 142, 161, 167, 169, 170, 186, 202, 240, 244, 254, 260, 267, 277, 300, 303, 307, 310, 322, 331, 376, 485, 491, 493, 495, 499, 503, 504, 506, 508, 515, 518, 519, 521, 524, 526, 528, 533, 537, 539, 542, 543, 547, 548, 549, 550, 551, 553, 554, 556, 558, 559, 563, 564, 566, 567, 570, 571, 572, 586, 587, 595, 605, 613, 633, 639, 640, 641, 657, 672, 704, 717, 726, 736, 759, 761, 765, 768, 780, 788, 792, 826]","[34, 35, 36, 37, 38, 39, 40, 41, 42, 43, 44, 45, 46, 47, 48, 201, 202, 203, 204, 205, 206, 207, 208, 209, 210, 211, 212, 213, 214, 215, 216, 355, 356, 357, 358, 359, 360, 361, 429, 430, 431, 432, 433, 434, 435, 515, 516, 517, 518, 519, 520, 521, 522, 523, 524, 525, 526, 527, 672, 673, 674, 675, 676, 677, 678, 679, 680, 681, 682, 683, 684, 810, 811, 812, 813, 814, 881, 882, 883, 884, 885, 886]","[32, 33, 34, 35, 36, 37, 38, 39, 40, 41, 42, 43, 44, 45, 46, 47, 48, 201, 202, 203, 204, 205, 206, 207, 208, 209, 210, 211, 212, 213, 214, 215, 216, 355, 356, 357, 358, 359, 360, 361, 429, 430, 431, 432, 433, 434, 435, 515, 516, 517, 518, 519, 520, 521, 522, 523, 524, 525, 526, 527, 672, 673, 674, 675, 676, 677, 678, 679, 680, 681, 682, 683, 684, 810, 811, 812, 813, 814, 881, 882, 883, 884, 885, 886]","[0, 1, 2, 3, 4, 5, 518, 6, 7, 8, 9, 10, 11, 12, 13, 14, 15, 16, 17, 18, 19, 20, 21, 22, 23, 24, 25, 26, 27, 28, 29, 30, 31, 32, 33, 34, 35, 37, 36, 38, 39, 40, 41, 42, 556, 43, 44, 559, 45, 46, 47, 48, 49, 50, 51, 52, 53, 54, 55, 56, 57, 58, 59, 60, 61, 62, 63, 64, 65, 66, 67, 68, 69, 70, 71, 72, 73, 74, 75, 76, 77, 78, 79, 80, 81, 85, 82, 83, 88, 84, 86, 87, 89, 90, 91, 92, 93, 94, 95, 96, 97, 98, 99, 100, 101, 102, 528, 529, 530, 613, 513, 531, 115, 116, 532, 633, 533, 124, 534, 639, 640, 641, 535, 134, 514, 536, 537, 142, 657, 538, 539, 540, 672, 515, 541, 161, 673, 674, 675, 542, 167, 169, 170, 676, 543, 677, 678, 679, 680, 681, 544, 682, 683, 684, 545, 516, 186, 546, 704, 547, 548, 201, 202, 549, 203, 717, 204, 205, 550, 206, 207, 517, 208, 551, 726, 209, 210, 211, 552, 212, 213, 214, 215, 553, 736, 216, 554, 555, 240, 557, 244, 759, 558, 761, 765, 254, 768, 560, 260, 519, 561, 267, 562, 780, 563, 788, 277, 564, 792, 565, 520, 566, 567, 568, 810, 300, 811, 812, 569, 303, 813, 814, 307, 570, 310, 521, 571, 826, 572, 322, 573, 331, 522, 355, 356, 357, 358, 359, 360, 523, 361, 881, 882, 883, 884, 885, 886, 376, 524, 586, 587, 525, 429, 430, 512, 431, 432, 595, 433, 526, 434, 435, 527, 605, 485, 486, 487, 488, 489, 490, 491, 492, 493, 494, 495, 496, 497, 498, 499, 500, 501, 502, 503, 504, 505, 506, 507, 508, 509, 510, 511]",True,"[37, 85, 88, 518, 556, 559]","[0, 1, 2, 3, 4, 5, 6, 7, 8, 9, 10, 11, 12, 13, 14, 15, 16, 17, 18, 19, 20, 21, 22, 23, 24, 25, 26, 27, 28, 29, 30, 31, 32, 33, 34, 35, 36, 37, 38, 39, 40, 41, 42, 43, 44, 45, 46, 47, 48, 49, 50, 51, 52, 53, 54, 55, 56, 57, 58, 59, 60, 61, 62, 63, 64, 65, 66, 67, 68, 69, 70, 71, 72, 73, 74, 75, 76, 77, 78, 79, 80, 81, 82, 83, 84, 85, 86, 87, 88, 89, 90, 91, 92, 93, 94, 95, 96, 97, 98, 99, 100, 101, 102, 485, 486, 487, 488, 489, 490, 491, 492, 493, 494, 495, 496, 497, 498, 499, 500, 501, 502, 503, 504, 505, 506, 507, 508, 509, 510, 511, 512, 513, 514, 515, 516, 517, 518, 519, 520, 521, 522, 523, 524, 525, 526, 527, 528, 529, 530, 531, 532, 533, 534, 535, 536, 537, 538, 539, 540, 541, 542, 543, 544, 545, 546, 547, 548, 549, 550, 551, 552, 553, 554, 555, 556, 557, 558, 559, 560, 561, 562, 563, 564, 565, 566, 567, 568, 569, 570, 571, 572, 573]","[37, 85, 88, 518, 556, 559]","[37, 85, 88, 518, 556, 559]","[0, 5, 7, 10, 14, 19, 20, 22, 24, 32, 33, 34, 37, 38, 40, 44, 46, 48, 49, 51, 56, 61, 63, 65, 67, 68, 73, 74, 75, 76, 79, 81, 82, 83, 85, 87, 88, 92, 93, 95, 96, 99, 100, 101, 115, 116, 124, 134, 142, 161, 167, 169, 170, 186, 202, 240, 244, 254, 260, 267, 277, 300, 303, 307, 310, 322, 331, 376, 485, 491, 493, 495, 499, 503, 504, 506, 508, 515, 518, 519, 521, 524, 526, 528, 533, 537, 539, 542, 543, 547, 548, 549, 550, 551, 553, 554, 556, 558, 559, 563, 564, 566, 567, 570, 571, 572, 586, 587, 595, 605, 613, 633, 639, 640, 641, 657, 672, 704, 717, 726, 736, 759, 761, 765, 768, 780, 788, 792, 826]","[32, 33, 34, 35, 36, 37, 38, 39, 40, 41, 42, 43, 44, 45, 46, 47, 48, 201, 202, 203, 204, 205, 206, 207, 208, 209, 210, 211, 212, 213, 214, 215, 216, 355, 356, 357, 358, 359, 360, 361, 429, 430, 431, 432, 433, 434, 435, 515, 516, 517, 518, 519, 520, 521, 522, 523, 524, 525, 526, 527, 672, 673, 674, 675, 676, 677, 678, 679, 680, 681, 682, 683, 684, 810, 811, 812, 813, 814, 881, 882, 883, 884, 885, 886]","[34, 35, 36, 37, 38, 39, 40, 41, 42, 43, 44, 45, 46, 47, 48, 201, 202, 203, 204, 205, 206, 207, 208, 209, 210, 211, 212, 213, 214, 215, 216, 355, 356, 357, 358, 359, 360, 361, 429, 430, 431, 432, 433, 434, 435, 515, 516, 517, 518, 519, 520, 521, 522, 523, 524, 525, 526, 527, 672, 673, 674, 675, 676, 677, 678, 679, 680, 681, 682, 683, 684, 810, 811, 812, 813, 814, 881, 882, 883, 884, 885, 886]",7/6 successful match,True,"[118, 119, 120]",True,155,False,,0.86,True,Love's I-10 Exit Travel 302 Stop ( AZ 90 # 280 ),Love's
"Ehrenberg , 85334 J Travel Plaza # 0500250",928-923-9600 Flying I-10 Exit 1 ( S Frontage Rd ),,Ehrenberg,85334,J Travel Plaza # 0500250,928-923-9600,2006,Ehrenberg,AZ,,( S Frontage Rd ),Flying I-10 Exit 1 ,Exit,1,True,unclear address_standardized_OFF_parenthesis,True,I-10,,,,,"[19, 503]","[19, 92, 503, 563]","[19, 92, 503, 563]","[19, 180, 181, 233, 255, 331, 341, 351, 449, 454, 503, 651, 652, 697, 708, 788, 797, 806, 857, 897, 901]","[0, 1, 2, 3, 4, 5, 6, 7, 8, 9, 10, 11, 12, 13, 14, 15, 16, 17, 18, 19, 20, 21, 22, 23, 24, 25, 26, 27, 28, 29, 30, 31, 32, 33, 34, 35, 36, 37, 38, 39, 40, 41, 42, 43, 44, 45, 46, 47, 48, 49, 50, 51, 52, 53, 54, 55, 56, 57, 58, 59, 60, 61, 62, 63, 64, 65, 66, 67, 68, 69, 70, 71, 72, 73, 74, 75, 76, 77, 78, 79, 80, 81, 82, 83, 84, 85, 86, 87, 88, 89, 90, 91, 92, 93, 94, 95, 96, 97, 98, 99, 100, 101, 102, 485, 486, 487, 488, 489, 490, 491, 492, 493, 494, 495, 496, 497, 498, 499, 500, 501, 502, 503, 504, 505, 506, 507, 508, 509, 510, 511, 512, 513, 514, 515, 516, 517, 518, 519, 520, 521, 522, 523, 524, 525, 526, 527, 528, 529, 530, 531, 532, 533, 534, 535, 536, 537, 538, 539, 540, 541, 542, 543, 544, 545, 546, 547, 548, 549, 550, 551, 552, 553, 554, 555, 556, 557, 558, 559, 560, 561, 562, 563, 564, 565, 566, 567, 568, 569, 570, 571, 572, 573]","[0, 5, 7, 10, 14, 19, 20, 22, 24, 32, 33, 34, 37, 38, 40, 44, 46, 48, 49, 51, 56, 61, 63, 65, 67, 68, 73, 74, 75, 76, 79, 81, 82, 83, 85, 87, 88, 92, 93, 95, 96, 99, 100, 101, 115, 116, 124, 134, 142, 161, 167, 169, 170, 186, 202, 240, 244, 254, 260, 267, 277, 300, 303, 307, 310, 322, 331, 376, 485, 491, 493, 495, 499, 503, 504, 506, 508, 515, 518, 519, 521, 524, 526, 528, 533, 537, 539, 542, 543, 547, 548, 549, 550, 551, 553, 554, 556, 558, 559, 563, 564, 566, 567, 570, 571, 572, 586, 587, 595, 605, 613, 633, 639, 640, 641, 657, 672, 704, 717, 726, 736, 759, 761, 765, 768, 780, 788, 792, 826]",[],[],"[0, 1, 2, 3, 4, 5, 6, 7, 8, 9, 10, 11, 12, 13, 14, 15, 16, 17, 18, 19, 20, 21, 22, 23, 24, 25, 26, 27, 28, 29, 30, 31, 32, 33, 34, 35, 36, 37, 38, 39, 40, 41, 42, 43, 44, 45, 46, 47, 48, 49, 50, 563, 51, 52, 53, 54, 55, 56, 57, 58, 59, 60, 61, 62, 63, 64, 65, 66, 67, 68, 69, 70, 71, 72, 73, 74, 75, 76, 77, 78, 79, 80, 81, 82, 83, 84, 85, 86, 87, 88, 89, 90, 92, 91, 93, 94, 95, 96, 97, 98, 99, 100, 101, 102, 528, 529, 613, 530, 513, 531, 115, 116, 532, 633, 533, 124, 534, 639, 640, 641, 535, 134, 514, 536, 651, 652, 537, 142, 657, 538, 539, 540, 672, 515, 541, 161, 542, 167, 169, 170, 543, 544, 180, 181, 545, 697, 516, 186, 546, 704, 547, 708, 548, 202, 549, 717, 550, 517, 551, 726, 552, 553, 736, 554, 233, 555, 518, 556, 240, 557, 244, 759, 558, 761, 559, 254, 255, 765, 768, 560, 260, 519, 561, 267, 562, 780, 788, 277, 564, 792, 565, 797, 520, 566, 567, 806, 568, 300, 569, 303, 307, 570, 310, 521, 571, 826, 572, 322, 573, 331, 522, 341, 857, 351, 523, 376, 897, 524, 901, 586, 587, 525, 512, 595, 526, 449, 454, 527, 605, 485, 486, 487, 488, 489, 490, 491, 492, 493, 494, 495, 496, 497, 498, 499, 500, 501, 502, 503, 504, 505, 506, 507, 508, 509, 510, 511]",True,"[19, 92, 503, 563]","[0, 1, 2, 3, 4, 5, 6, 7, 8, 9, 10, 11, 12, 13, 14, 15, 16, 17, 18, 19, 20, 21, 22, 23, 24, 25, 26, 27, 28, 29, 30, 31, 32, 33, 34, 35, 36, 37, 38, 39, 40, 41, 42, 43, 44, 45, 46, 47, 48, 49, 50, 51, 52, 53, 54, 55, 56, 57, 58, 59, 60, 61, 62, 63, 64, 65, 66, 67, 68, 69, 70, 71, 72, 73, 74, 75, 76, 77, 78, 79, 80, 81, 82, 83, 84, 85, 86, 87, 88, 89, 90, 91, 92, 93, 94, 95, 96, 97, 98, 99, 100, 101, 102, 485, 486, 487, 488, 489, 490, 491, 492, 493, 494, 495, 496, 497, 498, 499, 500, 501, 502, 503, 504, 505, 506, 507, 508, 509, 510, 511, 512, 513, 514, 515, 516, 517, 518, 519, 520, 521, 522, 523, 524, 525, 526, 527, 528, 529, 530, 531, 532, 533, 534, 535, 536, 537, 538, 539, 540, 541, 542, 543, 544, 545, 546, 547, 548, 549, 550, 551, 552, 553, 554, 555, 556, 557, 558, 559, 560, 561, 562, 563, 564, 565, 566, 567, 568, 569, 570, 571, 572, 573]","[19, 92, 503, 563]","[19, 180, 181, 233, 255, 331, 341, 351, 449, 454, 503, 651, 652, 697, 708, 788, 797, 806, 857, 897, 901]","[0, 5, 7, 10, 14, 19, 20, 22, 24, 32, 33, 34, 37, 38, 40, 44, 46, 48, 49, 51, 56, 61, 63, 65, 67, 68, 73, 74, 75, 76, 79, 81, 82, 83, 85, 87, 88, 92, 93, 95, 96, 99, 100, 101, 115, 116, 124, 134, 142, 161, 167, 169, 170, 186, 202, 240, 244, 254, 260, 267, 277, 300, 303, 307, 310, 322, 331, 376, 485, 491, 493, 495, 499, 503, 504, 506, 508, 515, 518, 519, 521, 524, 526, 528, 533, 537, 539, 542, 543, 547, 548, 549, 550, 551, 553, 554, 556, 558, 559, 563, 564, 566, 567, 570, 571, 572, 586, 587, 595, 605, 613, 633, 639, 640, 641, 657, 672, 704, 717, 726, 736, 759, 761, 765, 768, 780, 788, 792, 826]",[],[],7/6 successful match,True,"[148, 149]",True,156,False,,,,,
"Ehrenberg , 85334 Flying J Travel Plaza # 0500250",928-923-9600 I-10 Exit 1 ( S Frontage ) #,FRS XL 464,Ehrenberg,85334,Flying J Travel Plaza # 0500250,928-923-9600,2007,Ehrenberg,AZ,Flying J,( S Frontage ) #,I-10 Exit 1 ,Exit,1,False,,False,I-10,,,,,"[19, 503]","[19, 92, 503, 563]","[19, 92, 503, 563]","[19, 180, 181, 233, 255, 331, 341, 351, 449, 454, 503, 651, 652, 697, 708, 788, 797, 806, 857, 897, 901]","[0, 1, 2, 3, 4, 5, 6, 7, 8, 9, 10, 11, 12, 13, 14, 15, 16, 17, 18, 19, 20, 21, 22, 23, 24, 25, 26, 27, 28, 29, 30, 31, 32, 33, 34, 35, 36, 37, 38, 39, 40, 41, 42, 43, 44, 45, 46, 47, 48, 49, 50, 51, 52, 53, 54, 55, 56, 57, 58, 59, 60, 61, 62, 63, 64, 65, 66, 67, 68, 69, 70, 71, 72, 73, 74, 75, 76, 77, 78, 79, 80, 81, 82, 83, 84, 85, 86, 87, 88, 89, 90, 91, 92, 93, 94, 95, 96, 97, 98, 99, 100, 101, 102, 485, 486, 487, 488, 489, 490, 491, 492, 493, 494, 495, 496, 497, 498, 499, 500, 501, 502, 503, 504, 505, 506, 507, 508, 509, 510, 511, 512, 513, 514, 515, 516, 517, 518, 519, 520, 521, 522, 523, 524, 525, 526, 527, 528, 529, 530, 531, 532, 533, 534, 535, 536, 537, 538, 539, 540, 541, 542, 543, 544, 545, 546, 547, 548, 549, 550, 551, 552, 553, 554, 555, 556, 557, 558, 559, 560, 561, 562, 563, 564, 565, 566, 567, 568, 569, 570, 571, 572, 573]","[0, 5, 7, 10, 14, 19, 20, 22, 24, 32, 33, 34, 37, 38, 40, 44, 46, 48, 49, 51, 56, 61, 63, 65, 67, 68, 73, 74, 75, 76, 79, 81, 82, 83, 85, 87, 88, 92, 93, 95, 96, 99, 100, 101, 115, 116, 124, 134, 142, 161, 167, 169, 170, 186, 202, 240, 244, 254, 260, 267, 277, 300, 303, 307, 310, 322, 331, 376, 485, 491, 493, 495, 499, 503, 504, 506, 508, 515, 518, 519, 521, 524, 526, 528, 533, 537, 539, 542, 543, 547, 548, 549, 550, 551, 553, 554, 556, 558, 559, 563, 564, 566, 567, 570, 571, 572, 586, 587, 595, 605, 613, 633, 639, 640, 641, 657, 672, 704, 717, 726, 736, 759, 761, 765, 768, 780, 788, 792, 826]","[17, 18, 19, 20, 21, 22, 23, 156, 157, 158, 159, 160, 161, 162, 163, 164, 165, 166, 167, 341, 342, 343, 344, 345, 412, 413, 414, 415, 416, 417, 418, 419, 420, 421, 422, 502, 503, 504, 505, 506, 507, 628, 629, 630, 631, 632, 633, 634, 635, 636, 637, 638, 639, 792, 797, 798, 799, 800, 801, 863, 864, 865, 866, 867, 868, 869, 870, 871, 872, 873, 874]","[17, 18, 19, 20, 21, 22, 23, 156, 157, 158, 159, 160, 161, 162, 163, 164, 165, 166, 167, 168, 340, 341, 342, 343, 344, 345, 346, 412, 413, 414, 415, 416, 417, 418, 419, 420, 421, 422, 502, 503, 504, 505, 506, 507, 628, 629, 630, 631, 632, 633, 634, 635, 636, 637, 638, 639, 792, 796, 797, 798, 799, 800, 801, 863, 864, 865, 866, 867, 868, 869, 870, 871, 872, 873, 874]","[0, 1, 2, 3, 4, 5, 6, 7, 8, 9, 10, 11, 12, 13, 14, 15, 16, 17, 18, 19, 20, 21, 22, 23, 24, 25, 26, 27, 28, 29, 30, 31, 32, 33, 34, 35, 36, 37, 38, 39, 40, 41, 42, 43, 44, 45, 46, 47, 48, 49, 50, 51, 52, 53, 54, 55, 56, 57, 58, 59, 60, 61, 62, 63, 64, 65, 66, 67, 68, 69, 70, 71, 72, 73, 74, 75, 76, 77, 78, 79, 80, 81, 82, 83, 84, 85, 86, 87, 88, 89, 90, 91, 92, 93, 94, 95, 96, 97, 98, 99, 100, 101, 102, 115, 116, 124, 134, 142, 156, 157, 158, 159, 160, 161, 162, 163, 164, 165, 166, 167, 168, 169, 170, 180, 181, 186, 202, 233, 240, 244, 254, 255, 260, 267, 277, 300, 303, 307, 310, 322, 331, 340, 341, 342, 343, 344, 345, 346, 351, 376, 412, 413, 414, 415, 416, 417, 418, 419, 420, 421, 422, 449, 454, 485, 486, 487, 488, 489, 490, 491, 492, 493, 494, 495, 496, 497, 498, 499, 500, 501, 502, 503, 504, 505, 506, 507, 508, 509, 510, 511, 512, 513, 514, 515, 516, 517, 518, 519, 520, 521, 522, 523, 524, 525, 526, 527, 528, 529, 530, 531, 532, 533, 534, 535, 536, 537, 538, 539, 540, 541, 542, 543, 544, 545, 546, 547, 548, 549, 550, 551, 552, 553, 554, 555, 556, 557, 558, 559, 560, 561, 562, 563, 564, 565, 566, 567, 568, 569, 570, 571, 572, 573, 586, 587, 595, 605, 613, 628, 629, 630, 631, 632, 633, 634, 635, 636, 637, 638, 639, 640, 641, 651, 652, 657, 672, 697, 704, 708, 717, 726, 736, 759, 761, 765, 768, 780, 788, 792, 796, 797, 798, 799, 800, 801, 806, 826, 857, 863, 864, 865, 866, 867, 868, 869, 870, 871, 872, 873, 874, 897, 901]",True,"[19, 92, 503, 563]","[0, 1, 2, 3, 4, 5, 6, 7, 8, 9, 10, 11, 12, 13, 14, 15, 16, 17, 18, 19, 20, 21, 22, 23, 24, 25, 26, 27, 28, 29, 30, 31, 32, 33, 34, 35, 36, 37, 38, 39, 40, 41, 42, 43, 44, 45, 46, 47, 48, 49, 50, 51, 52, 53, 54, 55, 56, 57, 58, 59, 60, 61, 62, 63, 64, 65, 66, 67, 68, 69, 70, 71, 72, 73, 74, 75, 76, 77, 78, 79, 80, 81, 82, 83, 84, 85, 86, 87, 88, 89, 90, 91, 92, 93, 94, 95, 96, 97, 98, 99, 100, 101, 102, 485, 486, 487, 488, 489, 490, 491, 492, 493, 494, 495, 496, 497, 498, 499, 500, 501, 502, 503, 504, 505, 506, 507, 508, 509, 510, 511, 512, 513, 514, 515, 516, 517, 518, 519, 520, 521, 522, 523, 524, 525, 526, 527, 528, 529, 530, 531, 532, 533, 534, 535, 536, 537, 538, 539, 540, 541, 542, 543, 544, 545, 546, 547, 548, 549, 550, 551, 552, 553, 554, 555, 556, 557, 558, 559, 560, 561, 562, 563, 564, 565, 566, 567, 568, 569, 570, 571, 572, 573]","[19, 92, 503, 563]","[19, 180, 181, 233, 255, 331, 341, 351, 449, 454, 503, 651, 652, 697, 708, 788, 797, 806, 857, 897, 901]","[0, 5, 7, 10, 14, 19, 20, 22, 24, 32, 33, 34, 37, 38, 40, 44, 46, 48, 49, 51, 56, 61, 63, 65, 67, 68, 73, 74, 75, 76, 79, 81, 82, 83, 85, 87, 88, 92, 93, 95, 96, 99, 100, 101, 115, 116, 124, 134, 142, 161, 167, 169, 170, 186, 202, 240, 244, 254, 260, 267, 277, 300, 303, 307, 310, 322, 331, 376, 485, 491, 493, 495, 499, 503, 504, 506, 508, 515, 518, 519, 521, 524, 526, 528, 533, 537, 539, 542, 543, 547, 548, 549, 550, 551, 553, 554, 556, 558, 559, 563, 564, 566, 567, 570, 571, 572, 586, 587, 595, 605, 613, 633, 639, 640, 641, 657, 672, 704, 717, 726, 736, 759, 761, 765, 768, 780, 788, 792, 826]","[17, 18, 19, 20, 21, 22, 23, 156, 157, 158, 159, 160, 161, 162, 163, 164, 165, 166, 167, 168, 340, 341, 342, 343, 344, 345, 346, 412, 413, 414, 415, 416, 417, 418, 419, 420, 421, 422, 502, 503, 504, 505, 506, 507, 628, 629, 630, 631, 632, 633, 634, 635, 636, 637, 638, 639, 792, 796, 797, 798, 799, 800, 801, 863, 864, 865, 866, 867, 868, 869, 870, 871, 872, 873, 874]","[17, 18, 19, 20, 21, 22, 23, 156, 157, 158, 159, 160, 161, 162, 163, 164, 165, 166, 167, 341, 342, 343, 344, 345, 412, 413, 414, 415, 416, 417, 418, 419, 420, 421, 422, 502, 503, 504, 505, 506, 507, 628, 629, 630, 631, 632, 633, 634, 635, 636, 637, 638, 639, 792, 797, 798, 799, 800, 801, 863, 864, 865, 866, 867, 868, 869, 870, 871, 872, 873, 874]",7/6 successful match,True,"[148, 149]",True,156,False,,0.6618181818181819,True,J Travel Plaza # 0500250,
", 85334 Flying J Travel Plaza # 0500250",FEhrenberg 1928-923-9600 I-10 Exit 1 ( S Frontage Rd ) #,24 HRS XL 24 HRS,,85334,Flying J Travel Plaza # 0500250,928-923-9600,2008,Ehrenberg,AZ,Flying J,( S Frontage Rd ) #,I-10 Exit 1 ,Exit,1,False,,False,I-10,,,,,"[19, 503]","[19, 92, 503, 563]","[19, 92, 503, 563]","[19, 180, 181, 233, 255, 331, 341, 351, 449, 454, 503, 651, 652, 697, 708, 788, 797, 806, 857, 897, 901]","[0, 1, 2, 3, 4, 5, 6, 7, 8, 9, 10, 11, 12, 13, 14, 15, 16, 17, 18, 19, 20, 21, 22, 23, 24, 25, 26, 27, 28, 29, 30, 31, 32, 33, 34, 35, 36, 37, 38, 39, 40, 41, 42, 43, 44, 45, 46, 47, 48, 49, 50, 51, 52, 53, 54, 55, 56, 57, 58, 59, 60, 61, 62, 63, 64, 65, 66, 67, 68, 69, 70, 71, 72, 73, 74, 75, 76, 77, 78, 79, 80, 81, 82, 83, 84, 85, 86, 87, 88, 89, 90, 91, 92, 93, 94, 95, 96, 97, 98, 99, 100, 101, 102, 485, 486, 487, 488, 489, 490, 491, 492, 493, 494, 495, 496, 497, 498, 499, 500, 501, 502, 503, 504, 505, 506, 507, 508, 509, 510, 511, 512, 513, 514, 515, 516, 517, 518, 519, 520, 521, 522, 523, 524, 525, 526, 527, 528, 529, 530, 531, 532, 533, 534, 535, 536, 537, 538, 539, 540, 541, 542, 543, 544, 545, 546, 547, 548, 549, 550, 551, 552, 553, 554, 555, 556, 557, 558, 559, 560, 561, 562, 563, 564, 565, 566, 567, 568, 569, 570, 571, 572, 573]","[0, 5, 7, 10, 14, 19, 20, 22, 24, 32, 33, 34, 37, 38, 40, 44, 46, 48, 49, 51, 56, 61, 63, 65, 67, 68, 73, 74, 75, 76, 79, 81, 82, 83, 85, 87, 88, 92, 93, 95, 96, 99, 100, 101, 115, 116, 124, 134, 142, 161, 167, 169, 170, 186, 202, 240, 244, 254, 260, 267, 277, 300, 303, 307, 310, 322, 331, 376, 485, 491, 493, 495, 499, 503, 504, 506, 508, 515, 518, 519, 521, 524, 526, 528, 533, 537, 539, 542, 543, 547, 548, 549, 550, 551, 553, 554, 556, 558, 559, 563, 564, 566, 567, 570, 571, 572, 586, 587, 595, 605, 613, 633, 639, 640, 641, 657, 672, 704, 717, 726, 736, 759, 761, 765, 768, 780, 788, 792, 826]","[17, 18, 19, 20, 21, 22, 23, 156, 157, 158, 159, 160, 161, 162, 163, 164, 165, 166, 167, 341, 342, 343, 344, 345, 412, 413, 414, 415, 416, 417, 418, 419, 420, 421, 422, 502, 503, 504, 505, 506, 507, 628, 629, 630, 631, 632, 633, 634, 635, 636, 637, 638, 639, 792, 797, 798, 799, 800, 801, 863, 864, 865, 866, 867, 868, 869, 870, 871, 872, 873, 874]","[17, 18, 19, 20, 21, 22, 23, 156, 157, 158, 159, 160, 161, 162, 163, 164, 165, 166, 167, 168, 340, 341, 342, 343, 344, 345, 346, 412, 413, 414, 415, 416, 417, 418, 419, 420, 421, 422, 502, 503, 504, 505, 506, 507, 628, 629, 630, 631, 632, 633, 634, 635, 636, 637, 638, 639, 792, 796, 797, 798, 799, 800, 801, 863, 864, 865, 866, 867, 868, 869, 870, 871, 872, 873, 874]","[0, 1, 2, 3, 4, 5, 6, 7, 8, 9, 10, 11, 12, 13, 14, 15, 16, 17, 18, 19, 20, 21, 22, 23, 24, 25, 26, 27, 28, 29, 30, 31, 32, 33, 34, 35, 36, 37, 38, 39, 40, 41, 42, 43, 44, 45, 46, 47, 48, 49, 50, 51, 52, 53, 54, 55, 56, 57, 58, 59, 60, 61, 62, 63, 64, 65, 66, 67, 68, 69, 70, 71, 72, 73, 74, 75, 76, 77, 78, 79, 80, 81, 82, 83, 84, 85, 86, 87, 88, 89, 90, 91, 92, 93, 94, 95, 96, 97, 98, 99, 100, 101, 102, 115, 116, 124, 134, 142, 156, 157, 158, 159, 160, 161, 162, 163, 164, 165, 166, 167, 168, 169, 170, 180, 181, 186, 202, 233, 240, 244, 254, 255, 260, 267, 277, 300, 303, 307, 310, 322, 331, 340, 341, 342, 343, 344, 345, 346, 351, 376, 412, 413, 414, 415, 416, 417, 418, 419, 420, 421, 422, 449, 454, 485, 486, 487, 488, 489, 490, 491, 492, 493, 494, 495, 496, 497, 498, 499, 500, 501, 502, 503, 504, 505, 506, 507, 508, 509, 510, 511, 512, 513, 514, 515, 516, 517, 518, 519, 520, 521, 522, 523, 524, 525, 526, 527, 528, 529, 530, 531, 532, 533, 534, 535, 536, 537, 538, 539, 540, 541, 542, 543, 544, 545, 546, 547, 548, 549, 550, 551, 552, 553, 554, 555, 556, 557, 558, 559, 560, 561, 562, 563, 564, 565, 566, 567, 568, 569, 570, 571, 572, 573, 586, 587, 595, 605, 613, 628, 629, 630, 631, 632, 633, 634, 635, 636, 637, 638, 639, 640, 641, 651, 652, 657, 672, 697, 704, 708, 717, 726, 736, 759, 761, 765, 768, 780, 788, 792, 796, 797, 798, 799, 800, 801, 806, 826, 857, 863, 864, 865, 866, 867, 868, 869, 870, 871, 872, 873, 874, 897, 901]",True,"[19, 92, 503, 563]","[0, 1, 2, 3, 4, 5, 6, 7, 8, 9, 10, 11, 12, 13, 14, 15, 16, 17, 18, 19, 20, 21, 22, 23, 24, 25, 26, 27, 28, 29, 30, 31, 32, 33, 34, 35, 36, 37, 38, 39, 40, 41, 42, 43, 44, 45, 46, 47, 48, 49, 50, 51, 52, 53, 54, 55, 56, 57, 58, 59, 60, 61, 62, 63, 64, 65, 66, 67, 68, 69, 70, 71, 72, 73, 74, 75, 76, 77, 78, 79, 80, 81, 82, 83, 84, 85, 86, 87, 88, 89, 90, 91, 92, 93, 94, 95, 96, 97, 98, 99, 100, 101, 102, 485, 486, 487, 488, 489, 490, 491, 492, 493, 494, 495, 496, 497, 498, 499, 500, 501, 502, 503, 504, 505, 506, 507, 508, 509, 510, 511, 512, 513, 514, 515, 516, 517, 518, 519, 520, 521, 522, 523, 524, 525, 526, 527, 528, 529, 530, 531, 532, 533, 534, 535, 536, 537, 538, 539, 540, 541, 542, 543, 544, 545, 546, 547, 548, 549, 550, 551, 552, 553, 554, 555, 556, 557, 558, 559, 560, 561, 562, 563, 564, 565, 566, 567, 568, 569, 570, 571, 572, 573]","[19, 92, 503, 563]","[19, 180, 181, 233, 255, 331, 341, 351, 449, 454, 503, 651, 652, 697, 708, 788, 797, 806, 857, 897, 901]","[0, 5, 7, 10, 14, 19, 20, 22, 24, 32, 33, 34, 37, 38, 40, 44, 46, 48, 49, 51, 56, 61, 63, 65, 67, 68, 73, 74, 75, 76, 79, 81, 82, 83, 85, 87, 88, 92, 93, 95, 96, 99, 100, 101, 115, 116, 124, 134, 142, 161, 167, 169, 170, 186, 202, 240, 244, 254, 260, 267, 277, 300, 303, 307, 310, 322, 331, 376, 485, 491, 493, 495, 499, 503, 504, 506, 508, 515, 518, 519, 521, 524, 526, 528, 533, 537, 539, 542, 543, 547, 548, 549, 550, 551, 553, 554, 556, 558, 559, 563, 564, 566, 567, 570, 571, 572, 586, 587, 595, 605, 613, 633, 639, 640, 641, 657, 672, 704, 717, 726, 736, 759, 761, 765, 768, 780, 788, 792, 826]","[17, 18, 19, 20, 21, 22, 23, 156, 157, 158, 159, 160, 161, 162, 163, 164, 165, 166, 167, 168, 340, 341, 342, 343, 344, 345, 346, 412, 413, 414, 415, 416, 417, 418, 419, 420, 421, 422, 502, 503, 504, 505, 506, 507, 628, 629, 630, 631, 632, 633, 634, 635, 636, 637, 638, 639, 792, 796, 797, 798, 799, 800, 801, 863, 864, 865, 866, 867, 868, 869, 870, 871, 872, 873, 874]","[17, 18, 19, 20, 21, 22, 23, 156, 157, 158, 159, 160, 161, 162, 163, 164, 165, 166, 167, 341, 342, 343, 344, 345, 412, 413, 414, 415, 416, 417, 418, 419, 420, 421, 422, 502, 503, 504, 505, 506, 507, 628, 629, 630, 631, 632, 633, 634, 635, 636, 637, 638, 639, 792, 797, 798, 799, 800, 801, 863, 864, 865, 866, 867, 868, 869, 870, 871, 872, 873, 874]",7/6 successful match,True,"[148, 149]",True,156,False,,1.0,True,Flying J Travel Plaza # 0500250,Flying J
Ehrenberg ( 85334 ) Flying J Travel Plaza # 608,928-923-9600 I-10 Exit 1 ( S Frontage Rd ),XL,Ehrenberg,85334,Flying J Travel Plaza # 608,928-923-9600,2014,Ehrenberg,AZ,Flying J,( S Frontage Rd ),I-10 Exit 1 ,Exit,1,False,,False,I-10,,,,,"[19, 503]","[19, 92, 503, 563]","[19, 92, 503, 563]","[19, 180, 181, 233, 255, 331, 341, 351, 449, 454, 503, 651, 652, 697, 708, 788, 797, 806, 857, 897, 901]","[0, 1, 2, 3, 4, 5, 6, 7, 8, 9, 10, 11, 12, 13, 14, 15, 16, 17, 18, 19, 20, 21, 22, 23, 24, 25, 26, 27, 28, 29, 30, 31, 32, 33, 34, 35, 36, 37, 38, 39, 40, 41, 42, 43, 44, 45, 46, 47, 48, 49, 50, 51, 52, 53, 54, 55, 56, 57, 58, 59, 60, 61, 62, 63, 64, 65, 66, 67, 68, 69, 70, 71, 72, 73, 74, 75, 76, 77, 78, 79, 80, 81, 82, 83, 84, 85, 86, 87, 88, 89, 90, 91, 92, 93, 94, 95, 96, 97, 98, 99, 100, 101, 102, 485, 486, 487, 488, 489, 490, 491, 492, 493, 494, 495, 496, 497, 498, 499, 500, 501, 502, 503, 504, 505, 506, 507, 508, 509, 510, 511, 512, 513, 514, 515, 516, 517, 518, 519, 520, 521, 522, 523, 524, 525, 526, 527, 528, 529, 530, 531, 532, 533, 534, 535, 536, 537, 538, 539, 540, 541, 542, 543, 544, 545, 546, 547, 548, 549, 550, 551, 552, 553, 554, 555, 556, 557, 558, 559, 560, 561, 562, 563, 564, 565, 566, 567, 568, 569, 570, 571, 572, 573]","[0, 5, 7, 10, 14, 19, 20, 22, 24, 32, 33, 34, 37, 38, 40, 44, 46, 48, 49, 51, 56, 61, 63, 65, 67, 68, 73, 74, 75, 76, 79, 81, 82, 83, 85, 87, 88, 92, 93, 95, 96, 99, 100, 101, 115, 116, 124, 134, 142, 161, 167, 169, 170, 186, 202, 240, 244, 254, 260, 267, 277, 300, 303, 307, 310, 322, 331, 376, 485, 491, 493, 495, 499, 503, 504, 506, 508, 515, 518, 519, 521, 524, 526, 528, 533, 537, 539, 542, 543, 547, 548, 549, 550, 551, 553, 554, 556, 558, 559, 563, 564, 566, 567, 570, 571, 572, 586, 587, 595, 605, 613, 633, 639, 640, 641, 657, 672, 704, 717, 726, 736, 759, 761, 765, 768, 780, 788, 792, 826]","[17, 18, 19, 20, 21, 22, 23, 156, 157, 158, 159, 160, 161, 162, 163, 164, 165, 166, 167, 341, 342, 343, 344, 345, 412, 413, 414, 415, 416, 417, 418, 419, 420, 421, 422, 502, 503, 504, 505, 506, 507, 628, 629, 630, 631, 632, 633, 634, 635, 636, 637, 638, 639, 792, 797, 798, 799, 800, 801, 863, 864, 865, 866, 867, 868, 869, 870, 871, 872, 873, 874]","[17, 18, 19, 20, 21, 22, 23, 156, 157, 158, 159, 160, 161, 162, 163, 164, 165, 166, 167, 168, 340, 341, 342, 343, 344, 345, 346, 412, 413, 414, 415, 416, 417, 418, 419, 420, 421, 422, 502, 503, 504, 505, 506, 507, 628, 629, 630, 631, 632, 633, 634, 635, 636, 637, 638, 639, 792, 796, 797, 798, 799, 800, 801, 863, 864, 865, 866, 867, 868, 869, 870, 871, 872, 873, 874]","[0, 1, 2, 3, 4, 5, 6, 7, 8, 9, 10, 11, 12, 13, 14, 15, 16, 17, 18, 19, 20, 21, 22, 23, 24, 25, 26, 27, 28, 29, 30, 31, 32, 33, 34, 35, 36, 37, 38, 39, 40, 41, 42, 43, 44, 45, 46, 47, 48, 49, 50, 51, 52, 53, 54, 55, 56, 57, 58, 59, 60, 61, 62, 63, 64, 65, 66, 67, 68, 69, 70, 71, 72, 73, 74, 75, 76, 77, 78, 79, 80, 81, 82, 83, 84, 85, 86, 87, 88, 89, 90, 91, 92, 93, 94, 95, 96, 97, 98, 99, 100, 101, 102, 115, 116, 124, 134, 142, 156, 157, 158, 159, 160, 161, 162, 163, 164, 165, 166, 167, 168, 169, 170, 180, 181, 186, 202, 233, 240, 244, 254, 255, 260, 267, 277, 300, 303, 307, 310, 322, 331, 340, 341, 342, 343, 344, 345, 346, 351, 376, 412, 413, 414, 415, 416, 417, 418, 419, 420, 421, 422, 449, 454, 485, 486, 487, 488, 489, 490, 491, 492, 493, 494, 495, 496, 497, 498, 499, 500, 501, 502, 503, 504, 505, 506, 507, 508, 509, 510, 511, 512, 513, 514, 515, 516, 517, 518, 519, 520, 521, 522, 523, 524, 525, 526, 527, 528, 529, 530, 531, 532, 533, 534, 535, 536, 537, 538, 539, 540, 541, 542, 543, 544, 545, 546, 547, 548, 549, 550, 551, 552, 553, 554, 555, 556, 557, 558, 559, 560, 561, 562, 563, 564, 565, 566, 567, 568, 569, 570, 571, 572, 573, 586, 587, 595, 605, 613, 628, 629, 630, 631, 632, 633, 634, 635, 636, 637, 638, 639, 640, 641, 651, 652, 657, 672, 697, 704, 708, 717, 726, 736, 759, 761, 765, 768, 780, 788, 792, 796, 797, 798, 799, 800, 801, 806, 826, 857, 863, 864, 865, 866, 867, 868, 869, 870, 871, 872, 873, 874, 897, 901]",True,"[19, 92, 503, 563]","[0, 1, 2, 3, 4, 5, 6, 7, 8, 9, 10, 11, 12, 13, 14, 15, 16, 17, 18, 19, 20, 21, 22, 23, 24, 25, 26, 27, 28, 29, 30, 31, 32, 33, 34, 35, 36, 37, 38, 39, 40, 41, 42, 43, 44, 45, 46, 47, 48, 49, 50, 51, 52, 53, 54, 55, 56, 57, 58, 59, 60, 61, 62, 63, 64, 65, 66, 67, 68, 69, 70, 71, 72, 73, 74, 75, 76, 77, 78, 79, 80, 81, 82, 83, 84, 85, 86, 87, 88, 89, 90, 91, 92, 93, 94, 95, 96, 97, 98, 99, 100, 101, 102, 485, 486, 487, 488, 489, 490, 491, 492, 493, 494, 495, 496, 497, 498, 499, 500, 501, 502, 503, 504, 505, 506, 507, 508, 509, 510, 511, 512, 513, 514, 515, 516, 517, 518, 519, 520, 521, 522, 523, 524, 525, 526, 527, 528, 529, 530, 531, 532, 533, 534, 535, 536, 537, 538, 539, 540, 541, 542, 543, 544, 545, 546, 547, 548, 549, 550, 551, 552, 553, 554, 555, 556, 557, 558, 559, 560, 561, 562, 563, 564, 565, 566, 567, 568, 569, 570, 571, 572, 573]","[19, 92, 503, 563]","[19, 180, 181, 233, 255, 331, 341, 351, 449, 454, 503, 651, 652, 697, 708, 788, 797, 806, 857, 897, 901]","[0, 5, 7, 10, 14, 19, 20, 22, 24, 32, 33, 34, 37, 38, 40, 44, 46, 48, 49, 51, 56, 61, 63, 65, 67, 68, 73, 74, 75, 76, 79, 81, 82, 83, 85, 87, 88, 92, 93, 95, 96, 99, 100, 101, 115, 116, 124, 134, 142, 161, 167, 169, 170, 186, 202, 240, 244, 254, 260, 267, 277, 300, 303, 307, 310, 322, 331, 376, 485, 491, 493, 495, 499, 503, 504, 506, 508, 515, 518, 519, 521, 524, 526, 528, 533, 537, 539, 542, 543, 547, 548, 549, 550, 551, 553, 554, 556, 558, 559, 563, 564, 566, 567, 570, 571, 572, 586, 587, 595, 605, 613, 633, 639, 640, 641, 657, 672, 704, 717, 726, 736, 759, 761, 765, 768, 780, 788, 792, 826]","[17, 18, 19, 20, 21, 22, 23, 156, 157, 158, 159, 160, 161, 162, 163, 164, 165, 166, 167, 168, 340, 341, 342, 343, 344, 345, 346, 412, 413, 414, 415, 416, 417, 418, 419, 420, 421, 422, 502, 503, 504, 505, 506, 507, 628, 629, 630, 631, 632, 633, 634, 635, 636, 637, 638, 639, 792, 796, 797, 798, 799, 800, 801, 863, 864, 865, 866, 867, 868, 869, 870, 871, 872, 873, 874]","[17, 18, 19, 20, 21, 22, 23, 156, 157, 158, 159, 160, 161, 162, 163, 164, 165, 166, 167, 341, 342, 343, 344, 345, 412, 413, 414, 415, 416, 417, 418, 419, 420, 421, 422, 502, 503, 504, 505, 506, 507, 628, 629, 630, 631, 632, 633, 634, 635, 636, 637, 638, 639, 792, 797, 798, 799, 800, 801, 863, 864, 865, 866, 867, 868, 869, 870, 871, 872, 873, 874]",7/6 successful match,True,"[148, 149]",True,156,False,,0.5919540229885056,True,Flying J Travel Plaza # 0500250,Flying J
Ehrenberg ( 85334 ) Flying J Travel Plaza # 608,928-923-9600 I-10 Exit 1 ( S Frontage Rd ) FLYING,FLYING J 24 XLOO,Ehrenberg,85334,Flying J Travel Plaza # 608,928-923-9600,2015,Ehrenberg,AZ,Flying J,( S Frontage Rd ) FLYING,I-10 Exit 1 ,Exit,1,False,,False,I-10,,,,,"[19, 503]","[19, 92, 503, 563]","[19, 92, 503, 563]","[19, 180, 181, 233, 255, 331, 341, 351, 449, 454, 503, 651, 652, 697, 708, 788, 797, 806, 857, 897, 901]","[0, 1, 2, 3, 4, 5, 6, 7, 8, 9, 10, 11, 12, 13, 14, 15, 16, 17, 18, 19, 20, 21, 22, 23, 24, 25, 26, 27, 28, 29, 30, 31, 32, 33, 34, 35, 36, 37, 38, 39, 40, 41, 42, 43, 44, 45, 46, 47, 48, 49, 50, 51, 52, 53, 54, 55, 56, 57, 58, 59, 60, 61, 62, 63, 64, 65, 66, 67, 68, 69, 70, 71, 72, 73, 74, 75, 76, 77, 78, 79, 80, 81, 82, 83, 84, 85, 86, 87, 88, 89, 90, 91, 92, 93, 94, 95, 96, 97, 98, 99, 100, 101, 102, 485, 486, 487, 488, 489, 490, 491, 492, 493, 494, 495, 496, 497, 498, 499, 500, 501, 502, 503, 504, 505, 506, 507, 508, 509, 510, 511, 512, 513, 514, 515, 516, 517, 518, 519, 520, 521, 522, 523, 524, 525, 526, 527, 528, 529, 530, 531, 532, 533, 534, 535, 536, 537, 538, 539, 540, 541, 542, 543, 544, 545, 546, 547, 548, 549, 550, 551, 552, 553, 554, 555, 556, 557, 558, 559, 560, 561, 562, 563, 564, 565, 566, 567, 568, 569, 570, 571, 572, 573]","[0, 5, 7, 10, 14, 19, 20, 22, 24, 32, 33, 34, 37, 38, 40, 44, 46, 48, 49, 51, 56, 61, 63, 65, 67, 68, 73, 74, 75, 76, 79, 81, 82, 83, 85, 87, 88, 92, 93, 95, 96, 99, 100, 101, 115, 116, 124, 134, 142, 161, 167, 169, 170, 186, 202, 240, 244, 254, 260, 267, 277, 300, 303, 307, 310, 322, 331, 376, 485, 491, 493, 495, 499, 503, 504, 506, 508, 515, 518, 519, 521, 524, 526, 528, 533, 537, 539, 542, 543, 547, 548, 549, 550, 551, 553, 554, 556, 558, 559, 563, 564, 566, 567, 570, 571, 572, 586, 587, 595, 605, 613, 633, 639, 640, 641, 657, 672, 704, 717, 726, 736, 759, 761, 765, 768, 780, 788, 792, 826]","[17, 18, 19, 20, 21, 22, 23, 156, 157, 158, 159, 160, 161, 162, 163, 164, 165, 166, 167, 341, 342, 343, 344, 345, 412, 413, 414, 415, 416, 417, 418, 419, 420, 421, 422, 502, 503, 504, 505, 506, 507, 628, 629, 630, 631, 632, 633, 634, 635, 636, 637, 638, 639, 792, 797, 798, 799, 800, 801, 863, 864, 865, 866, 867, 868, 869, 870, 871, 872, 873, 874]","[17, 18, 19, 20, 21, 22, 23, 156, 157, 158, 159, 160, 161, 162, 163, 164, 165, 166, 167, 168, 340, 341, 342, 343, 344, 345, 346, 412, 413, 414, 415, 416, 417, 418, 419, 420, 421, 422, 502, 503, 504, 505, 506, 507, 628, 629, 630, 631, 632, 633, 634, 635, 636, 637, 638, 639, 792, 796, 797, 798, 799, 800, 801, 863, 864, 865, 866, 867, 868, 869, 870, 871, 872, 873, 874]","[0, 1, 2, 3, 4, 5, 6, 7, 8, 9, 10, 11, 12, 13, 14, 15, 16, 17, 18, 19, 20, 21, 22, 23, 24, 25, 26, 27, 28, 29, 30, 31, 32, 33, 34, 35, 36, 37, 38, 39, 40, 41, 42, 43, 44, 45, 46, 47, 48, 49, 50, 51, 52, 53, 54, 55, 56, 57, 58, 59, 60, 61, 62, 63, 64, 65, 66, 67, 68, 69, 70, 71, 72, 73, 74, 75, 76, 77, 78, 79, 80, 81, 82, 83, 84, 85, 86, 87, 88, 89, 90, 91, 92, 93, 94, 95, 96, 97, 98, 99, 100, 101, 102, 115, 116, 124, 134, 142, 156, 157, 158, 159, 160, 161, 162, 163, 164, 165, 166, 167, 168, 169, 170, 180, 181, 186, 202, 233, 240, 244, 254, 255, 260, 267, 277, 300, 303, 307, 310, 322, 331, 340, 341, 342, 343, 344, 345, 346, 351, 376, 412, 413, 414, 415, 416, 417, 418, 419, 420, 421, 422, 449, 454, 485, 486, 487, 488, 489, 490, 491, 492, 493, 494, 495, 496, 497, 498, 499, 500, 501, 502, 503, 504, 505, 506, 507, 508, 509, 510, 511, 512, 513, 514, 515, 516, 517, 518, 519, 520, 521, 522, 523, 524, 525, 526, 527, 528, 529, 530, 531, 532, 533, 534, 535, 536, 537, 538, 539, 540, 541, 542, 543, 544, 545, 546, 547, 548, 549, 550, 551, 552, 553, 554, 555, 556, 557, 558, 559, 560, 561, 562, 563, 564, 565, 566, 567, 568, 569, 570, 571, 572, 573, 586, 587, 595, 605, 613, 628, 629, 630, 631, 632, 633, 634, 635, 636, 637, 638, 639, 640, 641, 651, 652, 657, 672, 697, 704, 708, 717, 726, 736, 759, 761, 765, 768, 780, 788, 792, 796, 797, 798, 799, 800, 801, 806, 826, 857, 863, 864, 865, 866, 867, 868, 869, 870, 871, 872, 873, 874, 897, 901]",True,"[19, 92, 503, 563]","[0, 1, 2, 3, 4, 5, 6, 7, 8, 9, 10, 11, 12, 13, 14, 15, 16, 17, 18, 19, 20, 21, 22, 23, 24, 25, 26, 27, 28, 29, 30, 31, 32, 33, 34, 35, 36, 37, 38, 39, 40, 41, 42, 43, 44, 45, 46, 47, 48, 49, 50, 51, 52, 53, 54, 55, 56, 57, 58, 59, 60, 61, 62, 63, 64, 65, 66, 67, 68, 69, 70, 71, 72, 73, 74, 75, 76, 77, 78, 79, 80, 81, 82, 83, 84, 85, 86, 87, 88, 89, 90, 91, 92, 93, 94, 95, 96, 97, 98, 99, 100, 101, 102, 485, 486, 487, 488, 489, 490, 491, 492, 493, 494, 495, 496, 497, 498, 499, 500, 501, 502, 503, 504, 505, 506, 507, 508, 509, 510, 511, 512, 513, 514, 515, 516, 517, 518, 519, 520, 521, 522, 523, 524, 525, 526, 527, 528, 529, 530, 531, 532, 533, 534, 535, 536, 537, 538, 539, 540, 541, 542, 543, 544, 545, 546, 547, 548, 549, 550, 551, 552, 553, 554, 555, 556, 557, 558, 559, 560, 561, 562, 563, 564, 565, 566, 567, 568, 569, 570, 571, 572, 573]","[19, 92, 503, 563]","[19, 180, 181, 233, 255, 331, 341, 351, 449, 454, 503, 651, 652, 697, 708, 788, 797, 806, 857, 897, 901]","[0, 5, 7, 10, 14, 19, 20, 22, 24, 32, 33, 34, 37, 38, 40, 44, 46, 48, 49, 51, 56, 61, 63, 65, 67, 68, 73, 74, 75, 76, 79, 81, 82, 83, 85, 87, 88, 92, 93, 95, 96, 99, 100, 101, 115, 116, 124, 134, 142, 161, 167, 169, 170, 186, 202, 240, 244, 254, 260, 267, 277, 300, 303, 307, 310, 322, 331, 376, 485, 491, 493, 495, 499, 503, 504, 506, 508, 515, 518, 519, 521, 524, 526, 528, 533, 537, 539, 542, 543, 547, 548, 549, 550, 551, 553, 554, 556, 558, 559, 563, 564, 566, 567, 570, 571, 572, 586, 587, 595, 605, 613, 633, 639, 640, 641, 657, 672, 704, 717, 726, 736, 759, 761, 765, 768, 780, 788, 792, 826]","[17, 18, 19, 20, 21, 22, 23, 156, 157, 158, 159, 160, 161, 162, 163, 164, 165, 166, 167, 168, 340, 341, 342, 343, 344, 345, 346, 412, 413, 414, 415, 416, 417, 418, 419, 420, 421, 422, 502, 503, 504, 505, 506, 507, 628, 629, 630, 631, 632, 633, 634, 635, 636, 637, 638, 639, 792, 796, 797, 798, 799, 800, 801, 863, 864, 865, 866, 867, 868, 869, 870, 871, 872, 873, 874]","[17, 18, 19, 20, 21, 22, 23, 156, 157, 158, 159, 160, 161, 162, 163, 164, 165, 166, 167, 341, 342, 343, 344, 345, 412, 413, 414, 415, 416, 417, 418, 419, 420, 421, 422, 502, 503, 504, 505, 506, 507, 628, 629, 630, 631, 632, 633, 634, 635, 636, 637, 638, 639, 792, 797, 798, 799, 800, 801, 863, 864, 865, 866, 867, 868, 869, 870, 871, 872, 873, 874]",7/6 successful match,True,"[148, 149]",True,156,False,,1.0,True,Flying J Travel Plaza # 608,Flying J
Ehrenberg ( 85334 ) Flying J Travel Plaza # 608,928-923-9600 I-10 Exit 1 ( S Frontage Rd ) . FLYING J,FLYING J 24 XL 24 O,Ehrenberg,85334,Flying J Travel Plaza # 608,928-923-9600,2016,Ehrenberg,AZ,Flying J,( S Frontage Rd ) . FLYING J,I-10 Exit 1 ,Exit,1,False,,False,I-10,,,,,"[19, 503]","[19, 92, 503, 563]","[19, 92, 503, 563]","[19, 180, 181, 233, 255, 331, 341, 351, 449, 454, 503, 651, 652, 697, 708, 788, 797, 806, 857, 897, 901]","[0, 1, 2, 3, 4, 5, 6, 7, 8, 9, 10, 11, 12, 13, 14, 15, 16, 17, 18, 19, 20, 21, 22, 23, 24, 25, 26, 27, 28, 29, 30, 31, 32, 33, 34, 35, 36, 37, 38, 39, 40, 41, 42, 43, 44, 45, 46, 47, 48, 49, 50, 51, 52, 53, 54, 55, 56, 57, 58, 59, 60, 61, 62, 63, 64, 65, 66, 67, 68, 69, 70, 71, 72, 73, 74, 75, 76, 77, 78, 79, 80, 81, 82, 83, 84, 85, 86, 87, 88, 89, 90, 91, 92, 93, 94, 95, 96, 97, 98, 99, 100, 101, 102, 485, 486, 487, 488, 489, 490, 491, 492, 493, 494, 495, 496, 497, 498, 499, 500, 501, 502, 503, 504, 505, 506, 507, 508, 509, 510, 511, 512, 513, 514, 515, 516, 517, 518, 519, 520, 521, 522, 523, 524, 525, 526, 527, 528, 529, 530, 531, 532, 533, 534, 535, 536, 537, 538, 539, 540, 541, 542, 543, 544, 545, 546, 547, 548, 549, 550, 551, 552, 553, 554, 555, 556, 557, 558, 559, 560, 561, 562, 563, 564, 565, 566, 567, 568, 569, 570, 571, 572, 573]","[0, 5, 7, 10, 14, 19, 20, 22, 24, 32, 33, 34, 37, 38, 40, 44, 46, 48, 49, 51, 56, 61, 63, 65, 67, 68, 73, 74, 75, 76, 79, 81, 82, 83, 85, 87, 88, 92, 93, 95, 96, 99, 100, 101, 115, 116, 124, 134, 142, 161, 167, 169, 170, 186, 202, 240, 244, 254, 260, 267, 277, 300, 303, 307, 310, 322, 331, 376, 485, 491, 493, 495, 499, 503, 504, 506, 508, 515, 518, 519, 521, 524, 526, 528, 533, 537, 539, 542, 543, 547, 548, 549, 550, 551, 553, 554, 556, 558, 559, 563, 564, 566, 567, 570, 571, 572, 586, 587, 595, 605, 613, 633, 639, 640, 641, 657, 672, 704, 717, 726, 736, 759, 761, 765, 768, 780, 788, 792, 826]","[17, 18, 19, 20, 21, 22, 23, 156, 157, 158, 159, 160, 161, 162, 163, 164, 165, 166, 167, 341, 342, 343, 344, 345, 412, 413, 414, 415, 416, 417, 418, 419, 420, 421, 422, 502, 503, 504, 505, 506, 507, 628, 629, 630, 631, 632, 633, 634, 635, 636, 637, 638, 639, 792, 797, 798, 799, 800, 801, 863, 864, 865, 866, 867, 868, 869, 870, 871, 872, 873, 874]","[17, 18, 19, 20, 21, 22, 23, 156, 157, 158, 159, 160, 161, 162, 163, 164, 165, 166, 167, 168, 340, 341, 342, 343, 344, 345, 346, 412, 413, 414, 415, 416, 417, 418, 419, 420, 421, 422, 502, 503, 504, 505, 506, 507, 628, 629, 630, 631, 632, 633, 634, 635, 636, 637, 638, 639, 792, 796, 797, 798, 799, 800, 801, 863, 864, 865, 866, 867, 868, 869, 870, 871, 872, 873, 874]","[0, 1, 2, 3, 4, 5, 6, 7, 8, 9, 10, 11, 12, 13, 14, 15, 16, 17, 18, 19, 20, 21, 22, 23, 24, 25, 26, 27, 28, 29, 30, 31, 32, 33, 34, 35, 36, 37, 38, 39, 40, 41, 42, 43, 44, 45, 46, 47, 48, 49, 50, 51, 52, 53, 54, 55, 56, 57, 58, 59, 60, 61, 62, 63, 64, 65, 66, 67, 68, 69, 70, 71, 72, 73, 74, 75, 76, 77, 78, 79, 80, 81, 82, 83, 84, 85, 86, 87, 88, 89, 90, 91, 92, 93, 94, 95, 96, 97, 98, 99, 100, 101, 102, 115, 116, 124, 134, 142, 156, 157, 158, 159, 160, 161, 162, 163, 164, 165, 166, 167, 168, 169, 170, 180, 181, 186, 202, 233, 240, 244, 254, 255, 260, 267, 277, 300, 303, 307, 310, 322, 331, 340, 341, 342, 343, 344, 345, 346, 351, 376, 412, 413, 414, 415, 416, 417, 418, 419, 420, 421, 422, 449, 454, 485, 486, 487, 488, 489, 490, 491, 492, 493, 494, 495, 496, 497, 498, 499, 500, 501, 502, 503, 504, 505, 506, 507, 508, 509, 510, 511, 512, 513, 514, 515, 516, 517, 518, 519, 520, 521, 522, 523, 524, 525, 526, 527, 528, 529, 530, 531, 532, 533, 534, 535, 536, 537, 538, 539, 540, 541, 542, 543, 544, 545, 546, 547, 548, 549, 550, 551, 552, 553, 554, 555, 556, 557, 558, 559, 560, 561, 562, 563, 564, 565, 566, 567, 568, 569, 570, 571, 572, 573, 586, 587, 595, 605, 613, 628, 629, 630, 631, 632, 633, 634, 635, 636, 637, 638, 639, 640, 641, 651, 652, 657, 672, 697, 704, 708, 717, 726, 736, 759, 761, 765, 768, 780, 788, 792, 796, 797, 798, 799, 800, 801, 806, 826, 857, 863, 864, 865, 866, 867, 868, 869, 870, 871, 872, 873, 874, 897, 901]",True,"[19, 92, 503, 563]","[0, 1, 2, 3, 4, 5, 6, 7, 8, 9, 10, 11, 12, 13, 14, 15, 16, 17, 18, 19, 20, 21, 22, 23, 24, 25, 26, 27, 28, 29, 30, 31, 32, 33, 34, 35, 36, 37, 38, 39, 40, 41, 42, 43, 44, 45, 46, 47, 48, 49, 50, 51, 52, 53, 54, 55, 56, 57, 58, 59, 60, 61, 62, 63, 64, 65, 66, 67, 68, 69, 70, 71, 72, 73, 74, 75, 76, 77, 78, 79, 80, 81, 82, 83, 84, 85, 86, 87, 88, 89, 90, 91, 92, 93, 94, 95, 96, 97, 98, 99, 100, 101, 102, 485, 486, 487, 488, 489, 490, 491, 492, 493, 494, 495, 496, 497, 498, 499, 500, 501, 502, 503, 504, 505, 506, 507, 508, 509, 510, 511, 512, 513, 514, 515, 516, 517, 518, 519, 520, 521, 522, 523, 524, 525, 526, 527, 528, 529, 530, 531, 532, 533, 534, 535, 536, 537, 538, 539, 540, 541, 542, 543, 544, 545, 546, 547, 548, 549, 550, 551, 552, 553, 554, 555, 556, 557, 558, 559, 560, 561, 562, 563, 564, 565, 566, 567, 568, 569, 570, 571, 572, 573]","[19, 92, 503, 563]","[19, 180, 181, 233, 255, 331, 341, 351, 449, 454, 503, 651, 652, 697, 708, 788, 797, 806, 857, 897, 901]","[0, 5, 7, 10, 14, 19, 20, 22, 24, 32, 33, 34, 37, 38, 40, 44, 46, 48, 49, 51, 56, 61, 63, 65, 67, 68, 73, 74, 75, 76, 79, 81, 82, 83, 85, 87, 88, 92, 93, 95, 96, 99, 100, 101, 115, 116, 124, 134, 142, 161, 167, 169, 170, 186, 202, 240, 244, 254, 260, 267, 277, 300, 303, 307, 310, 322, 331, 376, 485, 491, 493, 495, 499, 503, 504, 506, 508, 515, 518, 519, 521, 524, 526, 528, 533, 537, 539, 542, 543, 547, 548, 549, 550, 551, 553, 554, 556, 558, 559, 563, 564, 566, 567, 570, 571, 572, 586, 587, 595, 605, 613, 633, 639, 640, 641, 657, 672, 704, 717, 726, 736, 759, 761, 765, 768, 780, 788, 792, 826]","[17, 18, 19, 20, 21, 22, 23, 156, 157, 158, 159, 160, 161, 162, 163, 164, 165, 166, 167, 168, 340, 341, 342, 343, 344, 345, 346, 412, 413, 414, 415, 416, 417, 418, 419, 420, 421, 422, 502, 503, 504, 505, 506, 507, 628, 629, 630, 631, 632, 633, 634, 635, 636, 637, 638, 639, 792, 796, 797, 798, 799, 800, 801, 863, 864, 865, 866, 867, 868, 869, 870, 871, 872, 873, 874]","[17, 18, 19, 20, 21, 22, 23, 156, 157, 158, 159, 160, 161, 162, 163, 164, 165, 166, 167, 341, 342, 343, 344, 345, 412, 413, 414, 415, 416, 417, 418, 419, 420, 421, 422, 502, 503, 504, 505, 506, 507, 628, 629, 630, 631, 632, 633, 634, 635, 636, 637, 638, 639, 792, 797, 798, 799, 800, 801, 863, 864, 865, 866, 867, 868, 869, 870, 871, 872, 873, 874]",7/6 successful match,True,"[148, 149]",True,156,False,,1.0,True,Flying J Travel Plaza # 608,Flying J
"Gila Bend , 85337 Love's Travel Stop # 296",928-683-2210 I-8 Exit 115 ( AZ 85 ),K,Gila Bend,85337,Love's Travel Stop # 296,928-683-2210,2006,Gila Bend,AZ,Love's,( AZ 85 ),I-8 Exit 115 ,Exit,115,False,,False,I-8,,,,,"[520, 39]","[25, 39, 57, 69, 486, 520, 534, 544]","[25, 39, 57, 69, 486, 520, 534, 544]","[25, 39, 230, 284, 299, 449, 486, 520, 694, 743, 758, 897]","[0, 1, 2, 3, 4, 5, 6, 7, 8, 9, 10, 11, 12, 13, 14, 15, 16, 17, 18, 19, 20, 21, 22, 23, 24, 25, 26, 27, 28, 29, 30, 31, 32, 33, 34, 35, 36, 37, 38, 39, 40, 41, 42, 43, 44, 45, 46, 47, 48, 49, 50, 51, 52, 53, 54, 55, 56, 57, 58, 59, 60, 61, 62, 63, 64, 65, 66, 67, 68, 69, 70, 71, 72, 73, 74, 75, 76, 77, 78, 79, 80, 81, 82, 83, 84, 85, 86, 87, 88, 89, 90, 91, 92, 93, 94, 95, 96, 97, 98, 99, 100, 101, 102, 485, 486, 487, 488, 489, 490, 491, 492, 493, 494, 495, 496, 497, 498, 499, 500, 501, 502, 503, 504, 505, 506, 507, 508, 509, 510, 511, 512, 513, 514, 515, 516, 517, 518, 519, 520, 521, 522, 523, 524, 525, 526, 527, 528, 529, 530, 531, 532, 533, 534, 535, 536, 537, 538, 539, 540, 541, 542, 543, 544, 545, 546, 547, 548, 549, 550, 551, 552, 553, 554, 555, 556, 557, 558, 559, 560, 561, 562, 563, 564, 565, 566, 567, 568, 569, 570, 571, 572, 573]","[17, 25, 39, 41, 50, 55, 57, 59, 69, 78, 119, 174, 188, 189, 220, 250, 299, 486, 502, 520, 522, 532, 534, 535, 544, 590, 645, 659, 660, 713, 758]","[34, 35, 36, 37, 38, 39, 40, 41, 42, 43, 44, 45, 46, 47, 48, 201, 202, 203, 204, 205, 206, 207, 208, 209, 210, 211, 212, 213, 214, 215, 216, 355, 356, 357, 358, 359, 360, 361, 429, 430, 431, 432, 433, 434, 435, 515, 516, 517, 518, 519, 520, 521, 522, 523, 524, 525, 526, 527, 672, 673, 674, 675, 676, 677, 678, 679, 680, 681, 682, 683, 684, 810, 811, 812, 813, 814, 881, 882, 883, 884, 885, 886]","[32, 33, 34, 35, 36, 37, 38, 39, 40, 41, 42, 43, 44, 45, 46, 47, 48, 201, 202, 203, 204, 205, 206, 207, 208, 209, 210, 211, 212, 213, 214, 215, 216, 355, 356, 357, 358, 359, 360, 361, 429, 430, 431, 432, 433, 434, 435, 515, 516, 517, 518, 519, 520, 521, 522, 523, 524, 525, 526, 527, 672, 673, 674, 675, 676, 677, 678, 679, 680, 681, 682, 683, 684, 810, 811, 812, 813, 814, 881, 882, 883, 884, 885, 886]","[0, 1, 2, 3, 4, 5, 6, 7, 520, 8, 9, 10, 11, 12, 13, 14, 15, 16, 17, 18, 19, 20, 534, 21, 22, 25, 23, 24, 26, 27, 28, 29, 544, 30, 31, 32, 33, 34, 35, 39, 36, 37, 38, 40, 41, 42, 43, 44, 45, 46, 47, 48, 49, 50, 51, 52, 53, 57, 54, 55, 56, 58, 59, 60, 61, 62, 63, 64, 65, 69, 66, 67, 68, 70, 71, 72, 73, 74, 75, 76, 77, 78, 79, 80, 81, 82, 83, 84, 85, 86, 87, 88, 89, 90, 91, 92, 93, 94, 95, 96, 97, 98, 99, 100, 101, 102, 528, 529, 530, 513, 531, 532, 119, 533, 535, 645, 514, 536, 537, 538, 659, 660, 539, 540, 672, 515, 541, 673, 674, 675, 676, 542, 677, 678, 679, 680, 543, 681, 174, 682, 683, 684, 694, 545, 516, 546, 188, 189, 547, 548, 713, 201, 549, 202, 203, 204, 205, 550, 206, 207, 517, 208, 551, 209, 210, 211, 212, 552, 213, 220, 214, 215, 553, 216, 554, 230, 743, 555, 518, 556, 557, 758, 558, 250, 559, 560, 519, 561, 562, 563, 564, 565, 284, 566, 567, 568, 299, 810, 811, 812, 569, 813, 814, 570, 521, 571, 572, 573, 522, 355, 356, 357, 358, 359, 360, 523, 361, 881, 882, 883, 884, 885, 886, 897, 524, 590, 525, 429, 430, 512, 431, 432, 433, 434, 526, 435, 449, 527, 485, 486, 487, 488, 489, 490, 491, 492, 493, 494, 495, 496, 497, 498, 499, 500, 501, 502, 503, 504, 505, 506, 507, 508, 509, 510, 511]",True,"[25, 39, 57, 69, 486, 520, 534, 544]","[0, 1, 2, 3, 4, 5, 6, 7, 8, 9, 10, 11, 12, 13, 14, 15, 16, 17, 18, 19, 20, 21, 22, 23, 24, 25, 26, 27, 28, 29, 30, 31, 32, 33, 34, 35, 36, 37, 38, 39, 40, 41, 42, 43, 44, 45, 46, 47, 48, 49, 50, 51, 52, 53, 54, 55, 56, 57, 58, 59, 60, 61, 62, 63, 64, 65, 66, 67, 68, 69, 70, 71, 72, 73, 74, 75, 76, 77, 78, 79, 80, 81, 82, 83, 84, 85, 86, 87, 88, 89, 90, 91, 92, 93, 94, 95, 96, 97, 98, 99, 100, 101, 102, 485, 486, 487, 488, 489, 490, 491, 492, 493, 494, 495, 496, 497, 498, 499, 500, 501, 502, 503, 504, 505, 506, 507, 508, 509, 510, 511, 512, 513, 514, 515, 516, 517, 518, 519, 520, 521, 522, 523, 524, 525, 526, 527, 528, 529, 530, 531, 532, 533, 534, 535, 536, 537, 538, 539, 540, 541, 542, 543, 544, 545, 546, 547, 548, 549, 550, 551, 552, 553, 554, 555, 556, 557, 558, 559, 560, 561, 562, 563, 564, 565, 566, 567, 568, 569, 570, 571, 572, 573]","[25, 39, 57, 69, 486, 520, 534, 544]","[25, 39, 230, 284, 299, 449, 486, 520, 694, 743, 758, 897]","[17, 25, 39, 41, 50, 55, 57, 59, 69, 78, 119, 174, 188, 189, 220, 250, 299, 486, 502, 520, 522, 532, 534, 535, 544, 590, 645, 659, 660, 713, 758]","[32, 33, 34, 35, 36, 37, 38, 39, 40, 41, 42, 43, 44, 45, 46, 47, 48, 201, 202, 203, 204, 205, 206, 207, 208, 209, 210, 211, 212, 213, 214, 215, 216, 355, 356, 357, 358, 359, 360, 361, 429, 430, 431, 432, 433, 434, 435, 515, 516, 517, 518, 519, 520, 521, 522, 523, 524, 525, 526, 527, 672, 673, 674, 675, 676, 677, 678, 679, 680, 681, 682, 683, 684, 810, 811, 812, 813, 814, 881, 882, 883, 884, 885, 886]","[34, 35, 36, 37, 38, 39, 40, 41, 42, 43, 44, 45, 46, 47, 48, 201, 202, 203, 204, 205, 206, 207, 208, 209, 210, 211, 212, 213, 214, 215, 216, 355, 356, 357, 358, 359, 360, 361, 429, 430, 431, 432, 433, 434, 435, 515, 516, 517, 518, 519, 520, 521, 522, 523, 524, 525, 526, 527, 672, 673, 674, 675, 676, 677, 678, 679, 680, 681, 682, 683, 684, 810, 811, 812, 813, 814, 881, 882, 883, 884, 885, 886]",7/6 successful match,True,[341],True,157,False,,,,,
"Gila Bend , 85337 Love's Travel Stop # 296",928-683-2210 I-8 Exit 115 ( AZ 85 ),MOO,Gila Bend,85337,Love's Travel Stop # 296,928-683-2210,2007,Gila Bend,AZ,Love's,( AZ 85 ),I-8 Exit 115 ,Exit,115,False,,False,I-8,,,,,"[520, 39]","[25, 39, 57, 69, 486, 520, 534, 544]","[25, 39, 57, 69, 486, 520, 534, 544]","[25, 39, 230, 284, 299, 449, 486, 520, 694, 743, 758, 897]","[0, 1, 2, 3, 4, 5, 6, 7, 8, 9, 10, 11, 12, 13, 14, 15, 16, 17, 18, 19, 20, 21, 22, 23, 24, 25, 26, 27, 28, 29, 30, 31, 32, 33, 34, 35, 36, 37, 38, 39, 40, 41, 42, 43, 44, 45, 46, 47, 48, 49, 50, 51, 52, 53, 54, 55, 56, 57, 58, 59, 60, 61, 62, 63, 64, 65, 66, 67, 68, 69, 70, 71, 72, 73, 74, 75, 76, 77, 78, 79, 80, 81, 82, 83, 84, 85, 86, 87, 88, 89, 90, 91, 92, 93, 94, 95, 96, 97, 98, 99, 100, 101, 102, 485, 486, 487, 488, 489, 490, 491, 492, 493, 494, 495, 496, 497, 498, 499, 500, 501, 502, 503, 504, 505, 506, 507, 508, 509, 510, 511, 512, 513, 514, 515, 516, 517, 518, 519, 520, 521, 522, 523, 524, 525, 526, 527, 528, 529, 530, 531, 532, 533, 534, 535, 536, 537, 538, 539, 540, 541, 542, 543, 544, 545, 546, 547, 548, 549, 550, 551, 552, 553, 554, 555, 556, 557, 558, 559, 560, 561, 562, 563, 564, 565, 566, 567, 568, 569, 570, 571, 572, 573]","[17, 25, 39, 41, 50, 55, 57, 59, 69, 78, 119, 174, 188, 189, 220, 250, 299, 486, 502, 520, 522, 532, 534, 535, 544, 590, 645, 659, 660, 713, 758]","[34, 35, 36, 37, 38, 39, 40, 41, 42, 43, 44, 45, 46, 47, 48, 201, 202, 203, 204, 205, 206, 207, 208, 209, 210, 211, 212, 213, 214, 215, 216, 355, 356, 357, 358, 359, 360, 361, 429, 430, 431, 432, 433, 434, 435, 515, 516, 517, 518, 519, 520, 521, 522, 523, 524, 525, 526, 527, 672, 673, 674, 675, 676, 677, 678, 679, 680, 681, 682, 683, 684, 810, 811, 812, 813, 814, 881, 882, 883, 884, 885, 886]","[32, 33, 34, 35, 36, 37, 38, 39, 40, 41, 42, 43, 44, 45, 46, 47, 48, 201, 202, 203, 204, 205, 206, 207, 208, 209, 210, 211, 212, 213, 214, 215, 216, 355, 356, 357, 358, 359, 360, 361, 429, 430, 431, 432, 433, 434, 435, 515, 516, 517, 518, 519, 520, 521, 522, 523, 524, 525, 526, 527, 672, 673, 674, 675, 676, 677, 678, 679, 680, 681, 682, 683, 684, 810, 811, 812, 813, 814, 881, 882, 883, 884, 885, 886]","[0, 1, 2, 3, 4, 5, 6, 7, 520, 8, 9, 10, 11, 12, 13, 14, 15, 16, 17, 18, 19, 20, 534, 21, 22, 25, 23, 24, 26, 27, 28, 29, 544, 30, 31, 32, 33, 34, 35, 39, 36, 37, 38, 40, 41, 42, 43, 44, 45, 46, 47, 48, 49, 50, 51, 52, 53, 57, 54, 55, 56, 58, 59, 60, 61, 62, 63, 64, 65, 69, 66, 67, 68, 70, 71, 72, 73, 74, 75, 76, 77, 78, 79, 80, 81, 82, 83, 84, 85, 86, 87, 88, 89, 90, 91, 92, 93, 94, 95, 96, 97, 98, 99, 100, 101, 102, 528, 529, 530, 513, 531, 532, 119, 533, 535, 645, 514, 536, 537, 538, 659, 660, 539, 540, 672, 515, 541, 673, 674, 675, 676, 542, 677, 678, 679, 680, 543, 681, 174, 682, 683, 684, 694, 545, 516, 546, 188, 189, 547, 548, 713, 201, 549, 202, 203, 204, 205, 550, 206, 207, 517, 208, 551, 209, 210, 211, 212, 552, 213, 220, 214, 215, 553, 216, 554, 230, 743, 555, 518, 556, 557, 758, 558, 250, 559, 560, 519, 561, 562, 563, 564, 565, 284, 566, 567, 568, 299, 810, 811, 812, 569, 813, 814, 570, 521, 571, 572, 573, 522, 355, 356, 357, 358, 359, 360, 523, 361, 881, 882, 883, 884, 885, 886, 897, 524, 590, 525, 429, 430, 512, 431, 432, 433, 434, 526, 435, 449, 527, 485, 486, 487, 488, 489, 490, 491, 492, 493, 494, 495, 496, 497, 498, 499, 500, 501, 502, 503, 504, 505, 506, 507, 508, 509, 510, 511]",True,"[25, 39, 57, 69, 486, 520, 534, 544]","[0, 1, 2, 3, 4, 5, 6, 7, 8, 9, 10, 11, 12, 13, 14, 15, 16, 17, 18, 19, 20, 21, 22, 23, 24, 25, 26, 27, 28, 29, 30, 31, 32, 33, 34, 35, 36, 37, 38, 39, 40, 41, 42, 43, 44, 45, 46, 47, 48, 49, 50, 51, 52, 53, 54, 55, 56, 57, 58, 59, 60, 61, 62, 63, 64, 65, 66, 67, 68, 69, 70, 71, 72, 73, 74, 75, 76, 77, 78, 79, 80, 81, 82, 83, 84, 85, 86, 87, 88, 89, 90, 91, 92, 93, 94, 95, 96, 97, 98, 99, 100, 101, 102, 485, 486, 487, 488, 489, 490, 491, 492, 493, 494, 495, 496, 497, 498, 499, 500, 501, 502, 503, 504, 505, 506, 507, 508, 509, 510, 511, 512, 513, 514, 515, 516, 517, 518, 519, 520, 521, 522, 523, 524, 525, 526, 527, 528, 529, 530, 531, 532, 533, 534, 535, 536, 537, 538, 539, 540, 541, 542, 543, 544, 545, 546, 547, 548, 549, 550, 551, 552, 553, 554, 555, 556, 557, 558, 559, 560, 561, 562, 563, 564, 565, 566, 567, 568, 569, 570, 571, 572, 573]","[25, 39, 57, 69, 486, 520, 534, 544]","[25, 39, 230, 284, 299, 449, 486, 520, 694, 743, 758, 897]","[17, 25, 39, 41, 50, 55, 57, 59, 69, 78, 119, 174, 188, 189, 220, 250, 299, 486, 502, 520, 522, 532, 534, 535, 544, 590, 645, 659, 660, 713, 758]","[32, 33, 34, 35, 36, 37, 38, 39, 40, 41, 42, 43, 44, 45, 46, 47, 48, 201, 202, 203, 204, 205, 206, 207, 208, 209, 210, 211, 212, 213, 214, 215, 216, 355, 356, 357, 358, 359, 360, 361, 429, 430, 431, 432, 433, 434, 435, 515, 516, 517, 518, 519, 520, 521, 522, 523, 524, 525, 526, 527, 672, 673, 674, 675, 676, 677, 678, 679, 680, 681, 682, 683, 684, 810, 811, 812, 813, 814, 881, 882, 883, 884, 885, 886]","[34, 35, 36, 37, 38, 39, 40, 41, 42, 43, 44, 45, 46, 47, 48, 201, 202, 203, 204, 205, 206, 207, 208, 209, 210, 211, 212, 213, 214, 215, 216, 355, 356, 357, 358, 359, 360, 361, 429, 430, 431, 432, 433, 434, 435, 515, 516, 517, 518, 519, 520, 521, 522, 523, 524, 525, 526, 527, 672, 673, 674, 675, 676, 677, 678, 679, 680, 681, 682, 683, 684, 810, 811, 812, 813, 814, 881, 882, 883, 884, 885, 886]",7/6 successful match,True,[341],True,157,False,,1.0,True,Love's Travel Stop # 296,Love's
"Gila Bend , 85337 Love's Travel Stop # 296",928-683-2210 I-8 Exit 115 ( AZ 85 ),24 HRS M,Gila Bend,85337,Love's Travel Stop # 296,928-683-2210,2008,Gila Bend,AZ,Love's,( AZ 85 ),I-8 Exit 115 ,Exit,115,False,,False,I-8,,,,,"[520, 39]","[25, 39, 57, 69, 486, 520, 534, 544]","[25, 39, 57, 69, 486, 520, 534, 544]","[25, 39, 230, 284, 299, 449, 486, 520, 694, 743, 758, 897]","[0, 1, 2, 3, 4, 5, 6, 7, 8, 9, 10, 11, 12, 13, 14, 15, 16, 17, 18, 19, 20, 21, 22, 23, 24, 25, 26, 27, 28, 29, 30, 31, 32, 33, 34, 35, 36, 37, 38, 39, 40, 41, 42, 43, 44, 45, 46, 47, 48, 49, 50, 51, 52, 53, 54, 55, 56, 57, 58, 59, 60, 61, 62, 63, 64, 65, 66, 67, 68, 69, 70, 71, 72, 73, 74, 75, 76, 77, 78, 79, 80, 81, 82, 83, 84, 85, 86, 87, 88, 89, 90, 91, 92, 93, 94, 95, 96, 97, 98, 99, 100, 101, 102, 485, 486, 487, 488, 489, 490, 491, 492, 493, 494, 495, 496, 497, 498, 499, 500, 501, 502, 503, 504, 505, 506, 507, 508, 509, 510, 511, 512, 513, 514, 515, 516, 517, 518, 519, 520, 521, 522, 523, 524, 525, 526, 527, 528, 529, 530, 531, 532, 533, 534, 535, 536, 537, 538, 539, 540, 541, 542, 543, 544, 545, 546, 547, 548, 549, 550, 551, 552, 553, 554, 555, 556, 557, 558, 559, 560, 561, 562, 563, 564, 565, 566, 567, 568, 569, 570, 571, 572, 573]","[17, 25, 39, 41, 50, 55, 57, 59, 69, 78, 119, 174, 188, 189, 220, 250, 299, 486, 502, 520, 522, 532, 534, 535, 544, 590, 645, 659, 660, 713, 758]","[34, 35, 36, 37, 38, 39, 40, 41, 42, 43, 44, 45, 46, 47, 48, 201, 202, 203, 204, 205, 206, 207, 208, 209, 210, 211, 212, 213, 214, 215, 216, 355, 356, 357, 358, 359, 360, 361, 429, 430, 431, 432, 433, 434, 435, 515, 516, 517, 518, 519, 520, 521, 522, 523, 524, 525, 526, 527, 672, 673, 674, 675, 676, 677, 678, 679, 680, 681, 682, 683, 684, 810, 811, 812, 813, 814, 881, 882, 883, 884, 885, 886]","[32, 33, 34, 35, 36, 37, 38, 39, 40, 41, 42, 43, 44, 45, 46, 47, 48, 201, 202, 203, 204, 205, 206, 207, 208, 209, 210, 211, 212, 213, 214, 215, 216, 355, 356, 357, 358, 359, 360, 361, 429, 430, 431, 432, 433, 434, 435, 515, 516, 517, 518, 519, 520, 521, 522, 523, 524, 525, 526, 527, 672, 673, 674, 675, 676, 677, 678, 679, 680, 681, 682, 683, 684, 810, 811, 812, 813, 814, 881, 882, 883, 884, 885, 886]","[0, 1, 2, 3, 4, 5, 6, 7, 520, 8, 9, 10, 11, 12, 13, 14, 15, 16, 17, 18, 19, 20, 534, 21, 22, 25, 23, 24, 26, 27, 28, 29, 544, 30, 31, 32, 33, 34, 35, 39, 36, 37, 38, 40, 41, 42, 43, 44, 45, 46, 47, 48, 49, 50, 51, 52, 53, 57, 54, 55, 56, 58, 59, 60, 61, 62, 63, 64, 65, 69, 66, 67, 68, 70, 71, 72, 73, 74, 75, 76, 77, 78, 79, 80, 81, 82, 83, 84, 85, 86, 87, 88, 89, 90, 91, 92, 93, 94, 95, 96, 97, 98, 99, 100, 101, 102, 528, 529, 530, 513, 531, 532, 119, 533, 535, 645, 514, 536, 537, 538, 659, 660, 539, 540, 672, 515, 541, 673, 674, 675, 676, 542, 677, 678, 679, 680, 543, 681, 174, 682, 683, 684, 694, 545, 516, 546, 188, 189, 547, 548, 713, 201, 549, 202, 203, 204, 205, 550, 206, 207, 517, 208, 551, 209, 210, 211, 212, 552, 213, 220, 214, 215, 553, 216, 554, 230, 743, 555, 518, 556, 557, 758, 558, 250, 559, 560, 519, 561, 562, 563, 564, 565, 284, 566, 567, 568, 299, 810, 811, 812, 569, 813, 814, 570, 521, 571, 572, 573, 522, 355, 356, 357, 358, 359, 360, 523, 361, 881, 882, 883, 884, 885, 886, 897, 524, 590, 525, 429, 430, 512, 431, 432, 433, 434, 526, 435, 449, 527, 485, 486, 487, 488, 489, 490, 491, 492, 493, 494, 495, 496, 497, 498, 499, 500, 501, 502, 503, 504, 505, 506, 507, 508, 509, 510, 511]",True,"[25, 39, 57, 69, 486, 520, 534, 544]","[0, 1, 2, 3, 4, 5, 6, 7, 8, 9, 10, 11, 12, 13, 14, 15, 16, 17, 18, 19, 20, 21, 22, 23, 24, 25, 26, 27, 28, 29, 30, 31, 32, 33, 34, 35, 36, 37, 38, 39, 40, 41, 42, 43, 44, 45, 46, 47, 48, 49, 50, 51, 52, 53, 54, 55, 56, 57, 58, 59, 60, 61, 62, 63, 64, 65, 66, 67, 68, 69, 70, 71, 72, 73, 74, 75, 76, 77, 78, 79, 80, 81, 82, 83, 84, 85, 86, 87, 88, 89, 90, 91, 92, 93, 94, 95, 96, 97, 98, 99, 100, 101, 102, 485, 486, 487, 488, 489, 490, 491, 492, 493, 494, 495, 496, 497, 498, 499, 500, 501, 502, 503, 504, 505, 506, 507, 508, 509, 510, 511, 512, 513, 514, 515, 516, 517, 518, 519, 520, 521, 522, 523, 524, 525, 526, 527, 528, 529, 530, 531, 532, 533, 534, 535, 536, 537, 538, 539, 540, 541, 542, 543, 544, 545, 546, 547, 548, 549, 550, 551, 552, 553, 554, 555, 556, 557, 558, 559, 560, 561, 562, 563, 564, 565, 566, 567, 568, 569, 570, 571, 572, 573]","[25, 39, 57, 69, 486, 520, 534, 544]","[25, 39, 230, 284, 299, 449, 486, 520, 694, 743, 758, 897]","[17, 25, 39, 41, 50, 55, 57, 59, 69, 78, 119, 174, 188, 189, 220, 250, 299, 486, 502, 520, 522, 532, 534, 535, 544, 590, 645, 659, 660, 713, 758]","[32, 33, 34, 35, 36, 37, 38, 39, 40, 41, 42, 43, 44, 45, 46, 47, 48, 201, 202, 203, 204, 205, 206, 207, 208, 209, 210, 211, 212, 213, 214, 215, 216, 355, 356, 357, 358, 359, 360, 361, 429, 430, 431, 432, 433, 434, 435, 515, 516, 517, 518, 519, 520, 521, 522, 523, 524, 525, 526, 527, 672, 673, 674, 675, 676, 677, 678, 679, 680, 681, 682, 683, 684, 810, 811, 812, 813, 814, 881, 882, 883, 884, 885, 886]","[34, 35, 36, 37, 38, 39, 40, 41, 42, 43, 44, 45, 46, 47, 48, 201, 202, 203, 204, 205, 206, 207, 208, 209, 210, 211, 212, 213, 214, 215, 216, 355, 356, 357, 358, 359, 360, 361, 429, 430, 431, 432, 433, 434, 435, 515, 516, 517, 518, 519, 520, 521, 522, 523, 524, 525, 526, 527, 672, 673, 674, 675, 676, 677, 678, 679, 680, 681, 682, 683, 684, 810, 811, 812, 813, 814, 881, 882, 883, 884, 885, 886]",7/6 successful match,True,[341],True,157,False,,1.0,True,Love's Travel Stop # 296,Love's
G Gila Bend ( 85337 ) Love's Travel Stop # 296,3 928-683-2210 I-8 Exit 115 ( AZ 85 N ),24 225 <U+2610> MOO,Gila Bend,85337,Love's Travel Stop # 296,928-683-2210,2014,Gila Bend,AZ,Love's,( AZ 85 N ),I-8 Exit 115 ,Exit,115,False,,False,I-8,,,,,"[520, 39]","[25, 39, 57, 69, 486, 520, 534, 544]","[25, 39, 57, 69, 486, 520, 534, 544]","[25, 39, 230, 284, 299, 449, 486, 520, 694, 743, 758, 897]","[0, 1, 2, 3, 4, 5, 6, 7, 8, 9, 10, 11, 12, 13, 14, 15, 16, 17, 18, 19, 20, 21, 22, 23, 24, 25, 26, 27, 28, 29, 30, 31, 32, 33, 34, 35, 36, 37, 38, 39, 40, 41, 42, 43, 44, 45, 46, 47, 48, 49, 50, 51, 52, 53, 54, 55, 56, 57, 58, 59, 60, 61, 62, 63, 64, 65, 66, 67, 68, 69, 70, 71, 72, 73, 74, 75, 76, 77, 78, 79, 80, 81, 82, 83, 84, 85, 86, 87, 88, 89, 90, 91, 92, 93, 94, 95, 96, 97, 98, 99, 100, 101, 102, 485, 486, 487, 488, 489, 490, 491, 492, 493, 494, 495, 496, 497, 498, 499, 500, 501, 502, 503, 504, 505, 506, 507, 508, 509, 510, 511, 512, 513, 514, 515, 516, 517, 518, 519, 520, 521, 522, 523, 524, 525, 526, 527, 528, 529, 530, 531, 532, 533, 534, 535, 536, 537, 538, 539, 540, 541, 542, 543, 544, 545, 546, 547, 548, 549, 550, 551, 552, 553, 554, 555, 556, 557, 558, 559, 560, 561, 562, 563, 564, 565, 566, 567, 568, 569, 570, 571, 572, 573]","[17, 25, 39, 41, 50, 55, 57, 59, 69, 78, 119, 174, 188, 189, 220, 250, 299, 486, 502, 520, 522, 532, 534, 535, 544, 590, 645, 659, 660, 713, 758]","[34, 35, 36, 37, 38, 39, 40, 41, 42, 43, 44, 45, 46, 47, 48, 201, 202, 203, 204, 205, 206, 207, 208, 209, 210, 211, 212, 213, 214, 215, 216, 355, 356, 357, 358, 359, 360, 361, 429, 430, 431, 432, 433, 434, 435, 515, 516, 517, 518, 519, 520, 521, 522, 523, 524, 525, 526, 527, 672, 673, 674, 675, 676, 677, 678, 679, 680, 681, 682, 683, 684, 810, 811, 812, 813, 814, 881, 882, 883, 884, 885, 886]","[32, 33, 34, 35, 36, 37, 38, 39, 40, 41, 42, 43, 44, 45, 46, 47, 48, 201, 202, 203, 204, 205, 206, 207, 208, 209, 210, 211, 212, 213, 214, 215, 216, 355, 356, 357, 358, 359, 360, 361, 429, 430, 431, 432, 433, 434, 435, 515, 516, 517, 518, 519, 520, 521, 522, 523, 524, 525, 526, 527, 672, 673, 674, 675, 676, 677, 678, 679, 680, 681, 682, 683, 684, 810, 811, 812, 813, 814, 881, 882, 883, 884, 885, 886]","[0, 1, 2, 3, 4, 5, 6, 7, 520, 8, 9, 10, 11, 12, 13, 14, 15, 16, 17, 18, 19, 20, 534, 21, 22, 25, 23, 24, 26, 27, 28, 29, 544, 30, 31, 32, 33, 34, 35, 39, 36, 37, 38, 40, 41, 42, 43, 44, 45, 46, 47, 48, 49, 50, 51, 52, 53, 57, 54, 55, 56, 58, 59, 60, 61, 62, 63, 64, 65, 69, 66, 67, 68, 70, 71, 72, 73, 74, 75, 76, 77, 78, 79, 80, 81, 82, 83, 84, 85, 86, 87, 88, 89, 90, 91, 92, 93, 94, 95, 96, 97, 98, 99, 100, 101, 102, 528, 529, 530, 513, 531, 532, 119, 533, 535, 645, 514, 536, 537, 538, 659, 660, 539, 540, 672, 515, 541, 673, 674, 675, 676, 542, 677, 678, 679, 680, 543, 681, 174, 682, 683, 684, 694, 545, 516, 546, 188, 189, 547, 548, 713, 201, 549, 202, 203, 204, 205, 550, 206, 207, 517, 208, 551, 209, 210, 211, 212, 552, 213, 220, 214, 215, 553, 216, 554, 230, 743, 555, 518, 556, 557, 758, 558, 250, 559, 560, 519, 561, 562, 563, 564, 565, 284, 566, 567, 568, 299, 810, 811, 812, 569, 813, 814, 570, 521, 571, 572, 573, 522, 355, 356, 357, 358, 359, 360, 523, 361, 881, 882, 883, 884, 885, 886, 897, 524, 590, 525, 429, 430, 512, 431, 432, 433, 434, 526, 435, 449, 527, 485, 486, 487, 488, 489, 490, 491, 492, 493, 494, 495, 496, 497, 498, 499, 500, 501, 502, 503, 504, 505, 506, 507, 508, 509, 510, 511]",True,"[25, 39, 57, 69, 486, 520, 534, 544]","[0, 1, 2, 3, 4, 5, 6, 7, 8, 9, 10, 11, 12, 13, 14, 15, 16, 17, 18, 19, 20, 21, 22, 23, 24, 25, 26, 27, 28, 29, 30, 31, 32, 33, 34, 35, 36, 37, 38, 39, 40, 41, 42, 43, 44, 45, 46, 47, 48, 49, 50, 51, 52, 53, 54, 55, 56, 57, 58, 59, 60, 61, 62, 63, 64, 65, 66, 67, 68, 69, 70, 71, 72, 73, 74, 75, 76, 77, 78, 79, 80, 81, 82, 83, 84, 85, 86, 87, 88, 89, 90, 91, 92, 93, 94, 95, 96, 97, 98, 99, 100, 101, 102, 485, 486, 487, 488, 489, 490, 491, 492, 493, 494, 495, 496, 497, 498, 499, 500, 501, 502, 503, 504, 505, 506, 507, 508, 509, 510, 511, 512, 513, 514, 515, 516, 517, 518, 519, 520, 521, 522, 523, 524, 525, 526, 527, 528, 529, 530, 531, 532, 533, 534, 535, 536, 537, 538, 539, 540, 541, 542, 543, 544, 545, 546, 547, 548, 549, 550, 551, 552, 553, 554, 555, 556, 557, 558, 559, 560, 561, 562, 563, 564, 565, 566, 567, 568, 569, 570, 571, 572, 573]","[25, 39, 57, 69, 486, 520, 534, 544]","[25, 39, 230, 284, 299, 449, 486, 520, 694, 743, 758, 897]","[17, 25, 39, 41, 50, 55, 57, 59, 69, 78, 119, 174, 188, 189, 220, 250, 299, 486, 502, 520, 522, 532, 534, 535, 544, 590, 645, 659, 660, 713, 758]","[32, 33, 34, 35, 36, 37, 38, 39, 40, 41, 42, 43, 44, 45, 46, 47, 48, 201, 202, 203, 204, 205, 206, 207, 208, 209, 210, 211, 212, 213, 214, 215, 216, 355, 356, 357, 358, 359, 360, 361, 429, 430, 431, 432, 433, 434, 435, 515, 516, 517, 518, 519, 520, 521, 522, 523, 524, 525, 526, 527, 672, 673, 674, 675, 676, 677, 678, 679, 680, 681, 682, 683, 684, 810, 811, 812, 813, 814, 881, 882, 883, 884, 885, 886]","[34, 35, 36, 37, 38, 39, 40, 41, 42, 43, 44, 45, 46, 47, 48, 201, 202, 203, 204, 205, 206, 207, 208, 209, 210, 211, 212, 213, 214, 215, 216, 355, 356, 357, 358, 359, 360, 361, 429, 430, 431, 432, 433, 434, 435, 515, 516, 517, 518, 519, 520, 521, 522, 523, 524, 525, 526, 527, 672, 673, 674, 675, 676, 677, 678, 679, 680, 681, 682, 683, 684, 810, 811, 812, 813, 814, 881, 882, 883, 884, 885, 886]",7/6 successful match,True,[341],True,157,False,,1.0,True,Love's Travel Stop # 296,Love's
G Gila Bend ( 85337 ) Love's Travel Stop # 296,3 928-683-2210 I-8 Exit 115 ( AZ 85 N ),24 <U+2610> M,Gila Bend,85337,Love's Travel Stop # 296,928-683-2210,2015,Gila Bend,AZ,Love's,( AZ 85 N ),I-8 Exit 115 ,Exit,115,False,,False,I-8,,,,,"[520, 39]","[25, 39, 57, 69, 486, 520, 534, 544]","[25, 39, 57, 69, 486, 520, 534, 544]","[25, 39, 230, 284, 299, 449, 486, 520, 694, 743, 758, 897]","[0, 1, 2, 3, 4, 5, 6, 7, 8, 9, 10, 11, 12, 13, 14, 15, 16, 17, 18, 19, 20, 21, 22, 23, 24, 25, 26, 27, 28, 29, 30, 31, 32, 33, 34, 35, 36, 37, 38, 39, 40, 41, 42, 43, 44, 45, 46, 47, 48, 49, 50, 51, 52, 53, 54, 55, 56, 57, 58, 59, 60, 61, 62, 63, 64, 65, 66, 67, 68, 69, 70, 71, 72, 73, 74, 75, 76, 77, 78, 79, 80, 81, 82, 83, 84, 85, 86, 87, 88, 89, 90, 91, 92, 93, 94, 95, 96, 97, 98, 99, 100, 101, 102, 485, 486, 487, 488, 489, 490, 491, 492, 493, 494, 495, 496, 497, 498, 499, 500, 501, 502, 503, 504, 505, 506, 507, 508, 509, 510, 511, 512, 513, 514, 515, 516, 517, 518, 519, 520, 521, 522, 523, 524, 525, 526, 527, 528, 529, 530, 531, 532, 533, 534, 535, 536, 537, 538, 539, 540, 541, 542, 543, 544, 545, 546, 547, 548, 549, 550, 551, 552, 553, 554, 555, 556, 557, 558, 559, 560, 561, 562, 563, 564, 565, 566, 567, 568, 569, 570, 571, 572, 573]","[17, 25, 39, 41, 50, 55, 57, 59, 69, 78, 119, 174, 188, 189, 220, 250, 299, 486, 502, 520, 522, 532, 534, 535, 544, 590, 645, 659, 660, 713, 758]","[34, 35, 36, 37, 38, 39, 40, 41, 42, 43, 44, 45, 46, 47, 48, 201, 202, 203, 204, 205, 206, 207, 208, 209, 210, 211, 212, 213, 214, 215, 216, 355, 356, 357, 358, 359, 360, 361, 429, 430, 431, 432, 433, 434, 435, 515, 516, 517, 518, 519, 520, 521, 522, 523, 524, 525, 526, 527, 672, 673, 674, 675, 676, 677, 678, 679, 680, 681, 682, 683, 684, 810, 811, 812, 813, 814, 881, 882, 883, 884, 885, 886]","[32, 33, 34, 35, 36, 37, 38, 39, 40, 41, 42, 43, 44, 45, 46, 47, 48, 201, 202, 203, 204, 205, 206, 207, 208, 209, 210, 211, 212, 213, 214, 215, 216, 355, 356, 357, 358, 359, 360, 361, 429, 430, 431, 432, 433, 434, 435, 515, 516, 517, 518, 519, 520, 521, 522, 523, 524, 525, 526, 527, 672, 673, 674, 675, 676, 677, 678, 679, 680, 681, 682, 683, 684, 810, 811, 812, 813, 814, 881, 882, 883, 884, 885, 886]","[0, 1, 2, 3, 4, 5, 6, 7, 520, 8, 9, 10, 11, 12, 13, 14, 15, 16, 17, 18, 19, 20, 534, 21, 22, 25, 23, 24, 26, 27, 28, 29, 544, 30, 31, 32, 33, 34, 35, 39, 36, 37, 38, 40, 41, 42, 43, 44, 45, 46, 47, 48, 49, 50, 51, 52, 53, 57, 54, 55, 56, 58, 59, 60, 61, 62, 63, 64, 65, 69, 66, 67, 68, 70, 71, 72, 73, 74, 75, 76, 77, 78, 79, 80, 81, 82, 83, 84, 85, 86, 87, 88, 89, 90, 91, 92, 93, 94, 95, 96, 97, 98, 99, 100, 101, 102, 528, 529, 530, 513, 531, 532, 119, 533, 535, 645, 514, 536, 537, 538, 659, 660, 539, 540, 672, 515, 541, 673, 674, 675, 676, 542, 677, 678, 679, 680, 543, 681, 174, 682, 683, 684, 694, 545, 516, 546, 188, 189, 547, 548, 713, 201, 549, 202, 203, 204, 205, 550, 206, 207, 517, 208, 551, 209, 210, 211, 212, 552, 213, 220, 214, 215, 553, 216, 554, 230, 743, 555, 518, 556, 557, 758, 558, 250, 559, 560, 519, 561, 562, 563, 564, 565, 284, 566, 567, 568, 299, 810, 811, 812, 569, 813, 814, 570, 521, 571, 572, 573, 522, 355, 356, 357, 358, 359, 360, 523, 361, 881, 882, 883, 884, 885, 886, 897, 524, 590, 525, 429, 430, 512, 431, 432, 433, 434, 526, 435, 449, 527, 485, 486, 487, 488, 489, 490, 491, 492, 493, 494, 495, 496, 497, 498, 499, 500, 501, 502, 503, 504, 505, 506, 507, 508, 509, 510, 511]",True,"[25, 39, 57, 69, 486, 520, 534, 544]","[0, 1, 2, 3, 4, 5, 6, 7, 8, 9, 10, 11, 12, 13, 14, 15, 16, 17, 18, 19, 20, 21, 22, 23, 24, 25, 26, 27, 28, 29, 30, 31, 32, 33, 34, 35, 36, 37, 38, 39, 40, 41, 42, 43, 44, 45, 46, 47, 48, 49, 50, 51, 52, 53, 54, 55, 56, 57, 58, 59, 60, 61, 62, 63, 64, 65, 66, 67, 68, 69, 70, 71, 72, 73, 74, 75, 76, 77, 78, 79, 80, 81, 82, 83, 84, 85, 86, 87, 88, 89, 90, 91, 92, 93, 94, 95, 96, 97, 98, 99, 100, 101, 102, 485, 486, 487, 488, 489, 490, 491, 492, 493, 494, 495, 496, 497, 498, 499, 500, 501, 502, 503, 504, 505, 506, 507, 508, 509, 510, 511, 512, 513, 514, 515, 516, 517, 518, 519, 520, 521, 522, 523, 524, 525, 526, 527, 528, 529, 530, 531, 532, 533, 534, 535, 536, 537, 538, 539, 540, 541, 542, 543, 544, 545, 546, 547, 548, 549, 550, 551, 552, 553, 554, 555, 556, 557, 558, 559, 560, 561, 562, 563, 564, 565, 566, 567, 568, 569, 570, 571, 572, 573]","[25, 39, 57, 69, 486, 520, 534, 544]","[25, 39, 230, 284, 299, 449, 486, 520, 694, 743, 758, 897]","[17, 25, 39, 41, 50, 55, 57, 59, 69, 78, 119, 174, 188, 189, 220, 250, 299, 486, 502, 520, 522, 532, 534, 535, 544, 590, 645, 659, 660, 713, 758]","[32, 33, 34, 35, 36, 37, 38, 39, 40, 41, 42, 43, 44, 45, 46, 47, 48, 201, 202, 203, 204, 205, 206, 207, 208, 209, 210, 211, 212, 213, 214, 215, 216, 355, 356, 357, 358, 359, 360, 361, 429, 430, 431, 432, 433, 434, 435, 515, 516, 517, 518, 519, 520, 521, 522, 523, 524, 525, 526, 527, 672, 673, 674, 675, 676, 677, 678, 679, 680, 681, 682, 683, 684, 810, 811, 812, 813, 814, 881, 882, 883, 884, 885, 886]","[34, 35, 36, 37, 38, 39, 40, 41, 42, 43, 44, 45, 46, 47, 48, 201, 202, 203, 204, 205, 206, 207, 208, 209, 210, 211, 212, 213, 214, 215, 216, 355, 356, 357, 358, 359, 360, 361, 429, 430, 431, 432, 433, 434, 435, 515, 516, 517, 518, 519, 520, 521, 522, 523, 524, 525, 526, 527, 672, 673, 674, 675, 676, 677, 678, 679, 680, 681, 682, 683, 684, 810, 811, 812, 813, 814, 881, 882, 883, 884, 885, 886]",7/6 successful match,True,[341],True,157,False,,1.0,True,Love's Travel Stop # 296,Love's
G Gila Bend ( 85337 ) Love's Travel Stop # 296,3 928-683-2210 I-8 Exit 115 ( AZ 85 N ),24 MOO,Gila Bend,85337,Love's Travel Stop # 296,928-683-2210,2016,Gila Bend,AZ,Love's,( AZ 85 N ),I-8 Exit 115 ,Exit,115,False,,False,I-8,,,,,"[520, 39]","[25, 39, 57, 69, 486, 520, 534, 544]","[25, 39, 57, 69, 486, 520, 534, 544]","[25, 39, 230, 284, 299, 449, 486, 520, 694, 743, 758, 897]","[0, 1, 2, 3, 4, 5, 6, 7, 8, 9, 10, 11, 12, 13, 14, 15, 16, 17, 18, 19, 20, 21, 22, 23, 24, 25, 26, 27, 28, 29, 30, 31, 32, 33, 34, 35, 36, 37, 38, 39, 40, 41, 42, 43, 44, 45, 46, 47, 48, 49, 50, 51, 52, 53, 54, 55, 56, 57, 58, 59, 60, 61, 62, 63, 64, 65, 66, 67, 68, 69, 70, 71, 72, 73, 74, 75, 76, 77, 78, 79, 80, 81, 82, 83, 84, 85, 86, 87, 88, 89, 90, 91, 92, 93, 94, 95, 96, 97, 98, 99, 100, 101, 102, 485, 486, 487, 488, 489, 490, 491, 492, 493, 494, 495, 496, 497, 498, 499, 500, 501, 502, 503, 504, 505, 506, 507, 508, 509, 510, 511, 512, 513, 514, 515, 516, 517, 518, 519, 520, 521, 522, 523, 524, 525, 526, 527, 528, 529, 530, 531, 532, 533, 534, 535, 536, 537, 538, 539, 540, 541, 542, 543, 544, 545, 546, 547, 548, 549, 550, 551, 552, 553, 554, 555, 556, 557, 558, 559, 560, 561, 562, 563, 564, 565, 566, 567, 568, 569, 570, 571, 572, 573]","[17, 25, 39, 41, 50, 55, 57, 59, 69, 78, 119, 174, 188, 189, 220, 250, 299, 486, 502, 520, 522, 532, 534, 535, 544, 590, 645, 659, 660, 713, 758]","[34, 35, 36, 37, 38, 39, 40, 41, 42, 43, 44, 45, 46, 47, 48, 201, 202, 203, 204, 205, 206, 207, 208, 209, 210, 211, 212, 213, 214, 215, 216, 355, 356, 357, 358, 359, 360, 361, 429, 430, 431, 432, 433, 434, 435, 515, 516, 517, 518, 519, 520, 521, 522, 523, 524, 525, 526, 527, 672, 673, 674, 675, 676, 677, 678, 679, 680, 681, 682, 683, 684, 810, 811, 812, 813, 814, 881, 882, 883, 884, 885, 886]","[32, 33, 34, 35, 36, 37, 38, 39, 40, 41, 42, 43, 44, 45, 46, 47, 48, 201, 202, 203, 204, 205, 206, 207, 208, 209, 210, 211, 212, 213, 214, 215, 216, 355, 356, 357, 358, 359, 360, 361, 429, 430, 431, 432, 433, 434, 435, 515, 516, 517, 518, 519, 520, 521, 522, 523, 524, 525, 526, 527, 672, 673, 674, 675, 676, 677, 678, 679, 680, 681, 682, 683, 684, 810, 811, 812, 813, 814, 881, 882, 883, 884, 885, 886]","[0, 1, 2, 3, 4, 5, 6, 7, 520, 8, 9, 10, 11, 12, 13, 14, 15, 16, 17, 18, 19, 20, 534, 21, 22, 25, 23, 24, 26, 27, 28, 29, 544, 30, 31, 32, 33, 34, 35, 39, 36, 37, 38, 40, 41, 42, 43, 44, 45, 46, 47, 48, 49, 50, 51, 52, 53, 57, 54, 55, 56, 58, 59, 60, 61, 62, 63, 64, 65, 69, 66, 67, 68, 70, 71, 72, 73, 74, 75, 76, 77, 78, 79, 80, 81, 82, 83, 84, 85, 86, 87, 88, 89, 90, 91, 92, 93, 94, 95, 96, 97, 98, 99, 100, 101, 102, 528, 529, 530, 513, 531, 532, 119, 533, 535, 645, 514, 536, 537, 538, 659, 660, 539, 540, 672, 515, 541, 673, 674, 675, 676, 542, 677, 678, 679, 680, 543, 681, 174, 682, 683, 684, 694, 545, 516, 546, 188, 189, 547, 548, 713, 201, 549, 202, 203, 204, 205, 550, 206, 207, 517, 208, 551, 209, 210, 211, 212, 552, 213, 220, 214, 215, 553, 216, 554, 230, 743, 555, 518, 556, 557, 758, 558, 250, 559, 560, 519, 561, 562, 563, 564, 565, 284, 566, 567, 568, 299, 810, 811, 812, 569, 813, 814, 570, 521, 571, 572, 573, 522, 355, 356, 357, 358, 359, 360, 523, 361, 881, 882, 883, 884, 885, 886, 897, 524, 590, 525, 429, 430, 512, 431, 432, 433, 434, 526, 435, 449, 527, 485, 486, 487, 488, 489, 490, 491, 492, 493, 494, 495, 496, 497, 498, 499, 500, 501, 502, 503, 504, 505, 506, 507, 508, 509, 510, 511]",True,"[25, 39, 57, 69, 486, 520, 534, 544]","[0, 1, 2, 3, 4, 5, 6, 7, 8, 9, 10, 11, 12, 13, 14, 15, 16, 17, 18, 19, 20, 21, 22, 23, 24, 25, 26, 27, 28, 29, 30, 31, 32, 33, 34, 35, 36, 37, 38, 39, 40, 41, 42, 43, 44, 45, 46, 47, 48, 49, 50, 51, 52, 53, 54, 55, 56, 57, 58, 59, 60, 61, 62, 63, 64, 65, 66, 67, 68, 69, 70, 71, 72, 73, 74, 75, 76, 77, 78, 79, 80, 81, 82, 83, 84, 85, 86, 87, 88, 89, 90, 91, 92, 93, 94, 95, 96, 97, 98, 99, 100, 101, 102, 485, 486, 487, 488, 489, 490, 491, 492, 493, 494, 495, 496, 497, 498, 499, 500, 501, 502, 503, 504, 505, 506, 507, 508, 509, 510, 511, 512, 513, 514, 515, 516, 517, 518, 519, 520, 521, 522, 523, 524, 525, 526, 527, 528, 529, 530, 531, 532, 533, 534, 535, 536, 537, 538, 539, 540, 541, 542, 543, 544, 545, 546, 547, 548, 549, 550, 551, 552, 553, 554, 555, 556, 557, 558, 559, 560, 561, 562, 563, 564, 565, 566, 567, 568, 569, 570, 571, 572, 573]","[25, 39, 57, 69, 486, 520, 534, 544]","[25, 39, 230, 284, 299, 449, 486, 520, 694, 743, 758, 897]","[17, 25, 39, 41, 50, 55, 57, 59, 69, 78, 119, 174, 188, 189, 220, 250, 299, 486, 502, 520, 522, 532, 534, 535, 544, 590, 645, 659, 660, 713, 758]","[32, 33, 34, 35, 36, 37, 38, 39, 40, 41, 42, 43, 44, 45, 46, 47, 48, 201, 202, 203, 204, 205, 206, 207, 208, 209, 210, 211, 212, 213, 214, 215, 216, 355, 356, 357, 358, 359, 360, 361, 429, 430, 431, 432, 433, 434, 435, 515, 516, 517, 518, 519, 520, 521, 522, 523, 524, 525, 526, 527, 672, 673, 674, 675, 676, 677, 678, 679, 680, 681, 682, 683, 684, 810, 811, 812, 813, 814, 881, 882, 883, 884, 885, 886]","[34, 35, 36, 37, 38, 39, 40, 41, 42, 43, 44, 45, 46, 47, 48, 201, 202, 203, 204, 205, 206, 207, 208, 209, 210, 211, 212, 213, 214, 215, 216, 355, 356, 357, 358, 359, 360, 361, 429, 430, 431, 432, 433, 434, 435, 515, 516, 517, 518, 519, 520, 521, 522, 523, 524, 525, 526, 527, 672, 673, 674, 675, 676, 677, 678, 679, 680, 681, 682, 683, 684, 810, 811, 812, 813, 814, 881, 882, 883, 884, 885, 886]",7/6 successful match,True,[341],True,157,False,,1.0,True,Love's Travel Stop # 296,Love's
"Gila Bend , 85337 Holt Interstate Services ( Shell )",928-683-2449 I-8 Exit 119,XL,Gila Bend,85337,Holt Interstate Services ( Shell ),928-683-2449,2006,Gila Bend,AZ,Shell,,I-8 Exit 119,Exit,119,False,,False,I-8,,,,,[],"[25, 39, 57, 69, 486, 520, 534, 544]","[25, 39, 57, 69, 486, 520, 534, 544]","[57, 69, 534, 544]","[0, 1, 2, 3, 4, 5, 6, 7, 8, 9, 10, 11, 12, 13, 14, 15, 16, 17, 18, 19, 20, 21, 22, 23, 24, 25, 26, 27, 28, 29, 30, 31, 32, 33, 34, 35, 36, 37, 38, 39, 40, 41, 42, 43, 44, 45, 46, 47, 48, 49, 50, 51, 52, 53, 54, 55, 56, 57, 58, 59, 60, 61, 62, 63, 64, 65, 66, 67, 68, 69, 70, 71, 72, 73, 74, 75, 76, 77, 78, 79, 80, 81, 82, 83, 84, 85, 86, 87, 88, 89, 90, 91, 92, 93, 94, 95, 96, 97, 98, 99, 100, 101, 102, 485, 486, 487, 488, 489, 490, 491, 492, 493, 494, 495, 496, 497, 498, 499, 500, 501, 502, 503, 504, 505, 506, 507, 508, 509, 510, 511, 512, 513, 514, 515, 516, 517, 518, 519, 520, 521, 522, 523, 524, 525, 526, 527, 528, 529, 530, 531, 532, 533, 534, 535, 536, 537, 538, 539, 540, 541, 542, 543, 544, 545, 546, 547, 548, 549, 550, 551, 552, 553, 554, 555, 556, 557, 558, 559, 560, 561, 562, 563, 564, 565, 566, 567, 568, 569, 570, 571, 572, 573]","[17, 25, 39, 41, 50, 55, 57, 59, 69, 78, 119, 174, 188, 189, 220, 250, 299, 486, 502, 520, 522, 532, 534, 535, 544, 590, 645, 659, 660, 713, 758]","[1, 13, 14, 29, 54, 55, 56, 57, 58, 60, 102, 118, 125, 127, 130, 134, 146, 149, 153, 175, 182, 187, 189, 191, 197, 225, 230, 238, 264, 265, 266, 286, 302, 317, 336, 379, 388, 389, 425, 454, 458, 463, 475, 487, 498, 499, 512, 530, 531, 532, 533, 534, 536, 573, 589, 596, 598, 601, 605, 617, 620, 624, 646, 653, 658, 660, 662, 668, 689, 694, 702, 724, 725, 745, 760, 775, 793, 829, 838, 839, 877, 901, 903, 905, 910, 923]","[1, 13, 14, 29, 54, 55, 56, 57, 58, 60, 102, 118, 125, 127, 130, 134, 146, 149, 153, 175, 182, 187, 189, 191, 197, 225, 230, 238, 264, 265, 266, 286, 302, 317, 336, 354, 379, 388, 389, 425, 454, 458, 463, 475, 487, 498, 499, 512, 530, 531, 532, 533, 534, 536, 573, 589, 596, 598, 601, 605, 617, 620, 624, 646, 653, 658, 660, 662, 668, 689, 694, 702, 724, 725, 745, 760, 775, 793, 809, 829, 838, 839, 877, 901, 903, 905, 910, 923]","[0, 1, 2, 3, 4, 5, 6, 7, 520, 8, 9, 10, 11, 12, 13, 14, 15, 16, 17, 18, 19, 20, 534, 21, 22, 25, 23, 24, 26, 27, 28, 29, 544, 30, 31, 32, 33, 34, 35, 39, 36, 37, 38, 40, 41, 42, 43, 44, 45, 46, 47, 48, 49, 50, 51, 52, 53, 57, 54, 55, 56, 58, 59, 60, 61, 62, 63, 64, 65, 69, 66, 67, 68, 70, 71, 72, 73, 74, 75, 76, 77, 78, 79, 80, 81, 82, 83, 84, 85, 86, 87, 88, 89, 90, 91, 92, 93, 94, 95, 96, 97, 98, 99, 100, 101, 102, 528, 529, 530, 617, 620, 513, 531, 624, 532, 118, 119, 533, 125, 127, 130, 535, 645, 134, 646, 514, 536, 653, 537, 146, 538, 659, 660, 149, 658, 539, 153, 662, 668, 540, 515, 541, 542, 543, 174, 175, 689, 182, 545, 694, 516, 187, 546, 188, 189, 191, 702, 547, 197, 548, 713, 549, 550, 517, 724, 551, 725, 552, 220, 553, 225, 554, 230, 555, 745, 518, 556, 238, 557, 758, 558, 760, 250, 559, 560, 519, 561, 264, 265, 266, 775, 562, 563, 564, 793, 565, 286, 566, 567, 809, 568, 299, 302, 569, 570, 521, 571, 317, 572, 829, 573, 838, 839, 522, 336, 354, 523, 877, 379, 524, 388, 389, 901, 903, 905, 910, 589, 590, 525, 923, 425, 512, 526, 596, 598, 454, 458, 527, 463, 601, 475, 605, 485, 486, 487, 488, 489, 490, 491, 492, 493, 494, 495, 496, 497, 498, 499, 500, 501, 502, 503, 504, 505, 506, 507, 508, 509, 510, 511]",False,"[25, 39, 57, 69, 486, 520, 534, 544]","[0, 1, 2, 3, 4, 5, 6, 7, 8, 9, 10, 11, 12, 13, 14, 15, 16, 17, 18, 19, 20, 21, 22, 23, 24, 25, 26, 27, 28, 29, 30, 31, 32, 33, 34, 35, 36, 37, 38, 39, 40, 41, 42, 43, 44, 45, 46, 47, 48, 49, 50, 51, 52, 53, 54, 55, 56, 57, 58, 59, 60, 61, 62, 63, 64, 65, 66, 67, 68, 69, 70, 71, 72, 73, 74, 75, 76, 77, 78, 79, 80, 81, 82, 83, 84, 85, 86, 87, 88, 89, 90, 91, 92, 93, 94, 95, 96, 97, 98, 99, 100, 101, 102, 485, 486, 487, 488, 489, 490, 491, 492, 493, 494, 495, 496, 497, 498, 499, 500, 501, 502, 503, 504, 505, 506, 507, 508, 509, 510, 511, 512, 513, 514, 515, 516, 517, 518, 519, 520, 521, 522, 523, 524, 525, 526, 527, 528, 529, 530, 531, 532, 533, 534, 535, 536, 537, 538, 539, 540, 541, 542, 543, 544, 545, 546, 547, 548, 549, 550, 551, 552, 553, 554, 555, 556, 557, 558, 559, 560, 561, 562, 563, 564, 565, 566, 567, 568, 569, 570, 571, 572, 573]","[25, 39, 57, 69, 486, 520, 534, 544]","[57, 69, 534, 544]","[17, 25, 39, 41, 50, 55, 57, 59, 69, 78, 119, 174, 188, 189, 220, 250, 299, 486, 502, 520, 522, 532, 534, 535, 544, 590, 645, 659, 660, 713, 758]","[1, 13, 14, 29, 54, 55, 56, 57, 58, 60, 102, 118, 125, 127, 130, 134, 146, 149, 153, 175, 182, 187, 189, 191, 197, 225, 230, 238, 264, 265, 266, 286, 302, 317, 336, 354, 379, 388, 389, 425, 454, 458, 463, 475, 487, 498, 499, 512, 530, 531, 532, 533, 534, 536, 573, 589, 596, 598, 601, 605, 617, 620, 624, 646, 653, 658, 660, 662, 668, 689, 694, 702, 724, 725, 745, 760, 775, 793, 809, 829, 838, 839, 877, 901, 903, 905, 910, 923]","[1, 13, 14, 29, 54, 55, 56, 57, 58, 60, 102, 118, 125, 127, 130, 134, 146, 149, 153, 175, 182, 187, 189, 191, 197, 225, 230, 238, 264, 265, 266, 286, 302, 317, 336, 379, 388, 389, 425, 454, 458, 463, 475, 487, 498, 499, 512, 530, 531, 532, 533, 534, 536, 573, 589, 596, 598, 601, 605, 617, 620, 624, 646, 653, 658, 660, 662, 668, 689, 694, 702, 724, 725, 745, 760, 775, 793, 829, 838, 839, 877, 901, 903, 905, 910, 923]",7/6 successful match,False,[459],True,158,False,,,,,
"Gila Bend , 85337 Holt Interstate Services ( Shell )",928-683-2449 I-8 Exit 119,,Gila Bend,85337,Holt Interstate Services ( Shell ),928-683-2449,2007,Gila Bend,AZ,Shell,,I-8 Exit 119,Exit,119,False,,False,I-8,,,,,[],"[25, 39, 57, 69, 486, 520, 534, 544]","[25, 39, 57, 69, 486, 520, 534, 544]","[57, 69, 534, 544]","[0, 1, 2, 3, 4, 5, 6, 7, 8, 9, 10, 11, 12, 13, 14, 15, 16, 17, 18, 19, 20, 21, 22, 23, 24, 25, 26, 27, 28, 29, 30, 31, 32, 33, 34, 35, 36, 37, 38, 39, 40, 41, 42, 43, 44, 45, 46, 47, 48, 49, 50, 51, 52, 53, 54, 55, 56, 57, 58, 59, 60, 61, 62, 63, 64, 65, 66, 67, 68, 69, 70, 71, 72, 73, 74, 75, 76, 77, 78, 79, 80, 81, 82, 83, 84, 85, 86, 87, 88, 89, 90, 91, 92, 93, 94, 95, 96, 97, 98, 99, 100, 101, 102, 485, 486, 487, 488, 489, 490, 491, 492, 493, 494, 495, 496, 497, 498, 499, 500, 501, 502, 503, 504, 505, 506, 507, 508, 509, 510, 511, 512, 513, 514, 515, 516, 517, 518, 519, 520, 521, 522, 523, 524, 525, 526, 527, 528, 529, 530, 531, 532, 533, 534, 535, 536, 537, 538, 539, 540, 541, 542, 543, 544, 545, 546, 547, 548, 549, 550, 551, 552, 553, 554, 555, 556, 557, 558, 559, 560, 561, 562, 563, 564, 565, 566, 567, 568, 569, 570, 571, 572, 573]","[17, 25, 39, 41, 50, 55, 57, 59, 69, 78, 119, 174, 188, 189, 220, 250, 299, 486, 502, 520, 522, 532, 534, 535, 544, 590, 645, 659, 660, 713, 758]","[1, 13, 14, 29, 54, 55, 56, 57, 58, 60, 102, 118, 125, 127, 130, 134, 146, 149, 153, 175, 182, 187, 189, 191, 197, 225, 230, 238, 264, 265, 266, 286, 302, 317, 336, 379, 388, 389, 425, 454, 458, 463, 475, 487, 498, 499, 512, 530, 531, 532, 533, 534, 536, 573, 589, 596, 598, 601, 605, 617, 620, 624, 646, 653, 658, 660, 662, 668, 689, 694, 702, 724, 725, 745, 760, 775, 793, 829, 838, 839, 877, 901, 903, 905, 910, 923]","[1, 13, 14, 29, 54, 55, 56, 57, 58, 60, 102, 118, 125, 127, 130, 134, 146, 149, 153, 175, 182, 187, 189, 191, 197, 225, 230, 238, 264, 265, 266, 286, 302, 317, 336, 354, 379, 388, 389, 425, 454, 458, 463, 475, 487, 498, 499, 512, 530, 531, 532, 533, 534, 536, 573, 589, 596, 598, 601, 605, 617, 620, 624, 646, 653, 658, 660, 662, 668, 689, 694, 702, 724, 725, 745, 760, 775, 793, 809, 829, 838, 839, 877, 901, 903, 905, 910, 923]","[0, 1, 2, 3, 4, 5, 6, 7, 520, 8, 9, 10, 11, 12, 13, 14, 15, 16, 17, 18, 19, 20, 534, 21, 22, 25, 23, 24, 26, 27, 28, 29, 544, 30, 31, 32, 33, 34, 35, 39, 36, 37, 38, 40, 41, 42, 43, 44, 45, 46, 47, 48, 49, 50, 51, 52, 53, 57, 54, 55, 56, 58, 59, 60, 61, 62, 63, 64, 65, 69, 66, 67, 68, 70, 71, 72, 73, 74, 75, 76, 77, 78, 79, 80, 81, 82, 83, 84, 85, 86, 87, 88, 89, 90, 91, 92, 93, 94, 95, 96, 97, 98, 99, 100, 101, 102, 528, 529, 530, 617, 620, 513, 531, 624, 532, 118, 119, 533, 125, 127, 130, 535, 645, 134, 646, 514, 536, 653, 537, 146, 538, 659, 660, 149, 658, 539, 153, 662, 668, 540, 515, 541, 542, 543, 174, 175, 689, 182, 545, 694, 516, 187, 546, 188, 189, 191, 702, 547, 197, 548, 713, 549, 550, 517, 724, 551, 725, 552, 220, 553, 225, 554, 230, 555, 745, 518, 556, 238, 557, 758, 558, 760, 250, 559, 560, 519, 561, 264, 265, 266, 775, 562, 563, 564, 793, 565, 286, 566, 567, 809, 568, 299, 302, 569, 570, 521, 571, 317, 572, 829, 573, 838, 839, 522, 336, 354, 523, 877, 379, 524, 388, 389, 901, 903, 905, 910, 589, 590, 525, 923, 425, 512, 526, 596, 598, 454, 458, 527, 463, 601, 475, 605, 485, 486, 487, 488, 489, 490, 491, 492, 493, 494, 495, 496, 497, 498, 499, 500, 501, 502, 503, 504, 505, 506, 507, 508, 509, 510, 511]",False,"[25, 39, 57, 69, 486, 520, 534, 544]","[0, 1, 2, 3, 4, 5, 6, 7, 8, 9, 10, 11, 12, 13, 14, 15, 16, 17, 18, 19, 20, 21, 22, 23, 24, 25, 26, 27, 28, 29, 30, 31, 32, 33, 34, 35, 36, 37, 38, 39, 40, 41, 42, 43, 44, 45, 46, 47, 48, 49, 50, 51, 52, 53, 54, 55, 56, 57, 58, 59, 60, 61, 62, 63, 64, 65, 66, 67, 68, 69, 70, 71, 72, 73, 74, 75, 76, 77, 78, 79, 80, 81, 82, 83, 84, 85, 86, 87, 88, 89, 90, 91, 92, 93, 94, 95, 96, 97, 98, 99, 100, 101, 102, 485, 486, 487, 488, 489, 490, 491, 492, 493, 494, 495, 496, 497, 498, 499, 500, 501, 502, 503, 504, 505, 506, 507, 508, 509, 510, 511, 512, 513, 514, 515, 516, 517, 518, 519, 520, 521, 522, 523, 524, 525, 526, 527, 528, 529, 530, 531, 532, 533, 534, 535, 536, 537, 538, 539, 540, 541, 542, 543, 544, 545, 546, 547, 548, 549, 550, 551, 552, 553, 554, 555, 556, 557, 558, 559, 560, 561, 562, 563, 564, 565, 566, 567, 568, 569, 570, 571, 572, 573]","[25, 39, 57, 69, 486, 520, 534, 544]","[57, 69, 534, 544]","[17, 25, 39, 41, 50, 55, 57, 59, 69, 78, 119, 174, 188, 189, 220, 250, 299, 486, 502, 520, 522, 532, 534, 535, 544, 590, 645, 659, 660, 713, 758]","[1, 13, 14, 29, 54, 55, 56, 57, 58, 60, 102, 118, 125, 127, 130, 134, 146, 149, 153, 175, 182, 187, 189, 191, 197, 225, 230, 238, 264, 265, 266, 286, 302, 317, 336, 354, 379, 388, 389, 425, 454, 458, 463, 475, 487, 498, 499, 512, 530, 531, 532, 533, 534, 536, 573, 589, 596, 598, 601, 605, 617, 620, 624, 646, 653, 658, 660, 662, 668, 689, 694, 702, 724, 725, 745, 760, 775, 793, 809, 829, 838, 839, 877, 901, 903, 905, 910, 923]","[1, 13, 14, 29, 54, 55, 56, 57, 58, 60, 102, 118, 125, 127, 130, 134, 146, 149, 153, 175, 182, 187, 189, 191, 197, 225, 230, 238, 264, 265, 266, 286, 302, 317, 336, 379, 388, 389, 425, 454, 458, 463, 475, 487, 498, 499, 512, 530, 531, 532, 533, 534, 536, 573, 589, 596, 598, 601, 605, 617, 620, 624, 646, 653, 658, 660, 662, 668, 689, 694, 702, 724, 725, 745, 760, 775, 793, 829, 838, 839, 877, 901, 903, 905, 910, 923]",7/6 successful match,False,[459],True,158,False,,1.0,True,Holt Interstate Services ( Shell ),Shell
"Gila Bend , 85337 Holt Interstate Services ( Shell )",3 928-683-2449 I-8 Exit 119,24 HRS <U+2610>,Gila Bend,85337,Holt Interstate Services ( Shell ),928-683-2449,2008,Gila Bend,AZ,Shell,,I-8 Exit 119,Exit,119,False,,False,I-8,,,,,[],"[25, 39, 57, 69, 486, 520, 534, 544]","[25, 39, 57, 69, 486, 520, 534, 544]","[57, 69, 534, 544]","[0, 1, 2, 3, 4, 5, 6, 7, 8, 9, 10, 11, 12, 13, 14, 15, 16, 17, 18, 19, 20, 21, 22, 23, 24, 25, 26, 27, 28, 29, 30, 31, 32, 33, 34, 35, 36, 37, 38, 39, 40, 41, 42, 43, 44, 45, 46, 47, 48, 49, 50, 51, 52, 53, 54, 55, 56, 57, 58, 59, 60, 61, 62, 63, 64, 65, 66, 67, 68, 69, 70, 71, 72, 73, 74, 75, 76, 77, 78, 79, 80, 81, 82, 83, 84, 85, 86, 87, 88, 89, 90, 91, 92, 93, 94, 95, 96, 97, 98, 99, 100, 101, 102, 485, 486, 487, 488, 489, 490, 491, 492, 493, 494, 495, 496, 497, 498, 499, 500, 501, 502, 503, 504, 505, 506, 507, 508, 509, 510, 511, 512, 513, 514, 515, 516, 517, 518, 519, 520, 521, 522, 523, 524, 525, 526, 527, 528, 529, 530, 531, 532, 533, 534, 535, 536, 537, 538, 539, 540, 541, 542, 543, 544, 545, 546, 547, 548, 549, 550, 551, 552, 553, 554, 555, 556, 557, 558, 559, 560, 561, 562, 563, 564, 565, 566, 567, 568, 569, 570, 571, 572, 573]","[17, 25, 39, 41, 50, 55, 57, 59, 69, 78, 119, 174, 188, 189, 220, 250, 299, 486, 502, 520, 522, 532, 534, 535, 544, 590, 645, 659, 660, 713, 758]","[1, 13, 14, 29, 54, 55, 56, 57, 58, 60, 102, 118, 125, 127, 130, 134, 146, 149, 153, 175, 182, 187, 189, 191, 197, 225, 230, 238, 264, 265, 266, 286, 302, 317, 336, 379, 388, 389, 425, 454, 458, 463, 475, 487, 498, 499, 512, 530, 531, 532, 533, 534, 536, 573, 589, 596, 598, 601, 605, 617, 620, 624, 646, 653, 658, 660, 662, 668, 689, 694, 702, 724, 725, 745, 760, 775, 793, 829, 838, 839, 877, 901, 903, 905, 910, 923]","[1, 13, 14, 29, 54, 55, 56, 57, 58, 60, 102, 118, 125, 127, 130, 134, 146, 149, 153, 175, 182, 187, 189, 191, 197, 225, 230, 238, 264, 265, 266, 286, 302, 317, 336, 354, 379, 388, 389, 425, 454, 458, 463, 475, 487, 498, 499, 512, 530, 531, 532, 533, 534, 536, 573, 589, 596, 598, 601, 605, 617, 620, 624, 646, 653, 658, 660, 662, 668, 689, 694, 702, 724, 725, 745, 760, 775, 793, 809, 829, 838, 839, 877, 901, 903, 905, 910, 923]","[0, 1, 2, 3, 4, 5, 6, 7, 520, 8, 9, 10, 11, 12, 13, 14, 15, 16, 17, 18, 19, 20, 534, 21, 22, 25, 23, 24, 26, 27, 28, 29, 544, 30, 31, 32, 33, 34, 35, 39, 36, 37, 38, 40, 41, 42, 43, 44, 45, 46, 47, 48, 49, 50, 51, 52, 53, 57, 54, 55, 56, 58, 59, 60, 61, 62, 63, 64, 65, 69, 66, 67, 68, 70, 71, 72, 73, 74, 75, 76, 77, 78, 79, 80, 81, 82, 83, 84, 85, 86, 87, 88, 89, 90, 91, 92, 93, 94, 95, 96, 97, 98, 99, 100, 101, 102, 528, 529, 530, 617, 620, 513, 531, 624, 532, 118, 119, 533, 125, 127, 130, 535, 645, 134, 646, 514, 536, 653, 537, 146, 538, 659, 660, 149, 658, 539, 153, 662, 668, 540, 515, 541, 542, 543, 174, 175, 689, 182, 545, 694, 516, 187, 546, 188, 189, 191, 702, 547, 197, 548, 713, 549, 550, 517, 724, 551, 725, 552, 220, 553, 225, 554, 230, 555, 745, 518, 556, 238, 557, 758, 558, 760, 250, 559, 560, 519, 561, 264, 265, 266, 775, 562, 563, 564, 793, 565, 286, 566, 567, 809, 568, 299, 302, 569, 570, 521, 571, 317, 572, 829, 573, 838, 839, 522, 336, 354, 523, 877, 379, 524, 388, 389, 901, 903, 905, 910, 589, 590, 525, 923, 425, 512, 526, 596, 598, 454, 458, 527, 463, 601, 475, 605, 485, 486, 487, 488, 489, 490, 491, 492, 493, 494, 495, 496, 497, 498, 499, 500, 501, 502, 503, 504, 505, 506, 507, 508, 509, 510, 511]",False,"[25, 39, 57, 69, 486, 520, 534, 544]","[0, 1, 2, 3, 4, 5, 6, 7, 8, 9, 10, 11, 12, 13, 14, 15, 16, 17, 18, 19, 20, 21, 22, 23, 24, 25, 26, 27, 28, 29, 30, 31, 32, 33, 34, 35, 36, 37, 38, 39, 40, 41, 42, 43, 44, 45, 46, 47, 48, 49, 50, 51, 52, 53, 54, 55, 56, 57, 58, 59, 60, 61, 62, 63, 64, 65, 66, 67, 68, 69, 70, 71, 72, 73, 74, 75, 76, 77, 78, 79, 80, 81, 82, 83, 84, 85, 86, 87, 88, 89, 90, 91, 92, 93, 94, 95, 96, 97, 98, 99, 100, 101, 102, 485, 486, 487, 488, 489, 490, 491, 492, 493, 494, 495, 496, 497, 498, 499, 500, 501, 502, 503, 504, 505, 506, 507, 508, 509, 510, 511, 512, 513, 514, 515, 516, 517, 518, 519, 520, 521, 522, 523, 524, 525, 526, 527, 528, 529, 530, 531, 532, 533, 534, 535, 536, 537, 538, 539, 540, 541, 542, 543, 544, 545, 546, 547, 548, 549, 550, 551, 552, 553, 554, 555, 556, 557, 558, 559, 560, 561, 562, 563, 564, 565, 566, 567, 568, 569, 570, 571, 572, 573]","[25, 39, 57, 69, 486, 520, 534, 544]","[57, 69, 534, 544]","[17, 25, 39, 41, 50, 55, 57, 59, 69, 78, 119, 174, 188, 189, 220, 250, 299, 486, 502, 520, 522, 532, 534, 535, 544, 590, 645, 659, 660, 713, 758]","[1, 13, 14, 29, 54, 55, 56, 57, 58, 60, 102, 118, 125, 127, 130, 134, 146, 149, 153, 175, 182, 187, 189, 191, 197, 225, 230, 238, 264, 265, 266, 286, 302, 317, 336, 354, 379, 388, 389, 425, 454, 458, 463, 475, 487, 498, 499, 512, 530, 531, 532, 533, 534, 536, 573, 589, 596, 598, 601, 605, 617, 620, 624, 646, 653, 658, 660, 662, 668, 689, 694, 702, 724, 725, 745, 760, 775, 793, 809, 829, 838, 839, 877, 901, 903, 905, 910, 923]","[1, 13, 14, 29, 54, 55, 56, 57, 58, 60, 102, 118, 125, 127, 130, 134, 146, 149, 153, 175, 182, 187, 189, 191, 197, 225, 230, 238, 264, 265, 266, 286, 302, 317, 336, 379, 388, 389, 425, 454, 458, 463, 475, 487, 498, 499, 512, 530, 531, 532, 533, 534, 536, 573, 589, 596, 598, 601, 605, 617, 620, 624, 646, 653, 658, 660, 662, 668, 689, 694, 702, 724, 725, 745, 760, 775, 793, 829, 838, 839, 877, 901, 903, 905, 910, 923]",7/6 successful match,False,[459],True,158,False,,1.0,True,Holt Interstate Services ( Shell ),Shell
G Gila Bend ( 85337 ) Holt Interstate Services N ) ( Shell ),3 928-683-2449 I-8 Exit 119,24 XL,Gila Bend,85337,Holt Interstate Services N ) ( Shell ),928-683-2449,2014,Gila Bend,AZ,Shell,,I-8 Exit 119,Exit,119,False,,False,I-8,,,,,[],"[25, 39, 57, 69, 486, 520, 534, 544]","[25, 39, 57, 69, 486, 520, 534, 544]","[57, 69, 534, 544]","[0, 1, 2, 3, 4, 5, 6, 7, 8, 9, 10, 11, 12, 13, 14, 15, 16, 17, 18, 19, 20, 21, 22, 23, 24, 25, 26, 27, 28, 29, 30, 31, 32, 33, 34, 35, 36, 37, 38, 39, 40, 41, 42, 43, 44, 45, 46, 47, 48, 49, 50, 51, 52, 53, 54, 55, 56, 57, 58, 59, 60, 61, 62, 63, 64, 65, 66, 67, 68, 69, 70, 71, 72, 73, 74, 75, 76, 77, 78, 79, 80, 81, 82, 83, 84, 85, 86, 87, 88, 89, 90, 91, 92, 93, 94, 95, 96, 97, 98, 99, 100, 101, 102, 485, 486, 487, 488, 489, 490, 491, 492, 493, 494, 495, 496, 497, 498, 499, 500, 501, 502, 503, 504, 505, 506, 507, 508, 509, 510, 511, 512, 513, 514, 515, 516, 517, 518, 519, 520, 521, 522, 523, 524, 525, 526, 527, 528, 529, 530, 531, 532, 533, 534, 535, 536, 537, 538, 539, 540, 541, 542, 543, 544, 545, 546, 547, 548, 549, 550, 551, 552, 553, 554, 555, 556, 557, 558, 559, 560, 561, 562, 563, 564, 565, 566, 567, 568, 569, 570, 571, 572, 573]","[17, 25, 39, 41, 50, 55, 57, 59, 69, 78, 119, 174, 188, 189, 220, 250, 299, 486, 502, 520, 522, 532, 534, 535, 544, 590, 645, 659, 660, 713, 758]","[1, 13, 14, 29, 54, 55, 56, 57, 58, 60, 102, 118, 125, 127, 130, 134, 146, 149, 153, 175, 182, 187, 189, 191, 197, 225, 230, 238, 264, 265, 266, 286, 302, 317, 336, 379, 388, 389, 425, 454, 458, 463, 475, 487, 498, 499, 512, 530, 531, 532, 533, 534, 536, 573, 589, 596, 598, 601, 605, 617, 620, 624, 646, 653, 658, 660, 662, 668, 689, 694, 702, 724, 725, 745, 760, 775, 793, 829, 838, 839, 877, 901, 903, 905, 910, 923]","[1, 13, 14, 29, 54, 55, 56, 57, 58, 60, 102, 118, 125, 127, 130, 134, 146, 149, 153, 175, 182, 187, 189, 191, 197, 225, 230, 238, 264, 265, 266, 286, 302, 317, 336, 354, 379, 388, 389, 425, 454, 458, 463, 475, 487, 498, 499, 512, 530, 531, 532, 533, 534, 536, 573, 589, 596, 598, 601, 605, 617, 620, 624, 646, 653, 658, 660, 662, 668, 689, 694, 702, 724, 725, 745, 760, 775, 793, 809, 829, 838, 839, 877, 901, 903, 905, 910, 923]","[0, 1, 2, 3, 4, 5, 6, 7, 520, 8, 9, 10, 11, 12, 13, 14, 15, 16, 17, 18, 19, 20, 534, 21, 22, 25, 23, 24, 26, 27, 28, 29, 544, 30, 31, 32, 33, 34, 35, 39, 36, 37, 38, 40, 41, 42, 43, 44, 45, 46, 47, 48, 49, 50, 51, 52, 53, 57, 54, 55, 56, 58, 59, 60, 61, 62, 63, 64, 65, 69, 66, 67, 68, 70, 71, 72, 73, 74, 75, 76, 77, 78, 79, 80, 81, 82, 83, 84, 85, 86, 87, 88, 89, 90, 91, 92, 93, 94, 95, 96, 97, 98, 99, 100, 101, 102, 528, 529, 530, 617, 620, 513, 531, 624, 532, 118, 119, 533, 125, 127, 130, 535, 645, 134, 646, 514, 536, 653, 537, 146, 538, 659, 660, 149, 658, 539, 153, 662, 668, 540, 515, 541, 542, 543, 174, 175, 689, 182, 545, 694, 516, 187, 546, 188, 189, 191, 702, 547, 197, 548, 713, 549, 550, 517, 724, 551, 725, 552, 220, 553, 225, 554, 230, 555, 745, 518, 556, 238, 557, 758, 558, 760, 250, 559, 560, 519, 561, 264, 265, 266, 775, 562, 563, 564, 793, 565, 286, 566, 567, 809, 568, 299, 302, 569, 570, 521, 571, 317, 572, 829, 573, 838, 839, 522, 336, 354, 523, 877, 379, 524, 388, 389, 901, 903, 905, 910, 589, 590, 525, 923, 425, 512, 526, 596, 598, 454, 458, 527, 463, 601, 475, 605, 485, 486, 487, 488, 489, 490, 491, 492, 493, 494, 495, 496, 497, 498, 499, 500, 501, 502, 503, 504, 505, 506, 507, 508, 509, 510, 511]",False,"[25, 39, 57, 69, 486, 520, 534, 544]","[0, 1, 2, 3, 4, 5, 6, 7, 8, 9, 10, 11, 12, 13, 14, 15, 16, 17, 18, 19, 20, 21, 22, 23, 24, 25, 26, 27, 28, 29, 30, 31, 32, 33, 34, 35, 36, 37, 38, 39, 40, 41, 42, 43, 44, 45, 46, 47, 48, 49, 50, 51, 52, 53, 54, 55, 56, 57, 58, 59, 60, 61, 62, 63, 64, 65, 66, 67, 68, 69, 70, 71, 72, 73, 74, 75, 76, 77, 78, 79, 80, 81, 82, 83, 84, 85, 86, 87, 88, 89, 90, 91, 92, 93, 94, 95, 96, 97, 98, 99, 100, 101, 102, 485, 486, 487, 488, 489, 490, 491, 492, 493, 494, 495, 496, 497, 498, 499, 500, 501, 502, 503, 504, 505, 506, 507, 508, 509, 510, 511, 512, 513, 514, 515, 516, 517, 518, 519, 520, 521, 522, 523, 524, 525, 526, 527, 528, 529, 530, 531, 532, 533, 534, 535, 536, 537, 538, 539, 540, 541, 542, 543, 544, 545, 546, 547, 548, 549, 550, 551, 552, 553, 554, 555, 556, 557, 558, 559, 560, 561, 562, 563, 564, 565, 566, 567, 568, 569, 570, 571, 572, 573]","[25, 39, 57, 69, 486, 520, 534, 544]","[57, 69, 534, 544]","[17, 25, 39, 41, 50, 55, 57, 59, 69, 78, 119, 174, 188, 189, 220, 250, 299, 486, 502, 520, 522, 532, 534, 535, 544, 590, 645, 659, 660, 713, 758]","[1, 13, 14, 29, 54, 55, 56, 57, 58, 60, 102, 118, 125, 127, 130, 134, 146, 149, 153, 175, 182, 187, 189, 191, 197, 225, 230, 238, 264, 265, 266, 286, 302, 317, 336, 354, 379, 388, 389, 425, 454, 458, 463, 475, 487, 498, 499, 512, 530, 531, 532, 533, 534, 536, 573, 589, 596, 598, 601, 605, 617, 620, 624, 646, 653, 658, 660, 662, 668, 689, 694, 702, 724, 725, 745, 760, 775, 793, 809, 829, 838, 839, 877, 901, 903, 905, 910, 923]","[1, 13, 14, 29, 54, 55, 56, 57, 58, 60, 102, 118, 125, 127, 130, 134, 146, 149, 153, 175, 182, 187, 189, 191, 197, 225, 230, 238, 264, 265, 266, 286, 302, 317, 336, 379, 388, 389, 425, 454, 458, 463, 475, 487, 498, 499, 512, 530, 531, 532, 533, 534, 536, 573, 589, 596, 598, 601, 605, 617, 620, 624, 646, 653, 658, 660, 662, 668, 689, 694, 702, 724, 725, 745, 760, 775, 793, 829, 838, 839, 877, 901, 903, 905, 910, 923]",7/6 successful match,False,[459],True,158,False,,1.0,True,Holt Interstate Services ( Shell ),Shell
Gila Bend ( 85337 ) Holt Interstate Services ( Shell ),3 928-683-2449 I-8 Exit 119,24 XL,Gila Bend,85337,Holt Interstate Services ( Shell ),928-683-2449,2015,Gila Bend,AZ,Shell,,I-8 Exit 119,Exit,119,False,,False,I-8,,,,,[],"[25, 39, 57, 69, 486, 520, 534, 544]","[25, 39, 57, 69, 486, 520, 534, 544]","[57, 69, 534, 544]","[0, 1, 2, 3, 4, 5, 6, 7, 8, 9, 10, 11, 12, 13, 14, 15, 16, 17, 18, 19, 20, 21, 22, 23, 24, 25, 26, 27, 28, 29, 30, 31, 32, 33, 34, 35, 36, 37, 38, 39, 40, 41, 42, 43, 44, 45, 46, 47, 48, 49, 50, 51, 52, 53, 54, 55, 56, 57, 58, 59, 60, 61, 62, 63, 64, 65, 66, 67, 68, 69, 70, 71, 72, 73, 74, 75, 76, 77, 78, 79, 80, 81, 82, 83, 84, 85, 86, 87, 88, 89, 90, 91, 92, 93, 94, 95, 96, 97, 98, 99, 100, 101, 102, 485, 486, 487, 488, 489, 490, 491, 492, 493, 494, 495, 496, 497, 498, 499, 500, 501, 502, 503, 504, 505, 506, 507, 508, 509, 510, 511, 512, 513, 514, 515, 516, 517, 518, 519, 520, 521, 522, 523, 524, 525, 526, 527, 528, 529, 530, 531, 532, 533, 534, 535, 536, 537, 538, 539, 540, 541, 542, 543, 544, 545, 546, 547, 548, 549, 550, 551, 552, 553, 554, 555, 556, 557, 558, 559, 560, 561, 562, 563, 564, 565, 566, 567, 568, 569, 570, 571, 572, 573]","[17, 25, 39, 41, 50, 55, 57, 59, 69, 78, 119, 174, 188, 189, 220, 250, 299, 486, 502, 520, 522, 532, 534, 535, 544, 590, 645, 659, 660, 713, 758]","[1, 13, 14, 29, 54, 55, 56, 57, 58, 60, 102, 118, 125, 127, 130, 134, 146, 149, 153, 175, 182, 187, 189, 191, 197, 225, 230, 238, 264, 265, 266, 286, 302, 317, 336, 379, 388, 389, 425, 454, 458, 463, 475, 487, 498, 499, 512, 530, 531, 532, 533, 534, 536, 573, 589, 596, 598, 601, 605, 617, 620, 624, 646, 653, 658, 660, 662, 668, 689, 694, 702, 724, 725, 745, 760, 775, 793, 829, 838, 839, 877, 901, 903, 905, 910, 923]","[1, 13, 14, 29, 54, 55, 56, 57, 58, 60, 102, 118, 125, 127, 130, 134, 146, 149, 153, 175, 182, 187, 189, 191, 197, 225, 230, 238, 264, 265, 266, 286, 302, 317, 336, 354, 379, 388, 389, 425, 454, 458, 463, 475, 487, 498, 499, 512, 530, 531, 532, 533, 534, 536, 573, 589, 596, 598, 601, 605, 617, 620, 624, 646, 653, 658, 660, 662, 668, 689, 694, 702, 724, 725, 745, 760, 775, 793, 809, 829, 838, 839, 877, 901, 903, 905, 910, 923]","[0, 1, 2, 3, 4, 5, 6, 7, 520, 8, 9, 10, 11, 12, 13, 14, 15, 16, 17, 18, 19, 20, 534, 21, 22, 25, 23, 24, 26, 27, 28, 29, 544, 30, 31, 32, 33, 34, 35, 39, 36, 37, 38, 40, 41, 42, 43, 44, 45, 46, 47, 48, 49, 50, 51, 52, 53, 57, 54, 55, 56, 58, 59, 60, 61, 62, 63, 64, 65, 69, 66, 67, 68, 70, 71, 72, 73, 74, 75, 76, 77, 78, 79, 80, 81, 82, 83, 84, 85, 86, 87, 88, 89, 90, 91, 92, 93, 94, 95, 96, 97, 98, 99, 100, 101, 102, 528, 529, 530, 617, 620, 513, 531, 624, 532, 118, 119, 533, 125, 127, 130, 535, 645, 134, 646, 514, 536, 653, 537, 146, 538, 659, 660, 149, 658, 539, 153, 662, 668, 540, 515, 541, 542, 543, 174, 175, 689, 182, 545, 694, 516, 187, 546, 188, 189, 191, 702, 547, 197, 548, 713, 549, 550, 517, 724, 551, 725, 552, 220, 553, 225, 554, 230, 555, 745, 518, 556, 238, 557, 758, 558, 760, 250, 559, 560, 519, 561, 264, 265, 266, 775, 562, 563, 564, 793, 565, 286, 566, 567, 809, 568, 299, 302, 569, 570, 521, 571, 317, 572, 829, 573, 838, 839, 522, 336, 354, 523, 877, 379, 524, 388, 389, 901, 903, 905, 910, 589, 590, 525, 923, 425, 512, 526, 596, 598, 454, 458, 527, 463, 601, 475, 605, 485, 486, 487, 488, 489, 490, 491, 492, 493, 494, 495, 496, 497, 498, 499, 500, 501, 502, 503, 504, 505, 506, 507, 508, 509, 510, 511]",False,"[25, 39, 57, 69, 486, 520, 534, 544]","[0, 1, 2, 3, 4, 5, 6, 7, 8, 9, 10, 11, 12, 13, 14, 15, 16, 17, 18, 19, 20, 21, 22, 23, 24, 25, 26, 27, 28, 29, 30, 31, 32, 33, 34, 35, 36, 37, 38, 39, 40, 41, 42, 43, 44, 45, 46, 47, 48, 49, 50, 51, 52, 53, 54, 55, 56, 57, 58, 59, 60, 61, 62, 63, 64, 65, 66, 67, 68, 69, 70, 71, 72, 73, 74, 75, 76, 77, 78, 79, 80, 81, 82, 83, 84, 85, 86, 87, 88, 89, 90, 91, 92, 93, 94, 95, 96, 97, 98, 99, 100, 101, 102, 485, 486, 487, 488, 489, 490, 491, 492, 493, 494, 495, 496, 497, 498, 499, 500, 501, 502, 503, 504, 505, 506, 507, 508, 509, 510, 511, 512, 513, 514, 515, 516, 517, 518, 519, 520, 521, 522, 523, 524, 525, 526, 527, 528, 529, 530, 531, 532, 533, 534, 535, 536, 537, 538, 539, 540, 541, 542, 543, 544, 545, 546, 547, 548, 549, 550, 551, 552, 553, 554, 555, 556, 557, 558, 559, 560, 561, 562, 563, 564, 565, 566, 567, 568, 569, 570, 571, 572, 573]","[25, 39, 57, 69, 486, 520, 534, 544]","[57, 69, 534, 544]","[17, 25, 39, 41, 50, 55, 57, 59, 69, 78, 119, 174, 188, 189, 220, 250, 299, 486, 502, 520, 522, 532, 534, 535, 544, 590, 645, 659, 660, 713, 758]","[1, 13, 14, 29, 54, 55, 56, 57, 58, 60, 102, 118, 125, 127, 130, 134, 146, 149, 153, 175, 182, 187, 189, 191, 197, 225, 230, 238, 264, 265, 266, 286, 302, 317, 336, 354, 379, 388, 389, 425, 454, 458, 463, 475, 487, 498, 499, 512, 530, 531, 532, 533, 534, 536, 573, 589, 596, 598, 601, 605, 617, 620, 624, 646, 653, 658, 660, 662, 668, 689, 694, 702, 724, 725, 745, 760, 775, 793, 809, 829, 838, 839, 877, 901, 903, 905, 910, 923]","[1, 13, 14, 29, 54, 55, 56, 57, 58, 60, 102, 118, 125, 127, 130, 134, 146, 149, 153, 175, 182, 187, 189, 191, 197, 225, 230, 238, 264, 265, 266, 286, 302, 317, 336, 379, 388, 389, 425, 454, 458, 463, 475, 487, 498, 499, 512, 530, 531, 532, 533, 534, 536, 573, 589, 596, 598, 601, 605, 617, 620, 624, 646, 653, 658, 660, 662, 668, 689, 694, 702, 724, 725, 745, 760, 775, 793, 829, 838, 839, 877, 901, 903, 905, 910, 923]",7/6 successful match,False,[459],True,158,False,,1.0,True,Holt Interstate Services N ) ( Shell ),Shell
G Gila Bend ( 85337 ) Holt Interstate Services ( Shell ),928-683-2449 I-8 Exit 119,XL,Gila Bend,85337,Holt Interstate Services ( Shell ),928-683-2449,2016,Gila Bend,AZ,Shell,,I-8 Exit 119,Exit,119,False,,False,I-8,,,,,[],"[25, 39, 57, 69, 486, 520, 534, 544]","[25, 39, 57, 69, 486, 520, 534, 544]","[57, 69, 534, 544]","[0, 1, 2, 3, 4, 5, 6, 7, 8, 9, 10, 11, 12, 13, 14, 15, 16, 17, 18, 19, 20, 21, 22, 23, 24, 25, 26, 27, 28, 29, 30, 31, 32, 33, 34, 35, 36, 37, 38, 39, 40, 41, 42, 43, 44, 45, 46, 47, 48, 49, 50, 51, 52, 53, 54, 55, 56, 57, 58, 59, 60, 61, 62, 63, 64, 65, 66, 67, 68, 69, 70, 71, 72, 73, 74, 75, 76, 77, 78, 79, 80, 81, 82, 83, 84, 85, 86, 87, 88, 89, 90, 91, 92, 93, 94, 95, 96, 97, 98, 99, 100, 101, 102, 485, 486, 487, 488, 489, 490, 491, 492, 493, 494, 495, 496, 497, 498, 499, 500, 501, 502, 503, 504, 505, 506, 507, 508, 509, 510, 511, 512, 513, 514, 515, 516, 517, 518, 519, 520, 521, 522, 523, 524, 525, 526, 527, 528, 529, 530, 531, 532, 533, 534, 535, 536, 537, 538, 539, 540, 541, 542, 543, 544, 545, 546, 547, 548, 549, 550, 551, 552, 553, 554, 555, 556, 557, 558, 559, 560, 561, 562, 563, 564, 565, 566, 567, 568, 569, 570, 571, 572, 573]","[17, 25, 39, 41, 50, 55, 57, 59, 69, 78, 119, 174, 188, 189, 220, 250, 299, 486, 502, 520, 522, 532, 534, 535, 544, 590, 645, 659, 660, 713, 758]","[1, 13, 14, 29, 54, 55, 56, 57, 58, 60, 102, 118, 125, 127, 130, 134, 146, 149, 153, 175, 182, 187, 189, 191, 197, 225, 230, 238, 264, 265, 266, 286, 302, 317, 336, 379, 388, 389, 425, 454, 458, 463, 475, 487, 498, 499, 512, 530, 531, 532, 533, 534, 536, 573, 589, 596, 598, 601, 605, 617, 620, 624, 646, 653, 658, 660, 662, 668, 689, 694, 702, 724, 725, 745, 760, 775, 793, 829, 838, 839, 877, 901, 903, 905, 910, 923]","[1, 13, 14, 29, 54, 55, 56, 57, 58, 60, 102, 118, 125, 127, 130, 134, 146, 149, 153, 175, 182, 187, 189, 191, 197, 225, 230, 238, 264, 265, 266, 286, 302, 317, 336, 354, 379, 388, 389, 425, 454, 458, 463, 475, 487, 498, 499, 512, 530, 531, 532, 533, 534, 536, 573, 589, 596, 598, 601, 605, 617, 620, 624, 646, 653, 658, 660, 662, 668, 689, 694, 702, 724, 725, 745, 760, 775, 793, 809, 829, 838, 839, 877, 901, 903, 905, 910, 923]","[0, 1, 2, 3, 4, 5, 6, 7, 520, 8, 9, 10, 11, 12, 13, 14, 15, 16, 17, 18, 19, 20, 534, 21, 22, 25, 23, 24, 26, 27, 28, 29, 544, 30, 31, 32, 33, 34, 35, 39, 36, 37, 38, 40, 41, 42, 43, 44, 45, 46, 47, 48, 49, 50, 51, 52, 53, 57, 54, 55, 56, 58, 59, 60, 61, 62, 63, 64, 65, 69, 66, 67, 68, 70, 71, 72, 73, 74, 75, 76, 77, 78, 79, 80, 81, 82, 83, 84, 85, 86, 87, 88, 89, 90, 91, 92, 93, 94, 95, 96, 97, 98, 99, 100, 101, 102, 528, 529, 530, 617, 620, 513, 531, 624, 532, 118, 119, 533, 125, 127, 130, 535, 645, 134, 646, 514, 536, 653, 537, 146, 538, 659, 660, 149, 658, 539, 153, 662, 668, 540, 515, 541, 542, 543, 174, 175, 689, 182, 545, 694, 516, 187, 546, 188, 189, 191, 702, 547, 197, 548, 713, 549, 550, 517, 724, 551, 725, 552, 220, 553, 225, 554, 230, 555, 745, 518, 556, 238, 557, 758, 558, 760, 250, 559, 560, 519, 561, 264, 265, 266, 775, 562, 563, 564, 793, 565, 286, 566, 567, 809, 568, 299, 302, 569, 570, 521, 571, 317, 572, 829, 573, 838, 839, 522, 336, 354, 523, 877, 379, 524, 388, 389, 901, 903, 905, 910, 589, 590, 525, 923, 425, 512, 526, 596, 598, 454, 458, 527, 463, 601, 475, 605, 485, 486, 487, 488, 489, 490, 491, 492, 493, 494, 495, 496, 497, 498, 499, 500, 501, 502, 503, 504, 505, 506, 507, 508, 509, 510, 511]",False,"[25, 39, 57, 69, 486, 520, 534, 544]","[0, 1, 2, 3, 4, 5, 6, 7, 8, 9, 10, 11, 12, 13, 14, 15, 16, 17, 18, 19, 20, 21, 22, 23, 24, 25, 26, 27, 28, 29, 30, 31, 32, 33, 34, 35, 36, 37, 38, 39, 40, 41, 42, 43, 44, 45, 46, 47, 48, 49, 50, 51, 52, 53, 54, 55, 56, 57, 58, 59, 60, 61, 62, 63, 64, 65, 66, 67, 68, 69, 70, 71, 72, 73, 74, 75, 76, 77, 78, 79, 80, 81, 82, 83, 84, 85, 86, 87, 88, 89, 90, 91, 92, 93, 94, 95, 96, 97, 98, 99, 100, 101, 102, 485, 486, 487, 488, 489, 490, 491, 492, 493, 494, 495, 496, 497, 498, 499, 500, 501, 502, 503, 504, 505, 506, 507, 508, 509, 510, 511, 512, 513, 514, 515, 516, 517, 518, 519, 520, 521, 522, 523, 524, 525, 526, 527, 528, 529, 530, 531, 532, 533, 534, 535, 536, 537, 538, 539, 540, 541, 542, 543, 544, 545, 546, 547, 548, 549, 550, 551, 552, 553, 554, 555, 556, 557, 558, 559, 560, 561, 562, 563, 564, 565, 566, 567, 568, 569, 570, 571, 572, 573]","[25, 39, 57, 69, 486, 520, 534, 544]","[57, 69, 534, 544]","[17, 25, 39, 41, 50, 55, 57, 59, 69, 78, 119, 174, 188, 189, 220, 250, 299, 486, 502, 520, 522, 532, 534, 535, 544, 590, 645, 659, 660, 713, 758]","[1, 13, 14, 29, 54, 55, 56, 57, 58, 60, 102, 118, 125, 127, 130, 134, 146, 149, 153, 175, 182, 187, 189, 191, 197, 225, 230, 238, 264, 265, 266, 286, 302, 317, 336, 354, 379, 388, 389, 425, 454, 458, 463, 475, 487, 498, 499, 512, 530, 531, 532, 533, 534, 536, 573, 589, 596, 598, 601, 605, 617, 620, 624, 646, 653, 658, 660, 662, 668, 689, 694, 702, 724, 725, 745, 760, 775, 793, 809, 829, 838, 839, 877, 901, 903, 905, 910, 923]","[1, 13, 14, 29, 54, 55, 56, 57, 58, 60, 102, 118, 125, 127, 130, 134, 146, 149, 153, 175, 182, 187, 189, 191, 197, 225, 230, 238, 264, 265, 266, 286, 302, 317, 336, 379, 388, 389, 425, 454, 458, 463, 475, 487, 498, 499, 512, 530, 531, 532, 533, 534, 536, 573, 589, 596, 598, 601, 605, 617, 620, 624, 646, 653, 658, 660, 662, 668, 689, 694, 702, 724, 725, 745, 760, 775, 793, 829, 838, 839, 877, 901, 903, 905, 910, 923]",7/6 successful match,False,[459],True,158,False,,1.0,True,Holt Interstate Services ( Shell ),Shell
"F Quartzsite , 85346 Love's Travel Stop # 286",928-927-8570 I-10 Exit 17,,Quartzsite,85346,Love's Travel Stop # 286,928-927-8570,2006,Quartzsite,AZ,Love's,,I-10 Exit 17,Exit,17,False,,False,I-10,,,,,"[38, 519]","[38, 84, 519, 555]","[0, 38, 73, 84, 485, 519, 547, 555]","[38, 73, 143, 295, 519, 547, 614, 754]","[0, 1, 2, 3, 4, 5, 6, 7, 8, 9, 10, 11, 12, 13, 14, 15, 16, 17, 18, 19, 20, 21, 22, 23, 24, 25, 26, 27, 28, 29, 30, 31, 32, 33, 34, 35, 36, 37, 38, 39, 40, 41, 42, 43, 44, 45, 46, 47, 48, 49, 50, 51, 52, 53, 54, 55, 56, 57, 58, 59, 60, 61, 62, 63, 64, 65, 66, 67, 68, 69, 70, 71, 72, 73, 74, 75, 76, 77, 78, 79, 80, 81, 82, 83, 84, 85, 86, 87, 88, 89, 90, 91, 92, 93, 94, 95, 96, 97, 98, 99, 100, 101, 102, 485, 486, 487, 488, 489, 490, 491, 492, 493, 494, 495, 496, 497, 498, 499, 500, 501, 502, 503, 504, 505, 506, 507, 508, 509, 510, 511, 512, 513, 514, 515, 516, 517, 518, 519, 520, 521, 522, 523, 524, 525, 526, 527, 528, 529, 530, 531, 532, 533, 534, 535, 536, 537, 538, 539, 540, 541, 542, 543, 544, 545, 546, 547, 548, 549, 550, 551, 552, 553, 554, 555, 556, 557, 558, 559, 560, 561, 562, 563, 564, 565, 566, 567, 568, 569, 570, 571, 572, 573]","[0, 5, 7, 10, 14, 19, 20, 22, 24, 32, 33, 34, 37, 38, 40, 44, 46, 48, 49, 51, 56, 61, 63, 65, 67, 68, 73, 74, 75, 76, 79, 81, 82, 83, 85, 87, 88, 92, 93, 95, 96, 99, 100, 101, 115, 116, 124, 134, 142, 161, 167, 169, 170, 186, 202, 240, 244, 254, 260, 267, 277, 300, 303, 307, 310, 322, 331, 376, 485, 491, 493, 495, 499, 503, 504, 506, 508, 515, 518, 519, 521, 524, 526, 528, 533, 537, 539, 542, 543, 547, 548, 549, 550, 551, 553, 554, 556, 558, 559, 563, 564, 566, 567, 570, 571, 572, 586, 587, 595, 605, 613, 633, 639, 640, 641, 657, 672, 704, 717, 726, 736, 759, 761, 765, 768, 780, 788, 792, 826]","[34, 35, 36, 37, 38, 39, 40, 41, 42, 43, 44, 45, 46, 47, 48, 201, 202, 203, 204, 205, 206, 207, 208, 209, 210, 211, 212, 213, 214, 215, 216, 355, 356, 357, 358, 359, 360, 361, 429, 430, 431, 432, 433, 434, 435, 515, 516, 517, 518, 519, 520, 521, 522, 523, 524, 525, 526, 527, 672, 673, 674, 675, 676, 677, 678, 679, 680, 681, 682, 683, 684, 810, 811, 812, 813, 814, 881, 882, 883, 884, 885, 886]","[32, 33, 34, 35, 36, 37, 38, 39, 40, 41, 42, 43, 44, 45, 46, 47, 48, 201, 202, 203, 204, 205, 206, 207, 208, 209, 210, 211, 212, 213, 214, 215, 216, 355, 356, 357, 358, 359, 360, 361, 429, 430, 431, 432, 433, 434, 435, 515, 516, 517, 518, 519, 520, 521, 522, 523, 524, 525, 526, 527, 672, 673, 674, 675, 676, 677, 678, 679, 680, 681, 682, 683, 684, 810, 811, 812, 813, 814, 881, 882, 883, 884, 885, 886]","[0, 1, 2, 3, 4, 5, 6, 519, 7, 8, 9, 10, 11, 12, 13, 14, 15, 16, 17, 18, 19, 20, 21, 22, 23, 24, 25, 26, 27, 28, 29, 30, 31, 32, 33, 547, 34, 35, 38, 36, 37, 39, 40, 555, 41, 42, 43, 44, 45, 46, 47, 48, 49, 50, 51, 52, 53, 54, 55, 56, 57, 58, 59, 60, 61, 62, 63, 64, 65, 66, 67, 68, 69, 73, 70, 71, 72, 74, 75, 76, 77, 78, 79, 80, 84, 81, 82, 83, 85, 86, 87, 88, 89, 90, 91, 92, 93, 94, 95, 96, 97, 98, 614, 99, 100, 101, 102, 529, 530, 613, 513, 531, 115, 116, 532, 633, 533, 124, 534, 639, 640, 641, 535, 134, 514, 536, 537, 143, 142, 657, 538, 539, 540, 672, 515, 541, 161, 673, 674, 675, 542, 167, 169, 170, 676, 543, 677, 678, 679, 680, 681, 544, 682, 683, 684, 545, 516, 186, 546, 704, 548, 201, 202, 549, 203, 717, 204, 205, 550, 206, 207, 517, 208, 551, 726, 209, 210, 211, 552, 212, 213, 214, 215, 553, 736, 216, 554, 518, 556, 240, 754, 557, 244, 759, 558, 761, 559, 254, 765, 768, 560, 260, 561, 267, 562, 780, 563, 788, 277, 564, 792, 565, 520, 566, 567, 295, 568, 810, 300, 811, 812, 569, 303, 813, 814, 307, 570, 310, 521, 571, 826, 572, 322, 573, 331, 522, 355, 356, 357, 358, 359, 360, 523, 361, 881, 882, 883, 884, 885, 886, 376, 528, 524, 586, 587, 525, 429, 430, 512, 431, 432, 595, 433, 526, 434, 435, 527, 605, 485, 486, 487, 488, 489, 490, 491, 492, 493, 494, 495, 496, 497, 498, 499, 500, 501, 502, 503, 504, 505, 506, 507, 508, 509, 510, 511]",True,"[38, 84, 519, 555]","[0, 1, 2, 3, 4, 5, 6, 7, 8, 9, 10, 11, 12, 13, 14, 15, 16, 17, 18, 19, 20, 21, 22, 23, 24, 25, 26, 27, 28, 29, 30, 31, 32, 33, 34, 35, 36, 37, 38, 39, 40, 41, 42, 43, 44, 45, 46, 47, 48, 49, 50, 51, 52, 53, 54, 55, 56, 57, 58, 59, 60, 61, 62, 63, 64, 65, 66, 67, 68, 69, 70, 71, 72, 73, 74, 75, 76, 77, 78, 79, 80, 81, 82, 83, 84, 85, 86, 87, 88, 89, 90, 91, 92, 93, 94, 95, 96, 97, 98, 99, 100, 101, 102, 485, 486, 487, 488, 489, 490, 491, 492, 493, 494, 495, 496, 497, 498, 499, 500, 501, 502, 503, 504, 505, 506, 507, 508, 509, 510, 511, 512, 513, 514, 515, 516, 517, 518, 519, 520, 521, 522, 523, 524, 525, 526, 527, 528, 529, 530, 531, 532, 533, 534, 535, 536, 537, 538, 539, 540, 541, 542, 543, 544, 545, 546, 547, 548, 549, 550, 551, 552, 553, 554, 555, 556, 557, 558, 559, 560, 561, 562, 563, 564, 565, 566, 567, 568, 569, 570, 571, 572, 573]","[0, 38, 73, 84, 485, 519, 547, 555]","[38, 73, 143, 295, 519, 547, 614, 754]","[0, 5, 7, 10, 14, 19, 20, 22, 24, 32, 33, 34, 37, 38, 40, 44, 46, 48, 49, 51, 56, 61, 63, 65, 67, 68, 73, 74, 75, 76, 79, 81, 82, 83, 85, 87, 88, 92, 93, 95, 96, 99, 100, 101, 115, 116, 124, 134, 142, 161, 167, 169, 170, 186, 202, 240, 244, 254, 260, 267, 277, 300, 303, 307, 310, 322, 331, 376, 485, 491, 493, 495, 499, 503, 504, 506, 508, 515, 518, 519, 521, 524, 526, 528, 533, 537, 539, 542, 543, 547, 548, 549, 550, 551, 553, 554, 556, 558, 559, 563, 564, 566, 567, 570, 571, 572, 586, 587, 595, 605, 613, 633, 639, 640, 641, 657, 672, 704, 717, 726, 736, 759, 761, 765, 768, 780, 788, 792, 826]","[32, 33, 34, 35, 36, 37, 38, 39, 40, 41, 42, 43, 44, 45, 46, 47, 48, 201, 202, 203, 204, 205, 206, 207, 208, 209, 210, 211, 212, 213, 214, 215, 216, 355, 356, 357, 358, 359, 360, 361, 429, 430, 431, 432, 433, 434, 435, 515, 516, 517, 518, 519, 520, 521, 522, 523, 524, 525, 526, 527, 672, 673, 674, 675, 676, 677, 678, 679, 680, 681, 682, 683, 684, 810, 811, 812, 813, 814, 881, 882, 883, 884, 885, 886]","[34, 35, 36, 37, 38, 39, 40, 41, 42, 43, 44, 45, 46, 47, 48, 201, 202, 203, 204, 205, 206, 207, 208, 209, 210, 211, 212, 213, 214, 215, 216, 355, 356, 357, 358, 359, 360, 361, 429, 430, 431, 432, 433, 434, 435, 515, 516, 517, 518, 519, 520, 521, 522, 523, 524, 525, 526, 527, 672, 673, 674, 675, 676, 677, 678, 679, 680, 681, 682, 683, 684, 810, 811, 812, 813, 814, 881, 882, 883, 884, 885, 886]",7/6 successful match,True,"[468, 469, 470, 471]",True,159,False,,,,,
"F Quartzsite , 85346 Love's Travel Stop # 286",928-927-8570 I-10 Exit 17,24 HRS S,Quartzsite,85346,Love's Travel Stop # 286,928-927-8570,2007,Quartzsite,AZ,Love's,,I-10 Exit 17,Exit,17,False,,False,I-10,,,,,"[38, 519]","[38, 84, 519, 555]","[0, 38, 73, 84, 485, 519, 547, 555]","[38, 73, 143, 295, 519, 547, 614, 754]","[0, 1, 2, 3, 4, 5, 6, 7, 8, 9, 10, 11, 12, 13, 14, 15, 16, 17, 18, 19, 20, 21, 22, 23, 24, 25, 26, 27, 28, 29, 30, 31, 32, 33, 34, 35, 36, 37, 38, 39, 40, 41, 42, 43, 44, 45, 46, 47, 48, 49, 50, 51, 52, 53, 54, 55, 56, 57, 58, 59, 60, 61, 62, 63, 64, 65, 66, 67, 68, 69, 70, 71, 72, 73, 74, 75, 76, 77, 78, 79, 80, 81, 82, 83, 84, 85, 86, 87, 88, 89, 90, 91, 92, 93, 94, 95, 96, 97, 98, 99, 100, 101, 102, 485, 486, 487, 488, 489, 490, 491, 492, 493, 494, 495, 496, 497, 498, 499, 500, 501, 502, 503, 504, 505, 506, 507, 508, 509, 510, 511, 512, 513, 514, 515, 516, 517, 518, 519, 520, 521, 522, 523, 524, 525, 526, 527, 528, 529, 530, 531, 532, 533, 534, 535, 536, 537, 538, 539, 540, 541, 542, 543, 544, 545, 546, 547, 548, 549, 550, 551, 552, 553, 554, 555, 556, 557, 558, 559, 560, 561, 562, 563, 564, 565, 566, 567, 568, 569, 570, 571, 572, 573]","[0, 5, 7, 10, 14, 19, 20, 22, 24, 32, 33, 34, 37, 38, 40, 44, 46, 48, 49, 51, 56, 61, 63, 65, 67, 68, 73, 74, 75, 76, 79, 81, 82, 83, 85, 87, 88, 92, 93, 95, 96, 99, 100, 101, 115, 116, 124, 134, 142, 161, 167, 169, 170, 186, 202, 240, 244, 254, 260, 267, 277, 300, 303, 307, 310, 322, 331, 376, 485, 491, 493, 495, 499, 503, 504, 506, 508, 515, 518, 519, 521, 524, 526, 528, 533, 537, 539, 542, 543, 547, 548, 549, 550, 551, 553, 554, 556, 558, 559, 563, 564, 566, 567, 570, 571, 572, 586, 587, 595, 605, 613, 633, 639, 640, 641, 657, 672, 704, 717, 726, 736, 759, 761, 765, 768, 780, 788, 792, 826]","[34, 35, 36, 37, 38, 39, 40, 41, 42, 43, 44, 45, 46, 47, 48, 201, 202, 203, 204, 205, 206, 207, 208, 209, 210, 211, 212, 213, 214, 215, 216, 355, 356, 357, 358, 359, 360, 361, 429, 430, 431, 432, 433, 434, 435, 515, 516, 517, 518, 519, 520, 521, 522, 523, 524, 525, 526, 527, 672, 673, 674, 675, 676, 677, 678, 679, 680, 681, 682, 683, 684, 810, 811, 812, 813, 814, 881, 882, 883, 884, 885, 886]","[32, 33, 34, 35, 36, 37, 38, 39, 40, 41, 42, 43, 44, 45, 46, 47, 48, 201, 202, 203, 204, 205, 206, 207, 208, 209, 210, 211, 212, 213, 214, 215, 216, 355, 356, 357, 358, 359, 360, 361, 429, 430, 431, 432, 433, 434, 435, 515, 516, 517, 518, 519, 520, 521, 522, 523, 524, 525, 526, 527, 672, 673, 674, 675, 676, 677, 678, 679, 680, 681, 682, 683, 684, 810, 811, 812, 813, 814, 881, 882, 883, 884, 885, 886]","[0, 1, 2, 3, 4, 5, 6, 519, 7, 8, 9, 10, 11, 12, 13, 14, 15, 16, 17, 18, 19, 20, 21, 22, 23, 24, 25, 26, 27, 28, 29, 30, 31, 32, 33, 547, 34, 35, 38, 36, 37, 39, 40, 555, 41, 42, 43, 44, 45, 46, 47, 48, 49, 50, 51, 52, 53, 54, 55, 56, 57, 58, 59, 60, 61, 62, 63, 64, 65, 66, 67, 68, 69, 73, 70, 71, 72, 74, 75, 76, 77, 78, 79, 80, 84, 81, 82, 83, 85, 86, 87, 88, 89, 90, 91, 92, 93, 94, 95, 96, 97, 98, 614, 99, 100, 101, 102, 529, 530, 613, 513, 531, 115, 116, 532, 633, 533, 124, 534, 639, 640, 641, 535, 134, 514, 536, 537, 143, 142, 657, 538, 539, 540, 672, 515, 541, 161, 673, 674, 675, 542, 167, 169, 170, 676, 543, 677, 678, 679, 680, 681, 544, 682, 683, 684, 545, 516, 186, 546, 704, 548, 201, 202, 549, 203, 717, 204, 205, 550, 206, 207, 517, 208, 551, 726, 209, 210, 211, 552, 212, 213, 214, 215, 553, 736, 216, 554, 518, 556, 240, 754, 557, 244, 759, 558, 761, 559, 254, 765, 768, 560, 260, 561, 267, 562, 780, 563, 788, 277, 564, 792, 565, 520, 566, 567, 295, 568, 810, 300, 811, 812, 569, 303, 813, 814, 307, 570, 310, 521, 571, 826, 572, 322, 573, 331, 522, 355, 356, 357, 358, 359, 360, 523, 361, 881, 882, 883, 884, 885, 886, 376, 528, 524, 586, 587, 525, 429, 430, 512, 431, 432, 595, 433, 526, 434, 435, 527, 605, 485, 486, 487, 488, 489, 490, 491, 492, 493, 494, 495, 496, 497, 498, 499, 500, 501, 502, 503, 504, 505, 506, 507, 508, 509, 510, 511]",True,"[38, 84, 519, 555]","[0, 1, 2, 3, 4, 5, 6, 7, 8, 9, 10, 11, 12, 13, 14, 15, 16, 17, 18, 19, 20, 21, 22, 23, 24, 25, 26, 27, 28, 29, 30, 31, 32, 33, 34, 35, 36, 37, 38, 39, 40, 41, 42, 43, 44, 45, 46, 47, 48, 49, 50, 51, 52, 53, 54, 55, 56, 57, 58, 59, 60, 61, 62, 63, 64, 65, 66, 67, 68, 69, 70, 71, 72, 73, 74, 75, 76, 77, 78, 79, 80, 81, 82, 83, 84, 85, 86, 87, 88, 89, 90, 91, 92, 93, 94, 95, 96, 97, 98, 99, 100, 101, 102, 485, 486, 487, 488, 489, 490, 491, 492, 493, 494, 495, 496, 497, 498, 499, 500, 501, 502, 503, 504, 505, 506, 507, 508, 509, 510, 511, 512, 513, 514, 515, 516, 517, 518, 519, 520, 521, 522, 523, 524, 525, 526, 527, 528, 529, 530, 531, 532, 533, 534, 535, 536, 537, 538, 539, 540, 541, 542, 543, 544, 545, 546, 547, 548, 549, 550, 551, 552, 553, 554, 555, 556, 557, 558, 559, 560, 561, 562, 563, 564, 565, 566, 567, 568, 569, 570, 571, 572, 573]","[0, 38, 73, 84, 485, 519, 547, 555]","[38, 73, 143, 295, 519, 547, 614, 754]","[0, 5, 7, 10, 14, 19, 20, 22, 24, 32, 33, 34, 37, 38, 40, 44, 46, 48, 49, 51, 56, 61, 63, 65, 67, 68, 73, 74, 75, 76, 79, 81, 82, 83, 85, 87, 88, 92, 93, 95, 96, 99, 100, 101, 115, 116, 124, 134, 142, 161, 167, 169, 170, 186, 202, 240, 244, 254, 260, 267, 277, 300, 303, 307, 310, 322, 331, 376, 485, 491, 493, 495, 499, 503, 504, 506, 508, 515, 518, 519, 521, 524, 526, 528, 533, 537, 539, 542, 543, 547, 548, 549, 550, 551, 553, 554, 556, 558, 559, 563, 564, 566, 567, 570, 571, 572, 586, 587, 595, 605, 613, 633, 639, 640, 641, 657, 672, 704, 717, 726, 736, 759, 761, 765, 768, 780, 788, 792, 826]","[32, 33, 34, 35, 36, 37, 38, 39, 40, 41, 42, 43, 44, 45, 46, 47, 48, 201, 202, 203, 204, 205, 206, 207, 208, 209, 210, 211, 212, 213, 214, 215, 216, 355, 356, 357, 358, 359, 360, 361, 429, 430, 431, 432, 433, 434, 435, 515, 516, 517, 518, 519, 520, 521, 522, 523, 524, 525, 526, 527, 672, 673, 674, 675, 676, 677, 678, 679, 680, 681, 682, 683, 684, 810, 811, 812, 813, 814, 881, 882, 883, 884, 885, 886]","[34, 35, 36, 37, 38, 39, 40, 41, 42, 43, 44, 45, 46, 47, 48, 201, 202, 203, 204, 205, 206, 207, 208, 209, 210, 211, 212, 213, 214, 215, 216, 355, 356, 357, 358, 359, 360, 361, 429, 430, 431, 432, 433, 434, 435, 515, 516, 517, 518, 519, 520, 521, 522, 523, 524, 525, 526, 527, 672, 673, 674, 675, 676, 677, 678, 679, 680, 681, 682, 683, 684, 810, 811, 812, 813, 814, 881, 882, 883, 884, 885, 886]",7/6 successful match,True,"[468, 469, 470, 471]",True,159,False,,1.0,True,Love's Travel Stop # 286,Love's
"Quartzsite , 85346 Love's Travel Stop # 286",928-927-8570 I-10 Exit 17,24 HRS S,Quartzsite,85346,Love's Travel Stop # 286,928-927-8570,2008,Quartzsite,AZ,Love's,,I-10 Exit 17,Exit,17,False,,False,I-10,,,,,"[38, 519]","[38, 84, 519, 555]","[0, 38, 73, 84, 485, 519, 547, 555]","[38, 73, 143, 295, 519, 547, 614, 754]","[0, 1, 2, 3, 4, 5, 6, 7, 8, 9, 10, 11, 12, 13, 14, 15, 16, 17, 18, 19, 20, 21, 22, 23, 24, 25, 26, 27, 28, 29, 30, 31, 32, 33, 34, 35, 36, 37, 38, 39, 40, 41, 42, 43, 44, 45, 46, 47, 48, 49, 50, 51, 52, 53, 54, 55, 56, 57, 58, 59, 60, 61, 62, 63, 64, 65, 66, 67, 68, 69, 70, 71, 72, 73, 74, 75, 76, 77, 78, 79, 80, 81, 82, 83, 84, 85, 86, 87, 88, 89, 90, 91, 92, 93, 94, 95, 96, 97, 98, 99, 100, 101, 102, 485, 486, 487, 488, 489, 490, 491, 492, 493, 494, 495, 496, 497, 498, 499, 500, 501, 502, 503, 504, 505, 506, 507, 508, 509, 510, 511, 512, 513, 514, 515, 516, 517, 518, 519, 520, 521, 522, 523, 524, 525, 526, 527, 528, 529, 530, 531, 532, 533, 534, 535, 536, 537, 538, 539, 540, 541, 542, 543, 544, 545, 546, 547, 548, 549, 550, 551, 552, 553, 554, 555, 556, 557, 558, 559, 560, 561, 562, 563, 564, 565, 566, 567, 568, 569, 570, 571, 572, 573]","[0, 5, 7, 10, 14, 19, 20, 22, 24, 32, 33, 34, 37, 38, 40, 44, 46, 48, 49, 51, 56, 61, 63, 65, 67, 68, 73, 74, 75, 76, 79, 81, 82, 83, 85, 87, 88, 92, 93, 95, 96, 99, 100, 101, 115, 116, 124, 134, 142, 161, 167, 169, 170, 186, 202, 240, 244, 254, 260, 267, 277, 300, 303, 307, 310, 322, 331, 376, 485, 491, 493, 495, 499, 503, 504, 506, 508, 515, 518, 519, 521, 524, 526, 528, 533, 537, 539, 542, 543, 547, 548, 549, 550, 551, 553, 554, 556, 558, 559, 563, 564, 566, 567, 570, 571, 572, 586, 587, 595, 605, 613, 633, 639, 640, 641, 657, 672, 704, 717, 726, 736, 759, 761, 765, 768, 780, 788, 792, 826]","[34, 35, 36, 37, 38, 39, 40, 41, 42, 43, 44, 45, 46, 47, 48, 201, 202, 203, 204, 205, 206, 207, 208, 209, 210, 211, 212, 213, 214, 215, 216, 355, 356, 357, 358, 359, 360, 361, 429, 430, 431, 432, 433, 434, 435, 515, 516, 517, 518, 519, 520, 521, 522, 523, 524, 525, 526, 527, 672, 673, 674, 675, 676, 677, 678, 679, 680, 681, 682, 683, 684, 810, 811, 812, 813, 814, 881, 882, 883, 884, 885, 886]","[32, 33, 34, 35, 36, 37, 38, 39, 40, 41, 42, 43, 44, 45, 46, 47, 48, 201, 202, 203, 204, 205, 206, 207, 208, 209, 210, 211, 212, 213, 214, 215, 216, 355, 356, 357, 358, 359, 360, 361, 429, 430, 431, 432, 433, 434, 435, 515, 516, 517, 518, 519, 520, 521, 522, 523, 524, 525, 526, 527, 672, 673, 674, 675, 676, 677, 678, 679, 680, 681, 682, 683, 684, 810, 811, 812, 813, 814, 881, 882, 883, 884, 885, 886]","[0, 1, 2, 3, 4, 5, 6, 519, 7, 8, 9, 10, 11, 12, 13, 14, 15, 16, 17, 18, 19, 20, 21, 22, 23, 24, 25, 26, 27, 28, 29, 30, 31, 32, 33, 547, 34, 35, 38, 36, 37, 39, 40, 555, 41, 42, 43, 44, 45, 46, 47, 48, 49, 50, 51, 52, 53, 54, 55, 56, 57, 58, 59, 60, 61, 62, 63, 64, 65, 66, 67, 68, 69, 73, 70, 71, 72, 74, 75, 76, 77, 78, 79, 80, 84, 81, 82, 83, 85, 86, 87, 88, 89, 90, 91, 92, 93, 94, 95, 96, 97, 98, 614, 99, 100, 101, 102, 529, 530, 613, 513, 531, 115, 116, 532, 633, 533, 124, 534, 639, 640, 641, 535, 134, 514, 536, 537, 143, 142, 657, 538, 539, 540, 672, 515, 541, 161, 673, 674, 675, 542, 167, 169, 170, 676, 543, 677, 678, 679, 680, 681, 544, 682, 683, 684, 545, 516, 186, 546, 704, 548, 201, 202, 549, 203, 717, 204, 205, 550, 206, 207, 517, 208, 551, 726, 209, 210, 211, 552, 212, 213, 214, 215, 553, 736, 216, 554, 518, 556, 240, 754, 557, 244, 759, 558, 761, 559, 254, 765, 768, 560, 260, 561, 267, 562, 780, 563, 788, 277, 564, 792, 565, 520, 566, 567, 295, 568, 810, 300, 811, 812, 569, 303, 813, 814, 307, 570, 310, 521, 571, 826, 572, 322, 573, 331, 522, 355, 356, 357, 358, 359, 360, 523, 361, 881, 882, 883, 884, 885, 886, 376, 528, 524, 586, 587, 525, 429, 430, 512, 431, 432, 595, 433, 526, 434, 435, 527, 605, 485, 486, 487, 488, 489, 490, 491, 492, 493, 494, 495, 496, 497, 498, 499, 500, 501, 502, 503, 504, 505, 506, 507, 508, 509, 510, 511]",True,"[38, 84, 519, 555]","[0, 1, 2, 3, 4, 5, 6, 7, 8, 9, 10, 11, 12, 13, 14, 15, 16, 17, 18, 19, 20, 21, 22, 23, 24, 25, 26, 27, 28, 29, 30, 31, 32, 33, 34, 35, 36, 37, 38, 39, 40, 41, 42, 43, 44, 45, 46, 47, 48, 49, 50, 51, 52, 53, 54, 55, 56, 57, 58, 59, 60, 61, 62, 63, 64, 65, 66, 67, 68, 69, 70, 71, 72, 73, 74, 75, 76, 77, 78, 79, 80, 81, 82, 83, 84, 85, 86, 87, 88, 89, 90, 91, 92, 93, 94, 95, 96, 97, 98, 99, 100, 101, 102, 485, 486, 487, 488, 489, 490, 491, 492, 493, 494, 495, 496, 497, 498, 499, 500, 501, 502, 503, 504, 505, 506, 507, 508, 509, 510, 511, 512, 513, 514, 515, 516, 517, 518, 519, 520, 521, 522, 523, 524, 525, 526, 527, 528, 529, 530, 531, 532, 533, 534, 535, 536, 537, 538, 539, 540, 541, 542, 543, 544, 545, 546, 547, 548, 549, 550, 551, 552, 553, 554, 555, 556, 557, 558, 559, 560, 561, 562, 563, 564, 565, 566, 567, 568, 569, 570, 571, 572, 573]","[0, 38, 73, 84, 485, 519, 547, 555]","[38, 73, 143, 295, 519, 547, 614, 754]","[0, 5, 7, 10, 14, 19, 20, 22, 24, 32, 33, 34, 37, 38, 40, 44, 46, 48, 49, 51, 56, 61, 63, 65, 67, 68, 73, 74, 75, 76, 79, 81, 82, 83, 85, 87, 88, 92, 93, 95, 96, 99, 100, 101, 115, 116, 124, 134, 142, 161, 167, 169, 170, 186, 202, 240, 244, 254, 260, 267, 277, 300, 303, 307, 310, 322, 331, 376, 485, 491, 493, 495, 499, 503, 504, 506, 508, 515, 518, 519, 521, 524, 526, 528, 533, 537, 539, 542, 543, 547, 548, 549, 550, 551, 553, 554, 556, 558, 559, 563, 564, 566, 567, 570, 571, 572, 586, 587, 595, 605, 613, 633, 639, 640, 641, 657, 672, 704, 717, 726, 736, 759, 761, 765, 768, 780, 788, 792, 826]","[32, 33, 34, 35, 36, 37, 38, 39, 40, 41, 42, 43, 44, 45, 46, 47, 48, 201, 202, 203, 204, 205, 206, 207, 208, 209, 210, 211, 212, 213, 214, 215, 216, 355, 356, 357, 358, 359, 360, 361, 429, 430, 431, 432, 433, 434, 435, 515, 516, 517, 518, 519, 520, 521, 522, 523, 524, 525, 526, 527, 672, 673, 674, 675, 676, 677, 678, 679, 680, 681, 682, 683, 684, 810, 811, 812, 813, 814, 881, 882, 883, 884, 885, 886]","[34, 35, 36, 37, 38, 39, 40, 41, 42, 43, 44, 45, 46, 47, 48, 201, 202, 203, 204, 205, 206, 207, 208, 209, 210, 211, 212, 213, 214, 215, 216, 355, 356, 357, 358, 359, 360, 361, 429, 430, 431, 432, 433, 434, 435, 515, 516, 517, 518, 519, 520, 521, 522, 523, 524, 525, 526, 527, 672, 673, 674, 675, 676, 677, 678, 679, 680, 681, 682, 683, 684, 810, 811, 812, 813, 814, 881, 882, 883, 884, 885, 886]",7/6 successful match,True,"[468, 469, 470, 471]",True,159,False,,1.0,True,Love's Travel Stop # 286,Love's
Quartzsite ( 85346 ) Love's Travel Stop # 286,928-927-8570 I-10 Exit 17,24 <U+2610> S,Quartzsite,85346,Love's Travel Stop # 286,928-927-8570,2014,Quartzsite,AZ,Love's,,I-10 Exit 17,Exit,17,False,,False,I-10,,,,,"[38, 519]","[38, 84, 519, 555]","[0, 38, 73, 84, 485, 519, 547, 555]","[38, 73, 143, 295, 519, 547, 614, 754]","[0, 1, 2, 3, 4, 5, 6, 7, 8, 9, 10, 11, 12, 13, 14, 15, 16, 17, 18, 19, 20, 21, 22, 23, 24, 25, 26, 27, 28, 29, 30, 31, 32, 33, 34, 35, 36, 37, 38, 39, 40, 41, 42, 43, 44, 45, 46, 47, 48, 49, 50, 51, 52, 53, 54, 55, 56, 57, 58, 59, 60, 61, 62, 63, 64, 65, 66, 67, 68, 69, 70, 71, 72, 73, 74, 75, 76, 77, 78, 79, 80, 81, 82, 83, 84, 85, 86, 87, 88, 89, 90, 91, 92, 93, 94, 95, 96, 97, 98, 99, 100, 101, 102, 485, 486, 487, 488, 489, 490, 491, 492, 493, 494, 495, 496, 497, 498, 499, 500, 501, 502, 503, 504, 505, 506, 507, 508, 509, 510, 511, 512, 513, 514, 515, 516, 517, 518, 519, 520, 521, 522, 523, 524, 525, 526, 527, 528, 529, 530, 531, 532, 533, 534, 535, 536, 537, 538, 539, 540, 541, 542, 543, 544, 545, 546, 547, 548, 549, 550, 551, 552, 553, 554, 555, 556, 557, 558, 559, 560, 561, 562, 563, 564, 565, 566, 567, 568, 569, 570, 571, 572, 573]","[0, 5, 7, 10, 14, 19, 20, 22, 24, 32, 33, 34, 37, 38, 40, 44, 46, 48, 49, 51, 56, 61, 63, 65, 67, 68, 73, 74, 75, 76, 79, 81, 82, 83, 85, 87, 88, 92, 93, 95, 96, 99, 100, 101, 115, 116, 124, 134, 142, 161, 167, 169, 170, 186, 202, 240, 244, 254, 260, 267, 277, 300, 303, 307, 310, 322, 331, 376, 485, 491, 493, 495, 499, 503, 504, 506, 508, 515, 518, 519, 521, 524, 526, 528, 533, 537, 539, 542, 543, 547, 548, 549, 550, 551, 553, 554, 556, 558, 559, 563, 564, 566, 567, 570, 571, 572, 586, 587, 595, 605, 613, 633, 639, 640, 641, 657, 672, 704, 717, 726, 736, 759, 761, 765, 768, 780, 788, 792, 826]","[34, 35, 36, 37, 38, 39, 40, 41, 42, 43, 44, 45, 46, 47, 48, 201, 202, 203, 204, 205, 206, 207, 208, 209, 210, 211, 212, 213, 214, 215, 216, 355, 356, 357, 358, 359, 360, 361, 429, 430, 431, 432, 433, 434, 435, 515, 516, 517, 518, 519, 520, 521, 522, 523, 524, 525, 526, 527, 672, 673, 674, 675, 676, 677, 678, 679, 680, 681, 682, 683, 684, 810, 811, 812, 813, 814, 881, 882, 883, 884, 885, 886]","[32, 33, 34, 35, 36, 37, 38, 39, 40, 41, 42, 43, 44, 45, 46, 47, 48, 201, 202, 203, 204, 205, 206, 207, 208, 209, 210, 211, 212, 213, 214, 215, 216, 355, 356, 357, 358, 359, 360, 361, 429, 430, 431, 432, 433, 434, 435, 515, 516, 517, 518, 519, 520, 521, 522, 523, 524, 525, 526, 527, 672, 673, 674, 675, 676, 677, 678, 679, 680, 681, 682, 683, 684, 810, 811, 812, 813, 814, 881, 882, 883, 884, 885, 886]","[0, 1, 2, 3, 4, 5, 6, 519, 7, 8, 9, 10, 11, 12, 13, 14, 15, 16, 17, 18, 19, 20, 21, 22, 23, 24, 25, 26, 27, 28, 29, 30, 31, 32, 33, 547, 34, 35, 38, 36, 37, 39, 40, 555, 41, 42, 43, 44, 45, 46, 47, 48, 49, 50, 51, 52, 53, 54, 55, 56, 57, 58, 59, 60, 61, 62, 63, 64, 65, 66, 67, 68, 69, 73, 70, 71, 72, 74, 75, 76, 77, 78, 79, 80, 84, 81, 82, 83, 85, 86, 87, 88, 89, 90, 91, 92, 93, 94, 95, 96, 97, 98, 614, 99, 100, 101, 102, 529, 530, 613, 513, 531, 115, 116, 532, 633, 533, 124, 534, 639, 640, 641, 535, 134, 514, 536, 537, 143, 142, 657, 538, 539, 540, 672, 515, 541, 161, 673, 674, 675, 542, 167, 169, 170, 676, 543, 677, 678, 679, 680, 681, 544, 682, 683, 684, 545, 516, 186, 546, 704, 548, 201, 202, 549, 203, 717, 204, 205, 550, 206, 207, 517, 208, 551, 726, 209, 210, 211, 552, 212, 213, 214, 215, 553, 736, 216, 554, 518, 556, 240, 754, 557, 244, 759, 558, 761, 559, 254, 765, 768, 560, 260, 561, 267, 562, 780, 563, 788, 277, 564, 792, 565, 520, 566, 567, 295, 568, 810, 300, 811, 812, 569, 303, 813, 814, 307, 570, 310, 521, 571, 826, 572, 322, 573, 331, 522, 355, 356, 357, 358, 359, 360, 523, 361, 881, 882, 883, 884, 885, 886, 376, 528, 524, 586, 587, 525, 429, 430, 512, 431, 432, 595, 433, 526, 434, 435, 527, 605, 485, 486, 487, 488, 489, 490, 491, 492, 493, 494, 495, 496, 497, 498, 499, 500, 501, 502, 503, 504, 505, 506, 507, 508, 509, 510, 511]",True,"[38, 84, 519, 555]","[0, 1, 2, 3, 4, 5, 6, 7, 8, 9, 10, 11, 12, 13, 14, 15, 16, 17, 18, 19, 20, 21, 22, 23, 24, 25, 26, 27, 28, 29, 30, 31, 32, 33, 34, 35, 36, 37, 38, 39, 40, 41, 42, 43, 44, 45, 46, 47, 48, 49, 50, 51, 52, 53, 54, 55, 56, 57, 58, 59, 60, 61, 62, 63, 64, 65, 66, 67, 68, 69, 70, 71, 72, 73, 74, 75, 76, 77, 78, 79, 80, 81, 82, 83, 84, 85, 86, 87, 88, 89, 90, 91, 92, 93, 94, 95, 96, 97, 98, 99, 100, 101, 102, 485, 486, 487, 488, 489, 490, 491, 492, 493, 494, 495, 496, 497, 498, 499, 500, 501, 502, 503, 504, 505, 506, 507, 508, 509, 510, 511, 512, 513, 514, 515, 516, 517, 518, 519, 520, 521, 522, 523, 524, 525, 526, 527, 528, 529, 530, 531, 532, 533, 534, 535, 536, 537, 538, 539, 540, 541, 542, 543, 544, 545, 546, 547, 548, 549, 550, 551, 552, 553, 554, 555, 556, 557, 558, 559, 560, 561, 562, 563, 564, 565, 566, 567, 568, 569, 570, 571, 572, 573]","[0, 38, 73, 84, 485, 519, 547, 555]","[38, 73, 143, 295, 519, 547, 614, 754]","[0, 5, 7, 10, 14, 19, 20, 22, 24, 32, 33, 34, 37, 38, 40, 44, 46, 48, 49, 51, 56, 61, 63, 65, 67, 68, 73, 74, 75, 76, 79, 81, 82, 83, 85, 87, 88, 92, 93, 95, 96, 99, 100, 101, 115, 116, 124, 134, 142, 161, 167, 169, 170, 186, 202, 240, 244, 254, 260, 267, 277, 300, 303, 307, 310, 322, 331, 376, 485, 491, 493, 495, 499, 503, 504, 506, 508, 515, 518, 519, 521, 524, 526, 528, 533, 537, 539, 542, 543, 547, 548, 549, 550, 551, 553, 554, 556, 558, 559, 563, 564, 566, 567, 570, 571, 572, 586, 587, 595, 605, 613, 633, 639, 640, 641, 657, 672, 704, 717, 726, 736, 759, 761, 765, 768, 780, 788, 792, 826]","[32, 33, 34, 35, 36, 37, 38, 39, 40, 41, 42, 43, 44, 45, 46, 47, 48, 201, 202, 203, 204, 205, 206, 207, 208, 209, 210, 211, 212, 213, 214, 215, 216, 355, 356, 357, 358, 359, 360, 361, 429, 430, 431, 432, 433, 434, 435, 515, 516, 517, 518, 519, 520, 521, 522, 523, 524, 525, 526, 527, 672, 673, 674, 675, 676, 677, 678, 679, 680, 681, 682, 683, 684, 810, 811, 812, 813, 814, 881, 882, 883, 884, 885, 886]","[34, 35, 36, 37, 38, 39, 40, 41, 42, 43, 44, 45, 46, 47, 48, 201, 202, 203, 204, 205, 206, 207, 208, 209, 210, 211, 212, 213, 214, 215, 216, 355, 356, 357, 358, 359, 360, 361, 429, 430, 431, 432, 433, 434, 435, 515, 516, 517, 518, 519, 520, 521, 522, 523, 524, 525, 526, 527, 672, 673, 674, 675, 676, 677, 678, 679, 680, 681, 682, 683, 684, 810, 811, 812, 813, 814, 881, 882, 883, 884, 885, 886]",7/6 successful match,True,"[468, 469, 470, 471]",True,159,False,,1.0,True,Love's Travel Stop # 286,Love's
F Quartzsite ( 85346 ) Love's Travel Stop # 286,928-927-8570 I-10 Exit 17,24,Quartzsite,85346,Love's Travel Stop # 286,928-927-8570,2015,Quartzsite,AZ,Love's,,I-10 Exit 17,Exit,17,False,,False,I-10,,,,,"[38, 519]","[38, 84, 519, 555]","[0, 38, 73, 84, 485, 519, 547, 555]","[38, 73, 143, 295, 519, 547, 614, 754]","[0, 1, 2, 3, 4, 5, 6, 7, 8, 9, 10, 11, 12, 13, 14, 15, 16, 17, 18, 19, 20, 21, 22, 23, 24, 25, 26, 27, 28, 29, 30, 31, 32, 33, 34, 35, 36, 37, 38, 39, 40, 41, 42, 43, 44, 45, 46, 47, 48, 49, 50, 51, 52, 53, 54, 55, 56, 57, 58, 59, 60, 61, 62, 63, 64, 65, 66, 67, 68, 69, 70, 71, 72, 73, 74, 75, 76, 77, 78, 79, 80, 81, 82, 83, 84, 85, 86, 87, 88, 89, 90, 91, 92, 93, 94, 95, 96, 97, 98, 99, 100, 101, 102, 485, 486, 487, 488, 489, 490, 491, 492, 493, 494, 495, 496, 497, 498, 499, 500, 501, 502, 503, 504, 505, 506, 507, 508, 509, 510, 511, 512, 513, 514, 515, 516, 517, 518, 519, 520, 521, 522, 523, 524, 525, 526, 527, 528, 529, 530, 531, 532, 533, 534, 535, 536, 537, 538, 539, 540, 541, 542, 543, 544, 545, 546, 547, 548, 549, 550, 551, 552, 553, 554, 555, 556, 557, 558, 559, 560, 561, 562, 563, 564, 565, 566, 567, 568, 569, 570, 571, 572, 573]","[0, 5, 7, 10, 14, 19, 20, 22, 24, 32, 33, 34, 37, 38, 40, 44, 46, 48, 49, 51, 56, 61, 63, 65, 67, 68, 73, 74, 75, 76, 79, 81, 82, 83, 85, 87, 88, 92, 93, 95, 96, 99, 100, 101, 115, 116, 124, 134, 142, 161, 167, 169, 170, 186, 202, 240, 244, 254, 260, 267, 277, 300, 303, 307, 310, 322, 331, 376, 485, 491, 493, 495, 499, 503, 504, 506, 508, 515, 518, 519, 521, 524, 526, 528, 533, 537, 539, 542, 543, 547, 548, 549, 550, 551, 553, 554, 556, 558, 559, 563, 564, 566, 567, 570, 571, 572, 586, 587, 595, 605, 613, 633, 639, 640, 641, 657, 672, 704, 717, 726, 736, 759, 761, 765, 768, 780, 788, 792, 826]","[34, 35, 36, 37, 38, 39, 40, 41, 42, 43, 44, 45, 46, 47, 48, 201, 202, 203, 204, 205, 206, 207, 208, 209, 210, 211, 212, 213, 214, 215, 216, 355, 356, 357, 358, 359, 360, 361, 429, 430, 431, 432, 433, 434, 435, 515, 516, 517, 518, 519, 520, 521, 522, 523, 524, 525, 526, 527, 672, 673, 674, 675, 676, 677, 678, 679, 680, 681, 682, 683, 684, 810, 811, 812, 813, 814, 881, 882, 883, 884, 885, 886]","[32, 33, 34, 35, 36, 37, 38, 39, 40, 41, 42, 43, 44, 45, 46, 47, 48, 201, 202, 203, 204, 205, 206, 207, 208, 209, 210, 211, 212, 213, 214, 215, 216, 355, 356, 357, 358, 359, 360, 361, 429, 430, 431, 432, 433, 434, 435, 515, 516, 517, 518, 519, 520, 521, 522, 523, 524, 525, 526, 527, 672, 673, 674, 675, 676, 677, 678, 679, 680, 681, 682, 683, 684, 810, 811, 812, 813, 814, 881, 882, 883, 884, 885, 886]","[0, 1, 2, 3, 4, 5, 6, 519, 7, 8, 9, 10, 11, 12, 13, 14, 15, 16, 17, 18, 19, 20, 21, 22, 23, 24, 25, 26, 27, 28, 29, 30, 31, 32, 33, 547, 34, 35, 38, 36, 37, 39, 40, 555, 41, 42, 43, 44, 45, 46, 47, 48, 49, 50, 51, 52, 53, 54, 55, 56, 57, 58, 59, 60, 61, 62, 63, 64, 65, 66, 67, 68, 69, 73, 70, 71, 72, 74, 75, 76, 77, 78, 79, 80, 84, 81, 82, 83, 85, 86, 87, 88, 89, 90, 91, 92, 93, 94, 95, 96, 97, 98, 614, 99, 100, 101, 102, 529, 530, 613, 513, 531, 115, 116, 532, 633, 533, 124, 534, 639, 640, 641, 535, 134, 514, 536, 537, 143, 142, 657, 538, 539, 540, 672, 515, 541, 161, 673, 674, 675, 542, 167, 169, 170, 676, 543, 677, 678, 679, 680, 681, 544, 682, 683, 684, 545, 516, 186, 546, 704, 548, 201, 202, 549, 203, 717, 204, 205, 550, 206, 207, 517, 208, 551, 726, 209, 210, 211, 552, 212, 213, 214, 215, 553, 736, 216, 554, 518, 556, 240, 754, 557, 244, 759, 558, 761, 559, 254, 765, 768, 560, 260, 561, 267, 562, 780, 563, 788, 277, 564, 792, 565, 520, 566, 567, 295, 568, 810, 300, 811, 812, 569, 303, 813, 814, 307, 570, 310, 521, 571, 826, 572, 322, 573, 331, 522, 355, 356, 357, 358, 359, 360, 523, 361, 881, 882, 883, 884, 885, 886, 376, 528, 524, 586, 587, 525, 429, 430, 512, 431, 432, 595, 433, 526, 434, 435, 527, 605, 485, 486, 487, 488, 489, 490, 491, 492, 493, 494, 495, 496, 497, 498, 499, 500, 501, 502, 503, 504, 505, 506, 507, 508, 509, 510, 511]",True,"[38, 84, 519, 555]","[0, 1, 2, 3, 4, 5, 6, 7, 8, 9, 10, 11, 12, 13, 14, 15, 16, 17, 18, 19, 20, 21, 22, 23, 24, 25, 26, 27, 28, 29, 30, 31, 32, 33, 34, 35, 36, 37, 38, 39, 40, 41, 42, 43, 44, 45, 46, 47, 48, 49, 50, 51, 52, 53, 54, 55, 56, 57, 58, 59, 60, 61, 62, 63, 64, 65, 66, 67, 68, 69, 70, 71, 72, 73, 74, 75, 76, 77, 78, 79, 80, 81, 82, 83, 84, 85, 86, 87, 88, 89, 90, 91, 92, 93, 94, 95, 96, 97, 98, 99, 100, 101, 102, 485, 486, 487, 488, 489, 490, 491, 492, 493, 494, 495, 496, 497, 498, 499, 500, 501, 502, 503, 504, 505, 506, 507, 508, 509, 510, 511, 512, 513, 514, 515, 516, 517, 518, 519, 520, 521, 522, 523, 524, 525, 526, 527, 528, 529, 530, 531, 532, 533, 534, 535, 536, 537, 538, 539, 540, 541, 542, 543, 544, 545, 546, 547, 548, 549, 550, 551, 552, 553, 554, 555, 556, 557, 558, 559, 560, 561, 562, 563, 564, 565, 566, 567, 568, 569, 570, 571, 572, 573]","[0, 38, 73, 84, 485, 519, 547, 555]","[38, 73, 143, 295, 519, 547, 614, 754]","[0, 5, 7, 10, 14, 19, 20, 22, 24, 32, 33, 34, 37, 38, 40, 44, 46, 48, 49, 51, 56, 61, 63, 65, 67, 68, 73, 74, 75, 76, 79, 81, 82, 83, 85, 87, 88, 92, 93, 95, 96, 99, 100, 101, 115, 116, 124, 134, 142, 161, 167, 169, 170, 186, 202, 240, 244, 254, 260, 267, 277, 300, 303, 307, 310, 322, 331, 376, 485, 491, 493, 495, 499, 503, 504, 506, 508, 515, 518, 519, 521, 524, 526, 528, 533, 537, 539, 542, 543, 547, 548, 549, 550, 551, 553, 554, 556, 558, 559, 563, 564, 566, 567, 570, 571, 572, 586, 587, 595, 605, 613, 633, 639, 640, 641, 657, 672, 704, 717, 726, 736, 759, 761, 765, 768, 780, 788, 792, 826]","[32, 33, 34, 35, 36, 37, 38, 39, 40, 41, 42, 43, 44, 45, 46, 47, 48, 201, 202, 203, 204, 205, 206, 207, 208, 209, 210, 211, 212, 213, 214, 215, 216, 355, 356, 357, 358, 359, 360, 361, 429, 430, 431, 432, 433, 434, 435, 515, 516, 517, 518, 519, 520, 521, 522, 523, 524, 525, 526, 527, 672, 673, 674, 675, 676, 677, 678, 679, 680, 681, 682, 683, 684, 810, 811, 812, 813, 814, 881, 882, 883, 884, 885, 886]","[34, 35, 36, 37, 38, 39, 40, 41, 42, 43, 44, 45, 46, 47, 48, 201, 202, 203, 204, 205, 206, 207, 208, 209, 210, 211, 212, 213, 214, 215, 216, 355, 356, 357, 358, 359, 360, 361, 429, 430, 431, 432, 433, 434, 435, 515, 516, 517, 518, 519, 520, 521, 522, 523, 524, 525, 526, 527, 672, 673, 674, 675, 676, 677, 678, 679, 680, 681, 682, 683, 684, 810, 811, 812, 813, 814, 881, 882, 883, 884, 885, 886]",7/6 successful match,True,"[468, 469, 470, 471]",True,159,False,,1.0,True,Love's Travel Stop # 286,Love's
Quartzsite ( 85346 ) Love's Travel Stop # 286,928-927-8570 I-10 Exit 17,24 024,Quartzsite,85346,Love's Travel Stop # 286,928-927-8570,2016,Quartzsite,AZ,Love's,,I-10 Exit 17,Exit,17,False,,False,I-10,,,,,"[38, 519]","[38, 84, 519, 555]","[0, 38, 73, 84, 485, 519, 547, 555]","[38, 73, 143, 295, 519, 547, 614, 754]","[0, 1, 2, 3, 4, 5, 6, 7, 8, 9, 10, 11, 12, 13, 14, 15, 16, 17, 18, 19, 20, 21, 22, 23, 24, 25, 26, 27, 28, 29, 30, 31, 32, 33, 34, 35, 36, 37, 38, 39, 40, 41, 42, 43, 44, 45, 46, 47, 48, 49, 50, 51, 52, 53, 54, 55, 56, 57, 58, 59, 60, 61, 62, 63, 64, 65, 66, 67, 68, 69, 70, 71, 72, 73, 74, 75, 76, 77, 78, 79, 80, 81, 82, 83, 84, 85, 86, 87, 88, 89, 90, 91, 92, 93, 94, 95, 96, 97, 98, 99, 100, 101, 102, 485, 486, 487, 488, 489, 490, 491, 492, 493, 494, 495, 496, 497, 498, 499, 500, 501, 502, 503, 504, 505, 506, 507, 508, 509, 510, 511, 512, 513, 514, 515, 516, 517, 518, 519, 520, 521, 522, 523, 524, 525, 526, 527, 528, 529, 530, 531, 532, 533, 534, 535, 536, 537, 538, 539, 540, 541, 542, 543, 544, 545, 546, 547, 548, 549, 550, 551, 552, 553, 554, 555, 556, 557, 558, 559, 560, 561, 562, 563, 564, 565, 566, 567, 568, 569, 570, 571, 572, 573]","[0, 5, 7, 10, 14, 19, 20, 22, 24, 32, 33, 34, 37, 38, 40, 44, 46, 48, 49, 51, 56, 61, 63, 65, 67, 68, 73, 74, 75, 76, 79, 81, 82, 83, 85, 87, 88, 92, 93, 95, 96, 99, 100, 101, 115, 116, 124, 134, 142, 161, 167, 169, 170, 186, 202, 240, 244, 254, 260, 267, 277, 300, 303, 307, 310, 322, 331, 376, 485, 491, 493, 495, 499, 503, 504, 506, 508, 515, 518, 519, 521, 524, 526, 528, 533, 537, 539, 542, 543, 547, 548, 549, 550, 551, 553, 554, 556, 558, 559, 563, 564, 566, 567, 570, 571, 572, 586, 587, 595, 605, 613, 633, 639, 640, 641, 657, 672, 704, 717, 726, 736, 759, 761, 765, 768, 780, 788, 792, 826]","[34, 35, 36, 37, 38, 39, 40, 41, 42, 43, 44, 45, 46, 47, 48, 201, 202, 203, 204, 205, 206, 207, 208, 209, 210, 211, 212, 213, 214, 215, 216, 355, 356, 357, 358, 359, 360, 361, 429, 430, 431, 432, 433, 434, 435, 515, 516, 517, 518, 519, 520, 521, 522, 523, 524, 525, 526, 527, 672, 673, 674, 675, 676, 677, 678, 679, 680, 681, 682, 683, 684, 810, 811, 812, 813, 814, 881, 882, 883, 884, 885, 886]","[32, 33, 34, 35, 36, 37, 38, 39, 40, 41, 42, 43, 44, 45, 46, 47, 48, 201, 202, 203, 204, 205, 206, 207, 208, 209, 210, 211, 212, 213, 214, 215, 216, 355, 356, 357, 358, 359, 360, 361, 429, 430, 431, 432, 433, 434, 435, 515, 516, 517, 518, 519, 520, 521, 522, 523, 524, 525, 526, 527, 672, 673, 674, 675, 676, 677, 678, 679, 680, 681, 682, 683, 684, 810, 811, 812, 813, 814, 881, 882, 883, 884, 885, 886]","[0, 1, 2, 3, 4, 5, 6, 519, 7, 8, 9, 10, 11, 12, 13, 14, 15, 16, 17, 18, 19, 20, 21, 22, 23, 24, 25, 26, 27, 28, 29, 30, 31, 32, 33, 547, 34, 35, 38, 36, 37, 39, 40, 555, 41, 42, 43, 44, 45, 46, 47, 48, 49, 50, 51, 52, 53, 54, 55, 56, 57, 58, 59, 60, 61, 62, 63, 64, 65, 66, 67, 68, 69, 73, 70, 71, 72, 74, 75, 76, 77, 78, 79, 80, 84, 81, 82, 83, 85, 86, 87, 88, 89, 90, 91, 92, 93, 94, 95, 96, 97, 98, 614, 99, 100, 101, 102, 529, 530, 613, 513, 531, 115, 116, 532, 633, 533, 124, 534, 639, 640, 641, 535, 134, 514, 536, 537, 143, 142, 657, 538, 539, 540, 672, 515, 541, 161, 673, 674, 675, 542, 167, 169, 170, 676, 543, 677, 678, 679, 680, 681, 544, 682, 683, 684, 545, 516, 186, 546, 704, 548, 201, 202, 549, 203, 717, 204, 205, 550, 206, 207, 517, 208, 551, 726, 209, 210, 211, 552, 212, 213, 214, 215, 553, 736, 216, 554, 518, 556, 240, 754, 557, 244, 759, 558, 761, 559, 254, 765, 768, 560, 260, 561, 267, 562, 780, 563, 788, 277, 564, 792, 565, 520, 566, 567, 295, 568, 810, 300, 811, 812, 569, 303, 813, 814, 307, 570, 310, 521, 571, 826, 572, 322, 573, 331, 522, 355, 356, 357, 358, 359, 360, 523, 361, 881, 882, 883, 884, 885, 886, 376, 528, 524, 586, 587, 525, 429, 430, 512, 431, 432, 595, 433, 526, 434, 435, 527, 605, 485, 486, 487, 488, 489, 490, 491, 492, 493, 494, 495, 496, 497, 498, 499, 500, 501, 502, 503, 504, 505, 506, 507, 508, 509, 510, 511]",True,"[38, 84, 519, 555]","[0, 1, 2, 3, 4, 5, 6, 7, 8, 9, 10, 11, 12, 13, 14, 15, 16, 17, 18, 19, 20, 21, 22, 23, 24, 25, 26, 27, 28, 29, 30, 31, 32, 33, 34, 35, 36, 37, 38, 39, 40, 41, 42, 43, 44, 45, 46, 47, 48, 49, 50, 51, 52, 53, 54, 55, 56, 57, 58, 59, 60, 61, 62, 63, 64, 65, 66, 67, 68, 69, 70, 71, 72, 73, 74, 75, 76, 77, 78, 79, 80, 81, 82, 83, 84, 85, 86, 87, 88, 89, 90, 91, 92, 93, 94, 95, 96, 97, 98, 99, 100, 101, 102, 485, 486, 487, 488, 489, 490, 491, 492, 493, 494, 495, 496, 497, 498, 499, 500, 501, 502, 503, 504, 505, 506, 507, 508, 509, 510, 511, 512, 513, 514, 515, 516, 517, 518, 519, 520, 521, 522, 523, 524, 525, 526, 527, 528, 529, 530, 531, 532, 533, 534, 535, 536, 537, 538, 539, 540, 541, 542, 543, 544, 545, 546, 547, 548, 549, 550, 551, 552, 553, 554, 555, 556, 557, 558, 559, 560, 561, 562, 563, 564, 565, 566, 567, 568, 569, 570, 571, 572, 573]","[0, 38, 73, 84, 485, 519, 547, 555]","[38, 73, 143, 295, 519, 547, 614, 754]","[0, 5, 7, 10, 14, 19, 20, 22, 24, 32, 33, 34, 37, 38, 40, 44, 46, 48, 49, 51, 56, 61, 63, 65, 67, 68, 73, 74, 75, 76, 79, 81, 82, 83, 85, 87, 88, 92, 93, 95, 96, 99, 100, 101, 115, 116, 124, 134, 142, 161, 167, 169, 170, 186, 202, 240, 244, 254, 260, 267, 277, 300, 303, 307, 310, 322, 331, 376, 485, 491, 493, 495, 499, 503, 504, 506, 508, 515, 518, 519, 521, 524, 526, 528, 533, 537, 539, 542, 543, 547, 548, 549, 550, 551, 553, 554, 556, 558, 559, 563, 564, 566, 567, 570, 571, 572, 586, 587, 595, 605, 613, 633, 639, 640, 641, 657, 672, 704, 717, 726, 736, 759, 761, 765, 768, 780, 788, 792, 826]","[32, 33, 34, 35, 36, 37, 38, 39, 40, 41, 42, 43, 44, 45, 46, 47, 48, 201, 202, 203, 204, 205, 206, 207, 208, 209, 210, 211, 212, 213, 214, 215, 216, 355, 356, 357, 358, 359, 360, 361, 429, 430, 431, 432, 433, 434, 435, 515, 516, 517, 518, 519, 520, 521, 522, 523, 524, 525, 526, 527, 672, 673, 674, 675, 676, 677, 678, 679, 680, 681, 682, 683, 684, 810, 811, 812, 813, 814, 881, 882, 883, 884, 885, 886]","[34, 35, 36, 37, 38, 39, 40, 41, 42, 43, 44, 45, 46, 47, 48, 201, 202, 203, 204, 205, 206, 207, 208, 209, 210, 211, 212, 213, 214, 215, 216, 355, 356, 357, 358, 359, 360, 361, 429, 430, 431, 432, 433, 434, 435, 515, 516, 517, 518, 519, 520, 521, 522, 523, 524, 525, 526, 527, 672, 673, 674, 675, 676, 677, 678, 679, 680, 681, 682, 683, 684, 810, 811, 812, 813, 814, 881, 882, 883, 884, 885, 886]",7/6 successful match,True,"[468, 469, 470, 471]",True,159,False,,1.0,True,Love's Travel Stop # 286,Love's
"Vicksburg , 85348 Tomahawk Auto / Truck Plaza ( Shamrock )",928-859-3843 I-10 Exit 45 ( Vicksburg Rd ),MO <U+2610>,Vicksburg,85348,Tomahawk Auto / Truck Plaza ( Shamrock ),928-859-3843,2006,Salome,AZ,Shamrock,( Vicksburg Rd ),I-10 Exit 45 ,Exit,45,False,,False,I-10,,,,,"[553, 82]","[68, 82, 543, 553]","[68, 82, 543, 553]","[68, 82, 543, 553]","[0, 1, 2, 3, 4, 5, 6, 7, 8, 9, 10, 11, 12, 13, 14, 15, 16, 17, 18, 19, 20, 21, 22, 23, 24, 25, 26, 27, 28, 29, 30, 31, 32, 33, 34, 35, 36, 37, 38, 39, 40, 41, 42, 43, 44, 45, 46, 47, 48, 49, 50, 51, 52, 53, 54, 55, 56, 57, 58, 59, 60, 61, 62, 63, 64, 65, 66, 67, 68, 69, 70, 71, 72, 73, 74, 75, 76, 77, 78, 79, 80, 81, 82, 83, 84, 85, 86, 87, 88, 89, 90, 91, 92, 93, 94, 95, 96, 97, 98, 99, 100, 101, 102, 485, 486, 487, 488, 489, 490, 491, 492, 493, 494, 495, 496, 497, 498, 499, 500, 501, 502, 503, 504, 505, 506, 507, 508, 509, 510, 511, 512, 513, 514, 515, 516, 517, 518, 519, 520, 521, 522, 523, 524, 525, 526, 527, 528, 529, 530, 531, 532, 533, 534, 535, 536, 537, 538, 539, 540, 541, 542, 543, 544, 545, 546, 547, 548, 549, 550, 551, 552, 553, 554, 555, 556, 557, 558, 559, 560, 561, 562, 563, 564, 565, 566, 567, 568, 569, 570, 571, 572, 573]","[0, 5, 7, 10, 14, 19, 20, 22, 24, 32, 33, 34, 37, 38, 40, 44, 46, 48, 49, 51, 56, 61, 63, 65, 67, 68, 73, 74, 75, 76, 79, 81, 82, 83, 85, 87, 88, 92, 93, 95, 96, 99, 100, 101, 115, 116, 124, 134, 142, 161, 167, 169, 170, 186, 202, 240, 244, 254, 260, 267, 277, 300, 303, 307, 310, 322, 331, 376, 485, 491, 493, 495, 499, 503, 504, 506, 508, 515, 518, 519, 521, 524, 526, 528, 533, 537, 539, 542, 543, 547, 548, 549, 550, 551, 553, 554, 556, 558, 559, 563, 564, 566, 567, 570, 571, 572, 586, 587, 595, 605, 613, 633, 639, 640, 641, 657, 672, 704, 717, 726, 736, 759, 761, 765, 768, 780, 788, 792, 826]",[],[],"[0, 1, 2, 3, 4, 5, 6, 7, 8, 9, 10, 11, 12, 13, 14, 15, 16, 17, 18, 19, 20, 21, 22, 23, 24, 25, 26, 27, 28, 29, 30, 543, 31, 32, 33, 34, 35, 36, 37, 38, 39, 553, 40, 41, 42, 43, 44, 45, 46, 47, 48, 49, 50, 51, 52, 53, 54, 55, 56, 57, 58, 59, 60, 61, 62, 63, 64, 65, 68, 66, 67, 69, 70, 71, 72, 73, 74, 75, 76, 77, 78, 79, 82, 80, 81, 83, 84, 85, 86, 87, 88, 89, 90, 91, 92, 93, 94, 95, 96, 97, 98, 99, 100, 101, 102, 528, 529, 530, 613, 513, 531, 115, 116, 532, 633, 533, 124, 534, 639, 640, 641, 535, 134, 514, 536, 537, 142, 657, 538, 539, 540, 672, 515, 541, 161, 542, 167, 169, 170, 544, 545, 516, 186, 546, 704, 547, 548, 202, 549, 717, 550, 517, 551, 726, 552, 736, 554, 555, 518, 556, 240, 557, 244, 759, 558, 761, 559, 254, 765, 768, 560, 260, 519, 561, 267, 562, 780, 563, 788, 277, 564, 792, 565, 520, 566, 567, 568, 300, 569, 303, 307, 570, 310, 521, 571, 826, 572, 322, 573, 331, 522, 523, 376, 524, 586, 587, 525, 512, 595, 526, 527, 605, 485, 486, 487, 488, 489, 490, 491, 492, 493, 494, 495, 496, 497, 498, 499, 500, 501, 502, 503, 504, 505, 506, 507, 508, 509, 510, 511]",True,"[68, 82, 543, 553]","[0, 1, 2, 3, 4, 5, 6, 7, 8, 9, 10, 11, 12, 13, 14, 15, 16, 17, 18, 19, 20, 21, 22, 23, 24, 25, 26, 27, 28, 29, 30, 31, 32, 33, 34, 35, 36, 37, 38, 39, 40, 41, 42, 43, 44, 45, 46, 47, 48, 49, 50, 51, 52, 53, 54, 55, 56, 57, 58, 59, 60, 61, 62, 63, 64, 65, 66, 67, 68, 69, 70, 71, 72, 73, 74, 75, 76, 77, 78, 79, 80, 81, 82, 83, 84, 85, 86, 87, 88, 89, 90, 91, 92, 93, 94, 95, 96, 97, 98, 99, 100, 101, 102, 485, 486, 487, 488, 489, 490, 491, 492, 493, 494, 495, 496, 497, 498, 499, 500, 501, 502, 503, 504, 505, 506, 507, 508, 509, 510, 511, 512, 513, 514, 515, 516, 517, 518, 519, 520, 521, 522, 523, 524, 525, 526, 527, 528, 529, 530, 531, 532, 533, 534, 535, 536, 537, 538, 539, 540, 541, 542, 543, 544, 545, 546, 547, 548, 549, 550, 551, 552, 553, 554, 555, 556, 557, 558, 559, 560, 561, 562, 563, 564, 565, 566, 567, 568, 569, 570, 571, 572, 573]","[68, 82, 543, 553]","[68, 82, 543, 553]","[0, 5, 7, 10, 14, 19, 20, 22, 24, 32, 33, 34, 37, 38, 40, 44, 46, 48, 49, 51, 56, 61, 63, 65, 67, 68, 73, 74, 75, 76, 79, 81, 82, 83, 85, 87, 88, 92, 93, 95, 96, 99, 100, 101, 115, 116, 124, 134, 142, 161, 167, 169, 170, 186, 202, 240, 244, 254, 260, 267, 277, 300, 303, 307, 310, 322, 331, 376, 485, 491, 493, 495, 499, 503, 504, 506, 508, 515, 518, 519, 521, 524, 526, 528, 533, 537, 539, 542, 543, 547, 548, 549, 550, 551, 553, 554, 556, 558, 559, 563, 564, 566, 567, 570, 571, 572, 586, 587, 595, 605, 613, 633, 639, 640, 641, 657, 672, 704, 717, 726, 736, 759, 761, 765, 768, 780, 788, 792, 826]",[],[],7/6 successful match,True,"[34, 35]",True,160,False,,,,,
"Vicksburg , 85348 Tomahawk Auto / Truck Plaza ( Valero )",928-859-3843 I-10 Exit 45 ( Vicksburg Rd ),) 24 XL <U+2610>,Vicksburg,85348,Tomahawk Auto / Truck Plaza ( Valero ),928-859-3843,2007,Salome,AZ,Valero,( Vicksburg Rd ),I-10 Exit 45 ,Exit,45,False,,False,I-10,,,,,"[553, 82]","[68, 82, 543, 553]","[68, 82, 543, 553]","[68, 82, 543, 553]","[0, 1, 2, 3, 4, 5, 6, 7, 8, 9, 10, 11, 12, 13, 14, 15, 16, 17, 18, 19, 20, 21, 22, 23, 24, 25, 26, 27, 28, 29, 30, 31, 32, 33, 34, 35, 36, 37, 38, 39, 40, 41, 42, 43, 44, 45, 46, 47, 48, 49, 50, 51, 52, 53, 54, 55, 56, 57, 58, 59, 60, 61, 62, 63, 64, 65, 66, 67, 68, 69, 70, 71, 72, 73, 74, 75, 76, 77, 78, 79, 80, 81, 82, 83, 84, 85, 86, 87, 88, 89, 90, 91, 92, 93, 94, 95, 96, 97, 98, 99, 100, 101, 102, 485, 486, 487, 488, 489, 490, 491, 492, 493, 494, 495, 496, 497, 498, 499, 500, 501, 502, 503, 504, 505, 506, 507, 508, 509, 510, 511, 512, 513, 514, 515, 516, 517, 518, 519, 520, 521, 522, 523, 524, 525, 526, 527, 528, 529, 530, 531, 532, 533, 534, 535, 536, 537, 538, 539, 540, 541, 542, 543, 544, 545, 546, 547, 548, 549, 550, 551, 552, 553, 554, 555, 556, 557, 558, 559, 560, 561, 562, 563, 564, 565, 566, 567, 568, 569, 570, 571, 572, 573]","[0, 5, 7, 10, 14, 19, 20, 22, 24, 32, 33, 34, 37, 38, 40, 44, 46, 48, 49, 51, 56, 61, 63, 65, 67, 68, 73, 74, 75, 76, 79, 81, 82, 83, 85, 87, 88, 92, 93, 95, 96, 99, 100, 101, 115, 116, 124, 134, 142, 161, 167, 169, 170, 186, 202, 240, 244, 254, 260, 267, 277, 300, 303, 307, 310, 322, 331, 376, 485, 491, 493, 495, 499, 503, 504, 506, 508, 515, 518, 519, 521, 524, 526, 528, 533, 537, 539, 542, 543, 547, 548, 549, 550, 551, 553, 554, 556, 558, 559, 563, 564, 566, 567, 570, 571, 572, 586, 587, 595, 605, 613, 633, 639, 640, 641, 657, 672, 704, 717, 726, 736, 759, 761, 765, 768, 780, 788, 792, 826]","[2, 9, 10, 82, 111, 112, 113, 199, 279, 284, 285, 300, 488, 494, 495, 553, 581, 582, 583, 670, 738, 743, 744, 759, 818]","[2, 9, 10, 82, 111, 112, 113, 199, 279, 284, 285, 300, 488, 494, 495, 553, 581, 582, 583, 670, 738, 743, 744, 759, 818]","[0, 1, 2, 3, 4, 5, 6, 7, 8, 9, 10, 11, 12, 13, 14, 15, 16, 17, 18, 19, 20, 21, 22, 23, 24, 25, 26, 27, 28, 29, 30, 543, 31, 32, 33, 34, 35, 36, 37, 38, 39, 553, 40, 41, 42, 43, 44, 45, 46, 47, 48, 49, 50, 51, 52, 53, 54, 55, 56, 57, 58, 59, 60, 61, 62, 63, 64, 65, 68, 66, 67, 69, 70, 71, 72, 73, 74, 75, 76, 77, 78, 79, 82, 80, 81, 83, 84, 85, 86, 87, 88, 89, 90, 91, 92, 93, 94, 95, 96, 97, 98, 99, 100, 101, 102, 528, 529, 530, 613, 513, 531, 111, 112, 115, 116, 532, 113, 633, 533, 124, 534, 639, 640, 641, 535, 134, 514, 536, 537, 142, 657, 538, 539, 540, 670, 672, 515, 541, 161, 542, 167, 169, 170, 544, 545, 516, 186, 546, 704, 547, 548, 199, 202, 549, 717, 550, 517, 551, 726, 552, 736, 738, 554, 743, 744, 555, 518, 556, 240, 557, 244, 759, 558, 761, 559, 254, 765, 768, 560, 260, 519, 561, 267, 562, 780, 563, 788, 277, 564, 279, 792, 565, 284, 285, 520, 566, 567, 568, 300, 569, 303, 818, 307, 570, 310, 521, 571, 826, 572, 322, 573, 331, 522, 523, 581, 582, 583, 376, 524, 586, 587, 525, 512, 595, 526, 527, 605, 485, 486, 487, 488, 489, 490, 491, 492, 493, 494, 495, 496, 497, 498, 499, 500, 501, 502, 503, 504, 505, 506, 507, 508, 509, 510, 511]",True,"[68, 82, 543, 553]","[0, 1, 2, 3, 4, 5, 6, 7, 8, 9, 10, 11, 12, 13, 14, 15, 16, 17, 18, 19, 20, 21, 22, 23, 24, 25, 26, 27, 28, 29, 30, 31, 32, 33, 34, 35, 36, 37, 38, 39, 40, 41, 42, 43, 44, 45, 46, 47, 48, 49, 50, 51, 52, 53, 54, 55, 56, 57, 58, 59, 60, 61, 62, 63, 64, 65, 66, 67, 68, 69, 70, 71, 72, 73, 74, 75, 76, 77, 78, 79, 80, 81, 82, 83, 84, 85, 86, 87, 88, 89, 90, 91, 92, 93, 94, 95, 96, 97, 98, 99, 100, 101, 102, 485, 486, 487, 488, 489, 490, 491, 492, 493, 494, 495, 496, 497, 498, 499, 500, 501, 502, 503, 504, 505, 506, 507, 508, 509, 510, 511, 512, 513, 514, 515, 516, 517, 518, 519, 520, 521, 522, 523, 524, 525, 526, 527, 528, 529, 530, 531, 532, 533, 534, 535, 536, 537, 538, 539, 540, 541, 542, 543, 544, 545, 546, 547, 548, 549, 550, 551, 552, 553, 554, 555, 556, 557, 558, 559, 560, 561, 562, 563, 564, 565, 566, 567, 568, 569, 570, 571, 572, 573]","[68, 82, 543, 553]","[68, 82, 543, 553]","[0, 5, 7, 10, 14, 19, 20, 22, 24, 32, 33, 34, 37, 38, 40, 44, 46, 48, 49, 51, 56, 61, 63, 65, 67, 68, 73, 74, 75, 76, 79, 81, 82, 83, 85, 87, 88, 92, 93, 95, 96, 99, 100, 101, 115, 116, 124, 134, 142, 161, 167, 169, 170, 186, 202, 240, 244, 254, 260, 267, 277, 300, 303, 307, 310, 322, 331, 376, 485, 491, 493, 495, 499, 503, 504, 506, 508, 515, 518, 519, 521, 524, 526, 528, 533, 537, 539, 542, 543, 547, 548, 549, 550, 551, 553, 554, 556, 558, 559, 563, 564, 566, 567, 570, 571, 572, 586, 587, 595, 605, 613, 633, 639, 640, 641, 657, 672, 704, 717, 726, 736, 759, 761, 765, 768, 780, 788, 792, 826]","[2, 9, 10, 82, 111, 112, 113, 199, 279, 284, 285, 300, 488, 494, 495, 553, 581, 582, 583, 670, 738, 743, 744, 759, 818]","[2, 9, 10, 82, 111, 112, 113, 199, 279, 284, 285, 300, 488, 494, 495, 553, 581, 582, 583, 670, 738, 743, 744, 759, 818]",7/6 successful match,True,"[34, 35]",True,160,False,,0.9692307692307692,False,Tomahawk Auto / Truck Plaza ( Shamrock ),Shamrock
", 85348 Tomahawk Auto / Truck Plaza ( Valero )",FVicksburg 2 928-859-3843 I-10 Exit 45 ( Vicksburg Rd ),HRS 24 XL,,85348,Tomahawk Auto / Truck Plaza ( Valero ),928-859-3843,2008,Salome,AZ,Valero,( Vicksburg Rd ),I-10 Exit 45 ,Exit,45,False,,False,I-10,,,,,"[553, 82]","[68, 82, 543, 553]","[68, 543]","[68, 82, 543, 553]","[0, 1, 2, 3, 4, 5, 6, 7, 8, 9, 10, 11, 12, 13, 14, 15, 16, 17, 18, 19, 20, 21, 22, 23, 24, 25, 26, 27, 28, 29, 30, 31, 32, 33, 34, 35, 36, 37, 38, 39, 40, 41, 42, 43, 44, 45, 46, 47, 48, 49, 50, 51, 52, 53, 54, 55, 56, 57, 58, 59, 60, 61, 62, 63, 64, 65, 66, 67, 68, 69, 70, 71, 72, 73, 74, 75, 76, 77, 78, 79, 80, 81, 82, 83, 84, 85, 86, 87, 88, 89, 90, 91, 92, 93, 94, 95, 96, 97, 98, 99, 100, 101, 102, 485, 486, 487, 488, 489, 490, 491, 492, 493, 494, 495, 496, 497, 498, 499, 500, 501, 502, 503, 504, 505, 506, 507, 508, 509, 510, 511, 512, 513, 514, 515, 516, 517, 518, 519, 520, 521, 522, 523, 524, 525, 526, 527, 528, 529, 530, 531, 532, 533, 534, 535, 536, 537, 538, 539, 540, 541, 542, 543, 544, 545, 546, 547, 548, 549, 550, 551, 552, 553, 554, 555, 556, 557, 558, 559, 560, 561, 562, 563, 564, 565, 566, 567, 568, 569, 570, 571, 572, 573]","[0, 5, 7, 10, 14, 19, 20, 22, 24, 32, 33, 34, 37, 38, 40, 44, 46, 48, 49, 51, 56, 61, 63, 65, 67, 68, 73, 74, 75, 76, 79, 81, 82, 83, 85, 87, 88, 92, 93, 95, 96, 99, 100, 101, 115, 116, 124, 134, 142, 161, 167, 169, 170, 186, 202, 240, 244, 254, 260, 267, 277, 300, 303, 307, 310, 322, 331, 376, 485, 491, 493, 495, 499, 503, 504, 506, 508, 515, 518, 519, 521, 524, 526, 528, 533, 537, 539, 542, 543, 547, 548, 549, 550, 551, 553, 554, 556, 558, 559, 563, 564, 566, 567, 570, 571, 572, 586, 587, 595, 605, 613, 633, 639, 640, 641, 657, 672, 704, 717, 726, 736, 759, 761, 765, 768, 780, 788, 792, 826]","[2, 9, 10, 82, 111, 112, 113, 199, 279, 284, 285, 300, 488, 494, 495, 553, 581, 582, 583, 670, 738, 743, 744, 759, 818]","[2, 9, 10, 82, 111, 112, 113, 199, 279, 284, 285, 300, 488, 494, 495, 553, 581, 582, 583, 670, 738, 743, 744, 759, 818]","[0, 1, 2, 3, 4, 5, 6, 7, 8, 9, 10, 11, 12, 13, 14, 15, 16, 17, 18, 19, 20, 21, 22, 23, 24, 25, 26, 27, 28, 29, 30, 543, 31, 32, 33, 34, 35, 36, 37, 38, 39, 553, 40, 41, 42, 43, 44, 45, 46, 47, 48, 49, 50, 51, 52, 53, 54, 55, 56, 57, 58, 59, 60, 61, 62, 63, 64, 65, 68, 66, 67, 69, 70, 71, 72, 73, 74, 75, 76, 77, 78, 79, 82, 80, 81, 83, 84, 85, 86, 87, 88, 89, 90, 91, 92, 93, 94, 95, 96, 97, 98, 99, 100, 101, 102, 528, 529, 530, 613, 513, 531, 111, 112, 115, 116, 532, 113, 633, 533, 124, 534, 639, 640, 641, 535, 134, 514, 536, 537, 142, 657, 538, 539, 540, 670, 672, 515, 541, 161, 542, 167, 169, 170, 544, 545, 516, 186, 546, 704, 547, 548, 199, 202, 549, 717, 550, 517, 551, 726, 552, 736, 738, 554, 743, 744, 555, 518, 556, 240, 557, 244, 759, 558, 761, 559, 254, 765, 768, 560, 260, 519, 561, 267, 562, 780, 563, 788, 277, 564, 279, 792, 565, 284, 285, 520, 566, 567, 568, 300, 569, 303, 818, 307, 570, 310, 521, 571, 826, 572, 322, 573, 331, 522, 523, 581, 582, 583, 376, 524, 586, 587, 525, 512, 595, 526, 527, 605, 485, 486, 487, 488, 489, 490, 491, 492, 493, 494, 495, 496, 497, 498, 499, 500, 501, 502, 503, 504, 505, 506, 507, 508, 509, 510, 511]",True,"[68, 82, 543, 553]","[0, 1, 2, 3, 4, 5, 6, 7, 8, 9, 10, 11, 12, 13, 14, 15, 16, 17, 18, 19, 20, 21, 22, 23, 24, 25, 26, 27, 28, 29, 30, 31, 32, 33, 34, 35, 36, 37, 38, 39, 40, 41, 42, 43, 44, 45, 46, 47, 48, 49, 50, 51, 52, 53, 54, 55, 56, 57, 58, 59, 60, 61, 62, 63, 64, 65, 66, 67, 68, 69, 70, 71, 72, 73, 74, 75, 76, 77, 78, 79, 80, 81, 82, 83, 84, 85, 86, 87, 88, 89, 90, 91, 92, 93, 94, 95, 96, 97, 98, 99, 100, 101, 102, 485, 486, 487, 488, 489, 490, 491, 492, 493, 494, 495, 496, 497, 498, 499, 500, 501, 502, 503, 504, 505, 506, 507, 508, 509, 510, 511, 512, 513, 514, 515, 516, 517, 518, 519, 520, 521, 522, 523, 524, 525, 526, 527, 528, 529, 530, 531, 532, 533, 534, 535, 536, 537, 538, 539, 540, 541, 542, 543, 544, 545, 546, 547, 548, 549, 550, 551, 552, 553, 554, 555, 556, 557, 558, 559, 560, 561, 562, 563, 564, 565, 566, 567, 568, 569, 570, 571, 572, 573]","[68, 543]","[68, 82, 543, 553]","[0, 5, 7, 10, 14, 19, 20, 22, 24, 32, 33, 34, 37, 38, 40, 44, 46, 48, 49, 51, 56, 61, 63, 65, 67, 68, 73, 74, 75, 76, 79, 81, 82, 83, 85, 87, 88, 92, 93, 95, 96, 99, 100, 101, 115, 116, 124, 134, 142, 161, 167, 169, 170, 186, 202, 240, 244, 254, 260, 267, 277, 300, 303, 307, 310, 322, 331, 376, 485, 491, 493, 495, 499, 503, 504, 506, 508, 515, 518, 519, 521, 524, 526, 528, 533, 537, 539, 542, 543, 547, 548, 549, 550, 551, 553, 554, 556, 558, 559, 563, 564, 566, 567, 570, 571, 572, 586, 587, 595, 605, 613, 633, 639, 640, 641, 657, 672, 704, 717, 726, 736, 759, 761, 765, 768, 780, 788, 792, 826]","[2, 9, 10, 82, 111, 112, 113, 199, 279, 284, 285, 300, 488, 494, 495, 553, 581, 582, 583, 670, 738, 743, 744, 759, 818]","[2, 9, 10, 82, 111, 112, 113, 199, 279, 284, 285, 300, 488, 494, 495, 553, 581, 582, 583, 670, 738, 743, 744, 759, 818]",7/6 successful match,True,"[34, 35]",True,160,False,,1.0,True,Tomahawk Auto / Truck Plaza ( Valero ),Valero
Vicksburg ( 85348 ) Tomahawk Auto / Truck Plaza ( Valero ),928-859-3843 I-10 Exit 45 ( Vicksburg Rd ),20 24 XL,Vicksburg,85348,Tomahawk Auto / Truck Plaza ( Valero ),928-859-3843,2014,Salome,AZ,Valero,( Vicksburg Rd ),I-10 Exit 45 ,Exit,45,False,,False,I-10,,,,,"[553, 82]","[68, 82, 543, 553]","[68, 82, 543, 553]","[68, 82, 543, 553]","[0, 1, 2, 3, 4, 5, 6, 7, 8, 9, 10, 11, 12, 13, 14, 15, 16, 17, 18, 19, 20, 21, 22, 23, 24, 25, 26, 27, 28, 29, 30, 31, 32, 33, 34, 35, 36, 37, 38, 39, 40, 41, 42, 43, 44, 45, 46, 47, 48, 49, 50, 51, 52, 53, 54, 55, 56, 57, 58, 59, 60, 61, 62, 63, 64, 65, 66, 67, 68, 69, 70, 71, 72, 73, 74, 75, 76, 77, 78, 79, 80, 81, 82, 83, 84, 85, 86, 87, 88, 89, 90, 91, 92, 93, 94, 95, 96, 97, 98, 99, 100, 101, 102, 485, 486, 487, 488, 489, 490, 491, 492, 493, 494, 495, 496, 497, 498, 499, 500, 501, 502, 503, 504, 505, 506, 507, 508, 509, 510, 511, 512, 513, 514, 515, 516, 517, 518, 519, 520, 521, 522, 523, 524, 525, 526, 527, 528, 529, 530, 531, 532, 533, 534, 535, 536, 537, 538, 539, 540, 541, 542, 543, 544, 545, 546, 547, 548, 549, 550, 551, 552, 553, 554, 555, 556, 557, 558, 559, 560, 561, 562, 563, 564, 565, 566, 567, 568, 569, 570, 571, 572, 573]","[0, 5, 7, 10, 14, 19, 20, 22, 24, 32, 33, 34, 37, 38, 40, 44, 46, 48, 49, 51, 56, 61, 63, 65, 67, 68, 73, 74, 75, 76, 79, 81, 82, 83, 85, 87, 88, 92, 93, 95, 96, 99, 100, 101, 115, 116, 124, 134, 142, 161, 167, 169, 170, 186, 202, 240, 244, 254, 260, 267, 277, 300, 303, 307, 310, 322, 331, 376, 485, 491, 493, 495, 499, 503, 504, 506, 508, 515, 518, 519, 521, 524, 526, 528, 533, 537, 539, 542, 543, 547, 548, 549, 550, 551, 553, 554, 556, 558, 559, 563, 564, 566, 567, 570, 571, 572, 586, 587, 595, 605, 613, 633, 639, 640, 641, 657, 672, 704, 717, 726, 736, 759, 761, 765, 768, 780, 788, 792, 826]","[2, 9, 10, 82, 111, 112, 113, 199, 279, 284, 285, 300, 488, 494, 495, 553, 581, 582, 583, 670, 738, 743, 744, 759, 818]","[2, 9, 10, 82, 111, 112, 113, 199, 279, 284, 285, 300, 488, 494, 495, 553, 581, 582, 583, 670, 738, 743, 744, 759, 818]","[0, 1, 2, 3, 4, 5, 6, 7, 8, 9, 10, 11, 12, 13, 14, 15, 16, 17, 18, 19, 20, 21, 22, 23, 24, 25, 26, 27, 28, 29, 30, 543, 31, 32, 33, 34, 35, 36, 37, 38, 39, 553, 40, 41, 42, 43, 44, 45, 46, 47, 48, 49, 50, 51, 52, 53, 54, 55, 56, 57, 58, 59, 60, 61, 62, 63, 64, 65, 68, 66, 67, 69, 70, 71, 72, 73, 74, 75, 76, 77, 78, 79, 82, 80, 81, 83, 84, 85, 86, 87, 88, 89, 90, 91, 92, 93, 94, 95, 96, 97, 98, 99, 100, 101, 102, 528, 529, 530, 613, 513, 531, 111, 112, 115, 116, 532, 113, 633, 533, 124, 534, 639, 640, 641, 535, 134, 514, 536, 537, 142, 657, 538, 539, 540, 670, 672, 515, 541, 161, 542, 167, 169, 170, 544, 545, 516, 186, 546, 704, 547, 548, 199, 202, 549, 717, 550, 517, 551, 726, 552, 736, 738, 554, 743, 744, 555, 518, 556, 240, 557, 244, 759, 558, 761, 559, 254, 765, 768, 560, 260, 519, 561, 267, 562, 780, 563, 788, 277, 564, 279, 792, 565, 284, 285, 520, 566, 567, 568, 300, 569, 303, 818, 307, 570, 310, 521, 571, 826, 572, 322, 573, 331, 522, 523, 581, 582, 583, 376, 524, 586, 587, 525, 512, 595, 526, 527, 605, 485, 486, 487, 488, 489, 490, 491, 492, 493, 494, 495, 496, 497, 498, 499, 500, 501, 502, 503, 504, 505, 506, 507, 508, 509, 510, 511]",True,"[68, 82, 543, 553]","[0, 1, 2, 3, 4, 5, 6, 7, 8, 9, 10, 11, 12, 13, 14, 15, 16, 17, 18, 19, 20, 21, 22, 23, 24, 25, 26, 27, 28, 29, 30, 31, 32, 33, 34, 35, 36, 37, 38, 39, 40, 41, 42, 43, 44, 45, 46, 47, 48, 49, 50, 51, 52, 53, 54, 55, 56, 57, 58, 59, 60, 61, 62, 63, 64, 65, 66, 67, 68, 69, 70, 71, 72, 73, 74, 75, 76, 77, 78, 79, 80, 81, 82, 83, 84, 85, 86, 87, 88, 89, 90, 91, 92, 93, 94, 95, 96, 97, 98, 99, 100, 101, 102, 485, 486, 487, 488, 489, 490, 491, 492, 493, 494, 495, 496, 497, 498, 499, 500, 501, 502, 503, 504, 505, 506, 507, 508, 509, 510, 511, 512, 513, 514, 515, 516, 517, 518, 519, 520, 521, 522, 523, 524, 525, 526, 527, 528, 529, 530, 531, 532, 533, 534, 535, 536, 537, 538, 539, 540, 541, 542, 543, 544, 545, 546, 547, 548, 549, 550, 551, 552, 553, 554, 555, 556, 557, 558, 559, 560, 561, 562, 563, 564, 565, 566, 567, 568, 569, 570, 571, 572, 573]","[68, 82, 543, 553]","[68, 82, 543, 553]","[0, 5, 7, 10, 14, 19, 20, 22, 24, 32, 33, 34, 37, 38, 40, 44, 46, 48, 49, 51, 56, 61, 63, 65, 67, 68, 73, 74, 75, 76, 79, 81, 82, 83, 85, 87, 88, 92, 93, 95, 96, 99, 100, 101, 115, 116, 124, 134, 142, 161, 167, 169, 170, 186, 202, 240, 244, 254, 260, 267, 277, 300, 303, 307, 310, 322, 331, 376, 485, 491, 493, 495, 499, 503, 504, 506, 508, 515, 518, 519, 521, 524, 526, 528, 533, 537, 539, 542, 543, 547, 548, 549, 550, 551, 553, 554, 556, 558, 559, 563, 564, 566, 567, 570, 571, 572, 586, 587, 595, 605, 613, 633, 639, 640, 641, 657, 672, 704, 717, 726, 736, 759, 761, 765, 768, 780, 788, 792, 826]","[2, 9, 10, 82, 111, 112, 113, 199, 279, 284, 285, 300, 488, 494, 495, 553, 581, 582, 583, 670, 738, 743, 744, 759, 818]","[2, 9, 10, 82, 111, 112, 113, 199, 279, 284, 285, 300, 488, 494, 495, 553, 581, 582, 583, 670, 738, 743, 744, 759, 818]",7/6 successful match,True,"[34, 35]",True,160,False,,1.0,True,Tomahawk Auto / Truck Plaza ( Valero ),Valero
Vicksburg ( 85348 ) Pride Travel Plaza,928-859-3843 I-10 Exit 45 (,24 <U+25A1> XL,Vicksburg,85348,Pride Travel Plaza,928-859-3843,2015,Salome,AZ,,(,I-10 Exit 45 ,Exit,45,False,,False,I-10,,,,,"[553, 82]","[68, 82, 543, 553]","[68, 82, 543, 553]","[68, 82, 543, 553]","[0, 1, 2, 3, 4, 5, 6, 7, 8, 9, 10, 11, 12, 13, 14, 15, 16, 17, 18, 19, 20, 21, 22, 23, 24, 25, 26, 27, 28, 29, 30, 31, 32, 33, 34, 35, 36, 37, 38, 39, 40, 41, 42, 43, 44, 45, 46, 47, 48, 49, 50, 51, 52, 53, 54, 55, 56, 57, 58, 59, 60, 61, 62, 63, 64, 65, 66, 67, 68, 69, 70, 71, 72, 73, 74, 75, 76, 77, 78, 79, 80, 81, 82, 83, 84, 85, 86, 87, 88, 89, 90, 91, 92, 93, 94, 95, 96, 97, 98, 99, 100, 101, 102, 485, 486, 487, 488, 489, 490, 491, 492, 493, 494, 495, 496, 497, 498, 499, 500, 501, 502, 503, 504, 505, 506, 507, 508, 509, 510, 511, 512, 513, 514, 515, 516, 517, 518, 519, 520, 521, 522, 523, 524, 525, 526, 527, 528, 529, 530, 531, 532, 533, 534, 535, 536, 537, 538, 539, 540, 541, 542, 543, 544, 545, 546, 547, 548, 549, 550, 551, 552, 553, 554, 555, 556, 557, 558, 559, 560, 561, 562, 563, 564, 565, 566, 567, 568, 569, 570, 571, 572, 573]","[0, 5, 7, 10, 14, 19, 20, 22, 24, 32, 33, 34, 37, 38, 40, 44, 46, 48, 49, 51, 56, 61, 63, 65, 67, 68, 73, 74, 75, 76, 79, 81, 82, 83, 85, 87, 88, 92, 93, 95, 96, 99, 100, 101, 115, 116, 124, 134, 142, 161, 167, 169, 170, 186, 202, 240, 244, 254, 260, 267, 277, 300, 303, 307, 310, 322, 331, 376, 485, 491, 493, 495, 499, 503, 504, 506, 508, 515, 518, 519, 521, 524, 526, 528, 533, 537, 539, 542, 543, 547, 548, 549, 550, 551, 553, 554, 556, 558, 559, 563, 564, 566, 567, 570, 571, 572, 586, 587, 595, 605, 613, 633, 639, 640, 641, 657, 672, 704, 717, 726, 736, 759, 761, 765, 768, 780, 788, 792, 826]",[],"[79, 80, 81, 82, 551, 552, 553]","[0, 1, 2, 3, 4, 5, 6, 7, 8, 9, 10, 11, 12, 13, 14, 15, 16, 17, 18, 19, 20, 21, 22, 23, 24, 25, 26, 27, 28, 29, 30, 543, 31, 32, 33, 34, 35, 36, 37, 38, 39, 553, 40, 41, 42, 43, 44, 45, 46, 47, 48, 49, 50, 51, 52, 53, 54, 55, 56, 57, 58, 59, 60, 61, 62, 63, 64, 65, 68, 66, 67, 69, 70, 71, 72, 73, 74, 75, 76, 77, 78, 79, 82, 80, 81, 83, 84, 85, 86, 87, 88, 89, 90, 91, 92, 93, 94, 95, 96, 97, 98, 99, 100, 101, 102, 528, 529, 530, 613, 513, 531, 115, 116, 532, 633, 533, 124, 534, 639, 640, 641, 535, 134, 514, 536, 537, 142, 657, 538, 539, 540, 672, 515, 541, 161, 542, 167, 169, 170, 544, 545, 516, 186, 546, 704, 547, 548, 202, 549, 717, 550, 517, 551, 726, 552, 736, 554, 555, 518, 556, 240, 557, 244, 759, 558, 761, 559, 254, 765, 768, 560, 260, 519, 561, 267, 562, 780, 563, 788, 277, 564, 792, 565, 520, 566, 567, 568, 300, 569, 303, 307, 570, 310, 521, 571, 826, 572, 322, 573, 331, 522, 523, 376, 524, 586, 587, 525, 512, 595, 526, 527, 605, 485, 486, 487, 488, 489, 490, 491, 492, 493, 494, 495, 496, 497, 498, 499, 500, 501, 502, 503, 504, 505, 506, 507, 508, 509, 510, 511]",True,"[68, 82, 543, 553]","[0, 1, 2, 3, 4, 5, 6, 7, 8, 9, 10, 11, 12, 13, 14, 15, 16, 17, 18, 19, 20, 21, 22, 23, 24, 25, 26, 27, 28, 29, 30, 31, 32, 33, 34, 35, 36, 37, 38, 39, 40, 41, 42, 43, 44, 45, 46, 47, 48, 49, 50, 51, 52, 53, 54, 55, 56, 57, 58, 59, 60, 61, 62, 63, 64, 65, 66, 67, 68, 69, 70, 71, 72, 73, 74, 75, 76, 77, 78, 79, 80, 81, 82, 83, 84, 85, 86, 87, 88, 89, 90, 91, 92, 93, 94, 95, 96, 97, 98, 99, 100, 101, 102, 485, 486, 487, 488, 489, 490, 491, 492, 493, 494, 495, 496, 497, 498, 499, 500, 501, 502, 503, 504, 505, 506, 507, 508, 509, 510, 511, 512, 513, 514, 515, 516, 517, 518, 519, 520, 521, 522, 523, 524, 525, 526, 527, 528, 529, 530, 531, 532, 533, 534, 535, 536, 537, 538, 539, 540, 541, 542, 543, 544, 545, 546, 547, 548, 549, 550, 551, 552, 553, 554, 555, 556, 557, 558, 559, 560, 561, 562, 563, 564, 565, 566, 567, 568, 569, 570, 571, 572, 573]","[68, 82, 543, 553]","[68, 82, 543, 553]","[0, 5, 7, 10, 14, 19, 20, 22, 24, 32, 33, 34, 37, 38, 40, 44, 46, 48, 49, 51, 56, 61, 63, 65, 67, 68, 73, 74, 75, 76, 79, 81, 82, 83, 85, 87, 88, 92, 93, 95, 96, 99, 100, 101, 115, 116, 124, 134, 142, 161, 167, 169, 170, 186, 202, 240, 244, 254, 260, 267, 277, 300, 303, 307, 310, 322, 331, 376, 485, 491, 493, 495, 499, 503, 504, 506, 508, 515, 518, 519, 521, 524, 526, 528, 533, 537, 539, 542, 543, 547, 548, 549, 550, 551, 553, 554, 556, 558, 559, 563, 564, 566, 567, 570, 571, 572, 586, 587, 595, 605, 613, 633, 639, 640, 641, 657, 672, 704, 717, 726, 736, 759, 761, 765, 768, 780, 788, 792, 826]","[79, 80, 81, 82, 551, 552, 553]",[],7/6 successful match,True,"[34, 35]",True,160,True,2015,0.16071428571428573,True,Tomahawk Auto / Truck Plaza ( Valero ),Valero
Vicksburg ( 85348 ) Pride Travel Plaza,928-859-3843 I-10 Exit 45 ( Vicksburg Rd ),24 <U+2610> XL,Vicksburg,85348,Pride Travel Plaza,928-859-3843,2016,Salome,AZ,,( Vicksburg Rd ),I-10 Exit 45 ,Exit,45,False,,False,I-10,,,,,"[553, 82]","[68, 82, 543, 553]","[68, 82, 543, 553]","[68, 82, 543, 553]","[0, 1, 2, 3, 4, 5, 6, 7, 8, 9, 10, 11, 12, 13, 14, 15, 16, 17, 18, 19, 20, 21, 22, 23, 24, 25, 26, 27, 28, 29, 30, 31, 32, 33, 34, 35, 36, 37, 38, 39, 40, 41, 42, 43, 44, 45, 46, 47, 48, 49, 50, 51, 52, 53, 54, 55, 56, 57, 58, 59, 60, 61, 62, 63, 64, 65, 66, 67, 68, 69, 70, 71, 72, 73, 74, 75, 76, 77, 78, 79, 80, 81, 82, 83, 84, 85, 86, 87, 88, 89, 90, 91, 92, 93, 94, 95, 96, 97, 98, 99, 100, 101, 102, 485, 486, 487, 488, 489, 490, 491, 492, 493, 494, 495, 496, 497, 498, 499, 500, 501, 502, 503, 504, 505, 506, 507, 508, 509, 510, 511, 512, 513, 514, 515, 516, 517, 518, 519, 520, 521, 522, 523, 524, 525, 526, 527, 528, 529, 530, 531, 532, 533, 534, 535, 536, 537, 538, 539, 540, 541, 542, 543, 544, 545, 546, 547, 548, 549, 550, 551, 552, 553, 554, 555, 556, 557, 558, 559, 560, 561, 562, 563, 564, 565, 566, 567, 568, 569, 570, 571, 572, 573]","[0, 5, 7, 10, 14, 19, 20, 22, 24, 32, 33, 34, 37, 38, 40, 44, 46, 48, 49, 51, 56, 61, 63, 65, 67, 68, 73, 74, 75, 76, 79, 81, 82, 83, 85, 87, 88, 92, 93, 95, 96, 99, 100, 101, 115, 116, 124, 134, 142, 161, 167, 169, 170, 186, 202, 240, 244, 254, 260, 267, 277, 300, 303, 307, 310, 322, 331, 376, 485, 491, 493, 495, 499, 503, 504, 506, 508, 515, 518, 519, 521, 524, 526, 528, 533, 537, 539, 542, 543, 547, 548, 549, 550, 551, 553, 554, 556, 558, 559, 563, 564, 566, 567, 570, 571, 572, 586, 587, 595, 605, 613, 633, 639, 640, 641, 657, 672, 704, 717, 726, 736, 759, 761, 765, 768, 780, 788, 792, 826]",[],"[79, 80, 81, 82, 551, 552, 553]","[0, 1, 2, 3, 4, 5, 6, 7, 8, 9, 10, 11, 12, 13, 14, 15, 16, 17, 18, 19, 20, 21, 22, 23, 24, 25, 26, 27, 28, 29, 30, 543, 31, 32, 33, 34, 35, 36, 37, 38, 39, 553, 40, 41, 42, 43, 44, 45, 46, 47, 48, 49, 50, 51, 52, 53, 54, 55, 56, 57, 58, 59, 60, 61, 62, 63, 64, 65, 68, 66, 67, 69, 70, 71, 72, 73, 74, 75, 76, 77, 78, 79, 82, 80, 81, 83, 84, 85, 86, 87, 88, 89, 90, 91, 92, 93, 94, 95, 96, 97, 98, 99, 100, 101, 102, 528, 529, 530, 613, 513, 531, 115, 116, 532, 633, 533, 124, 534, 639, 640, 641, 535, 134, 514, 536, 537, 142, 657, 538, 539, 540, 672, 515, 541, 161, 542, 167, 169, 170, 544, 545, 516, 186, 546, 704, 547, 548, 202, 549, 717, 550, 517, 551, 726, 552, 736, 554, 555, 518, 556, 240, 557, 244, 759, 558, 761, 559, 254, 765, 768, 560, 260, 519, 561, 267, 562, 780, 563, 788, 277, 564, 792, 565, 520, 566, 567, 568, 300, 569, 303, 307, 570, 310, 521, 571, 826, 572, 322, 573, 331, 522, 523, 376, 524, 586, 587, 525, 512, 595, 526, 527, 605, 485, 486, 487, 488, 489, 490, 491, 492, 493, 494, 495, 496, 497, 498, 499, 500, 501, 502, 503, 504, 505, 506, 507, 508, 509, 510, 511]",True,"[68, 82, 543, 553]","[0, 1, 2, 3, 4, 5, 6, 7, 8, 9, 10, 11, 12, 13, 14, 15, 16, 17, 18, 19, 20, 21, 22, 23, 24, 25, 26, 27, 28, 29, 30, 31, 32, 33, 34, 35, 36, 37, 38, 39, 40, 41, 42, 43, 44, 45, 46, 47, 48, 49, 50, 51, 52, 53, 54, 55, 56, 57, 58, 59, 60, 61, 62, 63, 64, 65, 66, 67, 68, 69, 70, 71, 72, 73, 74, 75, 76, 77, 78, 79, 80, 81, 82, 83, 84, 85, 86, 87, 88, 89, 90, 91, 92, 93, 94, 95, 96, 97, 98, 99, 100, 101, 102, 485, 486, 487, 488, 489, 490, 491, 492, 493, 494, 495, 496, 497, 498, 499, 500, 501, 502, 503, 504, 505, 506, 507, 508, 509, 510, 511, 512, 513, 514, 515, 516, 517, 518, 519, 520, 521, 522, 523, 524, 525, 526, 527, 528, 529, 530, 531, 532, 533, 534, 535, 536, 537, 538, 539, 540, 541, 542, 543, 544, 545, 546, 547, 548, 549, 550, 551, 552, 553, 554, 555, 556, 557, 558, 559, 560, 561, 562, 563, 564, 565, 566, 567, 568, 569, 570, 571, 572, 573]","[68, 82, 543, 553]","[68, 82, 543, 553]","[0, 5, 7, 10, 14, 19, 20, 22, 24, 32, 33, 34, 37, 38, 40, 44, 46, 48, 49, 51, 56, 61, 63, 65, 67, 68, 73, 74, 75, 76, 79, 81, 82, 83, 85, 87, 88, 92, 93, 95, 96, 99, 100, 101, 115, 116, 124, 134, 142, 161, 167, 169, 170, 186, 202, 240, 244, 254, 260, 267, 277, 300, 303, 307, 310, 322, 331, 376, 485, 491, 493, 495, 499, 503, 504, 506, 508, 515, 518, 519, 521, 524, 526, 528, 533, 537, 539, 542, 543, 547, 548, 549, 550, 551, 553, 554, 556, 558, 559, 563, 564, 566, 567, 570, 571, 572, 586, 587, 595, 605, 613, 633, 639, 640, 641, 657, 672, 704, 717, 726, 736, 759, 761, 765, 768, 780, 788, 792, 826]","[79, 80, 81, 82, 551, 552, 553]",[],7/6 successful match,True,"[34, 35]",True,160,False,,0.8999999999999999,True,Pride Travel Plaza,
"Tonopah , 85354 Minute Mart # 42 ( Shell )",623-386-5386 I-10 Exit 94,,Tonopah,85354,Minute Mart # 42 ( Shell ),623-386-5386,2006,Tonopah,AZ,Shell,,I-10 Exit 94,Exit,94,False,,False,I-10,,,,,"[67, 542]","[67, 95, 542, 566]","[67, 95, 360, 389, 390, 542, 566, 839, 840]","[67, 542]","[0, 1, 2, 3, 4, 5, 6, 7, 8, 9, 10, 11, 12, 13, 14, 15, 16, 17, 18, 19, 20, 21, 22, 23, 24, 25, 26, 27, 28, 29, 30, 31, 32, 33, 34, 35, 36, 37, 38, 39, 40, 41, 42, 43, 44, 45, 46, 47, 48, 49, 50, 51, 52, 53, 54, 55, 56, 57, 58, 59, 60, 61, 62, 63, 64, 65, 66, 67, 68, 69, 70, 71, 72, 73, 74, 75, 76, 77, 78, 79, 80, 81, 82, 83, 84, 85, 86, 87, 88, 89, 90, 91, 92, 93, 94, 95, 96, 97, 98, 99, 100, 101, 102, 485, 486, 487, 488, 489, 490, 491, 492, 493, 494, 495, 496, 497, 498, 499, 500, 501, 502, 503, 504, 505, 506, 507, 508, 509, 510, 511, 512, 513, 514, 515, 516, 517, 518, 519, 520, 521, 522, 523, 524, 525, 526, 527, 528, 529, 530, 531, 532, 533, 534, 535, 536, 537, 538, 539, 540, 541, 542, 543, 544, 545, 546, 547, 548, 549, 550, 551, 552, 553, 554, 555, 556, 557, 558, 559, 560, 561, 562, 563, 564, 565, 566, 567, 568, 569, 570, 571, 572, 573]","[0, 5, 7, 10, 14, 19, 20, 22, 24, 32, 33, 34, 37, 38, 40, 44, 46, 48, 49, 51, 56, 61, 63, 65, 67, 68, 73, 74, 75, 76, 79, 81, 82, 83, 85, 87, 88, 92, 93, 95, 96, 99, 100, 101, 115, 116, 124, 134, 142, 161, 167, 169, 170, 186, 202, 240, 244, 254, 260, 267, 277, 300, 303, 307, 310, 322, 331, 376, 485, 491, 493, 495, 499, 503, 504, 506, 508, 515, 518, 519, 521, 524, 526, 528, 533, 537, 539, 542, 543, 547, 548, 549, 550, 551, 553, 554, 556, 558, 559, 563, 564, 566, 567, 570, 571, 572, 586, 587, 595, 605, 613, 633, 639, 640, 641, 657, 672, 704, 717, 726, 736, 759, 761, 765, 768, 780, 788, 792, 826]","[1, 13, 14, 29, 54, 55, 56, 57, 58, 60, 102, 118, 125, 127, 130, 134, 146, 149, 153, 175, 182, 187, 189, 191, 197, 225, 230, 238, 264, 265, 266, 286, 302, 317, 336, 379, 388, 389, 425, 454, 458, 463, 475, 487, 498, 499, 512, 530, 531, 532, 533, 534, 536, 573, 589, 596, 598, 601, 605, 617, 620, 624, 646, 653, 658, 660, 662, 668, 689, 694, 702, 724, 725, 745, 760, 775, 793, 829, 838, 839, 877, 901, 903, 905, 910, 923]","[1, 13, 14, 29, 54, 55, 56, 57, 58, 60, 102, 118, 125, 127, 130, 134, 146, 149, 153, 175, 182, 187, 189, 191, 197, 225, 230, 238, 264, 265, 266, 286, 302, 317, 336, 354, 379, 388, 389, 425, 454, 458, 463, 475, 487, 498, 499, 512, 530, 531, 532, 533, 534, 536, 573, 589, 596, 598, 601, 605, 617, 620, 624, 646, 653, 658, 660, 662, 668, 689, 694, 702, 724, 725, 745, 760, 775, 793, 809, 829, 838, 839, 877, 901, 903, 905, 910, 923]","[0, 1, 2, 3, 4, 5, 6, 7, 8, 9, 10, 11, 12, 13, 14, 15, 16, 17, 18, 19, 20, 21, 22, 23, 24, 25, 26, 27, 28, 29, 542, 30, 31, 32, 33, 34, 35, 36, 37, 38, 39, 40, 41, 42, 43, 44, 45, 46, 47, 48, 49, 50, 51, 52, 566, 53, 54, 55, 56, 57, 58, 59, 60, 61, 62, 63, 64, 67, 65, 66, 68, 69, 70, 71, 72, 73, 74, 75, 76, 77, 78, 79, 80, 81, 82, 83, 84, 85, 86, 87, 88, 89, 90, 91, 92, 95, 93, 94, 96, 97, 98, 99, 100, 101, 102, 528, 529, 530, 613, 617, 620, 513, 531, 624, 115, 116, 532, 118, 633, 533, 124, 125, 534, 639, 640, 641, 127, 535, 130, 134, 646, 514, 536, 653, 537, 142, 657, 146, 538, 658, 149, 660, 662, 539, 153, 668, 540, 672, 515, 541, 161, 167, 169, 170, 543, 175, 689, 544, 182, 545, 694, 516, 186, 546, 187, 189, 191, 704, 547, 702, 197, 548, 202, 549, 717, 550, 517, 724, 551, 726, 725, 552, 553, 736, 225, 554, 230, 555, 745, 518, 556, 238, 240, 557, 244, 759, 558, 761, 760, 559, 254, 765, 768, 560, 260, 519, 561, 264, 265, 266, 267, 562, 780, 775, 563, 788, 277, 564, 792, 793, 565, 520, 286, 567, 809, 568, 300, 302, 569, 303, 307, 570, 310, 521, 571, 826, 317, 572, 829, 322, 573, 838, 839, 840, 331, 522, 336, 354, 360, 523, 877, 376, 379, 524, 388, 389, 390, 586, 901, 903, 587, 905, 910, 589, 525, 923, 425, 512, 595, 526, 596, 598, 454, 458, 527, 463, 601, 475, 605, 485, 486, 487, 488, 489, 490, 491, 492, 493, 494, 495, 496, 497, 498, 499, 500, 501, 502, 503, 504, 505, 506, 507, 508, 509, 510, 511]",True,"[67, 95, 542, 566]","[0, 1, 2, 3, 4, 5, 6, 7, 8, 9, 10, 11, 12, 13, 14, 15, 16, 17, 18, 19, 20, 21, 22, 23, 24, 25, 26, 27, 28, 29, 30, 31, 32, 33, 34, 35, 36, 37, 38, 39, 40, 41, 42, 43, 44, 45, 46, 47, 48, 49, 50, 51, 52, 53, 54, 55, 56, 57, 58, 59, 60, 61, 62, 63, 64, 65, 66, 67, 68, 69, 70, 71, 72, 73, 74, 75, 76, 77, 78, 79, 80, 81, 82, 83, 84, 85, 86, 87, 88, 89, 90, 91, 92, 93, 94, 95, 96, 97, 98, 99, 100, 101, 102, 485, 486, 487, 488, 489, 490, 491, 492, 493, 494, 495, 496, 497, 498, 499, 500, 501, 502, 503, 504, 505, 506, 507, 508, 509, 510, 511, 512, 513, 514, 515, 516, 517, 518, 519, 520, 521, 522, 523, 524, 525, 526, 527, 528, 529, 530, 531, 532, 533, 534, 535, 536, 537, 538, 539, 540, 541, 542, 543, 544, 545, 546, 547, 548, 549, 550, 551, 552, 553, 554, 555, 556, 557, 558, 559, 560, 561, 562, 563, 564, 565, 566, 567, 568, 569, 570, 571, 572, 573]","[67, 95, 360, 389, 390, 542, 566, 839, 840]","[67, 542]","[0, 5, 7, 10, 14, 19, 20, 22, 24, 32, 33, 34, 37, 38, 40, 44, 46, 48, 49, 51, 56, 61, 63, 65, 67, 68, 73, 74, 75, 76, 79, 81, 82, 83, 85, 87, 88, 92, 93, 95, 96, 99, 100, 101, 115, 116, 124, 134, 142, 161, 167, 169, 170, 186, 202, 240, 244, 254, 260, 267, 277, 300, 303, 307, 310, 322, 331, 376, 485, 491, 493, 495, 499, 503, 504, 506, 508, 515, 518, 519, 521, 524, 526, 528, 533, 537, 539, 542, 543, 547, 548, 549, 550, 551, 553, 554, 556, 558, 559, 563, 564, 566, 567, 570, 571, 572, 586, 587, 595, 605, 613, 633, 639, 640, 641, 657, 672, 704, 717, 726, 736, 759, 761, 765, 768, 780, 788, 792, 826]","[1, 13, 14, 29, 54, 55, 56, 57, 58, 60, 102, 118, 125, 127, 130, 134, 146, 149, 153, 175, 182, 187, 189, 191, 197, 225, 230, 238, 264, 265, 266, 286, 302, 317, 336, 354, 379, 388, 389, 425, 454, 458, 463, 475, 487, 498, 499, 512, 530, 531, 532, 533, 534, 536, 573, 589, 596, 598, 601, 605, 617, 620, 624, 646, 653, 658, 660, 662, 668, 689, 694, 702, 724, 725, 745, 760, 775, 793, 809, 829, 838, 839, 877, 901, 903, 905, 910, 923]","[1, 13, 14, 29, 54, 55, 56, 57, 58, 60, 102, 118, 125, 127, 130, 134, 146, 149, 153, 175, 182, 187, 189, 191, 197, 225, 230, 238, 264, 265, 266, 286, 302, 317, 336, 379, 388, 389, 425, 454, 458, 463, 475, 487, 498, 499, 512, 530, 531, 532, 533, 534, 536, 573, 589, 596, 598, 601, 605, 617, 620, 624, 646, 653, 658, 660, 662, 668, 689, 694, 702, 724, 725, 745, 760, 775, 793, 829, 838, 839, 877, 901, 903, 905, 910, 923]",5/6 successful match,True,[159],True,161,False,,,,,
"Tonopah , 85354 Minute Mart # 42 ( Shell )",623-386-5386 I-10 Exit 94,24 XLO O,Tonopah,85354,Minute Mart # 42 ( Shell ),623-386-5386,2007,Tonopah,AZ,Shell,,I-10 Exit 94,Exit,94,False,,False,I-10,,,,,"[67, 542]","[67, 95, 542, 566]","[67, 95, 360, 389, 390, 542, 566, 839, 840]","[67, 542]","[0, 1, 2, 3, 4, 5, 6, 7, 8, 9, 10, 11, 12, 13, 14, 15, 16, 17, 18, 19, 20, 21, 22, 23, 24, 25, 26, 27, 28, 29, 30, 31, 32, 33, 34, 35, 36, 37, 38, 39, 40, 41, 42, 43, 44, 45, 46, 47, 48, 49, 50, 51, 52, 53, 54, 55, 56, 57, 58, 59, 60, 61, 62, 63, 64, 65, 66, 67, 68, 69, 70, 71, 72, 73, 74, 75, 76, 77, 78, 79, 80, 81, 82, 83, 84, 85, 86, 87, 88, 89, 90, 91, 92, 93, 94, 95, 96, 97, 98, 99, 100, 101, 102, 485, 486, 487, 488, 489, 490, 491, 492, 493, 494, 495, 496, 497, 498, 499, 500, 501, 502, 503, 504, 505, 506, 507, 508, 509, 510, 511, 512, 513, 514, 515, 516, 517, 518, 519, 520, 521, 522, 523, 524, 525, 526, 527, 528, 529, 530, 531, 532, 533, 534, 535, 536, 537, 538, 539, 540, 541, 542, 543, 544, 545, 546, 547, 548, 549, 550, 551, 552, 553, 554, 555, 556, 557, 558, 559, 560, 561, 562, 563, 564, 565, 566, 567, 568, 569, 570, 571, 572, 573]","[0, 5, 7, 10, 14, 19, 20, 22, 24, 32, 33, 34, 37, 38, 40, 44, 46, 48, 49, 51, 56, 61, 63, 65, 67, 68, 73, 74, 75, 76, 79, 81, 82, 83, 85, 87, 88, 92, 93, 95, 96, 99, 100, 101, 115, 116, 124, 134, 142, 161, 167, 169, 170, 186, 202, 240, 244, 254, 260, 267, 277, 300, 303, 307, 310, 322, 331, 376, 485, 491, 493, 495, 499, 503, 504, 506, 508, 515, 518, 519, 521, 524, 526, 528, 533, 537, 539, 542, 543, 547, 548, 549, 550, 551, 553, 554, 556, 558, 559, 563, 564, 566, 567, 570, 571, 572, 586, 587, 595, 605, 613, 633, 639, 640, 641, 657, 672, 704, 717, 726, 736, 759, 761, 765, 768, 780, 788, 792, 826]","[1, 13, 14, 29, 54, 55, 56, 57, 58, 60, 102, 118, 125, 127, 130, 134, 146, 149, 153, 175, 182, 187, 189, 191, 197, 225, 230, 238, 264, 265, 266, 286, 302, 317, 336, 379, 388, 389, 425, 454, 458, 463, 475, 487, 498, 499, 512, 530, 531, 532, 533, 534, 536, 573, 589, 596, 598, 601, 605, 617, 620, 624, 646, 653, 658, 660, 662, 668, 689, 694, 702, 724, 725, 745, 760, 775, 793, 829, 838, 839, 877, 901, 903, 905, 910, 923]","[1, 13, 14, 29, 54, 55, 56, 57, 58, 60, 102, 118, 125, 127, 130, 134, 146, 149, 153, 175, 182, 187, 189, 191, 197, 225, 230, 238, 264, 265, 266, 286, 302, 317, 336, 354, 379, 388, 389, 425, 454, 458, 463, 475, 487, 498, 499, 512, 530, 531, 532, 533, 534, 536, 573, 589, 596, 598, 601, 605, 617, 620, 624, 646, 653, 658, 660, 662, 668, 689, 694, 702, 724, 725, 745, 760, 775, 793, 809, 829, 838, 839, 877, 901, 903, 905, 910, 923]","[0, 1, 2, 3, 4, 5, 6, 7, 8, 9, 10, 11, 12, 13, 14, 15, 16, 17, 18, 19, 20, 21, 22, 23, 24, 25, 26, 27, 28, 29, 542, 30, 31, 32, 33, 34, 35, 36, 37, 38, 39, 40, 41, 42, 43, 44, 45, 46, 47, 48, 49, 50, 51, 52, 566, 53, 54, 55, 56, 57, 58, 59, 60, 61, 62, 63, 64, 67, 65, 66, 68, 69, 70, 71, 72, 73, 74, 75, 76, 77, 78, 79, 80, 81, 82, 83, 84, 85, 86, 87, 88, 89, 90, 91, 92, 95, 93, 94, 96, 97, 98, 99, 100, 101, 102, 528, 529, 530, 613, 617, 620, 513, 531, 624, 115, 116, 532, 118, 633, 533, 124, 125, 534, 639, 640, 641, 127, 535, 130, 134, 646, 514, 536, 653, 537, 142, 657, 146, 538, 658, 149, 660, 662, 539, 153, 668, 540, 672, 515, 541, 161, 167, 169, 170, 543, 175, 689, 544, 182, 545, 694, 516, 186, 546, 187, 189, 191, 704, 547, 702, 197, 548, 202, 549, 717, 550, 517, 724, 551, 726, 725, 552, 553, 736, 225, 554, 230, 555, 745, 518, 556, 238, 240, 557, 244, 759, 558, 761, 760, 559, 254, 765, 768, 560, 260, 519, 561, 264, 265, 266, 267, 562, 780, 775, 563, 788, 277, 564, 792, 793, 565, 520, 286, 567, 809, 568, 300, 302, 569, 303, 307, 570, 310, 521, 571, 826, 317, 572, 829, 322, 573, 838, 839, 840, 331, 522, 336, 354, 360, 523, 877, 376, 379, 524, 388, 389, 390, 586, 901, 903, 587, 905, 910, 589, 525, 923, 425, 512, 595, 526, 596, 598, 454, 458, 527, 463, 601, 475, 605, 485, 486, 487, 488, 489, 490, 491, 492, 493, 494, 495, 496, 497, 498, 499, 500, 501, 502, 503, 504, 505, 506, 507, 508, 509, 510, 511]",True,"[67, 95, 542, 566]","[0, 1, 2, 3, 4, 5, 6, 7, 8, 9, 10, 11, 12, 13, 14, 15, 16, 17, 18, 19, 20, 21, 22, 23, 24, 25, 26, 27, 28, 29, 30, 31, 32, 33, 34, 35, 36, 37, 38, 39, 40, 41, 42, 43, 44, 45, 46, 47, 48, 49, 50, 51, 52, 53, 54, 55, 56, 57, 58, 59, 60, 61, 62, 63, 64, 65, 66, 67, 68, 69, 70, 71, 72, 73, 74, 75, 76, 77, 78, 79, 80, 81, 82, 83, 84, 85, 86, 87, 88, 89, 90, 91, 92, 93, 94, 95, 96, 97, 98, 99, 100, 101, 102, 485, 486, 487, 488, 489, 490, 491, 492, 493, 494, 495, 496, 497, 498, 499, 500, 501, 502, 503, 504, 505, 506, 507, 508, 509, 510, 511, 512, 513, 514, 515, 516, 517, 518, 519, 520, 521, 522, 523, 524, 525, 526, 527, 528, 529, 530, 531, 532, 533, 534, 535, 536, 537, 538, 539, 540, 541, 542, 543, 544, 545, 546, 547, 548, 549, 550, 551, 552, 553, 554, 555, 556, 557, 558, 559, 560, 561, 562, 563, 564, 565, 566, 567, 568, 569, 570, 571, 572, 573]","[67, 95, 360, 389, 390, 542, 566, 839, 840]","[67, 542]","[0, 5, 7, 10, 14, 19, 20, 22, 24, 32, 33, 34, 37, 38, 40, 44, 46, 48, 49, 51, 56, 61, 63, 65, 67, 68, 73, 74, 75, 76, 79, 81, 82, 83, 85, 87, 88, 92, 93, 95, 96, 99, 100, 101, 115, 116, 124, 134, 142, 161, 167, 169, 170, 186, 202, 240, 244, 254, 260, 267, 277, 300, 303, 307, 310, 322, 331, 376, 485, 491, 493, 495, 499, 503, 504, 506, 508, 515, 518, 519, 521, 524, 526, 528, 533, 537, 539, 542, 543, 547, 548, 549, 550, 551, 553, 554, 556, 558, 559, 563, 564, 566, 567, 570, 571, 572, 586, 587, 595, 605, 613, 633, 639, 640, 641, 657, 672, 704, 717, 726, 736, 759, 761, 765, 768, 780, 788, 792, 826]","[1, 13, 14, 29, 54, 55, 56, 57, 58, 60, 102, 118, 125, 127, 130, 134, 146, 149, 153, 175, 182, 187, 189, 191, 197, 225, 230, 238, 264, 265, 266, 286, 302, 317, 336, 354, 379, 388, 389, 425, 454, 458, 463, 475, 487, 498, 499, 512, 530, 531, 532, 533, 534, 536, 573, 589, 596, 598, 601, 605, 617, 620, 624, 646, 653, 658, 660, 662, 668, 689, 694, 702, 724, 725, 745, 760, 775, 793, 809, 829, 838, 839, 877, 901, 903, 905, 910, 923]","[1, 13, 14, 29, 54, 55, 56, 57, 58, 60, 102, 118, 125, 127, 130, 134, 146, 149, 153, 175, 182, 187, 189, 191, 197, 225, 230, 238, 264, 265, 266, 286, 302, 317, 336, 379, 388, 389, 425, 454, 458, 463, 475, 487, 498, 499, 512, 530, 531, 532, 533, 534, 536, 573, 589, 596, 598, 601, 605, 617, 620, 624, 646, 653, 658, 660, 662, 668, 689, 694, 702, 724, 725, 745, 760, 775, 793, 829, 838, 839, 877, 901, 903, 905, 910, 923]",5/6 successful match,True,[159],True,161,False,,1.0,True,Minute Mart # 42 ( Shell ),Shell
"Tonopah , 85354 Minute Mart # 42 ( Shell )",3 623-386-5386 I-10 Exit 94,24 HRS XL <U+2610> <U+2610>,Tonopah,85354,Minute Mart # 42 ( Shell ),623-386-5386,2008,Tonopah,AZ,Shell,,I-10 Exit 94,Exit,94,False,,False,I-10,,,,,"[67, 542]","[67, 95, 542, 566]","[67, 95, 360, 389, 390, 542, 566, 839, 840]","[67, 542]","[0, 1, 2, 3, 4, 5, 6, 7, 8, 9, 10, 11, 12, 13, 14, 15, 16, 17, 18, 19, 20, 21, 22, 23, 24, 25, 26, 27, 28, 29, 30, 31, 32, 33, 34, 35, 36, 37, 38, 39, 40, 41, 42, 43, 44, 45, 46, 47, 48, 49, 50, 51, 52, 53, 54, 55, 56, 57, 58, 59, 60, 61, 62, 63, 64, 65, 66, 67, 68, 69, 70, 71, 72, 73, 74, 75, 76, 77, 78, 79, 80, 81, 82, 83, 84, 85, 86, 87, 88, 89, 90, 91, 92, 93, 94, 95, 96, 97, 98, 99, 100, 101, 102, 485, 486, 487, 488, 489, 490, 491, 492, 493, 494, 495, 496, 497, 498, 499, 500, 501, 502, 503, 504, 505, 506, 507, 508, 509, 510, 511, 512, 513, 514, 515, 516, 517, 518, 519, 520, 521, 522, 523, 524, 525, 526, 527, 528, 529, 530, 531, 532, 533, 534, 535, 536, 537, 538, 539, 540, 541, 542, 543, 544, 545, 546, 547, 548, 549, 550, 551, 552, 553, 554, 555, 556, 557, 558, 559, 560, 561, 562, 563, 564, 565, 566, 567, 568, 569, 570, 571, 572, 573]","[0, 5, 7, 10, 14, 19, 20, 22, 24, 32, 33, 34, 37, 38, 40, 44, 46, 48, 49, 51, 56, 61, 63, 65, 67, 68, 73, 74, 75, 76, 79, 81, 82, 83, 85, 87, 88, 92, 93, 95, 96, 99, 100, 101, 115, 116, 124, 134, 142, 161, 167, 169, 170, 186, 202, 240, 244, 254, 260, 267, 277, 300, 303, 307, 310, 322, 331, 376, 485, 491, 493, 495, 499, 503, 504, 506, 508, 515, 518, 519, 521, 524, 526, 528, 533, 537, 539, 542, 543, 547, 548, 549, 550, 551, 553, 554, 556, 558, 559, 563, 564, 566, 567, 570, 571, 572, 586, 587, 595, 605, 613, 633, 639, 640, 641, 657, 672, 704, 717, 726, 736, 759, 761, 765, 768, 780, 788, 792, 826]","[1, 13, 14, 29, 54, 55, 56, 57, 58, 60, 102, 118, 125, 127, 130, 134, 146, 149, 153, 175, 182, 187, 189, 191, 197, 225, 230, 238, 264, 265, 266, 286, 302, 317, 336, 379, 388, 389, 425, 454, 458, 463, 475, 487, 498, 499, 512, 530, 531, 532, 533, 534, 536, 573, 589, 596, 598, 601, 605, 617, 620, 624, 646, 653, 658, 660, 662, 668, 689, 694, 702, 724, 725, 745, 760, 775, 793, 829, 838, 839, 877, 901, 903, 905, 910, 923]","[1, 13, 14, 29, 54, 55, 56, 57, 58, 60, 102, 118, 125, 127, 130, 134, 146, 149, 153, 175, 182, 187, 189, 191, 197, 225, 230, 238, 264, 265, 266, 286, 302, 317, 336, 354, 379, 388, 389, 425, 454, 458, 463, 475, 487, 498, 499, 512, 530, 531, 532, 533, 534, 536, 573, 589, 596, 598, 601, 605, 617, 620, 624, 646, 653, 658, 660, 662, 668, 689, 694, 702, 724, 725, 745, 760, 775, 793, 809, 829, 838, 839, 877, 901, 903, 905, 910, 923]","[0, 1, 2, 3, 4, 5, 6, 7, 8, 9, 10, 11, 12, 13, 14, 15, 16, 17, 18, 19, 20, 21, 22, 23, 24, 25, 26, 27, 28, 29, 542, 30, 31, 32, 33, 34, 35, 36, 37, 38, 39, 40, 41, 42, 43, 44, 45, 46, 47, 48, 49, 50, 51, 52, 566, 53, 54, 55, 56, 57, 58, 59, 60, 61, 62, 63, 64, 67, 65, 66, 68, 69, 70, 71, 72, 73, 74, 75, 76, 77, 78, 79, 80, 81, 82, 83, 84, 85, 86, 87, 88, 89, 90, 91, 92, 95, 93, 94, 96, 97, 98, 99, 100, 101, 102, 528, 529, 530, 613, 617, 620, 513, 531, 624, 115, 116, 532, 118, 633, 533, 124, 125, 534, 639, 640, 641, 127, 535, 130, 134, 646, 514, 536, 653, 537, 142, 657, 146, 538, 658, 149, 660, 662, 539, 153, 668, 540, 672, 515, 541, 161, 167, 169, 170, 543, 175, 689, 544, 182, 545, 694, 516, 186, 546, 187, 189, 191, 704, 547, 702, 197, 548, 202, 549, 717, 550, 517, 724, 551, 726, 725, 552, 553, 736, 225, 554, 230, 555, 745, 518, 556, 238, 240, 557, 244, 759, 558, 761, 760, 559, 254, 765, 768, 560, 260, 519, 561, 264, 265, 266, 267, 562, 780, 775, 563, 788, 277, 564, 792, 793, 565, 520, 286, 567, 809, 568, 300, 302, 569, 303, 307, 570, 310, 521, 571, 826, 317, 572, 829, 322, 573, 838, 839, 840, 331, 522, 336, 354, 360, 523, 877, 376, 379, 524, 388, 389, 390, 586, 901, 903, 587, 905, 910, 589, 525, 923, 425, 512, 595, 526, 596, 598, 454, 458, 527, 463, 601, 475, 605, 485, 486, 487, 488, 489, 490, 491, 492, 493, 494, 495, 496, 497, 498, 499, 500, 501, 502, 503, 504, 505, 506, 507, 508, 509, 510, 511]",True,"[67, 95, 542, 566]","[0, 1, 2, 3, 4, 5, 6, 7, 8, 9, 10, 11, 12, 13, 14, 15, 16, 17, 18, 19, 20, 21, 22, 23, 24, 25, 26, 27, 28, 29, 30, 31, 32, 33, 34, 35, 36, 37, 38, 39, 40, 41, 42, 43, 44, 45, 46, 47, 48, 49, 50, 51, 52, 53, 54, 55, 56, 57, 58, 59, 60, 61, 62, 63, 64, 65, 66, 67, 68, 69, 70, 71, 72, 73, 74, 75, 76, 77, 78, 79, 80, 81, 82, 83, 84, 85, 86, 87, 88, 89, 90, 91, 92, 93, 94, 95, 96, 97, 98, 99, 100, 101, 102, 485, 486, 487, 488, 489, 490, 491, 492, 493, 494, 495, 496, 497, 498, 499, 500, 501, 502, 503, 504, 505, 506, 507, 508, 509, 510, 511, 512, 513, 514, 515, 516, 517, 518, 519, 520, 521, 522, 523, 524, 525, 526, 527, 528, 529, 530, 531, 532, 533, 534, 535, 536, 537, 538, 539, 540, 541, 542, 543, 544, 545, 546, 547, 548, 549, 550, 551, 552, 553, 554, 555, 556, 557, 558, 559, 560, 561, 562, 563, 564, 565, 566, 567, 568, 569, 570, 571, 572, 573]","[67, 95, 360, 389, 390, 542, 566, 839, 840]","[67, 542]","[0, 5, 7, 10, 14, 19, 20, 22, 24, 32, 33, 34, 37, 38, 40, 44, 46, 48, 49, 51, 56, 61, 63, 65, 67, 68, 73, 74, 75, 76, 79, 81, 82, 83, 85, 87, 88, 92, 93, 95, 96, 99, 100, 101, 115, 116, 124, 134, 142, 161, 167, 169, 170, 186, 202, 240, 244, 254, 260, 267, 277, 300, 303, 307, 310, 322, 331, 376, 485, 491, 493, 495, 499, 503, 504, 506, 508, 515, 518, 519, 521, 524, 526, 528, 533, 537, 539, 542, 543, 547, 548, 549, 550, 551, 553, 554, 556, 558, 559, 563, 564, 566, 567, 570, 571, 572, 586, 587, 595, 605, 613, 633, 639, 640, 641, 657, 672, 704, 717, 726, 736, 759, 761, 765, 768, 780, 788, 792, 826]","[1, 13, 14, 29, 54, 55, 56, 57, 58, 60, 102, 118, 125, 127, 130, 134, 146, 149, 153, 175, 182, 187, 189, 191, 197, 225, 230, 238, 264, 265, 266, 286, 302, 317, 336, 354, 379, 388, 389, 425, 454, 458, 463, 475, 487, 498, 499, 512, 530, 531, 532, 533, 534, 536, 573, 589, 596, 598, 601, 605, 617, 620, 624, 646, 653, 658, 660, 662, 668, 689, 694, 702, 724, 725, 745, 760, 775, 793, 809, 829, 838, 839, 877, 901, 903, 905, 910, 923]","[1, 13, 14, 29, 54, 55, 56, 57, 58, 60, 102, 118, 125, 127, 130, 134, 146, 149, 153, 175, 182, 187, 189, 191, 197, 225, 230, 238, 264, 265, 266, 286, 302, 317, 336, 379, 388, 389, 425, 454, 458, 463, 475, 487, 498, 499, 512, 530, 531, 532, 533, 534, 536, 573, 589, 596, 598, 601, 605, 617, 620, 624, 646, 653, 658, 660, 662, 668, 689, 694, 702, 724, 725, 745, 760, 775, 793, 829, 838, 839, 877, 901, 903, 905, 910, 923]",5/6 successful match,True,[159],True,161,False,,1.0,True,Minute Mart # 42 ( Shell ),Shell
G Tonopah ( 85354 ) Minute Mart # 42 ( Shell ),3 623-386-5386 I-10 Exit 94,24 XL,Tonopah,85354,Minute Mart # 42 ( Shell ),623-386-5386,2014,Tonopah,AZ,Shell,,I-10 Exit 94,Exit,94,False,,False,I-10,,,,,"[67, 542]","[67, 95, 542, 566]","[67, 95, 360, 389, 390, 542, 566, 839, 840]","[67, 542]","[0, 1, 2, 3, 4, 5, 6, 7, 8, 9, 10, 11, 12, 13, 14, 15, 16, 17, 18, 19, 20, 21, 22, 23, 24, 25, 26, 27, 28, 29, 30, 31, 32, 33, 34, 35, 36, 37, 38, 39, 40, 41, 42, 43, 44, 45, 46, 47, 48, 49, 50, 51, 52, 53, 54, 55, 56, 57, 58, 59, 60, 61, 62, 63, 64, 65, 66, 67, 68, 69, 70, 71, 72, 73, 74, 75, 76, 77, 78, 79, 80, 81, 82, 83, 84, 85, 86, 87, 88, 89, 90, 91, 92, 93, 94, 95, 96, 97, 98, 99, 100, 101, 102, 485, 486, 487, 488, 489, 490, 491, 492, 493, 494, 495, 496, 497, 498, 499, 500, 501, 502, 503, 504, 505, 506, 507, 508, 509, 510, 511, 512, 513, 514, 515, 516, 517, 518, 519, 520, 521, 522, 523, 524, 525, 526, 527, 528, 529, 530, 531, 532, 533, 534, 535, 536, 537, 538, 539, 540, 541, 542, 543, 544, 545, 546, 547, 548, 549, 550, 551, 552, 553, 554, 555, 556, 557, 558, 559, 560, 561, 562, 563, 564, 565, 566, 567, 568, 569, 570, 571, 572, 573]","[0, 5, 7, 10, 14, 19, 20, 22, 24, 32, 33, 34, 37, 38, 40, 44, 46, 48, 49, 51, 56, 61, 63, 65, 67, 68, 73, 74, 75, 76, 79, 81, 82, 83, 85, 87, 88, 92, 93, 95, 96, 99, 100, 101, 115, 116, 124, 134, 142, 161, 167, 169, 170, 186, 202, 240, 244, 254, 260, 267, 277, 300, 303, 307, 310, 322, 331, 376, 485, 491, 493, 495, 499, 503, 504, 506, 508, 515, 518, 519, 521, 524, 526, 528, 533, 537, 539, 542, 543, 547, 548, 549, 550, 551, 553, 554, 556, 558, 559, 563, 564, 566, 567, 570, 571, 572, 586, 587, 595, 605, 613, 633, 639, 640, 641, 657, 672, 704, 717, 726, 736, 759, 761, 765, 768, 780, 788, 792, 826]","[1, 13, 14, 29, 54, 55, 56, 57, 58, 60, 102, 118, 125, 127, 130, 134, 146, 149, 153, 175, 182, 187, 189, 191, 197, 225, 230, 238, 264, 265, 266, 286, 302, 317, 336, 379, 388, 389, 425, 454, 458, 463, 475, 487, 498, 499, 512, 530, 531, 532, 533, 534, 536, 573, 589, 596, 598, 601, 605, 617, 620, 624, 646, 653, 658, 660, 662, 668, 689, 694, 702, 724, 725, 745, 760, 775, 793, 829, 838, 839, 877, 901, 903, 905, 910, 923]","[1, 13, 14, 29, 54, 55, 56, 57, 58, 60, 102, 118, 125, 127, 130, 134, 146, 149, 153, 175, 182, 187, 189, 191, 197, 225, 230, 238, 264, 265, 266, 286, 302, 317, 336, 354, 379, 388, 389, 425, 454, 458, 463, 475, 487, 498, 499, 512, 530, 531, 532, 533, 534, 536, 573, 589, 596, 598, 601, 605, 617, 620, 624, 646, 653, 658, 660, 662, 668, 689, 694, 702, 724, 725, 745, 760, 775, 793, 809, 829, 838, 839, 877, 901, 903, 905, 910, 923]","[0, 1, 2, 3, 4, 5, 6, 7, 8, 9, 10, 11, 12, 13, 14, 15, 16, 17, 18, 19, 20, 21, 22, 23, 24, 25, 26, 27, 28, 29, 542, 30, 31, 32, 33, 34, 35, 36, 37, 38, 39, 40, 41, 42, 43, 44, 45, 46, 47, 48, 49, 50, 51, 52, 566, 53, 54, 55, 56, 57, 58, 59, 60, 61, 62, 63, 64, 67, 65, 66, 68, 69, 70, 71, 72, 73, 74, 75, 76, 77, 78, 79, 80, 81, 82, 83, 84, 85, 86, 87, 88, 89, 90, 91, 92, 95, 93, 94, 96, 97, 98, 99, 100, 101, 102, 528, 529, 530, 613, 617, 620, 513, 531, 624, 115, 116, 532, 118, 633, 533, 124, 125, 534, 639, 640, 641, 127, 535, 130, 134, 646, 514, 536, 653, 537, 142, 657, 146, 538, 658, 149, 660, 662, 539, 153, 668, 540, 672, 515, 541, 161, 167, 169, 170, 543, 175, 689, 544, 182, 545, 694, 516, 186, 546, 187, 189, 191, 704, 547, 702, 197, 548, 202, 549, 717, 550, 517, 724, 551, 726, 725, 552, 553, 736, 225, 554, 230, 555, 745, 518, 556, 238, 240, 557, 244, 759, 558, 761, 760, 559, 254, 765, 768, 560, 260, 519, 561, 264, 265, 266, 267, 562, 780, 775, 563, 788, 277, 564, 792, 793, 565, 520, 286, 567, 809, 568, 300, 302, 569, 303, 307, 570, 310, 521, 571, 826, 317, 572, 829, 322, 573, 838, 839, 840, 331, 522, 336, 354, 360, 523, 877, 376, 379, 524, 388, 389, 390, 586, 901, 903, 587, 905, 910, 589, 525, 923, 425, 512, 595, 526, 596, 598, 454, 458, 527, 463, 601, 475, 605, 485, 486, 487, 488, 489, 490, 491, 492, 493, 494, 495, 496, 497, 498, 499, 500, 501, 502, 503, 504, 505, 506, 507, 508, 509, 510, 511]",True,"[67, 95, 542, 566]","[0, 1, 2, 3, 4, 5, 6, 7, 8, 9, 10, 11, 12, 13, 14, 15, 16, 17, 18, 19, 20, 21, 22, 23, 24, 25, 26, 27, 28, 29, 30, 31, 32, 33, 34, 35, 36, 37, 38, 39, 40, 41, 42, 43, 44, 45, 46, 47, 48, 49, 50, 51, 52, 53, 54, 55, 56, 57, 58, 59, 60, 61, 62, 63, 64, 65, 66, 67, 68, 69, 70, 71, 72, 73, 74, 75, 76, 77, 78, 79, 80, 81, 82, 83, 84, 85, 86, 87, 88, 89, 90, 91, 92, 93, 94, 95, 96, 97, 98, 99, 100, 101, 102, 485, 486, 487, 488, 489, 490, 491, 492, 493, 494, 495, 496, 497, 498, 499, 500, 501, 502, 503, 504, 505, 506, 507, 508, 509, 510, 511, 512, 513, 514, 515, 516, 517, 518, 519, 520, 521, 522, 523, 524, 525, 526, 527, 528, 529, 530, 531, 532, 533, 534, 535, 536, 537, 538, 539, 540, 541, 542, 543, 544, 545, 546, 547, 548, 549, 550, 551, 552, 553, 554, 555, 556, 557, 558, 559, 560, 561, 562, 563, 564, 565, 566, 567, 568, 569, 570, 571, 572, 573]","[67, 95, 360, 389, 390, 542, 566, 839, 840]","[67, 542]","[0, 5, 7, 10, 14, 19, 20, 22, 24, 32, 33, 34, 37, 38, 40, 44, 46, 48, 49, 51, 56, 61, 63, 65, 67, 68, 73, 74, 75, 76, 79, 81, 82, 83, 85, 87, 88, 92, 93, 95, 96, 99, 100, 101, 115, 116, 124, 134, 142, 161, 167, 169, 170, 186, 202, 240, 244, 254, 260, 267, 277, 300, 303, 307, 310, 322, 331, 376, 485, 491, 493, 495, 499, 503, 504, 506, 508, 515, 518, 519, 521, 524, 526, 528, 533, 537, 539, 542, 543, 547, 548, 549, 550, 551, 553, 554, 556, 558, 559, 563, 564, 566, 567, 570, 571, 572, 586, 587, 595, 605, 613, 633, 639, 640, 641, 657, 672, 704, 717, 726, 736, 759, 761, 765, 768, 780, 788, 792, 826]","[1, 13, 14, 29, 54, 55, 56, 57, 58, 60, 102, 118, 125, 127, 130, 134, 146, 149, 153, 175, 182, 187, 189, 191, 197, 225, 230, 238, 264, 265, 266, 286, 302, 317, 336, 354, 379, 388, 389, 425, 454, 458, 463, 475, 487, 498, 499, 512, 530, 531, 532, 533, 534, 536, 573, 589, 596, 598, 601, 605, 617, 620, 624, 646, 653, 658, 660, 662, 668, 689, 694, 702, 724, 725, 745, 760, 775, 793, 809, 829, 838, 839, 877, 901, 903, 905, 910, 923]","[1, 13, 14, 29, 54, 55, 56, 57, 58, 60, 102, 118, 125, 127, 130, 134, 146, 149, 153, 175, 182, 187, 189, 191, 197, 225, 230, 238, 264, 265, 266, 286, 302, 317, 336, 379, 388, 389, 425, 454, 458, 463, 475, 487, 498, 499, 512, 530, 531, 532, 533, 534, 536, 573, 589, 596, 598, 601, 605, 617, 620, 624, 646, 653, 658, 660, 662, 668, 689, 694, 702, 724, 725, 745, 760, 775, 793, 829, 838, 839, 877, 901, 903, 905, 910, 923]",5/6 successful match,True,[159],True,161,False,,1.0,True,Minute Mart # 42 ( Shell ),Shell
Tonopah ( 85354 ) Minute Mart # 42 ( Shell Ave ) S ),623-386-5386 I-10 Exit 94,24 XL <U+2610><U+2610>,Tonopah,85354,Minute Mart # 42 ( Shell Ave ) S ),623-386-5386,2015,Tonopah,AZ,Shell,,I-10 Exit 94,Exit,94,False,,False,I-10,,,,,"[67, 542]","[67, 95, 542, 566]","[67, 95, 360, 389, 390, 542, 566, 839, 840]","[67, 542]","[0, 1, 2, 3, 4, 5, 6, 7, 8, 9, 10, 11, 12, 13, 14, 15, 16, 17, 18, 19, 20, 21, 22, 23, 24, 25, 26, 27, 28, 29, 30, 31, 32, 33, 34, 35, 36, 37, 38, 39, 40, 41, 42, 43, 44, 45, 46, 47, 48, 49, 50, 51, 52, 53, 54, 55, 56, 57, 58, 59, 60, 61, 62, 63, 64, 65, 66, 67, 68, 69, 70, 71, 72, 73, 74, 75, 76, 77, 78, 79, 80, 81, 82, 83, 84, 85, 86, 87, 88, 89, 90, 91, 92, 93, 94, 95, 96, 97, 98, 99, 100, 101, 102, 485, 486, 487, 488, 489, 490, 491, 492, 493, 494, 495, 496, 497, 498, 499, 500, 501, 502, 503, 504, 505, 506, 507, 508, 509, 510, 511, 512, 513, 514, 515, 516, 517, 518, 519, 520, 521, 522, 523, 524, 525, 526, 527, 528, 529, 530, 531, 532, 533, 534, 535, 536, 537, 538, 539, 540, 541, 542, 543, 544, 545, 546, 547, 548, 549, 550, 551, 552, 553, 554, 555, 556, 557, 558, 559, 560, 561, 562, 563, 564, 565, 566, 567, 568, 569, 570, 571, 572, 573]","[0, 5, 7, 10, 14, 19, 20, 22, 24, 32, 33, 34, 37, 38, 40, 44, 46, 48, 49, 51, 56, 61, 63, 65, 67, 68, 73, 74, 75, 76, 79, 81, 82, 83, 85, 87, 88, 92, 93, 95, 96, 99, 100, 101, 115, 116, 124, 134, 142, 161, 167, 169, 170, 186, 202, 240, 244, 254, 260, 267, 277, 300, 303, 307, 310, 322, 331, 376, 485, 491, 493, 495, 499, 503, 504, 506, 508, 515, 518, 519, 521, 524, 526, 528, 533, 537, 539, 542, 543, 547, 548, 549, 550, 551, 553, 554, 556, 558, 559, 563, 564, 566, 567, 570, 571, 572, 586, 587, 595, 605, 613, 633, 639, 640, 641, 657, 672, 704, 717, 726, 736, 759, 761, 765, 768, 780, 788, 792, 826]","[1, 13, 14, 29, 54, 55, 56, 57, 58, 60, 102, 118, 125, 127, 130, 134, 146, 149, 153, 175, 182, 187, 189, 191, 197, 225, 230, 238, 264, 265, 266, 286, 302, 317, 336, 379, 388, 389, 425, 454, 458, 463, 475, 487, 498, 499, 512, 530, 531, 532, 533, 534, 536, 573, 589, 596, 598, 601, 605, 617, 620, 624, 646, 653, 658, 660, 662, 668, 689, 694, 702, 724, 725, 745, 760, 775, 793, 829, 838, 839, 877, 901, 903, 905, 910, 923]","[1, 13, 14, 29, 54, 55, 56, 57, 58, 60, 102, 118, 125, 127, 130, 134, 146, 149, 153, 175, 182, 187, 189, 191, 197, 225, 230, 238, 264, 265, 266, 286, 302, 317, 336, 354, 379, 388, 389, 425, 454, 458, 463, 475, 487, 498, 499, 512, 530, 531, 532, 533, 534, 536, 573, 589, 596, 598, 601, 605, 617, 620, 624, 646, 653, 658, 660, 662, 668, 689, 694, 702, 724, 725, 745, 760, 775, 793, 809, 829, 838, 839, 877, 901, 903, 905, 910, 923]","[0, 1, 2, 3, 4, 5, 6, 7, 8, 9, 10, 11, 12, 13, 14, 15, 16, 17, 18, 19, 20, 21, 22, 23, 24, 25, 26, 27, 28, 29, 542, 30, 31, 32, 33, 34, 35, 36, 37, 38, 39, 40, 41, 42, 43, 44, 45, 46, 47, 48, 49, 50, 51, 52, 566, 53, 54, 55, 56, 57, 58, 59, 60, 61, 62, 63, 64, 67, 65, 66, 68, 69, 70, 71, 72, 73, 74, 75, 76, 77, 78, 79, 80, 81, 82, 83, 84, 85, 86, 87, 88, 89, 90, 91, 92, 95, 93, 94, 96, 97, 98, 99, 100, 101, 102, 528, 529, 530, 613, 617, 620, 513, 531, 624, 115, 116, 532, 118, 633, 533, 124, 125, 534, 639, 640, 641, 127, 535, 130, 134, 646, 514, 536, 653, 537, 142, 657, 146, 538, 658, 149, 660, 662, 539, 153, 668, 540, 672, 515, 541, 161, 167, 169, 170, 543, 175, 689, 544, 182, 545, 694, 516, 186, 546, 187, 189, 191, 704, 547, 702, 197, 548, 202, 549, 717, 550, 517, 724, 551, 726, 725, 552, 553, 736, 225, 554, 230, 555, 745, 518, 556, 238, 240, 557, 244, 759, 558, 761, 760, 559, 254, 765, 768, 560, 260, 519, 561, 264, 265, 266, 267, 562, 780, 775, 563, 788, 277, 564, 792, 793, 565, 520, 286, 567, 809, 568, 300, 302, 569, 303, 307, 570, 310, 521, 571, 826, 317, 572, 829, 322, 573, 838, 839, 840, 331, 522, 336, 354, 360, 523, 877, 376, 379, 524, 388, 389, 390, 586, 901, 903, 587, 905, 910, 589, 525, 923, 425, 512, 595, 526, 596, 598, 454, 458, 527, 463, 601, 475, 605, 485, 486, 487, 488, 489, 490, 491, 492, 493, 494, 495, 496, 497, 498, 499, 500, 501, 502, 503, 504, 505, 506, 507, 508, 509, 510, 511]",True,"[67, 95, 542, 566]","[0, 1, 2, 3, 4, 5, 6, 7, 8, 9, 10, 11, 12, 13, 14, 15, 16, 17, 18, 19, 20, 21, 22, 23, 24, 25, 26, 27, 28, 29, 30, 31, 32, 33, 34, 35, 36, 37, 38, 39, 40, 41, 42, 43, 44, 45, 46, 47, 48, 49, 50, 51, 52, 53, 54, 55, 56, 57, 58, 59, 60, 61, 62, 63, 64, 65, 66, 67, 68, 69, 70, 71, 72, 73, 74, 75, 76, 77, 78, 79, 80, 81, 82, 83, 84, 85, 86, 87, 88, 89, 90, 91, 92, 93, 94, 95, 96, 97, 98, 99, 100, 101, 102, 485, 486, 487, 488, 489, 490, 491, 492, 493, 494, 495, 496, 497, 498, 499, 500, 501, 502, 503, 504, 505, 506, 507, 508, 509, 510, 511, 512, 513, 514, 515, 516, 517, 518, 519, 520, 521, 522, 523, 524, 525, 526, 527, 528, 529, 530, 531, 532, 533, 534, 535, 536, 537, 538, 539, 540, 541, 542, 543, 544, 545, 546, 547, 548, 549, 550, 551, 552, 553, 554, 555, 556, 557, 558, 559, 560, 561, 562, 563, 564, 565, 566, 567, 568, 569, 570, 571, 572, 573]","[67, 95, 360, 389, 390, 542, 566, 839, 840]","[67, 542]","[0, 5, 7, 10, 14, 19, 20, 22, 24, 32, 33, 34, 37, 38, 40, 44, 46, 48, 49, 51, 56, 61, 63, 65, 67, 68, 73, 74, 75, 76, 79, 81, 82, 83, 85, 87, 88, 92, 93, 95, 96, 99, 100, 101, 115, 116, 124, 134, 142, 161, 167, 169, 170, 186, 202, 240, 244, 254, 260, 267, 277, 300, 303, 307, 310, 322, 331, 376, 485, 491, 493, 495, 499, 503, 504, 506, 508, 515, 518, 519, 521, 524, 526, 528, 533, 537, 539, 542, 543, 547, 548, 549, 550, 551, 553, 554, 556, 558, 559, 563, 564, 566, 567, 570, 571, 572, 586, 587, 595, 605, 613, 633, 639, 640, 641, 657, 672, 704, 717, 726, 736, 759, 761, 765, 768, 780, 788, 792, 826]","[1, 13, 14, 29, 54, 55, 56, 57, 58, 60, 102, 118, 125, 127, 130, 134, 146, 149, 153, 175, 182, 187, 189, 191, 197, 225, 230, 238, 264, 265, 266, 286, 302, 317, 336, 354, 379, 388, 389, 425, 454, 458, 463, 475, 487, 498, 499, 512, 530, 531, 532, 533, 534, 536, 573, 589, 596, 598, 601, 605, 617, 620, 624, 646, 653, 658, 660, 662, 668, 689, 694, 702, 724, 725, 745, 760, 775, 793, 809, 829, 838, 839, 877, 901, 903, 905, 910, 923]","[1, 13, 14, 29, 54, 55, 56, 57, 58, 60, 102, 118, 125, 127, 130, 134, 146, 149, 153, 175, 182, 187, 189, 191, 197, 225, 230, 238, 264, 265, 266, 286, 302, 317, 336, 379, 388, 389, 425, 454, 458, 463, 475, 487, 498, 499, 512, 530, 531, 532, 533, 534, 536, 573, 589, 596, 598, 601, 605, 617, 620, 624, 646, 653, 658, 660, 662, 668, 689, 694, 702, 724, 725, 745, 760, 775, 793, 829, 838, 839, 877, 901, 903, 905, 910, 923]",5/6 successful match,True,[159],True,161,False,,1.0,True,Minute Mart # 42 ( Shell ),Shell
Tonopah ( 85354 ) Minute Mart # 42 ( Shell ),3 623-386-5386 I-10 Exit 94,24 XL,Tonopah,85354,Minute Mart # 42 ( Shell ),623-386-5386,2016,Tonopah,AZ,Shell,,I-10 Exit 94,Exit,94,False,,False,I-10,,,,,"[67, 542]","[67, 95, 542, 566]","[67, 95, 360, 389, 390, 542, 566, 839, 840]","[67, 542]","[0, 1, 2, 3, 4, 5, 6, 7, 8, 9, 10, 11, 12, 13, 14, 15, 16, 17, 18, 19, 20, 21, 22, 23, 24, 25, 26, 27, 28, 29, 30, 31, 32, 33, 34, 35, 36, 37, 38, 39, 40, 41, 42, 43, 44, 45, 46, 47, 48, 49, 50, 51, 52, 53, 54, 55, 56, 57, 58, 59, 60, 61, 62, 63, 64, 65, 66, 67, 68, 69, 70, 71, 72, 73, 74, 75, 76, 77, 78, 79, 80, 81, 82, 83, 84, 85, 86, 87, 88, 89, 90, 91, 92, 93, 94, 95, 96, 97, 98, 99, 100, 101, 102, 485, 486, 487, 488, 489, 490, 491, 492, 493, 494, 495, 496, 497, 498, 499, 500, 501, 502, 503, 504, 505, 506, 507, 508, 509, 510, 511, 512, 513, 514, 515, 516, 517, 518, 519, 520, 521, 522, 523, 524, 525, 526, 527, 528, 529, 530, 531, 532, 533, 534, 535, 536, 537, 538, 539, 540, 541, 542, 543, 544, 545, 546, 547, 548, 549, 550, 551, 552, 553, 554, 555, 556, 557, 558, 559, 560, 561, 562, 563, 564, 565, 566, 567, 568, 569, 570, 571, 572, 573]","[0, 5, 7, 10, 14, 19, 20, 22, 24, 32, 33, 34, 37, 38, 40, 44, 46, 48, 49, 51, 56, 61, 63, 65, 67, 68, 73, 74, 75, 76, 79, 81, 82, 83, 85, 87, 88, 92, 93, 95, 96, 99, 100, 101, 115, 116, 124, 134, 142, 161, 167, 169, 170, 186, 202, 240, 244, 254, 260, 267, 277, 300, 303, 307, 310, 322, 331, 376, 485, 491, 493, 495, 499, 503, 504, 506, 508, 515, 518, 519, 521, 524, 526, 528, 533, 537, 539, 542, 543, 547, 548, 549, 550, 551, 553, 554, 556, 558, 559, 563, 564, 566, 567, 570, 571, 572, 586, 587, 595, 605, 613, 633, 639, 640, 641, 657, 672, 704, 717, 726, 736, 759, 761, 765, 768, 780, 788, 792, 826]","[1, 13, 14, 29, 54, 55, 56, 57, 58, 60, 102, 118, 125, 127, 130, 134, 146, 149, 153, 175, 182, 187, 189, 191, 197, 225, 230, 238, 264, 265, 266, 286, 302, 317, 336, 379, 388, 389, 425, 454, 458, 463, 475, 487, 498, 499, 512, 530, 531, 532, 533, 534, 536, 573, 589, 596, 598, 601, 605, 617, 620, 624, 646, 653, 658, 660, 662, 668, 689, 694, 702, 724, 725, 745, 760, 775, 793, 829, 838, 839, 877, 901, 903, 905, 910, 923]","[1, 13, 14, 29, 54, 55, 56, 57, 58, 60, 102, 118, 125, 127, 130, 134, 146, 149, 153, 175, 182, 187, 189, 191, 197, 225, 230, 238, 264, 265, 266, 286, 302, 317, 336, 354, 379, 388, 389, 425, 454, 458, 463, 475, 487, 498, 499, 512, 530, 531, 532, 533, 534, 536, 573, 589, 596, 598, 601, 605, 617, 620, 624, 646, 653, 658, 660, 662, 668, 689, 694, 702, 724, 725, 745, 760, 775, 793, 809, 829, 838, 839, 877, 901, 903, 905, 910, 923]","[0, 1, 2, 3, 4, 5, 6, 7, 8, 9, 10, 11, 12, 13, 14, 15, 16, 17, 18, 19, 20, 21, 22, 23, 24, 25, 26, 27, 28, 29, 542, 30, 31, 32, 33, 34, 35, 36, 37, 38, 39, 40, 41, 42, 43, 44, 45, 46, 47, 48, 49, 50, 51, 52, 566, 53, 54, 55, 56, 57, 58, 59, 60, 61, 62, 63, 64, 67, 65, 66, 68, 69, 70, 71, 72, 73, 74, 75, 76, 77, 78, 79, 80, 81, 82, 83, 84, 85, 86, 87, 88, 89, 90, 91, 92, 95, 93, 94, 96, 97, 98, 99, 100, 101, 102, 528, 529, 530, 613, 617, 620, 513, 531, 624, 115, 116, 532, 118, 633, 533, 124, 125, 534, 639, 640, 641, 127, 535, 130, 134, 646, 514, 536, 653, 537, 142, 657, 146, 538, 658, 149, 660, 662, 539, 153, 668, 540, 672, 515, 541, 161, 167, 169, 170, 543, 175, 689, 544, 182, 545, 694, 516, 186, 546, 187, 189, 191, 704, 547, 702, 197, 548, 202, 549, 717, 550, 517, 724, 551, 726, 725, 552, 553, 736, 225, 554, 230, 555, 745, 518, 556, 238, 240, 557, 244, 759, 558, 761, 760, 559, 254, 765, 768, 560, 260, 519, 561, 264, 265, 266, 267, 562, 780, 775, 563, 788, 277, 564, 792, 793, 565, 520, 286, 567, 809, 568, 300, 302, 569, 303, 307, 570, 310, 521, 571, 826, 317, 572, 829, 322, 573, 838, 839, 840, 331, 522, 336, 354, 360, 523, 877, 376, 379, 524, 388, 389, 390, 586, 901, 903, 587, 905, 910, 589, 525, 923, 425, 512, 595, 526, 596, 598, 454, 458, 527, 463, 601, 475, 605, 485, 486, 487, 488, 489, 490, 491, 492, 493, 494, 495, 496, 497, 498, 499, 500, 501, 502, 503, 504, 505, 506, 507, 508, 509, 510, 511]",True,"[67, 95, 542, 566]","[0, 1, 2, 3, 4, 5, 6, 7, 8, 9, 10, 11, 12, 13, 14, 15, 16, 17, 18, 19, 20, 21, 22, 23, 24, 25, 26, 27, 28, 29, 30, 31, 32, 33, 34, 35, 36, 37, 38, 39, 40, 41, 42, 43, 44, 45, 46, 47, 48, 49, 50, 51, 52, 53, 54, 55, 56, 57, 58, 59, 60, 61, 62, 63, 64, 65, 66, 67, 68, 69, 70, 71, 72, 73, 74, 75, 76, 77, 78, 79, 80, 81, 82, 83, 84, 85, 86, 87, 88, 89, 90, 91, 92, 93, 94, 95, 96, 97, 98, 99, 100, 101, 102, 485, 486, 487, 488, 489, 490, 491, 492, 493, 494, 495, 496, 497, 498, 499, 500, 501, 502, 503, 504, 505, 506, 507, 508, 509, 510, 511, 512, 513, 514, 515, 516, 517, 518, 519, 520, 521, 522, 523, 524, 525, 526, 527, 528, 529, 530, 531, 532, 533, 534, 535, 536, 537, 538, 539, 540, 541, 542, 543, 544, 545, 546, 547, 548, 549, 550, 551, 552, 553, 554, 555, 556, 557, 558, 559, 560, 561, 562, 563, 564, 565, 566, 567, 568, 569, 570, 571, 572, 573]","[67, 95, 360, 389, 390, 542, 566, 839, 840]","[67, 542]","[0, 5, 7, 10, 14, 19, 20, 22, 24, 32, 33, 34, 37, 38, 40, 44, 46, 48, 49, 51, 56, 61, 63, 65, 67, 68, 73, 74, 75, 76, 79, 81, 82, 83, 85, 87, 88, 92, 93, 95, 96, 99, 100, 101, 115, 116, 124, 134, 142, 161, 167, 169, 170, 186, 202, 240, 244, 254, 260, 267, 277, 300, 303, 307, 310, 322, 331, 376, 485, 491, 493, 495, 499, 503, 504, 506, 508, 515, 518, 519, 521, 524, 526, 528, 533, 537, 539, 542, 543, 547, 548, 549, 550, 551, 553, 554, 556, 558, 559, 563, 564, 566, 567, 570, 571, 572, 586, 587, 595, 605, 613, 633, 639, 640, 641, 657, 672, 704, 717, 726, 736, 759, 761, 765, 768, 780, 788, 792, 826]","[1, 13, 14, 29, 54, 55, 56, 57, 58, 60, 102, 118, 125, 127, 130, 134, 146, 149, 153, 175, 182, 187, 189, 191, 197, 225, 230, 238, 264, 265, 266, 286, 302, 317, 336, 354, 379, 388, 389, 425, 454, 458, 463, 475, 487, 498, 499, 512, 530, 531, 532, 533, 534, 536, 573, 589, 596, 598, 601, 605, 617, 620, 624, 646, 653, 658, 660, 662, 668, 689, 694, 702, 724, 725, 745, 760, 775, 793, 809, 829, 838, 839, 877, 901, 903, 905, 910, 923]","[1, 13, 14, 29, 54, 55, 56, 57, 58, 60, 102, 118, 125, 127, 130, 134, 146, 149, 153, 175, 182, 187, 189, 191, 197, 225, 230, 238, 264, 265, 266, 286, 302, 317, 336, 379, 388, 389, 425, 454, 458, 463, 475, 487, 498, 499, 512, 530, 531, 532, 533, 534, 536, 573, 589, 596, 598, 601, 605, 617, 620, 624, 646, 653, 658, 660, 662, 668, 689, 694, 702, 724, 725, 745, 760, 775, 793, 829, 838, 839, 877, 901, 903, 905, 910, 923]",5/6 successful match,True,[159],True,161,False,,1.0,True,Minute Mart # 42 ( Shell Ave ) S ),Shell
"Tonopah , 85354 TravelCenters",3 623-386-6443 I-10 Exit 103 ( 339th of America Ave ) ( Shell ),<U+25A1>,Tonopah,85354,TravelCenters,623-386-6443,2006,Tonopah,AZ,TravelCenters,( 339th of America Ave ) ( Shell ),I-10 Exit 103 ,Exit,103,False,,False,I-10,,,,,"[566, 95]","[67, 95, 542, 566]","[67, 95, 360, 389, 390, 542, 566, 839, 840]","[95, 566]","[0, 1, 2, 3, 4, 5, 6, 7, 8, 9, 10, 11, 12, 13, 14, 15, 16, 17, 18, 19, 20, 21, 22, 23, 24, 25, 26, 27, 28, 29, 30, 31, 32, 33, 34, 35, 36, 37, 38, 39, 40, 41, 42, 43, 44, 45, 46, 47, 48, 49, 50, 51, 52, 53, 54, 55, 56, 57, 58, 59, 60, 61, 62, 63, 64, 65, 66, 67, 68, 69, 70, 71, 72, 73, 74, 75, 76, 77, 78, 79, 80, 81, 82, 83, 84, 85, 86, 87, 88, 89, 90, 91, 92, 93, 94, 95, 96, 97, 98, 99, 100, 101, 102, 485, 486, 487, 488, 489, 490, 491, 492, 493, 494, 495, 496, 497, 498, 499, 500, 501, 502, 503, 504, 505, 506, 507, 508, 509, 510, 511, 512, 513, 514, 515, 516, 517, 518, 519, 520, 521, 522, 523, 524, 525, 526, 527, 528, 529, 530, 531, 532, 533, 534, 535, 536, 537, 538, 539, 540, 541, 542, 543, 544, 545, 546, 547, 548, 549, 550, 551, 552, 553, 554, 555, 556, 557, 558, 559, 560, 561, 562, 563, 564, 565, 566, 567, 568, 569, 570, 571, 572, 573]","[0, 5, 7, 10, 14, 19, 20, 22, 24, 32, 33, 34, 37, 38, 40, 44, 46, 48, 49, 51, 56, 61, 63, 65, 67, 68, 73, 74, 75, 76, 79, 81, 82, 83, 85, 87, 88, 92, 93, 95, 96, 99, 100, 101, 115, 116, 124, 134, 142, 161, 167, 169, 170, 186, 202, 240, 244, 254, 260, 267, 277, 300, 303, 307, 310, 322, 331, 376, 485, 491, 493, 495, 499, 503, 504, 506, 508, 515, 518, 519, 521, 524, 526, 528, 533, 537, 539, 542, 543, 547, 548, 549, 550, 551, 553, 554, 556, 558, 559, 563, 564, 566, 567, 570, 571, 572, 586, 587, 595, 605, 613, 633, 639, 640, 641, 657, 672, 704, 717, 726, 736, 759, 761, 765, 768, 780, 788, 792, 826]","[98, 476, 481, 569, 924, 925]",[],"[0, 1, 2, 3, 4, 5, 6, 7, 8, 9, 10, 11, 12, 13, 14, 15, 16, 17, 18, 19, 20, 21, 22, 23, 24, 25, 26, 27, 28, 29, 542, 30, 31, 32, 33, 34, 35, 36, 37, 38, 39, 40, 41, 42, 43, 44, 45, 46, 47, 48, 49, 50, 51, 52, 566, 53, 54, 55, 56, 57, 58, 59, 60, 61, 62, 63, 64, 67, 65, 66, 68, 69, 70, 71, 72, 73, 74, 75, 76, 77, 78, 79, 80, 81, 82, 83, 84, 85, 86, 87, 88, 89, 90, 91, 92, 95, 93, 94, 96, 97, 98, 99, 100, 101, 102, 528, 529, 530, 613, 513, 531, 115, 116, 532, 633, 533, 124, 534, 639, 640, 641, 535, 134, 514, 536, 537, 142, 657, 538, 539, 540, 672, 515, 541, 161, 167, 169, 170, 543, 544, 545, 516, 186, 546, 704, 547, 548, 202, 549, 717, 550, 517, 551, 726, 552, 553, 736, 554, 555, 518, 556, 240, 557, 244, 759, 558, 761, 559, 254, 765, 768, 560, 260, 519, 561, 267, 562, 780, 563, 788, 277, 564, 792, 565, 520, 567, 568, 300, 569, 303, 307, 570, 310, 521, 571, 826, 572, 322, 573, 839, 840, 331, 522, 360, 523, 376, 524, 389, 390, 586, 587, 525, 924, 925, 512, 595, 526, 527, 476, 481, 605, 485, 486, 487, 488, 489, 490, 491, 492, 493, 494, 495, 496, 497, 498, 499, 500, 501, 502, 503, 504, 505, 506, 507, 508, 509, 510, 511]",True,"[67, 95, 542, 566]","[0, 1, 2, 3, 4, 5, 6, 7, 8, 9, 10, 11, 12, 13, 14, 15, 16, 17, 18, 19, 20, 21, 22, 23, 24, 25, 26, 27, 28, 29, 30, 31, 32, 33, 34, 35, 36, 37, 38, 39, 40, 41, 42, 43, 44, 45, 46, 47, 48, 49, 50, 51, 52, 53, 54, 55, 56, 57, 58, 59, 60, 61, 62, 63, 64, 65, 66, 67, 68, 69, 70, 71, 72, 73, 74, 75, 76, 77, 78, 79, 80, 81, 82, 83, 84, 85, 86, 87, 88, 89, 90, 91, 92, 93, 94, 95, 96, 97, 98, 99, 100, 101, 102, 485, 486, 487, 488, 489, 490, 491, 492, 493, 494, 495, 496, 497, 498, 499, 500, 501, 502, 503, 504, 505, 506, 507, 508, 509, 510, 511, 512, 513, 514, 515, 516, 517, 518, 519, 520, 521, 522, 523, 524, 525, 526, 527, 528, 529, 530, 531, 532, 533, 534, 535, 536, 537, 538, 539, 540, 541, 542, 543, 544, 545, 546, 547, 548, 549, 550, 551, 552, 553, 554, 555, 556, 557, 558, 559, 560, 561, 562, 563, 564, 565, 566, 567, 568, 569, 570, 571, 572, 573]","[67, 95, 360, 389, 390, 542, 566, 839, 840]","[95, 566]","[0, 5, 7, 10, 14, 19, 20, 22, 24, 32, 33, 34, 37, 38, 40, 44, 46, 48, 49, 51, 56, 61, 63, 65, 67, 68, 73, 74, 75, 76, 79, 81, 82, 83, 85, 87, 88, 92, 93, 95, 96, 99, 100, 101, 115, 116, 124, 134, 142, 161, 167, 169, 170, 186, 202, 240, 244, 254, 260, 267, 277, 300, 303, 307, 310, 322, 331, 376, 485, 491, 493, 495, 499, 503, 504, 506, 508, 515, 518, 519, 521, 524, 526, 528, 533, 537, 539, 542, 543, 547, 548, 549, 550, 551, 553, 554, 556, 558, 559, 563, 564, 566, 567, 570, 571, 572, 586, 587, 595, 605, 613, 633, 639, 640, 641, 657, 672, 704, 717, 726, 736, 759, 761, 765, 768, 780, 788, 792, 826]",[],"[98, 476, 481, 569, 924, 925]",6/6 successful match,True,"[80, 81, 82, 83]",True,162,False,,,,,
"Tonopah , 85354 TravelCenters of America # 225",623-386-6443 I-10 Exit 103 ( 339th Ave ) TA,24,Tonopah,85354,TravelCenters of America # 225,623-386-6443,2007,Tonopah,AZ,TravelCenters,( 339th Ave ) TA,I-10 Exit 103 ,Exit,103,False,,False,I-10,,,,,"[566, 95]","[67, 95, 542, 566]","[67, 95, 360, 389, 390, 542, 566, 839, 840]","[95, 566]","[0, 1, 2, 3, 4, 5, 6, 7, 8, 9, 10, 11, 12, 13, 14, 15, 16, 17, 18, 19, 20, 21, 22, 23, 24, 25, 26, 27, 28, 29, 30, 31, 32, 33, 34, 35, 36, 37, 38, 39, 40, 41, 42, 43, 44, 45, 46, 47, 48, 49, 50, 51, 52, 53, 54, 55, 56, 57, 58, 59, 60, 61, 62, 63, 64, 65, 66, 67, 68, 69, 70, 71, 72, 73, 74, 75, 76, 77, 78, 79, 80, 81, 82, 83, 84, 85, 86, 87, 88, 89, 90, 91, 92, 93, 94, 95, 96, 97, 98, 99, 100, 101, 102, 485, 486, 487, 488, 489, 490, 491, 492, 493, 494, 495, 496, 497, 498, 499, 500, 501, 502, 503, 504, 505, 506, 507, 508, 509, 510, 511, 512, 513, 514, 515, 516, 517, 518, 519, 520, 521, 522, 523, 524, 525, 526, 527, 528, 529, 530, 531, 532, 533, 534, 535, 536, 537, 538, 539, 540, 541, 542, 543, 544, 545, 546, 547, 548, 549, 550, 551, 552, 553, 554, 555, 556, 557, 558, 559, 560, 561, 562, 563, 564, 565, 566, 567, 568, 569, 570, 571, 572, 573]","[0, 5, 7, 10, 14, 19, 20, 22, 24, 32, 33, 34, 37, 38, 40, 44, 46, 48, 49, 51, 56, 61, 63, 65, 67, 68, 73, 74, 75, 76, 79, 81, 82, 83, 85, 87, 88, 92, 93, 95, 96, 99, 100, 101, 115, 116, 124, 134, 142, 161, 167, 169, 170, 186, 202, 240, 244, 254, 260, 267, 277, 300, 303, 307, 310, 322, 331, 376, 485, 491, 493, 495, 499, 503, 504, 506, 508, 515, 518, 519, 521, 524, 526, 528, 533, 537, 539, 542, 543, 547, 548, 549, 550, 551, 553, 554, 556, 558, 559, 563, 564, 566, 567, 570, 571, 572, 586, 587, 595, 605, 613, 633, 639, 640, 641, 657, 672, 704, 717, 726, 736, 759, 761, 765, 768, 780, 788, 792, 826]","[98, 476, 481, 569, 924, 925]","[95, 566]","[0, 1, 2, 3, 4, 5, 6, 7, 8, 9, 10, 11, 12, 13, 14, 15, 16, 17, 18, 19, 20, 21, 22, 23, 24, 25, 26, 27, 28, 29, 542, 30, 31, 32, 33, 34, 35, 36, 37, 38, 39, 40, 41, 42, 43, 44, 45, 46, 47, 48, 49, 50, 51, 52, 566, 53, 54, 55, 56, 57, 58, 59, 60, 61, 62, 63, 64, 67, 65, 66, 68, 69, 70, 71, 72, 73, 74, 75, 76, 77, 78, 79, 80, 81, 82, 83, 84, 85, 86, 87, 88, 89, 90, 91, 92, 95, 93, 94, 96, 97, 98, 99, 100, 101, 102, 528, 529, 530, 613, 513, 531, 115, 116, 532, 633, 533, 124, 534, 639, 640, 641, 535, 134, 514, 536, 537, 142, 657, 538, 539, 540, 672, 515, 541, 161, 167, 169, 170, 543, 544, 545, 516, 186, 546, 704, 547, 548, 202, 549, 717, 550, 517, 551, 726, 552, 553, 736, 554, 555, 518, 556, 240, 557, 244, 759, 558, 761, 559, 254, 765, 768, 560, 260, 519, 561, 267, 562, 780, 563, 788, 277, 564, 792, 565, 520, 567, 568, 300, 569, 303, 307, 570, 310, 521, 571, 826, 572, 322, 573, 839, 840, 331, 522, 360, 523, 376, 524, 389, 390, 586, 587, 525, 924, 925, 512, 595, 526, 527, 476, 481, 605, 485, 486, 487, 488, 489, 490, 491, 492, 493, 494, 495, 496, 497, 498, 499, 500, 501, 502, 503, 504, 505, 506, 507, 508, 509, 510, 511]",True,"[67, 95, 542, 566]","[0, 1, 2, 3, 4, 5, 6, 7, 8, 9, 10, 11, 12, 13, 14, 15, 16, 17, 18, 19, 20, 21, 22, 23, 24, 25, 26, 27, 28, 29, 30, 31, 32, 33, 34, 35, 36, 37, 38, 39, 40, 41, 42, 43, 44, 45, 46, 47, 48, 49, 50, 51, 52, 53, 54, 55, 56, 57, 58, 59, 60, 61, 62, 63, 64, 65, 66, 67, 68, 69, 70, 71, 72, 73, 74, 75, 76, 77, 78, 79, 80, 81, 82, 83, 84, 85, 86, 87, 88, 89, 90, 91, 92, 93, 94, 95, 96, 97, 98, 99, 100, 101, 102, 485, 486, 487, 488, 489, 490, 491, 492, 493, 494, 495, 496, 497, 498, 499, 500, 501, 502, 503, 504, 505, 506, 507, 508, 509, 510, 511, 512, 513, 514, 515, 516, 517, 518, 519, 520, 521, 522, 523, 524, 525, 526, 527, 528, 529, 530, 531, 532, 533, 534, 535, 536, 537, 538, 539, 540, 541, 542, 543, 544, 545, 546, 547, 548, 549, 550, 551, 552, 553, 554, 555, 556, 557, 558, 559, 560, 561, 562, 563, 564, 565, 566, 567, 568, 569, 570, 571, 572, 573]","[67, 95, 360, 389, 390, 542, 566, 839, 840]","[95, 566]","[0, 5, 7, 10, 14, 19, 20, 22, 24, 32, 33, 34, 37, 38, 40, 44, 46, 48, 49, 51, 56, 61, 63, 65, 67, 68, 73, 74, 75, 76, 79, 81, 82, 83, 85, 87, 88, 92, 93, 95, 96, 99, 100, 101, 115, 116, 124, 134, 142, 161, 167, 169, 170, 186, 202, 240, 244, 254, 260, 267, 277, 300, 303, 307, 310, 322, 331, 376, 485, 491, 493, 495, 499, 503, 504, 506, 508, 515, 518, 519, 521, 524, 526, 528, 533, 537, 539, 542, 543, 547, 548, 549, 550, 551, 553, 554, 556, 558, 559, 563, 564, 566, 567, 570, 571, 572, 586, 587, 595, 605, 613, 633, 639, 640, 641, 657, 672, 704, 717, 726, 736, 759, 761, 765, 768, 780, 788, 792, 826]","[95, 566]","[98, 476, 481, 569, 924, 925]",6/6 successful match,True,"[80, 81, 82, 83]",True,162,False,,0.5147286821705426,True,TravelCenters,TravelCenters
"G Tonopah , 85354 TravelCenters of America # 225",3 623-386-6443 I-10 Exit 103 ( 339th Ave S ) TA,24 HRS . XL 24,Tonopah,85354,TravelCenters of America # 225,623-386-6443,2008,Tonopah,AZ,TravelCenters,( 339th Ave S ) TA,I-10 Exit 103 ,Exit,103,False,,False,I-10,,,,,"[566, 95]","[67, 95, 542, 566]","[67, 95, 360, 389, 390, 542, 566, 839, 840]","[95, 566]","[0, 1, 2, 3, 4, 5, 6, 7, 8, 9, 10, 11, 12, 13, 14, 15, 16, 17, 18, 19, 20, 21, 22, 23, 24, 25, 26, 27, 28, 29, 30, 31, 32, 33, 34, 35, 36, 37, 38, 39, 40, 41, 42, 43, 44, 45, 46, 47, 48, 49, 50, 51, 52, 53, 54, 55, 56, 57, 58, 59, 60, 61, 62, 63, 64, 65, 66, 67, 68, 69, 70, 71, 72, 73, 74, 75, 76, 77, 78, 79, 80, 81, 82, 83, 84, 85, 86, 87, 88, 89, 90, 91, 92, 93, 94, 95, 96, 97, 98, 99, 100, 101, 102, 485, 486, 487, 488, 489, 490, 491, 492, 493, 494, 495, 496, 497, 498, 499, 500, 501, 502, 503, 504, 505, 506, 507, 508, 509, 510, 511, 512, 513, 514, 515, 516, 517, 518, 519, 520, 521, 522, 523, 524, 525, 526, 527, 528, 529, 530, 531, 532, 533, 534, 535, 536, 537, 538, 539, 540, 541, 542, 543, 544, 545, 546, 547, 548, 549, 550, 551, 552, 553, 554, 555, 556, 557, 558, 559, 560, 561, 562, 563, 564, 565, 566, 567, 568, 569, 570, 571, 572, 573]","[0, 5, 7, 10, 14, 19, 20, 22, 24, 32, 33, 34, 37, 38, 40, 44, 46, 48, 49, 51, 56, 61, 63, 65, 67, 68, 73, 74, 75, 76, 79, 81, 82, 83, 85, 87, 88, 92, 93, 95, 96, 99, 100, 101, 115, 116, 124, 134, 142, 161, 167, 169, 170, 186, 202, 240, 244, 254, 260, 267, 277, 300, 303, 307, 310, 322, 331, 376, 485, 491, 493, 495, 499, 503, 504, 506, 508, 515, 518, 519, 521, 524, 526, 528, 533, 537, 539, 542, 543, 547, 548, 549, 550, 551, 553, 554, 556, 558, 559, 563, 564, 566, 567, 570, 571, 572, 586, 587, 595, 605, 613, 633, 639, 640, 641, 657, 672, 704, 717, 726, 736, 759, 761, 765, 768, 780, 788, 792, 826]","[98, 476, 481, 569, 924, 925]","[95, 566]","[0, 1, 2, 3, 4, 5, 6, 7, 8, 9, 10, 11, 12, 13, 14, 15, 16, 17, 18, 19, 20, 21, 22, 23, 24, 25, 26, 27, 28, 29, 542, 30, 31, 32, 33, 34, 35, 36, 37, 38, 39, 40, 41, 42, 43, 44, 45, 46, 47, 48, 49, 50, 51, 52, 566, 53, 54, 55, 56, 57, 58, 59, 60, 61, 62, 63, 64, 67, 65, 66, 68, 69, 70, 71, 72, 73, 74, 75, 76, 77, 78, 79, 80, 81, 82, 83, 84, 85, 86, 87, 88, 89, 90, 91, 92, 95, 93, 94, 96, 97, 98, 99, 100, 101, 102, 528, 529, 530, 613, 513, 531, 115, 116, 532, 633, 533, 124, 534, 639, 640, 641, 535, 134, 514, 536, 537, 142, 657, 538, 539, 540, 672, 515, 541, 161, 167, 169, 170, 543, 544, 545, 516, 186, 546, 704, 547, 548, 202, 549, 717, 550, 517, 551, 726, 552, 553, 736, 554, 555, 518, 556, 240, 557, 244, 759, 558, 761, 559, 254, 765, 768, 560, 260, 519, 561, 267, 562, 780, 563, 788, 277, 564, 792, 565, 520, 567, 568, 300, 569, 303, 307, 570, 310, 521, 571, 826, 572, 322, 573, 839, 840, 331, 522, 360, 523, 376, 524, 389, 390, 586, 587, 525, 924, 925, 512, 595, 526, 527, 476, 481, 605, 485, 486, 487, 488, 489, 490, 491, 492, 493, 494, 495, 496, 497, 498, 499, 500, 501, 502, 503, 504, 505, 506, 507, 508, 509, 510, 511]",True,"[67, 95, 542, 566]","[0, 1, 2, 3, 4, 5, 6, 7, 8, 9, 10, 11, 12, 13, 14, 15, 16, 17, 18, 19, 20, 21, 22, 23, 24, 25, 26, 27, 28, 29, 30, 31, 32, 33, 34, 35, 36, 37, 38, 39, 40, 41, 42, 43, 44, 45, 46, 47, 48, 49, 50, 51, 52, 53, 54, 55, 56, 57, 58, 59, 60, 61, 62, 63, 64, 65, 66, 67, 68, 69, 70, 71, 72, 73, 74, 75, 76, 77, 78, 79, 80, 81, 82, 83, 84, 85, 86, 87, 88, 89, 90, 91, 92, 93, 94, 95, 96, 97, 98, 99, 100, 101, 102, 485, 486, 487, 488, 489, 490, 491, 492, 493, 494, 495, 496, 497, 498, 499, 500, 501, 502, 503, 504, 505, 506, 507, 508, 509, 510, 511, 512, 513, 514, 515, 516, 517, 518, 519, 520, 521, 522, 523, 524, 525, 526, 527, 528, 529, 530, 531, 532, 533, 534, 535, 536, 537, 538, 539, 540, 541, 542, 543, 544, 545, 546, 547, 548, 549, 550, 551, 552, 553, 554, 555, 556, 557, 558, 559, 560, 561, 562, 563, 564, 565, 566, 567, 568, 569, 570, 571, 572, 573]","[67, 95, 360, 389, 390, 542, 566, 839, 840]","[95, 566]","[0, 5, 7, 10, 14, 19, 20, 22, 24, 32, 33, 34, 37, 38, 40, 44, 46, 48, 49, 51, 56, 61, 63, 65, 67, 68, 73, 74, 75, 76, 79, 81, 82, 83, 85, 87, 88, 92, 93, 95, 96, 99, 100, 101, 115, 116, 124, 134, 142, 161, 167, 169, 170, 186, 202, 240, 244, 254, 260, 267, 277, 300, 303, 307, 310, 322, 331, 376, 485, 491, 493, 495, 499, 503, 504, 506, 508, 515, 518, 519, 521, 524, 526, 528, 533, 537, 539, 542, 543, 547, 548, 549, 550, 551, 553, 554, 556, 558, 559, 563, 564, 566, 567, 570, 571, 572, 586, 587, 595, 605, 613, 633, 639, 640, 641, 657, 672, 704, 717, 726, 736, 759, 761, 765, 768, 780, 788, 792, 826]","[95, 566]","[98, 476, 481, 569, 924, 925]",6/6 successful match,True,"[80, 81, 82, 83]",True,162,False,,1.0,True,TravelCenters of America # 225,TravelCenters
Tonopah ( 85354 ) TA Tonopah # 225 ( Shell ),623-386-6443 I-10 Exit 103 ( 339th Ave S ),ZA 24 XL 24,Tonopah,85354,TA Tonopah # 225 ( Shell ),623-386-6443,2014,Tonopah,AZ,Shell,( 339th Ave S ),I-10 Exit 103 ,Exit,103,False,,False,I-10,,,,,"[566, 95]","[67, 95, 542, 566]","[67, 95, 360, 389, 390, 542, 566, 839, 840]","[95, 566]","[0, 1, 2, 3, 4, 5, 6, 7, 8, 9, 10, 11, 12, 13, 14, 15, 16, 17, 18, 19, 20, 21, 22, 23, 24, 25, 26, 27, 28, 29, 30, 31, 32, 33, 34, 35, 36, 37, 38, 39, 40, 41, 42, 43, 44, 45, 46, 47, 48, 49, 50, 51, 52, 53, 54, 55, 56, 57, 58, 59, 60, 61, 62, 63, 64, 65, 66, 67, 68, 69, 70, 71, 72, 73, 74, 75, 76, 77, 78, 79, 80, 81, 82, 83, 84, 85, 86, 87, 88, 89, 90, 91, 92, 93, 94, 95, 96, 97, 98, 99, 100, 101, 102, 485, 486, 487, 488, 489, 490, 491, 492, 493, 494, 495, 496, 497, 498, 499, 500, 501, 502, 503, 504, 505, 506, 507, 508, 509, 510, 511, 512, 513, 514, 515, 516, 517, 518, 519, 520, 521, 522, 523, 524, 525, 526, 527, 528, 529, 530, 531, 532, 533, 534, 535, 536, 537, 538, 539, 540, 541, 542, 543, 544, 545, 546, 547, 548, 549, 550, 551, 552, 553, 554, 555, 556, 557, 558, 559, 560, 561, 562, 563, 564, 565, 566, 567, 568, 569, 570, 571, 572, 573]","[0, 5, 7, 10, 14, 19, 20, 22, 24, 32, 33, 34, 37, 38, 40, 44, 46, 48, 49, 51, 56, 61, 63, 65, 67, 68, 73, 74, 75, 76, 79, 81, 82, 83, 85, 87, 88, 92, 93, 95, 96, 99, 100, 101, 115, 116, 124, 134, 142, 161, 167, 169, 170, 186, 202, 240, 244, 254, 260, 267, 277, 300, 303, 307, 310, 322, 331, 376, 485, 491, 493, 495, 499, 503, 504, 506, 508, 515, 518, 519, 521, 524, 526, 528, 533, 537, 539, 542, 543, 547, 548, 549, 550, 551, 553, 554, 556, 558, 559, 563, 564, 566, 567, 570, 571, 572, 586, 587, 595, 605, 613, 633, 639, 640, 641, 657, 672, 704, 717, 726, 736, 759, 761, 765, 768, 780, 788, 792, 826]","[1, 13, 14, 29, 54, 55, 56, 57, 58, 60, 102, 118, 125, 127, 130, 134, 146, 149, 153, 175, 182, 187, 189, 191, 197, 225, 230, 238, 264, 265, 266, 286, 302, 317, 336, 379, 388, 389, 425, 454, 458, 463, 475, 487, 498, 499, 512, 530, 531, 532, 533, 534, 536, 573, 589, 596, 598, 601, 605, 617, 620, 624, 646, 653, 658, 660, 662, 668, 689, 694, 702, 724, 725, 745, 760, 775, 793, 829, 838, 839, 877, 901, 903, 905, 910, 923]","[1, 13, 14, 29, 54, 55, 56, 57, 58, 60, 95, 102, 118, 125, 127, 130, 134, 146, 149, 153, 175, 182, 187, 189, 191, 197, 225, 230, 238, 264, 265, 266, 286, 301, 302, 317, 336, 354, 379, 388, 389, 390, 425, 454, 458, 463, 475, 476, 487, 498, 499, 512, 530, 531, 532, 533, 534, 536, 566, 573, 589, 596, 598, 601, 605, 617, 620, 624, 646, 653, 658, 660, 662, 668, 689, 694, 702, 724, 725, 745, 760, 775, 793, 809, 829, 838, 839, 840, 877, 901, 903, 905, 910, 923, 924, 925]","[0, 1, 2, 3, 4, 5, 6, 7, 8, 9, 10, 11, 12, 13, 14, 15, 16, 17, 18, 19, 20, 21, 22, 23, 24, 25, 26, 27, 28, 29, 30, 31, 32, 33, 34, 35, 36, 37, 38, 39, 40, 41, 42, 43, 44, 45, 46, 47, 48, 49, 50, 51, 52, 53, 54, 55, 56, 57, 58, 59, 60, 61, 62, 63, 64, 65, 66, 67, 68, 69, 70, 71, 72, 73, 74, 75, 76, 77, 78, 79, 80, 81, 82, 83, 84, 85, 86, 87, 88, 89, 90, 91, 92, 93, 94, 95, 96, 97, 98, 99, 100, 101, 102, 115, 116, 118, 124, 125, 127, 130, 134, 142, 146, 149, 153, 161, 167, 169, 170, 175, 182, 186, 187, 189, 191, 197, 202, 225, 230, 238, 240, 244, 254, 260, 264, 265, 266, 267, 277, 286, 300, 301, 302, 303, 307, 310, 317, 322, 331, 336, 354, 360, 376, 379, 388, 389, 390, 425, 454, 458, 463, 475, 476, 485, 486, 487, 488, 489, 490, 491, 492, 493, 494, 495, 496, 497, 498, 499, 500, 501, 502, 503, 504, 505, 506, 507, 508, 509, 510, 511, 512, 513, 514, 515, 516, 517, 518, 519, 520, 521, 522, 523, 524, 525, 526, 527, 528, 529, 530, 531, 532, 533, 534, 535, 536, 537, 538, 539, 540, 541, 542, 543, 544, 545, 546, 547, 548, 549, 550, 551, 552, 553, 554, 555, 556, 557, 558, 559, 560, 561, 562, 563, 564, 565, 566, 567, 568, 569, 570, 571, 572, 573, 586, 587, 589, 595, 596, 598, 601, 605, 613, 617, 620, 624, 633, 639, 640, 641, 646, 653, 657, 658, 660, 662, 668, 672, 689, 694, 702, 704, 717, 724, 725, 726, 736, 745, 759, 760, 761, 765, 768, 775, 780, 788, 792, 793, 809, 826, 829, 838, 839, 840, 877, 901, 903, 905, 910, 923, 924, 925]",True,"[67, 95, 542, 566]","[0, 1, 2, 3, 4, 5, 6, 7, 8, 9, 10, 11, 12, 13, 14, 15, 16, 17, 18, 19, 20, 21, 22, 23, 24, 25, 26, 27, 28, 29, 30, 31, 32, 33, 34, 35, 36, 37, 38, 39, 40, 41, 42, 43, 44, 45, 46, 47, 48, 49, 50, 51, 52, 53, 54, 55, 56, 57, 58, 59, 60, 61, 62, 63, 64, 65, 66, 67, 68, 69, 70, 71, 72, 73, 74, 75, 76, 77, 78, 79, 80, 81, 82, 83, 84, 85, 86, 87, 88, 89, 90, 91, 92, 93, 94, 95, 96, 97, 98, 99, 100, 101, 102, 485, 486, 487, 488, 489, 490, 491, 492, 493, 494, 495, 496, 497, 498, 499, 500, 501, 502, 503, 504, 505, 506, 507, 508, 509, 510, 511, 512, 513, 514, 515, 516, 517, 518, 519, 520, 521, 522, 523, 524, 525, 526, 527, 528, 529, 530, 531, 532, 533, 534, 535, 536, 537, 538, 539, 540, 541, 542, 543, 544, 545, 546, 547, 548, 549, 550, 551, 552, 553, 554, 555, 556, 557, 558, 559, 560, 561, 562, 563, 564, 565, 566, 567, 568, 569, 570, 571, 572, 573]","[67, 95, 360, 389, 390, 542, 566, 839, 840]","[95, 566]","[0, 5, 7, 10, 14, 19, 20, 22, 24, 32, 33, 34, 37, 38, 40, 44, 46, 48, 49, 51, 56, 61, 63, 65, 67, 68, 73, 74, 75, 76, 79, 81, 82, 83, 85, 87, 88, 92, 93, 95, 96, 99, 100, 101, 115, 116, 124, 134, 142, 161, 167, 169, 170, 186, 202, 240, 244, 254, 260, 267, 277, 300, 303, 307, 310, 322, 331, 376, 485, 491, 493, 495, 499, 503, 504, 506, 508, 515, 518, 519, 521, 524, 526, 528, 533, 537, 539, 542, 543, 547, 548, 549, 550, 551, 553, 554, 556, 558, 559, 563, 564, 566, 567, 570, 571, 572, 586, 587, 595, 605, 613, 633, 639, 640, 641, 657, 672, 704, 717, 726, 736, 759, 761, 765, 768, 780, 788, 792, 826]","[1, 13, 14, 29, 54, 55, 56, 57, 58, 60, 95, 102, 118, 125, 127, 130, 134, 146, 149, 153, 175, 182, 187, 189, 191, 197, 225, 230, 238, 264, 265, 266, 286, 301, 302, 317, 336, 354, 379, 388, 389, 390, 425, 454, 458, 463, 475, 476, 487, 498, 499, 512, 530, 531, 532, 533, 534, 536, 566, 573, 589, 596, 598, 601, 605, 617, 620, 624, 646, 653, 658, 660, 662, 668, 689, 694, 702, 724, 725, 745, 760, 775, 793, 809, 829, 838, 839, 840, 877, 901, 903, 905, 910, 923, 924, 925]","[1, 13, 14, 29, 54, 55, 56, 57, 58, 60, 102, 118, 125, 127, 130, 134, 146, 149, 153, 175, 182, 187, 189, 191, 197, 225, 230, 238, 264, 265, 266, 286, 302, 317, 336, 379, 388, 389, 425, 454, 458, 463, 475, 487, 498, 499, 512, 530, 531, 532, 533, 534, 536, 573, 589, 596, 598, 601, 605, 617, 620, 624, 646, 653, 658, 660, 662, 668, 689, 694, 702, 724, 725, 745, 760, 775, 793, 829, 838, 839, 877, 901, 903, 905, 910, 923]",6/6 successful match,True,"[80, 81, 82, 83]",True,162,True,2014,0.41785714285714287,False,TravelCenters of America # 225,TravelCenters
G Tonopah ( 85354 ) TA Tonopah # 225 84 ( Shell ) ),623-386-6443 I-10 Exit 103 ( 339th Ave S ),ZA 24 24,Tonopah,85354,TA Tonopah # 225 84 ( Shell ) ),623-386-6443,2015,Tonopah,AZ,Shell,( 339th Ave S ),I-10 Exit 103 ,Exit,103,False,,False,I-10,,,,,"[566, 95]","[67, 95, 542, 566]","[67, 95, 360, 389, 390, 542, 566, 839, 840]","[95, 566]","[0, 1, 2, 3, 4, 5, 6, 7, 8, 9, 10, 11, 12, 13, 14, 15, 16, 17, 18, 19, 20, 21, 22, 23, 24, 25, 26, 27, 28, 29, 30, 31, 32, 33, 34, 35, 36, 37, 38, 39, 40, 41, 42, 43, 44, 45, 46, 47, 48, 49, 50, 51, 52, 53, 54, 55, 56, 57, 58, 59, 60, 61, 62, 63, 64, 65, 66, 67, 68, 69, 70, 71, 72, 73, 74, 75, 76, 77, 78, 79, 80, 81, 82, 83, 84, 85, 86, 87, 88, 89, 90, 91, 92, 93, 94, 95, 96, 97, 98, 99, 100, 101, 102, 485, 486, 487, 488, 489, 490, 491, 492, 493, 494, 495, 496, 497, 498, 499, 500, 501, 502, 503, 504, 505, 506, 507, 508, 509, 510, 511, 512, 513, 514, 515, 516, 517, 518, 519, 520, 521, 522, 523, 524, 525, 526, 527, 528, 529, 530, 531, 532, 533, 534, 535, 536, 537, 538, 539, 540, 541, 542, 543, 544, 545, 546, 547, 548, 549, 550, 551, 552, 553, 554, 555, 556, 557, 558, 559, 560, 561, 562, 563, 564, 565, 566, 567, 568, 569, 570, 571, 572, 573]","[0, 5, 7, 10, 14, 19, 20, 22, 24, 32, 33, 34, 37, 38, 40, 44, 46, 48, 49, 51, 56, 61, 63, 65, 67, 68, 73, 74, 75, 76, 79, 81, 82, 83, 85, 87, 88, 92, 93, 95, 96, 99, 100, 101, 115, 116, 124, 134, 142, 161, 167, 169, 170, 186, 202, 240, 244, 254, 260, 267, 277, 300, 303, 307, 310, 322, 331, 376, 485, 491, 493, 495, 499, 503, 504, 506, 508, 515, 518, 519, 521, 524, 526, 528, 533, 537, 539, 542, 543, 547, 548, 549, 550, 551, 553, 554, 556, 558, 559, 563, 564, 566, 567, 570, 571, 572, 586, 587, 595, 605, 613, 633, 639, 640, 641, 657, 672, 704, 717, 726, 736, 759, 761, 765, 768, 780, 788, 792, 826]","[1, 13, 14, 29, 54, 55, 56, 57, 58, 60, 102, 118, 125, 127, 130, 134, 146, 149, 153, 175, 182, 187, 189, 191, 197, 225, 230, 238, 264, 265, 266, 286, 302, 317, 336, 379, 388, 389, 425, 454, 458, 463, 475, 487, 498, 499, 512, 530, 531, 532, 533, 534, 536, 573, 589, 596, 598, 601, 605, 617, 620, 624, 646, 653, 658, 660, 662, 668, 689, 694, 702, 724, 725, 745, 760, 775, 793, 829, 838, 839, 877, 901, 903, 905, 910, 923]","[1, 13, 14, 29, 54, 55, 56, 57, 58, 60, 95, 102, 118, 125, 127, 130, 134, 146, 149, 153, 175, 182, 187, 189, 191, 197, 225, 230, 238, 264, 265, 266, 286, 301, 302, 317, 336, 354, 379, 388, 389, 390, 425, 454, 458, 463, 475, 476, 487, 498, 499, 512, 530, 531, 532, 533, 534, 536, 566, 573, 589, 596, 598, 601, 605, 617, 620, 624, 646, 653, 658, 660, 662, 668, 689, 694, 702, 724, 725, 745, 760, 775, 793, 809, 829, 838, 839, 840, 877, 901, 903, 905, 910, 923, 924, 925]","[0, 1, 2, 3, 4, 5, 6, 7, 8, 9, 10, 11, 12, 13, 14, 15, 16, 17, 18, 19, 20, 21, 22, 23, 24, 25, 26, 27, 28, 29, 30, 31, 32, 33, 34, 35, 36, 37, 38, 39, 40, 41, 42, 43, 44, 45, 46, 47, 48, 49, 50, 51, 52, 53, 54, 55, 56, 57, 58, 59, 60, 61, 62, 63, 64, 65, 66, 67, 68, 69, 70, 71, 72, 73, 74, 75, 76, 77, 78, 79, 80, 81, 82, 83, 84, 85, 86, 87, 88, 89, 90, 91, 92, 93, 94, 95, 96, 97, 98, 99, 100, 101, 102, 115, 116, 118, 124, 125, 127, 130, 134, 142, 146, 149, 153, 161, 167, 169, 170, 175, 182, 186, 187, 189, 191, 197, 202, 225, 230, 238, 240, 244, 254, 260, 264, 265, 266, 267, 277, 286, 300, 301, 302, 303, 307, 310, 317, 322, 331, 336, 354, 360, 376, 379, 388, 389, 390, 425, 454, 458, 463, 475, 476, 485, 486, 487, 488, 489, 490, 491, 492, 493, 494, 495, 496, 497, 498, 499, 500, 501, 502, 503, 504, 505, 506, 507, 508, 509, 510, 511, 512, 513, 514, 515, 516, 517, 518, 519, 520, 521, 522, 523, 524, 525, 526, 527, 528, 529, 530, 531, 532, 533, 534, 535, 536, 537, 538, 539, 540, 541, 542, 543, 544, 545, 546, 547, 548, 549, 550, 551, 552, 553, 554, 555, 556, 557, 558, 559, 560, 561, 562, 563, 564, 565, 566, 567, 568, 569, 570, 571, 572, 573, 586, 587, 589, 595, 596, 598, 601, 605, 613, 617, 620, 624, 633, 639, 640, 641, 646, 653, 657, 658, 660, 662, 668, 672, 689, 694, 702, 704, 717, 724, 725, 726, 736, 745, 759, 760, 761, 765, 768, 775, 780, 788, 792, 793, 809, 826, 829, 838, 839, 840, 877, 901, 903, 905, 910, 923, 924, 925]",True,"[67, 95, 542, 566]","[0, 1, 2, 3, 4, 5, 6, 7, 8, 9, 10, 11, 12, 13, 14, 15, 16, 17, 18, 19, 20, 21, 22, 23, 24, 25, 26, 27, 28, 29, 30, 31, 32, 33, 34, 35, 36, 37, 38, 39, 40, 41, 42, 43, 44, 45, 46, 47, 48, 49, 50, 51, 52, 53, 54, 55, 56, 57, 58, 59, 60, 61, 62, 63, 64, 65, 66, 67, 68, 69, 70, 71, 72, 73, 74, 75, 76, 77, 78, 79, 80, 81, 82, 83, 84, 85, 86, 87, 88, 89, 90, 91, 92, 93, 94, 95, 96, 97, 98, 99, 100, 101, 102, 485, 486, 487, 488, 489, 490, 491, 492, 493, 494, 495, 496, 497, 498, 499, 500, 501, 502, 503, 504, 505, 506, 507, 508, 509, 510, 511, 512, 513, 514, 515, 516, 517, 518, 519, 520, 521, 522, 523, 524, 525, 526, 527, 528, 529, 530, 531, 532, 533, 534, 535, 536, 537, 538, 539, 540, 541, 542, 543, 544, 545, 546, 547, 548, 549, 550, 551, 552, 553, 554, 555, 556, 557, 558, 559, 560, 561, 562, 563, 564, 565, 566, 567, 568, 569, 570, 571, 572, 573]","[67, 95, 360, 389, 390, 542, 566, 839, 840]","[95, 566]","[0, 5, 7, 10, 14, 19, 20, 22, 24, 32, 33, 34, 37, 38, 40, 44, 46, 48, 49, 51, 56, 61, 63, 65, 67, 68, 73, 74, 75, 76, 79, 81, 82, 83, 85, 87, 88, 92, 93, 95, 96, 99, 100, 101, 115, 116, 124, 134, 142, 161, 167, 169, 170, 186, 202, 240, 244, 254, 260, 267, 277, 300, 303, 307, 310, 322, 331, 376, 485, 491, 493, 495, 499, 503, 504, 506, 508, 515, 518, 519, 521, 524, 526, 528, 533, 537, 539, 542, 543, 547, 548, 549, 550, 551, 553, 554, 556, 558, 559, 563, 564, 566, 567, 570, 571, 572, 586, 587, 595, 605, 613, 633, 639, 640, 641, 657, 672, 704, 717, 726, 736, 759, 761, 765, 768, 780, 788, 792, 826]","[1, 13, 14, 29, 54, 55, 56, 57, 58, 60, 95, 102, 118, 125, 127, 130, 134, 146, 149, 153, 175, 182, 187, 189, 191, 197, 225, 230, 238, 264, 265, 266, 286, 301, 302, 317, 336, 354, 379, 388, 389, 390, 425, 454, 458, 463, 475, 476, 487, 498, 499, 512, 530, 531, 532, 533, 534, 536, 566, 573, 589, 596, 598, 601, 605, 617, 620, 624, 646, 653, 658, 660, 662, 668, 689, 694, 702, 724, 725, 745, 760, 775, 793, 809, 829, 838, 839, 840, 877, 901, 903, 905, 910, 923, 924, 925]","[1, 13, 14, 29, 54, 55, 56, 57, 58, 60, 102, 118, 125, 127, 130, 134, 146, 149, 153, 175, 182, 187, 189, 191, 197, 225, 230, 238, 264, 265, 266, 286, 302, 317, 336, 379, 388, 389, 425, 454, 458, 463, 475, 487, 498, 499, 512, 530, 531, 532, 533, 534, 536, 573, 589, 596, 598, 601, 605, 617, 620, 624, 646, 653, 658, 660, 662, 668, 689, 694, 702, 724, 725, 745, 760, 775, 793, 829, 838, 839, 877, 901, 903, 905, 910, 923]",6/6 successful match,True,"[80, 81, 82, 83]",True,162,False,,1.0,True,TA Tonopah # 225 ( Shell ),Shell
Tonopah ( 85354 ) TA Tonopah # 225 ( Shell ),3 623-386-6443 I-10 Exit 103 ( 339th Ave S ),2.4 <U+2610> XL 24,Tonopah,85354,TA Tonopah # 225 ( Shell ),623-386-6443,2016,Tonopah,AZ,Shell,( 339th Ave S ),I-10 Exit 103 ,Exit,103,False,,False,I-10,,,,,"[566, 95]","[67, 95, 542, 566]","[67, 95, 360, 389, 390, 542, 566, 839, 840]","[95, 566]","[0, 1, 2, 3, 4, 5, 6, 7, 8, 9, 10, 11, 12, 13, 14, 15, 16, 17, 18, 19, 20, 21, 22, 23, 24, 25, 26, 27, 28, 29, 30, 31, 32, 33, 34, 35, 36, 37, 38, 39, 40, 41, 42, 43, 44, 45, 46, 47, 48, 49, 50, 51, 52, 53, 54, 55, 56, 57, 58, 59, 60, 61, 62, 63, 64, 65, 66, 67, 68, 69, 70, 71, 72, 73, 74, 75, 76, 77, 78, 79, 80, 81, 82, 83, 84, 85, 86, 87, 88, 89, 90, 91, 92, 93, 94, 95, 96, 97, 98, 99, 100, 101, 102, 485, 486, 487, 488, 489, 490, 491, 492, 493, 494, 495, 496, 497, 498, 499, 500, 501, 502, 503, 504, 505, 506, 507, 508, 509, 510, 511, 512, 513, 514, 515, 516, 517, 518, 519, 520, 521, 522, 523, 524, 525, 526, 527, 528, 529, 530, 531, 532, 533, 534, 535, 536, 537, 538, 539, 540, 541, 542, 543, 544, 545, 546, 547, 548, 549, 550, 551, 552, 553, 554, 555, 556, 557, 558, 559, 560, 561, 562, 563, 564, 565, 566, 567, 568, 569, 570, 571, 572, 573]","[0, 5, 7, 10, 14, 19, 20, 22, 24, 32, 33, 34, 37, 38, 40, 44, 46, 48, 49, 51, 56, 61, 63, 65, 67, 68, 73, 74, 75, 76, 79, 81, 82, 83, 85, 87, 88, 92, 93, 95, 96, 99, 100, 101, 115, 116, 124, 134, 142, 161, 167, 169, 170, 186, 202, 240, 244, 254, 260, 267, 277, 300, 303, 307, 310, 322, 331, 376, 485, 491, 493, 495, 499, 503, 504, 506, 508, 515, 518, 519, 521, 524, 526, 528, 533, 537, 539, 542, 543, 547, 548, 549, 550, 551, 553, 554, 556, 558, 559, 563, 564, 566, 567, 570, 571, 572, 586, 587, 595, 605, 613, 633, 639, 640, 641, 657, 672, 704, 717, 726, 736, 759, 761, 765, 768, 780, 788, 792, 826]","[1, 13, 14, 29, 54, 55, 56, 57, 58, 60, 102, 118, 125, 127, 130, 134, 146, 149, 153, 175, 182, 187, 189, 191, 197, 225, 230, 238, 264, 265, 266, 286, 302, 317, 336, 379, 388, 389, 425, 454, 458, 463, 475, 487, 498, 499, 512, 530, 531, 532, 533, 534, 536, 573, 589, 596, 598, 601, 605, 617, 620, 624, 646, 653, 658, 660, 662, 668, 689, 694, 702, 724, 725, 745, 760, 775, 793, 829, 838, 839, 877, 901, 903, 905, 910, 923]","[1, 13, 14, 29, 54, 55, 56, 57, 58, 60, 95, 102, 118, 125, 127, 130, 134, 146, 149, 153, 175, 182, 187, 189, 191, 197, 225, 230, 238, 264, 265, 266, 286, 301, 302, 317, 336, 354, 379, 388, 389, 390, 425, 454, 458, 463, 475, 476, 487, 498, 499, 512, 530, 531, 532, 533, 534, 536, 566, 573, 589, 596, 598, 601, 605, 617, 620, 624, 646, 653, 658, 660, 662, 668, 689, 694, 702, 724, 725, 745, 760, 775, 793, 809, 829, 838, 839, 840, 877, 901, 903, 905, 910, 923, 924, 925]","[0, 1, 2, 3, 4, 5, 6, 7, 8, 9, 10, 11, 12, 13, 14, 15, 16, 17, 18, 19, 20, 21, 22, 23, 24, 25, 26, 27, 28, 29, 30, 31, 32, 33, 34, 35, 36, 37, 38, 39, 40, 41, 42, 43, 44, 45, 46, 47, 48, 49, 50, 51, 52, 53, 54, 55, 56, 57, 58, 59, 60, 61, 62, 63, 64, 65, 66, 67, 68, 69, 70, 71, 72, 73, 74, 75, 76, 77, 78, 79, 80, 81, 82, 83, 84, 85, 86, 87, 88, 89, 90, 91, 92, 93, 94, 95, 96, 97, 98, 99, 100, 101, 102, 115, 116, 118, 124, 125, 127, 130, 134, 142, 146, 149, 153, 161, 167, 169, 170, 175, 182, 186, 187, 189, 191, 197, 202, 225, 230, 238, 240, 244, 254, 260, 264, 265, 266, 267, 277, 286, 300, 301, 302, 303, 307, 310, 317, 322, 331, 336, 354, 360, 376, 379, 388, 389, 390, 425, 454, 458, 463, 475, 476, 485, 486, 487, 488, 489, 490, 491, 492, 493, 494, 495, 496, 497, 498, 499, 500, 501, 502, 503, 504, 505, 506, 507, 508, 509, 510, 511, 512, 513, 514, 515, 516, 517, 518, 519, 520, 521, 522, 523, 524, 525, 526, 527, 528, 529, 530, 531, 532, 533, 534, 535, 536, 537, 538, 539, 540, 541, 542, 543, 544, 545, 546, 547, 548, 549, 550, 551, 552, 553, 554, 555, 556, 557, 558, 559, 560, 561, 562, 563, 564, 565, 566, 567, 568, 569, 570, 571, 572, 573, 586, 587, 589, 595, 596, 598, 601, 605, 613, 617, 620, 624, 633, 639, 640, 641, 646, 653, 657, 658, 660, 662, 668, 672, 689, 694, 702, 704, 717, 724, 725, 726, 736, 745, 759, 760, 761, 765, 768, 775, 780, 788, 792, 793, 809, 826, 829, 838, 839, 840, 877, 901, 903, 905, 910, 923, 924, 925]",True,"[67, 95, 542, 566]","[0, 1, 2, 3, 4, 5, 6, 7, 8, 9, 10, 11, 12, 13, 14, 15, 16, 17, 18, 19, 20, 21, 22, 23, 24, 25, 26, 27, 28, 29, 30, 31, 32, 33, 34, 35, 36, 37, 38, 39, 40, 41, 42, 43, 44, 45, 46, 47, 48, 49, 50, 51, 52, 53, 54, 55, 56, 57, 58, 59, 60, 61, 62, 63, 64, 65, 66, 67, 68, 69, 70, 71, 72, 73, 74, 75, 76, 77, 78, 79, 80, 81, 82, 83, 84, 85, 86, 87, 88, 89, 90, 91, 92, 93, 94, 95, 96, 97, 98, 99, 100, 101, 102, 485, 486, 487, 488, 489, 490, 491, 492, 493, 494, 495, 496, 497, 498, 499, 500, 501, 502, 503, 504, 505, 506, 507, 508, 509, 510, 511, 512, 513, 514, 515, 516, 517, 518, 519, 520, 521, 522, 523, 524, 525, 526, 527, 528, 529, 530, 531, 532, 533, 534, 535, 536, 537, 538, 539, 540, 541, 542, 543, 544, 545, 546, 547, 548, 549, 550, 551, 552, 553, 554, 555, 556, 557, 558, 559, 560, 561, 562, 563, 564, 565, 566, 567, 568, 569, 570, 571, 572, 573]","[67, 95, 360, 389, 390, 542, 566, 839, 840]","[95, 566]","[0, 5, 7, 10, 14, 19, 20, 22, 24, 32, 33, 34, 37, 38, 40, 44, 46, 48, 49, 51, 56, 61, 63, 65, 67, 68, 73, 74, 75, 76, 79, 81, 82, 83, 85, 87, 88, 92, 93, 95, 96, 99, 100, 101, 115, 116, 124, 134, 142, 161, 167, 169, 170, 186, 202, 240, 244, 254, 260, 267, 277, 300, 303, 307, 310, 322, 331, 376, 485, 491, 493, 495, 499, 503, 504, 506, 508, 515, 518, 519, 521, 524, 526, 528, 533, 537, 539, 542, 543, 547, 548, 549, 550, 551, 553, 554, 556, 558, 559, 563, 564, 566, 567, 570, 571, 572, 586, 587, 595, 605, 613, 633, 639, 640, 641, 657, 672, 704, 717, 726, 736, 759, 761, 765, 768, 780, 788, 792, 826]","[1, 13, 14, 29, 54, 55, 56, 57, 58, 60, 95, 102, 118, 125, 127, 130, 134, 146, 149, 153, 175, 182, 187, 189, 191, 197, 225, 230, 238, 264, 265, 266, 286, 301, 302, 317, 336, 354, 379, 388, 389, 390, 425, 454, 458, 463, 475, 476, 487, 498, 499, 512, 530, 531, 532, 533, 534, 536, 566, 573, 589, 596, 598, 601, 605, 617, 620, 624, 646, 653, 658, 660, 662, 668, 689, 694, 702, 724, 725, 745, 760, 775, 793, 809, 829, 838, 839, 840, 877, 901, 903, 905, 910, 923, 924, 925]","[1, 13, 14, 29, 54, 55, 56, 57, 58, 60, 102, 118, 125, 127, 130, 134, 146, 149, 153, 175, 182, 187, 189, 191, 197, 225, 230, 238, 264, 265, 266, 286, 302, 317, 336, 379, 388, 389, 425, 454, 458, 463, 475, 487, 498, 499, 512, 530, 531, 532, 533, 534, 536, 573, 589, 596, 598, 601, 605, 617, 620, 624, 646, 653, 658, 660, 662, 668, 689, 694, 702, 724, 725, 745, 760, 775, 793, 829, 838, 839, 877, 901, 903, 905, 910, 923]",6/6 successful match,True,"[80, 81, 82, 83]",True,162,False,,1.0,True,TA Tonopah # 225 84 ( Shell ) ),Shell
"F Quartzsite , 85359 Quik Chek Shell",A 1928-927-5642 I-10 Exit 17 EB / 19 WB ( to AZ 95 ),,Quartzsite,85359,Quik Chek Shell,928-927-5642,2006,Quartzsite,AZ,Shell,( to AZ 95 ),I-10 Exit 17 EB / 19 WB ,Exit,17,False,,False,I-10,,19,,,"[555, 84]","[0, 73, 485, 547]","[0, 38, 73, 84, 485, 519, 547, 555]","[0, 38, 73, 143, 295, 392, 485, 519, 547, 614, 754, 842]","[0, 1, 2, 3, 4, 5, 6, 7, 8, 9, 10, 11, 12, 13, 14, 15, 16, 17, 18, 19, 20, 21, 22, 23, 24, 25, 26, 27, 28, 29, 30, 31, 32, 33, 34, 35, 36, 37, 38, 39, 40, 41, 42, 43, 44, 45, 46, 47, 48, 49, 50, 51, 52, 53, 54, 55, 56, 57, 58, 59, 60, 61, 62, 63, 64, 65, 66, 67, 68, 69, 70, 71, 72, 73, 74, 75, 76, 77, 78, 79, 80, 81, 82, 83, 84, 85, 86, 87, 88, 89, 90, 91, 92, 93, 94, 95, 96, 97, 98, 99, 100, 101, 102, 485, 486, 487, 488, 489, 490, 491, 492, 493, 494, 495, 496, 497, 498, 499, 500, 501, 502, 503, 504, 505, 506, 507, 508, 509, 510, 511, 512, 513, 514, 515, 516, 517, 518, 519, 520, 521, 522, 523, 524, 525, 526, 527, 528, 529, 530, 531, 532, 533, 534, 535, 536, 537, 538, 539, 540, 541, 542, 543, 544, 545, 546, 547, 548, 549, 550, 551, 552, 553, 554, 555, 556, 557, 558, 559, 560, 561, 562, 563, 564, 565, 566, 567, 568, 569, 570, 571, 572, 573]","[0, 5, 7, 10, 14, 19, 20, 22, 24, 32, 33, 34, 37, 38, 40, 44, 46, 48, 49, 51, 56, 61, 63, 65, 67, 68, 73, 74, 75, 76, 79, 81, 82, 83, 85, 87, 88, 92, 93, 95, 96, 99, 100, 101, 115, 116, 124, 134, 142, 161, 167, 169, 170, 186, 202, 240, 244, 254, 260, 267, 277, 300, 303, 307, 310, 322, 331, 376, 485, 491, 493, 495, 499, 503, 504, 506, 508, 515, 518, 519, 521, 524, 526, 528, 533, 537, 539, 542, 543, 547, 548, 549, 550, 551, 553, 554, 556, 558, 559, 563, 564, 566, 567, 570, 571, 572, 586, 587, 595, 605, 613, 633, 639, 640, 641, 657, 672, 704, 717, 726, 736, 759, 761, 765, 768, 780, 788, 792, 826]","[1, 13, 14, 29, 54, 55, 56, 57, 58, 60, 102, 118, 125, 127, 130, 134, 146, 149, 153, 175, 182, 187, 189, 191, 197, 225, 230, 238, 264, 265, 266, 286, 302, 317, 336, 379, 388, 389, 425, 454, 458, 463, 475, 487, 498, 499, 512, 530, 531, 532, 533, 534, 536, 573, 589, 596, 598, 601, 605, 617, 620, 624, 646, 653, 658, 660, 662, 668, 689, 694, 702, 724, 725, 745, 760, 775, 793, 829, 838, 839, 877, 901, 903, 905, 910, 923]","[1, 13, 14, 29, 54, 55, 56, 57, 58, 60, 84, 85, 102, 118, 125, 127, 130, 134, 146, 149, 153, 175, 182, 187, 189, 191, 197, 225, 230, 238, 262, 264, 265, 266, 286, 302, 317, 336, 354, 379, 388, 389, 425, 454, 458, 463, 469, 475, 487, 498, 499, 512, 530, 531, 532, 533, 534, 536, 555, 556, 573, 589, 596, 598, 601, 605, 617, 620, 624, 646, 653, 658, 660, 662, 668, 689, 694, 702, 722, 724, 725, 745, 760, 775, 793, 809, 829, 838, 839, 877, 901, 903, 905, 910, 916, 923]","[0, 1, 2, 3, 4, 5, 6, 7, 8, 9, 10, 11, 12, 13, 14, 15, 16, 17, 18, 19, 20, 21, 22, 23, 24, 25, 26, 27, 28, 29, 30, 31, 32, 33, 34, 35, 36, 37, 38, 39, 40, 41, 42, 43, 44, 45, 46, 47, 48, 49, 50, 51, 52, 53, 54, 55, 56, 57, 58, 59, 60, 61, 62, 63, 64, 65, 66, 67, 68, 69, 70, 71, 72, 73, 74, 75, 76, 77, 78, 79, 80, 81, 82, 83, 84, 85, 86, 87, 88, 89, 90, 91, 92, 93, 94, 95, 96, 97, 98, 99, 100, 101, 102, 115, 116, 118, 124, 125, 127, 130, 134, 142, 143, 146, 149, 153, 161, 167, 169, 170, 175, 182, 186, 187, 189, 191, 197, 202, 225, 230, 238, 240, 244, 254, 260, 262, 264, 265, 266, 267, 277, 286, 295, 300, 302, 303, 307, 310, 317, 322, 331, 336, 354, 376, 379, 388, 389, 392, 425, 454, 458, 463, 469, 475, 485, 486, 487, 488, 489, 490, 491, 492, 493, 494, 495, 496, 497, 498, 499, 500, 501, 502, 503, 504, 505, 506, 507, 508, 509, 510, 511, 512, 513, 514, 515, 516, 517, 518, 519, 520, 521, 522, 523, 524, 525, 526, 527, 528, 529, 530, 531, 532, 533, 534, 535, 536, 537, 538, 539, 540, 541, 542, 543, 544, 545, 546, 547, 548, 549, 550, 551, 552, 553, 554, 555, 556, 557, 558, 559, 560, 561, 562, 563, 564, 565, 566, 567, 568, 569, 570, 571, 572, 573, 586, 587, 589, 595, 596, 598, 601, 605, 613, 614, 617, 620, 624, 633, 639, 640, 641, 646, 653, 657, 658, 660, 662, 668, 672, 689, 694, 702, 704, 717, 722, 724, 725, 726, 736, 745, 754, 759, 760, 761, 765, 768, 775, 780, 788, 792, 793, 809, 826, 829, 838, 839, 842, 877, 901, 903, 905, 910, 916, 923]",True,"[0, 73, 485, 547]","[0, 1, 2, 3, 4, 5, 6, 7, 8, 9, 10, 11, 12, 13, 14, 15, 16, 17, 18, 19, 20, 21, 22, 23, 24, 25, 26, 27, 28, 29, 30, 31, 32, 33, 34, 35, 36, 37, 38, 39, 40, 41, 42, 43, 44, 45, 46, 47, 48, 49, 50, 51, 52, 53, 54, 55, 56, 57, 58, 59, 60, 61, 62, 63, 64, 65, 66, 67, 68, 69, 70, 71, 72, 73, 74, 75, 76, 77, 78, 79, 80, 81, 82, 83, 84, 85, 86, 87, 88, 89, 90, 91, 92, 93, 94, 95, 96, 97, 98, 99, 100, 101, 102, 485, 486, 487, 488, 489, 490, 491, 492, 493, 494, 495, 496, 497, 498, 499, 500, 501, 502, 503, 504, 505, 506, 507, 508, 509, 510, 511, 512, 513, 514, 515, 516, 517, 518, 519, 520, 521, 522, 523, 524, 525, 526, 527, 528, 529, 530, 531, 532, 533, 534, 535, 536, 537, 538, 539, 540, 541, 542, 543, 544, 545, 546, 547, 548, 549, 550, 551, 552, 553, 554, 555, 556, 557, 558, 559, 560, 561, 562, 563, 564, 565, 566, 567, 568, 569, 570, 571, 572, 573]","[0, 38, 73, 84, 485, 519, 547, 555]","[0, 38, 73, 143, 295, 392, 485, 519, 547, 614, 754, 842]","[0, 5, 7, 10, 14, 19, 20, 22, 24, 32, 33, 34, 37, 38, 40, 44, 46, 48, 49, 51, 56, 61, 63, 65, 67, 68, 73, 74, 75, 76, 79, 81, 82, 83, 85, 87, 88, 92, 93, 95, 96, 99, 100, 101, 115, 116, 124, 134, 142, 161, 167, 169, 170, 186, 202, 240, 244, 254, 260, 267, 277, 300, 303, 307, 310, 322, 331, 376, 485, 491, 493, 495, 499, 503, 504, 506, 508, 515, 518, 519, 521, 524, 526, 528, 533, 537, 539, 542, 543, 547, 548, 549, 550, 551, 553, 554, 556, 558, 559, 563, 564, 566, 567, 570, 571, 572, 586, 587, 595, 605, 613, 633, 639, 640, 641, 657, 672, 704, 717, 726, 736, 759, 761, 765, 768, 780, 788, 792, 826]","[1, 13, 14, 29, 54, 55, 56, 57, 58, 60, 84, 85, 102, 118, 125, 127, 130, 134, 146, 149, 153, 175, 182, 187, 189, 191, 197, 225, 230, 238, 262, 264, 265, 266, 286, 302, 317, 336, 354, 379, 388, 389, 425, 454, 458, 463, 469, 475, 487, 498, 499, 512, 530, 531, 532, 533, 534, 536, 555, 556, 573, 589, 596, 598, 601, 605, 617, 620, 624, 646, 653, 658, 660, 662, 668, 689, 694, 702, 722, 724, 725, 745, 760, 775, 793, 809, 829, 838, 839, 877, 901, 903, 905, 910, 916, 923]","[1, 13, 14, 29, 54, 55, 56, 57, 58, 60, 102, 118, 125, 127, 130, 134, 146, 149, 153, 175, 182, 187, 189, 191, 197, 225, 230, 238, 264, 265, 266, 286, 302, 317, 336, 379, 388, 389, 425, 454, 458, 463, 475, 487, 498, 499, 512, 530, 531, 532, 533, 534, 536, 573, 589, 596, 598, 601, 605, 617, 620, 624, 646, 653, 658, 660, 662, 668, 689, 694, 702, 724, 725, 745, 760, 775, 793, 829, 838, 839, 877, 901, 903, 905, 910, 923]",5/6 successful match,True,"[577, 578, 579]",True,163,False,,,,,
"F Quartzsite , 85359 Quik Chek Shell",928-927-5642 I-10 Exit 17 EB / 19 WB ( to AZ 95 ),O,Quartzsite,85359,Quik Chek Shell,928-927-5642,2007,Quartzsite,AZ,Shell,( to AZ 95 ),I-10 Exit 17 EB / 19 WB ,Exit,17,False,,False,I-10,,19,,,"[555, 84]","[0, 73, 485, 547]","[0, 38, 73, 84, 485, 519, 547, 555]","[0, 38, 73, 143, 295, 392, 485, 519, 547, 614, 754, 842]","[0, 1, 2, 3, 4, 5, 6, 7, 8, 9, 10, 11, 12, 13, 14, 15, 16, 17, 18, 19, 20, 21, 22, 23, 24, 25, 26, 27, 28, 29, 30, 31, 32, 33, 34, 35, 36, 37, 38, 39, 40, 41, 42, 43, 44, 45, 46, 47, 48, 49, 50, 51, 52, 53, 54, 55, 56, 57, 58, 59, 60, 61, 62, 63, 64, 65, 66, 67, 68, 69, 70, 71, 72, 73, 74, 75, 76, 77, 78, 79, 80, 81, 82, 83, 84, 85, 86, 87, 88, 89, 90, 91, 92, 93, 94, 95, 96, 97, 98, 99, 100, 101, 102, 485, 486, 487, 488, 489, 490, 491, 492, 493, 494, 495, 496, 497, 498, 499, 500, 501, 502, 503, 504, 505, 506, 507, 508, 509, 510, 511, 512, 513, 514, 515, 516, 517, 518, 519, 520, 521, 522, 523, 524, 525, 526, 527, 528, 529, 530, 531, 532, 533, 534, 535, 536, 537, 538, 539, 540, 541, 542, 543, 544, 545, 546, 547, 548, 549, 550, 551, 552, 553, 554, 555, 556, 557, 558, 559, 560, 561, 562, 563, 564, 565, 566, 567, 568, 569, 570, 571, 572, 573]","[0, 5, 7, 10, 14, 19, 20, 22, 24, 32, 33, 34, 37, 38, 40, 44, 46, 48, 49, 51, 56, 61, 63, 65, 67, 68, 73, 74, 75, 76, 79, 81, 82, 83, 85, 87, 88, 92, 93, 95, 96, 99, 100, 101, 115, 116, 124, 134, 142, 161, 167, 169, 170, 186, 202, 240, 244, 254, 260, 267, 277, 300, 303, 307, 310, 322, 331, 376, 485, 491, 493, 495, 499, 503, 504, 506, 508, 515, 518, 519, 521, 524, 526, 528, 533, 537, 539, 542, 543, 547, 548, 549, 550, 551, 553, 554, 556, 558, 559, 563, 564, 566, 567, 570, 571, 572, 586, 587, 595, 605, 613, 633, 639, 640, 641, 657, 672, 704, 717, 726, 736, 759, 761, 765, 768, 780, 788, 792, 826]","[1, 13, 14, 29, 54, 55, 56, 57, 58, 60, 102, 118, 125, 127, 130, 134, 146, 149, 153, 175, 182, 187, 189, 191, 197, 225, 230, 238, 264, 265, 266, 286, 302, 317, 336, 379, 388, 389, 425, 454, 458, 463, 475, 487, 498, 499, 512, 530, 531, 532, 533, 534, 536, 573, 589, 596, 598, 601, 605, 617, 620, 624, 646, 653, 658, 660, 662, 668, 689, 694, 702, 724, 725, 745, 760, 775, 793, 829, 838, 839, 877, 901, 903, 905, 910, 923]","[1, 13, 14, 29, 54, 55, 56, 57, 58, 60, 84, 85, 102, 118, 125, 127, 130, 134, 146, 149, 153, 175, 182, 187, 189, 191, 197, 225, 230, 238, 262, 264, 265, 266, 286, 302, 317, 336, 354, 379, 388, 389, 425, 454, 458, 463, 469, 475, 487, 498, 499, 512, 530, 531, 532, 533, 534, 536, 555, 556, 573, 589, 596, 598, 601, 605, 617, 620, 624, 646, 653, 658, 660, 662, 668, 689, 694, 702, 722, 724, 725, 745, 760, 775, 793, 809, 829, 838, 839, 877, 901, 903, 905, 910, 916, 923]","[0, 1, 2, 3, 4, 5, 6, 7, 8, 9, 10, 11, 12, 13, 14, 15, 16, 17, 18, 19, 20, 21, 22, 23, 24, 25, 26, 27, 28, 29, 30, 31, 32, 33, 34, 35, 36, 37, 38, 39, 40, 41, 42, 43, 44, 45, 46, 47, 48, 49, 50, 51, 52, 53, 54, 55, 56, 57, 58, 59, 60, 61, 62, 63, 64, 65, 66, 67, 68, 69, 70, 71, 72, 73, 74, 75, 76, 77, 78, 79, 80, 81, 82, 83, 84, 85, 86, 87, 88, 89, 90, 91, 92, 93, 94, 95, 96, 97, 98, 99, 100, 101, 102, 115, 116, 118, 124, 125, 127, 130, 134, 142, 143, 146, 149, 153, 161, 167, 169, 170, 175, 182, 186, 187, 189, 191, 197, 202, 225, 230, 238, 240, 244, 254, 260, 262, 264, 265, 266, 267, 277, 286, 295, 300, 302, 303, 307, 310, 317, 322, 331, 336, 354, 376, 379, 388, 389, 392, 425, 454, 458, 463, 469, 475, 485, 486, 487, 488, 489, 490, 491, 492, 493, 494, 495, 496, 497, 498, 499, 500, 501, 502, 503, 504, 505, 506, 507, 508, 509, 510, 511, 512, 513, 514, 515, 516, 517, 518, 519, 520, 521, 522, 523, 524, 525, 526, 527, 528, 529, 530, 531, 532, 533, 534, 535, 536, 537, 538, 539, 540, 541, 542, 543, 544, 545, 546, 547, 548, 549, 550, 551, 552, 553, 554, 555, 556, 557, 558, 559, 560, 561, 562, 563, 564, 565, 566, 567, 568, 569, 570, 571, 572, 573, 586, 587, 589, 595, 596, 598, 601, 605, 613, 614, 617, 620, 624, 633, 639, 640, 641, 646, 653, 657, 658, 660, 662, 668, 672, 689, 694, 702, 704, 717, 722, 724, 725, 726, 736, 745, 754, 759, 760, 761, 765, 768, 775, 780, 788, 792, 793, 809, 826, 829, 838, 839, 842, 877, 901, 903, 905, 910, 916, 923]",True,"[0, 73, 485, 547]","[0, 1, 2, 3, 4, 5, 6, 7, 8, 9, 10, 11, 12, 13, 14, 15, 16, 17, 18, 19, 20, 21, 22, 23, 24, 25, 26, 27, 28, 29, 30, 31, 32, 33, 34, 35, 36, 37, 38, 39, 40, 41, 42, 43, 44, 45, 46, 47, 48, 49, 50, 51, 52, 53, 54, 55, 56, 57, 58, 59, 60, 61, 62, 63, 64, 65, 66, 67, 68, 69, 70, 71, 72, 73, 74, 75, 76, 77, 78, 79, 80, 81, 82, 83, 84, 85, 86, 87, 88, 89, 90, 91, 92, 93, 94, 95, 96, 97, 98, 99, 100, 101, 102, 485, 486, 487, 488, 489, 490, 491, 492, 493, 494, 495, 496, 497, 498, 499, 500, 501, 502, 503, 504, 505, 506, 507, 508, 509, 510, 511, 512, 513, 514, 515, 516, 517, 518, 519, 520, 521, 522, 523, 524, 525, 526, 527, 528, 529, 530, 531, 532, 533, 534, 535, 536, 537, 538, 539, 540, 541, 542, 543, 544, 545, 546, 547, 548, 549, 550, 551, 552, 553, 554, 555, 556, 557, 558, 559, 560, 561, 562, 563, 564, 565, 566, 567, 568, 569, 570, 571, 572, 573]","[0, 38, 73, 84, 485, 519, 547, 555]","[0, 38, 73, 143, 295, 392, 485, 519, 547, 614, 754, 842]","[0, 5, 7, 10, 14, 19, 20, 22, 24, 32, 33, 34, 37, 38, 40, 44, 46, 48, 49, 51, 56, 61, 63, 65, 67, 68, 73, 74, 75, 76, 79, 81, 82, 83, 85, 87, 88, 92, 93, 95, 96, 99, 100, 101, 115, 116, 124, 134, 142, 161, 167, 169, 170, 186, 202, 240, 244, 254, 260, 267, 277, 300, 303, 307, 310, 322, 331, 376, 485, 491, 493, 495, 499, 503, 504, 506, 508, 515, 518, 519, 521, 524, 526, 528, 533, 537, 539, 542, 543, 547, 548, 549, 550, 551, 553, 554, 556, 558, 559, 563, 564, 566, 567, 570, 571, 572, 586, 587, 595, 605, 613, 633, 639, 640, 641, 657, 672, 704, 717, 726, 736, 759, 761, 765, 768, 780, 788, 792, 826]","[1, 13, 14, 29, 54, 55, 56, 57, 58, 60, 84, 85, 102, 118, 125, 127, 130, 134, 146, 149, 153, 175, 182, 187, 189, 191, 197, 225, 230, 238, 262, 264, 265, 266, 286, 302, 317, 336, 354, 379, 388, 389, 425, 454, 458, 463, 469, 475, 487, 498, 499, 512, 530, 531, 532, 533, 534, 536, 555, 556, 573, 589, 596, 598, 601, 605, 617, 620, 624, 646, 653, 658, 660, 662, 668, 689, 694, 702, 722, 724, 725, 745, 760, 775, 793, 809, 829, 838, 839, 877, 901, 903, 905, 910, 916, 923]","[1, 13, 14, 29, 54, 55, 56, 57, 58, 60, 102, 118, 125, 127, 130, 134, 146, 149, 153, 175, 182, 187, 189, 191, 197, 225, 230, 238, 264, 265, 266, 286, 302, 317, 336, 379, 388, 389, 425, 454, 458, 463, 475, 487, 498, 499, 512, 530, 531, 532, 533, 534, 536, 573, 589, 596, 598, 601, 605, 617, 620, 624, 646, 653, 658, 660, 662, 668, 689, 694, 702, 724, 725, 745, 760, 775, 793, 829, 838, 839, 877, 901, 903, 905, 910, 923]",5/6 successful match,True,"[577, 578, 579]",True,163,False,,1.0,True,Quik Chek Shell,Shell
"Quartzsite , 85359 Quik Chek Shell",928-927-5642 I-10 Exit 17 EB / 19 WB ( to AZ 95 ),S <U+2610> <U+2610>,Quartzsite,85359,Quik Chek Shell,928-927-5642,2008,Quartzsite,AZ,Shell,( to AZ 95 ),I-10 Exit 17 EB / 19 WB ,Exit,17,False,,False,I-10,,19,,,"[555, 84]","[0, 73, 485, 547]","[0, 38, 73, 84, 485, 519, 547, 555]","[0, 38, 73, 143, 295, 392, 485, 519, 547, 614, 754, 842]","[0, 1, 2, 3, 4, 5, 6, 7, 8, 9, 10, 11, 12, 13, 14, 15, 16, 17, 18, 19, 20, 21, 22, 23, 24, 25, 26, 27, 28, 29, 30, 31, 32, 33, 34, 35, 36, 37, 38, 39, 40, 41, 42, 43, 44, 45, 46, 47, 48, 49, 50, 51, 52, 53, 54, 55, 56, 57, 58, 59, 60, 61, 62, 63, 64, 65, 66, 67, 68, 69, 70, 71, 72, 73, 74, 75, 76, 77, 78, 79, 80, 81, 82, 83, 84, 85, 86, 87, 88, 89, 90, 91, 92, 93, 94, 95, 96, 97, 98, 99, 100, 101, 102, 485, 486, 487, 488, 489, 490, 491, 492, 493, 494, 495, 496, 497, 498, 499, 500, 501, 502, 503, 504, 505, 506, 507, 508, 509, 510, 511, 512, 513, 514, 515, 516, 517, 518, 519, 520, 521, 522, 523, 524, 525, 526, 527, 528, 529, 530, 531, 532, 533, 534, 535, 536, 537, 538, 539, 540, 541, 542, 543, 544, 545, 546, 547, 548, 549, 550, 551, 552, 553, 554, 555, 556, 557, 558, 559, 560, 561, 562, 563, 564, 565, 566, 567, 568, 569, 570, 571, 572, 573]","[0, 5, 7, 10, 14, 19, 20, 22, 24, 32, 33, 34, 37, 38, 40, 44, 46, 48, 49, 51, 56, 61, 63, 65, 67, 68, 73, 74, 75, 76, 79, 81, 82, 83, 85, 87, 88, 92, 93, 95, 96, 99, 100, 101, 115, 116, 124, 134, 142, 161, 167, 169, 170, 186, 202, 240, 244, 254, 260, 267, 277, 300, 303, 307, 310, 322, 331, 376, 485, 491, 493, 495, 499, 503, 504, 506, 508, 515, 518, 519, 521, 524, 526, 528, 533, 537, 539, 542, 543, 547, 548, 549, 550, 551, 553, 554, 556, 558, 559, 563, 564, 566, 567, 570, 571, 572, 586, 587, 595, 605, 613, 633, 639, 640, 641, 657, 672, 704, 717, 726, 736, 759, 761, 765, 768, 780, 788, 792, 826]","[1, 13, 14, 29, 54, 55, 56, 57, 58, 60, 102, 118, 125, 127, 130, 134, 146, 149, 153, 175, 182, 187, 189, 191, 197, 225, 230, 238, 264, 265, 266, 286, 302, 317, 336, 379, 388, 389, 425, 454, 458, 463, 475, 487, 498, 499, 512, 530, 531, 532, 533, 534, 536, 573, 589, 596, 598, 601, 605, 617, 620, 624, 646, 653, 658, 660, 662, 668, 689, 694, 702, 724, 725, 745, 760, 775, 793, 829, 838, 839, 877, 901, 903, 905, 910, 923]","[1, 13, 14, 29, 54, 55, 56, 57, 58, 60, 84, 85, 102, 118, 125, 127, 130, 134, 146, 149, 153, 175, 182, 187, 189, 191, 197, 225, 230, 238, 262, 264, 265, 266, 286, 302, 317, 336, 354, 379, 388, 389, 425, 454, 458, 463, 469, 475, 487, 498, 499, 512, 530, 531, 532, 533, 534, 536, 555, 556, 573, 589, 596, 598, 601, 605, 617, 620, 624, 646, 653, 658, 660, 662, 668, 689, 694, 702, 722, 724, 725, 745, 760, 775, 793, 809, 829, 838, 839, 877, 901, 903, 905, 910, 916, 923]","[0, 1, 2, 3, 4, 5, 6, 7, 8, 9, 10, 11, 12, 13, 14, 15, 16, 17, 18, 19, 20, 21, 22, 23, 24, 25, 26, 27, 28, 29, 30, 31, 32, 33, 34, 35, 36, 37, 38, 39, 40, 41, 42, 43, 44, 45, 46, 47, 48, 49, 50, 51, 52, 53, 54, 55, 56, 57, 58, 59, 60, 61, 62, 63, 64, 65, 66, 67, 68, 69, 70, 71, 72, 73, 74, 75, 76, 77, 78, 79, 80, 81, 82, 83, 84, 85, 86, 87, 88, 89, 90, 91, 92, 93, 94, 95, 96, 97, 98, 99, 100, 101, 102, 115, 116, 118, 124, 125, 127, 130, 134, 142, 143, 146, 149, 153, 161, 167, 169, 170, 175, 182, 186, 187, 189, 191, 197, 202, 225, 230, 238, 240, 244, 254, 260, 262, 264, 265, 266, 267, 277, 286, 295, 300, 302, 303, 307, 310, 317, 322, 331, 336, 354, 376, 379, 388, 389, 392, 425, 454, 458, 463, 469, 475, 485, 486, 487, 488, 489, 490, 491, 492, 493, 494, 495, 496, 497, 498, 499, 500, 501, 502, 503, 504, 505, 506, 507, 508, 509, 510, 511, 512, 513, 514, 515, 516, 517, 518, 519, 520, 521, 522, 523, 524, 525, 526, 527, 528, 529, 530, 531, 532, 533, 534, 535, 536, 537, 538, 539, 540, 541, 542, 543, 544, 545, 546, 547, 548, 549, 550, 551, 552, 553, 554, 555, 556, 557, 558, 559, 560, 561, 562, 563, 564, 565, 566, 567, 568, 569, 570, 571, 572, 573, 586, 587, 589, 595, 596, 598, 601, 605, 613, 614, 617, 620, 624, 633, 639, 640, 641, 646, 653, 657, 658, 660, 662, 668, 672, 689, 694, 702, 704, 717, 722, 724, 725, 726, 736, 745, 754, 759, 760, 761, 765, 768, 775, 780, 788, 792, 793, 809, 826, 829, 838, 839, 842, 877, 901, 903, 905, 910, 916, 923]",True,"[0, 73, 485, 547]","[0, 1, 2, 3, 4, 5, 6, 7, 8, 9, 10, 11, 12, 13, 14, 15, 16, 17, 18, 19, 20, 21, 22, 23, 24, 25, 26, 27, 28, 29, 30, 31, 32, 33, 34, 35, 36, 37, 38, 39, 40, 41, 42, 43, 44, 45, 46, 47, 48, 49, 50, 51, 52, 53, 54, 55, 56, 57, 58, 59, 60, 61, 62, 63, 64, 65, 66, 67, 68, 69, 70, 71, 72, 73, 74, 75, 76, 77, 78, 79, 80, 81, 82, 83, 84, 85, 86, 87, 88, 89, 90, 91, 92, 93, 94, 95, 96, 97, 98, 99, 100, 101, 102, 485, 486, 487, 488, 489, 490, 491, 492, 493, 494, 495, 496, 497, 498, 499, 500, 501, 502, 503, 504, 505, 506, 507, 508, 509, 510, 511, 512, 513, 514, 515, 516, 517, 518, 519, 520, 521, 522, 523, 524, 525, 526, 527, 528, 529, 530, 531, 532, 533, 534, 535, 536, 537, 538, 539, 540, 541, 542, 543, 544, 545, 546, 547, 548, 549, 550, 551, 552, 553, 554, 555, 556, 557, 558, 559, 560, 561, 562, 563, 564, 565, 566, 567, 568, 569, 570, 571, 572, 573]","[0, 38, 73, 84, 485, 519, 547, 555]","[0, 38, 73, 143, 295, 392, 485, 519, 547, 614, 754, 842]","[0, 5, 7, 10, 14, 19, 20, 22, 24, 32, 33, 34, 37, 38, 40, 44, 46, 48, 49, 51, 56, 61, 63, 65, 67, 68, 73, 74, 75, 76, 79, 81, 82, 83, 85, 87, 88, 92, 93, 95, 96, 99, 100, 101, 115, 116, 124, 134, 142, 161, 167, 169, 170, 186, 202, 240, 244, 254, 260, 267, 277, 300, 303, 307, 310, 322, 331, 376, 485, 491, 493, 495, 499, 503, 504, 506, 508, 515, 518, 519, 521, 524, 526, 528, 533, 537, 539, 542, 543, 547, 548, 549, 550, 551, 553, 554, 556, 558, 559, 563, 564, 566, 567, 570, 571, 572, 586, 587, 595, 605, 613, 633, 639, 640, 641, 657, 672, 704, 717, 726, 736, 759, 761, 765, 768, 780, 788, 792, 826]","[1, 13, 14, 29, 54, 55, 56, 57, 58, 60, 84, 85, 102, 118, 125, 127, 130, 134, 146, 149, 153, 175, 182, 187, 189, 191, 197, 225, 230, 238, 262, 264, 265, 266, 286, 302, 317, 336, 354, 379, 388, 389, 425, 454, 458, 463, 469, 475, 487, 498, 499, 512, 530, 531, 532, 533, 534, 536, 555, 556, 573, 589, 596, 598, 601, 605, 617, 620, 624, 646, 653, 658, 660, 662, 668, 689, 694, 702, 722, 724, 725, 745, 760, 775, 793, 809, 829, 838, 839, 877, 901, 903, 905, 910, 916, 923]","[1, 13, 14, 29, 54, 55, 56, 57, 58, 60, 102, 118, 125, 127, 130, 134, 146, 149, 153, 175, 182, 187, 189, 191, 197, 225, 230, 238, 264, 265, 266, 286, 302, 317, 336, 379, 388, 389, 425, 454, 458, 463, 475, 487, 498, 499, 512, 530, 531, 532, 533, 534, 536, 573, 589, 596, 598, 601, 605, 617, 620, 624, 646, 653, 658, 660, 662, 668, 689, 694, 702, 724, 725, 745, 760, 775, 793, 829, 838, 839, 877, 901, 903, 905, 910, 923]",5/6 successful match,True,"[577, 578, 579]",True,163,False,,1.0,True,Quik Chek Shell,Shell
Quartzsite ( 85359 ) Quik Chek Shell,928-927-5642 I-10 Exit 17 EB / 19 WB ( to AZ 95 ),24 S D,Quartzsite,85359,Quik Chek Shell,928-927-5642,2014,Quartzsite,AZ,Shell,( to AZ 95 ),I-10 Exit 17 EB / 19 WB ,Exit,17,False,,False,I-10,,19,,,"[555, 84]","[0, 73, 485, 547]","[0, 38, 73, 84, 485, 519, 547, 555]","[0, 38, 73, 143, 295, 392, 485, 519, 547, 614, 754, 842]","[0, 1, 2, 3, 4, 5, 6, 7, 8, 9, 10, 11, 12, 13, 14, 15, 16, 17, 18, 19, 20, 21, 22, 23, 24, 25, 26, 27, 28, 29, 30, 31, 32, 33, 34, 35, 36, 37, 38, 39, 40, 41, 42, 43, 44, 45, 46, 47, 48, 49, 50, 51, 52, 53, 54, 55, 56, 57, 58, 59, 60, 61, 62, 63, 64, 65, 66, 67, 68, 69, 70, 71, 72, 73, 74, 75, 76, 77, 78, 79, 80, 81, 82, 83, 84, 85, 86, 87, 88, 89, 90, 91, 92, 93, 94, 95, 96, 97, 98, 99, 100, 101, 102, 485, 486, 487, 488, 489, 490, 491, 492, 493, 494, 495, 496, 497, 498, 499, 500, 501, 502, 503, 504, 505, 506, 507, 508, 509, 510, 511, 512, 513, 514, 515, 516, 517, 518, 519, 520, 521, 522, 523, 524, 525, 526, 527, 528, 529, 530, 531, 532, 533, 534, 535, 536, 537, 538, 539, 540, 541, 542, 543, 544, 545, 546, 547, 548, 549, 550, 551, 552, 553, 554, 555, 556, 557, 558, 559, 560, 561, 562, 563, 564, 565, 566, 567, 568, 569, 570, 571, 572, 573]","[0, 5, 7, 10, 14, 19, 20, 22, 24, 32, 33, 34, 37, 38, 40, 44, 46, 48, 49, 51, 56, 61, 63, 65, 67, 68, 73, 74, 75, 76, 79, 81, 82, 83, 85, 87, 88, 92, 93, 95, 96, 99, 100, 101, 115, 116, 124, 134, 142, 161, 167, 169, 170, 186, 202, 240, 244, 254, 260, 267, 277, 300, 303, 307, 310, 322, 331, 376, 485, 491, 493, 495, 499, 503, 504, 506, 508, 515, 518, 519, 521, 524, 526, 528, 533, 537, 539, 542, 543, 547, 548, 549, 550, 551, 553, 554, 556, 558, 559, 563, 564, 566, 567, 570, 571, 572, 586, 587, 595, 605, 613, 633, 639, 640, 641, 657, 672, 704, 717, 726, 736, 759, 761, 765, 768, 780, 788, 792, 826]","[1, 13, 14, 29, 54, 55, 56, 57, 58, 60, 102, 118, 125, 127, 130, 134, 146, 149, 153, 175, 182, 187, 189, 191, 197, 225, 230, 238, 264, 265, 266, 286, 302, 317, 336, 379, 388, 389, 425, 454, 458, 463, 475, 487, 498, 499, 512, 530, 531, 532, 533, 534, 536, 573, 589, 596, 598, 601, 605, 617, 620, 624, 646, 653, 658, 660, 662, 668, 689, 694, 702, 724, 725, 745, 760, 775, 793, 829, 838, 839, 877, 901, 903, 905, 910, 923]","[1, 13, 14, 29, 54, 55, 56, 57, 58, 60, 84, 85, 102, 118, 125, 127, 130, 134, 146, 149, 153, 175, 182, 187, 189, 191, 197, 225, 230, 238, 262, 264, 265, 266, 286, 302, 317, 336, 354, 379, 388, 389, 425, 454, 458, 463, 469, 475, 487, 498, 499, 512, 530, 531, 532, 533, 534, 536, 555, 556, 573, 589, 596, 598, 601, 605, 617, 620, 624, 646, 653, 658, 660, 662, 668, 689, 694, 702, 722, 724, 725, 745, 760, 775, 793, 809, 829, 838, 839, 877, 901, 903, 905, 910, 916, 923]","[0, 1, 2, 3, 4, 5, 6, 7, 8, 9, 10, 11, 12, 13, 14, 15, 16, 17, 18, 19, 20, 21, 22, 23, 24, 25, 26, 27, 28, 29, 30, 31, 32, 33, 34, 35, 36, 37, 38, 39, 40, 41, 42, 43, 44, 45, 46, 47, 48, 49, 50, 51, 52, 53, 54, 55, 56, 57, 58, 59, 60, 61, 62, 63, 64, 65, 66, 67, 68, 69, 70, 71, 72, 73, 74, 75, 76, 77, 78, 79, 80, 81, 82, 83, 84, 85, 86, 87, 88, 89, 90, 91, 92, 93, 94, 95, 96, 97, 98, 99, 100, 101, 102, 115, 116, 118, 124, 125, 127, 130, 134, 142, 143, 146, 149, 153, 161, 167, 169, 170, 175, 182, 186, 187, 189, 191, 197, 202, 225, 230, 238, 240, 244, 254, 260, 262, 264, 265, 266, 267, 277, 286, 295, 300, 302, 303, 307, 310, 317, 322, 331, 336, 354, 376, 379, 388, 389, 392, 425, 454, 458, 463, 469, 475, 485, 486, 487, 488, 489, 490, 491, 492, 493, 494, 495, 496, 497, 498, 499, 500, 501, 502, 503, 504, 505, 506, 507, 508, 509, 510, 511, 512, 513, 514, 515, 516, 517, 518, 519, 520, 521, 522, 523, 524, 525, 526, 527, 528, 529, 530, 531, 532, 533, 534, 535, 536, 537, 538, 539, 540, 541, 542, 543, 544, 545, 546, 547, 548, 549, 550, 551, 552, 553, 554, 555, 556, 557, 558, 559, 560, 561, 562, 563, 564, 565, 566, 567, 568, 569, 570, 571, 572, 573, 586, 587, 589, 595, 596, 598, 601, 605, 613, 614, 617, 620, 624, 633, 639, 640, 641, 646, 653, 657, 658, 660, 662, 668, 672, 689, 694, 702, 704, 717, 722, 724, 725, 726, 736, 745, 754, 759, 760, 761, 765, 768, 775, 780, 788, 792, 793, 809, 826, 829, 838, 839, 842, 877, 901, 903, 905, 910, 916, 923]",True,"[0, 73, 485, 547]","[0, 1, 2, 3, 4, 5, 6, 7, 8, 9, 10, 11, 12, 13, 14, 15, 16, 17, 18, 19, 20, 21, 22, 23, 24, 25, 26, 27, 28, 29, 30, 31, 32, 33, 34, 35, 36, 37, 38, 39, 40, 41, 42, 43, 44, 45, 46, 47, 48, 49, 50, 51, 52, 53, 54, 55, 56, 57, 58, 59, 60, 61, 62, 63, 64, 65, 66, 67, 68, 69, 70, 71, 72, 73, 74, 75, 76, 77, 78, 79, 80, 81, 82, 83, 84, 85, 86, 87, 88, 89, 90, 91, 92, 93, 94, 95, 96, 97, 98, 99, 100, 101, 102, 485, 486, 487, 488, 489, 490, 491, 492, 493, 494, 495, 496, 497, 498, 499, 500, 501, 502, 503, 504, 505, 506, 507, 508, 509, 510, 511, 512, 513, 514, 515, 516, 517, 518, 519, 520, 521, 522, 523, 524, 525, 526, 527, 528, 529, 530, 531, 532, 533, 534, 535, 536, 537, 538, 539, 540, 541, 542, 543, 544, 545, 546, 547, 548, 549, 550, 551, 552, 553, 554, 555, 556, 557, 558, 559, 560, 561, 562, 563, 564, 565, 566, 567, 568, 569, 570, 571, 572, 573]","[0, 38, 73, 84, 485, 519, 547, 555]","[0, 38, 73, 143, 295, 392, 485, 519, 547, 614, 754, 842]","[0, 5, 7, 10, 14, 19, 20, 22, 24, 32, 33, 34, 37, 38, 40, 44, 46, 48, 49, 51, 56, 61, 63, 65, 67, 68, 73, 74, 75, 76, 79, 81, 82, 83, 85, 87, 88, 92, 93, 95, 96, 99, 100, 101, 115, 116, 124, 134, 142, 161, 167, 169, 170, 186, 202, 240, 244, 254, 260, 267, 277, 300, 303, 307, 310, 322, 331, 376, 485, 491, 493, 495, 499, 503, 504, 506, 508, 515, 518, 519, 521, 524, 526, 528, 533, 537, 539, 542, 543, 547, 548, 549, 550, 551, 553, 554, 556, 558, 559, 563, 564, 566, 567, 570, 571, 572, 586, 587, 595, 605, 613, 633, 639, 640, 641, 657, 672, 704, 717, 726, 736, 759, 761, 765, 768, 780, 788, 792, 826]","[1, 13, 14, 29, 54, 55, 56, 57, 58, 60, 84, 85, 102, 118, 125, 127, 130, 134, 146, 149, 153, 175, 182, 187, 189, 191, 197, 225, 230, 238, 262, 264, 265, 266, 286, 302, 317, 336, 354, 379, 388, 389, 425, 454, 458, 463, 469, 475, 487, 498, 499, 512, 530, 531, 532, 533, 534, 536, 555, 556, 573, 589, 596, 598, 601, 605, 617, 620, 624, 646, 653, 658, 660, 662, 668, 689, 694, 702, 722, 724, 725, 745, 760, 775, 793, 809, 829, 838, 839, 877, 901, 903, 905, 910, 916, 923]","[1, 13, 14, 29, 54, 55, 56, 57, 58, 60, 102, 118, 125, 127, 130, 134, 146, 149, 153, 175, 182, 187, 189, 191, 197, 225, 230, 238, 264, 265, 266, 286, 302, 317, 336, 379, 388, 389, 425, 454, 458, 463, 475, 487, 498, 499, 512, 530, 531, 532, 533, 534, 536, 573, 589, 596, 598, 601, 605, 617, 620, 624, 646, 653, 658, 660, 662, 668, 689, 694, 702, 724, 725, 745, 760, 775, 793, 829, 838, 839, 877, 901, 903, 905, 910, 923]",5/6 successful match,True,"[577, 578, 579]",True,163,False,,1.0,True,Quik Chek Shell,Shell
F Quartzsite ( 85359 ) Quik Chek Shell,928-927-5642 I-10 Exit 17 EB / 19 WB ( to AZ 95 ),0,Quartzsite,85359,Quik Chek Shell,928-927-5642,2015,Quartzsite,AZ,Shell,( to AZ 95 ),I-10 Exit 17 EB / 19 WB ,Exit,17,False,,False,I-10,,19,,,"[555, 84]","[0, 73, 485, 547]","[0, 38, 73, 84, 485, 519, 547, 555]","[0, 38, 73, 143, 295, 392, 485, 519, 547, 614, 754, 842]","[0, 1, 2, 3, 4, 5, 6, 7, 8, 9, 10, 11, 12, 13, 14, 15, 16, 17, 18, 19, 20, 21, 22, 23, 24, 25, 26, 27, 28, 29, 30, 31, 32, 33, 34, 35, 36, 37, 38, 39, 40, 41, 42, 43, 44, 45, 46, 47, 48, 49, 50, 51, 52, 53, 54, 55, 56, 57, 58, 59, 60, 61, 62, 63, 64, 65, 66, 67, 68, 69, 70, 71, 72, 73, 74, 75, 76, 77, 78, 79, 80, 81, 82, 83, 84, 85, 86, 87, 88, 89, 90, 91, 92, 93, 94, 95, 96, 97, 98, 99, 100, 101, 102, 485, 486, 487, 488, 489, 490, 491, 492, 493, 494, 495, 496, 497, 498, 499, 500, 501, 502, 503, 504, 505, 506, 507, 508, 509, 510, 511, 512, 513, 514, 515, 516, 517, 518, 519, 520, 521, 522, 523, 524, 525, 526, 527, 528, 529, 530, 531, 532, 533, 534, 535, 536, 537, 538, 539, 540, 541, 542, 543, 544, 545, 546, 547, 548, 549, 550, 551, 552, 553, 554, 555, 556, 557, 558, 559, 560, 561, 562, 563, 564, 565, 566, 567, 568, 569, 570, 571, 572, 573]","[0, 5, 7, 10, 14, 19, 20, 22, 24, 32, 33, 34, 37, 38, 40, 44, 46, 48, 49, 51, 56, 61, 63, 65, 67, 68, 73, 74, 75, 76, 79, 81, 82, 83, 85, 87, 88, 92, 93, 95, 96, 99, 100, 101, 115, 116, 124, 134, 142, 161, 167, 169, 170, 186, 202, 240, 244, 254, 260, 267, 277, 300, 303, 307, 310, 322, 331, 376, 485, 491, 493, 495, 499, 503, 504, 506, 508, 515, 518, 519, 521, 524, 526, 528, 533, 537, 539, 542, 543, 547, 548, 549, 550, 551, 553, 554, 556, 558, 559, 563, 564, 566, 567, 570, 571, 572, 586, 587, 595, 605, 613, 633, 639, 640, 641, 657, 672, 704, 717, 726, 736, 759, 761, 765, 768, 780, 788, 792, 826]","[1, 13, 14, 29, 54, 55, 56, 57, 58, 60, 102, 118, 125, 127, 130, 134, 146, 149, 153, 175, 182, 187, 189, 191, 197, 225, 230, 238, 264, 265, 266, 286, 302, 317, 336, 379, 388, 389, 425, 454, 458, 463, 475, 487, 498, 499, 512, 530, 531, 532, 533, 534, 536, 573, 589, 596, 598, 601, 605, 617, 620, 624, 646, 653, 658, 660, 662, 668, 689, 694, 702, 724, 725, 745, 760, 775, 793, 829, 838, 839, 877, 901, 903, 905, 910, 923]","[1, 13, 14, 29, 54, 55, 56, 57, 58, 60, 84, 85, 102, 118, 125, 127, 130, 134, 146, 149, 153, 175, 182, 187, 189, 191, 197, 225, 230, 238, 262, 264, 265, 266, 286, 302, 317, 336, 354, 379, 388, 389, 425, 454, 458, 463, 469, 475, 487, 498, 499, 512, 530, 531, 532, 533, 534, 536, 555, 556, 573, 589, 596, 598, 601, 605, 617, 620, 624, 646, 653, 658, 660, 662, 668, 689, 694, 702, 722, 724, 725, 745, 760, 775, 793, 809, 829, 838, 839, 877, 901, 903, 905, 910, 916, 923]","[0, 1, 2, 3, 4, 5, 6, 7, 8, 9, 10, 11, 12, 13, 14, 15, 16, 17, 18, 19, 20, 21, 22, 23, 24, 25, 26, 27, 28, 29, 30, 31, 32, 33, 34, 35, 36, 37, 38, 39, 40, 41, 42, 43, 44, 45, 46, 47, 48, 49, 50, 51, 52, 53, 54, 55, 56, 57, 58, 59, 60, 61, 62, 63, 64, 65, 66, 67, 68, 69, 70, 71, 72, 73, 74, 75, 76, 77, 78, 79, 80, 81, 82, 83, 84, 85, 86, 87, 88, 89, 90, 91, 92, 93, 94, 95, 96, 97, 98, 99, 100, 101, 102, 115, 116, 118, 124, 125, 127, 130, 134, 142, 143, 146, 149, 153, 161, 167, 169, 170, 175, 182, 186, 187, 189, 191, 197, 202, 225, 230, 238, 240, 244, 254, 260, 262, 264, 265, 266, 267, 277, 286, 295, 300, 302, 303, 307, 310, 317, 322, 331, 336, 354, 376, 379, 388, 389, 392, 425, 454, 458, 463, 469, 475, 485, 486, 487, 488, 489, 490, 491, 492, 493, 494, 495, 496, 497, 498, 499, 500, 501, 502, 503, 504, 505, 506, 507, 508, 509, 510, 511, 512, 513, 514, 515, 516, 517, 518, 519, 520, 521, 522, 523, 524, 525, 526, 527, 528, 529, 530, 531, 532, 533, 534, 535, 536, 537, 538, 539, 540, 541, 542, 543, 544, 545, 546, 547, 548, 549, 550, 551, 552, 553, 554, 555, 556, 557, 558, 559, 560, 561, 562, 563, 564, 565, 566, 567, 568, 569, 570, 571, 572, 573, 586, 587, 589, 595, 596, 598, 601, 605, 613, 614, 617, 620, 624, 633, 639, 640, 641, 646, 653, 657, 658, 660, 662, 668, 672, 689, 694, 702, 704, 717, 722, 724, 725, 726, 736, 745, 754, 759, 760, 761, 765, 768, 775, 780, 788, 792, 793, 809, 826, 829, 838, 839, 842, 877, 901, 903, 905, 910, 916, 923]",True,"[0, 73, 485, 547]","[0, 1, 2, 3, 4, 5, 6, 7, 8, 9, 10, 11, 12, 13, 14, 15, 16, 17, 18, 19, 20, 21, 22, 23, 24, 25, 26, 27, 28, 29, 30, 31, 32, 33, 34, 35, 36, 37, 38, 39, 40, 41, 42, 43, 44, 45, 46, 47, 48, 49, 50, 51, 52, 53, 54, 55, 56, 57, 58, 59, 60, 61, 62, 63, 64, 65, 66, 67, 68, 69, 70, 71, 72, 73, 74, 75, 76, 77, 78, 79, 80, 81, 82, 83, 84, 85, 86, 87, 88, 89, 90, 91, 92, 93, 94, 95, 96, 97, 98, 99, 100, 101, 102, 485, 486, 487, 488, 489, 490, 491, 492, 493, 494, 495, 496, 497, 498, 499, 500, 501, 502, 503, 504, 505, 506, 507, 508, 509, 510, 511, 512, 513, 514, 515, 516, 517, 518, 519, 520, 521, 522, 523, 524, 525, 526, 527, 528, 529, 530, 531, 532, 533, 534, 535, 536, 537, 538, 539, 540, 541, 542, 543, 544, 545, 546, 547, 548, 549, 550, 551, 552, 553, 554, 555, 556, 557, 558, 559, 560, 561, 562, 563, 564, 565, 566, 567, 568, 569, 570, 571, 572, 573]","[0, 38, 73, 84, 485, 519, 547, 555]","[0, 38, 73, 143, 295, 392, 485, 519, 547, 614, 754, 842]","[0, 5, 7, 10, 14, 19, 20, 22, 24, 32, 33, 34, 37, 38, 40, 44, 46, 48, 49, 51, 56, 61, 63, 65, 67, 68, 73, 74, 75, 76, 79, 81, 82, 83, 85, 87, 88, 92, 93, 95, 96, 99, 100, 101, 115, 116, 124, 134, 142, 161, 167, 169, 170, 186, 202, 240, 244, 254, 260, 267, 277, 300, 303, 307, 310, 322, 331, 376, 485, 491, 493, 495, 499, 503, 504, 506, 508, 515, 518, 519, 521, 524, 526, 528, 533, 537, 539, 542, 543, 547, 548, 549, 550, 551, 553, 554, 556, 558, 559, 563, 564, 566, 567, 570, 571, 572, 586, 587, 595, 605, 613, 633, 639, 640, 641, 657, 672, 704, 717, 726, 736, 759, 761, 765, 768, 780, 788, 792, 826]","[1, 13, 14, 29, 54, 55, 56, 57, 58, 60, 84, 85, 102, 118, 125, 127, 130, 134, 146, 149, 153, 175, 182, 187, 189, 191, 197, 225, 230, 238, 262, 264, 265, 266, 286, 302, 317, 336, 354, 379, 388, 389, 425, 454, 458, 463, 469, 475, 487, 498, 499, 512, 530, 531, 532, 533, 534, 536, 555, 556, 573, 589, 596, 598, 601, 605, 617, 620, 624, 646, 653, 658, 660, 662, 668, 689, 694, 702, 722, 724, 725, 745, 760, 775, 793, 809, 829, 838, 839, 877, 901, 903, 905, 910, 916, 923]","[1, 13, 14, 29, 54, 55, 56, 57, 58, 60, 102, 118, 125, 127, 130, 134, 146, 149, 153, 175, 182, 187, 189, 191, 197, 225, 230, 238, 264, 265, 266, 286, 302, 317, 336, 379, 388, 389, 425, 454, 458, 463, 475, 487, 498, 499, 512, 530, 531, 532, 533, 534, 536, 573, 589, 596, 598, 601, 605, 617, 620, 624, 646, 653, 658, 660, 662, 668, 689, 694, 702, 724, 725, 745, 760, 775, 793, 829, 838, 839, 877, 901, 903, 905, 910, 923]",5/6 successful match,True,"[577, 578, 579]",True,163,False,,1.0,True,Quik Chek Shell,Shell
Quartzsite ( 85359 ) Quik Chek 76,928-927-5642 I-10 Exit 17 EB / 19 WB ( to AZ 95 ),1 <U+25A1> D <U+25A1> <U+25A1>,Quartzsite,85359,Quik Chek 76,928-927-5642,2016,Quartzsite,AZ,,( to AZ 95 ),I-10 Exit 17 EB / 19 WB ,Exit,17,False,,False,I-10,,19,,,"[555, 84]","[0, 73, 485, 547]","[0, 38, 73, 84, 485, 519, 547, 555]","[0, 38, 73, 143, 295, 392, 485, 519, 547, 614, 754, 842]","[0, 1, 2, 3, 4, 5, 6, 7, 8, 9, 10, 11, 12, 13, 14, 15, 16, 17, 18, 19, 20, 21, 22, 23, 24, 25, 26, 27, 28, 29, 30, 31, 32, 33, 34, 35, 36, 37, 38, 39, 40, 41, 42, 43, 44, 45, 46, 47, 48, 49, 50, 51, 52, 53, 54, 55, 56, 57, 58, 59, 60, 61, 62, 63, 64, 65, 66, 67, 68, 69, 70, 71, 72, 73, 74, 75, 76, 77, 78, 79, 80, 81, 82, 83, 84, 85, 86, 87, 88, 89, 90, 91, 92, 93, 94, 95, 96, 97, 98, 99, 100, 101, 102, 485, 486, 487, 488, 489, 490, 491, 492, 493, 494, 495, 496, 497, 498, 499, 500, 501, 502, 503, 504, 505, 506, 507, 508, 509, 510, 511, 512, 513, 514, 515, 516, 517, 518, 519, 520, 521, 522, 523, 524, 525, 526, 527, 528, 529, 530, 531, 532, 533, 534, 535, 536, 537, 538, 539, 540, 541, 542, 543, 544, 545, 546, 547, 548, 549, 550, 551, 552, 553, 554, 555, 556, 557, 558, 559, 560, 561, 562, 563, 564, 565, 566, 567, 568, 569, 570, 571, 572, 573]","[0, 5, 7, 10, 14, 19, 20, 22, 24, 32, 33, 34, 37, 38, 40, 44, 46, 48, 49, 51, 56, 61, 63, 65, 67, 68, 73, 74, 75, 76, 79, 81, 82, 83, 85, 87, 88, 92, 93, 95, 96, 99, 100, 101, 115, 116, 124, 134, 142, 161, 167, 169, 170, 186, 202, 240, 244, 254, 260, 267, 277, 300, 303, 307, 310, 322, 331, 376, 485, 491, 493, 495, 499, 503, 504, 506, 508, 515, 518, 519, 521, 524, 526, 528, 533, 537, 539, 542, 543, 547, 548, 549, 550, 551, 553, 554, 556, 558, 559, 563, 564, 566, 567, 570, 571, 572, 586, 587, 595, 605, 613, 633, 639, 640, 641, 657, 672, 704, 717, 726, 736, 759, 761, 765, 768, 780, 788, 792, 826]",[],"[84, 85, 87, 89, 114, 115, 117, 124, 132, 135, 144, 152, 178, 239, 262, 268, 281, 297, 318, 320, 327, 348, 394, 469, 555, 556, 558, 560, 585, 586, 588, 595, 603, 606, 615, 623, 649, 703, 722, 727, 740, 756, 776, 778, 785, 803, 844, 916]","[0, 1, 2, 3, 4, 5, 6, 519, 7, 8, 9, 10, 11, 12, 13, 14, 15, 16, 17, 18, 19, 20, 21, 22, 23, 24, 25, 26, 27, 28, 29, 30, 31, 32, 33, 547, 34, 35, 38, 36, 37, 39, 40, 555, 41, 42, 43, 44, 45, 46, 47, 48, 49, 50, 51, 52, 53, 54, 55, 56, 57, 58, 59, 60, 61, 62, 63, 64, 65, 66, 67, 68, 69, 73, 70, 71, 72, 74, 75, 76, 77, 78, 79, 80, 84, 81, 82, 83, 85, 86, 87, 88, 89, 90, 91, 92, 93, 94, 95, 96, 97, 98, 614, 99, 100, 101, 102, 529, 530, 613, 615, 513, 531, 623, 114, 115, 116, 532, 117, 633, 533, 124, 534, 639, 640, 641, 535, 132, 134, 135, 514, 536, 649, 537, 143, 142, 657, 144, 538, 539, 152, 540, 672, 515, 541, 161, 542, 167, 169, 170, 543, 544, 178, 545, 516, 186, 546, 703, 704, 548, 202, 549, 717, 550, 722, 517, 551, 726, 727, 552, 553, 736, 554, 740, 518, 556, 239, 240, 754, 557, 244, 756, 759, 558, 761, 559, 254, 765, 768, 560, 260, 262, 561, 776, 778, 267, 562, 780, 268, 563, 785, 788, 277, 564, 792, 281, 565, 520, 566, 803, 567, 295, 297, 568, 300, 569, 303, 307, 570, 310, 521, 571, 826, 572, 318, 320, 322, 573, 327, 842, 331, 844, 522, 348, 523, 376, 528, 585, 524, 586, 392, 587, 394, 606, 588, 916, 525, 512, 595, 526, 527, 469, 603, 605, 485, 486, 487, 488, 489, 490, 491, 492, 493, 494, 495, 496, 497, 498, 499, 500, 501, 502, 503, 504, 505, 506, 507, 508, 509, 510, 511]",True,"[0, 73, 485, 547]","[0, 1, 2, 3, 4, 5, 6, 7, 8, 9, 10, 11, 12, 13, 14, 15, 16, 17, 18, 19, 20, 21, 22, 23, 24, 25, 26, 27, 28, 29, 30, 31, 32, 33, 34, 35, 36, 37, 38, 39, 40, 41, 42, 43, 44, 45, 46, 47, 48, 49, 50, 51, 52, 53, 54, 55, 56, 57, 58, 59, 60, 61, 62, 63, 64, 65, 66, 67, 68, 69, 70, 71, 72, 73, 74, 75, 76, 77, 78, 79, 80, 81, 82, 83, 84, 85, 86, 87, 88, 89, 90, 91, 92, 93, 94, 95, 96, 97, 98, 99, 100, 101, 102, 485, 486, 487, 488, 489, 490, 491, 492, 493, 494, 495, 496, 497, 498, 499, 500, 501, 502, 503, 504, 505, 506, 507, 508, 509, 510, 511, 512, 513, 514, 515, 516, 517, 518, 519, 520, 521, 522, 523, 524, 525, 526, 527, 528, 529, 530, 531, 532, 533, 534, 535, 536, 537, 538, 539, 540, 541, 542, 543, 544, 545, 546, 547, 548, 549, 550, 551, 552, 553, 554, 555, 556, 557, 558, 559, 560, 561, 562, 563, 564, 565, 566, 567, 568, 569, 570, 571, 572, 573]","[0, 38, 73, 84, 485, 519, 547, 555]","[0, 38, 73, 143, 295, 392, 485, 519, 547, 614, 754, 842]","[0, 5, 7, 10, 14, 19, 20, 22, 24, 32, 33, 34, 37, 38, 40, 44, 46, 48, 49, 51, 56, 61, 63, 65, 67, 68, 73, 74, 75, 76, 79, 81, 82, 83, 85, 87, 88, 92, 93, 95, 96, 99, 100, 101, 115, 116, 124, 134, 142, 161, 167, 169, 170, 186, 202, 240, 244, 254, 260, 267, 277, 300, 303, 307, 310, 322, 331, 376, 485, 491, 493, 495, 499, 503, 504, 506, 508, 515, 518, 519, 521, 524, 526, 528, 533, 537, 539, 542, 543, 547, 548, 549, 550, 551, 553, 554, 556, 558, 559, 563, 564, 566, 567, 570, 571, 572, 586, 587, 595, 605, 613, 633, 639, 640, 641, 657, 672, 704, 717, 726, 736, 759, 761, 765, 768, 780, 788, 792, 826]","[84, 85, 87, 89, 114, 115, 117, 124, 132, 135, 144, 152, 178, 239, 262, 268, 281, 297, 318, 320, 327, 348, 394, 469, 555, 556, 558, 560, 585, 586, 588, 595, 603, 606, 615, 623, 649, 703, 722, 727, 740, 756, 776, 778, 785, 803, 844, 916]",[],5/6 successful match,True,"[577, 578, 579]",True,163,False,,0.9888888888888889,True,Quik Chek Shell,Shell
"F Quartzsite , 85359 Pilot Travel Center # 328",928-927-7777 I-10 Exit 17 ( Business Loop ),FRS 24 XL O O,Quartzsite,85359,Pilot Travel Center # 328,928-927-7777,2006,Quartzsite,AZ,Pilot,( Business Loop ),I-10 Exit 17 ,Exit,17,False,,False,I-10,,,,,"[73, 547]","[0, 73, 485, 547]","[0, 38, 73, 84, 485, 519, 547, 555]","[38, 73, 143, 295, 519, 547, 614, 754]","[0, 1, 2, 3, 4, 5, 6, 7, 8, 9, 10, 11, 12, 13, 14, 15, 16, 17, 18, 19, 20, 21, 22, 23, 24, 25, 26, 27, 28, 29, 30, 31, 32, 33, 34, 35, 36, 37, 38, 39, 40, 41, 42, 43, 44, 45, 46, 47, 48, 49, 50, 51, 52, 53, 54, 55, 56, 57, 58, 59, 60, 61, 62, 63, 64, 65, 66, 67, 68, 69, 70, 71, 72, 73, 74, 75, 76, 77, 78, 79, 80, 81, 82, 83, 84, 85, 86, 87, 88, 89, 90, 91, 92, 93, 94, 95, 96, 97, 98, 99, 100, 101, 102, 485, 486, 487, 488, 489, 490, 491, 492, 493, 494, 495, 496, 497, 498, 499, 500, 501, 502, 503, 504, 505, 506, 507, 508, 509, 510, 511, 512, 513, 514, 515, 516, 517, 518, 519, 520, 521, 522, 523, 524, 525, 526, 527, 528, 529, 530, 531, 532, 533, 534, 535, 536, 537, 538, 539, 540, 541, 542, 543, 544, 545, 546, 547, 548, 549, 550, 551, 552, 553, 554, 555, 556, 557, 558, 559, 560, 561, 562, 563, 564, 565, 566, 567, 568, 569, 570, 571, 572, 573]","[0, 5, 7, 10, 14, 19, 20, 22, 24, 32, 33, 34, 37, 38, 40, 44, 46, 48, 49, 51, 56, 61, 63, 65, 67, 68, 73, 74, 75, 76, 79, 81, 82, 83, 85, 87, 88, 92, 93, 95, 96, 99, 100, 101, 115, 116, 124, 134, 142, 161, 167, 169, 170, 186, 202, 240, 244, 254, 260, 267, 277, 300, 303, 307, 310, 322, 331, 376, 485, 491, 493, 495, 499, 503, 504, 506, 508, 515, 518, 519, 521, 524, 526, 528, 533, 537, 539, 542, 543, 547, 548, 549, 550, 551, 553, 554, 556, 558, 559, 563, 564, 566, 567, 570, 571, 572, 586, 587, 595, 605, 613, 633, 639, 640, 641, 657, 672, 704, 717, 726, 736, 759, 761, 765, 768, 780, 788, 792, 826]","[15, 16, 65, 66, 67, 68, 69, 70, 71, 72, 73, 74, 75, 76, 80, 151, 245, 246, 247, 248, 249, 250, 251, 252, 253, 254, 255, 256, 257, 258, 259, 280, 340, 373, 374, 375, 376, 377, 459, 460, 461, 462, 500, 501, 539, 540, 541, 542, 543, 544, 545, 546, 547, 548, 549, 550, 552, 622, 708, 709, 710, 711, 712, 713, 714, 715, 716, 717, 718, 719, 720, 739, 796, 823, 824, 825, 826, 827, 906, 907, 908, 909]","[15, 16, 40, 65, 66, 67, 68, 69, 70, 71, 72, 73, 74, 75, 76, 77, 78, 80, 151, 244, 245, 246, 247, 248, 249, 250, 251, 252, 253, 254, 255, 256, 257, 258, 259, 260, 280, 340, 373, 374, 375, 376, 377, 459, 460, 461, 462, 500, 501, 521, 539, 540, 541, 542, 543, 544, 545, 546, 547, 548, 549, 550, 552, 622, 708, 709, 710, 711, 712, 713, 714, 715, 716, 717, 718, 719, 720, 739, 796, 823, 824, 825, 826, 827, 906, 907, 908, 909]","[0, 1, 2, 3, 4, 5, 6, 519, 7, 8, 9, 10, 11, 12, 13, 14, 15, 16, 17, 18, 19, 20, 21, 22, 23, 24, 25, 26, 27, 28, 29, 30, 31, 32, 33, 547, 34, 35, 38, 36, 37, 39, 40, 555, 41, 42, 43, 44, 45, 46, 47, 48, 49, 50, 51, 52, 53, 54, 55, 56, 57, 58, 59, 60, 61, 62, 63, 64, 65, 66, 67, 68, 69, 73, 70, 71, 72, 74, 75, 76, 77, 78, 79, 80, 84, 81, 82, 83, 85, 86, 87, 88, 89, 90, 91, 92, 93, 94, 95, 96, 97, 98, 614, 99, 100, 101, 102, 529, 530, 613, 622, 513, 531, 115, 116, 532, 633, 533, 124, 534, 639, 640, 641, 535, 134, 514, 536, 537, 143, 142, 657, 538, 151, 539, 540, 672, 515, 541, 161, 542, 167, 169, 170, 543, 544, 545, 516, 186, 546, 704, 708, 709, 548, 710, 711, 712, 202, 549, 713, 717, 714, 715, 550, 716, 718, 517, 719, 551, 726, 720, 552, 553, 736, 739, 554, 518, 556, 240, 754, 557, 244, 245, 246, 759, 558, 761, 247, 248, 249, 559, 254, 765, 768, 250, 560, 251, 260, 252, 253, 561, 255, 256, 257, 267, 562, 780, 563, 258, 788, 277, 564, 792, 259, 280, 565, 796, 520, 566, 567, 295, 568, 300, 569, 303, 307, 570, 310, 521, 823, 571, 826, 824, 825, 827, 572, 322, 573, 331, 522, 340, 523, 373, 374, 375, 376, 377, 528, 524, 586, 587, 906, 907, 908, 909, 525, 512, 595, 526, 459, 460, 527, 461, 462, 605, 485, 486, 487, 488, 489, 490, 491, 492, 493, 494, 495, 496, 497, 498, 499, 500, 501, 502, 503, 504, 505, 506, 507, 508, 509, 510, 511]",True,"[0, 73, 485, 547]","[0, 1, 2, 3, 4, 5, 6, 7, 8, 9, 10, 11, 12, 13, 14, 15, 16, 17, 18, 19, 20, 21, 22, 23, 24, 25, 26, 27, 28, 29, 30, 31, 32, 33, 34, 35, 36, 37, 38, 39, 40, 41, 42, 43, 44, 45, 46, 47, 48, 49, 50, 51, 52, 53, 54, 55, 56, 57, 58, 59, 60, 61, 62, 63, 64, 65, 66, 67, 68, 69, 70, 71, 72, 73, 74, 75, 76, 77, 78, 79, 80, 81, 82, 83, 84, 85, 86, 87, 88, 89, 90, 91, 92, 93, 94, 95, 96, 97, 98, 99, 100, 101, 102, 485, 486, 487, 488, 489, 490, 491, 492, 493, 494, 495, 496, 497, 498, 499, 500, 501, 502, 503, 504, 505, 506, 507, 508, 509, 510, 511, 512, 513, 514, 515, 516, 517, 518, 519, 520, 521, 522, 523, 524, 525, 526, 527, 528, 529, 530, 531, 532, 533, 534, 535, 536, 537, 538, 539, 540, 541, 542, 543, 544, 545, 546, 547, 548, 549, 550, 551, 552, 553, 554, 555, 556, 557, 558, 559, 560, 561, 562, 563, 564, 565, 566, 567, 568, 569, 570, 571, 572, 573]","[0, 38, 73, 84, 485, 519, 547, 555]","[38, 73, 143, 295, 519, 547, 614, 754]","[0, 5, 7, 10, 14, 19, 20, 22, 24, 32, 33, 34, 37, 38, 40, 44, 46, 48, 49, 51, 56, 61, 63, 65, 67, 68, 73, 74, 75, 76, 79, 81, 82, 83, 85, 87, 88, 92, 93, 95, 96, 99, 100, 101, 115, 116, 124, 134, 142, 161, 167, 169, 170, 186, 202, 240, 244, 254, 260, 267, 277, 300, 303, 307, 310, 322, 331, 376, 485, 491, 493, 495, 499, 503, 504, 506, 508, 515, 518, 519, 521, 524, 526, 528, 533, 537, 539, 542, 543, 547, 548, 549, 550, 551, 553, 554, 556, 558, 559, 563, 564, 566, 567, 570, 571, 572, 586, 587, 595, 605, 613, 633, 639, 640, 641, 657, 672, 704, 717, 726, 736, 759, 761, 765, 768, 780, 788, 792, 826]","[15, 16, 40, 65, 66, 67, 68, 69, 70, 71, 72, 73, 74, 75, 76, 77, 78, 80, 151, 244, 245, 246, 247, 248, 249, 250, 251, 252, 253, 254, 255, 256, 257, 258, 259, 260, 280, 340, 373, 374, 375, 376, 377, 459, 460, 461, 462, 500, 501, 521, 539, 540, 541, 542, 543, 544, 545, 546, 547, 548, 549, 550, 552, 622, 708, 709, 710, 711, 712, 713, 714, 715, 716, 717, 718, 719, 720, 739, 796, 823, 824, 825, 826, 827, 906, 907, 908, 909]","[15, 16, 65, 66, 67, 68, 69, 70, 71, 72, 73, 74, 75, 76, 80, 151, 245, 246, 247, 248, 249, 250, 251, 252, 253, 254, 255, 256, 257, 258, 259, 280, 340, 373, 374, 375, 376, 377, 459, 460, 461, 462, 500, 501, 539, 540, 541, 542, 543, 544, 545, 546, 547, 548, 549, 550, 552, 622, 708, 709, 710, 711, 712, 713, 714, 715, 716, 717, 718, 719, 720, 739, 796, 823, 824, 825, 826, 827, 906, 907, 908, 909]",7/6 successful match,True,"[718, 719, 720, 721]",True,164,False,,,,,
"F Quartzsite , 85359 Pilot Travel Center # 328",928-927-7777 I-10 Exit 17 ( Business Loop ),24 HRS L,Quartzsite,85359,Pilot Travel Center # 328,928-927-7777,2007,Quartzsite,AZ,Pilot,( Business Loop ),I-10 Exit 17 ,Exit,17,False,,False,I-10,,,,,"[73, 547]","[0, 73, 485, 547]","[0, 38, 73, 84, 485, 519, 547, 555]","[38, 73, 143, 295, 519, 547, 614, 754]","[0, 1, 2, 3, 4, 5, 6, 7, 8, 9, 10, 11, 12, 13, 14, 15, 16, 17, 18, 19, 20, 21, 22, 23, 24, 25, 26, 27, 28, 29, 30, 31, 32, 33, 34, 35, 36, 37, 38, 39, 40, 41, 42, 43, 44, 45, 46, 47, 48, 49, 50, 51, 52, 53, 54, 55, 56, 57, 58, 59, 60, 61, 62, 63, 64, 65, 66, 67, 68, 69, 70, 71, 72, 73, 74, 75, 76, 77, 78, 79, 80, 81, 82, 83, 84, 85, 86, 87, 88, 89, 90, 91, 92, 93, 94, 95, 96, 97, 98, 99, 100, 101, 102, 485, 486, 487, 488, 489, 490, 491, 492, 493, 494, 495, 496, 497, 498, 499, 500, 501, 502, 503, 504, 505, 506, 507, 508, 509, 510, 511, 512, 513, 514, 515, 516, 517, 518, 519, 520, 521, 522, 523, 524, 525, 526, 527, 528, 529, 530, 531, 532, 533, 534, 535, 536, 537, 538, 539, 540, 541, 542, 543, 544, 545, 546, 547, 548, 549, 550, 551, 552, 553, 554, 555, 556, 557, 558, 559, 560, 561, 562, 563, 564, 565, 566, 567, 568, 569, 570, 571, 572, 573]","[0, 5, 7, 10, 14, 19, 20, 22, 24, 32, 33, 34, 37, 38, 40, 44, 46, 48, 49, 51, 56, 61, 63, 65, 67, 68, 73, 74, 75, 76, 79, 81, 82, 83, 85, 87, 88, 92, 93, 95, 96, 99, 100, 101, 115, 116, 124, 134, 142, 161, 167, 169, 170, 186, 202, 240, 244, 254, 260, 267, 277, 300, 303, 307, 310, 322, 331, 376, 485, 491, 493, 495, 499, 503, 504, 506, 508, 515, 518, 519, 521, 524, 526, 528, 533, 537, 539, 542, 543, 547, 548, 549, 550, 551, 553, 554, 556, 558, 559, 563, 564, 566, 567, 570, 571, 572, 586, 587, 595, 605, 613, 633, 639, 640, 641, 657, 672, 704, 717, 726, 736, 759, 761, 765, 768, 780, 788, 792, 826]","[15, 16, 65, 66, 67, 68, 69, 70, 71, 72, 73, 74, 75, 76, 80, 151, 245, 246, 247, 248, 249, 250, 251, 252, 253, 254, 255, 256, 257, 258, 259, 280, 340, 373, 374, 375, 376, 377, 459, 460, 461, 462, 500, 501, 539, 540, 541, 542, 543, 544, 545, 546, 547, 548, 549, 550, 552, 622, 708, 709, 710, 711, 712, 713, 714, 715, 716, 717, 718, 719, 720, 739, 796, 823, 824, 825, 826, 827, 906, 907, 908, 909]","[15, 16, 40, 65, 66, 67, 68, 69, 70, 71, 72, 73, 74, 75, 76, 77, 78, 80, 151, 244, 245, 246, 247, 248, 249, 250, 251, 252, 253, 254, 255, 256, 257, 258, 259, 260, 280, 340, 373, 374, 375, 376, 377, 459, 460, 461, 462, 500, 501, 521, 539, 540, 541, 542, 543, 544, 545, 546, 547, 548, 549, 550, 552, 622, 708, 709, 710, 711, 712, 713, 714, 715, 716, 717, 718, 719, 720, 739, 796, 823, 824, 825, 826, 827, 906, 907, 908, 909]","[0, 1, 2, 3, 4, 5, 6, 519, 7, 8, 9, 10, 11, 12, 13, 14, 15, 16, 17, 18, 19, 20, 21, 22, 23, 24, 25, 26, 27, 28, 29, 30, 31, 32, 33, 547, 34, 35, 38, 36, 37, 39, 40, 555, 41, 42, 43, 44, 45, 46, 47, 48, 49, 50, 51, 52, 53, 54, 55, 56, 57, 58, 59, 60, 61, 62, 63, 64, 65, 66, 67, 68, 69, 73, 70, 71, 72, 74, 75, 76, 77, 78, 79, 80, 84, 81, 82, 83, 85, 86, 87, 88, 89, 90, 91, 92, 93, 94, 95, 96, 97, 98, 614, 99, 100, 101, 102, 529, 530, 613, 622, 513, 531, 115, 116, 532, 633, 533, 124, 534, 639, 640, 641, 535, 134, 514, 536, 537, 143, 142, 657, 538, 151, 539, 540, 672, 515, 541, 161, 542, 167, 169, 170, 543, 544, 545, 516, 186, 546, 704, 708, 709, 548, 710, 711, 712, 202, 549, 713, 717, 714, 715, 550, 716, 718, 517, 719, 551, 726, 720, 552, 553, 736, 739, 554, 518, 556, 240, 754, 557, 244, 245, 246, 759, 558, 761, 247, 248, 249, 559, 254, 765, 768, 250, 560, 251, 260, 252, 253, 561, 255, 256, 257, 267, 562, 780, 563, 258, 788, 277, 564, 792, 259, 280, 565, 796, 520, 566, 567, 295, 568, 300, 569, 303, 307, 570, 310, 521, 823, 571, 826, 824, 825, 827, 572, 322, 573, 331, 522, 340, 523, 373, 374, 375, 376, 377, 528, 524, 586, 587, 906, 907, 908, 909, 525, 512, 595, 526, 459, 460, 527, 461, 462, 605, 485, 486, 487, 488, 489, 490, 491, 492, 493, 494, 495, 496, 497, 498, 499, 500, 501, 502, 503, 504, 505, 506, 507, 508, 509, 510, 511]",True,"[0, 73, 485, 547]","[0, 1, 2, 3, 4, 5, 6, 7, 8, 9, 10, 11, 12, 13, 14, 15, 16, 17, 18, 19, 20, 21, 22, 23, 24, 25, 26, 27, 28, 29, 30, 31, 32, 33, 34, 35, 36, 37, 38, 39, 40, 41, 42, 43, 44, 45, 46, 47, 48, 49, 50, 51, 52, 53, 54, 55, 56, 57, 58, 59, 60, 61, 62, 63, 64, 65, 66, 67, 68, 69, 70, 71, 72, 73, 74, 75, 76, 77, 78, 79, 80, 81, 82, 83, 84, 85, 86, 87, 88, 89, 90, 91, 92, 93, 94, 95, 96, 97, 98, 99, 100, 101, 102, 485, 486, 487, 488, 489, 490, 491, 492, 493, 494, 495, 496, 497, 498, 499, 500, 501, 502, 503, 504, 505, 506, 507, 508, 509, 510, 511, 512, 513, 514, 515, 516, 517, 518, 519, 520, 521, 522, 523, 524, 525, 526, 527, 528, 529, 530, 531, 532, 533, 534, 535, 536, 537, 538, 539, 540, 541, 542, 543, 544, 545, 546, 547, 548, 549, 550, 551, 552, 553, 554, 555, 556, 557, 558, 559, 560, 561, 562, 563, 564, 565, 566, 567, 568, 569, 570, 571, 572, 573]","[0, 38, 73, 84, 485, 519, 547, 555]","[38, 73, 143, 295, 519, 547, 614, 754]","[0, 5, 7, 10, 14, 19, 20, 22, 24, 32, 33, 34, 37, 38, 40, 44, 46, 48, 49, 51, 56, 61, 63, 65, 67, 68, 73, 74, 75, 76, 79, 81, 82, 83, 85, 87, 88, 92, 93, 95, 96, 99, 100, 101, 115, 116, 124, 134, 142, 161, 167, 169, 170, 186, 202, 240, 244, 254, 260, 267, 277, 300, 303, 307, 310, 322, 331, 376, 485, 491, 493, 495, 499, 503, 504, 506, 508, 515, 518, 519, 521, 524, 526, 528, 533, 537, 539, 542, 543, 547, 548, 549, 550, 551, 553, 554, 556, 558, 559, 563, 564, 566, 567, 570, 571, 572, 586, 587, 595, 605, 613, 633, 639, 640, 641, 657, 672, 704, 717, 726, 736, 759, 761, 765, 768, 780, 788, 792, 826]","[15, 16, 40, 65, 66, 67, 68, 69, 70, 71, 72, 73, 74, 75, 76, 77, 78, 80, 151, 244, 245, 246, 247, 248, 249, 250, 251, 252, 253, 254, 255, 256, 257, 258, 259, 260, 280, 340, 373, 374, 375, 376, 377, 459, 460, 461, 462, 500, 501, 521, 539, 540, 541, 542, 543, 544, 545, 546, 547, 548, 549, 550, 552, 622, 708, 709, 710, 711, 712, 713, 714, 715, 716, 717, 718, 719, 720, 739, 796, 823, 824, 825, 826, 827, 906, 907, 908, 909]","[15, 16, 65, 66, 67, 68, 69, 70, 71, 72, 73, 74, 75, 76, 80, 151, 245, 246, 247, 248, 249, 250, 251, 252, 253, 254, 255, 256, 257, 258, 259, 280, 340, 373, 374, 375, 376, 377, 459, 460, 461, 462, 500, 501, 539, 540, 541, 542, 543, 544, 545, 546, 547, 548, 549, 550, 552, 622, 708, 709, 710, 711, 712, 713, 714, 715, 716, 717, 718, 719, 720, 739, 796, 823, 824, 825, 826, 827, 906, 907, 908, 909]",7/6 successful match,True,"[718, 719, 720, 721]",True,164,False,,1.0,True,Pilot Travel Center # 328,Pilot
"Quartzsite , 85359 Pilot Travel Center # 328",928-927-7777 I-10 Exit 17 ( Business Loop ),HRS 24,Quartzsite,85359,Pilot Travel Center # 328,928-927-7777,2008,Quartzsite,AZ,Pilot,( Business Loop ),I-10 Exit 17 ,Exit,17,False,,False,I-10,,,,,"[73, 547]","[0, 73, 485, 547]","[0, 38, 73, 84, 485, 519, 547, 555]","[38, 73, 143, 295, 519, 547, 614, 754]","[0, 1, 2, 3, 4, 5, 6, 7, 8, 9, 10, 11, 12, 13, 14, 15, 16, 17, 18, 19, 20, 21, 22, 23, 24, 25, 26, 27, 28, 29, 30, 31, 32, 33, 34, 35, 36, 37, 38, 39, 40, 41, 42, 43, 44, 45, 46, 47, 48, 49, 50, 51, 52, 53, 54, 55, 56, 57, 58, 59, 60, 61, 62, 63, 64, 65, 66, 67, 68, 69, 70, 71, 72, 73, 74, 75, 76, 77, 78, 79, 80, 81, 82, 83, 84, 85, 86, 87, 88, 89, 90, 91, 92, 93, 94, 95, 96, 97, 98, 99, 100, 101, 102, 485, 486, 487, 488, 489, 490, 491, 492, 493, 494, 495, 496, 497, 498, 499, 500, 501, 502, 503, 504, 505, 506, 507, 508, 509, 510, 511, 512, 513, 514, 515, 516, 517, 518, 519, 520, 521, 522, 523, 524, 525, 526, 527, 528, 529, 530, 531, 532, 533, 534, 535, 536, 537, 538, 539, 540, 541, 542, 543, 544, 545, 546, 547, 548, 549, 550, 551, 552, 553, 554, 555, 556, 557, 558, 559, 560, 561, 562, 563, 564, 565, 566, 567, 568, 569, 570, 571, 572, 573]","[0, 5, 7, 10, 14, 19, 20, 22, 24, 32, 33, 34, 37, 38, 40, 44, 46, 48, 49, 51, 56, 61, 63, 65, 67, 68, 73, 74, 75, 76, 79, 81, 82, 83, 85, 87, 88, 92, 93, 95, 96, 99, 100, 101, 115, 116, 124, 134, 142, 161, 167, 169, 170, 186, 202, 240, 244, 254, 260, 267, 277, 300, 303, 307, 310, 322, 331, 376, 485, 491, 493, 495, 499, 503, 504, 506, 508, 515, 518, 519, 521, 524, 526, 528, 533, 537, 539, 542, 543, 547, 548, 549, 550, 551, 553, 554, 556, 558, 559, 563, 564, 566, 567, 570, 571, 572, 586, 587, 595, 605, 613, 633, 639, 640, 641, 657, 672, 704, 717, 726, 736, 759, 761, 765, 768, 780, 788, 792, 826]","[15, 16, 65, 66, 67, 68, 69, 70, 71, 72, 73, 74, 75, 76, 80, 151, 245, 246, 247, 248, 249, 250, 251, 252, 253, 254, 255, 256, 257, 258, 259, 280, 340, 373, 374, 375, 376, 377, 459, 460, 461, 462, 500, 501, 539, 540, 541, 542, 543, 544, 545, 546, 547, 548, 549, 550, 552, 622, 708, 709, 710, 711, 712, 713, 714, 715, 716, 717, 718, 719, 720, 739, 796, 823, 824, 825, 826, 827, 906, 907, 908, 909]","[15, 16, 40, 65, 66, 67, 68, 69, 70, 71, 72, 73, 74, 75, 76, 77, 78, 80, 151, 244, 245, 246, 247, 248, 249, 250, 251, 252, 253, 254, 255, 256, 257, 258, 259, 260, 280, 340, 373, 374, 375, 376, 377, 459, 460, 461, 462, 500, 501, 521, 539, 540, 541, 542, 543, 544, 545, 546, 547, 548, 549, 550, 552, 622, 708, 709, 710, 711, 712, 713, 714, 715, 716, 717, 718, 719, 720, 739, 796, 823, 824, 825, 826, 827, 906, 907, 908, 909]","[0, 1, 2, 3, 4, 5, 6, 519, 7, 8, 9, 10, 11, 12, 13, 14, 15, 16, 17, 18, 19, 20, 21, 22, 23, 24, 25, 26, 27, 28, 29, 30, 31, 32, 33, 547, 34, 35, 38, 36, 37, 39, 40, 555, 41, 42, 43, 44, 45, 46, 47, 48, 49, 50, 51, 52, 53, 54, 55, 56, 57, 58, 59, 60, 61, 62, 63, 64, 65, 66, 67, 68, 69, 73, 70, 71, 72, 74, 75, 76, 77, 78, 79, 80, 84, 81, 82, 83, 85, 86, 87, 88, 89, 90, 91, 92, 93, 94, 95, 96, 97, 98, 614, 99, 100, 101, 102, 529, 530, 613, 622, 513, 531, 115, 116, 532, 633, 533, 124, 534, 639, 640, 641, 535, 134, 514, 536, 537, 143, 142, 657, 538, 151, 539, 540, 672, 515, 541, 161, 542, 167, 169, 170, 543, 544, 545, 516, 186, 546, 704, 708, 709, 548, 710, 711, 712, 202, 549, 713, 717, 714, 715, 550, 716, 718, 517, 719, 551, 726, 720, 552, 553, 736, 739, 554, 518, 556, 240, 754, 557, 244, 245, 246, 759, 558, 761, 247, 248, 249, 559, 254, 765, 768, 250, 560, 251, 260, 252, 253, 561, 255, 256, 257, 267, 562, 780, 563, 258, 788, 277, 564, 792, 259, 280, 565, 796, 520, 566, 567, 295, 568, 300, 569, 303, 307, 570, 310, 521, 823, 571, 826, 824, 825, 827, 572, 322, 573, 331, 522, 340, 523, 373, 374, 375, 376, 377, 528, 524, 586, 587, 906, 907, 908, 909, 525, 512, 595, 526, 459, 460, 527, 461, 462, 605, 485, 486, 487, 488, 489, 490, 491, 492, 493, 494, 495, 496, 497, 498, 499, 500, 501, 502, 503, 504, 505, 506, 507, 508, 509, 510, 511]",True,"[0, 73, 485, 547]","[0, 1, 2, 3, 4, 5, 6, 7, 8, 9, 10, 11, 12, 13, 14, 15, 16, 17, 18, 19, 20, 21, 22, 23, 24, 25, 26, 27, 28, 29, 30, 31, 32, 33, 34, 35, 36, 37, 38, 39, 40, 41, 42, 43, 44, 45, 46, 47, 48, 49, 50, 51, 52, 53, 54, 55, 56, 57, 58, 59, 60, 61, 62, 63, 64, 65, 66, 67, 68, 69, 70, 71, 72, 73, 74, 75, 76, 77, 78, 79, 80, 81, 82, 83, 84, 85, 86, 87, 88, 89, 90, 91, 92, 93, 94, 95, 96, 97, 98, 99, 100, 101, 102, 485, 486, 487, 488, 489, 490, 491, 492, 493, 494, 495, 496, 497, 498, 499, 500, 501, 502, 503, 504, 505, 506, 507, 508, 509, 510, 511, 512, 513, 514, 515, 516, 517, 518, 519, 520, 521, 522, 523, 524, 525, 526, 527, 528, 529, 530, 531, 532, 533, 534, 535, 536, 537, 538, 539, 540, 541, 542, 543, 544, 545, 546, 547, 548, 549, 550, 551, 552, 553, 554, 555, 556, 557, 558, 559, 560, 561, 562, 563, 564, 565, 566, 567, 568, 569, 570, 571, 572, 573]","[0, 38, 73, 84, 485, 519, 547, 555]","[38, 73, 143, 295, 519, 547, 614, 754]","[0, 5, 7, 10, 14, 19, 20, 22, 24, 32, 33, 34, 37, 38, 40, 44, 46, 48, 49, 51, 56, 61, 63, 65, 67, 68, 73, 74, 75, 76, 79, 81, 82, 83, 85, 87, 88, 92, 93, 95, 96, 99, 100, 101, 115, 116, 124, 134, 142, 161, 167, 169, 170, 186, 202, 240, 244, 254, 260, 267, 277, 300, 303, 307, 310, 322, 331, 376, 485, 491, 493, 495, 499, 503, 504, 506, 508, 515, 518, 519, 521, 524, 526, 528, 533, 537, 539, 542, 543, 547, 548, 549, 550, 551, 553, 554, 556, 558, 559, 563, 564, 566, 567, 570, 571, 572, 586, 587, 595, 605, 613, 633, 639, 640, 641, 657, 672, 704, 717, 726, 736, 759, 761, 765, 768, 780, 788, 792, 826]","[15, 16, 40, 65, 66, 67, 68, 69, 70, 71, 72, 73, 74, 75, 76, 77, 78, 80, 151, 244, 245, 246, 247, 248, 249, 250, 251, 252, 253, 254, 255, 256, 257, 258, 259, 260, 280, 340, 373, 374, 375, 376, 377, 459, 460, 461, 462, 500, 501, 521, 539, 540, 541, 542, 543, 544, 545, 546, 547, 548, 549, 550, 552, 622, 708, 709, 710, 711, 712, 713, 714, 715, 716, 717, 718, 719, 720, 739, 796, 823, 824, 825, 826, 827, 906, 907, 908, 909]","[15, 16, 65, 66, 67, 68, 69, 70, 71, 72, 73, 74, 75, 76, 80, 151, 245, 246, 247, 248, 249, 250, 251, 252, 253, 254, 255, 256, 257, 258, 259, 280, 340, 373, 374, 375, 376, 377, 459, 460, 461, 462, 500, 501, 539, 540, 541, 542, 543, 544, 545, 546, 547, 548, 549, 550, 552, 622, 708, 709, 710, 711, 712, 713, 714, 715, 716, 717, 718, 719, 720, 739, 796, 823, 824, 825, 826, 827, 906, 907, 908, 909]",7/6 successful match,True,"[718, 719, 720, 721]",True,164,False,,1.0,True,Pilot Travel Center # 328,Pilot
F Quartzsite ( 85359 ) Pilot Travel Center # 328,928-927-7777 I-10 Exit 17 ( Business Loop ),24,Quartzsite,85359,Pilot Travel Center # 328,928-927-7777,2014,Quartzsite,AZ,Pilot,( Business Loop ),I-10 Exit 17 ,Exit,17,False,,False,I-10,,,,,"[73, 547]","[0, 73, 485, 547]","[0, 38, 73, 84, 485, 519, 547, 555]","[38, 73, 143, 295, 519, 547, 614, 754]","[0, 1, 2, 3, 4, 5, 6, 7, 8, 9, 10, 11, 12, 13, 14, 15, 16, 17, 18, 19, 20, 21, 22, 23, 24, 25, 26, 27, 28, 29, 30, 31, 32, 33, 34, 35, 36, 37, 38, 39, 40, 41, 42, 43, 44, 45, 46, 47, 48, 49, 50, 51, 52, 53, 54, 55, 56, 57, 58, 59, 60, 61, 62, 63, 64, 65, 66, 67, 68, 69, 70, 71, 72, 73, 74, 75, 76, 77, 78, 79, 80, 81, 82, 83, 84, 85, 86, 87, 88, 89, 90, 91, 92, 93, 94, 95, 96, 97, 98, 99, 100, 101, 102, 485, 486, 487, 488, 489, 490, 491, 492, 493, 494, 495, 496, 497, 498, 499, 500, 501, 502, 503, 504, 505, 506, 507, 508, 509, 510, 511, 512, 513, 514, 515, 516, 517, 518, 519, 520, 521, 522, 523, 524, 525, 526, 527, 528, 529, 530, 531, 532, 533, 534, 535, 536, 537, 538, 539, 540, 541, 542, 543, 544, 545, 546, 547, 548, 549, 550, 551, 552, 553, 554, 555, 556, 557, 558, 559, 560, 561, 562, 563, 564, 565, 566, 567, 568, 569, 570, 571, 572, 573]","[0, 5, 7, 10, 14, 19, 20, 22, 24, 32, 33, 34, 37, 38, 40, 44, 46, 48, 49, 51, 56, 61, 63, 65, 67, 68, 73, 74, 75, 76, 79, 81, 82, 83, 85, 87, 88, 92, 93, 95, 96, 99, 100, 101, 115, 116, 124, 134, 142, 161, 167, 169, 170, 186, 202, 240, 244, 254, 260, 267, 277, 300, 303, 307, 310, 322, 331, 376, 485, 491, 493, 495, 499, 503, 504, 506, 508, 515, 518, 519, 521, 524, 526, 528, 533, 537, 539, 542, 543, 547, 548, 549, 550, 551, 553, 554, 556, 558, 559, 563, 564, 566, 567, 570, 571, 572, 586, 587, 595, 605, 613, 633, 639, 640, 641, 657, 672, 704, 717, 726, 736, 759, 761, 765, 768, 780, 788, 792, 826]","[15, 16, 65, 66, 67, 68, 69, 70, 71, 72, 73, 74, 75, 76, 80, 151, 245, 246, 247, 248, 249, 250, 251, 252, 253, 254, 255, 256, 257, 258, 259, 280, 340, 373, 374, 375, 376, 377, 459, 460, 461, 462, 500, 501, 539, 540, 541, 542, 543, 544, 545, 546, 547, 548, 549, 550, 552, 622, 708, 709, 710, 711, 712, 713, 714, 715, 716, 717, 718, 719, 720, 739, 796, 823, 824, 825, 826, 827, 906, 907, 908, 909]","[15, 16, 40, 65, 66, 67, 68, 69, 70, 71, 72, 73, 74, 75, 76, 77, 78, 80, 151, 244, 245, 246, 247, 248, 249, 250, 251, 252, 253, 254, 255, 256, 257, 258, 259, 260, 280, 340, 373, 374, 375, 376, 377, 459, 460, 461, 462, 500, 501, 521, 539, 540, 541, 542, 543, 544, 545, 546, 547, 548, 549, 550, 552, 622, 708, 709, 710, 711, 712, 713, 714, 715, 716, 717, 718, 719, 720, 739, 796, 823, 824, 825, 826, 827, 906, 907, 908, 909]","[0, 1, 2, 3, 4, 5, 6, 519, 7, 8, 9, 10, 11, 12, 13, 14, 15, 16, 17, 18, 19, 20, 21, 22, 23, 24, 25, 26, 27, 28, 29, 30, 31, 32, 33, 547, 34, 35, 38, 36, 37, 39, 40, 555, 41, 42, 43, 44, 45, 46, 47, 48, 49, 50, 51, 52, 53, 54, 55, 56, 57, 58, 59, 60, 61, 62, 63, 64, 65, 66, 67, 68, 69, 73, 70, 71, 72, 74, 75, 76, 77, 78, 79, 80, 84, 81, 82, 83, 85, 86, 87, 88, 89, 90, 91, 92, 93, 94, 95, 96, 97, 98, 614, 99, 100, 101, 102, 529, 530, 613, 622, 513, 531, 115, 116, 532, 633, 533, 124, 534, 639, 640, 641, 535, 134, 514, 536, 537, 143, 142, 657, 538, 151, 539, 540, 672, 515, 541, 161, 542, 167, 169, 170, 543, 544, 545, 516, 186, 546, 704, 708, 709, 548, 710, 711, 712, 202, 549, 713, 717, 714, 715, 550, 716, 718, 517, 719, 551, 726, 720, 552, 553, 736, 739, 554, 518, 556, 240, 754, 557, 244, 245, 246, 759, 558, 761, 247, 248, 249, 559, 254, 765, 768, 250, 560, 251, 260, 252, 253, 561, 255, 256, 257, 267, 562, 780, 563, 258, 788, 277, 564, 792, 259, 280, 565, 796, 520, 566, 567, 295, 568, 300, 569, 303, 307, 570, 310, 521, 823, 571, 826, 824, 825, 827, 572, 322, 573, 331, 522, 340, 523, 373, 374, 375, 376, 377, 528, 524, 586, 587, 906, 907, 908, 909, 525, 512, 595, 526, 459, 460, 527, 461, 462, 605, 485, 486, 487, 488, 489, 490, 491, 492, 493, 494, 495, 496, 497, 498, 499, 500, 501, 502, 503, 504, 505, 506, 507, 508, 509, 510, 511]",True,"[0, 73, 485, 547]","[0, 1, 2, 3, 4, 5, 6, 7, 8, 9, 10, 11, 12, 13, 14, 15, 16, 17, 18, 19, 20, 21, 22, 23, 24, 25, 26, 27, 28, 29, 30, 31, 32, 33, 34, 35, 36, 37, 38, 39, 40, 41, 42, 43, 44, 45, 46, 47, 48, 49, 50, 51, 52, 53, 54, 55, 56, 57, 58, 59, 60, 61, 62, 63, 64, 65, 66, 67, 68, 69, 70, 71, 72, 73, 74, 75, 76, 77, 78, 79, 80, 81, 82, 83, 84, 85, 86, 87, 88, 89, 90, 91, 92, 93, 94, 95, 96, 97, 98, 99, 100, 101, 102, 485, 486, 487, 488, 489, 490, 491, 492, 493, 494, 495, 496, 497, 498, 499, 500, 501, 502, 503, 504, 505, 506, 507, 508, 509, 510, 511, 512, 513, 514, 515, 516, 517, 518, 519, 520, 521, 522, 523, 524, 525, 526, 527, 528, 529, 530, 531, 532, 533, 534, 535, 536, 537, 538, 539, 540, 541, 542, 543, 544, 545, 546, 547, 548, 549, 550, 551, 552, 553, 554, 555, 556, 557, 558, 559, 560, 561, 562, 563, 564, 565, 566, 567, 568, 569, 570, 571, 572, 573]","[0, 38, 73, 84, 485, 519, 547, 555]","[38, 73, 143, 295, 519, 547, 614, 754]","[0, 5, 7, 10, 14, 19, 20, 22, 24, 32, 33, 34, 37, 38, 40, 44, 46, 48, 49, 51, 56, 61, 63, 65, 67, 68, 73, 74, 75, 76, 79, 81, 82, 83, 85, 87, 88, 92, 93, 95, 96, 99, 100, 101, 115, 116, 124, 134, 142, 161, 167, 169, 170, 186, 202, 240, 244, 254, 260, 267, 277, 300, 303, 307, 310, 322, 331, 376, 485, 491, 493, 495, 499, 503, 504, 506, 508, 515, 518, 519, 521, 524, 526, 528, 533, 537, 539, 542, 543, 547, 548, 549, 550, 551, 553, 554, 556, 558, 559, 563, 564, 566, 567, 570, 571, 572, 586, 587, 595, 605, 613, 633, 639, 640, 641, 657, 672, 704, 717, 726, 736, 759, 761, 765, 768, 780, 788, 792, 826]","[15, 16, 40, 65, 66, 67, 68, 69, 70, 71, 72, 73, 74, 75, 76, 77, 78, 80, 151, 244, 245, 246, 247, 248, 249, 250, 251, 252, 253, 254, 255, 256, 257, 258, 259, 260, 280, 340, 373, 374, 375, 376, 377, 459, 460, 461, 462, 500, 501, 521, 539, 540, 541, 542, 543, 544, 545, 546, 547, 548, 549, 550, 552, 622, 708, 709, 710, 711, 712, 713, 714, 715, 716, 717, 718, 719, 720, 739, 796, 823, 824, 825, 826, 827, 906, 907, 908, 909]","[15, 16, 65, 66, 67, 68, 69, 70, 71, 72, 73, 74, 75, 76, 80, 151, 245, 246, 247, 248, 249, 250, 251, 252, 253, 254, 255, 256, 257, 258, 259, 280, 340, 373, 374, 375, 376, 377, 459, 460, 461, 462, 500, 501, 539, 540, 541, 542, 543, 544, 545, 546, 547, 548, 549, 550, 552, 622, 708, 709, 710, 711, 712, 713, 714, 715, 716, 717, 718, 719, 720, 739, 796, 823, 824, 825, 826, 827, 906, 907, 908, 909]",7/6 successful match,True,"[718, 719, 720, 721]",True,164,False,,1.0,True,Pilot Travel Center # 328,Pilot
Quartzsite ( 85359 ) Pilot Travel Center # 328,928-927-7777 I-10 Exit 17 ( Business Loop ),Pilot 24 <U+2610>,Quartzsite,85359,Pilot Travel Center # 328,928-927-7777,2015,Quartzsite,AZ,Pilot,( Business Loop ),I-10 Exit 17 ,Exit,17,False,,False,I-10,,,,,"[73, 547]","[0, 73, 485, 547]","[0, 38, 73, 84, 485, 519, 547, 555]","[38, 73, 143, 295, 519, 547, 614, 754]","[0, 1, 2, 3, 4, 5, 6, 7, 8, 9, 10, 11, 12, 13, 14, 15, 16, 17, 18, 19, 20, 21, 22, 23, 24, 25, 26, 27, 28, 29, 30, 31, 32, 33, 34, 35, 36, 37, 38, 39, 40, 41, 42, 43, 44, 45, 46, 47, 48, 49, 50, 51, 52, 53, 54, 55, 56, 57, 58, 59, 60, 61, 62, 63, 64, 65, 66, 67, 68, 69, 70, 71, 72, 73, 74, 75, 76, 77, 78, 79, 80, 81, 82, 83, 84, 85, 86, 87, 88, 89, 90, 91, 92, 93, 94, 95, 96, 97, 98, 99, 100, 101, 102, 485, 486, 487, 488, 489, 490, 491, 492, 493, 494, 495, 496, 497, 498, 499, 500, 501, 502, 503, 504, 505, 506, 507, 508, 509, 510, 511, 512, 513, 514, 515, 516, 517, 518, 519, 520, 521, 522, 523, 524, 525, 526, 527, 528, 529, 530, 531, 532, 533, 534, 535, 536, 537, 538, 539, 540, 541, 542, 543, 544, 545, 546, 547, 548, 549, 550, 551, 552, 553, 554, 555, 556, 557, 558, 559, 560, 561, 562, 563, 564, 565, 566, 567, 568, 569, 570, 571, 572, 573]","[0, 5, 7, 10, 14, 19, 20, 22, 24, 32, 33, 34, 37, 38, 40, 44, 46, 48, 49, 51, 56, 61, 63, 65, 67, 68, 73, 74, 75, 76, 79, 81, 82, 83, 85, 87, 88, 92, 93, 95, 96, 99, 100, 101, 115, 116, 124, 134, 142, 161, 167, 169, 170, 186, 202, 240, 244, 254, 260, 267, 277, 300, 303, 307, 310, 322, 331, 376, 485, 491, 493, 495, 499, 503, 504, 506, 508, 515, 518, 519, 521, 524, 526, 528, 533, 537, 539, 542, 543, 547, 548, 549, 550, 551, 553, 554, 556, 558, 559, 563, 564, 566, 567, 570, 571, 572, 586, 587, 595, 605, 613, 633, 639, 640, 641, 657, 672, 704, 717, 726, 736, 759, 761, 765, 768, 780, 788, 792, 826]","[15, 16, 65, 66, 67, 68, 69, 70, 71, 72, 73, 74, 75, 76, 80, 151, 245, 246, 247, 248, 249, 250, 251, 252, 253, 254, 255, 256, 257, 258, 259, 280, 340, 373, 374, 375, 376, 377, 459, 460, 461, 462, 500, 501, 539, 540, 541, 542, 543, 544, 545, 546, 547, 548, 549, 550, 552, 622, 708, 709, 710, 711, 712, 713, 714, 715, 716, 717, 718, 719, 720, 739, 796, 823, 824, 825, 826, 827, 906, 907, 908, 909]","[15, 16, 40, 65, 66, 67, 68, 69, 70, 71, 72, 73, 74, 75, 76, 77, 78, 80, 151, 244, 245, 246, 247, 248, 249, 250, 251, 252, 253, 254, 255, 256, 257, 258, 259, 260, 280, 340, 373, 374, 375, 376, 377, 459, 460, 461, 462, 500, 501, 521, 539, 540, 541, 542, 543, 544, 545, 546, 547, 548, 549, 550, 552, 622, 708, 709, 710, 711, 712, 713, 714, 715, 716, 717, 718, 719, 720, 739, 796, 823, 824, 825, 826, 827, 906, 907, 908, 909]","[0, 1, 2, 3, 4, 5, 6, 519, 7, 8, 9, 10, 11, 12, 13, 14, 15, 16, 17, 18, 19, 20, 21, 22, 23, 24, 25, 26, 27, 28, 29, 30, 31, 32, 33, 547, 34, 35, 38, 36, 37, 39, 40, 555, 41, 42, 43, 44, 45, 46, 47, 48, 49, 50, 51, 52, 53, 54, 55, 56, 57, 58, 59, 60, 61, 62, 63, 64, 65, 66, 67, 68, 69, 73, 70, 71, 72, 74, 75, 76, 77, 78, 79, 80, 84, 81, 82, 83, 85, 86, 87, 88, 89, 90, 91, 92, 93, 94, 95, 96, 97, 98, 614, 99, 100, 101, 102, 529, 530, 613, 622, 513, 531, 115, 116, 532, 633, 533, 124, 534, 639, 640, 641, 535, 134, 514, 536, 537, 143, 142, 657, 538, 151, 539, 540, 672, 515, 541, 161, 542, 167, 169, 170, 543, 544, 545, 516, 186, 546, 704, 708, 709, 548, 710, 711, 712, 202, 549, 713, 717, 714, 715, 550, 716, 718, 517, 719, 551, 726, 720, 552, 553, 736, 739, 554, 518, 556, 240, 754, 557, 244, 245, 246, 759, 558, 761, 247, 248, 249, 559, 254, 765, 768, 250, 560, 251, 260, 252, 253, 561, 255, 256, 257, 267, 562, 780, 563, 258, 788, 277, 564, 792, 259, 280, 565, 796, 520, 566, 567, 295, 568, 300, 569, 303, 307, 570, 310, 521, 823, 571, 826, 824, 825, 827, 572, 322, 573, 331, 522, 340, 523, 373, 374, 375, 376, 377, 528, 524, 586, 587, 906, 907, 908, 909, 525, 512, 595, 526, 459, 460, 527, 461, 462, 605, 485, 486, 487, 488, 489, 490, 491, 492, 493, 494, 495, 496, 497, 498, 499, 500, 501, 502, 503, 504, 505, 506, 507, 508, 509, 510, 511]",True,"[0, 73, 485, 547]","[0, 1, 2, 3, 4, 5, 6, 7, 8, 9, 10, 11, 12, 13, 14, 15, 16, 17, 18, 19, 20, 21, 22, 23, 24, 25, 26, 27, 28, 29, 30, 31, 32, 33, 34, 35, 36, 37, 38, 39, 40, 41, 42, 43, 44, 45, 46, 47, 48, 49, 50, 51, 52, 53, 54, 55, 56, 57, 58, 59, 60, 61, 62, 63, 64, 65, 66, 67, 68, 69, 70, 71, 72, 73, 74, 75, 76, 77, 78, 79, 80, 81, 82, 83, 84, 85, 86, 87, 88, 89, 90, 91, 92, 93, 94, 95, 96, 97, 98, 99, 100, 101, 102, 485, 486, 487, 488, 489, 490, 491, 492, 493, 494, 495, 496, 497, 498, 499, 500, 501, 502, 503, 504, 505, 506, 507, 508, 509, 510, 511, 512, 513, 514, 515, 516, 517, 518, 519, 520, 521, 522, 523, 524, 525, 526, 527, 528, 529, 530, 531, 532, 533, 534, 535, 536, 537, 538, 539, 540, 541, 542, 543, 544, 545, 546, 547, 548, 549, 550, 551, 552, 553, 554, 555, 556, 557, 558, 559, 560, 561, 562, 563, 564, 565, 566, 567, 568, 569, 570, 571, 572, 573]","[0, 38, 73, 84, 485, 519, 547, 555]","[38, 73, 143, 295, 519, 547, 614, 754]","[0, 5, 7, 10, 14, 19, 20, 22, 24, 32, 33, 34, 37, 38, 40, 44, 46, 48, 49, 51, 56, 61, 63, 65, 67, 68, 73, 74, 75, 76, 79, 81, 82, 83, 85, 87, 88, 92, 93, 95, 96, 99, 100, 101, 115, 116, 124, 134, 142, 161, 167, 169, 170, 186, 202, 240, 244, 254, 260, 267, 277, 300, 303, 307, 310, 322, 331, 376, 485, 491, 493, 495, 499, 503, 504, 506, 508, 515, 518, 519, 521, 524, 526, 528, 533, 537, 539, 542, 543, 547, 548, 549, 550, 551, 553, 554, 556, 558, 559, 563, 564, 566, 567, 570, 571, 572, 586, 587, 595, 605, 613, 633, 639, 640, 641, 657, 672, 704, 717, 726, 736, 759, 761, 765, 768, 780, 788, 792, 826]","[15, 16, 40, 65, 66, 67, 68, 69, 70, 71, 72, 73, 74, 75, 76, 77, 78, 80, 151, 244, 245, 246, 247, 248, 249, 250, 251, 252, 253, 254, 255, 256, 257, 258, 259, 260, 280, 340, 373, 374, 375, 376, 377, 459, 460, 461, 462, 500, 501, 521, 539, 540, 541, 542, 543, 544, 545, 546, 547, 548, 549, 550, 552, 622, 708, 709, 710, 711, 712, 713, 714, 715, 716, 717, 718, 719, 720, 739, 796, 823, 824, 825, 826, 827, 906, 907, 908, 909]","[15, 16, 65, 66, 67, 68, 69, 70, 71, 72, 73, 74, 75, 76, 80, 151, 245, 246, 247, 248, 249, 250, 251, 252, 253, 254, 255, 256, 257, 258, 259, 280, 340, 373, 374, 375, 376, 377, 459, 460, 461, 462, 500, 501, 539, 540, 541, 542, 543, 544, 545, 546, 547, 548, 549, 550, 552, 622, 708, 709, 710, 711, 712, 713, 714, 715, 716, 717, 718, 719, 720, 739, 796, 823, 824, 825, 826, 827, 906, 907, 908, 909]",7/6 successful match,True,"[718, 719, 720, 721]",True,164,False,,1.0,True,Pilot Travel Center # 328,Pilot
Quartzsite ( 85359 ) Pilot Travel Center # 328 Pilot,928-927-7777 I-10 Exit 17 ( Business Loop ),24 <U+2610> <U+25A1> 24,Quartzsite,85359,Pilot Travel Center # 328 Pilot,928-927-7777,2016,Quartzsite,AZ,Pilot,( Business Loop ),I-10 Exit 17 ,Exit,17,False,,False,I-10,,,,,"[73, 547]","[0, 73, 485, 547]","[0, 38, 73, 84, 485, 519, 547, 555]","[38, 73, 143, 295, 519, 547, 614, 754]","[0, 1, 2, 3, 4, 5, 6, 7, 8, 9, 10, 11, 12, 13, 14, 15, 16, 17, 18, 19, 20, 21, 22, 23, 24, 25, 26, 27, 28, 29, 30, 31, 32, 33, 34, 35, 36, 37, 38, 39, 40, 41, 42, 43, 44, 45, 46, 47, 48, 49, 50, 51, 52, 53, 54, 55, 56, 57, 58, 59, 60, 61, 62, 63, 64, 65, 66, 67, 68, 69, 70, 71, 72, 73, 74, 75, 76, 77, 78, 79, 80, 81, 82, 83, 84, 85, 86, 87, 88, 89, 90, 91, 92, 93, 94, 95, 96, 97, 98, 99, 100, 101, 102, 485, 486, 487, 488, 489, 490, 491, 492, 493, 494, 495, 496, 497, 498, 499, 500, 501, 502, 503, 504, 505, 506, 507, 508, 509, 510, 511, 512, 513, 514, 515, 516, 517, 518, 519, 520, 521, 522, 523, 524, 525, 526, 527, 528, 529, 530, 531, 532, 533, 534, 535, 536, 537, 538, 539, 540, 541, 542, 543, 544, 545, 546, 547, 548, 549, 550, 551, 552, 553, 554, 555, 556, 557, 558, 559, 560, 561, 562, 563, 564, 565, 566, 567, 568, 569, 570, 571, 572, 573]","[0, 5, 7, 10, 14, 19, 20, 22, 24, 32, 33, 34, 37, 38, 40, 44, 46, 48, 49, 51, 56, 61, 63, 65, 67, 68, 73, 74, 75, 76, 79, 81, 82, 83, 85, 87, 88, 92, 93, 95, 96, 99, 100, 101, 115, 116, 124, 134, 142, 161, 167, 169, 170, 186, 202, 240, 244, 254, 260, 267, 277, 300, 303, 307, 310, 322, 331, 376, 485, 491, 493, 495, 499, 503, 504, 506, 508, 515, 518, 519, 521, 524, 526, 528, 533, 537, 539, 542, 543, 547, 548, 549, 550, 551, 553, 554, 556, 558, 559, 563, 564, 566, 567, 570, 571, 572, 586, 587, 595, 605, 613, 633, 639, 640, 641, 657, 672, 704, 717, 726, 736, 759, 761, 765, 768, 780, 788, 792, 826]","[15, 16, 65, 66, 67, 68, 69, 70, 71, 72, 73, 74, 75, 76, 80, 151, 245, 246, 247, 248, 249, 250, 251, 252, 253, 254, 255, 256, 257, 258, 259, 280, 340, 373, 374, 375, 376, 377, 459, 460, 461, 462, 500, 501, 539, 540, 541, 542, 543, 544, 545, 546, 547, 548, 549, 550, 552, 622, 708, 709, 710, 711, 712, 713, 714, 715, 716, 717, 718, 719, 720, 739, 796, 823, 824, 825, 826, 827, 906, 907, 908, 909]","[15, 16, 40, 65, 66, 67, 68, 69, 70, 71, 72, 73, 74, 75, 76, 77, 78, 80, 151, 244, 245, 246, 247, 248, 249, 250, 251, 252, 253, 254, 255, 256, 257, 258, 259, 260, 280, 340, 373, 374, 375, 376, 377, 459, 460, 461, 462, 500, 501, 521, 539, 540, 541, 542, 543, 544, 545, 546, 547, 548, 549, 550, 552, 622, 708, 709, 710, 711, 712, 713, 714, 715, 716, 717, 718, 719, 720, 739, 796, 823, 824, 825, 826, 827, 906, 907, 908, 909]","[0, 1, 2, 3, 4, 5, 6, 519, 7, 8, 9, 10, 11, 12, 13, 14, 15, 16, 17, 18, 19, 20, 21, 22, 23, 24, 25, 26, 27, 28, 29, 30, 31, 32, 33, 547, 34, 35, 38, 36, 37, 39, 40, 555, 41, 42, 43, 44, 45, 46, 47, 48, 49, 50, 51, 52, 53, 54, 55, 56, 57, 58, 59, 60, 61, 62, 63, 64, 65, 66, 67, 68, 69, 73, 70, 71, 72, 74, 75, 76, 77, 78, 79, 80, 84, 81, 82, 83, 85, 86, 87, 88, 89, 90, 91, 92, 93, 94, 95, 96, 97, 98, 614, 99, 100, 101, 102, 529, 530, 613, 622, 513, 531, 115, 116, 532, 633, 533, 124, 534, 639, 640, 641, 535, 134, 514, 536, 537, 143, 142, 657, 538, 151, 539, 540, 672, 515, 541, 161, 542, 167, 169, 170, 543, 544, 545, 516, 186, 546, 704, 708, 709, 548, 710, 711, 712, 202, 549, 713, 717, 714, 715, 550, 716, 718, 517, 719, 551, 726, 720, 552, 553, 736, 739, 554, 518, 556, 240, 754, 557, 244, 245, 246, 759, 558, 761, 247, 248, 249, 559, 254, 765, 768, 250, 560, 251, 260, 252, 253, 561, 255, 256, 257, 267, 562, 780, 563, 258, 788, 277, 564, 792, 259, 280, 565, 796, 520, 566, 567, 295, 568, 300, 569, 303, 307, 570, 310, 521, 823, 571, 826, 824, 825, 827, 572, 322, 573, 331, 522, 340, 523, 373, 374, 375, 376, 377, 528, 524, 586, 587, 906, 907, 908, 909, 525, 512, 595, 526, 459, 460, 527, 461, 462, 605, 485, 486, 487, 488, 489, 490, 491, 492, 493, 494, 495, 496, 497, 498, 499, 500, 501, 502, 503, 504, 505, 506, 507, 508, 509, 510, 511]",True,"[0, 73, 485, 547]","[0, 1, 2, 3, 4, 5, 6, 7, 8, 9, 10, 11, 12, 13, 14, 15, 16, 17, 18, 19, 20, 21, 22, 23, 24, 25, 26, 27, 28, 29, 30, 31, 32, 33, 34, 35, 36, 37, 38, 39, 40, 41, 42, 43, 44, 45, 46, 47, 48, 49, 50, 51, 52, 53, 54, 55, 56, 57, 58, 59, 60, 61, 62, 63, 64, 65, 66, 67, 68, 69, 70, 71, 72, 73, 74, 75, 76, 77, 78, 79, 80, 81, 82, 83, 84, 85, 86, 87, 88, 89, 90, 91, 92, 93, 94, 95, 96, 97, 98, 99, 100, 101, 102, 485, 486, 487, 488, 489, 490, 491, 492, 493, 494, 495, 496, 497, 498, 499, 500, 501, 502, 503, 504, 505, 506, 507, 508, 509, 510, 511, 512, 513, 514, 515, 516, 517, 518, 519, 520, 521, 522, 523, 524, 525, 526, 527, 528, 529, 530, 531, 532, 533, 534, 535, 536, 537, 538, 539, 540, 541, 542, 543, 544, 545, 546, 547, 548, 549, 550, 551, 552, 553, 554, 555, 556, 557, 558, 559, 560, 561, 562, 563, 564, 565, 566, 567, 568, 569, 570, 571, 572, 573]","[0, 38, 73, 84, 485, 519, 547, 555]","[38, 73, 143, 295, 519, 547, 614, 754]","[0, 5, 7, 10, 14, 19, 20, 22, 24, 32, 33, 34, 37, 38, 40, 44, 46, 48, 49, 51, 56, 61, 63, 65, 67, 68, 73, 74, 75, 76, 79, 81, 82, 83, 85, 87, 88, 92, 93, 95, 96, 99, 100, 101, 115, 116, 124, 134, 142, 161, 167, 169, 170, 186, 202, 240, 244, 254, 260, 267, 277, 300, 303, 307, 310, 322, 331, 376, 485, 491, 493, 495, 499, 503, 504, 506, 508, 515, 518, 519, 521, 524, 526, 528, 533, 537, 539, 542, 543, 547, 548, 549, 550, 551, 553, 554, 556, 558, 559, 563, 564, 566, 567, 570, 571, 572, 586, 587, 595, 605, 613, 633, 639, 640, 641, 657, 672, 704, 717, 726, 736, 759, 761, 765, 768, 780, 788, 792, 826]","[15, 16, 40, 65, 66, 67, 68, 69, 70, 71, 72, 73, 74, 75, 76, 77, 78, 80, 151, 244, 245, 246, 247, 248, 249, 250, 251, 252, 253, 254, 255, 256, 257, 258, 259, 260, 280, 340, 373, 374, 375, 376, 377, 459, 460, 461, 462, 500, 501, 521, 539, 540, 541, 542, 543, 544, 545, 546, 547, 548, 549, 550, 552, 622, 708, 709, 710, 711, 712, 713, 714, 715, 716, 717, 718, 719, 720, 739, 796, 823, 824, 825, 826, 827, 906, 907, 908, 909]","[15, 16, 65, 66, 67, 68, 69, 70, 71, 72, 73, 74, 75, 76, 80, 151, 245, 246, 247, 248, 249, 250, 251, 252, 253, 254, 255, 256, 257, 258, 259, 280, 340, 373, 374, 375, 376, 377, 459, 460, 461, 462, 500, 501, 539, 540, 541, 542, 543, 544, 545, 546, 547, 548, 549, 550, 552, 622, 708, 709, 710, 711, 712, 713, 714, 715, 716, 717, 718, 719, 720, 739, 796, 823, 824, 825, 826, 827, 906, 907, 908, 909]",7/6 successful match,True,"[718, 719, 720, 721]",True,164,False,,1.0,True,Pilot Travel Center # 328,Pilot
"Yuma , 85364 Shell # 10",928-342-1074 I-8 Exit 12 ( Fortuna Rd ),,Yuma,85364,Shell # 10,928-342-1074,2006,Yuma,AZ,Shell,( Fortuna Rd ),I-8 Exit 12 ,Exit,12,False,,False,I-8,,,,,"[59, 535]",[],"[17, 41, 50, 59, 78, 89, 502, 522, 535, 560]","[17, 42, 59, 72, 210, 388, 405, 502, 535, 540, 680, 838, 854]","[0, 1, 2, 3, 4, 5, 6, 7, 8, 9, 10, 11, 12, 13, 14, 15, 16, 17, 18, 19, 20, 21, 22, 23, 24, 25, 26, 27, 28, 29, 30, 31, 32, 33, 34, 35, 36, 37, 38, 39, 40, 41, 42, 43, 44, 45, 46, 47, 48, 49, 50, 51, 52, 53, 54, 55, 56, 57, 58, 59, 60, 61, 62, 63, 64, 65, 66, 67, 68, 69, 70, 71, 72, 73, 74, 75, 76, 77, 78, 79, 80, 81, 82, 83, 84, 85, 86, 87, 88, 89, 90, 91, 92, 93, 94, 95, 96, 97, 98, 99, 100, 101, 102, 485, 486, 487, 488, 489, 490, 491, 492, 493, 494, 495, 496, 497, 498, 499, 500, 501, 502, 503, 504, 505, 506, 507, 508, 509, 510, 511, 512, 513, 514, 515, 516, 517, 518, 519, 520, 521, 522, 523, 524, 525, 526, 527, 528, 529, 530, 531, 532, 533, 534, 535, 536, 537, 538, 539, 540, 541, 542, 543, 544, 545, 546, 547, 548, 549, 550, 551, 552, 553, 554, 555, 556, 557, 558, 559, 560, 561, 562, 563, 564, 565, 566, 567, 568, 569, 570, 571, 572, 573]","[17, 25, 39, 41, 50, 55, 57, 59, 69, 78, 119, 174, 188, 189, 220, 250, 299, 486, 502, 520, 522, 532, 534, 535, 544, 590, 645, 659, 660, 713, 758]","[1, 13, 14, 29, 54, 55, 56, 57, 58, 60, 102, 118, 125, 127, 130, 134, 146, 149, 153, 175, 182, 187, 189, 191, 197, 225, 230, 238, 264, 265, 266, 286, 302, 317, 336, 379, 388, 389, 425, 454, 458, 463, 475, 487, 498, 499, 512, 530, 531, 532, 533, 534, 536, 573, 589, 596, 598, 601, 605, 617, 620, 624, 646, 653, 658, 660, 662, 668, 689, 694, 702, 724, 725, 745, 760, 775, 793, 829, 838, 839, 877, 901, 903, 905, 910, 923]","[1, 13, 14, 29, 54, 55, 56, 57, 58, 60, 102, 118, 125, 127, 130, 134, 146, 149, 153, 175, 182, 186, 187, 189, 191, 197, 225, 230, 238, 264, 265, 266, 286, 302, 317, 336, 354, 379, 388, 389, 425, 454, 458, 463, 475, 487, 498, 499, 512, 530, 531, 532, 533, 534, 536, 573, 589, 596, 598, 601, 605, 617, 620, 624, 646, 653, 657, 658, 660, 662, 668, 689, 694, 702, 724, 725, 745, 760, 775, 793, 809, 829, 838, 839, 877, 901, 903, 905, 910, 923]","[0, 1, 2, 3, 4, 5, 6, 7, 8, 9, 522, 10, 11, 12, 13, 14, 15, 17, 16, 18, 19, 20, 21, 535, 22, 23, 24, 25, 540, 26, 27, 28, 29, 30, 31, 32, 33, 34, 35, 36, 37, 41, 42, 38, 39, 40, 43, 44, 560, 45, 50, 46, 47, 48, 49, 51, 52, 53, 54, 59, 55, 56, 57, 58, 60, 61, 62, 63, 64, 65, 66, 67, 72, 68, 69, 70, 71, 73, 78, 74, 75, 76, 77, 79, 80, 81, 82, 83, 84, 89, 85, 86, 87, 88, 90, 91, 92, 93, 94, 95, 96, 97, 98, 99, 100, 101, 102, 529, 530, 617, 620, 513, 531, 624, 532, 118, 119, 533, 125, 534, 127, 130, 645, 134, 646, 514, 536, 653, 537, 657, 146, 538, 659, 660, 149, 658, 539, 153, 662, 668, 515, 541, 542, 680, 543, 174, 175, 689, 544, 182, 545, 694, 516, 187, 546, 188, 189, 191, 702, 547, 186, 197, 548, 713, 549, 550, 210, 517, 724, 551, 725, 552, 220, 553, 225, 554, 230, 555, 745, 518, 556, 238, 557, 758, 558, 760, 250, 559, 519, 561, 264, 265, 266, 775, 562, 563, 564, 793, 565, 520, 286, 566, 567, 809, 568, 299, 302, 569, 570, 521, 571, 317, 572, 829, 573, 838, 839, 336, 854, 354, 523, 877, 379, 528, 524, 388, 389, 901, 903, 905, 910, 589, 405, 590, 525, 923, 425, 512, 526, 596, 598, 454, 458, 527, 463, 601, 475, 605, 485, 486, 487, 488, 489, 490, 491, 492, 493, 494, 495, 496, 497, 498, 499, 500, 501, 502, 503, 504, 505, 506, 507, 508, 509, 510, 511]",True,[],"[0, 1, 2, 3, 4, 5, 6, 7, 8, 9, 10, 11, 12, 13, 14, 15, 16, 17, 18, 19, 20, 21, 22, 23, 24, 25, 26, 27, 28, 29, 30, 31, 32, 33, 34, 35, 36, 37, 38, 39, 40, 41, 42, 43, 44, 45, 46, 47, 48, 49, 50, 51, 52, 53, 54, 55, 56, 57, 58, 59, 60, 61, 62, 63, 64, 65, 66, 67, 68, 69, 70, 71, 72, 73, 74, 75, 76, 77, 78, 79, 80, 81, 82, 83, 84, 85, 86, 87, 88, 89, 90, 91, 92, 93, 94, 95, 96, 97, 98, 99, 100, 101, 102, 485, 486, 487, 488, 489, 490, 491, 492, 493, 494, 495, 496, 497, 498, 499, 500, 501, 502, 503, 504, 505, 506, 507, 508, 509, 510, 511, 512, 513, 514, 515, 516, 517, 518, 519, 520, 521, 522, 523, 524, 525, 526, 527, 528, 529, 530, 531, 532, 533, 534, 535, 536, 537, 538, 539, 540, 541, 542, 543, 544, 545, 546, 547, 548, 549, 550, 551, 552, 553, 554, 555, 556, 557, 558, 559, 560, 561, 562, 563, 564, 565, 566, 567, 568, 569, 570, 571, 572, 573]","[17, 41, 50, 59, 78, 89, 502, 522, 535, 560]","[17, 42, 59, 72, 210, 388, 405, 502, 535, 540, 680, 838, 854]","[17, 25, 39, 41, 50, 55, 57, 59, 69, 78, 119, 174, 188, 189, 220, 250, 299, 486, 502, 520, 522, 532, 534, 535, 544, 590, 645, 659, 660, 713, 758]","[1, 13, 14, 29, 54, 55, 56, 57, 58, 60, 102, 118, 125, 127, 130, 134, 146, 149, 153, 175, 182, 186, 187, 189, 191, 197, 225, 230, 238, 264, 265, 266, 286, 302, 317, 336, 354, 379, 388, 389, 425, 454, 458, 463, 475, 487, 498, 499, 512, 530, 531, 532, 533, 534, 536, 573, 589, 596, 598, 601, 605, 617, 620, 624, 646, 653, 657, 658, 660, 662, 668, 689, 694, 702, 724, 725, 745, 760, 775, 793, 809, 829, 838, 839, 877, 901, 903, 905, 910, 923]","[1, 13, 14, 29, 54, 55, 56, 57, 58, 60, 102, 118, 125, 127, 130, 134, 146, 149, 153, 175, 182, 187, 189, 191, 197, 225, 230, 238, 264, 265, 266, 286, 302, 317, 336, 379, 388, 389, 425, 454, 458, 463, 475, 487, 498, 499, 512, 530, 531, 532, 533, 534, 536, 573, 589, 596, 598, 601, 605, 617, 620, 624, 646, 653, 658, 660, 662, 668, 689, 694, 702, 724, 725, 745, 760, 775, 793, 829, 838, 839, 877, 901, 903, 905, 910, 923]",5/6 successful match,True,[692],True,165,False,,,,,
"Yuma , 85364 Shell # 10",928-342-1074 I-8 Exit 12 ( Fortuna Rd ),<U+25A1>,Yuma,85364,Shell # 10,928-342-1074,2007,Yuma,AZ,Shell,( Fortuna Rd ),I-8 Exit 12 ,Exit,12,False,,False,I-8,,,,,"[59, 535]",[],"[17, 41, 50, 59, 78, 89, 502, 522, 535, 560]","[17, 42, 59, 72, 210, 388, 405, 502, 535, 540, 680, 838, 854]","[0, 1, 2, 3, 4, 5, 6, 7, 8, 9, 10, 11, 12, 13, 14, 15, 16, 17, 18, 19, 20, 21, 22, 23, 24, 25, 26, 27, 28, 29, 30, 31, 32, 33, 34, 35, 36, 37, 38, 39, 40, 41, 42, 43, 44, 45, 46, 47, 48, 49, 50, 51, 52, 53, 54, 55, 56, 57, 58, 59, 60, 61, 62, 63, 64, 65, 66, 67, 68, 69, 70, 71, 72, 73, 74, 75, 76, 77, 78, 79, 80, 81, 82, 83, 84, 85, 86, 87, 88, 89, 90, 91, 92, 93, 94, 95, 96, 97, 98, 99, 100, 101, 102, 485, 486, 487, 488, 489, 490, 491, 492, 493, 494, 495, 496, 497, 498, 499, 500, 501, 502, 503, 504, 505, 506, 507, 508, 509, 510, 511, 512, 513, 514, 515, 516, 517, 518, 519, 520, 521, 522, 523, 524, 525, 526, 527, 528, 529, 530, 531, 532, 533, 534, 535, 536, 537, 538, 539, 540, 541, 542, 543, 544, 545, 546, 547, 548, 549, 550, 551, 552, 553, 554, 555, 556, 557, 558, 559, 560, 561, 562, 563, 564, 565, 566, 567, 568, 569, 570, 571, 572, 573]","[17, 25, 39, 41, 50, 55, 57, 59, 69, 78, 119, 174, 188, 189, 220, 250, 299, 486, 502, 520, 522, 532, 534, 535, 544, 590, 645, 659, 660, 713, 758]","[1, 13, 14, 29, 54, 55, 56, 57, 58, 60, 102, 118, 125, 127, 130, 134, 146, 149, 153, 175, 182, 187, 189, 191, 197, 225, 230, 238, 264, 265, 266, 286, 302, 317, 336, 379, 388, 389, 425, 454, 458, 463, 475, 487, 498, 499, 512, 530, 531, 532, 533, 534, 536, 573, 589, 596, 598, 601, 605, 617, 620, 624, 646, 653, 658, 660, 662, 668, 689, 694, 702, 724, 725, 745, 760, 775, 793, 829, 838, 839, 877, 901, 903, 905, 910, 923]","[1, 13, 14, 29, 54, 55, 56, 57, 58, 60, 102, 118, 125, 127, 130, 134, 146, 149, 153, 175, 182, 186, 187, 189, 191, 197, 225, 230, 238, 264, 265, 266, 286, 302, 317, 336, 354, 379, 388, 389, 425, 454, 458, 463, 475, 487, 498, 499, 512, 530, 531, 532, 533, 534, 536, 573, 589, 596, 598, 601, 605, 617, 620, 624, 646, 653, 657, 658, 660, 662, 668, 689, 694, 702, 724, 725, 745, 760, 775, 793, 809, 829, 838, 839, 877, 901, 903, 905, 910, 923]","[0, 1, 2, 3, 4, 5, 6, 7, 8, 9, 522, 10, 11, 12, 13, 14, 15, 17, 16, 18, 19, 20, 21, 535, 22, 23, 24, 25, 540, 26, 27, 28, 29, 30, 31, 32, 33, 34, 35, 36, 37, 41, 42, 38, 39, 40, 43, 44, 560, 45, 50, 46, 47, 48, 49, 51, 52, 53, 54, 59, 55, 56, 57, 58, 60, 61, 62, 63, 64, 65, 66, 67, 72, 68, 69, 70, 71, 73, 78, 74, 75, 76, 77, 79, 80, 81, 82, 83, 84, 89, 85, 86, 87, 88, 90, 91, 92, 93, 94, 95, 96, 97, 98, 99, 100, 101, 102, 529, 530, 617, 620, 513, 531, 624, 532, 118, 119, 533, 125, 534, 127, 130, 645, 134, 646, 514, 536, 653, 537, 657, 146, 538, 659, 660, 149, 658, 539, 153, 662, 668, 515, 541, 542, 680, 543, 174, 175, 689, 544, 182, 545, 694, 516, 187, 546, 188, 189, 191, 702, 547, 186, 197, 548, 713, 549, 550, 210, 517, 724, 551, 725, 552, 220, 553, 225, 554, 230, 555, 745, 518, 556, 238, 557, 758, 558, 760, 250, 559, 519, 561, 264, 265, 266, 775, 562, 563, 564, 793, 565, 520, 286, 566, 567, 809, 568, 299, 302, 569, 570, 521, 571, 317, 572, 829, 573, 838, 839, 336, 854, 354, 523, 877, 379, 528, 524, 388, 389, 901, 903, 905, 910, 589, 405, 590, 525, 923, 425, 512, 526, 596, 598, 454, 458, 527, 463, 601, 475, 605, 485, 486, 487, 488, 489, 490, 491, 492, 493, 494, 495, 496, 497, 498, 499, 500, 501, 502, 503, 504, 505, 506, 507, 508, 509, 510, 511]",True,[],"[0, 1, 2, 3, 4, 5, 6, 7, 8, 9, 10, 11, 12, 13, 14, 15, 16, 17, 18, 19, 20, 21, 22, 23, 24, 25, 26, 27, 28, 29, 30, 31, 32, 33, 34, 35, 36, 37, 38, 39, 40, 41, 42, 43, 44, 45, 46, 47, 48, 49, 50, 51, 52, 53, 54, 55, 56, 57, 58, 59, 60, 61, 62, 63, 64, 65, 66, 67, 68, 69, 70, 71, 72, 73, 74, 75, 76, 77, 78, 79, 80, 81, 82, 83, 84, 85, 86, 87, 88, 89, 90, 91, 92, 93, 94, 95, 96, 97, 98, 99, 100, 101, 102, 485, 486, 487, 488, 489, 490, 491, 492, 493, 494, 495, 496, 497, 498, 499, 500, 501, 502, 503, 504, 505, 506, 507, 508, 509, 510, 511, 512, 513, 514, 515, 516, 517, 518, 519, 520, 521, 522, 523, 524, 525, 526, 527, 528, 529, 530, 531, 532, 533, 534, 535, 536, 537, 538, 539, 540, 541, 542, 543, 544, 545, 546, 547, 548, 549, 550, 551, 552, 553, 554, 555, 556, 557, 558, 559, 560, 561, 562, 563, 564, 565, 566, 567, 568, 569, 570, 571, 572, 573]","[17, 41, 50, 59, 78, 89, 502, 522, 535, 560]","[17, 42, 59, 72, 210, 388, 405, 502, 535, 540, 680, 838, 854]","[17, 25, 39, 41, 50, 55, 57, 59, 69, 78, 119, 174, 188, 189, 220, 250, 299, 486, 502, 520, 522, 532, 534, 535, 544, 590, 645, 659, 660, 713, 758]","[1, 13, 14, 29, 54, 55, 56, 57, 58, 60, 102, 118, 125, 127, 130, 134, 146, 149, 153, 175, 182, 186, 187, 189, 191, 197, 225, 230, 238, 264, 265, 266, 286, 302, 317, 336, 354, 379, 388, 389, 425, 454, 458, 463, 475, 487, 498, 499, 512, 530, 531, 532, 533, 534, 536, 573, 589, 596, 598, 601, 605, 617, 620, 624, 646, 653, 657, 658, 660, 662, 668, 689, 694, 702, 724, 725, 745, 760, 775, 793, 809, 829, 838, 839, 877, 901, 903, 905, 910, 923]","[1, 13, 14, 29, 54, 55, 56, 57, 58, 60, 102, 118, 125, 127, 130, 134, 146, 149, 153, 175, 182, 187, 189, 191, 197, 225, 230, 238, 264, 265, 266, 286, 302, 317, 336, 379, 388, 389, 425, 454, 458, 463, 475, 487, 498, 499, 512, 530, 531, 532, 533, 534, 536, 573, 589, 596, 598, 601, 605, 617, 620, 624, 646, 653, 658, 660, 662, 668, 689, 694, 702, 724, 725, 745, 760, 775, 793, 829, 838, 839, 877, 901, 903, 905, 910, 923]",5/6 successful match,True,[692],True,165,False,,1.0,True,Shell # 10,Shell
"Yuma , 85364 Shell # 10",928-342-1074 I-8 Exit 12 ( Fortuna Rd ),24 HRS,Yuma,85364,Shell # 10,928-342-1074,2008,Yuma,AZ,Shell,( Fortuna Rd ),I-8 Exit 12 ,Exit,12,False,,False,I-8,,,,,"[59, 535]",[],"[17, 41, 50, 59, 78, 89, 502, 522, 535, 560]","[17, 42, 59, 72, 210, 388, 405, 502, 535, 540, 680, 838, 854]","[0, 1, 2, 3, 4, 5, 6, 7, 8, 9, 10, 11, 12, 13, 14, 15, 16, 17, 18, 19, 20, 21, 22, 23, 24, 25, 26, 27, 28, 29, 30, 31, 32, 33, 34, 35, 36, 37, 38, 39, 40, 41, 42, 43, 44, 45, 46, 47, 48, 49, 50, 51, 52, 53, 54, 55, 56, 57, 58, 59, 60, 61, 62, 63, 64, 65, 66, 67, 68, 69, 70, 71, 72, 73, 74, 75, 76, 77, 78, 79, 80, 81, 82, 83, 84, 85, 86, 87, 88, 89, 90, 91, 92, 93, 94, 95, 96, 97, 98, 99, 100, 101, 102, 485, 486, 487, 488, 489, 490, 491, 492, 493, 494, 495, 496, 497, 498, 499, 500, 501, 502, 503, 504, 505, 506, 507, 508, 509, 510, 511, 512, 513, 514, 515, 516, 517, 518, 519, 520, 521, 522, 523, 524, 525, 526, 527, 528, 529, 530, 531, 532, 533, 534, 535, 536, 537, 538, 539, 540, 541, 542, 543, 544, 545, 546, 547, 548, 549, 550, 551, 552, 553, 554, 555, 556, 557, 558, 559, 560, 561, 562, 563, 564, 565, 566, 567, 568, 569, 570, 571, 572, 573]","[17, 25, 39, 41, 50, 55, 57, 59, 69, 78, 119, 174, 188, 189, 220, 250, 299, 486, 502, 520, 522, 532, 534, 535, 544, 590, 645, 659, 660, 713, 758]","[1, 13, 14, 29, 54, 55, 56, 57, 58, 60, 102, 118, 125, 127, 130, 134, 146, 149, 153, 175, 182, 187, 189, 191, 197, 225, 230, 238, 264, 265, 266, 286, 302, 317, 336, 379, 388, 389, 425, 454, 458, 463, 475, 487, 498, 499, 512, 530, 531, 532, 533, 534, 536, 573, 589, 596, 598, 601, 605, 617, 620, 624, 646, 653, 658, 660, 662, 668, 689, 694, 702, 724, 725, 745, 760, 775, 793, 829, 838, 839, 877, 901, 903, 905, 910, 923]","[1, 13, 14, 29, 54, 55, 56, 57, 58, 60, 102, 118, 125, 127, 130, 134, 146, 149, 153, 175, 182, 186, 187, 189, 191, 197, 225, 230, 238, 264, 265, 266, 286, 302, 317, 336, 354, 379, 388, 389, 425, 454, 458, 463, 475, 487, 498, 499, 512, 530, 531, 532, 533, 534, 536, 573, 589, 596, 598, 601, 605, 617, 620, 624, 646, 653, 657, 658, 660, 662, 668, 689, 694, 702, 724, 725, 745, 760, 775, 793, 809, 829, 838, 839, 877, 901, 903, 905, 910, 923]","[0, 1, 2, 3, 4, 5, 6, 7, 8, 9, 522, 10, 11, 12, 13, 14, 15, 17, 16, 18, 19, 20, 21, 535, 22, 23, 24, 25, 540, 26, 27, 28, 29, 30, 31, 32, 33, 34, 35, 36, 37, 41, 42, 38, 39, 40, 43, 44, 560, 45, 50, 46, 47, 48, 49, 51, 52, 53, 54, 59, 55, 56, 57, 58, 60, 61, 62, 63, 64, 65, 66, 67, 72, 68, 69, 70, 71, 73, 78, 74, 75, 76, 77, 79, 80, 81, 82, 83, 84, 89, 85, 86, 87, 88, 90, 91, 92, 93, 94, 95, 96, 97, 98, 99, 100, 101, 102, 529, 530, 617, 620, 513, 531, 624, 532, 118, 119, 533, 125, 534, 127, 130, 645, 134, 646, 514, 536, 653, 537, 657, 146, 538, 659, 660, 149, 658, 539, 153, 662, 668, 515, 541, 542, 680, 543, 174, 175, 689, 544, 182, 545, 694, 516, 187, 546, 188, 189, 191, 702, 547, 186, 197, 548, 713, 549, 550, 210, 517, 724, 551, 725, 552, 220, 553, 225, 554, 230, 555, 745, 518, 556, 238, 557, 758, 558, 760, 250, 559, 519, 561, 264, 265, 266, 775, 562, 563, 564, 793, 565, 520, 286, 566, 567, 809, 568, 299, 302, 569, 570, 521, 571, 317, 572, 829, 573, 838, 839, 336, 854, 354, 523, 877, 379, 528, 524, 388, 389, 901, 903, 905, 910, 589, 405, 590, 525, 923, 425, 512, 526, 596, 598, 454, 458, 527, 463, 601, 475, 605, 485, 486, 487, 488, 489, 490, 491, 492, 493, 494, 495, 496, 497, 498, 499, 500, 501, 502, 503, 504, 505, 506, 507, 508, 509, 510, 511]",True,[],"[0, 1, 2, 3, 4, 5, 6, 7, 8, 9, 10, 11, 12, 13, 14, 15, 16, 17, 18, 19, 20, 21, 22, 23, 24, 25, 26, 27, 28, 29, 30, 31, 32, 33, 34, 35, 36, 37, 38, 39, 40, 41, 42, 43, 44, 45, 46, 47, 48, 49, 50, 51, 52, 53, 54, 55, 56, 57, 58, 59, 60, 61, 62, 63, 64, 65, 66, 67, 68, 69, 70, 71, 72, 73, 74, 75, 76, 77, 78, 79, 80, 81, 82, 83, 84, 85, 86, 87, 88, 89, 90, 91, 92, 93, 94, 95, 96, 97, 98, 99, 100, 101, 102, 485, 486, 487, 488, 489, 490, 491, 492, 493, 494, 495, 496, 497, 498, 499, 500, 501, 502, 503, 504, 505, 506, 507, 508, 509, 510, 511, 512, 513, 514, 515, 516, 517, 518, 519, 520, 521, 522, 523, 524, 525, 526, 527, 528, 529, 530, 531, 532, 533, 534, 535, 536, 537, 538, 539, 540, 541, 542, 543, 544, 545, 546, 547, 548, 549, 550, 551, 552, 553, 554, 555, 556, 557, 558, 559, 560, 561, 562, 563, 564, 565, 566, 567, 568, 569, 570, 571, 572, 573]","[17, 41, 50, 59, 78, 89, 502, 522, 535, 560]","[17, 42, 59, 72, 210, 388, 405, 502, 535, 540, 680, 838, 854]","[17, 25, 39, 41, 50, 55, 57, 59, 69, 78, 119, 174, 188, 189, 220, 250, 299, 486, 502, 520, 522, 532, 534, 535, 544, 590, 645, 659, 660, 713, 758]","[1, 13, 14, 29, 54, 55, 56, 57, 58, 60, 102, 118, 125, 127, 130, 134, 146, 149, 153, 175, 182, 186, 187, 189, 191, 197, 225, 230, 238, 264, 265, 266, 286, 302, 317, 336, 354, 379, 388, 389, 425, 454, 458, 463, 475, 487, 498, 499, 512, 530, 531, 532, 533, 534, 536, 573, 589, 596, 598, 601, 605, 617, 620, 624, 646, 653, 657, 658, 660, 662, 668, 689, 694, 702, 724, 725, 745, 760, 775, 793, 809, 829, 838, 839, 877, 901, 903, 905, 910, 923]","[1, 13, 14, 29, 54, 55, 56, 57, 58, 60, 102, 118, 125, 127, 130, 134, 146, 149, 153, 175, 182, 187, 189, 191, 197, 225, 230, 238, 264, 265, 266, 286, 302, 317, 336, 379, 388, 389, 425, 454, 458, 463, 475, 487, 498, 499, 512, 530, 531, 532, 533, 534, 536, 573, 589, 596, 598, 601, 605, 617, 620, 624, 646, 653, 658, 660, 662, 668, 689, 694, 702, 724, 725, 745, 760, 775, 793, 829, 838, 839, 877, 901, 903, 905, 910, 923]",5/6 successful match,True,[692],True,165,False,,1.0,True,Shell # 10,Shell
Yuma ( 85364 ) Shell # 10 ),928-342-1074 I-8 Exit 12 ( Fortuna Rd ),<U+2610> <U+2610> O,Yuma,85364,Shell # 10 ),928-342-1074,2014,Yuma,AZ,Shell,( Fortuna Rd ),I-8 Exit 12 ,Exit,12,False,,False,I-8,,,,,"[59, 535]",[],"[17, 41, 50, 59, 78, 89, 502, 522, 535, 560]","[17, 42, 59, 72, 210, 388, 405, 502, 535, 540, 680, 838, 854]","[0, 1, 2, 3, 4, 5, 6, 7, 8, 9, 10, 11, 12, 13, 14, 15, 16, 17, 18, 19, 20, 21, 22, 23, 24, 25, 26, 27, 28, 29, 30, 31, 32, 33, 34, 35, 36, 37, 38, 39, 40, 41, 42, 43, 44, 45, 46, 47, 48, 49, 50, 51, 52, 53, 54, 55, 56, 57, 58, 59, 60, 61, 62, 63, 64, 65, 66, 67, 68, 69, 70, 71, 72, 73, 74, 75, 76, 77, 78, 79, 80, 81, 82, 83, 84, 85, 86, 87, 88, 89, 90, 91, 92, 93, 94, 95, 96, 97, 98, 99, 100, 101, 102, 485, 486, 487, 488, 489, 490, 491, 492, 493, 494, 495, 496, 497, 498, 499, 500, 501, 502, 503, 504, 505, 506, 507, 508, 509, 510, 511, 512, 513, 514, 515, 516, 517, 518, 519, 520, 521, 522, 523, 524, 525, 526, 527, 528, 529, 530, 531, 532, 533, 534, 535, 536, 537, 538, 539, 540, 541, 542, 543, 544, 545, 546, 547, 548, 549, 550, 551, 552, 553, 554, 555, 556, 557, 558, 559, 560, 561, 562, 563, 564, 565, 566, 567, 568, 569, 570, 571, 572, 573]","[17, 25, 39, 41, 50, 55, 57, 59, 69, 78, 119, 174, 188, 189, 220, 250, 299, 486, 502, 520, 522, 532, 534, 535, 544, 590, 645, 659, 660, 713, 758]","[1, 13, 14, 29, 54, 55, 56, 57, 58, 60, 102, 118, 125, 127, 130, 134, 146, 149, 153, 175, 182, 187, 189, 191, 197, 225, 230, 238, 264, 265, 266, 286, 302, 317, 336, 379, 388, 389, 425, 454, 458, 463, 475, 487, 498, 499, 512, 530, 531, 532, 533, 534, 536, 573, 589, 596, 598, 601, 605, 617, 620, 624, 646, 653, 658, 660, 662, 668, 689, 694, 702, 724, 725, 745, 760, 775, 793, 829, 838, 839, 877, 901, 903, 905, 910, 923]","[1, 13, 14, 29, 54, 55, 56, 57, 58, 60, 102, 118, 125, 127, 130, 134, 146, 149, 153, 175, 182, 186, 187, 189, 191, 197, 225, 230, 238, 264, 265, 266, 286, 302, 317, 336, 354, 379, 388, 389, 425, 454, 458, 463, 475, 487, 498, 499, 512, 530, 531, 532, 533, 534, 536, 573, 589, 596, 598, 601, 605, 617, 620, 624, 646, 653, 657, 658, 660, 662, 668, 689, 694, 702, 724, 725, 745, 760, 775, 793, 809, 829, 838, 839, 877, 901, 903, 905, 910, 923]","[0, 1, 2, 3, 4, 5, 6, 7, 8, 9, 522, 10, 11, 12, 13, 14, 15, 17, 16, 18, 19, 20, 21, 535, 22, 23, 24, 25, 540, 26, 27, 28, 29, 30, 31, 32, 33, 34, 35, 36, 37, 41, 42, 38, 39, 40, 43, 44, 560, 45, 50, 46, 47, 48, 49, 51, 52, 53, 54, 59, 55, 56, 57, 58, 60, 61, 62, 63, 64, 65, 66, 67, 72, 68, 69, 70, 71, 73, 78, 74, 75, 76, 77, 79, 80, 81, 82, 83, 84, 89, 85, 86, 87, 88, 90, 91, 92, 93, 94, 95, 96, 97, 98, 99, 100, 101, 102, 529, 530, 617, 620, 513, 531, 624, 532, 118, 119, 533, 125, 534, 127, 130, 645, 134, 646, 514, 536, 653, 537, 657, 146, 538, 659, 660, 149, 658, 539, 153, 662, 668, 515, 541, 542, 680, 543, 174, 175, 689, 544, 182, 545, 694, 516, 187, 546, 188, 189, 191, 702, 547, 186, 197, 548, 713, 549, 550, 210, 517, 724, 551, 725, 552, 220, 553, 225, 554, 230, 555, 745, 518, 556, 238, 557, 758, 558, 760, 250, 559, 519, 561, 264, 265, 266, 775, 562, 563, 564, 793, 565, 520, 286, 566, 567, 809, 568, 299, 302, 569, 570, 521, 571, 317, 572, 829, 573, 838, 839, 336, 854, 354, 523, 877, 379, 528, 524, 388, 389, 901, 903, 905, 910, 589, 405, 590, 525, 923, 425, 512, 526, 596, 598, 454, 458, 527, 463, 601, 475, 605, 485, 486, 487, 488, 489, 490, 491, 492, 493, 494, 495, 496, 497, 498, 499, 500, 501, 502, 503, 504, 505, 506, 507, 508, 509, 510, 511]",True,[],"[0, 1, 2, 3, 4, 5, 6, 7, 8, 9, 10, 11, 12, 13, 14, 15, 16, 17, 18, 19, 20, 21, 22, 23, 24, 25, 26, 27, 28, 29, 30, 31, 32, 33, 34, 35, 36, 37, 38, 39, 40, 41, 42, 43, 44, 45, 46, 47, 48, 49, 50, 51, 52, 53, 54, 55, 56, 57, 58, 59, 60, 61, 62, 63, 64, 65, 66, 67, 68, 69, 70, 71, 72, 73, 74, 75, 76, 77, 78, 79, 80, 81, 82, 83, 84, 85, 86, 87, 88, 89, 90, 91, 92, 93, 94, 95, 96, 97, 98, 99, 100, 101, 102, 485, 486, 487, 488, 489, 490, 491, 492, 493, 494, 495, 496, 497, 498, 499, 500, 501, 502, 503, 504, 505, 506, 507, 508, 509, 510, 511, 512, 513, 514, 515, 516, 517, 518, 519, 520, 521, 522, 523, 524, 525, 526, 527, 528, 529, 530, 531, 532, 533, 534, 535, 536, 537, 538, 539, 540, 541, 542, 543, 544, 545, 546, 547, 548, 549, 550, 551, 552, 553, 554, 555, 556, 557, 558, 559, 560, 561, 562, 563, 564, 565, 566, 567, 568, 569, 570, 571, 572, 573]","[17, 41, 50, 59, 78, 89, 502, 522, 535, 560]","[17, 42, 59, 72, 210, 388, 405, 502, 535, 540, 680, 838, 854]","[17, 25, 39, 41, 50, 55, 57, 59, 69, 78, 119, 174, 188, 189, 220, 250, 299, 486, 502, 520, 522, 532, 534, 535, 544, 590, 645, 659, 660, 713, 758]","[1, 13, 14, 29, 54, 55, 56, 57, 58, 60, 102, 118, 125, 127, 130, 134, 146, 149, 153, 175, 182, 186, 187, 189, 191, 197, 225, 230, 238, 264, 265, 266, 286, 302, 317, 336, 354, 379, 388, 389, 425, 454, 458, 463, 475, 487, 498, 499, 512, 530, 531, 532, 533, 534, 536, 573, 589, 596, 598, 601, 605, 617, 620, 624, 646, 653, 657, 658, 660, 662, 668, 689, 694, 702, 724, 725, 745, 760, 775, 793, 809, 829, 838, 839, 877, 901, 903, 905, 910, 923]","[1, 13, 14, 29, 54, 55, 56, 57, 58, 60, 102, 118, 125, 127, 130, 134, 146, 149, 153, 175, 182, 187, 189, 191, 197, 225, 230, 238, 264, 265, 266, 286, 302, 317, 336, 379, 388, 389, 425, 454, 458, 463, 475, 487, 498, 499, 512, 530, 531, 532, 533, 534, 536, 573, 589, 596, 598, 601, 605, 617, 620, 624, 646, 653, 658, 660, 662, 668, 689, 694, 702, 724, 725, 745, 760, 775, 793, 829, 838, 839, 877, 901, 903, 905, 910, 923]",5/6 successful match,True,[692],True,165,False,,0.9727272727272727,True,Shell # 10,Shell
Yuma ( 85364 ) Shell # 10,928-342-1074 I-8 Exit 12 ( Fortuna Rd ),24 O,Yuma,85364,Shell # 10,928-342-1074,2015,Yuma,AZ,Shell,( Fortuna Rd ),I-8 Exit 12 ,Exit,12,False,,False,I-8,,,,,"[59, 535]",[],"[17, 41, 50, 59, 78, 89, 502, 522, 535, 560]","[17, 42, 59, 72, 210, 388, 405, 502, 535, 540, 680, 838, 854]","[0, 1, 2, 3, 4, 5, 6, 7, 8, 9, 10, 11, 12, 13, 14, 15, 16, 17, 18, 19, 20, 21, 22, 23, 24, 25, 26, 27, 28, 29, 30, 31, 32, 33, 34, 35, 36, 37, 38, 39, 40, 41, 42, 43, 44, 45, 46, 47, 48, 49, 50, 51, 52, 53, 54, 55, 56, 57, 58, 59, 60, 61, 62, 63, 64, 65, 66, 67, 68, 69, 70, 71, 72, 73, 74, 75, 76, 77, 78, 79, 80, 81, 82, 83, 84, 85, 86, 87, 88, 89, 90, 91, 92, 93, 94, 95, 96, 97, 98, 99, 100, 101, 102, 485, 486, 487, 488, 489, 490, 491, 492, 493, 494, 495, 496, 497, 498, 499, 500, 501, 502, 503, 504, 505, 506, 507, 508, 509, 510, 511, 512, 513, 514, 515, 516, 517, 518, 519, 520, 521, 522, 523, 524, 525, 526, 527, 528, 529, 530, 531, 532, 533, 534, 535, 536, 537, 538, 539, 540, 541, 542, 543, 544, 545, 546, 547, 548, 549, 550, 551, 552, 553, 554, 555, 556, 557, 558, 559, 560, 561, 562, 563, 564, 565, 566, 567, 568, 569, 570, 571, 572, 573]","[17, 25, 39, 41, 50, 55, 57, 59, 69, 78, 119, 174, 188, 189, 220, 250, 299, 486, 502, 520, 522, 532, 534, 535, 544, 590, 645, 659, 660, 713, 758]","[1, 13, 14, 29, 54, 55, 56, 57, 58, 60, 102, 118, 125, 127, 130, 134, 146, 149, 153, 175, 182, 187, 189, 191, 197, 225, 230, 238, 264, 265, 266, 286, 302, 317, 336, 379, 388, 389, 425, 454, 458, 463, 475, 487, 498, 499, 512, 530, 531, 532, 533, 534, 536, 573, 589, 596, 598, 601, 605, 617, 620, 624, 646, 653, 658, 660, 662, 668, 689, 694, 702, 724, 725, 745, 760, 775, 793, 829, 838, 839, 877, 901, 903, 905, 910, 923]","[1, 13, 14, 29, 54, 55, 56, 57, 58, 60, 102, 118, 125, 127, 130, 134, 146, 149, 153, 175, 182, 186, 187, 189, 191, 197, 225, 230, 238, 264, 265, 266, 286, 302, 317, 336, 354, 379, 388, 389, 425, 454, 458, 463, 475, 487, 498, 499, 512, 530, 531, 532, 533, 534, 536, 573, 589, 596, 598, 601, 605, 617, 620, 624, 646, 653, 657, 658, 660, 662, 668, 689, 694, 702, 724, 725, 745, 760, 775, 793, 809, 829, 838, 839, 877, 901, 903, 905, 910, 923]","[0, 1, 2, 3, 4, 5, 6, 7, 8, 9, 522, 10, 11, 12, 13, 14, 15, 17, 16, 18, 19, 20, 21, 535, 22, 23, 24, 25, 540, 26, 27, 28, 29, 30, 31, 32, 33, 34, 35, 36, 37, 41, 42, 38, 39, 40, 43, 44, 560, 45, 50, 46, 47, 48, 49, 51, 52, 53, 54, 59, 55, 56, 57, 58, 60, 61, 62, 63, 64, 65, 66, 67, 72, 68, 69, 70, 71, 73, 78, 74, 75, 76, 77, 79, 80, 81, 82, 83, 84, 89, 85, 86, 87, 88, 90, 91, 92, 93, 94, 95, 96, 97, 98, 99, 100, 101, 102, 529, 530, 617, 620, 513, 531, 624, 532, 118, 119, 533, 125, 534, 127, 130, 645, 134, 646, 514, 536, 653, 537, 657, 146, 538, 659, 660, 149, 658, 539, 153, 662, 668, 515, 541, 542, 680, 543, 174, 175, 689, 544, 182, 545, 694, 516, 187, 546, 188, 189, 191, 702, 547, 186, 197, 548, 713, 549, 550, 210, 517, 724, 551, 725, 552, 220, 553, 225, 554, 230, 555, 745, 518, 556, 238, 557, 758, 558, 760, 250, 559, 519, 561, 264, 265, 266, 775, 562, 563, 564, 793, 565, 520, 286, 566, 567, 809, 568, 299, 302, 569, 570, 521, 571, 317, 572, 829, 573, 838, 839, 336, 854, 354, 523, 877, 379, 528, 524, 388, 389, 901, 903, 905, 910, 589, 405, 590, 525, 923, 425, 512, 526, 596, 598, 454, 458, 527, 463, 601, 475, 605, 485, 486, 487, 488, 489, 490, 491, 492, 493, 494, 495, 496, 497, 498, 499, 500, 501, 502, 503, 504, 505, 506, 507, 508, 509, 510, 511]",True,[],"[0, 1, 2, 3, 4, 5, 6, 7, 8, 9, 10, 11, 12, 13, 14, 15, 16, 17, 18, 19, 20, 21, 22, 23, 24, 25, 26, 27, 28, 29, 30, 31, 32, 33, 34, 35, 36, 37, 38, 39, 40, 41, 42, 43, 44, 45, 46, 47, 48, 49, 50, 51, 52, 53, 54, 55, 56, 57, 58, 59, 60, 61, 62, 63, 64, 65, 66, 67, 68, 69, 70, 71, 72, 73, 74, 75, 76, 77, 78, 79, 80, 81, 82, 83, 84, 85, 86, 87, 88, 89, 90, 91, 92, 93, 94, 95, 96, 97, 98, 99, 100, 101, 102, 485, 486, 487, 488, 489, 490, 491, 492, 493, 494, 495, 496, 497, 498, 499, 500, 501, 502, 503, 504, 505, 506, 507, 508, 509, 510, 511, 512, 513, 514, 515, 516, 517, 518, 519, 520, 521, 522, 523, 524, 525, 526, 527, 528, 529, 530, 531, 532, 533, 534, 535, 536, 537, 538, 539, 540, 541, 542, 543, 544, 545, 546, 547, 548, 549, 550, 551, 552, 553, 554, 555, 556, 557, 558, 559, 560, 561, 562, 563, 564, 565, 566, 567, 568, 569, 570, 571, 572, 573]","[17, 41, 50, 59, 78, 89, 502, 522, 535, 560]","[17, 42, 59, 72, 210, 388, 405, 502, 535, 540, 680, 838, 854]","[17, 25, 39, 41, 50, 55, 57, 59, 69, 78, 119, 174, 188, 189, 220, 250, 299, 486, 502, 520, 522, 532, 534, 535, 544, 590, 645, 659, 660, 713, 758]","[1, 13, 14, 29, 54, 55, 56, 57, 58, 60, 102, 118, 125, 127, 130, 134, 146, 149, 153, 175, 182, 186, 187, 189, 191, 197, 225, 230, 238, 264, 265, 266, 286, 302, 317, 336, 354, 379, 388, 389, 425, 454, 458, 463, 475, 487, 498, 499, 512, 530, 531, 532, 533, 534, 536, 573, 589, 596, 598, 601, 605, 617, 620, 624, 646, 653, 657, 658, 660, 662, 668, 689, 694, 702, 724, 725, 745, 760, 775, 793, 809, 829, 838, 839, 877, 901, 903, 905, 910, 923]","[1, 13, 14, 29, 54, 55, 56, 57, 58, 60, 102, 118, 125, 127, 130, 134, 146, 149, 153, 175, 182, 187, 189, 191, 197, 225, 230, 238, 264, 265, 266, 286, 302, 317, 336, 379, 388, 389, 425, 454, 458, 463, 475, 487, 498, 499, 512, 530, 531, 532, 533, 534, 536, 573, 589, 596, 598, 601, 605, 617, 620, 624, 646, 653, 658, 660, 662, 668, 689, 694, 702, 724, 725, 745, 760, 775, 793, 829, 838, 839, 877, 901, 903, 905, 910, 923]",5/6 successful match,True,[692],True,165,False,,0.9727272727272727,True,Shell # 10 ),Shell
Yuma ( 85364 ) Shell # 10,928-342-1074 I-8 Exit 12 ( Fortuna Rd ),24 <U+2610> <U+2610>,Yuma,85364,Shell # 10,928-342-1074,2016,Yuma,AZ,Shell,( Fortuna Rd ),I-8 Exit 12 ,Exit,12,False,,False,I-8,,,,,"[59, 535]",[],"[17, 41, 50, 59, 78, 89, 502, 522, 535, 560]","[17, 42, 59, 72, 210, 388, 405, 502, 535, 540, 680, 838, 854]","[0, 1, 2, 3, 4, 5, 6, 7, 8, 9, 10, 11, 12, 13, 14, 15, 16, 17, 18, 19, 20, 21, 22, 23, 24, 25, 26, 27, 28, 29, 30, 31, 32, 33, 34, 35, 36, 37, 38, 39, 40, 41, 42, 43, 44, 45, 46, 47, 48, 49, 50, 51, 52, 53, 54, 55, 56, 57, 58, 59, 60, 61, 62, 63, 64, 65, 66, 67, 68, 69, 70, 71, 72, 73, 74, 75, 76, 77, 78, 79, 80, 81, 82, 83, 84, 85, 86, 87, 88, 89, 90, 91, 92, 93, 94, 95, 96, 97, 98, 99, 100, 101, 102, 485, 486, 487, 488, 489, 490, 491, 492, 493, 494, 495, 496, 497, 498, 499, 500, 501, 502, 503, 504, 505, 506, 507, 508, 509, 510, 511, 512, 513, 514, 515, 516, 517, 518, 519, 520, 521, 522, 523, 524, 525, 526, 527, 528, 529, 530, 531, 532, 533, 534, 535, 536, 537, 538, 539, 540, 541, 542, 543, 544, 545, 546, 547, 548, 549, 550, 551, 552, 553, 554, 555, 556, 557, 558, 559, 560, 561, 562, 563, 564, 565, 566, 567, 568, 569, 570, 571, 572, 573]","[17, 25, 39, 41, 50, 55, 57, 59, 69, 78, 119, 174, 188, 189, 220, 250, 299, 486, 502, 520, 522, 532, 534, 535, 544, 590, 645, 659, 660, 713, 758]","[1, 13, 14, 29, 54, 55, 56, 57, 58, 60, 102, 118, 125, 127, 130, 134, 146, 149, 153, 175, 182, 187, 189, 191, 197, 225, 230, 238, 264, 265, 266, 286, 302, 317, 336, 379, 388, 389, 425, 454, 458, 463, 475, 487, 498, 499, 512, 530, 531, 532, 533, 534, 536, 573, 589, 596, 598, 601, 605, 617, 620, 624, 646, 653, 658, 660, 662, 668, 689, 694, 702, 724, 725, 745, 760, 775, 793, 829, 838, 839, 877, 901, 903, 905, 910, 923]","[1, 13, 14, 29, 54, 55, 56, 57, 58, 60, 102, 118, 125, 127, 130, 134, 146, 149, 153, 175, 182, 186, 187, 189, 191, 197, 225, 230, 238, 264, 265, 266, 286, 302, 317, 336, 354, 379, 388, 389, 425, 454, 458, 463, 475, 487, 498, 499, 512, 530, 531, 532, 533, 534, 536, 573, 589, 596, 598, 601, 605, 617, 620, 624, 646, 653, 657, 658, 660, 662, 668, 689, 694, 702, 724, 725, 745, 760, 775, 793, 809, 829, 838, 839, 877, 901, 903, 905, 910, 923]","[0, 1, 2, 3, 4, 5, 6, 7, 8, 9, 522, 10, 11, 12, 13, 14, 15, 17, 16, 18, 19, 20, 21, 535, 22, 23, 24, 25, 540, 26, 27, 28, 29, 30, 31, 32, 33, 34, 35, 36, 37, 41, 42, 38, 39, 40, 43, 44, 560, 45, 50, 46, 47, 48, 49, 51, 52, 53, 54, 59, 55, 56, 57, 58, 60, 61, 62, 63, 64, 65, 66, 67, 72, 68, 69, 70, 71, 73, 78, 74, 75, 76, 77, 79, 80, 81, 82, 83, 84, 89, 85, 86, 87, 88, 90, 91, 92, 93, 94, 95, 96, 97, 98, 99, 100, 101, 102, 529, 530, 617, 620, 513, 531, 624, 532, 118, 119, 533, 125, 534, 127, 130, 645, 134, 646, 514, 536, 653, 537, 657, 146, 538, 659, 660, 149, 658, 539, 153, 662, 668, 515, 541, 542, 680, 543, 174, 175, 689, 544, 182, 545, 694, 516, 187, 546, 188, 189, 191, 702, 547, 186, 197, 548, 713, 549, 550, 210, 517, 724, 551, 725, 552, 220, 553, 225, 554, 230, 555, 745, 518, 556, 238, 557, 758, 558, 760, 250, 559, 519, 561, 264, 265, 266, 775, 562, 563, 564, 793, 565, 520, 286, 566, 567, 809, 568, 299, 302, 569, 570, 521, 571, 317, 572, 829, 573, 838, 839, 336, 854, 354, 523, 877, 379, 528, 524, 388, 389, 901, 903, 905, 910, 589, 405, 590, 525, 923, 425, 512, 526, 596, 598, 454, 458, 527, 463, 601, 475, 605, 485, 486, 487, 488, 489, 490, 491, 492, 493, 494, 495, 496, 497, 498, 499, 500, 501, 502, 503, 504, 505, 506, 507, 508, 509, 510, 511]",True,[],"[0, 1, 2, 3, 4, 5, 6, 7, 8, 9, 10, 11, 12, 13, 14, 15, 16, 17, 18, 19, 20, 21, 22, 23, 24, 25, 26, 27, 28, 29, 30, 31, 32, 33, 34, 35, 36, 37, 38, 39, 40, 41, 42, 43, 44, 45, 46, 47, 48, 49, 50, 51, 52, 53, 54, 55, 56, 57, 58, 59, 60, 61, 62, 63, 64, 65, 66, 67, 68, 69, 70, 71, 72, 73, 74, 75, 76, 77, 78, 79, 80, 81, 82, 83, 84, 85, 86, 87, 88, 89, 90, 91, 92, 93, 94, 95, 96, 97, 98, 99, 100, 101, 102, 485, 486, 487, 488, 489, 490, 491, 492, 493, 494, 495, 496, 497, 498, 499, 500, 501, 502, 503, 504, 505, 506, 507, 508, 509, 510, 511, 512, 513, 514, 515, 516, 517, 518, 519, 520, 521, 522, 523, 524, 525, 526, 527, 528, 529, 530, 531, 532, 533, 534, 535, 536, 537, 538, 539, 540, 541, 542, 543, 544, 545, 546, 547, 548, 549, 550, 551, 552, 553, 554, 555, 556, 557, 558, 559, 560, 561, 562, 563, 564, 565, 566, 567, 568, 569, 570, 571, 572, 573]","[17, 41, 50, 59, 78, 89, 502, 522, 535, 560]","[17, 42, 59, 72, 210, 388, 405, 502, 535, 540, 680, 838, 854]","[17, 25, 39, 41, 50, 55, 57, 59, 69, 78, 119, 174, 188, 189, 220, 250, 299, 486, 502, 520, 522, 532, 534, 535, 544, 590, 645, 659, 660, 713, 758]","[1, 13, 14, 29, 54, 55, 56, 57, 58, 60, 102, 118, 125, 127, 130, 134, 146, 149, 153, 175, 182, 186, 187, 189, 191, 197, 225, 230, 238, 264, 265, 266, 286, 302, 317, 336, 354, 379, 388, 389, 425, 454, 458, 463, 475, 487, 498, 499, 512, 530, 531, 532, 533, 534, 536, 573, 589, 596, 598, 601, 605, 617, 620, 624, 646, 653, 657, 658, 660, 662, 668, 689, 694, 702, 724, 725, 745, 760, 775, 793, 809, 829, 838, 839, 877, 901, 903, 905, 910, 923]","[1, 13, 14, 29, 54, 55, 56, 57, 58, 60, 102, 118, 125, 127, 130, 134, 146, 149, 153, 175, 182, 187, 189, 191, 197, 225, 230, 238, 264, 265, 266, 286, 302, 317, 336, 379, 388, 389, 425, 454, 458, 463, 475, 487, 498, 499, 512, 530, 531, 532, 533, 534, 536, 573, 589, 596, 598, 601, 605, 617, 620, 624, 646, 653, 658, 660, 662, 668, 689, 694, 702, 724, 725, 745, 760, 775, 793, 829, 838, 839, 877, 901, 903, 905, 910, 923]",5/6 successful match,True,[692],True,165,False,,1.0,True,Shell # 10,Shell
"Yuma , 85365 Barney's Auto / Truck Plaza ( Shamrock )",928-342-2696 I-8 Exit 12 ( Fortuna Rd ),,Yuma,85365,Barney's Auto / Truck Plaza ( Shamrock ),928-342-2696,2006,Yuma,AZ,Shamrock,( Fortuna Rd ),I-8 Exit 12 ,Exit,12,False,,False,I-8,,,,,"[17, 502]","[41, 50, 78, 89, 522, 560]","[17, 41, 50, 59, 78, 89, 502, 522, 535, 560]","[17, 42, 59, 72, 210, 388, 405, 502, 535, 540, 680, 838, 854]","[0, 1, 2, 3, 4, 5, 6, 7, 8, 9, 10, 11, 12, 13, 14, 15, 16, 17, 18, 19, 20, 21, 22, 23, 24, 25, 26, 27, 28, 29, 30, 31, 32, 33, 34, 35, 36, 37, 38, 39, 40, 41, 42, 43, 44, 45, 46, 47, 48, 49, 50, 51, 52, 53, 54, 55, 56, 57, 58, 59, 60, 61, 62, 63, 64, 65, 66, 67, 68, 69, 70, 71, 72, 73, 74, 75, 76, 77, 78, 79, 80, 81, 82, 83, 84, 85, 86, 87, 88, 89, 90, 91, 92, 93, 94, 95, 96, 97, 98, 99, 100, 101, 102, 485, 486, 487, 488, 489, 490, 491, 492, 493, 494, 495, 496, 497, 498, 499, 500, 501, 502, 503, 504, 505, 506, 507, 508, 509, 510, 511, 512, 513, 514, 515, 516, 517, 518, 519, 520, 521, 522, 523, 524, 525, 526, 527, 528, 529, 530, 531, 532, 533, 534, 535, 536, 537, 538, 539, 540, 541, 542, 543, 544, 545, 546, 547, 548, 549, 550, 551, 552, 553, 554, 555, 556, 557, 558, 559, 560, 561, 562, 563, 564, 565, 566, 567, 568, 569, 570, 571, 572, 573]","[17, 25, 39, 41, 50, 55, 57, 59, 69, 78, 119, 174, 188, 189, 220, 250, 299, 486, 502, 520, 522, 532, 534, 535, 544, 590, 645, 659, 660, 713, 758]",[],[],"[0, 1, 2, 3, 4, 5, 6, 7, 8, 9, 522, 10, 11, 12, 13, 14, 15, 17, 16, 18, 19, 20, 21, 535, 22, 23, 24, 25, 540, 26, 27, 28, 29, 30, 31, 32, 33, 34, 35, 36, 37, 41, 42, 38, 39, 40, 43, 44, 560, 45, 50, 46, 47, 48, 49, 51, 52, 53, 54, 59, 55, 56, 57, 58, 60, 61, 62, 63, 64, 65, 66, 67, 72, 68, 69, 70, 71, 73, 78, 74, 75, 76, 77, 79, 80, 81, 82, 83, 84, 89, 85, 86, 87, 88, 90, 91, 92, 93, 94, 95, 96, 97, 98, 99, 100, 101, 102, 529, 530, 513, 531, 532, 119, 533, 534, 645, 514, 536, 537, 538, 659, 660, 539, 515, 541, 542, 680, 543, 174, 544, 545, 516, 546, 188, 189, 547, 548, 713, 549, 550, 210, 517, 551, 552, 220, 553, 554, 555, 518, 556, 557, 758, 558, 250, 559, 519, 561, 562, 563, 564, 565, 520, 566, 567, 568, 299, 569, 570, 521, 571, 572, 573, 838, 854, 523, 528, 524, 388, 405, 590, 525, 512, 526, 527, 485, 486, 487, 488, 489, 490, 491, 492, 493, 494, 495, 496, 497, 498, 499, 500, 501, 502, 503, 504, 505, 506, 507, 508, 509, 510, 511]",True,"[41, 50, 78, 89, 522, 560]","[0, 1, 2, 3, 4, 5, 6, 7, 8, 9, 10, 11, 12, 13, 14, 15, 16, 17, 18, 19, 20, 21, 22, 23, 24, 25, 26, 27, 28, 29, 30, 31, 32, 33, 34, 35, 36, 37, 38, 39, 40, 41, 42, 43, 44, 45, 46, 47, 48, 49, 50, 51, 52, 53, 54, 55, 56, 57, 58, 59, 60, 61, 62, 63, 64, 65, 66, 67, 68, 69, 70, 71, 72, 73, 74, 75, 76, 77, 78, 79, 80, 81, 82, 83, 84, 85, 86, 87, 88, 89, 90, 91, 92, 93, 94, 95, 96, 97, 98, 99, 100, 101, 102, 485, 486, 487, 488, 489, 490, 491, 492, 493, 494, 495, 496, 497, 498, 499, 500, 501, 502, 503, 504, 505, 506, 507, 508, 509, 510, 511, 512, 513, 514, 515, 516, 517, 518, 519, 520, 521, 522, 523, 524, 525, 526, 527, 528, 529, 530, 531, 532, 533, 534, 535, 536, 537, 538, 539, 540, 541, 542, 543, 544, 545, 546, 547, 548, 549, 550, 551, 552, 553, 554, 555, 556, 557, 558, 559, 560, 561, 562, 563, 564, 565, 566, 567, 568, 569, 570, 571, 572, 573]","[17, 41, 50, 59, 78, 89, 502, 522, 535, 560]","[17, 42, 59, 72, 210, 388, 405, 502, 535, 540, 680, 838, 854]","[17, 25, 39, 41, 50, 55, 57, 59, 69, 78, 119, 174, 188, 189, 220, 250, 299, 486, 502, 520, 522, 532, 534, 535, 544, 590, 645, 659, 660, 713, 758]",[],[],7/6 successful match,True,"[199, 200, 201]",True,166,False,,,,,
"Yuma , 85365 Barney's Auto / Truck Plaza ( Valero )",928-342-2696 I-8 Exit 12 ( Fortuna Rd ),24 HRS HRS,Yuma,85365,Barney's Auto / Truck Plaza ( Valero ),928-342-2696,2007,Yuma,AZ,Valero,( Fortuna Rd ),I-8 Exit 12 ,Exit,12,False,,False,I-8,,,,,"[17, 502]","[41, 50, 78, 89, 522, 560]","[17, 41, 50, 59, 78, 89, 502, 522, 535, 560]","[17, 42, 59, 72, 210, 388, 405, 502, 535, 540, 680, 838, 854]","[0, 1, 2, 3, 4, 5, 6, 7, 8, 9, 10, 11, 12, 13, 14, 15, 16, 17, 18, 19, 20, 21, 22, 23, 24, 25, 26, 27, 28, 29, 30, 31, 32, 33, 34, 35, 36, 37, 38, 39, 40, 41, 42, 43, 44, 45, 46, 47, 48, 49, 50, 51, 52, 53, 54, 55, 56, 57, 58, 59, 60, 61, 62, 63, 64, 65, 66, 67, 68, 69, 70, 71, 72, 73, 74, 75, 76, 77, 78, 79, 80, 81, 82, 83, 84, 85, 86, 87, 88, 89, 90, 91, 92, 93, 94, 95, 96, 97, 98, 99, 100, 101, 102, 485, 486, 487, 488, 489, 490, 491, 492, 493, 494, 495, 496, 497, 498, 499, 500, 501, 502, 503, 504, 505, 506, 507, 508, 509, 510, 511, 512, 513, 514, 515, 516, 517, 518, 519, 520, 521, 522, 523, 524, 525, 526, 527, 528, 529, 530, 531, 532, 533, 534, 535, 536, 537, 538, 539, 540, 541, 542, 543, 544, 545, 546, 547, 548, 549, 550, 551, 552, 553, 554, 555, 556, 557, 558, 559, 560, 561, 562, 563, 564, 565, 566, 567, 568, 569, 570, 571, 572, 573]","[17, 25, 39, 41, 50, 55, 57, 59, 69, 78, 119, 174, 188, 189, 220, 250, 299, 486, 502, 520, 522, 532, 534, 535, 544, 590, 645, 659, 660, 713, 758]","[2, 9, 10, 82, 111, 112, 113, 199, 279, 284, 285, 300, 488, 494, 495, 553, 581, 582, 583, 670, 738, 743, 744, 759, 818]","[2, 9, 10, 82, 111, 112, 113, 199, 279, 284, 285, 300, 488, 494, 495, 553, 581, 582, 583, 670, 738, 743, 744, 759, 818]","[0, 1, 2, 3, 4, 5, 6, 7, 8, 9, 522, 10, 11, 12, 13, 14, 15, 17, 16, 18, 19, 20, 21, 535, 22, 23, 24, 25, 540, 26, 27, 28, 29, 30, 31, 32, 33, 34, 35, 36, 37, 41, 42, 38, 39, 40, 43, 44, 560, 45, 50, 46, 47, 48, 49, 51, 52, 53, 54, 59, 55, 56, 57, 58, 60, 61, 62, 63, 64, 65, 66, 67, 72, 68, 69, 70, 71, 73, 78, 74, 75, 76, 77, 79, 80, 81, 82, 83, 84, 89, 85, 86, 87, 88, 90, 91, 92, 93, 94, 95, 96, 97, 98, 99, 100, 101, 102, 529, 530, 513, 531, 111, 112, 113, 532, 119, 533, 534, 645, 514, 536, 537, 538, 659, 660, 539, 670, 515, 541, 542, 680, 543, 174, 544, 545, 516, 546, 188, 189, 547, 548, 199, 713, 549, 550, 210, 517, 551, 552, 220, 553, 738, 554, 743, 744, 555, 518, 556, 557, 758, 759, 558, 250, 559, 519, 561, 562, 563, 564, 279, 565, 284, 285, 520, 566, 567, 568, 299, 300, 569, 818, 570, 521, 571, 572, 573, 838, 854, 523, 581, 582, 583, 528, 524, 388, 405, 590, 525, 512, 526, 527, 485, 486, 487, 488, 489, 490, 491, 492, 493, 494, 495, 496, 497, 498, 499, 500, 501, 502, 503, 504, 505, 506, 507, 508, 509, 510, 511]",True,"[41, 50, 78, 89, 522, 560]","[0, 1, 2, 3, 4, 5, 6, 7, 8, 9, 10, 11, 12, 13, 14, 15, 16, 17, 18, 19, 20, 21, 22, 23, 24, 25, 26, 27, 28, 29, 30, 31, 32, 33, 34, 35, 36, 37, 38, 39, 40, 41, 42, 43, 44, 45, 46, 47, 48, 49, 50, 51, 52, 53, 54, 55, 56, 57, 58, 59, 60, 61, 62, 63, 64, 65, 66, 67, 68, 69, 70, 71, 72, 73, 74, 75, 76, 77, 78, 79, 80, 81, 82, 83, 84, 85, 86, 87, 88, 89, 90, 91, 92, 93, 94, 95, 96, 97, 98, 99, 100, 101, 102, 485, 486, 487, 488, 489, 490, 491, 492, 493, 494, 495, 496, 497, 498, 499, 500, 501, 502, 503, 504, 505, 506, 507, 508, 509, 510, 511, 512, 513, 514, 515, 516, 517, 518, 519, 520, 521, 522, 523, 524, 525, 526, 527, 528, 529, 530, 531, 532, 533, 534, 535, 536, 537, 538, 539, 540, 541, 542, 543, 544, 545, 546, 547, 548, 549, 550, 551, 552, 553, 554, 555, 556, 557, 558, 559, 560, 561, 562, 563, 564, 565, 566, 567, 568, 569, 570, 571, 572, 573]","[17, 41, 50, 59, 78, 89, 502, 522, 535, 560]","[17, 42, 59, 72, 210, 388, 405, 502, 535, 540, 680, 838, 854]","[17, 25, 39, 41, 50, 55, 57, 59, 69, 78, 119, 174, 188, 189, 220, 250, 299, 486, 502, 520, 522, 532, 534, 535, 544, 590, 645, 659, 660, 713, 758]","[2, 9, 10, 82, 111, 112, 113, 199, 279, 284, 285, 300, 488, 494, 495, 553, 581, 582, 583, 670, 738, 743, 744, 759, 818]","[2, 9, 10, 82, 111, 112, 113, 199, 279, 284, 285, 300, 488, 494, 495, 553, 581, 582, 583, 670, 738, 743, 744, 759, 818]",5/6 successful match,True,"[199, 200, 201]",True,166,False,,0.9692307692307692,False,Barney's Auto / Truck Plaza ( Shamrock ),Shamrock
"Yuma , 85365 Barney's Auto / Truck Plaza ( Valero )",928-342-2696 I-8 Exit 12 ( Fortuna Rd ),24 HRS L HRS 24 <U+2610>,Yuma,85365,Barney's Auto / Truck Plaza ( Valero ),928-342-2696,2008,Yuma,AZ,Valero,( Fortuna Rd ),I-8 Exit 12 ,Exit,12,False,,False,I-8,,,,,"[17, 502]","[41, 50, 78, 89, 522, 560]","[17, 41, 50, 59, 78, 89, 502, 522, 535, 560]","[17, 42, 59, 72, 210, 388, 405, 502, 535, 540, 680, 838, 854]","[0, 1, 2, 3, 4, 5, 6, 7, 8, 9, 10, 11, 12, 13, 14, 15, 16, 17, 18, 19, 20, 21, 22, 23, 24, 25, 26, 27, 28, 29, 30, 31, 32, 33, 34, 35, 36, 37, 38, 39, 40, 41, 42, 43, 44, 45, 46, 47, 48, 49, 50, 51, 52, 53, 54, 55, 56, 57, 58, 59, 60, 61, 62, 63, 64, 65, 66, 67, 68, 69, 70, 71, 72, 73, 74, 75, 76, 77, 78, 79, 80, 81, 82, 83, 84, 85, 86, 87, 88, 89, 90, 91, 92, 93, 94, 95, 96, 97, 98, 99, 100, 101, 102, 485, 486, 487, 488, 489, 490, 491, 492, 493, 494, 495, 496, 497, 498, 499, 500, 501, 502, 503, 504, 505, 506, 507, 508, 509, 510, 511, 512, 513, 514, 515, 516, 517, 518, 519, 520, 521, 522, 523, 524, 525, 526, 527, 528, 529, 530, 531, 532, 533, 534, 535, 536, 537, 538, 539, 540, 541, 542, 543, 544, 545, 546, 547, 548, 549, 550, 551, 552, 553, 554, 555, 556, 557, 558, 559, 560, 561, 562, 563, 564, 565, 566, 567, 568, 569, 570, 571, 572, 573]","[17, 25, 39, 41, 50, 55, 57, 59, 69, 78, 119, 174, 188, 189, 220, 250, 299, 486, 502, 520, 522, 532, 534, 535, 544, 590, 645, 659, 660, 713, 758]","[2, 9, 10, 82, 111, 112, 113, 199, 279, 284, 285, 300, 488, 494, 495, 553, 581, 582, 583, 670, 738, 743, 744, 759, 818]","[2, 9, 10, 82, 111, 112, 113, 199, 279, 284, 285, 300, 488, 494, 495, 553, 581, 582, 583, 670, 738, 743, 744, 759, 818]","[0, 1, 2, 3, 4, 5, 6, 7, 8, 9, 522, 10, 11, 12, 13, 14, 15, 17, 16, 18, 19, 20, 21, 535, 22, 23, 24, 25, 540, 26, 27, 28, 29, 30, 31, 32, 33, 34, 35, 36, 37, 41, 42, 38, 39, 40, 43, 44, 560, 45, 50, 46, 47, 48, 49, 51, 52, 53, 54, 59, 55, 56, 57, 58, 60, 61, 62, 63, 64, 65, 66, 67, 72, 68, 69, 70, 71, 73, 78, 74, 75, 76, 77, 79, 80, 81, 82, 83, 84, 89, 85, 86, 87, 88, 90, 91, 92, 93, 94, 95, 96, 97, 98, 99, 100, 101, 102, 529, 530, 513, 531, 111, 112, 113, 532, 119, 533, 534, 645, 514, 536, 537, 538, 659, 660, 539, 670, 515, 541, 542, 680, 543, 174, 544, 545, 516, 546, 188, 189, 547, 548, 199, 713, 549, 550, 210, 517, 551, 552, 220, 553, 738, 554, 743, 744, 555, 518, 556, 557, 758, 759, 558, 250, 559, 519, 561, 562, 563, 564, 279, 565, 284, 285, 520, 566, 567, 568, 299, 300, 569, 818, 570, 521, 571, 572, 573, 838, 854, 523, 581, 582, 583, 528, 524, 388, 405, 590, 525, 512, 526, 527, 485, 486, 487, 488, 489, 490, 491, 492, 493, 494, 495, 496, 497, 498, 499, 500, 501, 502, 503, 504, 505, 506, 507, 508, 509, 510, 511]",True,"[41, 50, 78, 89, 522, 560]","[0, 1, 2, 3, 4, 5, 6, 7, 8, 9, 10, 11, 12, 13, 14, 15, 16, 17, 18, 19, 20, 21, 22, 23, 24, 25, 26, 27, 28, 29, 30, 31, 32, 33, 34, 35, 36, 37, 38, 39, 40, 41, 42, 43, 44, 45, 46, 47, 48, 49, 50, 51, 52, 53, 54, 55, 56, 57, 58, 59, 60, 61, 62, 63, 64, 65, 66, 67, 68, 69, 70, 71, 72, 73, 74, 75, 76, 77, 78, 79, 80, 81, 82, 83, 84, 85, 86, 87, 88, 89, 90, 91, 92, 93, 94, 95, 96, 97, 98, 99, 100, 101, 102, 485, 486, 487, 488, 489, 490, 491, 492, 493, 494, 495, 496, 497, 498, 499, 500, 501, 502, 503, 504, 505, 506, 507, 508, 509, 510, 511, 512, 513, 514, 515, 516, 517, 518, 519, 520, 521, 522, 523, 524, 525, 526, 527, 528, 529, 530, 531, 532, 533, 534, 535, 536, 537, 538, 539, 540, 541, 542, 543, 544, 545, 546, 547, 548, 549, 550, 551, 552, 553, 554, 555, 556, 557, 558, 559, 560, 561, 562, 563, 564, 565, 566, 567, 568, 569, 570, 571, 572, 573]","[17, 41, 50, 59, 78, 89, 502, 522, 535, 560]","[17, 42, 59, 72, 210, 388, 405, 502, 535, 540, 680, 838, 854]","[17, 25, 39, 41, 50, 55, 57, 59, 69, 78, 119, 174, 188, 189, 220, 250, 299, 486, 502, 520, 522, 532, 534, 535, 544, 590, 645, 659, 660, 713, 758]","[2, 9, 10, 82, 111, 112, 113, 199, 279, 284, 285, 300, 488, 494, 495, 553, 581, 582, 583, 670, 738, 743, 744, 759, 818]","[2, 9, 10, 82, 111, 112, 113, 199, 279, 284, 285, 300, 488, 494, 495, 553, 581, 582, 583, 670, 738, 743, 744, 759, 818]",5/6 successful match,True,"[199, 200, 201]",True,166,False,,1.0,True,Barney's Auto / Truck Plaza ( Valero ),Valero
H Yuma ( 85365 ) Barney's Auto / Truck Plaza I-8 # Exit 33 ( 3 Flying ) J #,928-342-2696 I-8 Exit 12 ( Fortuna Rd ),J # 505 ) 24 24,Yuma,85365,Barney's Auto / Truck Plaza I-8 # Exit 33 ( 3 Flying ) J #,928-342-2696,2014,Yuma,AZ,,( Fortuna Rd ),I-8 Exit 12 ,Exit,12,False,,False,I-8,,,,,"[17, 502]","[41, 50, 78, 89, 522, 560]","[17, 41, 50, 59, 78, 89, 502, 522, 535, 560]","[17, 42, 59, 72, 210, 388, 405, 502, 535, 540, 680, 838, 854]","[0, 1, 2, 3, 4, 5, 6, 7, 8, 9, 10, 11, 12, 13, 14, 15, 16, 17, 18, 19, 20, 21, 22, 23, 24, 25, 26, 27, 28, 29, 30, 31, 32, 33, 34, 35, 36, 37, 38, 39, 40, 41, 42, 43, 44, 45, 46, 47, 48, 49, 50, 51, 52, 53, 54, 55, 56, 57, 58, 59, 60, 61, 62, 63, 64, 65, 66, 67, 68, 69, 70, 71, 72, 73, 74, 75, 76, 77, 78, 79, 80, 81, 82, 83, 84, 85, 86, 87, 88, 89, 90, 91, 92, 93, 94, 95, 96, 97, 98, 99, 100, 101, 102, 485, 486, 487, 488, 489, 490, 491, 492, 493, 494, 495, 496, 497, 498, 499, 500, 501, 502, 503, 504, 505, 506, 507, 508, 509, 510, 511, 512, 513, 514, 515, 516, 517, 518, 519, 520, 521, 522, 523, 524, 525, 526, 527, 528, 529, 530, 531, 532, 533, 534, 535, 536, 537, 538, 539, 540, 541, 542, 543, 544, 545, 546, 547, 548, 549, 550, 551, 552, 553, 554, 555, 556, 557, 558, 559, 560, 561, 562, 563, 564, 565, 566, 567, 568, 569, 570, 571, 572, 573]","[17, 25, 39, 41, 50, 55, 57, 59, 69, 78, 119, 174, 188, 189, 220, 250, 299, 486, 502, 520, 522, 532, 534, 535, 544, 590, 645, 659, 660, 713, 758]",[],"[17, 18, 19, 20, 21, 22, 23, 156, 157, 158, 159, 160, 161, 162, 163, 164, 165, 166, 167, 168, 340, 341, 342, 343, 344, 345, 346, 412, 413, 414, 415, 416, 417, 418, 419, 420, 421, 422, 502, 503, 504, 505, 506, 507, 628, 629, 630, 631, 632, 633, 634, 635, 636, 637, 638, 639, 792, 796, 797, 798, 799, 800, 801, 863, 864, 865, 866, 867, 868, 869, 870, 871, 872, 873, 874]","[0, 1, 2, 3, 4, 5, 6, 7, 8, 9, 522, 10, 11, 12, 13, 14, 15, 17, 16, 18, 19, 20, 21, 535, 22, 23, 24, 25, 540, 26, 27, 28, 29, 30, 31, 32, 33, 34, 35, 36, 37, 41, 42, 38, 39, 40, 43, 44, 560, 45, 50, 46, 47, 48, 49, 51, 52, 53, 54, 59, 55, 56, 57, 58, 60, 61, 62, 63, 64, 65, 66, 67, 72, 68, 69, 70, 71, 73, 78, 74, 75, 76, 77, 79, 80, 81, 82, 83, 84, 89, 85, 86, 87, 88, 90, 91, 92, 93, 94, 95, 96, 97, 98, 99, 100, 101, 102, 529, 530, 513, 531, 628, 532, 629, 119, 630, 631, 533, 632, 633, 634, 635, 534, 636, 637, 638, 639, 645, 514, 536, 537, 538, 659, 660, 539, 156, 157, 158, 159, 160, 515, 541, 161, 162, 163, 164, 542, 680, 165, 166, 167, 543, 168, 174, 544, 545, 516, 546, 188, 189, 547, 548, 713, 549, 550, 210, 517, 551, 552, 220, 553, 554, 555, 518, 556, 557, 758, 558, 250, 559, 519, 561, 562, 563, 564, 792, 565, 796, 797, 520, 798, 566, 799, 800, 801, 567, 568, 299, 569, 570, 521, 571, 572, 573, 838, 340, 341, 854, 342, 343, 344, 345, 346, 863, 864, 865, 866, 867, 868, 869, 870, 871, 872, 523, 873, 874, 528, 524, 388, 405, 590, 525, 412, 413, 414, 415, 416, 417, 418, 419, 420, 421, 422, 512, 526, 527, 485, 486, 487, 488, 489, 490, 491, 492, 493, 494, 495, 496, 497, 498, 499, 500, 501, 502, 503, 504, 505, 506, 507, 508, 509, 510, 511]",True,"[41, 50, 78, 89, 522, 560]","[0, 1, 2, 3, 4, 5, 6, 7, 8, 9, 10, 11, 12, 13, 14, 15, 16, 17, 18, 19, 20, 21, 22, 23, 24, 25, 26, 27, 28, 29, 30, 31, 32, 33, 34, 35, 36, 37, 38, 39, 40, 41, 42, 43, 44, 45, 46, 47, 48, 49, 50, 51, 52, 53, 54, 55, 56, 57, 58, 59, 60, 61, 62, 63, 64, 65, 66, 67, 68, 69, 70, 71, 72, 73, 74, 75, 76, 77, 78, 79, 80, 81, 82, 83, 84, 85, 86, 87, 88, 89, 90, 91, 92, 93, 94, 95, 96, 97, 98, 99, 100, 101, 102, 485, 486, 487, 488, 489, 490, 491, 492, 493, 494, 495, 496, 497, 498, 499, 500, 501, 502, 503, 504, 505, 506, 507, 508, 509, 510, 511, 512, 513, 514, 515, 516, 517, 518, 519, 520, 521, 522, 523, 524, 525, 526, 527, 528, 529, 530, 531, 532, 533, 534, 535, 536, 537, 538, 539, 540, 541, 542, 543, 544, 545, 546, 547, 548, 549, 550, 551, 552, 553, 554, 555, 556, 557, 558, 559, 560, 561, 562, 563, 564, 565, 566, 567, 568, 569, 570, 571, 572, 573]","[17, 41, 50, 59, 78, 89, 502, 522, 535, 560]","[17, 42, 59, 72, 210, 388, 405, 502, 535, 540, 680, 838, 854]","[17, 25, 39, 41, 50, 55, 57, 59, 69, 78, 119, 174, 188, 189, 220, 250, 299, 486, 502, 520, 522, 532, 534, 535, 544, 590, 645, 659, 660, 713, 758]","[17, 18, 19, 20, 21, 22, 23, 156, 157, 158, 159, 160, 161, 162, 163, 164, 165, 166, 167, 168, 340, 341, 342, 343, 344, 345, 346, 412, 413, 414, 415, 416, 417, 418, 419, 420, 421, 422, 502, 503, 504, 505, 506, 507, 628, 629, 630, 631, 632, 633, 634, 635, 636, 637, 638, 639, 792, 796, 797, 798, 799, 800, 801, 863, 864, 865, 866, 867, 868, 869, 870, 871, 872, 873, 874]",[],7/6 successful match,True,"[199, 200, 201]",True,166,False,,0.86625,True,Barney's Auto / Truck Plaza ( Valero ),Valero
Yuma ( 85365 ) Barney's Auto / Truck Plaza # 33 ( Flying J #,928-342-2696 I-8 Exit 12 ( Fortuna Rd ),J FLYING # 50524 J 24 RS,Yuma,85365,Barney's Auto / Truck Plaza # 33 ( Flying J #,928-342-2696,2015,Yuma,AZ,Flying J,( Fortuna Rd ),I-8 Exit 12 ,Exit,12,False,,False,I-8,,,,,"[17, 502]","[41, 50, 78, 89, 522, 560]","[17, 41, 50, 59, 78, 89, 502, 522, 535, 560]","[17, 42, 59, 72, 210, 388, 405, 502, 535, 540, 680, 838, 854]","[0, 1, 2, 3, 4, 5, 6, 7, 8, 9, 10, 11, 12, 13, 14, 15, 16, 17, 18, 19, 20, 21, 22, 23, 24, 25, 26, 27, 28, 29, 30, 31, 32, 33, 34, 35, 36, 37, 38, 39, 40, 41, 42, 43, 44, 45, 46, 47, 48, 49, 50, 51, 52, 53, 54, 55, 56, 57, 58, 59, 60, 61, 62, 63, 64, 65, 66, 67, 68, 69, 70, 71, 72, 73, 74, 75, 76, 77, 78, 79, 80, 81, 82, 83, 84, 85, 86, 87, 88, 89, 90, 91, 92, 93, 94, 95, 96, 97, 98, 99, 100, 101, 102, 485, 486, 487, 488, 489, 490, 491, 492, 493, 494, 495, 496, 497, 498, 499, 500, 501, 502, 503, 504, 505, 506, 507, 508, 509, 510, 511, 512, 513, 514, 515, 516, 517, 518, 519, 520, 521, 522, 523, 524, 525, 526, 527, 528, 529, 530, 531, 532, 533, 534, 535, 536, 537, 538, 539, 540, 541, 542, 543, 544, 545, 546, 547, 548, 549, 550, 551, 552, 553, 554, 555, 556, 557, 558, 559, 560, 561, 562, 563, 564, 565, 566, 567, 568, 569, 570, 571, 572, 573]","[17, 25, 39, 41, 50, 55, 57, 59, 69, 78, 119, 174, 188, 189, 220, 250, 299, 486, 502, 520, 522, 532, 534, 535, 544, 590, 645, 659, 660, 713, 758]","[17, 18, 19, 20, 21, 22, 23, 156, 157, 158, 159, 160, 161, 162, 163, 164, 165, 166, 167, 341, 342, 343, 344, 345, 412, 413, 414, 415, 416, 417, 418, 419, 420, 421, 422, 502, 503, 504, 505, 506, 507, 628, 629, 630, 631, 632, 633, 634, 635, 636, 637, 638, 639, 792, 797, 798, 799, 800, 801, 863, 864, 865, 866, 867, 868, 869, 870, 871, 872, 873, 874]","[17, 18, 19, 20, 21, 22, 23, 156, 157, 158, 159, 160, 161, 162, 163, 164, 165, 166, 167, 168, 340, 341, 342, 343, 344, 345, 346, 412, 413, 414, 415, 416, 417, 418, 419, 420, 421, 422, 502, 503, 504, 505, 506, 507, 628, 629, 630, 631, 632, 633, 634, 635, 636, 637, 638, 639, 792, 796, 797, 798, 799, 800, 801, 863, 864, 865, 866, 867, 868, 869, 870, 871, 872, 873, 874]","[0, 1, 2, 3, 4, 5, 6, 7, 8, 9, 522, 10, 11, 12, 13, 14, 15, 17, 16, 18, 19, 20, 21, 535, 22, 23, 24, 25, 540, 26, 27, 28, 29, 30, 31, 32, 33, 34, 35, 36, 37, 41, 42, 38, 39, 40, 43, 44, 560, 45, 50, 46, 47, 48, 49, 51, 52, 53, 54, 59, 55, 56, 57, 58, 60, 61, 62, 63, 64, 65, 66, 67, 72, 68, 69, 70, 71, 73, 78, 74, 75, 76, 77, 79, 80, 81, 82, 83, 84, 89, 85, 86, 87, 88, 90, 91, 92, 93, 94, 95, 96, 97, 98, 99, 100, 101, 102, 529, 530, 513, 531, 628, 532, 629, 119, 630, 631, 533, 632, 633, 634, 635, 534, 636, 637, 638, 639, 645, 514, 536, 537, 538, 659, 660, 539, 156, 157, 158, 159, 160, 515, 541, 161, 162, 163, 164, 542, 680, 165, 166, 167, 543, 168, 174, 544, 545, 516, 546, 188, 189, 547, 548, 713, 549, 550, 210, 517, 551, 552, 220, 553, 554, 555, 518, 556, 557, 758, 558, 250, 559, 519, 561, 562, 563, 564, 792, 565, 796, 797, 520, 798, 566, 799, 800, 801, 567, 568, 299, 569, 570, 521, 571, 572, 573, 838, 340, 341, 854, 342, 343, 344, 345, 346, 863, 864, 865, 866, 867, 868, 869, 870, 871, 872, 523, 873, 874, 528, 524, 388, 405, 590, 525, 412, 413, 414, 415, 416, 417, 418, 419, 420, 421, 422, 512, 526, 527, 485, 486, 487, 488, 489, 490, 491, 492, 493, 494, 495, 496, 497, 498, 499, 500, 501, 502, 503, 504, 505, 506, 507, 508, 509, 510, 511]",True,"[41, 50, 78, 89, 522, 560]","[0, 1, 2, 3, 4, 5, 6, 7, 8, 9, 10, 11, 12, 13, 14, 15, 16, 17, 18, 19, 20, 21, 22, 23, 24, 25, 26, 27, 28, 29, 30, 31, 32, 33, 34, 35, 36, 37, 38, 39, 40, 41, 42, 43, 44, 45, 46, 47, 48, 49, 50, 51, 52, 53, 54, 55, 56, 57, 58, 59, 60, 61, 62, 63, 64, 65, 66, 67, 68, 69, 70, 71, 72, 73, 74, 75, 76, 77, 78, 79, 80, 81, 82, 83, 84, 85, 86, 87, 88, 89, 90, 91, 92, 93, 94, 95, 96, 97, 98, 99, 100, 101, 102, 485, 486, 487, 488, 489, 490, 491, 492, 493, 494, 495, 496, 497, 498, 499, 500, 501, 502, 503, 504, 505, 506, 507, 508, 509, 510, 511, 512, 513, 514, 515, 516, 517, 518, 519, 520, 521, 522, 523, 524, 525, 526, 527, 528, 529, 530, 531, 532, 533, 534, 535, 536, 537, 538, 539, 540, 541, 542, 543, 544, 545, 546, 547, 548, 549, 550, 551, 552, 553, 554, 555, 556, 557, 558, 559, 560, 561, 562, 563, 564, 565, 566, 567, 568, 569, 570, 571, 572, 573]","[17, 41, 50, 59, 78, 89, 502, 522, 535, 560]","[17, 42, 59, 72, 210, 388, 405, 502, 535, 540, 680, 838, 854]","[17, 25, 39, 41, 50, 55, 57, 59, 69, 78, 119, 174, 188, 189, 220, 250, 299, 486, 502, 520, 522, 532, 534, 535, 544, 590, 645, 659, 660, 713, 758]","[17, 18, 19, 20, 21, 22, 23, 156, 157, 158, 159, 160, 161, 162, 163, 164, 165, 166, 167, 168, 340, 341, 342, 343, 344, 345, 346, 412, 413, 414, 415, 416, 417, 418, 419, 420, 421, 422, 502, 503, 504, 505, 506, 507, 628, 629, 630, 631, 632, 633, 634, 635, 636, 637, 638, 639, 792, 796, 797, 798, 799, 800, 801, 863, 864, 865, 866, 867, 868, 869, 870, 871, 872, 873, 874]","[17, 18, 19, 20, 21, 22, 23, 156, 157, 158, 159, 160, 161, 162, 163, 164, 165, 166, 167, 341, 342, 343, 344, 345, 412, 413, 414, 415, 416, 417, 418, 419, 420, 421, 422, 502, 503, 504, 505, 506, 507, 628, 629, 630, 631, 632, 633, 634, 635, 636, 637, 638, 639, 792, 797, 798, 799, 800, 801, 863, 864, 865, 866, 867, 868, 869, 870, 871, 872, 873, 874]",7/6 successful match,True,"[199, 200, 201]",True,166,False,,1.0,True,Barney's Auto / Truck Plaza I-8 # Exit 33 ( 3 Flying ) J #,
Yuma ( 85365 ) Giant # 6641 ( Flying J # 505 ),928-342-2696 I-8 Exit 12 ( Fortuna Rd ),FLYING J 24 L 24,Yuma,85365,Giant # 6641 ( Flying J # 505 ),928-342-2696,2016,Yuma,AZ,Flying J,( Fortuna Rd ),I-8 Exit 12 ,Exit,12,False,,False,I-8,,,,,"[17, 502]","[41, 50, 78, 89, 522, 560]","[17, 41, 50, 59, 78, 89, 502, 522, 535, 560]","[17, 42, 59, 72, 210, 388, 405, 502, 535, 540, 680, 838, 854]","[0, 1, 2, 3, 4, 5, 6, 7, 8, 9, 10, 11, 12, 13, 14, 15, 16, 17, 18, 19, 20, 21, 22, 23, 24, 25, 26, 27, 28, 29, 30, 31, 32, 33, 34, 35, 36, 37, 38, 39, 40, 41, 42, 43, 44, 45, 46, 47, 48, 49, 50, 51, 52, 53, 54, 55, 56, 57, 58, 59, 60, 61, 62, 63, 64, 65, 66, 67, 68, 69, 70, 71, 72, 73, 74, 75, 76, 77, 78, 79, 80, 81, 82, 83, 84, 85, 86, 87, 88, 89, 90, 91, 92, 93, 94, 95, 96, 97, 98, 99, 100, 101, 102, 485, 486, 487, 488, 489, 490, 491, 492, 493, 494, 495, 496, 497, 498, 499, 500, 501, 502, 503, 504, 505, 506, 507, 508, 509, 510, 511, 512, 513, 514, 515, 516, 517, 518, 519, 520, 521, 522, 523, 524, 525, 526, 527, 528, 529, 530, 531, 532, 533, 534, 535, 536, 537, 538, 539, 540, 541, 542, 543, 544, 545, 546, 547, 548, 549, 550, 551, 552, 553, 554, 555, 556, 557, 558, 559, 560, 561, 562, 563, 564, 565, 566, 567, 568, 569, 570, 571, 572, 573]","[17, 25, 39, 41, 50, 55, 57, 59, 69, 78, 119, 174, 188, 189, 220, 250, 299, 486, 502, 520, 522, 532, 534, 535, 544, 590, 645, 659, 660, 713, 758]","[17, 18, 19, 20, 21, 22, 23, 156, 157, 158, 159, 160, 161, 162, 163, 164, 165, 166, 167, 341, 342, 343, 344, 345, 412, 413, 414, 415, 416, 417, 418, 419, 420, 421, 422, 502, 503, 504, 505, 506, 507, 628, 629, 630, 631, 632, 633, 634, 635, 636, 637, 638, 639, 792, 797, 798, 799, 800, 801, 863, 864, 865, 866, 867, 868, 869, 870, 871, 872, 873, 874]","[17, 18, 19, 20, 21, 22, 23, 156, 157, 158, 159, 160, 161, 162, 163, 164, 165, 166, 167, 168, 340, 341, 342, 343, 344, 345, 346, 412, 413, 414, 415, 416, 417, 418, 419, 420, 421, 422, 502, 503, 504, 505, 506, 507, 628, 629, 630, 631, 632, 633, 634, 635, 636, 637, 638, 639, 792, 796, 797, 798, 799, 800, 801, 863, 864, 865, 866, 867, 868, 869, 870, 871, 872, 873, 874]","[0, 1, 2, 3, 4, 5, 6, 7, 8, 9, 522, 10, 11, 12, 13, 14, 15, 17, 16, 18, 19, 20, 21, 535, 22, 23, 24, 25, 540, 26, 27, 28, 29, 30, 31, 32, 33, 34, 35, 36, 37, 41, 42, 38, 39, 40, 43, 44, 560, 45, 50, 46, 47, 48, 49, 51, 52, 53, 54, 59, 55, 56, 57, 58, 60, 61, 62, 63, 64, 65, 66, 67, 72, 68, 69, 70, 71, 73, 78, 74, 75, 76, 77, 79, 80, 81, 82, 83, 84, 89, 85, 86, 87, 88, 90, 91, 92, 93, 94, 95, 96, 97, 98, 99, 100, 101, 102, 529, 530, 513, 531, 628, 532, 629, 119, 630, 631, 533, 632, 633, 634, 635, 534, 636, 637, 638, 639, 645, 514, 536, 537, 538, 659, 660, 539, 156, 157, 158, 159, 160, 515, 541, 161, 162, 163, 164, 542, 680, 165, 166, 167, 543, 168, 174, 544, 545, 516, 546, 188, 189, 547, 548, 713, 549, 550, 210, 517, 551, 552, 220, 553, 554, 555, 518, 556, 557, 758, 558, 250, 559, 519, 561, 562, 563, 564, 792, 565, 796, 797, 520, 798, 566, 799, 800, 801, 567, 568, 299, 569, 570, 521, 571, 572, 573, 838, 340, 341, 854, 342, 343, 344, 345, 346, 863, 864, 865, 866, 867, 868, 869, 870, 871, 872, 523, 873, 874, 528, 524, 388, 405, 590, 525, 412, 413, 414, 415, 416, 417, 418, 419, 420, 421, 422, 512, 526, 527, 485, 486, 487, 488, 489, 490, 491, 492, 493, 494, 495, 496, 497, 498, 499, 500, 501, 502, 503, 504, 505, 506, 507, 508, 509, 510, 511]",True,"[41, 50, 78, 89, 522, 560]","[0, 1, 2, 3, 4, 5, 6, 7, 8, 9, 10, 11, 12, 13, 14, 15, 16, 17, 18, 19, 20, 21, 22, 23, 24, 25, 26, 27, 28, 29, 30, 31, 32, 33, 34, 35, 36, 37, 38, 39, 40, 41, 42, 43, 44, 45, 46, 47, 48, 49, 50, 51, 52, 53, 54, 55, 56, 57, 58, 59, 60, 61, 62, 63, 64, 65, 66, 67, 68, 69, 70, 71, 72, 73, 74, 75, 76, 77, 78, 79, 80, 81, 82, 83, 84, 85, 86, 87, 88, 89, 90, 91, 92, 93, 94, 95, 96, 97, 98, 99, 100, 101, 102, 485, 486, 487, 488, 489, 490, 491, 492, 493, 494, 495, 496, 497, 498, 499, 500, 501, 502, 503, 504, 505, 506, 507, 508, 509, 510, 511, 512, 513, 514, 515, 516, 517, 518, 519, 520, 521, 522, 523, 524, 525, 526, 527, 528, 529, 530, 531, 532, 533, 534, 535, 536, 537, 538, 539, 540, 541, 542, 543, 544, 545, 546, 547, 548, 549, 550, 551, 552, 553, 554, 555, 556, 557, 558, 559, 560, 561, 562, 563, 564, 565, 566, 567, 568, 569, 570, 571, 572, 573]","[17, 41, 50, 59, 78, 89, 502, 522, 535, 560]","[17, 42, 59, 72, 210, 388, 405, 502, 535, 540, 680, 838, 854]","[17, 25, 39, 41, 50, 55, 57, 59, 69, 78, 119, 174, 188, 189, 220, 250, 299, 486, 502, 520, 522, 532, 534, 535, 544, 590, 645, 659, 660, 713, 758]","[17, 18, 19, 20, 21, 22, 23, 156, 157, 158, 159, 160, 161, 162, 163, 164, 165, 166, 167, 168, 340, 341, 342, 343, 344, 345, 346, 412, 413, 414, 415, 416, 417, 418, 419, 420, 421, 422, 502, 503, 504, 505, 506, 507, 628, 629, 630, 631, 632, 633, 634, 635, 636, 637, 638, 639, 792, 796, 797, 798, 799, 800, 801, 863, 864, 865, 866, 867, 868, 869, 870, 871, 872, 873, 874]","[17, 18, 19, 20, 21, 22, 23, 156, 157, 158, 159, 160, 161, 162, 163, 164, 165, 166, 167, 341, 342, 343, 344, 345, 412, 413, 414, 415, 416, 417, 418, 419, 420, 421, 422, 502, 503, 504, 505, 506, 507, 628, 629, 630, 631, 632, 633, 634, 635, 636, 637, 638, 639, 792, 797, 798, 799, 800, 801, 863, 864, 865, 866, 867, 868, 869, 870, 871, 872, 873, 874]",7/6 successful match,True,"[199, 200, 201]",True,166,False,,0.40714285714285714,True,Barney's Auto / Truck Plaza # 33 ( Flying J #,Flying J
"Yuma , 85365 Barney's # 30 ( Shamrock )",928-344-0160 3200 E US 80,,Yuma,85365,Barney's # 30 ( Shamrock ),928-344-0160,2006,Yuma,AZ,Shamrock,,3200 E US 80,Proper,,False,,False,US 80,,,,,"[560, 89]","[41, 50, 78, 89, 522, 560]","[17, 41, 50, 59, 78, 89, 502, 522, 535, 560]",[],"[0, 1, 2, 3, 4, 5, 6, 7, 8, 9, 10, 11, 12, 13, 14, 15, 16, 17, 18, 19, 20, 21, 22, 23, 24, 25, 26, 27, 28, 29, 30, 31, 32, 33, 34, 35, 36, 37, 38, 39, 40, 41, 42, 43, 44, 45, 46, 47, 48, 49, 50, 51, 52, 53, 54, 55, 56, 57, 58, 59, 60, 61, 62, 63, 64, 65, 66, 67, 68, 69, 70, 71, 72, 73, 74, 75, 76, 77, 78, 79, 80, 81, 82, 83, 84, 85, 86, 87, 88, 89, 90, 91, 92, 93, 94, 95, 96, 97, 98, 99, 100, 101, 102, 485, 486, 487, 488, 489, 490, 491, 492, 493, 494, 495, 496, 497, 498, 499, 500, 501, 502, 503, 504, 505, 506, 507, 508, 509, 510, 511, 512, 513, 514, 515, 516, 517, 518, 519, 520, 521, 522, 523, 524, 525, 526, 527, 528, 529, 530, 531, 532, 533, 534, 535, 536, 537, 538, 539, 540, 541, 542, 543, 544, 545, 546, 547, 548, 549, 550, 551, 552, 553, 554, 555, 556, 557, 558, 559, 560, 561, 562, 563, 564, 565, 566, 567, 568, 569, 570, 571, 572, 573]","[89, 108, 172, 217, 221, 239, 264, 280, 321, 342, 343, 344, 345, 346, 349, 351, 352, 355, 357, 359, 364, 368, 371, 372, 373, 374, 376, 377, 387, 392, 393, 403, 409, 411, 414, 424, 430, 449, 454, 470, 480, 560, 584, 643, 685, 703, 724, 739, 779, 798, 799, 800, 801, 804, 806, 807, 810, 812, 814, 816, 821, 822, 823, 824, 826, 827, 837, 842, 843, 852, 859, 862, 865, 869, 876, 882, 897, 901, 917, 932]",[],[],"[0, 1, 2, 3, 4, 5, 6, 7, 8, 9, 522, 10, 11, 12, 13, 14, 15, 17, 16, 18, 19, 20, 21, 535, 22, 23, 24, 25, 26, 27, 28, 29, 30, 31, 32, 33, 34, 35, 36, 37, 38, 41, 39, 40, 42, 43, 44, 45, 560, 46, 50, 47, 48, 49, 51, 52, 53, 54, 55, 59, 56, 57, 58, 60, 61, 62, 63, 64, 65, 66, 67, 68, 69, 70, 71, 72, 73, 74, 78, 75, 76, 77, 79, 80, 81, 82, 83, 84, 85, 89, 86, 87, 88, 90, 91, 92, 93, 94, 95, 96, 97, 98, 99, 100, 101, 102, 528, 529, 530, 108, 513, 531, 532, 533, 534, 643, 514, 536, 537, 538, 539, 540, 515, 541, 542, 543, 172, 685, 544, 545, 516, 546, 703, 547, 548, 549, 550, 517, 724, 551, 217, 552, 221, 553, 739, 554, 555, 518, 556, 239, 557, 558, 559, 519, 561, 264, 779, 562, 563, 564, 280, 565, 520, 798, 566, 799, 800, 801, 804, 567, 806, 807, 568, 810, 812, 814, 569, 816, 570, 821, 822, 521, 823, 571, 824, 826, 827, 572, 321, 573, 837, 842, 843, 852, 342, 343, 344, 345, 346, 859, 349, 862, 351, 352, 865, 355, 357, 869, 359, 523, 364, 876, 368, 882, 371, 372, 373, 374, 376, 377, 584, 897, 524, 387, 901, 392, 393, 403, 917, 409, 525, 411, 414, 932, 424, 430, 512, 526, 449, 454, 527, 470, 480, 485, 486, 487, 488, 489, 490, 491, 492, 493, 494, 495, 496, 497, 498, 499, 500, 501, 502, 503, 504, 505, 506, 507, 508, 509, 510, 511]",True,"[41, 50, 78, 89, 522, 560]","[0, 1, 2, 3, 4, 5, 6, 7, 8, 9, 10, 11, 12, 13, 14, 15, 16, 17, 18, 19, 20, 21, 22, 23, 24, 25, 26, 27, 28, 29, 30, 31, 32, 33, 34, 35, 36, 37, 38, 39, 40, 41, 42, 43, 44, 45, 46, 47, 48, 49, 50, 51, 52, 53, 54, 55, 56, 57, 58, 59, 60, 61, 62, 63, 64, 65, 66, 67, 68, 69, 70, 71, 72, 73, 74, 75, 76, 77, 78, 79, 80, 81, 82, 83, 84, 85, 86, 87, 88, 89, 90, 91, 92, 93, 94, 95, 96, 97, 98, 99, 100, 101, 102, 485, 486, 487, 488, 489, 490, 491, 492, 493, 494, 495, 496, 497, 498, 499, 500, 501, 502, 503, 504, 505, 506, 507, 508, 509, 510, 511, 512, 513, 514, 515, 516, 517, 518, 519, 520, 521, 522, 523, 524, 525, 526, 527, 528, 529, 530, 531, 532, 533, 534, 535, 536, 537, 538, 539, 540, 541, 542, 543, 544, 545, 546, 547, 548, 549, 550, 551, 552, 553, 554, 555, 556, 557, 558, 559, 560, 561, 562, 563, 564, 565, 566, 567, 568, 569, 570, 571, 572, 573]","[17, 41, 50, 59, 78, 89, 502, 522, 535, 560]",[],"[89, 108, 172, 217, 221, 239, 264, 280, 321, 342, 343, 344, 345, 346, 349, 351, 352, 355, 357, 359, 364, 368, 371, 372, 373, 374, 376, 377, 387, 392, 393, 403, 409, 411, 414, 424, 430, 449, 454, 470, 480, 560, 584, 643, 685, 703, 724, 739, 779, 798, 799, 800, 801, 804, 806, 807, 810, 812, 814, 816, 821, 822, 823, 824, 826, 827, 837, 842, 843, 852, 859, 862, 865, 869, 876, 882, 897, 901, 917, 932]",[],[],7/6 successful match,True,[448],True,167,False,,,,,
"Yuma , 85365 Barney's # 30 (",928-344-0160 3200 E US 80 Valero ),MOO,Yuma,85365,Barney's # 30 (,928-344-0160,2007,Yuma,AZ,,,3200 E US 80 Valero ,Proper,,False,,False,US 80,,,,,"[560, 89]","[41, 50, 78, 89, 522, 560]","[17, 41, 50, 59, 78, 89, 502, 522, 535, 560]",[],"[0, 1, 2, 3, 4, 5, 6, 7, 8, 9, 10, 11, 12, 13, 14, 15, 16, 17, 18, 19, 20, 21, 22, 23, 24, 25, 26, 27, 28, 29, 30, 31, 32, 33, 34, 35, 36, 37, 38, 39, 40, 41, 42, 43, 44, 45, 46, 47, 48, 49, 50, 51, 52, 53, 54, 55, 56, 57, 58, 59, 60, 61, 62, 63, 64, 65, 66, 67, 68, 69, 70, 71, 72, 73, 74, 75, 76, 77, 78, 79, 80, 81, 82, 83, 84, 85, 86, 87, 88, 89, 90, 91, 92, 93, 94, 95, 96, 97, 98, 99, 100, 101, 102, 485, 486, 487, 488, 489, 490, 491, 492, 493, 494, 495, 496, 497, 498, 499, 500, 501, 502, 503, 504, 505, 506, 507, 508, 509, 510, 511, 512, 513, 514, 515, 516, 517, 518, 519, 520, 521, 522, 523, 524, 525, 526, 527, 528, 529, 530, 531, 532, 533, 534, 535, 536, 537, 538, 539, 540, 541, 542, 543, 544, 545, 546, 547, 548, 549, 550, 551, 552, 553, 554, 555, 556, 557, 558, 559, 560, 561, 562, 563, 564, 565, 566, 567, 568, 569, 570, 571, 572, 573]","[89, 108, 172, 217, 221, 239, 264, 280, 321, 342, 343, 344, 345, 346, 349, 351, 352, 355, 357, 359, 364, 368, 371, 372, 373, 374, 376, 377, 387, 392, 393, 403, 409, 411, 414, 424, 430, 449, 454, 470, 480, 560, 584, 643, 685, 703, 724, 739, 779, 798, 799, 800, 801, 804, 806, 807, 810, 812, 814, 816, 821, 822, 823, 824, 826, 827, 837, 842, 843, 852, 859, 862, 865, 869, 876, 882, 897, 901, 917, 932]",[],[],"[0, 1, 2, 3, 4, 5, 6, 7, 8, 9, 522, 10, 11, 12, 13, 14, 15, 17, 16, 18, 19, 20, 21, 535, 22, 23, 24, 25, 26, 27, 28, 29, 30, 31, 32, 33, 34, 35, 36, 37, 38, 41, 39, 40, 42, 43, 44, 45, 560, 46, 50, 47, 48, 49, 51, 52, 53, 54, 55, 59, 56, 57, 58, 60, 61, 62, 63, 64, 65, 66, 67, 68, 69, 70, 71, 72, 73, 74, 78, 75, 76, 77, 79, 80, 81, 82, 83, 84, 85, 89, 86, 87, 88, 90, 91, 92, 93, 94, 95, 96, 97, 98, 99, 100, 101, 102, 528, 529, 530, 108, 513, 531, 532, 533, 534, 643, 514, 536, 537, 538, 539, 540, 515, 541, 542, 543, 172, 685, 544, 545, 516, 546, 703, 547, 548, 549, 550, 517, 724, 551, 217, 552, 221, 553, 739, 554, 555, 518, 556, 239, 557, 558, 559, 519, 561, 264, 779, 562, 563, 564, 280, 565, 520, 798, 566, 799, 800, 801, 804, 567, 806, 807, 568, 810, 812, 814, 569, 816, 570, 821, 822, 521, 823, 571, 824, 826, 827, 572, 321, 573, 837, 842, 843, 852, 342, 343, 344, 345, 346, 859, 349, 862, 351, 352, 865, 355, 357, 869, 359, 523, 364, 876, 368, 882, 371, 372, 373, 374, 376, 377, 584, 897, 524, 387, 901, 392, 393, 403, 917, 409, 525, 411, 414, 932, 424, 430, 512, 526, 449, 454, 527, 470, 480, 485, 486, 487, 488, 489, 490, 491, 492, 493, 494, 495, 496, 497, 498, 499, 500, 501, 502, 503, 504, 505, 506, 507, 508, 509, 510, 511]",True,"[41, 50, 78, 89, 522, 560]","[0, 1, 2, 3, 4, 5, 6, 7, 8, 9, 10, 11, 12, 13, 14, 15, 16, 17, 18, 19, 20, 21, 22, 23, 24, 25, 26, 27, 28, 29, 30, 31, 32, 33, 34, 35, 36, 37, 38, 39, 40, 41, 42, 43, 44, 45, 46, 47, 48, 49, 50, 51, 52, 53, 54, 55, 56, 57, 58, 59, 60, 61, 62, 63, 64, 65, 66, 67, 68, 69, 70, 71, 72, 73, 74, 75, 76, 77, 78, 79, 80, 81, 82, 83, 84, 85, 86, 87, 88, 89, 90, 91, 92, 93, 94, 95, 96, 97, 98, 99, 100, 101, 102, 485, 486, 487, 488, 489, 490, 491, 492, 493, 494, 495, 496, 497, 498, 499, 500, 501, 502, 503, 504, 505, 506, 507, 508, 509, 510, 511, 512, 513, 514, 515, 516, 517, 518, 519, 520, 521, 522, 523, 524, 525, 526, 527, 528, 529, 530, 531, 532, 533, 534, 535, 536, 537, 538, 539, 540, 541, 542, 543, 544, 545, 546, 547, 548, 549, 550, 551, 552, 553, 554, 555, 556, 557, 558, 559, 560, 561, 562, 563, 564, 565, 566, 567, 568, 569, 570, 571, 572, 573]","[17, 41, 50, 59, 78, 89, 502, 522, 535, 560]",[],"[89, 108, 172, 217, 221, 239, 264, 280, 321, 342, 343, 344, 345, 346, 349, 351, 352, 355, 357, 359, 364, 368, 371, 372, 373, 374, 376, 377, 387, 392, 393, 403, 409, 411, 414, 424, 430, 449, 454, 470, 480, 560, 584, 643, 685, 703, 724, 739, 779, 798, 799, 800, 801, 804, 806, 807, 810, 812, 814, 816, 821, 822, 823, 824, 826, 827, 837, 842, 843, 852, 859, 862, 865, 869, 876, 882, 897, 901, 917, 932]",[],[],7/6 successful match,True,[448],True,167,False,,0.9861788617886179,True,Barney's # 30 ( Shamrock ),Shamrock
"Yuma , 85365 Barney's # 30 ( Valero )",928-344-0160 3200 E US 80,S <U+2610><U+2610>,Yuma,85365,Barney's # 30 ( Valero ),928-344-0160,2008,Yuma,AZ,Valero,,3200 E US 80,Proper,,False,,False,US 80,,,,,"[560, 89]","[41, 50, 78, 89, 522, 560]","[17, 41, 50, 59, 78, 89, 502, 522, 535, 560]",[],"[0, 1, 2, 3, 4, 5, 6, 7, 8, 9, 10, 11, 12, 13, 14, 15, 16, 17, 18, 19, 20, 21, 22, 23, 24, 25, 26, 27, 28, 29, 30, 31, 32, 33, 34, 35, 36, 37, 38, 39, 40, 41, 42, 43, 44, 45, 46, 47, 48, 49, 50, 51, 52, 53, 54, 55, 56, 57, 58, 59, 60, 61, 62, 63, 64, 65, 66, 67, 68, 69, 70, 71, 72, 73, 74, 75, 76, 77, 78, 79, 80, 81, 82, 83, 84, 85, 86, 87, 88, 89, 90, 91, 92, 93, 94, 95, 96, 97, 98, 99, 100, 101, 102, 485, 486, 487, 488, 489, 490, 491, 492, 493, 494, 495, 496, 497, 498, 499, 500, 501, 502, 503, 504, 505, 506, 507, 508, 509, 510, 511, 512, 513, 514, 515, 516, 517, 518, 519, 520, 521, 522, 523, 524, 525, 526, 527, 528, 529, 530, 531, 532, 533, 534, 535, 536, 537, 538, 539, 540, 541, 542, 543, 544, 545, 546, 547, 548, 549, 550, 551, 552, 553, 554, 555, 556, 557, 558, 559, 560, 561, 562, 563, 564, 565, 566, 567, 568, 569, 570, 571, 572, 573]","[89, 108, 172, 217, 221, 239, 264, 280, 321, 342, 343, 344, 345, 346, 349, 351, 352, 355, 357, 359, 364, 368, 371, 372, 373, 374, 376, 377, 387, 392, 393, 403, 409, 411, 414, 424, 430, 449, 454, 470, 480, 560, 584, 643, 685, 703, 724, 739, 779, 798, 799, 800, 801, 804, 806, 807, 810, 812, 814, 816, 821, 822, 823, 824, 826, 827, 837, 842, 843, 852, 859, 862, 865, 869, 876, 882, 897, 901, 917, 932]","[2, 9, 10, 82, 111, 112, 113, 199, 279, 284, 285, 300, 488, 494, 495, 553, 581, 582, 583, 670, 738, 743, 744, 759, 818]","[2, 9, 10, 82, 111, 112, 113, 199, 279, 284, 285, 300, 488, 494, 495, 553, 581, 582, 583, 670, 738, 743, 744, 759, 818]","[0, 1, 2, 3, 4, 5, 6, 7, 8, 9, 522, 10, 11, 12, 13, 14, 15, 17, 16, 18, 19, 20, 21, 535, 22, 23, 24, 25, 26, 27, 28, 29, 30, 31, 32, 33, 34, 35, 36, 37, 38, 41, 39, 40, 42, 43, 44, 45, 560, 46, 50, 47, 48, 49, 51, 52, 53, 54, 55, 59, 56, 57, 58, 60, 61, 62, 63, 64, 65, 66, 67, 68, 69, 70, 71, 72, 73, 74, 78, 75, 76, 77, 79, 80, 81, 82, 83, 84, 85, 89, 86, 87, 88, 90, 91, 92, 93, 94, 95, 96, 97, 98, 99, 100, 101, 102, 528, 529, 530, 108, 513, 531, 111, 112, 113, 532, 533, 534, 643, 514, 536, 537, 538, 539, 540, 670, 515, 541, 542, 543, 172, 685, 544, 545, 516, 546, 703, 547, 548, 199, 549, 550, 517, 724, 551, 217, 552, 221, 553, 738, 739, 554, 743, 744, 555, 518, 556, 239, 557, 759, 558, 559, 519, 561, 264, 779, 562, 563, 564, 279, 280, 565, 284, 285, 520, 798, 566, 799, 800, 801, 804, 567, 806, 807, 568, 810, 812, 300, 814, 569, 816, 818, 570, 821, 822, 521, 823, 571, 824, 826, 827, 572, 321, 573, 837, 842, 843, 852, 342, 343, 344, 345, 346, 859, 349, 862, 351, 352, 865, 355, 357, 869, 359, 523, 364, 876, 581, 368, 582, 882, 371, 372, 373, 374, 583, 376, 377, 584, 897, 524, 387, 901, 392, 393, 403, 917, 409, 525, 411, 414, 932, 424, 430, 512, 526, 449, 454, 527, 470, 480, 485, 486, 487, 488, 489, 490, 491, 492, 493, 494, 495, 496, 497, 498, 499, 500, 501, 502, 503, 504, 505, 506, 507, 508, 509, 510, 511]",True,"[41, 50, 78, 89, 522, 560]","[0, 1, 2, 3, 4, 5, 6, 7, 8, 9, 10, 11, 12, 13, 14, 15, 16, 17, 18, 19, 20, 21, 22, 23, 24, 25, 26, 27, 28, 29, 30, 31, 32, 33, 34, 35, 36, 37, 38, 39, 40, 41, 42, 43, 44, 45, 46, 47, 48, 49, 50, 51, 52, 53, 54, 55, 56, 57, 58, 59, 60, 61, 62, 63, 64, 65, 66, 67, 68, 69, 70, 71, 72, 73, 74, 75, 76, 77, 78, 79, 80, 81, 82, 83, 84, 85, 86, 87, 88, 89, 90, 91, 92, 93, 94, 95, 96, 97, 98, 99, 100, 101, 102, 485, 486, 487, 488, 489, 490, 491, 492, 493, 494, 495, 496, 497, 498, 499, 500, 501, 502, 503, 504, 505, 506, 507, 508, 509, 510, 511, 512, 513, 514, 515, 516, 517, 518, 519, 520, 521, 522, 523, 524, 525, 526, 527, 528, 529, 530, 531, 532, 533, 534, 535, 536, 537, 538, 539, 540, 541, 542, 543, 544, 545, 546, 547, 548, 549, 550, 551, 552, 553, 554, 555, 556, 557, 558, 559, 560, 561, 562, 563, 564, 565, 566, 567, 568, 569, 570, 571, 572, 573]","[17, 41, 50, 59, 78, 89, 502, 522, 535, 560]",[],"[89, 108, 172, 217, 221, 239, 264, 280, 321, 342, 343, 344, 345, 346, 349, 351, 352, 355, 357, 359, 364, 368, 371, 372, 373, 374, 376, 377, 387, 392, 393, 403, 409, 411, 414, 424, 430, 449, 454, 470, 480, 560, 584, 643, 685, 703, 724, 739, 779, 798, 799, 800, 801, 804, 806, 807, 810, 812, 814, 816, 821, 822, 823, 824, 826, 827, 837, 842, 843, 852, 859, 862, 865, 869, 876, 882, 897, 901, 917, 932]","[2, 9, 10, 82, 111, 112, 113, 199, 279, 284, 285, 300, 488, 494, 495, 553, 581, 582, 583, 670, 738, 743, 744, 759, 818]","[2, 9, 10, 82, 111, 112, 113, 199, 279, 284, 285, 300, 488, 494, 495, 553, 581, 582, 583, 670, 738, 743, 744, 759, 818]",5/6 successful match,True,[448],True,167,False,,0.9974358974358974,True,Barney's # 30 (,
Yuma ( 85365 ) Barney's # 30 ( Shell ),928-344-0160 3200 E 32nd St ( SE of I-8 Exit 3 ),2 24 M D,Yuma,85365,Barney's # 30 ( Shell ),928-344-0160,2014,Yuma,AZ,Shell,( SE of I-8 Exit 3 ),3200 E 32nd St,Proper,,False,,False,32nd St,,,,,"[560, 89]","[41, 50, 78, 89, 522, 560]","[17, 41, 50, 59, 78, 89, 502, 522, 535, 560]",[],"[0, 1, 2, 3, 4, 5, 6, 7, 8, 9, 10, 11, 12, 13, 14, 15, 16, 17, 18, 19, 20, 21, 22, 23, 24, 25, 26, 27, 28, 29, 30, 31, 32, 33, 34, 35, 36, 37, 38, 39, 40, 41, 42, 43, 44, 45, 46, 47, 48, 49, 50, 51, 52, 53, 54, 55, 56, 57, 58, 59, 60, 61, 62, 63, 64, 65, 66, 67, 68, 69, 70, 71, 72, 73, 74, 75, 76, 77, 78, 79, 80, 81, 82, 83, 84, 85, 86, 87, 88, 89, 90, 91, 92, 93, 94, 95, 96, 97, 98, 99, 100, 101, 102, 485, 486, 487, 488, 489, 490, 491, 492, 493, 494, 495, 496, 497, 498, 499, 500, 501, 502, 503, 504, 505, 506, 507, 508, 509, 510, 511, 512, 513, 514, 515, 516, 517, 518, 519, 520, 521, 522, 523, 524, 525, 526, 527, 528, 529, 530, 531, 532, 533, 534, 535, 536, 537, 538, 539, 540, 541, 542, 543, 544, 545, 546, 547, 548, 549, 550, 551, 552, 553, 554, 555, 556, 557, 558, 559, 560, 561, 562, 563, 564, 565, 566, 567, 568, 569, 570, 571, 572, 573]","[89, 560]","[1, 13, 14, 29, 54, 55, 56, 57, 58, 60, 102, 118, 125, 127, 130, 134, 146, 149, 153, 175, 182, 187, 189, 191, 197, 225, 230, 238, 264, 265, 266, 286, 302, 317, 336, 379, 388, 389, 425, 454, 458, 463, 475, 487, 498, 499, 512, 530, 531, 532, 533, 534, 536, 573, 589, 596, 598, 601, 605, 617, 620, 624, 646, 653, 658, 660, 662, 668, 689, 694, 702, 724, 725, 745, 760, 775, 793, 829, 838, 839, 877, 901, 903, 905, 910, 923]","[1, 13, 14, 29, 54, 55, 56, 57, 58, 60, 102, 118, 125, 127, 130, 134, 146, 149, 153, 175, 182, 187, 189, 191, 197, 225, 230, 238, 264, 265, 266, 286, 302, 317, 336, 354, 379, 388, 389, 425, 454, 458, 463, 475, 487, 498, 499, 512, 530, 531, 532, 533, 534, 536, 573, 589, 596, 598, 601, 605, 617, 620, 624, 646, 653, 658, 660, 662, 668, 689, 694, 702, 724, 725, 745, 760, 775, 793, 809, 829, 838, 839, 877, 901, 903, 905, 910, 923]","[0, 1, 2, 3, 4, 5, 6, 7, 8, 9, 522, 10, 11, 12, 13, 14, 15, 17, 16, 18, 19, 20, 21, 535, 22, 23, 24, 25, 26, 27, 28, 29, 30, 31, 32, 33, 34, 35, 36, 37, 38, 41, 39, 40, 42, 43, 44, 45, 560, 46, 50, 47, 48, 49, 51, 52, 53, 54, 55, 59, 56, 57, 58, 60, 61, 62, 63, 64, 65, 66, 67, 68, 69, 70, 71, 72, 73, 74, 78, 75, 76, 77, 79, 80, 81, 82, 83, 84, 85, 89, 86, 87, 88, 90, 91, 92, 93, 94, 95, 96, 97, 98, 99, 100, 101, 102, 528, 529, 530, 617, 620, 513, 531, 624, 532, 118, 533, 125, 534, 127, 130, 134, 646, 514, 536, 653, 537, 146, 538, 658, 149, 660, 662, 539, 153, 668, 540, 515, 541, 542, 543, 175, 689, 544, 182, 545, 694, 516, 187, 546, 189, 702, 191, 547, 197, 548, 549, 550, 517, 724, 551, 725, 552, 553, 225, 554, 230, 555, 745, 518, 556, 238, 557, 558, 760, 559, 519, 561, 264, 265, 266, 775, 562, 563, 564, 793, 565, 520, 286, 566, 567, 809, 568, 302, 569, 570, 521, 571, 317, 572, 829, 573, 838, 839, 336, 354, 523, 877, 379, 524, 388, 389, 901, 903, 905, 910, 589, 525, 923, 425, 512, 526, 596, 598, 454, 458, 527, 463, 601, 475, 605, 485, 486, 487, 488, 489, 490, 491, 492, 493, 494, 495, 496, 497, 498, 499, 500, 501, 502, 503, 504, 505, 506, 507, 508, 509, 510, 511]",True,"[41, 50, 78, 89, 522, 560]","[0, 1, 2, 3, 4, 5, 6, 7, 8, 9, 10, 11, 12, 13, 14, 15, 16, 17, 18, 19, 20, 21, 22, 23, 24, 25, 26, 27, 28, 29, 30, 31, 32, 33, 34, 35, 36, 37, 38, 39, 40, 41, 42, 43, 44, 45, 46, 47, 48, 49, 50, 51, 52, 53, 54, 55, 56, 57, 58, 59, 60, 61, 62, 63, 64, 65, 66, 67, 68, 69, 70, 71, 72, 73, 74, 75, 76, 77, 78, 79, 80, 81, 82, 83, 84, 85, 86, 87, 88, 89, 90, 91, 92, 93, 94, 95, 96, 97, 98, 99, 100, 101, 102, 485, 486, 487, 488, 489, 490, 491, 492, 493, 494, 495, 496, 497, 498, 499, 500, 501, 502, 503, 504, 505, 506, 507, 508, 509, 510, 511, 512, 513, 514, 515, 516, 517, 518, 519, 520, 521, 522, 523, 524, 525, 526, 527, 528, 529, 530, 531, 532, 533, 534, 535, 536, 537, 538, 539, 540, 541, 542, 543, 544, 545, 546, 547, 548, 549, 550, 551, 552, 553, 554, 555, 556, 557, 558, 559, 560, 561, 562, 563, 564, 565, 566, 567, 568, 569, 570, 571, 572, 573]","[17, 41, 50, 59, 78, 89, 502, 522, 535, 560]",[],"[89, 560]","[1, 13, 14, 29, 54, 55, 56, 57, 58, 60, 102, 118, 125, 127, 130, 134, 146, 149, 153, 175, 182, 187, 189, 191, 197, 225, 230, 238, 264, 265, 266, 286, 302, 317, 336, 354, 379, 388, 389, 425, 454, 458, 463, 475, 487, 498, 499, 512, 530, 531, 532, 533, 534, 536, 573, 589, 596, 598, 601, 605, 617, 620, 624, 646, 653, 658, 660, 662, 668, 689, 694, 702, 724, 725, 745, 760, 775, 793, 809, 829, 838, 839, 877, 901, 903, 905, 910, 923]","[1, 13, 14, 29, 54, 55, 56, 57, 58, 60, 102, 118, 125, 127, 130, 134, 146, 149, 153, 175, 182, 187, 189, 191, 197, 225, 230, 238, 264, 265, 266, 286, 302, 317, 336, 379, 388, 389, 425, 454, 458, 463, 475, 487, 498, 499, 512, 530, 531, 532, 533, 534, 536, 573, 589, 596, 598, 601, 605, 617, 620, 624, 646, 653, 658, 660, 662, 668, 689, 694, 702, 724, 725, 745, 760, 775, 793, 829, 838, 839, 877, 901, 903, 905, 910, 923]",5/6 successful match,True,[448],True,167,False,,1.0,False,Barney's # 30 ( Valero ),Valero
Yuma ( 85365 ) Giant # 6636 ( 76 ),928-344-0160 3200 E 32nd St ( SE of I-8 Exit 3,S,Yuma,85365,Giant # 6636 ( 76 ),928-344-0160,2015,Yuma,AZ,,( SE of I-8 Exit 3,3200 E 32nd St,Proper,,False,,False,32nd St,,,,,"[560, 89]","[41, 50, 78, 89, 522, 560]","[17, 41, 50, 59, 78, 89, 502, 522, 535, 560]",[],"[0, 1, 2, 3, 4, 5, 6, 7, 8, 9, 10, 11, 12, 13, 14, 15, 16, 17, 18, 19, 20, 21, 22, 23, 24, 25, 26, 27, 28, 29, 30, 31, 32, 33, 34, 35, 36, 37, 38, 39, 40, 41, 42, 43, 44, 45, 46, 47, 48, 49, 50, 51, 52, 53, 54, 55, 56, 57, 58, 59, 60, 61, 62, 63, 64, 65, 66, 67, 68, 69, 70, 71, 72, 73, 74, 75, 76, 77, 78, 79, 80, 81, 82, 83, 84, 85, 86, 87, 88, 89, 90, 91, 92, 93, 94, 95, 96, 97, 98, 99, 100, 101, 102, 485, 486, 487, 488, 489, 490, 491, 492, 493, 494, 495, 496, 497, 498, 499, 500, 501, 502, 503, 504, 505, 506, 507, 508, 509, 510, 511, 512, 513, 514, 515, 516, 517, 518, 519, 520, 521, 522, 523, 524, 525, 526, 527, 528, 529, 530, 531, 532, 533, 534, 535, 536, 537, 538, 539, 540, 541, 542, 543, 544, 545, 546, 547, 548, 549, 550, 551, 552, 553, 554, 555, 556, 557, 558, 559, 560, 561, 562, 563, 564, 565, 566, 567, 568, 569, 570, 571, 572, 573]","[89, 560]",[],"[84, 87, 89, 114, 115, 117, 124, 132, 135, 144, 152, 178, 239, 268, 281, 297, 318, 320, 327, 348, 394, 555, 558, 560, 585, 586, 588, 595, 603, 606, 615, 623, 649, 703, 727, 740, 756, 776, 778, 785, 803, 844]","[0, 1, 2, 3, 4, 5, 6, 7, 8, 9, 522, 10, 11, 12, 13, 14, 15, 17, 16, 18, 19, 20, 21, 535, 22, 23, 24, 25, 26, 27, 28, 29, 30, 31, 32, 33, 34, 35, 36, 37, 38, 41, 39, 40, 42, 43, 44, 45, 560, 46, 50, 47, 48, 49, 51, 52, 53, 54, 55, 59, 56, 57, 58, 60, 61, 62, 63, 64, 65, 66, 67, 68, 69, 70, 71, 72, 73, 74, 78, 75, 76, 77, 79, 80, 81, 82, 83, 84, 85, 89, 86, 87, 88, 90, 91, 92, 93, 94, 95, 96, 97, 98, 99, 100, 101, 102, 528, 529, 530, 615, 513, 531, 623, 114, 115, 532, 117, 533, 124, 534, 132, 135, 514, 536, 649, 537, 144, 538, 539, 152, 540, 515, 541, 542, 543, 544, 178, 545, 516, 546, 703, 547, 548, 549, 550, 517, 551, 727, 552, 553, 554, 740, 555, 518, 556, 239, 557, 756, 558, 559, 519, 561, 776, 778, 562, 268, 563, 785, 564, 281, 565, 520, 566, 803, 567, 297, 568, 569, 570, 521, 571, 572, 318, 320, 573, 327, 844, 348, 523, 585, 524, 586, 394, 606, 588, 525, 512, 595, 526, 527, 603, 485, 486, 487, 488, 489, 490, 491, 492, 493, 494, 495, 496, 497, 498, 499, 500, 501, 502, 503, 504, 505, 506, 507, 508, 509, 510, 511]",True,"[41, 50, 78, 89, 522, 560]","[0, 1, 2, 3, 4, 5, 6, 7, 8, 9, 10, 11, 12, 13, 14, 15, 16, 17, 18, 19, 20, 21, 22, 23, 24, 25, 26, 27, 28, 29, 30, 31, 32, 33, 34, 35, 36, 37, 38, 39, 40, 41, 42, 43, 44, 45, 46, 47, 48, 49, 50, 51, 52, 53, 54, 55, 56, 57, 58, 59, 60, 61, 62, 63, 64, 65, 66, 67, 68, 69, 70, 71, 72, 73, 74, 75, 76, 77, 78, 79, 80, 81, 82, 83, 84, 85, 86, 87, 88, 89, 90, 91, 92, 93, 94, 95, 96, 97, 98, 99, 100, 101, 102, 485, 486, 487, 488, 489, 490, 491, 492, 493, 494, 495, 496, 497, 498, 499, 500, 501, 502, 503, 504, 505, 506, 507, 508, 509, 510, 511, 512, 513, 514, 515, 516, 517, 518, 519, 520, 521, 522, 523, 524, 525, 526, 527, 528, 529, 530, 531, 532, 533, 534, 535, 536, 537, 538, 539, 540, 541, 542, 543, 544, 545, 546, 547, 548, 549, 550, 551, 552, 553, 554, 555, 556, 557, 558, 559, 560, 561, 562, 563, 564, 565, 566, 567, 568, 569, 570, 571, 572, 573]","[17, 41, 50, 59, 78, 89, 502, 522, 535, 560]",[],"[89, 560]","[84, 87, 89, 114, 115, 117, 124, 132, 135, 144, 152, 178, 239, 268, 281, 297, 318, 320, 327, 348, 394, 555, 558, 560, 585, 586, 588, 595, 603, 606, 615, 623, 649, 703, 727, 740, 756, 776, 778, 785, 803, 844]",[],7/6 successful match,True,[448],True,167,False,,0.2619047619047619,True,Barney's # 30 ( Shell ),Shell
Yuma ( 85365 ) Giant # 6636 ( 76 ),928-344-0160 3200 E 32nd St ( SE of I-8 Exit 3 ),24 SO <U+25A1> O,Yuma,85365,Giant # 6636 ( 76 ),928-344-0160,2016,Yuma,AZ,,( SE of I-8 Exit 3 ),3200 E 32nd St,Proper,,False,,False,32nd St,,,,,"[560, 89]","[41, 50, 78, 89, 522, 560]","[17, 41, 50, 59, 78, 89, 502, 522, 535, 560]",[],"[0, 1, 2, 3, 4, 5, 6, 7, 8, 9, 10, 11, 12, 13, 14, 15, 16, 17, 18, 19, 20, 21, 22, 23, 24, 25, 26, 27, 28, 29, 30, 31, 32, 33, 34, 35, 36, 37, 38, 39, 40, 41, 42, 43, 44, 45, 46, 47, 48, 49, 50, 51, 52, 53, 54, 55, 56, 57, 58, 59, 60, 61, 62, 63, 64, 65, 66, 67, 68, 69, 70, 71, 72, 73, 74, 75, 76, 77, 78, 79, 80, 81, 82, 83, 84, 85, 86, 87, 88, 89, 90, 91, 92, 93, 94, 95, 96, 97, 98, 99, 100, 101, 102, 485, 486, 487, 488, 489, 490, 491, 492, 493, 494, 495, 496, 497, 498, 499, 500, 501, 502, 503, 504, 505, 506, 507, 508, 509, 510, 511, 512, 513, 514, 515, 516, 517, 518, 519, 520, 521, 522, 523, 524, 525, 526, 527, 528, 529, 530, 531, 532, 533, 534, 535, 536, 537, 538, 539, 540, 541, 542, 543, 544, 545, 546, 547, 548, 549, 550, 551, 552, 553, 554, 555, 556, 557, 558, 559, 560, 561, 562, 563, 564, 565, 566, 567, 568, 569, 570, 571, 572, 573]","[89, 560]",[],"[84, 87, 89, 114, 115, 117, 124, 132, 135, 144, 152, 178, 239, 268, 281, 297, 318, 320, 327, 348, 394, 555, 558, 560, 585, 586, 588, 595, 603, 606, 615, 623, 649, 703, 727, 740, 756, 776, 778, 785, 803, 844]","[0, 1, 2, 3, 4, 5, 6, 7, 8, 9, 522, 10, 11, 12, 13, 14, 15, 17, 16, 18, 19, 20, 21, 535, 22, 23, 24, 25, 26, 27, 28, 29, 30, 31, 32, 33, 34, 35, 36, 37, 38, 41, 39, 40, 42, 43, 44, 45, 560, 46, 50, 47, 48, 49, 51, 52, 53, 54, 55, 59, 56, 57, 58, 60, 61, 62, 63, 64, 65, 66, 67, 68, 69, 70, 71, 72, 73, 74, 78, 75, 76, 77, 79, 80, 81, 82, 83, 84, 85, 89, 86, 87, 88, 90, 91, 92, 93, 94, 95, 96, 97, 98, 99, 100, 101, 102, 528, 529, 530, 615, 513, 531, 623, 114, 115, 532, 117, 533, 124, 534, 132, 135, 514, 536, 649, 537, 144, 538, 539, 152, 540, 515, 541, 542, 543, 544, 178, 545, 516, 546, 703, 547, 548, 549, 550, 517, 551, 727, 552, 553, 554, 740, 555, 518, 556, 239, 557, 756, 558, 559, 519, 561, 776, 778, 562, 268, 563, 785, 564, 281, 565, 520, 566, 803, 567, 297, 568, 569, 570, 521, 571, 572, 318, 320, 573, 327, 844, 348, 523, 585, 524, 586, 394, 606, 588, 525, 512, 595, 526, 527, 603, 485, 486, 487, 488, 489, 490, 491, 492, 493, 494, 495, 496, 497, 498, 499, 500, 501, 502, 503, 504, 505, 506, 507, 508, 509, 510, 511]",True,"[41, 50, 78, 89, 522, 560]","[0, 1, 2, 3, 4, 5, 6, 7, 8, 9, 10, 11, 12, 13, 14, 15, 16, 17, 18, 19, 20, 21, 22, 23, 24, 25, 26, 27, 28, 29, 30, 31, 32, 33, 34, 35, 36, 37, 38, 39, 40, 41, 42, 43, 44, 45, 46, 47, 48, 49, 50, 51, 52, 53, 54, 55, 56, 57, 58, 59, 60, 61, 62, 63, 64, 65, 66, 67, 68, 69, 70, 71, 72, 73, 74, 75, 76, 77, 78, 79, 80, 81, 82, 83, 84, 85, 86, 87, 88, 89, 90, 91, 92, 93, 94, 95, 96, 97, 98, 99, 100, 101, 102, 485, 486, 487, 488, 489, 490, 491, 492, 493, 494, 495, 496, 497, 498, 499, 500, 501, 502, 503, 504, 505, 506, 507, 508, 509, 510, 511, 512, 513, 514, 515, 516, 517, 518, 519, 520, 521, 522, 523, 524, 525, 526, 527, 528, 529, 530, 531, 532, 533, 534, 535, 536, 537, 538, 539, 540, 541, 542, 543, 544, 545, 546, 547, 548, 549, 550, 551, 552, 553, 554, 555, 556, 557, 558, 559, 560, 561, 562, 563, 564, 565, 566, 567, 568, 569, 570, 571, 572, 573]","[17, 41, 50, 59, 78, 89, 502, 522, 535, 560]",[],"[89, 560]","[84, 87, 89, 114, 115, 117, 124, 132, 135, 144, 152, 178, 239, 268, 281, 297, 318, 320, 327, 348, 394, 555, 558, 560, 585, 586, 588, 595, 603, 606, 615, 623, 649, 703, 727, 740, 756, 776, 778, 785, 803, 844]",[],7/6 successful match,True,[448],True,167,False,,1.0,True,Giant # 6636 ( 76 ),
"Central Heights , 85539 Dave's Fast Stop # 4 ( Chevron )",928-425-3297 2060 US 60-70 ( MM 248 ),24,Central Heights,85539,Dave's Fast Stop # 4 ( Chevron ),928-425-3297,2006,Miami,AZ,Chevron,( MM 248 ),2060 US 60-70,Proper,,False,,False,US 60-70,,,,,"[497, 12]",[],"[12, 497]",[],"[0, 1, 2, 3, 4, 5, 6, 7, 8, 9, 10, 11, 12, 13, 14, 15, 16, 17, 18, 19, 20, 21, 22, 23, 24, 25, 26, 27, 28, 29, 30, 31, 32, 33, 34, 35, 36, 37, 38, 39, 40, 41, 42, 43, 44, 45, 46, 47, 48, 49, 50, 51, 52, 53, 54, 55, 56, 57, 58, 59, 60, 61, 62, 63, 64, 65, 66, 67, 68, 69, 70, 71, 72, 73, 74, 75, 76, 77, 78, 79, 80, 81, 82, 83, 84, 85, 86, 87, 88, 89, 90, 91, 92, 93, 94, 95, 96, 97, 98, 99, 100, 101, 102, 485, 486, 487, 488, 489, 490, 491, 492, 493, 494, 495, 496, 497, 498, 499, 500, 501, 502, 503, 504, 505, 506, 507, 508, 509, 510, 511, 512, 513, 514, 515, 516, 517, 518, 519, 520, 521, 522, 523, 524, 525, 526, 527, 528, 529, 530, 531, 532, 533, 534, 535, 536, 537, 538, 539, 540, 541, 542, 543, 544, 545, 546, 547, 548, 549, 550, 551, 552, 553, 554, 555, 556, 557, 558, 559, 560, 561, 562, 563, 564, 565, 566, 567, 568, 569, 570, 571, 572, 573]","[12, 54, 179, 219, 225, 399, 421, 432, 434, 461, 462, 466, 469, 476, 479, 497, 530, 650, 689, 848, 873, 884, 886, 908, 909, 913, 916, 925, 930]","[12, 24, 25, 28, 88, 100, 104, 119, 123, 129, 136, 137, 139, 140, 141, 148, 155, 169, 172, 179, 183, 185, 188, 196, 198, 217, 237, 267, 270, 278, 319, 321, 324, 325, 330, 334, 335, 354, 366, 369, 380, 383, 384, 386, 395, 407, 411, 423, 428, 436, 437, 452, 453, 456, 467, 471, 477, 478, 479, 497, 508, 511, 559, 571, 575, 590, 594, 600, 607, 608, 610, 611, 612, 619, 627, 640, 643, 650, 654, 656, 659, 667, 669, 685, 701, 726, 729, 737, 777, 779, 782, 783, 787, 790, 791, 809, 817, 819, 830, 833, 834, 836, 845, 856, 857, 860, 862, 875, 880, 887, 888, 899, 900, 914, 918, 921, 928, 929, 930]","[12, 24, 25, 28, 88, 100, 104, 119, 123, 129, 136, 137, 139, 140, 141, 148, 155, 169, 172, 179, 183, 185, 188, 196, 198, 217, 237, 267, 270, 278, 319, 321, 324, 325, 330, 334, 335, 354, 366, 369, 380, 383, 384, 386, 395, 407, 411, 423, 428, 436, 437, 452, 453, 456, 467, 471, 477, 478, 479, 497, 508, 511, 559, 571, 575, 590, 594, 600, 607, 608, 610, 611, 612, 619, 627, 640, 643, 650, 654, 656, 659, 667, 669, 685, 701, 726, 729, 737, 777, 779, 782, 783, 787, 790, 791, 809, 817, 819, 830, 833, 834, 836, 845, 856, 857, 860, 862, 875, 880, 887, 888, 899, 900, 914, 918, 921, 928, 929, 930]","[0, 1, 2, 3, 4, 5, 6, 7, 8, 9, 10, 11, 12, 13, 14, 15, 16, 17, 18, 19, 20, 21, 22, 23, 24, 25, 26, 27, 28, 29, 30, 31, 32, 33, 34, 35, 36, 37, 38, 39, 40, 41, 42, 43, 44, 45, 46, 47, 48, 49, 50, 51, 52, 53, 54, 55, 56, 57, 58, 59, 60, 61, 62, 63, 64, 65, 66, 67, 68, 69, 70, 71, 72, 73, 74, 75, 76, 77, 78, 79, 80, 81, 82, 83, 84, 85, 86, 87, 88, 89, 90, 91, 92, 93, 94, 95, 96, 97, 98, 99, 100, 101, 102, 104, 119, 123, 129, 136, 137, 139, 140, 141, 148, 155, 169, 172, 179, 183, 185, 188, 196, 198, 217, 219, 225, 237, 267, 270, 278, 319, 321, 324, 325, 330, 334, 335, 354, 366, 369, 380, 383, 384, 386, 395, 399, 407, 411, 421, 423, 428, 432, 434, 436, 437, 452, 453, 456, 461, 462, 466, 467, 469, 471, 476, 477, 478, 479, 485, 486, 487, 488, 489, 490, 491, 492, 493, 494, 495, 496, 497, 498, 499, 500, 501, 502, 503, 504, 505, 506, 507, 508, 509, 510, 511, 512, 513, 514, 515, 516, 517, 518, 519, 520, 521, 522, 523, 524, 525, 526, 527, 528, 529, 530, 531, 532, 533, 534, 535, 536, 537, 538, 539, 540, 541, 542, 543, 544, 545, 546, 547, 548, 549, 550, 551, 552, 553, 554, 555, 556, 557, 558, 559, 560, 561, 562, 563, 564, 565, 566, 567, 568, 569, 570, 571, 572, 573, 575, 590, 594, 600, 607, 608, 610, 611, 612, 619, 627, 640, 643, 650, 654, 656, 659, 667, 669, 685, 689, 701, 726, 729, 737, 777, 779, 782, 783, 787, 790, 791, 809, 817, 819, 830, 833, 834, 836, 845, 848, 856, 857, 860, 862, 873, 875, 880, 884, 886, 887, 888, 899, 900, 908, 909, 913, 914, 916, 918, 921, 925, 928, 929, 930]",True,[],"[0, 1, 2, 3, 4, 5, 6, 7, 8, 9, 10, 11, 12, 13, 14, 15, 16, 17, 18, 19, 20, 21, 22, 23, 24, 25, 26, 27, 28, 29, 30, 31, 32, 33, 34, 35, 36, 37, 38, 39, 40, 41, 42, 43, 44, 45, 46, 47, 48, 49, 50, 51, 52, 53, 54, 55, 56, 57, 58, 59, 60, 61, 62, 63, 64, 65, 66, 67, 68, 69, 70, 71, 72, 73, 74, 75, 76, 77, 78, 79, 80, 81, 82, 83, 84, 85, 86, 87, 88, 89, 90, 91, 92, 93, 94, 95, 96, 97, 98, 99, 100, 101, 102, 485, 486, 487, 488, 489, 490, 491, 492, 493, 494, 495, 496, 497, 498, 499, 500, 501, 502, 503, 504, 505, 506, 507, 508, 509, 510, 511, 512, 513, 514, 515, 516, 517, 518, 519, 520, 521, 522, 523, 524, 525, 526, 527, 528, 529, 530, 531, 532, 533, 534, 535, 536, 537, 538, 539, 540, 541, 542, 543, 544, 545, 546, 547, 548, 549, 550, 551, 552, 553, 554, 555, 556, 557, 558, 559, 560, 561, 562, 563, 564, 565, 566, 567, 568, 569, 570, 571, 572, 573]","[12, 497]",[],"[12, 54, 179, 219, 225, 399, 421, 432, 434, 461, 462, 466, 469, 476, 479, 497, 530, 650, 689, 848, 873, 884, 886, 908, 909, 913, 916, 925, 930]","[12, 24, 25, 28, 88, 100, 104, 119, 123, 129, 136, 137, 139, 140, 141, 148, 155, 169, 172, 179, 183, 185, 188, 196, 198, 217, 237, 267, 270, 278, 319, 321, 324, 325, 330, 334, 335, 354, 366, 369, 380, 383, 384, 386, 395, 407, 411, 423, 428, 436, 437, 452, 453, 456, 467, 471, 477, 478, 479, 497, 508, 511, 559, 571, 575, 590, 594, 600, 607, 608, 610, 611, 612, 619, 627, 640, 643, 650, 654, 656, 659, 667, 669, 685, 701, 726, 729, 737, 777, 779, 782, 783, 787, 790, 791, 809, 817, 819, 830, 833, 834, 836, 845, 856, 857, 860, 862, 875, 880, 887, 888, 899, 900, 914, 918, 921, 928, 929, 930]","[12, 24, 25, 28, 88, 100, 104, 119, 123, 129, 136, 137, 139, 140, 141, 148, 155, 169, 172, 179, 183, 185, 188, 196, 198, 217, 237, 267, 270, 278, 319, 321, 324, 325, 330, 334, 335, 354, 366, 369, 380, 383, 384, 386, 395, 407, 411, 423, 428, 436, 437, 452, 453, 456, 467, 471, 477, 478, 479, 497, 508, 511, 559, 571, 575, 590, 594, 600, 607, 608, 610, 611, 612, 619, 627, 640, 643, 650, 654, 656, 659, 667, 669, 685, 701, 726, 729, 737, 777, 779, 782, 783, 787, 790, 791, 809, 817, 819, 830, 833, 834, 836, 845, 856, 857, 860, 862, 875, 880, 887, 888, 899, 900, 914, 918, 921, 928, 929, 930]",7/6 successful match,True,[773],True,168,False,,,,,
"Central Heights , 85539 Dave's Fast Stop # 4 ( Chevron ) )",928-425-3297 2060 US 60-70 ( MM 248 ),000,Central Heights,85539,Dave's Fast Stop # 4 ( Chevron ) ),928-425-3297,2007,Miami,AZ,Chevron,( MM 248 ),2060 US 60-70,Proper,,False,,False,US 60-70,,,,,"[497, 12]",[],"[12, 497]",[],"[0, 1, 2, 3, 4, 5, 6, 7, 8, 9, 10, 11, 12, 13, 14, 15, 16, 17, 18, 19, 20, 21, 22, 23, 24, 25, 26, 27, 28, 29, 30, 31, 32, 33, 34, 35, 36, 37, 38, 39, 40, 41, 42, 43, 44, 45, 46, 47, 48, 49, 50, 51, 52, 53, 54, 55, 56, 57, 58, 59, 60, 61, 62, 63, 64, 65, 66, 67, 68, 69, 70, 71, 72, 73, 74, 75, 76, 77, 78, 79, 80, 81, 82, 83, 84, 85, 86, 87, 88, 89, 90, 91, 92, 93, 94, 95, 96, 97, 98, 99, 100, 101, 102, 485, 486, 487, 488, 489, 490, 491, 492, 493, 494, 495, 496, 497, 498, 499, 500, 501, 502, 503, 504, 505, 506, 507, 508, 509, 510, 511, 512, 513, 514, 515, 516, 517, 518, 519, 520, 521, 522, 523, 524, 525, 526, 527, 528, 529, 530, 531, 532, 533, 534, 535, 536, 537, 538, 539, 540, 541, 542, 543, 544, 545, 546, 547, 548, 549, 550, 551, 552, 553, 554, 555, 556, 557, 558, 559, 560, 561, 562, 563, 564, 565, 566, 567, 568, 569, 570, 571, 572, 573]","[12, 54, 179, 219, 225, 399, 421, 432, 434, 461, 462, 466, 469, 476, 479, 497, 530, 650, 689, 848, 873, 884, 886, 908, 909, 913, 916, 925, 930]","[12, 24, 25, 28, 88, 100, 104, 119, 123, 129, 136, 137, 139, 140, 141, 148, 155, 169, 172, 179, 183, 185, 188, 196, 198, 217, 237, 267, 270, 278, 319, 321, 324, 325, 330, 334, 335, 354, 366, 369, 380, 383, 384, 386, 395, 407, 411, 423, 428, 436, 437, 452, 453, 456, 467, 471, 477, 478, 479, 497, 508, 511, 559, 571, 575, 590, 594, 600, 607, 608, 610, 611, 612, 619, 627, 640, 643, 650, 654, 656, 659, 667, 669, 685, 701, 726, 729, 737, 777, 779, 782, 783, 787, 790, 791, 809, 817, 819, 830, 833, 834, 836, 845, 856, 857, 860, 862, 875, 880, 887, 888, 899, 900, 914, 918, 921, 928, 929, 930]","[12, 24, 25, 28, 88, 100, 104, 119, 123, 129, 136, 137, 139, 140, 141, 148, 155, 169, 172, 179, 183, 185, 188, 196, 198, 217, 237, 267, 270, 278, 319, 321, 324, 325, 330, 334, 335, 354, 366, 369, 380, 383, 384, 386, 395, 407, 411, 423, 428, 436, 437, 452, 453, 456, 467, 471, 477, 478, 479, 497, 508, 511, 559, 571, 575, 590, 594, 600, 607, 608, 610, 611, 612, 619, 627, 640, 643, 650, 654, 656, 659, 667, 669, 685, 701, 726, 729, 737, 777, 779, 782, 783, 787, 790, 791, 809, 817, 819, 830, 833, 834, 836, 845, 856, 857, 860, 862, 875, 880, 887, 888, 899, 900, 914, 918, 921, 928, 929, 930]","[0, 1, 2, 3, 4, 5, 6, 7, 8, 9, 10, 11, 12, 13, 14, 15, 16, 17, 18, 19, 20, 21, 22, 23, 24, 25, 26, 27, 28, 29, 30, 31, 32, 33, 34, 35, 36, 37, 38, 39, 40, 41, 42, 43, 44, 45, 46, 47, 48, 49, 50, 51, 52, 53, 54, 55, 56, 57, 58, 59, 60, 61, 62, 63, 64, 65, 66, 67, 68, 69, 70, 71, 72, 73, 74, 75, 76, 77, 78, 79, 80, 81, 82, 83, 84, 85, 86, 87, 88, 89, 90, 91, 92, 93, 94, 95, 96, 97, 98, 99, 100, 101, 102, 104, 119, 123, 129, 136, 137, 139, 140, 141, 148, 155, 169, 172, 179, 183, 185, 188, 196, 198, 217, 219, 225, 237, 267, 270, 278, 319, 321, 324, 325, 330, 334, 335, 354, 366, 369, 380, 383, 384, 386, 395, 399, 407, 411, 421, 423, 428, 432, 434, 436, 437, 452, 453, 456, 461, 462, 466, 467, 469, 471, 476, 477, 478, 479, 485, 486, 487, 488, 489, 490, 491, 492, 493, 494, 495, 496, 497, 498, 499, 500, 501, 502, 503, 504, 505, 506, 507, 508, 509, 510, 511, 512, 513, 514, 515, 516, 517, 518, 519, 520, 521, 522, 523, 524, 525, 526, 527, 528, 529, 530, 531, 532, 533, 534, 535, 536, 537, 538, 539, 540, 541, 542, 543, 544, 545, 546, 547, 548, 549, 550, 551, 552, 553, 554, 555, 556, 557, 558, 559, 560, 561, 562, 563, 564, 565, 566, 567, 568, 569, 570, 571, 572, 573, 575, 590, 594, 600, 607, 608, 610, 611, 612, 619, 627, 640, 643, 650, 654, 656, 659, 667, 669, 685, 689, 701, 726, 729, 737, 777, 779, 782, 783, 787, 790, 791, 809, 817, 819, 830, 833, 834, 836, 845, 848, 856, 857, 860, 862, 873, 875, 880, 884, 886, 887, 888, 899, 900, 908, 909, 913, 914, 916, 918, 921, 925, 928, 929, 930]",True,[],"[0, 1, 2, 3, 4, 5, 6, 7, 8, 9, 10, 11, 12, 13, 14, 15, 16, 17, 18, 19, 20, 21, 22, 23, 24, 25, 26, 27, 28, 29, 30, 31, 32, 33, 34, 35, 36, 37, 38, 39, 40, 41, 42, 43, 44, 45, 46, 47, 48, 49, 50, 51, 52, 53, 54, 55, 56, 57, 58, 59, 60, 61, 62, 63, 64, 65, 66, 67, 68, 69, 70, 71, 72, 73, 74, 75, 76, 77, 78, 79, 80, 81, 82, 83, 84, 85, 86, 87, 88, 89, 90, 91, 92, 93, 94, 95, 96, 97, 98, 99, 100, 101, 102, 485, 486, 487, 488, 489, 490, 491, 492, 493, 494, 495, 496, 497, 498, 499, 500, 501, 502, 503, 504, 505, 506, 507, 508, 509, 510, 511, 512, 513, 514, 515, 516, 517, 518, 519, 520, 521, 522, 523, 524, 525, 526, 527, 528, 529, 530, 531, 532, 533, 534, 535, 536, 537, 538, 539, 540, 541, 542, 543, 544, 545, 546, 547, 548, 549, 550, 551, 552, 553, 554, 555, 556, 557, 558, 559, 560, 561, 562, 563, 564, 565, 566, 567, 568, 569, 570, 571, 572, 573]","[12, 497]",[],"[12, 54, 179, 219, 225, 399, 421, 432, 434, 461, 462, 466, 469, 476, 479, 497, 530, 650, 689, 848, 873, 884, 886, 908, 909, 913, 916, 925, 930]","[12, 24, 25, 28, 88, 100, 104, 119, 123, 129, 136, 137, 139, 140, 141, 148, 155, 169, 172, 179, 183, 185, 188, 196, 198, 217, 237, 267, 270, 278, 319, 321, 324, 325, 330, 334, 335, 354, 366, 369, 380, 383, 384, 386, 395, 407, 411, 423, 428, 436, 437, 452, 453, 456, 467, 471, 477, 478, 479, 497, 508, 511, 559, 571, 575, 590, 594, 600, 607, 608, 610, 611, 612, 619, 627, 640, 643, 650, 654, 656, 659, 667, 669, 685, 701, 726, 729, 737, 777, 779, 782, 783, 787, 790, 791, 809, 817, 819, 830, 833, 834, 836, 845, 856, 857, 860, 862, 875, 880, 887, 888, 899, 900, 914, 918, 921, 928, 929, 930]","[12, 24, 25, 28, 88, 100, 104, 119, 123, 129, 136, 137, 139, 140, 141, 148, 155, 169, 172, 179, 183, 185, 188, 196, 198, 217, 237, 267, 270, 278, 319, 321, 324, 325, 330, 334, 335, 354, 366, 369, 380, 383, 384, 386, 395, 407, 411, 423, 428, 436, 437, 452, 453, 456, 467, 471, 477, 478, 479, 497, 508, 511, 559, 571, 575, 590, 594, 600, 607, 608, 610, 611, 612, 619, 627, 640, 643, 650, 654, 656, 659, 667, 669, 685, 701, 726, 729, 737, 777, 779, 782, 783, 787, 790, 791, 809, 817, 819, 830, 833, 834, 836, 845, 856, 857, 860, 862, 875, 880, 887, 888, 899, 900, 914, 918, 921, 928, 929, 930]",7/6 successful match,True,[773],True,168,False,,1.0,True,Dave's Fast Stop # 4 ( Chevron ),Chevron
"Central Heights , 85539 Dave's Fast Stop # 4 ( Chevron )",6 928-425-3297 2060 US 60-70 ( MM 248 ),HRS 24 S <U+2610> <U+2610> <U+2610> <U+2610>,Central Heights,85539,Dave's Fast Stop # 4 ( Chevron ),928-425-3297,2008,Miami,AZ,Chevron,( MM 248 ),2060 US 60-70,Proper,,False,,False,US 60-70,,,,,"[497, 12]",[],"[12, 497]",[],"[0, 1, 2, 3, 4, 5, 6, 7, 8, 9, 10, 11, 12, 13, 14, 15, 16, 17, 18, 19, 20, 21, 22, 23, 24, 25, 26, 27, 28, 29, 30, 31, 32, 33, 34, 35, 36, 37, 38, 39, 40, 41, 42, 43, 44, 45, 46, 47, 48, 49, 50, 51, 52, 53, 54, 55, 56, 57, 58, 59, 60, 61, 62, 63, 64, 65, 66, 67, 68, 69, 70, 71, 72, 73, 74, 75, 76, 77, 78, 79, 80, 81, 82, 83, 84, 85, 86, 87, 88, 89, 90, 91, 92, 93, 94, 95, 96, 97, 98, 99, 100, 101, 102, 485, 486, 487, 488, 489, 490, 491, 492, 493, 494, 495, 496, 497, 498, 499, 500, 501, 502, 503, 504, 505, 506, 507, 508, 509, 510, 511, 512, 513, 514, 515, 516, 517, 518, 519, 520, 521, 522, 523, 524, 525, 526, 527, 528, 529, 530, 531, 532, 533, 534, 535, 536, 537, 538, 539, 540, 541, 542, 543, 544, 545, 546, 547, 548, 549, 550, 551, 552, 553, 554, 555, 556, 557, 558, 559, 560, 561, 562, 563, 564, 565, 566, 567, 568, 569, 570, 571, 572, 573]","[12, 54, 179, 219, 225, 399, 421, 432, 434, 461, 462, 466, 469, 476, 479, 497, 530, 650, 689, 848, 873, 884, 886, 908, 909, 913, 916, 925, 930]","[12, 24, 25, 28, 88, 100, 104, 119, 123, 129, 136, 137, 139, 140, 141, 148, 155, 169, 172, 179, 183, 185, 188, 196, 198, 217, 237, 267, 270, 278, 319, 321, 324, 325, 330, 334, 335, 354, 366, 369, 380, 383, 384, 386, 395, 407, 411, 423, 428, 436, 437, 452, 453, 456, 467, 471, 477, 478, 479, 497, 508, 511, 559, 571, 575, 590, 594, 600, 607, 608, 610, 611, 612, 619, 627, 640, 643, 650, 654, 656, 659, 667, 669, 685, 701, 726, 729, 737, 777, 779, 782, 783, 787, 790, 791, 809, 817, 819, 830, 833, 834, 836, 845, 856, 857, 860, 862, 875, 880, 887, 888, 899, 900, 914, 918, 921, 928, 929, 930]","[12, 24, 25, 28, 88, 100, 104, 119, 123, 129, 136, 137, 139, 140, 141, 148, 155, 169, 172, 179, 183, 185, 188, 196, 198, 217, 237, 267, 270, 278, 319, 321, 324, 325, 330, 334, 335, 354, 366, 369, 380, 383, 384, 386, 395, 407, 411, 423, 428, 436, 437, 452, 453, 456, 467, 471, 477, 478, 479, 497, 508, 511, 559, 571, 575, 590, 594, 600, 607, 608, 610, 611, 612, 619, 627, 640, 643, 650, 654, 656, 659, 667, 669, 685, 701, 726, 729, 737, 777, 779, 782, 783, 787, 790, 791, 809, 817, 819, 830, 833, 834, 836, 845, 856, 857, 860, 862, 875, 880, 887, 888, 899, 900, 914, 918, 921, 928, 929, 930]","[0, 1, 2, 3, 4, 5, 6, 7, 8, 9, 10, 11, 12, 13, 14, 15, 16, 17, 18, 19, 20, 21, 22, 23, 24, 25, 26, 27, 28, 29, 30, 31, 32, 33, 34, 35, 36, 37, 38, 39, 40, 41, 42, 43, 44, 45, 46, 47, 48, 49, 50, 51, 52, 53, 54, 55, 56, 57, 58, 59, 60, 61, 62, 63, 64, 65, 66, 67, 68, 69, 70, 71, 72, 73, 74, 75, 76, 77, 78, 79, 80, 81, 82, 83, 84, 85, 86, 87, 88, 89, 90, 91, 92, 93, 94, 95, 96, 97, 98, 99, 100, 101, 102, 104, 119, 123, 129, 136, 137, 139, 140, 141, 148, 155, 169, 172, 179, 183, 185, 188, 196, 198, 217, 219, 225, 237, 267, 270, 278, 319, 321, 324, 325, 330, 334, 335, 354, 366, 369, 380, 383, 384, 386, 395, 399, 407, 411, 421, 423, 428, 432, 434, 436, 437, 452, 453, 456, 461, 462, 466, 467, 469, 471, 476, 477, 478, 479, 485, 486, 487, 488, 489, 490, 491, 492, 493, 494, 495, 496, 497, 498, 499, 500, 501, 502, 503, 504, 505, 506, 507, 508, 509, 510, 511, 512, 513, 514, 515, 516, 517, 518, 519, 520, 521, 522, 523, 524, 525, 526, 527, 528, 529, 530, 531, 532, 533, 534, 535, 536, 537, 538, 539, 540, 541, 542, 543, 544, 545, 546, 547, 548, 549, 550, 551, 552, 553, 554, 555, 556, 557, 558, 559, 560, 561, 562, 563, 564, 565, 566, 567, 568, 569, 570, 571, 572, 573, 575, 590, 594, 600, 607, 608, 610, 611, 612, 619, 627, 640, 643, 650, 654, 656, 659, 667, 669, 685, 689, 701, 726, 729, 737, 777, 779, 782, 783, 787, 790, 791, 809, 817, 819, 830, 833, 834, 836, 845, 848, 856, 857, 860, 862, 873, 875, 880, 884, 886, 887, 888, 899, 900, 908, 909, 913, 914, 916, 918, 921, 925, 928, 929, 930]",True,[],"[0, 1, 2, 3, 4, 5, 6, 7, 8, 9, 10, 11, 12, 13, 14, 15, 16, 17, 18, 19, 20, 21, 22, 23, 24, 25, 26, 27, 28, 29, 30, 31, 32, 33, 34, 35, 36, 37, 38, 39, 40, 41, 42, 43, 44, 45, 46, 47, 48, 49, 50, 51, 52, 53, 54, 55, 56, 57, 58, 59, 60, 61, 62, 63, 64, 65, 66, 67, 68, 69, 70, 71, 72, 73, 74, 75, 76, 77, 78, 79, 80, 81, 82, 83, 84, 85, 86, 87, 88, 89, 90, 91, 92, 93, 94, 95, 96, 97, 98, 99, 100, 101, 102, 485, 486, 487, 488, 489, 490, 491, 492, 493, 494, 495, 496, 497, 498, 499, 500, 501, 502, 503, 504, 505, 506, 507, 508, 509, 510, 511, 512, 513, 514, 515, 516, 517, 518, 519, 520, 521, 522, 523, 524, 525, 526, 527, 528, 529, 530, 531, 532, 533, 534, 535, 536, 537, 538, 539, 540, 541, 542, 543, 544, 545, 546, 547, 548, 549, 550, 551, 552, 553, 554, 555, 556, 557, 558, 559, 560, 561, 562, 563, 564, 565, 566, 567, 568, 569, 570, 571, 572, 573]","[12, 497]",[],"[12, 54, 179, 219, 225, 399, 421, 432, 434, 461, 462, 466, 469, 476, 479, 497, 530, 650, 689, 848, 873, 884, 886, 908, 909, 913, 916, 925, 930]","[12, 24, 25, 28, 88, 100, 104, 119, 123, 129, 136, 137, 139, 140, 141, 148, 155, 169, 172, 179, 183, 185, 188, 196, 198, 217, 237, 267, 270, 278, 319, 321, 324, 325, 330, 334, 335, 354, 366, 369, 380, 383, 384, 386, 395, 407, 411, 423, 428, 436, 437, 452, 453, 456, 467, 471, 477, 478, 479, 497, 508, 511, 559, 571, 575, 590, 594, 600, 607, 608, 610, 611, 612, 619, 627, 640, 643, 650, 654, 656, 659, 667, 669, 685, 701, 726, 729, 737, 777, 779, 782, 783, 787, 790, 791, 809, 817, 819, 830, 833, 834, 836, 845, 856, 857, 860, 862, 875, 880, 887, 888, 899, 900, 914, 918, 921, 928, 929, 930]","[12, 24, 25, 28, 88, 100, 104, 119, 123, 129, 136, 137, 139, 140, 141, 148, 155, 169, 172, 179, 183, 185, 188, 196, 198, 217, 237, 267, 270, 278, 319, 321, 324, 325, 330, 334, 335, 354, 366, 369, 380, 383, 384, 386, 395, 407, 411, 423, 428, 436, 437, 452, 453, 456, 467, 471, 477, 478, 479, 497, 508, 511, 559, 571, 575, 590, 594, 600, 607, 608, 610, 611, 612, 619, 627, 640, 643, 650, 654, 656, 659, 667, 669, 685, 701, 726, 729, 737, 777, 779, 782, 783, 787, 790, 791, 809, 817, 819, 830, 833, 834, 836, 845, 856, 857, 860, 862, 875, 880, 887, 888, 899, 900, 914, 918, 921, 928, 929, 930]",7/6 successful match,True,[773],True,168,False,,1.0,True,Dave's Fast Stop # 4 ( Chevron ) ),Chevron
G Central Heights ( 85539 ) Dave's Fast Stop ( Chevron ),928-425-3297 2060 US 60-70 ( MM 248 ),24 S D,Central Heights,85539,Dave's Fast Stop ( Chevron ),928-425-3297,2014,Miami,AZ,Chevron,( MM 248 ),2060 US 60-70,Proper,,False,,False,US 60-70,,,,,"[497, 12]",[],"[12, 497]",[],"[0, 1, 2, 3, 4, 5, 6, 7, 8, 9, 10, 11, 12, 13, 14, 15, 16, 17, 18, 19, 20, 21, 22, 23, 24, 25, 26, 27, 28, 29, 30, 31, 32, 33, 34, 35, 36, 37, 38, 39, 40, 41, 42, 43, 44, 45, 46, 47, 48, 49, 50, 51, 52, 53, 54, 55, 56, 57, 58, 59, 60, 61, 62, 63, 64, 65, 66, 67, 68, 69, 70, 71, 72, 73, 74, 75, 76, 77, 78, 79, 80, 81, 82, 83, 84, 85, 86, 87, 88, 89, 90, 91, 92, 93, 94, 95, 96, 97, 98, 99, 100, 101, 102, 485, 486, 487, 488, 489, 490, 491, 492, 493, 494, 495, 496, 497, 498, 499, 500, 501, 502, 503, 504, 505, 506, 507, 508, 509, 510, 511, 512, 513, 514, 515, 516, 517, 518, 519, 520, 521, 522, 523, 524, 525, 526, 527, 528, 529, 530, 531, 532, 533, 534, 535, 536, 537, 538, 539, 540, 541, 542, 543, 544, 545, 546, 547, 548, 549, 550, 551, 552, 553, 554, 555, 556, 557, 558, 559, 560, 561, 562, 563, 564, 565, 566, 567, 568, 569, 570, 571, 572, 573]","[12, 54, 179, 219, 225, 399, 421, 432, 434, 461, 462, 466, 469, 476, 479, 497, 530, 650, 689, 848, 873, 884, 886, 908, 909, 913, 916, 925, 930]","[12, 24, 25, 28, 88, 100, 104, 119, 123, 129, 136, 137, 139, 140, 141, 148, 155, 169, 172, 179, 183, 185, 188, 196, 198, 217, 237, 267, 270, 278, 319, 321, 324, 325, 330, 334, 335, 354, 366, 369, 380, 383, 384, 386, 395, 407, 411, 423, 428, 436, 437, 452, 453, 456, 467, 471, 477, 478, 479, 497, 508, 511, 559, 571, 575, 590, 594, 600, 607, 608, 610, 611, 612, 619, 627, 640, 643, 650, 654, 656, 659, 667, 669, 685, 701, 726, 729, 737, 777, 779, 782, 783, 787, 790, 791, 809, 817, 819, 830, 833, 834, 836, 845, 856, 857, 860, 862, 875, 880, 887, 888, 899, 900, 914, 918, 921, 928, 929, 930]","[12, 24, 25, 28, 88, 100, 104, 119, 123, 129, 136, 137, 139, 140, 141, 148, 155, 169, 172, 179, 183, 185, 188, 196, 198, 217, 237, 267, 270, 278, 319, 321, 324, 325, 330, 334, 335, 354, 366, 369, 380, 383, 384, 386, 395, 407, 411, 423, 428, 436, 437, 452, 453, 456, 467, 471, 477, 478, 479, 497, 508, 511, 559, 571, 575, 590, 594, 600, 607, 608, 610, 611, 612, 619, 627, 640, 643, 650, 654, 656, 659, 667, 669, 685, 701, 726, 729, 737, 777, 779, 782, 783, 787, 790, 791, 809, 817, 819, 830, 833, 834, 836, 845, 856, 857, 860, 862, 875, 880, 887, 888, 899, 900, 914, 918, 921, 928, 929, 930]","[0, 1, 2, 3, 4, 5, 6, 7, 8, 9, 10, 11, 12, 13, 14, 15, 16, 17, 18, 19, 20, 21, 22, 23, 24, 25, 26, 27, 28, 29, 30, 31, 32, 33, 34, 35, 36, 37, 38, 39, 40, 41, 42, 43, 44, 45, 46, 47, 48, 49, 50, 51, 52, 53, 54, 55, 56, 57, 58, 59, 60, 61, 62, 63, 64, 65, 66, 67, 68, 69, 70, 71, 72, 73, 74, 75, 76, 77, 78, 79, 80, 81, 82, 83, 84, 85, 86, 87, 88, 89, 90, 91, 92, 93, 94, 95, 96, 97, 98, 99, 100, 101, 102, 104, 119, 123, 129, 136, 137, 139, 140, 141, 148, 155, 169, 172, 179, 183, 185, 188, 196, 198, 217, 219, 225, 237, 267, 270, 278, 319, 321, 324, 325, 330, 334, 335, 354, 366, 369, 380, 383, 384, 386, 395, 399, 407, 411, 421, 423, 428, 432, 434, 436, 437, 452, 453, 456, 461, 462, 466, 467, 469, 471, 476, 477, 478, 479, 485, 486, 487, 488, 489, 490, 491, 492, 493, 494, 495, 496, 497, 498, 499, 500, 501, 502, 503, 504, 505, 506, 507, 508, 509, 510, 511, 512, 513, 514, 515, 516, 517, 518, 519, 520, 521, 522, 523, 524, 525, 526, 527, 528, 529, 530, 531, 532, 533, 534, 535, 536, 537, 538, 539, 540, 541, 542, 543, 544, 545, 546, 547, 548, 549, 550, 551, 552, 553, 554, 555, 556, 557, 558, 559, 560, 561, 562, 563, 564, 565, 566, 567, 568, 569, 570, 571, 572, 573, 575, 590, 594, 600, 607, 608, 610, 611, 612, 619, 627, 640, 643, 650, 654, 656, 659, 667, 669, 685, 689, 701, 726, 729, 737, 777, 779, 782, 783, 787, 790, 791, 809, 817, 819, 830, 833, 834, 836, 845, 848, 856, 857, 860, 862, 873, 875, 880, 884, 886, 887, 888, 899, 900, 908, 909, 913, 914, 916, 918, 921, 925, 928, 929, 930]",True,[],"[0, 1, 2, 3, 4, 5, 6, 7, 8, 9, 10, 11, 12, 13, 14, 15, 16, 17, 18, 19, 20, 21, 22, 23, 24, 25, 26, 27, 28, 29, 30, 31, 32, 33, 34, 35, 36, 37, 38, 39, 40, 41, 42, 43, 44, 45, 46, 47, 48, 49, 50, 51, 52, 53, 54, 55, 56, 57, 58, 59, 60, 61, 62, 63, 64, 65, 66, 67, 68, 69, 70, 71, 72, 73, 74, 75, 76, 77, 78, 79, 80, 81, 82, 83, 84, 85, 86, 87, 88, 89, 90, 91, 92, 93, 94, 95, 96, 97, 98, 99, 100, 101, 102, 485, 486, 487, 488, 489, 490, 491, 492, 493, 494, 495, 496, 497, 498, 499, 500, 501, 502, 503, 504, 505, 506, 507, 508, 509, 510, 511, 512, 513, 514, 515, 516, 517, 518, 519, 520, 521, 522, 523, 524, 525, 526, 527, 528, 529, 530, 531, 532, 533, 534, 535, 536, 537, 538, 539, 540, 541, 542, 543, 544, 545, 546, 547, 548, 549, 550, 551, 552, 553, 554, 555, 556, 557, 558, 559, 560, 561, 562, 563, 564, 565, 566, 567, 568, 569, 570, 571, 572, 573]","[12, 497]",[],"[12, 54, 179, 219, 225, 399, 421, 432, 434, 461, 462, 466, 469, 476, 479, 497, 530, 650, 689, 848, 873, 884, 886, 908, 909, 913, 916, 925, 930]","[12, 24, 25, 28, 88, 100, 104, 119, 123, 129, 136, 137, 139, 140, 141, 148, 155, 169, 172, 179, 183, 185, 188, 196, 198, 217, 237, 267, 270, 278, 319, 321, 324, 325, 330, 334, 335, 354, 366, 369, 380, 383, 384, 386, 395, 407, 411, 423, 428, 436, 437, 452, 453, 456, 467, 471, 477, 478, 479, 497, 508, 511, 559, 571, 575, 590, 594, 600, 607, 608, 610, 611, 612, 619, 627, 640, 643, 650, 654, 656, 659, 667, 669, 685, 701, 726, 729, 737, 777, 779, 782, 783, 787, 790, 791, 809, 817, 819, 830, 833, 834, 836, 845, 856, 857, 860, 862, 875, 880, 887, 888, 899, 900, 914, 918, 921, 928, 929, 930]","[12, 24, 25, 28, 88, 100, 104, 119, 123, 129, 136, 137, 139, 140, 141, 148, 155, 169, 172, 179, 183, 185, 188, 196, 198, 217, 237, 267, 270, 278, 319, 321, 324, 325, 330, 334, 335, 354, 366, 369, 380, 383, 384, 386, 395, 407, 411, 423, 428, 436, 437, 452, 453, 456, 467, 471, 477, 478, 479, 497, 508, 511, 559, 571, 575, 590, 594, 600, 607, 608, 610, 611, 612, 619, 627, 640, 643, 650, 654, 656, 659, 667, 669, 685, 701, 726, 729, 737, 777, 779, 782, 783, 787, 790, 791, 809, 817, 819, 830, 833, 834, 836, 845, 856, 857, 860, 862, 875, 880, 887, 888, 899, 900, 914, 918, 921, 928, 929, 930]",7/6 successful match,True,[773],True,168,False,,1.0,True,Dave's Fast Stop # 4 ( Chevron ),Chevron
Central Heights ( 85539 ) Dave's Fast Stop ( Chevron ) ),928-425-3297 2060 US 60-70 ( MM 248 ),24 SO,Central Heights,85539,Dave's Fast Stop ( Chevron ) ),928-425-3297,2015,Miami,AZ,Chevron,( MM 248 ),2060 US 60-70,Proper,,False,,False,US 60-70,,,,,"[497, 12]",[],"[12, 497]",[],"[0, 1, 2, 3, 4, 5, 6, 7, 8, 9, 10, 11, 12, 13, 14, 15, 16, 17, 18, 19, 20, 21, 22, 23, 24, 25, 26, 27, 28, 29, 30, 31, 32, 33, 34, 35, 36, 37, 38, 39, 40, 41, 42, 43, 44, 45, 46, 47, 48, 49, 50, 51, 52, 53, 54, 55, 56, 57, 58, 59, 60, 61, 62, 63, 64, 65, 66, 67, 68, 69, 70, 71, 72, 73, 74, 75, 76, 77, 78, 79, 80, 81, 82, 83, 84, 85, 86, 87, 88, 89, 90, 91, 92, 93, 94, 95, 96, 97, 98, 99, 100, 101, 102, 485, 486, 487, 488, 489, 490, 491, 492, 493, 494, 495, 496, 497, 498, 499, 500, 501, 502, 503, 504, 505, 506, 507, 508, 509, 510, 511, 512, 513, 514, 515, 516, 517, 518, 519, 520, 521, 522, 523, 524, 525, 526, 527, 528, 529, 530, 531, 532, 533, 534, 535, 536, 537, 538, 539, 540, 541, 542, 543, 544, 545, 546, 547, 548, 549, 550, 551, 552, 553, 554, 555, 556, 557, 558, 559, 560, 561, 562, 563, 564, 565, 566, 567, 568, 569, 570, 571, 572, 573]","[12, 54, 179, 219, 225, 399, 421, 432, 434, 461, 462, 466, 469, 476, 479, 497, 530, 650, 689, 848, 873, 884, 886, 908, 909, 913, 916, 925, 930]","[12, 24, 25, 28, 88, 100, 104, 119, 123, 129, 136, 137, 139, 140, 141, 148, 155, 169, 172, 179, 183, 185, 188, 196, 198, 217, 237, 267, 270, 278, 319, 321, 324, 325, 330, 334, 335, 354, 366, 369, 380, 383, 384, 386, 395, 407, 411, 423, 428, 436, 437, 452, 453, 456, 467, 471, 477, 478, 479, 497, 508, 511, 559, 571, 575, 590, 594, 600, 607, 608, 610, 611, 612, 619, 627, 640, 643, 650, 654, 656, 659, 667, 669, 685, 701, 726, 729, 737, 777, 779, 782, 783, 787, 790, 791, 809, 817, 819, 830, 833, 834, 836, 845, 856, 857, 860, 862, 875, 880, 887, 888, 899, 900, 914, 918, 921, 928, 929, 930]","[12, 24, 25, 28, 88, 100, 104, 119, 123, 129, 136, 137, 139, 140, 141, 148, 155, 169, 172, 179, 183, 185, 188, 196, 198, 217, 237, 267, 270, 278, 319, 321, 324, 325, 330, 334, 335, 354, 366, 369, 380, 383, 384, 386, 395, 407, 411, 423, 428, 436, 437, 452, 453, 456, 467, 471, 477, 478, 479, 497, 508, 511, 559, 571, 575, 590, 594, 600, 607, 608, 610, 611, 612, 619, 627, 640, 643, 650, 654, 656, 659, 667, 669, 685, 701, 726, 729, 737, 777, 779, 782, 783, 787, 790, 791, 809, 817, 819, 830, 833, 834, 836, 845, 856, 857, 860, 862, 875, 880, 887, 888, 899, 900, 914, 918, 921, 928, 929, 930]","[0, 1, 2, 3, 4, 5, 6, 7, 8, 9, 10, 11, 12, 13, 14, 15, 16, 17, 18, 19, 20, 21, 22, 23, 24, 25, 26, 27, 28, 29, 30, 31, 32, 33, 34, 35, 36, 37, 38, 39, 40, 41, 42, 43, 44, 45, 46, 47, 48, 49, 50, 51, 52, 53, 54, 55, 56, 57, 58, 59, 60, 61, 62, 63, 64, 65, 66, 67, 68, 69, 70, 71, 72, 73, 74, 75, 76, 77, 78, 79, 80, 81, 82, 83, 84, 85, 86, 87, 88, 89, 90, 91, 92, 93, 94, 95, 96, 97, 98, 99, 100, 101, 102, 104, 119, 123, 129, 136, 137, 139, 140, 141, 148, 155, 169, 172, 179, 183, 185, 188, 196, 198, 217, 219, 225, 237, 267, 270, 278, 319, 321, 324, 325, 330, 334, 335, 354, 366, 369, 380, 383, 384, 386, 395, 399, 407, 411, 421, 423, 428, 432, 434, 436, 437, 452, 453, 456, 461, 462, 466, 467, 469, 471, 476, 477, 478, 479, 485, 486, 487, 488, 489, 490, 491, 492, 493, 494, 495, 496, 497, 498, 499, 500, 501, 502, 503, 504, 505, 506, 507, 508, 509, 510, 511, 512, 513, 514, 515, 516, 517, 518, 519, 520, 521, 522, 523, 524, 525, 526, 527, 528, 529, 530, 531, 532, 533, 534, 535, 536, 537, 538, 539, 540, 541, 542, 543, 544, 545, 546, 547, 548, 549, 550, 551, 552, 553, 554, 555, 556, 557, 558, 559, 560, 561, 562, 563, 564, 565, 566, 567, 568, 569, 570, 571, 572, 573, 575, 590, 594, 600, 607, 608, 610, 611, 612, 619, 627, 640, 643, 650, 654, 656, 659, 667, 669, 685, 689, 701, 726, 729, 737, 777, 779, 782, 783, 787, 790, 791, 809, 817, 819, 830, 833, 834, 836, 845, 848, 856, 857, 860, 862, 873, 875, 880, 884, 886, 887, 888, 899, 900, 908, 909, 913, 914, 916, 918, 921, 925, 928, 929, 930]",True,[],"[0, 1, 2, 3, 4, 5, 6, 7, 8, 9, 10, 11, 12, 13, 14, 15, 16, 17, 18, 19, 20, 21, 22, 23, 24, 25, 26, 27, 28, 29, 30, 31, 32, 33, 34, 35, 36, 37, 38, 39, 40, 41, 42, 43, 44, 45, 46, 47, 48, 49, 50, 51, 52, 53, 54, 55, 56, 57, 58, 59, 60, 61, 62, 63, 64, 65, 66, 67, 68, 69, 70, 71, 72, 73, 74, 75, 76, 77, 78, 79, 80, 81, 82, 83, 84, 85, 86, 87, 88, 89, 90, 91, 92, 93, 94, 95, 96, 97, 98, 99, 100, 101, 102, 485, 486, 487, 488, 489, 490, 491, 492, 493, 494, 495, 496, 497, 498, 499, 500, 501, 502, 503, 504, 505, 506, 507, 508, 509, 510, 511, 512, 513, 514, 515, 516, 517, 518, 519, 520, 521, 522, 523, 524, 525, 526, 527, 528, 529, 530, 531, 532, 533, 534, 535, 536, 537, 538, 539, 540, 541, 542, 543, 544, 545, 546, 547, 548, 549, 550, 551, 552, 553, 554, 555, 556, 557, 558, 559, 560, 561, 562, 563, 564, 565, 566, 567, 568, 569, 570, 571, 572, 573]","[12, 497]",[],"[12, 54, 179, 219, 225, 399, 421, 432, 434, 461, 462, 466, 469, 476, 479, 497, 530, 650, 689, 848, 873, 884, 886, 908, 909, 913, 916, 925, 930]","[12, 24, 25, 28, 88, 100, 104, 119, 123, 129, 136, 137, 139, 140, 141, 148, 155, 169, 172, 179, 183, 185, 188, 196, 198, 217, 237, 267, 270, 278, 319, 321, 324, 325, 330, 334, 335, 354, 366, 369, 380, 383, 384, 386, 395, 407, 411, 423, 428, 436, 437, 452, 453, 456, 467, 471, 477, 478, 479, 497, 508, 511, 559, 571, 575, 590, 594, 600, 607, 608, 610, 611, 612, 619, 627, 640, 643, 650, 654, 656, 659, 667, 669, 685, 701, 726, 729, 737, 777, 779, 782, 783, 787, 790, 791, 809, 817, 819, 830, 833, 834, 836, 845, 856, 857, 860, 862, 875, 880, 887, 888, 899, 900, 914, 918, 921, 928, 929, 930]","[12, 24, 25, 28, 88, 100, 104, 119, 123, 129, 136, 137, 139, 140, 141, 148, 155, 169, 172, 179, 183, 185, 188, 196, 198, 217, 237, 267, 270, 278, 319, 321, 324, 325, 330, 334, 335, 354, 366, 369, 380, 383, 384, 386, 395, 407, 411, 423, 428, 436, 437, 452, 453, 456, 467, 471, 477, 478, 479, 497, 508, 511, 559, 571, 575, 590, 594, 600, 607, 608, 610, 611, 612, 619, 627, 640, 643, 650, 654, 656, 659, 667, 669, 685, 701, 726, 729, 737, 777, 779, 782, 783, 787, 790, 791, 809, 817, 819, 830, 833, 834, 836, 845, 856, 857, 860, 862, 875, 880, 887, 888, 899, 900, 914, 918, 921, 928, 929, 930]",7/6 successful match,True,[773],True,168,False,,1.0,True,Dave's Fast Stop ( Chevron ),Chevron
Central Heights ( 85539 ) Dave's Fast Stop ( Chevron ),928-425-3297 2060 US 60-70 ( MM 248 ),24 S a,Central Heights,85539,Dave's Fast Stop ( Chevron ),928-425-3297,2016,Miami,AZ,Chevron,( MM 248 ),2060 US 60-70,Proper,,False,,False,US 60-70,,,,,"[497, 12]",[],"[12, 497]",[],"[0, 1, 2, 3, 4, 5, 6, 7, 8, 9, 10, 11, 12, 13, 14, 15, 16, 17, 18, 19, 20, 21, 22, 23, 24, 25, 26, 27, 28, 29, 30, 31, 32, 33, 34, 35, 36, 37, 38, 39, 40, 41, 42, 43, 44, 45, 46, 47, 48, 49, 50, 51, 52, 53, 54, 55, 56, 57, 58, 59, 60, 61, 62, 63, 64, 65, 66, 67, 68, 69, 70, 71, 72, 73, 74, 75, 76, 77, 78, 79, 80, 81, 82, 83, 84, 85, 86, 87, 88, 89, 90, 91, 92, 93, 94, 95, 96, 97, 98, 99, 100, 101, 102, 485, 486, 487, 488, 489, 490, 491, 492, 493, 494, 495, 496, 497, 498, 499, 500, 501, 502, 503, 504, 505, 506, 507, 508, 509, 510, 511, 512, 513, 514, 515, 516, 517, 518, 519, 520, 521, 522, 523, 524, 525, 526, 527, 528, 529, 530, 531, 532, 533, 534, 535, 536, 537, 538, 539, 540, 541, 542, 543, 544, 545, 546, 547, 548, 549, 550, 551, 552, 553, 554, 555, 556, 557, 558, 559, 560, 561, 562, 563, 564, 565, 566, 567, 568, 569, 570, 571, 572, 573]","[12, 54, 179, 219, 225, 399, 421, 432, 434, 461, 462, 466, 469, 476, 479, 497, 530, 650, 689, 848, 873, 884, 886, 908, 909, 913, 916, 925, 930]","[12, 24, 25, 28, 88, 100, 104, 119, 123, 129, 136, 137, 139, 140, 141, 148, 155, 169, 172, 179, 183, 185, 188, 196, 198, 217, 237, 267, 270, 278, 319, 321, 324, 325, 330, 334, 335, 354, 366, 369, 380, 383, 384, 386, 395, 407, 411, 423, 428, 436, 437, 452, 453, 456, 467, 471, 477, 478, 479, 497, 508, 511, 559, 571, 575, 590, 594, 600, 607, 608, 610, 611, 612, 619, 627, 640, 643, 650, 654, 656, 659, 667, 669, 685, 701, 726, 729, 737, 777, 779, 782, 783, 787, 790, 791, 809, 817, 819, 830, 833, 834, 836, 845, 856, 857, 860, 862, 875, 880, 887, 888, 899, 900, 914, 918, 921, 928, 929, 930]","[12, 24, 25, 28, 88, 100, 104, 119, 123, 129, 136, 137, 139, 140, 141, 148, 155, 169, 172, 179, 183, 185, 188, 196, 198, 217, 237, 267, 270, 278, 319, 321, 324, 325, 330, 334, 335, 354, 366, 369, 380, 383, 384, 386, 395, 407, 411, 423, 428, 436, 437, 452, 453, 456, 467, 471, 477, 478, 479, 497, 508, 511, 559, 571, 575, 590, 594, 600, 607, 608, 610, 611, 612, 619, 627, 640, 643, 650, 654, 656, 659, 667, 669, 685, 701, 726, 729, 737, 777, 779, 782, 783, 787, 790, 791, 809, 817, 819, 830, 833, 834, 836, 845, 856, 857, 860, 862, 875, 880, 887, 888, 899, 900, 914, 918, 921, 928, 929, 930]","[0, 1, 2, 3, 4, 5, 6, 7, 8, 9, 10, 11, 12, 13, 14, 15, 16, 17, 18, 19, 20, 21, 22, 23, 24, 25, 26, 27, 28, 29, 30, 31, 32, 33, 34, 35, 36, 37, 38, 39, 40, 41, 42, 43, 44, 45, 46, 47, 48, 49, 50, 51, 52, 53, 54, 55, 56, 57, 58, 59, 60, 61, 62, 63, 64, 65, 66, 67, 68, 69, 70, 71, 72, 73, 74, 75, 76, 77, 78, 79, 80, 81, 82, 83, 84, 85, 86, 87, 88, 89, 90, 91, 92, 93, 94, 95, 96, 97, 98, 99, 100, 101, 102, 104, 119, 123, 129, 136, 137, 139, 140, 141, 148, 155, 169, 172, 179, 183, 185, 188, 196, 198, 217, 219, 225, 237, 267, 270, 278, 319, 321, 324, 325, 330, 334, 335, 354, 366, 369, 380, 383, 384, 386, 395, 399, 407, 411, 421, 423, 428, 432, 434, 436, 437, 452, 453, 456, 461, 462, 466, 467, 469, 471, 476, 477, 478, 479, 485, 486, 487, 488, 489, 490, 491, 492, 493, 494, 495, 496, 497, 498, 499, 500, 501, 502, 503, 504, 505, 506, 507, 508, 509, 510, 511, 512, 513, 514, 515, 516, 517, 518, 519, 520, 521, 522, 523, 524, 525, 526, 527, 528, 529, 530, 531, 532, 533, 534, 535, 536, 537, 538, 539, 540, 541, 542, 543, 544, 545, 546, 547, 548, 549, 550, 551, 552, 553, 554, 555, 556, 557, 558, 559, 560, 561, 562, 563, 564, 565, 566, 567, 568, 569, 570, 571, 572, 573, 575, 590, 594, 600, 607, 608, 610, 611, 612, 619, 627, 640, 643, 650, 654, 656, 659, 667, 669, 685, 689, 701, 726, 729, 737, 777, 779, 782, 783, 787, 790, 791, 809, 817, 819, 830, 833, 834, 836, 845, 848, 856, 857, 860, 862, 873, 875, 880, 884, 886, 887, 888, 899, 900, 908, 909, 913, 914, 916, 918, 921, 925, 928, 929, 930]",True,[],"[0, 1, 2, 3, 4, 5, 6, 7, 8, 9, 10, 11, 12, 13, 14, 15, 16, 17, 18, 19, 20, 21, 22, 23, 24, 25, 26, 27, 28, 29, 30, 31, 32, 33, 34, 35, 36, 37, 38, 39, 40, 41, 42, 43, 44, 45, 46, 47, 48, 49, 50, 51, 52, 53, 54, 55, 56, 57, 58, 59, 60, 61, 62, 63, 64, 65, 66, 67, 68, 69, 70, 71, 72, 73, 74, 75, 76, 77, 78, 79, 80, 81, 82, 83, 84, 85, 86, 87, 88, 89, 90, 91, 92, 93, 94, 95, 96, 97, 98, 99, 100, 101, 102, 485, 486, 487, 488, 489, 490, 491, 492, 493, 494, 495, 496, 497, 498, 499, 500, 501, 502, 503, 504, 505, 506, 507, 508, 509, 510, 511, 512, 513, 514, 515, 516, 517, 518, 519, 520, 521, 522, 523, 524, 525, 526, 527, 528, 529, 530, 531, 532, 533, 534, 535, 536, 537, 538, 539, 540, 541, 542, 543, 544, 545, 546, 547, 548, 549, 550, 551, 552, 553, 554, 555, 556, 557, 558, 559, 560, 561, 562, 563, 564, 565, 566, 567, 568, 569, 570, 571, 572, 573]","[12, 497]",[],"[12, 54, 179, 219, 225, 399, 421, 432, 434, 461, 462, 466, 469, 476, 479, 497, 530, 650, 689, 848, 873, 884, 886, 908, 909, 913, 916, 925, 930]","[12, 24, 25, 28, 88, 100, 104, 119, 123, 129, 136, 137, 139, 140, 141, 148, 155, 169, 172, 179, 183, 185, 188, 196, 198, 217, 237, 267, 270, 278, 319, 321, 324, 325, 330, 334, 335, 354, 366, 369, 380, 383, 384, 386, 395, 407, 411, 423, 428, 436, 437, 452, 453, 456, 467, 471, 477, 478, 479, 497, 508, 511, 559, 571, 575, 590, 594, 600, 607, 608, 610, 611, 612, 619, 627, 640, 643, 650, 654, 656, 659, 667, 669, 685, 701, 726, 729, 737, 777, 779, 782, 783, 787, 790, 791, 809, 817, 819, 830, 833, 834, 836, 845, 856, 857, 860, 862, 875, 880, 887, 888, 899, 900, 914, 918, 921, 928, 929, 930]","[12, 24, 25, 28, 88, 100, 104, 119, 123, 129, 136, 137, 139, 140, 141, 148, 155, 169, 172, 179, 183, 185, 188, 196, 198, 217, 237, 267, 270, 278, 319, 321, 324, 325, 330, 334, 335, 354, 366, 369, 380, 383, 384, 386, 395, 407, 411, 423, 428, 436, 437, 452, 453, 456, 467, 471, 477, 478, 479, 497, 508, 511, 559, 571, 575, 590, 594, 600, 607, 608, 610, 611, 612, 619, 627, 640, 643, 650, 654, 656, 659, 667, 669, 685, 701, 726, 729, 737, 777, 779, 782, 783, 787, 790, 791, 809, 817, 819, 830, 833, 834, 836, 845, 856, 857, 860, 862, 875, 880, 887, 888, 899, 900, 914, 918, 921, 928, 929, 930]",7/6 successful match,True,[773],True,168,False,,1.0,True,Dave's Fast Stop ( Chevron ) ),Chevron
"San Simon , 85632 4 - K Truck Stop ( Chevron ) .",7 520-845-2251 I-10 Exit 378,TX,San Simon,85632,4 - K Truck Stop ( Chevron ) .,520-845-2251,2006,San Simon,AZ,Chevron,,I-10 Exit 378,Exit,378,False,,False,I-10,,,,,"[528, 49]","[49, 87, 528, 558]","[49, 87, 107, 198, 255, 293, 297, 316, 331, 528, 558, 578, 669, 708, 752, 756, 774, 788]","[49, 87, 528, 558]","[0, 1, 2, 3, 4, 5, 6, 7, 8, 9, 10, 11, 12, 13, 14, 15, 16, 17, 18, 19, 20, 21, 22, 23, 24, 25, 26, 27, 28, 29, 30, 31, 32, 33, 34, 35, 36, 37, 38, 39, 40, 41, 42, 43, 44, 45, 46, 47, 48, 49, 50, 51, 52, 53, 54, 55, 56, 57, 58, 59, 60, 61, 62, 63, 64, 65, 66, 67, 68, 69, 70, 71, 72, 73, 74, 75, 76, 77, 78, 79, 80, 81, 82, 83, 84, 85, 86, 87, 88, 89, 90, 91, 92, 93, 94, 95, 96, 97, 98, 99, 100, 101, 102, 485, 486, 487, 488, 489, 490, 491, 492, 493, 494, 495, 496, 497, 498, 499, 500, 501, 502, 503, 504, 505, 506, 507, 508, 509, 510, 511, 512, 513, 514, 515, 516, 517, 518, 519, 520, 521, 522, 523, 524, 525, 526, 527, 528, 529, 530, 531, 532, 533, 534, 535, 536, 537, 538, 539, 540, 541, 542, 543, 544, 545, 546, 547, 548, 549, 550, 551, 552, 553, 554, 555, 556, 557, 558, 559, 560, 561, 562, 563, 564, 565, 566, 567, 568, 569, 570, 571, 572, 573]","[0, 5, 7, 10, 14, 19, 20, 22, 24, 32, 33, 34, 37, 38, 40, 44, 46, 48, 49, 51, 56, 61, 63, 65, 67, 68, 73, 74, 75, 76, 79, 81, 82, 83, 85, 87, 88, 92, 93, 95, 96, 99, 100, 101, 115, 116, 124, 134, 142, 161, 167, 169, 170, 186, 202, 240, 244, 254, 260, 267, 277, 300, 303, 307, 310, 322, 331, 376, 485, 491, 493, 495, 499, 503, 504, 506, 508, 515, 518, 519, 521, 524, 526, 528, 533, 537, 539, 542, 543, 547, 548, 549, 550, 551, 553, 554, 556, 558, 559, 563, 564, 566, 567, 570, 571, 572, 586, 587, 595, 605, 613, 633, 639, 640, 641, 657, 672, 704, 717, 726, 736, 759, 761, 765, 768, 780, 788, 792, 826]","[12, 24, 25, 28, 88, 100, 104, 119, 123, 129, 136, 137, 139, 140, 141, 148, 155, 169, 172, 179, 183, 185, 188, 196, 198, 217, 237, 267, 270, 278, 319, 321, 324, 325, 330, 334, 335, 354, 366, 369, 380, 383, 384, 386, 395, 407, 411, 423, 428, 436, 437, 452, 453, 456, 467, 471, 477, 478, 479, 497, 508, 511, 559, 571, 575, 590, 594, 600, 607, 608, 610, 611, 612, 619, 627, 640, 643, 650, 654, 656, 659, 667, 669, 685, 701, 726, 729, 737, 777, 779, 782, 783, 787, 790, 791, 809, 817, 819, 830, 833, 834, 836, 845, 856, 857, 860, 862, 875, 880, 887, 888, 899, 900, 914, 918, 921, 928, 929, 930]","[12, 24, 25, 28, 88, 100, 104, 119, 123, 129, 136, 137, 139, 140, 141, 148, 155, 169, 172, 179, 183, 185, 188, 196, 198, 217, 237, 267, 270, 278, 319, 321, 324, 325, 330, 334, 335, 354, 366, 369, 380, 383, 384, 386, 395, 407, 411, 423, 428, 436, 437, 452, 453, 456, 467, 471, 477, 478, 479, 497, 508, 511, 559, 571, 575, 590, 594, 600, 607, 608, 610, 611, 612, 619, 627, 640, 643, 650, 654, 656, 659, 667, 669, 685, 701, 726, 729, 737, 777, 779, 782, 783, 787, 790, 791, 809, 817, 819, 830, 833, 834, 836, 845, 856, 857, 860, 862, 875, 880, 887, 888, 899, 900, 914, 918, 921, 928, 929, 930]","[0, 1, 2, 3, 4, 5, 6, 7, 8, 9, 10, 11, 12, 13, 14, 15, 16, 17, 18, 19, 20, 21, 22, 23, 24, 25, 26, 27, 28, 29, 30, 31, 32, 33, 34, 35, 36, 37, 38, 39, 40, 41, 42, 43, 44, 45, 46, 47, 48, 49, 50, 51, 52, 53, 54, 55, 56, 57, 58, 59, 60, 61, 62, 63, 64, 65, 66, 67, 68, 69, 70, 71, 72, 73, 74, 75, 76, 77, 78, 79, 80, 81, 82, 83, 84, 85, 86, 87, 88, 89, 90, 91, 92, 93, 94, 95, 96, 97, 98, 99, 100, 101, 102, 104, 107, 115, 116, 119, 123, 124, 129, 134, 136, 137, 139, 140, 141, 142, 148, 155, 161, 167, 169, 170, 172, 179, 183, 185, 186, 188, 196, 198, 202, 217, 237, 240, 244, 254, 255, 260, 267, 270, 277, 278, 293, 297, 300, 303, 307, 310, 316, 319, 321, 322, 324, 325, 330, 331, 334, 335, 354, 366, 369, 376, 380, 383, 384, 386, 395, 407, 411, 423, 428, 436, 437, 452, 453, 456, 467, 471, 477, 478, 479, 485, 486, 487, 488, 489, 490, 491, 492, 493, 494, 495, 496, 497, 498, 499, 500, 501, 502, 503, 504, 505, 506, 507, 508, 509, 510, 511, 512, 513, 514, 515, 516, 517, 518, 519, 520, 521, 522, 523, 524, 525, 526, 527, 528, 529, 530, 531, 532, 533, 534, 535, 536, 537, 538, 539, 540, 541, 542, 543, 544, 545, 546, 547, 548, 549, 550, 551, 552, 553, 554, 555, 556, 557, 558, 559, 560, 561, 562, 563, 564, 565, 566, 567, 568, 569, 570, 571, 572, 573, 575, 578, 586, 587, 590, 594, 595, 600, 605, 607, 608, 610, 611, 612, 613, 619, 627, 633, 639, 640, 641, 643, 650, 654, 656, 657, 659, 667, 669, 672, 685, 701, 704, 708, 717, 726, 729, 736, 737, 752, 756, 759, 761, 765, 768, 774, 777, 779, 780, 782, 783, 787, 788, 790, 791, 792, 809, 817, 819, 826, 830, 833, 834, 836, 845, 856, 857, 860, 862, 875, 880, 887, 888, 899, 900, 914, 918, 921, 928, 929, 930]",True,"[49, 87, 528, 558]","[0, 1, 2, 3, 4, 5, 6, 7, 8, 9, 10, 11, 12, 13, 14, 15, 16, 17, 18, 19, 20, 21, 22, 23, 24, 25, 26, 27, 28, 29, 30, 31, 32, 33, 34, 35, 36, 37, 38, 39, 40, 41, 42, 43, 44, 45, 46, 47, 48, 49, 50, 51, 52, 53, 54, 55, 56, 57, 58, 59, 60, 61, 62, 63, 64, 65, 66, 67, 68, 69, 70, 71, 72, 73, 74, 75, 76, 77, 78, 79, 80, 81, 82, 83, 84, 85, 86, 87, 88, 89, 90, 91, 92, 93, 94, 95, 96, 97, 98, 99, 100, 101, 102, 485, 486, 487, 488, 489, 490, 491, 492, 493, 494, 495, 496, 497, 498, 499, 500, 501, 502, 503, 504, 505, 506, 507, 508, 509, 510, 511, 512, 513, 514, 515, 516, 517, 518, 519, 520, 521, 522, 523, 524, 525, 526, 527, 528, 529, 530, 531, 532, 533, 534, 535, 536, 537, 538, 539, 540, 541, 542, 543, 544, 545, 546, 547, 548, 549, 550, 551, 552, 553, 554, 555, 556, 557, 558, 559, 560, 561, 562, 563, 564, 565, 566, 567, 568, 569, 570, 571, 572, 573]","[49, 87, 107, 198, 255, 293, 297, 316, 331, 528, 558, 578, 669, 708, 752, 756, 774, 788]","[49, 87, 528, 558]","[0, 5, 7, 10, 14, 19, 20, 22, 24, 32, 33, 34, 37, 38, 40, 44, 46, 48, 49, 51, 56, 61, 63, 65, 67, 68, 73, 74, 75, 76, 79, 81, 82, 83, 85, 87, 88, 92, 93, 95, 96, 99, 100, 101, 115, 116, 124, 134, 142, 161, 167, 169, 170, 186, 202, 240, 244, 254, 260, 267, 277, 300, 303, 307, 310, 322, 331, 376, 485, 491, 493, 495, 499, 503, 504, 506, 508, 515, 518, 519, 521, 524, 526, 528, 533, 537, 539, 542, 543, 547, 548, 549, 550, 551, 553, 554, 556, 558, 559, 563, 564, 566, 567, 570, 571, 572, 586, 587, 595, 605, 613, 633, 639, 640, 641, 657, 672, 704, 717, 726, 736, 759, 761, 765, 768, 780, 788, 792, 826]","[12, 24, 25, 28, 88, 100, 104, 119, 123, 129, 136, 137, 139, 140, 141, 148, 155, 169, 172, 179, 183, 185, 188, 196, 198, 217, 237, 267, 270, 278, 319, 321, 324, 325, 330, 334, 335, 354, 366, 369, 380, 383, 384, 386, 395, 407, 411, 423, 428, 436, 437, 452, 453, 456, 467, 471, 477, 478, 479, 497, 508, 511, 559, 571, 575, 590, 594, 600, 607, 608, 610, 611, 612, 619, 627, 640, 643, 650, 654, 656, 659, 667, 669, 685, 701, 726, 729, 737, 777, 779, 782, 783, 787, 790, 791, 809, 817, 819, 830, 833, 834, 836, 845, 856, 857, 860, 862, 875, 880, 887, 888, 899, 900, 914, 918, 921, 928, 929, 930]","[12, 24, 25, 28, 88, 100, 104, 119, 123, 129, 136, 137, 139, 140, 141, 148, 155, 169, 172, 179, 183, 185, 188, 196, 198, 217, 237, 267, 270, 278, 319, 321, 324, 325, 330, 334, 335, 354, 366, 369, 380, 383, 384, 386, 395, 407, 411, 423, 428, 436, 437, 452, 453, 456, 467, 471, 477, 478, 479, 497, 508, 511, 559, 571, 575, 590, 594, 600, 607, 608, 610, 611, 612, 619, 627, 640, 643, 650, 654, 656, 659, 667, 669, 685, 701, 726, 729, 737, 777, 779, 782, 783, 787, 790, 791, 809, 817, 819, 830, 833, 834, 836, 845, 856, 857, 860, 862, 875, 880, 887, 888, 899, 900, 914, 918, 921, 928, 929, 930]",5/6 successful match,True,"[105, 106, 107, 108]",True,169,False,,,,,
"San Simon , 85632 Sunmart # 605 ( Chevron )",520-845-2251 I-10 Exit 378,HRS 24 XL,San Simon,85632,Sunmart # 605 ( Chevron ),520-845-2251,2007,San Simon,AZ,Chevron,,I-10 Exit 378,Exit,378,False,,False,I-10,,,,,"[528, 49]","[49, 87, 528, 558]","[49, 87, 107, 198, 255, 293, 297, 316, 331, 528, 558, 578, 669, 708, 752, 756, 774, 788]","[49, 87, 528, 558]","[0, 1, 2, 3, 4, 5, 6, 7, 8, 9, 10, 11, 12, 13, 14, 15, 16, 17, 18, 19, 20, 21, 22, 23, 24, 25, 26, 27, 28, 29, 30, 31, 32, 33, 34, 35, 36, 37, 38, 39, 40, 41, 42, 43, 44, 45, 46, 47, 48, 49, 50, 51, 52, 53, 54, 55, 56, 57, 58, 59, 60, 61, 62, 63, 64, 65, 66, 67, 68, 69, 70, 71, 72, 73, 74, 75, 76, 77, 78, 79, 80, 81, 82, 83, 84, 85, 86, 87, 88, 89, 90, 91, 92, 93, 94, 95, 96, 97, 98, 99, 100, 101, 102, 485, 486, 487, 488, 489, 490, 491, 492, 493, 494, 495, 496, 497, 498, 499, 500, 501, 502, 503, 504, 505, 506, 507, 508, 509, 510, 511, 512, 513, 514, 515, 516, 517, 518, 519, 520, 521, 522, 523, 524, 525, 526, 527, 528, 529, 530, 531, 532, 533, 534, 535, 536, 537, 538, 539, 540, 541, 542, 543, 544, 545, 546, 547, 548, 549, 550, 551, 552, 553, 554, 555, 556, 557, 558, 559, 560, 561, 562, 563, 564, 565, 566, 567, 568, 569, 570, 571, 572, 573]","[0, 5, 7, 10, 14, 19, 20, 22, 24, 32, 33, 34, 37, 38, 40, 44, 46, 48, 49, 51, 56, 61, 63, 65, 67, 68, 73, 74, 75, 76, 79, 81, 82, 83, 85, 87, 88, 92, 93, 95, 96, 99, 100, 101, 115, 116, 124, 134, 142, 161, 167, 169, 170, 186, 202, 240, 244, 254, 260, 267, 277, 300, 303, 307, 310, 322, 331, 376, 485, 491, 493, 495, 499, 503, 504, 506, 508, 515, 518, 519, 521, 524, 526, 528, 533, 537, 539, 542, 543, 547, 548, 549, 550, 551, 553, 554, 556, 558, 559, 563, 564, 566, 567, 570, 571, 572, 586, 587, 595, 605, 613, 633, 639, 640, 641, 657, 672, 704, 717, 726, 736, 759, 761, 765, 768, 780, 788, 792, 826]","[12, 24, 25, 28, 88, 100, 104, 119, 123, 129, 136, 137, 139, 140, 141, 148, 155, 169, 172, 179, 183, 185, 188, 196, 198, 217, 237, 267, 270, 278, 319, 321, 324, 325, 330, 334, 335, 354, 366, 369, 380, 383, 384, 386, 395, 407, 411, 423, 428, 436, 437, 452, 453, 456, 467, 471, 477, 478, 479, 497, 508, 511, 559, 571, 575, 590, 594, 600, 607, 608, 610, 611, 612, 619, 627, 640, 643, 650, 654, 656, 659, 667, 669, 685, 701, 726, 729, 737, 777, 779, 782, 783, 787, 790, 791, 809, 817, 819, 830, 833, 834, 836, 845, 856, 857, 860, 862, 875, 880, 887, 888, 899, 900, 914, 918, 921, 928, 929, 930]","[12, 24, 25, 28, 88, 92, 100, 104, 119, 123, 129, 136, 137, 139, 140, 141, 148, 155, 169, 172, 179, 183, 185, 188, 196, 198, 217, 237, 267, 270, 278, 319, 321, 324, 325, 330, 334, 335, 354, 366, 369, 380, 383, 384, 386, 395, 407, 411, 423, 428, 436, 437, 452, 453, 456, 467, 471, 474, 477, 478, 479, 497, 508, 511, 559, 563, 571, 575, 590, 594, 600, 607, 608, 610, 611, 612, 619, 627, 640, 643, 650, 654, 656, 659, 667, 669, 685, 701, 726, 729, 737, 777, 779, 782, 783, 787, 790, 791, 809, 817, 819, 830, 833, 834, 836, 845, 856, 857, 860, 862, 875, 880, 887, 888, 899, 900, 914, 918, 921, 922, 928, 929, 930]","[0, 1, 2, 3, 4, 5, 6, 7, 8, 9, 10, 11, 12, 13, 14, 15, 16, 17, 18, 19, 20, 21, 22, 23, 24, 25, 26, 27, 28, 29, 30, 31, 32, 33, 34, 35, 36, 37, 38, 39, 40, 41, 42, 43, 44, 45, 46, 47, 48, 49, 50, 51, 52, 53, 54, 55, 56, 57, 58, 59, 60, 61, 62, 63, 64, 65, 66, 67, 68, 69, 70, 71, 72, 73, 74, 75, 76, 77, 78, 79, 80, 81, 82, 83, 84, 85, 86, 87, 88, 89, 90, 91, 92, 93, 94, 95, 96, 97, 98, 99, 100, 101, 102, 104, 107, 115, 116, 119, 123, 124, 129, 134, 136, 137, 139, 140, 141, 142, 148, 155, 161, 167, 169, 170, 172, 179, 183, 185, 186, 188, 196, 198, 202, 217, 237, 240, 244, 254, 255, 260, 267, 270, 277, 278, 293, 297, 300, 303, 307, 310, 316, 319, 321, 322, 324, 325, 330, 331, 334, 335, 354, 366, 369, 376, 380, 383, 384, 386, 395, 407, 411, 423, 428, 436, 437, 452, 453, 456, 467, 471, 474, 477, 478, 479, 485, 486, 487, 488, 489, 490, 491, 492, 493, 494, 495, 496, 497, 498, 499, 500, 501, 502, 503, 504, 505, 506, 507, 508, 509, 510, 511, 512, 513, 514, 515, 516, 517, 518, 519, 520, 521, 522, 523, 524, 525, 526, 527, 528, 529, 530, 531, 532, 533, 534, 535, 536, 537, 538, 539, 540, 541, 542, 543, 544, 545, 546, 547, 548, 549, 550, 551, 552, 553, 554, 555, 556, 557, 558, 559, 560, 561, 562, 563, 564, 565, 566, 567, 568, 569, 570, 571, 572, 573, 575, 578, 586, 587, 590, 594, 595, 600, 605, 607, 608, 610, 611, 612, 613, 619, 627, 633, 639, 640, 641, 643, 650, 654, 656, 657, 659, 667, 669, 672, 685, 701, 704, 708, 717, 726, 729, 736, 737, 752, 756, 759, 761, 765, 768, 774, 777, 779, 780, 782, 783, 787, 788, 790, 791, 792, 809, 817, 819, 826, 830, 833, 834, 836, 845, 856, 857, 860, 862, 875, 880, 887, 888, 899, 900, 914, 918, 921, 922, 928, 929, 930]",True,"[49, 87, 528, 558]","[0, 1, 2, 3, 4, 5, 6, 7, 8, 9, 10, 11, 12, 13, 14, 15, 16, 17, 18, 19, 20, 21, 22, 23, 24, 25, 26, 27, 28, 29, 30, 31, 32, 33, 34, 35, 36, 37, 38, 39, 40, 41, 42, 43, 44, 45, 46, 47, 48, 49, 50, 51, 52, 53, 54, 55, 56, 57, 58, 59, 60, 61, 62, 63, 64, 65, 66, 67, 68, 69, 70, 71, 72, 73, 74, 75, 76, 77, 78, 79, 80, 81, 82, 83, 84, 85, 86, 87, 88, 89, 90, 91, 92, 93, 94, 95, 96, 97, 98, 99, 100, 101, 102, 485, 486, 487, 488, 489, 490, 491, 492, 493, 494, 495, 496, 497, 498, 499, 500, 501, 502, 503, 504, 505, 506, 507, 508, 509, 510, 511, 512, 513, 514, 515, 516, 517, 518, 519, 520, 521, 522, 523, 524, 525, 526, 527, 528, 529, 530, 531, 532, 533, 534, 535, 536, 537, 538, 539, 540, 541, 542, 543, 544, 545, 546, 547, 548, 549, 550, 551, 552, 553, 554, 555, 556, 557, 558, 559, 560, 561, 562, 563, 564, 565, 566, 567, 568, 569, 570, 571, 572, 573]","[49, 87, 107, 198, 255, 293, 297, 316, 331, 528, 558, 578, 669, 708, 752, 756, 774, 788]","[49, 87, 528, 558]","[0, 5, 7, 10, 14, 19, 20, 22, 24, 32, 33, 34, 37, 38, 40, 44, 46, 48, 49, 51, 56, 61, 63, 65, 67, 68, 73, 74, 75, 76, 79, 81, 82, 83, 85, 87, 88, 92, 93, 95, 96, 99, 100, 101, 115, 116, 124, 134, 142, 161, 167, 169, 170, 186, 202, 240, 244, 254, 260, 267, 277, 300, 303, 307, 310, 322, 331, 376, 485, 491, 493, 495, 499, 503, 504, 506, 508, 515, 518, 519, 521, 524, 526, 528, 533, 537, 539, 542, 543, 547, 548, 549, 550, 551, 553, 554, 556, 558, 559, 563, 564, 566, 567, 570, 571, 572, 586, 587, 595, 605, 613, 633, 639, 640, 641, 657, 672, 704, 717, 726, 736, 759, 761, 765, 768, 780, 788, 792, 826]","[12, 24, 25, 28, 88, 92, 100, 104, 119, 123, 129, 136, 137, 139, 140, 141, 148, 155, 169, 172, 179, 183, 185, 188, 196, 198, 217, 237, 267, 270, 278, 319, 321, 324, 325, 330, 334, 335, 354, 366, 369, 380, 383, 384, 386, 395, 407, 411, 423, 428, 436, 437, 452, 453, 456, 467, 471, 474, 477, 478, 479, 497, 508, 511, 559, 563, 571, 575, 590, 594, 600, 607, 608, 610, 611, 612, 619, 627, 640, 643, 650, 654, 656, 659, 667, 669, 685, 701, 726, 729, 737, 777, 779, 782, 783, 787, 790, 791, 809, 817, 819, 830, 833, 834, 836, 845, 856, 857, 860, 862, 875, 880, 887, 888, 899, 900, 914, 918, 921, 922, 928, 929, 930]","[12, 24, 25, 28, 88, 100, 104, 119, 123, 129, 136, 137, 139, 140, 141, 148, 155, 169, 172, 179, 183, 185, 188, 196, 198, 217, 237, 267, 270, 278, 319, 321, 324, 325, 330, 334, 335, 354, 366, 369, 380, 383, 384, 386, 395, 407, 411, 423, 428, 436, 437, 452, 453, 456, 467, 471, 477, 478, 479, 497, 508, 511, 559, 571, 575, 590, 594, 600, 607, 608, 610, 611, 612, 619, 627, 640, 643, 650, 654, 656, 659, 667, 669, 685, 701, 726, 729, 737, 777, 779, 782, 783, 787, 790, 791, 809, 817, 819, 830, 833, 834, 836, 845, 856, 857, 860, 862, 875, 880, 887, 888, 899, 900, 914, 918, 921, 928, 929, 930]",5/6 successful match,True,"[105, 106, 107, 108]",True,169,False,,0.7545454545454545,True,4 - K Truck Stop ( Chevron ) .,Chevron
"San Simon , 85632 Sunmart # 605 ( Chevron )",7 520-845-2251 I-10 Exit 378,24 HRS XL,San Simon,85632,Sunmart # 605 ( Chevron ),520-845-2251,2008,San Simon,AZ,Chevron,,I-10 Exit 378,Exit,378,False,,False,I-10,,,,,"[528, 49]","[49, 87, 528, 558]","[49, 87, 107, 198, 255, 293, 297, 316, 331, 528, 558, 578, 669, 708, 752, 756, 774, 788]","[49, 87, 528, 558]","[0, 1, 2, 3, 4, 5, 6, 7, 8, 9, 10, 11, 12, 13, 14, 15, 16, 17, 18, 19, 20, 21, 22, 23, 24, 25, 26, 27, 28, 29, 30, 31, 32, 33, 34, 35, 36, 37, 38, 39, 40, 41, 42, 43, 44, 45, 46, 47, 48, 49, 50, 51, 52, 53, 54, 55, 56, 57, 58, 59, 60, 61, 62, 63, 64, 65, 66, 67, 68, 69, 70, 71, 72, 73, 74, 75, 76, 77, 78, 79, 80, 81, 82, 83, 84, 85, 86, 87, 88, 89, 90, 91, 92, 93, 94, 95, 96, 97, 98, 99, 100, 101, 102, 485, 486, 487, 488, 489, 490, 491, 492, 493, 494, 495, 496, 497, 498, 499, 500, 501, 502, 503, 504, 505, 506, 507, 508, 509, 510, 511, 512, 513, 514, 515, 516, 517, 518, 519, 520, 521, 522, 523, 524, 525, 526, 527, 528, 529, 530, 531, 532, 533, 534, 535, 536, 537, 538, 539, 540, 541, 542, 543, 544, 545, 546, 547, 548, 549, 550, 551, 552, 553, 554, 555, 556, 557, 558, 559, 560, 561, 562, 563, 564, 565, 566, 567, 568, 569, 570, 571, 572, 573]","[0, 5, 7, 10, 14, 19, 20, 22, 24, 32, 33, 34, 37, 38, 40, 44, 46, 48, 49, 51, 56, 61, 63, 65, 67, 68, 73, 74, 75, 76, 79, 81, 82, 83, 85, 87, 88, 92, 93, 95, 96, 99, 100, 101, 115, 116, 124, 134, 142, 161, 167, 169, 170, 186, 202, 240, 244, 254, 260, 267, 277, 300, 303, 307, 310, 322, 331, 376, 485, 491, 493, 495, 499, 503, 504, 506, 508, 515, 518, 519, 521, 524, 526, 528, 533, 537, 539, 542, 543, 547, 548, 549, 550, 551, 553, 554, 556, 558, 559, 563, 564, 566, 567, 570, 571, 572, 586, 587, 595, 605, 613, 633, 639, 640, 641, 657, 672, 704, 717, 726, 736, 759, 761, 765, 768, 780, 788, 792, 826]","[12, 24, 25, 28, 88, 100, 104, 119, 123, 129, 136, 137, 139, 140, 141, 148, 155, 169, 172, 179, 183, 185, 188, 196, 198, 217, 237, 267, 270, 278, 319, 321, 324, 325, 330, 334, 335, 354, 366, 369, 380, 383, 384, 386, 395, 407, 411, 423, 428, 436, 437, 452, 453, 456, 467, 471, 477, 478, 479, 497, 508, 511, 559, 571, 575, 590, 594, 600, 607, 608, 610, 611, 612, 619, 627, 640, 643, 650, 654, 656, 659, 667, 669, 685, 701, 726, 729, 737, 777, 779, 782, 783, 787, 790, 791, 809, 817, 819, 830, 833, 834, 836, 845, 856, 857, 860, 862, 875, 880, 887, 888, 899, 900, 914, 918, 921, 928, 929, 930]","[12, 24, 25, 28, 88, 92, 100, 104, 119, 123, 129, 136, 137, 139, 140, 141, 148, 155, 169, 172, 179, 183, 185, 188, 196, 198, 217, 237, 267, 270, 278, 319, 321, 324, 325, 330, 334, 335, 354, 366, 369, 380, 383, 384, 386, 395, 407, 411, 423, 428, 436, 437, 452, 453, 456, 467, 471, 474, 477, 478, 479, 497, 508, 511, 559, 563, 571, 575, 590, 594, 600, 607, 608, 610, 611, 612, 619, 627, 640, 643, 650, 654, 656, 659, 667, 669, 685, 701, 726, 729, 737, 777, 779, 782, 783, 787, 790, 791, 809, 817, 819, 830, 833, 834, 836, 845, 856, 857, 860, 862, 875, 880, 887, 888, 899, 900, 914, 918, 921, 922, 928, 929, 930]","[0, 1, 2, 3, 4, 5, 6, 7, 8, 9, 10, 11, 12, 13, 14, 15, 16, 17, 18, 19, 20, 21, 22, 23, 24, 25, 26, 27, 28, 29, 30, 31, 32, 33, 34, 35, 36, 37, 38, 39, 40, 41, 42, 43, 44, 45, 46, 47, 48, 49, 50, 51, 52, 53, 54, 55, 56, 57, 58, 59, 60, 61, 62, 63, 64, 65, 66, 67, 68, 69, 70, 71, 72, 73, 74, 75, 76, 77, 78, 79, 80, 81, 82, 83, 84, 85, 86, 87, 88, 89, 90, 91, 92, 93, 94, 95, 96, 97, 98, 99, 100, 101, 102, 104, 107, 115, 116, 119, 123, 124, 129, 134, 136, 137, 139, 140, 141, 142, 148, 155, 161, 167, 169, 170, 172, 179, 183, 185, 186, 188, 196, 198, 202, 217, 237, 240, 244, 254, 255, 260, 267, 270, 277, 278, 293, 297, 300, 303, 307, 310, 316, 319, 321, 322, 324, 325, 330, 331, 334, 335, 354, 366, 369, 376, 380, 383, 384, 386, 395, 407, 411, 423, 428, 436, 437, 452, 453, 456, 467, 471, 474, 477, 478, 479, 485, 486, 487, 488, 489, 490, 491, 492, 493, 494, 495, 496, 497, 498, 499, 500, 501, 502, 503, 504, 505, 506, 507, 508, 509, 510, 511, 512, 513, 514, 515, 516, 517, 518, 519, 520, 521, 522, 523, 524, 525, 526, 527, 528, 529, 530, 531, 532, 533, 534, 535, 536, 537, 538, 539, 540, 541, 542, 543, 544, 545, 546, 547, 548, 549, 550, 551, 552, 553, 554, 555, 556, 557, 558, 559, 560, 561, 562, 563, 564, 565, 566, 567, 568, 569, 570, 571, 572, 573, 575, 578, 586, 587, 590, 594, 595, 600, 605, 607, 608, 610, 611, 612, 613, 619, 627, 633, 639, 640, 641, 643, 650, 654, 656, 657, 659, 667, 669, 672, 685, 701, 704, 708, 717, 726, 729, 736, 737, 752, 756, 759, 761, 765, 768, 774, 777, 779, 780, 782, 783, 787, 788, 790, 791, 792, 809, 817, 819, 826, 830, 833, 834, 836, 845, 856, 857, 860, 862, 875, 880, 887, 888, 899, 900, 914, 918, 921, 922, 928, 929, 930]",True,"[49, 87, 528, 558]","[0, 1, 2, 3, 4, 5, 6, 7, 8, 9, 10, 11, 12, 13, 14, 15, 16, 17, 18, 19, 20, 21, 22, 23, 24, 25, 26, 27, 28, 29, 30, 31, 32, 33, 34, 35, 36, 37, 38, 39, 40, 41, 42, 43, 44, 45, 46, 47, 48, 49, 50, 51, 52, 53, 54, 55, 56, 57, 58, 59, 60, 61, 62, 63, 64, 65, 66, 67, 68, 69, 70, 71, 72, 73, 74, 75, 76, 77, 78, 79, 80, 81, 82, 83, 84, 85, 86, 87, 88, 89, 90, 91, 92, 93, 94, 95, 96, 97, 98, 99, 100, 101, 102, 485, 486, 487, 488, 489, 490, 491, 492, 493, 494, 495, 496, 497, 498, 499, 500, 501, 502, 503, 504, 505, 506, 507, 508, 509, 510, 511, 512, 513, 514, 515, 516, 517, 518, 519, 520, 521, 522, 523, 524, 525, 526, 527, 528, 529, 530, 531, 532, 533, 534, 535, 536, 537, 538, 539, 540, 541, 542, 543, 544, 545, 546, 547, 548, 549, 550, 551, 552, 553, 554, 555, 556, 557, 558, 559, 560, 561, 562, 563, 564, 565, 566, 567, 568, 569, 570, 571, 572, 573]","[49, 87, 107, 198, 255, 293, 297, 316, 331, 528, 558, 578, 669, 708, 752, 756, 774, 788]","[49, 87, 528, 558]","[0, 5, 7, 10, 14, 19, 20, 22, 24, 32, 33, 34, 37, 38, 40, 44, 46, 48, 49, 51, 56, 61, 63, 65, 67, 68, 73, 74, 75, 76, 79, 81, 82, 83, 85, 87, 88, 92, 93, 95, 96, 99, 100, 101, 115, 116, 124, 134, 142, 161, 167, 169, 170, 186, 202, 240, 244, 254, 260, 267, 277, 300, 303, 307, 310, 322, 331, 376, 485, 491, 493, 495, 499, 503, 504, 506, 508, 515, 518, 519, 521, 524, 526, 528, 533, 537, 539, 542, 543, 547, 548, 549, 550, 551, 553, 554, 556, 558, 559, 563, 564, 566, 567, 570, 571, 572, 586, 587, 595, 605, 613, 633, 639, 640, 641, 657, 672, 704, 717, 726, 736, 759, 761, 765, 768, 780, 788, 792, 826]","[12, 24, 25, 28, 88, 92, 100, 104, 119, 123, 129, 136, 137, 139, 140, 141, 148, 155, 169, 172, 179, 183, 185, 188, 196, 198, 217, 237, 267, 270, 278, 319, 321, 324, 325, 330, 334, 335, 354, 366, 369, 380, 383, 384, 386, 395, 407, 411, 423, 428, 436, 437, 452, 453, 456, 467, 471, 474, 477, 478, 479, 497, 508, 511, 559, 563, 571, 575, 590, 594, 600, 607, 608, 610, 611, 612, 619, 627, 640, 643, 650, 654, 656, 659, 667, 669, 685, 701, 726, 729, 737, 777, 779, 782, 783, 787, 790, 791, 809, 817, 819, 830, 833, 834, 836, 845, 856, 857, 860, 862, 875, 880, 887, 888, 899, 900, 914, 918, 921, 922, 928, 929, 930]","[12, 24, 25, 28, 88, 100, 104, 119, 123, 129, 136, 137, 139, 140, 141, 148, 155, 169, 172, 179, 183, 185, 188, 196, 198, 217, 237, 267, 270, 278, 319, 321, 324, 325, 330, 334, 335, 354, 366, 369, 380, 383, 384, 386, 395, 407, 411, 423, 428, 436, 437, 452, 453, 456, 467, 471, 477, 478, 479, 497, 508, 511, 559, 571, 575, 590, 594, 600, 607, 608, 610, 611, 612, 619, 627, 640, 643, 650, 654, 656, 659, 667, 669, 685, 701, 726, 729, 737, 777, 779, 782, 783, 787, 790, 791, 809, 817, 819, 830, 833, 834, 836, 845, 856, 857, 860, 862, 875, 880, 887, 888, 899, 900, 914, 918, 921, 928, 929, 930]",5/6 successful match,True,"[105, 106, 107, 108]",True,169,False,,1.0,True,Sunmart # 605 ( Chevron ),Chevron
H San Simon ( 85632 ) Sunmart # 605 ( Chevron ),520-845-2251 I-10 Exit 378,124 XL,San Simon,85632,Sunmart # 605 ( Chevron ),520-845-2251,2014,San Simon,AZ,Chevron,,I-10 Exit 378,Exit,378,False,,False,I-10,,,,,"[528, 49]","[49, 87, 528, 558]","[49, 87, 107, 198, 255, 293, 297, 316, 331, 528, 558, 578, 669, 708, 752, 756, 774, 788]","[49, 87, 528, 558]","[0, 1, 2, 3, 4, 5, 6, 7, 8, 9, 10, 11, 12, 13, 14, 15, 16, 17, 18, 19, 20, 21, 22, 23, 24, 25, 26, 27, 28, 29, 30, 31, 32, 33, 34, 35, 36, 37, 38, 39, 40, 41, 42, 43, 44, 45, 46, 47, 48, 49, 50, 51, 52, 53, 54, 55, 56, 57, 58, 59, 60, 61, 62, 63, 64, 65, 66, 67, 68, 69, 70, 71, 72, 73, 74, 75, 76, 77, 78, 79, 80, 81, 82, 83, 84, 85, 86, 87, 88, 89, 90, 91, 92, 93, 94, 95, 96, 97, 98, 99, 100, 101, 102, 485, 486, 487, 488, 489, 490, 491, 492, 493, 494, 495, 496, 497, 498, 499, 500, 501, 502, 503, 504, 505, 506, 507, 508, 509, 510, 511, 512, 513, 514, 515, 516, 517, 518, 519, 520, 521, 522, 523, 524, 525, 526, 527, 528, 529, 530, 531, 532, 533, 534, 535, 536, 537, 538, 539, 540, 541, 542, 543, 544, 545, 546, 547, 548, 549, 550, 551, 552, 553, 554, 555, 556, 557, 558, 559, 560, 561, 562, 563, 564, 565, 566, 567, 568, 569, 570, 571, 572, 573]","[0, 5, 7, 10, 14, 19, 20, 22, 24, 32, 33, 34, 37, 38, 40, 44, 46, 48, 49, 51, 56, 61, 63, 65, 67, 68, 73, 74, 75, 76, 79, 81, 82, 83, 85, 87, 88, 92, 93, 95, 96, 99, 100, 101, 115, 116, 124, 134, 142, 161, 167, 169, 170, 186, 202, 240, 244, 254, 260, 267, 277, 300, 303, 307, 310, 322, 331, 376, 485, 491, 493, 495, 499, 503, 504, 506, 508, 515, 518, 519, 521, 524, 526, 528, 533, 537, 539, 542, 543, 547, 548, 549, 550, 551, 553, 554, 556, 558, 559, 563, 564, 566, 567, 570, 571, 572, 586, 587, 595, 605, 613, 633, 639, 640, 641, 657, 672, 704, 717, 726, 736, 759, 761, 765, 768, 780, 788, 792, 826]","[12, 24, 25, 28, 88, 100, 104, 119, 123, 129, 136, 137, 139, 140, 141, 148, 155, 169, 172, 179, 183, 185, 188, 196, 198, 217, 237, 267, 270, 278, 319, 321, 324, 325, 330, 334, 335, 354, 366, 369, 380, 383, 384, 386, 395, 407, 411, 423, 428, 436, 437, 452, 453, 456, 467, 471, 477, 478, 479, 497, 508, 511, 559, 571, 575, 590, 594, 600, 607, 608, 610, 611, 612, 619, 627, 640, 643, 650, 654, 656, 659, 667, 669, 685, 701, 726, 729, 737, 777, 779, 782, 783, 787, 790, 791, 809, 817, 819, 830, 833, 834, 836, 845, 856, 857, 860, 862, 875, 880, 887, 888, 899, 900, 914, 918, 921, 928, 929, 930]","[12, 24, 25, 28, 88, 92, 100, 104, 119, 123, 129, 136, 137, 139, 140, 141, 148, 155, 169, 172, 179, 183, 185, 188, 196, 198, 217, 237, 267, 270, 278, 319, 321, 324, 325, 330, 334, 335, 354, 366, 369, 380, 383, 384, 386, 395, 407, 411, 423, 428, 436, 437, 452, 453, 456, 467, 471, 474, 477, 478, 479, 497, 508, 511, 559, 563, 571, 575, 590, 594, 600, 607, 608, 610, 611, 612, 619, 627, 640, 643, 650, 654, 656, 659, 667, 669, 685, 701, 726, 729, 737, 777, 779, 782, 783, 787, 790, 791, 809, 817, 819, 830, 833, 834, 836, 845, 856, 857, 860, 862, 875, 880, 887, 888, 899, 900, 914, 918, 921, 922, 928, 929, 930]","[0, 1, 2, 3, 4, 5, 6, 7, 8, 9, 10, 11, 12, 13, 14, 15, 16, 17, 18, 19, 20, 21, 22, 23, 24, 25, 26, 27, 28, 29, 30, 31, 32, 33, 34, 35, 36, 37, 38, 39, 40, 41, 42, 43, 44, 45, 46, 47, 48, 49, 50, 51, 52, 53, 54, 55, 56, 57, 58, 59, 60, 61, 62, 63, 64, 65, 66, 67, 68, 69, 70, 71, 72, 73, 74, 75, 76, 77, 78, 79, 80, 81, 82, 83, 84, 85, 86, 87, 88, 89, 90, 91, 92, 93, 94, 95, 96, 97, 98, 99, 100, 101, 102, 104, 107, 115, 116, 119, 123, 124, 129, 134, 136, 137, 139, 140, 141, 142, 148, 155, 161, 167, 169, 170, 172, 179, 183, 185, 186, 188, 196, 198, 202, 217, 237, 240, 244, 254, 255, 260, 267, 270, 277, 278, 293, 297, 300, 303, 307, 310, 316, 319, 321, 322, 324, 325, 330, 331, 334, 335, 354, 366, 369, 376, 380, 383, 384, 386, 395, 407, 411, 423, 428, 436, 437, 452, 453, 456, 467, 471, 474, 477, 478, 479, 485, 486, 487, 488, 489, 490, 491, 492, 493, 494, 495, 496, 497, 498, 499, 500, 501, 502, 503, 504, 505, 506, 507, 508, 509, 510, 511, 512, 513, 514, 515, 516, 517, 518, 519, 520, 521, 522, 523, 524, 525, 526, 527, 528, 529, 530, 531, 532, 533, 534, 535, 536, 537, 538, 539, 540, 541, 542, 543, 544, 545, 546, 547, 548, 549, 550, 551, 552, 553, 554, 555, 556, 557, 558, 559, 560, 561, 562, 563, 564, 565, 566, 567, 568, 569, 570, 571, 572, 573, 575, 578, 586, 587, 590, 594, 595, 600, 605, 607, 608, 610, 611, 612, 613, 619, 627, 633, 639, 640, 641, 643, 650, 654, 656, 657, 659, 667, 669, 672, 685, 701, 704, 708, 717, 726, 729, 736, 737, 752, 756, 759, 761, 765, 768, 774, 777, 779, 780, 782, 783, 787, 788, 790, 791, 792, 809, 817, 819, 826, 830, 833, 834, 836, 845, 856, 857, 860, 862, 875, 880, 887, 888, 899, 900, 914, 918, 921, 922, 928, 929, 930]",True,"[49, 87, 528, 558]","[0, 1, 2, 3, 4, 5, 6, 7, 8, 9, 10, 11, 12, 13, 14, 15, 16, 17, 18, 19, 20, 21, 22, 23, 24, 25, 26, 27, 28, 29, 30, 31, 32, 33, 34, 35, 36, 37, 38, 39, 40, 41, 42, 43, 44, 45, 46, 47, 48, 49, 50, 51, 52, 53, 54, 55, 56, 57, 58, 59, 60, 61, 62, 63, 64, 65, 66, 67, 68, 69, 70, 71, 72, 73, 74, 75, 76, 77, 78, 79, 80, 81, 82, 83, 84, 85, 86, 87, 88, 89, 90, 91, 92, 93, 94, 95, 96, 97, 98, 99, 100, 101, 102, 485, 486, 487, 488, 489, 490, 491, 492, 493, 494, 495, 496, 497, 498, 499, 500, 501, 502, 503, 504, 505, 506, 507, 508, 509, 510, 511, 512, 513, 514, 515, 516, 517, 518, 519, 520, 521, 522, 523, 524, 525, 526, 527, 528, 529, 530, 531, 532, 533, 534, 535, 536, 537, 538, 539, 540, 541, 542, 543, 544, 545, 546, 547, 548, 549, 550, 551, 552, 553, 554, 555, 556, 557, 558, 559, 560, 561, 562, 563, 564, 565, 566, 567, 568, 569, 570, 571, 572, 573]","[49, 87, 107, 198, 255, 293, 297, 316, 331, 528, 558, 578, 669, 708, 752, 756, 774, 788]","[49, 87, 528, 558]","[0, 5, 7, 10, 14, 19, 20, 22, 24, 32, 33, 34, 37, 38, 40, 44, 46, 48, 49, 51, 56, 61, 63, 65, 67, 68, 73, 74, 75, 76, 79, 81, 82, 83, 85, 87, 88, 92, 93, 95, 96, 99, 100, 101, 115, 116, 124, 134, 142, 161, 167, 169, 170, 186, 202, 240, 244, 254, 260, 267, 277, 300, 303, 307, 310, 322, 331, 376, 485, 491, 493, 495, 499, 503, 504, 506, 508, 515, 518, 519, 521, 524, 526, 528, 533, 537, 539, 542, 543, 547, 548, 549, 550, 551, 553, 554, 556, 558, 559, 563, 564, 566, 567, 570, 571, 572, 586, 587, 595, 605, 613, 633, 639, 640, 641, 657, 672, 704, 717, 726, 736, 759, 761, 765, 768, 780, 788, 792, 826]","[12, 24, 25, 28, 88, 92, 100, 104, 119, 123, 129, 136, 137, 139, 140, 141, 148, 155, 169, 172, 179, 183, 185, 188, 196, 198, 217, 237, 267, 270, 278, 319, 321, 324, 325, 330, 334, 335, 354, 366, 369, 380, 383, 384, 386, 395, 407, 411, 423, 428, 436, 437, 452, 453, 456, 467, 471, 474, 477, 478, 479, 497, 508, 511, 559, 563, 571, 575, 590, 594, 600, 607, 608, 610, 611, 612, 619, 627, 640, 643, 650, 654, 656, 659, 667, 669, 685, 701, 726, 729, 737, 777, 779, 782, 783, 787, 790, 791, 809, 817, 819, 830, 833, 834, 836, 845, 856, 857, 860, 862, 875, 880, 887, 888, 899, 900, 914, 918, 921, 922, 928, 929, 930]","[12, 24, 25, 28, 88, 100, 104, 119, 123, 129, 136, 137, 139, 140, 141, 148, 155, 169, 172, 179, 183, 185, 188, 196, 198, 217, 237, 267, 270, 278, 319, 321, 324, 325, 330, 334, 335, 354, 366, 369, 380, 383, 384, 386, 395, 407, 411, 423, 428, 436, 437, 452, 453, 456, 467, 471, 477, 478, 479, 497, 508, 511, 559, 571, 575, 590, 594, 600, 607, 608, 610, 611, 612, 619, 627, 640, 643, 650, 654, 656, 659, 667, 669, 685, 701, 726, 729, 737, 777, 779, 782, 783, 787, 790, 791, 809, 817, 819, 830, 833, 834, 836, 845, 856, 857, 860, 862, 875, 880, 887, 888, 899, 900, 914, 918, 921, 928, 929, 930]",5/6 successful match,True,"[105, 106, 107, 108]",True,169,False,,1.0,True,Sunmart # 605 ( Chevron ),Chevron
H San Simon ( 85632 ) Sunmart # 605 ( Chevron ),7 520-845-2251 I-10 Exit 378,24 XL E,San Simon,85632,Sunmart # 605 ( Chevron ),520-845-2251,2015,San Simon,AZ,Chevron,,I-10 Exit 378,Exit,378,False,,False,I-10,,,,,"[528, 49]","[49, 87, 528, 558]","[49, 87, 107, 198, 255, 293, 297, 316, 331, 528, 558, 578, 669, 708, 752, 756, 774, 788]","[49, 87, 528, 558]","[0, 1, 2, 3, 4, 5, 6, 7, 8, 9, 10, 11, 12, 13, 14, 15, 16, 17, 18, 19, 20, 21, 22, 23, 24, 25, 26, 27, 28, 29, 30, 31, 32, 33, 34, 35, 36, 37, 38, 39, 40, 41, 42, 43, 44, 45, 46, 47, 48, 49, 50, 51, 52, 53, 54, 55, 56, 57, 58, 59, 60, 61, 62, 63, 64, 65, 66, 67, 68, 69, 70, 71, 72, 73, 74, 75, 76, 77, 78, 79, 80, 81, 82, 83, 84, 85, 86, 87, 88, 89, 90, 91, 92, 93, 94, 95, 96, 97, 98, 99, 100, 101, 102, 485, 486, 487, 488, 489, 490, 491, 492, 493, 494, 495, 496, 497, 498, 499, 500, 501, 502, 503, 504, 505, 506, 507, 508, 509, 510, 511, 512, 513, 514, 515, 516, 517, 518, 519, 520, 521, 522, 523, 524, 525, 526, 527, 528, 529, 530, 531, 532, 533, 534, 535, 536, 537, 538, 539, 540, 541, 542, 543, 544, 545, 546, 547, 548, 549, 550, 551, 552, 553, 554, 555, 556, 557, 558, 559, 560, 561, 562, 563, 564, 565, 566, 567, 568, 569, 570, 571, 572, 573]","[0, 5, 7, 10, 14, 19, 20, 22, 24, 32, 33, 34, 37, 38, 40, 44, 46, 48, 49, 51, 56, 61, 63, 65, 67, 68, 73, 74, 75, 76, 79, 81, 82, 83, 85, 87, 88, 92, 93, 95, 96, 99, 100, 101, 115, 116, 124, 134, 142, 161, 167, 169, 170, 186, 202, 240, 244, 254, 260, 267, 277, 300, 303, 307, 310, 322, 331, 376, 485, 491, 493, 495, 499, 503, 504, 506, 508, 515, 518, 519, 521, 524, 526, 528, 533, 537, 539, 542, 543, 547, 548, 549, 550, 551, 553, 554, 556, 558, 559, 563, 564, 566, 567, 570, 571, 572, 586, 587, 595, 605, 613, 633, 639, 640, 641, 657, 672, 704, 717, 726, 736, 759, 761, 765, 768, 780, 788, 792, 826]","[12, 24, 25, 28, 88, 100, 104, 119, 123, 129, 136, 137, 139, 140, 141, 148, 155, 169, 172, 179, 183, 185, 188, 196, 198, 217, 237, 267, 270, 278, 319, 321, 324, 325, 330, 334, 335, 354, 366, 369, 380, 383, 384, 386, 395, 407, 411, 423, 428, 436, 437, 452, 453, 456, 467, 471, 477, 478, 479, 497, 508, 511, 559, 571, 575, 590, 594, 600, 607, 608, 610, 611, 612, 619, 627, 640, 643, 650, 654, 656, 659, 667, 669, 685, 701, 726, 729, 737, 777, 779, 782, 783, 787, 790, 791, 809, 817, 819, 830, 833, 834, 836, 845, 856, 857, 860, 862, 875, 880, 887, 888, 899, 900, 914, 918, 921, 928, 929, 930]","[12, 24, 25, 28, 88, 92, 100, 104, 119, 123, 129, 136, 137, 139, 140, 141, 148, 155, 169, 172, 179, 183, 185, 188, 196, 198, 217, 237, 267, 270, 278, 319, 321, 324, 325, 330, 334, 335, 354, 366, 369, 380, 383, 384, 386, 395, 407, 411, 423, 428, 436, 437, 452, 453, 456, 467, 471, 474, 477, 478, 479, 497, 508, 511, 559, 563, 571, 575, 590, 594, 600, 607, 608, 610, 611, 612, 619, 627, 640, 643, 650, 654, 656, 659, 667, 669, 685, 701, 726, 729, 737, 777, 779, 782, 783, 787, 790, 791, 809, 817, 819, 830, 833, 834, 836, 845, 856, 857, 860, 862, 875, 880, 887, 888, 899, 900, 914, 918, 921, 922, 928, 929, 930]","[0, 1, 2, 3, 4, 5, 6, 7, 8, 9, 10, 11, 12, 13, 14, 15, 16, 17, 18, 19, 20, 21, 22, 23, 24, 25, 26, 27, 28, 29, 30, 31, 32, 33, 34, 35, 36, 37, 38, 39, 40, 41, 42, 43, 44, 45, 46, 47, 48, 49, 50, 51, 52, 53, 54, 55, 56, 57, 58, 59, 60, 61, 62, 63, 64, 65, 66, 67, 68, 69, 70, 71, 72, 73, 74, 75, 76, 77, 78, 79, 80, 81, 82, 83, 84, 85, 86, 87, 88, 89, 90, 91, 92, 93, 94, 95, 96, 97, 98, 99, 100, 101, 102, 104, 107, 115, 116, 119, 123, 124, 129, 134, 136, 137, 139, 140, 141, 142, 148, 155, 161, 167, 169, 170, 172, 179, 183, 185, 186, 188, 196, 198, 202, 217, 237, 240, 244, 254, 255, 260, 267, 270, 277, 278, 293, 297, 300, 303, 307, 310, 316, 319, 321, 322, 324, 325, 330, 331, 334, 335, 354, 366, 369, 376, 380, 383, 384, 386, 395, 407, 411, 423, 428, 436, 437, 452, 453, 456, 467, 471, 474, 477, 478, 479, 485, 486, 487, 488, 489, 490, 491, 492, 493, 494, 495, 496, 497, 498, 499, 500, 501, 502, 503, 504, 505, 506, 507, 508, 509, 510, 511, 512, 513, 514, 515, 516, 517, 518, 519, 520, 521, 522, 523, 524, 525, 526, 527, 528, 529, 530, 531, 532, 533, 534, 535, 536, 537, 538, 539, 540, 541, 542, 543, 544, 545, 546, 547, 548, 549, 550, 551, 552, 553, 554, 555, 556, 557, 558, 559, 560, 561, 562, 563, 564, 565, 566, 567, 568, 569, 570, 571, 572, 573, 575, 578, 586, 587, 590, 594, 595, 600, 605, 607, 608, 610, 611, 612, 613, 619, 627, 633, 639, 640, 641, 643, 650, 654, 656, 657, 659, 667, 669, 672, 685, 701, 704, 708, 717, 726, 729, 736, 737, 752, 756, 759, 761, 765, 768, 774, 777, 779, 780, 782, 783, 787, 788, 790, 791, 792, 809, 817, 819, 826, 830, 833, 834, 836, 845, 856, 857, 860, 862, 875, 880, 887, 888, 899, 900, 914, 918, 921, 922, 928, 929, 930]",True,"[49, 87, 528, 558]","[0, 1, 2, 3, 4, 5, 6, 7, 8, 9, 10, 11, 12, 13, 14, 15, 16, 17, 18, 19, 20, 21, 22, 23, 24, 25, 26, 27, 28, 29, 30, 31, 32, 33, 34, 35, 36, 37, 38, 39, 40, 41, 42, 43, 44, 45, 46, 47, 48, 49, 50, 51, 52, 53, 54, 55, 56, 57, 58, 59, 60, 61, 62, 63, 64, 65, 66, 67, 68, 69, 70, 71, 72, 73, 74, 75, 76, 77, 78, 79, 80, 81, 82, 83, 84, 85, 86, 87, 88, 89, 90, 91, 92, 93, 94, 95, 96, 97, 98, 99, 100, 101, 102, 485, 486, 487, 488, 489, 490, 491, 492, 493, 494, 495, 496, 497, 498, 499, 500, 501, 502, 503, 504, 505, 506, 507, 508, 509, 510, 511, 512, 513, 514, 515, 516, 517, 518, 519, 520, 521, 522, 523, 524, 525, 526, 527, 528, 529, 530, 531, 532, 533, 534, 535, 536, 537, 538, 539, 540, 541, 542, 543, 544, 545, 546, 547, 548, 549, 550, 551, 552, 553, 554, 555, 556, 557, 558, 559, 560, 561, 562, 563, 564, 565, 566, 567, 568, 569, 570, 571, 572, 573]","[49, 87, 107, 198, 255, 293, 297, 316, 331, 528, 558, 578, 669, 708, 752, 756, 774, 788]","[49, 87, 528, 558]","[0, 5, 7, 10, 14, 19, 20, 22, 24, 32, 33, 34, 37, 38, 40, 44, 46, 48, 49, 51, 56, 61, 63, 65, 67, 68, 73, 74, 75, 76, 79, 81, 82, 83, 85, 87, 88, 92, 93, 95, 96, 99, 100, 101, 115, 116, 124, 134, 142, 161, 167, 169, 170, 186, 202, 240, 244, 254, 260, 267, 277, 300, 303, 307, 310, 322, 331, 376, 485, 491, 493, 495, 499, 503, 504, 506, 508, 515, 518, 519, 521, 524, 526, 528, 533, 537, 539, 542, 543, 547, 548, 549, 550, 551, 553, 554, 556, 558, 559, 563, 564, 566, 567, 570, 571, 572, 586, 587, 595, 605, 613, 633, 639, 640, 641, 657, 672, 704, 717, 726, 736, 759, 761, 765, 768, 780, 788, 792, 826]","[12, 24, 25, 28, 88, 92, 100, 104, 119, 123, 129, 136, 137, 139, 140, 141, 148, 155, 169, 172, 179, 183, 185, 188, 196, 198, 217, 237, 267, 270, 278, 319, 321, 324, 325, 330, 334, 335, 354, 366, 369, 380, 383, 384, 386, 395, 407, 411, 423, 428, 436, 437, 452, 453, 456, 467, 471, 474, 477, 478, 479, 497, 508, 511, 559, 563, 571, 575, 590, 594, 600, 607, 608, 610, 611, 612, 619, 627, 640, 643, 650, 654, 656, 659, 667, 669, 685, 701, 726, 729, 737, 777, 779, 782, 783, 787, 790, 791, 809, 817, 819, 830, 833, 834, 836, 845, 856, 857, 860, 862, 875, 880, 887, 888, 899, 900, 914, 918, 921, 922, 928, 929, 930]","[12, 24, 25, 28, 88, 100, 104, 119, 123, 129, 136, 137, 139, 140, 141, 148, 155, 169, 172, 179, 183, 185, 188, 196, 198, 217, 237, 267, 270, 278, 319, 321, 324, 325, 330, 334, 335, 354, 366, 369, 380, 383, 384, 386, 395, 407, 411, 423, 428, 436, 437, 452, 453, 456, 467, 471, 477, 478, 479, 497, 508, 511, 559, 571, 575, 590, 594, 600, 607, 608, 610, 611, 612, 619, 627, 640, 643, 650, 654, 656, 659, 667, 669, 685, 701, 726, 729, 737, 777, 779, 782, 783, 787, 790, 791, 809, 817, 819, 830, 833, 834, 836, 845, 856, 857, 860, 862, 875, 880, 887, 888, 899, 900, 914, 918, 921, 928, 929, 930]",5/6 successful match,True,"[105, 106, 107, 108]",True,169,False,,1.0,True,Sunmart # 605 ( Chevron ),Chevron
San Simon ( 85632 ) Sunmart # 605 ( Chevron ),520-845-2251 I-10 Exit 378,24 XL 24 38,San Simon,85632,Sunmart # 605 ( Chevron ),520-845-2251,2016,San Simon,AZ,Chevron,,I-10 Exit 378,Exit,378,False,,False,I-10,,,,,"[528, 49]","[49, 87, 528, 558]","[49, 87, 107, 198, 255, 293, 297, 316, 331, 528, 558, 578, 669, 708, 752, 756, 774, 788]","[49, 87, 528, 558]","[0, 1, 2, 3, 4, 5, 6, 7, 8, 9, 10, 11, 12, 13, 14, 15, 16, 17, 18, 19, 20, 21, 22, 23, 24, 25, 26, 27, 28, 29, 30, 31, 32, 33, 34, 35, 36, 37, 38, 39, 40, 41, 42, 43, 44, 45, 46, 47, 48, 49, 50, 51, 52, 53, 54, 55, 56, 57, 58, 59, 60, 61, 62, 63, 64, 65, 66, 67, 68, 69, 70, 71, 72, 73, 74, 75, 76, 77, 78, 79, 80, 81, 82, 83, 84, 85, 86, 87, 88, 89, 90, 91, 92, 93, 94, 95, 96, 97, 98, 99, 100, 101, 102, 485, 486, 487, 488, 489, 490, 491, 492, 493, 494, 495, 496, 497, 498, 499, 500, 501, 502, 503, 504, 505, 506, 507, 508, 509, 510, 511, 512, 513, 514, 515, 516, 517, 518, 519, 520, 521, 522, 523, 524, 525, 526, 527, 528, 529, 530, 531, 532, 533, 534, 535, 536, 537, 538, 539, 540, 541, 542, 543, 544, 545, 546, 547, 548, 549, 550, 551, 552, 553, 554, 555, 556, 557, 558, 559, 560, 561, 562, 563, 564, 565, 566, 567, 568, 569, 570, 571, 572, 573]","[0, 5, 7, 10, 14, 19, 20, 22, 24, 32, 33, 34, 37, 38, 40, 44, 46, 48, 49, 51, 56, 61, 63, 65, 67, 68, 73, 74, 75, 76, 79, 81, 82, 83, 85, 87, 88, 92, 93, 95, 96, 99, 100, 101, 115, 116, 124, 134, 142, 161, 167, 169, 170, 186, 202, 240, 244, 254, 260, 267, 277, 300, 303, 307, 310, 322, 331, 376, 485, 491, 493, 495, 499, 503, 504, 506, 508, 515, 518, 519, 521, 524, 526, 528, 533, 537, 539, 542, 543, 547, 548, 549, 550, 551, 553, 554, 556, 558, 559, 563, 564, 566, 567, 570, 571, 572, 586, 587, 595, 605, 613, 633, 639, 640, 641, 657, 672, 704, 717, 726, 736, 759, 761, 765, 768, 780, 788, 792, 826]","[12, 24, 25, 28, 88, 100, 104, 119, 123, 129, 136, 137, 139, 140, 141, 148, 155, 169, 172, 179, 183, 185, 188, 196, 198, 217, 237, 267, 270, 278, 319, 321, 324, 325, 330, 334, 335, 354, 366, 369, 380, 383, 384, 386, 395, 407, 411, 423, 428, 436, 437, 452, 453, 456, 467, 471, 477, 478, 479, 497, 508, 511, 559, 571, 575, 590, 594, 600, 607, 608, 610, 611, 612, 619, 627, 640, 643, 650, 654, 656, 659, 667, 669, 685, 701, 726, 729, 737, 777, 779, 782, 783, 787, 790, 791, 809, 817, 819, 830, 833, 834, 836, 845, 856, 857, 860, 862, 875, 880, 887, 888, 899, 900, 914, 918, 921, 928, 929, 930]","[12, 24, 25, 28, 88, 92, 100, 104, 119, 123, 129, 136, 137, 139, 140, 141, 148, 155, 169, 172, 179, 183, 185, 188, 196, 198, 217, 237, 267, 270, 278, 319, 321, 324, 325, 330, 334, 335, 354, 366, 369, 380, 383, 384, 386, 395, 407, 411, 423, 428, 436, 437, 452, 453, 456, 467, 471, 474, 477, 478, 479, 497, 508, 511, 559, 563, 571, 575, 590, 594, 600, 607, 608, 610, 611, 612, 619, 627, 640, 643, 650, 654, 656, 659, 667, 669, 685, 701, 726, 729, 737, 777, 779, 782, 783, 787, 790, 791, 809, 817, 819, 830, 833, 834, 836, 845, 856, 857, 860, 862, 875, 880, 887, 888, 899, 900, 914, 918, 921, 922, 928, 929, 930]","[0, 1, 2, 3, 4, 5, 6, 7, 8, 9, 10, 11, 12, 13, 14, 15, 16, 17, 18, 19, 20, 21, 22, 23, 24, 25, 26, 27, 28, 29, 30, 31, 32, 33, 34, 35, 36, 37, 38, 39, 40, 41, 42, 43, 44, 45, 46, 47, 48, 49, 50, 51, 52, 53, 54, 55, 56, 57, 58, 59, 60, 61, 62, 63, 64, 65, 66, 67, 68, 69, 70, 71, 72, 73, 74, 75, 76, 77, 78, 79, 80, 81, 82, 83, 84, 85, 86, 87, 88, 89, 90, 91, 92, 93, 94, 95, 96, 97, 98, 99, 100, 101, 102, 104, 107, 115, 116, 119, 123, 124, 129, 134, 136, 137, 139, 140, 141, 142, 148, 155, 161, 167, 169, 170, 172, 179, 183, 185, 186, 188, 196, 198, 202, 217, 237, 240, 244, 254, 255, 260, 267, 270, 277, 278, 293, 297, 300, 303, 307, 310, 316, 319, 321, 322, 324, 325, 330, 331, 334, 335, 354, 366, 369, 376, 380, 383, 384, 386, 395, 407, 411, 423, 428, 436, 437, 452, 453, 456, 467, 471, 474, 477, 478, 479, 485, 486, 487, 488, 489, 490, 491, 492, 493, 494, 495, 496, 497, 498, 499, 500, 501, 502, 503, 504, 505, 506, 507, 508, 509, 510, 511, 512, 513, 514, 515, 516, 517, 518, 519, 520, 521, 522, 523, 524, 525, 526, 527, 528, 529, 530, 531, 532, 533, 534, 535, 536, 537, 538, 539, 540, 541, 542, 543, 544, 545, 546, 547, 548, 549, 550, 551, 552, 553, 554, 555, 556, 557, 558, 559, 560, 561, 562, 563, 564, 565, 566, 567, 568, 569, 570, 571, 572, 573, 575, 578, 586, 587, 590, 594, 595, 600, 605, 607, 608, 610, 611, 612, 613, 619, 627, 633, 639, 640, 641, 643, 650, 654, 656, 657, 659, 667, 669, 672, 685, 701, 704, 708, 717, 726, 729, 736, 737, 752, 756, 759, 761, 765, 768, 774, 777, 779, 780, 782, 783, 787, 788, 790, 791, 792, 809, 817, 819, 826, 830, 833, 834, 836, 845, 856, 857, 860, 862, 875, 880, 887, 888, 899, 900, 914, 918, 921, 922, 928, 929, 930]",True,"[49, 87, 528, 558]","[0, 1, 2, 3, 4, 5, 6, 7, 8, 9, 10, 11, 12, 13, 14, 15, 16, 17, 18, 19, 20, 21, 22, 23, 24, 25, 26, 27, 28, 29, 30, 31, 32, 33, 34, 35, 36, 37, 38, 39, 40, 41, 42, 43, 44, 45, 46, 47, 48, 49, 50, 51, 52, 53, 54, 55, 56, 57, 58, 59, 60, 61, 62, 63, 64, 65, 66, 67, 68, 69, 70, 71, 72, 73, 74, 75, 76, 77, 78, 79, 80, 81, 82, 83, 84, 85, 86, 87, 88, 89, 90, 91, 92, 93, 94, 95, 96, 97, 98, 99, 100, 101, 102, 485, 486, 487, 488, 489, 490, 491, 492, 493, 494, 495, 496, 497, 498, 499, 500, 501, 502, 503, 504, 505, 506, 507, 508, 509, 510, 511, 512, 513, 514, 515, 516, 517, 518, 519, 520, 521, 522, 523, 524, 525, 526, 527, 528, 529, 530, 531, 532, 533, 534, 535, 536, 537, 538, 539, 540, 541, 542, 543, 544, 545, 546, 547, 548, 549, 550, 551, 552, 553, 554, 555, 556, 557, 558, 559, 560, 561, 562, 563, 564, 565, 566, 567, 568, 569, 570, 571, 572, 573]","[49, 87, 107, 198, 255, 293, 297, 316, 331, 528, 558, 578, 669, 708, 752, 756, 774, 788]","[49, 87, 528, 558]","[0, 5, 7, 10, 14, 19, 20, 22, 24, 32, 33, 34, 37, 38, 40, 44, 46, 48, 49, 51, 56, 61, 63, 65, 67, 68, 73, 74, 75, 76, 79, 81, 82, 83, 85, 87, 88, 92, 93, 95, 96, 99, 100, 101, 115, 116, 124, 134, 142, 161, 167, 169, 170, 186, 202, 240, 244, 254, 260, 267, 277, 300, 303, 307, 310, 322, 331, 376, 485, 491, 493, 495, 499, 503, 504, 506, 508, 515, 518, 519, 521, 524, 526, 528, 533, 537, 539, 542, 543, 547, 548, 549, 550, 551, 553, 554, 556, 558, 559, 563, 564, 566, 567, 570, 571, 572, 586, 587, 595, 605, 613, 633, 639, 640, 641, 657, 672, 704, 717, 726, 736, 759, 761, 765, 768, 780, 788, 792, 826]","[12, 24, 25, 28, 88, 92, 100, 104, 119, 123, 129, 136, 137, 139, 140, 141, 148, 155, 169, 172, 179, 183, 185, 188, 196, 198, 217, 237, 267, 270, 278, 319, 321, 324, 325, 330, 334, 335, 354, 366, 369, 380, 383, 384, 386, 395, 407, 411, 423, 428, 436, 437, 452, 453, 456, 467, 471, 474, 477, 478, 479, 497, 508, 511, 559, 563, 571, 575, 590, 594, 600, 607, 608, 610, 611, 612, 619, 627, 640, 643, 650, 654, 656, 659, 667, 669, 685, 701, 726, 729, 737, 777, 779, 782, 783, 787, 790, 791, 809, 817, 819, 830, 833, 834, 836, 845, 856, 857, 860, 862, 875, 880, 887, 888, 899, 900, 914, 918, 921, 922, 928, 929, 930]","[12, 24, 25, 28, 88, 100, 104, 119, 123, 129, 136, 137, 139, 140, 141, 148, 155, 169, 172, 179, 183, 185, 188, 196, 198, 217, 237, 267, 270, 278, 319, 321, 324, 325, 330, 334, 335, 354, 366, 369, 380, 383, 384, 386, 395, 407, 411, 423, 428, 436, 437, 452, 453, 456, 467, 471, 477, 478, 479, 497, 508, 511, 559, 571, 575, 590, 594, 600, 607, 608, 610, 611, 612, 619, 627, 640, 643, 650, 654, 656, 659, 667, 669, 685, 701, 726, 729, 737, 777, 779, 782, 783, 787, 790, 791, 809, 817, 819, 830, 833, 834, 836, 845, 856, 857, 860, 862, 875, 880, 887, 888, 899, 900, 914, 918, 921, 928, 929, 930]",5/6 successful match,True,"[105, 106, 107, 108]",True,169,False,,1.0,True,Sunmart # 605 ( Chevron ),Chevron
"Willcox , 85643 Willcox Truck Plaza ( Chevron )",520-384-3561 I-10 Exit 340 ( AZ 186 S ),HRS S -,Willcox,85643,Willcox Truck Plaza ( Chevron ),520-384-3561,2006,Willcox,AZ,Chevron,( AZ 186 S ),I-10 Exit 340 ,Exit,340,False,,False,I-10,,,,,[],"[24, 48, 96, 100, 508, 567, 571]","[24, 32, 96, 100]","[48, 96, 100, 567, 571]","[0, 1, 2, 3, 4, 5, 6, 7, 8, 9, 10, 11, 12, 13, 14, 15, 16, 17, 18, 19, 20, 21, 22, 23, 24, 25, 26, 27, 28, 29, 30, 31, 32, 33, 34, 35, 36, 37, 38, 39, 40, 41, 42, 43, 44, 45, 46, 47, 48, 49, 50, 51, 52, 53, 54, 55, 56, 57, 58, 59, 60, 61, 62, 63, 64, 65, 66, 67, 68, 69, 70, 71, 72, 73, 74, 75, 76, 77, 78, 79, 80, 81, 82, 83, 84, 85, 86, 87, 88, 89, 90, 91, 92, 93, 94, 95, 96, 97, 98, 99, 100, 101, 102, 485, 486, 487, 488, 489, 490, 491, 492, 493, 494, 495, 496, 497, 498, 499, 500, 501, 502, 503, 504, 505, 506, 507, 508, 509, 510, 511, 512, 513, 514, 515, 516, 517, 518, 519, 520, 521, 522, 523, 524, 525, 526, 527, 528, 529, 530, 531, 532, 533, 534, 535, 536, 537, 538, 539, 540, 541, 542, 543, 544, 545, 546, 547, 548, 549, 550, 551, 552, 553, 554, 555, 556, 557, 558, 559, 560, 561, 562, 563, 564, 565, 566, 567, 568, 569, 570, 571, 572, 573]","[0, 5, 7, 10, 14, 19, 20, 22, 24, 32, 33, 34, 37, 38, 40, 44, 46, 48, 49, 51, 56, 61, 63, 65, 67, 68, 73, 74, 75, 76, 79, 81, 82, 83, 85, 87, 88, 92, 93, 95, 96, 99, 100, 101, 115, 116, 124, 134, 142, 161, 167, 169, 170, 186, 202, 240, 244, 254, 260, 267, 277, 300, 303, 307, 310, 322, 331, 376, 485, 491, 493, 495, 499, 503, 504, 506, 508, 515, 518, 519, 521, 524, 526, 528, 533, 537, 539, 542, 543, 547, 548, 549, 550, 551, 553, 554, 556, 558, 559, 563, 564, 566, 567, 570, 571, 572, 586, 587, 595, 605, 613, 633, 639, 640, 641, 657, 672, 704, 717, 726, 736, 759, 761, 765, 768, 780, 788, 792, 826]","[12, 24, 25, 28, 88, 100, 104, 119, 123, 129, 136, 137, 139, 140, 141, 148, 155, 169, 172, 179, 183, 185, 188, 196, 198, 217, 237, 267, 270, 278, 319, 321, 324, 325, 330, 334, 335, 354, 366, 369, 380, 383, 384, 386, 395, 407, 411, 423, 428, 436, 437, 452, 453, 456, 467, 471, 477, 478, 479, 497, 508, 511, 559, 571, 575, 590, 594, 600, 607, 608, 610, 611, 612, 619, 627, 640, 643, 650, 654, 656, 659, 667, 669, 685, 701, 726, 729, 737, 777, 779, 782, 783, 787, 790, 791, 809, 817, 819, 830, 833, 834, 836, 845, 856, 857, 860, 862, 875, 880, 887, 888, 899, 900, 914, 918, 921, 928, 929, 930]","[12, 24, 25, 28, 88, 100, 104, 119, 123, 129, 136, 137, 139, 140, 141, 148, 155, 169, 172, 179, 183, 185, 188, 196, 198, 217, 237, 267, 270, 278, 319, 321, 324, 325, 330, 334, 335, 354, 366, 369, 380, 383, 384, 386, 395, 407, 411, 423, 428, 436, 437, 452, 453, 456, 467, 471, 477, 478, 479, 497, 508, 511, 559, 571, 575, 590, 594, 600, 607, 608, 610, 611, 612, 619, 627, 640, 643, 650, 654, 656, 659, 667, 669, 685, 701, 726, 729, 737, 777, 779, 782, 783, 787, 790, 791, 809, 817, 819, 830, 833, 834, 836, 845, 856, 857, 860, 862, 875, 880, 887, 888, 899, 900, 914, 918, 921, 928, 929, 930]","[0, 1, 2, 3, 4, 5, 6, 7, 8, 9, 10, 11, 12, 13, 14, 15, 16, 17, 18, 19, 20, 21, 22, 23, 24, 25, 26, 27, 28, 29, 30, 31, 32, 33, 34, 35, 36, 37, 38, 39, 40, 41, 42, 43, 44, 45, 46, 47, 48, 49, 50, 51, 52, 53, 54, 55, 56, 57, 58, 59, 60, 61, 62, 63, 64, 65, 66, 67, 68, 69, 70, 71, 72, 73, 74, 75, 76, 77, 78, 79, 80, 81, 82, 83, 84, 85, 86, 87, 88, 89, 90, 91, 92, 93, 94, 95, 96, 97, 98, 99, 100, 101, 102, 104, 115, 116, 119, 123, 124, 129, 134, 136, 137, 139, 140, 141, 142, 148, 155, 161, 167, 169, 170, 172, 179, 183, 185, 186, 188, 196, 198, 202, 217, 237, 240, 244, 254, 260, 267, 270, 277, 278, 300, 303, 307, 310, 319, 321, 322, 324, 325, 330, 331, 334, 335, 354, 366, 369, 376, 380, 383, 384, 386, 395, 407, 411, 423, 428, 436, 437, 452, 453, 456, 467, 471, 477, 478, 479, 485, 486, 487, 488, 489, 490, 491, 492, 493, 494, 495, 496, 497, 498, 499, 500, 501, 502, 503, 504, 505, 506, 507, 508, 509, 510, 511, 512, 513, 514, 515, 516, 517, 518, 519, 520, 521, 522, 523, 524, 525, 526, 527, 528, 529, 530, 531, 532, 533, 534, 535, 536, 537, 538, 539, 540, 541, 542, 543, 544, 545, 546, 547, 548, 549, 550, 551, 552, 553, 554, 555, 556, 557, 558, 559, 560, 561, 562, 563, 564, 565, 566, 567, 568, 569, 570, 571, 572, 573, 575, 586, 587, 590, 594, 595, 600, 605, 607, 608, 610, 611, 612, 613, 619, 627, 633, 639, 640, 641, 643, 650, 654, 656, 657, 659, 667, 669, 672, 685, 701, 704, 717, 726, 729, 736, 737, 759, 761, 765, 768, 777, 779, 780, 782, 783, 787, 788, 790, 791, 792, 809, 817, 819, 826, 830, 833, 834, 836, 845, 856, 857, 860, 862, 875, 880, 887, 888, 899, 900, 914, 918, 921, 928, 929, 930]",False,"[24, 48, 96, 100, 508, 567, 571]","[0, 1, 2, 3, 4, 5, 6, 7, 8, 9, 10, 11, 12, 13, 14, 15, 16, 17, 18, 19, 20, 21, 22, 23, 24, 25, 26, 27, 28, 29, 30, 31, 32, 33, 34, 35, 36, 37, 38, 39, 40, 41, 42, 43, 44, 45, 46, 47, 48, 49, 50, 51, 52, 53, 54, 55, 56, 57, 58, 59, 60, 61, 62, 63, 64, 65, 66, 67, 68, 69, 70, 71, 72, 73, 74, 75, 76, 77, 78, 79, 80, 81, 82, 83, 84, 85, 86, 87, 88, 89, 90, 91, 92, 93, 94, 95, 96, 97, 98, 99, 100, 101, 102, 485, 486, 487, 488, 489, 490, 491, 492, 493, 494, 495, 496, 497, 498, 499, 500, 501, 502, 503, 504, 505, 506, 507, 508, 509, 510, 511, 512, 513, 514, 515, 516, 517, 518, 519, 520, 521, 522, 523, 524, 525, 526, 527, 528, 529, 530, 531, 532, 533, 534, 535, 536, 537, 538, 539, 540, 541, 542, 543, 544, 545, 546, 547, 548, 549, 550, 551, 552, 553, 554, 555, 556, 557, 558, 559, 560, 561, 562, 563, 564, 565, 566, 567, 568, 569, 570, 571, 572, 573]","[24, 32, 96, 100]","[48, 96, 100, 567, 571]","[0, 5, 7, 10, 14, 19, 20, 22, 24, 32, 33, 34, 37, 38, 40, 44, 46, 48, 49, 51, 56, 61, 63, 65, 67, 68, 73, 74, 75, 76, 79, 81, 82, 83, 85, 87, 88, 92, 93, 95, 96, 99, 100, 101, 115, 116, 124, 134, 142, 161, 167, 169, 170, 186, 202, 240, 244, 254, 260, 267, 277, 300, 303, 307, 310, 322, 331, 376, 485, 491, 493, 495, 499, 503, 504, 506, 508, 515, 518, 519, 521, 524, 526, 528, 533, 537, 539, 542, 543, 547, 548, 549, 550, 551, 553, 554, 556, 558, 559, 563, 564, 566, 567, 570, 571, 572, 586, 587, 595, 605, 613, 633, 639, 640, 641, 657, 672, 704, 717, 726, 736, 759, 761, 765, 768, 780, 788, 792, 826]","[12, 24, 25, 28, 88, 100, 104, 119, 123, 129, 136, 137, 139, 140, 141, 148, 155, 169, 172, 179, 183, 185, 188, 196, 198, 217, 237, 267, 270, 278, 319, 321, 324, 325, 330, 334, 335, 354, 366, 369, 380, 383, 384, 386, 395, 407, 411, 423, 428, 436, 437, 452, 453, 456, 467, 471, 477, 478, 479, 497, 508, 511, 559, 571, 575, 590, 594, 600, 607, 608, 610, 611, 612, 619, 627, 640, 643, 650, 654, 656, 659, 667, 669, 685, 701, 726, 729, 737, 777, 779, 782, 783, 787, 790, 791, 809, 817, 819, 830, 833, 834, 836, 845, 856, 857, 860, 862, 875, 880, 887, 888, 899, 900, 914, 918, 921, 928, 929, 930]","[12, 24, 25, 28, 88, 100, 104, 119, 123, 129, 136, 137, 139, 140, 141, 148, 155, 169, 172, 179, 183, 185, 188, 196, 198, 217, 237, 267, 270, 278, 319, 321, 324, 325, 330, 334, 335, 354, 366, 369, 380, 383, 384, 386, 395, 407, 411, 423, 428, 436, 437, 452, 453, 456, 467, 471, 477, 478, 479, 497, 508, 511, 559, 571, 575, 590, 594, 600, 607, 608, 610, 611, 612, 619, 627, 640, 643, 650, 654, 656, 659, 667, 669, 685, 701, 726, 729, 737, 777, 779, 782, 783, 787, 790, 791, 809, 817, 819, 830, 833, 834, 836, 845, 856, 857, 860, 862, 875, 880, 887, 888, 899, 900, 914, 918, 921, 928, 929, 930]",7/6 successful match,False,,False,170,False,,,,,
"Willcox , 85643 Willcox Truck Plaza ( Chevron )",6 520-384-3561 I-10 Exit 340 ( AZ 186 S ),D,Willcox,85643,Willcox Truck Plaza ( Chevron ),520-384-3561,2007,Willcox,AZ,Chevron,( AZ 186 S ),I-10 Exit 340 ,Exit,340,False,,False,I-10,,,,,[],"[24, 48, 96, 100, 508, 567, 571]","[24, 32, 96, 100]","[48, 96, 100, 567, 571]","[0, 1, 2, 3, 4, 5, 6, 7, 8, 9, 10, 11, 12, 13, 14, 15, 16, 17, 18, 19, 20, 21, 22, 23, 24, 25, 26, 27, 28, 29, 30, 31, 32, 33, 34, 35, 36, 37, 38, 39, 40, 41, 42, 43, 44, 45, 46, 47, 48, 49, 50, 51, 52, 53, 54, 55, 56, 57, 58, 59, 60, 61, 62, 63, 64, 65, 66, 67, 68, 69, 70, 71, 72, 73, 74, 75, 76, 77, 78, 79, 80, 81, 82, 83, 84, 85, 86, 87, 88, 89, 90, 91, 92, 93, 94, 95, 96, 97, 98, 99, 100, 101, 102, 485, 486, 487, 488, 489, 490, 491, 492, 493, 494, 495, 496, 497, 498, 499, 500, 501, 502, 503, 504, 505, 506, 507, 508, 509, 510, 511, 512, 513, 514, 515, 516, 517, 518, 519, 520, 521, 522, 523, 524, 525, 526, 527, 528, 529, 530, 531, 532, 533, 534, 535, 536, 537, 538, 539, 540, 541, 542, 543, 544, 545, 546, 547, 548, 549, 550, 551, 552, 553, 554, 555, 556, 557, 558, 559, 560, 561, 562, 563, 564, 565, 566, 567, 568, 569, 570, 571, 572, 573]","[0, 5, 7, 10, 14, 19, 20, 22, 24, 32, 33, 34, 37, 38, 40, 44, 46, 48, 49, 51, 56, 61, 63, 65, 67, 68, 73, 74, 75, 76, 79, 81, 82, 83, 85, 87, 88, 92, 93, 95, 96, 99, 100, 101, 115, 116, 124, 134, 142, 161, 167, 169, 170, 186, 202, 240, 244, 254, 260, 267, 277, 300, 303, 307, 310, 322, 331, 376, 485, 491, 493, 495, 499, 503, 504, 506, 508, 515, 518, 519, 521, 524, 526, 528, 533, 537, 539, 542, 543, 547, 548, 549, 550, 551, 553, 554, 556, 558, 559, 563, 564, 566, 567, 570, 571, 572, 586, 587, 595, 605, 613, 633, 639, 640, 641, 657, 672, 704, 717, 726, 736, 759, 761, 765, 768, 780, 788, 792, 826]","[12, 24, 25, 28, 88, 100, 104, 119, 123, 129, 136, 137, 139, 140, 141, 148, 155, 169, 172, 179, 183, 185, 188, 196, 198, 217, 237, 267, 270, 278, 319, 321, 324, 325, 330, 334, 335, 354, 366, 369, 380, 383, 384, 386, 395, 407, 411, 423, 428, 436, 437, 452, 453, 456, 467, 471, 477, 478, 479, 497, 508, 511, 559, 571, 575, 590, 594, 600, 607, 608, 610, 611, 612, 619, 627, 640, 643, 650, 654, 656, 659, 667, 669, 685, 701, 726, 729, 737, 777, 779, 782, 783, 787, 790, 791, 809, 817, 819, 830, 833, 834, 836, 845, 856, 857, 860, 862, 875, 880, 887, 888, 899, 900, 914, 918, 921, 928, 929, 930]","[12, 24, 25, 28, 88, 100, 104, 119, 123, 129, 136, 137, 139, 140, 141, 148, 155, 169, 172, 179, 183, 185, 188, 196, 198, 217, 237, 267, 270, 278, 319, 321, 324, 325, 330, 334, 335, 354, 366, 369, 380, 383, 384, 386, 395, 407, 411, 423, 428, 436, 437, 452, 453, 456, 467, 471, 477, 478, 479, 497, 508, 511, 559, 571, 575, 590, 594, 600, 607, 608, 610, 611, 612, 619, 627, 640, 643, 650, 654, 656, 659, 667, 669, 685, 701, 726, 729, 737, 777, 779, 782, 783, 787, 790, 791, 809, 817, 819, 830, 833, 834, 836, 845, 856, 857, 860, 862, 875, 880, 887, 888, 899, 900, 914, 918, 921, 928, 929, 930]","[0, 1, 2, 3, 4, 5, 6, 7, 8, 9, 10, 11, 12, 13, 14, 15, 16, 17, 18, 19, 20, 21, 22, 23, 24, 25, 26, 27, 28, 29, 30, 31, 32, 33, 34, 35, 36, 37, 38, 39, 40, 41, 42, 43, 44, 45, 46, 47, 48, 49, 50, 51, 52, 53, 54, 55, 56, 57, 58, 59, 60, 61, 62, 63, 64, 65, 66, 67, 68, 69, 70, 71, 72, 73, 74, 75, 76, 77, 78, 79, 80, 81, 82, 83, 84, 85, 86, 87, 88, 89, 90, 91, 92, 93, 94, 95, 96, 97, 98, 99, 100, 101, 102, 104, 115, 116, 119, 123, 124, 129, 134, 136, 137, 139, 140, 141, 142, 148, 155, 161, 167, 169, 170, 172, 179, 183, 185, 186, 188, 196, 198, 202, 217, 237, 240, 244, 254, 260, 267, 270, 277, 278, 300, 303, 307, 310, 319, 321, 322, 324, 325, 330, 331, 334, 335, 354, 366, 369, 376, 380, 383, 384, 386, 395, 407, 411, 423, 428, 436, 437, 452, 453, 456, 467, 471, 477, 478, 479, 485, 486, 487, 488, 489, 490, 491, 492, 493, 494, 495, 496, 497, 498, 499, 500, 501, 502, 503, 504, 505, 506, 507, 508, 509, 510, 511, 512, 513, 514, 515, 516, 517, 518, 519, 520, 521, 522, 523, 524, 525, 526, 527, 528, 529, 530, 531, 532, 533, 534, 535, 536, 537, 538, 539, 540, 541, 542, 543, 544, 545, 546, 547, 548, 549, 550, 551, 552, 553, 554, 555, 556, 557, 558, 559, 560, 561, 562, 563, 564, 565, 566, 567, 568, 569, 570, 571, 572, 573, 575, 586, 587, 590, 594, 595, 600, 605, 607, 608, 610, 611, 612, 613, 619, 627, 633, 639, 640, 641, 643, 650, 654, 656, 657, 659, 667, 669, 672, 685, 701, 704, 717, 726, 729, 736, 737, 759, 761, 765, 768, 777, 779, 780, 782, 783, 787, 788, 790, 791, 792, 809, 817, 819, 826, 830, 833, 834, 836, 845, 856, 857, 860, 862, 875, 880, 887, 888, 899, 900, 914, 918, 921, 928, 929, 930]",False,"[24, 48, 96, 100, 508, 567, 571]","[0, 1, 2, 3, 4, 5, 6, 7, 8, 9, 10, 11, 12, 13, 14, 15, 16, 17, 18, 19, 20, 21, 22, 23, 24, 25, 26, 27, 28, 29, 30, 31, 32, 33, 34, 35, 36, 37, 38, 39, 40, 41, 42, 43, 44, 45, 46, 47, 48, 49, 50, 51, 52, 53, 54, 55, 56, 57, 58, 59, 60, 61, 62, 63, 64, 65, 66, 67, 68, 69, 70, 71, 72, 73, 74, 75, 76, 77, 78, 79, 80, 81, 82, 83, 84, 85, 86, 87, 88, 89, 90, 91, 92, 93, 94, 95, 96, 97, 98, 99, 100, 101, 102, 485, 486, 487, 488, 489, 490, 491, 492, 493, 494, 495, 496, 497, 498, 499, 500, 501, 502, 503, 504, 505, 506, 507, 508, 509, 510, 511, 512, 513, 514, 515, 516, 517, 518, 519, 520, 521, 522, 523, 524, 525, 526, 527, 528, 529, 530, 531, 532, 533, 534, 535, 536, 537, 538, 539, 540, 541, 542, 543, 544, 545, 546, 547, 548, 549, 550, 551, 552, 553, 554, 555, 556, 557, 558, 559, 560, 561, 562, 563, 564, 565, 566, 567, 568, 569, 570, 571, 572, 573]","[24, 32, 96, 100]","[48, 96, 100, 567, 571]","[0, 5, 7, 10, 14, 19, 20, 22, 24, 32, 33, 34, 37, 38, 40, 44, 46, 48, 49, 51, 56, 61, 63, 65, 67, 68, 73, 74, 75, 76, 79, 81, 82, 83, 85, 87, 88, 92, 93, 95, 96, 99, 100, 101, 115, 116, 124, 134, 142, 161, 167, 169, 170, 186, 202, 240, 244, 254, 260, 267, 277, 300, 303, 307, 310, 322, 331, 376, 485, 491, 493, 495, 499, 503, 504, 506, 508, 515, 518, 519, 521, 524, 526, 528, 533, 537, 539, 542, 543, 547, 548, 549, 550, 551, 553, 554, 556, 558, 559, 563, 564, 566, 567, 570, 571, 572, 586, 587, 595, 605, 613, 633, 639, 640, 641, 657, 672, 704, 717, 726, 736, 759, 761, 765, 768, 780, 788, 792, 826]","[12, 24, 25, 28, 88, 100, 104, 119, 123, 129, 136, 137, 139, 140, 141, 148, 155, 169, 172, 179, 183, 185, 188, 196, 198, 217, 237, 267, 270, 278, 319, 321, 324, 325, 330, 334, 335, 354, 366, 369, 380, 383, 384, 386, 395, 407, 411, 423, 428, 436, 437, 452, 453, 456, 467, 471, 477, 478, 479, 497, 508, 511, 559, 571, 575, 590, 594, 600, 607, 608, 610, 611, 612, 619, 627, 640, 643, 650, 654, 656, 659, 667, 669, 685, 701, 726, 729, 737, 777, 779, 782, 783, 787, 790, 791, 809, 817, 819, 830, 833, 834, 836, 845, 856, 857, 860, 862, 875, 880, 887, 888, 899, 900, 914, 918, 921, 928, 929, 930]","[12, 24, 25, 28, 88, 100, 104, 119, 123, 129, 136, 137, 139, 140, 141, 148, 155, 169, 172, 179, 183, 185, 188, 196, 198, 217, 237, 267, 270, 278, 319, 321, 324, 325, 330, 334, 335, 354, 366, 369, 380, 383, 384, 386, 395, 407, 411, 423, 428, 436, 437, 452, 453, 456, 467, 471, 477, 478, 479, 497, 508, 511, 559, 571, 575, 590, 594, 600, 607, 608, 610, 611, 612, 619, 627, 640, 643, 650, 654, 656, 659, 667, 669, 685, 701, 726, 729, 737, 777, 779, 782, 783, 787, 790, 791, 809, 817, 819, 830, 833, 834, 836, 845, 856, 857, 860, 862, 875, 880, 887, 888, 899, 900, 914, 918, 921, 928, 929, 930]",7/6 successful match,False,,False,170,False,,1.0,True,Willcox Truck Plaza ( Chevron ),Chevron
"Willcox , 85643 Willcox Truck Plaza ( Chevron )",6 520-384-3561 I-10 Exit 340 ( AZ 186 S ),24 HRS M 240 HRS,Willcox,85643,Willcox Truck Plaza ( Chevron ),520-384-3561,2008,Willcox,AZ,Chevron,( AZ 186 S ),I-10 Exit 340 ,Exit,340,False,,False,I-10,,,,,[],"[24, 48, 96, 100, 508, 567, 571]","[24, 32, 96, 100]","[48, 96, 100, 567, 571]","[0, 1, 2, 3, 4, 5, 6, 7, 8, 9, 10, 11, 12, 13, 14, 15, 16, 17, 18, 19, 20, 21, 22, 23, 24, 25, 26, 27, 28, 29, 30, 31, 32, 33, 34, 35, 36, 37, 38, 39, 40, 41, 42, 43, 44, 45, 46, 47, 48, 49, 50, 51, 52, 53, 54, 55, 56, 57, 58, 59, 60, 61, 62, 63, 64, 65, 66, 67, 68, 69, 70, 71, 72, 73, 74, 75, 76, 77, 78, 79, 80, 81, 82, 83, 84, 85, 86, 87, 88, 89, 90, 91, 92, 93, 94, 95, 96, 97, 98, 99, 100, 101, 102, 485, 486, 487, 488, 489, 490, 491, 492, 493, 494, 495, 496, 497, 498, 499, 500, 501, 502, 503, 504, 505, 506, 507, 508, 509, 510, 511, 512, 513, 514, 515, 516, 517, 518, 519, 520, 521, 522, 523, 524, 525, 526, 527, 528, 529, 530, 531, 532, 533, 534, 535, 536, 537, 538, 539, 540, 541, 542, 543, 544, 545, 546, 547, 548, 549, 550, 551, 552, 553, 554, 555, 556, 557, 558, 559, 560, 561, 562, 563, 564, 565, 566, 567, 568, 569, 570, 571, 572, 573]","[0, 5, 7, 10, 14, 19, 20, 22, 24, 32, 33, 34, 37, 38, 40, 44, 46, 48, 49, 51, 56, 61, 63, 65, 67, 68, 73, 74, 75, 76, 79, 81, 82, 83, 85, 87, 88, 92, 93, 95, 96, 99, 100, 101, 115, 116, 124, 134, 142, 161, 167, 169, 170, 186, 202, 240, 244, 254, 260, 267, 277, 300, 303, 307, 310, 322, 331, 376, 485, 491, 493, 495, 499, 503, 504, 506, 508, 515, 518, 519, 521, 524, 526, 528, 533, 537, 539, 542, 543, 547, 548, 549, 550, 551, 553, 554, 556, 558, 559, 563, 564, 566, 567, 570, 571, 572, 586, 587, 595, 605, 613, 633, 639, 640, 641, 657, 672, 704, 717, 726, 736, 759, 761, 765, 768, 780, 788, 792, 826]","[12, 24, 25, 28, 88, 100, 104, 119, 123, 129, 136, 137, 139, 140, 141, 148, 155, 169, 172, 179, 183, 185, 188, 196, 198, 217, 237, 267, 270, 278, 319, 321, 324, 325, 330, 334, 335, 354, 366, 369, 380, 383, 384, 386, 395, 407, 411, 423, 428, 436, 437, 452, 453, 456, 467, 471, 477, 478, 479, 497, 508, 511, 559, 571, 575, 590, 594, 600, 607, 608, 610, 611, 612, 619, 627, 640, 643, 650, 654, 656, 659, 667, 669, 685, 701, 726, 729, 737, 777, 779, 782, 783, 787, 790, 791, 809, 817, 819, 830, 833, 834, 836, 845, 856, 857, 860, 862, 875, 880, 887, 888, 899, 900, 914, 918, 921, 928, 929, 930]","[12, 24, 25, 28, 88, 100, 104, 119, 123, 129, 136, 137, 139, 140, 141, 148, 155, 169, 172, 179, 183, 185, 188, 196, 198, 217, 237, 267, 270, 278, 319, 321, 324, 325, 330, 334, 335, 354, 366, 369, 380, 383, 384, 386, 395, 407, 411, 423, 428, 436, 437, 452, 453, 456, 467, 471, 477, 478, 479, 497, 508, 511, 559, 571, 575, 590, 594, 600, 607, 608, 610, 611, 612, 619, 627, 640, 643, 650, 654, 656, 659, 667, 669, 685, 701, 726, 729, 737, 777, 779, 782, 783, 787, 790, 791, 809, 817, 819, 830, 833, 834, 836, 845, 856, 857, 860, 862, 875, 880, 887, 888, 899, 900, 914, 918, 921, 928, 929, 930]","[0, 1, 2, 3, 4, 5, 6, 7, 8, 9, 10, 11, 12, 13, 14, 15, 16, 17, 18, 19, 20, 21, 22, 23, 24, 25, 26, 27, 28, 29, 30, 31, 32, 33, 34, 35, 36, 37, 38, 39, 40, 41, 42, 43, 44, 45, 46, 47, 48, 49, 50, 51, 52, 53, 54, 55, 56, 57, 58, 59, 60, 61, 62, 63, 64, 65, 66, 67, 68, 69, 70, 71, 72, 73, 74, 75, 76, 77, 78, 79, 80, 81, 82, 83, 84, 85, 86, 87, 88, 89, 90, 91, 92, 93, 94, 95, 96, 97, 98, 99, 100, 101, 102, 104, 115, 116, 119, 123, 124, 129, 134, 136, 137, 139, 140, 141, 142, 148, 155, 161, 167, 169, 170, 172, 179, 183, 185, 186, 188, 196, 198, 202, 217, 237, 240, 244, 254, 260, 267, 270, 277, 278, 300, 303, 307, 310, 319, 321, 322, 324, 325, 330, 331, 334, 335, 354, 366, 369, 376, 380, 383, 384, 386, 395, 407, 411, 423, 428, 436, 437, 452, 453, 456, 467, 471, 477, 478, 479, 485, 486, 487, 488, 489, 490, 491, 492, 493, 494, 495, 496, 497, 498, 499, 500, 501, 502, 503, 504, 505, 506, 507, 508, 509, 510, 511, 512, 513, 514, 515, 516, 517, 518, 519, 520, 521, 522, 523, 524, 525, 526, 527, 528, 529, 530, 531, 532, 533, 534, 535, 536, 537, 538, 539, 540, 541, 542, 543, 544, 545, 546, 547, 548, 549, 550, 551, 552, 553, 554, 555, 556, 557, 558, 559, 560, 561, 562, 563, 564, 565, 566, 567, 568, 569, 570, 571, 572, 573, 575, 586, 587, 590, 594, 595, 600, 605, 607, 608, 610, 611, 612, 613, 619, 627, 633, 639, 640, 641, 643, 650, 654, 656, 657, 659, 667, 669, 672, 685, 701, 704, 717, 726, 729, 736, 737, 759, 761, 765, 768, 777, 779, 780, 782, 783, 787, 788, 790, 791, 792, 809, 817, 819, 826, 830, 833, 834, 836, 845, 856, 857, 860, 862, 875, 880, 887, 888, 899, 900, 914, 918, 921, 928, 929, 930]",False,"[24, 48, 96, 100, 508, 567, 571]","[0, 1, 2, 3, 4, 5, 6, 7, 8, 9, 10, 11, 12, 13, 14, 15, 16, 17, 18, 19, 20, 21, 22, 23, 24, 25, 26, 27, 28, 29, 30, 31, 32, 33, 34, 35, 36, 37, 38, 39, 40, 41, 42, 43, 44, 45, 46, 47, 48, 49, 50, 51, 52, 53, 54, 55, 56, 57, 58, 59, 60, 61, 62, 63, 64, 65, 66, 67, 68, 69, 70, 71, 72, 73, 74, 75, 76, 77, 78, 79, 80, 81, 82, 83, 84, 85, 86, 87, 88, 89, 90, 91, 92, 93, 94, 95, 96, 97, 98, 99, 100, 101, 102, 485, 486, 487, 488, 489, 490, 491, 492, 493, 494, 495, 496, 497, 498, 499, 500, 501, 502, 503, 504, 505, 506, 507, 508, 509, 510, 511, 512, 513, 514, 515, 516, 517, 518, 519, 520, 521, 522, 523, 524, 525, 526, 527, 528, 529, 530, 531, 532, 533, 534, 535, 536, 537, 538, 539, 540, 541, 542, 543, 544, 545, 546, 547, 548, 549, 550, 551, 552, 553, 554, 555, 556, 557, 558, 559, 560, 561, 562, 563, 564, 565, 566, 567, 568, 569, 570, 571, 572, 573]","[24, 32, 96, 100]","[48, 96, 100, 567, 571]","[0, 5, 7, 10, 14, 19, 20, 22, 24, 32, 33, 34, 37, 38, 40, 44, 46, 48, 49, 51, 56, 61, 63, 65, 67, 68, 73, 74, 75, 76, 79, 81, 82, 83, 85, 87, 88, 92, 93, 95, 96, 99, 100, 101, 115, 116, 124, 134, 142, 161, 167, 169, 170, 186, 202, 240, 244, 254, 260, 267, 277, 300, 303, 307, 310, 322, 331, 376, 485, 491, 493, 495, 499, 503, 504, 506, 508, 515, 518, 519, 521, 524, 526, 528, 533, 537, 539, 542, 543, 547, 548, 549, 550, 551, 553, 554, 556, 558, 559, 563, 564, 566, 567, 570, 571, 572, 586, 587, 595, 605, 613, 633, 639, 640, 641, 657, 672, 704, 717, 726, 736, 759, 761, 765, 768, 780, 788, 792, 826]","[12, 24, 25, 28, 88, 100, 104, 119, 123, 129, 136, 137, 139, 140, 141, 148, 155, 169, 172, 179, 183, 185, 188, 196, 198, 217, 237, 267, 270, 278, 319, 321, 324, 325, 330, 334, 335, 354, 366, 369, 380, 383, 384, 386, 395, 407, 411, 423, 428, 436, 437, 452, 453, 456, 467, 471, 477, 478, 479, 497, 508, 511, 559, 571, 575, 590, 594, 600, 607, 608, 610, 611, 612, 619, 627, 640, 643, 650, 654, 656, 659, 667, 669, 685, 701, 726, 729, 737, 777, 779, 782, 783, 787, 790, 791, 809, 817, 819, 830, 833, 834, 836, 845, 856, 857, 860, 862, 875, 880, 887, 888, 899, 900, 914, 918, 921, 928, 929, 930]","[12, 24, 25, 28, 88, 100, 104, 119, 123, 129, 136, 137, 139, 140, 141, 148, 155, 169, 172, 179, 183, 185, 188, 196, 198, 217, 237, 267, 270, 278, 319, 321, 324, 325, 330, 334, 335, 354, 366, 369, 380, 383, 384, 386, 395, 407, 411, 423, 428, 436, 437, 452, 453, 456, 467, 471, 477, 478, 479, 497, 508, 511, 559, 571, 575, 590, 594, 600, 607, 608, 610, 611, 612, 619, 627, 640, 643, 650, 654, 656, 659, 667, 669, 685, 701, 726, 729, 737, 777, 779, 782, 783, 787, 790, 791, 809, 817, 819, 830, 833, 834, 836, 845, 856, 857, 860, 862, 875, 880, 887, 888, 899, 900, 914, 918, 921, 928, 929, 930]",7/6 successful match,False,,False,170,False,,1.0,True,Willcox Truck Plaza ( Chevron ),Chevron
Willcox ( 85643 ) Willcox Truck Plaza,520-384-3561 I-10 Exit 340 ( AZ 186 S ),24 S <U+2610> <U+2610>,Willcox,85643,Willcox Truck Plaza,520-384-3561,2014,Willcox,AZ,,( AZ 186 S ),I-10 Exit 340 ,Exit,340,False,,False,I-10,,,,,[],"[24, 48, 96, 100, 508, 567, 571]","[24, 32, 96, 100]","[48, 96, 100, 567, 571]","[0, 1, 2, 3, 4, 5, 6, 7, 8, 9, 10, 11, 12, 13, 14, 15, 16, 17, 18, 19, 20, 21, 22, 23, 24, 25, 26, 27, 28, 29, 30, 31, 32, 33, 34, 35, 36, 37, 38, 39, 40, 41, 42, 43, 44, 45, 46, 47, 48, 49, 50, 51, 52, 53, 54, 55, 56, 57, 58, 59, 60, 61, 62, 63, 64, 65, 66, 67, 68, 69, 70, 71, 72, 73, 74, 75, 76, 77, 78, 79, 80, 81, 82, 83, 84, 85, 86, 87, 88, 89, 90, 91, 92, 93, 94, 95, 96, 97, 98, 99, 100, 101, 102, 485, 486, 487, 488, 489, 490, 491, 492, 493, 494, 495, 496, 497, 498, 499, 500, 501, 502, 503, 504, 505, 506, 507, 508, 509, 510, 511, 512, 513, 514, 515, 516, 517, 518, 519, 520, 521, 522, 523, 524, 525, 526, 527, 528, 529, 530, 531, 532, 533, 534, 535, 536, 537, 538, 539, 540, 541, 542, 543, 544, 545, 546, 547, 548, 549, 550, 551, 552, 553, 554, 555, 556, 557, 558, 559, 560, 561, 562, 563, 564, 565, 566, 567, 568, 569, 570, 571, 572, 573]","[0, 5, 7, 10, 14, 19, 20, 22, 24, 32, 33, 34, 37, 38, 40, 44, 46, 48, 49, 51, 56, 61, 63, 65, 67, 68, 73, 74, 75, 76, 79, 81, 82, 83, 85, 87, 88, 92, 93, 95, 96, 99, 100, 101, 115, 116, 124, 134, 142, 161, 167, 169, 170, 186, 202, 240, 244, 254, 260, 267, 277, 300, 303, 307, 310, 322, 331, 376, 485, 491, 493, 495, 499, 503, 504, 506, 508, 515, 518, 519, 521, 524, 526, 528, 533, 537, 539, 542, 543, 547, 548, 549, 550, 551, 553, 554, 556, 558, 559, 563, 564, 566, 567, 570, 571, 572, 586, 587, 595, 605, 613, 633, 639, 640, 641, 657, 672, 704, 717, 726, 736, 759, 761, 765, 768, 780, 788, 792, 826]",[],[100],"[0, 1, 2, 3, 4, 5, 6, 7, 8, 9, 10, 11, 12, 13, 14, 15, 16, 17, 18, 19, 20, 21, 22, 23, 24, 25, 26, 27, 28, 29, 30, 31, 32, 33, 34, 35, 36, 37, 38, 39, 40, 41, 42, 43, 44, 45, 46, 47, 48, 49, 50, 51, 52, 53, 54, 567, 55, 56, 57, 571, 58, 59, 60, 61, 62, 63, 64, 65, 66, 67, 68, 69, 70, 71, 72, 73, 74, 75, 76, 77, 78, 79, 80, 81, 82, 83, 84, 85, 86, 87, 88, 89, 90, 91, 92, 93, 96, 94, 95, 97, 100, 98, 99, 101, 102, 528, 529, 530, 613, 513, 531, 115, 116, 532, 633, 533, 124, 534, 639, 640, 641, 535, 134, 514, 536, 537, 142, 657, 538, 539, 540, 672, 515, 541, 161, 542, 167, 169, 170, 543, 544, 545, 516, 186, 546, 704, 547, 548, 202, 549, 717, 550, 517, 551, 726, 552, 553, 736, 554, 555, 518, 556, 240, 557, 244, 759, 558, 761, 559, 254, 765, 768, 560, 260, 519, 561, 267, 562, 780, 563, 788, 277, 564, 792, 565, 520, 566, 568, 300, 569, 303, 307, 570, 310, 521, 826, 572, 322, 573, 331, 522, 523, 376, 524, 586, 587, 525, 512, 595, 526, 527, 605, 485, 486, 487, 488, 489, 490, 491, 492, 493, 494, 495, 496, 497, 498, 499, 500, 501, 502, 503, 504, 505, 506, 507, 508, 509, 510, 511]",False,"[24, 48, 96, 100, 508, 567, 571]","[0, 1, 2, 3, 4, 5, 6, 7, 8, 9, 10, 11, 12, 13, 14, 15, 16, 17, 18, 19, 20, 21, 22, 23, 24, 25, 26, 27, 28, 29, 30, 31, 32, 33, 34, 35, 36, 37, 38, 39, 40, 41, 42, 43, 44, 45, 46, 47, 48, 49, 50, 51, 52, 53, 54, 55, 56, 57, 58, 59, 60, 61, 62, 63, 64, 65, 66, 67, 68, 69, 70, 71, 72, 73, 74, 75, 76, 77, 78, 79, 80, 81, 82, 83, 84, 85, 86, 87, 88, 89, 90, 91, 92, 93, 94, 95, 96, 97, 98, 99, 100, 101, 102, 485, 486, 487, 488, 489, 490, 491, 492, 493, 494, 495, 496, 497, 498, 499, 500, 501, 502, 503, 504, 505, 506, 507, 508, 509, 510, 511, 512, 513, 514, 515, 516, 517, 518, 519, 520, 521, 522, 523, 524, 525, 526, 527, 528, 529, 530, 531, 532, 533, 534, 535, 536, 537, 538, 539, 540, 541, 542, 543, 544, 545, 546, 547, 548, 549, 550, 551, 552, 553, 554, 555, 556, 557, 558, 559, 560, 561, 562, 563, 564, 565, 566, 567, 568, 569, 570, 571, 572, 573]","[24, 32, 96, 100]","[48, 96, 100, 567, 571]","[0, 5, 7, 10, 14, 19, 20, 22, 24, 32, 33, 34, 37, 38, 40, 44, 46, 48, 49, 51, 56, 61, 63, 65, 67, 68, 73, 74, 75, 76, 79, 81, 82, 83, 85, 87, 88, 92, 93, 95, 96, 99, 100, 101, 115, 116, 124, 134, 142, 161, 167, 169, 170, 186, 202, 240, 244, 254, 260, 267, 277, 300, 303, 307, 310, 322, 331, 376, 485, 491, 493, 495, 499, 503, 504, 506, 508, 515, 518, 519, 521, 524, 526, 528, 533, 537, 539, 542, 543, 547, 548, 549, 550, 551, 553, 554, 556, 558, 559, 563, 564, 566, 567, 570, 571, 572, 586, 587, 595, 605, 613, 633, 639, 640, 641, 657, 672, 704, 717, 726, 736, 759, 761, 765, 768, 780, 788, 792, 826]",[100],[],7/6 successful match,False,,False,170,False,,0.8280000000000001,True,Willcox Truck Plaza ( Chevron ),Chevron
Willcox ( 85643 ) Willcox Truck ( Plaza 186 N ),520-384-3561 I-10 Exit 340 ( AZ 186,2005 24 S <U+2610> O <U+25A1>,Willcox,85643,Willcox Truck ( Plaza 186 N ),520-384-3561,2015,Willcox,AZ,,( AZ 186,I-10 Exit 340 ,Exit,340,False,,False,I-10,,,,,[],"[24, 48, 96, 100, 508, 567, 571]","[24, 32, 96, 100]","[48, 96, 100, 567, 571]","[0, 1, 2, 3, 4, 5, 6, 7, 8, 9, 10, 11, 12, 13, 14, 15, 16, 17, 18, 19, 20, 21, 22, 23, 24, 25, 26, 27, 28, 29, 30, 31, 32, 33, 34, 35, 36, 37, 38, 39, 40, 41, 42, 43, 44, 45, 46, 47, 48, 49, 50, 51, 52, 53, 54, 55, 56, 57, 58, 59, 60, 61, 62, 63, 64, 65, 66, 67, 68, 69, 70, 71, 72, 73, 74, 75, 76, 77, 78, 79, 80, 81, 82, 83, 84, 85, 86, 87, 88, 89, 90, 91, 92, 93, 94, 95, 96, 97, 98, 99, 100, 101, 102, 485, 486, 487, 488, 489, 490, 491, 492, 493, 494, 495, 496, 497, 498, 499, 500, 501, 502, 503, 504, 505, 506, 507, 508, 509, 510, 511, 512, 513, 514, 515, 516, 517, 518, 519, 520, 521, 522, 523, 524, 525, 526, 527, 528, 529, 530, 531, 532, 533, 534, 535, 536, 537, 538, 539, 540, 541, 542, 543, 544, 545, 546, 547, 548, 549, 550, 551, 552, 553, 554, 555, 556, 557, 558, 559, 560, 561, 562, 563, 564, 565, 566, 567, 568, 569, 570, 571, 572, 573]","[0, 5, 7, 10, 14, 19, 20, 22, 24, 32, 33, 34, 37, 38, 40, 44, 46, 48, 49, 51, 56, 61, 63, 65, 67, 68, 73, 74, 75, 76, 79, 81, 82, 83, 85, 87, 88, 92, 93, 95, 96, 99, 100, 101, 115, 116, 124, 134, 142, 161, 167, 169, 170, 186, 202, 240, 244, 254, 260, 267, 277, 300, 303, 307, 310, 322, 331, 376, 485, 491, 493, 495, 499, 503, 504, 506, 508, 515, 518, 519, 521, 524, 526, 528, 533, 537, 539, 542, 543, 547, 548, 549, 550, 551, 553, 554, 556, 558, 559, 563, 564, 566, 567, 570, 571, 572, 586, 587, 595, 605, 613, 633, 639, 640, 641, 657, 672, 704, 717, 726, 736, 759, 761, 765, 768, 780, 788, 792, 826]",[],"[100, 481]","[0, 1, 2, 3, 4, 5, 6, 7, 8, 9, 10, 11, 12, 13, 14, 15, 16, 17, 18, 19, 20, 21, 22, 23, 24, 25, 26, 27, 28, 29, 30, 31, 32, 33, 34, 35, 36, 37, 38, 39, 40, 41, 42, 43, 44, 45, 46, 47, 48, 49, 50, 51, 52, 53, 54, 567, 55, 56, 57, 571, 58, 59, 60, 61, 62, 63, 64, 65, 66, 67, 68, 69, 70, 71, 72, 73, 74, 75, 76, 77, 78, 79, 80, 81, 82, 83, 84, 85, 86, 87, 88, 89, 90, 91, 92, 93, 96, 94, 95, 97, 100, 98, 99, 101, 102, 528, 529, 530, 613, 513, 531, 115, 116, 532, 633, 533, 124, 534, 639, 640, 641, 535, 134, 514, 536, 537, 142, 657, 538, 539, 540, 672, 515, 541, 161, 542, 167, 169, 170, 543, 544, 545, 516, 186, 546, 704, 547, 548, 202, 549, 717, 550, 517, 551, 726, 552, 553, 736, 554, 555, 518, 556, 240, 557, 244, 759, 558, 761, 559, 254, 765, 768, 560, 260, 519, 561, 267, 562, 780, 563, 788, 277, 564, 792, 565, 520, 566, 568, 300, 569, 303, 307, 570, 310, 521, 826, 572, 322, 573, 331, 522, 523, 376, 524, 586, 587, 525, 512, 595, 526, 527, 481, 605, 485, 486, 487, 488, 489, 490, 491, 492, 493, 494, 495, 496, 497, 498, 499, 500, 501, 502, 503, 504, 505, 506, 507, 508, 509, 510, 511]",False,"[24, 48, 96, 100, 508, 567, 571]","[0, 1, 2, 3, 4, 5, 6, 7, 8, 9, 10, 11, 12, 13, 14, 15, 16, 17, 18, 19, 20, 21, 22, 23, 24, 25, 26, 27, 28, 29, 30, 31, 32, 33, 34, 35, 36, 37, 38, 39, 40, 41, 42, 43, 44, 45, 46, 47, 48, 49, 50, 51, 52, 53, 54, 55, 56, 57, 58, 59, 60, 61, 62, 63, 64, 65, 66, 67, 68, 69, 70, 71, 72, 73, 74, 75, 76, 77, 78, 79, 80, 81, 82, 83, 84, 85, 86, 87, 88, 89, 90, 91, 92, 93, 94, 95, 96, 97, 98, 99, 100, 101, 102, 485, 486, 487, 488, 489, 490, 491, 492, 493, 494, 495, 496, 497, 498, 499, 500, 501, 502, 503, 504, 505, 506, 507, 508, 509, 510, 511, 512, 513, 514, 515, 516, 517, 518, 519, 520, 521, 522, 523, 524, 525, 526, 527, 528, 529, 530, 531, 532, 533, 534, 535, 536, 537, 538, 539, 540, 541, 542, 543, 544, 545, 546, 547, 548, 549, 550, 551, 552, 553, 554, 555, 556, 557, 558, 559, 560, 561, 562, 563, 564, 565, 566, 567, 568, 569, 570, 571, 572, 573]","[24, 32, 96, 100]","[48, 96, 100, 567, 571]","[0, 5, 7, 10, 14, 19, 20, 22, 24, 32, 33, 34, 37, 38, 40, 44, 46, 48, 49, 51, 56, 61, 63, 65, 67, 68, 73, 74, 75, 76, 79, 81, 82, 83, 85, 87, 88, 92, 93, 95, 96, 99, 100, 101, 115, 116, 124, 134, 142, 161, 167, 169, 170, 186, 202, 240, 244, 254, 260, 267, 277, 300, 303, 307, 310, 322, 331, 376, 485, 491, 493, 495, 499, 503, 504, 506, 508, 515, 518, 519, 521, 524, 526, 528, 533, 537, 539, 542, 543, 547, 548, 549, 550, 551, 553, 554, 556, 558, 559, 563, 564, 566, 567, 570, 571, 572, 586, 587, 595, 605, 613, 633, 639, 640, 641, 657, 672, 704, 717, 726, 736, 759, 761, 765, 768, 780, 788, 792, 826]","[100, 481]",[],7/6 successful match,False,,False,170,False,,0.6375,True,Willcox Truck Plaza,
Willcox ( 85643 ) Willcox Truck Plaza,520-384-3561 I-10 Exit 340 ( AZ 186 S ) .,24 S <U+2610>,Willcox,85643,Willcox Truck Plaza,520-384-3561,2016,Willcox,AZ,,( AZ 186 S ) .,I-10 Exit 340 ,Exit,340,False,,False,I-10,,,,,[],"[24, 48, 96, 100, 508, 567, 571]","[24, 32, 96, 100]","[48, 96, 100, 567, 571]","[0, 1, 2, 3, 4, 5, 6, 7, 8, 9, 10, 11, 12, 13, 14, 15, 16, 17, 18, 19, 20, 21, 22, 23, 24, 25, 26, 27, 28, 29, 30, 31, 32, 33, 34, 35, 36, 37, 38, 39, 40, 41, 42, 43, 44, 45, 46, 47, 48, 49, 50, 51, 52, 53, 54, 55, 56, 57, 58, 59, 60, 61, 62, 63, 64, 65, 66, 67, 68, 69, 70, 71, 72, 73, 74, 75, 76, 77, 78, 79, 80, 81, 82, 83, 84, 85, 86, 87, 88, 89, 90, 91, 92, 93, 94, 95, 96, 97, 98, 99, 100, 101, 102, 485, 486, 487, 488, 489, 490, 491, 492, 493, 494, 495, 496, 497, 498, 499, 500, 501, 502, 503, 504, 505, 506, 507, 508, 509, 510, 511, 512, 513, 514, 515, 516, 517, 518, 519, 520, 521, 522, 523, 524, 525, 526, 527, 528, 529, 530, 531, 532, 533, 534, 535, 536, 537, 538, 539, 540, 541, 542, 543, 544, 545, 546, 547, 548, 549, 550, 551, 552, 553, 554, 555, 556, 557, 558, 559, 560, 561, 562, 563, 564, 565, 566, 567, 568, 569, 570, 571, 572, 573]","[0, 5, 7, 10, 14, 19, 20, 22, 24, 32, 33, 34, 37, 38, 40, 44, 46, 48, 49, 51, 56, 61, 63, 65, 67, 68, 73, 74, 75, 76, 79, 81, 82, 83, 85, 87, 88, 92, 93, 95, 96, 99, 100, 101, 115, 116, 124, 134, 142, 161, 167, 169, 170, 186, 202, 240, 244, 254, 260, 267, 277, 300, 303, 307, 310, 322, 331, 376, 485, 491, 493, 495, 499, 503, 504, 506, 508, 515, 518, 519, 521, 524, 526, 528, 533, 537, 539, 542, 543, 547, 548, 549, 550, 551, 553, 554, 556, 558, 559, 563, 564, 566, 567, 570, 571, 572, 586, 587, 595, 605, 613, 633, 639, 640, 641, 657, 672, 704, 717, 726, 736, 759, 761, 765, 768, 780, 788, 792, 826]",[],[100],"[0, 1, 2, 3, 4, 5, 6, 7, 8, 9, 10, 11, 12, 13, 14, 15, 16, 17, 18, 19, 20, 21, 22, 23, 24, 25, 26, 27, 28, 29, 30, 31, 32, 33, 34, 35, 36, 37, 38, 39, 40, 41, 42, 43, 44, 45, 46, 47, 48, 49, 50, 51, 52, 53, 54, 567, 55, 56, 57, 571, 58, 59, 60, 61, 62, 63, 64, 65, 66, 67, 68, 69, 70, 71, 72, 73, 74, 75, 76, 77, 78, 79, 80, 81, 82, 83, 84, 85, 86, 87, 88, 89, 90, 91, 92, 93, 96, 94, 95, 97, 100, 98, 99, 101, 102, 528, 529, 530, 613, 513, 531, 115, 116, 532, 633, 533, 124, 534, 639, 640, 641, 535, 134, 514, 536, 537, 142, 657, 538, 539, 540, 672, 515, 541, 161, 542, 167, 169, 170, 543, 544, 545, 516, 186, 546, 704, 547, 548, 202, 549, 717, 550, 517, 551, 726, 552, 553, 736, 554, 555, 518, 556, 240, 557, 244, 759, 558, 761, 559, 254, 765, 768, 560, 260, 519, 561, 267, 562, 780, 563, 788, 277, 564, 792, 565, 520, 566, 568, 300, 569, 303, 307, 570, 310, 521, 826, 572, 322, 573, 331, 522, 523, 376, 524, 586, 587, 525, 512, 595, 526, 527, 605, 485, 486, 487, 488, 489, 490, 491, 492, 493, 494, 495, 496, 497, 498, 499, 500, 501, 502, 503, 504, 505, 506, 507, 508, 509, 510, 511]",False,"[24, 48, 96, 100, 508, 567, 571]","[0, 1, 2, 3, 4, 5, 6, 7, 8, 9, 10, 11, 12, 13, 14, 15, 16, 17, 18, 19, 20, 21, 22, 23, 24, 25, 26, 27, 28, 29, 30, 31, 32, 33, 34, 35, 36, 37, 38, 39, 40, 41, 42, 43, 44, 45, 46, 47, 48, 49, 50, 51, 52, 53, 54, 55, 56, 57, 58, 59, 60, 61, 62, 63, 64, 65, 66, 67, 68, 69, 70, 71, 72, 73, 74, 75, 76, 77, 78, 79, 80, 81, 82, 83, 84, 85, 86, 87, 88, 89, 90, 91, 92, 93, 94, 95, 96, 97, 98, 99, 100, 101, 102, 485, 486, 487, 488, 489, 490, 491, 492, 493, 494, 495, 496, 497, 498, 499, 500, 501, 502, 503, 504, 505, 506, 507, 508, 509, 510, 511, 512, 513, 514, 515, 516, 517, 518, 519, 520, 521, 522, 523, 524, 525, 526, 527, 528, 529, 530, 531, 532, 533, 534, 535, 536, 537, 538, 539, 540, 541, 542, 543, 544, 545, 546, 547, 548, 549, 550, 551, 552, 553, 554, 555, 556, 557, 558, 559, 560, 561, 562, 563, 564, 565, 566, 567, 568, 569, 570, 571, 572, 573]","[24, 32, 96, 100]","[48, 96, 100, 567, 571]","[0, 5, 7, 10, 14, 19, 20, 22, 24, 32, 33, 34, 37, 38, 40, 44, 46, 48, 49, 51, 56, 61, 63, 65, 67, 68, 73, 74, 75, 76, 79, 81, 82, 83, 85, 87, 88, 92, 93, 95, 96, 99, 100, 101, 115, 116, 124, 134, 142, 161, 167, 169, 170, 186, 202, 240, 244, 254, 260, 267, 277, 300, 303, 307, 310, 322, 331, 376, 485, 491, 493, 495, 499, 503, 504, 506, 508, 515, 518, 519, 521, 524, 526, 528, 533, 537, 539, 542, 543, 547, 548, 549, 550, 551, 553, 554, 556, 558, 559, 563, 564, 566, 567, 570, 571, 572, 586, 587, 595, 605, 613, 633, 639, 640, 641, 657, 672, 704, 717, 726, 736, 759, 761, 765, 768, 780, 788, 792, 826]",[100],[],7/6 successful match,False,,False,170,False,,0.6375,True,Willcox Truck ( Plaza 186 N ),
"Willcox , 85643 TravelCenters of America ( Shell )",6 520-384-5311 I-10 Exit 340 ( AZ 186 N ) TA,489 D 0,Willcox,85643,TravelCenters of America ( Shell ),520-384-5311,2006,Willcox,AZ,TravelCenters,( AZ 186 N ) TA,I-10 Exit 340 ,Exit,340,False,,False,I-10,,,,,"[96, 567]","[24, 48, 96, 100, 508, 567, 571]","[24, 32, 96, 100]","[48, 96, 100, 567, 571]","[0, 1, 2, 3, 4, 5, 6, 7, 8, 9, 10, 11, 12, 13, 14, 15, 16, 17, 18, 19, 20, 21, 22, 23, 24, 25, 26, 27, 28, 29, 30, 31, 32, 33, 34, 35, 36, 37, 38, 39, 40, 41, 42, 43, 44, 45, 46, 47, 48, 49, 50, 51, 52, 53, 54, 55, 56, 57, 58, 59, 60, 61, 62, 63, 64, 65, 66, 67, 68, 69, 70, 71, 72, 73, 74, 75, 76, 77, 78, 79, 80, 81, 82, 83, 84, 85, 86, 87, 88, 89, 90, 91, 92, 93, 94, 95, 96, 97, 98, 99, 100, 101, 102, 485, 486, 487, 488, 489, 490, 491, 492, 493, 494, 495, 496, 497, 498, 499, 500, 501, 502, 503, 504, 505, 506, 507, 508, 509, 510, 511, 512, 513, 514, 515, 516, 517, 518, 519, 520, 521, 522, 523, 524, 525, 526, 527, 528, 529, 530, 531, 532, 533, 534, 535, 536, 537, 538, 539, 540, 541, 542, 543, 544, 545, 546, 547, 548, 549, 550, 551, 552, 553, 554, 555, 556, 557, 558, 559, 560, 561, 562, 563, 564, 565, 566, 567, 568, 569, 570, 571, 572, 573]","[0, 5, 7, 10, 14, 19, 20, 22, 24, 32, 33, 34, 37, 38, 40, 44, 46, 48, 49, 51, 56, 61, 63, 65, 67, 68, 73, 74, 75, 76, 79, 81, 82, 83, 85, 87, 88, 92, 93, 95, 96, 99, 100, 101, 115, 116, 124, 134, 142, 161, 167, 169, 170, 186, 202, 240, 244, 254, 260, 267, 277, 300, 303, 307, 310, 322, 331, 376, 485, 491, 493, 495, 499, 503, 504, 506, 508, 515, 518, 519, 521, 524, 526, 528, 533, 537, 539, 542, 543, 547, 548, 549, 550, 551, 553, 554, 556, 558, 559, 563, 564, 566, 567, 570, 571, 572, 586, 587, 595, 605, 613, 633, 639, 640, 641, 657, 672, 704, 717, 726, 736, 759, 761, 765, 768, 780, 788, 792, 826]","[98, 476, 481, 569, 924, 925]","[1, 13, 14, 29, 54, 55, 56, 57, 58, 60, 102, 118, 125, 127, 130, 134, 146, 149, 153, 175, 182, 187, 189, 191, 197, 225, 230, 238, 264, 265, 266, 286, 302, 317, 336, 354, 379, 388, 389, 425, 454, 458, 463, 475, 487, 498, 499, 512, 530, 531, 532, 533, 534, 536, 573, 589, 596, 598, 601, 605, 617, 620, 624, 646, 653, 658, 660, 662, 668, 689, 694, 702, 724, 725, 745, 760, 775, 793, 809, 829, 838, 839, 877, 901, 903, 905, 910, 923]","[0, 1, 2, 3, 4, 5, 6, 7, 8, 9, 10, 11, 12, 13, 14, 15, 16, 17, 18, 19, 20, 21, 22, 23, 24, 25, 26, 27, 28, 29, 30, 31, 32, 33, 34, 35, 36, 37, 38, 39, 40, 41, 42, 43, 44, 45, 46, 47, 48, 49, 50, 51, 52, 53, 54, 55, 56, 57, 58, 59, 60, 61, 62, 63, 64, 65, 66, 67, 68, 69, 70, 71, 72, 73, 74, 75, 76, 77, 78, 79, 80, 81, 82, 83, 84, 85, 86, 87, 88, 89, 90, 91, 92, 93, 94, 95, 96, 97, 98, 99, 100, 101, 102, 115, 116, 118, 124, 125, 127, 130, 134, 142, 146, 149, 153, 161, 167, 169, 170, 175, 182, 186, 187, 189, 191, 197, 202, 225, 230, 238, 240, 244, 254, 260, 264, 265, 266, 267, 277, 286, 300, 302, 303, 307, 310, 317, 322, 331, 336, 354, 376, 379, 388, 389, 425, 454, 458, 463, 475, 476, 481, 485, 486, 487, 488, 489, 490, 491, 492, 493, 494, 495, 496, 497, 498, 499, 500, 501, 502, 503, 504, 505, 506, 507, 508, 509, 510, 511, 512, 513, 514, 515, 516, 517, 518, 519, 520, 521, 522, 523, 524, 525, 526, 527, 528, 529, 530, 531, 532, 533, 534, 535, 536, 537, 538, 539, 540, 541, 542, 543, 544, 545, 546, 547, 548, 549, 550, 551, 552, 553, 554, 555, 556, 557, 558, 559, 560, 561, 562, 563, 564, 565, 566, 567, 568, 569, 570, 571, 572, 573, 586, 587, 589, 595, 596, 598, 601, 605, 613, 617, 620, 624, 633, 639, 640, 641, 646, 653, 657, 658, 660, 662, 668, 672, 689, 694, 702, 704, 717, 724, 725, 726, 736, 745, 759, 760, 761, 765, 768, 775, 780, 788, 792, 793, 809, 826, 829, 838, 839, 877, 901, 903, 905, 910, 923, 924, 925]",True,"[24, 48, 96, 100, 508, 567, 571]","[0, 1, 2, 3, 4, 5, 6, 7, 8, 9, 10, 11, 12, 13, 14, 15, 16, 17, 18, 19, 20, 21, 22, 23, 24, 25, 26, 27, 28, 29, 30, 31, 32, 33, 34, 35, 36, 37, 38, 39, 40, 41, 42, 43, 44, 45, 46, 47, 48, 49, 50, 51, 52, 53, 54, 55, 56, 57, 58, 59, 60, 61, 62, 63, 64, 65, 66, 67, 68, 69, 70, 71, 72, 73, 74, 75, 76, 77, 78, 79, 80, 81, 82, 83, 84, 85, 86, 87, 88, 89, 90, 91, 92, 93, 94, 95, 96, 97, 98, 99, 100, 101, 102, 485, 486, 487, 488, 489, 490, 491, 492, 493, 494, 495, 496, 497, 498, 499, 500, 501, 502, 503, 504, 505, 506, 507, 508, 509, 510, 511, 512, 513, 514, 515, 516, 517, 518, 519, 520, 521, 522, 523, 524, 525, 526, 527, 528, 529, 530, 531, 532, 533, 534, 535, 536, 537, 538, 539, 540, 541, 542, 543, 544, 545, 546, 547, 548, 549, 550, 551, 552, 553, 554, 555, 556, 557, 558, 559, 560, 561, 562, 563, 564, 565, 566, 567, 568, 569, 570, 571, 572, 573]","[24, 32, 96, 100]","[48, 96, 100, 567, 571]","[0, 5, 7, 10, 14, 19, 20, 22, 24, 32, 33, 34, 37, 38, 40, 44, 46, 48, 49, 51, 56, 61, 63, 65, 67, 68, 73, 74, 75, 76, 79, 81, 82, 83, 85, 87, 88, 92, 93, 95, 96, 99, 100, 101, 115, 116, 124, 134, 142, 161, 167, 169, 170, 186, 202, 240, 244, 254, 260, 267, 277, 300, 303, 307, 310, 322, 331, 376, 485, 491, 493, 495, 499, 503, 504, 506, 508, 515, 518, 519, 521, 524, 526, 528, 533, 537, 539, 542, 543, 547, 548, 549, 550, 551, 553, 554, 556, 558, 559, 563, 564, 566, 567, 570, 571, 572, 586, 587, 595, 605, 613, 633, 639, 640, 641, 657, 672, 704, 717, 726, 736, 759, 761, 765, 768, 780, 788, 792, 826]","[1, 13, 14, 29, 54, 55, 56, 57, 58, 60, 102, 118, 125, 127, 130, 134, 146, 149, 153, 175, 182, 187, 189, 191, 197, 225, 230, 238, 264, 265, 266, 286, 302, 317, 336, 354, 379, 388, 389, 425, 454, 458, 463, 475, 487, 498, 499, 512, 530, 531, 532, 533, 534, 536, 573, 589, 596, 598, 601, 605, 617, 620, 624, 646, 653, 658, 660, 662, 668, 689, 694, 702, 724, 725, 745, 760, 775, 793, 809, 829, 838, 839, 877, 901, 903, 905, 910, 923]","[98, 476, 481, 569, 924, 925]",5/6 successful match,True,"[432, 433, 434, 435, 436]",True,171,False,,,,,
"Willcox , 85643 TravelCenters of America ( Shell )",520-384-5311 I-10 Exit 340 ( AZ 186 N ) TA,24 XL 24 O,Willcox,85643,TravelCenters of America ( Shell ),520-384-5311,2007,Willcox,AZ,TravelCenters,( AZ 186 N ) TA,I-10 Exit 340 ,Exit,340,False,,False,I-10,,,,,"[96, 567]","[24, 48, 96, 100, 508, 567, 571]","[24, 32, 96, 100]","[48, 96, 100, 567, 571]","[0, 1, 2, 3, 4, 5, 6, 7, 8, 9, 10, 11, 12, 13, 14, 15, 16, 17, 18, 19, 20, 21, 22, 23, 24, 25, 26, 27, 28, 29, 30, 31, 32, 33, 34, 35, 36, 37, 38, 39, 40, 41, 42, 43, 44, 45, 46, 47, 48, 49, 50, 51, 52, 53, 54, 55, 56, 57, 58, 59, 60, 61, 62, 63, 64, 65, 66, 67, 68, 69, 70, 71, 72, 73, 74, 75, 76, 77, 78, 79, 80, 81, 82, 83, 84, 85, 86, 87, 88, 89, 90, 91, 92, 93, 94, 95, 96, 97, 98, 99, 100, 101, 102, 485, 486, 487, 488, 489, 490, 491, 492, 493, 494, 495, 496, 497, 498, 499, 500, 501, 502, 503, 504, 505, 506, 507, 508, 509, 510, 511, 512, 513, 514, 515, 516, 517, 518, 519, 520, 521, 522, 523, 524, 525, 526, 527, 528, 529, 530, 531, 532, 533, 534, 535, 536, 537, 538, 539, 540, 541, 542, 543, 544, 545, 546, 547, 548, 549, 550, 551, 552, 553, 554, 555, 556, 557, 558, 559, 560, 561, 562, 563, 564, 565, 566, 567, 568, 569, 570, 571, 572, 573]","[0, 5, 7, 10, 14, 19, 20, 22, 24, 32, 33, 34, 37, 38, 40, 44, 46, 48, 49, 51, 56, 61, 63, 65, 67, 68, 73, 74, 75, 76, 79, 81, 82, 83, 85, 87, 88, 92, 93, 95, 96, 99, 100, 101, 115, 116, 124, 134, 142, 161, 167, 169, 170, 186, 202, 240, 244, 254, 260, 267, 277, 300, 303, 307, 310, 322, 331, 376, 485, 491, 493, 495, 499, 503, 504, 506, 508, 515, 518, 519, 521, 524, 526, 528, 533, 537, 539, 542, 543, 547, 548, 549, 550, 551, 553, 554, 556, 558, 559, 563, 564, 566, 567, 570, 571, 572, 586, 587, 595, 605, 613, 633, 639, 640, 641, 657, 672, 704, 717, 726, 736, 759, 761, 765, 768, 780, 788, 792, 826]","[98, 476, 481, 569, 924, 925]","[1, 13, 14, 29, 54, 55, 56, 57, 58, 60, 102, 118, 125, 127, 130, 134, 146, 149, 153, 175, 182, 187, 189, 191, 197, 225, 230, 238, 264, 265, 266, 286, 302, 317, 336, 354, 379, 388, 389, 425, 454, 458, 463, 475, 487, 498, 499, 512, 530, 531, 532, 533, 534, 536, 573, 589, 596, 598, 601, 605, 617, 620, 624, 646, 653, 658, 660, 662, 668, 689, 694, 702, 724, 725, 745, 760, 775, 793, 809, 829, 838, 839, 877, 901, 903, 905, 910, 923]","[0, 1, 2, 3, 4, 5, 6, 7, 8, 9, 10, 11, 12, 13, 14, 15, 16, 17, 18, 19, 20, 21, 22, 23, 24, 25, 26, 27, 28, 29, 30, 31, 32, 33, 34, 35, 36, 37, 38, 39, 40, 41, 42, 43, 44, 45, 46, 47, 48, 49, 50, 51, 52, 53, 54, 55, 56, 57, 58, 59, 60, 61, 62, 63, 64, 65, 66, 67, 68, 69, 70, 71, 72, 73, 74, 75, 76, 77, 78, 79, 80, 81, 82, 83, 84, 85, 86, 87, 88, 89, 90, 91, 92, 93, 94, 95, 96, 97, 98, 99, 100, 101, 102, 115, 116, 118, 124, 125, 127, 130, 134, 142, 146, 149, 153, 161, 167, 169, 170, 175, 182, 186, 187, 189, 191, 197, 202, 225, 230, 238, 240, 244, 254, 260, 264, 265, 266, 267, 277, 286, 300, 302, 303, 307, 310, 317, 322, 331, 336, 354, 376, 379, 388, 389, 425, 454, 458, 463, 475, 476, 481, 485, 486, 487, 488, 489, 490, 491, 492, 493, 494, 495, 496, 497, 498, 499, 500, 501, 502, 503, 504, 505, 506, 507, 508, 509, 510, 511, 512, 513, 514, 515, 516, 517, 518, 519, 520, 521, 522, 523, 524, 525, 526, 527, 528, 529, 530, 531, 532, 533, 534, 535, 536, 537, 538, 539, 540, 541, 542, 543, 544, 545, 546, 547, 548, 549, 550, 551, 552, 553, 554, 555, 556, 557, 558, 559, 560, 561, 562, 563, 564, 565, 566, 567, 568, 569, 570, 571, 572, 573, 586, 587, 589, 595, 596, 598, 601, 605, 613, 617, 620, 624, 633, 639, 640, 641, 646, 653, 657, 658, 660, 662, 668, 672, 689, 694, 702, 704, 717, 724, 725, 726, 736, 745, 759, 760, 761, 765, 768, 775, 780, 788, 792, 793, 809, 826, 829, 838, 839, 877, 901, 903, 905, 910, 923, 924, 925]",True,"[24, 48, 96, 100, 508, 567, 571]","[0, 1, 2, 3, 4, 5, 6, 7, 8, 9, 10, 11, 12, 13, 14, 15, 16, 17, 18, 19, 20, 21, 22, 23, 24, 25, 26, 27, 28, 29, 30, 31, 32, 33, 34, 35, 36, 37, 38, 39, 40, 41, 42, 43, 44, 45, 46, 47, 48, 49, 50, 51, 52, 53, 54, 55, 56, 57, 58, 59, 60, 61, 62, 63, 64, 65, 66, 67, 68, 69, 70, 71, 72, 73, 74, 75, 76, 77, 78, 79, 80, 81, 82, 83, 84, 85, 86, 87, 88, 89, 90, 91, 92, 93, 94, 95, 96, 97, 98, 99, 100, 101, 102, 485, 486, 487, 488, 489, 490, 491, 492, 493, 494, 495, 496, 497, 498, 499, 500, 501, 502, 503, 504, 505, 506, 507, 508, 509, 510, 511, 512, 513, 514, 515, 516, 517, 518, 519, 520, 521, 522, 523, 524, 525, 526, 527, 528, 529, 530, 531, 532, 533, 534, 535, 536, 537, 538, 539, 540, 541, 542, 543, 544, 545, 546, 547, 548, 549, 550, 551, 552, 553, 554, 555, 556, 557, 558, 559, 560, 561, 562, 563, 564, 565, 566, 567, 568, 569, 570, 571, 572, 573]","[24, 32, 96, 100]","[48, 96, 100, 567, 571]","[0, 5, 7, 10, 14, 19, 20, 22, 24, 32, 33, 34, 37, 38, 40, 44, 46, 48, 49, 51, 56, 61, 63, 65, 67, 68, 73, 74, 75, 76, 79, 81, 82, 83, 85, 87, 88, 92, 93, 95, 96, 99, 100, 101, 115, 116, 124, 134, 142, 161, 167, 169, 170, 186, 202, 240, 244, 254, 260, 267, 277, 300, 303, 307, 310, 322, 331, 376, 485, 491, 493, 495, 499, 503, 504, 506, 508, 515, 518, 519, 521, 524, 526, 528, 533, 537, 539, 542, 543, 547, 548, 549, 550, 551, 553, 554, 556, 558, 559, 563, 564, 566, 567, 570, 571, 572, 586, 587, 595, 605, 613, 633, 639, 640, 641, 657, 672, 704, 717, 726, 736, 759, 761, 765, 768, 780, 788, 792, 826]","[1, 13, 14, 29, 54, 55, 56, 57, 58, 60, 102, 118, 125, 127, 130, 134, 146, 149, 153, 175, 182, 187, 189, 191, 197, 225, 230, 238, 264, 265, 266, 286, 302, 317, 336, 354, 379, 388, 389, 425, 454, 458, 463, 475, 487, 498, 499, 512, 530, 531, 532, 533, 534, 536, 573, 589, 596, 598, 601, 605, 617, 620, 624, 646, 653, 658, 660, 662, 668, 689, 694, 702, 724, 725, 745, 760, 775, 793, 809, 829, 838, 839, 877, 901, 903, 905, 910, 923]","[98, 476, 481, 569, 924, 925]",5/6 successful match,True,"[432, 433, 434, 435, 436]",True,171,False,,1.0,True,TravelCenters of America ( Shell ),TravelCenters
"Willcox , 85643",6 520-384-5311 TravelCenters I-10 Exit 340 ( of AZ America 186 N ) ( Shell ),124 HRS XL HRS 124,Willcox,85643,,520-384-5311,2008,Willcox,AZ,,( of AZ America 186 N ) ( Shell ),TravelCenters I-10 Exit 340 ,Exit,340,False,,False,I-10,,,,,"[96, 567]","[24, 48, 96, 100, 508, 567, 571]","[24, 32, 96, 100]","[48, 96, 100, 567, 571]","[0, 1, 2, 3, 4, 5, 6, 7, 8, 9, 10, 11, 12, 13, 14, 15, 16, 17, 18, 19, 20, 21, 22, 23, 24, 25, 26, 27, 28, 29, 30, 31, 32, 33, 34, 35, 36, 37, 38, 39, 40, 41, 42, 43, 44, 45, 46, 47, 48, 49, 50, 51, 52, 53, 54, 55, 56, 57, 58, 59, 60, 61, 62, 63, 64, 65, 66, 67, 68, 69, 70, 71, 72, 73, 74, 75, 76, 77, 78, 79, 80, 81, 82, 83, 84, 85, 86, 87, 88, 89, 90, 91, 92, 93, 94, 95, 96, 97, 98, 99, 100, 101, 102, 485, 486, 487, 488, 489, 490, 491, 492, 493, 494, 495, 496, 497, 498, 499, 500, 501, 502, 503, 504, 505, 506, 507, 508, 509, 510, 511, 512, 513, 514, 515, 516, 517, 518, 519, 520, 521, 522, 523, 524, 525, 526, 527, 528, 529, 530, 531, 532, 533, 534, 535, 536, 537, 538, 539, 540, 541, 542, 543, 544, 545, 546, 547, 548, 549, 550, 551, 552, 553, 554, 555, 556, 557, 558, 559, 560, 561, 562, 563, 564, 565, 566, 567, 568, 569, 570, 571, 572, 573]","[0, 5, 7, 10, 14, 19, 20, 22, 24, 32, 33, 34, 37, 38, 40, 44, 46, 48, 49, 51, 56, 61, 63, 65, 67, 68, 73, 74, 75, 76, 79, 81, 82, 83, 85, 87, 88, 92, 93, 95, 96, 99, 100, 101, 115, 116, 124, 134, 142, 161, 167, 169, 170, 186, 202, 240, 244, 254, 260, 267, 277, 300, 303, 307, 310, 322, 331, 376, 485, 491, 493, 495, 499, 503, 504, 506, 508, 515, 518, 519, 521, 524, 526, 528, 533, 537, 539, 542, 543, 547, 548, 549, 550, 551, 553, 554, 556, 558, 559, 563, 564, 566, 567, 570, 571, 572, 586, 587, 595, 605, 613, 633, 639, 640, 641, 657, 672, 704, 717, 726, 736, 759, 761, 765, 768, 780, 788, 792, 826]",[],[],"[0, 1, 2, 3, 4, 5, 6, 7, 8, 9, 10, 11, 12, 13, 14, 15, 16, 17, 18, 19, 20, 21, 22, 23, 24, 25, 26, 27, 28, 29, 30, 31, 32, 33, 34, 35, 36, 37, 38, 39, 40, 41, 42, 43, 44, 45, 46, 47, 48, 49, 50, 51, 52, 53, 54, 567, 55, 56, 57, 571, 58, 59, 60, 61, 62, 63, 64, 65, 66, 67, 68, 69, 70, 71, 72, 73, 74, 75, 76, 77, 78, 79, 80, 81, 82, 83, 84, 85, 86, 87, 88, 89, 90, 91, 92, 93, 96, 94, 95, 97, 100, 98, 99, 101, 102, 528, 529, 530, 613, 513, 531, 115, 116, 532, 633, 533, 124, 534, 639, 640, 641, 535, 134, 514, 536, 537, 142, 657, 538, 539, 540, 672, 515, 541, 161, 542, 167, 169, 170, 543, 544, 545, 516, 186, 546, 704, 547, 548, 202, 549, 717, 550, 517, 551, 726, 552, 553, 736, 554, 555, 518, 556, 240, 557, 244, 759, 558, 761, 559, 254, 765, 768, 560, 260, 519, 561, 267, 562, 780, 563, 788, 277, 564, 792, 565, 520, 566, 568, 300, 569, 303, 307, 570, 310, 521, 826, 572, 322, 573, 331, 522, 523, 376, 524, 586, 587, 525, 512, 595, 526, 527, 605, 485, 486, 487, 488, 489, 490, 491, 492, 493, 494, 495, 496, 497, 498, 499, 500, 501, 502, 503, 504, 505, 506, 507, 508, 509, 510, 511]",True,"[24, 48, 96, 100, 508, 567, 571]","[0, 1, 2, 3, 4, 5, 6, 7, 8, 9, 10, 11, 12, 13, 14, 15, 16, 17, 18, 19, 20, 21, 22, 23, 24, 25, 26, 27, 28, 29, 30, 31, 32, 33, 34, 35, 36, 37, 38, 39, 40, 41, 42, 43, 44, 45, 46, 47, 48, 49, 50, 51, 52, 53, 54, 55, 56, 57, 58, 59, 60, 61, 62, 63, 64, 65, 66, 67, 68, 69, 70, 71, 72, 73, 74, 75, 76, 77, 78, 79, 80, 81, 82, 83, 84, 85, 86, 87, 88, 89, 90, 91, 92, 93, 94, 95, 96, 97, 98, 99, 100, 101, 102, 485, 486, 487, 488, 489, 490, 491, 492, 493, 494, 495, 496, 497, 498, 499, 500, 501, 502, 503, 504, 505, 506, 507, 508, 509, 510, 511, 512, 513, 514, 515, 516, 517, 518, 519, 520, 521, 522, 523, 524, 525, 526, 527, 528, 529, 530, 531, 532, 533, 534, 535, 536, 537, 538, 539, 540, 541, 542, 543, 544, 545, 546, 547, 548, 549, 550, 551, 552, 553, 554, 555, 556, 557, 558, 559, 560, 561, 562, 563, 564, 565, 566, 567, 568, 569, 570, 571, 572, 573]","[24, 32, 96, 100]","[48, 96, 100, 567, 571]","[0, 5, 7, 10, 14, 19, 20, 22, 24, 32, 33, 34, 37, 38, 40, 44, 46, 48, 49, 51, 56, 61, 63, 65, 67, 68, 73, 74, 75, 76, 79, 81, 82, 83, 85, 87, 88, 92, 93, 95, 96, 99, 100, 101, 115, 116, 124, 134, 142, 161, 167, 169, 170, 186, 202, 240, 244, 254, 260, 267, 277, 300, 303, 307, 310, 322, 331, 376, 485, 491, 493, 495, 499, 503, 504, 506, 508, 515, 518, 519, 521, 524, 526, 528, 533, 537, 539, 542, 543, 547, 548, 549, 550, 551, 553, 554, 556, 558, 559, 563, 564, 566, 567, 570, 571, 572, 586, 587, 595, 605, 613, 633, 639, 640, 641, 657, 672, 704, 717, 726, 736, 759, 761, 765, 768, 780, 788, 792, 826]",[],[],7/6 successful match,True,"[432, 433, 434, 435, 436]",True,171,True,2008,0.0,True,TravelCenters of America ( Shell ),TravelCenters
H Willcox ( 85643 ) TA Willcox # 226 ( Shell ),6 520-384-5311 I-10 Exit 340 ( AZ 186 N ),ZA 24 XL 24,Willcox,85643,TA Willcox # 226 ( Shell ),520-384-5311,2014,Willcox,AZ,Shell,( AZ 186 N ),I-10 Exit 340 ,Exit,340,False,,False,I-10,,,,,"[96, 567]","[24, 48, 96, 100, 508, 567, 571]","[24, 32, 96, 100]","[48, 96, 100, 567, 571]","[0, 1, 2, 3, 4, 5, 6, 7, 8, 9, 10, 11, 12, 13, 14, 15, 16, 17, 18, 19, 20, 21, 22, 23, 24, 25, 26, 27, 28, 29, 30, 31, 32, 33, 34, 35, 36, 37, 38, 39, 40, 41, 42, 43, 44, 45, 46, 47, 48, 49, 50, 51, 52, 53, 54, 55, 56, 57, 58, 59, 60, 61, 62, 63, 64, 65, 66, 67, 68, 69, 70, 71, 72, 73, 74, 75, 76, 77, 78, 79, 80, 81, 82, 83, 84, 85, 86, 87, 88, 89, 90, 91, 92, 93, 94, 95, 96, 97, 98, 99, 100, 101, 102, 485, 486, 487, 488, 489, 490, 491, 492, 493, 494, 495, 496, 497, 498, 499, 500, 501, 502, 503, 504, 505, 506, 507, 508, 509, 510, 511, 512, 513, 514, 515, 516, 517, 518, 519, 520, 521, 522, 523, 524, 525, 526, 527, 528, 529, 530, 531, 532, 533, 534, 535, 536, 537, 538, 539, 540, 541, 542, 543, 544, 545, 546, 547, 548, 549, 550, 551, 552, 553, 554, 555, 556, 557, 558, 559, 560, 561, 562, 563, 564, 565, 566, 567, 568, 569, 570, 571, 572, 573]","[0, 5, 7, 10, 14, 19, 20, 22, 24, 32, 33, 34, 37, 38, 40, 44, 46, 48, 49, 51, 56, 61, 63, 65, 67, 68, 73, 74, 75, 76, 79, 81, 82, 83, 85, 87, 88, 92, 93, 95, 96, 99, 100, 101, 115, 116, 124, 134, 142, 161, 167, 169, 170, 186, 202, 240, 244, 254, 260, 267, 277, 300, 303, 307, 310, 322, 331, 376, 485, 491, 493, 495, 499, 503, 504, 506, 508, 515, 518, 519, 521, 524, 526, 528, 533, 537, 539, 542, 543, 547, 548, 549, 550, 551, 553, 554, 556, 558, 559, 563, 564, 566, 567, 570, 571, 572, 586, 587, 595, 605, 613, 633, 639, 640, 641, 657, 672, 704, 717, 726, 736, 759, 761, 765, 768, 780, 788, 792, 826]","[1, 13, 14, 29, 54, 55, 56, 57, 58, 60, 102, 118, 125, 127, 130, 134, 146, 149, 153, 175, 182, 187, 189, 191, 197, 225, 230, 238, 264, 265, 266, 286, 302, 317, 336, 379, 388, 389, 425, 454, 458, 463, 475, 487, 498, 499, 512, 530, 531, 532, 533, 534, 536, 573, 589, 596, 598, 601, 605, 617, 620, 624, 646, 653, 658, 660, 662, 668, 689, 694, 702, 724, 725, 745, 760, 775, 793, 829, 838, 839, 877, 901, 903, 905, 910, 923]","[1, 13, 14, 29, 54, 55, 56, 57, 58, 60, 96, 100, 102, 118, 125, 127, 130, 134, 146, 149, 153, 175, 182, 187, 189, 191, 197, 225, 230, 238, 264, 265, 266, 286, 301, 302, 317, 336, 354, 379, 388, 389, 425, 454, 458, 463, 475, 476, 487, 498, 499, 512, 530, 531, 532, 533, 534, 536, 567, 573, 589, 596, 598, 601, 605, 617, 620, 624, 646, 653, 658, 660, 662, 668, 689, 694, 702, 724, 725, 745, 760, 775, 793, 809, 829, 838, 839, 877, 901, 903, 905, 910, 923, 924, 925]","[0, 1, 2, 3, 4, 5, 6, 7, 8, 9, 10, 11, 12, 13, 14, 15, 16, 17, 18, 19, 20, 21, 22, 23, 24, 25, 26, 27, 28, 29, 30, 31, 32, 33, 34, 35, 36, 37, 38, 39, 40, 41, 42, 43, 44, 45, 46, 47, 48, 49, 50, 51, 52, 53, 54, 55, 56, 57, 58, 59, 60, 61, 62, 63, 64, 65, 66, 67, 68, 69, 70, 71, 72, 73, 74, 75, 76, 77, 78, 79, 80, 81, 82, 83, 84, 85, 86, 87, 88, 89, 90, 91, 92, 93, 94, 95, 96, 97, 98, 99, 100, 101, 102, 115, 116, 118, 124, 125, 127, 130, 134, 142, 146, 149, 153, 161, 167, 169, 170, 175, 182, 186, 187, 189, 191, 197, 202, 225, 230, 238, 240, 244, 254, 260, 264, 265, 266, 267, 277, 286, 300, 301, 302, 303, 307, 310, 317, 322, 331, 336, 354, 376, 379, 388, 389, 425, 454, 458, 463, 475, 476, 485, 486, 487, 488, 489, 490, 491, 492, 493, 494, 495, 496, 497, 498, 499, 500, 501, 502, 503, 504, 505, 506, 507, 508, 509, 510, 511, 512, 513, 514, 515, 516, 517, 518, 519, 520, 521, 522, 523, 524, 525, 526, 527, 528, 529, 530, 531, 532, 533, 534, 535, 536, 537, 538, 539, 540, 541, 542, 543, 544, 545, 546, 547, 548, 549, 550, 551, 552, 553, 554, 555, 556, 557, 558, 559, 560, 561, 562, 563, 564, 565, 566, 567, 568, 569, 570, 571, 572, 573, 586, 587, 589, 595, 596, 598, 601, 605, 613, 617, 620, 624, 633, 639, 640, 641, 646, 653, 657, 658, 660, 662, 668, 672, 689, 694, 702, 704, 717, 724, 725, 726, 736, 745, 759, 760, 761, 765, 768, 775, 780, 788, 792, 793, 809, 826, 829, 838, 839, 877, 901, 903, 905, 910, 923, 924, 925]",True,"[24, 48, 96, 100, 508, 567, 571]","[0, 1, 2, 3, 4, 5, 6, 7, 8, 9, 10, 11, 12, 13, 14, 15, 16, 17, 18, 19, 20, 21, 22, 23, 24, 25, 26, 27, 28, 29, 30, 31, 32, 33, 34, 35, 36, 37, 38, 39, 40, 41, 42, 43, 44, 45, 46, 47, 48, 49, 50, 51, 52, 53, 54, 55, 56, 57, 58, 59, 60, 61, 62, 63, 64, 65, 66, 67, 68, 69, 70, 71, 72, 73, 74, 75, 76, 77, 78, 79, 80, 81, 82, 83, 84, 85, 86, 87, 88, 89, 90, 91, 92, 93, 94, 95, 96, 97, 98, 99, 100, 101, 102, 485, 486, 487, 488, 489, 490, 491, 492, 493, 494, 495, 496, 497, 498, 499, 500, 501, 502, 503, 504, 505, 506, 507, 508, 509, 510, 511, 512, 513, 514, 515, 516, 517, 518, 519, 520, 521, 522, 523, 524, 525, 526, 527, 528, 529, 530, 531, 532, 533, 534, 535, 536, 537, 538, 539, 540, 541, 542, 543, 544, 545, 546, 547, 548, 549, 550, 551, 552, 553, 554, 555, 556, 557, 558, 559, 560, 561, 562, 563, 564, 565, 566, 567, 568, 569, 570, 571, 572, 573]","[24, 32, 96, 100]","[48, 96, 100, 567, 571]","[0, 5, 7, 10, 14, 19, 20, 22, 24, 32, 33, 34, 37, 38, 40, 44, 46, 48, 49, 51, 56, 61, 63, 65, 67, 68, 73, 74, 75, 76, 79, 81, 82, 83, 85, 87, 88, 92, 93, 95, 96, 99, 100, 101, 115, 116, 124, 134, 142, 161, 167, 169, 170, 186, 202, 240, 244, 254, 260, 267, 277, 300, 303, 307, 310, 322, 331, 376, 485, 491, 493, 495, 499, 503, 504, 506, 508, 515, 518, 519, 521, 524, 526, 528, 533, 537, 539, 542, 543, 547, 548, 549, 550, 551, 553, 554, 556, 558, 559, 563, 564, 566, 567, 570, 571, 572, 586, 587, 595, 605, 613, 633, 639, 640, 641, 657, 672, 704, 717, 726, 736, 759, 761, 765, 768, 780, 788, 792, 826]","[1, 13, 14, 29, 54, 55, 56, 57, 58, 60, 96, 100, 102, 118, 125, 127, 130, 134, 146, 149, 153, 175, 182, 187, 189, 191, 197, 225, 230, 238, 264, 265, 266, 286, 301, 302, 317, 336, 354, 379, 388, 389, 425, 454, 458, 463, 475, 476, 487, 498, 499, 512, 530, 531, 532, 533, 534, 536, 567, 573, 589, 596, 598, 601, 605, 617, 620, 624, 646, 653, 658, 660, 662, 668, 689, 694, 702, 724, 725, 745, 760, 775, 793, 809, 829, 838, 839, 877, 901, 903, 905, 910, 923, 924, 925]","[1, 13, 14, 29, 54, 55, 56, 57, 58, 60, 102, 118, 125, 127, 130, 134, 146, 149, 153, 175, 182, 187, 189, 191, 197, 225, 230, 238, 264, 265, 266, 286, 302, 317, 336, 379, 388, 389, 425, 454, 458, 463, 475, 487, 498, 499, 512, 530, 531, 532, 533, 534, 536, 573, 589, 596, 598, 601, 605, 617, 620, 624, 646, 653, 658, 660, 662, 668, 689, 694, 702, 724, 725, 745, 760, 775, 793, 829, 838, 839, 877, 901, 903, 905, 910, 923]",6/6 successful match,True,"[432, 433, 434, 435, 436]",True,171,True,2014,0.0,True,,
Willcox ( 85643 ) TA Willcox # 226 ( Shell ),520-384-5311 I-10 Exit 340 ( AZ 186 ),A24 24 XL,Willcox,85643,TA Willcox # 226 ( Shell ),520-384-5311,2015,Willcox,AZ,Shell,( AZ 186 ),I-10 Exit 340 ,Exit,340,False,,False,I-10,,,,,"[96, 567]","[24, 48, 96, 100, 508, 567, 571]","[24, 32, 96, 100]","[48, 96, 100, 567, 571]","[0, 1, 2, 3, 4, 5, 6, 7, 8, 9, 10, 11, 12, 13, 14, 15, 16, 17, 18, 19, 20, 21, 22, 23, 24, 25, 26, 27, 28, 29, 30, 31, 32, 33, 34, 35, 36, 37, 38, 39, 40, 41, 42, 43, 44, 45, 46, 47, 48, 49, 50, 51, 52, 53, 54, 55, 56, 57, 58, 59, 60, 61, 62, 63, 64, 65, 66, 67, 68, 69, 70, 71, 72, 73, 74, 75, 76, 77, 78, 79, 80, 81, 82, 83, 84, 85, 86, 87, 88, 89, 90, 91, 92, 93, 94, 95, 96, 97, 98, 99, 100, 101, 102, 485, 486, 487, 488, 489, 490, 491, 492, 493, 494, 495, 496, 497, 498, 499, 500, 501, 502, 503, 504, 505, 506, 507, 508, 509, 510, 511, 512, 513, 514, 515, 516, 517, 518, 519, 520, 521, 522, 523, 524, 525, 526, 527, 528, 529, 530, 531, 532, 533, 534, 535, 536, 537, 538, 539, 540, 541, 542, 543, 544, 545, 546, 547, 548, 549, 550, 551, 552, 553, 554, 555, 556, 557, 558, 559, 560, 561, 562, 563, 564, 565, 566, 567, 568, 569, 570, 571, 572, 573]","[0, 5, 7, 10, 14, 19, 20, 22, 24, 32, 33, 34, 37, 38, 40, 44, 46, 48, 49, 51, 56, 61, 63, 65, 67, 68, 73, 74, 75, 76, 79, 81, 82, 83, 85, 87, 88, 92, 93, 95, 96, 99, 100, 101, 115, 116, 124, 134, 142, 161, 167, 169, 170, 186, 202, 240, 244, 254, 260, 267, 277, 300, 303, 307, 310, 322, 331, 376, 485, 491, 493, 495, 499, 503, 504, 506, 508, 515, 518, 519, 521, 524, 526, 528, 533, 537, 539, 542, 543, 547, 548, 549, 550, 551, 553, 554, 556, 558, 559, 563, 564, 566, 567, 570, 571, 572, 586, 587, 595, 605, 613, 633, 639, 640, 641, 657, 672, 704, 717, 726, 736, 759, 761, 765, 768, 780, 788, 792, 826]","[1, 13, 14, 29, 54, 55, 56, 57, 58, 60, 102, 118, 125, 127, 130, 134, 146, 149, 153, 175, 182, 187, 189, 191, 197, 225, 230, 238, 264, 265, 266, 286, 302, 317, 336, 379, 388, 389, 425, 454, 458, 463, 475, 487, 498, 499, 512, 530, 531, 532, 533, 534, 536, 573, 589, 596, 598, 601, 605, 617, 620, 624, 646, 653, 658, 660, 662, 668, 689, 694, 702, 724, 725, 745, 760, 775, 793, 829, 838, 839, 877, 901, 903, 905, 910, 923]","[1, 13, 14, 29, 54, 55, 56, 57, 58, 60, 96, 100, 102, 118, 125, 127, 130, 134, 146, 149, 153, 175, 182, 187, 189, 191, 197, 225, 230, 238, 264, 265, 266, 286, 301, 302, 317, 336, 354, 379, 388, 389, 425, 454, 458, 463, 475, 476, 487, 498, 499, 512, 530, 531, 532, 533, 534, 536, 567, 573, 589, 596, 598, 601, 605, 617, 620, 624, 646, 653, 658, 660, 662, 668, 689, 694, 702, 724, 725, 745, 760, 775, 793, 809, 829, 838, 839, 877, 901, 903, 905, 910, 923, 924, 925]","[0, 1, 2, 3, 4, 5, 6, 7, 8, 9, 10, 11, 12, 13, 14, 15, 16, 17, 18, 19, 20, 21, 22, 23, 24, 25, 26, 27, 28, 29, 30, 31, 32, 33, 34, 35, 36, 37, 38, 39, 40, 41, 42, 43, 44, 45, 46, 47, 48, 49, 50, 51, 52, 53, 54, 55, 56, 57, 58, 59, 60, 61, 62, 63, 64, 65, 66, 67, 68, 69, 70, 71, 72, 73, 74, 75, 76, 77, 78, 79, 80, 81, 82, 83, 84, 85, 86, 87, 88, 89, 90, 91, 92, 93, 94, 95, 96, 97, 98, 99, 100, 101, 102, 115, 116, 118, 124, 125, 127, 130, 134, 142, 146, 149, 153, 161, 167, 169, 170, 175, 182, 186, 187, 189, 191, 197, 202, 225, 230, 238, 240, 244, 254, 260, 264, 265, 266, 267, 277, 286, 300, 301, 302, 303, 307, 310, 317, 322, 331, 336, 354, 376, 379, 388, 389, 425, 454, 458, 463, 475, 476, 485, 486, 487, 488, 489, 490, 491, 492, 493, 494, 495, 496, 497, 498, 499, 500, 501, 502, 503, 504, 505, 506, 507, 508, 509, 510, 511, 512, 513, 514, 515, 516, 517, 518, 519, 520, 521, 522, 523, 524, 525, 526, 527, 528, 529, 530, 531, 532, 533, 534, 535, 536, 537, 538, 539, 540, 541, 542, 543, 544, 545, 546, 547, 548, 549, 550, 551, 552, 553, 554, 555, 556, 557, 558, 559, 560, 561, 562, 563, 564, 565, 566, 567, 568, 569, 570, 571, 572, 573, 586, 587, 589, 595, 596, 598, 601, 605, 613, 617, 620, 624, 633, 639, 640, 641, 646, 653, 657, 658, 660, 662, 668, 672, 689, 694, 702, 704, 717, 724, 725, 726, 736, 745, 759, 760, 761, 765, 768, 775, 780, 788, 792, 793, 809, 826, 829, 838, 839, 877, 901, 903, 905, 910, 923, 924, 925]",True,"[24, 48, 96, 100, 508, 567, 571]","[0, 1, 2, 3, 4, 5, 6, 7, 8, 9, 10, 11, 12, 13, 14, 15, 16, 17, 18, 19, 20, 21, 22, 23, 24, 25, 26, 27, 28, 29, 30, 31, 32, 33, 34, 35, 36, 37, 38, 39, 40, 41, 42, 43, 44, 45, 46, 47, 48, 49, 50, 51, 52, 53, 54, 55, 56, 57, 58, 59, 60, 61, 62, 63, 64, 65, 66, 67, 68, 69, 70, 71, 72, 73, 74, 75, 76, 77, 78, 79, 80, 81, 82, 83, 84, 85, 86, 87, 88, 89, 90, 91, 92, 93, 94, 95, 96, 97, 98, 99, 100, 101, 102, 485, 486, 487, 488, 489, 490, 491, 492, 493, 494, 495, 496, 497, 498, 499, 500, 501, 502, 503, 504, 505, 506, 507, 508, 509, 510, 511, 512, 513, 514, 515, 516, 517, 518, 519, 520, 521, 522, 523, 524, 525, 526, 527, 528, 529, 530, 531, 532, 533, 534, 535, 536, 537, 538, 539, 540, 541, 542, 543, 544, 545, 546, 547, 548, 549, 550, 551, 552, 553, 554, 555, 556, 557, 558, 559, 560, 561, 562, 563, 564, 565, 566, 567, 568, 569, 570, 571, 572, 573]","[24, 32, 96, 100]","[48, 96, 100, 567, 571]","[0, 5, 7, 10, 14, 19, 20, 22, 24, 32, 33, 34, 37, 38, 40, 44, 46, 48, 49, 51, 56, 61, 63, 65, 67, 68, 73, 74, 75, 76, 79, 81, 82, 83, 85, 87, 88, 92, 93, 95, 96, 99, 100, 101, 115, 116, 124, 134, 142, 161, 167, 169, 170, 186, 202, 240, 244, 254, 260, 267, 277, 300, 303, 307, 310, 322, 331, 376, 485, 491, 493, 495, 499, 503, 504, 506, 508, 515, 518, 519, 521, 524, 526, 528, 533, 537, 539, 542, 543, 547, 548, 549, 550, 551, 553, 554, 556, 558, 559, 563, 564, 566, 567, 570, 571, 572, 586, 587, 595, 605, 613, 633, 639, 640, 641, 657, 672, 704, 717, 726, 736, 759, 761, 765, 768, 780, 788, 792, 826]","[1, 13, 14, 29, 54, 55, 56, 57, 58, 60, 96, 100, 102, 118, 125, 127, 130, 134, 146, 149, 153, 175, 182, 187, 189, 191, 197, 225, 230, 238, 264, 265, 266, 286, 301, 302, 317, 336, 354, 379, 388, 389, 425, 454, 458, 463, 475, 476, 487, 498, 499, 512, 530, 531, 532, 533, 534, 536, 567, 573, 589, 596, 598, 601, 605, 617, 620, 624, 646, 653, 658, 660, 662, 668, 689, 694, 702, 724, 725, 745, 760, 775, 793, 809, 829, 838, 839, 877, 901, 903, 905, 910, 923, 924, 925]","[1, 13, 14, 29, 54, 55, 56, 57, 58, 60, 102, 118, 125, 127, 130, 134, 146, 149, 153, 175, 182, 187, 189, 191, 197, 225, 230, 238, 264, 265, 266, 286, 302, 317, 336, 379, 388, 389, 425, 454, 458, 463, 475, 487, 498, 499, 512, 530, 531, 532, 533, 534, 536, 573, 589, 596, 598, 601, 605, 617, 620, 624, 646, 653, 658, 660, 662, 668, 689, 694, 702, 724, 725, 745, 760, 775, 793, 829, 838, 839, 877, 901, 903, 905, 910, 923]",6/6 successful match,True,"[432, 433, 434, 435, 436]",True,171,False,,1.0,True,TA Willcox # 226 ( Shell ),Shell
Willcox ( 85643 ) TA Willcox # 226 ( Shell ),520-384-5311 I-10 Exit 340 ( AZ 186 N ),24 XL,Willcox,85643,TA Willcox # 226 ( Shell ),520-384-5311,2016,Willcox,AZ,Shell,( AZ 186 N ),I-10 Exit 340 ,Exit,340,False,,False,I-10,,,,,"[96, 567]","[24, 48, 96, 100, 508, 567, 571]","[24, 32, 96, 100]","[48, 96, 100, 567, 571]","[0, 1, 2, 3, 4, 5, 6, 7, 8, 9, 10, 11, 12, 13, 14, 15, 16, 17, 18, 19, 20, 21, 22, 23, 24, 25, 26, 27, 28, 29, 30, 31, 32, 33, 34, 35, 36, 37, 38, 39, 40, 41, 42, 43, 44, 45, 46, 47, 48, 49, 50, 51, 52, 53, 54, 55, 56, 57, 58, 59, 60, 61, 62, 63, 64, 65, 66, 67, 68, 69, 70, 71, 72, 73, 74, 75, 76, 77, 78, 79, 80, 81, 82, 83, 84, 85, 86, 87, 88, 89, 90, 91, 92, 93, 94, 95, 96, 97, 98, 99, 100, 101, 102, 485, 486, 487, 488, 489, 490, 491, 492, 493, 494, 495, 496, 497, 498, 499, 500, 501, 502, 503, 504, 505, 506, 507, 508, 509, 510, 511, 512, 513, 514, 515, 516, 517, 518, 519, 520, 521, 522, 523, 524, 525, 526, 527, 528, 529, 530, 531, 532, 533, 534, 535, 536, 537, 538, 539, 540, 541, 542, 543, 544, 545, 546, 547, 548, 549, 550, 551, 552, 553, 554, 555, 556, 557, 558, 559, 560, 561, 562, 563, 564, 565, 566, 567, 568, 569, 570, 571, 572, 573]","[0, 5, 7, 10, 14, 19, 20, 22, 24, 32, 33, 34, 37, 38, 40, 44, 46, 48, 49, 51, 56, 61, 63, 65, 67, 68, 73, 74, 75, 76, 79, 81, 82, 83, 85, 87, 88, 92, 93, 95, 96, 99, 100, 101, 115, 116, 124, 134, 142, 161, 167, 169, 170, 186, 202, 240, 244, 254, 260, 267, 277, 300, 303, 307, 310, 322, 331, 376, 485, 491, 493, 495, 499, 503, 504, 506, 508, 515, 518, 519, 521, 524, 526, 528, 533, 537, 539, 542, 543, 547, 548, 549, 550, 551, 553, 554, 556, 558, 559, 563, 564, 566, 567, 570, 571, 572, 586, 587, 595, 605, 613, 633, 639, 640, 641, 657, 672, 704, 717, 726, 736, 759, 761, 765, 768, 780, 788, 792, 826]","[1, 13, 14, 29, 54, 55, 56, 57, 58, 60, 102, 118, 125, 127, 130, 134, 146, 149, 153, 175, 182, 187, 189, 191, 197, 225, 230, 238, 264, 265, 266, 286, 302, 317, 336, 379, 388, 389, 425, 454, 458, 463, 475, 487, 498, 499, 512, 530, 531, 532, 533, 534, 536, 573, 589, 596, 598, 601, 605, 617, 620, 624, 646, 653, 658, 660, 662, 668, 689, 694, 702, 724, 725, 745, 760, 775, 793, 829, 838, 839, 877, 901, 903, 905, 910, 923]","[1, 13, 14, 29, 54, 55, 56, 57, 58, 60, 96, 100, 102, 118, 125, 127, 130, 134, 146, 149, 153, 175, 182, 187, 189, 191, 197, 225, 230, 238, 264, 265, 266, 286, 301, 302, 317, 336, 354, 379, 388, 389, 425, 454, 458, 463, 475, 476, 487, 498, 499, 512, 530, 531, 532, 533, 534, 536, 567, 573, 589, 596, 598, 601, 605, 617, 620, 624, 646, 653, 658, 660, 662, 668, 689, 694, 702, 724, 725, 745, 760, 775, 793, 809, 829, 838, 839, 877, 901, 903, 905, 910, 923, 924, 925]","[0, 1, 2, 3, 4, 5, 6, 7, 8, 9, 10, 11, 12, 13, 14, 15, 16, 17, 18, 19, 20, 21, 22, 23, 24, 25, 26, 27, 28, 29, 30, 31, 32, 33, 34, 35, 36, 37, 38, 39, 40, 41, 42, 43, 44, 45, 46, 47, 48, 49, 50, 51, 52, 53, 54, 55, 56, 57, 58, 59, 60, 61, 62, 63, 64, 65, 66, 67, 68, 69, 70, 71, 72, 73, 74, 75, 76, 77, 78, 79, 80, 81, 82, 83, 84, 85, 86, 87, 88, 89, 90, 91, 92, 93, 94, 95, 96, 97, 98, 99, 100, 101, 102, 115, 116, 118, 124, 125, 127, 130, 134, 142, 146, 149, 153, 161, 167, 169, 170, 175, 182, 186, 187, 189, 191, 197, 202, 225, 230, 238, 240, 244, 254, 260, 264, 265, 266, 267, 277, 286, 300, 301, 302, 303, 307, 310, 317, 322, 331, 336, 354, 376, 379, 388, 389, 425, 454, 458, 463, 475, 476, 485, 486, 487, 488, 489, 490, 491, 492, 493, 494, 495, 496, 497, 498, 499, 500, 501, 502, 503, 504, 505, 506, 507, 508, 509, 510, 511, 512, 513, 514, 515, 516, 517, 518, 519, 520, 521, 522, 523, 524, 525, 526, 527, 528, 529, 530, 531, 532, 533, 534, 535, 536, 537, 538, 539, 540, 541, 542, 543, 544, 545, 546, 547, 548, 549, 550, 551, 552, 553, 554, 555, 556, 557, 558, 559, 560, 561, 562, 563, 564, 565, 566, 567, 568, 569, 570, 571, 572, 573, 586, 587, 589, 595, 596, 598, 601, 605, 613, 617, 620, 624, 633, 639, 640, 641, 646, 653, 657, 658, 660, 662, 668, 672, 689, 694, 702, 704, 717, 724, 725, 726, 736, 745, 759, 760, 761, 765, 768, 775, 780, 788, 792, 793, 809, 826, 829, 838, 839, 877, 901, 903, 905, 910, 923, 924, 925]",True,"[24, 48, 96, 100, 508, 567, 571]","[0, 1, 2, 3, 4, 5, 6, 7, 8, 9, 10, 11, 12, 13, 14, 15, 16, 17, 18, 19, 20, 21, 22, 23, 24, 25, 26, 27, 28, 29, 30, 31, 32, 33, 34, 35, 36, 37, 38, 39, 40, 41, 42, 43, 44, 45, 46, 47, 48, 49, 50, 51, 52, 53, 54, 55, 56, 57, 58, 59, 60, 61, 62, 63, 64, 65, 66, 67, 68, 69, 70, 71, 72, 73, 74, 75, 76, 77, 78, 79, 80, 81, 82, 83, 84, 85, 86, 87, 88, 89, 90, 91, 92, 93, 94, 95, 96, 97, 98, 99, 100, 101, 102, 485, 486, 487, 488, 489, 490, 491, 492, 493, 494, 495, 496, 497, 498, 499, 500, 501, 502, 503, 504, 505, 506, 507, 508, 509, 510, 511, 512, 513, 514, 515, 516, 517, 518, 519, 520, 521, 522, 523, 524, 525, 526, 527, 528, 529, 530, 531, 532, 533, 534, 535, 536, 537, 538, 539, 540, 541, 542, 543, 544, 545, 546, 547, 548, 549, 550, 551, 552, 553, 554, 555, 556, 557, 558, 559, 560, 561, 562, 563, 564, 565, 566, 567, 568, 569, 570, 571, 572, 573]","[24, 32, 96, 100]","[48, 96, 100, 567, 571]","[0, 5, 7, 10, 14, 19, 20, 22, 24, 32, 33, 34, 37, 38, 40, 44, 46, 48, 49, 51, 56, 61, 63, 65, 67, 68, 73, 74, 75, 76, 79, 81, 82, 83, 85, 87, 88, 92, 93, 95, 96, 99, 100, 101, 115, 116, 124, 134, 142, 161, 167, 169, 170, 186, 202, 240, 244, 254, 260, 267, 277, 300, 303, 307, 310, 322, 331, 376, 485, 491, 493, 495, 499, 503, 504, 506, 508, 515, 518, 519, 521, 524, 526, 528, 533, 537, 539, 542, 543, 547, 548, 549, 550, 551, 553, 554, 556, 558, 559, 563, 564, 566, 567, 570, 571, 572, 586, 587, 595, 605, 613, 633, 639, 640, 641, 657, 672, 704, 717, 726, 736, 759, 761, 765, 768, 780, 788, 792, 826]","[1, 13, 14, 29, 54, 55, 56, 57, 58, 60, 96, 100, 102, 118, 125, 127, 130, 134, 146, 149, 153, 175, 182, 187, 189, 191, 197, 225, 230, 238, 264, 265, 266, 286, 301, 302, 317, 336, 354, 379, 388, 389, 425, 454, 458, 463, 475, 476, 487, 498, 499, 512, 530, 531, 532, 533, 534, 536, 567, 573, 589, 596, 598, 601, 605, 617, 620, 624, 646, 653, 658, 660, 662, 668, 689, 694, 702, 724, 725, 745, 760, 775, 793, 809, 829, 838, 839, 877, 901, 903, 905, 910, 923, 924, 925]","[1, 13, 14, 29, 54, 55, 56, 57, 58, 60, 102, 118, 125, 127, 130, 134, 146, 149, 153, 175, 182, 187, 189, 191, 197, 225, 230, 238, 264, 265, 266, 286, 302, 317, 336, 379, 388, 389, 425, 454, 458, 463, 475, 487, 498, 499, 512, 530, 531, 532, 533, 534, 536, 573, 589, 596, 598, 601, 605, 617, 620, 624, 646, 653, 658, 660, 662, 668, 689, 694, 702, 724, 725, 745, 760, 775, 793, 829, 838, 839, 877, 901, 903, 905, 910, 923]",6/6 successful match,True,"[432, 433, 434, 435, 436]",True,171,False,,1.0,True,TA Willcox # 226 ( Shell ),Shell
"Nogales ( North ) , 85648 Pilot Travel Center # 279",5 520-377-0001 I-19 Exit 12 ( AZ 289 ),HR $ SO 0 <U+2610>,Nogales,85648,Pilot Travel Center # 279,520-377-0001,2006,Rio Rico,AZ,Pilot,( AZ 289 ),I-19 Exit 12 ,Exit,12,False,,False,I-19,,,,,"[72, 540]","[72, 540]","[42, 72, 102, 540, 573]","[17, 42, 59, 72, 210, 388, 405, 502, 535, 540, 680, 838, 854]","[0, 1, 2, 3, 4, 5, 6, 7, 8, 9, 10, 11, 12, 13, 14, 15, 16, 17, 18, 19, 20, 21, 22, 23, 24, 25, 26, 27, 28, 29, 30, 31, 32, 33, 34, 35, 36, 37, 38, 39, 40, 41, 42, 43, 44, 45, 46, 47, 48, 49, 50, 51, 52, 53, 54, 55, 56, 57, 58, 59, 60, 61, 62, 63, 64, 65, 66, 67, 68, 69, 70, 71, 72, 73, 74, 75, 76, 77, 78, 79, 80, 81, 82, 83, 84, 85, 86, 87, 88, 89, 90, 91, 92, 93, 94, 95, 96, 97, 98, 99, 100, 101, 102, 485, 486, 487, 488, 489, 490, 491, 492, 493, 494, 495, 496, 497, 498, 499, 500, 501, 502, 503, 504, 505, 506, 507, 508, 509, 510, 511, 512, 513, 514, 515, 516, 517, 518, 519, 520, 521, 522, 523, 524, 525, 526, 527, 528, 529, 530, 531, 532, 533, 534, 535, 536, 537, 538, 539, 540, 541, 542, 543, 544, 545, 546, 547, 548, 549, 550, 551, 552, 553, 554, 555, 556, 557, 558, 559, 560, 561, 562, 563, 564, 565, 566, 567, 568, 569, 570, 571, 572, 573]","[42, 72, 540]","[15, 16, 65, 66, 67, 68, 69, 70, 71, 72, 73, 74, 75, 76, 80, 151, 245, 246, 247, 248, 249, 250, 251, 252, 253, 254, 255, 256, 257, 258, 259, 280, 340, 373, 374, 375, 376, 377, 459, 460, 461, 462, 500, 501, 539, 540, 541, 542, 543, 544, 545, 546, 547, 548, 549, 550, 552, 622, 708, 709, 710, 711, 712, 713, 714, 715, 716, 717, 718, 719, 720, 739, 796, 823, 824, 825, 826, 827, 906, 907, 908, 909]","[15, 16, 65, 66, 67, 68, 69, 70, 71, 72, 73, 74, 75, 76, 77, 78, 80, 151, 244, 245, 246, 247, 248, 249, 250, 251, 252, 253, 254, 255, 256, 257, 258, 259, 260, 280, 340, 373, 374, 375, 376, 377, 459, 460, 461, 462, 500, 501, 539, 540, 541, 542, 543, 544, 545, 546, 547, 548, 549, 550, 552, 622, 708, 709, 710, 711, 712, 713, 714, 715, 716, 717, 718, 719, 720, 739, 796, 823, 824, 825, 826, 827, 906, 907, 908, 909]","[0, 1, 2, 3, 4, 5, 6, 7, 8, 9, 10, 11, 12, 13, 14, 15, 16, 17, 18, 19, 20, 21, 22, 535, 23, 24, 25, 26, 540, 27, 28, 29, 30, 31, 32, 33, 34, 35, 36, 37, 38, 39, 42, 40, 41, 43, 44, 45, 46, 47, 48, 49, 50, 51, 52, 53, 54, 55, 56, 59, 57, 573, 58, 60, 61, 62, 63, 64, 65, 66, 67, 68, 72, 69, 70, 71, 73, 74, 75, 76, 77, 78, 79, 80, 81, 82, 83, 84, 85, 86, 87, 88, 89, 90, 91, 92, 93, 94, 95, 96, 97, 98, 102, 99, 100, 101, 528, 529, 530, 622, 513, 531, 532, 533, 534, 514, 536, 537, 538, 151, 539, 515, 541, 542, 680, 543, 544, 545, 516, 546, 547, 708, 709, 548, 710, 711, 712, 713, 549, 714, 715, 716, 717, 550, 718, 210, 517, 719, 551, 720, 552, 553, 739, 554, 555, 518, 556, 557, 244, 245, 246, 247, 558, 248, 249, 250, 251, 559, 252, 253, 254, 255, 560, 256, 257, 519, 258, 561, 259, 260, 562, 563, 564, 280, 565, 796, 520, 566, 567, 568, 569, 570, 521, 823, 571, 824, 825, 826, 827, 572, 838, 522, 340, 854, 523, 373, 374, 375, 376, 377, 524, 388, 906, 907, 908, 909, 405, 525, 512, 526, 459, 460, 527, 461, 462, 485, 486, 487, 488, 489, 490, 491, 492, 493, 494, 495, 496, 497, 498, 499, 500, 501, 502, 503, 504, 505, 506, 507, 508, 509, 510, 511]",True,"[72, 540]","[0, 1, 2, 3, 4, 5, 6, 7, 8, 9, 10, 11, 12, 13, 14, 15, 16, 17, 18, 19, 20, 21, 22, 23, 24, 25, 26, 27, 28, 29, 30, 31, 32, 33, 34, 35, 36, 37, 38, 39, 40, 41, 42, 43, 44, 45, 46, 47, 48, 49, 50, 51, 52, 53, 54, 55, 56, 57, 58, 59, 60, 61, 62, 63, 64, 65, 66, 67, 68, 69, 70, 71, 72, 73, 74, 75, 76, 77, 78, 79, 80, 81, 82, 83, 84, 85, 86, 87, 88, 89, 90, 91, 92, 93, 94, 95, 96, 97, 98, 99, 100, 101, 102, 485, 486, 487, 488, 489, 490, 491, 492, 493, 494, 495, 496, 497, 498, 499, 500, 501, 502, 503, 504, 505, 506, 507, 508, 509, 510, 511, 512, 513, 514, 515, 516, 517, 518, 519, 520, 521, 522, 523, 524, 525, 526, 527, 528, 529, 530, 531, 532, 533, 534, 535, 536, 537, 538, 539, 540, 541, 542, 543, 544, 545, 546, 547, 548, 549, 550, 551, 552, 553, 554, 555, 556, 557, 558, 559, 560, 561, 562, 563, 564, 565, 566, 567, 568, 569, 570, 571, 572, 573]","[42, 72, 102, 540, 573]","[17, 42, 59, 72, 210, 388, 405, 502, 535, 540, 680, 838, 854]","[42, 72, 540]","[15, 16, 65, 66, 67, 68, 69, 70, 71, 72, 73, 74, 75, 76, 77, 78, 80, 151, 244, 245, 246, 247, 248, 249, 250, 251, 252, 253, 254, 255, 256, 257, 258, 259, 260, 280, 340, 373, 374, 375, 376, 377, 459, 460, 461, 462, 500, 501, 539, 540, 541, 542, 543, 544, 545, 546, 547, 548, 549, 550, 552, 622, 708, 709, 710, 711, 712, 713, 714, 715, 716, 717, 718, 719, 720, 739, 796, 823, 824, 825, 826, 827, 906, 907, 908, 909]","[15, 16, 65, 66, 67, 68, 69, 70, 71, 72, 73, 74, 75, 76, 80, 151, 245, 246, 247, 248, 249, 250, 251, 252, 253, 254, 255, 256, 257, 258, 259, 280, 340, 373, 374, 375, 376, 377, 459, 460, 461, 462, 500, 501, 539, 540, 541, 542, 543, 544, 545, 546, 547, 548, 549, 550, 552, 622, 708, 709, 710, 711, 712, 713, 714, 715, 716, 717, 718, 719, 720, 739, 796, 823, 824, 825, 826, 827, 906, 907, 908, 909]",7/6 successful match,True,[510],True,172,False,,,,,
"Nogales ( N ) , 85648 . Pilot Travel Center # 279",520-377-0001 I-19 Exit 12 ( AZ 289 ),24 M,Nogales,85648,. Pilot Travel Center # 279,520-377-0001,2007,Rio Rico,AZ,Pilot,( AZ 289 ),I-19 Exit 12 ,Exit,12,False,,False,I-19,,,,,"[72, 540]","[72, 540]","[42, 72, 102, 540, 573]","[17, 42, 59, 72, 210, 388, 405, 502, 535, 540, 680, 838, 854]","[0, 1, 2, 3, 4, 5, 6, 7, 8, 9, 10, 11, 12, 13, 14, 15, 16, 17, 18, 19, 20, 21, 22, 23, 24, 25, 26, 27, 28, 29, 30, 31, 32, 33, 34, 35, 36, 37, 38, 39, 40, 41, 42, 43, 44, 45, 46, 47, 48, 49, 50, 51, 52, 53, 54, 55, 56, 57, 58, 59, 60, 61, 62, 63, 64, 65, 66, 67, 68, 69, 70, 71, 72, 73, 74, 75, 76, 77, 78, 79, 80, 81, 82, 83, 84, 85, 86, 87, 88, 89, 90, 91, 92, 93, 94, 95, 96, 97, 98, 99, 100, 101, 102, 485, 486, 487, 488, 489, 490, 491, 492, 493, 494, 495, 496, 497, 498, 499, 500, 501, 502, 503, 504, 505, 506, 507, 508, 509, 510, 511, 512, 513, 514, 515, 516, 517, 518, 519, 520, 521, 522, 523, 524, 525, 526, 527, 528, 529, 530, 531, 532, 533, 534, 535, 536, 537, 538, 539, 540, 541, 542, 543, 544, 545, 546, 547, 548, 549, 550, 551, 552, 553, 554, 555, 556, 557, 558, 559, 560, 561, 562, 563, 564, 565, 566, 567, 568, 569, 570, 571, 572, 573]","[42, 72, 540]","[15, 16, 65, 66, 67, 68, 69, 70, 71, 72, 73, 74, 75, 76, 80, 151, 245, 246, 247, 248, 249, 250, 251, 252, 253, 254, 255, 256, 257, 258, 259, 280, 340, 373, 374, 375, 376, 377, 459, 460, 461, 462, 500, 501, 539, 540, 541, 542, 543, 544, 545, 546, 547, 548, 549, 550, 552, 622, 708, 709, 710, 711, 712, 713, 714, 715, 716, 717, 718, 719, 720, 739, 796, 823, 824, 825, 826, 827, 906, 907, 908, 909]","[15, 16, 65, 66, 67, 68, 69, 70, 71, 72, 73, 74, 75, 76, 77, 78, 80, 151, 244, 245, 246, 247, 248, 249, 250, 251, 252, 253, 254, 255, 256, 257, 258, 259, 260, 280, 340, 373, 374, 375, 376, 377, 459, 460, 461, 462, 500, 501, 539, 540, 541, 542, 543, 544, 545, 546, 547, 548, 549, 550, 552, 622, 708, 709, 710, 711, 712, 713, 714, 715, 716, 717, 718, 719, 720, 739, 796, 823, 824, 825, 826, 827, 906, 907, 908, 909]","[0, 1, 2, 3, 4, 5, 6, 7, 8, 9, 10, 11, 12, 13, 14, 15, 16, 17, 18, 19, 20, 21, 22, 535, 23, 24, 25, 26, 540, 27, 28, 29, 30, 31, 32, 33, 34, 35, 36, 37, 38, 39, 42, 40, 41, 43, 44, 45, 46, 47, 48, 49, 50, 51, 52, 53, 54, 55, 56, 59, 57, 573, 58, 60, 61, 62, 63, 64, 65, 66, 67, 68, 72, 69, 70, 71, 73, 74, 75, 76, 77, 78, 79, 80, 81, 82, 83, 84, 85, 86, 87, 88, 89, 90, 91, 92, 93, 94, 95, 96, 97, 98, 102, 99, 100, 101, 528, 529, 530, 622, 513, 531, 532, 533, 534, 514, 536, 537, 538, 151, 539, 515, 541, 542, 680, 543, 544, 545, 516, 546, 547, 708, 709, 548, 710, 711, 712, 713, 549, 714, 715, 716, 717, 550, 718, 210, 517, 719, 551, 720, 552, 553, 739, 554, 555, 518, 556, 557, 244, 245, 246, 247, 558, 248, 249, 250, 251, 559, 252, 253, 254, 255, 560, 256, 257, 519, 258, 561, 259, 260, 562, 563, 564, 280, 565, 796, 520, 566, 567, 568, 569, 570, 521, 823, 571, 824, 825, 826, 827, 572, 838, 522, 340, 854, 523, 373, 374, 375, 376, 377, 524, 388, 906, 907, 908, 909, 405, 525, 512, 526, 459, 460, 527, 461, 462, 485, 486, 487, 488, 489, 490, 491, 492, 493, 494, 495, 496, 497, 498, 499, 500, 501, 502, 503, 504, 505, 506, 507, 508, 509, 510, 511]",True,"[72, 540]","[0, 1, 2, 3, 4, 5, 6, 7, 8, 9, 10, 11, 12, 13, 14, 15, 16, 17, 18, 19, 20, 21, 22, 23, 24, 25, 26, 27, 28, 29, 30, 31, 32, 33, 34, 35, 36, 37, 38, 39, 40, 41, 42, 43, 44, 45, 46, 47, 48, 49, 50, 51, 52, 53, 54, 55, 56, 57, 58, 59, 60, 61, 62, 63, 64, 65, 66, 67, 68, 69, 70, 71, 72, 73, 74, 75, 76, 77, 78, 79, 80, 81, 82, 83, 84, 85, 86, 87, 88, 89, 90, 91, 92, 93, 94, 95, 96, 97, 98, 99, 100, 101, 102, 485, 486, 487, 488, 489, 490, 491, 492, 493, 494, 495, 496, 497, 498, 499, 500, 501, 502, 503, 504, 505, 506, 507, 508, 509, 510, 511, 512, 513, 514, 515, 516, 517, 518, 519, 520, 521, 522, 523, 524, 525, 526, 527, 528, 529, 530, 531, 532, 533, 534, 535, 536, 537, 538, 539, 540, 541, 542, 543, 544, 545, 546, 547, 548, 549, 550, 551, 552, 553, 554, 555, 556, 557, 558, 559, 560, 561, 562, 563, 564, 565, 566, 567, 568, 569, 570, 571, 572, 573]","[42, 72, 102, 540, 573]","[17, 42, 59, 72, 210, 388, 405, 502, 535, 540, 680, 838, 854]","[42, 72, 540]","[15, 16, 65, 66, 67, 68, 69, 70, 71, 72, 73, 74, 75, 76, 77, 78, 80, 151, 244, 245, 246, 247, 248, 249, 250, 251, 252, 253, 254, 255, 256, 257, 258, 259, 260, 280, 340, 373, 374, 375, 376, 377, 459, 460, 461, 462, 500, 501, 539, 540, 541, 542, 543, 544, 545, 546, 547, 548, 549, 550, 552, 622, 708, 709, 710, 711, 712, 713, 714, 715, 716, 717, 718, 719, 720, 739, 796, 823, 824, 825, 826, 827, 906, 907, 908, 909]","[15, 16, 65, 66, 67, 68, 69, 70, 71, 72, 73, 74, 75, 76, 80, 151, 245, 246, 247, 248, 249, 250, 251, 252, 253, 254, 255, 256, 257, 258, 259, 280, 340, 373, 374, 375, 376, 377, 459, 460, 461, 462, 500, 501, 539, 540, 541, 542, 543, 544, 545, 546, 547, 548, 549, 550, 552, 622, 708, 709, 710, 711, 712, 713, 714, 715, 716, 717, 718, 719, 720, 739, 796, 823, 824, 825, 826, 827, 906, 907, 908, 909]",7/6 successful match,True,[510],True,172,False,,1.0,True,Pilot Travel Center # 279,Pilot
"Nogales ( North ) , 85648 Pilot Travel Center # 279",5 520-377-0001 I-19 Exit 12 ( AZ 289 ),HRS 24 M,Nogales,85648,Pilot Travel Center # 279,520-377-0001,2008,Rio Rico,AZ,Pilot,( AZ 289 ),I-19 Exit 12 ,Exit,12,False,,False,I-19,,,,,"[72, 540]","[72, 540]","[42, 72, 102, 540, 573]","[17, 42, 59, 72, 210, 388, 405, 502, 535, 540, 680, 838, 854]","[0, 1, 2, 3, 4, 5, 6, 7, 8, 9, 10, 11, 12, 13, 14, 15, 16, 17, 18, 19, 20, 21, 22, 23, 24, 25, 26, 27, 28, 29, 30, 31, 32, 33, 34, 35, 36, 37, 38, 39, 40, 41, 42, 43, 44, 45, 46, 47, 48, 49, 50, 51, 52, 53, 54, 55, 56, 57, 58, 59, 60, 61, 62, 63, 64, 65, 66, 67, 68, 69, 70, 71, 72, 73, 74, 75, 76, 77, 78, 79, 80, 81, 82, 83, 84, 85, 86, 87, 88, 89, 90, 91, 92, 93, 94, 95, 96, 97, 98, 99, 100, 101, 102, 485, 486, 487, 488, 489, 490, 491, 492, 493, 494, 495, 496, 497, 498, 499, 500, 501, 502, 503, 504, 505, 506, 507, 508, 509, 510, 511, 512, 513, 514, 515, 516, 517, 518, 519, 520, 521, 522, 523, 524, 525, 526, 527, 528, 529, 530, 531, 532, 533, 534, 535, 536, 537, 538, 539, 540, 541, 542, 543, 544, 545, 546, 547, 548, 549, 550, 551, 552, 553, 554, 555, 556, 557, 558, 559, 560, 561, 562, 563, 564, 565, 566, 567, 568, 569, 570, 571, 572, 573]","[42, 72, 540]","[15, 16, 65, 66, 67, 68, 69, 70, 71, 72, 73, 74, 75, 76, 80, 151, 245, 246, 247, 248, 249, 250, 251, 252, 253, 254, 255, 256, 257, 258, 259, 280, 340, 373, 374, 375, 376, 377, 459, 460, 461, 462, 500, 501, 539, 540, 541, 542, 543, 544, 545, 546, 547, 548, 549, 550, 552, 622, 708, 709, 710, 711, 712, 713, 714, 715, 716, 717, 718, 719, 720, 739, 796, 823, 824, 825, 826, 827, 906, 907, 908, 909]","[15, 16, 65, 66, 67, 68, 69, 70, 71, 72, 73, 74, 75, 76, 77, 78, 80, 151, 244, 245, 246, 247, 248, 249, 250, 251, 252, 253, 254, 255, 256, 257, 258, 259, 260, 280, 340, 373, 374, 375, 376, 377, 459, 460, 461, 462, 500, 501, 539, 540, 541, 542, 543, 544, 545, 546, 547, 548, 549, 550, 552, 622, 708, 709, 710, 711, 712, 713, 714, 715, 716, 717, 718, 719, 720, 739, 796, 823, 824, 825, 826, 827, 906, 907, 908, 909]","[0, 1, 2, 3, 4, 5, 6, 7, 8, 9, 10, 11, 12, 13, 14, 15, 16, 17, 18, 19, 20, 21, 22, 535, 23, 24, 25, 26, 540, 27, 28, 29, 30, 31, 32, 33, 34, 35, 36, 37, 38, 39, 42, 40, 41, 43, 44, 45, 46, 47, 48, 49, 50, 51, 52, 53, 54, 55, 56, 59, 57, 573, 58, 60, 61, 62, 63, 64, 65, 66, 67, 68, 72, 69, 70, 71, 73, 74, 75, 76, 77, 78, 79, 80, 81, 82, 83, 84, 85, 86, 87, 88, 89, 90, 91, 92, 93, 94, 95, 96, 97, 98, 102, 99, 100, 101, 528, 529, 530, 622, 513, 531, 532, 533, 534, 514, 536, 537, 538, 151, 539, 515, 541, 542, 680, 543, 544, 545, 516, 546, 547, 708, 709, 548, 710, 711, 712, 713, 549, 714, 715, 716, 717, 550, 718, 210, 517, 719, 551, 720, 552, 553, 739, 554, 555, 518, 556, 557, 244, 245, 246, 247, 558, 248, 249, 250, 251, 559, 252, 253, 254, 255, 560, 256, 257, 519, 258, 561, 259, 260, 562, 563, 564, 280, 565, 796, 520, 566, 567, 568, 569, 570, 521, 823, 571, 824, 825, 826, 827, 572, 838, 522, 340, 854, 523, 373, 374, 375, 376, 377, 524, 388, 906, 907, 908, 909, 405, 525, 512, 526, 459, 460, 527, 461, 462, 485, 486, 487, 488, 489, 490, 491, 492, 493, 494, 495, 496, 497, 498, 499, 500, 501, 502, 503, 504, 505, 506, 507, 508, 509, 510, 511]",True,"[72, 540]","[0, 1, 2, 3, 4, 5, 6, 7, 8, 9, 10, 11, 12, 13, 14, 15, 16, 17, 18, 19, 20, 21, 22, 23, 24, 25, 26, 27, 28, 29, 30, 31, 32, 33, 34, 35, 36, 37, 38, 39, 40, 41, 42, 43, 44, 45, 46, 47, 48, 49, 50, 51, 52, 53, 54, 55, 56, 57, 58, 59, 60, 61, 62, 63, 64, 65, 66, 67, 68, 69, 70, 71, 72, 73, 74, 75, 76, 77, 78, 79, 80, 81, 82, 83, 84, 85, 86, 87, 88, 89, 90, 91, 92, 93, 94, 95, 96, 97, 98, 99, 100, 101, 102, 485, 486, 487, 488, 489, 490, 491, 492, 493, 494, 495, 496, 497, 498, 499, 500, 501, 502, 503, 504, 505, 506, 507, 508, 509, 510, 511, 512, 513, 514, 515, 516, 517, 518, 519, 520, 521, 522, 523, 524, 525, 526, 527, 528, 529, 530, 531, 532, 533, 534, 535, 536, 537, 538, 539, 540, 541, 542, 543, 544, 545, 546, 547, 548, 549, 550, 551, 552, 553, 554, 555, 556, 557, 558, 559, 560, 561, 562, 563, 564, 565, 566, 567, 568, 569, 570, 571, 572, 573]","[42, 72, 102, 540, 573]","[17, 42, 59, 72, 210, 388, 405, 502, 535, 540, 680, 838, 854]","[42, 72, 540]","[15, 16, 65, 66, 67, 68, 69, 70, 71, 72, 73, 74, 75, 76, 77, 78, 80, 151, 244, 245, 246, 247, 248, 249, 250, 251, 252, 253, 254, 255, 256, 257, 258, 259, 260, 280, 340, 373, 374, 375, 376, 377, 459, 460, 461, 462, 500, 501, 539, 540, 541, 542, 543, 544, 545, 546, 547, 548, 549, 550, 552, 622, 708, 709, 710, 711, 712, 713, 714, 715, 716, 717, 718, 719, 720, 739, 796, 823, 824, 825, 826, 827, 906, 907, 908, 909]","[15, 16, 65, 66, 67, 68, 69, 70, 71, 72, 73, 74, 75, 76, 80, 151, 245, 246, 247, 248, 249, 250, 251, 252, 253, 254, 255, 256, 257, 258, 259, 280, 340, 373, 374, 375, 376, 377, 459, 460, 461, 462, 500, 501, 539, 540, 541, 542, 543, 544, 545, 546, 547, 548, 549, 550, 552, 622, 708, 709, 710, 711, 712, 713, 714, 715, 716, 717, 718, 719, 720, 739, 796, 823, 824, 825, 826, 827, 906, 907, 908, 909]",7/6 successful match,True,[510],True,172,False,,1.0,True,. Pilot Travel Center # 279,Pilot
Nogales ( North ) ( 85648 ) Pilot Travel Center # 279,5 520-377-0001 I-19 Exit 12 ( AZ 289 ),Plot FOLS 24 <U+2610> LO <U+2610>,Nogales,85648,Pilot Travel Center # 279,520-377-0001,2014,Rio Rico,AZ,Pilot,( AZ 289 ),I-19 Exit 12 ,Exit,12,False,,False,I-19,,,,,"[72, 540]","[72, 540]","[42, 72, 102, 540, 573]","[17, 42, 59, 72, 210, 388, 405, 502, 535, 540, 680, 838, 854]","[0, 1, 2, 3, 4, 5, 6, 7, 8, 9, 10, 11, 12, 13, 14, 15, 16, 17, 18, 19, 20, 21, 22, 23, 24, 25, 26, 27, 28, 29, 30, 31, 32, 33, 34, 35, 36, 37, 38, 39, 40, 41, 42, 43, 44, 45, 46, 47, 48, 49, 50, 51, 52, 53, 54, 55, 56, 57, 58, 59, 60, 61, 62, 63, 64, 65, 66, 67, 68, 69, 70, 71, 72, 73, 74, 75, 76, 77, 78, 79, 80, 81, 82, 83, 84, 85, 86, 87, 88, 89, 90, 91, 92, 93, 94, 95, 96, 97, 98, 99, 100, 101, 102, 485, 486, 487, 488, 489, 490, 491, 492, 493, 494, 495, 496, 497, 498, 499, 500, 501, 502, 503, 504, 505, 506, 507, 508, 509, 510, 511, 512, 513, 514, 515, 516, 517, 518, 519, 520, 521, 522, 523, 524, 525, 526, 527, 528, 529, 530, 531, 532, 533, 534, 535, 536, 537, 538, 539, 540, 541, 542, 543, 544, 545, 546, 547, 548, 549, 550, 551, 552, 553, 554, 555, 556, 557, 558, 559, 560, 561, 562, 563, 564, 565, 566, 567, 568, 569, 570, 571, 572, 573]","[42, 72, 540]","[15, 16, 65, 66, 67, 68, 69, 70, 71, 72, 73, 74, 75, 76, 80, 151, 245, 246, 247, 248, 249, 250, 251, 252, 253, 254, 255, 256, 257, 258, 259, 280, 340, 373, 374, 375, 376, 377, 459, 460, 461, 462, 500, 501, 539, 540, 541, 542, 543, 544, 545, 546, 547, 548, 549, 550, 552, 622, 708, 709, 710, 711, 712, 713, 714, 715, 716, 717, 718, 719, 720, 739, 796, 823, 824, 825, 826, 827, 906, 907, 908, 909]","[15, 16, 65, 66, 67, 68, 69, 70, 71, 72, 73, 74, 75, 76, 77, 78, 80, 151, 244, 245, 246, 247, 248, 249, 250, 251, 252, 253, 254, 255, 256, 257, 258, 259, 260, 280, 340, 373, 374, 375, 376, 377, 459, 460, 461, 462, 500, 501, 539, 540, 541, 542, 543, 544, 545, 546, 547, 548, 549, 550, 552, 622, 708, 709, 710, 711, 712, 713, 714, 715, 716, 717, 718, 719, 720, 739, 796, 823, 824, 825, 826, 827, 906, 907, 908, 909]","[0, 1, 2, 3, 4, 5, 6, 7, 8, 9, 10, 11, 12, 13, 14, 15, 16, 17, 18, 19, 20, 21, 22, 535, 23, 24, 25, 26, 540, 27, 28, 29, 30, 31, 32, 33, 34, 35, 36, 37, 38, 39, 42, 40, 41, 43, 44, 45, 46, 47, 48, 49, 50, 51, 52, 53, 54, 55, 56, 59, 57, 573, 58, 60, 61, 62, 63, 64, 65, 66, 67, 68, 72, 69, 70, 71, 73, 74, 75, 76, 77, 78, 79, 80, 81, 82, 83, 84, 85, 86, 87, 88, 89, 90, 91, 92, 93, 94, 95, 96, 97, 98, 102, 99, 100, 101, 528, 529, 530, 622, 513, 531, 532, 533, 534, 514, 536, 537, 538, 151, 539, 515, 541, 542, 680, 543, 544, 545, 516, 546, 547, 708, 709, 548, 710, 711, 712, 713, 549, 714, 715, 716, 717, 550, 718, 210, 517, 719, 551, 720, 552, 553, 739, 554, 555, 518, 556, 557, 244, 245, 246, 247, 558, 248, 249, 250, 251, 559, 252, 253, 254, 255, 560, 256, 257, 519, 258, 561, 259, 260, 562, 563, 564, 280, 565, 796, 520, 566, 567, 568, 569, 570, 521, 823, 571, 824, 825, 826, 827, 572, 838, 522, 340, 854, 523, 373, 374, 375, 376, 377, 524, 388, 906, 907, 908, 909, 405, 525, 512, 526, 459, 460, 527, 461, 462, 485, 486, 487, 488, 489, 490, 491, 492, 493, 494, 495, 496, 497, 498, 499, 500, 501, 502, 503, 504, 505, 506, 507, 508, 509, 510, 511]",True,"[72, 540]","[0, 1, 2, 3, 4, 5, 6, 7, 8, 9, 10, 11, 12, 13, 14, 15, 16, 17, 18, 19, 20, 21, 22, 23, 24, 25, 26, 27, 28, 29, 30, 31, 32, 33, 34, 35, 36, 37, 38, 39, 40, 41, 42, 43, 44, 45, 46, 47, 48, 49, 50, 51, 52, 53, 54, 55, 56, 57, 58, 59, 60, 61, 62, 63, 64, 65, 66, 67, 68, 69, 70, 71, 72, 73, 74, 75, 76, 77, 78, 79, 80, 81, 82, 83, 84, 85, 86, 87, 88, 89, 90, 91, 92, 93, 94, 95, 96, 97, 98, 99, 100, 101, 102, 485, 486, 487, 488, 489, 490, 491, 492, 493, 494, 495, 496, 497, 498, 499, 500, 501, 502, 503, 504, 505, 506, 507, 508, 509, 510, 511, 512, 513, 514, 515, 516, 517, 518, 519, 520, 521, 522, 523, 524, 525, 526, 527, 528, 529, 530, 531, 532, 533, 534, 535, 536, 537, 538, 539, 540, 541, 542, 543, 544, 545, 546, 547, 548, 549, 550, 551, 552, 553, 554, 555, 556, 557, 558, 559, 560, 561, 562, 563, 564, 565, 566, 567, 568, 569, 570, 571, 572, 573]","[42, 72, 102, 540, 573]","[17, 42, 59, 72, 210, 388, 405, 502, 535, 540, 680, 838, 854]","[42, 72, 540]","[15, 16, 65, 66, 67, 68, 69, 70, 71, 72, 73, 74, 75, 76, 77, 78, 80, 151, 244, 245, 246, 247, 248, 249, 250, 251, 252, 253, 254, 255, 256, 257, 258, 259, 260, 280, 340, 373, 374, 375, 376, 377, 459, 460, 461, 462, 500, 501, 539, 540, 541, 542, 543, 544, 545, 546, 547, 548, 549, 550, 552, 622, 708, 709, 710, 711, 712, 713, 714, 715, 716, 717, 718, 719, 720, 739, 796, 823, 824, 825, 826, 827, 906, 907, 908, 909]","[15, 16, 65, 66, 67, 68, 69, 70, 71, 72, 73, 74, 75, 76, 80, 151, 245, 246, 247, 248, 249, 250, 251, 252, 253, 254, 255, 256, 257, 258, 259, 280, 340, 373, 374, 375, 376, 377, 459, 460, 461, 462, 500, 501, 539, 540, 541, 542, 543, 544, 545, 546, 547, 548, 549, 550, 552, 622, 708, 709, 710, 711, 712, 713, 714, 715, 716, 717, 718, 719, 720, 739, 796, 823, 824, 825, 826, 827, 906, 907, 908, 909]",7/6 successful match,True,[510],True,172,False,,1.0,True,Pilot Travel Center # 279,Pilot
Nogales ( North ) ( 85648 ) Pilot Travel Center # 279,5 520-377-0001 I-19 Exit 12 ( AZ 289 ) pilot,24 <U+2610> LO <U+2610>,Nogales,85648,Pilot Travel Center # 279,520-377-0001,2015,Rio Rico,AZ,Pilot,( AZ 289 ) pilot,I-19 Exit 12 ,Exit,12,False,,False,I-19,,,,,"[72, 540]","[72, 540]","[42, 72, 102, 540, 573]","[17, 42, 59, 72, 210, 388, 405, 502, 535, 540, 680, 838, 854]","[0, 1, 2, 3, 4, 5, 6, 7, 8, 9, 10, 11, 12, 13, 14, 15, 16, 17, 18, 19, 20, 21, 22, 23, 24, 25, 26, 27, 28, 29, 30, 31, 32, 33, 34, 35, 36, 37, 38, 39, 40, 41, 42, 43, 44, 45, 46, 47, 48, 49, 50, 51, 52, 53, 54, 55, 56, 57, 58, 59, 60, 61, 62, 63, 64, 65, 66, 67, 68, 69, 70, 71, 72, 73, 74, 75, 76, 77, 78, 79, 80, 81, 82, 83, 84, 85, 86, 87, 88, 89, 90, 91, 92, 93, 94, 95, 96, 97, 98, 99, 100, 101, 102, 485, 486, 487, 488, 489, 490, 491, 492, 493, 494, 495, 496, 497, 498, 499, 500, 501, 502, 503, 504, 505, 506, 507, 508, 509, 510, 511, 512, 513, 514, 515, 516, 517, 518, 519, 520, 521, 522, 523, 524, 525, 526, 527, 528, 529, 530, 531, 532, 533, 534, 535, 536, 537, 538, 539, 540, 541, 542, 543, 544, 545, 546, 547, 548, 549, 550, 551, 552, 553, 554, 555, 556, 557, 558, 559, 560, 561, 562, 563, 564, 565, 566, 567, 568, 569, 570, 571, 572, 573]","[42, 72, 540]","[15, 16, 65, 66, 67, 68, 69, 70, 71, 72, 73, 74, 75, 76, 80, 151, 245, 246, 247, 248, 249, 250, 251, 252, 253, 254, 255, 256, 257, 258, 259, 280, 340, 373, 374, 375, 376, 377, 459, 460, 461, 462, 500, 501, 539, 540, 541, 542, 543, 544, 545, 546, 547, 548, 549, 550, 552, 622, 708, 709, 710, 711, 712, 713, 714, 715, 716, 717, 718, 719, 720, 739, 796, 823, 824, 825, 826, 827, 906, 907, 908, 909]","[15, 16, 65, 66, 67, 68, 69, 70, 71, 72, 73, 74, 75, 76, 77, 78, 80, 151, 244, 245, 246, 247, 248, 249, 250, 251, 252, 253, 254, 255, 256, 257, 258, 259, 260, 280, 340, 373, 374, 375, 376, 377, 459, 460, 461, 462, 500, 501, 539, 540, 541, 542, 543, 544, 545, 546, 547, 548, 549, 550, 552, 622, 708, 709, 710, 711, 712, 713, 714, 715, 716, 717, 718, 719, 720, 739, 796, 823, 824, 825, 826, 827, 906, 907, 908, 909]","[0, 1, 2, 3, 4, 5, 6, 7, 8, 9, 10, 11, 12, 13, 14, 15, 16, 17, 18, 19, 20, 21, 22, 535, 23, 24, 25, 26, 540, 27, 28, 29, 30, 31, 32, 33, 34, 35, 36, 37, 38, 39, 42, 40, 41, 43, 44, 45, 46, 47, 48, 49, 50, 51, 52, 53, 54, 55, 56, 59, 57, 573, 58, 60, 61, 62, 63, 64, 65, 66, 67, 68, 72, 69, 70, 71, 73, 74, 75, 76, 77, 78, 79, 80, 81, 82, 83, 84, 85, 86, 87, 88, 89, 90, 91, 92, 93, 94, 95, 96, 97, 98, 102, 99, 100, 101, 528, 529, 530, 622, 513, 531, 532, 533, 534, 514, 536, 537, 538, 151, 539, 515, 541, 542, 680, 543, 544, 545, 516, 546, 547, 708, 709, 548, 710, 711, 712, 713, 549, 714, 715, 716, 717, 550, 718, 210, 517, 719, 551, 720, 552, 553, 739, 554, 555, 518, 556, 557, 244, 245, 246, 247, 558, 248, 249, 250, 251, 559, 252, 253, 254, 255, 560, 256, 257, 519, 258, 561, 259, 260, 562, 563, 564, 280, 565, 796, 520, 566, 567, 568, 569, 570, 521, 823, 571, 824, 825, 826, 827, 572, 838, 522, 340, 854, 523, 373, 374, 375, 376, 377, 524, 388, 906, 907, 908, 909, 405, 525, 512, 526, 459, 460, 527, 461, 462, 485, 486, 487, 488, 489, 490, 491, 492, 493, 494, 495, 496, 497, 498, 499, 500, 501, 502, 503, 504, 505, 506, 507, 508, 509, 510, 511]",True,"[72, 540]","[0, 1, 2, 3, 4, 5, 6, 7, 8, 9, 10, 11, 12, 13, 14, 15, 16, 17, 18, 19, 20, 21, 22, 23, 24, 25, 26, 27, 28, 29, 30, 31, 32, 33, 34, 35, 36, 37, 38, 39, 40, 41, 42, 43, 44, 45, 46, 47, 48, 49, 50, 51, 52, 53, 54, 55, 56, 57, 58, 59, 60, 61, 62, 63, 64, 65, 66, 67, 68, 69, 70, 71, 72, 73, 74, 75, 76, 77, 78, 79, 80, 81, 82, 83, 84, 85, 86, 87, 88, 89, 90, 91, 92, 93, 94, 95, 96, 97, 98, 99, 100, 101, 102, 485, 486, 487, 488, 489, 490, 491, 492, 493, 494, 495, 496, 497, 498, 499, 500, 501, 502, 503, 504, 505, 506, 507, 508, 509, 510, 511, 512, 513, 514, 515, 516, 517, 518, 519, 520, 521, 522, 523, 524, 525, 526, 527, 528, 529, 530, 531, 532, 533, 534, 535, 536, 537, 538, 539, 540, 541, 542, 543, 544, 545, 546, 547, 548, 549, 550, 551, 552, 553, 554, 555, 556, 557, 558, 559, 560, 561, 562, 563, 564, 565, 566, 567, 568, 569, 570, 571, 572, 573]","[42, 72, 102, 540, 573]","[17, 42, 59, 72, 210, 388, 405, 502, 535, 540, 680, 838, 854]","[42, 72, 540]","[15, 16, 65, 66, 67, 68, 69, 70, 71, 72, 73, 74, 75, 76, 77, 78, 80, 151, 244, 245, 246, 247, 248, 249, 250, 251, 252, 253, 254, 255, 256, 257, 258, 259, 260, 280, 340, 373, 374, 375, 376, 377, 459, 460, 461, 462, 500, 501, 539, 540, 541, 542, 543, 544, 545, 546, 547, 548, 549, 550, 552, 622, 708, 709, 710, 711, 712, 713, 714, 715, 716, 717, 718, 719, 720, 739, 796, 823, 824, 825, 826, 827, 906, 907, 908, 909]","[15, 16, 65, 66, 67, 68, 69, 70, 71, 72, 73, 74, 75, 76, 80, 151, 245, 246, 247, 248, 249, 250, 251, 252, 253, 254, 255, 256, 257, 258, 259, 280, 340, 373, 374, 375, 376, 377, 459, 460, 461, 462, 500, 501, 539, 540, 541, 542, 543, 544, 545, 546, 547, 548, 549, 550, 552, 622, 708, 709, 710, 711, 712, 713, 714, 715, 716, 717, 718, 719, 720, 739, 796, 823, 824, 825, 826, 827, 906, 907, 908, 909]",7/6 successful match,True,[510],True,172,False,,1.0,True,Pilot Travel Center # 279,Pilot
Nogales ( North ) ( 85648 ) Pilot Travel Center # 279,51520-377-0001 I-19 Exit 12 ( AZ 289 ),Pilat 24 <U+2610> OLO,Nogales,85648,Pilot Travel Center # 279,520-377-0001,2016,Rio Rico,AZ,Pilot,( AZ 289 ),I-19 Exit 12 ,Exit,12,False,,False,I-19,,,,,"[72, 540]","[72, 540]","[42, 72, 102, 540, 573]","[17, 42, 59, 72, 210, 388, 405, 502, 535, 540, 680, 838, 854]","[0, 1, 2, 3, 4, 5, 6, 7, 8, 9, 10, 11, 12, 13, 14, 15, 16, 17, 18, 19, 20, 21, 22, 23, 24, 25, 26, 27, 28, 29, 30, 31, 32, 33, 34, 35, 36, 37, 38, 39, 40, 41, 42, 43, 44, 45, 46, 47, 48, 49, 50, 51, 52, 53, 54, 55, 56, 57, 58, 59, 60, 61, 62, 63, 64, 65, 66, 67, 68, 69, 70, 71, 72, 73, 74, 75, 76, 77, 78, 79, 80, 81, 82, 83, 84, 85, 86, 87, 88, 89, 90, 91, 92, 93, 94, 95, 96, 97, 98, 99, 100, 101, 102, 485, 486, 487, 488, 489, 490, 491, 492, 493, 494, 495, 496, 497, 498, 499, 500, 501, 502, 503, 504, 505, 506, 507, 508, 509, 510, 511, 512, 513, 514, 515, 516, 517, 518, 519, 520, 521, 522, 523, 524, 525, 526, 527, 528, 529, 530, 531, 532, 533, 534, 535, 536, 537, 538, 539, 540, 541, 542, 543, 544, 545, 546, 547, 548, 549, 550, 551, 552, 553, 554, 555, 556, 557, 558, 559, 560, 561, 562, 563, 564, 565, 566, 567, 568, 569, 570, 571, 572, 573]","[42, 72, 540]","[15, 16, 65, 66, 67, 68, 69, 70, 71, 72, 73, 74, 75, 76, 80, 151, 245, 246, 247, 248, 249, 250, 251, 252, 253, 254, 255, 256, 257, 258, 259, 280, 340, 373, 374, 375, 376, 377, 459, 460, 461, 462, 500, 501, 539, 540, 541, 542, 543, 544, 545, 546, 547, 548, 549, 550, 552, 622, 708, 709, 710, 711, 712, 713, 714, 715, 716, 717, 718, 719, 720, 739, 796, 823, 824, 825, 826, 827, 906, 907, 908, 909]","[15, 16, 65, 66, 67, 68, 69, 70, 71, 72, 73, 74, 75, 76, 77, 78, 80, 151, 244, 245, 246, 247, 248, 249, 250, 251, 252, 253, 254, 255, 256, 257, 258, 259, 260, 280, 340, 373, 374, 375, 376, 377, 459, 460, 461, 462, 500, 501, 539, 540, 541, 542, 543, 544, 545, 546, 547, 548, 549, 550, 552, 622, 708, 709, 710, 711, 712, 713, 714, 715, 716, 717, 718, 719, 720, 739, 796, 823, 824, 825, 826, 827, 906, 907, 908, 909]","[0, 1, 2, 3, 4, 5, 6, 7, 8, 9, 10, 11, 12, 13, 14, 15, 16, 17, 18, 19, 20, 21, 22, 535, 23, 24, 25, 26, 540, 27, 28, 29, 30, 31, 32, 33, 34, 35, 36, 37, 38, 39, 42, 40, 41, 43, 44, 45, 46, 47, 48, 49, 50, 51, 52, 53, 54, 55, 56, 59, 57, 573, 58, 60, 61, 62, 63, 64, 65, 66, 67, 68, 72, 69, 70, 71, 73, 74, 75, 76, 77, 78, 79, 80, 81, 82, 83, 84, 85, 86, 87, 88, 89, 90, 91, 92, 93, 94, 95, 96, 97, 98, 102, 99, 100, 101, 528, 529, 530, 622, 513, 531, 532, 533, 534, 514, 536, 537, 538, 151, 539, 515, 541, 542, 680, 543, 544, 545, 516, 546, 547, 708, 709, 548, 710, 711, 712, 713, 549, 714, 715, 716, 717, 550, 718, 210, 517, 719, 551, 720, 552, 553, 739, 554, 555, 518, 556, 557, 244, 245, 246, 247, 558, 248, 249, 250, 251, 559, 252, 253, 254, 255, 560, 256, 257, 519, 258, 561, 259, 260, 562, 563, 564, 280, 565, 796, 520, 566, 567, 568, 569, 570, 521, 823, 571, 824, 825, 826, 827, 572, 838, 522, 340, 854, 523, 373, 374, 375, 376, 377, 524, 388, 906, 907, 908, 909, 405, 525, 512, 526, 459, 460, 527, 461, 462, 485, 486, 487, 488, 489, 490, 491, 492, 493, 494, 495, 496, 497, 498, 499, 500, 501, 502, 503, 504, 505, 506, 507, 508, 509, 510, 511]",True,"[72, 540]","[0, 1, 2, 3, 4, 5, 6, 7, 8, 9, 10, 11, 12, 13, 14, 15, 16, 17, 18, 19, 20, 21, 22, 23, 24, 25, 26, 27, 28, 29, 30, 31, 32, 33, 34, 35, 36, 37, 38, 39, 40, 41, 42, 43, 44, 45, 46, 47, 48, 49, 50, 51, 52, 53, 54, 55, 56, 57, 58, 59, 60, 61, 62, 63, 64, 65, 66, 67, 68, 69, 70, 71, 72, 73, 74, 75, 76, 77, 78, 79, 80, 81, 82, 83, 84, 85, 86, 87, 88, 89, 90, 91, 92, 93, 94, 95, 96, 97, 98, 99, 100, 101, 102, 485, 486, 487, 488, 489, 490, 491, 492, 493, 494, 495, 496, 497, 498, 499, 500, 501, 502, 503, 504, 505, 506, 507, 508, 509, 510, 511, 512, 513, 514, 515, 516, 517, 518, 519, 520, 521, 522, 523, 524, 525, 526, 527, 528, 529, 530, 531, 532, 533, 534, 535, 536, 537, 538, 539, 540, 541, 542, 543, 544, 545, 546, 547, 548, 549, 550, 551, 552, 553, 554, 555, 556, 557, 558, 559, 560, 561, 562, 563, 564, 565, 566, 567, 568, 569, 570, 571, 572, 573]","[42, 72, 102, 540, 573]","[17, 42, 59, 72, 210, 388, 405, 502, 535, 540, 680, 838, 854]","[42, 72, 540]","[15, 16, 65, 66, 67, 68, 69, 70, 71, 72, 73, 74, 75, 76, 77, 78, 80, 151, 244, 245, 246, 247, 248, 249, 250, 251, 252, 253, 254, 255, 256, 257, 258, 259, 260, 280, 340, 373, 374, 375, 376, 377, 459, 460, 461, 462, 500, 501, 539, 540, 541, 542, 543, 544, 545, 546, 547, 548, 549, 550, 552, 622, 708, 709, 710, 711, 712, 713, 714, 715, 716, 717, 718, 719, 720, 739, 796, 823, 824, 825, 826, 827, 906, 907, 908, 909]","[15, 16, 65, 66, 67, 68, 69, 70, 71, 72, 73, 74, 75, 76, 80, 151, 245, 246, 247, 248, 249, 250, 251, 252, 253, 254, 255, 256, 257, 258, 259, 280, 340, 373, 374, 375, 376, 377, 459, 460, 461, 462, 500, 501, 539, 540, 541, 542, 543, 544, 545, 546, 547, 548, 549, 550, 552, 622, 708, 709, 710, 711, 712, 713, 714, 715, 716, 717, 718, 719, 720, 739, 796, 823, 824, 825, 826, 827, 906, 907, 908, 909]",7/6 successful match,True,[510],True,172,False,,1.0,True,Pilot Travel Center # 279,Pilot
"Tucson , 85706 Tucson Truck Terminal ( Triple T )",5 520-574-0050 I-10 Exit 268 ( Craycroft ),48 XL 24,Tucson,85706,Tucson Truck Terminal ( Triple T ),520-574-0050,2006,Tucson,AZ,,( Craycroft ),I-10 Exit 268 ,Exit,268,False,,False,I-10,,,,,"[570, 99]",[],"[65, 76, 99, 539, 550, 570]","[76, 99, 550, 570]","[0, 1, 2, 3, 4, 5, 6, 7, 8, 9, 10, 11, 12, 13, 14, 15, 16, 17, 18, 19, 20, 21, 22, 23, 24, 25, 26, 27, 28, 29, 30, 31, 32, 33, 34, 35, 36, 37, 38, 39, 40, 41, 42, 43, 44, 45, 46, 47, 48, 49, 50, 51, 52, 53, 54, 55, 56, 57, 58, 59, 60, 61, 62, 63, 64, 65, 66, 67, 68, 69, 70, 71, 72, 73, 74, 75, 76, 77, 78, 79, 80, 81, 82, 83, 84, 85, 86, 87, 88, 89, 90, 91, 92, 93, 94, 95, 96, 97, 98, 99, 100, 101, 102, 485, 486, 487, 488, 489, 490, 491, 492, 493, 494, 495, 496, 497, 498, 499, 500, 501, 502, 503, 504, 505, 506, 507, 508, 509, 510, 511, 512, 513, 514, 515, 516, 517, 518, 519, 520, 521, 522, 523, 524, 525, 526, 527, 528, 529, 530, 531, 532, 533, 534, 535, 536, 537, 538, 539, 540, 541, 542, 543, 544, 545, 546, 547, 548, 549, 550, 551, 552, 553, 554, 555, 556, 557, 558, 559, 560, 561, 562, 563, 564, 565, 566, 567, 568, 569, 570, 571, 572, 573]","[0, 5, 7, 10, 14, 19, 20, 22, 24, 32, 33, 34, 37, 38, 40, 44, 46, 48, 49, 51, 56, 61, 63, 65, 67, 68, 73, 74, 75, 76, 79, 81, 82, 83, 85, 87, 88, 92, 93, 95, 96, 99, 100, 101, 115, 116, 124, 134, 142, 161, 167, 169, 170, 186, 202, 240, 244, 254, 260, 267, 277, 300, 303, 307, 310, 322, 331, 376, 485, 491, 493, 495, 499, 503, 504, 506, 508, 515, 518, 519, 521, 524, 526, 528, 533, 537, 539, 542, 543, 547, 548, 549, 550, 551, 553, 554, 556, 558, 559, 563, 564, 566, 567, 570, 571, 572, 586, 587, 595, 605, 613, 633, 639, 640, 641, 657, 672, 704, 717, 726, 736, 759, 761, 765, 768, 780, 788, 792, 826]",[],"[99, 126, 570, 597]","[0, 1, 2, 3, 4, 5, 6, 7, 8, 9, 10, 11, 12, 13, 14, 15, 16, 17, 18, 19, 20, 21, 22, 23, 24, 25, 26, 539, 27, 28, 29, 30, 31, 32, 33, 34, 35, 36, 550, 37, 38, 39, 40, 41, 42, 43, 44, 45, 46, 47, 48, 49, 50, 51, 52, 53, 54, 55, 570, 56, 57, 58, 59, 60, 61, 65, 62, 63, 64, 66, 67, 68, 69, 70, 71, 72, 76, 73, 74, 75, 77, 78, 79, 80, 81, 82, 83, 84, 85, 86, 87, 88, 89, 90, 91, 92, 93, 94, 95, 99, 96, 97, 98, 100, 101, 102, 528, 529, 530, 613, 513, 531, 115, 116, 532, 633, 533, 124, 126, 534, 639, 640, 641, 535, 134, 514, 536, 537, 142, 657, 538, 540, 672, 515, 541, 161, 542, 167, 169, 170, 543, 544, 545, 516, 186, 546, 704, 547, 548, 202, 549, 717, 517, 551, 726, 552, 553, 736, 554, 555, 518, 556, 240, 557, 244, 759, 558, 761, 559, 254, 765, 768, 560, 260, 519, 561, 267, 562, 780, 563, 788, 277, 564, 792, 565, 520, 566, 567, 568, 300, 569, 303, 307, 310, 521, 571, 826, 572, 322, 573, 331, 522, 523, 376, 524, 586, 587, 525, 512, 595, 526, 597, 527, 605, 485, 486, 487, 488, 489, 490, 491, 492, 493, 494, 495, 496, 497, 498, 499, 500, 501, 502, 503, 504, 505, 506, 507, 508, 509, 510, 511]",True,[],"[0, 1, 2, 3, 4, 5, 6, 7, 8, 9, 10, 11, 12, 13, 14, 15, 16, 17, 18, 19, 20, 21, 22, 23, 24, 25, 26, 27, 28, 29, 30, 31, 32, 33, 34, 35, 36, 37, 38, 39, 40, 41, 42, 43, 44, 45, 46, 47, 48, 49, 50, 51, 52, 53, 54, 55, 56, 57, 58, 59, 60, 61, 62, 63, 64, 65, 66, 67, 68, 69, 70, 71, 72, 73, 74, 75, 76, 77, 78, 79, 80, 81, 82, 83, 84, 85, 86, 87, 88, 89, 90, 91, 92, 93, 94, 95, 96, 97, 98, 99, 100, 101, 102, 485, 486, 487, 488, 489, 490, 491, 492, 493, 494, 495, 496, 497, 498, 499, 500, 501, 502, 503, 504, 505, 506, 507, 508, 509, 510, 511, 512, 513, 514, 515, 516, 517, 518, 519, 520, 521, 522, 523, 524, 525, 526, 527, 528, 529, 530, 531, 532, 533, 534, 535, 536, 537, 538, 539, 540, 541, 542, 543, 544, 545, 546, 547, 548, 549, 550, 551, 552, 553, 554, 555, 556, 557, 558, 559, 560, 561, 562, 563, 564, 565, 566, 567, 568, 569, 570, 571, 572, 573]","[65, 76, 99, 539, 550, 570]","[76, 99, 550, 570]","[0, 5, 7, 10, 14, 19, 20, 22, 24, 32, 33, 34, 37, 38, 40, 44, 46, 48, 49, 51, 56, 61, 63, 65, 67, 68, 73, 74, 75, 76, 79, 81, 82, 83, 85, 87, 88, 92, 93, 95, 96, 99, 100, 101, 115, 116, 124, 134, 142, 161, 167, 169, 170, 186, 202, 240, 244, 254, 260, 267, 277, 300, 303, 307, 310, 322, 331, 376, 485, 491, 493, 495, 499, 503, 504, 506, 508, 515, 518, 519, 521, 524, 526, 528, 533, 537, 539, 542, 543, 547, 548, 549, 550, 551, 553, 554, 556, 558, 559, 563, 564, 566, 567, 570, 571, 572, 586, 587, 595, 605, 613, 633, 639, 640, 641, 657, 672, 704, 717, 726, 736, 759, 761, 765, 768, 780, 788, 792, 826]","[99, 126, 570, 597]",[],7/6 successful match,True,[705],True,173,False,,,,,
"Tucson , 85706 Tucson Truck Terminal ( Triple T ) ( Spirit",520-574-0050 I-10 Exit 268 ( Craycroft ),),Tucson,85706,Tucson Truck Terminal ( Triple T ) ( Spirit,520-574-0050,2007,Tucson,AZ,,( Craycroft ),I-10 Exit 268 ,Exit,268,False,,False,I-10,,,,,"[570, 99]",[],"[65, 76, 99, 539, 550, 570]","[76, 99, 550, 570]","[0, 1, 2, 3, 4, 5, 6, 7, 8, 9, 10, 11, 12, 13, 14, 15, 16, 17, 18, 19, 20, 21, 22, 23, 24, 25, 26, 27, 28, 29, 30, 31, 32, 33, 34, 35, 36, 37, 38, 39, 40, 41, 42, 43, 44, 45, 46, 47, 48, 49, 50, 51, 52, 53, 54, 55, 56, 57, 58, 59, 60, 61, 62, 63, 64, 65, 66, 67, 68, 69, 70, 71, 72, 73, 74, 75, 76, 77, 78, 79, 80, 81, 82, 83, 84, 85, 86, 87, 88, 89, 90, 91, 92, 93, 94, 95, 96, 97, 98, 99, 100, 101, 102, 485, 486, 487, 488, 489, 490, 491, 492, 493, 494, 495, 496, 497, 498, 499, 500, 501, 502, 503, 504, 505, 506, 507, 508, 509, 510, 511, 512, 513, 514, 515, 516, 517, 518, 519, 520, 521, 522, 523, 524, 525, 526, 527, 528, 529, 530, 531, 532, 533, 534, 535, 536, 537, 538, 539, 540, 541, 542, 543, 544, 545, 546, 547, 548, 549, 550, 551, 552, 553, 554, 555, 556, 557, 558, 559, 560, 561, 562, 563, 564, 565, 566, 567, 568, 569, 570, 571, 572, 573]","[0, 5, 7, 10, 14, 19, 20, 22, 24, 32, 33, 34, 37, 38, 40, 44, 46, 48, 49, 51, 56, 61, 63, 65, 67, 68, 73, 74, 75, 76, 79, 81, 82, 83, 85, 87, 88, 92, 93, 95, 96, 99, 100, 101, 115, 116, 124, 134, 142, 161, 167, 169, 170, 186, 202, 240, 244, 254, 260, 267, 277, 300, 303, 307, 310, 322, 331, 376, 485, 491, 493, 495, 499, 503, 504, 506, 508, 515, 518, 519, 521, 524, 526, 528, 533, 537, 539, 542, 543, 547, 548, 549, 550, 551, 553, 554, 556, 558, 559, 563, 564, 566, 567, 570, 571, 572, 586, 587, 595, 605, 613, 633, 639, 640, 641, 657, 672, 704, 717, 726, 736, 759, 761, 765, 768, 780, 788, 792, 826]",[],"[99, 126, 570, 597]","[0, 1, 2, 3, 4, 5, 6, 7, 8, 9, 10, 11, 12, 13, 14, 15, 16, 17, 18, 19, 20, 21, 22, 23, 24, 25, 26, 539, 27, 28, 29, 30, 31, 32, 33, 34, 35, 36, 550, 37, 38, 39, 40, 41, 42, 43, 44, 45, 46, 47, 48, 49, 50, 51, 52, 53, 54, 55, 570, 56, 57, 58, 59, 60, 61, 65, 62, 63, 64, 66, 67, 68, 69, 70, 71, 72, 76, 73, 74, 75, 77, 78, 79, 80, 81, 82, 83, 84, 85, 86, 87, 88, 89, 90, 91, 92, 93, 94, 95, 99, 96, 97, 98, 100, 101, 102, 528, 529, 530, 613, 513, 531, 115, 116, 532, 633, 533, 124, 126, 534, 639, 640, 641, 535, 134, 514, 536, 537, 142, 657, 538, 540, 672, 515, 541, 161, 542, 167, 169, 170, 543, 544, 545, 516, 186, 546, 704, 547, 548, 202, 549, 717, 517, 551, 726, 552, 553, 736, 554, 555, 518, 556, 240, 557, 244, 759, 558, 761, 559, 254, 765, 768, 560, 260, 519, 561, 267, 562, 780, 563, 788, 277, 564, 792, 565, 520, 566, 567, 568, 300, 569, 303, 307, 310, 521, 571, 826, 572, 322, 573, 331, 522, 523, 376, 524, 586, 587, 525, 512, 595, 526, 597, 527, 605, 485, 486, 487, 488, 489, 490, 491, 492, 493, 494, 495, 496, 497, 498, 499, 500, 501, 502, 503, 504, 505, 506, 507, 508, 509, 510, 511]",True,[],"[0, 1, 2, 3, 4, 5, 6, 7, 8, 9, 10, 11, 12, 13, 14, 15, 16, 17, 18, 19, 20, 21, 22, 23, 24, 25, 26, 27, 28, 29, 30, 31, 32, 33, 34, 35, 36, 37, 38, 39, 40, 41, 42, 43, 44, 45, 46, 47, 48, 49, 50, 51, 52, 53, 54, 55, 56, 57, 58, 59, 60, 61, 62, 63, 64, 65, 66, 67, 68, 69, 70, 71, 72, 73, 74, 75, 76, 77, 78, 79, 80, 81, 82, 83, 84, 85, 86, 87, 88, 89, 90, 91, 92, 93, 94, 95, 96, 97, 98, 99, 100, 101, 102, 485, 486, 487, 488, 489, 490, 491, 492, 493, 494, 495, 496, 497, 498, 499, 500, 501, 502, 503, 504, 505, 506, 507, 508, 509, 510, 511, 512, 513, 514, 515, 516, 517, 518, 519, 520, 521, 522, 523, 524, 525, 526, 527, 528, 529, 530, 531, 532, 533, 534, 535, 536, 537, 538, 539, 540, 541, 542, 543, 544, 545, 546, 547, 548, 549, 550, 551, 552, 553, 554, 555, 556, 557, 558, 559, 560, 561, 562, 563, 564, 565, 566, 567, 568, 569, 570, 571, 572, 573]","[65, 76, 99, 539, 550, 570]","[76, 99, 550, 570]","[0, 5, 7, 10, 14, 19, 20, 22, 24, 32, 33, 34, 37, 38, 40, 44, 46, 48, 49, 51, 56, 61, 63, 65, 67, 68, 73, 74, 75, 76, 79, 81, 82, 83, 85, 87, 88, 92, 93, 95, 96, 99, 100, 101, 115, 116, 124, 134, 142, 161, 167, 169, 170, 186, 202, 240, 244, 254, 260, 267, 277, 300, 303, 307, 310, 322, 331, 376, 485, 491, 493, 495, 499, 503, 504, 506, 508, 515, 518, 519, 521, 524, 526, 528, 533, 537, 539, 542, 543, 547, 548, 549, 550, 551, 553, 554, 556, 558, 559, 563, 564, 566, 567, 570, 571, 572, 586, 587, 595, 605, 613, 633, 639, 640, 641, 657, 672, 704, 717, 726, 736, 759, 761, 765, 768, 780, 788, 792, 826]","[99, 126, 570, 597]",[],7/6 successful match,True,[705],True,173,False,,1.0,True,Tucson Truck Terminal ( Triple T ),
"Tucson , 85706 Tucson Truck Terminal ( Triple T ) ( Spirit )",5 520-574-0050 I-10 Exit 268 ( Craycroft ),24 HRS XL 24,Tucson,85706,Tucson Truck Terminal ( Triple T ) ( Spirit ),520-574-0050,2008,Tucson,AZ,,( Craycroft ),I-10 Exit 268 ,Exit,268,False,,False,I-10,,,,,"[570, 99]",[],"[65, 76, 99, 539, 550, 570]","[76, 99, 550, 570]","[0, 1, 2, 3, 4, 5, 6, 7, 8, 9, 10, 11, 12, 13, 14, 15, 16, 17, 18, 19, 20, 21, 22, 23, 24, 25, 26, 27, 28, 29, 30, 31, 32, 33, 34, 35, 36, 37, 38, 39, 40, 41, 42, 43, 44, 45, 46, 47, 48, 49, 50, 51, 52, 53, 54, 55, 56, 57, 58, 59, 60, 61, 62, 63, 64, 65, 66, 67, 68, 69, 70, 71, 72, 73, 74, 75, 76, 77, 78, 79, 80, 81, 82, 83, 84, 85, 86, 87, 88, 89, 90, 91, 92, 93, 94, 95, 96, 97, 98, 99, 100, 101, 102, 485, 486, 487, 488, 489, 490, 491, 492, 493, 494, 495, 496, 497, 498, 499, 500, 501, 502, 503, 504, 505, 506, 507, 508, 509, 510, 511, 512, 513, 514, 515, 516, 517, 518, 519, 520, 521, 522, 523, 524, 525, 526, 527, 528, 529, 530, 531, 532, 533, 534, 535, 536, 537, 538, 539, 540, 541, 542, 543, 544, 545, 546, 547, 548, 549, 550, 551, 552, 553, 554, 555, 556, 557, 558, 559, 560, 561, 562, 563, 564, 565, 566, 567, 568, 569, 570, 571, 572, 573]","[0, 5, 7, 10, 14, 19, 20, 22, 24, 32, 33, 34, 37, 38, 40, 44, 46, 48, 49, 51, 56, 61, 63, 65, 67, 68, 73, 74, 75, 76, 79, 81, 82, 83, 85, 87, 88, 92, 93, 95, 96, 99, 100, 101, 115, 116, 124, 134, 142, 161, 167, 169, 170, 186, 202, 240, 244, 254, 260, 267, 277, 300, 303, 307, 310, 322, 331, 376, 485, 491, 493, 495, 499, 503, 504, 506, 508, 515, 518, 519, 521, 524, 526, 528, 533, 537, 539, 542, 543, 547, 548, 549, 550, 551, 553, 554, 556, 558, 559, 563, 564, 566, 567, 570, 571, 572, 586, 587, 595, 605, 613, 633, 639, 640, 641, 657, 672, 704, 717, 726, 736, 759, 761, 765, 768, 780, 788, 792, 826]",[],"[99, 126, 570, 597]","[0, 1, 2, 3, 4, 5, 6, 7, 8, 9, 10, 11, 12, 13, 14, 15, 16, 17, 18, 19, 20, 21, 22, 23, 24, 25, 26, 539, 27, 28, 29, 30, 31, 32, 33, 34, 35, 36, 550, 37, 38, 39, 40, 41, 42, 43, 44, 45, 46, 47, 48, 49, 50, 51, 52, 53, 54, 55, 570, 56, 57, 58, 59, 60, 61, 65, 62, 63, 64, 66, 67, 68, 69, 70, 71, 72, 76, 73, 74, 75, 77, 78, 79, 80, 81, 82, 83, 84, 85, 86, 87, 88, 89, 90, 91, 92, 93, 94, 95, 99, 96, 97, 98, 100, 101, 102, 528, 529, 530, 613, 513, 531, 115, 116, 532, 633, 533, 124, 126, 534, 639, 640, 641, 535, 134, 514, 536, 537, 142, 657, 538, 540, 672, 515, 541, 161, 542, 167, 169, 170, 543, 544, 545, 516, 186, 546, 704, 547, 548, 202, 549, 717, 517, 551, 726, 552, 553, 736, 554, 555, 518, 556, 240, 557, 244, 759, 558, 761, 559, 254, 765, 768, 560, 260, 519, 561, 267, 562, 780, 563, 788, 277, 564, 792, 565, 520, 566, 567, 568, 300, 569, 303, 307, 310, 521, 571, 826, 572, 322, 573, 331, 522, 523, 376, 524, 586, 587, 525, 512, 595, 526, 597, 527, 605, 485, 486, 487, 488, 489, 490, 491, 492, 493, 494, 495, 496, 497, 498, 499, 500, 501, 502, 503, 504, 505, 506, 507, 508, 509, 510, 511]",True,[],"[0, 1, 2, 3, 4, 5, 6, 7, 8, 9, 10, 11, 12, 13, 14, 15, 16, 17, 18, 19, 20, 21, 22, 23, 24, 25, 26, 27, 28, 29, 30, 31, 32, 33, 34, 35, 36, 37, 38, 39, 40, 41, 42, 43, 44, 45, 46, 47, 48, 49, 50, 51, 52, 53, 54, 55, 56, 57, 58, 59, 60, 61, 62, 63, 64, 65, 66, 67, 68, 69, 70, 71, 72, 73, 74, 75, 76, 77, 78, 79, 80, 81, 82, 83, 84, 85, 86, 87, 88, 89, 90, 91, 92, 93, 94, 95, 96, 97, 98, 99, 100, 101, 102, 485, 486, 487, 488, 489, 490, 491, 492, 493, 494, 495, 496, 497, 498, 499, 500, 501, 502, 503, 504, 505, 506, 507, 508, 509, 510, 511, 512, 513, 514, 515, 516, 517, 518, 519, 520, 521, 522, 523, 524, 525, 526, 527, 528, 529, 530, 531, 532, 533, 534, 535, 536, 537, 538, 539, 540, 541, 542, 543, 544, 545, 546, 547, 548, 549, 550, 551, 552, 553, 554, 555, 556, 557, 558, 559, 560, 561, 562, 563, 564, 565, 566, 567, 568, 569, 570, 571, 572, 573]","[65, 76, 99, 539, 550, 570]","[76, 99, 550, 570]","[0, 5, 7, 10, 14, 19, 20, 22, 24, 32, 33, 34, 37, 38, 40, 44, 46, 48, 49, 51, 56, 61, 63, 65, 67, 68, 73, 74, 75, 76, 79, 81, 82, 83, 85, 87, 88, 92, 93, 95, 96, 99, 100, 101, 115, 116, 124, 134, 142, 161, 167, 169, 170, 186, 202, 240, 244, 254, 260, 267, 277, 300, 303, 307, 310, 322, 331, 376, 485, 491, 493, 495, 499, 503, 504, 506, 508, 515, 518, 519, 521, 524, 526, 528, 533, 537, 539, 542, 543, 547, 548, 549, 550, 551, 553, 554, 556, 558, 559, 563, 564, 566, 567, 570, 571, 572, 586, 587, 595, 605, 613, 633, 639, 640, 641, 657, 672, 704, 717, 726, 736, 759, 761, 765, 768, 780, 788, 792, 826]","[99, 126, 570, 597]",[],7/6 successful match,True,[705],True,173,False,,1.0,True,Tucson Truck Terminal ( Triple T ) ( Spirit,
H Tucson ( 85706 ) Tucson Truck Terminal ( Triple ) T ),520-574-0050 I-10 Exit 268 ( Craycroft ),XL 24 32,Tucson,85706,Tucson Truck Terminal ( Triple ) T ),520-574-0050,2014,Tucson,AZ,,( Craycroft ),I-10 Exit 268 ,Exit,268,False,,False,I-10,,,,,"[570, 99]",[],"[65, 76, 99, 539, 550, 570]","[76, 99, 550, 570]","[0, 1, 2, 3, 4, 5, 6, 7, 8, 9, 10, 11, 12, 13, 14, 15, 16, 17, 18, 19, 20, 21, 22, 23, 24, 25, 26, 27, 28, 29, 30, 31, 32, 33, 34, 35, 36, 37, 38, 39, 40, 41, 42, 43, 44, 45, 46, 47, 48, 49, 50, 51, 52, 53, 54, 55, 56, 57, 58, 59, 60, 61, 62, 63, 64, 65, 66, 67, 68, 69, 70, 71, 72, 73, 74, 75, 76, 77, 78, 79, 80, 81, 82, 83, 84, 85, 86, 87, 88, 89, 90, 91, 92, 93, 94, 95, 96, 97, 98, 99, 100, 101, 102, 485, 486, 487, 488, 489, 490, 491, 492, 493, 494, 495, 496, 497, 498, 499, 500, 501, 502, 503, 504, 505, 506, 507, 508, 509, 510, 511, 512, 513, 514, 515, 516, 517, 518, 519, 520, 521, 522, 523, 524, 525, 526, 527, 528, 529, 530, 531, 532, 533, 534, 535, 536, 537, 538, 539, 540, 541, 542, 543, 544, 545, 546, 547, 548, 549, 550, 551, 552, 553, 554, 555, 556, 557, 558, 559, 560, 561, 562, 563, 564, 565, 566, 567, 568, 569, 570, 571, 572, 573]","[0, 5, 7, 10, 14, 19, 20, 22, 24, 32, 33, 34, 37, 38, 40, 44, 46, 48, 49, 51, 56, 61, 63, 65, 67, 68, 73, 74, 75, 76, 79, 81, 82, 83, 85, 87, 88, 92, 93, 95, 96, 99, 100, 101, 115, 116, 124, 134, 142, 161, 167, 169, 170, 186, 202, 240, 244, 254, 260, 267, 277, 300, 303, 307, 310, 322, 331, 376, 485, 491, 493, 495, 499, 503, 504, 506, 508, 515, 518, 519, 521, 524, 526, 528, 533, 537, 539, 542, 543, 547, 548, 549, 550, 551, 553, 554, 556, 558, 559, 563, 564, 566, 567, 570, 571, 572, 586, 587, 595, 605, 613, 633, 639, 640, 641, 657, 672, 704, 717, 726, 736, 759, 761, 765, 768, 780, 788, 792, 826]",[],"[99, 126, 570, 597]","[0, 1, 2, 3, 4, 5, 6, 7, 8, 9, 10, 11, 12, 13, 14, 15, 16, 17, 18, 19, 20, 21, 22, 23, 24, 25, 26, 539, 27, 28, 29, 30, 31, 32, 33, 34, 35, 36, 550, 37, 38, 39, 40, 41, 42, 43, 44, 45, 46, 47, 48, 49, 50, 51, 52, 53, 54, 55, 570, 56, 57, 58, 59, 60, 61, 65, 62, 63, 64, 66, 67, 68, 69, 70, 71, 72, 76, 73, 74, 75, 77, 78, 79, 80, 81, 82, 83, 84, 85, 86, 87, 88, 89, 90, 91, 92, 93, 94, 95, 99, 96, 97, 98, 100, 101, 102, 528, 529, 530, 613, 513, 531, 115, 116, 532, 633, 533, 124, 126, 534, 639, 640, 641, 535, 134, 514, 536, 537, 142, 657, 538, 540, 672, 515, 541, 161, 542, 167, 169, 170, 543, 544, 545, 516, 186, 546, 704, 547, 548, 202, 549, 717, 517, 551, 726, 552, 553, 736, 554, 555, 518, 556, 240, 557, 244, 759, 558, 761, 559, 254, 765, 768, 560, 260, 519, 561, 267, 562, 780, 563, 788, 277, 564, 792, 565, 520, 566, 567, 568, 300, 569, 303, 307, 310, 521, 571, 826, 572, 322, 573, 331, 522, 523, 376, 524, 586, 587, 525, 512, 595, 526, 597, 527, 605, 485, 486, 487, 488, 489, 490, 491, 492, 493, 494, 495, 496, 497, 498, 499, 500, 501, 502, 503, 504, 505, 506, 507, 508, 509, 510, 511]",True,[],"[0, 1, 2, 3, 4, 5, 6, 7, 8, 9, 10, 11, 12, 13, 14, 15, 16, 17, 18, 19, 20, 21, 22, 23, 24, 25, 26, 27, 28, 29, 30, 31, 32, 33, 34, 35, 36, 37, 38, 39, 40, 41, 42, 43, 44, 45, 46, 47, 48, 49, 50, 51, 52, 53, 54, 55, 56, 57, 58, 59, 60, 61, 62, 63, 64, 65, 66, 67, 68, 69, 70, 71, 72, 73, 74, 75, 76, 77, 78, 79, 80, 81, 82, 83, 84, 85, 86, 87, 88, 89, 90, 91, 92, 93, 94, 95, 96, 97, 98, 99, 100, 101, 102, 485, 486, 487, 488, 489, 490, 491, 492, 493, 494, 495, 496, 497, 498, 499, 500, 501, 502, 503, 504, 505, 506, 507, 508, 509, 510, 511, 512, 513, 514, 515, 516, 517, 518, 519, 520, 521, 522, 523, 524, 525, 526, 527, 528, 529, 530, 531, 532, 533, 534, 535, 536, 537, 538, 539, 540, 541, 542, 543, 544, 545, 546, 547, 548, 549, 550, 551, 552, 553, 554, 555, 556, 557, 558, 559, 560, 561, 562, 563, 564, 565, 566, 567, 568, 569, 570, 571, 572, 573]","[65, 76, 99, 539, 550, 570]","[76, 99, 550, 570]","[0, 5, 7, 10, 14, 19, 20, 22, 24, 32, 33, 34, 37, 38, 40, 44, 46, 48, 49, 51, 56, 61, 63, 65, 67, 68, 73, 74, 75, 76, 79, 81, 82, 83, 85, 87, 88, 92, 93, 95, 96, 99, 100, 101, 115, 116, 124, 134, 142, 161, 167, 169, 170, 186, 202, 240, 244, 254, 260, 267, 277, 300, 303, 307, 310, 322, 331, 376, 485, 491, 493, 495, 499, 503, 504, 506, 508, 515, 518, 519, 521, 524, 526, 528, 533, 537, 539, 542, 543, 547, 548, 549, 550, 551, 553, 554, 556, 558, 559, 563, 564, 566, 567, 570, 571, 572, 586, 587, 595, 605, 613, 633, 639, 640, 641, 657, 672, 704, 717, 726, 736, 759, 761, 765, 768, 780, 788, 792, 826]","[99, 126, 570, 597]",[],7/6 successful match,True,[705],True,173,False,,1.0,True,Tucson Truck Terminal ( Triple T ) ( Spirit ),
Tucson ( 85706 ) Tucson Truck Terminal ( Triple ) T ),520-574-0050 I-10 Exit 268 ( ),24 XL 24,Tucson,85706,Tucson Truck Terminal ( Triple ) T ),520-574-0050,2015,Tucson,AZ,,( ),I-10 Exit 268 ,Exit,268,False,,False,I-10,,,,,"[570, 99]",[],"[65, 76, 99, 539, 550, 570]","[76, 99, 550, 570]","[0, 1, 2, 3, 4, 5, 6, 7, 8, 9, 10, 11, 12, 13, 14, 15, 16, 17, 18, 19, 20, 21, 22, 23, 24, 25, 26, 27, 28, 29, 30, 31, 32, 33, 34, 35, 36, 37, 38, 39, 40, 41, 42, 43, 44, 45, 46, 47, 48, 49, 50, 51, 52, 53, 54, 55, 56, 57, 58, 59, 60, 61, 62, 63, 64, 65, 66, 67, 68, 69, 70, 71, 72, 73, 74, 75, 76, 77, 78, 79, 80, 81, 82, 83, 84, 85, 86, 87, 88, 89, 90, 91, 92, 93, 94, 95, 96, 97, 98, 99, 100, 101, 102, 485, 486, 487, 488, 489, 490, 491, 492, 493, 494, 495, 496, 497, 498, 499, 500, 501, 502, 503, 504, 505, 506, 507, 508, 509, 510, 511, 512, 513, 514, 515, 516, 517, 518, 519, 520, 521, 522, 523, 524, 525, 526, 527, 528, 529, 530, 531, 532, 533, 534, 535, 536, 537, 538, 539, 540, 541, 542, 543, 544, 545, 546, 547, 548, 549, 550, 551, 552, 553, 554, 555, 556, 557, 558, 559, 560, 561, 562, 563, 564, 565, 566, 567, 568, 569, 570, 571, 572, 573]","[0, 5, 7, 10, 14, 19, 20, 22, 24, 32, 33, 34, 37, 38, 40, 44, 46, 48, 49, 51, 56, 61, 63, 65, 67, 68, 73, 74, 75, 76, 79, 81, 82, 83, 85, 87, 88, 92, 93, 95, 96, 99, 100, 101, 115, 116, 124, 134, 142, 161, 167, 169, 170, 186, 202, 240, 244, 254, 260, 267, 277, 300, 303, 307, 310, 322, 331, 376, 485, 491, 493, 495, 499, 503, 504, 506, 508, 515, 518, 519, 521, 524, 526, 528, 533, 537, 539, 542, 543, 547, 548, 549, 550, 551, 553, 554, 556, 558, 559, 563, 564, 566, 567, 570, 571, 572, 586, 587, 595, 605, 613, 633, 639, 640, 641, 657, 672, 704, 717, 726, 736, 759, 761, 765, 768, 780, 788, 792, 826]",[],"[99, 126, 570, 597]","[0, 1, 2, 3, 4, 5, 6, 7, 8, 9, 10, 11, 12, 13, 14, 15, 16, 17, 18, 19, 20, 21, 22, 23, 24, 25, 26, 539, 27, 28, 29, 30, 31, 32, 33, 34, 35, 36, 550, 37, 38, 39, 40, 41, 42, 43, 44, 45, 46, 47, 48, 49, 50, 51, 52, 53, 54, 55, 570, 56, 57, 58, 59, 60, 61, 65, 62, 63, 64, 66, 67, 68, 69, 70, 71, 72, 76, 73, 74, 75, 77, 78, 79, 80, 81, 82, 83, 84, 85, 86, 87, 88, 89, 90, 91, 92, 93, 94, 95, 99, 96, 97, 98, 100, 101, 102, 528, 529, 530, 613, 513, 531, 115, 116, 532, 633, 533, 124, 126, 534, 639, 640, 641, 535, 134, 514, 536, 537, 142, 657, 538, 540, 672, 515, 541, 161, 542, 167, 169, 170, 543, 544, 545, 516, 186, 546, 704, 547, 548, 202, 549, 717, 517, 551, 726, 552, 553, 736, 554, 555, 518, 556, 240, 557, 244, 759, 558, 761, 559, 254, 765, 768, 560, 260, 519, 561, 267, 562, 780, 563, 788, 277, 564, 792, 565, 520, 566, 567, 568, 300, 569, 303, 307, 310, 521, 571, 826, 572, 322, 573, 331, 522, 523, 376, 524, 586, 587, 525, 512, 595, 526, 597, 527, 605, 485, 486, 487, 488, 489, 490, 491, 492, 493, 494, 495, 496, 497, 498, 499, 500, 501, 502, 503, 504, 505, 506, 507, 508, 509, 510, 511]",True,[],"[0, 1, 2, 3, 4, 5, 6, 7, 8, 9, 10, 11, 12, 13, 14, 15, 16, 17, 18, 19, 20, 21, 22, 23, 24, 25, 26, 27, 28, 29, 30, 31, 32, 33, 34, 35, 36, 37, 38, 39, 40, 41, 42, 43, 44, 45, 46, 47, 48, 49, 50, 51, 52, 53, 54, 55, 56, 57, 58, 59, 60, 61, 62, 63, 64, 65, 66, 67, 68, 69, 70, 71, 72, 73, 74, 75, 76, 77, 78, 79, 80, 81, 82, 83, 84, 85, 86, 87, 88, 89, 90, 91, 92, 93, 94, 95, 96, 97, 98, 99, 100, 101, 102, 485, 486, 487, 488, 489, 490, 491, 492, 493, 494, 495, 496, 497, 498, 499, 500, 501, 502, 503, 504, 505, 506, 507, 508, 509, 510, 511, 512, 513, 514, 515, 516, 517, 518, 519, 520, 521, 522, 523, 524, 525, 526, 527, 528, 529, 530, 531, 532, 533, 534, 535, 536, 537, 538, 539, 540, 541, 542, 543, 544, 545, 546, 547, 548, 549, 550, 551, 552, 553, 554, 555, 556, 557, 558, 559, 560, 561, 562, 563, 564, 565, 566, 567, 568, 569, 570, 571, 572, 573]","[65, 76, 99, 539, 550, 570]","[76, 99, 550, 570]","[0, 5, 7, 10, 14, 19, 20, 22, 24, 32, 33, 34, 37, 38, 40, 44, 46, 48, 49, 51, 56, 61, 63, 65, 67, 68, 73, 74, 75, 76, 79, 81, 82, 83, 85, 87, 88, 92, 93, 95, 96, 99, 100, 101, 115, 116, 124, 134, 142, 161, 167, 169, 170, 186, 202, 240, 244, 254, 260, 267, 277, 300, 303, 307, 310, 322, 331, 376, 485, 491, 493, 495, 499, 503, 504, 506, 508, 515, 518, 519, 521, 524, 526, 528, 533, 537, 539, 542, 543, 547, 548, 549, 550, 551, 553, 554, 556, 558, 559, 563, 564, 566, 567, 570, 571, 572, 586, 587, 595, 605, 613, 633, 639, 640, 641, 657, 672, 704, 717, 726, 736, 759, 761, 765, 768, 780, 788, 792, 826]","[99, 126, 570, 597]",[],7/6 successful match,True,[705],True,173,False,,1.0,True,Tucson Truck Terminal ( Triple ) T ),
Tucson ( 85706 ) Tucson Truck Terminal ( Triple T ),520-574-0050 I-10 Exit 268 ( Craycroft ),XL 24,Tucson,85706,Tucson Truck Terminal ( Triple T ),520-574-0050,2016,Tucson,AZ,,( Craycroft ),I-10 Exit 268 ,Exit,268,False,,False,I-10,,,,,"[570, 99]",[],"[65, 76, 99, 539, 550, 570]","[76, 99, 550, 570]","[0, 1, 2, 3, 4, 5, 6, 7, 8, 9, 10, 11, 12, 13, 14, 15, 16, 17, 18, 19, 20, 21, 22, 23, 24, 25, 26, 27, 28, 29, 30, 31, 32, 33, 34, 35, 36, 37, 38, 39, 40, 41, 42, 43, 44, 45, 46, 47, 48, 49, 50, 51, 52, 53, 54, 55, 56, 57, 58, 59, 60, 61, 62, 63, 64, 65, 66, 67, 68, 69, 70, 71, 72, 73, 74, 75, 76, 77, 78, 79, 80, 81, 82, 83, 84, 85, 86, 87, 88, 89, 90, 91, 92, 93, 94, 95, 96, 97, 98, 99, 100, 101, 102, 485, 486, 487, 488, 489, 490, 491, 492, 493, 494, 495, 496, 497, 498, 499, 500, 501, 502, 503, 504, 505, 506, 507, 508, 509, 510, 511, 512, 513, 514, 515, 516, 517, 518, 519, 520, 521, 522, 523, 524, 525, 526, 527, 528, 529, 530, 531, 532, 533, 534, 535, 536, 537, 538, 539, 540, 541, 542, 543, 544, 545, 546, 547, 548, 549, 550, 551, 552, 553, 554, 555, 556, 557, 558, 559, 560, 561, 562, 563, 564, 565, 566, 567, 568, 569, 570, 571, 572, 573]","[0, 5, 7, 10, 14, 19, 20, 22, 24, 32, 33, 34, 37, 38, 40, 44, 46, 48, 49, 51, 56, 61, 63, 65, 67, 68, 73, 74, 75, 76, 79, 81, 82, 83, 85, 87, 88, 92, 93, 95, 96, 99, 100, 101, 115, 116, 124, 134, 142, 161, 167, 169, 170, 186, 202, 240, 244, 254, 260, 267, 277, 300, 303, 307, 310, 322, 331, 376, 485, 491, 493, 495, 499, 503, 504, 506, 508, 515, 518, 519, 521, 524, 526, 528, 533, 537, 539, 542, 543, 547, 548, 549, 550, 551, 553, 554, 556, 558, 559, 563, 564, 566, 567, 570, 571, 572, 586, 587, 595, 605, 613, 633, 639, 640, 641, 657, 672, 704, 717, 726, 736, 759, 761, 765, 768, 780, 788, 792, 826]",[],"[99, 126, 570, 597]","[0, 1, 2, 3, 4, 5, 6, 7, 8, 9, 10, 11, 12, 13, 14, 15, 16, 17, 18, 19, 20, 21, 22, 23, 24, 25, 26, 539, 27, 28, 29, 30, 31, 32, 33, 34, 35, 36, 550, 37, 38, 39, 40, 41, 42, 43, 44, 45, 46, 47, 48, 49, 50, 51, 52, 53, 54, 55, 570, 56, 57, 58, 59, 60, 61, 65, 62, 63, 64, 66, 67, 68, 69, 70, 71, 72, 76, 73, 74, 75, 77, 78, 79, 80, 81, 82, 83, 84, 85, 86, 87, 88, 89, 90, 91, 92, 93, 94, 95, 99, 96, 97, 98, 100, 101, 102, 528, 529, 530, 613, 513, 531, 115, 116, 532, 633, 533, 124, 126, 534, 639, 640, 641, 535, 134, 514, 536, 537, 142, 657, 538, 540, 672, 515, 541, 161, 542, 167, 169, 170, 543, 544, 545, 516, 186, 546, 704, 547, 548, 202, 549, 717, 517, 551, 726, 552, 553, 736, 554, 555, 518, 556, 240, 557, 244, 759, 558, 761, 559, 254, 765, 768, 560, 260, 519, 561, 267, 562, 780, 563, 788, 277, 564, 792, 565, 520, 566, 567, 568, 300, 569, 303, 307, 310, 521, 571, 826, 572, 322, 573, 331, 522, 523, 376, 524, 586, 587, 525, 512, 595, 526, 597, 527, 605, 485, 486, 487, 488, 489, 490, 491, 492, 493, 494, 495, 496, 497, 498, 499, 500, 501, 502, 503, 504, 505, 506, 507, 508, 509, 510, 511]",True,[],"[0, 1, 2, 3, 4, 5, 6, 7, 8, 9, 10, 11, 12, 13, 14, 15, 16, 17, 18, 19, 20, 21, 22, 23, 24, 25, 26, 27, 28, 29, 30, 31, 32, 33, 34, 35, 36, 37, 38, 39, 40, 41, 42, 43, 44, 45, 46, 47, 48, 49, 50, 51, 52, 53, 54, 55, 56, 57, 58, 59, 60, 61, 62, 63, 64, 65, 66, 67, 68, 69, 70, 71, 72, 73, 74, 75, 76, 77, 78, 79, 80, 81, 82, 83, 84, 85, 86, 87, 88, 89, 90, 91, 92, 93, 94, 95, 96, 97, 98, 99, 100, 101, 102, 485, 486, 487, 488, 489, 490, 491, 492, 493, 494, 495, 496, 497, 498, 499, 500, 501, 502, 503, 504, 505, 506, 507, 508, 509, 510, 511, 512, 513, 514, 515, 516, 517, 518, 519, 520, 521, 522, 523, 524, 525, 526, 527, 528, 529, 530, 531, 532, 533, 534, 535, 536, 537, 538, 539, 540, 541, 542, 543, 544, 545, 546, 547, 548, 549, 550, 551, 552, 553, 554, 555, 556, 557, 558, 559, 560, 561, 562, 563, 564, 565, 566, 567, 568, 569, 570, 571, 572, 573]","[65, 76, 99, 539, 550, 570]","[76, 99, 550, 570]","[0, 5, 7, 10, 14, 19, 20, 22, 24, 32, 33, 34, 37, 38, 40, 44, 46, 48, 49, 51, 56, 61, 63, 65, 67, 68, 73, 74, 75, 76, 79, 81, 82, 83, 85, 87, 88, 92, 93, 95, 96, 99, 100, 101, 115, 116, 124, 134, 142, 161, 167, 169, 170, 186, 202, 240, 244, 254, 260, 267, 277, 300, 303, 307, 310, 322, 331, 376, 485, 491, 493, 495, 499, 503, 504, 506, 508, 515, 518, 519, 521, 524, 526, 528, 533, 537, 539, 542, 543, 547, 548, 549, 550, 551, 553, 554, 556, 558, 559, 563, 564, 566, 567, 570, 571, 572, 586, 587, 595, 605, 613, 633, 639, 640, 641, 657, 672, 704, 717, 726, 736, 759, 761, 765, 768, 780, 788, 792, 826]","[99, 126, 570, 597]",[],7/6 successful match,True,[705],True,173,False,,1.0,True,Tucson Truck Terminal ( Triple ) T ),
"Tucson , 85706 Mr T's Self Serve ( Spirit )",520-574-1400 I-10 Exit 268 ( Craycroft ),,Tucson,85706,Mr T's Self Serve ( Spirit ),520-574-1400,2006,Tucson,AZ,,( Craycroft ),I-10 Exit 268 ,Exit,268,False,,False,I-10,,,,,[],[],"[65, 76, 99, 539, 550, 570]","[76, 99, 550, 570]","[0, 1, 2, 3, 4, 5, 6, 7, 8, 9, 10, 11, 12, 13, 14, 15, 16, 17, 18, 19, 20, 21, 22, 23, 24, 25, 26, 27, 28, 29, 30, 31, 32, 33, 34, 35, 36, 37, 38, 39, 40, 41, 42, 43, 44, 45, 46, 47, 48, 49, 50, 51, 52, 53, 54, 55, 56, 57, 58, 59, 60, 61, 62, 63, 64, 65, 66, 67, 68, 69, 70, 71, 72, 73, 74, 75, 76, 77, 78, 79, 80, 81, 82, 83, 84, 85, 86, 87, 88, 89, 90, 91, 92, 93, 94, 95, 96, 97, 98, 99, 100, 101, 102, 485, 486, 487, 488, 489, 490, 491, 492, 493, 494, 495, 496, 497, 498, 499, 500, 501, 502, 503, 504, 505, 506, 507, 508, 509, 510, 511, 512, 513, 514, 515, 516, 517, 518, 519, 520, 521, 522, 523, 524, 525, 526, 527, 528, 529, 530, 531, 532, 533, 534, 535, 536, 537, 538, 539, 540, 541, 542, 543, 544, 545, 546, 547, 548, 549, 550, 551, 552, 553, 554, 555, 556, 557, 558, 559, 560, 561, 562, 563, 564, 565, 566, 567, 568, 569, 570, 571, 572, 573]","[0, 5, 7, 10, 14, 19, 20, 22, 24, 32, 33, 34, 37, 38, 40, 44, 46, 48, 49, 51, 56, 61, 63, 65, 67, 68, 73, 74, 75, 76, 79, 81, 82, 83, 85, 87, 88, 92, 93, 95, 96, 99, 100, 101, 115, 116, 124, 134, 142, 161, 167, 169, 170, 186, 202, 240, 244, 254, 260, 267, 277, 300, 303, 307, 310, 322, 331, 376, 485, 491, 493, 495, 499, 503, 504, 506, 508, 515, 518, 519, 521, 524, 526, 528, 533, 537, 539, 542, 543, 547, 548, 549, 550, 551, 553, 554, 556, 558, 559, 563, 564, 566, 567, 570, 571, 572, 586, 587, 595, 605, 613, 633, 639, 640, 641, 657, 672, 704, 717, 726, 736, 759, 761, 765, 768, 780, 788, 792, 826]",[],[],"[0, 1, 2, 3, 4, 5, 6, 7, 8, 9, 10, 11, 12, 13, 14, 15, 16, 17, 18, 19, 20, 21, 22, 23, 24, 25, 26, 539, 27, 28, 29, 30, 31, 32, 33, 34, 35, 36, 550, 37, 38, 39, 40, 41, 42, 43, 44, 45, 46, 47, 48, 49, 50, 51, 52, 53, 54, 55, 570, 56, 57, 58, 59, 60, 61, 65, 62, 63, 64, 66, 67, 68, 69, 70, 71, 72, 76, 73, 74, 75, 77, 78, 79, 80, 81, 82, 83, 84, 85, 86, 87, 88, 89, 90, 91, 92, 93, 94, 95, 99, 96, 97, 98, 100, 101, 102, 528, 529, 530, 613, 513, 531, 115, 116, 532, 633, 533, 124, 534, 639, 640, 641, 535, 134, 514, 536, 537, 142, 657, 538, 540, 672, 515, 541, 161, 542, 167, 169, 170, 543, 544, 545, 516, 186, 546, 704, 547, 548, 202, 549, 717, 517, 551, 726, 552, 553, 736, 554, 555, 518, 556, 240, 557, 244, 759, 558, 761, 559, 254, 765, 768, 560, 260, 519, 561, 267, 562, 780, 563, 788, 277, 564, 792, 565, 520, 566, 567, 568, 300, 569, 303, 307, 310, 521, 571, 826, 572, 322, 573, 331, 522, 523, 376, 524, 586, 587, 525, 512, 595, 526, 527, 605, 485, 486, 487, 488, 489, 490, 491, 492, 493, 494, 495, 496, 497, 498, 499, 500, 501, 502, 503, 504, 505, 506, 507, 508, 509, 510, 511]",False,[],"[0, 1, 2, 3, 4, 5, 6, 7, 8, 9, 10, 11, 12, 13, 14, 15, 16, 17, 18, 19, 20, 21, 22, 23, 24, 25, 26, 27, 28, 29, 30, 31, 32, 33, 34, 35, 36, 37, 38, 39, 40, 41, 42, 43, 44, 45, 46, 47, 48, 49, 50, 51, 52, 53, 54, 55, 56, 57, 58, 59, 60, 61, 62, 63, 64, 65, 66, 67, 68, 69, 70, 71, 72, 73, 74, 75, 76, 77, 78, 79, 80, 81, 82, 83, 84, 85, 86, 87, 88, 89, 90, 91, 92, 93, 94, 95, 96, 97, 98, 99, 100, 101, 102, 485, 486, 487, 488, 489, 490, 491, 492, 493, 494, 495, 496, 497, 498, 499, 500, 501, 502, 503, 504, 505, 506, 507, 508, 509, 510, 511, 512, 513, 514, 515, 516, 517, 518, 519, 520, 521, 522, 523, 524, 525, 526, 527, 528, 529, 530, 531, 532, 533, 534, 535, 536, 537, 538, 539, 540, 541, 542, 543, 544, 545, 546, 547, 548, 549, 550, 551, 552, 553, 554, 555, 556, 557, 558, 559, 560, 561, 562, 563, 564, 565, 566, 567, 568, 569, 570, 571, 572, 573]","[65, 76, 99, 539, 550, 570]","[76, 99, 550, 570]","[0, 5, 7, 10, 14, 19, 20, 22, 24, 32, 33, 34, 37, 38, 40, 44, 46, 48, 49, 51, 56, 61, 63, 65, 67, 68, 73, 74, 75, 76, 79, 81, 82, 83, 85, 87, 88, 92, 93, 95, 96, 99, 100, 101, 115, 116, 124, 134, 142, 161, 167, 169, 170, 186, 202, 240, 244, 254, 260, 267, 277, 300, 303, 307, 310, 322, 331, 376, 485, 491, 493, 495, 499, 503, 504, 506, 508, 515, 518, 519, 521, 524, 526, 528, 533, 537, 539, 542, 543, 547, 548, 549, 550, 551, 553, 554, 556, 558, 559, 563, 564, 566, 567, 570, 571, 572, 586, 587, 595, 605, 613, 633, 639, 640, 641, 657, 672, 704, 717, 726, 736, 759, 761, 765, 768, 780, 788, 792, 826]",[],[],7/6 successful match,False,,False,174,False,,,,,
"Tucson , 85706 Mr T's Self Serve ( Spirit )",520-574-1400 I-10 Exit 268 ( Craycroft ),24,Tucson,85706,Mr T's Self Serve ( Spirit ),520-574-1400,2007,Tucson,AZ,,( Craycroft ),I-10 Exit 268 ,Exit,268,False,,False,I-10,,,,,[],[],"[65, 76, 99, 539, 550, 570]","[76, 99, 550, 570]","[0, 1, 2, 3, 4, 5, 6, 7, 8, 9, 10, 11, 12, 13, 14, 15, 16, 17, 18, 19, 20, 21, 22, 23, 24, 25, 26, 27, 28, 29, 30, 31, 32, 33, 34, 35, 36, 37, 38, 39, 40, 41, 42, 43, 44, 45, 46, 47, 48, 49, 50, 51, 52, 53, 54, 55, 56, 57, 58, 59, 60, 61, 62, 63, 64, 65, 66, 67, 68, 69, 70, 71, 72, 73, 74, 75, 76, 77, 78, 79, 80, 81, 82, 83, 84, 85, 86, 87, 88, 89, 90, 91, 92, 93, 94, 95, 96, 97, 98, 99, 100, 101, 102, 485, 486, 487, 488, 489, 490, 491, 492, 493, 494, 495, 496, 497, 498, 499, 500, 501, 502, 503, 504, 505, 506, 507, 508, 509, 510, 511, 512, 513, 514, 515, 516, 517, 518, 519, 520, 521, 522, 523, 524, 525, 526, 527, 528, 529, 530, 531, 532, 533, 534, 535, 536, 537, 538, 539, 540, 541, 542, 543, 544, 545, 546, 547, 548, 549, 550, 551, 552, 553, 554, 555, 556, 557, 558, 559, 560, 561, 562, 563, 564, 565, 566, 567, 568, 569, 570, 571, 572, 573]","[0, 5, 7, 10, 14, 19, 20, 22, 24, 32, 33, 34, 37, 38, 40, 44, 46, 48, 49, 51, 56, 61, 63, 65, 67, 68, 73, 74, 75, 76, 79, 81, 82, 83, 85, 87, 88, 92, 93, 95, 96, 99, 100, 101, 115, 116, 124, 134, 142, 161, 167, 169, 170, 186, 202, 240, 244, 254, 260, 267, 277, 300, 303, 307, 310, 322, 331, 376, 485, 491, 493, 495, 499, 503, 504, 506, 508, 515, 518, 519, 521, 524, 526, 528, 533, 537, 539, 542, 543, 547, 548, 549, 550, 551, 553, 554, 556, 558, 559, 563, 564, 566, 567, 570, 571, 572, 586, 587, 595, 605, 613, 633, 639, 640, 641, 657, 672, 704, 717, 726, 736, 759, 761, 765, 768, 780, 788, 792, 826]",[],[],"[0, 1, 2, 3, 4, 5, 6, 7, 8, 9, 10, 11, 12, 13, 14, 15, 16, 17, 18, 19, 20, 21, 22, 23, 24, 25, 26, 539, 27, 28, 29, 30, 31, 32, 33, 34, 35, 36, 550, 37, 38, 39, 40, 41, 42, 43, 44, 45, 46, 47, 48, 49, 50, 51, 52, 53, 54, 55, 570, 56, 57, 58, 59, 60, 61, 65, 62, 63, 64, 66, 67, 68, 69, 70, 71, 72, 76, 73, 74, 75, 77, 78, 79, 80, 81, 82, 83, 84, 85, 86, 87, 88, 89, 90, 91, 92, 93, 94, 95, 99, 96, 97, 98, 100, 101, 102, 528, 529, 530, 613, 513, 531, 115, 116, 532, 633, 533, 124, 534, 639, 640, 641, 535, 134, 514, 536, 537, 142, 657, 538, 540, 672, 515, 541, 161, 542, 167, 169, 170, 543, 544, 545, 516, 186, 546, 704, 547, 548, 202, 549, 717, 517, 551, 726, 552, 553, 736, 554, 555, 518, 556, 240, 557, 244, 759, 558, 761, 559, 254, 765, 768, 560, 260, 519, 561, 267, 562, 780, 563, 788, 277, 564, 792, 565, 520, 566, 567, 568, 300, 569, 303, 307, 310, 521, 571, 826, 572, 322, 573, 331, 522, 523, 376, 524, 586, 587, 525, 512, 595, 526, 527, 605, 485, 486, 487, 488, 489, 490, 491, 492, 493, 494, 495, 496, 497, 498, 499, 500, 501, 502, 503, 504, 505, 506, 507, 508, 509, 510, 511]",False,[],"[0, 1, 2, 3, 4, 5, 6, 7, 8, 9, 10, 11, 12, 13, 14, 15, 16, 17, 18, 19, 20, 21, 22, 23, 24, 25, 26, 27, 28, 29, 30, 31, 32, 33, 34, 35, 36, 37, 38, 39, 40, 41, 42, 43, 44, 45, 46, 47, 48, 49, 50, 51, 52, 53, 54, 55, 56, 57, 58, 59, 60, 61, 62, 63, 64, 65, 66, 67, 68, 69, 70, 71, 72, 73, 74, 75, 76, 77, 78, 79, 80, 81, 82, 83, 84, 85, 86, 87, 88, 89, 90, 91, 92, 93, 94, 95, 96, 97, 98, 99, 100, 101, 102, 485, 486, 487, 488, 489, 490, 491, 492, 493, 494, 495, 496, 497, 498, 499, 500, 501, 502, 503, 504, 505, 506, 507, 508, 509, 510, 511, 512, 513, 514, 515, 516, 517, 518, 519, 520, 521, 522, 523, 524, 525, 526, 527, 528, 529, 530, 531, 532, 533, 534, 535, 536, 537, 538, 539, 540, 541, 542, 543, 544, 545, 546, 547, 548, 549, 550, 551, 552, 553, 554, 555, 556, 557, 558, 559, 560, 561, 562, 563, 564, 565, 566, 567, 568, 569, 570, 571, 572, 573]","[65, 76, 99, 539, 550, 570]","[76, 99, 550, 570]","[0, 5, 7, 10, 14, 19, 20, 22, 24, 32, 33, 34, 37, 38, 40, 44, 46, 48, 49, 51, 56, 61, 63, 65, 67, 68, 73, 74, 75, 76, 79, 81, 82, 83, 85, 87, 88, 92, 93, 95, 96, 99, 100, 101, 115, 116, 124, 134, 142, 161, 167, 169, 170, 186, 202, 240, 244, 254, 260, 267, 277, 300, 303, 307, 310, 322, 331, 376, 485, 491, 493, 495, 499, 503, 504, 506, 508, 515, 518, 519, 521, 524, 526, 528, 533, 537, 539, 542, 543, 547, 548, 549, 550, 551, 553, 554, 556, 558, 559, 563, 564, 566, 567, 570, 571, 572, 586, 587, 595, 605, 613, 633, 639, 640, 641, 657, 672, 704, 717, 726, 736, 759, 761, 765, 768, 780, 788, 792, 826]",[],[],7/6 successful match,False,,False,174,False,,1.0,True,Mr T's Self Serve ( Spirit ),
"Tucson , 85706 Mr T's Self Serve ( Spirit )",520-574-1400 I-10 Exit 268 ( Craycroft ),24 L ) <U+2610><U+2610><U+2610>,Tucson,85706,Mr T's Self Serve ( Spirit ),520-574-1400,2008,Tucson,AZ,,( Craycroft ),I-10 Exit 268 ,Exit,268,False,,False,I-10,,,,,[],[],"[65, 76, 99, 539, 550, 570]","[76, 99, 550, 570]","[0, 1, 2, 3, 4, 5, 6, 7, 8, 9, 10, 11, 12, 13, 14, 15, 16, 17, 18, 19, 20, 21, 22, 23, 24, 25, 26, 27, 28, 29, 30, 31, 32, 33, 34, 35, 36, 37, 38, 39, 40, 41, 42, 43, 44, 45, 46, 47, 48, 49, 50, 51, 52, 53, 54, 55, 56, 57, 58, 59, 60, 61, 62, 63, 64, 65, 66, 67, 68, 69, 70, 71, 72, 73, 74, 75, 76, 77, 78, 79, 80, 81, 82, 83, 84, 85, 86, 87, 88, 89, 90, 91, 92, 93, 94, 95, 96, 97, 98, 99, 100, 101, 102, 485, 486, 487, 488, 489, 490, 491, 492, 493, 494, 495, 496, 497, 498, 499, 500, 501, 502, 503, 504, 505, 506, 507, 508, 509, 510, 511, 512, 513, 514, 515, 516, 517, 518, 519, 520, 521, 522, 523, 524, 525, 526, 527, 528, 529, 530, 531, 532, 533, 534, 535, 536, 537, 538, 539, 540, 541, 542, 543, 544, 545, 546, 547, 548, 549, 550, 551, 552, 553, 554, 555, 556, 557, 558, 559, 560, 561, 562, 563, 564, 565, 566, 567, 568, 569, 570, 571, 572, 573]","[0, 5, 7, 10, 14, 19, 20, 22, 24, 32, 33, 34, 37, 38, 40, 44, 46, 48, 49, 51, 56, 61, 63, 65, 67, 68, 73, 74, 75, 76, 79, 81, 82, 83, 85, 87, 88, 92, 93, 95, 96, 99, 100, 101, 115, 116, 124, 134, 142, 161, 167, 169, 170, 186, 202, 240, 244, 254, 260, 267, 277, 300, 303, 307, 310, 322, 331, 376, 485, 491, 493, 495, 499, 503, 504, 506, 508, 515, 518, 519, 521, 524, 526, 528, 533, 537, 539, 542, 543, 547, 548, 549, 550, 551, 553, 554, 556, 558, 559, 563, 564, 566, 567, 570, 571, 572, 586, 587, 595, 605, 613, 633, 639, 640, 641, 657, 672, 704, 717, 726, 736, 759, 761, 765, 768, 780, 788, 792, 826]",[],[],"[0, 1, 2, 3, 4, 5, 6, 7, 8, 9, 10, 11, 12, 13, 14, 15, 16, 17, 18, 19, 20, 21, 22, 23, 24, 25, 26, 539, 27, 28, 29, 30, 31, 32, 33, 34, 35, 36, 550, 37, 38, 39, 40, 41, 42, 43, 44, 45, 46, 47, 48, 49, 50, 51, 52, 53, 54, 55, 570, 56, 57, 58, 59, 60, 61, 65, 62, 63, 64, 66, 67, 68, 69, 70, 71, 72, 76, 73, 74, 75, 77, 78, 79, 80, 81, 82, 83, 84, 85, 86, 87, 88, 89, 90, 91, 92, 93, 94, 95, 99, 96, 97, 98, 100, 101, 102, 528, 529, 530, 613, 513, 531, 115, 116, 532, 633, 533, 124, 534, 639, 640, 641, 535, 134, 514, 536, 537, 142, 657, 538, 540, 672, 515, 541, 161, 542, 167, 169, 170, 543, 544, 545, 516, 186, 546, 704, 547, 548, 202, 549, 717, 517, 551, 726, 552, 553, 736, 554, 555, 518, 556, 240, 557, 244, 759, 558, 761, 559, 254, 765, 768, 560, 260, 519, 561, 267, 562, 780, 563, 788, 277, 564, 792, 565, 520, 566, 567, 568, 300, 569, 303, 307, 310, 521, 571, 826, 572, 322, 573, 331, 522, 523, 376, 524, 586, 587, 525, 512, 595, 526, 527, 605, 485, 486, 487, 488, 489, 490, 491, 492, 493, 494, 495, 496, 497, 498, 499, 500, 501, 502, 503, 504, 505, 506, 507, 508, 509, 510, 511]",False,[],"[0, 1, 2, 3, 4, 5, 6, 7, 8, 9, 10, 11, 12, 13, 14, 15, 16, 17, 18, 19, 20, 21, 22, 23, 24, 25, 26, 27, 28, 29, 30, 31, 32, 33, 34, 35, 36, 37, 38, 39, 40, 41, 42, 43, 44, 45, 46, 47, 48, 49, 50, 51, 52, 53, 54, 55, 56, 57, 58, 59, 60, 61, 62, 63, 64, 65, 66, 67, 68, 69, 70, 71, 72, 73, 74, 75, 76, 77, 78, 79, 80, 81, 82, 83, 84, 85, 86, 87, 88, 89, 90, 91, 92, 93, 94, 95, 96, 97, 98, 99, 100, 101, 102, 485, 486, 487, 488, 489, 490, 491, 492, 493, 494, 495, 496, 497, 498, 499, 500, 501, 502, 503, 504, 505, 506, 507, 508, 509, 510, 511, 512, 513, 514, 515, 516, 517, 518, 519, 520, 521, 522, 523, 524, 525, 526, 527, 528, 529, 530, 531, 532, 533, 534, 535, 536, 537, 538, 539, 540, 541, 542, 543, 544, 545, 546, 547, 548, 549, 550, 551, 552, 553, 554, 555, 556, 557, 558, 559, 560, 561, 562, 563, 564, 565, 566, 567, 568, 569, 570, 571, 572, 573]","[65, 76, 99, 539, 550, 570]","[76, 99, 550, 570]","[0, 5, 7, 10, 14, 19, 20, 22, 24, 32, 33, 34, 37, 38, 40, 44, 46, 48, 49, 51, 56, 61, 63, 65, 67, 68, 73, 74, 75, 76, 79, 81, 82, 83, 85, 87, 88, 92, 93, 95, 96, 99, 100, 101, 115, 116, 124, 134, 142, 161, 167, 169, 170, 186, 202, 240, 244, 254, 260, 267, 277, 300, 303, 307, 310, 322, 331, 376, 485, 491, 493, 495, 499, 503, 504, 506, 508, 515, 518, 519, 521, 524, 526, 528, 533, 537, 539, 542, 543, 547, 548, 549, 550, 551, 553, 554, 556, 558, 559, 563, 564, 566, 567, 570, 571, 572, 586, 587, 595, 605, 613, 633, 639, 640, 641, 657, 672, 704, 717, 726, 736, 759, 761, 765, 768, 780, 788, 792, 826]",[],[],7/6 successful match,False,,False,174,False,,1.0,True,Mr T's Self Serve ( Spirit ),
H Tucson ( 85706 ) Mr T's Self Serve,520-574-1400 I-10 Exit 268 ( Craycroft ),24 XL <U+2610> <U+2610>,Tucson,85706,Mr T's Self Serve,520-574-1400,2014,Tucson,AZ,,( Craycroft ),I-10 Exit 268 ,Exit,268,False,,False,I-10,,,,,[],[],"[65, 76, 99, 539, 550, 570]","[76, 99, 550, 570]","[0, 1, 2, 3, 4, 5, 6, 7, 8, 9, 10, 11, 12, 13, 14, 15, 16, 17, 18, 19, 20, 21, 22, 23, 24, 25, 26, 27, 28, 29, 30, 31, 32, 33, 34, 35, 36, 37, 38, 39, 40, 41, 42, 43, 44, 45, 46, 47, 48, 49, 50, 51, 52, 53, 54, 55, 56, 57, 58, 59, 60, 61, 62, 63, 64, 65, 66, 67, 68, 69, 70, 71, 72, 73, 74, 75, 76, 77, 78, 79, 80, 81, 82, 83, 84, 85, 86, 87, 88, 89, 90, 91, 92, 93, 94, 95, 96, 97, 98, 99, 100, 101, 102, 485, 486, 487, 488, 489, 490, 491, 492, 493, 494, 495, 496, 497, 498, 499, 500, 501, 502, 503, 504, 505, 506, 507, 508, 509, 510, 511, 512, 513, 514, 515, 516, 517, 518, 519, 520, 521, 522, 523, 524, 525, 526, 527, 528, 529, 530, 531, 532, 533, 534, 535, 536, 537, 538, 539, 540, 541, 542, 543, 544, 545, 546, 547, 548, 549, 550, 551, 552, 553, 554, 555, 556, 557, 558, 559, 560, 561, 562, 563, 564, 565, 566, 567, 568, 569, 570, 571, 572, 573]","[0, 5, 7, 10, 14, 19, 20, 22, 24, 32, 33, 34, 37, 38, 40, 44, 46, 48, 49, 51, 56, 61, 63, 65, 67, 68, 73, 74, 75, 76, 79, 81, 82, 83, 85, 87, 88, 92, 93, 95, 96, 99, 100, 101, 115, 116, 124, 134, 142, 161, 167, 169, 170, 186, 202, 240, 244, 254, 260, 267, 277, 300, 303, 307, 310, 322, 331, 376, 485, 491, 493, 495, 499, 503, 504, 506, 508, 515, 518, 519, 521, 524, 526, 528, 533, 537, 539, 542, 543, 547, 548, 549, 550, 551, 553, 554, 556, 558, 559, 563, 564, 566, 567, 570, 571, 572, 586, 587, 595, 605, 613, 633, 639, 640, 641, 657, 672, 704, 717, 726, 736, 759, 761, 765, 768, 780, 788, 792, 826]",[],[],"[0, 1, 2, 3, 4, 5, 6, 7, 8, 9, 10, 11, 12, 13, 14, 15, 16, 17, 18, 19, 20, 21, 22, 23, 24, 25, 26, 539, 27, 28, 29, 30, 31, 32, 33, 34, 35, 36, 550, 37, 38, 39, 40, 41, 42, 43, 44, 45, 46, 47, 48, 49, 50, 51, 52, 53, 54, 55, 570, 56, 57, 58, 59, 60, 61, 65, 62, 63, 64, 66, 67, 68, 69, 70, 71, 72, 76, 73, 74, 75, 77, 78, 79, 80, 81, 82, 83, 84, 85, 86, 87, 88, 89, 90, 91, 92, 93, 94, 95, 99, 96, 97, 98, 100, 101, 102, 528, 529, 530, 613, 513, 531, 115, 116, 532, 633, 533, 124, 534, 639, 640, 641, 535, 134, 514, 536, 537, 142, 657, 538, 540, 672, 515, 541, 161, 542, 167, 169, 170, 543, 544, 545, 516, 186, 546, 704, 547, 548, 202, 549, 717, 517, 551, 726, 552, 553, 736, 554, 555, 518, 556, 240, 557, 244, 759, 558, 761, 559, 254, 765, 768, 560, 260, 519, 561, 267, 562, 780, 563, 788, 277, 564, 792, 565, 520, 566, 567, 568, 300, 569, 303, 307, 310, 521, 571, 826, 572, 322, 573, 331, 522, 523, 376, 524, 586, 587, 525, 512, 595, 526, 527, 605, 485, 486, 487, 488, 489, 490, 491, 492, 493, 494, 495, 496, 497, 498, 499, 500, 501, 502, 503, 504, 505, 506, 507, 508, 509, 510, 511]",False,[],"[0, 1, 2, 3, 4, 5, 6, 7, 8, 9, 10, 11, 12, 13, 14, 15, 16, 17, 18, 19, 20, 21, 22, 23, 24, 25, 26, 27, 28, 29, 30, 31, 32, 33, 34, 35, 36, 37, 38, 39, 40, 41, 42, 43, 44, 45, 46, 47, 48, 49, 50, 51, 52, 53, 54, 55, 56, 57, 58, 59, 60, 61, 62, 63, 64, 65, 66, 67, 68, 69, 70, 71, 72, 73, 74, 75, 76, 77, 78, 79, 80, 81, 82, 83, 84, 85, 86, 87, 88, 89, 90, 91, 92, 93, 94, 95, 96, 97, 98, 99, 100, 101, 102, 485, 486, 487, 488, 489, 490, 491, 492, 493, 494, 495, 496, 497, 498, 499, 500, 501, 502, 503, 504, 505, 506, 507, 508, 509, 510, 511, 512, 513, 514, 515, 516, 517, 518, 519, 520, 521, 522, 523, 524, 525, 526, 527, 528, 529, 530, 531, 532, 533, 534, 535, 536, 537, 538, 539, 540, 541, 542, 543, 544, 545, 546, 547, 548, 549, 550, 551, 552, 553, 554, 555, 556, 557, 558, 559, 560, 561, 562, 563, 564, 565, 566, 567, 568, 569, 570, 571, 572, 573]","[65, 76, 99, 539, 550, 570]","[76, 99, 550, 570]","[0, 5, 7, 10, 14, 19, 20, 22, 24, 32, 33, 34, 37, 38, 40, 44, 46, 48, 49, 51, 56, 61, 63, 65, 67, 68, 73, 74, 75, 76, 79, 81, 82, 83, 85, 87, 88, 92, 93, 95, 96, 99, 100, 101, 115, 116, 124, 134, 142, 161, 167, 169, 170, 186, 202, 240, 244, 254, 260, 267, 277, 300, 303, 307, 310, 322, 331, 376, 485, 491, 493, 495, 499, 503, 504, 506, 508, 515, 518, 519, 521, 524, 526, 528, 533, 537, 539, 542, 543, 547, 548, 549, 550, 551, 553, 554, 556, 558, 559, 563, 564, 566, 567, 570, 571, 572, 586, 587, 595, 605, 613, 633, 639, 640, 641, 657, 672, 704, 717, 726, 736, 759, 761, 765, 768, 780, 788, 792, 826]",[],[],7/6 successful match,False,,False,174,False,,0.9933333333333333,True,Mr T's Self Serve ( Spirit ),
Tucson ( 85706 ) Mr T's Self Serve,520-574-1400 I-10 Exit 268 (,24,Tucson,85706,Mr T's Self Serve,520-574-1400,2015,Tucson,AZ,,(,I-10 Exit 268 ,Exit,268,False,,False,I-10,,,,,[],[],"[65, 76, 99, 539, 550, 570]","[76, 99, 550, 570]","[0, 1, 2, 3, 4, 5, 6, 7, 8, 9, 10, 11, 12, 13, 14, 15, 16, 17, 18, 19, 20, 21, 22, 23, 24, 25, 26, 27, 28, 29, 30, 31, 32, 33, 34, 35, 36, 37, 38, 39, 40, 41, 42, 43, 44, 45, 46, 47, 48, 49, 50, 51, 52, 53, 54, 55, 56, 57, 58, 59, 60, 61, 62, 63, 64, 65, 66, 67, 68, 69, 70, 71, 72, 73, 74, 75, 76, 77, 78, 79, 80, 81, 82, 83, 84, 85, 86, 87, 88, 89, 90, 91, 92, 93, 94, 95, 96, 97, 98, 99, 100, 101, 102, 485, 486, 487, 488, 489, 490, 491, 492, 493, 494, 495, 496, 497, 498, 499, 500, 501, 502, 503, 504, 505, 506, 507, 508, 509, 510, 511, 512, 513, 514, 515, 516, 517, 518, 519, 520, 521, 522, 523, 524, 525, 526, 527, 528, 529, 530, 531, 532, 533, 534, 535, 536, 537, 538, 539, 540, 541, 542, 543, 544, 545, 546, 547, 548, 549, 550, 551, 552, 553, 554, 555, 556, 557, 558, 559, 560, 561, 562, 563, 564, 565, 566, 567, 568, 569, 570, 571, 572, 573]","[0, 5, 7, 10, 14, 19, 20, 22, 24, 32, 33, 34, 37, 38, 40, 44, 46, 48, 49, 51, 56, 61, 63, 65, 67, 68, 73, 74, 75, 76, 79, 81, 82, 83, 85, 87, 88, 92, 93, 95, 96, 99, 100, 101, 115, 116, 124, 134, 142, 161, 167, 169, 170, 186, 202, 240, 244, 254, 260, 267, 277, 300, 303, 307, 310, 322, 331, 376, 485, 491, 493, 495, 499, 503, 504, 506, 508, 515, 518, 519, 521, 524, 526, 528, 533, 537, 539, 542, 543, 547, 548, 549, 550, 551, 553, 554, 556, 558, 559, 563, 564, 566, 567, 570, 571, 572, 586, 587, 595, 605, 613, 633, 639, 640, 641, 657, 672, 704, 717, 726, 736, 759, 761, 765, 768, 780, 788, 792, 826]",[],[],"[0, 1, 2, 3, 4, 5, 6, 7, 8, 9, 10, 11, 12, 13, 14, 15, 16, 17, 18, 19, 20, 21, 22, 23, 24, 25, 26, 539, 27, 28, 29, 30, 31, 32, 33, 34, 35, 36, 550, 37, 38, 39, 40, 41, 42, 43, 44, 45, 46, 47, 48, 49, 50, 51, 52, 53, 54, 55, 570, 56, 57, 58, 59, 60, 61, 65, 62, 63, 64, 66, 67, 68, 69, 70, 71, 72, 76, 73, 74, 75, 77, 78, 79, 80, 81, 82, 83, 84, 85, 86, 87, 88, 89, 90, 91, 92, 93, 94, 95, 99, 96, 97, 98, 100, 101, 102, 528, 529, 530, 613, 513, 531, 115, 116, 532, 633, 533, 124, 534, 639, 640, 641, 535, 134, 514, 536, 537, 142, 657, 538, 540, 672, 515, 541, 161, 542, 167, 169, 170, 543, 544, 545, 516, 186, 546, 704, 547, 548, 202, 549, 717, 517, 551, 726, 552, 553, 736, 554, 555, 518, 556, 240, 557, 244, 759, 558, 761, 559, 254, 765, 768, 560, 260, 519, 561, 267, 562, 780, 563, 788, 277, 564, 792, 565, 520, 566, 567, 568, 300, 569, 303, 307, 310, 521, 571, 826, 572, 322, 573, 331, 522, 523, 376, 524, 586, 587, 525, 512, 595, 526, 527, 605, 485, 486, 487, 488, 489, 490, 491, 492, 493, 494, 495, 496, 497, 498, 499, 500, 501, 502, 503, 504, 505, 506, 507, 508, 509, 510, 511]",False,[],"[0, 1, 2, 3, 4, 5, 6, 7, 8, 9, 10, 11, 12, 13, 14, 15, 16, 17, 18, 19, 20, 21, 22, 23, 24, 25, 26, 27, 28, 29, 30, 31, 32, 33, 34, 35, 36, 37, 38, 39, 40, 41, 42, 43, 44, 45, 46, 47, 48, 49, 50, 51, 52, 53, 54, 55, 56, 57, 58, 59, 60, 61, 62, 63, 64, 65, 66, 67, 68, 69, 70, 71, 72, 73, 74, 75, 76, 77, 78, 79, 80, 81, 82, 83, 84, 85, 86, 87, 88, 89, 90, 91, 92, 93, 94, 95, 96, 97, 98, 99, 100, 101, 102, 485, 486, 487, 488, 489, 490, 491, 492, 493, 494, 495, 496, 497, 498, 499, 500, 501, 502, 503, 504, 505, 506, 507, 508, 509, 510, 511, 512, 513, 514, 515, 516, 517, 518, 519, 520, 521, 522, 523, 524, 525, 526, 527, 528, 529, 530, 531, 532, 533, 534, 535, 536, 537, 538, 539, 540, 541, 542, 543, 544, 545, 546, 547, 548, 549, 550, 551, 552, 553, 554, 555, 556, 557, 558, 559, 560, 561, 562, 563, 564, 565, 566, 567, 568, 569, 570, 571, 572, 573]","[65, 76, 99, 539, 550, 570]","[76, 99, 550, 570]","[0, 5, 7, 10, 14, 19, 20, 22, 24, 32, 33, 34, 37, 38, 40, 44, 46, 48, 49, 51, 56, 61, 63, 65, 67, 68, 73, 74, 75, 76, 79, 81, 82, 83, 85, 87, 88, 92, 93, 95, 96, 99, 100, 101, 115, 116, 124, 134, 142, 161, 167, 169, 170, 186, 202, 240, 244, 254, 260, 267, 277, 300, 303, 307, 310, 322, 331, 376, 485, 491, 493, 495, 499, 503, 504, 506, 508, 515, 518, 519, 521, 524, 526, 528, 533, 537, 539, 542, 543, 547, 548, 549, 550, 551, 553, 554, 556, 558, 559, 563, 564, 566, 567, 570, 571, 572, 586, 587, 595, 605, 613, 633, 639, 640, 641, 657, 672, 704, 717, 726, 736, 759, 761, 765, 768, 780, 788, 792, 826]",[],[],7/6 successful match,False,,False,174,False,,1.0,True,Mr T's Self Serve,
Tucson ( 85706 ) Mr T's Self Serve,5 520-574-1400 I-10 Exit 268 ( Craycroft ),24 XL 24,Tucson,85706,Mr T's Self Serve,520-574-1400,2016,Tucson,AZ,,( Craycroft ),I-10 Exit 268 ,Exit,268,False,,False,I-10,,,,,[],[],"[65, 76, 99, 539, 550, 570]","[76, 99, 550, 570]","[0, 1, 2, 3, 4, 5, 6, 7, 8, 9, 10, 11, 12, 13, 14, 15, 16, 17, 18, 19, 20, 21, 22, 23, 24, 25, 26, 27, 28, 29, 30, 31, 32, 33, 34, 35, 36, 37, 38, 39, 40, 41, 42, 43, 44, 45, 46, 47, 48, 49, 50, 51, 52, 53, 54, 55, 56, 57, 58, 59, 60, 61, 62, 63, 64, 65, 66, 67, 68, 69, 70, 71, 72, 73, 74, 75, 76, 77, 78, 79, 80, 81, 82, 83, 84, 85, 86, 87, 88, 89, 90, 91, 92, 93, 94, 95, 96, 97, 98, 99, 100, 101, 102, 485, 486, 487, 488, 489, 490, 491, 492, 493, 494, 495, 496, 497, 498, 499, 500, 501, 502, 503, 504, 505, 506, 507, 508, 509, 510, 511, 512, 513, 514, 515, 516, 517, 518, 519, 520, 521, 522, 523, 524, 525, 526, 527, 528, 529, 530, 531, 532, 533, 534, 535, 536, 537, 538, 539, 540, 541, 542, 543, 544, 545, 546, 547, 548, 549, 550, 551, 552, 553, 554, 555, 556, 557, 558, 559, 560, 561, 562, 563, 564, 565, 566, 567, 568, 569, 570, 571, 572, 573]","[0, 5, 7, 10, 14, 19, 20, 22, 24, 32, 33, 34, 37, 38, 40, 44, 46, 48, 49, 51, 56, 61, 63, 65, 67, 68, 73, 74, 75, 76, 79, 81, 82, 83, 85, 87, 88, 92, 93, 95, 96, 99, 100, 101, 115, 116, 124, 134, 142, 161, 167, 169, 170, 186, 202, 240, 244, 254, 260, 267, 277, 300, 303, 307, 310, 322, 331, 376, 485, 491, 493, 495, 499, 503, 504, 506, 508, 515, 518, 519, 521, 524, 526, 528, 533, 537, 539, 542, 543, 547, 548, 549, 550, 551, 553, 554, 556, 558, 559, 563, 564, 566, 567, 570, 571, 572, 586, 587, 595, 605, 613, 633, 639, 640, 641, 657, 672, 704, 717, 726, 736, 759, 761, 765, 768, 780, 788, 792, 826]",[],[],"[0, 1, 2, 3, 4, 5, 6, 7, 8, 9, 10, 11, 12, 13, 14, 15, 16, 17, 18, 19, 20, 21, 22, 23, 24, 25, 26, 539, 27, 28, 29, 30, 31, 32, 33, 34, 35, 36, 550, 37, 38, 39, 40, 41, 42, 43, 44, 45, 46, 47, 48, 49, 50, 51, 52, 53, 54, 55, 570, 56, 57, 58, 59, 60, 61, 65, 62, 63, 64, 66, 67, 68, 69, 70, 71, 72, 76, 73, 74, 75, 77, 78, 79, 80, 81, 82, 83, 84, 85, 86, 87, 88, 89, 90, 91, 92, 93, 94, 95, 99, 96, 97, 98, 100, 101, 102, 528, 529, 530, 613, 513, 531, 115, 116, 532, 633, 533, 124, 534, 639, 640, 641, 535, 134, 514, 536, 537, 142, 657, 538, 540, 672, 515, 541, 161, 542, 167, 169, 170, 543, 544, 545, 516, 186, 546, 704, 547, 548, 202, 549, 717, 517, 551, 726, 552, 553, 736, 554, 555, 518, 556, 240, 557, 244, 759, 558, 761, 559, 254, 765, 768, 560, 260, 519, 561, 267, 562, 780, 563, 788, 277, 564, 792, 565, 520, 566, 567, 568, 300, 569, 303, 307, 310, 521, 571, 826, 572, 322, 573, 331, 522, 523, 376, 524, 586, 587, 525, 512, 595, 526, 527, 605, 485, 486, 487, 488, 489, 490, 491, 492, 493, 494, 495, 496, 497, 498, 499, 500, 501, 502, 503, 504, 505, 506, 507, 508, 509, 510, 511]",False,[],"[0, 1, 2, 3, 4, 5, 6, 7, 8, 9, 10, 11, 12, 13, 14, 15, 16, 17, 18, 19, 20, 21, 22, 23, 24, 25, 26, 27, 28, 29, 30, 31, 32, 33, 34, 35, 36, 37, 38, 39, 40, 41, 42, 43, 44, 45, 46, 47, 48, 49, 50, 51, 52, 53, 54, 55, 56, 57, 58, 59, 60, 61, 62, 63, 64, 65, 66, 67, 68, 69, 70, 71, 72, 73, 74, 75, 76, 77, 78, 79, 80, 81, 82, 83, 84, 85, 86, 87, 88, 89, 90, 91, 92, 93, 94, 95, 96, 97, 98, 99, 100, 101, 102, 485, 486, 487, 488, 489, 490, 491, 492, 493, 494, 495, 496, 497, 498, 499, 500, 501, 502, 503, 504, 505, 506, 507, 508, 509, 510, 511, 512, 513, 514, 515, 516, 517, 518, 519, 520, 521, 522, 523, 524, 525, 526, 527, 528, 529, 530, 531, 532, 533, 534, 535, 536, 537, 538, 539, 540, 541, 542, 543, 544, 545, 546, 547, 548, 549, 550, 551, 552, 553, 554, 555, 556, 557, 558, 559, 560, 561, 562, 563, 564, 565, 566, 567, 568, 569, 570, 571, 572, 573]","[65, 76, 99, 539, 550, 570]","[76, 99, 550, 570]","[0, 5, 7, 10, 14, 19, 20, 22, 24, 32, 33, 34, 37, 38, 40, 44, 46, 48, 49, 51, 56, 61, 63, 65, 67, 68, 73, 74, 75, 76, 79, 81, 82, 83, 85, 87, 88, 92, 93, 95, 96, 99, 100, 101, 115, 116, 124, 134, 142, 161, 167, 169, 170, 186, 202, 240, 244, 254, 260, 267, 277, 300, 303, 307, 310, 322, 331, 376, 485, 491, 493, 495, 499, 503, 504, 506, 508, 515, 518, 519, 521, 524, 526, 528, 533, 537, 539, 542, 543, 547, 548, 549, 550, 551, 553, 554, 556, 558, 559, 563, 564, 566, 567, 570, 571, 572, 586, 587, 595, 605, 613, 633, 639, 640, 641, 657, 672, 704, 717, 726, 736, 759, 761, 765, 768, 780, 788, 792, 826]",[],[],7/6 successful match,False,,False,174,False,,1.0,True,Mr T's Self Serve,
"Flagstaff , 86001 Holdings Little America ( Sinclair )",928-779-7942 I-40 Exit 198 ( Butler Ave S ),FRS M,Flagstaff,86001,Holdings Little America ( Sinclair ),928-779-7942,2006,Flagstaff,AZ,Sinclair,( Butler Ave S ),I-40 Exit 198 ,Exit,198,False,,False,I-40,,,,,"[514, 31]",[],"[3, 31, 489, 514]","[31, 514]","[0, 1, 2, 3, 4, 5, 6, 7, 8, 9, 10, 11, 12, 13, 14, 15, 16, 17, 18, 19, 20, 21, 22, 23, 24, 25, 26, 27, 28, 29, 30, 31, 32, 33, 34, 35, 36, 37, 38, 39, 40, 41, 42, 43, 44, 45, 46, 47, 48, 49, 50, 51, 52, 53, 54, 55, 56, 57, 58, 59, 60, 61, 62, 63, 64, 65, 66, 67, 68, 69, 70, 71, 72, 73, 74, 75, 76, 77, 78, 79, 80, 81, 82, 83, 84, 85, 86, 87, 88, 89, 90, 91, 92, 93, 94, 95, 96, 97, 98, 99, 100, 101, 102, 485, 486, 487, 488, 489, 490, 491, 492, 493, 494, 495, 496, 497, 498, 499, 500, 501, 502, 503, 504, 505, 506, 507, 508, 509, 510, 511, 512, 513, 514, 515, 516, 517, 518, 519, 520, 521, 522, 523, 524, 525, 526, 527, 528, 529, 530, 531, 532, 533, 534, 535, 536, 537, 538, 539, 540, 541, 542, 543, 544, 545, 546, 547, 548, 549, 550, 551, 552, 553, 554, 555, 556, 557, 558, 559, 560, 561, 562, 563, 564, 565, 566, 567, 568, 569, 570, 571, 572, 573]","[4, 11, 18, 21, 23, 26, 27, 28, 31, 35, 36, 43, 45, 52, 55, 56, 60, 62, 64, 70, 71, 80, 90, 94, 97, 183, 197, 232, 334, 426, 455, 472, 477, 478, 480, 483, 484, 490, 496, 505, 507, 509, 510, 511, 514, 516, 517, 523, 525, 529, 532, 533, 536, 538, 545, 546, 552, 561, 565, 568, 654, 668, 696, 790, 857, 878, 902, 919, 928, 929, 932, 934, 935]","[31, 142, 147, 180, 338, 352, 367, 387, 403, 405, 408, 410, 455, 465, 466, 468, 470, 472, 473, 483, 484, 514, 613, 618, 651, 794, 807, 837, 852, 854, 858, 861, 902, 912, 913, 915, 917, 919, 920, 931, 934, 935]","[31, 142, 147, 180, 338, 352, 367, 387, 403, 405, 408, 410, 455, 465, 466, 468, 470, 472, 473, 483, 484, 514, 613, 618, 651, 794, 807, 837, 852, 854, 858, 861, 902, 912, 913, 915, 917, 919, 920, 931, 934, 935]","[0, 1, 514, 3, 2, 4, 5, 6, 7, 8, 9, 10, 11, 12, 13, 14, 15, 16, 17, 18, 19, 20, 21, 22, 23, 24, 25, 26, 27, 28, 29, 31, 30, 32, 33, 34, 35, 36, 37, 38, 39, 40, 41, 42, 43, 44, 45, 46, 47, 48, 49, 50, 51, 52, 53, 54, 55, 56, 57, 58, 59, 60, 61, 62, 63, 64, 65, 66, 67, 68, 69, 70, 71, 72, 73, 74, 75, 76, 77, 78, 79, 80, 81, 82, 83, 84, 85, 86, 87, 88, 89, 90, 91, 92, 93, 94, 95, 96, 97, 98, 99, 100, 101, 102, 528, 529, 613, 530, 618, 513, 531, 532, 533, 534, 535, 536, 651, 537, 654, 142, 538, 147, 539, 668, 540, 515, 541, 542, 543, 544, 180, 545, 183, 696, 516, 546, 547, 197, 548, 549, 550, 517, 551, 552, 553, 554, 232, 555, 518, 556, 557, 558, 559, 560, 519, 561, 562, 563, 564, 790, 794, 565, 520, 566, 567, 807, 568, 569, 570, 521, 571, 572, 573, 837, 334, 522, 338, 852, 854, 857, 858, 861, 352, 523, 878, 367, 524, 387, 902, 912, 913, 403, 915, 405, 917, 919, 408, 920, 410, 525, 928, 929, 931, 932, 934, 935, 426, 512, 526, 455, 527, 465, 466, 468, 470, 472, 473, 477, 478, 480, 483, 484, 485, 486, 487, 488, 489, 490, 491, 492, 493, 494, 495, 496, 497, 498, 499, 500, 501, 502, 503, 504, 505, 506, 507, 508, 509, 510, 511]",True,[],"[0, 1, 2, 3, 4, 5, 6, 7, 8, 9, 10, 11, 12, 13, 14, 15, 16, 17, 18, 19, 20, 21, 22, 23, 24, 25, 26, 27, 28, 29, 30, 31, 32, 33, 34, 35, 36, 37, 38, 39, 40, 41, 42, 43, 44, 45, 46, 47, 48, 49, 50, 51, 52, 53, 54, 55, 56, 57, 58, 59, 60, 61, 62, 63, 64, 65, 66, 67, 68, 69, 70, 71, 72, 73, 74, 75, 76, 77, 78, 79, 80, 81, 82, 83, 84, 85, 86, 87, 88, 89, 90, 91, 92, 93, 94, 95, 96, 97, 98, 99, 100, 101, 102, 485, 486, 487, 488, 489, 490, 491, 492, 493, 494, 495, 496, 497, 498, 499, 500, 501, 502, 503, 504, 505, 506, 507, 508, 509, 510, 511, 512, 513, 514, 515, 516, 517, 518, 519, 520, 521, 522, 523, 524, 525, 526, 527, 528, 529, 530, 531, 532, 533, 534, 535, 536, 537, 538, 539, 540, 541, 542, 543, 544, 545, 546, 547, 548, 549, 550, 551, 552, 553, 554, 555, 556, 557, 558, 559, 560, 561, 562, 563, 564, 565, 566, 567, 568, 569, 570, 571, 572, 573]","[3, 31, 489, 514]","[31, 514]","[4, 11, 18, 21, 23, 26, 27, 28, 31, 35, 36, 43, 45, 52, 55, 56, 60, 62, 64, 70, 71, 80, 90, 94, 97, 183, 197, 232, 334, 426, 455, 472, 477, 478, 480, 483, 484, 490, 496, 505, 507, 509, 510, 511, 514, 516, 517, 523, 525, 529, 532, 533, 536, 538, 545, 546, 552, 561, 565, 568, 654, 668, 696, 790, 857, 878, 902, 919, 928, 929, 932, 934, 935]","[31, 142, 147, 180, 338, 352, 367, 387, 403, 405, 408, 410, 455, 465, 466, 468, 470, 472, 473, 483, 484, 514, 613, 618, 651, 794, 807, 837, 852, 854, 858, 861, 902, 912, 913, 915, 917, 919, 920, 931, 934, 935]","[31, 142, 147, 180, 338, 352, 367, 387, 403, 405, 408, 410, 455, 465, 466, 468, 470, 472, 473, 483, 484, 514, 613, 618, 651, 794, 807, 837, 852, 854, 858, 861, 902, 912, 913, 915, 917, 919, 920, 931, 934, 935]",7/6 successful match,True,[306],True,175,False,,,,,
"Flagstaff , 86001 Holdings Little America ( Sinclair ) )",928-779-7942 I-40 Exit 198 ( Butler Ave S ),24 48 XL,Flagstaff,86001,Holdings Little America ( Sinclair ) ),928-779-7942,2007,Flagstaff,AZ,Sinclair,( Butler Ave S ),I-40 Exit 198 ,Exit,198,False,,False,I-40,,,,,"[514, 31]",[],"[3, 31, 489, 514]","[31, 514]","[0, 1, 2, 3, 4, 5, 6, 7, 8, 9, 10, 11, 12, 13, 14, 15, 16, 17, 18, 19, 20, 21, 22, 23, 24, 25, 26, 27, 28, 29, 30, 31, 32, 33, 34, 35, 36, 37, 38, 39, 40, 41, 42, 43, 44, 45, 46, 47, 48, 49, 50, 51, 52, 53, 54, 55, 56, 57, 58, 59, 60, 61, 62, 63, 64, 65, 66, 67, 68, 69, 70, 71, 72, 73, 74, 75, 76, 77, 78, 79, 80, 81, 82, 83, 84, 85, 86, 87, 88, 89, 90, 91, 92, 93, 94, 95, 96, 97, 98, 99, 100, 101, 102, 485, 486, 487, 488, 489, 490, 491, 492, 493, 494, 495, 496, 497, 498, 499, 500, 501, 502, 503, 504, 505, 506, 507, 508, 509, 510, 511, 512, 513, 514, 515, 516, 517, 518, 519, 520, 521, 522, 523, 524, 525, 526, 527, 528, 529, 530, 531, 532, 533, 534, 535, 536, 537, 538, 539, 540, 541, 542, 543, 544, 545, 546, 547, 548, 549, 550, 551, 552, 553, 554, 555, 556, 557, 558, 559, 560, 561, 562, 563, 564, 565, 566, 567, 568, 569, 570, 571, 572, 573]","[4, 11, 18, 21, 23, 26, 27, 28, 31, 35, 36, 43, 45, 52, 55, 56, 60, 62, 64, 70, 71, 80, 90, 94, 97, 183, 197, 232, 334, 426, 455, 472, 477, 478, 480, 483, 484, 490, 496, 505, 507, 509, 510, 511, 514, 516, 517, 523, 525, 529, 532, 533, 536, 538, 545, 546, 552, 561, 565, 568, 654, 668, 696, 790, 857, 878, 902, 919, 928, 929, 932, 934, 935]","[31, 142, 147, 180, 338, 352, 367, 387, 403, 405, 408, 410, 455, 465, 466, 468, 470, 472, 473, 483, 484, 514, 613, 618, 651, 794, 807, 837, 852, 854, 858, 861, 902, 912, 913, 915, 917, 919, 920, 931, 934, 935]","[31, 142, 147, 180, 338, 352, 367, 387, 403, 405, 408, 410, 455, 465, 466, 468, 470, 472, 473, 483, 484, 514, 613, 618, 651, 794, 807, 837, 852, 854, 858, 861, 902, 912, 913, 915, 917, 919, 920, 931, 934, 935]","[0, 1, 514, 3, 2, 4, 5, 6, 7, 8, 9, 10, 11, 12, 13, 14, 15, 16, 17, 18, 19, 20, 21, 22, 23, 24, 25, 26, 27, 28, 29, 31, 30, 32, 33, 34, 35, 36, 37, 38, 39, 40, 41, 42, 43, 44, 45, 46, 47, 48, 49, 50, 51, 52, 53, 54, 55, 56, 57, 58, 59, 60, 61, 62, 63, 64, 65, 66, 67, 68, 69, 70, 71, 72, 73, 74, 75, 76, 77, 78, 79, 80, 81, 82, 83, 84, 85, 86, 87, 88, 89, 90, 91, 92, 93, 94, 95, 96, 97, 98, 99, 100, 101, 102, 528, 529, 613, 530, 618, 513, 531, 532, 533, 534, 535, 536, 651, 537, 654, 142, 538, 147, 539, 668, 540, 515, 541, 542, 543, 544, 180, 545, 183, 696, 516, 546, 547, 197, 548, 549, 550, 517, 551, 552, 553, 554, 232, 555, 518, 556, 557, 558, 559, 560, 519, 561, 562, 563, 564, 790, 794, 565, 520, 566, 567, 807, 568, 569, 570, 521, 571, 572, 573, 837, 334, 522, 338, 852, 854, 857, 858, 861, 352, 523, 878, 367, 524, 387, 902, 912, 913, 403, 915, 405, 917, 919, 408, 920, 410, 525, 928, 929, 931, 932, 934, 935, 426, 512, 526, 455, 527, 465, 466, 468, 470, 472, 473, 477, 478, 480, 483, 484, 485, 486, 487, 488, 489, 490, 491, 492, 493, 494, 495, 496, 497, 498, 499, 500, 501, 502, 503, 504, 505, 506, 507, 508, 509, 510, 511]",True,[],"[0, 1, 2, 3, 4, 5, 6, 7, 8, 9, 10, 11, 12, 13, 14, 15, 16, 17, 18, 19, 20, 21, 22, 23, 24, 25, 26, 27, 28, 29, 30, 31, 32, 33, 34, 35, 36, 37, 38, 39, 40, 41, 42, 43, 44, 45, 46, 47, 48, 49, 50, 51, 52, 53, 54, 55, 56, 57, 58, 59, 60, 61, 62, 63, 64, 65, 66, 67, 68, 69, 70, 71, 72, 73, 74, 75, 76, 77, 78, 79, 80, 81, 82, 83, 84, 85, 86, 87, 88, 89, 90, 91, 92, 93, 94, 95, 96, 97, 98, 99, 100, 101, 102, 485, 486, 487, 488, 489, 490, 491, 492, 493, 494, 495, 496, 497, 498, 499, 500, 501, 502, 503, 504, 505, 506, 507, 508, 509, 510, 511, 512, 513, 514, 515, 516, 517, 518, 519, 520, 521, 522, 523, 524, 525, 526, 527, 528, 529, 530, 531, 532, 533, 534, 535, 536, 537, 538, 539, 540, 541, 542, 543, 544, 545, 546, 547, 548, 549, 550, 551, 552, 553, 554, 555, 556, 557, 558, 559, 560, 561, 562, 563, 564, 565, 566, 567, 568, 569, 570, 571, 572, 573]","[3, 31, 489, 514]","[31, 514]","[4, 11, 18, 21, 23, 26, 27, 28, 31, 35, 36, 43, 45, 52, 55, 56, 60, 62, 64, 70, 71, 80, 90, 94, 97, 183, 197, 232, 334, 426, 455, 472, 477, 478, 480, 483, 484, 490, 496, 505, 507, 509, 510, 511, 514, 516, 517, 523, 525, 529, 532, 533, 536, 538, 545, 546, 552, 561, 565, 568, 654, 668, 696, 790, 857, 878, 902, 919, 928, 929, 932, 934, 935]","[31, 142, 147, 180, 338, 352, 367, 387, 403, 405, 408, 410, 455, 465, 466, 468, 470, 472, 473, 483, 484, 514, 613, 618, 651, 794, 807, 837, 852, 854, 858, 861, 902, 912, 913, 915, 917, 919, 920, 931, 934, 935]","[31, 142, 147, 180, 338, 352, 367, 387, 403, 405, 408, 410, 455, 465, 466, 468, 470, 472, 473, 483, 484, 514, 613, 618, 651, 794, 807, 837, 852, 854, 858, 861, 902, 912, 913, 915, 917, 919, 920, 931, 934, 935]",7/6 successful match,True,[306],True,175,False,,1.0,True,Holdings Little America ( Sinclair ),Sinclair
"Flagstaff , 86001 Little America ( Sinclair )",928-779-7942 I-40 Exit 198 ( Butler Ave S ),24 HRS XL <U+25A0><U+25A0>,Flagstaff,86001,Little America ( Sinclair ),928-779-7942,2008,Flagstaff,AZ,Sinclair,( Butler Ave S ),I-40 Exit 198 ,Exit,198,False,,False,I-40,,,,,"[514, 31]",[],"[3, 31, 489, 514]","[31, 514]","[0, 1, 2, 3, 4, 5, 6, 7, 8, 9, 10, 11, 12, 13, 14, 15, 16, 17, 18, 19, 20, 21, 22, 23, 24, 25, 26, 27, 28, 29, 30, 31, 32, 33, 34, 35, 36, 37, 38, 39, 40, 41, 42, 43, 44, 45, 46, 47, 48, 49, 50, 51, 52, 53, 54, 55, 56, 57, 58, 59, 60, 61, 62, 63, 64, 65, 66, 67, 68, 69, 70, 71, 72, 73, 74, 75, 76, 77, 78, 79, 80, 81, 82, 83, 84, 85, 86, 87, 88, 89, 90, 91, 92, 93, 94, 95, 96, 97, 98, 99, 100, 101, 102, 485, 486, 487, 488, 489, 490, 491, 492, 493, 494, 495, 496, 497, 498, 499, 500, 501, 502, 503, 504, 505, 506, 507, 508, 509, 510, 511, 512, 513, 514, 515, 516, 517, 518, 519, 520, 521, 522, 523, 524, 525, 526, 527, 528, 529, 530, 531, 532, 533, 534, 535, 536, 537, 538, 539, 540, 541, 542, 543, 544, 545, 546, 547, 548, 549, 550, 551, 552, 553, 554, 555, 556, 557, 558, 559, 560, 561, 562, 563, 564, 565, 566, 567, 568, 569, 570, 571, 572, 573]","[4, 11, 18, 21, 23, 26, 27, 28, 31, 35, 36, 43, 45, 52, 55, 56, 60, 62, 64, 70, 71, 80, 90, 94, 97, 183, 197, 232, 334, 426, 455, 472, 477, 478, 480, 483, 484, 490, 496, 505, 507, 509, 510, 511, 514, 516, 517, 523, 525, 529, 532, 533, 536, 538, 545, 546, 552, 561, 565, 568, 654, 668, 696, 790, 857, 878, 902, 919, 928, 929, 932, 934, 935]","[31, 142, 147, 180, 338, 352, 367, 387, 403, 405, 408, 410, 455, 465, 466, 468, 470, 472, 473, 483, 484, 514, 613, 618, 651, 794, 807, 837, 852, 854, 858, 861, 902, 912, 913, 915, 917, 919, 920, 931, 934, 935]","[31, 142, 147, 180, 338, 352, 367, 387, 403, 405, 408, 410, 455, 465, 466, 468, 470, 472, 473, 483, 484, 514, 613, 618, 651, 794, 807, 837, 852, 854, 858, 861, 902, 912, 913, 915, 917, 919, 920, 931, 934, 935]","[0, 1, 514, 3, 2, 4, 5, 6, 7, 8, 9, 10, 11, 12, 13, 14, 15, 16, 17, 18, 19, 20, 21, 22, 23, 24, 25, 26, 27, 28, 29, 31, 30, 32, 33, 34, 35, 36, 37, 38, 39, 40, 41, 42, 43, 44, 45, 46, 47, 48, 49, 50, 51, 52, 53, 54, 55, 56, 57, 58, 59, 60, 61, 62, 63, 64, 65, 66, 67, 68, 69, 70, 71, 72, 73, 74, 75, 76, 77, 78, 79, 80, 81, 82, 83, 84, 85, 86, 87, 88, 89, 90, 91, 92, 93, 94, 95, 96, 97, 98, 99, 100, 101, 102, 528, 529, 613, 530, 618, 513, 531, 532, 533, 534, 535, 536, 651, 537, 654, 142, 538, 147, 539, 668, 540, 515, 541, 542, 543, 544, 180, 545, 183, 696, 516, 546, 547, 197, 548, 549, 550, 517, 551, 552, 553, 554, 232, 555, 518, 556, 557, 558, 559, 560, 519, 561, 562, 563, 564, 790, 794, 565, 520, 566, 567, 807, 568, 569, 570, 521, 571, 572, 573, 837, 334, 522, 338, 852, 854, 857, 858, 861, 352, 523, 878, 367, 524, 387, 902, 912, 913, 403, 915, 405, 917, 919, 408, 920, 410, 525, 928, 929, 931, 932, 934, 935, 426, 512, 526, 455, 527, 465, 466, 468, 470, 472, 473, 477, 478, 480, 483, 484, 485, 486, 487, 488, 489, 490, 491, 492, 493, 494, 495, 496, 497, 498, 499, 500, 501, 502, 503, 504, 505, 506, 507, 508, 509, 510, 511]",True,[],"[0, 1, 2, 3, 4, 5, 6, 7, 8, 9, 10, 11, 12, 13, 14, 15, 16, 17, 18, 19, 20, 21, 22, 23, 24, 25, 26, 27, 28, 29, 30, 31, 32, 33, 34, 35, 36, 37, 38, 39, 40, 41, 42, 43, 44, 45, 46, 47, 48, 49, 50, 51, 52, 53, 54, 55, 56, 57, 58, 59, 60, 61, 62, 63, 64, 65, 66, 67, 68, 69, 70, 71, 72, 73, 74, 75, 76, 77, 78, 79, 80, 81, 82, 83, 84, 85, 86, 87, 88, 89, 90, 91, 92, 93, 94, 95, 96, 97, 98, 99, 100, 101, 102, 485, 486, 487, 488, 489, 490, 491, 492, 493, 494, 495, 496, 497, 498, 499, 500, 501, 502, 503, 504, 505, 506, 507, 508, 509, 510, 511, 512, 513, 514, 515, 516, 517, 518, 519, 520, 521, 522, 523, 524, 525, 526, 527, 528, 529, 530, 531, 532, 533, 534, 535, 536, 537, 538, 539, 540, 541, 542, 543, 544, 545, 546, 547, 548, 549, 550, 551, 552, 553, 554, 555, 556, 557, 558, 559, 560, 561, 562, 563, 564, 565, 566, 567, 568, 569, 570, 571, 572, 573]","[3, 31, 489, 514]","[31, 514]","[4, 11, 18, 21, 23, 26, 27, 28, 31, 35, 36, 43, 45, 52, 55, 56, 60, 62, 64, 70, 71, 80, 90, 94, 97, 183, 197, 232, 334, 426, 455, 472, 477, 478, 480, 483, 484, 490, 496, 505, 507, 509, 510, 511, 514, 516, 517, 523, 525, 529, 532, 533, 536, 538, 545, 546, 552, 561, 565, 568, 654, 668, 696, 790, 857, 878, 902, 919, 928, 929, 932, 934, 935]","[31, 142, 147, 180, 338, 352, 367, 387, 403, 405, 408, 410, 455, 465, 466, 468, 470, 472, 473, 483, 484, 514, 613, 618, 651, 794, 807, 837, 852, 854, 858, 861, 902, 912, 913, 915, 917, 919, 920, 931, 934, 935]","[31, 142, 147, 180, 338, 352, 367, 387, 403, 405, 408, 410, 455, 465, 466, 468, 470, 472, 473, 483, 484, 514, 613, 618, 651, 794, 807, 837, 852, 854, 858, 861, 902, 912, 913, 915, 917, 919, 920, 931, 934, 935]",7/6 successful match,True,[306],True,175,False,,1.0,True,Holdings Little America ( Sinclair ) ),Sinclair
D Flagstaff ( 86001 ) Little America ( Sinclair ),928-779-7942 I-40 Exit 198 ( Butler Ave S ),LO,Flagstaff,86001,Little America ( Sinclair ),928-779-7942,2014,Flagstaff,AZ,Sinclair,( Butler Ave S ),I-40 Exit 198 ,Exit,198,False,,False,I-40,,,,,"[514, 31]",[],"[3, 31, 489, 514]","[31, 514]","[0, 1, 2, 3, 4, 5, 6, 7, 8, 9, 10, 11, 12, 13, 14, 15, 16, 17, 18, 19, 20, 21, 22, 23, 24, 25, 26, 27, 28, 29, 30, 31, 32, 33, 34, 35, 36, 37, 38, 39, 40, 41, 42, 43, 44, 45, 46, 47, 48, 49, 50, 51, 52, 53, 54, 55, 56, 57, 58, 59, 60, 61, 62, 63, 64, 65, 66, 67, 68, 69, 70, 71, 72, 73, 74, 75, 76, 77, 78, 79, 80, 81, 82, 83, 84, 85, 86, 87, 88, 89, 90, 91, 92, 93, 94, 95, 96, 97, 98, 99, 100, 101, 102, 485, 486, 487, 488, 489, 490, 491, 492, 493, 494, 495, 496, 497, 498, 499, 500, 501, 502, 503, 504, 505, 506, 507, 508, 509, 510, 511, 512, 513, 514, 515, 516, 517, 518, 519, 520, 521, 522, 523, 524, 525, 526, 527, 528, 529, 530, 531, 532, 533, 534, 535, 536, 537, 538, 539, 540, 541, 542, 543, 544, 545, 546, 547, 548, 549, 550, 551, 552, 553, 554, 555, 556, 557, 558, 559, 560, 561, 562, 563, 564, 565, 566, 567, 568, 569, 570, 571, 572, 573]","[4, 11, 18, 21, 23, 26, 27, 28, 31, 35, 36, 43, 45, 52, 55, 56, 60, 62, 64, 70, 71, 80, 90, 94, 97, 183, 197, 232, 334, 426, 455, 472, 477, 478, 480, 483, 484, 490, 496, 505, 507, 509, 510, 511, 514, 516, 517, 523, 525, 529, 532, 533, 536, 538, 545, 546, 552, 561, 565, 568, 654, 668, 696, 790, 857, 878, 902, 919, 928, 929, 932, 934, 935]","[31, 142, 147, 180, 338, 352, 367, 387, 403, 405, 408, 410, 455, 465, 466, 468, 470, 472, 473, 483, 484, 514, 613, 618, 651, 794, 807, 837, 852, 854, 858, 861, 902, 912, 913, 915, 917, 919, 920, 931, 934, 935]","[31, 142, 147, 180, 338, 352, 367, 387, 403, 405, 408, 410, 455, 465, 466, 468, 470, 472, 473, 483, 484, 514, 613, 618, 651, 794, 807, 837, 852, 854, 858, 861, 902, 912, 913, 915, 917, 919, 920, 931, 934, 935]","[0, 1, 514, 3, 2, 4, 5, 6, 7, 8, 9, 10, 11, 12, 13, 14, 15, 16, 17, 18, 19, 20, 21, 22, 23, 24, 25, 26, 27, 28, 29, 31, 30, 32, 33, 34, 35, 36, 37, 38, 39, 40, 41, 42, 43, 44, 45, 46, 47, 48, 49, 50, 51, 52, 53, 54, 55, 56, 57, 58, 59, 60, 61, 62, 63, 64, 65, 66, 67, 68, 69, 70, 71, 72, 73, 74, 75, 76, 77, 78, 79, 80, 81, 82, 83, 84, 85, 86, 87, 88, 89, 90, 91, 92, 93, 94, 95, 96, 97, 98, 99, 100, 101, 102, 528, 529, 613, 530, 618, 513, 531, 532, 533, 534, 535, 536, 651, 537, 654, 142, 538, 147, 539, 668, 540, 515, 541, 542, 543, 544, 180, 545, 183, 696, 516, 546, 547, 197, 548, 549, 550, 517, 551, 552, 553, 554, 232, 555, 518, 556, 557, 558, 559, 560, 519, 561, 562, 563, 564, 790, 794, 565, 520, 566, 567, 807, 568, 569, 570, 521, 571, 572, 573, 837, 334, 522, 338, 852, 854, 857, 858, 861, 352, 523, 878, 367, 524, 387, 902, 912, 913, 403, 915, 405, 917, 919, 408, 920, 410, 525, 928, 929, 931, 932, 934, 935, 426, 512, 526, 455, 527, 465, 466, 468, 470, 472, 473, 477, 478, 480, 483, 484, 485, 486, 487, 488, 489, 490, 491, 492, 493, 494, 495, 496, 497, 498, 499, 500, 501, 502, 503, 504, 505, 506, 507, 508, 509, 510, 511]",True,[],"[0, 1, 2, 3, 4, 5, 6, 7, 8, 9, 10, 11, 12, 13, 14, 15, 16, 17, 18, 19, 20, 21, 22, 23, 24, 25, 26, 27, 28, 29, 30, 31, 32, 33, 34, 35, 36, 37, 38, 39, 40, 41, 42, 43, 44, 45, 46, 47, 48, 49, 50, 51, 52, 53, 54, 55, 56, 57, 58, 59, 60, 61, 62, 63, 64, 65, 66, 67, 68, 69, 70, 71, 72, 73, 74, 75, 76, 77, 78, 79, 80, 81, 82, 83, 84, 85, 86, 87, 88, 89, 90, 91, 92, 93, 94, 95, 96, 97, 98, 99, 100, 101, 102, 485, 486, 487, 488, 489, 490, 491, 492, 493, 494, 495, 496, 497, 498, 499, 500, 501, 502, 503, 504, 505, 506, 507, 508, 509, 510, 511, 512, 513, 514, 515, 516, 517, 518, 519, 520, 521, 522, 523, 524, 525, 526, 527, 528, 529, 530, 531, 532, 533, 534, 535, 536, 537, 538, 539, 540, 541, 542, 543, 544, 545, 546, 547, 548, 549, 550, 551, 552, 553, 554, 555, 556, 557, 558, 559, 560, 561, 562, 563, 564, 565, 566, 567, 568, 569, 570, 571, 572, 573]","[3, 31, 489, 514]","[31, 514]","[4, 11, 18, 21, 23, 26, 27, 28, 31, 35, 36, 43, 45, 52, 55, 56, 60, 62, 64, 70, 71, 80, 90, 94, 97, 183, 197, 232, 334, 426, 455, 472, 477, 478, 480, 483, 484, 490, 496, 505, 507, 509, 510, 511, 514, 516, 517, 523, 525, 529, 532, 533, 536, 538, 545, 546, 552, 561, 565, 568, 654, 668, 696, 790, 857, 878, 902, 919, 928, 929, 932, 934, 935]","[31, 142, 147, 180, 338, 352, 367, 387, 403, 405, 408, 410, 455, 465, 466, 468, 470, 472, 473, 483, 484, 514, 613, 618, 651, 794, 807, 837, 852, 854, 858, 861, 902, 912, 913, 915, 917, 919, 920, 931, 934, 935]","[31, 142, 147, 180, 338, 352, 367, 387, 403, 405, 408, 410, 455, 465, 466, 468, 470, 472, 473, 483, 484, 514, 613, 618, 651, 794, 807, 837, 852, 854, 858, 861, 902, 912, 913, 915, 917, 919, 920, 931, 934, 935]",7/6 successful match,True,[306],True,175,False,,1.0,True,Little America ( Sinclair ),Sinclair
Flagstaff ( 86001 ) Little America ( Sinclair ) ),928-779-7942 I-40 Exit 198 ( Butler Ave S ),ACEST 24,Flagstaff,86001,Little America ( Sinclair ) ),928-779-7942,2015,Flagstaff,AZ,Sinclair,( Butler Ave S ),I-40 Exit 198 ,Exit,198,False,,False,I-40,,,,,"[514, 31]",[],"[3, 31, 489, 514]","[31, 514]","[0, 1, 2, 3, 4, 5, 6, 7, 8, 9, 10, 11, 12, 13, 14, 15, 16, 17, 18, 19, 20, 21, 22, 23, 24, 25, 26, 27, 28, 29, 30, 31, 32, 33, 34, 35, 36, 37, 38, 39, 40, 41, 42, 43, 44, 45, 46, 47, 48, 49, 50, 51, 52, 53, 54, 55, 56, 57, 58, 59, 60, 61, 62, 63, 64, 65, 66, 67, 68, 69, 70, 71, 72, 73, 74, 75, 76, 77, 78, 79, 80, 81, 82, 83, 84, 85, 86, 87, 88, 89, 90, 91, 92, 93, 94, 95, 96, 97, 98, 99, 100, 101, 102, 485, 486, 487, 488, 489, 490, 491, 492, 493, 494, 495, 496, 497, 498, 499, 500, 501, 502, 503, 504, 505, 506, 507, 508, 509, 510, 511, 512, 513, 514, 515, 516, 517, 518, 519, 520, 521, 522, 523, 524, 525, 526, 527, 528, 529, 530, 531, 532, 533, 534, 535, 536, 537, 538, 539, 540, 541, 542, 543, 544, 545, 546, 547, 548, 549, 550, 551, 552, 553, 554, 555, 556, 557, 558, 559, 560, 561, 562, 563, 564, 565, 566, 567, 568, 569, 570, 571, 572, 573]","[4, 11, 18, 21, 23, 26, 27, 28, 31, 35, 36, 43, 45, 52, 55, 56, 60, 62, 64, 70, 71, 80, 90, 94, 97, 183, 197, 232, 334, 426, 455, 472, 477, 478, 480, 483, 484, 490, 496, 505, 507, 509, 510, 511, 514, 516, 517, 523, 525, 529, 532, 533, 536, 538, 545, 546, 552, 561, 565, 568, 654, 668, 696, 790, 857, 878, 902, 919, 928, 929, 932, 934, 935]","[31, 142, 147, 180, 338, 352, 367, 387, 403, 405, 408, 410, 455, 465, 466, 468, 470, 472, 473, 483, 484, 514, 613, 618, 651, 794, 807, 837, 852, 854, 858, 861, 902, 912, 913, 915, 917, 919, 920, 931, 934, 935]","[31, 142, 147, 180, 338, 352, 367, 387, 403, 405, 408, 410, 455, 465, 466, 468, 470, 472, 473, 483, 484, 514, 613, 618, 651, 794, 807, 837, 852, 854, 858, 861, 902, 912, 913, 915, 917, 919, 920, 931, 934, 935]","[0, 1, 514, 3, 2, 4, 5, 6, 7, 8, 9, 10, 11, 12, 13, 14, 15, 16, 17, 18, 19, 20, 21, 22, 23, 24, 25, 26, 27, 28, 29, 31, 30, 32, 33, 34, 35, 36, 37, 38, 39, 40, 41, 42, 43, 44, 45, 46, 47, 48, 49, 50, 51, 52, 53, 54, 55, 56, 57, 58, 59, 60, 61, 62, 63, 64, 65, 66, 67, 68, 69, 70, 71, 72, 73, 74, 75, 76, 77, 78, 79, 80, 81, 82, 83, 84, 85, 86, 87, 88, 89, 90, 91, 92, 93, 94, 95, 96, 97, 98, 99, 100, 101, 102, 528, 529, 613, 530, 618, 513, 531, 532, 533, 534, 535, 536, 651, 537, 654, 142, 538, 147, 539, 668, 540, 515, 541, 542, 543, 544, 180, 545, 183, 696, 516, 546, 547, 197, 548, 549, 550, 517, 551, 552, 553, 554, 232, 555, 518, 556, 557, 558, 559, 560, 519, 561, 562, 563, 564, 790, 794, 565, 520, 566, 567, 807, 568, 569, 570, 521, 571, 572, 573, 837, 334, 522, 338, 852, 854, 857, 858, 861, 352, 523, 878, 367, 524, 387, 902, 912, 913, 403, 915, 405, 917, 919, 408, 920, 410, 525, 928, 929, 931, 932, 934, 935, 426, 512, 526, 455, 527, 465, 466, 468, 470, 472, 473, 477, 478, 480, 483, 484, 485, 486, 487, 488, 489, 490, 491, 492, 493, 494, 495, 496, 497, 498, 499, 500, 501, 502, 503, 504, 505, 506, 507, 508, 509, 510, 511]",True,[],"[0, 1, 2, 3, 4, 5, 6, 7, 8, 9, 10, 11, 12, 13, 14, 15, 16, 17, 18, 19, 20, 21, 22, 23, 24, 25, 26, 27, 28, 29, 30, 31, 32, 33, 34, 35, 36, 37, 38, 39, 40, 41, 42, 43, 44, 45, 46, 47, 48, 49, 50, 51, 52, 53, 54, 55, 56, 57, 58, 59, 60, 61, 62, 63, 64, 65, 66, 67, 68, 69, 70, 71, 72, 73, 74, 75, 76, 77, 78, 79, 80, 81, 82, 83, 84, 85, 86, 87, 88, 89, 90, 91, 92, 93, 94, 95, 96, 97, 98, 99, 100, 101, 102, 485, 486, 487, 488, 489, 490, 491, 492, 493, 494, 495, 496, 497, 498, 499, 500, 501, 502, 503, 504, 505, 506, 507, 508, 509, 510, 511, 512, 513, 514, 515, 516, 517, 518, 519, 520, 521, 522, 523, 524, 525, 526, 527, 528, 529, 530, 531, 532, 533, 534, 535, 536, 537, 538, 539, 540, 541, 542, 543, 544, 545, 546, 547, 548, 549, 550, 551, 552, 553, 554, 555, 556, 557, 558, 559, 560, 561, 562, 563, 564, 565, 566, 567, 568, 569, 570, 571, 572, 573]","[3, 31, 489, 514]","[31, 514]","[4, 11, 18, 21, 23, 26, 27, 28, 31, 35, 36, 43, 45, 52, 55, 56, 60, 62, 64, 70, 71, 80, 90, 94, 97, 183, 197, 232, 334, 426, 455, 472, 477, 478, 480, 483, 484, 490, 496, 505, 507, 509, 510, 511, 514, 516, 517, 523, 525, 529, 532, 533, 536, 538, 545, 546, 552, 561, 565, 568, 654, 668, 696, 790, 857, 878, 902, 919, 928, 929, 932, 934, 935]","[31, 142, 147, 180, 338, 352, 367, 387, 403, 405, 408, 410, 455, 465, 466, 468, 470, 472, 473, 483, 484, 514, 613, 618, 651, 794, 807, 837, 852, 854, 858, 861, 902, 912, 913, 915, 917, 919, 920, 931, 934, 935]","[31, 142, 147, 180, 338, 352, 367, 387, 403, 405, 408, 410, 455, 465, 466, 468, 470, 472, 473, 483, 484, 514, 613, 618, 651, 794, 807, 837, 852, 854, 858, 861, 902, 912, 913, 915, 917, 919, 920, 931, 934, 935]",7/6 successful match,True,[306],True,175,False,,1.0,True,Little America ( Sinclair ),Sinclair
D Flagstaff ( 86001 ) Little America ( Sinclair ),4 928-779-7942 I-40 Exit 198 ( Butler Ave S ),24 LO,Flagstaff,86001,Little America ( Sinclair ),928-779-7942,2016,Flagstaff,AZ,Sinclair,( Butler Ave S ),I-40 Exit 198 ,Exit,198,False,,False,I-40,,,,,"[514, 31]",[],"[3, 31, 489, 514]","[31, 514]","[0, 1, 2, 3, 4, 5, 6, 7, 8, 9, 10, 11, 12, 13, 14, 15, 16, 17, 18, 19, 20, 21, 22, 23, 24, 25, 26, 27, 28, 29, 30, 31, 32, 33, 34, 35, 36, 37, 38, 39, 40, 41, 42, 43, 44, 45, 46, 47, 48, 49, 50, 51, 52, 53, 54, 55, 56, 57, 58, 59, 60, 61, 62, 63, 64, 65, 66, 67, 68, 69, 70, 71, 72, 73, 74, 75, 76, 77, 78, 79, 80, 81, 82, 83, 84, 85, 86, 87, 88, 89, 90, 91, 92, 93, 94, 95, 96, 97, 98, 99, 100, 101, 102, 485, 486, 487, 488, 489, 490, 491, 492, 493, 494, 495, 496, 497, 498, 499, 500, 501, 502, 503, 504, 505, 506, 507, 508, 509, 510, 511, 512, 513, 514, 515, 516, 517, 518, 519, 520, 521, 522, 523, 524, 525, 526, 527, 528, 529, 530, 531, 532, 533, 534, 535, 536, 537, 538, 539, 540, 541, 542, 543, 544, 545, 546, 547, 548, 549, 550, 551, 552, 553, 554, 555, 556, 557, 558, 559, 560, 561, 562, 563, 564, 565, 566, 567, 568, 569, 570, 571, 572, 573]","[4, 11, 18, 21, 23, 26, 27, 28, 31, 35, 36, 43, 45, 52, 55, 56, 60, 62, 64, 70, 71, 80, 90, 94, 97, 183, 197, 232, 334, 426, 455, 472, 477, 478, 480, 483, 484, 490, 496, 505, 507, 509, 510, 511, 514, 516, 517, 523, 525, 529, 532, 533, 536, 538, 545, 546, 552, 561, 565, 568, 654, 668, 696, 790, 857, 878, 902, 919, 928, 929, 932, 934, 935]","[31, 142, 147, 180, 338, 352, 367, 387, 403, 405, 408, 410, 455, 465, 466, 468, 470, 472, 473, 483, 484, 514, 613, 618, 651, 794, 807, 837, 852, 854, 858, 861, 902, 912, 913, 915, 917, 919, 920, 931, 934, 935]","[31, 142, 147, 180, 338, 352, 367, 387, 403, 405, 408, 410, 455, 465, 466, 468, 470, 472, 473, 483, 484, 514, 613, 618, 651, 794, 807, 837, 852, 854, 858, 861, 902, 912, 913, 915, 917, 919, 920, 931, 934, 935]","[0, 1, 514, 3, 2, 4, 5, 6, 7, 8, 9, 10, 11, 12, 13, 14, 15, 16, 17, 18, 19, 20, 21, 22, 23, 24, 25, 26, 27, 28, 29, 31, 30, 32, 33, 34, 35, 36, 37, 38, 39, 40, 41, 42, 43, 44, 45, 46, 47, 48, 49, 50, 51, 52, 53, 54, 55, 56, 57, 58, 59, 60, 61, 62, 63, 64, 65, 66, 67, 68, 69, 70, 71, 72, 73, 74, 75, 76, 77, 78, 79, 80, 81, 82, 83, 84, 85, 86, 87, 88, 89, 90, 91, 92, 93, 94, 95, 96, 97, 98, 99, 100, 101, 102, 528, 529, 613, 530, 618, 513, 531, 532, 533, 534, 535, 536, 651, 537, 654, 142, 538, 147, 539, 668, 540, 515, 541, 542, 543, 544, 180, 545, 183, 696, 516, 546, 547, 197, 548, 549, 550, 517, 551, 552, 553, 554, 232, 555, 518, 556, 557, 558, 559, 560, 519, 561, 562, 563, 564, 790, 794, 565, 520, 566, 567, 807, 568, 569, 570, 521, 571, 572, 573, 837, 334, 522, 338, 852, 854, 857, 858, 861, 352, 523, 878, 367, 524, 387, 902, 912, 913, 403, 915, 405, 917, 919, 408, 920, 410, 525, 928, 929, 931, 932, 934, 935, 426, 512, 526, 455, 527, 465, 466, 468, 470, 472, 473, 477, 478, 480, 483, 484, 485, 486, 487, 488, 489, 490, 491, 492, 493, 494, 495, 496, 497, 498, 499, 500, 501, 502, 503, 504, 505, 506, 507, 508, 509, 510, 511]",True,[],"[0, 1, 2, 3, 4, 5, 6, 7, 8, 9, 10, 11, 12, 13, 14, 15, 16, 17, 18, 19, 20, 21, 22, 23, 24, 25, 26, 27, 28, 29, 30, 31, 32, 33, 34, 35, 36, 37, 38, 39, 40, 41, 42, 43, 44, 45, 46, 47, 48, 49, 50, 51, 52, 53, 54, 55, 56, 57, 58, 59, 60, 61, 62, 63, 64, 65, 66, 67, 68, 69, 70, 71, 72, 73, 74, 75, 76, 77, 78, 79, 80, 81, 82, 83, 84, 85, 86, 87, 88, 89, 90, 91, 92, 93, 94, 95, 96, 97, 98, 99, 100, 101, 102, 485, 486, 487, 488, 489, 490, 491, 492, 493, 494, 495, 496, 497, 498, 499, 500, 501, 502, 503, 504, 505, 506, 507, 508, 509, 510, 511, 512, 513, 514, 515, 516, 517, 518, 519, 520, 521, 522, 523, 524, 525, 526, 527, 528, 529, 530, 531, 532, 533, 534, 535, 536, 537, 538, 539, 540, 541, 542, 543, 544, 545, 546, 547, 548, 549, 550, 551, 552, 553, 554, 555, 556, 557, 558, 559, 560, 561, 562, 563, 564, 565, 566, 567, 568, 569, 570, 571, 572, 573]","[3, 31, 489, 514]","[31, 514]","[4, 11, 18, 21, 23, 26, 27, 28, 31, 35, 36, 43, 45, 52, 55, 56, 60, 62, 64, 70, 71, 80, 90, 94, 97, 183, 197, 232, 334, 426, 455, 472, 477, 478, 480, 483, 484, 490, 496, 505, 507, 509, 510, 511, 514, 516, 517, 523, 525, 529, 532, 533, 536, 538, 545, 546, 552, 561, 565, 568, 654, 668, 696, 790, 857, 878, 902, 919, 928, 929, 932, 934, 935]","[31, 142, 147, 180, 338, 352, 367, 387, 403, 405, 408, 410, 455, 465, 466, 468, 470, 472, 473, 483, 484, 514, 613, 618, 651, 794, 807, 837, 852, 854, 858, 861, 902, 912, 913, 915, 917, 919, 920, 931, 934, 935]","[31, 142, 147, 180, 338, 352, 367, 387, 403, 405, 408, 410, 455, 465, 466, 468, 470, 472, 473, 483, 484, 514, 613, 618, 651, 794, 807, 837, 852, 854, 858, 861, 902, 912, 913, 915, 917, 919, 920, 931, 934, 935]",7/6 successful match,True,[306],True,175,False,,1.0,True,Little America ( Sinclair ) ),Sinclair
"Flagstaff , 86004 Carter Travel Center ( Conoco )",928-714-9115 7180 US 89 N ( 2 mi N of I-40 Exit 201 ),) HRS,Flagstaff,86004,Carter Travel Center ( Conoco ),928-714-9115,2006,Flagstaff,AZ,Conoco,( 2 mi N of I-40 Exit 201 ),7180 US 89 N,Proper,,False,,False,US 89,,,,,"[489, 3]","[3, 31, 489, 514]","[3, 31, 489, 514]",[],"[0, 1, 2, 3, 4, 5, 6, 7, 8, 9, 10, 11, 12, 13, 14, 15, 16, 17, 18, 19, 20, 21, 22, 23, 24, 25, 26, 27, 28, 29, 30, 31, 32, 33, 34, 35, 36, 37, 38, 39, 40, 41, 42, 43, 44, 45, 46, 47, 48, 49, 50, 51, 52, 53, 54, 55, 56, 57, 58, 59, 60, 61, 62, 63, 64, 65, 66, 67, 68, 69, 70, 71, 72, 73, 74, 75, 76, 77, 78, 79, 80, 81, 82, 83, 84, 85, 86, 87, 88, 89, 90, 91, 92, 93, 94, 95, 96, 97, 98, 99, 100, 101, 102, 485, 486, 487, 488, 489, 490, 491, 492, 493, 494, 495, 496, 497, 498, 499, 500, 501, 502, 503, 504, 505, 506, 507, 508, 509, 510, 511, 512, 513, 514, 515, 516, 517, 518, 519, 520, 521, 522, 523, 524, 525, 526, 527, 528, 529, 530, 531, 532, 533, 534, 535, 536, 537, 538, 539, 540, 541, 542, 543, 544, 545, 546, 547, 548, 549, 550, 551, 552, 553, 554, 555, 556, 557, 558, 559, 560, 561, 562, 563, 564, 565, 566, 567, 568, 569, 570, 571, 572, 573]","[3, 15, 29, 91, 427, 444, 463, 489, 500, 512, 562, 879, 894, 910]","[3, 27, 349, 406, 451, 489, 510, 804, 855, 898]","[3, 27, 349, 406, 451, 489, 510, 804, 855, 898]","[0, 1, 514, 3, 2, 4, 5, 6, 7, 8, 9, 10, 11, 12, 13, 14, 15, 16, 17, 18, 19, 20, 21, 22, 23, 24, 25, 26, 27, 28, 29, 31, 30, 32, 33, 34, 35, 36, 37, 38, 39, 40, 41, 42, 43, 44, 45, 46, 47, 48, 49, 50, 51, 52, 53, 54, 55, 56, 57, 58, 59, 60, 61, 62, 63, 64, 65, 66, 67, 68, 69, 70, 71, 72, 73, 74, 75, 76, 77, 78, 79, 80, 81, 82, 83, 84, 85, 86, 87, 88, 89, 90, 91, 92, 93, 94, 95, 96, 97, 98, 99, 100, 101, 102, 528, 529, 530, 513, 531, 532, 533, 534, 535, 536, 537, 538, 539, 540, 515, 541, 542, 543, 544, 545, 516, 546, 547, 548, 549, 550, 517, 551, 552, 553, 554, 555, 518, 556, 557, 558, 559, 560, 519, 561, 562, 563, 564, 565, 520, 566, 804, 567, 568, 569, 570, 521, 571, 572, 573, 522, 855, 349, 523, 879, 894, 524, 898, 910, 406, 525, 427, 512, 526, 444, 451, 527, 463, 485, 486, 487, 488, 489, 490, 491, 492, 493, 494, 495, 496, 497, 498, 499, 500, 501, 502, 503, 504, 505, 506, 507, 508, 509, 510, 511]",True,"[3, 31, 489, 514]","[0, 1, 2, 3, 4, 5, 6, 7, 8, 9, 10, 11, 12, 13, 14, 15, 16, 17, 18, 19, 20, 21, 22, 23, 24, 25, 26, 27, 28, 29, 30, 31, 32, 33, 34, 35, 36, 37, 38, 39, 40, 41, 42, 43, 44, 45, 46, 47, 48, 49, 50, 51, 52, 53, 54, 55, 56, 57, 58, 59, 60, 61, 62, 63, 64, 65, 66, 67, 68, 69, 70, 71, 72, 73, 74, 75, 76, 77, 78, 79, 80, 81, 82, 83, 84, 85, 86, 87, 88, 89, 90, 91, 92, 93, 94, 95, 96, 97, 98, 99, 100, 101, 102, 485, 486, 487, 488, 489, 490, 491, 492, 493, 494, 495, 496, 497, 498, 499, 500, 501, 502, 503, 504, 505, 506, 507, 508, 509, 510, 511, 512, 513, 514, 515, 516, 517, 518, 519, 520, 521, 522, 523, 524, 525, 526, 527, 528, 529, 530, 531, 532, 533, 534, 535, 536, 537, 538, 539, 540, 541, 542, 543, 544, 545, 546, 547, 548, 549, 550, 551, 552, 553, 554, 555, 556, 557, 558, 559, 560, 561, 562, 563, 564, 565, 566, 567, 568, 569, 570, 571, 572, 573]","[3, 31, 489, 514]",[],"[3, 15, 29, 91, 427, 444, 463, 489, 500, 512, 562, 879, 894, 910]","[3, 27, 349, 406, 451, 489, 510, 804, 855, 898]","[3, 27, 349, 406, 451, 489, 510, 804, 855, 898]",7/6 successful match,True,[567],True,176,False,,,,,
"Flagstaff , 86004 Carter Travel Center ( Conoco )",928-714-9115 7180 US 89 N ( 2 mi N of I-40 Exit,) <U+25A1>,Flagstaff,86004,Carter Travel Center ( Conoco ),928-714-9115,2007,Flagstaff,AZ,Conoco,( 2 mi N of I-40 Exit,7180 US 89 N,Proper,,False,,False,US 89,,,,,"[489, 3]","[3, 31, 489, 514]","[3, 31, 489, 514]",[],"[0, 1, 2, 3, 4, 5, 6, 7, 8, 9, 10, 11, 12, 13, 14, 15, 16, 17, 18, 19, 20, 21, 22, 23, 24, 25, 26, 27, 28, 29, 30, 31, 32, 33, 34, 35, 36, 37, 38, 39, 40, 41, 42, 43, 44, 45, 46, 47, 48, 49, 50, 51, 52, 53, 54, 55, 56, 57, 58, 59, 60, 61, 62, 63, 64, 65, 66, 67, 68, 69, 70, 71, 72, 73, 74, 75, 76, 77, 78, 79, 80, 81, 82, 83, 84, 85, 86, 87, 88, 89, 90, 91, 92, 93, 94, 95, 96, 97, 98, 99, 100, 101, 102, 485, 486, 487, 488, 489, 490, 491, 492, 493, 494, 495, 496, 497, 498, 499, 500, 501, 502, 503, 504, 505, 506, 507, 508, 509, 510, 511, 512, 513, 514, 515, 516, 517, 518, 519, 520, 521, 522, 523, 524, 525, 526, 527, 528, 529, 530, 531, 532, 533, 534, 535, 536, 537, 538, 539, 540, 541, 542, 543, 544, 545, 546, 547, 548, 549, 550, 551, 552, 553, 554, 555, 556, 557, 558, 559, 560, 561, 562, 563, 564, 565, 566, 567, 568, 569, 570, 571, 572, 573]","[3, 15, 29, 91, 427, 444, 463, 489, 500, 512, 562, 879, 894, 910]","[3, 27, 349, 406, 451, 489, 510, 804, 855, 898]","[3, 27, 349, 406, 451, 489, 510, 804, 855, 898]","[0, 1, 514, 3, 2, 4, 5, 6, 7, 8, 9, 10, 11, 12, 13, 14, 15, 16, 17, 18, 19, 20, 21, 22, 23, 24, 25, 26, 27, 28, 29, 31, 30, 32, 33, 34, 35, 36, 37, 38, 39, 40, 41, 42, 43, 44, 45, 46, 47, 48, 49, 50, 51, 52, 53, 54, 55, 56, 57, 58, 59, 60, 61, 62, 63, 64, 65, 66, 67, 68, 69, 70, 71, 72, 73, 74, 75, 76, 77, 78, 79, 80, 81, 82, 83, 84, 85, 86, 87, 88, 89, 90, 91, 92, 93, 94, 95, 96, 97, 98, 99, 100, 101, 102, 528, 529, 530, 513, 531, 532, 533, 534, 535, 536, 537, 538, 539, 540, 515, 541, 542, 543, 544, 545, 516, 546, 547, 548, 549, 550, 517, 551, 552, 553, 554, 555, 518, 556, 557, 558, 559, 560, 519, 561, 562, 563, 564, 565, 520, 566, 804, 567, 568, 569, 570, 521, 571, 572, 573, 522, 855, 349, 523, 879, 894, 524, 898, 910, 406, 525, 427, 512, 526, 444, 451, 527, 463, 485, 486, 487, 488, 489, 490, 491, 492, 493, 494, 495, 496, 497, 498, 499, 500, 501, 502, 503, 504, 505, 506, 507, 508, 509, 510, 511]",True,"[3, 31, 489, 514]","[0, 1, 2, 3, 4, 5, 6, 7, 8, 9, 10, 11, 12, 13, 14, 15, 16, 17, 18, 19, 20, 21, 22, 23, 24, 25, 26, 27, 28, 29, 30, 31, 32, 33, 34, 35, 36, 37, 38, 39, 40, 41, 42, 43, 44, 45, 46, 47, 48, 49, 50, 51, 52, 53, 54, 55, 56, 57, 58, 59, 60, 61, 62, 63, 64, 65, 66, 67, 68, 69, 70, 71, 72, 73, 74, 75, 76, 77, 78, 79, 80, 81, 82, 83, 84, 85, 86, 87, 88, 89, 90, 91, 92, 93, 94, 95, 96, 97, 98, 99, 100, 101, 102, 485, 486, 487, 488, 489, 490, 491, 492, 493, 494, 495, 496, 497, 498, 499, 500, 501, 502, 503, 504, 505, 506, 507, 508, 509, 510, 511, 512, 513, 514, 515, 516, 517, 518, 519, 520, 521, 522, 523, 524, 525, 526, 527, 528, 529, 530, 531, 532, 533, 534, 535, 536, 537, 538, 539, 540, 541, 542, 543, 544, 545, 546, 547, 548, 549, 550, 551, 552, 553, 554, 555, 556, 557, 558, 559, 560, 561, 562, 563, 564, 565, 566, 567, 568, 569, 570, 571, 572, 573]","[3, 31, 489, 514]",[],"[3, 15, 29, 91, 427, 444, 463, 489, 500, 512, 562, 879, 894, 910]","[3, 27, 349, 406, 451, 489, 510, 804, 855, 898]","[3, 27, 349, 406, 451, 489, 510, 804, 855, 898]",7/6 successful match,True,[567],True,176,False,,1.0,True,Carter Travel Center ( Conoco ),Conoco
"Flagstaff , 86004 Carter Travel Center ( Conoco )",4 928-714-9115 7180 US 89 N ( 2 mi N of I-40 Exit 201 ),24 HRS S,Flagstaff,86004,Carter Travel Center ( Conoco ),928-714-9115,2008,Flagstaff,AZ,Conoco,( 2 mi N of I-40 Exit 201 ),7180 US 89 N,Proper,,False,,False,US 89,,,,,"[489, 3]","[3, 31, 489, 514]","[3, 31, 489, 514]",[],"[0, 1, 2, 3, 4, 5, 6, 7, 8, 9, 10, 11, 12, 13, 14, 15, 16, 17, 18, 19, 20, 21, 22, 23, 24, 25, 26, 27, 28, 29, 30, 31, 32, 33, 34, 35, 36, 37, 38, 39, 40, 41, 42, 43, 44, 45, 46, 47, 48, 49, 50, 51, 52, 53, 54, 55, 56, 57, 58, 59, 60, 61, 62, 63, 64, 65, 66, 67, 68, 69, 70, 71, 72, 73, 74, 75, 76, 77, 78, 79, 80, 81, 82, 83, 84, 85, 86, 87, 88, 89, 90, 91, 92, 93, 94, 95, 96, 97, 98, 99, 100, 101, 102, 485, 486, 487, 488, 489, 490, 491, 492, 493, 494, 495, 496, 497, 498, 499, 500, 501, 502, 503, 504, 505, 506, 507, 508, 509, 510, 511, 512, 513, 514, 515, 516, 517, 518, 519, 520, 521, 522, 523, 524, 525, 526, 527, 528, 529, 530, 531, 532, 533, 534, 535, 536, 537, 538, 539, 540, 541, 542, 543, 544, 545, 546, 547, 548, 549, 550, 551, 552, 553, 554, 555, 556, 557, 558, 559, 560, 561, 562, 563, 564, 565, 566, 567, 568, 569, 570, 571, 572, 573]","[3, 15, 29, 91, 427, 444, 463, 489, 500, 512, 562, 879, 894, 910]","[3, 27, 349, 406, 451, 489, 510, 804, 855, 898]","[3, 27, 349, 406, 451, 489, 510, 804, 855, 898]","[0, 1, 514, 3, 2, 4, 5, 6, 7, 8, 9, 10, 11, 12, 13, 14, 15, 16, 17, 18, 19, 20, 21, 22, 23, 24, 25, 26, 27, 28, 29, 31, 30, 32, 33, 34, 35, 36, 37, 38, 39, 40, 41, 42, 43, 44, 45, 46, 47, 48, 49, 50, 51, 52, 53, 54, 55, 56, 57, 58, 59, 60, 61, 62, 63, 64, 65, 66, 67, 68, 69, 70, 71, 72, 73, 74, 75, 76, 77, 78, 79, 80, 81, 82, 83, 84, 85, 86, 87, 88, 89, 90, 91, 92, 93, 94, 95, 96, 97, 98, 99, 100, 101, 102, 528, 529, 530, 513, 531, 532, 533, 534, 535, 536, 537, 538, 539, 540, 515, 541, 542, 543, 544, 545, 516, 546, 547, 548, 549, 550, 517, 551, 552, 553, 554, 555, 518, 556, 557, 558, 559, 560, 519, 561, 562, 563, 564, 565, 520, 566, 804, 567, 568, 569, 570, 521, 571, 572, 573, 522, 855, 349, 523, 879, 894, 524, 898, 910, 406, 525, 427, 512, 526, 444, 451, 527, 463, 485, 486, 487, 488, 489, 490, 491, 492, 493, 494, 495, 496, 497, 498, 499, 500, 501, 502, 503, 504, 505, 506, 507, 508, 509, 510, 511]",True,"[3, 31, 489, 514]","[0, 1, 2, 3, 4, 5, 6, 7, 8, 9, 10, 11, 12, 13, 14, 15, 16, 17, 18, 19, 20, 21, 22, 23, 24, 25, 26, 27, 28, 29, 30, 31, 32, 33, 34, 35, 36, 37, 38, 39, 40, 41, 42, 43, 44, 45, 46, 47, 48, 49, 50, 51, 52, 53, 54, 55, 56, 57, 58, 59, 60, 61, 62, 63, 64, 65, 66, 67, 68, 69, 70, 71, 72, 73, 74, 75, 76, 77, 78, 79, 80, 81, 82, 83, 84, 85, 86, 87, 88, 89, 90, 91, 92, 93, 94, 95, 96, 97, 98, 99, 100, 101, 102, 485, 486, 487, 488, 489, 490, 491, 492, 493, 494, 495, 496, 497, 498, 499, 500, 501, 502, 503, 504, 505, 506, 507, 508, 509, 510, 511, 512, 513, 514, 515, 516, 517, 518, 519, 520, 521, 522, 523, 524, 525, 526, 527, 528, 529, 530, 531, 532, 533, 534, 535, 536, 537, 538, 539, 540, 541, 542, 543, 544, 545, 546, 547, 548, 549, 550, 551, 552, 553, 554, 555, 556, 557, 558, 559, 560, 561, 562, 563, 564, 565, 566, 567, 568, 569, 570, 571, 572, 573]","[3, 31, 489, 514]",[],"[3, 15, 29, 91, 427, 444, 463, 489, 500, 512, 562, 879, 894, 910]","[3, 27, 349, 406, 451, 489, 510, 804, 855, 898]","[3, 27, 349, 406, 451, 489, 510, 804, 855, 898]",7/6 successful match,True,[567],True,176,False,,1.0,True,Carter Travel Center ( Conoco ),Conoco
D Flagstaff ( 86004 ) Carter Travel Center ( Conoco ),4 928-714-9115 7180 US 89 N ( 2 mi N of I-40 Exit 201 ),24 S,Flagstaff,86004,Carter Travel Center ( Conoco ),928-714-9115,2014,Flagstaff,AZ,Conoco,( 2 mi N of I-40 Exit 201 ),7180 US 89 N,Proper,,False,,False,US 89,,,,,"[489, 3]","[3, 31, 489, 514]","[3, 31, 489, 514]",[],"[0, 1, 2, 3, 4, 5, 6, 7, 8, 9, 10, 11, 12, 13, 14, 15, 16, 17, 18, 19, 20, 21, 22, 23, 24, 25, 26, 27, 28, 29, 30, 31, 32, 33, 34, 35, 36, 37, 38, 39, 40, 41, 42, 43, 44, 45, 46, 47, 48, 49, 50, 51, 52, 53, 54, 55, 56, 57, 58, 59, 60, 61, 62, 63, 64, 65, 66, 67, 68, 69, 70, 71, 72, 73, 74, 75, 76, 77, 78, 79, 80, 81, 82, 83, 84, 85, 86, 87, 88, 89, 90, 91, 92, 93, 94, 95, 96, 97, 98, 99, 100, 101, 102, 485, 486, 487, 488, 489, 490, 491, 492, 493, 494, 495, 496, 497, 498, 499, 500, 501, 502, 503, 504, 505, 506, 507, 508, 509, 510, 511, 512, 513, 514, 515, 516, 517, 518, 519, 520, 521, 522, 523, 524, 525, 526, 527, 528, 529, 530, 531, 532, 533, 534, 535, 536, 537, 538, 539, 540, 541, 542, 543, 544, 545, 546, 547, 548, 549, 550, 551, 552, 553, 554, 555, 556, 557, 558, 559, 560, 561, 562, 563, 564, 565, 566, 567, 568, 569, 570, 571, 572, 573]","[3, 15, 29, 91, 427, 444, 463, 489, 500, 512, 562, 879, 894, 910]","[3, 27, 349, 406, 451, 489, 510, 804, 855, 898]","[3, 27, 349, 406, 451, 489, 510, 804, 855, 898]","[0, 1, 514, 3, 2, 4, 5, 6, 7, 8, 9, 10, 11, 12, 13, 14, 15, 16, 17, 18, 19, 20, 21, 22, 23, 24, 25, 26, 27, 28, 29, 31, 30, 32, 33, 34, 35, 36, 37, 38, 39, 40, 41, 42, 43, 44, 45, 46, 47, 48, 49, 50, 51, 52, 53, 54, 55, 56, 57, 58, 59, 60, 61, 62, 63, 64, 65, 66, 67, 68, 69, 70, 71, 72, 73, 74, 75, 76, 77, 78, 79, 80, 81, 82, 83, 84, 85, 86, 87, 88, 89, 90, 91, 92, 93, 94, 95, 96, 97, 98, 99, 100, 101, 102, 528, 529, 530, 513, 531, 532, 533, 534, 535, 536, 537, 538, 539, 540, 515, 541, 542, 543, 544, 545, 516, 546, 547, 548, 549, 550, 517, 551, 552, 553, 554, 555, 518, 556, 557, 558, 559, 560, 519, 561, 562, 563, 564, 565, 520, 566, 804, 567, 568, 569, 570, 521, 571, 572, 573, 522, 855, 349, 523, 879, 894, 524, 898, 910, 406, 525, 427, 512, 526, 444, 451, 527, 463, 485, 486, 487, 488, 489, 490, 491, 492, 493, 494, 495, 496, 497, 498, 499, 500, 501, 502, 503, 504, 505, 506, 507, 508, 509, 510, 511]",True,"[3, 31, 489, 514]","[0, 1, 2, 3, 4, 5, 6, 7, 8, 9, 10, 11, 12, 13, 14, 15, 16, 17, 18, 19, 20, 21, 22, 23, 24, 25, 26, 27, 28, 29, 30, 31, 32, 33, 34, 35, 36, 37, 38, 39, 40, 41, 42, 43, 44, 45, 46, 47, 48, 49, 50, 51, 52, 53, 54, 55, 56, 57, 58, 59, 60, 61, 62, 63, 64, 65, 66, 67, 68, 69, 70, 71, 72, 73, 74, 75, 76, 77, 78, 79, 80, 81, 82, 83, 84, 85, 86, 87, 88, 89, 90, 91, 92, 93, 94, 95, 96, 97, 98, 99, 100, 101, 102, 485, 486, 487, 488, 489, 490, 491, 492, 493, 494, 495, 496, 497, 498, 499, 500, 501, 502, 503, 504, 505, 506, 507, 508, 509, 510, 511, 512, 513, 514, 515, 516, 517, 518, 519, 520, 521, 522, 523, 524, 525, 526, 527, 528, 529, 530, 531, 532, 533, 534, 535, 536, 537, 538, 539, 540, 541, 542, 543, 544, 545, 546, 547, 548, 549, 550, 551, 552, 553, 554, 555, 556, 557, 558, 559, 560, 561, 562, 563, 564, 565, 566, 567, 568, 569, 570, 571, 572, 573]","[3, 31, 489, 514]",[],"[3, 15, 29, 91, 427, 444, 463, 489, 500, 512, 562, 879, 894, 910]","[3, 27, 349, 406, 451, 489, 510, 804, 855, 898]","[3, 27, 349, 406, 451, 489, 510, 804, 855, 898]",7/6 successful match,True,[567],True,176,False,,1.0,True,Carter Travel Center ( Conoco ),Conoco
D Flagstaff ( 86004 ) Carter Travel Center ( Conoco ),4 928-714-9115 7180 US 89 N ( 2 mi N of I-40 Exit 201 ),24 S O,Flagstaff,86004,Carter Travel Center ( Conoco ),928-714-9115,2015,Flagstaff,AZ,Conoco,( 2 mi N of I-40 Exit 201 ),7180 US 89 N,Proper,,False,,False,US 89,,,,,"[489, 3]","[3, 31, 489, 514]","[3, 31, 489, 514]",[],"[0, 1, 2, 3, 4, 5, 6, 7, 8, 9, 10, 11, 12, 13, 14, 15, 16, 17, 18, 19, 20, 21, 22, 23, 24, 25, 26, 27, 28, 29, 30, 31, 32, 33, 34, 35, 36, 37, 38, 39, 40, 41, 42, 43, 44, 45, 46, 47, 48, 49, 50, 51, 52, 53, 54, 55, 56, 57, 58, 59, 60, 61, 62, 63, 64, 65, 66, 67, 68, 69, 70, 71, 72, 73, 74, 75, 76, 77, 78, 79, 80, 81, 82, 83, 84, 85, 86, 87, 88, 89, 90, 91, 92, 93, 94, 95, 96, 97, 98, 99, 100, 101, 102, 485, 486, 487, 488, 489, 490, 491, 492, 493, 494, 495, 496, 497, 498, 499, 500, 501, 502, 503, 504, 505, 506, 507, 508, 509, 510, 511, 512, 513, 514, 515, 516, 517, 518, 519, 520, 521, 522, 523, 524, 525, 526, 527, 528, 529, 530, 531, 532, 533, 534, 535, 536, 537, 538, 539, 540, 541, 542, 543, 544, 545, 546, 547, 548, 549, 550, 551, 552, 553, 554, 555, 556, 557, 558, 559, 560, 561, 562, 563, 564, 565, 566, 567, 568, 569, 570, 571, 572, 573]","[3, 15, 29, 91, 427, 444, 463, 489, 500, 512, 562, 879, 894, 910]","[3, 27, 349, 406, 451, 489, 510, 804, 855, 898]","[3, 27, 349, 406, 451, 489, 510, 804, 855, 898]","[0, 1, 514, 3, 2, 4, 5, 6, 7, 8, 9, 10, 11, 12, 13, 14, 15, 16, 17, 18, 19, 20, 21, 22, 23, 24, 25, 26, 27, 28, 29, 31, 30, 32, 33, 34, 35, 36, 37, 38, 39, 40, 41, 42, 43, 44, 45, 46, 47, 48, 49, 50, 51, 52, 53, 54, 55, 56, 57, 58, 59, 60, 61, 62, 63, 64, 65, 66, 67, 68, 69, 70, 71, 72, 73, 74, 75, 76, 77, 78, 79, 80, 81, 82, 83, 84, 85, 86, 87, 88, 89, 90, 91, 92, 93, 94, 95, 96, 97, 98, 99, 100, 101, 102, 528, 529, 530, 513, 531, 532, 533, 534, 535, 536, 537, 538, 539, 540, 515, 541, 542, 543, 544, 545, 516, 546, 547, 548, 549, 550, 517, 551, 552, 553, 554, 555, 518, 556, 557, 558, 559, 560, 519, 561, 562, 563, 564, 565, 520, 566, 804, 567, 568, 569, 570, 521, 571, 572, 573, 522, 855, 349, 523, 879, 894, 524, 898, 910, 406, 525, 427, 512, 526, 444, 451, 527, 463, 485, 486, 487, 488, 489, 490, 491, 492, 493, 494, 495, 496, 497, 498, 499, 500, 501, 502, 503, 504, 505, 506, 507, 508, 509, 510, 511]",True,"[3, 31, 489, 514]","[0, 1, 2, 3, 4, 5, 6, 7, 8, 9, 10, 11, 12, 13, 14, 15, 16, 17, 18, 19, 20, 21, 22, 23, 24, 25, 26, 27, 28, 29, 30, 31, 32, 33, 34, 35, 36, 37, 38, 39, 40, 41, 42, 43, 44, 45, 46, 47, 48, 49, 50, 51, 52, 53, 54, 55, 56, 57, 58, 59, 60, 61, 62, 63, 64, 65, 66, 67, 68, 69, 70, 71, 72, 73, 74, 75, 76, 77, 78, 79, 80, 81, 82, 83, 84, 85, 86, 87, 88, 89, 90, 91, 92, 93, 94, 95, 96, 97, 98, 99, 100, 101, 102, 485, 486, 487, 488, 489, 490, 491, 492, 493, 494, 495, 496, 497, 498, 499, 500, 501, 502, 503, 504, 505, 506, 507, 508, 509, 510, 511, 512, 513, 514, 515, 516, 517, 518, 519, 520, 521, 522, 523, 524, 525, 526, 527, 528, 529, 530, 531, 532, 533, 534, 535, 536, 537, 538, 539, 540, 541, 542, 543, 544, 545, 546, 547, 548, 549, 550, 551, 552, 553, 554, 555, 556, 557, 558, 559, 560, 561, 562, 563, 564, 565, 566, 567, 568, 569, 570, 571, 572, 573]","[3, 31, 489, 514]",[],"[3, 15, 29, 91, 427, 444, 463, 489, 500, 512, 562, 879, 894, 910]","[3, 27, 349, 406, 451, 489, 510, 804, 855, 898]","[3, 27, 349, 406, 451, 489, 510, 804, 855, 898]",7/6 successful match,True,[567],True,176,False,,1.0,True,Carter Travel Center ( Conoco ),Conoco
Flagstaff ( 86004 ) Carter Travel Center ( Conoco ),4 928-714-9115 7180 US 89 N ( 2 mi N of I-40 Exit 201 ),24 SO,Flagstaff,86004,Carter Travel Center ( Conoco ),928-714-9115,2016,Flagstaff,AZ,Conoco,( 2 mi N of I-40 Exit 201 ),7180 US 89 N,Proper,,False,,False,US 89,,,,,"[489, 3]","[3, 31, 489, 514]","[3, 31, 489, 514]",[],"[0, 1, 2, 3, 4, 5, 6, 7, 8, 9, 10, 11, 12, 13, 14, 15, 16, 17, 18, 19, 20, 21, 22, 23, 24, 25, 26, 27, 28, 29, 30, 31, 32, 33, 34, 35, 36, 37, 38, 39, 40, 41, 42, 43, 44, 45, 46, 47, 48, 49, 50, 51, 52, 53, 54, 55, 56, 57, 58, 59, 60, 61, 62, 63, 64, 65, 66, 67, 68, 69, 70, 71, 72, 73, 74, 75, 76, 77, 78, 79, 80, 81, 82, 83, 84, 85, 86, 87, 88, 89, 90, 91, 92, 93, 94, 95, 96, 97, 98, 99, 100, 101, 102, 485, 486, 487, 488, 489, 490, 491, 492, 493, 494, 495, 496, 497, 498, 499, 500, 501, 502, 503, 504, 505, 506, 507, 508, 509, 510, 511, 512, 513, 514, 515, 516, 517, 518, 519, 520, 521, 522, 523, 524, 525, 526, 527, 528, 529, 530, 531, 532, 533, 534, 535, 536, 537, 538, 539, 540, 541, 542, 543, 544, 545, 546, 547, 548, 549, 550, 551, 552, 553, 554, 555, 556, 557, 558, 559, 560, 561, 562, 563, 564, 565, 566, 567, 568, 569, 570, 571, 572, 573]","[3, 15, 29, 91, 427, 444, 463, 489, 500, 512, 562, 879, 894, 910]","[3, 27, 349, 406, 451, 489, 510, 804, 855, 898]","[3, 27, 349, 406, 451, 489, 510, 804, 855, 898]","[0, 1, 514, 3, 2, 4, 5, 6, 7, 8, 9, 10, 11, 12, 13, 14, 15, 16, 17, 18, 19, 20, 21, 22, 23, 24, 25, 26, 27, 28, 29, 31, 30, 32, 33, 34, 35, 36, 37, 38, 39, 40, 41, 42, 43, 44, 45, 46, 47, 48, 49, 50, 51, 52, 53, 54, 55, 56, 57, 58, 59, 60, 61, 62, 63, 64, 65, 66, 67, 68, 69, 70, 71, 72, 73, 74, 75, 76, 77, 78, 79, 80, 81, 82, 83, 84, 85, 86, 87, 88, 89, 90, 91, 92, 93, 94, 95, 96, 97, 98, 99, 100, 101, 102, 528, 529, 530, 513, 531, 532, 533, 534, 535, 536, 537, 538, 539, 540, 515, 541, 542, 543, 544, 545, 516, 546, 547, 548, 549, 550, 517, 551, 552, 553, 554, 555, 518, 556, 557, 558, 559, 560, 519, 561, 562, 563, 564, 565, 520, 566, 804, 567, 568, 569, 570, 521, 571, 572, 573, 522, 855, 349, 523, 879, 894, 524, 898, 910, 406, 525, 427, 512, 526, 444, 451, 527, 463, 485, 486, 487, 488, 489, 490, 491, 492, 493, 494, 495, 496, 497, 498, 499, 500, 501, 502, 503, 504, 505, 506, 507, 508, 509, 510, 511]",True,"[3, 31, 489, 514]","[0, 1, 2, 3, 4, 5, 6, 7, 8, 9, 10, 11, 12, 13, 14, 15, 16, 17, 18, 19, 20, 21, 22, 23, 24, 25, 26, 27, 28, 29, 30, 31, 32, 33, 34, 35, 36, 37, 38, 39, 40, 41, 42, 43, 44, 45, 46, 47, 48, 49, 50, 51, 52, 53, 54, 55, 56, 57, 58, 59, 60, 61, 62, 63, 64, 65, 66, 67, 68, 69, 70, 71, 72, 73, 74, 75, 76, 77, 78, 79, 80, 81, 82, 83, 84, 85, 86, 87, 88, 89, 90, 91, 92, 93, 94, 95, 96, 97, 98, 99, 100, 101, 102, 485, 486, 487, 488, 489, 490, 491, 492, 493, 494, 495, 496, 497, 498, 499, 500, 501, 502, 503, 504, 505, 506, 507, 508, 509, 510, 511, 512, 513, 514, 515, 516, 517, 518, 519, 520, 521, 522, 523, 524, 525, 526, 527, 528, 529, 530, 531, 532, 533, 534, 535, 536, 537, 538, 539, 540, 541, 542, 543, 544, 545, 546, 547, 548, 549, 550, 551, 552, 553, 554, 555, 556, 557, 558, 559, 560, 561, 562, 563, 564, 565, 566, 567, 568, 569, 570, 571, 572, 573]","[3, 31, 489, 514]",[],"[3, 15, 29, 91, 427, 444, 463, 489, 500, 512, 562, 879, 894, 910]","[3, 27, 349, 406, 451, 489, 510, 804, 855, 898]","[3, 27, 349, 406, 451, 489, 510, 804, 855, 898]",7/6 successful match,True,[567],True,176,False,,1.0,True,Carter Travel Center ( Conoco ),Conoco
"Cameron , 86020 Speedy's Convenience Store",928-679-2333 US 89 & AZ 64,24 DOO <U+2610>,Cameron,86020,Speedy's Convenience Store,928-679-2333,2006,Cameron,AZ,,,US 89 & AZ 64,empty,,False,,False,US 89,AZ 64,,,,"[562, 91]","[91, 562]","[91, 562]",[],"[0, 1, 2, 3, 4, 5, 6, 7, 8, 9, 10, 11, 12, 13, 14, 15, 16, 17, 18, 19, 20, 21, 22, 23, 24, 25, 26, 27, 28, 29, 30, 31, 32, 33, 34, 35, 36, 37, 38, 39, 40, 41, 42, 43, 44, 45, 46, 47, 48, 49, 50, 51, 52, 53, 54, 55, 56, 57, 58, 59, 60, 61, 62, 63, 64, 65, 66, 67, 68, 69, 70, 71, 72, 73, 74, 75, 76, 77, 78, 79, 80, 81, 82, 83, 84, 85, 86, 87, 88, 89, 90, 91, 92, 93, 94, 95, 96, 97, 98, 99, 100, 101, 102, 485, 486, 487, 488, 489, 490, 491, 492, 493, 494, 495, 496, 497, 498, 499, 500, 501, 502, 503, 504, 505, 506, 507, 508, 509, 510, 511, 512, 513, 514, 515, 516, 517, 518, 519, 520, 521, 522, 523, 524, 525, 526, 527, 528, 529, 530, 531, 532, 533, 534, 535, 536, 537, 538, 539, 540, 541, 542, 543, 544, 545, 546, 547, 548, 549, 550, 551, 552, 553, 554, 555, 556, 557, 558, 559, 560, 561, 562, 563, 564, 565, 566, 567, 568, 569, 570, 571, 572, 573]","[3, 6, 9, 15, 29, 44, 86, 89, 91, 102, 427, 444, 463, 489, 492, 494, 500, 512, 524, 557, 562, 573, 879, 894, 910]",[],"[29, 90, 91, 294, 295, 296, 512, 561, 562, 753, 754, 755]","[0, 1, 2, 3, 4, 5, 6, 7, 8, 9, 10, 11, 12, 13, 14, 15, 16, 17, 18, 19, 20, 21, 22, 23, 24, 25, 26, 27, 28, 29, 30, 31, 32, 33, 34, 35, 36, 37, 38, 39, 40, 41, 42, 43, 44, 45, 46, 47, 48, 49, 562, 50, 51, 52, 53, 54, 55, 56, 57, 58, 59, 60, 61, 62, 63, 64, 65, 66, 67, 68, 69, 70, 71, 72, 73, 74, 75, 76, 77, 78, 79, 80, 81, 82, 83, 84, 85, 86, 87, 88, 89, 91, 90, 92, 93, 94, 95, 96, 97, 98, 99, 100, 101, 102, 528, 529, 530, 513, 531, 532, 533, 534, 535, 514, 536, 537, 538, 539, 540, 515, 541, 542, 543, 544, 545, 516, 546, 547, 548, 549, 550, 517, 551, 552, 553, 554, 555, 518, 556, 753, 754, 557, 755, 558, 559, 560, 519, 561, 563, 564, 565, 520, 566, 567, 294, 295, 296, 568, 569, 570, 521, 571, 572, 573, 522, 523, 879, 894, 524, 910, 525, 427, 512, 526, 444, 527, 463, 485, 486, 487, 488, 489, 490, 491, 492, 493, 494, 495, 496, 497, 498, 499, 500, 501, 502, 503, 504, 505, 506, 507, 508, 509, 510, 511]",True,"[91, 562]","[0, 1, 2, 3, 4, 5, 6, 7, 8, 9, 10, 11, 12, 13, 14, 15, 16, 17, 18, 19, 20, 21, 22, 23, 24, 25, 26, 27, 28, 29, 30, 31, 32, 33, 34, 35, 36, 37, 38, 39, 40, 41, 42, 43, 44, 45, 46, 47, 48, 49, 50, 51, 52, 53, 54, 55, 56, 57, 58, 59, 60, 61, 62, 63, 64, 65, 66, 67, 68, 69, 70, 71, 72, 73, 74, 75, 76, 77, 78, 79, 80, 81, 82, 83, 84, 85, 86, 87, 88, 89, 90, 91, 92, 93, 94, 95, 96, 97, 98, 99, 100, 101, 102, 485, 486, 487, 488, 489, 490, 491, 492, 493, 494, 495, 496, 497, 498, 499, 500, 501, 502, 503, 504, 505, 506, 507, 508, 509, 510, 511, 512, 513, 514, 515, 516, 517, 518, 519, 520, 521, 522, 523, 524, 525, 526, 527, 528, 529, 530, 531, 532, 533, 534, 535, 536, 537, 538, 539, 540, 541, 542, 543, 544, 545, 546, 547, 548, 549, 550, 551, 552, 553, 554, 555, 556, 557, 558, 559, 560, 561, 562, 563, 564, 565, 566, 567, 568, 569, 570, 571, 572, 573]","[91, 562]",[],"[3, 6, 9, 15, 29, 44, 86, 89, 91, 102, 427, 444, 463, 489, 492, 494, 500, 512, 524, 557, 562, 573, 879, 894, 910]","[29, 90, 91, 294, 295, 296, 512, 561, 562, 753, 754, 755]",[],7/6 successful match,True,[21],True,177,False,,,,,
"Cameron , 86020 Speedy's Convenience",928-679-2333 US 89 & AZ 64 Store,24 +8 S <U+25A1>,Cameron,86020,Speedy's Convenience,928-679-2333,2007,Cameron,AZ,,,US 89 & AZ 64 Store,empty,,False,,False,US 89,AZ 64,,,,"[562, 91]","[91, 562]","[91, 562]",[],"[0, 1, 2, 3, 4, 5, 6, 7, 8, 9, 10, 11, 12, 13, 14, 15, 16, 17, 18, 19, 20, 21, 22, 23, 24, 25, 26, 27, 28, 29, 30, 31, 32, 33, 34, 35, 36, 37, 38, 39, 40, 41, 42, 43, 44, 45, 46, 47, 48, 49, 50, 51, 52, 53, 54, 55, 56, 57, 58, 59, 60, 61, 62, 63, 64, 65, 66, 67, 68, 69, 70, 71, 72, 73, 74, 75, 76, 77, 78, 79, 80, 81, 82, 83, 84, 85, 86, 87, 88, 89, 90, 91, 92, 93, 94, 95, 96, 97, 98, 99, 100, 101, 102, 485, 486, 487, 488, 489, 490, 491, 492, 493, 494, 495, 496, 497, 498, 499, 500, 501, 502, 503, 504, 505, 506, 507, 508, 509, 510, 511, 512, 513, 514, 515, 516, 517, 518, 519, 520, 521, 522, 523, 524, 525, 526, 527, 528, 529, 530, 531, 532, 533, 534, 535, 536, 537, 538, 539, 540, 541, 542, 543, 544, 545, 546, 547, 548, 549, 550, 551, 552, 553, 554, 555, 556, 557, 558, 559, 560, 561, 562, 563, 564, 565, 566, 567, 568, 569, 570, 571, 572, 573]","[3, 6, 9, 15, 29, 44, 86, 89, 91, 102, 427, 444, 463, 489, 492, 494, 500, 512, 524, 557, 562, 573, 879, 894, 910]",[],"[29, 90, 91, 294, 295, 296, 512, 561, 562, 753, 754, 755]","[0, 1, 2, 3, 4, 5, 6, 7, 8, 9, 10, 11, 12, 13, 14, 15, 16, 17, 18, 19, 20, 21, 22, 23, 24, 25, 26, 27, 28, 29, 30, 31, 32, 33, 34, 35, 36, 37, 38, 39, 40, 41, 42, 43, 44, 45, 46, 47, 48, 49, 562, 50, 51, 52, 53, 54, 55, 56, 57, 58, 59, 60, 61, 62, 63, 64, 65, 66, 67, 68, 69, 70, 71, 72, 73, 74, 75, 76, 77, 78, 79, 80, 81, 82, 83, 84, 85, 86, 87, 88, 89, 91, 90, 92, 93, 94, 95, 96, 97, 98, 99, 100, 101, 102, 528, 529, 530, 513, 531, 532, 533, 534, 535, 514, 536, 537, 538, 539, 540, 515, 541, 542, 543, 544, 545, 516, 546, 547, 548, 549, 550, 517, 551, 552, 553, 554, 555, 518, 556, 753, 754, 557, 755, 558, 559, 560, 519, 561, 563, 564, 565, 520, 566, 567, 294, 295, 296, 568, 569, 570, 521, 571, 572, 573, 522, 523, 879, 894, 524, 910, 525, 427, 512, 526, 444, 527, 463, 485, 486, 487, 488, 489, 490, 491, 492, 493, 494, 495, 496, 497, 498, 499, 500, 501, 502, 503, 504, 505, 506, 507, 508, 509, 510, 511]",True,"[91, 562]","[0, 1, 2, 3, 4, 5, 6, 7, 8, 9, 10, 11, 12, 13, 14, 15, 16, 17, 18, 19, 20, 21, 22, 23, 24, 25, 26, 27, 28, 29, 30, 31, 32, 33, 34, 35, 36, 37, 38, 39, 40, 41, 42, 43, 44, 45, 46, 47, 48, 49, 50, 51, 52, 53, 54, 55, 56, 57, 58, 59, 60, 61, 62, 63, 64, 65, 66, 67, 68, 69, 70, 71, 72, 73, 74, 75, 76, 77, 78, 79, 80, 81, 82, 83, 84, 85, 86, 87, 88, 89, 90, 91, 92, 93, 94, 95, 96, 97, 98, 99, 100, 101, 102, 485, 486, 487, 488, 489, 490, 491, 492, 493, 494, 495, 496, 497, 498, 499, 500, 501, 502, 503, 504, 505, 506, 507, 508, 509, 510, 511, 512, 513, 514, 515, 516, 517, 518, 519, 520, 521, 522, 523, 524, 525, 526, 527, 528, 529, 530, 531, 532, 533, 534, 535, 536, 537, 538, 539, 540, 541, 542, 543, 544, 545, 546, 547, 548, 549, 550, 551, 552, 553, 554, 555, 556, 557, 558, 559, 560, 561, 562, 563, 564, 565, 566, 567, 568, 569, 570, 571, 572, 573]","[91, 562]",[],"[3, 6, 9, 15, 29, 44, 86, 89, 91, 102, 427, 444, 463, 489, 492, 494, 500, 512, 524, 557, 562, 573, 879, 894, 910]","[29, 90, 91, 294, 295, 296, 512, 561, 562, 753, 754, 755]",[],7/6 successful match,True,[21],True,177,False,,1.0,True,Speedy's Convenience Store,
"Cameron , 86020 Speedy's # 501",5 928-679-2333 US 89 & AZ 64,24 HRS <U+2610> S <U+2610> <U+2610> <U+2610><U+2610>,Cameron,86020,Speedy's # 501,928-679-2333,2008,Cameron,AZ,,,US 89 & AZ 64,empty,,False,,False,US 89,AZ 64,,,,"[562, 91]","[91, 562]","[91, 562]",[],"[0, 1, 2, 3, 4, 5, 6, 7, 8, 9, 10, 11, 12, 13, 14, 15, 16, 17, 18, 19, 20, 21, 22, 23, 24, 25, 26, 27, 28, 29, 30, 31, 32, 33, 34, 35, 36, 37, 38, 39, 40, 41, 42, 43, 44, 45, 46, 47, 48, 49, 50, 51, 52, 53, 54, 55, 56, 57, 58, 59, 60, 61, 62, 63, 64, 65, 66, 67, 68, 69, 70, 71, 72, 73, 74, 75, 76, 77, 78, 79, 80, 81, 82, 83, 84, 85, 86, 87, 88, 89, 90, 91, 92, 93, 94, 95, 96, 97, 98, 99, 100, 101, 102, 485, 486, 487, 488, 489, 490, 491, 492, 493, 494, 495, 496, 497, 498, 499, 500, 501, 502, 503, 504, 505, 506, 507, 508, 509, 510, 511, 512, 513, 514, 515, 516, 517, 518, 519, 520, 521, 522, 523, 524, 525, 526, 527, 528, 529, 530, 531, 532, 533, 534, 535, 536, 537, 538, 539, 540, 541, 542, 543, 544, 545, 546, 547, 548, 549, 550, 551, 552, 553, 554, 555, 556, 557, 558, 559, 560, 561, 562, 563, 564, 565, 566, 567, 568, 569, 570, 571, 572, 573]","[3, 6, 9, 15, 29, 44, 86, 89, 91, 102, 427, 444, 463, 489, 492, 494, 500, 512, 524, 557, 562, 573, 879, 894, 910]",[],"[90, 91, 294, 295, 296, 561, 562, 753, 754, 755]","[0, 1, 2, 3, 4, 5, 6, 7, 8, 9, 10, 11, 12, 13, 14, 15, 16, 17, 18, 19, 20, 21, 22, 23, 24, 25, 26, 27, 28, 29, 30, 31, 32, 33, 34, 35, 36, 37, 38, 39, 40, 41, 42, 43, 44, 45, 46, 47, 48, 49, 562, 50, 51, 52, 53, 54, 55, 56, 57, 58, 59, 60, 61, 62, 63, 64, 65, 66, 67, 68, 69, 70, 71, 72, 73, 74, 75, 76, 77, 78, 79, 80, 81, 82, 83, 84, 85, 86, 87, 88, 89, 91, 90, 92, 93, 94, 95, 96, 97, 98, 99, 100, 101, 102, 528, 529, 530, 513, 531, 532, 533, 534, 535, 514, 536, 537, 538, 539, 540, 515, 541, 542, 543, 544, 545, 516, 546, 547, 548, 549, 550, 517, 551, 552, 553, 554, 555, 518, 556, 753, 754, 557, 755, 558, 559, 560, 519, 561, 563, 564, 565, 520, 566, 567, 294, 295, 296, 568, 569, 570, 521, 571, 572, 573, 522, 523, 879, 894, 524, 910, 525, 427, 512, 526, 444, 527, 463, 485, 486, 487, 488, 489, 490, 491, 492, 493, 494, 495, 496, 497, 498, 499, 500, 501, 502, 503, 504, 505, 506, 507, 508, 509, 510, 511]",True,"[91, 562]","[0, 1, 2, 3, 4, 5, 6, 7, 8, 9, 10, 11, 12, 13, 14, 15, 16, 17, 18, 19, 20, 21, 22, 23, 24, 25, 26, 27, 28, 29, 30, 31, 32, 33, 34, 35, 36, 37, 38, 39, 40, 41, 42, 43, 44, 45, 46, 47, 48, 49, 50, 51, 52, 53, 54, 55, 56, 57, 58, 59, 60, 61, 62, 63, 64, 65, 66, 67, 68, 69, 70, 71, 72, 73, 74, 75, 76, 77, 78, 79, 80, 81, 82, 83, 84, 85, 86, 87, 88, 89, 90, 91, 92, 93, 94, 95, 96, 97, 98, 99, 100, 101, 102, 485, 486, 487, 488, 489, 490, 491, 492, 493, 494, 495, 496, 497, 498, 499, 500, 501, 502, 503, 504, 505, 506, 507, 508, 509, 510, 511, 512, 513, 514, 515, 516, 517, 518, 519, 520, 521, 522, 523, 524, 525, 526, 527, 528, 529, 530, 531, 532, 533, 534, 535, 536, 537, 538, 539, 540, 541, 542, 543, 544, 545, 546, 547, 548, 549, 550, 551, 552, 553, 554, 555, 556, 557, 558, 559, 560, 561, 562, 563, 564, 565, 566, 567, 568, 569, 570, 571, 572, 573]","[91, 562]",[],"[3, 6, 9, 15, 29, 44, 86, 89, 91, 102, 427, 444, 463, 489, 492, 494, 500, 512, 524, 557, 562, 573, 879, 894, 910]","[90, 91, 294, 295, 296, 561, 562, 753, 754, 755]",[],7/6 successful match,True,[21],True,177,False,,0.492156862745098,True,Speedy's Convenience,
C Cameron ( 86020 ) Speedy's # 501,928-679-2333 US 89 & AZ 64,24 S <U+25A1> <U+25A1>,Cameron,86020,Speedy's # 501,928-679-2333,2014,Cameron,AZ,,,US 89 & AZ 64,empty,,False,,False,US 89,AZ 64,,,,"[562, 91]","[91, 562]","[91, 562]",[],"[0, 1, 2, 3, 4, 5, 6, 7, 8, 9, 10, 11, 12, 13, 14, 15, 16, 17, 18, 19, 20, 21, 22, 23, 24, 25, 26, 27, 28, 29, 30, 31, 32, 33, 34, 35, 36, 37, 38, 39, 40, 41, 42, 43, 44, 45, 46, 47, 48, 49, 50, 51, 52, 53, 54, 55, 56, 57, 58, 59, 60, 61, 62, 63, 64, 65, 66, 67, 68, 69, 70, 71, 72, 73, 74, 75, 76, 77, 78, 79, 80, 81, 82, 83, 84, 85, 86, 87, 88, 89, 90, 91, 92, 93, 94, 95, 96, 97, 98, 99, 100, 101, 102, 485, 486, 487, 488, 489, 490, 491, 492, 493, 494, 495, 496, 497, 498, 499, 500, 501, 502, 503, 504, 505, 506, 507, 508, 509, 510, 511, 512, 513, 514, 515, 516, 517, 518, 519, 520, 521, 522, 523, 524, 525, 526, 527, 528, 529, 530, 531, 532, 533, 534, 535, 536, 537, 538, 539, 540, 541, 542, 543, 544, 545, 546, 547, 548, 549, 550, 551, 552, 553, 554, 555, 556, 557, 558, 559, 560, 561, 562, 563, 564, 565, 566, 567, 568, 569, 570, 571, 572, 573]","[3, 6, 9, 15, 29, 44, 86, 89, 91, 102, 427, 444, 463, 489, 492, 494, 500, 512, 524, 557, 562, 573, 879, 894, 910]",[],"[90, 91, 294, 295, 296, 561, 562, 753, 754, 755]","[0, 1, 2, 3, 4, 5, 6, 7, 8, 9, 10, 11, 12, 13, 14, 15, 16, 17, 18, 19, 20, 21, 22, 23, 24, 25, 26, 27, 28, 29, 30, 31, 32, 33, 34, 35, 36, 37, 38, 39, 40, 41, 42, 43, 44, 45, 46, 47, 48, 49, 562, 50, 51, 52, 53, 54, 55, 56, 57, 58, 59, 60, 61, 62, 63, 64, 65, 66, 67, 68, 69, 70, 71, 72, 73, 74, 75, 76, 77, 78, 79, 80, 81, 82, 83, 84, 85, 86, 87, 88, 89, 91, 90, 92, 93, 94, 95, 96, 97, 98, 99, 100, 101, 102, 528, 529, 530, 513, 531, 532, 533, 534, 535, 514, 536, 537, 538, 539, 540, 515, 541, 542, 543, 544, 545, 516, 546, 547, 548, 549, 550, 517, 551, 552, 553, 554, 555, 518, 556, 753, 754, 557, 755, 558, 559, 560, 519, 561, 563, 564, 565, 520, 566, 567, 294, 295, 296, 568, 569, 570, 521, 571, 572, 573, 522, 523, 879, 894, 524, 910, 525, 427, 512, 526, 444, 527, 463, 485, 486, 487, 488, 489, 490, 491, 492, 493, 494, 495, 496, 497, 498, 499, 500, 501, 502, 503, 504, 505, 506, 507, 508, 509, 510, 511]",True,"[91, 562]","[0, 1, 2, 3, 4, 5, 6, 7, 8, 9, 10, 11, 12, 13, 14, 15, 16, 17, 18, 19, 20, 21, 22, 23, 24, 25, 26, 27, 28, 29, 30, 31, 32, 33, 34, 35, 36, 37, 38, 39, 40, 41, 42, 43, 44, 45, 46, 47, 48, 49, 50, 51, 52, 53, 54, 55, 56, 57, 58, 59, 60, 61, 62, 63, 64, 65, 66, 67, 68, 69, 70, 71, 72, 73, 74, 75, 76, 77, 78, 79, 80, 81, 82, 83, 84, 85, 86, 87, 88, 89, 90, 91, 92, 93, 94, 95, 96, 97, 98, 99, 100, 101, 102, 485, 486, 487, 488, 489, 490, 491, 492, 493, 494, 495, 496, 497, 498, 499, 500, 501, 502, 503, 504, 505, 506, 507, 508, 509, 510, 511, 512, 513, 514, 515, 516, 517, 518, 519, 520, 521, 522, 523, 524, 525, 526, 527, 528, 529, 530, 531, 532, 533, 534, 535, 536, 537, 538, 539, 540, 541, 542, 543, 544, 545, 546, 547, 548, 549, 550, 551, 552, 553, 554, 555, 556, 557, 558, 559, 560, 561, 562, 563, 564, 565, 566, 567, 568, 569, 570, 571, 572, 573]","[91, 562]",[],"[3, 6, 9, 15, 29, 44, 86, 89, 91, 102, 427, 444, 463, 489, 492, 494, 500, 512, 524, 557, 562, 573, 879, 894, 910]","[90, 91, 294, 295, 296, 561, 562, 753, 754, 755]",[],7/6 successful match,True,[21],True,177,False,,1.0,True,Speedy's # 501,
Cameron ( 86020 ) Speedy's I-10 Exit 114 # 501 ( Miller Rd S ),928-679-2333 US 89 & AZ 64,24 S D,Cameron,86020,Speedy's I-10 Exit 114 # 501 ( Miller Rd S ),928-679-2333,2015,Cameron,AZ,,,US 89 & AZ 64,empty,114,False,,False,US 89,AZ 64,,,,"[562, 91]","[91, 562]","[91, 562]","[37, 85, 88, 518, 556, 559]","[0, 1, 2, 3, 4, 5, 6, 7, 8, 9, 10, 11, 12, 13, 14, 15, 16, 17, 18, 19, 20, 21, 22, 23, 24, 25, 26, 27, 28, 29, 30, 31, 32, 33, 34, 35, 36, 37, 38, 39, 40, 41, 42, 43, 44, 45, 46, 47, 48, 49, 50, 51, 52, 53, 54, 55, 56, 57, 58, 59, 60, 61, 62, 63, 64, 65, 66, 67, 68, 69, 70, 71, 72, 73, 74, 75, 76, 77, 78, 79, 80, 81, 82, 83, 84, 85, 86, 87, 88, 89, 90, 91, 92, 93, 94, 95, 96, 97, 98, 99, 100, 101, 102, 485, 486, 487, 488, 489, 490, 491, 492, 493, 494, 495, 496, 497, 498, 499, 500, 501, 502, 503, 504, 505, 506, 507, 508, 509, 510, 511, 512, 513, 514, 515, 516, 517, 518, 519, 520, 521, 522, 523, 524, 525, 526, 527, 528, 529, 530, 531, 532, 533, 534, 535, 536, 537, 538, 539, 540, 541, 542, 543, 544, 545, 546, 547, 548, 549, 550, 551, 552, 553, 554, 555, 556, 557, 558, 559, 560, 561, 562, 563, 564, 565, 566, 567, 568, 569, 570, 571, 572, 573]","[3, 6, 9, 15, 29, 44, 86, 89, 91, 102, 427, 444, 463, 489, 492, 494, 500, 512, 524, 557, 562, 573, 879, 894, 910]",[],"[90, 91, 186, 294, 295, 296, 452, 453, 561, 562, 657, 753, 754, 755, 899, 900]","[0, 1, 2, 3, 4, 5, 518, 6, 7, 8, 9, 10, 11, 12, 13, 14, 15, 16, 17, 18, 19, 20, 21, 22, 23, 24, 25, 26, 27, 28, 29, 30, 31, 32, 33, 34, 35, 37, 36, 38, 39, 40, 41, 42, 556, 43, 44, 559, 45, 46, 562, 47, 48, 49, 50, 51, 52, 53, 54, 55, 56, 57, 58, 59, 60, 61, 62, 63, 64, 65, 66, 67, 68, 69, 70, 71, 72, 73, 74, 75, 76, 77, 78, 79, 80, 85, 81, 82, 88, 83, 84, 91, 86, 87, 89, 90, 92, 93, 94, 95, 96, 97, 98, 99, 100, 101, 102, 529, 530, 513, 531, 532, 533, 534, 535, 514, 536, 537, 657, 538, 539, 540, 515, 541, 542, 543, 544, 545, 516, 186, 546, 547, 548, 549, 550, 517, 551, 552, 553, 554, 555, 753, 754, 557, 755, 558, 560, 519, 561, 563, 564, 565, 520, 566, 567, 294, 295, 296, 568, 569, 570, 521, 571, 572, 573, 522, 523, 879, 894, 528, 524, 899, 900, 910, 525, 427, 512, 526, 444, 452, 453, 527, 463, 485, 486, 487, 488, 489, 490, 491, 492, 493, 494, 495, 496, 497, 498, 499, 500, 501, 502, 503, 504, 505, 506, 507, 508, 509, 510, 511]",True,"[91, 562]","[0, 1, 2, 3, 4, 5, 6, 7, 8, 9, 10, 11, 12, 13, 14, 15, 16, 17, 18, 19, 20, 21, 22, 23, 24, 25, 26, 27, 28, 29, 30, 31, 32, 33, 34, 35, 36, 37, 38, 39, 40, 41, 42, 43, 44, 45, 46, 47, 48, 49, 50, 51, 52, 53, 54, 55, 56, 57, 58, 59, 60, 61, 62, 63, 64, 65, 66, 67, 68, 69, 70, 71, 72, 73, 74, 75, 76, 77, 78, 79, 80, 81, 82, 83, 84, 85, 86, 87, 88, 89, 90, 91, 92, 93, 94, 95, 96, 97, 98, 99, 100, 101, 102, 485, 486, 487, 488, 489, 490, 491, 492, 493, 494, 495, 496, 497, 498, 499, 500, 501, 502, 503, 504, 505, 506, 507, 508, 509, 510, 511, 512, 513, 514, 515, 516, 517, 518, 519, 520, 521, 522, 523, 524, 525, 526, 527, 528, 529, 530, 531, 532, 533, 534, 535, 536, 537, 538, 539, 540, 541, 542, 543, 544, 545, 546, 547, 548, 549, 550, 551, 552, 553, 554, 555, 556, 557, 558, 559, 560, 561, 562, 563, 564, 565, 566, 567, 568, 569, 570, 571, 572, 573]","[91, 562]","[37, 85, 88, 518, 556, 559]","[3, 6, 9, 15, 29, 44, 86, 89, 91, 102, 427, 444, 463, 489, 492, 494, 500, 512, 524, 557, 562, 573, 879, 894, 910]","[90, 91, 186, 294, 295, 296, 452, 453, 561, 562, 657, 753, 754, 755, 899, 900]",[],7/6 successful match,True,[21],True,177,False,,0.8048275862068965,True,Speedy's # 501,
Cameron ( 86020 ) Speedy's # 501,928-679-2333 US 89 & AZ 64,34 S <U+25A1>,Cameron,86020,Speedy's # 501,928-679-2333,2016,Cameron,AZ,,,US 89 & AZ 64,empty,,False,,False,US 89,AZ 64,,,,"[562, 91]","[91, 562]","[91, 562]",[],"[0, 1, 2, 3, 4, 5, 6, 7, 8, 9, 10, 11, 12, 13, 14, 15, 16, 17, 18, 19, 20, 21, 22, 23, 24, 25, 26, 27, 28, 29, 30, 31, 32, 33, 34, 35, 36, 37, 38, 39, 40, 41, 42, 43, 44, 45, 46, 47, 48, 49, 50, 51, 52, 53, 54, 55, 56, 57, 58, 59, 60, 61, 62, 63, 64, 65, 66, 67, 68, 69, 70, 71, 72, 73, 74, 75, 76, 77, 78, 79, 80, 81, 82, 83, 84, 85, 86, 87, 88, 89, 90, 91, 92, 93, 94, 95, 96, 97, 98, 99, 100, 101, 102, 485, 486, 487, 488, 489, 490, 491, 492, 493, 494, 495, 496, 497, 498, 499, 500, 501, 502, 503, 504, 505, 506, 507, 508, 509, 510, 511, 512, 513, 514, 515, 516, 517, 518, 519, 520, 521, 522, 523, 524, 525, 526, 527, 528, 529, 530, 531, 532, 533, 534, 535, 536, 537, 538, 539, 540, 541, 542, 543, 544, 545, 546, 547, 548, 549, 550, 551, 552, 553, 554, 555, 556, 557, 558, 559, 560, 561, 562, 563, 564, 565, 566, 567, 568, 569, 570, 571, 572, 573]","[3, 6, 9, 15, 29, 44, 86, 89, 91, 102, 427, 444, 463, 489, 492, 494, 500, 512, 524, 557, 562, 573, 879, 894, 910]",[],"[90, 91, 294, 295, 296, 561, 562, 753, 754, 755]","[0, 1, 2, 3, 4, 5, 6, 7, 8, 9, 10, 11, 12, 13, 14, 15, 16, 17, 18, 19, 20, 21, 22, 23, 24, 25, 26, 27, 28, 29, 30, 31, 32, 33, 34, 35, 36, 37, 38, 39, 40, 41, 42, 43, 44, 45, 46, 47, 48, 49, 562, 50, 51, 52, 53, 54, 55, 56, 57, 58, 59, 60, 61, 62, 63, 64, 65, 66, 67, 68, 69, 70, 71, 72, 73, 74, 75, 76, 77, 78, 79, 80, 81, 82, 83, 84, 85, 86, 87, 88, 89, 91, 90, 92, 93, 94, 95, 96, 97, 98, 99, 100, 101, 102, 528, 529, 530, 513, 531, 532, 533, 534, 535, 514, 536, 537, 538, 539, 540, 515, 541, 542, 543, 544, 545, 516, 546, 547, 548, 549, 550, 517, 551, 552, 553, 554, 555, 518, 556, 753, 754, 557, 755, 558, 559, 560, 519, 561, 563, 564, 565, 520, 566, 567, 294, 295, 296, 568, 569, 570, 521, 571, 572, 573, 522, 523, 879, 894, 524, 910, 525, 427, 512, 526, 444, 527, 463, 485, 486, 487, 488, 489, 490, 491, 492, 493, 494, 495, 496, 497, 498, 499, 500, 501, 502, 503, 504, 505, 506, 507, 508, 509, 510, 511]",True,"[91, 562]","[0, 1, 2, 3, 4, 5, 6, 7, 8, 9, 10, 11, 12, 13, 14, 15, 16, 17, 18, 19, 20, 21, 22, 23, 24, 25, 26, 27, 28, 29, 30, 31, 32, 33, 34, 35, 36, 37, 38, 39, 40, 41, 42, 43, 44, 45, 46, 47, 48, 49, 50, 51, 52, 53, 54, 55, 56, 57, 58, 59, 60, 61, 62, 63, 64, 65, 66, 67, 68, 69, 70, 71, 72, 73, 74, 75, 76, 77, 78, 79, 80, 81, 82, 83, 84, 85, 86, 87, 88, 89, 90, 91, 92, 93, 94, 95, 96, 97, 98, 99, 100, 101, 102, 485, 486, 487, 488, 489, 490, 491, 492, 493, 494, 495, 496, 497, 498, 499, 500, 501, 502, 503, 504, 505, 506, 507, 508, 509, 510, 511, 512, 513, 514, 515, 516, 517, 518, 519, 520, 521, 522, 523, 524, 525, 526, 527, 528, 529, 530, 531, 532, 533, 534, 535, 536, 537, 538, 539, 540, 541, 542, 543, 544, 545, 546, 547, 548, 549, 550, 551, 552, 553, 554, 555, 556, 557, 558, 559, 560, 561, 562, 563, 564, 565, 566, 567, 568, 569, 570, 571, 572, 573]","[91, 562]",[],"[3, 6, 9, 15, 29, 44, 86, 89, 91, 102, 427, 444, 463, 489, 492, 494, 500, 512, 524, 557, 562, 573, 879, 894, 910]","[90, 91, 294, 295, 296, 561, 562, 753, 754, 755]",[],7/6 successful match,True,[21],True,177,False,,0.8048275862068965,True,Speedy's I-10 Exit 114 # 501 ( Miller Rd S ),
"Holbrook , 86025 Fuel Express ( Shell )",928-524-3006 I-40 Exit 283 ( Perkins Valley ),XL,Holbrook,86025,Fuel Express ( Shell ),928-524-3006,2006,Holbrook,AZ,Shell,( Perkins Valley ),I-40 Exit 283 ,Exit,283,False,,False,I-40,,,,,"[568, 97]","[27, 52, 97, 510, 529, 568]","[27, 52, 97, 510, 529, 568]","[97, 568]","[0, 1, 2, 3, 4, 5, 6, 7, 8, 9, 10, 11, 12, 13, 14, 15, 16, 17, 18, 19, 20, 21, 22, 23, 24, 25, 26, 27, 28, 29, 30, 31, 32, 33, 34, 35, 36, 37, 38, 39, 40, 41, 42, 43, 44, 45, 46, 47, 48, 49, 50, 51, 52, 53, 54, 55, 56, 57, 58, 59, 60, 61, 62, 63, 64, 65, 66, 67, 68, 69, 70, 71, 72, 73, 74, 75, 76, 77, 78, 79, 80, 81, 82, 83, 84, 85, 86, 87, 88, 89, 90, 91, 92, 93, 94, 95, 96, 97, 98, 99, 100, 101, 102, 485, 486, 487, 488, 489, 490, 491, 492, 493, 494, 495, 496, 497, 498, 499, 500, 501, 502, 503, 504, 505, 506, 507, 508, 509, 510, 511, 512, 513, 514, 515, 516, 517, 518, 519, 520, 521, 522, 523, 524, 525, 526, 527, 528, 529, 530, 531, 532, 533, 534, 535, 536, 537, 538, 539, 540, 541, 542, 543, 544, 545, 546, 547, 548, 549, 550, 551, 552, 553, 554, 555, 556, 557, 558, 559, 560, 561, 562, 563, 564, 565, 566, 567, 568, 569, 570, 571, 572, 573]","[4, 11, 18, 21, 23, 26, 27, 28, 31, 35, 36, 43, 45, 52, 55, 56, 60, 62, 64, 70, 71, 80, 90, 94, 97, 183, 197, 232, 334, 426, 455, 472, 477, 478, 480, 483, 484, 490, 496, 505, 507, 509, 510, 511, 514, 516, 517, 523, 525, 529, 532, 533, 536, 538, 545, 546, 552, 561, 565, 568, 654, 668, 696, 790, 857, 878, 902, 919, 928, 929, 932, 934, 935]","[1, 13, 14, 29, 54, 55, 56, 57, 58, 60, 102, 118, 125, 127, 130, 134, 146, 149, 153, 175, 182, 187, 189, 191, 197, 225, 230, 238, 264, 265, 266, 286, 302, 317, 336, 379, 388, 389, 425, 454, 458, 463, 475, 487, 498, 499, 512, 530, 531, 532, 533, 534, 536, 573, 589, 596, 598, 601, 605, 617, 620, 624, 646, 653, 658, 660, 662, 668, 689, 694, 702, 724, 725, 745, 760, 775, 793, 829, 838, 839, 877, 901, 903, 905, 910, 923]","[1, 13, 14, 29, 54, 55, 56, 57, 58, 60, 102, 118, 125, 127, 130, 134, 146, 149, 153, 175, 182, 187, 189, 191, 197, 225, 230, 238, 264, 265, 266, 286, 302, 317, 336, 354, 379, 388, 389, 425, 454, 458, 463, 475, 487, 498, 499, 512, 530, 531, 532, 533, 534, 536, 573, 589, 596, 598, 601, 605, 617, 620, 624, 646, 653, 658, 660, 662, 668, 689, 694, 702, 724, 725, 745, 760, 775, 793, 809, 829, 838, 839, 877, 901, 903, 905, 910, 923]","[0, 1, 2, 3, 4, 5, 6, 7, 8, 9, 10, 11, 12, 13, 14, 15, 16, 529, 17, 18, 19, 20, 21, 22, 23, 24, 25, 27, 26, 28, 29, 30, 31, 32, 33, 34, 35, 36, 37, 38, 39, 40, 41, 42, 43, 44, 45, 46, 47, 48, 49, 50, 52, 51, 53, 54, 568, 55, 56, 57, 58, 59, 60, 61, 62, 63, 64, 65, 66, 67, 68, 69, 70, 71, 72, 73, 74, 75, 76, 77, 78, 79, 80, 81, 82, 83, 84, 85, 86, 87, 88, 89, 90, 91, 92, 93, 94, 97, 95, 96, 98, 99, 100, 101, 102, 528, 617, 530, 620, 513, 531, 624, 532, 118, 533, 125, 534, 127, 130, 535, 134, 646, 514, 536, 653, 537, 654, 146, 538, 658, 149, 660, 662, 539, 153, 668, 540, 515, 541, 542, 543, 175, 689, 544, 182, 545, 183, 696, 516, 187, 546, 189, 694, 191, 702, 547, 197, 548, 549, 550, 517, 724, 551, 725, 552, 553, 225, 554, 230, 232, 555, 745, 518, 556, 238, 557, 558, 760, 559, 560, 519, 561, 264, 265, 266, 775, 562, 563, 564, 790, 793, 565, 520, 286, 566, 567, 809, 302, 569, 570, 521, 571, 317, 572, 829, 573, 838, 839, 334, 522, 336, 857, 354, 523, 877, 878, 605, 379, 524, 388, 389, 902, 901, 903, 905, 910, 589, 919, 525, 923, 928, 929, 932, 934, 935, 425, 426, 512, 526, 596, 598, 454, 455, 458, 527, 463, 601, 472, 475, 477, 478, 480, 483, 484, 485, 486, 487, 488, 489, 490, 491, 492, 493, 494, 495, 496, 497, 498, 499, 500, 501, 502, 503, 504, 505, 506, 507, 508, 509, 510, 511]",True,"[27, 52, 97, 510, 529, 568]","[0, 1, 2, 3, 4, 5, 6, 7, 8, 9, 10, 11, 12, 13, 14, 15, 16, 17, 18, 19, 20, 21, 22, 23, 24, 25, 26, 27, 28, 29, 30, 31, 32, 33, 34, 35, 36, 37, 38, 39, 40, 41, 42, 43, 44, 45, 46, 47, 48, 49, 50, 51, 52, 53, 54, 55, 56, 57, 58, 59, 60, 61, 62, 63, 64, 65, 66, 67, 68, 69, 70, 71, 72, 73, 74, 75, 76, 77, 78, 79, 80, 81, 82, 83, 84, 85, 86, 87, 88, 89, 90, 91, 92, 93, 94, 95, 96, 97, 98, 99, 100, 101, 102, 485, 486, 487, 488, 489, 490, 491, 492, 493, 494, 495, 496, 497, 498, 499, 500, 501, 502, 503, 504, 505, 506, 507, 508, 509, 510, 511, 512, 513, 514, 515, 516, 517, 518, 519, 520, 521, 522, 523, 524, 525, 526, 527, 528, 529, 530, 531, 532, 533, 534, 535, 536, 537, 538, 539, 540, 541, 542, 543, 544, 545, 546, 547, 548, 549, 550, 551, 552, 553, 554, 555, 556, 557, 558, 559, 560, 561, 562, 563, 564, 565, 566, 567, 568, 569, 570, 571, 572, 573]","[27, 52, 97, 510, 529, 568]","[97, 568]","[4, 11, 18, 21, 23, 26, 27, 28, 31, 35, 36, 43, 45, 52, 55, 56, 60, 62, 64, 70, 71, 80, 90, 94, 97, 183, 197, 232, 334, 426, 455, 472, 477, 478, 480, 483, 484, 490, 496, 505, 507, 509, 510, 511, 514, 516, 517, 523, 525, 529, 532, 533, 536, 538, 545, 546, 552, 561, 565, 568, 654, 668, 696, 790, 857, 878, 902, 919, 928, 929, 932, 934, 935]","[1, 13, 14, 29, 54, 55, 56, 57, 58, 60, 102, 118, 125, 127, 130, 134, 146, 149, 153, 175, 182, 187, 189, 191, 197, 225, 230, 238, 264, 265, 266, 286, 302, 317, 336, 354, 379, 388, 389, 425, 454, 458, 463, 475, 487, 498, 499, 512, 530, 531, 532, 533, 534, 536, 573, 589, 596, 598, 601, 605, 617, 620, 624, 646, 653, 658, 660, 662, 668, 689, 694, 702, 724, 725, 745, 760, 775, 793, 809, 829, 838, 839, 877, 901, 903, 905, 910, 923]","[1, 13, 14, 29, 54, 55, 56, 57, 58, 60, 102, 118, 125, 127, 130, 134, 146, 149, 153, 175, 182, 187, 189, 191, 197, 225, 230, 238, 264, 265, 266, 286, 302, 317, 336, 379, 388, 389, 425, 454, 458, 463, 475, 487, 498, 499, 512, 530, 531, 532, 533, 534, 536, 573, 589, 596, 598, 601, 605, 617, 620, 624, 646, 653, 658, 660, 662, 668, 689, 694, 702, 724, 725, 745, 760, 775, 793, 829, 838, 839, 877, 901, 903, 905, 910, 923]",5/6 successful match,True,"[437, 438, 439]",True,178,False,,,,,
"Holbrook , 86025 Fuel Express ( Shell )",61928-524-3006 I-40 Exit 283 ( Perkins Valley ),24 HRS,Holbrook,86025,Fuel Express ( Shell ),928-524-3006,2007,Holbrook,AZ,Shell,( Perkins Valley ),I-40 Exit 283 ,Exit,283,False,,False,I-40,,,,,"[568, 97]","[27, 52, 97, 510, 529, 568]","[27, 52, 97, 510, 529, 568]","[97, 568]","[0, 1, 2, 3, 4, 5, 6, 7, 8, 9, 10, 11, 12, 13, 14, 15, 16, 17, 18, 19, 20, 21, 22, 23, 24, 25, 26, 27, 28, 29, 30, 31, 32, 33, 34, 35, 36, 37, 38, 39, 40, 41, 42, 43, 44, 45, 46, 47, 48, 49, 50, 51, 52, 53, 54, 55, 56, 57, 58, 59, 60, 61, 62, 63, 64, 65, 66, 67, 68, 69, 70, 71, 72, 73, 74, 75, 76, 77, 78, 79, 80, 81, 82, 83, 84, 85, 86, 87, 88, 89, 90, 91, 92, 93, 94, 95, 96, 97, 98, 99, 100, 101, 102, 485, 486, 487, 488, 489, 490, 491, 492, 493, 494, 495, 496, 497, 498, 499, 500, 501, 502, 503, 504, 505, 506, 507, 508, 509, 510, 511, 512, 513, 514, 515, 516, 517, 518, 519, 520, 521, 522, 523, 524, 525, 526, 527, 528, 529, 530, 531, 532, 533, 534, 535, 536, 537, 538, 539, 540, 541, 542, 543, 544, 545, 546, 547, 548, 549, 550, 551, 552, 553, 554, 555, 556, 557, 558, 559, 560, 561, 562, 563, 564, 565, 566, 567, 568, 569, 570, 571, 572, 573]","[4, 11, 18, 21, 23, 26, 27, 28, 31, 35, 36, 43, 45, 52, 55, 56, 60, 62, 64, 70, 71, 80, 90, 94, 97, 183, 197, 232, 334, 426, 455, 472, 477, 478, 480, 483, 484, 490, 496, 505, 507, 509, 510, 511, 514, 516, 517, 523, 525, 529, 532, 533, 536, 538, 545, 546, 552, 561, 565, 568, 654, 668, 696, 790, 857, 878, 902, 919, 928, 929, 932, 934, 935]","[1, 13, 14, 29, 54, 55, 56, 57, 58, 60, 102, 118, 125, 127, 130, 134, 146, 149, 153, 175, 182, 187, 189, 191, 197, 225, 230, 238, 264, 265, 266, 286, 302, 317, 336, 379, 388, 389, 425, 454, 458, 463, 475, 487, 498, 499, 512, 530, 531, 532, 533, 534, 536, 573, 589, 596, 598, 601, 605, 617, 620, 624, 646, 653, 658, 660, 662, 668, 689, 694, 702, 724, 725, 745, 760, 775, 793, 829, 838, 839, 877, 901, 903, 905, 910, 923]","[1, 13, 14, 29, 54, 55, 56, 57, 58, 60, 102, 118, 125, 127, 130, 134, 146, 149, 153, 175, 182, 187, 189, 191, 197, 225, 230, 238, 264, 265, 266, 286, 302, 317, 336, 354, 379, 388, 389, 425, 454, 458, 463, 475, 487, 498, 499, 512, 530, 531, 532, 533, 534, 536, 573, 589, 596, 598, 601, 605, 617, 620, 624, 646, 653, 658, 660, 662, 668, 689, 694, 702, 724, 725, 745, 760, 775, 793, 809, 829, 838, 839, 877, 901, 903, 905, 910, 923]","[0, 1, 2, 3, 4, 5, 6, 7, 8, 9, 10, 11, 12, 13, 14, 15, 16, 529, 17, 18, 19, 20, 21, 22, 23, 24, 25, 27, 26, 28, 29, 30, 31, 32, 33, 34, 35, 36, 37, 38, 39, 40, 41, 42, 43, 44, 45, 46, 47, 48, 49, 50, 52, 51, 53, 54, 568, 55, 56, 57, 58, 59, 60, 61, 62, 63, 64, 65, 66, 67, 68, 69, 70, 71, 72, 73, 74, 75, 76, 77, 78, 79, 80, 81, 82, 83, 84, 85, 86, 87, 88, 89, 90, 91, 92, 93, 94, 97, 95, 96, 98, 99, 100, 101, 102, 528, 617, 530, 620, 513, 531, 624, 532, 118, 533, 125, 534, 127, 130, 535, 134, 646, 514, 536, 653, 537, 654, 146, 538, 658, 149, 660, 662, 539, 153, 668, 540, 515, 541, 542, 543, 175, 689, 544, 182, 545, 183, 696, 516, 187, 546, 189, 694, 191, 702, 547, 197, 548, 549, 550, 517, 724, 551, 725, 552, 553, 225, 554, 230, 232, 555, 745, 518, 556, 238, 557, 558, 760, 559, 560, 519, 561, 264, 265, 266, 775, 562, 563, 564, 790, 793, 565, 520, 286, 566, 567, 809, 302, 569, 570, 521, 571, 317, 572, 829, 573, 838, 839, 334, 522, 336, 857, 354, 523, 877, 878, 605, 379, 524, 388, 389, 902, 901, 903, 905, 910, 589, 919, 525, 923, 928, 929, 932, 934, 935, 425, 426, 512, 526, 596, 598, 454, 455, 458, 527, 463, 601, 472, 475, 477, 478, 480, 483, 484, 485, 486, 487, 488, 489, 490, 491, 492, 493, 494, 495, 496, 497, 498, 499, 500, 501, 502, 503, 504, 505, 506, 507, 508, 509, 510, 511]",True,"[27, 52, 97, 510, 529, 568]","[0, 1, 2, 3, 4, 5, 6, 7, 8, 9, 10, 11, 12, 13, 14, 15, 16, 17, 18, 19, 20, 21, 22, 23, 24, 25, 26, 27, 28, 29, 30, 31, 32, 33, 34, 35, 36, 37, 38, 39, 40, 41, 42, 43, 44, 45, 46, 47, 48, 49, 50, 51, 52, 53, 54, 55, 56, 57, 58, 59, 60, 61, 62, 63, 64, 65, 66, 67, 68, 69, 70, 71, 72, 73, 74, 75, 76, 77, 78, 79, 80, 81, 82, 83, 84, 85, 86, 87, 88, 89, 90, 91, 92, 93, 94, 95, 96, 97, 98, 99, 100, 101, 102, 485, 486, 487, 488, 489, 490, 491, 492, 493, 494, 495, 496, 497, 498, 499, 500, 501, 502, 503, 504, 505, 506, 507, 508, 509, 510, 511, 512, 513, 514, 515, 516, 517, 518, 519, 520, 521, 522, 523, 524, 525, 526, 527, 528, 529, 530, 531, 532, 533, 534, 535, 536, 537, 538, 539, 540, 541, 542, 543, 544, 545, 546, 547, 548, 549, 550, 551, 552, 553, 554, 555, 556, 557, 558, 559, 560, 561, 562, 563, 564, 565, 566, 567, 568, 569, 570, 571, 572, 573]","[27, 52, 97, 510, 529, 568]","[97, 568]","[4, 11, 18, 21, 23, 26, 27, 28, 31, 35, 36, 43, 45, 52, 55, 56, 60, 62, 64, 70, 71, 80, 90, 94, 97, 183, 197, 232, 334, 426, 455, 472, 477, 478, 480, 483, 484, 490, 496, 505, 507, 509, 510, 511, 514, 516, 517, 523, 525, 529, 532, 533, 536, 538, 545, 546, 552, 561, 565, 568, 654, 668, 696, 790, 857, 878, 902, 919, 928, 929, 932, 934, 935]","[1, 13, 14, 29, 54, 55, 56, 57, 58, 60, 102, 118, 125, 127, 130, 134, 146, 149, 153, 175, 182, 187, 189, 191, 197, 225, 230, 238, 264, 265, 266, 286, 302, 317, 336, 354, 379, 388, 389, 425, 454, 458, 463, 475, 487, 498, 499, 512, 530, 531, 532, 533, 534, 536, 573, 589, 596, 598, 601, 605, 617, 620, 624, 646, 653, 658, 660, 662, 668, 689, 694, 702, 724, 725, 745, 760, 775, 793, 809, 829, 838, 839, 877, 901, 903, 905, 910, 923]","[1, 13, 14, 29, 54, 55, 56, 57, 58, 60, 102, 118, 125, 127, 130, 134, 146, 149, 153, 175, 182, 187, 189, 191, 197, 225, 230, 238, 264, 265, 266, 286, 302, 317, 336, 379, 388, 389, 425, 454, 458, 463, 475, 487, 498, 499, 512, 530, 531, 532, 533, 534, 536, 573, 589, 596, 598, 601, 605, 617, 620, 624, 646, 653, 658, 660, 662, 668, 689, 694, 702, 724, 725, 745, 760, 775, 793, 829, 838, 839, 877, 901, 903, 905, 910, 923]",5/6 successful match,True,"[437, 438, 439]",True,178,False,,1.0,True,Fuel Express ( Shell ),Shell
"Holbrook , 86025 Fuel Express ( Texaco )",6 928-524-3006 I-40 Exit 283 ( Perkins Valley ),24 HRS XL <U+2610><U+2610>,Holbrook,86025,Fuel Express ( Texaco ),928-524-3006,2008,Holbrook,AZ,Texaco,( Perkins Valley ),I-40 Exit 283 ,Exit,283,False,,False,I-40,,,,,"[568, 97]","[27, 52, 97, 510, 529, 568]","[27, 52, 97, 510, 529, 568]","[97, 568]","[0, 1, 2, 3, 4, 5, 6, 7, 8, 9, 10, 11, 12, 13, 14, 15, 16, 17, 18, 19, 20, 21, 22, 23, 24, 25, 26, 27, 28, 29, 30, 31, 32, 33, 34, 35, 36, 37, 38, 39, 40, 41, 42, 43, 44, 45, 46, 47, 48, 49, 50, 51, 52, 53, 54, 55, 56, 57, 58, 59, 60, 61, 62, 63, 64, 65, 66, 67, 68, 69, 70, 71, 72, 73, 74, 75, 76, 77, 78, 79, 80, 81, 82, 83, 84, 85, 86, 87, 88, 89, 90, 91, 92, 93, 94, 95, 96, 97, 98, 99, 100, 101, 102, 485, 486, 487, 488, 489, 490, 491, 492, 493, 494, 495, 496, 497, 498, 499, 500, 501, 502, 503, 504, 505, 506, 507, 508, 509, 510, 511, 512, 513, 514, 515, 516, 517, 518, 519, 520, 521, 522, 523, 524, 525, 526, 527, 528, 529, 530, 531, 532, 533, 534, 535, 536, 537, 538, 539, 540, 541, 542, 543, 544, 545, 546, 547, 548, 549, 550, 551, 552, 553, 554, 555, 556, 557, 558, 559, 560, 561, 562, 563, 564, 565, 566, 567, 568, 569, 570, 571, 572, 573]","[4, 11, 18, 21, 23, 26, 27, 28, 31, 35, 36, 43, 45, 52, 55, 56, 60, 62, 64, 70, 71, 80, 90, 94, 97, 183, 197, 232, 334, 426, 455, 472, 477, 478, 480, 483, 484, 490, 496, 505, 507, 509, 510, 511, 514, 516, 517, 523, 525, 529, 532, 533, 536, 538, 545, 546, 552, 561, 565, 568, 654, 668, 696, 790, 857, 878, 902, 919, 928, 929, 932, 934, 935]","[26, 390, 474, 486, 509, 840, 922, 926]","[26, 390, 474, 486, 509, 840, 922, 926]","[0, 1, 2, 3, 4, 5, 6, 7, 8, 9, 10, 11, 12, 13, 14, 15, 16, 529, 17, 18, 19, 20, 21, 22, 23, 24, 25, 27, 26, 28, 29, 30, 31, 32, 33, 34, 35, 36, 37, 38, 39, 40, 41, 42, 43, 44, 45, 46, 47, 48, 49, 50, 52, 51, 53, 54, 568, 55, 56, 57, 58, 59, 60, 61, 62, 63, 64, 65, 66, 67, 68, 69, 70, 71, 72, 73, 74, 75, 76, 77, 78, 79, 80, 81, 82, 83, 84, 85, 86, 87, 88, 89, 90, 91, 92, 93, 94, 97, 95, 96, 98, 99, 100, 101, 102, 528, 530, 513, 531, 532, 533, 534, 535, 514, 536, 537, 654, 538, 539, 668, 540, 515, 541, 542, 543, 544, 545, 183, 696, 516, 546, 547, 197, 548, 549, 550, 517, 551, 552, 553, 554, 232, 555, 518, 556, 557, 558, 559, 560, 519, 561, 562, 563, 564, 790, 565, 520, 566, 567, 569, 570, 521, 571, 572, 573, 840, 334, 522, 857, 523, 878, 524, 902, 390, 919, 922, 525, 926, 928, 929, 932, 934, 935, 426, 512, 526, 455, 527, 472, 474, 477, 478, 480, 483, 484, 485, 486, 487, 488, 489, 490, 491, 492, 493, 494, 495, 496, 497, 498, 499, 500, 501, 502, 503, 504, 505, 506, 507, 508, 509, 510, 511]",True,"[27, 52, 97, 510, 529, 568]","[0, 1, 2, 3, 4, 5, 6, 7, 8, 9, 10, 11, 12, 13, 14, 15, 16, 17, 18, 19, 20, 21, 22, 23, 24, 25, 26, 27, 28, 29, 30, 31, 32, 33, 34, 35, 36, 37, 38, 39, 40, 41, 42, 43, 44, 45, 46, 47, 48, 49, 50, 51, 52, 53, 54, 55, 56, 57, 58, 59, 60, 61, 62, 63, 64, 65, 66, 67, 68, 69, 70, 71, 72, 73, 74, 75, 76, 77, 78, 79, 80, 81, 82, 83, 84, 85, 86, 87, 88, 89, 90, 91, 92, 93, 94, 95, 96, 97, 98, 99, 100, 101, 102, 485, 486, 487, 488, 489, 490, 491, 492, 493, 494, 495, 496, 497, 498, 499, 500, 501, 502, 503, 504, 505, 506, 507, 508, 509, 510, 511, 512, 513, 514, 515, 516, 517, 518, 519, 520, 521, 522, 523, 524, 525, 526, 527, 528, 529, 530, 531, 532, 533, 534, 535, 536, 537, 538, 539, 540, 541, 542, 543, 544, 545, 546, 547, 548, 549, 550, 551, 552, 553, 554, 555, 556, 557, 558, 559, 560, 561, 562, 563, 564, 565, 566, 567, 568, 569, 570, 571, 572, 573]","[27, 52, 97, 510, 529, 568]","[97, 568]","[4, 11, 18, 21, 23, 26, 27, 28, 31, 35, 36, 43, 45, 52, 55, 56, 60, 62, 64, 70, 71, 80, 90, 94, 97, 183, 197, 232, 334, 426, 455, 472, 477, 478, 480, 483, 484, 490, 496, 505, 507, 509, 510, 511, 514, 516, 517, 523, 525, 529, 532, 533, 536, 538, 545, 546, 552, 561, 565, 568, 654, 668, 696, 790, 857, 878, 902, 919, 928, 929, 932, 934, 935]","[26, 390, 474, 486, 509, 840, 922, 926]","[26, 390, 474, 486, 509, 840, 922, 926]",5/6 successful match,True,"[437, 438, 439]",True,178,False,,0.8400000000000001,False,Fuel Express ( Shell ),Shell
D Holbrook ( 86025 ) TA Holbrook # 246 ( Shell ) ),6 928-524-3006 I-40 Exit 283 ( Perkins,A24 DOLO 24,Holbrook,86025,TA Holbrook # 246 ( Shell ) ),928-524-3006,2014,Holbrook,AZ,Shell,( Perkins,I-40 Exit 283 ,Exit,283,False,,False,I-40,,,,,"[568, 97]","[27, 52, 97, 510, 529, 568]","[27, 52, 97, 510, 529, 568]","[97, 568]","[0, 1, 2, 3, 4, 5, 6, 7, 8, 9, 10, 11, 12, 13, 14, 15, 16, 17, 18, 19, 20, 21, 22, 23, 24, 25, 26, 27, 28, 29, 30, 31, 32, 33, 34, 35, 36, 37, 38, 39, 40, 41, 42, 43, 44, 45, 46, 47, 48, 49, 50, 51, 52, 53, 54, 55, 56, 57, 58, 59, 60, 61, 62, 63, 64, 65, 66, 67, 68, 69, 70, 71, 72, 73, 74, 75, 76, 77, 78, 79, 80, 81, 82, 83, 84, 85, 86, 87, 88, 89, 90, 91, 92, 93, 94, 95, 96, 97, 98, 99, 100, 101, 102, 485, 486, 487, 488, 489, 490, 491, 492, 493, 494, 495, 496, 497, 498, 499, 500, 501, 502, 503, 504, 505, 506, 507, 508, 509, 510, 511, 512, 513, 514, 515, 516, 517, 518, 519, 520, 521, 522, 523, 524, 525, 526, 527, 528, 529, 530, 531, 532, 533, 534, 535, 536, 537, 538, 539, 540, 541, 542, 543, 544, 545, 546, 547, 548, 549, 550, 551, 552, 553, 554, 555, 556, 557, 558, 559, 560, 561, 562, 563, 564, 565, 566, 567, 568, 569, 570, 571, 572, 573]","[4, 11, 18, 21, 23, 26, 27, 28, 31, 35, 36, 43, 45, 52, 55, 56, 60, 62, 64, 70, 71, 80, 90, 94, 97, 183, 197, 232, 334, 426, 455, 472, 477, 478, 480, 483, 484, 490, 496, 505, 507, 509, 510, 511, 514, 516, 517, 523, 525, 529, 532, 533, 536, 538, 545, 546, 552, 561, 565, 568, 654, 668, 696, 790, 857, 878, 902, 919, 928, 929, 932, 934, 935]","[1, 13, 14, 29, 54, 55, 56, 57, 58, 60, 102, 118, 125, 127, 130, 134, 146, 149, 153, 175, 182, 187, 189, 191, 197, 225, 230, 238, 264, 265, 266, 286, 302, 317, 336, 379, 388, 389, 425, 454, 458, 463, 475, 487, 498, 499, 512, 530, 531, 532, 533, 534, 536, 573, 589, 596, 598, 601, 605, 617, 620, 624, 646, 653, 658, 660, 662, 668, 689, 694, 702, 724, 725, 745, 760, 775, 793, 829, 838, 839, 877, 901, 903, 905, 910, 923]","[1, 13, 14, 29, 54, 55, 56, 57, 58, 60, 97, 102, 118, 125, 127, 130, 134, 146, 149, 153, 175, 182, 187, 189, 191, 197, 225, 230, 238, 264, 265, 266, 286, 301, 302, 317, 336, 354, 355, 379, 388, 389, 425, 454, 458, 463, 475, 476, 487, 498, 499, 512, 530, 531, 532, 533, 534, 536, 568, 573, 589, 596, 598, 601, 605, 617, 620, 624, 646, 653, 658, 660, 662, 668, 689, 694, 702, 724, 725, 745, 760, 775, 793, 809, 810, 829, 838, 839, 877, 901, 903, 905, 910, 923, 924, 925]","[0, 1, 2, 3, 4, 5, 6, 7, 8, 9, 10, 11, 12, 13, 14, 15, 16, 529, 17, 18, 19, 20, 21, 22, 23, 24, 25, 27, 26, 28, 29, 30, 31, 32, 33, 34, 35, 36, 37, 38, 39, 40, 41, 42, 43, 44, 45, 46, 47, 48, 49, 50, 52, 51, 53, 54, 568, 55, 56, 57, 58, 59, 60, 61, 62, 63, 64, 65, 66, 67, 68, 69, 70, 71, 72, 73, 74, 75, 76, 77, 78, 79, 80, 81, 82, 83, 84, 85, 86, 87, 88, 89, 90, 91, 92, 93, 94, 97, 95, 96, 98, 99, 100, 101, 102, 528, 617, 530, 620, 513, 531, 624, 532, 118, 533, 125, 534, 127, 130, 535, 134, 646, 514, 536, 653, 537, 654, 146, 538, 658, 149, 660, 662, 539, 153, 668, 540, 515, 541, 542, 543, 175, 689, 544, 182, 545, 183, 696, 516, 187, 546, 189, 694, 191, 702, 547, 197, 548, 549, 550, 517, 724, 551, 725, 552, 553, 225, 554, 230, 232, 555, 745, 518, 556, 238, 557, 558, 760, 559, 560, 519, 561, 264, 265, 266, 775, 562, 563, 564, 790, 793, 565, 520, 286, 566, 567, 809, 810, 301, 302, 569, 570, 521, 571, 317, 572, 829, 573, 838, 839, 334, 522, 336, 857, 354, 355, 523, 877, 878, 605, 379, 524, 388, 389, 902, 901, 903, 905, 910, 589, 919, 525, 923, 924, 925, 928, 929, 932, 934, 935, 425, 426, 512, 526, 596, 598, 454, 455, 458, 527, 463, 601, 472, 475, 476, 477, 478, 480, 483, 484, 485, 486, 487, 488, 489, 490, 491, 492, 493, 494, 495, 496, 497, 498, 499, 500, 501, 502, 503, 504, 505, 506, 507, 508, 509, 510, 511]",True,"[27, 52, 97, 510, 529, 568]","[0, 1, 2, 3, 4, 5, 6, 7, 8, 9, 10, 11, 12, 13, 14, 15, 16, 17, 18, 19, 20, 21, 22, 23, 24, 25, 26, 27, 28, 29, 30, 31, 32, 33, 34, 35, 36, 37, 38, 39, 40, 41, 42, 43, 44, 45, 46, 47, 48, 49, 50, 51, 52, 53, 54, 55, 56, 57, 58, 59, 60, 61, 62, 63, 64, 65, 66, 67, 68, 69, 70, 71, 72, 73, 74, 75, 76, 77, 78, 79, 80, 81, 82, 83, 84, 85, 86, 87, 88, 89, 90, 91, 92, 93, 94, 95, 96, 97, 98, 99, 100, 101, 102, 485, 486, 487, 488, 489, 490, 491, 492, 493, 494, 495, 496, 497, 498, 499, 500, 501, 502, 503, 504, 505, 506, 507, 508, 509, 510, 511, 512, 513, 514, 515, 516, 517, 518, 519, 520, 521, 522, 523, 524, 525, 526, 527, 528, 529, 530, 531, 532, 533, 534, 535, 536, 537, 538, 539, 540, 541, 542, 543, 544, 545, 546, 547, 548, 549, 550, 551, 552, 553, 554, 555, 556, 557, 558, 559, 560, 561, 562, 563, 564, 565, 566, 567, 568, 569, 570, 571, 572, 573]","[27, 52, 97, 510, 529, 568]","[97, 568]","[4, 11, 18, 21, 23, 26, 27, 28, 31, 35, 36, 43, 45, 52, 55, 56, 60, 62, 64, 70, 71, 80, 90, 94, 97, 183, 197, 232, 334, 426, 455, 472, 477, 478, 480, 483, 484, 490, 496, 505, 507, 509, 510, 511, 514, 516, 517, 523, 525, 529, 532, 533, 536, 538, 545, 546, 552, 561, 565, 568, 654, 668, 696, 790, 857, 878, 902, 919, 928, 929, 932, 934, 935]","[1, 13, 14, 29, 54, 55, 56, 57, 58, 60, 97, 102, 118, 125, 127, 130, 134, 146, 149, 153, 175, 182, 187, 189, 191, 197, 225, 230, 238, 264, 265, 266, 286, 301, 302, 317, 336, 354, 355, 379, 388, 389, 425, 454, 458, 463, 475, 476, 487, 498, 499, 512, 530, 531, 532, 533, 534, 536, 568, 573, 589, 596, 598, 601, 605, 617, 620, 624, 646, 653, 658, 660, 662, 668, 689, 694, 702, 724, 725, 745, 760, 775, 793, 809, 810, 829, 838, 839, 877, 901, 903, 905, 910, 923, 924, 925]","[1, 13, 14, 29, 54, 55, 56, 57, 58, 60, 102, 118, 125, 127, 130, 134, 146, 149, 153, 175, 182, 187, 189, 191, 197, 225, 230, 238, 264, 265, 266, 286, 302, 317, 336, 379, 388, 389, 425, 454, 458, 463, 475, 487, 498, 499, 512, 530, 531, 532, 533, 534, 536, 573, 589, 596, 598, 601, 605, 617, 620, 624, 646, 653, 658, 660, 662, 668, 689, 694, 702, 724, 725, 745, 760, 775, 793, 829, 838, 839, 877, 901, 903, 905, 910, 923]",6/6 successful match,True,"[437, 438, 439]",True,178,True,2014,0.15384615384615385,False,Fuel Express ( Texaco ),Texaco
Holbrook ( 86025 ) TA Holbrook # 246 ( Shell US 180 ) ),6 928-524-3006 I-40 Exit 283 ( Perkins Valley ),24 DOL<U+2610><U+2610>,Holbrook,86025,TA Holbrook # 246 ( Shell US 180 ) ),928-524-3006,2015,Holbrook,AZ,Shell,( Perkins Valley ),I-40 Exit 283 ,Exit,283,False,,False,I-40,,,,,"[568, 97]","[27, 52, 97, 510, 529, 568]","[27, 52, 97, 510, 529, 568]","[97, 568]","[0, 1, 2, 3, 4, 5, 6, 7, 8, 9, 10, 11, 12, 13, 14, 15, 16, 17, 18, 19, 20, 21, 22, 23, 24, 25, 26, 27, 28, 29, 30, 31, 32, 33, 34, 35, 36, 37, 38, 39, 40, 41, 42, 43, 44, 45, 46, 47, 48, 49, 50, 51, 52, 53, 54, 55, 56, 57, 58, 59, 60, 61, 62, 63, 64, 65, 66, 67, 68, 69, 70, 71, 72, 73, 74, 75, 76, 77, 78, 79, 80, 81, 82, 83, 84, 85, 86, 87, 88, 89, 90, 91, 92, 93, 94, 95, 96, 97, 98, 99, 100, 101, 102, 485, 486, 487, 488, 489, 490, 491, 492, 493, 494, 495, 496, 497, 498, 499, 500, 501, 502, 503, 504, 505, 506, 507, 508, 509, 510, 511, 512, 513, 514, 515, 516, 517, 518, 519, 520, 521, 522, 523, 524, 525, 526, 527, 528, 529, 530, 531, 532, 533, 534, 535, 536, 537, 538, 539, 540, 541, 542, 543, 544, 545, 546, 547, 548, 549, 550, 551, 552, 553, 554, 555, 556, 557, 558, 559, 560, 561, 562, 563, 564, 565, 566, 567, 568, 569, 570, 571, 572, 573]","[4, 11, 18, 21, 23, 26, 27, 28, 31, 35, 36, 43, 45, 52, 55, 56, 60, 62, 64, 70, 71, 80, 90, 94, 97, 183, 197, 232, 334, 426, 455, 472, 477, 478, 480, 483, 484, 490, 496, 505, 507, 509, 510, 511, 514, 516, 517, 523, 525, 529, 532, 533, 536, 538, 545, 546, 552, 561, 565, 568, 654, 668, 696, 790, 857, 878, 902, 919, 928, 929, 932, 934, 935]","[1, 13, 14, 29, 54, 55, 56, 57, 58, 60, 102, 118, 125, 127, 130, 134, 146, 149, 153, 175, 182, 187, 189, 191, 197, 225, 230, 238, 264, 265, 266, 286, 302, 317, 336, 379, 388, 389, 425, 454, 458, 463, 475, 487, 498, 499, 512, 530, 531, 532, 533, 534, 536, 573, 589, 596, 598, 601, 605, 617, 620, 624, 646, 653, 658, 660, 662, 668, 689, 694, 702, 724, 725, 745, 760, 775, 793, 829, 838, 839, 877, 901, 903, 905, 910, 923]","[1, 13, 14, 29, 54, 55, 56, 57, 58, 60, 70, 97, 102, 118, 125, 127, 130, 134, 146, 149, 153, 175, 182, 187, 189, 191, 197, 225, 230, 238, 264, 265, 266, 286, 301, 302, 317, 336, 354, 355, 379, 388, 389, 425, 454, 458, 463, 475, 476, 487, 498, 499, 512, 530, 531, 532, 533, 534, 536, 545, 568, 573, 589, 596, 598, 601, 605, 617, 620, 624, 646, 653, 658, 660, 662, 668, 689, 694, 702, 724, 725, 745, 760, 775, 793, 809, 810, 829, 838, 839, 877, 901, 903, 905, 910, 923, 924, 925]","[0, 1, 2, 3, 4, 5, 6, 7, 8, 9, 10, 11, 12, 13, 14, 15, 16, 529, 17, 18, 19, 20, 21, 22, 23, 24, 25, 27, 26, 28, 29, 30, 31, 32, 33, 34, 35, 36, 37, 38, 39, 40, 41, 42, 43, 44, 45, 46, 47, 48, 49, 50, 52, 51, 53, 54, 568, 55, 56, 57, 58, 59, 60, 61, 62, 63, 64, 65, 66, 67, 68, 69, 70, 71, 72, 73, 74, 75, 76, 77, 78, 79, 80, 81, 82, 83, 84, 85, 86, 87, 88, 89, 90, 91, 92, 93, 94, 97, 95, 96, 98, 99, 100, 101, 102, 528, 617, 530, 620, 513, 531, 624, 532, 118, 533, 125, 534, 127, 130, 535, 134, 646, 514, 536, 653, 537, 654, 146, 538, 658, 149, 660, 662, 539, 153, 668, 540, 515, 541, 542, 543, 175, 689, 544, 182, 545, 183, 696, 516, 187, 546, 189, 694, 191, 702, 547, 197, 548, 549, 550, 517, 724, 551, 725, 552, 553, 225, 554, 230, 232, 555, 745, 518, 556, 238, 557, 558, 760, 559, 560, 519, 561, 264, 265, 266, 775, 562, 563, 564, 790, 793, 565, 520, 286, 566, 567, 809, 810, 301, 302, 569, 570, 521, 571, 317, 572, 829, 573, 838, 839, 334, 522, 336, 857, 354, 355, 523, 877, 878, 605, 379, 524, 388, 389, 902, 901, 903, 905, 910, 589, 919, 525, 923, 924, 925, 928, 929, 932, 934, 935, 425, 426, 512, 526, 596, 598, 454, 455, 458, 527, 463, 601, 472, 475, 476, 477, 478, 480, 483, 484, 485, 486, 487, 488, 489, 490, 491, 492, 493, 494, 495, 496, 497, 498, 499, 500, 501, 502, 503, 504, 505, 506, 507, 508, 509, 510, 511]",True,"[27, 52, 97, 510, 529, 568]","[0, 1, 2, 3, 4, 5, 6, 7, 8, 9, 10, 11, 12, 13, 14, 15, 16, 17, 18, 19, 20, 21, 22, 23, 24, 25, 26, 27, 28, 29, 30, 31, 32, 33, 34, 35, 36, 37, 38, 39, 40, 41, 42, 43, 44, 45, 46, 47, 48, 49, 50, 51, 52, 53, 54, 55, 56, 57, 58, 59, 60, 61, 62, 63, 64, 65, 66, 67, 68, 69, 70, 71, 72, 73, 74, 75, 76, 77, 78, 79, 80, 81, 82, 83, 84, 85, 86, 87, 88, 89, 90, 91, 92, 93, 94, 95, 96, 97, 98, 99, 100, 101, 102, 485, 486, 487, 488, 489, 490, 491, 492, 493, 494, 495, 496, 497, 498, 499, 500, 501, 502, 503, 504, 505, 506, 507, 508, 509, 510, 511, 512, 513, 514, 515, 516, 517, 518, 519, 520, 521, 522, 523, 524, 525, 526, 527, 528, 529, 530, 531, 532, 533, 534, 535, 536, 537, 538, 539, 540, 541, 542, 543, 544, 545, 546, 547, 548, 549, 550, 551, 552, 553, 554, 555, 556, 557, 558, 559, 560, 561, 562, 563, 564, 565, 566, 567, 568, 569, 570, 571, 572, 573]","[27, 52, 97, 510, 529, 568]","[97, 568]","[4, 11, 18, 21, 23, 26, 27, 28, 31, 35, 36, 43, 45, 52, 55, 56, 60, 62, 64, 70, 71, 80, 90, 94, 97, 183, 197, 232, 334, 426, 455, 472, 477, 478, 480, 483, 484, 490, 496, 505, 507, 509, 510, 511, 514, 516, 517, 523, 525, 529, 532, 533, 536, 538, 545, 546, 552, 561, 565, 568, 654, 668, 696, 790, 857, 878, 902, 919, 928, 929, 932, 934, 935]","[1, 13, 14, 29, 54, 55, 56, 57, 58, 60, 70, 97, 102, 118, 125, 127, 130, 134, 146, 149, 153, 175, 182, 187, 189, 191, 197, 225, 230, 238, 264, 265, 266, 286, 301, 302, 317, 336, 354, 355, 379, 388, 389, 425, 454, 458, 463, 475, 476, 487, 498, 499, 512, 530, 531, 532, 533, 534, 536, 545, 568, 573, 589, 596, 598, 601, 605, 617, 620, 624, 646, 653, 658, 660, 662, 668, 689, 694, 702, 724, 725, 745, 760, 775, 793, 809, 810, 829, 838, 839, 877, 901, 903, 905, 910, 923, 924, 925]","[1, 13, 14, 29, 54, 55, 56, 57, 58, 60, 102, 118, 125, 127, 130, 134, 146, 149, 153, 175, 182, 187, 189, 191, 197, 225, 230, 238, 264, 265, 266, 286, 302, 317, 336, 379, 388, 389, 425, 454, 458, 463, 475, 487, 498, 499, 512, 530, 531, 532, 533, 534, 536, 573, 589, 596, 598, 601, 605, 617, 620, 624, 646, 653, 658, 660, 662, 668, 689, 694, 702, 724, 725, 745, 760, 775, 793, 829, 838, 839, 877, 901, 903, 905, 910, 923]",6/6 successful match,True,"[437, 438, 439]",True,178,False,,1.0,True,TA Holbrook # 246 ( Shell ) ),Shell
Holbrook ( 86025 ) TA Holbrook # 246 ( Shell ),6 928-524-3006 I-40 Exit 283 ( Perkins Valley ),24,Holbrook,86025,TA Holbrook # 246 ( Shell ),928-524-3006,2016,Holbrook,AZ,Shell,( Perkins Valley ),I-40 Exit 283 ,Exit,283,False,,False,I-40,,,,,"[568, 97]","[27, 52, 97, 510, 529, 568]","[27, 52, 97, 510, 529, 568]","[97, 568]","[0, 1, 2, 3, 4, 5, 6, 7, 8, 9, 10, 11, 12, 13, 14, 15, 16, 17, 18, 19, 20, 21, 22, 23, 24, 25, 26, 27, 28, 29, 30, 31, 32, 33, 34, 35, 36, 37, 38, 39, 40, 41, 42, 43, 44, 45, 46, 47, 48, 49, 50, 51, 52, 53, 54, 55, 56, 57, 58, 59, 60, 61, 62, 63, 64, 65, 66, 67, 68, 69, 70, 71, 72, 73, 74, 75, 76, 77, 78, 79, 80, 81, 82, 83, 84, 85, 86, 87, 88, 89, 90, 91, 92, 93, 94, 95, 96, 97, 98, 99, 100, 101, 102, 485, 486, 487, 488, 489, 490, 491, 492, 493, 494, 495, 496, 497, 498, 499, 500, 501, 502, 503, 504, 505, 506, 507, 508, 509, 510, 511, 512, 513, 514, 515, 516, 517, 518, 519, 520, 521, 522, 523, 524, 525, 526, 527, 528, 529, 530, 531, 532, 533, 534, 535, 536, 537, 538, 539, 540, 541, 542, 543, 544, 545, 546, 547, 548, 549, 550, 551, 552, 553, 554, 555, 556, 557, 558, 559, 560, 561, 562, 563, 564, 565, 566, 567, 568, 569, 570, 571, 572, 573]","[4, 11, 18, 21, 23, 26, 27, 28, 31, 35, 36, 43, 45, 52, 55, 56, 60, 62, 64, 70, 71, 80, 90, 94, 97, 183, 197, 232, 334, 426, 455, 472, 477, 478, 480, 483, 484, 490, 496, 505, 507, 509, 510, 511, 514, 516, 517, 523, 525, 529, 532, 533, 536, 538, 545, 546, 552, 561, 565, 568, 654, 668, 696, 790, 857, 878, 902, 919, 928, 929, 932, 934, 935]","[1, 13, 14, 29, 54, 55, 56, 57, 58, 60, 102, 118, 125, 127, 130, 134, 146, 149, 153, 175, 182, 187, 189, 191, 197, 225, 230, 238, 264, 265, 266, 286, 302, 317, 336, 379, 388, 389, 425, 454, 458, 463, 475, 487, 498, 499, 512, 530, 531, 532, 533, 534, 536, 573, 589, 596, 598, 601, 605, 617, 620, 624, 646, 653, 658, 660, 662, 668, 689, 694, 702, 724, 725, 745, 760, 775, 793, 829, 838, 839, 877, 901, 903, 905, 910, 923]","[1, 13, 14, 29, 54, 55, 56, 57, 58, 60, 97, 102, 118, 125, 127, 130, 134, 146, 149, 153, 175, 182, 187, 189, 191, 197, 225, 230, 238, 264, 265, 266, 286, 301, 302, 317, 336, 354, 355, 379, 388, 389, 425, 454, 458, 463, 475, 476, 487, 498, 499, 512, 530, 531, 532, 533, 534, 536, 568, 573, 589, 596, 598, 601, 605, 617, 620, 624, 646, 653, 658, 660, 662, 668, 689, 694, 702, 724, 725, 745, 760, 775, 793, 809, 810, 829, 838, 839, 877, 901, 903, 905, 910, 923, 924, 925]","[0, 1, 2, 3, 4, 5, 6, 7, 8, 9, 10, 11, 12, 13, 14, 15, 16, 529, 17, 18, 19, 20, 21, 22, 23, 24, 25, 27, 26, 28, 29, 30, 31, 32, 33, 34, 35, 36, 37, 38, 39, 40, 41, 42, 43, 44, 45, 46, 47, 48, 49, 50, 52, 51, 53, 54, 568, 55, 56, 57, 58, 59, 60, 61, 62, 63, 64, 65, 66, 67, 68, 69, 70, 71, 72, 73, 74, 75, 76, 77, 78, 79, 80, 81, 82, 83, 84, 85, 86, 87, 88, 89, 90, 91, 92, 93, 94, 97, 95, 96, 98, 99, 100, 101, 102, 528, 617, 530, 620, 513, 531, 624, 532, 118, 533, 125, 534, 127, 130, 535, 134, 646, 514, 536, 653, 537, 654, 146, 538, 658, 149, 660, 662, 539, 153, 668, 540, 515, 541, 542, 543, 175, 689, 544, 182, 545, 183, 696, 516, 187, 546, 189, 694, 191, 702, 547, 197, 548, 549, 550, 517, 724, 551, 725, 552, 553, 225, 554, 230, 232, 555, 745, 518, 556, 238, 557, 558, 760, 559, 560, 519, 561, 264, 265, 266, 775, 562, 563, 564, 790, 793, 565, 520, 286, 566, 567, 809, 810, 301, 302, 569, 570, 521, 571, 317, 572, 829, 573, 838, 839, 334, 522, 336, 857, 354, 355, 523, 877, 878, 605, 379, 524, 388, 389, 902, 901, 903, 905, 910, 589, 919, 525, 923, 924, 925, 928, 929, 932, 934, 935, 425, 426, 512, 526, 596, 598, 454, 455, 458, 527, 463, 601, 472, 475, 476, 477, 478, 480, 483, 484, 485, 486, 487, 488, 489, 490, 491, 492, 493, 494, 495, 496, 497, 498, 499, 500, 501, 502, 503, 504, 505, 506, 507, 508, 509, 510, 511]",True,"[27, 52, 97, 510, 529, 568]","[0, 1, 2, 3, 4, 5, 6, 7, 8, 9, 10, 11, 12, 13, 14, 15, 16, 17, 18, 19, 20, 21, 22, 23, 24, 25, 26, 27, 28, 29, 30, 31, 32, 33, 34, 35, 36, 37, 38, 39, 40, 41, 42, 43, 44, 45, 46, 47, 48, 49, 50, 51, 52, 53, 54, 55, 56, 57, 58, 59, 60, 61, 62, 63, 64, 65, 66, 67, 68, 69, 70, 71, 72, 73, 74, 75, 76, 77, 78, 79, 80, 81, 82, 83, 84, 85, 86, 87, 88, 89, 90, 91, 92, 93, 94, 95, 96, 97, 98, 99, 100, 101, 102, 485, 486, 487, 488, 489, 490, 491, 492, 493, 494, 495, 496, 497, 498, 499, 500, 501, 502, 503, 504, 505, 506, 507, 508, 509, 510, 511, 512, 513, 514, 515, 516, 517, 518, 519, 520, 521, 522, 523, 524, 525, 526, 527, 528, 529, 530, 531, 532, 533, 534, 535, 536, 537, 538, 539, 540, 541, 542, 543, 544, 545, 546, 547, 548, 549, 550, 551, 552, 553, 554, 555, 556, 557, 558, 559, 560, 561, 562, 563, 564, 565, 566, 567, 568, 569, 570, 571, 572, 573]","[27, 52, 97, 510, 529, 568]","[97, 568]","[4, 11, 18, 21, 23, 26, 27, 28, 31, 35, 36, 43, 45, 52, 55, 56, 60, 62, 64, 70, 71, 80, 90, 94, 97, 183, 197, 232, 334, 426, 455, 472, 477, 478, 480, 483, 484, 490, 496, 505, 507, 509, 510, 511, 514, 516, 517, 523, 525, 529, 532, 533, 536, 538, 545, 546, 552, 561, 565, 568, 654, 668, 696, 790, 857, 878, 902, 919, 928, 929, 932, 934, 935]","[1, 13, 14, 29, 54, 55, 56, 57, 58, 60, 97, 102, 118, 125, 127, 130, 134, 146, 149, 153, 175, 182, 187, 189, 191, 197, 225, 230, 238, 264, 265, 266, 286, 301, 302, 317, 336, 354, 355, 379, 388, 389, 425, 454, 458, 463, 475, 476, 487, 498, 499, 512, 530, 531, 532, 533, 534, 536, 568, 573, 589, 596, 598, 601, 605, 617, 620, 624, 646, 653, 658, 660, 662, 668, 689, 694, 702, 724, 725, 745, 760, 775, 793, 809, 810, 829, 838, 839, 877, 901, 903, 905, 910, 923, 924, 925]","[1, 13, 14, 29, 54, 55, 56, 57, 58, 60, 102, 118, 125, 127, 130, 134, 146, 149, 153, 175, 182, 187, 189, 191, 197, 225, 230, 238, 264, 265, 266, 286, 302, 317, 336, 379, 388, 389, 425, 454, 458, 463, 475, 487, 498, 499, 512, 530, 531, 532, 533, 534, 536, 573, 589, 596, 598, 601, 605, 617, 620, 624, 646, 653, 658, 660, 662, 668, 689, 694, 702, 724, 725, 745, 760, 775, 793, 829, 838, 839, 877, 901, 903, 905, 910, 923]",6/6 successful match,True,"[437, 438, 439]",True,178,False,,1.0,True,TA Holbrook # 246 ( Shell US 180 ) ),Shell
"Holbrook , 86025 Hopi Travel Plaza ( Conoco )",928-524-6243 I-40 Exit 292 ( AZ 77 N ),HRS +8,Holbrook,86025,Hopi Travel Plaza ( Conoco ),928-524-6243,2006,Holbrook,AZ,Conoco,( AZ 77 N ),I-40 Exit 292 ,Exit,292,False,,False,I-40,,,,,[],"[27, 52, 97, 510, 529, 568]","[27, 52, 97, 510, 529, 568]","[27, 510]","[0, 1, 2, 3, 4, 5, 6, 7, 8, 9, 10, 11, 12, 13, 14, 15, 16, 17, 18, 19, 20, 21, 22, 23, 24, 25, 26, 27, 28, 29, 30, 31, 32, 33, 34, 35, 36, 37, 38, 39, 40, 41, 42, 43, 44, 45, 46, 47, 48, 49, 50, 51, 52, 53, 54, 55, 56, 57, 58, 59, 60, 61, 62, 63, 64, 65, 66, 67, 68, 69, 70, 71, 72, 73, 74, 75, 76, 77, 78, 79, 80, 81, 82, 83, 84, 85, 86, 87, 88, 89, 90, 91, 92, 93, 94, 95, 96, 97, 98, 99, 100, 101, 102, 485, 486, 487, 488, 489, 490, 491, 492, 493, 494, 495, 496, 497, 498, 499, 500, 501, 502, 503, 504, 505, 506, 507, 508, 509, 510, 511, 512, 513, 514, 515, 516, 517, 518, 519, 520, 521, 522, 523, 524, 525, 526, 527, 528, 529, 530, 531, 532, 533, 534, 535, 536, 537, 538, 539, 540, 541, 542, 543, 544, 545, 546, 547, 548, 549, 550, 551, 552, 553, 554, 555, 556, 557, 558, 559, 560, 561, 562, 563, 564, 565, 566, 567, 568, 569, 570, 571, 572, 573]","[4, 11, 18, 21, 23, 26, 27, 28, 31, 35, 36, 43, 45, 52, 55, 56, 60, 62, 64, 70, 71, 80, 90, 94, 97, 183, 197, 232, 334, 426, 455, 472, 477, 478, 480, 483, 484, 490, 496, 505, 507, 509, 510, 511, 514, 516, 517, 523, 525, 529, 532, 533, 536, 538, 545, 546, 552, 561, 565, 568, 654, 668, 696, 790, 857, 878, 902, 919, 928, 929, 932, 934, 935]","[3, 27, 349, 406, 451, 489, 510, 804, 855, 898]","[3, 27, 349, 406, 451, 489, 510, 804, 855, 898]","[0, 1, 2, 3, 4, 5, 6, 7, 8, 9, 10, 11, 12, 13, 14, 15, 16, 529, 17, 18, 19, 20, 21, 22, 23, 24, 25, 27, 26, 28, 29, 30, 31, 32, 33, 34, 35, 36, 37, 38, 39, 40, 41, 42, 43, 44, 45, 46, 47, 48, 49, 50, 52, 51, 53, 54, 568, 55, 56, 57, 58, 59, 60, 61, 62, 63, 64, 65, 66, 67, 68, 69, 70, 71, 72, 73, 74, 75, 76, 77, 78, 79, 80, 81, 82, 83, 84, 85, 86, 87, 88, 89, 90, 91, 92, 93, 94, 97, 95, 96, 98, 99, 100, 101, 102, 528, 530, 513, 531, 532, 533, 534, 535, 514, 536, 537, 654, 538, 539, 668, 540, 515, 541, 542, 543, 544, 545, 183, 696, 516, 546, 547, 197, 548, 549, 550, 517, 551, 552, 553, 554, 232, 555, 518, 556, 557, 558, 559, 560, 519, 561, 562, 563, 564, 790, 565, 520, 566, 804, 567, 569, 570, 521, 571, 572, 573, 334, 522, 855, 857, 349, 523, 878, 524, 898, 902, 406, 919, 525, 928, 929, 932, 934, 935, 426, 512, 526, 451, 455, 527, 472, 477, 478, 480, 483, 484, 485, 486, 487, 488, 489, 490, 491, 492, 493, 494, 495, 496, 497, 498, 499, 500, 501, 502, 503, 504, 505, 506, 507, 508, 509, 510, 511]",False,"[27, 52, 97, 510, 529, 568]","[0, 1, 2, 3, 4, 5, 6, 7, 8, 9, 10, 11, 12, 13, 14, 15, 16, 17, 18, 19, 20, 21, 22, 23, 24, 25, 26, 27, 28, 29, 30, 31, 32, 33, 34, 35, 36, 37, 38, 39, 40, 41, 42, 43, 44, 45, 46, 47, 48, 49, 50, 51, 52, 53, 54, 55, 56, 57, 58, 59, 60, 61, 62, 63, 64, 65, 66, 67, 68, 69, 70, 71, 72, 73, 74, 75, 76, 77, 78, 79, 80, 81, 82, 83, 84, 85, 86, 87, 88, 89, 90, 91, 92, 93, 94, 95, 96, 97, 98, 99, 100, 101, 102, 485, 486, 487, 488, 489, 490, 491, 492, 493, 494, 495, 496, 497, 498, 499, 500, 501, 502, 503, 504, 505, 506, 507, 508, 509, 510, 511, 512, 513, 514, 515, 516, 517, 518, 519, 520, 521, 522, 523, 524, 525, 526, 527, 528, 529, 530, 531, 532, 533, 534, 535, 536, 537, 538, 539, 540, 541, 542, 543, 544, 545, 546, 547, 548, 549, 550, 551, 552, 553, 554, 555, 556, 557, 558, 559, 560, 561, 562, 563, 564, 565, 566, 567, 568, 569, 570, 571, 572, 573]","[27, 52, 97, 510, 529, 568]","[27, 510]","[4, 11, 18, 21, 23, 26, 27, 28, 31, 35, 36, 43, 45, 52, 55, 56, 60, 62, 64, 70, 71, 80, 90, 94, 97, 183, 197, 232, 334, 426, 455, 472, 477, 478, 480, 483, 484, 490, 496, 505, 507, 509, 510, 511, 514, 516, 517, 523, 525, 529, 532, 533, 536, 538, 545, 546, 552, 561, 565, 568, 654, 668, 696, 790, 857, 878, 902, 919, 928, 929, 932, 934, 935]","[3, 27, 349, 406, 451, 489, 510, 804, 855, 898]","[3, 27, 349, 406, 451, 489, 510, 804, 855, 898]",7/6 successful match,False,"[689, 690]",True,179,False,,,,,
"Holbrook , 86025 Hopi Travel Plaza ( Conoco )",928-524-6243 I-40 Exit 292 ( AZ 77 N ),HRS 24 24 XL 24,Holbrook,86025,Hopi Travel Plaza ( Conoco ),928-524-6243,2007,Holbrook,AZ,Conoco,( AZ 77 N ),I-40 Exit 292 ,Exit,292,False,,False,I-40,,,,,[],"[27, 52, 97, 510, 529, 568]","[27, 52, 97, 510, 529, 568]","[27, 510]","[0, 1, 2, 3, 4, 5, 6, 7, 8, 9, 10, 11, 12, 13, 14, 15, 16, 17, 18, 19, 20, 21, 22, 23, 24, 25, 26, 27, 28, 29, 30, 31, 32, 33, 34, 35, 36, 37, 38, 39, 40, 41, 42, 43, 44, 45, 46, 47, 48, 49, 50, 51, 52, 53, 54, 55, 56, 57, 58, 59, 60, 61, 62, 63, 64, 65, 66, 67, 68, 69, 70, 71, 72, 73, 74, 75, 76, 77, 78, 79, 80, 81, 82, 83, 84, 85, 86, 87, 88, 89, 90, 91, 92, 93, 94, 95, 96, 97, 98, 99, 100, 101, 102, 485, 486, 487, 488, 489, 490, 491, 492, 493, 494, 495, 496, 497, 498, 499, 500, 501, 502, 503, 504, 505, 506, 507, 508, 509, 510, 511, 512, 513, 514, 515, 516, 517, 518, 519, 520, 521, 522, 523, 524, 525, 526, 527, 528, 529, 530, 531, 532, 533, 534, 535, 536, 537, 538, 539, 540, 541, 542, 543, 544, 545, 546, 547, 548, 549, 550, 551, 552, 553, 554, 555, 556, 557, 558, 559, 560, 561, 562, 563, 564, 565, 566, 567, 568, 569, 570, 571, 572, 573]","[4, 11, 18, 21, 23, 26, 27, 28, 31, 35, 36, 43, 45, 52, 55, 56, 60, 62, 64, 70, 71, 80, 90, 94, 97, 183, 197, 232, 334, 426, 455, 472, 477, 478, 480, 483, 484, 490, 496, 505, 507, 509, 510, 511, 514, 516, 517, 523, 525, 529, 532, 533, 536, 538, 545, 546, 552, 561, 565, 568, 654, 668, 696, 790, 857, 878, 902, 919, 928, 929, 932, 934, 935]","[3, 27, 349, 406, 451, 489, 510, 804, 855, 898]","[3, 27, 349, 406, 451, 489, 510, 804, 855, 898]","[0, 1, 2, 3, 4, 5, 6, 7, 8, 9, 10, 11, 12, 13, 14, 15, 16, 529, 17, 18, 19, 20, 21, 22, 23, 24, 25, 27, 26, 28, 29, 30, 31, 32, 33, 34, 35, 36, 37, 38, 39, 40, 41, 42, 43, 44, 45, 46, 47, 48, 49, 50, 52, 51, 53, 54, 568, 55, 56, 57, 58, 59, 60, 61, 62, 63, 64, 65, 66, 67, 68, 69, 70, 71, 72, 73, 74, 75, 76, 77, 78, 79, 80, 81, 82, 83, 84, 85, 86, 87, 88, 89, 90, 91, 92, 93, 94, 97, 95, 96, 98, 99, 100, 101, 102, 528, 530, 513, 531, 532, 533, 534, 535, 514, 536, 537, 654, 538, 539, 668, 540, 515, 541, 542, 543, 544, 545, 183, 696, 516, 546, 547, 197, 548, 549, 550, 517, 551, 552, 553, 554, 232, 555, 518, 556, 557, 558, 559, 560, 519, 561, 562, 563, 564, 790, 565, 520, 566, 804, 567, 569, 570, 521, 571, 572, 573, 334, 522, 855, 857, 349, 523, 878, 524, 898, 902, 406, 919, 525, 928, 929, 932, 934, 935, 426, 512, 526, 451, 455, 527, 472, 477, 478, 480, 483, 484, 485, 486, 487, 488, 489, 490, 491, 492, 493, 494, 495, 496, 497, 498, 499, 500, 501, 502, 503, 504, 505, 506, 507, 508, 509, 510, 511]",False,"[27, 52, 97, 510, 529, 568]","[0, 1, 2, 3, 4, 5, 6, 7, 8, 9, 10, 11, 12, 13, 14, 15, 16, 17, 18, 19, 20, 21, 22, 23, 24, 25, 26, 27, 28, 29, 30, 31, 32, 33, 34, 35, 36, 37, 38, 39, 40, 41, 42, 43, 44, 45, 46, 47, 48, 49, 50, 51, 52, 53, 54, 55, 56, 57, 58, 59, 60, 61, 62, 63, 64, 65, 66, 67, 68, 69, 70, 71, 72, 73, 74, 75, 76, 77, 78, 79, 80, 81, 82, 83, 84, 85, 86, 87, 88, 89, 90, 91, 92, 93, 94, 95, 96, 97, 98, 99, 100, 101, 102, 485, 486, 487, 488, 489, 490, 491, 492, 493, 494, 495, 496, 497, 498, 499, 500, 501, 502, 503, 504, 505, 506, 507, 508, 509, 510, 511, 512, 513, 514, 515, 516, 517, 518, 519, 520, 521, 522, 523, 524, 525, 526, 527, 528, 529, 530, 531, 532, 533, 534, 535, 536, 537, 538, 539, 540, 541, 542, 543, 544, 545, 546, 547, 548, 549, 550, 551, 552, 553, 554, 555, 556, 557, 558, 559, 560, 561, 562, 563, 564, 565, 566, 567, 568, 569, 570, 571, 572, 573]","[27, 52, 97, 510, 529, 568]","[27, 510]","[4, 11, 18, 21, 23, 26, 27, 28, 31, 35, 36, 43, 45, 52, 55, 56, 60, 62, 64, 70, 71, 80, 90, 94, 97, 183, 197, 232, 334, 426, 455, 472, 477, 478, 480, 483, 484, 490, 496, 505, 507, 509, 510, 511, 514, 516, 517, 523, 525, 529, 532, 533, 536, 538, 545, 546, 552, 561, 565, 568, 654, 668, 696, 790, 857, 878, 902, 919, 928, 929, 932, 934, 935]","[3, 27, 349, 406, 451, 489, 510, 804, 855, 898]","[3, 27, 349, 406, 451, 489, 510, 804, 855, 898]",7/6 successful match,False,"[689, 690]",True,179,False,,1.0,True,Hopi Travel Plaza ( Conoco ),Conoco
"Holbrook , 86025 Hopi Travel Plaza",6 928-524-6243 I-40 Exit 292 ( AZ 77 N ),24 HRS XL 24 HRS,Holbrook,86025,Hopi Travel Plaza,928-524-6243,2008,Holbrook,AZ,,( AZ 77 N ),I-40 Exit 292 ,Exit,292,False,,False,I-40,,,,,[],"[27, 52, 97, 510, 529, 568]","[27, 52, 97, 510, 529, 568]","[27, 510]","[0, 1, 2, 3, 4, 5, 6, 7, 8, 9, 10, 11, 12, 13, 14, 15, 16, 17, 18, 19, 20, 21, 22, 23, 24, 25, 26, 27, 28, 29, 30, 31, 32, 33, 34, 35, 36, 37, 38, 39, 40, 41, 42, 43, 44, 45, 46, 47, 48, 49, 50, 51, 52, 53, 54, 55, 56, 57, 58, 59, 60, 61, 62, 63, 64, 65, 66, 67, 68, 69, 70, 71, 72, 73, 74, 75, 76, 77, 78, 79, 80, 81, 82, 83, 84, 85, 86, 87, 88, 89, 90, 91, 92, 93, 94, 95, 96, 97, 98, 99, 100, 101, 102, 485, 486, 487, 488, 489, 490, 491, 492, 493, 494, 495, 496, 497, 498, 499, 500, 501, 502, 503, 504, 505, 506, 507, 508, 509, 510, 511, 512, 513, 514, 515, 516, 517, 518, 519, 520, 521, 522, 523, 524, 525, 526, 527, 528, 529, 530, 531, 532, 533, 534, 535, 536, 537, 538, 539, 540, 541, 542, 543, 544, 545, 546, 547, 548, 549, 550, 551, 552, 553, 554, 555, 556, 557, 558, 559, 560, 561, 562, 563, 564, 565, 566, 567, 568, 569, 570, 571, 572, 573]","[4, 11, 18, 21, 23, 26, 27, 28, 31, 35, 36, 43, 45, 52, 55, 56, 60, 62, 64, 70, 71, 80, 90, 94, 97, 183, 197, 232, 334, 426, 455, 472, 477, 478, 480, 483, 484, 490, 496, 505, 507, 509, 510, 511, 514, 516, 517, 523, 525, 529, 532, 533, 536, 538, 545, 546, 552, 561, 565, 568, 654, 668, 696, 790, 857, 878, 902, 919, 928, 929, 932, 934, 935]",[],"[27, 510]","[0, 1, 2, 3, 4, 5, 6, 7, 8, 9, 10, 11, 12, 13, 14, 15, 16, 529, 17, 18, 19, 20, 21, 22, 23, 24, 25, 27, 26, 28, 29, 30, 31, 32, 33, 34, 35, 36, 37, 38, 39, 40, 41, 42, 43, 44, 45, 46, 47, 48, 49, 50, 52, 51, 53, 54, 568, 55, 56, 57, 58, 59, 60, 61, 62, 63, 64, 65, 66, 67, 68, 69, 70, 71, 72, 73, 74, 75, 76, 77, 78, 79, 80, 81, 82, 83, 84, 85, 86, 87, 88, 89, 90, 91, 92, 93, 94, 97, 95, 96, 98, 99, 100, 101, 102, 528, 530, 513, 531, 532, 533, 534, 535, 514, 536, 537, 654, 538, 539, 668, 540, 515, 541, 542, 543, 544, 545, 183, 696, 516, 546, 547, 197, 548, 549, 550, 517, 551, 552, 553, 554, 232, 555, 518, 556, 557, 558, 559, 560, 519, 561, 562, 563, 564, 790, 565, 520, 566, 567, 569, 570, 521, 571, 572, 573, 334, 522, 857, 523, 878, 524, 902, 919, 525, 928, 929, 932, 934, 935, 426, 512, 526, 455, 527, 472, 477, 478, 480, 483, 484, 485, 486, 487, 488, 489, 490, 491, 492, 493, 494, 495, 496, 497, 498, 499, 500, 501, 502, 503, 504, 505, 506, 507, 508, 509, 510, 511]",False,"[27, 52, 97, 510, 529, 568]","[0, 1, 2, 3, 4, 5, 6, 7, 8, 9, 10, 11, 12, 13, 14, 15, 16, 17, 18, 19, 20, 21, 22, 23, 24, 25, 26, 27, 28, 29, 30, 31, 32, 33, 34, 35, 36, 37, 38, 39, 40, 41, 42, 43, 44, 45, 46, 47, 48, 49, 50, 51, 52, 53, 54, 55, 56, 57, 58, 59, 60, 61, 62, 63, 64, 65, 66, 67, 68, 69, 70, 71, 72, 73, 74, 75, 76, 77, 78, 79, 80, 81, 82, 83, 84, 85, 86, 87, 88, 89, 90, 91, 92, 93, 94, 95, 96, 97, 98, 99, 100, 101, 102, 485, 486, 487, 488, 489, 490, 491, 492, 493, 494, 495, 496, 497, 498, 499, 500, 501, 502, 503, 504, 505, 506, 507, 508, 509, 510, 511, 512, 513, 514, 515, 516, 517, 518, 519, 520, 521, 522, 523, 524, 525, 526, 527, 528, 529, 530, 531, 532, 533, 534, 535, 536, 537, 538, 539, 540, 541, 542, 543, 544, 545, 546, 547, 548, 549, 550, 551, 552, 553, 554, 555, 556, 557, 558, 559, 560, 561, 562, 563, 564, 565, 566, 567, 568, 569, 570, 571, 572, 573]","[27, 52, 97, 510, 529, 568]","[27, 510]","[4, 11, 18, 21, 23, 26, 27, 28, 31, 35, 36, 43, 45, 52, 55, 56, 60, 62, 64, 70, 71, 80, 90, 94, 97, 183, 197, 232, 334, 426, 455, 472, 477, 478, 480, 483, 484, 490, 496, 505, 507, 509, 510, 511, 514, 516, 517, 523, 525, 529, 532, 533, 536, 538, 545, 546, 552, 561, 565, 568, 654, 668, 696, 790, 857, 878, 902, 919, 928, 929, 932, 934, 935]","[27, 510]",[],7/6 successful match,False,"[689, 690]",True,179,False,,0.6266666666666667,True,Hopi Travel Plaza ( Conoco ),Conoco
Holbrook ( 86025 ) Hopi Travel Plaza ( Conoco ),6 928-524-6243 I-40 Exit 292 ( AZ 77 N ),24 XLO 24,Holbrook,86025,Hopi Travel Plaza ( Conoco ),928-524-6243,2014,Holbrook,AZ,Conoco,( AZ 77 N ),I-40 Exit 292 ,Exit,292,False,,False,I-40,,,,,[],"[27, 52, 97, 510, 529, 568]","[27, 52, 97, 510, 529, 568]","[27, 510]","[0, 1, 2, 3, 4, 5, 6, 7, 8, 9, 10, 11, 12, 13, 14, 15, 16, 17, 18, 19, 20, 21, 22, 23, 24, 25, 26, 27, 28, 29, 30, 31, 32, 33, 34, 35, 36, 37, 38, 39, 40, 41, 42, 43, 44, 45, 46, 47, 48, 49, 50, 51, 52, 53, 54, 55, 56, 57, 58, 59, 60, 61, 62, 63, 64, 65, 66, 67, 68, 69, 70, 71, 72, 73, 74, 75, 76, 77, 78, 79, 80, 81, 82, 83, 84, 85, 86, 87, 88, 89, 90, 91, 92, 93, 94, 95, 96, 97, 98, 99, 100, 101, 102, 485, 486, 487, 488, 489, 490, 491, 492, 493, 494, 495, 496, 497, 498, 499, 500, 501, 502, 503, 504, 505, 506, 507, 508, 509, 510, 511, 512, 513, 514, 515, 516, 517, 518, 519, 520, 521, 522, 523, 524, 525, 526, 527, 528, 529, 530, 531, 532, 533, 534, 535, 536, 537, 538, 539, 540, 541, 542, 543, 544, 545, 546, 547, 548, 549, 550, 551, 552, 553, 554, 555, 556, 557, 558, 559, 560, 561, 562, 563, 564, 565, 566, 567, 568, 569, 570, 571, 572, 573]","[4, 11, 18, 21, 23, 26, 27, 28, 31, 35, 36, 43, 45, 52, 55, 56, 60, 62, 64, 70, 71, 80, 90, 94, 97, 183, 197, 232, 334, 426, 455, 472, 477, 478, 480, 483, 484, 490, 496, 505, 507, 509, 510, 511, 514, 516, 517, 523, 525, 529, 532, 533, 536, 538, 545, 546, 552, 561, 565, 568, 654, 668, 696, 790, 857, 878, 902, 919, 928, 929, 932, 934, 935]","[3, 27, 349, 406, 451, 489, 510, 804, 855, 898]","[3, 27, 349, 406, 451, 489, 510, 804, 855, 898]","[0, 1, 2, 3, 4, 5, 6, 7, 8, 9, 10, 11, 12, 13, 14, 15, 16, 529, 17, 18, 19, 20, 21, 22, 23, 24, 25, 27, 26, 28, 29, 30, 31, 32, 33, 34, 35, 36, 37, 38, 39, 40, 41, 42, 43, 44, 45, 46, 47, 48, 49, 50, 52, 51, 53, 54, 568, 55, 56, 57, 58, 59, 60, 61, 62, 63, 64, 65, 66, 67, 68, 69, 70, 71, 72, 73, 74, 75, 76, 77, 78, 79, 80, 81, 82, 83, 84, 85, 86, 87, 88, 89, 90, 91, 92, 93, 94, 97, 95, 96, 98, 99, 100, 101, 102, 528, 530, 513, 531, 532, 533, 534, 535, 514, 536, 537, 654, 538, 539, 668, 540, 515, 541, 542, 543, 544, 545, 183, 696, 516, 546, 547, 197, 548, 549, 550, 517, 551, 552, 553, 554, 232, 555, 518, 556, 557, 558, 559, 560, 519, 561, 562, 563, 564, 790, 565, 520, 566, 804, 567, 569, 570, 521, 571, 572, 573, 334, 522, 855, 857, 349, 523, 878, 524, 898, 902, 406, 919, 525, 928, 929, 932, 934, 935, 426, 512, 526, 451, 455, 527, 472, 477, 478, 480, 483, 484, 485, 486, 487, 488, 489, 490, 491, 492, 493, 494, 495, 496, 497, 498, 499, 500, 501, 502, 503, 504, 505, 506, 507, 508, 509, 510, 511]",False,"[27, 52, 97, 510, 529, 568]","[0, 1, 2, 3, 4, 5, 6, 7, 8, 9, 10, 11, 12, 13, 14, 15, 16, 17, 18, 19, 20, 21, 22, 23, 24, 25, 26, 27, 28, 29, 30, 31, 32, 33, 34, 35, 36, 37, 38, 39, 40, 41, 42, 43, 44, 45, 46, 47, 48, 49, 50, 51, 52, 53, 54, 55, 56, 57, 58, 59, 60, 61, 62, 63, 64, 65, 66, 67, 68, 69, 70, 71, 72, 73, 74, 75, 76, 77, 78, 79, 80, 81, 82, 83, 84, 85, 86, 87, 88, 89, 90, 91, 92, 93, 94, 95, 96, 97, 98, 99, 100, 101, 102, 485, 486, 487, 488, 489, 490, 491, 492, 493, 494, 495, 496, 497, 498, 499, 500, 501, 502, 503, 504, 505, 506, 507, 508, 509, 510, 511, 512, 513, 514, 515, 516, 517, 518, 519, 520, 521, 522, 523, 524, 525, 526, 527, 528, 529, 530, 531, 532, 533, 534, 535, 536, 537, 538, 539, 540, 541, 542, 543, 544, 545, 546, 547, 548, 549, 550, 551, 552, 553, 554, 555, 556, 557, 558, 559, 560, 561, 562, 563, 564, 565, 566, 567, 568, 569, 570, 571, 572, 573]","[27, 52, 97, 510, 529, 568]","[27, 510]","[4, 11, 18, 21, 23, 26, 27, 28, 31, 35, 36, 43, 45, 52, 55, 56, 60, 62, 64, 70, 71, 80, 90, 94, 97, 183, 197, 232, 334, 426, 455, 472, 477, 478, 480, 483, 484, 490, 496, 505, 507, 509, 510, 511, 514, 516, 517, 523, 525, 529, 532, 533, 536, 538, 545, 546, 552, 561, 565, 568, 654, 668, 696, 790, 857, 878, 902, 919, 928, 929, 932, 934, 935]","[3, 27, 349, 406, 451, 489, 510, 804, 855, 898]","[3, 27, 349, 406, 451, 489, 510, 804, 855, 898]",7/6 successful match,False,"[689, 690]",True,179,False,,0.6266666666666667,True,Hopi Travel Plaza,
6 D 928-524-3006 Holbrook ( 86025 ) I-40 Hopi Exit Travel 283 Plaza ( Perkins ( Conoco Valley ) ),928-524-6243 I-40 Exit 292 ( AZ 77 N ),24 XL 24,Holbrook,86025,I-40 Hopi Exit Travel 283 Plaza ( Perkins ( Conoco Valley ) ),928-524-6243,2015,Holbrook,AZ,Conoco,( AZ 77 N ),I-40 Exit 292 ,Exit,292,False,,False,I-40,,,,,[],"[27, 52, 97, 510, 529, 568]","[27, 52, 97, 510, 529, 568]","[27, 510]","[0, 1, 2, 3, 4, 5, 6, 7, 8, 9, 10, 11, 12, 13, 14, 15, 16, 17, 18, 19, 20, 21, 22, 23, 24, 25, 26, 27, 28, 29, 30, 31, 32, 33, 34, 35, 36, 37, 38, 39, 40, 41, 42, 43, 44, 45, 46, 47, 48, 49, 50, 51, 52, 53, 54, 55, 56, 57, 58, 59, 60, 61, 62, 63, 64, 65, 66, 67, 68, 69, 70, 71, 72, 73, 74, 75, 76, 77, 78, 79, 80, 81, 82, 83, 84, 85, 86, 87, 88, 89, 90, 91, 92, 93, 94, 95, 96, 97, 98, 99, 100, 101, 102, 485, 486, 487, 488, 489, 490, 491, 492, 493, 494, 495, 496, 497, 498, 499, 500, 501, 502, 503, 504, 505, 506, 507, 508, 509, 510, 511, 512, 513, 514, 515, 516, 517, 518, 519, 520, 521, 522, 523, 524, 525, 526, 527, 528, 529, 530, 531, 532, 533, 534, 535, 536, 537, 538, 539, 540, 541, 542, 543, 544, 545, 546, 547, 548, 549, 550, 551, 552, 553, 554, 555, 556, 557, 558, 559, 560, 561, 562, 563, 564, 565, 566, 567, 568, 569, 570, 571, 572, 573]","[4, 11, 18, 21, 23, 26, 27, 28, 31, 35, 36, 43, 45, 52, 55, 56, 60, 62, 64, 70, 71, 80, 90, 94, 97, 183, 197, 232, 334, 426, 455, 472, 477, 478, 480, 483, 484, 490, 496, 505, 507, 509, 510, 511, 514, 516, 517, 523, 525, 529, 532, 533, 536, 538, 545, 546, 552, 561, 565, 568, 654, 668, 696, 790, 857, 878, 902, 919, 928, 929, 932, 934, 935]","[3, 27, 349, 406, 451, 489, 510, 804, 855, 898]","[3, 27, 154, 218, 279, 321, 322, 323, 324, 325, 326, 349, 394, 401, 406, 451, 478, 489, 510, 626, 686, 738, 779, 780, 781, 782, 783, 784, 804, 844, 850, 855, 898, 929]","[0, 1, 2, 3, 4, 5, 6, 7, 8, 9, 10, 11, 12, 13, 14, 15, 16, 529, 17, 18, 19, 20, 21, 22, 23, 24, 25, 27, 26, 28, 29, 30, 31, 32, 33, 34, 35, 36, 37, 38, 39, 40, 41, 42, 43, 44, 45, 46, 47, 48, 49, 50, 52, 51, 53, 54, 568, 55, 56, 57, 58, 59, 60, 61, 62, 63, 64, 65, 66, 67, 68, 69, 70, 71, 72, 73, 74, 75, 76, 77, 78, 79, 80, 81, 82, 83, 84, 85, 86, 87, 88, 89, 90, 91, 92, 93, 94, 97, 95, 96, 98, 99, 100, 101, 102, 528, 530, 513, 531, 626, 532, 533, 534, 535, 514, 536, 537, 654, 538, 539, 154, 668, 540, 515, 541, 542, 543, 686, 544, 545, 183, 696, 516, 546, 547, 197, 548, 549, 550, 517, 551, 552, 218, 553, 738, 554, 232, 555, 518, 556, 557, 558, 559, 560, 519, 561, 779, 562, 780, 781, 782, 783, 563, 784, 564, 790, 279, 565, 520, 566, 804, 567, 569, 570, 521, 571, 572, 321, 322, 573, 323, 324, 325, 326, 844, 334, 522, 850, 855, 857, 349, 523, 878, 524, 898, 902, 394, 401, 406, 919, 525, 928, 929, 932, 934, 935, 426, 512, 526, 451, 455, 527, 472, 477, 478, 480, 483, 484, 485, 486, 487, 488, 489, 490, 491, 492, 493, 494, 495, 496, 497, 498, 499, 500, 501, 502, 503, 504, 505, 506, 507, 508, 509, 510, 511]",False,"[27, 52, 97, 510, 529, 568]","[0, 1, 2, 3, 4, 5, 6, 7, 8, 9, 10, 11, 12, 13, 14, 15, 16, 17, 18, 19, 20, 21, 22, 23, 24, 25, 26, 27, 28, 29, 30, 31, 32, 33, 34, 35, 36, 37, 38, 39, 40, 41, 42, 43, 44, 45, 46, 47, 48, 49, 50, 51, 52, 53, 54, 55, 56, 57, 58, 59, 60, 61, 62, 63, 64, 65, 66, 67, 68, 69, 70, 71, 72, 73, 74, 75, 76, 77, 78, 79, 80, 81, 82, 83, 84, 85, 86, 87, 88, 89, 90, 91, 92, 93, 94, 95, 96, 97, 98, 99, 100, 101, 102, 485, 486, 487, 488, 489, 490, 491, 492, 493, 494, 495, 496, 497, 498, 499, 500, 501, 502, 503, 504, 505, 506, 507, 508, 509, 510, 511, 512, 513, 514, 515, 516, 517, 518, 519, 520, 521, 522, 523, 524, 525, 526, 527, 528, 529, 530, 531, 532, 533, 534, 535, 536, 537, 538, 539, 540, 541, 542, 543, 544, 545, 546, 547, 548, 549, 550, 551, 552, 553, 554, 555, 556, 557, 558, 559, 560, 561, 562, 563, 564, 565, 566, 567, 568, 569, 570, 571, 572, 573]","[27, 52, 97, 510, 529, 568]","[27, 510]","[4, 11, 18, 21, 23, 26, 27, 28, 31, 35, 36, 43, 45, 52, 55, 56, 60, 62, 64, 70, 71, 80, 90, 94, 97, 183, 197, 232, 334, 426, 455, 472, 477, 478, 480, 483, 484, 490, 496, 505, 507, 509, 510, 511, 514, 516, 517, 523, 525, 529, 532, 533, 536, 538, 545, 546, 552, 561, 565, 568, 654, 668, 696, 790, 857, 878, 902, 919, 928, 929, 932, 934, 935]","[3, 27, 154, 218, 279, 321, 322, 323, 324, 325, 326, 349, 394, 401, 406, 451, 478, 489, 510, 626, 686, 738, 779, 780, 781, 782, 783, 784, 804, 844, 850, 855, 898, 929]","[3, 27, 349, 406, 451, 489, 510, 804, 855, 898]",7/6 successful match,False,"[689, 690]",True,179,False,,0.8220973782771536,True,Hopi Travel Plaza ( Conoco ),Conoco
Holbrook ( 86025 ) Hopi Travel 283 Plaza ( Perkins ( Conoco Valley ) ),6 928-524-6243 I-40 Exit 292 ( AZ 77 N ),24 XL 24,Holbrook,86025,Hopi Travel 283 Plaza ( Perkins ( Conoco Valley ) ),928-524-6243,2016,Holbrook,AZ,Conoco,( AZ 77 N ),I-40 Exit 292 ,Exit,292,False,,False,I-40,,,,,[],"[27, 52, 97, 510, 529, 568]","[27, 52, 97, 510, 529, 568]","[27, 510]","[0, 1, 2, 3, 4, 5, 6, 7, 8, 9, 10, 11, 12, 13, 14, 15, 16, 17, 18, 19, 20, 21, 22, 23, 24, 25, 26, 27, 28, 29, 30, 31, 32, 33, 34, 35, 36, 37, 38, 39, 40, 41, 42, 43, 44, 45, 46, 47, 48, 49, 50, 51, 52, 53, 54, 55, 56, 57, 58, 59, 60, 61, 62, 63, 64, 65, 66, 67, 68, 69, 70, 71, 72, 73, 74, 75, 76, 77, 78, 79, 80, 81, 82, 83, 84, 85, 86, 87, 88, 89, 90, 91, 92, 93, 94, 95, 96, 97, 98, 99, 100, 101, 102, 485, 486, 487, 488, 489, 490, 491, 492, 493, 494, 495, 496, 497, 498, 499, 500, 501, 502, 503, 504, 505, 506, 507, 508, 509, 510, 511, 512, 513, 514, 515, 516, 517, 518, 519, 520, 521, 522, 523, 524, 525, 526, 527, 528, 529, 530, 531, 532, 533, 534, 535, 536, 537, 538, 539, 540, 541, 542, 543, 544, 545, 546, 547, 548, 549, 550, 551, 552, 553, 554, 555, 556, 557, 558, 559, 560, 561, 562, 563, 564, 565, 566, 567, 568, 569, 570, 571, 572, 573]","[4, 11, 18, 21, 23, 26, 27, 28, 31, 35, 36, 43, 45, 52, 55, 56, 60, 62, 64, 70, 71, 80, 90, 94, 97, 183, 197, 232, 334, 426, 455, 472, 477, 478, 480, 483, 484, 490, 496, 505, 507, 509, 510, 511, 514, 516, 517, 523, 525, 529, 532, 533, 536, 538, 545, 546, 552, 561, 565, 568, 654, 668, 696, 790, 857, 878, 902, 919, 928, 929, 932, 934, 935]","[3, 27, 349, 406, 451, 489, 510, 804, 855, 898]","[3, 27, 154, 218, 279, 321, 322, 323, 324, 325, 326, 349, 394, 401, 406, 451, 489, 510, 626, 686, 738, 779, 780, 781, 782, 783, 784, 804, 844, 850, 855, 898]","[0, 1, 2, 3, 4, 5, 6, 7, 8, 9, 10, 11, 12, 13, 14, 15, 16, 529, 17, 18, 19, 20, 21, 22, 23, 24, 25, 27, 26, 28, 29, 30, 31, 32, 33, 34, 35, 36, 37, 38, 39, 40, 41, 42, 43, 44, 45, 46, 47, 48, 49, 50, 52, 51, 53, 54, 568, 55, 56, 57, 58, 59, 60, 61, 62, 63, 64, 65, 66, 67, 68, 69, 70, 71, 72, 73, 74, 75, 76, 77, 78, 79, 80, 81, 82, 83, 84, 85, 86, 87, 88, 89, 90, 91, 92, 93, 94, 97, 95, 96, 98, 99, 100, 101, 102, 528, 530, 513, 531, 626, 532, 533, 534, 535, 514, 536, 537, 654, 538, 539, 154, 668, 540, 515, 541, 542, 543, 686, 544, 545, 183, 696, 516, 546, 547, 197, 548, 549, 550, 517, 551, 552, 218, 553, 738, 554, 232, 555, 518, 556, 557, 558, 559, 560, 519, 561, 779, 562, 780, 781, 782, 783, 563, 784, 564, 790, 279, 565, 520, 566, 804, 567, 569, 570, 521, 571, 572, 321, 322, 573, 323, 324, 325, 326, 844, 334, 522, 850, 855, 857, 349, 523, 878, 524, 898, 902, 394, 401, 406, 919, 525, 928, 929, 932, 934, 935, 426, 512, 526, 451, 455, 527, 472, 477, 478, 480, 483, 484, 485, 486, 487, 488, 489, 490, 491, 492, 493, 494, 495, 496, 497, 498, 499, 500, 501, 502, 503, 504, 505, 506, 507, 508, 509, 510, 511]",False,"[27, 52, 97, 510, 529, 568]","[0, 1, 2, 3, 4, 5, 6, 7, 8, 9, 10, 11, 12, 13, 14, 15, 16, 17, 18, 19, 20, 21, 22, 23, 24, 25, 26, 27, 28, 29, 30, 31, 32, 33, 34, 35, 36, 37, 38, 39, 40, 41, 42, 43, 44, 45, 46, 47, 48, 49, 50, 51, 52, 53, 54, 55, 56, 57, 58, 59, 60, 61, 62, 63, 64, 65, 66, 67, 68, 69, 70, 71, 72, 73, 74, 75, 76, 77, 78, 79, 80, 81, 82, 83, 84, 85, 86, 87, 88, 89, 90, 91, 92, 93, 94, 95, 96, 97, 98, 99, 100, 101, 102, 485, 486, 487, 488, 489, 490, 491, 492, 493, 494, 495, 496, 497, 498, 499, 500, 501, 502, 503, 504, 505, 506, 507, 508, 509, 510, 511, 512, 513, 514, 515, 516, 517, 518, 519, 520, 521, 522, 523, 524, 525, 526, 527, 528, 529, 530, 531, 532, 533, 534, 535, 536, 537, 538, 539, 540, 541, 542, 543, 544, 545, 546, 547, 548, 549, 550, 551, 552, 553, 554, 555, 556, 557, 558, 559, 560, 561, 562, 563, 564, 565, 566, 567, 568, 569, 570, 571, 572, 573]","[27, 52, 97, 510, 529, 568]","[27, 510]","[4, 11, 18, 21, 23, 26, 27, 28, 31, 35, 36, 43, 45, 52, 55, 56, 60, 62, 64, 70, 71, 80, 90, 94, 97, 183, 197, 232, 334, 426, 455, 472, 477, 478, 480, 483, 484, 490, 496, 505, 507, 509, 510, 511, 514, 516, 517, 523, 525, 529, 532, 533, 536, 538, 545, 546, 552, 561, 565, 568, 654, 668, 696, 790, 857, 878, 902, 919, 928, 929, 932, 934, 935]","[3, 27, 154, 218, 279, 321, 322, 323, 324, 325, 326, 349, 394, 401, 406, 451, 489, 510, 626, 686, 738, 779, 780, 781, 782, 783, 784, 804, 844, 850, 855, 898]","[3, 27, 349, 406, 451, 489, 510, 804, 855, 898]",7/6 successful match,False,"[689, 690]",True,179,False,,1.0,True,I-40 Hopi Exit Travel 283 Plaza ( Perkins ( Conoco Valley ) ),Conoco
"Joseph City , 86032 Love's Travel Stop # 278",928-288-3726 I-40 Exit 277,HRS S,Joseph City,86032,Love's Travel Stop # 278,928-288-3726,2006,Joseph City,AZ,Love's,,I-40 Exit 277,Exit,277,False,,False,I-40,,,,,"[36, 517]","[36, 517]","[36, 517]","[36, 517]","[0, 1, 2, 3, 4, 5, 6, 7, 8, 9, 10, 11, 12, 13, 14, 15, 16, 17, 18, 19, 20, 21, 22, 23, 24, 25, 26, 27, 28, 29, 30, 31, 32, 33, 34, 35, 36, 37, 38, 39, 40, 41, 42, 43, 44, 45, 46, 47, 48, 49, 50, 51, 52, 53, 54, 55, 56, 57, 58, 59, 60, 61, 62, 63, 64, 65, 66, 67, 68, 69, 70, 71, 72, 73, 74, 75, 76, 77, 78, 79, 80, 81, 82, 83, 84, 85, 86, 87, 88, 89, 90, 91, 92, 93, 94, 95, 96, 97, 98, 99, 100, 101, 102, 485, 486, 487, 488, 489, 490, 491, 492, 493, 494, 495, 496, 497, 498, 499, 500, 501, 502, 503, 504, 505, 506, 507, 508, 509, 510, 511, 512, 513, 514, 515, 516, 517, 518, 519, 520, 521, 522, 523, 524, 525, 526, 527, 528, 529, 530, 531, 532, 533, 534, 535, 536, 537, 538, 539, 540, 541, 542, 543, 544, 545, 546, 547, 548, 549, 550, 551, 552, 553, 554, 555, 556, 557, 558, 559, 560, 561, 562, 563, 564, 565, 566, 567, 568, 569, 570, 571, 572, 573]","[4, 11, 18, 21, 23, 26, 27, 28, 31, 35, 36, 43, 45, 52, 55, 56, 60, 62, 64, 70, 71, 80, 90, 94, 97, 183, 197, 232, 334, 426, 455, 472, 477, 478, 480, 483, 484, 490, 496, 505, 507, 509, 510, 511, 514, 516, 517, 523, 525, 529, 532, 533, 536, 538, 545, 546, 552, 561, 565, 568, 654, 668, 696, 790, 857, 878, 902, 919, 928, 929, 932, 934, 935]","[34, 35, 36, 37, 38, 39, 40, 41, 42, 43, 44, 45, 46, 47, 48, 201, 202, 203, 204, 205, 206, 207, 208, 209, 210, 211, 212, 213, 214, 215, 216, 355, 356, 357, 358, 359, 360, 361, 429, 430, 431, 432, 433, 434, 435, 515, 516, 517, 518, 519, 520, 521, 522, 523, 524, 525, 526, 527, 672, 673, 674, 675, 676, 677, 678, 679, 680, 681, 682, 683, 684, 810, 811, 812, 813, 814, 881, 882, 883, 884, 885, 886]","[32, 33, 34, 35, 36, 37, 38, 39, 40, 41, 42, 43, 44, 45, 46, 47, 48, 201, 202, 203, 204, 205, 206, 207, 208, 209, 210, 211, 212, 213, 214, 215, 216, 355, 356, 357, 358, 359, 360, 361, 429, 430, 431, 432, 433, 434, 435, 515, 516, 517, 518, 519, 520, 521, 522, 523, 524, 525, 526, 527, 672, 673, 674, 675, 676, 677, 678, 679, 680, 681, 682, 683, 684, 810, 811, 812, 813, 814, 881, 882, 883, 884, 885, 886]","[0, 1, 2, 3, 4, 517, 5, 6, 7, 8, 9, 10, 11, 12, 13, 14, 15, 16, 17, 18, 19, 20, 21, 22, 23, 24, 25, 26, 27, 28, 29, 30, 31, 32, 33, 34, 36, 35, 37, 38, 39, 40, 41, 42, 43, 44, 45, 46, 47, 48, 49, 50, 51, 52, 53, 54, 55, 56, 57, 58, 59, 60, 61, 62, 63, 64, 65, 66, 67, 68, 69, 70, 71, 72, 73, 74, 75, 76, 77, 78, 79, 80, 81, 82, 83, 84, 85, 86, 87, 88, 89, 90, 91, 92, 93, 94, 95, 96, 97, 98, 99, 100, 101, 102, 528, 529, 530, 513, 531, 532, 533, 534, 535, 514, 536, 537, 654, 538, 539, 668, 540, 672, 515, 541, 673, 674, 675, 676, 542, 677, 678, 679, 680, 543, 681, 682, 683, 684, 544, 545, 183, 696, 516, 546, 547, 197, 548, 201, 202, 549, 203, 204, 205, 206, 550, 207, 208, 209, 210, 551, 211, 212, 213, 214, 552, 215, 216, 553, 554, 232, 555, 518, 556, 557, 558, 559, 560, 519, 561, 562, 563, 564, 790, 565, 520, 566, 567, 568, 810, 811, 812, 813, 569, 814, 570, 521, 571, 572, 573, 334, 522, 857, 355, 356, 357, 358, 359, 360, 523, 361, 878, 881, 882, 883, 884, 885, 886, 524, 902, 919, 525, 928, 929, 932, 934, 935, 426, 429, 430, 512, 431, 432, 433, 434, 526, 435, 455, 527, 472, 477, 478, 480, 483, 484, 485, 486, 487, 488, 489, 490, 491, 492, 493, 494, 495, 496, 497, 498, 499, 500, 501, 502, 503, 504, 505, 506, 507, 508, 509, 510, 511]",True,"[36, 517]","[0, 1, 2, 3, 4, 5, 6, 7, 8, 9, 10, 11, 12, 13, 14, 15, 16, 17, 18, 19, 20, 21, 22, 23, 24, 25, 26, 27, 28, 29, 30, 31, 32, 33, 34, 35, 36, 37, 38, 39, 40, 41, 42, 43, 44, 45, 46, 47, 48, 49, 50, 51, 52, 53, 54, 55, 56, 57, 58, 59, 60, 61, 62, 63, 64, 65, 66, 67, 68, 69, 70, 71, 72, 73, 74, 75, 76, 77, 78, 79, 80, 81, 82, 83, 84, 85, 86, 87, 88, 89, 90, 91, 92, 93, 94, 95, 96, 97, 98, 99, 100, 101, 102, 485, 486, 487, 488, 489, 490, 491, 492, 493, 494, 495, 496, 497, 498, 499, 500, 501, 502, 503, 504, 505, 506, 507, 508, 509, 510, 511, 512, 513, 514, 515, 516, 517, 518, 519, 520, 521, 522, 523, 524, 525, 526, 527, 528, 529, 530, 531, 532, 533, 534, 535, 536, 537, 538, 539, 540, 541, 542, 543, 544, 545, 546, 547, 548, 549, 550, 551, 552, 553, 554, 555, 556, 557, 558, 559, 560, 561, 562, 563, 564, 565, 566, 567, 568, 569, 570, 571, 572, 573]","[36, 517]","[36, 517]","[4, 11, 18, 21, 23, 26, 27, 28, 31, 35, 36, 43, 45, 52, 55, 56, 60, 62, 64, 70, 71, 80, 90, 94, 97, 183, 197, 232, 334, 426, 455, 472, 477, 478, 480, 483, 484, 490, 496, 505, 507, 509, 510, 511, 514, 516, 517, 523, 525, 529, 532, 533, 536, 538, 545, 546, 552, 561, 565, 568, 654, 668, 696, 790, 857, 878, 902, 919, 928, 929, 932, 934, 935]","[32, 33, 34, 35, 36, 37, 38, 39, 40, 41, 42, 43, 44, 45, 46, 47, 48, 201, 202, 203, 204, 205, 206, 207, 208, 209, 210, 211, 212, 213, 214, 215, 216, 355, 356, 357, 358, 359, 360, 361, 429, 430, 431, 432, 433, 434, 435, 515, 516, 517, 518, 519, 520, 521, 522, 523, 524, 525, 526, 527, 672, 673, 674, 675, 676, 677, 678, 679, 680, 681, 682, 683, 684, 810, 811, 812, 813, 814, 881, 882, 883, 884, 885, 886]","[34, 35, 36, 37, 38, 39, 40, 41, 42, 43, 44, 45, 46, 47, 48, 201, 202, 203, 204, 205, 206, 207, 208, 209, 210, 211, 212, 213, 214, 215, 216, 355, 356, 357, 358, 359, 360, 361, 429, 430, 431, 432, 433, 434, 435, 515, 516, 517, 518, 519, 520, 521, 522, 523, 524, 525, 526, 527, 672, 673, 674, 675, 676, 677, 678, 679, 680, 681, 682, 683, 684, 810, 811, 812, 813, 814, 881, 882, 883, 884, 885, 886]",7/6 successful match,True,"[75, 76]",True,180,False,,,,,
"Joseph City , 86032 Love's Travel Stop #",928-288-3726 I-40 Exit 277 278,24 48 S <U+2610>,Joseph City,86032,Love's Travel Stop #,928-288-3726,2007,Joseph City,AZ,Love's,,I-40 Exit 277 278,Exit,277,False,,False,I-40,,,,,"[36, 517]","[36, 517]","[36, 517]","[36, 517]","[0, 1, 2, 3, 4, 5, 6, 7, 8, 9, 10, 11, 12, 13, 14, 15, 16, 17, 18, 19, 20, 21, 22, 23, 24, 25, 26, 27, 28, 29, 30, 31, 32, 33, 34, 35, 36, 37, 38, 39, 40, 41, 42, 43, 44, 45, 46, 47, 48, 49, 50, 51, 52, 53, 54, 55, 56, 57, 58, 59, 60, 61, 62, 63, 64, 65, 66, 67, 68, 69, 70, 71, 72, 73, 74, 75, 76, 77, 78, 79, 80, 81, 82, 83, 84, 85, 86, 87, 88, 89, 90, 91, 92, 93, 94, 95, 96, 97, 98, 99, 100, 101, 102, 485, 486, 487, 488, 489, 490, 491, 492, 493, 494, 495, 496, 497, 498, 499, 500, 501, 502, 503, 504, 505, 506, 507, 508, 509, 510, 511, 512, 513, 514, 515, 516, 517, 518, 519, 520, 521, 522, 523, 524, 525, 526, 527, 528, 529, 530, 531, 532, 533, 534, 535, 536, 537, 538, 539, 540, 541, 542, 543, 544, 545, 546, 547, 548, 549, 550, 551, 552, 553, 554, 555, 556, 557, 558, 559, 560, 561, 562, 563, 564, 565, 566, 567, 568, 569, 570, 571, 572, 573]","[4, 11, 18, 21, 23, 26, 27, 28, 31, 35, 36, 43, 45, 52, 55, 56, 60, 62, 64, 70, 71, 80, 90, 94, 97, 183, 197, 232, 334, 426, 455, 472, 477, 478, 480, 483, 484, 490, 496, 505, 507, 509, 510, 511, 514, 516, 517, 523, 525, 529, 532, 533, 536, 538, 545, 546, 552, 561, 565, 568, 654, 668, 696, 790, 857, 878, 902, 919, 928, 929, 932, 934, 935]","[34, 35, 36, 37, 38, 39, 40, 41, 42, 43, 44, 45, 46, 47, 48, 201, 202, 203, 204, 205, 206, 207, 208, 209, 210, 211, 212, 213, 214, 215, 216, 355, 356, 357, 358, 359, 360, 361, 429, 430, 431, 432, 433, 434, 435, 515, 516, 517, 518, 519, 520, 521, 522, 523, 524, 525, 526, 527, 672, 673, 674, 675, 676, 677, 678, 679, 680, 681, 682, 683, 684, 810, 811, 812, 813, 814, 881, 882, 883, 884, 885, 886]","[32, 33, 34, 35, 36, 37, 38, 39, 40, 41, 42, 43, 44, 45, 46, 47, 48, 201, 202, 203, 204, 205, 206, 207, 208, 209, 210, 211, 212, 213, 214, 215, 216, 355, 356, 357, 358, 359, 360, 361, 429, 430, 431, 432, 433, 434, 435, 515, 516, 517, 518, 519, 520, 521, 522, 523, 524, 525, 526, 527, 672, 673, 674, 675, 676, 677, 678, 679, 680, 681, 682, 683, 684, 810, 811, 812, 813, 814, 881, 882, 883, 884, 885, 886]","[0, 1, 2, 3, 4, 517, 5, 6, 7, 8, 9, 10, 11, 12, 13, 14, 15, 16, 17, 18, 19, 20, 21, 22, 23, 24, 25, 26, 27, 28, 29, 30, 31, 32, 33, 34, 36, 35, 37, 38, 39, 40, 41, 42, 43, 44, 45, 46, 47, 48, 49, 50, 51, 52, 53, 54, 55, 56, 57, 58, 59, 60, 61, 62, 63, 64, 65, 66, 67, 68, 69, 70, 71, 72, 73, 74, 75, 76, 77, 78, 79, 80, 81, 82, 83, 84, 85, 86, 87, 88, 89, 90, 91, 92, 93, 94, 95, 96, 97, 98, 99, 100, 101, 102, 528, 529, 530, 513, 531, 532, 533, 534, 535, 514, 536, 537, 654, 538, 539, 668, 540, 672, 515, 541, 673, 674, 675, 676, 542, 677, 678, 679, 680, 543, 681, 682, 683, 684, 544, 545, 183, 696, 516, 546, 547, 197, 548, 201, 202, 549, 203, 204, 205, 206, 550, 207, 208, 209, 210, 551, 211, 212, 213, 214, 552, 215, 216, 553, 554, 232, 555, 518, 556, 557, 558, 559, 560, 519, 561, 562, 563, 564, 790, 565, 520, 566, 567, 568, 810, 811, 812, 813, 569, 814, 570, 521, 571, 572, 573, 334, 522, 857, 355, 356, 357, 358, 359, 360, 523, 361, 878, 881, 882, 883, 884, 885, 886, 524, 902, 919, 525, 928, 929, 932, 934, 935, 426, 429, 430, 512, 431, 432, 433, 434, 526, 435, 455, 527, 472, 477, 478, 480, 483, 484, 485, 486, 487, 488, 489, 490, 491, 492, 493, 494, 495, 496, 497, 498, 499, 500, 501, 502, 503, 504, 505, 506, 507, 508, 509, 510, 511]",True,"[36, 517]","[0, 1, 2, 3, 4, 5, 6, 7, 8, 9, 10, 11, 12, 13, 14, 15, 16, 17, 18, 19, 20, 21, 22, 23, 24, 25, 26, 27, 28, 29, 30, 31, 32, 33, 34, 35, 36, 37, 38, 39, 40, 41, 42, 43, 44, 45, 46, 47, 48, 49, 50, 51, 52, 53, 54, 55, 56, 57, 58, 59, 60, 61, 62, 63, 64, 65, 66, 67, 68, 69, 70, 71, 72, 73, 74, 75, 76, 77, 78, 79, 80, 81, 82, 83, 84, 85, 86, 87, 88, 89, 90, 91, 92, 93, 94, 95, 96, 97, 98, 99, 100, 101, 102, 485, 486, 487, 488, 489, 490, 491, 492, 493, 494, 495, 496, 497, 498, 499, 500, 501, 502, 503, 504, 505, 506, 507, 508, 509, 510, 511, 512, 513, 514, 515, 516, 517, 518, 519, 520, 521, 522, 523, 524, 525, 526, 527, 528, 529, 530, 531, 532, 533, 534, 535, 536, 537, 538, 539, 540, 541, 542, 543, 544, 545, 546, 547, 548, 549, 550, 551, 552, 553, 554, 555, 556, 557, 558, 559, 560, 561, 562, 563, 564, 565, 566, 567, 568, 569, 570, 571, 572, 573]","[36, 517]","[36, 517]","[4, 11, 18, 21, 23, 26, 27, 28, 31, 35, 36, 43, 45, 52, 55, 56, 60, 62, 64, 70, 71, 80, 90, 94, 97, 183, 197, 232, 334, 426, 455, 472, 477, 478, 480, 483, 484, 490, 496, 505, 507, 509, 510, 511, 514, 516, 517, 523, 525, 529, 532, 533, 536, 538, 545, 546, 552, 561, 565, 568, 654, 668, 696, 790, 857, 878, 902, 919, 928, 929, 932, 934, 935]","[32, 33, 34, 35, 36, 37, 38, 39, 40, 41, 42, 43, 44, 45, 46, 47, 48, 201, 202, 203, 204, 205, 206, 207, 208, 209, 210, 211, 212, 213, 214, 215, 216, 355, 356, 357, 358, 359, 360, 361, 429, 430, 431, 432, 433, 434, 435, 515, 516, 517, 518, 519, 520, 521, 522, 523, 524, 525, 526, 527, 672, 673, 674, 675, 676, 677, 678, 679, 680, 681, 682, 683, 684, 810, 811, 812, 813, 814, 881, 882, 883, 884, 885, 886]","[34, 35, 36, 37, 38, 39, 40, 41, 42, 43, 44, 45, 46, 47, 48, 201, 202, 203, 204, 205, 206, 207, 208, 209, 210, 211, 212, 213, 214, 215, 216, 355, 356, 357, 358, 359, 360, 361, 429, 430, 431, 432, 433, 434, 435, 515, 516, 517, 518, 519, 520, 521, 522, 523, 524, 525, 526, 527, 672, 673, 674, 675, 676, 677, 678, 679, 680, 681, 682, 683, 684, 810, 811, 812, 813, 814, 881, 882, 883, 884, 885, 886]",7/6 successful match,True,"[75, 76]",True,180,False,,0.6727272727272727,True,Love's Travel Stop # 278,Love's
"City , 86032 Love's Travel Stop # 278",DJoseph 6 928-288-3726 I-40 Exit 277,24 HRS S,City,86032,Love's Travel Stop # 278,928-288-3726,2008,Joseph City,AZ,Love's,,I-40 Exit 277,Exit,277,False,,False,I-40,,,,,"[36, 517]","[36, 517]","[36, 517]","[36, 517]","[0, 1, 2, 3, 4, 5, 6, 7, 8, 9, 10, 11, 12, 13, 14, 15, 16, 17, 18, 19, 20, 21, 22, 23, 24, 25, 26, 27, 28, 29, 30, 31, 32, 33, 34, 35, 36, 37, 38, 39, 40, 41, 42, 43, 44, 45, 46, 47, 48, 49, 50, 51, 52, 53, 54, 55, 56, 57, 58, 59, 60, 61, 62, 63, 64, 65, 66, 67, 68, 69, 70, 71, 72, 73, 74, 75, 76, 77, 78, 79, 80, 81, 82, 83, 84, 85, 86, 87, 88, 89, 90, 91, 92, 93, 94, 95, 96, 97, 98, 99, 100, 101, 102, 485, 486, 487, 488, 489, 490, 491, 492, 493, 494, 495, 496, 497, 498, 499, 500, 501, 502, 503, 504, 505, 506, 507, 508, 509, 510, 511, 512, 513, 514, 515, 516, 517, 518, 519, 520, 521, 522, 523, 524, 525, 526, 527, 528, 529, 530, 531, 532, 533, 534, 535, 536, 537, 538, 539, 540, 541, 542, 543, 544, 545, 546, 547, 548, 549, 550, 551, 552, 553, 554, 555, 556, 557, 558, 559, 560, 561, 562, 563, 564, 565, 566, 567, 568, 569, 570, 571, 572, 573]","[4, 11, 18, 21, 23, 26, 27, 28, 31, 35, 36, 43, 45, 52, 55, 56, 60, 62, 64, 70, 71, 80, 90, 94, 97, 183, 197, 232, 334, 426, 455, 472, 477, 478, 480, 483, 484, 490, 496, 505, 507, 509, 510, 511, 514, 516, 517, 523, 525, 529, 532, 533, 536, 538, 545, 546, 552, 561, 565, 568, 654, 668, 696, 790, 857, 878, 902, 919, 928, 929, 932, 934, 935]","[34, 35, 36, 37, 38, 39, 40, 41, 42, 43, 44, 45, 46, 47, 48, 201, 202, 203, 204, 205, 206, 207, 208, 209, 210, 211, 212, 213, 214, 215, 216, 355, 356, 357, 358, 359, 360, 361, 429, 430, 431, 432, 433, 434, 435, 515, 516, 517, 518, 519, 520, 521, 522, 523, 524, 525, 526, 527, 672, 673, 674, 675, 676, 677, 678, 679, 680, 681, 682, 683, 684, 810, 811, 812, 813, 814, 881, 882, 883, 884, 885, 886]","[32, 33, 34, 35, 36, 37, 38, 39, 40, 41, 42, 43, 44, 45, 46, 47, 48, 201, 202, 203, 204, 205, 206, 207, 208, 209, 210, 211, 212, 213, 214, 215, 216, 355, 356, 357, 358, 359, 360, 361, 429, 430, 431, 432, 433, 434, 435, 515, 516, 517, 518, 519, 520, 521, 522, 523, 524, 525, 526, 527, 672, 673, 674, 675, 676, 677, 678, 679, 680, 681, 682, 683, 684, 810, 811, 812, 813, 814, 881, 882, 883, 884, 885, 886]","[0, 1, 2, 3, 4, 517, 5, 6, 7, 8, 9, 10, 11, 12, 13, 14, 15, 16, 17, 18, 19, 20, 21, 22, 23, 24, 25, 26, 27, 28, 29, 30, 31, 32, 33, 34, 36, 35, 37, 38, 39, 40, 41, 42, 43, 44, 45, 46, 47, 48, 49, 50, 51, 52, 53, 54, 55, 56, 57, 58, 59, 60, 61, 62, 63, 64, 65, 66, 67, 68, 69, 70, 71, 72, 73, 74, 75, 76, 77, 78, 79, 80, 81, 82, 83, 84, 85, 86, 87, 88, 89, 90, 91, 92, 93, 94, 95, 96, 97, 98, 99, 100, 101, 102, 528, 529, 530, 513, 531, 532, 533, 534, 535, 514, 536, 537, 654, 538, 539, 668, 540, 672, 515, 541, 673, 674, 675, 676, 542, 677, 678, 679, 680, 543, 681, 682, 683, 684, 544, 545, 183, 696, 516, 546, 547, 197, 548, 201, 202, 549, 203, 204, 205, 206, 550, 207, 208, 209, 210, 551, 211, 212, 213, 214, 552, 215, 216, 553, 554, 232, 555, 518, 556, 557, 558, 559, 560, 519, 561, 562, 563, 564, 790, 565, 520, 566, 567, 568, 810, 811, 812, 813, 569, 814, 570, 521, 571, 572, 573, 334, 522, 857, 355, 356, 357, 358, 359, 360, 523, 361, 878, 881, 882, 883, 884, 885, 886, 524, 902, 919, 525, 928, 929, 932, 934, 935, 426, 429, 430, 512, 431, 432, 433, 434, 526, 435, 455, 527, 472, 477, 478, 480, 483, 484, 485, 486, 487, 488, 489, 490, 491, 492, 493, 494, 495, 496, 497, 498, 499, 500, 501, 502, 503, 504, 505, 506, 507, 508, 509, 510, 511]",True,"[36, 517]","[0, 1, 2, 3, 4, 5, 6, 7, 8, 9, 10, 11, 12, 13, 14, 15, 16, 17, 18, 19, 20, 21, 22, 23, 24, 25, 26, 27, 28, 29, 30, 31, 32, 33, 34, 35, 36, 37, 38, 39, 40, 41, 42, 43, 44, 45, 46, 47, 48, 49, 50, 51, 52, 53, 54, 55, 56, 57, 58, 59, 60, 61, 62, 63, 64, 65, 66, 67, 68, 69, 70, 71, 72, 73, 74, 75, 76, 77, 78, 79, 80, 81, 82, 83, 84, 85, 86, 87, 88, 89, 90, 91, 92, 93, 94, 95, 96, 97, 98, 99, 100, 101, 102, 485, 486, 487, 488, 489, 490, 491, 492, 493, 494, 495, 496, 497, 498, 499, 500, 501, 502, 503, 504, 505, 506, 507, 508, 509, 510, 511, 512, 513, 514, 515, 516, 517, 518, 519, 520, 521, 522, 523, 524, 525, 526, 527, 528, 529, 530, 531, 532, 533, 534, 535, 536, 537, 538, 539, 540, 541, 542, 543, 544, 545, 546, 547, 548, 549, 550, 551, 552, 553, 554, 555, 556, 557, 558, 559, 560, 561, 562, 563, 564, 565, 566, 567, 568, 569, 570, 571, 572, 573]","[36, 517]","[36, 517]","[4, 11, 18, 21, 23, 26, 27, 28, 31, 35, 36, 43, 45, 52, 55, 56, 60, 62, 64, 70, 71, 80, 90, 94, 97, 183, 197, 232, 334, 426, 455, 472, 477, 478, 480, 483, 484, 490, 496, 505, 507, 509, 510, 511, 514, 516, 517, 523, 525, 529, 532, 533, 536, 538, 545, 546, 552, 561, 565, 568, 654, 668, 696, 790, 857, 878, 902, 919, 928, 929, 932, 934, 935]","[32, 33, 34, 35, 36, 37, 38, 39, 40, 41, 42, 43, 44, 45, 46, 47, 48, 201, 202, 203, 204, 205, 206, 207, 208, 209, 210, 211, 212, 213, 214, 215, 216, 355, 356, 357, 358, 359, 360, 361, 429, 430, 431, 432, 433, 434, 435, 515, 516, 517, 518, 519, 520, 521, 522, 523, 524, 525, 526, 527, 672, 673, 674, 675, 676, 677, 678, 679, 680, 681, 682, 683, 684, 810, 811, 812, 813, 814, 881, 882, 883, 884, 885, 886]","[34, 35, 36, 37, 38, 39, 40, 41, 42, 43, 44, 45, 46, 47, 48, 201, 202, 203, 204, 205, 206, 207, 208, 209, 210, 211, 212, 213, 214, 215, 216, 355, 356, 357, 358, 359, 360, 361, 429, 430, 431, 432, 433, 434, 435, 515, 516, 517, 518, 519, 520, 521, 522, 523, 524, 525, 526, 527, 672, 673, 674, 675, 676, 677, 678, 679, 680, 681, 682, 683, 684, 810, 811, 812, 813, 814, 881, 882, 883, 884, 885, 886]",7/6 successful match,True,"[75, 76]",True,180,False,,0.6727272727272727,True,Love's Travel Stop #,Love's
Joseph City ( 86032 ) Love's Travel Stop ( AZ 77 # 278 N ),6 928-288-3726 I-40 Exit 277,24 M,Joseph City,86032,Love's Travel Stop ( AZ 77 # 278 N ),928-288-3726,2014,Joseph City,AZ,Love's,,I-40 Exit 277,Exit,277,False,,False,I-40,,,,,"[36, 517]","[36, 517]","[36, 517]","[36, 517]","[0, 1, 2, 3, 4, 5, 6, 7, 8, 9, 10, 11, 12, 13, 14, 15, 16, 17, 18, 19, 20, 21, 22, 23, 24, 25, 26, 27, 28, 29, 30, 31, 32, 33, 34, 35, 36, 37, 38, 39, 40, 41, 42, 43, 44, 45, 46, 47, 48, 49, 50, 51, 52, 53, 54, 55, 56, 57, 58, 59, 60, 61, 62, 63, 64, 65, 66, 67, 68, 69, 70, 71, 72, 73, 74, 75, 76, 77, 78, 79, 80, 81, 82, 83, 84, 85, 86, 87, 88, 89, 90, 91, 92, 93, 94, 95, 96, 97, 98, 99, 100, 101, 102, 485, 486, 487, 488, 489, 490, 491, 492, 493, 494, 495, 496, 497, 498, 499, 500, 501, 502, 503, 504, 505, 506, 507, 508, 509, 510, 511, 512, 513, 514, 515, 516, 517, 518, 519, 520, 521, 522, 523, 524, 525, 526, 527, 528, 529, 530, 531, 532, 533, 534, 535, 536, 537, 538, 539, 540, 541, 542, 543, 544, 545, 546, 547, 548, 549, 550, 551, 552, 553, 554, 555, 556, 557, 558, 559, 560, 561, 562, 563, 564, 565, 566, 567, 568, 569, 570, 571, 572, 573]","[4, 11, 18, 21, 23, 26, 27, 28, 31, 35, 36, 43, 45, 52, 55, 56, 60, 62, 64, 70, 71, 80, 90, 94, 97, 183, 197, 232, 334, 426, 455, 472, 477, 478, 480, 483, 484, 490, 496, 505, 507, 509, 510, 511, 514, 516, 517, 523, 525, 529, 532, 533, 536, 538, 545, 546, 552, 561, 565, 568, 654, 668, 696, 790, 857, 878, 902, 919, 928, 929, 932, 934, 935]","[34, 35, 36, 37, 38, 39, 40, 41, 42, 43, 44, 45, 46, 47, 48, 201, 202, 203, 204, 205, 206, 207, 208, 209, 210, 211, 212, 213, 214, 215, 216, 355, 356, 357, 358, 359, 360, 361, 429, 430, 431, 432, 433, 434, 435, 515, 516, 517, 518, 519, 520, 521, 522, 523, 524, 525, 526, 527, 672, 673, 674, 675, 676, 677, 678, 679, 680, 681, 682, 683, 684, 810, 811, 812, 813, 814, 881, 882, 883, 884, 885, 886]","[32, 33, 34, 35, 36, 37, 38, 39, 40, 41, 42, 43, 44, 45, 46, 47, 48, 201, 202, 203, 204, 205, 206, 207, 208, 209, 210, 211, 212, 213, 214, 215, 216, 355, 356, 357, 358, 359, 360, 361, 429, 430, 431, 432, 433, 434, 435, 515, 516, 517, 518, 519, 520, 521, 522, 523, 524, 525, 526, 527, 672, 673, 674, 675, 676, 677, 678, 679, 680, 681, 682, 683, 684, 810, 811, 812, 813, 814, 881, 882, 883, 884, 885, 886]","[0, 1, 2, 3, 4, 517, 5, 6, 7, 8, 9, 10, 11, 12, 13, 14, 15, 16, 17, 18, 19, 20, 21, 22, 23, 24, 25, 26, 27, 28, 29, 30, 31, 32, 33, 34, 36, 35, 37, 38, 39, 40, 41, 42, 43, 44, 45, 46, 47, 48, 49, 50, 51, 52, 53, 54, 55, 56, 57, 58, 59, 60, 61, 62, 63, 64, 65, 66, 67, 68, 69, 70, 71, 72, 73, 74, 75, 76, 77, 78, 79, 80, 81, 82, 83, 84, 85, 86, 87, 88, 89, 90, 91, 92, 93, 94, 95, 96, 97, 98, 99, 100, 101, 102, 528, 529, 530, 513, 531, 532, 533, 534, 535, 514, 536, 537, 654, 538, 539, 668, 540, 672, 515, 541, 673, 674, 675, 676, 542, 677, 678, 679, 680, 543, 681, 682, 683, 684, 544, 545, 183, 696, 516, 546, 547, 197, 548, 201, 202, 549, 203, 204, 205, 206, 550, 207, 208, 209, 210, 551, 211, 212, 213, 214, 552, 215, 216, 553, 554, 232, 555, 518, 556, 557, 558, 559, 560, 519, 561, 562, 563, 564, 790, 565, 520, 566, 567, 568, 810, 811, 812, 813, 569, 814, 570, 521, 571, 572, 573, 334, 522, 857, 355, 356, 357, 358, 359, 360, 523, 361, 878, 881, 882, 883, 884, 885, 886, 524, 902, 919, 525, 928, 929, 932, 934, 935, 426, 429, 430, 512, 431, 432, 433, 434, 526, 435, 455, 527, 472, 477, 478, 480, 483, 484, 485, 486, 487, 488, 489, 490, 491, 492, 493, 494, 495, 496, 497, 498, 499, 500, 501, 502, 503, 504, 505, 506, 507, 508, 509, 510, 511]",True,"[36, 517]","[0, 1, 2, 3, 4, 5, 6, 7, 8, 9, 10, 11, 12, 13, 14, 15, 16, 17, 18, 19, 20, 21, 22, 23, 24, 25, 26, 27, 28, 29, 30, 31, 32, 33, 34, 35, 36, 37, 38, 39, 40, 41, 42, 43, 44, 45, 46, 47, 48, 49, 50, 51, 52, 53, 54, 55, 56, 57, 58, 59, 60, 61, 62, 63, 64, 65, 66, 67, 68, 69, 70, 71, 72, 73, 74, 75, 76, 77, 78, 79, 80, 81, 82, 83, 84, 85, 86, 87, 88, 89, 90, 91, 92, 93, 94, 95, 96, 97, 98, 99, 100, 101, 102, 485, 486, 487, 488, 489, 490, 491, 492, 493, 494, 495, 496, 497, 498, 499, 500, 501, 502, 503, 504, 505, 506, 507, 508, 509, 510, 511, 512, 513, 514, 515, 516, 517, 518, 519, 520, 521, 522, 523, 524, 525, 526, 527, 528, 529, 530, 531, 532, 533, 534, 535, 536, 537, 538, 539, 540, 541, 542, 543, 544, 545, 546, 547, 548, 549, 550, 551, 552, 553, 554, 555, 556, 557, 558, 559, 560, 561, 562, 563, 564, 565, 566, 567, 568, 569, 570, 571, 572, 573]","[36, 517]","[36, 517]","[4, 11, 18, 21, 23, 26, 27, 28, 31, 35, 36, 43, 45, 52, 55, 56, 60, 62, 64, 70, 71, 80, 90, 94, 97, 183, 197, 232, 334, 426, 455, 472, 477, 478, 480, 483, 484, 490, 496, 505, 507, 509, 510, 511, 514, 516, 517, 523, 525, 529, 532, 533, 536, 538, 545, 546, 552, 561, 565, 568, 654, 668, 696, 790, 857, 878, 902, 919, 928, 929, 932, 934, 935]","[32, 33, 34, 35, 36, 37, 38, 39, 40, 41, 42, 43, 44, 45, 46, 47, 48, 201, 202, 203, 204, 205, 206, 207, 208, 209, 210, 211, 212, 213, 214, 215, 216, 355, 356, 357, 358, 359, 360, 361, 429, 430, 431, 432, 433, 434, 435, 515, 516, 517, 518, 519, 520, 521, 522, 523, 524, 525, 526, 527, 672, 673, 674, 675, 676, 677, 678, 679, 680, 681, 682, 683, 684, 810, 811, 812, 813, 814, 881, 882, 883, 884, 885, 886]","[34, 35, 36, 37, 38, 39, 40, 41, 42, 43, 44, 45, 46, 47, 48, 201, 202, 203, 204, 205, 206, 207, 208, 209, 210, 211, 212, 213, 214, 215, 216, 355, 356, 357, 358, 359, 360, 361, 429, 430, 431, 432, 433, 434, 435, 515, 516, 517, 518, 519, 520, 521, 522, 523, 524, 525, 526, 527, 672, 673, 674, 675, 676, 677, 678, 679, 680, 681, 682, 683, 684, 810, 811, 812, 813, 814, 881, 882, 883, 884, 885, 886]",7/6 successful match,True,"[75, 76]",True,180,False,,1.0,True,Love's Travel Stop # 278,Love's
Joseph City ( 86032 ) Love's Travel Stop # 278,6 928-288-3726 I-40 Exit 277,24 MO,Joseph City,86032,Love's Travel Stop # 278,928-288-3726,2015,Joseph City,AZ,Love's,,I-40 Exit 277,Exit,277,False,,False,I-40,,,,,"[36, 517]","[36, 517]","[36, 517]","[36, 517]","[0, 1, 2, 3, 4, 5, 6, 7, 8, 9, 10, 11, 12, 13, 14, 15, 16, 17, 18, 19, 20, 21, 22, 23, 24, 25, 26, 27, 28, 29, 30, 31, 32, 33, 34, 35, 36, 37, 38, 39, 40, 41, 42, 43, 44, 45, 46, 47, 48, 49, 50, 51, 52, 53, 54, 55, 56, 57, 58, 59, 60, 61, 62, 63, 64, 65, 66, 67, 68, 69, 70, 71, 72, 73, 74, 75, 76, 77, 78, 79, 80, 81, 82, 83, 84, 85, 86, 87, 88, 89, 90, 91, 92, 93, 94, 95, 96, 97, 98, 99, 100, 101, 102, 485, 486, 487, 488, 489, 490, 491, 492, 493, 494, 495, 496, 497, 498, 499, 500, 501, 502, 503, 504, 505, 506, 507, 508, 509, 510, 511, 512, 513, 514, 515, 516, 517, 518, 519, 520, 521, 522, 523, 524, 525, 526, 527, 528, 529, 530, 531, 532, 533, 534, 535, 536, 537, 538, 539, 540, 541, 542, 543, 544, 545, 546, 547, 548, 549, 550, 551, 552, 553, 554, 555, 556, 557, 558, 559, 560, 561, 562, 563, 564, 565, 566, 567, 568, 569, 570, 571, 572, 573]","[4, 11, 18, 21, 23, 26, 27, 28, 31, 35, 36, 43, 45, 52, 55, 56, 60, 62, 64, 70, 71, 80, 90, 94, 97, 183, 197, 232, 334, 426, 455, 472, 477, 478, 480, 483, 484, 490, 496, 505, 507, 509, 510, 511, 514, 516, 517, 523, 525, 529, 532, 533, 536, 538, 545, 546, 552, 561, 565, 568, 654, 668, 696, 790, 857, 878, 902, 919, 928, 929, 932, 934, 935]","[34, 35, 36, 37, 38, 39, 40, 41, 42, 43, 44, 45, 46, 47, 48, 201, 202, 203, 204, 205, 206, 207, 208, 209, 210, 211, 212, 213, 214, 215, 216, 355, 356, 357, 358, 359, 360, 361, 429, 430, 431, 432, 433, 434, 435, 515, 516, 517, 518, 519, 520, 521, 522, 523, 524, 525, 526, 527, 672, 673, 674, 675, 676, 677, 678, 679, 680, 681, 682, 683, 684, 810, 811, 812, 813, 814, 881, 882, 883, 884, 885, 886]","[32, 33, 34, 35, 36, 37, 38, 39, 40, 41, 42, 43, 44, 45, 46, 47, 48, 201, 202, 203, 204, 205, 206, 207, 208, 209, 210, 211, 212, 213, 214, 215, 216, 355, 356, 357, 358, 359, 360, 361, 429, 430, 431, 432, 433, 434, 435, 515, 516, 517, 518, 519, 520, 521, 522, 523, 524, 525, 526, 527, 672, 673, 674, 675, 676, 677, 678, 679, 680, 681, 682, 683, 684, 810, 811, 812, 813, 814, 881, 882, 883, 884, 885, 886]","[0, 1, 2, 3, 4, 517, 5, 6, 7, 8, 9, 10, 11, 12, 13, 14, 15, 16, 17, 18, 19, 20, 21, 22, 23, 24, 25, 26, 27, 28, 29, 30, 31, 32, 33, 34, 36, 35, 37, 38, 39, 40, 41, 42, 43, 44, 45, 46, 47, 48, 49, 50, 51, 52, 53, 54, 55, 56, 57, 58, 59, 60, 61, 62, 63, 64, 65, 66, 67, 68, 69, 70, 71, 72, 73, 74, 75, 76, 77, 78, 79, 80, 81, 82, 83, 84, 85, 86, 87, 88, 89, 90, 91, 92, 93, 94, 95, 96, 97, 98, 99, 100, 101, 102, 528, 529, 530, 513, 531, 532, 533, 534, 535, 514, 536, 537, 654, 538, 539, 668, 540, 672, 515, 541, 673, 674, 675, 676, 542, 677, 678, 679, 680, 543, 681, 682, 683, 684, 544, 545, 183, 696, 516, 546, 547, 197, 548, 201, 202, 549, 203, 204, 205, 206, 550, 207, 208, 209, 210, 551, 211, 212, 213, 214, 552, 215, 216, 553, 554, 232, 555, 518, 556, 557, 558, 559, 560, 519, 561, 562, 563, 564, 790, 565, 520, 566, 567, 568, 810, 811, 812, 813, 569, 814, 570, 521, 571, 572, 573, 334, 522, 857, 355, 356, 357, 358, 359, 360, 523, 361, 878, 881, 882, 883, 884, 885, 886, 524, 902, 919, 525, 928, 929, 932, 934, 935, 426, 429, 430, 512, 431, 432, 433, 434, 526, 435, 455, 527, 472, 477, 478, 480, 483, 484, 485, 486, 487, 488, 489, 490, 491, 492, 493, 494, 495, 496, 497, 498, 499, 500, 501, 502, 503, 504, 505, 506, 507, 508, 509, 510, 511]",True,"[36, 517]","[0, 1, 2, 3, 4, 5, 6, 7, 8, 9, 10, 11, 12, 13, 14, 15, 16, 17, 18, 19, 20, 21, 22, 23, 24, 25, 26, 27, 28, 29, 30, 31, 32, 33, 34, 35, 36, 37, 38, 39, 40, 41, 42, 43, 44, 45, 46, 47, 48, 49, 50, 51, 52, 53, 54, 55, 56, 57, 58, 59, 60, 61, 62, 63, 64, 65, 66, 67, 68, 69, 70, 71, 72, 73, 74, 75, 76, 77, 78, 79, 80, 81, 82, 83, 84, 85, 86, 87, 88, 89, 90, 91, 92, 93, 94, 95, 96, 97, 98, 99, 100, 101, 102, 485, 486, 487, 488, 489, 490, 491, 492, 493, 494, 495, 496, 497, 498, 499, 500, 501, 502, 503, 504, 505, 506, 507, 508, 509, 510, 511, 512, 513, 514, 515, 516, 517, 518, 519, 520, 521, 522, 523, 524, 525, 526, 527, 528, 529, 530, 531, 532, 533, 534, 535, 536, 537, 538, 539, 540, 541, 542, 543, 544, 545, 546, 547, 548, 549, 550, 551, 552, 553, 554, 555, 556, 557, 558, 559, 560, 561, 562, 563, 564, 565, 566, 567, 568, 569, 570, 571, 572, 573]","[36, 517]","[36, 517]","[4, 11, 18, 21, 23, 26, 27, 28, 31, 35, 36, 43, 45, 52, 55, 56, 60, 62, 64, 70, 71, 80, 90, 94, 97, 183, 197, 232, 334, 426, 455, 472, 477, 478, 480, 483, 484, 490, 496, 505, 507, 509, 510, 511, 514, 516, 517, 523, 525, 529, 532, 533, 536, 538, 545, 546, 552, 561, 565, 568, 654, 668, 696, 790, 857, 878, 902, 919, 928, 929, 932, 934, 935]","[32, 33, 34, 35, 36, 37, 38, 39, 40, 41, 42, 43, 44, 45, 46, 47, 48, 201, 202, 203, 204, 205, 206, 207, 208, 209, 210, 211, 212, 213, 214, 215, 216, 355, 356, 357, 358, 359, 360, 361, 429, 430, 431, 432, 433, 434, 435, 515, 516, 517, 518, 519, 520, 521, 522, 523, 524, 525, 526, 527, 672, 673, 674, 675, 676, 677, 678, 679, 680, 681, 682, 683, 684, 810, 811, 812, 813, 814, 881, 882, 883, 884, 885, 886]","[34, 35, 36, 37, 38, 39, 40, 41, 42, 43, 44, 45, 46, 47, 48, 201, 202, 203, 204, 205, 206, 207, 208, 209, 210, 211, 212, 213, 214, 215, 216, 355, 356, 357, 358, 359, 360, 361, 429, 430, 431, 432, 433, 434, 435, 515, 516, 517, 518, 519, 520, 521, 522, 523, 524, 525, 526, 527, 672, 673, 674, 675, 676, 677, 678, 679, 680, 681, 682, 683, 684, 810, 811, 812, 813, 814, 881, 882, 883, 884, 885, 886]",7/6 successful match,True,"[75, 76]",True,180,False,,1.0,True,Love's Travel Stop ( AZ 77 # 278 N ),Love's
Joseph City ( 86032 ) Love's Travel Stop # 278,928-288-3726 I-40 Exit 277,24 MOO 24,Joseph City,86032,Love's Travel Stop # 278,928-288-3726,2016,Joseph City,AZ,Love's,,I-40 Exit 277,Exit,277,False,,False,I-40,,,,,"[36, 517]","[36, 517]","[36, 517]","[36, 517]","[0, 1, 2, 3, 4, 5, 6, 7, 8, 9, 10, 11, 12, 13, 14, 15, 16, 17, 18, 19, 20, 21, 22, 23, 24, 25, 26, 27, 28, 29, 30, 31, 32, 33, 34, 35, 36, 37, 38, 39, 40, 41, 42, 43, 44, 45, 46, 47, 48, 49, 50, 51, 52, 53, 54, 55, 56, 57, 58, 59, 60, 61, 62, 63, 64, 65, 66, 67, 68, 69, 70, 71, 72, 73, 74, 75, 76, 77, 78, 79, 80, 81, 82, 83, 84, 85, 86, 87, 88, 89, 90, 91, 92, 93, 94, 95, 96, 97, 98, 99, 100, 101, 102, 485, 486, 487, 488, 489, 490, 491, 492, 493, 494, 495, 496, 497, 498, 499, 500, 501, 502, 503, 504, 505, 506, 507, 508, 509, 510, 511, 512, 513, 514, 515, 516, 517, 518, 519, 520, 521, 522, 523, 524, 525, 526, 527, 528, 529, 530, 531, 532, 533, 534, 535, 536, 537, 538, 539, 540, 541, 542, 543, 544, 545, 546, 547, 548, 549, 550, 551, 552, 553, 554, 555, 556, 557, 558, 559, 560, 561, 562, 563, 564, 565, 566, 567, 568, 569, 570, 571, 572, 573]","[4, 11, 18, 21, 23, 26, 27, 28, 31, 35, 36, 43, 45, 52, 55, 56, 60, 62, 64, 70, 71, 80, 90, 94, 97, 183, 197, 232, 334, 426, 455, 472, 477, 478, 480, 483, 484, 490, 496, 505, 507, 509, 510, 511, 514, 516, 517, 523, 525, 529, 532, 533, 536, 538, 545, 546, 552, 561, 565, 568, 654, 668, 696, 790, 857, 878, 902, 919, 928, 929, 932, 934, 935]","[34, 35, 36, 37, 38, 39, 40, 41, 42, 43, 44, 45, 46, 47, 48, 201, 202, 203, 204, 205, 206, 207, 208, 209, 210, 211, 212, 213, 214, 215, 216, 355, 356, 357, 358, 359, 360, 361, 429, 430, 431, 432, 433, 434, 435, 515, 516, 517, 518, 519, 520, 521, 522, 523, 524, 525, 526, 527, 672, 673, 674, 675, 676, 677, 678, 679, 680, 681, 682, 683, 684, 810, 811, 812, 813, 814, 881, 882, 883, 884, 885, 886]","[32, 33, 34, 35, 36, 37, 38, 39, 40, 41, 42, 43, 44, 45, 46, 47, 48, 201, 202, 203, 204, 205, 206, 207, 208, 209, 210, 211, 212, 213, 214, 215, 216, 355, 356, 357, 358, 359, 360, 361, 429, 430, 431, 432, 433, 434, 435, 515, 516, 517, 518, 519, 520, 521, 522, 523, 524, 525, 526, 527, 672, 673, 674, 675, 676, 677, 678, 679, 680, 681, 682, 683, 684, 810, 811, 812, 813, 814, 881, 882, 883, 884, 885, 886]","[0, 1, 2, 3, 4, 517, 5, 6, 7, 8, 9, 10, 11, 12, 13, 14, 15, 16, 17, 18, 19, 20, 21, 22, 23, 24, 25, 26, 27, 28, 29, 30, 31, 32, 33, 34, 36, 35, 37, 38, 39, 40, 41, 42, 43, 44, 45, 46, 47, 48, 49, 50, 51, 52, 53, 54, 55, 56, 57, 58, 59, 60, 61, 62, 63, 64, 65, 66, 67, 68, 69, 70, 71, 72, 73, 74, 75, 76, 77, 78, 79, 80, 81, 82, 83, 84, 85, 86, 87, 88, 89, 90, 91, 92, 93, 94, 95, 96, 97, 98, 99, 100, 101, 102, 528, 529, 530, 513, 531, 532, 533, 534, 535, 514, 536, 537, 654, 538, 539, 668, 540, 672, 515, 541, 673, 674, 675, 676, 542, 677, 678, 679, 680, 543, 681, 682, 683, 684, 544, 545, 183, 696, 516, 546, 547, 197, 548, 201, 202, 549, 203, 204, 205, 206, 550, 207, 208, 209, 210, 551, 211, 212, 213, 214, 552, 215, 216, 553, 554, 232, 555, 518, 556, 557, 558, 559, 560, 519, 561, 562, 563, 564, 790, 565, 520, 566, 567, 568, 810, 811, 812, 813, 569, 814, 570, 521, 571, 572, 573, 334, 522, 857, 355, 356, 357, 358, 359, 360, 523, 361, 878, 881, 882, 883, 884, 885, 886, 524, 902, 919, 525, 928, 929, 932, 934, 935, 426, 429, 430, 512, 431, 432, 433, 434, 526, 435, 455, 527, 472, 477, 478, 480, 483, 484, 485, 486, 487, 488, 489, 490, 491, 492, 493, 494, 495, 496, 497, 498, 499, 500, 501, 502, 503, 504, 505, 506, 507, 508, 509, 510, 511]",True,"[36, 517]","[0, 1, 2, 3, 4, 5, 6, 7, 8, 9, 10, 11, 12, 13, 14, 15, 16, 17, 18, 19, 20, 21, 22, 23, 24, 25, 26, 27, 28, 29, 30, 31, 32, 33, 34, 35, 36, 37, 38, 39, 40, 41, 42, 43, 44, 45, 46, 47, 48, 49, 50, 51, 52, 53, 54, 55, 56, 57, 58, 59, 60, 61, 62, 63, 64, 65, 66, 67, 68, 69, 70, 71, 72, 73, 74, 75, 76, 77, 78, 79, 80, 81, 82, 83, 84, 85, 86, 87, 88, 89, 90, 91, 92, 93, 94, 95, 96, 97, 98, 99, 100, 101, 102, 485, 486, 487, 488, 489, 490, 491, 492, 493, 494, 495, 496, 497, 498, 499, 500, 501, 502, 503, 504, 505, 506, 507, 508, 509, 510, 511, 512, 513, 514, 515, 516, 517, 518, 519, 520, 521, 522, 523, 524, 525, 526, 527, 528, 529, 530, 531, 532, 533, 534, 535, 536, 537, 538, 539, 540, 541, 542, 543, 544, 545, 546, 547, 548, 549, 550, 551, 552, 553, 554, 555, 556, 557, 558, 559, 560, 561, 562, 563, 564, 565, 566, 567, 568, 569, 570, 571, 572, 573]","[36, 517]","[36, 517]","[4, 11, 18, 21, 23, 26, 27, 28, 31, 35, 36, 43, 45, 52, 55, 56, 60, 62, 64, 70, 71, 80, 90, 94, 97, 183, 197, 232, 334, 426, 455, 472, 477, 478, 480, 483, 484, 490, 496, 505, 507, 509, 510, 511, 514, 516, 517, 523, 525, 529, 532, 533, 536, 538, 545, 546, 552, 561, 565, 568, 654, 668, 696, 790, 857, 878, 902, 919, 928, 929, 932, 934, 935]","[32, 33, 34, 35, 36, 37, 38, 39, 40, 41, 42, 43, 44, 45, 46, 47, 48, 201, 202, 203, 204, 205, 206, 207, 208, 209, 210, 211, 212, 213, 214, 215, 216, 355, 356, 357, 358, 359, 360, 361, 429, 430, 431, 432, 433, 434, 435, 515, 516, 517, 518, 519, 520, 521, 522, 523, 524, 525, 526, 527, 672, 673, 674, 675, 676, 677, 678, 679, 680, 681, 682, 683, 684, 810, 811, 812, 813, 814, 881, 882, 883, 884, 885, 886]","[34, 35, 36, 37, 38, 39, 40, 41, 42, 43, 44, 45, 46, 47, 48, 201, 202, 203, 204, 205, 206, 207, 208, 209, 210, 211, 212, 213, 214, 215, 216, 355, 356, 357, 358, 359, 360, 361, 429, 430, 431, 432, 433, 434, 435, 515, 516, 517, 518, 519, 520, 521, 522, 523, 524, 525, 526, 527, 672, 673, 674, 675, 676, 677, 678, 679, 680, 681, 682, 683, 684, 810, 811, 812, 813, 814, 881, 882, 883, 884, 885, 886]",7/6 successful match,True,"[75, 76]",True,180,False,,1.0,True,Love's Travel Stop # 278,Love's
"B Page , 86040 Lake Powell Convenience Center ( Shell )",928-645-5998 901 US 89 S ( MM 547 ),<U+2610> <U+2610>,Page,86040,Lake Powell Convenience Center ( Shell ),928-645-5998,2006,Page,AZ,Shell,( MM 547 ),901 US 89 S,Proper,,False,,False,US 89,,,,,"[512, 29]","[15, 29, 500, 512]","[15, 29, 500, 512]",[],"[0, 1, 2, 3, 4, 5, 6, 7, 8, 9, 10, 11, 12, 13, 14, 15, 16, 17, 18, 19, 20, 21, 22, 23, 24, 25, 26, 27, 28, 29, 30, 31, 32, 33, 34, 35, 36, 37, 38, 39, 40, 41, 42, 43, 44, 45, 46, 47, 48, 49, 50, 51, 52, 53, 54, 55, 56, 57, 58, 59, 60, 61, 62, 63, 64, 65, 66, 67, 68, 69, 70, 71, 72, 73, 74, 75, 76, 77, 78, 79, 80, 81, 82, 83, 84, 85, 86, 87, 88, 89, 90, 91, 92, 93, 94, 95, 96, 97, 98, 99, 100, 101, 102, 485, 486, 487, 488, 489, 490, 491, 492, 493, 494, 495, 496, 497, 498, 499, 500, 501, 502, 503, 504, 505, 506, 507, 508, 509, 510, 511, 512, 513, 514, 515, 516, 517, 518, 519, 520, 521, 522, 523, 524, 525, 526, 527, 528, 529, 530, 531, 532, 533, 534, 535, 536, 537, 538, 539, 540, 541, 542, 543, 544, 545, 546, 547, 548, 549, 550, 551, 552, 553, 554, 555, 556, 557, 558, 559, 560, 561, 562, 563, 564, 565, 566, 567, 568, 569, 570, 571, 572, 573]","[3, 15, 29, 91, 427, 444, 463, 489, 500, 512, 562, 879, 894, 910]","[1, 13, 14, 29, 54, 55, 56, 57, 58, 60, 102, 118, 125, 127, 130, 134, 146, 149, 153, 175, 182, 187, 189, 191, 197, 225, 230, 238, 264, 265, 266, 286, 302, 317, 336, 379, 388, 389, 425, 454, 458, 463, 475, 487, 498, 499, 512, 530, 531, 532, 533, 534, 536, 573, 589, 596, 598, 601, 605, 617, 620, 624, 646, 653, 658, 660, 662, 668, 689, 694, 702, 724, 725, 745, 760, 775, 793, 829, 838, 839, 877, 901, 903, 905, 910, 923]","[1, 13, 14, 29, 54, 55, 56, 57, 58, 60, 102, 118, 125, 127, 130, 134, 146, 149, 153, 175, 182, 187, 189, 191, 197, 225, 230, 238, 264, 265, 266, 286, 302, 317, 336, 354, 379, 388, 389, 425, 454, 458, 463, 475, 487, 498, 499, 512, 530, 531, 532, 533, 534, 536, 573, 589, 596, 598, 601, 605, 617, 620, 624, 646, 653, 658, 660, 662, 668, 689, 694, 702, 724, 725, 745, 760, 775, 793, 809, 829, 838, 839, 877, 901, 903, 905, 910, 923]","[512, 0, 1, 2, 3, 4, 5, 6, 7, 8, 9, 10, 11, 12, 13, 15, 14, 16, 17, 18, 19, 20, 21, 22, 23, 24, 25, 26, 27, 29, 28, 30, 31, 32, 33, 34, 35, 36, 37, 38, 39, 40, 41, 42, 43, 44, 45, 46, 47, 48, 49, 50, 51, 52, 53, 54, 55, 56, 57, 58, 59, 60, 61, 62, 63, 64, 65, 66, 67, 68, 69, 70, 71, 72, 73, 74, 75, 76, 77, 78, 79, 80, 81, 82, 83, 84, 85, 86, 87, 88, 89, 90, 91, 92, 93, 94, 95, 96, 97, 98, 99, 100, 101, 102, 528, 529, 617, 530, 620, 513, 531, 624, 532, 118, 533, 125, 534, 127, 130, 535, 134, 646, 514, 536, 653, 537, 146, 538, 658, 149, 660, 662, 539, 153, 668, 540, 515, 541, 542, 543, 175, 689, 544, 182, 545, 694, 516, 187, 546, 189, 702, 191, 547, 197, 548, 549, 550, 517, 724, 551, 725, 552, 553, 225, 554, 230, 555, 745, 518, 556, 238, 557, 558, 760, 559, 560, 519, 561, 264, 265, 266, 775, 562, 563, 564, 793, 565, 520, 286, 566, 567, 809, 568, 302, 569, 570, 521, 571, 317, 572, 829, 573, 838, 839, 522, 336, 354, 523, 877, 879, 379, 894, 524, 388, 389, 901, 903, 905, 910, 589, 525, 923, 425, 427, 526, 596, 444, 598, 454, 458, 527, 463, 601, 475, 605, 485, 486, 487, 488, 489, 490, 491, 492, 493, 494, 495, 496, 497, 498, 499, 500, 501, 502, 503, 504, 505, 506, 507, 508, 509, 510, 511]",True,"[15, 29, 500, 512]","[0, 1, 2, 3, 4, 5, 6, 7, 8, 9, 10, 11, 12, 13, 14, 15, 16, 17, 18, 19, 20, 21, 22, 23, 24, 25, 26, 27, 28, 29, 30, 31, 32, 33, 34, 35, 36, 37, 38, 39, 40, 41, 42, 43, 44, 45, 46, 47, 48, 49, 50, 51, 52, 53, 54, 55, 56, 57, 58, 59, 60, 61, 62, 63, 64, 65, 66, 67, 68, 69, 70, 71, 72, 73, 74, 75, 76, 77, 78, 79, 80, 81, 82, 83, 84, 85, 86, 87, 88, 89, 90, 91, 92, 93, 94, 95, 96, 97, 98, 99, 100, 101, 102, 485, 486, 487, 488, 489, 490, 491, 492, 493, 494, 495, 496, 497, 498, 499, 500, 501, 502, 503, 504, 505, 506, 507, 508, 509, 510, 511, 512, 513, 514, 515, 516, 517, 518, 519, 520, 521, 522, 523, 524, 525, 526, 527, 528, 529, 530, 531, 532, 533, 534, 535, 536, 537, 538, 539, 540, 541, 542, 543, 544, 545, 546, 547, 548, 549, 550, 551, 552, 553, 554, 555, 556, 557, 558, 559, 560, 561, 562, 563, 564, 565, 566, 567, 568, 569, 570, 571, 572, 573]","[15, 29, 500, 512]",[],"[3, 15, 29, 91, 427, 444, 463, 489, 500, 512, 562, 879, 894, 910]","[1, 13, 14, 29, 54, 55, 56, 57, 58, 60, 102, 118, 125, 127, 130, 134, 146, 149, 153, 175, 182, 187, 189, 191, 197, 225, 230, 238, 264, 265, 266, 286, 302, 317, 336, 354, 379, 388, 389, 425, 454, 458, 463, 475, 487, 498, 499, 512, 530, 531, 532, 533, 534, 536, 573, 589, 596, 598, 601, 605, 617, 620, 624, 646, 653, 658, 660, 662, 668, 689, 694, 702, 724, 725, 745, 760, 775, 793, 809, 829, 838, 839, 877, 901, 903, 905, 910, 923]","[1, 13, 14, 29, 54, 55, 56, 57, 58, 60, 102, 118, 125, 127, 130, 134, 146, 149, 153, 175, 182, 187, 189, 191, 197, 225, 230, 238, 264, 265, 266, 286, 302, 317, 336, 379, 388, 389, 425, 454, 458, 463, 475, 487, 498, 499, 512, 530, 531, 532, 533, 534, 536, 573, 589, 596, 598, 601, 605, 617, 620, 624, 646, 653, 658, 660, 662, 668, 689, 694, 702, 724, 725, 745, 760, 775, 793, 829, 838, 839, 877, 901, 903, 905, 910, 923]",7/6 successful match,True,"[450, 451]",True,181,False,,,,,
"B Page , 86040 Lake Powell Convenience Center (",928-645-5998 901 US 89 S ( MM 547 ),Shell ),Page,86040,Lake Powell Convenience Center (,928-645-5998,2007,Page,AZ,,( MM 547 ),901 US 89 S,Proper,,False,,False,US 89,,,,,"[512, 29]","[15, 29, 500, 512]","[15, 29, 500, 512]",[],"[0, 1, 2, 3, 4, 5, 6, 7, 8, 9, 10, 11, 12, 13, 14, 15, 16, 17, 18, 19, 20, 21, 22, 23, 24, 25, 26, 27, 28, 29, 30, 31, 32, 33, 34, 35, 36, 37, 38, 39, 40, 41, 42, 43, 44, 45, 46, 47, 48, 49, 50, 51, 52, 53, 54, 55, 56, 57, 58, 59, 60, 61, 62, 63, 64, 65, 66, 67, 68, 69, 70, 71, 72, 73, 74, 75, 76, 77, 78, 79, 80, 81, 82, 83, 84, 85, 86, 87, 88, 89, 90, 91, 92, 93, 94, 95, 96, 97, 98, 99, 100, 101, 102, 485, 486, 487, 488, 489, 490, 491, 492, 493, 494, 495, 496, 497, 498, 499, 500, 501, 502, 503, 504, 505, 506, 507, 508, 509, 510, 511, 512, 513, 514, 515, 516, 517, 518, 519, 520, 521, 522, 523, 524, 525, 526, 527, 528, 529, 530, 531, 532, 533, 534, 535, 536, 537, 538, 539, 540, 541, 542, 543, 544, 545, 546, 547, 548, 549, 550, 551, 552, 553, 554, 555, 556, 557, 558, 559, 560, 561, 562, 563, 564, 565, 566, 567, 568, 569, 570, 571, 572, 573]","[3, 15, 29, 91, 427, 444, 463, 489, 500, 512, 562, 879, 894, 910]",[],"[29, 512]","[512, 0, 1, 2, 3, 4, 5, 6, 7, 8, 9, 10, 11, 12, 13, 15, 14, 16, 17, 18, 19, 20, 21, 22, 23, 24, 25, 26, 27, 29, 28, 30, 31, 32, 33, 34, 35, 36, 37, 38, 39, 40, 41, 42, 43, 44, 45, 46, 47, 48, 49, 50, 51, 52, 53, 54, 55, 56, 57, 58, 59, 60, 61, 62, 63, 64, 65, 66, 67, 68, 69, 70, 71, 72, 73, 74, 75, 76, 77, 78, 79, 80, 81, 82, 83, 84, 85, 86, 87, 88, 89, 90, 91, 92, 93, 94, 95, 96, 97, 98, 99, 100, 101, 102, 528, 529, 530, 513, 531, 532, 533, 534, 535, 514, 536, 537, 538, 539, 540, 515, 541, 542, 543, 544, 545, 516, 546, 547, 548, 549, 550, 517, 551, 552, 553, 554, 555, 518, 556, 557, 558, 559, 560, 519, 561, 562, 563, 564, 565, 520, 566, 567, 568, 569, 570, 521, 571, 572, 573, 522, 523, 879, 894, 524, 910, 525, 427, 526, 444, 527, 463, 485, 486, 487, 488, 489, 490, 491, 492, 493, 494, 495, 496, 497, 498, 499, 500, 501, 502, 503, 504, 505, 506, 507, 508, 509, 510, 511]",True,"[15, 29, 500, 512]","[0, 1, 2, 3, 4, 5, 6, 7, 8, 9, 10, 11, 12, 13, 14, 15, 16, 17, 18, 19, 20, 21, 22, 23, 24, 25, 26, 27, 28, 29, 30, 31, 32, 33, 34, 35, 36, 37, 38, 39, 40, 41, 42, 43, 44, 45, 46, 47, 48, 49, 50, 51, 52, 53, 54, 55, 56, 57, 58, 59, 60, 61, 62, 63, 64, 65, 66, 67, 68, 69, 70, 71, 72, 73, 74, 75, 76, 77, 78, 79, 80, 81, 82, 83, 84, 85, 86, 87, 88, 89, 90, 91, 92, 93, 94, 95, 96, 97, 98, 99, 100, 101, 102, 485, 486, 487, 488, 489, 490, 491, 492, 493, 494, 495, 496, 497, 498, 499, 500, 501, 502, 503, 504, 505, 506, 507, 508, 509, 510, 511, 512, 513, 514, 515, 516, 517, 518, 519, 520, 521, 522, 523, 524, 525, 526, 527, 528, 529, 530, 531, 532, 533, 534, 535, 536, 537, 538, 539, 540, 541, 542, 543, 544, 545, 546, 547, 548, 549, 550, 551, 552, 553, 554, 555, 556, 557, 558, 559, 560, 561, 562, 563, 564, 565, 566, 567, 568, 569, 570, 571, 572, 573]","[15, 29, 500, 512]",[],"[3, 15, 29, 91, 427, 444, 463, 489, 500, 512, 562, 879, 894, 910]","[29, 512]",[],7/6 successful match,True,"[450, 451]",True,181,False,,1.0,True,Lake Powell Convenience Center ( Shell ),Shell
"Page , 86040 Lake Powell Convenience Center ( Shell )",928-645-5998 901 US 89 S ( MM 547 ),) <U+2610> <U+2610>,Page,86040,Lake Powell Convenience Center ( Shell ),928-645-5998,2008,Page,AZ,Shell,( MM 547 ),901 US 89 S,Proper,,False,,False,US 89,,,,,"[512, 29]","[15, 29, 500, 512]","[15, 29, 500, 512]",[],"[0, 1, 2, 3, 4, 5, 6, 7, 8, 9, 10, 11, 12, 13, 14, 15, 16, 17, 18, 19, 20, 21, 22, 23, 24, 25, 26, 27, 28, 29, 30, 31, 32, 33, 34, 35, 36, 37, 38, 39, 40, 41, 42, 43, 44, 45, 46, 47, 48, 49, 50, 51, 52, 53, 54, 55, 56, 57, 58, 59, 60, 61, 62, 63, 64, 65, 66, 67, 68, 69, 70, 71, 72, 73, 74, 75, 76, 77, 78, 79, 80, 81, 82, 83, 84, 85, 86, 87, 88, 89, 90, 91, 92, 93, 94, 95, 96, 97, 98, 99, 100, 101, 102, 485, 486, 487, 488, 489, 490, 491, 492, 493, 494, 495, 496, 497, 498, 499, 500, 501, 502, 503, 504, 505, 506, 507, 508, 509, 510, 511, 512, 513, 514, 515, 516, 517, 518, 519, 520, 521, 522, 523, 524, 525, 526, 527, 528, 529, 530, 531, 532, 533, 534, 535, 536, 537, 538, 539, 540, 541, 542, 543, 544, 545, 546, 547, 548, 549, 550, 551, 552, 553, 554, 555, 556, 557, 558, 559, 560, 561, 562, 563, 564, 565, 566, 567, 568, 569, 570, 571, 572, 573]","[3, 15, 29, 91, 427, 444, 463, 489, 500, 512, 562, 879, 894, 910]","[1, 13, 14, 29, 54, 55, 56, 57, 58, 60, 102, 118, 125, 127, 130, 134, 146, 149, 153, 175, 182, 187, 189, 191, 197, 225, 230, 238, 264, 265, 266, 286, 302, 317, 336, 379, 388, 389, 425, 454, 458, 463, 475, 487, 498, 499, 512, 530, 531, 532, 533, 534, 536, 573, 589, 596, 598, 601, 605, 617, 620, 624, 646, 653, 658, 660, 662, 668, 689, 694, 702, 724, 725, 745, 760, 775, 793, 829, 838, 839, 877, 901, 903, 905, 910, 923]","[1, 13, 14, 29, 54, 55, 56, 57, 58, 60, 102, 118, 125, 127, 130, 134, 146, 149, 153, 175, 182, 187, 189, 191, 197, 225, 230, 238, 264, 265, 266, 286, 302, 317, 336, 354, 379, 388, 389, 425, 454, 458, 463, 475, 487, 498, 499, 512, 530, 531, 532, 533, 534, 536, 573, 589, 596, 598, 601, 605, 617, 620, 624, 646, 653, 658, 660, 662, 668, 689, 694, 702, 724, 725, 745, 760, 775, 793, 809, 829, 838, 839, 877, 901, 903, 905, 910, 923]","[512, 0, 1, 2, 3, 4, 5, 6, 7, 8, 9, 10, 11, 12, 13, 15, 14, 16, 17, 18, 19, 20, 21, 22, 23, 24, 25, 26, 27, 29, 28, 30, 31, 32, 33, 34, 35, 36, 37, 38, 39, 40, 41, 42, 43, 44, 45, 46, 47, 48, 49, 50, 51, 52, 53, 54, 55, 56, 57, 58, 59, 60, 61, 62, 63, 64, 65, 66, 67, 68, 69, 70, 71, 72, 73, 74, 75, 76, 77, 78, 79, 80, 81, 82, 83, 84, 85, 86, 87, 88, 89, 90, 91, 92, 93, 94, 95, 96, 97, 98, 99, 100, 101, 102, 528, 529, 617, 530, 620, 513, 531, 624, 532, 118, 533, 125, 534, 127, 130, 535, 134, 646, 514, 536, 653, 537, 146, 538, 658, 149, 660, 662, 539, 153, 668, 540, 515, 541, 542, 543, 175, 689, 544, 182, 545, 694, 516, 187, 546, 189, 702, 191, 547, 197, 548, 549, 550, 517, 724, 551, 725, 552, 553, 225, 554, 230, 555, 745, 518, 556, 238, 557, 558, 760, 559, 560, 519, 561, 264, 265, 266, 775, 562, 563, 564, 793, 565, 520, 286, 566, 567, 809, 568, 302, 569, 570, 521, 571, 317, 572, 829, 573, 838, 839, 522, 336, 354, 523, 877, 879, 379, 894, 524, 388, 389, 901, 903, 905, 910, 589, 525, 923, 425, 427, 526, 596, 444, 598, 454, 458, 527, 463, 601, 475, 605, 485, 486, 487, 488, 489, 490, 491, 492, 493, 494, 495, 496, 497, 498, 499, 500, 501, 502, 503, 504, 505, 506, 507, 508, 509, 510, 511]",True,"[15, 29, 500, 512]","[0, 1, 2, 3, 4, 5, 6, 7, 8, 9, 10, 11, 12, 13, 14, 15, 16, 17, 18, 19, 20, 21, 22, 23, 24, 25, 26, 27, 28, 29, 30, 31, 32, 33, 34, 35, 36, 37, 38, 39, 40, 41, 42, 43, 44, 45, 46, 47, 48, 49, 50, 51, 52, 53, 54, 55, 56, 57, 58, 59, 60, 61, 62, 63, 64, 65, 66, 67, 68, 69, 70, 71, 72, 73, 74, 75, 76, 77, 78, 79, 80, 81, 82, 83, 84, 85, 86, 87, 88, 89, 90, 91, 92, 93, 94, 95, 96, 97, 98, 99, 100, 101, 102, 485, 486, 487, 488, 489, 490, 491, 492, 493, 494, 495, 496, 497, 498, 499, 500, 501, 502, 503, 504, 505, 506, 507, 508, 509, 510, 511, 512, 513, 514, 515, 516, 517, 518, 519, 520, 521, 522, 523, 524, 525, 526, 527, 528, 529, 530, 531, 532, 533, 534, 535, 536, 537, 538, 539, 540, 541, 542, 543, 544, 545, 546, 547, 548, 549, 550, 551, 552, 553, 554, 555, 556, 557, 558, 559, 560, 561, 562, 563, 564, 565, 566, 567, 568, 569, 570, 571, 572, 573]","[15, 29, 500, 512]",[],"[3, 15, 29, 91, 427, 444, 463, 489, 500, 512, 562, 879, 894, 910]","[1, 13, 14, 29, 54, 55, 56, 57, 58, 60, 102, 118, 125, 127, 130, 134, 146, 149, 153, 175, 182, 187, 189, 191, 197, 225, 230, 238, 264, 265, 266, 286, 302, 317, 336, 354, 379, 388, 389, 425, 454, 458, 463, 475, 487, 498, 499, 512, 530, 531, 532, 533, 534, 536, 573, 589, 596, 598, 601, 605, 617, 620, 624, 646, 653, 658, 660, 662, 668, 689, 694, 702, 724, 725, 745, 760, 775, 793, 809, 829, 838, 839, 877, 901, 903, 905, 910, 923]","[1, 13, 14, 29, 54, 55, 56, 57, 58, 60, 102, 118, 125, 127, 130, 134, 146, 149, 153, 175, 182, 187, 189, 191, 197, 225, 230, 238, 264, 265, 266, 286, 302, 317, 336, 379, 388, 389, 425, 454, 458, 463, 475, 487, 498, 499, 512, 530, 531, 532, 533, 534, 536, 573, 589, 596, 598, 601, 605, 617, 620, 624, 646, 653, 658, 660, 662, 668, 689, 694, 702, 724, 725, 745, 760, 775, 793, 829, 838, 839, 877, 901, 903, 905, 910, 923]",7/6 successful match,True,"[450, 451]",True,181,False,,1.0,True,Lake Powell Convenience Center (,
B Page ( 86040 ) Lake Powell Convenience Center ( Shell ),4 928-645-5998 901 US 89 S ( MM 547 ),) <U+2610> <U+2610> <U+2610>,Page,86040,Lake Powell Convenience Center ( Shell ),928-645-5998,2014,Page,AZ,Shell,( MM 547 ),901 US 89 S,Proper,,False,,False,US 89,,,,,"[512, 29]","[15, 29, 500, 512]","[15, 29, 500, 512]",[],"[0, 1, 2, 3, 4, 5, 6, 7, 8, 9, 10, 11, 12, 13, 14, 15, 16, 17, 18, 19, 20, 21, 22, 23, 24, 25, 26, 27, 28, 29, 30, 31, 32, 33, 34, 35, 36, 37, 38, 39, 40, 41, 42, 43, 44, 45, 46, 47, 48, 49, 50, 51, 52, 53, 54, 55, 56, 57, 58, 59, 60, 61, 62, 63, 64, 65, 66, 67, 68, 69, 70, 71, 72, 73, 74, 75, 76, 77, 78, 79, 80, 81, 82, 83, 84, 85, 86, 87, 88, 89, 90, 91, 92, 93, 94, 95, 96, 97, 98, 99, 100, 101, 102, 485, 486, 487, 488, 489, 490, 491, 492, 493, 494, 495, 496, 497, 498, 499, 500, 501, 502, 503, 504, 505, 506, 507, 508, 509, 510, 511, 512, 513, 514, 515, 516, 517, 518, 519, 520, 521, 522, 523, 524, 525, 526, 527, 528, 529, 530, 531, 532, 533, 534, 535, 536, 537, 538, 539, 540, 541, 542, 543, 544, 545, 546, 547, 548, 549, 550, 551, 552, 553, 554, 555, 556, 557, 558, 559, 560, 561, 562, 563, 564, 565, 566, 567, 568, 569, 570, 571, 572, 573]","[3, 15, 29, 91, 427, 444, 463, 489, 500, 512, 562, 879, 894, 910]","[1, 13, 14, 29, 54, 55, 56, 57, 58, 60, 102, 118, 125, 127, 130, 134, 146, 149, 153, 175, 182, 187, 189, 191, 197, 225, 230, 238, 264, 265, 266, 286, 302, 317, 336, 379, 388, 389, 425, 454, 458, 463, 475, 487, 498, 499, 512, 530, 531, 532, 533, 534, 536, 573, 589, 596, 598, 601, 605, 617, 620, 624, 646, 653, 658, 660, 662, 668, 689, 694, 702, 724, 725, 745, 760, 775, 793, 829, 838, 839, 877, 901, 903, 905, 910, 923]","[1, 13, 14, 29, 54, 55, 56, 57, 58, 60, 102, 118, 125, 127, 130, 134, 146, 149, 153, 175, 182, 187, 189, 191, 197, 225, 230, 238, 264, 265, 266, 286, 302, 317, 336, 354, 379, 388, 389, 425, 454, 458, 463, 475, 487, 498, 499, 512, 530, 531, 532, 533, 534, 536, 573, 589, 596, 598, 601, 605, 617, 620, 624, 646, 653, 658, 660, 662, 668, 689, 694, 702, 724, 725, 745, 760, 775, 793, 809, 829, 838, 839, 877, 901, 903, 905, 910, 923]","[512, 0, 1, 2, 3, 4, 5, 6, 7, 8, 9, 10, 11, 12, 13, 15, 14, 16, 17, 18, 19, 20, 21, 22, 23, 24, 25, 26, 27, 29, 28, 30, 31, 32, 33, 34, 35, 36, 37, 38, 39, 40, 41, 42, 43, 44, 45, 46, 47, 48, 49, 50, 51, 52, 53, 54, 55, 56, 57, 58, 59, 60, 61, 62, 63, 64, 65, 66, 67, 68, 69, 70, 71, 72, 73, 74, 75, 76, 77, 78, 79, 80, 81, 82, 83, 84, 85, 86, 87, 88, 89, 90, 91, 92, 93, 94, 95, 96, 97, 98, 99, 100, 101, 102, 528, 529, 617, 530, 620, 513, 531, 624, 532, 118, 533, 125, 534, 127, 130, 535, 134, 646, 514, 536, 653, 537, 146, 538, 658, 149, 660, 662, 539, 153, 668, 540, 515, 541, 542, 543, 175, 689, 544, 182, 545, 694, 516, 187, 546, 189, 702, 191, 547, 197, 548, 549, 550, 517, 724, 551, 725, 552, 553, 225, 554, 230, 555, 745, 518, 556, 238, 557, 558, 760, 559, 560, 519, 561, 264, 265, 266, 775, 562, 563, 564, 793, 565, 520, 286, 566, 567, 809, 568, 302, 569, 570, 521, 571, 317, 572, 829, 573, 838, 839, 522, 336, 354, 523, 877, 879, 379, 894, 524, 388, 389, 901, 903, 905, 910, 589, 525, 923, 425, 427, 526, 596, 444, 598, 454, 458, 527, 463, 601, 475, 605, 485, 486, 487, 488, 489, 490, 491, 492, 493, 494, 495, 496, 497, 498, 499, 500, 501, 502, 503, 504, 505, 506, 507, 508, 509, 510, 511]",True,"[15, 29, 500, 512]","[0, 1, 2, 3, 4, 5, 6, 7, 8, 9, 10, 11, 12, 13, 14, 15, 16, 17, 18, 19, 20, 21, 22, 23, 24, 25, 26, 27, 28, 29, 30, 31, 32, 33, 34, 35, 36, 37, 38, 39, 40, 41, 42, 43, 44, 45, 46, 47, 48, 49, 50, 51, 52, 53, 54, 55, 56, 57, 58, 59, 60, 61, 62, 63, 64, 65, 66, 67, 68, 69, 70, 71, 72, 73, 74, 75, 76, 77, 78, 79, 80, 81, 82, 83, 84, 85, 86, 87, 88, 89, 90, 91, 92, 93, 94, 95, 96, 97, 98, 99, 100, 101, 102, 485, 486, 487, 488, 489, 490, 491, 492, 493, 494, 495, 496, 497, 498, 499, 500, 501, 502, 503, 504, 505, 506, 507, 508, 509, 510, 511, 512, 513, 514, 515, 516, 517, 518, 519, 520, 521, 522, 523, 524, 525, 526, 527, 528, 529, 530, 531, 532, 533, 534, 535, 536, 537, 538, 539, 540, 541, 542, 543, 544, 545, 546, 547, 548, 549, 550, 551, 552, 553, 554, 555, 556, 557, 558, 559, 560, 561, 562, 563, 564, 565, 566, 567, 568, 569, 570, 571, 572, 573]","[15, 29, 500, 512]",[],"[3, 15, 29, 91, 427, 444, 463, 489, 500, 512, 562, 879, 894, 910]","[1, 13, 14, 29, 54, 55, 56, 57, 58, 60, 102, 118, 125, 127, 130, 134, 146, 149, 153, 175, 182, 187, 189, 191, 197, 225, 230, 238, 264, 265, 266, 286, 302, 317, 336, 354, 379, 388, 389, 425, 454, 458, 463, 475, 487, 498, 499, 512, 530, 531, 532, 533, 534, 536, 573, 589, 596, 598, 601, 605, 617, 620, 624, 646, 653, 658, 660, 662, 668, 689, 694, 702, 724, 725, 745, 760, 775, 793, 809, 829, 838, 839, 877, 901, 903, 905, 910, 923]","[1, 13, 14, 29, 54, 55, 56, 57, 58, 60, 102, 118, 125, 127, 130, 134, 146, 149, 153, 175, 182, 187, 189, 191, 197, 225, 230, 238, 264, 265, 266, 286, 302, 317, 336, 379, 388, 389, 425, 454, 458, 463, 475, 487, 498, 499, 512, 530, 531, 532, 533, 534, 536, 573, 589, 596, 598, 601, 605, 617, 620, 624, 646, 653, 658, 660, 662, 668, 689, 694, 702, 724, 725, 745, 760, 775, 793, 829, 838, 839, 877, 901, 903, 905, 910, 923]",7/6 successful match,True,"[450, 451]",True,181,False,,1.0,True,Lake Powell Convenience Center ( Shell ),Shell
B Page ( 86040 ) Lake Powell Convenience Center ( Shell ),4 928-645-5998 901 US 89 S ( MM 547 ),<U+2610> <U+2610><U+2610><U+2610><U+2610>,Page,86040,Lake Powell Convenience Center ( Shell ),928-645-5998,2015,Page,AZ,Shell,( MM 547 ),901 US 89 S,Proper,,False,,False,US 89,,,,,"[512, 29]","[15, 29, 500, 512]","[15, 29, 500, 512]",[],"[0, 1, 2, 3, 4, 5, 6, 7, 8, 9, 10, 11, 12, 13, 14, 15, 16, 17, 18, 19, 20, 21, 22, 23, 24, 25, 26, 27, 28, 29, 30, 31, 32, 33, 34, 35, 36, 37, 38, 39, 40, 41, 42, 43, 44, 45, 46, 47, 48, 49, 50, 51, 52, 53, 54, 55, 56, 57, 58, 59, 60, 61, 62, 63, 64, 65, 66, 67, 68, 69, 70, 71, 72, 73, 74, 75, 76, 77, 78, 79, 80, 81, 82, 83, 84, 85, 86, 87, 88, 89, 90, 91, 92, 93, 94, 95, 96, 97, 98, 99, 100, 101, 102, 485, 486, 487, 488, 489, 490, 491, 492, 493, 494, 495, 496, 497, 498, 499, 500, 501, 502, 503, 504, 505, 506, 507, 508, 509, 510, 511, 512, 513, 514, 515, 516, 517, 518, 519, 520, 521, 522, 523, 524, 525, 526, 527, 528, 529, 530, 531, 532, 533, 534, 535, 536, 537, 538, 539, 540, 541, 542, 543, 544, 545, 546, 547, 548, 549, 550, 551, 552, 553, 554, 555, 556, 557, 558, 559, 560, 561, 562, 563, 564, 565, 566, 567, 568, 569, 570, 571, 572, 573]","[3, 15, 29, 91, 427, 444, 463, 489, 500, 512, 562, 879, 894, 910]","[1, 13, 14, 29, 54, 55, 56, 57, 58, 60, 102, 118, 125, 127, 130, 134, 146, 149, 153, 175, 182, 187, 189, 191, 197, 225, 230, 238, 264, 265, 266, 286, 302, 317, 336, 379, 388, 389, 425, 454, 458, 463, 475, 487, 498, 499, 512, 530, 531, 532, 533, 534, 536, 573, 589, 596, 598, 601, 605, 617, 620, 624, 646, 653, 658, 660, 662, 668, 689, 694, 702, 724, 725, 745, 760, 775, 793, 829, 838, 839, 877, 901, 903, 905, 910, 923]","[1, 13, 14, 29, 54, 55, 56, 57, 58, 60, 102, 118, 125, 127, 130, 134, 146, 149, 153, 175, 182, 187, 189, 191, 197, 225, 230, 238, 264, 265, 266, 286, 302, 317, 336, 354, 379, 388, 389, 425, 454, 458, 463, 475, 487, 498, 499, 512, 530, 531, 532, 533, 534, 536, 573, 589, 596, 598, 601, 605, 617, 620, 624, 646, 653, 658, 660, 662, 668, 689, 694, 702, 724, 725, 745, 760, 775, 793, 809, 829, 838, 839, 877, 901, 903, 905, 910, 923]","[512, 0, 1, 2, 3, 4, 5, 6, 7, 8, 9, 10, 11, 12, 13, 15, 14, 16, 17, 18, 19, 20, 21, 22, 23, 24, 25, 26, 27, 29, 28, 30, 31, 32, 33, 34, 35, 36, 37, 38, 39, 40, 41, 42, 43, 44, 45, 46, 47, 48, 49, 50, 51, 52, 53, 54, 55, 56, 57, 58, 59, 60, 61, 62, 63, 64, 65, 66, 67, 68, 69, 70, 71, 72, 73, 74, 75, 76, 77, 78, 79, 80, 81, 82, 83, 84, 85, 86, 87, 88, 89, 90, 91, 92, 93, 94, 95, 96, 97, 98, 99, 100, 101, 102, 528, 529, 617, 530, 620, 513, 531, 624, 532, 118, 533, 125, 534, 127, 130, 535, 134, 646, 514, 536, 653, 537, 146, 538, 658, 149, 660, 662, 539, 153, 668, 540, 515, 541, 542, 543, 175, 689, 544, 182, 545, 694, 516, 187, 546, 189, 702, 191, 547, 197, 548, 549, 550, 517, 724, 551, 725, 552, 553, 225, 554, 230, 555, 745, 518, 556, 238, 557, 558, 760, 559, 560, 519, 561, 264, 265, 266, 775, 562, 563, 564, 793, 565, 520, 286, 566, 567, 809, 568, 302, 569, 570, 521, 571, 317, 572, 829, 573, 838, 839, 522, 336, 354, 523, 877, 879, 379, 894, 524, 388, 389, 901, 903, 905, 910, 589, 525, 923, 425, 427, 526, 596, 444, 598, 454, 458, 527, 463, 601, 475, 605, 485, 486, 487, 488, 489, 490, 491, 492, 493, 494, 495, 496, 497, 498, 499, 500, 501, 502, 503, 504, 505, 506, 507, 508, 509, 510, 511]",True,"[15, 29, 500, 512]","[0, 1, 2, 3, 4, 5, 6, 7, 8, 9, 10, 11, 12, 13, 14, 15, 16, 17, 18, 19, 20, 21, 22, 23, 24, 25, 26, 27, 28, 29, 30, 31, 32, 33, 34, 35, 36, 37, 38, 39, 40, 41, 42, 43, 44, 45, 46, 47, 48, 49, 50, 51, 52, 53, 54, 55, 56, 57, 58, 59, 60, 61, 62, 63, 64, 65, 66, 67, 68, 69, 70, 71, 72, 73, 74, 75, 76, 77, 78, 79, 80, 81, 82, 83, 84, 85, 86, 87, 88, 89, 90, 91, 92, 93, 94, 95, 96, 97, 98, 99, 100, 101, 102, 485, 486, 487, 488, 489, 490, 491, 492, 493, 494, 495, 496, 497, 498, 499, 500, 501, 502, 503, 504, 505, 506, 507, 508, 509, 510, 511, 512, 513, 514, 515, 516, 517, 518, 519, 520, 521, 522, 523, 524, 525, 526, 527, 528, 529, 530, 531, 532, 533, 534, 535, 536, 537, 538, 539, 540, 541, 542, 543, 544, 545, 546, 547, 548, 549, 550, 551, 552, 553, 554, 555, 556, 557, 558, 559, 560, 561, 562, 563, 564, 565, 566, 567, 568, 569, 570, 571, 572, 573]","[15, 29, 500, 512]",[],"[3, 15, 29, 91, 427, 444, 463, 489, 500, 512, 562, 879, 894, 910]","[1, 13, 14, 29, 54, 55, 56, 57, 58, 60, 102, 118, 125, 127, 130, 134, 146, 149, 153, 175, 182, 187, 189, 191, 197, 225, 230, 238, 264, 265, 266, 286, 302, 317, 336, 354, 379, 388, 389, 425, 454, 458, 463, 475, 487, 498, 499, 512, 530, 531, 532, 533, 534, 536, 573, 589, 596, 598, 601, 605, 617, 620, 624, 646, 653, 658, 660, 662, 668, 689, 694, 702, 724, 725, 745, 760, 775, 793, 809, 829, 838, 839, 877, 901, 903, 905, 910, 923]","[1, 13, 14, 29, 54, 55, 56, 57, 58, 60, 102, 118, 125, 127, 130, 134, 146, 149, 153, 175, 182, 187, 189, 191, 197, 225, 230, 238, 264, 265, 266, 286, 302, 317, 336, 379, 388, 389, 425, 454, 458, 463, 475, 487, 498, 499, 512, 530, 531, 532, 533, 534, 536, 573, 589, 596, 598, 601, 605, 617, 620, 624, 646, 653, 658, 660, 662, 668, 689, 694, 702, 724, 725, 745, 760, 775, 793, 829, 838, 839, 877, 901, 903, 905, 910, 923]",7/6 successful match,True,"[450, 451]",True,181,False,,1.0,True,Lake Powell Convenience Center ( Shell ),Shell
Page ( 86040 ) Lake Powell Convenience Center ( Shell ),4 928-645-5998 901 US 89 S ( MM 547 ),<U+2610>,Page,86040,Lake Powell Convenience Center ( Shell ),928-645-5998,2016,Page,AZ,Shell,( MM 547 ),901 US 89 S,Proper,,False,,False,US 89,,,,,"[512, 29]","[15, 29, 500, 512]","[15, 29, 500, 512]",[],"[0, 1, 2, 3, 4, 5, 6, 7, 8, 9, 10, 11, 12, 13, 14, 15, 16, 17, 18, 19, 20, 21, 22, 23, 24, 25, 26, 27, 28, 29, 30, 31, 32, 33, 34, 35, 36, 37, 38, 39, 40, 41, 42, 43, 44, 45, 46, 47, 48, 49, 50, 51, 52, 53, 54, 55, 56, 57, 58, 59, 60, 61, 62, 63, 64, 65, 66, 67, 68, 69, 70, 71, 72, 73, 74, 75, 76, 77, 78, 79, 80, 81, 82, 83, 84, 85, 86, 87, 88, 89, 90, 91, 92, 93, 94, 95, 96, 97, 98, 99, 100, 101, 102, 485, 486, 487, 488, 489, 490, 491, 492, 493, 494, 495, 496, 497, 498, 499, 500, 501, 502, 503, 504, 505, 506, 507, 508, 509, 510, 511, 512, 513, 514, 515, 516, 517, 518, 519, 520, 521, 522, 523, 524, 525, 526, 527, 528, 529, 530, 531, 532, 533, 534, 535, 536, 537, 538, 539, 540, 541, 542, 543, 544, 545, 546, 547, 548, 549, 550, 551, 552, 553, 554, 555, 556, 557, 558, 559, 560, 561, 562, 563, 564, 565, 566, 567, 568, 569, 570, 571, 572, 573]","[3, 15, 29, 91, 427, 444, 463, 489, 500, 512, 562, 879, 894, 910]","[1, 13, 14, 29, 54, 55, 56, 57, 58, 60, 102, 118, 125, 127, 130, 134, 146, 149, 153, 175, 182, 187, 189, 191, 197, 225, 230, 238, 264, 265, 266, 286, 302, 317, 336, 379, 388, 389, 425, 454, 458, 463, 475, 487, 498, 499, 512, 530, 531, 532, 533, 534, 536, 573, 589, 596, 598, 601, 605, 617, 620, 624, 646, 653, 658, 660, 662, 668, 689, 694, 702, 724, 725, 745, 760, 775, 793, 829, 838, 839, 877, 901, 903, 905, 910, 923]","[1, 13, 14, 29, 54, 55, 56, 57, 58, 60, 102, 118, 125, 127, 130, 134, 146, 149, 153, 175, 182, 187, 189, 191, 197, 225, 230, 238, 264, 265, 266, 286, 302, 317, 336, 354, 379, 388, 389, 425, 454, 458, 463, 475, 487, 498, 499, 512, 530, 531, 532, 533, 534, 536, 573, 589, 596, 598, 601, 605, 617, 620, 624, 646, 653, 658, 660, 662, 668, 689, 694, 702, 724, 725, 745, 760, 775, 793, 809, 829, 838, 839, 877, 901, 903, 905, 910, 923]","[512, 0, 1, 2, 3, 4, 5, 6, 7, 8, 9, 10, 11, 12, 13, 15, 14, 16, 17, 18, 19, 20, 21, 22, 23, 24, 25, 26, 27, 29, 28, 30, 31, 32, 33, 34, 35, 36, 37, 38, 39, 40, 41, 42, 43, 44, 45, 46, 47, 48, 49, 50, 51, 52, 53, 54, 55, 56, 57, 58, 59, 60, 61, 62, 63, 64, 65, 66, 67, 68, 69, 70, 71, 72, 73, 74, 75, 76, 77, 78, 79, 80, 81, 82, 83, 84, 85, 86, 87, 88, 89, 90, 91, 92, 93, 94, 95, 96, 97, 98, 99, 100, 101, 102, 528, 529, 617, 530, 620, 513, 531, 624, 532, 118, 533, 125, 534, 127, 130, 535, 134, 646, 514, 536, 653, 537, 146, 538, 658, 149, 660, 662, 539, 153, 668, 540, 515, 541, 542, 543, 175, 689, 544, 182, 545, 694, 516, 187, 546, 189, 702, 191, 547, 197, 548, 549, 550, 517, 724, 551, 725, 552, 553, 225, 554, 230, 555, 745, 518, 556, 238, 557, 558, 760, 559, 560, 519, 561, 264, 265, 266, 775, 562, 563, 564, 793, 565, 520, 286, 566, 567, 809, 568, 302, 569, 570, 521, 571, 317, 572, 829, 573, 838, 839, 522, 336, 354, 523, 877, 879, 379, 894, 524, 388, 389, 901, 903, 905, 910, 589, 525, 923, 425, 427, 526, 596, 444, 598, 454, 458, 527, 463, 601, 475, 605, 485, 486, 487, 488, 489, 490, 491, 492, 493, 494, 495, 496, 497, 498, 499, 500, 501, 502, 503, 504, 505, 506, 507, 508, 509, 510, 511]",True,"[15, 29, 500, 512]","[0, 1, 2, 3, 4, 5, 6, 7, 8, 9, 10, 11, 12, 13, 14, 15, 16, 17, 18, 19, 20, 21, 22, 23, 24, 25, 26, 27, 28, 29, 30, 31, 32, 33, 34, 35, 36, 37, 38, 39, 40, 41, 42, 43, 44, 45, 46, 47, 48, 49, 50, 51, 52, 53, 54, 55, 56, 57, 58, 59, 60, 61, 62, 63, 64, 65, 66, 67, 68, 69, 70, 71, 72, 73, 74, 75, 76, 77, 78, 79, 80, 81, 82, 83, 84, 85, 86, 87, 88, 89, 90, 91, 92, 93, 94, 95, 96, 97, 98, 99, 100, 101, 102, 485, 486, 487, 488, 489, 490, 491, 492, 493, 494, 495, 496, 497, 498, 499, 500, 501, 502, 503, 504, 505, 506, 507, 508, 509, 510, 511, 512, 513, 514, 515, 516, 517, 518, 519, 520, 521, 522, 523, 524, 525, 526, 527, 528, 529, 530, 531, 532, 533, 534, 535, 536, 537, 538, 539, 540, 541, 542, 543, 544, 545, 546, 547, 548, 549, 550, 551, 552, 553, 554, 555, 556, 557, 558, 559, 560, 561, 562, 563, 564, 565, 566, 567, 568, 569, 570, 571, 572, 573]","[15, 29, 500, 512]",[],"[3, 15, 29, 91, 427, 444, 463, 489, 500, 512, 562, 879, 894, 910]","[1, 13, 14, 29, 54, 55, 56, 57, 58, 60, 102, 118, 125, 127, 130, 134, 146, 149, 153, 175, 182, 187, 189, 191, 197, 225, 230, 238, 264, 265, 266, 286, 302, 317, 336, 354, 379, 388, 389, 425, 454, 458, 463, 475, 487, 498, 499, 512, 530, 531, 532, 533, 534, 536, 573, 589, 596, 598, 601, 605, 617, 620, 624, 646, 653, 658, 660, 662, 668, 689, 694, 702, 724, 725, 745, 760, 775, 793, 809, 829, 838, 839, 877, 901, 903, 905, 910, 923]","[1, 13, 14, 29, 54, 55, 56, 57, 58, 60, 102, 118, 125, 127, 130, 134, 146, 149, 153, 175, 182, 187, 189, 191, 197, 225, 230, 238, 264, 265, 266, 286, 302, 317, 336, 379, 388, 389, 425, 454, 458, 463, 475, 487, 498, 499, 512, 530, 531, 532, 533, 534, 536, 573, 589, 596, 598, 601, 605, 617, 620, 624, 646, 653, 658, 660, 662, 668, 689, 694, 702, 724, 725, 745, 760, 775, 793, 829, 838, 839, 877, 901, 903, 905, 910, 923]",7/6 successful match,True,"[450, 451]",True,181,False,,1.0,True,Lake Powell Convenience Center ( Shell ),Shell
"Winslow , 86047 Flying J Travel Plaza # 0500041",5 928-289-2081 I-40 Exit 255,,Winslow,86047,Flying J Travel Plaza # 0500041,928-289-2081,2006,Winslow,AZ,Flying J,,I-40 Exit 255,Exit,255,False,,False,I-40,,,,,"[507, 23]","[23, 507]","[23, 507]","[23, 150, 507, 621]","[0, 1, 2, 3, 4, 5, 6, 7, 8, 9, 10, 11, 12, 13, 14, 15, 16, 17, 18, 19, 20, 21, 22, 23, 24, 25, 26, 27, 28, 29, 30, 31, 32, 33, 34, 35, 36, 37, 38, 39, 40, 41, 42, 43, 44, 45, 46, 47, 48, 49, 50, 51, 52, 53, 54, 55, 56, 57, 58, 59, 60, 61, 62, 63, 64, 65, 66, 67, 68, 69, 70, 71, 72, 73, 74, 75, 76, 77, 78, 79, 80, 81, 82, 83, 84, 85, 86, 87, 88, 89, 90, 91, 92, 93, 94, 95, 96, 97, 98, 99, 100, 101, 102, 485, 486, 487, 488, 489, 490, 491, 492, 493, 494, 495, 496, 497, 498, 499, 500, 501, 502, 503, 504, 505, 506, 507, 508, 509, 510, 511, 512, 513, 514, 515, 516, 517, 518, 519, 520, 521, 522, 523, 524, 525, 526, 527, 528, 529, 530, 531, 532, 533, 534, 535, 536, 537, 538, 539, 540, 541, 542, 543, 544, 545, 546, 547, 548, 549, 550, 551, 552, 553, 554, 555, 556, 557, 558, 559, 560, 561, 562, 563, 564, 565, 566, 567, 568, 569, 570, 571, 572, 573]","[4, 11, 18, 21, 23, 26, 27, 28, 31, 35, 36, 43, 45, 52, 55, 56, 60, 62, 64, 70, 71, 80, 90, 94, 97, 183, 197, 232, 334, 426, 455, 472, 477, 478, 480, 483, 484, 490, 496, 505, 507, 509, 510, 511, 514, 516, 517, 523, 525, 529, 532, 533, 536, 538, 545, 546, 552, 561, 565, 568, 654, 668, 696, 790, 857, 878, 902, 919, 928, 929, 932, 934, 935]","[17, 18, 19, 20, 21, 22, 23, 156, 157, 158, 159, 160, 161, 162, 163, 164, 165, 166, 167, 341, 342, 343, 344, 345, 412, 413, 414, 415, 416, 417, 418, 419, 420, 421, 422, 502, 503, 504, 505, 506, 507, 628, 629, 630, 631, 632, 633, 634, 635, 636, 637, 638, 639, 792, 797, 798, 799, 800, 801, 863, 864, 865, 866, 867, 868, 869, 870, 871, 872, 873, 874]","[17, 18, 19, 20, 21, 22, 23, 156, 157, 158, 159, 160, 161, 162, 163, 164, 165, 166, 167, 168, 340, 341, 342, 343, 344, 345, 346, 412, 413, 414, 415, 416, 417, 418, 419, 420, 421, 422, 502, 503, 504, 505, 506, 507, 628, 629, 630, 631, 632, 633, 634, 635, 636, 637, 638, 639, 792, 796, 797, 798, 799, 800, 801, 863, 864, 865, 866, 867, 868, 869, 870, 871, 872, 873, 874]","[0, 1, 2, 3, 4, 5, 6, 7, 8, 9, 10, 11, 12, 13, 14, 15, 16, 17, 18, 19, 20, 21, 22, 23, 24, 25, 26, 27, 28, 29, 30, 31, 32, 33, 34, 35, 36, 37, 38, 39, 40, 41, 42, 43, 44, 45, 46, 47, 48, 49, 50, 51, 52, 53, 54, 55, 56, 57, 58, 59, 60, 61, 62, 63, 64, 65, 66, 67, 68, 69, 70, 71, 72, 73, 74, 75, 76, 77, 78, 79, 80, 81, 82, 83, 84, 85, 86, 87, 88, 89, 90, 91, 92, 93, 94, 95, 96, 97, 98, 99, 100, 101, 102, 528, 529, 530, 621, 513, 531, 628, 532, 629, 630, 631, 632, 533, 633, 634, 635, 636, 534, 637, 638, 639, 535, 514, 536, 537, 654, 538, 150, 539, 668, 540, 156, 157, 158, 515, 541, 159, 160, 161, 162, 542, 163, 164, 165, 166, 543, 167, 168, 544, 545, 183, 696, 516, 546, 547, 197, 548, 549, 550, 517, 551, 552, 553, 554, 232, 555, 518, 556, 557, 558, 559, 560, 519, 561, 562, 563, 564, 790, 792, 565, 796, 797, 520, 798, 566, 799, 800, 801, 567, 568, 569, 570, 521, 571, 572, 573, 334, 522, 340, 341, 342, 343, 344, 857, 345, 346, 863, 864, 865, 866, 867, 868, 869, 870, 871, 872, 523, 873, 874, 878, 524, 902, 919, 525, 412, 413, 414, 415, 928, 929, 416, 417, 932, 418, 934, 935, 419, 420, 426, 421, 422, 512, 526, 455, 527, 472, 477, 478, 480, 483, 484, 485, 486, 487, 488, 489, 490, 491, 492, 493, 494, 495, 496, 497, 498, 499, 500, 501, 502, 503, 504, 505, 506, 507, 508, 509, 510, 511]",True,"[23, 507]","[0, 1, 2, 3, 4, 5, 6, 7, 8, 9, 10, 11, 12, 13, 14, 15, 16, 17, 18, 19, 20, 21, 22, 23, 24, 25, 26, 27, 28, 29, 30, 31, 32, 33, 34, 35, 36, 37, 38, 39, 40, 41, 42, 43, 44, 45, 46, 47, 48, 49, 50, 51, 52, 53, 54, 55, 56, 57, 58, 59, 60, 61, 62, 63, 64, 65, 66, 67, 68, 69, 70, 71, 72, 73, 74, 75, 76, 77, 78, 79, 80, 81, 82, 83, 84, 85, 86, 87, 88, 89, 90, 91, 92, 93, 94, 95, 96, 97, 98, 99, 100, 101, 102, 485, 486, 487, 488, 489, 490, 491, 492, 493, 494, 495, 496, 497, 498, 499, 500, 501, 502, 503, 504, 505, 506, 507, 508, 509, 510, 511, 512, 513, 514, 515, 516, 517, 518, 519, 520, 521, 522, 523, 524, 525, 526, 527, 528, 529, 530, 531, 532, 533, 534, 535, 536, 537, 538, 539, 540, 541, 542, 543, 544, 545, 546, 547, 548, 549, 550, 551, 552, 553, 554, 555, 556, 557, 558, 559, 560, 561, 562, 563, 564, 565, 566, 567, 568, 569, 570, 571, 572, 573]","[23, 507]","[23, 150, 507, 621]","[4, 11, 18, 21, 23, 26, 27, 28, 31, 35, 36, 43, 45, 52, 55, 56, 60, 62, 64, 70, 71, 80, 90, 94, 97, 183, 197, 232, 334, 426, 455, 472, 477, 478, 480, 483, 484, 490, 496, 505, 507, 509, 510, 511, 514, 516, 517, 523, 525, 529, 532, 533, 536, 538, 545, 546, 552, 561, 565, 568, 654, 668, 696, 790, 857, 878, 902, 919, 928, 929, 932, 934, 935]","[17, 18, 19, 20, 21, 22, 23, 156, 157, 158, 159, 160, 161, 162, 163, 164, 165, 166, 167, 168, 340, 341, 342, 343, 344, 345, 346, 412, 413, 414, 415, 416, 417, 418, 419, 420, 421, 422, 502, 503, 504, 505, 506, 507, 628, 629, 630, 631, 632, 633, 634, 635, 636, 637, 638, 639, 792, 796, 797, 798, 799, 800, 801, 863, 864, 865, 866, 867, 868, 869, 870, 871, 872, 873, 874]","[17, 18, 19, 20, 21, 22, 23, 156, 157, 158, 159, 160, 161, 162, 163, 164, 165, 166, 167, 341, 342, 343, 344, 345, 412, 413, 414, 415, 416, 417, 418, 419, 420, 421, 422, 502, 503, 504, 505, 506, 507, 628, 629, 630, 631, 632, 633, 634, 635, 636, 637, 638, 639, 792, 797, 798, 799, 800, 801, 863, 864, 865, 866, 867, 868, 869, 870, 871, 872, 873, 874]",7/6 successful match,True,[339],True,182,False,,,,,
"Winslow , 86047 Flying J Travel Plaza",928-289-2081 I-40 Exit 255 # 0500041,489 XL 24 HRS HRS,Winslow,86047,Flying J Travel Plaza,928-289-2081,2007,Winslow,AZ,Flying J,,I-40 Exit 255 # 0500041,Exit,255,False,,False,I-40,,,,,"[507, 23]","[23, 507]","[23, 507]","[23, 150, 507, 621]","[0, 1, 2, 3, 4, 5, 6, 7, 8, 9, 10, 11, 12, 13, 14, 15, 16, 17, 18, 19, 20, 21, 22, 23, 24, 25, 26, 27, 28, 29, 30, 31, 32, 33, 34, 35, 36, 37, 38, 39, 40, 41, 42, 43, 44, 45, 46, 47, 48, 49, 50, 51, 52, 53, 54, 55, 56, 57, 58, 59, 60, 61, 62, 63, 64, 65, 66, 67, 68, 69, 70, 71, 72, 73, 74, 75, 76, 77, 78, 79, 80, 81, 82, 83, 84, 85, 86, 87, 88, 89, 90, 91, 92, 93, 94, 95, 96, 97, 98, 99, 100, 101, 102, 485, 486, 487, 488, 489, 490, 491, 492, 493, 494, 495, 496, 497, 498, 499, 500, 501, 502, 503, 504, 505, 506, 507, 508, 509, 510, 511, 512, 513, 514, 515, 516, 517, 518, 519, 520, 521, 522, 523, 524, 525, 526, 527, 528, 529, 530, 531, 532, 533, 534, 535, 536, 537, 538, 539, 540, 541, 542, 543, 544, 545, 546, 547, 548, 549, 550, 551, 552, 553, 554, 555, 556, 557, 558, 559, 560, 561, 562, 563, 564, 565, 566, 567, 568, 569, 570, 571, 572, 573]","[4, 11, 18, 21, 23, 26, 27, 28, 31, 35, 36, 43, 45, 52, 55, 56, 60, 62, 64, 70, 71, 80, 90, 94, 97, 183, 197, 232, 334, 426, 455, 472, 477, 478, 480, 483, 484, 490, 496, 505, 507, 509, 510, 511, 514, 516, 517, 523, 525, 529, 532, 533, 536, 538, 545, 546, 552, 561, 565, 568, 654, 668, 696, 790, 857, 878, 902, 919, 928, 929, 932, 934, 935]","[17, 18, 19, 20, 21, 22, 23, 156, 157, 158, 159, 160, 161, 162, 163, 164, 165, 166, 167, 341, 342, 343, 344, 345, 412, 413, 414, 415, 416, 417, 418, 419, 420, 421, 422, 502, 503, 504, 505, 506, 507, 628, 629, 630, 631, 632, 633, 634, 635, 636, 637, 638, 639, 792, 797, 798, 799, 800, 801, 863, 864, 865, 866, 867, 868, 869, 870, 871, 872, 873, 874]","[17, 18, 19, 20, 21, 22, 23, 156, 157, 158, 159, 160, 161, 162, 163, 164, 165, 166, 167, 168, 340, 341, 342, 343, 344, 345, 346, 412, 413, 414, 415, 416, 417, 418, 419, 420, 421, 422, 502, 503, 504, 505, 506, 507, 628, 629, 630, 631, 632, 633, 634, 635, 636, 637, 638, 639, 792, 796, 797, 798, 799, 800, 801, 863, 864, 865, 866, 867, 868, 869, 870, 871, 872, 873, 874]","[0, 1, 2, 3, 4, 5, 6, 7, 8, 9, 10, 11, 12, 13, 14, 15, 16, 17, 18, 19, 20, 21, 22, 23, 24, 25, 26, 27, 28, 29, 30, 31, 32, 33, 34, 35, 36, 37, 38, 39, 40, 41, 42, 43, 44, 45, 46, 47, 48, 49, 50, 51, 52, 53, 54, 55, 56, 57, 58, 59, 60, 61, 62, 63, 64, 65, 66, 67, 68, 69, 70, 71, 72, 73, 74, 75, 76, 77, 78, 79, 80, 81, 82, 83, 84, 85, 86, 87, 88, 89, 90, 91, 92, 93, 94, 95, 96, 97, 98, 99, 100, 101, 102, 528, 529, 530, 621, 513, 531, 628, 532, 629, 630, 631, 632, 533, 633, 634, 635, 636, 534, 637, 638, 639, 535, 514, 536, 537, 654, 538, 150, 539, 668, 540, 156, 157, 158, 515, 541, 159, 160, 161, 162, 542, 163, 164, 165, 166, 543, 167, 168, 544, 545, 183, 696, 516, 546, 547, 197, 548, 549, 550, 517, 551, 552, 553, 554, 232, 555, 518, 556, 557, 558, 559, 560, 519, 561, 562, 563, 564, 790, 792, 565, 796, 797, 520, 798, 566, 799, 800, 801, 567, 568, 569, 570, 521, 571, 572, 573, 334, 522, 340, 341, 342, 343, 344, 857, 345, 346, 863, 864, 865, 866, 867, 868, 869, 870, 871, 872, 523, 873, 874, 878, 524, 902, 919, 525, 412, 413, 414, 415, 928, 929, 416, 417, 932, 418, 934, 935, 419, 420, 426, 421, 422, 512, 526, 455, 527, 472, 477, 478, 480, 483, 484, 485, 486, 487, 488, 489, 490, 491, 492, 493, 494, 495, 496, 497, 498, 499, 500, 501, 502, 503, 504, 505, 506, 507, 508, 509, 510, 511]",True,"[23, 507]","[0, 1, 2, 3, 4, 5, 6, 7, 8, 9, 10, 11, 12, 13, 14, 15, 16, 17, 18, 19, 20, 21, 22, 23, 24, 25, 26, 27, 28, 29, 30, 31, 32, 33, 34, 35, 36, 37, 38, 39, 40, 41, 42, 43, 44, 45, 46, 47, 48, 49, 50, 51, 52, 53, 54, 55, 56, 57, 58, 59, 60, 61, 62, 63, 64, 65, 66, 67, 68, 69, 70, 71, 72, 73, 74, 75, 76, 77, 78, 79, 80, 81, 82, 83, 84, 85, 86, 87, 88, 89, 90, 91, 92, 93, 94, 95, 96, 97, 98, 99, 100, 101, 102, 485, 486, 487, 488, 489, 490, 491, 492, 493, 494, 495, 496, 497, 498, 499, 500, 501, 502, 503, 504, 505, 506, 507, 508, 509, 510, 511, 512, 513, 514, 515, 516, 517, 518, 519, 520, 521, 522, 523, 524, 525, 526, 527, 528, 529, 530, 531, 532, 533, 534, 535, 536, 537, 538, 539, 540, 541, 542, 543, 544, 545, 546, 547, 548, 549, 550, 551, 552, 553, 554, 555, 556, 557, 558, 559, 560, 561, 562, 563, 564, 565, 566, 567, 568, 569, 570, 571, 572, 573]","[23, 507]","[23, 150, 507, 621]","[4, 11, 18, 21, 23, 26, 27, 28, 31, 35, 36, 43, 45, 52, 55, 56, 60, 62, 64, 70, 71, 80, 90, 94, 97, 183, 197, 232, 334, 426, 455, 472, 477, 478, 480, 483, 484, 490, 496, 505, 507, 509, 510, 511, 514, 516, 517, 523, 525, 529, 532, 533, 536, 538, 545, 546, 552, 561, 565, 568, 654, 668, 696, 790, 857, 878, 902, 919, 928, 929, 932, 934, 935]","[17, 18, 19, 20, 21, 22, 23, 156, 157, 158, 159, 160, 161, 162, 163, 164, 165, 166, 167, 168, 340, 341, 342, 343, 344, 345, 346, 412, 413, 414, 415, 416, 417, 418, 419, 420, 421, 422, 502, 503, 504, 505, 506, 507, 628, 629, 630, 631, 632, 633, 634, 635, 636, 637, 638, 639, 792, 796, 797, 798, 799, 800, 801, 863, 864, 865, 866, 867, 868, 869, 870, 871, 872, 873, 874]","[17, 18, 19, 20, 21, 22, 23, 156, 157, 158, 159, 160, 161, 162, 163, 164, 165, 166, 167, 341, 342, 343, 344, 345, 412, 413, 414, 415, 416, 417, 418, 419, 420, 421, 422, 502, 503, 504, 505, 506, 507, 628, 629, 630, 631, 632, 633, 634, 635, 636, 637, 638, 639, 792, 797, 798, 799, 800, 801, 863, 864, 865, 866, 867, 868, 869, 870, 871, 872, 873, 874]",7/6 successful match,True,[339],True,182,False,,0.6423076923076922,True,Flying J Travel Plaza # 0500041,Flying J
"Winslow , 86047 Flying J Travel Plaza # 0500041",5 928-289-2081 I-40 Exit 255,24 HRS XL 24 HRS O,Winslow,86047,Flying J Travel Plaza # 0500041,928-289-2081,2008,Winslow,AZ,Flying J,,I-40 Exit 255,Exit,255,False,,False,I-40,,,,,"[507, 23]","[23, 507]","[23, 507]","[23, 150, 507, 621]","[0, 1, 2, 3, 4, 5, 6, 7, 8, 9, 10, 11, 12, 13, 14, 15, 16, 17, 18, 19, 20, 21, 22, 23, 24, 25, 26, 27, 28, 29, 30, 31, 32, 33, 34, 35, 36, 37, 38, 39, 40, 41, 42, 43, 44, 45, 46, 47, 48, 49, 50, 51, 52, 53, 54, 55, 56, 57, 58, 59, 60, 61, 62, 63, 64, 65, 66, 67, 68, 69, 70, 71, 72, 73, 74, 75, 76, 77, 78, 79, 80, 81, 82, 83, 84, 85, 86, 87, 88, 89, 90, 91, 92, 93, 94, 95, 96, 97, 98, 99, 100, 101, 102, 485, 486, 487, 488, 489, 490, 491, 492, 493, 494, 495, 496, 497, 498, 499, 500, 501, 502, 503, 504, 505, 506, 507, 508, 509, 510, 511, 512, 513, 514, 515, 516, 517, 518, 519, 520, 521, 522, 523, 524, 525, 526, 527, 528, 529, 530, 531, 532, 533, 534, 535, 536, 537, 538, 539, 540, 541, 542, 543, 544, 545, 546, 547, 548, 549, 550, 551, 552, 553, 554, 555, 556, 557, 558, 559, 560, 561, 562, 563, 564, 565, 566, 567, 568, 569, 570, 571, 572, 573]","[4, 11, 18, 21, 23, 26, 27, 28, 31, 35, 36, 43, 45, 52, 55, 56, 60, 62, 64, 70, 71, 80, 90, 94, 97, 183, 197, 232, 334, 426, 455, 472, 477, 478, 480, 483, 484, 490, 496, 505, 507, 509, 510, 511, 514, 516, 517, 523, 525, 529, 532, 533, 536, 538, 545, 546, 552, 561, 565, 568, 654, 668, 696, 790, 857, 878, 902, 919, 928, 929, 932, 934, 935]","[17, 18, 19, 20, 21, 22, 23, 156, 157, 158, 159, 160, 161, 162, 163, 164, 165, 166, 167, 341, 342, 343, 344, 345, 412, 413, 414, 415, 416, 417, 418, 419, 420, 421, 422, 502, 503, 504, 505, 506, 507, 628, 629, 630, 631, 632, 633, 634, 635, 636, 637, 638, 639, 792, 797, 798, 799, 800, 801, 863, 864, 865, 866, 867, 868, 869, 870, 871, 872, 873, 874]","[17, 18, 19, 20, 21, 22, 23, 156, 157, 158, 159, 160, 161, 162, 163, 164, 165, 166, 167, 168, 340, 341, 342, 343, 344, 345, 346, 412, 413, 414, 415, 416, 417, 418, 419, 420, 421, 422, 502, 503, 504, 505, 506, 507, 628, 629, 630, 631, 632, 633, 634, 635, 636, 637, 638, 639, 792, 796, 797, 798, 799, 800, 801, 863, 864, 865, 866, 867, 868, 869, 870, 871, 872, 873, 874]","[0, 1, 2, 3, 4, 5, 6, 7, 8, 9, 10, 11, 12, 13, 14, 15, 16, 17, 18, 19, 20, 21, 22, 23, 24, 25, 26, 27, 28, 29, 30, 31, 32, 33, 34, 35, 36, 37, 38, 39, 40, 41, 42, 43, 44, 45, 46, 47, 48, 49, 50, 51, 52, 53, 54, 55, 56, 57, 58, 59, 60, 61, 62, 63, 64, 65, 66, 67, 68, 69, 70, 71, 72, 73, 74, 75, 76, 77, 78, 79, 80, 81, 82, 83, 84, 85, 86, 87, 88, 89, 90, 91, 92, 93, 94, 95, 96, 97, 98, 99, 100, 101, 102, 528, 529, 530, 621, 513, 531, 628, 532, 629, 630, 631, 632, 533, 633, 634, 635, 636, 534, 637, 638, 639, 535, 514, 536, 537, 654, 538, 150, 539, 668, 540, 156, 157, 158, 515, 541, 159, 160, 161, 162, 542, 163, 164, 165, 166, 543, 167, 168, 544, 545, 183, 696, 516, 546, 547, 197, 548, 549, 550, 517, 551, 552, 553, 554, 232, 555, 518, 556, 557, 558, 559, 560, 519, 561, 562, 563, 564, 790, 792, 565, 796, 797, 520, 798, 566, 799, 800, 801, 567, 568, 569, 570, 521, 571, 572, 573, 334, 522, 340, 341, 342, 343, 344, 857, 345, 346, 863, 864, 865, 866, 867, 868, 869, 870, 871, 872, 523, 873, 874, 878, 524, 902, 919, 525, 412, 413, 414, 415, 928, 929, 416, 417, 932, 418, 934, 935, 419, 420, 426, 421, 422, 512, 526, 455, 527, 472, 477, 478, 480, 483, 484, 485, 486, 487, 488, 489, 490, 491, 492, 493, 494, 495, 496, 497, 498, 499, 500, 501, 502, 503, 504, 505, 506, 507, 508, 509, 510, 511]",True,"[23, 507]","[0, 1, 2, 3, 4, 5, 6, 7, 8, 9, 10, 11, 12, 13, 14, 15, 16, 17, 18, 19, 20, 21, 22, 23, 24, 25, 26, 27, 28, 29, 30, 31, 32, 33, 34, 35, 36, 37, 38, 39, 40, 41, 42, 43, 44, 45, 46, 47, 48, 49, 50, 51, 52, 53, 54, 55, 56, 57, 58, 59, 60, 61, 62, 63, 64, 65, 66, 67, 68, 69, 70, 71, 72, 73, 74, 75, 76, 77, 78, 79, 80, 81, 82, 83, 84, 85, 86, 87, 88, 89, 90, 91, 92, 93, 94, 95, 96, 97, 98, 99, 100, 101, 102, 485, 486, 487, 488, 489, 490, 491, 492, 493, 494, 495, 496, 497, 498, 499, 500, 501, 502, 503, 504, 505, 506, 507, 508, 509, 510, 511, 512, 513, 514, 515, 516, 517, 518, 519, 520, 521, 522, 523, 524, 525, 526, 527, 528, 529, 530, 531, 532, 533, 534, 535, 536, 537, 538, 539, 540, 541, 542, 543, 544, 545, 546, 547, 548, 549, 550, 551, 552, 553, 554, 555, 556, 557, 558, 559, 560, 561, 562, 563, 564, 565, 566, 567, 568, 569, 570, 571, 572, 573]","[23, 507]","[23, 150, 507, 621]","[4, 11, 18, 21, 23, 26, 27, 28, 31, 35, 36, 43, 45, 52, 55, 56, 60, 62, 64, 70, 71, 80, 90, 94, 97, 183, 197, 232, 334, 426, 455, 472, 477, 478, 480, 483, 484, 490, 496, 505, 507, 509, 510, 511, 514, 516, 517, 523, 525, 529, 532, 533, 536, 538, 545, 546, 552, 561, 565, 568, 654, 668, 696, 790, 857, 878, 902, 919, 928, 929, 932, 934, 935]","[17, 18, 19, 20, 21, 22, 23, 156, 157, 158, 159, 160, 161, 162, 163, 164, 165, 166, 167, 168, 340, 341, 342, 343, 344, 345, 346, 412, 413, 414, 415, 416, 417, 418, 419, 420, 421, 422, 502, 503, 504, 505, 506, 507, 628, 629, 630, 631, 632, 633, 634, 635, 636, 637, 638, 639, 792, 796, 797, 798, 799, 800, 801, 863, 864, 865, 866, 867, 868, 869, 870, 871, 872, 873, 874]","[17, 18, 19, 20, 21, 22, 23, 156, 157, 158, 159, 160, 161, 162, 163, 164, 165, 166, 167, 341, 342, 343, 344, 345, 412, 413, 414, 415, 416, 417, 418, 419, 420, 421, 422, 502, 503, 504, 505, 506, 507, 628, 629, 630, 631, 632, 633, 634, 635, 636, 637, 638, 639, 792, 797, 798, 799, 800, 801, 863, 864, 865, 866, 867, 868, 869, 870, 871, 872, 873, 874]",7/6 successful match,True,[339],True,182,False,,0.6423076923076922,True,Flying J Travel Plaza,Flying J
Winslow ( 86047 ) Flying J Travel Plaza # 612,928-289-2081 I-40 Exit 255,XL 24,Winslow,86047,Flying J Travel Plaza # 612,928-289-2081,2014,Winslow,AZ,Flying J,,I-40 Exit 255,Exit,255,False,,False,I-40,,,,,"[507, 23]","[23, 507]","[23, 507]","[23, 150, 507, 621]","[0, 1, 2, 3, 4, 5, 6, 7, 8, 9, 10, 11, 12, 13, 14, 15, 16, 17, 18, 19, 20, 21, 22, 23, 24, 25, 26, 27, 28, 29, 30, 31, 32, 33, 34, 35, 36, 37, 38, 39, 40, 41, 42, 43, 44, 45, 46, 47, 48, 49, 50, 51, 52, 53, 54, 55, 56, 57, 58, 59, 60, 61, 62, 63, 64, 65, 66, 67, 68, 69, 70, 71, 72, 73, 74, 75, 76, 77, 78, 79, 80, 81, 82, 83, 84, 85, 86, 87, 88, 89, 90, 91, 92, 93, 94, 95, 96, 97, 98, 99, 100, 101, 102, 485, 486, 487, 488, 489, 490, 491, 492, 493, 494, 495, 496, 497, 498, 499, 500, 501, 502, 503, 504, 505, 506, 507, 508, 509, 510, 511, 512, 513, 514, 515, 516, 517, 518, 519, 520, 521, 522, 523, 524, 525, 526, 527, 528, 529, 530, 531, 532, 533, 534, 535, 536, 537, 538, 539, 540, 541, 542, 543, 544, 545, 546, 547, 548, 549, 550, 551, 552, 553, 554, 555, 556, 557, 558, 559, 560, 561, 562, 563, 564, 565, 566, 567, 568, 569, 570, 571, 572, 573]","[4, 11, 18, 21, 23, 26, 27, 28, 31, 35, 36, 43, 45, 52, 55, 56, 60, 62, 64, 70, 71, 80, 90, 94, 97, 183, 197, 232, 334, 426, 455, 472, 477, 478, 480, 483, 484, 490, 496, 505, 507, 509, 510, 511, 514, 516, 517, 523, 525, 529, 532, 533, 536, 538, 545, 546, 552, 561, 565, 568, 654, 668, 696, 790, 857, 878, 902, 919, 928, 929, 932, 934, 935]","[17, 18, 19, 20, 21, 22, 23, 156, 157, 158, 159, 160, 161, 162, 163, 164, 165, 166, 167, 341, 342, 343, 344, 345, 412, 413, 414, 415, 416, 417, 418, 419, 420, 421, 422, 502, 503, 504, 505, 506, 507, 628, 629, 630, 631, 632, 633, 634, 635, 636, 637, 638, 639, 792, 797, 798, 799, 800, 801, 863, 864, 865, 866, 867, 868, 869, 870, 871, 872, 873, 874]","[17, 18, 19, 20, 21, 22, 23, 156, 157, 158, 159, 160, 161, 162, 163, 164, 165, 166, 167, 168, 340, 341, 342, 343, 344, 345, 346, 412, 413, 414, 415, 416, 417, 418, 419, 420, 421, 422, 502, 503, 504, 505, 506, 507, 628, 629, 630, 631, 632, 633, 634, 635, 636, 637, 638, 639, 792, 796, 797, 798, 799, 800, 801, 863, 864, 865, 866, 867, 868, 869, 870, 871, 872, 873, 874]","[0, 1, 2, 3, 4, 5, 6, 7, 8, 9, 10, 11, 12, 13, 14, 15, 16, 17, 18, 19, 20, 21, 22, 23, 24, 25, 26, 27, 28, 29, 30, 31, 32, 33, 34, 35, 36, 37, 38, 39, 40, 41, 42, 43, 44, 45, 46, 47, 48, 49, 50, 51, 52, 53, 54, 55, 56, 57, 58, 59, 60, 61, 62, 63, 64, 65, 66, 67, 68, 69, 70, 71, 72, 73, 74, 75, 76, 77, 78, 79, 80, 81, 82, 83, 84, 85, 86, 87, 88, 89, 90, 91, 92, 93, 94, 95, 96, 97, 98, 99, 100, 101, 102, 528, 529, 530, 621, 513, 531, 628, 532, 629, 630, 631, 632, 533, 633, 634, 635, 636, 534, 637, 638, 639, 535, 514, 536, 537, 654, 538, 150, 539, 668, 540, 156, 157, 158, 515, 541, 159, 160, 161, 162, 542, 163, 164, 165, 166, 543, 167, 168, 544, 545, 183, 696, 516, 546, 547, 197, 548, 549, 550, 517, 551, 552, 553, 554, 232, 555, 518, 556, 557, 558, 559, 560, 519, 561, 562, 563, 564, 790, 792, 565, 796, 797, 520, 798, 566, 799, 800, 801, 567, 568, 569, 570, 521, 571, 572, 573, 334, 522, 340, 341, 342, 343, 344, 857, 345, 346, 863, 864, 865, 866, 867, 868, 869, 870, 871, 872, 523, 873, 874, 878, 524, 902, 919, 525, 412, 413, 414, 415, 928, 929, 416, 417, 932, 418, 934, 935, 419, 420, 426, 421, 422, 512, 526, 455, 527, 472, 477, 478, 480, 483, 484, 485, 486, 487, 488, 489, 490, 491, 492, 493, 494, 495, 496, 497, 498, 499, 500, 501, 502, 503, 504, 505, 506, 507, 508, 509, 510, 511]",True,"[23, 507]","[0, 1, 2, 3, 4, 5, 6, 7, 8, 9, 10, 11, 12, 13, 14, 15, 16, 17, 18, 19, 20, 21, 22, 23, 24, 25, 26, 27, 28, 29, 30, 31, 32, 33, 34, 35, 36, 37, 38, 39, 40, 41, 42, 43, 44, 45, 46, 47, 48, 49, 50, 51, 52, 53, 54, 55, 56, 57, 58, 59, 60, 61, 62, 63, 64, 65, 66, 67, 68, 69, 70, 71, 72, 73, 74, 75, 76, 77, 78, 79, 80, 81, 82, 83, 84, 85, 86, 87, 88, 89, 90, 91, 92, 93, 94, 95, 96, 97, 98, 99, 100, 101, 102, 485, 486, 487, 488, 489, 490, 491, 492, 493, 494, 495, 496, 497, 498, 499, 500, 501, 502, 503, 504, 505, 506, 507, 508, 509, 510, 511, 512, 513, 514, 515, 516, 517, 518, 519, 520, 521, 522, 523, 524, 525, 526, 527, 528, 529, 530, 531, 532, 533, 534, 535, 536, 537, 538, 539, 540, 541, 542, 543, 544, 545, 546, 547, 548, 549, 550, 551, 552, 553, 554, 555, 556, 557, 558, 559, 560, 561, 562, 563, 564, 565, 566, 567, 568, 569, 570, 571, 572, 573]","[23, 507]","[23, 150, 507, 621]","[4, 11, 18, 21, 23, 26, 27, 28, 31, 35, 36, 43, 45, 52, 55, 56, 60, 62, 64, 70, 71, 80, 90, 94, 97, 183, 197, 232, 334, 426, 455, 472, 477, 478, 480, 483, 484, 490, 496, 505, 507, 509, 510, 511, 514, 516, 517, 523, 525, 529, 532, 533, 536, 538, 545, 546, 552, 561, 565, 568, 654, 668, 696, 790, 857, 878, 902, 919, 928, 929, 932, 934, 935]","[17, 18, 19, 20, 21, 22, 23, 156, 157, 158, 159, 160, 161, 162, 163, 164, 165, 166, 167, 168, 340, 341, 342, 343, 344, 345, 346, 412, 413, 414, 415, 416, 417, 418, 419, 420, 421, 422, 502, 503, 504, 505, 506, 507, 628, 629, 630, 631, 632, 633, 634, 635, 636, 637, 638, 639, 792, 796, 797, 798, 799, 800, 801, 863, 864, 865, 866, 867, 868, 869, 870, 871, 872, 873, 874]","[17, 18, 19, 20, 21, 22, 23, 156, 157, 158, 159, 160, 161, 162, 163, 164, 165, 166, 167, 341, 342, 343, 344, 345, 412, 413, 414, 415, 416, 417, 418, 419, 420, 421, 422, 502, 503, 504, 505, 506, 507, 628, 629, 630, 631, 632, 633, 634, 635, 636, 637, 638, 639, 792, 797, 798, 799, 800, 801, 863, 864, 865, 866, 867, 868, 869, 870, 871, 872, 873, 874]",7/6 successful match,True,[339],True,182,False,,0.5919540229885056,True,Flying J Travel Plaza # 0500041,Flying J
Winslow ( 86047 ) Flying J Travel Plaza 186 # 612 S ),928-289-2081 I-40 Exit 255 FLYING,FLYING J 24 XL 24,Winslow,86047,Flying J Travel Plaza 186 # 612 S ),928-289-2081,2015,Winslow,AZ,Flying J,,I-40 Exit 255 FLYING,Exit,255,False,,False,I-40,,,,,"[507, 23]","[23, 507]","[23, 507]","[23, 150, 507, 621]","[0, 1, 2, 3, 4, 5, 6, 7, 8, 9, 10, 11, 12, 13, 14, 15, 16, 17, 18, 19, 20, 21, 22, 23, 24, 25, 26, 27, 28, 29, 30, 31, 32, 33, 34, 35, 36, 37, 38, 39, 40, 41, 42, 43, 44, 45, 46, 47, 48, 49, 50, 51, 52, 53, 54, 55, 56, 57, 58, 59, 60, 61, 62, 63, 64, 65, 66, 67, 68, 69, 70, 71, 72, 73, 74, 75, 76, 77, 78, 79, 80, 81, 82, 83, 84, 85, 86, 87, 88, 89, 90, 91, 92, 93, 94, 95, 96, 97, 98, 99, 100, 101, 102, 485, 486, 487, 488, 489, 490, 491, 492, 493, 494, 495, 496, 497, 498, 499, 500, 501, 502, 503, 504, 505, 506, 507, 508, 509, 510, 511, 512, 513, 514, 515, 516, 517, 518, 519, 520, 521, 522, 523, 524, 525, 526, 527, 528, 529, 530, 531, 532, 533, 534, 535, 536, 537, 538, 539, 540, 541, 542, 543, 544, 545, 546, 547, 548, 549, 550, 551, 552, 553, 554, 555, 556, 557, 558, 559, 560, 561, 562, 563, 564, 565, 566, 567, 568, 569, 570, 571, 572, 573]","[4, 11, 18, 21, 23, 26, 27, 28, 31, 35, 36, 43, 45, 52, 55, 56, 60, 62, 64, 70, 71, 80, 90, 94, 97, 183, 197, 232, 334, 426, 455, 472, 477, 478, 480, 483, 484, 490, 496, 505, 507, 509, 510, 511, 514, 516, 517, 523, 525, 529, 532, 533, 536, 538, 545, 546, 552, 561, 565, 568, 654, 668, 696, 790, 857, 878, 902, 919, 928, 929, 932, 934, 935]","[17, 18, 19, 20, 21, 22, 23, 156, 157, 158, 159, 160, 161, 162, 163, 164, 165, 166, 167, 341, 342, 343, 344, 345, 412, 413, 414, 415, 416, 417, 418, 419, 420, 421, 422, 502, 503, 504, 505, 506, 507, 628, 629, 630, 631, 632, 633, 634, 635, 636, 637, 638, 639, 792, 797, 798, 799, 800, 801, 863, 864, 865, 866, 867, 868, 869, 870, 871, 872, 873, 874]","[17, 18, 19, 20, 21, 22, 23, 156, 157, 158, 159, 160, 161, 162, 163, 164, 165, 166, 167, 168, 340, 341, 342, 343, 344, 345, 346, 412, 413, 414, 415, 416, 417, 418, 419, 420, 421, 422, 481, 502, 503, 504, 505, 506, 507, 628, 629, 630, 631, 632, 633, 634, 635, 636, 637, 638, 639, 792, 796, 797, 798, 799, 800, 801, 863, 864, 865, 866, 867, 868, 869, 870, 871, 872, 873, 874]","[0, 1, 2, 3, 4, 5, 6, 7, 8, 9, 10, 11, 12, 13, 14, 15, 16, 17, 18, 19, 20, 21, 22, 23, 24, 25, 26, 27, 28, 29, 30, 31, 32, 33, 34, 35, 36, 37, 38, 39, 40, 41, 42, 43, 44, 45, 46, 47, 48, 49, 50, 51, 52, 53, 54, 55, 56, 57, 58, 59, 60, 61, 62, 63, 64, 65, 66, 67, 68, 69, 70, 71, 72, 73, 74, 75, 76, 77, 78, 79, 80, 81, 82, 83, 84, 85, 86, 87, 88, 89, 90, 91, 92, 93, 94, 95, 96, 97, 98, 99, 100, 101, 102, 528, 529, 530, 621, 513, 531, 628, 532, 629, 630, 631, 632, 533, 633, 634, 635, 636, 534, 637, 638, 639, 535, 514, 536, 537, 654, 538, 150, 539, 668, 540, 156, 157, 158, 515, 541, 159, 160, 161, 162, 542, 163, 164, 165, 166, 543, 167, 168, 544, 545, 183, 696, 516, 546, 547, 197, 548, 549, 550, 517, 551, 552, 553, 554, 232, 555, 518, 556, 557, 558, 559, 560, 519, 561, 562, 563, 564, 790, 792, 565, 796, 797, 520, 798, 566, 799, 800, 801, 567, 568, 569, 570, 521, 571, 572, 573, 334, 522, 340, 341, 342, 343, 344, 857, 345, 346, 863, 864, 865, 866, 867, 868, 869, 870, 871, 872, 523, 873, 874, 878, 524, 902, 919, 525, 412, 413, 414, 415, 928, 929, 416, 417, 932, 418, 934, 935, 419, 420, 426, 421, 422, 512, 526, 455, 527, 472, 477, 478, 480, 481, 483, 484, 485, 486, 487, 488, 489, 490, 491, 492, 493, 494, 495, 496, 497, 498, 499, 500, 501, 502, 503, 504, 505, 506, 507, 508, 509, 510, 511]",True,"[23, 507]","[0, 1, 2, 3, 4, 5, 6, 7, 8, 9, 10, 11, 12, 13, 14, 15, 16, 17, 18, 19, 20, 21, 22, 23, 24, 25, 26, 27, 28, 29, 30, 31, 32, 33, 34, 35, 36, 37, 38, 39, 40, 41, 42, 43, 44, 45, 46, 47, 48, 49, 50, 51, 52, 53, 54, 55, 56, 57, 58, 59, 60, 61, 62, 63, 64, 65, 66, 67, 68, 69, 70, 71, 72, 73, 74, 75, 76, 77, 78, 79, 80, 81, 82, 83, 84, 85, 86, 87, 88, 89, 90, 91, 92, 93, 94, 95, 96, 97, 98, 99, 100, 101, 102, 485, 486, 487, 488, 489, 490, 491, 492, 493, 494, 495, 496, 497, 498, 499, 500, 501, 502, 503, 504, 505, 506, 507, 508, 509, 510, 511, 512, 513, 514, 515, 516, 517, 518, 519, 520, 521, 522, 523, 524, 525, 526, 527, 528, 529, 530, 531, 532, 533, 534, 535, 536, 537, 538, 539, 540, 541, 542, 543, 544, 545, 546, 547, 548, 549, 550, 551, 552, 553, 554, 555, 556, 557, 558, 559, 560, 561, 562, 563, 564, 565, 566, 567, 568, 569, 570, 571, 572, 573]","[23, 507]","[23, 150, 507, 621]","[4, 11, 18, 21, 23, 26, 27, 28, 31, 35, 36, 43, 45, 52, 55, 56, 60, 62, 64, 70, 71, 80, 90, 94, 97, 183, 197, 232, 334, 426, 455, 472, 477, 478, 480, 483, 484, 490, 496, 505, 507, 509, 510, 511, 514, 516, 517, 523, 525, 529, 532, 533, 536, 538, 545, 546, 552, 561, 565, 568, 654, 668, 696, 790, 857, 878, 902, 919, 928, 929, 932, 934, 935]","[17, 18, 19, 20, 21, 22, 23, 156, 157, 158, 159, 160, 161, 162, 163, 164, 165, 166, 167, 168, 340, 341, 342, 343, 344, 345, 346, 412, 413, 414, 415, 416, 417, 418, 419, 420, 421, 422, 481, 502, 503, 504, 505, 506, 507, 628, 629, 630, 631, 632, 633, 634, 635, 636, 637, 638, 639, 792, 796, 797, 798, 799, 800, 801, 863, 864, 865, 866, 867, 868, 869, 870, 871, 872, 873, 874]","[17, 18, 19, 20, 21, 22, 23, 156, 157, 158, 159, 160, 161, 162, 163, 164, 165, 166, 167, 341, 342, 343, 344, 345, 412, 413, 414, 415, 416, 417, 418, 419, 420, 421, 422, 502, 503, 504, 505, 506, 507, 628, 629, 630, 631, 632, 633, 634, 635, 636, 637, 638, 639, 792, 797, 798, 799, 800, 801, 863, 864, 865, 866, 867, 868, 869, 870, 871, 872, 873, 874]",7/6 successful match,True,[339],True,182,False,,1.0,True,Flying J Travel Plaza # 612,Flying J
Winslow ( 86047 ) Flying J Travel Plaza # 612,928-289-2081 I-40 Exit 255 FLYING J,FLYING J 24 XL 24,Winslow,86047,Flying J Travel Plaza # 612,928-289-2081,2016,Winslow,AZ,Flying J,,I-40 Exit 255 FLYING J,Exit,255,False,,False,I-40,,,,,"[507, 23]","[23, 507]","[23, 507]","[23, 150, 507, 621]","[0, 1, 2, 3, 4, 5, 6, 7, 8, 9, 10, 11, 12, 13, 14, 15, 16, 17, 18, 19, 20, 21, 22, 23, 24, 25, 26, 27, 28, 29, 30, 31, 32, 33, 34, 35, 36, 37, 38, 39, 40, 41, 42, 43, 44, 45, 46, 47, 48, 49, 50, 51, 52, 53, 54, 55, 56, 57, 58, 59, 60, 61, 62, 63, 64, 65, 66, 67, 68, 69, 70, 71, 72, 73, 74, 75, 76, 77, 78, 79, 80, 81, 82, 83, 84, 85, 86, 87, 88, 89, 90, 91, 92, 93, 94, 95, 96, 97, 98, 99, 100, 101, 102, 485, 486, 487, 488, 489, 490, 491, 492, 493, 494, 495, 496, 497, 498, 499, 500, 501, 502, 503, 504, 505, 506, 507, 508, 509, 510, 511, 512, 513, 514, 515, 516, 517, 518, 519, 520, 521, 522, 523, 524, 525, 526, 527, 528, 529, 530, 531, 532, 533, 534, 535, 536, 537, 538, 539, 540, 541, 542, 543, 544, 545, 546, 547, 548, 549, 550, 551, 552, 553, 554, 555, 556, 557, 558, 559, 560, 561, 562, 563, 564, 565, 566, 567, 568, 569, 570, 571, 572, 573]","[4, 11, 18, 21, 23, 26, 27, 28, 31, 35, 36, 43, 45, 52, 55, 56, 60, 62, 64, 70, 71, 80, 90, 94, 97, 183, 197, 232, 334, 426, 455, 472, 477, 478, 480, 483, 484, 490, 496, 505, 507, 509, 510, 511, 514, 516, 517, 523, 525, 529, 532, 533, 536, 538, 545, 546, 552, 561, 565, 568, 654, 668, 696, 790, 857, 878, 902, 919, 928, 929, 932, 934, 935]","[17, 18, 19, 20, 21, 22, 23, 156, 157, 158, 159, 160, 161, 162, 163, 164, 165, 166, 167, 341, 342, 343, 344, 345, 412, 413, 414, 415, 416, 417, 418, 419, 420, 421, 422, 502, 503, 504, 505, 506, 507, 628, 629, 630, 631, 632, 633, 634, 635, 636, 637, 638, 639, 792, 797, 798, 799, 800, 801, 863, 864, 865, 866, 867, 868, 869, 870, 871, 872, 873, 874]","[17, 18, 19, 20, 21, 22, 23, 156, 157, 158, 159, 160, 161, 162, 163, 164, 165, 166, 167, 168, 340, 341, 342, 343, 344, 345, 346, 412, 413, 414, 415, 416, 417, 418, 419, 420, 421, 422, 502, 503, 504, 505, 506, 507, 628, 629, 630, 631, 632, 633, 634, 635, 636, 637, 638, 639, 792, 796, 797, 798, 799, 800, 801, 863, 864, 865, 866, 867, 868, 869, 870, 871, 872, 873, 874]","[0, 1, 2, 3, 4, 5, 6, 7, 8, 9, 10, 11, 12, 13, 14, 15, 16, 17, 18, 19, 20, 21, 22, 23, 24, 25, 26, 27, 28, 29, 30, 31, 32, 33, 34, 35, 36, 37, 38, 39, 40, 41, 42, 43, 44, 45, 46, 47, 48, 49, 50, 51, 52, 53, 54, 55, 56, 57, 58, 59, 60, 61, 62, 63, 64, 65, 66, 67, 68, 69, 70, 71, 72, 73, 74, 75, 76, 77, 78, 79, 80, 81, 82, 83, 84, 85, 86, 87, 88, 89, 90, 91, 92, 93, 94, 95, 96, 97, 98, 99, 100, 101, 102, 528, 529, 530, 621, 513, 531, 628, 532, 629, 630, 631, 632, 533, 633, 634, 635, 636, 534, 637, 638, 639, 535, 514, 536, 537, 654, 538, 150, 539, 668, 540, 156, 157, 158, 515, 541, 159, 160, 161, 162, 542, 163, 164, 165, 166, 543, 167, 168, 544, 545, 183, 696, 516, 546, 547, 197, 548, 549, 550, 517, 551, 552, 553, 554, 232, 555, 518, 556, 557, 558, 559, 560, 519, 561, 562, 563, 564, 790, 792, 565, 796, 797, 520, 798, 566, 799, 800, 801, 567, 568, 569, 570, 521, 571, 572, 573, 334, 522, 340, 341, 342, 343, 344, 857, 345, 346, 863, 864, 865, 866, 867, 868, 869, 870, 871, 872, 523, 873, 874, 878, 524, 902, 919, 525, 412, 413, 414, 415, 928, 929, 416, 417, 932, 418, 934, 935, 419, 420, 426, 421, 422, 512, 526, 455, 527, 472, 477, 478, 480, 483, 484, 485, 486, 487, 488, 489, 490, 491, 492, 493, 494, 495, 496, 497, 498, 499, 500, 501, 502, 503, 504, 505, 506, 507, 508, 509, 510, 511]",True,"[23, 507]","[0, 1, 2, 3, 4, 5, 6, 7, 8, 9, 10, 11, 12, 13, 14, 15, 16, 17, 18, 19, 20, 21, 22, 23, 24, 25, 26, 27, 28, 29, 30, 31, 32, 33, 34, 35, 36, 37, 38, 39, 40, 41, 42, 43, 44, 45, 46, 47, 48, 49, 50, 51, 52, 53, 54, 55, 56, 57, 58, 59, 60, 61, 62, 63, 64, 65, 66, 67, 68, 69, 70, 71, 72, 73, 74, 75, 76, 77, 78, 79, 80, 81, 82, 83, 84, 85, 86, 87, 88, 89, 90, 91, 92, 93, 94, 95, 96, 97, 98, 99, 100, 101, 102, 485, 486, 487, 488, 489, 490, 491, 492, 493, 494, 495, 496, 497, 498, 499, 500, 501, 502, 503, 504, 505, 506, 507, 508, 509, 510, 511, 512, 513, 514, 515, 516, 517, 518, 519, 520, 521, 522, 523, 524, 525, 526, 527, 528, 529, 530, 531, 532, 533, 534, 535, 536, 537, 538, 539, 540, 541, 542, 543, 544, 545, 546, 547, 548, 549, 550, 551, 552, 553, 554, 555, 556, 557, 558, 559, 560, 561, 562, 563, 564, 565, 566, 567, 568, 569, 570, 571, 572, 573]","[23, 507]","[23, 150, 507, 621]","[4, 11, 18, 21, 23, 26, 27, 28, 31, 35, 36, 43, 45, 52, 55, 56, 60, 62, 64, 70, 71, 80, 90, 94, 97, 183, 197, 232, 334, 426, 455, 472, 477, 478, 480, 483, 484, 490, 496, 505, 507, 509, 510, 511, 514, 516, 517, 523, 525, 529, 532, 533, 536, 538, 545, 546, 552, 561, 565, 568, 654, 668, 696, 790, 857, 878, 902, 919, 928, 929, 932, 934, 935]","[17, 18, 19, 20, 21, 22, 23, 156, 157, 158, 159, 160, 161, 162, 163, 164, 165, 166, 167, 168, 340, 341, 342, 343, 344, 345, 346, 412, 413, 414, 415, 416, 417, 418, 419, 420, 421, 422, 502, 503, 504, 505, 506, 507, 628, 629, 630, 631, 632, 633, 634, 635, 636, 637, 638, 639, 792, 796, 797, 798, 799, 800, 801, 863, 864, 865, 866, 867, 868, 869, 870, 871, 872, 873, 874]","[17, 18, 19, 20, 21, 22, 23, 156, 157, 158, 159, 160, 161, 162, 163, 164, 165, 166, 167, 341, 342, 343, 344, 345, 412, 413, 414, 415, 416, 417, 418, 419, 420, 421, 422, 502, 503, 504, 505, 506, 507, 628, 629, 630, 631, 632, 633, 634, 635, 636, 637, 638, 639, 792, 797, 798, 799, 800, 801, 863, 864, 865, 866, 867, 868, 869, 870, 871, 872, 873, 874]",7/6 successful match,True,[339],True,182,False,,1.0,True,Flying J Travel Plaza 186 # 612 S ),Flying J
"E Camp Verde , 86322 Camp Verde Shell # 48",928-567-3886 I-17 Exit 287 ( AZ 260 ),24 HRS 24 MOO,Camp Verde,86322,Camp Verde Shell # 48,928-567-3886,2006,Camp Verde,AZ,Shell,( AZ 260 ),I-17 Exit 287 ,Exit,287,False,,False,I-17,,,,,"[1, 487]","[1, 487]","[1, 487]","[1, 487]","[0, 1, 2, 3, 4, 5, 6, 7, 8, 9, 10, 11, 12, 13, 14, 15, 16, 17, 18, 19, 20, 21, 22, 23, 24, 25, 26, 27, 28, 29, 30, 31, 32, 33, 34, 35, 36, 37, 38, 39, 40, 41, 42, 43, 44, 45, 46, 47, 48, 49, 50, 51, 52, 53, 54, 55, 56, 57, 58, 59, 60, 61, 62, 63, 64, 65, 66, 67, 68, 69, 70, 71, 72, 73, 74, 75, 76, 77, 78, 79, 80, 81, 82, 83, 84, 85, 86, 87, 88, 89, 90, 91, 92, 93, 94, 95, 96, 97, 98, 99, 100, 101, 102, 485, 486, 487, 488, 489, 490, 491, 492, 493, 494, 495, 496, 497, 498, 499, 500, 501, 502, 503, 504, 505, 506, 507, 508, 509, 510, 511, 512, 513, 514, 515, 516, 517, 518, 519, 520, 521, 522, 523, 524, 525, 526, 527, 528, 529, 530, 531, 532, 533, 534, 535, 536, 537, 538, 539, 540, 541, 542, 543, 544, 545, 546, 547, 548, 549, 550, 551, 552, 553, 554, 555, 556, 557, 558, 559, 560, 561, 562, 563, 564, 565, 566, 567, 568, 569, 570, 571, 572, 573]","[1, 13, 47, 53, 66, 212, 398, 487, 498, 527, 541, 682, 903]","[1, 13, 14, 29, 54, 55, 56, 57, 58, 60, 102, 118, 125, 127, 130, 134, 146, 149, 153, 175, 182, 187, 189, 191, 197, 225, 230, 238, 264, 265, 266, 286, 302, 317, 336, 379, 388, 389, 425, 454, 458, 463, 475, 487, 498, 499, 512, 530, 531, 532, 533, 534, 536, 573, 589, 596, 598, 601, 605, 617, 620, 624, 646, 653, 658, 660, 662, 668, 689, 694, 702, 724, 725, 745, 760, 775, 793, 829, 838, 839, 877, 901, 903, 905, 910, 923]","[1, 13, 14, 29, 54, 55, 56, 57, 58, 60, 102, 118, 125, 127, 130, 134, 146, 149, 153, 175, 182, 187, 189, 191, 197, 225, 230, 238, 264, 265, 266, 286, 302, 317, 336, 354, 379, 388, 389, 425, 454, 458, 463, 475, 487, 498, 499, 512, 530, 531, 532, 533, 534, 536, 573, 589, 596, 598, 601, 605, 617, 620, 624, 646, 653, 658, 660, 662, 668, 689, 694, 702, 724, 725, 745, 760, 775, 793, 809, 829, 838, 839, 877, 901, 903, 905, 910, 923]","[0, 1, 2, 3, 4, 5, 6, 7, 8, 9, 10, 11, 12, 13, 14, 15, 16, 17, 18, 19, 20, 21, 22, 23, 24, 25, 26, 27, 28, 29, 30, 31, 32, 33, 34, 35, 36, 37, 38, 39, 40, 41, 42, 43, 44, 45, 46, 47, 48, 49, 50, 51, 52, 53, 54, 55, 56, 57, 58, 59, 60, 61, 62, 63, 64, 65, 66, 67, 68, 69, 70, 71, 72, 73, 74, 75, 76, 77, 78, 79, 80, 81, 82, 83, 84, 85, 86, 87, 88, 89, 90, 91, 92, 93, 94, 95, 96, 97, 98, 99, 100, 101, 102, 528, 529, 617, 530, 620, 513, 531, 624, 532, 118, 533, 125, 534, 127, 130, 535, 134, 646, 514, 536, 653, 537, 146, 538, 658, 149, 660, 662, 539, 153, 668, 540, 515, 541, 542, 682, 543, 175, 689, 544, 182, 545, 694, 516, 187, 546, 189, 702, 191, 547, 197, 548, 549, 550, 517, 212, 551, 724, 725, 552, 553, 225, 554, 230, 555, 745, 518, 556, 238, 557, 558, 760, 559, 560, 519, 561, 264, 265, 266, 775, 562, 563, 564, 793, 565, 520, 286, 566, 567, 809, 568, 302, 569, 570, 521, 571, 317, 572, 829, 573, 838, 839, 522, 336, 354, 523, 877, 379, 524, 388, 389, 901, 903, 905, 398, 910, 589, 525, 923, 425, 512, 526, 596, 598, 454, 458, 527, 463, 601, 475, 605, 485, 486, 487, 488, 489, 490, 491, 492, 493, 494, 495, 496, 497, 498, 499, 500, 501, 502, 503, 504, 505, 506, 507, 508, 509, 510, 511]",True,"[1, 487]","[0, 1, 2, 3, 4, 5, 6, 7, 8, 9, 10, 11, 12, 13, 14, 15, 16, 17, 18, 19, 20, 21, 22, 23, 24, 25, 26, 27, 28, 29, 30, 31, 32, 33, 34, 35, 36, 37, 38, 39, 40, 41, 42, 43, 44, 45, 46, 47, 48, 49, 50, 51, 52, 53, 54, 55, 56, 57, 58, 59, 60, 61, 62, 63, 64, 65, 66, 67, 68, 69, 70, 71, 72, 73, 74, 75, 76, 77, 78, 79, 80, 81, 82, 83, 84, 85, 86, 87, 88, 89, 90, 91, 92, 93, 94, 95, 96, 97, 98, 99, 100, 101, 102, 485, 486, 487, 488, 489, 490, 491, 492, 493, 494, 495, 496, 497, 498, 499, 500, 501, 502, 503, 504, 505, 506, 507, 508, 509, 510, 511, 512, 513, 514, 515, 516, 517, 518, 519, 520, 521, 522, 523, 524, 525, 526, 527, 528, 529, 530, 531, 532, 533, 534, 535, 536, 537, 538, 539, 540, 541, 542, 543, 544, 545, 546, 547, 548, 549, 550, 551, 552, 553, 554, 555, 556, 557, 558, 559, 560, 561, 562, 563, 564, 565, 566, 567, 568, 569, 570, 571, 572, 573]","[1, 487]","[1, 487]","[1, 13, 47, 53, 66, 212, 398, 487, 498, 527, 541, 682, 903]","[1, 13, 14, 29, 54, 55, 56, 57, 58, 60, 102, 118, 125, 127, 130, 134, 146, 149, 153, 175, 182, 187, 189, 191, 197, 225, 230, 238, 264, 265, 266, 286, 302, 317, 336, 354, 379, 388, 389, 425, 454, 458, 463, 475, 487, 498, 499, 512, 530, 531, 532, 533, 534, 536, 573, 589, 596, 598, 601, 605, 617, 620, 624, 646, 653, 658, 660, 662, 668, 689, 694, 702, 724, 725, 745, 760, 775, 793, 809, 829, 838, 839, 877, 901, 903, 905, 910, 923]","[1, 13, 14, 29, 54, 55, 56, 57, 58, 60, 102, 118, 125, 127, 130, 134, 146, 149, 153, 175, 182, 187, 189, 191, 197, 225, 230, 238, 264, 265, 266, 286, 302, 317, 336, 379, 388, 389, 425, 454, 458, 463, 475, 487, 498, 499, 512, 530, 531, 532, 533, 534, 536, 573, 589, 596, 598, 601, 605, 617, 620, 624, 646, 653, 658, 660, 662, 668, 689, 694, 702, 724, 725, 745, 760, 775, 793, 829, 838, 839, 877, 901, 903, 905, 910, 923]",7/6 successful match,True,"[425, 426, 427]",True,183,False,,,,,
"E Camp Verde , 86322 Camp Verde Shell # 48",928-567-3886 I-17 Exit 287 ( AZ 260 ),FRS 000,Camp Verde,86322,Camp Verde Shell # 48,928-567-3886,2007,Camp Verde,AZ,Shell,( AZ 260 ),I-17 Exit 287 ,Exit,287,False,,False,I-17,,,,,"[1, 487]","[1, 487]","[1, 487]","[1, 487]","[0, 1, 2, 3, 4, 5, 6, 7, 8, 9, 10, 11, 12, 13, 14, 15, 16, 17, 18, 19, 20, 21, 22, 23, 24, 25, 26, 27, 28, 29, 30, 31, 32, 33, 34, 35, 36, 37, 38, 39, 40, 41, 42, 43, 44, 45, 46, 47, 48, 49, 50, 51, 52, 53, 54, 55, 56, 57, 58, 59, 60, 61, 62, 63, 64, 65, 66, 67, 68, 69, 70, 71, 72, 73, 74, 75, 76, 77, 78, 79, 80, 81, 82, 83, 84, 85, 86, 87, 88, 89, 90, 91, 92, 93, 94, 95, 96, 97, 98, 99, 100, 101, 102, 485, 486, 487, 488, 489, 490, 491, 492, 493, 494, 495, 496, 497, 498, 499, 500, 501, 502, 503, 504, 505, 506, 507, 508, 509, 510, 511, 512, 513, 514, 515, 516, 517, 518, 519, 520, 521, 522, 523, 524, 525, 526, 527, 528, 529, 530, 531, 532, 533, 534, 535, 536, 537, 538, 539, 540, 541, 542, 543, 544, 545, 546, 547, 548, 549, 550, 551, 552, 553, 554, 555, 556, 557, 558, 559, 560, 561, 562, 563, 564, 565, 566, 567, 568, 569, 570, 571, 572, 573]","[1, 13, 47, 53, 66, 212, 398, 487, 498, 527, 541, 682, 903]","[1, 13, 14, 29, 54, 55, 56, 57, 58, 60, 102, 118, 125, 127, 130, 134, 146, 149, 153, 175, 182, 187, 189, 191, 197, 225, 230, 238, 264, 265, 266, 286, 302, 317, 336, 379, 388, 389, 425, 454, 458, 463, 475, 487, 498, 499, 512, 530, 531, 532, 533, 534, 536, 573, 589, 596, 598, 601, 605, 617, 620, 624, 646, 653, 658, 660, 662, 668, 689, 694, 702, 724, 725, 745, 760, 775, 793, 829, 838, 839, 877, 901, 903, 905, 910, 923]","[1, 13, 14, 29, 54, 55, 56, 57, 58, 60, 102, 118, 125, 127, 130, 134, 146, 149, 153, 175, 182, 187, 189, 191, 197, 225, 230, 238, 264, 265, 266, 286, 302, 317, 336, 354, 379, 388, 389, 425, 454, 458, 463, 475, 487, 498, 499, 512, 530, 531, 532, 533, 534, 536, 573, 589, 596, 598, 601, 605, 617, 620, 624, 646, 653, 658, 660, 662, 668, 689, 694, 702, 724, 725, 745, 760, 775, 793, 809, 829, 838, 839, 877, 901, 903, 905, 910, 923]","[0, 1, 2, 3, 4, 5, 6, 7, 8, 9, 10, 11, 12, 13, 14, 15, 16, 17, 18, 19, 20, 21, 22, 23, 24, 25, 26, 27, 28, 29, 30, 31, 32, 33, 34, 35, 36, 37, 38, 39, 40, 41, 42, 43, 44, 45, 46, 47, 48, 49, 50, 51, 52, 53, 54, 55, 56, 57, 58, 59, 60, 61, 62, 63, 64, 65, 66, 67, 68, 69, 70, 71, 72, 73, 74, 75, 76, 77, 78, 79, 80, 81, 82, 83, 84, 85, 86, 87, 88, 89, 90, 91, 92, 93, 94, 95, 96, 97, 98, 99, 100, 101, 102, 528, 529, 617, 530, 620, 513, 531, 624, 532, 118, 533, 125, 534, 127, 130, 535, 134, 646, 514, 536, 653, 537, 146, 538, 658, 149, 660, 662, 539, 153, 668, 540, 515, 541, 542, 682, 543, 175, 689, 544, 182, 545, 694, 516, 187, 546, 189, 702, 191, 547, 197, 548, 549, 550, 517, 212, 551, 724, 725, 552, 553, 225, 554, 230, 555, 745, 518, 556, 238, 557, 558, 760, 559, 560, 519, 561, 264, 265, 266, 775, 562, 563, 564, 793, 565, 520, 286, 566, 567, 809, 568, 302, 569, 570, 521, 571, 317, 572, 829, 573, 838, 839, 522, 336, 354, 523, 877, 379, 524, 388, 389, 901, 903, 905, 398, 910, 589, 525, 923, 425, 512, 526, 596, 598, 454, 458, 527, 463, 601, 475, 605, 485, 486, 487, 488, 489, 490, 491, 492, 493, 494, 495, 496, 497, 498, 499, 500, 501, 502, 503, 504, 505, 506, 507, 508, 509, 510, 511]",True,"[1, 487]","[0, 1, 2, 3, 4, 5, 6, 7, 8, 9, 10, 11, 12, 13, 14, 15, 16, 17, 18, 19, 20, 21, 22, 23, 24, 25, 26, 27, 28, 29, 30, 31, 32, 33, 34, 35, 36, 37, 38, 39, 40, 41, 42, 43, 44, 45, 46, 47, 48, 49, 50, 51, 52, 53, 54, 55, 56, 57, 58, 59, 60, 61, 62, 63, 64, 65, 66, 67, 68, 69, 70, 71, 72, 73, 74, 75, 76, 77, 78, 79, 80, 81, 82, 83, 84, 85, 86, 87, 88, 89, 90, 91, 92, 93, 94, 95, 96, 97, 98, 99, 100, 101, 102, 485, 486, 487, 488, 489, 490, 491, 492, 493, 494, 495, 496, 497, 498, 499, 500, 501, 502, 503, 504, 505, 506, 507, 508, 509, 510, 511, 512, 513, 514, 515, 516, 517, 518, 519, 520, 521, 522, 523, 524, 525, 526, 527, 528, 529, 530, 531, 532, 533, 534, 535, 536, 537, 538, 539, 540, 541, 542, 543, 544, 545, 546, 547, 548, 549, 550, 551, 552, 553, 554, 555, 556, 557, 558, 559, 560, 561, 562, 563, 564, 565, 566, 567, 568, 569, 570, 571, 572, 573]","[1, 487]","[1, 487]","[1, 13, 47, 53, 66, 212, 398, 487, 498, 527, 541, 682, 903]","[1, 13, 14, 29, 54, 55, 56, 57, 58, 60, 102, 118, 125, 127, 130, 134, 146, 149, 153, 175, 182, 187, 189, 191, 197, 225, 230, 238, 264, 265, 266, 286, 302, 317, 336, 354, 379, 388, 389, 425, 454, 458, 463, 475, 487, 498, 499, 512, 530, 531, 532, 533, 534, 536, 573, 589, 596, 598, 601, 605, 617, 620, 624, 646, 653, 658, 660, 662, 668, 689, 694, 702, 724, 725, 745, 760, 775, 793, 809, 829, 838, 839, 877, 901, 903, 905, 910, 923]","[1, 13, 14, 29, 54, 55, 56, 57, 58, 60, 102, 118, 125, 127, 130, 134, 146, 149, 153, 175, 182, 187, 189, 191, 197, 225, 230, 238, 264, 265, 266, 286, 302, 317, 336, 379, 388, 389, 425, 454, 458, 463, 475, 487, 498, 499, 512, 530, 531, 532, 533, 534, 536, 573, 589, 596, 598, 601, 605, 617, 620, 624, 646, 653, 658, 660, 662, 668, 689, 694, 702, 724, 725, 745, 760, 775, 793, 829, 838, 839, 877, 901, 903, 905, 910, 923]",7/6 successful match,True,"[425, 426, 427]",True,183,False,,1.0,True,Camp Verde Shell # 48,Shell
"Camp Verde , 86322 Camp Verde Shell # 48",4 928-567-3886 I-17 Exit 287 ( AZ 260 ),24 HRS 469 <U+2610><U+2610>,Camp Verde,86322,Camp Verde Shell # 48,928-567-3886,2008,Camp Verde,AZ,Shell,( AZ 260 ),I-17 Exit 287 ,Exit,287,False,,False,I-17,,,,,"[1, 487]","[1, 487]","[1, 487]","[1, 487]","[0, 1, 2, 3, 4, 5, 6, 7, 8, 9, 10, 11, 12, 13, 14, 15, 16, 17, 18, 19, 20, 21, 22, 23, 24, 25, 26, 27, 28, 29, 30, 31, 32, 33, 34, 35, 36, 37, 38, 39, 40, 41, 42, 43, 44, 45, 46, 47, 48, 49, 50, 51, 52, 53, 54, 55, 56, 57, 58, 59, 60, 61, 62, 63, 64, 65, 66, 67, 68, 69, 70, 71, 72, 73, 74, 75, 76, 77, 78, 79, 80, 81, 82, 83, 84, 85, 86, 87, 88, 89, 90, 91, 92, 93, 94, 95, 96, 97, 98, 99, 100, 101, 102, 485, 486, 487, 488, 489, 490, 491, 492, 493, 494, 495, 496, 497, 498, 499, 500, 501, 502, 503, 504, 505, 506, 507, 508, 509, 510, 511, 512, 513, 514, 515, 516, 517, 518, 519, 520, 521, 522, 523, 524, 525, 526, 527, 528, 529, 530, 531, 532, 533, 534, 535, 536, 537, 538, 539, 540, 541, 542, 543, 544, 545, 546, 547, 548, 549, 550, 551, 552, 553, 554, 555, 556, 557, 558, 559, 560, 561, 562, 563, 564, 565, 566, 567, 568, 569, 570, 571, 572, 573]","[1, 13, 47, 53, 66, 212, 398, 487, 498, 527, 541, 682, 903]","[1, 13, 14, 29, 54, 55, 56, 57, 58, 60, 102, 118, 125, 127, 130, 134, 146, 149, 153, 175, 182, 187, 189, 191, 197, 225, 230, 238, 264, 265, 266, 286, 302, 317, 336, 379, 388, 389, 425, 454, 458, 463, 475, 487, 498, 499, 512, 530, 531, 532, 533, 534, 536, 573, 589, 596, 598, 601, 605, 617, 620, 624, 646, 653, 658, 660, 662, 668, 689, 694, 702, 724, 725, 745, 760, 775, 793, 829, 838, 839, 877, 901, 903, 905, 910, 923]","[1, 13, 14, 29, 54, 55, 56, 57, 58, 60, 102, 118, 125, 127, 130, 134, 146, 149, 153, 175, 182, 187, 189, 191, 197, 225, 230, 238, 264, 265, 266, 286, 302, 317, 336, 354, 379, 388, 389, 425, 454, 458, 463, 475, 487, 498, 499, 512, 530, 531, 532, 533, 534, 536, 573, 589, 596, 598, 601, 605, 617, 620, 624, 646, 653, 658, 660, 662, 668, 689, 694, 702, 724, 725, 745, 760, 775, 793, 809, 829, 838, 839, 877, 901, 903, 905, 910, 923]","[0, 1, 2, 3, 4, 5, 6, 7, 8, 9, 10, 11, 12, 13, 14, 15, 16, 17, 18, 19, 20, 21, 22, 23, 24, 25, 26, 27, 28, 29, 30, 31, 32, 33, 34, 35, 36, 37, 38, 39, 40, 41, 42, 43, 44, 45, 46, 47, 48, 49, 50, 51, 52, 53, 54, 55, 56, 57, 58, 59, 60, 61, 62, 63, 64, 65, 66, 67, 68, 69, 70, 71, 72, 73, 74, 75, 76, 77, 78, 79, 80, 81, 82, 83, 84, 85, 86, 87, 88, 89, 90, 91, 92, 93, 94, 95, 96, 97, 98, 99, 100, 101, 102, 528, 529, 617, 530, 620, 513, 531, 624, 532, 118, 533, 125, 534, 127, 130, 535, 134, 646, 514, 536, 653, 537, 146, 538, 658, 149, 660, 662, 539, 153, 668, 540, 515, 541, 542, 682, 543, 175, 689, 544, 182, 545, 694, 516, 187, 546, 189, 702, 191, 547, 197, 548, 549, 550, 517, 212, 551, 724, 725, 552, 553, 225, 554, 230, 555, 745, 518, 556, 238, 557, 558, 760, 559, 560, 519, 561, 264, 265, 266, 775, 562, 563, 564, 793, 565, 520, 286, 566, 567, 809, 568, 302, 569, 570, 521, 571, 317, 572, 829, 573, 838, 839, 522, 336, 354, 523, 877, 379, 524, 388, 389, 901, 903, 905, 398, 910, 589, 525, 923, 425, 512, 526, 596, 598, 454, 458, 527, 463, 601, 475, 605, 485, 486, 487, 488, 489, 490, 491, 492, 493, 494, 495, 496, 497, 498, 499, 500, 501, 502, 503, 504, 505, 506, 507, 508, 509, 510, 511]",True,"[1, 487]","[0, 1, 2, 3, 4, 5, 6, 7, 8, 9, 10, 11, 12, 13, 14, 15, 16, 17, 18, 19, 20, 21, 22, 23, 24, 25, 26, 27, 28, 29, 30, 31, 32, 33, 34, 35, 36, 37, 38, 39, 40, 41, 42, 43, 44, 45, 46, 47, 48, 49, 50, 51, 52, 53, 54, 55, 56, 57, 58, 59, 60, 61, 62, 63, 64, 65, 66, 67, 68, 69, 70, 71, 72, 73, 74, 75, 76, 77, 78, 79, 80, 81, 82, 83, 84, 85, 86, 87, 88, 89, 90, 91, 92, 93, 94, 95, 96, 97, 98, 99, 100, 101, 102, 485, 486, 487, 488, 489, 490, 491, 492, 493, 494, 495, 496, 497, 498, 499, 500, 501, 502, 503, 504, 505, 506, 507, 508, 509, 510, 511, 512, 513, 514, 515, 516, 517, 518, 519, 520, 521, 522, 523, 524, 525, 526, 527, 528, 529, 530, 531, 532, 533, 534, 535, 536, 537, 538, 539, 540, 541, 542, 543, 544, 545, 546, 547, 548, 549, 550, 551, 552, 553, 554, 555, 556, 557, 558, 559, 560, 561, 562, 563, 564, 565, 566, 567, 568, 569, 570, 571, 572, 573]","[1, 487]","[1, 487]","[1, 13, 47, 53, 66, 212, 398, 487, 498, 527, 541, 682, 903]","[1, 13, 14, 29, 54, 55, 56, 57, 58, 60, 102, 118, 125, 127, 130, 134, 146, 149, 153, 175, 182, 187, 189, 191, 197, 225, 230, 238, 264, 265, 266, 286, 302, 317, 336, 354, 379, 388, 389, 425, 454, 458, 463, 475, 487, 498, 499, 512, 530, 531, 532, 533, 534, 536, 573, 589, 596, 598, 601, 605, 617, 620, 624, 646, 653, 658, 660, 662, 668, 689, 694, 702, 724, 725, 745, 760, 775, 793, 809, 829, 838, 839, 877, 901, 903, 905, 910, 923]","[1, 13, 14, 29, 54, 55, 56, 57, 58, 60, 102, 118, 125, 127, 130, 134, 146, 149, 153, 175, 182, 187, 189, 191, 197, 225, 230, 238, 264, 265, 266, 286, 302, 317, 336, 379, 388, 389, 425, 454, 458, 463, 475, 487, 498, 499, 512, 530, 531, 532, 533, 534, 536, 573, 589, 596, 598, 601, 605, 617, 620, 624, 646, 653, 658, 660, 662, 668, 689, 694, 702, 724, 725, 745, 760, 775, 793, 829, 838, 839, 877, 901, 903, 905, 910, 923]",7/6 successful match,True,"[425, 426, 427]",True,183,False,,1.0,True,Camp Verde Shell # 48,Shell
Camp Verde ( 86322 ) Camp Verde Shell # 48,928-567-3886 I-17 Exit 287 ( AZ 260 ),24 <U+2610> <U+2610>,Camp Verde,86322,Camp Verde Shell # 48,928-567-3886,2014,Camp Verde,AZ,Shell,( AZ 260 ),I-17 Exit 287 ,Exit,287,False,,False,I-17,,,,,"[1, 487]","[1, 487]","[1, 487]","[1, 487]","[0, 1, 2, 3, 4, 5, 6, 7, 8, 9, 10, 11, 12, 13, 14, 15, 16, 17, 18, 19, 20, 21, 22, 23, 24, 25, 26, 27, 28, 29, 30, 31, 32, 33, 34, 35, 36, 37, 38, 39, 40, 41, 42, 43, 44, 45, 46, 47, 48, 49, 50, 51, 52, 53, 54, 55, 56, 57, 58, 59, 60, 61, 62, 63, 64, 65, 66, 67, 68, 69, 70, 71, 72, 73, 74, 75, 76, 77, 78, 79, 80, 81, 82, 83, 84, 85, 86, 87, 88, 89, 90, 91, 92, 93, 94, 95, 96, 97, 98, 99, 100, 101, 102, 485, 486, 487, 488, 489, 490, 491, 492, 493, 494, 495, 496, 497, 498, 499, 500, 501, 502, 503, 504, 505, 506, 507, 508, 509, 510, 511, 512, 513, 514, 515, 516, 517, 518, 519, 520, 521, 522, 523, 524, 525, 526, 527, 528, 529, 530, 531, 532, 533, 534, 535, 536, 537, 538, 539, 540, 541, 542, 543, 544, 545, 546, 547, 548, 549, 550, 551, 552, 553, 554, 555, 556, 557, 558, 559, 560, 561, 562, 563, 564, 565, 566, 567, 568, 569, 570, 571, 572, 573]","[1, 13, 47, 53, 66, 212, 398, 487, 498, 527, 541, 682, 903]","[1, 13, 14, 29, 54, 55, 56, 57, 58, 60, 102, 118, 125, 127, 130, 134, 146, 149, 153, 175, 182, 187, 189, 191, 197, 225, 230, 238, 264, 265, 266, 286, 302, 317, 336, 379, 388, 389, 425, 454, 458, 463, 475, 487, 498, 499, 512, 530, 531, 532, 533, 534, 536, 573, 589, 596, 598, 601, 605, 617, 620, 624, 646, 653, 658, 660, 662, 668, 689, 694, 702, 724, 725, 745, 760, 775, 793, 829, 838, 839, 877, 901, 903, 905, 910, 923]","[1, 13, 14, 29, 54, 55, 56, 57, 58, 60, 102, 118, 125, 127, 130, 134, 146, 149, 153, 175, 182, 187, 189, 191, 197, 225, 230, 238, 264, 265, 266, 286, 302, 317, 336, 354, 379, 388, 389, 425, 454, 458, 463, 475, 487, 498, 499, 512, 530, 531, 532, 533, 534, 536, 573, 589, 596, 598, 601, 605, 617, 620, 624, 646, 653, 658, 660, 662, 668, 689, 694, 702, 724, 725, 745, 760, 775, 793, 809, 829, 838, 839, 877, 901, 903, 905, 910, 923]","[0, 1, 2, 3, 4, 5, 6, 7, 8, 9, 10, 11, 12, 13, 14, 15, 16, 17, 18, 19, 20, 21, 22, 23, 24, 25, 26, 27, 28, 29, 30, 31, 32, 33, 34, 35, 36, 37, 38, 39, 40, 41, 42, 43, 44, 45, 46, 47, 48, 49, 50, 51, 52, 53, 54, 55, 56, 57, 58, 59, 60, 61, 62, 63, 64, 65, 66, 67, 68, 69, 70, 71, 72, 73, 74, 75, 76, 77, 78, 79, 80, 81, 82, 83, 84, 85, 86, 87, 88, 89, 90, 91, 92, 93, 94, 95, 96, 97, 98, 99, 100, 101, 102, 528, 529, 617, 530, 620, 513, 531, 624, 532, 118, 533, 125, 534, 127, 130, 535, 134, 646, 514, 536, 653, 537, 146, 538, 658, 149, 660, 662, 539, 153, 668, 540, 515, 541, 542, 682, 543, 175, 689, 544, 182, 545, 694, 516, 187, 546, 189, 702, 191, 547, 197, 548, 549, 550, 517, 212, 551, 724, 725, 552, 553, 225, 554, 230, 555, 745, 518, 556, 238, 557, 558, 760, 559, 560, 519, 561, 264, 265, 266, 775, 562, 563, 564, 793, 565, 520, 286, 566, 567, 809, 568, 302, 569, 570, 521, 571, 317, 572, 829, 573, 838, 839, 522, 336, 354, 523, 877, 379, 524, 388, 389, 901, 903, 905, 398, 910, 589, 525, 923, 425, 512, 526, 596, 598, 454, 458, 527, 463, 601, 475, 605, 485, 486, 487, 488, 489, 490, 491, 492, 493, 494, 495, 496, 497, 498, 499, 500, 501, 502, 503, 504, 505, 506, 507, 508, 509, 510, 511]",True,"[1, 487]","[0, 1, 2, 3, 4, 5, 6, 7, 8, 9, 10, 11, 12, 13, 14, 15, 16, 17, 18, 19, 20, 21, 22, 23, 24, 25, 26, 27, 28, 29, 30, 31, 32, 33, 34, 35, 36, 37, 38, 39, 40, 41, 42, 43, 44, 45, 46, 47, 48, 49, 50, 51, 52, 53, 54, 55, 56, 57, 58, 59, 60, 61, 62, 63, 64, 65, 66, 67, 68, 69, 70, 71, 72, 73, 74, 75, 76, 77, 78, 79, 80, 81, 82, 83, 84, 85, 86, 87, 88, 89, 90, 91, 92, 93, 94, 95, 96, 97, 98, 99, 100, 101, 102, 485, 486, 487, 488, 489, 490, 491, 492, 493, 494, 495, 496, 497, 498, 499, 500, 501, 502, 503, 504, 505, 506, 507, 508, 509, 510, 511, 512, 513, 514, 515, 516, 517, 518, 519, 520, 521, 522, 523, 524, 525, 526, 527, 528, 529, 530, 531, 532, 533, 534, 535, 536, 537, 538, 539, 540, 541, 542, 543, 544, 545, 546, 547, 548, 549, 550, 551, 552, 553, 554, 555, 556, 557, 558, 559, 560, 561, 562, 563, 564, 565, 566, 567, 568, 569, 570, 571, 572, 573]","[1, 487]","[1, 487]","[1, 13, 47, 53, 66, 212, 398, 487, 498, 527, 541, 682, 903]","[1, 13, 14, 29, 54, 55, 56, 57, 58, 60, 102, 118, 125, 127, 130, 134, 146, 149, 153, 175, 182, 187, 189, 191, 197, 225, 230, 238, 264, 265, 266, 286, 302, 317, 336, 354, 379, 388, 389, 425, 454, 458, 463, 475, 487, 498, 499, 512, 530, 531, 532, 533, 534, 536, 573, 589, 596, 598, 601, 605, 617, 620, 624, 646, 653, 658, 660, 662, 668, 689, 694, 702, 724, 725, 745, 760, 775, 793, 809, 829, 838, 839, 877, 901, 903, 905, 910, 923]","[1, 13, 14, 29, 54, 55, 56, 57, 58, 60, 102, 118, 125, 127, 130, 134, 146, 149, 153, 175, 182, 187, 189, 191, 197, 225, 230, 238, 264, 265, 266, 286, 302, 317, 336, 379, 388, 389, 425, 454, 458, 463, 475, 487, 498, 499, 512, 530, 531, 532, 533, 534, 536, 573, 589, 596, 598, 601, 605, 617, 620, 624, 646, 653, 658, 660, 662, 668, 689, 694, 702, 724, 725, 745, 760, 775, 793, 829, 838, 839, 877, 901, 903, 905, 910, 923]",7/6 successful match,True,"[425, 426, 427]",True,183,False,,1.0,True,Camp Verde Shell # 48,Shell
Camp Verde ( 86322 ) Camp US 89 Verde & AZ 64 Shell # 48,928-567-3886 I-17 Exit 287 ( AZ 260 ),DRS 24 D,Camp Verde,86322,Camp US 89 Verde & AZ 64 Shell # 48,928-567-3886,2015,Camp Verde,AZ,Shell,( AZ 260 ),I-17 Exit 287 ,Exit,287,False,,False,I-17,,,,,"[1, 487]","[1, 487]","[1, 487]","[1, 487]","[0, 1, 2, 3, 4, 5, 6, 7, 8, 9, 10, 11, 12, 13, 14, 15, 16, 17, 18, 19, 20, 21, 22, 23, 24, 25, 26, 27, 28, 29, 30, 31, 32, 33, 34, 35, 36, 37, 38, 39, 40, 41, 42, 43, 44, 45, 46, 47, 48, 49, 50, 51, 52, 53, 54, 55, 56, 57, 58, 59, 60, 61, 62, 63, 64, 65, 66, 67, 68, 69, 70, 71, 72, 73, 74, 75, 76, 77, 78, 79, 80, 81, 82, 83, 84, 85, 86, 87, 88, 89, 90, 91, 92, 93, 94, 95, 96, 97, 98, 99, 100, 101, 102, 485, 486, 487, 488, 489, 490, 491, 492, 493, 494, 495, 496, 497, 498, 499, 500, 501, 502, 503, 504, 505, 506, 507, 508, 509, 510, 511, 512, 513, 514, 515, 516, 517, 518, 519, 520, 521, 522, 523, 524, 525, 526, 527, 528, 529, 530, 531, 532, 533, 534, 535, 536, 537, 538, 539, 540, 541, 542, 543, 544, 545, 546, 547, 548, 549, 550, 551, 552, 553, 554, 555, 556, 557, 558, 559, 560, 561, 562, 563, 564, 565, 566, 567, 568, 569, 570, 571, 572, 573]","[1, 13, 47, 53, 66, 212, 398, 487, 498, 527, 541, 682, 903]","[1, 13, 14, 29, 54, 55, 56, 57, 58, 60, 102, 118, 125, 127, 130, 134, 146, 149, 153, 175, 182, 187, 189, 191, 197, 225, 230, 238, 264, 265, 266, 286, 302, 317, 336, 379, 388, 389, 425, 454, 458, 463, 475, 487, 498, 499, 512, 530, 531, 532, 533, 534, 536, 573, 589, 596, 598, 601, 605, 617, 620, 624, 646, 653, 658, 660, 662, 668, 689, 694, 702, 724, 725, 745, 760, 775, 793, 829, 838, 839, 877, 901, 903, 905, 910, 923]","[1, 13, 14, 29, 54, 55, 56, 57, 58, 60, 102, 118, 125, 127, 130, 134, 146, 149, 153, 175, 182, 187, 189, 191, 197, 225, 230, 238, 264, 265, 266, 286, 302, 317, 336, 354, 379, 388, 389, 425, 454, 458, 463, 475, 487, 498, 499, 512, 530, 531, 532, 533, 534, 536, 573, 589, 596, 598, 601, 605, 617, 620, 624, 646, 653, 658, 660, 662, 668, 689, 694, 702, 724, 725, 745, 760, 775, 793, 809, 829, 838, 839, 877, 901, 903, 905, 910, 923]","[0, 1, 2, 3, 4, 5, 6, 7, 8, 9, 10, 11, 12, 13, 14, 15, 16, 17, 18, 19, 20, 21, 22, 23, 24, 25, 26, 27, 28, 29, 30, 31, 32, 33, 34, 35, 36, 37, 38, 39, 40, 41, 42, 43, 44, 45, 46, 47, 48, 49, 50, 51, 52, 53, 54, 55, 56, 57, 58, 59, 60, 61, 62, 63, 64, 65, 66, 67, 68, 69, 70, 71, 72, 73, 74, 75, 76, 77, 78, 79, 80, 81, 82, 83, 84, 85, 86, 87, 88, 89, 90, 91, 92, 93, 94, 95, 96, 97, 98, 99, 100, 101, 102, 528, 529, 617, 530, 620, 513, 531, 624, 532, 118, 533, 125, 534, 127, 130, 535, 134, 646, 514, 536, 653, 537, 146, 538, 658, 149, 660, 662, 539, 153, 668, 540, 515, 541, 542, 682, 543, 175, 689, 544, 182, 545, 694, 516, 187, 546, 189, 702, 191, 547, 197, 548, 549, 550, 517, 212, 551, 724, 725, 552, 553, 225, 554, 230, 555, 745, 518, 556, 238, 557, 558, 760, 559, 560, 519, 561, 264, 265, 266, 775, 562, 563, 564, 793, 565, 520, 286, 566, 567, 809, 568, 302, 569, 570, 521, 571, 317, 572, 829, 573, 838, 839, 522, 336, 354, 523, 877, 379, 524, 388, 389, 901, 903, 905, 398, 910, 589, 525, 923, 425, 512, 526, 596, 598, 454, 458, 527, 463, 601, 475, 605, 485, 486, 487, 488, 489, 490, 491, 492, 493, 494, 495, 496, 497, 498, 499, 500, 501, 502, 503, 504, 505, 506, 507, 508, 509, 510, 511]",True,"[1, 487]","[0, 1, 2, 3, 4, 5, 6, 7, 8, 9, 10, 11, 12, 13, 14, 15, 16, 17, 18, 19, 20, 21, 22, 23, 24, 25, 26, 27, 28, 29, 30, 31, 32, 33, 34, 35, 36, 37, 38, 39, 40, 41, 42, 43, 44, 45, 46, 47, 48, 49, 50, 51, 52, 53, 54, 55, 56, 57, 58, 59, 60, 61, 62, 63, 64, 65, 66, 67, 68, 69, 70, 71, 72, 73, 74, 75, 76, 77, 78, 79, 80, 81, 82, 83, 84, 85, 86, 87, 88, 89, 90, 91, 92, 93, 94, 95, 96, 97, 98, 99, 100, 101, 102, 485, 486, 487, 488, 489, 490, 491, 492, 493, 494, 495, 496, 497, 498, 499, 500, 501, 502, 503, 504, 505, 506, 507, 508, 509, 510, 511, 512, 513, 514, 515, 516, 517, 518, 519, 520, 521, 522, 523, 524, 525, 526, 527, 528, 529, 530, 531, 532, 533, 534, 535, 536, 537, 538, 539, 540, 541, 542, 543, 544, 545, 546, 547, 548, 549, 550, 551, 552, 553, 554, 555, 556, 557, 558, 559, 560, 561, 562, 563, 564, 565, 566, 567, 568, 569, 570, 571, 572, 573]","[1, 487]","[1, 487]","[1, 13, 47, 53, 66, 212, 398, 487, 498, 527, 541, 682, 903]","[1, 13, 14, 29, 54, 55, 56, 57, 58, 60, 102, 118, 125, 127, 130, 134, 146, 149, 153, 175, 182, 187, 189, 191, 197, 225, 230, 238, 264, 265, 266, 286, 302, 317, 336, 354, 379, 388, 389, 425, 454, 458, 463, 475, 487, 498, 499, 512, 530, 531, 532, 533, 534, 536, 573, 589, 596, 598, 601, 605, 617, 620, 624, 646, 653, 658, 660, 662, 668, 689, 694, 702, 724, 725, 745, 760, 775, 793, 809, 829, 838, 839, 877, 901, 903, 905, 910, 923]","[1, 13, 14, 29, 54, 55, 56, 57, 58, 60, 102, 118, 125, 127, 130, 134, 146, 149, 153, 175, 182, 187, 189, 191, 197, 225, 230, 238, 264, 265, 266, 286, 302, 317, 336, 379, 388, 389, 425, 454, 458, 463, 475, 487, 498, 499, 512, 530, 531, 532, 533, 534, 536, 573, 589, 596, 598, 601, 605, 617, 620, 624, 646, 653, 658, 660, 662, 668, 689, 694, 702, 724, 725, 745, 760, 775, 793, 829, 838, 839, 877, 901, 903, 905, 910, 923]",7/6 successful match,True,"[425, 426, 427]",True,183,False,,1.0,True,Camp Verde Shell # 48,Shell
Camp Verde ( 86322 ) Camp Verde Shell # 48,928-567-3886 I-17 Exit 287 ( AZ 260 ),24 <U+25A1>,Camp Verde,86322,Camp Verde Shell # 48,928-567-3886,2016,Camp Verde,AZ,Shell,( AZ 260 ),I-17 Exit 287 ,Exit,287,False,,False,I-17,,,,,"[1, 487]","[1, 487]","[1, 487]","[1, 487]","[0, 1, 2, 3, 4, 5, 6, 7, 8, 9, 10, 11, 12, 13, 14, 15, 16, 17, 18, 19, 20, 21, 22, 23, 24, 25, 26, 27, 28, 29, 30, 31, 32, 33, 34, 35, 36, 37, 38, 39, 40, 41, 42, 43, 44, 45, 46, 47, 48, 49, 50, 51, 52, 53, 54, 55, 56, 57, 58, 59, 60, 61, 62, 63, 64, 65, 66, 67, 68, 69, 70, 71, 72, 73, 74, 75, 76, 77, 78, 79, 80, 81, 82, 83, 84, 85, 86, 87, 88, 89, 90, 91, 92, 93, 94, 95, 96, 97, 98, 99, 100, 101, 102, 485, 486, 487, 488, 489, 490, 491, 492, 493, 494, 495, 496, 497, 498, 499, 500, 501, 502, 503, 504, 505, 506, 507, 508, 509, 510, 511, 512, 513, 514, 515, 516, 517, 518, 519, 520, 521, 522, 523, 524, 525, 526, 527, 528, 529, 530, 531, 532, 533, 534, 535, 536, 537, 538, 539, 540, 541, 542, 543, 544, 545, 546, 547, 548, 549, 550, 551, 552, 553, 554, 555, 556, 557, 558, 559, 560, 561, 562, 563, 564, 565, 566, 567, 568, 569, 570, 571, 572, 573]","[1, 13, 47, 53, 66, 212, 398, 487, 498, 527, 541, 682, 903]","[1, 13, 14, 29, 54, 55, 56, 57, 58, 60, 102, 118, 125, 127, 130, 134, 146, 149, 153, 175, 182, 187, 189, 191, 197, 225, 230, 238, 264, 265, 266, 286, 302, 317, 336, 379, 388, 389, 425, 454, 458, 463, 475, 487, 498, 499, 512, 530, 531, 532, 533, 534, 536, 573, 589, 596, 598, 601, 605, 617, 620, 624, 646, 653, 658, 660, 662, 668, 689, 694, 702, 724, 725, 745, 760, 775, 793, 829, 838, 839, 877, 901, 903, 905, 910, 923]","[1, 13, 14, 29, 54, 55, 56, 57, 58, 60, 102, 118, 125, 127, 130, 134, 146, 149, 153, 175, 182, 187, 189, 191, 197, 225, 230, 238, 264, 265, 266, 286, 302, 317, 336, 354, 379, 388, 389, 425, 454, 458, 463, 475, 487, 498, 499, 512, 530, 531, 532, 533, 534, 536, 573, 589, 596, 598, 601, 605, 617, 620, 624, 646, 653, 658, 660, 662, 668, 689, 694, 702, 724, 725, 745, 760, 775, 793, 809, 829, 838, 839, 877, 901, 903, 905, 910, 923]","[0, 1, 2, 3, 4, 5, 6, 7, 8, 9, 10, 11, 12, 13, 14, 15, 16, 17, 18, 19, 20, 21, 22, 23, 24, 25, 26, 27, 28, 29, 30, 31, 32, 33, 34, 35, 36, 37, 38, 39, 40, 41, 42, 43, 44, 45, 46, 47, 48, 49, 50, 51, 52, 53, 54, 55, 56, 57, 58, 59, 60, 61, 62, 63, 64, 65, 66, 67, 68, 69, 70, 71, 72, 73, 74, 75, 76, 77, 78, 79, 80, 81, 82, 83, 84, 85, 86, 87, 88, 89, 90, 91, 92, 93, 94, 95, 96, 97, 98, 99, 100, 101, 102, 528, 529, 617, 530, 620, 513, 531, 624, 532, 118, 533, 125, 534, 127, 130, 535, 134, 646, 514, 536, 653, 537, 146, 538, 658, 149, 660, 662, 539, 153, 668, 540, 515, 541, 542, 682, 543, 175, 689, 544, 182, 545, 694, 516, 187, 546, 189, 702, 191, 547, 197, 548, 549, 550, 517, 212, 551, 724, 725, 552, 553, 225, 554, 230, 555, 745, 518, 556, 238, 557, 558, 760, 559, 560, 519, 561, 264, 265, 266, 775, 562, 563, 564, 793, 565, 520, 286, 566, 567, 809, 568, 302, 569, 570, 521, 571, 317, 572, 829, 573, 838, 839, 522, 336, 354, 523, 877, 379, 524, 388, 389, 901, 903, 905, 398, 910, 589, 525, 923, 425, 512, 526, 596, 598, 454, 458, 527, 463, 601, 475, 605, 485, 486, 487, 488, 489, 490, 491, 492, 493, 494, 495, 496, 497, 498, 499, 500, 501, 502, 503, 504, 505, 506, 507, 508, 509, 510, 511]",True,"[1, 487]","[0, 1, 2, 3, 4, 5, 6, 7, 8, 9, 10, 11, 12, 13, 14, 15, 16, 17, 18, 19, 20, 21, 22, 23, 24, 25, 26, 27, 28, 29, 30, 31, 32, 33, 34, 35, 36, 37, 38, 39, 40, 41, 42, 43, 44, 45, 46, 47, 48, 49, 50, 51, 52, 53, 54, 55, 56, 57, 58, 59, 60, 61, 62, 63, 64, 65, 66, 67, 68, 69, 70, 71, 72, 73, 74, 75, 76, 77, 78, 79, 80, 81, 82, 83, 84, 85, 86, 87, 88, 89, 90, 91, 92, 93, 94, 95, 96, 97, 98, 99, 100, 101, 102, 485, 486, 487, 488, 489, 490, 491, 492, 493, 494, 495, 496, 497, 498, 499, 500, 501, 502, 503, 504, 505, 506, 507, 508, 509, 510, 511, 512, 513, 514, 515, 516, 517, 518, 519, 520, 521, 522, 523, 524, 525, 526, 527, 528, 529, 530, 531, 532, 533, 534, 535, 536, 537, 538, 539, 540, 541, 542, 543, 544, 545, 546, 547, 548, 549, 550, 551, 552, 553, 554, 555, 556, 557, 558, 559, 560, 561, 562, 563, 564, 565, 566, 567, 568, 569, 570, 571, 572, 573]","[1, 487]","[1, 487]","[1, 13, 47, 53, 66, 212, 398, 487, 498, 527, 541, 682, 903]","[1, 13, 14, 29, 54, 55, 56, 57, 58, 60, 102, 118, 125, 127, 130, 134, 146, 149, 153, 175, 182, 187, 189, 191, 197, 225, 230, 238, 264, 265, 266, 286, 302, 317, 336, 354, 379, 388, 389, 425, 454, 458, 463, 475, 487, 498, 499, 512, 530, 531, 532, 533, 534, 536, 573, 589, 596, 598, 601, 605, 617, 620, 624, 646, 653, 658, 660, 662, 668, 689, 694, 702, 724, 725, 745, 760, 775, 793, 809, 829, 838, 839, 877, 901, 903, 905, 910, 923]","[1, 13, 14, 29, 54, 55, 56, 57, 58, 60, 102, 118, 125, 127, 130, 134, 146, 149, 153, 175, 182, 187, 189, 191, 197, 225, 230, 238, 264, 265, 266, 286, 302, 317, 336, 379, 388, 389, 425, 454, 458, 463, 475, 487, 498, 499, 512, 530, 531, 532, 533, 534, 536, 573, 589, 596, 598, 601, 605, 617, 620, 624, 646, 653, 658, 660, 662, 668, 689, 694, 702, 724, 725, 745, 760, 775, 793, 829, 838, 839, 877, 901, 903, 905, 910, 923]",7/6 successful match,True,"[425, 426, 427]",True,183,False,,1.0,True,Camp US 89 Verde & AZ 64 Shell # 48,Shell
"Seligman , 86337 Johnson's Travel Center ( Chevron )",928-422-3540 I-40 Exit 123 ( Williamson Valley Rd S ),) 24 HRS,Seligman,86337,Johnson's Travel Center ( Chevron ),928-422-3540,2006,Seligman,AZ,Chevron,( Williamson Valley Rd S ),I-40 Exit 123 ,Exit,123,False,,False,I-40,,,,,"[28, 511]","[28, 511]","[28, 511]","[28, 511]","[0, 1, 2, 3, 4, 5, 6, 7, 8, 9, 10, 11, 12, 13, 14, 15, 16, 17, 18, 19, 20, 21, 22, 23, 24, 25, 26, 27, 28, 29, 30, 31, 32, 33, 34, 35, 36, 37, 38, 39, 40, 41, 42, 43, 44, 45, 46, 47, 48, 49, 50, 51, 52, 53, 54, 55, 56, 57, 58, 59, 60, 61, 62, 63, 64, 65, 66, 67, 68, 69, 70, 71, 72, 73, 74, 75, 76, 77, 78, 79, 80, 81, 82, 83, 84, 85, 86, 87, 88, 89, 90, 91, 92, 93, 94, 95, 96, 97, 98, 99, 100, 101, 102, 485, 486, 487, 488, 489, 490, 491, 492, 493, 494, 495, 496, 497, 498, 499, 500, 501, 502, 503, 504, 505, 506, 507, 508, 509, 510, 511, 512, 513, 514, 515, 516, 517, 518, 519, 520, 521, 522, 523, 524, 525, 526, 527, 528, 529, 530, 531, 532, 533, 534, 535, 536, 537, 538, 539, 540, 541, 542, 543, 544, 545, 546, 547, 548, 549, 550, 551, 552, 553, 554, 555, 556, 557, 558, 559, 560, 561, 562, 563, 564, 565, 566, 567, 568, 569, 570, 571, 572, 573]","[4, 11, 18, 21, 23, 26, 27, 28, 31, 35, 36, 43, 45, 52, 55, 56, 60, 62, 64, 70, 71, 80, 90, 94, 97, 183, 197, 232, 334, 426, 455, 472, 477, 478, 480, 483, 484, 490, 496, 505, 507, 509, 510, 511, 514, 516, 517, 523, 525, 529, 532, 533, 536, 538, 545, 546, 552, 561, 565, 568, 654, 668, 696, 790, 857, 878, 902, 919, 928, 929, 932, 934, 935]","[12, 24, 25, 28, 88, 100, 104, 119, 123, 129, 136, 137, 139, 140, 141, 148, 155, 169, 172, 179, 183, 185, 188, 196, 198, 217, 237, 267, 270, 278, 319, 321, 324, 325, 330, 334, 335, 354, 366, 369, 380, 383, 384, 386, 395, 407, 411, 423, 428, 436, 437, 452, 453, 456, 467, 471, 477, 478, 479, 497, 508, 511, 559, 571, 575, 590, 594, 600, 607, 608, 610, 611, 612, 619, 627, 640, 643, 650, 654, 656, 659, 667, 669, 685, 701, 726, 729, 737, 777, 779, 782, 783, 787, 790, 791, 809, 817, 819, 830, 833, 834, 836, 845, 856, 857, 860, 862, 875, 880, 887, 888, 899, 900, 914, 918, 921, 928, 929, 930]","[12, 24, 25, 28, 88, 100, 104, 119, 123, 129, 136, 137, 139, 140, 141, 148, 155, 169, 172, 179, 183, 185, 188, 196, 198, 217, 237, 267, 270, 278, 319, 321, 324, 325, 330, 334, 335, 354, 366, 369, 380, 383, 384, 386, 395, 407, 411, 423, 428, 436, 437, 452, 453, 456, 467, 471, 477, 478, 479, 497, 508, 511, 559, 571, 575, 590, 594, 600, 607, 608, 610, 611, 612, 619, 627, 640, 643, 650, 654, 656, 659, 667, 669, 685, 701, 726, 729, 737, 777, 779, 782, 783, 787, 790, 791, 809, 817, 819, 830, 833, 834, 836, 845, 856, 857, 860, 862, 875, 880, 887, 888, 899, 900, 914, 918, 921, 928, 929, 930]","[0, 1, 2, 3, 4, 5, 6, 7, 8, 9, 10, 11, 12, 13, 14, 15, 16, 17, 18, 19, 20, 21, 22, 23, 24, 25, 26, 27, 28, 29, 30, 31, 32, 33, 34, 35, 36, 37, 38, 39, 40, 41, 42, 43, 44, 45, 46, 47, 48, 49, 50, 51, 52, 53, 54, 55, 56, 57, 58, 59, 60, 61, 62, 63, 64, 65, 66, 67, 68, 69, 70, 71, 72, 73, 74, 75, 76, 77, 78, 79, 80, 81, 82, 83, 84, 85, 86, 87, 88, 89, 90, 91, 92, 93, 94, 95, 96, 97, 98, 99, 100, 101, 102, 104, 119, 123, 129, 136, 137, 139, 140, 141, 148, 155, 169, 172, 179, 183, 185, 188, 196, 197, 198, 217, 232, 237, 267, 270, 278, 319, 321, 324, 325, 330, 334, 335, 354, 366, 369, 380, 383, 384, 386, 395, 407, 411, 423, 426, 428, 436, 437, 452, 453, 455, 456, 467, 471, 472, 477, 478, 479, 480, 483, 484, 485, 486, 487, 488, 489, 490, 491, 492, 493, 494, 495, 496, 497, 498, 499, 500, 501, 502, 503, 504, 505, 506, 507, 508, 509, 510, 511, 512, 513, 514, 515, 516, 517, 518, 519, 520, 521, 522, 523, 524, 525, 526, 527, 528, 529, 530, 531, 532, 533, 534, 535, 536, 537, 538, 539, 540, 541, 542, 543, 544, 545, 546, 547, 548, 549, 550, 551, 552, 553, 554, 555, 556, 557, 558, 559, 560, 561, 562, 563, 564, 565, 566, 567, 568, 569, 570, 571, 572, 573, 575, 590, 594, 600, 607, 608, 610, 611, 612, 619, 627, 640, 643, 650, 654, 656, 659, 667, 668, 669, 685, 696, 701, 726, 729, 737, 777, 779, 782, 783, 787, 790, 791, 809, 817, 819, 830, 833, 834, 836, 845, 856, 857, 860, 862, 875, 878, 880, 887, 888, 899, 900, 902, 914, 918, 919, 921, 928, 929, 930, 932, 934, 935]",True,"[28, 511]","[0, 1, 2, 3, 4, 5, 6, 7, 8, 9, 10, 11, 12, 13, 14, 15, 16, 17, 18, 19, 20, 21, 22, 23, 24, 25, 26, 27, 28, 29, 30, 31, 32, 33, 34, 35, 36, 37, 38, 39, 40, 41, 42, 43, 44, 45, 46, 47, 48, 49, 50, 51, 52, 53, 54, 55, 56, 57, 58, 59, 60, 61, 62, 63, 64, 65, 66, 67, 68, 69, 70, 71, 72, 73, 74, 75, 76, 77, 78, 79, 80, 81, 82, 83, 84, 85, 86, 87, 88, 89, 90, 91, 92, 93, 94, 95, 96, 97, 98, 99, 100, 101, 102, 485, 486, 487, 488, 489, 490, 491, 492, 493, 494, 495, 496, 497, 498, 499, 500, 501, 502, 503, 504, 505, 506, 507, 508, 509, 510, 511, 512, 513, 514, 515, 516, 517, 518, 519, 520, 521, 522, 523, 524, 525, 526, 527, 528, 529, 530, 531, 532, 533, 534, 535, 536, 537, 538, 539, 540, 541, 542, 543, 544, 545, 546, 547, 548, 549, 550, 551, 552, 553, 554, 555, 556, 557, 558, 559, 560, 561, 562, 563, 564, 565, 566, 567, 568, 569, 570, 571, 572, 573]","[28, 511]","[28, 511]","[4, 11, 18, 21, 23, 26, 27, 28, 31, 35, 36, 43, 45, 52, 55, 56, 60, 62, 64, 70, 71, 80, 90, 94, 97, 183, 197, 232, 334, 426, 455, 472, 477, 478, 480, 483, 484, 490, 496, 505, 507, 509, 510, 511, 514, 516, 517, 523, 525, 529, 532, 533, 536, 538, 545, 546, 552, 561, 565, 568, 654, 668, 696, 790, 857, 878, 902, 919, 928, 929, 932, 934, 935]","[12, 24, 25, 28, 88, 100, 104, 119, 123, 129, 136, 137, 139, 140, 141, 148, 155, 169, 172, 179, 183, 185, 188, 196, 198, 217, 237, 267, 270, 278, 319, 321, 324, 325, 330, 334, 335, 354, 366, 369, 380, 383, 384, 386, 395, 407, 411, 423, 428, 436, 437, 452, 453, 456, 467, 471, 477, 478, 479, 497, 508, 511, 559, 571, 575, 590, 594, 600, 607, 608, 610, 611, 612, 619, 627, 640, 643, 650, 654, 656, 659, 667, 669, 685, 701, 726, 729, 737, 777, 779, 782, 783, 787, 790, 791, 809, 817, 819, 830, 833, 834, 836, 845, 856, 857, 860, 862, 875, 880, 887, 888, 899, 900, 914, 918, 921, 928, 929, 930]","[12, 24, 25, 28, 88, 100, 104, 119, 123, 129, 136, 137, 139, 140, 141, 148, 155, 169, 172, 179, 183, 185, 188, 196, 198, 217, 237, 267, 270, 278, 319, 321, 324, 325, 330, 334, 335, 354, 366, 369, 380, 383, 384, 386, 395, 407, 411, 423, 428, 436, 437, 452, 453, 456, 467, 471, 477, 478, 479, 497, 508, 511, 559, 571, 575, 590, 594, 600, 607, 608, 610, 611, 612, 619, 627, 640, 643, 650, 654, 656, 659, 667, 669, 685, 701, 726, 729, 737, 777, 779, 782, 783, 787, 790, 791, 809, 817, 819, 830, 833, 834, 836, 845, 856, 857, 860, 862, 875, 880, 887, 888, 899, 900, 914, 918, 921, 928, 929, 930]",7/6 successful match,True,"[168, 169]",True,184,False,,,,,
"Seligman , 86337 Johnson's Travel Center ( Chevron )",928-422-3540 I-40 Exit 123 ( Williamson Valley Rd S ),) S ) HRS 24 M,Seligman,86337,Johnson's Travel Center ( Chevron ),928-422-3540,2007,Seligman,AZ,Chevron,( Williamson Valley Rd S ),I-40 Exit 123 ,Exit,123,False,,False,I-40,,,,,"[28, 511]","[28, 511]","[28, 511]","[28, 511]","[0, 1, 2, 3, 4, 5, 6, 7, 8, 9, 10, 11, 12, 13, 14, 15, 16, 17, 18, 19, 20, 21, 22, 23, 24, 25, 26, 27, 28, 29, 30, 31, 32, 33, 34, 35, 36, 37, 38, 39, 40, 41, 42, 43, 44, 45, 46, 47, 48, 49, 50, 51, 52, 53, 54, 55, 56, 57, 58, 59, 60, 61, 62, 63, 64, 65, 66, 67, 68, 69, 70, 71, 72, 73, 74, 75, 76, 77, 78, 79, 80, 81, 82, 83, 84, 85, 86, 87, 88, 89, 90, 91, 92, 93, 94, 95, 96, 97, 98, 99, 100, 101, 102, 485, 486, 487, 488, 489, 490, 491, 492, 493, 494, 495, 496, 497, 498, 499, 500, 501, 502, 503, 504, 505, 506, 507, 508, 509, 510, 511, 512, 513, 514, 515, 516, 517, 518, 519, 520, 521, 522, 523, 524, 525, 526, 527, 528, 529, 530, 531, 532, 533, 534, 535, 536, 537, 538, 539, 540, 541, 542, 543, 544, 545, 546, 547, 548, 549, 550, 551, 552, 553, 554, 555, 556, 557, 558, 559, 560, 561, 562, 563, 564, 565, 566, 567, 568, 569, 570, 571, 572, 573]","[4, 11, 18, 21, 23, 26, 27, 28, 31, 35, 36, 43, 45, 52, 55, 56, 60, 62, 64, 70, 71, 80, 90, 94, 97, 183, 197, 232, 334, 426, 455, 472, 477, 478, 480, 483, 484, 490, 496, 505, 507, 509, 510, 511, 514, 516, 517, 523, 525, 529, 532, 533, 536, 538, 545, 546, 552, 561, 565, 568, 654, 668, 696, 790, 857, 878, 902, 919, 928, 929, 932, 934, 935]","[12, 24, 25, 28, 88, 100, 104, 119, 123, 129, 136, 137, 139, 140, 141, 148, 155, 169, 172, 179, 183, 185, 188, 196, 198, 217, 237, 267, 270, 278, 319, 321, 324, 325, 330, 334, 335, 354, 366, 369, 380, 383, 384, 386, 395, 407, 411, 423, 428, 436, 437, 452, 453, 456, 467, 471, 477, 478, 479, 497, 508, 511, 559, 571, 575, 590, 594, 600, 607, 608, 610, 611, 612, 619, 627, 640, 643, 650, 654, 656, 659, 667, 669, 685, 701, 726, 729, 737, 777, 779, 782, 783, 787, 790, 791, 809, 817, 819, 830, 833, 834, 836, 845, 856, 857, 860, 862, 875, 880, 887, 888, 899, 900, 914, 918, 921, 928, 929, 930]","[12, 24, 25, 28, 88, 100, 104, 119, 123, 129, 136, 137, 139, 140, 141, 148, 155, 169, 172, 179, 183, 185, 188, 196, 198, 217, 237, 267, 270, 278, 319, 321, 324, 325, 330, 334, 335, 354, 366, 369, 380, 383, 384, 386, 395, 407, 411, 423, 428, 436, 437, 452, 453, 456, 467, 471, 477, 478, 479, 497, 508, 511, 559, 571, 575, 590, 594, 600, 607, 608, 610, 611, 612, 619, 627, 640, 643, 650, 654, 656, 659, 667, 669, 685, 701, 726, 729, 737, 777, 779, 782, 783, 787, 790, 791, 809, 817, 819, 830, 833, 834, 836, 845, 856, 857, 860, 862, 875, 880, 887, 888, 899, 900, 914, 918, 921, 928, 929, 930]","[0, 1, 2, 3, 4, 5, 6, 7, 8, 9, 10, 11, 12, 13, 14, 15, 16, 17, 18, 19, 20, 21, 22, 23, 24, 25, 26, 27, 28, 29, 30, 31, 32, 33, 34, 35, 36, 37, 38, 39, 40, 41, 42, 43, 44, 45, 46, 47, 48, 49, 50, 51, 52, 53, 54, 55, 56, 57, 58, 59, 60, 61, 62, 63, 64, 65, 66, 67, 68, 69, 70, 71, 72, 73, 74, 75, 76, 77, 78, 79, 80, 81, 82, 83, 84, 85, 86, 87, 88, 89, 90, 91, 92, 93, 94, 95, 96, 97, 98, 99, 100, 101, 102, 104, 119, 123, 129, 136, 137, 139, 140, 141, 148, 155, 169, 172, 179, 183, 185, 188, 196, 197, 198, 217, 232, 237, 267, 270, 278, 319, 321, 324, 325, 330, 334, 335, 354, 366, 369, 380, 383, 384, 386, 395, 407, 411, 423, 426, 428, 436, 437, 452, 453, 455, 456, 467, 471, 472, 477, 478, 479, 480, 483, 484, 485, 486, 487, 488, 489, 490, 491, 492, 493, 494, 495, 496, 497, 498, 499, 500, 501, 502, 503, 504, 505, 506, 507, 508, 509, 510, 511, 512, 513, 514, 515, 516, 517, 518, 519, 520, 521, 522, 523, 524, 525, 526, 527, 528, 529, 530, 531, 532, 533, 534, 535, 536, 537, 538, 539, 540, 541, 542, 543, 544, 545, 546, 547, 548, 549, 550, 551, 552, 553, 554, 555, 556, 557, 558, 559, 560, 561, 562, 563, 564, 565, 566, 567, 568, 569, 570, 571, 572, 573, 575, 590, 594, 600, 607, 608, 610, 611, 612, 619, 627, 640, 643, 650, 654, 656, 659, 667, 668, 669, 685, 696, 701, 726, 729, 737, 777, 779, 782, 783, 787, 790, 791, 809, 817, 819, 830, 833, 834, 836, 845, 856, 857, 860, 862, 875, 878, 880, 887, 888, 899, 900, 902, 914, 918, 919, 921, 928, 929, 930, 932, 934, 935]",True,"[28, 511]","[0, 1, 2, 3, 4, 5, 6, 7, 8, 9, 10, 11, 12, 13, 14, 15, 16, 17, 18, 19, 20, 21, 22, 23, 24, 25, 26, 27, 28, 29, 30, 31, 32, 33, 34, 35, 36, 37, 38, 39, 40, 41, 42, 43, 44, 45, 46, 47, 48, 49, 50, 51, 52, 53, 54, 55, 56, 57, 58, 59, 60, 61, 62, 63, 64, 65, 66, 67, 68, 69, 70, 71, 72, 73, 74, 75, 76, 77, 78, 79, 80, 81, 82, 83, 84, 85, 86, 87, 88, 89, 90, 91, 92, 93, 94, 95, 96, 97, 98, 99, 100, 101, 102, 485, 486, 487, 488, 489, 490, 491, 492, 493, 494, 495, 496, 497, 498, 499, 500, 501, 502, 503, 504, 505, 506, 507, 508, 509, 510, 511, 512, 513, 514, 515, 516, 517, 518, 519, 520, 521, 522, 523, 524, 525, 526, 527, 528, 529, 530, 531, 532, 533, 534, 535, 536, 537, 538, 539, 540, 541, 542, 543, 544, 545, 546, 547, 548, 549, 550, 551, 552, 553, 554, 555, 556, 557, 558, 559, 560, 561, 562, 563, 564, 565, 566, 567, 568, 569, 570, 571, 572, 573]","[28, 511]","[28, 511]","[4, 11, 18, 21, 23, 26, 27, 28, 31, 35, 36, 43, 45, 52, 55, 56, 60, 62, 64, 70, 71, 80, 90, 94, 97, 183, 197, 232, 334, 426, 455, 472, 477, 478, 480, 483, 484, 490, 496, 505, 507, 509, 510, 511, 514, 516, 517, 523, 525, 529, 532, 533, 536, 538, 545, 546, 552, 561, 565, 568, 654, 668, 696, 790, 857, 878, 902, 919, 928, 929, 932, 934, 935]","[12, 24, 25, 28, 88, 100, 104, 119, 123, 129, 136, 137, 139, 140, 141, 148, 155, 169, 172, 179, 183, 185, 188, 196, 198, 217, 237, 267, 270, 278, 319, 321, 324, 325, 330, 334, 335, 354, 366, 369, 380, 383, 384, 386, 395, 407, 411, 423, 428, 436, 437, 452, 453, 456, 467, 471, 477, 478, 479, 497, 508, 511, 559, 571, 575, 590, 594, 600, 607, 608, 610, 611, 612, 619, 627, 640, 643, 650, 654, 656, 659, 667, 669, 685, 701, 726, 729, 737, 777, 779, 782, 783, 787, 790, 791, 809, 817, 819, 830, 833, 834, 836, 845, 856, 857, 860, 862, 875, 880, 887, 888, 899, 900, 914, 918, 921, 928, 929, 930]","[12, 24, 25, 28, 88, 100, 104, 119, 123, 129, 136, 137, 139, 140, 141, 148, 155, 169, 172, 179, 183, 185, 188, 196, 198, 217, 237, 267, 270, 278, 319, 321, 324, 325, 330, 334, 335, 354, 366, 369, 380, 383, 384, 386, 395, 407, 411, 423, 428, 436, 437, 452, 453, 456, 467, 471, 477, 478, 479, 497, 508, 511, 559, 571, 575, 590, 594, 600, 607, 608, 610, 611, 612, 619, 627, 640, 643, 650, 654, 656, 659, 667, 669, 685, 701, 726, 729, 737, 777, 779, 782, 783, 787, 790, 791, 809, 817, 819, 830, 833, 834, 836, 845, 856, 857, 860, 862, 875, 880, 887, 888, 899, 900, 914, 918, 921, 928, 929, 930]",7/6 successful match,True,"[168, 169]",True,184,False,,1.0,True,Johnson's Travel Center ( Chevron ),Chevron
"D Seligman , 86337 Johnson's Travel Center ( Chevron )",3 928-422-3540 I-40 Exit 123 ( Williamson Valley Rd S ),24 HRS M <U+2610> <U+2610> <U+2610> <U+2610>,Seligman,86337,Johnson's Travel Center ( Chevron ),928-422-3540,2008,Seligman,AZ,Chevron,( Williamson Valley Rd S ),I-40 Exit 123 ,Exit,123,False,,False,I-40,,,,,"[28, 511]","[28, 511]","[28, 511]","[28, 511]","[0, 1, 2, 3, 4, 5, 6, 7, 8, 9, 10, 11, 12, 13, 14, 15, 16, 17, 18, 19, 20, 21, 22, 23, 24, 25, 26, 27, 28, 29, 30, 31, 32, 33, 34, 35, 36, 37, 38, 39, 40, 41, 42, 43, 44, 45, 46, 47, 48, 49, 50, 51, 52, 53, 54, 55, 56, 57, 58, 59, 60, 61, 62, 63, 64, 65, 66, 67, 68, 69, 70, 71, 72, 73, 74, 75, 76, 77, 78, 79, 80, 81, 82, 83, 84, 85, 86, 87, 88, 89, 90, 91, 92, 93, 94, 95, 96, 97, 98, 99, 100, 101, 102, 485, 486, 487, 488, 489, 490, 491, 492, 493, 494, 495, 496, 497, 498, 499, 500, 501, 502, 503, 504, 505, 506, 507, 508, 509, 510, 511, 512, 513, 514, 515, 516, 517, 518, 519, 520, 521, 522, 523, 524, 525, 526, 527, 528, 529, 530, 531, 532, 533, 534, 535, 536, 537, 538, 539, 540, 541, 542, 543, 544, 545, 546, 547, 548, 549, 550, 551, 552, 553, 554, 555, 556, 557, 558, 559, 560, 561, 562, 563, 564, 565, 566, 567, 568, 569, 570, 571, 572, 573]","[4, 11, 18, 21, 23, 26, 27, 28, 31, 35, 36, 43, 45, 52, 55, 56, 60, 62, 64, 70, 71, 80, 90, 94, 97, 183, 197, 232, 334, 426, 455, 472, 477, 478, 480, 483, 484, 490, 496, 505, 507, 509, 510, 511, 514, 516, 517, 523, 525, 529, 532, 533, 536, 538, 545, 546, 552, 561, 565, 568, 654, 668, 696, 790, 857, 878, 902, 919, 928, 929, 932, 934, 935]","[12, 24, 25, 28, 88, 100, 104, 119, 123, 129, 136, 137, 139, 140, 141, 148, 155, 169, 172, 179, 183, 185, 188, 196, 198, 217, 237, 267, 270, 278, 319, 321, 324, 325, 330, 334, 335, 354, 366, 369, 380, 383, 384, 386, 395, 407, 411, 423, 428, 436, 437, 452, 453, 456, 467, 471, 477, 478, 479, 497, 508, 511, 559, 571, 575, 590, 594, 600, 607, 608, 610, 611, 612, 619, 627, 640, 643, 650, 654, 656, 659, 667, 669, 685, 701, 726, 729, 737, 777, 779, 782, 783, 787, 790, 791, 809, 817, 819, 830, 833, 834, 836, 845, 856, 857, 860, 862, 875, 880, 887, 888, 899, 900, 914, 918, 921, 928, 929, 930]","[12, 24, 25, 28, 88, 100, 104, 119, 123, 129, 136, 137, 139, 140, 141, 148, 155, 169, 172, 179, 183, 185, 188, 196, 198, 217, 237, 267, 270, 278, 319, 321, 324, 325, 330, 334, 335, 354, 366, 369, 380, 383, 384, 386, 395, 407, 411, 423, 428, 436, 437, 452, 453, 456, 467, 471, 477, 478, 479, 497, 508, 511, 559, 571, 575, 590, 594, 600, 607, 608, 610, 611, 612, 619, 627, 640, 643, 650, 654, 656, 659, 667, 669, 685, 701, 726, 729, 737, 777, 779, 782, 783, 787, 790, 791, 809, 817, 819, 830, 833, 834, 836, 845, 856, 857, 860, 862, 875, 880, 887, 888, 899, 900, 914, 918, 921, 928, 929, 930]","[0, 1, 2, 3, 4, 5, 6, 7, 8, 9, 10, 11, 12, 13, 14, 15, 16, 17, 18, 19, 20, 21, 22, 23, 24, 25, 26, 27, 28, 29, 30, 31, 32, 33, 34, 35, 36, 37, 38, 39, 40, 41, 42, 43, 44, 45, 46, 47, 48, 49, 50, 51, 52, 53, 54, 55, 56, 57, 58, 59, 60, 61, 62, 63, 64, 65, 66, 67, 68, 69, 70, 71, 72, 73, 74, 75, 76, 77, 78, 79, 80, 81, 82, 83, 84, 85, 86, 87, 88, 89, 90, 91, 92, 93, 94, 95, 96, 97, 98, 99, 100, 101, 102, 104, 119, 123, 129, 136, 137, 139, 140, 141, 148, 155, 169, 172, 179, 183, 185, 188, 196, 197, 198, 217, 232, 237, 267, 270, 278, 319, 321, 324, 325, 330, 334, 335, 354, 366, 369, 380, 383, 384, 386, 395, 407, 411, 423, 426, 428, 436, 437, 452, 453, 455, 456, 467, 471, 472, 477, 478, 479, 480, 483, 484, 485, 486, 487, 488, 489, 490, 491, 492, 493, 494, 495, 496, 497, 498, 499, 500, 501, 502, 503, 504, 505, 506, 507, 508, 509, 510, 511, 512, 513, 514, 515, 516, 517, 518, 519, 520, 521, 522, 523, 524, 525, 526, 527, 528, 529, 530, 531, 532, 533, 534, 535, 536, 537, 538, 539, 540, 541, 542, 543, 544, 545, 546, 547, 548, 549, 550, 551, 552, 553, 554, 555, 556, 557, 558, 559, 560, 561, 562, 563, 564, 565, 566, 567, 568, 569, 570, 571, 572, 573, 575, 590, 594, 600, 607, 608, 610, 611, 612, 619, 627, 640, 643, 650, 654, 656, 659, 667, 668, 669, 685, 696, 701, 726, 729, 737, 777, 779, 782, 783, 787, 790, 791, 809, 817, 819, 830, 833, 834, 836, 845, 856, 857, 860, 862, 875, 878, 880, 887, 888, 899, 900, 902, 914, 918, 919, 921, 928, 929, 930, 932, 934, 935]",True,"[28, 511]","[0, 1, 2, 3, 4, 5, 6, 7, 8, 9, 10, 11, 12, 13, 14, 15, 16, 17, 18, 19, 20, 21, 22, 23, 24, 25, 26, 27, 28, 29, 30, 31, 32, 33, 34, 35, 36, 37, 38, 39, 40, 41, 42, 43, 44, 45, 46, 47, 48, 49, 50, 51, 52, 53, 54, 55, 56, 57, 58, 59, 60, 61, 62, 63, 64, 65, 66, 67, 68, 69, 70, 71, 72, 73, 74, 75, 76, 77, 78, 79, 80, 81, 82, 83, 84, 85, 86, 87, 88, 89, 90, 91, 92, 93, 94, 95, 96, 97, 98, 99, 100, 101, 102, 485, 486, 487, 488, 489, 490, 491, 492, 493, 494, 495, 496, 497, 498, 499, 500, 501, 502, 503, 504, 505, 506, 507, 508, 509, 510, 511, 512, 513, 514, 515, 516, 517, 518, 519, 520, 521, 522, 523, 524, 525, 526, 527, 528, 529, 530, 531, 532, 533, 534, 535, 536, 537, 538, 539, 540, 541, 542, 543, 544, 545, 546, 547, 548, 549, 550, 551, 552, 553, 554, 555, 556, 557, 558, 559, 560, 561, 562, 563, 564, 565, 566, 567, 568, 569, 570, 571, 572, 573]","[28, 511]","[28, 511]","[4, 11, 18, 21, 23, 26, 27, 28, 31, 35, 36, 43, 45, 52, 55, 56, 60, 62, 64, 70, 71, 80, 90, 94, 97, 183, 197, 232, 334, 426, 455, 472, 477, 478, 480, 483, 484, 490, 496, 505, 507, 509, 510, 511, 514, 516, 517, 523, 525, 529, 532, 533, 536, 538, 545, 546, 552, 561, 565, 568, 654, 668, 696, 790, 857, 878, 902, 919, 928, 929, 932, 934, 935]","[12, 24, 25, 28, 88, 100, 104, 119, 123, 129, 136, 137, 139, 140, 141, 148, 155, 169, 172, 179, 183, 185, 188, 196, 198, 217, 237, 267, 270, 278, 319, 321, 324, 325, 330, 334, 335, 354, 366, 369, 380, 383, 384, 386, 395, 407, 411, 423, 428, 436, 437, 452, 453, 456, 467, 471, 477, 478, 479, 497, 508, 511, 559, 571, 575, 590, 594, 600, 607, 608, 610, 611, 612, 619, 627, 640, 643, 650, 654, 656, 659, 667, 669, 685, 701, 726, 729, 737, 777, 779, 782, 783, 787, 790, 791, 809, 817, 819, 830, 833, 834, 836, 845, 856, 857, 860, 862, 875, 880, 887, 888, 899, 900, 914, 918, 921, 928, 929, 930]","[12, 24, 25, 28, 88, 100, 104, 119, 123, 129, 136, 137, 139, 140, 141, 148, 155, 169, 172, 179, 183, 185, 188, 196, 198, 217, 237, 267, 270, 278, 319, 321, 324, 325, 330, 334, 335, 354, 366, 369, 380, 383, 384, 386, 395, 407, 411, 423, 428, 436, 437, 452, 453, 456, 467, 471, 477, 478, 479, 497, 508, 511, 559, 571, 575, 590, 594, 600, 607, 608, 610, 611, 612, 619, 627, 640, 643, 650, 654, 656, 659, 667, 669, 685, 701, 726, 729, 737, 777, 779, 782, 783, 787, 790, 791, 809, 817, 819, 830, 833, 834, 836, 845, 856, 857, 860, 862, 875, 880, 887, 888, 899, 900, 914, 918, 921, 928, 929, 930]",7/6 successful match,True,"[168, 169]",True,184,False,,1.0,True,Johnson's Travel Center ( Chevron ),Chevron
Seligman ( 86337 ) Johnson's Travel Center ( Chevron ),3 928-422-3540 I-40 Exit 123 ( Williamson Valley Rd S ),) 24 M <U+2610> O,Seligman,86337,Johnson's Travel Center ( Chevron ),928-422-3540,2014,Seligman,AZ,Chevron,( Williamson Valley Rd S ),I-40 Exit 123 ,Exit,123,False,,False,I-40,,,,,"[28, 511]","[28, 511]","[28, 511]","[28, 511]","[0, 1, 2, 3, 4, 5, 6, 7, 8, 9, 10, 11, 12, 13, 14, 15, 16, 17, 18, 19, 20, 21, 22, 23, 24, 25, 26, 27, 28, 29, 30, 31, 32, 33, 34, 35, 36, 37, 38, 39, 40, 41, 42, 43, 44, 45, 46, 47, 48, 49, 50, 51, 52, 53, 54, 55, 56, 57, 58, 59, 60, 61, 62, 63, 64, 65, 66, 67, 68, 69, 70, 71, 72, 73, 74, 75, 76, 77, 78, 79, 80, 81, 82, 83, 84, 85, 86, 87, 88, 89, 90, 91, 92, 93, 94, 95, 96, 97, 98, 99, 100, 101, 102, 485, 486, 487, 488, 489, 490, 491, 492, 493, 494, 495, 496, 497, 498, 499, 500, 501, 502, 503, 504, 505, 506, 507, 508, 509, 510, 511, 512, 513, 514, 515, 516, 517, 518, 519, 520, 521, 522, 523, 524, 525, 526, 527, 528, 529, 530, 531, 532, 533, 534, 535, 536, 537, 538, 539, 540, 541, 542, 543, 544, 545, 546, 547, 548, 549, 550, 551, 552, 553, 554, 555, 556, 557, 558, 559, 560, 561, 562, 563, 564, 565, 566, 567, 568, 569, 570, 571, 572, 573]","[4, 11, 18, 21, 23, 26, 27, 28, 31, 35, 36, 43, 45, 52, 55, 56, 60, 62, 64, 70, 71, 80, 90, 94, 97, 183, 197, 232, 334, 426, 455, 472, 477, 478, 480, 483, 484, 490, 496, 505, 507, 509, 510, 511, 514, 516, 517, 523, 525, 529, 532, 533, 536, 538, 545, 546, 552, 561, 565, 568, 654, 668, 696, 790, 857, 878, 902, 919, 928, 929, 932, 934, 935]","[12, 24, 25, 28, 88, 100, 104, 119, 123, 129, 136, 137, 139, 140, 141, 148, 155, 169, 172, 179, 183, 185, 188, 196, 198, 217, 237, 267, 270, 278, 319, 321, 324, 325, 330, 334, 335, 354, 366, 369, 380, 383, 384, 386, 395, 407, 411, 423, 428, 436, 437, 452, 453, 456, 467, 471, 477, 478, 479, 497, 508, 511, 559, 571, 575, 590, 594, 600, 607, 608, 610, 611, 612, 619, 627, 640, 643, 650, 654, 656, 659, 667, 669, 685, 701, 726, 729, 737, 777, 779, 782, 783, 787, 790, 791, 809, 817, 819, 830, 833, 834, 836, 845, 856, 857, 860, 862, 875, 880, 887, 888, 899, 900, 914, 918, 921, 928, 929, 930]","[12, 24, 25, 28, 88, 100, 104, 119, 123, 129, 136, 137, 139, 140, 141, 148, 155, 169, 172, 179, 183, 185, 188, 196, 198, 217, 237, 267, 270, 278, 319, 321, 324, 325, 330, 334, 335, 354, 366, 369, 380, 383, 384, 386, 395, 407, 411, 423, 428, 436, 437, 452, 453, 456, 467, 471, 477, 478, 479, 497, 508, 511, 559, 571, 575, 590, 594, 600, 607, 608, 610, 611, 612, 619, 627, 640, 643, 650, 654, 656, 659, 667, 669, 685, 701, 726, 729, 737, 777, 779, 782, 783, 787, 790, 791, 809, 817, 819, 830, 833, 834, 836, 845, 856, 857, 860, 862, 875, 880, 887, 888, 899, 900, 914, 918, 921, 928, 929, 930]","[0, 1, 2, 3, 4, 5, 6, 7, 8, 9, 10, 11, 12, 13, 14, 15, 16, 17, 18, 19, 20, 21, 22, 23, 24, 25, 26, 27, 28, 29, 30, 31, 32, 33, 34, 35, 36, 37, 38, 39, 40, 41, 42, 43, 44, 45, 46, 47, 48, 49, 50, 51, 52, 53, 54, 55, 56, 57, 58, 59, 60, 61, 62, 63, 64, 65, 66, 67, 68, 69, 70, 71, 72, 73, 74, 75, 76, 77, 78, 79, 80, 81, 82, 83, 84, 85, 86, 87, 88, 89, 90, 91, 92, 93, 94, 95, 96, 97, 98, 99, 100, 101, 102, 104, 119, 123, 129, 136, 137, 139, 140, 141, 148, 155, 169, 172, 179, 183, 185, 188, 196, 197, 198, 217, 232, 237, 267, 270, 278, 319, 321, 324, 325, 330, 334, 335, 354, 366, 369, 380, 383, 384, 386, 395, 407, 411, 423, 426, 428, 436, 437, 452, 453, 455, 456, 467, 471, 472, 477, 478, 479, 480, 483, 484, 485, 486, 487, 488, 489, 490, 491, 492, 493, 494, 495, 496, 497, 498, 499, 500, 501, 502, 503, 504, 505, 506, 507, 508, 509, 510, 511, 512, 513, 514, 515, 516, 517, 518, 519, 520, 521, 522, 523, 524, 525, 526, 527, 528, 529, 530, 531, 532, 533, 534, 535, 536, 537, 538, 539, 540, 541, 542, 543, 544, 545, 546, 547, 548, 549, 550, 551, 552, 553, 554, 555, 556, 557, 558, 559, 560, 561, 562, 563, 564, 565, 566, 567, 568, 569, 570, 571, 572, 573, 575, 590, 594, 600, 607, 608, 610, 611, 612, 619, 627, 640, 643, 650, 654, 656, 659, 667, 668, 669, 685, 696, 701, 726, 729, 737, 777, 779, 782, 783, 787, 790, 791, 809, 817, 819, 830, 833, 834, 836, 845, 856, 857, 860, 862, 875, 878, 880, 887, 888, 899, 900, 902, 914, 918, 919, 921, 928, 929, 930, 932, 934, 935]",True,"[28, 511]","[0, 1, 2, 3, 4, 5, 6, 7, 8, 9, 10, 11, 12, 13, 14, 15, 16, 17, 18, 19, 20, 21, 22, 23, 24, 25, 26, 27, 28, 29, 30, 31, 32, 33, 34, 35, 36, 37, 38, 39, 40, 41, 42, 43, 44, 45, 46, 47, 48, 49, 50, 51, 52, 53, 54, 55, 56, 57, 58, 59, 60, 61, 62, 63, 64, 65, 66, 67, 68, 69, 70, 71, 72, 73, 74, 75, 76, 77, 78, 79, 80, 81, 82, 83, 84, 85, 86, 87, 88, 89, 90, 91, 92, 93, 94, 95, 96, 97, 98, 99, 100, 101, 102, 485, 486, 487, 488, 489, 490, 491, 492, 493, 494, 495, 496, 497, 498, 499, 500, 501, 502, 503, 504, 505, 506, 507, 508, 509, 510, 511, 512, 513, 514, 515, 516, 517, 518, 519, 520, 521, 522, 523, 524, 525, 526, 527, 528, 529, 530, 531, 532, 533, 534, 535, 536, 537, 538, 539, 540, 541, 542, 543, 544, 545, 546, 547, 548, 549, 550, 551, 552, 553, 554, 555, 556, 557, 558, 559, 560, 561, 562, 563, 564, 565, 566, 567, 568, 569, 570, 571, 572, 573]","[28, 511]","[28, 511]","[4, 11, 18, 21, 23, 26, 27, 28, 31, 35, 36, 43, 45, 52, 55, 56, 60, 62, 64, 70, 71, 80, 90, 94, 97, 183, 197, 232, 334, 426, 455, 472, 477, 478, 480, 483, 484, 490, 496, 505, 507, 509, 510, 511, 514, 516, 517, 523, 525, 529, 532, 533, 536, 538, 545, 546, 552, 561, 565, 568, 654, 668, 696, 790, 857, 878, 902, 919, 928, 929, 932, 934, 935]","[12, 24, 25, 28, 88, 100, 104, 119, 123, 129, 136, 137, 139, 140, 141, 148, 155, 169, 172, 179, 183, 185, 188, 196, 198, 217, 237, 267, 270, 278, 319, 321, 324, 325, 330, 334, 335, 354, 366, 369, 380, 383, 384, 386, 395, 407, 411, 423, 428, 436, 437, 452, 453, 456, 467, 471, 477, 478, 479, 497, 508, 511, 559, 571, 575, 590, 594, 600, 607, 608, 610, 611, 612, 619, 627, 640, 643, 650, 654, 656, 659, 667, 669, 685, 701, 726, 729, 737, 777, 779, 782, 783, 787, 790, 791, 809, 817, 819, 830, 833, 834, 836, 845, 856, 857, 860, 862, 875, 880, 887, 888, 899, 900, 914, 918, 921, 928, 929, 930]","[12, 24, 25, 28, 88, 100, 104, 119, 123, 129, 136, 137, 139, 140, 141, 148, 155, 169, 172, 179, 183, 185, 188, 196, 198, 217, 237, 267, 270, 278, 319, 321, 324, 325, 330, 334, 335, 354, 366, 369, 380, 383, 384, 386, 395, 407, 411, 423, 428, 436, 437, 452, 453, 456, 467, 471, 477, 478, 479, 497, 508, 511, 559, 571, 575, 590, 594, 600, 607, 608, 610, 611, 612, 619, 627, 640, 643, 650, 654, 656, 659, 667, 669, 685, 701, 726, 729, 737, 777, 779, 782, 783, 787, 790, 791, 809, 817, 819, 830, 833, 834, 836, 845, 856, 857, 860, 862, 875, 880, 887, 888, 899, 900, 914, 918, 921, 928, 929, 930]",7/6 successful match,True,"[168, 169]",True,184,False,,1.0,True,Johnson's Travel Center ( Chevron ),Chevron
D Seligman ( 86337 ) Johnson's Travel Center ( Chevron ),928-422-3540 I-40 Exit 123 ( Williamson Valley Rd S ),24 M O,Seligman,86337,Johnson's Travel Center ( Chevron ),928-422-3540,2015,Seligman,AZ,Chevron,( Williamson Valley Rd S ),I-40 Exit 123 ,Exit,123,False,,False,I-40,,,,,"[28, 511]","[28, 511]","[28, 511]","[28, 511]","[0, 1, 2, 3, 4, 5, 6, 7, 8, 9, 10, 11, 12, 13, 14, 15, 16, 17, 18, 19, 20, 21, 22, 23, 24, 25, 26, 27, 28, 29, 30, 31, 32, 33, 34, 35, 36, 37, 38, 39, 40, 41, 42, 43, 44, 45, 46, 47, 48, 49, 50, 51, 52, 53, 54, 55, 56, 57, 58, 59, 60, 61, 62, 63, 64, 65, 66, 67, 68, 69, 70, 71, 72, 73, 74, 75, 76, 77, 78, 79, 80, 81, 82, 83, 84, 85, 86, 87, 88, 89, 90, 91, 92, 93, 94, 95, 96, 97, 98, 99, 100, 101, 102, 485, 486, 487, 488, 489, 490, 491, 492, 493, 494, 495, 496, 497, 498, 499, 500, 501, 502, 503, 504, 505, 506, 507, 508, 509, 510, 511, 512, 513, 514, 515, 516, 517, 518, 519, 520, 521, 522, 523, 524, 525, 526, 527, 528, 529, 530, 531, 532, 533, 534, 535, 536, 537, 538, 539, 540, 541, 542, 543, 544, 545, 546, 547, 548, 549, 550, 551, 552, 553, 554, 555, 556, 557, 558, 559, 560, 561, 562, 563, 564, 565, 566, 567, 568, 569, 570, 571, 572, 573]","[4, 11, 18, 21, 23, 26, 27, 28, 31, 35, 36, 43, 45, 52, 55, 56, 60, 62, 64, 70, 71, 80, 90, 94, 97, 183, 197, 232, 334, 426, 455, 472, 477, 478, 480, 483, 484, 490, 496, 505, 507, 509, 510, 511, 514, 516, 517, 523, 525, 529, 532, 533, 536, 538, 545, 546, 552, 561, 565, 568, 654, 668, 696, 790, 857, 878, 902, 919, 928, 929, 932, 934, 935]","[12, 24, 25, 28, 88, 100, 104, 119, 123, 129, 136, 137, 139, 140, 141, 148, 155, 169, 172, 179, 183, 185, 188, 196, 198, 217, 237, 267, 270, 278, 319, 321, 324, 325, 330, 334, 335, 354, 366, 369, 380, 383, 384, 386, 395, 407, 411, 423, 428, 436, 437, 452, 453, 456, 467, 471, 477, 478, 479, 497, 508, 511, 559, 571, 575, 590, 594, 600, 607, 608, 610, 611, 612, 619, 627, 640, 643, 650, 654, 656, 659, 667, 669, 685, 701, 726, 729, 737, 777, 779, 782, 783, 787, 790, 791, 809, 817, 819, 830, 833, 834, 836, 845, 856, 857, 860, 862, 875, 880, 887, 888, 899, 900, 914, 918, 921, 928, 929, 930]","[12, 24, 25, 28, 88, 100, 104, 119, 123, 129, 136, 137, 139, 140, 141, 148, 155, 169, 172, 179, 183, 185, 188, 196, 198, 217, 237, 267, 270, 278, 319, 321, 324, 325, 330, 334, 335, 354, 366, 369, 380, 383, 384, 386, 395, 407, 411, 423, 428, 436, 437, 452, 453, 456, 467, 471, 477, 478, 479, 497, 508, 511, 559, 571, 575, 590, 594, 600, 607, 608, 610, 611, 612, 619, 627, 640, 643, 650, 654, 656, 659, 667, 669, 685, 701, 726, 729, 737, 777, 779, 782, 783, 787, 790, 791, 809, 817, 819, 830, 833, 834, 836, 845, 856, 857, 860, 862, 875, 880, 887, 888, 899, 900, 914, 918, 921, 928, 929, 930]","[0, 1, 2, 3, 4, 5, 6, 7, 8, 9, 10, 11, 12, 13, 14, 15, 16, 17, 18, 19, 20, 21, 22, 23, 24, 25, 26, 27, 28, 29, 30, 31, 32, 33, 34, 35, 36, 37, 38, 39, 40, 41, 42, 43, 44, 45, 46, 47, 48, 49, 50, 51, 52, 53, 54, 55, 56, 57, 58, 59, 60, 61, 62, 63, 64, 65, 66, 67, 68, 69, 70, 71, 72, 73, 74, 75, 76, 77, 78, 79, 80, 81, 82, 83, 84, 85, 86, 87, 88, 89, 90, 91, 92, 93, 94, 95, 96, 97, 98, 99, 100, 101, 102, 104, 119, 123, 129, 136, 137, 139, 140, 141, 148, 155, 169, 172, 179, 183, 185, 188, 196, 197, 198, 217, 232, 237, 267, 270, 278, 319, 321, 324, 325, 330, 334, 335, 354, 366, 369, 380, 383, 384, 386, 395, 407, 411, 423, 426, 428, 436, 437, 452, 453, 455, 456, 467, 471, 472, 477, 478, 479, 480, 483, 484, 485, 486, 487, 488, 489, 490, 491, 492, 493, 494, 495, 496, 497, 498, 499, 500, 501, 502, 503, 504, 505, 506, 507, 508, 509, 510, 511, 512, 513, 514, 515, 516, 517, 518, 519, 520, 521, 522, 523, 524, 525, 526, 527, 528, 529, 530, 531, 532, 533, 534, 535, 536, 537, 538, 539, 540, 541, 542, 543, 544, 545, 546, 547, 548, 549, 550, 551, 552, 553, 554, 555, 556, 557, 558, 559, 560, 561, 562, 563, 564, 565, 566, 567, 568, 569, 570, 571, 572, 573, 575, 590, 594, 600, 607, 608, 610, 611, 612, 619, 627, 640, 643, 650, 654, 656, 659, 667, 668, 669, 685, 696, 701, 726, 729, 737, 777, 779, 782, 783, 787, 790, 791, 809, 817, 819, 830, 833, 834, 836, 845, 856, 857, 860, 862, 875, 878, 880, 887, 888, 899, 900, 902, 914, 918, 919, 921, 928, 929, 930, 932, 934, 935]",True,"[28, 511]","[0, 1, 2, 3, 4, 5, 6, 7, 8, 9, 10, 11, 12, 13, 14, 15, 16, 17, 18, 19, 20, 21, 22, 23, 24, 25, 26, 27, 28, 29, 30, 31, 32, 33, 34, 35, 36, 37, 38, 39, 40, 41, 42, 43, 44, 45, 46, 47, 48, 49, 50, 51, 52, 53, 54, 55, 56, 57, 58, 59, 60, 61, 62, 63, 64, 65, 66, 67, 68, 69, 70, 71, 72, 73, 74, 75, 76, 77, 78, 79, 80, 81, 82, 83, 84, 85, 86, 87, 88, 89, 90, 91, 92, 93, 94, 95, 96, 97, 98, 99, 100, 101, 102, 485, 486, 487, 488, 489, 490, 491, 492, 493, 494, 495, 496, 497, 498, 499, 500, 501, 502, 503, 504, 505, 506, 507, 508, 509, 510, 511, 512, 513, 514, 515, 516, 517, 518, 519, 520, 521, 522, 523, 524, 525, 526, 527, 528, 529, 530, 531, 532, 533, 534, 535, 536, 537, 538, 539, 540, 541, 542, 543, 544, 545, 546, 547, 548, 549, 550, 551, 552, 553, 554, 555, 556, 557, 558, 559, 560, 561, 562, 563, 564, 565, 566, 567, 568, 569, 570, 571, 572, 573]","[28, 511]","[28, 511]","[4, 11, 18, 21, 23, 26, 27, 28, 31, 35, 36, 43, 45, 52, 55, 56, 60, 62, 64, 70, 71, 80, 90, 94, 97, 183, 197, 232, 334, 426, 455, 472, 477, 478, 480, 483, 484, 490, 496, 505, 507, 509, 510, 511, 514, 516, 517, 523, 525, 529, 532, 533, 536, 538, 545, 546, 552, 561, 565, 568, 654, 668, 696, 790, 857, 878, 902, 919, 928, 929, 932, 934, 935]","[12, 24, 25, 28, 88, 100, 104, 119, 123, 129, 136, 137, 139, 140, 141, 148, 155, 169, 172, 179, 183, 185, 188, 196, 198, 217, 237, 267, 270, 278, 319, 321, 324, 325, 330, 334, 335, 354, 366, 369, 380, 383, 384, 386, 395, 407, 411, 423, 428, 436, 437, 452, 453, 456, 467, 471, 477, 478, 479, 497, 508, 511, 559, 571, 575, 590, 594, 600, 607, 608, 610, 611, 612, 619, 627, 640, 643, 650, 654, 656, 659, 667, 669, 685, 701, 726, 729, 737, 777, 779, 782, 783, 787, 790, 791, 809, 817, 819, 830, 833, 834, 836, 845, 856, 857, 860, 862, 875, 880, 887, 888, 899, 900, 914, 918, 921, 928, 929, 930]","[12, 24, 25, 28, 88, 100, 104, 119, 123, 129, 136, 137, 139, 140, 141, 148, 155, 169, 172, 179, 183, 185, 188, 196, 198, 217, 237, 267, 270, 278, 319, 321, 324, 325, 330, 334, 335, 354, 366, 369, 380, 383, 384, 386, 395, 407, 411, 423, 428, 436, 437, 452, 453, 456, 467, 471, 477, 478, 479, 497, 508, 511, 559, 571, 575, 590, 594, 600, 607, 608, 610, 611, 612, 619, 627, 640, 643, 650, 654, 656, 659, 667, 669, 685, 701, 726, 729, 737, 777, 779, 782, 783, 787, 790, 791, 809, 817, 819, 830, 833, 834, 836, 845, 856, 857, 860, 862, 875, 880, 887, 888, 899, 900, 914, 918, 921, 928, 929, 930]",7/6 successful match,True,"[168, 169]",True,184,False,,1.0,True,Johnson's Travel Center ( Chevron ),Chevron
D Seligman ( 86337 ) Johnson's Travel Center ( Chevron ),928-422-3540 I-40 Exit 123 ( Williamson Valley Rd S ) .,) . HIS 24 M D,Seligman,86337,Johnson's Travel Center ( Chevron ),928-422-3540,2016,Seligman,AZ,Chevron,( Williamson Valley Rd S ) .,I-40 Exit 123 ,Exit,123,False,,False,I-40,,,,,"[28, 511]","[28, 511]","[28, 511]","[28, 511]","[0, 1, 2, 3, 4, 5, 6, 7, 8, 9, 10, 11, 12, 13, 14, 15, 16, 17, 18, 19, 20, 21, 22, 23, 24, 25, 26, 27, 28, 29, 30, 31, 32, 33, 34, 35, 36, 37, 38, 39, 40, 41, 42, 43, 44, 45, 46, 47, 48, 49, 50, 51, 52, 53, 54, 55, 56, 57, 58, 59, 60, 61, 62, 63, 64, 65, 66, 67, 68, 69, 70, 71, 72, 73, 74, 75, 76, 77, 78, 79, 80, 81, 82, 83, 84, 85, 86, 87, 88, 89, 90, 91, 92, 93, 94, 95, 96, 97, 98, 99, 100, 101, 102, 485, 486, 487, 488, 489, 490, 491, 492, 493, 494, 495, 496, 497, 498, 499, 500, 501, 502, 503, 504, 505, 506, 507, 508, 509, 510, 511, 512, 513, 514, 515, 516, 517, 518, 519, 520, 521, 522, 523, 524, 525, 526, 527, 528, 529, 530, 531, 532, 533, 534, 535, 536, 537, 538, 539, 540, 541, 542, 543, 544, 545, 546, 547, 548, 549, 550, 551, 552, 553, 554, 555, 556, 557, 558, 559, 560, 561, 562, 563, 564, 565, 566, 567, 568, 569, 570, 571, 572, 573]","[4, 11, 18, 21, 23, 26, 27, 28, 31, 35, 36, 43, 45, 52, 55, 56, 60, 62, 64, 70, 71, 80, 90, 94, 97, 183, 197, 232, 334, 426, 455, 472, 477, 478, 480, 483, 484, 490, 496, 505, 507, 509, 510, 511, 514, 516, 517, 523, 525, 529, 532, 533, 536, 538, 545, 546, 552, 561, 565, 568, 654, 668, 696, 790, 857, 878, 902, 919, 928, 929, 932, 934, 935]","[12, 24, 25, 28, 88, 100, 104, 119, 123, 129, 136, 137, 139, 140, 141, 148, 155, 169, 172, 179, 183, 185, 188, 196, 198, 217, 237, 267, 270, 278, 319, 321, 324, 325, 330, 334, 335, 354, 366, 369, 380, 383, 384, 386, 395, 407, 411, 423, 428, 436, 437, 452, 453, 456, 467, 471, 477, 478, 479, 497, 508, 511, 559, 571, 575, 590, 594, 600, 607, 608, 610, 611, 612, 619, 627, 640, 643, 650, 654, 656, 659, 667, 669, 685, 701, 726, 729, 737, 777, 779, 782, 783, 787, 790, 791, 809, 817, 819, 830, 833, 834, 836, 845, 856, 857, 860, 862, 875, 880, 887, 888, 899, 900, 914, 918, 921, 928, 929, 930]","[12, 24, 25, 28, 88, 100, 104, 119, 123, 129, 136, 137, 139, 140, 141, 148, 155, 169, 172, 179, 183, 185, 188, 196, 198, 217, 237, 267, 270, 278, 319, 321, 324, 325, 330, 334, 335, 354, 366, 369, 380, 383, 384, 386, 395, 407, 411, 423, 428, 436, 437, 452, 453, 456, 467, 471, 477, 478, 479, 497, 508, 511, 559, 571, 575, 590, 594, 600, 607, 608, 610, 611, 612, 619, 627, 640, 643, 650, 654, 656, 659, 667, 669, 685, 701, 726, 729, 737, 777, 779, 782, 783, 787, 790, 791, 809, 817, 819, 830, 833, 834, 836, 845, 856, 857, 860, 862, 875, 880, 887, 888, 899, 900, 914, 918, 921, 928, 929, 930]","[0, 1, 2, 3, 4, 5, 6, 7, 8, 9, 10, 11, 12, 13, 14, 15, 16, 17, 18, 19, 20, 21, 22, 23, 24, 25, 26, 27, 28, 29, 30, 31, 32, 33, 34, 35, 36, 37, 38, 39, 40, 41, 42, 43, 44, 45, 46, 47, 48, 49, 50, 51, 52, 53, 54, 55, 56, 57, 58, 59, 60, 61, 62, 63, 64, 65, 66, 67, 68, 69, 70, 71, 72, 73, 74, 75, 76, 77, 78, 79, 80, 81, 82, 83, 84, 85, 86, 87, 88, 89, 90, 91, 92, 93, 94, 95, 96, 97, 98, 99, 100, 101, 102, 104, 119, 123, 129, 136, 137, 139, 140, 141, 148, 155, 169, 172, 179, 183, 185, 188, 196, 197, 198, 217, 232, 237, 267, 270, 278, 319, 321, 324, 325, 330, 334, 335, 354, 366, 369, 380, 383, 384, 386, 395, 407, 411, 423, 426, 428, 436, 437, 452, 453, 455, 456, 467, 471, 472, 477, 478, 479, 480, 483, 484, 485, 486, 487, 488, 489, 490, 491, 492, 493, 494, 495, 496, 497, 498, 499, 500, 501, 502, 503, 504, 505, 506, 507, 508, 509, 510, 511, 512, 513, 514, 515, 516, 517, 518, 519, 520, 521, 522, 523, 524, 525, 526, 527, 528, 529, 530, 531, 532, 533, 534, 535, 536, 537, 538, 539, 540, 541, 542, 543, 544, 545, 546, 547, 548, 549, 550, 551, 552, 553, 554, 555, 556, 557, 558, 559, 560, 561, 562, 563, 564, 565, 566, 567, 568, 569, 570, 571, 572, 573, 575, 590, 594, 600, 607, 608, 610, 611, 612, 619, 627, 640, 643, 650, 654, 656, 659, 667, 668, 669, 685, 696, 701, 726, 729, 737, 777, 779, 782, 783, 787, 790, 791, 809, 817, 819, 830, 833, 834, 836, 845, 856, 857, 860, 862, 875, 878, 880, 887, 888, 899, 900, 902, 914, 918, 919, 921, 928, 929, 930, 932, 934, 935]",True,"[28, 511]","[0, 1, 2, 3, 4, 5, 6, 7, 8, 9, 10, 11, 12, 13, 14, 15, 16, 17, 18, 19, 20, 21, 22, 23, 24, 25, 26, 27, 28, 29, 30, 31, 32, 33, 34, 35, 36, 37, 38, 39, 40, 41, 42, 43, 44, 45, 46, 47, 48, 49, 50, 51, 52, 53, 54, 55, 56, 57, 58, 59, 60, 61, 62, 63, 64, 65, 66, 67, 68, 69, 70, 71, 72, 73, 74, 75, 76, 77, 78, 79, 80, 81, 82, 83, 84, 85, 86, 87, 88, 89, 90, 91, 92, 93, 94, 95, 96, 97, 98, 99, 100, 101, 102, 485, 486, 487, 488, 489, 490, 491, 492, 493, 494, 495, 496, 497, 498, 499, 500, 501, 502, 503, 504, 505, 506, 507, 508, 509, 510, 511, 512, 513, 514, 515, 516, 517, 518, 519, 520, 521, 522, 523, 524, 525, 526, 527, 528, 529, 530, 531, 532, 533, 534, 535, 536, 537, 538, 539, 540, 541, 542, 543, 544, 545, 546, 547, 548, 549, 550, 551, 552, 553, 554, 555, 556, 557, 558, 559, 560, 561, 562, 563, 564, 565, 566, 567, 568, 569, 570, 571, 572, 573]","[28, 511]","[28, 511]","[4, 11, 18, 21, 23, 26, 27, 28, 31, 35, 36, 43, 45, 52, 55, 56, 60, 62, 64, 70, 71, 80, 90, 94, 97, 183, 197, 232, 334, 426, 455, 472, 477, 478, 480, 483, 484, 490, 496, 505, 507, 509, 510, 511, 514, 516, 517, 523, 525, 529, 532, 533, 536, 538, 545, 546, 552, 561, 565, 568, 654, 668, 696, 790, 857, 878, 902, 919, 928, 929, 932, 934, 935]","[12, 24, 25, 28, 88, 100, 104, 119, 123, 129, 136, 137, 139, 140, 141, 148, 155, 169, 172, 179, 183, 185, 188, 196, 198, 217, 237, 267, 270, 278, 319, 321, 324, 325, 330, 334, 335, 354, 366, 369, 380, 383, 384, 386, 395, 407, 411, 423, 428, 436, 437, 452, 453, 456, 467, 471, 477, 478, 479, 497, 508, 511, 559, 571, 575, 590, 594, 600, 607, 608, 610, 611, 612, 619, 627, 640, 643, 650, 654, 656, 659, 667, 669, 685, 701, 726, 729, 737, 777, 779, 782, 783, 787, 790, 791, 809, 817, 819, 830, 833, 834, 836, 845, 856, 857, 860, 862, 875, 880, 887, 888, 899, 900, 914, 918, 921, 928, 929, 930]","[12, 24, 25, 28, 88, 100, 104, 119, 123, 129, 136, 137, 139, 140, 141, 148, 155, 169, 172, 179, 183, 185, 188, 196, 198, 217, 237, 267, 270, 278, 319, 321, 324, 325, 330, 334, 335, 354, 366, 369, 380, 383, 384, 386, 395, 407, 411, 423, 428, 436, 437, 452, 453, 456, 467, 471, 477, 478, 479, 497, 508, 511, 559, 571, 575, 590, 594, 600, 607, 608, 610, 611, 612, 619, 627, 640, 643, 650, 654, 656, 659, 667, 669, 685, 701, 726, 729, 737, 777, 779, 782, 783, 787, 790, 791, 809, 817, 819, 830, 833, 834, 836, 845, 856, 857, 860, 862, 875, 880, 887, 888, 899, 900, 914, 918, 921, 928, 929, 930]",7/6 successful match,True,"[168, 169]",True,184,False,,1.0,True,Johnson's Travel Center ( Chevron ),Chevron
"Kingman , 86401 Love's Travel Stop # 272",928-681-4405 I-40 Exit 59 ( DW Ranch Rd N ),+54,Kingman,86401,Love's Travel Stop # 272,928-681-4405,2006,Kingman,AZ,Love's,( DW Ranch Rd N ),I-40 Exit 59 ,Exit,59,False,,False,I-40,,,,,"[35, 516]","[11, 21, 26, 35, 64, 94, 496, 505, 509, 516, 538, 565]","[11, 21, 26, 35, 64, 94, 496, 505, 509, 516, 538, 565]","[35, 218, 516, 686]","[0, 1, 2, 3, 4, 5, 6, 7, 8, 9, 10, 11, 12, 13, 14, 15, 16, 17, 18, 19, 20, 21, 22, 23, 24, 25, 26, 27, 28, 29, 30, 31, 32, 33, 34, 35, 36, 37, 38, 39, 40, 41, 42, 43, 44, 45, 46, 47, 48, 49, 50, 51, 52, 53, 54, 55, 56, 57, 58, 59, 60, 61, 62, 63, 64, 65, 66, 67, 68, 69, 70, 71, 72, 73, 74, 75, 76, 77, 78, 79, 80, 81, 82, 83, 84, 85, 86, 87, 88, 89, 90, 91, 92, 93, 94, 95, 96, 97, 98, 99, 100, 101, 102, 485, 486, 487, 488, 489, 490, 491, 492, 493, 494, 495, 496, 497, 498, 499, 500, 501, 502, 503, 504, 505, 506, 507, 508, 509, 510, 511, 512, 513, 514, 515, 516, 517, 518, 519, 520, 521, 522, 523, 524, 525, 526, 527, 528, 529, 530, 531, 532, 533, 534, 535, 536, 537, 538, 539, 540, 541, 542, 543, 544, 545, 546, 547, 548, 549, 550, 551, 552, 553, 554, 555, 556, 557, 558, 559, 560, 561, 562, 563, 564, 565, 566, 567, 568, 569, 570, 571, 572, 573]","[4, 11, 18, 21, 23, 26, 27, 28, 31, 35, 36, 43, 45, 52, 55, 56, 60, 62, 64, 70, 71, 80, 90, 94, 97, 183, 197, 232, 334, 426, 455, 472, 477, 478, 480, 483, 484, 490, 496, 505, 507, 509, 510, 511, 514, 516, 517, 523, 525, 529, 532, 533, 536, 538, 545, 546, 552, 561, 565, 568, 654, 668, 696, 790, 857, 878, 902, 919, 928, 929, 932, 934, 935]","[34, 35, 36, 37, 38, 39, 40, 41, 42, 43, 44, 45, 46, 47, 48, 201, 202, 203, 204, 205, 206, 207, 208, 209, 210, 211, 212, 213, 214, 215, 216, 355, 356, 357, 358, 359, 360, 361, 429, 430, 431, 432, 433, 434, 435, 515, 516, 517, 518, 519, 520, 521, 522, 523, 524, 525, 526, 527, 672, 673, 674, 675, 676, 677, 678, 679, 680, 681, 682, 683, 684, 810, 811, 812, 813, 814, 881, 882, 883, 884, 885, 886]","[32, 33, 34, 35, 36, 37, 38, 39, 40, 41, 42, 43, 44, 45, 46, 47, 48, 201, 202, 203, 204, 205, 206, 207, 208, 209, 210, 211, 212, 213, 214, 215, 216, 355, 356, 357, 358, 359, 360, 361, 429, 430, 431, 432, 433, 434, 435, 515, 516, 517, 518, 519, 520, 521, 522, 523, 524, 525, 526, 527, 672, 673, 674, 675, 676, 677, 678, 679, 680, 681, 682, 683, 684, 810, 811, 812, 813, 814, 881, 882, 883, 884, 885, 886]","[0, 1, 2, 3, 516, 4, 5, 6, 7, 8, 9, 11, 10, 12, 13, 14, 15, 16, 17, 18, 19, 21, 20, 22, 23, 24, 538, 26, 25, 27, 28, 29, 30, 31, 32, 35, 33, 34, 36, 37, 38, 39, 40, 41, 42, 43, 44, 45, 46, 47, 48, 49, 50, 565, 51, 52, 53, 54, 55, 56, 57, 58, 59, 60, 64, 61, 62, 63, 65, 66, 67, 68, 69, 70, 71, 72, 73, 74, 75, 76, 77, 78, 79, 80, 81, 82, 83, 84, 85, 86, 87, 88, 89, 90, 94, 91, 92, 93, 95, 96, 97, 98, 99, 100, 101, 102, 528, 529, 530, 513, 531, 532, 533, 534, 535, 514, 536, 537, 654, 539, 668, 540, 672, 515, 541, 673, 674, 675, 676, 542, 677, 678, 679, 680, 543, 681, 686, 682, 683, 684, 544, 545, 183, 696, 546, 547, 197, 548, 201, 202, 549, 203, 204, 205, 206, 550, 207, 208, 517, 209, 551, 210, 211, 212, 213, 218, 552, 214, 215, 216, 553, 554, 232, 555, 518, 556, 557, 558, 559, 560, 519, 561, 562, 563, 564, 790, 520, 566, 567, 568, 810, 811, 812, 813, 569, 814, 570, 521, 571, 572, 573, 334, 522, 857, 355, 356, 357, 358, 359, 360, 523, 361, 878, 881, 882, 883, 884, 885, 886, 524, 902, 919, 525, 928, 929, 932, 934, 935, 426, 429, 430, 512, 431, 432, 433, 434, 526, 435, 455, 527, 472, 477, 478, 480, 483, 484, 485, 486, 487, 488, 489, 490, 491, 492, 493, 494, 495, 496, 497, 498, 499, 500, 501, 502, 503, 504, 505, 506, 507, 508, 509, 510, 511]",True,"[11, 21, 26, 35, 64, 94, 496, 505, 509, 516, 538, 565]","[0, 1, 2, 3, 4, 5, 6, 7, 8, 9, 10, 11, 12, 13, 14, 15, 16, 17, 18, 19, 20, 21, 22, 23, 24, 25, 26, 27, 28, 29, 30, 31, 32, 33, 34, 35, 36, 37, 38, 39, 40, 41, 42, 43, 44, 45, 46, 47, 48, 49, 50, 51, 52, 53, 54, 55, 56, 57, 58, 59, 60, 61, 62, 63, 64, 65, 66, 67, 68, 69, 70, 71, 72, 73, 74, 75, 76, 77, 78, 79, 80, 81, 82, 83, 84, 85, 86, 87, 88, 89, 90, 91, 92, 93, 94, 95, 96, 97, 98, 99, 100, 101, 102, 485, 486, 487, 488, 489, 490, 491, 492, 493, 494, 495, 496, 497, 498, 499, 500, 501, 502, 503, 504, 505, 506, 507, 508, 509, 510, 511, 512, 513, 514, 515, 516, 517, 518, 519, 520, 521, 522, 523, 524, 525, 526, 527, 528, 529, 530, 531, 532, 533, 534, 535, 536, 537, 538, 539, 540, 541, 542, 543, 544, 545, 546, 547, 548, 549, 550, 551, 552, 553, 554, 555, 556, 557, 558, 559, 560, 561, 562, 563, 564, 565, 566, 567, 568, 569, 570, 571, 572, 573]","[11, 21, 26, 35, 64, 94, 496, 505, 509, 516, 538, 565]","[35, 218, 516, 686]","[4, 11, 18, 21, 23, 26, 27, 28, 31, 35, 36, 43, 45, 52, 55, 56, 60, 62, 64, 70, 71, 80, 90, 94, 97, 183, 197, 232, 334, 426, 455, 472, 477, 478, 480, 483, 484, 490, 496, 505, 507, 509, 510, 511, 514, 516, 517, 523, 525, 529, 532, 533, 536, 538, 545, 546, 552, 561, 565, 568, 654, 668, 696, 790, 857, 878, 902, 919, 928, 929, 932, 934, 935]","[32, 33, 34, 35, 36, 37, 38, 39, 40, 41, 42, 43, 44, 45, 46, 47, 48, 201, 202, 203, 204, 205, 206, 207, 208, 209, 210, 211, 212, 213, 214, 215, 216, 355, 356, 357, 358, 359, 360, 361, 429, 430, 431, 432, 433, 434, 435, 515, 516, 517, 518, 519, 520, 521, 522, 523, 524, 525, 526, 527, 672, 673, 674, 675, 676, 677, 678, 679, 680, 681, 682, 683, 684, 810, 811, 812, 813, 814, 881, 882, 883, 884, 885, 886]","[34, 35, 36, 37, 38, 39, 40, 41, 42, 43, 44, 45, 46, 47, 48, 201, 202, 203, 204, 205, 206, 207, 208, 209, 210, 211, 212, 213, 214, 215, 216, 355, 356, 357, 358, 359, 360, 361, 429, 430, 431, 432, 433, 434, 435, 515, 516, 517, 518, 519, 520, 521, 522, 523, 524, 525, 526, 527, 672, 673, 674, 675, 676, 677, 678, 679, 680, 681, 682, 683, 684, 810, 811, 812, 813, 814, 881, 882, 883, 884, 885, 886]",7/6 successful match,True,"[668, 669, 670]",True,185,False,,,,,
"Kingman , 86401 Love's Travel Stop # 272",928-681-4405 I-40 Exit 59 ( DW Ranch Rd N ),24 M,Kingman,86401,Love's Travel Stop # 272,928-681-4405,2007,Kingman,AZ,Love's,( DW Ranch Rd N ),I-40 Exit 59 ,Exit,59,False,,False,I-40,,,,,"[35, 516]","[11, 21, 26, 35, 64, 94, 496, 505, 509, 516, 538, 565]","[11, 21, 26, 35, 64, 94, 496, 505, 509, 516, 538, 565]","[35, 218, 516, 686]","[0, 1, 2, 3, 4, 5, 6, 7, 8, 9, 10, 11, 12, 13, 14, 15, 16, 17, 18, 19, 20, 21, 22, 23, 24, 25, 26, 27, 28, 29, 30, 31, 32, 33, 34, 35, 36, 37, 38, 39, 40, 41, 42, 43, 44, 45, 46, 47, 48, 49, 50, 51, 52, 53, 54, 55, 56, 57, 58, 59, 60, 61, 62, 63, 64, 65, 66, 67, 68, 69, 70, 71, 72, 73, 74, 75, 76, 77, 78, 79, 80, 81, 82, 83, 84, 85, 86, 87, 88, 89, 90, 91, 92, 93, 94, 95, 96, 97, 98, 99, 100, 101, 102, 485, 486, 487, 488, 489, 490, 491, 492, 493, 494, 495, 496, 497, 498, 499, 500, 501, 502, 503, 504, 505, 506, 507, 508, 509, 510, 511, 512, 513, 514, 515, 516, 517, 518, 519, 520, 521, 522, 523, 524, 525, 526, 527, 528, 529, 530, 531, 532, 533, 534, 535, 536, 537, 538, 539, 540, 541, 542, 543, 544, 545, 546, 547, 548, 549, 550, 551, 552, 553, 554, 555, 556, 557, 558, 559, 560, 561, 562, 563, 564, 565, 566, 567, 568, 569, 570, 571, 572, 573]","[4, 11, 18, 21, 23, 26, 27, 28, 31, 35, 36, 43, 45, 52, 55, 56, 60, 62, 64, 70, 71, 80, 90, 94, 97, 183, 197, 232, 334, 426, 455, 472, 477, 478, 480, 483, 484, 490, 496, 505, 507, 509, 510, 511, 514, 516, 517, 523, 525, 529, 532, 533, 536, 538, 545, 546, 552, 561, 565, 568, 654, 668, 696, 790, 857, 878, 902, 919, 928, 929, 932, 934, 935]","[34, 35, 36, 37, 38, 39, 40, 41, 42, 43, 44, 45, 46, 47, 48, 201, 202, 203, 204, 205, 206, 207, 208, 209, 210, 211, 212, 213, 214, 215, 216, 355, 356, 357, 358, 359, 360, 361, 429, 430, 431, 432, 433, 434, 435, 515, 516, 517, 518, 519, 520, 521, 522, 523, 524, 525, 526, 527, 672, 673, 674, 675, 676, 677, 678, 679, 680, 681, 682, 683, 684, 810, 811, 812, 813, 814, 881, 882, 883, 884, 885, 886]","[32, 33, 34, 35, 36, 37, 38, 39, 40, 41, 42, 43, 44, 45, 46, 47, 48, 201, 202, 203, 204, 205, 206, 207, 208, 209, 210, 211, 212, 213, 214, 215, 216, 355, 356, 357, 358, 359, 360, 361, 429, 430, 431, 432, 433, 434, 435, 515, 516, 517, 518, 519, 520, 521, 522, 523, 524, 525, 526, 527, 672, 673, 674, 675, 676, 677, 678, 679, 680, 681, 682, 683, 684, 810, 811, 812, 813, 814, 881, 882, 883, 884, 885, 886]","[0, 1, 2, 3, 516, 4, 5, 6, 7, 8, 9, 11, 10, 12, 13, 14, 15, 16, 17, 18, 19, 21, 20, 22, 23, 24, 538, 26, 25, 27, 28, 29, 30, 31, 32, 35, 33, 34, 36, 37, 38, 39, 40, 41, 42, 43, 44, 45, 46, 47, 48, 49, 50, 565, 51, 52, 53, 54, 55, 56, 57, 58, 59, 60, 64, 61, 62, 63, 65, 66, 67, 68, 69, 70, 71, 72, 73, 74, 75, 76, 77, 78, 79, 80, 81, 82, 83, 84, 85, 86, 87, 88, 89, 90, 94, 91, 92, 93, 95, 96, 97, 98, 99, 100, 101, 102, 528, 529, 530, 513, 531, 532, 533, 534, 535, 514, 536, 537, 654, 539, 668, 540, 672, 515, 541, 673, 674, 675, 676, 542, 677, 678, 679, 680, 543, 681, 686, 682, 683, 684, 544, 545, 183, 696, 546, 547, 197, 548, 201, 202, 549, 203, 204, 205, 206, 550, 207, 208, 517, 209, 551, 210, 211, 212, 213, 218, 552, 214, 215, 216, 553, 554, 232, 555, 518, 556, 557, 558, 559, 560, 519, 561, 562, 563, 564, 790, 520, 566, 567, 568, 810, 811, 812, 813, 569, 814, 570, 521, 571, 572, 573, 334, 522, 857, 355, 356, 357, 358, 359, 360, 523, 361, 878, 881, 882, 883, 884, 885, 886, 524, 902, 919, 525, 928, 929, 932, 934, 935, 426, 429, 430, 512, 431, 432, 433, 434, 526, 435, 455, 527, 472, 477, 478, 480, 483, 484, 485, 486, 487, 488, 489, 490, 491, 492, 493, 494, 495, 496, 497, 498, 499, 500, 501, 502, 503, 504, 505, 506, 507, 508, 509, 510, 511]",True,"[11, 21, 26, 35, 64, 94, 496, 505, 509, 516, 538, 565]","[0, 1, 2, 3, 4, 5, 6, 7, 8, 9, 10, 11, 12, 13, 14, 15, 16, 17, 18, 19, 20, 21, 22, 23, 24, 25, 26, 27, 28, 29, 30, 31, 32, 33, 34, 35, 36, 37, 38, 39, 40, 41, 42, 43, 44, 45, 46, 47, 48, 49, 50, 51, 52, 53, 54, 55, 56, 57, 58, 59, 60, 61, 62, 63, 64, 65, 66, 67, 68, 69, 70, 71, 72, 73, 74, 75, 76, 77, 78, 79, 80, 81, 82, 83, 84, 85, 86, 87, 88, 89, 90, 91, 92, 93, 94, 95, 96, 97, 98, 99, 100, 101, 102, 485, 486, 487, 488, 489, 490, 491, 492, 493, 494, 495, 496, 497, 498, 499, 500, 501, 502, 503, 504, 505, 506, 507, 508, 509, 510, 511, 512, 513, 514, 515, 516, 517, 518, 519, 520, 521, 522, 523, 524, 525, 526, 527, 528, 529, 530, 531, 532, 533, 534, 535, 536, 537, 538, 539, 540, 541, 542, 543, 544, 545, 546, 547, 548, 549, 550, 551, 552, 553, 554, 555, 556, 557, 558, 559, 560, 561, 562, 563, 564, 565, 566, 567, 568, 569, 570, 571, 572, 573]","[11, 21, 26, 35, 64, 94, 496, 505, 509, 516, 538, 565]","[35, 218, 516, 686]","[4, 11, 18, 21, 23, 26, 27, 28, 31, 35, 36, 43, 45, 52, 55, 56, 60, 62, 64, 70, 71, 80, 90, 94, 97, 183, 197, 232, 334, 426, 455, 472, 477, 478, 480, 483, 484, 490, 496, 505, 507, 509, 510, 511, 514, 516, 517, 523, 525, 529, 532, 533, 536, 538, 545, 546, 552, 561, 565, 568, 654, 668, 696, 790, 857, 878, 902, 919, 928, 929, 932, 934, 935]","[32, 33, 34, 35, 36, 37, 38, 39, 40, 41, 42, 43, 44, 45, 46, 47, 48, 201, 202, 203, 204, 205, 206, 207, 208, 209, 210, 211, 212, 213, 214, 215, 216, 355, 356, 357, 358, 359, 360, 361, 429, 430, 431, 432, 433, 434, 435, 515, 516, 517, 518, 519, 520, 521, 522, 523, 524, 525, 526, 527, 672, 673, 674, 675, 676, 677, 678, 679, 680, 681, 682, 683, 684, 810, 811, 812, 813, 814, 881, 882, 883, 884, 885, 886]","[34, 35, 36, 37, 38, 39, 40, 41, 42, 43, 44, 45, 46, 47, 48, 201, 202, 203, 204, 205, 206, 207, 208, 209, 210, 211, 212, 213, 214, 215, 216, 355, 356, 357, 358, 359, 360, 361, 429, 430, 431, 432, 433, 434, 435, 515, 516, 517, 518, 519, 520, 521, 522, 523, 524, 525, 526, 527, 672, 673, 674, 675, 676, 677, 678, 679, 680, 681, 682, 683, 684, 810, 811, 812, 813, 814, 881, 882, 883, 884, 885, 886]",7/6 successful match,True,"[668, 669, 670]",True,185,False,,1.0,True,Love's Travel Stop # 272,Love's
"Kingman , 86401 Love's Travel Stop # 272",2 928-681-4405 I-40 Exit 59 ( DW Ranch Rd N ),24 HRS M <U+2610> <U+2610>,Kingman,86401,Love's Travel Stop # 272,928-681-4405,2008,Kingman,AZ,Love's,( DW Ranch Rd N ),I-40 Exit 59 ,Exit,59,False,,False,I-40,,,,,"[35, 516]","[11, 21, 26, 35, 64, 94, 496, 505, 509, 516, 538, 565]","[11, 21, 26, 35, 64, 94, 496, 505, 509, 516, 538, 565]","[35, 218, 516, 686]","[0, 1, 2, 3, 4, 5, 6, 7, 8, 9, 10, 11, 12, 13, 14, 15, 16, 17, 18, 19, 20, 21, 22, 23, 24, 25, 26, 27, 28, 29, 30, 31, 32, 33, 34, 35, 36, 37, 38, 39, 40, 41, 42, 43, 44, 45, 46, 47, 48, 49, 50, 51, 52, 53, 54, 55, 56, 57, 58, 59, 60, 61, 62, 63, 64, 65, 66, 67, 68, 69, 70, 71, 72, 73, 74, 75, 76, 77, 78, 79, 80, 81, 82, 83, 84, 85, 86, 87, 88, 89, 90, 91, 92, 93, 94, 95, 96, 97, 98, 99, 100, 101, 102, 485, 486, 487, 488, 489, 490, 491, 492, 493, 494, 495, 496, 497, 498, 499, 500, 501, 502, 503, 504, 505, 506, 507, 508, 509, 510, 511, 512, 513, 514, 515, 516, 517, 518, 519, 520, 521, 522, 523, 524, 525, 526, 527, 528, 529, 530, 531, 532, 533, 534, 535, 536, 537, 538, 539, 540, 541, 542, 543, 544, 545, 546, 547, 548, 549, 550, 551, 552, 553, 554, 555, 556, 557, 558, 559, 560, 561, 562, 563, 564, 565, 566, 567, 568, 569, 570, 571, 572, 573]","[4, 11, 18, 21, 23, 26, 27, 28, 31, 35, 36, 43, 45, 52, 55, 56, 60, 62, 64, 70, 71, 80, 90, 94, 97, 183, 197, 232, 334, 426, 455, 472, 477, 478, 480, 483, 484, 490, 496, 505, 507, 509, 510, 511, 514, 516, 517, 523, 525, 529, 532, 533, 536, 538, 545, 546, 552, 561, 565, 568, 654, 668, 696, 790, 857, 878, 902, 919, 928, 929, 932, 934, 935]","[34, 35, 36, 37, 38, 39, 40, 41, 42, 43, 44, 45, 46, 47, 48, 201, 202, 203, 204, 205, 206, 207, 208, 209, 210, 211, 212, 213, 214, 215, 216, 355, 356, 357, 358, 359, 360, 361, 429, 430, 431, 432, 433, 434, 435, 515, 516, 517, 518, 519, 520, 521, 522, 523, 524, 525, 526, 527, 672, 673, 674, 675, 676, 677, 678, 679, 680, 681, 682, 683, 684, 810, 811, 812, 813, 814, 881, 882, 883, 884, 885, 886]","[32, 33, 34, 35, 36, 37, 38, 39, 40, 41, 42, 43, 44, 45, 46, 47, 48, 201, 202, 203, 204, 205, 206, 207, 208, 209, 210, 211, 212, 213, 214, 215, 216, 355, 356, 357, 358, 359, 360, 361, 429, 430, 431, 432, 433, 434, 435, 515, 516, 517, 518, 519, 520, 521, 522, 523, 524, 525, 526, 527, 672, 673, 674, 675, 676, 677, 678, 679, 680, 681, 682, 683, 684, 810, 811, 812, 813, 814, 881, 882, 883, 884, 885, 886]","[0, 1, 2, 3, 516, 4, 5, 6, 7, 8, 9, 11, 10, 12, 13, 14, 15, 16, 17, 18, 19, 21, 20, 22, 23, 24, 538, 26, 25, 27, 28, 29, 30, 31, 32, 35, 33, 34, 36, 37, 38, 39, 40, 41, 42, 43, 44, 45, 46, 47, 48, 49, 50, 565, 51, 52, 53, 54, 55, 56, 57, 58, 59, 60, 64, 61, 62, 63, 65, 66, 67, 68, 69, 70, 71, 72, 73, 74, 75, 76, 77, 78, 79, 80, 81, 82, 83, 84, 85, 86, 87, 88, 89, 90, 94, 91, 92, 93, 95, 96, 97, 98, 99, 100, 101, 102, 528, 529, 530, 513, 531, 532, 533, 534, 535, 514, 536, 537, 654, 539, 668, 540, 672, 515, 541, 673, 674, 675, 676, 542, 677, 678, 679, 680, 543, 681, 686, 682, 683, 684, 544, 545, 183, 696, 546, 547, 197, 548, 201, 202, 549, 203, 204, 205, 206, 550, 207, 208, 517, 209, 551, 210, 211, 212, 213, 218, 552, 214, 215, 216, 553, 554, 232, 555, 518, 556, 557, 558, 559, 560, 519, 561, 562, 563, 564, 790, 520, 566, 567, 568, 810, 811, 812, 813, 569, 814, 570, 521, 571, 572, 573, 334, 522, 857, 355, 356, 357, 358, 359, 360, 523, 361, 878, 881, 882, 883, 884, 885, 886, 524, 902, 919, 525, 928, 929, 932, 934, 935, 426, 429, 430, 512, 431, 432, 433, 434, 526, 435, 455, 527, 472, 477, 478, 480, 483, 484, 485, 486, 487, 488, 489, 490, 491, 492, 493, 494, 495, 496, 497, 498, 499, 500, 501, 502, 503, 504, 505, 506, 507, 508, 509, 510, 511]",True,"[11, 21, 26, 35, 64, 94, 496, 505, 509, 516, 538, 565]","[0, 1, 2, 3, 4, 5, 6, 7, 8, 9, 10, 11, 12, 13, 14, 15, 16, 17, 18, 19, 20, 21, 22, 23, 24, 25, 26, 27, 28, 29, 30, 31, 32, 33, 34, 35, 36, 37, 38, 39, 40, 41, 42, 43, 44, 45, 46, 47, 48, 49, 50, 51, 52, 53, 54, 55, 56, 57, 58, 59, 60, 61, 62, 63, 64, 65, 66, 67, 68, 69, 70, 71, 72, 73, 74, 75, 76, 77, 78, 79, 80, 81, 82, 83, 84, 85, 86, 87, 88, 89, 90, 91, 92, 93, 94, 95, 96, 97, 98, 99, 100, 101, 102, 485, 486, 487, 488, 489, 490, 491, 492, 493, 494, 495, 496, 497, 498, 499, 500, 501, 502, 503, 504, 505, 506, 507, 508, 509, 510, 511, 512, 513, 514, 515, 516, 517, 518, 519, 520, 521, 522, 523, 524, 525, 526, 527, 528, 529, 530, 531, 532, 533, 534, 535, 536, 537, 538, 539, 540, 541, 542, 543, 544, 545, 546, 547, 548, 549, 550, 551, 552, 553, 554, 555, 556, 557, 558, 559, 560, 561, 562, 563, 564, 565, 566, 567, 568, 569, 570, 571, 572, 573]","[11, 21, 26, 35, 64, 94, 496, 505, 509, 516, 538, 565]","[35, 218, 516, 686]","[4, 11, 18, 21, 23, 26, 27, 28, 31, 35, 36, 43, 45, 52, 55, 56, 60, 62, 64, 70, 71, 80, 90, 94, 97, 183, 197, 232, 334, 426, 455, 472, 477, 478, 480, 483, 484, 490, 496, 505, 507, 509, 510, 511, 514, 516, 517, 523, 525, 529, 532, 533, 536, 538, 545, 546, 552, 561, 565, 568, 654, 668, 696, 790, 857, 878, 902, 919, 928, 929, 932, 934, 935]","[32, 33, 34, 35, 36, 37, 38, 39, 40, 41, 42, 43, 44, 45, 46, 47, 48, 201, 202, 203, 204, 205, 206, 207, 208, 209, 210, 211, 212, 213, 214, 215, 216, 355, 356, 357, 358, 359, 360, 361, 429, 430, 431, 432, 433, 434, 435, 515, 516, 517, 518, 519, 520, 521, 522, 523, 524, 525, 526, 527, 672, 673, 674, 675, 676, 677, 678, 679, 680, 681, 682, 683, 684, 810, 811, 812, 813, 814, 881, 882, 883, 884, 885, 886]","[34, 35, 36, 37, 38, 39, 40, 41, 42, 43, 44, 45, 46, 47, 48, 201, 202, 203, 204, 205, 206, 207, 208, 209, 210, 211, 212, 213, 214, 215, 216, 355, 356, 357, 358, 359, 360, 361, 429, 430, 431, 432, 433, 434, 435, 515, 516, 517, 518, 519, 520, 521, 522, 523, 524, 525, 526, 527, 672, 673, 674, 675, 676, 677, 678, 679, 680, 681, 682, 683, 684, 810, 811, 812, 813, 814, 881, 882, 883, 884, 885, 886]",7/6 successful match,True,"[668, 669, 670]",True,185,False,,1.0,True,Love's Travel Stop # 272,Love's
D Kingman ( 86401 ) Love's Travel Stop # 272,2 928-681-4405 I-40 Exit 59 ( DW Ranch Rd N ),<U+25A1> MOO,Kingman,86401,Love's Travel Stop # 272,928-681-4405,2014,Kingman,AZ,Love's,( DW Ranch Rd N ),I-40 Exit 59 ,Exit,59,False,,False,I-40,,,,,"[35, 516]","[11, 21, 26, 35, 64, 94, 496, 505, 509, 516, 538, 565]","[11, 21, 26, 35, 64, 94, 496, 505, 509, 516, 538, 565]","[35, 218, 516, 686]","[0, 1, 2, 3, 4, 5, 6, 7, 8, 9, 10, 11, 12, 13, 14, 15, 16, 17, 18, 19, 20, 21, 22, 23, 24, 25, 26, 27, 28, 29, 30, 31, 32, 33, 34, 35, 36, 37, 38, 39, 40, 41, 42, 43, 44, 45, 46, 47, 48, 49, 50, 51, 52, 53, 54, 55, 56, 57, 58, 59, 60, 61, 62, 63, 64, 65, 66, 67, 68, 69, 70, 71, 72, 73, 74, 75, 76, 77, 78, 79, 80, 81, 82, 83, 84, 85, 86, 87, 88, 89, 90, 91, 92, 93, 94, 95, 96, 97, 98, 99, 100, 101, 102, 485, 486, 487, 488, 489, 490, 491, 492, 493, 494, 495, 496, 497, 498, 499, 500, 501, 502, 503, 504, 505, 506, 507, 508, 509, 510, 511, 512, 513, 514, 515, 516, 517, 518, 519, 520, 521, 522, 523, 524, 525, 526, 527, 528, 529, 530, 531, 532, 533, 534, 535, 536, 537, 538, 539, 540, 541, 542, 543, 544, 545, 546, 547, 548, 549, 550, 551, 552, 553, 554, 555, 556, 557, 558, 559, 560, 561, 562, 563, 564, 565, 566, 567, 568, 569, 570, 571, 572, 573]","[4, 11, 18, 21, 23, 26, 27, 28, 31, 35, 36, 43, 45, 52, 55, 56, 60, 62, 64, 70, 71, 80, 90, 94, 97, 183, 197, 232, 334, 426, 455, 472, 477, 478, 480, 483, 484, 490, 496, 505, 507, 509, 510, 511, 514, 516, 517, 523, 525, 529, 532, 533, 536, 538, 545, 546, 552, 561, 565, 568, 654, 668, 696, 790, 857, 878, 902, 919, 928, 929, 932, 934, 935]","[34, 35, 36, 37, 38, 39, 40, 41, 42, 43, 44, 45, 46, 47, 48, 201, 202, 203, 204, 205, 206, 207, 208, 209, 210, 211, 212, 213, 214, 215, 216, 355, 356, 357, 358, 359, 360, 361, 429, 430, 431, 432, 433, 434, 435, 515, 516, 517, 518, 519, 520, 521, 522, 523, 524, 525, 526, 527, 672, 673, 674, 675, 676, 677, 678, 679, 680, 681, 682, 683, 684, 810, 811, 812, 813, 814, 881, 882, 883, 884, 885, 886]","[32, 33, 34, 35, 36, 37, 38, 39, 40, 41, 42, 43, 44, 45, 46, 47, 48, 201, 202, 203, 204, 205, 206, 207, 208, 209, 210, 211, 212, 213, 214, 215, 216, 355, 356, 357, 358, 359, 360, 361, 429, 430, 431, 432, 433, 434, 435, 515, 516, 517, 518, 519, 520, 521, 522, 523, 524, 525, 526, 527, 672, 673, 674, 675, 676, 677, 678, 679, 680, 681, 682, 683, 684, 810, 811, 812, 813, 814, 881, 882, 883, 884, 885, 886]","[0, 1, 2, 3, 516, 4, 5, 6, 7, 8, 9, 11, 10, 12, 13, 14, 15, 16, 17, 18, 19, 21, 20, 22, 23, 24, 538, 26, 25, 27, 28, 29, 30, 31, 32, 35, 33, 34, 36, 37, 38, 39, 40, 41, 42, 43, 44, 45, 46, 47, 48, 49, 50, 565, 51, 52, 53, 54, 55, 56, 57, 58, 59, 60, 64, 61, 62, 63, 65, 66, 67, 68, 69, 70, 71, 72, 73, 74, 75, 76, 77, 78, 79, 80, 81, 82, 83, 84, 85, 86, 87, 88, 89, 90, 94, 91, 92, 93, 95, 96, 97, 98, 99, 100, 101, 102, 528, 529, 530, 513, 531, 532, 533, 534, 535, 514, 536, 537, 654, 539, 668, 540, 672, 515, 541, 673, 674, 675, 676, 542, 677, 678, 679, 680, 543, 681, 686, 682, 683, 684, 544, 545, 183, 696, 546, 547, 197, 548, 201, 202, 549, 203, 204, 205, 206, 550, 207, 208, 517, 209, 551, 210, 211, 212, 213, 218, 552, 214, 215, 216, 553, 554, 232, 555, 518, 556, 557, 558, 559, 560, 519, 561, 562, 563, 564, 790, 520, 566, 567, 568, 810, 811, 812, 813, 569, 814, 570, 521, 571, 572, 573, 334, 522, 857, 355, 356, 357, 358, 359, 360, 523, 361, 878, 881, 882, 883, 884, 885, 886, 524, 902, 919, 525, 928, 929, 932, 934, 935, 426, 429, 430, 512, 431, 432, 433, 434, 526, 435, 455, 527, 472, 477, 478, 480, 483, 484, 485, 486, 487, 488, 489, 490, 491, 492, 493, 494, 495, 496, 497, 498, 499, 500, 501, 502, 503, 504, 505, 506, 507, 508, 509, 510, 511]",True,"[11, 21, 26, 35, 64, 94, 496, 505, 509, 516, 538, 565]","[0, 1, 2, 3, 4, 5, 6, 7, 8, 9, 10, 11, 12, 13, 14, 15, 16, 17, 18, 19, 20, 21, 22, 23, 24, 25, 26, 27, 28, 29, 30, 31, 32, 33, 34, 35, 36, 37, 38, 39, 40, 41, 42, 43, 44, 45, 46, 47, 48, 49, 50, 51, 52, 53, 54, 55, 56, 57, 58, 59, 60, 61, 62, 63, 64, 65, 66, 67, 68, 69, 70, 71, 72, 73, 74, 75, 76, 77, 78, 79, 80, 81, 82, 83, 84, 85, 86, 87, 88, 89, 90, 91, 92, 93, 94, 95, 96, 97, 98, 99, 100, 101, 102, 485, 486, 487, 488, 489, 490, 491, 492, 493, 494, 495, 496, 497, 498, 499, 500, 501, 502, 503, 504, 505, 506, 507, 508, 509, 510, 511, 512, 513, 514, 515, 516, 517, 518, 519, 520, 521, 522, 523, 524, 525, 526, 527, 528, 529, 530, 531, 532, 533, 534, 535, 536, 537, 538, 539, 540, 541, 542, 543, 544, 545, 546, 547, 548, 549, 550, 551, 552, 553, 554, 555, 556, 557, 558, 559, 560, 561, 562, 563, 564, 565, 566, 567, 568, 569, 570, 571, 572, 573]","[11, 21, 26, 35, 64, 94, 496, 505, 509, 516, 538, 565]","[35, 218, 516, 686]","[4, 11, 18, 21, 23, 26, 27, 28, 31, 35, 36, 43, 45, 52, 55, 56, 60, 62, 64, 70, 71, 80, 90, 94, 97, 183, 197, 232, 334, 426, 455, 472, 477, 478, 480, 483, 484, 490, 496, 505, 507, 509, 510, 511, 514, 516, 517, 523, 525, 529, 532, 533, 536, 538, 545, 546, 552, 561, 565, 568, 654, 668, 696, 790, 857, 878, 902, 919, 928, 929, 932, 934, 935]","[32, 33, 34, 35, 36, 37, 38, 39, 40, 41, 42, 43, 44, 45, 46, 47, 48, 201, 202, 203, 204, 205, 206, 207, 208, 209, 210, 211, 212, 213, 214, 215, 216, 355, 356, 357, 358, 359, 360, 361, 429, 430, 431, 432, 433, 434, 435, 515, 516, 517, 518, 519, 520, 521, 522, 523, 524, 525, 526, 527, 672, 673, 674, 675, 676, 677, 678, 679, 680, 681, 682, 683, 684, 810, 811, 812, 813, 814, 881, 882, 883, 884, 885, 886]","[34, 35, 36, 37, 38, 39, 40, 41, 42, 43, 44, 45, 46, 47, 48, 201, 202, 203, 204, 205, 206, 207, 208, 209, 210, 211, 212, 213, 214, 215, 216, 355, 356, 357, 358, 359, 360, 361, 429, 430, 431, 432, 433, 434, 435, 515, 516, 517, 518, 519, 520, 521, 522, 523, 524, 525, 526, 527, 672, 673, 674, 675, 676, 677, 678, 679, 680, 681, 682, 683, 684, 810, 811, 812, 813, 814, 881, 882, 883, 884, 885, 886]",7/6 successful match,True,"[668, 669, 670]",True,185,False,,1.0,True,Love's Travel Stop # 272,Love's
D Kingman ( 86401 ) Love's Travel Stop # 272,2 928-681-4405 I-40 Exit 59 ( DW Ranch Rd N ),24 HRS <U+25A1> M D <U+2610>,Kingman,86401,Love's Travel Stop # 272,928-681-4405,2015,Kingman,AZ,Love's,( DW Ranch Rd N ),I-40 Exit 59 ,Exit,59,False,,False,I-40,,,,,"[35, 516]","[11, 21, 26, 35, 64, 94, 496, 505, 509, 516, 538, 565]","[11, 21, 26, 35, 64, 94, 496, 505, 509, 516, 538, 565]","[35, 218, 516, 686]","[0, 1, 2, 3, 4, 5, 6, 7, 8, 9, 10, 11, 12, 13, 14, 15, 16, 17, 18, 19, 20, 21, 22, 23, 24, 25, 26, 27, 28, 29, 30, 31, 32, 33, 34, 35, 36, 37, 38, 39, 40, 41, 42, 43, 44, 45, 46, 47, 48, 49, 50, 51, 52, 53, 54, 55, 56, 57, 58, 59, 60, 61, 62, 63, 64, 65, 66, 67, 68, 69, 70, 71, 72, 73, 74, 75, 76, 77, 78, 79, 80, 81, 82, 83, 84, 85, 86, 87, 88, 89, 90, 91, 92, 93, 94, 95, 96, 97, 98, 99, 100, 101, 102, 485, 486, 487, 488, 489, 490, 491, 492, 493, 494, 495, 496, 497, 498, 499, 500, 501, 502, 503, 504, 505, 506, 507, 508, 509, 510, 511, 512, 513, 514, 515, 516, 517, 518, 519, 520, 521, 522, 523, 524, 525, 526, 527, 528, 529, 530, 531, 532, 533, 534, 535, 536, 537, 538, 539, 540, 541, 542, 543, 544, 545, 546, 547, 548, 549, 550, 551, 552, 553, 554, 555, 556, 557, 558, 559, 560, 561, 562, 563, 564, 565, 566, 567, 568, 569, 570, 571, 572, 573]","[4, 11, 18, 21, 23, 26, 27, 28, 31, 35, 36, 43, 45, 52, 55, 56, 60, 62, 64, 70, 71, 80, 90, 94, 97, 183, 197, 232, 334, 426, 455, 472, 477, 478, 480, 483, 484, 490, 496, 505, 507, 509, 510, 511, 514, 516, 517, 523, 525, 529, 532, 533, 536, 538, 545, 546, 552, 561, 565, 568, 654, 668, 696, 790, 857, 878, 902, 919, 928, 929, 932, 934, 935]","[34, 35, 36, 37, 38, 39, 40, 41, 42, 43, 44, 45, 46, 47, 48, 201, 202, 203, 204, 205, 206, 207, 208, 209, 210, 211, 212, 213, 214, 215, 216, 355, 356, 357, 358, 359, 360, 361, 429, 430, 431, 432, 433, 434, 435, 515, 516, 517, 518, 519, 520, 521, 522, 523, 524, 525, 526, 527, 672, 673, 674, 675, 676, 677, 678, 679, 680, 681, 682, 683, 684, 810, 811, 812, 813, 814, 881, 882, 883, 884, 885, 886]","[32, 33, 34, 35, 36, 37, 38, 39, 40, 41, 42, 43, 44, 45, 46, 47, 48, 201, 202, 203, 204, 205, 206, 207, 208, 209, 210, 211, 212, 213, 214, 215, 216, 355, 356, 357, 358, 359, 360, 361, 429, 430, 431, 432, 433, 434, 435, 515, 516, 517, 518, 519, 520, 521, 522, 523, 524, 525, 526, 527, 672, 673, 674, 675, 676, 677, 678, 679, 680, 681, 682, 683, 684, 810, 811, 812, 813, 814, 881, 882, 883, 884, 885, 886]","[0, 1, 2, 3, 516, 4, 5, 6, 7, 8, 9, 11, 10, 12, 13, 14, 15, 16, 17, 18, 19, 21, 20, 22, 23, 24, 538, 26, 25, 27, 28, 29, 30, 31, 32, 35, 33, 34, 36, 37, 38, 39, 40, 41, 42, 43, 44, 45, 46, 47, 48, 49, 50, 565, 51, 52, 53, 54, 55, 56, 57, 58, 59, 60, 64, 61, 62, 63, 65, 66, 67, 68, 69, 70, 71, 72, 73, 74, 75, 76, 77, 78, 79, 80, 81, 82, 83, 84, 85, 86, 87, 88, 89, 90, 94, 91, 92, 93, 95, 96, 97, 98, 99, 100, 101, 102, 528, 529, 530, 513, 531, 532, 533, 534, 535, 514, 536, 537, 654, 539, 668, 540, 672, 515, 541, 673, 674, 675, 676, 542, 677, 678, 679, 680, 543, 681, 686, 682, 683, 684, 544, 545, 183, 696, 546, 547, 197, 548, 201, 202, 549, 203, 204, 205, 206, 550, 207, 208, 517, 209, 551, 210, 211, 212, 213, 218, 552, 214, 215, 216, 553, 554, 232, 555, 518, 556, 557, 558, 559, 560, 519, 561, 562, 563, 564, 790, 520, 566, 567, 568, 810, 811, 812, 813, 569, 814, 570, 521, 571, 572, 573, 334, 522, 857, 355, 356, 357, 358, 359, 360, 523, 361, 878, 881, 882, 883, 884, 885, 886, 524, 902, 919, 525, 928, 929, 932, 934, 935, 426, 429, 430, 512, 431, 432, 433, 434, 526, 435, 455, 527, 472, 477, 478, 480, 483, 484, 485, 486, 487, 488, 489, 490, 491, 492, 493, 494, 495, 496, 497, 498, 499, 500, 501, 502, 503, 504, 505, 506, 507, 508, 509, 510, 511]",True,"[11, 21, 26, 35, 64, 94, 496, 505, 509, 516, 538, 565]","[0, 1, 2, 3, 4, 5, 6, 7, 8, 9, 10, 11, 12, 13, 14, 15, 16, 17, 18, 19, 20, 21, 22, 23, 24, 25, 26, 27, 28, 29, 30, 31, 32, 33, 34, 35, 36, 37, 38, 39, 40, 41, 42, 43, 44, 45, 46, 47, 48, 49, 50, 51, 52, 53, 54, 55, 56, 57, 58, 59, 60, 61, 62, 63, 64, 65, 66, 67, 68, 69, 70, 71, 72, 73, 74, 75, 76, 77, 78, 79, 80, 81, 82, 83, 84, 85, 86, 87, 88, 89, 90, 91, 92, 93, 94, 95, 96, 97, 98, 99, 100, 101, 102, 485, 486, 487, 488, 489, 490, 491, 492, 493, 494, 495, 496, 497, 498, 499, 500, 501, 502, 503, 504, 505, 506, 507, 508, 509, 510, 511, 512, 513, 514, 515, 516, 517, 518, 519, 520, 521, 522, 523, 524, 525, 526, 527, 528, 529, 530, 531, 532, 533, 534, 535, 536, 537, 538, 539, 540, 541, 542, 543, 544, 545, 546, 547, 548, 549, 550, 551, 552, 553, 554, 555, 556, 557, 558, 559, 560, 561, 562, 563, 564, 565, 566, 567, 568, 569, 570, 571, 572, 573]","[11, 21, 26, 35, 64, 94, 496, 505, 509, 516, 538, 565]","[35, 218, 516, 686]","[4, 11, 18, 21, 23, 26, 27, 28, 31, 35, 36, 43, 45, 52, 55, 56, 60, 62, 64, 70, 71, 80, 90, 94, 97, 183, 197, 232, 334, 426, 455, 472, 477, 478, 480, 483, 484, 490, 496, 505, 507, 509, 510, 511, 514, 516, 517, 523, 525, 529, 532, 533, 536, 538, 545, 546, 552, 561, 565, 568, 654, 668, 696, 790, 857, 878, 902, 919, 928, 929, 932, 934, 935]","[32, 33, 34, 35, 36, 37, 38, 39, 40, 41, 42, 43, 44, 45, 46, 47, 48, 201, 202, 203, 204, 205, 206, 207, 208, 209, 210, 211, 212, 213, 214, 215, 216, 355, 356, 357, 358, 359, 360, 361, 429, 430, 431, 432, 433, 434, 435, 515, 516, 517, 518, 519, 520, 521, 522, 523, 524, 525, 526, 527, 672, 673, 674, 675, 676, 677, 678, 679, 680, 681, 682, 683, 684, 810, 811, 812, 813, 814, 881, 882, 883, 884, 885, 886]","[34, 35, 36, 37, 38, 39, 40, 41, 42, 43, 44, 45, 46, 47, 48, 201, 202, 203, 204, 205, 206, 207, 208, 209, 210, 211, 212, 213, 214, 215, 216, 355, 356, 357, 358, 359, 360, 361, 429, 430, 431, 432, 433, 434, 435, 515, 516, 517, 518, 519, 520, 521, 522, 523, 524, 525, 526, 527, 672, 673, 674, 675, 676, 677, 678, 679, 680, 681, 682, 683, 684, 810, 811, 812, 813, 814, 881, 882, 883, 884, 885, 886]",7/6 successful match,True,"[668, 669, 670]",True,185,False,,1.0,True,Love's Travel Stop # 272,Love's
D Kingman ( 86401 ) Love's Travel Stop # 272,2 928-681-4405 I-40 Exit 59 ( DW Ranch Rd N ),24 <U+25A1> M 24 225,Kingman,86401,Love's Travel Stop # 272,928-681-4405,2016,Kingman,AZ,Love's,( DW Ranch Rd N ),I-40 Exit 59 ,Exit,59,False,,False,I-40,,,,,"[35, 516]","[11, 21, 26, 35, 64, 94, 496, 505, 509, 516, 538, 565]","[11, 21, 26, 35, 64, 94, 496, 505, 509, 516, 538, 565]","[35, 218, 516, 686]","[0, 1, 2, 3, 4, 5, 6, 7, 8, 9, 10, 11, 12, 13, 14, 15, 16, 17, 18, 19, 20, 21, 22, 23, 24, 25, 26, 27, 28, 29, 30, 31, 32, 33, 34, 35, 36, 37, 38, 39, 40, 41, 42, 43, 44, 45, 46, 47, 48, 49, 50, 51, 52, 53, 54, 55, 56, 57, 58, 59, 60, 61, 62, 63, 64, 65, 66, 67, 68, 69, 70, 71, 72, 73, 74, 75, 76, 77, 78, 79, 80, 81, 82, 83, 84, 85, 86, 87, 88, 89, 90, 91, 92, 93, 94, 95, 96, 97, 98, 99, 100, 101, 102, 485, 486, 487, 488, 489, 490, 491, 492, 493, 494, 495, 496, 497, 498, 499, 500, 501, 502, 503, 504, 505, 506, 507, 508, 509, 510, 511, 512, 513, 514, 515, 516, 517, 518, 519, 520, 521, 522, 523, 524, 525, 526, 527, 528, 529, 530, 531, 532, 533, 534, 535, 536, 537, 538, 539, 540, 541, 542, 543, 544, 545, 546, 547, 548, 549, 550, 551, 552, 553, 554, 555, 556, 557, 558, 559, 560, 561, 562, 563, 564, 565, 566, 567, 568, 569, 570, 571, 572, 573]","[4, 11, 18, 21, 23, 26, 27, 28, 31, 35, 36, 43, 45, 52, 55, 56, 60, 62, 64, 70, 71, 80, 90, 94, 97, 183, 197, 232, 334, 426, 455, 472, 477, 478, 480, 483, 484, 490, 496, 505, 507, 509, 510, 511, 514, 516, 517, 523, 525, 529, 532, 533, 536, 538, 545, 546, 552, 561, 565, 568, 654, 668, 696, 790, 857, 878, 902, 919, 928, 929, 932, 934, 935]","[34, 35, 36, 37, 38, 39, 40, 41, 42, 43, 44, 45, 46, 47, 48, 201, 202, 203, 204, 205, 206, 207, 208, 209, 210, 211, 212, 213, 214, 215, 216, 355, 356, 357, 358, 359, 360, 361, 429, 430, 431, 432, 433, 434, 435, 515, 516, 517, 518, 519, 520, 521, 522, 523, 524, 525, 526, 527, 672, 673, 674, 675, 676, 677, 678, 679, 680, 681, 682, 683, 684, 810, 811, 812, 813, 814, 881, 882, 883, 884, 885, 886]","[32, 33, 34, 35, 36, 37, 38, 39, 40, 41, 42, 43, 44, 45, 46, 47, 48, 201, 202, 203, 204, 205, 206, 207, 208, 209, 210, 211, 212, 213, 214, 215, 216, 355, 356, 357, 358, 359, 360, 361, 429, 430, 431, 432, 433, 434, 435, 515, 516, 517, 518, 519, 520, 521, 522, 523, 524, 525, 526, 527, 672, 673, 674, 675, 676, 677, 678, 679, 680, 681, 682, 683, 684, 810, 811, 812, 813, 814, 881, 882, 883, 884, 885, 886]","[0, 1, 2, 3, 516, 4, 5, 6, 7, 8, 9, 11, 10, 12, 13, 14, 15, 16, 17, 18, 19, 21, 20, 22, 23, 24, 538, 26, 25, 27, 28, 29, 30, 31, 32, 35, 33, 34, 36, 37, 38, 39, 40, 41, 42, 43, 44, 45, 46, 47, 48, 49, 50, 565, 51, 52, 53, 54, 55, 56, 57, 58, 59, 60, 64, 61, 62, 63, 65, 66, 67, 68, 69, 70, 71, 72, 73, 74, 75, 76, 77, 78, 79, 80, 81, 82, 83, 84, 85, 86, 87, 88, 89, 90, 94, 91, 92, 93, 95, 96, 97, 98, 99, 100, 101, 102, 528, 529, 530, 513, 531, 532, 533, 534, 535, 514, 536, 537, 654, 539, 668, 540, 672, 515, 541, 673, 674, 675, 676, 542, 677, 678, 679, 680, 543, 681, 686, 682, 683, 684, 544, 545, 183, 696, 546, 547, 197, 548, 201, 202, 549, 203, 204, 205, 206, 550, 207, 208, 517, 209, 551, 210, 211, 212, 213, 218, 552, 214, 215, 216, 553, 554, 232, 555, 518, 556, 557, 558, 559, 560, 519, 561, 562, 563, 564, 790, 520, 566, 567, 568, 810, 811, 812, 813, 569, 814, 570, 521, 571, 572, 573, 334, 522, 857, 355, 356, 357, 358, 359, 360, 523, 361, 878, 881, 882, 883, 884, 885, 886, 524, 902, 919, 525, 928, 929, 932, 934, 935, 426, 429, 430, 512, 431, 432, 433, 434, 526, 435, 455, 527, 472, 477, 478, 480, 483, 484, 485, 486, 487, 488, 489, 490, 491, 492, 493, 494, 495, 496, 497, 498, 499, 500, 501, 502, 503, 504, 505, 506, 507, 508, 509, 510, 511]",True,"[11, 21, 26, 35, 64, 94, 496, 505, 509, 516, 538, 565]","[0, 1, 2, 3, 4, 5, 6, 7, 8, 9, 10, 11, 12, 13, 14, 15, 16, 17, 18, 19, 20, 21, 22, 23, 24, 25, 26, 27, 28, 29, 30, 31, 32, 33, 34, 35, 36, 37, 38, 39, 40, 41, 42, 43, 44, 45, 46, 47, 48, 49, 50, 51, 52, 53, 54, 55, 56, 57, 58, 59, 60, 61, 62, 63, 64, 65, 66, 67, 68, 69, 70, 71, 72, 73, 74, 75, 76, 77, 78, 79, 80, 81, 82, 83, 84, 85, 86, 87, 88, 89, 90, 91, 92, 93, 94, 95, 96, 97, 98, 99, 100, 101, 102, 485, 486, 487, 488, 489, 490, 491, 492, 493, 494, 495, 496, 497, 498, 499, 500, 501, 502, 503, 504, 505, 506, 507, 508, 509, 510, 511, 512, 513, 514, 515, 516, 517, 518, 519, 520, 521, 522, 523, 524, 525, 526, 527, 528, 529, 530, 531, 532, 533, 534, 535, 536, 537, 538, 539, 540, 541, 542, 543, 544, 545, 546, 547, 548, 549, 550, 551, 552, 553, 554, 555, 556, 557, 558, 559, 560, 561, 562, 563, 564, 565, 566, 567, 568, 569, 570, 571, 572, 573]","[11, 21, 26, 35, 64, 94, 496, 505, 509, 516, 538, 565]","[35, 218, 516, 686]","[4, 11, 18, 21, 23, 26, 27, 28, 31, 35, 36, 43, 45, 52, 55, 56, 60, 62, 64, 70, 71, 80, 90, 94, 97, 183, 197, 232, 334, 426, 455, 472, 477, 478, 480, 483, 484, 490, 496, 505, 507, 509, 510, 511, 514, 516, 517, 523, 525, 529, 532, 533, 536, 538, 545, 546, 552, 561, 565, 568, 654, 668, 696, 790, 857, 878, 902, 919, 928, 929, 932, 934, 935]","[32, 33, 34, 35, 36, 37, 38, 39, 40, 41, 42, 43, 44, 45, 46, 47, 48, 201, 202, 203, 204, 205, 206, 207, 208, 209, 210, 211, 212, 213, 214, 215, 216, 355, 356, 357, 358, 359, 360, 361, 429, 430, 431, 432, 433, 434, 435, 515, 516, 517, 518, 519, 520, 521, 522, 523, 524, 525, 526, 527, 672, 673, 674, 675, 676, 677, 678, 679, 680, 681, 682, 683, 684, 810, 811, 812, 813, 814, 881, 882, 883, 884, 885, 886]","[34, 35, 36, 37, 38, 39, 40, 41, 42, 43, 44, 45, 46, 47, 48, 201, 202, 203, 204, 205, 206, 207, 208, 209, 210, 211, 212, 213, 214, 215, 216, 355, 356, 357, 358, 359, 360, 361, 429, 430, 431, 432, 433, 434, 435, 515, 516, 517, 518, 519, 520, 521, 522, 523, 524, 525, 526, 527, 672, 673, 674, 675, 676, 677, 678, 679, 680, 681, 682, 683, 684, 810, 811, 812, 813, 814, 881, 882, 883, 884, 885, 886]",7/6 successful match,True,"[668, 669, 670]",True,185,False,,1.0,True,Love's Travel Stop # 272,Love's
"Kingman , 86401 Hallum Stores - Fuel Mart",928-753-6538 I-40 Exit 48 ( US 93 ),HRS <U+2610> 481 <U+2610>,Kingman,86401,Hallum Stores - Fuel Mart,928-753-6538,2006,Kingman,AZ,,( US 93 ),I-40 Exit 48 ,Exit,48,False,,False,I-40,,,,,"[26, 509]","[11, 21, 26, 35, 64, 94, 496, 505, 509, 516, 538, 565]","[11, 21, 26, 35, 64, 94, 496, 505, 509, 516, 538, 565]","[26, 94, 343, 375, 509, 565, 799, 825]","[0, 1, 2, 3, 4, 5, 6, 7, 8, 9, 10, 11, 12, 13, 14, 15, 16, 17, 18, 19, 20, 21, 22, 23, 24, 25, 26, 27, 28, 29, 30, 31, 32, 33, 34, 35, 36, 37, 38, 39, 40, 41, 42, 43, 44, 45, 46, 47, 48, 49, 50, 51, 52, 53, 54, 55, 56, 57, 58, 59, 60, 61, 62, 63, 64, 65, 66, 67, 68, 69, 70, 71, 72, 73, 74, 75, 76, 77, 78, 79, 80, 81, 82, 83, 84, 85, 86, 87, 88, 89, 90, 91, 92, 93, 94, 95, 96, 97, 98, 99, 100, 101, 102, 485, 486, 487, 488, 489, 490, 491, 492, 493, 494, 495, 496, 497, 498, 499, 500, 501, 502, 503, 504, 505, 506, 507, 508, 509, 510, 511, 512, 513, 514, 515, 516, 517, 518, 519, 520, 521, 522, 523, 524, 525, 526, 527, 528, 529, 530, 531, 532, 533, 534, 535, 536, 537, 538, 539, 540, 541, 542, 543, 544, 545, 546, 547, 548, 549, 550, 551, 552, 553, 554, 555, 556, 557, 558, 559, 560, 561, 562, 563, 564, 565, 566, 567, 568, 569, 570, 571, 572, 573]","[4, 11, 18, 21, 23, 26, 27, 28, 31, 35, 36, 43, 45, 52, 55, 56, 60, 62, 64, 70, 71, 80, 90, 94, 97, 183, 197, 232, 334, 426, 455, 472, 477, 478, 480, 483, 484, 490, 496, 505, 507, 509, 510, 511, 514, 516, 517, 523, 525, 529, 532, 533, 536, 538, 545, 546, 552, 561, 565, 568, 654, 668, 696, 790, 857, 878, 902, 919, 928, 929, 932, 934, 935]",[],"[26, 32, 33, 34, 35, 36, 37, 38, 39, 40, 41, 42, 43, 44, 45, 46, 47, 48, 201, 202, 203, 204, 205, 206, 207, 208, 209, 210, 211, 212, 213, 214, 215, 216, 355, 356, 357, 358, 359, 360, 361, 429, 430, 431, 432, 433, 434, 435, 509, 515, 516, 517, 518, 519, 520, 521, 522, 523, 524, 525, 526, 527, 672, 673, 674, 675, 676, 677, 678, 679, 680, 681, 682, 683, 684, 810, 811, 812, 813, 814, 881, 882, 883, 884, 885, 886]","[0, 1, 2, 3, 516, 4, 5, 6, 7, 8, 9, 11, 10, 12, 13, 14, 15, 16, 17, 18, 19, 21, 20, 22, 23, 24, 538, 26, 25, 27, 28, 29, 30, 31, 32, 35, 33, 34, 36, 37, 38, 39, 40, 41, 42, 43, 44, 45, 46, 47, 48, 49, 50, 565, 51, 52, 53, 54, 55, 56, 57, 58, 59, 60, 64, 61, 62, 63, 65, 66, 67, 68, 69, 70, 71, 72, 73, 74, 75, 76, 77, 78, 79, 80, 81, 82, 83, 84, 85, 86, 87, 88, 89, 90, 94, 91, 92, 93, 95, 96, 97, 98, 99, 100, 101, 102, 528, 529, 530, 513, 531, 532, 533, 534, 535, 514, 536, 537, 654, 539, 668, 540, 672, 515, 541, 673, 674, 675, 676, 542, 677, 678, 679, 680, 543, 681, 682, 683, 684, 544, 545, 183, 696, 546, 547, 197, 548, 201, 202, 549, 203, 204, 205, 206, 550, 207, 208, 517, 209, 551, 210, 211, 212, 213, 552, 214, 215, 216, 553, 554, 232, 555, 518, 556, 557, 558, 559, 560, 519, 561, 562, 563, 564, 790, 520, 799, 566, 567, 568, 810, 811, 812, 813, 569, 814, 570, 521, 825, 571, 572, 573, 334, 522, 343, 857, 355, 356, 357, 358, 359, 360, 523, 361, 878, 881, 882, 883, 884, 885, 886, 375, 524, 902, 919, 525, 928, 929, 932, 934, 935, 426, 429, 430, 512, 431, 432, 433, 434, 526, 435, 455, 527, 472, 477, 478, 480, 483, 484, 485, 486, 487, 488, 489, 490, 491, 492, 493, 494, 495, 496, 497, 498, 499, 500, 501, 502, 503, 504, 505, 506, 507, 508, 509, 510, 511]",True,"[11, 21, 26, 35, 64, 94, 496, 505, 509, 516, 538, 565]","[0, 1, 2, 3, 4, 5, 6, 7, 8, 9, 10, 11, 12, 13, 14, 15, 16, 17, 18, 19, 20, 21, 22, 23, 24, 25, 26, 27, 28, 29, 30, 31, 32, 33, 34, 35, 36, 37, 38, 39, 40, 41, 42, 43, 44, 45, 46, 47, 48, 49, 50, 51, 52, 53, 54, 55, 56, 57, 58, 59, 60, 61, 62, 63, 64, 65, 66, 67, 68, 69, 70, 71, 72, 73, 74, 75, 76, 77, 78, 79, 80, 81, 82, 83, 84, 85, 86, 87, 88, 89, 90, 91, 92, 93, 94, 95, 96, 97, 98, 99, 100, 101, 102, 485, 486, 487, 488, 489, 490, 491, 492, 493, 494, 495, 496, 497, 498, 499, 500, 501, 502, 503, 504, 505, 506, 507, 508, 509, 510, 511, 512, 513, 514, 515, 516, 517, 518, 519, 520, 521, 522, 523, 524, 525, 526, 527, 528, 529, 530, 531, 532, 533, 534, 535, 536, 537, 538, 539, 540, 541, 542, 543, 544, 545, 546, 547, 548, 549, 550, 551, 552, 553, 554, 555, 556, 557, 558, 559, 560, 561, 562, 563, 564, 565, 566, 567, 568, 569, 570, 571, 572, 573]","[11, 21, 26, 35, 64, 94, 496, 505, 509, 516, 538, 565]","[26, 94, 343, 375, 509, 565, 799, 825]","[4, 11, 18, 21, 23, 26, 27, 28, 31, 35, 36, 43, 45, 52, 55, 56, 60, 62, 64, 70, 71, 80, 90, 94, 97, 183, 197, 232, 334, 426, 455, 472, 477, 478, 480, 483, 484, 490, 496, 505, 507, 509, 510, 511, 514, 516, 517, 523, 525, 529, 532, 533, 536, 538, 545, 546, 552, 561, 565, 568, 654, 668, 696, 790, 857, 878, 902, 919, 928, 929, 932, 934, 935]","[26, 32, 33, 34, 35, 36, 37, 38, 39, 40, 41, 42, 43, 44, 45, 46, 47, 48, 201, 202, 203, 204, 205, 206, 207, 208, 209, 210, 211, 212, 213, 214, 215, 216, 355, 356, 357, 358, 359, 360, 361, 429, 430, 431, 432, 433, 434, 435, 509, 515, 516, 517, 518, 519, 520, 521, 522, 523, 524, 525, 526, 527, 672, 673, 674, 675, 676, 677, 678, 679, 680, 681, 682, 683, 684, 810, 811, 812, 813, 814, 881, 882, 883, 884, 885, 886]",[],7/6 successful match,True,[623],True,186,False,,,,,
"Kingman , 86401 Hallum Stores - Fuel Mart",928-753-6538 I-40 Exit 48 ( US 93 ),-,Kingman,86401,Hallum Stores - Fuel Mart,928-753-6538,2007,Kingman,AZ,,( US 93 ),I-40 Exit 48 ,Exit,48,False,,False,I-40,,,,,"[26, 509]","[11, 21, 26, 35, 64, 94, 496, 505, 509, 516, 538, 565]","[11, 21, 26, 35, 64, 94, 496, 505, 509, 516, 538, 565]","[26, 94, 343, 375, 509, 565, 799, 825]","[0, 1, 2, 3, 4, 5, 6, 7, 8, 9, 10, 11, 12, 13, 14, 15, 16, 17, 18, 19, 20, 21, 22, 23, 24, 25, 26, 27, 28, 29, 30, 31, 32, 33, 34, 35, 36, 37, 38, 39, 40, 41, 42, 43, 44, 45, 46, 47, 48, 49, 50, 51, 52, 53, 54, 55, 56, 57, 58, 59, 60, 61, 62, 63, 64, 65, 66, 67, 68, 69, 70, 71, 72, 73, 74, 75, 76, 77, 78, 79, 80, 81, 82, 83, 84, 85, 86, 87, 88, 89, 90, 91, 92, 93, 94, 95, 96, 97, 98, 99, 100, 101, 102, 485, 486, 487, 488, 489, 490, 491, 492, 493, 494, 495, 496, 497, 498, 499, 500, 501, 502, 503, 504, 505, 506, 507, 508, 509, 510, 511, 512, 513, 514, 515, 516, 517, 518, 519, 520, 521, 522, 523, 524, 525, 526, 527, 528, 529, 530, 531, 532, 533, 534, 535, 536, 537, 538, 539, 540, 541, 542, 543, 544, 545, 546, 547, 548, 549, 550, 551, 552, 553, 554, 555, 556, 557, 558, 559, 560, 561, 562, 563, 564, 565, 566, 567, 568, 569, 570, 571, 572, 573]","[4, 11, 18, 21, 23, 26, 27, 28, 31, 35, 36, 43, 45, 52, 55, 56, 60, 62, 64, 70, 71, 80, 90, 94, 97, 183, 197, 232, 334, 426, 455, 472, 477, 478, 480, 483, 484, 490, 496, 505, 507, 509, 510, 511, 514, 516, 517, 523, 525, 529, 532, 533, 536, 538, 545, 546, 552, 561, 565, 568, 654, 668, 696, 790, 857, 878, 902, 919, 928, 929, 932, 934, 935]",[],"[26, 32, 33, 34, 35, 36, 37, 38, 39, 40, 41, 42, 43, 44, 45, 46, 47, 48, 201, 202, 203, 204, 205, 206, 207, 208, 209, 210, 211, 212, 213, 214, 215, 216, 355, 356, 357, 358, 359, 360, 361, 429, 430, 431, 432, 433, 434, 435, 509, 515, 516, 517, 518, 519, 520, 521, 522, 523, 524, 525, 526, 527, 672, 673, 674, 675, 676, 677, 678, 679, 680, 681, 682, 683, 684, 810, 811, 812, 813, 814, 881, 882, 883, 884, 885, 886]","[0, 1, 2, 3, 516, 4, 5, 6, 7, 8, 9, 11, 10, 12, 13, 14, 15, 16, 17, 18, 19, 21, 20, 22, 23, 24, 538, 26, 25, 27, 28, 29, 30, 31, 32, 35, 33, 34, 36, 37, 38, 39, 40, 41, 42, 43, 44, 45, 46, 47, 48, 49, 50, 565, 51, 52, 53, 54, 55, 56, 57, 58, 59, 60, 64, 61, 62, 63, 65, 66, 67, 68, 69, 70, 71, 72, 73, 74, 75, 76, 77, 78, 79, 80, 81, 82, 83, 84, 85, 86, 87, 88, 89, 90, 94, 91, 92, 93, 95, 96, 97, 98, 99, 100, 101, 102, 528, 529, 530, 513, 531, 532, 533, 534, 535, 514, 536, 537, 654, 539, 668, 540, 672, 515, 541, 673, 674, 675, 676, 542, 677, 678, 679, 680, 543, 681, 682, 683, 684, 544, 545, 183, 696, 546, 547, 197, 548, 201, 202, 549, 203, 204, 205, 206, 550, 207, 208, 517, 209, 551, 210, 211, 212, 213, 552, 214, 215, 216, 553, 554, 232, 555, 518, 556, 557, 558, 559, 560, 519, 561, 562, 563, 564, 790, 520, 799, 566, 567, 568, 810, 811, 812, 813, 569, 814, 570, 521, 825, 571, 572, 573, 334, 522, 343, 857, 355, 356, 357, 358, 359, 360, 523, 361, 878, 881, 882, 883, 884, 885, 886, 375, 524, 902, 919, 525, 928, 929, 932, 934, 935, 426, 429, 430, 512, 431, 432, 433, 434, 526, 435, 455, 527, 472, 477, 478, 480, 483, 484, 485, 486, 487, 488, 489, 490, 491, 492, 493, 494, 495, 496, 497, 498, 499, 500, 501, 502, 503, 504, 505, 506, 507, 508, 509, 510, 511]",True,"[11, 21, 26, 35, 64, 94, 496, 505, 509, 516, 538, 565]","[0, 1, 2, 3, 4, 5, 6, 7, 8, 9, 10, 11, 12, 13, 14, 15, 16, 17, 18, 19, 20, 21, 22, 23, 24, 25, 26, 27, 28, 29, 30, 31, 32, 33, 34, 35, 36, 37, 38, 39, 40, 41, 42, 43, 44, 45, 46, 47, 48, 49, 50, 51, 52, 53, 54, 55, 56, 57, 58, 59, 60, 61, 62, 63, 64, 65, 66, 67, 68, 69, 70, 71, 72, 73, 74, 75, 76, 77, 78, 79, 80, 81, 82, 83, 84, 85, 86, 87, 88, 89, 90, 91, 92, 93, 94, 95, 96, 97, 98, 99, 100, 101, 102, 485, 486, 487, 488, 489, 490, 491, 492, 493, 494, 495, 496, 497, 498, 499, 500, 501, 502, 503, 504, 505, 506, 507, 508, 509, 510, 511, 512, 513, 514, 515, 516, 517, 518, 519, 520, 521, 522, 523, 524, 525, 526, 527, 528, 529, 530, 531, 532, 533, 534, 535, 536, 537, 538, 539, 540, 541, 542, 543, 544, 545, 546, 547, 548, 549, 550, 551, 552, 553, 554, 555, 556, 557, 558, 559, 560, 561, 562, 563, 564, 565, 566, 567, 568, 569, 570, 571, 572, 573]","[11, 21, 26, 35, 64, 94, 496, 505, 509, 516, 538, 565]","[26, 94, 343, 375, 509, 565, 799, 825]","[4, 11, 18, 21, 23, 26, 27, 28, 31, 35, 36, 43, 45, 52, 55, 56, 60, 62, 64, 70, 71, 80, 90, 94, 97, 183, 197, 232, 334, 426, 455, 472, 477, 478, 480, 483, 484, 490, 496, 505, 507, 509, 510, 511, 514, 516, 517, 523, 525, 529, 532, 533, 536, 538, 545, 546, 552, 561, 565, 568, 654, 668, 696, 790, 857, 878, 902, 919, 928, 929, 932, 934, 935]","[26, 32, 33, 34, 35, 36, 37, 38, 39, 40, 41, 42, 43, 44, 45, 46, 47, 48, 201, 202, 203, 204, 205, 206, 207, 208, 209, 210, 211, 212, 213, 214, 215, 216, 355, 356, 357, 358, 359, 360, 361, 429, 430, 431, 432, 433, 434, 435, 509, 515, 516, 517, 518, 519, 520, 521, 522, 523, 524, 525, 526, 527, 672, 673, 674, 675, 676, 677, 678, 679, 680, 681, 682, 683, 684, 810, 811, 812, 813, 814, 881, 882, 883, 884, 885, 886]",[],7/6 successful match,True,[623],True,186,False,,1.0,True,Hallum Stores - Fuel Mart,
"Kingman , 86401 Hallum Stores - Fuel Smart",2 928-753-6538 I-40 Exit 48 ( US 93 ),HRS 24 <U+2610> <U+2610> <U+2610> <U+2610>,Kingman,86401,Hallum Stores - Fuel Smart,928-753-6538,2008,Kingman,AZ,,( US 93 ),I-40 Exit 48 ,Exit,48,False,,False,I-40,,,,,"[26, 509]","[11, 21, 26, 35, 64, 94, 496, 505, 509, 516, 538, 565]","[11, 21, 26, 35, 64, 94, 496, 505, 509, 516, 538, 565]","[26, 94, 343, 375, 509, 565, 799, 825]","[0, 1, 2, 3, 4, 5, 6, 7, 8, 9, 10, 11, 12, 13, 14, 15, 16, 17, 18, 19, 20, 21, 22, 23, 24, 25, 26, 27, 28, 29, 30, 31, 32, 33, 34, 35, 36, 37, 38, 39, 40, 41, 42, 43, 44, 45, 46, 47, 48, 49, 50, 51, 52, 53, 54, 55, 56, 57, 58, 59, 60, 61, 62, 63, 64, 65, 66, 67, 68, 69, 70, 71, 72, 73, 74, 75, 76, 77, 78, 79, 80, 81, 82, 83, 84, 85, 86, 87, 88, 89, 90, 91, 92, 93, 94, 95, 96, 97, 98, 99, 100, 101, 102, 485, 486, 487, 488, 489, 490, 491, 492, 493, 494, 495, 496, 497, 498, 499, 500, 501, 502, 503, 504, 505, 506, 507, 508, 509, 510, 511, 512, 513, 514, 515, 516, 517, 518, 519, 520, 521, 522, 523, 524, 525, 526, 527, 528, 529, 530, 531, 532, 533, 534, 535, 536, 537, 538, 539, 540, 541, 542, 543, 544, 545, 546, 547, 548, 549, 550, 551, 552, 553, 554, 555, 556, 557, 558, 559, 560, 561, 562, 563, 564, 565, 566, 567, 568, 569, 570, 571, 572, 573]","[4, 11, 18, 21, 23, 26, 27, 28, 31, 35, 36, 43, 45, 52, 55, 56, 60, 62, 64, 70, 71, 80, 90, 94, 97, 183, 197, 232, 334, 426, 455, 472, 477, 478, 480, 483, 484, 490, 496, 505, 507, 509, 510, 511, 514, 516, 517, 523, 525, 529, 532, 533, 536, 538, 545, 546, 552, 561, 565, 568, 654, 668, 696, 790, 857, 878, 902, 919, 928, 929, 932, 934, 935]",[],"[26, 32, 33, 34, 35, 36, 37, 38, 39, 40, 41, 42, 43, 44, 45, 46, 47, 48, 201, 202, 203, 204, 205, 206, 207, 208, 209, 210, 211, 212, 213, 214, 215, 216, 355, 356, 357, 358, 359, 360, 361, 429, 430, 431, 432, 433, 434, 435, 509, 515, 516, 517, 518, 519, 520, 521, 522, 523, 524, 525, 526, 527, 672, 673, 674, 675, 676, 677, 678, 679, 680, 681, 682, 683, 684, 810, 811, 812, 813, 814, 881, 882, 883, 884, 885, 886]","[0, 1, 2, 3, 516, 4, 5, 6, 7, 8, 9, 11, 10, 12, 13, 14, 15, 16, 17, 18, 19, 21, 20, 22, 23, 24, 538, 26, 25, 27, 28, 29, 30, 31, 32, 35, 33, 34, 36, 37, 38, 39, 40, 41, 42, 43, 44, 45, 46, 47, 48, 49, 50, 565, 51, 52, 53, 54, 55, 56, 57, 58, 59, 60, 64, 61, 62, 63, 65, 66, 67, 68, 69, 70, 71, 72, 73, 74, 75, 76, 77, 78, 79, 80, 81, 82, 83, 84, 85, 86, 87, 88, 89, 90, 94, 91, 92, 93, 95, 96, 97, 98, 99, 100, 101, 102, 528, 529, 530, 513, 531, 532, 533, 534, 535, 514, 536, 537, 654, 539, 668, 540, 672, 515, 541, 673, 674, 675, 676, 542, 677, 678, 679, 680, 543, 681, 682, 683, 684, 544, 545, 183, 696, 546, 547, 197, 548, 201, 202, 549, 203, 204, 205, 206, 550, 207, 208, 517, 209, 551, 210, 211, 212, 213, 552, 214, 215, 216, 553, 554, 232, 555, 518, 556, 557, 558, 559, 560, 519, 561, 562, 563, 564, 790, 520, 799, 566, 567, 568, 810, 811, 812, 813, 569, 814, 570, 521, 825, 571, 572, 573, 334, 522, 343, 857, 355, 356, 357, 358, 359, 360, 523, 361, 878, 881, 882, 883, 884, 885, 886, 375, 524, 902, 919, 525, 928, 929, 932, 934, 935, 426, 429, 430, 512, 431, 432, 433, 434, 526, 435, 455, 527, 472, 477, 478, 480, 483, 484, 485, 486, 487, 488, 489, 490, 491, 492, 493, 494, 495, 496, 497, 498, 499, 500, 501, 502, 503, 504, 505, 506, 507, 508, 509, 510, 511]",True,"[11, 21, 26, 35, 64, 94, 496, 505, 509, 516, 538, 565]","[0, 1, 2, 3, 4, 5, 6, 7, 8, 9, 10, 11, 12, 13, 14, 15, 16, 17, 18, 19, 20, 21, 22, 23, 24, 25, 26, 27, 28, 29, 30, 31, 32, 33, 34, 35, 36, 37, 38, 39, 40, 41, 42, 43, 44, 45, 46, 47, 48, 49, 50, 51, 52, 53, 54, 55, 56, 57, 58, 59, 60, 61, 62, 63, 64, 65, 66, 67, 68, 69, 70, 71, 72, 73, 74, 75, 76, 77, 78, 79, 80, 81, 82, 83, 84, 85, 86, 87, 88, 89, 90, 91, 92, 93, 94, 95, 96, 97, 98, 99, 100, 101, 102, 485, 486, 487, 488, 489, 490, 491, 492, 493, 494, 495, 496, 497, 498, 499, 500, 501, 502, 503, 504, 505, 506, 507, 508, 509, 510, 511, 512, 513, 514, 515, 516, 517, 518, 519, 520, 521, 522, 523, 524, 525, 526, 527, 528, 529, 530, 531, 532, 533, 534, 535, 536, 537, 538, 539, 540, 541, 542, 543, 544, 545, 546, 547, 548, 549, 550, 551, 552, 553, 554, 555, 556, 557, 558, 559, 560, 561, 562, 563, 564, 565, 566, 567, 568, 569, 570, 571, 572, 573]","[11, 21, 26, 35, 64, 94, 496, 505, 509, 516, 538, 565]","[26, 94, 343, 375, 509, 565, 799, 825]","[4, 11, 18, 21, 23, 26, 27, 28, 31, 35, 36, 43, 45, 52, 55, 56, 60, 62, 64, 70, 71, 80, 90, 94, 97, 183, 197, 232, 334, 426, 455, 472, 477, 478, 480, 483, 484, 490, 496, 505, 507, 509, 510, 511, 514, 516, 517, 523, 525, 529, 532, 533, 536, 538, 545, 546, 552, 561, 565, 568, 654, 668, 696, 790, 857, 878, 902, 919, 928, 929, 932, 934, 935]","[26, 32, 33, 34, 35, 36, 37, 38, 39, 40, 41, 42, 43, 44, 45, 46, 47, 48, 201, 202, 203, 204, 205, 206, 207, 208, 209, 210, 211, 212, 213, 214, 215, 216, 355, 356, 357, 358, 359, 360, 361, 429, 430, 431, 432, 433, 434, 435, 509, 515, 516, 517, 518, 519, 520, 521, 522, 523, 524, 525, 526, 527, 672, 673, 674, 675, 676, 677, 678, 679, 680, 681, 682, 683, 684, 810, 811, 812, 813, 814, 881, 882, 883, 884, 885, 886]",[],7/6 successful match,True,[623],True,186,False,,0.9941176470588236,True,Hallum Stores - Fuel Mart,
D Kingman ( 86401 ) Hallum Stores ( Texaco ),2 928-753-6538 I-40 Exit 48 ( US 93 N ),24 <U+25A1>,Kingman,86401,Hallum Stores ( Texaco ),928-753-6538,2014,Kingman,AZ,Texaco,( US 93 N ),I-40 Exit 48 ,Exit,48,False,,False,I-40,,,,,"[26, 509]","[11, 21, 26, 35, 64, 94, 496, 505, 509, 516, 538, 565]","[11, 21, 26, 35, 64, 94, 496, 505, 509, 516, 538, 565]","[26, 94, 343, 375, 509, 565, 799, 825]","[0, 1, 2, 3, 4, 5, 6, 7, 8, 9, 10, 11, 12, 13, 14, 15, 16, 17, 18, 19, 20, 21, 22, 23, 24, 25, 26, 27, 28, 29, 30, 31, 32, 33, 34, 35, 36, 37, 38, 39, 40, 41, 42, 43, 44, 45, 46, 47, 48, 49, 50, 51, 52, 53, 54, 55, 56, 57, 58, 59, 60, 61, 62, 63, 64, 65, 66, 67, 68, 69, 70, 71, 72, 73, 74, 75, 76, 77, 78, 79, 80, 81, 82, 83, 84, 85, 86, 87, 88, 89, 90, 91, 92, 93, 94, 95, 96, 97, 98, 99, 100, 101, 102, 485, 486, 487, 488, 489, 490, 491, 492, 493, 494, 495, 496, 497, 498, 499, 500, 501, 502, 503, 504, 505, 506, 507, 508, 509, 510, 511, 512, 513, 514, 515, 516, 517, 518, 519, 520, 521, 522, 523, 524, 525, 526, 527, 528, 529, 530, 531, 532, 533, 534, 535, 536, 537, 538, 539, 540, 541, 542, 543, 544, 545, 546, 547, 548, 549, 550, 551, 552, 553, 554, 555, 556, 557, 558, 559, 560, 561, 562, 563, 564, 565, 566, 567, 568, 569, 570, 571, 572, 573]","[4, 11, 18, 21, 23, 26, 27, 28, 31, 35, 36, 43, 45, 52, 55, 56, 60, 62, 64, 70, 71, 80, 90, 94, 97, 183, 197, 232, 334, 426, 455, 472, 477, 478, 480, 483, 484, 490, 496, 505, 507, 509, 510, 511, 514, 516, 517, 523, 525, 529, 532, 533, 536, 538, 545, 546, 552, 561, 565, 568, 654, 668, 696, 790, 857, 878, 902, 919, 928, 929, 932, 934, 935]","[26, 390, 474, 486, 509, 840, 922, 926]","[26, 32, 33, 34, 35, 36, 37, 38, 39, 40, 41, 42, 43, 44, 45, 46, 47, 48, 201, 202, 203, 204, 205, 206, 207, 208, 209, 210, 211, 212, 213, 214, 215, 216, 355, 356, 357, 358, 359, 360, 361, 390, 429, 430, 431, 432, 433, 434, 435, 474, 486, 509, 515, 516, 517, 518, 519, 520, 521, 522, 523, 524, 525, 526, 527, 672, 673, 674, 675, 676, 677, 678, 679, 680, 681, 682, 683, 684, 810, 811, 812, 813, 814, 840, 881, 882, 883, 884, 885, 886, 922, 926]","[0, 1, 2, 3, 516, 4, 5, 6, 7, 8, 9, 11, 10, 12, 13, 14, 15, 16, 17, 18, 19, 21, 20, 22, 23, 24, 538, 26, 25, 27, 28, 29, 30, 31, 32, 35, 33, 34, 36, 37, 38, 39, 40, 41, 42, 43, 44, 45, 46, 47, 48, 49, 50, 565, 51, 52, 53, 54, 55, 56, 57, 58, 59, 60, 64, 61, 62, 63, 65, 66, 67, 68, 69, 70, 71, 72, 73, 74, 75, 76, 77, 78, 79, 80, 81, 82, 83, 84, 85, 86, 87, 88, 89, 90, 94, 91, 92, 93, 95, 96, 97, 98, 99, 100, 101, 102, 528, 529, 530, 513, 531, 532, 533, 534, 535, 514, 536, 537, 654, 539, 668, 540, 672, 515, 541, 673, 674, 675, 676, 542, 677, 678, 679, 680, 543, 681, 682, 683, 684, 544, 545, 183, 696, 546, 547, 197, 548, 201, 202, 549, 203, 204, 205, 206, 550, 207, 208, 517, 209, 551, 210, 211, 212, 213, 552, 214, 215, 216, 553, 554, 232, 555, 518, 556, 557, 558, 559, 560, 519, 561, 562, 563, 564, 790, 520, 799, 566, 567, 568, 810, 811, 812, 813, 569, 814, 570, 521, 825, 571, 572, 573, 840, 334, 522, 343, 857, 355, 356, 357, 358, 359, 360, 523, 361, 878, 881, 882, 883, 884, 885, 886, 375, 524, 902, 390, 919, 922, 525, 926, 928, 929, 932, 934, 935, 426, 429, 430, 512, 431, 432, 433, 434, 526, 435, 455, 527, 472, 474, 477, 478, 480, 483, 484, 485, 486, 487, 488, 489, 490, 491, 492, 493, 494, 495, 496, 497, 498, 499, 500, 501, 502, 503, 504, 505, 506, 507, 508, 509, 510, 511]",True,"[11, 21, 26, 35, 64, 94, 496, 505, 509, 516, 538, 565]","[0, 1, 2, 3, 4, 5, 6, 7, 8, 9, 10, 11, 12, 13, 14, 15, 16, 17, 18, 19, 20, 21, 22, 23, 24, 25, 26, 27, 28, 29, 30, 31, 32, 33, 34, 35, 36, 37, 38, 39, 40, 41, 42, 43, 44, 45, 46, 47, 48, 49, 50, 51, 52, 53, 54, 55, 56, 57, 58, 59, 60, 61, 62, 63, 64, 65, 66, 67, 68, 69, 70, 71, 72, 73, 74, 75, 76, 77, 78, 79, 80, 81, 82, 83, 84, 85, 86, 87, 88, 89, 90, 91, 92, 93, 94, 95, 96, 97, 98, 99, 100, 101, 102, 485, 486, 487, 488, 489, 490, 491, 492, 493, 494, 495, 496, 497, 498, 499, 500, 501, 502, 503, 504, 505, 506, 507, 508, 509, 510, 511, 512, 513, 514, 515, 516, 517, 518, 519, 520, 521, 522, 523, 524, 525, 526, 527, 528, 529, 530, 531, 532, 533, 534, 535, 536, 537, 538, 539, 540, 541, 542, 543, 544, 545, 546, 547, 548, 549, 550, 551, 552, 553, 554, 555, 556, 557, 558, 559, 560, 561, 562, 563, 564, 565, 566, 567, 568, 569, 570, 571, 572, 573]","[11, 21, 26, 35, 64, 94, 496, 505, 509, 516, 538, 565]","[26, 94, 343, 375, 509, 565, 799, 825]","[4, 11, 18, 21, 23, 26, 27, 28, 31, 35, 36, 43, 45, 52, 55, 56, 60, 62, 64, 70, 71, 80, 90, 94, 97, 183, 197, 232, 334, 426, 455, 472, 477, 478, 480, 483, 484, 490, 496, 505, 507, 509, 510, 511, 514, 516, 517, 523, 525, 529, 532, 533, 536, 538, 545, 546, 552, 561, 565, 568, 654, 668, 696, 790, 857, 878, 902, 919, 928, 929, 932, 934, 935]","[26, 32, 33, 34, 35, 36, 37, 38, 39, 40, 41, 42, 43, 44, 45, 46, 47, 48, 201, 202, 203, 204, 205, 206, 207, 208, 209, 210, 211, 212, 213, 214, 215, 216, 355, 356, 357, 358, 359, 360, 361, 390, 429, 430, 431, 432, 433, 434, 435, 474, 486, 509, 515, 516, 517, 518, 519, 520, 521, 522, 523, 524, 525, 526, 527, 672, 673, 674, 675, 676, 677, 678, 679, 680, 681, 682, 683, 684, 810, 811, 812, 813, 814, 840, 881, 882, 883, 884, 885, 886, 922, 926]","[26, 390, 474, 486, 509, 840, 922, 926]",7/6 successful match,True,[623],True,186,False,,0.9586666666666667,True,Hallum Stores - Fuel Smart,
D Kingman ( 86401 ) Hallum Stores ( Texaco ),2 928-753-6538 I-40 Exit 48 ( US 93 N ),24 <U+25A1> <U+25A1> <U+25A1> <U+25A1>,Kingman,86401,Hallum Stores ( Texaco ),928-753-6538,2015,Kingman,AZ,Texaco,( US 93 N ),I-40 Exit 48 ,Exit,48,False,,False,I-40,,,,,"[26, 509]","[11, 21, 26, 35, 64, 94, 496, 505, 509, 516, 538, 565]","[11, 21, 26, 35, 64, 94, 496, 505, 509, 516, 538, 565]","[26, 94, 343, 375, 509, 565, 799, 825]","[0, 1, 2, 3, 4, 5, 6, 7, 8, 9, 10, 11, 12, 13, 14, 15, 16, 17, 18, 19, 20, 21, 22, 23, 24, 25, 26, 27, 28, 29, 30, 31, 32, 33, 34, 35, 36, 37, 38, 39, 40, 41, 42, 43, 44, 45, 46, 47, 48, 49, 50, 51, 52, 53, 54, 55, 56, 57, 58, 59, 60, 61, 62, 63, 64, 65, 66, 67, 68, 69, 70, 71, 72, 73, 74, 75, 76, 77, 78, 79, 80, 81, 82, 83, 84, 85, 86, 87, 88, 89, 90, 91, 92, 93, 94, 95, 96, 97, 98, 99, 100, 101, 102, 485, 486, 487, 488, 489, 490, 491, 492, 493, 494, 495, 496, 497, 498, 499, 500, 501, 502, 503, 504, 505, 506, 507, 508, 509, 510, 511, 512, 513, 514, 515, 516, 517, 518, 519, 520, 521, 522, 523, 524, 525, 526, 527, 528, 529, 530, 531, 532, 533, 534, 535, 536, 537, 538, 539, 540, 541, 542, 543, 544, 545, 546, 547, 548, 549, 550, 551, 552, 553, 554, 555, 556, 557, 558, 559, 560, 561, 562, 563, 564, 565, 566, 567, 568, 569, 570, 571, 572, 573]","[4, 11, 18, 21, 23, 26, 27, 28, 31, 35, 36, 43, 45, 52, 55, 56, 60, 62, 64, 70, 71, 80, 90, 94, 97, 183, 197, 232, 334, 426, 455, 472, 477, 478, 480, 483, 484, 490, 496, 505, 507, 509, 510, 511, 514, 516, 517, 523, 525, 529, 532, 533, 536, 538, 545, 546, 552, 561, 565, 568, 654, 668, 696, 790, 857, 878, 902, 919, 928, 929, 932, 934, 935]","[26, 390, 474, 486, 509, 840, 922, 926]","[26, 32, 33, 34, 35, 36, 37, 38, 39, 40, 41, 42, 43, 44, 45, 46, 47, 48, 201, 202, 203, 204, 205, 206, 207, 208, 209, 210, 211, 212, 213, 214, 215, 216, 355, 356, 357, 358, 359, 360, 361, 390, 429, 430, 431, 432, 433, 434, 435, 474, 486, 509, 515, 516, 517, 518, 519, 520, 521, 522, 523, 524, 525, 526, 527, 672, 673, 674, 675, 676, 677, 678, 679, 680, 681, 682, 683, 684, 810, 811, 812, 813, 814, 840, 881, 882, 883, 884, 885, 886, 922, 926]","[0, 1, 2, 3, 516, 4, 5, 6, 7, 8, 9, 11, 10, 12, 13, 14, 15, 16, 17, 18, 19, 21, 20, 22, 23, 24, 538, 26, 25, 27, 28, 29, 30, 31, 32, 35, 33, 34, 36, 37, 38, 39, 40, 41, 42, 43, 44, 45, 46, 47, 48, 49, 50, 565, 51, 52, 53, 54, 55, 56, 57, 58, 59, 60, 64, 61, 62, 63, 65, 66, 67, 68, 69, 70, 71, 72, 73, 74, 75, 76, 77, 78, 79, 80, 81, 82, 83, 84, 85, 86, 87, 88, 89, 90, 94, 91, 92, 93, 95, 96, 97, 98, 99, 100, 101, 102, 528, 529, 530, 513, 531, 532, 533, 534, 535, 514, 536, 537, 654, 539, 668, 540, 672, 515, 541, 673, 674, 675, 676, 542, 677, 678, 679, 680, 543, 681, 682, 683, 684, 544, 545, 183, 696, 546, 547, 197, 548, 201, 202, 549, 203, 204, 205, 206, 550, 207, 208, 517, 209, 551, 210, 211, 212, 213, 552, 214, 215, 216, 553, 554, 232, 555, 518, 556, 557, 558, 559, 560, 519, 561, 562, 563, 564, 790, 520, 799, 566, 567, 568, 810, 811, 812, 813, 569, 814, 570, 521, 825, 571, 572, 573, 840, 334, 522, 343, 857, 355, 356, 357, 358, 359, 360, 523, 361, 878, 881, 882, 883, 884, 885, 886, 375, 524, 902, 390, 919, 922, 525, 926, 928, 929, 932, 934, 935, 426, 429, 430, 512, 431, 432, 433, 434, 526, 435, 455, 527, 472, 474, 477, 478, 480, 483, 484, 485, 486, 487, 488, 489, 490, 491, 492, 493, 494, 495, 496, 497, 498, 499, 500, 501, 502, 503, 504, 505, 506, 507, 508, 509, 510, 511]",True,"[11, 21, 26, 35, 64, 94, 496, 505, 509, 516, 538, 565]","[0, 1, 2, 3, 4, 5, 6, 7, 8, 9, 10, 11, 12, 13, 14, 15, 16, 17, 18, 19, 20, 21, 22, 23, 24, 25, 26, 27, 28, 29, 30, 31, 32, 33, 34, 35, 36, 37, 38, 39, 40, 41, 42, 43, 44, 45, 46, 47, 48, 49, 50, 51, 52, 53, 54, 55, 56, 57, 58, 59, 60, 61, 62, 63, 64, 65, 66, 67, 68, 69, 70, 71, 72, 73, 74, 75, 76, 77, 78, 79, 80, 81, 82, 83, 84, 85, 86, 87, 88, 89, 90, 91, 92, 93, 94, 95, 96, 97, 98, 99, 100, 101, 102, 485, 486, 487, 488, 489, 490, 491, 492, 493, 494, 495, 496, 497, 498, 499, 500, 501, 502, 503, 504, 505, 506, 507, 508, 509, 510, 511, 512, 513, 514, 515, 516, 517, 518, 519, 520, 521, 522, 523, 524, 525, 526, 527, 528, 529, 530, 531, 532, 533, 534, 535, 536, 537, 538, 539, 540, 541, 542, 543, 544, 545, 546, 547, 548, 549, 550, 551, 552, 553, 554, 555, 556, 557, 558, 559, 560, 561, 562, 563, 564, 565, 566, 567, 568, 569, 570, 571, 572, 573]","[11, 21, 26, 35, 64, 94, 496, 505, 509, 516, 538, 565]","[26, 94, 343, 375, 509, 565, 799, 825]","[4, 11, 18, 21, 23, 26, 27, 28, 31, 35, 36, 43, 45, 52, 55, 56, 60, 62, 64, 70, 71, 80, 90, 94, 97, 183, 197, 232, 334, 426, 455, 472, 477, 478, 480, 483, 484, 490, 496, 505, 507, 509, 510, 511, 514, 516, 517, 523, 525, 529, 532, 533, 536, 538, 545, 546, 552, 561, 565, 568, 654, 668, 696, 790, 857, 878, 902, 919, 928, 929, 932, 934, 935]","[26, 32, 33, 34, 35, 36, 37, 38, 39, 40, 41, 42, 43, 44, 45, 46, 47, 48, 201, 202, 203, 204, 205, 206, 207, 208, 209, 210, 211, 212, 213, 214, 215, 216, 355, 356, 357, 358, 359, 360, 361, 390, 429, 430, 431, 432, 433, 434, 435, 474, 486, 509, 515, 516, 517, 518, 519, 520, 521, 522, 523, 524, 525, 526, 527, 672, 673, 674, 675, 676, 677, 678, 679, 680, 681, 682, 683, 684, 810, 811, 812, 813, 814, 840, 881, 882, 883, 884, 885, 886, 922, 926]","[26, 390, 474, 486, 509, 840, 922, 926]",7/6 successful match,True,[623],True,186,False,,1.0,True,Hallum Stores ( Texaco ),Texaco
D Kingman ( 86401 ) Hallum Stores ( Texaco ),928-753-6538 I-40 Exit 48 ( US 93 N ),24 D,Kingman,86401,Hallum Stores ( Texaco ),928-753-6538,2016,Kingman,AZ,Texaco,( US 93 N ),I-40 Exit 48 ,Exit,48,False,,False,I-40,,,,,"[26, 509]","[11, 21, 26, 35, 64, 94, 496, 505, 509, 516, 538, 565]","[11, 21, 26, 35, 64, 94, 496, 505, 509, 516, 538, 565]","[26, 94, 343, 375, 509, 565, 799, 825]","[0, 1, 2, 3, 4, 5, 6, 7, 8, 9, 10, 11, 12, 13, 14, 15, 16, 17, 18, 19, 20, 21, 22, 23, 24, 25, 26, 27, 28, 29, 30, 31, 32, 33, 34, 35, 36, 37, 38, 39, 40, 41, 42, 43, 44, 45, 46, 47, 48, 49, 50, 51, 52, 53, 54, 55, 56, 57, 58, 59, 60, 61, 62, 63, 64, 65, 66, 67, 68, 69, 70, 71, 72, 73, 74, 75, 76, 77, 78, 79, 80, 81, 82, 83, 84, 85, 86, 87, 88, 89, 90, 91, 92, 93, 94, 95, 96, 97, 98, 99, 100, 101, 102, 485, 486, 487, 488, 489, 490, 491, 492, 493, 494, 495, 496, 497, 498, 499, 500, 501, 502, 503, 504, 505, 506, 507, 508, 509, 510, 511, 512, 513, 514, 515, 516, 517, 518, 519, 520, 521, 522, 523, 524, 525, 526, 527, 528, 529, 530, 531, 532, 533, 534, 535, 536, 537, 538, 539, 540, 541, 542, 543, 544, 545, 546, 547, 548, 549, 550, 551, 552, 553, 554, 555, 556, 557, 558, 559, 560, 561, 562, 563, 564, 565, 566, 567, 568, 569, 570, 571, 572, 573]","[4, 11, 18, 21, 23, 26, 27, 28, 31, 35, 36, 43, 45, 52, 55, 56, 60, 62, 64, 70, 71, 80, 90, 94, 97, 183, 197, 232, 334, 426, 455, 472, 477, 478, 480, 483, 484, 490, 496, 505, 507, 509, 510, 511, 514, 516, 517, 523, 525, 529, 532, 533, 536, 538, 545, 546, 552, 561, 565, 568, 654, 668, 696, 790, 857, 878, 902, 919, 928, 929, 932, 934, 935]","[26, 390, 474, 486, 509, 840, 922, 926]","[26, 32, 33, 34, 35, 36, 37, 38, 39, 40, 41, 42, 43, 44, 45, 46, 47, 48, 201, 202, 203, 204, 205, 206, 207, 208, 209, 210, 211, 212, 213, 214, 215, 216, 355, 356, 357, 358, 359, 360, 361, 390, 429, 430, 431, 432, 433, 434, 435, 474, 486, 509, 515, 516, 517, 518, 519, 520, 521, 522, 523, 524, 525, 526, 527, 672, 673, 674, 675, 676, 677, 678, 679, 680, 681, 682, 683, 684, 810, 811, 812, 813, 814, 840, 881, 882, 883, 884, 885, 886, 922, 926]","[0, 1, 2, 3, 516, 4, 5, 6, 7, 8, 9, 11, 10, 12, 13, 14, 15, 16, 17, 18, 19, 21, 20, 22, 23, 24, 538, 26, 25, 27, 28, 29, 30, 31, 32, 35, 33, 34, 36, 37, 38, 39, 40, 41, 42, 43, 44, 45, 46, 47, 48, 49, 50, 565, 51, 52, 53, 54, 55, 56, 57, 58, 59, 60, 64, 61, 62, 63, 65, 66, 67, 68, 69, 70, 71, 72, 73, 74, 75, 76, 77, 78, 79, 80, 81, 82, 83, 84, 85, 86, 87, 88, 89, 90, 94, 91, 92, 93, 95, 96, 97, 98, 99, 100, 101, 102, 528, 529, 530, 513, 531, 532, 533, 534, 535, 514, 536, 537, 654, 539, 668, 540, 672, 515, 541, 673, 674, 675, 676, 542, 677, 678, 679, 680, 543, 681, 682, 683, 684, 544, 545, 183, 696, 546, 547, 197, 548, 201, 202, 549, 203, 204, 205, 206, 550, 207, 208, 517, 209, 551, 210, 211, 212, 213, 552, 214, 215, 216, 553, 554, 232, 555, 518, 556, 557, 558, 559, 560, 519, 561, 562, 563, 564, 790, 520, 799, 566, 567, 568, 810, 811, 812, 813, 569, 814, 570, 521, 825, 571, 572, 573, 840, 334, 522, 343, 857, 355, 356, 357, 358, 359, 360, 523, 361, 878, 881, 882, 883, 884, 885, 886, 375, 524, 902, 390, 919, 922, 525, 926, 928, 929, 932, 934, 935, 426, 429, 430, 512, 431, 432, 433, 434, 526, 435, 455, 527, 472, 474, 477, 478, 480, 483, 484, 485, 486, 487, 488, 489, 490, 491, 492, 493, 494, 495, 496, 497, 498, 499, 500, 501, 502, 503, 504, 505, 506, 507, 508, 509, 510, 511]",True,"[11, 21, 26, 35, 64, 94, 496, 505, 509, 516, 538, 565]","[0, 1, 2, 3, 4, 5, 6, 7, 8, 9, 10, 11, 12, 13, 14, 15, 16, 17, 18, 19, 20, 21, 22, 23, 24, 25, 26, 27, 28, 29, 30, 31, 32, 33, 34, 35, 36, 37, 38, 39, 40, 41, 42, 43, 44, 45, 46, 47, 48, 49, 50, 51, 52, 53, 54, 55, 56, 57, 58, 59, 60, 61, 62, 63, 64, 65, 66, 67, 68, 69, 70, 71, 72, 73, 74, 75, 76, 77, 78, 79, 80, 81, 82, 83, 84, 85, 86, 87, 88, 89, 90, 91, 92, 93, 94, 95, 96, 97, 98, 99, 100, 101, 102, 485, 486, 487, 488, 489, 490, 491, 492, 493, 494, 495, 496, 497, 498, 499, 500, 501, 502, 503, 504, 505, 506, 507, 508, 509, 510, 511, 512, 513, 514, 515, 516, 517, 518, 519, 520, 521, 522, 523, 524, 525, 526, 527, 528, 529, 530, 531, 532, 533, 534, 535, 536, 537, 538, 539, 540, 541, 542, 543, 544, 545, 546, 547, 548, 549, 550, 551, 552, 553, 554, 555, 556, 557, 558, 559, 560, 561, 562, 563, 564, 565, 566, 567, 568, 569, 570, 571, 572, 573]","[11, 21, 26, 35, 64, 94, 496, 505, 509, 516, 538, 565]","[26, 94, 343, 375, 509, 565, 799, 825]","[4, 11, 18, 21, 23, 26, 27, 28, 31, 35, 36, 43, 45, 52, 55, 56, 60, 62, 64, 70, 71, 80, 90, 94, 97, 183, 197, 232, 334, 426, 455, 472, 477, 478, 480, 483, 484, 490, 496, 505, 507, 509, 510, 511, 514, 516, 517, 523, 525, 529, 532, 533, 536, 538, 545, 546, 552, 561, 565, 568, 654, 668, 696, 790, 857, 878, 902, 919, 928, 929, 932, 934, 935]","[26, 32, 33, 34, 35, 36, 37, 38, 39, 40, 41, 42, 43, 44, 45, 46, 47, 48, 201, 202, 203, 204, 205, 206, 207, 208, 209, 210, 211, 212, 213, 214, 215, 216, 355, 356, 357, 358, 359, 360, 361, 390, 429, 430, 431, 432, 433, 434, 435, 474, 486, 509, 515, 516, 517, 518, 519, 520, 521, 522, 523, 524, 525, 526, 527, 672, 673, 674, 675, 676, 677, 678, 679, 680, 681, 682, 683, 684, 810, 811, 812, 813, 814, 840, 881, 882, 883, 884, 885, 886, 922, 926]","[26, 390, 474, 486, 509, 840, 922, 926]",7/6 successful match,True,[623],True,186,False,,1.0,True,Hallum Stores ( Texaco ),Texaco
"Kingman , 86401 TravelCenters of America",928-753-7600 I-40 Exit 48 ( US 93 N ),MO,Kingman,86401,TravelCenters of America,928-753-7600,2006,Kingman,AZ,TravelCenters,( US 93 N ),I-40 Exit 48 ,Exit,48,False,,False,I-40,,,,,"[565, 94]","[11, 21, 26, 35, 64, 94, 496, 505, 509, 516, 538, 565]","[11, 21, 26, 35, 64, 94, 496, 505, 509, 516, 538, 565]","[26, 94, 343, 375, 509, 565, 799, 825]","[0, 1, 2, 3, 4, 5, 6, 7, 8, 9, 10, 11, 12, 13, 14, 15, 16, 17, 18, 19, 20, 21, 22, 23, 24, 25, 26, 27, 28, 29, 30, 31, 32, 33, 34, 35, 36, 37, 38, 39, 40, 41, 42, 43, 44, 45, 46, 47, 48, 49, 50, 51, 52, 53, 54, 55, 56, 57, 58, 59, 60, 61, 62, 63, 64, 65, 66, 67, 68, 69, 70, 71, 72, 73, 74, 75, 76, 77, 78, 79, 80, 81, 82, 83, 84, 85, 86, 87, 88, 89, 90, 91, 92, 93, 94, 95, 96, 97, 98, 99, 100, 101, 102, 485, 486, 487, 488, 489, 490, 491, 492, 493, 494, 495, 496, 497, 498, 499, 500, 501, 502, 503, 504, 505, 506, 507, 508, 509, 510, 511, 512, 513, 514, 515, 516, 517, 518, 519, 520, 521, 522, 523, 524, 525, 526, 527, 528, 529, 530, 531, 532, 533, 534, 535, 536, 537, 538, 539, 540, 541, 542, 543, 544, 545, 546, 547, 548, 549, 550, 551, 552, 553, 554, 555, 556, 557, 558, 559, 560, 561, 562, 563, 564, 565, 566, 567, 568, 569, 570, 571, 572, 573]","[4, 11, 18, 21, 23, 26, 27, 28, 31, 35, 36, 43, 45, 52, 55, 56, 60, 62, 64, 70, 71, 80, 90, 94, 97, 183, 197, 232, 334, 426, 455, 472, 477, 478, 480, 483, 484, 490, 496, 505, 507, 509, 510, 511, 514, 516, 517, 523, 525, 529, 532, 533, 536, 538, 545, 546, 552, 561, 565, 568, 654, 668, 696, 790, 857, 878, 902, 919, 928, 929, 932, 934, 935]","[98, 476, 481, 569, 924, 925]",[],"[0, 1, 2, 3, 516, 4, 5, 6, 7, 8, 9, 11, 10, 12, 13, 14, 15, 16, 17, 18, 19, 21, 20, 22, 23, 24, 538, 26, 25, 27, 28, 29, 30, 31, 32, 35, 33, 34, 36, 37, 38, 39, 40, 41, 42, 43, 44, 45, 46, 47, 48, 49, 50, 565, 51, 52, 53, 54, 55, 56, 57, 58, 59, 60, 64, 61, 62, 63, 65, 66, 67, 68, 69, 70, 71, 72, 73, 74, 75, 76, 77, 78, 79, 80, 81, 82, 83, 84, 85, 86, 87, 88, 89, 90, 94, 91, 92, 93, 95, 96, 97, 98, 99, 100, 101, 102, 528, 529, 530, 513, 531, 532, 533, 534, 535, 514, 536, 537, 654, 539, 668, 540, 515, 541, 542, 543, 544, 545, 183, 696, 546, 547, 197, 548, 549, 550, 517, 551, 552, 553, 554, 232, 555, 518, 556, 557, 558, 559, 560, 519, 561, 562, 563, 564, 790, 520, 799, 566, 567, 568, 569, 570, 521, 825, 571, 572, 573, 334, 522, 343, 857, 523, 878, 375, 524, 902, 919, 525, 924, 925, 928, 929, 932, 934, 935, 426, 512, 526, 455, 527, 472, 476, 477, 478, 480, 481, 483, 484, 485, 486, 487, 488, 489, 490, 491, 492, 493, 494, 495, 496, 497, 498, 499, 500, 501, 502, 503, 504, 505, 506, 507, 508, 509, 510, 511]",True,"[11, 21, 26, 35, 64, 94, 496, 505, 509, 516, 538, 565]","[0, 1, 2, 3, 4, 5, 6, 7, 8, 9, 10, 11, 12, 13, 14, 15, 16, 17, 18, 19, 20, 21, 22, 23, 24, 25, 26, 27, 28, 29, 30, 31, 32, 33, 34, 35, 36, 37, 38, 39, 40, 41, 42, 43, 44, 45, 46, 47, 48, 49, 50, 51, 52, 53, 54, 55, 56, 57, 58, 59, 60, 61, 62, 63, 64, 65, 66, 67, 68, 69, 70, 71, 72, 73, 74, 75, 76, 77, 78, 79, 80, 81, 82, 83, 84, 85, 86, 87, 88, 89, 90, 91, 92, 93, 94, 95, 96, 97, 98, 99, 100, 101, 102, 485, 486, 487, 488, 489, 490, 491, 492, 493, 494, 495, 496, 497, 498, 499, 500, 501, 502, 503, 504, 505, 506, 507, 508, 509, 510, 511, 512, 513, 514, 515, 516, 517, 518, 519, 520, 521, 522, 523, 524, 525, 526, 527, 528, 529, 530, 531, 532, 533, 534, 535, 536, 537, 538, 539, 540, 541, 542, 543, 544, 545, 546, 547, 548, 549, 550, 551, 552, 553, 554, 555, 556, 557, 558, 559, 560, 561, 562, 563, 564, 565, 566, 567, 568, 569, 570, 571, 572, 573]","[11, 21, 26, 35, 64, 94, 496, 505, 509, 516, 538, 565]","[26, 94, 343, 375, 509, 565, 799, 825]","[4, 11, 18, 21, 23, 26, 27, 28, 31, 35, 36, 43, 45, 52, 55, 56, 60, 62, 64, 70, 71, 80, 90, 94, 97, 183, 197, 232, 334, 426, 455, 472, 477, 478, 480, 483, 484, 490, 496, 505, 507, 509, 510, 511, 514, 516, 517, 523, 525, 529, 532, 533, 536, 538, 545, 546, 552, 561, 565, 568, 654, 668, 696, 790, 857, 878, 902, 919, 928, 929, 932, 934, 935]",[],"[98, 476, 481, 569, 924, 925]",6/6 successful match,True,"[747, 748, 749, 750, 751]",True,187,False,,,,,
"Kingman , 86401 TravelCenters of America",928-753-7600 I-40 Exit 48 ( US 93 N ) TA,L,Kingman,86401,TravelCenters of America,928-753-7600,2007,Kingman,AZ,TravelCenters,( US 93 N ) TA,I-40 Exit 48 ,Exit,48,False,,False,I-40,,,,,"[565, 94]","[11, 21, 26, 35, 64, 94, 496, 505, 509, 516, 538, 565]","[11, 21, 26, 35, 64, 94, 496, 505, 509, 516, 538, 565]","[26, 94, 343, 375, 509, 565, 799, 825]","[0, 1, 2, 3, 4, 5, 6, 7, 8, 9, 10, 11, 12, 13, 14, 15, 16, 17, 18, 19, 20, 21, 22, 23, 24, 25, 26, 27, 28, 29, 30, 31, 32, 33, 34, 35, 36, 37, 38, 39, 40, 41, 42, 43, 44, 45, 46, 47, 48, 49, 50, 51, 52, 53, 54, 55, 56, 57, 58, 59, 60, 61, 62, 63, 64, 65, 66, 67, 68, 69, 70, 71, 72, 73, 74, 75, 76, 77, 78, 79, 80, 81, 82, 83, 84, 85, 86, 87, 88, 89, 90, 91, 92, 93, 94, 95, 96, 97, 98, 99, 100, 101, 102, 485, 486, 487, 488, 489, 490, 491, 492, 493, 494, 495, 496, 497, 498, 499, 500, 501, 502, 503, 504, 505, 506, 507, 508, 509, 510, 511, 512, 513, 514, 515, 516, 517, 518, 519, 520, 521, 522, 523, 524, 525, 526, 527, 528, 529, 530, 531, 532, 533, 534, 535, 536, 537, 538, 539, 540, 541, 542, 543, 544, 545, 546, 547, 548, 549, 550, 551, 552, 553, 554, 555, 556, 557, 558, 559, 560, 561, 562, 563, 564, 565, 566, 567, 568, 569, 570, 571, 572, 573]","[4, 11, 18, 21, 23, 26, 27, 28, 31, 35, 36, 43, 45, 52, 55, 56, 60, 62, 64, 70, 71, 80, 90, 94, 97, 183, 197, 232, 334, 426, 455, 472, 477, 478, 480, 483, 484, 490, 496, 505, 507, 509, 510, 511, 514, 516, 517, 523, 525, 529, 532, 533, 536, 538, 545, 546, 552, 561, 565, 568, 654, 668, 696, 790, 857, 878, 902, 919, 928, 929, 932, 934, 935]","[98, 476, 481, 569, 924, 925]",[],"[0, 1, 2, 3, 516, 4, 5, 6, 7, 8, 9, 11, 10, 12, 13, 14, 15, 16, 17, 18, 19, 21, 20, 22, 23, 24, 538, 26, 25, 27, 28, 29, 30, 31, 32, 35, 33, 34, 36, 37, 38, 39, 40, 41, 42, 43, 44, 45, 46, 47, 48, 49, 50, 565, 51, 52, 53, 54, 55, 56, 57, 58, 59, 60, 64, 61, 62, 63, 65, 66, 67, 68, 69, 70, 71, 72, 73, 74, 75, 76, 77, 78, 79, 80, 81, 82, 83, 84, 85, 86, 87, 88, 89, 90, 94, 91, 92, 93, 95, 96, 97, 98, 99, 100, 101, 102, 528, 529, 530, 513, 531, 532, 533, 534, 535, 514, 536, 537, 654, 539, 668, 540, 515, 541, 542, 543, 544, 545, 183, 696, 546, 547, 197, 548, 549, 550, 517, 551, 552, 553, 554, 232, 555, 518, 556, 557, 558, 559, 560, 519, 561, 562, 563, 564, 790, 520, 799, 566, 567, 568, 569, 570, 521, 825, 571, 572, 573, 334, 522, 343, 857, 523, 878, 375, 524, 902, 919, 525, 924, 925, 928, 929, 932, 934, 935, 426, 512, 526, 455, 527, 472, 476, 477, 478, 480, 481, 483, 484, 485, 486, 487, 488, 489, 490, 491, 492, 493, 494, 495, 496, 497, 498, 499, 500, 501, 502, 503, 504, 505, 506, 507, 508, 509, 510, 511]",True,"[11, 21, 26, 35, 64, 94, 496, 505, 509, 516, 538, 565]","[0, 1, 2, 3, 4, 5, 6, 7, 8, 9, 10, 11, 12, 13, 14, 15, 16, 17, 18, 19, 20, 21, 22, 23, 24, 25, 26, 27, 28, 29, 30, 31, 32, 33, 34, 35, 36, 37, 38, 39, 40, 41, 42, 43, 44, 45, 46, 47, 48, 49, 50, 51, 52, 53, 54, 55, 56, 57, 58, 59, 60, 61, 62, 63, 64, 65, 66, 67, 68, 69, 70, 71, 72, 73, 74, 75, 76, 77, 78, 79, 80, 81, 82, 83, 84, 85, 86, 87, 88, 89, 90, 91, 92, 93, 94, 95, 96, 97, 98, 99, 100, 101, 102, 485, 486, 487, 488, 489, 490, 491, 492, 493, 494, 495, 496, 497, 498, 499, 500, 501, 502, 503, 504, 505, 506, 507, 508, 509, 510, 511, 512, 513, 514, 515, 516, 517, 518, 519, 520, 521, 522, 523, 524, 525, 526, 527, 528, 529, 530, 531, 532, 533, 534, 535, 536, 537, 538, 539, 540, 541, 542, 543, 544, 545, 546, 547, 548, 549, 550, 551, 552, 553, 554, 555, 556, 557, 558, 559, 560, 561, 562, 563, 564, 565, 566, 567, 568, 569, 570, 571, 572, 573]","[11, 21, 26, 35, 64, 94, 496, 505, 509, 516, 538, 565]","[26, 94, 343, 375, 509, 565, 799, 825]","[4, 11, 18, 21, 23, 26, 27, 28, 31, 35, 36, 43, 45, 52, 55, 56, 60, 62, 64, 70, 71, 80, 90, 94, 97, 183, 197, 232, 334, 426, 455, 472, 477, 478, 480, 483, 484, 490, 496, 505, 507, 509, 510, 511, 514, 516, 517, 523, 525, 529, 532, 533, 536, 538, 545, 546, 552, 561, 565, 568, 654, 668, 696, 790, 857, 878, 902, 919, 928, 929, 932, 934, 935]",[],"[98, 476, 481, 569, 924, 925]",6/6 successful match,True,"[747, 748, 749, 750, 751]",True,187,False,,1.0,True,TravelCenters of America,TravelCenters
"Kingman , 86401 TravelCenters of America",928-753-7600 I-40 Exit 48 ( US 93 N ) TA,24 HRS L HRS 24,Kingman,86401,TravelCenters of America,928-753-7600,2008,Kingman,AZ,TravelCenters,( US 93 N ) TA,I-40 Exit 48 ,Exit,48,False,,False,I-40,,,,,"[565, 94]","[11, 21, 26, 35, 64, 94, 496, 505, 509, 516, 538, 565]","[11, 21, 26, 35, 64, 94, 496, 505, 509, 516, 538, 565]","[26, 94, 343, 375, 509, 565, 799, 825]","[0, 1, 2, 3, 4, 5, 6, 7, 8, 9, 10, 11, 12, 13, 14, 15, 16, 17, 18, 19, 20, 21, 22, 23, 24, 25, 26, 27, 28, 29, 30, 31, 32, 33, 34, 35, 36, 37, 38, 39, 40, 41, 42, 43, 44, 45, 46, 47, 48, 49, 50, 51, 52, 53, 54, 55, 56, 57, 58, 59, 60, 61, 62, 63, 64, 65, 66, 67, 68, 69, 70, 71, 72, 73, 74, 75, 76, 77, 78, 79, 80, 81, 82, 83, 84, 85, 86, 87, 88, 89, 90, 91, 92, 93, 94, 95, 96, 97, 98, 99, 100, 101, 102, 485, 486, 487, 488, 489, 490, 491, 492, 493, 494, 495, 496, 497, 498, 499, 500, 501, 502, 503, 504, 505, 506, 507, 508, 509, 510, 511, 512, 513, 514, 515, 516, 517, 518, 519, 520, 521, 522, 523, 524, 525, 526, 527, 528, 529, 530, 531, 532, 533, 534, 535, 536, 537, 538, 539, 540, 541, 542, 543, 544, 545, 546, 547, 548, 549, 550, 551, 552, 553, 554, 555, 556, 557, 558, 559, 560, 561, 562, 563, 564, 565, 566, 567, 568, 569, 570, 571, 572, 573]","[4, 11, 18, 21, 23, 26, 27, 28, 31, 35, 36, 43, 45, 52, 55, 56, 60, 62, 64, 70, 71, 80, 90, 94, 97, 183, 197, 232, 334, 426, 455, 472, 477, 478, 480, 483, 484, 490, 496, 505, 507, 509, 510, 511, 514, 516, 517, 523, 525, 529, 532, 533, 536, 538, 545, 546, 552, 561, 565, 568, 654, 668, 696, 790, 857, 878, 902, 919, 928, 929, 932, 934, 935]","[98, 476, 481, 569, 924, 925]",[],"[0, 1, 2, 3, 516, 4, 5, 6, 7, 8, 9, 11, 10, 12, 13, 14, 15, 16, 17, 18, 19, 21, 20, 22, 23, 24, 538, 26, 25, 27, 28, 29, 30, 31, 32, 35, 33, 34, 36, 37, 38, 39, 40, 41, 42, 43, 44, 45, 46, 47, 48, 49, 50, 565, 51, 52, 53, 54, 55, 56, 57, 58, 59, 60, 64, 61, 62, 63, 65, 66, 67, 68, 69, 70, 71, 72, 73, 74, 75, 76, 77, 78, 79, 80, 81, 82, 83, 84, 85, 86, 87, 88, 89, 90, 94, 91, 92, 93, 95, 96, 97, 98, 99, 100, 101, 102, 528, 529, 530, 513, 531, 532, 533, 534, 535, 514, 536, 537, 654, 539, 668, 540, 515, 541, 542, 543, 544, 545, 183, 696, 546, 547, 197, 548, 549, 550, 517, 551, 552, 553, 554, 232, 555, 518, 556, 557, 558, 559, 560, 519, 561, 562, 563, 564, 790, 520, 799, 566, 567, 568, 569, 570, 521, 825, 571, 572, 573, 334, 522, 343, 857, 523, 878, 375, 524, 902, 919, 525, 924, 925, 928, 929, 932, 934, 935, 426, 512, 526, 455, 527, 472, 476, 477, 478, 480, 481, 483, 484, 485, 486, 487, 488, 489, 490, 491, 492, 493, 494, 495, 496, 497, 498, 499, 500, 501, 502, 503, 504, 505, 506, 507, 508, 509, 510, 511]",True,"[11, 21, 26, 35, 64, 94, 496, 505, 509, 516, 538, 565]","[0, 1, 2, 3, 4, 5, 6, 7, 8, 9, 10, 11, 12, 13, 14, 15, 16, 17, 18, 19, 20, 21, 22, 23, 24, 25, 26, 27, 28, 29, 30, 31, 32, 33, 34, 35, 36, 37, 38, 39, 40, 41, 42, 43, 44, 45, 46, 47, 48, 49, 50, 51, 52, 53, 54, 55, 56, 57, 58, 59, 60, 61, 62, 63, 64, 65, 66, 67, 68, 69, 70, 71, 72, 73, 74, 75, 76, 77, 78, 79, 80, 81, 82, 83, 84, 85, 86, 87, 88, 89, 90, 91, 92, 93, 94, 95, 96, 97, 98, 99, 100, 101, 102, 485, 486, 487, 488, 489, 490, 491, 492, 493, 494, 495, 496, 497, 498, 499, 500, 501, 502, 503, 504, 505, 506, 507, 508, 509, 510, 511, 512, 513, 514, 515, 516, 517, 518, 519, 520, 521, 522, 523, 524, 525, 526, 527, 528, 529, 530, 531, 532, 533, 534, 535, 536, 537, 538, 539, 540, 541, 542, 543, 544, 545, 546, 547, 548, 549, 550, 551, 552, 553, 554, 555, 556, 557, 558, 559, 560, 561, 562, 563, 564, 565, 566, 567, 568, 569, 570, 571, 572, 573]","[11, 21, 26, 35, 64, 94, 496, 505, 509, 516, 538, 565]","[26, 94, 343, 375, 509, 565, 799, 825]","[4, 11, 18, 21, 23, 26, 27, 28, 31, 35, 36, 43, 45, 52, 55, 56, 60, 62, 64, 70, 71, 80, 90, 94, 97, 183, 197, 232, 334, 426, 455, 472, 477, 478, 480, 483, 484, 490, 496, 505, 507, 509, 510, 511, 514, 516, 517, 523, 525, 529, 532, 533, 536, 538, 545, 546, 552, 561, 565, 568, 654, 668, 696, 790, 857, 878, 902, 919, 928, 929, 932, 934, 935]",[],"[98, 476, 481, 569, 924, 925]",6/6 successful match,True,"[747, 748, 749, 750, 751]",True,187,False,,1.0,True,TravelCenters of America,TravelCenters
D Kingman ( 86401 ) TA Kingman # 094,2 928-753-7600 I-40 Exit 48 ( US 93 N ),ZA 24 <U+2610> 24 HRS,Kingman,86401,TA Kingman # 094,928-753-7600,2014,Kingman,AZ,,( US 93 N ),I-40 Exit 48 ,Exit,48,False,,False,I-40,,,,,"[565, 94]","[11, 21, 26, 35, 64, 94, 496, 505, 509, 516, 538, 565]","[11, 21, 26, 35, 64, 94, 496, 505, 509, 516, 538, 565]","[26, 94, 343, 375, 509, 565, 799, 825]","[0, 1, 2, 3, 4, 5, 6, 7, 8, 9, 10, 11, 12, 13, 14, 15, 16, 17, 18, 19, 20, 21, 22, 23, 24, 25, 26, 27, 28, 29, 30, 31, 32, 33, 34, 35, 36, 37, 38, 39, 40, 41, 42, 43, 44, 45, 46, 47, 48, 49, 50, 51, 52, 53, 54, 55, 56, 57, 58, 59, 60, 61, 62, 63, 64, 65, 66, 67, 68, 69, 70, 71, 72, 73, 74, 75, 76, 77, 78, 79, 80, 81, 82, 83, 84, 85, 86, 87, 88, 89, 90, 91, 92, 93, 94, 95, 96, 97, 98, 99, 100, 101, 102, 485, 486, 487, 488, 489, 490, 491, 492, 493, 494, 495, 496, 497, 498, 499, 500, 501, 502, 503, 504, 505, 506, 507, 508, 509, 510, 511, 512, 513, 514, 515, 516, 517, 518, 519, 520, 521, 522, 523, 524, 525, 526, 527, 528, 529, 530, 531, 532, 533, 534, 535, 536, 537, 538, 539, 540, 541, 542, 543, 544, 545, 546, 547, 548, 549, 550, 551, 552, 553, 554, 555, 556, 557, 558, 559, 560, 561, 562, 563, 564, 565, 566, 567, 568, 569, 570, 571, 572, 573]","[4, 11, 18, 21, 23, 26, 27, 28, 31, 35, 36, 43, 45, 52, 55, 56, 60, 62, 64, 70, 71, 80, 90, 94, 97, 183, 197, 232, 334, 426, 455, 472, 477, 478, 480, 483, 484, 490, 496, 505, 507, 509, 510, 511, 514, 516, 517, 523, 525, 529, 532, 533, 536, 538, 545, 546, 552, 561, 565, 568, 654, 668, 696, 790, 857, 878, 902, 919, 928, 929, 932, 934, 935]",[],"[94, 301, 476, 565, 924, 925]","[0, 1, 2, 3, 516, 4, 5, 6, 7, 8, 9, 11, 10, 12, 13, 14, 15, 16, 17, 18, 19, 21, 20, 22, 23, 24, 538, 26, 25, 27, 28, 29, 30, 31, 32, 35, 33, 34, 36, 37, 38, 39, 40, 41, 42, 43, 44, 45, 46, 47, 48, 49, 50, 565, 51, 52, 53, 54, 55, 56, 57, 58, 59, 60, 64, 61, 62, 63, 65, 66, 67, 68, 69, 70, 71, 72, 73, 74, 75, 76, 77, 78, 79, 80, 81, 82, 83, 84, 85, 86, 87, 88, 89, 90, 94, 91, 92, 93, 95, 96, 97, 98, 99, 100, 101, 102, 528, 529, 530, 513, 531, 532, 533, 534, 535, 514, 536, 537, 654, 539, 668, 540, 515, 541, 542, 543, 544, 545, 183, 696, 546, 547, 197, 548, 549, 550, 517, 551, 552, 553, 554, 232, 555, 518, 556, 557, 558, 559, 560, 519, 561, 562, 563, 564, 790, 520, 799, 566, 567, 568, 301, 569, 570, 521, 825, 571, 572, 573, 334, 522, 343, 857, 523, 878, 375, 524, 902, 919, 525, 924, 925, 928, 929, 932, 934, 935, 426, 512, 526, 455, 527, 472, 476, 477, 478, 480, 483, 484, 485, 486, 487, 488, 489, 490, 491, 492, 493, 494, 495, 496, 497, 498, 499, 500, 501, 502, 503, 504, 505, 506, 507, 508, 509, 510, 511]",True,"[11, 21, 26, 35, 64, 94, 496, 505, 509, 516, 538, 565]","[0, 1, 2, 3, 4, 5, 6, 7, 8, 9, 10, 11, 12, 13, 14, 15, 16, 17, 18, 19, 20, 21, 22, 23, 24, 25, 26, 27, 28, 29, 30, 31, 32, 33, 34, 35, 36, 37, 38, 39, 40, 41, 42, 43, 44, 45, 46, 47, 48, 49, 50, 51, 52, 53, 54, 55, 56, 57, 58, 59, 60, 61, 62, 63, 64, 65, 66, 67, 68, 69, 70, 71, 72, 73, 74, 75, 76, 77, 78, 79, 80, 81, 82, 83, 84, 85, 86, 87, 88, 89, 90, 91, 92, 93, 94, 95, 96, 97, 98, 99, 100, 101, 102, 485, 486, 487, 488, 489, 490, 491, 492, 493, 494, 495, 496, 497, 498, 499, 500, 501, 502, 503, 504, 505, 506, 507, 508, 509, 510, 511, 512, 513, 514, 515, 516, 517, 518, 519, 520, 521, 522, 523, 524, 525, 526, 527, 528, 529, 530, 531, 532, 533, 534, 535, 536, 537, 538, 539, 540, 541, 542, 543, 544, 545, 546, 547, 548, 549, 550, 551, 552, 553, 554, 555, 556, 557, 558, 559, 560, 561, 562, 563, 564, 565, 566, 567, 568, 569, 570, 571, 572, 573]","[11, 21, 26, 35, 64, 94, 496, 505, 509, 516, 538, 565]","[26, 94, 343, 375, 509, 565, 799, 825]","[4, 11, 18, 21, 23, 26, 27, 28, 31, 35, 36, 43, 45, 52, 55, 56, 60, 62, 64, 70, 71, 80, 90, 94, 97, 183, 197, 232, 334, 426, 455, 472, 477, 478, 480, 483, 484, 490, 496, 505, 507, 509, 510, 511, 514, 516, 517, 523, 525, 529, 532, 533, 536, 538, 545, 546, 552, 561, 565, 568, 654, 668, 696, 790, 857, 878, 902, 919, 928, 929, 932, 934, 935]","[94, 301, 476, 565, 924, 925]",[],7/6 successful match,True,"[747, 748, 749, 750, 751]",True,187,True,2014,0.125,True,TravelCenters of America,TravelCenters
D Kingman ( 86401 ) TA Kingman # 094,2 928-753-7600 I-40 Exit 48 ( US 93 N ),T24 <U+25A1> 24,Kingman,86401,TA Kingman # 094,928-753-7600,2015,Kingman,AZ,,( US 93 N ),I-40 Exit 48 ,Exit,48,False,,False,I-40,,,,,"[565, 94]","[11, 21, 26, 35, 64, 94, 496, 505, 509, 516, 538, 565]","[11, 21, 26, 35, 64, 94, 496, 505, 509, 516, 538, 565]","[26, 94, 343, 375, 509, 565, 799, 825]","[0, 1, 2, 3, 4, 5, 6, 7, 8, 9, 10, 11, 12, 13, 14, 15, 16, 17, 18, 19, 20, 21, 22, 23, 24, 25, 26, 27, 28, 29, 30, 31, 32, 33, 34, 35, 36, 37, 38, 39, 40, 41, 42, 43, 44, 45, 46, 47, 48, 49, 50, 51, 52, 53, 54, 55, 56, 57, 58, 59, 60, 61, 62, 63, 64, 65, 66, 67, 68, 69, 70, 71, 72, 73, 74, 75, 76, 77, 78, 79, 80, 81, 82, 83, 84, 85, 86, 87, 88, 89, 90, 91, 92, 93, 94, 95, 96, 97, 98, 99, 100, 101, 102, 485, 486, 487, 488, 489, 490, 491, 492, 493, 494, 495, 496, 497, 498, 499, 500, 501, 502, 503, 504, 505, 506, 507, 508, 509, 510, 511, 512, 513, 514, 515, 516, 517, 518, 519, 520, 521, 522, 523, 524, 525, 526, 527, 528, 529, 530, 531, 532, 533, 534, 535, 536, 537, 538, 539, 540, 541, 542, 543, 544, 545, 546, 547, 548, 549, 550, 551, 552, 553, 554, 555, 556, 557, 558, 559, 560, 561, 562, 563, 564, 565, 566, 567, 568, 569, 570, 571, 572, 573]","[4, 11, 18, 21, 23, 26, 27, 28, 31, 35, 36, 43, 45, 52, 55, 56, 60, 62, 64, 70, 71, 80, 90, 94, 97, 183, 197, 232, 334, 426, 455, 472, 477, 478, 480, 483, 484, 490, 496, 505, 507, 509, 510, 511, 514, 516, 517, 523, 525, 529, 532, 533, 536, 538, 545, 546, 552, 561, 565, 568, 654, 668, 696, 790, 857, 878, 902, 919, 928, 929, 932, 934, 935]",[],"[94, 301, 476, 565, 924, 925]","[0, 1, 2, 3, 516, 4, 5, 6, 7, 8, 9, 11, 10, 12, 13, 14, 15, 16, 17, 18, 19, 21, 20, 22, 23, 24, 538, 26, 25, 27, 28, 29, 30, 31, 32, 35, 33, 34, 36, 37, 38, 39, 40, 41, 42, 43, 44, 45, 46, 47, 48, 49, 50, 565, 51, 52, 53, 54, 55, 56, 57, 58, 59, 60, 64, 61, 62, 63, 65, 66, 67, 68, 69, 70, 71, 72, 73, 74, 75, 76, 77, 78, 79, 80, 81, 82, 83, 84, 85, 86, 87, 88, 89, 90, 94, 91, 92, 93, 95, 96, 97, 98, 99, 100, 101, 102, 528, 529, 530, 513, 531, 532, 533, 534, 535, 514, 536, 537, 654, 539, 668, 540, 515, 541, 542, 543, 544, 545, 183, 696, 546, 547, 197, 548, 549, 550, 517, 551, 552, 553, 554, 232, 555, 518, 556, 557, 558, 559, 560, 519, 561, 562, 563, 564, 790, 520, 799, 566, 567, 568, 301, 569, 570, 521, 825, 571, 572, 573, 334, 522, 343, 857, 523, 878, 375, 524, 902, 919, 525, 924, 925, 928, 929, 932, 934, 935, 426, 512, 526, 455, 527, 472, 476, 477, 478, 480, 483, 484, 485, 486, 487, 488, 489, 490, 491, 492, 493, 494, 495, 496, 497, 498, 499, 500, 501, 502, 503, 504, 505, 506, 507, 508, 509, 510, 511]",True,"[11, 21, 26, 35, 64, 94, 496, 505, 509, 516, 538, 565]","[0, 1, 2, 3, 4, 5, 6, 7, 8, 9, 10, 11, 12, 13, 14, 15, 16, 17, 18, 19, 20, 21, 22, 23, 24, 25, 26, 27, 28, 29, 30, 31, 32, 33, 34, 35, 36, 37, 38, 39, 40, 41, 42, 43, 44, 45, 46, 47, 48, 49, 50, 51, 52, 53, 54, 55, 56, 57, 58, 59, 60, 61, 62, 63, 64, 65, 66, 67, 68, 69, 70, 71, 72, 73, 74, 75, 76, 77, 78, 79, 80, 81, 82, 83, 84, 85, 86, 87, 88, 89, 90, 91, 92, 93, 94, 95, 96, 97, 98, 99, 100, 101, 102, 485, 486, 487, 488, 489, 490, 491, 492, 493, 494, 495, 496, 497, 498, 499, 500, 501, 502, 503, 504, 505, 506, 507, 508, 509, 510, 511, 512, 513, 514, 515, 516, 517, 518, 519, 520, 521, 522, 523, 524, 525, 526, 527, 528, 529, 530, 531, 532, 533, 534, 535, 536, 537, 538, 539, 540, 541, 542, 543, 544, 545, 546, 547, 548, 549, 550, 551, 552, 553, 554, 555, 556, 557, 558, 559, 560, 561, 562, 563, 564, 565, 566, 567, 568, 569, 570, 571, 572, 573]","[11, 21, 26, 35, 64, 94, 496, 505, 509, 516, 538, 565]","[26, 94, 343, 375, 509, 565, 799, 825]","[4, 11, 18, 21, 23, 26, 27, 28, 31, 35, 36, 43, 45, 52, 55, 56, 60, 62, 64, 70, 71, 80, 90, 94, 97, 183, 197, 232, 334, 426, 455, 472, 477, 478, 480, 483, 484, 490, 496, 505, 507, 509, 510, 511, 514, 516, 517, 523, 525, 529, 532, 533, 536, 538, 545, 546, 552, 561, 565, 568, 654, 668, 696, 790, 857, 878, 902, 919, 928, 929, 932, 934, 935]","[94, 301, 476, 565, 924, 925]",[],7/6 successful match,True,"[747, 748, 749, 750, 751]",True,187,False,,1.0,True,TA Kingman # 094,
Kingman ( 86401 ) TA Kingman # 094 ( Sinclair ),928-753-7600 I-40 Exit 48 ( US 93 N ) A,A 24 <U+25A1> LO,Kingman,86401,TA Kingman # 094 ( Sinclair ),928-753-7600,2016,Kingman,AZ,Sinclair,( US 93 N ) A,I-40 Exit 48 ,Exit,48,False,,False,I-40,,,,,"[565, 94]","[11, 21, 26, 35, 64, 94, 496, 505, 509, 516, 538, 565]","[11, 21, 26, 35, 64, 94, 496, 505, 509, 516, 538, 565]","[26, 94, 343, 375, 509, 565, 799, 825]","[0, 1, 2, 3, 4, 5, 6, 7, 8, 9, 10, 11, 12, 13, 14, 15, 16, 17, 18, 19, 20, 21, 22, 23, 24, 25, 26, 27, 28, 29, 30, 31, 32, 33, 34, 35, 36, 37, 38, 39, 40, 41, 42, 43, 44, 45, 46, 47, 48, 49, 50, 51, 52, 53, 54, 55, 56, 57, 58, 59, 60, 61, 62, 63, 64, 65, 66, 67, 68, 69, 70, 71, 72, 73, 74, 75, 76, 77, 78, 79, 80, 81, 82, 83, 84, 85, 86, 87, 88, 89, 90, 91, 92, 93, 94, 95, 96, 97, 98, 99, 100, 101, 102, 485, 486, 487, 488, 489, 490, 491, 492, 493, 494, 495, 496, 497, 498, 499, 500, 501, 502, 503, 504, 505, 506, 507, 508, 509, 510, 511, 512, 513, 514, 515, 516, 517, 518, 519, 520, 521, 522, 523, 524, 525, 526, 527, 528, 529, 530, 531, 532, 533, 534, 535, 536, 537, 538, 539, 540, 541, 542, 543, 544, 545, 546, 547, 548, 549, 550, 551, 552, 553, 554, 555, 556, 557, 558, 559, 560, 561, 562, 563, 564, 565, 566, 567, 568, 569, 570, 571, 572, 573]","[4, 11, 18, 21, 23, 26, 27, 28, 31, 35, 36, 43, 45, 52, 55, 56, 60, 62, 64, 70, 71, 80, 90, 94, 97, 183, 197, 232, 334, 426, 455, 472, 477, 478, 480, 483, 484, 490, 496, 505, 507, 509, 510, 511, 514, 516, 517, 523, 525, 529, 532, 533, 536, 538, 545, 546, 552, 561, 565, 568, 654, 668, 696, 790, 857, 878, 902, 919, 928, 929, 932, 934, 935]","[31, 142, 147, 180, 338, 352, 367, 387, 403, 405, 408, 410, 455, 465, 466, 468, 470, 472, 473, 483, 484, 514, 613, 618, 651, 794, 807, 837, 852, 854, 858, 861, 902, 912, 913, 915, 917, 919, 920, 931, 934, 935]","[31, 94, 142, 147, 180, 301, 338, 352, 367, 387, 403, 405, 408, 410, 455, 465, 466, 468, 470, 472, 473, 476, 483, 484, 514, 565, 613, 618, 651, 794, 807, 837, 852, 854, 858, 861, 902, 912, 913, 915, 917, 919, 920, 924, 925, 931, 934, 935]","[0, 1, 2, 3, 516, 4, 5, 6, 7, 8, 9, 11, 10, 12, 13, 14, 15, 16, 17, 18, 19, 21, 20, 22, 23, 24, 538, 26, 25, 27, 28, 29, 30, 31, 32, 35, 33, 34, 36, 37, 38, 39, 40, 41, 42, 43, 44, 45, 46, 47, 48, 49, 50, 565, 51, 52, 53, 54, 55, 56, 57, 58, 59, 60, 64, 61, 62, 63, 65, 66, 67, 68, 69, 70, 71, 72, 73, 74, 75, 76, 77, 78, 79, 80, 81, 82, 83, 84, 85, 86, 87, 88, 89, 90, 94, 91, 92, 93, 95, 96, 97, 98, 99, 100, 101, 102, 528, 529, 530, 613, 618, 513, 531, 532, 533, 534, 535, 514, 536, 651, 537, 654, 142, 147, 539, 668, 540, 515, 541, 542, 543, 544, 180, 545, 183, 696, 546, 547, 197, 548, 549, 550, 517, 551, 552, 553, 554, 232, 555, 518, 556, 557, 558, 559, 560, 519, 561, 562, 563, 564, 790, 794, 520, 799, 566, 567, 807, 568, 301, 569, 570, 521, 825, 571, 572, 573, 837, 334, 522, 338, 852, 854, 343, 857, 858, 861, 352, 523, 878, 367, 375, 524, 387, 902, 912, 913, 403, 915, 405, 917, 919, 408, 920, 410, 525, 924, 925, 928, 929, 931, 932, 934, 935, 426, 512, 526, 455, 527, 465, 466, 468, 470, 472, 473, 476, 477, 478, 480, 483, 484, 485, 486, 487, 488, 489, 490, 491, 492, 493, 494, 495, 496, 497, 498, 499, 500, 501, 502, 503, 504, 505, 506, 507, 508, 509, 510, 511]",True,"[11, 21, 26, 35, 64, 94, 496, 505, 509, 516, 538, 565]","[0, 1, 2, 3, 4, 5, 6, 7, 8, 9, 10, 11, 12, 13, 14, 15, 16, 17, 18, 19, 20, 21, 22, 23, 24, 25, 26, 27, 28, 29, 30, 31, 32, 33, 34, 35, 36, 37, 38, 39, 40, 41, 42, 43, 44, 45, 46, 47, 48, 49, 50, 51, 52, 53, 54, 55, 56, 57, 58, 59, 60, 61, 62, 63, 64, 65, 66, 67, 68, 69, 70, 71, 72, 73, 74, 75, 76, 77, 78, 79, 80, 81, 82, 83, 84, 85, 86, 87, 88, 89, 90, 91, 92, 93, 94, 95, 96, 97, 98, 99, 100, 101, 102, 485, 486, 487, 488, 489, 490, 491, 492, 493, 494, 495, 496, 497, 498, 499, 500, 501, 502, 503, 504, 505, 506, 507, 508, 509, 510, 511, 512, 513, 514, 515, 516, 517, 518, 519, 520, 521, 522, 523, 524, 525, 526, 527, 528, 529, 530, 531, 532, 533, 534, 535, 536, 537, 538, 539, 540, 541, 542, 543, 544, 545, 546, 547, 548, 549, 550, 551, 552, 553, 554, 555, 556, 557, 558, 559, 560, 561, 562, 563, 564, 565, 566, 567, 568, 569, 570, 571, 572, 573]","[11, 21, 26, 35, 64, 94, 496, 505, 509, 516, 538, 565]","[26, 94, 343, 375, 509, 565, 799, 825]","[4, 11, 18, 21, 23, 26, 27, 28, 31, 35, 36, 43, 45, 52, 55, 56, 60, 62, 64, 70, 71, 80, 90, 94, 97, 183, 197, 232, 334, 426, 455, 472, 477, 478, 480, 483, 484, 490, 496, 505, 507, 509, 510, 511, 514, 516, 517, 523, 525, 529, 532, 533, 536, 538, 545, 546, 552, 561, 565, 568, 654, 668, 696, 790, 857, 878, 902, 919, 928, 929, 932, 934, 935]","[31, 94, 142, 147, 180, 301, 338, 352, 367, 387, 403, 405, 408, 410, 455, 465, 466, 468, 470, 472, 473, 476, 483, 484, 514, 565, 613, 618, 651, 794, 807, 837, 852, 854, 858, 861, 902, 912, 913, 915, 917, 919, 920, 924, 925, 931, 934, 935]","[31, 142, 147, 180, 338, 352, 367, 387, 403, 405, 408, 410, 455, 465, 466, 468, 470, 472, 473, 483, 484, 514, 613, 618, 651, 794, 807, 837, 852, 854, 858, 861, 902, 912, 913, 915, 917, 919, 920, 931, 934, 935]",6/6 successful match,True,"[747, 748, 749, 750, 751]",True,187,False,,0.98,True,TA Kingman # 094,
"Kingman , 86401 Petro Stopping Center # 15",928-757-2799 I-40 Exit 66 ( Blake Ranch Rd N ),,Kingman,86401,Petro Stopping Center # 15,928-757-2799,2006,Kingman,AZ,,( Blake Ranch Rd N ),I-40 Exit 66 ,Exit,66,False,,False,I-40,,,,,[],"[11, 21, 26, 35, 64, 94, 496, 505, 509, 516, 538, 565]","[11, 21, 26, 35, 64, 94, 496, 505, 509, 516, 538, 565]","[64, 197, 223, 264, 538, 668, 687, 724]","[0, 1, 2, 3, 4, 5, 6, 7, 8, 9, 10, 11, 12, 13, 14, 15, 16, 17, 18, 19, 20, 21, 22, 23, 24, 25, 26, 27, 28, 29, 30, 31, 32, 33, 34, 35, 36, 37, 38, 39, 40, 41, 42, 43, 44, 45, 46, 47, 48, 49, 50, 51, 52, 53, 54, 55, 56, 57, 58, 59, 60, 61, 62, 63, 64, 65, 66, 67, 68, 69, 70, 71, 72, 73, 74, 75, 76, 77, 78, 79, 80, 81, 82, 83, 84, 85, 86, 87, 88, 89, 90, 91, 92, 93, 94, 95, 96, 97, 98, 99, 100, 101, 102, 485, 486, 487, 488, 489, 490, 491, 492, 493, 494, 495, 496, 497, 498, 499, 500, 501, 502, 503, 504, 505, 506, 507, 508, 509, 510, 511, 512, 513, 514, 515, 516, 517, 518, 519, 520, 521, 522, 523, 524, 525, 526, 527, 528, 529, 530, 531, 532, 533, 534, 535, 536, 537, 538, 539, 540, 541, 542, 543, 544, 545, 546, 547, 548, 549, 550, 551, 552, 553, 554, 555, 556, 557, 558, 559, 560, 561, 562, 563, 564, 565, 566, 567, 568, 569, 570, 571, 572, 573]","[4, 11, 18, 21, 23, 26, 27, 28, 31, 35, 36, 43, 45, 52, 55, 56, 60, 62, 64, 70, 71, 80, 90, 94, 97, 183, 197, 232, 334, 426, 455, 472, 477, 478, 480, 483, 484, 490, 496, 505, 507, 509, 510, 511, 514, 516, 517, 523, 525, 529, 532, 533, 536, 538, 545, 546, 552, 561, 565, 568, 654, 668, 696, 790, 857, 878, 902, 919, 928, 929, 932, 934, 935]",[],"[63, 64, 240, 241, 242, 243, 370, 371, 372, 537, 538, 704, 705, 706, 707, 820, 821, 822]","[0, 1, 2, 3, 516, 4, 5, 6, 7, 8, 9, 11, 10, 12, 13, 14, 15, 16, 17, 18, 19, 21, 20, 22, 23, 24, 538, 26, 25, 27, 28, 29, 30, 31, 32, 35, 33, 34, 36, 37, 38, 39, 40, 41, 42, 43, 44, 45, 46, 47, 48, 49, 50, 565, 51, 52, 53, 54, 55, 56, 57, 58, 59, 60, 64, 61, 62, 63, 65, 66, 67, 68, 69, 70, 71, 72, 73, 74, 75, 76, 77, 78, 79, 80, 81, 82, 83, 84, 85, 86, 87, 88, 89, 90, 94, 91, 92, 93, 95, 96, 97, 98, 99, 100, 101, 102, 528, 529, 530, 513, 531, 532, 533, 534, 535, 514, 536, 537, 654, 539, 668, 540, 515, 541, 542, 543, 687, 544, 545, 183, 696, 546, 704, 547, 705, 706, 707, 197, 548, 549, 550, 517, 724, 551, 552, 223, 553, 554, 232, 555, 518, 556, 240, 241, 242, 557, 243, 558, 559, 560, 519, 561, 264, 562, 563, 564, 790, 520, 566, 567, 568, 569, 570, 820, 821, 521, 822, 571, 572, 573, 334, 522, 857, 523, 878, 370, 371, 372, 524, 902, 919, 525, 928, 929, 932, 934, 935, 426, 512, 526, 455, 527, 472, 477, 478, 480, 483, 484, 485, 486, 487, 488, 489, 490, 491, 492, 493, 494, 495, 496, 497, 498, 499, 500, 501, 502, 503, 504, 505, 506, 507, 508, 509, 510, 511]",False,"[11, 21, 26, 35, 64, 94, 496, 505, 509, 516, 538, 565]","[0, 1, 2, 3, 4, 5, 6, 7, 8, 9, 10, 11, 12, 13, 14, 15, 16, 17, 18, 19, 20, 21, 22, 23, 24, 25, 26, 27, 28, 29, 30, 31, 32, 33, 34, 35, 36, 37, 38, 39, 40, 41, 42, 43, 44, 45, 46, 47, 48, 49, 50, 51, 52, 53, 54, 55, 56, 57, 58, 59, 60, 61, 62, 63, 64, 65, 66, 67, 68, 69, 70, 71, 72, 73, 74, 75, 76, 77, 78, 79, 80, 81, 82, 83, 84, 85, 86, 87, 88, 89, 90, 91, 92, 93, 94, 95, 96, 97, 98, 99, 100, 101, 102, 485, 486, 487, 488, 489, 490, 491, 492, 493, 494, 495, 496, 497, 498, 499, 500, 501, 502, 503, 504, 505, 506, 507, 508, 509, 510, 511, 512, 513, 514, 515, 516, 517, 518, 519, 520, 521, 522, 523, 524, 525, 526, 527, 528, 529, 530, 531, 532, 533, 534, 535, 536, 537, 538, 539, 540, 541, 542, 543, 544, 545, 546, 547, 548, 549, 550, 551, 552, 553, 554, 555, 556, 557, 558, 559, 560, 561, 562, 563, 564, 565, 566, 567, 568, 569, 570, 571, 572, 573]","[11, 21, 26, 35, 64, 94, 496, 505, 509, 516, 538, 565]","[64, 197, 223, 264, 538, 668, 687, 724]","[4, 11, 18, 21, 23, 26, 27, 28, 31, 35, 36, 43, 45, 52, 55, 56, 60, 62, 64, 70, 71, 80, 90, 94, 97, 183, 197, 232, 334, 426, 455, 472, 477, 478, 480, 483, 484, 490, 496, 505, 507, 509, 510, 511, 514, 516, 517, 523, 525, 529, 532, 533, 536, 538, 545, 546, 552, 561, 565, 568, 654, 668, 696, 790, 857, 878, 902, 919, 928, 929, 932, 934, 935]","[63, 64, 240, 241, 242, 243, 370, 371, 372, 537, 538, 704, 705, 706, 707, 820, 821, 822]",[],7/6 successful match,False,,False,188,False,,,,,
"Kingman , 86401 Petro Stopping Center # 15",928-757-2799 I-40 Exit 66 ( Blake Ranch Rd N ) PETRO,24 XL24 HRS <U+2610><U+2610>,Kingman,86401,Petro Stopping Center # 15,928-757-2799,2007,Kingman,AZ,,( Blake Ranch Rd N ) PETRO,I-40 Exit 66 ,Exit,66,False,,False,I-40,,,,,[],"[11, 21, 26, 35, 64, 94, 496, 505, 509, 516, 538, 565]","[11, 21, 26, 35, 64, 94, 496, 505, 509, 516, 538, 565]","[64, 197, 223, 264, 538, 668, 687, 724]","[0, 1, 2, 3, 4, 5, 6, 7, 8, 9, 10, 11, 12, 13, 14, 15, 16, 17, 18, 19, 20, 21, 22, 23, 24, 25, 26, 27, 28, 29, 30, 31, 32, 33, 34, 35, 36, 37, 38, 39, 40, 41, 42, 43, 44, 45, 46, 47, 48, 49, 50, 51, 52, 53, 54, 55, 56, 57, 58, 59, 60, 61, 62, 63, 64, 65, 66, 67, 68, 69, 70, 71, 72, 73, 74, 75, 76, 77, 78, 79, 80, 81, 82, 83, 84, 85, 86, 87, 88, 89, 90, 91, 92, 93, 94, 95, 96, 97, 98, 99, 100, 101, 102, 485, 486, 487, 488, 489, 490, 491, 492, 493, 494, 495, 496, 497, 498, 499, 500, 501, 502, 503, 504, 505, 506, 507, 508, 509, 510, 511, 512, 513, 514, 515, 516, 517, 518, 519, 520, 521, 522, 523, 524, 525, 526, 527, 528, 529, 530, 531, 532, 533, 534, 535, 536, 537, 538, 539, 540, 541, 542, 543, 544, 545, 546, 547, 548, 549, 550, 551, 552, 553, 554, 555, 556, 557, 558, 559, 560, 561, 562, 563, 564, 565, 566, 567, 568, 569, 570, 571, 572, 573]","[4, 11, 18, 21, 23, 26, 27, 28, 31, 35, 36, 43, 45, 52, 55, 56, 60, 62, 64, 70, 71, 80, 90, 94, 97, 183, 197, 232, 334, 426, 455, 472, 477, 478, 480, 483, 484, 490, 496, 505, 507, 509, 510, 511, 514, 516, 517, 523, 525, 529, 532, 533, 536, 538, 545, 546, 552, 561, 565, 568, 654, 668, 696, 790, 857, 878, 902, 919, 928, 929, 932, 934, 935]",[],"[63, 64, 240, 241, 242, 243, 370, 371, 372, 537, 538, 704, 705, 706, 707, 820, 821, 822]","[0, 1, 2, 3, 516, 4, 5, 6, 7, 8, 9, 11, 10, 12, 13, 14, 15, 16, 17, 18, 19, 21, 20, 22, 23, 24, 538, 26, 25, 27, 28, 29, 30, 31, 32, 35, 33, 34, 36, 37, 38, 39, 40, 41, 42, 43, 44, 45, 46, 47, 48, 49, 50, 565, 51, 52, 53, 54, 55, 56, 57, 58, 59, 60, 64, 61, 62, 63, 65, 66, 67, 68, 69, 70, 71, 72, 73, 74, 75, 76, 77, 78, 79, 80, 81, 82, 83, 84, 85, 86, 87, 88, 89, 90, 94, 91, 92, 93, 95, 96, 97, 98, 99, 100, 101, 102, 528, 529, 530, 513, 531, 532, 533, 534, 535, 514, 536, 537, 654, 539, 668, 540, 515, 541, 542, 543, 687, 544, 545, 183, 696, 546, 704, 547, 705, 706, 707, 197, 548, 549, 550, 517, 724, 551, 552, 223, 553, 554, 232, 555, 518, 556, 240, 241, 242, 557, 243, 558, 559, 560, 519, 561, 264, 562, 563, 564, 790, 520, 566, 567, 568, 569, 570, 820, 821, 521, 822, 571, 572, 573, 334, 522, 857, 523, 878, 370, 371, 372, 524, 902, 919, 525, 928, 929, 932, 934, 935, 426, 512, 526, 455, 527, 472, 477, 478, 480, 483, 484, 485, 486, 487, 488, 489, 490, 491, 492, 493, 494, 495, 496, 497, 498, 499, 500, 501, 502, 503, 504, 505, 506, 507, 508, 509, 510, 511]",False,"[11, 21, 26, 35, 64, 94, 496, 505, 509, 516, 538, 565]","[0, 1, 2, 3, 4, 5, 6, 7, 8, 9, 10, 11, 12, 13, 14, 15, 16, 17, 18, 19, 20, 21, 22, 23, 24, 25, 26, 27, 28, 29, 30, 31, 32, 33, 34, 35, 36, 37, 38, 39, 40, 41, 42, 43, 44, 45, 46, 47, 48, 49, 50, 51, 52, 53, 54, 55, 56, 57, 58, 59, 60, 61, 62, 63, 64, 65, 66, 67, 68, 69, 70, 71, 72, 73, 74, 75, 76, 77, 78, 79, 80, 81, 82, 83, 84, 85, 86, 87, 88, 89, 90, 91, 92, 93, 94, 95, 96, 97, 98, 99, 100, 101, 102, 485, 486, 487, 488, 489, 490, 491, 492, 493, 494, 495, 496, 497, 498, 499, 500, 501, 502, 503, 504, 505, 506, 507, 508, 509, 510, 511, 512, 513, 514, 515, 516, 517, 518, 519, 520, 521, 522, 523, 524, 525, 526, 527, 528, 529, 530, 531, 532, 533, 534, 535, 536, 537, 538, 539, 540, 541, 542, 543, 544, 545, 546, 547, 548, 549, 550, 551, 552, 553, 554, 555, 556, 557, 558, 559, 560, 561, 562, 563, 564, 565, 566, 567, 568, 569, 570, 571, 572, 573]","[11, 21, 26, 35, 64, 94, 496, 505, 509, 516, 538, 565]","[64, 197, 223, 264, 538, 668, 687, 724]","[4, 11, 18, 21, 23, 26, 27, 28, 31, 35, 36, 43, 45, 52, 55, 56, 60, 62, 64, 70, 71, 80, 90, 94, 97, 183, 197, 232, 334, 426, 455, 472, 477, 478, 480, 483, 484, 490, 496, 505, 507, 509, 510, 511, 514, 516, 517, 523, 525, 529, 532, 533, 536, 538, 545, 546, 552, 561, 565, 568, 654, 668, 696, 790, 857, 878, 902, 919, 928, 929, 932, 934, 935]","[63, 64, 240, 241, 242, 243, 370, 371, 372, 537, 538, 704, 705, 706, 707, 820, 821, 822]",[],7/6 successful match,False,,False,188,False,,1.0,True,Petro Stopping Center # 15,
"Kingman , 86401 Petro Stopping Center # 15",2 928-757-2799 I-40 Exit 66 ( Blake Ranch Rd N PETRO,24 HRS XL 24 <U+2610><U+2610>,Kingman,86401,Petro Stopping Center # 15,928-757-2799,2008,Kingman,AZ,,( Blake Ranch Rd N PETRO,I-40 Exit 66 ,Exit,66,False,,False,I-40,,,,,[],"[11, 21, 26, 35, 64, 94, 496, 505, 509, 516, 538, 565]","[11, 21, 26, 35, 64, 94, 496, 505, 509, 516, 538, 565]","[64, 197, 223, 264, 538, 668, 687, 724]","[0, 1, 2, 3, 4, 5, 6, 7, 8, 9, 10, 11, 12, 13, 14, 15, 16, 17, 18, 19, 20, 21, 22, 23, 24, 25, 26, 27, 28, 29, 30, 31, 32, 33, 34, 35, 36, 37, 38, 39, 40, 41, 42, 43, 44, 45, 46, 47, 48, 49, 50, 51, 52, 53, 54, 55, 56, 57, 58, 59, 60, 61, 62, 63, 64, 65, 66, 67, 68, 69, 70, 71, 72, 73, 74, 75, 76, 77, 78, 79, 80, 81, 82, 83, 84, 85, 86, 87, 88, 89, 90, 91, 92, 93, 94, 95, 96, 97, 98, 99, 100, 101, 102, 485, 486, 487, 488, 489, 490, 491, 492, 493, 494, 495, 496, 497, 498, 499, 500, 501, 502, 503, 504, 505, 506, 507, 508, 509, 510, 511, 512, 513, 514, 515, 516, 517, 518, 519, 520, 521, 522, 523, 524, 525, 526, 527, 528, 529, 530, 531, 532, 533, 534, 535, 536, 537, 538, 539, 540, 541, 542, 543, 544, 545, 546, 547, 548, 549, 550, 551, 552, 553, 554, 555, 556, 557, 558, 559, 560, 561, 562, 563, 564, 565, 566, 567, 568, 569, 570, 571, 572, 573]","[4, 11, 18, 21, 23, 26, 27, 28, 31, 35, 36, 43, 45, 52, 55, 56, 60, 62, 64, 70, 71, 80, 90, 94, 97, 183, 197, 232, 334, 426, 455, 472, 477, 478, 480, 483, 484, 490, 496, 505, 507, 509, 510, 511, 514, 516, 517, 523, 525, 529, 532, 533, 536, 538, 545, 546, 552, 561, 565, 568, 654, 668, 696, 790, 857, 878, 902, 919, 928, 929, 932, 934, 935]",[],"[63, 64, 240, 241, 242, 243, 370, 371, 372, 537, 538, 704, 705, 706, 707, 820, 821, 822]","[0, 1, 2, 3, 516, 4, 5, 6, 7, 8, 9, 11, 10, 12, 13, 14, 15, 16, 17, 18, 19, 21, 20, 22, 23, 24, 538, 26, 25, 27, 28, 29, 30, 31, 32, 35, 33, 34, 36, 37, 38, 39, 40, 41, 42, 43, 44, 45, 46, 47, 48, 49, 50, 565, 51, 52, 53, 54, 55, 56, 57, 58, 59, 60, 64, 61, 62, 63, 65, 66, 67, 68, 69, 70, 71, 72, 73, 74, 75, 76, 77, 78, 79, 80, 81, 82, 83, 84, 85, 86, 87, 88, 89, 90, 94, 91, 92, 93, 95, 96, 97, 98, 99, 100, 101, 102, 528, 529, 530, 513, 531, 532, 533, 534, 535, 514, 536, 537, 654, 539, 668, 540, 515, 541, 542, 543, 687, 544, 545, 183, 696, 546, 704, 547, 705, 706, 707, 197, 548, 549, 550, 517, 724, 551, 552, 223, 553, 554, 232, 555, 518, 556, 240, 241, 242, 557, 243, 558, 559, 560, 519, 561, 264, 562, 563, 564, 790, 520, 566, 567, 568, 569, 570, 820, 821, 521, 822, 571, 572, 573, 334, 522, 857, 523, 878, 370, 371, 372, 524, 902, 919, 525, 928, 929, 932, 934, 935, 426, 512, 526, 455, 527, 472, 477, 478, 480, 483, 484, 485, 486, 487, 488, 489, 490, 491, 492, 493, 494, 495, 496, 497, 498, 499, 500, 501, 502, 503, 504, 505, 506, 507, 508, 509, 510, 511]",False,"[11, 21, 26, 35, 64, 94, 496, 505, 509, 516, 538, 565]","[0, 1, 2, 3, 4, 5, 6, 7, 8, 9, 10, 11, 12, 13, 14, 15, 16, 17, 18, 19, 20, 21, 22, 23, 24, 25, 26, 27, 28, 29, 30, 31, 32, 33, 34, 35, 36, 37, 38, 39, 40, 41, 42, 43, 44, 45, 46, 47, 48, 49, 50, 51, 52, 53, 54, 55, 56, 57, 58, 59, 60, 61, 62, 63, 64, 65, 66, 67, 68, 69, 70, 71, 72, 73, 74, 75, 76, 77, 78, 79, 80, 81, 82, 83, 84, 85, 86, 87, 88, 89, 90, 91, 92, 93, 94, 95, 96, 97, 98, 99, 100, 101, 102, 485, 486, 487, 488, 489, 490, 491, 492, 493, 494, 495, 496, 497, 498, 499, 500, 501, 502, 503, 504, 505, 506, 507, 508, 509, 510, 511, 512, 513, 514, 515, 516, 517, 518, 519, 520, 521, 522, 523, 524, 525, 526, 527, 528, 529, 530, 531, 532, 533, 534, 535, 536, 537, 538, 539, 540, 541, 542, 543, 544, 545, 546, 547, 548, 549, 550, 551, 552, 553, 554, 555, 556, 557, 558, 559, 560, 561, 562, 563, 564, 565, 566, 567, 568, 569, 570, 571, 572, 573]","[11, 21, 26, 35, 64, 94, 496, 505, 509, 516, 538, 565]","[64, 197, 223, 264, 538, 668, 687, 724]","[4, 11, 18, 21, 23, 26, 27, 28, 31, 35, 36, 43, 45, 52, 55, 56, 60, 62, 64, 70, 71, 80, 90, 94, 97, 183, 197, 232, 334, 426, 455, 472, 477, 478, 480, 483, 484, 490, 496, 505, 507, 509, 510, 511, 514, 516, 517, 523, 525, 529, 532, 533, 536, 538, 545, 546, 552, 561, 565, 568, 654, 668, 696, 790, 857, 878, 902, 919, 928, 929, 932, 934, 935]","[63, 64, 240, 241, 242, 243, 370, 371, 372, 537, 538, 704, 705, 706, 707, 820, 821, 822]",[],7/6 successful match,False,,False,188,False,,1.0,True,Petro Stopping Center # 15,
D Kingman ( 86401 ) Petro Kingman # 315 ( Shell ),2 928-757-2799 I-40 Exit 66 ( Blake Ranch Rd N ),PETRO <U+25A1> XLO 24,Kingman,86401,Petro Kingman # 315 ( Shell ),928-757-2799,2014,Kingman,AZ,Shell,( Blake Ranch Rd N ),I-40 Exit 66 ,Exit,66,False,,False,I-40,,,,,[],"[11, 21, 26, 35, 64, 94, 496, 505, 509, 516, 538, 565]","[11, 21, 26, 35, 64, 94, 496, 505, 509, 516, 538, 565]","[64, 197, 223, 264, 538, 668, 687, 724]","[0, 1, 2, 3, 4, 5, 6, 7, 8, 9, 10, 11, 12, 13, 14, 15, 16, 17, 18, 19, 20, 21, 22, 23, 24, 25, 26, 27, 28, 29, 30, 31, 32, 33, 34, 35, 36, 37, 38, 39, 40, 41, 42, 43, 44, 45, 46, 47, 48, 49, 50, 51, 52, 53, 54, 55, 56, 57, 58, 59, 60, 61, 62, 63, 64, 65, 66, 67, 68, 69, 70, 71, 72, 73, 74, 75, 76, 77, 78, 79, 80, 81, 82, 83, 84, 85, 86, 87, 88, 89, 90, 91, 92, 93, 94, 95, 96, 97, 98, 99, 100, 101, 102, 485, 486, 487, 488, 489, 490, 491, 492, 493, 494, 495, 496, 497, 498, 499, 500, 501, 502, 503, 504, 505, 506, 507, 508, 509, 510, 511, 512, 513, 514, 515, 516, 517, 518, 519, 520, 521, 522, 523, 524, 525, 526, 527, 528, 529, 530, 531, 532, 533, 534, 535, 536, 537, 538, 539, 540, 541, 542, 543, 544, 545, 546, 547, 548, 549, 550, 551, 552, 553, 554, 555, 556, 557, 558, 559, 560, 561, 562, 563, 564, 565, 566, 567, 568, 569, 570, 571, 572, 573]","[4, 11, 18, 21, 23, 26, 27, 28, 31, 35, 36, 43, 45, 52, 55, 56, 60, 62, 64, 70, 71, 80, 90, 94, 97, 183, 197, 232, 334, 426, 455, 472, 477, 478, 480, 483, 484, 490, 496, 505, 507, 509, 510, 511, 514, 516, 517, 523, 525, 529, 532, 533, 536, 538, 545, 546, 552, 561, 565, 568, 654, 668, 696, 790, 857, 878, 902, 919, 928, 929, 932, 934, 935]","[1, 13, 14, 29, 54, 55, 56, 57, 58, 60, 102, 118, 125, 127, 130, 134, 146, 149, 153, 175, 182, 187, 189, 191, 197, 225, 230, 238, 264, 265, 266, 286, 302, 317, 336, 379, 388, 389, 425, 454, 458, 463, 475, 487, 498, 499, 512, 530, 531, 532, 533, 534, 536, 573, 589, 596, 598, 601, 605, 617, 620, 624, 646, 653, 658, 660, 662, 668, 689, 694, 702, 724, 725, 745, 760, 775, 793, 829, 838, 839, 877, 901, 903, 905, 910, 923]","[1, 13, 14, 29, 54, 55, 56, 57, 58, 60, 63, 64, 102, 118, 125, 127, 130, 134, 146, 149, 153, 175, 182, 187, 189, 191, 197, 225, 230, 238, 240, 241, 242, 243, 264, 265, 266, 286, 302, 317, 336, 354, 370, 371, 372, 379, 388, 389, 425, 454, 458, 463, 475, 487, 498, 499, 512, 530, 531, 532, 533, 534, 536, 537, 538, 573, 589, 596, 598, 601, 605, 617, 620, 624, 646, 653, 658, 660, 662, 668, 689, 694, 702, 704, 705, 706, 707, 724, 725, 745, 760, 775, 793, 809, 820, 821, 822, 829, 838, 839, 877, 901, 903, 905, 910, 923]","[0, 1, 2, 3, 516, 4, 5, 6, 7, 8, 9, 11, 10, 12, 13, 14, 15, 16, 17, 18, 19, 21, 20, 22, 23, 24, 538, 26, 25, 27, 28, 29, 30, 31, 32, 35, 33, 34, 36, 37, 38, 39, 40, 41, 42, 43, 44, 45, 46, 47, 48, 49, 50, 565, 51, 52, 53, 54, 55, 56, 57, 58, 59, 60, 64, 61, 62, 63, 65, 66, 67, 68, 69, 70, 71, 72, 73, 74, 75, 76, 77, 78, 79, 80, 81, 82, 83, 84, 85, 86, 87, 88, 89, 90, 94, 91, 92, 93, 95, 96, 97, 98, 99, 100, 101, 102, 528, 529, 530, 617, 620, 513, 531, 624, 532, 118, 533, 125, 534, 127, 130, 535, 134, 646, 514, 536, 653, 537, 654, 146, 658, 660, 149, 662, 539, 153, 668, 540, 515, 541, 542, 543, 687, 175, 689, 544, 182, 545, 183, 696, 694, 187, 546, 189, 702, 191, 704, 547, 705, 706, 707, 197, 548, 549, 550, 517, 724, 551, 725, 552, 223, 553, 225, 554, 230, 232, 555, 745, 518, 556, 238, 240, 241, 242, 557, 243, 558, 760, 559, 560, 519, 561, 264, 265, 266, 775, 562, 563, 564, 790, 793, 520, 286, 566, 567, 809, 568, 302, 569, 570, 820, 821, 521, 822, 571, 317, 572, 829, 573, 838, 839, 334, 522, 336, 857, 354, 523, 877, 878, 370, 371, 372, 605, 379, 524, 388, 389, 902, 901, 903, 905, 910, 589, 919, 525, 923, 928, 929, 932, 934, 935, 425, 426, 512, 526, 596, 598, 454, 455, 458, 527, 463, 601, 472, 475, 477, 478, 480, 483, 484, 485, 486, 487, 488, 489, 490, 491, 492, 493, 494, 495, 496, 497, 498, 499, 500, 501, 502, 503, 504, 505, 506, 507, 508, 509, 510, 511]",False,"[11, 21, 26, 35, 64, 94, 496, 505, 509, 516, 538, 565]","[0, 1, 2, 3, 4, 5, 6, 7, 8, 9, 10, 11, 12, 13, 14, 15, 16, 17, 18, 19, 20, 21, 22, 23, 24, 25, 26, 27, 28, 29, 30, 31, 32, 33, 34, 35, 36, 37, 38, 39, 40, 41, 42, 43, 44, 45, 46, 47, 48, 49, 50, 51, 52, 53, 54, 55, 56, 57, 58, 59, 60, 61, 62, 63, 64, 65, 66, 67, 68, 69, 70, 71, 72, 73, 74, 75, 76, 77, 78, 79, 80, 81, 82, 83, 84, 85, 86, 87, 88, 89, 90, 91, 92, 93, 94, 95, 96, 97, 98, 99, 100, 101, 102, 485, 486, 487, 488, 489, 490, 491, 492, 493, 494, 495, 496, 497, 498, 499, 500, 501, 502, 503, 504, 505, 506, 507, 508, 509, 510, 511, 512, 513, 514, 515, 516, 517, 518, 519, 520, 521, 522, 523, 524, 525, 526, 527, 528, 529, 530, 531, 532, 533, 534, 535, 536, 537, 538, 539, 540, 541, 542, 543, 544, 545, 546, 547, 548, 549, 550, 551, 552, 553, 554, 555, 556, 557, 558, 559, 560, 561, 562, 563, 564, 565, 566, 567, 568, 569, 570, 571, 572, 573]","[11, 21, 26, 35, 64, 94, 496, 505, 509, 516, 538, 565]","[64, 197, 223, 264, 538, 668, 687, 724]","[4, 11, 18, 21, 23, 26, 27, 28, 31, 35, 36, 43, 45, 52, 55, 56, 60, 62, 64, 70, 71, 80, 90, 94, 97, 183, 197, 232, 334, 426, 455, 472, 477, 478, 480, 483, 484, 490, 496, 505, 507, 509, 510, 511, 514, 516, 517, 523, 525, 529, 532, 533, 536, 538, 545, 546, 552, 561, 565, 568, 654, 668, 696, 790, 857, 878, 902, 919, 928, 929, 932, 934, 935]","[1, 13, 14, 29, 54, 55, 56, 57, 58, 60, 63, 64, 102, 118, 125, 127, 130, 134, 146, 149, 153, 175, 182, 187, 189, 191, 197, 225, 230, 238, 240, 241, 242, 243, 264, 265, 266, 286, 302, 317, 336, 354, 370, 371, 372, 379, 388, 389, 425, 454, 458, 463, 475, 487, 498, 499, 512, 530, 531, 532, 533, 534, 536, 537, 538, 573, 589, 596, 598, 601, 605, 617, 620, 624, 646, 653, 658, 660, 662, 668, 689, 694, 702, 704, 705, 706, 707, 724, 725, 745, 760, 775, 793, 809, 820, 821, 822, 829, 838, 839, 877, 901, 903, 905, 910, 923]","[1, 13, 14, 29, 54, 55, 56, 57, 58, 60, 102, 118, 125, 127, 130, 134, 146, 149, 153, 175, 182, 187, 189, 191, 197, 225, 230, 238, 264, 265, 266, 286, 302, 317, 336, 379, 388, 389, 425, 454, 458, 463, 475, 487, 498, 499, 512, 530, 531, 532, 533, 534, 536, 573, 589, 596, 598, 601, 605, 617, 620, 624, 646, 653, 658, 660, 662, 668, 689, 694, 702, 724, 725, 745, 760, 775, 793, 829, 838, 839, 877, 901, 903, 905, 910, 923]",6/6 successful match,False,,False,188,False,,0.4303030303030303,True,Petro Stopping Center # 15,
D Kingman ( 86401 ) Petro Kingman # 315 ( Shell ),2 928-757-2799 I-40 Exit 66 ( Blake Ranch Rd N ) PETRO,24 D XL 24 1010,Kingman,86401,Petro Kingman # 315 ( Shell ),928-757-2799,2015,Kingman,AZ,Shell,( Blake Ranch Rd N ) PETRO,I-40 Exit 66 ,Exit,66,False,,False,I-40,,,,,[],"[11, 21, 26, 35, 64, 94, 496, 505, 509, 516, 538, 565]","[11, 21, 26, 35, 64, 94, 496, 505, 509, 516, 538, 565]","[64, 197, 223, 264, 538, 668, 687, 724]","[0, 1, 2, 3, 4, 5, 6, 7, 8, 9, 10, 11, 12, 13, 14, 15, 16, 17, 18, 19, 20, 21, 22, 23, 24, 25, 26, 27, 28, 29, 30, 31, 32, 33, 34, 35, 36, 37, 38, 39, 40, 41, 42, 43, 44, 45, 46, 47, 48, 49, 50, 51, 52, 53, 54, 55, 56, 57, 58, 59, 60, 61, 62, 63, 64, 65, 66, 67, 68, 69, 70, 71, 72, 73, 74, 75, 76, 77, 78, 79, 80, 81, 82, 83, 84, 85, 86, 87, 88, 89, 90, 91, 92, 93, 94, 95, 96, 97, 98, 99, 100, 101, 102, 485, 486, 487, 488, 489, 490, 491, 492, 493, 494, 495, 496, 497, 498, 499, 500, 501, 502, 503, 504, 505, 506, 507, 508, 509, 510, 511, 512, 513, 514, 515, 516, 517, 518, 519, 520, 521, 522, 523, 524, 525, 526, 527, 528, 529, 530, 531, 532, 533, 534, 535, 536, 537, 538, 539, 540, 541, 542, 543, 544, 545, 546, 547, 548, 549, 550, 551, 552, 553, 554, 555, 556, 557, 558, 559, 560, 561, 562, 563, 564, 565, 566, 567, 568, 569, 570, 571, 572, 573]","[4, 11, 18, 21, 23, 26, 27, 28, 31, 35, 36, 43, 45, 52, 55, 56, 60, 62, 64, 70, 71, 80, 90, 94, 97, 183, 197, 232, 334, 426, 455, 472, 477, 478, 480, 483, 484, 490, 496, 505, 507, 509, 510, 511, 514, 516, 517, 523, 525, 529, 532, 533, 536, 538, 545, 546, 552, 561, 565, 568, 654, 668, 696, 790, 857, 878, 902, 919, 928, 929, 932, 934, 935]","[1, 13, 14, 29, 54, 55, 56, 57, 58, 60, 102, 118, 125, 127, 130, 134, 146, 149, 153, 175, 182, 187, 189, 191, 197, 225, 230, 238, 264, 265, 266, 286, 302, 317, 336, 379, 388, 389, 425, 454, 458, 463, 475, 487, 498, 499, 512, 530, 531, 532, 533, 534, 536, 573, 589, 596, 598, 601, 605, 617, 620, 624, 646, 653, 658, 660, 662, 668, 689, 694, 702, 724, 725, 745, 760, 775, 793, 829, 838, 839, 877, 901, 903, 905, 910, 923]","[1, 13, 14, 29, 54, 55, 56, 57, 58, 60, 63, 64, 102, 118, 125, 127, 130, 134, 146, 149, 153, 175, 182, 187, 189, 191, 197, 225, 230, 238, 240, 241, 242, 243, 264, 265, 266, 286, 302, 317, 336, 354, 370, 371, 372, 379, 388, 389, 425, 454, 458, 463, 475, 487, 498, 499, 512, 530, 531, 532, 533, 534, 536, 537, 538, 573, 589, 596, 598, 601, 605, 617, 620, 624, 646, 653, 658, 660, 662, 668, 689, 694, 702, 704, 705, 706, 707, 724, 725, 745, 760, 775, 793, 809, 820, 821, 822, 829, 838, 839, 877, 901, 903, 905, 910, 923]","[0, 1, 2, 3, 516, 4, 5, 6, 7, 8, 9, 11, 10, 12, 13, 14, 15, 16, 17, 18, 19, 21, 20, 22, 23, 24, 538, 26, 25, 27, 28, 29, 30, 31, 32, 35, 33, 34, 36, 37, 38, 39, 40, 41, 42, 43, 44, 45, 46, 47, 48, 49, 50, 565, 51, 52, 53, 54, 55, 56, 57, 58, 59, 60, 64, 61, 62, 63, 65, 66, 67, 68, 69, 70, 71, 72, 73, 74, 75, 76, 77, 78, 79, 80, 81, 82, 83, 84, 85, 86, 87, 88, 89, 90, 94, 91, 92, 93, 95, 96, 97, 98, 99, 100, 101, 102, 528, 529, 530, 617, 620, 513, 531, 624, 532, 118, 533, 125, 534, 127, 130, 535, 134, 646, 514, 536, 653, 537, 654, 146, 658, 660, 149, 662, 539, 153, 668, 540, 515, 541, 542, 543, 687, 175, 689, 544, 182, 545, 183, 696, 694, 187, 546, 189, 702, 191, 704, 547, 705, 706, 707, 197, 548, 549, 550, 517, 724, 551, 725, 552, 223, 553, 225, 554, 230, 232, 555, 745, 518, 556, 238, 240, 241, 242, 557, 243, 558, 760, 559, 560, 519, 561, 264, 265, 266, 775, 562, 563, 564, 790, 793, 520, 286, 566, 567, 809, 568, 302, 569, 570, 820, 821, 521, 822, 571, 317, 572, 829, 573, 838, 839, 334, 522, 336, 857, 354, 523, 877, 878, 370, 371, 372, 605, 379, 524, 388, 389, 902, 901, 903, 905, 910, 589, 919, 525, 923, 928, 929, 932, 934, 935, 425, 426, 512, 526, 596, 598, 454, 455, 458, 527, 463, 601, 472, 475, 477, 478, 480, 483, 484, 485, 486, 487, 488, 489, 490, 491, 492, 493, 494, 495, 496, 497, 498, 499, 500, 501, 502, 503, 504, 505, 506, 507, 508, 509, 510, 511]",False,"[11, 21, 26, 35, 64, 94, 496, 505, 509, 516, 538, 565]","[0, 1, 2, 3, 4, 5, 6, 7, 8, 9, 10, 11, 12, 13, 14, 15, 16, 17, 18, 19, 20, 21, 22, 23, 24, 25, 26, 27, 28, 29, 30, 31, 32, 33, 34, 35, 36, 37, 38, 39, 40, 41, 42, 43, 44, 45, 46, 47, 48, 49, 50, 51, 52, 53, 54, 55, 56, 57, 58, 59, 60, 61, 62, 63, 64, 65, 66, 67, 68, 69, 70, 71, 72, 73, 74, 75, 76, 77, 78, 79, 80, 81, 82, 83, 84, 85, 86, 87, 88, 89, 90, 91, 92, 93, 94, 95, 96, 97, 98, 99, 100, 101, 102, 485, 486, 487, 488, 489, 490, 491, 492, 493, 494, 495, 496, 497, 498, 499, 500, 501, 502, 503, 504, 505, 506, 507, 508, 509, 510, 511, 512, 513, 514, 515, 516, 517, 518, 519, 520, 521, 522, 523, 524, 525, 526, 527, 528, 529, 530, 531, 532, 533, 534, 535, 536, 537, 538, 539, 540, 541, 542, 543, 544, 545, 546, 547, 548, 549, 550, 551, 552, 553, 554, 555, 556, 557, 558, 559, 560, 561, 562, 563, 564, 565, 566, 567, 568, 569, 570, 571, 572, 573]","[11, 21, 26, 35, 64, 94, 496, 505, 509, 516, 538, 565]","[64, 197, 223, 264, 538, 668, 687, 724]","[4, 11, 18, 21, 23, 26, 27, 28, 31, 35, 36, 43, 45, 52, 55, 56, 60, 62, 64, 70, 71, 80, 90, 94, 97, 183, 197, 232, 334, 426, 455, 472, 477, 478, 480, 483, 484, 490, 496, 505, 507, 509, 510, 511, 514, 516, 517, 523, 525, 529, 532, 533, 536, 538, 545, 546, 552, 561, 565, 568, 654, 668, 696, 790, 857, 878, 902, 919, 928, 929, 932, 934, 935]","[1, 13, 14, 29, 54, 55, 56, 57, 58, 60, 63, 64, 102, 118, 125, 127, 130, 134, 146, 149, 153, 175, 182, 187, 189, 191, 197, 225, 230, 238, 240, 241, 242, 243, 264, 265, 266, 286, 302, 317, 336, 354, 370, 371, 372, 379, 388, 389, 425, 454, 458, 463, 475, 487, 498, 499, 512, 530, 531, 532, 533, 534, 536, 537, 538, 573, 589, 596, 598, 601, 605, 617, 620, 624, 646, 653, 658, 660, 662, 668, 689, 694, 702, 704, 705, 706, 707, 724, 725, 745, 760, 775, 793, 809, 820, 821, 822, 829, 838, 839, 877, 901, 903, 905, 910, 923]","[1, 13, 14, 29, 54, 55, 56, 57, 58, 60, 102, 118, 125, 127, 130, 134, 146, 149, 153, 175, 182, 187, 189, 191, 197, 225, 230, 238, 264, 265, 266, 286, 302, 317, 336, 379, 388, 389, 425, 454, 458, 463, 475, 487, 498, 499, 512, 530, 531, 532, 533, 534, 536, 573, 589, 596, 598, 601, 605, 617, 620, 624, 646, 653, 658, 660, 662, 668, 689, 694, 702, 724, 725, 745, 760, 775, 793, 829, 838, 839, 877, 901, 903, 905, 910, 923]",6/6 successful match,False,,False,188,False,,1.0,True,Petro Kingman # 315 ( Shell ),Shell
Kingman ( 86401 ) Petro Kingman # 315 ( Shell ) PETRO,2 928-757-2799 I-40 Exit 66 ( Blake Ranch Rd N ),24 <U+2610> XL pes 24 <U+25A1>,Kingman,86401,Petro Kingman # 315 ( Shell ) PETRO,928-757-2799,2016,Kingman,AZ,Shell,( Blake Ranch Rd N ),I-40 Exit 66 ,Exit,66,False,,False,I-40,,,,,[],"[11, 21, 26, 35, 64, 94, 496, 505, 509, 516, 538, 565]","[11, 21, 26, 35, 64, 94, 496, 505, 509, 516, 538, 565]","[64, 197, 223, 264, 538, 668, 687, 724]","[0, 1, 2, 3, 4, 5, 6, 7, 8, 9, 10, 11, 12, 13, 14, 15, 16, 17, 18, 19, 20, 21, 22, 23, 24, 25, 26, 27, 28, 29, 30, 31, 32, 33, 34, 35, 36, 37, 38, 39, 40, 41, 42, 43, 44, 45, 46, 47, 48, 49, 50, 51, 52, 53, 54, 55, 56, 57, 58, 59, 60, 61, 62, 63, 64, 65, 66, 67, 68, 69, 70, 71, 72, 73, 74, 75, 76, 77, 78, 79, 80, 81, 82, 83, 84, 85, 86, 87, 88, 89, 90, 91, 92, 93, 94, 95, 96, 97, 98, 99, 100, 101, 102, 485, 486, 487, 488, 489, 490, 491, 492, 493, 494, 495, 496, 497, 498, 499, 500, 501, 502, 503, 504, 505, 506, 507, 508, 509, 510, 511, 512, 513, 514, 515, 516, 517, 518, 519, 520, 521, 522, 523, 524, 525, 526, 527, 528, 529, 530, 531, 532, 533, 534, 535, 536, 537, 538, 539, 540, 541, 542, 543, 544, 545, 546, 547, 548, 549, 550, 551, 552, 553, 554, 555, 556, 557, 558, 559, 560, 561, 562, 563, 564, 565, 566, 567, 568, 569, 570, 571, 572, 573]","[4, 11, 18, 21, 23, 26, 27, 28, 31, 35, 36, 43, 45, 52, 55, 56, 60, 62, 64, 70, 71, 80, 90, 94, 97, 183, 197, 232, 334, 426, 455, 472, 477, 478, 480, 483, 484, 490, 496, 505, 507, 509, 510, 511, 514, 516, 517, 523, 525, 529, 532, 533, 536, 538, 545, 546, 552, 561, 565, 568, 654, 668, 696, 790, 857, 878, 902, 919, 928, 929, 932, 934, 935]","[1, 13, 14, 29, 54, 55, 56, 57, 58, 60, 102, 118, 125, 127, 130, 134, 146, 149, 153, 175, 182, 187, 189, 191, 197, 225, 230, 238, 264, 265, 266, 286, 302, 317, 336, 379, 388, 389, 425, 454, 458, 463, 475, 487, 498, 499, 512, 530, 531, 532, 533, 534, 536, 573, 589, 596, 598, 601, 605, 617, 620, 624, 646, 653, 658, 660, 662, 668, 689, 694, 702, 724, 725, 745, 760, 775, 793, 829, 838, 839, 877, 901, 903, 905, 910, 923]","[1, 13, 14, 29, 54, 55, 56, 57, 58, 60, 63, 64, 102, 118, 125, 127, 130, 134, 146, 149, 153, 175, 182, 187, 189, 191, 197, 225, 230, 238, 240, 241, 242, 243, 264, 265, 266, 286, 302, 317, 336, 354, 370, 371, 372, 379, 388, 389, 425, 454, 458, 463, 475, 487, 498, 499, 512, 530, 531, 532, 533, 534, 536, 537, 538, 573, 589, 596, 598, 601, 605, 617, 620, 624, 646, 653, 658, 660, 662, 668, 689, 694, 702, 704, 705, 706, 707, 724, 725, 745, 760, 775, 793, 809, 820, 821, 822, 829, 838, 839, 877, 901, 903, 905, 910, 923]","[0, 1, 2, 3, 516, 4, 5, 6, 7, 8, 9, 11, 10, 12, 13, 14, 15, 16, 17, 18, 19, 21, 20, 22, 23, 24, 538, 26, 25, 27, 28, 29, 30, 31, 32, 35, 33, 34, 36, 37, 38, 39, 40, 41, 42, 43, 44, 45, 46, 47, 48, 49, 50, 565, 51, 52, 53, 54, 55, 56, 57, 58, 59, 60, 64, 61, 62, 63, 65, 66, 67, 68, 69, 70, 71, 72, 73, 74, 75, 76, 77, 78, 79, 80, 81, 82, 83, 84, 85, 86, 87, 88, 89, 90, 94, 91, 92, 93, 95, 96, 97, 98, 99, 100, 101, 102, 528, 529, 530, 617, 620, 513, 531, 624, 532, 118, 533, 125, 534, 127, 130, 535, 134, 646, 514, 536, 653, 537, 654, 146, 658, 660, 149, 662, 539, 153, 668, 540, 515, 541, 542, 543, 687, 175, 689, 544, 182, 545, 183, 696, 694, 187, 546, 189, 702, 191, 704, 547, 705, 706, 707, 197, 548, 549, 550, 517, 724, 551, 725, 552, 223, 553, 225, 554, 230, 232, 555, 745, 518, 556, 238, 240, 241, 242, 557, 243, 558, 760, 559, 560, 519, 561, 264, 265, 266, 775, 562, 563, 564, 790, 793, 520, 286, 566, 567, 809, 568, 302, 569, 570, 820, 821, 521, 822, 571, 317, 572, 829, 573, 838, 839, 334, 522, 336, 857, 354, 523, 877, 878, 370, 371, 372, 605, 379, 524, 388, 389, 902, 901, 903, 905, 910, 589, 919, 525, 923, 928, 929, 932, 934, 935, 425, 426, 512, 526, 596, 598, 454, 455, 458, 527, 463, 601, 472, 475, 477, 478, 480, 483, 484, 485, 486, 487, 488, 489, 490, 491, 492, 493, 494, 495, 496, 497, 498, 499, 500, 501, 502, 503, 504, 505, 506, 507, 508, 509, 510, 511]",False,"[11, 21, 26, 35, 64, 94, 496, 505, 509, 516, 538, 565]","[0, 1, 2, 3, 4, 5, 6, 7, 8, 9, 10, 11, 12, 13, 14, 15, 16, 17, 18, 19, 20, 21, 22, 23, 24, 25, 26, 27, 28, 29, 30, 31, 32, 33, 34, 35, 36, 37, 38, 39, 40, 41, 42, 43, 44, 45, 46, 47, 48, 49, 50, 51, 52, 53, 54, 55, 56, 57, 58, 59, 60, 61, 62, 63, 64, 65, 66, 67, 68, 69, 70, 71, 72, 73, 74, 75, 76, 77, 78, 79, 80, 81, 82, 83, 84, 85, 86, 87, 88, 89, 90, 91, 92, 93, 94, 95, 96, 97, 98, 99, 100, 101, 102, 485, 486, 487, 488, 489, 490, 491, 492, 493, 494, 495, 496, 497, 498, 499, 500, 501, 502, 503, 504, 505, 506, 507, 508, 509, 510, 511, 512, 513, 514, 515, 516, 517, 518, 519, 520, 521, 522, 523, 524, 525, 526, 527, 528, 529, 530, 531, 532, 533, 534, 535, 536, 537, 538, 539, 540, 541, 542, 543, 544, 545, 546, 547, 548, 549, 550, 551, 552, 553, 554, 555, 556, 557, 558, 559, 560, 561, 562, 563, 564, 565, 566, 567, 568, 569, 570, 571, 572, 573]","[11, 21, 26, 35, 64, 94, 496, 505, 509, 516, 538, 565]","[64, 197, 223, 264, 538, 668, 687, 724]","[4, 11, 18, 21, 23, 26, 27, 28, 31, 35, 36, 43, 45, 52, 55, 56, 60, 62, 64, 70, 71, 80, 90, 94, 97, 183, 197, 232, 334, 426, 455, 472, 477, 478, 480, 483, 484, 490, 496, 505, 507, 509, 510, 511, 514, 516, 517, 523, 525, 529, 532, 533, 536, 538, 545, 546, 552, 561, 565, 568, 654, 668, 696, 790, 857, 878, 902, 919, 928, 929, 932, 934, 935]","[1, 13, 14, 29, 54, 55, 56, 57, 58, 60, 63, 64, 102, 118, 125, 127, 130, 134, 146, 149, 153, 175, 182, 187, 189, 191, 197, 225, 230, 238, 240, 241, 242, 243, 264, 265, 266, 286, 302, 317, 336, 354, 370, 371, 372, 379, 388, 389, 425, 454, 458, 463, 475, 487, 498, 499, 512, 530, 531, 532, 533, 534, 536, 537, 538, 573, 589, 596, 598, 601, 605, 617, 620, 624, 646, 653, 658, 660, 662, 668, 689, 694, 702, 704, 705, 706, 707, 724, 725, 745, 760, 775, 793, 809, 820, 821, 822, 829, 838, 839, 877, 901, 903, 905, 910, 923]","[1, 13, 14, 29, 54, 55, 56, 57, 58, 60, 102, 118, 125, 127, 130, 134, 146, 149, 153, 175, 182, 187, 189, 191, 197, 225, 230, 238, 264, 265, 266, 286, 302, 317, 336, 379, 388, 389, 425, 454, 458, 463, 475, 487, 498, 499, 512, 530, 531, 532, 533, 534, 536, 573, 589, 596, 598, 601, 605, 617, 620, 624, 646, 653, 658, 660, 662, 668, 689, 694, 702, 724, 725, 745, 760, 775, 793, 829, 838, 839, 877, 901, 903, 905, 910, 923]",6/6 successful match,False,,False,188,False,,1.0,True,Petro Kingman # 315 ( Shell ),Shell
"Kingman , 86401 Flying J Travel Plaza # 0500050",928-757-7300 I-40 Exit 53 ( Andy Devine Ave ),,Kingman,86401,Flying J Travel Plaza # 0500050,928-757-7300,2006,Kingman,AZ,Flying J,( Andy Devine Ave ),I-40 Exit 53 ,Exit,53,False,,False,I-40,,,,,"[505, 21]","[11, 21, 26, 35, 64, 94, 496, 505, 509, 516, 538, 565]","[11, 21, 26, 35, 64, 94, 496, 505, 509, 516, 538, 565]","[21, 505]","[0, 1, 2, 3, 4, 5, 6, 7, 8, 9, 10, 11, 12, 13, 14, 15, 16, 17, 18, 19, 20, 21, 22, 23, 24, 25, 26, 27, 28, 29, 30, 31, 32, 33, 34, 35, 36, 37, 38, 39, 40, 41, 42, 43, 44, 45, 46, 47, 48, 49, 50, 51, 52, 53, 54, 55, 56, 57, 58, 59, 60, 61, 62, 63, 64, 65, 66, 67, 68, 69, 70, 71, 72, 73, 74, 75, 76, 77, 78, 79, 80, 81, 82, 83, 84, 85, 86, 87, 88, 89, 90, 91, 92, 93, 94, 95, 96, 97, 98, 99, 100, 101, 102, 485, 486, 487, 488, 489, 490, 491, 492, 493, 494, 495, 496, 497, 498, 499, 500, 501, 502, 503, 504, 505, 506, 507, 508, 509, 510, 511, 512, 513, 514, 515, 516, 517, 518, 519, 520, 521, 522, 523, 524, 525, 526, 527, 528, 529, 530, 531, 532, 533, 534, 535, 536, 537, 538, 539, 540, 541, 542, 543, 544, 545, 546, 547, 548, 549, 550, 551, 552, 553, 554, 555, 556, 557, 558, 559, 560, 561, 562, 563, 564, 565, 566, 567, 568, 569, 570, 571, 572, 573]","[4, 11, 18, 21, 23, 26, 27, 28, 31, 35, 36, 43, 45, 52, 55, 56, 60, 62, 64, 70, 71, 80, 90, 94, 97, 183, 197, 232, 334, 426, 455, 472, 477, 478, 480, 483, 484, 490, 496, 505, 507, 509, 510, 511, 514, 516, 517, 523, 525, 529, 532, 533, 536, 538, 545, 546, 552, 561, 565, 568, 654, 668, 696, 790, 857, 878, 902, 919, 928, 929, 932, 934, 935]","[17, 18, 19, 20, 21, 22, 23, 156, 157, 158, 159, 160, 161, 162, 163, 164, 165, 166, 167, 341, 342, 343, 344, 345, 412, 413, 414, 415, 416, 417, 418, 419, 420, 421, 422, 502, 503, 504, 505, 506, 507, 628, 629, 630, 631, 632, 633, 634, 635, 636, 637, 638, 639, 792, 797, 798, 799, 800, 801, 863, 864, 865, 866, 867, 868, 869, 870, 871, 872, 873, 874]","[17, 18, 19, 20, 21, 22, 23, 156, 157, 158, 159, 160, 161, 162, 163, 164, 165, 166, 167, 168, 340, 341, 342, 343, 344, 345, 346, 412, 413, 414, 415, 416, 417, 418, 419, 420, 421, 422, 502, 503, 504, 505, 506, 507, 628, 629, 630, 631, 632, 633, 634, 635, 636, 637, 638, 639, 792, 796, 797, 798, 799, 800, 801, 863, 864, 865, 866, 867, 868, 869, 870, 871, 872, 873, 874]","[0, 1, 2, 3, 516, 4, 5, 6, 7, 8, 9, 11, 10, 12, 13, 14, 15, 16, 17, 18, 19, 21, 20, 22, 23, 24, 538, 26, 25, 27, 28, 29, 30, 31, 32, 35, 33, 34, 36, 37, 38, 39, 40, 41, 42, 43, 44, 45, 46, 47, 48, 49, 50, 565, 51, 52, 53, 54, 55, 56, 57, 58, 59, 60, 64, 61, 62, 63, 65, 66, 67, 68, 69, 70, 71, 72, 73, 74, 75, 76, 77, 78, 79, 80, 81, 82, 83, 84, 85, 86, 87, 88, 89, 90, 94, 91, 92, 93, 95, 96, 97, 98, 99, 100, 101, 102, 528, 529, 530, 513, 531, 628, 532, 629, 630, 631, 632, 533, 633, 634, 635, 636, 534, 637, 638, 639, 535, 514, 536, 537, 654, 539, 668, 540, 156, 157, 158, 515, 541, 159, 160, 161, 162, 542, 163, 164, 165, 166, 543, 167, 168, 544, 545, 183, 696, 546, 547, 197, 548, 549, 550, 517, 551, 552, 553, 554, 232, 555, 518, 556, 557, 558, 559, 560, 519, 561, 562, 563, 564, 790, 792, 796, 797, 520, 798, 566, 799, 800, 801, 567, 568, 569, 570, 521, 571, 572, 573, 334, 522, 340, 341, 342, 343, 344, 857, 345, 346, 863, 864, 865, 866, 867, 868, 869, 870, 871, 872, 523, 873, 874, 878, 524, 902, 919, 525, 412, 413, 414, 415, 928, 929, 416, 417, 932, 418, 934, 935, 419, 420, 426, 421, 422, 512, 526, 455, 527, 472, 477, 478, 480, 483, 484, 485, 486, 487, 488, 489, 490, 491, 492, 493, 494, 495, 496, 497, 498, 499, 500, 501, 502, 503, 504, 505, 506, 507, 508, 509, 510, 511]",True,"[11, 21, 26, 35, 64, 94, 496, 505, 509, 516, 538, 565]","[0, 1, 2, 3, 4, 5, 6, 7, 8, 9, 10, 11, 12, 13, 14, 15, 16, 17, 18, 19, 20, 21, 22, 23, 24, 25, 26, 27, 28, 29, 30, 31, 32, 33, 34, 35, 36, 37, 38, 39, 40, 41, 42, 43, 44, 45, 46, 47, 48, 49, 50, 51, 52, 53, 54, 55, 56, 57, 58, 59, 60, 61, 62, 63, 64, 65, 66, 67, 68, 69, 70, 71, 72, 73, 74, 75, 76, 77, 78, 79, 80, 81, 82, 83, 84, 85, 86, 87, 88, 89, 90, 91, 92, 93, 94, 95, 96, 97, 98, 99, 100, 101, 102, 485, 486, 487, 488, 489, 490, 491, 492, 493, 494, 495, 496, 497, 498, 499, 500, 501, 502, 503, 504, 505, 506, 507, 508, 509, 510, 511, 512, 513, 514, 515, 516, 517, 518, 519, 520, 521, 522, 523, 524, 525, 526, 527, 528, 529, 530, 531, 532, 533, 534, 535, 536, 537, 538, 539, 540, 541, 542, 543, 544, 545, 546, 547, 548, 549, 550, 551, 552, 553, 554, 555, 556, 557, 558, 559, 560, 561, 562, 563, 564, 565, 566, 567, 568, 569, 570, 571, 572, 573]","[11, 21, 26, 35, 64, 94, 496, 505, 509, 516, 538, 565]","[21, 505]","[4, 11, 18, 21, 23, 26, 27, 28, 31, 35, 36, 43, 45, 52, 55, 56, 60, 62, 64, 70, 71, 80, 90, 94, 97, 183, 197, 232, 334, 426, 455, 472, 477, 478, 480, 483, 484, 490, 496, 505, 507, 509, 510, 511, 514, 516, 517, 523, 525, 529, 532, 533, 536, 538, 545, 546, 552, 561, 565, 568, 654, 668, 696, 790, 857, 878, 902, 919, 928, 929, 932, 934, 935]","[17, 18, 19, 20, 21, 22, 23, 156, 157, 158, 159, 160, 161, 162, 163, 164, 165, 166, 167, 168, 340, 341, 342, 343, 344, 345, 346, 412, 413, 414, 415, 416, 417, 418, 419, 420, 421, 422, 502, 503, 504, 505, 506, 507, 628, 629, 630, 631, 632, 633, 634, 635, 636, 637, 638, 639, 792, 796, 797, 798, 799, 800, 801, 863, 864, 865, 866, 867, 868, 869, 870, 871, 872, 873, 874]","[17, 18, 19, 20, 21, 22, 23, 156, 157, 158, 159, 160, 161, 162, 163, 164, 165, 166, 167, 341, 342, 343, 344, 345, 412, 413, 414, 415, 416, 417, 418, 419, 420, 421, 422, 502, 503, 504, 505, 506, 507, 628, 629, 630, 631, 632, 633, 634, 635, 636, 637, 638, 639, 792, 797, 798, 799, 800, 801, 863, 864, 865, 866, 867, 868, 869, 870, 871, 872, 873, 874]",7/6 successful match,True,[136],True,189,False,,,,,
Kingman,"928-757-7300 , 86401 Flying I-40 Exit J Travel 53 ( Andy Plaza Devine # 0500050 Ave )",24 484 L,,86401,,928-757-7300,2007,Kingman,AZ,,( Andy Plaza Devine # 0500050 Ave ),Flying I-40 Exit J Travel 53,Exit,,True,unclear address_standardized_OFF_parenthesis,True,I-40,,,,,"[505, 21]","[11, 21, 26, 35, 64, 94, 496, 505, 509, 516, 538, 565]","[11, 21, 26, 35, 64, 94, 496, 505, 509, 516, 538, 565]",[],"[0, 1, 2, 3, 4, 5, 6, 7, 8, 9, 10, 11, 12, 13, 14, 15, 16, 17, 18, 19, 20, 21, 22, 23, 24, 25, 26, 27, 28, 29, 30, 31, 32, 33, 34, 35, 36, 37, 38, 39, 40, 41, 42, 43, 44, 45, 46, 47, 48, 49, 50, 51, 52, 53, 54, 55, 56, 57, 58, 59, 60, 61, 62, 63, 64, 65, 66, 67, 68, 69, 70, 71, 72, 73, 74, 75, 76, 77, 78, 79, 80, 81, 82, 83, 84, 85, 86, 87, 88, 89, 90, 91, 92, 93, 94, 95, 96, 97, 98, 99, 100, 101, 102, 485, 486, 487, 488, 489, 490, 491, 492, 493, 494, 495, 496, 497, 498, 499, 500, 501, 502, 503, 504, 505, 506, 507, 508, 509, 510, 511, 512, 513, 514, 515, 516, 517, 518, 519, 520, 521, 522, 523, 524, 525, 526, 527, 528, 529, 530, 531, 532, 533, 534, 535, 536, 537, 538, 539, 540, 541, 542, 543, 544, 545, 546, 547, 548, 549, 550, 551, 552, 553, 554, 555, 556, 557, 558, 559, 560, 561, 562, 563, 564, 565, 566, 567, 568, 569, 570, 571, 572, 573]","[4, 11, 18, 21, 23, 26, 27, 28, 31, 35, 36, 43, 45, 52, 55, 56, 60, 62, 64, 70, 71, 80, 90, 94, 97, 183, 197, 232, 334, 426, 455, 472, 477, 478, 480, 483, 484, 490, 496, 505, 507, 509, 510, 511, 514, 516, 517, 523, 525, 529, 532, 533, 536, 538, 545, 546, 552, 561, 565, 568, 654, 668, 696, 790, 857, 878, 902, 919, 928, 929, 932, 934, 935]",[],[],"[0, 1, 2, 3, 516, 4, 5, 6, 7, 8, 9, 11, 10, 12, 13, 14, 15, 16, 17, 18, 19, 21, 20, 22, 23, 24, 538, 26, 25, 27, 28, 29, 30, 31, 32, 35, 33, 34, 36, 37, 38, 39, 40, 41, 42, 43, 44, 45, 46, 47, 48, 49, 50, 565, 51, 52, 53, 54, 55, 56, 57, 58, 59, 60, 64, 61, 62, 63, 65, 66, 67, 68, 69, 70, 71, 72, 73, 74, 75, 76, 77, 78, 79, 80, 81, 82, 83, 84, 85, 86, 87, 88, 89, 90, 94, 91, 92, 93, 95, 96, 97, 98, 99, 100, 101, 102, 528, 529, 530, 513, 531, 532, 533, 534, 535, 514, 536, 537, 654, 539, 668, 540, 515, 541, 542, 543, 544, 545, 183, 696, 546, 547, 197, 548, 549, 550, 517, 551, 552, 553, 554, 232, 555, 518, 556, 557, 558, 559, 560, 519, 561, 562, 563, 564, 790, 520, 566, 567, 568, 569, 570, 521, 571, 572, 573, 334, 522, 857, 523, 878, 524, 902, 919, 525, 928, 929, 932, 934, 935, 426, 512, 526, 455, 527, 472, 477, 478, 480, 483, 484, 485, 486, 487, 488, 489, 490, 491, 492, 493, 494, 495, 496, 497, 498, 499, 500, 501, 502, 503, 504, 505, 506, 507, 508, 509, 510, 511]",True,"[11, 21, 26, 35, 64, 94, 496, 505, 509, 516, 538, 565]","[0, 1, 2, 3, 4, 5, 6, 7, 8, 9, 10, 11, 12, 13, 14, 15, 16, 17, 18, 19, 20, 21, 22, 23, 24, 25, 26, 27, 28, 29, 30, 31, 32, 33, 34, 35, 36, 37, 38, 39, 40, 41, 42, 43, 44, 45, 46, 47, 48, 49, 50, 51, 52, 53, 54, 55, 56, 57, 58, 59, 60, 61, 62, 63, 64, 65, 66, 67, 68, 69, 70, 71, 72, 73, 74, 75, 76, 77, 78, 79, 80, 81, 82, 83, 84, 85, 86, 87, 88, 89, 90, 91, 92, 93, 94, 95, 96, 97, 98, 99, 100, 101, 102, 485, 486, 487, 488, 489, 490, 491, 492, 493, 494, 495, 496, 497, 498, 499, 500, 501, 502, 503, 504, 505, 506, 507, 508, 509, 510, 511, 512, 513, 514, 515, 516, 517, 518, 519, 520, 521, 522, 523, 524, 525, 526, 527, 528, 529, 530, 531, 532, 533, 534, 535, 536, 537, 538, 539, 540, 541, 542, 543, 544, 545, 546, 547, 548, 549, 550, 551, 552, 553, 554, 555, 556, 557, 558, 559, 560, 561, 562, 563, 564, 565, 566, 567, 568, 569, 570, 571, 572, 573]","[11, 21, 26, 35, 64, 94, 496, 505, 509, 516, 538, 565]",[],"[4, 11, 18, 21, 23, 26, 27, 28, 31, 35, 36, 43, 45, 52, 55, 56, 60, 62, 64, 70, 71, 80, 90, 94, 97, 183, 197, 232, 334, 426, 455, 472, 477, 478, 480, 483, 484, 490, 496, 505, 507, 509, 510, 511, 514, 516, 517, 523, 525, 529, 532, 533, 536, 538, 545, 546, 552, 561, 565, 568, 654, 668, 696, 790, 857, 878, 902, 919, 928, 929, 932, 934, 935]",[],[],7/6 successful match,True,[136],True,189,True,2007,0.0,True,Flying J Travel Plaza # 0500050,Flying J
"Kingman , 86401 Flying J Travel Plaza # 0500050",2 928-757-7300 I-40 Exit 53 ( Andy Devine Ave ),24 HRS L 24 HRS O,Kingman,86401,Flying J Travel Plaza # 0500050,928-757-7300,2008,Kingman,AZ,Flying J,( Andy Devine Ave ),I-40 Exit 53 ,Exit,53,False,,False,I-40,,,,,"[505, 21]","[11, 21, 26, 35, 64, 94, 496, 505, 509, 516, 538, 565]","[11, 21, 26, 35, 64, 94, 496, 505, 509, 516, 538, 565]","[21, 505]","[0, 1, 2, 3, 4, 5, 6, 7, 8, 9, 10, 11, 12, 13, 14, 15, 16, 17, 18, 19, 20, 21, 22, 23, 24, 25, 26, 27, 28, 29, 30, 31, 32, 33, 34, 35, 36, 37, 38, 39, 40, 41, 42, 43, 44, 45, 46, 47, 48, 49, 50, 51, 52, 53, 54, 55, 56, 57, 58, 59, 60, 61, 62, 63, 64, 65, 66, 67, 68, 69, 70, 71, 72, 73, 74, 75, 76, 77, 78, 79, 80, 81, 82, 83, 84, 85, 86, 87, 88, 89, 90, 91, 92, 93, 94, 95, 96, 97, 98, 99, 100, 101, 102, 485, 486, 487, 488, 489, 490, 491, 492, 493, 494, 495, 496, 497, 498, 499, 500, 501, 502, 503, 504, 505, 506, 507, 508, 509, 510, 511, 512, 513, 514, 515, 516, 517, 518, 519, 520, 521, 522, 523, 524, 525, 526, 527, 528, 529, 530, 531, 532, 533, 534, 535, 536, 537, 538, 539, 540, 541, 542, 543, 544, 545, 546, 547, 548, 549, 550, 551, 552, 553, 554, 555, 556, 557, 558, 559, 560, 561, 562, 563, 564, 565, 566, 567, 568, 569, 570, 571, 572, 573]","[4, 11, 18, 21, 23, 26, 27, 28, 31, 35, 36, 43, 45, 52, 55, 56, 60, 62, 64, 70, 71, 80, 90, 94, 97, 183, 197, 232, 334, 426, 455, 472, 477, 478, 480, 483, 484, 490, 496, 505, 507, 509, 510, 511, 514, 516, 517, 523, 525, 529, 532, 533, 536, 538, 545, 546, 552, 561, 565, 568, 654, 668, 696, 790, 857, 878, 902, 919, 928, 929, 932, 934, 935]","[17, 18, 19, 20, 21, 22, 23, 156, 157, 158, 159, 160, 161, 162, 163, 164, 165, 166, 167, 341, 342, 343, 344, 345, 412, 413, 414, 415, 416, 417, 418, 419, 420, 421, 422, 502, 503, 504, 505, 506, 507, 628, 629, 630, 631, 632, 633, 634, 635, 636, 637, 638, 639, 792, 797, 798, 799, 800, 801, 863, 864, 865, 866, 867, 868, 869, 870, 871, 872, 873, 874]","[17, 18, 19, 20, 21, 22, 23, 156, 157, 158, 159, 160, 161, 162, 163, 164, 165, 166, 167, 168, 340, 341, 342, 343, 344, 345, 346, 412, 413, 414, 415, 416, 417, 418, 419, 420, 421, 422, 502, 503, 504, 505, 506, 507, 628, 629, 630, 631, 632, 633, 634, 635, 636, 637, 638, 639, 792, 796, 797, 798, 799, 800, 801, 863, 864, 865, 866, 867, 868, 869, 870, 871, 872, 873, 874]","[0, 1, 2, 3, 516, 4, 5, 6, 7, 8, 9, 11, 10, 12, 13, 14, 15, 16, 17, 18, 19, 21, 20, 22, 23, 24, 538, 26, 25, 27, 28, 29, 30, 31, 32, 35, 33, 34, 36, 37, 38, 39, 40, 41, 42, 43, 44, 45, 46, 47, 48, 49, 50, 565, 51, 52, 53, 54, 55, 56, 57, 58, 59, 60, 64, 61, 62, 63, 65, 66, 67, 68, 69, 70, 71, 72, 73, 74, 75, 76, 77, 78, 79, 80, 81, 82, 83, 84, 85, 86, 87, 88, 89, 90, 94, 91, 92, 93, 95, 96, 97, 98, 99, 100, 101, 102, 528, 529, 530, 513, 531, 628, 532, 629, 630, 631, 632, 533, 633, 634, 635, 636, 534, 637, 638, 639, 535, 514, 536, 537, 654, 539, 668, 540, 156, 157, 158, 515, 541, 159, 160, 161, 162, 542, 163, 164, 165, 166, 543, 167, 168, 544, 545, 183, 696, 546, 547, 197, 548, 549, 550, 517, 551, 552, 553, 554, 232, 555, 518, 556, 557, 558, 559, 560, 519, 561, 562, 563, 564, 790, 792, 796, 797, 520, 798, 566, 799, 800, 801, 567, 568, 569, 570, 521, 571, 572, 573, 334, 522, 340, 341, 342, 343, 344, 857, 345, 346, 863, 864, 865, 866, 867, 868, 869, 870, 871, 872, 523, 873, 874, 878, 524, 902, 919, 525, 412, 413, 414, 415, 928, 929, 416, 417, 932, 418, 934, 935, 419, 420, 426, 421, 422, 512, 526, 455, 527, 472, 477, 478, 480, 483, 484, 485, 486, 487, 488, 489, 490, 491, 492, 493, 494, 495, 496, 497, 498, 499, 500, 501, 502, 503, 504, 505, 506, 507, 508, 509, 510, 511]",True,"[11, 21, 26, 35, 64, 94, 496, 505, 509, 516, 538, 565]","[0, 1, 2, 3, 4, 5, 6, 7, 8, 9, 10, 11, 12, 13, 14, 15, 16, 17, 18, 19, 20, 21, 22, 23, 24, 25, 26, 27, 28, 29, 30, 31, 32, 33, 34, 35, 36, 37, 38, 39, 40, 41, 42, 43, 44, 45, 46, 47, 48, 49, 50, 51, 52, 53, 54, 55, 56, 57, 58, 59, 60, 61, 62, 63, 64, 65, 66, 67, 68, 69, 70, 71, 72, 73, 74, 75, 76, 77, 78, 79, 80, 81, 82, 83, 84, 85, 86, 87, 88, 89, 90, 91, 92, 93, 94, 95, 96, 97, 98, 99, 100, 101, 102, 485, 486, 487, 488, 489, 490, 491, 492, 493, 494, 495, 496, 497, 498, 499, 500, 501, 502, 503, 504, 505, 506, 507, 508, 509, 510, 511, 512, 513, 514, 515, 516, 517, 518, 519, 520, 521, 522, 523, 524, 525, 526, 527, 528, 529, 530, 531, 532, 533, 534, 535, 536, 537, 538, 539, 540, 541, 542, 543, 544, 545, 546, 547, 548, 549, 550, 551, 552, 553, 554, 555, 556, 557, 558, 559, 560, 561, 562, 563, 564, 565, 566, 567, 568, 569, 570, 571, 572, 573]","[11, 21, 26, 35, 64, 94, 496, 505, 509, 516, 538, 565]","[21, 505]","[4, 11, 18, 21, 23, 26, 27, 28, 31, 35, 36, 43, 45, 52, 55, 56, 60, 62, 64, 70, 71, 80, 90, 94, 97, 183, 197, 232, 334, 426, 455, 472, 477, 478, 480, 483, 484, 490, 496, 505, 507, 509, 510, 511, 514, 516, 517, 523, 525, 529, 532, 533, 536, 538, 545, 546, 552, 561, 565, 568, 654, 668, 696, 790, 857, 878, 902, 919, 928, 929, 932, 934, 935]","[17, 18, 19, 20, 21, 22, 23, 156, 157, 158, 159, 160, 161, 162, 163, 164, 165, 166, 167, 168, 340, 341, 342, 343, 344, 345, 346, 412, 413, 414, 415, 416, 417, 418, 419, 420, 421, 422, 502, 503, 504, 505, 506, 507, 628, 629, 630, 631, 632, 633, 634, 635, 636, 637, 638, 639, 792, 796, 797, 798, 799, 800, 801, 863, 864, 865, 866, 867, 868, 869, 870, 871, 872, 873, 874]","[17, 18, 19, 20, 21, 22, 23, 156, 157, 158, 159, 160, 161, 162, 163, 164, 165, 166, 167, 341, 342, 343, 344, 345, 412, 413, 414, 415, 416, 417, 418, 419, 420, 421, 422, 502, 503, 504, 505, 506, 507, 628, 629, 630, 631, 632, 633, 634, 635, 636, 637, 638, 639, 792, 797, 798, 799, 800, 801, 863, 864, 865, 866, 867, 868, 869, 870, 871, 872, 873, 874]",7/6 successful match,True,[136],True,189,True,2008,0.0,True,,
Kingman ( 86401 ) Flying J Travel Plaza # 610,2 928-757-7300 I-40 Exit 53 ( Andy Devine Ave ),24,Kingman,86401,Flying J Travel Plaza # 610,928-757-7300,2014,Kingman,AZ,Flying J,( Andy Devine Ave ),I-40 Exit 53 ,Exit,53,False,,False,I-40,,,,,"[505, 21]","[11, 21, 26, 35, 64, 94, 496, 505, 509, 516, 538, 565]","[11, 21, 26, 35, 64, 94, 496, 505, 509, 516, 538, 565]","[21, 505]","[0, 1, 2, 3, 4, 5, 6, 7, 8, 9, 10, 11, 12, 13, 14, 15, 16, 17, 18, 19, 20, 21, 22, 23, 24, 25, 26, 27, 28, 29, 30, 31, 32, 33, 34, 35, 36, 37, 38, 39, 40, 41, 42, 43, 44, 45, 46, 47, 48, 49, 50, 51, 52, 53, 54, 55, 56, 57, 58, 59, 60, 61, 62, 63, 64, 65, 66, 67, 68, 69, 70, 71, 72, 73, 74, 75, 76, 77, 78, 79, 80, 81, 82, 83, 84, 85, 86, 87, 88, 89, 90, 91, 92, 93, 94, 95, 96, 97, 98, 99, 100, 101, 102, 485, 486, 487, 488, 489, 490, 491, 492, 493, 494, 495, 496, 497, 498, 499, 500, 501, 502, 503, 504, 505, 506, 507, 508, 509, 510, 511, 512, 513, 514, 515, 516, 517, 518, 519, 520, 521, 522, 523, 524, 525, 526, 527, 528, 529, 530, 531, 532, 533, 534, 535, 536, 537, 538, 539, 540, 541, 542, 543, 544, 545, 546, 547, 548, 549, 550, 551, 552, 553, 554, 555, 556, 557, 558, 559, 560, 561, 562, 563, 564, 565, 566, 567, 568, 569, 570, 571, 572, 573]","[4, 11, 18, 21, 23, 26, 27, 28, 31, 35, 36, 43, 45, 52, 55, 56, 60, 62, 64, 70, 71, 80, 90, 94, 97, 183, 197, 232, 334, 426, 455, 472, 477, 478, 480, 483, 484, 490, 496, 505, 507, 509, 510, 511, 514, 516, 517, 523, 525, 529, 532, 533, 536, 538, 545, 546, 552, 561, 565, 568, 654, 668, 696, 790, 857, 878, 902, 919, 928, 929, 932, 934, 935]","[17, 18, 19, 20, 21, 22, 23, 156, 157, 158, 159, 160, 161, 162, 163, 164, 165, 166, 167, 341, 342, 343, 344, 345, 412, 413, 414, 415, 416, 417, 418, 419, 420, 421, 422, 502, 503, 504, 505, 506, 507, 628, 629, 630, 631, 632, 633, 634, 635, 636, 637, 638, 639, 792, 797, 798, 799, 800, 801, 863, 864, 865, 866, 867, 868, 869, 870, 871, 872, 873, 874]","[17, 18, 19, 20, 21, 22, 23, 156, 157, 158, 159, 160, 161, 162, 163, 164, 165, 166, 167, 168, 340, 341, 342, 343, 344, 345, 346, 412, 413, 414, 415, 416, 417, 418, 419, 420, 421, 422, 502, 503, 504, 505, 506, 507, 628, 629, 630, 631, 632, 633, 634, 635, 636, 637, 638, 639, 792, 796, 797, 798, 799, 800, 801, 863, 864, 865, 866, 867, 868, 869, 870, 871, 872, 873, 874]","[0, 1, 2, 3, 516, 4, 5, 6, 7, 8, 9, 11, 10, 12, 13, 14, 15, 16, 17, 18, 19, 21, 20, 22, 23, 24, 538, 26, 25, 27, 28, 29, 30, 31, 32, 35, 33, 34, 36, 37, 38, 39, 40, 41, 42, 43, 44, 45, 46, 47, 48, 49, 50, 565, 51, 52, 53, 54, 55, 56, 57, 58, 59, 60, 64, 61, 62, 63, 65, 66, 67, 68, 69, 70, 71, 72, 73, 74, 75, 76, 77, 78, 79, 80, 81, 82, 83, 84, 85, 86, 87, 88, 89, 90, 94, 91, 92, 93, 95, 96, 97, 98, 99, 100, 101, 102, 528, 529, 530, 513, 531, 628, 532, 629, 630, 631, 632, 533, 633, 634, 635, 636, 534, 637, 638, 639, 535, 514, 536, 537, 654, 539, 668, 540, 156, 157, 158, 515, 541, 159, 160, 161, 162, 542, 163, 164, 165, 166, 543, 167, 168, 544, 545, 183, 696, 546, 547, 197, 548, 549, 550, 517, 551, 552, 553, 554, 232, 555, 518, 556, 557, 558, 559, 560, 519, 561, 562, 563, 564, 790, 792, 796, 797, 520, 798, 566, 799, 800, 801, 567, 568, 569, 570, 521, 571, 572, 573, 334, 522, 340, 341, 342, 343, 344, 857, 345, 346, 863, 864, 865, 866, 867, 868, 869, 870, 871, 872, 523, 873, 874, 878, 524, 902, 919, 525, 412, 413, 414, 415, 928, 929, 416, 417, 932, 418, 934, 935, 419, 420, 426, 421, 422, 512, 526, 455, 527, 472, 477, 478, 480, 483, 484, 485, 486, 487, 488, 489, 490, 491, 492, 493, 494, 495, 496, 497, 498, 499, 500, 501, 502, 503, 504, 505, 506, 507, 508, 509, 510, 511]",True,"[11, 21, 26, 35, 64, 94, 496, 505, 509, 516, 538, 565]","[0, 1, 2, 3, 4, 5, 6, 7, 8, 9, 10, 11, 12, 13, 14, 15, 16, 17, 18, 19, 20, 21, 22, 23, 24, 25, 26, 27, 28, 29, 30, 31, 32, 33, 34, 35, 36, 37, 38, 39, 40, 41, 42, 43, 44, 45, 46, 47, 48, 49, 50, 51, 52, 53, 54, 55, 56, 57, 58, 59, 60, 61, 62, 63, 64, 65, 66, 67, 68, 69, 70, 71, 72, 73, 74, 75, 76, 77, 78, 79, 80, 81, 82, 83, 84, 85, 86, 87, 88, 89, 90, 91, 92, 93, 94, 95, 96, 97, 98, 99, 100, 101, 102, 485, 486, 487, 488, 489, 490, 491, 492, 493, 494, 495, 496, 497, 498, 499, 500, 501, 502, 503, 504, 505, 506, 507, 508, 509, 510, 511, 512, 513, 514, 515, 516, 517, 518, 519, 520, 521, 522, 523, 524, 525, 526, 527, 528, 529, 530, 531, 532, 533, 534, 535, 536, 537, 538, 539, 540, 541, 542, 543, 544, 545, 546, 547, 548, 549, 550, 551, 552, 553, 554, 555, 556, 557, 558, 559, 560, 561, 562, 563, 564, 565, 566, 567, 568, 569, 570, 571, 572, 573]","[11, 21, 26, 35, 64, 94, 496, 505, 509, 516, 538, 565]","[21, 505]","[4, 11, 18, 21, 23, 26, 27, 28, 31, 35, 36, 43, 45, 52, 55, 56, 60, 62, 64, 70, 71, 80, 90, 94, 97, 183, 197, 232, 334, 426, 455, 472, 477, 478, 480, 483, 484, 490, 496, 505, 507, 509, 510, 511, 514, 516, 517, 523, 525, 529, 532, 533, 536, 538, 545, 546, 552, 561, 565, 568, 654, 668, 696, 790, 857, 878, 902, 919, 928, 929, 932, 934, 935]","[17, 18, 19, 20, 21, 22, 23, 156, 157, 158, 159, 160, 161, 162, 163, 164, 165, 166, 167, 168, 340, 341, 342, 343, 344, 345, 346, 412, 413, 414, 415, 416, 417, 418, 419, 420, 421, 422, 502, 503, 504, 505, 506, 507, 628, 629, 630, 631, 632, 633, 634, 635, 636, 637, 638, 639, 792, 796, 797, 798, 799, 800, 801, 863, 864, 865, 866, 867, 868, 869, 870, 871, 872, 873, 874]","[17, 18, 19, 20, 21, 22, 23, 156, 157, 158, 159, 160, 161, 162, 163, 164, 165, 166, 167, 341, 342, 343, 344, 345, 412, 413, 414, 415, 416, 417, 418, 419, 420, 421, 422, 502, 503, 504, 505, 506, 507, 628, 629, 630, 631, 632, 633, 634, 635, 636, 637, 638, 639, 792, 797, 798, 799, 800, 801, 863, 864, 865, 866, 867, 868, 869, 870, 871, 872, 873, 874]",7/6 successful match,True,[136],True,189,False,,0.5919540229885056,True,Flying J Travel Plaza # 0500050,Flying J
D Kingman ( 86401 ) Flying J Travel Plaza # 610,2 928-757-7300 I-40 Exit 53 ( Andy Devine Ave ) FLYING J,FLYING J 24 LO,Kingman,86401,Flying J Travel Plaza # 610,928-757-7300,2015,Kingman,AZ,Flying J,( Andy Devine Ave ) FLYING J,I-40 Exit 53 ,Exit,53,False,,False,I-40,,,,,"[505, 21]","[11, 21, 26, 35, 64, 94, 496, 505, 509, 516, 538, 565]","[11, 21, 26, 35, 64, 94, 496, 505, 509, 516, 538, 565]","[21, 505]","[0, 1, 2, 3, 4, 5, 6, 7, 8, 9, 10, 11, 12, 13, 14, 15, 16, 17, 18, 19, 20, 21, 22, 23, 24, 25, 26, 27, 28, 29, 30, 31, 32, 33, 34, 35, 36, 37, 38, 39, 40, 41, 42, 43, 44, 45, 46, 47, 48, 49, 50, 51, 52, 53, 54, 55, 56, 57, 58, 59, 60, 61, 62, 63, 64, 65, 66, 67, 68, 69, 70, 71, 72, 73, 74, 75, 76, 77, 78, 79, 80, 81, 82, 83, 84, 85, 86, 87, 88, 89, 90, 91, 92, 93, 94, 95, 96, 97, 98, 99, 100, 101, 102, 485, 486, 487, 488, 489, 490, 491, 492, 493, 494, 495, 496, 497, 498, 499, 500, 501, 502, 503, 504, 505, 506, 507, 508, 509, 510, 511, 512, 513, 514, 515, 516, 517, 518, 519, 520, 521, 522, 523, 524, 525, 526, 527, 528, 529, 530, 531, 532, 533, 534, 535, 536, 537, 538, 539, 540, 541, 542, 543, 544, 545, 546, 547, 548, 549, 550, 551, 552, 553, 554, 555, 556, 557, 558, 559, 560, 561, 562, 563, 564, 565, 566, 567, 568, 569, 570, 571, 572, 573]","[4, 11, 18, 21, 23, 26, 27, 28, 31, 35, 36, 43, 45, 52, 55, 56, 60, 62, 64, 70, 71, 80, 90, 94, 97, 183, 197, 232, 334, 426, 455, 472, 477, 478, 480, 483, 484, 490, 496, 505, 507, 509, 510, 511, 514, 516, 517, 523, 525, 529, 532, 533, 536, 538, 545, 546, 552, 561, 565, 568, 654, 668, 696, 790, 857, 878, 902, 919, 928, 929, 932, 934, 935]","[17, 18, 19, 20, 21, 22, 23, 156, 157, 158, 159, 160, 161, 162, 163, 164, 165, 166, 167, 341, 342, 343, 344, 345, 412, 413, 414, 415, 416, 417, 418, 419, 420, 421, 422, 502, 503, 504, 505, 506, 507, 628, 629, 630, 631, 632, 633, 634, 635, 636, 637, 638, 639, 792, 797, 798, 799, 800, 801, 863, 864, 865, 866, 867, 868, 869, 870, 871, 872, 873, 874]","[17, 18, 19, 20, 21, 22, 23, 156, 157, 158, 159, 160, 161, 162, 163, 164, 165, 166, 167, 168, 340, 341, 342, 343, 344, 345, 346, 412, 413, 414, 415, 416, 417, 418, 419, 420, 421, 422, 502, 503, 504, 505, 506, 507, 628, 629, 630, 631, 632, 633, 634, 635, 636, 637, 638, 639, 792, 796, 797, 798, 799, 800, 801, 863, 864, 865, 866, 867, 868, 869, 870, 871, 872, 873, 874]","[0, 1, 2, 3, 516, 4, 5, 6, 7, 8, 9, 11, 10, 12, 13, 14, 15, 16, 17, 18, 19, 21, 20, 22, 23, 24, 538, 26, 25, 27, 28, 29, 30, 31, 32, 35, 33, 34, 36, 37, 38, 39, 40, 41, 42, 43, 44, 45, 46, 47, 48, 49, 50, 565, 51, 52, 53, 54, 55, 56, 57, 58, 59, 60, 64, 61, 62, 63, 65, 66, 67, 68, 69, 70, 71, 72, 73, 74, 75, 76, 77, 78, 79, 80, 81, 82, 83, 84, 85, 86, 87, 88, 89, 90, 94, 91, 92, 93, 95, 96, 97, 98, 99, 100, 101, 102, 528, 529, 530, 513, 531, 628, 532, 629, 630, 631, 632, 533, 633, 634, 635, 636, 534, 637, 638, 639, 535, 514, 536, 537, 654, 539, 668, 540, 156, 157, 158, 515, 541, 159, 160, 161, 162, 542, 163, 164, 165, 166, 543, 167, 168, 544, 545, 183, 696, 546, 547, 197, 548, 549, 550, 517, 551, 552, 553, 554, 232, 555, 518, 556, 557, 558, 559, 560, 519, 561, 562, 563, 564, 790, 792, 796, 797, 520, 798, 566, 799, 800, 801, 567, 568, 569, 570, 521, 571, 572, 573, 334, 522, 340, 341, 342, 343, 344, 857, 345, 346, 863, 864, 865, 866, 867, 868, 869, 870, 871, 872, 523, 873, 874, 878, 524, 902, 919, 525, 412, 413, 414, 415, 928, 929, 416, 417, 932, 418, 934, 935, 419, 420, 426, 421, 422, 512, 526, 455, 527, 472, 477, 478, 480, 483, 484, 485, 486, 487, 488, 489, 490, 491, 492, 493, 494, 495, 496, 497, 498, 499, 500, 501, 502, 503, 504, 505, 506, 507, 508, 509, 510, 511]",True,"[11, 21, 26, 35, 64, 94, 496, 505, 509, 516, 538, 565]","[0, 1, 2, 3, 4, 5, 6, 7, 8, 9, 10, 11, 12, 13, 14, 15, 16, 17, 18, 19, 20, 21, 22, 23, 24, 25, 26, 27, 28, 29, 30, 31, 32, 33, 34, 35, 36, 37, 38, 39, 40, 41, 42, 43, 44, 45, 46, 47, 48, 49, 50, 51, 52, 53, 54, 55, 56, 57, 58, 59, 60, 61, 62, 63, 64, 65, 66, 67, 68, 69, 70, 71, 72, 73, 74, 75, 76, 77, 78, 79, 80, 81, 82, 83, 84, 85, 86, 87, 88, 89, 90, 91, 92, 93, 94, 95, 96, 97, 98, 99, 100, 101, 102, 485, 486, 487, 488, 489, 490, 491, 492, 493, 494, 495, 496, 497, 498, 499, 500, 501, 502, 503, 504, 505, 506, 507, 508, 509, 510, 511, 512, 513, 514, 515, 516, 517, 518, 519, 520, 521, 522, 523, 524, 525, 526, 527, 528, 529, 530, 531, 532, 533, 534, 535, 536, 537, 538, 539, 540, 541, 542, 543, 544, 545, 546, 547, 548, 549, 550, 551, 552, 553, 554, 555, 556, 557, 558, 559, 560, 561, 562, 563, 564, 565, 566, 567, 568, 569, 570, 571, 572, 573]","[11, 21, 26, 35, 64, 94, 496, 505, 509, 516, 538, 565]","[21, 505]","[4, 11, 18, 21, 23, 26, 27, 28, 31, 35, 36, 43, 45, 52, 55, 56, 60, 62, 64, 70, 71, 80, 90, 94, 97, 183, 197, 232, 334, 426, 455, 472, 477, 478, 480, 483, 484, 490, 496, 505, 507, 509, 510, 511, 514, 516, 517, 523, 525, 529, 532, 533, 536, 538, 545, 546, 552, 561, 565, 568, 654, 668, 696, 790, 857, 878, 902, 919, 928, 929, 932, 934, 935]","[17, 18, 19, 20, 21, 22, 23, 156, 157, 158, 159, 160, 161, 162, 163, 164, 165, 166, 167, 168, 340, 341, 342, 343, 344, 345, 346, 412, 413, 414, 415, 416, 417, 418, 419, 420, 421, 422, 502, 503, 504, 505, 506, 507, 628, 629, 630, 631, 632, 633, 634, 635, 636, 637, 638, 639, 792, 796, 797, 798, 799, 800, 801, 863, 864, 865, 866, 867, 868, 869, 870, 871, 872, 873, 874]","[17, 18, 19, 20, 21, 22, 23, 156, 157, 158, 159, 160, 161, 162, 163, 164, 165, 166, 167, 341, 342, 343, 344, 345, 412, 413, 414, 415, 416, 417, 418, 419, 420, 421, 422, 502, 503, 504, 505, 506, 507, 628, 629, 630, 631, 632, 633, 634, 635, 636, 637, 638, 639, 792, 797, 798, 799, 800, 801, 863, 864, 865, 866, 867, 868, 869, 870, 871, 872, 873, 874]",7/6 successful match,True,[136],True,189,False,,1.0,True,Flying J Travel Plaza # 610,Flying J
D Kingman ( 86401 ) Flying J Travel Plaza # 610,928-757-7300 I-40 Exit 53 ( Andy Devine Ave ) FLYING J,J 24 <U+2610> <U+2610> <U+2610> <U+2610> <U+2610> 024 0,Kingman,86401,Flying J Travel Plaza # 610,928-757-7300,2016,Kingman,AZ,Flying J,( Andy Devine Ave ) FLYING J,I-40 Exit 53 ,Exit,53,False,,False,I-40,,,,,"[505, 21]","[11, 21, 26, 35, 64, 94, 496, 505, 509, 516, 538, 565]","[11, 21, 26, 35, 64, 94, 496, 505, 509, 516, 538, 565]","[21, 505]","[0, 1, 2, 3, 4, 5, 6, 7, 8, 9, 10, 11, 12, 13, 14, 15, 16, 17, 18, 19, 20, 21, 22, 23, 24, 25, 26, 27, 28, 29, 30, 31, 32, 33, 34, 35, 36, 37, 38, 39, 40, 41, 42, 43, 44, 45, 46, 47, 48, 49, 50, 51, 52, 53, 54, 55, 56, 57, 58, 59, 60, 61, 62, 63, 64, 65, 66, 67, 68, 69, 70, 71, 72, 73, 74, 75, 76, 77, 78, 79, 80, 81, 82, 83, 84, 85, 86, 87, 88, 89, 90, 91, 92, 93, 94, 95, 96, 97, 98, 99, 100, 101, 102, 485, 486, 487, 488, 489, 490, 491, 492, 493, 494, 495, 496, 497, 498, 499, 500, 501, 502, 503, 504, 505, 506, 507, 508, 509, 510, 511, 512, 513, 514, 515, 516, 517, 518, 519, 520, 521, 522, 523, 524, 525, 526, 527, 528, 529, 530, 531, 532, 533, 534, 535, 536, 537, 538, 539, 540, 541, 542, 543, 544, 545, 546, 547, 548, 549, 550, 551, 552, 553, 554, 555, 556, 557, 558, 559, 560, 561, 562, 563, 564, 565, 566, 567, 568, 569, 570, 571, 572, 573]","[4, 11, 18, 21, 23, 26, 27, 28, 31, 35, 36, 43, 45, 52, 55, 56, 60, 62, 64, 70, 71, 80, 90, 94, 97, 183, 197, 232, 334, 426, 455, 472, 477, 478, 480, 483, 484, 490, 496, 505, 507, 509, 510, 511, 514, 516, 517, 523, 525, 529, 532, 533, 536, 538, 545, 546, 552, 561, 565, 568, 654, 668, 696, 790, 857, 878, 902, 919, 928, 929, 932, 934, 935]","[17, 18, 19, 20, 21, 22, 23, 156, 157, 158, 159, 160, 161, 162, 163, 164, 165, 166, 167, 341, 342, 343, 344, 345, 412, 413, 414, 415, 416, 417, 418, 419, 420, 421, 422, 502, 503, 504, 505, 506, 507, 628, 629, 630, 631, 632, 633, 634, 635, 636, 637, 638, 639, 792, 797, 798, 799, 800, 801, 863, 864, 865, 866, 867, 868, 869, 870, 871, 872, 873, 874]","[17, 18, 19, 20, 21, 22, 23, 156, 157, 158, 159, 160, 161, 162, 163, 164, 165, 166, 167, 168, 340, 341, 342, 343, 344, 345, 346, 412, 413, 414, 415, 416, 417, 418, 419, 420, 421, 422, 502, 503, 504, 505, 506, 507, 628, 629, 630, 631, 632, 633, 634, 635, 636, 637, 638, 639, 792, 796, 797, 798, 799, 800, 801, 863, 864, 865, 866, 867, 868, 869, 870, 871, 872, 873, 874]","[0, 1, 2, 3, 516, 4, 5, 6, 7, 8, 9, 11, 10, 12, 13, 14, 15, 16, 17, 18, 19, 21, 20, 22, 23, 24, 538, 26, 25, 27, 28, 29, 30, 31, 32, 35, 33, 34, 36, 37, 38, 39, 40, 41, 42, 43, 44, 45, 46, 47, 48, 49, 50, 565, 51, 52, 53, 54, 55, 56, 57, 58, 59, 60, 64, 61, 62, 63, 65, 66, 67, 68, 69, 70, 71, 72, 73, 74, 75, 76, 77, 78, 79, 80, 81, 82, 83, 84, 85, 86, 87, 88, 89, 90, 94, 91, 92, 93, 95, 96, 97, 98, 99, 100, 101, 102, 528, 529, 530, 513, 531, 628, 532, 629, 630, 631, 632, 533, 633, 634, 635, 636, 534, 637, 638, 639, 535, 514, 536, 537, 654, 539, 668, 540, 156, 157, 158, 515, 541, 159, 160, 161, 162, 542, 163, 164, 165, 166, 543, 167, 168, 544, 545, 183, 696, 546, 547, 197, 548, 549, 550, 517, 551, 552, 553, 554, 232, 555, 518, 556, 557, 558, 559, 560, 519, 561, 562, 563, 564, 790, 792, 796, 797, 520, 798, 566, 799, 800, 801, 567, 568, 569, 570, 521, 571, 572, 573, 334, 522, 340, 341, 342, 343, 344, 857, 345, 346, 863, 864, 865, 866, 867, 868, 869, 870, 871, 872, 523, 873, 874, 878, 524, 902, 919, 525, 412, 413, 414, 415, 928, 929, 416, 417, 932, 418, 934, 935, 419, 420, 426, 421, 422, 512, 526, 455, 527, 472, 477, 478, 480, 483, 484, 485, 486, 487, 488, 489, 490, 491, 492, 493, 494, 495, 496, 497, 498, 499, 500, 501, 502, 503, 504, 505, 506, 507, 508, 509, 510, 511]",True,"[11, 21, 26, 35, 64, 94, 496, 505, 509, 516, 538, 565]","[0, 1, 2, 3, 4, 5, 6, 7, 8, 9, 10, 11, 12, 13, 14, 15, 16, 17, 18, 19, 20, 21, 22, 23, 24, 25, 26, 27, 28, 29, 30, 31, 32, 33, 34, 35, 36, 37, 38, 39, 40, 41, 42, 43, 44, 45, 46, 47, 48, 49, 50, 51, 52, 53, 54, 55, 56, 57, 58, 59, 60, 61, 62, 63, 64, 65, 66, 67, 68, 69, 70, 71, 72, 73, 74, 75, 76, 77, 78, 79, 80, 81, 82, 83, 84, 85, 86, 87, 88, 89, 90, 91, 92, 93, 94, 95, 96, 97, 98, 99, 100, 101, 102, 485, 486, 487, 488, 489, 490, 491, 492, 493, 494, 495, 496, 497, 498, 499, 500, 501, 502, 503, 504, 505, 506, 507, 508, 509, 510, 511, 512, 513, 514, 515, 516, 517, 518, 519, 520, 521, 522, 523, 524, 525, 526, 527, 528, 529, 530, 531, 532, 533, 534, 535, 536, 537, 538, 539, 540, 541, 542, 543, 544, 545, 546, 547, 548, 549, 550, 551, 552, 553, 554, 555, 556, 557, 558, 559, 560, 561, 562, 563, 564, 565, 566, 567, 568, 569, 570, 571, 572, 573]","[11, 21, 26, 35, 64, 94, 496, 505, 509, 516, 538, 565]","[21, 505]","[4, 11, 18, 21, 23, 26, 27, 28, 31, 35, 36, 43, 45, 52, 55, 56, 60, 62, 64, 70, 71, 80, 90, 94, 97, 183, 197, 232, 334, 426, 455, 472, 477, 478, 480, 483, 484, 490, 496, 505, 507, 509, 510, 511, 514, 516, 517, 523, 525, 529, 532, 533, 536, 538, 545, 546, 552, 561, 565, 568, 654, 668, 696, 790, 857, 878, 902, 919, 928, 929, 932, 934, 935]","[17, 18, 19, 20, 21, 22, 23, 156, 157, 158, 159, 160, 161, 162, 163, 164, 165, 166, 167, 168, 340, 341, 342, 343, 344, 345, 346, 412, 413, 414, 415, 416, 417, 418, 419, 420, 421, 422, 502, 503, 504, 505, 506, 507, 628, 629, 630, 631, 632, 633, 634, 635, 636, 637, 638, 639, 792, 796, 797, 798, 799, 800, 801, 863, 864, 865, 866, 867, 868, 869, 870, 871, 872, 873, 874]","[17, 18, 19, 20, 21, 22, 23, 156, 157, 158, 159, 160, 161, 162, 163, 164, 165, 166, 167, 341, 342, 343, 344, 345, 412, 413, 414, 415, 416, 417, 418, 419, 420, 421, 422, 502, 503, 504, 505, 506, 507, 628, 629, 630, 631, 632, 633, 634, 635, 636, 637, 638, 639, 792, 797, 798, 799, 800, 801, 863, 864, 865, 866, 867, 868, 869, 870, 871, 872, 873, 874]",7/6 successful match,True,[136],True,189,False,,1.0,True,Flying J Travel Plaza # 610,Flying J
"Kingman , 86402 Crazy Fred's Truck Stop",928-753-3834 I-40 Exit 44,,Kingman,86402,Crazy Fred's Truck Stop,928-753-3834,2006,Kingman,AZ,,,I-40 Exit 44,Exit,44,False,,False,I-40,,,,,"[496, 11]",[],"[11, 21, 26, 35, 64, 94, 496, 505, 509, 516, 538, 565]","[11, 496]","[0, 1, 2, 3, 4, 5, 6, 7, 8, 9, 10, 11, 12, 13, 14, 15, 16, 17, 18, 19, 20, 21, 22, 23, 24, 25, 26, 27, 28, 29, 30, 31, 32, 33, 34, 35, 36, 37, 38, 39, 40, 41, 42, 43, 44, 45, 46, 47, 48, 49, 50, 51, 52, 53, 54, 55, 56, 57, 58, 59, 60, 61, 62, 63, 64, 65, 66, 67, 68, 69, 70, 71, 72, 73, 74, 75, 76, 77, 78, 79, 80, 81, 82, 83, 84, 85, 86, 87, 88, 89, 90, 91, 92, 93, 94, 95, 96, 97, 98, 99, 100, 101, 102, 485, 486, 487, 488, 489, 490, 491, 492, 493, 494, 495, 496, 497, 498, 499, 500, 501, 502, 503, 504, 505, 506, 507, 508, 509, 510, 511, 512, 513, 514, 515, 516, 517, 518, 519, 520, 521, 522, 523, 524, 525, 526, 527, 528, 529, 530, 531, 532, 533, 534, 535, 536, 537, 538, 539, 540, 541, 542, 543, 544, 545, 546, 547, 548, 549, 550, 551, 552, 553, 554, 555, 556, 557, 558, 559, 560, 561, 562, 563, 564, 565, 566, 567, 568, 569, 570, 571, 572, 573]","[4, 11, 18, 21, 23, 26, 27, 28, 31, 35, 36, 43, 45, 52, 55, 56, 60, 62, 64, 70, 71, 80, 90, 94, 97, 183, 197, 232, 334, 426, 455, 472, 477, 478, 480, 483, 484, 490, 496, 505, 507, 509, 510, 511, 514, 516, 517, 523, 525, 529, 532, 533, 536, 538, 545, 546, 552, 561, 565, 568, 654, 668, 696, 790, 857, 878, 902, 919, 928, 929, 932, 934, 935]",[],"[11, 496]","[0, 1, 2, 3, 516, 4, 5, 6, 7, 8, 9, 11, 10, 12, 13, 14, 15, 16, 17, 18, 19, 21, 20, 22, 23, 24, 538, 26, 25, 27, 28, 29, 30, 31, 32, 35, 33, 34, 36, 37, 38, 39, 40, 41, 42, 43, 44, 45, 46, 47, 48, 49, 50, 565, 51, 52, 53, 54, 55, 56, 57, 58, 59, 60, 64, 61, 62, 63, 65, 66, 67, 68, 69, 70, 71, 72, 73, 74, 75, 76, 77, 78, 79, 80, 81, 82, 83, 84, 85, 86, 87, 88, 89, 90, 94, 91, 92, 93, 95, 96, 97, 98, 99, 100, 101, 102, 528, 529, 530, 513, 531, 532, 533, 534, 535, 514, 536, 537, 654, 539, 668, 540, 515, 541, 542, 543, 544, 545, 183, 696, 546, 547, 197, 548, 549, 550, 517, 551, 552, 553, 554, 232, 555, 518, 556, 557, 558, 559, 560, 519, 561, 562, 563, 564, 790, 520, 566, 567, 568, 569, 570, 521, 571, 572, 573, 334, 522, 857, 523, 878, 524, 902, 919, 525, 928, 929, 932, 934, 935, 426, 512, 526, 455, 527, 472, 477, 478, 480, 483, 484, 485, 486, 487, 488, 489, 490, 491, 492, 493, 494, 495, 496, 497, 498, 499, 500, 501, 502, 503, 504, 505, 506, 507, 508, 509, 510, 511]",True,[],"[0, 1, 2, 3, 4, 5, 6, 7, 8, 9, 10, 11, 12, 13, 14, 15, 16, 17, 18, 19, 20, 21, 22, 23, 24, 25, 26, 27, 28, 29, 30, 31, 32, 33, 34, 35, 36, 37, 38, 39, 40, 41, 42, 43, 44, 45, 46, 47, 48, 49, 50, 51, 52, 53, 54, 55, 56, 57, 58, 59, 60, 61, 62, 63, 64, 65, 66, 67, 68, 69, 70, 71, 72, 73, 74, 75, 76, 77, 78, 79, 80, 81, 82, 83, 84, 85, 86, 87, 88, 89, 90, 91, 92, 93, 94, 95, 96, 97, 98, 99, 100, 101, 102, 485, 486, 487, 488, 489, 490, 491, 492, 493, 494, 495, 496, 497, 498, 499, 500, 501, 502, 503, 504, 505, 506, 507, 508, 509, 510, 511, 512, 513, 514, 515, 516, 517, 518, 519, 520, 521, 522, 523, 524, 525, 526, 527, 528, 529, 530, 531, 532, 533, 534, 535, 536, 537, 538, 539, 540, 541, 542, 543, 544, 545, 546, 547, 548, 549, 550, 551, 552, 553, 554, 555, 556, 557, 558, 559, 560, 561, 562, 563, 564, 565, 566, 567, 568, 569, 570, 571, 572, 573]","[11, 21, 26, 35, 64, 94, 496, 505, 509, 516, 538, 565]","[11, 496]","[4, 11, 18, 21, 23, 26, 27, 28, 31, 35, 36, 43, 45, 52, 55, 56, 60, 62, 64, 70, 71, 80, 90, 94, 97, 183, 197, 232, 334, 426, 455, 472, 477, 478, 480, 483, 484, 490, 496, 505, 507, 509, 510, 511, 514, 516, 517, 523, 525, 529, 532, 533, 536, 538, 545, 546, 552, 561, 565, 568, 654, 668, 696, 790, 857, 878, 902, 919, 928, 929, 932, 934, 935]","[11, 496]",[],7/6 successful match,True,"[768, 769]",True,190,False,,,,,
"Kingman , 86402 Crazy Fred's Truck Stop",928-753-3834 I-40 Exit 44,24 L L 24 HRS,Kingman,86402,Crazy Fred's Truck Stop,928-753-3834,2007,Kingman,AZ,,,I-40 Exit 44,Exit,44,False,,False,I-40,,,,,"[496, 11]",[],"[11, 21, 26, 35, 64, 94, 496, 505, 509, 516, 538, 565]","[11, 496]","[0, 1, 2, 3, 4, 5, 6, 7, 8, 9, 10, 11, 12, 13, 14, 15, 16, 17, 18, 19, 20, 21, 22, 23, 24, 25, 26, 27, 28, 29, 30, 31, 32, 33, 34, 35, 36, 37, 38, 39, 40, 41, 42, 43, 44, 45, 46, 47, 48, 49, 50, 51, 52, 53, 54, 55, 56, 57, 58, 59, 60, 61, 62, 63, 64, 65, 66, 67, 68, 69, 70, 71, 72, 73, 74, 75, 76, 77, 78, 79, 80, 81, 82, 83, 84, 85, 86, 87, 88, 89, 90, 91, 92, 93, 94, 95, 96, 97, 98, 99, 100, 101, 102, 485, 486, 487, 488, 489, 490, 491, 492, 493, 494, 495, 496, 497, 498, 499, 500, 501, 502, 503, 504, 505, 506, 507, 508, 509, 510, 511, 512, 513, 514, 515, 516, 517, 518, 519, 520, 521, 522, 523, 524, 525, 526, 527, 528, 529, 530, 531, 532, 533, 534, 535, 536, 537, 538, 539, 540, 541, 542, 543, 544, 545, 546, 547, 548, 549, 550, 551, 552, 553, 554, 555, 556, 557, 558, 559, 560, 561, 562, 563, 564, 565, 566, 567, 568, 569, 570, 571, 572, 573]","[4, 11, 18, 21, 23, 26, 27, 28, 31, 35, 36, 43, 45, 52, 55, 56, 60, 62, 64, 70, 71, 80, 90, 94, 97, 183, 197, 232, 334, 426, 455, 472, 477, 478, 480, 483, 484, 490, 496, 505, 507, 509, 510, 511, 514, 516, 517, 523, 525, 529, 532, 533, 536, 538, 545, 546, 552, 561, 565, 568, 654, 668, 696, 790, 857, 878, 902, 919, 928, 929, 932, 934, 935]",[],"[11, 496]","[0, 1, 2, 3, 516, 4, 5, 6, 7, 8, 9, 11, 10, 12, 13, 14, 15, 16, 17, 18, 19, 21, 20, 22, 23, 24, 538, 26, 25, 27, 28, 29, 30, 31, 32, 35, 33, 34, 36, 37, 38, 39, 40, 41, 42, 43, 44, 45, 46, 47, 48, 49, 50, 565, 51, 52, 53, 54, 55, 56, 57, 58, 59, 60, 64, 61, 62, 63, 65, 66, 67, 68, 69, 70, 71, 72, 73, 74, 75, 76, 77, 78, 79, 80, 81, 82, 83, 84, 85, 86, 87, 88, 89, 90, 94, 91, 92, 93, 95, 96, 97, 98, 99, 100, 101, 102, 528, 529, 530, 513, 531, 532, 533, 534, 535, 514, 536, 537, 654, 539, 668, 540, 515, 541, 542, 543, 544, 545, 183, 696, 546, 547, 197, 548, 549, 550, 517, 551, 552, 553, 554, 232, 555, 518, 556, 557, 558, 559, 560, 519, 561, 562, 563, 564, 790, 520, 566, 567, 568, 569, 570, 521, 571, 572, 573, 334, 522, 857, 523, 878, 524, 902, 919, 525, 928, 929, 932, 934, 935, 426, 512, 526, 455, 527, 472, 477, 478, 480, 483, 484, 485, 486, 487, 488, 489, 490, 491, 492, 493, 494, 495, 496, 497, 498, 499, 500, 501, 502, 503, 504, 505, 506, 507, 508, 509, 510, 511]",True,[],"[0, 1, 2, 3, 4, 5, 6, 7, 8, 9, 10, 11, 12, 13, 14, 15, 16, 17, 18, 19, 20, 21, 22, 23, 24, 25, 26, 27, 28, 29, 30, 31, 32, 33, 34, 35, 36, 37, 38, 39, 40, 41, 42, 43, 44, 45, 46, 47, 48, 49, 50, 51, 52, 53, 54, 55, 56, 57, 58, 59, 60, 61, 62, 63, 64, 65, 66, 67, 68, 69, 70, 71, 72, 73, 74, 75, 76, 77, 78, 79, 80, 81, 82, 83, 84, 85, 86, 87, 88, 89, 90, 91, 92, 93, 94, 95, 96, 97, 98, 99, 100, 101, 102, 485, 486, 487, 488, 489, 490, 491, 492, 493, 494, 495, 496, 497, 498, 499, 500, 501, 502, 503, 504, 505, 506, 507, 508, 509, 510, 511, 512, 513, 514, 515, 516, 517, 518, 519, 520, 521, 522, 523, 524, 525, 526, 527, 528, 529, 530, 531, 532, 533, 534, 535, 536, 537, 538, 539, 540, 541, 542, 543, 544, 545, 546, 547, 548, 549, 550, 551, 552, 553, 554, 555, 556, 557, 558, 559, 560, 561, 562, 563, 564, 565, 566, 567, 568, 569, 570, 571, 572, 573]","[11, 21, 26, 35, 64, 94, 496, 505, 509, 516, 538, 565]","[11, 496]","[4, 11, 18, 21, 23, 26, 27, 28, 31, 35, 36, 43, 45, 52, 55, 56, 60, 62, 64, 70, 71, 80, 90, 94, 97, 183, 197, 232, 334, 426, 455, 472, 477, 478, 480, 483, 484, 490, 496, 505, 507, 509, 510, 511, 514, 516, 517, 523, 525, 529, 532, 533, 536, 538, 545, 546, 552, 561, 565, 568, 654, 668, 696, 790, 857, 878, 902, 919, 928, 929, 932, 934, 935]","[11, 496]",[],7/6 successful match,True,"[768, 769]",True,190,False,,1.0,True,Crazy Fred's Truck Stop,
"Kingman , 86402 Crazy Fred's Truck Stop",2 928-753-3834 I-40 Exit 44,24 HRS 24 HRS,Kingman,86402,Crazy Fred's Truck Stop,928-753-3834,2008,Kingman,AZ,,,I-40 Exit 44,Exit,44,False,,False,I-40,,,,,"[496, 11]",[],"[11, 21, 26, 35, 64, 94, 496, 505, 509, 516, 538, 565]","[11, 496]","[0, 1, 2, 3, 4, 5, 6, 7, 8, 9, 10, 11, 12, 13, 14, 15, 16, 17, 18, 19, 20, 21, 22, 23, 24, 25, 26, 27, 28, 29, 30, 31, 32, 33, 34, 35, 36, 37, 38, 39, 40, 41, 42, 43, 44, 45, 46, 47, 48, 49, 50, 51, 52, 53, 54, 55, 56, 57, 58, 59, 60, 61, 62, 63, 64, 65, 66, 67, 68, 69, 70, 71, 72, 73, 74, 75, 76, 77, 78, 79, 80, 81, 82, 83, 84, 85, 86, 87, 88, 89, 90, 91, 92, 93, 94, 95, 96, 97, 98, 99, 100, 101, 102, 485, 486, 487, 488, 489, 490, 491, 492, 493, 494, 495, 496, 497, 498, 499, 500, 501, 502, 503, 504, 505, 506, 507, 508, 509, 510, 511, 512, 513, 514, 515, 516, 517, 518, 519, 520, 521, 522, 523, 524, 525, 526, 527, 528, 529, 530, 531, 532, 533, 534, 535, 536, 537, 538, 539, 540, 541, 542, 543, 544, 545, 546, 547, 548, 549, 550, 551, 552, 553, 554, 555, 556, 557, 558, 559, 560, 561, 562, 563, 564, 565, 566, 567, 568, 569, 570, 571, 572, 573]","[4, 11, 18, 21, 23, 26, 27, 28, 31, 35, 36, 43, 45, 52, 55, 56, 60, 62, 64, 70, 71, 80, 90, 94, 97, 183, 197, 232, 334, 426, 455, 472, 477, 478, 480, 483, 484, 490, 496, 505, 507, 509, 510, 511, 514, 516, 517, 523, 525, 529, 532, 533, 536, 538, 545, 546, 552, 561, 565, 568, 654, 668, 696, 790, 857, 878, 902, 919, 928, 929, 932, 934, 935]",[],"[11, 496]","[0, 1, 2, 3, 516, 4, 5, 6, 7, 8, 9, 11, 10, 12, 13, 14, 15, 16, 17, 18, 19, 21, 20, 22, 23, 24, 538, 26, 25, 27, 28, 29, 30, 31, 32, 35, 33, 34, 36, 37, 38, 39, 40, 41, 42, 43, 44, 45, 46, 47, 48, 49, 50, 565, 51, 52, 53, 54, 55, 56, 57, 58, 59, 60, 64, 61, 62, 63, 65, 66, 67, 68, 69, 70, 71, 72, 73, 74, 75, 76, 77, 78, 79, 80, 81, 82, 83, 84, 85, 86, 87, 88, 89, 90, 94, 91, 92, 93, 95, 96, 97, 98, 99, 100, 101, 102, 528, 529, 530, 513, 531, 532, 533, 534, 535, 514, 536, 537, 654, 539, 668, 540, 515, 541, 542, 543, 544, 545, 183, 696, 546, 547, 197, 548, 549, 550, 517, 551, 552, 553, 554, 232, 555, 518, 556, 557, 558, 559, 560, 519, 561, 562, 563, 564, 790, 520, 566, 567, 568, 569, 570, 521, 571, 572, 573, 334, 522, 857, 523, 878, 524, 902, 919, 525, 928, 929, 932, 934, 935, 426, 512, 526, 455, 527, 472, 477, 478, 480, 483, 484, 485, 486, 487, 488, 489, 490, 491, 492, 493, 494, 495, 496, 497, 498, 499, 500, 501, 502, 503, 504, 505, 506, 507, 508, 509, 510, 511]",True,[],"[0, 1, 2, 3, 4, 5, 6, 7, 8, 9, 10, 11, 12, 13, 14, 15, 16, 17, 18, 19, 20, 21, 22, 23, 24, 25, 26, 27, 28, 29, 30, 31, 32, 33, 34, 35, 36, 37, 38, 39, 40, 41, 42, 43, 44, 45, 46, 47, 48, 49, 50, 51, 52, 53, 54, 55, 56, 57, 58, 59, 60, 61, 62, 63, 64, 65, 66, 67, 68, 69, 70, 71, 72, 73, 74, 75, 76, 77, 78, 79, 80, 81, 82, 83, 84, 85, 86, 87, 88, 89, 90, 91, 92, 93, 94, 95, 96, 97, 98, 99, 100, 101, 102, 485, 486, 487, 488, 489, 490, 491, 492, 493, 494, 495, 496, 497, 498, 499, 500, 501, 502, 503, 504, 505, 506, 507, 508, 509, 510, 511, 512, 513, 514, 515, 516, 517, 518, 519, 520, 521, 522, 523, 524, 525, 526, 527, 528, 529, 530, 531, 532, 533, 534, 535, 536, 537, 538, 539, 540, 541, 542, 543, 544, 545, 546, 547, 548, 549, 550, 551, 552, 553, 554, 555, 556, 557, 558, 559, 560, 561, 562, 563, 564, 565, 566, 567, 568, 569, 570, 571, 572, 573]","[11, 21, 26, 35, 64, 94, 496, 505, 509, 516, 538, 565]","[11, 496]","[4, 11, 18, 21, 23, 26, 27, 28, 31, 35, 36, 43, 45, 52, 55, 56, 60, 62, 64, 70, 71, 80, 90, 94, 97, 183, 197, 232, 334, 426, 455, 472, 477, 478, 480, 483, 484, 490, 496, 505, 507, 509, 510, 511, 514, 516, 517, 523, 525, 529, 532, 533, 536, 538, 545, 546, 552, 561, 565, 568, 654, 668, 696, 790, 857, 878, 902, 919, 928, 929, 932, 934, 935]","[11, 496]",[],7/6 successful match,True,"[768, 769]",True,190,False,,1.0,True,Crazy Fred's Truck Stop,
D Kingman ( 86402 ) Crazy Fred's Truck Stop,928-753-3834 I-40 Exit 44,24 <U+2610>,Kingman,86402,Crazy Fred's Truck Stop,928-753-3834,2014,Kingman,AZ,,,I-40 Exit 44,Exit,44,False,,False,I-40,,,,,"[496, 11]",[],"[11, 21, 26, 35, 64, 94, 496, 505, 509, 516, 538, 565]","[11, 496]","[0, 1, 2, 3, 4, 5, 6, 7, 8, 9, 10, 11, 12, 13, 14, 15, 16, 17, 18, 19, 20, 21, 22, 23, 24, 25, 26, 27, 28, 29, 30, 31, 32, 33, 34, 35, 36, 37, 38, 39, 40, 41, 42, 43, 44, 45, 46, 47, 48, 49, 50, 51, 52, 53, 54, 55, 56, 57, 58, 59, 60, 61, 62, 63, 64, 65, 66, 67, 68, 69, 70, 71, 72, 73, 74, 75, 76, 77, 78, 79, 80, 81, 82, 83, 84, 85, 86, 87, 88, 89, 90, 91, 92, 93, 94, 95, 96, 97, 98, 99, 100, 101, 102, 485, 486, 487, 488, 489, 490, 491, 492, 493, 494, 495, 496, 497, 498, 499, 500, 501, 502, 503, 504, 505, 506, 507, 508, 509, 510, 511, 512, 513, 514, 515, 516, 517, 518, 519, 520, 521, 522, 523, 524, 525, 526, 527, 528, 529, 530, 531, 532, 533, 534, 535, 536, 537, 538, 539, 540, 541, 542, 543, 544, 545, 546, 547, 548, 549, 550, 551, 552, 553, 554, 555, 556, 557, 558, 559, 560, 561, 562, 563, 564, 565, 566, 567, 568, 569, 570, 571, 572, 573]","[4, 11, 18, 21, 23, 26, 27, 28, 31, 35, 36, 43, 45, 52, 55, 56, 60, 62, 64, 70, 71, 80, 90, 94, 97, 183, 197, 232, 334, 426, 455, 472, 477, 478, 480, 483, 484, 490, 496, 505, 507, 509, 510, 511, 514, 516, 517, 523, 525, 529, 532, 533, 536, 538, 545, 546, 552, 561, 565, 568, 654, 668, 696, 790, 857, 878, 902, 919, 928, 929, 932, 934, 935]",[],"[11, 496]","[0, 1, 2, 3, 516, 4, 5, 6, 7, 8, 9, 11, 10, 12, 13, 14, 15, 16, 17, 18, 19, 21, 20, 22, 23, 24, 538, 26, 25, 27, 28, 29, 30, 31, 32, 35, 33, 34, 36, 37, 38, 39, 40, 41, 42, 43, 44, 45, 46, 47, 48, 49, 50, 565, 51, 52, 53, 54, 55, 56, 57, 58, 59, 60, 64, 61, 62, 63, 65, 66, 67, 68, 69, 70, 71, 72, 73, 74, 75, 76, 77, 78, 79, 80, 81, 82, 83, 84, 85, 86, 87, 88, 89, 90, 94, 91, 92, 93, 95, 96, 97, 98, 99, 100, 101, 102, 528, 529, 530, 513, 531, 532, 533, 534, 535, 514, 536, 537, 654, 539, 668, 540, 515, 541, 542, 543, 544, 545, 183, 696, 546, 547, 197, 548, 549, 550, 517, 551, 552, 553, 554, 232, 555, 518, 556, 557, 558, 559, 560, 519, 561, 562, 563, 564, 790, 520, 566, 567, 568, 569, 570, 521, 571, 572, 573, 334, 522, 857, 523, 878, 524, 902, 919, 525, 928, 929, 932, 934, 935, 426, 512, 526, 455, 527, 472, 477, 478, 480, 483, 484, 485, 486, 487, 488, 489, 490, 491, 492, 493, 494, 495, 496, 497, 498, 499, 500, 501, 502, 503, 504, 505, 506, 507, 508, 509, 510, 511]",True,[],"[0, 1, 2, 3, 4, 5, 6, 7, 8, 9, 10, 11, 12, 13, 14, 15, 16, 17, 18, 19, 20, 21, 22, 23, 24, 25, 26, 27, 28, 29, 30, 31, 32, 33, 34, 35, 36, 37, 38, 39, 40, 41, 42, 43, 44, 45, 46, 47, 48, 49, 50, 51, 52, 53, 54, 55, 56, 57, 58, 59, 60, 61, 62, 63, 64, 65, 66, 67, 68, 69, 70, 71, 72, 73, 74, 75, 76, 77, 78, 79, 80, 81, 82, 83, 84, 85, 86, 87, 88, 89, 90, 91, 92, 93, 94, 95, 96, 97, 98, 99, 100, 101, 102, 485, 486, 487, 488, 489, 490, 491, 492, 493, 494, 495, 496, 497, 498, 499, 500, 501, 502, 503, 504, 505, 506, 507, 508, 509, 510, 511, 512, 513, 514, 515, 516, 517, 518, 519, 520, 521, 522, 523, 524, 525, 526, 527, 528, 529, 530, 531, 532, 533, 534, 535, 536, 537, 538, 539, 540, 541, 542, 543, 544, 545, 546, 547, 548, 549, 550, 551, 552, 553, 554, 555, 556, 557, 558, 559, 560, 561, 562, 563, 564, 565, 566, 567, 568, 569, 570, 571, 572, 573]","[11, 21, 26, 35, 64, 94, 496, 505, 509, 516, 538, 565]","[11, 496]","[4, 11, 18, 21, 23, 26, 27, 28, 31, 35, 36, 43, 45, 52, 55, 56, 60, 62, 64, 70, 71, 80, 90, 94, 97, 183, 197, 232, 334, 426, 455, 472, 477, 478, 480, 483, 484, 490, 496, 505, 507, 509, 510, 511, 514, 516, 517, 523, 525, 529, 532, 533, 536, 538, 545, 546, 552, 561, 565, 568, 654, 668, 696, 790, 857, 878, 902, 919, 928, 929, 932, 934, 935]","[11, 496]",[],7/6 successful match,True,"[768, 769]",True,190,False,,1.0,True,Crazy Fred's Truck Stop,
Kingman ( 86402 ) Crazy Fred's Truck Stop,2 928-753-3834 I-40 Exit 44,24 <U+25A1>,Kingman,86402,Crazy Fred's Truck Stop,928-753-3834,2015,Kingman,AZ,,,I-40 Exit 44,Exit,44,False,,False,I-40,,,,,"[496, 11]",[],"[11, 21, 26, 35, 64, 94, 496, 505, 509, 516, 538, 565]","[11, 496]","[0, 1, 2, 3, 4, 5, 6, 7, 8, 9, 10, 11, 12, 13, 14, 15, 16, 17, 18, 19, 20, 21, 22, 23, 24, 25, 26, 27, 28, 29, 30, 31, 32, 33, 34, 35, 36, 37, 38, 39, 40, 41, 42, 43, 44, 45, 46, 47, 48, 49, 50, 51, 52, 53, 54, 55, 56, 57, 58, 59, 60, 61, 62, 63, 64, 65, 66, 67, 68, 69, 70, 71, 72, 73, 74, 75, 76, 77, 78, 79, 80, 81, 82, 83, 84, 85, 86, 87, 88, 89, 90, 91, 92, 93, 94, 95, 96, 97, 98, 99, 100, 101, 102, 485, 486, 487, 488, 489, 490, 491, 492, 493, 494, 495, 496, 497, 498, 499, 500, 501, 502, 503, 504, 505, 506, 507, 508, 509, 510, 511, 512, 513, 514, 515, 516, 517, 518, 519, 520, 521, 522, 523, 524, 525, 526, 527, 528, 529, 530, 531, 532, 533, 534, 535, 536, 537, 538, 539, 540, 541, 542, 543, 544, 545, 546, 547, 548, 549, 550, 551, 552, 553, 554, 555, 556, 557, 558, 559, 560, 561, 562, 563, 564, 565, 566, 567, 568, 569, 570, 571, 572, 573]","[4, 11, 18, 21, 23, 26, 27, 28, 31, 35, 36, 43, 45, 52, 55, 56, 60, 62, 64, 70, 71, 80, 90, 94, 97, 183, 197, 232, 334, 426, 455, 472, 477, 478, 480, 483, 484, 490, 496, 505, 507, 509, 510, 511, 514, 516, 517, 523, 525, 529, 532, 533, 536, 538, 545, 546, 552, 561, 565, 568, 654, 668, 696, 790, 857, 878, 902, 919, 928, 929, 932, 934, 935]",[],"[11, 496]","[0, 1, 2, 3, 516, 4, 5, 6, 7, 8, 9, 11, 10, 12, 13, 14, 15, 16, 17, 18, 19, 21, 20, 22, 23, 24, 538, 26, 25, 27, 28, 29, 30, 31, 32, 35, 33, 34, 36, 37, 38, 39, 40, 41, 42, 43, 44, 45, 46, 47, 48, 49, 50, 565, 51, 52, 53, 54, 55, 56, 57, 58, 59, 60, 64, 61, 62, 63, 65, 66, 67, 68, 69, 70, 71, 72, 73, 74, 75, 76, 77, 78, 79, 80, 81, 82, 83, 84, 85, 86, 87, 88, 89, 90, 94, 91, 92, 93, 95, 96, 97, 98, 99, 100, 101, 102, 528, 529, 530, 513, 531, 532, 533, 534, 535, 514, 536, 537, 654, 539, 668, 540, 515, 541, 542, 543, 544, 545, 183, 696, 546, 547, 197, 548, 549, 550, 517, 551, 552, 553, 554, 232, 555, 518, 556, 557, 558, 559, 560, 519, 561, 562, 563, 564, 790, 520, 566, 567, 568, 569, 570, 521, 571, 572, 573, 334, 522, 857, 523, 878, 524, 902, 919, 525, 928, 929, 932, 934, 935, 426, 512, 526, 455, 527, 472, 477, 478, 480, 483, 484, 485, 486, 487, 488, 489, 490, 491, 492, 493, 494, 495, 496, 497, 498, 499, 500, 501, 502, 503, 504, 505, 506, 507, 508, 509, 510, 511]",True,[],"[0, 1, 2, 3, 4, 5, 6, 7, 8, 9, 10, 11, 12, 13, 14, 15, 16, 17, 18, 19, 20, 21, 22, 23, 24, 25, 26, 27, 28, 29, 30, 31, 32, 33, 34, 35, 36, 37, 38, 39, 40, 41, 42, 43, 44, 45, 46, 47, 48, 49, 50, 51, 52, 53, 54, 55, 56, 57, 58, 59, 60, 61, 62, 63, 64, 65, 66, 67, 68, 69, 70, 71, 72, 73, 74, 75, 76, 77, 78, 79, 80, 81, 82, 83, 84, 85, 86, 87, 88, 89, 90, 91, 92, 93, 94, 95, 96, 97, 98, 99, 100, 101, 102, 485, 486, 487, 488, 489, 490, 491, 492, 493, 494, 495, 496, 497, 498, 499, 500, 501, 502, 503, 504, 505, 506, 507, 508, 509, 510, 511, 512, 513, 514, 515, 516, 517, 518, 519, 520, 521, 522, 523, 524, 525, 526, 527, 528, 529, 530, 531, 532, 533, 534, 535, 536, 537, 538, 539, 540, 541, 542, 543, 544, 545, 546, 547, 548, 549, 550, 551, 552, 553, 554, 555, 556, 557, 558, 559, 560, 561, 562, 563, 564, 565, 566, 567, 568, 569, 570, 571, 572, 573]","[11, 21, 26, 35, 64, 94, 496, 505, 509, 516, 538, 565]","[11, 496]","[4, 11, 18, 21, 23, 26, 27, 28, 31, 35, 36, 43, 45, 52, 55, 56, 60, 62, 64, 70, 71, 80, 90, 94, 97, 183, 197, 232, 334, 426, 455, 472, 477, 478, 480, 483, 484, 490, 496, 505, 507, 509, 510, 511, 514, 516, 517, 523, 525, 529, 532, 533, 536, 538, 545, 546, 552, 561, 565, 568, 654, 668, 696, 790, 857, 878, 902, 919, 928, 929, 932, 934, 935]","[11, 496]",[],7/6 successful match,True,"[768, 769]",True,190,False,,1.0,True,Crazy Fred's Truck Stop,
D Kingman ( 86402 ) Crazy Fred's Truck Stop,928-753-3834 I-40 Exit 44,24 LO 1,Kingman,86402,Crazy Fred's Truck Stop,928-753-3834,2016,Kingman,AZ,,,I-40 Exit 44,Exit,44,False,,False,I-40,,,,,"[496, 11]",[],"[11, 21, 26, 35, 64, 94, 496, 505, 509, 516, 538, 565]","[11, 496]","[0, 1, 2, 3, 4, 5, 6, 7, 8, 9, 10, 11, 12, 13, 14, 15, 16, 17, 18, 19, 20, 21, 22, 23, 24, 25, 26, 27, 28, 29, 30, 31, 32, 33, 34, 35, 36, 37, 38, 39, 40, 41, 42, 43, 44, 45, 46, 47, 48, 49, 50, 51, 52, 53, 54, 55, 56, 57, 58, 59, 60, 61, 62, 63, 64, 65, 66, 67, 68, 69, 70, 71, 72, 73, 74, 75, 76, 77, 78, 79, 80, 81, 82, 83, 84, 85, 86, 87, 88, 89, 90, 91, 92, 93, 94, 95, 96, 97, 98, 99, 100, 101, 102, 485, 486, 487, 488, 489, 490, 491, 492, 493, 494, 495, 496, 497, 498, 499, 500, 501, 502, 503, 504, 505, 506, 507, 508, 509, 510, 511, 512, 513, 514, 515, 516, 517, 518, 519, 520, 521, 522, 523, 524, 525, 526, 527, 528, 529, 530, 531, 532, 533, 534, 535, 536, 537, 538, 539, 540, 541, 542, 543, 544, 545, 546, 547, 548, 549, 550, 551, 552, 553, 554, 555, 556, 557, 558, 559, 560, 561, 562, 563, 564, 565, 566, 567, 568, 569, 570, 571, 572, 573]","[4, 11, 18, 21, 23, 26, 27, 28, 31, 35, 36, 43, 45, 52, 55, 56, 60, 62, 64, 70, 71, 80, 90, 94, 97, 183, 197, 232, 334, 426, 455, 472, 477, 478, 480, 483, 484, 490, 496, 505, 507, 509, 510, 511, 514, 516, 517, 523, 525, 529, 532, 533, 536, 538, 545, 546, 552, 561, 565, 568, 654, 668, 696, 790, 857, 878, 902, 919, 928, 929, 932, 934, 935]",[],"[11, 496]","[0, 1, 2, 3, 516, 4, 5, 6, 7, 8, 9, 11, 10, 12, 13, 14, 15, 16, 17, 18, 19, 21, 20, 22, 23, 24, 538, 26, 25, 27, 28, 29, 30, 31, 32, 35, 33, 34, 36, 37, 38, 39, 40, 41, 42, 43, 44, 45, 46, 47, 48, 49, 50, 565, 51, 52, 53, 54, 55, 56, 57, 58, 59, 60, 64, 61, 62, 63, 65, 66, 67, 68, 69, 70, 71, 72, 73, 74, 75, 76, 77, 78, 79, 80, 81, 82, 83, 84, 85, 86, 87, 88, 89, 90, 94, 91, 92, 93, 95, 96, 97, 98, 99, 100, 101, 102, 528, 529, 530, 513, 531, 532, 533, 534, 535, 514, 536, 537, 654, 539, 668, 540, 515, 541, 542, 543, 544, 545, 183, 696, 546, 547, 197, 548, 549, 550, 517, 551, 552, 553, 554, 232, 555, 518, 556, 557, 558, 559, 560, 519, 561, 562, 563, 564, 790, 520, 566, 567, 568, 569, 570, 521, 571, 572, 573, 334, 522, 857, 523, 878, 524, 902, 919, 525, 928, 929, 932, 934, 935, 426, 512, 526, 455, 527, 472, 477, 478, 480, 483, 484, 485, 486, 487, 488, 489, 490, 491, 492, 493, 494, 495, 496, 497, 498, 499, 500, 501, 502, 503, 504, 505, 506, 507, 508, 509, 510, 511]",True,[],"[0, 1, 2, 3, 4, 5, 6, 7, 8, 9, 10, 11, 12, 13, 14, 15, 16, 17, 18, 19, 20, 21, 22, 23, 24, 25, 26, 27, 28, 29, 30, 31, 32, 33, 34, 35, 36, 37, 38, 39, 40, 41, 42, 43, 44, 45, 46, 47, 48, 49, 50, 51, 52, 53, 54, 55, 56, 57, 58, 59, 60, 61, 62, 63, 64, 65, 66, 67, 68, 69, 70, 71, 72, 73, 74, 75, 76, 77, 78, 79, 80, 81, 82, 83, 84, 85, 86, 87, 88, 89, 90, 91, 92, 93, 94, 95, 96, 97, 98, 99, 100, 101, 102, 485, 486, 487, 488, 489, 490, 491, 492, 493, 494, 495, 496, 497, 498, 499, 500, 501, 502, 503, 504, 505, 506, 507, 508, 509, 510, 511, 512, 513, 514, 515, 516, 517, 518, 519, 520, 521, 522, 523, 524, 525, 526, 527, 528, 529, 530, 531, 532, 533, 534, 535, 536, 537, 538, 539, 540, 541, 542, 543, 544, 545, 546, 547, 548, 549, 550, 551, 552, 553, 554, 555, 556, 557, 558, 559, 560, 561, 562, 563, 564, 565, 566, 567, 568, 569, 570, 571, 572, 573]","[11, 21, 26, 35, 64, 94, 496, 505, 509, 516, 538, 565]","[11, 496]","[4, 11, 18, 21, 23, 26, 27, 28, 31, 35, 36, 43, 45, 52, 55, 56, 60, 62, 64, 70, 71, 80, 90, 94, 97, 183, 197, 232, 334, 426, 455, 472, 477, 478, 480, 483, 484, 490, 496, 505, 507, 509, 510, 511, 514, 516, 517, 523, 525, 529, 532, 533, 536, 538, 545, 546, 552, 561, 565, 568, 654, 668, 696, 790, 857, 878, 902, 919, 928, 929, 932, 934, 935]","[11, 496]",[],7/6 successful match,True,"[768, 769]",True,190,False,,1.0,True,Crazy Fred's Truck Stop,
"Lake Havasu City , 86404 Pilot Travel",928-764-2416 I-40 Exit 9 ( AZ Center 95 S # ) 211,RS XL <U+2610>,Lake Havasu City,86404,Pilot Travel,928-764-2416,2006,Lake Havasu City,AZ,Pilot,( AZ Center 95 S # ) 211,I-40 Exit 9 ,Exit,9,False,,False,I-40,,,,,[],"[71, 546]","[43, 66, 71, 104, 411, 414, 417, 420, 430, 441, 446, 448, 449, 450, 468, 523, 541, 546, 575, 860, 862, 865, 868, 869, 872, 882, 896, 897, 915]","[16, 43, 71, 463, 501, 523, 546, 857, 910]","[0, 1, 2, 3, 4, 5, 6, 7, 8, 9, 10, 11, 12, 13, 14, 15, 16, 17, 18, 19, 20, 21, 22, 23, 24, 25, 26, 27, 28, 29, 30, 31, 32, 33, 34, 35, 36, 37, 38, 39, 40, 41, 42, 43, 44, 45, 46, 47, 48, 49, 50, 51, 52, 53, 54, 55, 56, 57, 58, 59, 60, 61, 62, 63, 64, 65, 66, 67, 68, 69, 70, 71, 72, 73, 74, 75, 76, 77, 78, 79, 80, 81, 82, 83, 84, 85, 86, 87, 88, 89, 90, 91, 92, 93, 94, 95, 96, 97, 98, 99, 100, 101, 102, 485, 486, 487, 488, 489, 490, 491, 492, 493, 494, 495, 496, 497, 498, 499, 500, 501, 502, 503, 504, 505, 506, 507, 508, 509, 510, 511, 512, 513, 514, 515, 516, 517, 518, 519, 520, 521, 522, 523, 524, 525, 526, 527, 528, 529, 530, 531, 532, 533, 534, 535, 536, 537, 538, 539, 540, 541, 542, 543, 544, 545, 546, 547, 548, 549, 550, 551, 552, 553, 554, 555, 556, 557, 558, 559, 560, 561, 562, 563, 564, 565, 566, 567, 568, 569, 570, 571, 572, 573]","[4, 11, 18, 21, 23, 26, 27, 28, 31, 35, 36, 43, 45, 52, 55, 56, 60, 62, 64, 70, 71, 80, 90, 94, 97, 183, 197, 232, 334, 426, 455, 472, 477, 478, 480, 483, 484, 490, 496, 505, 507, 509, 510, 511, 514, 516, 517, 523, 525, 529, 532, 533, 536, 538, 545, 546, 552, 561, 565, 568, 654, 668, 696, 790, 857, 878, 902, 919, 928, 929, 932, 934, 935]","[15, 16, 65, 66, 67, 68, 69, 70, 71, 72, 73, 74, 75, 76, 80, 151, 245, 246, 247, 248, 249, 250, 251, 252, 253, 254, 255, 256, 257, 258, 259, 280, 340, 373, 374, 375, 376, 377, 459, 460, 461, 462, 500, 501, 539, 540, 541, 542, 543, 544, 545, 546, 547, 548, 549, 550, 552, 622, 708, 709, 710, 711, 712, 713, 714, 715, 716, 717, 718, 719, 720, 739, 796, 823, 824, 825, 826, 827, 906, 907, 908, 909]","[15, 16, 65, 66, 67, 68, 69, 70, 71, 72, 73, 74, 75, 76, 77, 78, 80, 151, 244, 245, 246, 247, 248, 249, 250, 251, 252, 253, 254, 255, 256, 257, 258, 259, 260, 280, 340, 373, 374, 375, 376, 377, 459, 460, 461, 462, 500, 501, 539, 540, 541, 542, 543, 544, 545, 546, 547, 548, 549, 550, 552, 622, 708, 709, 710, 711, 712, 713, 714, 715, 716, 717, 718, 719, 720, 739, 796, 823, 824, 825, 826, 827, 906, 907, 908, 909]","[0, 1, 2, 3, 4, 5, 6, 7, 8, 9, 10, 523, 11, 12, 13, 14, 16, 15, 17, 18, 19, 20, 21, 22, 23, 24, 26, 27, 28, 541, 29, 30, 31, 32, 546, 33, 34, 35, 38, 39, 36, 41, 42, 43, 44, 37, 40, 45, 46, 47, 48, 49, 50, 51, 52, 53, 54, 55, 56, 57, 58, 59, 60, 575, 61, 62, 66, 63, 64, 65, 67, 71, 68, 69, 70, 72, 73, 74, 75, 76, 77, 78, 79, 80, 81, 82, 83, 84, 85, 86, 87, 88, 89, 90, 91, 92, 93, 94, 95, 96, 97, 98, 99, 100, 104, 101, 102, 529, 530, 622, 513, 531, 532, 533, 25, 534, 535, 514, 536, 537, 654, 538, 151, 539, 668, 540, 515, 542, 543, 544, 545, 183, 696, 516, 547, 708, 197, 548, 709, 710, 711, 712, 549, 713, 714, 715, 716, 550, 717, 718, 517, 719, 551, 720, 552, 553, 739, 554, 232, 555, 518, 556, 557, 244, 245, 246, 247, 558, 248, 249, 250, 251, 559, 252, 253, 254, 255, 560, 256, 257, 519, 258, 561, 259, 260, 562, 563, 564, 790, 280, 565, 796, 520, 566, 567, 568, 569, 570, 521, 823, 571, 824, 825, 826, 827, 572, 573, 334, 522, 340, 857, 860, 862, 865, 868, 869, 872, 878, 882, 373, 374, 375, 376, 377, 528, 896, 897, 524, 902, 906, 907, 908, 909, 910, 915, 919, 411, 525, 414, 928, 417, 929, 420, 932, 934, 935, 426, 430, 512, 526, 441, 446, 448, 449, 450, 455, 459, 460, 527, 461, 463, 462, 468, 472, 477, 478, 480, 483, 484, 485, 486, 487, 488, 489, 490, 491, 492, 493, 494, 495, 496, 497, 498, 499, 500, 501, 502, 503, 504, 505, 506, 507, 508, 509, 510, 511]",False,"[71, 546]","[0, 1, 2, 3, 4, 5, 6, 7, 8, 9, 10, 11, 12, 13, 14, 15, 16, 17, 18, 19, 20, 21, 22, 23, 24, 25, 26, 27, 28, 29, 30, 31, 32, 33, 34, 35, 36, 37, 38, 39, 40, 41, 42, 43, 44, 45, 46, 47, 48, 49, 50, 51, 52, 53, 54, 55, 56, 57, 58, 59, 60, 61, 62, 63, 64, 65, 66, 67, 68, 69, 70, 71, 72, 73, 74, 75, 76, 77, 78, 79, 80, 81, 82, 83, 84, 85, 86, 87, 88, 89, 90, 91, 92, 93, 94, 95, 96, 97, 98, 99, 100, 101, 102, 485, 486, 487, 488, 489, 490, 491, 492, 493, 494, 495, 496, 497, 498, 499, 500, 501, 502, 503, 504, 505, 506, 507, 508, 509, 510, 511, 512, 513, 514, 515, 516, 517, 518, 519, 520, 521, 522, 523, 524, 525, 526, 527, 528, 529, 530, 531, 532, 533, 534, 535, 536, 537, 538, 539, 540, 541, 542, 543, 544, 545, 546, 547, 548, 549, 550, 551, 552, 553, 554, 555, 556, 557, 558, 559, 560, 561, 562, 563, 564, 565, 566, 567, 568, 569, 570, 571, 572, 573]","[43, 66, 71, 104, 411, 414, 417, 420, 430, 441, 446, 448, 449, 450, 468, 523, 541, 546, 575, 860, 862, 865, 868, 869, 872, 882, 896, 897, 915]","[16, 43, 71, 463, 501, 523, 546, 857, 910]","[4, 11, 18, 21, 23, 26, 27, 28, 31, 35, 36, 43, 45, 52, 55, 56, 60, 62, 64, 70, 71, 80, 90, 94, 97, 183, 197, 232, 334, 426, 455, 472, 477, 478, 480, 483, 484, 490, 496, 505, 507, 509, 510, 511, 514, 516, 517, 523, 525, 529, 532, 533, 536, 538, 545, 546, 552, 561, 565, 568, 654, 668, 696, 790, 857, 878, 902, 919, 928, 929, 932, 934, 935]","[15, 16, 65, 66, 67, 68, 69, 70, 71, 72, 73, 74, 75, 76, 77, 78, 80, 151, 244, 245, 246, 247, 248, 249, 250, 251, 252, 253, 254, 255, 256, 257, 258, 259, 260, 280, 340, 373, 374, 375, 376, 377, 459, 460, 461, 462, 500, 501, 539, 540, 541, 542, 543, 544, 545, 546, 547, 548, 549, 550, 552, 622, 708, 709, 710, 711, 712, 713, 714, 715, 716, 717, 718, 719, 720, 739, 796, 823, 824, 825, 826, 827, 906, 907, 908, 909]","[15, 16, 65, 66, 67, 68, 69, 70, 71, 72, 73, 74, 75, 76, 80, 151, 245, 246, 247, 248, 249, 250, 251, 252, 253, 254, 255, 256, 257, 258, 259, 280, 340, 373, 374, 375, 376, 377, 459, 460, 461, 462, 500, 501, 539, 540, 541, 542, 543, 544, 545, 546, 547, 548, 549, 550, 552, 622, 708, 709, 710, 711, 712, 713, 714, 715, 716, 717, 718, 719, 720, 739, 796, 823, 824, 825, 826, 827, 906, 907, 908, 909]",7/6 successful match,False,,False,191,False,,,,,
"Lake Havasu City , 86404 Pilot Travel Center # 211",928-764-2416 I-40 Exit 9 ( AZ 95 S ),L,Lake Havasu City,86404,Pilot Travel Center # 211,928-764-2416,2007,Lake Havasu City,AZ,Pilot,( AZ 95 S ),I-40 Exit 9 ,Exit,9,False,,False,I-40,,,,,[],"[71, 546]","[43, 66, 71, 104, 411, 414, 417, 420, 430, 441, 446, 448, 449, 450, 468, 523, 541, 546, 575, 860, 862, 865, 868, 869, 872, 882, 896, 897, 915]","[16, 43, 71, 463, 501, 523, 546, 857, 910]","[0, 1, 2, 3, 4, 5, 6, 7, 8, 9, 10, 11, 12, 13, 14, 15, 16, 17, 18, 19, 20, 21, 22, 23, 24, 25, 26, 27, 28, 29, 30, 31, 32, 33, 34, 35, 36, 37, 38, 39, 40, 41, 42, 43, 44, 45, 46, 47, 48, 49, 50, 51, 52, 53, 54, 55, 56, 57, 58, 59, 60, 61, 62, 63, 64, 65, 66, 67, 68, 69, 70, 71, 72, 73, 74, 75, 76, 77, 78, 79, 80, 81, 82, 83, 84, 85, 86, 87, 88, 89, 90, 91, 92, 93, 94, 95, 96, 97, 98, 99, 100, 101, 102, 485, 486, 487, 488, 489, 490, 491, 492, 493, 494, 495, 496, 497, 498, 499, 500, 501, 502, 503, 504, 505, 506, 507, 508, 509, 510, 511, 512, 513, 514, 515, 516, 517, 518, 519, 520, 521, 522, 523, 524, 525, 526, 527, 528, 529, 530, 531, 532, 533, 534, 535, 536, 537, 538, 539, 540, 541, 542, 543, 544, 545, 546, 547, 548, 549, 550, 551, 552, 553, 554, 555, 556, 557, 558, 559, 560, 561, 562, 563, 564, 565, 566, 567, 568, 569, 570, 571, 572, 573]","[4, 11, 18, 21, 23, 26, 27, 28, 31, 35, 36, 43, 45, 52, 55, 56, 60, 62, 64, 70, 71, 80, 90, 94, 97, 183, 197, 232, 334, 426, 455, 472, 477, 478, 480, 483, 484, 490, 496, 505, 507, 509, 510, 511, 514, 516, 517, 523, 525, 529, 532, 533, 536, 538, 545, 546, 552, 561, 565, 568, 654, 668, 696, 790, 857, 878, 902, 919, 928, 929, 932, 934, 935]","[15, 16, 65, 66, 67, 68, 69, 70, 71, 72, 73, 74, 75, 76, 80, 151, 245, 246, 247, 248, 249, 250, 251, 252, 253, 254, 255, 256, 257, 258, 259, 280, 340, 373, 374, 375, 376, 377, 459, 460, 461, 462, 500, 501, 539, 540, 541, 542, 543, 544, 545, 546, 547, 548, 549, 550, 552, 622, 708, 709, 710, 711, 712, 713, 714, 715, 716, 717, 718, 719, 720, 739, 796, 823, 824, 825, 826, 827, 906, 907, 908, 909]","[15, 16, 65, 66, 67, 68, 69, 70, 71, 72, 73, 74, 75, 76, 77, 78, 80, 151, 244, 245, 246, 247, 248, 249, 250, 251, 252, 253, 254, 255, 256, 257, 258, 259, 260, 280, 340, 373, 374, 375, 376, 377, 459, 460, 461, 462, 500, 501, 539, 540, 541, 542, 543, 544, 545, 546, 547, 548, 549, 550, 552, 622, 708, 709, 710, 711, 712, 713, 714, 715, 716, 717, 718, 719, 720, 739, 796, 823, 824, 825, 826, 827, 906, 907, 908, 909]","[0, 1, 2, 3, 4, 5, 6, 7, 8, 9, 10, 523, 11, 12, 13, 14, 16, 15, 17, 18, 19, 20, 21, 22, 23, 24, 26, 27, 28, 541, 29, 30, 31, 32, 546, 33, 34, 35, 38, 39, 36, 41, 42, 43, 44, 37, 40, 45, 46, 47, 48, 49, 50, 51, 52, 53, 54, 55, 56, 57, 58, 59, 60, 575, 61, 62, 66, 63, 64, 65, 67, 71, 68, 69, 70, 72, 73, 74, 75, 76, 77, 78, 79, 80, 81, 82, 83, 84, 85, 86, 87, 88, 89, 90, 91, 92, 93, 94, 95, 96, 97, 98, 99, 100, 104, 101, 102, 529, 530, 622, 513, 531, 532, 533, 25, 534, 535, 514, 536, 537, 654, 538, 151, 539, 668, 540, 515, 542, 543, 544, 545, 183, 696, 516, 547, 708, 197, 548, 709, 710, 711, 712, 549, 713, 714, 715, 716, 550, 717, 718, 517, 719, 551, 720, 552, 553, 739, 554, 232, 555, 518, 556, 557, 244, 245, 246, 247, 558, 248, 249, 250, 251, 559, 252, 253, 254, 255, 560, 256, 257, 519, 258, 561, 259, 260, 562, 563, 564, 790, 280, 565, 796, 520, 566, 567, 568, 569, 570, 521, 823, 571, 824, 825, 826, 827, 572, 573, 334, 522, 340, 857, 860, 862, 865, 868, 869, 872, 878, 882, 373, 374, 375, 376, 377, 528, 896, 897, 524, 902, 906, 907, 908, 909, 910, 915, 919, 411, 525, 414, 928, 417, 929, 420, 932, 934, 935, 426, 430, 512, 526, 441, 446, 448, 449, 450, 455, 459, 460, 527, 461, 463, 462, 468, 472, 477, 478, 480, 483, 484, 485, 486, 487, 488, 489, 490, 491, 492, 493, 494, 495, 496, 497, 498, 499, 500, 501, 502, 503, 504, 505, 506, 507, 508, 509, 510, 511]",False,"[71, 546]","[0, 1, 2, 3, 4, 5, 6, 7, 8, 9, 10, 11, 12, 13, 14, 15, 16, 17, 18, 19, 20, 21, 22, 23, 24, 25, 26, 27, 28, 29, 30, 31, 32, 33, 34, 35, 36, 37, 38, 39, 40, 41, 42, 43, 44, 45, 46, 47, 48, 49, 50, 51, 52, 53, 54, 55, 56, 57, 58, 59, 60, 61, 62, 63, 64, 65, 66, 67, 68, 69, 70, 71, 72, 73, 74, 75, 76, 77, 78, 79, 80, 81, 82, 83, 84, 85, 86, 87, 88, 89, 90, 91, 92, 93, 94, 95, 96, 97, 98, 99, 100, 101, 102, 485, 486, 487, 488, 489, 490, 491, 492, 493, 494, 495, 496, 497, 498, 499, 500, 501, 502, 503, 504, 505, 506, 507, 508, 509, 510, 511, 512, 513, 514, 515, 516, 517, 518, 519, 520, 521, 522, 523, 524, 525, 526, 527, 528, 529, 530, 531, 532, 533, 534, 535, 536, 537, 538, 539, 540, 541, 542, 543, 544, 545, 546, 547, 548, 549, 550, 551, 552, 553, 554, 555, 556, 557, 558, 559, 560, 561, 562, 563, 564, 565, 566, 567, 568, 569, 570, 571, 572, 573]","[43, 66, 71, 104, 411, 414, 417, 420, 430, 441, 446, 448, 449, 450, 468, 523, 541, 546, 575, 860, 862, 865, 868, 869, 872, 882, 896, 897, 915]","[16, 43, 71, 463, 501, 523, 546, 857, 910]","[4, 11, 18, 21, 23, 26, 27, 28, 31, 35, 36, 43, 45, 52, 55, 56, 60, 62, 64, 70, 71, 80, 90, 94, 97, 183, 197, 232, 334, 426, 455, 472, 477, 478, 480, 483, 484, 490, 496, 505, 507, 509, 510, 511, 514, 516, 517, 523, 525, 529, 532, 533, 536, 538, 545, 546, 552, 561, 565, 568, 654, 668, 696, 790, 857, 878, 902, 919, 928, 929, 932, 934, 935]","[15, 16, 65, 66, 67, 68, 69, 70, 71, 72, 73, 74, 75, 76, 77, 78, 80, 151, 244, 245, 246, 247, 248, 249, 250, 251, 252, 253, 254, 255, 256, 257, 258, 259, 260, 280, 340, 373, 374, 375, 376, 377, 459, 460, 461, 462, 500, 501, 539, 540, 541, 542, 543, 544, 545, 546, 547, 548, 549, 550, 552, 622, 708, 709, 710, 711, 712, 713, 714, 715, 716, 717, 718, 719, 720, 739, 796, 823, 824, 825, 826, 827, 906, 907, 908, 909]","[15, 16, 65, 66, 67, 68, 69, 70, 71, 72, 73, 74, 75, 76, 80, 151, 245, 246, 247, 248, 249, 250, 251, 252, 253, 254, 255, 256, 257, 258, 259, 280, 340, 373, 374, 375, 376, 377, 459, 460, 461, 462, 500, 501, 539, 540, 541, 542, 543, 544, 545, 546, 547, 548, 549, 550, 552, 622, 708, 709, 710, 711, 712, 713, 714, 715, 716, 717, 718, 719, 720, 739, 796, 823, 824, 825, 826, 827, 906, 907, 908, 909]",7/6 successful match,False,,False,191,False,,0.5279279279279279,True,Pilot Travel,Pilot
"Lake Havasu City , 86404 Pilot Travel Center # 211",928-764-2416 I-40 Exit 9 ( AZ 95 S ),24 HRS L,Lake Havasu City,86404,Pilot Travel Center # 211,928-764-2416,2008,Lake Havasu City,AZ,Pilot,( AZ 95 S ),I-40 Exit 9 ,Exit,9,False,,False,I-40,,,,,[],"[71, 546]","[43, 66, 71, 104, 411, 414, 417, 420, 430, 441, 446, 448, 449, 450, 468, 523, 541, 546, 575, 860, 862, 865, 868, 869, 872, 882, 896, 897, 915]","[16, 43, 71, 463, 501, 523, 546, 857, 910]","[0, 1, 2, 3, 4, 5, 6, 7, 8, 9, 10, 11, 12, 13, 14, 15, 16, 17, 18, 19, 20, 21, 22, 23, 24, 25, 26, 27, 28, 29, 30, 31, 32, 33, 34, 35, 36, 37, 38, 39, 40, 41, 42, 43, 44, 45, 46, 47, 48, 49, 50, 51, 52, 53, 54, 55, 56, 57, 58, 59, 60, 61, 62, 63, 64, 65, 66, 67, 68, 69, 70, 71, 72, 73, 74, 75, 76, 77, 78, 79, 80, 81, 82, 83, 84, 85, 86, 87, 88, 89, 90, 91, 92, 93, 94, 95, 96, 97, 98, 99, 100, 101, 102, 485, 486, 487, 488, 489, 490, 491, 492, 493, 494, 495, 496, 497, 498, 499, 500, 501, 502, 503, 504, 505, 506, 507, 508, 509, 510, 511, 512, 513, 514, 515, 516, 517, 518, 519, 520, 521, 522, 523, 524, 525, 526, 527, 528, 529, 530, 531, 532, 533, 534, 535, 536, 537, 538, 539, 540, 541, 542, 543, 544, 545, 546, 547, 548, 549, 550, 551, 552, 553, 554, 555, 556, 557, 558, 559, 560, 561, 562, 563, 564, 565, 566, 567, 568, 569, 570, 571, 572, 573]","[4, 11, 18, 21, 23, 26, 27, 28, 31, 35, 36, 43, 45, 52, 55, 56, 60, 62, 64, 70, 71, 80, 90, 94, 97, 183, 197, 232, 334, 426, 455, 472, 477, 478, 480, 483, 484, 490, 496, 505, 507, 509, 510, 511, 514, 516, 517, 523, 525, 529, 532, 533, 536, 538, 545, 546, 552, 561, 565, 568, 654, 668, 696, 790, 857, 878, 902, 919, 928, 929, 932, 934, 935]","[15, 16, 65, 66, 67, 68, 69, 70, 71, 72, 73, 74, 75, 76, 80, 151, 245, 246, 247, 248, 249, 250, 251, 252, 253, 254, 255, 256, 257, 258, 259, 280, 340, 373, 374, 375, 376, 377, 459, 460, 461, 462, 500, 501, 539, 540, 541, 542, 543, 544, 545, 546, 547, 548, 549, 550, 552, 622, 708, 709, 710, 711, 712, 713, 714, 715, 716, 717, 718, 719, 720, 739, 796, 823, 824, 825, 826, 827, 906, 907, 908, 909]","[15, 16, 65, 66, 67, 68, 69, 70, 71, 72, 73, 74, 75, 76, 77, 78, 80, 151, 244, 245, 246, 247, 248, 249, 250, 251, 252, 253, 254, 255, 256, 257, 258, 259, 260, 280, 340, 373, 374, 375, 376, 377, 459, 460, 461, 462, 500, 501, 539, 540, 541, 542, 543, 544, 545, 546, 547, 548, 549, 550, 552, 622, 708, 709, 710, 711, 712, 713, 714, 715, 716, 717, 718, 719, 720, 739, 796, 823, 824, 825, 826, 827, 906, 907, 908, 909]","[0, 1, 2, 3, 4, 5, 6, 7, 8, 9, 10, 523, 11, 12, 13, 14, 16, 15, 17, 18, 19, 20, 21, 22, 23, 24, 26, 27, 28, 541, 29, 30, 31, 32, 546, 33, 34, 35, 38, 39, 36, 41, 42, 43, 44, 37, 40, 45, 46, 47, 48, 49, 50, 51, 52, 53, 54, 55, 56, 57, 58, 59, 60, 575, 61, 62, 66, 63, 64, 65, 67, 71, 68, 69, 70, 72, 73, 74, 75, 76, 77, 78, 79, 80, 81, 82, 83, 84, 85, 86, 87, 88, 89, 90, 91, 92, 93, 94, 95, 96, 97, 98, 99, 100, 104, 101, 102, 529, 530, 622, 513, 531, 532, 533, 25, 534, 535, 514, 536, 537, 654, 538, 151, 539, 668, 540, 515, 542, 543, 544, 545, 183, 696, 516, 547, 708, 197, 548, 709, 710, 711, 712, 549, 713, 714, 715, 716, 550, 717, 718, 517, 719, 551, 720, 552, 553, 739, 554, 232, 555, 518, 556, 557, 244, 245, 246, 247, 558, 248, 249, 250, 251, 559, 252, 253, 254, 255, 560, 256, 257, 519, 258, 561, 259, 260, 562, 563, 564, 790, 280, 565, 796, 520, 566, 567, 568, 569, 570, 521, 823, 571, 824, 825, 826, 827, 572, 573, 334, 522, 340, 857, 860, 862, 865, 868, 869, 872, 878, 882, 373, 374, 375, 376, 377, 528, 896, 897, 524, 902, 906, 907, 908, 909, 910, 915, 919, 411, 525, 414, 928, 417, 929, 420, 932, 934, 935, 426, 430, 512, 526, 441, 446, 448, 449, 450, 455, 459, 460, 527, 461, 463, 462, 468, 472, 477, 478, 480, 483, 484, 485, 486, 487, 488, 489, 490, 491, 492, 493, 494, 495, 496, 497, 498, 499, 500, 501, 502, 503, 504, 505, 506, 507, 508, 509, 510, 511]",False,"[71, 546]","[0, 1, 2, 3, 4, 5, 6, 7, 8, 9, 10, 11, 12, 13, 14, 15, 16, 17, 18, 19, 20, 21, 22, 23, 24, 25, 26, 27, 28, 29, 30, 31, 32, 33, 34, 35, 36, 37, 38, 39, 40, 41, 42, 43, 44, 45, 46, 47, 48, 49, 50, 51, 52, 53, 54, 55, 56, 57, 58, 59, 60, 61, 62, 63, 64, 65, 66, 67, 68, 69, 70, 71, 72, 73, 74, 75, 76, 77, 78, 79, 80, 81, 82, 83, 84, 85, 86, 87, 88, 89, 90, 91, 92, 93, 94, 95, 96, 97, 98, 99, 100, 101, 102, 485, 486, 487, 488, 489, 490, 491, 492, 493, 494, 495, 496, 497, 498, 499, 500, 501, 502, 503, 504, 505, 506, 507, 508, 509, 510, 511, 512, 513, 514, 515, 516, 517, 518, 519, 520, 521, 522, 523, 524, 525, 526, 527, 528, 529, 530, 531, 532, 533, 534, 535, 536, 537, 538, 539, 540, 541, 542, 543, 544, 545, 546, 547, 548, 549, 550, 551, 552, 553, 554, 555, 556, 557, 558, 559, 560, 561, 562, 563, 564, 565, 566, 567, 568, 569, 570, 571, 572, 573]","[43, 66, 71, 104, 411, 414, 417, 420, 430, 441, 446, 448, 449, 450, 468, 523, 541, 546, 575, 860, 862, 865, 868, 869, 872, 882, 896, 897, 915]","[16, 43, 71, 463, 501, 523, 546, 857, 910]","[4, 11, 18, 21, 23, 26, 27, 28, 31, 35, 36, 43, 45, 52, 55, 56, 60, 62, 64, 70, 71, 80, 90, 94, 97, 183, 197, 232, 334, 426, 455, 472, 477, 478, 480, 483, 484, 490, 496, 505, 507, 509, 510, 511, 514, 516, 517, 523, 525, 529, 532, 533, 536, 538, 545, 546, 552, 561, 565, 568, 654, 668, 696, 790, 857, 878, 902, 919, 928, 929, 932, 934, 935]","[15, 16, 65, 66, 67, 68, 69, 70, 71, 72, 73, 74, 75, 76, 77, 78, 80, 151, 244, 245, 246, 247, 248, 249, 250, 251, 252, 253, 254, 255, 256, 257, 258, 259, 260, 280, 340, 373, 374, 375, 376, 377, 459, 460, 461, 462, 500, 501, 539, 540, 541, 542, 543, 544, 545, 546, 547, 548, 549, 550, 552, 622, 708, 709, 710, 711, 712, 713, 714, 715, 716, 717, 718, 719, 720, 739, 796, 823, 824, 825, 826, 827, 906, 907, 908, 909]","[15, 16, 65, 66, 67, 68, 69, 70, 71, 72, 73, 74, 75, 76, 80, 151, 245, 246, 247, 248, 249, 250, 251, 252, 253, 254, 255, 256, 257, 258, 259, 280, 340, 373, 374, 375, 376, 377, 459, 460, 461, 462, 500, 501, 539, 540, 541, 542, 543, 544, 545, 546, 547, 548, 549, 550, 552, 622, 708, 709, 710, 711, 712, 713, 714, 715, 716, 717, 718, 719, 720, 739, 796, 823, 824, 825, 826, 827, 906, 907, 908, 909]",7/6 successful match,False,,False,191,False,,1.0,True,Pilot Travel Center # 211,Pilot
E Lake Havasu City ( 86404 ) Pilot Travel Center # 211,928-764-2416 I-40 Exit 9 ( AZ 95 S ),Pilot 24 <U+2610> M,Lake Havasu City,86404,Pilot Travel Center # 211,928-764-2416,2014,Lake Havasu City,AZ,Pilot,( AZ 95 S ),I-40 Exit 9 ,Exit,9,False,,False,I-40,,,,,[],"[71, 546]","[43, 66, 71, 104, 411, 414, 417, 420, 430, 441, 446, 448, 449, 450, 468, 523, 541, 546, 575, 860, 862, 865, 868, 869, 872, 882, 896, 897, 915]","[16, 43, 71, 463, 501, 523, 546, 857, 910]","[0, 1, 2, 3, 4, 5, 6, 7, 8, 9, 10, 11, 12, 13, 14, 15, 16, 17, 18, 19, 20, 21, 22, 23, 24, 25, 26, 27, 28, 29, 30, 31, 32, 33, 34, 35, 36, 37, 38, 39, 40, 41, 42, 43, 44, 45, 46, 47, 48, 49, 50, 51, 52, 53, 54, 55, 56, 57, 58, 59, 60, 61, 62, 63, 64, 65, 66, 67, 68, 69, 70, 71, 72, 73, 74, 75, 76, 77, 78, 79, 80, 81, 82, 83, 84, 85, 86, 87, 88, 89, 90, 91, 92, 93, 94, 95, 96, 97, 98, 99, 100, 101, 102, 485, 486, 487, 488, 489, 490, 491, 492, 493, 494, 495, 496, 497, 498, 499, 500, 501, 502, 503, 504, 505, 506, 507, 508, 509, 510, 511, 512, 513, 514, 515, 516, 517, 518, 519, 520, 521, 522, 523, 524, 525, 526, 527, 528, 529, 530, 531, 532, 533, 534, 535, 536, 537, 538, 539, 540, 541, 542, 543, 544, 545, 546, 547, 548, 549, 550, 551, 552, 553, 554, 555, 556, 557, 558, 559, 560, 561, 562, 563, 564, 565, 566, 567, 568, 569, 570, 571, 572, 573]","[4, 11, 18, 21, 23, 26, 27, 28, 31, 35, 36, 43, 45, 52, 55, 56, 60, 62, 64, 70, 71, 80, 90, 94, 97, 183, 197, 232, 334, 426, 455, 472, 477, 478, 480, 483, 484, 490, 496, 505, 507, 509, 510, 511, 514, 516, 517, 523, 525, 529, 532, 533, 536, 538, 545, 546, 552, 561, 565, 568, 654, 668, 696, 790, 857, 878, 902, 919, 928, 929, 932, 934, 935]","[15, 16, 65, 66, 67, 68, 69, 70, 71, 72, 73, 74, 75, 76, 80, 151, 245, 246, 247, 248, 249, 250, 251, 252, 253, 254, 255, 256, 257, 258, 259, 280, 340, 373, 374, 375, 376, 377, 459, 460, 461, 462, 500, 501, 539, 540, 541, 542, 543, 544, 545, 546, 547, 548, 549, 550, 552, 622, 708, 709, 710, 711, 712, 713, 714, 715, 716, 717, 718, 719, 720, 739, 796, 823, 824, 825, 826, 827, 906, 907, 908, 909]","[15, 16, 65, 66, 67, 68, 69, 70, 71, 72, 73, 74, 75, 76, 77, 78, 80, 151, 244, 245, 246, 247, 248, 249, 250, 251, 252, 253, 254, 255, 256, 257, 258, 259, 260, 280, 340, 373, 374, 375, 376, 377, 459, 460, 461, 462, 500, 501, 539, 540, 541, 542, 543, 544, 545, 546, 547, 548, 549, 550, 552, 622, 708, 709, 710, 711, 712, 713, 714, 715, 716, 717, 718, 719, 720, 739, 796, 823, 824, 825, 826, 827, 906, 907, 908, 909]","[0, 1, 2, 3, 4, 5, 6, 7, 8, 9, 10, 523, 11, 12, 13, 14, 16, 15, 17, 18, 19, 20, 21, 22, 23, 24, 26, 27, 28, 541, 29, 30, 31, 32, 546, 33, 34, 35, 38, 39, 36, 41, 42, 43, 44, 37, 40, 45, 46, 47, 48, 49, 50, 51, 52, 53, 54, 55, 56, 57, 58, 59, 60, 575, 61, 62, 66, 63, 64, 65, 67, 71, 68, 69, 70, 72, 73, 74, 75, 76, 77, 78, 79, 80, 81, 82, 83, 84, 85, 86, 87, 88, 89, 90, 91, 92, 93, 94, 95, 96, 97, 98, 99, 100, 104, 101, 102, 529, 530, 622, 513, 531, 532, 533, 25, 534, 535, 514, 536, 537, 654, 538, 151, 539, 668, 540, 515, 542, 543, 544, 545, 183, 696, 516, 547, 708, 197, 548, 709, 710, 711, 712, 549, 713, 714, 715, 716, 550, 717, 718, 517, 719, 551, 720, 552, 553, 739, 554, 232, 555, 518, 556, 557, 244, 245, 246, 247, 558, 248, 249, 250, 251, 559, 252, 253, 254, 255, 560, 256, 257, 519, 258, 561, 259, 260, 562, 563, 564, 790, 280, 565, 796, 520, 566, 567, 568, 569, 570, 521, 823, 571, 824, 825, 826, 827, 572, 573, 334, 522, 340, 857, 860, 862, 865, 868, 869, 872, 878, 882, 373, 374, 375, 376, 377, 528, 896, 897, 524, 902, 906, 907, 908, 909, 910, 915, 919, 411, 525, 414, 928, 417, 929, 420, 932, 934, 935, 426, 430, 512, 526, 441, 446, 448, 449, 450, 455, 459, 460, 527, 461, 463, 462, 468, 472, 477, 478, 480, 483, 484, 485, 486, 487, 488, 489, 490, 491, 492, 493, 494, 495, 496, 497, 498, 499, 500, 501, 502, 503, 504, 505, 506, 507, 508, 509, 510, 511]",False,"[71, 546]","[0, 1, 2, 3, 4, 5, 6, 7, 8, 9, 10, 11, 12, 13, 14, 15, 16, 17, 18, 19, 20, 21, 22, 23, 24, 25, 26, 27, 28, 29, 30, 31, 32, 33, 34, 35, 36, 37, 38, 39, 40, 41, 42, 43, 44, 45, 46, 47, 48, 49, 50, 51, 52, 53, 54, 55, 56, 57, 58, 59, 60, 61, 62, 63, 64, 65, 66, 67, 68, 69, 70, 71, 72, 73, 74, 75, 76, 77, 78, 79, 80, 81, 82, 83, 84, 85, 86, 87, 88, 89, 90, 91, 92, 93, 94, 95, 96, 97, 98, 99, 100, 101, 102, 485, 486, 487, 488, 489, 490, 491, 492, 493, 494, 495, 496, 497, 498, 499, 500, 501, 502, 503, 504, 505, 506, 507, 508, 509, 510, 511, 512, 513, 514, 515, 516, 517, 518, 519, 520, 521, 522, 523, 524, 525, 526, 527, 528, 529, 530, 531, 532, 533, 534, 535, 536, 537, 538, 539, 540, 541, 542, 543, 544, 545, 546, 547, 548, 549, 550, 551, 552, 553, 554, 555, 556, 557, 558, 559, 560, 561, 562, 563, 564, 565, 566, 567, 568, 569, 570, 571, 572, 573]","[43, 66, 71, 104, 411, 414, 417, 420, 430, 441, 446, 448, 449, 450, 468, 523, 541, 546, 575, 860, 862, 865, 868, 869, 872, 882, 896, 897, 915]","[16, 43, 71, 463, 501, 523, 546, 857, 910]","[4, 11, 18, 21, 23, 26, 27, 28, 31, 35, 36, 43, 45, 52, 55, 56, 60, 62, 64, 70, 71, 80, 90, 94, 97, 183, 197, 232, 334, 426, 455, 472, 477, 478, 480, 483, 484, 490, 496, 505, 507, 509, 510, 511, 514, 516, 517, 523, 525, 529, 532, 533, 536, 538, 545, 546, 552, 561, 565, 568, 654, 668, 696, 790, 857, 878, 902, 919, 928, 929, 932, 934, 935]","[15, 16, 65, 66, 67, 68, 69, 70, 71, 72, 73, 74, 75, 76, 77, 78, 80, 151, 244, 245, 246, 247, 248, 249, 250, 251, 252, 253, 254, 255, 256, 257, 258, 259, 260, 280, 340, 373, 374, 375, 376, 377, 459, 460, 461, 462, 500, 501, 539, 540, 541, 542, 543, 544, 545, 546, 547, 548, 549, 550, 552, 622, 708, 709, 710, 711, 712, 713, 714, 715, 716, 717, 718, 719, 720, 739, 796, 823, 824, 825, 826, 827, 906, 907, 908, 909]","[15, 16, 65, 66, 67, 68, 69, 70, 71, 72, 73, 74, 75, 76, 80, 151, 245, 246, 247, 248, 249, 250, 251, 252, 253, 254, 255, 256, 257, 258, 259, 280, 340, 373, 374, 375, 376, 377, 459, 460, 461, 462, 500, 501, 539, 540, 541, 542, 543, 544, 545, 546, 547, 548, 549, 550, 552, 622, 708, 709, 710, 711, 712, 713, 714, 715, 716, 717, 718, 719, 720, 739, 796, 823, 824, 825, 826, 827, 906, 907, 908, 909]",7/6 successful match,False,,False,191,False,,1.0,True,Pilot Travel Center # 211,Pilot
E Lake Havasu City ( 86404 ) Pilot Travel Center # 211,928-764-2416 I-40 Exit 9 ( AZ 95 S ),Pilot 24 MO <U+2610>,Lake Havasu City,86404,Pilot Travel Center # 211,928-764-2416,2015,Lake Havasu City,AZ,Pilot,( AZ 95 S ),I-40 Exit 9 ,Exit,9,False,,False,I-40,,,,,[],"[71, 546]","[43, 66, 71, 104, 411, 414, 417, 420, 430, 441, 446, 448, 449, 450, 468, 523, 541, 546, 575, 860, 862, 865, 868, 869, 872, 882, 896, 897, 915]","[16, 43, 71, 463, 501, 523, 546, 857, 910]","[0, 1, 2, 3, 4, 5, 6, 7, 8, 9, 10, 11, 12, 13, 14, 15, 16, 17, 18, 19, 20, 21, 22, 23, 24, 25, 26, 27, 28, 29, 30, 31, 32, 33, 34, 35, 36, 37, 38, 39, 40, 41, 42, 43, 44, 45, 46, 47, 48, 49, 50, 51, 52, 53, 54, 55, 56, 57, 58, 59, 60, 61, 62, 63, 64, 65, 66, 67, 68, 69, 70, 71, 72, 73, 74, 75, 76, 77, 78, 79, 80, 81, 82, 83, 84, 85, 86, 87, 88, 89, 90, 91, 92, 93, 94, 95, 96, 97, 98, 99, 100, 101, 102, 485, 486, 487, 488, 489, 490, 491, 492, 493, 494, 495, 496, 497, 498, 499, 500, 501, 502, 503, 504, 505, 506, 507, 508, 509, 510, 511, 512, 513, 514, 515, 516, 517, 518, 519, 520, 521, 522, 523, 524, 525, 526, 527, 528, 529, 530, 531, 532, 533, 534, 535, 536, 537, 538, 539, 540, 541, 542, 543, 544, 545, 546, 547, 548, 549, 550, 551, 552, 553, 554, 555, 556, 557, 558, 559, 560, 561, 562, 563, 564, 565, 566, 567, 568, 569, 570, 571, 572, 573]","[4, 11, 18, 21, 23, 26, 27, 28, 31, 35, 36, 43, 45, 52, 55, 56, 60, 62, 64, 70, 71, 80, 90, 94, 97, 183, 197, 232, 334, 426, 455, 472, 477, 478, 480, 483, 484, 490, 496, 505, 507, 509, 510, 511, 514, 516, 517, 523, 525, 529, 532, 533, 536, 538, 545, 546, 552, 561, 565, 568, 654, 668, 696, 790, 857, 878, 902, 919, 928, 929, 932, 934, 935]","[15, 16, 65, 66, 67, 68, 69, 70, 71, 72, 73, 74, 75, 76, 80, 151, 245, 246, 247, 248, 249, 250, 251, 252, 253, 254, 255, 256, 257, 258, 259, 280, 340, 373, 374, 375, 376, 377, 459, 460, 461, 462, 500, 501, 539, 540, 541, 542, 543, 544, 545, 546, 547, 548, 549, 550, 552, 622, 708, 709, 710, 711, 712, 713, 714, 715, 716, 717, 718, 719, 720, 739, 796, 823, 824, 825, 826, 827, 906, 907, 908, 909]","[15, 16, 65, 66, 67, 68, 69, 70, 71, 72, 73, 74, 75, 76, 77, 78, 80, 151, 244, 245, 246, 247, 248, 249, 250, 251, 252, 253, 254, 255, 256, 257, 258, 259, 260, 280, 340, 373, 374, 375, 376, 377, 459, 460, 461, 462, 500, 501, 539, 540, 541, 542, 543, 544, 545, 546, 547, 548, 549, 550, 552, 622, 708, 709, 710, 711, 712, 713, 714, 715, 716, 717, 718, 719, 720, 739, 796, 823, 824, 825, 826, 827, 906, 907, 908, 909]","[0, 1, 2, 3, 4, 5, 6, 7, 8, 9, 10, 523, 11, 12, 13, 14, 16, 15, 17, 18, 19, 20, 21, 22, 23, 24, 26, 27, 28, 541, 29, 30, 31, 32, 546, 33, 34, 35, 38, 39, 36, 41, 42, 43, 44, 37, 40, 45, 46, 47, 48, 49, 50, 51, 52, 53, 54, 55, 56, 57, 58, 59, 60, 575, 61, 62, 66, 63, 64, 65, 67, 71, 68, 69, 70, 72, 73, 74, 75, 76, 77, 78, 79, 80, 81, 82, 83, 84, 85, 86, 87, 88, 89, 90, 91, 92, 93, 94, 95, 96, 97, 98, 99, 100, 104, 101, 102, 529, 530, 622, 513, 531, 532, 533, 25, 534, 535, 514, 536, 537, 654, 538, 151, 539, 668, 540, 515, 542, 543, 544, 545, 183, 696, 516, 547, 708, 197, 548, 709, 710, 711, 712, 549, 713, 714, 715, 716, 550, 717, 718, 517, 719, 551, 720, 552, 553, 739, 554, 232, 555, 518, 556, 557, 244, 245, 246, 247, 558, 248, 249, 250, 251, 559, 252, 253, 254, 255, 560, 256, 257, 519, 258, 561, 259, 260, 562, 563, 564, 790, 280, 565, 796, 520, 566, 567, 568, 569, 570, 521, 823, 571, 824, 825, 826, 827, 572, 573, 334, 522, 340, 857, 860, 862, 865, 868, 869, 872, 878, 882, 373, 374, 375, 376, 377, 528, 896, 897, 524, 902, 906, 907, 908, 909, 910, 915, 919, 411, 525, 414, 928, 417, 929, 420, 932, 934, 935, 426, 430, 512, 526, 441, 446, 448, 449, 450, 455, 459, 460, 527, 461, 463, 462, 468, 472, 477, 478, 480, 483, 484, 485, 486, 487, 488, 489, 490, 491, 492, 493, 494, 495, 496, 497, 498, 499, 500, 501, 502, 503, 504, 505, 506, 507, 508, 509, 510, 511]",False,"[71, 546]","[0, 1, 2, 3, 4, 5, 6, 7, 8, 9, 10, 11, 12, 13, 14, 15, 16, 17, 18, 19, 20, 21, 22, 23, 24, 25, 26, 27, 28, 29, 30, 31, 32, 33, 34, 35, 36, 37, 38, 39, 40, 41, 42, 43, 44, 45, 46, 47, 48, 49, 50, 51, 52, 53, 54, 55, 56, 57, 58, 59, 60, 61, 62, 63, 64, 65, 66, 67, 68, 69, 70, 71, 72, 73, 74, 75, 76, 77, 78, 79, 80, 81, 82, 83, 84, 85, 86, 87, 88, 89, 90, 91, 92, 93, 94, 95, 96, 97, 98, 99, 100, 101, 102, 485, 486, 487, 488, 489, 490, 491, 492, 493, 494, 495, 496, 497, 498, 499, 500, 501, 502, 503, 504, 505, 506, 507, 508, 509, 510, 511, 512, 513, 514, 515, 516, 517, 518, 519, 520, 521, 522, 523, 524, 525, 526, 527, 528, 529, 530, 531, 532, 533, 534, 535, 536, 537, 538, 539, 540, 541, 542, 543, 544, 545, 546, 547, 548, 549, 550, 551, 552, 553, 554, 555, 556, 557, 558, 559, 560, 561, 562, 563, 564, 565, 566, 567, 568, 569, 570, 571, 572, 573]","[43, 66, 71, 104, 411, 414, 417, 420, 430, 441, 446, 448, 449, 450, 468, 523, 541, 546, 575, 860, 862, 865, 868, 869, 872, 882, 896, 897, 915]","[16, 43, 71, 463, 501, 523, 546, 857, 910]","[4, 11, 18, 21, 23, 26, 27, 28, 31, 35, 36, 43, 45, 52, 55, 56, 60, 62, 64, 70, 71, 80, 90, 94, 97, 183, 197, 232, 334, 426, 455, 472, 477, 478, 480, 483, 484, 490, 496, 505, 507, 509, 510, 511, 514, 516, 517, 523, 525, 529, 532, 533, 536, 538, 545, 546, 552, 561, 565, 568, 654, 668, 696, 790, 857, 878, 902, 919, 928, 929, 932, 934, 935]","[15, 16, 65, 66, 67, 68, 69, 70, 71, 72, 73, 74, 75, 76, 77, 78, 80, 151, 244, 245, 246, 247, 248, 249, 250, 251, 252, 253, 254, 255, 256, 257, 258, 259, 260, 280, 340, 373, 374, 375, 376, 377, 459, 460, 461, 462, 500, 501, 539, 540, 541, 542, 543, 544, 545, 546, 547, 548, 549, 550, 552, 622, 708, 709, 710, 711, 712, 713, 714, 715, 716, 717, 718, 719, 720, 739, 796, 823, 824, 825, 826, 827, 906, 907, 908, 909]","[15, 16, 65, 66, 67, 68, 69, 70, 71, 72, 73, 74, 75, 76, 80, 151, 245, 246, 247, 248, 249, 250, 251, 252, 253, 254, 255, 256, 257, 258, 259, 280, 340, 373, 374, 375, 376, 377, 459, 460, 461, 462, 500, 501, 539, 540, 541, 542, 543, 544, 545, 546, 547, 548, 549, 550, 552, 622, 708, 709, 710, 711, 712, 713, 714, 715, 716, 717, 718, 719, 720, 739, 796, 823, 824, 825, 826, 827, 906, 907, 908, 909]",7/6 successful match,False,,False,191,False,,1.0,True,Pilot Travel Center # 211,Pilot
E Lake Havasu City ( 86404 ) Pilot Travel Center # 211,928-764-2416 I-40 Exit 9 ( AZ 95 S ),Pilot 24 <U+2610> MO 24,Lake Havasu City,86404,Pilot Travel Center # 211,928-764-2416,2016,Lake Havasu City,AZ,Pilot,( AZ 95 S ),I-40 Exit 9 ,Exit,9,False,,False,I-40,,,,,[],"[71, 546]","[43, 66, 71, 104, 411, 414, 417, 420, 430, 441, 446, 448, 449, 450, 468, 523, 541, 546, 575, 860, 862, 865, 868, 869, 872, 882, 896, 897, 915]","[16, 43, 71, 463, 501, 523, 546, 857, 910]","[0, 1, 2, 3, 4, 5, 6, 7, 8, 9, 10, 11, 12, 13, 14, 15, 16, 17, 18, 19, 20, 21, 22, 23, 24, 25, 26, 27, 28, 29, 30, 31, 32, 33, 34, 35, 36, 37, 38, 39, 40, 41, 42, 43, 44, 45, 46, 47, 48, 49, 50, 51, 52, 53, 54, 55, 56, 57, 58, 59, 60, 61, 62, 63, 64, 65, 66, 67, 68, 69, 70, 71, 72, 73, 74, 75, 76, 77, 78, 79, 80, 81, 82, 83, 84, 85, 86, 87, 88, 89, 90, 91, 92, 93, 94, 95, 96, 97, 98, 99, 100, 101, 102, 485, 486, 487, 488, 489, 490, 491, 492, 493, 494, 495, 496, 497, 498, 499, 500, 501, 502, 503, 504, 505, 506, 507, 508, 509, 510, 511, 512, 513, 514, 515, 516, 517, 518, 519, 520, 521, 522, 523, 524, 525, 526, 527, 528, 529, 530, 531, 532, 533, 534, 535, 536, 537, 538, 539, 540, 541, 542, 543, 544, 545, 546, 547, 548, 549, 550, 551, 552, 553, 554, 555, 556, 557, 558, 559, 560, 561, 562, 563, 564, 565, 566, 567, 568, 569, 570, 571, 572, 573]","[4, 11, 18, 21, 23, 26, 27, 28, 31, 35, 36, 43, 45, 52, 55, 56, 60, 62, 64, 70, 71, 80, 90, 94, 97, 183, 197, 232, 334, 426, 455, 472, 477, 478, 480, 483, 484, 490, 496, 505, 507, 509, 510, 511, 514, 516, 517, 523, 525, 529, 532, 533, 536, 538, 545, 546, 552, 561, 565, 568, 654, 668, 696, 790, 857, 878, 902, 919, 928, 929, 932, 934, 935]","[15, 16, 65, 66, 67, 68, 69, 70, 71, 72, 73, 74, 75, 76, 80, 151, 245, 246, 247, 248, 249, 250, 251, 252, 253, 254, 255, 256, 257, 258, 259, 280, 340, 373, 374, 375, 376, 377, 459, 460, 461, 462, 500, 501, 539, 540, 541, 542, 543, 544, 545, 546, 547, 548, 549, 550, 552, 622, 708, 709, 710, 711, 712, 713, 714, 715, 716, 717, 718, 719, 720, 739, 796, 823, 824, 825, 826, 827, 906, 907, 908, 909]","[15, 16, 65, 66, 67, 68, 69, 70, 71, 72, 73, 74, 75, 76, 77, 78, 80, 151, 244, 245, 246, 247, 248, 249, 250, 251, 252, 253, 254, 255, 256, 257, 258, 259, 260, 280, 340, 373, 374, 375, 376, 377, 459, 460, 461, 462, 500, 501, 539, 540, 541, 542, 543, 544, 545, 546, 547, 548, 549, 550, 552, 622, 708, 709, 710, 711, 712, 713, 714, 715, 716, 717, 718, 719, 720, 739, 796, 823, 824, 825, 826, 827, 906, 907, 908, 909]","[0, 1, 2, 3, 4, 5, 6, 7, 8, 9, 10, 523, 11, 12, 13, 14, 16, 15, 17, 18, 19, 20, 21, 22, 23, 24, 26, 27, 28, 541, 29, 30, 31, 32, 546, 33, 34, 35, 38, 39, 36, 41, 42, 43, 44, 37, 40, 45, 46, 47, 48, 49, 50, 51, 52, 53, 54, 55, 56, 57, 58, 59, 60, 575, 61, 62, 66, 63, 64, 65, 67, 71, 68, 69, 70, 72, 73, 74, 75, 76, 77, 78, 79, 80, 81, 82, 83, 84, 85, 86, 87, 88, 89, 90, 91, 92, 93, 94, 95, 96, 97, 98, 99, 100, 104, 101, 102, 529, 530, 622, 513, 531, 532, 533, 25, 534, 535, 514, 536, 537, 654, 538, 151, 539, 668, 540, 515, 542, 543, 544, 545, 183, 696, 516, 547, 708, 197, 548, 709, 710, 711, 712, 549, 713, 714, 715, 716, 550, 717, 718, 517, 719, 551, 720, 552, 553, 739, 554, 232, 555, 518, 556, 557, 244, 245, 246, 247, 558, 248, 249, 250, 251, 559, 252, 253, 254, 255, 560, 256, 257, 519, 258, 561, 259, 260, 562, 563, 564, 790, 280, 565, 796, 520, 566, 567, 568, 569, 570, 521, 823, 571, 824, 825, 826, 827, 572, 573, 334, 522, 340, 857, 860, 862, 865, 868, 869, 872, 878, 882, 373, 374, 375, 376, 377, 528, 896, 897, 524, 902, 906, 907, 908, 909, 910, 915, 919, 411, 525, 414, 928, 417, 929, 420, 932, 934, 935, 426, 430, 512, 526, 441, 446, 448, 449, 450, 455, 459, 460, 527, 461, 463, 462, 468, 472, 477, 478, 480, 483, 484, 485, 486, 487, 488, 489, 490, 491, 492, 493, 494, 495, 496, 497, 498, 499, 500, 501, 502, 503, 504, 505, 506, 507, 508, 509, 510, 511]",False,"[71, 546]","[0, 1, 2, 3, 4, 5, 6, 7, 8, 9, 10, 11, 12, 13, 14, 15, 16, 17, 18, 19, 20, 21, 22, 23, 24, 25, 26, 27, 28, 29, 30, 31, 32, 33, 34, 35, 36, 37, 38, 39, 40, 41, 42, 43, 44, 45, 46, 47, 48, 49, 50, 51, 52, 53, 54, 55, 56, 57, 58, 59, 60, 61, 62, 63, 64, 65, 66, 67, 68, 69, 70, 71, 72, 73, 74, 75, 76, 77, 78, 79, 80, 81, 82, 83, 84, 85, 86, 87, 88, 89, 90, 91, 92, 93, 94, 95, 96, 97, 98, 99, 100, 101, 102, 485, 486, 487, 488, 489, 490, 491, 492, 493, 494, 495, 496, 497, 498, 499, 500, 501, 502, 503, 504, 505, 506, 507, 508, 509, 510, 511, 512, 513, 514, 515, 516, 517, 518, 519, 520, 521, 522, 523, 524, 525, 526, 527, 528, 529, 530, 531, 532, 533, 534, 535, 536, 537, 538, 539, 540, 541, 542, 543, 544, 545, 546, 547, 548, 549, 550, 551, 552, 553, 554, 555, 556, 557, 558, 559, 560, 561, 562, 563, 564, 565, 566, 567, 568, 569, 570, 571, 572, 573]","[43, 66, 71, 104, 411, 414, 417, 420, 430, 441, 446, 448, 449, 450, 468, 523, 541, 546, 575, 860, 862, 865, 868, 869, 872, 882, 896, 897, 915]","[16, 43, 71, 463, 501, 523, 546, 857, 910]","[4, 11, 18, 21, 23, 26, 27, 28, 31, 35, 36, 43, 45, 52, 55, 56, 60, 62, 64, 70, 71, 80, 90, 94, 97, 183, 197, 232, 334, 426, 455, 472, 477, 478, 480, 483, 484, 490, 496, 505, 507, 509, 510, 511, 514, 516, 517, 523, 525, 529, 532, 533, 536, 538, 545, 546, 552, 561, 565, 568, 654, 668, 696, 790, 857, 878, 902, 919, 928, 929, 932, 934, 935]","[15, 16, 65, 66, 67, 68, 69, 70, 71, 72, 73, 74, 75, 76, 77, 78, 80, 151, 244, 245, 246, 247, 248, 249, 250, 251, 252, 253, 254, 255, 256, 257, 258, 259, 260, 280, 340, 373, 374, 375, 376, 377, 459, 460, 461, 462, 500, 501, 539, 540, 541, 542, 543, 544, 545, 546, 547, 548, 549, 550, 552, 622, 708, 709, 710, 711, 712, 713, 714, 715, 716, 717, 718, 719, 720, 739, 796, 823, 824, 825, 826, 827, 906, 907, 908, 909]","[15, 16, 65, 66, 67, 68, 69, 70, 71, 72, 73, 74, 75, 76, 80, 151, 245, 246, 247, 248, 249, 250, 251, 252, 253, 254, 255, 256, 257, 258, 259, 280, 340, 373, 374, 375, 376, 377, 459, 460, 461, 462, 500, 501, 539, 540, 541, 542, 543, 544, 545, 546, 547, 548, 549, 550, 552, 622, 708, 709, 710, 711, 712, 713, 714, 715, 716, 717, 718, 719, 720, 739, 796, 823, 824, 825, 826, 827, 906, 907, 908, 909]",7/6 successful match,False,,False,191,False,,1.0,True,Pilot Travel Center # 211,Pilot
"D Navajo , 86502 Navajo Travel Center ( BP )",928-688-2334 I-40 Exit 325,<U+2610>,Navajo,86502,Navajo Travel Center ( BP ),928-688-2334,2006,Chambers,AZ,BP,,I-40 Exit 325,Exit,325,False,,False,I-40,,,,,"[536, 60]","[4, 60, 490, 536]","[4, 60, 490, 536]","[60, 191, 536, 662]","[0, 1, 2, 3, 4, 5, 6, 7, 8, 9, 10, 11, 12, 13, 14, 15, 16, 17, 18, 19, 20, 21, 22, 23, 24, 25, 26, 27, 28, 29, 30, 31, 32, 33, 34, 35, 36, 37, 38, 39, 40, 41, 42, 43, 44, 45, 46, 47, 48, 49, 50, 51, 52, 53, 54, 55, 56, 57, 58, 59, 60, 61, 62, 63, 64, 65, 66, 67, 68, 69, 70, 71, 72, 73, 74, 75, 76, 77, 78, 79, 80, 81, 82, 83, 84, 85, 86, 87, 88, 89, 90, 91, 92, 93, 94, 95, 96, 97, 98, 99, 100, 101, 102, 485, 486, 487, 488, 489, 490, 491, 492, 493, 494, 495, 496, 497, 498, 499, 500, 501, 502, 503, 504, 505, 506, 507, 508, 509, 510, 511, 512, 513, 514, 515, 516, 517, 518, 519, 520, 521, 522, 523, 524, 525, 526, 527, 528, 529, 530, 531, 532, 533, 534, 535, 536, 537, 538, 539, 540, 541, 542, 543, 544, 545, 546, 547, 548, 549, 550, 551, 552, 553, 554, 555, 556, 557, 558, 559, 560, 561, 562, 563, 564, 565, 566, 567, 568, 569, 570, 571, 572, 573]","[4, 11, 18, 21, 23, 26, 27, 28, 31, 35, 36, 43, 45, 52, 55, 56, 60, 62, 64, 70, 71, 80, 90, 94, 97, 183, 197, 232, 334, 426, 455, 472, 477, 478, 480, 483, 484, 490, 496, 505, 507, 509, 510, 511, 514, 516, 517, 523, 525, 529, 532, 533, 536, 538, 545, 546, 552, 561, 565, 568, 654, 668, 696, 790, 857, 878, 902, 919, 928, 929, 932, 934, 935]",[],"[60, 536]","[0, 1, 2, 3, 4, 5, 6, 7, 8, 9, 10, 11, 12, 13, 14, 15, 16, 17, 18, 19, 20, 21, 22, 23, 536, 24, 25, 26, 27, 28, 29, 30, 31, 32, 33, 34, 35, 36, 37, 38, 39, 40, 41, 42, 43, 44, 45, 46, 47, 48, 49, 50, 51, 52, 53, 54, 55, 56, 57, 58, 60, 59, 61, 62, 63, 64, 65, 66, 67, 68, 69, 70, 71, 72, 73, 74, 75, 76, 77, 78, 79, 80, 81, 82, 83, 84, 85, 86, 87, 88, 89, 90, 91, 92, 93, 94, 95, 96, 97, 98, 99, 100, 101, 102, 528, 529, 530, 513, 531, 532, 533, 534, 535, 514, 537, 654, 538, 662, 539, 668, 540, 515, 541, 542, 543, 544, 545, 183, 696, 516, 546, 191, 547, 197, 548, 549, 550, 517, 551, 552, 553, 554, 232, 555, 518, 556, 557, 558, 559, 560, 519, 561, 562, 563, 564, 790, 565, 520, 566, 567, 568, 569, 570, 521, 571, 572, 573, 334, 522, 857, 523, 878, 524, 902, 919, 525, 928, 929, 932, 934, 935, 426, 512, 526, 455, 527, 472, 477, 478, 480, 483, 484, 485, 486, 487, 488, 489, 490, 491, 492, 493, 494, 495, 496, 497, 498, 499, 500, 501, 502, 503, 504, 505, 506, 507, 508, 509, 510, 511]",True,"[4, 60, 490, 536]","[0, 1, 2, 3, 4, 5, 6, 7, 8, 9, 10, 11, 12, 13, 14, 15, 16, 17, 18, 19, 20, 21, 22, 23, 24, 25, 26, 27, 28, 29, 30, 31, 32, 33, 34, 35, 36, 37, 38, 39, 40, 41, 42, 43, 44, 45, 46, 47, 48, 49, 50, 51, 52, 53, 54, 55, 56, 57, 58, 59, 60, 61, 62, 63, 64, 65, 66, 67, 68, 69, 70, 71, 72, 73, 74, 75, 76, 77, 78, 79, 80, 81, 82, 83, 84, 85, 86, 87, 88, 89, 90, 91, 92, 93, 94, 95, 96, 97, 98, 99, 100, 101, 102, 485, 486, 487, 488, 489, 490, 491, 492, 493, 494, 495, 496, 497, 498, 499, 500, 501, 502, 503, 504, 505, 506, 507, 508, 509, 510, 511, 512, 513, 514, 515, 516, 517, 518, 519, 520, 521, 522, 523, 524, 525, 526, 527, 528, 529, 530, 531, 532, 533, 534, 535, 536, 537, 538, 539, 540, 541, 542, 543, 544, 545, 546, 547, 548, 549, 550, 551, 552, 553, 554, 555, 556, 557, 558, 559, 560, 561, 562, 563, 564, 565, 566, 567, 568, 569, 570, 571, 572, 573]","[4, 60, 490, 536]","[60, 191, 536, 662]","[4, 11, 18, 21, 23, 26, 27, 28, 31, 35, 36, 43, 45, 52, 55, 56, 60, 62, 64, 70, 71, 80, 90, 94, 97, 183, 197, 232, 334, 426, 455, 472, 477, 478, 480, 483, 484, 490, 496, 505, 507, 509, 510, 511, 514, 516, 517, 523, 525, 529, 532, 533, 536, 538, 545, 546, 552, 561, 565, 568, 654, 668, 696, 790, 857, 878, 902, 919, 928, 929, 932, 934, 935]","[60, 536]",[],7/6 successful match,True,"[242, 243, 244, 245]",True,192,False,,,,,
"D Navajo , 86502 Navajo Travel Center ( Shell )",928-688-2334 I-40 <U+00C9>xit 325,- S <U+2610> <U+2610>,Navajo,86502,Navajo Travel Center ( Shell ),928-688-2334,2007,Chambers,AZ,Shell,,I-40 <U+00C9>xit 325,Exit,325,False,,False,I-40,,,,,"[536, 60]","[4, 60, 490, 536]","[4, 60, 490, 536]","[60, 191, 536, 662]","[0, 1, 2, 3, 4, 5, 6, 7, 8, 9, 10, 11, 12, 13, 14, 15, 16, 17, 18, 19, 20, 21, 22, 23, 24, 25, 26, 27, 28, 29, 30, 31, 32, 33, 34, 35, 36, 37, 38, 39, 40, 41, 42, 43, 44, 45, 46, 47, 48, 49, 50, 51, 52, 53, 54, 55, 56, 57, 58, 59, 60, 61, 62, 63, 64, 65, 66, 67, 68, 69, 70, 71, 72, 73, 74, 75, 76, 77, 78, 79, 80, 81, 82, 83, 84, 85, 86, 87, 88, 89, 90, 91, 92, 93, 94, 95, 96, 97, 98, 99, 100, 101, 102, 485, 486, 487, 488, 489, 490, 491, 492, 493, 494, 495, 496, 497, 498, 499, 500, 501, 502, 503, 504, 505, 506, 507, 508, 509, 510, 511, 512, 513, 514, 515, 516, 517, 518, 519, 520, 521, 522, 523, 524, 525, 526, 527, 528, 529, 530, 531, 532, 533, 534, 535, 536, 537, 538, 539, 540, 541, 542, 543, 544, 545, 546, 547, 548, 549, 550, 551, 552, 553, 554, 555, 556, 557, 558, 559, 560, 561, 562, 563, 564, 565, 566, 567, 568, 569, 570, 571, 572, 573]","[4, 11, 18, 21, 23, 26, 27, 28, 31, 35, 36, 43, 45, 52, 55, 56, 60, 62, 64, 70, 71, 80, 90, 94, 97, 183, 197, 232, 334, 426, 455, 472, 477, 478, 480, 483, 484, 490, 496, 505, 507, 509, 510, 511, 514, 516, 517, 523, 525, 529, 532, 533, 536, 538, 545, 546, 552, 561, 565, 568, 654, 668, 696, 790, 857, 878, 902, 919, 928, 929, 932, 934, 935]","[1, 13, 14, 29, 54, 55, 56, 57, 58, 60, 102, 118, 125, 127, 130, 134, 146, 149, 153, 175, 182, 187, 189, 191, 197, 225, 230, 238, 264, 265, 266, 286, 302, 317, 336, 379, 388, 389, 425, 454, 458, 463, 475, 487, 498, 499, 512, 530, 531, 532, 533, 534, 536, 573, 589, 596, 598, 601, 605, 617, 620, 624, 646, 653, 658, 660, 662, 668, 689, 694, 702, 724, 725, 745, 760, 775, 793, 829, 838, 839, 877, 901, 903, 905, 910, 923]","[1, 13, 14, 29, 54, 55, 56, 57, 58, 60, 102, 118, 125, 127, 130, 134, 146, 149, 153, 175, 182, 187, 189, 191, 197, 225, 230, 238, 264, 265, 266, 286, 302, 317, 336, 354, 379, 388, 389, 425, 454, 458, 463, 475, 487, 498, 499, 512, 530, 531, 532, 533, 534, 536, 573, 589, 596, 598, 601, 605, 617, 620, 624, 646, 653, 658, 660, 662, 668, 689, 694, 702, 724, 725, 745, 760, 775, 793, 809, 829, 838, 839, 877, 901, 903, 905, 910, 923]","[0, 1, 2, 3, 4, 5, 6, 7, 8, 9, 10, 11, 12, 13, 14, 15, 16, 17, 18, 19, 20, 21, 22, 23, 536, 24, 25, 26, 27, 28, 29, 30, 31, 32, 33, 34, 35, 36, 37, 38, 39, 40, 41, 42, 43, 44, 45, 46, 47, 48, 49, 50, 51, 52, 53, 54, 55, 56, 57, 58, 60, 59, 61, 62, 63, 64, 65, 66, 67, 68, 69, 70, 71, 72, 73, 74, 75, 76, 77, 78, 79, 80, 81, 82, 83, 84, 85, 86, 87, 88, 89, 90, 91, 92, 93, 94, 95, 96, 97, 98, 99, 100, 101, 102, 528, 529, 617, 530, 620, 513, 531, 624, 532, 118, 533, 125, 534, 127, 130, 535, 134, 646, 514, 653, 537, 654, 146, 538, 658, 149, 662, 660, 539, 153, 668, 540, 515, 541, 542, 543, 175, 689, 544, 182, 545, 183, 696, 516, 187, 546, 189, 694, 191, 702, 547, 197, 548, 549, 550, 517, 724, 551, 725, 552, 553, 225, 554, 230, 232, 555, 745, 518, 556, 238, 557, 558, 760, 559, 560, 519, 561, 264, 265, 266, 775, 562, 563, 564, 790, 793, 565, 520, 286, 566, 567, 809, 568, 302, 569, 570, 521, 571, 317, 572, 829, 573, 838, 839, 334, 522, 336, 857, 354, 523, 877, 878, 605, 379, 524, 388, 389, 902, 901, 903, 905, 910, 589, 919, 525, 923, 928, 929, 932, 934, 935, 425, 426, 512, 526, 596, 598, 454, 455, 458, 527, 463, 601, 472, 475, 477, 478, 480, 483, 484, 485, 486, 487, 488, 489, 490, 491, 492, 493, 494, 495, 496, 497, 498, 499, 500, 501, 502, 503, 504, 505, 506, 507, 508, 509, 510, 511]",True,"[4, 60, 490, 536]","[0, 1, 2, 3, 4, 5, 6, 7, 8, 9, 10, 11, 12, 13, 14, 15, 16, 17, 18, 19, 20, 21, 22, 23, 24, 25, 26, 27, 28, 29, 30, 31, 32, 33, 34, 35, 36, 37, 38, 39, 40, 41, 42, 43, 44, 45, 46, 47, 48, 49, 50, 51, 52, 53, 54, 55, 56, 57, 58, 59, 60, 61, 62, 63, 64, 65, 66, 67, 68, 69, 70, 71, 72, 73, 74, 75, 76, 77, 78, 79, 80, 81, 82, 83, 84, 85, 86, 87, 88, 89, 90, 91, 92, 93, 94, 95, 96, 97, 98, 99, 100, 101, 102, 485, 486, 487, 488, 489, 490, 491, 492, 493, 494, 495, 496, 497, 498, 499, 500, 501, 502, 503, 504, 505, 506, 507, 508, 509, 510, 511, 512, 513, 514, 515, 516, 517, 518, 519, 520, 521, 522, 523, 524, 525, 526, 527, 528, 529, 530, 531, 532, 533, 534, 535, 536, 537, 538, 539, 540, 541, 542, 543, 544, 545, 546, 547, 548, 549, 550, 551, 552, 553, 554, 555, 556, 557, 558, 559, 560, 561, 562, 563, 564, 565, 566, 567, 568, 569, 570, 571, 572, 573]","[4, 60, 490, 536]","[60, 191, 536, 662]","[4, 11, 18, 21, 23, 26, 27, 28, 31, 35, 36, 43, 45, 52, 55, 56, 60, 62, 64, 70, 71, 80, 90, 94, 97, 183, 197, 232, 334, 426, 455, 472, 477, 478, 480, 483, 484, 490, 496, 505, 507, 509, 510, 511, 514, 516, 517, 523, 525, 529, 532, 533, 536, 538, 545, 546, 552, 561, 565, 568, 654, 668, 696, 790, 857, 878, 902, 919, 928, 929, 932, 934, 935]","[1, 13, 14, 29, 54, 55, 56, 57, 58, 60, 102, 118, 125, 127, 130, 134, 146, 149, 153, 175, 182, 187, 189, 191, 197, 225, 230, 238, 264, 265, 266, 286, 302, 317, 336, 354, 379, 388, 389, 425, 454, 458, 463, 475, 487, 498, 499, 512, 530, 531, 532, 533, 534, 536, 573, 589, 596, 598, 601, 605, 617, 620, 624, 646, 653, 658, 660, 662, 668, 689, 694, 702, 724, 725, 745, 760, 775, 793, 809, 829, 838, 839, 877, 901, 903, 905, 910, 923]","[1, 13, 14, 29, 54, 55, 56, 57, 58, 60, 102, 118, 125, 127, 130, 134, 146, 149, 153, 175, 182, 187, 189, 191, 197, 225, 230, 238, 264, 265, 266, 286, 302, 317, 336, 379, 388, 389, 425, 454, 458, 463, 475, 487, 498, 499, 512, 530, 531, 532, 533, 534, 536, 573, 589, 596, 598, 601, 605, 617, 620, 624, 646, 653, 658, 660, 662, 668, 689, 694, 702, 724, 725, 745, 760, 775, 793, 829, 838, 839, 877, 901, 903, 905, 910, 923]",7/6 successful match,True,"[242, 243, 244, 245]",True,192,False,,1.0,False,Navajo Travel Center ( BP ),BP
"Navajo , 86502 Navajo Travel Center ( Shell )",7 928-688-2334 I-40 Exit 325,"24 HRS S "" <U+2610>",Navajo,86502,Navajo Travel Center ( Shell ),928-688-2334,2008,Chambers,AZ,Shell,,I-40 Exit 325,Exit,325,False,,False,I-40,,,,,"[536, 60]","[4, 60, 490, 536]","[4, 60, 490, 536]","[60, 191, 536, 662]","[0, 1, 2, 3, 4, 5, 6, 7, 8, 9, 10, 11, 12, 13, 14, 15, 16, 17, 18, 19, 20, 21, 22, 23, 24, 25, 26, 27, 28, 29, 30, 31, 32, 33, 34, 35, 36, 37, 38, 39, 40, 41, 42, 43, 44, 45, 46, 47, 48, 49, 50, 51, 52, 53, 54, 55, 56, 57, 58, 59, 60, 61, 62, 63, 64, 65, 66, 67, 68, 69, 70, 71, 72, 73, 74, 75, 76, 77, 78, 79, 80, 81, 82, 83, 84, 85, 86, 87, 88, 89, 90, 91, 92, 93, 94, 95, 96, 97, 98, 99, 100, 101, 102, 485, 486, 487, 488, 489, 490, 491, 492, 493, 494, 495, 496, 497, 498, 499, 500, 501, 502, 503, 504, 505, 506, 507, 508, 509, 510, 511, 512, 513, 514, 515, 516, 517, 518, 519, 520, 521, 522, 523, 524, 525, 526, 527, 528, 529, 530, 531, 532, 533, 534, 535, 536, 537, 538, 539, 540, 541, 542, 543, 544, 545, 546, 547, 548, 549, 550, 551, 552, 553, 554, 555, 556, 557, 558, 559, 560, 561, 562, 563, 564, 565, 566, 567, 568, 569, 570, 571, 572, 573]","[4, 11, 18, 21, 23, 26, 27, 28, 31, 35, 36, 43, 45, 52, 55, 56, 60, 62, 64, 70, 71, 80, 90, 94, 97, 183, 197, 232, 334, 426, 455, 472, 477, 478, 480, 483, 484, 490, 496, 505, 507, 509, 510, 511, 514, 516, 517, 523, 525, 529, 532, 533, 536, 538, 545, 546, 552, 561, 565, 568, 654, 668, 696, 790, 857, 878, 902, 919, 928, 929, 932, 934, 935]","[1, 13, 14, 29, 54, 55, 56, 57, 58, 60, 102, 118, 125, 127, 130, 134, 146, 149, 153, 175, 182, 187, 189, 191, 197, 225, 230, 238, 264, 265, 266, 286, 302, 317, 336, 379, 388, 389, 425, 454, 458, 463, 475, 487, 498, 499, 512, 530, 531, 532, 533, 534, 536, 573, 589, 596, 598, 601, 605, 617, 620, 624, 646, 653, 658, 660, 662, 668, 689, 694, 702, 724, 725, 745, 760, 775, 793, 829, 838, 839, 877, 901, 903, 905, 910, 923]","[1, 13, 14, 29, 54, 55, 56, 57, 58, 60, 102, 118, 125, 127, 130, 134, 146, 149, 153, 175, 182, 187, 189, 191, 197, 225, 230, 238, 264, 265, 266, 286, 302, 317, 336, 354, 379, 388, 389, 425, 454, 458, 463, 475, 487, 498, 499, 512, 530, 531, 532, 533, 534, 536, 573, 589, 596, 598, 601, 605, 617, 620, 624, 646, 653, 658, 660, 662, 668, 689, 694, 702, 724, 725, 745, 760, 775, 793, 809, 829, 838, 839, 877, 901, 903, 905, 910, 923]","[0, 1, 2, 3, 4, 5, 6, 7, 8, 9, 10, 11, 12, 13, 14, 15, 16, 17, 18, 19, 20, 21, 22, 23, 536, 24, 25, 26, 27, 28, 29, 30, 31, 32, 33, 34, 35, 36, 37, 38, 39, 40, 41, 42, 43, 44, 45, 46, 47, 48, 49, 50, 51, 52, 53, 54, 55, 56, 57, 58, 60, 59, 61, 62, 63, 64, 65, 66, 67, 68, 69, 70, 71, 72, 73, 74, 75, 76, 77, 78, 79, 80, 81, 82, 83, 84, 85, 86, 87, 88, 89, 90, 91, 92, 93, 94, 95, 96, 97, 98, 99, 100, 101, 102, 528, 529, 617, 530, 620, 513, 531, 624, 532, 118, 533, 125, 534, 127, 130, 535, 134, 646, 514, 653, 537, 654, 146, 538, 658, 149, 662, 660, 539, 153, 668, 540, 515, 541, 542, 543, 175, 689, 544, 182, 545, 183, 696, 516, 187, 546, 189, 694, 191, 702, 547, 197, 548, 549, 550, 517, 724, 551, 725, 552, 553, 225, 554, 230, 232, 555, 745, 518, 556, 238, 557, 558, 760, 559, 560, 519, 561, 264, 265, 266, 775, 562, 563, 564, 790, 793, 565, 520, 286, 566, 567, 809, 568, 302, 569, 570, 521, 571, 317, 572, 829, 573, 838, 839, 334, 522, 336, 857, 354, 523, 877, 878, 605, 379, 524, 388, 389, 902, 901, 903, 905, 910, 589, 919, 525, 923, 928, 929, 932, 934, 935, 425, 426, 512, 526, 596, 598, 454, 455, 458, 527, 463, 601, 472, 475, 477, 478, 480, 483, 484, 485, 486, 487, 488, 489, 490, 491, 492, 493, 494, 495, 496, 497, 498, 499, 500, 501, 502, 503, 504, 505, 506, 507, 508, 509, 510, 511]",True,"[4, 60, 490, 536]","[0, 1, 2, 3, 4, 5, 6, 7, 8, 9, 10, 11, 12, 13, 14, 15, 16, 17, 18, 19, 20, 21, 22, 23, 24, 25, 26, 27, 28, 29, 30, 31, 32, 33, 34, 35, 36, 37, 38, 39, 40, 41, 42, 43, 44, 45, 46, 47, 48, 49, 50, 51, 52, 53, 54, 55, 56, 57, 58, 59, 60, 61, 62, 63, 64, 65, 66, 67, 68, 69, 70, 71, 72, 73, 74, 75, 76, 77, 78, 79, 80, 81, 82, 83, 84, 85, 86, 87, 88, 89, 90, 91, 92, 93, 94, 95, 96, 97, 98, 99, 100, 101, 102, 485, 486, 487, 488, 489, 490, 491, 492, 493, 494, 495, 496, 497, 498, 499, 500, 501, 502, 503, 504, 505, 506, 507, 508, 509, 510, 511, 512, 513, 514, 515, 516, 517, 518, 519, 520, 521, 522, 523, 524, 525, 526, 527, 528, 529, 530, 531, 532, 533, 534, 535, 536, 537, 538, 539, 540, 541, 542, 543, 544, 545, 546, 547, 548, 549, 550, 551, 552, 553, 554, 555, 556, 557, 558, 559, 560, 561, 562, 563, 564, 565, 566, 567, 568, 569, 570, 571, 572, 573]","[4, 60, 490, 536]","[60, 191, 536, 662]","[4, 11, 18, 21, 23, 26, 27, 28, 31, 35, 36, 43, 45, 52, 55, 56, 60, 62, 64, 70, 71, 80, 90, 94, 97, 183, 197, 232, 334, 426, 455, 472, 477, 478, 480, 483, 484, 490, 496, 505, 507, 509, 510, 511, 514, 516, 517, 523, 525, 529, 532, 533, 536, 538, 545, 546, 552, 561, 565, 568, 654, 668, 696, 790, 857, 878, 902, 919, 928, 929, 932, 934, 935]","[1, 13, 14, 29, 54, 55, 56, 57, 58, 60, 102, 118, 125, 127, 130, 134, 146, 149, 153, 175, 182, 187, 189, 191, 197, 225, 230, 238, 264, 265, 266, 286, 302, 317, 336, 354, 379, 388, 389, 425, 454, 458, 463, 475, 487, 498, 499, 512, 530, 531, 532, 533, 534, 536, 573, 589, 596, 598, 601, 605, 617, 620, 624, 646, 653, 658, 660, 662, 668, 689, 694, 702, 724, 725, 745, 760, 775, 793, 809, 829, 838, 839, 877, 901, 903, 905, 910, 923]","[1, 13, 14, 29, 54, 55, 56, 57, 58, 60, 102, 118, 125, 127, 130, 134, 146, 149, 153, 175, 182, 187, 189, 191, 197, 225, 230, 238, 264, 265, 266, 286, 302, 317, 336, 379, 388, 389, 425, 454, 458, 463, 475, 487, 498, 499, 512, 530, 531, 532, 533, 534, 536, 573, 589, 596, 598, 601, 605, 617, 620, 624, 646, 653, 658, 660, 662, 668, 689, 694, 702, 724, 725, 745, 760, 775, 793, 829, 838, 839, 877, 901, 903, 905, 910, 923]",7/6 successful match,True,"[242, 243, 244, 245]",True,192,False,,1.0,True,Navajo Travel Center ( Shell ),Shell
D Navajo ( 86502 ) Navajo Travel Center ( Shell ),928-688-2334 I-40 Exit 325,24 M <U+2610>,Navajo,86502,Navajo Travel Center ( Shell ),928-688-2334,2014,Chambers,AZ,Shell,,I-40 Exit 325,Exit,325,False,,False,I-40,,,,,"[536, 60]","[4, 60, 490, 536]","[4, 60, 490, 536]","[60, 191, 536, 662]","[0, 1, 2, 3, 4, 5, 6, 7, 8, 9, 10, 11, 12, 13, 14, 15, 16, 17, 18, 19, 20, 21, 22, 23, 24, 25, 26, 27, 28, 29, 30, 31, 32, 33, 34, 35, 36, 37, 38, 39, 40, 41, 42, 43, 44, 45, 46, 47, 48, 49, 50, 51, 52, 53, 54, 55, 56, 57, 58, 59, 60, 61, 62, 63, 64, 65, 66, 67, 68, 69, 70, 71, 72, 73, 74, 75, 76, 77, 78, 79, 80, 81, 82, 83, 84, 85, 86, 87, 88, 89, 90, 91, 92, 93, 94, 95, 96, 97, 98, 99, 100, 101, 102, 485, 486, 487, 488, 489, 490, 491, 492, 493, 494, 495, 496, 497, 498, 499, 500, 501, 502, 503, 504, 505, 506, 507, 508, 509, 510, 511, 512, 513, 514, 515, 516, 517, 518, 519, 520, 521, 522, 523, 524, 525, 526, 527, 528, 529, 530, 531, 532, 533, 534, 535, 536, 537, 538, 539, 540, 541, 542, 543, 544, 545, 546, 547, 548, 549, 550, 551, 552, 553, 554, 555, 556, 557, 558, 559, 560, 561, 562, 563, 564, 565, 566, 567, 568, 569, 570, 571, 572, 573]","[4, 11, 18, 21, 23, 26, 27, 28, 31, 35, 36, 43, 45, 52, 55, 56, 60, 62, 64, 70, 71, 80, 90, 94, 97, 183, 197, 232, 334, 426, 455, 472, 477, 478, 480, 483, 484, 490, 496, 505, 507, 509, 510, 511, 514, 516, 517, 523, 525, 529, 532, 533, 536, 538, 545, 546, 552, 561, 565, 568, 654, 668, 696, 790, 857, 878, 902, 919, 928, 929, 932, 934, 935]","[1, 13, 14, 29, 54, 55, 56, 57, 58, 60, 102, 118, 125, 127, 130, 134, 146, 149, 153, 175, 182, 187, 189, 191, 197, 225, 230, 238, 264, 265, 266, 286, 302, 317, 336, 379, 388, 389, 425, 454, 458, 463, 475, 487, 498, 499, 512, 530, 531, 532, 533, 534, 536, 573, 589, 596, 598, 601, 605, 617, 620, 624, 646, 653, 658, 660, 662, 668, 689, 694, 702, 724, 725, 745, 760, 775, 793, 829, 838, 839, 877, 901, 903, 905, 910, 923]","[1, 13, 14, 29, 54, 55, 56, 57, 58, 60, 102, 118, 125, 127, 130, 134, 146, 149, 153, 175, 182, 187, 189, 191, 197, 225, 230, 238, 264, 265, 266, 286, 302, 317, 336, 354, 379, 388, 389, 425, 454, 458, 463, 475, 487, 498, 499, 512, 530, 531, 532, 533, 534, 536, 573, 589, 596, 598, 601, 605, 617, 620, 624, 646, 653, 658, 660, 662, 668, 689, 694, 702, 724, 725, 745, 760, 775, 793, 809, 829, 838, 839, 877, 901, 903, 905, 910, 923]","[0, 1, 2, 3, 4, 5, 6, 7, 8, 9, 10, 11, 12, 13, 14, 15, 16, 17, 18, 19, 20, 21, 22, 23, 536, 24, 25, 26, 27, 28, 29, 30, 31, 32, 33, 34, 35, 36, 37, 38, 39, 40, 41, 42, 43, 44, 45, 46, 47, 48, 49, 50, 51, 52, 53, 54, 55, 56, 57, 58, 60, 59, 61, 62, 63, 64, 65, 66, 67, 68, 69, 70, 71, 72, 73, 74, 75, 76, 77, 78, 79, 80, 81, 82, 83, 84, 85, 86, 87, 88, 89, 90, 91, 92, 93, 94, 95, 96, 97, 98, 99, 100, 101, 102, 528, 529, 617, 530, 620, 513, 531, 624, 532, 118, 533, 125, 534, 127, 130, 535, 134, 646, 514, 653, 537, 654, 146, 538, 658, 149, 662, 660, 539, 153, 668, 540, 515, 541, 542, 543, 175, 689, 544, 182, 545, 183, 696, 516, 187, 546, 189, 694, 191, 702, 547, 197, 548, 549, 550, 517, 724, 551, 725, 552, 553, 225, 554, 230, 232, 555, 745, 518, 556, 238, 557, 558, 760, 559, 560, 519, 561, 264, 265, 266, 775, 562, 563, 564, 790, 793, 565, 520, 286, 566, 567, 809, 568, 302, 569, 570, 521, 571, 317, 572, 829, 573, 838, 839, 334, 522, 336, 857, 354, 523, 877, 878, 605, 379, 524, 388, 389, 902, 901, 903, 905, 910, 589, 919, 525, 923, 928, 929, 932, 934, 935, 425, 426, 512, 526, 596, 598, 454, 455, 458, 527, 463, 601, 472, 475, 477, 478, 480, 483, 484, 485, 486, 487, 488, 489, 490, 491, 492, 493, 494, 495, 496, 497, 498, 499, 500, 501, 502, 503, 504, 505, 506, 507, 508, 509, 510, 511]",True,"[4, 60, 490, 536]","[0, 1, 2, 3, 4, 5, 6, 7, 8, 9, 10, 11, 12, 13, 14, 15, 16, 17, 18, 19, 20, 21, 22, 23, 24, 25, 26, 27, 28, 29, 30, 31, 32, 33, 34, 35, 36, 37, 38, 39, 40, 41, 42, 43, 44, 45, 46, 47, 48, 49, 50, 51, 52, 53, 54, 55, 56, 57, 58, 59, 60, 61, 62, 63, 64, 65, 66, 67, 68, 69, 70, 71, 72, 73, 74, 75, 76, 77, 78, 79, 80, 81, 82, 83, 84, 85, 86, 87, 88, 89, 90, 91, 92, 93, 94, 95, 96, 97, 98, 99, 100, 101, 102, 485, 486, 487, 488, 489, 490, 491, 492, 493, 494, 495, 496, 497, 498, 499, 500, 501, 502, 503, 504, 505, 506, 507, 508, 509, 510, 511, 512, 513, 514, 515, 516, 517, 518, 519, 520, 521, 522, 523, 524, 525, 526, 527, 528, 529, 530, 531, 532, 533, 534, 535, 536, 537, 538, 539, 540, 541, 542, 543, 544, 545, 546, 547, 548, 549, 550, 551, 552, 553, 554, 555, 556, 557, 558, 559, 560, 561, 562, 563, 564, 565, 566, 567, 568, 569, 570, 571, 572, 573]","[4, 60, 490, 536]","[60, 191, 536, 662]","[4, 11, 18, 21, 23, 26, 27, 28, 31, 35, 36, 43, 45, 52, 55, 56, 60, 62, 64, 70, 71, 80, 90, 94, 97, 183, 197, 232, 334, 426, 455, 472, 477, 478, 480, 483, 484, 490, 496, 505, 507, 509, 510, 511, 514, 516, 517, 523, 525, 529, 532, 533, 536, 538, 545, 546, 552, 561, 565, 568, 654, 668, 696, 790, 857, 878, 902, 919, 928, 929, 932, 934, 935]","[1, 13, 14, 29, 54, 55, 56, 57, 58, 60, 102, 118, 125, 127, 130, 134, 146, 149, 153, 175, 182, 187, 189, 191, 197, 225, 230, 238, 264, 265, 266, 286, 302, 317, 336, 354, 379, 388, 389, 425, 454, 458, 463, 475, 487, 498, 499, 512, 530, 531, 532, 533, 534, 536, 573, 589, 596, 598, 601, 605, 617, 620, 624, 646, 653, 658, 660, 662, 668, 689, 694, 702, 724, 725, 745, 760, 775, 793, 809, 829, 838, 839, 877, 901, 903, 905, 910, 923]","[1, 13, 14, 29, 54, 55, 56, 57, 58, 60, 102, 118, 125, 127, 130, 134, 146, 149, 153, 175, 182, 187, 189, 191, 197, 225, 230, 238, 264, 265, 266, 286, 302, 317, 336, 379, 388, 389, 425, 454, 458, 463, 475, 487, 498, 499, 512, 530, 531, 532, 533, 534, 536, 573, 589, 596, 598, 601, 605, 617, 620, 624, 646, 653, 658, 660, 662, 668, 689, 694, 702, 724, 725, 745, 760, 775, 793, 829, 838, 839, 877, 901, 903, 905, 910, 923]",7/6 successful match,True,"[242, 243, 244, 245]",True,192,False,,1.0,True,Navajo Travel Center ( Shell ),Shell
D Navajo ( 86502 ) Navajo Travel Center ( Shell ),7 928-688-2334 I-40 Exit 325,24 M <U+2610> <U+25A1>,Navajo,86502,Navajo Travel Center ( Shell ),928-688-2334,2015,Chambers,AZ,Shell,,I-40 Exit 325,Exit,325,False,,False,I-40,,,,,"[536, 60]","[4, 60, 490, 536]","[4, 60, 490, 536]","[60, 191, 536, 662]","[0, 1, 2, 3, 4, 5, 6, 7, 8, 9, 10, 11, 12, 13, 14, 15, 16, 17, 18, 19, 20, 21, 22, 23, 24, 25, 26, 27, 28, 29, 30, 31, 32, 33, 34, 35, 36, 37, 38, 39, 40, 41, 42, 43, 44, 45, 46, 47, 48, 49, 50, 51, 52, 53, 54, 55, 56, 57, 58, 59, 60, 61, 62, 63, 64, 65, 66, 67, 68, 69, 70, 71, 72, 73, 74, 75, 76, 77, 78, 79, 80, 81, 82, 83, 84, 85, 86, 87, 88, 89, 90, 91, 92, 93, 94, 95, 96, 97, 98, 99, 100, 101, 102, 485, 486, 487, 488, 489, 490, 491, 492, 493, 494, 495, 496, 497, 498, 499, 500, 501, 502, 503, 504, 505, 506, 507, 508, 509, 510, 511, 512, 513, 514, 515, 516, 517, 518, 519, 520, 521, 522, 523, 524, 525, 526, 527, 528, 529, 530, 531, 532, 533, 534, 535, 536, 537, 538, 539, 540, 541, 542, 543, 544, 545, 546, 547, 548, 549, 550, 551, 552, 553, 554, 555, 556, 557, 558, 559, 560, 561, 562, 563, 564, 565, 566, 567, 568, 569, 570, 571, 572, 573]","[4, 11, 18, 21, 23, 26, 27, 28, 31, 35, 36, 43, 45, 52, 55, 56, 60, 62, 64, 70, 71, 80, 90, 94, 97, 183, 197, 232, 334, 426, 455, 472, 477, 478, 480, 483, 484, 490, 496, 505, 507, 509, 510, 511, 514, 516, 517, 523, 525, 529, 532, 533, 536, 538, 545, 546, 552, 561, 565, 568, 654, 668, 696, 790, 857, 878, 902, 919, 928, 929, 932, 934, 935]","[1, 13, 14, 29, 54, 55, 56, 57, 58, 60, 102, 118, 125, 127, 130, 134, 146, 149, 153, 175, 182, 187, 189, 191, 197, 225, 230, 238, 264, 265, 266, 286, 302, 317, 336, 379, 388, 389, 425, 454, 458, 463, 475, 487, 498, 499, 512, 530, 531, 532, 533, 534, 536, 573, 589, 596, 598, 601, 605, 617, 620, 624, 646, 653, 658, 660, 662, 668, 689, 694, 702, 724, 725, 745, 760, 775, 793, 829, 838, 839, 877, 901, 903, 905, 910, 923]","[1, 13, 14, 29, 54, 55, 56, 57, 58, 60, 102, 118, 125, 127, 130, 134, 146, 149, 153, 175, 182, 187, 189, 191, 197, 225, 230, 238, 264, 265, 266, 286, 302, 317, 336, 354, 379, 388, 389, 425, 454, 458, 463, 475, 487, 498, 499, 512, 530, 531, 532, 533, 534, 536, 573, 589, 596, 598, 601, 605, 617, 620, 624, 646, 653, 658, 660, 662, 668, 689, 694, 702, 724, 725, 745, 760, 775, 793, 809, 829, 838, 839, 877, 901, 903, 905, 910, 923]","[0, 1, 2, 3, 4, 5, 6, 7, 8, 9, 10, 11, 12, 13, 14, 15, 16, 17, 18, 19, 20, 21, 22, 23, 536, 24, 25, 26, 27, 28, 29, 30, 31, 32, 33, 34, 35, 36, 37, 38, 39, 40, 41, 42, 43, 44, 45, 46, 47, 48, 49, 50, 51, 52, 53, 54, 55, 56, 57, 58, 60, 59, 61, 62, 63, 64, 65, 66, 67, 68, 69, 70, 71, 72, 73, 74, 75, 76, 77, 78, 79, 80, 81, 82, 83, 84, 85, 86, 87, 88, 89, 90, 91, 92, 93, 94, 95, 96, 97, 98, 99, 100, 101, 102, 528, 529, 617, 530, 620, 513, 531, 624, 532, 118, 533, 125, 534, 127, 130, 535, 134, 646, 514, 653, 537, 654, 146, 538, 658, 149, 662, 660, 539, 153, 668, 540, 515, 541, 542, 543, 175, 689, 544, 182, 545, 183, 696, 516, 187, 546, 189, 694, 191, 702, 547, 197, 548, 549, 550, 517, 724, 551, 725, 552, 553, 225, 554, 230, 232, 555, 745, 518, 556, 238, 557, 558, 760, 559, 560, 519, 561, 264, 265, 266, 775, 562, 563, 564, 790, 793, 565, 520, 286, 566, 567, 809, 568, 302, 569, 570, 521, 571, 317, 572, 829, 573, 838, 839, 334, 522, 336, 857, 354, 523, 877, 878, 605, 379, 524, 388, 389, 902, 901, 903, 905, 910, 589, 919, 525, 923, 928, 929, 932, 934, 935, 425, 426, 512, 526, 596, 598, 454, 455, 458, 527, 463, 601, 472, 475, 477, 478, 480, 483, 484, 485, 486, 487, 488, 489, 490, 491, 492, 493, 494, 495, 496, 497, 498, 499, 500, 501, 502, 503, 504, 505, 506, 507, 508, 509, 510, 511]",True,"[4, 60, 490, 536]","[0, 1, 2, 3, 4, 5, 6, 7, 8, 9, 10, 11, 12, 13, 14, 15, 16, 17, 18, 19, 20, 21, 22, 23, 24, 25, 26, 27, 28, 29, 30, 31, 32, 33, 34, 35, 36, 37, 38, 39, 40, 41, 42, 43, 44, 45, 46, 47, 48, 49, 50, 51, 52, 53, 54, 55, 56, 57, 58, 59, 60, 61, 62, 63, 64, 65, 66, 67, 68, 69, 70, 71, 72, 73, 74, 75, 76, 77, 78, 79, 80, 81, 82, 83, 84, 85, 86, 87, 88, 89, 90, 91, 92, 93, 94, 95, 96, 97, 98, 99, 100, 101, 102, 485, 486, 487, 488, 489, 490, 491, 492, 493, 494, 495, 496, 497, 498, 499, 500, 501, 502, 503, 504, 505, 506, 507, 508, 509, 510, 511, 512, 513, 514, 515, 516, 517, 518, 519, 520, 521, 522, 523, 524, 525, 526, 527, 528, 529, 530, 531, 532, 533, 534, 535, 536, 537, 538, 539, 540, 541, 542, 543, 544, 545, 546, 547, 548, 549, 550, 551, 552, 553, 554, 555, 556, 557, 558, 559, 560, 561, 562, 563, 564, 565, 566, 567, 568, 569, 570, 571, 572, 573]","[4, 60, 490, 536]","[60, 191, 536, 662]","[4, 11, 18, 21, 23, 26, 27, 28, 31, 35, 36, 43, 45, 52, 55, 56, 60, 62, 64, 70, 71, 80, 90, 94, 97, 183, 197, 232, 334, 426, 455, 472, 477, 478, 480, 483, 484, 490, 496, 505, 507, 509, 510, 511, 514, 516, 517, 523, 525, 529, 532, 533, 536, 538, 545, 546, 552, 561, 565, 568, 654, 668, 696, 790, 857, 878, 902, 919, 928, 929, 932, 934, 935]","[1, 13, 14, 29, 54, 55, 56, 57, 58, 60, 102, 118, 125, 127, 130, 134, 146, 149, 153, 175, 182, 187, 189, 191, 197, 225, 230, 238, 264, 265, 266, 286, 302, 317, 336, 354, 379, 388, 389, 425, 454, 458, 463, 475, 487, 498, 499, 512, 530, 531, 532, 533, 534, 536, 573, 589, 596, 598, 601, 605, 617, 620, 624, 646, 653, 658, 660, 662, 668, 689, 694, 702, 724, 725, 745, 760, 775, 793, 809, 829, 838, 839, 877, 901, 903, 905, 910, 923]","[1, 13, 14, 29, 54, 55, 56, 57, 58, 60, 102, 118, 125, 127, 130, 134, 146, 149, 153, 175, 182, 187, 189, 191, 197, 225, 230, 238, 264, 265, 266, 286, 302, 317, 336, 379, 388, 389, 425, 454, 458, 463, 475, 487, 498, 499, 512, 530, 531, 532, 533, 534, 536, 573, 589, 596, 598, 601, 605, 617, 620, 624, 646, 653, 658, 660, 662, 668, 689, 694, 702, 724, 725, 745, 760, 775, 793, 829, 838, 839, 877, 901, 903, 905, 910, 923]",7/6 successful match,True,"[242, 243, 244, 245]",True,192,False,,1.0,True,Navajo Travel Center ( Shell ),Shell
D Navajo ( 86502 ) Navajo Travel Center ( Shell ),928-688-2334 I-40 Exit 325,24 M <U+2610> <U+25A1>,Navajo,86502,Navajo Travel Center ( Shell ),928-688-2334,2016,Chambers,AZ,Shell,,I-40 Exit 325,Exit,325,False,,False,I-40,,,,,"[536, 60]","[4, 60, 490, 536]","[4, 60, 490, 536]","[60, 191, 536, 662]","[0, 1, 2, 3, 4, 5, 6, 7, 8, 9, 10, 11, 12, 13, 14, 15, 16, 17, 18, 19, 20, 21, 22, 23, 24, 25, 26, 27, 28, 29, 30, 31, 32, 33, 34, 35, 36, 37, 38, 39, 40, 41, 42, 43, 44, 45, 46, 47, 48, 49, 50, 51, 52, 53, 54, 55, 56, 57, 58, 59, 60, 61, 62, 63, 64, 65, 66, 67, 68, 69, 70, 71, 72, 73, 74, 75, 76, 77, 78, 79, 80, 81, 82, 83, 84, 85, 86, 87, 88, 89, 90, 91, 92, 93, 94, 95, 96, 97, 98, 99, 100, 101, 102, 485, 486, 487, 488, 489, 490, 491, 492, 493, 494, 495, 496, 497, 498, 499, 500, 501, 502, 503, 504, 505, 506, 507, 508, 509, 510, 511, 512, 513, 514, 515, 516, 517, 518, 519, 520, 521, 522, 523, 524, 525, 526, 527, 528, 529, 530, 531, 532, 533, 534, 535, 536, 537, 538, 539, 540, 541, 542, 543, 544, 545, 546, 547, 548, 549, 550, 551, 552, 553, 554, 555, 556, 557, 558, 559, 560, 561, 562, 563, 564, 565, 566, 567, 568, 569, 570, 571, 572, 573]","[4, 11, 18, 21, 23, 26, 27, 28, 31, 35, 36, 43, 45, 52, 55, 56, 60, 62, 64, 70, 71, 80, 90, 94, 97, 183, 197, 232, 334, 426, 455, 472, 477, 478, 480, 483, 484, 490, 496, 505, 507, 509, 510, 511, 514, 516, 517, 523, 525, 529, 532, 533, 536, 538, 545, 546, 552, 561, 565, 568, 654, 668, 696, 790, 857, 878, 902, 919, 928, 929, 932, 934, 935]","[1, 13, 14, 29, 54, 55, 56, 57, 58, 60, 102, 118, 125, 127, 130, 134, 146, 149, 153, 175, 182, 187, 189, 191, 197, 225, 230, 238, 264, 265, 266, 286, 302, 317, 336, 379, 388, 389, 425, 454, 458, 463, 475, 487, 498, 499, 512, 530, 531, 532, 533, 534, 536, 573, 589, 596, 598, 601, 605, 617, 620, 624, 646, 653, 658, 660, 662, 668, 689, 694, 702, 724, 725, 745, 760, 775, 793, 829, 838, 839, 877, 901, 903, 905, 910, 923]","[1, 13, 14, 29, 54, 55, 56, 57, 58, 60, 102, 118, 125, 127, 130, 134, 146, 149, 153, 175, 182, 187, 189, 191, 197, 225, 230, 238, 264, 265, 266, 286, 302, 317, 336, 354, 379, 388, 389, 425, 454, 458, 463, 475, 487, 498, 499, 512, 530, 531, 532, 533, 534, 536, 573, 589, 596, 598, 601, 605, 617, 620, 624, 646, 653, 658, 660, 662, 668, 689, 694, 702, 724, 725, 745, 760, 775, 793, 809, 829, 838, 839, 877, 901, 903, 905, 910, 923]","[0, 1, 2, 3, 4, 5, 6, 7, 8, 9, 10, 11, 12, 13, 14, 15, 16, 17, 18, 19, 20, 21, 22, 23, 536, 24, 25, 26, 27, 28, 29, 30, 31, 32, 33, 34, 35, 36, 37, 38, 39, 40, 41, 42, 43, 44, 45, 46, 47, 48, 49, 50, 51, 52, 53, 54, 55, 56, 57, 58, 60, 59, 61, 62, 63, 64, 65, 66, 67, 68, 69, 70, 71, 72, 73, 74, 75, 76, 77, 78, 79, 80, 81, 82, 83, 84, 85, 86, 87, 88, 89, 90, 91, 92, 93, 94, 95, 96, 97, 98, 99, 100, 101, 102, 528, 529, 617, 530, 620, 513, 531, 624, 532, 118, 533, 125, 534, 127, 130, 535, 134, 646, 514, 653, 537, 654, 146, 538, 658, 149, 662, 660, 539, 153, 668, 540, 515, 541, 542, 543, 175, 689, 544, 182, 545, 183, 696, 516, 187, 546, 189, 694, 191, 702, 547, 197, 548, 549, 550, 517, 724, 551, 725, 552, 553, 225, 554, 230, 232, 555, 745, 518, 556, 238, 557, 558, 760, 559, 560, 519, 561, 264, 265, 266, 775, 562, 563, 564, 790, 793, 565, 520, 286, 566, 567, 809, 568, 302, 569, 570, 521, 571, 317, 572, 829, 573, 838, 839, 334, 522, 336, 857, 354, 523, 877, 878, 605, 379, 524, 388, 389, 902, 901, 903, 905, 910, 589, 919, 525, 923, 928, 929, 932, 934, 935, 425, 426, 512, 526, 596, 598, 454, 455, 458, 527, 463, 601, 472, 475, 477, 478, 480, 483, 484, 485, 486, 487, 488, 489, 490, 491, 492, 493, 494, 495, 496, 497, 498, 499, 500, 501, 502, 503, 504, 505, 506, 507, 508, 509, 510, 511]",True,"[4, 60, 490, 536]","[0, 1, 2, 3, 4, 5, 6, 7, 8, 9, 10, 11, 12, 13, 14, 15, 16, 17, 18, 19, 20, 21, 22, 23, 24, 25, 26, 27, 28, 29, 30, 31, 32, 33, 34, 35, 36, 37, 38, 39, 40, 41, 42, 43, 44, 45, 46, 47, 48, 49, 50, 51, 52, 53, 54, 55, 56, 57, 58, 59, 60, 61, 62, 63, 64, 65, 66, 67, 68, 69, 70, 71, 72, 73, 74, 75, 76, 77, 78, 79, 80, 81, 82, 83, 84, 85, 86, 87, 88, 89, 90, 91, 92, 93, 94, 95, 96, 97, 98, 99, 100, 101, 102, 485, 486, 487, 488, 489, 490, 491, 492, 493, 494, 495, 496, 497, 498, 499, 500, 501, 502, 503, 504, 505, 506, 507, 508, 509, 510, 511, 512, 513, 514, 515, 516, 517, 518, 519, 520, 521, 522, 523, 524, 525, 526, 527, 528, 529, 530, 531, 532, 533, 534, 535, 536, 537, 538, 539, 540, 541, 542, 543, 544, 545, 546, 547, 548, 549, 550, 551, 552, 553, 554, 555, 556, 557, 558, 559, 560, 561, 562, 563, 564, 565, 566, 567, 568, 569, 570, 571, 572, 573]","[4, 60, 490, 536]","[60, 191, 536, 662]","[4, 11, 18, 21, 23, 26, 27, 28, 31, 35, 36, 43, 45, 52, 55, 56, 60, 62, 64, 70, 71, 80, 90, 94, 97, 183, 197, 232, 334, 426, 455, 472, 477, 478, 480, 483, 484, 490, 496, 505, 507, 509, 510, 511, 514, 516, 517, 523, 525, 529, 532, 533, 536, 538, 545, 546, 552, 561, 565, 568, 654, 668, 696, 790, 857, 878, 902, 919, 928, 929, 932, 934, 935]","[1, 13, 14, 29, 54, 55, 56, 57, 58, 60, 102, 118, 125, 127, 130, 134, 146, 149, 153, 175, 182, 187, 189, 191, 197, 225, 230, 238, 264, 265, 266, 286, 302, 317, 336, 354, 379, 388, 389, 425, 454, 458, 463, 475, 487, 498, 499, 512, 530, 531, 532, 533, 534, 536, 573, 589, 596, 598, 601, 605, 617, 620, 624, 646, 653, 658, 660, 662, 668, 689, 694, 702, 724, 725, 745, 760, 775, 793, 809, 829, 838, 839, 877, 901, 903, 905, 910, 923]","[1, 13, 14, 29, 54, 55, 56, 57, 58, 60, 102, 118, 125, 127, 130, 134, 146, 149, 153, 175, 182, 187, 189, 191, 197, 225, 230, 238, 264, 265, 266, 286, 302, 317, 336, 379, 388, 389, 425, 454, 458, 463, 475, 487, 498, 499, 512, 530, 531, 532, 533, 534, 536, 573, 589, 596, 598, 601, 605, 617, 620, 624, 646, 653, 658, 660, 662, 668, 689, 694, 702, 724, 725, 745, 760, 775, 793, 829, 838, 839, 877, 901, 903, 905, 910, 923]",7/6 successful match,True,"[242, 243, 244, 245]",True,192,False,,1.0,True,Navajo Travel Center ( Shell ),Shell
"Lupton , 86508 Speedy's Landmark",928-688-2775 I-40 Exit 359 ( Grant Rd - NM / AZ line ),MO RS <U+2610> <U+2610>,Lupton,86508,Speedy's Landmark,928-688-2775,2006,Lupton,AZ,,( Grant Rd - NM / AZ line ),I-40 Exit 359 ,Exit,359,False,,False,I-40,,,,,"[561, 90]","[90, 561]","[90, 561]","[90, 561]","[0, 1, 2, 3, 4, 5, 6, 7, 8, 9, 10, 11, 12, 13, 14, 15, 16, 17, 18, 19, 20, 21, 22, 23, 24, 25, 26, 27, 28, 29, 30, 31, 32, 33, 34, 35, 36, 37, 38, 39, 40, 41, 42, 43, 44, 45, 46, 47, 48, 49, 50, 51, 52, 53, 54, 55, 56, 57, 58, 59, 60, 61, 62, 63, 64, 65, 66, 67, 68, 69, 70, 71, 72, 73, 74, 75, 76, 77, 78, 79, 80, 81, 82, 83, 84, 85, 86, 87, 88, 89, 90, 91, 92, 93, 94, 95, 96, 97, 98, 99, 100, 101, 102, 485, 486, 487, 488, 489, 490, 491, 492, 493, 494, 495, 496, 497, 498, 499, 500, 501, 502, 503, 504, 505, 506, 507, 508, 509, 510, 511, 512, 513, 514, 515, 516, 517, 518, 519, 520, 521, 522, 523, 524, 525, 526, 527, 528, 529, 530, 531, 532, 533, 534, 535, 536, 537, 538, 539, 540, 541, 542, 543, 544, 545, 546, 547, 548, 549, 550, 551, 552, 553, 554, 555, 556, 557, 558, 559, 560, 561, 562, 563, 564, 565, 566, 567, 568, 569, 570, 571, 572, 573]","[4, 11, 18, 21, 23, 26, 27, 28, 31, 35, 36, 43, 45, 52, 55, 56, 60, 62, 64, 70, 71, 80, 90, 94, 97, 183, 197, 232, 334, 426, 455, 472, 477, 478, 480, 483, 484, 490, 496, 505, 507, 509, 510, 511, 514, 516, 517, 523, 525, 529, 532, 533, 536, 538, 545, 546, 552, 561, 565, 568, 654, 668, 696, 790, 857, 878, 902, 919, 928, 929, 932, 934, 935]",[],"[90, 91, 294, 295, 296, 561, 562, 753, 754, 755]","[0, 1, 2, 3, 4, 5, 6, 7, 8, 9, 10, 11, 12, 13, 14, 15, 16, 17, 18, 19, 20, 21, 22, 23, 24, 25, 26, 27, 28, 29, 30, 31, 32, 33, 34, 35, 36, 37, 38, 39, 40, 41, 42, 43, 44, 45, 46, 47, 48, 561, 49, 50, 51, 52, 53, 54, 55, 56, 57, 58, 59, 60, 61, 62, 63, 64, 65, 66, 67, 68, 69, 70, 71, 72, 73, 74, 75, 76, 77, 78, 79, 80, 81, 82, 83, 84, 85, 86, 87, 88, 90, 89, 91, 92, 93, 94, 95, 96, 97, 98, 99, 100, 101, 102, 528, 529, 530, 513, 531, 532, 533, 534, 535, 514, 536, 537, 654, 538, 539, 668, 540, 515, 541, 542, 543, 544, 545, 183, 696, 516, 546, 547, 197, 548, 549, 550, 517, 551, 552, 553, 554, 232, 555, 518, 556, 753, 754, 557, 755, 558, 559, 560, 519, 562, 563, 564, 790, 565, 520, 566, 567, 294, 295, 296, 568, 569, 570, 521, 571, 572, 573, 334, 522, 857, 523, 878, 524, 902, 919, 525, 928, 929, 932, 934, 935, 426, 512, 526, 455, 527, 472, 477, 478, 480, 483, 484, 485, 486, 487, 488, 489, 490, 491, 492, 493, 494, 495, 496, 497, 498, 499, 500, 501, 502, 503, 504, 505, 506, 507, 508, 509, 510, 511]",True,"[90, 561]","[0, 1, 2, 3, 4, 5, 6, 7, 8, 9, 10, 11, 12, 13, 14, 15, 16, 17, 18, 19, 20, 21, 22, 23, 24, 25, 26, 27, 28, 29, 30, 31, 32, 33, 34, 35, 36, 37, 38, 39, 40, 41, 42, 43, 44, 45, 46, 47, 48, 49, 50, 51, 52, 53, 54, 55, 56, 57, 58, 59, 60, 61, 62, 63, 64, 65, 66, 67, 68, 69, 70, 71, 72, 73, 74, 75, 76, 77, 78, 79, 80, 81, 82, 83, 84, 85, 86, 87, 88, 89, 90, 91, 92, 93, 94, 95, 96, 97, 98, 99, 100, 101, 102, 485, 486, 487, 488, 489, 490, 491, 492, 493, 494, 495, 496, 497, 498, 499, 500, 501, 502, 503, 504, 505, 506, 507, 508, 509, 510, 511, 512, 513, 514, 515, 516, 517, 518, 519, 520, 521, 522, 523, 524, 525, 526, 527, 528, 529, 530, 531, 532, 533, 534, 535, 536, 537, 538, 539, 540, 541, 542, 543, 544, 545, 546, 547, 548, 549, 550, 551, 552, 553, 554, 555, 556, 557, 558, 559, 560, 561, 562, 563, 564, 565, 566, 567, 568, 569, 570, 571, 572, 573]","[90, 561]","[90, 561]","[4, 11, 18, 21, 23, 26, 27, 28, 31, 35, 36, 43, 45, 52, 55, 56, 60, 62, 64, 70, 71, 80, 90, 94, 97, 183, 197, 232, 334, 426, 455, 472, 477, 478, 480, 483, 484, 490, 496, 505, 507, 509, 510, 511, 514, 516, 517, 523, 525, 529, 532, 533, 536, 538, 545, 546, 552, 561, 565, 568, 654, 668, 696, 790, 857, 878, 902, 919, 928, 929, 932, 934, 935]","[90, 91, 294, 295, 296, 561, 562, 753, 754, 755]",[],7/6 successful match,True,[241],True,193,False,,,,,
"Lupton , 86508 Speedy's Landmark",928-688-2775 I-40 Exit 359 ( Grants Rd - NM / AZ line ),) XL 24,Lupton,86508,Speedy's Landmark,928-688-2775,2007,Lupton,AZ,,( Grants Rd - NM / AZ line ),I-40 Exit 359 ,Exit,359,False,,False,I-40,,,,,"[561, 90]","[90, 561]","[90, 561]","[90, 561]","[0, 1, 2, 3, 4, 5, 6, 7, 8, 9, 10, 11, 12, 13, 14, 15, 16, 17, 18, 19, 20, 21, 22, 23, 24, 25, 26, 27, 28, 29, 30, 31, 32, 33, 34, 35, 36, 37, 38, 39, 40, 41, 42, 43, 44, 45, 46, 47, 48, 49, 50, 51, 52, 53, 54, 55, 56, 57, 58, 59, 60, 61, 62, 63, 64, 65, 66, 67, 68, 69, 70, 71, 72, 73, 74, 75, 76, 77, 78, 79, 80, 81, 82, 83, 84, 85, 86, 87, 88, 89, 90, 91, 92, 93, 94, 95, 96, 97, 98, 99, 100, 101, 102, 485, 486, 487, 488, 489, 490, 491, 492, 493, 494, 495, 496, 497, 498, 499, 500, 501, 502, 503, 504, 505, 506, 507, 508, 509, 510, 511, 512, 513, 514, 515, 516, 517, 518, 519, 520, 521, 522, 523, 524, 525, 526, 527, 528, 529, 530, 531, 532, 533, 534, 535, 536, 537, 538, 539, 540, 541, 542, 543, 544, 545, 546, 547, 548, 549, 550, 551, 552, 553, 554, 555, 556, 557, 558, 559, 560, 561, 562, 563, 564, 565, 566, 567, 568, 569, 570, 571, 572, 573]","[4, 11, 18, 21, 23, 26, 27, 28, 31, 35, 36, 43, 45, 52, 55, 56, 60, 62, 64, 70, 71, 80, 90, 94, 97, 183, 197, 232, 334, 426, 455, 472, 477, 478, 480, 483, 484, 490, 496, 505, 507, 509, 510, 511, 514, 516, 517, 523, 525, 529, 532, 533, 536, 538, 545, 546, 552, 561, 565, 568, 654, 668, 696, 790, 857, 878, 902, 919, 928, 929, 932, 934, 935]",[],"[90, 91, 294, 295, 296, 561, 562, 753, 754, 755]","[0, 1, 2, 3, 4, 5, 6, 7, 8, 9, 10, 11, 12, 13, 14, 15, 16, 17, 18, 19, 20, 21, 22, 23, 24, 25, 26, 27, 28, 29, 30, 31, 32, 33, 34, 35, 36, 37, 38, 39, 40, 41, 42, 43, 44, 45, 46, 47, 48, 561, 49, 50, 51, 52, 53, 54, 55, 56, 57, 58, 59, 60, 61, 62, 63, 64, 65, 66, 67, 68, 69, 70, 71, 72, 73, 74, 75, 76, 77, 78, 79, 80, 81, 82, 83, 84, 85, 86, 87, 88, 90, 89, 91, 92, 93, 94, 95, 96, 97, 98, 99, 100, 101, 102, 528, 529, 530, 513, 531, 532, 533, 534, 535, 514, 536, 537, 654, 538, 539, 668, 540, 515, 541, 542, 543, 544, 545, 183, 696, 516, 546, 547, 197, 548, 549, 550, 517, 551, 552, 553, 554, 232, 555, 518, 556, 753, 754, 557, 755, 558, 559, 560, 519, 562, 563, 564, 790, 565, 520, 566, 567, 294, 295, 296, 568, 569, 570, 521, 571, 572, 573, 334, 522, 857, 523, 878, 524, 902, 919, 525, 928, 929, 932, 934, 935, 426, 512, 526, 455, 527, 472, 477, 478, 480, 483, 484, 485, 486, 487, 488, 489, 490, 491, 492, 493, 494, 495, 496, 497, 498, 499, 500, 501, 502, 503, 504, 505, 506, 507, 508, 509, 510, 511]",True,"[90, 561]","[0, 1, 2, 3, 4, 5, 6, 7, 8, 9, 10, 11, 12, 13, 14, 15, 16, 17, 18, 19, 20, 21, 22, 23, 24, 25, 26, 27, 28, 29, 30, 31, 32, 33, 34, 35, 36, 37, 38, 39, 40, 41, 42, 43, 44, 45, 46, 47, 48, 49, 50, 51, 52, 53, 54, 55, 56, 57, 58, 59, 60, 61, 62, 63, 64, 65, 66, 67, 68, 69, 70, 71, 72, 73, 74, 75, 76, 77, 78, 79, 80, 81, 82, 83, 84, 85, 86, 87, 88, 89, 90, 91, 92, 93, 94, 95, 96, 97, 98, 99, 100, 101, 102, 485, 486, 487, 488, 489, 490, 491, 492, 493, 494, 495, 496, 497, 498, 499, 500, 501, 502, 503, 504, 505, 506, 507, 508, 509, 510, 511, 512, 513, 514, 515, 516, 517, 518, 519, 520, 521, 522, 523, 524, 525, 526, 527, 528, 529, 530, 531, 532, 533, 534, 535, 536, 537, 538, 539, 540, 541, 542, 543, 544, 545, 546, 547, 548, 549, 550, 551, 552, 553, 554, 555, 556, 557, 558, 559, 560, 561, 562, 563, 564, 565, 566, 567, 568, 569, 570, 571, 572, 573]","[90, 561]","[90, 561]","[4, 11, 18, 21, 23, 26, 27, 28, 31, 35, 36, 43, 45, 52, 55, 56, 60, 62, 64, 70, 71, 80, 90, 94, 97, 183, 197, 232, 334, 426, 455, 472, 477, 478, 480, 483, 484, 490, 496, 505, 507, 509, 510, 511, 514, 516, 517, 523, 525, 529, 532, 533, 536, 538, 545, 546, 552, 561, 565, 568, 654, 668, 696, 790, 857, 878, 902, 919, 928, 929, 932, 934, 935]","[90, 91, 294, 295, 296, 561, 562, 753, 754, 755]",[],7/6 successful match,True,[241],True,193,False,,1.0,True,Speedy's Landmark,
"ILupton , 86508 Speedy's Landmark",928-688-2775 I-40 Exit 359 ( Grants Rd - NM / AZ line ),) 24 HRS XL 24 HRS,Lupton,86508,Speedy's Landmark,928-688-2775,2008,Lupton,AZ,,( Grants Rd - NM / AZ line ),I-40 Exit 359 ,Exit,359,False,,False,I-40,,,,,"[561, 90]","[90, 561]","[90, 561]","[90, 561]","[0, 1, 2, 3, 4, 5, 6, 7, 8, 9, 10, 11, 12, 13, 14, 15, 16, 17, 18, 19, 20, 21, 22, 23, 24, 25, 26, 27, 28, 29, 30, 31, 32, 33, 34, 35, 36, 37, 38, 39, 40, 41, 42, 43, 44, 45, 46, 47, 48, 49, 50, 51, 52, 53, 54, 55, 56, 57, 58, 59, 60, 61, 62, 63, 64, 65, 66, 67, 68, 69, 70, 71, 72, 73, 74, 75, 76, 77, 78, 79, 80, 81, 82, 83, 84, 85, 86, 87, 88, 89, 90, 91, 92, 93, 94, 95, 96, 97, 98, 99, 100, 101, 102, 485, 486, 487, 488, 489, 490, 491, 492, 493, 494, 495, 496, 497, 498, 499, 500, 501, 502, 503, 504, 505, 506, 507, 508, 509, 510, 511, 512, 513, 514, 515, 516, 517, 518, 519, 520, 521, 522, 523, 524, 525, 526, 527, 528, 529, 530, 531, 532, 533, 534, 535, 536, 537, 538, 539, 540, 541, 542, 543, 544, 545, 546, 547, 548, 549, 550, 551, 552, 553, 554, 555, 556, 557, 558, 559, 560, 561, 562, 563, 564, 565, 566, 567, 568, 569, 570, 571, 572, 573]","[4, 11, 18, 21, 23, 26, 27, 28, 31, 35, 36, 43, 45, 52, 55, 56, 60, 62, 64, 70, 71, 80, 90, 94, 97, 183, 197, 232, 334, 426, 455, 472, 477, 478, 480, 483, 484, 490, 496, 505, 507, 509, 510, 511, 514, 516, 517, 523, 525, 529, 532, 533, 536, 538, 545, 546, 552, 561, 565, 568, 654, 668, 696, 790, 857, 878, 902, 919, 928, 929, 932, 934, 935]",[],"[90, 91, 294, 295, 296, 561, 562, 753, 754, 755]","[0, 1, 2, 3, 4, 5, 6, 7, 8, 9, 10, 11, 12, 13, 14, 15, 16, 17, 18, 19, 20, 21, 22, 23, 24, 25, 26, 27, 28, 29, 30, 31, 32, 33, 34, 35, 36, 37, 38, 39, 40, 41, 42, 43, 44, 45, 46, 47, 48, 561, 49, 50, 51, 52, 53, 54, 55, 56, 57, 58, 59, 60, 61, 62, 63, 64, 65, 66, 67, 68, 69, 70, 71, 72, 73, 74, 75, 76, 77, 78, 79, 80, 81, 82, 83, 84, 85, 86, 87, 88, 90, 89, 91, 92, 93, 94, 95, 96, 97, 98, 99, 100, 101, 102, 528, 529, 530, 513, 531, 532, 533, 534, 535, 514, 536, 537, 654, 538, 539, 668, 540, 515, 541, 542, 543, 544, 545, 183, 696, 516, 546, 547, 197, 548, 549, 550, 517, 551, 552, 553, 554, 232, 555, 518, 556, 753, 754, 557, 755, 558, 559, 560, 519, 562, 563, 564, 790, 565, 520, 566, 567, 294, 295, 296, 568, 569, 570, 521, 571, 572, 573, 334, 522, 857, 523, 878, 524, 902, 919, 525, 928, 929, 932, 934, 935, 426, 512, 526, 455, 527, 472, 477, 478, 480, 483, 484, 485, 486, 487, 488, 489, 490, 491, 492, 493, 494, 495, 496, 497, 498, 499, 500, 501, 502, 503, 504, 505, 506, 507, 508, 509, 510, 511]",True,"[90, 561]","[0, 1, 2, 3, 4, 5, 6, 7, 8, 9, 10, 11, 12, 13, 14, 15, 16, 17, 18, 19, 20, 21, 22, 23, 24, 25, 26, 27, 28, 29, 30, 31, 32, 33, 34, 35, 36, 37, 38, 39, 40, 41, 42, 43, 44, 45, 46, 47, 48, 49, 50, 51, 52, 53, 54, 55, 56, 57, 58, 59, 60, 61, 62, 63, 64, 65, 66, 67, 68, 69, 70, 71, 72, 73, 74, 75, 76, 77, 78, 79, 80, 81, 82, 83, 84, 85, 86, 87, 88, 89, 90, 91, 92, 93, 94, 95, 96, 97, 98, 99, 100, 101, 102, 485, 486, 487, 488, 489, 490, 491, 492, 493, 494, 495, 496, 497, 498, 499, 500, 501, 502, 503, 504, 505, 506, 507, 508, 509, 510, 511, 512, 513, 514, 515, 516, 517, 518, 519, 520, 521, 522, 523, 524, 525, 526, 527, 528, 529, 530, 531, 532, 533, 534, 535, 536, 537, 538, 539, 540, 541, 542, 543, 544, 545, 546, 547, 548, 549, 550, 551, 552, 553, 554, 555, 556, 557, 558, 559, 560, 561, 562, 563, 564, 565, 566, 567, 568, 569, 570, 571, 572, 573]","[90, 561]","[90, 561]","[4, 11, 18, 21, 23, 26, 27, 28, 31, 35, 36, 43, 45, 52, 55, 56, 60, 62, 64, 70, 71, 80, 90, 94, 97, 183, 197, 232, 334, 426, 455, 472, 477, 478, 480, 483, 484, 490, 496, 505, 507, 509, 510, 511, 514, 516, 517, 523, 525, 529, 532, 533, 536, 538, 545, 546, 552, 561, 565, 568, 654, 668, 696, 790, 857, 878, 902, 919, 928, 929, 932, 934, 935]","[90, 91, 294, 295, 296, 561, 562, 753, 754, 755]",[],7/6 successful match,True,[241],True,193,False,,1.0,True,Speedy's Landmark,
D Lupton ( 86508 ) Speedy's Truck Stop,7 928-688-2775 I-40 Exit 359 ( Grants Rd - NM / AZ line ),) 24 <U+25A1><U+25A1> M D <U+25A1>,Lupton,86508,Speedy's Truck Stop,928-688-2775,2014,Lupton,AZ,,( Grants Rd - NM / AZ line ),I-40 Exit 359 ,Exit,359,False,,False,I-40,,,,,"[561, 90]","[90, 561]","[90, 561]","[90, 561]","[0, 1, 2, 3, 4, 5, 6, 7, 8, 9, 10, 11, 12, 13, 14, 15, 16, 17, 18, 19, 20, 21, 22, 23, 24, 25, 26, 27, 28, 29, 30, 31, 32, 33, 34, 35, 36, 37, 38, 39, 40, 41, 42, 43, 44, 45, 46, 47, 48, 49, 50, 51, 52, 53, 54, 55, 56, 57, 58, 59, 60, 61, 62, 63, 64, 65, 66, 67, 68, 69, 70, 71, 72, 73, 74, 75, 76, 77, 78, 79, 80, 81, 82, 83, 84, 85, 86, 87, 88, 89, 90, 91, 92, 93, 94, 95, 96, 97, 98, 99, 100, 101, 102, 485, 486, 487, 488, 489, 490, 491, 492, 493, 494, 495, 496, 497, 498, 499, 500, 501, 502, 503, 504, 505, 506, 507, 508, 509, 510, 511, 512, 513, 514, 515, 516, 517, 518, 519, 520, 521, 522, 523, 524, 525, 526, 527, 528, 529, 530, 531, 532, 533, 534, 535, 536, 537, 538, 539, 540, 541, 542, 543, 544, 545, 546, 547, 548, 549, 550, 551, 552, 553, 554, 555, 556, 557, 558, 559, 560, 561, 562, 563, 564, 565, 566, 567, 568, 569, 570, 571, 572, 573]","[4, 11, 18, 21, 23, 26, 27, 28, 31, 35, 36, 43, 45, 52, 55, 56, 60, 62, 64, 70, 71, 80, 90, 94, 97, 183, 197, 232, 334, 426, 455, 472, 477, 478, 480, 483, 484, 490, 496, 505, 507, 509, 510, 511, 514, 516, 517, 523, 525, 529, 532, 533, 536, 538, 545, 546, 552, 561, 565, 568, 654, 668, 696, 790, 857, 878, 902, 919, 928, 929, 932, 934, 935]",[],"[90, 91, 294, 295, 296, 561, 562, 753, 754, 755]","[0, 1, 2, 3, 4, 5, 6, 7, 8, 9, 10, 11, 12, 13, 14, 15, 16, 17, 18, 19, 20, 21, 22, 23, 24, 25, 26, 27, 28, 29, 30, 31, 32, 33, 34, 35, 36, 37, 38, 39, 40, 41, 42, 43, 44, 45, 46, 47, 48, 561, 49, 50, 51, 52, 53, 54, 55, 56, 57, 58, 59, 60, 61, 62, 63, 64, 65, 66, 67, 68, 69, 70, 71, 72, 73, 74, 75, 76, 77, 78, 79, 80, 81, 82, 83, 84, 85, 86, 87, 88, 90, 89, 91, 92, 93, 94, 95, 96, 97, 98, 99, 100, 101, 102, 528, 529, 530, 513, 531, 532, 533, 534, 535, 514, 536, 537, 654, 538, 539, 668, 540, 515, 541, 542, 543, 544, 545, 183, 696, 516, 546, 547, 197, 548, 549, 550, 517, 551, 552, 553, 554, 232, 555, 518, 556, 753, 754, 557, 755, 558, 559, 560, 519, 562, 563, 564, 790, 565, 520, 566, 567, 294, 295, 296, 568, 569, 570, 521, 571, 572, 573, 334, 522, 857, 523, 878, 524, 902, 919, 525, 928, 929, 932, 934, 935, 426, 512, 526, 455, 527, 472, 477, 478, 480, 483, 484, 485, 486, 487, 488, 489, 490, 491, 492, 493, 494, 495, 496, 497, 498, 499, 500, 501, 502, 503, 504, 505, 506, 507, 508, 509, 510, 511]",True,"[90, 561]","[0, 1, 2, 3, 4, 5, 6, 7, 8, 9, 10, 11, 12, 13, 14, 15, 16, 17, 18, 19, 20, 21, 22, 23, 24, 25, 26, 27, 28, 29, 30, 31, 32, 33, 34, 35, 36, 37, 38, 39, 40, 41, 42, 43, 44, 45, 46, 47, 48, 49, 50, 51, 52, 53, 54, 55, 56, 57, 58, 59, 60, 61, 62, 63, 64, 65, 66, 67, 68, 69, 70, 71, 72, 73, 74, 75, 76, 77, 78, 79, 80, 81, 82, 83, 84, 85, 86, 87, 88, 89, 90, 91, 92, 93, 94, 95, 96, 97, 98, 99, 100, 101, 102, 485, 486, 487, 488, 489, 490, 491, 492, 493, 494, 495, 496, 497, 498, 499, 500, 501, 502, 503, 504, 505, 506, 507, 508, 509, 510, 511, 512, 513, 514, 515, 516, 517, 518, 519, 520, 521, 522, 523, 524, 525, 526, 527, 528, 529, 530, 531, 532, 533, 534, 535, 536, 537, 538, 539, 540, 541, 542, 543, 544, 545, 546, 547, 548, 549, 550, 551, 552, 553, 554, 555, 556, 557, 558, 559, 560, 561, 562, 563, 564, 565, 566, 567, 568, 569, 570, 571, 572, 573]","[90, 561]","[90, 561]","[4, 11, 18, 21, 23, 26, 27, 28, 31, 35, 36, 43, 45, 52, 55, 56, 60, 62, 64, 70, 71, 80, 90, 94, 97, 183, 197, 232, 334, 426, 455, 472, 477, 478, 480, 483, 484, 490, 496, 505, 507, 509, 510, 511, 514, 516, 517, 523, 525, 529, 532, 533, 536, 538, 545, 546, 552, 561, 565, 568, 654, 668, 696, 790, 857, 878, 902, 919, 928, 929, 932, 934, 935]","[90, 91, 294, 295, 296, 561, 562, 753, 754, 755]",[],7/6 successful match,True,[241],True,193,False,,0.5833333333333334,True,Speedy's Landmark,
D Lupton ( 86508 ) Speedy's Truck Stop,928-688-2775 I-40 Exit 359 ( Grants Rd - NM / AZ line ),) 24 M <U+25A1>,Lupton,86508,Speedy's Truck Stop,928-688-2775,2015,Lupton,AZ,,( Grants Rd - NM / AZ line ),I-40 Exit 359 ,Exit,359,False,,False,I-40,,,,,"[561, 90]","[90, 561]","[90, 561]","[90, 561]","[0, 1, 2, 3, 4, 5, 6, 7, 8, 9, 10, 11, 12, 13, 14, 15, 16, 17, 18, 19, 20, 21, 22, 23, 24, 25, 26, 27, 28, 29, 30, 31, 32, 33, 34, 35, 36, 37, 38, 39, 40, 41, 42, 43, 44, 45, 46, 47, 48, 49, 50, 51, 52, 53, 54, 55, 56, 57, 58, 59, 60, 61, 62, 63, 64, 65, 66, 67, 68, 69, 70, 71, 72, 73, 74, 75, 76, 77, 78, 79, 80, 81, 82, 83, 84, 85, 86, 87, 88, 89, 90, 91, 92, 93, 94, 95, 96, 97, 98, 99, 100, 101, 102, 485, 486, 487, 488, 489, 490, 491, 492, 493, 494, 495, 496, 497, 498, 499, 500, 501, 502, 503, 504, 505, 506, 507, 508, 509, 510, 511, 512, 513, 514, 515, 516, 517, 518, 519, 520, 521, 522, 523, 524, 525, 526, 527, 528, 529, 530, 531, 532, 533, 534, 535, 536, 537, 538, 539, 540, 541, 542, 543, 544, 545, 546, 547, 548, 549, 550, 551, 552, 553, 554, 555, 556, 557, 558, 559, 560, 561, 562, 563, 564, 565, 566, 567, 568, 569, 570, 571, 572, 573]","[4, 11, 18, 21, 23, 26, 27, 28, 31, 35, 36, 43, 45, 52, 55, 56, 60, 62, 64, 70, 71, 80, 90, 94, 97, 183, 197, 232, 334, 426, 455, 472, 477, 478, 480, 483, 484, 490, 496, 505, 507, 509, 510, 511, 514, 516, 517, 523, 525, 529, 532, 533, 536, 538, 545, 546, 552, 561, 565, 568, 654, 668, 696, 790, 857, 878, 902, 919, 928, 929, 932, 934, 935]",[],"[90, 91, 294, 295, 296, 561, 562, 753, 754, 755]","[0, 1, 2, 3, 4, 5, 6, 7, 8, 9, 10, 11, 12, 13, 14, 15, 16, 17, 18, 19, 20, 21, 22, 23, 24, 25, 26, 27, 28, 29, 30, 31, 32, 33, 34, 35, 36, 37, 38, 39, 40, 41, 42, 43, 44, 45, 46, 47, 48, 561, 49, 50, 51, 52, 53, 54, 55, 56, 57, 58, 59, 60, 61, 62, 63, 64, 65, 66, 67, 68, 69, 70, 71, 72, 73, 74, 75, 76, 77, 78, 79, 80, 81, 82, 83, 84, 85, 86, 87, 88, 90, 89, 91, 92, 93, 94, 95, 96, 97, 98, 99, 100, 101, 102, 528, 529, 530, 513, 531, 532, 533, 534, 535, 514, 536, 537, 654, 538, 539, 668, 540, 515, 541, 542, 543, 544, 545, 183, 696, 516, 546, 547, 197, 548, 549, 550, 517, 551, 552, 553, 554, 232, 555, 518, 556, 753, 754, 557, 755, 558, 559, 560, 519, 562, 563, 564, 790, 565, 520, 566, 567, 294, 295, 296, 568, 569, 570, 521, 571, 572, 573, 334, 522, 857, 523, 878, 524, 902, 919, 525, 928, 929, 932, 934, 935, 426, 512, 526, 455, 527, 472, 477, 478, 480, 483, 484, 485, 486, 487, 488, 489, 490, 491, 492, 493, 494, 495, 496, 497, 498, 499, 500, 501, 502, 503, 504, 505, 506, 507, 508, 509, 510, 511]",True,"[90, 561]","[0, 1, 2, 3, 4, 5, 6, 7, 8, 9, 10, 11, 12, 13, 14, 15, 16, 17, 18, 19, 20, 21, 22, 23, 24, 25, 26, 27, 28, 29, 30, 31, 32, 33, 34, 35, 36, 37, 38, 39, 40, 41, 42, 43, 44, 45, 46, 47, 48, 49, 50, 51, 52, 53, 54, 55, 56, 57, 58, 59, 60, 61, 62, 63, 64, 65, 66, 67, 68, 69, 70, 71, 72, 73, 74, 75, 76, 77, 78, 79, 80, 81, 82, 83, 84, 85, 86, 87, 88, 89, 90, 91, 92, 93, 94, 95, 96, 97, 98, 99, 100, 101, 102, 485, 486, 487, 488, 489, 490, 491, 492, 493, 494, 495, 496, 497, 498, 499, 500, 501, 502, 503, 504, 505, 506, 507, 508, 509, 510, 511, 512, 513, 514, 515, 516, 517, 518, 519, 520, 521, 522, 523, 524, 525, 526, 527, 528, 529, 530, 531, 532, 533, 534, 535, 536, 537, 538, 539, 540, 541, 542, 543, 544, 545, 546, 547, 548, 549, 550, 551, 552, 553, 554, 555, 556, 557, 558, 559, 560, 561, 562, 563, 564, 565, 566, 567, 568, 569, 570, 571, 572, 573]","[90, 561]","[90, 561]","[4, 11, 18, 21, 23, 26, 27, 28, 31, 35, 36, 43, 45, 52, 55, 56, 60, 62, 64, 70, 71, 80, 90, 94, 97, 183, 197, 232, 334, 426, 455, 472, 477, 478, 480, 483, 484, 490, 496, 505, 507, 509, 510, 511, 514, 516, 517, 523, 525, 529, 532, 533, 536, 538, 545, 546, 552, 561, 565, 568, 654, 668, 696, 790, 857, 878, 902, 919, 928, 929, 932, 934, 935]","[90, 91, 294, 295, 296, 561, 562, 753, 754, 755]",[],7/6 successful match,True,[241],True,193,False,,0.8999999999999999,True,Speedy's Truck Stop,
D Lupton ( 86508 ) Speedy's Truck Stop,7 928-688-2775 I-40 Exit 359 ( Grants Rd - NM / AZ line ),24 M <U+2610> 24,Lupton,86508,Speedy's Truck Stop,928-688-2775,2016,Lupton,AZ,,( Grants Rd - NM / AZ line ),I-40 Exit 359 ,Exit,359,False,,False,I-40,,,,,"[561, 90]","[90, 561]","[90, 561]","[90, 561]","[0, 1, 2, 3, 4, 5, 6, 7, 8, 9, 10, 11, 12, 13, 14, 15, 16, 17, 18, 19, 20, 21, 22, 23, 24, 25, 26, 27, 28, 29, 30, 31, 32, 33, 34, 35, 36, 37, 38, 39, 40, 41, 42, 43, 44, 45, 46, 47, 48, 49, 50, 51, 52, 53, 54, 55, 56, 57, 58, 59, 60, 61, 62, 63, 64, 65, 66, 67, 68, 69, 70, 71, 72, 73, 74, 75, 76, 77, 78, 79, 80, 81, 82, 83, 84, 85, 86, 87, 88, 89, 90, 91, 92, 93, 94, 95, 96, 97, 98, 99, 100, 101, 102, 485, 486, 487, 488, 489, 490, 491, 492, 493, 494, 495, 496, 497, 498, 499, 500, 501, 502, 503, 504, 505, 506, 507, 508, 509, 510, 511, 512, 513, 514, 515, 516, 517, 518, 519, 520, 521, 522, 523, 524, 525, 526, 527, 528, 529, 530, 531, 532, 533, 534, 535, 536, 537, 538, 539, 540, 541, 542, 543, 544, 545, 546, 547, 548, 549, 550, 551, 552, 553, 554, 555, 556, 557, 558, 559, 560, 561, 562, 563, 564, 565, 566, 567, 568, 569, 570, 571, 572, 573]","[4, 11, 18, 21, 23, 26, 27, 28, 31, 35, 36, 43, 45, 52, 55, 56, 60, 62, 64, 70, 71, 80, 90, 94, 97, 183, 197, 232, 334, 426, 455, 472, 477, 478, 480, 483, 484, 490, 496, 505, 507, 509, 510, 511, 514, 516, 517, 523, 525, 529, 532, 533, 536, 538, 545, 546, 552, 561, 565, 568, 654, 668, 696, 790, 857, 878, 902, 919, 928, 929, 932, 934, 935]",[],"[90, 91, 294, 295, 296, 561, 562, 753, 754, 755]","[0, 1, 2, 3, 4, 5, 6, 7, 8, 9, 10, 11, 12, 13, 14, 15, 16, 17, 18, 19, 20, 21, 22, 23, 24, 25, 26, 27, 28, 29, 30, 31, 32, 33, 34, 35, 36, 37, 38, 39, 40, 41, 42, 43, 44, 45, 46, 47, 48, 561, 49, 50, 51, 52, 53, 54, 55, 56, 57, 58, 59, 60, 61, 62, 63, 64, 65, 66, 67, 68, 69, 70, 71, 72, 73, 74, 75, 76, 77, 78, 79, 80, 81, 82, 83, 84, 85, 86, 87, 88, 90, 89, 91, 92, 93, 94, 95, 96, 97, 98, 99, 100, 101, 102, 528, 529, 530, 513, 531, 532, 533, 534, 535, 514, 536, 537, 654, 538, 539, 668, 540, 515, 541, 542, 543, 544, 545, 183, 696, 516, 546, 547, 197, 548, 549, 550, 517, 551, 552, 553, 554, 232, 555, 518, 556, 753, 754, 557, 755, 558, 559, 560, 519, 562, 563, 564, 790, 565, 520, 566, 567, 294, 295, 296, 568, 569, 570, 521, 571, 572, 573, 334, 522, 857, 523, 878, 524, 902, 919, 525, 928, 929, 932, 934, 935, 426, 512, 526, 455, 527, 472, 477, 478, 480, 483, 484, 485, 486, 487, 488, 489, 490, 491, 492, 493, 494, 495, 496, 497, 498, 499, 500, 501, 502, 503, 504, 505, 506, 507, 508, 509, 510, 511]",True,"[90, 561]","[0, 1, 2, 3, 4, 5, 6, 7, 8, 9, 10, 11, 12, 13, 14, 15, 16, 17, 18, 19, 20, 21, 22, 23, 24, 25, 26, 27, 28, 29, 30, 31, 32, 33, 34, 35, 36, 37, 38, 39, 40, 41, 42, 43, 44, 45, 46, 47, 48, 49, 50, 51, 52, 53, 54, 55, 56, 57, 58, 59, 60, 61, 62, 63, 64, 65, 66, 67, 68, 69, 70, 71, 72, 73, 74, 75, 76, 77, 78, 79, 80, 81, 82, 83, 84, 85, 86, 87, 88, 89, 90, 91, 92, 93, 94, 95, 96, 97, 98, 99, 100, 101, 102, 485, 486, 487, 488, 489, 490, 491, 492, 493, 494, 495, 496, 497, 498, 499, 500, 501, 502, 503, 504, 505, 506, 507, 508, 509, 510, 511, 512, 513, 514, 515, 516, 517, 518, 519, 520, 521, 522, 523, 524, 525, 526, 527, 528, 529, 530, 531, 532, 533, 534, 535, 536, 537, 538, 539, 540, 541, 542, 543, 544, 545, 546, 547, 548, 549, 550, 551, 552, 553, 554, 555, 556, 557, 558, 559, 560, 561, 562, 563, 564, 565, 566, 567, 568, 569, 570, 571, 572, 573]","[90, 561]","[90, 561]","[4, 11, 18, 21, 23, 26, 27, 28, 31, 35, 36, 43, 45, 52, 55, 56, 60, 62, 64, 70, 71, 80, 90, 94, 97, 183, 197, 232, 334, 426, 455, 472, 477, 478, 480, 483, 484, 490, 496, 505, 507, 509, 510, 511, 514, 516, 517, 523, 525, 529, 532, 533, 536, 538, 545, 546, 552, 561, 565, 568, 654, 668, 696, 790, 857, 878, 902, 919, 928, 929, 932, 934, 935]","[90, 91, 294, 295, 296, 561, 562, 753, 754, 755]",[],7/6 successful match,True,[241],True,193,False,,0.8999999999999999,True,Speedy's Truck Stop,
"San Felipe Pueblo , 87001 San Felipe Travel Center",505-867-4706 I-25 Exit 252,HRS 48 XL <U+2610>,San Felipe Pueblo,87001,San Felipe Travel Center,505-867-4706,2006,Algodones,NM,,,I-25 Exit 252,Exit,252,False,,False,I-25,,,,,[],[],"[49, 87, 107, 198, 255, 293, 297, 316, 331, 528, 558, 578, 669, 708, 752, 756, 774, 788]","[436, 439, 887, 890, 927]",[],"[108, 353, 430, 584, 808, 882]",[],"[87, 281, 558, 740]","[774, 528, 788, 281, 669, 927, 293, 808, 297, 558, 430, 49, 436, 439, 316, 578, 708, 198, 584, 331, 87, 353, 740, 107, 108, 752, 882, 756, 887, 890, 255]",False,[],[],"[49, 87, 107, 198, 255, 293, 297, 316, 331, 528, 558, 578, 669, 708, 752, 756, 774, 788]","[436, 439, 887, 890, 927]","[108, 353, 430, 584, 808, 882]","[87, 281, 558, 740]",[],0/6 successful match,False,,False,194,False,,,,,
"San Felipe Pueblo , 87001 San Felipe Travel Center ( 66 )",505-867-4706 I-25 Exit 252,24 L,San Felipe Pueblo,87001,San Felipe Travel Center ( 66 ),505-867-4706,2007,Algodones,NM,,,I-25 Exit 252,Exit,252,False,,False,I-25,,,,,[],[],"[49, 87, 107, 198, 255, 293, 297, 316, 331, 528, 558, 578, 669, 708, 752, 756, 774, 788]","[436, 439, 887, 890, 927]",[],"[108, 353, 430, 584, 808, 882]",[],"[87, 281, 401, 402, 424, 427, 464, 469, 558, 740, 850, 851, 876, 879, 911, 916]","[774, 911, 528, 401, 402, 788, 916, 281, 669, 927, 293, 808, 297, 424, 427, 558, 430, 49, 436, 439, 316, 578, 708, 198, 584, 331, 464, 850, 851, 469, 87, 353, 740, 107, 108, 876, 879, 752, 882, 756, 887, 890, 255]",False,[],[],"[49, 87, 107, 198, 255, 293, 297, 316, 331, 528, 558, 578, 669, 708, 752, 756, 774, 788]","[436, 439, 887, 890, 927]","[108, 353, 430, 584, 808, 882]","[87, 281, 401, 402, 424, 427, 464, 469, 558, 740, 850, 851, 876, 879, 911, 916]",[],0/6 successful match,False,,False,194,False,,1.0,True,San Felipe Travel Center,
"San Felipe Pueblo , 87001 San Felipe Travel Center ( 66 )",505-867-4706 I-25 Exit 252,24 HAS <U+2610> <U+2610> <U+2610>,San Felipe Pueblo,87001,San Felipe Travel Center ( 66 ),505-867-4706,2008,Algodones,NM,,,I-25 Exit 252,Exit,252,False,,False,I-25,,,,,[],[],"[49, 87, 107, 198, 255, 293, 297, 316, 331, 528, 558, 578, 669, 708, 752, 756, 774, 788]","[436, 439, 887, 890, 927]",[],"[108, 353, 430, 584, 808, 882]",[],"[87, 281, 401, 402, 424, 427, 464, 469, 558, 740, 850, 851, 876, 879, 911, 916]","[774, 911, 528, 401, 402, 788, 916, 281, 669, 927, 293, 808, 297, 424, 427, 558, 430, 49, 436, 439, 316, 578, 708, 198, 584, 331, 464, 850, 851, 469, 87, 353, 740, 107, 108, 876, 879, 752, 882, 756, 887, 890, 255]",False,[],[],"[49, 87, 107, 198, 255, 293, 297, 316, 331, 528, 558, 578, 669, 708, 752, 756, 774, 788]","[436, 439, 887, 890, 927]","[108, 353, 430, 584, 808, 882]","[87, 281, 401, 402, 424, 427, 464, 469, 558, 740, 850, 851, 876, 879, 911, 916]",[],0/6 successful match,False,,False,194,False,,1.0,True,San Felipe Travel Center ( 66 ),
D San Felipe Pueblo ( 87001 ) San Felipe Travel Center ( 66 ),505-867-4706 I-25 Exit 252,24 D,San Felipe Pueblo,87001,San Felipe Travel Center ( 66 ),505-867-4706,2014,Algodones,NM,,,I-25 Exit 252,Exit,252,False,,False,I-25,,,,,[],[],"[49, 87, 107, 198, 255, 293, 297, 316, 331, 528, 558, 578, 669, 708, 752, 756, 774, 788]","[436, 439, 887, 890, 927]",[],"[108, 353, 430, 584, 808, 882]",[],"[87, 281, 401, 402, 424, 427, 464, 469, 558, 740, 850, 851, 876, 879, 911, 916]","[774, 911, 528, 401, 402, 788, 916, 281, 669, 927, 293, 808, 297, 424, 427, 558, 430, 49, 436, 439, 316, 578, 708, 198, 584, 331, 464, 850, 851, 469, 87, 353, 740, 107, 108, 876, 879, 752, 882, 756, 887, 890, 255]",False,[],[],"[49, 87, 107, 198, 255, 293, 297, 316, 331, 528, 558, 578, 669, 708, 752, 756, 774, 788]","[436, 439, 887, 890, 927]","[108, 353, 430, 584, 808, 882]","[87, 281, 401, 402, 424, 427, 464, 469, 558, 740, 850, 851, 876, 879, 911, 916]",[],0/6 successful match,False,,False,194,False,,1.0,True,San Felipe Travel Center ( 66 ),
San Felipe Pueblo ( 87001 ) San Felipe Travel Center ( 66 ),505-867-4706 I-25 Exit 252 ODEST,24 <U+2610>,San Felipe Pueblo,87001,San Felipe Travel Center ( 66 ),505-867-4706,2015,Algodones,NM,,,I-25 Exit 252 ODEST,Exit,252,False,,False,I-25,,,,,[],[],"[49, 87, 107, 198, 255, 293, 297, 316, 331, 528, 558, 578, 669, 708, 752, 756, 774, 788]","[436, 439, 887, 890, 927]",[],"[108, 353, 430, 584, 808, 882]",[],"[87, 281, 401, 402, 424, 427, 464, 469, 558, 740, 850, 851, 876, 879, 911, 916]","[774, 911, 528, 401, 402, 788, 916, 281, 669, 927, 293, 808, 297, 424, 427, 558, 430, 49, 436, 439, 316, 578, 708, 198, 584, 331, 464, 850, 851, 469, 87, 353, 740, 107, 108, 876, 879, 752, 882, 756, 887, 890, 255]",False,[],[],"[49, 87, 107, 198, 255, 293, 297, 316, 331, 528, 558, 578, 669, 708, 752, 756, 774, 788]","[436, 439, 887, 890, 927]","[108, 353, 430, 584, 808, 882]","[87, 281, 401, 402, 424, 427, 464, 469, 558, 740, 850, 851, 876, 879, 911, 916]",[],0/6 successful match,False,,False,194,False,,1.0,True,San Felipe Travel Center ( 66 ),
D San Felipe Pueblo ( 87001 ) San Felipe Travel Center ( 66 ),505-867-4706 I-25 Exit 252,24,San Felipe Pueblo,87001,San Felipe Travel Center ( 66 ),505-867-4706,2016,Algodones,NM,,,I-25 Exit 252,Exit,252,False,,False,I-25,,,,,[],[],"[49, 87, 107, 198, 255, 293, 297, 316, 331, 528, 558, 578, 669, 708, 752, 756, 774, 788]","[436, 439, 887, 890, 927]",[],"[108, 353, 430, 584, 808, 882]",[],"[87, 281, 401, 402, 424, 427, 464, 469, 558, 740, 850, 851, 876, 879, 911, 916]","[774, 911, 528, 401, 402, 788, 916, 281, 669, 927, 293, 808, 297, 424, 427, 558, 430, 49, 436, 439, 316, 578, 708, 198, 584, 331, 464, 850, 851, 469, 87, 353, 740, 107, 108, 876, 879, 752, 882, 756, 887, 890, 255]",False,[],[],"[49, 87, 107, 198, 255, 293, 297, 316, 331, 528, 558, 578, 669, 708, 752, 756, 774, 788]","[436, 439, 887, 890, 927]","[108, 353, 430, 584, 808, 882]","[87, 281, 401, 402, 424, 427, 464, 469, 558, 740, 850, 851, 876, 879, 911, 916]",[],0/6 successful match,False,,False,194,False,,1.0,True,San Felipe Travel Center ( 66 ),
"Casa Blanca , 87007 Dancing Eagle Travel Center ( Conoco )",3 505-552-7477 I-40 Exit 108 ( NM 23 ),HRS 24 XL N 24 489,Casa Blanca,87007,Dancing Eagle Travel Center ( Conoco ),505-552-7477,2006,Casa Blanca,NM,Conoco,( NM 23 ),I-40 Exit 108 ,Exit,108,False,,False,I-40,,,,,[],[],"[34, 63, 79, 81, 515, 537, 551]",[],[],"[4, 11, 18, 21, 23, 26, 27, 28, 31, 35, 36, 43, 45, 52, 55, 56, 60, 62, 64, 70, 71, 80, 90, 94, 97, 183, 197, 232, 334, 426, 455, 472, 477, 478, 480, 483, 484, 490, 496, 505, 507, 509, 510, 511, 514, 516, 517, 523, 525, 529, 532, 533, 536, 538, 545, 546, 552, 561, 565, 568, 654, 668, 696, 790, 857, 878, 902, 919, 928, 929, 932, 934, 935]","[3, 27, 349, 406, 451, 489, 510, 804, 855, 898]","[3, 15, 27, 349, 406, 412, 413, 426, 451, 489, 500, 510, 804, 855, 863, 864, 878, 898]","[514, 515, 4, 516, 517, 3, 11, 523, 525, 15, 529, 18, 532, 21, 533, 23, 536, 537, 26, 27, 28, 538, 31, 545, 34, 35, 36, 546, 551, 552, 43, 45, 561, 52, 565, 55, 56, 568, 60, 62, 63, 64, 70, 71, 79, 80, 81, 90, 94, 97, 654, 668, 183, 696, 197, 232, 790, 804, 334, 855, 857, 349, 863, 864, 878, 898, 902, 406, 919, 412, 413, 928, 929, 932, 934, 935, 426, 451, 455, 472, 477, 478, 480, 483, 484, 489, 490, 496, 500, 505, 507, 509, 510, 511]",False,[],[],"[34, 63, 79, 81, 515, 537, 551]",[],"[4, 11, 18, 21, 23, 26, 27, 28, 31, 35, 36, 43, 45, 52, 55, 56, 60, 62, 64, 70, 71, 80, 90, 94, 97, 183, 197, 232, 334, 426, 455, 472, 477, 478, 480, 483, 484, 490, 496, 505, 507, 509, 510, 511, 514, 516, 517, 523, 525, 529, 532, 533, 536, 538, 545, 546, 552, 561, 565, 568, 654, 668, 696, 790, 857, 878, 902, 919, 928, 929, 932, 934, 935]","[3, 15, 27, 349, 406, 412, 413, 426, 451, 489, 500, 510, 804, 855, 863, 864, 878, 898]","[3, 27, 349, 406, 451, 489, 510, 804, 855, 898]",0/6 successful match,False,,False,195,False,,,,,
"D Casa Blanca , 87007 Dancing Eagle Travel Center ( Conoco )",505-552-7477 I-40 Exit 108 ( NM 23 ),) HRS 24,Casa Blanca,87007,Dancing Eagle Travel Center ( Conoco ),505-552-7477,2007,Casa Blanca,NM,Conoco,( NM 23 ),I-40 Exit 108 ,Exit,108,False,,False,I-40,,,,,[],[],"[34, 63, 79, 81, 515, 537, 551]",[],[],"[4, 11, 18, 21, 23, 26, 27, 28, 31, 35, 36, 43, 45, 52, 55, 56, 60, 62, 64, 70, 71, 80, 90, 94, 97, 183, 197, 232, 334, 426, 455, 472, 477, 478, 480, 483, 484, 490, 496, 505, 507, 509, 510, 511, 514, 516, 517, 523, 525, 529, 532, 533, 536, 538, 545, 546, 552, 561, 565, 568, 654, 668, 696, 790, 857, 878, 902, 919, 928, 929, 932, 934, 935]","[3, 27, 349, 406, 451, 489, 510, 804, 855, 898]","[3, 15, 27, 349, 406, 412, 413, 426, 451, 489, 500, 510, 804, 855, 863, 864, 878, 898]","[514, 515, 4, 516, 517, 3, 11, 523, 525, 15, 529, 18, 532, 21, 533, 23, 536, 537, 26, 27, 28, 538, 31, 545, 34, 35, 36, 546, 551, 552, 43, 45, 561, 52, 565, 55, 56, 568, 60, 62, 63, 64, 70, 71, 79, 80, 81, 90, 94, 97, 654, 668, 183, 696, 197, 232, 790, 804, 334, 855, 857, 349, 863, 864, 878, 898, 902, 406, 919, 412, 413, 928, 929, 932, 934, 935, 426, 451, 455, 472, 477, 478, 480, 483, 484, 489, 490, 496, 500, 505, 507, 509, 510, 511]",False,[],[],"[34, 63, 79, 81, 515, 537, 551]",[],"[4, 11, 18, 21, 23, 26, 27, 28, 31, 35, 36, 43, 45, 52, 55, 56, 60, 62, 64, 70, 71, 80, 90, 94, 97, 183, 197, 232, 334, 426, 455, 472, 477, 478, 480, 483, 484, 490, 496, 505, 507, 509, 510, 511, 514, 516, 517, 523, 525, 529, 532, 533, 536, 538, 545, 546, 552, 561, 565, 568, 654, 668, 696, 790, 857, 878, 902, 919, 928, 929, 932, 934, 935]","[3, 15, 27, 349, 406, 412, 413, 426, 451, 489, 500, 510, 804, 855, 863, 864, 878, 898]","[3, 27, 349, 406, 451, 489, 510, 804, 855, 898]",0/6 successful match,False,,False,195,False,,1.0,True,Dancing Eagle Travel Center ( Conoco ),Conoco
"D Casa Blanca , 87007 Dancing Eagle Travel Center ( Conoco )",3 505-552-7477 I-40 Exit 108 ( NM 23 ),HRS 22 24 XL <U+2610><U+2610> <U+2610><U+2610>,Casa Blanca,87007,Dancing Eagle Travel Center ( Conoco ),505-552-7477,2008,Casa Blanca,NM,Conoco,( NM 23 ),I-40 Exit 108 ,Exit,108,False,,False,I-40,,,,,[],[],"[34, 63, 79, 81, 515, 537, 551]",[],[],"[4, 11, 18, 21, 23, 26, 27, 28, 31, 35, 36, 43, 45, 52, 55, 56, 60, 62, 64, 70, 71, 80, 90, 94, 97, 183, 197, 232, 334, 426, 455, 472, 477, 478, 480, 483, 484, 490, 496, 505, 507, 509, 510, 511, 514, 516, 517, 523, 525, 529, 532, 533, 536, 538, 545, 546, 552, 561, 565, 568, 654, 668, 696, 790, 857, 878, 902, 919, 928, 929, 932, 934, 935]","[3, 27, 349, 406, 451, 489, 510, 804, 855, 898]","[3, 15, 27, 349, 406, 412, 413, 426, 451, 489, 500, 510, 804, 855, 863, 864, 878, 898]","[514, 515, 4, 516, 517, 3, 11, 523, 525, 15, 529, 18, 532, 21, 533, 23, 536, 537, 26, 27, 28, 538, 31, 545, 34, 35, 36, 546, 551, 552, 43, 45, 561, 52, 565, 55, 56, 568, 60, 62, 63, 64, 70, 71, 79, 80, 81, 90, 94, 97, 654, 668, 183, 696, 197, 232, 790, 804, 334, 855, 857, 349, 863, 864, 878, 898, 902, 406, 919, 412, 413, 928, 929, 932, 934, 935, 426, 451, 455, 472, 477, 478, 480, 483, 484, 489, 490, 496, 500, 505, 507, 509, 510, 511]",False,[],[],"[34, 63, 79, 81, 515, 537, 551]",[],"[4, 11, 18, 21, 23, 26, 27, 28, 31, 35, 36, 43, 45, 52, 55, 56, 60, 62, 64, 70, 71, 80, 90, 94, 97, 183, 197, 232, 334, 426, 455, 472, 477, 478, 480, 483, 484, 490, 496, 505, 507, 509, 510, 511, 514, 516, 517, 523, 525, 529, 532, 533, 536, 538, 545, 546, 552, 561, 565, 568, 654, 668, 696, 790, 857, 878, 902, 919, 928, 929, 932, 934, 935]","[3, 15, 27, 349, 406, 412, 413, 426, 451, 489, 500, 510, 804, 855, 863, 864, 878, 898]","[3, 27, 349, 406, 451, 489, 510, 804, 855, 898]",0/6 successful match,False,,False,195,False,,1.0,True,Dancing Eagle Travel Center ( Conoco ),Conoco
D Casa Blanca ( 87007 ) Dancing Eagle Travel Center,505-552-7477 I-40 Exit 108 ( NM 23 ),XL,Casa Blanca,87007,Dancing Eagle Travel Center,505-552-7477,2014,Casa Blanca,NM,,( NM 23 ),I-40 Exit 108 ,Exit,108,False,,False,I-40,,,,,[],[],"[34, 63, 79, 81, 515, 537, 551]",[],[],"[4, 11, 18, 21, 23, 26, 27, 28, 31, 35, 36, 43, 45, 52, 55, 56, 60, 62, 64, 70, 71, 80, 90, 94, 97, 183, 197, 232, 334, 426, 455, 472, 477, 478, 480, 483, 484, 490, 496, 505, 507, 509, 510, 511, 514, 516, 517, 523, 525, 529, 532, 533, 536, 538, 545, 546, 552, 561, 565, 568, 654, 668, 696, 790, 857, 878, 902, 919, 928, 929, 932, 934, 935]",[],"[15, 412, 413, 426, 500, 863, 864, 878]","[514, 515, 4, 516, 517, 11, 523, 525, 15, 529, 18, 532, 21, 533, 23, 536, 537, 26, 27, 28, 538, 31, 545, 34, 35, 36, 546, 551, 552, 43, 45, 561, 52, 565, 55, 56, 568, 60, 62, 63, 64, 70, 71, 79, 80, 81, 90, 94, 97, 654, 668, 183, 696, 197, 232, 790, 334, 857, 863, 864, 878, 902, 919, 412, 413, 928, 929, 932, 934, 935, 426, 455, 472, 477, 478, 480, 483, 484, 490, 496, 500, 505, 507, 509, 510, 511]",False,[],[],"[34, 63, 79, 81, 515, 537, 551]",[],"[4, 11, 18, 21, 23, 26, 27, 28, 31, 35, 36, 43, 45, 52, 55, 56, 60, 62, 64, 70, 71, 80, 90, 94, 97, 183, 197, 232, 334, 426, 455, 472, 477, 478, 480, 483, 484, 490, 496, 505, 507, 509, 510, 511, 514, 516, 517, 523, 525, 529, 532, 533, 536, 538, 545, 546, 552, 561, 565, 568, 654, 668, 696, 790, 857, 878, 902, 919, 928, 929, 932, 934, 935]","[15, 412, 413, 426, 500, 863, 864, 878]",[],0/6 successful match,False,,False,195,False,,1.0,True,Dancing Eagle Travel Center ( Conoco ),Conoco
Casa Blanca ( 87007 ) Dancing Eagle Travel Center,505-552-7477 I-40 Exit 108 ( NM 23 ),NP3 24 XL <U+2610>,Casa Blanca,87007,Dancing Eagle Travel Center,505-552-7477,2015,Casa Blanca,NM,,( NM 23 ),I-40 Exit 108 ,Exit,108,False,,False,I-40,,,,,[],[],"[34, 63, 79, 81, 515, 537, 551]",[],[],"[4, 11, 18, 21, 23, 26, 27, 28, 31, 35, 36, 43, 45, 52, 55, 56, 60, 62, 64, 70, 71, 80, 90, 94, 97, 183, 197, 232, 334, 426, 455, 472, 477, 478, 480, 483, 484, 490, 496, 505, 507, 509, 510, 511, 514, 516, 517, 523, 525, 529, 532, 533, 536, 538, 545, 546, 552, 561, 565, 568, 654, 668, 696, 790, 857, 878, 902, 919, 928, 929, 932, 934, 935]",[],"[15, 412, 413, 426, 500, 863, 864, 878]","[514, 515, 4, 516, 517, 11, 523, 525, 15, 529, 18, 532, 21, 533, 23, 536, 537, 26, 27, 28, 538, 31, 545, 34, 35, 36, 546, 551, 552, 43, 45, 561, 52, 565, 55, 56, 568, 60, 62, 63, 64, 70, 71, 79, 80, 81, 90, 94, 97, 654, 668, 183, 696, 197, 232, 790, 334, 857, 863, 864, 878, 902, 919, 412, 413, 928, 929, 932, 934, 935, 426, 455, 472, 477, 478, 480, 483, 484, 490, 496, 500, 505, 507, 509, 510, 511]",False,[],[],"[34, 63, 79, 81, 515, 537, 551]",[],"[4, 11, 18, 21, 23, 26, 27, 28, 31, 35, 36, 43, 45, 52, 55, 56, 60, 62, 64, 70, 71, 80, 90, 94, 97, 183, 197, 232, 334, 426, 455, 472, 477, 478, 480, 483, 484, 490, 496, 505, 507, 509, 510, 511, 514, 516, 517, 523, 525, 529, 532, 533, 536, 538, 545, 546, 552, 561, 565, 568, 654, 668, 696, 790, 857, 878, 902, 919, 928, 929, 932, 934, 935]","[15, 412, 413, 426, 500, 863, 864, 878]",[],0/6 successful match,False,,False,195,False,,1.0,True,Dancing Eagle Travel Center,
D Casa Blanca ( 87007 ) Dancing Eagle Travel Center,505-552-7477 I-40 Exit 108 ( NM 23 ),24 XL,Casa Blanca,87007,Dancing Eagle Travel Center,505-552-7477,2016,Casa Blanca,NM,,( NM 23 ),I-40 Exit 108 ,Exit,108,False,,False,I-40,,,,,[],[],"[34, 63, 79, 81, 515, 537, 551]",[],[],"[4, 11, 18, 21, 23, 26, 27, 28, 31, 35, 36, 43, 45, 52, 55, 56, 60, 62, 64, 70, 71, 80, 90, 94, 97, 183, 197, 232, 334, 426, 455, 472, 477, 478, 480, 483, 484, 490, 496, 505, 507, 509, 510, 511, 514, 516, 517, 523, 525, 529, 532, 533, 536, 538, 545, 546, 552, 561, 565, 568, 654, 668, 696, 790, 857, 878, 902, 919, 928, 929, 932, 934, 935]",[],"[15, 412, 413, 426, 500, 863, 864, 878]","[514, 515, 4, 516, 517, 11, 523, 525, 15, 529, 18, 532, 21, 533, 23, 536, 537, 26, 27, 28, 538, 31, 545, 34, 35, 36, 546, 551, 552, 43, 45, 561, 52, 565, 55, 56, 568, 60, 62, 63, 64, 70, 71, 79, 80, 81, 90, 94, 97, 654, 668, 183, 696, 197, 232, 790, 334, 857, 863, 864, 878, 902, 919, 412, 413, 928, 929, 932, 934, 935, 426, 455, 472, 477, 478, 480, 483, 484, 490, 496, 500, 505, 507, 509, 510, 511]",False,[],[],"[34, 63, 79, 81, 515, 537, 551]",[],"[4, 11, 18, 21, 23, 26, 27, 28, 31, 35, 36, 43, 45, 52, 55, 56, 60, 62, 64, 70, 71, 80, 90, 94, 97, 183, 197, 232, 334, 426, 455, 472, 477, 478, 480, 483, 484, 490, 496, 505, 507, 509, 510, 511, 514, 516, 517, 523, 525, 529, 532, 533, 536, 538, 545, 546, 552, 561, 565, 568, 654, 668, 696, 790, 857, 878, 902, 919, 928, 929, 932, 934, 935]","[15, 412, 413, 426, 500, 863, 864, 878]",[],0/6 successful match,False,,False,195,False,,1.0,True,Dancing Eagle Travel Center,
"Milan , 87021 Stopping Center # 13",505-285-6648 Petro I-40 Exit 79 ( Horizon Blvd ) PETRO,S,Milan,87021,Stopping Center # 13,505-285-6648,2006,Milan,NM,,( Horizon Blvd ) PETRO,Petro I-40 Exit 79 ,Exit,79,False,,False,I-40,,,,,[],[],[],[],[],"[4, 11, 18, 21, 23, 26, 27, 28, 31, 35, 36, 43, 45, 52, 55, 56, 60, 62, 64, 70, 71, 80, 90, 94, 97, 183, 197, 232, 334, 426, 455, 472, 477, 478, 480, 483, 484, 490, 496, 505, 507, 509, 510, 511, 514, 516, 517, 523, 525, 529, 532, 533, 536, 538, 545, 546, 552, 561, 565, 568, 654, 668, 696, 790, 857, 878, 902, 919, 928, 929, 932, 934, 935]",[],"[63, 64, 240, 241, 242, 243, 370, 371, 372, 537, 538, 704, 705, 706, 707, 820, 821, 822]","[514, 4, 516, 517, 11, 523, 525, 529, 18, 532, 21, 533, 23, 536, 537, 26, 27, 28, 538, 31, 545, 546, 35, 36, 552, 43, 45, 561, 52, 565, 55, 56, 568, 60, 62, 63, 64, 70, 71, 80, 90, 94, 97, 654, 668, 183, 696, 704, 705, 706, 707, 197, 232, 240, 241, 242, 243, 790, 820, 821, 822, 334, 857, 878, 370, 371, 372, 902, 919, 928, 929, 932, 934, 935, 426, 455, 472, 477, 478, 480, 483, 484, 490, 496, 505, 507, 509, 510, 511]",False,[],[],[],[],"[4, 11, 18, 21, 23, 26, 27, 28, 31, 35, 36, 43, 45, 52, 55, 56, 60, 62, 64, 70, 71, 80, 90, 94, 97, 183, 197, 232, 334, 426, 455, 472, 477, 478, 480, 483, 484, 490, 496, 505, 507, 509, 510, 511, 514, 516, 517, 523, 525, 529, 532, 533, 536, 538, 545, 546, 552, 561, 565, 568, 654, 668, 696, 790, 857, 878, 902, 919, 928, 929, 932, 934, 935]","[63, 64, 240, 241, 242, 243, 370, 371, 372, 537, 538, 704, 705, 706, 707, 820, 821, 822]",[],0/6 successful match,False,,False,196,False,,,,,
"Milan , 87021 Petro Stopping Center # 13",505-285-6648 I-40 Exit 79 ( Horizon Blvd ),. 4,Milan,87021,Petro Stopping Center # 13,505-285-6648,2007,Milan,NM,,( Horizon Blvd ),I-40 Exit 79 ,Exit,79,False,,False,I-40,,,,,[],[],[],[],[],"[4, 11, 18, 21, 23, 26, 27, 28, 31, 35, 36, 43, 45, 52, 55, 56, 60, 62, 64, 70, 71, 80, 90, 94, 97, 183, 197, 232, 334, 426, 455, 472, 477, 478, 480, 483, 484, 490, 496, 505, 507, 509, 510, 511, 514, 516, 517, 523, 525, 529, 532, 533, 536, 538, 545, 546, 552, 561, 565, 568, 654, 668, 696, 790, 857, 878, 902, 919, 928, 929, 932, 934, 935]",[],"[63, 64, 240, 241, 242, 243, 370, 371, 372, 537, 538, 704, 705, 706, 707, 820, 821, 822]","[514, 4, 516, 517, 11, 523, 525, 529, 18, 532, 21, 533, 23, 536, 537, 26, 27, 28, 538, 31, 545, 546, 35, 36, 552, 43, 45, 561, 52, 565, 55, 56, 568, 60, 62, 63, 64, 70, 71, 80, 90, 94, 97, 654, 668, 183, 696, 704, 705, 706, 707, 197, 232, 240, 241, 242, 243, 790, 820, 821, 822, 334, 857, 878, 370, 371, 372, 902, 919, 928, 929, 932, 934, 935, 426, 455, 472, 477, 478, 480, 483, 484, 490, 496, 505, 507, 509, 510, 511]",False,[],[],[],[],"[4, 11, 18, 21, 23, 26, 27, 28, 31, 35, 36, 43, 45, 52, 55, 56, 60, 62, 64, 70, 71, 80, 90, 94, 97, 183, 197, 232, 334, 426, 455, 472, 477, 478, 480, 483, 484, 490, 496, 505, 507, 509, 510, 511, 514, 516, 517, 523, 525, 529, 532, 533, 536, 538, 545, 546, 552, 561, 565, 568, 654, 668, 696, 790, 857, 878, 902, 919, 928, 929, 932, 934, 935]","[63, 64, 240, 241, 242, 243, 370, 371, 372, 537, 538, 704, 705, 706, 707, 820, 821, 822]",[],0/6 successful match,False,,False,196,False,,1.0,True,Stopping Center # 13,
"Milan , 87021 Center # 13",2 505-285-6648 I-40 Petro Exit Stopping 79 ( Horizon Blvd ) PETRO,24 m XL 24,Milan,87021,Center # 13,505-285-6648,2008,Milan,NM,,( Horizon Blvd ) PETRO,I-40 Petro Exit Stopping 79 ,Exit,,False,,False,I-40,,,,,[],[],[],[],[],"[4, 11, 18, 21, 23, 26, 27, 28, 31, 35, 36, 43, 45, 52, 55, 56, 60, 62, 64, 70, 71, 80, 90, 94, 97, 183, 197, 232, 334, 426, 455, 472, 477, 478, 480, 483, 484, 490, 496, 505, 507, 509, 510, 511, 514, 516, 517, 523, 525, 529, 532, 533, 536, 538, 545, 546, 552, 561, 565, 568, 654, 668, 696, 790, 857, 878, 902, 919, 928, 929, 932, 934, 935]",[],[],"[514, 4, 516, 517, 902, 11, 523, 525, 654, 529, 18, 532, 21, 533, 23, 536, 790, 26, 27, 28, 538, 668, 31, 919, 545, 546, 35, 36, 928, 929, 932, 552, 934, 426, 43, 935, 45, 561, 52, 565, 55, 56, 183, 568, 696, 60, 62, 64, 197, 70, 71, 455, 334, 80, 472, 857, 90, 477, 94, 478, 480, 97, 483, 484, 232, 490, 878, 496, 505, 507, 509, 510, 511]",False,[],[],[],[],"[4, 11, 18, 21, 23, 26, 27, 28, 31, 35, 36, 43, 45, 52, 55, 56, 60, 62, 64, 70, 71, 80, 90, 94, 97, 183, 197, 232, 334, 426, 455, 472, 477, 478, 480, 483, 484, 490, 496, 505, 507, 509, 510, 511, 514, 516, 517, 523, 525, 529, 532, 533, 536, 538, 545, 546, 552, 561, 565, 568, 654, 668, 696, 790, 857, 878, 902, 919, 928, 929, 932, 934, 935]",[],[],0/6 successful match,False,,False,196,False,,0.8783783783783784,True,Petro Stopping Center # 13,
Milan ( 87021 ) Petro Milan # 313,2 505-285-6648 I-40 Exit 79 ( Horizon Blvd ),PETRO 24 <U+2610> XL 1403 24,Milan,87021,Petro Milan # 313,505-285-6648,2014,Milan,NM,,( Horizon Blvd ),I-40 Exit 79 ,Exit,79,False,,False,I-40,,,,,[],[],[],[],[],"[4, 11, 18, 21, 23, 26, 27, 28, 31, 35, 36, 43, 45, 52, 55, 56, 60, 62, 64, 70, 71, 80, 90, 94, 97, 183, 197, 232, 334, 426, 455, 472, 477, 478, 480, 483, 484, 490, 496, 505, 507, 509, 510, 511, 514, 516, 517, 523, 525, 529, 532, 533, 536, 538, 545, 546, 552, 561, 565, 568, 654, 668, 696, 790, 857, 878, 902, 919, 928, 929, 932, 934, 935]",[],"[63, 64, 240, 241, 242, 243, 370, 371, 372, 537, 538, 704, 705, 706, 707, 820, 821, 822]","[514, 4, 516, 517, 11, 523, 525, 529, 18, 532, 21, 533, 23, 536, 537, 26, 27, 28, 538, 31, 545, 546, 35, 36, 552, 43, 45, 561, 52, 565, 55, 56, 568, 60, 62, 63, 64, 70, 71, 80, 90, 94, 97, 654, 668, 183, 696, 704, 705, 706, 707, 197, 232, 240, 241, 242, 243, 790, 820, 821, 822, 334, 857, 878, 370, 371, 372, 902, 919, 928, 929, 932, 934, 935, 426, 455, 472, 477, 478, 480, 483, 484, 490, 496, 505, 507, 509, 510, 511]",False,[],[],[],[],"[4, 11, 18, 21, 23, 26, 27, 28, 31, 35, 36, 43, 45, 52, 55, 56, 60, 62, 64, 70, 71, 80, 90, 94, 97, 183, 197, 232, 334, 426, 455, 472, 477, 478, 480, 483, 484, 490, 496, 505, 507, 509, 510, 511, 514, 516, 517, 523, 525, 529, 532, 533, 536, 538, 545, 546, 552, 561, 565, 568, 654, 668, 696, 790, 857, 878, 902, 919, 928, 929, 932, 934, 935]","[63, 64, 240, 241, 242, 243, 370, 371, 372, 537, 538, 704, 705, 706, 707, 820, 821, 822]",[],0/6 successful match,False,,False,196,False,,0.2857142857142857,True,Center # 13,
Milan ( 87021 ) Petro Milan # 313 PETRO,505-285-6648 I-40 Exit 79 ( Horizon Blvd ),24 111 XL 24,Milan,87021,Petro Milan # 313 PETRO,505-285-6648,2015,Milan,NM,,( Horizon Blvd ),I-40 Exit 79 ,Exit,79,False,,False,I-40,,,,,[],[],[],[],[],"[4, 11, 18, 21, 23, 26, 27, 28, 31, 35, 36, 43, 45, 52, 55, 56, 60, 62, 64, 70, 71, 80, 90, 94, 97, 183, 197, 232, 334, 426, 455, 472, 477, 478, 480, 483, 484, 490, 496, 505, 507, 509, 510, 511, 514, 516, 517, 523, 525, 529, 532, 533, 536, 538, 545, 546, 552, 561, 565, 568, 654, 668, 696, 790, 857, 878, 902, 919, 928, 929, 932, 934, 935]",[],"[63, 64, 240, 241, 242, 243, 370, 371, 372, 537, 538, 704, 705, 706, 707, 820, 821, 822]","[514, 4, 516, 517, 11, 523, 525, 529, 18, 532, 21, 533, 23, 536, 537, 26, 27, 28, 538, 31, 545, 546, 35, 36, 552, 43, 45, 561, 52, 565, 55, 56, 568, 60, 62, 63, 64, 70, 71, 80, 90, 94, 97, 654, 668, 183, 696, 704, 705, 706, 707, 197, 232, 240, 241, 242, 243, 790, 820, 821, 822, 334, 857, 878, 370, 371, 372, 902, 919, 928, 929, 932, 934, 935, 426, 455, 472, 477, 478, 480, 483, 484, 490, 496, 505, 507, 509, 510, 511]",False,[],[],[],[],"[4, 11, 18, 21, 23, 26, 27, 28, 31, 35, 36, 43, 45, 52, 55, 56, 60, 62, 64, 70, 71, 80, 90, 94, 97, 183, 197, 232, 334, 426, 455, 472, 477, 478, 480, 483, 484, 490, 496, 505, 507, 509, 510, 511, 514, 516, 517, 523, 525, 529, 532, 533, 536, 538, 545, 546, 552, 561, 565, 568, 654, 668, 696, 790, 857, 878, 902, 919, 928, 929, 932, 934, 935]","[63, 64, 240, 241, 242, 243, 370, 371, 372, 537, 538, 704, 705, 706, 707, 820, 821, 822]",[],0/6 successful match,False,,False,196,False,,1.0,True,Petro Milan # 313,
Milan ( 87021 ) Petro Milan # 313 ( Mobil ),505-285-6648 I-40 Exit 79 ( Horizon Blvd ),PETRO 24 <U+2610> XL 24 NILS,Milan,87021,Petro Milan # 313 ( Mobil ),505-285-6648,2016,Milan,NM,Mobil,( Horizon Blvd ),I-40 Exit 79 ,Exit,79,False,,False,I-40,,,,,[],[],[],[],[],"[4, 11, 18, 21, 23, 26, 27, 28, 31, 35, 36, 43, 45, 52, 55, 56, 60, 62, 64, 70, 71, 80, 90, 94, 97, 183, 197, 232, 334, 426, 455, 472, 477, 478, 480, 483, 484, 490, 496, 505, 507, 509, 510, 511, 514, 516, 517, 523, 525, 529, 532, 533, 536, 538, 545, 546, 552, 561, 565, 568, 654, 668, 696, 790, 857, 878, 902, 919, 928, 929, 932, 934, 935]","[4, 59, 232, 269, 299, 490, 535, 696, 728, 758]","[4, 59, 63, 64, 232, 240, 241, 242, 243, 269, 299, 370, 371, 372, 490, 535, 537, 538, 696, 704, 705, 706, 707, 728, 758, 820, 821, 822]","[514, 4, 516, 517, 11, 523, 525, 529, 18, 532, 21, 533, 535, 23, 536, 26, 27, 28, 538, 537, 31, 545, 546, 35, 36, 552, 43, 45, 561, 52, 565, 55, 56, 568, 59, 60, 62, 63, 64, 70, 71, 80, 90, 94, 97, 654, 668, 183, 696, 704, 705, 706, 707, 197, 728, 232, 240, 241, 242, 243, 758, 269, 790, 299, 820, 821, 822, 334, 857, 878, 370, 371, 372, 902, 919, 928, 929, 932, 934, 935, 426, 455, 472, 477, 478, 480, 483, 484, 490, 496, 505, 507, 509, 510, 511]",False,[],[],[],[],"[4, 11, 18, 21, 23, 26, 27, 28, 31, 35, 36, 43, 45, 52, 55, 56, 60, 62, 64, 70, 71, 80, 90, 94, 97, 183, 197, 232, 334, 426, 455, 472, 477, 478, 480, 483, 484, 490, 496, 505, 507, 509, 510, 511, 514, 516, 517, 523, 525, 529, 532, 533, 536, 538, 545, 546, 552, 561, 565, 568, 654, 668, 696, 790, 857, 878, 902, 919, 928, 929, 932, 934, 935]","[4, 59, 63, 64, 232, 240, 241, 242, 243, 269, 299, 370, 371, 372, 490, 535, 537, 538, 696, 704, 705, 706, 707, 728, 758, 820, 821, 822]","[4, 59, 232, 269, 299, 490, 535, 696, 728, 758]",0/6 successful match,False,,False,196,False,,1.0,True,Petro Milan # 313 PETRO,
"Milan , 87021 Love's Travel Stop # 257",505-287-2981 I-40 Exit 79 ( Horizon Blvd ),24 XL +91,Milan,87021,Love's Travel Stop # 257,505-287-2981,2006,Milan,NM,Love's,( Horizon Blvd ),I-40 Exit 79 ,Exit,79,False,,False,I-40,,,,,[],[],[],[],[],"[4, 11, 18, 21, 23, 26, 27, 28, 31, 35, 36, 43, 45, 52, 55, 56, 60, 62, 64, 70, 71, 80, 90, 94, 97, 183, 197, 232, 334, 426, 455, 472, 477, 478, 480, 483, 484, 490, 496, 505, 507, 509, 510, 511, 514, 516, 517, 523, 525, 529, 532, 533, 536, 538, 545, 546, 552, 561, 565, 568, 654, 668, 696, 790, 857, 878, 902, 919, 928, 929, 932, 934, 935]","[34, 35, 36, 37, 38, 39, 40, 41, 42, 43, 44, 45, 46, 47, 48, 201, 202, 203, 204, 205, 206, 207, 208, 209, 210, 211, 212, 213, 214, 215, 216, 355, 356, 357, 358, 359, 360, 361, 429, 430, 431, 432, 433, 434, 435, 515, 516, 517, 518, 519, 520, 521, 522, 523, 524, 525, 526, 527, 672, 673, 674, 675, 676, 677, 678, 679, 680, 681, 682, 683, 684, 810, 811, 812, 813, 814, 881, 882, 883, 884, 885, 886]","[32, 33, 34, 35, 36, 37, 38, 39, 40, 41, 42, 43, 44, 45, 46, 47, 48, 201, 202, 203, 204, 205, 206, 207, 208, 209, 210, 211, 212, 213, 214, 215, 216, 355, 356, 357, 358, 359, 360, 361, 429, 430, 431, 432, 433, 434, 435, 515, 516, 517, 518, 519, 520, 521, 522, 523, 524, 525, 526, 527, 672, 673, 674, 675, 676, 677, 678, 679, 680, 681, 682, 683, 684, 810, 811, 812, 813, 814, 881, 882, 883, 884, 885, 886]","[514, 515, 4, 516, 517, 518, 519, 520, 521, 11, 523, 525, 522, 524, 526, 529, 18, 527, 532, 21, 533, 23, 536, 26, 27, 28, 538, 31, 32, 545, 546, 35, 36, 34, 38, 39, 552, 37, 40, 43, 41, 45, 42, 44, 46, 561, 47, 48, 52, 565, 55, 56, 568, 60, 62, 64, 70, 71, 80, 90, 94, 97, 654, 668, 672, 673, 674, 675, 676, 677, 678, 679, 680, 681, 682, 683, 684, 33, 183, 696, 197, 201, 202, 203, 204, 205, 206, 207, 208, 209, 210, 211, 212, 213, 214, 215, 216, 232, 790, 810, 811, 812, 813, 814, 334, 857, 355, 356, 357, 358, 359, 360, 361, 878, 881, 882, 883, 884, 885, 886, 902, 919, 928, 929, 932, 934, 935, 426, 429, 430, 431, 432, 433, 434, 435, 455, 472, 477, 478, 480, 483, 484, 490, 496, 505, 507, 509, 510, 511]",False,[],[],[],[],"[4, 11, 18, 21, 23, 26, 27, 28, 31, 35, 36, 43, 45, 52, 55, 56, 60, 62, 64, 70, 71, 80, 90, 94, 97, 183, 197, 232, 334, 426, 455, 472, 477, 478, 480, 483, 484, 490, 496, 505, 507, 509, 510, 511, 514, 516, 517, 523, 525, 529, 532, 533, 536, 538, 545, 546, 552, 561, 565, 568, 654, 668, 696, 790, 857, 878, 902, 919, 928, 929, 932, 934, 935]","[32, 33, 34, 35, 36, 37, 38, 39, 40, 41, 42, 43, 44, 45, 46, 47, 48, 201, 202, 203, 204, 205, 206, 207, 208, 209, 210, 211, 212, 213, 214, 215, 216, 355, 356, 357, 358, 359, 360, 361, 429, 430, 431, 432, 433, 434, 435, 515, 516, 517, 518, 519, 520, 521, 522, 523, 524, 525, 526, 527, 672, 673, 674, 675, 676, 677, 678, 679, 680, 681, 682, 683, 684, 810, 811, 812, 813, 814, 881, 882, 883, 884, 885, 886]","[34, 35, 36, 37, 38, 39, 40, 41, 42, 43, 44, 45, 46, 47, 48, 201, 202, 203, 204, 205, 206, 207, 208, 209, 210, 211, 212, 213, 214, 215, 216, 355, 356, 357, 358, 359, 360, 361, 429, 430, 431, 432, 433, 434, 435, 515, 516, 517, 518, 519, 520, 521, 522, 523, 524, 525, 526, 527, 672, 673, 674, 675, 676, 677, 678, 679, 680, 681, 682, 683, 684, 810, 811, 812, 813, 814, 881, 882, 883, 884, 885, 886]",0/6 successful match,False,,False,197,False,,,,,
"Milan , 87021 Love's Travel Stop # 257",505-287-2981 I-40 Exit 79 ( Horizon Blvd ),,Milan,87021,Love's Travel Stop # 257,505-287-2981,2007,Milan,NM,Love's,( Horizon Blvd ),I-40 Exit 79 ,Exit,79,False,,False,I-40,,,,,[],[],[],[],[],"[4, 11, 18, 21, 23, 26, 27, 28, 31, 35, 36, 43, 45, 52, 55, 56, 60, 62, 64, 70, 71, 80, 90, 94, 97, 183, 197, 232, 334, 426, 455, 472, 477, 478, 480, 483, 484, 490, 496, 505, 507, 509, 510, 511, 514, 516, 517, 523, 525, 529, 532, 533, 536, 538, 545, 546, 552, 561, 565, 568, 654, 668, 696, 790, 857, 878, 902, 919, 928, 929, 932, 934, 935]","[34, 35, 36, 37, 38, 39, 40, 41, 42, 43, 44, 45, 46, 47, 48, 201, 202, 203, 204, 205, 206, 207, 208, 209, 210, 211, 212, 213, 214, 215, 216, 355, 356, 357, 358, 359, 360, 361, 429, 430, 431, 432, 433, 434, 435, 515, 516, 517, 518, 519, 520, 521, 522, 523, 524, 525, 526, 527, 672, 673, 674, 675, 676, 677, 678, 679, 680, 681, 682, 683, 684, 810, 811, 812, 813, 814, 881, 882, 883, 884, 885, 886]","[32, 33, 34, 35, 36, 37, 38, 39, 40, 41, 42, 43, 44, 45, 46, 47, 48, 201, 202, 203, 204, 205, 206, 207, 208, 209, 210, 211, 212, 213, 214, 215, 216, 355, 356, 357, 358, 359, 360, 361, 429, 430, 431, 432, 433, 434, 435, 515, 516, 517, 518, 519, 520, 521, 522, 523, 524, 525, 526, 527, 672, 673, 674, 675, 676, 677, 678, 679, 680, 681, 682, 683, 684, 810, 811, 812, 813, 814, 881, 882, 883, 884, 885, 886]","[514, 515, 4, 516, 517, 518, 519, 520, 521, 11, 523, 525, 522, 524, 526, 529, 18, 527, 532, 21, 533, 23, 536, 26, 27, 28, 538, 31, 32, 545, 546, 35, 36, 34, 38, 39, 552, 37, 40, 43, 41, 45, 42, 44, 46, 561, 47, 48, 52, 565, 55, 56, 568, 60, 62, 64, 70, 71, 80, 90, 94, 97, 654, 668, 672, 673, 674, 675, 676, 677, 678, 679, 680, 681, 682, 683, 684, 33, 183, 696, 197, 201, 202, 203, 204, 205, 206, 207, 208, 209, 210, 211, 212, 213, 214, 215, 216, 232, 790, 810, 811, 812, 813, 814, 334, 857, 355, 356, 357, 358, 359, 360, 361, 878, 881, 882, 883, 884, 885, 886, 902, 919, 928, 929, 932, 934, 935, 426, 429, 430, 431, 432, 433, 434, 435, 455, 472, 477, 478, 480, 483, 484, 490, 496, 505, 507, 509, 510, 511]",False,[],[],[],[],"[4, 11, 18, 21, 23, 26, 27, 28, 31, 35, 36, 43, 45, 52, 55, 56, 60, 62, 64, 70, 71, 80, 90, 94, 97, 183, 197, 232, 334, 426, 455, 472, 477, 478, 480, 483, 484, 490, 496, 505, 507, 509, 510, 511, 514, 516, 517, 523, 525, 529, 532, 533, 536, 538, 545, 546, 552, 561, 565, 568, 654, 668, 696, 790, 857, 878, 902, 919, 928, 929, 932, 934, 935]","[32, 33, 34, 35, 36, 37, 38, 39, 40, 41, 42, 43, 44, 45, 46, 47, 48, 201, 202, 203, 204, 205, 206, 207, 208, 209, 210, 211, 212, 213, 214, 215, 216, 355, 356, 357, 358, 359, 360, 361, 429, 430, 431, 432, 433, 434, 435, 515, 516, 517, 518, 519, 520, 521, 522, 523, 524, 525, 526, 527, 672, 673, 674, 675, 676, 677, 678, 679, 680, 681, 682, 683, 684, 810, 811, 812, 813, 814, 881, 882, 883, 884, 885, 886]","[34, 35, 36, 37, 38, 39, 40, 41, 42, 43, 44, 45, 46, 47, 48, 201, 202, 203, 204, 205, 206, 207, 208, 209, 210, 211, 212, 213, 214, 215, 216, 355, 356, 357, 358, 359, 360, 361, 429, 430, 431, 432, 433, 434, 435, 515, 516, 517, 518, 519, 520, 521, 522, 523, 524, 525, 526, 527, 672, 673, 674, 675, 676, 677, 678, 679, 680, 681, 682, 683, 684, 810, 811, 812, 813, 814, 881, 882, 883, 884, 885, 886]",0/6 successful match,False,,False,197,False,,1.0,True,Love's Travel Stop # 257,Love's
"Milan , 87021 Love's Travel Stop # 257",505-287-2981 I-40 Exit 79 ( Horizon Blvd ),HRS 24 S,Milan,87021,Love's Travel Stop # 257,505-287-2981,2008,Milan,NM,Love's,( Horizon Blvd ),I-40 Exit 79 ,Exit,79,False,,False,I-40,,,,,[],[],[],[],[],"[4, 11, 18, 21, 23, 26, 27, 28, 31, 35, 36, 43, 45, 52, 55, 56, 60, 62, 64, 70, 71, 80, 90, 94, 97, 183, 197, 232, 334, 426, 455, 472, 477, 478, 480, 483, 484, 490, 496, 505, 507, 509, 510, 511, 514, 516, 517, 523, 525, 529, 532, 533, 536, 538, 545, 546, 552, 561, 565, 568, 654, 668, 696, 790, 857, 878, 902, 919, 928, 929, 932, 934, 935]","[34, 35, 36, 37, 38, 39, 40, 41, 42, 43, 44, 45, 46, 47, 48, 201, 202, 203, 204, 205, 206, 207, 208, 209, 210, 211, 212, 213, 214, 215, 216, 355, 356, 357, 358, 359, 360, 361, 429, 430, 431, 432, 433, 434, 435, 515, 516, 517, 518, 519, 520, 521, 522, 523, 524, 525, 526, 527, 672, 673, 674, 675, 676, 677, 678, 679, 680, 681, 682, 683, 684, 810, 811, 812, 813, 814, 881, 882, 883, 884, 885, 886]","[32, 33, 34, 35, 36, 37, 38, 39, 40, 41, 42, 43, 44, 45, 46, 47, 48, 201, 202, 203, 204, 205, 206, 207, 208, 209, 210, 211, 212, 213, 214, 215, 216, 355, 356, 357, 358, 359, 360, 361, 429, 430, 431, 432, 433, 434, 435, 515, 516, 517, 518, 519, 520, 521, 522, 523, 524, 525, 526, 527, 672, 673, 674, 675, 676, 677, 678, 679, 680, 681, 682, 683, 684, 810, 811, 812, 813, 814, 881, 882, 883, 884, 885, 886]","[514, 515, 4, 516, 517, 518, 519, 520, 521, 11, 523, 525, 522, 524, 526, 529, 18, 527, 532, 21, 533, 23, 536, 26, 27, 28, 538, 31, 32, 545, 546, 35, 36, 34, 38, 39, 552, 37, 40, 43, 41, 45, 42, 44, 46, 561, 47, 48, 52, 565, 55, 56, 568, 60, 62, 64, 70, 71, 80, 90, 94, 97, 654, 668, 672, 673, 674, 675, 676, 677, 678, 679, 680, 681, 682, 683, 684, 33, 183, 696, 197, 201, 202, 203, 204, 205, 206, 207, 208, 209, 210, 211, 212, 213, 214, 215, 216, 232, 790, 810, 811, 812, 813, 814, 334, 857, 355, 356, 357, 358, 359, 360, 361, 878, 881, 882, 883, 884, 885, 886, 902, 919, 928, 929, 932, 934, 935, 426, 429, 430, 431, 432, 433, 434, 435, 455, 472, 477, 478, 480, 483, 484, 490, 496, 505, 507, 509, 510, 511]",False,[],[],[],[],"[4, 11, 18, 21, 23, 26, 27, 28, 31, 35, 36, 43, 45, 52, 55, 56, 60, 62, 64, 70, 71, 80, 90, 94, 97, 183, 197, 232, 334, 426, 455, 472, 477, 478, 480, 483, 484, 490, 496, 505, 507, 509, 510, 511, 514, 516, 517, 523, 525, 529, 532, 533, 536, 538, 545, 546, 552, 561, 565, 568, 654, 668, 696, 790, 857, 878, 902, 919, 928, 929, 932, 934, 935]","[32, 33, 34, 35, 36, 37, 38, 39, 40, 41, 42, 43, 44, 45, 46, 47, 48, 201, 202, 203, 204, 205, 206, 207, 208, 209, 210, 211, 212, 213, 214, 215, 216, 355, 356, 357, 358, 359, 360, 361, 429, 430, 431, 432, 433, 434, 435, 515, 516, 517, 518, 519, 520, 521, 522, 523, 524, 525, 526, 527, 672, 673, 674, 675, 676, 677, 678, 679, 680, 681, 682, 683, 684, 810, 811, 812, 813, 814, 881, 882, 883, 884, 885, 886]","[34, 35, 36, 37, 38, 39, 40, 41, 42, 43, 44, 45, 46, 47, 48, 201, 202, 203, 204, 205, 206, 207, 208, 209, 210, 211, 212, 213, 214, 215, 216, 355, 356, 357, 358, 359, 360, 361, 429, 430, 431, 432, 433, 434, 435, 515, 516, 517, 518, 519, 520, 521, 522, 523, 524, 525, 526, 527, 672, 673, 674, 675, 676, 677, 678, 679, 680, 681, 682, 683, 684, 810, 811, 812, 813, 814, 881, 882, 883, 884, 885, 886]",0/6 successful match,False,,False,197,False,,1.0,True,Love's Travel Stop # 257,Love's
D Milan ( 87021 ) Love's Travel Stop # 257,2 505-287-2981 I-40 Exit 79 ( Horizon Blvd ),2 S,Milan,87021,Love's Travel Stop # 257,505-287-2981,2014,Milan,NM,Love's,( Horizon Blvd ),I-40 Exit 79 ,Exit,79,False,,False,I-40,,,,,[],[],[],[],[],"[4, 11, 18, 21, 23, 26, 27, 28, 31, 35, 36, 43, 45, 52, 55, 56, 60, 62, 64, 70, 71, 80, 90, 94, 97, 183, 197, 232, 334, 426, 455, 472, 477, 478, 480, 483, 484, 490, 496, 505, 507, 509, 510, 511, 514, 516, 517, 523, 525, 529, 532, 533, 536, 538, 545, 546, 552, 561, 565, 568, 654, 668, 696, 790, 857, 878, 902, 919, 928, 929, 932, 934, 935]","[34, 35, 36, 37, 38, 39, 40, 41, 42, 43, 44, 45, 46, 47, 48, 201, 202, 203, 204, 205, 206, 207, 208, 209, 210, 211, 212, 213, 214, 215, 216, 355, 356, 357, 358, 359, 360, 361, 429, 430, 431, 432, 433, 434, 435, 515, 516, 517, 518, 519, 520, 521, 522, 523, 524, 525, 526, 527, 672, 673, 674, 675, 676, 677, 678, 679, 680, 681, 682, 683, 684, 810, 811, 812, 813, 814, 881, 882, 883, 884, 885, 886]","[32, 33, 34, 35, 36, 37, 38, 39, 40, 41, 42, 43, 44, 45, 46, 47, 48, 201, 202, 203, 204, 205, 206, 207, 208, 209, 210, 211, 212, 213, 214, 215, 216, 355, 356, 357, 358, 359, 360, 361, 429, 430, 431, 432, 433, 434, 435, 515, 516, 517, 518, 519, 520, 521, 522, 523, 524, 525, 526, 527, 672, 673, 674, 675, 676, 677, 678, 679, 680, 681, 682, 683, 684, 810, 811, 812, 813, 814, 881, 882, 883, 884, 885, 886]","[514, 515, 4, 516, 517, 518, 519, 520, 521, 11, 523, 525, 522, 524, 526, 529, 18, 527, 532, 21, 533, 23, 536, 26, 27, 28, 538, 31, 32, 545, 546, 35, 36, 34, 38, 39, 552, 37, 40, 43, 41, 45, 42, 44, 46, 561, 47, 48, 52, 565, 55, 56, 568, 60, 62, 64, 70, 71, 80, 90, 94, 97, 654, 668, 672, 673, 674, 675, 676, 677, 678, 679, 680, 681, 682, 683, 684, 33, 183, 696, 197, 201, 202, 203, 204, 205, 206, 207, 208, 209, 210, 211, 212, 213, 214, 215, 216, 232, 790, 810, 811, 812, 813, 814, 334, 857, 355, 356, 357, 358, 359, 360, 361, 878, 881, 882, 883, 884, 885, 886, 902, 919, 928, 929, 932, 934, 935, 426, 429, 430, 431, 432, 433, 434, 435, 455, 472, 477, 478, 480, 483, 484, 490, 496, 505, 507, 509, 510, 511]",False,[],[],[],[],"[4, 11, 18, 21, 23, 26, 27, 28, 31, 35, 36, 43, 45, 52, 55, 56, 60, 62, 64, 70, 71, 80, 90, 94, 97, 183, 197, 232, 334, 426, 455, 472, 477, 478, 480, 483, 484, 490, 496, 505, 507, 509, 510, 511, 514, 516, 517, 523, 525, 529, 532, 533, 536, 538, 545, 546, 552, 561, 565, 568, 654, 668, 696, 790, 857, 878, 902, 919, 928, 929, 932, 934, 935]","[32, 33, 34, 35, 36, 37, 38, 39, 40, 41, 42, 43, 44, 45, 46, 47, 48, 201, 202, 203, 204, 205, 206, 207, 208, 209, 210, 211, 212, 213, 214, 215, 216, 355, 356, 357, 358, 359, 360, 361, 429, 430, 431, 432, 433, 434, 435, 515, 516, 517, 518, 519, 520, 521, 522, 523, 524, 525, 526, 527, 672, 673, 674, 675, 676, 677, 678, 679, 680, 681, 682, 683, 684, 810, 811, 812, 813, 814, 881, 882, 883, 884, 885, 886]","[34, 35, 36, 37, 38, 39, 40, 41, 42, 43, 44, 45, 46, 47, 48, 201, 202, 203, 204, 205, 206, 207, 208, 209, 210, 211, 212, 213, 214, 215, 216, 355, 356, 357, 358, 359, 360, 361, 429, 430, 431, 432, 433, 434, 435, 515, 516, 517, 518, 519, 520, 521, 522, 523, 524, 525, 526, 527, 672, 673, 674, 675, 676, 677, 678, 679, 680, 681, 682, 683, 684, 810, 811, 812, 813, 814, 881, 882, 883, 884, 885, 886]",0/6 successful match,False,,False,197,False,,1.0,True,Love's Travel Stop # 257,Love's
D Milan ( 87021 ) Love's Travel Stop # 257 3,2 505-287-2981 I-40 Exit 79 ( Horizon Blvd ),3 24 24 ze S 24,Milan,87021,Love's Travel Stop # 257 3,505-287-2981,2015,Milan,NM,Love's,( Horizon Blvd ),I-40 Exit 79 ,Exit,79,False,,False,I-40,,,,,[],[],[],[],[],"[4, 11, 18, 21, 23, 26, 27, 28, 31, 35, 36, 43, 45, 52, 55, 56, 60, 62, 64, 70, 71, 80, 90, 94, 97, 183, 197, 232, 334, 426, 455, 472, 477, 478, 480, 483, 484, 490, 496, 505, 507, 509, 510, 511, 514, 516, 517, 523, 525, 529, 532, 533, 536, 538, 545, 546, 552, 561, 565, 568, 654, 668, 696, 790, 857, 878, 902, 919, 928, 929, 932, 934, 935]","[34, 35, 36, 37, 38, 39, 40, 41, 42, 43, 44, 45, 46, 47, 48, 201, 202, 203, 204, 205, 206, 207, 208, 209, 210, 211, 212, 213, 214, 215, 216, 355, 356, 357, 358, 359, 360, 361, 429, 430, 431, 432, 433, 434, 435, 515, 516, 517, 518, 519, 520, 521, 522, 523, 524, 525, 526, 527, 672, 673, 674, 675, 676, 677, 678, 679, 680, 681, 682, 683, 684, 810, 811, 812, 813, 814, 881, 882, 883, 884, 885, 886]","[32, 33, 34, 35, 36, 37, 38, 39, 40, 41, 42, 43, 44, 45, 46, 47, 48, 201, 202, 203, 204, 205, 206, 207, 208, 209, 210, 211, 212, 213, 214, 215, 216, 355, 356, 357, 358, 359, 360, 361, 429, 430, 431, 432, 433, 434, 435, 515, 516, 517, 518, 519, 520, 521, 522, 523, 524, 525, 526, 527, 672, 673, 674, 675, 676, 677, 678, 679, 680, 681, 682, 683, 684, 810, 811, 812, 813, 814, 881, 882, 883, 884, 885, 886]","[514, 515, 4, 516, 517, 518, 519, 520, 521, 11, 523, 525, 522, 524, 526, 529, 18, 527, 532, 21, 533, 23, 536, 26, 27, 28, 538, 31, 32, 545, 546, 35, 36, 34, 38, 39, 552, 37, 40, 43, 41, 45, 42, 44, 46, 561, 47, 48, 52, 565, 55, 56, 568, 60, 62, 64, 70, 71, 80, 90, 94, 97, 654, 668, 672, 673, 674, 675, 676, 677, 678, 679, 680, 681, 682, 683, 684, 33, 183, 696, 197, 201, 202, 203, 204, 205, 206, 207, 208, 209, 210, 211, 212, 213, 214, 215, 216, 232, 790, 810, 811, 812, 813, 814, 334, 857, 355, 356, 357, 358, 359, 360, 361, 878, 881, 882, 883, 884, 885, 886, 902, 919, 928, 929, 932, 934, 935, 426, 429, 430, 431, 432, 433, 434, 435, 455, 472, 477, 478, 480, 483, 484, 490, 496, 505, 507, 509, 510, 511]",False,[],[],[],[],"[4, 11, 18, 21, 23, 26, 27, 28, 31, 35, 36, 43, 45, 52, 55, 56, 60, 62, 64, 70, 71, 80, 90, 94, 97, 183, 197, 232, 334, 426, 455, 472, 477, 478, 480, 483, 484, 490, 496, 505, 507, 509, 510, 511, 514, 516, 517, 523, 525, 529, 532, 533, 536, 538, 545, 546, 552, 561, 565, 568, 654, 668, 696, 790, 857, 878, 902, 919, 928, 929, 932, 934, 935]","[32, 33, 34, 35, 36, 37, 38, 39, 40, 41, 42, 43, 44, 45, 46, 47, 48, 201, 202, 203, 204, 205, 206, 207, 208, 209, 210, 211, 212, 213, 214, 215, 216, 355, 356, 357, 358, 359, 360, 361, 429, 430, 431, 432, 433, 434, 435, 515, 516, 517, 518, 519, 520, 521, 522, 523, 524, 525, 526, 527, 672, 673, 674, 675, 676, 677, 678, 679, 680, 681, 682, 683, 684, 810, 811, 812, 813, 814, 881, 882, 883, 884, 885, 886]","[34, 35, 36, 37, 38, 39, 40, 41, 42, 43, 44, 45, 46, 47, 48, 201, 202, 203, 204, 205, 206, 207, 208, 209, 210, 211, 212, 213, 214, 215, 216, 355, 356, 357, 358, 359, 360, 361, 429, 430, 431, 432, 433, 434, 435, 515, 516, 517, 518, 519, 520, 521, 522, 523, 524, 525, 526, 527, 672, 673, 674, 675, 676, 677, 678, 679, 680, 681, 682, 683, 684, 810, 811, 812, 813, 814, 881, 882, 883, 884, 885, 886]",0/6 successful match,False,,False,197,False,,1.0,True,Love's Travel Stop # 257,Love's
Milan ( 87021 ) Love's Travel Stop # 257,2 505-287-2981 I-40 Exit 79 ( Horizon Blvd ),24 <U+2610> S 024 0,Milan,87021,Love's Travel Stop # 257,505-287-2981,2016,Milan,NM,Love's,( Horizon Blvd ),I-40 Exit 79 ,Exit,79,False,,False,I-40,,,,,[],[],[],[],[],"[4, 11, 18, 21, 23, 26, 27, 28, 31, 35, 36, 43, 45, 52, 55, 56, 60, 62, 64, 70, 71, 80, 90, 94, 97, 183, 197, 232, 334, 426, 455, 472, 477, 478, 480, 483, 484, 490, 496, 505, 507, 509, 510, 511, 514, 516, 517, 523, 525, 529, 532, 533, 536, 538, 545, 546, 552, 561, 565, 568, 654, 668, 696, 790, 857, 878, 902, 919, 928, 929, 932, 934, 935]","[34, 35, 36, 37, 38, 39, 40, 41, 42, 43, 44, 45, 46, 47, 48, 201, 202, 203, 204, 205, 206, 207, 208, 209, 210, 211, 212, 213, 214, 215, 216, 355, 356, 357, 358, 359, 360, 361, 429, 430, 431, 432, 433, 434, 435, 515, 516, 517, 518, 519, 520, 521, 522, 523, 524, 525, 526, 527, 672, 673, 674, 675, 676, 677, 678, 679, 680, 681, 682, 683, 684, 810, 811, 812, 813, 814, 881, 882, 883, 884, 885, 886]","[32, 33, 34, 35, 36, 37, 38, 39, 40, 41, 42, 43, 44, 45, 46, 47, 48, 201, 202, 203, 204, 205, 206, 207, 208, 209, 210, 211, 212, 213, 214, 215, 216, 355, 356, 357, 358, 359, 360, 361, 429, 430, 431, 432, 433, 434, 435, 515, 516, 517, 518, 519, 520, 521, 522, 523, 524, 525, 526, 527, 672, 673, 674, 675, 676, 677, 678, 679, 680, 681, 682, 683, 684, 810, 811, 812, 813, 814, 881, 882, 883, 884, 885, 886]","[514, 515, 4, 516, 517, 518, 519, 520, 521, 11, 523, 525, 522, 524, 526, 529, 18, 527, 532, 21, 533, 23, 536, 26, 27, 28, 538, 31, 32, 545, 546, 35, 36, 34, 38, 39, 552, 37, 40, 43, 41, 45, 42, 44, 46, 561, 47, 48, 52, 565, 55, 56, 568, 60, 62, 64, 70, 71, 80, 90, 94, 97, 654, 668, 672, 673, 674, 675, 676, 677, 678, 679, 680, 681, 682, 683, 684, 33, 183, 696, 197, 201, 202, 203, 204, 205, 206, 207, 208, 209, 210, 211, 212, 213, 214, 215, 216, 232, 790, 810, 811, 812, 813, 814, 334, 857, 355, 356, 357, 358, 359, 360, 361, 878, 881, 882, 883, 884, 885, 886, 902, 919, 928, 929, 932, 934, 935, 426, 429, 430, 431, 432, 433, 434, 435, 455, 472, 477, 478, 480, 483, 484, 490, 496, 505, 507, 509, 510, 511]",False,[],[],[],[],"[4, 11, 18, 21, 23, 26, 27, 28, 31, 35, 36, 43, 45, 52, 55, 56, 60, 62, 64, 70, 71, 80, 90, 94, 97, 183, 197, 232, 334, 426, 455, 472, 477, 478, 480, 483, 484, 490, 496, 505, 507, 509, 510, 511, 514, 516, 517, 523, 525, 529, 532, 533, 536, 538, 545, 546, 552, 561, 565, 568, 654, 668, 696, 790, 857, 878, 902, 919, 928, 929, 932, 934, 935]","[32, 33, 34, 35, 36, 37, 38, 39, 40, 41, 42, 43, 44, 45, 46, 47, 48, 201, 202, 203, 204, 205, 206, 207, 208, 209, 210, 211, 212, 213, 214, 215, 216, 355, 356, 357, 358, 359, 360, 361, 429, 430, 431, 432, 433, 434, 435, 515, 516, 517, 518, 519, 520, 521, 522, 523, 524, 525, 526, 527, 672, 673, 674, 675, 676, 677, 678, 679, 680, 681, 682, 683, 684, 810, 811, 812, 813, 814, 881, 882, 883, 884, 885, 886]","[34, 35, 36, 37, 38, 39, 40, 41, 42, 43, 44, 45, 46, 47, 48, 201, 202, 203, 204, 205, 206, 207, 208, 209, 210, 211, 212, 213, 214, 215, 216, 355, 356, 357, 358, 359, 360, 361, 429, 430, 431, 432, 433, 434, 435, 515, 516, 517, 518, 519, 520, 521, 522, 523, 524, 525, 526, 527, 672, 673, 674, 675, 676, 677, 678, 679, 680, 681, 682, 683, 684, 810, 811, 812, 813, 814, 881, 882, 883, 884, 885, 886]",0/6 successful match,False,,False,197,False,,1.0,True,Love's Travel Stop # 257 3,Love's
"Moriarty , 87035 TravelCenters of America ( Shell )",505-832-4421 I-40 Exit 194 ( Central Ave ) TA,- <U+2610> -,Moriarty,87035,TravelCenters of America ( Shell ),505-832-4421,2006,Moriarty,NM,TravelCenters,( Central Ave ) TA,I-40 Exit 194 ,Exit,194,False,,False,I-40,,,,,[],[],[],[],[],"[4, 11, 18, 21, 23, 26, 27, 28, 31, 35, 36, 43, 45, 52, 55, 56, 60, 62, 64, 70, 71, 80, 90, 94, 97, 183, 197, 232, 334, 426, 455, 472, 477, 478, 480, 483, 484, 490, 496, 505, 507, 509, 510, 511, 514, 516, 517, 523, 525, 529, 532, 533, 536, 538, 545, 546, 552, 561, 565, 568, 654, 668, 696, 790, 857, 878, 902, 919, 928, 929, 932, 934, 935]","[98, 476, 481, 569, 924, 925]","[1, 13, 14, 29, 54, 55, 56, 57, 58, 60, 102, 118, 125, 127, 130, 134, 146, 149, 153, 175, 182, 187, 189, 191, 197, 225, 230, 238, 264, 265, 266, 286, 302, 317, 336, 354, 379, 388, 389, 425, 454, 458, 463, 475, 487, 498, 499, 512, 530, 531, 532, 533, 534, 536, 573, 589, 596, 598, 601, 605, 617, 620, 624, 646, 653, 658, 660, 662, 668, 689, 694, 702, 724, 725, 745, 760, 775, 793, 809, 829, 838, 839, 877, 901, 903, 905, 910, 923]","[512, 1, 514, 4, 516, 517, 11, 523, 525, 13, 14, 529, 18, 530, 532, 21, 533, 23, 536, 531, 26, 27, 28, 538, 29, 31, 545, 546, 35, 36, 552, 43, 45, 561, 52, 565, 54, 55, 56, 568, 569, 57, 60, 58, 62, 573, 64, 70, 71, 589, 80, 596, 598, 601, 90, 605, 94, 97, 98, 102, 617, 620, 624, 118, 125, 127, 534, 130, 134, 646, 653, 654, 146, 658, 660, 149, 662, 153, 668, 175, 689, 182, 183, 696, 694, 187, 189, 702, 191, 197, 724, 725, 225, 230, 232, 745, 238, 760, 775, 264, 265, 266, 790, 793, 286, 809, 302, 317, 829, 838, 839, 334, 336, 857, 354, 877, 878, 379, 388, 389, 902, 901, 903, 905, 910, 919, 923, 924, 925, 928, 929, 932, 934, 935, 425, 426, 454, 455, 458, 463, 472, 475, 476, 477, 478, 480, 481, 483, 484, 487, 490, 496, 498, 499, 505, 507, 509, 510, 511]",False,[],[],[],[],"[4, 11, 18, 21, 23, 26, 27, 28, 31, 35, 36, 43, 45, 52, 55, 56, 60, 62, 64, 70, 71, 80, 90, 94, 97, 183, 197, 232, 334, 426, 455, 472, 477, 478, 480, 483, 484, 490, 496, 505, 507, 509, 510, 511, 514, 516, 517, 523, 525, 529, 532, 533, 536, 538, 545, 546, 552, 561, 565, 568, 654, 668, 696, 790, 857, 878, 902, 919, 928, 929, 932, 934, 935]","[1, 13, 14, 29, 54, 55, 56, 57, 58, 60, 102, 118, 125, 127, 130, 134, 146, 149, 153, 175, 182, 187, 189, 191, 197, 225, 230, 238, 264, 265, 266, 286, 302, 317, 336, 354, 379, 388, 389, 425, 454, 458, 463, 475, 487, 498, 499, 512, 530, 531, 532, 533, 534, 536, 573, 589, 596, 598, 601, 605, 617, 620, 624, 646, 653, 658, 660, 662, 668, 689, 694, 702, 724, 725, 745, 760, 775, 793, 809, 829, 838, 839, 877, 901, 903, 905, 910, 923]","[98, 476, 481, 569, 924, 925]",0/6 successful match,False,,False,198,False,,,,,
"Moriarty , 87035 TravelCenters of America ( Shell )",505-832-4421 I-40 Exit 194 ( Central Ave ) TA,24 HRS,Moriarty,87035,TravelCenters of America ( Shell ),505-832-4421,2007,Moriarty,NM,TravelCenters,( Central Ave ) TA,I-40 Exit 194 ,Exit,194,False,,False,I-40,,,,,[],[],[],[],[],"[4, 11, 18, 21, 23, 26, 27, 28, 31, 35, 36, 43, 45, 52, 55, 56, 60, 62, 64, 70, 71, 80, 90, 94, 97, 183, 197, 232, 334, 426, 455, 472, 477, 478, 480, 483, 484, 490, 496, 505, 507, 509, 510, 511, 514, 516, 517, 523, 525, 529, 532, 533, 536, 538, 545, 546, 552, 561, 565, 568, 654, 668, 696, 790, 857, 878, 902, 919, 928, 929, 932, 934, 935]","[98, 476, 481, 569, 924, 925]","[1, 13, 14, 29, 54, 55, 56, 57, 58, 60, 102, 118, 125, 127, 130, 134, 146, 149, 153, 175, 182, 187, 189, 191, 197, 225, 230, 238, 264, 265, 266, 286, 302, 317, 336, 354, 379, 388, 389, 425, 454, 458, 463, 475, 487, 498, 499, 512, 530, 531, 532, 533, 534, 536, 573, 589, 596, 598, 601, 605, 617, 620, 624, 646, 653, 658, 660, 662, 668, 689, 694, 702, 724, 725, 745, 760, 775, 793, 809, 829, 838, 839, 877, 901, 903, 905, 910, 923]","[512, 1, 514, 4, 516, 517, 11, 523, 525, 13, 14, 529, 18, 530, 532, 21, 533, 23, 536, 531, 26, 27, 28, 538, 29, 31, 545, 546, 35, 36, 552, 43, 45, 561, 52, 565, 54, 55, 56, 568, 569, 57, 60, 58, 62, 573, 64, 70, 71, 589, 80, 596, 598, 601, 90, 605, 94, 97, 98, 102, 617, 620, 624, 118, 125, 127, 534, 130, 134, 646, 653, 654, 146, 658, 660, 149, 662, 153, 668, 175, 689, 182, 183, 696, 694, 187, 189, 702, 191, 197, 724, 725, 225, 230, 232, 745, 238, 760, 775, 264, 265, 266, 790, 793, 286, 809, 302, 317, 829, 838, 839, 334, 336, 857, 354, 877, 878, 379, 388, 389, 902, 901, 903, 905, 910, 919, 923, 924, 925, 928, 929, 932, 934, 935, 425, 426, 454, 455, 458, 463, 472, 475, 476, 477, 478, 480, 481, 483, 484, 487, 490, 496, 498, 499, 505, 507, 509, 510, 511]",False,[],[],[],[],"[4, 11, 18, 21, 23, 26, 27, 28, 31, 35, 36, 43, 45, 52, 55, 56, 60, 62, 64, 70, 71, 80, 90, 94, 97, 183, 197, 232, 334, 426, 455, 472, 477, 478, 480, 483, 484, 490, 496, 505, 507, 509, 510, 511, 514, 516, 517, 523, 525, 529, 532, 533, 536, 538, 545, 546, 552, 561, 565, 568, 654, 668, 696, 790, 857, 878, 902, 919, 928, 929, 932, 934, 935]","[1, 13, 14, 29, 54, 55, 56, 57, 58, 60, 102, 118, 125, 127, 130, 134, 146, 149, 153, 175, 182, 187, 189, 191, 197, 225, 230, 238, 264, 265, 266, 286, 302, 317, 336, 354, 379, 388, 389, 425, 454, 458, 463, 475, 487, 498, 499, 512, 530, 531, 532, 533, 534, 536, 573, 589, 596, 598, 601, 605, 617, 620, 624, 646, 653, 658, 660, 662, 668, 689, 694, 702, 724, 725, 745, 760, 775, 793, 809, 829, 838, 839, 877, 901, 903, 905, 910, 923]","[98, 476, 481, 569, 924, 925]",0/6 successful match,False,,False,198,False,,1.0,True,TravelCenters of America ( Shell ),TravelCenters
"E Moriarty , 87035",41505-832-4421 I-40 TravelCenters - Exit 194 ( of Central America Ave ( ) Shell ) A,HIRS 24 32 XL24,Moriarty,87035,,505-832-4421,2008,Moriarty,NM,,( of Central America Ave ( ) Shell ) A,I-40 TravelCenters - Exit 194 ,Exit,194,False,,False,I-40,,,,,[],[],[],[],[],"[4, 11, 18, 21, 23, 26, 27, 28, 31, 35, 36, 43, 45, 52, 55, 56, 60, 62, 64, 70, 71, 80, 90, 94, 97, 183, 197, 232, 334, 426, 455, 472, 477, 478, 480, 483, 484, 490, 496, 505, 507, 509, 510, 511, 514, 516, 517, 523, 525, 529, 532, 533, 536, 538, 545, 546, 552, 561, 565, 568, 654, 668, 696, 790, 857, 878, 902, 919, 928, 929, 932, 934, 935]",[],[],"[514, 4, 516, 517, 902, 11, 523, 525, 654, 529, 18, 532, 21, 533, 23, 536, 790, 26, 27, 28, 538, 668, 31, 919, 545, 546, 35, 36, 928, 929, 932, 552, 934, 426, 43, 935, 45, 561, 52, 565, 55, 56, 183, 568, 696, 60, 62, 64, 197, 70, 71, 455, 334, 80, 472, 857, 90, 477, 94, 478, 480, 97, 483, 484, 232, 490, 878, 496, 505, 507, 509, 510, 511]",False,[],[],[],[],"[4, 11, 18, 21, 23, 26, 27, 28, 31, 35, 36, 43, 45, 52, 55, 56, 60, 62, 64, 70, 71, 80, 90, 94, 97, 183, 197, 232, 334, 426, 455, 472, 477, 478, 480, 483, 484, 490, 496, 505, 507, 509, 510, 511, 514, 516, 517, 523, 525, 529, 532, 533, 536, 538, 545, 546, 552, 561, 565, 568, 654, 668, 696, 790, 857, 878, 902, 919, 928, 929, 932, 934, 935]",[],[],0/6 successful match,False,,False,198,True,2008,0.0,True,TravelCenters of America ( Shell ),TravelCenters
E Moriarty ( 87035 ) TA Moriarty # 229 ( Shell ),505-832-4421 I-40 Exit 194 ( Central Ave ),ZA 24 <U+2610> XL 24 24 O,Moriarty,87035,TA Moriarty # 229 ( Shell ),505-832-4421,2014,Moriarty,NM,Shell,( Central Ave ),I-40 Exit 194 ,Exit,194,False,,False,I-40,,,,,[],[],[],[],[],"[4, 11, 18, 21, 23, 26, 27, 28, 31, 35, 36, 43, 45, 52, 55, 56, 60, 62, 64, 70, 71, 80, 90, 94, 97, 183, 197, 232, 334, 426, 455, 472, 477, 478, 480, 483, 484, 490, 496, 505, 507, 509, 510, 511, 514, 516, 517, 523, 525, 529, 532, 533, 536, 538, 545, 546, 552, 561, 565, 568, 654, 668, 696, 790, 857, 878, 902, 919, 928, 929, 932, 934, 935]","[1, 13, 14, 29, 54, 55, 56, 57, 58, 60, 102, 118, 125, 127, 130, 134, 146, 149, 153, 175, 182, 187, 189, 191, 197, 225, 230, 238, 264, 265, 266, 286, 302, 317, 336, 379, 388, 389, 425, 454, 458, 463, 475, 487, 498, 499, 512, 530, 531, 532, 533, 534, 536, 573, 589, 596, 598, 601, 605, 617, 620, 624, 646, 653, 658, 660, 662, 668, 689, 694, 702, 724, 725, 745, 760, 775, 793, 829, 838, 839, 877, 901, 903, 905, 910, 923]","[1, 13, 14, 29, 54, 55, 56, 57, 58, 60, 102, 118, 125, 127, 130, 134, 146, 149, 153, 175, 182, 187, 189, 191, 197, 225, 230, 238, 264, 265, 266, 286, 301, 302, 317, 336, 354, 379, 388, 389, 425, 454, 458, 463, 475, 476, 487, 498, 499, 512, 530, 531, 532, 533, 534, 536, 573, 589, 596, 598, 601, 605, 617, 620, 624, 646, 653, 658, 660, 662, 668, 689, 694, 702, 724, 725, 745, 760, 775, 793, 809, 829, 838, 839, 877, 901, 903, 905, 910, 923, 924, 925]","[512, 1, 514, 4, 516, 517, 11, 523, 525, 13, 14, 529, 18, 530, 532, 21, 533, 23, 536, 531, 26, 27, 28, 29, 538, 31, 545, 546, 35, 36, 552, 43, 45, 561, 52, 565, 54, 55, 56, 568, 57, 58, 60, 573, 62, 64, 70, 71, 589, 80, 596, 598, 601, 90, 605, 94, 97, 102, 617, 620, 624, 118, 125, 127, 534, 130, 134, 646, 653, 654, 146, 658, 660, 149, 662, 153, 668, 175, 689, 182, 183, 696, 694, 187, 189, 702, 191, 197, 724, 725, 225, 230, 232, 745, 238, 760, 775, 264, 265, 266, 790, 793, 286, 809, 301, 302, 317, 829, 838, 839, 334, 336, 857, 354, 877, 878, 379, 388, 389, 902, 901, 903, 905, 910, 919, 923, 924, 925, 928, 929, 932, 934, 935, 425, 426, 454, 455, 458, 463, 472, 475, 476, 477, 478, 480, 483, 484, 487, 490, 496, 498, 499, 505, 507, 509, 510, 511]",False,[],[],[],[],"[4, 11, 18, 21, 23, 26, 27, 28, 31, 35, 36, 43, 45, 52, 55, 56, 60, 62, 64, 70, 71, 80, 90, 94, 97, 183, 197, 232, 334, 426, 455, 472, 477, 478, 480, 483, 484, 490, 496, 505, 507, 509, 510, 511, 514, 516, 517, 523, 525, 529, 532, 533, 536, 538, 545, 546, 552, 561, 565, 568, 654, 668, 696, 790, 857, 878, 902, 919, 928, 929, 932, 934, 935]","[1, 13, 14, 29, 54, 55, 56, 57, 58, 60, 102, 118, 125, 127, 130, 134, 146, 149, 153, 175, 182, 187, 189, 191, 197, 225, 230, 238, 264, 265, 266, 286, 301, 302, 317, 336, 354, 379, 388, 389, 425, 454, 458, 463, 475, 476, 487, 498, 499, 512, 530, 531, 532, 533, 534, 536, 573, 589, 596, 598, 601, 605, 617, 620, 624, 646, 653, 658, 660, 662, 668, 689, 694, 702, 724, 725, 745, 760, 775, 793, 809, 829, 838, 839, 877, 901, 903, 905, 910, 923, 924, 925]","[1, 13, 14, 29, 54, 55, 56, 57, 58, 60, 102, 118, 125, 127, 130, 134, 146, 149, 153, 175, 182, 187, 189, 191, 197, 225, 230, 238, 264, 265, 266, 286, 302, 317, 336, 379, 388, 389, 425, 454, 458, 463, 475, 487, 498, 499, 512, 530, 531, 532, 533, 534, 536, 573, 589, 596, 598, 601, 605, 617, 620, 624, 646, 653, 658, 660, 662, 668, 689, 694, 702, 724, 725, 745, 760, 775, 793, 829, 838, 839, 877, 901, 903, 905, 910, 923]",0/6 successful match,False,,False,198,True,2014,0.0,True,,
Moriarty ( 87035 ) TA Moriarty # 229 ( Shell ) ZA,4 505-832-4421 I-40 Exit 194 ( Central Ave ),ZA 24 XL 24,Moriarty,87035,TA Moriarty # 229 ( Shell ) ZA,505-832-4421,2015,Moriarty,NM,Shell,( Central Ave ),I-40 Exit 194 ,Exit,194,False,,False,I-40,,,,,[],[],[],[],[],"[4, 11, 18, 21, 23, 26, 27, 28, 31, 35, 36, 43, 45, 52, 55, 56, 60, 62, 64, 70, 71, 80, 90, 94, 97, 183, 197, 232, 334, 426, 455, 472, 477, 478, 480, 483, 484, 490, 496, 505, 507, 509, 510, 511, 514, 516, 517, 523, 525, 529, 532, 533, 536, 538, 545, 546, 552, 561, 565, 568, 654, 668, 696, 790, 857, 878, 902, 919, 928, 929, 932, 934, 935]","[1, 13, 14, 29, 54, 55, 56, 57, 58, 60, 102, 118, 125, 127, 130, 134, 146, 149, 153, 175, 182, 187, 189, 191, 197, 225, 230, 238, 264, 265, 266, 286, 302, 317, 336, 379, 388, 389, 425, 454, 458, 463, 475, 487, 498, 499, 512, 530, 531, 532, 533, 534, 536, 573, 589, 596, 598, 601, 605, 617, 620, 624, 646, 653, 658, 660, 662, 668, 689, 694, 702, 724, 725, 745, 760, 775, 793, 829, 838, 839, 877, 901, 903, 905, 910, 923]","[1, 13, 14, 29, 54, 55, 56, 57, 58, 60, 102, 118, 125, 127, 130, 134, 146, 149, 153, 175, 182, 187, 189, 191, 197, 225, 230, 238, 264, 265, 266, 286, 301, 302, 317, 336, 354, 379, 388, 389, 425, 454, 458, 463, 475, 476, 487, 498, 499, 512, 530, 531, 532, 533, 534, 536, 573, 589, 596, 598, 601, 605, 617, 620, 624, 646, 653, 658, 660, 662, 668, 689, 694, 702, 724, 725, 745, 760, 775, 793, 809, 829, 838, 839, 877, 901, 903, 905, 910, 923, 924, 925]","[512, 1, 514, 4, 516, 517, 11, 523, 525, 13, 14, 529, 18, 530, 532, 21, 533, 23, 536, 531, 26, 27, 28, 29, 538, 31, 545, 546, 35, 36, 552, 43, 45, 561, 52, 565, 54, 55, 56, 568, 57, 58, 60, 573, 62, 64, 70, 71, 589, 80, 596, 598, 601, 90, 605, 94, 97, 102, 617, 620, 624, 118, 125, 127, 534, 130, 134, 646, 653, 654, 146, 658, 660, 149, 662, 153, 668, 175, 689, 182, 183, 696, 694, 187, 189, 702, 191, 197, 724, 725, 225, 230, 232, 745, 238, 760, 775, 264, 265, 266, 790, 793, 286, 809, 301, 302, 317, 829, 838, 839, 334, 336, 857, 354, 877, 878, 379, 388, 389, 902, 901, 903, 905, 910, 919, 923, 924, 925, 928, 929, 932, 934, 935, 425, 426, 454, 455, 458, 463, 472, 475, 476, 477, 478, 480, 483, 484, 487, 490, 496, 498, 499, 505, 507, 509, 510, 511]",False,[],[],[],[],"[4, 11, 18, 21, 23, 26, 27, 28, 31, 35, 36, 43, 45, 52, 55, 56, 60, 62, 64, 70, 71, 80, 90, 94, 97, 183, 197, 232, 334, 426, 455, 472, 477, 478, 480, 483, 484, 490, 496, 505, 507, 509, 510, 511, 514, 516, 517, 523, 525, 529, 532, 533, 536, 538, 545, 546, 552, 561, 565, 568, 654, 668, 696, 790, 857, 878, 902, 919, 928, 929, 932, 934, 935]","[1, 13, 14, 29, 54, 55, 56, 57, 58, 60, 102, 118, 125, 127, 130, 134, 146, 149, 153, 175, 182, 187, 189, 191, 197, 225, 230, 238, 264, 265, 266, 286, 301, 302, 317, 336, 354, 379, 388, 389, 425, 454, 458, 463, 475, 476, 487, 498, 499, 512, 530, 531, 532, 533, 534, 536, 573, 589, 596, 598, 601, 605, 617, 620, 624, 646, 653, 658, 660, 662, 668, 689, 694, 702, 724, 725, 745, 760, 775, 793, 809, 829, 838, 839, 877, 901, 903, 905, 910, 923, 924, 925]","[1, 13, 14, 29, 54, 55, 56, 57, 58, 60, 102, 118, 125, 127, 130, 134, 146, 149, 153, 175, 182, 187, 189, 191, 197, 225, 230, 238, 264, 265, 266, 286, 302, 317, 336, 379, 388, 389, 425, 454, 458, 463, 475, 487, 498, 499, 512, 530, 531, 532, 533, 534, 536, 573, 589, 596, 598, 601, 605, 617, 620, 624, 646, 653, 658, 660, 662, 668, 689, 694, 702, 724, 725, 745, 760, 775, 793, 829, 838, 839, 877, 901, 903, 905, 910, 923]",0/6 successful match,False,,False,198,False,,1.0,True,TA Moriarty # 229 ( Shell ),Shell
Moriarty ( 87035 ) TA Moriarty # 229 ( Shell ),505-832-4421 I-40 Exit 194 ( Central Ave ),<U+2610> XL 24 D,Moriarty,87035,TA Moriarty # 229 ( Shell ),505-832-4421,2016,Moriarty,NM,Shell,( Central Ave ),I-40 Exit 194 ,Exit,194,False,,False,I-40,,,,,[],[],[],[],[],"[4, 11, 18, 21, 23, 26, 27, 28, 31, 35, 36, 43, 45, 52, 55, 56, 60, 62, 64, 70, 71, 80, 90, 94, 97, 183, 197, 232, 334, 426, 455, 472, 477, 478, 480, 483, 484, 490, 496, 505, 507, 509, 510, 511, 514, 516, 517, 523, 525, 529, 532, 533, 536, 538, 545, 546, 552, 561, 565, 568, 654, 668, 696, 790, 857, 878, 902, 919, 928, 929, 932, 934, 935]","[1, 13, 14, 29, 54, 55, 56, 57, 58, 60, 102, 118, 125, 127, 130, 134, 146, 149, 153, 175, 182, 187, 189, 191, 197, 225, 230, 238, 264, 265, 266, 286, 302, 317, 336, 379, 388, 389, 425, 454, 458, 463, 475, 487, 498, 499, 512, 530, 531, 532, 533, 534, 536, 573, 589, 596, 598, 601, 605, 617, 620, 624, 646, 653, 658, 660, 662, 668, 689, 694, 702, 724, 725, 745, 760, 775, 793, 829, 838, 839, 877, 901, 903, 905, 910, 923]","[1, 13, 14, 29, 54, 55, 56, 57, 58, 60, 102, 118, 125, 127, 130, 134, 146, 149, 153, 175, 182, 187, 189, 191, 197, 225, 230, 238, 264, 265, 266, 286, 301, 302, 317, 336, 354, 379, 388, 389, 425, 454, 458, 463, 475, 476, 487, 498, 499, 512, 530, 531, 532, 533, 534, 536, 573, 589, 596, 598, 601, 605, 617, 620, 624, 646, 653, 658, 660, 662, 668, 689, 694, 702, 724, 725, 745, 760, 775, 793, 809, 829, 838, 839, 877, 901, 903, 905, 910, 923, 924, 925]","[512, 1, 514, 4, 516, 517, 11, 523, 525, 13, 14, 529, 18, 530, 532, 21, 533, 23, 536, 531, 26, 27, 28, 29, 538, 31, 545, 546, 35, 36, 552, 43, 45, 561, 52, 565, 54, 55, 56, 568, 57, 58, 60, 573, 62, 64, 70, 71, 589, 80, 596, 598, 601, 90, 605, 94, 97, 102, 617, 620, 624, 118, 125, 127, 534, 130, 134, 646, 653, 654, 146, 658, 660, 149, 662, 153, 668, 175, 689, 182, 183, 696, 694, 187, 189, 702, 191, 197, 724, 725, 225, 230, 232, 745, 238, 760, 775, 264, 265, 266, 790, 793, 286, 809, 301, 302, 317, 829, 838, 839, 334, 336, 857, 354, 877, 878, 379, 388, 389, 902, 901, 903, 905, 910, 919, 923, 924, 925, 928, 929, 932, 934, 935, 425, 426, 454, 455, 458, 463, 472, 475, 476, 477, 478, 480, 483, 484, 487, 490, 496, 498, 499, 505, 507, 509, 510, 511]",False,[],[],[],[],"[4, 11, 18, 21, 23, 26, 27, 28, 31, 35, 36, 43, 45, 52, 55, 56, 60, 62, 64, 70, 71, 80, 90, 94, 97, 183, 197, 232, 334, 426, 455, 472, 477, 478, 480, 483, 484, 490, 496, 505, 507, 509, 510, 511, 514, 516, 517, 523, 525, 529, 532, 533, 536, 538, 545, 546, 552, 561, 565, 568, 654, 668, 696, 790, 857, 878, 902, 919, 928, 929, 932, 934, 935]","[1, 13, 14, 29, 54, 55, 56, 57, 58, 60, 102, 118, 125, 127, 130, 134, 146, 149, 153, 175, 182, 187, 189, 191, 197, 225, 230, 238, 264, 265, 266, 286, 301, 302, 317, 336, 354, 379, 388, 389, 425, 454, 458, 463, 475, 476, 487, 498, 499, 512, 530, 531, 532, 533, 534, 536, 573, 589, 596, 598, 601, 605, 617, 620, 624, 646, 653, 658, 660, 662, 668, 689, 694, 702, 724, 725, 745, 760, 775, 793, 809, 829, 838, 839, 877, 901, 903, 905, 910, 923, 924, 925]","[1, 13, 14, 29, 54, 55, 56, 57, 58, 60, 102, 118, 125, 127, 130, 134, 146, 149, 153, 175, 182, 187, 189, 191, 197, 225, 230, 238, 264, 265, 266, 286, 302, 317, 336, 379, 388, 389, 425, 454, 458, 463, 475, 487, 498, 499, 512, 530, 531, 532, 533, 534, 536, 573, 589, 596, 598, 601, 605, 617, 620, 624, 646, 653, 658, 660, 662, 668, 689, 694, 702, 724, 725, 745, 760, 775, 793, 829, 838, 839, 877, 901, 903, 905, 910, 923]",0/6 successful match,False,,False,198,False,,1.0,True,TA Moriarty # 229 ( Shell ) ZA,Shell
"Moriarty , 87035 Lisa's Truck Center",505-832-4455 I-40 Exit 197 ( Loop P ),- <U+2610> M <U+2610> - <U+2610> O,Moriarty,87035,Lisa's Truck Center,505-832-4455,2006,Moriarty,NM,,( Loop P ),I-40 Exit 197 ,Exit,197,False,,False,I-40,,,,,[],[],[],[],[],"[4, 11, 18, 21, 23, 26, 27, 28, 31, 35, 36, 43, 45, 52, 55, 56, 60, 62, 64, 70, 71, 80, 90, 94, 97, 183, 197, 232, 334, 426, 455, 472, 477, 478, 480, 483, 484, 490, 496, 505, 507, 509, 510, 511, 514, 516, 517, 523, 525, 529, 532, 533, 536, 538, 545, 546, 552, 561, 565, 568, 654, 668, 696, 790, 857, 878, 902, 919, 928, 929, 932, 934, 935]",[],[],"[514, 4, 516, 517, 902, 11, 523, 525, 654, 529, 18, 532, 21, 533, 23, 536, 790, 26, 27, 28, 538, 668, 31, 919, 545, 546, 35, 36, 928, 929, 932, 552, 934, 426, 43, 935, 45, 561, 52, 565, 55, 56, 183, 568, 696, 60, 62, 64, 197, 70, 71, 455, 334, 80, 472, 857, 90, 477, 94, 478, 480, 97, 483, 484, 232, 490, 878, 496, 505, 507, 509, 510, 511]",False,[],[],[],[],"[4, 11, 18, 21, 23, 26, 27, 28, 31, 35, 36, 43, 45, 52, 55, 56, 60, 62, 64, 70, 71, 80, 90, 94, 97, 183, 197, 232, 334, 426, 455, 472, 477, 478, 480, 483, 484, 490, 496, 505, 507, 509, 510, 511, 514, 516, 517, 523, 525, 529, 532, 533, 536, 538, 545, 546, 552, 561, 565, 568, 654, 668, 696, 790, 857, 878, 902, 919, 928, 929, 932, 934, 935]",[],[],0/6 successful match,False,,False,199,False,,,,,
"Moriarty , 87035 Lisa's Truck Center",505-832-4455 I-40 Exit 197 ( 820 US 66 ),HRS 24 M MO,Moriarty,87035,Lisa's Truck Center,505-832-4455,2007,Moriarty,NM,,( 820 US 66 ),I-40 Exit 197 ,Exit,197,False,,False,I-40,,,,,[],[],[],[],[],"[4, 11, 18, 21, 23, 26, 27, 28, 31, 35, 36, 43, 45, 52, 55, 56, 60, 62, 64, 70, 71, 80, 90, 94, 97, 183, 197, 232, 334, 426, 455, 472, 477, 478, 480, 483, 484, 490, 496, 505, 507, 509, 510, 511, 514, 516, 517, 523, 525, 529, 532, 533, 536, 538, 545, 546, 552, 561, 565, 568, 654, 668, 696, 790, 857, 878, 902, 919, 928, 929, 932, 934, 935]",[],[],"[514, 4, 516, 517, 902, 11, 523, 525, 654, 529, 18, 532, 21, 533, 23, 536, 790, 26, 27, 28, 538, 668, 31, 919, 545, 546, 35, 36, 928, 929, 932, 552, 934, 426, 43, 935, 45, 561, 52, 565, 55, 56, 183, 568, 696, 60, 62, 64, 197, 70, 71, 455, 334, 80, 472, 857, 90, 477, 94, 478, 480, 97, 483, 484, 232, 490, 878, 496, 505, 507, 509, 510, 511]",False,[],[],[],[],"[4, 11, 18, 21, 23, 26, 27, 28, 31, 35, 36, 43, 45, 52, 55, 56, 60, 62, 64, 70, 71, 80, 90, 94, 97, 183, 197, 232, 334, 426, 455, 472, 477, 478, 480, 483, 484, 490, 496, 505, 507, 509, 510, 511, 514, 516, 517, 523, 525, 529, 532, 533, 536, 538, 545, 546, 552, 561, 565, 568, 654, 668, 696, 790, 857, 878, 902, 919, 928, 929, 932, 934, 935]",[],[],0/6 successful match,False,,False,199,False,,1.0,True,Lisa's Truck Center,
"Moriarty , 87035 Lisa's Truck Center",41505-832-4455 I-40 Exit 197 ( 820 US 66 ),24 MOO <U+2610><U+2610> <U+2610> <U+2610>,Moriarty,87035,Lisa's Truck Center,505-832-4455,2008,Moriarty,NM,,( 820 US 66 ),I-40 Exit 197 ,Exit,197,False,,False,I-40,,,,,[],[],[],[],[],"[4, 11, 18, 21, 23, 26, 27, 28, 31, 35, 36, 43, 45, 52, 55, 56, 60, 62, 64, 70, 71, 80, 90, 94, 97, 183, 197, 232, 334, 426, 455, 472, 477, 478, 480, 483, 484, 490, 496, 505, 507, 509, 510, 511, 514, 516, 517, 523, 525, 529, 532, 533, 536, 538, 545, 546, 552, 561, 565, 568, 654, 668, 696, 790, 857, 878, 902, 919, 928, 929, 932, 934, 935]",[],[],"[514, 4, 516, 517, 902, 11, 523, 525, 654, 529, 18, 532, 21, 533, 23, 536, 790, 26, 27, 28, 538, 668, 31, 919, 545, 546, 35, 36, 928, 929, 932, 552, 934, 426, 43, 935, 45, 561, 52, 565, 55, 56, 183, 568, 696, 60, 62, 64, 197, 70, 71, 455, 334, 80, 472, 857, 90, 477, 94, 478, 480, 97, 483, 484, 232, 490, 878, 496, 505, 507, 509, 510, 511]",False,[],[],[],[],"[4, 11, 18, 21, 23, 26, 27, 28, 31, 35, 36, 43, 45, 52, 55, 56, 60, 62, 64, 70, 71, 80, 90, 94, 97, 183, 197, 232, 334, 426, 455, 472, 477, 478, 480, 483, 484, 490, 496, 505, 507, 509, 510, 511, 514, 516, 517, 523, 525, 529, 532, 533, 536, 538, 545, 546, 552, 561, 565, 568, 654, 668, 696, 790, 857, 878, 902, 919, 928, 929, 932, 934, 935]",[],[],0/6 successful match,False,,False,199,False,,1.0,True,Lisa's Truck Center,
E Moriarty ( 87035 ) Lisa's Truck Center,4 505-832-4455 I-40 Exit 197 ( 820 US 66 ),24,Moriarty,87035,Lisa's Truck Center,505-832-4455,2014,Moriarty,NM,,( 820 US 66 ),I-40 Exit 197 ,Exit,197,False,,False,I-40,,,,,[],[],[],[],[],"[4, 11, 18, 21, 23, 26, 27, 28, 31, 35, 36, 43, 45, 52, 55, 56, 60, 62, 64, 70, 71, 80, 90, 94, 97, 183, 197, 232, 334, 426, 455, 472, 477, 478, 480, 483, 484, 490, 496, 505, 507, 509, 510, 511, 514, 516, 517, 523, 525, 529, 532, 533, 536, 538, 545, 546, 552, 561, 565, 568, 654, 668, 696, 790, 857, 878, 902, 919, 928, 929, 932, 934, 935]",[],[],"[514, 4, 516, 517, 902, 11, 523, 525, 654, 529, 18, 532, 21, 533, 23, 536, 790, 26, 27, 28, 538, 668, 31, 919, 545, 546, 35, 36, 928, 929, 932, 552, 934, 426, 43, 935, 45, 561, 52, 565, 55, 56, 183, 568, 696, 60, 62, 64, 197, 70, 71, 455, 334, 80, 472, 857, 90, 477, 94, 478, 480, 97, 483, 484, 232, 490, 878, 496, 505, 507, 509, 510, 511]",False,[],[],[],[],"[4, 11, 18, 21, 23, 26, 27, 28, 31, 35, 36, 43, 45, 52, 55, 56, 60, 62, 64, 70, 71, 80, 90, 94, 97, 183, 197, 232, 334, 426, 455, 472, 477, 478, 480, 483, 484, 490, 496, 505, 507, 509, 510, 511, 514, 516, 517, 523, 525, 529, 532, 533, 536, 538, 545, 546, 552, 561, 565, 568, 654, 668, 696, 790, 857, 878, 902, 919, 928, 929, 932, 934, 935]",[],[],0/6 successful match,False,,False,199,False,,1.0,True,Lisa's Truck Center,
E Moriarty ( 87035 ) Lisa's Truck Center,4 505-832-4455 I-40 Exit 197 ( 820 US 66 ),LOO <U+2610> <U+25A1> <U+25A1>,Moriarty,87035,Lisa's Truck Center,505-832-4455,2015,Moriarty,NM,,( 820 US 66 ),I-40 Exit 197 ,Exit,197,False,,False,I-40,,,,,[],[],[],[],[],"[4, 11, 18, 21, 23, 26, 27, 28, 31, 35, 36, 43, 45, 52, 55, 56, 60, 62, 64, 70, 71, 80, 90, 94, 97, 183, 197, 232, 334, 426, 455, 472, 477, 478, 480, 483, 484, 490, 496, 505, 507, 509, 510, 511, 514, 516, 517, 523, 525, 529, 532, 533, 536, 538, 545, 546, 552, 561, 565, 568, 654, 668, 696, 790, 857, 878, 902, 919, 928, 929, 932, 934, 935]",[],[],"[514, 4, 516, 517, 902, 11, 523, 525, 654, 529, 18, 532, 21, 533, 23, 536, 790, 26, 27, 28, 538, 668, 31, 919, 545, 546, 35, 36, 928, 929, 932, 552, 934, 426, 43, 935, 45, 561, 52, 565, 55, 56, 183, 568, 696, 60, 62, 64, 197, 70, 71, 455, 334, 80, 472, 857, 90, 477, 94, 478, 480, 97, 483, 484, 232, 490, 878, 496, 505, 507, 509, 510, 511]",False,[],[],[],[],"[4, 11, 18, 21, 23, 26, 27, 28, 31, 35, 36, 43, 45, 52, 55, 56, 60, 62, 64, 70, 71, 80, 90, 94, 97, 183, 197, 232, 334, 426, 455, 472, 477, 478, 480, 483, 484, 490, 496, 505, 507, 509, 510, 511, 514, 516, 517, 523, 525, 529, 532, 533, 536, 538, 545, 546, 552, 561, 565, 568, 654, 668, 696, 790, 857, 878, 902, 919, 928, 929, 932, 934, 935]",[],[],0/6 successful match,False,,False,199,False,,1.0,True,Lisa's Truck Center,
Moriarty ( 87035 ) Lisa's Truck Center,505-832-4455 I-40 Exit 197 ( 820 US 66 ),24 LOO,Moriarty,87035,Lisa's Truck Center,505-832-4455,2016,Moriarty,NM,,( 820 US 66 ),I-40 Exit 197 ,Exit,197,False,,False,I-40,,,,,[],[],[],[],[],"[4, 11, 18, 21, 23, 26, 27, 28, 31, 35, 36, 43, 45, 52, 55, 56, 60, 62, 64, 70, 71, 80, 90, 94, 97, 183, 197, 232, 334, 426, 455, 472, 477, 478, 480, 483, 484, 490, 496, 505, 507, 509, 510, 511, 514, 516, 517, 523, 525, 529, 532, 533, 536, 538, 545, 546, 552, 561, 565, 568, 654, 668, 696, 790, 857, 878, 902, 919, 928, 929, 932, 934, 935]",[],[],"[514, 4, 516, 517, 902, 11, 523, 525, 654, 529, 18, 532, 21, 533, 23, 536, 790, 26, 27, 28, 538, 668, 31, 919, 545, 546, 35, 36, 928, 929, 932, 552, 934, 426, 43, 935, 45, 561, 52, 565, 55, 56, 183, 568, 696, 60, 62, 64, 197, 70, 71, 455, 334, 80, 472, 857, 90, 477, 94, 478, 480, 97, 483, 484, 232, 490, 878, 496, 505, 507, 509, 510, 511]",False,[],[],[],[],"[4, 11, 18, 21, 23, 26, 27, 28, 31, 35, 36, 43, 45, 52, 55, 56, 60, 62, 64, 70, 71, 80, 90, 94, 97, 183, 197, 232, 334, 426, 455, 472, 477, 478, 480, 483, 484, 490, 496, 505, 507, 509, 510, 511, 514, 516, 517, 523, 525, 529, 532, 533, 536, 538, 545, 546, 552, 561, 565, 568, 654, 668, 696, 790, 857, 878, 902, 919, 928, 929, 932, 934, 935]",[],[],0/6 successful match,False,,False,199,False,,1.0,True,Lisa's Truck Center,
"Albuquerque , 87105 Flying J Travel Plaza # 0500032",505-831-2001 I-40 Exit 153 ( 98th St ),XL 24 -,Albuquerque,87105,Flying J Travel Plaza # 0500032,505-831-2001,2006,Albuquerque,NM,Flying J,( 98th St ),I-40 Exit 153 ,Exit,153,False,,False,I-40,,,,,[],[],[],[],[],"[4, 11, 18, 21, 23, 26, 27, 28, 31, 35, 36, 43, 45, 52, 55, 56, 60, 62, 64, 70, 71, 80, 90, 94, 97, 183, 197, 232, 334, 426, 455, 472, 477, 478, 480, 483, 484, 490, 496, 505, 507, 509, 510, 511, 514, 516, 517, 523, 525, 529, 532, 533, 536, 538, 545, 546, 552, 561, 565, 568, 654, 668, 696, 790, 857, 878, 902, 919, 928, 929, 932, 934, 935]","[17, 18, 19, 20, 21, 22, 23, 156, 157, 158, 159, 160, 161, 162, 163, 164, 165, 166, 167, 341, 342, 343, 344, 345, 412, 413, 414, 415, 416, 417, 418, 419, 420, 421, 422, 502, 503, 504, 505, 506, 507, 628, 629, 630, 631, 632, 633, 634, 635, 636, 637, 638, 639, 792, 797, 798, 799, 800, 801, 863, 864, 865, 866, 867, 868, 869, 870, 871, 872, 873, 874]","[17, 18, 19, 20, 21, 22, 23, 156, 157, 158, 159, 160, 161, 162, 163, 164, 165, 166, 167, 168, 340, 341, 342, 343, 344, 345, 346, 412, 413, 414, 415, 416, 417, 418, 419, 420, 421, 422, 502, 503, 504, 505, 506, 507, 628, 629, 630, 631, 632, 633, 634, 635, 636, 637, 638, 639, 792, 796, 797, 798, 799, 800, 801, 863, 864, 865, 866, 867, 868, 869, 870, 871, 872, 873, 874]","[514, 4, 516, 517, 11, 523, 525, 529, 18, 17, 532, 21, 533, 23, 536, 19, 26, 27, 28, 538, 22, 31, 545, 546, 35, 36, 552, 43, 45, 561, 52, 565, 55, 56, 568, 60, 62, 64, 70, 71, 80, 90, 94, 97, 20, 628, 629, 630, 631, 632, 633, 634, 635, 636, 637, 638, 639, 654, 668, 156, 157, 158, 159, 160, 161, 162, 163, 164, 165, 166, 167, 168, 183, 696, 197, 232, 790, 792, 796, 797, 798, 799, 800, 801, 334, 340, 341, 342, 343, 344, 857, 345, 346, 863, 864, 865, 866, 867, 868, 869, 870, 871, 872, 873, 874, 878, 902, 919, 412, 413, 414, 415, 928, 929, 416, 417, 932, 418, 934, 935, 419, 420, 426, 421, 422, 455, 472, 477, 478, 480, 483, 484, 490, 496, 502, 503, 504, 505, 506, 507, 509, 510, 511]",False,[],[],[],[],"[4, 11, 18, 21, 23, 26, 27, 28, 31, 35, 36, 43, 45, 52, 55, 56, 60, 62, 64, 70, 71, 80, 90, 94, 97, 183, 197, 232, 334, 426, 455, 472, 477, 478, 480, 483, 484, 490, 496, 505, 507, 509, 510, 511, 514, 516, 517, 523, 525, 529, 532, 533, 536, 538, 545, 546, 552, 561, 565, 568, 654, 668, 696, 790, 857, 878, 902, 919, 928, 929, 932, 934, 935]","[17, 18, 19, 20, 21, 22, 23, 156, 157, 158, 159, 160, 161, 162, 163, 164, 165, 166, 167, 168, 340, 341, 342, 343, 344, 345, 346, 412, 413, 414, 415, 416, 417, 418, 419, 420, 421, 422, 502, 503, 504, 505, 506, 507, 628, 629, 630, 631, 632, 633, 634, 635, 636, 637, 638, 639, 792, 796, 797, 798, 799, 800, 801, 863, 864, 865, 866, 867, 868, 869, 870, 871, 872, 873, 874]","[17, 18, 19, 20, 21, 22, 23, 156, 157, 158, 159, 160, 161, 162, 163, 164, 165, 166, 167, 341, 342, 343, 344, 345, 412, 413, 414, 415, 416, 417, 418, 419, 420, 421, 422, 502, 503, 504, 505, 506, 507, 628, 629, 630, 631, 632, 633, 634, 635, 636, 637, 638, 639, 792, 797, 798, 799, 800, 801, 863, 864, 865, 866, 867, 868, 869, 870, 871, 872, 873, 874]",0/6 successful match,False,,False,200,False,,,,,
"Albuquerque , 87105 Flying J Travel Plaza # 0500032",505-831-2001 I-40 Exit 153 ( 98th St ),HRS 24,Albuquerque,87105,Flying J Travel Plaza # 0500032,505-831-2001,2007,Albuquerque,NM,Flying J,( 98th St ),I-40 Exit 153 ,Exit,153,False,,False,I-40,,,,,[],[],[],[],[],"[4, 11, 18, 21, 23, 26, 27, 28, 31, 35, 36, 43, 45, 52, 55, 56, 60, 62, 64, 70, 71, 80, 90, 94, 97, 183, 197, 232, 334, 426, 455, 472, 477, 478, 480, 483, 484, 490, 496, 505, 507, 509, 510, 511, 514, 516, 517, 523, 525, 529, 532, 533, 536, 538, 545, 546, 552, 561, 565, 568, 654, 668, 696, 790, 857, 878, 902, 919, 928, 929, 932, 934, 935]","[17, 18, 19, 20, 21, 22, 23, 156, 157, 158, 159, 160, 161, 162, 163, 164, 165, 166, 167, 341, 342, 343, 344, 345, 412, 413, 414, 415, 416, 417, 418, 419, 420, 421, 422, 502, 503, 504, 505, 506, 507, 628, 629, 630, 631, 632, 633, 634, 635, 636, 637, 638, 639, 792, 797, 798, 799, 800, 801, 863, 864, 865, 866, 867, 868, 869, 870, 871, 872, 873, 874]","[17, 18, 19, 20, 21, 22, 23, 156, 157, 158, 159, 160, 161, 162, 163, 164, 165, 166, 167, 168, 340, 341, 342, 343, 344, 345, 346, 412, 413, 414, 415, 416, 417, 418, 419, 420, 421, 422, 502, 503, 504, 505, 506, 507, 628, 629, 630, 631, 632, 633, 634, 635, 636, 637, 638, 639, 792, 796, 797, 798, 799, 800, 801, 863, 864, 865, 866, 867, 868, 869, 870, 871, 872, 873, 874]","[514, 4, 516, 517, 11, 523, 525, 529, 18, 17, 532, 21, 533, 23, 536, 19, 26, 27, 28, 538, 22, 31, 545, 546, 35, 36, 552, 43, 45, 561, 52, 565, 55, 56, 568, 60, 62, 64, 70, 71, 80, 90, 94, 97, 20, 628, 629, 630, 631, 632, 633, 634, 635, 636, 637, 638, 639, 654, 668, 156, 157, 158, 159, 160, 161, 162, 163, 164, 165, 166, 167, 168, 183, 696, 197, 232, 790, 792, 796, 797, 798, 799, 800, 801, 334, 340, 341, 342, 343, 344, 857, 345, 346, 863, 864, 865, 866, 867, 868, 869, 870, 871, 872, 873, 874, 878, 902, 919, 412, 413, 414, 415, 928, 929, 416, 417, 932, 418, 934, 935, 419, 420, 426, 421, 422, 455, 472, 477, 478, 480, 483, 484, 490, 496, 502, 503, 504, 505, 506, 507, 509, 510, 511]",False,[],[],[],[],"[4, 11, 18, 21, 23, 26, 27, 28, 31, 35, 36, 43, 45, 52, 55, 56, 60, 62, 64, 70, 71, 80, 90, 94, 97, 183, 197, 232, 334, 426, 455, 472, 477, 478, 480, 483, 484, 490, 496, 505, 507, 509, 510, 511, 514, 516, 517, 523, 525, 529, 532, 533, 536, 538, 545, 546, 552, 561, 565, 568, 654, 668, 696, 790, 857, 878, 902, 919, 928, 929, 932, 934, 935]","[17, 18, 19, 20, 21, 22, 23, 156, 157, 158, 159, 160, 161, 162, 163, 164, 165, 166, 167, 168, 340, 341, 342, 343, 344, 345, 346, 412, 413, 414, 415, 416, 417, 418, 419, 420, 421, 422, 502, 503, 504, 505, 506, 507, 628, 629, 630, 631, 632, 633, 634, 635, 636, 637, 638, 639, 792, 796, 797, 798, 799, 800, 801, 863, 864, 865, 866, 867, 868, 869, 870, 871, 872, 873, 874]","[17, 18, 19, 20, 21, 22, 23, 156, 157, 158, 159, 160, 161, 162, 163, 164, 165, 166, 167, 341, 342, 343, 344, 345, 412, 413, 414, 415, 416, 417, 418, 419, 420, 421, 422, 502, 503, 504, 505, 506, 507, 628, 629, 630, 631, 632, 633, 634, 635, 636, 637, 638, 639, 792, 797, 798, 799, 800, 801, 863, 864, 865, 866, 867, 868, 869, 870, 871, 872, 873, 874]",0/6 successful match,False,,False,200,False,,1.0,True,Flying J Travel Plaza # 0500032,Flying J
"Albuquerque , 87105 Flying J Travel Plaza # 0500032 S )",3 505-831-2001 I-40 Exit 153 ( 98th St ),NRS 24 X 24,Albuquerque,87105,Flying J Travel Plaza # 0500032 S ),505-831-2001,2008,Albuquerque,NM,Flying J,( 98th St ),I-40 Exit 153 ,Exit,153,False,,False,I-40,,,,,[],[],[],[],[],"[4, 11, 18, 21, 23, 26, 27, 28, 31, 35, 36, 43, 45, 52, 55, 56, 60, 62, 64, 70, 71, 80, 90, 94, 97, 183, 197, 232, 334, 426, 455, 472, 477, 478, 480, 483, 484, 490, 496, 505, 507, 509, 510, 511, 514, 516, 517, 523, 525, 529, 532, 533, 536, 538, 545, 546, 552, 561, 565, 568, 654, 668, 696, 790, 857, 878, 902, 919, 928, 929, 932, 934, 935]","[17, 18, 19, 20, 21, 22, 23, 156, 157, 158, 159, 160, 161, 162, 163, 164, 165, 166, 167, 341, 342, 343, 344, 345, 412, 413, 414, 415, 416, 417, 418, 419, 420, 421, 422, 502, 503, 504, 505, 506, 507, 628, 629, 630, 631, 632, 633, 634, 635, 636, 637, 638, 639, 792, 797, 798, 799, 800, 801, 863, 864, 865, 866, 867, 868, 869, 870, 871, 872, 873, 874]","[17, 18, 19, 20, 21, 22, 23, 156, 157, 158, 159, 160, 161, 162, 163, 164, 165, 166, 167, 168, 340, 341, 342, 343, 344, 345, 346, 412, 413, 414, 415, 416, 417, 418, 419, 420, 421, 422, 502, 503, 504, 505, 506, 507, 628, 629, 630, 631, 632, 633, 634, 635, 636, 637, 638, 639, 792, 796, 797, 798, 799, 800, 801, 863, 864, 865, 866, 867, 868, 869, 870, 871, 872, 873, 874]","[514, 4, 516, 517, 11, 523, 525, 529, 18, 17, 532, 21, 533, 23, 536, 19, 26, 27, 28, 538, 22, 31, 545, 546, 35, 36, 552, 43, 45, 561, 52, 565, 55, 56, 568, 60, 62, 64, 70, 71, 80, 90, 94, 97, 20, 628, 629, 630, 631, 632, 633, 634, 635, 636, 637, 638, 639, 654, 668, 156, 157, 158, 159, 160, 161, 162, 163, 164, 165, 166, 167, 168, 183, 696, 197, 232, 790, 792, 796, 797, 798, 799, 800, 801, 334, 340, 341, 342, 343, 344, 857, 345, 346, 863, 864, 865, 866, 867, 868, 869, 870, 871, 872, 873, 874, 878, 902, 919, 412, 413, 414, 415, 928, 929, 416, 417, 932, 418, 934, 935, 419, 420, 426, 421, 422, 455, 472, 477, 478, 480, 483, 484, 490, 496, 502, 503, 504, 505, 506, 507, 509, 510, 511]",False,[],[],[],[],"[4, 11, 18, 21, 23, 26, 27, 28, 31, 35, 36, 43, 45, 52, 55, 56, 60, 62, 64, 70, 71, 80, 90, 94, 97, 183, 197, 232, 334, 426, 455, 472, 477, 478, 480, 483, 484, 490, 496, 505, 507, 509, 510, 511, 514, 516, 517, 523, 525, 529, 532, 533, 536, 538, 545, 546, 552, 561, 565, 568, 654, 668, 696, 790, 857, 878, 902, 919, 928, 929, 932, 934, 935]","[17, 18, 19, 20, 21, 22, 23, 156, 157, 158, 159, 160, 161, 162, 163, 164, 165, 166, 167, 168, 340, 341, 342, 343, 344, 345, 346, 412, 413, 414, 415, 416, 417, 418, 419, 420, 421, 422, 502, 503, 504, 505, 506, 507, 628, 629, 630, 631, 632, 633, 634, 635, 636, 637, 638, 639, 792, 796, 797, 798, 799, 800, 801, 863, 864, 865, 866, 867, 868, 869, 870, 871, 872, 873, 874]","[17, 18, 19, 20, 21, 22, 23, 156, 157, 158, 159, 160, 161, 162, 163, 164, 165, 166, 167, 341, 342, 343, 344, 345, 412, 413, 414, 415, 416, 417, 418, 419, 420, 421, 422, 502, 503, 504, 505, 506, 507, 628, 629, 630, 631, 632, 633, 634, 635, 636, 637, 638, 639, 792, 797, 798, 799, 800, 801, 863, 864, 865, 866, 867, 868, 869, 870, 871, 872, 873, 874]",0/6 successful match,False,,False,200,False,,1.0,True,Flying J Travel Plaza # 0500032,Flying J
Albuquerque ( 87105 ) Flying J Travel Plaza # 689,505-831-2001 I-40 Exit 153 ( 98th St ),XL 24,Albuquerque,87105,Flying J Travel Plaza # 689,505-831-2001,2014,Albuquerque,NM,Flying J,( 98th St ),I-40 Exit 153 ,Exit,153,False,,False,I-40,,,,,[],[],[],[],[],"[4, 11, 18, 21, 23, 26, 27, 28, 31, 35, 36, 43, 45, 52, 55, 56, 60, 62, 64, 70, 71, 80, 90, 94, 97, 183, 197, 232, 334, 426, 455, 472, 477, 478, 480, 483, 484, 490, 496, 505, 507, 509, 510, 511, 514, 516, 517, 523, 525, 529, 532, 533, 536, 538, 545, 546, 552, 561, 565, 568, 654, 668, 696, 790, 857, 878, 902, 919, 928, 929, 932, 934, 935]","[17, 18, 19, 20, 21, 22, 23, 156, 157, 158, 159, 160, 161, 162, 163, 164, 165, 166, 167, 341, 342, 343, 344, 345, 412, 413, 414, 415, 416, 417, 418, 419, 420, 421, 422, 502, 503, 504, 505, 506, 507, 628, 629, 630, 631, 632, 633, 634, 635, 636, 637, 638, 639, 792, 797, 798, 799, 800, 801, 863, 864, 865, 866, 867, 868, 869, 870, 871, 872, 873, 874]","[17, 18, 19, 20, 21, 22, 23, 156, 157, 158, 159, 160, 161, 162, 163, 164, 165, 166, 167, 168, 340, 341, 342, 343, 344, 345, 346, 412, 413, 414, 415, 416, 417, 418, 419, 420, 421, 422, 502, 503, 504, 505, 506, 507, 628, 629, 630, 631, 632, 633, 634, 635, 636, 637, 638, 639, 792, 796, 797, 798, 799, 800, 801, 863, 864, 865, 866, 867, 868, 869, 870, 871, 872, 873, 874]","[514, 4, 516, 517, 11, 523, 525, 529, 18, 17, 532, 21, 533, 23, 536, 19, 26, 27, 28, 538, 22, 31, 545, 546, 35, 36, 552, 43, 45, 561, 52, 565, 55, 56, 568, 60, 62, 64, 70, 71, 80, 90, 94, 97, 20, 628, 629, 630, 631, 632, 633, 634, 635, 636, 637, 638, 639, 654, 668, 156, 157, 158, 159, 160, 161, 162, 163, 164, 165, 166, 167, 168, 183, 696, 197, 232, 790, 792, 796, 797, 798, 799, 800, 801, 334, 340, 341, 342, 343, 344, 857, 345, 346, 863, 864, 865, 866, 867, 868, 869, 870, 871, 872, 873, 874, 878, 902, 919, 412, 413, 414, 415, 928, 929, 416, 417, 932, 418, 934, 935, 419, 420, 426, 421, 422, 455, 472, 477, 478, 480, 483, 484, 490, 496, 502, 503, 504, 505, 506, 507, 509, 510, 511]",False,[],[],[],[],"[4, 11, 18, 21, 23, 26, 27, 28, 31, 35, 36, 43, 45, 52, 55, 56, 60, 62, 64, 70, 71, 80, 90, 94, 97, 183, 197, 232, 334, 426, 455, 472, 477, 478, 480, 483, 484, 490, 496, 505, 507, 509, 510, 511, 514, 516, 517, 523, 525, 529, 532, 533, 536, 538, 545, 546, 552, 561, 565, 568, 654, 668, 696, 790, 857, 878, 902, 919, 928, 929, 932, 934, 935]","[17, 18, 19, 20, 21, 22, 23, 156, 157, 158, 159, 160, 161, 162, 163, 164, 165, 166, 167, 168, 340, 341, 342, 343, 344, 345, 346, 412, 413, 414, 415, 416, 417, 418, 419, 420, 421, 422, 502, 503, 504, 505, 506, 507, 628, 629, 630, 631, 632, 633, 634, 635, 636, 637, 638, 639, 792, 796, 797, 798, 799, 800, 801, 863, 864, 865, 866, 867, 868, 869, 870, 871, 872, 873, 874]","[17, 18, 19, 20, 21, 22, 23, 156, 157, 158, 159, 160, 161, 162, 163, 164, 165, 166, 167, 341, 342, 343, 344, 345, 412, 413, 414, 415, 416, 417, 418, 419, 420, 421, 422, 502, 503, 504, 505, 506, 507, 628, 629, 630, 631, 632, 633, 634, 635, 636, 637, 638, 639, 792, 797, 798, 799, 800, 801, 863, 864, 865, 866, 867, 868, 869, 870, 871, 872, 873, 874]",0/6 successful match,False,,False,200,False,,0.5655913978494624,True,Flying J Travel Plaza # 0500032 S ),Flying J
Albuquerque ( 87105 ) Flying J Travel Plaza SB # 689 ( 1-40X159A EB / D,505-831-2001 I-40 Exit 153 ( 98th,/ D FLYING WB J ) 24 XL 24 D,Albuquerque,87105,Flying J Travel Plaza SB # 689 ( 1-40X159A EB / D,505-831-2001,2015,Albuquerque,NM,Flying J,( 98th,I-40 Exit 153 ,Exit,153,False,,False,I-40,,,,,[],[],[],[],[],"[4, 11, 18, 21, 23, 26, 27, 28, 31, 35, 36, 43, 45, 52, 55, 56, 60, 62, 64, 70, 71, 80, 90, 94, 97, 183, 197, 232, 334, 426, 455, 472, 477, 478, 480, 483, 484, 490, 496, 505, 507, 509, 510, 511, 514, 516, 517, 523, 525, 529, 532, 533, 536, 538, 545, 546, 552, 561, 565, 568, 654, 668, 696, 790, 857, 878, 902, 919, 928, 929, 932, 934, 935]","[17, 18, 19, 20, 21, 22, 23, 156, 157, 158, 159, 160, 161, 162, 163, 164, 165, 166, 167, 341, 342, 343, 344, 345, 412, 413, 414, 415, 416, 417, 418, 419, 420, 421, 422, 502, 503, 504, 505, 506, 507, 628, 629, 630, 631, 632, 633, 634, 635, 636, 637, 638, 639, 792, 797, 798, 799, 800, 801, 863, 864, 865, 866, 867, 868, 869, 870, 871, 872, 873, 874]","[17, 18, 19, 20, 21, 22, 23, 156, 157, 158, 159, 160, 161, 162, 163, 164, 165, 166, 167, 168, 340, 341, 342, 343, 344, 345, 346, 412, 413, 414, 415, 416, 417, 418, 419, 420, 421, 422, 502, 503, 504, 505, 506, 507, 628, 629, 630, 631, 632, 633, 634, 635, 636, 637, 638, 639, 792, 796, 797, 798, 799, 800, 801, 863, 864, 865, 866, 867, 868, 869, 870, 871, 872, 873, 874]","[514, 4, 516, 517, 11, 523, 525, 529, 18, 17, 532, 21, 533, 23, 536, 19, 26, 27, 28, 538, 22, 31, 545, 546, 35, 36, 552, 43, 45, 561, 52, 565, 55, 56, 568, 60, 62, 64, 70, 71, 80, 90, 94, 97, 20, 628, 629, 630, 631, 632, 633, 634, 635, 636, 637, 638, 639, 654, 668, 156, 157, 158, 159, 160, 161, 162, 163, 164, 165, 166, 167, 168, 183, 696, 197, 232, 790, 792, 796, 797, 798, 799, 800, 801, 334, 340, 341, 342, 343, 344, 857, 345, 346, 863, 864, 865, 866, 867, 868, 869, 870, 871, 872, 873, 874, 878, 902, 919, 412, 413, 414, 415, 928, 929, 416, 417, 932, 418, 934, 935, 419, 420, 426, 421, 422, 455, 472, 477, 478, 480, 483, 484, 490, 496, 502, 503, 504, 505, 506, 507, 509, 510, 511]",False,[],[],[],[],"[4, 11, 18, 21, 23, 26, 27, 28, 31, 35, 36, 43, 45, 52, 55, 56, 60, 62, 64, 70, 71, 80, 90, 94, 97, 183, 197, 232, 334, 426, 455, 472, 477, 478, 480, 483, 484, 490, 496, 505, 507, 509, 510, 511, 514, 516, 517, 523, 525, 529, 532, 533, 536, 538, 545, 546, 552, 561, 565, 568, 654, 668, 696, 790, 857, 878, 902, 919, 928, 929, 932, 934, 935]","[17, 18, 19, 20, 21, 22, 23, 156, 157, 158, 159, 160, 161, 162, 163, 164, 165, 166, 167, 168, 340, 341, 342, 343, 344, 345, 346, 412, 413, 414, 415, 416, 417, 418, 419, 420, 421, 422, 502, 503, 504, 505, 506, 507, 628, 629, 630, 631, 632, 633, 634, 635, 636, 637, 638, 639, 792, 796, 797, 798, 799, 800, 801, 863, 864, 865, 866, 867, 868, 869, 870, 871, 872, 873, 874]","[17, 18, 19, 20, 21, 22, 23, 156, 157, 158, 159, 160, 161, 162, 163, 164, 165, 166, 167, 341, 342, 343, 344, 345, 412, 413, 414, 415, 416, 417, 418, 419, 420, 421, 422, 502, 503, 504, 505, 506, 507, 628, 629, 630, 631, 632, 633, 634, 635, 636, 637, 638, 639, 792, 797, 798, 799, 800, 801, 863, 864, 865, 866, 867, 868, 869, 870, 871, 872, 873, 874]",0/6 successful match,False,,False,200,False,,0.9798245614035088,True,Flying J Travel Plaza # 689,Flying J
D Albuquerque ( 87105 ) Flying J Travel Plaza # 689 ),3 505-831-2001 I-40 Exit 153 ( 98th St ) FLYING J,J 24 <U+25A1> XL 24 AS FRS 24,Albuquerque,87105,Flying J Travel Plaza # 689 ),505-831-2001,2016,Albuquerque,NM,Flying J,( 98th St ) FLYING J,I-40 Exit 153 ,Exit,153,False,,False,I-40,,,,,[],[],[],[],[],"[4, 11, 18, 21, 23, 26, 27, 28, 31, 35, 36, 43, 45, 52, 55, 56, 60, 62, 64, 70, 71, 80, 90, 94, 97, 183, 197, 232, 334, 426, 455, 472, 477, 478, 480, 483, 484, 490, 496, 505, 507, 509, 510, 511, 514, 516, 517, 523, 525, 529, 532, 533, 536, 538, 545, 546, 552, 561, 565, 568, 654, 668, 696, 790, 857, 878, 902, 919, 928, 929, 932, 934, 935]","[17, 18, 19, 20, 21, 22, 23, 156, 157, 158, 159, 160, 161, 162, 163, 164, 165, 166, 167, 341, 342, 343, 344, 345, 412, 413, 414, 415, 416, 417, 418, 419, 420, 421, 422, 502, 503, 504, 505, 506, 507, 628, 629, 630, 631, 632, 633, 634, 635, 636, 637, 638, 639, 792, 797, 798, 799, 800, 801, 863, 864, 865, 866, 867, 868, 869, 870, 871, 872, 873, 874]","[17, 18, 19, 20, 21, 22, 23, 156, 157, 158, 159, 160, 161, 162, 163, 164, 165, 166, 167, 168, 340, 341, 342, 343, 344, 345, 346, 412, 413, 414, 415, 416, 417, 418, 419, 420, 421, 422, 502, 503, 504, 505, 506, 507, 628, 629, 630, 631, 632, 633, 634, 635, 636, 637, 638, 639, 792, 796, 797, 798, 799, 800, 801, 863, 864, 865, 866, 867, 868, 869, 870, 871, 872, 873, 874]","[514, 4, 516, 517, 11, 523, 525, 529, 18, 17, 532, 21, 533, 23, 536, 19, 26, 27, 28, 538, 22, 31, 545, 546, 35, 36, 552, 43, 45, 561, 52, 565, 55, 56, 568, 60, 62, 64, 70, 71, 80, 90, 94, 97, 20, 628, 629, 630, 631, 632, 633, 634, 635, 636, 637, 638, 639, 654, 668, 156, 157, 158, 159, 160, 161, 162, 163, 164, 165, 166, 167, 168, 183, 696, 197, 232, 790, 792, 796, 797, 798, 799, 800, 801, 334, 340, 341, 342, 343, 344, 857, 345, 346, 863, 864, 865, 866, 867, 868, 869, 870, 871, 872, 873, 874, 878, 902, 919, 412, 413, 414, 415, 928, 929, 416, 417, 932, 418, 934, 935, 419, 420, 426, 421, 422, 455, 472, 477, 478, 480, 483, 484, 490, 496, 502, 503, 504, 505, 506, 507, 509, 510, 511]",False,[],[],[],[],"[4, 11, 18, 21, 23, 26, 27, 28, 31, 35, 36, 43, 45, 52, 55, 56, 60, 62, 64, 70, 71, 80, 90, 94, 97, 183, 197, 232, 334, 426, 455, 472, 477, 478, 480, 483, 484, 490, 496, 505, 507, 509, 510, 511, 514, 516, 517, 523, 525, 529, 532, 533, 536, 538, 545, 546, 552, 561, 565, 568, 654, 668, 696, 790, 857, 878, 902, 919, 928, 929, 932, 934, 935]","[17, 18, 19, 20, 21, 22, 23, 156, 157, 158, 159, 160, 161, 162, 163, 164, 165, 166, 167, 168, 340, 341, 342, 343, 344, 345, 346, 412, 413, 414, 415, 416, 417, 418, 419, 420, 421, 422, 502, 503, 504, 505, 506, 507, 628, 629, 630, 631, 632, 633, 634, 635, 636, 637, 638, 639, 792, 796, 797, 798, 799, 800, 801, 863, 864, 865, 866, 867, 868, 869, 870, 871, 872, 873, 874]","[17, 18, 19, 20, 21, 22, 23, 156, 157, 158, 159, 160, 161, 162, 163, 164, 165, 166, 167, 341, 342, 343, 344, 345, 412, 413, 414, 415, 416, 417, 418, 419, 420, 421, 422, 502, 503, 504, 505, 506, 507, 628, 629, 630, 631, 632, 633, 634, 635, 636, 637, 638, 639, 792, 797, 798, 799, 800, 801, 863, 864, 865, 866, 867, 868, 869, 870, 871, 872, 873, 874]",0/6 successful match,False,,False,200,False,,0.982051282051282,True,Flying J Travel Plaza SB # 689 ( 1-40X159A EB / D,Flying J
"Albuquerque , 87107 TravelCenters of America ( Chevron ) /",505-884-1066 I-25 X 225 NB / 227 SB / I-40 X 159A EB / D,/ / D WBRS 24 L 2400,Albuquerque,87107,TravelCenters of America ( Chevron ) /,505-884-1066,2006,Albuquerque,NM,TravelCenters,,I-25 X 225 NB / 227 SB / I-40 X 159A EB / D,Exit,225,False,,False,I-25,,227,159,I-40,[],[],[],"[256, 718]",[],"[4, 11, 18, 21, 23, 26, 27, 28, 31, 35, 36, 43, 45, 52, 55, 56, 60, 62, 64, 70, 71, 80, 90, 94, 97, 108, 183, 197, 232, 334, 353, 426, 430, 455, 472, 477, 478, 480, 483, 484, 490, 496, 505, 507, 509, 510, 511, 514, 516, 517, 523, 525, 529, 532, 533, 536, 538, 545, 546, 552, 561, 565, 568, 584, 654, 668, 696, 790, 808, 857, 878, 882, 902, 919, 928, 929, 932, 934, 935]","[98, 476, 481, 569, 924, 925]","[12, 24, 25, 28, 88, 100, 104, 119, 123, 129, 136, 137, 139, 140, 141, 148, 155, 169, 172, 179, 183, 185, 188, 196, 198, 217, 237, 267, 270, 278, 319, 321, 324, 325, 330, 334, 335, 354, 366, 369, 380, 383, 384, 386, 395, 407, 411, 423, 428, 436, 437, 452, 453, 456, 467, 471, 477, 478, 479, 497, 508, 511, 559, 571, 575, 590, 594, 600, 607, 608, 610, 611, 612, 619, 627, 640, 643, 650, 654, 656, 659, 667, 669, 685, 701, 726, 729, 737, 777, 779, 782, 783, 787, 790, 791, 809, 817, 819, 830, 833, 834, 836, 845, 856, 857, 860, 862, 875, 880, 887, 888, 899, 900, 914, 918, 921, 928, 929, 930]","[514, 4, 516, 517, 11, 523, 525, 12, 529, 18, 532, 21, 533, 23, 536, 24, 26, 27, 28, 538, 25, 31, 545, 546, 35, 36, 552, 43, 45, 559, 561, 52, 565, 55, 56, 568, 569, 571, 60, 62, 575, 64, 70, 71, 584, 590, 80, 594, 88, 600, 90, 94, 607, 608, 97, 98, 610, 100, 611, 612, 104, 619, 108, 627, 119, 123, 640, 129, 643, 136, 137, 650, 139, 140, 141, 654, 656, 659, 148, 155, 668, 667, 669, 169, 172, 685, 179, 183, 696, 185, 188, 701, 196, 197, 198, 718, 726, 217, 729, 737, 232, 237, 256, 777, 267, 779, 270, 782, 783, 787, 790, 278, 791, 808, 809, 817, 819, 830, 319, 321, 833, 834, 324, 325, 836, 330, 845, 334, 335, 856, 857, 860, 862, 353, 354, 875, 878, 366, 880, 369, 882, 887, 888, 380, 383, 384, 386, 899, 900, 902, 395, 914, 918, 919, 407, 921, 411, 924, 925, 928, 929, 930, 932, 934, 935, 423, 426, 428, 430, 436, 437, 452, 453, 455, 456, 467, 471, 472, 476, 477, 478, 479, 480, 481, 483, 484, 490, 496, 497, 505, 507, 508, 509, 510, 511]",False,[],[],[],"[256, 718]","[4, 11, 18, 21, 23, 26, 27, 28, 31, 35, 36, 43, 45, 52, 55, 56, 60, 62, 64, 70, 71, 80, 90, 94, 97, 108, 183, 197, 232, 334, 353, 426, 430, 455, 472, 477, 478, 480, 483, 484, 490, 496, 505, 507, 509, 510, 511, 514, 516, 517, 523, 525, 529, 532, 533, 536, 538, 545, 546, 552, 561, 565, 568, 584, 654, 668, 696, 790, 808, 857, 878, 882, 902, 919, 928, 929, 932, 934, 935]","[12, 24, 25, 28, 88, 100, 104, 119, 123, 129, 136, 137, 139, 140, 141, 148, 155, 169, 172, 179, 183, 185, 188, 196, 198, 217, 237, 267, 270, 278, 319, 321, 324, 325, 330, 334, 335, 354, 366, 369, 380, 383, 384, 386, 395, 407, 411, 423, 428, 436, 437, 452, 453, 456, 467, 471, 477, 478, 479, 497, 508, 511, 559, 571, 575, 590, 594, 600, 607, 608, 610, 611, 612, 619, 627, 640, 643, 650, 654, 656, 659, 667, 669, 685, 701, 726, 729, 737, 777, 779, 782, 783, 787, 790, 791, 809, 817, 819, 830, 833, 834, 836, 845, 856, 857, 860, 862, 875, 880, 887, 888, 899, 900, 914, 918, 921, 928, 929, 930]","[98, 476, 481, 569, 924, 925]",0/6 successful match,False,,False,201,False,,,,,
"Albuquerque , 87107 TravelCenters of America",505-884-1066 I-25 X 225 NB / 227 SB / I-40 X 159A EB / D,D WB 24 HRS,Albuquerque,87107,TravelCenters of America,505-884-1066,2007,Albuquerque,NM,TravelCenters,,I-25 X 225 NB / 227 SB / I-40 X 159A EB / D,Exit,225,False,,False,I-25,,227,159,I-40,[],[],[],"[256, 718]",[],"[4, 11, 18, 21, 23, 26, 27, 28, 31, 35, 36, 43, 45, 52, 55, 56, 60, 62, 64, 70, 71, 80, 90, 94, 97, 108, 183, 197, 232, 334, 353, 426, 430, 455, 472, 477, 478, 480, 483, 484, 490, 496, 505, 507, 509, 510, 511, 514, 516, 517, 523, 525, 529, 532, 533, 536, 538, 545, 546, 552, 561, 565, 568, 584, 654, 668, 696, 790, 808, 857, 878, 882, 902, 919, 928, 929, 932, 934, 935]","[98, 476, 481, 569, 924, 925]",[],"[514, 4, 516, 517, 11, 523, 525, 529, 18, 532, 21, 533, 23, 536, 26, 27, 28, 538, 31, 545, 546, 35, 36, 552, 43, 45, 561, 52, 565, 55, 56, 568, 569, 60, 62, 64, 70, 71, 584, 80, 90, 94, 97, 98, 108, 654, 668, 183, 696, 197, 718, 232, 256, 790, 808, 334, 857, 353, 878, 882, 902, 919, 924, 925, 928, 929, 932, 934, 935, 426, 430, 455, 472, 476, 477, 478, 480, 481, 483, 484, 490, 496, 505, 507, 509, 510, 511]",False,[],[],[],"[256, 718]","[4, 11, 18, 21, 23, 26, 27, 28, 31, 35, 36, 43, 45, 52, 55, 56, 60, 62, 64, 70, 71, 80, 90, 94, 97, 108, 183, 197, 232, 334, 353, 426, 430, 455, 472, 477, 478, 480, 483, 484, 490, 496, 505, 507, 509, 510, 511, 514, 516, 517, 523, 525, 529, 532, 533, 536, 538, 545, 546, 552, 561, 565, 568, 584, 654, 668, 696, 790, 808, 857, 878, 882, 902, 919, 928, 929, 932, 934, 935]",[],"[98, 476, 481, 569, 924, 925]",0/6 successful match,False,,False,201,False,,1.0,True,TravelCenters of America ( Chevron ) /,TravelCenters
"Albuquerque , 87107 TravelCenters of",3 505-884-1066 I-25 X 225 NB / 227 SB America / I-40 X 159A ( Chevron EB / D WBA ),HRS 24 L,Albuquerque,87107,TravelCenters of,505-884-1066,2008,Albuquerque,NM,TravelCenters,( Chevron EB / D WBA ),I-25 X 225 NB / 227 SB America / I-40 X 159A ,Exit,225,False,,False,I-25,,227,159,I-40,[],[],[],"[256, 718]",[],"[4, 11, 18, 21, 23, 26, 27, 28, 31, 35, 36, 43, 45, 52, 55, 56, 60, 62, 64, 70, 71, 80, 90, 94, 97, 108, 183, 197, 232, 334, 353, 426, 430, 455, 472, 477, 478, 480, 483, 484, 490, 496, 505, 507, 509, 510, 511, 514, 516, 517, 523, 525, 529, 532, 533, 536, 538, 545, 546, 552, 561, 565, 568, 584, 654, 668, 696, 790, 808, 857, 878, 882, 902, 919, 928, 929, 932, 934, 935]","[98, 476, 481, 569, 924, 925]",[],"[514, 4, 516, 517, 11, 523, 525, 529, 18, 532, 21, 533, 23, 536, 26, 27, 28, 538, 31, 545, 546, 35, 36, 552, 43, 45, 561, 52, 565, 55, 56, 568, 569, 60, 62, 64, 70, 71, 584, 80, 90, 94, 97, 98, 108, 654, 668, 183, 696, 197, 718, 232, 256, 790, 808, 334, 857, 353, 878, 882, 902, 919, 924, 925, 928, 929, 932, 934, 935, 426, 430, 455, 472, 476, 477, 478, 480, 481, 483, 484, 490, 496, 505, 507, 509, 510, 511]",False,[],[],[],"[256, 718]","[4, 11, 18, 21, 23, 26, 27, 28, 31, 35, 36, 43, 45, 52, 55, 56, 60, 62, 64, 70, 71, 80, 90, 94, 97, 108, 183, 197, 232, 334, 353, 426, 430, 455, 472, 477, 478, 480, 483, 484, 490, 496, 505, 507, 509, 510, 511, 514, 516, 517, 523, 525, 529, 532, 533, 536, 538, 545, 546, 552, 561, 565, 568, 584, 654, 668, 696, 790, 808, 857, 878, 882, 902, 919, 928, 929, 932, 934, 935]",[],"[98, 476, 481, 569, 924, 925]",0/6 successful match,False,,False,201,False,,0.64,True,TravelCenters of America,TravelCenters
Albuquerque ( 87107 ) TA Albuquerque # 081 ( Valero ),3 505-884-1066 1-25X225 NB / 227 SB ( 1-40X159A EB / D,/ D WB ) 24 24 B,Albuquerque,87107,TA Albuquerque # 081 ( Valero ),505-884-1066,2014,Albuquerque,NM,Valero,( 1-40X159A EB / D,1-25X225 NB / 227 SB,empty,,False,,False,1 25X225,,227,,,[],[],[],[],[],"[108, 117, 256, 264, 353, 385, 388, 409, 430, 584, 588, 718, 724, 808, 835, 838, 859, 882]","[2, 9, 10, 82, 111, 112, 113, 199, 279, 284, 285, 300, 488, 494, 495, 553, 581, 582, 583, 670, 738, 743, 744, 759, 818]","[2, 9, 10, 82, 111, 112, 113, 199, 279, 284, 285, 300, 301, 476, 488, 494, 495, 553, 581, 582, 583, 670, 738, 743, 744, 759, 818, 924, 925]","[256, 385, 2, 388, 264, 9, 10, 279, 409, 284, 285, 670, 924, 925, 808, 553, 300, 301, 430, 818, 835, 581, 838, 199, 584, 582, 583, 588, 718, 82, 724, 859, 476, 353, 738, 743, 488, 744, 108, 494, 111, 112, 113, 882, 495, 117, 759]",False,[],[],[],[],"[108, 117, 256, 264, 353, 385, 388, 409, 430, 584, 588, 718, 724, 808, 835, 838, 859, 882]","[2, 9, 10, 82, 111, 112, 113, 199, 279, 284, 285, 300, 301, 476, 488, 494, 495, 553, 581, 582, 583, 670, 738, 743, 744, 759, 818, 924, 925]","[2, 9, 10, 82, 111, 112, 113, 199, 279, 284, 285, 300, 488, 494, 495, 553, 581, 582, 583, 670, 738, 743, 744, 759, 818]",0/6 successful match,False,,False,201,True,2014,0.14893617021276595,False,TravelCenters of,TravelCenters
D Albuquerque ( 87107 ) TA Albuquerque # ( W 081 of ( Valero I-25 Exit ) 222 B ),505-884-1066 1-25X225 NB / 227 SB (,/ ) D WB A24 ) <U+2610> L D <U+25A1>,Albuquerque,87107,TA Albuquerque # ( W 081 of ( Valero I-25 Exit ) 222 B ),505-884-1066,2015,Albuquerque,NM,Valero,(,1-25X225 NB / 227 SB,empty,,False,,False,1 25X225,,227,,,[],[],[],[],[],"[108, 117, 256, 264, 353, 385, 388, 409, 430, 584, 588, 718, 724, 808, 835, 838, 859, 882]","[2, 9, 10, 82, 111, 112, 113, 199, 279, 284, 285, 300, 488, 494, 495, 553, 581, 582, 583, 670, 738, 743, 744, 759, 818]","[2, 9, 10, 82, 111, 112, 113, 199, 279, 284, 285, 300, 301, 476, 488, 494, 495, 553, 581, 582, 583, 670, 738, 743, 744, 759, 818, 924, 925]","[256, 385, 2, 388, 264, 9, 10, 279, 409, 284, 285, 670, 924, 925, 808, 553, 300, 301, 430, 818, 835, 581, 838, 199, 584, 582, 583, 588, 718, 82, 724, 859, 476, 353, 738, 743, 488, 744, 108, 494, 111, 112, 113, 882, 495, 117, 759]",False,[],[],[],[],"[108, 117, 256, 264, 353, 385, 388, 409, 430, 584, 588, 718, 724, 808, 835, 838, 859, 882]","[2, 9, 10, 82, 111, 112, 113, 199, 279, 284, 285, 300, 301, 476, 488, 494, 495, 553, 581, 582, 583, 670, 738, 743, 744, 759, 818, 924, 925]","[2, 9, 10, 82, 111, 112, 113, 199, 279, 284, 285, 300, 488, 494, 495, 553, 581, 582, 583, 670, 738, 743, 744, 759, 818]",0/6 successful match,False,,False,201,False,,0.9537931034482758,True,TA Albuquerque # 081 ( Valero ),Valero
D Albuquerque ( 87107 ) TA Albuquerque # 081 ( Valero ) B ),3 505-884-1066 1-25X225 NB / 227 SB ( 1-40X159A EB / D ),WB ) 24 D LO,Albuquerque,87107,TA Albuquerque # 081 ( Valero ) B ),505-884-1066,2016,Albuquerque,NM,Valero,( 1-40X159A EB / D ),1-25X225 NB / 227 SB,empty,,False,,False,1 25X225,,227,,,[],[],[],[],[],"[108, 117, 256, 264, 353, 385, 388, 409, 430, 584, 588, 718, 724, 808, 835, 838, 859, 882]","[2, 9, 10, 82, 111, 112, 113, 199, 279, 284, 285, 300, 488, 494, 495, 553, 581, 582, 583, 670, 738, 743, 744, 759, 818]","[2, 9, 10, 82, 111, 112, 113, 199, 279, 284, 285, 300, 301, 476, 488, 494, 495, 553, 581, 582, 583, 670, 738, 743, 744, 759, 818, 924, 925]","[256, 385, 2, 388, 264, 9, 10, 279, 409, 284, 285, 670, 924, 925, 808, 553, 300, 301, 430, 818, 835, 581, 838, 199, 584, 582, 583, 588, 718, 82, 724, 859, 476, 353, 738, 743, 488, 744, 108, 494, 111, 112, 113, 882, 495, 117, 759]",False,[],[],[],[],"[108, 117, 256, 264, 353, 385, 388, 409, 430, 584, 588, 718, 724, 808, 835, 838, 859, 882]","[2, 9, 10, 82, 111, 112, 113, 199, 279, 284, 285, 300, 301, 476, 488, 494, 495, 553, 581, 582, 583, 670, 738, 743, 744, 759, 818, 924, 925]","[2, 9, 10, 82, 111, 112, 113, 199, 279, 284, 285, 300, 488, 494, 495, 553, 581, 582, 583, 670, 738, 743, 744, 759, 818]",0/6 successful match,False,,False,201,False,,0.9707692307692308,True,TA Albuquerque # ( W 081 of ( Valero I-25 Exit ) 222 B ),Valero
"Albuquerque , 87121 Rt 66 Travel Center ( Conoco )",3 505-352-7876 I-40 Exit 140 ( US 66 ),24 FIRS XL 24,Albuquerque,87121,Rt 66 Travel Center ( Conoco ),505-352-7876,2006,Albuquerque,NM,Conoco,( US 66 ),I-40 Exit 140 ,Exit,140,False,,False,I-40,,,,,[],[],[],[],[],"[4, 11, 18, 21, 23, 26, 27, 28, 31, 35, 36, 43, 45, 52, 55, 56, 60, 62, 64, 70, 71, 80, 90, 94, 97, 183, 197, 232, 334, 426, 455, 472, 477, 478, 480, 483, 484, 490, 496, 505, 507, 509, 510, 511, 514, 516, 517, 523, 525, 529, 532, 533, 536, 538, 545, 546, 552, 561, 565, 568, 654, 668, 696, 790, 857, 878, 902, 919, 928, 929, 932, 934, 935]","[3, 27, 349, 406, 451, 489, 510, 804, 855, 898]","[3, 27, 349, 401, 402, 406, 424, 427, 451, 464, 469, 489, 510, 804, 850, 851, 855, 876, 879, 898, 911, 916]","[514, 3, 4, 516, 517, 11, 523, 525, 529, 18, 532, 21, 533, 23, 536, 26, 27, 28, 538, 31, 545, 546, 35, 36, 552, 43, 45, 561, 52, 565, 55, 56, 568, 60, 62, 64, 70, 71, 80, 90, 94, 97, 654, 668, 183, 696, 197, 232, 790, 804, 334, 850, 851, 855, 857, 349, 876, 878, 879, 898, 902, 911, 401, 402, 916, 406, 919, 928, 929, 932, 934, 935, 424, 426, 427, 451, 455, 464, 469, 472, 477, 478, 480, 483, 484, 489, 490, 496, 505, 507, 509, 510, 511]",False,[],[],[],[],"[4, 11, 18, 21, 23, 26, 27, 28, 31, 35, 36, 43, 45, 52, 55, 56, 60, 62, 64, 70, 71, 80, 90, 94, 97, 183, 197, 232, 334, 426, 455, 472, 477, 478, 480, 483, 484, 490, 496, 505, 507, 509, 510, 511, 514, 516, 517, 523, 525, 529, 532, 533, 536, 538, 545, 546, 552, 561, 565, 568, 654, 668, 696, 790, 857, 878, 902, 919, 928, 929, 932, 934, 935]","[3, 27, 349, 401, 402, 406, 424, 427, 451, 464, 469, 489, 510, 804, 850, 851, 855, 876, 879, 898, 911, 916]","[3, 27, 349, 406, 451, 489, 510, 804, 855, 898]",0/6 successful match,False,,False,202,False,,,,,
"Albuquerque , 87121 Rt 66 Travel Center ( Conoco )",505-352-7876 I-40 Exit 140 ( US 66 ),24 HRS XL HRS 24,Albuquerque,87121,Rt 66 Travel Center ( Conoco ),505-352-7876,2007,Albuquerque,NM,Conoco,( US 66 ),I-40 Exit 140 ,Exit,140,False,,False,I-40,,,,,[],[],[],[],[],"[4, 11, 18, 21, 23, 26, 27, 28, 31, 35, 36, 43, 45, 52, 55, 56, 60, 62, 64, 70, 71, 80, 90, 94, 97, 183, 197, 232, 334, 426, 455, 472, 477, 478, 480, 483, 484, 490, 496, 505, 507, 509, 510, 511, 514, 516, 517, 523, 525, 529, 532, 533, 536, 538, 545, 546, 552, 561, 565, 568, 654, 668, 696, 790, 857, 878, 902, 919, 928, 929, 932, 934, 935]","[3, 27, 349, 406, 451, 489, 510, 804, 855, 898]","[3, 27, 349, 401, 402, 406, 424, 427, 451, 464, 469, 489, 510, 804, 850, 851, 855, 876, 879, 898, 911, 916]","[514, 3, 4, 516, 517, 11, 523, 525, 529, 18, 532, 21, 533, 23, 536, 26, 27, 28, 538, 31, 545, 546, 35, 36, 552, 43, 45, 561, 52, 565, 55, 56, 568, 60, 62, 64, 70, 71, 80, 90, 94, 97, 654, 668, 183, 696, 197, 232, 790, 804, 334, 850, 851, 855, 857, 349, 876, 878, 879, 898, 902, 911, 401, 402, 916, 406, 919, 928, 929, 932, 934, 935, 424, 426, 427, 451, 455, 464, 469, 472, 477, 478, 480, 483, 484, 489, 490, 496, 505, 507, 509, 510, 511]",False,[],[],[],[],"[4, 11, 18, 21, 23, 26, 27, 28, 31, 35, 36, 43, 45, 52, 55, 56, 60, 62, 64, 70, 71, 80, 90, 94, 97, 183, 197, 232, 334, 426, 455, 472, 477, 478, 480, 483, 484, 490, 496, 505, 507, 509, 510, 511, 514, 516, 517, 523, 525, 529, 532, 533, 536, 538, 545, 546, 552, 561, 565, 568, 654, 668, 696, 790, 857, 878, 902, 919, 928, 929, 932, 934, 935]","[3, 27, 349, 401, 402, 406, 424, 427, 451, 464, 469, 489, 510, 804, 850, 851, 855, 876, 879, 898, 911, 916]","[3, 27, 349, 406, 451, 489, 510, 804, 855, 898]",0/6 successful match,False,,False,202,False,,1.0,True,Rt 66 Travel Center ( Conoco ),Conoco
"Rio Puerco , 87121 Rt 66 Travel Center ( Conoco )",505-352-7876 I-40 Exit 140 ( US 66 ),24 XL 24,Rio Puerco,87121,Rt 66 Travel Center ( Conoco ),505-352-7876,2008,Albuquerque,NM,Conoco,( US 66 ),I-40 Exit 140 ,Exit,140,False,,False,I-40,,,,,[],[],"[72, 540]",[],[],"[4, 11, 18, 21, 23, 26, 27, 28, 31, 35, 36, 43, 45, 52, 55, 56, 60, 62, 64, 70, 71, 80, 90, 94, 97, 183, 197, 232, 334, 426, 455, 472, 477, 478, 480, 483, 484, 490, 496, 505, 507, 509, 510, 511, 514, 516, 517, 523, 525, 529, 532, 533, 536, 538, 545, 546, 552, 561, 565, 568, 654, 668, 696, 790, 857, 878, 902, 919, 928, 929, 932, 934, 935]","[3, 27, 349, 406, 451, 489, 510, 804, 855, 898]","[3, 27, 349, 401, 402, 406, 424, 427, 451, 464, 469, 489, 510, 804, 850, 851, 855, 876, 879, 898, 911, 916]","[514, 3, 4, 516, 517, 11, 523, 525, 529, 18, 532, 21, 533, 23, 536, 26, 27, 28, 540, 538, 31, 545, 546, 35, 36, 552, 43, 45, 561, 52, 565, 55, 56, 568, 60, 62, 64, 70, 71, 72, 80, 90, 94, 97, 654, 668, 183, 696, 197, 232, 790, 804, 334, 850, 851, 855, 857, 349, 876, 878, 879, 898, 902, 911, 401, 402, 916, 406, 919, 928, 929, 932, 934, 935, 424, 426, 427, 451, 455, 464, 469, 472, 477, 478, 480, 483, 484, 489, 490, 496, 505, 507, 509, 510, 511]",False,[],[],"[72, 540]",[],"[4, 11, 18, 21, 23, 26, 27, 28, 31, 35, 36, 43, 45, 52, 55, 56, 60, 62, 64, 70, 71, 80, 90, 94, 97, 183, 197, 232, 334, 426, 455, 472, 477, 478, 480, 483, 484, 490, 496, 505, 507, 509, 510, 511, 514, 516, 517, 523, 525, 529, 532, 533, 536, 538, 545, 546, 552, 561, 565, 568, 654, 668, 696, 790, 857, 878, 902, 919, 928, 929, 932, 934, 935]","[3, 27, 349, 401, 402, 406, 424, 427, 451, 464, 469, 489, 510, 804, 850, 851, 855, 876, 879, 898, 911, 916]","[3, 27, 349, 406, 451, 489, 510, 804, 855, 898]",0/6 successful match,False,,False,202,False,,1.0,True,Rt 66 Travel Center ( Conoco ),Conoco
D Rio Puerco ( 87121 ) Rt 66 Travel Center,505-352-7876 I-40 Exit 140 ( US 66 ),24 # XL,Rio Puerco,87121,Rt 66 Travel Center,505-352-7876,2014,Albuquerque,NM,,( US 66 ),I-40 Exit 140 ,Exit,140,False,,False,I-40,,,,,[],[],"[72, 540]",[],[],"[4, 11, 18, 21, 23, 26, 27, 28, 31, 35, 36, 43, 45, 52, 55, 56, 60, 62, 64, 70, 71, 80, 90, 94, 97, 183, 197, 232, 334, 426, 455, 472, 477, 478, 480, 483, 484, 490, 496, 505, 507, 509, 510, 511, 514, 516, 517, 523, 525, 529, 532, 533, 536, 538, 545, 546, 552, 561, 565, 568, 654, 668, 696, 790, 857, 878, 902, 919, 928, 929, 932, 934, 935]",[],"[401, 402, 424, 427, 464, 469, 850, 851, 876, 879, 911, 916]","[514, 4, 516, 517, 11, 523, 525, 529, 18, 532, 21, 533, 23, 536, 26, 27, 28, 540, 538, 31, 545, 546, 35, 36, 552, 43, 45, 561, 52, 565, 55, 56, 568, 60, 62, 64, 70, 71, 72, 80, 90, 94, 97, 654, 668, 183, 696, 197, 232, 790, 334, 850, 851, 857, 876, 878, 879, 902, 911, 401, 402, 916, 919, 928, 929, 932, 934, 935, 424, 426, 427, 455, 464, 469, 472, 477, 478, 480, 483, 484, 490, 496, 505, 507, 509, 510, 511]",False,[],[],"[72, 540]",[],"[4, 11, 18, 21, 23, 26, 27, 28, 31, 35, 36, 43, 45, 52, 55, 56, 60, 62, 64, 70, 71, 80, 90, 94, 97, 183, 197, 232, 334, 426, 455, 472, 477, 478, 480, 483, 484, 490, 496, 505, 507, 509, 510, 511, 514, 516, 517, 523, 525, 529, 532, 533, 536, 538, 545, 546, 552, 561, 565, 568, 654, 668, 696, 790, 857, 878, 902, 919, 928, 929, 932, 934, 935]","[401, 402, 424, 427, 464, 469, 850, 851, 876, 879, 911, 916]",[],0/6 successful match,False,,False,202,False,,0.9993197278911564,True,Rt 66 Travel Center ( Conoco ),Conoco
D Rio Puerco ( 87121 ) Rt 66 Travel Center,3 505-352-7876 I-40 Exit 140 ( US 66 ),24 2003 XL,Rio Puerco,87121,Rt 66 Travel Center,505-352-7876,2015,Albuquerque,NM,,( US 66 ),I-40 Exit 140 ,Exit,140,False,,False,I-40,,,,,[],[],"[72, 540]",[],[],"[4, 11, 18, 21, 23, 26, 27, 28, 31, 35, 36, 43, 45, 52, 55, 56, 60, 62, 64, 70, 71, 80, 90, 94, 97, 183, 197, 232, 334, 426, 455, 472, 477, 478, 480, 483, 484, 490, 496, 505, 507, 509, 510, 511, 514, 516, 517, 523, 525, 529, 532, 533, 536, 538, 545, 546, 552, 561, 565, 568, 654, 668, 696, 790, 857, 878, 902, 919, 928, 929, 932, 934, 935]",[],"[401, 402, 424, 427, 464, 469, 850, 851, 876, 879, 911, 916]","[514, 4, 516, 517, 11, 523, 525, 529, 18, 532, 21, 533, 23, 536, 26, 27, 28, 540, 538, 31, 545, 546, 35, 36, 552, 43, 45, 561, 52, 565, 55, 56, 568, 60, 62, 64, 70, 71, 72, 80, 90, 94, 97, 654, 668, 183, 696, 197, 232, 790, 334, 850, 851, 857, 876, 878, 879, 902, 911, 401, 402, 916, 919, 928, 929, 932, 934, 935, 424, 426, 427, 455, 464, 469, 472, 477, 478, 480, 483, 484, 490, 496, 505, 507, 509, 510, 511]",False,[],[],"[72, 540]",[],"[4, 11, 18, 21, 23, 26, 27, 28, 31, 35, 36, 43, 45, 52, 55, 56, 60, 62, 64, 70, 71, 80, 90, 94, 97, 183, 197, 232, 334, 426, 455, 472, 477, 478, 480, 483, 484, 490, 496, 505, 507, 509, 510, 511, 514, 516, 517, 523, 525, 529, 532, 533, 536, 538, 545, 546, 552, 561, 565, 568, 654, 668, 696, 790, 857, 878, 902, 919, 928, 929, 932, 934, 935]","[401, 402, 424, 427, 464, 469, 850, 851, 876, 879, 911, 916]",[],0/6 successful match,False,,False,202,False,,1.0,True,Rt 66 Travel Center,
Rio Puerco ( 87121 ) Rt 66 Travel Center,505-352-7876 I-40 Exit 140 ( US 66 ) 24,24 XL,Rio Puerco,87121,Rt 66 Travel Center,505-352-7876,2016,Albuquerque,NM,,( US 66 ) 24,I-40 Exit 140 ,Exit,140,False,,False,I-40,,,,,[],[],"[72, 540]",[],[],"[4, 11, 18, 21, 23, 26, 27, 28, 31, 35, 36, 43, 45, 52, 55, 56, 60, 62, 64, 70, 71, 80, 90, 94, 97, 183, 197, 232, 334, 426, 455, 472, 477, 478, 480, 483, 484, 490, 496, 505, 507, 509, 510, 511, 514, 516, 517, 523, 525, 529, 532, 533, 536, 538, 545, 546, 552, 561, 565, 568, 654, 668, 696, 790, 857, 878, 902, 919, 928, 929, 932, 934, 935]",[],"[401, 402, 424, 427, 464, 469, 850, 851, 876, 879, 911, 916]","[514, 4, 516, 517, 11, 523, 525, 529, 18, 532, 21, 533, 23, 536, 26, 27, 28, 540, 538, 31, 545, 546, 35, 36, 552, 43, 45, 561, 52, 565, 55, 56, 568, 60, 62, 64, 70, 71, 72, 80, 90, 94, 97, 654, 668, 183, 696, 197, 232, 790, 334, 850, 851, 857, 876, 878, 879, 902, 911, 401, 402, 916, 919, 928, 929, 932, 934, 935, 424, 426, 427, 455, 464, 469, 472, 477, 478, 480, 483, 484, 490, 496, 505, 507, 509, 510, 511]",False,[],[],"[72, 540]",[],"[4, 11, 18, 21, 23, 26, 27, 28, 31, 35, 36, 43, 45, 52, 55, 56, 60, 62, 64, 70, 71, 80, 90, 94, 97, 183, 197, 232, 334, 426, 455, 472, 477, 478, 480, 483, 484, 490, 496, 505, 507, 509, 510, 511, 514, 516, 517, 523, 525, 529, 532, 533, 536, 538, 545, 546, 552, 561, 565, 568, 654, 668, 696, 790, 857, 878, 902, 919, 928, 929, 932, 934, 935]","[401, 402, 424, 427, 464, 469, 850, 851, 876, 879, 911, 916]",[],0/6 successful match,False,,False,202,False,,1.0,True,Rt 66 Travel Center,
"Albuquerque , 87125 Love's Travel Stop # 210",505-842-6514 I-40 Exit 158 ( NW 6th ),24 HRS <U+2610> <U+2610>,Albuquerque,87125,Love's Travel Stop # 210,505-842-6514,2006,Albuquerque,NM,Love's,( NW 6th ),I-40 Exit 158 ,Exit,158,False,,False,I-40,,,,,[],[],[],"[451, 898]",[],"[4, 11, 18, 21, 23, 26, 27, 28, 31, 35, 36, 43, 45, 52, 55, 56, 60, 62, 64, 70, 71, 80, 90, 94, 97, 183, 197, 232, 334, 426, 455, 472, 477, 478, 480, 483, 484, 490, 496, 505, 507, 509, 510, 511, 514, 516, 517, 523, 525, 529, 532, 533, 536, 538, 545, 546, 552, 561, 565, 568, 654, 668, 696, 790, 857, 878, 902, 919, 928, 929, 932, 934, 935]","[34, 35, 36, 37, 38, 39, 40, 41, 42, 43, 44, 45, 46, 47, 48, 201, 202, 203, 204, 205, 206, 207, 208, 209, 210, 211, 212, 213, 214, 215, 216, 355, 356, 357, 358, 359, 360, 361, 429, 430, 431, 432, 433, 434, 435, 515, 516, 517, 518, 519, 520, 521, 522, 523, 524, 525, 526, 527, 672, 673, 674, 675, 676, 677, 678, 679, 680, 681, 682, 683, 684, 810, 811, 812, 813, 814, 881, 882, 883, 884, 885, 886]","[32, 33, 34, 35, 36, 37, 38, 39, 40, 41, 42, 43, 44, 45, 46, 47, 48, 201, 202, 203, 204, 205, 206, 207, 208, 209, 210, 211, 212, 213, 214, 215, 216, 355, 356, 357, 358, 359, 360, 361, 429, 430, 431, 432, 433, 434, 435, 515, 516, 517, 518, 519, 520, 521, 522, 523, 524, 525, 526, 527, 672, 673, 674, 675, 676, 677, 678, 679, 680, 681, 682, 683, 684, 810, 811, 812, 813, 814, 881, 882, 883, 884, 885, 886]","[514, 515, 4, 516, 517, 518, 519, 520, 521, 11, 523, 525, 522, 524, 526, 529, 18, 527, 532, 21, 533, 23, 536, 26, 27, 28, 538, 31, 32, 545, 546, 35, 36, 34, 37, 38, 552, 39, 40, 43, 41, 45, 42, 44, 46, 561, 47, 48, 52, 565, 55, 56, 568, 60, 62, 64, 70, 71, 80, 90, 94, 97, 654, 668, 672, 673, 674, 675, 676, 677, 678, 679, 680, 681, 682, 683, 684, 33, 183, 696, 197, 201, 202, 203, 204, 205, 206, 207, 208, 209, 210, 211, 212, 213, 214, 215, 216, 232, 790, 810, 811, 812, 813, 814, 334, 857, 355, 356, 357, 358, 359, 360, 361, 878, 881, 882, 883, 884, 885, 886, 898, 902, 919, 928, 929, 932, 934, 935, 426, 429, 430, 431, 432, 433, 434, 435, 451, 455, 472, 477, 478, 480, 483, 484, 490, 496, 505, 507, 509, 510, 511]",False,[],[],[],"[451, 898]","[4, 11, 18, 21, 23, 26, 27, 28, 31, 35, 36, 43, 45, 52, 55, 56, 60, 62, 64, 70, 71, 80, 90, 94, 97, 183, 197, 232, 334, 426, 455, 472, 477, 478, 480, 483, 484, 490, 496, 505, 507, 509, 510, 511, 514, 516, 517, 523, 525, 529, 532, 533, 536, 538, 545, 546, 552, 561, 565, 568, 654, 668, 696, 790, 857, 878, 902, 919, 928, 929, 932, 934, 935]","[32, 33, 34, 35, 36, 37, 38, 39, 40, 41, 42, 43, 44, 45, 46, 47, 48, 201, 202, 203, 204, 205, 206, 207, 208, 209, 210, 211, 212, 213, 214, 215, 216, 355, 356, 357, 358, 359, 360, 361, 429, 430, 431, 432, 433, 434, 435, 515, 516, 517, 518, 519, 520, 521, 522, 523, 524, 525, 526, 527, 672, 673, 674, 675, 676, 677, 678, 679, 680, 681, 682, 683, 684, 810, 811, 812, 813, 814, 881, 882, 883, 884, 885, 886]","[34, 35, 36, 37, 38, 39, 40, 41, 42, 43, 44, 45, 46, 47, 48, 201, 202, 203, 204, 205, 206, 207, 208, 209, 210, 211, 212, 213, 214, 215, 216, 355, 356, 357, 358, 359, 360, 361, 429, 430, 431, 432, 433, 434, 435, 515, 516, 517, 518, 519, 520, 521, 522, 523, 524, 525, 526, 527, 672, 673, 674, 675, 676, 677, 678, 679, 680, 681, 682, 683, 684, 810, 811, 812, 813, 814, 881, 882, 883, 884, 885, 886]",0/6 successful match,False,,False,203,False,,,,,
"Albuquerque , 87125 Love's Travel Stop # 210",505-842-6514 I-40 Exit 158 ( NW 6th ),,Albuquerque,87125,Love's Travel Stop # 210,505-842-6514,2007,Albuquerque,NM,Love's,( NW 6th ),I-40 Exit 158 ,Exit,158,False,,False,I-40,,,,,[],[],[],"[451, 898]",[],"[4, 11, 18, 21, 23, 26, 27, 28, 31, 35, 36, 43, 45, 52, 55, 56, 60, 62, 64, 70, 71, 80, 90, 94, 97, 183, 197, 232, 334, 426, 455, 472, 477, 478, 480, 483, 484, 490, 496, 505, 507, 509, 510, 511, 514, 516, 517, 523, 525, 529, 532, 533, 536, 538, 545, 546, 552, 561, 565, 568, 654, 668, 696, 790, 857, 878, 902, 919, 928, 929, 932, 934, 935]","[34, 35, 36, 37, 38, 39, 40, 41, 42, 43, 44, 45, 46, 47, 48, 201, 202, 203, 204, 205, 206, 207, 208, 209, 210, 211, 212, 213, 214, 215, 216, 355, 356, 357, 358, 359, 360, 361, 429, 430, 431, 432, 433, 434, 435, 515, 516, 517, 518, 519, 520, 521, 522, 523, 524, 525, 526, 527, 672, 673, 674, 675, 676, 677, 678, 679, 680, 681, 682, 683, 684, 810, 811, 812, 813, 814, 881, 882, 883, 884, 885, 886]","[32, 33, 34, 35, 36, 37, 38, 39, 40, 41, 42, 43, 44, 45, 46, 47, 48, 201, 202, 203, 204, 205, 206, 207, 208, 209, 210, 211, 212, 213, 214, 215, 216, 355, 356, 357, 358, 359, 360, 361, 429, 430, 431, 432, 433, 434, 435, 515, 516, 517, 518, 519, 520, 521, 522, 523, 524, 525, 526, 527, 672, 673, 674, 675, 676, 677, 678, 679, 680, 681, 682, 683, 684, 810, 811, 812, 813, 814, 881, 882, 883, 884, 885, 886]","[514, 515, 4, 516, 517, 518, 519, 520, 521, 11, 523, 525, 522, 524, 526, 529, 18, 527, 532, 21, 533, 23, 536, 26, 27, 28, 538, 31, 32, 545, 546, 35, 36, 34, 37, 38, 552, 39, 40, 43, 41, 45, 42, 44, 46, 561, 47, 48, 52, 565, 55, 56, 568, 60, 62, 64, 70, 71, 80, 90, 94, 97, 654, 668, 672, 673, 674, 675, 676, 677, 678, 679, 680, 681, 682, 683, 684, 33, 183, 696, 197, 201, 202, 203, 204, 205, 206, 207, 208, 209, 210, 211, 212, 213, 214, 215, 216, 232, 790, 810, 811, 812, 813, 814, 334, 857, 355, 356, 357, 358, 359, 360, 361, 878, 881, 882, 883, 884, 885, 886, 898, 902, 919, 928, 929, 932, 934, 935, 426, 429, 430, 431, 432, 433, 434, 435, 451, 455, 472, 477, 478, 480, 483, 484, 490, 496, 505, 507, 509, 510, 511]",False,[],[],[],"[451, 898]","[4, 11, 18, 21, 23, 26, 27, 28, 31, 35, 36, 43, 45, 52, 55, 56, 60, 62, 64, 70, 71, 80, 90, 94, 97, 183, 197, 232, 334, 426, 455, 472, 477, 478, 480, 483, 484, 490, 496, 505, 507, 509, 510, 511, 514, 516, 517, 523, 525, 529, 532, 533, 536, 538, 545, 546, 552, 561, 565, 568, 654, 668, 696, 790, 857, 878, 902, 919, 928, 929, 932, 934, 935]","[32, 33, 34, 35, 36, 37, 38, 39, 40, 41, 42, 43, 44, 45, 46, 47, 48, 201, 202, 203, 204, 205, 206, 207, 208, 209, 210, 211, 212, 213, 214, 215, 216, 355, 356, 357, 358, 359, 360, 361, 429, 430, 431, 432, 433, 434, 435, 515, 516, 517, 518, 519, 520, 521, 522, 523, 524, 525, 526, 527, 672, 673, 674, 675, 676, 677, 678, 679, 680, 681, 682, 683, 684, 810, 811, 812, 813, 814, 881, 882, 883, 884, 885, 886]","[34, 35, 36, 37, 38, 39, 40, 41, 42, 43, 44, 45, 46, 47, 48, 201, 202, 203, 204, 205, 206, 207, 208, 209, 210, 211, 212, 213, 214, 215, 216, 355, 356, 357, 358, 359, 360, 361, 429, 430, 431, 432, 433, 434, 435, 515, 516, 517, 518, 519, 520, 521, 522, 523, 524, 525, 526, 527, 672, 673, 674, 675, 676, 677, 678, 679, 680, 681, 682, 683, 684, 810, 811, 812, 813, 814, 881, 882, 883, 884, 885, 886]",0/6 successful match,False,,False,203,False,,1.0,True,Love's Travel Stop # 210,Love's
"Albuquerque , 87125 Love's Travel Stop # 210",505-842-6514 I-40 Exit 158 ( NW 6th ),[ NS NRS 24 <U+2610>,Albuquerque,87125,Love's Travel Stop # 210,505-842-6514,2008,Albuquerque,NM,Love's,( NW 6th ),I-40 Exit 158 ,Exit,158,False,,False,I-40,,,,,[],[],[],"[451, 898]",[],"[4, 11, 18, 21, 23, 26, 27, 28, 31, 35, 36, 43, 45, 52, 55, 56, 60, 62, 64, 70, 71, 80, 90, 94, 97, 183, 197, 232, 334, 426, 455, 472, 477, 478, 480, 483, 484, 490, 496, 505, 507, 509, 510, 511, 514, 516, 517, 523, 525, 529, 532, 533, 536, 538, 545, 546, 552, 561, 565, 568, 654, 668, 696, 790, 857, 878, 902, 919, 928, 929, 932, 934, 935]","[34, 35, 36, 37, 38, 39, 40, 41, 42, 43, 44, 45, 46, 47, 48, 201, 202, 203, 204, 205, 206, 207, 208, 209, 210, 211, 212, 213, 214, 215, 216, 355, 356, 357, 358, 359, 360, 361, 429, 430, 431, 432, 433, 434, 435, 515, 516, 517, 518, 519, 520, 521, 522, 523, 524, 525, 526, 527, 672, 673, 674, 675, 676, 677, 678, 679, 680, 681, 682, 683, 684, 810, 811, 812, 813, 814, 881, 882, 883, 884, 885, 886]","[32, 33, 34, 35, 36, 37, 38, 39, 40, 41, 42, 43, 44, 45, 46, 47, 48, 201, 202, 203, 204, 205, 206, 207, 208, 209, 210, 211, 212, 213, 214, 215, 216, 355, 356, 357, 358, 359, 360, 361, 429, 430, 431, 432, 433, 434, 435, 515, 516, 517, 518, 519, 520, 521, 522, 523, 524, 525, 526, 527, 672, 673, 674, 675, 676, 677, 678, 679, 680, 681, 682, 683, 684, 810, 811, 812, 813, 814, 881, 882, 883, 884, 885, 886]","[514, 515, 4, 516, 517, 518, 519, 520, 521, 11, 523, 525, 522, 524, 526, 529, 18, 527, 532, 21, 533, 23, 536, 26, 27, 28, 538, 31, 32, 545, 546, 35, 36, 34, 37, 38, 552, 39, 40, 43, 41, 45, 42, 44, 46, 561, 47, 48, 52, 565, 55, 56, 568, 60, 62, 64, 70, 71, 80, 90, 94, 97, 654, 668, 672, 673, 674, 675, 676, 677, 678, 679, 680, 681, 682, 683, 684, 33, 183, 696, 197, 201, 202, 203, 204, 205, 206, 207, 208, 209, 210, 211, 212, 213, 214, 215, 216, 232, 790, 810, 811, 812, 813, 814, 334, 857, 355, 356, 357, 358, 359, 360, 361, 878, 881, 882, 883, 884, 885, 886, 898, 902, 919, 928, 929, 932, 934, 935, 426, 429, 430, 431, 432, 433, 434, 435, 451, 455, 472, 477, 478, 480, 483, 484, 490, 496, 505, 507, 509, 510, 511]",False,[],[],[],"[451, 898]","[4, 11, 18, 21, 23, 26, 27, 28, 31, 35, 36, 43, 45, 52, 55, 56, 60, 62, 64, 70, 71, 80, 90, 94, 97, 183, 197, 232, 334, 426, 455, 472, 477, 478, 480, 483, 484, 490, 496, 505, 507, 509, 510, 511, 514, 516, 517, 523, 525, 529, 532, 533, 536, 538, 545, 546, 552, 561, 565, 568, 654, 668, 696, 790, 857, 878, 902, 919, 928, 929, 932, 934, 935]","[32, 33, 34, 35, 36, 37, 38, 39, 40, 41, 42, 43, 44, 45, 46, 47, 48, 201, 202, 203, 204, 205, 206, 207, 208, 209, 210, 211, 212, 213, 214, 215, 216, 355, 356, 357, 358, 359, 360, 361, 429, 430, 431, 432, 433, 434, 435, 515, 516, 517, 518, 519, 520, 521, 522, 523, 524, 525, 526, 527, 672, 673, 674, 675, 676, 677, 678, 679, 680, 681, 682, 683, 684, 810, 811, 812, 813, 814, 881, 882, 883, 884, 885, 886]","[34, 35, 36, 37, 38, 39, 40, 41, 42, 43, 44, 45, 46, 47, 48, 201, 202, 203, 204, 205, 206, 207, 208, 209, 210, 211, 212, 213, 214, 215, 216, 355, 356, 357, 358, 359, 360, 361, 429, 430, 431, 432, 433, 434, 435, 515, 516, 517, 518, 519, 520, 521, 522, 523, 524, 525, 526, 527, 672, 673, 674, 675, 676, 677, 678, 679, 680, 681, 682, 683, 684, 810, 811, 812, 813, 814, 881, 882, 883, 884, 885, 886]",0/6 successful match,False,,False,203,False,,1.0,True,Love's Travel Stop # 210,Love's
Albuquerque ( 87125 ) Love's Travel Stop # 210,3 505-842-6514 I-40 Exit 158 ( NW 6th ),24 <U+2610>,Albuquerque,87125,Love's Travel Stop # 210,505-842-6514,2014,Albuquerque,NM,Love's,( NW 6th ),I-40 Exit 158 ,Exit,158,False,,False,I-40,,,,,[],[],[],"[451, 898]",[],"[4, 11, 18, 21, 23, 26, 27, 28, 31, 35, 36, 43, 45, 52, 55, 56, 60, 62, 64, 70, 71, 80, 90, 94, 97, 183, 197, 232, 334, 426, 455, 472, 477, 478, 480, 483, 484, 490, 496, 505, 507, 509, 510, 511, 514, 516, 517, 523, 525, 529, 532, 533, 536, 538, 545, 546, 552, 561, 565, 568, 654, 668, 696, 790, 857, 878, 902, 919, 928, 929, 932, 934, 935]","[34, 35, 36, 37, 38, 39, 40, 41, 42, 43, 44, 45, 46, 47, 48, 201, 202, 203, 204, 205, 206, 207, 208, 209, 210, 211, 212, 213, 214, 215, 216, 355, 356, 357, 358, 359, 360, 361, 429, 430, 431, 432, 433, 434, 435, 515, 516, 517, 518, 519, 520, 521, 522, 523, 524, 525, 526, 527, 672, 673, 674, 675, 676, 677, 678, 679, 680, 681, 682, 683, 684, 810, 811, 812, 813, 814, 881, 882, 883, 884, 885, 886]","[32, 33, 34, 35, 36, 37, 38, 39, 40, 41, 42, 43, 44, 45, 46, 47, 48, 201, 202, 203, 204, 205, 206, 207, 208, 209, 210, 211, 212, 213, 214, 215, 216, 355, 356, 357, 358, 359, 360, 361, 429, 430, 431, 432, 433, 434, 435, 515, 516, 517, 518, 519, 520, 521, 522, 523, 524, 525, 526, 527, 672, 673, 674, 675, 676, 677, 678, 679, 680, 681, 682, 683, 684, 810, 811, 812, 813, 814, 881, 882, 883, 884, 885, 886]","[514, 515, 4, 516, 517, 518, 519, 520, 521, 11, 523, 525, 522, 524, 526, 529, 18, 527, 532, 21, 533, 23, 536, 26, 27, 28, 538, 31, 32, 545, 546, 35, 36, 34, 37, 38, 552, 39, 40, 43, 41, 45, 42, 44, 46, 561, 47, 48, 52, 565, 55, 56, 568, 60, 62, 64, 70, 71, 80, 90, 94, 97, 654, 668, 672, 673, 674, 675, 676, 677, 678, 679, 680, 681, 682, 683, 684, 33, 183, 696, 197, 201, 202, 203, 204, 205, 206, 207, 208, 209, 210, 211, 212, 213, 214, 215, 216, 232, 790, 810, 811, 812, 813, 814, 334, 857, 355, 356, 357, 358, 359, 360, 361, 878, 881, 882, 883, 884, 885, 886, 898, 902, 919, 928, 929, 932, 934, 935, 426, 429, 430, 431, 432, 433, 434, 435, 451, 455, 472, 477, 478, 480, 483, 484, 490, 496, 505, 507, 509, 510, 511]",False,[],[],[],"[451, 898]","[4, 11, 18, 21, 23, 26, 27, 28, 31, 35, 36, 43, 45, 52, 55, 56, 60, 62, 64, 70, 71, 80, 90, 94, 97, 183, 197, 232, 334, 426, 455, 472, 477, 478, 480, 483, 484, 490, 496, 505, 507, 509, 510, 511, 514, 516, 517, 523, 525, 529, 532, 533, 536, 538, 545, 546, 552, 561, 565, 568, 654, 668, 696, 790, 857, 878, 902, 919, 928, 929, 932, 934, 935]","[32, 33, 34, 35, 36, 37, 38, 39, 40, 41, 42, 43, 44, 45, 46, 47, 48, 201, 202, 203, 204, 205, 206, 207, 208, 209, 210, 211, 212, 213, 214, 215, 216, 355, 356, 357, 358, 359, 360, 361, 429, 430, 431, 432, 433, 434, 435, 515, 516, 517, 518, 519, 520, 521, 522, 523, 524, 525, 526, 527, 672, 673, 674, 675, 676, 677, 678, 679, 680, 681, 682, 683, 684, 810, 811, 812, 813, 814, 881, 882, 883, 884, 885, 886]","[34, 35, 36, 37, 38, 39, 40, 41, 42, 43, 44, 45, 46, 47, 48, 201, 202, 203, 204, 205, 206, 207, 208, 209, 210, 211, 212, 213, 214, 215, 216, 355, 356, 357, 358, 359, 360, 361, 429, 430, 431, 432, 433, 434, 435, 515, 516, 517, 518, 519, 520, 521, 522, 523, 524, 525, 526, 527, 672, 673, 674, 675, 676, 677, 678, 679, 680, 681, 682, 683, 684, 810, 811, 812, 813, 814, 881, 882, 883, 884, 885, 886]",0/6 successful match,False,,False,203,False,,1.0,True,Love's Travel Stop # 210,Love's
Albuquerque ( 87125 ) Love's Travel Stop ( 98th # St 210 ),505-842-6514 I-40 Exit 158 ( NW,FLYING J 24,Albuquerque,87125,Love's Travel Stop ( 98th # St 210 ),505-842-6514,2015,Albuquerque,NM,Love's,( NW,I-40 Exit 158 ,Exit,158,False,,False,I-40,,,,,[],[],[],"[451, 898]",[],"[4, 11, 18, 21, 23, 26, 27, 28, 31, 35, 36, 43, 45, 52, 55, 56, 60, 62, 64, 70, 71, 80, 90, 94, 97, 183, 197, 232, 334, 426, 455, 472, 477, 478, 480, 483, 484, 490, 496, 505, 507, 509, 510, 511, 514, 516, 517, 523, 525, 529, 532, 533, 536, 538, 545, 546, 552, 561, 565, 568, 654, 668, 696, 790, 857, 878, 902, 919, 928, 929, 932, 934, 935]","[34, 35, 36, 37, 38, 39, 40, 41, 42, 43, 44, 45, 46, 47, 48, 201, 202, 203, 204, 205, 206, 207, 208, 209, 210, 211, 212, 213, 214, 215, 216, 355, 356, 357, 358, 359, 360, 361, 429, 430, 431, 432, 433, 434, 435, 515, 516, 517, 518, 519, 520, 521, 522, 523, 524, 525, 526, 527, 672, 673, 674, 675, 676, 677, 678, 679, 680, 681, 682, 683, 684, 810, 811, 812, 813, 814, 881, 882, 883, 884, 885, 886]","[32, 33, 34, 35, 36, 37, 38, 39, 40, 41, 42, 43, 44, 45, 46, 47, 48, 201, 202, 203, 204, 205, 206, 207, 208, 209, 210, 211, 212, 213, 214, 215, 216, 355, 356, 357, 358, 359, 360, 361, 429, 430, 431, 432, 433, 434, 435, 515, 516, 517, 518, 519, 520, 521, 522, 523, 524, 525, 526, 527, 672, 673, 674, 675, 676, 677, 678, 679, 680, 681, 682, 683, 684, 810, 811, 812, 813, 814, 881, 882, 883, 884, 885, 886]","[514, 515, 4, 516, 517, 518, 519, 520, 521, 11, 523, 525, 522, 524, 526, 529, 18, 527, 532, 21, 533, 23, 536, 26, 27, 28, 538, 31, 32, 545, 546, 35, 36, 34, 37, 38, 552, 39, 40, 43, 41, 45, 42, 44, 46, 561, 47, 48, 52, 565, 55, 56, 568, 60, 62, 64, 70, 71, 80, 90, 94, 97, 654, 668, 672, 673, 674, 675, 676, 677, 678, 679, 680, 681, 682, 683, 684, 33, 183, 696, 197, 201, 202, 203, 204, 205, 206, 207, 208, 209, 210, 211, 212, 213, 214, 215, 216, 232, 790, 810, 811, 812, 813, 814, 334, 857, 355, 356, 357, 358, 359, 360, 361, 878, 881, 882, 883, 884, 885, 886, 898, 902, 919, 928, 929, 932, 934, 935, 426, 429, 430, 431, 432, 433, 434, 435, 451, 455, 472, 477, 478, 480, 483, 484, 490, 496, 505, 507, 509, 510, 511]",False,[],[],[],"[451, 898]","[4, 11, 18, 21, 23, 26, 27, 28, 31, 35, 36, 43, 45, 52, 55, 56, 60, 62, 64, 70, 71, 80, 90, 94, 97, 183, 197, 232, 334, 426, 455, 472, 477, 478, 480, 483, 484, 490, 496, 505, 507, 509, 510, 511, 514, 516, 517, 523, 525, 529, 532, 533, 536, 538, 545, 546, 552, 561, 565, 568, 654, 668, 696, 790, 857, 878, 902, 919, 928, 929, 932, 934, 935]","[32, 33, 34, 35, 36, 37, 38, 39, 40, 41, 42, 43, 44, 45, 46, 47, 48, 201, 202, 203, 204, 205, 206, 207, 208, 209, 210, 211, 212, 213, 214, 215, 216, 355, 356, 357, 358, 359, 360, 361, 429, 430, 431, 432, 433, 434, 435, 515, 516, 517, 518, 519, 520, 521, 522, 523, 524, 525, 526, 527, 672, 673, 674, 675, 676, 677, 678, 679, 680, 681, 682, 683, 684, 810, 811, 812, 813, 814, 881, 882, 883, 884, 885, 886]","[34, 35, 36, 37, 38, 39, 40, 41, 42, 43, 44, 45, 46, 47, 48, 201, 202, 203, 204, 205, 206, 207, 208, 209, 210, 211, 212, 213, 214, 215, 216, 355, 356, 357, 358, 359, 360, 361, 429, 430, 431, 432, 433, 434, 435, 515, 516, 517, 518, 519, 520, 521, 522, 523, 524, 525, 526, 527, 672, 673, 674, 675, 676, 677, 678, 679, 680, 681, 682, 683, 684, 810, 811, 812, 813, 814, 881, 882, 883, 884, 885, 886]",0/6 successful match,False,,False,203,False,,1.0,True,Love's Travel Stop # 210,Love's
D Albuquerque ( 87125 ) Love's Travel Stop # 210,3 505-842-6514 I-40 Exit 158 ( NW 6th ),24 AS FRS,Albuquerque,87125,Love's Travel Stop # 210,505-842-6514,2016,Albuquerque,NM,Love's,( NW 6th ),I-40 Exit 158 ,Exit,158,False,,False,I-40,,,,,[],[],[],"[451, 898]",[],"[4, 11, 18, 21, 23, 26, 27, 28, 31, 35, 36, 43, 45, 52, 55, 56, 60, 62, 64, 70, 71, 80, 90, 94, 97, 183, 197, 232, 334, 426, 455, 472, 477, 478, 480, 483, 484, 490, 496, 505, 507, 509, 510, 511, 514, 516, 517, 523, 525, 529, 532, 533, 536, 538, 545, 546, 552, 561, 565, 568, 654, 668, 696, 790, 857, 878, 902, 919, 928, 929, 932, 934, 935]","[34, 35, 36, 37, 38, 39, 40, 41, 42, 43, 44, 45, 46, 47, 48, 201, 202, 203, 204, 205, 206, 207, 208, 209, 210, 211, 212, 213, 214, 215, 216, 355, 356, 357, 358, 359, 360, 361, 429, 430, 431, 432, 433, 434, 435, 515, 516, 517, 518, 519, 520, 521, 522, 523, 524, 525, 526, 527, 672, 673, 674, 675, 676, 677, 678, 679, 680, 681, 682, 683, 684, 810, 811, 812, 813, 814, 881, 882, 883, 884, 885, 886]","[32, 33, 34, 35, 36, 37, 38, 39, 40, 41, 42, 43, 44, 45, 46, 47, 48, 201, 202, 203, 204, 205, 206, 207, 208, 209, 210, 211, 212, 213, 214, 215, 216, 355, 356, 357, 358, 359, 360, 361, 429, 430, 431, 432, 433, 434, 435, 515, 516, 517, 518, 519, 520, 521, 522, 523, 524, 525, 526, 527, 672, 673, 674, 675, 676, 677, 678, 679, 680, 681, 682, 683, 684, 810, 811, 812, 813, 814, 881, 882, 883, 884, 885, 886]","[514, 515, 4, 516, 517, 518, 519, 520, 521, 11, 523, 525, 522, 524, 526, 529, 18, 527, 532, 21, 533, 23, 536, 26, 27, 28, 538, 31, 32, 545, 546, 35, 36, 34, 37, 38, 552, 39, 40, 43, 41, 45, 42, 44, 46, 561, 47, 48, 52, 565, 55, 56, 568, 60, 62, 64, 70, 71, 80, 90, 94, 97, 654, 668, 672, 673, 674, 675, 676, 677, 678, 679, 680, 681, 682, 683, 684, 33, 183, 696, 197, 201, 202, 203, 204, 205, 206, 207, 208, 209, 210, 211, 212, 213, 214, 215, 216, 232, 790, 810, 811, 812, 813, 814, 334, 857, 355, 356, 357, 358, 359, 360, 361, 878, 881, 882, 883, 884, 885, 886, 898, 902, 919, 928, 929, 932, 934, 935, 426, 429, 430, 431, 432, 433, 434, 435, 451, 455, 472, 477, 478, 480, 483, 484, 490, 496, 505, 507, 509, 510, 511]",False,[],[],[],"[451, 898]","[4, 11, 18, 21, 23, 26, 27, 28, 31, 35, 36, 43, 45, 52, 55, 56, 60, 62, 64, 70, 71, 80, 90, 94, 97, 183, 197, 232, 334, 426, 455, 472, 477, 478, 480, 483, 484, 490, 496, 505, 507, 509, 510, 511, 514, 516, 517, 523, 525, 529, 532, 533, 536, 538, 545, 546, 552, 561, 565, 568, 654, 668, 696, 790, 857, 878, 902, 919, 928, 929, 932, 934, 935]","[32, 33, 34, 35, 36, 37, 38, 39, 40, 41, 42, 43, 44, 45, 46, 47, 48, 201, 202, 203, 204, 205, 206, 207, 208, 209, 210, 211, 212, 213, 214, 215, 216, 355, 356, 357, 358, 359, 360, 361, 429, 430, 431, 432, 433, 434, 435, 515, 516, 517, 518, 519, 520, 521, 522, 523, 524, 525, 526, 527, 672, 673, 674, 675, 676, 677, 678, 679, 680, 681, 682, 683, 684, 810, 811, 812, 813, 814, 881, 882, 883, 884, 885, 886]","[34, 35, 36, 37, 38, 39, 40, 41, 42, 43, 44, 45, 46, 47, 48, 201, 202, 203, 204, 205, 206, 207, 208, 209, 210, 211, 212, 213, 214, 215, 216, 355, 356, 357, 358, 359, 360, 361, 429, 430, 431, 432, 433, 434, 435, 515, 516, 517, 518, 519, 520, 521, 522, 523, 524, 525, 526, 527, 672, 673, 674, 675, 676, 677, 678, 679, 680, 681, 682, 683, 684, 810, 811, 812, 813, 814, 881, 882, 883, 884, 885, 886]",0/6 successful match,False,,False,203,False,,1.0,True,Love's Travel Stop ( 98th # St 210 ),Love's
"D Gallup , 87301 Love's Travel Stop # 215",505-863-3849 I-40 Exit 16 ( US 66 ),HRS MO,Gallup,87301,Love's Travel Stop # 215,505-863-3849,2006,Gallup,NM,Love's,( US 66 ),I-40 Exit 16 ,Exit,16,False,,False,I-40,,,,,[],[],[],[857],[],"[4, 11, 18, 21, 23, 26, 27, 28, 31, 35, 36, 43, 45, 52, 55, 56, 60, 62, 64, 70, 71, 80, 90, 94, 97, 183, 197, 232, 334, 426, 455, 472, 477, 478, 480, 483, 484, 490, 496, 505, 507, 509, 510, 511, 514, 516, 517, 523, 525, 529, 532, 533, 536, 538, 545, 546, 552, 561, 565, 568, 654, 668, 696, 790, 857, 878, 902, 919, 928, 929, 932, 934, 935]","[34, 35, 36, 37, 38, 39, 40, 41, 42, 43, 44, 45, 46, 47, 48, 201, 202, 203, 204, 205, 206, 207, 208, 209, 210, 211, 212, 213, 214, 215, 216, 355, 356, 357, 358, 359, 360, 361, 429, 430, 431, 432, 433, 434, 435, 515, 516, 517, 518, 519, 520, 521, 522, 523, 524, 525, 526, 527, 672, 673, 674, 675, 676, 677, 678, 679, 680, 681, 682, 683, 684, 810, 811, 812, 813, 814, 881, 882, 883, 884, 885, 886]","[32, 33, 34, 35, 36, 37, 38, 39, 40, 41, 42, 43, 44, 45, 46, 47, 48, 201, 202, 203, 204, 205, 206, 207, 208, 209, 210, 211, 212, 213, 214, 215, 216, 355, 356, 357, 358, 359, 360, 361, 429, 430, 431, 432, 433, 434, 435, 515, 516, 517, 518, 519, 520, 521, 522, 523, 524, 525, 526, 527, 672, 673, 674, 675, 676, 677, 678, 679, 680, 681, 682, 683, 684, 810, 811, 812, 813, 814, 881, 882, 883, 884, 885, 886]","[514, 515, 4, 516, 517, 518, 519, 520, 521, 11, 523, 525, 522, 524, 526, 529, 18, 527, 532, 21, 533, 23, 536, 26, 27, 28, 538, 31, 32, 545, 546, 35, 36, 34, 38, 39, 552, 37, 40, 43, 41, 45, 42, 44, 46, 561, 47, 48, 52, 565, 55, 56, 568, 60, 62, 64, 70, 71, 80, 90, 94, 97, 654, 668, 672, 673, 674, 675, 676, 677, 678, 679, 680, 681, 682, 683, 684, 33, 183, 696, 197, 201, 202, 203, 204, 205, 206, 207, 208, 209, 210, 211, 212, 213, 214, 215, 216, 232, 790, 810, 811, 812, 813, 814, 334, 857, 355, 356, 357, 358, 359, 360, 361, 878, 881, 882, 883, 884, 885, 886, 902, 919, 928, 929, 932, 934, 935, 426, 429, 430, 431, 432, 433, 434, 435, 455, 472, 477, 478, 480, 483, 484, 490, 496, 505, 507, 509, 510, 511]",False,[],[],[],[857],"[4, 11, 18, 21, 23, 26, 27, 28, 31, 35, 36, 43, 45, 52, 55, 56, 60, 62, 64, 70, 71, 80, 90, 94, 97, 183, 197, 232, 334, 426, 455, 472, 477, 478, 480, 483, 484, 490, 496, 505, 507, 509, 510, 511, 514, 516, 517, 523, 525, 529, 532, 533, 536, 538, 545, 546, 552, 561, 565, 568, 654, 668, 696, 790, 857, 878, 902, 919, 928, 929, 932, 934, 935]","[32, 33, 34, 35, 36, 37, 38, 39, 40, 41, 42, 43, 44, 45, 46, 47, 48, 201, 202, 203, 204, 205, 206, 207, 208, 209, 210, 211, 212, 213, 214, 215, 216, 355, 356, 357, 358, 359, 360, 361, 429, 430, 431, 432, 433, 434, 435, 515, 516, 517, 518, 519, 520, 521, 522, 523, 524, 525, 526, 527, 672, 673, 674, 675, 676, 677, 678, 679, 680, 681, 682, 683, 684, 810, 811, 812, 813, 814, 881, 882, 883, 884, 885, 886]","[34, 35, 36, 37, 38, 39, 40, 41, 42, 43, 44, 45, 46, 47, 48, 201, 202, 203, 204, 205, 206, 207, 208, 209, 210, 211, 212, 213, 214, 215, 216, 355, 356, 357, 358, 359, 360, 361, 429, 430, 431, 432, 433, 434, 435, 515, 516, 517, 518, 519, 520, 521, 522, 523, 524, 525, 526, 527, 672, 673, 674, 675, 676, 677, 678, 679, 680, 681, 682, 683, 684, 810, 811, 812, 813, 814, 881, 882, 883, 884, 885, 886]",0/6 successful match,False,,False,204,False,,,,,
"D Gallup , 87301 Love's Travel Stop # 215",505-863-3849 01-40 Exit 16 ( US 66 ),24 HRS,Gallup,87301,Love's Travel Stop # 215,505-863-3849,2007,Gallup,NM,Love's,( US 66 ),01-40 Exit 16 ,Exit,16,False,,False,01 40,,,,,[],[],[],[857],[],"[4, 11, 18, 21, 23, 26, 27, 28, 31, 35, 36, 43, 45, 52, 55, 56, 60, 62, 64, 70, 71, 80, 90, 94, 97, 183, 197, 232, 334, 426, 455, 472, 477, 478, 480, 483, 484, 490, 496, 505, 507, 509, 510, 511, 514, 516, 517, 523, 525, 529, 532, 533, 536, 538, 545, 546, 552, 561, 565, 568, 654, 668, 696, 790, 857, 878, 902, 919, 928, 929, 932, 934, 935]","[34, 35, 36, 37, 38, 39, 40, 41, 42, 43, 44, 45, 46, 47, 48, 201, 202, 203, 204, 205, 206, 207, 208, 209, 210, 211, 212, 213, 214, 215, 216, 355, 356, 357, 358, 359, 360, 361, 429, 430, 431, 432, 433, 434, 435, 515, 516, 517, 518, 519, 520, 521, 522, 523, 524, 525, 526, 527, 672, 673, 674, 675, 676, 677, 678, 679, 680, 681, 682, 683, 684, 810, 811, 812, 813, 814, 881, 882, 883, 884, 885, 886]","[32, 33, 34, 35, 36, 37, 38, 39, 40, 41, 42, 43, 44, 45, 46, 47, 48, 201, 202, 203, 204, 205, 206, 207, 208, 209, 210, 211, 212, 213, 214, 215, 216, 355, 356, 357, 358, 359, 360, 361, 429, 430, 431, 432, 433, 434, 435, 515, 516, 517, 518, 519, 520, 521, 522, 523, 524, 525, 526, 527, 672, 673, 674, 675, 676, 677, 678, 679, 680, 681, 682, 683, 684, 810, 811, 812, 813, 814, 881, 882, 883, 884, 885, 886]","[514, 515, 4, 516, 517, 518, 519, 520, 521, 11, 523, 525, 522, 524, 526, 529, 18, 527, 532, 21, 533, 23, 536, 26, 27, 28, 538, 31, 32, 545, 546, 35, 36, 34, 38, 39, 552, 37, 40, 43, 41, 45, 42, 44, 46, 561, 47, 48, 52, 565, 55, 56, 568, 60, 62, 64, 70, 71, 80, 90, 94, 97, 654, 668, 672, 673, 674, 675, 676, 677, 678, 679, 680, 681, 682, 683, 684, 33, 183, 696, 197, 201, 202, 203, 204, 205, 206, 207, 208, 209, 210, 211, 212, 213, 214, 215, 216, 232, 790, 810, 811, 812, 813, 814, 334, 857, 355, 356, 357, 358, 359, 360, 361, 878, 881, 882, 883, 884, 885, 886, 902, 919, 928, 929, 932, 934, 935, 426, 429, 430, 431, 432, 433, 434, 435, 455, 472, 477, 478, 480, 483, 484, 490, 496, 505, 507, 509, 510, 511]",False,[],[],[],[857],"[4, 11, 18, 21, 23, 26, 27, 28, 31, 35, 36, 43, 45, 52, 55, 56, 60, 62, 64, 70, 71, 80, 90, 94, 97, 183, 197, 232, 334, 426, 455, 472, 477, 478, 480, 483, 484, 490, 496, 505, 507, 509, 510, 511, 514, 516, 517, 523, 525, 529, 532, 533, 536, 538, 545, 546, 552, 561, 565, 568, 654, 668, 696, 790, 857, 878, 902, 919, 928, 929, 932, 934, 935]","[32, 33, 34, 35, 36, 37, 38, 39, 40, 41, 42, 43, 44, 45, 46, 47, 48, 201, 202, 203, 204, 205, 206, 207, 208, 209, 210, 211, 212, 213, 214, 215, 216, 355, 356, 357, 358, 359, 360, 361, 429, 430, 431, 432, 433, 434, 435, 515, 516, 517, 518, 519, 520, 521, 522, 523, 524, 525, 526, 527, 672, 673, 674, 675, 676, 677, 678, 679, 680, 681, 682, 683, 684, 810, 811, 812, 813, 814, 881, 882, 883, 884, 885, 886]","[34, 35, 36, 37, 38, 39, 40, 41, 42, 43, 44, 45, 46, 47, 48, 201, 202, 203, 204, 205, 206, 207, 208, 209, 210, 211, 212, 213, 214, 215, 216, 355, 356, 357, 358, 359, 360, 361, 429, 430, 431, 432, 433, 434, 435, 515, 516, 517, 518, 519, 520, 521, 522, 523, 524, 525, 526, 527, 672, 673, 674, 675, 676, 677, 678, 679, 680, 681, 682, 683, 684, 810, 811, 812, 813, 814, 881, 882, 883, 884, 885, 886]",0/6 successful match,False,,False,204,False,,1.0,True,Love's Travel Stop # 215,Love's
"Gallup , 87301 I-40 Love's Exit Travel 16 ( US Stop 66 # W 215 )",11505-863-3849 I-40 Exit 16 ( US 66 ),24 M,Gallup,87301,I-40 Love's Exit Travel 16 ( US Stop 66 # W 215 ),505-863-3849,2008,Gallup,NM,Love's,( US 66 ),I-40 Exit 16 ,Exit,16,False,,False,I-40,,,,,[],[],[],[857],[],"[4, 11, 18, 21, 23, 26, 27, 28, 31, 35, 36, 43, 45, 52, 55, 56, 60, 62, 64, 70, 71, 80, 90, 94, 97, 183, 197, 232, 334, 426, 455, 472, 477, 478, 480, 483, 484, 490, 496, 505, 507, 509, 510, 511, 514, 516, 517, 523, 525, 529, 532, 533, 536, 538, 545, 546, 552, 561, 565, 568, 654, 668, 696, 790, 857, 878, 902, 919, 928, 929, 932, 934, 935]","[34, 35, 36, 37, 38, 39, 40, 41, 42, 43, 44, 45, 46, 47, 48, 201, 202, 203, 204, 205, 206, 207, 208, 209, 210, 211, 212, 213, 214, 215, 216, 355, 356, 357, 358, 359, 360, 361, 429, 430, 431, 432, 433, 434, 435, 515, 516, 517, 518, 519, 520, 521, 522, 523, 524, 525, 526, 527, 672, 673, 674, 675, 676, 677, 678, 679, 680, 681, 682, 683, 684, 810, 811, 812, 813, 814, 881, 882, 883, 884, 885, 886]","[32, 33, 34, 35, 36, 37, 38, 39, 40, 41, 42, 43, 44, 45, 46, 47, 48, 201, 202, 203, 204, 205, 206, 207, 208, 209, 210, 211, 212, 213, 214, 215, 216, 355, 356, 357, 358, 359, 360, 361, 401, 402, 424, 427, 429, 430, 431, 432, 433, 434, 435, 464, 469, 478, 515, 516, 517, 518, 519, 520, 521, 522, 523, 524, 525, 526, 527, 672, 673, 674, 675, 676, 677, 678, 679, 680, 681, 682, 683, 684, 810, 811, 812, 813, 814, 850, 851, 876, 879, 881, 882, 883, 884, 885, 886, 911, 916, 929]","[514, 515, 4, 516, 517, 518, 519, 520, 521, 11, 523, 525, 522, 524, 526, 529, 18, 527, 532, 21, 533, 23, 536, 26, 27, 28, 538, 31, 32, 545, 546, 35, 36, 34, 38, 39, 552, 37, 40, 43, 41, 45, 42, 44, 46, 561, 47, 48, 52, 565, 55, 56, 568, 60, 62, 64, 70, 71, 80, 90, 94, 97, 654, 668, 672, 673, 674, 675, 676, 677, 678, 679, 680, 681, 682, 683, 684, 33, 183, 696, 197, 201, 202, 203, 204, 205, 206, 207, 208, 209, 210, 211, 212, 213, 214, 215, 216, 232, 790, 810, 811, 812, 813, 814, 334, 850, 851, 857, 355, 356, 357, 358, 359, 360, 361, 876, 878, 879, 881, 882, 883, 884, 885, 886, 902, 911, 401, 402, 916, 919, 928, 929, 932, 934, 935, 424, 426, 427, 429, 430, 431, 432, 433, 434, 435, 455, 464, 469, 472, 477, 478, 480, 483, 484, 490, 496, 505, 507, 509, 510, 511]",False,[],[],[],[857],"[4, 11, 18, 21, 23, 26, 27, 28, 31, 35, 36, 43, 45, 52, 55, 56, 60, 62, 64, 70, 71, 80, 90, 94, 97, 183, 197, 232, 334, 426, 455, 472, 477, 478, 480, 483, 484, 490, 496, 505, 507, 509, 510, 511, 514, 516, 517, 523, 525, 529, 532, 533, 536, 538, 545, 546, 552, 561, 565, 568, 654, 668, 696, 790, 857, 878, 902, 919, 928, 929, 932, 934, 935]","[32, 33, 34, 35, 36, 37, 38, 39, 40, 41, 42, 43, 44, 45, 46, 47, 48, 201, 202, 203, 204, 205, 206, 207, 208, 209, 210, 211, 212, 213, 214, 215, 216, 355, 356, 357, 358, 359, 360, 361, 401, 402, 424, 427, 429, 430, 431, 432, 433, 434, 435, 464, 469, 478, 515, 516, 517, 518, 519, 520, 521, 522, 523, 524, 525, 526, 527, 672, 673, 674, 675, 676, 677, 678, 679, 680, 681, 682, 683, 684, 810, 811, 812, 813, 814, 850, 851, 876, 879, 881, 882, 883, 884, 885, 886, 911, 916, 929]","[34, 35, 36, 37, 38, 39, 40, 41, 42, 43, 44, 45, 46, 47, 48, 201, 202, 203, 204, 205, 206, 207, 208, 209, 210, 211, 212, 213, 214, 215, 216, 355, 356, 357, 358, 359, 360, 361, 429, 430, 431, 432, 433, 434, 435, 515, 516, 517, 518, 519, 520, 521, 522, 523, 524, 525, 526, 527, 672, 673, 674, 675, 676, 677, 678, 679, 680, 681, 682, 683, 684, 810, 811, 812, 813, 814, 881, 882, 883, 884, 885, 886]",0/6 successful match,False,,False,204,False,,0.8572602739726027,True,Love's Travel Stop # 215,Love's
Gallup ( 87301 ) Love's Travel Stop # 215,505-863-3849 I-40 Exit 16 ( US 66 ),3 24 <U+25A1> MO,Gallup,87301,Love's Travel Stop # 215,505-863-3849,2014,Gallup,NM,Love's,( US 66 ),I-40 Exit 16 ,Exit,16,False,,False,I-40,,,,,[],[],[],[857],[],"[4, 11, 18, 21, 23, 26, 27, 28, 31, 35, 36, 43, 45, 52, 55, 56, 60, 62, 64, 70, 71, 80, 90, 94, 97, 183, 197, 232, 334, 426, 455, 472, 477, 478, 480, 483, 484, 490, 496, 505, 507, 509, 510, 511, 514, 516, 517, 523, 525, 529, 532, 533, 536, 538, 545, 546, 552, 561, 565, 568, 654, 668, 696, 790, 857, 878, 902, 919, 928, 929, 932, 934, 935]","[34, 35, 36, 37, 38, 39, 40, 41, 42, 43, 44, 45, 46, 47, 48, 201, 202, 203, 204, 205, 206, 207, 208, 209, 210, 211, 212, 213, 214, 215, 216, 355, 356, 357, 358, 359, 360, 361, 429, 430, 431, 432, 433, 434, 435, 515, 516, 517, 518, 519, 520, 521, 522, 523, 524, 525, 526, 527, 672, 673, 674, 675, 676, 677, 678, 679, 680, 681, 682, 683, 684, 810, 811, 812, 813, 814, 881, 882, 883, 884, 885, 886]","[32, 33, 34, 35, 36, 37, 38, 39, 40, 41, 42, 43, 44, 45, 46, 47, 48, 201, 202, 203, 204, 205, 206, 207, 208, 209, 210, 211, 212, 213, 214, 215, 216, 355, 356, 357, 358, 359, 360, 361, 429, 430, 431, 432, 433, 434, 435, 515, 516, 517, 518, 519, 520, 521, 522, 523, 524, 525, 526, 527, 672, 673, 674, 675, 676, 677, 678, 679, 680, 681, 682, 683, 684, 810, 811, 812, 813, 814, 881, 882, 883, 884, 885, 886]","[514, 515, 4, 516, 517, 518, 519, 520, 521, 11, 523, 525, 522, 524, 526, 529, 18, 527, 532, 21, 533, 23, 536, 26, 27, 28, 538, 31, 32, 545, 546, 35, 36, 34, 38, 39, 552, 37, 40, 43, 41, 45, 42, 44, 46, 561, 47, 48, 52, 565, 55, 56, 568, 60, 62, 64, 70, 71, 80, 90, 94, 97, 654, 668, 672, 673, 674, 675, 676, 677, 678, 679, 680, 681, 682, 683, 684, 33, 183, 696, 197, 201, 202, 203, 204, 205, 206, 207, 208, 209, 210, 211, 212, 213, 214, 215, 216, 232, 790, 810, 811, 812, 813, 814, 334, 857, 355, 356, 357, 358, 359, 360, 361, 878, 881, 882, 883, 884, 885, 886, 902, 919, 928, 929, 932, 934, 935, 426, 429, 430, 431, 432, 433, 434, 435, 455, 472, 477, 478, 480, 483, 484, 490, 496, 505, 507, 509, 510, 511]",False,[],[],[],[857],"[4, 11, 18, 21, 23, 26, 27, 28, 31, 35, 36, 43, 45, 52, 55, 56, 60, 62, 64, 70, 71, 80, 90, 94, 97, 183, 197, 232, 334, 426, 455, 472, 477, 478, 480, 483, 484, 490, 496, 505, 507, 509, 510, 511, 514, 516, 517, 523, 525, 529, 532, 533, 536, 538, 545, 546, 552, 561, 565, 568, 654, 668, 696, 790, 857, 878, 902, 919, 928, 929, 932, 934, 935]","[32, 33, 34, 35, 36, 37, 38, 39, 40, 41, 42, 43, 44, 45, 46, 47, 48, 201, 202, 203, 204, 205, 206, 207, 208, 209, 210, 211, 212, 213, 214, 215, 216, 355, 356, 357, 358, 359, 360, 361, 429, 430, 431, 432, 433, 434, 435, 515, 516, 517, 518, 519, 520, 521, 522, 523, 524, 525, 526, 527, 672, 673, 674, 675, 676, 677, 678, 679, 680, 681, 682, 683, 684, 810, 811, 812, 813, 814, 881, 882, 883, 884, 885, 886]","[34, 35, 36, 37, 38, 39, 40, 41, 42, 43, 44, 45, 46, 47, 48, 201, 202, 203, 204, 205, 206, 207, 208, 209, 210, 211, 212, 213, 214, 215, 216, 355, 356, 357, 358, 359, 360, 361, 429, 430, 431, 432, 433, 434, 435, 515, 516, 517, 518, 519, 520, 521, 522, 523, 524, 525, 526, 527, 672, 673, 674, 675, 676, 677, 678, 679, 680, 681, 682, 683, 684, 810, 811, 812, 813, 814, 881, 882, 883, 884, 885, 886]",0/6 successful match,False,,False,204,False,,0.8572602739726027,True,I-40 Love's Exit Travel 16 ( US Stop 66 # W 215 ),Love's
D Gallup ( 87301 ) I-40 Love's Exit Travel 16 ( US Stop 66 # W 215 ),505-863-3849 I-40 Exit 16 ( US 66 ),24 MO,Gallup,87301,I-40 Love's Exit Travel 16 ( US Stop 66 # W 215 ),505-863-3849,2015,Gallup,NM,Love's,( US 66 ),I-40 Exit 16 ,Exit,16,False,,False,I-40,,,,,[],[],[],[857],[],"[4, 11, 18, 21, 23, 26, 27, 28, 31, 35, 36, 43, 45, 52, 55, 56, 60, 62, 64, 70, 71, 80, 90, 94, 97, 183, 197, 232, 334, 426, 455, 472, 477, 478, 480, 483, 484, 490, 496, 505, 507, 509, 510, 511, 514, 516, 517, 523, 525, 529, 532, 533, 536, 538, 545, 546, 552, 561, 565, 568, 654, 668, 696, 790, 857, 878, 902, 919, 928, 929, 932, 934, 935]","[34, 35, 36, 37, 38, 39, 40, 41, 42, 43, 44, 45, 46, 47, 48, 201, 202, 203, 204, 205, 206, 207, 208, 209, 210, 211, 212, 213, 214, 215, 216, 355, 356, 357, 358, 359, 360, 361, 429, 430, 431, 432, 433, 434, 435, 515, 516, 517, 518, 519, 520, 521, 522, 523, 524, 525, 526, 527, 672, 673, 674, 675, 676, 677, 678, 679, 680, 681, 682, 683, 684, 810, 811, 812, 813, 814, 881, 882, 883, 884, 885, 886]","[32, 33, 34, 35, 36, 37, 38, 39, 40, 41, 42, 43, 44, 45, 46, 47, 48, 201, 202, 203, 204, 205, 206, 207, 208, 209, 210, 211, 212, 213, 214, 215, 216, 355, 356, 357, 358, 359, 360, 361, 401, 402, 424, 427, 429, 430, 431, 432, 433, 434, 435, 464, 469, 478, 515, 516, 517, 518, 519, 520, 521, 522, 523, 524, 525, 526, 527, 672, 673, 674, 675, 676, 677, 678, 679, 680, 681, 682, 683, 684, 810, 811, 812, 813, 814, 850, 851, 876, 879, 881, 882, 883, 884, 885, 886, 911, 916, 929]","[514, 515, 4, 516, 517, 518, 519, 520, 521, 11, 523, 525, 522, 524, 526, 529, 18, 527, 532, 21, 533, 23, 536, 26, 27, 28, 538, 31, 32, 545, 546, 35, 36, 34, 38, 39, 552, 37, 40, 43, 41, 45, 42, 44, 46, 561, 47, 48, 52, 565, 55, 56, 568, 60, 62, 64, 70, 71, 80, 90, 94, 97, 654, 668, 672, 673, 674, 675, 676, 677, 678, 679, 680, 681, 682, 683, 684, 33, 183, 696, 197, 201, 202, 203, 204, 205, 206, 207, 208, 209, 210, 211, 212, 213, 214, 215, 216, 232, 790, 810, 811, 812, 813, 814, 334, 850, 851, 857, 355, 356, 357, 358, 359, 360, 361, 876, 878, 879, 881, 882, 883, 884, 885, 886, 902, 911, 401, 402, 916, 919, 928, 929, 932, 934, 935, 424, 426, 427, 429, 430, 431, 432, 433, 434, 435, 455, 464, 469, 472, 477, 478, 480, 483, 484, 490, 496, 505, 507, 509, 510, 511]",False,[],[],[],[857],"[4, 11, 18, 21, 23, 26, 27, 28, 31, 35, 36, 43, 45, 52, 55, 56, 60, 62, 64, 70, 71, 80, 90, 94, 97, 183, 197, 232, 334, 426, 455, 472, 477, 478, 480, 483, 484, 490, 496, 505, 507, 509, 510, 511, 514, 516, 517, 523, 525, 529, 532, 533, 536, 538, 545, 546, 552, 561, 565, 568, 654, 668, 696, 790, 857, 878, 902, 919, 928, 929, 932, 934, 935]","[32, 33, 34, 35, 36, 37, 38, 39, 40, 41, 42, 43, 44, 45, 46, 47, 48, 201, 202, 203, 204, 205, 206, 207, 208, 209, 210, 211, 212, 213, 214, 215, 216, 355, 356, 357, 358, 359, 360, 361, 401, 402, 424, 427, 429, 430, 431, 432, 433, 434, 435, 464, 469, 478, 515, 516, 517, 518, 519, 520, 521, 522, 523, 524, 525, 526, 527, 672, 673, 674, 675, 676, 677, 678, 679, 680, 681, 682, 683, 684, 810, 811, 812, 813, 814, 850, 851, 876, 879, 881, 882, 883, 884, 885, 886, 911, 916, 929]","[34, 35, 36, 37, 38, 39, 40, 41, 42, 43, 44, 45, 46, 47, 48, 201, 202, 203, 204, 205, 206, 207, 208, 209, 210, 211, 212, 213, 214, 215, 216, 355, 356, 357, 358, 359, 360, 361, 429, 430, 431, 432, 433, 434, 435, 515, 516, 517, 518, 519, 520, 521, 522, 523, 524, 525, 526, 527, 672, 673, 674, 675, 676, 677, 678, 679, 680, 681, 682, 683, 684, 810, 811, 812, 813, 814, 881, 882, 883, 884, 885, 886]",0/6 successful match,False,,False,204,False,,0.8572602739726027,True,Love's Travel Stop # 215,Love's
D Gallup ( 87301 ) Love's Travel Stop # 215,505-863-3849 I-40 Exit 16 ( US 66 ),"24 85 "" MO 24",Gallup,87301,Love's Travel Stop # 215,505-863-3849,2016,Gallup,NM,Love's,( US 66 ),I-40 Exit 16 ,Exit,16,False,,False,I-40,,,,,[],[],[],[857],[],"[4, 11, 18, 21, 23, 26, 27, 28, 31, 35, 36, 43, 45, 52, 55, 56, 60, 62, 64, 70, 71, 80, 90, 94, 97, 183, 197, 232, 334, 426, 455, 472, 477, 478, 480, 483, 484, 490, 496, 505, 507, 509, 510, 511, 514, 516, 517, 523, 525, 529, 532, 533, 536, 538, 545, 546, 552, 561, 565, 568, 654, 668, 696, 790, 857, 878, 902, 919, 928, 929, 932, 934, 935]","[34, 35, 36, 37, 38, 39, 40, 41, 42, 43, 44, 45, 46, 47, 48, 201, 202, 203, 204, 205, 206, 207, 208, 209, 210, 211, 212, 213, 214, 215, 216, 355, 356, 357, 358, 359, 360, 361, 429, 430, 431, 432, 433, 434, 435, 515, 516, 517, 518, 519, 520, 521, 522, 523, 524, 525, 526, 527, 672, 673, 674, 675, 676, 677, 678, 679, 680, 681, 682, 683, 684, 810, 811, 812, 813, 814, 881, 882, 883, 884, 885, 886]","[32, 33, 34, 35, 36, 37, 38, 39, 40, 41, 42, 43, 44, 45, 46, 47, 48, 201, 202, 203, 204, 205, 206, 207, 208, 209, 210, 211, 212, 213, 214, 215, 216, 355, 356, 357, 358, 359, 360, 361, 429, 430, 431, 432, 433, 434, 435, 515, 516, 517, 518, 519, 520, 521, 522, 523, 524, 525, 526, 527, 672, 673, 674, 675, 676, 677, 678, 679, 680, 681, 682, 683, 684, 810, 811, 812, 813, 814, 881, 882, 883, 884, 885, 886]","[514, 515, 4, 516, 517, 518, 519, 520, 521, 11, 523, 525, 522, 524, 526, 529, 18, 527, 532, 21, 533, 23, 536, 26, 27, 28, 538, 31, 32, 545, 546, 35, 36, 34, 38, 39, 552, 37, 40, 43, 41, 45, 42, 44, 46, 561, 47, 48, 52, 565, 55, 56, 568, 60, 62, 64, 70, 71, 80, 90, 94, 97, 654, 668, 672, 673, 674, 675, 676, 677, 678, 679, 680, 681, 682, 683, 684, 33, 183, 696, 197, 201, 202, 203, 204, 205, 206, 207, 208, 209, 210, 211, 212, 213, 214, 215, 216, 232, 790, 810, 811, 812, 813, 814, 334, 857, 355, 356, 357, 358, 359, 360, 361, 878, 881, 882, 883, 884, 885, 886, 902, 919, 928, 929, 932, 934, 935, 426, 429, 430, 431, 432, 433, 434, 435, 455, 472, 477, 478, 480, 483, 484, 490, 496, 505, 507, 509, 510, 511]",False,[],[],[],[857],"[4, 11, 18, 21, 23, 26, 27, 28, 31, 35, 36, 43, 45, 52, 55, 56, 60, 62, 64, 70, 71, 80, 90, 94, 97, 183, 197, 232, 334, 426, 455, 472, 477, 478, 480, 483, 484, 490, 496, 505, 507, 509, 510, 511, 514, 516, 517, 523, 525, 529, 532, 533, 536, 538, 545, 546, 552, 561, 565, 568, 654, 668, 696, 790, 857, 878, 902, 919, 928, 929, 932, 934, 935]","[32, 33, 34, 35, 36, 37, 38, 39, 40, 41, 42, 43, 44, 45, 46, 47, 48, 201, 202, 203, 204, 205, 206, 207, 208, 209, 210, 211, 212, 213, 214, 215, 216, 355, 356, 357, 358, 359, 360, 361, 429, 430, 431, 432, 433, 434, 435, 515, 516, 517, 518, 519, 520, 521, 522, 523, 524, 525, 526, 527, 672, 673, 674, 675, 676, 677, 678, 679, 680, 681, 682, 683, 684, 810, 811, 812, 813, 814, 881, 882, 883, 884, 885, 886]","[34, 35, 36, 37, 38, 39, 40, 41, 42, 43, 44, 45, 46, 47, 48, 201, 202, 203, 204, 205, 206, 207, 208, 209, 210, 211, 212, 213, 214, 215, 216, 355, 356, 357, 358, 359, 360, 361, 429, 430, 431, 432, 433, 434, 435, 515, 516, 517, 518, 519, 520, 521, 522, 523, 524, 525, 526, 527, 672, 673, 674, 675, 676, 677, 678, 679, 680, 681, 682, 683, 684, 810, 811, 812, 813, 814, 881, 882, 883, 884, 885, 886]",0/6 successful match,False,,False,204,False,,0.8572602739726027,True,I-40 Love's Exit Travel 16 ( US Stop 66 # W 215 ),Love's
"D Gallup , 87301 TravelCenters of America ( Giant )",505-863-6801 I-40 Exit 16 ( US 66 W ),XL 480,Gallup,87301,TravelCenters of America ( Giant ),505-863-6801,2006,Gallup,NM,TravelCenters,( US 66 W ),I-40 Exit 16 ,Exit,16,False,,False,I-40,,,,,[],[],[],[857],[],"[4, 11, 18, 21, 23, 26, 27, 28, 31, 35, 36, 43, 45, 52, 55, 56, 60, 62, 64, 70, 71, 80, 90, 94, 97, 183, 197, 232, 334, 426, 455, 472, 477, 478, 480, 483, 484, 490, 496, 505, 507, 509, 510, 511, 514, 516, 517, 523, 525, 529, 532, 533, 536, 538, 545, 546, 552, 561, 565, 568, 654, 668, 696, 790, 857, 878, 902, 919, 928, 929, 932, 934, 935]","[98, 476, 481, 569, 924, 925]",[],"[514, 4, 516, 517, 11, 523, 525, 529, 18, 532, 21, 533, 23, 536, 26, 27, 28, 538, 31, 545, 546, 35, 36, 552, 43, 45, 561, 52, 565, 55, 56, 568, 569, 60, 62, 64, 70, 71, 80, 90, 94, 97, 98, 654, 668, 183, 696, 197, 232, 790, 334, 857, 878, 902, 919, 924, 925, 928, 929, 932, 934, 935, 426, 455, 472, 476, 477, 478, 480, 481, 483, 484, 490, 496, 505, 507, 509, 510, 511]",False,[],[],[],[857],"[4, 11, 18, 21, 23, 26, 27, 28, 31, 35, 36, 43, 45, 52, 55, 56, 60, 62, 64, 70, 71, 80, 90, 94, 97, 183, 197, 232, 334, 426, 455, 472, 477, 478, 480, 483, 484, 490, 496, 505, 507, 509, 510, 511, 514, 516, 517, 523, 525, 529, 532, 533, 536, 538, 545, 546, 552, 561, 565, 568, 654, 668, 696, 790, 857, 878, 902, 919, 928, 929, 932, 934, 935]",[],"[98, 476, 481, 569, 924, 925]",0/6 successful match,False,,False,205,False,,,,,
"Gallup , 87301 TravelCenters of America ( Giant )",505-863-6801 I-40 Exit 16 ( US 66 W ),24 HRS XL,Gallup,87301,TravelCenters of America ( Giant ),505-863-6801,2007,Gallup,NM,TravelCenters,( US 66 W ),I-40 Exit 16 ,Exit,16,False,,False,I-40,,,,,[],[],[],[857],[],"[4, 11, 18, 21, 23, 26, 27, 28, 31, 35, 36, 43, 45, 52, 55, 56, 60, 62, 64, 70, 71, 80, 90, 94, 97, 183, 197, 232, 334, 426, 455, 472, 477, 478, 480, 483, 484, 490, 496, 505, 507, 509, 510, 511, 514, 516, 517, 523, 525, 529, 532, 533, 536, 538, 545, 546, 552, 561, 565, 568, 654, 668, 696, 790, 857, 878, 902, 919, 928, 929, 932, 934, 935]","[98, 476, 481, 569, 924, 925]",[],"[514, 4, 516, 517, 11, 523, 525, 529, 18, 532, 21, 533, 23, 536, 26, 27, 28, 538, 31, 545, 546, 35, 36, 552, 43, 45, 561, 52, 565, 55, 56, 568, 569, 60, 62, 64, 70, 71, 80, 90, 94, 97, 98, 654, 668, 183, 696, 197, 232, 790, 334, 857, 878, 902, 919, 924, 925, 928, 929, 932, 934, 935, 426, 455, 472, 476, 477, 478, 480, 481, 483, 484, 490, 496, 505, 507, 509, 510, 511]",False,[],[],[],[857],"[4, 11, 18, 21, 23, 26, 27, 28, 31, 35, 36, 43, 45, 52, 55, 56, 60, 62, 64, 70, 71, 80, 90, 94, 97, 183, 197, 232, 334, 426, 455, 472, 477, 478, 480, 483, 484, 490, 496, 505, 507, 509, 510, 511, 514, 516, 517, 523, 525, 529, 532, 533, 536, 538, 545, 546, 552, 561, 565, 568, 654, 668, 696, 790, 857, 878, 902, 919, 928, 929, 932, 934, 935]",[],"[98, 476, 481, 569, 924, 925]",0/6 successful match,False,,False,205,False,,1.0,True,TravelCenters of America ( Giant ),TravelCenters
"Gallup , 87301",505-863-6801 TravelCenters I-40 Exit 16 ( US of America 66 W ) ( Giant ) TA,24 M 24,Gallup,87301,,505-863-6801,2008,Gallup,NM,,( US of America 66 W ) ( Giant ) TA,TravelCenters I-40 Exit 16 ,Exit,16,False,,False,I-40,,,,,[],[],[],[857],[],"[4, 11, 18, 21, 23, 26, 27, 28, 31, 35, 36, 43, 45, 52, 55, 56, 60, 62, 64, 70, 71, 80, 90, 94, 97, 183, 197, 232, 334, 426, 455, 472, 477, 478, 480, 483, 484, 490, 496, 505, 507, 509, 510, 511, 514, 516, 517, 523, 525, 529, 532, 533, 536, 538, 545, 546, 552, 561, 565, 568, 654, 668, 696, 790, 857, 878, 902, 919, 928, 929, 932, 934, 935]",[],[],"[514, 4, 516, 517, 902, 11, 523, 525, 654, 529, 18, 532, 21, 533, 23, 536, 790, 26, 27, 28, 538, 668, 31, 919, 545, 546, 35, 36, 928, 929, 932, 552, 934, 426, 43, 935, 45, 561, 52, 565, 55, 56, 183, 568, 696, 60, 62, 64, 197, 70, 71, 455, 334, 80, 472, 857, 90, 477, 94, 478, 480, 97, 483, 484, 232, 490, 878, 496, 505, 507, 509, 510, 511]",False,[],[],[],[857],"[4, 11, 18, 21, 23, 26, 27, 28, 31, 35, 36, 43, 45, 52, 55, 56, 60, 62, 64, 70, 71, 80, 90, 94, 97, 183, 197, 232, 334, 426, 455, 472, 477, 478, 480, 483, 484, 490, 496, 505, 507, 509, 510, 511, 514, 516, 517, 523, 525, 529, 532, 533, 536, 538, 545, 546, 552, 561, 565, 568, 654, 668, 696, 790, 857, 878, 902, 919, 928, 929, 932, 934, 935]",[],[],0/6 successful match,False,,False,205,True,2008,0.0,True,TravelCenters of America ( Giant ),TravelCenters
1505-863-8008 D Gallup ( 87301 ) I-40 TA Gallup Exit 16 # 008 ( US ( Valero 66 W ) ),505-863-6801 I-40 Exit 16 ( US 66 W ),24 MOO 24,Gallup,87301,I-40 TA Gallup Exit 16 # 008 ( US ( Valero 66 W ) ),505-863-6801,2014,Gallup,NM,Valero,( US 66 W ),I-40 Exit 16 ,Exit,16,False,,False,I-40,,,,,[],[],[],[857],[],"[4, 11, 18, 21, 23, 26, 27, 28, 31, 35, 36, 43, 45, 52, 55, 56, 60, 62, 64, 70, 71, 80, 90, 94, 97, 183, 197, 232, 334, 426, 455, 472, 477, 478, 480, 483, 484, 490, 496, 505, 507, 509, 510, 511, 514, 516, 517, 523, 525, 529, 532, 533, 536, 538, 545, 546, 552, 561, 565, 568, 654, 668, 696, 790, 857, 878, 902, 919, 928, 929, 932, 934, 935]","[2, 9, 10, 82, 111, 112, 113, 199, 279, 284, 285, 300, 488, 494, 495, 553, 581, 582, 583, 670, 738, 743, 744, 759, 818]","[2, 9, 10, 82, 111, 112, 113, 199, 279, 284, 285, 300, 301, 401, 402, 424, 427, 464, 469, 476, 478, 488, 494, 495, 553, 581, 582, 583, 670, 738, 743, 744, 759, 818, 850, 851, 876, 879, 911, 916, 924, 925, 929]","[514, 2, 4, 516, 517, 9, 10, 11, 523, 525, 529, 18, 532, 21, 533, 23, 536, 26, 27, 28, 538, 31, 545, 546, 35, 36, 552, 553, 43, 45, 561, 52, 565, 55, 56, 568, 60, 62, 64, 581, 70, 71, 582, 583, 80, 82, 90, 94, 97, 111, 112, 113, 654, 668, 670, 183, 696, 197, 199, 738, 743, 232, 744, 759, 790, 279, 284, 285, 300, 301, 818, 334, 850, 851, 857, 876, 878, 879, 902, 911, 401, 402, 916, 919, 924, 925, 928, 929, 932, 934, 935, 424, 426, 427, 455, 464, 469, 472, 476, 477, 478, 480, 483, 484, 488, 490, 494, 495, 496, 505, 507, 509, 510, 511]",False,[],[],[],[857],"[4, 11, 18, 21, 23, 26, 27, 28, 31, 35, 36, 43, 45, 52, 55, 56, 60, 62, 64, 70, 71, 80, 90, 94, 97, 183, 197, 232, 334, 426, 455, 472, 477, 478, 480, 483, 484, 490, 496, 505, 507, 509, 510, 511, 514, 516, 517, 523, 525, 529, 532, 533, 536, 538, 545, 546, 552, 561, 565, 568, 654, 668, 696, 790, 857, 878, 902, 919, 928, 929, 932, 934, 935]","[2, 9, 10, 82, 111, 112, 113, 199, 279, 284, 285, 300, 301, 401, 402, 424, 427, 464, 469, 476, 478, 488, 494, 495, 553, 581, 582, 583, 670, 738, 743, 744, 759, 818, 850, 851, 876, 879, 911, 916, 924, 925, 929]","[2, 9, 10, 82, 111, 112, 113, 199, 279, 284, 285, 300, 488, 494, 495, 553, 581, 582, 583, 670, 738, 743, 744, 759, 818]",0/6 successful match,False,,False,205,True,2014,0.0,True,,
Gallup ( 87301 ) TA Gallup 16 # 008 ( US ( 66 Valero W ) ),505-863-6801 I-40 Exit 16 ( US 66 W ),TA 24 <U+2610> M,Gallup,87301,TA Gallup 16 # 008 ( US ( 66 Valero W ) ),505-863-6801,2015,Gallup,NM,Valero,( US 66 W ),I-40 Exit 16 ,Exit,16,False,,False,I-40,,,,,[],[],[],[857],[],"[4, 11, 18, 21, 23, 26, 27, 28, 31, 35, 36, 43, 45, 52, 55, 56, 60, 62, 64, 70, 71, 80, 90, 94, 97, 183, 197, 232, 334, 426, 455, 472, 477, 478, 480, 483, 484, 490, 496, 505, 507, 509, 510, 511, 514, 516, 517, 523, 525, 529, 532, 533, 536, 538, 545, 546, 552, 561, 565, 568, 654, 668, 696, 790, 857, 878, 902, 919, 928, 929, 932, 934, 935]","[2, 9, 10, 82, 111, 112, 113, 199, 279, 284, 285, 300, 488, 494, 495, 553, 581, 582, 583, 670, 738, 743, 744, 759, 818]","[2, 9, 10, 82, 111, 112, 113, 199, 279, 284, 285, 300, 301, 401, 402, 424, 427, 464, 469, 476, 488, 494, 495, 553, 581, 582, 583, 670, 738, 743, 744, 759, 818, 850, 851, 876, 879, 911, 916, 924, 925]","[514, 2, 4, 516, 517, 9, 10, 11, 523, 525, 529, 18, 532, 21, 533, 23, 536, 26, 27, 28, 538, 31, 545, 546, 35, 36, 552, 553, 43, 45, 561, 52, 565, 55, 56, 568, 60, 62, 64, 581, 70, 71, 582, 583, 80, 82, 90, 94, 97, 111, 112, 113, 654, 668, 670, 183, 696, 197, 199, 738, 743, 232, 744, 759, 790, 279, 284, 285, 300, 301, 818, 334, 850, 851, 857, 876, 878, 879, 902, 911, 401, 402, 916, 919, 924, 925, 928, 929, 932, 934, 935, 424, 426, 427, 455, 464, 469, 472, 476, 477, 478, 480, 483, 484, 488, 490, 494, 495, 496, 505, 507, 509, 510, 511]",False,[],[],[],[857],"[4, 11, 18, 21, 23, 26, 27, 28, 31, 35, 36, 43, 45, 52, 55, 56, 60, 62, 64, 70, 71, 80, 90, 94, 97, 183, 197, 232, 334, 426, 455, 472, 477, 478, 480, 483, 484, 490, 496, 505, 507, 509, 510, 511, 514, 516, 517, 523, 525, 529, 532, 533, 536, 538, 545, 546, 552, 561, 565, 568, 654, 668, 696, 790, 857, 878, 902, 919, 928, 929, 932, 934, 935]","[2, 9, 10, 82, 111, 112, 113, 199, 279, 284, 285, 300, 301, 401, 402, 424, 427, 464, 469, 476, 488, 494, 495, 553, 581, 582, 583, 670, 738, 743, 744, 759, 818, 850, 851, 876, 879, 911, 916, 924, 925]","[2, 9, 10, 82, 111, 112, 113, 199, 279, 284, 285, 300, 488, 494, 495, 553, 581, 582, 583, 670, 738, 743, 744, 759, 818]",0/6 successful match,False,,False,205,False,,1.0,True,I-40 TA Gallup Exit 16 # 008 ( US ( Valero 66 W ) ),Valero
1505-863-8008 D Gallup ( 87301 ) I-40 TA Gallup Exit 16 # 008 ( US ( 66 Valero W ) ),505-863-6801 I-40 Exit 16 ( US 66 W ),ZA 24 D D M M D,Gallup,87301,I-40 TA Gallup Exit 16 # 008 ( US ( 66 Valero W ) ),505-863-6801,2016,Gallup,NM,Valero,( US 66 W ),I-40 Exit 16 ,Exit,16,False,,False,I-40,,,,,[],[],[],[857],[],"[4, 11, 18, 21, 23, 26, 27, 28, 31, 35, 36, 43, 45, 52, 55, 56, 60, 62, 64, 70, 71, 80, 90, 94, 97, 183, 197, 232, 334, 426, 455, 472, 477, 478, 480, 483, 484, 490, 496, 505, 507, 509, 510, 511, 514, 516, 517, 523, 525, 529, 532, 533, 536, 538, 545, 546, 552, 561, 565, 568, 654, 668, 696, 790, 857, 878, 902, 919, 928, 929, 932, 934, 935]","[2, 9, 10, 82, 111, 112, 113, 199, 279, 284, 285, 300, 488, 494, 495, 553, 581, 582, 583, 670, 738, 743, 744, 759, 818]","[2, 9, 10, 82, 111, 112, 113, 199, 279, 284, 285, 300, 301, 401, 402, 424, 427, 464, 469, 476, 478, 488, 494, 495, 553, 581, 582, 583, 670, 738, 743, 744, 759, 818, 850, 851, 876, 879, 911, 916, 924, 925, 929]","[514, 2, 4, 516, 517, 9, 10, 11, 523, 525, 529, 18, 532, 21, 533, 23, 536, 26, 27, 28, 538, 31, 545, 546, 35, 36, 552, 553, 43, 45, 561, 52, 565, 55, 56, 568, 60, 62, 64, 581, 70, 71, 582, 583, 80, 82, 90, 94, 97, 111, 112, 113, 654, 668, 670, 183, 696, 197, 199, 738, 743, 232, 744, 759, 790, 279, 284, 285, 300, 301, 818, 334, 850, 851, 857, 876, 878, 879, 902, 911, 401, 402, 916, 919, 924, 925, 928, 929, 932, 934, 935, 424, 426, 427, 455, 464, 469, 472, 476, 477, 478, 480, 483, 484, 488, 490, 494, 495, 496, 505, 507, 509, 510, 511]",False,[],[],[],[857],"[4, 11, 18, 21, 23, 26, 27, 28, 31, 35, 36, 43, 45, 52, 55, 56, 60, 62, 64, 70, 71, 80, 90, 94, 97, 183, 197, 232, 334, 426, 455, 472, 477, 478, 480, 483, 484, 490, 496, 505, 507, 509, 510, 511, 514, 516, 517, 523, 525, 529, 532, 533, 536, 538, 545, 546, 552, 561, 565, 568, 654, 668, 696, 790, 857, 878, 902, 919, 928, 929, 932, 934, 935]","[2, 9, 10, 82, 111, 112, 113, 199, 279, 284, 285, 300, 301, 401, 402, 424, 427, 464, 469, 476, 478, 488, 494, 495, 553, 581, 582, 583, 670, 738, 743, 744, 759, 818, 850, 851, 876, 879, 911, 916, 924, 925, 929]","[2, 9, 10, 82, 111, 112, 113, 199, 279, 284, 285, 300, 488, 494, 495, 553, 581, 582, 583, 670, 738, 743, 744, 759, 818]",0/6 successful match,False,,False,205,False,,1.0,True,TA Gallup 16 # 008 ( US ( 66 Valero W ) ),Valero
"Jamestown , 87347 Pilot Travel Center # 305",505-722-6655 I-40 Exit 39 ( 17 mi E of Gallup ),XL 24,Jamestown,87347,Pilot Travel Center # 305,505-722-6655,2006,Jamestown,NM,Pilot,( 17 mi E of Gallup ),I-40 Exit 39 ,Exit,39,False,,False,I-40,,,,,[],[],[],"[162, 634]",[],"[4, 11, 18, 21, 23, 26, 27, 28, 31, 35, 36, 43, 45, 52, 55, 56, 60, 62, 64, 70, 71, 80, 90, 94, 97, 183, 197, 232, 334, 426, 455, 472, 477, 478, 480, 483, 484, 490, 496, 505, 507, 509, 510, 511, 514, 516, 517, 523, 525, 529, 532, 533, 536, 538, 545, 546, 552, 561, 565, 568, 654, 668, 696, 790, 857, 878, 902, 919, 928, 929, 932, 934, 935]","[15, 16, 65, 66, 67, 68, 69, 70, 71, 72, 73, 74, 75, 76, 80, 151, 245, 246, 247, 248, 249, 250, 251, 252, 253, 254, 255, 256, 257, 258, 259, 280, 340, 373, 374, 375, 376, 377, 459, 460, 461, 462, 500, 501, 539, 540, 541, 542, 543, 544, 545, 546, 547, 548, 549, 550, 552, 622, 708, 709, 710, 711, 712, 713, 714, 715, 716, 717, 718, 719, 720, 739, 796, 823, 824, 825, 826, 827, 906, 907, 908, 909]","[15, 16, 65, 66, 67, 68, 69, 70, 71, 72, 73, 74, 75, 76, 77, 78, 80, 151, 244, 245, 246, 247, 248, 249, 250, 251, 252, 253, 254, 255, 256, 257, 258, 259, 260, 280, 340, 373, 374, 375, 376, 377, 459, 460, 461, 462, 500, 501, 539, 540, 541, 542, 543, 544, 545, 546, 547, 548, 549, 550, 552, 622, 708, 709, 710, 711, 712, 713, 714, 715, 716, 717, 718, 719, 720, 739, 796, 823, 824, 825, 826, 827, 906, 907, 908, 909]","[514, 4, 516, 517, 11, 523, 525, 15, 16, 529, 18, 532, 21, 533, 23, 536, 26, 27, 28, 538, 539, 31, 540, 545, 546, 35, 36, 541, 542, 543, 552, 544, 547, 43, 548, 45, 549, 550, 561, 52, 565, 55, 56, 568, 60, 62, 64, 65, 66, 67, 68, 69, 70, 71, 72, 73, 74, 75, 76, 77, 78, 80, 90, 94, 97, 622, 634, 654, 151, 668, 162, 183, 696, 708, 197, 709, 710, 711, 712, 713, 714, 715, 716, 717, 718, 719, 720, 739, 232, 244, 245, 246, 247, 248, 249, 250, 251, 252, 253, 254, 255, 256, 257, 258, 259, 260, 790, 280, 796, 823, 824, 825, 826, 827, 334, 340, 857, 878, 373, 374, 375, 376, 377, 902, 906, 907, 908, 909, 919, 928, 929, 932, 934, 935, 426, 455, 459, 460, 461, 462, 472, 477, 478, 480, 483, 484, 490, 496, 500, 501, 505, 507, 509, 510, 511]",False,[],[],[],"[162, 634]","[4, 11, 18, 21, 23, 26, 27, 28, 31, 35, 36, 43, 45, 52, 55, 56, 60, 62, 64, 70, 71, 80, 90, 94, 97, 183, 197, 232, 334, 426, 455, 472, 477, 478, 480, 483, 484, 490, 496, 505, 507, 509, 510, 511, 514, 516, 517, 523, 525, 529, 532, 533, 536, 538, 545, 546, 552, 561, 565, 568, 654, 668, 696, 790, 857, 878, 902, 919, 928, 929, 932, 934, 935]","[15, 16, 65, 66, 67, 68, 69, 70, 71, 72, 73, 74, 75, 76, 77, 78, 80, 151, 244, 245, 246, 247, 248, 249, 250, 251, 252, 253, 254, 255, 256, 257, 258, 259, 260, 280, 340, 373, 374, 375, 376, 377, 459, 460, 461, 462, 500, 501, 539, 540, 541, 542, 543, 544, 545, 546, 547, 548, 549, 550, 552, 622, 708, 709, 710, 711, 712, 713, 714, 715, 716, 717, 718, 719, 720, 739, 796, 823, 824, 825, 826, 827, 906, 907, 908, 909]","[15, 16, 65, 66, 67, 68, 69, 70, 71, 72, 73, 74, 75, 76, 80, 151, 245, 246, 247, 248, 249, 250, 251, 252, 253, 254, 255, 256, 257, 258, 259, 280, 340, 373, 374, 375, 376, 377, 459, 460, 461, 462, 500, 501, 539, 540, 541, 542, 543, 544, 545, 546, 547, 548, 549, 550, 552, 622, 708, 709, 710, 711, 712, 713, 714, 715, 716, 717, 718, 719, 720, 739, 796, 823, 824, 825, 826, 827, 906, 907, 908, 909]",0/6 successful match,False,,False,206,False,,,,,
"Jamestown , 87347 Pilot Travel Center # 305",505-722-6655 I-40 Exit 39 ( 17 mi E of Gallup ),24 HRS XL,Jamestown,87347,Pilot Travel Center # 305,505-722-6655,2007,Jamestown,NM,Pilot,( 17 mi E of Gallup ),I-40 Exit 39 ,Exit,39,False,,False,I-40,,,,,[],[],[],"[162, 634]",[],"[4, 11, 18, 21, 23, 26, 27, 28, 31, 35, 36, 43, 45, 52, 55, 56, 60, 62, 64, 70, 71, 80, 90, 94, 97, 183, 197, 232, 334, 426, 455, 472, 477, 478, 480, 483, 484, 490, 496, 505, 507, 509, 510, 511, 514, 516, 517, 523, 525, 529, 532, 533, 536, 538, 545, 546, 552, 561, 565, 568, 654, 668, 696, 790, 857, 878, 902, 919, 928, 929, 932, 934, 935]","[15, 16, 65, 66, 67, 68, 69, 70, 71, 72, 73, 74, 75, 76, 80, 151, 245, 246, 247, 248, 249, 250, 251, 252, 253, 254, 255, 256, 257, 258, 259, 280, 340, 373, 374, 375, 376, 377, 459, 460, 461, 462, 500, 501, 539, 540, 541, 542, 543, 544, 545, 546, 547, 548, 549, 550, 552, 622, 708, 709, 710, 711, 712, 713, 714, 715, 716, 717, 718, 719, 720, 739, 796, 823, 824, 825, 826, 827, 906, 907, 908, 909]","[15, 16, 65, 66, 67, 68, 69, 70, 71, 72, 73, 74, 75, 76, 77, 78, 80, 151, 244, 245, 246, 247, 248, 249, 250, 251, 252, 253, 254, 255, 256, 257, 258, 259, 260, 280, 340, 373, 374, 375, 376, 377, 459, 460, 461, 462, 500, 501, 539, 540, 541, 542, 543, 544, 545, 546, 547, 548, 549, 550, 552, 622, 708, 709, 710, 711, 712, 713, 714, 715, 716, 717, 718, 719, 720, 739, 796, 823, 824, 825, 826, 827, 906, 907, 908, 909]","[514, 4, 516, 517, 11, 523, 525, 15, 16, 529, 18, 532, 21, 533, 23, 536, 26, 27, 28, 538, 539, 31, 540, 545, 546, 35, 36, 541, 542, 543, 552, 544, 547, 43, 548, 45, 549, 550, 561, 52, 565, 55, 56, 568, 60, 62, 64, 65, 66, 67, 68, 69, 70, 71, 72, 73, 74, 75, 76, 77, 78, 80, 90, 94, 97, 622, 634, 654, 151, 668, 162, 183, 696, 708, 197, 709, 710, 711, 712, 713, 714, 715, 716, 717, 718, 719, 720, 739, 232, 244, 245, 246, 247, 248, 249, 250, 251, 252, 253, 254, 255, 256, 257, 258, 259, 260, 790, 280, 796, 823, 824, 825, 826, 827, 334, 340, 857, 878, 373, 374, 375, 376, 377, 902, 906, 907, 908, 909, 919, 928, 929, 932, 934, 935, 426, 455, 459, 460, 461, 462, 472, 477, 478, 480, 483, 484, 490, 496, 500, 501, 505, 507, 509, 510, 511]",False,[],[],[],"[162, 634]","[4, 11, 18, 21, 23, 26, 27, 28, 31, 35, 36, 43, 45, 52, 55, 56, 60, 62, 64, 70, 71, 80, 90, 94, 97, 183, 197, 232, 334, 426, 455, 472, 477, 478, 480, 483, 484, 490, 496, 505, 507, 509, 510, 511, 514, 516, 517, 523, 525, 529, 532, 533, 536, 538, 545, 546, 552, 561, 565, 568, 654, 668, 696, 790, 857, 878, 902, 919, 928, 929, 932, 934, 935]","[15, 16, 65, 66, 67, 68, 69, 70, 71, 72, 73, 74, 75, 76, 77, 78, 80, 151, 244, 245, 246, 247, 248, 249, 250, 251, 252, 253, 254, 255, 256, 257, 258, 259, 260, 280, 340, 373, 374, 375, 376, 377, 459, 460, 461, 462, 500, 501, 539, 540, 541, 542, 543, 544, 545, 546, 547, 548, 549, 550, 552, 622, 708, 709, 710, 711, 712, 713, 714, 715, 716, 717, 718, 719, 720, 739, 796, 823, 824, 825, 826, 827, 906, 907, 908, 909]","[15, 16, 65, 66, 67, 68, 69, 70, 71, 72, 73, 74, 75, 76, 80, 151, 245, 246, 247, 248, 249, 250, 251, 252, 253, 254, 255, 256, 257, 258, 259, 280, 340, 373, 374, 375, 376, 377, 459, 460, 461, 462, 500, 501, 539, 540, 541, 542, 543, 544, 545, 546, 547, 548, 549, 550, 552, 622, 708, 709, 710, 711, 712, 713, 714, 715, 716, 717, 718, 719, 720, 739, 796, 823, 824, 825, 826, 827, 906, 907, 908, 909]",0/6 successful match,False,,False,206,False,,1.0,True,Pilot Travel Center # 305,Pilot
"Jamestown , 87347 Pilot Travel Center # 305",505-722-6655 I-40 Exit 39 ( 17 mi E of Gallup ),24 HALS XL,Jamestown,87347,Pilot Travel Center # 305,505-722-6655,2008,Jamestown,NM,Pilot,( 17 mi E of Gallup ),I-40 Exit 39 ,Exit,39,False,,False,I-40,,,,,[],[],[],"[162, 634]",[],"[4, 11, 18, 21, 23, 26, 27, 28, 31, 35, 36, 43, 45, 52, 55, 56, 60, 62, 64, 70, 71, 80, 90, 94, 97, 183, 197, 232, 334, 426, 455, 472, 477, 478, 480, 483, 484, 490, 496, 505, 507, 509, 510, 511, 514, 516, 517, 523, 525, 529, 532, 533, 536, 538, 545, 546, 552, 561, 565, 568, 654, 668, 696, 790, 857, 878, 902, 919, 928, 929, 932, 934, 935]","[15, 16, 65, 66, 67, 68, 69, 70, 71, 72, 73, 74, 75, 76, 80, 151, 245, 246, 247, 248, 249, 250, 251, 252, 253, 254, 255, 256, 257, 258, 259, 280, 340, 373, 374, 375, 376, 377, 459, 460, 461, 462, 500, 501, 539, 540, 541, 542, 543, 544, 545, 546, 547, 548, 549, 550, 552, 622, 708, 709, 710, 711, 712, 713, 714, 715, 716, 717, 718, 719, 720, 739, 796, 823, 824, 825, 826, 827, 906, 907, 908, 909]","[15, 16, 65, 66, 67, 68, 69, 70, 71, 72, 73, 74, 75, 76, 77, 78, 80, 151, 244, 245, 246, 247, 248, 249, 250, 251, 252, 253, 254, 255, 256, 257, 258, 259, 260, 280, 340, 373, 374, 375, 376, 377, 459, 460, 461, 462, 500, 501, 539, 540, 541, 542, 543, 544, 545, 546, 547, 548, 549, 550, 552, 622, 708, 709, 710, 711, 712, 713, 714, 715, 716, 717, 718, 719, 720, 739, 796, 823, 824, 825, 826, 827, 906, 907, 908, 909]","[514, 4, 516, 517, 11, 523, 525, 15, 16, 529, 18, 532, 21, 533, 23, 536, 26, 27, 28, 538, 539, 31, 540, 545, 546, 35, 36, 541, 542, 543, 552, 544, 547, 43, 548, 45, 549, 550, 561, 52, 565, 55, 56, 568, 60, 62, 64, 65, 66, 67, 68, 69, 70, 71, 72, 73, 74, 75, 76, 77, 78, 80, 90, 94, 97, 622, 634, 654, 151, 668, 162, 183, 696, 708, 197, 709, 710, 711, 712, 713, 714, 715, 716, 717, 718, 719, 720, 739, 232, 244, 245, 246, 247, 248, 249, 250, 251, 252, 253, 254, 255, 256, 257, 258, 259, 260, 790, 280, 796, 823, 824, 825, 826, 827, 334, 340, 857, 878, 373, 374, 375, 376, 377, 902, 906, 907, 908, 909, 919, 928, 929, 932, 934, 935, 426, 455, 459, 460, 461, 462, 472, 477, 478, 480, 483, 484, 490, 496, 500, 501, 505, 507, 509, 510, 511]",False,[],[],[],"[162, 634]","[4, 11, 18, 21, 23, 26, 27, 28, 31, 35, 36, 43, 45, 52, 55, 56, 60, 62, 64, 70, 71, 80, 90, 94, 97, 183, 197, 232, 334, 426, 455, 472, 477, 478, 480, 483, 484, 490, 496, 505, 507, 509, 510, 511, 514, 516, 517, 523, 525, 529, 532, 533, 536, 538, 545, 546, 552, 561, 565, 568, 654, 668, 696, 790, 857, 878, 902, 919, 928, 929, 932, 934, 935]","[15, 16, 65, 66, 67, 68, 69, 70, 71, 72, 73, 74, 75, 76, 77, 78, 80, 151, 244, 245, 246, 247, 248, 249, 250, 251, 252, 253, 254, 255, 256, 257, 258, 259, 260, 280, 340, 373, 374, 375, 376, 377, 459, 460, 461, 462, 500, 501, 539, 540, 541, 542, 543, 544, 545, 546, 547, 548, 549, 550, 552, 622, 708, 709, 710, 711, 712, 713, 714, 715, 716, 717, 718, 719, 720, 739, 796, 823, 824, 825, 826, 827, 906, 907, 908, 909]","[15, 16, 65, 66, 67, 68, 69, 70, 71, 72, 73, 74, 75, 76, 80, 151, 245, 246, 247, 248, 249, 250, 251, 252, 253, 254, 255, 256, 257, 258, 259, 280, 340, 373, 374, 375, 376, 377, 459, 460, 461, 462, 500, 501, 539, 540, 541, 542, 543, 544, 545, 546, 547, 548, 549, 550, 552, 622, 708, 709, 710, 711, 712, 713, 714, 715, 716, 717, 718, 719, 720, 739, 796, 823, 824, 825, 826, 827, 906, 907, 908, 909]",0/6 successful match,False,,False,206,False,,1.0,True,Pilot Travel Center # 305,Pilot
D Jamestown ( 87347 ) Pilot Travel Center # 305,505-722-6655 I-40 Exit 39,Pilot 24 XL 24,Jamestown,87347,Pilot Travel Center # 305,505-722-6655,2014,Jamestown,NM,Pilot,,I-40 Exit 39,Exit,39,False,,False,I-40,,,,,[],[],[],"[162, 634]",[],"[4, 11, 18, 21, 23, 26, 27, 28, 31, 35, 36, 43, 45, 52, 55, 56, 60, 62, 64, 70, 71, 80, 90, 94, 97, 183, 197, 232, 334, 426, 455, 472, 477, 478, 480, 483, 484, 490, 496, 505, 507, 509, 510, 511, 514, 516, 517, 523, 525, 529, 532, 533, 536, 538, 545, 546, 552, 561, 565, 568, 654, 668, 696, 790, 857, 878, 902, 919, 928, 929, 932, 934, 935]","[15, 16, 65, 66, 67, 68, 69, 70, 71, 72, 73, 74, 75, 76, 80, 151, 245, 246, 247, 248, 249, 250, 251, 252, 253, 254, 255, 256, 257, 258, 259, 280, 340, 373, 374, 375, 376, 377, 459, 460, 461, 462, 500, 501, 539, 540, 541, 542, 543, 544, 545, 546, 547, 548, 549, 550, 552, 622, 708, 709, 710, 711, 712, 713, 714, 715, 716, 717, 718, 719, 720, 739, 796, 823, 824, 825, 826, 827, 906, 907, 908, 909]","[15, 16, 65, 66, 67, 68, 69, 70, 71, 72, 73, 74, 75, 76, 77, 78, 80, 151, 244, 245, 246, 247, 248, 249, 250, 251, 252, 253, 254, 255, 256, 257, 258, 259, 260, 280, 340, 373, 374, 375, 376, 377, 459, 460, 461, 462, 500, 501, 539, 540, 541, 542, 543, 544, 545, 546, 547, 548, 549, 550, 552, 622, 708, 709, 710, 711, 712, 713, 714, 715, 716, 717, 718, 719, 720, 739, 796, 823, 824, 825, 826, 827, 906, 907, 908, 909]","[514, 4, 516, 517, 11, 523, 525, 15, 16, 529, 18, 532, 21, 533, 23, 536, 26, 27, 28, 538, 539, 31, 540, 545, 546, 35, 36, 541, 542, 543, 552, 544, 547, 43, 548, 45, 549, 550, 561, 52, 565, 55, 56, 568, 60, 62, 64, 65, 66, 67, 68, 69, 70, 71, 72, 73, 74, 75, 76, 77, 78, 80, 90, 94, 97, 622, 634, 654, 151, 668, 162, 183, 696, 708, 197, 709, 710, 711, 712, 713, 714, 715, 716, 717, 718, 719, 720, 739, 232, 244, 245, 246, 247, 248, 249, 250, 251, 252, 253, 254, 255, 256, 257, 258, 259, 260, 790, 280, 796, 823, 824, 825, 826, 827, 334, 340, 857, 878, 373, 374, 375, 376, 377, 902, 906, 907, 908, 909, 919, 928, 929, 932, 934, 935, 426, 455, 459, 460, 461, 462, 472, 477, 478, 480, 483, 484, 490, 496, 500, 501, 505, 507, 509, 510, 511]",False,[],[],[],"[162, 634]","[4, 11, 18, 21, 23, 26, 27, 28, 31, 35, 36, 43, 45, 52, 55, 56, 60, 62, 64, 70, 71, 80, 90, 94, 97, 183, 197, 232, 334, 426, 455, 472, 477, 478, 480, 483, 484, 490, 496, 505, 507, 509, 510, 511, 514, 516, 517, 523, 525, 529, 532, 533, 536, 538, 545, 546, 552, 561, 565, 568, 654, 668, 696, 790, 857, 878, 902, 919, 928, 929, 932, 934, 935]","[15, 16, 65, 66, 67, 68, 69, 70, 71, 72, 73, 74, 75, 76, 77, 78, 80, 151, 244, 245, 246, 247, 248, 249, 250, 251, 252, 253, 254, 255, 256, 257, 258, 259, 260, 280, 340, 373, 374, 375, 376, 377, 459, 460, 461, 462, 500, 501, 539, 540, 541, 542, 543, 544, 545, 546, 547, 548, 549, 550, 552, 622, 708, 709, 710, 711, 712, 713, 714, 715, 716, 717, 718, 719, 720, 739, 796, 823, 824, 825, 826, 827, 906, 907, 908, 909]","[15, 16, 65, 66, 67, 68, 69, 70, 71, 72, 73, 74, 75, 76, 80, 151, 245, 246, 247, 248, 249, 250, 251, 252, 253, 254, 255, 256, 257, 258, 259, 280, 340, 373, 374, 375, 376, 377, 459, 460, 461, 462, 500, 501, 539, 540, 541, 542, 543, 544, 545, 546, 547, 548, 549, 550, 552, 622, 708, 709, 710, 711, 712, 713, 714, 715, 716, 717, 718, 719, 720, 739, 796, 823, 824, 825, 826, 827, 906, 907, 908, 909]",0/6 successful match,False,,False,206,False,,1.0,True,Pilot Travel Center # 305,Pilot
D Jamestown ( 87347 ) Pilot Travel Center # 305,505-722-6655 I-40 Exit 39,pilat 24 <U+2610> XLO 24,Jamestown,87347,Pilot Travel Center # 305,505-722-6655,2015,Jamestown,NM,Pilot,,I-40 Exit 39,Exit,39,False,,False,I-40,,,,,[],[],[],"[162, 634]",[],"[4, 11, 18, 21, 23, 26, 27, 28, 31, 35, 36, 43, 45, 52, 55, 56, 60, 62, 64, 70, 71, 80, 90, 94, 97, 183, 197, 232, 334, 426, 455, 472, 477, 478, 480, 483, 484, 490, 496, 505, 507, 509, 510, 511, 514, 516, 517, 523, 525, 529, 532, 533, 536, 538, 545, 546, 552, 561, 565, 568, 654, 668, 696, 790, 857, 878, 902, 919, 928, 929, 932, 934, 935]","[15, 16, 65, 66, 67, 68, 69, 70, 71, 72, 73, 74, 75, 76, 80, 151, 245, 246, 247, 248, 249, 250, 251, 252, 253, 254, 255, 256, 257, 258, 259, 280, 340, 373, 374, 375, 376, 377, 459, 460, 461, 462, 500, 501, 539, 540, 541, 542, 543, 544, 545, 546, 547, 548, 549, 550, 552, 622, 708, 709, 710, 711, 712, 713, 714, 715, 716, 717, 718, 719, 720, 739, 796, 823, 824, 825, 826, 827, 906, 907, 908, 909]","[15, 16, 65, 66, 67, 68, 69, 70, 71, 72, 73, 74, 75, 76, 77, 78, 80, 151, 244, 245, 246, 247, 248, 249, 250, 251, 252, 253, 254, 255, 256, 257, 258, 259, 260, 280, 340, 373, 374, 375, 376, 377, 459, 460, 461, 462, 500, 501, 539, 540, 541, 542, 543, 544, 545, 546, 547, 548, 549, 550, 552, 622, 708, 709, 710, 711, 712, 713, 714, 715, 716, 717, 718, 719, 720, 739, 796, 823, 824, 825, 826, 827, 906, 907, 908, 909]","[514, 4, 516, 517, 11, 523, 525, 15, 16, 529, 18, 532, 21, 533, 23, 536, 26, 27, 28, 538, 539, 31, 540, 545, 546, 35, 36, 541, 542, 543, 552, 544, 547, 43, 548, 45, 549, 550, 561, 52, 565, 55, 56, 568, 60, 62, 64, 65, 66, 67, 68, 69, 70, 71, 72, 73, 74, 75, 76, 77, 78, 80, 90, 94, 97, 622, 634, 654, 151, 668, 162, 183, 696, 708, 197, 709, 710, 711, 712, 713, 714, 715, 716, 717, 718, 719, 720, 739, 232, 244, 245, 246, 247, 248, 249, 250, 251, 252, 253, 254, 255, 256, 257, 258, 259, 260, 790, 280, 796, 823, 824, 825, 826, 827, 334, 340, 857, 878, 373, 374, 375, 376, 377, 902, 906, 907, 908, 909, 919, 928, 929, 932, 934, 935, 426, 455, 459, 460, 461, 462, 472, 477, 478, 480, 483, 484, 490, 496, 500, 501, 505, 507, 509, 510, 511]",False,[],[],[],"[162, 634]","[4, 11, 18, 21, 23, 26, 27, 28, 31, 35, 36, 43, 45, 52, 55, 56, 60, 62, 64, 70, 71, 80, 90, 94, 97, 183, 197, 232, 334, 426, 455, 472, 477, 478, 480, 483, 484, 490, 496, 505, 507, 509, 510, 511, 514, 516, 517, 523, 525, 529, 532, 533, 536, 538, 545, 546, 552, 561, 565, 568, 654, 668, 696, 790, 857, 878, 902, 919, 928, 929, 932, 934, 935]","[15, 16, 65, 66, 67, 68, 69, 70, 71, 72, 73, 74, 75, 76, 77, 78, 80, 151, 244, 245, 246, 247, 248, 249, 250, 251, 252, 253, 254, 255, 256, 257, 258, 259, 260, 280, 340, 373, 374, 375, 376, 377, 459, 460, 461, 462, 500, 501, 539, 540, 541, 542, 543, 544, 545, 546, 547, 548, 549, 550, 552, 622, 708, 709, 710, 711, 712, 713, 714, 715, 716, 717, 718, 719, 720, 739, 796, 823, 824, 825, 826, 827, 906, 907, 908, 909]","[15, 16, 65, 66, 67, 68, 69, 70, 71, 72, 73, 74, 75, 76, 80, 151, 245, 246, 247, 248, 249, 250, 251, 252, 253, 254, 255, 256, 257, 258, 259, 280, 340, 373, 374, 375, 376, 377, 459, 460, 461, 462, 500, 501, 539, 540, 541, 542, 543, 544, 545, 546, 547, 548, 549, 550, 552, 622, 708, 709, 710, 711, 712, 713, 714, 715, 716, 717, 718, 719, 720, 739, 796, 823, 824, 825, 826, 827, 906, 907, 908, 909]",0/6 successful match,False,,False,206,False,,1.0,True,Pilot Travel Center # 305,Pilot
D Jamestown ( 87347 ) Pilot Travel Center # 305,505-722-6655 I-40 Exit 39,Pilot <U+2610> XL 24 HRS 24 HRAS,Jamestown,87347,Pilot Travel Center # 305,505-722-6655,2016,Jamestown,NM,Pilot,,I-40 Exit 39,Exit,39,False,,False,I-40,,,,,[],[],[],"[162, 634]",[],"[4, 11, 18, 21, 23, 26, 27, 28, 31, 35, 36, 43, 45, 52, 55, 56, 60, 62, 64, 70, 71, 80, 90, 94, 97, 183, 197, 232, 334, 426, 455, 472, 477, 478, 480, 483, 484, 490, 496, 505, 507, 509, 510, 511, 514, 516, 517, 523, 525, 529, 532, 533, 536, 538, 545, 546, 552, 561, 565, 568, 654, 668, 696, 790, 857, 878, 902, 919, 928, 929, 932, 934, 935]","[15, 16, 65, 66, 67, 68, 69, 70, 71, 72, 73, 74, 75, 76, 80, 151, 245, 246, 247, 248, 249, 250, 251, 252, 253, 254, 255, 256, 257, 258, 259, 280, 340, 373, 374, 375, 376, 377, 459, 460, 461, 462, 500, 501, 539, 540, 541, 542, 543, 544, 545, 546, 547, 548, 549, 550, 552, 622, 708, 709, 710, 711, 712, 713, 714, 715, 716, 717, 718, 719, 720, 739, 796, 823, 824, 825, 826, 827, 906, 907, 908, 909]","[15, 16, 65, 66, 67, 68, 69, 70, 71, 72, 73, 74, 75, 76, 77, 78, 80, 151, 244, 245, 246, 247, 248, 249, 250, 251, 252, 253, 254, 255, 256, 257, 258, 259, 260, 280, 340, 373, 374, 375, 376, 377, 459, 460, 461, 462, 500, 501, 539, 540, 541, 542, 543, 544, 545, 546, 547, 548, 549, 550, 552, 622, 708, 709, 710, 711, 712, 713, 714, 715, 716, 717, 718, 719, 720, 739, 796, 823, 824, 825, 826, 827, 906, 907, 908, 909]","[514, 4, 516, 517, 11, 523, 525, 15, 16, 529, 18, 532, 21, 533, 23, 536, 26, 27, 28, 538, 539, 31, 540, 545, 546, 35, 36, 541, 542, 543, 552, 544, 547, 43, 548, 45, 549, 550, 561, 52, 565, 55, 56, 568, 60, 62, 64, 65, 66, 67, 68, 69, 70, 71, 72, 73, 74, 75, 76, 77, 78, 80, 90, 94, 97, 622, 634, 654, 151, 668, 162, 183, 696, 708, 197, 709, 710, 711, 712, 713, 714, 715, 716, 717, 718, 719, 720, 739, 232, 244, 245, 246, 247, 248, 249, 250, 251, 252, 253, 254, 255, 256, 257, 258, 259, 260, 790, 280, 796, 823, 824, 825, 826, 827, 334, 340, 857, 878, 373, 374, 375, 376, 377, 902, 906, 907, 908, 909, 919, 928, 929, 932, 934, 935, 426, 455, 459, 460, 461, 462, 472, 477, 478, 480, 483, 484, 490, 496, 500, 501, 505, 507, 509, 510, 511]",False,[],[],[],"[162, 634]","[4, 11, 18, 21, 23, 26, 27, 28, 31, 35, 36, 43, 45, 52, 55, 56, 60, 62, 64, 70, 71, 80, 90, 94, 97, 183, 197, 232, 334, 426, 455, 472, 477, 478, 480, 483, 484, 490, 496, 505, 507, 509, 510, 511, 514, 516, 517, 523, 525, 529, 532, 533, 536, 538, 545, 546, 552, 561, 565, 568, 654, 668, 696, 790, 857, 878, 902, 919, 928, 929, 932, 934, 935]","[15, 16, 65, 66, 67, 68, 69, 70, 71, 72, 73, 74, 75, 76, 77, 78, 80, 151, 244, 245, 246, 247, 248, 249, 250, 251, 252, 253, 254, 255, 256, 257, 258, 259, 260, 280, 340, 373, 374, 375, 376, 377, 459, 460, 461, 462, 500, 501, 539, 540, 541, 542, 543, 544, 545, 546, 547, 548, 549, 550, 552, 622, 708, 709, 710, 711, 712, 713, 714, 715, 716, 717, 718, 719, 720, 739, 796, 823, 824, 825, 826, 827, 906, 907, 908, 909]","[15, 16, 65, 66, 67, 68, 69, 70, 71, 72, 73, 74, 75, 76, 80, 151, 245, 246, 247, 248, 249, 250, 251, 252, 253, 254, 255, 256, 257, 258, 259, 280, 340, 373, 374, 375, 376, 377, 459, 460, 461, 462, 500, 501, 539, 540, 541, 542, 543, 544, 545, 546, 547, 548, 549, 550, 552, 622, 708, 709, 710, 711, 712, 713, 714, 715, 716, 717, 718, 719, 720, 739, 796, 823, 824, 825, 826, 827, 906, 907, 908, 909]",0/6 successful match,False,,False,206,False,,1.0,True,Pilot Travel Center # 305,Pilot
"B Farmington , 87401 Huntington Broadway Conoco",505-327-5611 520 US 64 E,S,Farmington,87401,Huntington Broadway Conoco,505-327-5611,2006,Farmington,NM,Conoco,,520 US 64 E,Proper,,False,,False,US 64,,,,,[],[],[],[],[],[],"[3, 27, 349, 406, 451, 489, 510, 804, 855, 898]","[3, 27, 132, 286, 349, 406, 451, 489, 510, 603, 745, 804, 855, 898]","[898, 3, 451, 804, 132, 489, 745, 406, 855, 603, 27, 349, 510, 286]",False,[],[],[],[],[],"[3, 27, 132, 286, 349, 406, 451, 489, 510, 603, 745, 804, 855, 898]","[3, 27, 349, 406, 451, 489, 510, 804, 855, 898]",0/6 successful match,False,,False,207,False,,,,,
"B Farmington , 87401 Huntington Broadway Conoco",505-327-5611 520 US 64 E,S,Farmington,87401,Huntington Broadway Conoco,505-327-5611,2007,Farmington,NM,Conoco,,520 US 64 E,Proper,,False,,False,US 64,,,,,[],[],[],[],[],[],"[3, 27, 349, 406, 451, 489, 510, 804, 855, 898]","[3, 27, 132, 286, 349, 406, 451, 489, 510, 603, 745, 804, 855, 898]","[898, 3, 451, 804, 132, 489, 745, 406, 855, 603, 27, 349, 510, 286]",False,[],[],[],[],[],"[3, 27, 132, 286, 349, 406, 451, 489, 510, 603, 745, 804, 855, 898]","[3, 27, 349, 406, 451, 489, 510, 804, 855, 898]",0/6 successful match,False,,False,207,False,,1.0,True,Huntington Broadway Conoco,Conoco
"Farmington , 87401 Huntington",505-327-5611 520 US 64 Broadway E Conoco,HRS <U+2610> S <U+2610> <U+25A1> <U+25A1>,Farmington,87401,Huntington,505-327-5611,2008,Farmington,NM,,,520 US 64 Broadway E Conoco,Proper,,False,,False,US 64,,,,,[],[],[],[],[],[],[],[],[],False,[],[],[],[],[],[],[],0/6 successful match,False,,False,207,False,,0.5,True,Huntington Broadway Conoco,Conoco
Farmington ( 87401 ) Broadway Conoco,505-327-5611 520 US 64 E,<U+2610> S <U+2610> <U+25A1>,Farmington,87401,Broadway Conoco,505-327-5611,2014,Farmington,NM,Conoco,,520 US 64 E,Proper,,False,,False,US 64,,,,,[],[],[],[],[],[],"[3, 27, 349, 406, 451, 489, 510, 804, 855, 898]","[3, 27, 132, 286, 349, 406, 451, 489, 510, 603, 745, 804, 855, 898]","[898, 3, 451, 804, 132, 489, 745, 406, 855, 603, 27, 349, 510, 286]",False,[],[],[],[],[],"[3, 27, 132, 286, 349, 406, 451, 489, 510, 603, 745, 804, 855, 898]","[3, 27, 349, 406, 451, 489, 510, 804, 855, 898]",0/6 successful match,False,,False,207,True,2014,0.08,True,Huntington,
B Farmington ( 87401 ) Broadway Conoco,505-327-5611 520 US 64 E,S <U+25A1> <U+25A1>,Farmington,87401,Broadway Conoco,505-327-5611,2015,Farmington,NM,Conoco,,520 US 64 E,Proper,,False,,False,US 64,,,,,[],[],[],[],[],[],"[3, 27, 349, 406, 451, 489, 510, 804, 855, 898]","[3, 27, 132, 286, 349, 406, 451, 489, 510, 603, 745, 804, 855, 898]","[898, 3, 451, 804, 132, 489, 745, 406, 855, 603, 27, 349, 510, 286]",False,[],[],[],[],[],"[3, 27, 132, 286, 349, 406, 451, 489, 510, 603, 745, 804, 855, 898]","[3, 27, 349, 406, 451, 489, 510, 804, 855, 898]",0/6 successful match,False,,False,207,False,,1.0,True,Broadway Conoco,Conoco
B Farmington ( 87401 ) Broadway Conoco,505-327-5611 520 US 64 E,S <U+25A1>,Farmington,87401,Broadway Conoco,505-327-5611,2016,Farmington,NM,Conoco,,520 US 64 E,Proper,,False,,False,US 64,,,,,[],[],[],[],[],[],"[3, 27, 349, 406, 451, 489, 510, 804, 855, 898]","[3, 27, 132, 286, 349, 406, 451, 489, 510, 603, 745, 804, 855, 898]","[898, 3, 451, 804, 132, 489, 745, 406, 855, 603, 27, 349, 510, 286]",False,[],[],[],[],[],"[3, 27, 132, 286, 349, 406, 451, 489, 510, 603, 745, 804, 855, 898]","[3, 27, 349, 406, 451, 489, 510, 804, 855, 898]",0/6 successful match,False,,False,207,False,,1.0,True,Broadway Conoco,Conoco
"Aztec , 87410 Sundial # 7",505-334-3114 1315 US 550 & NM 574,S,Aztec,87410,Sundial # 7,505-334-3114,2006,Aztec,NM,,,1315 US 550 & NM 574,Proper,,False,,False,US 550,NM 574,,,,[],[],[],[],[],"[299, 381, 758, 831]",[],[],"[299, 381, 758, 831]",False,[],[],[],[],"[299, 381, 758, 831]",[],[],0/6 successful match,False,,False,208,False,,,,,
"Aztec , 87410 Sundial # 7 ( Giant )",505-334-3114 1315 US 550 & NM 574,S <U+2610> <U+25A1>,Aztec,87410,Sundial # 7 ( Giant ),505-334-3114,2007,Aztec,NM,,,1315 US 550 & NM 574,Proper,,False,,False,US 550,NM 574,,,,[],[],[],[],[],"[299, 381, 758, 831]",[],[],"[299, 381, 758, 831]",False,[],[],[],[],"[299, 381, 758, 831]",[],[],0/6 successful match,False,,False,208,False,,0.60625,True,Sundial # 7,
"Aztec , 87410 Sundial # 7 ( Conoco ) [",2 505-334-3114 1315 US 550 & NM 574,124 [ HORS NS S,Aztec,87410,Sundial # 7 ( Conoco ) [,505-334-3114,2008,Aztec,NM,Conoco,,1315 US 550 & NM 574,Proper,,False,,False,US 550,NM 574,,,,[],[],[],[],[],"[299, 381, 758, 831]","[3, 27, 349, 406, 451, 489, 510, 804, 855, 898]","[3, 27, 349, 406, 451, 489, 510, 804, 855, 898]","[898, 3, 451, 804, 489, 299, 855, 758, 406, 27, 349, 381, 510, 831]",False,[],[],[],[],"[299, 381, 758, 831]","[3, 27, 349, 406, 451, 489, 510, 804, 855, 898]","[3, 27, 349, 406, 451, 489, 510, 804, 855, 898]",0/6 successful match,False,,False,208,False,,0.56,True,Sundial # 7 ( Giant ),
Aztec ( 87410 ) Giant # 707 ( Conoco ),505-334-3114 1315 US 550 & NM 574,<U+2610> <U+25A1> <U+2610>,Aztec,87410,Giant # 707 ( Conoco ),505-334-3114,2014,Aztec,NM,Conoco,,1315 US 550 & NM 574,Proper,,False,,False,US 550,NM 574,,,,[],[],[],[],[],"[299, 381, 758, 831]","[3, 27, 349, 406, 451, 489, 510, 804, 855, 898]","[3, 27, 349, 406, 451, 489, 510, 804, 855, 898]","[898, 3, 451, 804, 489, 299, 855, 758, 406, 27, 349, 381, 510, 831]",False,[],[],[],[],"[299, 381, 758, 831]","[3, 27, 349, 406, 451, 489, 510, 804, 855, 898]","[3, 27, 349, 406, 451, 489, 510, 804, 855, 898]",0/6 successful match,False,,False,208,False,,0.5217391304347826,True,Sundial # 7 ( Conoco ) [,Conoco
Aztec ( 87410 ) Giant # 707 ( Conoco ) ),2 505-334-3114 1315 US 550 & NM 574,24 <U+2610> <U+25A1>,Aztec,87410,Giant # 707 ( Conoco ) ),505-334-3114,2015,Aztec,NM,Conoco,,1315 US 550 & NM 574,Proper,,False,,False,US 550,NM 574,,,,[],[],[],[],[],"[299, 381, 758, 831]","[3, 27, 349, 406, 451, 489, 510, 804, 855, 898]","[3, 27, 349, 406, 451, 489, 510, 804, 855, 898]","[898, 3, 451, 804, 489, 299, 855, 758, 406, 27, 349, 381, 510, 831]",False,[],[],[],[],"[299, 381, 758, 831]","[3, 27, 349, 406, 451, 489, 510, 804, 855, 898]","[3, 27, 349, 406, 451, 489, 510, 804, 855, 898]",0/6 successful match,False,,False,208,False,,1.0,True,Giant # 707 ( Conoco ),Conoco
Aztec ( 87410 ) Giant # 707 ( Conoco ) ),2 505-334-3114 1315 US 550 & NM 574,"HRS 24 "" D",Aztec,87410,Giant # 707 ( Conoco ) ),505-334-3114,2016,Aztec,NM,Conoco,,1315 US 550 & NM 574,Proper,,False,,False,US 550,NM 574,,,,[],[],[],[],[],"[299, 381, 758, 831]","[3, 27, 349, 406, 451, 489, 510, 804, 855, 898]","[3, 27, 349, 406, 451, 489, 510, 804, 855, 898]","[898, 3, 451, 804, 489, 299, 855, 758, 406, 27, 349, 381, 510, 831]",False,[],[],[],[],"[299, 381, 758, 831]","[3, 27, 349, 406, 451, 489, 510, 804, 855, 898]","[3, 27, 349, 406, 451, 489, 510, 804, 855, 898]",0/6 successful match,False,,False,208,False,,1.0,True,Giant # 707 ( Conoco ) ),Conoco
"B Bloomfield , 87413 Lone Star Truck Stop ( 66 )",505-632-2975 6176 US 64 W ( 2 mi W of NM 44 ),M <U+25A1>,Bloomfield,87413,Lone Star Truck Stop ( 66 ),505-632-2975,2006,Bloomfield,NM,,( 2 mi W of NM 44 ),6176 US 64 W,Proper,,False,,False,US 64,,,,,[],[],[],[],[],[],[],"[133, 401, 402, 424, 427, 464, 469, 604, 850, 851, 876, 879, 911, 916]","[133, 424, 427, 876, 879, 464, 401, 402, 850, 851, 469, 911, 916, 604]",False,[],[],[],[],[],"[133, 401, 402, 424, 427, 464, 469, 604, 850, 851, 876, 879, 911, 916]",[],0/6 successful match,False,,False,209,False,,,,,
"B Bloomfield , 87413 Giant # 6803 ( 66 )",505-632-2975 6176 US 64 W ( 2 mi W of NM 44 ),M <U+2610>,Bloomfield,87413,Giant # 6803 ( 66 ),505-632-2975,2007,Bloomfield,NM,,( 2 mi W of NM 44 ),6176 US 64 W,Proper,,False,,False,US 64,,,,,[],[],[],[],[],[],[],"[401, 402, 424, 427, 464, 469, 850, 851, 876, 879, 911, 916]","[424, 427, 876, 879, 464, 401, 402, 850, 851, 469, 911, 916]",False,[],[],[],[],[],"[401, 402, 424, 427, 464, 469, 850, 851, 876, 879, 911, 916]",[],0/6 successful match,False,,False,209,False,,0.4104347826086957,True,Lone Star Truck Stop ( 66 ),
"Bloomfield , 87413 Giant # 6803",21505-632-2975 6176 US 64 W ( 2 mi W of NM 44 ),24 M <U+2610><U+2610><U+2610> <U+2610>,Bloomfield,87413,Giant # 6803,505-632-2975,2008,Bloomfield,NM,,( 2 mi W of NM 44 ),6176 US 64 W,Proper,,False,,False,US 64,,,,,[],[],[],[],[],[],[],[],[],False,[],[],[],[],[],[],[],0/6 successful match,False,,False,209,False,,0.9989247311827957,True,Giant # 6803 ( 66 ),
B Bloomfield ( 87413 ) Giant # 6803 ( 66 ) ),505-632-2975 6176 US 64 W ( 2 mi W of US 550 ),24 M <U+2610> <U+25A1> <U+25A1>,Bloomfield,87413,Giant # 6803 ( 66 ) ),505-632-2975,2014,Bloomfield,NM,,( 2 mi W of US 550 ),6176 US 64 W,Proper,,False,,False,US 64,,,,,[],[],[],[],[],[],[],"[401, 402, 424, 427, 464, 469, 850, 851, 876, 879, 911, 916]","[424, 427, 876, 879, 464, 401, 402, 850, 851, 469, 911, 916]",False,[],[],[],[],[],"[401, 402, 424, 427, 464, 469, 850, 851, 876, 879, 911, 916]",[],0/6 successful match,False,,False,209,False,,0.9848484848484849,True,Giant # 6803,
Bloomfield ( 87413 ) Giant # 6803 ( 66 ) 516 ),2 505-632-2975 6176 US 64 W ( 2 mi,24 M <U+2610> <U+25A1>,Bloomfield,87413,Giant # 6803 ( 66 ) 516 ),505-632-2975,2015,Bloomfield,NM,,( 2 mi,6176 US 64 W,Proper,,False,,False,US 64,,,,,[],[],[],[],[],[],[],"[401, 402, 424, 427, 464, 469, 850, 851, 876, 879, 911, 916]","[424, 427, 876, 879, 464, 401, 402, 850, 851, 469, 911, 916]",False,[],[],[],[],[],"[401, 402, 424, 427, 464, 469, 850, 851, 876, 879, 911, 916]",[],0/6 successful match,False,,False,209,False,,1.0,True,Giant # 6803 ( 66 ) ),
B Bloomfield ( 87413 ) Giant # 6803 ( 66 ),2 505-632-2975 6176 US 64 W ( 2 mi W of US 550 ),24 M 0,Bloomfield,87413,Giant # 6803 ( 66 ),505-632-2975,2016,Bloomfield,NM,,( 2 mi W of US 550 ),6176 US 64 W,Proper,,False,,False,US 64,,,,,[],[],[],[],[],[],[],"[401, 402, 424, 427, 464, 469, 850, 851, 876, 879, 911, 916]","[424, 427, 876, 879, 464, 401, 402, 850, 851, 469, 911, 916]",False,[],[],[],[],[],"[401, 402, 424, 427, 464, 469, 850, 851, 876, 879, 911, 916]",[],0/6 successful match,False,,False,209,False,,1.0,True,Giant # 6803 ( 66 ) 516 ),
"B Bloomfield , 87413 Sundial # 3",505-632-3001 121 US 550 / US 64 S,HRS 24 <U+2610>,Bloomfield,87413,Sundial # 3,505-632-3001,2006,Bloomfield,NM,,,121 US 550 / US 64 S,Proper,,False,,False,US 550,,64,,,[],[],[],"[91, 356, 562, 811]",[],"[299, 758]",[],[],"[356, 811, 299, 562, 758, 91]",False,[],[],[],"[91, 356, 562, 811]","[299, 758]",[],[],0/6 successful match,False,,False,210,False,,,,,
"B Bloomfield , 87413 Sundial # 3 ( Conoco )",505-632-3001 121 US 550 / US 64 S,,Bloomfield,87413,Sundial # 3 ( Conoco ),505-632-3001,2007,Bloomfield,NM,Conoco,,121 US 550 / US 64 S,Proper,,False,,False,US 550,,64,,,[],[],[],"[91, 356, 562, 811]",[],"[299, 758]","[3, 27, 349, 406, 451, 489, 510, 804, 855, 898]","[3, 27, 349, 406, 451, 489, 510, 804, 855, 898]","[898, 3, 356, 451, 804, 27, 489, 811, 299, 855, 562, 758, 406, 91, 349, 510]",False,[],[],[],"[91, 356, 562, 811]","[299, 758]","[3, 27, 349, 406, 451, 489, 510, 804, 855, 898]","[3, 27, 349, 406, 451, 489, 510, 804, 855, 898]",0/6 successful match,False,,False,210,False,,0.6000000000000001,True,Sundial # 3,
"B Bloomfield , 87413 Sundial # 3 ( Conoco )",2 505-632-3001 121 US 550 / US 64 S,24 HORS <U+2610><U+2610> D <U+2610> <U+2610>,Bloomfield,87413,Sundial # 3 ( Conoco ),505-632-3001,2008,Bloomfield,NM,Conoco,,121 US 550 / US 64 S,Proper,,False,,False,US 550,,64,,,[],[],[],"[91, 356, 562, 811]",[],"[299, 758]","[3, 27, 349, 406, 451, 489, 510, 804, 855, 898]","[3, 27, 349, 406, 451, 489, 510, 804, 855, 898]","[898, 3, 356, 451, 804, 27, 489, 811, 299, 855, 562, 758, 406, 91, 349, 510]",False,[],[],[],"[91, 356, 562, 811]","[299, 758]","[3, 27, 349, 406, 451, 489, 510, 804, 855, 898]","[3, 27, 349, 406, 451, 489, 510, 804, 855, 898]",0/6 successful match,False,,False,210,False,,1.0,True,Sundial # 3 ( Conoco ),Conoco
Bloomfield ( 87413 ) Sundial # 703 ( Conoco ),505-632-3001 US 550 & US 64 ( W junction ),24 <U+2610>,Bloomfield,87413,Sundial # 703 ( Conoco ),505-632-3001,2014,Bloomfield,NM,Conoco,( W junction ),US 550 & US 64,empty,,False,,False,US 550,US 64,,,,[],[],[],[],[],"[299, 758]","[3, 27, 349, 406, 451, 489, 510, 804, 855, 898]","[3, 27, 349, 406, 451, 489, 510, 804, 855, 898]","[898, 3, 451, 804, 489, 299, 855, 758, 406, 27, 349, 510]",False,[],[],[],[],"[299, 758]","[3, 27, 349, 406, 451, 489, 510, 804, 855, 898]","[3, 27, 349, 406, 451, 489, 510, 804, 855, 898]",0/6 successful match,False,,False,210,False,,1.0,True,Sundial # 3 ( Conoco ),Conoco
B Bloomfield ( 87413 ) Sundial # 703 ( Conoco ) US 550 ),2 505-632-3001 US 550 & US 64 ( W,24 Ze S O,Bloomfield,87413,Sundial # 703 ( Conoco ) US 550 ),505-632-3001,2015,Bloomfield,NM,Conoco,( W,US 550 & US 64,empty,,False,,False,US 550,US 64,,,,[],[],[],[],[],"[299, 758]","[3, 27, 349, 406, 451, 489, 510, 804, 855, 898]","[3, 27, 349, 406, 451, 489, 510, 804, 855, 898]","[898, 3, 451, 804, 489, 299, 855, 758, 406, 27, 349, 510]",False,[],[],[],[],"[299, 758]","[3, 27, 349, 406, 451, 489, 510, 804, 855, 898]","[3, 27, 349, 406, 451, 489, 510, 804, 855, 898]",0/6 successful match,False,,False,210,False,,1.0,True,Sundial # 703 ( Conoco ),Conoco
B Bloomfield ( 87413 ) Sundial # 703 ( Conoco ) US 550 ),505-632-3001 US 550 & US 64 ( W junction ),24 S,Bloomfield,87413,Sundial # 703 ( Conoco ) US 550 ),505-632-3001,2016,Bloomfield,NM,Conoco,( W junction ),US 550 & US 64,empty,,False,,False,US 550,US 64,,,,[],[],[],[],[],"[299, 758]","[3, 27, 349, 406, 451, 489, 510, 804, 855, 898]","[3, 27, 349, 406, 451, 489, 510, 804, 855, 898]","[898, 3, 451, 804, 489, 299, 855, 758, 406, 27, 349, 510]",False,[],[],[],[],"[299, 758]","[3, 27, 349, 406, 451, 489, 510, 804, 855, 898]","[3, 27, 349, 406, 451, 489, 510, 804, 855, 898]",0/6 successful match,False,,False,210,False,,1.0,True,Sundial # 703 ( Conoco ) US 550 ),Conoco
"B Kirtland , 87417 Sundial # 9",505-598-6168 4199 US 64,<U+2610> S,Kirtland,87417,Sundial # 9,505-598-6168,2006,Kirtland,NM,,,4199 US 64,Proper,,False,,False,US 64,,,,,[],[],[],[],[],[],[],[],[],False,[],[],[],[],[],[],[],0/6 successful match,False,,False,211,False,,,,,
"B Kirtland , 87417 Sundial # 9",505-598-6168 4199 US 64,<U+2610><U+2610>,Kirtland,87417,Sundial # 9,505-598-6168,2007,Kirtland,NM,,,4199 US 64,Proper,,False,,False,US 64,,,,,[],[],[],[],[],[],[],[],[],False,[],[],[],[],[],[],[],0/6 successful match,False,,False,211,False,,0.8999999999999999,True,Sundial # 9,
"B Kirtland , 87417 Sundial # 9 ( Conoco )",1 505-598-6168 4199 US 64,24 HRS <U+2610> <U+25A1> <U+25A1> <U+2610>,Kirtland,87417,Sundial # 9 ( Conoco ),505-598-6168,2008,Kirtland,NM,Conoco,,4199 US 64,Proper,,False,,False,US 64,,,,,[],[],[],[],[],[],"[3, 27, 349, 406, 451, 489, 510, 804, 855, 898]","[3, 27, 349, 406, 451, 489, 510, 804, 855, 898]","[898, 3, 451, 804, 489, 406, 855, 27, 349, 510]",False,[],[],[],[],[],"[3, 27, 349, 406, 451, 489, 510, 804, 855, 898]","[3, 27, 349, 406, 451, 489, 510, 804, 855, 898]",0/6 successful match,False,,False,211,False,,0.6000000000000001,True,Sundial # 9,
B Kirtland ( 87417 ) Sundial # 709 ( Conoco ),505-598-6168 4199 US 64,24 S,Kirtland,87417,Sundial # 709 ( Conoco ),505-598-6168,2014,Kirtland,NM,Conoco,,4199 US 64,Proper,,False,,False,US 64,,,,,[],[],[],[],[],[],"[3, 27, 349, 406, 451, 489, 510, 804, 855, 898]","[3, 27, 349, 406, 451, 489, 510, 804, 855, 898]","[898, 3, 451, 804, 489, 406, 855, 27, 349, 510]",False,[],[],[],[],[],"[3, 27, 349, 406, 451, 489, 510, 804, 855, 898]","[3, 27, 349, 406, 451, 489, 510, 804, 855, 898]",0/6 successful match,False,,False,211,False,,1.0,True,Sundial # 9 ( Conoco ),Conoco
B Kirtland ( 87417 ) Giant # 709 ( Conoco ),505-598-6168 4199 US 64,24 S O <U+2610>,Kirtland,87417,Giant # 709 ( Conoco ),505-598-6168,2015,Kirtland,NM,Conoco,,4199 US 64,Proper,,False,,False,US 64,,,,,[],[],[],[],[],[],"[3, 27, 349, 406, 451, 489, 510, 804, 855, 898]","[3, 27, 349, 406, 451, 489, 510, 804, 855, 898]","[898, 3, 451, 804, 489, 406, 855, 27, 349, 510]",False,[],[],[],[],[],"[3, 27, 349, 406, 451, 489, 510, 804, 855, 898]","[3, 27, 349, 406, 451, 489, 510, 804, 855, 898]",0/6 successful match,False,,False,211,False,,0.9478260869565217,True,Sundial # 709 ( Conoco ),Conoco
B Kirtland ( 87417 ) Giant # 709 ( Conoco ),505-598-6168 4199 US 64,24 S <U+2610> D <U+25A1>,Kirtland,87417,Giant # 709 ( Conoco ),505-598-6168,2016,Kirtland,NM,Conoco,,4199 US 64,Proper,,False,,False,US 64,,,,,[],[],[],[],[],[],"[3, 27, 349, 406, 451, 489, 510, 804, 855, 898]","[3, 27, 349, 406, 451, 489, 510, 804, 855, 898]","[898, 3, 451, 804, 489, 406, 855, 27, 349, 510]",False,[],[],[],[],[],"[3, 27, 349, 406, 451, 489, 510, 804, 855, 898]","[3, 27, 349, 406, 451, 489, 510, 804, 855, 898]",0/6 successful match,False,,False,211,False,,1.0,True,Giant # 709 ( Conoco ),Conoco
"Las Vegas , 87701 Tenorio's Travel Center ( 66 )",505-425-0848 I-25 Exit 339,49 <U+2610> MOO,Las Vegas,87701,Tenorio's Travel Center ( 66 ),505-425-0848,2006,Las Vegas,NM,,,I-25 Exit 339,Exit,339,False,,False,I-25,,,,,[],[],"[356, 363, 365, 367, 370, 375, 381, 391, 396, 811, 818, 820, 825, 831, 841, 846]",[],[],"[108, 353, 430, 584, 808, 882]",[],"[401, 402, 424, 427, 464, 469, 850, 851, 876, 879, 911, 916]","[391, 396, 911, 401, 402, 916, 808, 424, 811, 427, 430, 818, 820, 825, 831, 584, 841, 846, 464, 850, 851, 469, 353, 356, 363, 108, 365, 876, 367, 879, 370, 882, 375, 381]",False,[],[],"[356, 363, 365, 367, 370, 375, 381, 391, 396, 811, 818, 820, 825, 831, 841, 846]",[],"[108, 353, 430, 584, 808, 882]","[401, 402, 424, 427, 464, 469, 850, 851, 876, 879, 911, 916]",[],0/6 successful match,False,,False,212,False,,,,,
"Las Vegas , 87701 Tenorio's Travel Center ( 66 )",505-425-0848 I-25 Exit 339,M,Las Vegas,87701,Tenorio's Travel Center ( 66 ),505-425-0848,2007,Las Vegas,NM,,,I-25 Exit 339,Exit,339,False,,False,I-25,,,,,[],[],"[356, 363, 365, 367, 370, 375, 381, 391, 396, 811, 818, 820, 825, 831, 841, 846]",[],[],"[108, 353, 430, 584, 808, 882]",[],"[401, 402, 424, 427, 464, 469, 850, 851, 876, 879, 911, 916]","[391, 396, 911, 401, 402, 916, 808, 424, 811, 427, 430, 818, 820, 825, 831, 584, 841, 846, 464, 850, 851, 469, 353, 356, 363, 108, 365, 876, 367, 879, 370, 882, 375, 381]",False,[],[],"[356, 363, 365, 367, 370, 375, 381, 391, 396, 811, 818, 820, 825, 831, 841, 846]",[],"[108, 353, 430, 584, 808, 882]","[401, 402, 424, 427, 464, 469, 850, 851, 876, 879, 911, 916]",[],0/6 successful match,False,,False,212,False,,1.0,True,Tenorio's Travel Center ( 66 ),
"Vegas , 87701 Tenorio's Travel Center ( 66 )",DLas 5 505-425-0848 I-25 Exit 339,M <U+2610> <U+2610> <U+2610>,Vegas,87701,Tenorio's Travel Center ( 66 ),505-425-0848,2008,Las Vegas,NM,,,I-25 Exit 339,Exit,339,False,,False,I-25,,,,,[],[],"[356, 363, 365, 367, 370, 375, 381, 391, 396, 811, 818, 820, 825, 831, 841, 846]",[],[],"[108, 353, 430, 584, 808, 882]",[],"[401, 402, 424, 427, 464, 469, 850, 851, 876, 879, 911, 916]","[391, 396, 911, 401, 402, 916, 808, 424, 811, 427, 430, 818, 820, 825, 831, 584, 841, 846, 464, 850, 851, 469, 353, 356, 363, 108, 365, 876, 367, 879, 370, 882, 375, 381]",False,[],[],"[356, 363, 365, 367, 370, 375, 381, 391, 396, 811, 818, 820, 825, 831, 841, 846]",[],"[108, 353, 430, 584, 808, 882]","[401, 402, 424, 427, 464, 469, 850, 851, 876, 879, 911, 916]",[],0/6 successful match,False,,False,212,False,,1.0,True,Tenorio's Travel Center ( 66 ),
D Romeroville ( 87701 ) Giant # 6078 ( 66 ),505-425-0848 I-25 Exit 339,M,Romeroville,87701,Giant # 6078 ( 66 ),505-425-0848,2014,Las Vegas,NM,,,I-25 Exit 339,Exit,339,False,,False,I-25,,,,,[],[],"[356, 363, 365, 367, 370, 375, 381, 391, 396, 811, 818, 820, 825, 831, 841, 846]",[],[],"[108, 353, 430, 584, 808, 882]",[],"[401, 402, 424, 427, 464, 469, 850, 851, 876, 879, 911, 916]","[391, 396, 911, 401, 402, 916, 808, 424, 811, 427, 430, 818, 820, 825, 831, 584, 841, 846, 464, 850, 851, 469, 353, 356, 363, 108, 365, 876, 367, 879, 370, 882, 375, 381]",False,[],[],"[356, 363, 365, 367, 370, 375, 381, 391, 396, 811, 818, 820, 825, 831, 841, 846]",[],"[108, 353, 430, 584, 808, 882]","[401, 402, 424, 427, 464, 469, 850, 851, 876, 879, 911, 916]",[],0/6 successful match,False,,False,212,False,,0.41469387755102044,True,Tenorio's Travel Center ( 66 ),
D Romeroville ( 87701 ) Giant # 6078 ( 66 ),505-425-0848 I-25 Exit 339,Mo <U+2610>,Romeroville,87701,Giant # 6078 ( 66 ),505-425-0848,2015,Las Vegas,NM,,,I-25 Exit 339,Exit,339,False,,False,I-25,,,,,[],[],"[356, 363, 365, 367, 370, 375, 381, 391, 396, 811, 818, 820, 825, 831, 841, 846]",[],[],"[108, 353, 430, 584, 808, 882]",[],"[401, 402, 424, 427, 464, 469, 850, 851, 876, 879, 911, 916]","[391, 396, 911, 401, 402, 916, 808, 424, 811, 427, 430, 818, 820, 825, 831, 584, 841, 846, 464, 850, 851, 469, 353, 356, 363, 108, 365, 876, 367, 879, 370, 882, 375, 381]",False,[],[],"[356, 363, 365, 367, 370, 375, 381, 391, 396, 811, 818, 820, 825, 831, 841, 846]",[],"[108, 353, 430, 584, 808, 882]","[401, 402, 424, 427, 464, 469, 850, 851, 876, 879, 911, 916]",[],0/6 successful match,False,,False,212,False,,1.0,True,Giant # 6078 ( 66 ),
Romeroville ( 87701 ) Giant # 6078 ( 66 ) ),505-425-0848 I-25 Exit 339,M <U+2610>,Romeroville,87701,Giant # 6078 ( 66 ) ),505-425-0848,2016,Las Vegas,NM,,,I-25 Exit 339,Exit,339,False,,False,I-25,,,,,[],[],"[356, 363, 365, 367, 370, 375, 381, 391, 396, 811, 818, 820, 825, 831, 841, 846]",[],[],"[108, 353, 430, 584, 808, 882]",[],"[401, 402, 424, 427, 464, 469, 850, 851, 876, 879, 911, 916]","[391, 396, 911, 401, 402, 916, 808, 424, 811, 427, 430, 818, 820, 825, 831, 584, 841, 846, 464, 850, 851, 469, 353, 356, 363, 108, 365, 876, 367, 879, 370, 882, 375, 381]",False,[],[],"[356, 363, 365, 367, 370, 375, 381, 391, 396, 811, 818, 820, 825, 831, 841, 846]",[],"[108, 353, 430, 584, 808, 882]","[401, 402, 424, 427, 464, 469, 850, 851, 876, 879, 911, 916]",[],0/6 successful match,False,,False,212,False,,1.0,True,Giant # 6078 ( 66 ),
"Las Vegas , 87701 Pino's Truck Stop ( Fina )",505-425-8387 I-25 Exit 347 ( US 85 N ),<U+2610>,Las Vegas,87701,Pino's Truck Stop ( Fina ),505-425-8387,2006,Las Vegas,NM,,( US 85 N ),I-25 Exit 347 ,Exit,347,False,,False,I-25,,,,,[],[],"[356, 363, 365, 367, 370, 375, 381, 391, 396, 811, 818, 820, 825, 831, 841, 846]",[],[],"[108, 353, 430, 584, 808, 882]",[],[],"[391, 396, 808, 811, 430, 818, 820, 825, 831, 584, 841, 846, 353, 356, 363, 108, 365, 367, 370, 882, 375, 381]",False,[],[],"[356, 363, 365, 367, 370, 375, 381, 391, 396, 811, 818, 820, 825, 831, 841, 846]",[],"[108, 353, 430, 584, 808, 882]",[],[],0/6 successful match,False,,False,213,False,,,,,
"Las Vegas , 87701 Pino's Truck Stop ( Fina )",15505-425-8387 I-25 Exit 347 ( US 85 N ),FRS 24 M,Las Vegas,87701,Pino's Truck Stop ( Fina ),505-425-8387,2007,Las Vegas,NM,,( US 85 N ),I-25 Exit 347 ,Exit,347,False,,False,I-25,,,,,[],[],"[356, 363, 365, 367, 370, 375, 381, 391, 396, 811, 818, 820, 825, 831, 841, 846]",[],[],"[108, 353, 430, 584, 808, 882]",[],[],"[391, 396, 808, 811, 430, 818, 820, 825, 831, 584, 841, 846, 353, 356, 363, 108, 365, 367, 370, 882, 375, 381]",False,[],[],"[356, 363, 365, 367, 370, 375, 381, 391, 396, 811, 818, 820, 825, 831, 841, 846]",[],"[108, 353, 430, 584, 808, 882]",[],[],0/6 successful match,False,,False,213,False,,1.0,True,Pino's Truck Stop ( Fina ),
Pino's Truck Stop,"5 Las 505-425-8387 Vegas , 87701 I-25 Exit 347 ( US 85 N )",24 M <U+2610><U+2610>,,87701,,505-425-8387,2008,Las Vegas,NM,,( US 85 N ),"Vegas, I-25 Exit 347",Exit,347,False,,False,I-25,,,,,[],[],"[356, 363, 365, 367, 370, 375, 381, 391, 396, 811, 818, 820, 825, 831, 841, 846]",[],[],"[108, 353, 430, 584, 808, 882]",[],[],"[391, 396, 808, 811, 430, 818, 820, 825, 831, 584, 841, 846, 353, 356, 363, 108, 365, 367, 370, 882, 375, 381]",False,[],[],"[356, 363, 365, 367, 370, 375, 381, 391, 396, 811, 818, 820, 825, 831, 841, 846]",[],"[108, 353, 430, 584, 808, 882]",[],[],0/6 successful match,False,,False,213,True,2008,0.0,True,Pino's Truck Stop ( Fina ),
D Las Vegas ( 87701 ) Pino's Truck Stop,505-425-8387 I-25 Exit 347 ( US 85 N ),24 S <U+2610> <U+25A1>,Las Vegas,87701,Pino's Truck Stop,505-425-8387,2014,Las Vegas,NM,,( US 85 N ),I-25 Exit 347 ,Exit,347,False,,False,I-25,,,,,[],[],"[356, 363, 365, 367, 370, 375, 381, 391, 396, 811, 818, 820, 825, 831, 841, 846]",[],[],"[108, 353, 430, 584, 808, 882]",[],[],"[391, 396, 808, 811, 430, 818, 820, 825, 831, 584, 841, 846, 353, 356, 363, 108, 365, 367, 370, 882, 375, 381]",False,[],[],"[356, 363, 365, 367, 370, 375, 381, 391, 396, 811, 818, 820, 825, 831, 841, 846]",[],"[108, 353, 430, 584, 808, 882]",[],[],0/6 successful match,False,,False,213,True,2014,0.0,True,,
D Las Vegas ( 87701 ) Pino's Truck Stop,505-425-8387 I-25 Exit 347 ( US 85 N ),24 S <U+2610> <U+2610>,Las Vegas,87701,Pino's Truck Stop,505-425-8387,2015,Las Vegas,NM,,( US 85 N ),I-25 Exit 347 ,Exit,347,False,,False,I-25,,,,,[],[],"[356, 363, 365, 367, 370, 375, 381, 391, 396, 811, 818, 820, 825, 831, 841, 846]",[],[],"[108, 353, 430, 584, 808, 882]",[],[],"[391, 396, 808, 811, 430, 818, 820, 825, 831, 584, 841, 846, 353, 356, 363, 108, 365, 367, 370, 882, 375, 381]",False,[],[],"[356, 363, 365, 367, 370, 375, 381, 391, 396, 811, 818, 820, 825, 831, 841, 846]",[],"[108, 353, 430, 584, 808, 882]",[],[],0/6 successful match,False,,False,213,False,,0.8999999999999999,True,Pino's Truck Stop,
D Las Vegas ( 87701 ) Pino's Truck Stop,505-425-8387 I-25 Exit 347 ( US 85 N ),24 S <U+25A1>,Las Vegas,87701,Pino's Truck Stop,505-425-8387,2016,Las Vegas,NM,,( US 85 N ),I-25 Exit 347 ,Exit,347,False,,False,I-25,,,,,[],[],"[356, 363, 365, 367, 370, 375, 381, 391, 396, 811, 818, 820, 825, 831, 841, 846]",[],[],"[108, 353, 430, 584, 808, 882]",[],[],"[391, 396, 808, 811, 430, 818, 820, 825, 831, 584, 841, 846, 353, 356, 363, 108, 365, 367, 370, 882, 375, 381]",False,[],[],"[356, 363, 365, 367, 370, 375, 381, 391, 396, 811, 818, 820, 825, 831, 841, 846]",[],"[108, 353, 430, 584, 808, 882]",[],[],0/6 successful match,False,,False,213,False,,0.8999999999999999,True,Pino's Truck Stop,
"Alamo , 89001 Alamo Chevron",775-725-3341 US 93 ( MM 38.5 ) & Broadway,,Alamo,89001,Alamo Chevron,775-725-3341,2006,Alamo,NV,Chevron,( MM 38.5 ) & Broadway,US 93,empty,,False,,False,US 93,,,,,"[338, 794]","[338, 794]","[338, 794]",[],"[338, 339, 340, 341, 342, 343, 344, 345, 346, 347, 348, 349, 350, 351, 352, 353, 354, 355, 356, 357, 358, 359, 360, 361, 362, 363, 364, 365, 366, 367, 368, 369, 370, 371, 372, 373, 374, 375, 376, 377, 378, 379, 380, 381, 382, 383, 384, 385, 386, 387, 388, 389, 390, 391, 392, 393, 394, 395, 396, 397, 794, 795, 796, 797, 798, 799, 800, 801, 802, 803, 804, 805, 806, 807, 808, 809, 810, 811, 812, 813, 814, 815, 816, 817, 818, 819, 820, 821, 822, 823, 824, 825, 826, 827, 828, 829, 830, 831, 832, 833, 834, 835, 836, 837, 838, 839, 840, 841, 842, 843, 844, 845, 846, 847]","[2, 30, 58, 98, 338, 344, 357, 358, 361, 379, 380, 488, 513, 531, 569, 794, 800, 812, 813, 829, 830]","[12, 24, 25, 28, 88, 100, 104, 119, 123, 129, 136, 137, 139, 140, 141, 148, 155, 169, 172, 179, 183, 185, 188, 196, 198, 217, 237, 267, 270, 278, 319, 321, 324, 325, 330, 334, 335, 354, 366, 369, 380, 383, 384, 386, 395, 407, 411, 423, 428, 436, 437, 452, 453, 456, 467, 471, 477, 478, 479, 497, 508, 511, 559, 571, 575, 590, 594, 600, 607, 608, 610, 611, 612, 619, 627, 640, 643, 650, 654, 656, 659, 667, 669, 685, 701, 726, 729, 737, 777, 779, 782, 783, 787, 790, 791, 809, 817, 819, 830, 833, 834, 836, 845, 856, 857, 860, 862, 875, 880, 887, 888, 899, 900, 914, 918, 921, 928, 929, 930]","[12, 24, 25, 28, 88, 100, 104, 119, 123, 129, 136, 137, 139, 140, 141, 148, 155, 169, 172, 179, 183, 185, 188, 196, 198, 217, 237, 267, 270, 278, 319, 321, 324, 325, 330, 334, 335, 338, 354, 366, 369, 380, 383, 384, 386, 395, 407, 411, 423, 428, 436, 437, 452, 453, 456, 467, 471, 477, 478, 479, 497, 508, 511, 559, 571, 575, 590, 594, 600, 607, 608, 610, 611, 612, 619, 627, 640, 643, 650, 654, 656, 659, 667, 669, 685, 701, 726, 729, 737, 777, 779, 782, 783, 787, 790, 791, 794, 809, 817, 819, 830, 833, 834, 836, 845, 856, 857, 860, 862, 875, 880, 887, 888, 899, 900, 914, 918, 921, 928, 929, 930]","[875, 513, 2, 12, 531, 24, 25, 28, 30, 559, 569, 58, 571, 575, 319, 590, 321, 594, 88, 600, 888, 324, 607, 608, 98, 610, 100, 325, 611, 612, 104, 619, 627, 119, 123, 880, 640, 129, 643, 136, 137, 650, 139, 140, 141, 654, 656, 659, 148, 335, 155, 667, 669, 169, 172, 685, 179, 183, 185, 188, 701, 196, 198, 856, 726, 857, 217, 729, 737, 860, 237, 862, 777, 267, 779, 270, 782, 783, 787, 278, 790, 791, 794, 795, 796, 797, 798, 799, 800, 801, 802, 803, 804, 805, 806, 807, 808, 809, 810, 811, 812, 813, 814, 815, 816, 817, 818, 819, 820, 821, 822, 823, 824, 825, 826, 827, 828, 829, 830, 831, 832, 833, 834, 835, 836, 837, 838, 839, 840, 841, 842, 843, 844, 845, 846, 847, 330, 334, 338, 339, 340, 341, 342, 343, 344, 345, 346, 347, 348, 349, 350, 351, 352, 353, 354, 355, 356, 357, 358, 359, 360, 361, 362, 363, 364, 365, 366, 367, 368, 369, 370, 371, 372, 373, 374, 375, 376, 377, 378, 379, 380, 381, 382, 383, 384, 385, 386, 387, 388, 389, 390, 391, 392, 393, 394, 395, 396, 397, 914, 918, 407, 921, 411, 928, 929, 930, 423, 428, 899, 900, 436, 437, 452, 453, 456, 467, 471, 477, 478, 479, 887, 488, 497, 508, 511]",True,"[338, 794]","[338, 339, 340, 341, 342, 343, 344, 345, 346, 347, 348, 349, 350, 351, 352, 353, 354, 355, 356, 357, 358, 359, 360, 361, 362, 363, 364, 365, 366, 367, 368, 369, 370, 371, 372, 373, 374, 375, 376, 377, 378, 379, 380, 381, 382, 383, 384, 385, 386, 387, 388, 389, 390, 391, 392, 393, 394, 395, 396, 397, 794, 795, 796, 797, 798, 799, 800, 801, 802, 803, 804, 805, 806, 807, 808, 809, 810, 811, 812, 813, 814, 815, 816, 817, 818, 819, 820, 821, 822, 823, 824, 825, 826, 827, 828, 829, 830, 831, 832, 833, 834, 835, 836, 837, 838, 839, 840, 841, 842, 843, 844, 845, 846, 847]","[338, 794]",[],"[2, 30, 58, 98, 338, 344, 357, 358, 361, 379, 380, 488, 513, 531, 569, 794, 800, 812, 813, 829, 830]","[12, 24, 25, 28, 88, 100, 104, 119, 123, 129, 136, 137, 139, 140, 141, 148, 155, 169, 172, 179, 183, 185, 188, 196, 198, 217, 237, 267, 270, 278, 319, 321, 324, 325, 330, 334, 335, 338, 354, 366, 369, 380, 383, 384, 386, 395, 407, 411, 423, 428, 436, 437, 452, 453, 456, 467, 471, 477, 478, 479, 497, 508, 511, 559, 571, 575, 590, 594, 600, 607, 608, 610, 611, 612, 619, 627, 640, 643, 650, 654, 656, 659, 667, 669, 685, 701, 726, 729, 737, 777, 779, 782, 783, 787, 790, 791, 794, 809, 817, 819, 830, 833, 834, 836, 845, 856, 857, 860, 862, 875, 880, 887, 888, 899, 900, 914, 918, 921, 928, 929, 930]","[12, 24, 25, 28, 88, 100, 104, 119, 123, 129, 136, 137, 139, 140, 141, 148, 155, 169, 172, 179, 183, 185, 188, 196, 198, 217, 237, 267, 270, 278, 319, 321, 324, 325, 330, 334, 335, 354, 366, 369, 380, 383, 384, 386, 395, 407, 411, 423, 428, 436, 437, 452, 453, 456, 467, 471, 477, 478, 479, 497, 508, 511, 559, 571, 575, 590, 594, 600, 607, 608, 610, 611, 612, 619, 627, 640, 643, 650, 654, 656, 659, 667, 669, 685, 701, 726, 729, 737, 777, 779, 782, 783, 787, 790, 791, 809, 817, 819, 830, 833, 834, 836, 845, 856, 857, 860, 862, 875, 880, 887, 888, 899, 900, 914, 918, 921, 928, 929, 930]",6/6 successful match,True,[46],True,214,False,,,,,
"Alamo , 89001 Alamo Chevron",775-725-3341 US 93 ( MM 38.5 ) & Broadway,,Alamo,89001,Alamo Chevron,775-725-3341,2007,Alamo,NV,Chevron,( MM 38.5 ) & Broadway,US 93,empty,,False,,False,US 93,,,,,"[338, 794]","[338, 794]","[338, 794]",[],"[338, 339, 340, 341, 342, 343, 344, 345, 346, 347, 348, 349, 350, 351, 352, 353, 354, 355, 356, 357, 358, 359, 360, 361, 362, 363, 364, 365, 366, 367, 368, 369, 370, 371, 372, 373, 374, 375, 376, 377, 378, 379, 380, 381, 382, 383, 384, 385, 386, 387, 388, 389, 390, 391, 392, 393, 394, 395, 396, 397, 794, 795, 796, 797, 798, 799, 800, 801, 802, 803, 804, 805, 806, 807, 808, 809, 810, 811, 812, 813, 814, 815, 816, 817, 818, 819, 820, 821, 822, 823, 824, 825, 826, 827, 828, 829, 830, 831, 832, 833, 834, 835, 836, 837, 838, 839, 840, 841, 842, 843, 844, 845, 846, 847]","[2, 30, 58, 98, 338, 344, 357, 358, 361, 379, 380, 488, 513, 531, 569, 794, 800, 812, 813, 829, 830]","[12, 24, 25, 28, 88, 100, 104, 119, 123, 129, 136, 137, 139, 140, 141, 148, 155, 169, 172, 179, 183, 185, 188, 196, 198, 217, 237, 267, 270, 278, 319, 321, 324, 325, 330, 334, 335, 354, 366, 369, 380, 383, 384, 386, 395, 407, 411, 423, 428, 436, 437, 452, 453, 456, 467, 471, 477, 478, 479, 497, 508, 511, 559, 571, 575, 590, 594, 600, 607, 608, 610, 611, 612, 619, 627, 640, 643, 650, 654, 656, 659, 667, 669, 685, 701, 726, 729, 737, 777, 779, 782, 783, 787, 790, 791, 809, 817, 819, 830, 833, 834, 836, 845, 856, 857, 860, 862, 875, 880, 887, 888, 899, 900, 914, 918, 921, 928, 929, 930]","[12, 24, 25, 28, 88, 100, 104, 119, 123, 129, 136, 137, 139, 140, 141, 148, 155, 169, 172, 179, 183, 185, 188, 196, 198, 217, 237, 267, 270, 278, 319, 321, 324, 325, 330, 334, 335, 338, 354, 366, 369, 380, 383, 384, 386, 395, 407, 411, 423, 428, 436, 437, 452, 453, 456, 467, 471, 477, 478, 479, 497, 508, 511, 559, 571, 575, 590, 594, 600, 607, 608, 610, 611, 612, 619, 627, 640, 643, 650, 654, 656, 659, 667, 669, 685, 701, 726, 729, 737, 777, 779, 782, 783, 787, 790, 791, 794, 809, 817, 819, 830, 833, 834, 836, 845, 856, 857, 860, 862, 875, 880, 887, 888, 899, 900, 914, 918, 921, 928, 929, 930]","[875, 513, 2, 12, 531, 24, 25, 28, 30, 559, 569, 58, 571, 575, 319, 590, 321, 594, 88, 600, 888, 324, 607, 608, 98, 610, 100, 325, 611, 612, 104, 619, 627, 119, 123, 880, 640, 129, 643, 136, 137, 650, 139, 140, 141, 654, 656, 659, 148, 335, 155, 667, 669, 169, 172, 685, 179, 183, 185, 188, 701, 196, 198, 856, 726, 857, 217, 729, 737, 860, 237, 862, 777, 267, 779, 270, 782, 783, 787, 278, 790, 791, 794, 795, 796, 797, 798, 799, 800, 801, 802, 803, 804, 805, 806, 807, 808, 809, 810, 811, 812, 813, 814, 815, 816, 817, 818, 819, 820, 821, 822, 823, 824, 825, 826, 827, 828, 829, 830, 831, 832, 833, 834, 835, 836, 837, 838, 839, 840, 841, 842, 843, 844, 845, 846, 847, 330, 334, 338, 339, 340, 341, 342, 343, 344, 345, 346, 347, 348, 349, 350, 351, 352, 353, 354, 355, 356, 357, 358, 359, 360, 361, 362, 363, 364, 365, 366, 367, 368, 369, 370, 371, 372, 373, 374, 375, 376, 377, 378, 379, 380, 381, 382, 383, 384, 385, 386, 387, 388, 389, 390, 391, 392, 393, 394, 395, 396, 397, 914, 918, 407, 921, 411, 928, 929, 930, 423, 428, 899, 900, 436, 437, 452, 453, 456, 467, 471, 477, 478, 479, 887, 488, 497, 508, 511]",True,"[338, 794]","[338, 339, 340, 341, 342, 343, 344, 345, 346, 347, 348, 349, 350, 351, 352, 353, 354, 355, 356, 357, 358, 359, 360, 361, 362, 363, 364, 365, 366, 367, 368, 369, 370, 371, 372, 373, 374, 375, 376, 377, 378, 379, 380, 381, 382, 383, 384, 385, 386, 387, 388, 389, 390, 391, 392, 393, 394, 395, 396, 397, 794, 795, 796, 797, 798, 799, 800, 801, 802, 803, 804, 805, 806, 807, 808, 809, 810, 811, 812, 813, 814, 815, 816, 817, 818, 819, 820, 821, 822, 823, 824, 825, 826, 827, 828, 829, 830, 831, 832, 833, 834, 835, 836, 837, 838, 839, 840, 841, 842, 843, 844, 845, 846, 847]","[338, 794]",[],"[2, 30, 58, 98, 338, 344, 357, 358, 361, 379, 380, 488, 513, 531, 569, 794, 800, 812, 813, 829, 830]","[12, 24, 25, 28, 88, 100, 104, 119, 123, 129, 136, 137, 139, 140, 141, 148, 155, 169, 172, 179, 183, 185, 188, 196, 198, 217, 237, 267, 270, 278, 319, 321, 324, 325, 330, 334, 335, 338, 354, 366, 369, 380, 383, 384, 386, 395, 407, 411, 423, 428, 436, 437, 452, 453, 456, 467, 471, 477, 478, 479, 497, 508, 511, 559, 571, 575, 590, 594, 600, 607, 608, 610, 611, 612, 619, 627, 640, 643, 650, 654, 656, 659, 667, 669, 685, 701, 726, 729, 737, 777, 779, 782, 783, 787, 790, 791, 794, 809, 817, 819, 830, 833, 834, 836, 845, 856, 857, 860, 862, 875, 880, 887, 888, 899, 900, 914, 918, 921, 928, 929, 930]","[12, 24, 25, 28, 88, 100, 104, 119, 123, 129, 136, 137, 139, 140, 141, 148, 155, 169, 172, 179, 183, 185, 188, 196, 198, 217, 237, 267, 270, 278, 319, 321, 324, 325, 330, 334, 335, 354, 366, 369, 380, 383, 384, 386, 395, 407, 411, 423, 428, 436, 437, 452, 453, 456, 467, 471, 477, 478, 479, 497, 508, 511, 559, 571, 575, 590, 594, 600, 607, 608, 610, 611, 612, 619, 627, 640, 643, 650, 654, 656, 659, 667, 669, 685, 701, 726, 729, 737, 777, 779, 782, 783, 787, 790, 791, 809, 817, 819, 830, 833, 834, 836, 845, 856, 857, 860, 862, 875, 880, 887, 888, 899, 900, 914, 918, 921, 928, 929, 930]",6/6 successful match,True,[46],True,214,False,,1.0,True,Alamo Chevron,Chevron
"Alamo , 89001 Alamo Publishers Chevron . All rights reserved .",775-725-3341 US 93 ( MM 38.5 ) &,<U+2610> <U+25A1> 1,Alamo,89001,Alamo Publishers Chevron . All rights reserved .,775-725-3341,2008,Alamo,NV,Chevron,( MM 38.5 ) &,US 93,empty,,False,,False,US 93,,,,,"[338, 794]","[338, 794]","[338, 794]",[],"[338, 339, 340, 341, 342, 343, 344, 345, 346, 347, 348, 349, 350, 351, 352, 353, 354, 355, 356, 357, 358, 359, 360, 361, 362, 363, 364, 365, 366, 367, 368, 369, 370, 371, 372, 373, 374, 375, 376, 377, 378, 379, 380, 381, 382, 383, 384, 385, 386, 387, 388, 389, 390, 391, 392, 393, 394, 395, 396, 397, 794, 795, 796, 797, 798, 799, 800, 801, 802, 803, 804, 805, 806, 807, 808, 809, 810, 811, 812, 813, 814, 815, 816, 817, 818, 819, 820, 821, 822, 823, 824, 825, 826, 827, 828, 829, 830, 831, 832, 833, 834, 835, 836, 837, 838, 839, 840, 841, 842, 843, 844, 845, 846, 847]","[2, 30, 58, 98, 338, 344, 357, 358, 361, 379, 380, 488, 513, 531, 569, 794, 800, 812, 813, 829, 830]","[12, 24, 25, 28, 88, 100, 104, 119, 123, 129, 136, 137, 139, 140, 141, 148, 155, 169, 172, 179, 183, 185, 188, 196, 198, 217, 237, 267, 270, 278, 319, 321, 324, 325, 330, 334, 335, 354, 366, 369, 380, 383, 384, 386, 395, 407, 411, 423, 428, 436, 437, 452, 453, 456, 467, 471, 477, 478, 479, 497, 508, 511, 559, 571, 575, 590, 594, 600, 607, 608, 610, 611, 612, 619, 627, 640, 643, 650, 654, 656, 659, 667, 669, 685, 701, 726, 729, 737, 777, 779, 782, 783, 787, 790, 791, 809, 817, 819, 830, 833, 834, 836, 845, 856, 857, 860, 862, 875, 880, 887, 888, 899, 900, 914, 918, 921, 928, 929, 930]","[12, 24, 25, 28, 88, 100, 104, 119, 123, 129, 136, 137, 139, 140, 141, 148, 155, 169, 172, 179, 183, 185, 188, 196, 198, 217, 237, 267, 270, 278, 319, 321, 324, 325, 330, 334, 335, 338, 354, 366, 369, 380, 383, 384, 386, 395, 407, 411, 423, 428, 436, 437, 452, 453, 456, 467, 471, 477, 478, 479, 497, 508, 511, 559, 571, 575, 590, 594, 600, 607, 608, 610, 611, 612, 619, 627, 640, 643, 650, 654, 656, 659, 667, 669, 685, 701, 726, 729, 737, 777, 779, 782, 783, 787, 790, 791, 794, 809, 817, 819, 830, 833, 834, 836, 845, 856, 857, 860, 862, 875, 880, 887, 888, 899, 900, 914, 918, 921, 928, 929, 930]","[875, 513, 2, 12, 531, 24, 25, 28, 30, 559, 569, 58, 571, 575, 319, 590, 321, 594, 88, 600, 888, 324, 607, 608, 98, 610, 100, 325, 611, 612, 104, 619, 627, 119, 123, 880, 640, 129, 643, 136, 137, 650, 139, 140, 141, 654, 656, 659, 148, 335, 155, 667, 669, 169, 172, 685, 179, 183, 185, 188, 701, 196, 198, 856, 726, 857, 217, 729, 737, 860, 237, 862, 777, 267, 779, 270, 782, 783, 787, 278, 790, 791, 794, 795, 796, 797, 798, 799, 800, 801, 802, 803, 804, 805, 806, 807, 808, 809, 810, 811, 812, 813, 814, 815, 816, 817, 818, 819, 820, 821, 822, 823, 824, 825, 826, 827, 828, 829, 830, 831, 832, 833, 834, 835, 836, 837, 838, 839, 840, 841, 842, 843, 844, 845, 846, 847, 330, 334, 338, 339, 340, 341, 342, 343, 344, 345, 346, 347, 348, 349, 350, 351, 352, 353, 354, 355, 356, 357, 358, 359, 360, 361, 362, 363, 364, 365, 366, 367, 368, 369, 370, 371, 372, 373, 374, 375, 376, 377, 378, 379, 380, 381, 382, 383, 384, 385, 386, 387, 388, 389, 390, 391, 392, 393, 394, 395, 396, 397, 914, 918, 407, 921, 411, 928, 929, 930, 423, 428, 899, 900, 436, 437, 452, 453, 456, 467, 471, 477, 478, 479, 887, 488, 497, 508, 511]",True,"[338, 794]","[338, 339, 340, 341, 342, 343, 344, 345, 346, 347, 348, 349, 350, 351, 352, 353, 354, 355, 356, 357, 358, 359, 360, 361, 362, 363, 364, 365, 366, 367, 368, 369, 370, 371, 372, 373, 374, 375, 376, 377, 378, 379, 380, 381, 382, 383, 384, 385, 386, 387, 388, 389, 390, 391, 392, 393, 394, 395, 396, 397, 794, 795, 796, 797, 798, 799, 800, 801, 802, 803, 804, 805, 806, 807, 808, 809, 810, 811, 812, 813, 814, 815, 816, 817, 818, 819, 820, 821, 822, 823, 824, 825, 826, 827, 828, 829, 830, 831, 832, 833, 834, 835, 836, 837, 838, 839, 840, 841, 842, 843, 844, 845, 846, 847]","[338, 794]",[],"[2, 30, 58, 98, 338, 344, 357, 358, 361, 379, 380, 488, 513, 531, 569, 794, 800, 812, 813, 829, 830]","[12, 24, 25, 28, 88, 100, 104, 119, 123, 129, 136, 137, 139, 140, 141, 148, 155, 169, 172, 179, 183, 185, 188, 196, 198, 217, 237, 267, 270, 278, 319, 321, 324, 325, 330, 334, 335, 338, 354, 366, 369, 380, 383, 384, 386, 395, 407, 411, 423, 428, 436, 437, 452, 453, 456, 467, 471, 477, 478, 479, 497, 508, 511, 559, 571, 575, 590, 594, 600, 607, 608, 610, 611, 612, 619, 627, 640, 643, 650, 654, 656, 659, 667, 669, 685, 701, 726, 729, 737, 777, 779, 782, 783, 787, 790, 791, 794, 809, 817, 819, 830, 833, 834, 836, 845, 856, 857, 860, 862, 875, 880, 887, 888, 899, 900, 914, 918, 921, 928, 929, 930]","[12, 24, 25, 28, 88, 100, 104, 119, 123, 129, 136, 137, 139, 140, 141, 148, 155, 169, 172, 179, 183, 185, 188, 196, 198, 217, 237, 267, 270, 278, 319, 321, 324, 325, 330, 334, 335, 354, 366, 369, 380, 383, 384, 386, 395, 407, 411, 423, 428, 436, 437, 452, 453, 456, 467, 471, 477, 478, 479, 497, 508, 511, 559, 571, 575, 590, 594, 600, 607, 608, 610, 611, 612, 619, 627, 640, 643, 650, 654, 656, 659, 667, 669, 685, 701, 726, 729, 737, 777, 779, 782, 783, 787, 790, 791, 809, 817, 819, 830, 833, 834, 836, 845, 856, 857, 860, 862, 875, 880, 887, 888, 899, 900, 914, 918, 921, 928, 929, 930]",6/6 successful match,True,[46],True,214,False,,0.5078688524590165,True,Alamo Chevron,Chevron
Alamo ( 89001 ) Alamo Sinclair,775-725-3341 US 93 & Broadway,S <U+25A1>,Alamo,89001,Alamo Sinclair,775-725-3341,2014,Alamo,NV,Sinclair,,US 93 & Broadway,empty,,False,,False,US 93,Broadway,,,,"[338, 794]","[338, 794]","[338, 794]",[],"[338, 339, 340, 341, 342, 343, 344, 345, 346, 347, 348, 349, 350, 351, 352, 353, 354, 355, 356, 357, 358, 359, 360, 361, 362, 363, 364, 365, 366, 367, 368, 369, 370, 371, 372, 373, 374, 375, 376, 377, 378, 379, 380, 381, 382, 383, 384, 385, 386, 387, 388, 389, 390, 391, 392, 393, 394, 395, 396, 397, 794, 795, 796, 797, 798, 799, 800, 801, 802, 803, 804, 805, 806, 807, 808, 809, 810, 811, 812, 813, 814, 815, 816, 817, 818, 819, 820, 821, 822, 823, 824, 825, 826, 827, 828, 829, 830, 831, 832, 833, 834, 835, 836, 837, 838, 839, 840, 841, 842, 843, 844, 845, 846, 847]","[2, 30, 58, 98, 132, 286, 338, 344, 357, 358, 361, 379, 380, 488, 513, 531, 569, 603, 745, 794, 800, 812, 813, 829, 830]","[31, 142, 147, 180, 338, 352, 367, 387, 403, 405, 408, 410, 455, 465, 466, 468, 470, 472, 473, 483, 484, 514, 613, 618, 651, 794, 807, 837, 852, 854, 858, 861, 902, 912, 913, 915, 917, 919, 920, 931, 934, 935]","[31, 142, 147, 180, 338, 352, 367, 387, 403, 405, 408, 410, 455, 465, 466, 468, 470, 472, 473, 483, 484, 514, 613, 618, 651, 794, 807, 837, 852, 854, 858, 861, 902, 912, 913, 915, 917, 919, 920, 931, 934, 935]","[513, 2, 514, 531, 30, 31, 569, 58, 603, 98, 613, 618, 132, 651, 142, 147, 180, 852, 854, 858, 745, 861, 794, 795, 796, 797, 798, 799, 800, 801, 802, 803, 804, 805, 806, 807, 808, 809, 810, 811, 812, 813, 814, 815, 816, 817, 818, 819, 820, 821, 822, 823, 824, 825, 826, 827, 828, 829, 830, 831, 832, 833, 834, 835, 836, 837, 838, 839, 840, 841, 842, 843, 844, 845, 846, 847, 338, 339, 340, 341, 342, 343, 344, 345, 346, 347, 348, 349, 350, 351, 352, 353, 354, 355, 356, 357, 358, 359, 360, 361, 362, 363, 364, 365, 366, 367, 368, 369, 370, 371, 372, 373, 374, 375, 376, 377, 378, 379, 380, 381, 382, 383, 384, 385, 386, 387, 388, 389, 390, 391, 392, 393, 394, 395, 396, 397, 902, 912, 913, 403, 915, 405, 917, 919, 408, 920, 410, 286, 931, 934, 935, 455, 465, 466, 468, 470, 472, 473, 483, 484, 488]",True,"[338, 794]","[338, 339, 340, 341, 342, 343, 344, 345, 346, 347, 348, 349, 350, 351, 352, 353, 354, 355, 356, 357, 358, 359, 360, 361, 362, 363, 364, 365, 366, 367, 368, 369, 370, 371, 372, 373, 374, 375, 376, 377, 378, 379, 380, 381, 382, 383, 384, 385, 386, 387, 388, 389, 390, 391, 392, 393, 394, 395, 396, 397, 794, 795, 796, 797, 798, 799, 800, 801, 802, 803, 804, 805, 806, 807, 808, 809, 810, 811, 812, 813, 814, 815, 816, 817, 818, 819, 820, 821, 822, 823, 824, 825, 826, 827, 828, 829, 830, 831, 832, 833, 834, 835, 836, 837, 838, 839, 840, 841, 842, 843, 844, 845, 846, 847]","[338, 794]",[],"[2, 30, 58, 98, 132, 286, 338, 344, 357, 358, 361, 379, 380, 488, 513, 531, 569, 603, 745, 794, 800, 812, 813, 829, 830]","[31, 142, 147, 180, 338, 352, 367, 387, 403, 405, 408, 410, 455, 465, 466, 468, 470, 472, 473, 483, 484, 514, 613, 618, 651, 794, 807, 837, 852, 854, 858, 861, 902, 912, 913, 915, 917, 919, 920, 931, 934, 935]","[31, 142, 147, 180, 338, 352, 367, 387, 403, 405, 408, 410, 455, 465, 466, 468, 470, 472, 473, 483, 484, 514, 613, 618, 651, 794, 807, 837, 852, 854, 858, 861, 902, 912, 913, 915, 917, 919, 920, 931, 934, 935]",7/6 successful match,True,[46],True,214,True,2014,0.35376344086021505,False,Alamo Publishers Chevron . All rights reserved .,Chevron
Alamo ( 89001 ) Alamo Sinclair,775-725-3341 US 93 & Broadway,<U+2610> S,Alamo,89001,Alamo Sinclair,775-725-3341,2015,Alamo,NV,Sinclair,,US 93 & Broadway,empty,,False,,False,US 93,Broadway,,,,"[338, 794]","[338, 794]","[338, 794]",[],"[338, 339, 340, 341, 342, 343, 344, 345, 346, 347, 348, 349, 350, 351, 352, 353, 354, 355, 356, 357, 358, 359, 360, 361, 362, 363, 364, 365, 366, 367, 368, 369, 370, 371, 372, 373, 374, 375, 376, 377, 378, 379, 380, 381, 382, 383, 384, 385, 386, 387, 388, 389, 390, 391, 392, 393, 394, 395, 396, 397, 794, 795, 796, 797, 798, 799, 800, 801, 802, 803, 804, 805, 806, 807, 808, 809, 810, 811, 812, 813, 814, 815, 816, 817, 818, 819, 820, 821, 822, 823, 824, 825, 826, 827, 828, 829, 830, 831, 832, 833, 834, 835, 836, 837, 838, 839, 840, 841, 842, 843, 844, 845, 846, 847]","[2, 30, 58, 98, 132, 286, 338, 344, 357, 358, 361, 379, 380, 488, 513, 531, 569, 603, 745, 794, 800, 812, 813, 829, 830]","[31, 142, 147, 180, 338, 352, 367, 387, 403, 405, 408, 410, 455, 465, 466, 468, 470, 472, 473, 483, 484, 514, 613, 618, 651, 794, 807, 837, 852, 854, 858, 861, 902, 912, 913, 915, 917, 919, 920, 931, 934, 935]","[31, 142, 147, 180, 338, 352, 367, 387, 403, 405, 408, 410, 455, 465, 466, 468, 470, 472, 473, 483, 484, 514, 613, 618, 651, 794, 807, 837, 852, 854, 858, 861, 902, 912, 913, 915, 917, 919, 920, 931, 934, 935]","[513, 2, 514, 531, 30, 31, 569, 58, 603, 98, 613, 618, 132, 651, 142, 147, 180, 852, 854, 858, 745, 861, 794, 795, 796, 797, 798, 799, 800, 801, 802, 803, 804, 805, 806, 807, 808, 809, 810, 811, 812, 813, 814, 815, 816, 817, 818, 819, 820, 821, 822, 823, 824, 825, 826, 827, 828, 829, 830, 831, 832, 833, 834, 835, 836, 837, 838, 839, 840, 841, 842, 843, 844, 845, 846, 847, 338, 339, 340, 341, 342, 343, 344, 345, 346, 347, 348, 349, 350, 351, 352, 353, 354, 355, 356, 357, 358, 359, 360, 361, 362, 363, 364, 365, 366, 367, 368, 369, 370, 371, 372, 373, 374, 375, 376, 377, 378, 379, 380, 381, 382, 383, 384, 385, 386, 387, 388, 389, 390, 391, 392, 393, 394, 395, 396, 397, 902, 912, 913, 403, 915, 405, 917, 919, 408, 920, 410, 286, 931, 934, 935, 455, 465, 466, 468, 470, 472, 473, 483, 484, 488]",True,"[338, 794]","[338, 339, 340, 341, 342, 343, 344, 345, 346, 347, 348, 349, 350, 351, 352, 353, 354, 355, 356, 357, 358, 359, 360, 361, 362, 363, 364, 365, 366, 367, 368, 369, 370, 371, 372, 373, 374, 375, 376, 377, 378, 379, 380, 381, 382, 383, 384, 385, 386, 387, 388, 389, 390, 391, 392, 393, 394, 395, 396, 397, 794, 795, 796, 797, 798, 799, 800, 801, 802, 803, 804, 805, 806, 807, 808, 809, 810, 811, 812, 813, 814, 815, 816, 817, 818, 819, 820, 821, 822, 823, 824, 825, 826, 827, 828, 829, 830, 831, 832, 833, 834, 835, 836, 837, 838, 839, 840, 841, 842, 843, 844, 845, 846, 847]","[338, 794]",[],"[2, 30, 58, 98, 132, 286, 338, 344, 357, 358, 361, 379, 380, 488, 513, 531, 569, 603, 745, 794, 800, 812, 813, 829, 830]","[31, 142, 147, 180, 338, 352, 367, 387, 403, 405, 408, 410, 455, 465, 466, 468, 470, 472, 473, 483, 484, 514, 613, 618, 651, 794, 807, 837, 852, 854, 858, 861, 902, 912, 913, 915, 917, 919, 920, 931, 934, 935]","[31, 142, 147, 180, 338, 352, 367, 387, 403, 405, 408, 410, 455, 465, 466, 468, 470, 472, 473, 483, 484, 514, 613, 618, 651, 794, 807, 837, 852, 854, 858, 861, 902, 912, 913, 915, 917, 919, 920, 931, 934, 935]",7/6 successful match,True,[46],True,214,False,,1.0,True,Alamo Sinclair,Sinclair
Alamo ( 89001 ) Alamo Sinclair,775-725-3341 US 93 & Broadway,S,Alamo,89001,Alamo Sinclair,775-725-3341,2016,Alamo,NV,Sinclair,,US 93 & Broadway,empty,,False,,False,US 93,Broadway,,,,"[338, 794]","[338, 794]","[338, 794]",[],"[338, 339, 340, 341, 342, 343, 344, 345, 346, 347, 348, 349, 350, 351, 352, 353, 354, 355, 356, 357, 358, 359, 360, 361, 362, 363, 364, 365, 366, 367, 368, 369, 370, 371, 372, 373, 374, 375, 376, 377, 378, 379, 380, 381, 382, 383, 384, 385, 386, 387, 388, 389, 390, 391, 392, 393, 394, 395, 396, 397, 794, 795, 796, 797, 798, 799, 800, 801, 802, 803, 804, 805, 806, 807, 808, 809, 810, 811, 812, 813, 814, 815, 816, 817, 818, 819, 820, 821, 822, 823, 824, 825, 826, 827, 828, 829, 830, 831, 832, 833, 834, 835, 836, 837, 838, 839, 840, 841, 842, 843, 844, 845, 846, 847]","[2, 30, 58, 98, 132, 286, 338, 344, 357, 358, 361, 379, 380, 488, 513, 531, 569, 603, 745, 794, 800, 812, 813, 829, 830]","[31, 142, 147, 180, 338, 352, 367, 387, 403, 405, 408, 410, 455, 465, 466, 468, 470, 472, 473, 483, 484, 514, 613, 618, 651, 794, 807, 837, 852, 854, 858, 861, 902, 912, 913, 915, 917, 919, 920, 931, 934, 935]","[31, 142, 147, 180, 338, 352, 367, 387, 403, 405, 408, 410, 455, 465, 466, 468, 470, 472, 473, 483, 484, 514, 613, 618, 651, 794, 807, 837, 852, 854, 858, 861, 902, 912, 913, 915, 917, 919, 920, 931, 934, 935]","[513, 2, 514, 531, 30, 31, 569, 58, 603, 98, 613, 618, 132, 651, 142, 147, 180, 852, 854, 858, 745, 861, 794, 795, 796, 797, 798, 799, 800, 801, 802, 803, 804, 805, 806, 807, 808, 809, 810, 811, 812, 813, 814, 815, 816, 817, 818, 819, 820, 821, 822, 823, 824, 825, 826, 827, 828, 829, 830, 831, 832, 833, 834, 835, 836, 837, 838, 839, 840, 841, 842, 843, 844, 845, 846, 847, 338, 339, 340, 341, 342, 343, 344, 345, 346, 347, 348, 349, 350, 351, 352, 353, 354, 355, 356, 357, 358, 359, 360, 361, 362, 363, 364, 365, 366, 367, 368, 369, 370, 371, 372, 373, 374, 375, 376, 377, 378, 379, 380, 381, 382, 383, 384, 385, 386, 387, 388, 389, 390, 391, 392, 393, 394, 395, 396, 397, 902, 912, 913, 403, 915, 405, 917, 919, 408, 920, 410, 286, 931, 934, 935, 455, 465, 466, 468, 470, 472, 473, 483, 484, 488]",True,"[338, 794]","[338, 339, 340, 341, 342, 343, 344, 345, 346, 347, 348, 349, 350, 351, 352, 353, 354, 355, 356, 357, 358, 359, 360, 361, 362, 363, 364, 365, 366, 367, 368, 369, 370, 371, 372, 373, 374, 375, 376, 377, 378, 379, 380, 381, 382, 383, 384, 385, 386, 387, 388, 389, 390, 391, 392, 393, 394, 395, 396, 397, 794, 795, 796, 797, 798, 799, 800, 801, 802, 803, 804, 805, 806, 807, 808, 809, 810, 811, 812, 813, 814, 815, 816, 817, 818, 819, 820, 821, 822, 823, 824, 825, 826, 827, 828, 829, 830, 831, 832, 833, 834, 835, 836, 837, 838, 839, 840, 841, 842, 843, 844, 845, 846, 847]","[338, 794]",[],"[2, 30, 58, 98, 132, 286, 338, 344, 357, 358, 361, 379, 380, 488, 513, 531, 569, 603, 745, 794, 800, 812, 813, 829, 830]","[31, 142, 147, 180, 338, 352, 367, 387, 403, 405, 408, 410, 455, 465, 466, 468, 470, 472, 473, 483, 484, 514, 613, 618, 651, 794, 807, 837, 852, 854, 858, 861, 902, 912, 913, 915, 917, 919, 920, 931, 934, 935]","[31, 142, 147, 180, 338, 352, 367, 387, 403, 405, 408, 410, 455, 465, 466, 468, 470, 472, 473, 483, 484, 514, 613, 618, 651, 794, 807, 837, 852, 854, 858, 861, 902, 912, 913, 915, 917, 919, 920, 931, 934, 935]",7/6 successful match,True,[46],True,214,False,,1.0,True,Alamo Sinclair,Sinclair
"Beatty , 89003 Rebel Oil Truck Stop ( 76 )",775-553-2378 US 95 N & 1st,S,Beatty,89003,Rebel Oil Truck Stop ( 76 ),775-553-2378,2006,Beatty,NV,,,US 95 N & 1st,empty,,False,,False,US 95,1st,,,,"[832, 382]","[382, 832]","[382, 832]",[],"[338, 339, 340, 341, 342, 343, 344, 345, 346, 347, 348, 349, 350, 351, 352, 353, 354, 355, 356, 357, 358, 359, 360, 361, 362, 363, 364, 365, 366, 367, 368, 369, 370, 371, 372, 373, 374, 375, 376, 377, 378, 379, 380, 381, 382, 383, 384, 385, 386, 387, 388, 389, 390, 391, 392, 393, 394, 395, 396, 397, 794, 795, 796, 797, 798, 799, 800, 801, 802, 803, 804, 805, 806, 807, 808, 809, 810, 811, 812, 813, 814, 815, 816, 817, 818, 819, 820, 821, 822, 823, 824, 825, 826, 827, 828, 829, 830, 831, 832, 833, 834, 835, 836, 837, 838, 839, 840, 841, 842, 843, 844, 845, 846, 847]","[8, 43, 71, 84, 86, 117, 256, 264, 339, 348, 354, 360, 369, 382, 383, 384, 385, 388, 389, 390, 409, 523, 546, 555, 557, 588, 718, 724, 795, 803, 809, 819, 832, 833, 834, 835, 838, 839, 840, 859]",[],"[4, 31, 59, 84, 87, 89, 114, 115, 117, 124, 132, 135, 142, 144, 147, 152, 178, 180, 218, 229, 232, 239, 264, 268, 269, 281, 297, 299, 318, 320, 327, 331, 338, 348, 352, 367, 381, 382, 387, 394, 403, 405, 408, 410, 455, 463, 465, 466, 468, 470, 472, 473, 483, 484, 490, 514, 535, 555, 558, 560, 585, 586, 588, 595, 603, 606, 613, 615, 618, 623, 649, 651, 686, 693, 696, 703, 724, 727, 728, 740, 756, 758, 776, 778, 785, 788, 794, 803, 807, 831, 832, 837, 844, 852, 854, 858, 860, 861, 902, 910, 912, 913, 915, 917, 919, 920, 931, 934, 935]","[514, 4, 8, 523, 535, 31, 546, 43, 555, 557, 558, 560, 59, 318, 71, 585, 586, 320, 588, 595, 84, 86, 87, 89, 603, 606, 613, 615, 618, 623, 114, 115, 117, 124, 132, 135, 649, 651, 142, 144, 147, 152, 686, 178, 180, 693, 696, 703, 852, 854, 718, 724, 727, 728, 218, 858, 859, 740, 229, 860, 232, 861, 239, 756, 758, 256, 264, 776, 778, 268, 269, 785, 788, 281, 794, 795, 796, 797, 798, 799, 800, 801, 802, 803, 804, 805, 806, 807, 808, 809, 810, 811, 812, 813, 814, 815, 816, 817, 818, 819, 820, 821, 822, 823, 824, 825, 826, 827, 828, 829, 830, 831, 832, 833, 834, 835, 836, 837, 838, 839, 840, 841, 842, 843, 844, 845, 846, 847, 327, 331, 338, 339, 340, 341, 342, 343, 344, 345, 346, 347, 348, 349, 350, 351, 352, 353, 354, 355, 356, 357, 358, 359, 360, 361, 362, 363, 364, 365, 366, 367, 368, 369, 370, 371, 372, 373, 374, 375, 376, 377, 378, 379, 380, 381, 382, 383, 384, 385, 386, 387, 388, 389, 390, 391, 392, 393, 394, 395, 396, 397, 902, 910, 912, 913, 403, 915, 405, 917, 919, 408, 409, 410, 920, 931, 934, 935, 455, 463, 465, 466, 468, 470, 297, 472, 473, 299, 483, 484, 490]",True,"[382, 832]","[338, 339, 340, 341, 342, 343, 344, 345, 346, 347, 348, 349, 350, 351, 352, 353, 354, 355, 356, 357, 358, 359, 360, 361, 362, 363, 364, 365, 366, 367, 368, 369, 370, 371, 372, 373, 374, 375, 376, 377, 378, 379, 380, 381, 382, 383, 384, 385, 386, 387, 388, 389, 390, 391, 392, 393, 394, 395, 396, 397, 794, 795, 796, 797, 798, 799, 800, 801, 802, 803, 804, 805, 806, 807, 808, 809, 810, 811, 812, 813, 814, 815, 816, 817, 818, 819, 820, 821, 822, 823, 824, 825, 826, 827, 828, 829, 830, 831, 832, 833, 834, 835, 836, 837, 838, 839, 840, 841, 842, 843, 844, 845, 846, 847]","[382, 832]",[],"[8, 43, 71, 84, 86, 117, 256, 264, 339, 348, 354, 360, 369, 382, 383, 384, 385, 388, 389, 390, 409, 523, 546, 555, 557, 588, 718, 724, 795, 803, 809, 819, 832, 833, 834, 835, 838, 839, 840, 859]","[4, 31, 59, 84, 87, 89, 114, 115, 117, 124, 132, 135, 142, 144, 147, 152, 178, 180, 218, 229, 232, 239, 264, 268, 269, 281, 297, 299, 318, 320, 327, 331, 338, 348, 352, 367, 381, 382, 387, 394, 403, 405, 408, 410, 455, 463, 465, 466, 468, 470, 472, 473, 483, 484, 490, 514, 535, 555, 558, 560, 585, 586, 588, 595, 603, 606, 613, 615, 618, 623, 649, 651, 686, 693, 696, 703, 724, 727, 728, 740, 756, 758, 776, 778, 785, 788, 794, 803, 807, 831, 832, 837, 844, 852, 854, 858, 860, 861, 902, 910, 912, 913, 915, 917, 919, 920, 931, 934, 935]",[],7/6 successful match,True,[419],True,215,False,,,,,
", 89003 Rebel Oil Truck Stop ( 76 )",HBeatty 5775-553-2378 US 95 N & 1st,202 SO,,89003,Rebel Oil Truck Stop ( 76 ),775-553-2378,2007,Beatty,NV,,,US 95 N & 1st,empty,,False,,False,US 95,1st,,,,"[832, 382]","[382, 832]","[382, 832]",[],"[338, 339, 340, 341, 342, 343, 344, 345, 346, 347, 348, 349, 350, 351, 352, 353, 354, 355, 356, 357, 358, 359, 360, 361, 362, 363, 364, 365, 366, 367, 368, 369, 370, 371, 372, 373, 374, 375, 376, 377, 378, 379, 380, 381, 382, 383, 384, 385, 386, 387, 388, 389, 390, 391, 392, 393, 394, 395, 396, 397, 794, 795, 796, 797, 798, 799, 800, 801, 802, 803, 804, 805, 806, 807, 808, 809, 810, 811, 812, 813, 814, 815, 816, 817, 818, 819, 820, 821, 822, 823, 824, 825, 826, 827, 828, 829, 830, 831, 832, 833, 834, 835, 836, 837, 838, 839, 840, 841, 842, 843, 844, 845, 846, 847]","[8, 43, 71, 84, 86, 117, 256, 264, 339, 348, 354, 360, 369, 382, 383, 384, 385, 388, 389, 390, 409, 523, 546, 555, 557, 588, 718, 724, 795, 803, 809, 819, 832, 833, 834, 835, 838, 839, 840, 859]",[],"[4, 31, 59, 84, 87, 89, 114, 115, 117, 124, 132, 135, 142, 144, 147, 152, 178, 180, 218, 229, 232, 239, 264, 268, 269, 281, 297, 299, 318, 320, 327, 331, 338, 348, 352, 367, 381, 382, 387, 394, 403, 405, 408, 410, 455, 463, 465, 466, 468, 470, 472, 473, 483, 484, 490, 514, 535, 555, 558, 560, 585, 586, 588, 595, 603, 606, 613, 615, 618, 623, 649, 651, 686, 693, 696, 703, 724, 727, 728, 740, 756, 758, 776, 778, 785, 788, 794, 803, 807, 831, 832, 837, 844, 852, 854, 858, 860, 861, 902, 910, 912, 913, 915, 917, 919, 920, 931, 934, 935]","[514, 4, 8, 523, 535, 31, 546, 43, 555, 557, 558, 560, 59, 318, 71, 585, 586, 320, 588, 595, 84, 86, 87, 89, 603, 606, 613, 615, 618, 623, 114, 115, 117, 124, 132, 135, 649, 651, 142, 144, 147, 152, 686, 178, 180, 693, 696, 703, 852, 854, 718, 724, 727, 728, 218, 858, 859, 740, 229, 860, 232, 861, 239, 756, 758, 256, 264, 776, 778, 268, 269, 785, 788, 281, 794, 795, 796, 797, 798, 799, 800, 801, 802, 803, 804, 805, 806, 807, 808, 809, 810, 811, 812, 813, 814, 815, 816, 817, 818, 819, 820, 821, 822, 823, 824, 825, 826, 827, 828, 829, 830, 831, 832, 833, 834, 835, 836, 837, 838, 839, 840, 841, 842, 843, 844, 845, 846, 847, 327, 331, 338, 339, 340, 341, 342, 343, 344, 345, 346, 347, 348, 349, 350, 351, 352, 353, 354, 355, 356, 357, 358, 359, 360, 361, 362, 363, 364, 365, 366, 367, 368, 369, 370, 371, 372, 373, 374, 375, 376, 377, 378, 379, 380, 381, 382, 383, 384, 385, 386, 387, 388, 389, 390, 391, 392, 393, 394, 395, 396, 397, 902, 910, 912, 913, 403, 915, 405, 917, 919, 408, 409, 410, 920, 931, 934, 935, 455, 463, 465, 466, 468, 470, 297, 472, 473, 299, 483, 484, 490]",True,"[382, 832]","[338, 339, 340, 341, 342, 343, 344, 345, 346, 347, 348, 349, 350, 351, 352, 353, 354, 355, 356, 357, 358, 359, 360, 361, 362, 363, 364, 365, 366, 367, 368, 369, 370, 371, 372, 373, 374, 375, 376, 377, 378, 379, 380, 381, 382, 383, 384, 385, 386, 387, 388, 389, 390, 391, 392, 393, 394, 395, 396, 397, 794, 795, 796, 797, 798, 799, 800, 801, 802, 803, 804, 805, 806, 807, 808, 809, 810, 811, 812, 813, 814, 815, 816, 817, 818, 819, 820, 821, 822, 823, 824, 825, 826, 827, 828, 829, 830, 831, 832, 833, 834, 835, 836, 837, 838, 839, 840, 841, 842, 843, 844, 845, 846, 847]","[382, 832]",[],"[8, 43, 71, 84, 86, 117, 256, 264, 339, 348, 354, 360, 369, 382, 383, 384, 385, 388, 389, 390, 409, 523, 546, 555, 557, 588, 718, 724, 795, 803, 809, 819, 832, 833, 834, 835, 838, 839, 840, 859]","[4, 31, 59, 84, 87, 89, 114, 115, 117, 124, 132, 135, 142, 144, 147, 152, 178, 180, 218, 229, 232, 239, 264, 268, 269, 281, 297, 299, 318, 320, 327, 331, 338, 348, 352, 367, 381, 382, 387, 394, 403, 405, 408, 410, 455, 463, 465, 466, 468, 470, 472, 473, 483, 484, 490, 514, 535, 555, 558, 560, 585, 586, 588, 595, 603, 606, 613, 615, 618, 623, 649, 651, 686, 693, 696, 703, 724, 727, 728, 740, 756, 758, 776, 778, 785, 788, 794, 803, 807, 831, 832, 837, 844, 852, 854, 858, 860, 861, 902, 910, 912, 913, 915, 917, 919, 920, 931, 934, 935]",[],7/6 successful match,True,[419],True,215,False,,1.0,True,Rebel Oil Truck Stop ( 76 ),
"Beatty , 89003 Rebel Oil Truck Stop / 233 WB",775-553-2378 US 95 N & 1st # 74,PORS 24 S 103 0,Beatty,89003,Rebel Oil Truck Stop / 233 WB,775-553-2378,2008,Beatty,NV,,,US 95 N & 1st # 74,empty,,False,,False,US 95,1st 74,,,,"[832, 382]","[382, 832]","[382, 832]",[],"[338, 339, 340, 341, 342, 343, 344, 345, 346, 347, 348, 349, 350, 351, 352, 353, 354, 355, 356, 357, 358, 359, 360, 361, 362, 363, 364, 365, 366, 367, 368, 369, 370, 371, 372, 373, 374, 375, 376, 377, 378, 379, 380, 381, 382, 383, 384, 385, 386, 387, 388, 389, 390, 391, 392, 393, 394, 395, 396, 397, 794, 795, 796, 797, 798, 799, 800, 801, 802, 803, 804, 805, 806, 807, 808, 809, 810, 811, 812, 813, 814, 815, 816, 817, 818, 819, 820, 821, 822, 823, 824, 825, 826, 827, 828, 829, 830, 831, 832, 833, 834, 835, 836, 837, 838, 839, 840, 841, 842, 843, 844, 845, 846, 847]","[8, 43, 71, 84, 86, 117, 256, 264, 339, 348, 354, 360, 369, 382, 383, 384, 385, 388, 389, 390, 409, 523, 546, 555, 557, 588, 718, 724, 795, 803, 809, 819, 832, 833, 834, 835, 838, 839, 840, 859]",[],"[4, 31, 59, 135, 142, 147, 180, 218, 229, 232, 264, 269, 299, 318, 320, 331, 338, 352, 367, 381, 382, 387, 403, 405, 408, 410, 455, 463, 465, 466, 468, 470, 472, 473, 483, 484, 490, 514, 535, 606, 613, 618, 651, 686, 693, 696, 724, 728, 758, 776, 778, 788, 794, 807, 831, 832, 837, 852, 854, 858, 860, 861, 902, 910, 912, 913, 915, 917, 919, 920, 931, 934, 935]","[514, 4, 8, 523, 535, 31, 546, 43, 555, 557, 59, 318, 71, 320, 588, 84, 86, 606, 613, 618, 117, 135, 651, 142, 147, 686, 180, 693, 696, 852, 854, 718, 724, 728, 218, 858, 859, 229, 860, 232, 861, 758, 256, 264, 776, 778, 269, 788, 794, 795, 796, 797, 798, 799, 800, 801, 802, 803, 804, 805, 806, 807, 808, 809, 810, 811, 812, 813, 814, 815, 816, 817, 818, 819, 820, 821, 822, 823, 824, 825, 826, 827, 828, 829, 830, 831, 832, 833, 834, 835, 836, 837, 838, 839, 840, 841, 842, 843, 844, 845, 846, 847, 331, 338, 339, 340, 341, 342, 343, 344, 345, 346, 347, 348, 349, 350, 351, 352, 353, 354, 355, 356, 357, 358, 359, 360, 361, 362, 363, 364, 365, 366, 367, 368, 369, 370, 371, 372, 373, 374, 375, 376, 377, 378, 379, 380, 381, 382, 383, 384, 385, 386, 387, 388, 389, 390, 391, 392, 393, 394, 395, 396, 397, 902, 910, 912, 913, 403, 915, 405, 917, 919, 408, 409, 410, 920, 931, 934, 935, 455, 463, 465, 466, 468, 470, 472, 473, 299, 483, 484, 490]",True,"[382, 832]","[338, 339, 340, 341, 342, 343, 344, 345, 346, 347, 348, 349, 350, 351, 352, 353, 354, 355, 356, 357, 358, 359, 360, 361, 362, 363, 364, 365, 366, 367, 368, 369, 370, 371, 372, 373, 374, 375, 376, 377, 378, 379, 380, 381, 382, 383, 384, 385, 386, 387, 388, 389, 390, 391, 392, 393, 394, 395, 396, 397, 794, 795, 796, 797, 798, 799, 800, 801, 802, 803, 804, 805, 806, 807, 808, 809, 810, 811, 812, 813, 814, 815, 816, 817, 818, 819, 820, 821, 822, 823, 824, 825, 826, 827, 828, 829, 830, 831, 832, 833, 834, 835, 836, 837, 838, 839, 840, 841, 842, 843, 844, 845, 846, 847]","[382, 832]",[],"[8, 43, 71, 84, 86, 117, 256, 264, 339, 348, 354, 360, 369, 382, 383, 384, 385, 388, 389, 390, 409, 523, 546, 555, 557, 588, 718, 724, 795, 803, 809, 819, 832, 833, 834, 835, 838, 839, 840, 859]","[4, 31, 59, 135, 142, 147, 180, 218, 229, 232, 264, 269, 299, 318, 320, 331, 338, 352, 367, 381, 382, 387, 403, 405, 408, 410, 455, 463, 465, 466, 468, 470, 472, 473, 483, 484, 490, 514, 535, 606, 613, 618, 651, 686, 693, 696, 724, 728, 758, 776, 778, 788, 794, 807, 831, 832, 837, 852, 854, 858, 860, 861, 902, 910, 912, 913, 915, 917, 919, 920, 931, 934, 935]",[],7/6 successful match,True,[419],True,215,False,,0.9464285714285714,True,Rebel Oil Truck Stop ( 76 ),
Beatty ( 89003 ) Rebel Oil Truck Stop # 74,775-553-2378 US 95 N & 1st,24 S O,Beatty,89003,Rebel Oil Truck Stop # 74,775-553-2378,2014,Beatty,NV,,,US 95 N & 1st,empty,,False,,False,US 95,1st,,,,"[832, 382]","[382, 832]","[382, 832]",[],"[338, 339, 340, 341, 342, 343, 344, 345, 346, 347, 348, 349, 350, 351, 352, 353, 354, 355, 356, 357, 358, 359, 360, 361, 362, 363, 364, 365, 366, 367, 368, 369, 370, 371, 372, 373, 374, 375, 376, 377, 378, 379, 380, 381, 382, 383, 384, 385, 386, 387, 388, 389, 390, 391, 392, 393, 394, 395, 396, 397, 794, 795, 796, 797, 798, 799, 800, 801, 802, 803, 804, 805, 806, 807, 808, 809, 810, 811, 812, 813, 814, 815, 816, 817, 818, 819, 820, 821, 822, 823, 824, 825, 826, 827, 828, 829, 830, 831, 832, 833, 834, 835, 836, 837, 838, 839, 840, 841, 842, 843, 844, 845, 846, 847]","[8, 43, 71, 84, 86, 117, 256, 264, 339, 348, 354, 360, 369, 382, 383, 384, 385, 388, 389, 390, 409, 523, 546, 555, 557, 588, 718, 724, 795, 803, 809, 819, 832, 833, 834, 835, 838, 839, 840, 859]",[],"[4, 31, 59, 135, 142, 147, 180, 218, 229, 232, 264, 269, 299, 318, 320, 331, 338, 352, 367, 381, 382, 387, 403, 405, 408, 410, 455, 463, 465, 466, 468, 470, 472, 473, 483, 484, 490, 514, 535, 606, 613, 618, 651, 686, 693, 696, 724, 728, 758, 776, 778, 788, 794, 807, 831, 832, 837, 852, 854, 858, 860, 861, 902, 910, 912, 913, 915, 917, 919, 920, 931, 934, 935]","[514, 4, 8, 523, 535, 31, 546, 43, 555, 557, 59, 318, 71, 320, 588, 84, 86, 606, 613, 618, 117, 135, 651, 142, 147, 686, 180, 693, 696, 852, 854, 718, 724, 728, 218, 858, 859, 229, 860, 232, 861, 758, 256, 264, 776, 778, 269, 788, 794, 795, 796, 797, 798, 799, 800, 801, 802, 803, 804, 805, 806, 807, 808, 809, 810, 811, 812, 813, 814, 815, 816, 817, 818, 819, 820, 821, 822, 823, 824, 825, 826, 827, 828, 829, 830, 831, 832, 833, 834, 835, 836, 837, 838, 839, 840, 841, 842, 843, 844, 845, 846, 847, 331, 338, 339, 340, 341, 342, 343, 344, 345, 346, 347, 348, 349, 350, 351, 352, 353, 354, 355, 356, 357, 358, 359, 360, 361, 362, 363, 364, 365, 366, 367, 368, 369, 370, 371, 372, 373, 374, 375, 376, 377, 378, 379, 380, 381, 382, 383, 384, 385, 386, 387, 388, 389, 390, 391, 392, 393, 394, 395, 396, 397, 902, 910, 912, 913, 403, 915, 405, 917, 919, 408, 409, 410, 920, 931, 934, 935, 455, 463, 465, 466, 468, 470, 472, 473, 299, 483, 484, 490]",True,"[382, 832]","[338, 339, 340, 341, 342, 343, 344, 345, 346, 347, 348, 349, 350, 351, 352, 353, 354, 355, 356, 357, 358, 359, 360, 361, 362, 363, 364, 365, 366, 367, 368, 369, 370, 371, 372, 373, 374, 375, 376, 377, 378, 379, 380, 381, 382, 383, 384, 385, 386, 387, 388, 389, 390, 391, 392, 393, 394, 395, 396, 397, 794, 795, 796, 797, 798, 799, 800, 801, 802, 803, 804, 805, 806, 807, 808, 809, 810, 811, 812, 813, 814, 815, 816, 817, 818, 819, 820, 821, 822, 823, 824, 825, 826, 827, 828, 829, 830, 831, 832, 833, 834, 835, 836, 837, 838, 839, 840, 841, 842, 843, 844, 845, 846, 847]","[382, 832]",[],"[8, 43, 71, 84, 86, 117, 256, 264, 339, 348, 354, 360, 369, 382, 383, 384, 385, 388, 389, 390, 409, 523, 546, 555, 557, 588, 718, 724, 795, 803, 809, 819, 832, 833, 834, 835, 838, 839, 840, 859]","[4, 31, 59, 135, 142, 147, 180, 218, 229, 232, 264, 269, 299, 318, 320, 331, 338, 352, 367, 381, 382, 387, 403, 405, 408, 410, 455, 463, 465, 466, 468, 470, 472, 473, 483, 484, 490, 514, 535, 606, 613, 618, 651, 686, 693, 696, 724, 728, 758, 776, 778, 788, 794, 807, 831, 832, 837, 852, 854, 858, 860, 861, 902, 910, 912, 913, 915, 917, 919, 920, 931, 934, 935]",[],7/6 successful match,True,[419],True,215,False,,0.9444444444444444,True,Rebel Oil Truck Stop / 233 WB,
Beatty ( 89003 ) Rebel Oil Truck Stop # 74,775-553-2378 US 95 N & 1st,24 S S D,Beatty,89003,Rebel Oil Truck Stop # 74,775-553-2378,2015,Beatty,NV,,,US 95 N & 1st,empty,,False,,False,US 95,1st,,,,"[832, 382]","[382, 832]","[382, 832]",[],"[338, 339, 340, 341, 342, 343, 344, 345, 346, 347, 348, 349, 350, 351, 352, 353, 354, 355, 356, 357, 358, 359, 360, 361, 362, 363, 364, 365, 366, 367, 368, 369, 370, 371, 372, 373, 374, 375, 376, 377, 378, 379, 380, 381, 382, 383, 384, 385, 386, 387, 388, 389, 390, 391, 392, 393, 394, 395, 396, 397, 794, 795, 796, 797, 798, 799, 800, 801, 802, 803, 804, 805, 806, 807, 808, 809, 810, 811, 812, 813, 814, 815, 816, 817, 818, 819, 820, 821, 822, 823, 824, 825, 826, 827, 828, 829, 830, 831, 832, 833, 834, 835, 836, 837, 838, 839, 840, 841, 842, 843, 844, 845, 846, 847]","[8, 43, 71, 84, 86, 117, 256, 264, 339, 348, 354, 360, 369, 382, 383, 384, 385, 388, 389, 390, 409, 523, 546, 555, 557, 588, 718, 724, 795, 803, 809, 819, 832, 833, 834, 835, 838, 839, 840, 859]",[],"[4, 31, 59, 135, 142, 147, 180, 218, 229, 232, 264, 269, 299, 318, 320, 331, 338, 352, 367, 381, 382, 387, 403, 405, 408, 410, 455, 463, 465, 466, 468, 470, 472, 473, 483, 484, 490, 514, 535, 606, 613, 618, 651, 686, 693, 696, 724, 728, 758, 776, 778, 788, 794, 807, 831, 832, 837, 852, 854, 858, 860, 861, 902, 910, 912, 913, 915, 917, 919, 920, 931, 934, 935]","[514, 4, 8, 523, 535, 31, 546, 43, 555, 557, 59, 318, 71, 320, 588, 84, 86, 606, 613, 618, 117, 135, 651, 142, 147, 686, 180, 693, 696, 852, 854, 718, 724, 728, 218, 858, 859, 229, 860, 232, 861, 758, 256, 264, 776, 778, 269, 788, 794, 795, 796, 797, 798, 799, 800, 801, 802, 803, 804, 805, 806, 807, 808, 809, 810, 811, 812, 813, 814, 815, 816, 817, 818, 819, 820, 821, 822, 823, 824, 825, 826, 827, 828, 829, 830, 831, 832, 833, 834, 835, 836, 837, 838, 839, 840, 841, 842, 843, 844, 845, 846, 847, 331, 338, 339, 340, 341, 342, 343, 344, 345, 346, 347, 348, 349, 350, 351, 352, 353, 354, 355, 356, 357, 358, 359, 360, 361, 362, 363, 364, 365, 366, 367, 368, 369, 370, 371, 372, 373, 374, 375, 376, 377, 378, 379, 380, 381, 382, 383, 384, 385, 386, 387, 388, 389, 390, 391, 392, 393, 394, 395, 396, 397, 902, 910, 912, 913, 403, 915, 405, 917, 919, 408, 409, 410, 920, 931, 934, 935, 455, 463, 465, 466, 468, 470, 472, 473, 299, 483, 484, 490]",True,"[382, 832]","[338, 339, 340, 341, 342, 343, 344, 345, 346, 347, 348, 349, 350, 351, 352, 353, 354, 355, 356, 357, 358, 359, 360, 361, 362, 363, 364, 365, 366, 367, 368, 369, 370, 371, 372, 373, 374, 375, 376, 377, 378, 379, 380, 381, 382, 383, 384, 385, 386, 387, 388, 389, 390, 391, 392, 393, 394, 395, 396, 397, 794, 795, 796, 797, 798, 799, 800, 801, 802, 803, 804, 805, 806, 807, 808, 809, 810, 811, 812, 813, 814, 815, 816, 817, 818, 819, 820, 821, 822, 823, 824, 825, 826, 827, 828, 829, 830, 831, 832, 833, 834, 835, 836, 837, 838, 839, 840, 841, 842, 843, 844, 845, 846, 847]","[382, 832]",[],"[8, 43, 71, 84, 86, 117, 256, 264, 339, 348, 354, 360, 369, 382, 383, 384, 385, 388, 389, 390, 409, 523, 546, 555, 557, 588, 718, 724, 795, 803, 809, 819, 832, 833, 834, 835, 838, 839, 840, 859]","[4, 31, 59, 135, 142, 147, 180, 218, 229, 232, 264, 269, 299, 318, 320, 331, 338, 352, 367, 381, 382, 387, 403, 405, 408, 410, 455, 463, 465, 466, 468, 470, 472, 473, 483, 484, 490, 514, 535, 606, 613, 618, 651, 686, 693, 696, 724, 728, 758, 776, 778, 788, 794, 807, 831, 832, 837, 852, 854, 858, 860, 861, 902, 910, 912, 913, 915, 917, 919, 920, 931, 934, 935]",[],7/6 successful match,True,[419],True,215,False,,1.0,True,Rebel Oil Truck Stop # 74,
Beatty ( 89003 ) Rebel Oil Truck Stop # 74,775-553-2378 US 95 N & 1st,24 S,Beatty,89003,Rebel Oil Truck Stop # 74,775-553-2378,2016,Beatty,NV,,,US 95 N & 1st,empty,,False,,False,US 95,1st,,,,"[832, 382]","[382, 832]","[382, 832]",[],"[338, 339, 340, 341, 342, 343, 344, 345, 346, 347, 348, 349, 350, 351, 352, 353, 354, 355, 356, 357, 358, 359, 360, 361, 362, 363, 364, 365, 366, 367, 368, 369, 370, 371, 372, 373, 374, 375, 376, 377, 378, 379, 380, 381, 382, 383, 384, 385, 386, 387, 388, 389, 390, 391, 392, 393, 394, 395, 396, 397, 794, 795, 796, 797, 798, 799, 800, 801, 802, 803, 804, 805, 806, 807, 808, 809, 810, 811, 812, 813, 814, 815, 816, 817, 818, 819, 820, 821, 822, 823, 824, 825, 826, 827, 828, 829, 830, 831, 832, 833, 834, 835, 836, 837, 838, 839, 840, 841, 842, 843, 844, 845, 846, 847]","[8, 43, 71, 84, 86, 117, 256, 264, 339, 348, 354, 360, 369, 382, 383, 384, 385, 388, 389, 390, 409, 523, 546, 555, 557, 588, 718, 724, 795, 803, 809, 819, 832, 833, 834, 835, 838, 839, 840, 859]",[],"[4, 31, 59, 135, 142, 147, 180, 218, 229, 232, 264, 269, 299, 318, 320, 331, 338, 352, 367, 381, 382, 387, 403, 405, 408, 410, 455, 463, 465, 466, 468, 470, 472, 473, 483, 484, 490, 514, 535, 606, 613, 618, 651, 686, 693, 696, 724, 728, 758, 776, 778, 788, 794, 807, 831, 832, 837, 852, 854, 858, 860, 861, 902, 910, 912, 913, 915, 917, 919, 920, 931, 934, 935]","[514, 4, 8, 523, 535, 31, 546, 43, 555, 557, 59, 318, 71, 320, 588, 84, 86, 606, 613, 618, 117, 135, 651, 142, 147, 686, 180, 693, 696, 852, 854, 718, 724, 728, 218, 858, 859, 229, 860, 232, 861, 758, 256, 264, 776, 778, 269, 788, 794, 795, 796, 797, 798, 799, 800, 801, 802, 803, 804, 805, 806, 807, 808, 809, 810, 811, 812, 813, 814, 815, 816, 817, 818, 819, 820, 821, 822, 823, 824, 825, 826, 827, 828, 829, 830, 831, 832, 833, 834, 835, 836, 837, 838, 839, 840, 841, 842, 843, 844, 845, 846, 847, 331, 338, 339, 340, 341, 342, 343, 344, 345, 346, 347, 348, 349, 350, 351, 352, 353, 354, 355, 356, 357, 358, 359, 360, 361, 362, 363, 364, 365, 366, 367, 368, 369, 370, 371, 372, 373, 374, 375, 376, 377, 378, 379, 380, 381, 382, 383, 384, 385, 386, 387, 388, 389, 390, 391, 392, 393, 394, 395, 396, 397, 902, 910, 912, 913, 403, 915, 405, 917, 919, 408, 409, 410, 920, 931, 934, 935, 455, 463, 465, 466, 468, 470, 472, 473, 299, 483, 484, 490]",True,"[382, 832]","[338, 339, 340, 341, 342, 343, 344, 345, 346, 347, 348, 349, 350, 351, 352, 353, 354, 355, 356, 357, 358, 359, 360, 361, 362, 363, 364, 365, 366, 367, 368, 369, 370, 371, 372, 373, 374, 375, 376, 377, 378, 379, 380, 381, 382, 383, 384, 385, 386, 387, 388, 389, 390, 391, 392, 393, 394, 395, 396, 397, 794, 795, 796, 797, 798, 799, 800, 801, 802, 803, 804, 805, 806, 807, 808, 809, 810, 811, 812, 813, 814, 815, 816, 817, 818, 819, 820, 821, 822, 823, 824, 825, 826, 827, 828, 829, 830, 831, 832, 833, 834, 835, 836, 837, 838, 839, 840, 841, 842, 843, 844, 845, 846, 847]","[382, 832]",[],"[8, 43, 71, 84, 86, 117, 256, 264, 339, 348, 354, 360, 369, 382, 383, 384, 385, 388, 389, 390, 409, 523, 546, 555, 557, 588, 718, 724, 795, 803, 809, 819, 832, 833, 834, 835, 838, 839, 840, 859]","[4, 31, 59, 135, 142, 147, 180, 218, 229, 232, 264, 269, 299, 318, 320, 331, 338, 352, 367, 381, 382, 387, 403, 405, 408, 410, 455, 463, 465, 466, 468, 470, 472, 473, 483, 484, 490, 514, 535, 606, 613, 618, 651, 686, 693, 696, 724, 728, 758, 776, 778, 788, 794, 807, 831, 832, 837, 852, 854, 858, 860, 861, 902, 910, 912, 913, 915, 917, 919, 920, 931, 934, 935]",[],7/6 successful match,True,[419],True,215,False,,1.0,True,Rebel Oil Truck Stop # 74,
"J Primm , 89019 Whiskey Pete's Casino / Truck Stop ( Shell )",6 702-679-6614 I-15 Exit 1,) 24 HRS <U+2610> XL 44 <U+2610>,Primm,89019,Whiskey Pete's Casino / Truck Stop ( Shell ),702-679-6614,2006,Jean,NV,Shell,,I-15 Exit 1,Exit,1,False,,False,I-15,,,,,[],"[341, 388, 797, 838]","[341, 388, 797, 838]","[19, 180, 181, 233, 255, 331, 341, 351, 449, 454, 503, 651, 652, 697, 708, 788, 797, 806, 857, 897, 901]","[338, 339, 340, 341, 342, 343, 344, 345, 346, 347, 348, 349, 350, 351, 352, 353, 354, 355, 356, 357, 358, 359, 360, 361, 362, 363, 364, 365, 366, 367, 368, 369, 370, 371, 372, 373, 374, 375, 376, 377, 378, 379, 380, 381, 382, 383, 384, 385, 386, 387, 388, 389, 390, 391, 392, 393, 394, 395, 396, 397, 794, 795, 796, 797, 798, 799, 800, 801, 802, 803, 804, 805, 806, 807, 808, 809, 810, 811, 812, 813, 814, 815, 816, 817, 818, 819, 820, 821, 822, 823, 824, 825, 826, 827, 828, 829, 830, 831, 832, 833, 834, 835, 836, 837, 838, 839, 840, 841, 842, 843, 844, 845, 846, 847]","[16, 125, 156, 163, 168, 184, 205, 222, 229, 253, 258, 265, 313, 317, 336, 340, 341, 356, 363, 365, 366, 367, 370, 375, 388, 391, 394, 396, 402, 410, 411, 412, 413, 415, 416, 417, 418, 419, 425, 429, 431, 433, 435, 437, 440, 441, 442, 443, 451, 452, 456, 457, 458, 460, 461, 464, 471, 473, 474, 475, 481, 482, 501, 596, 628, 635, 655, 675, 693, 716, 720, 725, 771, 775, 793, 796, 797, 811, 817, 818, 820, 825, 838, 841, 844, 846, 851, 857, 861, 862, 863, 864, 866, 867, 868, 870, 871, 877, 881, 883, 885, 888, 891, 892, 893, 898, 899, 904, 905, 907, 908, 911, 918, 920, 921, 922, 923, 924, 926, 931, 933]","[1, 13, 14, 29, 54, 55, 56, 57, 58, 60, 102, 118, 125, 127, 130, 134, 146, 149, 153, 175, 182, 187, 189, 191, 197, 225, 230, 238, 264, 265, 266, 286, 302, 317, 336, 379, 388, 389, 425, 454, 458, 463, 475, 487, 498, 499, 512, 530, 531, 532, 533, 534, 536, 573, 589, 596, 598, 601, 605, 617, 620, 624, 646, 653, 658, 660, 662, 668, 689, 694, 702, 724, 725, 745, 760, 775, 793, 829, 838, 839, 877, 901, 903, 905, 910, 923]","[1, 13, 14, 29, 54, 55, 56, 57, 58, 60, 102, 118, 125, 127, 130, 134, 146, 149, 153, 174, 175, 182, 187, 189, 191, 197, 225, 230, 238, 264, 265, 266, 286, 302, 317, 336, 341, 354, 379, 388, 389, 425, 454, 458, 463, 475, 487, 498, 499, 512, 530, 531, 532, 533, 534, 536, 573, 589, 596, 598, 601, 605, 617, 620, 624, 645, 646, 653, 658, 660, 662, 668, 689, 694, 702, 724, 725, 745, 760, 775, 793, 797, 809, 829, 838, 839, 877, 901, 903, 905, 910, 923]","[512, 1, 13, 14, 16, 530, 19, 531, 532, 533, 534, 536, 286, 29, 922, 313, 877, 54, 55, 56, 57, 58, 317, 60, 573, 589, 596, 598, 601, 888, 605, 102, 617, 620, 624, 628, 118, 635, 125, 127, 130, 645, 134, 646, 651, 652, 653, 655, 146, 658, 660, 149, 881, 662, 153, 156, 668, 163, 675, 168, 174, 175, 689, 180, 181, 693, 182, 184, 697, 851, 187, 694, 189, 702, 191, 708, 197, 883, 716, 205, 720, 724, 725, 222, 225, 229, 230, 233, 745, 861, 238, 862, 863, 760, 885, 864, 253, 255, 258, 771, 866, 775, 264, 265, 266, 867, 868, 788, 793, 794, 795, 796, 797, 798, 799, 800, 801, 802, 803, 804, 805, 806, 807, 808, 809, 810, 811, 812, 813, 814, 815, 816, 817, 818, 819, 820, 821, 822, 823, 824, 825, 826, 827, 828, 829, 830, 831, 832, 833, 834, 835, 836, 837, 838, 839, 840, 841, 842, 331, 843, 844, 845, 846, 847, 336, 338, 339, 340, 341, 342, 343, 344, 857, 345, 346, 347, 348, 349, 351, 350, 352, 353, 354, 355, 356, 357, 358, 359, 360, 361, 362, 363, 364, 365, 366, 367, 368, 369, 370, 371, 372, 373, 375, 374, 377, 378, 376, 379, 380, 381, 383, 384, 897, 385, 386, 388, 901, 387, 389, 390, 391, 392, 393, 394, 382, 395, 396, 397, 870, 402, 891, 893, 908, 911, 918, 920, 921, 410, 411, 412, 413, 871, 415, 416, 417, 418, 419, 923, 924, 926, 898, 931, 425, 892, 933, 899, 429, 431, 433, 435, 437, 440, 441, 442, 443, 903, 449, 451, 452, 904, 454, 456, 457, 458, 905, 460, 461, 463, 464, 907, 471, 473, 474, 475, 481, 482, 910, 487, 302, 498, 499, 501, 503]",False,"[341, 388, 797, 838]","[338, 339, 340, 341, 342, 343, 344, 345, 346, 347, 348, 349, 350, 351, 352, 353, 354, 355, 356, 357, 358, 359, 360, 361, 362, 363, 364, 365, 366, 367, 368, 369, 370, 371, 372, 373, 374, 375, 376, 377, 378, 379, 380, 381, 382, 383, 384, 385, 386, 387, 388, 389, 390, 391, 392, 393, 394, 395, 396, 397, 794, 795, 796, 797, 798, 799, 800, 801, 802, 803, 804, 805, 806, 807, 808, 809, 810, 811, 812, 813, 814, 815, 816, 817, 818, 819, 820, 821, 822, 823, 824, 825, 826, 827, 828, 829, 830, 831, 832, 833, 834, 835, 836, 837, 838, 839, 840, 841, 842, 843, 844, 845, 846, 847]","[341, 388, 797, 838]","[19, 180, 181, 233, 255, 331, 341, 351, 449, 454, 503, 651, 652, 697, 708, 788, 797, 806, 857, 897, 901]","[16, 125, 156, 163, 168, 184, 205, 222, 229, 253, 258, 265, 313, 317, 336, 340, 341, 356, 363, 365, 366, 367, 370, 375, 388, 391, 394, 396, 402, 410, 411, 412, 413, 415, 416, 417, 418, 419, 425, 429, 431, 433, 435, 437, 440, 441, 442, 443, 451, 452, 456, 457, 458, 460, 461, 464, 471, 473, 474, 475, 481, 482, 501, 596, 628, 635, 655, 675, 693, 716, 720, 725, 771, 775, 793, 796, 797, 811, 817, 818, 820, 825, 838, 841, 844, 846, 851, 857, 861, 862, 863, 864, 866, 867, 868, 870, 871, 877, 881, 883, 885, 888, 891, 892, 893, 898, 899, 904, 905, 907, 908, 911, 918, 920, 921, 922, 923, 924, 926, 931, 933]","[1, 13, 14, 29, 54, 55, 56, 57, 58, 60, 102, 118, 125, 127, 130, 134, 146, 149, 153, 174, 175, 182, 187, 189, 191, 197, 225, 230, 238, 264, 265, 266, 286, 302, 317, 336, 341, 354, 379, 388, 389, 425, 454, 458, 463, 475, 487, 498, 499, 512, 530, 531, 532, 533, 534, 536, 573, 589, 596, 598, 601, 605, 617, 620, 624, 645, 646, 653, 658, 660, 662, 668, 689, 694, 702, 724, 725, 745, 760, 775, 793, 797, 809, 829, 838, 839, 877, 901, 903, 905, 910, 923]","[1, 13, 14, 29, 54, 55, 56, 57, 58, 60, 102, 118, 125, 127, 130, 134, 146, 149, 153, 175, 182, 187, 189, 191, 197, 225, 230, 238, 264, 265, 266, 286, 302, 317, 336, 379, 388, 389, 425, 454, 458, 463, 475, 487, 498, 499, 512, 530, 531, 532, 533, 534, 536, 573, 589, 596, 598, 601, 605, 617, 620, 624, 646, 653, 658, 660, 662, 668, 689, 694, 702, 724, 725, 745, 760, 775, 793, 829, 838, 839, 877, 901, 903, 905, 910, 923]",7/6 successful match,False,[11],True,216,False,,,,,
"J Primm , 89019 Whiskey Pete's Casino / Truck Stop ( Shell",6 702-679-6614 I-15 Exit 1,) 24 HRS . XL 240 O,Primm,89019,Whiskey Pete's Casino / Truck Stop ( Shell,702-679-6614,2007,Jean,NV,Shell,,I-15 Exit 1,Exit,1,False,,False,I-15,,,,,[],"[341, 388, 797, 838]","[341, 388, 797, 838]","[19, 180, 181, 233, 255, 331, 341, 351, 449, 454, 503, 651, 652, 697, 708, 788, 797, 806, 857, 897, 901]","[338, 339, 340, 341, 342, 343, 344, 345, 346, 347, 348, 349, 350, 351, 352, 353, 354, 355, 356, 357, 358, 359, 360, 361, 362, 363, 364, 365, 366, 367, 368, 369, 370, 371, 372, 373, 374, 375, 376, 377, 378, 379, 380, 381, 382, 383, 384, 385, 386, 387, 388, 389, 390, 391, 392, 393, 394, 395, 396, 397, 794, 795, 796, 797, 798, 799, 800, 801, 802, 803, 804, 805, 806, 807, 808, 809, 810, 811, 812, 813, 814, 815, 816, 817, 818, 819, 820, 821, 822, 823, 824, 825, 826, 827, 828, 829, 830, 831, 832, 833, 834, 835, 836, 837, 838, 839, 840, 841, 842, 843, 844, 845, 846, 847]","[16, 125, 156, 163, 168, 184, 205, 222, 229, 253, 258, 265, 313, 317, 336, 340, 341, 356, 363, 365, 366, 367, 370, 375, 388, 391, 394, 396, 402, 410, 411, 412, 413, 415, 416, 417, 418, 419, 425, 429, 431, 433, 435, 437, 440, 441, 442, 443, 451, 452, 456, 457, 458, 460, 461, 464, 471, 473, 474, 475, 481, 482, 501, 596, 628, 635, 655, 675, 693, 716, 720, 725, 771, 775, 793, 796, 797, 811, 817, 818, 820, 825, 838, 841, 844, 846, 851, 857, 861, 862, 863, 864, 866, 867, 868, 870, 871, 877, 881, 883, 885, 888, 891, 892, 893, 898, 899, 904, 905, 907, 908, 911, 918, 920, 921, 922, 923, 924, 926, 931, 933]","[1, 13, 14, 29, 54, 55, 56, 57, 58, 60, 102, 118, 125, 127, 130, 134, 146, 149, 153, 175, 182, 187, 189, 191, 197, 225, 230, 238, 264, 265, 266, 286, 302, 317, 336, 379, 388, 389, 425, 454, 458, 463, 475, 487, 498, 499, 512, 530, 531, 532, 533, 534, 536, 573, 589, 596, 598, 601, 605, 617, 620, 624, 646, 653, 658, 660, 662, 668, 689, 694, 702, 724, 725, 745, 760, 775, 793, 829, 838, 839, 877, 901, 903, 905, 910, 923]","[1, 13, 14, 29, 54, 55, 56, 57, 58, 60, 102, 118, 125, 127, 130, 134, 146, 149, 153, 174, 175, 182, 187, 189, 191, 197, 225, 230, 238, 264, 265, 266, 286, 302, 317, 336, 341, 354, 379, 388, 389, 425, 454, 458, 463, 475, 487, 498, 499, 512, 530, 531, 532, 533, 534, 536, 573, 589, 596, 598, 601, 605, 617, 620, 624, 645, 646, 653, 658, 660, 662, 668, 689, 694, 702, 724, 725, 745, 760, 775, 793, 797, 809, 829, 838, 839, 877, 901, 903, 905, 910, 923]","[512, 1, 13, 14, 16, 530, 19, 531, 532, 533, 534, 536, 286, 29, 922, 313, 877, 54, 55, 56, 57, 58, 317, 60, 573, 589, 596, 598, 601, 888, 605, 102, 617, 620, 624, 628, 118, 635, 125, 127, 130, 645, 134, 646, 651, 652, 653, 655, 146, 658, 660, 149, 881, 662, 153, 156, 668, 163, 675, 168, 174, 175, 689, 180, 181, 693, 182, 184, 697, 851, 187, 694, 189, 702, 191, 708, 197, 883, 716, 205, 720, 724, 725, 222, 225, 229, 230, 233, 745, 861, 238, 862, 863, 760, 885, 864, 253, 255, 258, 771, 866, 775, 264, 265, 266, 867, 868, 788, 793, 794, 795, 796, 797, 798, 799, 800, 801, 802, 803, 804, 805, 806, 807, 808, 809, 810, 811, 812, 813, 814, 815, 816, 817, 818, 819, 820, 821, 822, 823, 824, 825, 826, 827, 828, 829, 830, 831, 832, 833, 834, 835, 836, 837, 838, 839, 840, 841, 842, 331, 843, 844, 845, 846, 847, 336, 338, 339, 340, 341, 342, 343, 344, 857, 345, 346, 347, 348, 349, 351, 350, 352, 353, 354, 355, 356, 357, 358, 359, 360, 361, 362, 363, 364, 365, 366, 367, 368, 369, 370, 371, 372, 373, 375, 374, 377, 378, 376, 379, 380, 381, 383, 384, 897, 385, 386, 388, 901, 387, 389, 390, 391, 392, 393, 394, 382, 395, 396, 397, 870, 402, 891, 893, 908, 911, 918, 920, 921, 410, 411, 412, 413, 871, 415, 416, 417, 418, 419, 923, 924, 926, 898, 931, 425, 892, 933, 899, 429, 431, 433, 435, 437, 440, 441, 442, 443, 903, 449, 451, 452, 904, 454, 456, 457, 458, 905, 460, 461, 463, 464, 907, 471, 473, 474, 475, 481, 482, 910, 487, 302, 498, 499, 501, 503]",False,"[341, 388, 797, 838]","[338, 339, 340, 341, 342, 343, 344, 345, 346, 347, 348, 349, 350, 351, 352, 353, 354, 355, 356, 357, 358, 359, 360, 361, 362, 363, 364, 365, 366, 367, 368, 369, 370, 371, 372, 373, 374, 375, 376, 377, 378, 379, 380, 381, 382, 383, 384, 385, 386, 387, 388, 389, 390, 391, 392, 393, 394, 395, 396, 397, 794, 795, 796, 797, 798, 799, 800, 801, 802, 803, 804, 805, 806, 807, 808, 809, 810, 811, 812, 813, 814, 815, 816, 817, 818, 819, 820, 821, 822, 823, 824, 825, 826, 827, 828, 829, 830, 831, 832, 833, 834, 835, 836, 837, 838, 839, 840, 841, 842, 843, 844, 845, 846, 847]","[341, 388, 797, 838]","[19, 180, 181, 233, 255, 331, 341, 351, 449, 454, 503, 651, 652, 697, 708, 788, 797, 806, 857, 897, 901]","[16, 125, 156, 163, 168, 184, 205, 222, 229, 253, 258, 265, 313, 317, 336, 340, 341, 356, 363, 365, 366, 367, 370, 375, 388, 391, 394, 396, 402, 410, 411, 412, 413, 415, 416, 417, 418, 419, 425, 429, 431, 433, 435, 437, 440, 441, 442, 443, 451, 452, 456, 457, 458, 460, 461, 464, 471, 473, 474, 475, 481, 482, 501, 596, 628, 635, 655, 675, 693, 716, 720, 725, 771, 775, 793, 796, 797, 811, 817, 818, 820, 825, 838, 841, 844, 846, 851, 857, 861, 862, 863, 864, 866, 867, 868, 870, 871, 877, 881, 883, 885, 888, 891, 892, 893, 898, 899, 904, 905, 907, 908, 911, 918, 920, 921, 922, 923, 924, 926, 931, 933]","[1, 13, 14, 29, 54, 55, 56, 57, 58, 60, 102, 118, 125, 127, 130, 134, 146, 149, 153, 174, 175, 182, 187, 189, 191, 197, 225, 230, 238, 264, 265, 266, 286, 302, 317, 336, 341, 354, 379, 388, 389, 425, 454, 458, 463, 475, 487, 498, 499, 512, 530, 531, 532, 533, 534, 536, 573, 589, 596, 598, 601, 605, 617, 620, 624, 645, 646, 653, 658, 660, 662, 668, 689, 694, 702, 724, 725, 745, 760, 775, 793, 797, 809, 829, 838, 839, 877, 901, 903, 905, 910, 923]","[1, 13, 14, 29, 54, 55, 56, 57, 58, 60, 102, 118, 125, 127, 130, 134, 146, 149, 153, 175, 182, 187, 189, 191, 197, 225, 230, 238, 264, 265, 266, 286, 302, 317, 336, 379, 388, 389, 425, 454, 458, 463, 475, 487, 498, 499, 512, 530, 531, 532, 533, 534, 536, 573, 589, 596, 598, 601, 605, 617, 620, 624, 646, 653, 658, 660, 662, 668, 689, 694, 702, 724, 725, 745, 760, 775, 793, 829, 838, 839, 877, 901, 903, 905, 910, 923]",7/6 successful match,False,[11],True,216,False,,1.0,True,Whiskey Pete's Casino / Truck Stop ( Shell ),Shell
"J Primm , 89019 Whiskey Pete's Casino mi N of Winnemucca )",6 702-679-6614 I-15 Exit 1 / Truck Stop ( Shell ),) MRS 24 XL 24,Primm,89019,Whiskey Pete's Casino mi N of Winnemucca ),702-679-6614,2008,Jean,NV,,( Shell ),I-15 Exit 1 / Truck Stop ,Exit,1,False,,False,I-15,,,,,[],"[341, 388, 797, 838]","[341, 388, 797, 838]","[19, 180, 181, 233, 255, 331, 341, 351, 449, 454, 503, 651, 652, 697, 708, 788, 797, 806, 857, 897, 901]","[338, 339, 340, 341, 342, 343, 344, 345, 346, 347, 348, 349, 350, 351, 352, 353, 354, 355, 356, 357, 358, 359, 360, 361, 362, 363, 364, 365, 366, 367, 368, 369, 370, 371, 372, 373, 374, 375, 376, 377, 378, 379, 380, 381, 382, 383, 384, 385, 386, 387, 388, 389, 390, 391, 392, 393, 394, 395, 396, 397, 794, 795, 796, 797, 798, 799, 800, 801, 802, 803, 804, 805, 806, 807, 808, 809, 810, 811, 812, 813, 814, 815, 816, 817, 818, 819, 820, 821, 822, 823, 824, 825, 826, 827, 828, 829, 830, 831, 832, 833, 834, 835, 836, 837, 838, 839, 840, 841, 842, 843, 844, 845, 846, 847]","[16, 125, 156, 163, 168, 184, 205, 222, 229, 253, 258, 265, 313, 317, 336, 340, 341, 356, 363, 365, 366, 367, 370, 375, 388, 391, 394, 396, 402, 410, 411, 412, 413, 415, 416, 417, 418, 419, 425, 429, 431, 433, 435, 437, 440, 441, 442, 443, 451, 452, 456, 457, 458, 460, 461, 464, 471, 473, 474, 475, 481, 482, 501, 596, 628, 635, 655, 675, 693, 716, 720, 725, 771, 775, 793, 796, 797, 811, 817, 818, 820, 825, 838, 841, 844, 846, 851, 857, 861, 862, 863, 864, 866, 867, 868, 870, 871, 877, 881, 883, 885, 888, 891, 892, 893, 898, 899, 904, 905, 907, 908, 911, 918, 920, 921, 922, 923, 924, 926, 931, 933]",[],"[174, 341, 645, 797]","[16, 19, 922, 313, 877, 317, 596, 888, 628, 635, 125, 645, 651, 652, 655, 881, 156, 163, 675, 168, 174, 180, 181, 693, 184, 697, 851, 708, 883, 716, 205, 720, 725, 222, 229, 233, 861, 862, 863, 885, 864, 253, 255, 258, 771, 866, 775, 265, 867, 868, 788, 793, 794, 795, 796, 797, 798, 799, 800, 801, 802, 803, 804, 805, 806, 807, 808, 809, 810, 811, 812, 813, 814, 815, 816, 817, 818, 819, 820, 821, 822, 823, 824, 825, 826, 827, 828, 829, 830, 831, 832, 833, 834, 835, 836, 837, 838, 839, 840, 841, 842, 331, 843, 844, 845, 846, 847, 336, 338, 339, 340, 341, 342, 343, 344, 857, 345, 346, 347, 348, 349, 351, 350, 352, 353, 354, 355, 356, 357, 358, 359, 360, 361, 362, 363, 364, 365, 366, 367, 368, 369, 370, 371, 372, 373, 375, 374, 377, 378, 376, 379, 380, 381, 383, 384, 897, 385, 386, 388, 901, 387, 389, 390, 391, 392, 393, 394, 382, 395, 396, 397, 870, 402, 891, 893, 908, 911, 918, 920, 921, 410, 411, 412, 413, 871, 415, 416, 417, 418, 419, 923, 924, 926, 898, 931, 425, 892, 933, 899, 429, 431, 433, 435, 437, 440, 441, 442, 443, 449, 451, 452, 904, 454, 456, 457, 458, 905, 460, 461, 464, 907, 471, 473, 474, 475, 481, 482, 501, 503]",False,"[341, 388, 797, 838]","[338, 339, 340, 341, 342, 343, 344, 345, 346, 347, 348, 349, 350, 351, 352, 353, 354, 355, 356, 357, 358, 359, 360, 361, 362, 363, 364, 365, 366, 367, 368, 369, 370, 371, 372, 373, 374, 375, 376, 377, 378, 379, 380, 381, 382, 383, 384, 385, 386, 387, 388, 389, 390, 391, 392, 393, 394, 395, 396, 397, 794, 795, 796, 797, 798, 799, 800, 801, 802, 803, 804, 805, 806, 807, 808, 809, 810, 811, 812, 813, 814, 815, 816, 817, 818, 819, 820, 821, 822, 823, 824, 825, 826, 827, 828, 829, 830, 831, 832, 833, 834, 835, 836, 837, 838, 839, 840, 841, 842, 843, 844, 845, 846, 847]","[341, 388, 797, 838]","[19, 180, 181, 233, 255, 331, 341, 351, 449, 454, 503, 651, 652, 697, 708, 788, 797, 806, 857, 897, 901]","[16, 125, 156, 163, 168, 184, 205, 222, 229, 253, 258, 265, 313, 317, 336, 340, 341, 356, 363, 365, 366, 367, 370, 375, 388, 391, 394, 396, 402, 410, 411, 412, 413, 415, 416, 417, 418, 419, 425, 429, 431, 433, 435, 437, 440, 441, 442, 443, 451, 452, 456, 457, 458, 460, 461, 464, 471, 473, 474, 475, 481, 482, 501, 596, 628, 635, 655, 675, 693, 716, 720, 725, 771, 775, 793, 796, 797, 811, 817, 818, 820, 825, 838, 841, 844, 846, 851, 857, 861, 862, 863, 864, 866, 867, 868, 870, 871, 877, 881, 883, 885, 888, 891, 892, 893, 898, 899, 904, 905, 907, 908, 911, 918, 920, 921, 922, 923, 924, 926, 931, 933]","[174, 341, 645, 797]",[],7/6 successful match,False,[11],True,216,False,,0.9857142857142858,True,Whiskey Pete's Casino / Truck Stop ( Shell,Shell
Primm ( 89019 ) Whiskey Pete's Casino ( Flying J # 513 ),6 702-679-6614 I-15 Exit 1,) 24 <U+2610> 24,Primm,89019,Whiskey Pete's Casino ( Flying J # 513 ),702-679-6614,2014,Jean,NV,Flying J,,I-15 Exit 1,Exit,1,False,,False,I-15,,,,,[],"[341, 388, 797, 838]","[341, 388, 797, 838]","[19, 180, 181, 233, 255, 331, 341, 351, 449, 454, 503, 651, 652, 697, 708, 788, 797, 806, 857, 897, 901]","[338, 339, 340, 341, 342, 343, 344, 345, 346, 347, 348, 349, 350, 351, 352, 353, 354, 355, 356, 357, 358, 359, 360, 361, 362, 363, 364, 365, 366, 367, 368, 369, 370, 371, 372, 373, 374, 375, 376, 377, 378, 379, 380, 381, 382, 383, 384, 385, 386, 387, 388, 389, 390, 391, 392, 393, 394, 395, 396, 397, 794, 795, 796, 797, 798, 799, 800, 801, 802, 803, 804, 805, 806, 807, 808, 809, 810, 811, 812, 813, 814, 815, 816, 817, 818, 819, 820, 821, 822, 823, 824, 825, 826, 827, 828, 829, 830, 831, 832, 833, 834, 835, 836, 837, 838, 839, 840, 841, 842, 843, 844, 845, 846, 847]","[16, 125, 156, 163, 168, 184, 205, 222, 229, 253, 258, 265, 313, 317, 336, 340, 341, 356, 363, 365, 366, 367, 370, 375, 388, 391, 394, 396, 402, 410, 411, 412, 413, 415, 416, 417, 418, 419, 425, 429, 431, 433, 435, 437, 440, 441, 442, 443, 451, 452, 456, 457, 458, 460, 461, 464, 471, 473, 474, 475, 481, 482, 501, 596, 628, 635, 655, 675, 693, 716, 720, 725, 771, 775, 793, 796, 797, 811, 817, 818, 820, 825, 838, 841, 844, 846, 851, 857, 861, 862, 863, 864, 866, 867, 868, 870, 871, 877, 881, 883, 885, 888, 891, 892, 893, 898, 899, 904, 905, 907, 908, 911, 918, 920, 921, 922, 923, 924, 926, 931, 933]","[17, 18, 19, 20, 21, 22, 23, 156, 157, 158, 159, 160, 161, 162, 163, 164, 165, 166, 167, 341, 342, 343, 344, 345, 412, 413, 414, 415, 416, 417, 418, 419, 420, 421, 422, 502, 503, 504, 505, 506, 507, 628, 629, 630, 631, 632, 633, 634, 635, 636, 637, 638, 639, 792, 797, 798, 799, 800, 801, 863, 864, 865, 866, 867, 868, 869, 870, 871, 872, 873, 874]","[17, 18, 19, 20, 21, 22, 23, 156, 157, 158, 159, 160, 161, 162, 163, 164, 165, 166, 167, 168, 174, 340, 341, 342, 343, 344, 345, 346, 412, 413, 414, 415, 416, 417, 418, 419, 420, 421, 422, 502, 503, 504, 505, 506, 507, 628, 629, 630, 631, 632, 633, 634, 635, 636, 637, 638, 639, 645, 792, 796, 797, 798, 799, 800, 801, 863, 864, 865, 866, 867, 868, 869, 870, 871, 872, 873, 874]","[16, 17, 18, 19, 20, 21, 22, 23, 922, 414, 313, 877, 317, 420, 422, 596, 888, 628, 629, 630, 631, 632, 633, 634, 635, 636, 125, 637, 638, 639, 645, 651, 652, 655, 881, 156, 157, 158, 159, 160, 161, 162, 163, 675, 164, 165, 166, 168, 167, 174, 180, 181, 693, 184, 697, 851, 708, 883, 716, 205, 720, 725, 222, 229, 233, 861, 862, 863, 885, 864, 253, 255, 865, 258, 771, 866, 775, 265, 867, 868, 788, 869, 792, 793, 794, 795, 796, 797, 798, 799, 800, 801, 802, 803, 804, 805, 806, 807, 808, 809, 810, 811, 812, 813, 814, 815, 816, 817, 818, 819, 820, 821, 822, 823, 824, 825, 826, 827, 828, 829, 830, 831, 832, 833, 834, 835, 836, 837, 838, 839, 840, 841, 842, 331, 843, 844, 845, 846, 847, 336, 338, 339, 340, 341, 342, 343, 344, 857, 345, 346, 347, 348, 349, 351, 350, 352, 353, 354, 355, 356, 357, 358, 359, 360, 361, 362, 363, 364, 365, 366, 367, 368, 369, 370, 371, 372, 373, 375, 374, 377, 378, 376, 379, 380, 381, 383, 384, 897, 385, 386, 388, 901, 387, 389, 390, 391, 392, 393, 394, 382, 395, 396, 397, 870, 402, 891, 893, 908, 911, 918, 920, 921, 410, 411, 412, 413, 871, 415, 416, 417, 418, 419, 923, 924, 926, 898, 931, 425, 892, 933, 899, 429, 421, 431, 433, 435, 437, 872, 440, 441, 442, 443, 449, 451, 452, 904, 454, 456, 457, 458, 905, 460, 461, 873, 464, 907, 471, 473, 474, 475, 481, 482, 874, 501, 502, 503, 504, 505, 506, 507]",False,"[341, 388, 797, 838]","[338, 339, 340, 341, 342, 343, 344, 345, 346, 347, 348, 349, 350, 351, 352, 353, 354, 355, 356, 357, 358, 359, 360, 361, 362, 363, 364, 365, 366, 367, 368, 369, 370, 371, 372, 373, 374, 375, 376, 377, 378, 379, 380, 381, 382, 383, 384, 385, 386, 387, 388, 389, 390, 391, 392, 393, 394, 395, 396, 397, 794, 795, 796, 797, 798, 799, 800, 801, 802, 803, 804, 805, 806, 807, 808, 809, 810, 811, 812, 813, 814, 815, 816, 817, 818, 819, 820, 821, 822, 823, 824, 825, 826, 827, 828, 829, 830, 831, 832, 833, 834, 835, 836, 837, 838, 839, 840, 841, 842, 843, 844, 845, 846, 847]","[341, 388, 797, 838]","[19, 180, 181, 233, 255, 331, 341, 351, 449, 454, 503, 651, 652, 697, 708, 788, 797, 806, 857, 897, 901]","[16, 125, 156, 163, 168, 184, 205, 222, 229, 253, 258, 265, 313, 317, 336, 340, 341, 356, 363, 365, 366, 367, 370, 375, 388, 391, 394, 396, 402, 410, 411, 412, 413, 415, 416, 417, 418, 419, 425, 429, 431, 433, 435, 437, 440, 441, 442, 443, 451, 452, 456, 457, 458, 460, 461, 464, 471, 473, 474, 475, 481, 482, 501, 596, 628, 635, 655, 675, 693, 716, 720, 725, 771, 775, 793, 796, 797, 811, 817, 818, 820, 825, 838, 841, 844, 846, 851, 857, 861, 862, 863, 864, 866, 867, 868, 870, 871, 877, 881, 883, 885, 888, 891, 892, 893, 898, 899, 904, 905, 907, 908, 911, 918, 920, 921, 922, 923, 924, 926, 931, 933]","[17, 18, 19, 20, 21, 22, 23, 156, 157, 158, 159, 160, 161, 162, 163, 164, 165, 166, 167, 168, 174, 340, 341, 342, 343, 344, 345, 346, 412, 413, 414, 415, 416, 417, 418, 419, 420, 421, 422, 502, 503, 504, 505, 506, 507, 628, 629, 630, 631, 632, 633, 634, 635, 636, 637, 638, 639, 645, 792, 796, 797, 798, 799, 800, 801, 863, 864, 865, 866, 867, 868, 869, 870, 871, 872, 873, 874]","[17, 18, 19, 20, 21, 22, 23, 156, 157, 158, 159, 160, 161, 162, 163, 164, 165, 166, 167, 341, 342, 343, 344, 345, 412, 413, 414, 415, 416, 417, 418, 419, 420, 421, 422, 502, 503, 504, 505, 506, 507, 628, 629, 630, 631, 632, 633, 634, 635, 636, 637, 638, 639, 792, 797, 798, 799, 800, 801, 863, 864, 865, 866, 867, 868, 869, 870, 871, 872, 873, 874]",7/6 successful match,False,[11],True,216,False,,0.9048780487804878,True,Whiskey Pete's Casino mi N of Winnemucca ),
Primm ( 89019 ) Whiskey Pete's Casino ( Flying J # 513 ),6 702-679-6614 I-15 Exit 1 FLYING J,J 24 <U+2610> LOO 24,Primm,89019,Whiskey Pete's Casino ( Flying J # 513 ),702-679-6614,2015,Jean,NV,Flying J,,I-15 Exit 1 FLYING J,Exit,1,False,,False,I-15,,,,,[],"[341, 388, 797, 838]","[341, 388, 797, 838]","[19, 180, 181, 233, 255, 331, 341, 351, 449, 454, 503, 651, 652, 697, 708, 788, 797, 806, 857, 897, 901]","[338, 339, 340, 341, 342, 343, 344, 345, 346, 347, 348, 349, 350, 351, 352, 353, 354, 355, 356, 357, 358, 359, 360, 361, 362, 363, 364, 365, 366, 367, 368, 369, 370, 371, 372, 373, 374, 375, 376, 377, 378, 379, 380, 381, 382, 383, 384, 385, 386, 387, 388, 389, 390, 391, 392, 393, 394, 395, 396, 397, 794, 795, 796, 797, 798, 799, 800, 801, 802, 803, 804, 805, 806, 807, 808, 809, 810, 811, 812, 813, 814, 815, 816, 817, 818, 819, 820, 821, 822, 823, 824, 825, 826, 827, 828, 829, 830, 831, 832, 833, 834, 835, 836, 837, 838, 839, 840, 841, 842, 843, 844, 845, 846, 847]","[16, 125, 156, 163, 168, 184, 205, 222, 229, 253, 258, 265, 313, 317, 336, 340, 341, 356, 363, 365, 366, 367, 370, 375, 388, 391, 394, 396, 402, 410, 411, 412, 413, 415, 416, 417, 418, 419, 425, 429, 431, 433, 435, 437, 440, 441, 442, 443, 451, 452, 456, 457, 458, 460, 461, 464, 471, 473, 474, 475, 481, 482, 501, 596, 628, 635, 655, 675, 693, 716, 720, 725, 771, 775, 793, 796, 797, 811, 817, 818, 820, 825, 838, 841, 844, 846, 851, 857, 861, 862, 863, 864, 866, 867, 868, 870, 871, 877, 881, 883, 885, 888, 891, 892, 893, 898, 899, 904, 905, 907, 908, 911, 918, 920, 921, 922, 923, 924, 926, 931, 933]","[17, 18, 19, 20, 21, 22, 23, 156, 157, 158, 159, 160, 161, 162, 163, 164, 165, 166, 167, 341, 342, 343, 344, 345, 412, 413, 414, 415, 416, 417, 418, 419, 420, 421, 422, 502, 503, 504, 505, 506, 507, 628, 629, 630, 631, 632, 633, 634, 635, 636, 637, 638, 639, 792, 797, 798, 799, 800, 801, 863, 864, 865, 866, 867, 868, 869, 870, 871, 872, 873, 874]","[17, 18, 19, 20, 21, 22, 23, 156, 157, 158, 159, 160, 161, 162, 163, 164, 165, 166, 167, 168, 174, 340, 341, 342, 343, 344, 345, 346, 412, 413, 414, 415, 416, 417, 418, 419, 420, 421, 422, 502, 503, 504, 505, 506, 507, 628, 629, 630, 631, 632, 633, 634, 635, 636, 637, 638, 639, 645, 792, 796, 797, 798, 799, 800, 801, 863, 864, 865, 866, 867, 868, 869, 870, 871, 872, 873, 874]","[16, 17, 18, 19, 20, 21, 22, 23, 922, 414, 313, 877, 317, 420, 422, 596, 888, 628, 629, 630, 631, 632, 633, 634, 635, 636, 125, 637, 638, 639, 645, 651, 652, 655, 881, 156, 157, 158, 159, 160, 161, 162, 163, 675, 164, 165, 166, 168, 167, 174, 180, 181, 693, 184, 697, 851, 708, 883, 716, 205, 720, 725, 222, 229, 233, 861, 862, 863, 885, 864, 253, 255, 865, 258, 771, 866, 775, 265, 867, 868, 788, 869, 792, 793, 794, 795, 796, 797, 798, 799, 800, 801, 802, 803, 804, 805, 806, 807, 808, 809, 810, 811, 812, 813, 814, 815, 816, 817, 818, 819, 820, 821, 822, 823, 824, 825, 826, 827, 828, 829, 830, 831, 832, 833, 834, 835, 836, 837, 838, 839, 840, 841, 842, 331, 843, 844, 845, 846, 847, 336, 338, 339, 340, 341, 342, 343, 344, 857, 345, 346, 347, 348, 349, 351, 350, 352, 353, 354, 355, 356, 357, 358, 359, 360, 361, 362, 363, 364, 365, 366, 367, 368, 369, 370, 371, 372, 373, 375, 374, 377, 378, 376, 379, 380, 381, 383, 384, 897, 385, 386, 388, 901, 387, 389, 390, 391, 392, 393, 394, 382, 395, 396, 397, 870, 402, 891, 893, 908, 911, 918, 920, 921, 410, 411, 412, 413, 871, 415, 416, 417, 418, 419, 923, 924, 926, 898, 931, 425, 892, 933, 899, 429, 421, 431, 433, 435, 437, 872, 440, 441, 442, 443, 449, 451, 452, 904, 454, 456, 457, 458, 905, 460, 461, 873, 464, 907, 471, 473, 474, 475, 481, 482, 874, 501, 502, 503, 504, 505, 506, 507]",False,"[341, 388, 797, 838]","[338, 339, 340, 341, 342, 343, 344, 345, 346, 347, 348, 349, 350, 351, 352, 353, 354, 355, 356, 357, 358, 359, 360, 361, 362, 363, 364, 365, 366, 367, 368, 369, 370, 371, 372, 373, 374, 375, 376, 377, 378, 379, 380, 381, 382, 383, 384, 385, 386, 387, 388, 389, 390, 391, 392, 393, 394, 395, 396, 397, 794, 795, 796, 797, 798, 799, 800, 801, 802, 803, 804, 805, 806, 807, 808, 809, 810, 811, 812, 813, 814, 815, 816, 817, 818, 819, 820, 821, 822, 823, 824, 825, 826, 827, 828, 829, 830, 831, 832, 833, 834, 835, 836, 837, 838, 839, 840, 841, 842, 843, 844, 845, 846, 847]","[341, 388, 797, 838]","[19, 180, 181, 233, 255, 331, 341, 351, 449, 454, 503, 651, 652, 697, 708, 788, 797, 806, 857, 897, 901]","[16, 125, 156, 163, 168, 184, 205, 222, 229, 253, 258, 265, 313, 317, 336, 340, 341, 356, 363, 365, 366, 367, 370, 375, 388, 391, 394, 396, 402, 410, 411, 412, 413, 415, 416, 417, 418, 419, 425, 429, 431, 433, 435, 437, 440, 441, 442, 443, 451, 452, 456, 457, 458, 460, 461, 464, 471, 473, 474, 475, 481, 482, 501, 596, 628, 635, 655, 675, 693, 716, 720, 725, 771, 775, 793, 796, 797, 811, 817, 818, 820, 825, 838, 841, 844, 846, 851, 857, 861, 862, 863, 864, 866, 867, 868, 870, 871, 877, 881, 883, 885, 888, 891, 892, 893, 898, 899, 904, 905, 907, 908, 911, 918, 920, 921, 922, 923, 924, 926, 931, 933]","[17, 18, 19, 20, 21, 22, 23, 156, 157, 158, 159, 160, 161, 162, 163, 164, 165, 166, 167, 168, 174, 340, 341, 342, 343, 344, 345, 346, 412, 413, 414, 415, 416, 417, 418, 419, 420, 421, 422, 502, 503, 504, 505, 506, 507, 628, 629, 630, 631, 632, 633, 634, 635, 636, 637, 638, 639, 645, 792, 796, 797, 798, 799, 800, 801, 863, 864, 865, 866, 867, 868, 869, 870, 871, 872, 873, 874]","[17, 18, 19, 20, 21, 22, 23, 156, 157, 158, 159, 160, 161, 162, 163, 164, 165, 166, 167, 341, 342, 343, 344, 345, 412, 413, 414, 415, 416, 417, 418, 419, 420, 421, 422, 502, 503, 504, 505, 506, 507, 628, 629, 630, 631, 632, 633, 634, 635, 636, 637, 638, 639, 792, 797, 798, 799, 800, 801, 863, 864, 865, 866, 867, 868, 869, 870, 871, 872, 873, 874]",7/6 successful match,False,[11],True,216,False,,1.0,True,Whiskey Pete's Casino ( Flying J # 513 ),Flying J
Primm ( 89019 ) Whiskey Pete's Casino ( Flying J # 513 ),702-679-6614 I-15 Exit 1 FLYING,FLYING 24 <U+2610> OLO 24 24,Primm,89019,Whiskey Pete's Casino ( Flying J # 513 ),702-679-6614,2016,Jean,NV,Flying J,,I-15 Exit 1 FLYING,Exit,1,False,,False,I-15,,,,,[],"[341, 388, 797, 838]","[341, 388, 797, 838]","[19, 180, 181, 233, 255, 331, 341, 351, 449, 454, 503, 651, 652, 697, 708, 788, 797, 806, 857, 897, 901]","[338, 339, 340, 341, 342, 343, 344, 345, 346, 347, 348, 349, 350, 351, 352, 353, 354, 355, 356, 357, 358, 359, 360, 361, 362, 363, 364, 365, 366, 367, 368, 369, 370, 371, 372, 373, 374, 375, 376, 377, 378, 379, 380, 381, 382, 383, 384, 385, 386, 387, 388, 389, 390, 391, 392, 393, 394, 395, 396, 397, 794, 795, 796, 797, 798, 799, 800, 801, 802, 803, 804, 805, 806, 807, 808, 809, 810, 811, 812, 813, 814, 815, 816, 817, 818, 819, 820, 821, 822, 823, 824, 825, 826, 827, 828, 829, 830, 831, 832, 833, 834, 835, 836, 837, 838, 839, 840, 841, 842, 843, 844, 845, 846, 847]","[16, 125, 156, 163, 168, 184, 205, 222, 229, 253, 258, 265, 313, 317, 336, 340, 341, 356, 363, 365, 366, 367, 370, 375, 388, 391, 394, 396, 402, 410, 411, 412, 413, 415, 416, 417, 418, 419, 425, 429, 431, 433, 435, 437, 440, 441, 442, 443, 451, 452, 456, 457, 458, 460, 461, 464, 471, 473, 474, 475, 481, 482, 501, 596, 628, 635, 655, 675, 693, 716, 720, 725, 771, 775, 793, 796, 797, 811, 817, 818, 820, 825, 838, 841, 844, 846, 851, 857, 861, 862, 863, 864, 866, 867, 868, 870, 871, 877, 881, 883, 885, 888, 891, 892, 893, 898, 899, 904, 905, 907, 908, 911, 918, 920, 921, 922, 923, 924, 926, 931, 933]","[17, 18, 19, 20, 21, 22, 23, 156, 157, 158, 159, 160, 161, 162, 163, 164, 165, 166, 167, 341, 342, 343, 344, 345, 412, 413, 414, 415, 416, 417, 418, 419, 420, 421, 422, 502, 503, 504, 505, 506, 507, 628, 629, 630, 631, 632, 633, 634, 635, 636, 637, 638, 639, 792, 797, 798, 799, 800, 801, 863, 864, 865, 866, 867, 868, 869, 870, 871, 872, 873, 874]","[17, 18, 19, 20, 21, 22, 23, 156, 157, 158, 159, 160, 161, 162, 163, 164, 165, 166, 167, 168, 174, 340, 341, 342, 343, 344, 345, 346, 412, 413, 414, 415, 416, 417, 418, 419, 420, 421, 422, 502, 503, 504, 505, 506, 507, 628, 629, 630, 631, 632, 633, 634, 635, 636, 637, 638, 639, 645, 792, 796, 797, 798, 799, 800, 801, 863, 864, 865, 866, 867, 868, 869, 870, 871, 872, 873, 874]","[16, 17, 18, 19, 20, 21, 22, 23, 922, 414, 313, 877, 317, 420, 422, 596, 888, 628, 629, 630, 631, 632, 633, 634, 635, 636, 125, 637, 638, 639, 645, 651, 652, 655, 881, 156, 157, 158, 159, 160, 161, 162, 163, 675, 164, 165, 166, 168, 167, 174, 180, 181, 693, 184, 697, 851, 708, 883, 716, 205, 720, 725, 222, 229, 233, 861, 862, 863, 885, 864, 253, 255, 865, 258, 771, 866, 775, 265, 867, 868, 788, 869, 792, 793, 794, 795, 796, 797, 798, 799, 800, 801, 802, 803, 804, 805, 806, 807, 808, 809, 810, 811, 812, 813, 814, 815, 816, 817, 818, 819, 820, 821, 822, 823, 824, 825, 826, 827, 828, 829, 830, 831, 832, 833, 834, 835, 836, 837, 838, 839, 840, 841, 842, 331, 843, 844, 845, 846, 847, 336, 338, 339, 340, 341, 342, 343, 344, 857, 345, 346, 347, 348, 349, 351, 350, 352, 353, 354, 355, 356, 357, 358, 359, 360, 361, 362, 363, 364, 365, 366, 367, 368, 369, 370, 371, 372, 373, 375, 374, 377, 378, 376, 379, 380, 381, 383, 384, 897, 385, 386, 388, 901, 387, 389, 390, 391, 392, 393, 394, 382, 395, 396, 397, 870, 402, 891, 893, 908, 911, 918, 920, 921, 410, 411, 412, 413, 871, 415, 416, 417, 418, 419, 923, 924, 926, 898, 931, 425, 892, 933, 899, 429, 421, 431, 433, 435, 437, 872, 440, 441, 442, 443, 449, 451, 452, 904, 454, 456, 457, 458, 905, 460, 461, 873, 464, 907, 471, 473, 474, 475, 481, 482, 874, 501, 502, 503, 504, 505, 506, 507]",False,"[341, 388, 797, 838]","[338, 339, 340, 341, 342, 343, 344, 345, 346, 347, 348, 349, 350, 351, 352, 353, 354, 355, 356, 357, 358, 359, 360, 361, 362, 363, 364, 365, 366, 367, 368, 369, 370, 371, 372, 373, 374, 375, 376, 377, 378, 379, 380, 381, 382, 383, 384, 385, 386, 387, 388, 389, 390, 391, 392, 393, 394, 395, 396, 397, 794, 795, 796, 797, 798, 799, 800, 801, 802, 803, 804, 805, 806, 807, 808, 809, 810, 811, 812, 813, 814, 815, 816, 817, 818, 819, 820, 821, 822, 823, 824, 825, 826, 827, 828, 829, 830, 831, 832, 833, 834, 835, 836, 837, 838, 839, 840, 841, 842, 843, 844, 845, 846, 847]","[341, 388, 797, 838]","[19, 180, 181, 233, 255, 331, 341, 351, 449, 454, 503, 651, 652, 697, 708, 788, 797, 806, 857, 897, 901]","[16, 125, 156, 163, 168, 184, 205, 222, 229, 253, 258, 265, 313, 317, 336, 340, 341, 356, 363, 365, 366, 367, 370, 375, 388, 391, 394, 396, 402, 410, 411, 412, 413, 415, 416, 417, 418, 419, 425, 429, 431, 433, 435, 437, 440, 441, 442, 443, 451, 452, 456, 457, 458, 460, 461, 464, 471, 473, 474, 475, 481, 482, 501, 596, 628, 635, 655, 675, 693, 716, 720, 725, 771, 775, 793, 796, 797, 811, 817, 818, 820, 825, 838, 841, 844, 846, 851, 857, 861, 862, 863, 864, 866, 867, 868, 870, 871, 877, 881, 883, 885, 888, 891, 892, 893, 898, 899, 904, 905, 907, 908, 911, 918, 920, 921, 922, 923, 924, 926, 931, 933]","[17, 18, 19, 20, 21, 22, 23, 156, 157, 158, 159, 160, 161, 162, 163, 164, 165, 166, 167, 168, 174, 340, 341, 342, 343, 344, 345, 346, 412, 413, 414, 415, 416, 417, 418, 419, 420, 421, 422, 502, 503, 504, 505, 506, 507, 628, 629, 630, 631, 632, 633, 634, 635, 636, 637, 638, 639, 645, 792, 796, 797, 798, 799, 800, 801, 863, 864, 865, 866, 867, 868, 869, 870, 871, 872, 873, 874]","[17, 18, 19, 20, 21, 22, 23, 156, 157, 158, 159, 160, 161, 162, 163, 164, 165, 166, 167, 341, 342, 343, 344, 345, 412, 413, 414, 415, 416, 417, 418, 419, 420, 421, 422, 502, 503, 504, 505, 506, 507, 628, 629, 630, 631, 632, 633, 634, 635, 636, 637, 638, 639, 792, 797, 798, 799, 800, 801, 863, 864, 865, 866, 867, 868, 869, 870, 871, 872, 873, 874]",7/6 successful match,False,[11],True,216,False,,1.0,True,Whiskey Pete's Casino ( Flying J # 513 ),Flying J
"Jean , 89019 Gold Strike Auto Truck Plaza ( Mobil )",702-874-1515 I-15 Exit 12,F,Jean,89019,Gold Strike Auto Truck Plaza ( Mobil ),702-874-1515,2006,Jean,NV,Mobil,,I-15 Exit 12,Exit,12,False,,False,I-15,,,,,"[388, 838]","[341, 388, 797, 838]","[388, 838]","[17, 42, 59, 72, 210, 388, 405, 502, 535, 540, 680, 838, 854]","[338, 339, 340, 341, 342, 343, 344, 345, 346, 347, 348, 349, 350, 351, 352, 353, 354, 355, 356, 357, 358, 359, 360, 361, 362, 363, 364, 365, 366, 367, 368, 369, 370, 371, 372, 373, 374, 375, 376, 377, 378, 379, 380, 381, 382, 383, 384, 385, 386, 387, 388, 389, 390, 391, 392, 393, 394, 395, 396, 397, 794, 795, 796, 797, 798, 799, 800, 801, 802, 803, 804, 805, 806, 807, 808, 809, 810, 811, 812, 813, 814, 815, 816, 817, 818, 819, 820, 821, 822, 823, 824, 825, 826, 827, 828, 829, 830, 831, 832, 833, 834, 835, 836, 837, 838, 839, 840, 841, 842, 843, 844, 845, 846, 847]","[16, 125, 156, 163, 168, 184, 205, 222, 229, 253, 258, 265, 313, 317, 336, 340, 341, 356, 363, 365, 366, 367, 370, 375, 388, 391, 394, 396, 402, 410, 411, 412, 413, 415, 416, 417, 418, 419, 425, 429, 431, 433, 435, 437, 440, 441, 442, 443, 451, 452, 456, 457, 458, 460, 461, 464, 471, 473, 474, 475, 481, 482, 501, 596, 628, 635, 655, 675, 693, 716, 720, 725, 771, 775, 793, 796, 797, 811, 817, 818, 820, 825, 838, 841, 844, 846, 851, 857, 861, 862, 863, 864, 866, 867, 868, 870, 871, 877, 881, 883, 885, 888, 891, 892, 893, 898, 899, 904, 905, 907, 908, 911, 918, 920, 921, 922, 923, 924, 926, 931, 933]","[4, 59, 232, 269, 299, 490, 535, 696, 728, 758]","[4, 59, 232, 269, 299, 490, 535, 696, 728, 758]","[4, 16, 17, 535, 540, 922, 313, 42, 877, 59, 317, 72, 596, 888, 628, 635, 125, 655, 156, 163, 675, 680, 168, 693, 184, 696, 851, 883, 716, 205, 720, 210, 725, 857, 728, 222, 229, 232, 861, 862, 863, 758, 885, 864, 253, 258, 771, 866, 775, 265, 867, 269, 868, 793, 794, 795, 796, 797, 798, 799, 800, 801, 802, 803, 804, 805, 806, 807, 808, 809, 810, 811, 812, 813, 814, 815, 816, 817, 818, 819, 820, 821, 822, 823, 824, 825, 826, 827, 828, 829, 830, 831, 832, 833, 834, 835, 836, 837, 838, 839, 840, 841, 842, 843, 844, 845, 846, 847, 336, 881, 338, 339, 340, 341, 854, 342, 343, 344, 345, 346, 347, 348, 349, 350, 351, 352, 353, 354, 355, 356, 357, 358, 359, 360, 361, 362, 363, 364, 365, 366, 367, 368, 369, 370, 371, 372, 373, 375, 374, 377, 378, 376, 379, 380, 381, 382, 384, 385, 386, 387, 388, 389, 390, 391, 392, 393, 394, 395, 396, 397, 383, 892, 870, 891, 402, 893, 907, 405, 911, 918, 920, 921, 410, 411, 412, 413, 871, 415, 416, 417, 418, 419, 923, 924, 926, 898, 931, 425, 933, 899, 429, 431, 433, 435, 437, 440, 441, 442, 443, 451, 452, 904, 456, 457, 458, 905, 460, 461, 464, 471, 473, 474, 475, 908, 481, 482, 299, 490, 501, 502]",True,"[341, 388, 797, 838]","[338, 339, 340, 341, 342, 343, 344, 345, 346, 347, 348, 349, 350, 351, 352, 353, 354, 355, 356, 357, 358, 359, 360, 361, 362, 363, 364, 365, 366, 367, 368, 369, 370, 371, 372, 373, 374, 375, 376, 377, 378, 379, 380, 381, 382, 383, 384, 385, 386, 387, 388, 389, 390, 391, 392, 393, 394, 395, 396, 397, 794, 795, 796, 797, 798, 799, 800, 801, 802, 803, 804, 805, 806, 807, 808, 809, 810, 811, 812, 813, 814, 815, 816, 817, 818, 819, 820, 821, 822, 823, 824, 825, 826, 827, 828, 829, 830, 831, 832, 833, 834, 835, 836, 837, 838, 839, 840, 841, 842, 843, 844, 845, 846, 847]","[388, 838]","[17, 42, 59, 72, 210, 388, 405, 502, 535, 540, 680, 838, 854]","[16, 125, 156, 163, 168, 184, 205, 222, 229, 253, 258, 265, 313, 317, 336, 340, 341, 356, 363, 365, 366, 367, 370, 375, 388, 391, 394, 396, 402, 410, 411, 412, 413, 415, 416, 417, 418, 419, 425, 429, 431, 433, 435, 437, 440, 441, 442, 443, 451, 452, 456, 457, 458, 460, 461, 464, 471, 473, 474, 475, 481, 482, 501, 596, 628, 635, 655, 675, 693, 716, 720, 725, 771, 775, 793, 796, 797, 811, 817, 818, 820, 825, 838, 841, 844, 846, 851, 857, 861, 862, 863, 864, 866, 867, 868, 870, 871, 877, 881, 883, 885, 888, 891, 892, 893, 898, 899, 904, 905, 907, 908, 911, 918, 920, 921, 922, 923, 924, 926, 931, 933]","[4, 59, 232, 269, 299, 490, 535, 696, 728, 758]","[4, 59, 232, 269, 299, 490, 535, 696, 728, 758]",5/6 successful match,True,"[777, 778, 779, 780]",True,217,False,,,,,
"Jean , 89019 Gold Strike Auto Truck Plaza ( Mobil )",702-874-1515 I-15 Exit 12,),Jean,89019,Gold Strike Auto Truck Plaza ( Mobil ),702-874-1515,2007,Jean,NV,Mobil,,I-15 Exit 12,Exit,12,False,,False,I-15,,,,,"[388, 838]","[341, 388, 797, 838]","[388, 838]","[17, 42, 59, 72, 210, 388, 405, 502, 535, 540, 680, 838, 854]","[338, 339, 340, 341, 342, 343, 344, 345, 346, 347, 348, 349, 350, 351, 352, 353, 354, 355, 356, 357, 358, 359, 360, 361, 362, 363, 364, 365, 366, 367, 368, 369, 370, 371, 372, 373, 374, 375, 376, 377, 378, 379, 380, 381, 382, 383, 384, 385, 386, 387, 388, 389, 390, 391, 392, 393, 394, 395, 396, 397, 794, 795, 796, 797, 798, 799, 800, 801, 802, 803, 804, 805, 806, 807, 808, 809, 810, 811, 812, 813, 814, 815, 816, 817, 818, 819, 820, 821, 822, 823, 824, 825, 826, 827, 828, 829, 830, 831, 832, 833, 834, 835, 836, 837, 838, 839, 840, 841, 842, 843, 844, 845, 846, 847]","[16, 125, 156, 163, 168, 184, 205, 222, 229, 253, 258, 265, 313, 317, 336, 340, 341, 356, 363, 365, 366, 367, 370, 375, 388, 391, 394, 396, 402, 410, 411, 412, 413, 415, 416, 417, 418, 419, 425, 429, 431, 433, 435, 437, 440, 441, 442, 443, 451, 452, 456, 457, 458, 460, 461, 464, 471, 473, 474, 475, 481, 482, 501, 596, 628, 635, 655, 675, 693, 716, 720, 725, 771, 775, 793, 796, 797, 811, 817, 818, 820, 825, 838, 841, 844, 846, 851, 857, 861, 862, 863, 864, 866, 867, 868, 870, 871, 877, 881, 883, 885, 888, 891, 892, 893, 898, 899, 904, 905, 907, 908, 911, 918, 920, 921, 922, 923, 924, 926, 931, 933]","[4, 59, 232, 269, 299, 490, 535, 696, 728, 758]","[4, 59, 232, 269, 299, 490, 535, 696, 728, 758]","[4, 16, 17, 535, 540, 922, 313, 42, 877, 59, 317, 72, 596, 888, 628, 635, 125, 655, 156, 163, 675, 680, 168, 693, 184, 696, 851, 883, 716, 205, 720, 210, 725, 857, 728, 222, 229, 232, 861, 862, 863, 758, 885, 864, 253, 258, 771, 866, 775, 265, 867, 269, 868, 793, 794, 795, 796, 797, 798, 799, 800, 801, 802, 803, 804, 805, 806, 807, 808, 809, 810, 811, 812, 813, 814, 815, 816, 817, 818, 819, 820, 821, 822, 823, 824, 825, 826, 827, 828, 829, 830, 831, 832, 833, 834, 835, 836, 837, 838, 839, 840, 841, 842, 843, 844, 845, 846, 847, 336, 881, 338, 339, 340, 341, 854, 342, 343, 344, 345, 346, 347, 348, 349, 350, 351, 352, 353, 354, 355, 356, 357, 358, 359, 360, 361, 362, 363, 364, 365, 366, 367, 368, 369, 370, 371, 372, 373, 375, 374, 377, 378, 376, 379, 380, 381, 382, 384, 385, 386, 387, 388, 389, 390, 391, 392, 393, 394, 395, 396, 397, 383, 892, 870, 891, 402, 893, 907, 405, 911, 918, 920, 921, 410, 411, 412, 413, 871, 415, 416, 417, 418, 419, 923, 924, 926, 898, 931, 425, 933, 899, 429, 431, 433, 435, 437, 440, 441, 442, 443, 451, 452, 904, 456, 457, 458, 905, 460, 461, 464, 471, 473, 474, 475, 908, 481, 482, 299, 490, 501, 502]",True,"[341, 388, 797, 838]","[338, 339, 340, 341, 342, 343, 344, 345, 346, 347, 348, 349, 350, 351, 352, 353, 354, 355, 356, 357, 358, 359, 360, 361, 362, 363, 364, 365, 366, 367, 368, 369, 370, 371, 372, 373, 374, 375, 376, 377, 378, 379, 380, 381, 382, 383, 384, 385, 386, 387, 388, 389, 390, 391, 392, 393, 394, 395, 396, 397, 794, 795, 796, 797, 798, 799, 800, 801, 802, 803, 804, 805, 806, 807, 808, 809, 810, 811, 812, 813, 814, 815, 816, 817, 818, 819, 820, 821, 822, 823, 824, 825, 826, 827, 828, 829, 830, 831, 832, 833, 834, 835, 836, 837, 838, 839, 840, 841, 842, 843, 844, 845, 846, 847]","[388, 838]","[17, 42, 59, 72, 210, 388, 405, 502, 535, 540, 680, 838, 854]","[16, 125, 156, 163, 168, 184, 205, 222, 229, 253, 258, 265, 313, 317, 336, 340, 341, 356, 363, 365, 366, 367, 370, 375, 388, 391, 394, 396, 402, 410, 411, 412, 413, 415, 416, 417, 418, 419, 425, 429, 431, 433, 435, 437, 440, 441, 442, 443, 451, 452, 456, 457, 458, 460, 461, 464, 471, 473, 474, 475, 481, 482, 501, 596, 628, 635, 655, 675, 693, 716, 720, 725, 771, 775, 793, 796, 797, 811, 817, 818, 820, 825, 838, 841, 844, 846, 851, 857, 861, 862, 863, 864, 866, 867, 868, 870, 871, 877, 881, 883, 885, 888, 891, 892, 893, 898, 899, 904, 905, 907, 908, 911, 918, 920, 921, 922, 923, 924, 926, 931, 933]","[4, 59, 232, 269, 299, 490, 535, 696, 728, 758]","[4, 59, 232, 269, 299, 490, 535, 696, 728, 758]",5/6 successful match,True,"[777, 778, 779, 780]",True,217,False,,1.0,True,Gold Strike Auto Truck Plaza ( Mobil ),Mobil
"Jean , 89019 Gold Strike Auto Truck NB ( W to Conestoga S",702-874-1515 I-15 Exit 12 Plaza ( Mobil ),HRS 24,Jean,89019,Gold Strike Auto Truck NB ( W to Conestoga S,702-874-1515,2008,Jean,NV,,( Mobil ),I-15 Exit 12 Plaza ,Exit,12,False,,False,I-15,,,,,"[388, 838]","[341, 388, 797, 838]","[388, 838]","[17, 42, 59, 72, 210, 388, 405, 502, 535, 540, 680, 838, 854]","[338, 339, 340, 341, 342, 343, 344, 345, 346, 347, 348, 349, 350, 351, 352, 353, 354, 355, 356, 357, 358, 359, 360, 361, 362, 363, 364, 365, 366, 367, 368, 369, 370, 371, 372, 373, 374, 375, 376, 377, 378, 379, 380, 381, 382, 383, 384, 385, 386, 387, 388, 389, 390, 391, 392, 393, 394, 395, 396, 397, 794, 795, 796, 797, 798, 799, 800, 801, 802, 803, 804, 805, 806, 807, 808, 809, 810, 811, 812, 813, 814, 815, 816, 817, 818, 819, 820, 821, 822, 823, 824, 825, 826, 827, 828, 829, 830, 831, 832, 833, 834, 835, 836, 837, 838, 839, 840, 841, 842, 843, 844, 845, 846, 847]","[16, 125, 156, 163, 168, 184, 205, 222, 229, 253, 258, 265, 313, 317, 336, 340, 341, 356, 363, 365, 366, 367, 370, 375, 388, 391, 394, 396, 402, 410, 411, 412, 413, 415, 416, 417, 418, 419, 425, 429, 431, 433, 435, 437, 440, 441, 442, 443, 451, 452, 456, 457, 458, 460, 461, 464, 471, 473, 474, 475, 481, 482, 501, 596, 628, 635, 655, 675, 693, 716, 720, 725, 771, 775, 793, 796, 797, 811, 817, 818, 820, 825, 838, 841, 844, 846, 851, 857, 861, 862, 863, 864, 866, 867, 868, 870, 871, 877, 881, 883, 885, 888, 891, 892, 893, 898, 899, 904, 905, 907, 908, 911, 918, 920, 921, 922, 923, 924, 926, 931, 933]",[],[],"[16, 17, 535, 540, 922, 313, 42, 877, 59, 317, 72, 596, 888, 628, 635, 125, 655, 156, 163, 675, 680, 168, 693, 184, 851, 883, 716, 205, 720, 210, 725, 857, 222, 229, 861, 862, 863, 885, 864, 253, 258, 771, 866, 775, 265, 867, 868, 793, 794, 795, 796, 797, 798, 799, 800, 801, 802, 803, 804, 805, 806, 807, 808, 809, 810, 811, 812, 813, 814, 815, 816, 817, 818, 819, 820, 821, 822, 823, 824, 825, 826, 827, 828, 829, 830, 831, 832, 833, 834, 835, 836, 837, 838, 839, 840, 841, 842, 843, 844, 845, 846, 847, 336, 881, 338, 339, 340, 341, 854, 342, 343, 344, 345, 346, 347, 348, 349, 350, 351, 352, 353, 354, 355, 356, 357, 358, 359, 360, 361, 362, 363, 364, 365, 366, 367, 368, 369, 370, 371, 372, 373, 375, 374, 377, 378, 376, 379, 380, 381, 382, 384, 385, 386, 387, 388, 389, 390, 391, 392, 393, 394, 395, 396, 397, 383, 892, 870, 891, 402, 893, 907, 405, 911, 918, 920, 921, 410, 411, 412, 413, 871, 415, 416, 417, 418, 419, 923, 924, 926, 898, 931, 425, 933, 899, 429, 431, 433, 435, 437, 440, 441, 442, 443, 451, 452, 904, 456, 457, 458, 905, 460, 461, 464, 471, 473, 474, 475, 908, 481, 482, 501, 502]",True,"[341, 388, 797, 838]","[338, 339, 340, 341, 342, 343, 344, 345, 346, 347, 348, 349, 350, 351, 352, 353, 354, 355, 356, 357, 358, 359, 360, 361, 362, 363, 364, 365, 366, 367, 368, 369, 370, 371, 372, 373, 374, 375, 376, 377, 378, 379, 380, 381, 382, 383, 384, 385, 386, 387, 388, 389, 390, 391, 392, 393, 394, 395, 396, 397, 794, 795, 796, 797, 798, 799, 800, 801, 802, 803, 804, 805, 806, 807, 808, 809, 810, 811, 812, 813, 814, 815, 816, 817, 818, 819, 820, 821, 822, 823, 824, 825, 826, 827, 828, 829, 830, 831, 832, 833, 834, 835, 836, 837, 838, 839, 840, 841, 842, 843, 844, 845, 846, 847]","[388, 838]","[17, 42, 59, 72, 210, 388, 405, 502, 535, 540, 680, 838, 854]","[16, 125, 156, 163, 168, 184, 205, 222, 229, 253, 258, 265, 313, 317, 336, 340, 341, 356, 363, 365, 366, 367, 370, 375, 388, 391, 394, 396, 402, 410, 411, 412, 413, 415, 416, 417, 418, 419, 425, 429, 431, 433, 435, 437, 440, 441, 442, 443, 451, 452, 456, 457, 458, 460, 461, 464, 471, 473, 474, 475, 481, 482, 501, 596, 628, 635, 655, 675, 693, 716, 720, 725, 771, 775, 793, 796, 797, 811, 817, 818, 820, 825, 838, 841, 844, 846, 851, 857, 861, 862, 863, 864, 866, 867, 868, 870, 871, 877, 881, 883, 885, 888, 891, 892, 893, 898, 899, 904, 905, 907, 908, 911, 918, 920, 921, 922, 923, 924, 926, 931, 933]",[],[],7/6 successful match,True,"[777, 778, 779, 780]",True,217,False,,0.9975609756097561,True,Gold Strike Auto Truck Plaza ( Mobil ),Mobil
Jean ( 89019 ) Gold Strike Auto Truck Plaza ( Shell ),702-874-1515 I-15 Exit 12,) LO <U+2610> <U+25A1>,Jean,89019,Gold Strike Auto Truck Plaza ( Shell ),702-874-1515,2014,Jean,NV,Shell,,I-15 Exit 12,Exit,12,False,,False,I-15,,,,,"[388, 838]","[341, 388, 797, 838]","[388, 838]","[17, 42, 59, 72, 210, 388, 405, 502, 535, 540, 680, 838, 854]","[338, 339, 340, 341, 342, 343, 344, 345, 346, 347, 348, 349, 350, 351, 352, 353, 354, 355, 356, 357, 358, 359, 360, 361, 362, 363, 364, 365, 366, 367, 368, 369, 370, 371, 372, 373, 374, 375, 376, 377, 378, 379, 380, 381, 382, 383, 384, 385, 386, 387, 388, 389, 390, 391, 392, 393, 394, 395, 396, 397, 794, 795, 796, 797, 798, 799, 800, 801, 802, 803, 804, 805, 806, 807, 808, 809, 810, 811, 812, 813, 814, 815, 816, 817, 818, 819, 820, 821, 822, 823, 824, 825, 826, 827, 828, 829, 830, 831, 832, 833, 834, 835, 836, 837, 838, 839, 840, 841, 842, 843, 844, 845, 846, 847]","[16, 125, 156, 163, 168, 184, 205, 222, 229, 253, 258, 265, 313, 317, 336, 340, 341, 356, 363, 365, 366, 367, 370, 375, 388, 391, 394, 396, 402, 410, 411, 412, 413, 415, 416, 417, 418, 419, 425, 429, 431, 433, 435, 437, 440, 441, 442, 443, 451, 452, 456, 457, 458, 460, 461, 464, 471, 473, 474, 475, 481, 482, 501, 596, 628, 635, 655, 675, 693, 716, 720, 725, 771, 775, 793, 796, 797, 811, 817, 818, 820, 825, 838, 841, 844, 846, 851, 857, 861, 862, 863, 864, 866, 867, 868, 870, 871, 877, 881, 883, 885, 888, 891, 892, 893, 898, 899, 904, 905, 907, 908, 911, 918, 920, 921, 922, 923, 924, 926, 931, 933]","[1, 13, 14, 29, 54, 55, 56, 57, 58, 60, 102, 118, 125, 127, 130, 134, 146, 149, 153, 175, 182, 187, 189, 191, 197, 225, 230, 238, 264, 265, 266, 286, 302, 317, 336, 379, 388, 389, 425, 454, 458, 463, 475, 487, 498, 499, 512, 530, 531, 532, 533, 534, 536, 573, 589, 596, 598, 601, 605, 617, 620, 624, 646, 653, 658, 660, 662, 668, 689, 694, 702, 724, 725, 745, 760, 775, 793, 829, 838, 839, 877, 901, 903, 905, 910, 923]","[1, 13, 14, 29, 54, 55, 56, 57, 58, 60, 102, 118, 125, 127, 130, 134, 146, 149, 153, 175, 182, 187, 189, 191, 197, 225, 230, 238, 264, 265, 266, 286, 302, 317, 336, 354, 379, 388, 389, 425, 454, 458, 463, 475, 487, 498, 499, 512, 530, 531, 532, 533, 534, 536, 573, 589, 596, 598, 601, 605, 617, 620, 624, 646, 653, 658, 660, 662, 668, 689, 694, 702, 724, 725, 745, 760, 775, 793, 809, 829, 838, 839, 877, 901, 903, 905, 910, 923]","[512, 1, 13, 14, 16, 17, 530, 531, 532, 533, 534, 535, 536, 540, 29, 286, 922, 313, 42, 877, 54, 55, 56, 57, 58, 59, 317, 60, 573, 72, 589, 596, 598, 601, 888, 605, 102, 617, 620, 624, 628, 118, 635, 125, 127, 130, 134, 646, 653, 655, 146, 658, 660, 149, 662, 153, 156, 668, 163, 675, 680, 168, 175, 689, 693, 182, 694, 184, 851, 187, 189, 702, 191, 197, 883, 716, 205, 720, 210, 724, 725, 857, 222, 225, 229, 230, 745, 861, 238, 862, 863, 760, 885, 864, 253, 258, 771, 866, 775, 264, 265, 266, 867, 868, 793, 794, 795, 796, 797, 798, 799, 800, 801, 802, 803, 804, 805, 806, 807, 808, 809, 810, 811, 812, 813, 814, 815, 816, 817, 818, 819, 820, 821, 822, 823, 824, 825, 826, 827, 828, 829, 830, 831, 832, 833, 834, 835, 836, 837, 838, 839, 840, 841, 842, 843, 844, 845, 846, 847, 336, 881, 338, 339, 340, 341, 854, 342, 343, 344, 345, 346, 347, 348, 349, 350, 351, 352, 353, 354, 355, 356, 357, 358, 359, 360, 361, 362, 363, 364, 365, 366, 367, 368, 369, 370, 371, 372, 373, 375, 374, 377, 378, 376, 379, 380, 381, 382, 384, 385, 386, 387, 388, 389, 390, 391, 392, 393, 394, 395, 396, 397, 383, 892, 870, 891, 402, 893, 907, 405, 911, 918, 920, 921, 410, 411, 412, 413, 871, 415, 416, 417, 418, 419, 923, 924, 926, 898, 931, 425, 933, 899, 429, 431, 433, 435, 437, 901, 440, 441, 442, 443, 903, 451, 452, 904, 454, 456, 457, 458, 905, 460, 461, 463, 464, 471, 473, 474, 475, 908, 481, 482, 910, 487, 302, 498, 499, 501, 502]",True,"[341, 388, 797, 838]","[338, 339, 340, 341, 342, 343, 344, 345, 346, 347, 348, 349, 350, 351, 352, 353, 354, 355, 356, 357, 358, 359, 360, 361, 362, 363, 364, 365, 366, 367, 368, 369, 370, 371, 372, 373, 374, 375, 376, 377, 378, 379, 380, 381, 382, 383, 384, 385, 386, 387, 388, 389, 390, 391, 392, 393, 394, 395, 396, 397, 794, 795, 796, 797, 798, 799, 800, 801, 802, 803, 804, 805, 806, 807, 808, 809, 810, 811, 812, 813, 814, 815, 816, 817, 818, 819, 820, 821, 822, 823, 824, 825, 826, 827, 828, 829, 830, 831, 832, 833, 834, 835, 836, 837, 838, 839, 840, 841, 842, 843, 844, 845, 846, 847]","[388, 838]","[17, 42, 59, 72, 210, 388, 405, 502, 535, 540, 680, 838, 854]","[16, 125, 156, 163, 168, 184, 205, 222, 229, 253, 258, 265, 313, 317, 336, 340, 341, 356, 363, 365, 366, 367, 370, 375, 388, 391, 394, 396, 402, 410, 411, 412, 413, 415, 416, 417, 418, 419, 425, 429, 431, 433, 435, 437, 440, 441, 442, 443, 451, 452, 456, 457, 458, 460, 461, 464, 471, 473, 474, 475, 481, 482, 501, 596, 628, 635, 655, 675, 693, 716, 720, 725, 771, 775, 793, 796, 797, 811, 817, 818, 820, 825, 838, 841, 844, 846, 851, 857, 861, 862, 863, 864, 866, 867, 868, 870, 871, 877, 881, 883, 885, 888, 891, 892, 893, 898, 899, 904, 905, 907, 908, 911, 918, 920, 921, 922, 923, 924, 926, 931, 933]","[1, 13, 14, 29, 54, 55, 56, 57, 58, 60, 102, 118, 125, 127, 130, 134, 146, 149, 153, 175, 182, 187, 189, 191, 197, 225, 230, 238, 264, 265, 266, 286, 302, 317, 336, 354, 379, 388, 389, 425, 454, 458, 463, 475, 487, 498, 499, 512, 530, 531, 532, 533, 534, 536, 573, 589, 596, 598, 601, 605, 617, 620, 624, 646, 653, 658, 660, 662, 668, 689, 694, 702, 724, 725, 745, 760, 775, 793, 809, 829, 838, 839, 877, 901, 903, 905, 910, 923]","[1, 13, 14, 29, 54, 55, 56, 57, 58, 60, 102, 118, 125, 127, 130, 134, 146, 149, 153, 175, 182, 187, 189, 191, 197, 225, 230, 238, 264, 265, 266, 286, 302, 317, 336, 379, 388, 389, 425, 454, 458, 463, 475, 487, 498, 499, 512, 530, 531, 532, 533, 534, 536, 573, 589, 596, 598, 601, 605, 617, 620, 624, 646, 653, 658, 660, 662, 668, 689, 694, 702, 724, 725, 745, 760, 775, 793, 829, 838, 839, 877, 901, 903, 905, 910, 923]",7/6 successful match,True,"[777, 778, 779, 780]",True,217,False,,1.0,True,Gold Strike Auto Truck NB ( W to Conestoga S,
Jean ( 89019 ) Gold Strike Auto Truck Plaza ( Shell ),702-874-1515 I-15 Exit 12,HORS 24 <U+25A1>,Jean,89019,Gold Strike Auto Truck Plaza ( Shell ),702-874-1515,2015,Jean,NV,Shell,,I-15 Exit 12,Exit,12,False,,False,I-15,,,,,"[388, 838]","[341, 388, 797, 838]","[388, 838]","[17, 42, 59, 72, 210, 388, 405, 502, 535, 540, 680, 838, 854]","[338, 339, 340, 341, 342, 343, 344, 345, 346, 347, 348, 349, 350, 351, 352, 353, 354, 355, 356, 357, 358, 359, 360, 361, 362, 363, 364, 365, 366, 367, 368, 369, 370, 371, 372, 373, 374, 375, 376, 377, 378, 379, 380, 381, 382, 383, 384, 385, 386, 387, 388, 389, 390, 391, 392, 393, 394, 395, 396, 397, 794, 795, 796, 797, 798, 799, 800, 801, 802, 803, 804, 805, 806, 807, 808, 809, 810, 811, 812, 813, 814, 815, 816, 817, 818, 819, 820, 821, 822, 823, 824, 825, 826, 827, 828, 829, 830, 831, 832, 833, 834, 835, 836, 837, 838, 839, 840, 841, 842, 843, 844, 845, 846, 847]","[16, 125, 156, 163, 168, 184, 205, 222, 229, 253, 258, 265, 313, 317, 336, 340, 341, 356, 363, 365, 366, 367, 370, 375, 388, 391, 394, 396, 402, 410, 411, 412, 413, 415, 416, 417, 418, 419, 425, 429, 431, 433, 435, 437, 440, 441, 442, 443, 451, 452, 456, 457, 458, 460, 461, 464, 471, 473, 474, 475, 481, 482, 501, 596, 628, 635, 655, 675, 693, 716, 720, 725, 771, 775, 793, 796, 797, 811, 817, 818, 820, 825, 838, 841, 844, 846, 851, 857, 861, 862, 863, 864, 866, 867, 868, 870, 871, 877, 881, 883, 885, 888, 891, 892, 893, 898, 899, 904, 905, 907, 908, 911, 918, 920, 921, 922, 923, 924, 926, 931, 933]","[1, 13, 14, 29, 54, 55, 56, 57, 58, 60, 102, 118, 125, 127, 130, 134, 146, 149, 153, 175, 182, 187, 189, 191, 197, 225, 230, 238, 264, 265, 266, 286, 302, 317, 336, 379, 388, 389, 425, 454, 458, 463, 475, 487, 498, 499, 512, 530, 531, 532, 533, 534, 536, 573, 589, 596, 598, 601, 605, 617, 620, 624, 646, 653, 658, 660, 662, 668, 689, 694, 702, 724, 725, 745, 760, 775, 793, 829, 838, 839, 877, 901, 903, 905, 910, 923]","[1, 13, 14, 29, 54, 55, 56, 57, 58, 60, 102, 118, 125, 127, 130, 134, 146, 149, 153, 175, 182, 187, 189, 191, 197, 225, 230, 238, 264, 265, 266, 286, 302, 317, 336, 354, 379, 388, 389, 425, 454, 458, 463, 475, 487, 498, 499, 512, 530, 531, 532, 533, 534, 536, 573, 589, 596, 598, 601, 605, 617, 620, 624, 646, 653, 658, 660, 662, 668, 689, 694, 702, 724, 725, 745, 760, 775, 793, 809, 829, 838, 839, 877, 901, 903, 905, 910, 923]","[512, 1, 13, 14, 16, 17, 530, 531, 532, 533, 534, 535, 536, 540, 29, 286, 922, 313, 42, 877, 54, 55, 56, 57, 58, 59, 317, 60, 573, 72, 589, 596, 598, 601, 888, 605, 102, 617, 620, 624, 628, 118, 635, 125, 127, 130, 134, 646, 653, 655, 146, 658, 660, 149, 662, 153, 156, 668, 163, 675, 680, 168, 175, 689, 693, 182, 694, 184, 851, 187, 189, 702, 191, 197, 883, 716, 205, 720, 210, 724, 725, 857, 222, 225, 229, 230, 745, 861, 238, 862, 863, 760, 885, 864, 253, 258, 771, 866, 775, 264, 265, 266, 867, 868, 793, 794, 795, 796, 797, 798, 799, 800, 801, 802, 803, 804, 805, 806, 807, 808, 809, 810, 811, 812, 813, 814, 815, 816, 817, 818, 819, 820, 821, 822, 823, 824, 825, 826, 827, 828, 829, 830, 831, 832, 833, 834, 835, 836, 837, 838, 839, 840, 841, 842, 843, 844, 845, 846, 847, 336, 881, 338, 339, 340, 341, 854, 342, 343, 344, 345, 346, 347, 348, 349, 350, 351, 352, 353, 354, 355, 356, 357, 358, 359, 360, 361, 362, 363, 364, 365, 366, 367, 368, 369, 370, 371, 372, 373, 375, 374, 377, 378, 376, 379, 380, 381, 382, 384, 385, 386, 387, 388, 389, 390, 391, 392, 393, 394, 395, 396, 397, 383, 892, 870, 891, 402, 893, 907, 405, 911, 918, 920, 921, 410, 411, 412, 413, 871, 415, 416, 417, 418, 419, 923, 924, 926, 898, 931, 425, 933, 899, 429, 431, 433, 435, 437, 901, 440, 441, 442, 443, 903, 451, 452, 904, 454, 456, 457, 458, 905, 460, 461, 463, 464, 471, 473, 474, 475, 908, 481, 482, 910, 487, 302, 498, 499, 501, 502]",True,"[341, 388, 797, 838]","[338, 339, 340, 341, 342, 343, 344, 345, 346, 347, 348, 349, 350, 351, 352, 353, 354, 355, 356, 357, 358, 359, 360, 361, 362, 363, 364, 365, 366, 367, 368, 369, 370, 371, 372, 373, 374, 375, 376, 377, 378, 379, 380, 381, 382, 383, 384, 385, 386, 387, 388, 389, 390, 391, 392, 393, 394, 395, 396, 397, 794, 795, 796, 797, 798, 799, 800, 801, 802, 803, 804, 805, 806, 807, 808, 809, 810, 811, 812, 813, 814, 815, 816, 817, 818, 819, 820, 821, 822, 823, 824, 825, 826, 827, 828, 829, 830, 831, 832, 833, 834, 835, 836, 837, 838, 839, 840, 841, 842, 843, 844, 845, 846, 847]","[388, 838]","[17, 42, 59, 72, 210, 388, 405, 502, 535, 540, 680, 838, 854]","[16, 125, 156, 163, 168, 184, 205, 222, 229, 253, 258, 265, 313, 317, 336, 340, 341, 356, 363, 365, 366, 367, 370, 375, 388, 391, 394, 396, 402, 410, 411, 412, 413, 415, 416, 417, 418, 419, 425, 429, 431, 433, 435, 437, 440, 441, 442, 443, 451, 452, 456, 457, 458, 460, 461, 464, 471, 473, 474, 475, 481, 482, 501, 596, 628, 635, 655, 675, 693, 716, 720, 725, 771, 775, 793, 796, 797, 811, 817, 818, 820, 825, 838, 841, 844, 846, 851, 857, 861, 862, 863, 864, 866, 867, 868, 870, 871, 877, 881, 883, 885, 888, 891, 892, 893, 898, 899, 904, 905, 907, 908, 911, 918, 920, 921, 922, 923, 924, 926, 931, 933]","[1, 13, 14, 29, 54, 55, 56, 57, 58, 60, 102, 118, 125, 127, 130, 134, 146, 149, 153, 175, 182, 187, 189, 191, 197, 225, 230, 238, 264, 265, 266, 286, 302, 317, 336, 354, 379, 388, 389, 425, 454, 458, 463, 475, 487, 498, 499, 512, 530, 531, 532, 533, 534, 536, 573, 589, 596, 598, 601, 605, 617, 620, 624, 646, 653, 658, 660, 662, 668, 689, 694, 702, 724, 725, 745, 760, 775, 793, 809, 829, 838, 839, 877, 901, 903, 905, 910, 923]","[1, 13, 14, 29, 54, 55, 56, 57, 58, 60, 102, 118, 125, 127, 130, 134, 146, 149, 153, 175, 182, 187, 189, 191, 197, 225, 230, 238, 264, 265, 266, 286, 302, 317, 336, 379, 388, 389, 425, 454, 458, 463, 475, 487, 498, 499, 512, 530, 531, 532, 533, 534, 536, 573, 589, 596, 598, 601, 605, 617, 620, 624, 646, 653, 658, 660, 662, 668, 689, 694, 702, 724, 725, 745, 760, 775, 793, 829, 838, 839, 877, 901, 903, 905, 910, 923]",7/6 successful match,True,"[777, 778, 779, 780]",True,217,False,,1.0,True,Gold Strike Auto Truck Plaza ( Shell ),Shell
Jean ( 89019 ) Gold Strike Auto Truck Plaza ( Shell ),702-874-1515 I-15 Exit 12,24 <U+25A1>,Jean,89019,Gold Strike Auto Truck Plaza ( Shell ),702-874-1515,2016,Jean,NV,Shell,,I-15 Exit 12,Exit,12,False,,False,I-15,,,,,"[388, 838]","[341, 388, 797, 838]","[388, 838]","[17, 42, 59, 72, 210, 388, 405, 502, 535, 540, 680, 838, 854]","[338, 339, 340, 341, 342, 343, 344, 345, 346, 347, 348, 349, 350, 351, 352, 353, 354, 355, 356, 357, 358, 359, 360, 361, 362, 363, 364, 365, 366, 367, 368, 369, 370, 371, 372, 373, 374, 375, 376, 377, 378, 379, 380, 381, 382, 383, 384, 385, 386, 387, 388, 389, 390, 391, 392, 393, 394, 395, 396, 397, 794, 795, 796, 797, 798, 799, 800, 801, 802, 803, 804, 805, 806, 807, 808, 809, 810, 811, 812, 813, 814, 815, 816, 817, 818, 819, 820, 821, 822, 823, 824, 825, 826, 827, 828, 829, 830, 831, 832, 833, 834, 835, 836, 837, 838, 839, 840, 841, 842, 843, 844, 845, 846, 847]","[16, 125, 156, 163, 168, 184, 205, 222, 229, 253, 258, 265, 313, 317, 336, 340, 341, 356, 363, 365, 366, 367, 370, 375, 388, 391, 394, 396, 402, 410, 411, 412, 413, 415, 416, 417, 418, 419, 425, 429, 431, 433, 435, 437, 440, 441, 442, 443, 451, 452, 456, 457, 458, 460, 461, 464, 471, 473, 474, 475, 481, 482, 501, 596, 628, 635, 655, 675, 693, 716, 720, 725, 771, 775, 793, 796, 797, 811, 817, 818, 820, 825, 838, 841, 844, 846, 851, 857, 861, 862, 863, 864, 866, 867, 868, 870, 871, 877, 881, 883, 885, 888, 891, 892, 893, 898, 899, 904, 905, 907, 908, 911, 918, 920, 921, 922, 923, 924, 926, 931, 933]","[1, 13, 14, 29, 54, 55, 56, 57, 58, 60, 102, 118, 125, 127, 130, 134, 146, 149, 153, 175, 182, 187, 189, 191, 197, 225, 230, 238, 264, 265, 266, 286, 302, 317, 336, 379, 388, 389, 425, 454, 458, 463, 475, 487, 498, 499, 512, 530, 531, 532, 533, 534, 536, 573, 589, 596, 598, 601, 605, 617, 620, 624, 646, 653, 658, 660, 662, 668, 689, 694, 702, 724, 725, 745, 760, 775, 793, 829, 838, 839, 877, 901, 903, 905, 910, 923]","[1, 13, 14, 29, 54, 55, 56, 57, 58, 60, 102, 118, 125, 127, 130, 134, 146, 149, 153, 175, 182, 187, 189, 191, 197, 225, 230, 238, 264, 265, 266, 286, 302, 317, 336, 354, 379, 388, 389, 425, 454, 458, 463, 475, 487, 498, 499, 512, 530, 531, 532, 533, 534, 536, 573, 589, 596, 598, 601, 605, 617, 620, 624, 646, 653, 658, 660, 662, 668, 689, 694, 702, 724, 725, 745, 760, 775, 793, 809, 829, 838, 839, 877, 901, 903, 905, 910, 923]","[512, 1, 13, 14, 16, 17, 530, 531, 532, 533, 534, 535, 536, 540, 29, 286, 922, 313, 42, 877, 54, 55, 56, 57, 58, 59, 317, 60, 573, 72, 589, 596, 598, 601, 888, 605, 102, 617, 620, 624, 628, 118, 635, 125, 127, 130, 134, 646, 653, 655, 146, 658, 660, 149, 662, 153, 156, 668, 163, 675, 680, 168, 175, 689, 693, 182, 694, 184, 851, 187, 189, 702, 191, 197, 883, 716, 205, 720, 210, 724, 725, 857, 222, 225, 229, 230, 745, 861, 238, 862, 863, 760, 885, 864, 253, 258, 771, 866, 775, 264, 265, 266, 867, 868, 793, 794, 795, 796, 797, 798, 799, 800, 801, 802, 803, 804, 805, 806, 807, 808, 809, 810, 811, 812, 813, 814, 815, 816, 817, 818, 819, 820, 821, 822, 823, 824, 825, 826, 827, 828, 829, 830, 831, 832, 833, 834, 835, 836, 837, 838, 839, 840, 841, 842, 843, 844, 845, 846, 847, 336, 881, 338, 339, 340, 341, 854, 342, 343, 344, 345, 346, 347, 348, 349, 350, 351, 352, 353, 354, 355, 356, 357, 358, 359, 360, 361, 362, 363, 364, 365, 366, 367, 368, 369, 370, 371, 372, 373, 375, 374, 377, 378, 376, 379, 380, 381, 382, 384, 385, 386, 387, 388, 389, 390, 391, 392, 393, 394, 395, 396, 397, 383, 892, 870, 891, 402, 893, 907, 405, 911, 918, 920, 921, 410, 411, 412, 413, 871, 415, 416, 417, 418, 419, 923, 924, 926, 898, 931, 425, 933, 899, 429, 431, 433, 435, 437, 901, 440, 441, 442, 443, 903, 451, 452, 904, 454, 456, 457, 458, 905, 460, 461, 463, 464, 471, 473, 474, 475, 908, 481, 482, 910, 487, 302, 498, 499, 501, 502]",True,"[341, 388, 797, 838]","[338, 339, 340, 341, 342, 343, 344, 345, 346, 347, 348, 349, 350, 351, 352, 353, 354, 355, 356, 357, 358, 359, 360, 361, 362, 363, 364, 365, 366, 367, 368, 369, 370, 371, 372, 373, 374, 375, 376, 377, 378, 379, 380, 381, 382, 383, 384, 385, 386, 387, 388, 389, 390, 391, 392, 393, 394, 395, 396, 397, 794, 795, 796, 797, 798, 799, 800, 801, 802, 803, 804, 805, 806, 807, 808, 809, 810, 811, 812, 813, 814, 815, 816, 817, 818, 819, 820, 821, 822, 823, 824, 825, 826, 827, 828, 829, 830, 831, 832, 833, 834, 835, 836, 837, 838, 839, 840, 841, 842, 843, 844, 845, 846, 847]","[388, 838]","[17, 42, 59, 72, 210, 388, 405, 502, 535, 540, 680, 838, 854]","[16, 125, 156, 163, 168, 184, 205, 222, 229, 253, 258, 265, 313, 317, 336, 340, 341, 356, 363, 365, 366, 367, 370, 375, 388, 391, 394, 396, 402, 410, 411, 412, 413, 415, 416, 417, 418, 419, 425, 429, 431, 433, 435, 437, 440, 441, 442, 443, 451, 452, 456, 457, 458, 460, 461, 464, 471, 473, 474, 475, 481, 482, 501, 596, 628, 635, 655, 675, 693, 716, 720, 725, 771, 775, 793, 796, 797, 811, 817, 818, 820, 825, 838, 841, 844, 846, 851, 857, 861, 862, 863, 864, 866, 867, 868, 870, 871, 877, 881, 883, 885, 888, 891, 892, 893, 898, 899, 904, 905, 907, 908, 911, 918, 920, 921, 922, 923, 924, 926, 931, 933]","[1, 13, 14, 29, 54, 55, 56, 57, 58, 60, 102, 118, 125, 127, 130, 134, 146, 149, 153, 175, 182, 187, 189, 191, 197, 225, 230, 238, 264, 265, 266, 286, 302, 317, 336, 354, 379, 388, 389, 425, 454, 458, 463, 475, 487, 498, 499, 512, 530, 531, 532, 533, 534, 536, 573, 589, 596, 598, 601, 605, 617, 620, 624, 646, 653, 658, 660, 662, 668, 689, 694, 702, 724, 725, 745, 760, 775, 793, 809, 829, 838, 839, 877, 901, 903, 905, 910, 923]","[1, 13, 14, 29, 54, 55, 56, 57, 58, 60, 102, 118, 125, 127, 130, 134, 146, 149, 153, 175, 182, 187, 189, 191, 197, 225, 230, 238, 264, 265, 266, 286, 302, 317, 336, 379, 388, 389, 425, 454, 458, 463, 475, 487, 498, 499, 512, 530, 531, 532, 533, 534, 536, 573, 589, 596, 598, 601, 605, 617, 620, 624, 646, 653, 658, 660, 662, 668, 689, 694, 702, 724, 725, 745, 760, 775, 793, 829, 838, 839, 877, 901, 903, 905, 910, 923]",7/6 successful match,True,"[777, 778, 779, 780]",True,217,False,,1.0,True,Gold Strike Auto Truck Plaza ( Shell ),Shell
"Amargosa Valley , 89020 Nevada Joe's ( Fastrip )",775-372-1500 2711 US 95 ( MM 30 ) & NV 373,M <U+2610>,Amargosa Valley,89020,Nevada Joe's ( Fastrip ),775-372-1500,2006,Amargosa Valley,NV,,( MM 30 ) & NV 373,2711 US 95,Proper,,False,,False,US 95,NV 373,,,,"[795, 339]","[339, 795]","[298, 339, 428, 757, 795, 880]",[],"[338, 339, 340, 341, 342, 343, 344, 345, 346, 347, 348, 349, 350, 351, 352, 353, 354, 355, 356, 357, 358, 359, 360, 361, 362, 363, 364, 365, 366, 367, 368, 369, 370, 371, 372, 373, 374, 375, 376, 377, 378, 379, 380, 381, 382, 383, 384, 385, 386, 387, 388, 389, 390, 391, 392, 393, 394, 395, 396, 397, 794, 795, 796, 797, 798, 799, 800, 801, 802, 803, 804, 805, 806, 807, 808, 809, 810, 811, 812, 813, 814, 815, 816, 817, 818, 819, 820, 821, 822, 823, 824, 825, 826, 827, 828, 829, 830, 831, 832, 833, 834, 835, 836, 837, 838, 839, 840, 841, 842, 843, 844, 845, 846, 847]","[8, 43, 71, 84, 86, 339, 348, 354, 360, 369, 378, 381, 382, 383, 384, 385, 389, 390, 523, 546, 555, 557, 795, 803, 809, 819, 828, 831, 832, 833, 834, 835, 839, 840]",[],"[194, 195, 665, 666]","[8, 523, 546, 43, 555, 557, 71, 84, 86, 665, 666, 194, 195, 757, 794, 795, 796, 797, 798, 799, 800, 801, 802, 803, 804, 805, 806, 807, 808, 809, 298, 810, 811, 812, 813, 814, 815, 816, 817, 818, 819, 820, 821, 822, 823, 824, 825, 826, 827, 828, 829, 830, 831, 832, 833, 834, 835, 836, 837, 838, 839, 840, 841, 842, 843, 844, 845, 846, 847, 338, 339, 340, 341, 342, 343, 344, 345, 346, 347, 348, 349, 350, 351, 352, 353, 354, 355, 356, 357, 358, 359, 360, 361, 362, 363, 364, 365, 366, 367, 880, 368, 369, 370, 371, 372, 373, 375, 374, 377, 376, 378, 379, 380, 381, 382, 384, 385, 386, 387, 388, 389, 390, 391, 392, 393, 394, 395, 396, 397, 383, 428]",True,"[339, 795]","[338, 339, 340, 341, 342, 343, 344, 345, 346, 347, 348, 349, 350, 351, 352, 353, 354, 355, 356, 357, 358, 359, 360, 361, 362, 363, 364, 365, 366, 367, 368, 369, 370, 371, 372, 373, 374, 375, 376, 377, 378, 379, 380, 381, 382, 383, 384, 385, 386, 387, 388, 389, 390, 391, 392, 393, 394, 395, 396, 397, 794, 795, 796, 797, 798, 799, 800, 801, 802, 803, 804, 805, 806, 807, 808, 809, 810, 811, 812, 813, 814, 815, 816, 817, 818, 819, 820, 821, 822, 823, 824, 825, 826, 827, 828, 829, 830, 831, 832, 833, 834, 835, 836, 837, 838, 839, 840, 841, 842, 843, 844, 845, 846, 847]","[298, 339, 428, 757, 795, 880]",[],"[8, 43, 71, 84, 86, 339, 348, 354, 360, 369, 378, 381, 382, 383, 384, 385, 389, 390, 523, 546, 555, 557, 795, 803, 809, 819, 828, 831, 832, 833, 834, 835, 839, 840]","[194, 195, 665, 666]",[],5/6 successful match,True,"[461, 462, 463, 464]",True,218,False,,,,,
"Valley , 89020 Nevada Joe's ( Fastrip )",HAmargosa 5775-372-1500 2711 US 95 ( MM 30 ) & NV 373,M <U+2610> <U+2610>,Valley,89020,Nevada Joe's ( Fastrip ),775-372-1500,2007,Amargosa Valley,NV,,( MM 30 ) & NV 373,2711 US 95,Proper,,False,,False,US 95,NV 373,,,,"[795, 339]","[339, 795]","[298, 339, 428, 757, 795, 880]",[],"[338, 339, 340, 341, 342, 343, 344, 345, 346, 347, 348, 349, 350, 351, 352, 353, 354, 355, 356, 357, 358, 359, 360, 361, 362, 363, 364, 365, 366, 367, 368, 369, 370, 371, 372, 373, 374, 375, 376, 377, 378, 379, 380, 381, 382, 383, 384, 385, 386, 387, 388, 389, 390, 391, 392, 393, 394, 395, 396, 397, 794, 795, 796, 797, 798, 799, 800, 801, 802, 803, 804, 805, 806, 807, 808, 809, 810, 811, 812, 813, 814, 815, 816, 817, 818, 819, 820, 821, 822, 823, 824, 825, 826, 827, 828, 829, 830, 831, 832, 833, 834, 835, 836, 837, 838, 839, 840, 841, 842, 843, 844, 845, 846, 847]","[8, 43, 71, 84, 86, 339, 348, 354, 360, 369, 378, 381, 382, 383, 384, 385, 389, 390, 523, 546, 555, 557, 795, 803, 809, 819, 828, 831, 832, 833, 834, 835, 839, 840]",[],"[194, 195, 665, 666]","[8, 523, 546, 43, 555, 557, 71, 84, 86, 665, 666, 194, 195, 757, 794, 795, 796, 797, 798, 799, 800, 801, 802, 803, 804, 805, 806, 807, 808, 809, 298, 810, 811, 812, 813, 814, 815, 816, 817, 818, 819, 820, 821, 822, 823, 824, 825, 826, 827, 828, 829, 830, 831, 832, 833, 834, 835, 836, 837, 838, 839, 840, 841, 842, 843, 844, 845, 846, 847, 338, 339, 340, 341, 342, 343, 344, 345, 346, 347, 348, 349, 350, 351, 352, 353, 354, 355, 356, 357, 358, 359, 360, 361, 362, 363, 364, 365, 366, 367, 880, 368, 369, 370, 371, 372, 373, 375, 374, 377, 376, 378, 379, 380, 381, 382, 384, 385, 386, 387, 388, 389, 390, 391, 392, 393, 394, 395, 396, 397, 383, 428]",True,"[339, 795]","[338, 339, 340, 341, 342, 343, 344, 345, 346, 347, 348, 349, 350, 351, 352, 353, 354, 355, 356, 357, 358, 359, 360, 361, 362, 363, 364, 365, 366, 367, 368, 369, 370, 371, 372, 373, 374, 375, 376, 377, 378, 379, 380, 381, 382, 383, 384, 385, 386, 387, 388, 389, 390, 391, 392, 393, 394, 395, 396, 397, 794, 795, 796, 797, 798, 799, 800, 801, 802, 803, 804, 805, 806, 807, 808, 809, 810, 811, 812, 813, 814, 815, 816, 817, 818, 819, 820, 821, 822, 823, 824, 825, 826, 827, 828, 829, 830, 831, 832, 833, 834, 835, 836, 837, 838, 839, 840, 841, 842, 843, 844, 845, 846, 847]","[298, 339, 428, 757, 795, 880]",[],"[8, 43, 71, 84, 86, 339, 348, 354, 360, 369, 378, 381, 382, 383, 384, 385, 389, 390, 523, 546, 555, 557, 795, 803, 809, 819, 828, 831, 832, 833, 834, 835, 839, 840]","[194, 195, 665, 666]",[],5/6 successful match,True,"[461, 462, 463, 464]",True,218,False,,1.0,True,Nevada Joe's ( Fastrip ),
"Amargosa Valley , 89020 Nevada ( MM 39 )",775-372-1500 2711 US Joe's 95 ( MM ( Fastrip ),<U+2610> M <U+2610> <U+2610>,Amargosa Valley,89020,Nevada ( MM 39 ),775-372-1500,2008,Amargosa Valley,NV,,( MM ( Fastrip ),2711 US Joe's 95,Proper,,False,,False,2711 US,,,,,"[795, 339]","[339, 795]","[298, 339, 428, 757, 795, 880]",[],"[338, 339, 340, 341, 342, 343, 344, 345, 346, 347, 348, 349, 350, 351, 352, 353, 354, 355, 356, 357, 358, 359, 360, 361, 362, 363, 364, 365, 366, 367, 368, 369, 370, 371, 372, 373, 374, 375, 376, 377, 378, 379, 380, 381, 382, 383, 384, 385, 386, 387, 388, 389, 390, 391, 392, 393, 394, 395, 396, 397, 794, 795, 796, 797, 798, 799, 800, 801, 802, 803, 804, 805, 806, 807, 808, 809, 810, 811, 812, 813, 814, 815, 816, 817, 818, 819, 820, 821, 822, 823, 824, 825, 826, 827, 828, 829, 830, 831, 832, 833, 834, 835, 836, 837, 838, 839, 840, 841, 842, 843, 844, 845, 846, 847]",[],[],[],"[757, 794, 795, 796, 797, 798, 799, 800, 801, 802, 803, 804, 805, 806, 807, 808, 809, 298, 810, 811, 812, 813, 814, 815, 816, 817, 818, 819, 820, 821, 822, 823, 824, 825, 826, 827, 828, 829, 830, 831, 832, 833, 834, 835, 836, 837, 838, 839, 840, 841, 842, 843, 844, 845, 846, 847, 338, 339, 340, 341, 342, 343, 344, 345, 346, 347, 348, 349, 350, 351, 352, 353, 354, 355, 356, 357, 358, 359, 360, 361, 362, 363, 364, 365, 366, 367, 880, 368, 369, 370, 371, 372, 373, 375, 374, 377, 376, 378, 379, 380, 381, 382, 384, 385, 386, 387, 388, 389, 390, 391, 392, 393, 394, 395, 396, 397, 383, 428]",True,"[339, 795]","[338, 339, 340, 341, 342, 343, 344, 345, 346, 347, 348, 349, 350, 351, 352, 353, 354, 355, 356, 357, 358, 359, 360, 361, 362, 363, 364, 365, 366, 367, 368, 369, 370, 371, 372, 373, 374, 375, 376, 377, 378, 379, 380, 381, 382, 383, 384, 385, 386, 387, 388, 389, 390, 391, 392, 393, 394, 395, 396, 397, 794, 795, 796, 797, 798, 799, 800, 801, 802, 803, 804, 805, 806, 807, 808, 809, 810, 811, 812, 813, 814, 815, 816, 817, 818, 819, 820, 821, 822, 823, 824, 825, 826, 827, 828, 829, 830, 831, 832, 833, 834, 835, 836, 837, 838, 839, 840, 841, 842, 843, 844, 845, 846, 847]","[298, 339, 428, 757, 795, 880]",[],[],[],[],7/6 successful match,True,"[461, 462, 463, 464]",True,218,False,,0.465,True,Nevada Joe's ( Fastrip ),
Amargosa Valley ( 89020 ) Area 51 Travel Center,775-372-1500 2711 US 95 ( MM 30 ) & NV 373,24 S <U+2610>,Amargosa Valley,89020,Area 51 Travel Center,775-372-1500,2014,Amargosa Valley,NV,,( MM 30 ) & NV 373,2711 US 95,Proper,,False,,False,US 95,NV 373,,,,"[795, 339]","[339, 795]","[298, 339, 428, 757, 795, 880]",[],"[338, 339, 340, 341, 342, 343, 344, 345, 346, 347, 348, 349, 350, 351, 352, 353, 354, 355, 356, 357, 358, 359, 360, 361, 362, 363, 364, 365, 366, 367, 368, 369, 370, 371, 372, 373, 374, 375, 376, 377, 378, 379, 380, 381, 382, 383, 384, 385, 386, 387, 388, 389, 390, 391, 392, 393, 394, 395, 396, 397, 794, 795, 796, 797, 798, 799, 800, 801, 802, 803, 804, 805, 806, 807, 808, 809, 810, 811, 812, 813, 814, 815, 816, 817, 818, 819, 820, 821, 822, 823, 824, 825, 826, 827, 828, 829, 830, 831, 832, 833, 834, 835, 836, 837, 838, 839, 840, 841, 842, 843, 844, 845, 846, 847]","[8, 43, 71, 84, 86, 339, 348, 354, 360, 369, 378, 381, 382, 383, 384, 385, 389, 390, 523, 546, 555, 557, 795, 803, 809, 819, 828, 831, 832, 833, 834, 835, 839, 840]",[],"[339, 795]","[8, 523, 546, 43, 555, 557, 71, 84, 86, 757, 794, 795, 796, 797, 798, 799, 800, 801, 802, 803, 804, 805, 806, 807, 808, 809, 298, 810, 811, 812, 813, 814, 815, 816, 817, 818, 819, 820, 821, 822, 823, 824, 825, 826, 827, 828, 829, 830, 831, 832, 833, 834, 835, 836, 837, 838, 839, 840, 841, 842, 843, 844, 845, 846, 847, 338, 339, 340, 341, 342, 343, 344, 345, 346, 347, 348, 349, 350, 351, 352, 353, 354, 355, 356, 357, 358, 359, 360, 361, 362, 363, 364, 365, 366, 367, 880, 368, 369, 370, 371, 372, 373, 375, 374, 377, 376, 378, 379, 380, 381, 382, 384, 385, 386, 387, 388, 389, 390, 391, 392, 393, 394, 395, 396, 397, 383, 428]",True,"[339, 795]","[338, 339, 340, 341, 342, 343, 344, 345, 346, 347, 348, 349, 350, 351, 352, 353, 354, 355, 356, 357, 358, 359, 360, 361, 362, 363, 364, 365, 366, 367, 368, 369, 370, 371, 372, 373, 374, 375, 376, 377, 378, 379, 380, 381, 382, 383, 384, 385, 386, 387, 388, 389, 390, 391, 392, 393, 394, 395, 396, 397, 794, 795, 796, 797, 798, 799, 800, 801, 802, 803, 804, 805, 806, 807, 808, 809, 810, 811, 812, 813, 814, 815, 816, 817, 818, 819, 820, 821, 822, 823, 824, 825, 826, 827, 828, 829, 830, 831, 832, 833, 834, 835, 836, 837, 838, 839, 840, 841, 842, 843, 844, 845, 846, 847]","[298, 339, 428, 757, 795, 880]",[],"[8, 43, 71, 84, 86, 339, 348, 354, 360, 369, 378, 381, 382, 383, 384, 385, 389, 390, 523, 546, 555, 557, 795, 803, 809, 819, 828, 831, 832, 833, 834, 835, 839, 840]","[339, 795]",[],7/6 successful match,True,"[461, 462, 463, 464]",True,218,True,2014,0.13513513513513514,True,Nevada ( MM 39 ),
Amargosa Valley ( 89020 ) Area 51 Travel Center,775-372-1500 2711 US 95 ( MM 30 ) & NV 373,HRS 24 S <U+2610>,Amargosa Valley,89020,Area 51 Travel Center,775-372-1500,2015,Amargosa Valley,NV,,( MM 30 ) & NV 373,2711 US 95,Proper,,False,,False,US 95,NV 373,,,,"[795, 339]","[339, 795]","[298, 339, 428, 757, 795, 880]",[],"[338, 339, 340, 341, 342, 343, 344, 345, 346, 347, 348, 349, 350, 351, 352, 353, 354, 355, 356, 357, 358, 359, 360, 361, 362, 363, 364, 365, 366, 367, 368, 369, 370, 371, 372, 373, 374, 375, 376, 377, 378, 379, 380, 381, 382, 383, 384, 385, 386, 387, 388, 389, 390, 391, 392, 393, 394, 395, 396, 397, 794, 795, 796, 797, 798, 799, 800, 801, 802, 803, 804, 805, 806, 807, 808, 809, 810, 811, 812, 813, 814, 815, 816, 817, 818, 819, 820, 821, 822, 823, 824, 825, 826, 827, 828, 829, 830, 831, 832, 833, 834, 835, 836, 837, 838, 839, 840, 841, 842, 843, 844, 845, 846, 847]","[8, 43, 71, 84, 86, 339, 348, 354, 360, 369, 378, 381, 382, 383, 384, 385, 389, 390, 523, 546, 555, 557, 795, 803, 809, 819, 828, 831, 832, 833, 834, 835, 839, 840]",[],"[339, 795]","[8, 523, 546, 43, 555, 557, 71, 84, 86, 757, 794, 795, 796, 797, 798, 799, 800, 801, 802, 803, 804, 805, 806, 807, 808, 809, 298, 810, 811, 812, 813, 814, 815, 816, 817, 818, 819, 820, 821, 822, 823, 824, 825, 826, 827, 828, 829, 830, 831, 832, 833, 834, 835, 836, 837, 838, 839, 840, 841, 842, 843, 844, 845, 846, 847, 338, 339, 340, 341, 342, 343, 344, 345, 346, 347, 348, 349, 350, 351, 352, 353, 354, 355, 356, 357, 358, 359, 360, 361, 362, 363, 364, 365, 366, 367, 880, 368, 369, 370, 371, 372, 373, 375, 374, 377, 376, 378, 379, 380, 381, 382, 384, 385, 386, 387, 388, 389, 390, 391, 392, 393, 394, 395, 396, 397, 383, 428]",True,"[339, 795]","[338, 339, 340, 341, 342, 343, 344, 345, 346, 347, 348, 349, 350, 351, 352, 353, 354, 355, 356, 357, 358, 359, 360, 361, 362, 363, 364, 365, 366, 367, 368, 369, 370, 371, 372, 373, 374, 375, 376, 377, 378, 379, 380, 381, 382, 383, 384, 385, 386, 387, 388, 389, 390, 391, 392, 393, 394, 395, 396, 397, 794, 795, 796, 797, 798, 799, 800, 801, 802, 803, 804, 805, 806, 807, 808, 809, 810, 811, 812, 813, 814, 815, 816, 817, 818, 819, 820, 821, 822, 823, 824, 825, 826, 827, 828, 829, 830, 831, 832, 833, 834, 835, 836, 837, 838, 839, 840, 841, 842, 843, 844, 845, 846, 847]","[298, 339, 428, 757, 795, 880]",[],"[8, 43, 71, 84, 86, 339, 348, 354, 360, 369, 378, 381, 382, 383, 384, 385, 389, 390, 523, 546, 555, 557, 795, 803, 809, 819, 828, 831, 832, 833, 834, 835, 839, 840]","[339, 795]",[],7/6 successful match,True,"[461, 462, 463, 464]",True,218,False,,1.0,True,Area 51 Travel Center,
Amargosa Valley ( 89020 ) Area 51 Travel Center,775-372-1500 2711 US 95 ( MM 30 ) & NV 373,24 S <U+25A1>,Amargosa Valley,89020,Area 51 Travel Center,775-372-1500,2016,Amargosa Valley,NV,,( MM 30 ) & NV 373,2711 US 95,Proper,,False,,False,US 95,NV 373,,,,"[795, 339]","[339, 795]","[298, 339, 428, 757, 795, 880]",[],"[338, 339, 340, 341, 342, 343, 344, 345, 346, 347, 348, 349, 350, 351, 352, 353, 354, 355, 356, 357, 358, 359, 360, 361, 362, 363, 364, 365, 366, 367, 368, 369, 370, 371, 372, 373, 374, 375, 376, 377, 378, 379, 380, 381, 382, 383, 384, 385, 386, 387, 388, 389, 390, 391, 392, 393, 394, 395, 396, 397, 794, 795, 796, 797, 798, 799, 800, 801, 802, 803, 804, 805, 806, 807, 808, 809, 810, 811, 812, 813, 814, 815, 816, 817, 818, 819, 820, 821, 822, 823, 824, 825, 826, 827, 828, 829, 830, 831, 832, 833, 834, 835, 836, 837, 838, 839, 840, 841, 842, 843, 844, 845, 846, 847]","[8, 43, 71, 84, 86, 339, 348, 354, 360, 369, 378, 381, 382, 383, 384, 385, 389, 390, 523, 546, 555, 557, 795, 803, 809, 819, 828, 831, 832, 833, 834, 835, 839, 840]",[],"[339, 795]","[8, 523, 546, 43, 555, 557, 71, 84, 86, 757, 794, 795, 796, 797, 798, 799, 800, 801, 802, 803, 804, 805, 806, 807, 808, 809, 298, 810, 811, 812, 813, 814, 815, 816, 817, 818, 819, 820, 821, 822, 823, 824, 825, 826, 827, 828, 829, 830, 831, 832, 833, 834, 835, 836, 837, 838, 839, 840, 841, 842, 843, 844, 845, 846, 847, 338, 339, 340, 341, 342, 343, 344, 345, 346, 347, 348, 349, 350, 351, 352, 353, 354, 355, 356, 357, 358, 359, 360, 361, 362, 363, 364, 365, 366, 367, 880, 368, 369, 370, 371, 372, 373, 375, 374, 377, 376, 378, 379, 380, 381, 382, 384, 385, 386, 387, 388, 389, 390, 391, 392, 393, 394, 395, 396, 397, 383, 428]",True,"[339, 795]","[338, 339, 340, 341, 342, 343, 344, 345, 346, 347, 348, 349, 350, 351, 352, 353, 354, 355, 356, 357, 358, 359, 360, 361, 362, 363, 364, 365, 366, 367, 368, 369, 370, 371, 372, 373, 374, 375, 376, 377, 378, 379, 380, 381, 382, 383, 384, 385, 386, 387, 388, 389, 390, 391, 392, 393, 394, 395, 396, 397, 794, 795, 796, 797, 798, 799, 800, 801, 802, 803, 804, 805, 806, 807, 808, 809, 810, 811, 812, 813, 814, 815, 816, 817, 818, 819, 820, 821, 822, 823, 824, 825, 826, 827, 828, 829, 830, 831, 832, 833, 834, 835, 836, 837, 838, 839, 840, 841, 842, 843, 844, 845, 846, 847]","[298, 339, 428, 757, 795, 880]",[],"[8, 43, 71, 84, 86, 339, 348, 354, 360, 369, 378, 381, 382, 383, 384, 385, 389, 390, 523, 546, 555, 557, 795, 803, 809, 819, 828, 831, 832, 833, 834, 835, 839, 840]","[339, 795]",[],7/6 successful match,True,"[461, 462, 463, 464]",True,218,False,,1.0,True,Area 51 Travel Center,
"Las Vegas ( N ) , 89030 Pilot Travel Center # 341",702-644-1600 I-15 Exit 48 ( Craig Rd ),+8,Las Vegas,89030,Pilot Travel Center # 341,702-644-1600,2006,North Las Vegas,NV,Pilot,( Craig Rd ),I-15 Exit 48 ,Exit,48,False,,False,I-15,,,,,"[825, 375]","[363, 367, 818]","[356, 363, 365, 367, 370, 375, 381, 391, 396, 811, 818, 820, 825, 831, 841, 846]","[26, 94, 343, 375, 509, 565, 799, 825]","[338, 339, 340, 341, 342, 343, 344, 345, 346, 347, 348, 349, 350, 351, 352, 353, 354, 355, 356, 357, 358, 359, 360, 361, 362, 363, 364, 365, 366, 367, 368, 369, 370, 371, 372, 373, 374, 375, 376, 377, 378, 379, 380, 381, 382, 383, 384, 385, 386, 387, 388, 389, 390, 391, 392, 393, 394, 395, 396, 397, 794, 795, 796, 797, 798, 799, 800, 801, 802, 803, 804, 805, 806, 807, 808, 809, 810, 811, 812, 813, 814, 815, 816, 817, 818, 819, 820, 821, 822, 823, 824, 825, 826, 827, 828, 829, 830, 831, 832, 833, 834, 835, 836, 837, 838, 839, 840, 841, 842, 843, 844, 845, 846, 847]","[16, 125, 156, 163, 168, 184, 205, 222, 229, 253, 258, 265, 313, 317, 336, 340, 341, 356, 363, 365, 366, 367, 370, 375, 388, 391, 394, 396, 402, 410, 411, 412, 413, 415, 416, 417, 418, 419, 425, 429, 431, 433, 435, 437, 440, 441, 442, 443, 451, 452, 456, 457, 458, 460, 461, 464, 471, 473, 474, 475, 481, 482, 501, 596, 628, 635, 655, 675, 693, 716, 720, 725, 771, 775, 793, 796, 797, 811, 817, 818, 820, 825, 838, 841, 844, 846, 851, 857, 861, 862, 863, 864, 866, 867, 868, 870, 871, 877, 881, 883, 885, 888, 891, 892, 893, 898, 899, 904, 905, 907, 908, 911, 918, 920, 921, 922, 923, 924, 926, 931, 933]","[15, 16, 65, 66, 67, 68, 69, 70, 71, 72, 73, 74, 75, 76, 80, 151, 245, 246, 247, 248, 249, 250, 251, 252, 253, 254, 255, 256, 257, 258, 259, 280, 340, 373, 374, 375, 376, 377, 459, 460, 461, 462, 500, 501, 539, 540, 541, 542, 543, 544, 545, 546, 547, 548, 549, 550, 552, 622, 708, 709, 710, 711, 712, 713, 714, 715, 716, 717, 718, 719, 720, 739, 796, 823, 824, 825, 826, 827, 906, 907, 908, 909]","[15, 16, 65, 66, 67, 68, 69, 70, 71, 72, 73, 74, 75, 76, 77, 78, 80, 151, 244, 245, 246, 247, 248, 249, 250, 251, 252, 253, 254, 255, 256, 257, 258, 259, 260, 280, 340, 373, 374, 375, 376, 377, 459, 460, 461, 462, 500, 501, 539, 540, 541, 542, 543, 544, 545, 546, 547, 548, 549, 550, 552, 622, 708, 709, 710, 711, 712, 713, 714, 715, 716, 717, 718, 719, 720, 739, 796, 823, 824, 825, 826, 827, 906, 907, 908, 909]","[15, 16, 26, 539, 540, 541, 542, 922, 543, 544, 545, 546, 547, 548, 549, 313, 550, 552, 877, 565, 317, 65, 66, 67, 68, 69, 70, 71, 72, 73, 74, 75, 76, 77, 78, 80, 596, 888, 94, 622, 628, 635, 125, 655, 151, 156, 163, 675, 168, 693, 184, 851, 708, 709, 710, 711, 883, 712, 713, 714, 716, 205, 715, 717, 720, 718, 719, 725, 857, 222, 739, 229, 861, 862, 244, 245, 863, 246, 247, 248, 885, 249, 864, 253, 250, 251, 252, 254, 258, 771, 255, 256, 866, 775, 257, 265, 259, 867, 260, 868, 280, 793, 794, 795, 796, 797, 798, 799, 800, 801, 802, 803, 804, 805, 806, 807, 808, 809, 810, 811, 812, 813, 814, 815, 816, 817, 818, 819, 820, 821, 822, 823, 824, 825, 826, 827, 828, 829, 830, 831, 832, 833, 834, 835, 836, 837, 838, 839, 840, 841, 842, 843, 844, 845, 846, 847, 336, 881, 338, 339, 340, 341, 342, 343, 344, 345, 346, 347, 348, 349, 350, 351, 352, 353, 354, 355, 356, 357, 358, 359, 360, 361, 362, 363, 364, 365, 366, 367, 368, 369, 370, 371, 372, 373, 374, 375, 376, 377, 378, 379, 380, 381, 382, 383, 384, 385, 386, 387, 388, 389, 390, 391, 392, 393, 394, 395, 396, 397, 892, 893, 870, 891, 402, 907, 908, 911, 918, 920, 921, 410, 411, 412, 413, 871, 415, 416, 417, 418, 419, 923, 924, 926, 898, 931, 425, 933, 899, 429, 431, 433, 435, 437, 440, 441, 442, 443, 451, 452, 904, 456, 457, 458, 905, 460, 461, 459, 462, 464, 906, 471, 473, 474, 475, 909, 481, 482, 500, 501, 509]",True,"[363, 367, 818]","[338, 339, 340, 341, 342, 343, 344, 345, 346, 347, 348, 349, 350, 351, 352, 353, 354, 355, 356, 357, 358, 359, 360, 361, 362, 363, 364, 365, 366, 367, 368, 369, 370, 371, 372, 373, 374, 375, 376, 377, 378, 379, 380, 381, 382, 383, 384, 385, 386, 387, 388, 389, 390, 391, 392, 393, 394, 395, 396, 397, 794, 795, 796, 797, 798, 799, 800, 801, 802, 803, 804, 805, 806, 807, 808, 809, 810, 811, 812, 813, 814, 815, 816, 817, 818, 819, 820, 821, 822, 823, 824, 825, 826, 827, 828, 829, 830, 831, 832, 833, 834, 835, 836, 837, 838, 839, 840, 841, 842, 843, 844, 845, 846, 847]","[356, 363, 365, 367, 370, 375, 381, 391, 396, 811, 818, 820, 825, 831, 841, 846]","[26, 94, 343, 375, 509, 565, 799, 825]","[16, 125, 156, 163, 168, 184, 205, 222, 229, 253, 258, 265, 313, 317, 336, 340, 341, 356, 363, 365, 366, 367, 370, 375, 388, 391, 394, 396, 402, 410, 411, 412, 413, 415, 416, 417, 418, 419, 425, 429, 431, 433, 435, 437, 440, 441, 442, 443, 451, 452, 456, 457, 458, 460, 461, 464, 471, 473, 474, 475, 481, 482, 501, 596, 628, 635, 655, 675, 693, 716, 720, 725, 771, 775, 793, 796, 797, 811, 817, 818, 820, 825, 838, 841, 844, 846, 851, 857, 861, 862, 863, 864, 866, 867, 868, 870, 871, 877, 881, 883, 885, 888, 891, 892, 893, 898, 899, 904, 905, 907, 908, 911, 918, 920, 921, 922, 923, 924, 926, 931, 933]","[15, 16, 65, 66, 67, 68, 69, 70, 71, 72, 73, 74, 75, 76, 77, 78, 80, 151, 244, 245, 246, 247, 248, 249, 250, 251, 252, 253, 254, 255, 256, 257, 258, 259, 260, 280, 340, 373, 374, 375, 376, 377, 459, 460, 461, 462, 500, 501, 539, 540, 541, 542, 543, 544, 545, 546, 547, 548, 549, 550, 552, 622, 708, 709, 710, 711, 712, 713, 714, 715, 716, 717, 718, 719, 720, 739, 796, 823, 824, 825, 826, 827, 906, 907, 908, 909]","[15, 16, 65, 66, 67, 68, 69, 70, 71, 72, 73, 74, 75, 76, 80, 151, 245, 246, 247, 248, 249, 250, 251, 252, 253, 254, 255, 256, 257, 258, 259, 280, 340, 373, 374, 375, 376, 377, 459, 460, 461, 462, 500, 501, 539, 540, 541, 542, 543, 544, 545, 546, 547, 548, 549, 550, 552, 622, 708, 709, 710, 711, 712, 713, 714, 715, 716, 717, 718, 719, 720, 739, 796, 823, 824, 825, 826, 827, 906, 907, 908, 909]",7/6 successful match,True,[227],True,219,False,,,,,
"Vegas ( N ) , 89030 Pilot Travel Center # 341",702-644-1600 Las I-15 Exit 48 ( Craig Rd ),24 MOO,Vegas,89030,Pilot Travel Center # 341,702-644-1600,2007,North Las Vegas,NV,Pilot,( Craig Rd ),Las I-15 Exit 48 ,Exit,48,False,,False,I-15,,,,,"[825, 375]","[363, 367, 818]","[356, 363, 365, 367, 370, 375, 381, 391, 396, 811, 818, 820, 825, 831, 841, 846]","[26, 94, 343, 375, 509, 565, 799, 825]","[338, 339, 340, 341, 342, 343, 344, 345, 346, 347, 348, 349, 350, 351, 352, 353, 354, 355, 356, 357, 358, 359, 360, 361, 362, 363, 364, 365, 366, 367, 368, 369, 370, 371, 372, 373, 374, 375, 376, 377, 378, 379, 380, 381, 382, 383, 384, 385, 386, 387, 388, 389, 390, 391, 392, 393, 394, 395, 396, 397, 794, 795, 796, 797, 798, 799, 800, 801, 802, 803, 804, 805, 806, 807, 808, 809, 810, 811, 812, 813, 814, 815, 816, 817, 818, 819, 820, 821, 822, 823, 824, 825, 826, 827, 828, 829, 830, 831, 832, 833, 834, 835, 836, 837, 838, 839, 840, 841, 842, 843, 844, 845, 846, 847]","[16, 125, 156, 163, 168, 184, 205, 222, 229, 253, 258, 265, 313, 317, 336, 340, 341, 356, 363, 365, 366, 367, 370, 375, 388, 391, 394, 396, 402, 410, 411, 412, 413, 415, 416, 417, 418, 419, 425, 429, 431, 433, 435, 437, 440, 441, 442, 443, 451, 452, 456, 457, 458, 460, 461, 464, 471, 473, 474, 475, 481, 482, 501, 596, 628, 635, 655, 675, 693, 716, 720, 725, 771, 775, 793, 796, 797, 811, 817, 818, 820, 825, 838, 841, 844, 846, 851, 857, 861, 862, 863, 864, 866, 867, 868, 870, 871, 877, 881, 883, 885, 888, 891, 892, 893, 898, 899, 904, 905, 907, 908, 911, 918, 920, 921, 922, 923, 924, 926, 931, 933]","[15, 16, 65, 66, 67, 68, 69, 70, 71, 72, 73, 74, 75, 76, 80, 151, 245, 246, 247, 248, 249, 250, 251, 252, 253, 254, 255, 256, 257, 258, 259, 280, 340, 373, 374, 375, 376, 377, 459, 460, 461, 462, 500, 501, 539, 540, 541, 542, 543, 544, 545, 546, 547, 548, 549, 550, 552, 622, 708, 709, 710, 711, 712, 713, 714, 715, 716, 717, 718, 719, 720, 739, 796, 823, 824, 825, 826, 827, 906, 907, 908, 909]","[15, 16, 65, 66, 67, 68, 69, 70, 71, 72, 73, 74, 75, 76, 77, 78, 80, 151, 244, 245, 246, 247, 248, 249, 250, 251, 252, 253, 254, 255, 256, 257, 258, 259, 260, 280, 340, 373, 374, 375, 376, 377, 459, 460, 461, 462, 500, 501, 539, 540, 541, 542, 543, 544, 545, 546, 547, 548, 549, 550, 552, 622, 708, 709, 710, 711, 712, 713, 714, 715, 716, 717, 718, 719, 720, 739, 796, 823, 824, 825, 826, 827, 906, 907, 908, 909]","[15, 16, 26, 539, 540, 541, 542, 922, 543, 544, 545, 546, 547, 548, 549, 313, 550, 552, 877, 565, 317, 65, 66, 67, 68, 69, 70, 71, 72, 73, 74, 75, 76, 77, 78, 80, 596, 888, 94, 622, 628, 635, 125, 655, 151, 156, 163, 675, 168, 693, 184, 851, 708, 709, 710, 711, 883, 712, 713, 714, 716, 205, 715, 717, 720, 718, 719, 725, 857, 222, 739, 229, 861, 862, 244, 245, 863, 246, 247, 248, 885, 249, 864, 253, 250, 251, 252, 254, 258, 771, 255, 256, 866, 775, 257, 265, 259, 867, 260, 868, 280, 793, 794, 795, 796, 797, 798, 799, 800, 801, 802, 803, 804, 805, 806, 807, 808, 809, 810, 811, 812, 813, 814, 815, 816, 817, 818, 819, 820, 821, 822, 823, 824, 825, 826, 827, 828, 829, 830, 831, 832, 833, 834, 835, 836, 837, 838, 839, 840, 841, 842, 843, 844, 845, 846, 847, 336, 881, 338, 339, 340, 341, 342, 343, 344, 345, 346, 347, 348, 349, 350, 351, 352, 353, 354, 355, 356, 357, 358, 359, 360, 361, 362, 363, 364, 365, 366, 367, 368, 369, 370, 371, 372, 373, 374, 375, 376, 377, 378, 379, 380, 381, 382, 383, 384, 385, 386, 387, 388, 389, 390, 391, 392, 393, 394, 395, 396, 397, 892, 893, 870, 891, 402, 907, 908, 911, 918, 920, 921, 410, 411, 412, 413, 871, 415, 416, 417, 418, 419, 923, 924, 926, 898, 931, 425, 933, 899, 429, 431, 433, 435, 437, 440, 441, 442, 443, 451, 452, 904, 456, 457, 458, 905, 460, 461, 459, 462, 464, 906, 471, 473, 474, 475, 909, 481, 482, 500, 501, 509]",True,"[363, 367, 818]","[338, 339, 340, 341, 342, 343, 344, 345, 346, 347, 348, 349, 350, 351, 352, 353, 354, 355, 356, 357, 358, 359, 360, 361, 362, 363, 364, 365, 366, 367, 368, 369, 370, 371, 372, 373, 374, 375, 376, 377, 378, 379, 380, 381, 382, 383, 384, 385, 386, 387, 388, 389, 390, 391, 392, 393, 394, 395, 396, 397, 794, 795, 796, 797, 798, 799, 800, 801, 802, 803, 804, 805, 806, 807, 808, 809, 810, 811, 812, 813, 814, 815, 816, 817, 818, 819, 820, 821, 822, 823, 824, 825, 826, 827, 828, 829, 830, 831, 832, 833, 834, 835, 836, 837, 838, 839, 840, 841, 842, 843, 844, 845, 846, 847]","[356, 363, 365, 367, 370, 375, 381, 391, 396, 811, 818, 820, 825, 831, 841, 846]","[26, 94, 343, 375, 509, 565, 799, 825]","[16, 125, 156, 163, 168, 184, 205, 222, 229, 253, 258, 265, 313, 317, 336, 340, 341, 356, 363, 365, 366, 367, 370, 375, 388, 391, 394, 396, 402, 410, 411, 412, 413, 415, 416, 417, 418, 419, 425, 429, 431, 433, 435, 437, 440, 441, 442, 443, 451, 452, 456, 457, 458, 460, 461, 464, 471, 473, 474, 475, 481, 482, 501, 596, 628, 635, 655, 675, 693, 716, 720, 725, 771, 775, 793, 796, 797, 811, 817, 818, 820, 825, 838, 841, 844, 846, 851, 857, 861, 862, 863, 864, 866, 867, 868, 870, 871, 877, 881, 883, 885, 888, 891, 892, 893, 898, 899, 904, 905, 907, 908, 911, 918, 920, 921, 922, 923, 924, 926, 931, 933]","[15, 16, 65, 66, 67, 68, 69, 70, 71, 72, 73, 74, 75, 76, 77, 78, 80, 151, 244, 245, 246, 247, 248, 249, 250, 251, 252, 253, 254, 255, 256, 257, 258, 259, 260, 280, 340, 373, 374, 375, 376, 377, 459, 460, 461, 462, 500, 501, 539, 540, 541, 542, 543, 544, 545, 546, 547, 548, 549, 550, 552, 622, 708, 709, 710, 711, 712, 713, 714, 715, 716, 717, 718, 719, 720, 739, 796, 823, 824, 825, 826, 827, 906, 907, 908, 909]","[15, 16, 65, 66, 67, 68, 69, 70, 71, 72, 73, 74, 75, 76, 80, 151, 245, 246, 247, 248, 249, 250, 251, 252, 253, 254, 255, 256, 257, 258, 259, 280, 340, 373, 374, 375, 376, 377, 459, 460, 461, 462, 500, 501, 539, 540, 541, 542, 543, 544, 545, 546, 547, 548, 549, 550, 552, 622, 708, 709, 710, 711, 712, 713, 714, 715, 716, 717, 718, 719, 720, 739, 796, 823, 824, 825, 826, 827, 906, 907, 908, 909]",7/6 successful match,True,[227],True,219,False,,1.0,True,Pilot Travel Center # 341,Pilot
"Las Vegas ( N ) , 89030 Pilot Travel Center # 341 Ave W )",6 702-644-1600 I-15 Exit 48 ( Craig,24 MO <U+2610><U+2610><U+2610><U+2610><U+2610><U+2610>,Las Vegas,89030,Pilot Travel Center # 341 Ave W ),702-644-1600,2008,North Las Vegas,NV,Pilot,( Craig,I-15 Exit 48 ,Exit,48,False,,False,I-15,,,,,"[825, 375]","[363, 367, 818]","[356, 363, 365, 367, 370, 375, 381, 391, 396, 811, 818, 820, 825, 831, 841, 846]","[26, 94, 343, 375, 509, 565, 799, 825]","[338, 339, 340, 341, 342, 343, 344, 345, 346, 347, 348, 349, 350, 351, 352, 353, 354, 355, 356, 357, 358, 359, 360, 361, 362, 363, 364, 365, 366, 367, 368, 369, 370, 371, 372, 373, 374, 375, 376, 377, 378, 379, 380, 381, 382, 383, 384, 385, 386, 387, 388, 389, 390, 391, 392, 393, 394, 395, 396, 397, 794, 795, 796, 797, 798, 799, 800, 801, 802, 803, 804, 805, 806, 807, 808, 809, 810, 811, 812, 813, 814, 815, 816, 817, 818, 819, 820, 821, 822, 823, 824, 825, 826, 827, 828, 829, 830, 831, 832, 833, 834, 835, 836, 837, 838, 839, 840, 841, 842, 843, 844, 845, 846, 847]","[16, 125, 156, 163, 168, 184, 205, 222, 229, 253, 258, 265, 313, 317, 336, 340, 341, 356, 363, 365, 366, 367, 370, 375, 388, 391, 394, 396, 402, 410, 411, 412, 413, 415, 416, 417, 418, 419, 425, 429, 431, 433, 435, 437, 440, 441, 442, 443, 451, 452, 456, 457, 458, 460, 461, 464, 471, 473, 474, 475, 481, 482, 501, 596, 628, 635, 655, 675, 693, 716, 720, 725, 771, 775, 793, 796, 797, 811, 817, 818, 820, 825, 838, 841, 844, 846, 851, 857, 861, 862, 863, 864, 866, 867, 868, 870, 871, 877, 881, 883, 885, 888, 891, 892, 893, 898, 899, 904, 905, 907, 908, 911, 918, 920, 921, 922, 923, 924, 926, 931, 933]","[15, 16, 65, 66, 67, 68, 69, 70, 71, 72, 73, 74, 75, 76, 80, 151, 245, 246, 247, 248, 249, 250, 251, 252, 253, 254, 255, 256, 257, 258, 259, 280, 340, 373, 374, 375, 376, 377, 459, 460, 461, 462, 500, 501, 539, 540, 541, 542, 543, 544, 545, 546, 547, 548, 549, 550, 552, 622, 708, 709, 710, 711, 712, 713, 714, 715, 716, 717, 718, 719, 720, 739, 796, 823, 824, 825, 826, 827, 906, 907, 908, 909]","[15, 16, 65, 66, 67, 68, 69, 70, 71, 72, 73, 74, 75, 76, 77, 78, 80, 151, 244, 245, 246, 247, 248, 249, 250, 251, 252, 253, 254, 255, 256, 257, 258, 259, 260, 280, 340, 373, 374, 375, 376, 377, 459, 460, 461, 462, 500, 501, 539, 540, 541, 542, 543, 544, 545, 546, 547, 548, 549, 550, 552, 622, 708, 709, 710, 711, 712, 713, 714, 715, 716, 717, 718, 719, 720, 739, 796, 823, 824, 825, 826, 827, 906, 907, 908, 909]","[15, 16, 26, 539, 540, 541, 542, 922, 543, 544, 545, 546, 547, 548, 549, 313, 550, 552, 877, 565, 317, 65, 66, 67, 68, 69, 70, 71, 72, 73, 74, 75, 76, 77, 78, 80, 596, 888, 94, 622, 628, 635, 125, 655, 151, 156, 163, 675, 168, 693, 184, 851, 708, 709, 710, 711, 883, 712, 713, 714, 716, 205, 715, 717, 720, 718, 719, 725, 857, 222, 739, 229, 861, 862, 244, 245, 863, 246, 247, 248, 885, 249, 864, 253, 250, 251, 252, 254, 258, 771, 255, 256, 866, 775, 257, 265, 259, 867, 260, 868, 280, 793, 794, 795, 796, 797, 798, 799, 800, 801, 802, 803, 804, 805, 806, 807, 808, 809, 810, 811, 812, 813, 814, 815, 816, 817, 818, 819, 820, 821, 822, 823, 824, 825, 826, 827, 828, 829, 830, 831, 832, 833, 834, 835, 836, 837, 838, 839, 840, 841, 842, 843, 844, 845, 846, 847, 336, 881, 338, 339, 340, 341, 342, 343, 344, 345, 346, 347, 348, 349, 350, 351, 352, 353, 354, 355, 356, 357, 358, 359, 360, 361, 362, 363, 364, 365, 366, 367, 368, 369, 370, 371, 372, 373, 374, 375, 376, 377, 378, 379, 380, 381, 382, 383, 384, 385, 386, 387, 388, 389, 390, 391, 392, 393, 394, 395, 396, 397, 892, 893, 870, 891, 402, 907, 908, 911, 918, 920, 921, 410, 411, 412, 413, 871, 415, 416, 417, 418, 419, 923, 924, 926, 898, 931, 425, 933, 899, 429, 431, 433, 435, 437, 440, 441, 442, 443, 451, 452, 904, 456, 457, 458, 905, 460, 461, 459, 462, 464, 906, 471, 473, 474, 475, 909, 481, 482, 500, 501, 509]",True,"[363, 367, 818]","[338, 339, 340, 341, 342, 343, 344, 345, 346, 347, 348, 349, 350, 351, 352, 353, 354, 355, 356, 357, 358, 359, 360, 361, 362, 363, 364, 365, 366, 367, 368, 369, 370, 371, 372, 373, 374, 375, 376, 377, 378, 379, 380, 381, 382, 383, 384, 385, 386, 387, 388, 389, 390, 391, 392, 393, 394, 395, 396, 397, 794, 795, 796, 797, 798, 799, 800, 801, 802, 803, 804, 805, 806, 807, 808, 809, 810, 811, 812, 813, 814, 815, 816, 817, 818, 819, 820, 821, 822, 823, 824, 825, 826, 827, 828, 829, 830, 831, 832, 833, 834, 835, 836, 837, 838, 839, 840, 841, 842, 843, 844, 845, 846, 847]","[356, 363, 365, 367, 370, 375, 381, 391, 396, 811, 818, 820, 825, 831, 841, 846]","[26, 94, 343, 375, 509, 565, 799, 825]","[16, 125, 156, 163, 168, 184, 205, 222, 229, 253, 258, 265, 313, 317, 336, 340, 341, 356, 363, 365, 366, 367, 370, 375, 388, 391, 394, 396, 402, 410, 411, 412, 413, 415, 416, 417, 418, 419, 425, 429, 431, 433, 435, 437, 440, 441, 442, 443, 451, 452, 456, 457, 458, 460, 461, 464, 471, 473, 474, 475, 481, 482, 501, 596, 628, 635, 655, 675, 693, 716, 720, 725, 771, 775, 793, 796, 797, 811, 817, 818, 820, 825, 838, 841, 844, 846, 851, 857, 861, 862, 863, 864, 866, 867, 868, 870, 871, 877, 881, 883, 885, 888, 891, 892, 893, 898, 899, 904, 905, 907, 908, 911, 918, 920, 921, 922, 923, 924, 926, 931, 933]","[15, 16, 65, 66, 67, 68, 69, 70, 71, 72, 73, 74, 75, 76, 77, 78, 80, 151, 244, 245, 246, 247, 248, 249, 250, 251, 252, 253, 254, 255, 256, 257, 258, 259, 260, 280, 340, 373, 374, 375, 376, 377, 459, 460, 461, 462, 500, 501, 539, 540, 541, 542, 543, 544, 545, 546, 547, 548, 549, 550, 552, 622, 708, 709, 710, 711, 712, 713, 714, 715, 716, 717, 718, 719, 720, 739, 796, 823, 824, 825, 826, 827, 906, 907, 908, 909]","[15, 16, 65, 66, 67, 68, 69, 70, 71, 72, 73, 74, 75, 76, 80, 151, 245, 246, 247, 248, 249, 250, 251, 252, 253, 254, 255, 256, 257, 258, 259, 280, 340, 373, 374, 375, 376, 377, 459, 460, 461, 462, 500, 501, 539, 540, 541, 542, 543, 544, 545, 546, 547, 548, 549, 550, 552, 622, 708, 709, 710, 711, 712, 713, 714, 715, 716, 717, 718, 719, 720, 739, 796, 823, 824, 825, 826, 827, 906, 907, 908, 909]",7/6 successful match,True,[227],True,219,False,,1.0,True,Pilot Travel Center # 341,Pilot
Las Vegas ( North ) ( 89030 ) Pilot Travel Center # 341,6 702-644-1600 I-15 Exit 48 ( Craig Rd ),Pilot 24 M,Las Vegas,89030,Pilot Travel Center # 341,702-644-1600,2014,North Las Vegas,NV,Pilot,( Craig Rd ),I-15 Exit 48 ,Exit,48,False,,False,I-15,,,,,"[825, 375]","[363, 367, 818]","[356, 363, 365, 367, 370, 375, 381, 391, 396, 811, 818, 820, 825, 831, 841, 846]","[26, 94, 343, 375, 509, 565, 799, 825]","[338, 339, 340, 341, 342, 343, 344, 345, 346, 347, 348, 349, 350, 351, 352, 353, 354, 355, 356, 357, 358, 359, 360, 361, 362, 363, 364, 365, 366, 367, 368, 369, 370, 371, 372, 373, 374, 375, 376, 377, 378, 379, 380, 381, 382, 383, 384, 385, 386, 387, 388, 389, 390, 391, 392, 393, 394, 395, 396, 397, 794, 795, 796, 797, 798, 799, 800, 801, 802, 803, 804, 805, 806, 807, 808, 809, 810, 811, 812, 813, 814, 815, 816, 817, 818, 819, 820, 821, 822, 823, 824, 825, 826, 827, 828, 829, 830, 831, 832, 833, 834, 835, 836, 837, 838, 839, 840, 841, 842, 843, 844, 845, 846, 847]","[16, 125, 156, 163, 168, 184, 205, 222, 229, 253, 258, 265, 313, 317, 336, 340, 341, 356, 363, 365, 366, 367, 370, 375, 388, 391, 394, 396, 402, 410, 411, 412, 413, 415, 416, 417, 418, 419, 425, 429, 431, 433, 435, 437, 440, 441, 442, 443, 451, 452, 456, 457, 458, 460, 461, 464, 471, 473, 474, 475, 481, 482, 501, 596, 628, 635, 655, 675, 693, 716, 720, 725, 771, 775, 793, 796, 797, 811, 817, 818, 820, 825, 838, 841, 844, 846, 851, 857, 861, 862, 863, 864, 866, 867, 868, 870, 871, 877, 881, 883, 885, 888, 891, 892, 893, 898, 899, 904, 905, 907, 908, 911, 918, 920, 921, 922, 923, 924, 926, 931, 933]","[15, 16, 65, 66, 67, 68, 69, 70, 71, 72, 73, 74, 75, 76, 80, 151, 245, 246, 247, 248, 249, 250, 251, 252, 253, 254, 255, 256, 257, 258, 259, 280, 340, 373, 374, 375, 376, 377, 459, 460, 461, 462, 500, 501, 539, 540, 541, 542, 543, 544, 545, 546, 547, 548, 549, 550, 552, 622, 708, 709, 710, 711, 712, 713, 714, 715, 716, 717, 718, 719, 720, 739, 796, 823, 824, 825, 826, 827, 906, 907, 908, 909]","[15, 16, 65, 66, 67, 68, 69, 70, 71, 72, 73, 74, 75, 76, 77, 78, 80, 151, 244, 245, 246, 247, 248, 249, 250, 251, 252, 253, 254, 255, 256, 257, 258, 259, 260, 280, 340, 373, 374, 375, 376, 377, 459, 460, 461, 462, 500, 501, 539, 540, 541, 542, 543, 544, 545, 546, 547, 548, 549, 550, 552, 622, 708, 709, 710, 711, 712, 713, 714, 715, 716, 717, 718, 719, 720, 739, 796, 823, 824, 825, 826, 827, 906, 907, 908, 909]","[15, 16, 26, 539, 540, 541, 542, 922, 543, 544, 545, 546, 547, 548, 549, 313, 550, 552, 877, 565, 317, 65, 66, 67, 68, 69, 70, 71, 72, 73, 74, 75, 76, 77, 78, 80, 596, 888, 94, 622, 628, 635, 125, 655, 151, 156, 163, 675, 168, 693, 184, 851, 708, 709, 710, 711, 883, 712, 713, 714, 716, 205, 715, 717, 720, 718, 719, 725, 857, 222, 739, 229, 861, 862, 244, 245, 863, 246, 247, 248, 885, 249, 864, 253, 250, 251, 252, 254, 258, 771, 255, 256, 866, 775, 257, 265, 259, 867, 260, 868, 280, 793, 794, 795, 796, 797, 798, 799, 800, 801, 802, 803, 804, 805, 806, 807, 808, 809, 810, 811, 812, 813, 814, 815, 816, 817, 818, 819, 820, 821, 822, 823, 824, 825, 826, 827, 828, 829, 830, 831, 832, 833, 834, 835, 836, 837, 838, 839, 840, 841, 842, 843, 844, 845, 846, 847, 336, 881, 338, 339, 340, 341, 342, 343, 344, 345, 346, 347, 348, 349, 350, 351, 352, 353, 354, 355, 356, 357, 358, 359, 360, 361, 362, 363, 364, 365, 366, 367, 368, 369, 370, 371, 372, 373, 374, 375, 376, 377, 378, 379, 380, 381, 382, 383, 384, 385, 386, 387, 388, 389, 390, 391, 392, 393, 394, 395, 396, 397, 892, 893, 870, 891, 402, 907, 908, 911, 918, 920, 921, 410, 411, 412, 413, 871, 415, 416, 417, 418, 419, 923, 924, 926, 898, 931, 425, 933, 899, 429, 431, 433, 435, 437, 440, 441, 442, 443, 451, 452, 904, 456, 457, 458, 905, 460, 461, 459, 462, 464, 906, 471, 473, 474, 475, 909, 481, 482, 500, 501, 509]",True,"[363, 367, 818]","[338, 339, 340, 341, 342, 343, 344, 345, 346, 347, 348, 349, 350, 351, 352, 353, 354, 355, 356, 357, 358, 359, 360, 361, 362, 363, 364, 365, 366, 367, 368, 369, 370, 371, 372, 373, 374, 375, 376, 377, 378, 379, 380, 381, 382, 383, 384, 385, 386, 387, 388, 389, 390, 391, 392, 393, 394, 395, 396, 397, 794, 795, 796, 797, 798, 799, 800, 801, 802, 803, 804, 805, 806, 807, 808, 809, 810, 811, 812, 813, 814, 815, 816, 817, 818, 819, 820, 821, 822, 823, 824, 825, 826, 827, 828, 829, 830, 831, 832, 833, 834, 835, 836, 837, 838, 839, 840, 841, 842, 843, 844, 845, 846, 847]","[356, 363, 365, 367, 370, 375, 381, 391, 396, 811, 818, 820, 825, 831, 841, 846]","[26, 94, 343, 375, 509, 565, 799, 825]","[16, 125, 156, 163, 168, 184, 205, 222, 229, 253, 258, 265, 313, 317, 336, 340, 341, 356, 363, 365, 366, 367, 370, 375, 388, 391, 394, 396, 402, 410, 411, 412, 413, 415, 416, 417, 418, 419, 425, 429, 431, 433, 435, 437, 440, 441, 442, 443, 451, 452, 456, 457, 458, 460, 461, 464, 471, 473, 474, 475, 481, 482, 501, 596, 628, 635, 655, 675, 693, 716, 720, 725, 771, 775, 793, 796, 797, 811, 817, 818, 820, 825, 838, 841, 844, 846, 851, 857, 861, 862, 863, 864, 866, 867, 868, 870, 871, 877, 881, 883, 885, 888, 891, 892, 893, 898, 899, 904, 905, 907, 908, 911, 918, 920, 921, 922, 923, 924, 926, 931, 933]","[15, 16, 65, 66, 67, 68, 69, 70, 71, 72, 73, 74, 75, 76, 77, 78, 80, 151, 244, 245, 246, 247, 248, 249, 250, 251, 252, 253, 254, 255, 256, 257, 258, 259, 260, 280, 340, 373, 374, 375, 376, 377, 459, 460, 461, 462, 500, 501, 539, 540, 541, 542, 543, 544, 545, 546, 547, 548, 549, 550, 552, 622, 708, 709, 710, 711, 712, 713, 714, 715, 716, 717, 718, 719, 720, 739, 796, 823, 824, 825, 826, 827, 906, 907, 908, 909]","[15, 16, 65, 66, 67, 68, 69, 70, 71, 72, 73, 74, 75, 76, 80, 151, 245, 246, 247, 248, 249, 250, 251, 252, 253, 254, 255, 256, 257, 258, 259, 280, 340, 373, 374, 375, 376, 377, 459, 460, 461, 462, 500, 501, 539, 540, 541, 542, 543, 544, 545, 546, 547, 548, 549, 550, 552, 622, 708, 709, 710, 711, 712, 713, 714, 715, 716, 717, 718, 719, 720, 739, 796, 823, 824, 825, 826, 827, 906, 907, 908, 909]",7/6 successful match,True,[227],True,219,False,,1.0,True,Pilot Travel Center # 341 Ave W ),Pilot
Las Vegas ( North ) ( 89030 ) Pilot Travel Center # 341,702-644-1600 I-15 Exit 48 ( Craig ) Pilot,24 M,Las Vegas,89030,Pilot Travel Center # 341,702-644-1600,2015,North Las Vegas,NV,Pilot,( Craig ) Pilot,I-15 Exit 48 ,Exit,48,False,,False,I-15,,,,,"[825, 375]","[363, 367, 818]","[356, 363, 365, 367, 370, 375, 381, 391, 396, 811, 818, 820, 825, 831, 841, 846]","[26, 94, 343, 375, 509, 565, 799, 825]","[338, 339, 340, 341, 342, 343, 344, 345, 346, 347, 348, 349, 350, 351, 352, 353, 354, 355, 356, 357, 358, 359, 360, 361, 362, 363, 364, 365, 366, 367, 368, 369, 370, 371, 372, 373, 374, 375, 376, 377, 378, 379, 380, 381, 382, 383, 384, 385, 386, 387, 388, 389, 390, 391, 392, 393, 394, 395, 396, 397, 794, 795, 796, 797, 798, 799, 800, 801, 802, 803, 804, 805, 806, 807, 808, 809, 810, 811, 812, 813, 814, 815, 816, 817, 818, 819, 820, 821, 822, 823, 824, 825, 826, 827, 828, 829, 830, 831, 832, 833, 834, 835, 836, 837, 838, 839, 840, 841, 842, 843, 844, 845, 846, 847]","[16, 125, 156, 163, 168, 184, 205, 222, 229, 253, 258, 265, 313, 317, 336, 340, 341, 356, 363, 365, 366, 367, 370, 375, 388, 391, 394, 396, 402, 410, 411, 412, 413, 415, 416, 417, 418, 419, 425, 429, 431, 433, 435, 437, 440, 441, 442, 443, 451, 452, 456, 457, 458, 460, 461, 464, 471, 473, 474, 475, 481, 482, 501, 596, 628, 635, 655, 675, 693, 716, 720, 725, 771, 775, 793, 796, 797, 811, 817, 818, 820, 825, 838, 841, 844, 846, 851, 857, 861, 862, 863, 864, 866, 867, 868, 870, 871, 877, 881, 883, 885, 888, 891, 892, 893, 898, 899, 904, 905, 907, 908, 911, 918, 920, 921, 922, 923, 924, 926, 931, 933]","[15, 16, 65, 66, 67, 68, 69, 70, 71, 72, 73, 74, 75, 76, 80, 151, 245, 246, 247, 248, 249, 250, 251, 252, 253, 254, 255, 256, 257, 258, 259, 280, 340, 373, 374, 375, 376, 377, 459, 460, 461, 462, 500, 501, 539, 540, 541, 542, 543, 544, 545, 546, 547, 548, 549, 550, 552, 622, 708, 709, 710, 711, 712, 713, 714, 715, 716, 717, 718, 719, 720, 739, 796, 823, 824, 825, 826, 827, 906, 907, 908, 909]","[15, 16, 65, 66, 67, 68, 69, 70, 71, 72, 73, 74, 75, 76, 77, 78, 80, 151, 244, 245, 246, 247, 248, 249, 250, 251, 252, 253, 254, 255, 256, 257, 258, 259, 260, 280, 340, 373, 374, 375, 376, 377, 459, 460, 461, 462, 500, 501, 539, 540, 541, 542, 543, 544, 545, 546, 547, 548, 549, 550, 552, 622, 708, 709, 710, 711, 712, 713, 714, 715, 716, 717, 718, 719, 720, 739, 796, 823, 824, 825, 826, 827, 906, 907, 908, 909]","[15, 16, 26, 539, 540, 541, 542, 922, 543, 544, 545, 546, 547, 548, 549, 313, 550, 552, 877, 565, 317, 65, 66, 67, 68, 69, 70, 71, 72, 73, 74, 75, 76, 77, 78, 80, 596, 888, 94, 622, 628, 635, 125, 655, 151, 156, 163, 675, 168, 693, 184, 851, 708, 709, 710, 711, 883, 712, 713, 714, 716, 205, 715, 717, 720, 718, 719, 725, 857, 222, 739, 229, 861, 862, 244, 245, 863, 246, 247, 248, 885, 249, 864, 253, 250, 251, 252, 254, 258, 771, 255, 256, 866, 775, 257, 265, 259, 867, 260, 868, 280, 793, 794, 795, 796, 797, 798, 799, 800, 801, 802, 803, 804, 805, 806, 807, 808, 809, 810, 811, 812, 813, 814, 815, 816, 817, 818, 819, 820, 821, 822, 823, 824, 825, 826, 827, 828, 829, 830, 831, 832, 833, 834, 835, 836, 837, 838, 839, 840, 841, 842, 843, 844, 845, 846, 847, 336, 881, 338, 339, 340, 341, 342, 343, 344, 345, 346, 347, 348, 349, 350, 351, 352, 353, 354, 355, 356, 357, 358, 359, 360, 361, 362, 363, 364, 365, 366, 367, 368, 369, 370, 371, 372, 373, 374, 375, 376, 377, 378, 379, 380, 381, 382, 383, 384, 385, 386, 387, 388, 389, 390, 391, 392, 393, 394, 395, 396, 397, 892, 893, 870, 891, 402, 907, 908, 911, 918, 920, 921, 410, 411, 412, 413, 871, 415, 416, 417, 418, 419, 923, 924, 926, 898, 931, 425, 933, 899, 429, 431, 433, 435, 437, 440, 441, 442, 443, 451, 452, 904, 456, 457, 458, 905, 460, 461, 459, 462, 464, 906, 471, 473, 474, 475, 909, 481, 482, 500, 501, 509]",True,"[363, 367, 818]","[338, 339, 340, 341, 342, 343, 344, 345, 346, 347, 348, 349, 350, 351, 352, 353, 354, 355, 356, 357, 358, 359, 360, 361, 362, 363, 364, 365, 366, 367, 368, 369, 370, 371, 372, 373, 374, 375, 376, 377, 378, 379, 380, 381, 382, 383, 384, 385, 386, 387, 388, 389, 390, 391, 392, 393, 394, 395, 396, 397, 794, 795, 796, 797, 798, 799, 800, 801, 802, 803, 804, 805, 806, 807, 808, 809, 810, 811, 812, 813, 814, 815, 816, 817, 818, 819, 820, 821, 822, 823, 824, 825, 826, 827, 828, 829, 830, 831, 832, 833, 834, 835, 836, 837, 838, 839, 840, 841, 842, 843, 844, 845, 846, 847]","[356, 363, 365, 367, 370, 375, 381, 391, 396, 811, 818, 820, 825, 831, 841, 846]","[26, 94, 343, 375, 509, 565, 799, 825]","[16, 125, 156, 163, 168, 184, 205, 222, 229, 253, 258, 265, 313, 317, 336, 340, 341, 356, 363, 365, 366, 367, 370, 375, 388, 391, 394, 396, 402, 410, 411, 412, 413, 415, 416, 417, 418, 419, 425, 429, 431, 433, 435, 437, 440, 441, 442, 443, 451, 452, 456, 457, 458, 460, 461, 464, 471, 473, 474, 475, 481, 482, 501, 596, 628, 635, 655, 675, 693, 716, 720, 725, 771, 775, 793, 796, 797, 811, 817, 818, 820, 825, 838, 841, 844, 846, 851, 857, 861, 862, 863, 864, 866, 867, 868, 870, 871, 877, 881, 883, 885, 888, 891, 892, 893, 898, 899, 904, 905, 907, 908, 911, 918, 920, 921, 922, 923, 924, 926, 931, 933]","[15, 16, 65, 66, 67, 68, 69, 70, 71, 72, 73, 74, 75, 76, 77, 78, 80, 151, 244, 245, 246, 247, 248, 249, 250, 251, 252, 253, 254, 255, 256, 257, 258, 259, 260, 280, 340, 373, 374, 375, 376, 377, 459, 460, 461, 462, 500, 501, 539, 540, 541, 542, 543, 544, 545, 546, 547, 548, 549, 550, 552, 622, 708, 709, 710, 711, 712, 713, 714, 715, 716, 717, 718, 719, 720, 739, 796, 823, 824, 825, 826, 827, 906, 907, 908, 909]","[15, 16, 65, 66, 67, 68, 69, 70, 71, 72, 73, 74, 75, 76, 80, 151, 245, 246, 247, 248, 249, 250, 251, 252, 253, 254, 255, 256, 257, 258, 259, 280, 340, 373, 374, 375, 376, 377, 459, 460, 461, 462, 500, 501, 539, 540, 541, 542, 543, 544, 545, 546, 547, 548, 549, 550, 552, 622, 708, 709, 710, 711, 712, 713, 714, 715, 716, 717, 718, 719, 720, 739, 796, 823, 824, 825, 826, 827, 906, 907, 908, 909]",7/6 successful match,True,[227],True,219,False,,1.0,True,Pilot Travel Center # 341,Pilot
Las Vegas ( North ) ( 89030 ) Pilot Travel Center # 341,6 702-644-1600 I-15 Exit 48 ( Craig Rd ),Plas 24 MOO,Las Vegas,89030,Pilot Travel Center # 341,702-644-1600,2016,North Las Vegas,NV,Pilot,( Craig Rd ),I-15 Exit 48 ,Exit,48,False,,False,I-15,,,,,"[825, 375]","[363, 367, 818]","[356, 363, 365, 367, 370, 375, 381, 391, 396, 811, 818, 820, 825, 831, 841, 846]","[26, 94, 343, 375, 509, 565, 799, 825]","[338, 339, 340, 341, 342, 343, 344, 345, 346, 347, 348, 349, 350, 351, 352, 353, 354, 355, 356, 357, 358, 359, 360, 361, 362, 363, 364, 365, 366, 367, 368, 369, 370, 371, 372, 373, 374, 375, 376, 377, 378, 379, 380, 381, 382, 383, 384, 385, 386, 387, 388, 389, 390, 391, 392, 393, 394, 395, 396, 397, 794, 795, 796, 797, 798, 799, 800, 801, 802, 803, 804, 805, 806, 807, 808, 809, 810, 811, 812, 813, 814, 815, 816, 817, 818, 819, 820, 821, 822, 823, 824, 825, 826, 827, 828, 829, 830, 831, 832, 833, 834, 835, 836, 837, 838, 839, 840, 841, 842, 843, 844, 845, 846, 847]","[16, 125, 156, 163, 168, 184, 205, 222, 229, 253, 258, 265, 313, 317, 336, 340, 341, 356, 363, 365, 366, 367, 370, 375, 388, 391, 394, 396, 402, 410, 411, 412, 413, 415, 416, 417, 418, 419, 425, 429, 431, 433, 435, 437, 440, 441, 442, 443, 451, 452, 456, 457, 458, 460, 461, 464, 471, 473, 474, 475, 481, 482, 501, 596, 628, 635, 655, 675, 693, 716, 720, 725, 771, 775, 793, 796, 797, 811, 817, 818, 820, 825, 838, 841, 844, 846, 851, 857, 861, 862, 863, 864, 866, 867, 868, 870, 871, 877, 881, 883, 885, 888, 891, 892, 893, 898, 899, 904, 905, 907, 908, 911, 918, 920, 921, 922, 923, 924, 926, 931, 933]","[15, 16, 65, 66, 67, 68, 69, 70, 71, 72, 73, 74, 75, 76, 80, 151, 245, 246, 247, 248, 249, 250, 251, 252, 253, 254, 255, 256, 257, 258, 259, 280, 340, 373, 374, 375, 376, 377, 459, 460, 461, 462, 500, 501, 539, 540, 541, 542, 543, 544, 545, 546, 547, 548, 549, 550, 552, 622, 708, 709, 710, 711, 712, 713, 714, 715, 716, 717, 718, 719, 720, 739, 796, 823, 824, 825, 826, 827, 906, 907, 908, 909]","[15, 16, 65, 66, 67, 68, 69, 70, 71, 72, 73, 74, 75, 76, 77, 78, 80, 151, 244, 245, 246, 247, 248, 249, 250, 251, 252, 253, 254, 255, 256, 257, 258, 259, 260, 280, 340, 373, 374, 375, 376, 377, 459, 460, 461, 462, 500, 501, 539, 540, 541, 542, 543, 544, 545, 546, 547, 548, 549, 550, 552, 622, 708, 709, 710, 711, 712, 713, 714, 715, 716, 717, 718, 719, 720, 739, 796, 823, 824, 825, 826, 827, 906, 907, 908, 909]","[15, 16, 26, 539, 540, 541, 542, 922, 543, 544, 545, 546, 547, 548, 549, 313, 550, 552, 877, 565, 317, 65, 66, 67, 68, 69, 70, 71, 72, 73, 74, 75, 76, 77, 78, 80, 596, 888, 94, 622, 628, 635, 125, 655, 151, 156, 163, 675, 168, 693, 184, 851, 708, 709, 710, 711, 883, 712, 713, 714, 716, 205, 715, 717, 720, 718, 719, 725, 857, 222, 739, 229, 861, 862, 244, 245, 863, 246, 247, 248, 885, 249, 864, 253, 250, 251, 252, 254, 258, 771, 255, 256, 866, 775, 257, 265, 259, 867, 260, 868, 280, 793, 794, 795, 796, 797, 798, 799, 800, 801, 802, 803, 804, 805, 806, 807, 808, 809, 810, 811, 812, 813, 814, 815, 816, 817, 818, 819, 820, 821, 822, 823, 824, 825, 826, 827, 828, 829, 830, 831, 832, 833, 834, 835, 836, 837, 838, 839, 840, 841, 842, 843, 844, 845, 846, 847, 336, 881, 338, 339, 340, 341, 342, 343, 344, 345, 346, 347, 348, 349, 350, 351, 352, 353, 354, 355, 356, 357, 358, 359, 360, 361, 362, 363, 364, 365, 366, 367, 368, 369, 370, 371, 372, 373, 374, 375, 376, 377, 378, 379, 380, 381, 382, 383, 384, 385, 386, 387, 388, 389, 390, 391, 392, 393, 394, 395, 396, 397, 892, 893, 870, 891, 402, 907, 908, 911, 918, 920, 921, 410, 411, 412, 413, 871, 415, 416, 417, 418, 419, 923, 924, 926, 898, 931, 425, 933, 899, 429, 431, 433, 435, 437, 440, 441, 442, 443, 451, 452, 904, 456, 457, 458, 905, 460, 461, 459, 462, 464, 906, 471, 473, 474, 475, 909, 481, 482, 500, 501, 509]",True,"[363, 367, 818]","[338, 339, 340, 341, 342, 343, 344, 345, 346, 347, 348, 349, 350, 351, 352, 353, 354, 355, 356, 357, 358, 359, 360, 361, 362, 363, 364, 365, 366, 367, 368, 369, 370, 371, 372, 373, 374, 375, 376, 377, 378, 379, 380, 381, 382, 383, 384, 385, 386, 387, 388, 389, 390, 391, 392, 393, 394, 395, 396, 397, 794, 795, 796, 797, 798, 799, 800, 801, 802, 803, 804, 805, 806, 807, 808, 809, 810, 811, 812, 813, 814, 815, 816, 817, 818, 819, 820, 821, 822, 823, 824, 825, 826, 827, 828, 829, 830, 831, 832, 833, 834, 835, 836, 837, 838, 839, 840, 841, 842, 843, 844, 845, 846, 847]","[356, 363, 365, 367, 370, 375, 381, 391, 396, 811, 818, 820, 825, 831, 841, 846]","[26, 94, 343, 375, 509, 565, 799, 825]","[16, 125, 156, 163, 168, 184, 205, 222, 229, 253, 258, 265, 313, 317, 336, 340, 341, 356, 363, 365, 366, 367, 370, 375, 388, 391, 394, 396, 402, 410, 411, 412, 413, 415, 416, 417, 418, 419, 425, 429, 431, 433, 435, 437, 440, 441, 442, 443, 451, 452, 456, 457, 458, 460, 461, 464, 471, 473, 474, 475, 481, 482, 501, 596, 628, 635, 655, 675, 693, 716, 720, 725, 771, 775, 793, 796, 797, 811, 817, 818, 820, 825, 838, 841, 844, 846, 851, 857, 861, 862, 863, 864, 866, 867, 868, 870, 871, 877, 881, 883, 885, 888, 891, 892, 893, 898, 899, 904, 905, 907, 908, 911, 918, 920, 921, 922, 923, 924, 926, 931, 933]","[15, 16, 65, 66, 67, 68, 69, 70, 71, 72, 73, 74, 75, 76, 77, 78, 80, 151, 244, 245, 246, 247, 248, 249, 250, 251, 252, 253, 254, 255, 256, 257, 258, 259, 260, 280, 340, 373, 374, 375, 376, 377, 459, 460, 461, 462, 500, 501, 539, 540, 541, 542, 543, 544, 545, 546, 547, 548, 549, 550, 552, 622, 708, 709, 710, 711, 712, 713, 714, 715, 716, 717, 718, 719, 720, 739, 796, 823, 824, 825, 826, 827, 906, 907, 908, 909]","[15, 16, 65, 66, 67, 68, 69, 70, 71, 72, 73, 74, 75, 76, 80, 151, 245, 246, 247, 248, 249, 250, 251, 252, 253, 254, 255, 256, 257, 258, 259, 280, 340, 373, 374, 375, 376, 377, 459, 460, 461, 462, 500, 501, 539, 540, 541, 542, 543, 544, 545, 546, 547, 548, 549, 550, 552, 622, 708, 709, 710, 711, 712, 713, 714, 715, 716, 717, 718, 719, 720, 739, 796, 823, 824, 825, 826, 827, 906, 907, 908, 909]",7/6 successful match,True,[227],True,219,False,,1.0,True,Pilot Travel Center # 341,Pilot
"Las Vegas ( N ) , 89030 Flying J Travel Plaza # 0510010",6 702-649-2001 I-15 Exit 46 ( Cheyenne Ave W ) #,XL 481,Las Vegas,89030,Flying J Travel Plaza # 0510010,702-649-2001,2006,North Las Vegas,NV,Flying J,( Cheyenne Ave W ) #,I-15 Exit 46 ,Exit,46,False,,False,I-15,,,,,"[818, 367]","[363, 367, 818]","[356, 363, 365, 367, 370, 375, 381, 391, 396, 811, 818, 820, 825, 831, 841, 846]","[204, 219, 225, 249, 355, 367, 374, 674, 689, 712, 810, 818, 824]","[338, 339, 340, 341, 342, 343, 344, 345, 346, 347, 348, 349, 350, 351, 352, 353, 354, 355, 356, 357, 358, 359, 360, 361, 362, 363, 364, 365, 366, 367, 368, 369, 370, 371, 372, 373, 374, 375, 376, 377, 378, 379, 380, 381, 382, 383, 384, 385, 386, 387, 388, 389, 390, 391, 392, 393, 394, 395, 396, 397, 794, 795, 796, 797, 798, 799, 800, 801, 802, 803, 804, 805, 806, 807, 808, 809, 810, 811, 812, 813, 814, 815, 816, 817, 818, 819, 820, 821, 822, 823, 824, 825, 826, 827, 828, 829, 830, 831, 832, 833, 834, 835, 836, 837, 838, 839, 840, 841, 842, 843, 844, 845, 846, 847]","[16, 125, 156, 163, 168, 184, 205, 222, 229, 253, 258, 265, 313, 317, 336, 340, 341, 356, 363, 365, 366, 367, 370, 375, 388, 391, 394, 396, 402, 410, 411, 412, 413, 415, 416, 417, 418, 419, 425, 429, 431, 433, 435, 437, 440, 441, 442, 443, 451, 452, 456, 457, 458, 460, 461, 464, 471, 473, 474, 475, 481, 482, 501, 596, 628, 635, 655, 675, 693, 716, 720, 725, 771, 775, 793, 796, 797, 811, 817, 818, 820, 825, 838, 841, 844, 846, 851, 857, 861, 862, 863, 864, 866, 867, 868, 870, 871, 877, 881, 883, 885, 888, 891, 892, 893, 898, 899, 904, 905, 907, 908, 911, 918, 920, 921, 922, 923, 924, 926, 931, 933]","[17, 18, 19, 20, 21, 22, 23, 156, 157, 158, 159, 160, 161, 162, 163, 164, 165, 166, 167, 341, 342, 343, 344, 345, 412, 413, 414, 415, 416, 417, 418, 419, 420, 421, 422, 502, 503, 504, 505, 506, 507, 628, 629, 630, 631, 632, 633, 634, 635, 636, 637, 638, 639, 792, 797, 798, 799, 800, 801, 863, 864, 865, 866, 867, 868, 869, 870, 871, 872, 873, 874]","[17, 18, 19, 20, 21, 22, 23, 156, 157, 158, 159, 160, 161, 162, 163, 164, 165, 166, 167, 168, 340, 341, 342, 343, 344, 345, 346, 412, 413, 414, 415, 416, 417, 418, 419, 420, 421, 422, 502, 503, 504, 505, 506, 507, 628, 629, 630, 631, 632, 633, 634, 635, 636, 637, 638, 639, 792, 796, 797, 798, 799, 800, 801, 863, 864, 865, 866, 867, 868, 869, 870, 871, 872, 873, 874]","[16, 17, 18, 19, 20, 21, 22, 23, 922, 414, 313, 877, 317, 422, 596, 888, 628, 629, 630, 631, 632, 633, 634, 635, 636, 125, 637, 638, 639, 655, 156, 157, 158, 159, 160, 161, 674, 163, 675, 162, 164, 165, 168, 166, 167, 689, 693, 184, 851, 712, 883, 204, 205, 716, 720, 725, 857, 219, 222, 225, 229, 861, 862, 863, 249, 885, 864, 253, 865, 258, 771, 866, 775, 265, 867, 868, 869, 792, 793, 794, 795, 796, 797, 798, 799, 800, 801, 802, 803, 804, 805, 806, 807, 808, 809, 810, 811, 812, 813, 814, 815, 816, 817, 818, 819, 820, 821, 822, 823, 824, 825, 826, 827, 828, 829, 830, 831, 832, 833, 834, 835, 836, 837, 838, 839, 840, 841, 842, 843, 844, 845, 846, 847, 336, 881, 338, 339, 340, 341, 342, 343, 344, 345, 346, 347, 348, 349, 350, 351, 352, 353, 354, 355, 356, 357, 358, 359, 360, 361, 362, 363, 364, 365, 366, 367, 368, 369, 370, 371, 372, 373, 374, 375, 376, 377, 378, 379, 380, 381, 382, 383, 384, 385, 386, 387, 388, 389, 390, 391, 392, 393, 394, 395, 396, 397, 892, 893, 870, 891, 402, 907, 908, 911, 918, 920, 921, 410, 411, 412, 413, 871, 415, 416, 417, 418, 419, 923, 924, 926, 898, 931, 425, 933, 420, 899, 429, 421, 431, 433, 435, 437, 872, 440, 441, 442, 443, 451, 452, 904, 456, 457, 458, 905, 460, 461, 873, 464, 471, 473, 474, 475, 481, 482, 874, 501, 502, 503, 504, 505, 506, 507]",True,"[363, 367, 818]","[338, 339, 340, 341, 342, 343, 344, 345, 346, 347, 348, 349, 350, 351, 352, 353, 354, 355, 356, 357, 358, 359, 360, 361, 362, 363, 364, 365, 366, 367, 368, 369, 370, 371, 372, 373, 374, 375, 376, 377, 378, 379, 380, 381, 382, 383, 384, 385, 386, 387, 388, 389, 390, 391, 392, 393, 394, 395, 396, 397, 794, 795, 796, 797, 798, 799, 800, 801, 802, 803, 804, 805, 806, 807, 808, 809, 810, 811, 812, 813, 814, 815, 816, 817, 818, 819, 820, 821, 822, 823, 824, 825, 826, 827, 828, 829, 830, 831, 832, 833, 834, 835, 836, 837, 838, 839, 840, 841, 842, 843, 844, 845, 846, 847]","[356, 363, 365, 367, 370, 375, 381, 391, 396, 811, 818, 820, 825, 831, 841, 846]","[204, 219, 225, 249, 355, 367, 374, 674, 689, 712, 810, 818, 824]","[16, 125, 156, 163, 168, 184, 205, 222, 229, 253, 258, 265, 313, 317, 336, 340, 341, 356, 363, 365, 366, 367, 370, 375, 388, 391, 394, 396, 402, 410, 411, 412, 413, 415, 416, 417, 418, 419, 425, 429, 431, 433, 435, 437, 440, 441, 442, 443, 451, 452, 456, 457, 458, 460, 461, 464, 471, 473, 474, 475, 481, 482, 501, 596, 628, 635, 655, 675, 693, 716, 720, 725, 771, 775, 793, 796, 797, 811, 817, 818, 820, 825, 838, 841, 844, 846, 851, 857, 861, 862, 863, 864, 866, 867, 868, 870, 871, 877, 881, 883, 885, 888, 891, 892, 893, 898, 899, 904, 905, 907, 908, 911, 918, 920, 921, 922, 923, 924, 926, 931, 933]","[17, 18, 19, 20, 21, 22, 23, 156, 157, 158, 159, 160, 161, 162, 163, 164, 165, 166, 167, 168, 340, 341, 342, 343, 344, 345, 346, 412, 413, 414, 415, 416, 417, 418, 419, 420, 421, 422, 502, 503, 504, 505, 506, 507, 628, 629, 630, 631, 632, 633, 634, 635, 636, 637, 638, 639, 792, 796, 797, 798, 799, 800, 801, 863, 864, 865, 866, 867, 868, 869, 870, 871, 872, 873, 874]","[17, 18, 19, 20, 21, 22, 23, 156, 157, 158, 159, 160, 161, 162, 163, 164, 165, 166, 167, 341, 342, 343, 344, 345, 412, 413, 414, 415, 416, 417, 418, 419, 420, 421, 422, 502, 503, 504, 505, 506, 507, 628, 629, 630, 631, 632, 633, 634, 635, 636, 637, 638, 639, 792, 797, 798, 799, 800, 801, 863, 864, 865, 866, 867, 868, 869, 870, 871, 872, 873, 874]",5/6 successful match,True,[384],True,220,False,,,,,
"( N ) , 89030 Flying J Travel Plaza # 0510010",702-649-2001 Las Vegas I-15 Exit 46 ( Cheyenne Ave W ),24 RS XL,,89030,Flying J Travel Plaza # 0510010,702-649-2001,2007,North Las Vegas,NV,Flying J,( Cheyenne Ave W ),Las Vegas I-15 Exit 46 ,Exit,46,False,,False,I-15,,,,,"[818, 367]","[363, 367, 818]","[356, 363, 365, 367, 370, 375, 381, 391, 396, 811, 818, 820, 825, 831, 841, 846]","[204, 219, 225, 249, 355, 367, 374, 674, 689, 712, 810, 818, 824]","[338, 339, 340, 341, 342, 343, 344, 345, 346, 347, 348, 349, 350, 351, 352, 353, 354, 355, 356, 357, 358, 359, 360, 361, 362, 363, 364, 365, 366, 367, 368, 369, 370, 371, 372, 373, 374, 375, 376, 377, 378, 379, 380, 381, 382, 383, 384, 385, 386, 387, 388, 389, 390, 391, 392, 393, 394, 395, 396, 397, 794, 795, 796, 797, 798, 799, 800, 801, 802, 803, 804, 805, 806, 807, 808, 809, 810, 811, 812, 813, 814, 815, 816, 817, 818, 819, 820, 821, 822, 823, 824, 825, 826, 827, 828, 829, 830, 831, 832, 833, 834, 835, 836, 837, 838, 839, 840, 841, 842, 843, 844, 845, 846, 847]","[16, 125, 156, 163, 168, 184, 205, 222, 229, 253, 258, 265, 313, 317, 336, 340, 341, 356, 363, 365, 366, 367, 370, 375, 388, 391, 394, 396, 402, 410, 411, 412, 413, 415, 416, 417, 418, 419, 425, 429, 431, 433, 435, 437, 440, 441, 442, 443, 451, 452, 456, 457, 458, 460, 461, 464, 471, 473, 474, 475, 481, 482, 501, 596, 628, 635, 655, 675, 693, 716, 720, 725, 771, 775, 793, 796, 797, 811, 817, 818, 820, 825, 838, 841, 844, 846, 851, 857, 861, 862, 863, 864, 866, 867, 868, 870, 871, 877, 881, 883, 885, 888, 891, 892, 893, 898, 899, 904, 905, 907, 908, 911, 918, 920, 921, 922, 923, 924, 926, 931, 933]","[17, 18, 19, 20, 21, 22, 23, 156, 157, 158, 159, 160, 161, 162, 163, 164, 165, 166, 167, 341, 342, 343, 344, 345, 412, 413, 414, 415, 416, 417, 418, 419, 420, 421, 422, 502, 503, 504, 505, 506, 507, 628, 629, 630, 631, 632, 633, 634, 635, 636, 637, 638, 639, 792, 797, 798, 799, 800, 801, 863, 864, 865, 866, 867, 868, 869, 870, 871, 872, 873, 874]","[17, 18, 19, 20, 21, 22, 23, 156, 157, 158, 159, 160, 161, 162, 163, 164, 165, 166, 167, 168, 340, 341, 342, 343, 344, 345, 346, 412, 413, 414, 415, 416, 417, 418, 419, 420, 421, 422, 502, 503, 504, 505, 506, 507, 628, 629, 630, 631, 632, 633, 634, 635, 636, 637, 638, 639, 792, 796, 797, 798, 799, 800, 801, 863, 864, 865, 866, 867, 868, 869, 870, 871, 872, 873, 874]","[16, 17, 18, 19, 20, 21, 22, 23, 922, 414, 313, 877, 317, 422, 596, 888, 628, 629, 630, 631, 632, 633, 634, 635, 636, 125, 637, 638, 639, 655, 156, 157, 158, 159, 160, 161, 674, 163, 675, 162, 164, 165, 168, 166, 167, 689, 693, 184, 851, 712, 883, 204, 205, 716, 720, 725, 857, 219, 222, 225, 229, 861, 862, 863, 249, 885, 864, 253, 865, 258, 771, 866, 775, 265, 867, 868, 869, 792, 793, 794, 795, 796, 797, 798, 799, 800, 801, 802, 803, 804, 805, 806, 807, 808, 809, 810, 811, 812, 813, 814, 815, 816, 817, 818, 819, 820, 821, 822, 823, 824, 825, 826, 827, 828, 829, 830, 831, 832, 833, 834, 835, 836, 837, 838, 839, 840, 841, 842, 843, 844, 845, 846, 847, 336, 881, 338, 339, 340, 341, 342, 343, 344, 345, 346, 347, 348, 349, 350, 351, 352, 353, 354, 355, 356, 357, 358, 359, 360, 361, 362, 363, 364, 365, 366, 367, 368, 369, 370, 371, 372, 373, 374, 375, 376, 377, 378, 379, 380, 381, 382, 383, 384, 385, 386, 387, 388, 389, 390, 391, 392, 393, 394, 395, 396, 397, 892, 893, 870, 891, 402, 907, 908, 911, 918, 920, 921, 410, 411, 412, 413, 871, 415, 416, 417, 418, 419, 923, 924, 926, 898, 931, 425, 933, 420, 899, 429, 421, 431, 433, 435, 437, 872, 440, 441, 442, 443, 451, 452, 904, 456, 457, 458, 905, 460, 461, 873, 464, 471, 473, 474, 475, 481, 482, 874, 501, 502, 503, 504, 505, 506, 507]",True,"[363, 367, 818]","[338, 339, 340, 341, 342, 343, 344, 345, 346, 347, 348, 349, 350, 351, 352, 353, 354, 355, 356, 357, 358, 359, 360, 361, 362, 363, 364, 365, 366, 367, 368, 369, 370, 371, 372, 373, 374, 375, 376, 377, 378, 379, 380, 381, 382, 383, 384, 385, 386, 387, 388, 389, 390, 391, 392, 393, 394, 395, 396, 397, 794, 795, 796, 797, 798, 799, 800, 801, 802, 803, 804, 805, 806, 807, 808, 809, 810, 811, 812, 813, 814, 815, 816, 817, 818, 819, 820, 821, 822, 823, 824, 825, 826, 827, 828, 829, 830, 831, 832, 833, 834, 835, 836, 837, 838, 839, 840, 841, 842, 843, 844, 845, 846, 847]","[356, 363, 365, 367, 370, 375, 381, 391, 396, 811, 818, 820, 825, 831, 841, 846]","[204, 219, 225, 249, 355, 367, 374, 674, 689, 712, 810, 818, 824]","[16, 125, 156, 163, 168, 184, 205, 222, 229, 253, 258, 265, 313, 317, 336, 340, 341, 356, 363, 365, 366, 367, 370, 375, 388, 391, 394, 396, 402, 410, 411, 412, 413, 415, 416, 417, 418, 419, 425, 429, 431, 433, 435, 437, 440, 441, 442, 443, 451, 452, 456, 457, 458, 460, 461, 464, 471, 473, 474, 475, 481, 482, 501, 596, 628, 635, 655, 675, 693, 716, 720, 725, 771, 775, 793, 796, 797, 811, 817, 818, 820, 825, 838, 841, 844, 846, 851, 857, 861, 862, 863, 864, 866, 867, 868, 870, 871, 877, 881, 883, 885, 888, 891, 892, 893, 898, 899, 904, 905, 907, 908, 911, 918, 920, 921, 922, 923, 924, 926, 931, 933]","[17, 18, 19, 20, 21, 22, 23, 156, 157, 158, 159, 160, 161, 162, 163, 164, 165, 166, 167, 168, 340, 341, 342, 343, 344, 345, 346, 412, 413, 414, 415, 416, 417, 418, 419, 420, 421, 422, 502, 503, 504, 505, 506, 507, 628, 629, 630, 631, 632, 633, 634, 635, 636, 637, 638, 639, 792, 796, 797, 798, 799, 800, 801, 863, 864, 865, 866, 867, 868, 869, 870, 871, 872, 873, 874]","[17, 18, 19, 20, 21, 22, 23, 156, 157, 158, 159, 160, 161, 162, 163, 164, 165, 166, 167, 341, 342, 343, 344, 345, 412, 413, 414, 415, 416, 417, 418, 419, 420, 421, 422, 502, 503, 504, 505, 506, 507, 628, 629, 630, 631, 632, 633, 634, 635, 636, 637, 638, 639, 792, 797, 798, 799, 800, 801, 863, 864, 865, 866, 867, 868, 869, 870, 871, 872, 873, 874]",5/6 successful match,True,[384],True,220,False,,1.0,True,Flying J Travel Plaza # 0510010,Flying J
"Las Vegas ( N ) , 89030 Flying J Travel Plaza # 0510010 I-15 Exit 46 )",6 702-649-2001 I-15 Exit 46 ( Cheyenne,24 XL 00,Las Vegas,89030,Flying J Travel Plaza # 0510010 I-15 Exit 46 ),702-649-2001,2008,North Las Vegas,NV,Flying J,( Cheyenne,I-15 Exit 46 ,Exit,46,False,,False,I-15,,,,,"[818, 367]","[363, 367, 818]","[356, 363, 365, 367, 370, 375, 381, 391, 396, 811, 818, 820, 825, 831, 841, 846]","[204, 219, 225, 249, 355, 367, 374, 674, 689, 712, 810, 818, 824]","[338, 339, 340, 341, 342, 343, 344, 345, 346, 347, 348, 349, 350, 351, 352, 353, 354, 355, 356, 357, 358, 359, 360, 361, 362, 363, 364, 365, 366, 367, 368, 369, 370, 371, 372, 373, 374, 375, 376, 377, 378, 379, 380, 381, 382, 383, 384, 385, 386, 387, 388, 389, 390, 391, 392, 393, 394, 395, 396, 397, 794, 795, 796, 797, 798, 799, 800, 801, 802, 803, 804, 805, 806, 807, 808, 809, 810, 811, 812, 813, 814, 815, 816, 817, 818, 819, 820, 821, 822, 823, 824, 825, 826, 827, 828, 829, 830, 831, 832, 833, 834, 835, 836, 837, 838, 839, 840, 841, 842, 843, 844, 845, 846, 847]","[16, 125, 156, 163, 168, 184, 205, 222, 229, 253, 258, 265, 313, 317, 336, 340, 341, 356, 363, 365, 366, 367, 370, 375, 388, 391, 394, 396, 402, 410, 411, 412, 413, 415, 416, 417, 418, 419, 425, 429, 431, 433, 435, 437, 440, 441, 442, 443, 451, 452, 456, 457, 458, 460, 461, 464, 471, 473, 474, 475, 481, 482, 501, 596, 628, 635, 655, 675, 693, 716, 720, 725, 771, 775, 793, 796, 797, 811, 817, 818, 820, 825, 838, 841, 844, 846, 851, 857, 861, 862, 863, 864, 866, 867, 868, 870, 871, 877, 881, 883, 885, 888, 891, 892, 893, 898, 899, 904, 905, 907, 908, 911, 918, 920, 921, 922, 923, 924, 926, 931, 933]","[17, 18, 19, 20, 21, 22, 23, 156, 157, 158, 159, 160, 161, 162, 163, 164, 165, 166, 167, 341, 342, 343, 344, 345, 412, 413, 414, 415, 416, 417, 418, 419, 420, 421, 422, 502, 503, 504, 505, 506, 507, 628, 629, 630, 631, 632, 633, 634, 635, 636, 637, 638, 639, 792, 797, 798, 799, 800, 801, 863, 864, 865, 866, 867, 868, 869, 870, 871, 872, 873, 874]","[17, 18, 19, 20, 21, 22, 23, 156, 157, 158, 159, 160, 161, 162, 163, 164, 165, 166, 167, 168, 340, 341, 342, 343, 344, 345, 346, 412, 413, 414, 415, 416, 417, 418, 419, 420, 421, 422, 502, 503, 504, 505, 506, 507, 628, 629, 630, 631, 632, 633, 634, 635, 636, 637, 638, 639, 792, 796, 797, 798, 799, 800, 801, 863, 864, 865, 866, 867, 868, 869, 870, 871, 872, 873, 874]","[16, 17, 18, 19, 20, 21, 22, 23, 922, 414, 313, 877, 317, 422, 596, 888, 628, 629, 630, 631, 632, 633, 634, 635, 636, 125, 637, 638, 639, 655, 156, 157, 158, 159, 160, 161, 674, 163, 675, 162, 164, 165, 168, 166, 167, 689, 693, 184, 851, 712, 883, 204, 205, 716, 720, 725, 857, 219, 222, 225, 229, 861, 862, 863, 249, 885, 864, 253, 865, 258, 771, 866, 775, 265, 867, 868, 869, 792, 793, 794, 795, 796, 797, 798, 799, 800, 801, 802, 803, 804, 805, 806, 807, 808, 809, 810, 811, 812, 813, 814, 815, 816, 817, 818, 819, 820, 821, 822, 823, 824, 825, 826, 827, 828, 829, 830, 831, 832, 833, 834, 835, 836, 837, 838, 839, 840, 841, 842, 843, 844, 845, 846, 847, 336, 881, 338, 339, 340, 341, 342, 343, 344, 345, 346, 347, 348, 349, 350, 351, 352, 353, 354, 355, 356, 357, 358, 359, 360, 361, 362, 363, 364, 365, 366, 367, 368, 369, 370, 371, 372, 373, 374, 375, 376, 377, 378, 379, 380, 381, 382, 383, 384, 385, 386, 387, 388, 389, 390, 391, 392, 393, 394, 395, 396, 397, 892, 893, 870, 891, 402, 907, 908, 911, 918, 920, 921, 410, 411, 412, 413, 871, 415, 416, 417, 418, 419, 923, 924, 926, 898, 931, 425, 933, 420, 899, 429, 421, 431, 433, 435, 437, 872, 440, 441, 442, 443, 451, 452, 904, 456, 457, 458, 905, 460, 461, 873, 464, 471, 473, 474, 475, 481, 482, 874, 501, 502, 503, 504, 505, 506, 507]",True,"[363, 367, 818]","[338, 339, 340, 341, 342, 343, 344, 345, 346, 347, 348, 349, 350, 351, 352, 353, 354, 355, 356, 357, 358, 359, 360, 361, 362, 363, 364, 365, 366, 367, 368, 369, 370, 371, 372, 373, 374, 375, 376, 377, 378, 379, 380, 381, 382, 383, 384, 385, 386, 387, 388, 389, 390, 391, 392, 393, 394, 395, 396, 397, 794, 795, 796, 797, 798, 799, 800, 801, 802, 803, 804, 805, 806, 807, 808, 809, 810, 811, 812, 813, 814, 815, 816, 817, 818, 819, 820, 821, 822, 823, 824, 825, 826, 827, 828, 829, 830, 831, 832, 833, 834, 835, 836, 837, 838, 839, 840, 841, 842, 843, 844, 845, 846, 847]","[356, 363, 365, 367, 370, 375, 381, 391, 396, 811, 818, 820, 825, 831, 841, 846]","[204, 219, 225, 249, 355, 367, 374, 674, 689, 712, 810, 818, 824]","[16, 125, 156, 163, 168, 184, 205, 222, 229, 253, 258, 265, 313, 317, 336, 340, 341, 356, 363, 365, 366, 367, 370, 375, 388, 391, 394, 396, 402, 410, 411, 412, 413, 415, 416, 417, 418, 419, 425, 429, 431, 433, 435, 437, 440, 441, 442, 443, 451, 452, 456, 457, 458, 460, 461, 464, 471, 473, 474, 475, 481, 482, 501, 596, 628, 635, 655, 675, 693, 716, 720, 725, 771, 775, 793, 796, 797, 811, 817, 818, 820, 825, 838, 841, 844, 846, 851, 857, 861, 862, 863, 864, 866, 867, 868, 870, 871, 877, 881, 883, 885, 888, 891, 892, 893, 898, 899, 904, 905, 907, 908, 911, 918, 920, 921, 922, 923, 924, 926, 931, 933]","[17, 18, 19, 20, 21, 22, 23, 156, 157, 158, 159, 160, 161, 162, 163, 164, 165, 166, 167, 168, 340, 341, 342, 343, 344, 345, 346, 412, 413, 414, 415, 416, 417, 418, 419, 420, 421, 422, 502, 503, 504, 505, 506, 507, 628, 629, 630, 631, 632, 633, 634, 635, 636, 637, 638, 639, 792, 796, 797, 798, 799, 800, 801, 863, 864, 865, 866, 867, 868, 869, 870, 871, 872, 873, 874]","[17, 18, 19, 20, 21, 22, 23, 156, 157, 158, 159, 160, 161, 162, 163, 164, 165, 166, 167, 341, 342, 343, 344, 345, 412, 413, 414, 415, 416, 417, 418, 419, 420, 421, 422, 502, 503, 504, 505, 506, 507, 628, 629, 630, 631, 632, 633, 634, 635, 636, 637, 638, 639, 792, 797, 798, 799, 800, 801, 863, 864, 865, 866, 867, 868, 869, 870, 871, 872, 873, 874]",5/6 successful match,True,[384],True,220,False,,0.9415584415584416,True,Flying J Travel Plaza # 0510010,Flying J
Las Vegas ( North ) ( 89030 ) Morton's Truck Stop ( Valero ),6 702-649-2001 I-15 Exit 46 ( Cheyenne Ave W ),24 XLO,Las Vegas,89030,Morton's Truck Stop ( Valero ),702-649-2001,2014,North Las Vegas,NV,Valero,( Cheyenne Ave W ),I-15 Exit 46 ,Exit,46,False,,False,I-15,,,,,"[818, 367]","[363, 367, 818]","[356, 363, 365, 367, 370, 375, 381, 391, 396, 811, 818, 820, 825, 831, 841, 846]","[204, 219, 225, 249, 355, 367, 374, 674, 689, 712, 810, 818, 824]","[338, 339, 340, 341, 342, 343, 344, 345, 346, 347, 348, 349, 350, 351, 352, 353, 354, 355, 356, 357, 358, 359, 360, 361, 362, 363, 364, 365, 366, 367, 368, 369, 370, 371, 372, 373, 374, 375, 376, 377, 378, 379, 380, 381, 382, 383, 384, 385, 386, 387, 388, 389, 390, 391, 392, 393, 394, 395, 396, 397, 794, 795, 796, 797, 798, 799, 800, 801, 802, 803, 804, 805, 806, 807, 808, 809, 810, 811, 812, 813, 814, 815, 816, 817, 818, 819, 820, 821, 822, 823, 824, 825, 826, 827, 828, 829, 830, 831, 832, 833, 834, 835, 836, 837, 838, 839, 840, 841, 842, 843, 844, 845, 846, 847]","[16, 125, 156, 163, 168, 184, 205, 222, 229, 253, 258, 265, 313, 317, 336, 340, 341, 356, 363, 365, 366, 367, 370, 375, 388, 391, 394, 396, 402, 410, 411, 412, 413, 415, 416, 417, 418, 419, 425, 429, 431, 433, 435, 437, 440, 441, 442, 443, 451, 452, 456, 457, 458, 460, 461, 464, 471, 473, 474, 475, 481, 482, 501, 596, 628, 635, 655, 675, 693, 716, 720, 725, 771, 775, 793, 796, 797, 811, 817, 818, 820, 825, 838, 841, 844, 846, 851, 857, 861, 862, 863, 864, 866, 867, 868, 870, 871, 877, 881, 883, 885, 888, 891, 892, 893, 898, 899, 904, 905, 907, 908, 911, 918, 920, 921, 922, 923, 924, 926, 931, 933]","[2, 9, 10, 82, 111, 112, 113, 199, 279, 284, 285, 300, 488, 494, 495, 553, 581, 582, 583, 670, 738, 743, 744, 759, 818]","[2, 9, 10, 82, 111, 112, 113, 199, 279, 284, 285, 300, 367, 488, 494, 495, 553, 581, 582, 583, 670, 738, 743, 744, 759, 818]","[2, 285, 9, 10, 16, 922, 313, 553, 877, 317, 581, 582, 583, 82, 596, 888, 111, 112, 113, 628, 635, 125, 655, 156, 670, 674, 163, 675, 168, 689, 693, 184, 851, 199, 712, 883, 204, 205, 716, 720, 725, 857, 219, 222, 225, 738, 229, 743, 744, 861, 862, 863, 759, 249, 885, 864, 253, 258, 771, 866, 775, 265, 867, 868, 279, 793, 794, 795, 796, 797, 798, 799, 800, 801, 802, 803, 804, 805, 806, 807, 808, 809, 810, 811, 812, 813, 814, 815, 816, 817, 818, 819, 820, 821, 822, 823, 824, 825, 826, 827, 828, 829, 830, 831, 832, 833, 834, 835, 836, 837, 838, 839, 840, 841, 842, 843, 844, 845, 846, 847, 336, 881, 338, 339, 340, 341, 342, 343, 344, 345, 346, 347, 348, 349, 350, 351, 352, 353, 354, 355, 356, 357, 358, 359, 360, 361, 362, 363, 364, 365, 366, 367, 368, 369, 370, 371, 372, 373, 374, 375, 376, 377, 378, 379, 380, 381, 382, 383, 384, 385, 386, 387, 388, 389, 390, 391, 392, 393, 394, 395, 396, 397, 892, 893, 870, 891, 402, 907, 908, 911, 918, 284, 920, 921, 410, 411, 412, 413, 871, 415, 416, 417, 418, 419, 923, 924, 926, 898, 931, 425, 933, 899, 429, 431, 433, 435, 437, 440, 441, 442, 443, 451, 452, 904, 456, 457, 458, 905, 460, 461, 464, 471, 473, 474, 475, 481, 482, 300, 488, 494, 495, 501]",True,"[363, 367, 818]","[338, 339, 340, 341, 342, 343, 344, 345, 346, 347, 348, 349, 350, 351, 352, 353, 354, 355, 356, 357, 358, 359, 360, 361, 362, 363, 364, 365, 366, 367, 368, 369, 370, 371, 372, 373, 374, 375, 376, 377, 378, 379, 380, 381, 382, 383, 384, 385, 386, 387, 388, 389, 390, 391, 392, 393, 394, 395, 396, 397, 794, 795, 796, 797, 798, 799, 800, 801, 802, 803, 804, 805, 806, 807, 808, 809, 810, 811, 812, 813, 814, 815, 816, 817, 818, 819, 820, 821, 822, 823, 824, 825, 826, 827, 828, 829, 830, 831, 832, 833, 834, 835, 836, 837, 838, 839, 840, 841, 842, 843, 844, 845, 846, 847]","[356, 363, 365, 367, 370, 375, 381, 391, 396, 811, 818, 820, 825, 831, 841, 846]","[204, 219, 225, 249, 355, 367, 374, 674, 689, 712, 810, 818, 824]","[16, 125, 156, 163, 168, 184, 205, 222, 229, 253, 258, 265, 313, 317, 336, 340, 341, 356, 363, 365, 366, 367, 370, 375, 388, 391, 394, 396, 402, 410, 411, 412, 413, 415, 416, 417, 418, 419, 425, 429, 431, 433, 435, 437, 440, 441, 442, 443, 451, 452, 456, 457, 458, 460, 461, 464, 471, 473, 474, 475, 481, 482, 501, 596, 628, 635, 655, 675, 693, 716, 720, 725, 771, 775, 793, 796, 797, 811, 817, 818, 820, 825, 838, 841, 844, 846, 851, 857, 861, 862, 863, 864, 866, 867, 868, 870, 871, 877, 881, 883, 885, 888, 891, 892, 893, 898, 899, 904, 905, 907, 908, 911, 918, 920, 921, 922, 923, 924, 926, 931, 933]","[2, 9, 10, 82, 111, 112, 113, 199, 279, 284, 285, 300, 367, 488, 494, 495, 553, 581, 582, 583, 670, 738, 743, 744, 759, 818]","[2, 9, 10, 82, 111, 112, 113, 199, 279, 284, 285, 300, 488, 494, 495, 553, 581, 582, 583, 670, 738, 743, 744, 759, 818]",7/6 successful match,True,[384],True,220,True,2014,0.11842105263157894,False,Flying J Travel Plaza # 0510010 I-15 Exit 46 ),Flying J
Las Vegas ( North ) ( 89030 ) Morton's Truck Stop ( Valero ) Exit 46 ),6 702-649-2001 I-15 Exit 46 ( Cheyenne Ave W ) 224 24,224 24 XL,Las Vegas,89030,Morton's Truck Stop ( Valero ) Exit 46 ),702-649-2001,2015,North Las Vegas,NV,Valero,( Cheyenne Ave W ) 224 24,I-15 Exit 46 ,Exit,46,False,,False,I-15,,,,,"[818, 367]","[363, 367, 818]","[356, 363, 365, 367, 370, 375, 381, 391, 396, 811, 818, 820, 825, 831, 841, 846]","[204, 219, 225, 249, 355, 367, 374, 674, 689, 712, 810, 818, 824]","[338, 339, 340, 341, 342, 343, 344, 345, 346, 347, 348, 349, 350, 351, 352, 353, 354, 355, 356, 357, 358, 359, 360, 361, 362, 363, 364, 365, 366, 367, 368, 369, 370, 371, 372, 373, 374, 375, 376, 377, 378, 379, 380, 381, 382, 383, 384, 385, 386, 387, 388, 389, 390, 391, 392, 393, 394, 395, 396, 397, 794, 795, 796, 797, 798, 799, 800, 801, 802, 803, 804, 805, 806, 807, 808, 809, 810, 811, 812, 813, 814, 815, 816, 817, 818, 819, 820, 821, 822, 823, 824, 825, 826, 827, 828, 829, 830, 831, 832, 833, 834, 835, 836, 837, 838, 839, 840, 841, 842, 843, 844, 845, 846, 847]","[16, 125, 156, 163, 168, 184, 205, 222, 229, 253, 258, 265, 313, 317, 336, 340, 341, 356, 363, 365, 366, 367, 370, 375, 388, 391, 394, 396, 402, 410, 411, 412, 413, 415, 416, 417, 418, 419, 425, 429, 431, 433, 435, 437, 440, 441, 442, 443, 451, 452, 456, 457, 458, 460, 461, 464, 471, 473, 474, 475, 481, 482, 501, 596, 628, 635, 655, 675, 693, 716, 720, 725, 771, 775, 793, 796, 797, 811, 817, 818, 820, 825, 838, 841, 844, 846, 851, 857, 861, 862, 863, 864, 866, 867, 868, 870, 871, 877, 881, 883, 885, 888, 891, 892, 893, 898, 899, 904, 905, 907, 908, 911, 918, 920, 921, 922, 923, 924, 926, 931, 933]","[2, 9, 10, 82, 111, 112, 113, 199, 279, 284, 285, 300, 488, 494, 495, 553, 581, 582, 583, 670, 738, 743, 744, 759, 818]","[2, 9, 10, 82, 111, 112, 113, 199, 279, 284, 285, 300, 367, 488, 494, 495, 553, 581, 582, 583, 670, 738, 743, 744, 759, 818]","[2, 285, 9, 10, 16, 922, 313, 553, 877, 317, 581, 582, 583, 82, 596, 888, 111, 112, 113, 628, 635, 125, 655, 156, 670, 674, 163, 675, 168, 689, 693, 184, 851, 199, 712, 883, 204, 205, 716, 720, 725, 857, 219, 222, 225, 738, 229, 743, 744, 861, 862, 863, 759, 249, 885, 864, 253, 258, 771, 866, 775, 265, 867, 868, 279, 793, 794, 795, 796, 797, 798, 799, 800, 801, 802, 803, 804, 805, 806, 807, 808, 809, 810, 811, 812, 813, 814, 815, 816, 817, 818, 819, 820, 821, 822, 823, 824, 825, 826, 827, 828, 829, 830, 831, 832, 833, 834, 835, 836, 837, 838, 839, 840, 841, 842, 843, 844, 845, 846, 847, 336, 881, 338, 339, 340, 341, 342, 343, 344, 345, 346, 347, 348, 349, 350, 351, 352, 353, 354, 355, 356, 357, 358, 359, 360, 361, 362, 363, 364, 365, 366, 367, 368, 369, 370, 371, 372, 373, 374, 375, 376, 377, 378, 379, 380, 381, 382, 383, 384, 385, 386, 387, 388, 389, 390, 391, 392, 393, 394, 395, 396, 397, 892, 893, 870, 891, 402, 907, 908, 911, 918, 284, 920, 921, 410, 411, 412, 413, 871, 415, 416, 417, 418, 419, 923, 924, 926, 898, 931, 425, 933, 899, 429, 431, 433, 435, 437, 440, 441, 442, 443, 451, 452, 904, 456, 457, 458, 905, 460, 461, 464, 471, 473, 474, 475, 481, 482, 300, 488, 494, 495, 501]",True,"[363, 367, 818]","[338, 339, 340, 341, 342, 343, 344, 345, 346, 347, 348, 349, 350, 351, 352, 353, 354, 355, 356, 357, 358, 359, 360, 361, 362, 363, 364, 365, 366, 367, 368, 369, 370, 371, 372, 373, 374, 375, 376, 377, 378, 379, 380, 381, 382, 383, 384, 385, 386, 387, 388, 389, 390, 391, 392, 393, 394, 395, 396, 397, 794, 795, 796, 797, 798, 799, 800, 801, 802, 803, 804, 805, 806, 807, 808, 809, 810, 811, 812, 813, 814, 815, 816, 817, 818, 819, 820, 821, 822, 823, 824, 825, 826, 827, 828, 829, 830, 831, 832, 833, 834, 835, 836, 837, 838, 839, 840, 841, 842, 843, 844, 845, 846, 847]","[356, 363, 365, 367, 370, 375, 381, 391, 396, 811, 818, 820, 825, 831, 841, 846]","[204, 219, 225, 249, 355, 367, 374, 674, 689, 712, 810, 818, 824]","[16, 125, 156, 163, 168, 184, 205, 222, 229, 253, 258, 265, 313, 317, 336, 340, 341, 356, 363, 365, 366, 367, 370, 375, 388, 391, 394, 396, 402, 410, 411, 412, 413, 415, 416, 417, 418, 419, 425, 429, 431, 433, 435, 437, 440, 441, 442, 443, 451, 452, 456, 457, 458, 460, 461, 464, 471, 473, 474, 475, 481, 482, 501, 596, 628, 635, 655, 675, 693, 716, 720, 725, 771, 775, 793, 796, 797, 811, 817, 818, 820, 825, 838, 841, 844, 846, 851, 857, 861, 862, 863, 864, 866, 867, 868, 870, 871, 877, 881, 883, 885, 888, 891, 892, 893, 898, 899, 904, 905, 907, 908, 911, 918, 920, 921, 922, 923, 924, 926, 931, 933]","[2, 9, 10, 82, 111, 112, 113, 199, 279, 284, 285, 300, 367, 488, 494, 495, 553, 581, 582, 583, 670, 738, 743, 744, 759, 818]","[2, 9, 10, 82, 111, 112, 113, 199, 279, 284, 285, 300, 488, 494, 495, 553, 581, 582, 583, 670, 738, 743, 744, 759, 818]",7/6 successful match,True,[384],True,220,False,,1.0,True,Morton's Truck Stop ( Valero ),Valero
Las Vegas ( North ) ( 89030 ) Morton's Truck Stop ( Valero ),6 702-649-2001 I-15 Exit 46 ( Cheyenne Ave W ),24 XL 020,Las Vegas,89030,Morton's Truck Stop ( Valero ),702-649-2001,2016,North Las Vegas,NV,Valero,( Cheyenne Ave W ),I-15 Exit 46 ,Exit,46,False,,False,I-15,,,,,"[818, 367]","[363, 367, 818]","[356, 363, 365, 367, 370, 375, 381, 391, 396, 811, 818, 820, 825, 831, 841, 846]","[204, 219, 225, 249, 355, 367, 374, 674, 689, 712, 810, 818, 824]","[338, 339, 340, 341, 342, 343, 344, 345, 346, 347, 348, 349, 350, 351, 352, 353, 354, 355, 356, 357, 358, 359, 360, 361, 362, 363, 364, 365, 366, 367, 368, 369, 370, 371, 372, 373, 374, 375, 376, 377, 378, 379, 380, 381, 382, 383, 384, 385, 386, 387, 388, 389, 390, 391, 392, 393, 394, 395, 396, 397, 794, 795, 796, 797, 798, 799, 800, 801, 802, 803, 804, 805, 806, 807, 808, 809, 810, 811, 812, 813, 814, 815, 816, 817, 818, 819, 820, 821, 822, 823, 824, 825, 826, 827, 828, 829, 830, 831, 832, 833, 834, 835, 836, 837, 838, 839, 840, 841, 842, 843, 844, 845, 846, 847]","[16, 125, 156, 163, 168, 184, 205, 222, 229, 253, 258, 265, 313, 317, 336, 340, 341, 356, 363, 365, 366, 367, 370, 375, 388, 391, 394, 396, 402, 410, 411, 412, 413, 415, 416, 417, 418, 419, 425, 429, 431, 433, 435, 437, 440, 441, 442, 443, 451, 452, 456, 457, 458, 460, 461, 464, 471, 473, 474, 475, 481, 482, 501, 596, 628, 635, 655, 675, 693, 716, 720, 725, 771, 775, 793, 796, 797, 811, 817, 818, 820, 825, 838, 841, 844, 846, 851, 857, 861, 862, 863, 864, 866, 867, 868, 870, 871, 877, 881, 883, 885, 888, 891, 892, 893, 898, 899, 904, 905, 907, 908, 911, 918, 920, 921, 922, 923, 924, 926, 931, 933]","[2, 9, 10, 82, 111, 112, 113, 199, 279, 284, 285, 300, 488, 494, 495, 553, 581, 582, 583, 670, 738, 743, 744, 759, 818]","[2, 9, 10, 82, 111, 112, 113, 199, 279, 284, 285, 300, 367, 488, 494, 495, 553, 581, 582, 583, 670, 738, 743, 744, 759, 818]","[2, 285, 9, 10, 16, 922, 313, 553, 877, 317, 581, 582, 583, 82, 596, 888, 111, 112, 113, 628, 635, 125, 655, 156, 670, 674, 163, 675, 168, 689, 693, 184, 851, 199, 712, 883, 204, 205, 716, 720, 725, 857, 219, 222, 225, 738, 229, 743, 744, 861, 862, 863, 759, 249, 885, 864, 253, 258, 771, 866, 775, 265, 867, 868, 279, 793, 794, 795, 796, 797, 798, 799, 800, 801, 802, 803, 804, 805, 806, 807, 808, 809, 810, 811, 812, 813, 814, 815, 816, 817, 818, 819, 820, 821, 822, 823, 824, 825, 826, 827, 828, 829, 830, 831, 832, 833, 834, 835, 836, 837, 838, 839, 840, 841, 842, 843, 844, 845, 846, 847, 336, 881, 338, 339, 340, 341, 342, 343, 344, 345, 346, 347, 348, 349, 350, 351, 352, 353, 354, 355, 356, 357, 358, 359, 360, 361, 362, 363, 364, 365, 366, 367, 368, 369, 370, 371, 372, 373, 374, 375, 376, 377, 378, 379, 380, 381, 382, 383, 384, 385, 386, 387, 388, 389, 390, 391, 392, 393, 394, 395, 396, 397, 892, 893, 870, 891, 402, 907, 908, 911, 918, 284, 920, 921, 410, 411, 412, 413, 871, 415, 416, 417, 418, 419, 923, 924, 926, 898, 931, 425, 933, 899, 429, 431, 433, 435, 437, 440, 441, 442, 443, 451, 452, 904, 456, 457, 458, 905, 460, 461, 464, 471, 473, 474, 475, 481, 482, 300, 488, 494, 495, 501]",True,"[363, 367, 818]","[338, 339, 340, 341, 342, 343, 344, 345, 346, 347, 348, 349, 350, 351, 352, 353, 354, 355, 356, 357, 358, 359, 360, 361, 362, 363, 364, 365, 366, 367, 368, 369, 370, 371, 372, 373, 374, 375, 376, 377, 378, 379, 380, 381, 382, 383, 384, 385, 386, 387, 388, 389, 390, 391, 392, 393, 394, 395, 396, 397, 794, 795, 796, 797, 798, 799, 800, 801, 802, 803, 804, 805, 806, 807, 808, 809, 810, 811, 812, 813, 814, 815, 816, 817, 818, 819, 820, 821, 822, 823, 824, 825, 826, 827, 828, 829, 830, 831, 832, 833, 834, 835, 836, 837, 838, 839, 840, 841, 842, 843, 844, 845, 846, 847]","[356, 363, 365, 367, 370, 375, 381, 391, 396, 811, 818, 820, 825, 831, 841, 846]","[204, 219, 225, 249, 355, 367, 374, 674, 689, 712, 810, 818, 824]","[16, 125, 156, 163, 168, 184, 205, 222, 229, 253, 258, 265, 313, 317, 336, 340, 341, 356, 363, 365, 366, 367, 370, 375, 388, 391, 394, 396, 402, 410, 411, 412, 413, 415, 416, 417, 418, 419, 425, 429, 431, 433, 435, 437, 440, 441, 442, 443, 451, 452, 456, 457, 458, 460, 461, 464, 471, 473, 474, 475, 481, 482, 501, 596, 628, 635, 655, 675, 693, 716, 720, 725, 771, 775, 793, 796, 797, 811, 817, 818, 820, 825, 838, 841, 844, 846, 851, 857, 861, 862, 863, 864, 866, 867, 868, 870, 871, 877, 881, 883, 885, 888, 891, 892, 893, 898, 899, 904, 905, 907, 908, 911, 918, 920, 921, 922, 923, 924, 926, 931, 933]","[2, 9, 10, 82, 111, 112, 113, 199, 279, 284, 285, 300, 367, 488, 494, 495, 553, 581, 582, 583, 670, 738, 743, 744, 759, 818]","[2, 9, 10, 82, 111, 112, 113, 199, 279, 284, 285, 300, 488, 494, 495, 553, 581, 582, 583, 670, 738, 743, 744, 759, 818]",7/6 successful match,True,[384],True,220,False,,1.0,True,Morton's Truck Stop ( Valero ) Exit 46 ),Valero
"J Palm Gardens , 89039 Palm Gardens Chevron",6 702-298-1001 US 95 & NV 163,HRS S <U+2610>,Palm Gardens,89039,Palm Gardens Chevron,702-298-1001,2006,Cal Nev Ari,NV,Chevron,,US 95 & NV 163,empty,,False,,False,US 95,NV 163,,,,"[369, 819]","[369, 819]","[254, 330, 369, 717, 787, 819]",[],"[338, 339, 340, 341, 342, 343, 344, 345, 346, 347, 348, 349, 350, 351, 352, 353, 354, 355, 356, 357, 358, 359, 360, 361, 362, 363, 364, 365, 366, 367, 368, 369, 370, 371, 372, 373, 374, 375, 376, 377, 378, 379, 380, 381, 382, 383, 384, 385, 386, 387, 388, 389, 390, 391, 392, 393, 394, 395, 396, 397, 794, 795, 796, 797, 798, 799, 800, 801, 802, 803, 804, 805, 806, 807, 808, 809, 810, 811, 812, 813, 814, 815, 816, 817, 818, 819, 820, 821, 822, 823, 824, 825, 826, 827, 828, 829, 830, 831, 832, 833, 834, 835, 836, 837, 838, 839, 840, 841, 842, 843, 844, 845, 846, 847]","[8, 43, 71, 84, 86, 339, 348, 349, 354, 360, 369, 378, 381, 382, 383, 384, 385, 389, 390, 523, 546, 555, 557, 795, 803, 804, 809, 819, 828, 831, 832, 833, 834, 835, 839, 840]","[12, 24, 25, 28, 88, 100, 104, 119, 123, 129, 136, 137, 139, 140, 141, 148, 155, 169, 172, 179, 183, 185, 188, 196, 198, 217, 237, 267, 270, 278, 319, 321, 324, 325, 330, 334, 335, 354, 366, 369, 380, 383, 384, 386, 395, 407, 411, 423, 428, 436, 437, 452, 453, 456, 467, 471, 477, 478, 479, 497, 508, 511, 559, 571, 575, 590, 594, 600, 607, 608, 610, 611, 612, 619, 627, 640, 643, 650, 654, 656, 659, 667, 669, 685, 701, 726, 729, 737, 777, 779, 782, 783, 787, 790, 791, 809, 817, 819, 830, 833, 834, 836, 845, 856, 857, 860, 862, 875, 880, 887, 888, 899, 900, 914, 918, 921, 928, 929, 930]","[12, 24, 25, 28, 88, 100, 104, 119, 123, 129, 136, 137, 139, 140, 141, 148, 155, 169, 172, 179, 183, 185, 188, 196, 198, 217, 237, 267, 270, 278, 319, 321, 324, 325, 330, 334, 335, 354, 366, 369, 380, 383, 384, 386, 395, 407, 411, 423, 428, 436, 437, 452, 453, 456, 467, 471, 477, 478, 479, 497, 508, 511, 559, 571, 575, 590, 594, 600, 607, 608, 610, 611, 612, 619, 627, 640, 643, 650, 654, 656, 659, 667, 669, 685, 701, 726, 729, 737, 777, 779, 782, 783, 787, 790, 791, 809, 817, 819, 830, 833, 834, 836, 845, 856, 857, 860, 862, 875, 880, 887, 888, 899, 900, 914, 918, 921, 928, 929, 930]","[875, 8, 523, 12, 24, 25, 28, 546, 43, 555, 557, 559, 571, 575, 319, 71, 590, 321, 594, 84, 86, 88, 600, 888, 324, 607, 608, 610, 611, 100, 325, 612, 104, 619, 627, 119, 123, 880, 640, 129, 643, 136, 137, 650, 139, 140, 141, 654, 656, 659, 148, 335, 155, 667, 669, 169, 172, 685, 179, 183, 185, 188, 701, 196, 198, 717, 856, 726, 857, 217, 729, 737, 860, 237, 862, 254, 777, 267, 779, 270, 782, 783, 787, 278, 790, 791, 794, 795, 796, 797, 798, 799, 800, 801, 802, 803, 804, 805, 806, 807, 808, 809, 810, 811, 812, 813, 814, 815, 816, 817, 818, 819, 820, 821, 822, 823, 824, 825, 826, 827, 828, 829, 830, 831, 832, 833, 834, 835, 836, 837, 838, 839, 840, 841, 330, 842, 843, 844, 845, 846, 847, 334, 338, 339, 340, 341, 342, 343, 344, 345, 346, 347, 348, 349, 350, 351, 352, 353, 354, 355, 356, 357, 358, 359, 360, 361, 362, 363, 364, 365, 366, 367, 368, 369, 370, 371, 372, 373, 374, 375, 376, 377, 378, 379, 380, 381, 382, 383, 384, 385, 386, 387, 388, 389, 390, 391, 392, 393, 394, 395, 396, 397, 914, 918, 407, 921, 411, 928, 929, 930, 423, 428, 899, 900, 436, 437, 452, 453, 456, 467, 471, 477, 478, 479, 887, 497, 508, 511]",True,"[369, 819]","[338, 339, 340, 341, 342, 343, 344, 345, 346, 347, 348, 349, 350, 351, 352, 353, 354, 355, 356, 357, 358, 359, 360, 361, 362, 363, 364, 365, 366, 367, 368, 369, 370, 371, 372, 373, 374, 375, 376, 377, 378, 379, 380, 381, 382, 383, 384, 385, 386, 387, 388, 389, 390, 391, 392, 393, 394, 395, 396, 397, 794, 795, 796, 797, 798, 799, 800, 801, 802, 803, 804, 805, 806, 807, 808, 809, 810, 811, 812, 813, 814, 815, 816, 817, 818, 819, 820, 821, 822, 823, 824, 825, 826, 827, 828, 829, 830, 831, 832, 833, 834, 835, 836, 837, 838, 839, 840, 841, 842, 843, 844, 845, 846, 847]","[254, 330, 369, 717, 787, 819]",[],"[8, 43, 71, 84, 86, 339, 348, 349, 354, 360, 369, 378, 381, 382, 383, 384, 385, 389, 390, 523, 546, 555, 557, 795, 803, 804, 809, 819, 828, 831, 832, 833, 834, 835, 839, 840]","[12, 24, 25, 28, 88, 100, 104, 119, 123, 129, 136, 137, 139, 140, 141, 148, 155, 169, 172, 179, 183, 185, 188, 196, 198, 217, 237, 267, 270, 278, 319, 321, 324, 325, 330, 334, 335, 354, 366, 369, 380, 383, 384, 386, 395, 407, 411, 423, 428, 436, 437, 452, 453, 456, 467, 471, 477, 478, 479, 497, 508, 511, 559, 571, 575, 590, 594, 600, 607, 608, 610, 611, 612, 619, 627, 640, 643, 650, 654, 656, 659, 667, 669, 685, 701, 726, 729, 737, 777, 779, 782, 783, 787, 790, 791, 809, 817, 819, 830, 833, 834, 836, 845, 856, 857, 860, 862, 875, 880, 887, 888, 899, 900, 914, 918, 921, 928, 929, 930]","[12, 24, 25, 28, 88, 100, 104, 119, 123, 129, 136, 137, 139, 140, 141, 148, 155, 169, 172, 179, 183, 185, 188, 196, 198, 217, 237, 267, 270, 278, 319, 321, 324, 325, 330, 334, 335, 354, 366, 369, 380, 383, 384, 386, 395, 407, 411, 423, 428, 436, 437, 452, 453, 456, 467, 471, 477, 478, 479, 497, 508, 511, 559, 571, 575, 590, 594, 600, 607, 608, 610, 611, 612, 619, 627, 640, 643, 650, 654, 656, 659, 667, 669, 685, 701, 726, 729, 737, 777, 779, 782, 783, 787, 790, 791, 809, 817, 819, 830, 833, 834, 836, 845, 856, 857, 860, 862, 875, 880, 887, 888, 899, 900, 914, 918, 921, 928, 929, 930]",7/6 successful match,True,"[391, 392]",True,221,False,,,,,
"J Palm Gardens , 89039 Palm Gardens Chevron",6 702-298-1001 US 95 & NV 163,S,Palm Gardens,89039,Palm Gardens Chevron,702-298-1001,2007,Cal Nev Ari,NV,Chevron,,US 95 & NV 163,empty,,False,,False,US 95,NV 163,,,,"[369, 819]","[369, 819]","[254, 330, 369, 717, 787, 819]",[],"[338, 339, 340, 341, 342, 343, 344, 345, 346, 347, 348, 349, 350, 351, 352, 353, 354, 355, 356, 357, 358, 359, 360, 361, 362, 363, 364, 365, 366, 367, 368, 369, 370, 371, 372, 373, 374, 375, 376, 377, 378, 379, 380, 381, 382, 383, 384, 385, 386, 387, 388, 389, 390, 391, 392, 393, 394, 395, 396, 397, 794, 795, 796, 797, 798, 799, 800, 801, 802, 803, 804, 805, 806, 807, 808, 809, 810, 811, 812, 813, 814, 815, 816, 817, 818, 819, 820, 821, 822, 823, 824, 825, 826, 827, 828, 829, 830, 831, 832, 833, 834, 835, 836, 837, 838, 839, 840, 841, 842, 843, 844, 845, 846, 847]","[8, 43, 71, 84, 86, 339, 348, 349, 354, 360, 369, 378, 381, 382, 383, 384, 385, 389, 390, 523, 546, 555, 557, 795, 803, 804, 809, 819, 828, 831, 832, 833, 834, 835, 839, 840]","[12, 24, 25, 28, 88, 100, 104, 119, 123, 129, 136, 137, 139, 140, 141, 148, 155, 169, 172, 179, 183, 185, 188, 196, 198, 217, 237, 267, 270, 278, 319, 321, 324, 325, 330, 334, 335, 354, 366, 369, 380, 383, 384, 386, 395, 407, 411, 423, 428, 436, 437, 452, 453, 456, 467, 471, 477, 478, 479, 497, 508, 511, 559, 571, 575, 590, 594, 600, 607, 608, 610, 611, 612, 619, 627, 640, 643, 650, 654, 656, 659, 667, 669, 685, 701, 726, 729, 737, 777, 779, 782, 783, 787, 790, 791, 809, 817, 819, 830, 833, 834, 836, 845, 856, 857, 860, 862, 875, 880, 887, 888, 899, 900, 914, 918, 921, 928, 929, 930]","[12, 24, 25, 28, 88, 100, 104, 119, 123, 129, 136, 137, 139, 140, 141, 148, 155, 169, 172, 179, 183, 185, 188, 196, 198, 217, 237, 267, 270, 278, 319, 321, 324, 325, 330, 334, 335, 354, 366, 369, 380, 383, 384, 386, 395, 407, 411, 423, 428, 436, 437, 452, 453, 456, 467, 471, 477, 478, 479, 497, 508, 511, 559, 571, 575, 590, 594, 600, 607, 608, 610, 611, 612, 619, 627, 640, 643, 650, 654, 656, 659, 667, 669, 685, 701, 726, 729, 737, 777, 779, 782, 783, 787, 790, 791, 809, 817, 819, 830, 833, 834, 836, 845, 856, 857, 860, 862, 875, 880, 887, 888, 899, 900, 914, 918, 921, 928, 929, 930]","[875, 8, 523, 12, 24, 25, 28, 546, 43, 555, 557, 559, 571, 575, 319, 71, 590, 321, 594, 84, 86, 88, 600, 888, 324, 607, 608, 610, 611, 100, 325, 612, 104, 619, 627, 119, 123, 880, 640, 129, 643, 136, 137, 650, 139, 140, 141, 654, 656, 659, 148, 335, 155, 667, 669, 169, 172, 685, 179, 183, 185, 188, 701, 196, 198, 717, 856, 726, 857, 217, 729, 737, 860, 237, 862, 254, 777, 267, 779, 270, 782, 783, 787, 278, 790, 791, 794, 795, 796, 797, 798, 799, 800, 801, 802, 803, 804, 805, 806, 807, 808, 809, 810, 811, 812, 813, 814, 815, 816, 817, 818, 819, 820, 821, 822, 823, 824, 825, 826, 827, 828, 829, 830, 831, 832, 833, 834, 835, 836, 837, 838, 839, 840, 841, 330, 842, 843, 844, 845, 846, 847, 334, 338, 339, 340, 341, 342, 343, 344, 345, 346, 347, 348, 349, 350, 351, 352, 353, 354, 355, 356, 357, 358, 359, 360, 361, 362, 363, 364, 365, 366, 367, 368, 369, 370, 371, 372, 373, 374, 375, 376, 377, 378, 379, 380, 381, 382, 383, 384, 385, 386, 387, 388, 389, 390, 391, 392, 393, 394, 395, 396, 397, 914, 918, 407, 921, 411, 928, 929, 930, 423, 428, 899, 900, 436, 437, 452, 453, 456, 467, 471, 477, 478, 479, 887, 497, 508, 511]",True,"[369, 819]","[338, 339, 340, 341, 342, 343, 344, 345, 346, 347, 348, 349, 350, 351, 352, 353, 354, 355, 356, 357, 358, 359, 360, 361, 362, 363, 364, 365, 366, 367, 368, 369, 370, 371, 372, 373, 374, 375, 376, 377, 378, 379, 380, 381, 382, 383, 384, 385, 386, 387, 388, 389, 390, 391, 392, 393, 394, 395, 396, 397, 794, 795, 796, 797, 798, 799, 800, 801, 802, 803, 804, 805, 806, 807, 808, 809, 810, 811, 812, 813, 814, 815, 816, 817, 818, 819, 820, 821, 822, 823, 824, 825, 826, 827, 828, 829, 830, 831, 832, 833, 834, 835, 836, 837, 838, 839, 840, 841, 842, 843, 844, 845, 846, 847]","[254, 330, 369, 717, 787, 819]",[],"[8, 43, 71, 84, 86, 339, 348, 349, 354, 360, 369, 378, 381, 382, 383, 384, 385, 389, 390, 523, 546, 555, 557, 795, 803, 804, 809, 819, 828, 831, 832, 833, 834, 835, 839, 840]","[12, 24, 25, 28, 88, 100, 104, 119, 123, 129, 136, 137, 139, 140, 141, 148, 155, 169, 172, 179, 183, 185, 188, 196, 198, 217, 237, 267, 270, 278, 319, 321, 324, 325, 330, 334, 335, 354, 366, 369, 380, 383, 384, 386, 395, 407, 411, 423, 428, 436, 437, 452, 453, 456, 467, 471, 477, 478, 479, 497, 508, 511, 559, 571, 575, 590, 594, 600, 607, 608, 610, 611, 612, 619, 627, 640, 643, 650, 654, 656, 659, 667, 669, 685, 701, 726, 729, 737, 777, 779, 782, 783, 787, 790, 791, 809, 817, 819, 830, 833, 834, 836, 845, 856, 857, 860, 862, 875, 880, 887, 888, 899, 900, 914, 918, 921, 928, 929, 930]","[12, 24, 25, 28, 88, 100, 104, 119, 123, 129, 136, 137, 139, 140, 141, 148, 155, 169, 172, 179, 183, 185, 188, 196, 198, 217, 237, 267, 270, 278, 319, 321, 324, 325, 330, 334, 335, 354, 366, 369, 380, 383, 384, 386, 395, 407, 411, 423, 428, 436, 437, 452, 453, 456, 467, 471, 477, 478, 479, 497, 508, 511, 559, 571, 575, 590, 594, 600, 607, 608, 610, 611, 612, 619, 627, 640, 643, 650, 654, 656, 659, 667, 669, 685, 701, 726, 729, 737, 777, 779, 782, 783, 787, 790, 791, 809, 817, 819, 830, 833, 834, 836, 845, 856, 857, 860, 862, 875, 880, 887, 888, 899, 900, 914, 918, 921, 928, 929, 930]",7/6 successful match,True,"[391, 392]",True,221,False,,1.0,True,Palm Gardens Chevron,Chevron
"Palm Gardens , 89039 Palm Gardens Chevron",6 702-298-1001 US 95 & NV 163,<U+25A1> S <U+25A1>,Palm Gardens,89039,Palm Gardens Chevron,702-298-1001,2008,Cal Nev Ari,NV,Chevron,,US 95 & NV 163,empty,,False,,False,US 95,NV 163,,,,"[369, 819]","[369, 819]","[254, 330, 369, 717, 787, 819]",[],"[338, 339, 340, 341, 342, 343, 344, 345, 346, 347, 348, 349, 350, 351, 352, 353, 354, 355, 356, 357, 358, 359, 360, 361, 362, 363, 364, 365, 366, 367, 368, 369, 370, 371, 372, 373, 374, 375, 376, 377, 378, 379, 380, 381, 382, 383, 384, 385, 386, 387, 388, 389, 390, 391, 392, 393, 394, 395, 396, 397, 794, 795, 796, 797, 798, 799, 800, 801, 802, 803, 804, 805, 806, 807, 808, 809, 810, 811, 812, 813, 814, 815, 816, 817, 818, 819, 820, 821, 822, 823, 824, 825, 826, 827, 828, 829, 830, 831, 832, 833, 834, 835, 836, 837, 838, 839, 840, 841, 842, 843, 844, 845, 846, 847]","[8, 43, 71, 84, 86, 339, 348, 349, 354, 360, 369, 378, 381, 382, 383, 384, 385, 389, 390, 523, 546, 555, 557, 795, 803, 804, 809, 819, 828, 831, 832, 833, 834, 835, 839, 840]","[12, 24, 25, 28, 88, 100, 104, 119, 123, 129, 136, 137, 139, 140, 141, 148, 155, 169, 172, 179, 183, 185, 188, 196, 198, 217, 237, 267, 270, 278, 319, 321, 324, 325, 330, 334, 335, 354, 366, 369, 380, 383, 384, 386, 395, 407, 411, 423, 428, 436, 437, 452, 453, 456, 467, 471, 477, 478, 479, 497, 508, 511, 559, 571, 575, 590, 594, 600, 607, 608, 610, 611, 612, 619, 627, 640, 643, 650, 654, 656, 659, 667, 669, 685, 701, 726, 729, 737, 777, 779, 782, 783, 787, 790, 791, 809, 817, 819, 830, 833, 834, 836, 845, 856, 857, 860, 862, 875, 880, 887, 888, 899, 900, 914, 918, 921, 928, 929, 930]","[12, 24, 25, 28, 88, 100, 104, 119, 123, 129, 136, 137, 139, 140, 141, 148, 155, 169, 172, 179, 183, 185, 188, 196, 198, 217, 237, 267, 270, 278, 319, 321, 324, 325, 330, 334, 335, 354, 366, 369, 380, 383, 384, 386, 395, 407, 411, 423, 428, 436, 437, 452, 453, 456, 467, 471, 477, 478, 479, 497, 508, 511, 559, 571, 575, 590, 594, 600, 607, 608, 610, 611, 612, 619, 627, 640, 643, 650, 654, 656, 659, 667, 669, 685, 701, 726, 729, 737, 777, 779, 782, 783, 787, 790, 791, 809, 817, 819, 830, 833, 834, 836, 845, 856, 857, 860, 862, 875, 880, 887, 888, 899, 900, 914, 918, 921, 928, 929, 930]","[875, 8, 523, 12, 24, 25, 28, 546, 43, 555, 557, 559, 571, 575, 319, 71, 590, 321, 594, 84, 86, 88, 600, 888, 324, 607, 608, 610, 611, 100, 325, 612, 104, 619, 627, 119, 123, 880, 640, 129, 643, 136, 137, 650, 139, 140, 141, 654, 656, 659, 148, 335, 155, 667, 669, 169, 172, 685, 179, 183, 185, 188, 701, 196, 198, 717, 856, 726, 857, 217, 729, 737, 860, 237, 862, 254, 777, 267, 779, 270, 782, 783, 787, 278, 790, 791, 794, 795, 796, 797, 798, 799, 800, 801, 802, 803, 804, 805, 806, 807, 808, 809, 810, 811, 812, 813, 814, 815, 816, 817, 818, 819, 820, 821, 822, 823, 824, 825, 826, 827, 828, 829, 830, 831, 832, 833, 834, 835, 836, 837, 838, 839, 840, 841, 330, 842, 843, 844, 845, 846, 847, 334, 338, 339, 340, 341, 342, 343, 344, 345, 346, 347, 348, 349, 350, 351, 352, 353, 354, 355, 356, 357, 358, 359, 360, 361, 362, 363, 364, 365, 366, 367, 368, 369, 370, 371, 372, 373, 374, 375, 376, 377, 378, 379, 380, 381, 382, 383, 384, 385, 386, 387, 388, 389, 390, 391, 392, 393, 394, 395, 396, 397, 914, 918, 407, 921, 411, 928, 929, 930, 423, 428, 899, 900, 436, 437, 452, 453, 456, 467, 471, 477, 478, 479, 887, 497, 508, 511]",True,"[369, 819]","[338, 339, 340, 341, 342, 343, 344, 345, 346, 347, 348, 349, 350, 351, 352, 353, 354, 355, 356, 357, 358, 359, 360, 361, 362, 363, 364, 365, 366, 367, 368, 369, 370, 371, 372, 373, 374, 375, 376, 377, 378, 379, 380, 381, 382, 383, 384, 385, 386, 387, 388, 389, 390, 391, 392, 393, 394, 395, 396, 397, 794, 795, 796, 797, 798, 799, 800, 801, 802, 803, 804, 805, 806, 807, 808, 809, 810, 811, 812, 813, 814, 815, 816, 817, 818, 819, 820, 821, 822, 823, 824, 825, 826, 827, 828, 829, 830, 831, 832, 833, 834, 835, 836, 837, 838, 839, 840, 841, 842, 843, 844, 845, 846, 847]","[254, 330, 369, 717, 787, 819]",[],"[8, 43, 71, 84, 86, 339, 348, 349, 354, 360, 369, 378, 381, 382, 383, 384, 385, 389, 390, 523, 546, 555, 557, 795, 803, 804, 809, 819, 828, 831, 832, 833, 834, 835, 839, 840]","[12, 24, 25, 28, 88, 100, 104, 119, 123, 129, 136, 137, 139, 140, 141, 148, 155, 169, 172, 179, 183, 185, 188, 196, 198, 217, 237, 267, 270, 278, 319, 321, 324, 325, 330, 334, 335, 354, 366, 369, 380, 383, 384, 386, 395, 407, 411, 423, 428, 436, 437, 452, 453, 456, 467, 471, 477, 478, 479, 497, 508, 511, 559, 571, 575, 590, 594, 600, 607, 608, 610, 611, 612, 619, 627, 640, 643, 650, 654, 656, 659, 667, 669, 685, 701, 726, 729, 737, 777, 779, 782, 783, 787, 790, 791, 809, 817, 819, 830, 833, 834, 836, 845, 856, 857, 860, 862, 875, 880, 887, 888, 899, 900, 914, 918, 921, 928, 929, 930]","[12, 24, 25, 28, 88, 100, 104, 119, 123, 129, 136, 137, 139, 140, 141, 148, 155, 169, 172, 179, 183, 185, 188, 196, 198, 217, 237, 267, 270, 278, 319, 321, 324, 325, 330, 334, 335, 354, 366, 369, 380, 383, 384, 386, 395, 407, 411, 423, 428, 436, 437, 452, 453, 456, 467, 471, 477, 478, 479, 497, 508, 511, 559, 571, 575, 590, 594, 600, 607, 608, 610, 611, 612, 619, 627, 640, 643, 650, 654, 656, 659, 667, 669, 685, 701, 726, 729, 737, 777, 779, 782, 783, 787, 790, 791, 809, 817, 819, 830, 833, 834, 836, 845, 856, 857, 860, 862, 875, 880, 887, 888, 899, 900, 914, 918, 921, 928, 929, 930]",7/6 successful match,True,"[391, 392]",True,221,False,,1.0,True,Palm Gardens Chevron,Chevron
J Palm Gardens ( 89039 ) Palm Gardens Chevron,6 702-298-1001 US 95 & NV 163,S <U+2610>,Palm Gardens,89039,Palm Gardens Chevron,702-298-1001,2014,Cal Nev Ari,NV,Chevron,,US 95 & NV 163,empty,,False,,False,US 95,NV 163,,,,"[369, 819]","[369, 819]","[254, 330, 369, 717, 787, 819]",[],"[338, 339, 340, 341, 342, 343, 344, 345, 346, 347, 348, 349, 350, 351, 352, 353, 354, 355, 356, 357, 358, 359, 360, 361, 362, 363, 364, 365, 366, 367, 368, 369, 370, 371, 372, 373, 374, 375, 376, 377, 378, 379, 380, 381, 382, 383, 384, 385, 386, 387, 388, 389, 390, 391, 392, 393, 394, 395, 396, 397, 794, 795, 796, 797, 798, 799, 800, 801, 802, 803, 804, 805, 806, 807, 808, 809, 810, 811, 812, 813, 814, 815, 816, 817, 818, 819, 820, 821, 822, 823, 824, 825, 826, 827, 828, 829, 830, 831, 832, 833, 834, 835, 836, 837, 838, 839, 840, 841, 842, 843, 844, 845, 846, 847]","[8, 43, 71, 84, 86, 339, 348, 349, 354, 360, 369, 378, 381, 382, 383, 384, 385, 389, 390, 523, 546, 555, 557, 795, 803, 804, 809, 819, 828, 831, 832, 833, 834, 835, 839, 840]","[12, 24, 25, 28, 88, 100, 104, 119, 123, 129, 136, 137, 139, 140, 141, 148, 155, 169, 172, 179, 183, 185, 188, 196, 198, 217, 237, 267, 270, 278, 319, 321, 324, 325, 330, 334, 335, 354, 366, 369, 380, 383, 384, 386, 395, 407, 411, 423, 428, 436, 437, 452, 453, 456, 467, 471, 477, 478, 479, 497, 508, 511, 559, 571, 575, 590, 594, 600, 607, 608, 610, 611, 612, 619, 627, 640, 643, 650, 654, 656, 659, 667, 669, 685, 701, 726, 729, 737, 777, 779, 782, 783, 787, 790, 791, 809, 817, 819, 830, 833, 834, 836, 845, 856, 857, 860, 862, 875, 880, 887, 888, 899, 900, 914, 918, 921, 928, 929, 930]","[12, 24, 25, 28, 88, 100, 104, 119, 123, 129, 136, 137, 139, 140, 141, 148, 155, 169, 172, 179, 183, 185, 188, 196, 198, 217, 237, 267, 270, 278, 319, 321, 324, 325, 330, 334, 335, 354, 366, 369, 380, 383, 384, 386, 395, 407, 411, 423, 428, 436, 437, 452, 453, 456, 467, 471, 477, 478, 479, 497, 508, 511, 559, 571, 575, 590, 594, 600, 607, 608, 610, 611, 612, 619, 627, 640, 643, 650, 654, 656, 659, 667, 669, 685, 701, 726, 729, 737, 777, 779, 782, 783, 787, 790, 791, 809, 817, 819, 830, 833, 834, 836, 845, 856, 857, 860, 862, 875, 880, 887, 888, 899, 900, 914, 918, 921, 928, 929, 930]","[875, 8, 523, 12, 24, 25, 28, 546, 43, 555, 557, 559, 571, 575, 319, 71, 590, 321, 594, 84, 86, 88, 600, 888, 324, 607, 608, 610, 611, 100, 325, 612, 104, 619, 627, 119, 123, 880, 640, 129, 643, 136, 137, 650, 139, 140, 141, 654, 656, 659, 148, 335, 155, 667, 669, 169, 172, 685, 179, 183, 185, 188, 701, 196, 198, 717, 856, 726, 857, 217, 729, 737, 860, 237, 862, 254, 777, 267, 779, 270, 782, 783, 787, 278, 790, 791, 794, 795, 796, 797, 798, 799, 800, 801, 802, 803, 804, 805, 806, 807, 808, 809, 810, 811, 812, 813, 814, 815, 816, 817, 818, 819, 820, 821, 822, 823, 824, 825, 826, 827, 828, 829, 830, 831, 832, 833, 834, 835, 836, 837, 838, 839, 840, 841, 330, 842, 843, 844, 845, 846, 847, 334, 338, 339, 340, 341, 342, 343, 344, 345, 346, 347, 348, 349, 350, 351, 352, 353, 354, 355, 356, 357, 358, 359, 360, 361, 362, 363, 364, 365, 366, 367, 368, 369, 370, 371, 372, 373, 374, 375, 376, 377, 378, 379, 380, 381, 382, 383, 384, 385, 386, 387, 388, 389, 390, 391, 392, 393, 394, 395, 396, 397, 914, 918, 407, 921, 411, 928, 929, 930, 423, 428, 899, 900, 436, 437, 452, 453, 456, 467, 471, 477, 478, 479, 887, 497, 508, 511]",True,"[369, 819]","[338, 339, 340, 341, 342, 343, 344, 345, 346, 347, 348, 349, 350, 351, 352, 353, 354, 355, 356, 357, 358, 359, 360, 361, 362, 363, 364, 365, 366, 367, 368, 369, 370, 371, 372, 373, 374, 375, 376, 377, 378, 379, 380, 381, 382, 383, 384, 385, 386, 387, 388, 389, 390, 391, 392, 393, 394, 395, 396, 397, 794, 795, 796, 797, 798, 799, 800, 801, 802, 803, 804, 805, 806, 807, 808, 809, 810, 811, 812, 813, 814, 815, 816, 817, 818, 819, 820, 821, 822, 823, 824, 825, 826, 827, 828, 829, 830, 831, 832, 833, 834, 835, 836, 837, 838, 839, 840, 841, 842, 843, 844, 845, 846, 847]","[254, 330, 369, 717, 787, 819]",[],"[8, 43, 71, 84, 86, 339, 348, 349, 354, 360, 369, 378, 381, 382, 383, 384, 385, 389, 390, 523, 546, 555, 557, 795, 803, 804, 809, 819, 828, 831, 832, 833, 834, 835, 839, 840]","[12, 24, 25, 28, 88, 100, 104, 119, 123, 129, 136, 137, 139, 140, 141, 148, 155, 169, 172, 179, 183, 185, 188, 196, 198, 217, 237, 267, 270, 278, 319, 321, 324, 325, 330, 334, 335, 354, 366, 369, 380, 383, 384, 386, 395, 407, 411, 423, 428, 436, 437, 452, 453, 456, 467, 471, 477, 478, 479, 497, 508, 511, 559, 571, 575, 590, 594, 600, 607, 608, 610, 611, 612, 619, 627, 640, 643, 650, 654, 656, 659, 667, 669, 685, 701, 726, 729, 737, 777, 779, 782, 783, 787, 790, 791, 809, 817, 819, 830, 833, 834, 836, 845, 856, 857, 860, 862, 875, 880, 887, 888, 899, 900, 914, 918, 921, 928, 929, 930]","[12, 24, 25, 28, 88, 100, 104, 119, 123, 129, 136, 137, 139, 140, 141, 148, 155, 169, 172, 179, 183, 185, 188, 196, 198, 217, 237, 267, 270, 278, 319, 321, 324, 325, 330, 334, 335, 354, 366, 369, 380, 383, 384, 386, 395, 407, 411, 423, 428, 436, 437, 452, 453, 456, 467, 471, 477, 478, 479, 497, 508, 511, 559, 571, 575, 590, 594, 600, 607, 608, 610, 611, 612, 619, 627, 640, 643, 650, 654, 656, 659, 667, 669, 685, 701, 726, 729, 737, 777, 779, 782, 783, 787, 790, 791, 809, 817, 819, 830, 833, 834, 836, 845, 856, 857, 860, 862, 875, 880, 887, 888, 899, 900, 914, 918, 921, 928, 929, 930]",7/6 successful match,True,"[391, 392]",True,221,False,,1.0,True,Palm Gardens Chevron,Chevron
J Palm Gardens ( 89039 ) Palm Gardens Chevron,6 702-298-1001 US 95 & NV 163,<U+2610> S <U+2610> <U+25A1>,Palm Gardens,89039,Palm Gardens Chevron,702-298-1001,2015,Cal Nev Ari,NV,Chevron,,US 95 & NV 163,empty,,False,,False,US 95,NV 163,,,,"[369, 819]","[369, 819]","[254, 330, 369, 717, 787, 819]",[],"[338, 339, 340, 341, 342, 343, 344, 345, 346, 347, 348, 349, 350, 351, 352, 353, 354, 355, 356, 357, 358, 359, 360, 361, 362, 363, 364, 365, 366, 367, 368, 369, 370, 371, 372, 373, 374, 375, 376, 377, 378, 379, 380, 381, 382, 383, 384, 385, 386, 387, 388, 389, 390, 391, 392, 393, 394, 395, 396, 397, 794, 795, 796, 797, 798, 799, 800, 801, 802, 803, 804, 805, 806, 807, 808, 809, 810, 811, 812, 813, 814, 815, 816, 817, 818, 819, 820, 821, 822, 823, 824, 825, 826, 827, 828, 829, 830, 831, 832, 833, 834, 835, 836, 837, 838, 839, 840, 841, 842, 843, 844, 845, 846, 847]","[8, 43, 71, 84, 86, 339, 348, 349, 354, 360, 369, 378, 381, 382, 383, 384, 385, 389, 390, 523, 546, 555, 557, 795, 803, 804, 809, 819, 828, 831, 832, 833, 834, 835, 839, 840]","[12, 24, 25, 28, 88, 100, 104, 119, 123, 129, 136, 137, 139, 140, 141, 148, 155, 169, 172, 179, 183, 185, 188, 196, 198, 217, 237, 267, 270, 278, 319, 321, 324, 325, 330, 334, 335, 354, 366, 369, 380, 383, 384, 386, 395, 407, 411, 423, 428, 436, 437, 452, 453, 456, 467, 471, 477, 478, 479, 497, 508, 511, 559, 571, 575, 590, 594, 600, 607, 608, 610, 611, 612, 619, 627, 640, 643, 650, 654, 656, 659, 667, 669, 685, 701, 726, 729, 737, 777, 779, 782, 783, 787, 790, 791, 809, 817, 819, 830, 833, 834, 836, 845, 856, 857, 860, 862, 875, 880, 887, 888, 899, 900, 914, 918, 921, 928, 929, 930]","[12, 24, 25, 28, 88, 100, 104, 119, 123, 129, 136, 137, 139, 140, 141, 148, 155, 169, 172, 179, 183, 185, 188, 196, 198, 217, 237, 267, 270, 278, 319, 321, 324, 325, 330, 334, 335, 354, 366, 369, 380, 383, 384, 386, 395, 407, 411, 423, 428, 436, 437, 452, 453, 456, 467, 471, 477, 478, 479, 497, 508, 511, 559, 571, 575, 590, 594, 600, 607, 608, 610, 611, 612, 619, 627, 640, 643, 650, 654, 656, 659, 667, 669, 685, 701, 726, 729, 737, 777, 779, 782, 783, 787, 790, 791, 809, 817, 819, 830, 833, 834, 836, 845, 856, 857, 860, 862, 875, 880, 887, 888, 899, 900, 914, 918, 921, 928, 929, 930]","[875, 8, 523, 12, 24, 25, 28, 546, 43, 555, 557, 559, 571, 575, 319, 71, 590, 321, 594, 84, 86, 88, 600, 888, 324, 607, 608, 610, 611, 100, 325, 612, 104, 619, 627, 119, 123, 880, 640, 129, 643, 136, 137, 650, 139, 140, 141, 654, 656, 659, 148, 335, 155, 667, 669, 169, 172, 685, 179, 183, 185, 188, 701, 196, 198, 717, 856, 726, 857, 217, 729, 737, 860, 237, 862, 254, 777, 267, 779, 270, 782, 783, 787, 278, 790, 791, 794, 795, 796, 797, 798, 799, 800, 801, 802, 803, 804, 805, 806, 807, 808, 809, 810, 811, 812, 813, 814, 815, 816, 817, 818, 819, 820, 821, 822, 823, 824, 825, 826, 827, 828, 829, 830, 831, 832, 833, 834, 835, 836, 837, 838, 839, 840, 841, 330, 842, 843, 844, 845, 846, 847, 334, 338, 339, 340, 341, 342, 343, 344, 345, 346, 347, 348, 349, 350, 351, 352, 353, 354, 355, 356, 357, 358, 359, 360, 361, 362, 363, 364, 365, 366, 367, 368, 369, 370, 371, 372, 373, 374, 375, 376, 377, 378, 379, 380, 381, 382, 383, 384, 385, 386, 387, 388, 389, 390, 391, 392, 393, 394, 395, 396, 397, 914, 918, 407, 921, 411, 928, 929, 930, 423, 428, 899, 900, 436, 437, 452, 453, 456, 467, 471, 477, 478, 479, 887, 497, 508, 511]",True,"[369, 819]","[338, 339, 340, 341, 342, 343, 344, 345, 346, 347, 348, 349, 350, 351, 352, 353, 354, 355, 356, 357, 358, 359, 360, 361, 362, 363, 364, 365, 366, 367, 368, 369, 370, 371, 372, 373, 374, 375, 376, 377, 378, 379, 380, 381, 382, 383, 384, 385, 386, 387, 388, 389, 390, 391, 392, 393, 394, 395, 396, 397, 794, 795, 796, 797, 798, 799, 800, 801, 802, 803, 804, 805, 806, 807, 808, 809, 810, 811, 812, 813, 814, 815, 816, 817, 818, 819, 820, 821, 822, 823, 824, 825, 826, 827, 828, 829, 830, 831, 832, 833, 834, 835, 836, 837, 838, 839, 840, 841, 842, 843, 844, 845, 846, 847]","[254, 330, 369, 717, 787, 819]",[],"[8, 43, 71, 84, 86, 339, 348, 349, 354, 360, 369, 378, 381, 382, 383, 384, 385, 389, 390, 523, 546, 555, 557, 795, 803, 804, 809, 819, 828, 831, 832, 833, 834, 835, 839, 840]","[12, 24, 25, 28, 88, 100, 104, 119, 123, 129, 136, 137, 139, 140, 141, 148, 155, 169, 172, 179, 183, 185, 188, 196, 198, 217, 237, 267, 270, 278, 319, 321, 324, 325, 330, 334, 335, 354, 366, 369, 380, 383, 384, 386, 395, 407, 411, 423, 428, 436, 437, 452, 453, 456, 467, 471, 477, 478, 479, 497, 508, 511, 559, 571, 575, 590, 594, 600, 607, 608, 610, 611, 612, 619, 627, 640, 643, 650, 654, 656, 659, 667, 669, 685, 701, 726, 729, 737, 777, 779, 782, 783, 787, 790, 791, 809, 817, 819, 830, 833, 834, 836, 845, 856, 857, 860, 862, 875, 880, 887, 888, 899, 900, 914, 918, 921, 928, 929, 930]","[12, 24, 25, 28, 88, 100, 104, 119, 123, 129, 136, 137, 139, 140, 141, 148, 155, 169, 172, 179, 183, 185, 188, 196, 198, 217, 237, 267, 270, 278, 319, 321, 324, 325, 330, 334, 335, 354, 366, 369, 380, 383, 384, 386, 395, 407, 411, 423, 428, 436, 437, 452, 453, 456, 467, 471, 477, 478, 479, 497, 508, 511, 559, 571, 575, 590, 594, 600, 607, 608, 610, 611, 612, 619, 627, 640, 643, 650, 654, 656, 659, 667, 669, 685, 701, 726, 729, 737, 777, 779, 782, 783, 787, 790, 791, 809, 817, 819, 830, 833, 834, 836, 845, 856, 857, 860, 862, 875, 880, 887, 888, 899, 900, 914, 918, 921, 928, 929, 930]",7/6 successful match,True,"[391, 392]",True,221,False,,1.0,True,Palm Gardens Chevron,Chevron
Palm Gardens ( 89039 ) Palm Gardens Chevron,6 702-298-1001 US 95 & NV 163,<U+2610> S <U+2610>,Palm Gardens,89039,Palm Gardens Chevron,702-298-1001,2016,Cal Nev Ari,NV,Chevron,,US 95 & NV 163,empty,,False,,False,US 95,NV 163,,,,"[369, 819]","[369, 819]","[254, 330, 369, 717, 787, 819]",[],"[338, 339, 340, 341, 342, 343, 344, 345, 346, 347, 348, 349, 350, 351, 352, 353, 354, 355, 356, 357, 358, 359, 360, 361, 362, 363, 364, 365, 366, 367, 368, 369, 370, 371, 372, 373, 374, 375, 376, 377, 378, 379, 380, 381, 382, 383, 384, 385, 386, 387, 388, 389, 390, 391, 392, 393, 394, 395, 396, 397, 794, 795, 796, 797, 798, 799, 800, 801, 802, 803, 804, 805, 806, 807, 808, 809, 810, 811, 812, 813, 814, 815, 816, 817, 818, 819, 820, 821, 822, 823, 824, 825, 826, 827, 828, 829, 830, 831, 832, 833, 834, 835, 836, 837, 838, 839, 840, 841, 842, 843, 844, 845, 846, 847]","[8, 43, 71, 84, 86, 339, 348, 349, 354, 360, 369, 378, 381, 382, 383, 384, 385, 389, 390, 523, 546, 555, 557, 795, 803, 804, 809, 819, 828, 831, 832, 833, 834, 835, 839, 840]","[12, 24, 25, 28, 88, 100, 104, 119, 123, 129, 136, 137, 139, 140, 141, 148, 155, 169, 172, 179, 183, 185, 188, 196, 198, 217, 237, 267, 270, 278, 319, 321, 324, 325, 330, 334, 335, 354, 366, 369, 380, 383, 384, 386, 395, 407, 411, 423, 428, 436, 437, 452, 453, 456, 467, 471, 477, 478, 479, 497, 508, 511, 559, 571, 575, 590, 594, 600, 607, 608, 610, 611, 612, 619, 627, 640, 643, 650, 654, 656, 659, 667, 669, 685, 701, 726, 729, 737, 777, 779, 782, 783, 787, 790, 791, 809, 817, 819, 830, 833, 834, 836, 845, 856, 857, 860, 862, 875, 880, 887, 888, 899, 900, 914, 918, 921, 928, 929, 930]","[12, 24, 25, 28, 88, 100, 104, 119, 123, 129, 136, 137, 139, 140, 141, 148, 155, 169, 172, 179, 183, 185, 188, 196, 198, 217, 237, 267, 270, 278, 319, 321, 324, 325, 330, 334, 335, 354, 366, 369, 380, 383, 384, 386, 395, 407, 411, 423, 428, 436, 437, 452, 453, 456, 467, 471, 477, 478, 479, 497, 508, 511, 559, 571, 575, 590, 594, 600, 607, 608, 610, 611, 612, 619, 627, 640, 643, 650, 654, 656, 659, 667, 669, 685, 701, 726, 729, 737, 777, 779, 782, 783, 787, 790, 791, 809, 817, 819, 830, 833, 834, 836, 845, 856, 857, 860, 862, 875, 880, 887, 888, 899, 900, 914, 918, 921, 928, 929, 930]","[875, 8, 523, 12, 24, 25, 28, 546, 43, 555, 557, 559, 571, 575, 319, 71, 590, 321, 594, 84, 86, 88, 600, 888, 324, 607, 608, 610, 611, 100, 325, 612, 104, 619, 627, 119, 123, 880, 640, 129, 643, 136, 137, 650, 139, 140, 141, 654, 656, 659, 148, 335, 155, 667, 669, 169, 172, 685, 179, 183, 185, 188, 701, 196, 198, 717, 856, 726, 857, 217, 729, 737, 860, 237, 862, 254, 777, 267, 779, 270, 782, 783, 787, 278, 790, 791, 794, 795, 796, 797, 798, 799, 800, 801, 802, 803, 804, 805, 806, 807, 808, 809, 810, 811, 812, 813, 814, 815, 816, 817, 818, 819, 820, 821, 822, 823, 824, 825, 826, 827, 828, 829, 830, 831, 832, 833, 834, 835, 836, 837, 838, 839, 840, 841, 330, 842, 843, 844, 845, 846, 847, 334, 338, 339, 340, 341, 342, 343, 344, 345, 346, 347, 348, 349, 350, 351, 352, 353, 354, 355, 356, 357, 358, 359, 360, 361, 362, 363, 364, 365, 366, 367, 368, 369, 370, 371, 372, 373, 374, 375, 376, 377, 378, 379, 380, 381, 382, 383, 384, 385, 386, 387, 388, 389, 390, 391, 392, 393, 394, 395, 396, 397, 914, 918, 407, 921, 411, 928, 929, 930, 423, 428, 899, 900, 436, 437, 452, 453, 456, 467, 471, 477, 478, 479, 887, 497, 508, 511]",True,"[369, 819]","[338, 339, 340, 341, 342, 343, 344, 345, 346, 347, 348, 349, 350, 351, 352, 353, 354, 355, 356, 357, 358, 359, 360, 361, 362, 363, 364, 365, 366, 367, 368, 369, 370, 371, 372, 373, 374, 375, 376, 377, 378, 379, 380, 381, 382, 383, 384, 385, 386, 387, 388, 389, 390, 391, 392, 393, 394, 395, 396, 397, 794, 795, 796, 797, 798, 799, 800, 801, 802, 803, 804, 805, 806, 807, 808, 809, 810, 811, 812, 813, 814, 815, 816, 817, 818, 819, 820, 821, 822, 823, 824, 825, 826, 827, 828, 829, 830, 831, 832, 833, 834, 835, 836, 837, 838, 839, 840, 841, 842, 843, 844, 845, 846, 847]","[254, 330, 369, 717, 787, 819]",[],"[8, 43, 71, 84, 86, 339, 348, 349, 354, 360, 369, 378, 381, 382, 383, 384, 385, 389, 390, 523, 546, 555, 557, 795, 803, 804, 809, 819, 828, 831, 832, 833, 834, 835, 839, 840]","[12, 24, 25, 28, 88, 100, 104, 119, 123, 129, 136, 137, 139, 140, 141, 148, 155, 169, 172, 179, 183, 185, 188, 196, 198, 217, 237, 267, 270, 278, 319, 321, 324, 325, 330, 334, 335, 354, 366, 369, 380, 383, 384, 386, 395, 407, 411, 423, 428, 436, 437, 452, 453, 456, 467, 471, 477, 478, 479, 497, 508, 511, 559, 571, 575, 590, 594, 600, 607, 608, 610, 611, 612, 619, 627, 640, 643, 650, 654, 656, 659, 667, 669, 685, 701, 726, 729, 737, 777, 779, 782, 783, 787, 790, 791, 809, 817, 819, 830, 833, 834, 836, 845, 856, 857, 860, 862, 875, 880, 887, 888, 899, 900, 914, 918, 921, 928, 929, 930]","[12, 24, 25, 28, 88, 100, 104, 119, 123, 129, 136, 137, 139, 140, 141, 148, 155, 169, 172, 179, 183, 185, 188, 196, 198, 217, 237, 267, 270, 278, 319, 321, 324, 325, 330, 334, 335, 354, 366, 369, 380, 383, 384, 386, 395, 407, 411, 423, 428, 436, 437, 452, 453, 456, 467, 471, 477, 478, 479, 497, 508, 511, 559, 571, 575, 590, 594, 600, 607, 608, 610, 611, 612, 619, 627, 640, 643, 650, 654, 656, 659, 667, 669, 685, 701, 726, 729, 737, 777, 779, 782, 783, 787, 790, 791, 809, 817, 819, 830, 833, 834, 836, 845, 856, 857, 860, 862, 875, 880, 887, 888, 899, 900, 914, 918, 921, 928, 929, 930]",7/6 successful match,True,"[391, 392]",True,221,False,,1.0,True,Palm Gardens Chevron,Chevron
"F Round Mountain , 89045 Shoshone Market ( 76 )",775-377-2632 NV 376 ( 6 mi N of town ),S,Round Mountain,89045,Shoshone Market ( 76 ),775-377-2632,2006,Round Mountain,NV,,( 6 mi N of town ),NV 376,empty,,False,,False,NV 376,,,,,"[385, 835]","[385, 835]","[342, 364, 385, 798, 816, 835]",[],"[338, 339, 340, 341, 342, 343, 344, 345, 346, 347, 348, 349, 350, 351, 352, 353, 354, 355, 356, 357, 358, 359, 360, 361, 362, 363, 364, 365, 366, 367, 368, 369, 370, 371, 372, 373, 374, 375, 376, 377, 378, 379, 380, 381, 382, 383, 384, 385, 386, 387, 388, 389, 390, 391, 392, 393, 394, 395, 396, 397, 794, 795, 796, 797, 798, 799, 800, 801, 802, 803, 804, 805, 806, 807, 808, 809, 810, 811, 812, 813, 814, 815, 816, 817, 818, 819, 820, 821, 822, 823, 824, 825, 826, 827, 828, 829, 830, 831, 832, 833, 834, 835, 836, 837, 838, 839, 840, 841, 842, 843, 844, 845, 846, 847]","[348, 378, 381, 383, 385, 803, 828, 831, 833, 835]",[],"[84, 87, 89, 114, 115, 117, 124, 132, 135, 144, 152, 178, 239, 268, 281, 297, 318, 320, 327, 348, 385, 394, 555, 558, 560, 585, 586, 588, 595, 603, 606, 615, 623, 649, 703, 727, 740, 756, 776, 778, 785, 803, 835, 844]","[555, 558, 560, 318, 585, 586, 320, 588, 595, 84, 87, 89, 603, 606, 615, 623, 114, 115, 117, 124, 132, 135, 649, 144, 152, 178, 703, 727, 740, 239, 756, 776, 778, 268, 785, 281, 794, 795, 796, 797, 798, 799, 800, 801, 802, 803, 804, 805, 806, 807, 808, 809, 810, 811, 812, 813, 814, 815, 816, 817, 818, 819, 820, 821, 822, 823, 824, 825, 826, 827, 828, 829, 830, 831, 832, 833, 834, 835, 836, 837, 838, 839, 840, 841, 842, 843, 844, 845, 846, 847, 327, 338, 339, 340, 341, 342, 343, 344, 345, 346, 347, 348, 349, 350, 351, 352, 353, 354, 355, 356, 357, 358, 359, 360, 361, 362, 363, 364, 365, 366, 367, 368, 369, 370, 371, 372, 373, 374, 375, 376, 377, 378, 379, 380, 381, 382, 383, 384, 385, 386, 387, 388, 389, 390, 391, 392, 393, 394, 395, 396, 397, 297]",True,"[385, 835]","[338, 339, 340, 341, 342, 343, 344, 345, 346, 347, 348, 349, 350, 351, 352, 353, 354, 355, 356, 357, 358, 359, 360, 361, 362, 363, 364, 365, 366, 367, 368, 369, 370, 371, 372, 373, 374, 375, 376, 377, 378, 379, 380, 381, 382, 383, 384, 385, 386, 387, 388, 389, 390, 391, 392, 393, 394, 395, 396, 397, 794, 795, 796, 797, 798, 799, 800, 801, 802, 803, 804, 805, 806, 807, 808, 809, 810, 811, 812, 813, 814, 815, 816, 817, 818, 819, 820, 821, 822, 823, 824, 825, 826, 827, 828, 829, 830, 831, 832, 833, 834, 835, 836, 837, 838, 839, 840, 841, 842, 843, 844, 845, 846, 847]","[342, 364, 385, 798, 816, 835]",[],"[348, 378, 381, 383, 385, 803, 828, 831, 833, 835]","[84, 87, 89, 114, 115, 117, 124, 132, 135, 144, 152, 178, 239, 268, 281, 297, 318, 320, 327, 348, 385, 394, 555, 558, 560, 585, 586, 588, 595, 603, 606, 615, 623, 649, 703, 727, 740, 756, 776, 778, 785, 803, 835, 844]",[],7/6 successful match,True,[465],True,222,False,,,,,
"F Round Mountain , 89045 Shoshone Market ( 76 )",775-377-2632 NV 376 ( 6 mi N of town ),S,Round Mountain,89045,Shoshone Market ( 76 ),775-377-2632,2007,Round Mountain,NV,,( 6 mi N of town ),NV 376,empty,,False,,False,NV 376,,,,,"[385, 835]","[385, 835]","[342, 364, 385, 798, 816, 835]",[],"[338, 339, 340, 341, 342, 343, 344, 345, 346, 347, 348, 349, 350, 351, 352, 353, 354, 355, 356, 357, 358, 359, 360, 361, 362, 363, 364, 365, 366, 367, 368, 369, 370, 371, 372, 373, 374, 375, 376, 377, 378, 379, 380, 381, 382, 383, 384, 385, 386, 387, 388, 389, 390, 391, 392, 393, 394, 395, 396, 397, 794, 795, 796, 797, 798, 799, 800, 801, 802, 803, 804, 805, 806, 807, 808, 809, 810, 811, 812, 813, 814, 815, 816, 817, 818, 819, 820, 821, 822, 823, 824, 825, 826, 827, 828, 829, 830, 831, 832, 833, 834, 835, 836, 837, 838, 839, 840, 841, 842, 843, 844, 845, 846, 847]","[348, 378, 381, 383, 385, 803, 828, 831, 833, 835]",[],"[84, 87, 89, 114, 115, 117, 124, 132, 135, 144, 152, 178, 239, 268, 281, 297, 318, 320, 327, 348, 385, 394, 555, 558, 560, 585, 586, 588, 595, 603, 606, 615, 623, 649, 703, 727, 740, 756, 776, 778, 785, 803, 835, 844]","[555, 558, 560, 318, 585, 586, 320, 588, 595, 84, 87, 89, 603, 606, 615, 623, 114, 115, 117, 124, 132, 135, 649, 144, 152, 178, 703, 727, 740, 239, 756, 776, 778, 268, 785, 281, 794, 795, 796, 797, 798, 799, 800, 801, 802, 803, 804, 805, 806, 807, 808, 809, 810, 811, 812, 813, 814, 815, 816, 817, 818, 819, 820, 821, 822, 823, 824, 825, 826, 827, 828, 829, 830, 831, 832, 833, 834, 835, 836, 837, 838, 839, 840, 841, 842, 843, 844, 845, 846, 847, 327, 338, 339, 340, 341, 342, 343, 344, 345, 346, 347, 348, 349, 350, 351, 352, 353, 354, 355, 356, 357, 358, 359, 360, 361, 362, 363, 364, 365, 366, 367, 368, 369, 370, 371, 372, 373, 374, 375, 376, 377, 378, 379, 380, 381, 382, 383, 384, 385, 386, 387, 388, 389, 390, 391, 392, 393, 394, 395, 396, 397, 297]",True,"[385, 835]","[338, 339, 340, 341, 342, 343, 344, 345, 346, 347, 348, 349, 350, 351, 352, 353, 354, 355, 356, 357, 358, 359, 360, 361, 362, 363, 364, 365, 366, 367, 368, 369, 370, 371, 372, 373, 374, 375, 376, 377, 378, 379, 380, 381, 382, 383, 384, 385, 386, 387, 388, 389, 390, 391, 392, 393, 394, 395, 396, 397, 794, 795, 796, 797, 798, 799, 800, 801, 802, 803, 804, 805, 806, 807, 808, 809, 810, 811, 812, 813, 814, 815, 816, 817, 818, 819, 820, 821, 822, 823, 824, 825, 826, 827, 828, 829, 830, 831, 832, 833, 834, 835, 836, 837, 838, 839, 840, 841, 842, 843, 844, 845, 846, 847]","[342, 364, 385, 798, 816, 835]",[],"[348, 378, 381, 383, 385, 803, 828, 831, 833, 835]","[84, 87, 89, 114, 115, 117, 124, 132, 135, 144, 152, 178, 239, 268, 281, 297, 318, 320, 327, 348, 385, 394, 555, 558, 560, 585, 586, 588, 595, 603, 606, 615, 623, 649, 703, 727, 740, 756, 776, 778, 785, 803, 835, 844]",[],7/6 successful match,True,[465],True,222,False,,1.0,True,Shoshone Market ( 76 ),
"Round Mountain , 89045 Shoshone Market ( Rebel )",775-377-2632 NV 376 ( 6 mi N of town ),<U+2610> <U+25A1> S <U+25A1> <U+25A1>,Round Mountain,89045,Shoshone Market ( Rebel ),775-377-2632,2008,Round Mountain,NV,,( 6 mi N of town ),NV 376,empty,,False,,False,NV 376,,,,,"[385, 835]","[385, 835]","[342, 364, 385, 798, 816, 835]",[],"[338, 339, 340, 341, 342, 343, 344, 345, 346, 347, 348, 349, 350, 351, 352, 353, 354, 355, 356, 357, 358, 359, 360, 361, 362, 363, 364, 365, 366, 367, 368, 369, 370, 371, 372, 373, 374, 375, 376, 377, 378, 379, 380, 381, 382, 383, 384, 385, 386, 387, 388, 389, 390, 391, 392, 393, 394, 395, 396, 397, 794, 795, 796, 797, 798, 799, 800, 801, 802, 803, 804, 805, 806, 807, 808, 809, 810, 811, 812, 813, 814, 815, 816, 817, 818, 819, 820, 821, 822, 823, 824, 825, 826, 827, 828, 829, 830, 831, 832, 833, 834, 835, 836, 837, 838, 839, 840, 841, 842, 843, 844, 845, 846, 847]","[348, 378, 381, 383, 385, 803, 828, 831, 833, 835]",[],"[381, 382, 385, 831, 832, 835]","[794, 795, 796, 797, 798, 799, 800, 801, 802, 803, 804, 805, 806, 807, 808, 809, 810, 811, 812, 813, 814, 815, 816, 817, 818, 819, 820, 821, 822, 823, 824, 825, 826, 827, 828, 829, 830, 831, 832, 833, 834, 835, 836, 837, 838, 839, 840, 841, 842, 843, 844, 845, 846, 847, 338, 339, 340, 341, 342, 343, 344, 345, 346, 347, 348, 349, 350, 351, 352, 353, 354, 355, 356, 357, 358, 359, 360, 361, 362, 363, 364, 365, 366, 367, 368, 369, 370, 371, 372, 373, 374, 375, 376, 377, 378, 379, 380, 381, 382, 383, 384, 385, 386, 387, 388, 389, 390, 391, 392, 393, 394, 395, 396, 397]",True,"[385, 835]","[338, 339, 340, 341, 342, 343, 344, 345, 346, 347, 348, 349, 350, 351, 352, 353, 354, 355, 356, 357, 358, 359, 360, 361, 362, 363, 364, 365, 366, 367, 368, 369, 370, 371, 372, 373, 374, 375, 376, 377, 378, 379, 380, 381, 382, 383, 384, 385, 386, 387, 388, 389, 390, 391, 392, 393, 394, 395, 396, 397, 794, 795, 796, 797, 798, 799, 800, 801, 802, 803, 804, 805, 806, 807, 808, 809, 810, 811, 812, 813, 814, 815, 816, 817, 818, 819, 820, 821, 822, 823, 824, 825, 826, 827, 828, 829, 830, 831, 832, 833, 834, 835, 836, 837, 838, 839, 840, 841, 842, 843, 844, 845, 846, 847]","[342, 364, 385, 798, 816, 835]",[],"[348, 378, 381, 383, 385, 803, 828, 831, 833, 835]","[381, 382, 385, 831, 832, 835]",[],7/6 successful match,True,[465],True,222,False,,0.9553191489361702,True,Shoshone Market ( 76 ),
F Round Mountain ( 89045 ) Shoshone Market ( Rebel ),775-377-2632 NV 376 ( 6 mi N of town ),S <U+25A1>,Round Mountain,89045,Shoshone Market ( Rebel ),775-377-2632,2014,Round Mountain,NV,,( 6 mi N of town ),NV 376,empty,,False,,False,NV 376,,,,,"[385, 835]","[385, 835]","[342, 364, 385, 798, 816, 835]",[],"[338, 339, 340, 341, 342, 343, 344, 345, 346, 347, 348, 349, 350, 351, 352, 353, 354, 355, 356, 357, 358, 359, 360, 361, 362, 363, 364, 365, 366, 367, 368, 369, 370, 371, 372, 373, 374, 375, 376, 377, 378, 379, 380, 381, 382, 383, 384, 385, 386, 387, 388, 389, 390, 391, 392, 393, 394, 395, 396, 397, 794, 795, 796, 797, 798, 799, 800, 801, 802, 803, 804, 805, 806, 807, 808, 809, 810, 811, 812, 813, 814, 815, 816, 817, 818, 819, 820, 821, 822, 823, 824, 825, 826, 827, 828, 829, 830, 831, 832, 833, 834, 835, 836, 837, 838, 839, 840, 841, 842, 843, 844, 845, 846, 847]","[348, 378, 381, 383, 385, 803, 828, 831, 833, 835]",[],"[381, 382, 385, 831, 832, 835]","[794, 795, 796, 797, 798, 799, 800, 801, 802, 803, 804, 805, 806, 807, 808, 809, 810, 811, 812, 813, 814, 815, 816, 817, 818, 819, 820, 821, 822, 823, 824, 825, 826, 827, 828, 829, 830, 831, 832, 833, 834, 835, 836, 837, 838, 839, 840, 841, 842, 843, 844, 845, 846, 847, 338, 339, 340, 341, 342, 343, 344, 345, 346, 347, 348, 349, 350, 351, 352, 353, 354, 355, 356, 357, 358, 359, 360, 361, 362, 363, 364, 365, 366, 367, 368, 369, 370, 371, 372, 373, 374, 375, 376, 377, 378, 379, 380, 381, 382, 383, 384, 385, 386, 387, 388, 389, 390, 391, 392, 393, 394, 395, 396, 397]",True,"[385, 835]","[338, 339, 340, 341, 342, 343, 344, 345, 346, 347, 348, 349, 350, 351, 352, 353, 354, 355, 356, 357, 358, 359, 360, 361, 362, 363, 364, 365, 366, 367, 368, 369, 370, 371, 372, 373, 374, 375, 376, 377, 378, 379, 380, 381, 382, 383, 384, 385, 386, 387, 388, 389, 390, 391, 392, 393, 394, 395, 396, 397, 794, 795, 796, 797, 798, 799, 800, 801, 802, 803, 804, 805, 806, 807, 808, 809, 810, 811, 812, 813, 814, 815, 816, 817, 818, 819, 820, 821, 822, 823, 824, 825, 826, 827, 828, 829, 830, 831, 832, 833, 834, 835, 836, 837, 838, 839, 840, 841, 842, 843, 844, 845, 846, 847]","[342, 364, 385, 798, 816, 835]",[],"[348, 378, 381, 383, 385, 803, 828, 831, 833, 835]","[381, 382, 385, 831, 832, 835]",[],7/6 successful match,True,[465],True,222,False,,1.0,True,Shoshone Market ( Rebel ),
F Round Mountain ( 89045 ) Shoshone Market ( Rebel ),775-377-2632 NV 376 ( 6 mi N of town ),<U+2610> S <U+2610> <U+2610><U+2610><U+2610>,Round Mountain,89045,Shoshone Market ( Rebel ),775-377-2632,2015,Round Mountain,NV,,( 6 mi N of town ),NV 376,empty,,False,,False,NV 376,,,,,"[385, 835]","[385, 835]","[342, 364, 385, 798, 816, 835]",[],"[338, 339, 340, 341, 342, 343, 344, 345, 346, 347, 348, 349, 350, 351, 352, 353, 354, 355, 356, 357, 358, 359, 360, 361, 362, 363, 364, 365, 366, 367, 368, 369, 370, 371, 372, 373, 374, 375, 376, 377, 378, 379, 380, 381, 382, 383, 384, 385, 386, 387, 388, 389, 390, 391, 392, 393, 394, 395, 396, 397, 794, 795, 796, 797, 798, 799, 800, 801, 802, 803, 804, 805, 806, 807, 808, 809, 810, 811, 812, 813, 814, 815, 816, 817, 818, 819, 820, 821, 822, 823, 824, 825, 826, 827, 828, 829, 830, 831, 832, 833, 834, 835, 836, 837, 838, 839, 840, 841, 842, 843, 844, 845, 846, 847]","[348, 378, 381, 383, 385, 803, 828, 831, 833, 835]",[],"[381, 382, 385, 831, 832, 835]","[794, 795, 796, 797, 798, 799, 800, 801, 802, 803, 804, 805, 806, 807, 808, 809, 810, 811, 812, 813, 814, 815, 816, 817, 818, 819, 820, 821, 822, 823, 824, 825, 826, 827, 828, 829, 830, 831, 832, 833, 834, 835, 836, 837, 838, 839, 840, 841, 842, 843, 844, 845, 846, 847, 338, 339, 340, 341, 342, 343, 344, 345, 346, 347, 348, 349, 350, 351, 352, 353, 354, 355, 356, 357, 358, 359, 360, 361, 362, 363, 364, 365, 366, 367, 368, 369, 370, 371, 372, 373, 374, 375, 376, 377, 378, 379, 380, 381, 382, 383, 384, 385, 386, 387, 388, 389, 390, 391, 392, 393, 394, 395, 396, 397]",True,"[385, 835]","[338, 339, 340, 341, 342, 343, 344, 345, 346, 347, 348, 349, 350, 351, 352, 353, 354, 355, 356, 357, 358, 359, 360, 361, 362, 363, 364, 365, 366, 367, 368, 369, 370, 371, 372, 373, 374, 375, 376, 377, 378, 379, 380, 381, 382, 383, 384, 385, 386, 387, 388, 389, 390, 391, 392, 393, 394, 395, 396, 397, 794, 795, 796, 797, 798, 799, 800, 801, 802, 803, 804, 805, 806, 807, 808, 809, 810, 811, 812, 813, 814, 815, 816, 817, 818, 819, 820, 821, 822, 823, 824, 825, 826, 827, 828, 829, 830, 831, 832, 833, 834, 835, 836, 837, 838, 839, 840, 841, 842, 843, 844, 845, 846, 847]","[342, 364, 385, 798, 816, 835]",[],"[348, 378, 381, 383, 385, 803, 828, 831, 833, 835]","[381, 382, 385, 831, 832, 835]",[],7/6 successful match,True,[465],True,222,False,,1.0,True,Shoshone Market ( Rebel ),
F Round Mountain ( 89045 ) Shoshone Market,4 775-377-2632 NV 376 ( 6 mi N of town ),S <U+2610>,Round Mountain,89045,Shoshone Market,775-377-2632,2016,Round Mountain,NV,,( 6 mi N of town ),NV 376,empty,,False,,False,NV 376,,,,,"[385, 835]","[385, 835]","[342, 364, 385, 798, 816, 835]",[],"[338, 339, 340, 341, 342, 343, 344, 345, 346, 347, 348, 349, 350, 351, 352, 353, 354, 355, 356, 357, 358, 359, 360, 361, 362, 363, 364, 365, 366, 367, 368, 369, 370, 371, 372, 373, 374, 375, 376, 377, 378, 379, 380, 381, 382, 383, 384, 385, 386, 387, 388, 389, 390, 391, 392, 393, 394, 395, 396, 397, 794, 795, 796, 797, 798, 799, 800, 801, 802, 803, 804, 805, 806, 807, 808, 809, 810, 811, 812, 813, 814, 815, 816, 817, 818, 819, 820, 821, 822, 823, 824, 825, 826, 827, 828, 829, 830, 831, 832, 833, 834, 835, 836, 837, 838, 839, 840, 841, 842, 843, 844, 845, 846, 847]","[348, 378, 381, 383, 385, 803, 828, 831, 833, 835]",[],"[385, 835]","[794, 795, 796, 797, 798, 799, 800, 801, 802, 803, 804, 805, 806, 807, 808, 809, 810, 811, 812, 813, 814, 815, 816, 817, 818, 819, 820, 821, 822, 823, 824, 825, 826, 827, 828, 829, 830, 831, 832, 833, 834, 835, 836, 837, 838, 839, 840, 841, 842, 843, 844, 845, 846, 847, 338, 339, 340, 341, 342, 343, 344, 345, 346, 347, 348, 349, 350, 351, 352, 353, 354, 355, 356, 357, 358, 359, 360, 361, 362, 363, 364, 365, 366, 367, 368, 369, 370, 371, 372, 373, 374, 375, 376, 377, 378, 379, 380, 381, 382, 383, 384, 385, 386, 387, 388, 389, 390, 391, 392, 393, 394, 395, 396, 397]",True,"[385, 835]","[338, 339, 340, 341, 342, 343, 344, 345, 346, 347, 348, 349, 350, 351, 352, 353, 354, 355, 356, 357, 358, 359, 360, 361, 362, 363, 364, 365, 366, 367, 368, 369, 370, 371, 372, 373, 374, 375, 376, 377, 378, 379, 380, 381, 382, 383, 384, 385, 386, 387, 388, 389, 390, 391, 392, 393, 394, 395, 396, 397, 794, 795, 796, 797, 798, 799, 800, 801, 802, 803, 804, 805, 806, 807, 808, 809, 810, 811, 812, 813, 814, 815, 816, 817, 818, 819, 820, 821, 822, 823, 824, 825, 826, 827, 828, 829, 830, 831, 832, 833, 834, 835, 836, 837, 838, 839, 840, 841, 842, 843, 844, 845, 846, 847]","[342, 364, 385, 798, 816, 835]",[],"[348, 378, 381, 383, 385, 803, 828, 831, 833, 835]","[385, 835]",[],7/6 successful match,True,[465],True,222,False,,0.9916666666666667,True,Shoshone Market ( Rebel ),
"Searchlight , 89046 Terrible Herbst # 243 ( Chevron )",702-297-1080 670 US 95,24 <U+25A1>,Searchlight,89046,Terrible Herbst # 243 ( Chevron ),702-297-1080,2006,Searchlight,NV,Chevron,,670 US 95,Proper,,False,,False,US 95,,,,,"[384, 834]","[384, 834]","[384, 834]",[],"[338, 339, 340, 341, 342, 343, 344, 345, 346, 347, 348, 349, 350, 351, 352, 353, 354, 355, 356, 357, 358, 359, 360, 361, 362, 363, 364, 365, 366, 367, 368, 369, 370, 371, 372, 373, 374, 375, 376, 377, 378, 379, 380, 381, 382, 383, 384, 385, 386, 387, 388, 389, 390, 391, 392, 393, 394, 395, 396, 397, 794, 795, 796, 797, 798, 799, 800, 801, 802, 803, 804, 805, 806, 807, 808, 809, 810, 811, 812, 813, 814, 815, 816, 817, 818, 819, 820, 821, 822, 823, 824, 825, 826, 827, 828, 829, 830, 831, 832, 833, 834, 835, 836, 837, 838, 839, 840, 841, 842, 843, 844, 845, 846, 847]","[8, 43, 71, 84, 86, 339, 348, 354, 360, 369, 382, 383, 384, 389, 390, 523, 546, 555, 557, 795, 803, 809, 819, 832, 833, 834, 839, 840]","[12, 24, 25, 28, 88, 100, 104, 119, 123, 129, 136, 137, 139, 140, 141, 148, 155, 169, 172, 179, 183, 185, 188, 196, 198, 217, 237, 267, 270, 278, 319, 321, 324, 325, 330, 334, 335, 354, 366, 369, 380, 383, 384, 386, 395, 407, 411, 423, 428, 436, 437, 452, 453, 456, 467, 471, 477, 478, 479, 497, 508, 511, 559, 571, 575, 590, 594, 600, 607, 608, 610, 611, 612, 619, 627, 640, 643, 650, 654, 656, 659, 667, 669, 685, 701, 726, 729, 737, 777, 779, 782, 783, 787, 790, 791, 809, 817, 819, 830, 833, 834, 836, 845, 856, 857, 860, 862, 875, 880, 887, 888, 899, 900, 914, 918, 921, 928, 929, 930]","[12, 24, 25, 28, 88, 100, 104, 119, 123, 129, 136, 137, 139, 140, 141, 148, 155, 169, 172, 179, 183, 185, 188, 196, 198, 217, 237, 267, 270, 278, 319, 321, 324, 325, 330, 334, 335, 354, 366, 369, 380, 383, 384, 386, 388, 395, 407, 411, 423, 428, 436, 437, 452, 453, 456, 467, 471, 477, 478, 479, 497, 508, 511, 559, 571, 575, 590, 594, 600, 607, 608, 610, 611, 612, 619, 627, 640, 643, 650, 654, 656, 659, 667, 669, 685, 701, 726, 729, 737, 777, 779, 782, 783, 787, 790, 791, 809, 817, 819, 830, 833, 834, 836, 838, 845, 856, 857, 860, 862, 875, 880, 887, 888, 899, 900, 914, 918, 921, 928, 929, 930]","[875, 8, 523, 12, 24, 25, 28, 546, 43, 555, 557, 559, 571, 575, 319, 71, 590, 321, 594, 84, 86, 88, 600, 888, 324, 607, 608, 610, 611, 100, 325, 612, 104, 619, 627, 119, 123, 880, 640, 129, 643, 136, 137, 650, 139, 140, 141, 654, 656, 659, 148, 335, 155, 667, 669, 169, 172, 685, 179, 183, 185, 188, 701, 196, 198, 856, 726, 857, 217, 729, 737, 860, 237, 862, 777, 267, 779, 270, 782, 783, 787, 278, 790, 791, 794, 795, 796, 797, 798, 799, 800, 801, 802, 803, 804, 805, 806, 807, 808, 809, 810, 811, 812, 813, 814, 815, 816, 817, 818, 819, 820, 821, 822, 823, 824, 825, 826, 827, 828, 829, 830, 831, 832, 833, 834, 835, 836, 837, 838, 839, 840, 841, 842, 843, 844, 845, 846, 847, 330, 334, 338, 339, 340, 341, 342, 343, 344, 345, 346, 347, 348, 349, 350, 351, 352, 353, 354, 355, 356, 357, 358, 359, 360, 361, 362, 363, 364, 365, 366, 367, 368, 369, 370, 371, 372, 373, 374, 375, 376, 377, 378, 379, 380, 381, 382, 383, 384, 385, 386, 387, 388, 389, 390, 391, 392, 393, 394, 395, 396, 397, 914, 918, 407, 921, 411, 928, 929, 930, 423, 428, 899, 900, 436, 437, 452, 453, 456, 467, 471, 477, 478, 479, 887, 497, 508, 511]",True,"[384, 834]","[338, 339, 340, 341, 342, 343, 344, 345, 346, 347, 348, 349, 350, 351, 352, 353, 354, 355, 356, 357, 358, 359, 360, 361, 362, 363, 364, 365, 366, 367, 368, 369, 370, 371, 372, 373, 374, 375, 376, 377, 378, 379, 380, 381, 382, 383, 384, 385, 386, 387, 388, 389, 390, 391, 392, 393, 394, 395, 396, 397, 794, 795, 796, 797, 798, 799, 800, 801, 802, 803, 804, 805, 806, 807, 808, 809, 810, 811, 812, 813, 814, 815, 816, 817, 818, 819, 820, 821, 822, 823, 824, 825, 826, 827, 828, 829, 830, 831, 832, 833, 834, 835, 836, 837, 838, 839, 840, 841, 842, 843, 844, 845, 846, 847]","[384, 834]",[],"[8, 43, 71, 84, 86, 339, 348, 354, 360, 369, 382, 383, 384, 389, 390, 523, 546, 555, 557, 795, 803, 809, 819, 832, 833, 834, 839, 840]","[12, 24, 25, 28, 88, 100, 104, 119, 123, 129, 136, 137, 139, 140, 141, 148, 155, 169, 172, 179, 183, 185, 188, 196, 198, 217, 237, 267, 270, 278, 319, 321, 324, 325, 330, 334, 335, 354, 366, 369, 380, 383, 384, 386, 388, 395, 407, 411, 423, 428, 436, 437, 452, 453, 456, 467, 471, 477, 478, 479, 497, 508, 511, 559, 571, 575, 590, 594, 600, 607, 608, 610, 611, 612, 619, 627, 640, 643, 650, 654, 656, 659, 667, 669, 685, 701, 726, 729, 737, 777, 779, 782, 783, 787, 790, 791, 809, 817, 819, 830, 833, 834, 836, 838, 845, 856, 857, 860, 862, 875, 880, 887, 888, 899, 900, 914, 918, 921, 928, 929, 930]","[12, 24, 25, 28, 88, 100, 104, 119, 123, 129, 136, 137, 139, 140, 141, 148, 155, 169, 172, 179, 183, 185, 188, 196, 198, 217, 237, 267, 270, 278, 319, 321, 324, 325, 330, 334, 335, 354, 366, 369, 380, 383, 384, 386, 395, 407, 411, 423, 428, 436, 437, 452, 453, 456, 467, 471, 477, 478, 479, 497, 508, 511, 559, 571, 575, 590, 594, 600, 607, 608, 610, 611, 612, 619, 627, 640, 643, 650, 654, 656, 659, 667, 669, 685, 701, 726, 729, 737, 777, 779, 782, 783, 787, 790, 791, 809, 817, 819, 830, 833, 834, 836, 845, 856, 857, 860, 862, 875, 880, 887, 888, 899, 900, 914, 918, 921, 928, 929, 930]",7/6 successful match,True,[165],True,223,False,,,,,
"Searchlight , 89046 Terrible Herbst # 243 ( Chevron )",702-297-1080 670 US 95,24,Searchlight,89046,Terrible Herbst # 243 ( Chevron ),702-297-1080,2007,Searchlight,NV,Chevron,,670 US 95,Proper,,False,,False,US 95,,,,,"[384, 834]","[384, 834]","[384, 834]",[],"[338, 339, 340, 341, 342, 343, 344, 345, 346, 347, 348, 349, 350, 351, 352, 353, 354, 355, 356, 357, 358, 359, 360, 361, 362, 363, 364, 365, 366, 367, 368, 369, 370, 371, 372, 373, 374, 375, 376, 377, 378, 379, 380, 381, 382, 383, 384, 385, 386, 387, 388, 389, 390, 391, 392, 393, 394, 395, 396, 397, 794, 795, 796, 797, 798, 799, 800, 801, 802, 803, 804, 805, 806, 807, 808, 809, 810, 811, 812, 813, 814, 815, 816, 817, 818, 819, 820, 821, 822, 823, 824, 825, 826, 827, 828, 829, 830, 831, 832, 833, 834, 835, 836, 837, 838, 839, 840, 841, 842, 843, 844, 845, 846, 847]","[8, 43, 71, 84, 86, 339, 348, 354, 360, 369, 382, 383, 384, 389, 390, 523, 546, 555, 557, 795, 803, 809, 819, 832, 833, 834, 839, 840]","[12, 24, 25, 28, 88, 100, 104, 119, 123, 129, 136, 137, 139, 140, 141, 148, 155, 169, 172, 179, 183, 185, 188, 196, 198, 217, 237, 267, 270, 278, 319, 321, 324, 325, 330, 334, 335, 354, 366, 369, 380, 383, 384, 386, 395, 407, 411, 423, 428, 436, 437, 452, 453, 456, 467, 471, 477, 478, 479, 497, 508, 511, 559, 571, 575, 590, 594, 600, 607, 608, 610, 611, 612, 619, 627, 640, 643, 650, 654, 656, 659, 667, 669, 685, 701, 726, 729, 737, 777, 779, 782, 783, 787, 790, 791, 809, 817, 819, 830, 833, 834, 836, 845, 856, 857, 860, 862, 875, 880, 887, 888, 899, 900, 914, 918, 921, 928, 929, 930]","[12, 24, 25, 28, 88, 100, 104, 119, 123, 129, 136, 137, 139, 140, 141, 148, 155, 169, 172, 179, 183, 185, 188, 196, 198, 217, 237, 267, 270, 278, 319, 321, 324, 325, 330, 334, 335, 354, 366, 369, 380, 383, 384, 386, 388, 395, 407, 411, 423, 428, 436, 437, 452, 453, 456, 467, 471, 477, 478, 479, 497, 508, 511, 559, 571, 575, 590, 594, 600, 607, 608, 610, 611, 612, 619, 627, 640, 643, 650, 654, 656, 659, 667, 669, 685, 701, 726, 729, 737, 777, 779, 782, 783, 787, 790, 791, 809, 817, 819, 830, 833, 834, 836, 838, 845, 856, 857, 860, 862, 875, 880, 887, 888, 899, 900, 914, 918, 921, 928, 929, 930]","[875, 8, 523, 12, 24, 25, 28, 546, 43, 555, 557, 559, 571, 575, 319, 71, 590, 321, 594, 84, 86, 88, 600, 888, 324, 607, 608, 610, 611, 100, 325, 612, 104, 619, 627, 119, 123, 880, 640, 129, 643, 136, 137, 650, 139, 140, 141, 654, 656, 659, 148, 335, 155, 667, 669, 169, 172, 685, 179, 183, 185, 188, 701, 196, 198, 856, 726, 857, 217, 729, 737, 860, 237, 862, 777, 267, 779, 270, 782, 783, 787, 278, 790, 791, 794, 795, 796, 797, 798, 799, 800, 801, 802, 803, 804, 805, 806, 807, 808, 809, 810, 811, 812, 813, 814, 815, 816, 817, 818, 819, 820, 821, 822, 823, 824, 825, 826, 827, 828, 829, 830, 831, 832, 833, 834, 835, 836, 837, 838, 839, 840, 841, 842, 843, 844, 845, 846, 847, 330, 334, 338, 339, 340, 341, 342, 343, 344, 345, 346, 347, 348, 349, 350, 351, 352, 353, 354, 355, 356, 357, 358, 359, 360, 361, 362, 363, 364, 365, 366, 367, 368, 369, 370, 371, 372, 373, 374, 375, 376, 377, 378, 379, 380, 381, 382, 383, 384, 385, 386, 387, 388, 389, 390, 391, 392, 393, 394, 395, 396, 397, 914, 918, 407, 921, 411, 928, 929, 930, 423, 428, 899, 900, 436, 437, 452, 453, 456, 467, 471, 477, 478, 479, 887, 497, 508, 511]",True,"[384, 834]","[338, 339, 340, 341, 342, 343, 344, 345, 346, 347, 348, 349, 350, 351, 352, 353, 354, 355, 356, 357, 358, 359, 360, 361, 362, 363, 364, 365, 366, 367, 368, 369, 370, 371, 372, 373, 374, 375, 376, 377, 378, 379, 380, 381, 382, 383, 384, 385, 386, 387, 388, 389, 390, 391, 392, 393, 394, 395, 396, 397, 794, 795, 796, 797, 798, 799, 800, 801, 802, 803, 804, 805, 806, 807, 808, 809, 810, 811, 812, 813, 814, 815, 816, 817, 818, 819, 820, 821, 822, 823, 824, 825, 826, 827, 828, 829, 830, 831, 832, 833, 834, 835, 836, 837, 838, 839, 840, 841, 842, 843, 844, 845, 846, 847]","[384, 834]",[],"[8, 43, 71, 84, 86, 339, 348, 354, 360, 369, 382, 383, 384, 389, 390, 523, 546, 555, 557, 795, 803, 809, 819, 832, 833, 834, 839, 840]","[12, 24, 25, 28, 88, 100, 104, 119, 123, 129, 136, 137, 139, 140, 141, 148, 155, 169, 172, 179, 183, 185, 188, 196, 198, 217, 237, 267, 270, 278, 319, 321, 324, 325, 330, 334, 335, 354, 366, 369, 380, 383, 384, 386, 388, 395, 407, 411, 423, 428, 436, 437, 452, 453, 456, 467, 471, 477, 478, 479, 497, 508, 511, 559, 571, 575, 590, 594, 600, 607, 608, 610, 611, 612, 619, 627, 640, 643, 650, 654, 656, 659, 667, 669, 685, 701, 726, 729, 737, 777, 779, 782, 783, 787, 790, 791, 809, 817, 819, 830, 833, 834, 836, 838, 845, 856, 857, 860, 862, 875, 880, 887, 888, 899, 900, 914, 918, 921, 928, 929, 930]","[12, 24, 25, 28, 88, 100, 104, 119, 123, 129, 136, 137, 139, 140, 141, 148, 155, 169, 172, 179, 183, 185, 188, 196, 198, 217, 237, 267, 270, 278, 319, 321, 324, 325, 330, 334, 335, 354, 366, 369, 380, 383, 384, 386, 395, 407, 411, 423, 428, 436, 437, 452, 453, 456, 467, 471, 477, 478, 479, 497, 508, 511, 559, 571, 575, 590, 594, 600, 607, 608, 610, 611, 612, 619, 627, 640, 643, 650, 654, 656, 659, 667, 669, 685, 701, 726, 729, 737, 777, 779, 782, 783, 787, 790, 791, 809, 817, 819, 830, 833, 834, 836, 845, 856, 857, 860, 862, 875, 880, 887, 888, 899, 900, 914, 918, 921, 928, 929, 930]",7/6 successful match,True,[165],True,223,False,,1.0,True,Terrible Herbst # 243 ( Chevron ),Chevron
"Searchlight , 89046 Terrible Herbst # 243 ( Chevron Dam )",6 702-297-1080 670 US 95 ),FRS 24 DOMO <U+2610><U+2610>,Searchlight,89046,Terrible Herbst # 243 ( Chevron Dam ),702-297-1080,2008,Searchlight,NV,Chevron,,670 US 95 ,Proper,,False,,False,US 95,,,,,"[384, 834]","[384, 834]","[384, 834]",[],"[338, 339, 340, 341, 342, 343, 344, 345, 346, 347, 348, 349, 350, 351, 352, 353, 354, 355, 356, 357, 358, 359, 360, 361, 362, 363, 364, 365, 366, 367, 368, 369, 370, 371, 372, 373, 374, 375, 376, 377, 378, 379, 380, 381, 382, 383, 384, 385, 386, 387, 388, 389, 390, 391, 392, 393, 394, 395, 396, 397, 794, 795, 796, 797, 798, 799, 800, 801, 802, 803, 804, 805, 806, 807, 808, 809, 810, 811, 812, 813, 814, 815, 816, 817, 818, 819, 820, 821, 822, 823, 824, 825, 826, 827, 828, 829, 830, 831, 832, 833, 834, 835, 836, 837, 838, 839, 840, 841, 842, 843, 844, 845, 846, 847]","[8, 43, 71, 84, 86, 339, 348, 354, 360, 369, 382, 383, 384, 389, 390, 523, 546, 555, 557, 795, 803, 809, 819, 832, 833, 834, 839, 840]","[12, 24, 25, 28, 88, 100, 104, 119, 123, 129, 136, 137, 139, 140, 141, 148, 155, 169, 172, 179, 183, 185, 188, 196, 198, 217, 237, 267, 270, 278, 319, 321, 324, 325, 330, 334, 335, 354, 366, 369, 380, 383, 384, 386, 395, 407, 411, 423, 428, 436, 437, 452, 453, 456, 467, 471, 477, 478, 479, 497, 508, 511, 559, 571, 575, 590, 594, 600, 607, 608, 610, 611, 612, 619, 627, 640, 643, 650, 654, 656, 659, 667, 669, 685, 701, 726, 729, 737, 777, 779, 782, 783, 787, 790, 791, 809, 817, 819, 830, 833, 834, 836, 845, 856, 857, 860, 862, 875, 880, 887, 888, 899, 900, 914, 918, 921, 928, 929, 930]","[12, 24, 25, 28, 88, 100, 104, 119, 123, 129, 136, 137, 139, 140, 141, 148, 155, 169, 172, 179, 183, 185, 188, 196, 198, 217, 237, 267, 270, 278, 319, 321, 324, 325, 330, 334, 335, 354, 366, 369, 380, 383, 384, 386, 388, 395, 407, 411, 423, 428, 436, 437, 452, 453, 456, 467, 471, 477, 478, 479, 497, 508, 511, 559, 571, 575, 590, 594, 600, 607, 608, 610, 611, 612, 619, 627, 640, 643, 650, 654, 656, 659, 667, 669, 685, 701, 726, 729, 737, 777, 779, 782, 783, 787, 790, 791, 809, 817, 819, 830, 833, 834, 836, 838, 845, 856, 857, 860, 862, 875, 880, 887, 888, 899, 900, 914, 918, 921, 928, 929, 930]","[875, 8, 523, 12, 24, 25, 28, 546, 43, 555, 557, 559, 571, 575, 319, 71, 590, 321, 594, 84, 86, 88, 600, 888, 324, 607, 608, 610, 611, 100, 325, 612, 104, 619, 627, 119, 123, 880, 640, 129, 643, 136, 137, 650, 139, 140, 141, 654, 656, 659, 148, 335, 155, 667, 669, 169, 172, 685, 179, 183, 185, 188, 701, 196, 198, 856, 726, 857, 217, 729, 737, 860, 237, 862, 777, 267, 779, 270, 782, 783, 787, 278, 790, 791, 794, 795, 796, 797, 798, 799, 800, 801, 802, 803, 804, 805, 806, 807, 808, 809, 810, 811, 812, 813, 814, 815, 816, 817, 818, 819, 820, 821, 822, 823, 824, 825, 826, 827, 828, 829, 830, 831, 832, 833, 834, 835, 836, 837, 838, 839, 840, 841, 842, 843, 844, 845, 846, 847, 330, 334, 338, 339, 340, 341, 342, 343, 344, 345, 346, 347, 348, 349, 350, 351, 352, 353, 354, 355, 356, 357, 358, 359, 360, 361, 362, 363, 364, 365, 366, 367, 368, 369, 370, 371, 372, 373, 374, 375, 376, 377, 378, 379, 380, 381, 382, 383, 384, 385, 386, 387, 388, 389, 390, 391, 392, 393, 394, 395, 396, 397, 914, 918, 407, 921, 411, 928, 929, 930, 423, 428, 899, 900, 436, 437, 452, 453, 456, 467, 471, 477, 478, 479, 887, 497, 508, 511]",True,"[384, 834]","[338, 339, 340, 341, 342, 343, 344, 345, 346, 347, 348, 349, 350, 351, 352, 353, 354, 355, 356, 357, 358, 359, 360, 361, 362, 363, 364, 365, 366, 367, 368, 369, 370, 371, 372, 373, 374, 375, 376, 377, 378, 379, 380, 381, 382, 383, 384, 385, 386, 387, 388, 389, 390, 391, 392, 393, 394, 395, 396, 397, 794, 795, 796, 797, 798, 799, 800, 801, 802, 803, 804, 805, 806, 807, 808, 809, 810, 811, 812, 813, 814, 815, 816, 817, 818, 819, 820, 821, 822, 823, 824, 825, 826, 827, 828, 829, 830, 831, 832, 833, 834, 835, 836, 837, 838, 839, 840, 841, 842, 843, 844, 845, 846, 847]","[384, 834]",[],"[8, 43, 71, 84, 86, 339, 348, 354, 360, 369, 382, 383, 384, 389, 390, 523, 546, 555, 557, 795, 803, 809, 819, 832, 833, 834, 839, 840]","[12, 24, 25, 28, 88, 100, 104, 119, 123, 129, 136, 137, 139, 140, 141, 148, 155, 169, 172, 179, 183, 185, 188, 196, 198, 217, 237, 267, 270, 278, 319, 321, 324, 325, 330, 334, 335, 354, 366, 369, 380, 383, 384, 386, 388, 395, 407, 411, 423, 428, 436, 437, 452, 453, 456, 467, 471, 477, 478, 479, 497, 508, 511, 559, 571, 575, 590, 594, 600, 607, 608, 610, 611, 612, 619, 627, 640, 643, 650, 654, 656, 659, 667, 669, 685, 701, 726, 729, 737, 777, 779, 782, 783, 787, 790, 791, 809, 817, 819, 830, 833, 834, 836, 838, 845, 856, 857, 860, 862, 875, 880, 887, 888, 899, 900, 914, 918, 921, 928, 929, 930]","[12, 24, 25, 28, 88, 100, 104, 119, 123, 129, 136, 137, 139, 140, 141, 148, 155, 169, 172, 179, 183, 185, 188, 196, 198, 217, 237, 267, 270, 278, 319, 321, 324, 325, 330, 334, 335, 354, 366, 369, 380, 383, 384, 386, 395, 407, 411, 423, 428, 436, 437, 452, 453, 456, 467, 471, 477, 478, 479, 497, 508, 511, 559, 571, 575, 590, 594, 600, 607, 608, 610, 611, 612, 619, 627, 640, 643, 650, 654, 656, 659, 667, 669, 685, 701, 726, 729, 737, 777, 779, 782, 783, 787, 790, 791, 809, 817, 819, 830, 833, 834, 836, 845, 856, 857, 860, 862, 875, 880, 887, 888, 899, 900, 914, 918, 921, 928, 929, 930]",7/6 successful match,True,[165],True,223,False,,1.0,True,Terrible Herbst # 243 ( Chevron ),Chevron
Searchlight ( 89046 ) Terrible Herbst # 243 ( Chevron ),6 702-297-1080 670 US 95,MOO,Searchlight,89046,Terrible Herbst # 243 ( Chevron ),702-297-1080,2014,Searchlight,NV,Chevron,,670 US 95,Proper,,False,,False,US 95,,,,,"[384, 834]","[384, 834]","[384, 834]",[],"[338, 339, 340, 341, 342, 343, 344, 345, 346, 347, 348, 349, 350, 351, 352, 353, 354, 355, 356, 357, 358, 359, 360, 361, 362, 363, 364, 365, 366, 367, 368, 369, 370, 371, 372, 373, 374, 375, 376, 377, 378, 379, 380, 381, 382, 383, 384, 385, 386, 387, 388, 389, 390, 391, 392, 393, 394, 395, 396, 397, 794, 795, 796, 797, 798, 799, 800, 801, 802, 803, 804, 805, 806, 807, 808, 809, 810, 811, 812, 813, 814, 815, 816, 817, 818, 819, 820, 821, 822, 823, 824, 825, 826, 827, 828, 829, 830, 831, 832, 833, 834, 835, 836, 837, 838, 839, 840, 841, 842, 843, 844, 845, 846, 847]","[8, 43, 71, 84, 86, 339, 348, 354, 360, 369, 382, 383, 384, 389, 390, 523, 546, 555, 557, 795, 803, 809, 819, 832, 833, 834, 839, 840]","[12, 24, 25, 28, 88, 100, 104, 119, 123, 129, 136, 137, 139, 140, 141, 148, 155, 169, 172, 179, 183, 185, 188, 196, 198, 217, 237, 267, 270, 278, 319, 321, 324, 325, 330, 334, 335, 354, 366, 369, 380, 383, 384, 386, 395, 407, 411, 423, 428, 436, 437, 452, 453, 456, 467, 471, 477, 478, 479, 497, 508, 511, 559, 571, 575, 590, 594, 600, 607, 608, 610, 611, 612, 619, 627, 640, 643, 650, 654, 656, 659, 667, 669, 685, 701, 726, 729, 737, 777, 779, 782, 783, 787, 790, 791, 809, 817, 819, 830, 833, 834, 836, 845, 856, 857, 860, 862, 875, 880, 887, 888, 899, 900, 914, 918, 921, 928, 929, 930]","[12, 24, 25, 28, 88, 100, 104, 119, 123, 129, 136, 137, 139, 140, 141, 148, 155, 169, 172, 179, 183, 185, 188, 196, 198, 217, 237, 267, 270, 278, 319, 321, 324, 325, 330, 334, 335, 354, 366, 369, 380, 383, 384, 386, 388, 395, 407, 411, 423, 428, 436, 437, 452, 453, 456, 467, 471, 477, 478, 479, 497, 508, 511, 559, 571, 575, 590, 594, 600, 607, 608, 610, 611, 612, 619, 627, 640, 643, 650, 654, 656, 659, 667, 669, 685, 701, 726, 729, 737, 777, 779, 782, 783, 787, 790, 791, 809, 817, 819, 830, 833, 834, 836, 838, 845, 856, 857, 860, 862, 875, 880, 887, 888, 899, 900, 914, 918, 921, 928, 929, 930]","[875, 8, 523, 12, 24, 25, 28, 546, 43, 555, 557, 559, 571, 575, 319, 71, 590, 321, 594, 84, 86, 88, 600, 888, 324, 607, 608, 610, 611, 100, 325, 612, 104, 619, 627, 119, 123, 880, 640, 129, 643, 136, 137, 650, 139, 140, 141, 654, 656, 659, 148, 335, 155, 667, 669, 169, 172, 685, 179, 183, 185, 188, 701, 196, 198, 856, 726, 857, 217, 729, 737, 860, 237, 862, 777, 267, 779, 270, 782, 783, 787, 278, 790, 791, 794, 795, 796, 797, 798, 799, 800, 801, 802, 803, 804, 805, 806, 807, 808, 809, 810, 811, 812, 813, 814, 815, 816, 817, 818, 819, 820, 821, 822, 823, 824, 825, 826, 827, 828, 829, 830, 831, 832, 833, 834, 835, 836, 837, 838, 839, 840, 841, 842, 843, 844, 845, 846, 847, 330, 334, 338, 339, 340, 341, 342, 343, 344, 345, 346, 347, 348, 349, 350, 351, 352, 353, 354, 355, 356, 357, 358, 359, 360, 361, 362, 363, 364, 365, 366, 367, 368, 369, 370, 371, 372, 373, 374, 375, 376, 377, 378, 379, 380, 381, 382, 383, 384, 385, 386, 387, 388, 389, 390, 391, 392, 393, 394, 395, 396, 397, 914, 918, 407, 921, 411, 928, 929, 930, 423, 428, 899, 900, 436, 437, 452, 453, 456, 467, 471, 477, 478, 479, 887, 497, 508, 511]",True,"[384, 834]","[338, 339, 340, 341, 342, 343, 344, 345, 346, 347, 348, 349, 350, 351, 352, 353, 354, 355, 356, 357, 358, 359, 360, 361, 362, 363, 364, 365, 366, 367, 368, 369, 370, 371, 372, 373, 374, 375, 376, 377, 378, 379, 380, 381, 382, 383, 384, 385, 386, 387, 388, 389, 390, 391, 392, 393, 394, 395, 396, 397, 794, 795, 796, 797, 798, 799, 800, 801, 802, 803, 804, 805, 806, 807, 808, 809, 810, 811, 812, 813, 814, 815, 816, 817, 818, 819, 820, 821, 822, 823, 824, 825, 826, 827, 828, 829, 830, 831, 832, 833, 834, 835, 836, 837, 838, 839, 840, 841, 842, 843, 844, 845, 846, 847]","[384, 834]",[],"[8, 43, 71, 84, 86, 339, 348, 354, 360, 369, 382, 383, 384, 389, 390, 523, 546, 555, 557, 795, 803, 809, 819, 832, 833, 834, 839, 840]","[12, 24, 25, 28, 88, 100, 104, 119, 123, 129, 136, 137, 139, 140, 141, 148, 155, 169, 172, 179, 183, 185, 188, 196, 198, 217, 237, 267, 270, 278, 319, 321, 324, 325, 330, 334, 335, 354, 366, 369, 380, 383, 384, 386, 388, 395, 407, 411, 423, 428, 436, 437, 452, 453, 456, 467, 471, 477, 478, 479, 497, 508, 511, 559, 571, 575, 590, 594, 600, 607, 608, 610, 611, 612, 619, 627, 640, 643, 650, 654, 656, 659, 667, 669, 685, 701, 726, 729, 737, 777, 779, 782, 783, 787, 790, 791, 809, 817, 819, 830, 833, 834, 836, 838, 845, 856, 857, 860, 862, 875, 880, 887, 888, 899, 900, 914, 918, 921, 928, 929, 930]","[12, 24, 25, 28, 88, 100, 104, 119, 123, 129, 136, 137, 139, 140, 141, 148, 155, 169, 172, 179, 183, 185, 188, 196, 198, 217, 237, 267, 270, 278, 319, 321, 324, 325, 330, 334, 335, 354, 366, 369, 380, 383, 384, 386, 395, 407, 411, 423, 428, 436, 437, 452, 453, 456, 467, 471, 477, 478, 479, 497, 508, 511, 559, 571, 575, 590, 594, 600, 607, 608, 610, 611, 612, 619, 627, 640, 643, 650, 654, 656, 659, 667, 669, 685, 701, 726, 729, 737, 777, 779, 782, 783, 787, 790, 791, 809, 817, 819, 830, 833, 834, 836, 845, 856, 857, 860, 862, 875, 880, 887, 888, 899, 900, 914, 918, 921, 928, 929, 930]",7/6 successful match,True,[165],True,223,False,,1.0,True,Terrible Herbst # 243 ( Chevron Dam ),Chevron
Searchlight ( 89046 ) Terrible Herbst # 243 ( Chevron ),702-297-1080 670 US 95 ACEST,MOO,Searchlight,89046,Terrible Herbst # 243 ( Chevron ),702-297-1080,2015,Searchlight,NV,Chevron,,670 US 95 ACEST,Proper,,False,,False,US 95,,,,,"[384, 834]","[384, 834]","[384, 834]",[],"[338, 339, 340, 341, 342, 343, 344, 345, 346, 347, 348, 349, 350, 351, 352, 353, 354, 355, 356, 357, 358, 359, 360, 361, 362, 363, 364, 365, 366, 367, 368, 369, 370, 371, 372, 373, 374, 375, 376, 377, 378, 379, 380, 381, 382, 383, 384, 385, 386, 387, 388, 389, 390, 391, 392, 393, 394, 395, 396, 397, 794, 795, 796, 797, 798, 799, 800, 801, 802, 803, 804, 805, 806, 807, 808, 809, 810, 811, 812, 813, 814, 815, 816, 817, 818, 819, 820, 821, 822, 823, 824, 825, 826, 827, 828, 829, 830, 831, 832, 833, 834, 835, 836, 837, 838, 839, 840, 841, 842, 843, 844, 845, 846, 847]","[8, 43, 71, 84, 86, 339, 348, 354, 360, 369, 382, 383, 384, 389, 390, 523, 546, 555, 557, 795, 803, 809, 819, 832, 833, 834, 839, 840]","[12, 24, 25, 28, 88, 100, 104, 119, 123, 129, 136, 137, 139, 140, 141, 148, 155, 169, 172, 179, 183, 185, 188, 196, 198, 217, 237, 267, 270, 278, 319, 321, 324, 325, 330, 334, 335, 354, 366, 369, 380, 383, 384, 386, 395, 407, 411, 423, 428, 436, 437, 452, 453, 456, 467, 471, 477, 478, 479, 497, 508, 511, 559, 571, 575, 590, 594, 600, 607, 608, 610, 611, 612, 619, 627, 640, 643, 650, 654, 656, 659, 667, 669, 685, 701, 726, 729, 737, 777, 779, 782, 783, 787, 790, 791, 809, 817, 819, 830, 833, 834, 836, 845, 856, 857, 860, 862, 875, 880, 887, 888, 899, 900, 914, 918, 921, 928, 929, 930]","[12, 24, 25, 28, 88, 100, 104, 119, 123, 129, 136, 137, 139, 140, 141, 148, 155, 169, 172, 179, 183, 185, 188, 196, 198, 217, 237, 267, 270, 278, 319, 321, 324, 325, 330, 334, 335, 354, 366, 369, 380, 383, 384, 386, 388, 395, 407, 411, 423, 428, 436, 437, 452, 453, 456, 467, 471, 477, 478, 479, 497, 508, 511, 559, 571, 575, 590, 594, 600, 607, 608, 610, 611, 612, 619, 627, 640, 643, 650, 654, 656, 659, 667, 669, 685, 701, 726, 729, 737, 777, 779, 782, 783, 787, 790, 791, 809, 817, 819, 830, 833, 834, 836, 838, 845, 856, 857, 860, 862, 875, 880, 887, 888, 899, 900, 914, 918, 921, 928, 929, 930]","[875, 8, 523, 12, 24, 25, 28, 546, 43, 555, 557, 559, 571, 575, 319, 71, 590, 321, 594, 84, 86, 88, 600, 888, 324, 607, 608, 610, 611, 100, 325, 612, 104, 619, 627, 119, 123, 880, 640, 129, 643, 136, 137, 650, 139, 140, 141, 654, 656, 659, 148, 335, 155, 667, 669, 169, 172, 685, 179, 183, 185, 188, 701, 196, 198, 856, 726, 857, 217, 729, 737, 860, 237, 862, 777, 267, 779, 270, 782, 783, 787, 278, 790, 791, 794, 795, 796, 797, 798, 799, 800, 801, 802, 803, 804, 805, 806, 807, 808, 809, 810, 811, 812, 813, 814, 815, 816, 817, 818, 819, 820, 821, 822, 823, 824, 825, 826, 827, 828, 829, 830, 831, 832, 833, 834, 835, 836, 837, 838, 839, 840, 841, 842, 843, 844, 845, 846, 847, 330, 334, 338, 339, 340, 341, 342, 343, 344, 345, 346, 347, 348, 349, 350, 351, 352, 353, 354, 355, 356, 357, 358, 359, 360, 361, 362, 363, 364, 365, 366, 367, 368, 369, 370, 371, 372, 373, 374, 375, 376, 377, 378, 379, 380, 381, 382, 383, 384, 385, 386, 387, 388, 389, 390, 391, 392, 393, 394, 395, 396, 397, 914, 918, 407, 921, 411, 928, 929, 930, 423, 428, 899, 900, 436, 437, 452, 453, 456, 467, 471, 477, 478, 479, 887, 497, 508, 511]",True,"[384, 834]","[338, 339, 340, 341, 342, 343, 344, 345, 346, 347, 348, 349, 350, 351, 352, 353, 354, 355, 356, 357, 358, 359, 360, 361, 362, 363, 364, 365, 366, 367, 368, 369, 370, 371, 372, 373, 374, 375, 376, 377, 378, 379, 380, 381, 382, 383, 384, 385, 386, 387, 388, 389, 390, 391, 392, 393, 394, 395, 396, 397, 794, 795, 796, 797, 798, 799, 800, 801, 802, 803, 804, 805, 806, 807, 808, 809, 810, 811, 812, 813, 814, 815, 816, 817, 818, 819, 820, 821, 822, 823, 824, 825, 826, 827, 828, 829, 830, 831, 832, 833, 834, 835, 836, 837, 838, 839, 840, 841, 842, 843, 844, 845, 846, 847]","[384, 834]",[],"[8, 43, 71, 84, 86, 339, 348, 354, 360, 369, 382, 383, 384, 389, 390, 523, 546, 555, 557, 795, 803, 809, 819, 832, 833, 834, 839, 840]","[12, 24, 25, 28, 88, 100, 104, 119, 123, 129, 136, 137, 139, 140, 141, 148, 155, 169, 172, 179, 183, 185, 188, 196, 198, 217, 237, 267, 270, 278, 319, 321, 324, 325, 330, 334, 335, 354, 366, 369, 380, 383, 384, 386, 388, 395, 407, 411, 423, 428, 436, 437, 452, 453, 456, 467, 471, 477, 478, 479, 497, 508, 511, 559, 571, 575, 590, 594, 600, 607, 608, 610, 611, 612, 619, 627, 640, 643, 650, 654, 656, 659, 667, 669, 685, 701, 726, 729, 737, 777, 779, 782, 783, 787, 790, 791, 809, 817, 819, 830, 833, 834, 836, 838, 845, 856, 857, 860, 862, 875, 880, 887, 888, 899, 900, 914, 918, 921, 928, 929, 930]","[12, 24, 25, 28, 88, 100, 104, 119, 123, 129, 136, 137, 139, 140, 141, 148, 155, 169, 172, 179, 183, 185, 188, 196, 198, 217, 237, 267, 270, 278, 319, 321, 324, 325, 330, 334, 335, 354, 366, 369, 380, 383, 384, 386, 395, 407, 411, 423, 428, 436, 437, 452, 453, 456, 467, 471, 477, 478, 479, 497, 508, 511, 559, 571, 575, 590, 594, 600, 607, 608, 610, 611, 612, 619, 627, 640, 643, 650, 654, 656, 659, 667, 669, 685, 701, 726, 729, 737, 777, 779, 782, 783, 787, 790, 791, 809, 817, 819, 830, 833, 834, 836, 845, 856, 857, 860, 862, 875, 880, 887, 888, 899, 900, 914, 918, 921, 928, 929, 930]",7/6 successful match,True,[165],True,223,False,,1.0,True,Terrible Herbst # 243 ( Chevron ),Chevron
Searchlight ( 89046 ) Terrible Herbst # 243 ( Chevron ),6 702-297-1080 670 US 95,24 MOO,Searchlight,89046,Terrible Herbst # 243 ( Chevron ),702-297-1080,2016,Searchlight,NV,Chevron,,670 US 95,Proper,,False,,False,US 95,,,,,"[384, 834]","[384, 834]","[384, 834]",[],"[338, 339, 340, 341, 342, 343, 344, 345, 346, 347, 348, 349, 350, 351, 352, 353, 354, 355, 356, 357, 358, 359, 360, 361, 362, 363, 364, 365, 366, 367, 368, 369, 370, 371, 372, 373, 374, 375, 376, 377, 378, 379, 380, 381, 382, 383, 384, 385, 386, 387, 388, 389, 390, 391, 392, 393, 394, 395, 396, 397, 794, 795, 796, 797, 798, 799, 800, 801, 802, 803, 804, 805, 806, 807, 808, 809, 810, 811, 812, 813, 814, 815, 816, 817, 818, 819, 820, 821, 822, 823, 824, 825, 826, 827, 828, 829, 830, 831, 832, 833, 834, 835, 836, 837, 838, 839, 840, 841, 842, 843, 844, 845, 846, 847]","[8, 43, 71, 84, 86, 339, 348, 354, 360, 369, 382, 383, 384, 389, 390, 523, 546, 555, 557, 795, 803, 809, 819, 832, 833, 834, 839, 840]","[12, 24, 25, 28, 88, 100, 104, 119, 123, 129, 136, 137, 139, 140, 141, 148, 155, 169, 172, 179, 183, 185, 188, 196, 198, 217, 237, 267, 270, 278, 319, 321, 324, 325, 330, 334, 335, 354, 366, 369, 380, 383, 384, 386, 395, 407, 411, 423, 428, 436, 437, 452, 453, 456, 467, 471, 477, 478, 479, 497, 508, 511, 559, 571, 575, 590, 594, 600, 607, 608, 610, 611, 612, 619, 627, 640, 643, 650, 654, 656, 659, 667, 669, 685, 701, 726, 729, 737, 777, 779, 782, 783, 787, 790, 791, 809, 817, 819, 830, 833, 834, 836, 845, 856, 857, 860, 862, 875, 880, 887, 888, 899, 900, 914, 918, 921, 928, 929, 930]","[12, 24, 25, 28, 88, 100, 104, 119, 123, 129, 136, 137, 139, 140, 141, 148, 155, 169, 172, 179, 183, 185, 188, 196, 198, 217, 237, 267, 270, 278, 319, 321, 324, 325, 330, 334, 335, 354, 366, 369, 380, 383, 384, 386, 388, 395, 407, 411, 423, 428, 436, 437, 452, 453, 456, 467, 471, 477, 478, 479, 497, 508, 511, 559, 571, 575, 590, 594, 600, 607, 608, 610, 611, 612, 619, 627, 640, 643, 650, 654, 656, 659, 667, 669, 685, 701, 726, 729, 737, 777, 779, 782, 783, 787, 790, 791, 809, 817, 819, 830, 833, 834, 836, 838, 845, 856, 857, 860, 862, 875, 880, 887, 888, 899, 900, 914, 918, 921, 928, 929, 930]","[875, 8, 523, 12, 24, 25, 28, 546, 43, 555, 557, 559, 571, 575, 319, 71, 590, 321, 594, 84, 86, 88, 600, 888, 324, 607, 608, 610, 611, 100, 325, 612, 104, 619, 627, 119, 123, 880, 640, 129, 643, 136, 137, 650, 139, 140, 141, 654, 656, 659, 148, 335, 155, 667, 669, 169, 172, 685, 179, 183, 185, 188, 701, 196, 198, 856, 726, 857, 217, 729, 737, 860, 237, 862, 777, 267, 779, 270, 782, 783, 787, 278, 790, 791, 794, 795, 796, 797, 798, 799, 800, 801, 802, 803, 804, 805, 806, 807, 808, 809, 810, 811, 812, 813, 814, 815, 816, 817, 818, 819, 820, 821, 822, 823, 824, 825, 826, 827, 828, 829, 830, 831, 832, 833, 834, 835, 836, 837, 838, 839, 840, 841, 842, 843, 844, 845, 846, 847, 330, 334, 338, 339, 340, 341, 342, 343, 344, 345, 346, 347, 348, 349, 350, 351, 352, 353, 354, 355, 356, 357, 358, 359, 360, 361, 362, 363, 364, 365, 366, 367, 368, 369, 370, 371, 372, 373, 374, 375, 376, 377, 378, 379, 380, 381, 382, 383, 384, 385, 386, 387, 388, 389, 390, 391, 392, 393, 394, 395, 396, 397, 914, 918, 407, 921, 411, 928, 929, 930, 423, 428, 899, 900, 436, 437, 452, 453, 456, 467, 471, 477, 478, 479, 887, 497, 508, 511]",True,"[384, 834]","[338, 339, 340, 341, 342, 343, 344, 345, 346, 347, 348, 349, 350, 351, 352, 353, 354, 355, 356, 357, 358, 359, 360, 361, 362, 363, 364, 365, 366, 367, 368, 369, 370, 371, 372, 373, 374, 375, 376, 377, 378, 379, 380, 381, 382, 383, 384, 385, 386, 387, 388, 389, 390, 391, 392, 393, 394, 395, 396, 397, 794, 795, 796, 797, 798, 799, 800, 801, 802, 803, 804, 805, 806, 807, 808, 809, 810, 811, 812, 813, 814, 815, 816, 817, 818, 819, 820, 821, 822, 823, 824, 825, 826, 827, 828, 829, 830, 831, 832, 833, 834, 835, 836, 837, 838, 839, 840, 841, 842, 843, 844, 845, 846, 847]","[384, 834]",[],"[8, 43, 71, 84, 86, 339, 348, 354, 360, 369, 382, 383, 384, 389, 390, 523, 546, 555, 557, 795, 803, 809, 819, 832, 833, 834, 839, 840]","[12, 24, 25, 28, 88, 100, 104, 119, 123, 129, 136, 137, 139, 140, 141, 148, 155, 169, 172, 179, 183, 185, 188, 196, 198, 217, 237, 267, 270, 278, 319, 321, 324, 325, 330, 334, 335, 354, 366, 369, 380, 383, 384, 386, 388, 395, 407, 411, 423, 428, 436, 437, 452, 453, 456, 467, 471, 477, 478, 479, 497, 508, 511, 559, 571, 575, 590, 594, 600, 607, 608, 610, 611, 612, 619, 627, 640, 643, 650, 654, 656, 659, 667, 669, 685, 701, 726, 729, 737, 777, 779, 782, 783, 787, 790, 791, 809, 817, 819, 830, 833, 834, 836, 838, 845, 856, 857, 860, 862, 875, 880, 887, 888, 899, 900, 914, 918, 921, 928, 929, 930]","[12, 24, 25, 28, 88, 100, 104, 119, 123, 129, 136, 137, 139, 140, 141, 148, 155, 169, 172, 179, 183, 185, 188, 196, 198, 217, 237, 267, 270, 278, 319, 321, 324, 325, 330, 334, 335, 354, 366, 369, 380, 383, 384, 386, 395, 407, 411, 423, 428, 436, 437, 452, 453, 456, 467, 471, 477, 478, 479, 497, 508, 511, 559, 571, 575, 590, 594, 600, 607, 608, 610, 611, 612, 619, 627, 640, 643, 650, 654, 656, 659, 667, 669, 685, 701, 726, 729, 737, 777, 779, 782, 783, 787, 790, 791, 809, 817, 819, 830, 833, 834, 836, 845, 856, 857, 860, 862, 875, 880, 887, 888, 899, 900, 914, 918, 921, 928, 929, 930]",7/6 successful match,True,[165],True,223,False,,1.0,True,Terrible Herbst # 243 ( Chevron ),Chevron
"Tonopah , 89049 Tonopah Shell",775-482-3414 459 US 95 ( 1/2 mi N of US 6 ),XL,Tonopah,89049,Tonopah Shell,775-482-3414,2006,Tonopah,NV,Shell,( 1/2 mi N of US 6 ),459 US 95,Proper,,False,,False,US 95,,,,,"[389, 839]","[360, 389, 390, 839, 840]","[67, 95, 360, 389, 390, 542, 566, 839, 840]",[],"[338, 339, 340, 341, 342, 343, 344, 345, 346, 347, 348, 349, 350, 351, 352, 353, 354, 355, 356, 357, 358, 359, 360, 361, 362, 363, 364, 365, 366, 367, 368, 369, 370, 371, 372, 373, 374, 375, 376, 377, 378, 379, 380, 381, 382, 383, 384, 385, 386, 387, 388, 389, 390, 391, 392, 393, 394, 395, 396, 397, 794, 795, 796, 797, 798, 799, 800, 801, 802, 803, 804, 805, 806, 807, 808, 809, 810, 811, 812, 813, 814, 815, 816, 817, 818, 819, 820, 821, 822, 823, 824, 825, 826, 827, 828, 829, 830, 831, 832, 833, 834, 835, 836, 837, 838, 839, 840, 841, 842, 843, 844, 845, 846, 847]","[8, 43, 71, 84, 86, 339, 348, 354, 360, 369, 382, 383, 384, 389, 390, 523, 546, 555, 557, 795, 803, 809, 819, 832, 833, 834, 839, 840]","[1, 13, 14, 29, 54, 55, 56, 57, 58, 60, 102, 118, 125, 127, 130, 134, 146, 149, 153, 175, 182, 187, 189, 191, 197, 225, 230, 238, 264, 265, 266, 286, 302, 317, 336, 379, 388, 389, 425, 454, 458, 463, 475, 487, 498, 499, 512, 530, 531, 532, 533, 534, 536, 573, 589, 596, 598, 601, 605, 617, 620, 624, 646, 653, 658, 660, 662, 668, 689, 694, 702, 724, 725, 745, 760, 775, 793, 829, 838, 839, 877, 901, 903, 905, 910, 923]","[1, 13, 14, 29, 54, 55, 56, 57, 58, 60, 102, 118, 125, 127, 130, 134, 146, 149, 153, 175, 182, 187, 189, 191, 197, 225, 230, 238, 264, 265, 266, 286, 302, 317, 336, 354, 379, 388, 389, 390, 425, 454, 458, 463, 475, 487, 498, 499, 512, 530, 531, 532, 533, 534, 536, 573, 589, 596, 598, 601, 605, 617, 620, 624, 646, 653, 658, 660, 662, 668, 689, 694, 702, 724, 725, 745, 760, 775, 793, 809, 829, 838, 839, 840, 877, 901, 903, 905, 910, 923]","[512, 1, 8, 523, 13, 14, 530, 531, 532, 533, 534, 536, 29, 542, 546, 43, 555, 557, 877, 566, 54, 55, 56, 57, 58, 60, 317, 573, 67, 71, 589, 84, 596, 86, 598, 601, 605, 95, 102, 617, 620, 624, 118, 125, 127, 130, 134, 646, 653, 146, 658, 660, 149, 662, 153, 668, 175, 689, 182, 694, 187, 189, 702, 191, 197, 724, 725, 225, 230, 745, 238, 760, 775, 264, 265, 266, 793, 794, 795, 796, 797, 798, 799, 800, 801, 802, 803, 804, 805, 806, 807, 808, 809, 810, 811, 812, 813, 814, 815, 816, 817, 818, 819, 820, 821, 822, 823, 824, 825, 826, 827, 828, 829, 830, 831, 832, 833, 834, 835, 836, 837, 838, 839, 840, 841, 842, 843, 844, 845, 846, 847, 336, 338, 339, 340, 341, 342, 343, 344, 345, 346, 347, 348, 349, 350, 351, 352, 353, 354, 355, 356, 357, 358, 359, 360, 361, 362, 363, 364, 365, 366, 367, 368, 369, 370, 371, 372, 373, 374, 375, 376, 377, 378, 379, 380, 381, 382, 383, 384, 385, 386, 387, 388, 389, 390, 391, 392, 393, 394, 395, 396, 397, 901, 903, 905, 910, 923, 286, 425, 454, 458, 463, 475, 487, 302, 498, 499]",True,"[360, 389, 390, 839, 840]","[338, 339, 340, 341, 342, 343, 344, 345, 346, 347, 348, 349, 350, 351, 352, 353, 354, 355, 356, 357, 358, 359, 360, 361, 362, 363, 364, 365, 366, 367, 368, 369, 370, 371, 372, 373, 374, 375, 376, 377, 378, 379, 380, 381, 382, 383, 384, 385, 386, 387, 388, 389, 390, 391, 392, 393, 394, 395, 396, 397, 794, 795, 796, 797, 798, 799, 800, 801, 802, 803, 804, 805, 806, 807, 808, 809, 810, 811, 812, 813, 814, 815, 816, 817, 818, 819, 820, 821, 822, 823, 824, 825, 826, 827, 828, 829, 830, 831, 832, 833, 834, 835, 836, 837, 838, 839, 840, 841, 842, 843, 844, 845, 846, 847]","[67, 95, 360, 389, 390, 542, 566, 839, 840]",[],"[8, 43, 71, 84, 86, 339, 348, 354, 360, 369, 382, 383, 384, 389, 390, 523, 546, 555, 557, 795, 803, 809, 819, 832, 833, 834, 839, 840]","[1, 13, 14, 29, 54, 55, 56, 57, 58, 60, 102, 118, 125, 127, 130, 134, 146, 149, 153, 175, 182, 187, 189, 191, 197, 225, 230, 238, 264, 265, 266, 286, 302, 317, 336, 354, 379, 388, 389, 390, 425, 454, 458, 463, 475, 487, 498, 499, 512, 530, 531, 532, 533, 534, 536, 573, 589, 596, 598, 601, 605, 617, 620, 624, 646, 653, 658, 660, 662, 668, 689, 694, 702, 724, 725, 745, 760, 775, 793, 809, 829, 838, 839, 840, 877, 901, 903, 905, 910, 923]","[1, 13, 14, 29, 54, 55, 56, 57, 58, 60, 102, 118, 125, 127, 130, 134, 146, 149, 153, 175, 182, 187, 189, 191, 197, 225, 230, 238, 264, 265, 266, 286, 302, 317, 336, 379, 388, 389, 425, 454, 458, 463, 475, 487, 498, 499, 512, 530, 531, 532, 533, 534, 536, 573, 589, 596, 598, 601, 605, 617, 620, 624, 646, 653, 658, 660, 662, 668, 689, 694, 702, 724, 725, 745, 760, 775, 793, 829, 838, 839, 877, 901, 903, 905, 910, 923]",7/6 successful match,True,[91],True,224,False,,,,,
"Tonopah , 89049 Tonopah Shell",775-482-3414 459 US 95 ( 1/2 mi N of US 6 ),24 <U+2610>,Tonopah,89049,Tonopah Shell,775-482-3414,2007,Tonopah,NV,Shell,( 1/2 mi N of US 6 ),459 US 95,Proper,,False,,False,US 95,,,,,"[389, 839]","[360, 389, 390, 839, 840]","[67, 95, 360, 389, 390, 542, 566, 839, 840]",[],"[338, 339, 340, 341, 342, 343, 344, 345, 346, 347, 348, 349, 350, 351, 352, 353, 354, 355, 356, 357, 358, 359, 360, 361, 362, 363, 364, 365, 366, 367, 368, 369, 370, 371, 372, 373, 374, 375, 376, 377, 378, 379, 380, 381, 382, 383, 384, 385, 386, 387, 388, 389, 390, 391, 392, 393, 394, 395, 396, 397, 794, 795, 796, 797, 798, 799, 800, 801, 802, 803, 804, 805, 806, 807, 808, 809, 810, 811, 812, 813, 814, 815, 816, 817, 818, 819, 820, 821, 822, 823, 824, 825, 826, 827, 828, 829, 830, 831, 832, 833, 834, 835, 836, 837, 838, 839, 840, 841, 842, 843, 844, 845, 846, 847]","[8, 43, 71, 84, 86, 339, 348, 354, 360, 369, 382, 383, 384, 389, 390, 523, 546, 555, 557, 795, 803, 809, 819, 832, 833, 834, 839, 840]","[1, 13, 14, 29, 54, 55, 56, 57, 58, 60, 102, 118, 125, 127, 130, 134, 146, 149, 153, 175, 182, 187, 189, 191, 197, 225, 230, 238, 264, 265, 266, 286, 302, 317, 336, 379, 388, 389, 425, 454, 458, 463, 475, 487, 498, 499, 512, 530, 531, 532, 533, 534, 536, 573, 589, 596, 598, 601, 605, 617, 620, 624, 646, 653, 658, 660, 662, 668, 689, 694, 702, 724, 725, 745, 760, 775, 793, 829, 838, 839, 877, 901, 903, 905, 910, 923]","[1, 13, 14, 29, 54, 55, 56, 57, 58, 60, 102, 118, 125, 127, 130, 134, 146, 149, 153, 175, 182, 187, 189, 191, 197, 225, 230, 238, 264, 265, 266, 286, 302, 317, 336, 354, 379, 388, 389, 390, 425, 454, 458, 463, 475, 487, 498, 499, 512, 530, 531, 532, 533, 534, 536, 573, 589, 596, 598, 601, 605, 617, 620, 624, 646, 653, 658, 660, 662, 668, 689, 694, 702, 724, 725, 745, 760, 775, 793, 809, 829, 838, 839, 840, 877, 901, 903, 905, 910, 923]","[512, 1, 8, 523, 13, 14, 530, 531, 532, 533, 534, 536, 29, 542, 546, 43, 555, 557, 877, 566, 54, 55, 56, 57, 58, 60, 317, 573, 67, 71, 589, 84, 596, 86, 598, 601, 605, 95, 102, 617, 620, 624, 118, 125, 127, 130, 134, 646, 653, 146, 658, 660, 149, 662, 153, 668, 175, 689, 182, 694, 187, 189, 702, 191, 197, 724, 725, 225, 230, 745, 238, 760, 775, 264, 265, 266, 793, 794, 795, 796, 797, 798, 799, 800, 801, 802, 803, 804, 805, 806, 807, 808, 809, 810, 811, 812, 813, 814, 815, 816, 817, 818, 819, 820, 821, 822, 823, 824, 825, 826, 827, 828, 829, 830, 831, 832, 833, 834, 835, 836, 837, 838, 839, 840, 841, 842, 843, 844, 845, 846, 847, 336, 338, 339, 340, 341, 342, 343, 344, 345, 346, 347, 348, 349, 350, 351, 352, 353, 354, 355, 356, 357, 358, 359, 360, 361, 362, 363, 364, 365, 366, 367, 368, 369, 370, 371, 372, 373, 374, 375, 376, 377, 378, 379, 380, 381, 382, 383, 384, 385, 386, 387, 388, 389, 390, 391, 392, 393, 394, 395, 396, 397, 901, 903, 905, 910, 923, 286, 425, 454, 458, 463, 475, 487, 302, 498, 499]",True,"[360, 389, 390, 839, 840]","[338, 339, 340, 341, 342, 343, 344, 345, 346, 347, 348, 349, 350, 351, 352, 353, 354, 355, 356, 357, 358, 359, 360, 361, 362, 363, 364, 365, 366, 367, 368, 369, 370, 371, 372, 373, 374, 375, 376, 377, 378, 379, 380, 381, 382, 383, 384, 385, 386, 387, 388, 389, 390, 391, 392, 393, 394, 395, 396, 397, 794, 795, 796, 797, 798, 799, 800, 801, 802, 803, 804, 805, 806, 807, 808, 809, 810, 811, 812, 813, 814, 815, 816, 817, 818, 819, 820, 821, 822, 823, 824, 825, 826, 827, 828, 829, 830, 831, 832, 833, 834, 835, 836, 837, 838, 839, 840, 841, 842, 843, 844, 845, 846, 847]","[67, 95, 360, 389, 390, 542, 566, 839, 840]",[],"[8, 43, 71, 84, 86, 339, 348, 354, 360, 369, 382, 383, 384, 389, 390, 523, 546, 555, 557, 795, 803, 809, 819, 832, 833, 834, 839, 840]","[1, 13, 14, 29, 54, 55, 56, 57, 58, 60, 102, 118, 125, 127, 130, 134, 146, 149, 153, 175, 182, 187, 189, 191, 197, 225, 230, 238, 264, 265, 266, 286, 302, 317, 336, 354, 379, 388, 389, 390, 425, 454, 458, 463, 475, 487, 498, 499, 512, 530, 531, 532, 533, 534, 536, 573, 589, 596, 598, 601, 605, 617, 620, 624, 646, 653, 658, 660, 662, 668, 689, 694, 702, 724, 725, 745, 760, 775, 793, 809, 829, 838, 839, 840, 877, 901, 903, 905, 910, 923]","[1, 13, 14, 29, 54, 55, 56, 57, 58, 60, 102, 118, 125, 127, 130, 134, 146, 149, 153, 175, 182, 187, 189, 191, 197, 225, 230, 238, 264, 265, 266, 286, 302, 317, 336, 379, 388, 389, 425, 454, 458, 463, 475, 487, 498, 499, 512, 530, 531, 532, 533, 534, 536, 573, 589, 596, 598, 601, 605, 617, 620, 624, 646, 653, 658, 660, 662, 668, 689, 694, 702, 724, 725, 745, 760, 775, 793, 829, 838, 839, 877, 901, 903, 905, 910, 923]",7/6 successful match,True,[91],True,224,False,,1.0,True,Tonopah Shell,Shell
"Tonopah , 89049 Tonopah Shell",775-482-3414 459 US 95 ( 1/2 mi N of US 6 ),<U+2610> <U+25A1> <U+25A1>,Tonopah,89049,Tonopah Shell,775-482-3414,2008,Tonopah,NV,Shell,( 1/2 mi N of US 6 ),459 US 95,Proper,,False,,False,US 95,,,,,"[389, 839]","[360, 389, 390, 839, 840]","[67, 95, 360, 389, 390, 542, 566, 839, 840]",[],"[338, 339, 340, 341, 342, 343, 344, 345, 346, 347, 348, 349, 350, 351, 352, 353, 354, 355, 356, 357, 358, 359, 360, 361, 362, 363, 364, 365, 366, 367, 368, 369, 370, 371, 372, 373, 374, 375, 376, 377, 378, 379, 380, 381, 382, 383, 384, 385, 386, 387, 388, 389, 390, 391, 392, 393, 394, 395, 396, 397, 794, 795, 796, 797, 798, 799, 800, 801, 802, 803, 804, 805, 806, 807, 808, 809, 810, 811, 812, 813, 814, 815, 816, 817, 818, 819, 820, 821, 822, 823, 824, 825, 826, 827, 828, 829, 830, 831, 832, 833, 834, 835, 836, 837, 838, 839, 840, 841, 842, 843, 844, 845, 846, 847]","[8, 43, 71, 84, 86, 339, 348, 354, 360, 369, 382, 383, 384, 389, 390, 523, 546, 555, 557, 795, 803, 809, 819, 832, 833, 834, 839, 840]","[1, 13, 14, 29, 54, 55, 56, 57, 58, 60, 102, 118, 125, 127, 130, 134, 146, 149, 153, 175, 182, 187, 189, 191, 197, 225, 230, 238, 264, 265, 266, 286, 302, 317, 336, 379, 388, 389, 425, 454, 458, 463, 475, 487, 498, 499, 512, 530, 531, 532, 533, 534, 536, 573, 589, 596, 598, 601, 605, 617, 620, 624, 646, 653, 658, 660, 662, 668, 689, 694, 702, 724, 725, 745, 760, 775, 793, 829, 838, 839, 877, 901, 903, 905, 910, 923]","[1, 13, 14, 29, 54, 55, 56, 57, 58, 60, 102, 118, 125, 127, 130, 134, 146, 149, 153, 175, 182, 187, 189, 191, 197, 225, 230, 238, 264, 265, 266, 286, 302, 317, 336, 354, 379, 388, 389, 390, 425, 454, 458, 463, 475, 487, 498, 499, 512, 530, 531, 532, 533, 534, 536, 573, 589, 596, 598, 601, 605, 617, 620, 624, 646, 653, 658, 660, 662, 668, 689, 694, 702, 724, 725, 745, 760, 775, 793, 809, 829, 838, 839, 840, 877, 901, 903, 905, 910, 923]","[512, 1, 8, 523, 13, 14, 530, 531, 532, 533, 534, 536, 29, 542, 546, 43, 555, 557, 877, 566, 54, 55, 56, 57, 58, 60, 317, 573, 67, 71, 589, 84, 596, 86, 598, 601, 605, 95, 102, 617, 620, 624, 118, 125, 127, 130, 134, 646, 653, 146, 658, 660, 149, 662, 153, 668, 175, 689, 182, 694, 187, 189, 702, 191, 197, 724, 725, 225, 230, 745, 238, 760, 775, 264, 265, 266, 793, 794, 795, 796, 797, 798, 799, 800, 801, 802, 803, 804, 805, 806, 807, 808, 809, 810, 811, 812, 813, 814, 815, 816, 817, 818, 819, 820, 821, 822, 823, 824, 825, 826, 827, 828, 829, 830, 831, 832, 833, 834, 835, 836, 837, 838, 839, 840, 841, 842, 843, 844, 845, 846, 847, 336, 338, 339, 340, 341, 342, 343, 344, 345, 346, 347, 348, 349, 350, 351, 352, 353, 354, 355, 356, 357, 358, 359, 360, 361, 362, 363, 364, 365, 366, 367, 368, 369, 370, 371, 372, 373, 374, 375, 376, 377, 378, 379, 380, 381, 382, 383, 384, 385, 386, 387, 388, 389, 390, 391, 392, 393, 394, 395, 396, 397, 901, 903, 905, 910, 923, 286, 425, 454, 458, 463, 475, 487, 302, 498, 499]",True,"[360, 389, 390, 839, 840]","[338, 339, 340, 341, 342, 343, 344, 345, 346, 347, 348, 349, 350, 351, 352, 353, 354, 355, 356, 357, 358, 359, 360, 361, 362, 363, 364, 365, 366, 367, 368, 369, 370, 371, 372, 373, 374, 375, 376, 377, 378, 379, 380, 381, 382, 383, 384, 385, 386, 387, 388, 389, 390, 391, 392, 393, 394, 395, 396, 397, 794, 795, 796, 797, 798, 799, 800, 801, 802, 803, 804, 805, 806, 807, 808, 809, 810, 811, 812, 813, 814, 815, 816, 817, 818, 819, 820, 821, 822, 823, 824, 825, 826, 827, 828, 829, 830, 831, 832, 833, 834, 835, 836, 837, 838, 839, 840, 841, 842, 843, 844, 845, 846, 847]","[67, 95, 360, 389, 390, 542, 566, 839, 840]",[],"[8, 43, 71, 84, 86, 339, 348, 354, 360, 369, 382, 383, 384, 389, 390, 523, 546, 555, 557, 795, 803, 809, 819, 832, 833, 834, 839, 840]","[1, 13, 14, 29, 54, 55, 56, 57, 58, 60, 102, 118, 125, 127, 130, 134, 146, 149, 153, 175, 182, 187, 189, 191, 197, 225, 230, 238, 264, 265, 266, 286, 302, 317, 336, 354, 379, 388, 389, 390, 425, 454, 458, 463, 475, 487, 498, 499, 512, 530, 531, 532, 533, 534, 536, 573, 589, 596, 598, 601, 605, 617, 620, 624, 646, 653, 658, 660, 662, 668, 689, 694, 702, 724, 725, 745, 760, 775, 793, 809, 829, 838, 839, 840, 877, 901, 903, 905, 910, 923]","[1, 13, 14, 29, 54, 55, 56, 57, 58, 60, 102, 118, 125, 127, 130, 134, 146, 149, 153, 175, 182, 187, 189, 191, 197, 225, 230, 238, 264, 265, 266, 286, 302, 317, 336, 379, 388, 389, 425, 454, 458, 463, 475, 487, 498, 499, 512, 530, 531, 532, 533, 534, 536, 573, 589, 596, 598, 601, 605, 617, 620, 624, 646, 653, 658, 660, 662, 668, 689, 694, 702, 724, 725, 745, 760, 775, 793, 829, 838, 839, 877, 901, 903, 905, 910, 923]",7/6 successful match,True,[91],True,224,False,,1.0,True,Tonopah Shell,Shell
G Tonopah ( 89049 ) Tonopah Shell,775-482-3414 459 US 95 ( 1/2 mi N of US 6 ),<U+25A1> <U+2610> <U+25A1>,Tonopah,89049,Tonopah Shell,775-482-3414,2014,Tonopah,NV,Shell,( 1/2 mi N of US 6 ),459 US 95,Proper,,False,,False,US 95,,,,,"[389, 839]","[360, 389, 390, 839, 840]","[67, 95, 360, 389, 390, 542, 566, 839, 840]",[],"[338, 339, 340, 341, 342, 343, 344, 345, 346, 347, 348, 349, 350, 351, 352, 353, 354, 355, 356, 357, 358, 359, 360, 361, 362, 363, 364, 365, 366, 367, 368, 369, 370, 371, 372, 373, 374, 375, 376, 377, 378, 379, 380, 381, 382, 383, 384, 385, 386, 387, 388, 389, 390, 391, 392, 393, 394, 395, 396, 397, 794, 795, 796, 797, 798, 799, 800, 801, 802, 803, 804, 805, 806, 807, 808, 809, 810, 811, 812, 813, 814, 815, 816, 817, 818, 819, 820, 821, 822, 823, 824, 825, 826, 827, 828, 829, 830, 831, 832, 833, 834, 835, 836, 837, 838, 839, 840, 841, 842, 843, 844, 845, 846, 847]","[8, 43, 71, 84, 86, 339, 348, 354, 360, 369, 382, 383, 384, 389, 390, 523, 546, 555, 557, 795, 803, 809, 819, 832, 833, 834, 839, 840]","[1, 13, 14, 29, 54, 55, 56, 57, 58, 60, 102, 118, 125, 127, 130, 134, 146, 149, 153, 175, 182, 187, 189, 191, 197, 225, 230, 238, 264, 265, 266, 286, 302, 317, 336, 379, 388, 389, 425, 454, 458, 463, 475, 487, 498, 499, 512, 530, 531, 532, 533, 534, 536, 573, 589, 596, 598, 601, 605, 617, 620, 624, 646, 653, 658, 660, 662, 668, 689, 694, 702, 724, 725, 745, 760, 775, 793, 829, 838, 839, 877, 901, 903, 905, 910, 923]","[1, 13, 14, 29, 54, 55, 56, 57, 58, 60, 102, 118, 125, 127, 130, 134, 146, 149, 153, 175, 182, 187, 189, 191, 197, 225, 230, 238, 264, 265, 266, 286, 302, 317, 336, 354, 379, 388, 389, 390, 425, 454, 458, 463, 475, 487, 498, 499, 512, 530, 531, 532, 533, 534, 536, 573, 589, 596, 598, 601, 605, 617, 620, 624, 646, 653, 658, 660, 662, 668, 689, 694, 702, 724, 725, 745, 760, 775, 793, 809, 829, 838, 839, 840, 877, 901, 903, 905, 910, 923]","[512, 1, 8, 523, 13, 14, 530, 531, 532, 533, 534, 536, 29, 542, 546, 43, 555, 557, 877, 566, 54, 55, 56, 57, 58, 60, 317, 573, 67, 71, 589, 84, 596, 86, 598, 601, 605, 95, 102, 617, 620, 624, 118, 125, 127, 130, 134, 646, 653, 146, 658, 660, 149, 662, 153, 668, 175, 689, 182, 694, 187, 189, 702, 191, 197, 724, 725, 225, 230, 745, 238, 760, 775, 264, 265, 266, 793, 794, 795, 796, 797, 798, 799, 800, 801, 802, 803, 804, 805, 806, 807, 808, 809, 810, 811, 812, 813, 814, 815, 816, 817, 818, 819, 820, 821, 822, 823, 824, 825, 826, 827, 828, 829, 830, 831, 832, 833, 834, 835, 836, 837, 838, 839, 840, 841, 842, 843, 844, 845, 846, 847, 336, 338, 339, 340, 341, 342, 343, 344, 345, 346, 347, 348, 349, 350, 351, 352, 353, 354, 355, 356, 357, 358, 359, 360, 361, 362, 363, 364, 365, 366, 367, 368, 369, 370, 371, 372, 373, 374, 375, 376, 377, 378, 379, 380, 381, 382, 383, 384, 385, 386, 387, 388, 389, 390, 391, 392, 393, 394, 395, 396, 397, 901, 903, 905, 910, 923, 286, 425, 454, 458, 463, 475, 487, 302, 498, 499]",True,"[360, 389, 390, 839, 840]","[338, 339, 340, 341, 342, 343, 344, 345, 346, 347, 348, 349, 350, 351, 352, 353, 354, 355, 356, 357, 358, 359, 360, 361, 362, 363, 364, 365, 366, 367, 368, 369, 370, 371, 372, 373, 374, 375, 376, 377, 378, 379, 380, 381, 382, 383, 384, 385, 386, 387, 388, 389, 390, 391, 392, 393, 394, 395, 396, 397, 794, 795, 796, 797, 798, 799, 800, 801, 802, 803, 804, 805, 806, 807, 808, 809, 810, 811, 812, 813, 814, 815, 816, 817, 818, 819, 820, 821, 822, 823, 824, 825, 826, 827, 828, 829, 830, 831, 832, 833, 834, 835, 836, 837, 838, 839, 840, 841, 842, 843, 844, 845, 846, 847]","[67, 95, 360, 389, 390, 542, 566, 839, 840]",[],"[8, 43, 71, 84, 86, 339, 348, 354, 360, 369, 382, 383, 384, 389, 390, 523, 546, 555, 557, 795, 803, 809, 819, 832, 833, 834, 839, 840]","[1, 13, 14, 29, 54, 55, 56, 57, 58, 60, 102, 118, 125, 127, 130, 134, 146, 149, 153, 175, 182, 187, 189, 191, 197, 225, 230, 238, 264, 265, 266, 286, 302, 317, 336, 354, 379, 388, 389, 390, 425, 454, 458, 463, 475, 487, 498, 499, 512, 530, 531, 532, 533, 534, 536, 573, 589, 596, 598, 601, 605, 617, 620, 624, 646, 653, 658, 660, 662, 668, 689, 694, 702, 724, 725, 745, 760, 775, 793, 809, 829, 838, 839, 840, 877, 901, 903, 905, 910, 923]","[1, 13, 14, 29, 54, 55, 56, 57, 58, 60, 102, 118, 125, 127, 130, 134, 146, 149, 153, 175, 182, 187, 189, 191, 197, 225, 230, 238, 264, 265, 266, 286, 302, 317, 336, 379, 388, 389, 425, 454, 458, 463, 475, 487, 498, 499, 512, 530, 531, 532, 533, 534, 536, 573, 589, 596, 598, 601, 605, 617, 620, 624, 646, 653, 658, 660, 662, 668, 689, 694, 702, 724, 725, 745, 760, 775, 793, 829, 838, 839, 877, 901, 903, 905, 910, 923]",7/6 successful match,True,[91],True,224,False,,1.0,True,Tonopah Shell,Shell
Tonopah ( 89049 ) Tonopah Shell,775-482-3414 459 US 95 ( 1/2 mi N of US 6 ),<U+2610> <U+2610> D,Tonopah,89049,Tonopah Shell,775-482-3414,2015,Tonopah,NV,Shell,( 1/2 mi N of US 6 ),459 US 95,Proper,,False,,False,US 95,,,,,"[389, 839]","[360, 389, 390, 839, 840]","[67, 95, 360, 389, 390, 542, 566, 839, 840]",[],"[338, 339, 340, 341, 342, 343, 344, 345, 346, 347, 348, 349, 350, 351, 352, 353, 354, 355, 356, 357, 358, 359, 360, 361, 362, 363, 364, 365, 366, 367, 368, 369, 370, 371, 372, 373, 374, 375, 376, 377, 378, 379, 380, 381, 382, 383, 384, 385, 386, 387, 388, 389, 390, 391, 392, 393, 394, 395, 396, 397, 794, 795, 796, 797, 798, 799, 800, 801, 802, 803, 804, 805, 806, 807, 808, 809, 810, 811, 812, 813, 814, 815, 816, 817, 818, 819, 820, 821, 822, 823, 824, 825, 826, 827, 828, 829, 830, 831, 832, 833, 834, 835, 836, 837, 838, 839, 840, 841, 842, 843, 844, 845, 846, 847]","[8, 43, 71, 84, 86, 339, 348, 354, 360, 369, 382, 383, 384, 389, 390, 523, 546, 555, 557, 795, 803, 809, 819, 832, 833, 834, 839, 840]","[1, 13, 14, 29, 54, 55, 56, 57, 58, 60, 102, 118, 125, 127, 130, 134, 146, 149, 153, 175, 182, 187, 189, 191, 197, 225, 230, 238, 264, 265, 266, 286, 302, 317, 336, 379, 388, 389, 425, 454, 458, 463, 475, 487, 498, 499, 512, 530, 531, 532, 533, 534, 536, 573, 589, 596, 598, 601, 605, 617, 620, 624, 646, 653, 658, 660, 662, 668, 689, 694, 702, 724, 725, 745, 760, 775, 793, 829, 838, 839, 877, 901, 903, 905, 910, 923]","[1, 13, 14, 29, 54, 55, 56, 57, 58, 60, 102, 118, 125, 127, 130, 134, 146, 149, 153, 175, 182, 187, 189, 191, 197, 225, 230, 238, 264, 265, 266, 286, 302, 317, 336, 354, 379, 388, 389, 390, 425, 454, 458, 463, 475, 487, 498, 499, 512, 530, 531, 532, 533, 534, 536, 573, 589, 596, 598, 601, 605, 617, 620, 624, 646, 653, 658, 660, 662, 668, 689, 694, 702, 724, 725, 745, 760, 775, 793, 809, 829, 838, 839, 840, 877, 901, 903, 905, 910, 923]","[512, 1, 8, 523, 13, 14, 530, 531, 532, 533, 534, 536, 29, 542, 546, 43, 555, 557, 877, 566, 54, 55, 56, 57, 58, 60, 317, 573, 67, 71, 589, 84, 596, 86, 598, 601, 605, 95, 102, 617, 620, 624, 118, 125, 127, 130, 134, 646, 653, 146, 658, 660, 149, 662, 153, 668, 175, 689, 182, 694, 187, 189, 702, 191, 197, 724, 725, 225, 230, 745, 238, 760, 775, 264, 265, 266, 793, 794, 795, 796, 797, 798, 799, 800, 801, 802, 803, 804, 805, 806, 807, 808, 809, 810, 811, 812, 813, 814, 815, 816, 817, 818, 819, 820, 821, 822, 823, 824, 825, 826, 827, 828, 829, 830, 831, 832, 833, 834, 835, 836, 837, 838, 839, 840, 841, 842, 843, 844, 845, 846, 847, 336, 338, 339, 340, 341, 342, 343, 344, 345, 346, 347, 348, 349, 350, 351, 352, 353, 354, 355, 356, 357, 358, 359, 360, 361, 362, 363, 364, 365, 366, 367, 368, 369, 370, 371, 372, 373, 374, 375, 376, 377, 378, 379, 380, 381, 382, 383, 384, 385, 386, 387, 388, 389, 390, 391, 392, 393, 394, 395, 396, 397, 901, 903, 905, 910, 923, 286, 425, 454, 458, 463, 475, 487, 302, 498, 499]",True,"[360, 389, 390, 839, 840]","[338, 339, 340, 341, 342, 343, 344, 345, 346, 347, 348, 349, 350, 351, 352, 353, 354, 355, 356, 357, 358, 359, 360, 361, 362, 363, 364, 365, 366, 367, 368, 369, 370, 371, 372, 373, 374, 375, 376, 377, 378, 379, 380, 381, 382, 383, 384, 385, 386, 387, 388, 389, 390, 391, 392, 393, 394, 395, 396, 397, 794, 795, 796, 797, 798, 799, 800, 801, 802, 803, 804, 805, 806, 807, 808, 809, 810, 811, 812, 813, 814, 815, 816, 817, 818, 819, 820, 821, 822, 823, 824, 825, 826, 827, 828, 829, 830, 831, 832, 833, 834, 835, 836, 837, 838, 839, 840, 841, 842, 843, 844, 845, 846, 847]","[67, 95, 360, 389, 390, 542, 566, 839, 840]",[],"[8, 43, 71, 84, 86, 339, 348, 354, 360, 369, 382, 383, 384, 389, 390, 523, 546, 555, 557, 795, 803, 809, 819, 832, 833, 834, 839, 840]","[1, 13, 14, 29, 54, 55, 56, 57, 58, 60, 102, 118, 125, 127, 130, 134, 146, 149, 153, 175, 182, 187, 189, 191, 197, 225, 230, 238, 264, 265, 266, 286, 302, 317, 336, 354, 379, 388, 389, 390, 425, 454, 458, 463, 475, 487, 498, 499, 512, 530, 531, 532, 533, 534, 536, 573, 589, 596, 598, 601, 605, 617, 620, 624, 646, 653, 658, 660, 662, 668, 689, 694, 702, 724, 725, 745, 760, 775, 793, 809, 829, 838, 839, 840, 877, 901, 903, 905, 910, 923]","[1, 13, 14, 29, 54, 55, 56, 57, 58, 60, 102, 118, 125, 127, 130, 134, 146, 149, 153, 175, 182, 187, 189, 191, 197, 225, 230, 238, 264, 265, 266, 286, 302, 317, 336, 379, 388, 389, 425, 454, 458, 463, 475, 487, 498, 499, 512, 530, 531, 532, 533, 534, 536, 573, 589, 596, 598, 601, 605, 617, 620, 624, 646, 653, 658, 660, 662, 668, 689, 694, 702, 724, 725, 745, 760, 775, 793, 829, 838, 839, 877, 901, 903, 905, 910, 923]",7/6 successful match,True,[91],True,224,False,,1.0,True,Tonopah Shell,Shell
Tonopah ( 89049 ) Tonopah Shell,4 775-482-3414 459 US 95 ( 1/2 mi N of US 6 ),<U+2610> <U+25A1> <U+25A1> <U+25A1>,Tonopah,89049,Tonopah Shell,775-482-3414,2016,Tonopah,NV,Shell,( 1/2 mi N of US 6 ),459 US 95,Proper,,False,,False,US 95,,,,,"[389, 839]","[360, 389, 390, 839, 840]","[67, 95, 360, 389, 390, 542, 566, 839, 840]",[],"[338, 339, 340, 341, 342, 343, 344, 345, 346, 347, 348, 349, 350, 351, 352, 353, 354, 355, 356, 357, 358, 359, 360, 361, 362, 363, 364, 365, 366, 367, 368, 369, 370, 371, 372, 373, 374, 375, 376, 377, 378, 379, 380, 381, 382, 383, 384, 385, 386, 387, 388, 389, 390, 391, 392, 393, 394, 395, 396, 397, 794, 795, 796, 797, 798, 799, 800, 801, 802, 803, 804, 805, 806, 807, 808, 809, 810, 811, 812, 813, 814, 815, 816, 817, 818, 819, 820, 821, 822, 823, 824, 825, 826, 827, 828, 829, 830, 831, 832, 833, 834, 835, 836, 837, 838, 839, 840, 841, 842, 843, 844, 845, 846, 847]","[8, 43, 71, 84, 86, 339, 348, 354, 360, 369, 382, 383, 384, 389, 390, 523, 546, 555, 557, 795, 803, 809, 819, 832, 833, 834, 839, 840]","[1, 13, 14, 29, 54, 55, 56, 57, 58, 60, 102, 118, 125, 127, 130, 134, 146, 149, 153, 175, 182, 187, 189, 191, 197, 225, 230, 238, 264, 265, 266, 286, 302, 317, 336, 379, 388, 389, 425, 454, 458, 463, 475, 487, 498, 499, 512, 530, 531, 532, 533, 534, 536, 573, 589, 596, 598, 601, 605, 617, 620, 624, 646, 653, 658, 660, 662, 668, 689, 694, 702, 724, 725, 745, 760, 775, 793, 829, 838, 839, 877, 901, 903, 905, 910, 923]","[1, 13, 14, 29, 54, 55, 56, 57, 58, 60, 102, 118, 125, 127, 130, 134, 146, 149, 153, 175, 182, 187, 189, 191, 197, 225, 230, 238, 264, 265, 266, 286, 302, 317, 336, 354, 379, 388, 389, 390, 425, 454, 458, 463, 475, 487, 498, 499, 512, 530, 531, 532, 533, 534, 536, 573, 589, 596, 598, 601, 605, 617, 620, 624, 646, 653, 658, 660, 662, 668, 689, 694, 702, 724, 725, 745, 760, 775, 793, 809, 829, 838, 839, 840, 877, 901, 903, 905, 910, 923]","[512, 1, 8, 523, 13, 14, 530, 531, 532, 533, 534, 536, 29, 542, 546, 43, 555, 557, 877, 566, 54, 55, 56, 57, 58, 60, 317, 573, 67, 71, 589, 84, 596, 86, 598, 601, 605, 95, 102, 617, 620, 624, 118, 125, 127, 130, 134, 646, 653, 146, 658, 660, 149, 662, 153, 668, 175, 689, 182, 694, 187, 189, 702, 191, 197, 724, 725, 225, 230, 745, 238, 760, 775, 264, 265, 266, 793, 794, 795, 796, 797, 798, 799, 800, 801, 802, 803, 804, 805, 806, 807, 808, 809, 810, 811, 812, 813, 814, 815, 816, 817, 818, 819, 820, 821, 822, 823, 824, 825, 826, 827, 828, 829, 830, 831, 832, 833, 834, 835, 836, 837, 838, 839, 840, 841, 842, 843, 844, 845, 846, 847, 336, 338, 339, 340, 341, 342, 343, 344, 345, 346, 347, 348, 349, 350, 351, 352, 353, 354, 355, 356, 357, 358, 359, 360, 361, 362, 363, 364, 365, 366, 367, 368, 369, 370, 371, 372, 373, 374, 375, 376, 377, 378, 379, 380, 381, 382, 383, 384, 385, 386, 387, 388, 389, 390, 391, 392, 393, 394, 395, 396, 397, 901, 903, 905, 910, 923, 286, 425, 454, 458, 463, 475, 487, 302, 498, 499]",True,"[360, 389, 390, 839, 840]","[338, 339, 340, 341, 342, 343, 344, 345, 346, 347, 348, 349, 350, 351, 352, 353, 354, 355, 356, 357, 358, 359, 360, 361, 362, 363, 364, 365, 366, 367, 368, 369, 370, 371, 372, 373, 374, 375, 376, 377, 378, 379, 380, 381, 382, 383, 384, 385, 386, 387, 388, 389, 390, 391, 392, 393, 394, 395, 396, 397, 794, 795, 796, 797, 798, 799, 800, 801, 802, 803, 804, 805, 806, 807, 808, 809, 810, 811, 812, 813, 814, 815, 816, 817, 818, 819, 820, 821, 822, 823, 824, 825, 826, 827, 828, 829, 830, 831, 832, 833, 834, 835, 836, 837, 838, 839, 840, 841, 842, 843, 844, 845, 846, 847]","[67, 95, 360, 389, 390, 542, 566, 839, 840]",[],"[8, 43, 71, 84, 86, 339, 348, 354, 360, 369, 382, 383, 384, 389, 390, 523, 546, 555, 557, 795, 803, 809, 819, 832, 833, 834, 839, 840]","[1, 13, 14, 29, 54, 55, 56, 57, 58, 60, 102, 118, 125, 127, 130, 134, 146, 149, 153, 175, 182, 187, 189, 191, 197, 225, 230, 238, 264, 265, 266, 286, 302, 317, 336, 354, 379, 388, 389, 390, 425, 454, 458, 463, 475, 487, 498, 499, 512, 530, 531, 532, 533, 534, 536, 573, 589, 596, 598, 601, 605, 617, 620, 624, 646, 653, 658, 660, 662, 668, 689, 694, 702, 724, 725, 745, 760, 775, 793, 809, 829, 838, 839, 840, 877, 901, 903, 905, 910, 923]","[1, 13, 14, 29, 54, 55, 56, 57, 58, 60, 102, 118, 125, 127, 130, 134, 146, 149, 153, 175, 182, 187, 189, 191, 197, 225, 230, 238, 264, 265, 266, 286, 302, 317, 336, 379, 388, 389, 425, 454, 458, 463, 475, 487, 498, 499, 512, 530, 531, 532, 533, 534, 536, 573, 589, 596, 598, 601, 605, 617, 620, 624, 646, 653, 658, 660, 662, 668, 689, 694, 702, 724, 725, 745, 760, 775, 793, 829, 838, 839, 877, 901, 903, 905, 910, 923]",7/6 successful match,True,[91],True,224,False,,1.0,True,Tonopah Shell,Shell
"Tonopah , 89049 Tonopah Truck / Auto Plaza ( Chevron )",775-482-5780 1500 US 6-95 S,24 42 O,Tonopah,89049,Tonopah Truck / Auto Plaza ( Chevron ),775-482-5780,2006,Tonopah,NV,Chevron,,1500 US 6-95 S,Proper,,False,,False,US 6-95,,,,,"[840, 390]","[360, 389, 390, 839, 840]","[67, 95, 360, 389, 390, 542, 566, 839, 840]",[],"[338, 339, 340, 341, 342, 343, 344, 345, 346, 347, 348, 349, 350, 351, 352, 353, 354, 355, 356, 357, 358, 359, 360, 361, 362, 363, 364, 365, 366, 367, 368, 369, 370, 371, 372, 373, 374, 375, 376, 377, 378, 379, 380, 381, 382, 383, 384, 385, 386, 387, 388, 389, 390, 391, 392, 393, 394, 395, 396, 397, 794, 795, 796, 797, 798, 799, 800, 801, 802, 803, 804, 805, 806, 807, 808, 809, 810, 811, 812, 813, 814, 815, 816, 817, 818, 819, 820, 821, 822, 823, 824, 825, 826, 827, 828, 829, 830, 831, 832, 833, 834, 835, 836, 837, 838, 839, 840, 841, 842, 843, 844, 845, 846, 847]","[8, 43, 71, 84, 86, 268, 285, 339, 348, 354, 360, 369, 372, 382, 383, 384, 386, 389, 390, 407, 453, 523, 546, 555, 557, 727, 744, 795, 803, 809, 819, 822, 832, 833, 834, 836, 839, 840, 856, 900]","[12, 24, 25, 28, 88, 100, 104, 119, 123, 129, 136, 137, 139, 140, 141, 148, 155, 169, 172, 179, 183, 185, 188, 196, 198, 217, 237, 267, 270, 278, 319, 321, 324, 325, 330, 334, 335, 354, 366, 369, 380, 383, 384, 386, 395, 407, 411, 423, 428, 436, 437, 452, 453, 456, 467, 471, 477, 478, 479, 497, 508, 511, 559, 571, 575, 590, 594, 600, 607, 608, 610, 611, 612, 619, 627, 640, 643, 650, 654, 656, 659, 667, 669, 685, 701, 726, 729, 737, 777, 779, 782, 783, 787, 790, 791, 809, 817, 819, 830, 833, 834, 836, 845, 856, 857, 860, 862, 875, 880, 887, 888, 899, 900, 914, 918, 921, 928, 929, 930]","[12, 24, 25, 28, 88, 100, 104, 119, 123, 129, 136, 137, 139, 140, 141, 148, 155, 169, 172, 179, 183, 185, 188, 196, 198, 217, 237, 267, 270, 278, 319, 321, 324, 325, 330, 334, 335, 354, 366, 369, 380, 383, 384, 386, 389, 390, 395, 407, 411, 423, 428, 436, 437, 452, 453, 456, 467, 471, 477, 478, 479, 497, 508, 511, 559, 571, 575, 590, 594, 600, 607, 608, 610, 611, 612, 619, 627, 640, 643, 650, 654, 656, 659, 667, 669, 685, 701, 726, 729, 737, 777, 779, 782, 783, 787, 790, 791, 809, 817, 819, 830, 833, 834, 836, 839, 840, 845, 856, 857, 860, 862, 875, 880, 887, 888, 899, 900, 914, 918, 921, 928, 929, 930]","[875, 8, 523, 12, 24, 25, 28, 542, 546, 43, 555, 557, 559, 566, 571, 575, 67, 319, 71, 590, 321, 594, 84, 86, 88, 600, 888, 95, 324, 607, 608, 610, 100, 325, 611, 612, 104, 619, 627, 119, 123, 880, 640, 129, 643, 136, 137, 650, 139, 140, 141, 654, 656, 659, 148, 335, 155, 667, 669, 169, 172, 685, 179, 183, 185, 188, 701, 196, 198, 856, 726, 727, 857, 217, 729, 737, 860, 744, 237, 862, 777, 267, 268, 779, 270, 782, 783, 787, 278, 790, 791, 794, 795, 796, 797, 798, 799, 800, 801, 802, 803, 804, 805, 806, 807, 808, 809, 810, 811, 812, 813, 814, 815, 816, 817, 818, 819, 820, 821, 822, 823, 824, 825, 826, 827, 828, 829, 830, 831, 832, 833, 834, 835, 836, 837, 838, 839, 840, 841, 842, 843, 844, 845, 846, 847, 330, 334, 338, 339, 340, 341, 342, 343, 344, 345, 346, 347, 348, 349, 350, 351, 352, 353, 354, 355, 356, 357, 358, 359, 360, 361, 362, 363, 364, 365, 366, 367, 368, 369, 370, 371, 372, 373, 374, 375, 376, 377, 378, 379, 380, 381, 382, 383, 384, 385, 386, 387, 388, 389, 390, 391, 392, 393, 394, 395, 396, 397, 914, 918, 407, 921, 285, 411, 928, 929, 930, 423, 428, 899, 900, 436, 437, 452, 453, 456, 467, 471, 477, 478, 479, 887, 497, 508, 511]",True,"[360, 389, 390, 839, 840]","[338, 339, 340, 341, 342, 343, 344, 345, 346, 347, 348, 349, 350, 351, 352, 353, 354, 355, 356, 357, 358, 359, 360, 361, 362, 363, 364, 365, 366, 367, 368, 369, 370, 371, 372, 373, 374, 375, 376, 377, 378, 379, 380, 381, 382, 383, 384, 385, 386, 387, 388, 389, 390, 391, 392, 393, 394, 395, 396, 397, 794, 795, 796, 797, 798, 799, 800, 801, 802, 803, 804, 805, 806, 807, 808, 809, 810, 811, 812, 813, 814, 815, 816, 817, 818, 819, 820, 821, 822, 823, 824, 825, 826, 827, 828, 829, 830, 831, 832, 833, 834, 835, 836, 837, 838, 839, 840, 841, 842, 843, 844, 845, 846, 847]","[67, 95, 360, 389, 390, 542, 566, 839, 840]",[],"[8, 43, 71, 84, 86, 268, 285, 339, 348, 354, 360, 369, 372, 382, 383, 384, 386, 389, 390, 407, 453, 523, 546, 555, 557, 727, 744, 795, 803, 809, 819, 822, 832, 833, 834, 836, 839, 840, 856, 900]","[12, 24, 25, 28, 88, 100, 104, 119, 123, 129, 136, 137, 139, 140, 141, 148, 155, 169, 172, 179, 183, 185, 188, 196, 198, 217, 237, 267, 270, 278, 319, 321, 324, 325, 330, 334, 335, 354, 366, 369, 380, 383, 384, 386, 389, 390, 395, 407, 411, 423, 428, 436, 437, 452, 453, 456, 467, 471, 477, 478, 479, 497, 508, 511, 559, 571, 575, 590, 594, 600, 607, 608, 610, 611, 612, 619, 627, 640, 643, 650, 654, 656, 659, 667, 669, 685, 701, 726, 729, 737, 777, 779, 782, 783, 787, 790, 791, 809, 817, 819, 830, 833, 834, 836, 839, 840, 845, 856, 857, 860, 862, 875, 880, 887, 888, 899, 900, 914, 918, 921, 928, 929, 930]","[12, 24, 25, 28, 88, 100, 104, 119, 123, 129, 136, 137, 139, 140, 141, 148, 155, 169, 172, 179, 183, 185, 188, 196, 198, 217, 237, 267, 270, 278, 319, 321, 324, 325, 330, 334, 335, 354, 366, 369, 380, 383, 384, 386, 395, 407, 411, 423, 428, 436, 437, 452, 453, 456, 467, 471, 477, 478, 479, 497, 508, 511, 559, 571, 575, 590, 594, 600, 607, 608, 610, 611, 612, 619, 627, 640, 643, 650, 654, 656, 659, 667, 669, 685, 701, 726, 729, 737, 777, 779, 782, 783, 787, 790, 791, 809, 817, 819, 830, 833, 834, 836, 845, 856, 857, 860, 862, 875, 880, 887, 888, 899, 900, 914, 918, 921, 928, 929, 930]",6/6 successful match,True,,False,225,False,,,,,
"Tonopah , 89049 Tonopah Truck / Auto Plaza ( Texaco )",775-482-5780 1500 US 6-95 S,24 M,Tonopah,89049,Tonopah Truck / Auto Plaza ( Texaco ),775-482-5780,2007,Tonopah,NV,Texaco,,1500 US 6-95 S,Proper,,False,,False,US 6-95,,,,,"[840, 390]","[360, 389, 390, 839, 840]","[67, 95, 360, 389, 390, 542, 566, 839, 840]",[],"[338, 339, 340, 341, 342, 343, 344, 345, 346, 347, 348, 349, 350, 351, 352, 353, 354, 355, 356, 357, 358, 359, 360, 361, 362, 363, 364, 365, 366, 367, 368, 369, 370, 371, 372, 373, 374, 375, 376, 377, 378, 379, 380, 381, 382, 383, 384, 385, 386, 387, 388, 389, 390, 391, 392, 393, 394, 395, 396, 397, 794, 795, 796, 797, 798, 799, 800, 801, 802, 803, 804, 805, 806, 807, 808, 809, 810, 811, 812, 813, 814, 815, 816, 817, 818, 819, 820, 821, 822, 823, 824, 825, 826, 827, 828, 829, 830, 831, 832, 833, 834, 835, 836, 837, 838, 839, 840, 841, 842, 843, 844, 845, 846, 847]","[8, 43, 71, 84, 86, 268, 285, 339, 348, 354, 360, 369, 372, 382, 383, 384, 386, 389, 390, 407, 453, 523, 546, 555, 557, 727, 744, 795, 803, 809, 819, 822, 832, 833, 834, 836, 839, 840, 856, 900]","[26, 390, 474, 486, 509, 840, 922, 926]","[26, 389, 390, 474, 486, 509, 839, 840, 922, 926]","[8, 523, 26, 542, 546, 43, 555, 557, 566, 67, 71, 84, 86, 95, 856, 727, 744, 268, 794, 795, 796, 797, 798, 799, 800, 801, 802, 803, 804, 805, 806, 807, 808, 809, 810, 811, 812, 813, 814, 815, 816, 817, 818, 819, 820, 821, 822, 823, 824, 825, 826, 827, 828, 829, 830, 831, 832, 833, 834, 835, 836, 837, 838, 839, 840, 841, 842, 843, 844, 845, 846, 847, 338, 339, 340, 341, 342, 343, 344, 345, 346, 347, 348, 349, 350, 351, 352, 353, 354, 355, 356, 357, 358, 359, 360, 361, 362, 363, 364, 365, 366, 367, 368, 369, 370, 371, 372, 373, 374, 375, 376, 377, 378, 379, 380, 381, 382, 383, 384, 385, 386, 387, 388, 389, 390, 391, 392, 393, 394, 395, 396, 397, 407, 285, 922, 926, 900, 453, 474, 486, 509]",True,"[360, 389, 390, 839, 840]","[338, 339, 340, 341, 342, 343, 344, 345, 346, 347, 348, 349, 350, 351, 352, 353, 354, 355, 356, 357, 358, 359, 360, 361, 362, 363, 364, 365, 366, 367, 368, 369, 370, 371, 372, 373, 374, 375, 376, 377, 378, 379, 380, 381, 382, 383, 384, 385, 386, 387, 388, 389, 390, 391, 392, 393, 394, 395, 396, 397, 794, 795, 796, 797, 798, 799, 800, 801, 802, 803, 804, 805, 806, 807, 808, 809, 810, 811, 812, 813, 814, 815, 816, 817, 818, 819, 820, 821, 822, 823, 824, 825, 826, 827, 828, 829, 830, 831, 832, 833, 834, 835, 836, 837, 838, 839, 840, 841, 842, 843, 844, 845, 846, 847]","[67, 95, 360, 389, 390, 542, 566, 839, 840]",[],"[8, 43, 71, 84, 86, 268, 285, 339, 348, 354, 360, 369, 372, 382, 383, 384, 386, 389, 390, 407, 453, 523, 546, 555, 557, 727, 744, 795, 803, 809, 819, 822, 832, 833, 834, 836, 839, 840, 856, 900]","[26, 389, 390, 474, 486, 509, 839, 840, 922, 926]","[26, 390, 474, 486, 509, 840, 922, 926]",7/6 successful match,True,,False,225,False,,1.0,False,Tonopah Truck / Auto Plaza ( Chevron ),Chevron
"Tonopah , 89049 Tonopah Truck / Auto Plaza St )",775-482-5780 1500 US 6-95 S ( Chevron ),24 S,Tonopah,89049,Tonopah Truck / Auto Plaza St ),775-482-5780,2008,Tonopah,NV,,( Chevron ),1500 US 6-95 S,Proper,,False,,False,US 6-95,,,,,"[840, 390]","[360, 389, 390, 839, 840]","[67, 95, 360, 389, 390, 542, 566, 839, 840]",[],"[338, 339, 340, 341, 342, 343, 344, 345, 346, 347, 348, 349, 350, 351, 352, 353, 354, 355, 356, 357, 358, 359, 360, 361, 362, 363, 364, 365, 366, 367, 368, 369, 370, 371, 372, 373, 374, 375, 376, 377, 378, 379, 380, 381, 382, 383, 384, 385, 386, 387, 388, 389, 390, 391, 392, 393, 394, 395, 396, 397, 794, 795, 796, 797, 798, 799, 800, 801, 802, 803, 804, 805, 806, 807, 808, 809, 810, 811, 812, 813, 814, 815, 816, 817, 818, 819, 820, 821, 822, 823, 824, 825, 826, 827, 828, 829, 830, 831, 832, 833, 834, 835, 836, 837, 838, 839, 840, 841, 842, 843, 844, 845, 846, 847]","[8, 43, 71, 84, 86, 268, 285, 339, 348, 354, 360, 369, 372, 382, 383, 384, 386, 389, 390, 407, 453, 523, 546, 555, 557, 727, 744, 795, 803, 809, 819, 822, 832, 833, 834, 836, 839, 840, 856, 900]",[],"[389, 390, 839, 840]","[8, 523, 542, 546, 43, 555, 557, 566, 67, 71, 84, 86, 95, 856, 727, 744, 268, 794, 795, 796, 797, 798, 799, 800, 801, 802, 803, 804, 805, 806, 807, 808, 809, 810, 811, 812, 813, 814, 815, 816, 817, 818, 819, 820, 821, 822, 823, 824, 825, 826, 827, 828, 829, 830, 831, 832, 833, 834, 835, 836, 837, 838, 839, 840, 841, 842, 843, 844, 845, 846, 847, 338, 339, 340, 341, 342, 343, 344, 345, 346, 347, 348, 349, 350, 351, 352, 353, 354, 355, 356, 357, 358, 359, 360, 361, 362, 363, 364, 365, 366, 367, 368, 369, 370, 371, 372, 373, 374, 375, 376, 377, 378, 379, 380, 381, 382, 383, 384, 385, 386, 387, 388, 389, 390, 391, 392, 393, 394, 395, 396, 397, 407, 285, 900, 453]",True,"[360, 389, 390, 839, 840]","[338, 339, 340, 341, 342, 343, 344, 345, 346, 347, 348, 349, 350, 351, 352, 353, 354, 355, 356, 357, 358, 359, 360, 361, 362, 363, 364, 365, 366, 367, 368, 369, 370, 371, 372, 373, 374, 375, 376, 377, 378, 379, 380, 381, 382, 383, 384, 385, 386, 387, 388, 389, 390, 391, 392, 393, 394, 395, 396, 397, 794, 795, 796, 797, 798, 799, 800, 801, 802, 803, 804, 805, 806, 807, 808, 809, 810, 811, 812, 813, 814, 815, 816, 817, 818, 819, 820, 821, 822, 823, 824, 825, 826, 827, 828, 829, 830, 831, 832, 833, 834, 835, 836, 837, 838, 839, 840, 841, 842, 843, 844, 845, 846, 847]","[67, 95, 360, 389, 390, 542, 566, 839, 840]",[],"[8, 43, 71, 84, 86, 268, 285, 339, 348, 354, 360, 369, 372, 382, 383, 384, 386, 389, 390, 407, 453, 523, 546, 555, 557, 727, 744, 795, 803, 809, 819, 822, 832, 833, 834, 836, 839, 840, 856, 900]","[389, 390, 839, 840]",[],7/6 successful match,True,,False,225,False,,1.0,True,Tonopah Truck / Auto Plaza ( Texaco ),Texaco
G Tonopah ( 89049 ) Tonopah Truck / Auto Plaza ( Texaco ),775-482-5780 1500 US 95 S ( 1 mi S of Jct US 6 ),24 S,Tonopah,89049,Tonopah Truck / Auto Plaza ( Texaco ),775-482-5780,2014,Tonopah,NV,Texaco,( 1 mi S of Jct US 6 ),1500 US 95 S,Proper,,False,,False,US 95,,,,,"[840, 390]","[360, 389, 390, 839, 840]","[67, 95, 360, 389, 390, 542, 566, 839, 840]",[],"[338, 339, 340, 341, 342, 343, 344, 345, 346, 347, 348, 349, 350, 351, 352, 353, 354, 355, 356, 357, 358, 359, 360, 361, 362, 363, 364, 365, 366, 367, 368, 369, 370, 371, 372, 373, 374, 375, 376, 377, 378, 379, 380, 381, 382, 383, 384, 385, 386, 387, 388, 389, 390, 391, 392, 393, 394, 395, 396, 397, 794, 795, 796, 797, 798, 799, 800, 801, 802, 803, 804, 805, 806, 807, 808, 809, 810, 811, 812, 813, 814, 815, 816, 817, 818, 819, 820, 821, 822, 823, 824, 825, 826, 827, 828, 829, 830, 831, 832, 833, 834, 835, 836, 837, 838, 839, 840, 841, 842, 843, 844, 845, 846, 847]","[8, 43, 71, 84, 86, 339, 348, 354, 360, 369, 382, 383, 384, 389, 390, 523, 546, 555, 557, 795, 803, 809, 819, 832, 833, 834, 839, 840]","[26, 390, 474, 486, 509, 840, 922, 926]","[26, 389, 390, 474, 486, 509, 839, 840, 922, 926]","[8, 523, 26, 542, 546, 43, 555, 557, 566, 67, 71, 84, 86, 95, 794, 795, 796, 797, 798, 799, 800, 801, 802, 803, 804, 805, 806, 807, 808, 809, 810, 811, 812, 813, 814, 815, 816, 817, 818, 819, 820, 821, 822, 823, 824, 825, 826, 827, 828, 829, 830, 831, 832, 833, 834, 835, 836, 837, 838, 839, 840, 841, 842, 843, 844, 845, 846, 847, 338, 339, 340, 341, 342, 343, 344, 345, 346, 347, 348, 349, 350, 351, 352, 353, 354, 355, 356, 357, 358, 359, 360, 361, 362, 363, 364, 365, 366, 367, 368, 369, 370, 371, 372, 373, 374, 375, 376, 377, 378, 379, 380, 381, 382, 383, 384, 385, 386, 387, 388, 389, 390, 391, 392, 393, 394, 395, 396, 397, 922, 926, 474, 486, 509]",True,"[360, 389, 390, 839, 840]","[338, 339, 340, 341, 342, 343, 344, 345, 346, 347, 348, 349, 350, 351, 352, 353, 354, 355, 356, 357, 358, 359, 360, 361, 362, 363, 364, 365, 366, 367, 368, 369, 370, 371, 372, 373, 374, 375, 376, 377, 378, 379, 380, 381, 382, 383, 384, 385, 386, 387, 388, 389, 390, 391, 392, 393, 394, 395, 396, 397, 794, 795, 796, 797, 798, 799, 800, 801, 802, 803, 804, 805, 806, 807, 808, 809, 810, 811, 812, 813, 814, 815, 816, 817, 818, 819, 820, 821, 822, 823, 824, 825, 826, 827, 828, 829, 830, 831, 832, 833, 834, 835, 836, 837, 838, 839, 840, 841, 842, 843, 844, 845, 846, 847]","[67, 95, 360, 389, 390, 542, 566, 839, 840]",[],"[8, 43, 71, 84, 86, 339, 348, 354, 360, 369, 382, 383, 384, 389, 390, 523, 546, 555, 557, 795, 803, 809, 819, 832, 833, 834, 839, 840]","[26, 389, 390, 474, 486, 509, 839, 840, 922, 926]","[26, 390, 474, 486, 509, 840, 922, 926]",7/6 successful match,True,,False,225,False,,1.0,True,Tonopah Truck / Auto Plaza St ),
Tonopah ( 89049 ) Tonopah Truck / Auto Plaza ( Texaco ),775-482-5780 1500 US 95 S ( 1 mi S of Jct US 6 ),24 S D,Tonopah,89049,Tonopah Truck / Auto Plaza ( Texaco ),775-482-5780,2015,Tonopah,NV,Texaco,( 1 mi S of Jct US 6 ),1500 US 95 S,Proper,,False,,False,US 95,,,,,"[840, 390]","[360, 389, 390, 839, 840]","[67, 95, 360, 389, 390, 542, 566, 839, 840]",[],"[338, 339, 340, 341, 342, 343, 344, 345, 346, 347, 348, 349, 350, 351, 352, 353, 354, 355, 356, 357, 358, 359, 360, 361, 362, 363, 364, 365, 366, 367, 368, 369, 370, 371, 372, 373, 374, 375, 376, 377, 378, 379, 380, 381, 382, 383, 384, 385, 386, 387, 388, 389, 390, 391, 392, 393, 394, 395, 396, 397, 794, 795, 796, 797, 798, 799, 800, 801, 802, 803, 804, 805, 806, 807, 808, 809, 810, 811, 812, 813, 814, 815, 816, 817, 818, 819, 820, 821, 822, 823, 824, 825, 826, 827, 828, 829, 830, 831, 832, 833, 834, 835, 836, 837, 838, 839, 840, 841, 842, 843, 844, 845, 846, 847]","[8, 43, 71, 84, 86, 339, 348, 354, 360, 369, 382, 383, 384, 389, 390, 523, 546, 555, 557, 795, 803, 809, 819, 832, 833, 834, 839, 840]","[26, 390, 474, 486, 509, 840, 922, 926]","[26, 389, 390, 474, 486, 509, 839, 840, 922, 926]","[8, 523, 26, 542, 546, 43, 555, 557, 566, 67, 71, 84, 86, 95, 794, 795, 796, 797, 798, 799, 800, 801, 802, 803, 804, 805, 806, 807, 808, 809, 810, 811, 812, 813, 814, 815, 816, 817, 818, 819, 820, 821, 822, 823, 824, 825, 826, 827, 828, 829, 830, 831, 832, 833, 834, 835, 836, 837, 838, 839, 840, 841, 842, 843, 844, 845, 846, 847, 338, 339, 340, 341, 342, 343, 344, 345, 346, 347, 348, 349, 350, 351, 352, 353, 354, 355, 356, 357, 358, 359, 360, 361, 362, 363, 364, 365, 366, 367, 368, 369, 370, 371, 372, 373, 374, 375, 376, 377, 378, 379, 380, 381, 382, 383, 384, 385, 386, 387, 388, 389, 390, 391, 392, 393, 394, 395, 396, 397, 922, 926, 474, 486, 509]",True,"[360, 389, 390, 839, 840]","[338, 339, 340, 341, 342, 343, 344, 345, 346, 347, 348, 349, 350, 351, 352, 353, 354, 355, 356, 357, 358, 359, 360, 361, 362, 363, 364, 365, 366, 367, 368, 369, 370, 371, 372, 373, 374, 375, 376, 377, 378, 379, 380, 381, 382, 383, 384, 385, 386, 387, 388, 389, 390, 391, 392, 393, 394, 395, 396, 397, 794, 795, 796, 797, 798, 799, 800, 801, 802, 803, 804, 805, 806, 807, 808, 809, 810, 811, 812, 813, 814, 815, 816, 817, 818, 819, 820, 821, 822, 823, 824, 825, 826, 827, 828, 829, 830, 831, 832, 833, 834, 835, 836, 837, 838, 839, 840, 841, 842, 843, 844, 845, 846, 847]","[67, 95, 360, 389, 390, 542, 566, 839, 840]",[],"[8, 43, 71, 84, 86, 339, 348, 354, 360, 369, 382, 383, 384, 389, 390, 523, 546, 555, 557, 795, 803, 809, 819, 832, 833, 834, 839, 840]","[26, 389, 390, 474, 486, 509, 839, 840, 922, 926]","[26, 390, 474, 486, 509, 840, 922, 926]",7/6 successful match,True,,False,225,False,,1.0,True,Tonopah Truck / Auto Plaza ( Texaco ),Texaco
G Tonopah ( 89049 ) Tonopah Truck / Auto Plaza ( Texaco ),4 775-482-5780 1500 US 95 S ( 1 mi S of Jct US 6 ),24 S D,Tonopah,89049,Tonopah Truck / Auto Plaza ( Texaco ),775-482-5780,2016,Tonopah,NV,Texaco,( 1 mi S of Jct US 6 ),1500 US 95 S,Proper,,False,,False,US 95,,,,,"[840, 390]","[360, 389, 390, 839, 840]","[67, 95, 360, 389, 390, 542, 566, 839, 840]",[],"[338, 339, 340, 341, 342, 343, 344, 345, 346, 347, 348, 349, 350, 351, 352, 353, 354, 355, 356, 357, 358, 359, 360, 361, 362, 363, 364, 365, 366, 367, 368, 369, 370, 371, 372, 373, 374, 375, 376, 377, 378, 379, 380, 381, 382, 383, 384, 385, 386, 387, 388, 389, 390, 391, 392, 393, 394, 395, 396, 397, 794, 795, 796, 797, 798, 799, 800, 801, 802, 803, 804, 805, 806, 807, 808, 809, 810, 811, 812, 813, 814, 815, 816, 817, 818, 819, 820, 821, 822, 823, 824, 825, 826, 827, 828, 829, 830, 831, 832, 833, 834, 835, 836, 837, 838, 839, 840, 841, 842, 843, 844, 845, 846, 847]","[8, 43, 71, 84, 86, 339, 348, 354, 360, 369, 382, 383, 384, 389, 390, 523, 546, 555, 557, 795, 803, 809, 819, 832, 833, 834, 839, 840]","[26, 390, 474, 486, 509, 840, 922, 926]","[26, 389, 390, 474, 486, 509, 839, 840, 922, 926]","[8, 523, 26, 542, 546, 43, 555, 557, 566, 67, 71, 84, 86, 95, 794, 795, 796, 797, 798, 799, 800, 801, 802, 803, 804, 805, 806, 807, 808, 809, 810, 811, 812, 813, 814, 815, 816, 817, 818, 819, 820, 821, 822, 823, 824, 825, 826, 827, 828, 829, 830, 831, 832, 833, 834, 835, 836, 837, 838, 839, 840, 841, 842, 843, 844, 845, 846, 847, 338, 339, 340, 341, 342, 343, 344, 345, 346, 347, 348, 349, 350, 351, 352, 353, 354, 355, 356, 357, 358, 359, 360, 361, 362, 363, 364, 365, 366, 367, 368, 369, 370, 371, 372, 373, 374, 375, 376, 377, 378, 379, 380, 381, 382, 383, 384, 385, 386, 387, 388, 389, 390, 391, 392, 393, 394, 395, 396, 397, 922, 926, 474, 486, 509]",True,"[360, 389, 390, 839, 840]","[338, 339, 340, 341, 342, 343, 344, 345, 346, 347, 348, 349, 350, 351, 352, 353, 354, 355, 356, 357, 358, 359, 360, 361, 362, 363, 364, 365, 366, 367, 368, 369, 370, 371, 372, 373, 374, 375, 376, 377, 378, 379, 380, 381, 382, 383, 384, 385, 386, 387, 388, 389, 390, 391, 392, 393, 394, 395, 396, 397, 794, 795, 796, 797, 798, 799, 800, 801, 802, 803, 804, 805, 806, 807, 808, 809, 810, 811, 812, 813, 814, 815, 816, 817, 818, 819, 820, 821, 822, 823, 824, 825, 826, 827, 828, 829, 830, 831, 832, 833, 834, 835, 836, 837, 838, 839, 840, 841, 842, 843, 844, 845, 846, 847]","[67, 95, 360, 389, 390, 542, 566, 839, 840]",[],"[8, 43, 71, 84, 86, 339, 348, 354, 360, 369, 382, 383, 384, 389, 390, 523, 546, 555, 557, 795, 803, 809, 819, 832, 833, 834, 839, 840]","[26, 389, 390, 474, 486, 509, 839, 840, 922, 926]","[26, 390, 474, 486, 509, 840, 922, 926]",7/6 successful match,True,,False,225,False,,1.0,True,Tonopah Truck / Auto Plaza ( Texaco ),Texaco
"Las Vegas , 89103 Wild Wild West Truck Plaza",6 702-736-2298 I-15 Exit 37 ( 2-1 / 2 blks W on Tropicana ),) HRS XL +8,Las Vegas,89103,Wild Wild West Truck Plaza,702-736-2298,2006,Las Vegas,NV,,( 2-1 / 2 blks W on Tropicana ),I-15 Exit 37 ,Exit,37,False,,False,I-15,,,,,"[396, 846]","[396, 846]","[356, 363, 365, 367, 370, 375, 381, 391, 396, 811, 818, 820, 825, 831, 841, 846]","[283, 396, 742, 846]","[338, 339, 340, 341, 342, 343, 344, 345, 346, 347, 348, 349, 350, 351, 352, 353, 354, 355, 356, 357, 358, 359, 360, 361, 362, 363, 364, 365, 366, 367, 368, 369, 370, 371, 372, 373, 374, 375, 376, 377, 378, 379, 380, 381, 382, 383, 384, 385, 386, 387, 388, 389, 390, 391, 392, 393, 394, 395, 396, 397, 794, 795, 796, 797, 798, 799, 800, 801, 802, 803, 804, 805, 806, 807, 808, 809, 810, 811, 812, 813, 814, 815, 816, 817, 818, 819, 820, 821, 822, 823, 824, 825, 826, 827, 828, 829, 830, 831, 832, 833, 834, 835, 836, 837, 838, 839, 840, 841, 842, 843, 844, 845, 846, 847]","[16, 125, 156, 163, 168, 184, 205, 222, 229, 253, 258, 265, 313, 317, 336, 340, 341, 356, 363, 365, 366, 367, 370, 375, 388, 391, 394, 396, 402, 410, 411, 412, 413, 415, 416, 417, 418, 419, 425, 429, 431, 433, 435, 437, 440, 441, 442, 443, 451, 452, 456, 457, 458, 460, 461, 464, 471, 473, 474, 475, 481, 482, 501, 596, 628, 635, 655, 675, 693, 716, 720, 725, 771, 775, 793, 796, 797, 811, 817, 818, 820, 825, 838, 841, 844, 846, 851, 857, 861, 862, 863, 864, 866, 867, 868, 870, 871, 877, 881, 883, 885, 888, 891, 892, 893, 898, 899, 904, 905, 907, 908, 911, 918, 920, 921, 922, 923, 924, 926, 931, 933]",[],"[396, 846]","[16, 922, 313, 877, 317, 596, 888, 628, 635, 125, 655, 881, 156, 163, 675, 168, 693, 184, 851, 883, 716, 205, 720, 725, 857, 222, 229, 742, 861, 862, 863, 885, 864, 253, 258, 771, 866, 775, 265, 867, 868, 793, 794, 283, 795, 796, 797, 798, 799, 800, 801, 802, 803, 804, 805, 806, 807, 808, 809, 811, 810, 812, 813, 814, 815, 816, 818, 817, 820, 819, 821, 822, 823, 825, 824, 826, 827, 828, 829, 831, 830, 832, 833, 834, 835, 836, 837, 838, 839, 841, 840, 842, 843, 844, 846, 845, 847, 336, 338, 339, 340, 341, 342, 343, 344, 345, 346, 347, 348, 349, 350, 351, 352, 353, 354, 355, 356, 357, 358, 359, 360, 361, 362, 363, 364, 365, 366, 367, 368, 369, 370, 371, 372, 373, 374, 375, 376, 377, 378, 379, 380, 381, 382, 383, 384, 385, 386, 387, 388, 389, 390, 391, 392, 393, 394, 395, 396, 397, 892, 893, 870, 891, 402, 907, 908, 911, 918, 920, 921, 410, 411, 412, 413, 871, 415, 416, 417, 418, 419, 923, 924, 926, 898, 931, 425, 933, 899, 429, 431, 433, 435, 437, 440, 441, 442, 443, 451, 452, 904, 456, 457, 458, 905, 460, 461, 464, 471, 473, 474, 475, 481, 482, 501]",True,"[396, 846]","[338, 339, 340, 341, 342, 343, 344, 345, 346, 347, 348, 349, 350, 351, 352, 353, 354, 355, 356, 357, 358, 359, 360, 361, 362, 363, 364, 365, 366, 367, 368, 369, 370, 371, 372, 373, 374, 375, 376, 377, 378, 379, 380, 381, 382, 383, 384, 385, 386, 387, 388, 389, 390, 391, 392, 393, 394, 395, 396, 397, 794, 795, 796, 797, 798, 799, 800, 801, 802, 803, 804, 805, 806, 807, 808, 809, 810, 811, 812, 813, 814, 815, 816, 817, 818, 819, 820, 821, 822, 823, 824, 825, 826, 827, 828, 829, 830, 831, 832, 833, 834, 835, 836, 837, 838, 839, 840, 841, 842, 843, 844, 845, 846, 847]","[356, 363, 365, 367, 370, 375, 381, 391, 396, 811, 818, 820, 825, 831, 841, 846]","[283, 396, 742, 846]","[16, 125, 156, 163, 168, 184, 205, 222, 229, 253, 258, 265, 313, 317, 336, 340, 341, 356, 363, 365, 366, 367, 370, 375, 388, 391, 394, 396, 402, 410, 411, 412, 413, 415, 416, 417, 418, 419, 425, 429, 431, 433, 435, 437, 440, 441, 442, 443, 451, 452, 456, 457, 458, 460, 461, 464, 471, 473, 474, 475, 481, 482, 501, 596, 628, 635, 655, 675, 693, 716, 720, 725, 771, 775, 793, 796, 797, 811, 817, 818, 820, 825, 838, 841, 844, 846, 851, 857, 861, 862, 863, 864, 866, 867, 868, 870, 871, 877, 881, 883, 885, 888, 891, 892, 893, 898, 899, 904, 905, 907, 908, 911, 918, 920, 921, 922, 923, 924, 926, 931, 933]","[396, 846]",[],7/6 successful match,True,[417],True,226,False,,,,,
Wild Wild West Truck Plaza,"702-736-2298 Las Vegas , 89103 I-15 Exit 37 ( 2-1 / 2 blks W on Tropicana",) XL <U+2610> 24,,89103,,702-736-2298,2007,Las Vegas,NV,,( 2-1 / 2 blks W on Tropicana,"Las Vegas, I-15 Exit 37",Exit,37,False,,False,I-15,,,,,"[396, 846]","[396, 846]","[356, 363, 365, 367, 370, 375, 381, 391, 396, 811, 818, 820, 825, 831, 841, 846]","[283, 396, 742, 846]","[338, 339, 340, 341, 342, 343, 344, 345, 346, 347, 348, 349, 350, 351, 352, 353, 354, 355, 356, 357, 358, 359, 360, 361, 362, 363, 364, 365, 366, 367, 368, 369, 370, 371, 372, 373, 374, 375, 376, 377, 378, 379, 380, 381, 382, 383, 384, 385, 386, 387, 388, 389, 390, 391, 392, 393, 394, 395, 396, 397, 794, 795, 796, 797, 798, 799, 800, 801, 802, 803, 804, 805, 806, 807, 808, 809, 810, 811, 812, 813, 814, 815, 816, 817, 818, 819, 820, 821, 822, 823, 824, 825, 826, 827, 828, 829, 830, 831, 832, 833, 834, 835, 836, 837, 838, 839, 840, 841, 842, 843, 844, 845, 846, 847]","[16, 125, 156, 163, 168, 184, 205, 222, 229, 253, 258, 265, 313, 317, 336, 340, 341, 356, 363, 365, 366, 367, 370, 375, 388, 391, 394, 396, 402, 410, 411, 412, 413, 415, 416, 417, 418, 419, 425, 429, 431, 433, 435, 437, 440, 441, 442, 443, 451, 452, 456, 457, 458, 460, 461, 464, 471, 473, 474, 475, 481, 482, 501, 596, 628, 635, 655, 675, 693, 716, 720, 725, 771, 775, 793, 796, 797, 811, 817, 818, 820, 825, 838, 841, 844, 846, 851, 857, 861, 862, 863, 864, 866, 867, 868, 870, 871, 877, 881, 883, 885, 888, 891, 892, 893, 898, 899, 904, 905, 907, 908, 911, 918, 920, 921, 922, 923, 924, 926, 931, 933]",[],[],"[16, 922, 313, 877, 317, 596, 888, 628, 635, 125, 655, 881, 156, 163, 675, 168, 693, 184, 851, 883, 716, 205, 720, 725, 857, 222, 229, 742, 861, 862, 863, 885, 864, 253, 258, 771, 866, 775, 265, 867, 868, 793, 794, 283, 795, 796, 797, 798, 799, 800, 801, 802, 803, 804, 805, 806, 807, 808, 809, 811, 810, 812, 813, 814, 815, 816, 818, 817, 820, 819, 821, 822, 823, 825, 824, 826, 827, 828, 829, 831, 830, 832, 833, 834, 835, 836, 837, 838, 839, 841, 840, 842, 843, 844, 846, 845, 847, 336, 338, 339, 340, 341, 342, 343, 344, 345, 346, 347, 348, 349, 350, 351, 352, 353, 354, 355, 356, 357, 358, 359, 360, 361, 362, 363, 364, 365, 366, 367, 368, 369, 370, 371, 372, 373, 374, 375, 376, 377, 378, 379, 380, 381, 382, 383, 384, 385, 386, 387, 388, 389, 390, 391, 392, 393, 394, 395, 396, 397, 892, 893, 870, 891, 402, 907, 908, 911, 918, 920, 921, 410, 411, 412, 413, 871, 415, 416, 417, 418, 419, 923, 924, 926, 898, 931, 425, 933, 899, 429, 431, 433, 435, 437, 440, 441, 442, 443, 451, 452, 904, 456, 457, 458, 905, 460, 461, 464, 471, 473, 474, 475, 481, 482, 501]",True,"[396, 846]","[338, 339, 340, 341, 342, 343, 344, 345, 346, 347, 348, 349, 350, 351, 352, 353, 354, 355, 356, 357, 358, 359, 360, 361, 362, 363, 364, 365, 366, 367, 368, 369, 370, 371, 372, 373, 374, 375, 376, 377, 378, 379, 380, 381, 382, 383, 384, 385, 386, 387, 388, 389, 390, 391, 392, 393, 394, 395, 396, 397, 794, 795, 796, 797, 798, 799, 800, 801, 802, 803, 804, 805, 806, 807, 808, 809, 810, 811, 812, 813, 814, 815, 816, 817, 818, 819, 820, 821, 822, 823, 824, 825, 826, 827, 828, 829, 830, 831, 832, 833, 834, 835, 836, 837, 838, 839, 840, 841, 842, 843, 844, 845, 846, 847]","[356, 363, 365, 367, 370, 375, 381, 391, 396, 811, 818, 820, 825, 831, 841, 846]","[283, 396, 742, 846]","[16, 125, 156, 163, 168, 184, 205, 222, 229, 253, 258, 265, 313, 317, 336, 340, 341, 356, 363, 365, 366, 367, 370, 375, 388, 391, 394, 396, 402, 410, 411, 412, 413, 415, 416, 417, 418, 419, 425, 429, 431, 433, 435, 437, 440, 441, 442, 443, 451, 452, 456, 457, 458, 460, 461, 464, 471, 473, 474, 475, 481, 482, 501, 596, 628, 635, 655, 675, 693, 716, 720, 725, 771, 775, 793, 796, 797, 811, 817, 818, 820, 825, 838, 841, 844, 846, 851, 857, 861, 862, 863, 864, 866, 867, 868, 870, 871, 877, 881, 883, 885, 888, 891, 892, 893, 898, 899, 904, 905, 907, 908, 911, 918, 920, 921, 922, 923, 924, 926, 931, 933]",[],[],7/6 successful match,True,[417],True,226,True,2007,0.0,True,Wild Wild West Truck Plaza,
"Las Vegas , 89103 Wild Wild West Truck Plaza Rd )",6 702-736-2298 I-15 Exit 37 ( 2-1 / 2 blks,) D XL 124 12 <U+25A1> <U+2610><U+2610>,Las Vegas,89103,Wild Wild West Truck Plaza Rd ),702-736-2298,2008,Las Vegas,NV,,( 2-1 / 2 blks,I-15 Exit 37 ,Exit,37,False,,False,I-15,,,,,"[396, 846]","[396, 846]","[356, 363, 365, 367, 370, 375, 381, 391, 396, 811, 818, 820, 825, 831, 841, 846]","[283, 396, 742, 846]","[338, 339, 340, 341, 342, 343, 344, 345, 346, 347, 348, 349, 350, 351, 352, 353, 354, 355, 356, 357, 358, 359, 360, 361, 362, 363, 364, 365, 366, 367, 368, 369, 370, 371, 372, 373, 374, 375, 376, 377, 378, 379, 380, 381, 382, 383, 384, 385, 386, 387, 388, 389, 390, 391, 392, 393, 394, 395, 396, 397, 794, 795, 796, 797, 798, 799, 800, 801, 802, 803, 804, 805, 806, 807, 808, 809, 810, 811, 812, 813, 814, 815, 816, 817, 818, 819, 820, 821, 822, 823, 824, 825, 826, 827, 828, 829, 830, 831, 832, 833, 834, 835, 836, 837, 838, 839, 840, 841, 842, 843, 844, 845, 846, 847]","[16, 125, 156, 163, 168, 184, 205, 222, 229, 253, 258, 265, 313, 317, 336, 340, 341, 356, 363, 365, 366, 367, 370, 375, 388, 391, 394, 396, 402, 410, 411, 412, 413, 415, 416, 417, 418, 419, 425, 429, 431, 433, 435, 437, 440, 441, 442, 443, 451, 452, 456, 457, 458, 460, 461, 464, 471, 473, 474, 475, 481, 482, 501, 596, 628, 635, 655, 675, 693, 716, 720, 725, 771, 775, 793, 796, 797, 811, 817, 818, 820, 825, 838, 841, 844, 846, 851, 857, 861, 862, 863, 864, 866, 867, 868, 870, 871, 877, 881, 883, 885, 888, 891, 892, 893, 898, 899, 904, 905, 907, 908, 911, 918, 920, 921, 922, 923, 924, 926, 931, 933]",[],"[396, 846]","[16, 922, 313, 877, 317, 596, 888, 628, 635, 125, 655, 881, 156, 163, 675, 168, 693, 184, 851, 883, 716, 205, 720, 725, 857, 222, 229, 742, 861, 862, 863, 885, 864, 253, 258, 771, 866, 775, 265, 867, 868, 793, 794, 283, 795, 796, 797, 798, 799, 800, 801, 802, 803, 804, 805, 806, 807, 808, 809, 811, 810, 812, 813, 814, 815, 816, 818, 817, 820, 819, 821, 822, 823, 825, 824, 826, 827, 828, 829, 831, 830, 832, 833, 834, 835, 836, 837, 838, 839, 841, 840, 842, 843, 844, 846, 845, 847, 336, 338, 339, 340, 341, 342, 343, 344, 345, 346, 347, 348, 349, 350, 351, 352, 353, 354, 355, 356, 357, 358, 359, 360, 361, 362, 363, 364, 365, 366, 367, 368, 369, 370, 371, 372, 373, 374, 375, 376, 377, 378, 379, 380, 381, 382, 383, 384, 385, 386, 387, 388, 389, 390, 391, 392, 393, 394, 395, 396, 397, 892, 893, 870, 891, 402, 907, 908, 911, 918, 920, 921, 410, 411, 412, 413, 871, 415, 416, 417, 418, 419, 923, 924, 926, 898, 931, 425, 933, 899, 429, 431, 433, 435, 437, 440, 441, 442, 443, 451, 452, 904, 456, 457, 458, 905, 460, 461, 464, 471, 473, 474, 475, 481, 482, 501]",True,"[396, 846]","[338, 339, 340, 341, 342, 343, 344, 345, 346, 347, 348, 349, 350, 351, 352, 353, 354, 355, 356, 357, 358, 359, 360, 361, 362, 363, 364, 365, 366, 367, 368, 369, 370, 371, 372, 373, 374, 375, 376, 377, 378, 379, 380, 381, 382, 383, 384, 385, 386, 387, 388, 389, 390, 391, 392, 393, 394, 395, 396, 397, 794, 795, 796, 797, 798, 799, 800, 801, 802, 803, 804, 805, 806, 807, 808, 809, 810, 811, 812, 813, 814, 815, 816, 817, 818, 819, 820, 821, 822, 823, 824, 825, 826, 827, 828, 829, 830, 831, 832, 833, 834, 835, 836, 837, 838, 839, 840, 841, 842, 843, 844, 845, 846, 847]","[356, 363, 365, 367, 370, 375, 381, 391, 396, 811, 818, 820, 825, 831, 841, 846]","[283, 396, 742, 846]","[16, 125, 156, 163, 168, 184, 205, 222, 229, 253, 258, 265, 313, 317, 336, 340, 341, 356, 363, 365, 366, 367, 370, 375, 388, 391, 394, 396, 402, 410, 411, 412, 413, 415, 416, 417, 418, 419, 425, 429, 431, 433, 435, 437, 440, 441, 442, 443, 451, 452, 456, 457, 458, 460, 461, 464, 471, 473, 474, 475, 481, 482, 501, 596, 628, 635, 655, 675, 693, 716, 720, 725, 771, 775, 793, 796, 797, 811, 817, 818, 820, 825, 838, 841, 844, 846, 851, 857, 861, 862, 863, 864, 866, 867, 868, 870, 871, 877, 881, 883, 885, 888, 891, 892, 893, 898, 899, 904, 905, 907, 908, 911, 918, 920, 921, 922, 923, 924, 926, 931, 933]","[396, 846]",[],7/6 successful match,True,[417],True,226,True,2008,0.0,True,,
Las Vegas ( 89103 ) Wild Wild West Truck Plaza,6 702-736-2298 I-15 Exit 37 ( 2-1 / 2 blks W on Tropicana ),) <U+2610> XL 24 2 <U+2610>,Las Vegas,89103,Wild Wild West Truck Plaza,702-736-2298,2014,Las Vegas,NV,,( 2-1 / 2 blks W on Tropicana ),I-15 Exit 37 ,Exit,37,False,,False,I-15,,,,,"[396, 846]","[396, 846]","[356, 363, 365, 367, 370, 375, 381, 391, 396, 811, 818, 820, 825, 831, 841, 846]","[283, 396, 742, 846]","[338, 339, 340, 341, 342, 343, 344, 345, 346, 347, 348, 349, 350, 351, 352, 353, 354, 355, 356, 357, 358, 359, 360, 361, 362, 363, 364, 365, 366, 367, 368, 369, 370, 371, 372, 373, 374, 375, 376, 377, 378, 379, 380, 381, 382, 383, 384, 385, 386, 387, 388, 389, 390, 391, 392, 393, 394, 395, 396, 397, 794, 795, 796, 797, 798, 799, 800, 801, 802, 803, 804, 805, 806, 807, 808, 809, 810, 811, 812, 813, 814, 815, 816, 817, 818, 819, 820, 821, 822, 823, 824, 825, 826, 827, 828, 829, 830, 831, 832, 833, 834, 835, 836, 837, 838, 839, 840, 841, 842, 843, 844, 845, 846, 847]","[16, 125, 156, 163, 168, 184, 205, 222, 229, 253, 258, 265, 313, 317, 336, 340, 341, 356, 363, 365, 366, 367, 370, 375, 388, 391, 394, 396, 402, 410, 411, 412, 413, 415, 416, 417, 418, 419, 425, 429, 431, 433, 435, 437, 440, 441, 442, 443, 451, 452, 456, 457, 458, 460, 461, 464, 471, 473, 474, 475, 481, 482, 501, 596, 628, 635, 655, 675, 693, 716, 720, 725, 771, 775, 793, 796, 797, 811, 817, 818, 820, 825, 838, 841, 844, 846, 851, 857, 861, 862, 863, 864, 866, 867, 868, 870, 871, 877, 881, 883, 885, 888, 891, 892, 893, 898, 899, 904, 905, 907, 908, 911, 918, 920, 921, 922, 923, 924, 926, 931, 933]",[],"[396, 846]","[16, 922, 313, 877, 317, 596, 888, 628, 635, 125, 655, 881, 156, 163, 675, 168, 693, 184, 851, 883, 716, 205, 720, 725, 857, 222, 229, 742, 861, 862, 863, 885, 864, 253, 258, 771, 866, 775, 265, 867, 868, 793, 794, 283, 795, 796, 797, 798, 799, 800, 801, 802, 803, 804, 805, 806, 807, 808, 809, 811, 810, 812, 813, 814, 815, 816, 818, 817, 820, 819, 821, 822, 823, 825, 824, 826, 827, 828, 829, 831, 830, 832, 833, 834, 835, 836, 837, 838, 839, 841, 840, 842, 843, 844, 846, 845, 847, 336, 338, 339, 340, 341, 342, 343, 344, 345, 346, 347, 348, 349, 350, 351, 352, 353, 354, 355, 356, 357, 358, 359, 360, 361, 362, 363, 364, 365, 366, 367, 368, 369, 370, 371, 372, 373, 374, 375, 376, 377, 378, 379, 380, 381, 382, 383, 384, 385, 386, 387, 388, 389, 390, 391, 392, 393, 394, 395, 396, 397, 892, 893, 870, 891, 402, 907, 908, 911, 918, 920, 921, 410, 411, 412, 413, 871, 415, 416, 417, 418, 419, 923, 924, 926, 898, 931, 425, 933, 899, 429, 431, 433, 435, 437, 440, 441, 442, 443, 451, 452, 904, 456, 457, 458, 905, 460, 461, 464, 471, 473, 474, 475, 481, 482, 501]",True,"[396, 846]","[338, 339, 340, 341, 342, 343, 344, 345, 346, 347, 348, 349, 350, 351, 352, 353, 354, 355, 356, 357, 358, 359, 360, 361, 362, 363, 364, 365, 366, 367, 368, 369, 370, 371, 372, 373, 374, 375, 376, 377, 378, 379, 380, 381, 382, 383, 384, 385, 386, 387, 388, 389, 390, 391, 392, 393, 394, 395, 396, 397, 794, 795, 796, 797, 798, 799, 800, 801, 802, 803, 804, 805, 806, 807, 808, 809, 810, 811, 812, 813, 814, 815, 816, 817, 818, 819, 820, 821, 822, 823, 824, 825, 826, 827, 828, 829, 830, 831, 832, 833, 834, 835, 836, 837, 838, 839, 840, 841, 842, 843, 844, 845, 846, 847]","[356, 363, 365, 367, 370, 375, 381, 391, 396, 811, 818, 820, 825, 831, 841, 846]","[283, 396, 742, 846]","[16, 125, 156, 163, 168, 184, 205, 222, 229, 253, 258, 265, 313, 317, 336, 340, 341, 356, 363, 365, 366, 367, 370, 375, 388, 391, 394, 396, 402, 410, 411, 412, 413, 415, 416, 417, 418, 419, 425, 429, 431, 433, 435, 437, 440, 441, 442, 443, 451, 452, 456, 457, 458, 460, 461, 464, 471, 473, 474, 475, 481, 482, 501, 596, 628, 635, 655, 675, 693, 716, 720, 725, 771, 775, 793, 796, 797, 811, 817, 818, 820, 825, 838, 841, 844, 846, 851, 857, 861, 862, 863, 864, 866, 867, 868, 870, 871, 877, 881, 883, 885, 888, 891, 892, 893, 898, 899, 904, 905, 907, 908, 911, 918, 920, 921, 922, 923, 924, 926, 931, 933]","[396, 846]",[],7/6 successful match,True,[417],True,226,False,,1.0,True,Wild Wild West Truck Plaza Rd ),
Las Vegas ( 89103 ) Wild Wild West Truck Plaza ( Sinclair ) ),702-736-2298 I-15 Exit 37 ( 2-1 / 2 blks W on,<U+25A1> XL 24 225 <U+2610> <U+2610>,Las Vegas,89103,Wild Wild West Truck Plaza ( Sinclair ) ),702-736-2298,2015,Las Vegas,NV,Sinclair,( 2-1 / 2 blks W on,I-15 Exit 37 ,Exit,37,False,,False,I-15,,,,,"[396, 846]","[396, 846]","[356, 363, 365, 367, 370, 375, 381, 391, 396, 811, 818, 820, 825, 831, 841, 846]","[283, 396, 742, 846]","[338, 339, 340, 341, 342, 343, 344, 345, 346, 347, 348, 349, 350, 351, 352, 353, 354, 355, 356, 357, 358, 359, 360, 361, 362, 363, 364, 365, 366, 367, 368, 369, 370, 371, 372, 373, 374, 375, 376, 377, 378, 379, 380, 381, 382, 383, 384, 385, 386, 387, 388, 389, 390, 391, 392, 393, 394, 395, 396, 397, 794, 795, 796, 797, 798, 799, 800, 801, 802, 803, 804, 805, 806, 807, 808, 809, 810, 811, 812, 813, 814, 815, 816, 817, 818, 819, 820, 821, 822, 823, 824, 825, 826, 827, 828, 829, 830, 831, 832, 833, 834, 835, 836, 837, 838, 839, 840, 841, 842, 843, 844, 845, 846, 847]","[16, 125, 156, 163, 168, 184, 205, 222, 229, 253, 258, 265, 313, 317, 336, 340, 341, 356, 363, 365, 366, 367, 370, 375, 388, 391, 394, 396, 402, 410, 411, 412, 413, 415, 416, 417, 418, 419, 425, 429, 431, 433, 435, 437, 440, 441, 442, 443, 451, 452, 456, 457, 458, 460, 461, 464, 471, 473, 474, 475, 481, 482, 501, 596, 628, 635, 655, 675, 693, 716, 720, 725, 771, 775, 793, 796, 797, 811, 817, 818, 820, 825, 838, 841, 844, 846, 851, 857, 861, 862, 863, 864, 866, 867, 868, 870, 871, 877, 881, 883, 885, 888, 891, 892, 893, 898, 899, 904, 905, 907, 908, 911, 918, 920, 921, 922, 923, 924, 926, 931, 933]","[31, 142, 147, 180, 338, 352, 367, 387, 403, 405, 408, 410, 455, 465, 466, 468, 470, 472, 473, 483, 484, 514, 613, 618, 651, 794, 807, 837, 852, 854, 858, 861, 902, 912, 913, 915, 917, 919, 920, 931, 934, 935]","[31, 142, 147, 180, 338, 352, 367, 387, 396, 403, 405, 408, 410, 455, 465, 466, 468, 470, 472, 473, 483, 484, 514, 613, 618, 651, 794, 807, 837, 846, 852, 854, 858, 861, 902, 912, 913, 915, 917, 919, 920, 931, 934, 935]","[514, 408, 917, 16, 919, 922, 31, 313, 877, 317, 596, 888, 613, 618, 628, 635, 125, 651, 142, 655, 147, 881, 156, 163, 675, 168, 180, 693, 184, 851, 852, 883, 854, 716, 205, 720, 725, 857, 858, 222, 229, 742, 861, 862, 863, 885, 864, 253, 258, 771, 866, 775, 265, 867, 868, 793, 794, 283, 795, 796, 797, 798, 799, 800, 801, 802, 803, 804, 805, 806, 807, 808, 809, 811, 810, 812, 813, 814, 815, 816, 818, 817, 820, 819, 821, 822, 823, 825, 824, 826, 827, 828, 829, 831, 830, 832, 833, 834, 835, 836, 837, 838, 839, 841, 840, 842, 843, 844, 846, 845, 847, 336, 338, 339, 340, 341, 342, 343, 344, 345, 346, 347, 348, 349, 350, 351, 352, 353, 354, 355, 356, 357, 358, 359, 360, 361, 362, 363, 364, 365, 366, 367, 368, 369, 370, 371, 372, 373, 374, 375, 376, 377, 378, 379, 380, 381, 382, 383, 384, 385, 386, 387, 388, 389, 390, 391, 392, 393, 394, 395, 396, 397, 892, 893, 870, 891, 402, 907, 908, 911, 918, 403, 920, 921, 410, 411, 412, 413, 871, 415, 416, 417, 418, 419, 923, 924, 926, 898, 931, 425, 933, 934, 899, 429, 935, 431, 433, 435, 437, 440, 441, 442, 443, 902, 451, 452, 904, 455, 456, 457, 458, 905, 460, 461, 464, 465, 466, 468, 470, 471, 472, 473, 474, 475, 481, 482, 483, 484, 912, 913, 501, 405, 915]",True,"[396, 846]","[338, 339, 340, 341, 342, 343, 344, 345, 346, 347, 348, 349, 350, 351, 352, 353, 354, 355, 356, 357, 358, 359, 360, 361, 362, 363, 364, 365, 366, 367, 368, 369, 370, 371, 372, 373, 374, 375, 376, 377, 378, 379, 380, 381, 382, 383, 384, 385, 386, 387, 388, 389, 390, 391, 392, 393, 394, 395, 396, 397, 794, 795, 796, 797, 798, 799, 800, 801, 802, 803, 804, 805, 806, 807, 808, 809, 810, 811, 812, 813, 814, 815, 816, 817, 818, 819, 820, 821, 822, 823, 824, 825, 826, 827, 828, 829, 830, 831, 832, 833, 834, 835, 836, 837, 838, 839, 840, 841, 842, 843, 844, 845, 846, 847]","[356, 363, 365, 367, 370, 375, 381, 391, 396, 811, 818, 820, 825, 831, 841, 846]","[283, 396, 742, 846]","[16, 125, 156, 163, 168, 184, 205, 222, 229, 253, 258, 265, 313, 317, 336, 340, 341, 356, 363, 365, 366, 367, 370, 375, 388, 391, 394, 396, 402, 410, 411, 412, 413, 415, 416, 417, 418, 419, 425, 429, 431, 433, 435, 437, 440, 441, 442, 443, 451, 452, 456, 457, 458, 460, 461, 464, 471, 473, 474, 475, 481, 482, 501, 596, 628, 635, 655, 675, 693, 716, 720, 725, 771, 775, 793, 796, 797, 811, 817, 818, 820, 825, 838, 841, 844, 846, 851, 857, 861, 862, 863, 864, 866, 867, 868, 870, 871, 877, 881, 883, 885, 888, 891, 892, 893, 898, 899, 904, 905, 907, 908, 911, 918, 920, 921, 922, 923, 924, 926, 931, 933]","[31, 142, 147, 180, 338, 352, 367, 387, 396, 403, 405, 408, 410, 455, 465, 466, 468, 470, 472, 473, 483, 484, 514, 613, 618, 651, 794, 807, 837, 846, 852, 854, 858, 861, 902, 912, 913, 915, 917, 919, 920, 931, 934, 935]","[31, 142, 147, 180, 338, 352, 367, 387, 403, 405, 408, 410, 455, 465, 466, 468, 470, 472, 473, 483, 484, 514, 613, 618, 651, 794, 807, 837, 852, 854, 858, 861, 902, 912, 913, 915, 917, 919, 920, 931, 934, 935]",7/6 successful match,True,[417],True,226,False,,0.9995024875621891,True,Wild Wild West Truck Plaza,
Las Vegas ( 89103 ) Wild Wild West Truck Plaza ( Sinclair ),6 702-736-2298 I-15 Exit 37 ( 2-1 / 2 blks W on,) <U+2610> X 24,Las Vegas,89103,Wild Wild West Truck Plaza ( Sinclair ),702-736-2298,2016,Las Vegas,NV,Sinclair,( 2-1 / 2 blks W on,I-15 Exit 37 ,Exit,37,False,,False,I-15,,,,,"[396, 846]","[396, 846]","[356, 363, 365, 367, 370, 375, 381, 391, 396, 811, 818, 820, 825, 831, 841, 846]","[283, 396, 742, 846]","[338, 339, 340, 341, 342, 343, 344, 345, 346, 347, 348, 349, 350, 351, 352, 353, 354, 355, 356, 357, 358, 359, 360, 361, 362, 363, 364, 365, 366, 367, 368, 369, 370, 371, 372, 373, 374, 375, 376, 377, 378, 379, 380, 381, 382, 383, 384, 385, 386, 387, 388, 389, 390, 391, 392, 393, 394, 395, 396, 397, 794, 795, 796, 797, 798, 799, 800, 801, 802, 803, 804, 805, 806, 807, 808, 809, 810, 811, 812, 813, 814, 815, 816, 817, 818, 819, 820, 821, 822, 823, 824, 825, 826, 827, 828, 829, 830, 831, 832, 833, 834, 835, 836, 837, 838, 839, 840, 841, 842, 843, 844, 845, 846, 847]","[16, 125, 156, 163, 168, 184, 205, 222, 229, 253, 258, 265, 313, 317, 336, 340, 341, 356, 363, 365, 366, 367, 370, 375, 388, 391, 394, 396, 402, 410, 411, 412, 413, 415, 416, 417, 418, 419, 425, 429, 431, 433, 435, 437, 440, 441, 442, 443, 451, 452, 456, 457, 458, 460, 461, 464, 471, 473, 474, 475, 481, 482, 501, 596, 628, 635, 655, 675, 693, 716, 720, 725, 771, 775, 793, 796, 797, 811, 817, 818, 820, 825, 838, 841, 844, 846, 851, 857, 861, 862, 863, 864, 866, 867, 868, 870, 871, 877, 881, 883, 885, 888, 891, 892, 893, 898, 899, 904, 905, 907, 908, 911, 918, 920, 921, 922, 923, 924, 926, 931, 933]","[31, 142, 147, 180, 338, 352, 367, 387, 403, 405, 408, 410, 455, 465, 466, 468, 470, 472, 473, 483, 484, 514, 613, 618, 651, 794, 807, 837, 852, 854, 858, 861, 902, 912, 913, 915, 917, 919, 920, 931, 934, 935]","[31, 142, 147, 180, 338, 352, 367, 387, 396, 403, 405, 408, 410, 455, 465, 466, 468, 470, 472, 473, 483, 484, 514, 613, 618, 651, 794, 807, 837, 846, 852, 854, 858, 861, 902, 912, 913, 915, 917, 919, 920, 931, 934, 935]","[514, 408, 917, 16, 919, 922, 31, 313, 877, 317, 596, 888, 613, 618, 628, 635, 125, 651, 142, 655, 147, 881, 156, 163, 675, 168, 180, 693, 184, 851, 852, 883, 854, 716, 205, 720, 725, 857, 858, 222, 229, 742, 861, 862, 863, 885, 864, 253, 258, 771, 866, 775, 265, 867, 868, 793, 794, 283, 795, 796, 797, 798, 799, 800, 801, 802, 803, 804, 805, 806, 807, 808, 809, 811, 810, 812, 813, 814, 815, 816, 818, 817, 820, 819, 821, 822, 823, 825, 824, 826, 827, 828, 829, 831, 830, 832, 833, 834, 835, 836, 837, 838, 839, 841, 840, 842, 843, 844, 846, 845, 847, 336, 338, 339, 340, 341, 342, 343, 344, 345, 346, 347, 348, 349, 350, 351, 352, 353, 354, 355, 356, 357, 358, 359, 360, 361, 362, 363, 364, 365, 366, 367, 368, 369, 370, 371, 372, 373, 374, 375, 376, 377, 378, 379, 380, 381, 382, 383, 384, 385, 386, 387, 388, 389, 390, 391, 392, 393, 394, 395, 396, 397, 892, 893, 870, 891, 402, 907, 908, 911, 918, 403, 920, 921, 410, 411, 412, 413, 871, 415, 416, 417, 418, 419, 923, 924, 926, 898, 931, 425, 933, 934, 899, 429, 935, 431, 433, 435, 437, 440, 441, 442, 443, 902, 451, 452, 904, 455, 456, 457, 458, 905, 460, 461, 464, 465, 466, 468, 470, 471, 472, 473, 474, 475, 481, 482, 483, 484, 912, 913, 501, 405, 915]",True,"[396, 846]","[338, 339, 340, 341, 342, 343, 344, 345, 346, 347, 348, 349, 350, 351, 352, 353, 354, 355, 356, 357, 358, 359, 360, 361, 362, 363, 364, 365, 366, 367, 368, 369, 370, 371, 372, 373, 374, 375, 376, 377, 378, 379, 380, 381, 382, 383, 384, 385, 386, 387, 388, 389, 390, 391, 392, 393, 394, 395, 396, 397, 794, 795, 796, 797, 798, 799, 800, 801, 802, 803, 804, 805, 806, 807, 808, 809, 810, 811, 812, 813, 814, 815, 816, 817, 818, 819, 820, 821, 822, 823, 824, 825, 826, 827, 828, 829, 830, 831, 832, 833, 834, 835, 836, 837, 838, 839, 840, 841, 842, 843, 844, 845, 846, 847]","[356, 363, 365, 367, 370, 375, 381, 391, 396, 811, 818, 820, 825, 831, 841, 846]","[283, 396, 742, 846]","[16, 125, 156, 163, 168, 184, 205, 222, 229, 253, 258, 265, 313, 317, 336, 340, 341, 356, 363, 365, 366, 367, 370, 375, 388, 391, 394, 396, 402, 410, 411, 412, 413, 415, 416, 417, 418, 419, 425, 429, 431, 433, 435, 437, 440, 441, 442, 443, 451, 452, 456, 457, 458, 460, 461, 464, 471, 473, 474, 475, 481, 482, 501, 596, 628, 635, 655, 675, 693, 716, 720, 725, 771, 775, 793, 796, 797, 811, 817, 818, 820, 825, 838, 841, 844, 846, 851, 857, 861, 862, 863, 864, 866, 867, 868, 870, 871, 877, 881, 883, 885, 888, 891, 892, 893, 898, 899, 904, 905, 907, 908, 911, 918, 920, 921, 922, 923, 924, 926, 931, 933]","[31, 142, 147, 180, 338, 352, 367, 387, 396, 403, 405, 408, 410, 455, 465, 466, 468, 470, 472, 473, 483, 484, 514, 613, 618, 651, 794, 807, 837, 846, 852, 854, 858, 861, 902, 912, 913, 915, 917, 919, 920, 931, 934, 935]","[31, 142, 147, 180, 338, 352, 367, 387, 403, 405, 408, 410, 455, 465, 466, 468, 470, 472, 473, 483, 484, 514, 613, 618, 651, 794, 807, 837, 852, 854, 858, 861, 902, 912, 913, 915, 917, 919, 920, 931, 934, 935]",7/6 successful match,True,[417],True,226,False,,1.0,True,Wild Wild West Truck Plaza ( Sinclair ) ),Sinclair
"Las Vegas , 89103 The Bus Stop ( Chevron )",702-736-2568 155 W Imperial Ave,3 T,Las Vegas,89103,The Bus Stop ( Chevron ),702-736-2568,2006,Las Vegas,NV,Chevron,,155 W Imperial Ave,Proper,,False,,False,W Imperial Ave,,,,,[],"[396, 846]","[356, 363, 365, 367, 370, 375, 381, 391, 396, 811, 818, 820, 825, 831, 841, 846]",[],"[338, 339, 340, 341, 342, 343, 344, 345, 346, 347, 348, 349, 350, 351, 352, 353, 354, 355, 356, 357, 358, 359, 360, 361, 362, 363, 364, 365, 366, 367, 368, 369, 370, 371, 372, 373, 374, 375, 376, 377, 378, 379, 380, 381, 382, 383, 384, 385, 386, 387, 388, 389, 390, 391, 392, 393, 394, 395, 396, 397, 794, 795, 796, 797, 798, 799, 800, 801, 802, 803, 804, 805, 806, 807, 808, 809, 810, 811, 812, 813, 814, 815, 816, 817, 818, 819, 820, 821, 822, 823, 824, 825, 826, 827, 828, 829, 830, 831, 832, 833, 834, 835, 836, 837, 838, 839, 840, 841, 842, 843, 844, 845, 846, 847]",[],"[12, 24, 25, 28, 88, 100, 104, 119, 123, 129, 136, 137, 139, 140, 141, 148, 155, 169, 172, 179, 183, 185, 188, 196, 198, 217, 237, 267, 270, 278, 319, 321, 324, 325, 330, 334, 335, 354, 366, 369, 380, 383, 384, 386, 395, 407, 411, 423, 428, 436, 437, 452, 453, 456, 467, 471, 477, 478, 479, 497, 508, 511, 559, 571, 575, 590, 594, 600, 607, 608, 610, 611, 612, 619, 627, 640, 643, 650, 654, 656, 659, 667, 669, 685, 701, 726, 729, 737, 777, 779, 782, 783, 787, 790, 791, 809, 817, 819, 830, 833, 834, 836, 845, 856, 857, 860, 862, 875, 880, 887, 888, 899, 900, 914, 918, 921, 928, 929, 930]","[12, 24, 25, 28, 88, 100, 104, 119, 123, 129, 136, 137, 139, 140, 141, 148, 155, 169, 172, 179, 183, 185, 188, 196, 198, 217, 237, 267, 270, 278, 319, 321, 324, 325, 330, 334, 335, 354, 366, 369, 380, 383, 384, 386, 395, 407, 411, 423, 428, 436, 437, 452, 453, 456, 467, 471, 477, 478, 479, 497, 508, 511, 559, 571, 575, 590, 594, 600, 607, 608, 610, 611, 612, 619, 627, 640, 643, 650, 654, 656, 659, 667, 669, 685, 701, 726, 729, 737, 777, 779, 782, 783, 787, 790, 791, 809, 817, 819, 830, 833, 834, 836, 845, 856, 857, 860, 862, 875, 880, 887, 888, 899, 900, 914, 918, 921, 928, 929, 930]","[875, 12, 24, 25, 28, 559, 571, 575, 319, 590, 321, 594, 88, 600, 888, 324, 607, 608, 610, 611, 100, 325, 612, 104, 619, 627, 119, 123, 880, 640, 129, 643, 136, 137, 650, 139, 140, 141, 654, 656, 659, 148, 335, 155, 667, 669, 169, 172, 685, 179, 183, 185, 188, 701, 196, 198, 856, 726, 857, 217, 729, 737, 860, 237, 862, 777, 267, 779, 270, 782, 783, 787, 278, 790, 791, 794, 795, 796, 797, 798, 799, 800, 801, 802, 803, 804, 805, 806, 807, 808, 809, 810, 811, 812, 813, 814, 815, 816, 817, 818, 819, 820, 821, 822, 823, 824, 825, 826, 827, 828, 829, 830, 831, 832, 833, 834, 835, 836, 837, 838, 839, 840, 841, 842, 843, 844, 845, 846, 847, 330, 334, 338, 339, 340, 341, 342, 343, 344, 345, 346, 347, 348, 349, 350, 351, 352, 353, 354, 355, 356, 357, 358, 359, 360, 361, 362, 363, 364, 365, 366, 367, 368, 369, 370, 371, 372, 373, 374, 375, 376, 377, 378, 379, 380, 381, 382, 383, 384, 385, 386, 387, 388, 389, 390, 391, 392, 393, 394, 395, 396, 397, 914, 918, 407, 921, 411, 928, 929, 930, 423, 428, 899, 900, 436, 437, 452, 453, 456, 467, 471, 477, 478, 479, 887, 497, 508, 511]",False,"[396, 846]","[338, 339, 340, 341, 342, 343, 344, 345, 346, 347, 348, 349, 350, 351, 352, 353, 354, 355, 356, 357, 358, 359, 360, 361, 362, 363, 364, 365, 366, 367, 368, 369, 370, 371, 372, 373, 374, 375, 376, 377, 378, 379, 380, 381, 382, 383, 384, 385, 386, 387, 388, 389, 390, 391, 392, 393, 394, 395, 396, 397, 794, 795, 796, 797, 798, 799, 800, 801, 802, 803, 804, 805, 806, 807, 808, 809, 810, 811, 812, 813, 814, 815, 816, 817, 818, 819, 820, 821, 822, 823, 824, 825, 826, 827, 828, 829, 830, 831, 832, 833, 834, 835, 836, 837, 838, 839, 840, 841, 842, 843, 844, 845, 846, 847]","[356, 363, 365, 367, 370, 375, 381, 391, 396, 811, 818, 820, 825, 831, 841, 846]",[],[],"[12, 24, 25, 28, 88, 100, 104, 119, 123, 129, 136, 137, 139, 140, 141, 148, 155, 169, 172, 179, 183, 185, 188, 196, 198, 217, 237, 267, 270, 278, 319, 321, 324, 325, 330, 334, 335, 354, 366, 369, 380, 383, 384, 386, 395, 407, 411, 423, 428, 436, 437, 452, 453, 456, 467, 471, 477, 478, 479, 497, 508, 511, 559, 571, 575, 590, 594, 600, 607, 608, 610, 611, 612, 619, 627, 640, 643, 650, 654, 656, 659, 667, 669, 685, 701, 726, 729, 737, 777, 779, 782, 783, 787, 790, 791, 809, 817, 819, 830, 833, 834, 836, 845, 856, 857, 860, 862, 875, 880, 887, 888, 899, 900, 914, 918, 921, 928, 929, 930]","[12, 24, 25, 28, 88, 100, 104, 119, 123, 129, 136, 137, 139, 140, 141, 148, 155, 169, 172, 179, 183, 185, 188, 196, 198, 217, 237, 267, 270, 278, 319, 321, 324, 325, 330, 334, 335, 354, 366, 369, 380, 383, 384, 386, 395, 407, 411, 423, 428, 436, 437, 452, 453, 456, 467, 471, 477, 478, 479, 497, 508, 511, 559, 571, 575, 590, 594, 600, 607, 608, 610, 611, 612, 619, 627, 640, 643, 650, 654, 656, 659, 667, 669, 685, 701, 726, 729, 737, 777, 779, 782, 783, 787, 790, 791, 809, 817, 819, 830, 833, 834, 836, 845, 856, 857, 860, 862, 875, 880, 887, 888, 899, 900, 914, 918, 921, 928, 929, 930]",5/6 successful match,False,,False,227,False,,,,,
"Las Vegas , 89103 The Bus Stop",702-736-2568 155 W Imperial Ave,Say 000,Las Vegas,89103,The Bus Stop,702-736-2568,2007,Las Vegas,NV,,,155 W Imperial Ave,Proper,,False,,False,W Imperial Ave,,,,,[],"[396, 846]","[356, 363, 365, 367, 370, 375, 381, 391, 396, 811, 818, 820, 825, 831, 841, 846]",[],"[338, 339, 340, 341, 342, 343, 344, 345, 346, 347, 348, 349, 350, 351, 352, 353, 354, 355, 356, 357, 358, 359, 360, 361, 362, 363, 364, 365, 366, 367, 368, 369, 370, 371, 372, 373, 374, 375, 376, 377, 378, 379, 380, 381, 382, 383, 384, 385, 386, 387, 388, 389, 390, 391, 392, 393, 394, 395, 396, 397, 794, 795, 796, 797, 798, 799, 800, 801, 802, 803, 804, 805, 806, 807, 808, 809, 810, 811, 812, 813, 814, 815, 816, 817, 818, 819, 820, 821, 822, 823, 824, 825, 826, 827, 828, 829, 830, 831, 832, 833, 834, 835, 836, 837, 838, 839, 840, 841, 842, 843, 844, 845, 846, 847]",[],[],[],"[794, 795, 796, 797, 798, 799, 800, 801, 802, 803, 804, 805, 806, 807, 808, 809, 810, 811, 812, 813, 814, 815, 816, 817, 818, 819, 820, 821, 822, 823, 824, 825, 826, 827, 828, 829, 830, 831, 832, 833, 834, 835, 836, 837, 838, 839, 840, 841, 842, 843, 844, 845, 846, 847, 338, 339, 340, 341, 342, 343, 344, 345, 346, 347, 348, 349, 350, 351, 352, 353, 354, 355, 356, 357, 358, 359, 360, 361, 362, 363, 364, 365, 366, 367, 368, 369, 370, 371, 372, 373, 374, 375, 376, 377, 378, 379, 380, 381, 382, 383, 384, 385, 386, 387, 388, 389, 390, 391, 392, 393, 394, 395, 396, 397]",False,"[396, 846]","[338, 339, 340, 341, 342, 343, 344, 345, 346, 347, 348, 349, 350, 351, 352, 353, 354, 355, 356, 357, 358, 359, 360, 361, 362, 363, 364, 365, 366, 367, 368, 369, 370, 371, 372, 373, 374, 375, 376, 377, 378, 379, 380, 381, 382, 383, 384, 385, 386, 387, 388, 389, 390, 391, 392, 393, 394, 395, 396, 397, 794, 795, 796, 797, 798, 799, 800, 801, 802, 803, 804, 805, 806, 807, 808, 809, 810, 811, 812, 813, 814, 815, 816, 817, 818, 819, 820, 821, 822, 823, 824, 825, 826, 827, 828, 829, 830, 831, 832, 833, 834, 835, 836, 837, 838, 839, 840, 841, 842, 843, 844, 845, 846, 847]","[356, 363, 365, 367, 370, 375, 381, 391, 396, 811, 818, 820, 825, 831, 841, 846]",[],[],[],[],7/6 successful match,False,,False,227,False,,0.8,True,The Bus Stop ( Chevron ),Chevron
"Las Vegas , 89103 The Bus Stop 12",6 702-736-2568 155 W Imperial Ave,<U+2610> 1 MO <U+2610> <U+2610>,Las Vegas,89103,The Bus Stop 12,702-736-2568,2008,Las Vegas,NV,,,155 W Imperial Ave,Proper,,False,,False,W Imperial Ave,,,,,[],"[396, 846]","[356, 363, 365, 367, 370, 375, 381, 391, 396, 811, 818, 820, 825, 831, 841, 846]",[],"[338, 339, 340, 341, 342, 343, 344, 345, 346, 347, 348, 349, 350, 351, 352, 353, 354, 355, 356, 357, 358, 359, 360, 361, 362, 363, 364, 365, 366, 367, 368, 369, 370, 371, 372, 373, 374, 375, 376, 377, 378, 379, 380, 381, 382, 383, 384, 385, 386, 387, 388, 389, 390, 391, 392, 393, 394, 395, 396, 397, 794, 795, 796, 797, 798, 799, 800, 801, 802, 803, 804, 805, 806, 807, 808, 809, 810, 811, 812, 813, 814, 815, 816, 817, 818, 819, 820, 821, 822, 823, 824, 825, 826, 827, 828, 829, 830, 831, 832, 833, 834, 835, 836, 837, 838, 839, 840, 841, 842, 843, 844, 845, 846, 847]",[],[],[],"[794, 795, 796, 797, 798, 799, 800, 801, 802, 803, 804, 805, 806, 807, 808, 809, 810, 811, 812, 813, 814, 815, 816, 817, 818, 819, 820, 821, 822, 823, 824, 825, 826, 827, 828, 829, 830, 831, 832, 833, 834, 835, 836, 837, 838, 839, 840, 841, 842, 843, 844, 845, 846, 847, 338, 339, 340, 341, 342, 343, 344, 345, 346, 347, 348, 349, 350, 351, 352, 353, 354, 355, 356, 357, 358, 359, 360, 361, 362, 363, 364, 365, 366, 367, 368, 369, 370, 371, 372, 373, 374, 375, 376, 377, 378, 379, 380, 381, 382, 383, 384, 385, 386, 387, 388, 389, 390, 391, 392, 393, 394, 395, 396, 397]",False,"[396, 846]","[338, 339, 340, 341, 342, 343, 344, 345, 346, 347, 348, 349, 350, 351, 352, 353, 354, 355, 356, 357, 358, 359, 360, 361, 362, 363, 364, 365, 366, 367, 368, 369, 370, 371, 372, 373, 374, 375, 376, 377, 378, 379, 380, 381, 382, 383, 384, 385, 386, 387, 388, 389, 390, 391, 392, 393, 394, 395, 396, 397, 794, 795, 796, 797, 798, 799, 800, 801, 802, 803, 804, 805, 806, 807, 808, 809, 810, 811, 812, 813, 814, 815, 816, 817, 818, 819, 820, 821, 822, 823, 824, 825, 826, 827, 828, 829, 830, 831, 832, 833, 834, 835, 836, 837, 838, 839, 840, 841, 842, 843, 844, 845, 846, 847]","[356, 363, 365, 367, 370, 375, 381, 391, 396, 811, 818, 820, 825, 831, 841, 846]",[],[],[],[],7/6 successful match,False,,False,227,False,,0.6666666666666667,True,The Bus Stop,
Las Vegas ( 89103 ) The Bus Stop,702-736-2568 155 W Imperial Ave,<U+2610>,Las Vegas,89103,The Bus Stop,702-736-2568,2014,Las Vegas,NV,,,155 W Imperial Ave,Proper,,False,,False,W Imperial Ave,,,,,[],"[396, 846]","[356, 363, 365, 367, 370, 375, 381, 391, 396, 811, 818, 820, 825, 831, 841, 846]",[],"[338, 339, 340, 341, 342, 343, 344, 345, 346, 347, 348, 349, 350, 351, 352, 353, 354, 355, 356, 357, 358, 359, 360, 361, 362, 363, 364, 365, 366, 367, 368, 369, 370, 371, 372, 373, 374, 375, 376, 377, 378, 379, 380, 381, 382, 383, 384, 385, 386, 387, 388, 389, 390, 391, 392, 393, 394, 395, 396, 397, 794, 795, 796, 797, 798, 799, 800, 801, 802, 803, 804, 805, 806, 807, 808, 809, 810, 811, 812, 813, 814, 815, 816, 817, 818, 819, 820, 821, 822, 823, 824, 825, 826, 827, 828, 829, 830, 831, 832, 833, 834, 835, 836, 837, 838, 839, 840, 841, 842, 843, 844, 845, 846, 847]",[],[],[],"[794, 795, 796, 797, 798, 799, 800, 801, 802, 803, 804, 805, 806, 807, 808, 809, 810, 811, 812, 813, 814, 815, 816, 817, 818, 819, 820, 821, 822, 823, 824, 825, 826, 827, 828, 829, 830, 831, 832, 833, 834, 835, 836, 837, 838, 839, 840, 841, 842, 843, 844, 845, 846, 847, 338, 339, 340, 341, 342, 343, 344, 345, 346, 347, 348, 349, 350, 351, 352, 353, 354, 355, 356, 357, 358, 359, 360, 361, 362, 363, 364, 365, 366, 367, 368, 369, 370, 371, 372, 373, 374, 375, 376, 377, 378, 379, 380, 381, 382, 383, 384, 385, 386, 387, 388, 389, 390, 391, 392, 393, 394, 395, 396, 397]",False,"[396, 846]","[338, 339, 340, 341, 342, 343, 344, 345, 346, 347, 348, 349, 350, 351, 352, 353, 354, 355, 356, 357, 358, 359, 360, 361, 362, 363, 364, 365, 366, 367, 368, 369, 370, 371, 372, 373, 374, 375, 376, 377, 378, 379, 380, 381, 382, 383, 384, 385, 386, 387, 388, 389, 390, 391, 392, 393, 394, 395, 396, 397, 794, 795, 796, 797, 798, 799, 800, 801, 802, 803, 804, 805, 806, 807, 808, 809, 810, 811, 812, 813, 814, 815, 816, 817, 818, 819, 820, 821, 822, 823, 824, 825, 826, 827, 828, 829, 830, 831, 832, 833, 834, 835, 836, 837, 838, 839, 840, 841, 842, 843, 844, 845, 846, 847]","[356, 363, 365, 367, 370, 375, 381, 391, 396, 811, 818, 820, 825, 831, 841, 846]",[],[],[],[],7/6 successful match,False,,False,227,False,,0.6666666666666667,True,The Bus Stop 12,
Las Vegas ( 89103 ) The Bus Stop HORS,6 702-736-2568 155 W Imperial Ave,<U+2610> <U+25A1>,Las Vegas,89103,The Bus Stop HORS,702-736-2568,2015,Las Vegas,NV,,,155 W Imperial Ave,Proper,,False,,False,W Imperial Ave,,,,,[],"[396, 846]","[356, 363, 365, 367, 370, 375, 381, 391, 396, 811, 818, 820, 825, 831, 841, 846]",[],"[338, 339, 340, 341, 342, 343, 344, 345, 346, 347, 348, 349, 350, 351, 352, 353, 354, 355, 356, 357, 358, 359, 360, 361, 362, 363, 364, 365, 366, 367, 368, 369, 370, 371, 372, 373, 374, 375, 376, 377, 378, 379, 380, 381, 382, 383, 384, 385, 386, 387, 388, 389, 390, 391, 392, 393, 394, 395, 396, 397, 794, 795, 796, 797, 798, 799, 800, 801, 802, 803, 804, 805, 806, 807, 808, 809, 810, 811, 812, 813, 814, 815, 816, 817, 818, 819, 820, 821, 822, 823, 824, 825, 826, 827, 828, 829, 830, 831, 832, 833, 834, 835, 836, 837, 838, 839, 840, 841, 842, 843, 844, 845, 846, 847]",[],[],[],"[794, 795, 796, 797, 798, 799, 800, 801, 802, 803, 804, 805, 806, 807, 808, 809, 810, 811, 812, 813, 814, 815, 816, 817, 818, 819, 820, 821, 822, 823, 824, 825, 826, 827, 828, 829, 830, 831, 832, 833, 834, 835, 836, 837, 838, 839, 840, 841, 842, 843, 844, 845, 846, 847, 338, 339, 340, 341, 342, 343, 344, 345, 346, 347, 348, 349, 350, 351, 352, 353, 354, 355, 356, 357, 358, 359, 360, 361, 362, 363, 364, 365, 366, 367, 368, 369, 370, 371, 372, 373, 374, 375, 376, 377, 378, 379, 380, 381, 382, 383, 384, 385, 386, 387, 388, 389, 390, 391, 392, 393, 394, 395, 396, 397]",False,"[396, 846]","[338, 339, 340, 341, 342, 343, 344, 345, 346, 347, 348, 349, 350, 351, 352, 353, 354, 355, 356, 357, 358, 359, 360, 361, 362, 363, 364, 365, 366, 367, 368, 369, 370, 371, 372, 373, 374, 375, 376, 377, 378, 379, 380, 381, 382, 383, 384, 385, 386, 387, 388, 389, 390, 391, 392, 393, 394, 395, 396, 397, 794, 795, 796, 797, 798, 799, 800, 801, 802, 803, 804, 805, 806, 807, 808, 809, 810, 811, 812, 813, 814, 815, 816, 817, 818, 819, 820, 821, 822, 823, 824, 825, 826, 827, 828, 829, 830, 831, 832, 833, 834, 835, 836, 837, 838, 839, 840, 841, 842, 843, 844, 845, 846, 847]","[356, 363, 365, 367, 370, 375, 381, 391, 396, 811, 818, 820, 825, 831, 841, 846]",[],[],[],[],7/6 successful match,False,,False,227,False,,0.6482758620689655,True,The Bus Stop,
Las Vegas ( 89103 ) The Bus Stop,6 702-736-2568 155 W Imperial Ave,<U+2610> D <U+25A1>,Las Vegas,89103,The Bus Stop,702-736-2568,2016,Las Vegas,NV,,,155 W Imperial Ave,Proper,,False,,False,W Imperial Ave,,,,,[],"[396, 846]","[356, 363, 365, 367, 370, 375, 381, 391, 396, 811, 818, 820, 825, 831, 841, 846]",[],"[338, 339, 340, 341, 342, 343, 344, 345, 346, 347, 348, 349, 350, 351, 352, 353, 354, 355, 356, 357, 358, 359, 360, 361, 362, 363, 364, 365, 366, 367, 368, 369, 370, 371, 372, 373, 374, 375, 376, 377, 378, 379, 380, 381, 382, 383, 384, 385, 386, 387, 388, 389, 390, 391, 392, 393, 394, 395, 396, 397, 794, 795, 796, 797, 798, 799, 800, 801, 802, 803, 804, 805, 806, 807, 808, 809, 810, 811, 812, 813, 814, 815, 816, 817, 818, 819, 820, 821, 822, 823, 824, 825, 826, 827, 828, 829, 830, 831, 832, 833, 834, 835, 836, 837, 838, 839, 840, 841, 842, 843, 844, 845, 846, 847]",[],[],[],"[794, 795, 796, 797, 798, 799, 800, 801, 802, 803, 804, 805, 806, 807, 808, 809, 810, 811, 812, 813, 814, 815, 816, 817, 818, 819, 820, 821, 822, 823, 824, 825, 826, 827, 828, 829, 830, 831, 832, 833, 834, 835, 836, 837, 838, 839, 840, 841, 842, 843, 844, 845, 846, 847, 338, 339, 340, 341, 342, 343, 344, 345, 346, 347, 348, 349, 350, 351, 352, 353, 354, 355, 356, 357, 358, 359, 360, 361, 362, 363, 364, 365, 366, 367, 368, 369, 370, 371, 372, 373, 374, 375, 376, 377, 378, 379, 380, 381, 382, 383, 384, 385, 386, 387, 388, 389, 390, 391, 392, 393, 394, 395, 396, 397]",False,"[396, 846]","[338, 339, 340, 341, 342, 343, 344, 345, 346, 347, 348, 349, 350, 351, 352, 353, 354, 355, 356, 357, 358, 359, 360, 361, 362, 363, 364, 365, 366, 367, 368, 369, 370, 371, 372, 373, 374, 375, 376, 377, 378, 379, 380, 381, 382, 383, 384, 385, 386, 387, 388, 389, 390, 391, 392, 393, 394, 395, 396, 397, 794, 795, 796, 797, 798, 799, 800, 801, 802, 803, 804, 805, 806, 807, 808, 809, 810, 811, 812, 813, 814, 815, 816, 817, 818, 819, 820, 821, 822, 823, 824, 825, 826, 827, 828, 829, 830, 831, 832, 833, 834, 835, 836, 837, 838, 839, 840, 841, 842, 843, 844, 845, 846, 847]","[356, 363, 365, 367, 370, 375, 381, 391, 396, 811, 818, 820, 825, 831, 841, 846]",[],[],[],[],7/6 successful match,False,,False,227,False,,0.6482758620689655,True,The Bus Stop HORS,
"Las Vegas , 89118 TravelCenters of America ( 76 )",702-361-1176 I-15 Exit 33 ( Blue Diamond Rd ),A HRS 480 LO <U+2610> <U+2610>,Las Vegas,89118,TravelCenters of America ( 76 ),702-361-1176,2006,Las Vegas,NV,TravelCenters,( Blue Diamond Rd ),I-15 Exit 33 ,Exit,33,False,,False,I-15,,,,,"[841, 391]",[],"[356, 363, 365, 367, 370, 375, 381, 391, 396, 811, 818, 820, 825, 831, 841, 846]","[209, 243, 271, 311, 391, 679, 707, 730, 769, 841]","[338, 339, 340, 341, 342, 343, 344, 345, 346, 347, 348, 349, 350, 351, 352, 353, 354, 355, 356, 357, 358, 359, 360, 361, 362, 363, 364, 365, 366, 367, 368, 369, 370, 371, 372, 373, 374, 375, 376, 377, 378, 379, 380, 381, 382, 383, 384, 385, 386, 387, 388, 389, 390, 391, 392, 393, 394, 395, 396, 397, 794, 795, 796, 797, 798, 799, 800, 801, 802, 803, 804, 805, 806, 807, 808, 809, 810, 811, 812, 813, 814, 815, 816, 817, 818, 819, 820, 821, 822, 823, 824, 825, 826, 827, 828, 829, 830, 831, 832, 833, 834, 835, 836, 837, 838, 839, 840, 841, 842, 843, 844, 845, 846, 847]","[16, 125, 156, 163, 168, 184, 205, 222, 229, 253, 258, 265, 313, 317, 336, 340, 341, 356, 363, 365, 366, 367, 370, 375, 388, 391, 394, 396, 402, 410, 411, 412, 413, 415, 416, 417, 418, 419, 425, 429, 431, 433, 435, 437, 440, 441, 442, 443, 451, 452, 456, 457, 458, 460, 461, 464, 471, 473, 474, 475, 481, 482, 501, 596, 628, 635, 655, 675, 693, 716, 720, 725, 771, 775, 793, 796, 797, 811, 817, 818, 820, 825, 838, 841, 844, 846, 851, 857, 861, 862, 863, 864, 866, 867, 868, 870, 871, 877, 881, 883, 885, 888, 891, 892, 893, 898, 899, 904, 905, 907, 908, 911, 918, 920, 921, 922, 923, 924, 926, 931, 933]","[98, 476, 481, 569, 924, 925]","[84, 87, 89, 114, 115, 117, 124, 132, 135, 144, 152, 178, 239, 268, 281, 297, 318, 320, 327, 348, 394, 555, 558, 560, 585, 586, 588, 595, 603, 606, 615, 623, 649, 703, 727, 740, 756, 776, 778, 785, 803, 844]","[16, 281, 922, 313, 555, 925, 558, 560, 877, 569, 317, 318, 585, 586, 320, 588, 595, 596, 84, 87, 89, 888, 603, 606, 98, 615, 327, 623, 114, 115, 628, 117, 635, 124, 125, 132, 135, 649, 655, 144, 881, 152, 156, 163, 675, 679, 168, 178, 693, 184, 851, 703, 707, 883, 716, 205, 720, 209, 725, 727, 857, 730, 222, 740, 229, 861, 239, 862, 243, 756, 863, 885, 864, 253, 769, 258, 771, 866, 775, 776, 265, 778, 867, 268, 271, 868, 785, 793, 794, 795, 796, 797, 798, 799, 800, 801, 802, 803, 804, 805, 806, 807, 808, 809, 810, 811, 812, 813, 814, 815, 816, 817, 818, 819, 820, 821, 822, 311, 823, 825, 824, 826, 827, 828, 829, 831, 830, 832, 833, 834, 835, 836, 837, 838, 839, 841, 840, 842, 843, 844, 846, 845, 847, 336, 338, 339, 340, 341, 342, 343, 344, 345, 346, 347, 348, 349, 350, 351, 352, 353, 354, 355, 356, 357, 358, 359, 360, 361, 362, 363, 364, 365, 366, 367, 368, 369, 370, 371, 372, 373, 374, 375, 376, 377, 378, 379, 380, 381, 382, 383, 384, 385, 386, 387, 388, 389, 390, 391, 392, 393, 394, 395, 396, 397, 892, 893, 870, 891, 402, 907, 908, 911, 918, 920, 921, 410, 411, 412, 413, 871, 415, 416, 417, 418, 419, 923, 924, 926, 898, 931, 425, 933, 899, 429, 431, 433, 435, 437, 440, 441, 442, 443, 451, 452, 904, 456, 457, 458, 905, 460, 461, 464, 471, 297, 473, 474, 475, 476, 481, 482, 501]",True,[],"[338, 339, 340, 341, 342, 343, 344, 345, 346, 347, 348, 349, 350, 351, 352, 353, 354, 355, 356, 357, 358, 359, 360, 361, 362, 363, 364, 365, 366, 367, 368, 369, 370, 371, 372, 373, 374, 375, 376, 377, 378, 379, 380, 381, 382, 383, 384, 385, 386, 387, 388, 389, 390, 391, 392, 393, 394, 395, 396, 397, 794, 795, 796, 797, 798, 799, 800, 801, 802, 803, 804, 805, 806, 807, 808, 809, 810, 811, 812, 813, 814, 815, 816, 817, 818, 819, 820, 821, 822, 823, 824, 825, 826, 827, 828, 829, 830, 831, 832, 833, 834, 835, 836, 837, 838, 839, 840, 841, 842, 843, 844, 845, 846, 847]","[356, 363, 365, 367, 370, 375, 381, 391, 396, 811, 818, 820, 825, 831, 841, 846]","[209, 243, 271, 311, 391, 679, 707, 730, 769, 841]","[16, 125, 156, 163, 168, 184, 205, 222, 229, 253, 258, 265, 313, 317, 336, 340, 341, 356, 363, 365, 366, 367, 370, 375, 388, 391, 394, 396, 402, 410, 411, 412, 413, 415, 416, 417, 418, 419, 425, 429, 431, 433, 435, 437, 440, 441, 442, 443, 451, 452, 456, 457, 458, 460, 461, 464, 471, 473, 474, 475, 481, 482, 501, 596, 628, 635, 655, 675, 693, 716, 720, 725, 771, 775, 793, 796, 797, 811, 817, 818, 820, 825, 838, 841, 844, 846, 851, 857, 861, 862, 863, 864, 866, 867, 868, 870, 871, 877, 881, 883, 885, 888, 891, 892, 893, 898, 899, 904, 905, 907, 908, 911, 918, 920, 921, 922, 923, 924, 926, 931, 933]","[84, 87, 89, 114, 115, 117, 124, 132, 135, 144, 152, 178, 239, 268, 281, 297, 318, 320, 327, 348, 394, 555, 558, 560, 585, 586, 588, 595, 603, 606, 615, 623, 649, 703, 727, 740, 756, 776, 778, 785, 803, 844]","[98, 476, 481, 569, 924, 925]",5/6 successful match,True,"[493, 494, 495, 496, 497, 498]",True,228,False,,,,,
"Las Vegas , 89118 TravelCenters of America ( 76 )",6 702-361-1176 I-15 Exit 33 ( Blue Diamond Rd ) TA,24 HRS <U+2610>,Las Vegas,89118,TravelCenters of America ( 76 ),702-361-1176,2007,Las Vegas,NV,TravelCenters,( Blue Diamond Rd ) TA,I-15 Exit 33 ,Exit,33,False,,False,I-15,,,,,"[841, 391]",[],"[356, 363, 365, 367, 370, 375, 381, 391, 396, 811, 818, 820, 825, 831, 841, 846]","[209, 243, 271, 311, 391, 679, 707, 730, 769, 841]","[338, 339, 340, 341, 342, 343, 344, 345, 346, 347, 348, 349, 350, 351, 352, 353, 354, 355, 356, 357, 358, 359, 360, 361, 362, 363, 364, 365, 366, 367, 368, 369, 370, 371, 372, 373, 374, 375, 376, 377, 378, 379, 380, 381, 382, 383, 384, 385, 386, 387, 388, 389, 390, 391, 392, 393, 394, 395, 396, 397, 794, 795, 796, 797, 798, 799, 800, 801, 802, 803, 804, 805, 806, 807, 808, 809, 810, 811, 812, 813, 814, 815, 816, 817, 818, 819, 820, 821, 822, 823, 824, 825, 826, 827, 828, 829, 830, 831, 832, 833, 834, 835, 836, 837, 838, 839, 840, 841, 842, 843, 844, 845, 846, 847]","[16, 125, 156, 163, 168, 184, 205, 222, 229, 253, 258, 265, 313, 317, 336, 340, 341, 356, 363, 365, 366, 367, 370, 375, 388, 391, 394, 396, 402, 410, 411, 412, 413, 415, 416, 417, 418, 419, 425, 429, 431, 433, 435, 437, 440, 441, 442, 443, 451, 452, 456, 457, 458, 460, 461, 464, 471, 473, 474, 475, 481, 482, 501, 596, 628, 635, 655, 675, 693, 716, 720, 725, 771, 775, 793, 796, 797, 811, 817, 818, 820, 825, 838, 841, 844, 846, 851, 857, 861, 862, 863, 864, 866, 867, 868, 870, 871, 877, 881, 883, 885, 888, 891, 892, 893, 898, 899, 904, 905, 907, 908, 911, 918, 920, 921, 922, 923, 924, 926, 931, 933]","[98, 476, 481, 569, 924, 925]","[84, 87, 89, 114, 115, 117, 124, 132, 135, 144, 152, 178, 239, 268, 281, 297, 318, 320, 327, 348, 394, 555, 558, 560, 585, 586, 588, 595, 603, 606, 615, 623, 649, 703, 727, 740, 756, 776, 778, 785, 803, 844]","[16, 281, 922, 313, 555, 925, 558, 560, 877, 569, 317, 318, 585, 586, 320, 588, 595, 596, 84, 87, 89, 888, 603, 606, 98, 615, 327, 623, 114, 115, 628, 117, 635, 124, 125, 132, 135, 649, 655, 144, 881, 152, 156, 163, 675, 679, 168, 178, 693, 184, 851, 703, 707, 883, 716, 205, 720, 209, 725, 727, 857, 730, 222, 740, 229, 861, 239, 862, 243, 756, 863, 885, 864, 253, 769, 258, 771, 866, 775, 776, 265, 778, 867, 268, 271, 868, 785, 793, 794, 795, 796, 797, 798, 799, 800, 801, 802, 803, 804, 805, 806, 807, 808, 809, 810, 811, 812, 813, 814, 815, 816, 817, 818, 819, 820, 821, 822, 311, 823, 825, 824, 826, 827, 828, 829, 831, 830, 832, 833, 834, 835, 836, 837, 838, 839, 841, 840, 842, 843, 844, 846, 845, 847, 336, 338, 339, 340, 341, 342, 343, 344, 345, 346, 347, 348, 349, 350, 351, 352, 353, 354, 355, 356, 357, 358, 359, 360, 361, 362, 363, 364, 365, 366, 367, 368, 369, 370, 371, 372, 373, 374, 375, 376, 377, 378, 379, 380, 381, 382, 383, 384, 385, 386, 387, 388, 389, 390, 391, 392, 393, 394, 395, 396, 397, 892, 893, 870, 891, 402, 907, 908, 911, 918, 920, 921, 410, 411, 412, 413, 871, 415, 416, 417, 418, 419, 923, 924, 926, 898, 931, 425, 933, 899, 429, 431, 433, 435, 437, 440, 441, 442, 443, 451, 452, 904, 456, 457, 458, 905, 460, 461, 464, 471, 297, 473, 474, 475, 476, 481, 482, 501]",True,[],"[338, 339, 340, 341, 342, 343, 344, 345, 346, 347, 348, 349, 350, 351, 352, 353, 354, 355, 356, 357, 358, 359, 360, 361, 362, 363, 364, 365, 366, 367, 368, 369, 370, 371, 372, 373, 374, 375, 376, 377, 378, 379, 380, 381, 382, 383, 384, 385, 386, 387, 388, 389, 390, 391, 392, 393, 394, 395, 396, 397, 794, 795, 796, 797, 798, 799, 800, 801, 802, 803, 804, 805, 806, 807, 808, 809, 810, 811, 812, 813, 814, 815, 816, 817, 818, 819, 820, 821, 822, 823, 824, 825, 826, 827, 828, 829, 830, 831, 832, 833, 834, 835, 836, 837, 838, 839, 840, 841, 842, 843, 844, 845, 846, 847]","[356, 363, 365, 367, 370, 375, 381, 391, 396, 811, 818, 820, 825, 831, 841, 846]","[209, 243, 271, 311, 391, 679, 707, 730, 769, 841]","[16, 125, 156, 163, 168, 184, 205, 222, 229, 253, 258, 265, 313, 317, 336, 340, 341, 356, 363, 365, 366, 367, 370, 375, 388, 391, 394, 396, 402, 410, 411, 412, 413, 415, 416, 417, 418, 419, 425, 429, 431, 433, 435, 437, 440, 441, 442, 443, 451, 452, 456, 457, 458, 460, 461, 464, 471, 473, 474, 475, 481, 482, 501, 596, 628, 635, 655, 675, 693, 716, 720, 725, 771, 775, 793, 796, 797, 811, 817, 818, 820, 825, 838, 841, 844, 846, 851, 857, 861, 862, 863, 864, 866, 867, 868, 870, 871, 877, 881, 883, 885, 888, 891, 892, 893, 898, 899, 904, 905, 907, 908, 911, 918, 920, 921, 922, 923, 924, 926, 931, 933]","[84, 87, 89, 114, 115, 117, 124, 132, 135, 144, 152, 178, 239, 268, 281, 297, 318, 320, 327, 348, 394, 555, 558, 560, 585, 586, 588, 595, 603, 606, 615, 623, 649, 703, 727, 740, 756, 776, 778, 785, 803, 844]","[98, 476, 481, 569, 924, 925]",5/6 successful match,True,"[493, 494, 495, 496, 497, 498]",True,228,False,,1.0,True,TravelCenters of America ( 76 ),TravelCenters
"Las Vegas , 89118 TravelCenters of America",6 702-361-1176 I-15 Exit 33 ( Blue TA,HRS 24 LO,Las Vegas,89118,TravelCenters of America,702-361-1176,2008,Las Vegas,NV,TravelCenters,( Blue TA,I-15 Exit 33 ,Exit,33,False,,False,I-15,,,,,"[841, 391]",[],"[356, 363, 365, 367, 370, 375, 381, 391, 396, 811, 818, 820, 825, 831, 841, 846]","[209, 243, 271, 311, 391, 679, 707, 730, 769, 841]","[338, 339, 340, 341, 342, 343, 344, 345, 346, 347, 348, 349, 350, 351, 352, 353, 354, 355, 356, 357, 358, 359, 360, 361, 362, 363, 364, 365, 366, 367, 368, 369, 370, 371, 372, 373, 374, 375, 376, 377, 378, 379, 380, 381, 382, 383, 384, 385, 386, 387, 388, 389, 390, 391, 392, 393, 394, 395, 396, 397, 794, 795, 796, 797, 798, 799, 800, 801, 802, 803, 804, 805, 806, 807, 808, 809, 810, 811, 812, 813, 814, 815, 816, 817, 818, 819, 820, 821, 822, 823, 824, 825, 826, 827, 828, 829, 830, 831, 832, 833, 834, 835, 836, 837, 838, 839, 840, 841, 842, 843, 844, 845, 846, 847]","[16, 125, 156, 163, 168, 184, 205, 222, 229, 253, 258, 265, 313, 317, 336, 340, 341, 356, 363, 365, 366, 367, 370, 375, 388, 391, 394, 396, 402, 410, 411, 412, 413, 415, 416, 417, 418, 419, 425, 429, 431, 433, 435, 437, 440, 441, 442, 443, 451, 452, 456, 457, 458, 460, 461, 464, 471, 473, 474, 475, 481, 482, 501, 596, 628, 635, 655, 675, 693, 716, 720, 725, 771, 775, 793, 796, 797, 811, 817, 818, 820, 825, 838, 841, 844, 846, 851, 857, 861, 862, 863, 864, 866, 867, 868, 870, 871, 877, 881, 883, 885, 888, 891, 892, 893, 898, 899, 904, 905, 907, 908, 911, 918, 920, 921, 922, 923, 924, 926, 931, 933]","[98, 476, 481, 569, 924, 925]",[],"[16, 922, 313, 925, 877, 569, 317, 596, 888, 98, 628, 635, 125, 655, 881, 156, 163, 675, 679, 168, 693, 184, 851, 707, 883, 716, 205, 720, 209, 725, 857, 730, 222, 229, 861, 862, 243, 863, 885, 864, 253, 769, 258, 771, 866, 775, 265, 867, 271, 868, 793, 794, 795, 796, 797, 798, 799, 800, 801, 802, 803, 804, 805, 806, 807, 808, 809, 810, 811, 812, 813, 814, 815, 816, 817, 818, 819, 820, 821, 822, 311, 823, 825, 824, 826, 827, 828, 829, 831, 830, 832, 833, 834, 835, 836, 837, 838, 839, 841, 840, 842, 843, 844, 846, 845, 847, 336, 338, 339, 340, 341, 342, 343, 344, 345, 346, 347, 348, 349, 350, 351, 352, 353, 354, 355, 356, 357, 358, 359, 360, 361, 362, 363, 364, 365, 366, 367, 368, 369, 370, 371, 372, 373, 374, 375, 376, 377, 378, 379, 380, 381, 382, 383, 384, 385, 386, 387, 388, 389, 390, 391, 392, 393, 394, 395, 396, 397, 892, 893, 870, 891, 402, 907, 908, 911, 918, 920, 921, 410, 411, 412, 413, 871, 415, 416, 417, 418, 419, 923, 924, 926, 898, 931, 425, 933, 899, 429, 431, 433, 435, 437, 440, 441, 442, 443, 451, 452, 904, 456, 457, 458, 905, 460, 461, 464, 471, 473, 474, 475, 476, 481, 482, 501]",True,[],"[338, 339, 340, 341, 342, 343, 344, 345, 346, 347, 348, 349, 350, 351, 352, 353, 354, 355, 356, 357, 358, 359, 360, 361, 362, 363, 364, 365, 366, 367, 368, 369, 370, 371, 372, 373, 374, 375, 376, 377, 378, 379, 380, 381, 382, 383, 384, 385, 386, 387, 388, 389, 390, 391, 392, 393, 394, 395, 396, 397, 794, 795, 796, 797, 798, 799, 800, 801, 802, 803, 804, 805, 806, 807, 808, 809, 810, 811, 812, 813, 814, 815, 816, 817, 818, 819, 820, 821, 822, 823, 824, 825, 826, 827, 828, 829, 830, 831, 832, 833, 834, 835, 836, 837, 838, 839, 840, 841, 842, 843, 844, 845, 846, 847]","[356, 363, 365, 367, 370, 375, 381, 391, 396, 811, 818, 820, 825, 831, 841, 846]","[209, 243, 271, 311, 391, 679, 707, 730, 769, 841]","[16, 125, 156, 163, 168, 184, 205, 222, 229, 253, 258, 265, 313, 317, 336, 340, 341, 356, 363, 365, 366, 367, 370, 375, 388, 391, 394, 396, 402, 410, 411, 412, 413, 415, 416, 417, 418, 419, 425, 429, 431, 433, 435, 437, 440, 441, 442, 443, 451, 452, 456, 457, 458, 460, 461, 464, 471, 473, 474, 475, 481, 482, 501, 596, 628, 635, 655, 675, 693, 716, 720, 725, 771, 775, 793, 796, 797, 811, 817, 818, 820, 825, 838, 841, 844, 846, 851, 857, 861, 862, 863, 864, 866, 867, 868, 870, 871, 877, 881, 883, 885, 888, 891, 892, 893, 898, 899, 904, 905, 907, 908, 911, 918, 920, 921, 922, 923, 924, 926, 931, 933]",[],"[98, 476, 481, 569, 924, 925]",6/6 successful match,True,"[493, 494, 495, 496, 497, 498]",True,228,False,,1.0,True,TravelCenters of America ( 76 ),TravelCenters
Las Vegas ( 89118 ) TA Las Vegas # 108 ( Valero ),702-361-1176 I-15 Exit 33 ( Blue Diamond Rd ),24 <U+2610> LO,Las Vegas,89118,TA Las Vegas # 108 ( Valero ),702-361-1176,2014,Las Vegas,NV,Valero,( Blue Diamond Rd ),I-15 Exit 33 ,Exit,33,False,,False,I-15,,,,,"[841, 391]",[],"[356, 363, 365, 367, 370, 375, 381, 391, 396, 811, 818, 820, 825, 831, 841, 846]","[209, 243, 271, 311, 391, 679, 707, 730, 769, 841]","[338, 339, 340, 341, 342, 343, 344, 345, 346, 347, 348, 349, 350, 351, 352, 353, 354, 355, 356, 357, 358, 359, 360, 361, 362, 363, 364, 365, 366, 367, 368, 369, 370, 371, 372, 373, 374, 375, 376, 377, 378, 379, 380, 381, 382, 383, 384, 385, 386, 387, 388, 389, 390, 391, 392, 393, 394, 395, 396, 397, 794, 795, 796, 797, 798, 799, 800, 801, 802, 803, 804, 805, 806, 807, 808, 809, 810, 811, 812, 813, 814, 815, 816, 817, 818, 819, 820, 821, 822, 823, 824, 825, 826, 827, 828, 829, 830, 831, 832, 833, 834, 835, 836, 837, 838, 839, 840, 841, 842, 843, 844, 845, 846, 847]","[16, 125, 156, 163, 168, 184, 205, 222, 229, 253, 258, 265, 313, 317, 336, 340, 341, 356, 363, 365, 366, 367, 370, 375, 388, 391, 394, 396, 402, 410, 411, 412, 413, 415, 416, 417, 418, 419, 425, 429, 431, 433, 435, 437, 440, 441, 442, 443, 451, 452, 456, 457, 458, 460, 461, 464, 471, 473, 474, 475, 481, 482, 501, 596, 628, 635, 655, 675, 693, 716, 720, 725, 771, 775, 793, 796, 797, 811, 817, 818, 820, 825, 838, 841, 844, 846, 851, 857, 861, 862, 863, 864, 866, 867, 868, 870, 871, 877, 881, 883, 885, 888, 891, 892, 893, 898, 899, 904, 905, 907, 908, 911, 918, 920, 921, 922, 923, 924, 926, 931, 933]","[2, 9, 10, 82, 111, 112, 113, 199, 279, 284, 285, 300, 488, 494, 495, 553, 581, 582, 583, 670, 738, 743, 744, 759, 818]","[2, 9, 10, 82, 111, 112, 113, 199, 279, 284, 285, 300, 301, 391, 476, 488, 494, 495, 553, 581, 582, 583, 670, 738, 743, 744, 759, 818, 841, 924, 925]","[2, 285, 9, 10, 16, 922, 313, 553, 925, 877, 317, 581, 582, 583, 82, 596, 888, 111, 112, 113, 628, 635, 125, 655, 881, 156, 670, 163, 675, 679, 168, 693, 184, 851, 707, 199, 883, 716, 205, 720, 209, 725, 857, 730, 222, 738, 229, 743, 744, 861, 862, 243, 863, 759, 885, 864, 253, 769, 258, 771, 866, 775, 265, 867, 271, 868, 279, 793, 794, 795, 796, 797, 798, 799, 800, 801, 802, 803, 804, 805, 806, 807, 808, 809, 810, 811, 812, 813, 814, 815, 816, 817, 818, 819, 820, 821, 822, 311, 823, 825, 824, 826, 827, 828, 829, 831, 830, 832, 833, 834, 835, 836, 837, 838, 839, 841, 840, 842, 843, 844, 846, 845, 847, 336, 338, 339, 340, 341, 342, 343, 344, 345, 346, 347, 348, 349, 350, 351, 352, 353, 354, 355, 356, 357, 358, 359, 360, 361, 362, 363, 364, 365, 366, 367, 368, 369, 370, 371, 372, 373, 374, 375, 376, 377, 378, 379, 380, 381, 382, 383, 384, 385, 386, 387, 388, 389, 390, 391, 392, 393, 394, 395, 396, 397, 892, 893, 870, 891, 402, 907, 908, 911, 918, 284, 920, 921, 410, 411, 412, 413, 871, 415, 416, 417, 418, 419, 923, 924, 926, 898, 931, 425, 933, 899, 429, 431, 433, 435, 437, 440, 441, 442, 443, 451, 452, 904, 456, 457, 458, 905, 460, 461, 464, 471, 473, 474, 475, 476, 481, 482, 300, 488, 301, 494, 495, 501]",True,[],"[338, 339, 340, 341, 342, 343, 344, 345, 346, 347, 348, 349, 350, 351, 352, 353, 354, 355, 356, 357, 358, 359, 360, 361, 362, 363, 364, 365, 366, 367, 368, 369, 370, 371, 372, 373, 374, 375, 376, 377, 378, 379, 380, 381, 382, 383, 384, 385, 386, 387, 388, 389, 390, 391, 392, 393, 394, 395, 396, 397, 794, 795, 796, 797, 798, 799, 800, 801, 802, 803, 804, 805, 806, 807, 808, 809, 810, 811, 812, 813, 814, 815, 816, 817, 818, 819, 820, 821, 822, 823, 824, 825, 826, 827, 828, 829, 830, 831, 832, 833, 834, 835, 836, 837, 838, 839, 840, 841, 842, 843, 844, 845, 846, 847]","[356, 363, 365, 367, 370, 375, 381, 391, 396, 811, 818, 820, 825, 831, 841, 846]","[209, 243, 271, 311, 391, 679, 707, 730, 769, 841]","[16, 125, 156, 163, 168, 184, 205, 222, 229, 253, 258, 265, 313, 317, 336, 340, 341, 356, 363, 365, 366, 367, 370, 375, 388, 391, 394, 396, 402, 410, 411, 412, 413, 415, 416, 417, 418, 419, 425, 429, 431, 433, 435, 437, 440, 441, 442, 443, 451, 452, 456, 457, 458, 460, 461, 464, 471, 473, 474, 475, 481, 482, 501, 596, 628, 635, 655, 675, 693, 716, 720, 725, 771, 775, 793, 796, 797, 811, 817, 818, 820, 825, 838, 841, 844, 846, 851, 857, 861, 862, 863, 864, 866, 867, 868, 870, 871, 877, 881, 883, 885, 888, 891, 892, 893, 898, 899, 904, 905, 907, 908, 911, 918, 920, 921, 922, 923, 924, 926, 931, 933]","[2, 9, 10, 82, 111, 112, 113, 199, 279, 284, 285, 300, 301, 391, 476, 488, 494, 495, 553, 581, 582, 583, 670, 738, 743, 744, 759, 818, 841, 924, 925]","[2, 9, 10, 82, 111, 112, 113, 199, 279, 284, 285, 300, 488, 494, 495, 553, 581, 582, 583, 670, 738, 743, 744, 759, 818]",7/6 successful match,True,"[493, 494, 495, 496, 497, 498]",True,228,True,2014,0.1509433962264151,False,TravelCenters of America,TravelCenters
Las Vegas ( 89118 ) TA Las Vegas # 108 ( Valero ),6 702-361-1176 I-15 Exit 33 ( Blue Diamond Rd ),24 <U+25A1> <U+2610><U+2610><U+2610> <U+2610> <U+2610>,Las Vegas,89118,TA Las Vegas # 108 ( Valero ),702-361-1176,2015,Las Vegas,NV,Valero,( Blue Diamond Rd ),I-15 Exit 33 ,Exit,33,False,,False,I-15,,,,,"[841, 391]",[],"[356, 363, 365, 367, 370, 375, 381, 391, 396, 811, 818, 820, 825, 831, 841, 846]","[209, 243, 271, 311, 391, 679, 707, 730, 769, 841]","[338, 339, 340, 341, 342, 343, 344, 345, 346, 347, 348, 349, 350, 351, 352, 353, 354, 355, 356, 357, 358, 359, 360, 361, 362, 363, 364, 365, 366, 367, 368, 369, 370, 371, 372, 373, 374, 375, 376, 377, 378, 379, 380, 381, 382, 383, 384, 385, 386, 387, 388, 389, 390, 391, 392, 393, 394, 395, 396, 397, 794, 795, 796, 797, 798, 799, 800, 801, 802, 803, 804, 805, 806, 807, 808, 809, 810, 811, 812, 813, 814, 815, 816, 817, 818, 819, 820, 821, 822, 823, 824, 825, 826, 827, 828, 829, 830, 831, 832, 833, 834, 835, 836, 837, 838, 839, 840, 841, 842, 843, 844, 845, 846, 847]","[16, 125, 156, 163, 168, 184, 205, 222, 229, 253, 258, 265, 313, 317, 336, 340, 341, 356, 363, 365, 366, 367, 370, 375, 388, 391, 394, 396, 402, 410, 411, 412, 413, 415, 416, 417, 418, 419, 425, 429, 431, 433, 435, 437, 440, 441, 442, 443, 451, 452, 456, 457, 458, 460, 461, 464, 471, 473, 474, 475, 481, 482, 501, 596, 628, 635, 655, 675, 693, 716, 720, 725, 771, 775, 793, 796, 797, 811, 817, 818, 820, 825, 838, 841, 844, 846, 851, 857, 861, 862, 863, 864, 866, 867, 868, 870, 871, 877, 881, 883, 885, 888, 891, 892, 893, 898, 899, 904, 905, 907, 908, 911, 918, 920, 921, 922, 923, 924, 926, 931, 933]","[2, 9, 10, 82, 111, 112, 113, 199, 279, 284, 285, 300, 488, 494, 495, 553, 581, 582, 583, 670, 738, 743, 744, 759, 818]","[2, 9, 10, 82, 111, 112, 113, 199, 279, 284, 285, 300, 301, 391, 476, 488, 494, 495, 553, 581, 582, 583, 670, 738, 743, 744, 759, 818, 841, 924, 925]","[2, 285, 9, 10, 16, 922, 313, 553, 925, 877, 317, 581, 582, 583, 82, 596, 888, 111, 112, 113, 628, 635, 125, 655, 881, 156, 670, 163, 675, 679, 168, 693, 184, 851, 707, 199, 883, 716, 205, 720, 209, 725, 857, 730, 222, 738, 229, 743, 744, 861, 862, 243, 863, 759, 885, 864, 253, 769, 258, 771, 866, 775, 265, 867, 271, 868, 279, 793, 794, 795, 796, 797, 798, 799, 800, 801, 802, 803, 804, 805, 806, 807, 808, 809, 810, 811, 812, 813, 814, 815, 816, 817, 818, 819, 820, 821, 822, 311, 823, 825, 824, 826, 827, 828, 829, 831, 830, 832, 833, 834, 835, 836, 837, 838, 839, 841, 840, 842, 843, 844, 846, 845, 847, 336, 338, 339, 340, 341, 342, 343, 344, 345, 346, 347, 348, 349, 350, 351, 352, 353, 354, 355, 356, 357, 358, 359, 360, 361, 362, 363, 364, 365, 366, 367, 368, 369, 370, 371, 372, 373, 374, 375, 376, 377, 378, 379, 380, 381, 382, 383, 384, 385, 386, 387, 388, 389, 390, 391, 392, 393, 394, 395, 396, 397, 892, 893, 870, 891, 402, 907, 908, 911, 918, 284, 920, 921, 410, 411, 412, 413, 871, 415, 416, 417, 418, 419, 923, 924, 926, 898, 931, 425, 933, 899, 429, 431, 433, 435, 437, 440, 441, 442, 443, 451, 452, 904, 456, 457, 458, 905, 460, 461, 464, 471, 473, 474, 475, 476, 481, 482, 300, 488, 301, 494, 495, 501]",True,[],"[338, 339, 340, 341, 342, 343, 344, 345, 346, 347, 348, 349, 350, 351, 352, 353, 354, 355, 356, 357, 358, 359, 360, 361, 362, 363, 364, 365, 366, 367, 368, 369, 370, 371, 372, 373, 374, 375, 376, 377, 378, 379, 380, 381, 382, 383, 384, 385, 386, 387, 388, 389, 390, 391, 392, 393, 394, 395, 396, 397, 794, 795, 796, 797, 798, 799, 800, 801, 802, 803, 804, 805, 806, 807, 808, 809, 810, 811, 812, 813, 814, 815, 816, 817, 818, 819, 820, 821, 822, 823, 824, 825, 826, 827, 828, 829, 830, 831, 832, 833, 834, 835, 836, 837, 838, 839, 840, 841, 842, 843, 844, 845, 846, 847]","[356, 363, 365, 367, 370, 375, 381, 391, 396, 811, 818, 820, 825, 831, 841, 846]","[209, 243, 271, 311, 391, 679, 707, 730, 769, 841]","[16, 125, 156, 163, 168, 184, 205, 222, 229, 253, 258, 265, 313, 317, 336, 340, 341, 356, 363, 365, 366, 367, 370, 375, 388, 391, 394, 396, 402, 410, 411, 412, 413, 415, 416, 417, 418, 419, 425, 429, 431, 433, 435, 437, 440, 441, 442, 443, 451, 452, 456, 457, 458, 460, 461, 464, 471, 473, 474, 475, 481, 482, 501, 596, 628, 635, 655, 675, 693, 716, 720, 725, 771, 775, 793, 796, 797, 811, 817, 818, 820, 825, 838, 841, 844, 846, 851, 857, 861, 862, 863, 864, 866, 867, 868, 870, 871, 877, 881, 883, 885, 888, 891, 892, 893, 898, 899, 904, 905, 907, 908, 911, 918, 920, 921, 922, 923, 924, 926, 931, 933]","[2, 9, 10, 82, 111, 112, 113, 199, 279, 284, 285, 300, 301, 391, 476, 488, 494, 495, 553, 581, 582, 583, 670, 738, 743, 744, 759, 818, 841, 924, 925]","[2, 9, 10, 82, 111, 112, 113, 199, 279, 284, 285, 300, 488, 494, 495, 553, 581, 582, 583, 670, 738, 743, 744, 759, 818]",7/6 successful match,True,"[493, 494, 495, 496, 497, 498]",True,228,False,,1.0,True,TA Las Vegas # 108 ( Valero ),Valero
Las Vegas ( 89118 ) TA Las Vegas # 108 ( Valero,702-361-1176 I-15 Exit 33 ( Blue ),24 LO,Las Vegas,89118,TA Las Vegas # 108 ( Valero,702-361-1176,2016,Las Vegas,NV,Valero,( Blue ),I-15 Exit 33 ,Exit,33,False,,False,I-15,,,,,"[841, 391]",[],"[356, 363, 365, 367, 370, 375, 381, 391, 396, 811, 818, 820, 825, 831, 841, 846]","[209, 243, 271, 311, 391, 679, 707, 730, 769, 841]","[338, 339, 340, 341, 342, 343, 344, 345, 346, 347, 348, 349, 350, 351, 352, 353, 354, 355, 356, 357, 358, 359, 360, 361, 362, 363, 364, 365, 366, 367, 368, 369, 370, 371, 372, 373, 374, 375, 376, 377, 378, 379, 380, 381, 382, 383, 384, 385, 386, 387, 388, 389, 390, 391, 392, 393, 394, 395, 396, 397, 794, 795, 796, 797, 798, 799, 800, 801, 802, 803, 804, 805, 806, 807, 808, 809, 810, 811, 812, 813, 814, 815, 816, 817, 818, 819, 820, 821, 822, 823, 824, 825, 826, 827, 828, 829, 830, 831, 832, 833, 834, 835, 836, 837, 838, 839, 840, 841, 842, 843, 844, 845, 846, 847]","[16, 125, 156, 163, 168, 184, 205, 222, 229, 253, 258, 265, 313, 317, 336, 340, 341, 356, 363, 365, 366, 367, 370, 375, 388, 391, 394, 396, 402, 410, 411, 412, 413, 415, 416, 417, 418, 419, 425, 429, 431, 433, 435, 437, 440, 441, 442, 443, 451, 452, 456, 457, 458, 460, 461, 464, 471, 473, 474, 475, 481, 482, 501, 596, 628, 635, 655, 675, 693, 716, 720, 725, 771, 775, 793, 796, 797, 811, 817, 818, 820, 825, 838, 841, 844, 846, 851, 857, 861, 862, 863, 864, 866, 867, 868, 870, 871, 877, 881, 883, 885, 888, 891, 892, 893, 898, 899, 904, 905, 907, 908, 911, 918, 920, 921, 922, 923, 924, 926, 931, 933]","[2, 9, 10, 82, 111, 112, 113, 199, 279, 284, 285, 300, 488, 494, 495, 553, 581, 582, 583, 670, 738, 743, 744, 759, 818]","[2, 9, 10, 82, 111, 112, 113, 199, 279, 284, 285, 300, 301, 391, 476, 488, 494, 495, 553, 581, 582, 583, 670, 738, 743, 744, 759, 818, 841, 924, 925]","[2, 285, 9, 10, 16, 922, 313, 553, 925, 877, 317, 581, 582, 583, 82, 596, 888, 111, 112, 113, 628, 635, 125, 655, 881, 156, 670, 163, 675, 679, 168, 693, 184, 851, 707, 199, 883, 716, 205, 720, 209, 725, 857, 730, 222, 738, 229, 743, 744, 861, 862, 243, 863, 759, 885, 864, 253, 769, 258, 771, 866, 775, 265, 867, 271, 868, 279, 793, 794, 795, 796, 797, 798, 799, 800, 801, 802, 803, 804, 805, 806, 807, 808, 809, 810, 811, 812, 813, 814, 815, 816, 817, 818, 819, 820, 821, 822, 311, 823, 825, 824, 826, 827, 828, 829, 831, 830, 832, 833, 834, 835, 836, 837, 838, 839, 841, 840, 842, 843, 844, 846, 845, 847, 336, 338, 339, 340, 341, 342, 343, 344, 345, 346, 347, 348, 349, 350, 351, 352, 353, 354, 355, 356, 357, 358, 359, 360, 361, 362, 363, 364, 365, 366, 367, 368, 369, 370, 371, 372, 373, 374, 375, 376, 377, 378, 379, 380, 381, 382, 383, 384, 385, 386, 387, 388, 389, 390, 391, 392, 393, 394, 395, 396, 397, 892, 893, 870, 891, 402, 907, 908, 911, 918, 284, 920, 921, 410, 411, 412, 413, 871, 415, 416, 417, 418, 419, 923, 924, 926, 898, 931, 425, 933, 899, 429, 431, 433, 435, 437, 440, 441, 442, 443, 451, 452, 904, 456, 457, 458, 905, 460, 461, 464, 471, 473, 474, 475, 476, 481, 482, 300, 488, 301, 494, 495, 501]",True,[],"[338, 339, 340, 341, 342, 343, 344, 345, 346, 347, 348, 349, 350, 351, 352, 353, 354, 355, 356, 357, 358, 359, 360, 361, 362, 363, 364, 365, 366, 367, 368, 369, 370, 371, 372, 373, 374, 375, 376, 377, 378, 379, 380, 381, 382, 383, 384, 385, 386, 387, 388, 389, 390, 391, 392, 393, 394, 395, 396, 397, 794, 795, 796, 797, 798, 799, 800, 801, 802, 803, 804, 805, 806, 807, 808, 809, 810, 811, 812, 813, 814, 815, 816, 817, 818, 819, 820, 821, 822, 823, 824, 825, 826, 827, 828, 829, 830, 831, 832, 833, 834, 835, 836, 837, 838, 839, 840, 841, 842, 843, 844, 845, 846, 847]","[356, 363, 365, 367, 370, 375, 381, 391, 396, 811, 818, 820, 825, 831, 841, 846]","[209, 243, 271, 311, 391, 679, 707, 730, 769, 841]","[16, 125, 156, 163, 168, 184, 205, 222, 229, 253, 258, 265, 313, 317, 336, 340, 341, 356, 363, 365, 366, 367, 370, 375, 388, 391, 394, 396, 402, 410, 411, 412, 413, 415, 416, 417, 418, 419, 425, 429, 431, 433, 435, 437, 440, 441, 442, 443, 451, 452, 456, 457, 458, 460, 461, 464, 471, 473, 474, 475, 481, 482, 501, 596, 628, 635, 655, 675, 693, 716, 720, 725, 771, 775, 793, 796, 797, 811, 817, 818, 820, 825, 838, 841, 844, 846, 851, 857, 861, 862, 863, 864, 866, 867, 868, 870, 871, 877, 881, 883, 885, 888, 891, 892, 893, 898, 899, 904, 905, 907, 908, 911, 918, 920, 921, 922, 923, 924, 926, 931, 933]","[2, 9, 10, 82, 111, 112, 113, 199, 279, 284, 285, 300, 301, 391, 476, 488, 494, 495, 553, 581, 582, 583, 670, 738, 743, 744, 759, 818, 841, 924, 925]","[2, 9, 10, 82, 111, 112, 113, 199, 279, 284, 285, 300, 488, 494, 495, 553, 581, 582, 583, 670, 738, 743, 744, 759, 818]",7/6 successful match,True,"[493, 494, 495, 496, 497, 498]",True,228,False,,1.0,True,TA Las Vegas # 108 ( Valero ),Valero
"E Ely , 89301 R Place # 2 ( Shell )",775-289-2601 909 US 50 ( W of US 6 ),<U+2610>,Ely,89301,R Place # 2 ( Shell ),775-289-2601,2006,Ely,NV,Shell,( W of US 6 ),909 US 50,Proper,,False,,False,US 50,,,,,"[379, 829]","[358, 379, 386, 813, 829, 836]","[358, 379, 386, 813, 829, 836]",[],"[338, 339, 340, 341, 342, 343, 344, 345, 346, 347, 348, 349, 350, 351, 352, 353, 354, 355, 356, 357, 358, 359, 360, 361, 362, 363, 364, 365, 366, 367, 368, 369, 370, 371, 372, 373, 374, 375, 376, 377, 378, 379, 380, 381, 382, 383, 384, 385, 386, 387, 388, 389, 390, 391, 392, 393, 394, 395, 396, 397, 794, 795, 796, 797, 798, 799, 800, 801, 802, 803, 804, 805, 806, 807, 808, 809, 810, 811, 812, 813, 814, 815, 816, 817, 818, 819, 820, 821, 822, 823, 824, 825, 826, 827, 828, 829, 830, 831, 832, 833, 834, 835, 836, 837, 838, 839, 840, 841, 842, 843, 844, 845, 846, 847]","[180, 347, 353, 467, 651, 802, 808, 914]","[1, 13, 14, 29, 54, 55, 56, 57, 58, 60, 102, 118, 125, 127, 130, 134, 146, 149, 153, 175, 182, 187, 189, 191, 197, 225, 230, 238, 264, 265, 266, 286, 302, 317, 336, 379, 388, 389, 425, 454, 458, 463, 475, 487, 498, 499, 512, 530, 531, 532, 533, 534, 536, 573, 589, 596, 598, 601, 605, 617, 620, 624, 646, 653, 658, 660, 662, 668, 689, 694, 702, 724, 725, 745, 760, 775, 793, 829, 838, 839, 877, 901, 903, 905, 910, 923]","[1, 13, 14, 29, 54, 55, 56, 57, 58, 60, 102, 118, 125, 127, 130, 134, 146, 149, 153, 175, 182, 187, 189, 191, 197, 225, 230, 238, 264, 265, 266, 286, 302, 317, 336, 354, 379, 388, 389, 425, 454, 458, 463, 475, 487, 498, 499, 512, 530, 531, 532, 533, 534, 536, 573, 589, 596, 598, 601, 605, 617, 620, 624, 646, 653, 658, 660, 662, 668, 689, 694, 702, 724, 725, 745, 760, 775, 793, 809, 829, 838, 839, 877, 901, 903, 905, 910, 923]","[512, 1, 13, 14, 530, 531, 532, 533, 534, 536, 29, 877, 54, 55, 56, 57, 58, 317, 60, 573, 589, 596, 598, 601, 605, 102, 617, 620, 624, 118, 125, 127, 130, 134, 646, 651, 653, 146, 658, 660, 149, 662, 153, 668, 175, 689, 180, 182, 694, 187, 189, 702, 191, 197, 724, 725, 225, 230, 745, 238, 760, 775, 264, 265, 266, 793, 794, 795, 796, 797, 798, 799, 800, 801, 802, 803, 804, 805, 806, 807, 808, 809, 810, 811, 812, 813, 814, 815, 816, 817, 818, 819, 820, 821, 822, 823, 824, 825, 826, 827, 828, 829, 830, 831, 832, 833, 834, 835, 836, 837, 838, 839, 840, 841, 842, 843, 844, 845, 846, 847, 336, 338, 339, 340, 341, 342, 343, 344, 345, 346, 347, 348, 349, 350, 351, 352, 353, 354, 355, 356, 357, 358, 359, 360, 361, 362, 363, 364, 365, 366, 367, 368, 369, 370, 371, 372, 373, 374, 375, 376, 377, 378, 379, 380, 381, 382, 383, 384, 385, 386, 387, 388, 389, 390, 391, 392, 393, 394, 395, 396, 397, 901, 903, 905, 910, 914, 923, 286, 425, 454, 458, 463, 467, 475, 487, 302, 498, 499]",True,"[358, 379, 386, 813, 829, 836]","[338, 339, 340, 341, 342, 343, 344, 345, 346, 347, 348, 349, 350, 351, 352, 353, 354, 355, 356, 357, 358, 359, 360, 361, 362, 363, 364, 365, 366, 367, 368, 369, 370, 371, 372, 373, 374, 375, 376, 377, 378, 379, 380, 381, 382, 383, 384, 385, 386, 387, 388, 389, 390, 391, 392, 393, 394, 395, 396, 397, 794, 795, 796, 797, 798, 799, 800, 801, 802, 803, 804, 805, 806, 807, 808, 809, 810, 811, 812, 813, 814, 815, 816, 817, 818, 819, 820, 821, 822, 823, 824, 825, 826, 827, 828, 829, 830, 831, 832, 833, 834, 835, 836, 837, 838, 839, 840, 841, 842, 843, 844, 845, 846, 847]","[358, 379, 386, 813, 829, 836]",[],"[180, 347, 353, 467, 651, 802, 808, 914]","[1, 13, 14, 29, 54, 55, 56, 57, 58, 60, 102, 118, 125, 127, 130, 134, 146, 149, 153, 175, 182, 187, 189, 191, 197, 225, 230, 238, 264, 265, 266, 286, 302, 317, 336, 354, 379, 388, 389, 425, 454, 458, 463, 475, 487, 498, 499, 512, 530, 531, 532, 533, 534, 536, 573, 589, 596, 598, 601, 605, 617, 620, 624, 646, 653, 658, 660, 662, 668, 689, 694, 702, 724, 725, 745, 760, 775, 793, 809, 829, 838, 839, 877, 901, 903, 905, 910, 923]","[1, 13, 14, 29, 54, 55, 56, 57, 58, 60, 102, 118, 125, 127, 130, 134, 146, 149, 153, 175, 182, 187, 189, 191, 197, 225, 230, 238, 264, 265, 266, 286, 302, 317, 336, 379, 388, 389, 425, 454, 458, 463, 475, 487, 498, 499, 512, 530, 531, 532, 533, 534, 536, 573, 589, 596, 598, 601, 605, 617, 620, 624, 646, 653, 658, 660, 662, 668, 689, 694, 702, 724, 725, 745, 760, 775, 793, 829, 838, 839, 877, 901, 903, 905, 910, 923]",4/6 successful match,True,"[129, 130]",True,229,False,,,,,
"E Ely , 89301 R Place # 2 ( Shell )",775-289-2601 909 US 50 ( W of US 6 ),<U+2610> <U+25A1>,Ely,89301,R Place # 2 ( Shell ),775-289-2601,2007,Ely,NV,Shell,( W of US 6 ),909 US 50,Proper,,False,,False,US 50,,,,,"[379, 829]","[358, 379, 386, 813, 829, 836]","[358, 379, 386, 813, 829, 836]",[],"[338, 339, 340, 341, 342, 343, 344, 345, 346, 347, 348, 349, 350, 351, 352, 353, 354, 355, 356, 357, 358, 359, 360, 361, 362, 363, 364, 365, 366, 367, 368, 369, 370, 371, 372, 373, 374, 375, 376, 377, 378, 379, 380, 381, 382, 383, 384, 385, 386, 387, 388, 389, 390, 391, 392, 393, 394, 395, 396, 397, 794, 795, 796, 797, 798, 799, 800, 801, 802, 803, 804, 805, 806, 807, 808, 809, 810, 811, 812, 813, 814, 815, 816, 817, 818, 819, 820, 821, 822, 823, 824, 825, 826, 827, 828, 829, 830, 831, 832, 833, 834, 835, 836, 837, 838, 839, 840, 841, 842, 843, 844, 845, 846, 847]","[180, 347, 353, 467, 651, 802, 808, 914]","[1, 13, 14, 29, 54, 55, 56, 57, 58, 60, 102, 118, 125, 127, 130, 134, 146, 149, 153, 175, 182, 187, 189, 191, 197, 225, 230, 238, 264, 265, 266, 286, 302, 317, 336, 379, 388, 389, 425, 454, 458, 463, 475, 487, 498, 499, 512, 530, 531, 532, 533, 534, 536, 573, 589, 596, 598, 601, 605, 617, 620, 624, 646, 653, 658, 660, 662, 668, 689, 694, 702, 724, 725, 745, 760, 775, 793, 829, 838, 839, 877, 901, 903, 905, 910, 923]","[1, 13, 14, 29, 54, 55, 56, 57, 58, 60, 102, 118, 125, 127, 130, 134, 146, 149, 153, 175, 182, 187, 189, 191, 197, 225, 230, 238, 264, 265, 266, 286, 302, 317, 336, 354, 379, 388, 389, 425, 454, 458, 463, 475, 487, 498, 499, 512, 530, 531, 532, 533, 534, 536, 573, 589, 596, 598, 601, 605, 617, 620, 624, 646, 653, 658, 660, 662, 668, 689, 694, 702, 724, 725, 745, 760, 775, 793, 809, 829, 838, 839, 877, 901, 903, 905, 910, 923]","[512, 1, 13, 14, 530, 531, 532, 533, 534, 536, 29, 877, 54, 55, 56, 57, 58, 317, 60, 573, 589, 596, 598, 601, 605, 102, 617, 620, 624, 118, 125, 127, 130, 134, 646, 651, 653, 146, 658, 660, 149, 662, 153, 668, 175, 689, 180, 182, 694, 187, 189, 702, 191, 197, 724, 725, 225, 230, 745, 238, 760, 775, 264, 265, 266, 793, 794, 795, 796, 797, 798, 799, 800, 801, 802, 803, 804, 805, 806, 807, 808, 809, 810, 811, 812, 813, 814, 815, 816, 817, 818, 819, 820, 821, 822, 823, 824, 825, 826, 827, 828, 829, 830, 831, 832, 833, 834, 835, 836, 837, 838, 839, 840, 841, 842, 843, 844, 845, 846, 847, 336, 338, 339, 340, 341, 342, 343, 344, 345, 346, 347, 348, 349, 350, 351, 352, 353, 354, 355, 356, 357, 358, 359, 360, 361, 362, 363, 364, 365, 366, 367, 368, 369, 370, 371, 372, 373, 374, 375, 376, 377, 378, 379, 380, 381, 382, 383, 384, 385, 386, 387, 388, 389, 390, 391, 392, 393, 394, 395, 396, 397, 901, 903, 905, 910, 914, 923, 286, 425, 454, 458, 463, 467, 475, 487, 302, 498, 499]",True,"[358, 379, 386, 813, 829, 836]","[338, 339, 340, 341, 342, 343, 344, 345, 346, 347, 348, 349, 350, 351, 352, 353, 354, 355, 356, 357, 358, 359, 360, 361, 362, 363, 364, 365, 366, 367, 368, 369, 370, 371, 372, 373, 374, 375, 376, 377, 378, 379, 380, 381, 382, 383, 384, 385, 386, 387, 388, 389, 390, 391, 392, 393, 394, 395, 396, 397, 794, 795, 796, 797, 798, 799, 800, 801, 802, 803, 804, 805, 806, 807, 808, 809, 810, 811, 812, 813, 814, 815, 816, 817, 818, 819, 820, 821, 822, 823, 824, 825, 826, 827, 828, 829, 830, 831, 832, 833, 834, 835, 836, 837, 838, 839, 840, 841, 842, 843, 844, 845, 846, 847]","[358, 379, 386, 813, 829, 836]",[],"[180, 347, 353, 467, 651, 802, 808, 914]","[1, 13, 14, 29, 54, 55, 56, 57, 58, 60, 102, 118, 125, 127, 130, 134, 146, 149, 153, 175, 182, 187, 189, 191, 197, 225, 230, 238, 264, 265, 266, 286, 302, 317, 336, 354, 379, 388, 389, 425, 454, 458, 463, 475, 487, 498, 499, 512, 530, 531, 532, 533, 534, 536, 573, 589, 596, 598, 601, 605, 617, 620, 624, 646, 653, 658, 660, 662, 668, 689, 694, 702, 724, 725, 745, 760, 775, 793, 809, 829, 838, 839, 877, 901, 903, 905, 910, 923]","[1, 13, 14, 29, 54, 55, 56, 57, 58, 60, 102, 118, 125, 127, 130, 134, 146, 149, 153, 175, 182, 187, 189, 191, 197, 225, 230, 238, 264, 265, 266, 286, 302, 317, 336, 379, 388, 389, 425, 454, 458, 463, 475, 487, 498, 499, 512, 530, 531, 532, 533, 534, 536, 573, 589, 596, 598, 601, 605, 617, 620, 624, 646, 653, 658, 660, 662, 668, 689, 694, 702, 724, 725, 745, 760, 775, 793, 829, 838, 839, 877, 901, 903, 905, 910, 923]",4/6 successful match,True,"[129, 130]",True,229,False,,1.0,True,R Place # 2 ( Shell ),Shell
"Ely , 89301 R Place # 2 ( Shell ) )",775-289-2601 909 US 50 ( W of US 6 ),HR3 24 2 <U+25A1>,Ely,89301,R Place # 2 ( Shell ) ),775-289-2601,2008,Ely,NV,Shell,( W of US 6 ),909 US 50,Proper,,False,,False,US 50,,,,,"[379, 829]","[358, 379, 386, 813, 829, 836]","[358, 379, 386, 813, 829, 836]",[],"[338, 339, 340, 341, 342, 343, 344, 345, 346, 347, 348, 349, 350, 351, 352, 353, 354, 355, 356, 357, 358, 359, 360, 361, 362, 363, 364, 365, 366, 367, 368, 369, 370, 371, 372, 373, 374, 375, 376, 377, 378, 379, 380, 381, 382, 383, 384, 385, 386, 387, 388, 389, 390, 391, 392, 393, 394, 395, 396, 397, 794, 795, 796, 797, 798, 799, 800, 801, 802, 803, 804, 805, 806, 807, 808, 809, 810, 811, 812, 813, 814, 815, 816, 817, 818, 819, 820, 821, 822, 823, 824, 825, 826, 827, 828, 829, 830, 831, 832, 833, 834, 835, 836, 837, 838, 839, 840, 841, 842, 843, 844, 845, 846, 847]","[180, 347, 353, 467, 651, 802, 808, 914]","[1, 13, 14, 29, 54, 55, 56, 57, 58, 60, 102, 118, 125, 127, 130, 134, 146, 149, 153, 175, 182, 187, 189, 191, 197, 225, 230, 238, 264, 265, 266, 286, 302, 317, 336, 379, 388, 389, 425, 454, 458, 463, 475, 487, 498, 499, 512, 530, 531, 532, 533, 534, 536, 573, 589, 596, 598, 601, 605, 617, 620, 624, 646, 653, 658, 660, 662, 668, 689, 694, 702, 724, 725, 745, 760, 775, 793, 829, 838, 839, 877, 901, 903, 905, 910, 923]","[1, 13, 14, 29, 54, 55, 56, 57, 58, 60, 102, 118, 125, 127, 130, 134, 146, 149, 153, 175, 182, 187, 189, 191, 197, 225, 230, 238, 264, 265, 266, 286, 302, 317, 336, 354, 379, 388, 389, 425, 454, 458, 463, 475, 487, 498, 499, 512, 530, 531, 532, 533, 534, 536, 573, 589, 596, 598, 601, 605, 617, 620, 624, 646, 653, 658, 660, 662, 668, 689, 694, 702, 724, 725, 745, 760, 775, 793, 809, 829, 838, 839, 877, 901, 903, 905, 910, 923]","[512, 1, 13, 14, 530, 531, 532, 533, 534, 536, 29, 877, 54, 55, 56, 57, 58, 317, 60, 573, 589, 596, 598, 601, 605, 102, 617, 620, 624, 118, 125, 127, 130, 134, 646, 651, 653, 146, 658, 660, 149, 662, 153, 668, 175, 689, 180, 182, 694, 187, 189, 702, 191, 197, 724, 725, 225, 230, 745, 238, 760, 775, 264, 265, 266, 793, 794, 795, 796, 797, 798, 799, 800, 801, 802, 803, 804, 805, 806, 807, 808, 809, 810, 811, 812, 813, 814, 815, 816, 817, 818, 819, 820, 821, 822, 823, 824, 825, 826, 827, 828, 829, 830, 831, 832, 833, 834, 835, 836, 837, 838, 839, 840, 841, 842, 843, 844, 845, 846, 847, 336, 338, 339, 340, 341, 342, 343, 344, 345, 346, 347, 348, 349, 350, 351, 352, 353, 354, 355, 356, 357, 358, 359, 360, 361, 362, 363, 364, 365, 366, 367, 368, 369, 370, 371, 372, 373, 374, 375, 376, 377, 378, 379, 380, 381, 382, 383, 384, 385, 386, 387, 388, 389, 390, 391, 392, 393, 394, 395, 396, 397, 901, 903, 905, 910, 914, 923, 286, 425, 454, 458, 463, 467, 475, 487, 302, 498, 499]",True,"[358, 379, 386, 813, 829, 836]","[338, 339, 340, 341, 342, 343, 344, 345, 346, 347, 348, 349, 350, 351, 352, 353, 354, 355, 356, 357, 358, 359, 360, 361, 362, 363, 364, 365, 366, 367, 368, 369, 370, 371, 372, 373, 374, 375, 376, 377, 378, 379, 380, 381, 382, 383, 384, 385, 386, 387, 388, 389, 390, 391, 392, 393, 394, 395, 396, 397, 794, 795, 796, 797, 798, 799, 800, 801, 802, 803, 804, 805, 806, 807, 808, 809, 810, 811, 812, 813, 814, 815, 816, 817, 818, 819, 820, 821, 822, 823, 824, 825, 826, 827, 828, 829, 830, 831, 832, 833, 834, 835, 836, 837, 838, 839, 840, 841, 842, 843, 844, 845, 846, 847]","[358, 379, 386, 813, 829, 836]",[],"[180, 347, 353, 467, 651, 802, 808, 914]","[1, 13, 14, 29, 54, 55, 56, 57, 58, 60, 102, 118, 125, 127, 130, 134, 146, 149, 153, 175, 182, 187, 189, 191, 197, 225, 230, 238, 264, 265, 266, 286, 302, 317, 336, 354, 379, 388, 389, 425, 454, 458, 463, 475, 487, 498, 499, 512, 530, 531, 532, 533, 534, 536, 573, 589, 596, 598, 601, 605, 617, 620, 624, 646, 653, 658, 660, 662, 668, 689, 694, 702, 724, 725, 745, 760, 775, 793, 809, 829, 838, 839, 877, 901, 903, 905, 910, 923]","[1, 13, 14, 29, 54, 55, 56, 57, 58, 60, 102, 118, 125, 127, 130, 134, 146, 149, 153, 175, 182, 187, 189, 191, 197, 225, 230, 238, 264, 265, 266, 286, 302, 317, 336, 379, 388, 389, 425, 454, 458, 463, 475, 487, 498, 499, 512, 530, 531, 532, 533, 534, 536, 573, 589, 596, 598, 601, 605, 617, 620, 624, 646, 653, 658, 660, 662, 668, 689, 694, 702, 724, 725, 745, 760, 775, 793, 829, 838, 839, 877, 901, 903, 905, 910, 923]",4/6 successful match,True,"[129, 130]",True,229,False,,0.9863636363636363,True,R Place # 2 ( Shell ),Shell
Ely ( 89301 ) R Place # 2 ( Shell ),775-289-2601 909 US 93 ( E of US 50 ),24 D D,Ely,89301,R Place # 2 ( Shell ),775-289-2601,2014,Ely,NV,Shell,( E of US 50 ),909 US 93,Proper,,False,,False,US 93,,,,,"[379, 829]","[358, 379, 386, 813, 829, 836]","[358, 379, 386, 813, 829, 836]",[],"[338, 339, 340, 341, 342, 343, 344, 345, 346, 347, 348, 349, 350, 351, 352, 353, 354, 355, 356, 357, 358, 359, 360, 361, 362, 363, 364, 365, 366, 367, 368, 369, 370, 371, 372, 373, 374, 375, 376, 377, 378, 379, 380, 381, 382, 383, 384, 385, 386, 387, 388, 389, 390, 391, 392, 393, 394, 395, 396, 397, 794, 795, 796, 797, 798, 799, 800, 801, 802, 803, 804, 805, 806, 807, 808, 809, 810, 811, 812, 813, 814, 815, 816, 817, 818, 819, 820, 821, 822, 823, 824, 825, 826, 827, 828, 829, 830, 831, 832, 833, 834, 835, 836, 837, 838, 839, 840, 841, 842, 843, 844, 845, 846, 847]","[2, 30, 58, 98, 338, 344, 357, 358, 361, 379, 380, 488, 513, 531, 569, 794, 800, 812, 813, 829, 830]","[1, 13, 14, 29, 54, 55, 56, 57, 58, 60, 102, 118, 125, 127, 130, 134, 146, 149, 153, 175, 182, 187, 189, 191, 197, 225, 230, 238, 264, 265, 266, 286, 302, 317, 336, 379, 388, 389, 425, 454, 458, 463, 475, 487, 498, 499, 512, 530, 531, 532, 533, 534, 536, 573, 589, 596, 598, 601, 605, 617, 620, 624, 646, 653, 658, 660, 662, 668, 689, 694, 702, 724, 725, 745, 760, 775, 793, 829, 838, 839, 877, 901, 903, 905, 910, 923]","[1, 13, 14, 29, 54, 55, 56, 57, 58, 60, 102, 118, 125, 127, 130, 134, 146, 149, 153, 175, 182, 187, 189, 191, 197, 225, 230, 238, 264, 265, 266, 286, 302, 317, 336, 354, 379, 388, 389, 425, 454, 458, 463, 475, 487, 498, 499, 512, 530, 531, 532, 533, 534, 536, 573, 589, 596, 598, 601, 605, 617, 620, 624, 646, 653, 658, 660, 662, 668, 689, 694, 702, 724, 725, 745, 760, 775, 793, 809, 829, 838, 839, 877, 901, 903, 905, 910, 923]","[512, 513, 2, 1, 13, 14, 530, 531, 532, 533, 534, 536, 29, 30, 877, 54, 55, 56, 569, 58, 57, 60, 317, 573, 589, 596, 598, 601, 605, 98, 102, 617, 620, 624, 118, 125, 127, 130, 134, 646, 653, 146, 658, 660, 149, 662, 153, 668, 175, 689, 182, 694, 187, 189, 702, 191, 197, 724, 725, 225, 230, 745, 238, 760, 775, 264, 265, 266, 793, 794, 795, 796, 797, 798, 799, 800, 801, 802, 803, 804, 805, 806, 807, 808, 809, 810, 811, 812, 813, 814, 815, 816, 817, 818, 819, 820, 821, 822, 823, 824, 825, 826, 827, 828, 829, 830, 831, 832, 833, 834, 835, 836, 837, 838, 839, 840, 841, 842, 843, 844, 845, 846, 847, 336, 338, 339, 340, 341, 342, 343, 344, 345, 346, 347, 348, 349, 350, 351, 352, 353, 354, 355, 356, 357, 358, 359, 360, 361, 362, 363, 364, 365, 366, 367, 368, 369, 370, 371, 372, 373, 374, 375, 376, 377, 378, 379, 380, 381, 382, 383, 384, 385, 386, 387, 388, 389, 390, 391, 392, 393, 394, 395, 396, 397, 901, 903, 905, 910, 923, 286, 425, 454, 458, 463, 475, 487, 488, 302, 498, 499]",True,"[358, 379, 386, 813, 829, 836]","[338, 339, 340, 341, 342, 343, 344, 345, 346, 347, 348, 349, 350, 351, 352, 353, 354, 355, 356, 357, 358, 359, 360, 361, 362, 363, 364, 365, 366, 367, 368, 369, 370, 371, 372, 373, 374, 375, 376, 377, 378, 379, 380, 381, 382, 383, 384, 385, 386, 387, 388, 389, 390, 391, 392, 393, 394, 395, 396, 397, 794, 795, 796, 797, 798, 799, 800, 801, 802, 803, 804, 805, 806, 807, 808, 809, 810, 811, 812, 813, 814, 815, 816, 817, 818, 819, 820, 821, 822, 823, 824, 825, 826, 827, 828, 829, 830, 831, 832, 833, 834, 835, 836, 837, 838, 839, 840, 841, 842, 843, 844, 845, 846, 847]","[358, 379, 386, 813, 829, 836]",[],"[2, 30, 58, 98, 338, 344, 357, 358, 361, 379, 380, 488, 513, 531, 569, 794, 800, 812, 813, 829, 830]","[1, 13, 14, 29, 54, 55, 56, 57, 58, 60, 102, 118, 125, 127, 130, 134, 146, 149, 153, 175, 182, 187, 189, 191, 197, 225, 230, 238, 264, 265, 266, 286, 302, 317, 336, 354, 379, 388, 389, 425, 454, 458, 463, 475, 487, 498, 499, 512, 530, 531, 532, 533, 534, 536, 573, 589, 596, 598, 601, 605, 617, 620, 624, 646, 653, 658, 660, 662, 668, 689, 694, 702, 724, 725, 745, 760, 775, 793, 809, 829, 838, 839, 877, 901, 903, 905, 910, 923]","[1, 13, 14, 29, 54, 55, 56, 57, 58, 60, 102, 118, 125, 127, 130, 134, 146, 149, 153, 175, 182, 187, 189, 191, 197, 225, 230, 238, 264, 265, 266, 286, 302, 317, 336, 379, 388, 389, 425, 454, 458, 463, 475, 487, 498, 499, 512, 530, 531, 532, 533, 534, 536, 573, 589, 596, 598, 601, 605, 617, 620, 624, 646, 653, 658, 660, 662, 668, 689, 694, 702, 724, 725, 745, 760, 775, 793, 829, 838, 839, 877, 901, 903, 905, 910, 923]",7/6 successful match,True,"[129, 130]",True,229,False,,0.9863636363636363,True,R Place # 2 ( Shell ) ),Shell
Ely ( 89301 ) R Place # 2 ( Shell ),775-289-2601 909 US 93 ( E of US 50 ),<U+25A1>,Ely,89301,R Place # 2 ( Shell ),775-289-2601,2015,Ely,NV,Shell,( E of US 50 ),909 US 93,Proper,,False,,False,US 93,,,,,"[379, 829]","[358, 379, 386, 813, 829, 836]","[358, 379, 386, 813, 829, 836]",[],"[338, 339, 340, 341, 342, 343, 344, 345, 346, 347, 348, 349, 350, 351, 352, 353, 354, 355, 356, 357, 358, 359, 360, 361, 362, 363, 364, 365, 366, 367, 368, 369, 370, 371, 372, 373, 374, 375, 376, 377, 378, 379, 380, 381, 382, 383, 384, 385, 386, 387, 388, 389, 390, 391, 392, 393, 394, 395, 396, 397, 794, 795, 796, 797, 798, 799, 800, 801, 802, 803, 804, 805, 806, 807, 808, 809, 810, 811, 812, 813, 814, 815, 816, 817, 818, 819, 820, 821, 822, 823, 824, 825, 826, 827, 828, 829, 830, 831, 832, 833, 834, 835, 836, 837, 838, 839, 840, 841, 842, 843, 844, 845, 846, 847]","[2, 30, 58, 98, 338, 344, 357, 358, 361, 379, 380, 488, 513, 531, 569, 794, 800, 812, 813, 829, 830]","[1, 13, 14, 29, 54, 55, 56, 57, 58, 60, 102, 118, 125, 127, 130, 134, 146, 149, 153, 175, 182, 187, 189, 191, 197, 225, 230, 238, 264, 265, 266, 286, 302, 317, 336, 379, 388, 389, 425, 454, 458, 463, 475, 487, 498, 499, 512, 530, 531, 532, 533, 534, 536, 573, 589, 596, 598, 601, 605, 617, 620, 624, 646, 653, 658, 660, 662, 668, 689, 694, 702, 724, 725, 745, 760, 775, 793, 829, 838, 839, 877, 901, 903, 905, 910, 923]","[1, 13, 14, 29, 54, 55, 56, 57, 58, 60, 102, 118, 125, 127, 130, 134, 146, 149, 153, 175, 182, 187, 189, 191, 197, 225, 230, 238, 264, 265, 266, 286, 302, 317, 336, 354, 379, 388, 389, 425, 454, 458, 463, 475, 487, 498, 499, 512, 530, 531, 532, 533, 534, 536, 573, 589, 596, 598, 601, 605, 617, 620, 624, 646, 653, 658, 660, 662, 668, 689, 694, 702, 724, 725, 745, 760, 775, 793, 809, 829, 838, 839, 877, 901, 903, 905, 910, 923]","[512, 513, 2, 1, 13, 14, 530, 531, 532, 533, 534, 536, 29, 30, 877, 54, 55, 56, 569, 58, 57, 60, 317, 573, 589, 596, 598, 601, 605, 98, 102, 617, 620, 624, 118, 125, 127, 130, 134, 646, 653, 146, 658, 660, 149, 662, 153, 668, 175, 689, 182, 694, 187, 189, 702, 191, 197, 724, 725, 225, 230, 745, 238, 760, 775, 264, 265, 266, 793, 794, 795, 796, 797, 798, 799, 800, 801, 802, 803, 804, 805, 806, 807, 808, 809, 810, 811, 812, 813, 814, 815, 816, 817, 818, 819, 820, 821, 822, 823, 824, 825, 826, 827, 828, 829, 830, 831, 832, 833, 834, 835, 836, 837, 838, 839, 840, 841, 842, 843, 844, 845, 846, 847, 336, 338, 339, 340, 341, 342, 343, 344, 345, 346, 347, 348, 349, 350, 351, 352, 353, 354, 355, 356, 357, 358, 359, 360, 361, 362, 363, 364, 365, 366, 367, 368, 369, 370, 371, 372, 373, 374, 375, 376, 377, 378, 379, 380, 381, 382, 383, 384, 385, 386, 387, 388, 389, 390, 391, 392, 393, 394, 395, 396, 397, 901, 903, 905, 910, 923, 286, 425, 454, 458, 463, 475, 487, 488, 302, 498, 499]",True,"[358, 379, 386, 813, 829, 836]","[338, 339, 340, 341, 342, 343, 344, 345, 346, 347, 348, 349, 350, 351, 352, 353, 354, 355, 356, 357, 358, 359, 360, 361, 362, 363, 364, 365, 366, 367, 368, 369, 370, 371, 372, 373, 374, 375, 376, 377, 378, 379, 380, 381, 382, 383, 384, 385, 386, 387, 388, 389, 390, 391, 392, 393, 394, 395, 396, 397, 794, 795, 796, 797, 798, 799, 800, 801, 802, 803, 804, 805, 806, 807, 808, 809, 810, 811, 812, 813, 814, 815, 816, 817, 818, 819, 820, 821, 822, 823, 824, 825, 826, 827, 828, 829, 830, 831, 832, 833, 834, 835, 836, 837, 838, 839, 840, 841, 842, 843, 844, 845, 846, 847]","[358, 379, 386, 813, 829, 836]",[],"[2, 30, 58, 98, 338, 344, 357, 358, 361, 379, 380, 488, 513, 531, 569, 794, 800, 812, 813, 829, 830]","[1, 13, 14, 29, 54, 55, 56, 57, 58, 60, 102, 118, 125, 127, 130, 134, 146, 149, 153, 175, 182, 187, 189, 191, 197, 225, 230, 238, 264, 265, 266, 286, 302, 317, 336, 354, 379, 388, 389, 425, 454, 458, 463, 475, 487, 498, 499, 512, 530, 531, 532, 533, 534, 536, 573, 589, 596, 598, 601, 605, 617, 620, 624, 646, 653, 658, 660, 662, 668, 689, 694, 702, 724, 725, 745, 760, 775, 793, 809, 829, 838, 839, 877, 901, 903, 905, 910, 923]","[1, 13, 14, 29, 54, 55, 56, 57, 58, 60, 102, 118, 125, 127, 130, 134, 146, 149, 153, 175, 182, 187, 189, 191, 197, 225, 230, 238, 264, 265, 266, 286, 302, 317, 336, 379, 388, 389, 425, 454, 458, 463, 475, 487, 498, 499, 512, 530, 531, 532, 533, 534, 536, 573, 589, 596, 598, 601, 605, 617, 620, 624, 646, 653, 658, 660, 662, 668, 689, 694, 702, 724, 725, 745, 760, 775, 793, 829, 838, 839, 877, 901, 903, 905, 910, 923]",7/6 successful match,True,"[129, 130]",True,229,False,,1.0,True,R Place # 2 ( Shell ),Shell
Ely ( 89301 ) R Place # 2 ( Shell SE ),775-289-2601 909 US 93 ( E of US 50 ),24 D,Ely,89301,R Place # 2 ( Shell SE ),775-289-2601,2016,Ely,NV,Shell,( E of US 50 ),909 US 93,Proper,,False,,False,US 93,,,,,"[379, 829]","[358, 379, 386, 813, 829, 836]","[358, 379, 386, 813, 829, 836]",[],"[338, 339, 340, 341, 342, 343, 344, 345, 346, 347, 348, 349, 350, 351, 352, 353, 354, 355, 356, 357, 358, 359, 360, 361, 362, 363, 364, 365, 366, 367, 368, 369, 370, 371, 372, 373, 374, 375, 376, 377, 378, 379, 380, 381, 382, 383, 384, 385, 386, 387, 388, 389, 390, 391, 392, 393, 394, 395, 396, 397, 794, 795, 796, 797, 798, 799, 800, 801, 802, 803, 804, 805, 806, 807, 808, 809, 810, 811, 812, 813, 814, 815, 816, 817, 818, 819, 820, 821, 822, 823, 824, 825, 826, 827, 828, 829, 830, 831, 832, 833, 834, 835, 836, 837, 838, 839, 840, 841, 842, 843, 844, 845, 846, 847]","[2, 30, 58, 98, 338, 344, 357, 358, 361, 379, 380, 488, 513, 531, 569, 794, 800, 812, 813, 829, 830]","[1, 13, 14, 29, 54, 55, 56, 57, 58, 60, 102, 118, 125, 127, 130, 134, 146, 149, 153, 175, 182, 187, 189, 191, 197, 225, 230, 238, 264, 265, 266, 286, 302, 317, 336, 379, 388, 389, 425, 454, 458, 463, 475, 487, 498, 499, 512, 530, 531, 532, 533, 534, 536, 573, 589, 596, 598, 601, 605, 617, 620, 624, 646, 653, 658, 660, 662, 668, 689, 694, 702, 724, 725, 745, 760, 775, 793, 829, 838, 839, 877, 901, 903, 905, 910, 923]","[1, 13, 14, 29, 54, 55, 56, 57, 58, 60, 102, 118, 125, 127, 130, 134, 146, 149, 153, 175, 182, 187, 189, 191, 197, 225, 230, 238, 264, 265, 266, 286, 302, 317, 336, 354, 379, 388, 389, 425, 454, 458, 463, 475, 487, 498, 499, 512, 530, 531, 532, 533, 534, 536, 573, 589, 596, 598, 601, 605, 617, 620, 624, 646, 653, 658, 660, 662, 668, 689, 694, 702, 724, 725, 745, 760, 775, 793, 809, 829, 838, 839, 877, 901, 903, 905, 910, 923]","[512, 513, 2, 1, 13, 14, 530, 531, 532, 533, 534, 536, 29, 30, 877, 54, 55, 56, 569, 58, 57, 60, 317, 573, 589, 596, 598, 601, 605, 98, 102, 617, 620, 624, 118, 125, 127, 130, 134, 646, 653, 146, 658, 660, 149, 662, 153, 668, 175, 689, 182, 694, 187, 189, 702, 191, 197, 724, 725, 225, 230, 745, 238, 760, 775, 264, 265, 266, 793, 794, 795, 796, 797, 798, 799, 800, 801, 802, 803, 804, 805, 806, 807, 808, 809, 810, 811, 812, 813, 814, 815, 816, 817, 818, 819, 820, 821, 822, 823, 824, 825, 826, 827, 828, 829, 830, 831, 832, 833, 834, 835, 836, 837, 838, 839, 840, 841, 842, 843, 844, 845, 846, 847, 336, 338, 339, 340, 341, 342, 343, 344, 345, 346, 347, 348, 349, 350, 351, 352, 353, 354, 355, 356, 357, 358, 359, 360, 361, 362, 363, 364, 365, 366, 367, 368, 369, 370, 371, 372, 373, 374, 375, 376, 377, 378, 379, 380, 381, 382, 383, 384, 385, 386, 387, 388, 389, 390, 391, 392, 393, 394, 395, 396, 397, 901, 903, 905, 910, 923, 286, 425, 454, 458, 463, 475, 487, 488, 302, 498, 499]",True,"[358, 379, 386, 813, 829, 836]","[338, 339, 340, 341, 342, 343, 344, 345, 346, 347, 348, 349, 350, 351, 352, 353, 354, 355, 356, 357, 358, 359, 360, 361, 362, 363, 364, 365, 366, 367, 368, 369, 370, 371, 372, 373, 374, 375, 376, 377, 378, 379, 380, 381, 382, 383, 384, 385, 386, 387, 388, 389, 390, 391, 392, 393, 394, 395, 396, 397, 794, 795, 796, 797, 798, 799, 800, 801, 802, 803, 804, 805, 806, 807, 808, 809, 810, 811, 812, 813, 814, 815, 816, 817, 818, 819, 820, 821, 822, 823, 824, 825, 826, 827, 828, 829, 830, 831, 832, 833, 834, 835, 836, 837, 838, 839, 840, 841, 842, 843, 844, 845, 846, 847]","[358, 379, 386, 813, 829, 836]",[],"[2, 30, 58, 98, 338, 344, 357, 358, 361, 379, 380, 488, 513, 531, 569, 794, 800, 812, 813, 829, 830]","[1, 13, 14, 29, 54, 55, 56, 57, 58, 60, 102, 118, 125, 127, 130, 134, 146, 149, 153, 175, 182, 187, 189, 191, 197, 225, 230, 238, 264, 265, 266, 286, 302, 317, 336, 354, 379, 388, 389, 425, 454, 458, 463, 475, 487, 498, 499, 512, 530, 531, 532, 533, 534, 536, 573, 589, 596, 598, 601, 605, 617, 620, 624, 646, 653, 658, 660, 662, 668, 689, 694, 702, 724, 725, 745, 760, 775, 793, 809, 829, 838, 839, 877, 901, 903, 905, 910, 923]","[1, 13, 14, 29, 54, 55, 56, 57, 58, 60, 102, 118, 125, 127, 130, 134, 146, 149, 153, 175, 182, 187, 189, 191, 197, 225, 230, 238, 264, 265, 266, 286, 302, 317, 336, 379, 388, 389, 425, 454, 458, 463, 475, 487, 498, 499, 512, 530, 531, 532, 533, 534, 536, 573, 589, 596, 598, 601, 605, 617, 620, 624, 646, 653, 658, 660, 662, 668, 689, 694, 702, 724, 725, 745, 760, 775, 793, 829, 838, 839, 877, 901, 903, 905, 910, 923]",7/6 successful match,True,"[129, 130]",True,229,False,,0.98,True,R Place # 2 ( Shell ),Shell
"Fallon , 89406 Harmon Junction",775-423-3888 US 50 & Harmon Rd ( 5 mi E of town ),S,Fallon,89406,Harmon Junction,775-423-3888,2006,Fallon,NV,,( 5 mi E of town ),US 50 & Harmon Rd,empty,,False,,False,US 50,Harmon Rd,,,,"[808, 353]","[347, 353, 802, 808]","[347, 353, 802, 808]",[],"[338, 339, 340, 341, 342, 343, 344, 345, 346, 347, 348, 349, 350, 351, 352, 353, 354, 355, 356, 357, 358, 359, 360, 361, 362, 363, 364, 365, 366, 367, 368, 369, 370, 371, 372, 373, 374, 375, 376, 377, 378, 379, 380, 381, 382, 383, 384, 385, 386, 387, 388, 389, 390, 391, 392, 393, 394, 395, 396, 397, 794, 795, 796, 797, 798, 799, 800, 801, 802, 803, 804, 805, 806, 807, 808, 809, 810, 811, 812, 813, 814, 815, 816, 817, 818, 819, 820, 821, 822, 823, 824, 825, 826, 827, 828, 829, 830, 831, 832, 833, 834, 835, 836, 837, 838, 839, 840, 841, 842, 843, 844, 845, 846, 847]","[180, 347, 353, 467, 651, 802, 808, 914]",[],"[179, 353, 403, 650, 808, 852]","[650, 651, 179, 180, 852, 794, 795, 796, 797, 798, 799, 800, 801, 802, 803, 804, 805, 806, 807, 808, 809, 810, 811, 812, 813, 814, 815, 816, 817, 818, 819, 820, 821, 822, 823, 824, 825, 826, 827, 828, 829, 830, 831, 832, 833, 834, 835, 836, 837, 838, 839, 840, 841, 842, 843, 844, 845, 846, 847, 338, 339, 340, 341, 342, 343, 344, 345, 346, 347, 348, 349, 350, 351, 352, 353, 354, 355, 356, 357, 358, 359, 360, 361, 362, 363, 364, 365, 366, 367, 368, 369, 370, 371, 372, 373, 374, 375, 376, 377, 378, 379, 380, 381, 382, 383, 384, 385, 386, 387, 388, 389, 390, 391, 392, 393, 394, 395, 396, 397, 914, 403, 467]",True,"[347, 353, 802, 808]","[338, 339, 340, 341, 342, 343, 344, 345, 346, 347, 348, 349, 350, 351, 352, 353, 354, 355, 356, 357, 358, 359, 360, 361, 362, 363, 364, 365, 366, 367, 368, 369, 370, 371, 372, 373, 374, 375, 376, 377, 378, 379, 380, 381, 382, 383, 384, 385, 386, 387, 388, 389, 390, 391, 392, 393, 394, 395, 396, 397, 794, 795, 796, 797, 798, 799, 800, 801, 802, 803, 804, 805, 806, 807, 808, 809, 810, 811, 812, 813, 814, 815, 816, 817, 818, 819, 820, 821, 822, 823, 824, 825, 826, 827, 828, 829, 830, 831, 832, 833, 834, 835, 836, 837, 838, 839, 840, 841, 842, 843, 844, 845, 846, 847]","[347, 353, 802, 808]",[],"[180, 347, 353, 467, 651, 802, 808, 914]","[179, 353, 403, 650, 808, 852]",[],7/6 successful match,True,[207],True,230,False,,,,,
"Fallon , 89406 Harmon Junction",775-423-3888 US 50 & Harmon Rd ( 5 mi E of town ),) S <U+2610>,Fallon,89406,Harmon Junction,775-423-3888,2007,Fallon,NV,,( 5 mi E of town ),US 50 & Harmon Rd,empty,,False,,False,US 50,Harmon Rd,,,,"[808, 353]","[347, 353, 802, 808]","[347, 353, 802, 808]",[],"[338, 339, 340, 341, 342, 343, 344, 345, 346, 347, 348, 349, 350, 351, 352, 353, 354, 355, 356, 357, 358, 359, 360, 361, 362, 363, 364, 365, 366, 367, 368, 369, 370, 371, 372, 373, 374, 375, 376, 377, 378, 379, 380, 381, 382, 383, 384, 385, 386, 387, 388, 389, 390, 391, 392, 393, 394, 395, 396, 397, 794, 795, 796, 797, 798, 799, 800, 801, 802, 803, 804, 805, 806, 807, 808, 809, 810, 811, 812, 813, 814, 815, 816, 817, 818, 819, 820, 821, 822, 823, 824, 825, 826, 827, 828, 829, 830, 831, 832, 833, 834, 835, 836, 837, 838, 839, 840, 841, 842, 843, 844, 845, 846, 847]","[180, 347, 353, 467, 651, 802, 808, 914]",[],"[179, 353, 403, 650, 808, 852]","[650, 651, 179, 180, 852, 794, 795, 796, 797, 798, 799, 800, 801, 802, 803, 804, 805, 806, 807, 808, 809, 810, 811, 812, 813, 814, 815, 816, 817, 818, 819, 820, 821, 822, 823, 824, 825, 826, 827, 828, 829, 830, 831, 832, 833, 834, 835, 836, 837, 838, 839, 840, 841, 842, 843, 844, 845, 846, 847, 338, 339, 340, 341, 342, 343, 344, 345, 346, 347, 348, 349, 350, 351, 352, 353, 354, 355, 356, 357, 358, 359, 360, 361, 362, 363, 364, 365, 366, 367, 368, 369, 370, 371, 372, 373, 374, 375, 376, 377, 378, 379, 380, 381, 382, 383, 384, 385, 386, 387, 388, 389, 390, 391, 392, 393, 394, 395, 396, 397, 914, 403, 467]",True,"[347, 353, 802, 808]","[338, 339, 340, 341, 342, 343, 344, 345, 346, 347, 348, 349, 350, 351, 352, 353, 354, 355, 356, 357, 358, 359, 360, 361, 362, 363, 364, 365, 366, 367, 368, 369, 370, 371, 372, 373, 374, 375, 376, 377, 378, 379, 380, 381, 382, 383, 384, 385, 386, 387, 388, 389, 390, 391, 392, 393, 394, 395, 396, 397, 794, 795, 796, 797, 798, 799, 800, 801, 802, 803, 804, 805, 806, 807, 808, 809, 810, 811, 812, 813, 814, 815, 816, 817, 818, 819, 820, 821, 822, 823, 824, 825, 826, 827, 828, 829, 830, 831, 832, 833, 834, 835, 836, 837, 838, 839, 840, 841, 842, 843, 844, 845, 846, 847]","[347, 353, 802, 808]",[],"[180, 347, 353, 467, 651, 802, 808, 914]","[179, 353, 403, 650, 808, 852]",[],7/6 successful match,True,[207],True,230,False,,1.0,True,Harmon Junction,
"Fallon , 89406 Harmon Junction",775-423-3888 US 50 & Harmon Rd ( 5,) S <U+2610> D,Fallon,89406,Harmon Junction,775-423-3888,2008,Fallon,NV,,( 5,US 50 & Harmon Rd,empty,,False,,False,US 50,Harmon Rd,,,,"[808, 353]","[347, 353, 802, 808]","[347, 353, 802, 808]",[],"[338, 339, 340, 341, 342, 343, 344, 345, 346, 347, 348, 349, 350, 351, 352, 353, 354, 355, 356, 357, 358, 359, 360, 361, 362, 363, 364, 365, 366, 367, 368, 369, 370, 371, 372, 373, 374, 375, 376, 377, 378, 379, 380, 381, 382, 383, 384, 385, 386, 387, 388, 389, 390, 391, 392, 393, 394, 395, 396, 397, 794, 795, 796, 797, 798, 799, 800, 801, 802, 803, 804, 805, 806, 807, 808, 809, 810, 811, 812, 813, 814, 815, 816, 817, 818, 819, 820, 821, 822, 823, 824, 825, 826, 827, 828, 829, 830, 831, 832, 833, 834, 835, 836, 837, 838, 839, 840, 841, 842, 843, 844, 845, 846, 847]","[180, 347, 353, 467, 651, 802, 808, 914]",[],"[179, 353, 403, 650, 808, 852]","[650, 651, 179, 180, 852, 794, 795, 796, 797, 798, 799, 800, 801, 802, 803, 804, 805, 806, 807, 808, 809, 810, 811, 812, 813, 814, 815, 816, 817, 818, 819, 820, 821, 822, 823, 824, 825, 826, 827, 828, 829, 830, 831, 832, 833, 834, 835, 836, 837, 838, 839, 840, 841, 842, 843, 844, 845, 846, 847, 338, 339, 340, 341, 342, 343, 344, 345, 346, 347, 348, 349, 350, 351, 352, 353, 354, 355, 356, 357, 358, 359, 360, 361, 362, 363, 364, 365, 366, 367, 368, 369, 370, 371, 372, 373, 374, 375, 376, 377, 378, 379, 380, 381, 382, 383, 384, 385, 386, 387, 388, 389, 390, 391, 392, 393, 394, 395, 396, 397, 914, 403, 467]",True,"[347, 353, 802, 808]","[338, 339, 340, 341, 342, 343, 344, 345, 346, 347, 348, 349, 350, 351, 352, 353, 354, 355, 356, 357, 358, 359, 360, 361, 362, 363, 364, 365, 366, 367, 368, 369, 370, 371, 372, 373, 374, 375, 376, 377, 378, 379, 380, 381, 382, 383, 384, 385, 386, 387, 388, 389, 390, 391, 392, 393, 394, 395, 396, 397, 794, 795, 796, 797, 798, 799, 800, 801, 802, 803, 804, 805, 806, 807, 808, 809, 810, 811, 812, 813, 814, 815, 816, 817, 818, 819, 820, 821, 822, 823, 824, 825, 826, 827, 828, 829, 830, 831, 832, 833, 834, 835, 836, 837, 838, 839, 840, 841, 842, 843, 844, 845, 846, 847]","[347, 353, 802, 808]",[],"[180, 347, 353, 467, 651, 802, 808, 914]","[179, 353, 403, 650, 808, 852]",[],7/6 successful match,True,[207],True,230,False,,1.0,True,Harmon Junction,
D Fallon ( 89406 ) Harmon Junction,775-423-3888 US 50 & Harmon Rd ( 5 mi E of town ),) <U+2610> S <U+25A1>,Fallon,89406,Harmon Junction,775-423-3888,2014,Fallon,NV,,( 5 mi E of town ),US 50 & Harmon Rd,empty,,False,,False,US 50,Harmon Rd,,,,"[808, 353]","[347, 353, 802, 808]","[347, 353, 802, 808]",[],"[338, 339, 340, 341, 342, 343, 344, 345, 346, 347, 348, 349, 350, 351, 352, 353, 354, 355, 356, 357, 358, 359, 360, 361, 362, 363, 364, 365, 366, 367, 368, 369, 370, 371, 372, 373, 374, 375, 376, 377, 378, 379, 380, 381, 382, 383, 384, 385, 386, 387, 388, 389, 390, 391, 392, 393, 394, 395, 396, 397, 794, 795, 796, 797, 798, 799, 800, 801, 802, 803, 804, 805, 806, 807, 808, 809, 810, 811, 812, 813, 814, 815, 816, 817, 818, 819, 820, 821, 822, 823, 824, 825, 826, 827, 828, 829, 830, 831, 832, 833, 834, 835, 836, 837, 838, 839, 840, 841, 842, 843, 844, 845, 846, 847]","[180, 347, 353, 467, 651, 802, 808, 914]",[],"[179, 353, 403, 650, 808, 852]","[650, 651, 179, 180, 852, 794, 795, 796, 797, 798, 799, 800, 801, 802, 803, 804, 805, 806, 807, 808, 809, 810, 811, 812, 813, 814, 815, 816, 817, 818, 819, 820, 821, 822, 823, 824, 825, 826, 827, 828, 829, 830, 831, 832, 833, 834, 835, 836, 837, 838, 839, 840, 841, 842, 843, 844, 845, 846, 847, 338, 339, 340, 341, 342, 343, 344, 345, 346, 347, 348, 349, 350, 351, 352, 353, 354, 355, 356, 357, 358, 359, 360, 361, 362, 363, 364, 365, 366, 367, 368, 369, 370, 371, 372, 373, 374, 375, 376, 377, 378, 379, 380, 381, 382, 383, 384, 385, 386, 387, 388, 389, 390, 391, 392, 393, 394, 395, 396, 397, 914, 403, 467]",True,"[347, 353, 802, 808]","[338, 339, 340, 341, 342, 343, 344, 345, 346, 347, 348, 349, 350, 351, 352, 353, 354, 355, 356, 357, 358, 359, 360, 361, 362, 363, 364, 365, 366, 367, 368, 369, 370, 371, 372, 373, 374, 375, 376, 377, 378, 379, 380, 381, 382, 383, 384, 385, 386, 387, 388, 389, 390, 391, 392, 393, 394, 395, 396, 397, 794, 795, 796, 797, 798, 799, 800, 801, 802, 803, 804, 805, 806, 807, 808, 809, 810, 811, 812, 813, 814, 815, 816, 817, 818, 819, 820, 821, 822, 823, 824, 825, 826, 827, 828, 829, 830, 831, 832, 833, 834, 835, 836, 837, 838, 839, 840, 841, 842, 843, 844, 845, 846, 847]","[347, 353, 802, 808]",[],"[180, 347, 353, 467, 651, 802, 808, 914]","[179, 353, 403, 650, 808, 852]",[],7/6 successful match,True,[207],True,230,False,,1.0,True,Harmon Junction,
D Fallon ( 89406 ) Harmon Junction,775-423-3888 US 50 & Harmon Rd ( 5 mi E of town ),S <U+2610> <U+2610>,Fallon,89406,Harmon Junction,775-423-3888,2015,Fallon,NV,,( 5 mi E of town ),US 50 & Harmon Rd,empty,,False,,False,US 50,Harmon Rd,,,,"[808, 353]","[347, 353, 802, 808]","[347, 353, 802, 808]",[],"[338, 339, 340, 341, 342, 343, 344, 345, 346, 347, 348, 349, 350, 351, 352, 353, 354, 355, 356, 357, 358, 359, 360, 361, 362, 363, 364, 365, 366, 367, 368, 369, 370, 371, 372, 373, 374, 375, 376, 377, 378, 379, 380, 381, 382, 383, 384, 385, 386, 387, 388, 389, 390, 391, 392, 393, 394, 395, 396, 397, 794, 795, 796, 797, 798, 799, 800, 801, 802, 803, 804, 805, 806, 807, 808, 809, 810, 811, 812, 813, 814, 815, 816, 817, 818, 819, 820, 821, 822, 823, 824, 825, 826, 827, 828, 829, 830, 831, 832, 833, 834, 835, 836, 837, 838, 839, 840, 841, 842, 843, 844, 845, 846, 847]","[180, 347, 353, 467, 651, 802, 808, 914]",[],"[179, 353, 403, 650, 808, 852]","[650, 651, 179, 180, 852, 794, 795, 796, 797, 798, 799, 800, 801, 802, 803, 804, 805, 806, 807, 808, 809, 810, 811, 812, 813, 814, 815, 816, 817, 818, 819, 820, 821, 822, 823, 824, 825, 826, 827, 828, 829, 830, 831, 832, 833, 834, 835, 836, 837, 838, 839, 840, 841, 842, 843, 844, 845, 846, 847, 338, 339, 340, 341, 342, 343, 344, 345, 346, 347, 348, 349, 350, 351, 352, 353, 354, 355, 356, 357, 358, 359, 360, 361, 362, 363, 364, 365, 366, 367, 368, 369, 370, 371, 372, 373, 374, 375, 376, 377, 378, 379, 380, 381, 382, 383, 384, 385, 386, 387, 388, 389, 390, 391, 392, 393, 394, 395, 396, 397, 914, 403, 467]",True,"[347, 353, 802, 808]","[338, 339, 340, 341, 342, 343, 344, 345, 346, 347, 348, 349, 350, 351, 352, 353, 354, 355, 356, 357, 358, 359, 360, 361, 362, 363, 364, 365, 366, 367, 368, 369, 370, 371, 372, 373, 374, 375, 376, 377, 378, 379, 380, 381, 382, 383, 384, 385, 386, 387, 388, 389, 390, 391, 392, 393, 394, 395, 396, 397, 794, 795, 796, 797, 798, 799, 800, 801, 802, 803, 804, 805, 806, 807, 808, 809, 810, 811, 812, 813, 814, 815, 816, 817, 818, 819, 820, 821, 822, 823, 824, 825, 826, 827, 828, 829, 830, 831, 832, 833, 834, 835, 836, 837, 838, 839, 840, 841, 842, 843, 844, 845, 846, 847]","[347, 353, 802, 808]",[],"[180, 347, 353, 467, 651, 802, 808, 914]","[179, 353, 403, 650, 808, 852]",[],7/6 successful match,True,[207],True,230,False,,1.0,True,Harmon Junction,
D Fallon ( 89406 ) Harmon Junction,775-423-3888 US 50 & Harmon Rd ( 5 mi E of,) <U+25A1> S <U+2610>,Fallon,89406,Harmon Junction,775-423-3888,2016,Fallon,NV,,( 5 mi E of,US 50 & Harmon Rd,empty,,False,,False,US 50,Harmon Rd,,,,"[808, 353]","[347, 353, 802, 808]","[347, 353, 802, 808]",[],"[338, 339, 340, 341, 342, 343, 344, 345, 346, 347, 348, 349, 350, 351, 352, 353, 354, 355, 356, 357, 358, 359, 360, 361, 362, 363, 364, 365, 366, 367, 368, 369, 370, 371, 372, 373, 374, 375, 376, 377, 378, 379, 380, 381, 382, 383, 384, 385, 386, 387, 388, 389, 390, 391, 392, 393, 394, 395, 396, 397, 794, 795, 796, 797, 798, 799, 800, 801, 802, 803, 804, 805, 806, 807, 808, 809, 810, 811, 812, 813, 814, 815, 816, 817, 818, 819, 820, 821, 822, 823, 824, 825, 826, 827, 828, 829, 830, 831, 832, 833, 834, 835, 836, 837, 838, 839, 840, 841, 842, 843, 844, 845, 846, 847]","[180, 347, 353, 467, 651, 802, 808, 914]",[],"[179, 353, 403, 650, 808, 852]","[650, 651, 179, 180, 852, 794, 795, 796, 797, 798, 799, 800, 801, 802, 803, 804, 805, 806, 807, 808, 809, 810, 811, 812, 813, 814, 815, 816, 817, 818, 819, 820, 821, 822, 823, 824, 825, 826, 827, 828, 829, 830, 831, 832, 833, 834, 835, 836, 837, 838, 839, 840, 841, 842, 843, 844, 845, 846, 847, 338, 339, 340, 341, 342, 343, 344, 345, 346, 347, 348, 349, 350, 351, 352, 353, 354, 355, 356, 357, 358, 359, 360, 361, 362, 363, 364, 365, 366, 367, 368, 369, 370, 371, 372, 373, 374, 375, 376, 377, 378, 379, 380, 381, 382, 383, 384, 385, 386, 387, 388, 389, 390, 391, 392, 393, 394, 395, 396, 397, 914, 403, 467]",True,"[347, 353, 802, 808]","[338, 339, 340, 341, 342, 343, 344, 345, 346, 347, 348, 349, 350, 351, 352, 353, 354, 355, 356, 357, 358, 359, 360, 361, 362, 363, 364, 365, 366, 367, 368, 369, 370, 371, 372, 373, 374, 375, 376, 377, 378, 379, 380, 381, 382, 383, 384, 385, 386, 387, 388, 389, 390, 391, 392, 393, 394, 395, 396, 397, 794, 795, 796, 797, 798, 799, 800, 801, 802, 803, 804, 805, 806, 807, 808, 809, 810, 811, 812, 813, 814, 815, 816, 817, 818, 819, 820, 821, 822, 823, 824, 825, 826, 827, 828, 829, 830, 831, 832, 833, 834, 835, 836, 837, 838, 839, 840, 841, 842, 843, 844, 845, 846, 847]","[347, 353, 802, 808]",[],"[180, 347, 353, 467, 651, 802, 808, 914]","[179, 353, 403, 650, 808, 852]",[],7/6 successful match,True,[207],True,230,False,,1.0,True,Harmon Junction,
"Fernley , 89408 Love's Travel Stop # 246",775-575-2200 I-80 Exit 46 ( US 95 ),489 S,Fernley,89408,Love's Travel Stop # 246,775-575-2200,2006,Fernley,NV,Love's,( US 95 ),I-80 Exit 46 ,Exit,46,False,,False,I-80,,,,,"[810, 355]","[343, 355, 374, 799, 810, 824]","[343, 355, 374, 799, 810, 824]","[204, 219, 225, 249, 355, 367, 374, 674, 689, 712, 810, 818, 824]","[338, 339, 340, 341, 342, 343, 344, 345, 346, 347, 348, 349, 350, 351, 352, 353, 354, 355, 356, 357, 358, 359, 360, 361, 362, 363, 364, 365, 366, 367, 368, 369, 370, 371, 372, 373, 374, 375, 376, 377, 378, 379, 380, 381, 382, 383, 384, 385, 386, 387, 388, 389, 390, 391, 392, 393, 394, 395, 396, 397, 794, 795, 796, 797, 798, 799, 800, 801, 802, 803, 804, 805, 806, 807, 808, 809, 810, 811, 812, 813, 814, 815, 816, 817, 818, 819, 820, 821, 822, 823, 824, 825, 826, 827, 828, 829, 830, 831, 832, 833, 834, 835, 836, 837, 838, 839, 840, 841, 842, 843, 844, 845, 846, 847]","[89, 108, 172, 217, 221, 239, 264, 280, 321, 342, 343, 344, 345, 346, 349, 351, 352, 355, 357, 359, 364, 368, 371, 372, 373, 374, 376, 377, 387, 392, 393, 403, 409, 411, 414, 424, 430, 449, 454, 470, 480, 560, 584, 643, 685, 703, 724, 739, 779, 798, 799, 800, 801, 804, 806, 807, 810, 812, 814, 816, 821, 822, 823, 824, 826, 827, 837, 842, 843, 852, 859, 862, 865, 869, 876, 882, 897, 901, 917, 932]","[34, 35, 36, 37, 38, 39, 40, 41, 42, 43, 44, 45, 46, 47, 48, 201, 202, 203, 204, 205, 206, 207, 208, 209, 210, 211, 212, 213, 214, 215, 216, 355, 356, 357, 358, 359, 360, 361, 429, 430, 431, 432, 433, 434, 435, 515, 516, 517, 518, 519, 520, 521, 522, 523, 524, 525, 526, 527, 672, 673, 674, 675, 676, 677, 678, 679, 680, 681, 682, 683, 684, 810, 811, 812, 813, 814, 881, 882, 883, 884, 885, 886]","[32, 33, 34, 35, 36, 37, 38, 39, 40, 41, 42, 43, 44, 45, 46, 47, 48, 97, 201, 202, 203, 204, 205, 206, 207, 208, 209, 210, 211, 212, 213, 214, 215, 216, 355, 356, 357, 358, 359, 360, 361, 429, 430, 431, 432, 433, 434, 435, 515, 516, 517, 518, 519, 520, 521, 522, 523, 524, 525, 526, 527, 568, 672, 673, 674, 675, 676, 677, 678, 679, 680, 681, 682, 683, 684, 810, 811, 812, 813, 814, 881, 882, 883, 884, 885, 886]","[515, 516, 517, 518, 519, 520, 521, 522, 523, 524, 525, 526, 527, 876, 32, 33, 34, 35, 36, 37, 38, 39, 40, 41, 42, 43, 44, 45, 46, 47, 560, 48, 568, 584, 321, 89, 97, 108, 643, 672, 673, 674, 675, 676, 677, 678, 679, 680, 681, 682, 683, 172, 685, 684, 882, 689, 703, 852, 712, 201, 202, 203, 204, 205, 206, 207, 208, 209, 210, 211, 724, 212, 213, 214, 215, 217, 216, 219, 221, 225, 859, 739, 884, 239, 862, 249, 885, 865, 264, 779, 886, 869, 280, 794, 795, 796, 797, 798, 799, 800, 801, 802, 803, 804, 805, 806, 807, 808, 809, 810, 811, 812, 813, 814, 815, 816, 817, 818, 819, 820, 821, 822, 823, 824, 825, 826, 827, 828, 829, 830, 831, 832, 833, 834, 835, 836, 837, 838, 839, 840, 841, 842, 843, 844, 845, 846, 847, 881, 338, 339, 340, 341, 342, 343, 344, 345, 346, 347, 348, 349, 350, 351, 352, 353, 354, 355, 356, 357, 358, 359, 360, 361, 362, 363, 364, 365, 366, 367, 368, 369, 370, 371, 372, 373, 374, 375, 376, 377, 378, 379, 380, 381, 382, 383, 384, 385, 386, 387, 388, 389, 390, 391, 392, 393, 394, 395, 396, 397, 901, 403, 917, 409, 411, 414, 897, 932, 424, 429, 430, 431, 432, 433, 434, 435, 449, 454, 470, 480, 883]",True,"[343, 355, 374, 799, 810, 824]","[338, 339, 340, 341, 342, 343, 344, 345, 346, 347, 348, 349, 350, 351, 352, 353, 354, 355, 356, 357, 358, 359, 360, 361, 362, 363, 364, 365, 366, 367, 368, 369, 370, 371, 372, 373, 374, 375, 376, 377, 378, 379, 380, 381, 382, 383, 384, 385, 386, 387, 388, 389, 390, 391, 392, 393, 394, 395, 396, 397, 794, 795, 796, 797, 798, 799, 800, 801, 802, 803, 804, 805, 806, 807, 808, 809, 810, 811, 812, 813, 814, 815, 816, 817, 818, 819, 820, 821, 822, 823, 824, 825, 826, 827, 828, 829, 830, 831, 832, 833, 834, 835, 836, 837, 838, 839, 840, 841, 842, 843, 844, 845, 846, 847]","[343, 355, 374, 799, 810, 824]","[204, 219, 225, 249, 355, 367, 374, 674, 689, 712, 810, 818, 824]","[89, 108, 172, 217, 221, 239, 264, 280, 321, 342, 343, 344, 345, 346, 349, 351, 352, 355, 357, 359, 364, 368, 371, 372, 373, 374, 376, 377, 387, 392, 393, 403, 409, 411, 414, 424, 430, 449, 454, 470, 480, 560, 584, 643, 685, 703, 724, 739, 779, 798, 799, 800, 801, 804, 806, 807, 810, 812, 814, 816, 821, 822, 823, 824, 826, 827, 837, 842, 843, 852, 859, 862, 865, 869, 876, 882, 897, 901, 917, 932]","[32, 33, 34, 35, 36, 37, 38, 39, 40, 41, 42, 43, 44, 45, 46, 47, 48, 97, 201, 202, 203, 204, 205, 206, 207, 208, 209, 210, 211, 212, 213, 214, 215, 216, 355, 356, 357, 358, 359, 360, 361, 429, 430, 431, 432, 433, 434, 435, 515, 516, 517, 518, 519, 520, 521, 522, 523, 524, 525, 526, 527, 568, 672, 673, 674, 675, 676, 677, 678, 679, 680, 681, 682, 683, 684, 810, 811, 812, 813, 814, 881, 882, 883, 884, 885, 886]","[34, 35, 36, 37, 38, 39, 40, 41, 42, 43, 44, 45, 46, 47, 48, 201, 202, 203, 204, 205, 206, 207, 208, 209, 210, 211, 212, 213, 214, 215, 216, 355, 356, 357, 358, 359, 360, 361, 429, 430, 431, 432, 433, 434, 435, 515, 516, 517, 518, 519, 520, 521, 522, 523, 524, 525, 526, 527, 672, 673, 674, 675, 676, 677, 678, 679, 680, 681, 682, 683, 684, 810, 811, 812, 813, 814, 881, 882, 883, 884, 885, 886]",7/6 successful match,True,[214],True,231,False,,,,,
"Fernley , 89408 Love's Travel Stop # 246",775-575-2200 I-80 Exit 46 ( US 95 ),24 HRS M,Fernley,89408,Love's Travel Stop # 246,775-575-2200,2007,Fernley,NV,Love's,( US 95 ),I-80 Exit 46 ,Exit,46,False,,False,I-80,,,,,"[810, 355]","[343, 355, 374, 799, 810, 824]","[343, 355, 374, 799, 810, 824]","[204, 219, 225, 249, 355, 367, 374, 674, 689, 712, 810, 818, 824]","[338, 339, 340, 341, 342, 343, 344, 345, 346, 347, 348, 349, 350, 351, 352, 353, 354, 355, 356, 357, 358, 359, 360, 361, 362, 363, 364, 365, 366, 367, 368, 369, 370, 371, 372, 373, 374, 375, 376, 377, 378, 379, 380, 381, 382, 383, 384, 385, 386, 387, 388, 389, 390, 391, 392, 393, 394, 395, 396, 397, 794, 795, 796, 797, 798, 799, 800, 801, 802, 803, 804, 805, 806, 807, 808, 809, 810, 811, 812, 813, 814, 815, 816, 817, 818, 819, 820, 821, 822, 823, 824, 825, 826, 827, 828, 829, 830, 831, 832, 833, 834, 835, 836, 837, 838, 839, 840, 841, 842, 843, 844, 845, 846, 847]","[89, 108, 172, 217, 221, 239, 264, 280, 321, 342, 343, 344, 345, 346, 349, 351, 352, 355, 357, 359, 364, 368, 371, 372, 373, 374, 376, 377, 387, 392, 393, 403, 409, 411, 414, 424, 430, 449, 454, 470, 480, 560, 584, 643, 685, 703, 724, 739, 779, 798, 799, 800, 801, 804, 806, 807, 810, 812, 814, 816, 821, 822, 823, 824, 826, 827, 837, 842, 843, 852, 859, 862, 865, 869, 876, 882, 897, 901, 917, 932]","[34, 35, 36, 37, 38, 39, 40, 41, 42, 43, 44, 45, 46, 47, 48, 201, 202, 203, 204, 205, 206, 207, 208, 209, 210, 211, 212, 213, 214, 215, 216, 355, 356, 357, 358, 359, 360, 361, 429, 430, 431, 432, 433, 434, 435, 515, 516, 517, 518, 519, 520, 521, 522, 523, 524, 525, 526, 527, 672, 673, 674, 675, 676, 677, 678, 679, 680, 681, 682, 683, 684, 810, 811, 812, 813, 814, 881, 882, 883, 884, 885, 886]","[32, 33, 34, 35, 36, 37, 38, 39, 40, 41, 42, 43, 44, 45, 46, 47, 48, 97, 201, 202, 203, 204, 205, 206, 207, 208, 209, 210, 211, 212, 213, 214, 215, 216, 355, 356, 357, 358, 359, 360, 361, 429, 430, 431, 432, 433, 434, 435, 515, 516, 517, 518, 519, 520, 521, 522, 523, 524, 525, 526, 527, 568, 672, 673, 674, 675, 676, 677, 678, 679, 680, 681, 682, 683, 684, 810, 811, 812, 813, 814, 881, 882, 883, 884, 885, 886]","[515, 516, 517, 518, 519, 520, 521, 522, 523, 524, 525, 526, 527, 876, 32, 33, 34, 35, 36, 37, 38, 39, 40, 41, 42, 43, 44, 45, 46, 47, 560, 48, 568, 584, 321, 89, 97, 108, 643, 672, 673, 674, 675, 676, 677, 678, 679, 680, 681, 682, 683, 172, 685, 684, 882, 689, 703, 852, 712, 201, 202, 203, 204, 205, 206, 207, 208, 209, 210, 211, 724, 212, 213, 214, 215, 217, 216, 219, 221, 225, 859, 739, 884, 239, 862, 249, 885, 865, 264, 779, 886, 869, 280, 794, 795, 796, 797, 798, 799, 800, 801, 802, 803, 804, 805, 806, 807, 808, 809, 810, 811, 812, 813, 814, 815, 816, 817, 818, 819, 820, 821, 822, 823, 824, 825, 826, 827, 828, 829, 830, 831, 832, 833, 834, 835, 836, 837, 838, 839, 840, 841, 842, 843, 844, 845, 846, 847, 881, 338, 339, 340, 341, 342, 343, 344, 345, 346, 347, 348, 349, 350, 351, 352, 353, 354, 355, 356, 357, 358, 359, 360, 361, 362, 363, 364, 365, 366, 367, 368, 369, 370, 371, 372, 373, 374, 375, 376, 377, 378, 379, 380, 381, 382, 383, 384, 385, 386, 387, 388, 389, 390, 391, 392, 393, 394, 395, 396, 397, 901, 403, 917, 409, 411, 414, 897, 932, 424, 429, 430, 431, 432, 433, 434, 435, 449, 454, 470, 480, 883]",True,"[343, 355, 374, 799, 810, 824]","[338, 339, 340, 341, 342, 343, 344, 345, 346, 347, 348, 349, 350, 351, 352, 353, 354, 355, 356, 357, 358, 359, 360, 361, 362, 363, 364, 365, 366, 367, 368, 369, 370, 371, 372, 373, 374, 375, 376, 377, 378, 379, 380, 381, 382, 383, 384, 385, 386, 387, 388, 389, 390, 391, 392, 393, 394, 395, 396, 397, 794, 795, 796, 797, 798, 799, 800, 801, 802, 803, 804, 805, 806, 807, 808, 809, 810, 811, 812, 813, 814, 815, 816, 817, 818, 819, 820, 821, 822, 823, 824, 825, 826, 827, 828, 829, 830, 831, 832, 833, 834, 835, 836, 837, 838, 839, 840, 841, 842, 843, 844, 845, 846, 847]","[343, 355, 374, 799, 810, 824]","[204, 219, 225, 249, 355, 367, 374, 674, 689, 712, 810, 818, 824]","[89, 108, 172, 217, 221, 239, 264, 280, 321, 342, 343, 344, 345, 346, 349, 351, 352, 355, 357, 359, 364, 368, 371, 372, 373, 374, 376, 377, 387, 392, 393, 403, 409, 411, 414, 424, 430, 449, 454, 470, 480, 560, 584, 643, 685, 703, 724, 739, 779, 798, 799, 800, 801, 804, 806, 807, 810, 812, 814, 816, 821, 822, 823, 824, 826, 827, 837, 842, 843, 852, 859, 862, 865, 869, 876, 882, 897, 901, 917, 932]","[32, 33, 34, 35, 36, 37, 38, 39, 40, 41, 42, 43, 44, 45, 46, 47, 48, 97, 201, 202, 203, 204, 205, 206, 207, 208, 209, 210, 211, 212, 213, 214, 215, 216, 355, 356, 357, 358, 359, 360, 361, 429, 430, 431, 432, 433, 434, 435, 515, 516, 517, 518, 519, 520, 521, 522, 523, 524, 525, 526, 527, 568, 672, 673, 674, 675, 676, 677, 678, 679, 680, 681, 682, 683, 684, 810, 811, 812, 813, 814, 881, 882, 883, 884, 885, 886]","[34, 35, 36, 37, 38, 39, 40, 41, 42, 43, 44, 45, 46, 47, 48, 201, 202, 203, 204, 205, 206, 207, 208, 209, 210, 211, 212, 213, 214, 215, 216, 355, 356, 357, 358, 359, 360, 361, 429, 430, 431, 432, 433, 434, 435, 515, 516, 517, 518, 519, 520, 521, 522, 523, 524, 525, 526, 527, 672, 673, 674, 675, 676, 677, 678, 679, 680, 681, 682, 683, 684, 810, 811, 812, 813, 814, 881, 882, 883, 884, 885, 886]",7/6 successful match,True,[214],True,231,False,,1.0,True,Love's Travel Stop # 246,Love's
"Fernley , 89408 Love's Travel US Stop 95 A )",775-575-2200 I-80 Exit 46 ( US # 246,24 M,Fernley,89408,Love's Travel US Stop 95 A ),775-575-2200,2008,Fernley,NV,Love's,( US # 246,I-80 Exit 46 ,Exit,46,False,,False,I-80,,,,,"[810, 355]","[343, 355, 374, 799, 810, 824]","[343, 355, 374, 799, 810, 824]","[204, 219, 225, 249, 355, 367, 374, 674, 689, 712, 810, 818, 824]","[338, 339, 340, 341, 342, 343, 344, 345, 346, 347, 348, 349, 350, 351, 352, 353, 354, 355, 356, 357, 358, 359, 360, 361, 362, 363, 364, 365, 366, 367, 368, 369, 370, 371, 372, 373, 374, 375, 376, 377, 378, 379, 380, 381, 382, 383, 384, 385, 386, 387, 388, 389, 390, 391, 392, 393, 394, 395, 396, 397, 794, 795, 796, 797, 798, 799, 800, 801, 802, 803, 804, 805, 806, 807, 808, 809, 810, 811, 812, 813, 814, 815, 816, 817, 818, 819, 820, 821, 822, 823, 824, 825, 826, 827, 828, 829, 830, 831, 832, 833, 834, 835, 836, 837, 838, 839, 840, 841, 842, 843, 844, 845, 846, 847]","[89, 108, 172, 217, 221, 239, 264, 280, 321, 342, 343, 344, 345, 346, 349, 351, 352, 355, 357, 359, 364, 368, 371, 372, 373, 374, 376, 377, 387, 392, 393, 403, 409, 411, 414, 424, 430, 449, 454, 470, 480, 560, 584, 643, 685, 703, 724, 739, 779, 798, 799, 800, 801, 804, 806, 807, 810, 812, 814, 816, 821, 822, 823, 824, 826, 827, 837, 842, 843, 852, 859, 862, 865, 869, 876, 882, 897, 901, 917, 932]","[34, 35, 36, 37, 38, 39, 40, 41, 42, 43, 44, 45, 46, 47, 48, 201, 202, 203, 204, 205, 206, 207, 208, 209, 210, 211, 212, 213, 214, 215, 216, 355, 356, 357, 358, 359, 360, 361, 429, 430, 431, 432, 433, 434, 435, 515, 516, 517, 518, 519, 520, 521, 522, 523, 524, 525, 526, 527, 672, 673, 674, 675, 676, 677, 678, 679, 680, 681, 682, 683, 684, 810, 811, 812, 813, 814, 881, 882, 883, 884, 885, 886]","[32, 33, 34, 35, 36, 37, 38, 39, 40, 41, 42, 43, 44, 45, 46, 47, 48, 201, 202, 203, 204, 205, 206, 207, 208, 209, 210, 211, 212, 213, 214, 215, 216, 355, 356, 357, 358, 359, 360, 361, 429, 430, 431, 432, 433, 434, 435, 515, 516, 517, 518, 519, 520, 521, 522, 523, 524, 525, 526, 527, 672, 673, 674, 675, 676, 677, 678, 679, 680, 681, 682, 683, 684, 810, 811, 812, 813, 814, 881, 882, 883, 884, 885, 886]","[515, 516, 517, 518, 519, 520, 521, 522, 523, 524, 525, 526, 527, 876, 32, 33, 34, 35, 36, 37, 38, 39, 40, 41, 42, 43, 44, 45, 46, 47, 560, 48, 584, 321, 89, 108, 643, 672, 673, 674, 675, 676, 677, 678, 679, 680, 681, 682, 683, 172, 685, 684, 882, 689, 703, 852, 712, 201, 202, 203, 204, 205, 206, 207, 208, 209, 210, 211, 724, 212, 213, 214, 215, 217, 216, 219, 221, 225, 859, 739, 884, 239, 862, 249, 885, 865, 264, 779, 886, 869, 280, 794, 795, 796, 797, 798, 799, 800, 801, 802, 803, 804, 805, 806, 807, 808, 809, 810, 811, 812, 813, 814, 815, 816, 817, 818, 819, 820, 821, 822, 823, 824, 825, 826, 827, 828, 829, 830, 831, 832, 833, 834, 835, 836, 837, 838, 839, 840, 841, 842, 843, 844, 845, 846, 847, 881, 338, 339, 340, 341, 342, 343, 344, 345, 346, 347, 348, 349, 350, 351, 352, 353, 354, 355, 356, 357, 358, 359, 360, 361, 362, 363, 364, 365, 366, 367, 368, 369, 370, 371, 372, 373, 374, 375, 376, 377, 378, 379, 380, 381, 382, 383, 384, 385, 386, 387, 388, 389, 390, 391, 392, 393, 394, 395, 396, 397, 901, 403, 917, 409, 411, 414, 897, 932, 424, 429, 430, 431, 432, 433, 434, 435, 449, 454, 470, 480, 883]",True,"[343, 355, 374, 799, 810, 824]","[338, 339, 340, 341, 342, 343, 344, 345, 346, 347, 348, 349, 350, 351, 352, 353, 354, 355, 356, 357, 358, 359, 360, 361, 362, 363, 364, 365, 366, 367, 368, 369, 370, 371, 372, 373, 374, 375, 376, 377, 378, 379, 380, 381, 382, 383, 384, 385, 386, 387, 388, 389, 390, 391, 392, 393, 394, 395, 396, 397, 794, 795, 796, 797, 798, 799, 800, 801, 802, 803, 804, 805, 806, 807, 808, 809, 810, 811, 812, 813, 814, 815, 816, 817, 818, 819, 820, 821, 822, 823, 824, 825, 826, 827, 828, 829, 830, 831, 832, 833, 834, 835, 836, 837, 838, 839, 840, 841, 842, 843, 844, 845, 846, 847]","[343, 355, 374, 799, 810, 824]","[204, 219, 225, 249, 355, 367, 374, 674, 689, 712, 810, 818, 824]","[89, 108, 172, 217, 221, 239, 264, 280, 321, 342, 343, 344, 345, 346, 349, 351, 352, 355, 357, 359, 364, 368, 371, 372, 373, 374, 376, 377, 387, 392, 393, 403, 409, 411, 414, 424, 430, 449, 454, 470, 480, 560, 584, 643, 685, 703, 724, 739, 779, 798, 799, 800, 801, 804, 806, 807, 810, 812, 814, 816, 821, 822, 823, 824, 826, 827, 837, 842, 843, 852, 859, 862, 865, 869, 876, 882, 897, 901, 917, 932]","[32, 33, 34, 35, 36, 37, 38, 39, 40, 41, 42, 43, 44, 45, 46, 47, 48, 201, 202, 203, 204, 205, 206, 207, 208, 209, 210, 211, 212, 213, 214, 215, 216, 355, 356, 357, 358, 359, 360, 361, 429, 430, 431, 432, 433, 434, 435, 515, 516, 517, 518, 519, 520, 521, 522, 523, 524, 525, 526, 527, 672, 673, 674, 675, 676, 677, 678, 679, 680, 681, 682, 683, 684, 810, 811, 812, 813, 814, 881, 882, 883, 884, 885, 886]","[34, 35, 36, 37, 38, 39, 40, 41, 42, 43, 44, 45, 46, 47, 48, 201, 202, 203, 204, 205, 206, 207, 208, 209, 210, 211, 212, 213, 214, 215, 216, 355, 356, 357, 358, 359, 360, 361, 429, 430, 431, 432, 433, 434, 435, 515, 516, 517, 518, 519, 520, 521, 522, 523, 524, 525, 526, 527, 672, 673, 674, 675, 676, 677, 678, 679, 680, 681, 682, 683, 684, 810, 811, 812, 813, 814, 881, 882, 883, 884, 885, 886]",7/6 successful match,True,[214],True,231,False,,0.5641025641025641,True,Love's Travel Stop # 246,Love's
Fernley ( 89408 ) Love's Travel Stop # 246,775-575-2200 I-80 Exit 46 ( US 95 ),HRS 24,Fernley,89408,Love's Travel Stop # 246,775-575-2200,2014,Fernley,NV,Love's,( US 95 ),I-80 Exit 46 ,Exit,46,False,,False,I-80,,,,,"[810, 355]","[343, 355, 374, 799, 810, 824]","[343, 355, 374, 799, 810, 824]","[204, 219, 225, 249, 355, 367, 374, 674, 689, 712, 810, 818, 824]","[338, 339, 340, 341, 342, 343, 344, 345, 346, 347, 348, 349, 350, 351, 352, 353, 354, 355, 356, 357, 358, 359, 360, 361, 362, 363, 364, 365, 366, 367, 368, 369, 370, 371, 372, 373, 374, 375, 376, 377, 378, 379, 380, 381, 382, 383, 384, 385, 386, 387, 388, 389, 390, 391, 392, 393, 394, 395, 396, 397, 794, 795, 796, 797, 798, 799, 800, 801, 802, 803, 804, 805, 806, 807, 808, 809, 810, 811, 812, 813, 814, 815, 816, 817, 818, 819, 820, 821, 822, 823, 824, 825, 826, 827, 828, 829, 830, 831, 832, 833, 834, 835, 836, 837, 838, 839, 840, 841, 842, 843, 844, 845, 846, 847]","[89, 108, 172, 217, 221, 239, 264, 280, 321, 342, 343, 344, 345, 346, 349, 351, 352, 355, 357, 359, 364, 368, 371, 372, 373, 374, 376, 377, 387, 392, 393, 403, 409, 411, 414, 424, 430, 449, 454, 470, 480, 560, 584, 643, 685, 703, 724, 739, 779, 798, 799, 800, 801, 804, 806, 807, 810, 812, 814, 816, 821, 822, 823, 824, 826, 827, 837, 842, 843, 852, 859, 862, 865, 869, 876, 882, 897, 901, 917, 932]","[34, 35, 36, 37, 38, 39, 40, 41, 42, 43, 44, 45, 46, 47, 48, 201, 202, 203, 204, 205, 206, 207, 208, 209, 210, 211, 212, 213, 214, 215, 216, 355, 356, 357, 358, 359, 360, 361, 429, 430, 431, 432, 433, 434, 435, 515, 516, 517, 518, 519, 520, 521, 522, 523, 524, 525, 526, 527, 672, 673, 674, 675, 676, 677, 678, 679, 680, 681, 682, 683, 684, 810, 811, 812, 813, 814, 881, 882, 883, 884, 885, 886]","[32, 33, 34, 35, 36, 37, 38, 39, 40, 41, 42, 43, 44, 45, 46, 47, 48, 97, 201, 202, 203, 204, 205, 206, 207, 208, 209, 210, 211, 212, 213, 214, 215, 216, 355, 356, 357, 358, 359, 360, 361, 429, 430, 431, 432, 433, 434, 435, 515, 516, 517, 518, 519, 520, 521, 522, 523, 524, 525, 526, 527, 568, 672, 673, 674, 675, 676, 677, 678, 679, 680, 681, 682, 683, 684, 810, 811, 812, 813, 814, 881, 882, 883, 884, 885, 886]","[515, 516, 517, 518, 519, 520, 521, 522, 523, 524, 525, 526, 527, 876, 32, 33, 34, 35, 36, 37, 38, 39, 40, 41, 42, 43, 44, 45, 46, 47, 560, 48, 568, 584, 321, 89, 97, 108, 643, 672, 673, 674, 675, 676, 677, 678, 679, 680, 681, 682, 683, 172, 685, 684, 882, 689, 703, 852, 712, 201, 202, 203, 204, 205, 206, 207, 208, 209, 210, 211, 724, 212, 213, 214, 215, 217, 216, 219, 221, 225, 859, 739, 884, 239, 862, 249, 885, 865, 264, 779, 886, 869, 280, 794, 795, 796, 797, 798, 799, 800, 801, 802, 803, 804, 805, 806, 807, 808, 809, 810, 811, 812, 813, 814, 815, 816, 817, 818, 819, 820, 821, 822, 823, 824, 825, 826, 827, 828, 829, 830, 831, 832, 833, 834, 835, 836, 837, 838, 839, 840, 841, 842, 843, 844, 845, 846, 847, 881, 338, 339, 340, 341, 342, 343, 344, 345, 346, 347, 348, 349, 350, 351, 352, 353, 354, 355, 356, 357, 358, 359, 360, 361, 362, 363, 364, 365, 366, 367, 368, 369, 370, 371, 372, 373, 374, 375, 376, 377, 378, 379, 380, 381, 382, 383, 384, 385, 386, 387, 388, 389, 390, 391, 392, 393, 394, 395, 396, 397, 901, 403, 917, 409, 411, 414, 897, 932, 424, 429, 430, 431, 432, 433, 434, 435, 449, 454, 470, 480, 883]",True,"[343, 355, 374, 799, 810, 824]","[338, 339, 340, 341, 342, 343, 344, 345, 346, 347, 348, 349, 350, 351, 352, 353, 354, 355, 356, 357, 358, 359, 360, 361, 362, 363, 364, 365, 366, 367, 368, 369, 370, 371, 372, 373, 374, 375, 376, 377, 378, 379, 380, 381, 382, 383, 384, 385, 386, 387, 388, 389, 390, 391, 392, 393, 394, 395, 396, 397, 794, 795, 796, 797, 798, 799, 800, 801, 802, 803, 804, 805, 806, 807, 808, 809, 810, 811, 812, 813, 814, 815, 816, 817, 818, 819, 820, 821, 822, 823, 824, 825, 826, 827, 828, 829, 830, 831, 832, 833, 834, 835, 836, 837, 838, 839, 840, 841, 842, 843, 844, 845, 846, 847]","[343, 355, 374, 799, 810, 824]","[204, 219, 225, 249, 355, 367, 374, 674, 689, 712, 810, 818, 824]","[89, 108, 172, 217, 221, 239, 264, 280, 321, 342, 343, 344, 345, 346, 349, 351, 352, 355, 357, 359, 364, 368, 371, 372, 373, 374, 376, 377, 387, 392, 393, 403, 409, 411, 414, 424, 430, 449, 454, 470, 480, 560, 584, 643, 685, 703, 724, 739, 779, 798, 799, 800, 801, 804, 806, 807, 810, 812, 814, 816, 821, 822, 823, 824, 826, 827, 837, 842, 843, 852, 859, 862, 865, 869, 876, 882, 897, 901, 917, 932]","[32, 33, 34, 35, 36, 37, 38, 39, 40, 41, 42, 43, 44, 45, 46, 47, 48, 97, 201, 202, 203, 204, 205, 206, 207, 208, 209, 210, 211, 212, 213, 214, 215, 216, 355, 356, 357, 358, 359, 360, 361, 429, 430, 431, 432, 433, 434, 435, 515, 516, 517, 518, 519, 520, 521, 522, 523, 524, 525, 526, 527, 568, 672, 673, 674, 675, 676, 677, 678, 679, 680, 681, 682, 683, 684, 810, 811, 812, 813, 814, 881, 882, 883, 884, 885, 886]","[34, 35, 36, 37, 38, 39, 40, 41, 42, 43, 44, 45, 46, 47, 48, 201, 202, 203, 204, 205, 206, 207, 208, 209, 210, 211, 212, 213, 214, 215, 216, 355, 356, 357, 358, 359, 360, 361, 429, 430, 431, 432, 433, 434, 435, 515, 516, 517, 518, 519, 520, 521, 522, 523, 524, 525, 526, 527, 672, 673, 674, 675, 676, 677, 678, 679, 680, 681, 682, 683, 684, 810, 811, 812, 813, 814, 881, 882, 883, 884, 885, 886]",7/6 successful match,True,[214],True,231,False,,0.5641025641025641,True,Love's Travel US Stop 95 A ),Love's
Fernley ( 89408 ) Love's Travel Stop # 246,775-575-2200 I-80 Exit 46 ( US 95 ),24 <U+25A1><U+25A1><U+25A1>,Fernley,89408,Love's Travel Stop # 246,775-575-2200,2015,Fernley,NV,Love's,( US 95 ),I-80 Exit 46 ,Exit,46,False,,False,I-80,,,,,"[810, 355]","[343, 355, 374, 799, 810, 824]","[343, 355, 374, 799, 810, 824]","[204, 219, 225, 249, 355, 367, 374, 674, 689, 712, 810, 818, 824]","[338, 339, 340, 341, 342, 343, 344, 345, 346, 347, 348, 349, 350, 351, 352, 353, 354, 355, 356, 357, 358, 359, 360, 361, 362, 363, 364, 365, 366, 367, 368, 369, 370, 371, 372, 373, 374, 375, 376, 377, 378, 379, 380, 381, 382, 383, 384, 385, 386, 387, 388, 389, 390, 391, 392, 393, 394, 395, 396, 397, 794, 795, 796, 797, 798, 799, 800, 801, 802, 803, 804, 805, 806, 807, 808, 809, 810, 811, 812, 813, 814, 815, 816, 817, 818, 819, 820, 821, 822, 823, 824, 825, 826, 827, 828, 829, 830, 831, 832, 833, 834, 835, 836, 837, 838, 839, 840, 841, 842, 843, 844, 845, 846, 847]","[89, 108, 172, 217, 221, 239, 264, 280, 321, 342, 343, 344, 345, 346, 349, 351, 352, 355, 357, 359, 364, 368, 371, 372, 373, 374, 376, 377, 387, 392, 393, 403, 409, 411, 414, 424, 430, 449, 454, 470, 480, 560, 584, 643, 685, 703, 724, 739, 779, 798, 799, 800, 801, 804, 806, 807, 810, 812, 814, 816, 821, 822, 823, 824, 826, 827, 837, 842, 843, 852, 859, 862, 865, 869, 876, 882, 897, 901, 917, 932]","[34, 35, 36, 37, 38, 39, 40, 41, 42, 43, 44, 45, 46, 47, 48, 201, 202, 203, 204, 205, 206, 207, 208, 209, 210, 211, 212, 213, 214, 215, 216, 355, 356, 357, 358, 359, 360, 361, 429, 430, 431, 432, 433, 434, 435, 515, 516, 517, 518, 519, 520, 521, 522, 523, 524, 525, 526, 527, 672, 673, 674, 675, 676, 677, 678, 679, 680, 681, 682, 683, 684, 810, 811, 812, 813, 814, 881, 882, 883, 884, 885, 886]","[32, 33, 34, 35, 36, 37, 38, 39, 40, 41, 42, 43, 44, 45, 46, 47, 48, 97, 201, 202, 203, 204, 205, 206, 207, 208, 209, 210, 211, 212, 213, 214, 215, 216, 355, 356, 357, 358, 359, 360, 361, 429, 430, 431, 432, 433, 434, 435, 515, 516, 517, 518, 519, 520, 521, 522, 523, 524, 525, 526, 527, 568, 672, 673, 674, 675, 676, 677, 678, 679, 680, 681, 682, 683, 684, 810, 811, 812, 813, 814, 881, 882, 883, 884, 885, 886]","[515, 516, 517, 518, 519, 520, 521, 522, 523, 524, 525, 526, 527, 876, 32, 33, 34, 35, 36, 37, 38, 39, 40, 41, 42, 43, 44, 45, 46, 47, 560, 48, 568, 584, 321, 89, 97, 108, 643, 672, 673, 674, 675, 676, 677, 678, 679, 680, 681, 682, 683, 172, 685, 684, 882, 689, 703, 852, 712, 201, 202, 203, 204, 205, 206, 207, 208, 209, 210, 211, 724, 212, 213, 214, 215, 217, 216, 219, 221, 225, 859, 739, 884, 239, 862, 249, 885, 865, 264, 779, 886, 869, 280, 794, 795, 796, 797, 798, 799, 800, 801, 802, 803, 804, 805, 806, 807, 808, 809, 810, 811, 812, 813, 814, 815, 816, 817, 818, 819, 820, 821, 822, 823, 824, 825, 826, 827, 828, 829, 830, 831, 832, 833, 834, 835, 836, 837, 838, 839, 840, 841, 842, 843, 844, 845, 846, 847, 881, 338, 339, 340, 341, 342, 343, 344, 345, 346, 347, 348, 349, 350, 351, 352, 353, 354, 355, 356, 357, 358, 359, 360, 361, 362, 363, 364, 365, 366, 367, 368, 369, 370, 371, 372, 373, 374, 375, 376, 377, 378, 379, 380, 381, 382, 383, 384, 385, 386, 387, 388, 389, 390, 391, 392, 393, 394, 395, 396, 397, 901, 403, 917, 409, 411, 414, 897, 932, 424, 429, 430, 431, 432, 433, 434, 435, 449, 454, 470, 480, 883]",True,"[343, 355, 374, 799, 810, 824]","[338, 339, 340, 341, 342, 343, 344, 345, 346, 347, 348, 349, 350, 351, 352, 353, 354, 355, 356, 357, 358, 359, 360, 361, 362, 363, 364, 365, 366, 367, 368, 369, 370, 371, 372, 373, 374, 375, 376, 377, 378, 379, 380, 381, 382, 383, 384, 385, 386, 387, 388, 389, 390, 391, 392, 393, 394, 395, 396, 397, 794, 795, 796, 797, 798, 799, 800, 801, 802, 803, 804, 805, 806, 807, 808, 809, 810, 811, 812, 813, 814, 815, 816, 817, 818, 819, 820, 821, 822, 823, 824, 825, 826, 827, 828, 829, 830, 831, 832, 833, 834, 835, 836, 837, 838, 839, 840, 841, 842, 843, 844, 845, 846, 847]","[343, 355, 374, 799, 810, 824]","[204, 219, 225, 249, 355, 367, 374, 674, 689, 712, 810, 818, 824]","[89, 108, 172, 217, 221, 239, 264, 280, 321, 342, 343, 344, 345, 346, 349, 351, 352, 355, 357, 359, 364, 368, 371, 372, 373, 374, 376, 377, 387, 392, 393, 403, 409, 411, 414, 424, 430, 449, 454, 470, 480, 560, 584, 643, 685, 703, 724, 739, 779, 798, 799, 800, 801, 804, 806, 807, 810, 812, 814, 816, 821, 822, 823, 824, 826, 827, 837, 842, 843, 852, 859, 862, 865, 869, 876, 882, 897, 901, 917, 932]","[32, 33, 34, 35, 36, 37, 38, 39, 40, 41, 42, 43, 44, 45, 46, 47, 48, 97, 201, 202, 203, 204, 205, 206, 207, 208, 209, 210, 211, 212, 213, 214, 215, 216, 355, 356, 357, 358, 359, 360, 361, 429, 430, 431, 432, 433, 434, 435, 515, 516, 517, 518, 519, 520, 521, 522, 523, 524, 525, 526, 527, 568, 672, 673, 674, 675, 676, 677, 678, 679, 680, 681, 682, 683, 684, 810, 811, 812, 813, 814, 881, 882, 883, 884, 885, 886]","[34, 35, 36, 37, 38, 39, 40, 41, 42, 43, 44, 45, 46, 47, 48, 201, 202, 203, 204, 205, 206, 207, 208, 209, 210, 211, 212, 213, 214, 215, 216, 355, 356, 357, 358, 359, 360, 361, 429, 430, 431, 432, 433, 434, 435, 515, 516, 517, 518, 519, 520, 521, 522, 523, 524, 525, 526, 527, 672, 673, 674, 675, 676, 677, 678, 679, 680, 681, 682, 683, 684, 810, 811, 812, 813, 814, 881, 882, 883, 884, 885, 886]",7/6 successful match,True,[214],True,231,False,,1.0,True,Love's Travel Stop # 246,Love's
D Fernley ( 89408 ) Love's Travel Stop # 246,775-575-2200 I-80 Exit 46 ( US 95 ),24 <U+2610> LO 24,Fernley,89408,Love's Travel Stop # 246,775-575-2200,2016,Fernley,NV,Love's,( US 95 ),I-80 Exit 46 ,Exit,46,False,,False,I-80,,,,,"[810, 355]","[343, 355, 374, 799, 810, 824]","[343, 355, 374, 799, 810, 824]","[204, 219, 225, 249, 355, 367, 374, 674, 689, 712, 810, 818, 824]","[338, 339, 340, 341, 342, 343, 344, 345, 346, 347, 348, 349, 350, 351, 352, 353, 354, 355, 356, 357, 358, 359, 360, 361, 362, 363, 364, 365, 366, 367, 368, 369, 370, 371, 372, 373, 374, 375, 376, 377, 378, 379, 380, 381, 382, 383, 384, 385, 386, 387, 388, 389, 390, 391, 392, 393, 394, 395, 396, 397, 794, 795, 796, 797, 798, 799, 800, 801, 802, 803, 804, 805, 806, 807, 808, 809, 810, 811, 812, 813, 814, 815, 816, 817, 818, 819, 820, 821, 822, 823, 824, 825, 826, 827, 828, 829, 830, 831, 832, 833, 834, 835, 836, 837, 838, 839, 840, 841, 842, 843, 844, 845, 846, 847]","[89, 108, 172, 217, 221, 239, 264, 280, 321, 342, 343, 344, 345, 346, 349, 351, 352, 355, 357, 359, 364, 368, 371, 372, 373, 374, 376, 377, 387, 392, 393, 403, 409, 411, 414, 424, 430, 449, 454, 470, 480, 560, 584, 643, 685, 703, 724, 739, 779, 798, 799, 800, 801, 804, 806, 807, 810, 812, 814, 816, 821, 822, 823, 824, 826, 827, 837, 842, 843, 852, 859, 862, 865, 869, 876, 882, 897, 901, 917, 932]","[34, 35, 36, 37, 38, 39, 40, 41, 42, 43, 44, 45, 46, 47, 48, 201, 202, 203, 204, 205, 206, 207, 208, 209, 210, 211, 212, 213, 214, 215, 216, 355, 356, 357, 358, 359, 360, 361, 429, 430, 431, 432, 433, 434, 435, 515, 516, 517, 518, 519, 520, 521, 522, 523, 524, 525, 526, 527, 672, 673, 674, 675, 676, 677, 678, 679, 680, 681, 682, 683, 684, 810, 811, 812, 813, 814, 881, 882, 883, 884, 885, 886]","[32, 33, 34, 35, 36, 37, 38, 39, 40, 41, 42, 43, 44, 45, 46, 47, 48, 97, 201, 202, 203, 204, 205, 206, 207, 208, 209, 210, 211, 212, 213, 214, 215, 216, 355, 356, 357, 358, 359, 360, 361, 429, 430, 431, 432, 433, 434, 435, 515, 516, 517, 518, 519, 520, 521, 522, 523, 524, 525, 526, 527, 568, 672, 673, 674, 675, 676, 677, 678, 679, 680, 681, 682, 683, 684, 810, 811, 812, 813, 814, 881, 882, 883, 884, 885, 886]","[515, 516, 517, 518, 519, 520, 521, 522, 523, 524, 525, 526, 527, 876, 32, 33, 34, 35, 36, 37, 38, 39, 40, 41, 42, 43, 44, 45, 46, 47, 560, 48, 568, 584, 321, 89, 97, 108, 643, 672, 673, 674, 675, 676, 677, 678, 679, 680, 681, 682, 683, 172, 685, 684, 882, 689, 703, 852, 712, 201, 202, 203, 204, 205, 206, 207, 208, 209, 210, 211, 724, 212, 213, 214, 215, 217, 216, 219, 221, 225, 859, 739, 884, 239, 862, 249, 885, 865, 264, 779, 886, 869, 280, 794, 795, 796, 797, 798, 799, 800, 801, 802, 803, 804, 805, 806, 807, 808, 809, 810, 811, 812, 813, 814, 815, 816, 817, 818, 819, 820, 821, 822, 823, 824, 825, 826, 827, 828, 829, 830, 831, 832, 833, 834, 835, 836, 837, 838, 839, 840, 841, 842, 843, 844, 845, 846, 847, 881, 338, 339, 340, 341, 342, 343, 344, 345, 346, 347, 348, 349, 350, 351, 352, 353, 354, 355, 356, 357, 358, 359, 360, 361, 362, 363, 364, 365, 366, 367, 368, 369, 370, 371, 372, 373, 374, 375, 376, 377, 378, 379, 380, 381, 382, 383, 384, 385, 386, 387, 388, 389, 390, 391, 392, 393, 394, 395, 396, 397, 901, 403, 917, 409, 411, 414, 897, 932, 424, 429, 430, 431, 432, 433, 434, 435, 449, 454, 470, 480, 883]",True,"[343, 355, 374, 799, 810, 824]","[338, 339, 340, 341, 342, 343, 344, 345, 346, 347, 348, 349, 350, 351, 352, 353, 354, 355, 356, 357, 358, 359, 360, 361, 362, 363, 364, 365, 366, 367, 368, 369, 370, 371, 372, 373, 374, 375, 376, 377, 378, 379, 380, 381, 382, 383, 384, 385, 386, 387, 388, 389, 390, 391, 392, 393, 394, 395, 396, 397, 794, 795, 796, 797, 798, 799, 800, 801, 802, 803, 804, 805, 806, 807, 808, 809, 810, 811, 812, 813, 814, 815, 816, 817, 818, 819, 820, 821, 822, 823, 824, 825, 826, 827, 828, 829, 830, 831, 832, 833, 834, 835, 836, 837, 838, 839, 840, 841, 842, 843, 844, 845, 846, 847]","[343, 355, 374, 799, 810, 824]","[204, 219, 225, 249, 355, 367, 374, 674, 689, 712, 810, 818, 824]","[89, 108, 172, 217, 221, 239, 264, 280, 321, 342, 343, 344, 345, 346, 349, 351, 352, 355, 357, 359, 364, 368, 371, 372, 373, 374, 376, 377, 387, 392, 393, 403, 409, 411, 414, 424, 430, 449, 454, 470, 480, 560, 584, 643, 685, 703, 724, 739, 779, 798, 799, 800, 801, 804, 806, 807, 810, 812, 814, 816, 821, 822, 823, 824, 826, 827, 837, 842, 843, 852, 859, 862, 865, 869, 876, 882, 897, 901, 917, 932]","[32, 33, 34, 35, 36, 37, 38, 39, 40, 41, 42, 43, 44, 45, 46, 47, 48, 97, 201, 202, 203, 204, 205, 206, 207, 208, 209, 210, 211, 212, 213, 214, 215, 216, 355, 356, 357, 358, 359, 360, 361, 429, 430, 431, 432, 433, 434, 435, 515, 516, 517, 518, 519, 520, 521, 522, 523, 524, 525, 526, 527, 568, 672, 673, 674, 675, 676, 677, 678, 679, 680, 681, 682, 683, 684, 810, 811, 812, 813, 814, 881, 882, 883, 884, 885, 886]","[34, 35, 36, 37, 38, 39, 40, 41, 42, 43, 44, 45, 46, 47, 48, 201, 202, 203, 204, 205, 206, 207, 208, 209, 210, 211, 212, 213, 214, 215, 216, 355, 356, 357, 358, 359, 360, 361, 429, 430, 431, 432, 433, 434, 435, 515, 516, 517, 518, 519, 520, 521, 522, 523, 524, 525, 526, 527, 672, 673, 674, 675, 676, 677, 678, 679, 680, 681, 682, 683, 684, 810, 811, 812, 813, 814, 881, 882, 883, 884, 885, 886]",7/6 successful match,True,[214],True,231,False,,1.0,True,Love's Travel Stop # 246,Love's
"Fernley , 89408 Pilot Travel Center # 340",775-575-5115 I-80 Exit 46 ( US 95 A ),<U+2610>,Fernley,89408,Pilot Travel Center # 340,775-575-5115,2006,Fernley,NV,Pilot,( US 95 A ),I-80 Exit 46 ,Exit,46,False,,False,I-80,,,,,"[824, 374]","[343, 355, 374, 799, 810, 824]","[343, 355, 374, 799, 810, 824]","[204, 219, 225, 249, 355, 367, 374, 674, 689, 712, 810, 818, 824]","[338, 339, 340, 341, 342, 343, 344, 345, 346, 347, 348, 349, 350, 351, 352, 353, 354, 355, 356, 357, 358, 359, 360, 361, 362, 363, 364, 365, 366, 367, 368, 369, 370, 371, 372, 373, 374, 375, 376, 377, 378, 379, 380, 381, 382, 383, 384, 385, 386, 387, 388, 389, 390, 391, 392, 393, 394, 395, 396, 397, 794, 795, 796, 797, 798, 799, 800, 801, 802, 803, 804, 805, 806, 807, 808, 809, 810, 811, 812, 813, 814, 815, 816, 817, 818, 819, 820, 821, 822, 823, 824, 825, 826, 827, 828, 829, 830, 831, 832, 833, 834, 835, 836, 837, 838, 839, 840, 841, 842, 843, 844, 845, 846, 847]","[89, 108, 172, 217, 221, 239, 264, 280, 321, 342, 343, 344, 345, 346, 349, 351, 352, 355, 357, 359, 364, 368, 371, 372, 373, 374, 376, 377, 387, 392, 393, 403, 409, 411, 414, 424, 430, 449, 454, 470, 480, 560, 584, 643, 685, 703, 724, 739, 779, 798, 799, 800, 801, 804, 806, 807, 810, 812, 814, 816, 821, 822, 823, 824, 826, 827, 837, 842, 843, 852, 859, 862, 865, 869, 876, 882, 897, 901, 917, 932]","[15, 16, 65, 66, 67, 68, 69, 70, 71, 72, 73, 74, 75, 76, 80, 151, 245, 246, 247, 248, 249, 250, 251, 252, 253, 254, 255, 256, 257, 258, 259, 280, 340, 373, 374, 375, 376, 377, 459, 460, 461, 462, 500, 501, 539, 540, 541, 542, 543, 544, 545, 546, 547, 548, 549, 550, 552, 622, 708, 709, 710, 711, 712, 713, 714, 715, 716, 717, 718, 719, 720, 739, 796, 823, 824, 825, 826, 827, 906, 907, 908, 909]","[15, 16, 65, 66, 67, 68, 69, 70, 71, 72, 73, 74, 75, 76, 77, 78, 80, 151, 244, 245, 246, 247, 248, 249, 250, 251, 252, 253, 254, 255, 256, 257, 258, 259, 260, 280, 340, 356, 373, 374, 375, 376, 377, 459, 460, 461, 462, 500, 501, 539, 540, 541, 542, 543, 544, 545, 546, 547, 548, 549, 550, 552, 622, 708, 709, 710, 711, 712, 713, 714, 715, 716, 717, 718, 719, 720, 739, 796, 811, 823, 824, 825, 826, 827, 906, 907, 908, 909]","[15, 16, 876, 539, 540, 541, 542, 543, 544, 545, 546, 547, 548, 549, 550, 552, 560, 65, 66, 67, 68, 69, 70, 71, 584, 72, 73, 74, 75, 76, 77, 78, 321, 80, 89, 108, 622, 643, 151, 674, 172, 685, 882, 689, 703, 852, 708, 709, 710, 711, 712, 713, 714, 715, 204, 716, 717, 718, 719, 720, 724, 217, 219, 221, 225, 859, 739, 239, 862, 244, 245, 246, 247, 248, 249, 250, 251, 252, 253, 254, 255, 256, 865, 257, 258, 259, 260, 264, 779, 869, 280, 794, 795, 796, 797, 798, 799, 800, 801, 802, 803, 804, 805, 806, 807, 808, 809, 810, 811, 812, 813, 814, 815, 816, 817, 818, 819, 820, 821, 822, 823, 824, 825, 826, 827, 828, 829, 830, 831, 832, 833, 834, 835, 836, 837, 838, 839, 840, 841, 842, 843, 844, 845, 846, 847, 338, 339, 340, 341, 342, 343, 344, 345, 346, 347, 348, 349, 350, 351, 352, 353, 354, 355, 356, 357, 358, 359, 360, 361, 362, 363, 364, 365, 366, 367, 368, 369, 370, 371, 372, 373, 374, 375, 376, 377, 378, 379, 380, 381, 382, 383, 384, 385, 386, 387, 388, 389, 390, 391, 392, 393, 394, 395, 396, 397, 901, 906, 907, 908, 909, 403, 917, 409, 411, 414, 897, 932, 424, 430, 449, 454, 459, 460, 461, 462, 470, 480, 500, 501]",True,"[343, 355, 374, 799, 810, 824]","[338, 339, 340, 341, 342, 343, 344, 345, 346, 347, 348, 349, 350, 351, 352, 353, 354, 355, 356, 357, 358, 359, 360, 361, 362, 363, 364, 365, 366, 367, 368, 369, 370, 371, 372, 373, 374, 375, 376, 377, 378, 379, 380, 381, 382, 383, 384, 385, 386, 387, 388, 389, 390, 391, 392, 393, 394, 395, 396, 397, 794, 795, 796, 797, 798, 799, 800, 801, 802, 803, 804, 805, 806, 807, 808, 809, 810, 811, 812, 813, 814, 815, 816, 817, 818, 819, 820, 821, 822, 823, 824, 825, 826, 827, 828, 829, 830, 831, 832, 833, 834, 835, 836, 837, 838, 839, 840, 841, 842, 843, 844, 845, 846, 847]","[343, 355, 374, 799, 810, 824]","[204, 219, 225, 249, 355, 367, 374, 674, 689, 712, 810, 818, 824]","[89, 108, 172, 217, 221, 239, 264, 280, 321, 342, 343, 344, 345, 346, 349, 351, 352, 355, 357, 359, 364, 368, 371, 372, 373, 374, 376, 377, 387, 392, 393, 403, 409, 411, 414, 424, 430, 449, 454, 470, 480, 560, 584, 643, 685, 703, 724, 739, 779, 798, 799, 800, 801, 804, 806, 807, 810, 812, 814, 816, 821, 822, 823, 824, 826, 827, 837, 842, 843, 852, 859, 862, 865, 869, 876, 882, 897, 901, 917, 932]","[15, 16, 65, 66, 67, 68, 69, 70, 71, 72, 73, 74, 75, 76, 77, 78, 80, 151, 244, 245, 246, 247, 248, 249, 250, 251, 252, 253, 254, 255, 256, 257, 258, 259, 260, 280, 340, 356, 373, 374, 375, 376, 377, 459, 460, 461, 462, 500, 501, 539, 540, 541, 542, 543, 544, 545, 546, 547, 548, 549, 550, 552, 622, 708, 709, 710, 711, 712, 713, 714, 715, 716, 717, 718, 719, 720, 739, 796, 811, 823, 824, 825, 826, 827, 906, 907, 908, 909]","[15, 16, 65, 66, 67, 68, 69, 70, 71, 72, 73, 74, 75, 76, 80, 151, 245, 246, 247, 248, 249, 250, 251, 252, 253, 254, 255, 256, 257, 258, 259, 280, 340, 373, 374, 375, 376, 377, 459, 460, 461, 462, 500, 501, 539, 540, 541, 542, 543, 544, 545, 546, 547, 548, 549, 550, 552, 622, 708, 709, 710, 711, 712, 713, 714, 715, 716, 717, 718, 719, 720, 739, 796, 823, 824, 825, 826, 827, 906, 907, 908, 909]",7/6 successful match,True,[253],True,232,False,,,,,
"Fernley , 89408 Pilot Travel Center # 340",775-575-5115 I-80 Exit 46 ( US 95 A ),24 HRS 189,Fernley,89408,Pilot Travel Center # 340,775-575-5115,2007,Fernley,NV,Pilot,( US 95 A ),I-80 Exit 46 ,Exit,46,False,,False,I-80,,,,,"[824, 374]","[343, 355, 374, 799, 810, 824]","[343, 355, 374, 799, 810, 824]","[204, 219, 225, 249, 355, 367, 374, 674, 689, 712, 810, 818, 824]","[338, 339, 340, 341, 342, 343, 344, 345, 346, 347, 348, 349, 350, 351, 352, 353, 354, 355, 356, 357, 358, 359, 360, 361, 362, 363, 364, 365, 366, 367, 368, 369, 370, 371, 372, 373, 374, 375, 376, 377, 378, 379, 380, 381, 382, 383, 384, 385, 386, 387, 388, 389, 390, 391, 392, 393, 394, 395, 396, 397, 794, 795, 796, 797, 798, 799, 800, 801, 802, 803, 804, 805, 806, 807, 808, 809, 810, 811, 812, 813, 814, 815, 816, 817, 818, 819, 820, 821, 822, 823, 824, 825, 826, 827, 828, 829, 830, 831, 832, 833, 834, 835, 836, 837, 838, 839, 840, 841, 842, 843, 844, 845, 846, 847]","[89, 108, 172, 217, 221, 239, 264, 280, 321, 342, 343, 344, 345, 346, 349, 351, 352, 355, 357, 359, 364, 368, 371, 372, 373, 374, 376, 377, 387, 392, 393, 403, 409, 411, 414, 424, 430, 449, 454, 470, 480, 560, 584, 643, 685, 703, 724, 739, 779, 798, 799, 800, 801, 804, 806, 807, 810, 812, 814, 816, 821, 822, 823, 824, 826, 827, 837, 842, 843, 852, 859, 862, 865, 869, 876, 882, 897, 901, 917, 932]","[15, 16, 65, 66, 67, 68, 69, 70, 71, 72, 73, 74, 75, 76, 80, 151, 245, 246, 247, 248, 249, 250, 251, 252, 253, 254, 255, 256, 257, 258, 259, 280, 340, 373, 374, 375, 376, 377, 459, 460, 461, 462, 500, 501, 539, 540, 541, 542, 543, 544, 545, 546, 547, 548, 549, 550, 552, 622, 708, 709, 710, 711, 712, 713, 714, 715, 716, 717, 718, 719, 720, 739, 796, 823, 824, 825, 826, 827, 906, 907, 908, 909]","[15, 16, 65, 66, 67, 68, 69, 70, 71, 72, 73, 74, 75, 76, 77, 78, 80, 151, 244, 245, 246, 247, 248, 249, 250, 251, 252, 253, 254, 255, 256, 257, 258, 259, 260, 280, 340, 356, 373, 374, 375, 376, 377, 459, 460, 461, 462, 500, 501, 539, 540, 541, 542, 543, 544, 545, 546, 547, 548, 549, 550, 552, 622, 708, 709, 710, 711, 712, 713, 714, 715, 716, 717, 718, 719, 720, 739, 796, 811, 823, 824, 825, 826, 827, 906, 907, 908, 909]","[15, 16, 876, 539, 540, 541, 542, 543, 544, 545, 546, 547, 548, 549, 550, 552, 560, 65, 66, 67, 68, 69, 70, 71, 584, 72, 73, 74, 75, 76, 77, 78, 321, 80, 89, 108, 622, 643, 151, 674, 172, 685, 882, 689, 703, 852, 708, 709, 710, 711, 712, 713, 714, 715, 204, 716, 717, 718, 719, 720, 724, 217, 219, 221, 225, 859, 739, 239, 862, 244, 245, 246, 247, 248, 249, 250, 251, 252, 253, 254, 255, 256, 865, 257, 258, 259, 260, 264, 779, 869, 280, 794, 795, 796, 797, 798, 799, 800, 801, 802, 803, 804, 805, 806, 807, 808, 809, 810, 811, 812, 813, 814, 815, 816, 817, 818, 819, 820, 821, 822, 823, 824, 825, 826, 827, 828, 829, 830, 831, 832, 833, 834, 835, 836, 837, 838, 839, 840, 841, 842, 843, 844, 845, 846, 847, 338, 339, 340, 341, 342, 343, 344, 345, 346, 347, 348, 349, 350, 351, 352, 353, 354, 355, 356, 357, 358, 359, 360, 361, 362, 363, 364, 365, 366, 367, 368, 369, 370, 371, 372, 373, 374, 375, 376, 377, 378, 379, 380, 381, 382, 383, 384, 385, 386, 387, 388, 389, 390, 391, 392, 393, 394, 395, 396, 397, 901, 906, 907, 908, 909, 403, 917, 409, 411, 414, 897, 932, 424, 430, 449, 454, 459, 460, 461, 462, 470, 480, 500, 501]",True,"[343, 355, 374, 799, 810, 824]","[338, 339, 340, 341, 342, 343, 344, 345, 346, 347, 348, 349, 350, 351, 352, 353, 354, 355, 356, 357, 358, 359, 360, 361, 362, 363, 364, 365, 366, 367, 368, 369, 370, 371, 372, 373, 374, 375, 376, 377, 378, 379, 380, 381, 382, 383, 384, 385, 386, 387, 388, 389, 390, 391, 392, 393, 394, 395, 396, 397, 794, 795, 796, 797, 798, 799, 800, 801, 802, 803, 804, 805, 806, 807, 808, 809, 810, 811, 812, 813, 814, 815, 816, 817, 818, 819, 820, 821, 822, 823, 824, 825, 826, 827, 828, 829, 830, 831, 832, 833, 834, 835, 836, 837, 838, 839, 840, 841, 842, 843, 844, 845, 846, 847]","[343, 355, 374, 799, 810, 824]","[204, 219, 225, 249, 355, 367, 374, 674, 689, 712, 810, 818, 824]","[89, 108, 172, 217, 221, 239, 264, 280, 321, 342, 343, 344, 345, 346, 349, 351, 352, 355, 357, 359, 364, 368, 371, 372, 373, 374, 376, 377, 387, 392, 393, 403, 409, 411, 414, 424, 430, 449, 454, 470, 480, 560, 584, 643, 685, 703, 724, 739, 779, 798, 799, 800, 801, 804, 806, 807, 810, 812, 814, 816, 821, 822, 823, 824, 826, 827, 837, 842, 843, 852, 859, 862, 865, 869, 876, 882, 897, 901, 917, 932]","[15, 16, 65, 66, 67, 68, 69, 70, 71, 72, 73, 74, 75, 76, 77, 78, 80, 151, 244, 245, 246, 247, 248, 249, 250, 251, 252, 253, 254, 255, 256, 257, 258, 259, 260, 280, 340, 356, 373, 374, 375, 376, 377, 459, 460, 461, 462, 500, 501, 539, 540, 541, 542, 543, 544, 545, 546, 547, 548, 549, 550, 552, 622, 708, 709, 710, 711, 712, 713, 714, 715, 716, 717, 718, 719, 720, 739, 796, 811, 823, 824, 825, 826, 827, 906, 907, 908, 909]","[15, 16, 65, 66, 67, 68, 69, 70, 71, 72, 73, 74, 75, 76, 80, 151, 245, 246, 247, 248, 249, 250, 251, 252, 253, 254, 255, 256, 257, 258, 259, 280, 340, 373, 374, 375, 376, 377, 459, 460, 461, 462, 500, 501, 539, 540, 541, 542, 543, 544, 545, 546, 547, 548, 549, 550, 552, 622, 708, 709, 710, 711, 712, 713, 714, 715, 716, 717, 718, 719, 720, 739, 796, 823, 824, 825, 826, 827, 906, 907, 908, 909]",7/6 successful match,True,[253],True,232,False,,1.0,True,Pilot Travel Center # 340,Pilot
"Fernley , 89408 Pilot Travel Center Rd # 340 ( 5 mi E of town )",775-575-5115 I-80 Exit 46 (,HOSS 24 <U+2610><U+2610><U+2610>,Fernley,89408,Pilot Travel Center Rd # 340 ( 5 mi E of town ),775-575-5115,2008,Fernley,NV,Pilot,(,I-80 Exit 46 ,Exit,46,False,,False,I-80,,,,,"[824, 374]","[343, 355, 374, 799, 810, 824]","[343, 355, 374, 799, 810, 824]","[204, 219, 225, 249, 355, 367, 374, 674, 689, 712, 810, 818, 824]","[338, 339, 340, 341, 342, 343, 344, 345, 346, 347, 348, 349, 350, 351, 352, 353, 354, 355, 356, 357, 358, 359, 360, 361, 362, 363, 364, 365, 366, 367, 368, 369, 370, 371, 372, 373, 374, 375, 376, 377, 378, 379, 380, 381, 382, 383, 384, 385, 386, 387, 388, 389, 390, 391, 392, 393, 394, 395, 396, 397, 794, 795, 796, 797, 798, 799, 800, 801, 802, 803, 804, 805, 806, 807, 808, 809, 810, 811, 812, 813, 814, 815, 816, 817, 818, 819, 820, 821, 822, 823, 824, 825, 826, 827, 828, 829, 830, 831, 832, 833, 834, 835, 836, 837, 838, 839, 840, 841, 842, 843, 844, 845, 846, 847]","[89, 108, 172, 217, 221, 239, 264, 280, 321, 342, 343, 344, 345, 346, 349, 351, 352, 355, 357, 359, 364, 368, 371, 372, 373, 374, 376, 377, 387, 392, 393, 403, 409, 411, 414, 424, 430, 449, 454, 470, 480, 560, 584, 643, 685, 703, 724, 739, 779, 798, 799, 800, 801, 804, 806, 807, 810, 812, 814, 816, 821, 822, 823, 824, 826, 827, 837, 842, 843, 852, 859, 862, 865, 869, 876, 882, 897, 901, 917, 932]","[15, 16, 65, 66, 67, 68, 69, 70, 71, 72, 73, 74, 75, 76, 80, 151, 245, 246, 247, 248, 249, 250, 251, 252, 253, 254, 255, 256, 257, 258, 259, 280, 340, 373, 374, 375, 376, 377, 459, 460, 461, 462, 500, 501, 539, 540, 541, 542, 543, 544, 545, 546, 547, 548, 549, 550, 552, 622, 708, 709, 710, 711, 712, 713, 714, 715, 716, 717, 718, 719, 720, 739, 796, 823, 824, 825, 826, 827, 906, 907, 908, 909]","[15, 16, 65, 66, 67, 68, 69, 70, 71, 72, 73, 74, 75, 76, 77, 78, 80, 151, 244, 245, 246, 247, 248, 249, 250, 251, 252, 253, 254, 255, 256, 257, 258, 259, 260, 280, 340, 356, 373, 374, 375, 376, 377, 459, 460, 461, 462, 500, 501, 539, 540, 541, 542, 543, 544, 545, 546, 547, 548, 549, 550, 552, 622, 708, 709, 710, 711, 712, 713, 714, 715, 716, 717, 718, 719, 720, 739, 796, 811, 823, 824, 825, 826, 827, 906, 907, 908, 909]","[15, 16, 876, 539, 540, 541, 542, 543, 544, 545, 546, 547, 548, 549, 550, 552, 560, 65, 66, 67, 68, 69, 70, 71, 584, 72, 73, 74, 75, 76, 77, 78, 321, 80, 89, 108, 622, 643, 151, 674, 172, 685, 882, 689, 703, 852, 708, 709, 710, 711, 712, 713, 714, 715, 204, 716, 717, 718, 719, 720, 724, 217, 219, 221, 225, 859, 739, 239, 862, 244, 245, 246, 247, 248, 249, 250, 251, 252, 253, 254, 255, 256, 865, 257, 258, 259, 260, 264, 779, 869, 280, 794, 795, 796, 797, 798, 799, 800, 801, 802, 803, 804, 805, 806, 807, 808, 809, 810, 811, 812, 813, 814, 815, 816, 817, 818, 819, 820, 821, 822, 823, 824, 825, 826, 827, 828, 829, 830, 831, 832, 833, 834, 835, 836, 837, 838, 839, 840, 841, 842, 843, 844, 845, 846, 847, 338, 339, 340, 341, 342, 343, 344, 345, 346, 347, 348, 349, 350, 351, 352, 353, 354, 355, 356, 357, 358, 359, 360, 361, 362, 363, 364, 365, 366, 367, 368, 369, 370, 371, 372, 373, 374, 375, 376, 377, 378, 379, 380, 381, 382, 383, 384, 385, 386, 387, 388, 389, 390, 391, 392, 393, 394, 395, 396, 397, 901, 906, 907, 908, 909, 403, 917, 409, 411, 414, 897, 932, 424, 430, 449, 454, 459, 460, 461, 462, 470, 480, 500, 501]",True,"[343, 355, 374, 799, 810, 824]","[338, 339, 340, 341, 342, 343, 344, 345, 346, 347, 348, 349, 350, 351, 352, 353, 354, 355, 356, 357, 358, 359, 360, 361, 362, 363, 364, 365, 366, 367, 368, 369, 370, 371, 372, 373, 374, 375, 376, 377, 378, 379, 380, 381, 382, 383, 384, 385, 386, 387, 388, 389, 390, 391, 392, 393, 394, 395, 396, 397, 794, 795, 796, 797, 798, 799, 800, 801, 802, 803, 804, 805, 806, 807, 808, 809, 810, 811, 812, 813, 814, 815, 816, 817, 818, 819, 820, 821, 822, 823, 824, 825, 826, 827, 828, 829, 830, 831, 832, 833, 834, 835, 836, 837, 838, 839, 840, 841, 842, 843, 844, 845, 846, 847]","[343, 355, 374, 799, 810, 824]","[204, 219, 225, 249, 355, 367, 374, 674, 689, 712, 810, 818, 824]","[89, 108, 172, 217, 221, 239, 264, 280, 321, 342, 343, 344, 345, 346, 349, 351, 352, 355, 357, 359, 364, 368, 371, 372, 373, 374, 376, 377, 387, 392, 393, 403, 409, 411, 414, 424, 430, 449, 454, 470, 480, 560, 584, 643, 685, 703, 724, 739, 779, 798, 799, 800, 801, 804, 806, 807, 810, 812, 814, 816, 821, 822, 823, 824, 826, 827, 837, 842, 843, 852, 859, 862, 865, 869, 876, 882, 897, 901, 917, 932]","[15, 16, 65, 66, 67, 68, 69, 70, 71, 72, 73, 74, 75, 76, 77, 78, 80, 151, 244, 245, 246, 247, 248, 249, 250, 251, 252, 253, 254, 255, 256, 257, 258, 259, 260, 280, 340, 356, 373, 374, 375, 376, 377, 459, 460, 461, 462, 500, 501, 539, 540, 541, 542, 543, 544, 545, 546, 547, 548, 549, 550, 552, 622, 708, 709, 710, 711, 712, 713, 714, 715, 716, 717, 718, 719, 720, 739, 796, 811, 823, 824, 825, 826, 827, 906, 907, 908, 909]","[15, 16, 65, 66, 67, 68, 69, 70, 71, 72, 73, 74, 75, 76, 80, 151, 245, 246, 247, 248, 249, 250, 251, 252, 253, 254, 255, 256, 257, 258, 259, 280, 340, 373, 374, 375, 376, 377, 459, 460, 461, 462, 500, 501, 539, 540, 541, 542, 543, 544, 545, 546, 547, 548, 549, 550, 552, 622, 708, 709, 710, 711, 712, 713, 714, 715, 716, 717, 718, 719, 720, 739, 796, 823, 824, 825, 826, 827, 906, 907, 908, 909]",7/6 successful match,True,[253],True,232,False,,1.0,True,Pilot Travel Center # 340,Pilot
Fernley ( 89408 ) Pilot Travel Center # 340,775-575-5115 I-80 Exit 46 ( US 95 A ),plat 24,Fernley,89408,Pilot Travel Center # 340,775-575-5115,2014,Fernley,NV,Pilot,( US 95 A ),I-80 Exit 46 ,Exit,46,False,,False,I-80,,,,,"[824, 374]","[343, 355, 374, 799, 810, 824]","[343, 355, 374, 799, 810, 824]","[204, 219, 225, 249, 355, 367, 374, 674, 689, 712, 810, 818, 824]","[338, 339, 340, 341, 342, 343, 344, 345, 346, 347, 348, 349, 350, 351, 352, 353, 354, 355, 356, 357, 358, 359, 360, 361, 362, 363, 364, 365, 366, 367, 368, 369, 370, 371, 372, 373, 374, 375, 376, 377, 378, 379, 380, 381, 382, 383, 384, 385, 386, 387, 388, 389, 390, 391, 392, 393, 394, 395, 396, 397, 794, 795, 796, 797, 798, 799, 800, 801, 802, 803, 804, 805, 806, 807, 808, 809, 810, 811, 812, 813, 814, 815, 816, 817, 818, 819, 820, 821, 822, 823, 824, 825, 826, 827, 828, 829, 830, 831, 832, 833, 834, 835, 836, 837, 838, 839, 840, 841, 842, 843, 844, 845, 846, 847]","[89, 108, 172, 217, 221, 239, 264, 280, 321, 342, 343, 344, 345, 346, 349, 351, 352, 355, 357, 359, 364, 368, 371, 372, 373, 374, 376, 377, 387, 392, 393, 403, 409, 411, 414, 424, 430, 449, 454, 470, 480, 560, 584, 643, 685, 703, 724, 739, 779, 798, 799, 800, 801, 804, 806, 807, 810, 812, 814, 816, 821, 822, 823, 824, 826, 827, 837, 842, 843, 852, 859, 862, 865, 869, 876, 882, 897, 901, 917, 932]","[15, 16, 65, 66, 67, 68, 69, 70, 71, 72, 73, 74, 75, 76, 80, 151, 245, 246, 247, 248, 249, 250, 251, 252, 253, 254, 255, 256, 257, 258, 259, 280, 340, 373, 374, 375, 376, 377, 459, 460, 461, 462, 500, 501, 539, 540, 541, 542, 543, 544, 545, 546, 547, 548, 549, 550, 552, 622, 708, 709, 710, 711, 712, 713, 714, 715, 716, 717, 718, 719, 720, 739, 796, 823, 824, 825, 826, 827, 906, 907, 908, 909]","[15, 16, 65, 66, 67, 68, 69, 70, 71, 72, 73, 74, 75, 76, 77, 78, 80, 151, 244, 245, 246, 247, 248, 249, 250, 251, 252, 253, 254, 255, 256, 257, 258, 259, 260, 280, 340, 356, 373, 374, 375, 376, 377, 459, 460, 461, 462, 500, 501, 539, 540, 541, 542, 543, 544, 545, 546, 547, 548, 549, 550, 552, 622, 708, 709, 710, 711, 712, 713, 714, 715, 716, 717, 718, 719, 720, 739, 796, 811, 823, 824, 825, 826, 827, 906, 907, 908, 909]","[15, 16, 876, 539, 540, 541, 542, 543, 544, 545, 546, 547, 548, 549, 550, 552, 560, 65, 66, 67, 68, 69, 70, 71, 584, 72, 73, 74, 75, 76, 77, 78, 321, 80, 89, 108, 622, 643, 151, 674, 172, 685, 882, 689, 703, 852, 708, 709, 710, 711, 712, 713, 714, 715, 204, 716, 717, 718, 719, 720, 724, 217, 219, 221, 225, 859, 739, 239, 862, 244, 245, 246, 247, 248, 249, 250, 251, 252, 253, 254, 255, 256, 865, 257, 258, 259, 260, 264, 779, 869, 280, 794, 795, 796, 797, 798, 799, 800, 801, 802, 803, 804, 805, 806, 807, 808, 809, 810, 811, 812, 813, 814, 815, 816, 817, 818, 819, 820, 821, 822, 823, 824, 825, 826, 827, 828, 829, 830, 831, 832, 833, 834, 835, 836, 837, 838, 839, 840, 841, 842, 843, 844, 845, 846, 847, 338, 339, 340, 341, 342, 343, 344, 345, 346, 347, 348, 349, 350, 351, 352, 353, 354, 355, 356, 357, 358, 359, 360, 361, 362, 363, 364, 365, 366, 367, 368, 369, 370, 371, 372, 373, 374, 375, 376, 377, 378, 379, 380, 381, 382, 383, 384, 385, 386, 387, 388, 389, 390, 391, 392, 393, 394, 395, 396, 397, 901, 906, 907, 908, 909, 403, 917, 409, 411, 414, 897, 932, 424, 430, 449, 454, 459, 460, 461, 462, 470, 480, 500, 501]",True,"[343, 355, 374, 799, 810, 824]","[338, 339, 340, 341, 342, 343, 344, 345, 346, 347, 348, 349, 350, 351, 352, 353, 354, 355, 356, 357, 358, 359, 360, 361, 362, 363, 364, 365, 366, 367, 368, 369, 370, 371, 372, 373, 374, 375, 376, 377, 378, 379, 380, 381, 382, 383, 384, 385, 386, 387, 388, 389, 390, 391, 392, 393, 394, 395, 396, 397, 794, 795, 796, 797, 798, 799, 800, 801, 802, 803, 804, 805, 806, 807, 808, 809, 810, 811, 812, 813, 814, 815, 816, 817, 818, 819, 820, 821, 822, 823, 824, 825, 826, 827, 828, 829, 830, 831, 832, 833, 834, 835, 836, 837, 838, 839, 840, 841, 842, 843, 844, 845, 846, 847]","[343, 355, 374, 799, 810, 824]","[204, 219, 225, 249, 355, 367, 374, 674, 689, 712, 810, 818, 824]","[89, 108, 172, 217, 221, 239, 264, 280, 321, 342, 343, 344, 345, 346, 349, 351, 352, 355, 357, 359, 364, 368, 371, 372, 373, 374, 376, 377, 387, 392, 393, 403, 409, 411, 414, 424, 430, 449, 454, 470, 480, 560, 584, 643, 685, 703, 724, 739, 779, 798, 799, 800, 801, 804, 806, 807, 810, 812, 814, 816, 821, 822, 823, 824, 826, 827, 837, 842, 843, 852, 859, 862, 865, 869, 876, 882, 897, 901, 917, 932]","[15, 16, 65, 66, 67, 68, 69, 70, 71, 72, 73, 74, 75, 76, 77, 78, 80, 151, 244, 245, 246, 247, 248, 249, 250, 251, 252, 253, 254, 255, 256, 257, 258, 259, 260, 280, 340, 356, 373, 374, 375, 376, 377, 459, 460, 461, 462, 500, 501, 539, 540, 541, 542, 543, 544, 545, 546, 547, 548, 549, 550, 552, 622, 708, 709, 710, 711, 712, 713, 714, 715, 716, 717, 718, 719, 720, 739, 796, 811, 823, 824, 825, 826, 827, 906, 907, 908, 909]","[15, 16, 65, 66, 67, 68, 69, 70, 71, 72, 73, 74, 75, 76, 80, 151, 245, 246, 247, 248, 249, 250, 251, 252, 253, 254, 255, 256, 257, 258, 259, 280, 340, 373, 374, 375, 376, 377, 459, 460, 461, 462, 500, 501, 539, 540, 541, 542, 543, 544, 545, 546, 547, 548, 549, 550, 552, 622, 708, 709, 710, 711, 712, 713, 714, 715, 716, 717, 718, 719, 720, 739, 796, 823, 824, 825, 826, 827, 906, 907, 908, 909]",7/6 successful match,True,[253],True,232,False,,1.0,True,Pilot Travel Center Rd # 340 ( 5 mi E of town ),Pilot
Fernley ( 89408 ) Pilot Travel Center # 340 ),775-575-5115 I-80 Exit 46 ( US 95 A ) Pilot,24 <U+2610>,Fernley,89408,Pilot Travel Center # 340 ),775-575-5115,2015,Fernley,NV,Pilot,( US 95 A ) Pilot,I-80 Exit 46 ,Exit,46,False,,False,I-80,,,,,"[824, 374]","[343, 355, 374, 799, 810, 824]","[343, 355, 374, 799, 810, 824]","[204, 219, 225, 249, 355, 367, 374, 674, 689, 712, 810, 818, 824]","[338, 339, 340, 341, 342, 343, 344, 345, 346, 347, 348, 349, 350, 351, 352, 353, 354, 355, 356, 357, 358, 359, 360, 361, 362, 363, 364, 365, 366, 367, 368, 369, 370, 371, 372, 373, 374, 375, 376, 377, 378, 379, 380, 381, 382, 383, 384, 385, 386, 387, 388, 389, 390, 391, 392, 393, 394, 395, 396, 397, 794, 795, 796, 797, 798, 799, 800, 801, 802, 803, 804, 805, 806, 807, 808, 809, 810, 811, 812, 813, 814, 815, 816, 817, 818, 819, 820, 821, 822, 823, 824, 825, 826, 827, 828, 829, 830, 831, 832, 833, 834, 835, 836, 837, 838, 839, 840, 841, 842, 843, 844, 845, 846, 847]","[89, 108, 172, 217, 221, 239, 264, 280, 321, 342, 343, 344, 345, 346, 349, 351, 352, 355, 357, 359, 364, 368, 371, 372, 373, 374, 376, 377, 387, 392, 393, 403, 409, 411, 414, 424, 430, 449, 454, 470, 480, 560, 584, 643, 685, 703, 724, 739, 779, 798, 799, 800, 801, 804, 806, 807, 810, 812, 814, 816, 821, 822, 823, 824, 826, 827, 837, 842, 843, 852, 859, 862, 865, 869, 876, 882, 897, 901, 917, 932]","[15, 16, 65, 66, 67, 68, 69, 70, 71, 72, 73, 74, 75, 76, 80, 151, 245, 246, 247, 248, 249, 250, 251, 252, 253, 254, 255, 256, 257, 258, 259, 280, 340, 373, 374, 375, 376, 377, 459, 460, 461, 462, 500, 501, 539, 540, 541, 542, 543, 544, 545, 546, 547, 548, 549, 550, 552, 622, 708, 709, 710, 711, 712, 713, 714, 715, 716, 717, 718, 719, 720, 739, 796, 823, 824, 825, 826, 827, 906, 907, 908, 909]","[15, 16, 65, 66, 67, 68, 69, 70, 71, 72, 73, 74, 75, 76, 77, 78, 80, 151, 244, 245, 246, 247, 248, 249, 250, 251, 252, 253, 254, 255, 256, 257, 258, 259, 260, 280, 340, 356, 373, 374, 375, 376, 377, 459, 460, 461, 462, 500, 501, 539, 540, 541, 542, 543, 544, 545, 546, 547, 548, 549, 550, 552, 622, 708, 709, 710, 711, 712, 713, 714, 715, 716, 717, 718, 719, 720, 739, 796, 811, 823, 824, 825, 826, 827, 906, 907, 908, 909]","[15, 16, 876, 539, 540, 541, 542, 543, 544, 545, 546, 547, 548, 549, 550, 552, 560, 65, 66, 67, 68, 69, 70, 71, 584, 72, 73, 74, 75, 76, 77, 78, 321, 80, 89, 108, 622, 643, 151, 674, 172, 685, 882, 689, 703, 852, 708, 709, 710, 711, 712, 713, 714, 715, 204, 716, 717, 718, 719, 720, 724, 217, 219, 221, 225, 859, 739, 239, 862, 244, 245, 246, 247, 248, 249, 250, 251, 252, 253, 254, 255, 256, 865, 257, 258, 259, 260, 264, 779, 869, 280, 794, 795, 796, 797, 798, 799, 800, 801, 802, 803, 804, 805, 806, 807, 808, 809, 810, 811, 812, 813, 814, 815, 816, 817, 818, 819, 820, 821, 822, 823, 824, 825, 826, 827, 828, 829, 830, 831, 832, 833, 834, 835, 836, 837, 838, 839, 840, 841, 842, 843, 844, 845, 846, 847, 338, 339, 340, 341, 342, 343, 344, 345, 346, 347, 348, 349, 350, 351, 352, 353, 354, 355, 356, 357, 358, 359, 360, 361, 362, 363, 364, 365, 366, 367, 368, 369, 370, 371, 372, 373, 374, 375, 376, 377, 378, 379, 380, 381, 382, 383, 384, 385, 386, 387, 388, 389, 390, 391, 392, 393, 394, 395, 396, 397, 901, 906, 907, 908, 909, 403, 917, 409, 411, 414, 897, 932, 424, 430, 449, 454, 459, 460, 461, 462, 470, 480, 500, 501]",True,"[343, 355, 374, 799, 810, 824]","[338, 339, 340, 341, 342, 343, 344, 345, 346, 347, 348, 349, 350, 351, 352, 353, 354, 355, 356, 357, 358, 359, 360, 361, 362, 363, 364, 365, 366, 367, 368, 369, 370, 371, 372, 373, 374, 375, 376, 377, 378, 379, 380, 381, 382, 383, 384, 385, 386, 387, 388, 389, 390, 391, 392, 393, 394, 395, 396, 397, 794, 795, 796, 797, 798, 799, 800, 801, 802, 803, 804, 805, 806, 807, 808, 809, 810, 811, 812, 813, 814, 815, 816, 817, 818, 819, 820, 821, 822, 823, 824, 825, 826, 827, 828, 829, 830, 831, 832, 833, 834, 835, 836, 837, 838, 839, 840, 841, 842, 843, 844, 845, 846, 847]","[343, 355, 374, 799, 810, 824]","[204, 219, 225, 249, 355, 367, 374, 674, 689, 712, 810, 818, 824]","[89, 108, 172, 217, 221, 239, 264, 280, 321, 342, 343, 344, 345, 346, 349, 351, 352, 355, 357, 359, 364, 368, 371, 372, 373, 374, 376, 377, 387, 392, 393, 403, 409, 411, 414, 424, 430, 449, 454, 470, 480, 560, 584, 643, 685, 703, 724, 739, 779, 798, 799, 800, 801, 804, 806, 807, 810, 812, 814, 816, 821, 822, 823, 824, 826, 827, 837, 842, 843, 852, 859, 862, 865, 869, 876, 882, 897, 901, 917, 932]","[15, 16, 65, 66, 67, 68, 69, 70, 71, 72, 73, 74, 75, 76, 77, 78, 80, 151, 244, 245, 246, 247, 248, 249, 250, 251, 252, 253, 254, 255, 256, 257, 258, 259, 260, 280, 340, 356, 373, 374, 375, 376, 377, 459, 460, 461, 462, 500, 501, 539, 540, 541, 542, 543, 544, 545, 546, 547, 548, 549, 550, 552, 622, 708, 709, 710, 711, 712, 713, 714, 715, 716, 717, 718, 719, 720, 739, 796, 811, 823, 824, 825, 826, 827, 906, 907, 908, 909]","[15, 16, 65, 66, 67, 68, 69, 70, 71, 72, 73, 74, 75, 76, 80, 151, 245, 246, 247, 248, 249, 250, 251, 252, 253, 254, 255, 256, 257, 258, 259, 280, 340, 373, 374, 375, 376, 377, 459, 460, 461, 462, 500, 501, 539, 540, 541, 542, 543, 544, 545, 546, 547, 548, 549, 550, 552, 622, 708, 709, 710, 711, 712, 713, 714, 715, 716, 717, 718, 719, 720, 739, 796, 823, 824, 825, 826, 827, 906, 907, 908, 909]",7/6 successful match,True,[253],True,232,False,,1.0,True,Pilot Travel Center # 340,Pilot
D Fernley ( 89408 ) Pilot Travel Center # 340 of town ),775-575-5115 I-80 Exit 46 ( US 95 A ),pilot 24 024,Fernley,89408,Pilot Travel Center # 340 of town ),775-575-5115,2016,Fernley,NV,Pilot,( US 95 A ),I-80 Exit 46 ,Exit,46,False,,False,I-80,,,,,"[824, 374]","[343, 355, 374, 799, 810, 824]","[343, 355, 374, 799, 810, 824]","[204, 219, 225, 249, 355, 367, 374, 674, 689, 712, 810, 818, 824]","[338, 339, 340, 341, 342, 343, 344, 345, 346, 347, 348, 349, 350, 351, 352, 353, 354, 355, 356, 357, 358, 359, 360, 361, 362, 363, 364, 365, 366, 367, 368, 369, 370, 371, 372, 373, 374, 375, 376, 377, 378, 379, 380, 381, 382, 383, 384, 385, 386, 387, 388, 389, 390, 391, 392, 393, 394, 395, 396, 397, 794, 795, 796, 797, 798, 799, 800, 801, 802, 803, 804, 805, 806, 807, 808, 809, 810, 811, 812, 813, 814, 815, 816, 817, 818, 819, 820, 821, 822, 823, 824, 825, 826, 827, 828, 829, 830, 831, 832, 833, 834, 835, 836, 837, 838, 839, 840, 841, 842, 843, 844, 845, 846, 847]","[89, 108, 172, 217, 221, 239, 264, 280, 321, 342, 343, 344, 345, 346, 349, 351, 352, 355, 357, 359, 364, 368, 371, 372, 373, 374, 376, 377, 387, 392, 393, 403, 409, 411, 414, 424, 430, 449, 454, 470, 480, 560, 584, 643, 685, 703, 724, 739, 779, 798, 799, 800, 801, 804, 806, 807, 810, 812, 814, 816, 821, 822, 823, 824, 826, 827, 837, 842, 843, 852, 859, 862, 865, 869, 876, 882, 897, 901, 917, 932]","[15, 16, 65, 66, 67, 68, 69, 70, 71, 72, 73, 74, 75, 76, 80, 151, 245, 246, 247, 248, 249, 250, 251, 252, 253, 254, 255, 256, 257, 258, 259, 280, 340, 373, 374, 375, 376, 377, 459, 460, 461, 462, 500, 501, 539, 540, 541, 542, 543, 544, 545, 546, 547, 548, 549, 550, 552, 622, 708, 709, 710, 711, 712, 713, 714, 715, 716, 717, 718, 719, 720, 739, 796, 823, 824, 825, 826, 827, 906, 907, 908, 909]","[15, 16, 65, 66, 67, 68, 69, 70, 71, 72, 73, 74, 75, 76, 77, 78, 80, 151, 244, 245, 246, 247, 248, 249, 250, 251, 252, 253, 254, 255, 256, 257, 258, 259, 260, 280, 340, 356, 373, 374, 375, 376, 377, 459, 460, 461, 462, 500, 501, 539, 540, 541, 542, 543, 544, 545, 546, 547, 548, 549, 550, 552, 622, 708, 709, 710, 711, 712, 713, 714, 715, 716, 717, 718, 719, 720, 739, 796, 811, 823, 824, 825, 826, 827, 906, 907, 908, 909]","[15, 16, 876, 539, 540, 541, 542, 543, 544, 545, 546, 547, 548, 549, 550, 552, 560, 65, 66, 67, 68, 69, 70, 71, 584, 72, 73, 74, 75, 76, 77, 78, 321, 80, 89, 108, 622, 643, 151, 674, 172, 685, 882, 689, 703, 852, 708, 709, 710, 711, 712, 713, 714, 715, 204, 716, 717, 718, 719, 720, 724, 217, 219, 221, 225, 859, 739, 239, 862, 244, 245, 246, 247, 248, 249, 250, 251, 252, 253, 254, 255, 256, 865, 257, 258, 259, 260, 264, 779, 869, 280, 794, 795, 796, 797, 798, 799, 800, 801, 802, 803, 804, 805, 806, 807, 808, 809, 810, 811, 812, 813, 814, 815, 816, 817, 818, 819, 820, 821, 822, 823, 824, 825, 826, 827, 828, 829, 830, 831, 832, 833, 834, 835, 836, 837, 838, 839, 840, 841, 842, 843, 844, 845, 846, 847, 338, 339, 340, 341, 342, 343, 344, 345, 346, 347, 348, 349, 350, 351, 352, 353, 354, 355, 356, 357, 358, 359, 360, 361, 362, 363, 364, 365, 366, 367, 368, 369, 370, 371, 372, 373, 374, 375, 376, 377, 378, 379, 380, 381, 382, 383, 384, 385, 386, 387, 388, 389, 390, 391, 392, 393, 394, 395, 396, 397, 901, 906, 907, 908, 909, 403, 917, 409, 411, 414, 897, 932, 424, 430, 449, 454, 459, 460, 461, 462, 470, 480, 500, 501]",True,"[343, 355, 374, 799, 810, 824]","[338, 339, 340, 341, 342, 343, 344, 345, 346, 347, 348, 349, 350, 351, 352, 353, 354, 355, 356, 357, 358, 359, 360, 361, 362, 363, 364, 365, 366, 367, 368, 369, 370, 371, 372, 373, 374, 375, 376, 377, 378, 379, 380, 381, 382, 383, 384, 385, 386, 387, 388, 389, 390, 391, 392, 393, 394, 395, 396, 397, 794, 795, 796, 797, 798, 799, 800, 801, 802, 803, 804, 805, 806, 807, 808, 809, 810, 811, 812, 813, 814, 815, 816, 817, 818, 819, 820, 821, 822, 823, 824, 825, 826, 827, 828, 829, 830, 831, 832, 833, 834, 835, 836, 837, 838, 839, 840, 841, 842, 843, 844, 845, 846, 847]","[343, 355, 374, 799, 810, 824]","[204, 219, 225, 249, 355, 367, 374, 674, 689, 712, 810, 818, 824]","[89, 108, 172, 217, 221, 239, 264, 280, 321, 342, 343, 344, 345, 346, 349, 351, 352, 355, 357, 359, 364, 368, 371, 372, 373, 374, 376, 377, 387, 392, 393, 403, 409, 411, 414, 424, 430, 449, 454, 470, 480, 560, 584, 643, 685, 703, 724, 739, 779, 798, 799, 800, 801, 804, 806, 807, 810, 812, 814, 816, 821, 822, 823, 824, 826, 827, 837, 842, 843, 852, 859, 862, 865, 869, 876, 882, 897, 901, 917, 932]","[15, 16, 65, 66, 67, 68, 69, 70, 71, 72, 73, 74, 75, 76, 77, 78, 80, 151, 244, 245, 246, 247, 248, 249, 250, 251, 252, 253, 254, 255, 256, 257, 258, 259, 260, 280, 340, 356, 373, 374, 375, 376, 377, 459, 460, 461, 462, 500, 501, 539, 540, 541, 542, 543, 544, 545, 546, 547, 548, 549, 550, 552, 622, 708, 709, 710, 711, 712, 713, 714, 715, 716, 717, 718, 719, 720, 739, 796, 811, 823, 824, 825, 826, 827, 906, 907, 908, 909]","[15, 16, 65, 66, 67, 68, 69, 70, 71, 72, 73, 74, 75, 76, 80, 151, 245, 246, 247, 248, 249, 250, 251, 252, 253, 254, 255, 256, 257, 258, 259, 280, 340, 373, 374, 375, 376, 377, 459, 460, 461, 462, 500, 501, 539, 540, 541, 542, 543, 544, 545, 546, 547, 548, 549, 550, 552, 622, 708, 709, 710, 711, 712, 713, 714, 715, 716, 717, 718, 719, 720, 739, 796, 823, 824, 825, 826, 827, 906, 907, 908, 909]",7/6 successful match,True,[253],True,232,False,,1.0,True,Pilot Travel Center # 340 ),Pilot
"F Hawthorne , 89415 Hawthorne Shell",775-945-4664 1075 US 95,M,Hawthorne,89415,Hawthorne Shell,775-945-4664,2006,Hawthorne,NV,Shell,,1075 US 95,Proper,,False,,False,US 95,,,,,"[809, 354]","[348, 354, 803, 809]","[348, 354, 803, 809]",[],"[338, 339, 340, 341, 342, 343, 344, 345, 346, 347, 348, 349, 350, 351, 352, 353, 354, 355, 356, 357, 358, 359, 360, 361, 362, 363, 364, 365, 366, 367, 368, 369, 370, 371, 372, 373, 374, 375, 376, 377, 378, 379, 380, 381, 382, 383, 384, 385, 386, 387, 388, 389, 390, 391, 392, 393, 394, 395, 396, 397, 794, 795, 796, 797, 798, 799, 800, 801, 802, 803, 804, 805, 806, 807, 808, 809, 810, 811, 812, 813, 814, 815, 816, 817, 818, 819, 820, 821, 822, 823, 824, 825, 826, 827, 828, 829, 830, 831, 832, 833, 834, 835, 836, 837, 838, 839, 840, 841, 842, 843, 844, 845, 846, 847]","[8, 43, 71, 84, 86, 339, 348, 354, 360, 369, 382, 383, 384, 389, 390, 523, 546, 555, 557, 795, 803, 809, 819, 832, 833, 834, 839, 840]","[1, 13, 14, 29, 54, 55, 56, 57, 58, 60, 102, 118, 125, 127, 130, 134, 146, 149, 153, 175, 182, 187, 189, 191, 197, 225, 230, 238, 264, 265, 266, 286, 302, 317, 336, 379, 388, 389, 425, 454, 458, 463, 475, 487, 498, 499, 512, 530, 531, 532, 533, 534, 536, 573, 589, 596, 598, 601, 605, 617, 620, 624, 646, 653, 658, 660, 662, 668, 689, 694, 702, 724, 725, 745, 760, 775, 793, 829, 838, 839, 877, 901, 903, 905, 910, 923]","[1, 13, 14, 29, 54, 55, 56, 57, 58, 60, 102, 118, 125, 127, 130, 134, 146, 149, 153, 175, 182, 187, 189, 191, 197, 225, 230, 238, 264, 265, 266, 286, 302, 317, 336, 354, 379, 388, 389, 425, 454, 458, 463, 475, 487, 498, 499, 512, 530, 531, 532, 533, 534, 536, 573, 589, 596, 598, 601, 605, 617, 620, 624, 646, 653, 658, 660, 662, 668, 689, 694, 702, 724, 725, 745, 760, 775, 793, 809, 829, 838, 839, 877, 901, 903, 905, 910, 923]","[512, 1, 8, 523, 13, 14, 530, 531, 532, 533, 534, 536, 29, 546, 43, 555, 557, 877, 54, 55, 56, 57, 58, 317, 60, 573, 71, 589, 84, 596, 86, 598, 601, 605, 102, 617, 620, 624, 118, 125, 127, 130, 134, 646, 653, 146, 658, 660, 149, 662, 153, 668, 175, 689, 182, 694, 187, 189, 702, 191, 197, 724, 725, 225, 230, 745, 238, 760, 775, 264, 265, 266, 793, 794, 795, 796, 797, 798, 799, 800, 801, 802, 803, 804, 805, 806, 807, 808, 809, 810, 811, 812, 813, 814, 815, 816, 817, 818, 819, 820, 821, 822, 823, 824, 825, 826, 827, 828, 829, 830, 831, 832, 833, 834, 835, 836, 837, 838, 839, 840, 841, 842, 843, 844, 845, 846, 847, 336, 338, 339, 340, 341, 342, 343, 344, 345, 346, 347, 348, 349, 350, 351, 352, 353, 354, 355, 356, 357, 358, 359, 360, 361, 362, 363, 364, 365, 366, 367, 368, 369, 370, 371, 372, 373, 374, 375, 376, 377, 378, 379, 380, 381, 382, 383, 384, 385, 386, 387, 388, 389, 390, 391, 392, 393, 394, 395, 396, 397, 901, 903, 905, 910, 923, 286, 425, 454, 458, 463, 475, 487, 302, 498, 499]",True,"[348, 354, 803, 809]","[338, 339, 340, 341, 342, 343, 344, 345, 346, 347, 348, 349, 350, 351, 352, 353, 354, 355, 356, 357, 358, 359, 360, 361, 362, 363, 364, 365, 366, 367, 368, 369, 370, 371, 372, 373, 374, 375, 376, 377, 378, 379, 380, 381, 382, 383, 384, 385, 386, 387, 388, 389, 390, 391, 392, 393, 394, 395, 396, 397, 794, 795, 796, 797, 798, 799, 800, 801, 802, 803, 804, 805, 806, 807, 808, 809, 810, 811, 812, 813, 814, 815, 816, 817, 818, 819, 820, 821, 822, 823, 824, 825, 826, 827, 828, 829, 830, 831, 832, 833, 834, 835, 836, 837, 838, 839, 840, 841, 842, 843, 844, 845, 846, 847]","[348, 354, 803, 809]",[],"[8, 43, 71, 84, 86, 339, 348, 354, 360, 369, 382, 383, 384, 389, 390, 523, 546, 555, 557, 795, 803, 809, 819, 832, 833, 834, 839, 840]","[1, 13, 14, 29, 54, 55, 56, 57, 58, 60, 102, 118, 125, 127, 130, 134, 146, 149, 153, 175, 182, 187, 189, 191, 197, 225, 230, 238, 264, 265, 266, 286, 302, 317, 336, 354, 379, 388, 389, 425, 454, 458, 463, 475, 487, 498, 499, 512, 530, 531, 532, 533, 534, 536, 573, 589, 596, 598, 601, 605, 617, 620, 624, 646, 653, 658, 660, 662, 668, 689, 694, 702, 724, 725, 745, 760, 775, 793, 809, 829, 838, 839, 877, 901, 903, 905, 910, 923]","[1, 13, 14, 29, 54, 55, 56, 57, 58, 60, 102, 118, 125, 127, 130, 134, 146, 149, 153, 175, 182, 187, 189, 191, 197, 225, 230, 238, 264, 265, 266, 286, 302, 317, 336, 379, 388, 389, 425, 454, 458, 463, 475, 487, 498, 499, 512, 530, 531, 532, 533, 534, 536, 573, 589, 596, 598, 601, 605, 617, 620, 624, 646, 653, 658, 660, 662, 668, 689, 694, 702, 724, 725, 745, 760, 775, 793, 829, 838, 839, 877, 901, 903, 905, 910, 923]",6/6 successful match,True,[45],True,233,False,,,,,
"F Hawthorne , 89415 Hawthorne Shell",775-945-4664 1075 US 95,24 HRS 485 M,Hawthorne,89415,Hawthorne Shell,775-945-4664,2007,Hawthorne,NV,Shell,,1075 US 95,Proper,,False,,False,US 95,,,,,"[809, 354]","[348, 354, 803, 809]","[348, 354, 803, 809]",[],"[338, 339, 340, 341, 342, 343, 344, 345, 346, 347, 348, 349, 350, 351, 352, 353, 354, 355, 356, 357, 358, 359, 360, 361, 362, 363, 364, 365, 366, 367, 368, 369, 370, 371, 372, 373, 374, 375, 376, 377, 378, 379, 380, 381, 382, 383, 384, 385, 386, 387, 388, 389, 390, 391, 392, 393, 394, 395, 396, 397, 794, 795, 796, 797, 798, 799, 800, 801, 802, 803, 804, 805, 806, 807, 808, 809, 810, 811, 812, 813, 814, 815, 816, 817, 818, 819, 820, 821, 822, 823, 824, 825, 826, 827, 828, 829, 830, 831, 832, 833, 834, 835, 836, 837, 838, 839, 840, 841, 842, 843, 844, 845, 846, 847]","[8, 43, 71, 84, 86, 339, 348, 354, 360, 369, 382, 383, 384, 389, 390, 523, 546, 555, 557, 795, 803, 809, 819, 832, 833, 834, 839, 840]","[1, 13, 14, 29, 54, 55, 56, 57, 58, 60, 102, 118, 125, 127, 130, 134, 146, 149, 153, 175, 182, 187, 189, 191, 197, 225, 230, 238, 264, 265, 266, 286, 302, 317, 336, 379, 388, 389, 425, 454, 458, 463, 475, 487, 498, 499, 512, 530, 531, 532, 533, 534, 536, 573, 589, 596, 598, 601, 605, 617, 620, 624, 646, 653, 658, 660, 662, 668, 689, 694, 702, 724, 725, 745, 760, 775, 793, 829, 838, 839, 877, 901, 903, 905, 910, 923]","[1, 13, 14, 29, 54, 55, 56, 57, 58, 60, 102, 118, 125, 127, 130, 134, 146, 149, 153, 175, 182, 187, 189, 191, 197, 225, 230, 238, 264, 265, 266, 286, 302, 317, 336, 354, 379, 388, 389, 425, 454, 458, 463, 475, 487, 498, 499, 512, 530, 531, 532, 533, 534, 536, 573, 589, 596, 598, 601, 605, 617, 620, 624, 646, 653, 658, 660, 662, 668, 689, 694, 702, 724, 725, 745, 760, 775, 793, 809, 829, 838, 839, 877, 901, 903, 905, 910, 923]","[512, 1, 8, 523, 13, 14, 530, 531, 532, 533, 534, 536, 29, 546, 43, 555, 557, 877, 54, 55, 56, 57, 58, 317, 60, 573, 71, 589, 84, 596, 86, 598, 601, 605, 102, 617, 620, 624, 118, 125, 127, 130, 134, 646, 653, 146, 658, 660, 149, 662, 153, 668, 175, 689, 182, 694, 187, 189, 702, 191, 197, 724, 725, 225, 230, 745, 238, 760, 775, 264, 265, 266, 793, 794, 795, 796, 797, 798, 799, 800, 801, 802, 803, 804, 805, 806, 807, 808, 809, 810, 811, 812, 813, 814, 815, 816, 817, 818, 819, 820, 821, 822, 823, 824, 825, 826, 827, 828, 829, 830, 831, 832, 833, 834, 835, 836, 837, 838, 839, 840, 841, 842, 843, 844, 845, 846, 847, 336, 338, 339, 340, 341, 342, 343, 344, 345, 346, 347, 348, 349, 350, 351, 352, 353, 354, 355, 356, 357, 358, 359, 360, 361, 362, 363, 364, 365, 366, 367, 368, 369, 370, 371, 372, 373, 374, 375, 376, 377, 378, 379, 380, 381, 382, 383, 384, 385, 386, 387, 388, 389, 390, 391, 392, 393, 394, 395, 396, 397, 901, 903, 905, 910, 923, 286, 425, 454, 458, 463, 475, 487, 302, 498, 499]",True,"[348, 354, 803, 809]","[338, 339, 340, 341, 342, 343, 344, 345, 346, 347, 348, 349, 350, 351, 352, 353, 354, 355, 356, 357, 358, 359, 360, 361, 362, 363, 364, 365, 366, 367, 368, 369, 370, 371, 372, 373, 374, 375, 376, 377, 378, 379, 380, 381, 382, 383, 384, 385, 386, 387, 388, 389, 390, 391, 392, 393, 394, 395, 396, 397, 794, 795, 796, 797, 798, 799, 800, 801, 802, 803, 804, 805, 806, 807, 808, 809, 810, 811, 812, 813, 814, 815, 816, 817, 818, 819, 820, 821, 822, 823, 824, 825, 826, 827, 828, 829, 830, 831, 832, 833, 834, 835, 836, 837, 838, 839, 840, 841, 842, 843, 844, 845, 846, 847]","[348, 354, 803, 809]",[],"[8, 43, 71, 84, 86, 339, 348, 354, 360, 369, 382, 383, 384, 389, 390, 523, 546, 555, 557, 795, 803, 809, 819, 832, 833, 834, 839, 840]","[1, 13, 14, 29, 54, 55, 56, 57, 58, 60, 102, 118, 125, 127, 130, 134, 146, 149, 153, 175, 182, 187, 189, 191, 197, 225, 230, 238, 264, 265, 266, 286, 302, 317, 336, 354, 379, 388, 389, 425, 454, 458, 463, 475, 487, 498, 499, 512, 530, 531, 532, 533, 534, 536, 573, 589, 596, 598, 601, 605, 617, 620, 624, 646, 653, 658, 660, 662, 668, 689, 694, 702, 724, 725, 745, 760, 775, 793, 809, 829, 838, 839, 877, 901, 903, 905, 910, 923]","[1, 13, 14, 29, 54, 55, 56, 57, 58, 60, 102, 118, 125, 127, 130, 134, 146, 149, 153, 175, 182, 187, 189, 191, 197, 225, 230, 238, 264, 265, 266, 286, 302, 317, 336, 379, 388, 389, 425, 454, 458, 463, 475, 487, 498, 499, 512, 530, 531, 532, 533, 534, 536, 573, 589, 596, 598, 601, 605, 617, 620, 624, 646, 653, 658, 660, 662, 668, 689, 694, 702, 724, 725, 745, 760, 775, 793, 829, 838, 839, 877, 901, 903, 905, 910, 923]",6/6 successful match,True,[45],True,233,False,,1.0,True,Hawthorne Shell,Shell
"F Hawthorne , 89415 Hawthorne Shell",775-945-4664 1075 US 95,HRS 24 M <U+2610> <U+2610>,Hawthorne,89415,Hawthorne Shell,775-945-4664,2008,Hawthorne,NV,Shell,,1075 US 95,Proper,,False,,False,US 95,,,,,"[809, 354]","[348, 354, 803, 809]","[348, 354, 803, 809]",[],"[338, 339, 340, 341, 342, 343, 344, 345, 346, 347, 348, 349, 350, 351, 352, 353, 354, 355, 356, 357, 358, 359, 360, 361, 362, 363, 364, 365, 366, 367, 368, 369, 370, 371, 372, 373, 374, 375, 376, 377, 378, 379, 380, 381, 382, 383, 384, 385, 386, 387, 388, 389, 390, 391, 392, 393, 394, 395, 396, 397, 794, 795, 796, 797, 798, 799, 800, 801, 802, 803, 804, 805, 806, 807, 808, 809, 810, 811, 812, 813, 814, 815, 816, 817, 818, 819, 820, 821, 822, 823, 824, 825, 826, 827, 828, 829, 830, 831, 832, 833, 834, 835, 836, 837, 838, 839, 840, 841, 842, 843, 844, 845, 846, 847]","[8, 43, 71, 84, 86, 339, 348, 354, 360, 369, 382, 383, 384, 389, 390, 523, 546, 555, 557, 795, 803, 809, 819, 832, 833, 834, 839, 840]","[1, 13, 14, 29, 54, 55, 56, 57, 58, 60, 102, 118, 125, 127, 130, 134, 146, 149, 153, 175, 182, 187, 189, 191, 197, 225, 230, 238, 264, 265, 266, 286, 302, 317, 336, 379, 388, 389, 425, 454, 458, 463, 475, 487, 498, 499, 512, 530, 531, 532, 533, 534, 536, 573, 589, 596, 598, 601, 605, 617, 620, 624, 646, 653, 658, 660, 662, 668, 689, 694, 702, 724, 725, 745, 760, 775, 793, 829, 838, 839, 877, 901, 903, 905, 910, 923]","[1, 13, 14, 29, 54, 55, 56, 57, 58, 60, 102, 118, 125, 127, 130, 134, 146, 149, 153, 175, 182, 187, 189, 191, 197, 225, 230, 238, 264, 265, 266, 286, 302, 317, 336, 354, 379, 388, 389, 425, 454, 458, 463, 475, 487, 498, 499, 512, 530, 531, 532, 533, 534, 536, 573, 589, 596, 598, 601, 605, 617, 620, 624, 646, 653, 658, 660, 662, 668, 689, 694, 702, 724, 725, 745, 760, 775, 793, 809, 829, 838, 839, 877, 901, 903, 905, 910, 923]","[512, 1, 8, 523, 13, 14, 530, 531, 532, 533, 534, 536, 29, 546, 43, 555, 557, 877, 54, 55, 56, 57, 58, 317, 60, 573, 71, 589, 84, 596, 86, 598, 601, 605, 102, 617, 620, 624, 118, 125, 127, 130, 134, 646, 653, 146, 658, 660, 149, 662, 153, 668, 175, 689, 182, 694, 187, 189, 702, 191, 197, 724, 725, 225, 230, 745, 238, 760, 775, 264, 265, 266, 793, 794, 795, 796, 797, 798, 799, 800, 801, 802, 803, 804, 805, 806, 807, 808, 809, 810, 811, 812, 813, 814, 815, 816, 817, 818, 819, 820, 821, 822, 823, 824, 825, 826, 827, 828, 829, 830, 831, 832, 833, 834, 835, 836, 837, 838, 839, 840, 841, 842, 843, 844, 845, 846, 847, 336, 338, 339, 340, 341, 342, 343, 344, 345, 346, 347, 348, 349, 350, 351, 352, 353, 354, 355, 356, 357, 358, 359, 360, 361, 362, 363, 364, 365, 366, 367, 368, 369, 370, 371, 372, 373, 374, 375, 376, 377, 378, 379, 380, 381, 382, 383, 384, 385, 386, 387, 388, 389, 390, 391, 392, 393, 394, 395, 396, 397, 901, 903, 905, 910, 923, 286, 425, 454, 458, 463, 475, 487, 302, 498, 499]",True,"[348, 354, 803, 809]","[338, 339, 340, 341, 342, 343, 344, 345, 346, 347, 348, 349, 350, 351, 352, 353, 354, 355, 356, 357, 358, 359, 360, 361, 362, 363, 364, 365, 366, 367, 368, 369, 370, 371, 372, 373, 374, 375, 376, 377, 378, 379, 380, 381, 382, 383, 384, 385, 386, 387, 388, 389, 390, 391, 392, 393, 394, 395, 396, 397, 794, 795, 796, 797, 798, 799, 800, 801, 802, 803, 804, 805, 806, 807, 808, 809, 810, 811, 812, 813, 814, 815, 816, 817, 818, 819, 820, 821, 822, 823, 824, 825, 826, 827, 828, 829, 830, 831, 832, 833, 834, 835, 836, 837, 838, 839, 840, 841, 842, 843, 844, 845, 846, 847]","[348, 354, 803, 809]",[],"[8, 43, 71, 84, 86, 339, 348, 354, 360, 369, 382, 383, 384, 389, 390, 523, 546, 555, 557, 795, 803, 809, 819, 832, 833, 834, 839, 840]","[1, 13, 14, 29, 54, 55, 56, 57, 58, 60, 102, 118, 125, 127, 130, 134, 146, 149, 153, 175, 182, 187, 189, 191, 197, 225, 230, 238, 264, 265, 266, 286, 302, 317, 336, 354, 379, 388, 389, 425, 454, 458, 463, 475, 487, 498, 499, 512, 530, 531, 532, 533, 534, 536, 573, 589, 596, 598, 601, 605, 617, 620, 624, 646, 653, 658, 660, 662, 668, 689, 694, 702, 724, 725, 745, 760, 775, 793, 809, 829, 838, 839, 877, 901, 903, 905, 910, 923]","[1, 13, 14, 29, 54, 55, 56, 57, 58, 60, 102, 118, 125, 127, 130, 134, 146, 149, 153, 175, 182, 187, 189, 191, 197, 225, 230, 238, 264, 265, 266, 286, 302, 317, 336, 379, 388, 389, 425, 454, 458, 463, 475, 487, 498, 499, 512, 530, 531, 532, 533, 534, 536, 573, 589, 596, 598, 601, 605, 617, 620, 624, 646, 653, 658, 660, 662, 668, 689, 694, 702, 724, 725, 745, 760, 775, 793, 829, 838, 839, 877, 901, 903, 905, 910, 923]",6/6 successful match,True,[45],True,233,False,,1.0,True,Hawthorne Shell,Shell
Hawthorne ( 89415 ) Hawthorne Shell,775-945-4664 1075 US 95,24 M <U+2610> <U+25A1>,Hawthorne,89415,Hawthorne Shell,775-945-4664,2014,Hawthorne,NV,Shell,,1075 US 95,Proper,,False,,False,US 95,,,,,"[809, 354]","[348, 354, 803, 809]","[348, 354, 803, 809]",[],"[338, 339, 340, 341, 342, 343, 344, 345, 346, 347, 348, 349, 350, 351, 352, 353, 354, 355, 356, 357, 358, 359, 360, 361, 362, 363, 364, 365, 366, 367, 368, 369, 370, 371, 372, 373, 374, 375, 376, 377, 378, 379, 380, 381, 382, 383, 384, 385, 386, 387, 388, 389, 390, 391, 392, 393, 394, 395, 396, 397, 794, 795, 796, 797, 798, 799, 800, 801, 802, 803, 804, 805, 806, 807, 808, 809, 810, 811, 812, 813, 814, 815, 816, 817, 818, 819, 820, 821, 822, 823, 824, 825, 826, 827, 828, 829, 830, 831, 832, 833, 834, 835, 836, 837, 838, 839, 840, 841, 842, 843, 844, 845, 846, 847]","[8, 43, 71, 84, 86, 339, 348, 354, 360, 369, 382, 383, 384, 389, 390, 523, 546, 555, 557, 795, 803, 809, 819, 832, 833, 834, 839, 840]","[1, 13, 14, 29, 54, 55, 56, 57, 58, 60, 102, 118, 125, 127, 130, 134, 146, 149, 153, 175, 182, 187, 189, 191, 197, 225, 230, 238, 264, 265, 266, 286, 302, 317, 336, 379, 388, 389, 425, 454, 458, 463, 475, 487, 498, 499, 512, 530, 531, 532, 533, 534, 536, 573, 589, 596, 598, 601, 605, 617, 620, 624, 646, 653, 658, 660, 662, 668, 689, 694, 702, 724, 725, 745, 760, 775, 793, 829, 838, 839, 877, 901, 903, 905, 910, 923]","[1, 13, 14, 29, 54, 55, 56, 57, 58, 60, 102, 118, 125, 127, 130, 134, 146, 149, 153, 175, 182, 187, 189, 191, 197, 225, 230, 238, 264, 265, 266, 286, 302, 317, 336, 354, 379, 388, 389, 425, 454, 458, 463, 475, 487, 498, 499, 512, 530, 531, 532, 533, 534, 536, 573, 589, 596, 598, 601, 605, 617, 620, 624, 646, 653, 658, 660, 662, 668, 689, 694, 702, 724, 725, 745, 760, 775, 793, 809, 829, 838, 839, 877, 901, 903, 905, 910, 923]","[512, 1, 8, 523, 13, 14, 530, 531, 532, 533, 534, 536, 29, 546, 43, 555, 557, 877, 54, 55, 56, 57, 58, 317, 60, 573, 71, 589, 84, 596, 86, 598, 601, 605, 102, 617, 620, 624, 118, 125, 127, 130, 134, 646, 653, 146, 658, 660, 149, 662, 153, 668, 175, 689, 182, 694, 187, 189, 702, 191, 197, 724, 725, 225, 230, 745, 238, 760, 775, 264, 265, 266, 793, 794, 795, 796, 797, 798, 799, 800, 801, 802, 803, 804, 805, 806, 807, 808, 809, 810, 811, 812, 813, 814, 815, 816, 817, 818, 819, 820, 821, 822, 823, 824, 825, 826, 827, 828, 829, 830, 831, 832, 833, 834, 835, 836, 837, 838, 839, 840, 841, 842, 843, 844, 845, 846, 847, 336, 338, 339, 340, 341, 342, 343, 344, 345, 346, 347, 348, 349, 350, 351, 352, 353, 354, 355, 356, 357, 358, 359, 360, 361, 362, 363, 364, 365, 366, 367, 368, 369, 370, 371, 372, 373, 374, 375, 376, 377, 378, 379, 380, 381, 382, 383, 384, 385, 386, 387, 388, 389, 390, 391, 392, 393, 394, 395, 396, 397, 901, 903, 905, 910, 923, 286, 425, 454, 458, 463, 475, 487, 302, 498, 499]",True,"[348, 354, 803, 809]","[338, 339, 340, 341, 342, 343, 344, 345, 346, 347, 348, 349, 350, 351, 352, 353, 354, 355, 356, 357, 358, 359, 360, 361, 362, 363, 364, 365, 366, 367, 368, 369, 370, 371, 372, 373, 374, 375, 376, 377, 378, 379, 380, 381, 382, 383, 384, 385, 386, 387, 388, 389, 390, 391, 392, 393, 394, 395, 396, 397, 794, 795, 796, 797, 798, 799, 800, 801, 802, 803, 804, 805, 806, 807, 808, 809, 810, 811, 812, 813, 814, 815, 816, 817, 818, 819, 820, 821, 822, 823, 824, 825, 826, 827, 828, 829, 830, 831, 832, 833, 834, 835, 836, 837, 838, 839, 840, 841, 842, 843, 844, 845, 846, 847]","[348, 354, 803, 809]",[],"[8, 43, 71, 84, 86, 339, 348, 354, 360, 369, 382, 383, 384, 389, 390, 523, 546, 555, 557, 795, 803, 809, 819, 832, 833, 834, 839, 840]","[1, 13, 14, 29, 54, 55, 56, 57, 58, 60, 102, 118, 125, 127, 130, 134, 146, 149, 153, 175, 182, 187, 189, 191, 197, 225, 230, 238, 264, 265, 266, 286, 302, 317, 336, 354, 379, 388, 389, 425, 454, 458, 463, 475, 487, 498, 499, 512, 530, 531, 532, 533, 534, 536, 573, 589, 596, 598, 601, 605, 617, 620, 624, 646, 653, 658, 660, 662, 668, 689, 694, 702, 724, 725, 745, 760, 775, 793, 809, 829, 838, 839, 877, 901, 903, 905, 910, 923]","[1, 13, 14, 29, 54, 55, 56, 57, 58, 60, 102, 118, 125, 127, 130, 134, 146, 149, 153, 175, 182, 187, 189, 191, 197, 225, 230, 238, 264, 265, 266, 286, 302, 317, 336, 379, 388, 389, 425, 454, 458, 463, 475, 487, 498, 499, 512, 530, 531, 532, 533, 534, 536, 573, 589, 596, 598, 601, 605, 617, 620, 624, 646, 653, 658, 660, 662, 668, 689, 694, 702, 724, 725, 745, 760, 775, 793, 829, 838, 839, 877, 901, 903, 905, 910, 923]",6/6 successful match,True,[45],True,233,False,,1.0,True,Hawthorne Shell,Shell
Hawthorne ( 89415 ) Hawthorne Shell,775-945-4664 1075 US 95,24 M,Hawthorne,89415,Hawthorne Shell,775-945-4664,2015,Hawthorne,NV,Shell,,1075 US 95,Proper,,False,,False,US 95,,,,,"[809, 354]","[348, 354, 803, 809]","[348, 354, 803, 809]",[],"[338, 339, 340, 341, 342, 343, 344, 345, 346, 347, 348, 349, 350, 351, 352, 353, 354, 355, 356, 357, 358, 359, 360, 361, 362, 363, 364, 365, 366, 367, 368, 369, 370, 371, 372, 373, 374, 375, 376, 377, 378, 379, 380, 381, 382, 383, 384, 385, 386, 387, 388, 389, 390, 391, 392, 393, 394, 395, 396, 397, 794, 795, 796, 797, 798, 799, 800, 801, 802, 803, 804, 805, 806, 807, 808, 809, 810, 811, 812, 813, 814, 815, 816, 817, 818, 819, 820, 821, 822, 823, 824, 825, 826, 827, 828, 829, 830, 831, 832, 833, 834, 835, 836, 837, 838, 839, 840, 841, 842, 843, 844, 845, 846, 847]","[8, 43, 71, 84, 86, 339, 348, 354, 360, 369, 382, 383, 384, 389, 390, 523, 546, 555, 557, 795, 803, 809, 819, 832, 833, 834, 839, 840]","[1, 13, 14, 29, 54, 55, 56, 57, 58, 60, 102, 118, 125, 127, 130, 134, 146, 149, 153, 175, 182, 187, 189, 191, 197, 225, 230, 238, 264, 265, 266, 286, 302, 317, 336, 379, 388, 389, 425, 454, 458, 463, 475, 487, 498, 499, 512, 530, 531, 532, 533, 534, 536, 573, 589, 596, 598, 601, 605, 617, 620, 624, 646, 653, 658, 660, 662, 668, 689, 694, 702, 724, 725, 745, 760, 775, 793, 829, 838, 839, 877, 901, 903, 905, 910, 923]","[1, 13, 14, 29, 54, 55, 56, 57, 58, 60, 102, 118, 125, 127, 130, 134, 146, 149, 153, 175, 182, 187, 189, 191, 197, 225, 230, 238, 264, 265, 266, 286, 302, 317, 336, 354, 379, 388, 389, 425, 454, 458, 463, 475, 487, 498, 499, 512, 530, 531, 532, 533, 534, 536, 573, 589, 596, 598, 601, 605, 617, 620, 624, 646, 653, 658, 660, 662, 668, 689, 694, 702, 724, 725, 745, 760, 775, 793, 809, 829, 838, 839, 877, 901, 903, 905, 910, 923]","[512, 1, 8, 523, 13, 14, 530, 531, 532, 533, 534, 536, 29, 546, 43, 555, 557, 877, 54, 55, 56, 57, 58, 317, 60, 573, 71, 589, 84, 596, 86, 598, 601, 605, 102, 617, 620, 624, 118, 125, 127, 130, 134, 646, 653, 146, 658, 660, 149, 662, 153, 668, 175, 689, 182, 694, 187, 189, 702, 191, 197, 724, 725, 225, 230, 745, 238, 760, 775, 264, 265, 266, 793, 794, 795, 796, 797, 798, 799, 800, 801, 802, 803, 804, 805, 806, 807, 808, 809, 810, 811, 812, 813, 814, 815, 816, 817, 818, 819, 820, 821, 822, 823, 824, 825, 826, 827, 828, 829, 830, 831, 832, 833, 834, 835, 836, 837, 838, 839, 840, 841, 842, 843, 844, 845, 846, 847, 336, 338, 339, 340, 341, 342, 343, 344, 345, 346, 347, 348, 349, 350, 351, 352, 353, 354, 355, 356, 357, 358, 359, 360, 361, 362, 363, 364, 365, 366, 367, 368, 369, 370, 371, 372, 373, 374, 375, 376, 377, 378, 379, 380, 381, 382, 383, 384, 385, 386, 387, 388, 389, 390, 391, 392, 393, 394, 395, 396, 397, 901, 903, 905, 910, 923, 286, 425, 454, 458, 463, 475, 487, 302, 498, 499]",True,"[348, 354, 803, 809]","[338, 339, 340, 341, 342, 343, 344, 345, 346, 347, 348, 349, 350, 351, 352, 353, 354, 355, 356, 357, 358, 359, 360, 361, 362, 363, 364, 365, 366, 367, 368, 369, 370, 371, 372, 373, 374, 375, 376, 377, 378, 379, 380, 381, 382, 383, 384, 385, 386, 387, 388, 389, 390, 391, 392, 393, 394, 395, 396, 397, 794, 795, 796, 797, 798, 799, 800, 801, 802, 803, 804, 805, 806, 807, 808, 809, 810, 811, 812, 813, 814, 815, 816, 817, 818, 819, 820, 821, 822, 823, 824, 825, 826, 827, 828, 829, 830, 831, 832, 833, 834, 835, 836, 837, 838, 839, 840, 841, 842, 843, 844, 845, 846, 847]","[348, 354, 803, 809]",[],"[8, 43, 71, 84, 86, 339, 348, 354, 360, 369, 382, 383, 384, 389, 390, 523, 546, 555, 557, 795, 803, 809, 819, 832, 833, 834, 839, 840]","[1, 13, 14, 29, 54, 55, 56, 57, 58, 60, 102, 118, 125, 127, 130, 134, 146, 149, 153, 175, 182, 187, 189, 191, 197, 225, 230, 238, 264, 265, 266, 286, 302, 317, 336, 354, 379, 388, 389, 425, 454, 458, 463, 475, 487, 498, 499, 512, 530, 531, 532, 533, 534, 536, 573, 589, 596, 598, 601, 605, 617, 620, 624, 646, 653, 658, 660, 662, 668, 689, 694, 702, 724, 725, 745, 760, 775, 793, 809, 829, 838, 839, 877, 901, 903, 905, 910, 923]","[1, 13, 14, 29, 54, 55, 56, 57, 58, 60, 102, 118, 125, 127, 130, 134, 146, 149, 153, 175, 182, 187, 189, 191, 197, 225, 230, 238, 264, 265, 266, 286, 302, 317, 336, 379, 388, 389, 425, 454, 458, 463, 475, 487, 498, 499, 512, 530, 531, 532, 533, 534, 536, 573, 589, 596, 598, 601, 605, 617, 620, 624, 646, 653, 658, 660, 662, 668, 689, 694, 702, 724, 725, 745, 760, 775, 793, 829, 838, 839, 877, 901, 903, 905, 910, 923]",6/6 successful match,True,[45],True,233,False,,1.0,True,Hawthorne Shell,Shell
Hawthorne ( 89415 ) Hawthorne 48 Shell,775-945-4664 1075 US 95,24 M D DO,Hawthorne,89415,Hawthorne 48 Shell,775-945-4664,2016,Hawthorne,NV,Shell,,1075 US 95,Proper,,False,,False,US 95,,,,,"[809, 354]","[348, 354, 803, 809]","[348, 354, 803, 809]",[],"[338, 339, 340, 341, 342, 343, 344, 345, 346, 347, 348, 349, 350, 351, 352, 353, 354, 355, 356, 357, 358, 359, 360, 361, 362, 363, 364, 365, 366, 367, 368, 369, 370, 371, 372, 373, 374, 375, 376, 377, 378, 379, 380, 381, 382, 383, 384, 385, 386, 387, 388, 389, 390, 391, 392, 393, 394, 395, 396, 397, 794, 795, 796, 797, 798, 799, 800, 801, 802, 803, 804, 805, 806, 807, 808, 809, 810, 811, 812, 813, 814, 815, 816, 817, 818, 819, 820, 821, 822, 823, 824, 825, 826, 827, 828, 829, 830, 831, 832, 833, 834, 835, 836, 837, 838, 839, 840, 841, 842, 843, 844, 845, 846, 847]","[8, 43, 71, 84, 86, 339, 348, 354, 360, 369, 382, 383, 384, 389, 390, 523, 546, 555, 557, 795, 803, 809, 819, 832, 833, 834, 839, 840]","[1, 13, 14, 29, 54, 55, 56, 57, 58, 60, 102, 118, 125, 127, 130, 134, 146, 149, 153, 175, 182, 187, 189, 191, 197, 225, 230, 238, 264, 265, 266, 286, 302, 317, 336, 379, 388, 389, 425, 454, 458, 463, 475, 487, 498, 499, 512, 530, 531, 532, 533, 534, 536, 573, 589, 596, 598, 601, 605, 617, 620, 624, 646, 653, 658, 660, 662, 668, 689, 694, 702, 724, 725, 745, 760, 775, 793, 829, 838, 839, 877, 901, 903, 905, 910, 923]","[1, 13, 14, 29, 54, 55, 56, 57, 58, 60, 102, 118, 125, 127, 130, 134, 146, 149, 153, 175, 182, 187, 189, 191, 197, 225, 230, 238, 264, 265, 266, 286, 302, 317, 336, 354, 379, 388, 389, 425, 454, 458, 463, 475, 487, 498, 499, 512, 530, 531, 532, 533, 534, 536, 573, 589, 596, 598, 601, 605, 617, 620, 624, 646, 653, 658, 660, 662, 668, 689, 694, 702, 724, 725, 745, 760, 775, 793, 809, 829, 838, 839, 877, 901, 903, 905, 910, 923]","[512, 1, 8, 523, 13, 14, 530, 531, 532, 533, 534, 536, 29, 546, 43, 555, 557, 877, 54, 55, 56, 57, 58, 317, 60, 573, 71, 589, 84, 596, 86, 598, 601, 605, 102, 617, 620, 624, 118, 125, 127, 130, 134, 646, 653, 146, 658, 660, 149, 662, 153, 668, 175, 689, 182, 694, 187, 189, 702, 191, 197, 724, 725, 225, 230, 745, 238, 760, 775, 264, 265, 266, 793, 794, 795, 796, 797, 798, 799, 800, 801, 802, 803, 804, 805, 806, 807, 808, 809, 810, 811, 812, 813, 814, 815, 816, 817, 818, 819, 820, 821, 822, 823, 824, 825, 826, 827, 828, 829, 830, 831, 832, 833, 834, 835, 836, 837, 838, 839, 840, 841, 842, 843, 844, 845, 846, 847, 336, 338, 339, 340, 341, 342, 343, 344, 345, 346, 347, 348, 349, 350, 351, 352, 353, 354, 355, 356, 357, 358, 359, 360, 361, 362, 363, 364, 365, 366, 367, 368, 369, 370, 371, 372, 373, 374, 375, 376, 377, 378, 379, 380, 381, 382, 383, 384, 385, 386, 387, 388, 389, 390, 391, 392, 393, 394, 395, 396, 397, 901, 903, 905, 910, 923, 286, 425, 454, 458, 463, 475, 487, 302, 498, 499]",True,"[348, 354, 803, 809]","[338, 339, 340, 341, 342, 343, 344, 345, 346, 347, 348, 349, 350, 351, 352, 353, 354, 355, 356, 357, 358, 359, 360, 361, 362, 363, 364, 365, 366, 367, 368, 369, 370, 371, 372, 373, 374, 375, 376, 377, 378, 379, 380, 381, 382, 383, 384, 385, 386, 387, 388, 389, 390, 391, 392, 393, 394, 395, 396, 397, 794, 795, 796, 797, 798, 799, 800, 801, 802, 803, 804, 805, 806, 807, 808, 809, 810, 811, 812, 813, 814, 815, 816, 817, 818, 819, 820, 821, 822, 823, 824, 825, 826, 827, 828, 829, 830, 831, 832, 833, 834, 835, 836, 837, 838, 839, 840, 841, 842, 843, 844, 845, 846, 847]","[348, 354, 803, 809]",[],"[8, 43, 71, 84, 86, 339, 348, 354, 360, 369, 382, 383, 384, 389, 390, 523, 546, 555, 557, 795, 803, 809, 819, 832, 833, 834, 839, 840]","[1, 13, 14, 29, 54, 55, 56, 57, 58, 60, 102, 118, 125, 127, 130, 134, 146, 149, 153, 175, 182, 187, 189, 191, 197, 225, 230, 238, 264, 265, 266, 286, 302, 317, 336, 354, 379, 388, 389, 425, 454, 458, 463, 475, 487, 498, 499, 512, 530, 531, 532, 533, 534, 536, 573, 589, 596, 598, 601, 605, 617, 620, 624, 646, 653, 658, 660, 662, 668, 689, 694, 702, 724, 725, 745, 760, 775, 793, 809, 829, 838, 839, 877, 901, 903, 905, 910, 923]","[1, 13, 14, 29, 54, 55, 56, 57, 58, 60, 102, 118, 125, 127, 130, 134, 146, 149, 153, 175, 182, 187, 189, 191, 197, 225, 230, 238, 264, 265, 266, 286, 302, 317, 336, 379, 388, 389, 425, 454, 458, 463, 475, 487, 498, 499, 512, 530, 531, 532, 533, 534, 536, 573, 589, 596, 598, 601, 605, 617, 620, 624, 646, 653, 658, 660, 662, 668, 689, 694, 702, 724, 725, 745, 760, 775, 793, 829, 838, 839, 877, 901, 903, 905, 910, 923]",6/6 successful match,True,[45],True,233,False,,0.7727272727272727,True,Hawthorne Shell,Shell
"Rye Patch , 89419 Rye Patch Truck Stop ( Chevron )",775-538-7504 I-80 Exit 129 ( Rye Patch Dam ),HRS MU = D <U+2610>,Rye Patch,89419,Rye Patch Truck Stop ( Chevron ),775-538-7504,2006,Lovelock,NV,Chevron,( Rye Patch Dam ),I-80 Exit 129 ,Exit,129,False,,False,I-80,,,,,[],"[349, 804]","[349, 804]",[],"[338, 339, 340, 341, 342, 343, 344, 345, 346, 347, 348, 349, 350, 351, 352, 353, 354, 355, 356, 357, 358, 359, 360, 361, 362, 363, 364, 365, 366, 367, 368, 369, 370, 371, 372, 373, 374, 375, 376, 377, 378, 379, 380, 381, 382, 383, 384, 385, 386, 387, 388, 389, 390, 391, 392, 393, 394, 395, 396, 397, 794, 795, 796, 797, 798, 799, 800, 801, 802, 803, 804, 805, 806, 807, 808, 809, 810, 811, 812, 813, 814, 815, 816, 817, 818, 819, 820, 821, 822, 823, 824, 825, 826, 827, 828, 829, 830, 831, 832, 833, 834, 835, 836, 837, 838, 839, 840, 841, 842, 843, 844, 845, 846, 847]","[89, 108, 172, 217, 221, 239, 264, 280, 321, 342, 343, 344, 345, 346, 349, 351, 352, 355, 357, 359, 364, 368, 371, 372, 373, 374, 376, 377, 387, 392, 393, 403, 409, 411, 414, 424, 430, 449, 454, 470, 480, 560, 584, 643, 685, 703, 724, 739, 779, 798, 799, 800, 801, 804, 806, 807, 810, 812, 814, 816, 821, 822, 823, 824, 826, 827, 837, 842, 843, 852, 859, 862, 865, 869, 876, 882, 897, 901, 917, 932]","[12, 24, 25, 28, 88, 100, 104, 119, 123, 129, 136, 137, 139, 140, 141, 148, 155, 169, 172, 179, 183, 185, 188, 196, 198, 217, 237, 267, 270, 278, 319, 321, 324, 325, 330, 334, 335, 354, 366, 369, 380, 383, 384, 386, 395, 407, 411, 423, 428, 436, 437, 452, 453, 456, 467, 471, 477, 478, 479, 497, 508, 511, 559, 571, 575, 590, 594, 600, 607, 608, 610, 611, 612, 619, 627, 640, 643, 650, 654, 656, 659, 667, 669, 685, 701, 726, 729, 737, 777, 779, 782, 783, 787, 790, 791, 809, 817, 819, 830, 833, 834, 836, 845, 856, 857, 860, 862, 875, 880, 887, 888, 899, 900, 914, 918, 921, 928, 929, 930]","[12, 24, 25, 28, 88, 100, 104, 119, 123, 129, 136, 137, 139, 140, 141, 148, 155, 169, 172, 179, 183, 185, 188, 196, 198, 217, 237, 267, 270, 278, 319, 321, 324, 325, 330, 334, 335, 354, 366, 369, 380, 383, 384, 386, 395, 407, 411, 423, 428, 436, 437, 452, 453, 456, 467, 471, 477, 478, 479, 497, 508, 511, 559, 571, 575, 590, 594, 600, 607, 608, 610, 611, 612, 619, 627, 640, 643, 650, 654, 656, 659, 667, 669, 685, 701, 726, 729, 737, 777, 779, 782, 783, 787, 790, 791, 809, 817, 819, 830, 833, 834, 836, 845, 856, 857, 860, 862, 875, 880, 887, 888, 899, 900, 914, 918, 921, 928, 929, 930]","[875, 12, 24, 876, 25, 28, 559, 560, 571, 575, 319, 584, 590, 321, 594, 88, 89, 600, 888, 324, 607, 608, 610, 611, 100, 325, 612, 104, 619, 108, 627, 119, 123, 880, 640, 129, 643, 136, 137, 650, 139, 140, 141, 654, 656, 659, 148, 335, 155, 667, 669, 169, 172, 685, 882, 179, 183, 185, 188, 701, 703, 852, 196, 198, 856, 724, 726, 857, 217, 729, 221, 737, 859, 739, 860, 237, 239, 862, 865, 264, 777, 779, 267, 270, 782, 783, 787, 869, 278, 790, 280, 791, 794, 795, 796, 797, 798, 799, 800, 801, 802, 803, 804, 805, 806, 807, 808, 809, 810, 811, 812, 813, 814, 815, 816, 817, 818, 819, 820, 821, 822, 823, 824, 825, 826, 827, 828, 829, 830, 831, 832, 833, 834, 835, 836, 837, 838, 839, 840, 841, 842, 843, 844, 845, 846, 847, 330, 334, 338, 339, 340, 341, 342, 343, 344, 345, 346, 347, 348, 349, 350, 351, 352, 353, 354, 355, 356, 357, 358, 359, 360, 361, 362, 363, 364, 365, 366, 367, 368, 369, 370, 371, 372, 373, 374, 375, 376, 377, 378, 379, 380, 381, 382, 383, 384, 385, 386, 387, 388, 389, 390, 391, 392, 393, 394, 395, 396, 397, 901, 914, 403, 917, 918, 407, 409, 921, 411, 414, 928, 929, 897, 930, 932, 423, 424, 428, 899, 430, 900, 436, 437, 449, 452, 453, 454, 456, 467, 470, 471, 477, 478, 479, 480, 887, 497, 508, 511]",False,"[349, 804]","[338, 339, 340, 341, 342, 343, 344, 345, 346, 347, 348, 349, 350, 351, 352, 353, 354, 355, 356, 357, 358, 359, 360, 361, 362, 363, 364, 365, 366, 367, 368, 369, 370, 371, 372, 373, 374, 375, 376, 377, 378, 379, 380, 381, 382, 383, 384, 385, 386, 387, 388, 389, 390, 391, 392, 393, 394, 395, 396, 397, 794, 795, 796, 797, 798, 799, 800, 801, 802, 803, 804, 805, 806, 807, 808, 809, 810, 811, 812, 813, 814, 815, 816, 817, 818, 819, 820, 821, 822, 823, 824, 825, 826, 827, 828, 829, 830, 831, 832, 833, 834, 835, 836, 837, 838, 839, 840, 841, 842, 843, 844, 845, 846, 847]","[349, 804]",[],"[89, 108, 172, 217, 221, 239, 264, 280, 321, 342, 343, 344, 345, 346, 349, 351, 352, 355, 357, 359, 364, 368, 371, 372, 373, 374, 376, 377, 387, 392, 393, 403, 409, 411, 414, 424, 430, 449, 454, 470, 480, 560, 584, 643, 685, 703, 724, 739, 779, 798, 799, 800, 801, 804, 806, 807, 810, 812, 814, 816, 821, 822, 823, 824, 826, 827, 837, 842, 843, 852, 859, 862, 865, 869, 876, 882, 897, 901, 917, 932]","[12, 24, 25, 28, 88, 100, 104, 119, 123, 129, 136, 137, 139, 140, 141, 148, 155, 169, 172, 179, 183, 185, 188, 196, 198, 217, 237, 267, 270, 278, 319, 321, 324, 325, 330, 334, 335, 354, 366, 369, 380, 383, 384, 386, 395, 407, 411, 423, 428, 436, 437, 452, 453, 456, 467, 471, 477, 478, 479, 497, 508, 511, 559, 571, 575, 590, 594, 600, 607, 608, 610, 611, 612, 619, 627, 640, 643, 650, 654, 656, 659, 667, 669, 685, 701, 726, 729, 737, 777, 779, 782, 783, 787, 790, 791, 809, 817, 819, 830, 833, 834, 836, 845, 856, 857, 860, 862, 875, 880, 887, 888, 899, 900, 914, 918, 921, 928, 929, 930]","[12, 24, 25, 28, 88, 100, 104, 119, 123, 129, 136, 137, 139, 140, 141, 148, 155, 169, 172, 179, 183, 185, 188, 196, 198, 217, 237, 267, 270, 278, 319, 321, 324, 325, 330, 334, 335, 354, 366, 369, 380, 383, 384, 386, 395, 407, 411, 423, 428, 436, 437, 452, 453, 456, 467, 471, 477, 478, 479, 497, 508, 511, 559, 571, 575, 590, 594, 600, 607, 608, 610, 611, 612, 619, 627, 640, 643, 650, 654, 656, 659, 667, 669, 685, 701, 726, 729, 737, 777, 779, 782, 783, 787, 790, 791, 809, 817, 819, 830, 833, 834, 836, 845, 856, 857, 860, 862, 875, 880, 887, 888, 899, 900, 914, 918, 921, 928, 929, 930]",5/6 successful match,False,"[573, 574, 575]",True,234,False,,,,,
", 89419 Rye Patch Truck Stop ( Chevron )",CRye 3775-538-7504 Patch I-80 Exit 129 ( Rye Patch Dam ),24 M S,,89419,Rye Patch Truck Stop ( Chevron ),775-538-7504,2007,Lovelock,NV,Chevron,( Rye Patch Dam ),Patch I-80 Exit 129 ,Exit,129,False,,False,I-80,,,,,[],"[349, 804]","[349, 804]",[],"[338, 339, 340, 341, 342, 343, 344, 345, 346, 347, 348, 349, 350, 351, 352, 353, 354, 355, 356, 357, 358, 359, 360, 361, 362, 363, 364, 365, 366, 367, 368, 369, 370, 371, 372, 373, 374, 375, 376, 377, 378, 379, 380, 381, 382, 383, 384, 385, 386, 387, 388, 389, 390, 391, 392, 393, 394, 395, 396, 397, 794, 795, 796, 797, 798, 799, 800, 801, 802, 803, 804, 805, 806, 807, 808, 809, 810, 811, 812, 813, 814, 815, 816, 817, 818, 819, 820, 821, 822, 823, 824, 825, 826, 827, 828, 829, 830, 831, 832, 833, 834, 835, 836, 837, 838, 839, 840, 841, 842, 843, 844, 845, 846, 847]","[89, 108, 172, 217, 221, 239, 264, 280, 321, 342, 343, 344, 345, 346, 349, 351, 352, 355, 357, 359, 364, 368, 371, 372, 373, 374, 376, 377, 387, 392, 393, 403, 409, 411, 414, 424, 430, 449, 454, 470, 480, 560, 584, 643, 685, 703, 724, 739, 779, 798, 799, 800, 801, 804, 806, 807, 810, 812, 814, 816, 821, 822, 823, 824, 826, 827, 837, 842, 843, 852, 859, 862, 865, 869, 876, 882, 897, 901, 917, 932]","[12, 24, 25, 28, 88, 100, 104, 119, 123, 129, 136, 137, 139, 140, 141, 148, 155, 169, 172, 179, 183, 185, 188, 196, 198, 217, 237, 267, 270, 278, 319, 321, 324, 325, 330, 334, 335, 354, 366, 369, 380, 383, 384, 386, 395, 407, 411, 423, 428, 436, 437, 452, 453, 456, 467, 471, 477, 478, 479, 497, 508, 511, 559, 571, 575, 590, 594, 600, 607, 608, 610, 611, 612, 619, 627, 640, 643, 650, 654, 656, 659, 667, 669, 685, 701, 726, 729, 737, 777, 779, 782, 783, 787, 790, 791, 809, 817, 819, 830, 833, 834, 836, 845, 856, 857, 860, 862, 875, 880, 887, 888, 899, 900, 914, 918, 921, 928, 929, 930]","[12, 24, 25, 28, 88, 100, 104, 119, 123, 129, 136, 137, 139, 140, 141, 148, 155, 169, 172, 179, 183, 185, 188, 196, 198, 217, 237, 267, 270, 278, 319, 321, 324, 325, 330, 334, 335, 354, 366, 369, 380, 383, 384, 386, 395, 407, 411, 423, 428, 436, 437, 452, 453, 456, 467, 471, 477, 478, 479, 497, 508, 511, 559, 571, 575, 590, 594, 600, 607, 608, 610, 611, 612, 619, 627, 640, 643, 650, 654, 656, 659, 667, 669, 685, 701, 726, 729, 737, 777, 779, 782, 783, 787, 790, 791, 809, 817, 819, 830, 833, 834, 836, 845, 856, 857, 860, 862, 875, 880, 887, 888, 899, 900, 914, 918, 921, 928, 929, 930]","[875, 12, 24, 876, 25, 28, 559, 560, 571, 575, 319, 584, 590, 321, 594, 88, 89, 600, 888, 324, 607, 608, 610, 611, 100, 325, 612, 104, 619, 108, 627, 119, 123, 880, 640, 129, 643, 136, 137, 650, 139, 140, 141, 654, 656, 659, 148, 335, 155, 667, 669, 169, 172, 685, 882, 179, 183, 185, 188, 701, 703, 852, 196, 198, 856, 724, 726, 857, 217, 729, 221, 737, 859, 739, 860, 237, 239, 862, 865, 264, 777, 779, 267, 270, 782, 783, 787, 869, 278, 790, 280, 791, 794, 795, 796, 797, 798, 799, 800, 801, 802, 803, 804, 805, 806, 807, 808, 809, 810, 811, 812, 813, 814, 815, 816, 817, 818, 819, 820, 821, 822, 823, 824, 825, 826, 827, 828, 829, 830, 831, 832, 833, 834, 835, 836, 837, 838, 839, 840, 841, 842, 843, 844, 845, 846, 847, 330, 334, 338, 339, 340, 341, 342, 343, 344, 345, 346, 347, 348, 349, 350, 351, 352, 353, 354, 355, 356, 357, 358, 359, 360, 361, 362, 363, 364, 365, 366, 367, 368, 369, 370, 371, 372, 373, 374, 375, 376, 377, 378, 379, 380, 381, 382, 383, 384, 385, 386, 387, 388, 389, 390, 391, 392, 393, 394, 395, 396, 397, 901, 914, 403, 917, 918, 407, 409, 921, 411, 414, 928, 929, 897, 930, 932, 423, 424, 428, 899, 430, 900, 436, 437, 449, 452, 453, 454, 456, 467, 470, 471, 477, 478, 479, 480, 887, 497, 508, 511]",False,"[349, 804]","[338, 339, 340, 341, 342, 343, 344, 345, 346, 347, 348, 349, 350, 351, 352, 353, 354, 355, 356, 357, 358, 359, 360, 361, 362, 363, 364, 365, 366, 367, 368, 369, 370, 371, 372, 373, 374, 375, 376, 377, 378, 379, 380, 381, 382, 383, 384, 385, 386, 387, 388, 389, 390, 391, 392, 393, 394, 395, 396, 397, 794, 795, 796, 797, 798, 799, 800, 801, 802, 803, 804, 805, 806, 807, 808, 809, 810, 811, 812, 813, 814, 815, 816, 817, 818, 819, 820, 821, 822, 823, 824, 825, 826, 827, 828, 829, 830, 831, 832, 833, 834, 835, 836, 837, 838, 839, 840, 841, 842, 843, 844, 845, 846, 847]","[349, 804]",[],"[89, 108, 172, 217, 221, 239, 264, 280, 321, 342, 343, 344, 345, 346, 349, 351, 352, 355, 357, 359, 364, 368, 371, 372, 373, 374, 376, 377, 387, 392, 393, 403, 409, 411, 414, 424, 430, 449, 454, 470, 480, 560, 584, 643, 685, 703, 724, 739, 779, 798, 799, 800, 801, 804, 806, 807, 810, 812, 814, 816, 821, 822, 823, 824, 826, 827, 837, 842, 843, 852, 859, 862, 865, 869, 876, 882, 897, 901, 917, 932]","[12, 24, 25, 28, 88, 100, 104, 119, 123, 129, 136, 137, 139, 140, 141, 148, 155, 169, 172, 179, 183, 185, 188, 196, 198, 217, 237, 267, 270, 278, 319, 321, 324, 325, 330, 334, 335, 354, 366, 369, 380, 383, 384, 386, 395, 407, 411, 423, 428, 436, 437, 452, 453, 456, 467, 471, 477, 478, 479, 497, 508, 511, 559, 571, 575, 590, 594, 600, 607, 608, 610, 611, 612, 619, 627, 640, 643, 650, 654, 656, 659, 667, 669, 685, 701, 726, 729, 737, 777, 779, 782, 783, 787, 790, 791, 809, 817, 819, 830, 833, 834, 836, 845, 856, 857, 860, 862, 875, 880, 887, 888, 899, 900, 914, 918, 921, 928, 929, 930]","[12, 24, 25, 28, 88, 100, 104, 119, 123, 129, 136, 137, 139, 140, 141, 148, 155, 169, 172, 179, 183, 185, 188, 196, 198, 217, 237, 267, 270, 278, 319, 321, 324, 325, 330, 334, 335, 354, 366, 369, 380, 383, 384, 386, 395, 407, 411, 423, 428, 436, 437, 452, 453, 456, 467, 471, 477, 478, 479, 497, 508, 511, 559, 571, 575, 590, 594, 600, 607, 608, 610, 611, 612, 619, 627, 640, 643, 650, 654, 656, 659, 667, 669, 685, 701, 726, 729, 737, 777, 779, 782, 783, 787, 790, 791, 809, 817, 819, 830, 833, 834, 836, 845, 856, 857, 860, 862, 875, 880, 887, 888, 899, 900, 914, 918, 921, 928, 929, 930]",5/6 successful match,False,"[573, 574, 575]",True,234,False,,1.0,True,Rye Patch Truck Stop ( Chevron ),Chevron
"Rye Patch , 89419 Rye Patch Truck Stop",775-538-7504 I-80 Exit 129 ( Rye Patch Dam ),24 M <U+2610>,Rye Patch,89419,Rye Patch Truck Stop,775-538-7504,2008,Lovelock,NV,,( Rye Patch Dam ),I-80 Exit 129 ,Exit,129,False,,False,I-80,,,,,[],"[349, 804]","[349, 804]",[],"[338, 339, 340, 341, 342, 343, 344, 345, 346, 347, 348, 349, 350, 351, 352, 353, 354, 355, 356, 357, 358, 359, 360, 361, 362, 363, 364, 365, 366, 367, 368, 369, 370, 371, 372, 373, 374, 375, 376, 377, 378, 379, 380, 381, 382, 383, 384, 385, 386, 387, 388, 389, 390, 391, 392, 393, 394, 395, 396, 397, 794, 795, 796, 797, 798, 799, 800, 801, 802, 803, 804, 805, 806, 807, 808, 809, 810, 811, 812, 813, 814, 815, 816, 817, 818, 819, 820, 821, 822, 823, 824, 825, 826, 827, 828, 829, 830, 831, 832, 833, 834, 835, 836, 837, 838, 839, 840, 841, 842, 843, 844, 845, 846, 847]","[89, 108, 172, 217, 221, 239, 264, 280, 321, 342, 343, 344, 345, 346, 349, 351, 352, 355, 357, 359, 364, 368, 371, 372, 373, 374, 376, 377, 387, 392, 393, 403, 409, 411, 414, 424, 430, 449, 454, 470, 480, 560, 584, 643, 685, 703, 724, 739, 779, 798, 799, 800, 801, 804, 806, 807, 810, 812, 814, 816, 821, 822, 823, 824, 826, 827, 837, 842, 843, 852, 859, 862, 865, 869, 876, 882, 897, 901, 917, 932]",[],[],"[876, 560, 584, 321, 89, 108, 643, 172, 685, 882, 703, 852, 724, 217, 221, 859, 739, 239, 862, 865, 264, 779, 869, 280, 794, 795, 796, 797, 798, 799, 800, 801, 802, 803, 804, 805, 806, 807, 808, 809, 810, 811, 812, 813, 814, 815, 816, 817, 818, 819, 820, 821, 822, 823, 824, 825, 826, 827, 828, 829, 830, 831, 832, 833, 834, 835, 836, 837, 838, 839, 840, 841, 842, 843, 844, 845, 846, 847, 338, 339, 340, 341, 342, 343, 344, 345, 346, 347, 348, 349, 350, 351, 352, 353, 354, 355, 356, 357, 358, 359, 360, 361, 362, 363, 364, 365, 366, 367, 368, 369, 370, 371, 372, 373, 374, 375, 376, 377, 378, 379, 380, 381, 382, 383, 384, 385, 386, 387, 388, 389, 390, 391, 392, 393, 394, 395, 396, 397, 901, 403, 917, 409, 411, 414, 897, 932, 424, 430, 449, 454, 470, 480]",False,"[349, 804]","[338, 339, 340, 341, 342, 343, 344, 345, 346, 347, 348, 349, 350, 351, 352, 353, 354, 355, 356, 357, 358, 359, 360, 361, 362, 363, 364, 365, 366, 367, 368, 369, 370, 371, 372, 373, 374, 375, 376, 377, 378, 379, 380, 381, 382, 383, 384, 385, 386, 387, 388, 389, 390, 391, 392, 393, 394, 395, 396, 397, 794, 795, 796, 797, 798, 799, 800, 801, 802, 803, 804, 805, 806, 807, 808, 809, 810, 811, 812, 813, 814, 815, 816, 817, 818, 819, 820, 821, 822, 823, 824, 825, 826, 827, 828, 829, 830, 831, 832, 833, 834, 835, 836, 837, 838, 839, 840, 841, 842, 843, 844, 845, 846, 847]","[349, 804]",[],"[89, 108, 172, 217, 221, 239, 264, 280, 321, 342, 343, 344, 345, 346, 349, 351, 352, 355, 357, 359, 364, 368, 371, 372, 373, 374, 376, 377, 387, 392, 393, 403, 409, 411, 414, 424, 430, 449, 454, 470, 480, 560, 584, 643, 685, 703, 724, 739, 779, 798, 799, 800, 801, 804, 806, 807, 810, 812, 814, 816, 821, 822, 823, 824, 826, 827, 837, 842, 843, 852, 859, 862, 865, 869, 876, 882, 897, 901, 917, 932]",[],[],7/6 successful match,False,"[573, 574, 575]",True,234,False,,1.0,True,Rye Patch Truck Stop ( Chevron ),Chevron
Rye Patch ( 89419 ) Rye Patch Travel Center,3 775-538-7504 I-80 Exit 129 ( Rye Patch Dam ),24 M <U+25A1>,Rye Patch,89419,Rye Patch Travel Center,775-538-7504,2014,Lovelock,NV,,( Rye Patch Dam ),I-80 Exit 129 ,Exit,129,False,,False,I-80,,,,,[],"[349, 804]","[349, 804]",[],"[338, 339, 340, 341, 342, 343, 344, 345, 346, 347, 348, 349, 350, 351, 352, 353, 354, 355, 356, 357, 358, 359, 360, 361, 362, 363, 364, 365, 366, 367, 368, 369, 370, 371, 372, 373, 374, 375, 376, 377, 378, 379, 380, 381, 382, 383, 384, 385, 386, 387, 388, 389, 390, 391, 392, 393, 394, 395, 396, 397, 794, 795, 796, 797, 798, 799, 800, 801, 802, 803, 804, 805, 806, 807, 808, 809, 810, 811, 812, 813, 814, 815, 816, 817, 818, 819, 820, 821, 822, 823, 824, 825, 826, 827, 828, 829, 830, 831, 832, 833, 834, 835, 836, 837, 838, 839, 840, 841, 842, 843, 844, 845, 846, 847]","[89, 108, 172, 217, 221, 239, 264, 280, 321, 342, 343, 344, 345, 346, 349, 351, 352, 355, 357, 359, 364, 368, 371, 372, 373, 374, 376, 377, 387, 392, 393, 403, 409, 411, 414, 424, 430, 449, 454, 470, 480, 560, 584, 643, 685, 703, 724, 739, 779, 798, 799, 800, 801, 804, 806, 807, 810, 812, 814, 816, 821, 822, 823, 824, 826, 827, 837, 842, 843, 852, 859, 862, 865, 869, 876, 882, 897, 901, 917, 932]",[],[],"[876, 560, 584, 321, 89, 108, 643, 172, 685, 882, 703, 852, 724, 217, 221, 859, 739, 239, 862, 865, 264, 779, 869, 280, 794, 795, 796, 797, 798, 799, 800, 801, 802, 803, 804, 805, 806, 807, 808, 809, 810, 811, 812, 813, 814, 815, 816, 817, 818, 819, 820, 821, 822, 823, 824, 825, 826, 827, 828, 829, 830, 831, 832, 833, 834, 835, 836, 837, 838, 839, 840, 841, 842, 843, 844, 845, 846, 847, 338, 339, 340, 341, 342, 343, 344, 345, 346, 347, 348, 349, 350, 351, 352, 353, 354, 355, 356, 357, 358, 359, 360, 361, 362, 363, 364, 365, 366, 367, 368, 369, 370, 371, 372, 373, 374, 375, 376, 377, 378, 379, 380, 381, 382, 383, 384, 385, 386, 387, 388, 389, 390, 391, 392, 393, 394, 395, 396, 397, 901, 403, 917, 409, 411, 414, 897, 932, 424, 430, 449, 454, 470, 480]",False,"[349, 804]","[338, 339, 340, 341, 342, 343, 344, 345, 346, 347, 348, 349, 350, 351, 352, 353, 354, 355, 356, 357, 358, 359, 360, 361, 362, 363, 364, 365, 366, 367, 368, 369, 370, 371, 372, 373, 374, 375, 376, 377, 378, 379, 380, 381, 382, 383, 384, 385, 386, 387, 388, 389, 390, 391, 392, 393, 394, 395, 396, 397, 794, 795, 796, 797, 798, 799, 800, 801, 802, 803, 804, 805, 806, 807, 808, 809, 810, 811, 812, 813, 814, 815, 816, 817, 818, 819, 820, 821, 822, 823, 824, 825, 826, 827, 828, 829, 830, 831, 832, 833, 834, 835, 836, 837, 838, 839, 840, 841, 842, 843, 844, 845, 846, 847]","[349, 804]",[],"[89, 108, 172, 217, 221, 239, 264, 280, 321, 342, 343, 344, 345, 346, 349, 351, 352, 355, 357, 359, 364, 368, 371, 372, 373, 374, 376, 377, 387, 392, 393, 403, 409, 411, 414, 424, 430, 449, 454, 470, 480, 560, 584, 643, 685, 703, 724, 739, 779, 798, 799, 800, 801, 804, 806, 807, 810, 812, 814, 816, 821, 822, 823, 824, 826, 827, 837, 842, 843, 852, 859, 862, 865, 869, 876, 882, 897, 901, 917, 932]",[],[],7/6 successful match,False,"[573, 574, 575]",True,234,False,,0.962015503875969,True,Rye Patch Truck Stop,
Rye Patch ( 89419 ) Rye Patch Travel Center,775-538-7504 I-80 Exit 129 ( Rye Patch Dam ),24 22 MO <U+2610> <U+2610>,Rye Patch,89419,Rye Patch Travel Center,775-538-7504,2015,Lovelock,NV,,( Rye Patch Dam ),I-80 Exit 129 ,Exit,129,False,,False,I-80,,,,,[],"[349, 804]","[349, 804]",[],"[338, 339, 340, 341, 342, 343, 344, 345, 346, 347, 348, 349, 350, 351, 352, 353, 354, 355, 356, 357, 358, 359, 360, 361, 362, 363, 364, 365, 366, 367, 368, 369, 370, 371, 372, 373, 374, 375, 376, 377, 378, 379, 380, 381, 382, 383, 384, 385, 386, 387, 388, 389, 390, 391, 392, 393, 394, 395, 396, 397, 794, 795, 796, 797, 798, 799, 800, 801, 802, 803, 804, 805, 806, 807, 808, 809, 810, 811, 812, 813, 814, 815, 816, 817, 818, 819, 820, 821, 822, 823, 824, 825, 826, 827, 828, 829, 830, 831, 832, 833, 834, 835, 836, 837, 838, 839, 840, 841, 842, 843, 844, 845, 846, 847]","[89, 108, 172, 217, 221, 239, 264, 280, 321, 342, 343, 344, 345, 346, 349, 351, 352, 355, 357, 359, 364, 368, 371, 372, 373, 374, 376, 377, 387, 392, 393, 403, 409, 411, 414, 424, 430, 449, 454, 470, 480, 560, 584, 643, 685, 703, 724, 739, 779, 798, 799, 800, 801, 804, 806, 807, 810, 812, 814, 816, 821, 822, 823, 824, 826, 827, 837, 842, 843, 852, 859, 862, 865, 869, 876, 882, 897, 901, 917, 932]",[],[],"[876, 560, 584, 321, 89, 108, 643, 172, 685, 882, 703, 852, 724, 217, 221, 859, 739, 239, 862, 865, 264, 779, 869, 280, 794, 795, 796, 797, 798, 799, 800, 801, 802, 803, 804, 805, 806, 807, 808, 809, 810, 811, 812, 813, 814, 815, 816, 817, 818, 819, 820, 821, 822, 823, 824, 825, 826, 827, 828, 829, 830, 831, 832, 833, 834, 835, 836, 837, 838, 839, 840, 841, 842, 843, 844, 845, 846, 847, 338, 339, 340, 341, 342, 343, 344, 345, 346, 347, 348, 349, 350, 351, 352, 353, 354, 355, 356, 357, 358, 359, 360, 361, 362, 363, 364, 365, 366, 367, 368, 369, 370, 371, 372, 373, 374, 375, 376, 377, 378, 379, 380, 381, 382, 383, 384, 385, 386, 387, 388, 389, 390, 391, 392, 393, 394, 395, 396, 397, 901, 403, 917, 409, 411, 414, 897, 932, 424, 430, 449, 454, 470, 480]",False,"[349, 804]","[338, 339, 340, 341, 342, 343, 344, 345, 346, 347, 348, 349, 350, 351, 352, 353, 354, 355, 356, 357, 358, 359, 360, 361, 362, 363, 364, 365, 366, 367, 368, 369, 370, 371, 372, 373, 374, 375, 376, 377, 378, 379, 380, 381, 382, 383, 384, 385, 386, 387, 388, 389, 390, 391, 392, 393, 394, 395, 396, 397, 794, 795, 796, 797, 798, 799, 800, 801, 802, 803, 804, 805, 806, 807, 808, 809, 810, 811, 812, 813, 814, 815, 816, 817, 818, 819, 820, 821, 822, 823, 824, 825, 826, 827, 828, 829, 830, 831, 832, 833, 834, 835, 836, 837, 838, 839, 840, 841, 842, 843, 844, 845, 846, 847]","[349, 804]",[],"[89, 108, 172, 217, 221, 239, 264, 280, 321, 342, 343, 344, 345, 346, 349, 351, 352, 355, 357, 359, 364, 368, 371, 372, 373, 374, 376, 377, 387, 392, 393, 403, 409, 411, 414, 424, 430, 449, 454, 470, 480, 560, 584, 643, 685, 703, 724, 739, 779, 798, 799, 800, 801, 804, 806, 807, 810, 812, 814, 816, 821, 822, 823, 824, 826, 827, 837, 842, 843, 852, 859, 862, 865, 869, 876, 882, 897, 901, 917, 932]",[],[],7/6 successful match,False,"[573, 574, 575]",True,234,False,,1.0,True,Rye Patch Travel Center,
Rye Patch ( 89419 ) Rye Patch Travel Center,775-538-7504 I-80 Exit 129 ( Rye Patch Dam ),MO,Rye Patch,89419,Rye Patch Travel Center,775-538-7504,2016,Lovelock,NV,,( Rye Patch Dam ),I-80 Exit 129 ,Exit,129,False,,False,I-80,,,,,[],"[349, 804]","[349, 804]",[],"[338, 339, 340, 341, 342, 343, 344, 345, 346, 347, 348, 349, 350, 351, 352, 353, 354, 355, 356, 357, 358, 359, 360, 361, 362, 363, 364, 365, 366, 367, 368, 369, 370, 371, 372, 373, 374, 375, 376, 377, 378, 379, 380, 381, 382, 383, 384, 385, 386, 387, 388, 389, 390, 391, 392, 393, 394, 395, 396, 397, 794, 795, 796, 797, 798, 799, 800, 801, 802, 803, 804, 805, 806, 807, 808, 809, 810, 811, 812, 813, 814, 815, 816, 817, 818, 819, 820, 821, 822, 823, 824, 825, 826, 827, 828, 829, 830, 831, 832, 833, 834, 835, 836, 837, 838, 839, 840, 841, 842, 843, 844, 845, 846, 847]","[89, 108, 172, 217, 221, 239, 264, 280, 321, 342, 343, 344, 345, 346, 349, 351, 352, 355, 357, 359, 364, 368, 371, 372, 373, 374, 376, 377, 387, 392, 393, 403, 409, 411, 414, 424, 430, 449, 454, 470, 480, 560, 584, 643, 685, 703, 724, 739, 779, 798, 799, 800, 801, 804, 806, 807, 810, 812, 814, 816, 821, 822, 823, 824, 826, 827, 837, 842, 843, 852, 859, 862, 865, 869, 876, 882, 897, 901, 917, 932]",[],[],"[876, 560, 584, 321, 89, 108, 643, 172, 685, 882, 703, 852, 724, 217, 221, 859, 739, 239, 862, 865, 264, 779, 869, 280, 794, 795, 796, 797, 798, 799, 800, 801, 802, 803, 804, 805, 806, 807, 808, 809, 810, 811, 812, 813, 814, 815, 816, 817, 818, 819, 820, 821, 822, 823, 824, 825, 826, 827, 828, 829, 830, 831, 832, 833, 834, 835, 836, 837, 838, 839, 840, 841, 842, 843, 844, 845, 846, 847, 338, 339, 340, 341, 342, 343, 344, 345, 346, 347, 348, 349, 350, 351, 352, 353, 354, 355, 356, 357, 358, 359, 360, 361, 362, 363, 364, 365, 366, 367, 368, 369, 370, 371, 372, 373, 374, 375, 376, 377, 378, 379, 380, 381, 382, 383, 384, 385, 386, 387, 388, 389, 390, 391, 392, 393, 394, 395, 396, 397, 901, 403, 917, 409, 411, 414, 897, 932, 424, 430, 449, 454, 470, 480]",False,"[349, 804]","[338, 339, 340, 341, 342, 343, 344, 345, 346, 347, 348, 349, 350, 351, 352, 353, 354, 355, 356, 357, 358, 359, 360, 361, 362, 363, 364, 365, 366, 367, 368, 369, 370, 371, 372, 373, 374, 375, 376, 377, 378, 379, 380, 381, 382, 383, 384, 385, 386, 387, 388, 389, 390, 391, 392, 393, 394, 395, 396, 397, 794, 795, 796, 797, 798, 799, 800, 801, 802, 803, 804, 805, 806, 807, 808, 809, 810, 811, 812, 813, 814, 815, 816, 817, 818, 819, 820, 821, 822, 823, 824, 825, 826, 827, 828, 829, 830, 831, 832, 833, 834, 835, 836, 837, 838, 839, 840, 841, 842, 843, 844, 845, 846, 847]","[349, 804]",[],"[89, 108, 172, 217, 221, 239, 264, 280, 321, 342, 343, 344, 345, 346, 349, 351, 352, 355, 357, 359, 364, 368, 371, 372, 373, 374, 376, 377, 387, 392, 393, 403, 409, 411, 414, 424, 430, 449, 454, 470, 480, 560, 584, 643, 685, 703, 724, 739, 779, 798, 799, 800, 801, 804, 806, 807, 810, 812, 814, 816, 821, 822, 823, 824, 826, 827, 837, 842, 843, 852, 859, 862, 865, 869, 876, 882, 897, 901, 917, 932]",[],[],7/6 successful match,False,"[573, 574, 575]",True,234,False,,1.0,True,Rye Patch Travel Center,
"E Minden , 89423 Silver City RV Resort",775-267-3359 3165 US 395 N,,Minden,89423,Silver City RV Resort,775-267-3359,2006,Minden,NV,,,3165 US 395 N,Proper,,False,,False,US 395,,,,,[],[],[],[],"[338, 339, 340, 341, 342, 343, 344, 345, 346, 347, 348, 349, 350, 351, 352, 353, 354, 355, 356, 357, 358, 359, 360, 361, 362, 363, 364, 365, 366, 367, 368, 369, 370, 371, 372, 373, 374, 375, 376, 377, 378, 379, 380, 381, 382, 383, 384, 385, 386, 387, 388, 389, 390, 391, 392, 393, 394, 395, 396, 397, 794, 795, 796, 797, 798, 799, 800, 801, 802, 803, 804, 805, 806, 807, 808, 809, 810, 811, 812, 813, 814, 815, 816, 817, 818, 819, 820, 821, 822, 823, 824, 825, 826, 827, 828, 829, 830, 831, 832, 833, 834, 835, 836, 837, 838, 839, 840, 841, 842, 843, 844, 845, 846, 847]","[122, 130, 171, 179, 184, 187, 238, 248, 251, 258, 301, 350, 362, 395, 397, 593, 601, 642, 650, 655, 658, 702, 711, 714, 720, 805, 815, 845, 847]",[],"[386, 424, 426, 836, 876, 878]","[876, 878, 593, 601, 122, 130, 642, 650, 655, 658, 171, 179, 184, 187, 702, 711, 714, 720, 238, 248, 251, 258, 794, 795, 796, 797, 798, 799, 800, 801, 802, 803, 804, 805, 806, 807, 808, 809, 810, 811, 812, 813, 814, 815, 816, 817, 818, 819, 820, 821, 822, 823, 824, 825, 826, 827, 828, 829, 830, 831, 832, 833, 834, 835, 836, 837, 838, 839, 840, 841, 842, 843, 844, 845, 846, 847, 338, 339, 340, 341, 342, 343, 344, 345, 346, 347, 348, 349, 350, 351, 352, 353, 354, 355, 356, 357, 358, 359, 360, 361, 362, 363, 364, 365, 366, 367, 368, 369, 370, 371, 372, 373, 374, 375, 376, 377, 378, 379, 380, 381, 382, 383, 384, 385, 386, 387, 388, 389, 390, 391, 392, 393, 394, 395, 396, 397, 424, 426, 301]",False,[],"[338, 339, 340, 341, 342, 343, 344, 345, 346, 347, 348, 349, 350, 351, 352, 353, 354, 355, 356, 357, 358, 359, 360, 361, 362, 363, 364, 365, 366, 367, 368, 369, 370, 371, 372, 373, 374, 375, 376, 377, 378, 379, 380, 381, 382, 383, 384, 385, 386, 387, 388, 389, 390, 391, 392, 393, 394, 395, 396, 397, 794, 795, 796, 797, 798, 799, 800, 801, 802, 803, 804, 805, 806, 807, 808, 809, 810, 811, 812, 813, 814, 815, 816, 817, 818, 819, 820, 821, 822, 823, 824, 825, 826, 827, 828, 829, 830, 831, 832, 833, 834, 835, 836, 837, 838, 839, 840, 841, 842, 843, 844, 845, 846, 847]",[],[],"[122, 130, 171, 179, 184, 187, 238, 248, 251, 258, 301, 350, 362, 395, 397, 593, 601, 642, 650, 655, 658, 702, 711, 714, 720, 805, 815, 845, 847]","[386, 424, 426, 836, 876, 878]",[],5/6 successful match,False,"[31, 32]",True,235,False,,,,,
"E Minden , 89423 Silver City RV Resort",775-267-3359 3165 US 395 N,<U+25A1> <U+25A1> <U+2610>,Minden,89423,Silver City RV Resort,775-267-3359,2007,Minden,NV,,,3165 US 395 N,Proper,,False,,False,US 395,,,,,[],[],[],[],"[338, 339, 340, 341, 342, 343, 344, 345, 346, 347, 348, 349, 350, 351, 352, 353, 354, 355, 356, 357, 358, 359, 360, 361, 362, 363, 364, 365, 366, 367, 368, 369, 370, 371, 372, 373, 374, 375, 376, 377, 378, 379, 380, 381, 382, 383, 384, 385, 386, 387, 388, 389, 390, 391, 392, 393, 394, 395, 396, 397, 794, 795, 796, 797, 798, 799, 800, 801, 802, 803, 804, 805, 806, 807, 808, 809, 810, 811, 812, 813, 814, 815, 816, 817, 818, 819, 820, 821, 822, 823, 824, 825, 826, 827, 828, 829, 830, 831, 832, 833, 834, 835, 836, 837, 838, 839, 840, 841, 842, 843, 844, 845, 846, 847]","[122, 130, 171, 179, 184, 187, 238, 248, 251, 258, 301, 350, 362, 395, 397, 593, 601, 642, 650, 655, 658, 702, 711, 714, 720, 805, 815, 845, 847]",[],"[386, 424, 426, 836, 876, 878]","[876, 878, 593, 601, 122, 130, 642, 650, 655, 658, 171, 179, 184, 187, 702, 711, 714, 720, 238, 248, 251, 258, 794, 795, 796, 797, 798, 799, 800, 801, 802, 803, 804, 805, 806, 807, 808, 809, 810, 811, 812, 813, 814, 815, 816, 817, 818, 819, 820, 821, 822, 823, 824, 825, 826, 827, 828, 829, 830, 831, 832, 833, 834, 835, 836, 837, 838, 839, 840, 841, 842, 843, 844, 845, 846, 847, 338, 339, 340, 341, 342, 343, 344, 345, 346, 347, 348, 349, 350, 351, 352, 353, 354, 355, 356, 357, 358, 359, 360, 361, 362, 363, 364, 365, 366, 367, 368, 369, 370, 371, 372, 373, 374, 375, 376, 377, 378, 379, 380, 381, 382, 383, 384, 385, 386, 387, 388, 389, 390, 391, 392, 393, 394, 395, 396, 397, 424, 426, 301]",False,[],"[338, 339, 340, 341, 342, 343, 344, 345, 346, 347, 348, 349, 350, 351, 352, 353, 354, 355, 356, 357, 358, 359, 360, 361, 362, 363, 364, 365, 366, 367, 368, 369, 370, 371, 372, 373, 374, 375, 376, 377, 378, 379, 380, 381, 382, 383, 384, 385, 386, 387, 388, 389, 390, 391, 392, 393, 394, 395, 396, 397, 794, 795, 796, 797, 798, 799, 800, 801, 802, 803, 804, 805, 806, 807, 808, 809, 810, 811, 812, 813, 814, 815, 816, 817, 818, 819, 820, 821, 822, 823, 824, 825, 826, 827, 828, 829, 830, 831, 832, 833, 834, 835, 836, 837, 838, 839, 840, 841, 842, 843, 844, 845, 846, 847]",[],[],"[122, 130, 171, 179, 184, 187, 238, 248, 251, 258, 301, 350, 362, 395, 397, 593, 601, 642, 650, 655, 658, 702, 711, 714, 720, 805, 815, 845, 847]","[386, 424, 426, 836, 876, 878]",[],5/6 successful match,False,"[31, 32]",True,235,False,,1.0,True,Silver City RV Resort,
"E Minden , 89423 Silver City RV Resort reserved .",775-267-3359 3165 US 395 N,<U+2610> <U+2610> <U+2610>,Minden,89423,Silver City RV Resort reserved .,775-267-3359,2008,Minden,NV,,,3165 US 395 N,Proper,,False,,False,US 395,,,,,[],[],[],[],"[338, 339, 340, 341, 342, 343, 344, 345, 346, 347, 348, 349, 350, 351, 352, 353, 354, 355, 356, 357, 358, 359, 360, 361, 362, 363, 364, 365, 366, 367, 368, 369, 370, 371, 372, 373, 374, 375, 376, 377, 378, 379, 380, 381, 382, 383, 384, 385, 386, 387, 388, 389, 390, 391, 392, 393, 394, 395, 396, 397, 794, 795, 796, 797, 798, 799, 800, 801, 802, 803, 804, 805, 806, 807, 808, 809, 810, 811, 812, 813, 814, 815, 816, 817, 818, 819, 820, 821, 822, 823, 824, 825, 826, 827, 828, 829, 830, 831, 832, 833, 834, 835, 836, 837, 838, 839, 840, 841, 842, 843, 844, 845, 846, 847]","[122, 130, 171, 179, 184, 187, 238, 248, 251, 258, 301, 350, 362, 395, 397, 593, 601, 642, 650, 655, 658, 702, 711, 714, 720, 805, 815, 845, 847]",[],"[386, 424, 426, 836, 876, 878]","[876, 878, 593, 601, 122, 130, 642, 650, 655, 658, 171, 179, 184, 187, 702, 711, 714, 720, 238, 248, 251, 258, 794, 795, 796, 797, 798, 799, 800, 801, 802, 803, 804, 805, 806, 807, 808, 809, 810, 811, 812, 813, 814, 815, 816, 817, 818, 819, 820, 821, 822, 823, 824, 825, 826, 827, 828, 829, 830, 831, 832, 833, 834, 835, 836, 837, 838, 839, 840, 841, 842, 843, 844, 845, 846, 847, 338, 339, 340, 341, 342, 343, 344, 345, 346, 347, 348, 349, 350, 351, 352, 353, 354, 355, 356, 357, 358, 359, 360, 361, 362, 363, 364, 365, 366, 367, 368, 369, 370, 371, 372, 373, 374, 375, 376, 377, 378, 379, 380, 381, 382, 383, 384, 385, 386, 387, 388, 389, 390, 391, 392, 393, 394, 395, 396, 397, 424, 426, 301]",False,[],"[338, 339, 340, 341, 342, 343, 344, 345, 346, 347, 348, 349, 350, 351, 352, 353, 354, 355, 356, 357, 358, 359, 360, 361, 362, 363, 364, 365, 366, 367, 368, 369, 370, 371, 372, 373, 374, 375, 376, 377, 378, 379, 380, 381, 382, 383, 384, 385, 386, 387, 388, 389, 390, 391, 392, 393, 394, 395, 396, 397, 794, 795, 796, 797, 798, 799, 800, 801, 802, 803, 804, 805, 806, 807, 808, 809, 810, 811, 812, 813, 814, 815, 816, 817, 818, 819, 820, 821, 822, 823, 824, 825, 826, 827, 828, 829, 830, 831, 832, 833, 834, 835, 836, 837, 838, 839, 840, 841, 842, 843, 844, 845, 846, 847]",[],[],"[122, 130, 171, 179, 184, 187, 238, 248, 251, 258, 301, 350, 362, 395, 397, 593, 601, 642, 650, 655, 658, 702, 711, 714, 720, 805, 815, 845, 847]","[386, 424, 426, 836, 876, 878]",[],5/6 successful match,False,"[31, 32]",True,235,False,,1.0,True,Silver City RV Resort,
E Minden ( 89423 ) Silver City RV Resort,775-267-3359 3165 US 395 N,<U+25A1> <U+2610> 0,Minden,89423,Silver City RV Resort,775-267-3359,2014,Minden,NV,,,3165 US 395 N,Proper,,False,,False,US 395,,,,,[],[],[],[],"[338, 339, 340, 341, 342, 343, 344, 345, 346, 347, 348, 349, 350, 351, 352, 353, 354, 355, 356, 357, 358, 359, 360, 361, 362, 363, 364, 365, 366, 367, 368, 369, 370, 371, 372, 373, 374, 375, 376, 377, 378, 379, 380, 381, 382, 383, 384, 385, 386, 387, 388, 389, 390, 391, 392, 393, 394, 395, 396, 397, 794, 795, 796, 797, 798, 799, 800, 801, 802, 803, 804, 805, 806, 807, 808, 809, 810, 811, 812, 813, 814, 815, 816, 817, 818, 819, 820, 821, 822, 823, 824, 825, 826, 827, 828, 829, 830, 831, 832, 833, 834, 835, 836, 837, 838, 839, 840, 841, 842, 843, 844, 845, 846, 847]","[122, 130, 171, 179, 184, 187, 238, 248, 251, 258, 301, 350, 362, 395, 397, 593, 601, 642, 650, 655, 658, 702, 711, 714, 720, 805, 815, 845, 847]",[],"[386, 424, 426, 836, 876, 878]","[876, 878, 593, 601, 122, 130, 642, 650, 655, 658, 171, 179, 184, 187, 702, 711, 714, 720, 238, 248, 251, 258, 794, 795, 796, 797, 798, 799, 800, 801, 802, 803, 804, 805, 806, 807, 808, 809, 810, 811, 812, 813, 814, 815, 816, 817, 818, 819, 820, 821, 822, 823, 824, 825, 826, 827, 828, 829, 830, 831, 832, 833, 834, 835, 836, 837, 838, 839, 840, 841, 842, 843, 844, 845, 846, 847, 338, 339, 340, 341, 342, 343, 344, 345, 346, 347, 348, 349, 350, 351, 352, 353, 354, 355, 356, 357, 358, 359, 360, 361, 362, 363, 364, 365, 366, 367, 368, 369, 370, 371, 372, 373, 374, 375, 376, 377, 378, 379, 380, 381, 382, 383, 384, 385, 386, 387, 388, 389, 390, 391, 392, 393, 394, 395, 396, 397, 424, 426, 301]",False,[],"[338, 339, 340, 341, 342, 343, 344, 345, 346, 347, 348, 349, 350, 351, 352, 353, 354, 355, 356, 357, 358, 359, 360, 361, 362, 363, 364, 365, 366, 367, 368, 369, 370, 371, 372, 373, 374, 375, 376, 377, 378, 379, 380, 381, 382, 383, 384, 385, 386, 387, 388, 389, 390, 391, 392, 393, 394, 395, 396, 397, 794, 795, 796, 797, 798, 799, 800, 801, 802, 803, 804, 805, 806, 807, 808, 809, 810, 811, 812, 813, 814, 815, 816, 817, 818, 819, 820, 821, 822, 823, 824, 825, 826, 827, 828, 829, 830, 831, 832, 833, 834, 835, 836, 837, 838, 839, 840, 841, 842, 843, 844, 845, 846, 847]",[],[],"[122, 130, 171, 179, 184, 187, 238, 248, 251, 258, 301, 350, 362, 395, 397, 593, 601, 642, 650, 655, 658, 702, 711, 714, 720, 805, 815, 845, 847]","[386, 424, 426, 836, 876, 878]",[],5/6 successful match,False,"[31, 32]",True,235,False,,1.0,True,Silver City RV Resort reserved .,
E Minden ( 89423 ) Silver City RV Resort,775-267-3359 3165 US 395 N,<U+2610> <U+2610> D,Minden,89423,Silver City RV Resort,775-267-3359,2015,Minden,NV,,,3165 US 395 N,Proper,,False,,False,US 395,,,,,[],[],[],[],"[338, 339, 340, 341, 342, 343, 344, 345, 346, 347, 348, 349, 350, 351, 352, 353, 354, 355, 356, 357, 358, 359, 360, 361, 362, 363, 364, 365, 366, 367, 368, 369, 370, 371, 372, 373, 374, 375, 376, 377, 378, 379, 380, 381, 382, 383, 384, 385, 386, 387, 388, 389, 390, 391, 392, 393, 394, 395, 396, 397, 794, 795, 796, 797, 798, 799, 800, 801, 802, 803, 804, 805, 806, 807, 808, 809, 810, 811, 812, 813, 814, 815, 816, 817, 818, 819, 820, 821, 822, 823, 824, 825, 826, 827, 828, 829, 830, 831, 832, 833, 834, 835, 836, 837, 838, 839, 840, 841, 842, 843, 844, 845, 846, 847]","[122, 130, 171, 179, 184, 187, 238, 248, 251, 258, 301, 350, 362, 395, 397, 593, 601, 642, 650, 655, 658, 702, 711, 714, 720, 805, 815, 845, 847]",[],"[386, 424, 426, 836, 876, 878]","[876, 878, 593, 601, 122, 130, 642, 650, 655, 658, 171, 179, 184, 187, 702, 711, 714, 720, 238, 248, 251, 258, 794, 795, 796, 797, 798, 799, 800, 801, 802, 803, 804, 805, 806, 807, 808, 809, 810, 811, 812, 813, 814, 815, 816, 817, 818, 819, 820, 821, 822, 823, 824, 825, 826, 827, 828, 829, 830, 831, 832, 833, 834, 835, 836, 837, 838, 839, 840, 841, 842, 843, 844, 845, 846, 847, 338, 339, 340, 341, 342, 343, 344, 345, 346, 347, 348, 349, 350, 351, 352, 353, 354, 355, 356, 357, 358, 359, 360, 361, 362, 363, 364, 365, 366, 367, 368, 369, 370, 371, 372, 373, 374, 375, 376, 377, 378, 379, 380, 381, 382, 383, 384, 385, 386, 387, 388, 389, 390, 391, 392, 393, 394, 395, 396, 397, 424, 426, 301]",False,[],"[338, 339, 340, 341, 342, 343, 344, 345, 346, 347, 348, 349, 350, 351, 352, 353, 354, 355, 356, 357, 358, 359, 360, 361, 362, 363, 364, 365, 366, 367, 368, 369, 370, 371, 372, 373, 374, 375, 376, 377, 378, 379, 380, 381, 382, 383, 384, 385, 386, 387, 388, 389, 390, 391, 392, 393, 394, 395, 396, 397, 794, 795, 796, 797, 798, 799, 800, 801, 802, 803, 804, 805, 806, 807, 808, 809, 810, 811, 812, 813, 814, 815, 816, 817, 818, 819, 820, 821, 822, 823, 824, 825, 826, 827, 828, 829, 830, 831, 832, 833, 834, 835, 836, 837, 838, 839, 840, 841, 842, 843, 844, 845, 846, 847]",[],[],"[122, 130, 171, 179, 184, 187, 238, 248, 251, 258, 301, 350, 362, 395, 397, 593, 601, 642, 650, 655, 658, 702, 711, 714, 720, 805, 815, 845, 847]","[386, 424, 426, 836, 876, 878]",[],5/6 successful match,False,"[31, 32]",True,235,False,,1.0,True,Silver City RV Resort,
E Minden ( 89423 ) Silver City RV Resort,775-267-3359 3165 US 395 N,D D,Minden,89423,Silver City RV Resort,775-267-3359,2016,Minden,NV,,,3165 US 395 N,Proper,,False,,False,US 395,,,,,[],[],[],[],"[338, 339, 340, 341, 342, 343, 344, 345, 346, 347, 348, 349, 350, 351, 352, 353, 354, 355, 356, 357, 358, 359, 360, 361, 362, 363, 364, 365, 366, 367, 368, 369, 370, 371, 372, 373, 374, 375, 376, 377, 378, 379, 380, 381, 382, 383, 384, 385, 386, 387, 388, 389, 390, 391, 392, 393, 394, 395, 396, 397, 794, 795, 796, 797, 798, 799, 800, 801, 802, 803, 804, 805, 806, 807, 808, 809, 810, 811, 812, 813, 814, 815, 816, 817, 818, 819, 820, 821, 822, 823, 824, 825, 826, 827, 828, 829, 830, 831, 832, 833, 834, 835, 836, 837, 838, 839, 840, 841, 842, 843, 844, 845, 846, 847]","[122, 130, 171, 179, 184, 187, 238, 248, 251, 258, 301, 350, 362, 395, 397, 593, 601, 642, 650, 655, 658, 702, 711, 714, 720, 805, 815, 845, 847]",[],"[386, 424, 426, 836, 876, 878]","[876, 878, 593, 601, 122, 130, 642, 650, 655, 658, 171, 179, 184, 187, 702, 711, 714, 720, 238, 248, 251, 258, 794, 795, 796, 797, 798, 799, 800, 801, 802, 803, 804, 805, 806, 807, 808, 809, 810, 811, 812, 813, 814, 815, 816, 817, 818, 819, 820, 821, 822, 823, 824, 825, 826, 827, 828, 829, 830, 831, 832, 833, 834, 835, 836, 837, 838, 839, 840, 841, 842, 843, 844, 845, 846, 847, 338, 339, 340, 341, 342, 343, 344, 345, 346, 347, 348, 349, 350, 351, 352, 353, 354, 355, 356, 357, 358, 359, 360, 361, 362, 363, 364, 365, 366, 367, 368, 369, 370, 371, 372, 373, 374, 375, 376, 377, 378, 379, 380, 381, 382, 383, 384, 385, 386, 387, 388, 389, 390, 391, 392, 393, 394, 395, 396, 397, 424, 426, 301]",False,[],"[338, 339, 340, 341, 342, 343, 344, 345, 346, 347, 348, 349, 350, 351, 352, 353, 354, 355, 356, 357, 358, 359, 360, 361, 362, 363, 364, 365, 366, 367, 368, 369, 370, 371, 372, 373, 374, 375, 376, 377, 378, 379, 380, 381, 382, 383, 384, 385, 386, 387, 388, 389, 390, 391, 392, 393, 394, 395, 396, 397, 794, 795, 796, 797, 798, 799, 800, 801, 802, 803, 804, 805, 806, 807, 808, 809, 810, 811, 812, 813, 814, 815, 816, 817, 818, 819, 820, 821, 822, 823, 824, 825, 826, 827, 828, 829, 830, 831, 832, 833, 834, 835, 836, 837, 838, 839, 840, 841, 842, 843, 844, 845, 846, 847]",[],[],"[122, 130, 171, 179, 184, 187, 238, 248, 251, 258, 301, 350, 362, 395, 397, 593, 601, 642, 650, 655, 658, 702, 711, 714, 720, 805, 815, 845, 847]","[386, 424, 426, 836, 876, 878]",[],5/6 successful match,False,"[31, 32]",True,235,False,,1.0,True,Silver City RV Resort,
"Sparks , 89431 Petro Stopping Center # 38 PETRO",775-355-8888 I-80 Exit 20 EB / 21 WB ( S to Greg St ),M <U+2610> <U+2610>,Sparks,89431,Petro Stopping Center # 38 PETRO,775-355-8888,2006,Sparks,NV,,( S to Greg St ),I-80 Exit 20 EB / 21 WB ,Exit,20,False,,False,I-80,,21,,,"[371, 821]","[371, 392, 821, 842]","[371, 392, 821, 842]","[371, 446, 468, 821, 860, 896, 915]","[338, 339, 340, 341, 342, 343, 344, 345, 346, 347, 348, 349, 350, 351, 352, 353, 354, 355, 356, 357, 358, 359, 360, 361, 362, 363, 364, 365, 366, 367, 368, 369, 370, 371, 372, 373, 374, 375, 376, 377, 378, 379, 380, 381, 382, 383, 384, 385, 386, 387, 388, 389, 390, 391, 392, 393, 394, 395, 396, 397, 794, 795, 796, 797, 798, 799, 800, 801, 802, 803, 804, 805, 806, 807, 808, 809, 810, 811, 812, 813, 814, 815, 816, 817, 818, 819, 820, 821, 822, 823, 824, 825, 826, 827, 828, 829, 830, 831, 832, 833, 834, 835, 836, 837, 838, 839, 840, 841, 842, 843, 844, 845, 846, 847]","[89, 108, 172, 217, 221, 239, 264, 280, 321, 342, 343, 344, 345, 346, 349, 351, 352, 355, 357, 359, 364, 368, 371, 372, 373, 374, 376, 377, 387, 392, 393, 403, 409, 411, 414, 424, 430, 449, 454, 470, 480, 560, 584, 643, 685, 703, 724, 739, 779, 798, 799, 800, 801, 804, 806, 807, 810, 812, 814, 816, 821, 822, 823, 824, 826, 827, 837, 842, 843, 852, 859, 862, 865, 869, 876, 882, 897, 901, 917, 932]",[],"[63, 64, 240, 241, 242, 243, 370, 371, 372, 537, 538, 704, 705, 706, 707, 820, 821, 822]","[876, 537, 538, 560, 63, 64, 584, 321, 89, 108, 643, 172, 685, 882, 703, 852, 704, 705, 706, 707, 724, 217, 221, 859, 739, 239, 240, 862, 241, 242, 243, 865, 264, 779, 869, 280, 794, 795, 796, 797, 798, 799, 800, 801, 802, 803, 804, 805, 806, 807, 808, 809, 810, 811, 812, 813, 814, 815, 816, 817, 818, 819, 820, 821, 822, 823, 824, 825, 826, 827, 828, 829, 830, 831, 832, 833, 834, 835, 836, 837, 838, 839, 840, 841, 842, 843, 844, 845, 846, 847, 338, 339, 340, 341, 342, 343, 344, 345, 346, 347, 860, 348, 349, 350, 351, 352, 353, 354, 355, 356, 357, 358, 359, 360, 361, 362, 363, 364, 365, 366, 367, 368, 369, 371, 370, 372, 373, 375, 374, 377, 376, 378, 379, 380, 381, 382, 896, 384, 385, 386, 387, 388, 389, 390, 392, 391, 393, 394, 395, 396, 397, 383, 915, 403, 917, 409, 411, 414, 897, 932, 424, 430, 901, 446, 449, 454, 468, 470, 480]",True,"[371, 392, 821, 842]","[338, 339, 340, 341, 342, 343, 344, 345, 346, 347, 348, 349, 350, 351, 352, 353, 354, 355, 356, 357, 358, 359, 360, 361, 362, 363, 364, 365, 366, 367, 368, 369, 370, 371, 372, 373, 374, 375, 376, 377, 378, 379, 380, 381, 382, 383, 384, 385, 386, 387, 388, 389, 390, 391, 392, 393, 394, 395, 396, 397, 794, 795, 796, 797, 798, 799, 800, 801, 802, 803, 804, 805, 806, 807, 808, 809, 810, 811, 812, 813, 814, 815, 816, 817, 818, 819, 820, 821, 822, 823, 824, 825, 826, 827, 828, 829, 830, 831, 832, 833, 834, 835, 836, 837, 838, 839, 840, 841, 842, 843, 844, 845, 846, 847]","[371, 392, 821, 842]","[371, 446, 468, 821, 860, 896, 915]","[89, 108, 172, 217, 221, 239, 264, 280, 321, 342, 343, 344, 345, 346, 349, 351, 352, 355, 357, 359, 364, 368, 371, 372, 373, 374, 376, 377, 387, 392, 393, 403, 409, 411, 414, 424, 430, 449, 454, 470, 480, 560, 584, 643, 685, 703, 724, 739, 779, 798, 799, 800, 801, 804, 806, 807, 810, 812, 814, 816, 821, 822, 823, 824, 826, 827, 837, 842, 843, 852, 859, 862, 865, 869, 876, 882, 897, 901, 917, 932]","[63, 64, 240, 241, 242, 243, 370, 371, 372, 537, 538, 704, 705, 706, 707, 820, 821, 822]",[],7/6 successful match,True,"[256, 257, 258, 259]",True,236,False,,,,,
"Sparks , 89431 Petro Stopping Center # 38",775-355-8888 I-80 Exit 20 EB / 21 WB ( S to Greg St ),24 HRS XL <U+25A1> <U+25A1>,Sparks,89431,Petro Stopping Center # 38,775-355-8888,2007,Sparks,NV,,( S to Greg St ),I-80 Exit 20 EB / 21 WB ,Exit,20,False,,False,I-80,,21,,,"[371, 821]","[371, 392, 821, 842]","[371, 392, 821, 842]","[371, 446, 468, 821, 860, 896, 915]","[338, 339, 340, 341, 342, 343, 344, 345, 346, 347, 348, 349, 350, 351, 352, 353, 354, 355, 356, 357, 358, 359, 360, 361, 362, 363, 364, 365, 366, 367, 368, 369, 370, 371, 372, 373, 374, 375, 376, 377, 378, 379, 380, 381, 382, 383, 384, 385, 386, 387, 388, 389, 390, 391, 392, 393, 394, 395, 396, 397, 794, 795, 796, 797, 798, 799, 800, 801, 802, 803, 804, 805, 806, 807, 808, 809, 810, 811, 812, 813, 814, 815, 816, 817, 818, 819, 820, 821, 822, 823, 824, 825, 826, 827, 828, 829, 830, 831, 832, 833, 834, 835, 836, 837, 838, 839, 840, 841, 842, 843, 844, 845, 846, 847]","[89, 108, 172, 217, 221, 239, 264, 280, 321, 342, 343, 344, 345, 346, 349, 351, 352, 355, 357, 359, 364, 368, 371, 372, 373, 374, 376, 377, 387, 392, 393, 403, 409, 411, 414, 424, 430, 449, 454, 470, 480, 560, 584, 643, 685, 703, 724, 739, 779, 798, 799, 800, 801, 804, 806, 807, 810, 812, 814, 816, 821, 822, 823, 824, 826, 827, 837, 842, 843, 852, 859, 862, 865, 869, 876, 882, 897, 901, 917, 932]",[],"[63, 64, 240, 241, 242, 243, 370, 371, 372, 537, 538, 704, 705, 706, 707, 820, 821, 822]","[876, 537, 538, 560, 63, 64, 584, 321, 89, 108, 643, 172, 685, 882, 703, 852, 704, 705, 706, 707, 724, 217, 221, 859, 739, 239, 240, 862, 241, 242, 243, 865, 264, 779, 869, 280, 794, 795, 796, 797, 798, 799, 800, 801, 802, 803, 804, 805, 806, 807, 808, 809, 810, 811, 812, 813, 814, 815, 816, 817, 818, 819, 820, 821, 822, 823, 824, 825, 826, 827, 828, 829, 830, 831, 832, 833, 834, 835, 836, 837, 838, 839, 840, 841, 842, 843, 844, 845, 846, 847, 338, 339, 340, 341, 342, 343, 344, 345, 346, 347, 860, 348, 349, 350, 351, 352, 353, 354, 355, 356, 357, 358, 359, 360, 361, 362, 363, 364, 365, 366, 367, 368, 369, 371, 370, 372, 373, 375, 374, 377, 376, 378, 379, 380, 381, 382, 896, 384, 385, 386, 387, 388, 389, 390, 392, 391, 393, 394, 395, 396, 397, 383, 915, 403, 917, 409, 411, 414, 897, 932, 424, 430, 901, 446, 449, 454, 468, 470, 480]",True,"[371, 392, 821, 842]","[338, 339, 340, 341, 342, 343, 344, 345, 346, 347, 348, 349, 350, 351, 352, 353, 354, 355, 356, 357, 358, 359, 360, 361, 362, 363, 364, 365, 366, 367, 368, 369, 370, 371, 372, 373, 374, 375, 376, 377, 378, 379, 380, 381, 382, 383, 384, 385, 386, 387, 388, 389, 390, 391, 392, 393, 394, 395, 396, 397, 794, 795, 796, 797, 798, 799, 800, 801, 802, 803, 804, 805, 806, 807, 808, 809, 810, 811, 812, 813, 814, 815, 816, 817, 818, 819, 820, 821, 822, 823, 824, 825, 826, 827, 828, 829, 830, 831, 832, 833, 834, 835, 836, 837, 838, 839, 840, 841, 842, 843, 844, 845, 846, 847]","[371, 392, 821, 842]","[371, 446, 468, 821, 860, 896, 915]","[89, 108, 172, 217, 221, 239, 264, 280, 321, 342, 343, 344, 345, 346, 349, 351, 352, 355, 357, 359, 364, 368, 371, 372, 373, 374, 376, 377, 387, 392, 393, 403, 409, 411, 414, 424, 430, 449, 454, 470, 480, 560, 584, 643, 685, 703, 724, 739, 779, 798, 799, 800, 801, 804, 806, 807, 810, 812, 814, 816, 821, 822, 823, 824, 826, 827, 837, 842, 843, 852, 859, 862, 865, 869, 876, 882, 897, 901, 917, 932]","[63, 64, 240, 241, 242, 243, 370, 371, 372, 537, 538, 704, 705, 706, 707, 820, 821, 822]",[],7/6 successful match,True,"[256, 257, 258, 259]",True,236,False,,1.0,True,Petro Stopping Center # 38 PETRO,
"Sparks , 89431 Petro Stopping Center # 38 PETRO",775-355-8888 I-80 Exit 20 EB / 21 WB ( S to Greg St ),HORS 24 XL 24,Sparks,89431,Petro Stopping Center # 38 PETRO,775-355-8888,2008,Sparks,NV,,( S to Greg St ),I-80 Exit 20 EB / 21 WB ,Exit,20,False,,False,I-80,,21,,,"[371, 821]","[371, 392, 821, 842]","[371, 392, 821, 842]","[371, 446, 468, 821, 860, 896, 915]","[338, 339, 340, 341, 342, 343, 344, 345, 346, 347, 348, 349, 350, 351, 352, 353, 354, 355, 356, 357, 358, 359, 360, 361, 362, 363, 364, 365, 366, 367, 368, 369, 370, 371, 372, 373, 374, 375, 376, 377, 378, 379, 380, 381, 382, 383, 384, 385, 386, 387, 388, 389, 390, 391, 392, 393, 394, 395, 396, 397, 794, 795, 796, 797, 798, 799, 800, 801, 802, 803, 804, 805, 806, 807, 808, 809, 810, 811, 812, 813, 814, 815, 816, 817, 818, 819, 820, 821, 822, 823, 824, 825, 826, 827, 828, 829, 830, 831, 832, 833, 834, 835, 836, 837, 838, 839, 840, 841, 842, 843, 844, 845, 846, 847]","[89, 108, 172, 217, 221, 239, 264, 280, 321, 342, 343, 344, 345, 346, 349, 351, 352, 355, 357, 359, 364, 368, 371, 372, 373, 374, 376, 377, 387, 392, 393, 403, 409, 411, 414, 424, 430, 449, 454, 470, 480, 560, 584, 643, 685, 703, 724, 739, 779, 798, 799, 800, 801, 804, 806, 807, 810, 812, 814, 816, 821, 822, 823, 824, 826, 827, 837, 842, 843, 852, 859, 862, 865, 869, 876, 882, 897, 901, 917, 932]",[],"[63, 64, 240, 241, 242, 243, 370, 371, 372, 537, 538, 704, 705, 706, 707, 820, 821, 822]","[876, 537, 538, 560, 63, 64, 584, 321, 89, 108, 643, 172, 685, 882, 703, 852, 704, 705, 706, 707, 724, 217, 221, 859, 739, 239, 240, 862, 241, 242, 243, 865, 264, 779, 869, 280, 794, 795, 796, 797, 798, 799, 800, 801, 802, 803, 804, 805, 806, 807, 808, 809, 810, 811, 812, 813, 814, 815, 816, 817, 818, 819, 820, 821, 822, 823, 824, 825, 826, 827, 828, 829, 830, 831, 832, 833, 834, 835, 836, 837, 838, 839, 840, 841, 842, 843, 844, 845, 846, 847, 338, 339, 340, 341, 342, 343, 344, 345, 346, 347, 860, 348, 349, 350, 351, 352, 353, 354, 355, 356, 357, 358, 359, 360, 361, 362, 363, 364, 365, 366, 367, 368, 369, 371, 370, 372, 373, 375, 374, 377, 376, 378, 379, 380, 381, 382, 896, 384, 385, 386, 387, 388, 389, 390, 392, 391, 393, 394, 395, 396, 397, 383, 915, 403, 917, 409, 411, 414, 897, 932, 424, 430, 901, 446, 449, 454, 468, 470, 480]",True,"[371, 392, 821, 842]","[338, 339, 340, 341, 342, 343, 344, 345, 346, 347, 348, 349, 350, 351, 352, 353, 354, 355, 356, 357, 358, 359, 360, 361, 362, 363, 364, 365, 366, 367, 368, 369, 370, 371, 372, 373, 374, 375, 376, 377, 378, 379, 380, 381, 382, 383, 384, 385, 386, 387, 388, 389, 390, 391, 392, 393, 394, 395, 396, 397, 794, 795, 796, 797, 798, 799, 800, 801, 802, 803, 804, 805, 806, 807, 808, 809, 810, 811, 812, 813, 814, 815, 816, 817, 818, 819, 820, 821, 822, 823, 824, 825, 826, 827, 828, 829, 830, 831, 832, 833, 834, 835, 836, 837, 838, 839, 840, 841, 842, 843, 844, 845, 846, 847]","[371, 392, 821, 842]","[371, 446, 468, 821, 860, 896, 915]","[89, 108, 172, 217, 221, 239, 264, 280, 321, 342, 343, 344, 345, 346, 349, 351, 352, 355, 357, 359, 364, 368, 371, 372, 373, 374, 376, 377, 387, 392, 393, 403, 409, 411, 414, 424, 430, 449, 454, 470, 480, 560, 584, 643, 685, 703, 724, 739, 779, 798, 799, 800, 801, 804, 806, 807, 810, 812, 814, 816, 821, 822, 823, 824, 826, 827, 837, 842, 843, 852, 859, 862, 865, 869, 876, 882, 897, 901, 917, 932]","[63, 64, 240, 241, 242, 243, 370, 371, 372, 537, 538, 704, 705, 706, 707, 820, 821, 822]",[],7/6 successful match,True,"[256, 257, 258, 259]",True,236,False,,1.0,True,Petro Stopping Center # 38,
Sparks ( 89431 ) Petro Sparks # 338 ( Valero ),775-355-8888 I-80 Exit 21 ( S to Greg St ),PETRO 24 <U+2610> XL 24,Sparks,89431,Petro Sparks # 338 ( Valero ),775-355-8888,2014,Sparks,NV,Valero,( S to Greg St ),I-80 Exit 21 ,Exit,21,False,,False,I-80,,,,,"[371, 821]","[371, 392, 821, 842]","[371, 392, 821, 842]","[446, 468, 860, 896, 915]","[338, 339, 340, 341, 342, 343, 344, 345, 346, 347, 348, 349, 350, 351, 352, 353, 354, 355, 356, 357, 358, 359, 360, 361, 362, 363, 364, 365, 366, 367, 368, 369, 370, 371, 372, 373, 374, 375, 376, 377, 378, 379, 380, 381, 382, 383, 384, 385, 386, 387, 388, 389, 390, 391, 392, 393, 394, 395, 396, 397, 794, 795, 796, 797, 798, 799, 800, 801, 802, 803, 804, 805, 806, 807, 808, 809, 810, 811, 812, 813, 814, 815, 816, 817, 818, 819, 820, 821, 822, 823, 824, 825, 826, 827, 828, 829, 830, 831, 832, 833, 834, 835, 836, 837, 838, 839, 840, 841, 842, 843, 844, 845, 846, 847]","[89, 108, 172, 217, 221, 239, 264, 280, 321, 342, 343, 344, 345, 346, 349, 351, 352, 355, 357, 359, 364, 368, 371, 372, 373, 374, 376, 377, 387, 392, 393, 403, 409, 411, 414, 424, 430, 449, 454, 470, 480, 560, 584, 643, 685, 703, 724, 739, 779, 798, 799, 800, 801, 804, 806, 807, 810, 812, 814, 816, 821, 822, 823, 824, 826, 827, 837, 842, 843, 852, 859, 862, 865, 869, 876, 882, 897, 901, 917, 932]","[2, 9, 10, 82, 111, 112, 113, 199, 279, 284, 285, 300, 488, 494, 495, 553, 581, 582, 583, 670, 738, 743, 744, 759, 818]","[2, 9, 10, 63, 64, 82, 111, 112, 113, 199, 240, 241, 242, 243, 279, 284, 285, 300, 370, 371, 372, 488, 494, 495, 537, 538, 553, 581, 582, 583, 670, 704, 705, 706, 707, 738, 743, 744, 759, 818, 820, 821, 822]","[2, 9, 10, 876, 537, 538, 553, 560, 63, 64, 581, 582, 583, 584, 321, 82, 89, 108, 111, 112, 113, 643, 670, 172, 685, 882, 703, 852, 704, 705, 706, 707, 199, 724, 217, 221, 859, 739, 738, 743, 744, 239, 240, 862, 241, 242, 243, 759, 865, 264, 779, 869, 279, 280, 794, 795, 796, 797, 798, 799, 800, 801, 802, 803, 804, 805, 806, 807, 808, 809, 810, 811, 812, 813, 814, 815, 816, 817, 818, 819, 820, 821, 822, 823, 824, 825, 826, 827, 828, 829, 830, 831, 832, 833, 834, 835, 836, 837, 838, 839, 840, 841, 842, 843, 844, 845, 846, 847, 338, 339, 340, 341, 342, 343, 344, 345, 346, 347, 860, 348, 349, 350, 351, 352, 353, 354, 355, 356, 357, 358, 359, 360, 361, 362, 363, 364, 365, 366, 367, 368, 369, 371, 370, 372, 373, 375, 374, 377, 376, 378, 379, 380, 381, 382, 896, 384, 385, 386, 387, 388, 389, 390, 392, 391, 393, 394, 395, 396, 397, 383, 915, 403, 917, 284, 409, 285, 411, 414, 897, 932, 424, 430, 901, 446, 449, 454, 468, 470, 480, 300, 488, 494, 495]",True,"[371, 392, 821, 842]","[338, 339, 340, 341, 342, 343, 344, 345, 346, 347, 348, 349, 350, 351, 352, 353, 354, 355, 356, 357, 358, 359, 360, 361, 362, 363, 364, 365, 366, 367, 368, 369, 370, 371, 372, 373, 374, 375, 376, 377, 378, 379, 380, 381, 382, 383, 384, 385, 386, 387, 388, 389, 390, 391, 392, 393, 394, 395, 396, 397, 794, 795, 796, 797, 798, 799, 800, 801, 802, 803, 804, 805, 806, 807, 808, 809, 810, 811, 812, 813, 814, 815, 816, 817, 818, 819, 820, 821, 822, 823, 824, 825, 826, 827, 828, 829, 830, 831, 832, 833, 834, 835, 836, 837, 838, 839, 840, 841, 842, 843, 844, 845, 846, 847]","[371, 392, 821, 842]","[446, 468, 860, 896, 915]","[89, 108, 172, 217, 221, 239, 264, 280, 321, 342, 343, 344, 345, 346, 349, 351, 352, 355, 357, 359, 364, 368, 371, 372, 373, 374, 376, 377, 387, 392, 393, 403, 409, 411, 414, 424, 430, 449, 454, 470, 480, 560, 584, 643, 685, 703, 724, 739, 779, 798, 799, 800, 801, 804, 806, 807, 810, 812, 814, 816, 821, 822, 823, 824, 826, 827, 837, 842, 843, 852, 859, 862, 865, 869, 876, 882, 897, 901, 917, 932]","[2, 9, 10, 63, 64, 82, 111, 112, 113, 199, 240, 241, 242, 243, 279, 284, 285, 300, 370, 371, 372, 488, 494, 495, 537, 538, 553, 581, 582, 583, 670, 704, 705, 706, 707, 738, 743, 744, 759, 818, 820, 821, 822]","[2, 9, 10, 82, 111, 112, 113, 199, 279, 284, 285, 300, 488, 494, 495, 553, 581, 582, 583, 670, 738, 743, 744, 759, 818]",6/6 successful match,True,"[256, 257, 258, 259]",True,236,False,,0.434192037470726,True,Petro Stopping Center # 38 PETRO,
Sparks ( 89431 ) Petro Sparks # 338 ( Valero ) PETRO,775-355-8888 I-80 Exit 21 ( S to Greg St ),24 m XL HRS 24,Sparks,89431,Petro Sparks # 338 ( Valero ) PETRO,775-355-8888,2015,Sparks,NV,Valero,( S to Greg St ),I-80 Exit 21 ,Exit,21,False,,False,I-80,,,,,"[371, 821]","[371, 392, 821, 842]","[371, 392, 821, 842]","[446, 468, 860, 896, 915]","[338, 339, 340, 341, 342, 343, 344, 345, 346, 347, 348, 349, 350, 351, 352, 353, 354, 355, 356, 357, 358, 359, 360, 361, 362, 363, 364, 365, 366, 367, 368, 369, 370, 371, 372, 373, 374, 375, 376, 377, 378, 379, 380, 381, 382, 383, 384, 385, 386, 387, 388, 389, 390, 391, 392, 393, 394, 395, 396, 397, 794, 795, 796, 797, 798, 799, 800, 801, 802, 803, 804, 805, 806, 807, 808, 809, 810, 811, 812, 813, 814, 815, 816, 817, 818, 819, 820, 821, 822, 823, 824, 825, 826, 827, 828, 829, 830, 831, 832, 833, 834, 835, 836, 837, 838, 839, 840, 841, 842, 843, 844, 845, 846, 847]","[89, 108, 172, 217, 221, 239, 264, 280, 321, 342, 343, 344, 345, 346, 349, 351, 352, 355, 357, 359, 364, 368, 371, 372, 373, 374, 376, 377, 387, 392, 393, 403, 409, 411, 414, 424, 430, 449, 454, 470, 480, 560, 584, 643, 685, 703, 724, 739, 779, 798, 799, 800, 801, 804, 806, 807, 810, 812, 814, 816, 821, 822, 823, 824, 826, 827, 837, 842, 843, 852, 859, 862, 865, 869, 876, 882, 897, 901, 917, 932]","[2, 9, 10, 82, 111, 112, 113, 199, 279, 284, 285, 300, 488, 494, 495, 553, 581, 582, 583, 670, 738, 743, 744, 759, 818]","[2, 9, 10, 63, 64, 82, 111, 112, 113, 199, 240, 241, 242, 243, 279, 284, 285, 300, 370, 371, 372, 488, 494, 495, 537, 538, 553, 581, 582, 583, 670, 704, 705, 706, 707, 738, 743, 744, 759, 818, 820, 821, 822]","[2, 9, 10, 876, 537, 538, 553, 560, 63, 64, 581, 582, 583, 584, 321, 82, 89, 108, 111, 112, 113, 643, 670, 172, 685, 882, 703, 852, 704, 705, 706, 707, 199, 724, 217, 221, 859, 739, 738, 743, 744, 239, 240, 862, 241, 242, 243, 759, 865, 264, 779, 869, 279, 280, 794, 795, 796, 797, 798, 799, 800, 801, 802, 803, 804, 805, 806, 807, 808, 809, 810, 811, 812, 813, 814, 815, 816, 817, 818, 819, 820, 821, 822, 823, 824, 825, 826, 827, 828, 829, 830, 831, 832, 833, 834, 835, 836, 837, 838, 839, 840, 841, 842, 843, 844, 845, 846, 847, 338, 339, 340, 341, 342, 343, 344, 345, 346, 347, 860, 348, 349, 350, 351, 352, 353, 354, 355, 356, 357, 358, 359, 360, 361, 362, 363, 364, 365, 366, 367, 368, 369, 371, 370, 372, 373, 375, 374, 377, 376, 378, 379, 380, 381, 382, 896, 384, 385, 386, 387, 388, 389, 390, 392, 391, 393, 394, 395, 396, 397, 383, 915, 403, 917, 284, 409, 285, 411, 414, 897, 932, 424, 430, 901, 446, 449, 454, 468, 470, 480, 300, 488, 494, 495]",True,"[371, 392, 821, 842]","[338, 339, 340, 341, 342, 343, 344, 345, 346, 347, 348, 349, 350, 351, 352, 353, 354, 355, 356, 357, 358, 359, 360, 361, 362, 363, 364, 365, 366, 367, 368, 369, 370, 371, 372, 373, 374, 375, 376, 377, 378, 379, 380, 381, 382, 383, 384, 385, 386, 387, 388, 389, 390, 391, 392, 393, 394, 395, 396, 397, 794, 795, 796, 797, 798, 799, 800, 801, 802, 803, 804, 805, 806, 807, 808, 809, 810, 811, 812, 813, 814, 815, 816, 817, 818, 819, 820, 821, 822, 823, 824, 825, 826, 827, 828, 829, 830, 831, 832, 833, 834, 835, 836, 837, 838, 839, 840, 841, 842, 843, 844, 845, 846, 847]","[371, 392, 821, 842]","[446, 468, 860, 896, 915]","[89, 108, 172, 217, 221, 239, 264, 280, 321, 342, 343, 344, 345, 346, 349, 351, 352, 355, 357, 359, 364, 368, 371, 372, 373, 374, 376, 377, 387, 392, 393, 403, 409, 411, 414, 424, 430, 449, 454, 470, 480, 560, 584, 643, 685, 703, 724, 739, 779, 798, 799, 800, 801, 804, 806, 807, 810, 812, 814, 816, 821, 822, 823, 824, 826, 827, 837, 842, 843, 852, 859, 862, 865, 869, 876, 882, 897, 901, 917, 932]","[2, 9, 10, 63, 64, 82, 111, 112, 113, 199, 240, 241, 242, 243, 279, 284, 285, 300, 370, 371, 372, 488, 494, 495, 537, 538, 553, 581, 582, 583, 670, 704, 705, 706, 707, 738, 743, 744, 759, 818, 820, 821, 822]","[2, 9, 10, 82, 111, 112, 113, 199, 279, 284, 285, 300, 488, 494, 495, 553, 581, 582, 583, 670, 738, 743, 744, 759, 818]",6/6 successful match,True,"[256, 257, 258, 259]",True,236,False,,1.0,True,Petro Sparks # 338 ( Valero ),Valero
Sparks ( 89431 ) Petro Sparks # 338 ( Valero ),775-355-8888 I-80 Exit 21 ( S to Greg St ),PETRO 24 <U+2610> XLO 24,Sparks,89431,Petro Sparks # 338 ( Valero ),775-355-8888,2016,Sparks,NV,Valero,( S to Greg St ),I-80 Exit 21 ,Exit,21,False,,False,I-80,,,,,"[371, 821]","[371, 392, 821, 842]","[371, 392, 821, 842]","[446, 468, 860, 896, 915]","[338, 339, 340, 341, 342, 343, 344, 345, 346, 347, 348, 349, 350, 351, 352, 353, 354, 355, 356, 357, 358, 359, 360, 361, 362, 363, 364, 365, 366, 367, 368, 369, 370, 371, 372, 373, 374, 375, 376, 377, 378, 379, 380, 381, 382, 383, 384, 385, 386, 387, 388, 389, 390, 391, 392, 393, 394, 395, 396, 397, 794, 795, 796, 797, 798, 799, 800, 801, 802, 803, 804, 805, 806, 807, 808, 809, 810, 811, 812, 813, 814, 815, 816, 817, 818, 819, 820, 821, 822, 823, 824, 825, 826, 827, 828, 829, 830, 831, 832, 833, 834, 835, 836, 837, 838, 839, 840, 841, 842, 843, 844, 845, 846, 847]","[89, 108, 172, 217, 221, 239, 264, 280, 321, 342, 343, 344, 345, 346, 349, 351, 352, 355, 357, 359, 364, 368, 371, 372, 373, 374, 376, 377, 387, 392, 393, 403, 409, 411, 414, 424, 430, 449, 454, 470, 480, 560, 584, 643, 685, 703, 724, 739, 779, 798, 799, 800, 801, 804, 806, 807, 810, 812, 814, 816, 821, 822, 823, 824, 826, 827, 837, 842, 843, 852, 859, 862, 865, 869, 876, 882, 897, 901, 917, 932]","[2, 9, 10, 82, 111, 112, 113, 199, 279, 284, 285, 300, 488, 494, 495, 553, 581, 582, 583, 670, 738, 743, 744, 759, 818]","[2, 9, 10, 63, 64, 82, 111, 112, 113, 199, 240, 241, 242, 243, 279, 284, 285, 300, 370, 371, 372, 488, 494, 495, 537, 538, 553, 581, 582, 583, 670, 704, 705, 706, 707, 738, 743, 744, 759, 818, 820, 821, 822]","[2, 9, 10, 876, 537, 538, 553, 560, 63, 64, 581, 582, 583, 584, 321, 82, 89, 108, 111, 112, 113, 643, 670, 172, 685, 882, 703, 852, 704, 705, 706, 707, 199, 724, 217, 221, 859, 739, 738, 743, 744, 239, 240, 862, 241, 242, 243, 759, 865, 264, 779, 869, 279, 280, 794, 795, 796, 797, 798, 799, 800, 801, 802, 803, 804, 805, 806, 807, 808, 809, 810, 811, 812, 813, 814, 815, 816, 817, 818, 819, 820, 821, 822, 823, 824, 825, 826, 827, 828, 829, 830, 831, 832, 833, 834, 835, 836, 837, 838, 839, 840, 841, 842, 843, 844, 845, 846, 847, 338, 339, 340, 341, 342, 343, 344, 345, 346, 347, 860, 348, 349, 350, 351, 352, 353, 354, 355, 356, 357, 358, 359, 360, 361, 362, 363, 364, 365, 366, 367, 368, 369, 371, 370, 372, 373, 375, 374, 377, 376, 378, 379, 380, 381, 382, 896, 384, 385, 386, 387, 388, 389, 390, 392, 391, 393, 394, 395, 396, 397, 383, 915, 403, 917, 284, 409, 285, 411, 414, 897, 932, 424, 430, 901, 446, 449, 454, 468, 470, 480, 300, 488, 494, 495]",True,"[371, 392, 821, 842]","[338, 339, 340, 341, 342, 343, 344, 345, 346, 347, 348, 349, 350, 351, 352, 353, 354, 355, 356, 357, 358, 359, 360, 361, 362, 363, 364, 365, 366, 367, 368, 369, 370, 371, 372, 373, 374, 375, 376, 377, 378, 379, 380, 381, 382, 383, 384, 385, 386, 387, 388, 389, 390, 391, 392, 393, 394, 395, 396, 397, 794, 795, 796, 797, 798, 799, 800, 801, 802, 803, 804, 805, 806, 807, 808, 809, 810, 811, 812, 813, 814, 815, 816, 817, 818, 819, 820, 821, 822, 823, 824, 825, 826, 827, 828, 829, 830, 831, 832, 833, 834, 835, 836, 837, 838, 839, 840, 841, 842, 843, 844, 845, 846, 847]","[371, 392, 821, 842]","[446, 468, 860, 896, 915]","[89, 108, 172, 217, 221, 239, 264, 280, 321, 342, 343, 344, 345, 346, 349, 351, 352, 355, 357, 359, 364, 368, 371, 372, 373, 374, 376, 377, 387, 392, 393, 403, 409, 411, 414, 424, 430, 449, 454, 470, 480, 560, 584, 643, 685, 703, 724, 739, 779, 798, 799, 800, 801, 804, 806, 807, 810, 812, 814, 816, 821, 822, 823, 824, 826, 827, 837, 842, 843, 852, 859, 862, 865, 869, 876, 882, 897, 901, 917, 932]","[2, 9, 10, 63, 64, 82, 111, 112, 113, 199, 240, 241, 242, 243, 279, 284, 285, 300, 370, 371, 372, 488, 494, 495, 537, 538, 553, 581, 582, 583, 670, 704, 705, 706, 707, 738, 743, 744, 759, 818, 820, 821, 822]","[2, 9, 10, 82, 111, 112, 113, 199, 279, 284, 285, 300, 488, 494, 495, 553, 581, 582, 583, 670, 738, 743, 744, 759, 818]",6/6 successful match,True,"[256, 257, 258, 259]",True,236,False,,1.0,True,Petro Sparks # 338 ( Valero ) PETRO,Valero
"Sparks , 89431 TravelCenters of America / Reno - Sparks",775-359-0550 I-80 Exit 19 ( McCarran Blvd ) TA,<U+2610>,Sparks,89431,TravelCenters of America / Reno - Sparks,775-359-0550,2006,Sparks,NV,TravelCenters,( McCarran Blvd ) TA,I-80 Exit 19 ,Exit,19,False,,False,I-80,,,,,"[392, 842]","[371, 392, 821, 842]","[371, 392, 821, 842]","[0, 392, 485, 842]","[338, 339, 340, 341, 342, 343, 344, 345, 346, 347, 348, 349, 350, 351, 352, 353, 354, 355, 356, 357, 358, 359, 360, 361, 362, 363, 364, 365, 366, 367, 368, 369, 370, 371, 372, 373, 374, 375, 376, 377, 378, 379, 380, 381, 382, 383, 384, 385, 386, 387, 388, 389, 390, 391, 392, 393, 394, 395, 396, 397, 794, 795, 796, 797, 798, 799, 800, 801, 802, 803, 804, 805, 806, 807, 808, 809, 810, 811, 812, 813, 814, 815, 816, 817, 818, 819, 820, 821, 822, 823, 824, 825, 826, 827, 828, 829, 830, 831, 832, 833, 834, 835, 836, 837, 838, 839, 840, 841, 842, 843, 844, 845, 846, 847]","[89, 108, 172, 217, 221, 239, 264, 280, 321, 342, 343, 344, 345, 346, 349, 351, 352, 355, 357, 359, 364, 368, 371, 372, 373, 374, 376, 377, 387, 392, 393, 403, 409, 411, 414, 424, 430, 449, 454, 470, 480, 560, 584, 643, 685, 703, 724, 739, 779, 798, 799, 800, 801, 804, 806, 807, 810, 812, 814, 816, 821, 822, 823, 824, 826, 827, 837, 842, 843, 852, 859, 862, 865, 869, 876, 882, 897, 901, 917, 932]","[98, 476, 481, 569, 924, 925]",[],"[0, 876, 560, 569, 584, 321, 89, 98, 108, 643, 172, 685, 882, 703, 852, 724, 217, 221, 859, 739, 239, 862, 865, 264, 779, 869, 280, 794, 795, 796, 797, 798, 799, 800, 801, 802, 803, 804, 805, 806, 807, 808, 809, 810, 811, 812, 813, 814, 815, 816, 817, 818, 819, 820, 821, 822, 823, 824, 825, 826, 827, 828, 829, 830, 831, 832, 833, 834, 835, 836, 837, 838, 839, 840, 841, 842, 843, 844, 845, 846, 847, 338, 339, 340, 341, 342, 343, 344, 345, 346, 347, 348, 349, 350, 351, 352, 353, 354, 355, 356, 357, 358, 359, 360, 361, 362, 363, 364, 365, 366, 367, 368, 369, 370, 371, 372, 373, 374, 375, 376, 377, 378, 379, 380, 381, 382, 383, 384, 385, 386, 387, 388, 389, 390, 391, 392, 393, 394, 395, 396, 397, 901, 403, 917, 409, 411, 924, 925, 414, 897, 932, 424, 430, 449, 454, 470, 476, 480, 481, 485]",True,"[371, 392, 821, 842]","[338, 339, 340, 341, 342, 343, 344, 345, 346, 347, 348, 349, 350, 351, 352, 353, 354, 355, 356, 357, 358, 359, 360, 361, 362, 363, 364, 365, 366, 367, 368, 369, 370, 371, 372, 373, 374, 375, 376, 377, 378, 379, 380, 381, 382, 383, 384, 385, 386, 387, 388, 389, 390, 391, 392, 393, 394, 395, 396, 397, 794, 795, 796, 797, 798, 799, 800, 801, 802, 803, 804, 805, 806, 807, 808, 809, 810, 811, 812, 813, 814, 815, 816, 817, 818, 819, 820, 821, 822, 823, 824, 825, 826, 827, 828, 829, 830, 831, 832, 833, 834, 835, 836, 837, 838, 839, 840, 841, 842, 843, 844, 845, 846, 847]","[371, 392, 821, 842]","[0, 392, 485, 842]","[89, 108, 172, 217, 221, 239, 264, 280, 321, 342, 343, 344, 345, 346, 349, 351, 352, 355, 357, 359, 364, 368, 371, 372, 373, 374, 376, 377, 387, 392, 393, 403, 409, 411, 414, 424, 430, 449, 454, 470, 480, 560, 584, 643, 685, 703, 724, 739, 779, 798, 799, 800, 801, 804, 806, 807, 810, 812, 814, 816, 821, 822, 823, 824, 826, 827, 837, 842, 843, 852, 859, 862, 865, 869, 876, 882, 897, 901, 917, 932]",[],"[98, 476, 481, 569, 924, 925]",6/6 successful match,True,"[710, 711, 712, 713, 714, 715]",True,237,False,,,,,
"Sparks , 89431 TravelCenters of America",775-359-0550 I-80 Exit 19 ( McCarran Blvd ) TA,24 XL 19 <U+2610>,Sparks,89431,TravelCenters of America,775-359-0550,2007,Sparks,NV,TravelCenters,( McCarran Blvd ) TA,I-80 Exit 19 ,Exit,19,False,,False,I-80,,,,,"[392, 842]","[371, 392, 821, 842]","[371, 392, 821, 842]","[0, 392, 485, 842]","[338, 339, 340, 341, 342, 343, 344, 345, 346, 347, 348, 349, 350, 351, 352, 353, 354, 355, 356, 357, 358, 359, 360, 361, 362, 363, 364, 365, 366, 367, 368, 369, 370, 371, 372, 373, 374, 375, 376, 377, 378, 379, 380, 381, 382, 383, 384, 385, 386, 387, 388, 389, 390, 391, 392, 393, 394, 395, 396, 397, 794, 795, 796, 797, 798, 799, 800, 801, 802, 803, 804, 805, 806, 807, 808, 809, 810, 811, 812, 813, 814, 815, 816, 817, 818, 819, 820, 821, 822, 823, 824, 825, 826, 827, 828, 829, 830, 831, 832, 833, 834, 835, 836, 837, 838, 839, 840, 841, 842, 843, 844, 845, 846, 847]","[89, 108, 172, 217, 221, 239, 264, 280, 321, 342, 343, 344, 345, 346, 349, 351, 352, 355, 357, 359, 364, 368, 371, 372, 373, 374, 376, 377, 387, 392, 393, 403, 409, 411, 414, 424, 430, 449, 454, 470, 480, 560, 584, 643, 685, 703, 724, 739, 779, 798, 799, 800, 801, 804, 806, 807, 810, 812, 814, 816, 821, 822, 823, 824, 826, 827, 837, 842, 843, 852, 859, 862, 865, 869, 876, 882, 897, 901, 917, 932]","[98, 476, 481, 569, 924, 925]",[],"[0, 876, 560, 569, 584, 321, 89, 98, 108, 643, 172, 685, 882, 703, 852, 724, 217, 221, 859, 739, 239, 862, 865, 264, 779, 869, 280, 794, 795, 796, 797, 798, 799, 800, 801, 802, 803, 804, 805, 806, 807, 808, 809, 810, 811, 812, 813, 814, 815, 816, 817, 818, 819, 820, 821, 822, 823, 824, 825, 826, 827, 828, 829, 830, 831, 832, 833, 834, 835, 836, 837, 838, 839, 840, 841, 842, 843, 844, 845, 846, 847, 338, 339, 340, 341, 342, 343, 344, 345, 346, 347, 348, 349, 350, 351, 352, 353, 354, 355, 356, 357, 358, 359, 360, 361, 362, 363, 364, 365, 366, 367, 368, 369, 370, 371, 372, 373, 374, 375, 376, 377, 378, 379, 380, 381, 382, 383, 384, 385, 386, 387, 388, 389, 390, 391, 392, 393, 394, 395, 396, 397, 901, 403, 917, 409, 411, 924, 925, 414, 897, 932, 424, 430, 449, 454, 470, 476, 480, 481, 485]",True,"[371, 392, 821, 842]","[338, 339, 340, 341, 342, 343, 344, 345, 346, 347, 348, 349, 350, 351, 352, 353, 354, 355, 356, 357, 358, 359, 360, 361, 362, 363, 364, 365, 366, 367, 368, 369, 370, 371, 372, 373, 374, 375, 376, 377, 378, 379, 380, 381, 382, 383, 384, 385, 386, 387, 388, 389, 390, 391, 392, 393, 394, 395, 396, 397, 794, 795, 796, 797, 798, 799, 800, 801, 802, 803, 804, 805, 806, 807, 808, 809, 810, 811, 812, 813, 814, 815, 816, 817, 818, 819, 820, 821, 822, 823, 824, 825, 826, 827, 828, 829, 830, 831, 832, 833, 834, 835, 836, 837, 838, 839, 840, 841, 842, 843, 844, 845, 846, 847]","[371, 392, 821, 842]","[0, 392, 485, 842]","[89, 108, 172, 217, 221, 239, 264, 280, 321, 342, 343, 344, 345, 346, 349, 351, 352, 355, 357, 359, 364, 368, 371, 372, 373, 374, 376, 377, 387, 392, 393, 403, 409, 411, 414, 424, 430, 449, 454, 470, 480, 560, 584, 643, 685, 703, 724, 739, 779, 798, 799, 800, 801, 804, 806, 807, 810, 812, 814, 816, 821, 822, 823, 824, 826, 827, 837, 842, 843, 852, 859, 862, 865, 869, 876, 882, 897, 901, 917, 932]",[],"[98, 476, 481, 569, 924, 925]",6/6 successful match,True,"[710, 711, 712, 713, 714, 715]",True,237,False,,0.925,True,TravelCenters of America / Reno - Sparks,TravelCenters
"Sparks , 89431 TA- Reno - Sparks",775-359-0550 I-80 Exit 19 ( McCarran Blvd ) TA,HAS 24 XL 24,Sparks,89431,TA- Reno - Sparks,775-359-0550,2008,Sparks,NV,,( McCarran Blvd ) TA,I-80 Exit 19 ,Exit,19,False,,False,I-80,,,,,"[392, 842]","[371, 392, 821, 842]","[371, 392, 821, 842]","[0, 392, 485, 842]","[338, 339, 340, 341, 342, 343, 344, 345, 346, 347, 348, 349, 350, 351, 352, 353, 354, 355, 356, 357, 358, 359, 360, 361, 362, 363, 364, 365, 366, 367, 368, 369, 370, 371, 372, 373, 374, 375, 376, 377, 378, 379, 380, 381, 382, 383, 384, 385, 386, 387, 388, 389, 390, 391, 392, 393, 394, 395, 396, 397, 794, 795, 796, 797, 798, 799, 800, 801, 802, 803, 804, 805, 806, 807, 808, 809, 810, 811, 812, 813, 814, 815, 816, 817, 818, 819, 820, 821, 822, 823, 824, 825, 826, 827, 828, 829, 830, 831, 832, 833, 834, 835, 836, 837, 838, 839, 840, 841, 842, 843, 844, 845, 846, 847]","[89, 108, 172, 217, 221, 239, 264, 280, 321, 342, 343, 344, 345, 346, 349, 351, 352, 355, 357, 359, 364, 368, 371, 372, 373, 374, 376, 377, 387, 392, 393, 403, 409, 411, 414, 424, 430, 449, 454, 470, 480, 560, 584, 643, 685, 703, 724, 739, 779, 798, 799, 800, 801, 804, 806, 807, 810, 812, 814, 816, 821, 822, 823, 824, 826, 827, 837, 842, 843, 852, 859, 862, 865, 869, 876, 882, 897, 901, 917, 932]",[],"[301, 476, 924, 925]","[0, 876, 560, 584, 321, 89, 108, 643, 172, 685, 882, 703, 852, 724, 217, 221, 859, 739, 239, 862, 865, 264, 779, 869, 280, 794, 795, 796, 797, 798, 799, 800, 801, 802, 803, 804, 805, 806, 807, 808, 809, 810, 811, 812, 813, 814, 815, 816, 817, 818, 819, 820, 821, 822, 823, 824, 825, 826, 827, 828, 829, 830, 831, 832, 833, 834, 835, 836, 837, 838, 839, 840, 841, 842, 843, 844, 845, 846, 847, 338, 339, 340, 341, 342, 343, 344, 345, 346, 347, 348, 349, 350, 351, 352, 353, 354, 355, 356, 357, 358, 359, 360, 361, 362, 363, 364, 365, 366, 367, 368, 369, 370, 371, 372, 373, 374, 375, 376, 377, 378, 379, 380, 381, 382, 383, 384, 385, 386, 387, 388, 389, 390, 391, 392, 393, 394, 395, 396, 397, 901, 403, 917, 409, 411, 924, 925, 414, 897, 932, 424, 430, 449, 454, 470, 476, 480, 485, 301]",True,"[371, 392, 821, 842]","[338, 339, 340, 341, 342, 343, 344, 345, 346, 347, 348, 349, 350, 351, 352, 353, 354, 355, 356, 357, 358, 359, 360, 361, 362, 363, 364, 365, 366, 367, 368, 369, 370, 371, 372, 373, 374, 375, 376, 377, 378, 379, 380, 381, 382, 383, 384, 385, 386, 387, 388, 389, 390, 391, 392, 393, 394, 395, 396, 397, 794, 795, 796, 797, 798, 799, 800, 801, 802, 803, 804, 805, 806, 807, 808, 809, 810, 811, 812, 813, 814, 815, 816, 817, 818, 819, 820, 821, 822, 823, 824, 825, 826, 827, 828, 829, 830, 831, 832, 833, 834, 835, 836, 837, 838, 839, 840, 841, 842, 843, 844, 845, 846, 847]","[371, 392, 821, 842]","[0, 392, 485, 842]","[89, 108, 172, 217, 221, 239, 264, 280, 321, 342, 343, 344, 345, 346, 349, 351, 352, 355, 357, 359, 364, 368, 371, 372, 373, 374, 376, 377, 387, 392, 393, 403, 409, 411, 414, 424, 430, 449, 454, 470, 480, 560, 584, 643, 685, 703, 724, 739, 779, 798, 799, 800, 801, 804, 806, 807, 810, 812, 814, 816, 821, 822, 823, 824, 826, 827, 837, 842, 843, 852, 859, 862, 865, 869, 876, 882, 897, 901, 917, 932]","[301, 476, 924, 925]",[],5/6 successful match,True,"[710, 711, 712, 713, 714, 715]",True,237,True,2008,0.1951219512195122,True,TravelCenters of America,TravelCenters
D Sparks ( 89431 ) TA Sparks # 172 ( Valero ),775-359-0550 I-80 Exit 19 ( McCarran Blvd ),A 24 <U+2610> XL 24,Sparks,89431,TA Sparks # 172 ( Valero ),775-359-0550,2014,Sparks,NV,Valero,( McCarran Blvd ),I-80 Exit 19 ,Exit,19,False,,False,I-80,,,,,"[392, 842]","[371, 392, 821, 842]","[371, 392, 821, 842]","[0, 392, 485, 842]","[338, 339, 340, 341, 342, 343, 344, 345, 346, 347, 348, 349, 350, 351, 352, 353, 354, 355, 356, 357, 358, 359, 360, 361, 362, 363, 364, 365, 366, 367, 368, 369, 370, 371, 372, 373, 374, 375, 376, 377, 378, 379, 380, 381, 382, 383, 384, 385, 386, 387, 388, 389, 390, 391, 392, 393, 394, 395, 396, 397, 794, 795, 796, 797, 798, 799, 800, 801, 802, 803, 804, 805, 806, 807, 808, 809, 810, 811, 812, 813, 814, 815, 816, 817, 818, 819, 820, 821, 822, 823, 824, 825, 826, 827, 828, 829, 830, 831, 832, 833, 834, 835, 836, 837, 838, 839, 840, 841, 842, 843, 844, 845, 846, 847]","[89, 108, 172, 217, 221, 239, 264, 280, 321, 342, 343, 344, 345, 346, 349, 351, 352, 355, 357, 359, 364, 368, 371, 372, 373, 374, 376, 377, 387, 392, 393, 403, 409, 411, 414, 424, 430, 449, 454, 470, 480, 560, 584, 643, 685, 703, 724, 739, 779, 798, 799, 800, 801, 804, 806, 807, 810, 812, 814, 816, 821, 822, 823, 824, 826, 827, 837, 842, 843, 852, 859, 862, 865, 869, 876, 882, 897, 901, 917, 932]","[2, 9, 10, 82, 111, 112, 113, 199, 279, 284, 285, 300, 488, 494, 495, 553, 581, 582, 583, 670, 738, 743, 744, 759, 818]","[2, 9, 10, 82, 111, 112, 113, 199, 279, 284, 285, 300, 301, 392, 476, 488, 494, 495, 553, 581, 582, 583, 670, 738, 743, 744, 759, 818, 842, 924, 925]","[0, 2, 9, 10, 876, 553, 560, 581, 582, 583, 584, 321, 82, 89, 108, 111, 112, 113, 643, 670, 172, 685, 882, 703, 852, 199, 724, 217, 221, 859, 739, 738, 743, 744, 239, 862, 759, 865, 264, 779, 869, 279, 280, 794, 795, 796, 797, 798, 799, 800, 801, 802, 803, 804, 805, 806, 807, 808, 809, 810, 811, 812, 813, 814, 815, 816, 817, 818, 819, 820, 821, 822, 823, 824, 825, 826, 827, 828, 829, 830, 831, 832, 833, 834, 835, 836, 837, 838, 839, 840, 841, 842, 843, 844, 845, 846, 847, 338, 339, 340, 341, 342, 343, 344, 345, 346, 347, 348, 349, 350, 351, 352, 353, 354, 355, 356, 357, 358, 359, 360, 361, 362, 363, 364, 365, 366, 367, 368, 369, 370, 371, 372, 373, 374, 375, 376, 377, 378, 379, 380, 381, 382, 383, 384, 385, 386, 387, 388, 389, 390, 391, 392, 393, 394, 395, 396, 397, 901, 403, 917, 284, 409, 285, 411, 924, 925, 414, 897, 932, 424, 430, 449, 454, 470, 476, 480, 485, 300, 488, 301, 494, 495]",True,"[371, 392, 821, 842]","[338, 339, 340, 341, 342, 343, 344, 345, 346, 347, 348, 349, 350, 351, 352, 353, 354, 355, 356, 357, 358, 359, 360, 361, 362, 363, 364, 365, 366, 367, 368, 369, 370, 371, 372, 373, 374, 375, 376, 377, 378, 379, 380, 381, 382, 383, 384, 385, 386, 387, 388, 389, 390, 391, 392, 393, 394, 395, 396, 397, 794, 795, 796, 797, 798, 799, 800, 801, 802, 803, 804, 805, 806, 807, 808, 809, 810, 811, 812, 813, 814, 815, 816, 817, 818, 819, 820, 821, 822, 823, 824, 825, 826, 827, 828, 829, 830, 831, 832, 833, 834, 835, 836, 837, 838, 839, 840, 841, 842, 843, 844, 845, 846, 847]","[371, 392, 821, 842]","[0, 392, 485, 842]","[89, 108, 172, 217, 221, 239, 264, 280, 321, 342, 343, 344, 345, 346, 349, 351, 352, 355, 357, 359, 364, 368, 371, 372, 373, 374, 376, 377, 387, 392, 393, 403, 409, 411, 414, 424, 430, 449, 454, 470, 480, 560, 584, 643, 685, 703, 724, 739, 779, 798, 799, 800, 801, 804, 806, 807, 810, 812, 814, 816, 821, 822, 823, 824, 826, 827, 837, 842, 843, 852, 859, 862, 865, 869, 876, 882, 897, 901, 917, 932]","[2, 9, 10, 82, 111, 112, 113, 199, 279, 284, 285, 300, 301, 392, 476, 488, 494, 495, 553, 581, 582, 583, 670, 738, 743, 744, 759, 818, 842, 924, 925]","[2, 9, 10, 82, 111, 112, 113, 199, 279, 284, 285, 300, 488, 494, 495, 553, 581, 582, 583, 670, 738, 743, 744, 759, 818]",6/6 successful match,True,"[710, 711, 712, 713, 714, 715]",True,237,False,,0.4255813953488372,True,TA- Reno - Sparks,
D Sparks ( 89431 ) TA Sparks # 172 ( Valero ),775-359-0550 I-80 Exit 19 ( McCarran Blvd ) TA,TA 24 <U+25A1> XL,Sparks,89431,TA Sparks # 172 ( Valero ),775-359-0550,2015,Sparks,NV,Valero,( McCarran Blvd ) TA,I-80 Exit 19 ,Exit,19,False,,False,I-80,,,,,"[392, 842]","[371, 392, 821, 842]","[371, 392, 821, 842]","[0, 392, 485, 842]","[338, 339, 340, 341, 342, 343, 344, 345, 346, 347, 348, 349, 350, 351, 352, 353, 354, 355, 356, 357, 358, 359, 360, 361, 362, 363, 364, 365, 366, 367, 368, 369, 370, 371, 372, 373, 374, 375, 376, 377, 378, 379, 380, 381, 382, 383, 384, 385, 386, 387, 388, 389, 390, 391, 392, 393, 394, 395, 396, 397, 794, 795, 796, 797, 798, 799, 800, 801, 802, 803, 804, 805, 806, 807, 808, 809, 810, 811, 812, 813, 814, 815, 816, 817, 818, 819, 820, 821, 822, 823, 824, 825, 826, 827, 828, 829, 830, 831, 832, 833, 834, 835, 836, 837, 838, 839, 840, 841, 842, 843, 844, 845, 846, 847]","[89, 108, 172, 217, 221, 239, 264, 280, 321, 342, 343, 344, 345, 346, 349, 351, 352, 355, 357, 359, 364, 368, 371, 372, 373, 374, 376, 377, 387, 392, 393, 403, 409, 411, 414, 424, 430, 449, 454, 470, 480, 560, 584, 643, 685, 703, 724, 739, 779, 798, 799, 800, 801, 804, 806, 807, 810, 812, 814, 816, 821, 822, 823, 824, 826, 827, 837, 842, 843, 852, 859, 862, 865, 869, 876, 882, 897, 901, 917, 932]","[2, 9, 10, 82, 111, 112, 113, 199, 279, 284, 285, 300, 488, 494, 495, 553, 581, 582, 583, 670, 738, 743, 744, 759, 818]","[2, 9, 10, 82, 111, 112, 113, 199, 279, 284, 285, 300, 301, 392, 476, 488, 494, 495, 553, 581, 582, 583, 670, 738, 743, 744, 759, 818, 842, 924, 925]","[0, 2, 9, 10, 876, 553, 560, 581, 582, 583, 584, 321, 82, 89, 108, 111, 112, 113, 643, 670, 172, 685, 882, 703, 852, 199, 724, 217, 221, 859, 739, 738, 743, 744, 239, 862, 759, 865, 264, 779, 869, 279, 280, 794, 795, 796, 797, 798, 799, 800, 801, 802, 803, 804, 805, 806, 807, 808, 809, 810, 811, 812, 813, 814, 815, 816, 817, 818, 819, 820, 821, 822, 823, 824, 825, 826, 827, 828, 829, 830, 831, 832, 833, 834, 835, 836, 837, 838, 839, 840, 841, 842, 843, 844, 845, 846, 847, 338, 339, 340, 341, 342, 343, 344, 345, 346, 347, 348, 349, 350, 351, 352, 353, 354, 355, 356, 357, 358, 359, 360, 361, 362, 363, 364, 365, 366, 367, 368, 369, 370, 371, 372, 373, 374, 375, 376, 377, 378, 379, 380, 381, 382, 383, 384, 385, 386, 387, 388, 389, 390, 391, 392, 393, 394, 395, 396, 397, 901, 403, 917, 284, 409, 285, 411, 924, 925, 414, 897, 932, 424, 430, 449, 454, 470, 476, 480, 485, 300, 488, 301, 494, 495]",True,"[371, 392, 821, 842]","[338, 339, 340, 341, 342, 343, 344, 345, 346, 347, 348, 349, 350, 351, 352, 353, 354, 355, 356, 357, 358, 359, 360, 361, 362, 363, 364, 365, 366, 367, 368, 369, 370, 371, 372, 373, 374, 375, 376, 377, 378, 379, 380, 381, 382, 383, 384, 385, 386, 387, 388, 389, 390, 391, 392, 393, 394, 395, 396, 397, 794, 795, 796, 797, 798, 799, 800, 801, 802, 803, 804, 805, 806, 807, 808, 809, 810, 811, 812, 813, 814, 815, 816, 817, 818, 819, 820, 821, 822, 823, 824, 825, 826, 827, 828, 829, 830, 831, 832, 833, 834, 835, 836, 837, 838, 839, 840, 841, 842, 843, 844, 845, 846, 847]","[371, 392, 821, 842]","[0, 392, 485, 842]","[89, 108, 172, 217, 221, 239, 264, 280, 321, 342, 343, 344, 345, 346, 349, 351, 352, 355, 357, 359, 364, 368, 371, 372, 373, 374, 376, 377, 387, 392, 393, 403, 409, 411, 414, 424, 430, 449, 454, 470, 480, 560, 584, 643, 685, 703, 724, 739, 779, 798, 799, 800, 801, 804, 806, 807, 810, 812, 814, 816, 821, 822, 823, 824, 826, 827, 837, 842, 843, 852, 859, 862, 865, 869, 876, 882, 897, 901, 917, 932]","[2, 9, 10, 82, 111, 112, 113, 199, 279, 284, 285, 300, 301, 392, 476, 488, 494, 495, 553, 581, 582, 583, 670, 738, 743, 744, 759, 818, 842, 924, 925]","[2, 9, 10, 82, 111, 112, 113, 199, 279, 284, 285, 300, 488, 494, 495, 553, 581, 582, 583, 670, 738, 743, 744, 759, 818]",6/6 successful match,True,"[710, 711, 712, 713, 714, 715]",True,237,False,,1.0,True,TA Sparks # 172 ( Valero ),Valero
Sparks ( 89431 ) TA Sparks # 172 ( Valero ),775-359-0550 I-80 Exit 19 ( McCarran Blvd ),24 FORS XL,Sparks,89431,TA Sparks # 172 ( Valero ),775-359-0550,2016,Sparks,NV,Valero,( McCarran Blvd ),I-80 Exit 19 ,Exit,19,False,,False,I-80,,,,,"[392, 842]","[371, 392, 821, 842]","[371, 392, 821, 842]","[0, 392, 485, 842]","[338, 339, 340, 341, 342, 343, 344, 345, 346, 347, 348, 349, 350, 351, 352, 353, 354, 355, 356, 357, 358, 359, 360, 361, 362, 363, 364, 365, 366, 367, 368, 369, 370, 371, 372, 373, 374, 375, 376, 377, 378, 379, 380, 381, 382, 383, 384, 385, 386, 387, 388, 389, 390, 391, 392, 393, 394, 395, 396, 397, 794, 795, 796, 797, 798, 799, 800, 801, 802, 803, 804, 805, 806, 807, 808, 809, 810, 811, 812, 813, 814, 815, 816, 817, 818, 819, 820, 821, 822, 823, 824, 825, 826, 827, 828, 829, 830, 831, 832, 833, 834, 835, 836, 837, 838, 839, 840, 841, 842, 843, 844, 845, 846, 847]","[89, 108, 172, 217, 221, 239, 264, 280, 321, 342, 343, 344, 345, 346, 349, 351, 352, 355, 357, 359, 364, 368, 371, 372, 373, 374, 376, 377, 387, 392, 393, 403, 409, 411, 414, 424, 430, 449, 454, 470, 480, 560, 584, 643, 685, 703, 724, 739, 779, 798, 799, 800, 801, 804, 806, 807, 810, 812, 814, 816, 821, 822, 823, 824, 826, 827, 837, 842, 843, 852, 859, 862, 865, 869, 876, 882, 897, 901, 917, 932]","[2, 9, 10, 82, 111, 112, 113, 199, 279, 284, 285, 300, 488, 494, 495, 553, 581, 582, 583, 670, 738, 743, 744, 759, 818]","[2, 9, 10, 82, 111, 112, 113, 199, 279, 284, 285, 300, 301, 392, 476, 488, 494, 495, 553, 581, 582, 583, 670, 738, 743, 744, 759, 818, 842, 924, 925]","[0, 2, 9, 10, 876, 553, 560, 581, 582, 583, 584, 321, 82, 89, 108, 111, 112, 113, 643, 670, 172, 685, 882, 703, 852, 199, 724, 217, 221, 859, 739, 738, 743, 744, 239, 862, 759, 865, 264, 779, 869, 279, 280, 794, 795, 796, 797, 798, 799, 800, 801, 802, 803, 804, 805, 806, 807, 808, 809, 810, 811, 812, 813, 814, 815, 816, 817, 818, 819, 820, 821, 822, 823, 824, 825, 826, 827, 828, 829, 830, 831, 832, 833, 834, 835, 836, 837, 838, 839, 840, 841, 842, 843, 844, 845, 846, 847, 338, 339, 340, 341, 342, 343, 344, 345, 346, 347, 348, 349, 350, 351, 352, 353, 354, 355, 356, 357, 358, 359, 360, 361, 362, 363, 364, 365, 366, 367, 368, 369, 370, 371, 372, 373, 374, 375, 376, 377, 378, 379, 380, 381, 382, 383, 384, 385, 386, 387, 388, 389, 390, 391, 392, 393, 394, 395, 396, 397, 901, 403, 917, 284, 409, 285, 411, 924, 925, 414, 897, 932, 424, 430, 449, 454, 470, 476, 480, 485, 300, 488, 301, 494, 495]",True,"[371, 392, 821, 842]","[338, 339, 340, 341, 342, 343, 344, 345, 346, 347, 348, 349, 350, 351, 352, 353, 354, 355, 356, 357, 358, 359, 360, 361, 362, 363, 364, 365, 366, 367, 368, 369, 370, 371, 372, 373, 374, 375, 376, 377, 378, 379, 380, 381, 382, 383, 384, 385, 386, 387, 388, 389, 390, 391, 392, 393, 394, 395, 396, 397, 794, 795, 796, 797, 798, 799, 800, 801, 802, 803, 804, 805, 806, 807, 808, 809, 810, 811, 812, 813, 814, 815, 816, 817, 818, 819, 820, 821, 822, 823, 824, 825, 826, 827, 828, 829, 830, 831, 832, 833, 834, 835, 836, 837, 838, 839, 840, 841, 842, 843, 844, 845, 846, 847]","[371, 392, 821, 842]","[0, 392, 485, 842]","[89, 108, 172, 217, 221, 239, 264, 280, 321, 342, 343, 344, 345, 346, 349, 351, 352, 355, 357, 359, 364, 368, 371, 372, 373, 374, 376, 377, 387, 392, 393, 403, 409, 411, 414, 424, 430, 449, 454, 470, 480, 560, 584, 643, 685, 703, 724, 739, 779, 798, 799, 800, 801, 804, 806, 807, 810, 812, 814, 816, 821, 822, 823, 824, 826, 827, 837, 842, 843, 852, 859, 862, 865, 869, 876, 882, 897, 901, 917, 932]","[2, 9, 10, 82, 111, 112, 113, 199, 279, 284, 285, 300, 301, 392, 476, 488, 494, 495, 553, 581, 582, 583, 670, 738, 743, 744, 759, 818, 842, 924, 925]","[2, 9, 10, 82, 111, 112, 113, 199, 279, 284, 285, 300, 488, 494, 495, 553, 581, 582, 583, 670, 738, 743, 744, 759, 818]",6/6 successful match,True,"[710, 711, 712, 713, 714, 715]",True,237,False,,1.0,True,TA Sparks # 172 ( Valero ),Valero
,"3 3775-623-0111 - nemucca , 89445 Flying I-80 Exit J Fuel 176 ( Stop 1880 # US 0500025 95 ) ( Conoco )",,,89445,,775-623-0111,2006,Winnemucca,NV,,( Stop 1880 # US 0500025 95 ) ( Conoco ),"nemucca, Flying I-80 Exit J Fuel 176",Exit,,True,unclear address_standardized_OFF_parenthesis,True,I-80,,,,,"[345, 801]","[345, 359, 377, 383, 801, 814, 827, 833]","[345, 359, 377, 801, 814, 827]",[],"[338, 339, 340, 341, 342, 343, 344, 345, 346, 347, 348, 349, 350, 351, 352, 353, 354, 355, 356, 357, 358, 359, 360, 361, 362, 363, 364, 365, 366, 367, 368, 369, 370, 371, 372, 373, 374, 375, 376, 377, 378, 379, 380, 381, 382, 383, 384, 385, 386, 387, 388, 389, 390, 391, 392, 393, 394, 395, 396, 397, 794, 795, 796, 797, 798, 799, 800, 801, 802, 803, 804, 805, 806, 807, 808, 809, 810, 811, 812, 813, 814, 815, 816, 817, 818, 819, 820, 821, 822, 823, 824, 825, 826, 827, 828, 829, 830, 831, 832, 833, 834, 835, 836, 837, 838, 839, 840, 841, 842, 843, 844, 845, 846, 847]","[89, 108, 172, 217, 221, 239, 264, 280, 321, 342, 343, 344, 345, 346, 349, 351, 352, 355, 357, 359, 364, 368, 371, 372, 373, 374, 376, 377, 387, 392, 393, 403, 409, 411, 414, 424, 430, 449, 454, 470, 480, 560, 584, 643, 685, 703, 724, 739, 779, 798, 799, 800, 801, 804, 806, 807, 810, 812, 814, 816, 821, 822, 823, 824, 826, 827, 837, 842, 843, 852, 859, 862, 865, 869, 876, 882, 897, 901, 917, 932]",[],[],"[876, 560, 584, 321, 89, 108, 643, 172, 685, 882, 703, 852, 724, 217, 221, 859, 739, 239, 862, 865, 264, 779, 869, 280, 794, 795, 796, 797, 798, 799, 800, 801, 802, 803, 804, 805, 806, 807, 808, 809, 810, 811, 812, 813, 814, 815, 816, 817, 818, 819, 820, 821, 822, 823, 824, 825, 826, 827, 828, 829, 830, 831, 832, 833, 834, 835, 836, 837, 838, 839, 840, 841, 842, 843, 844, 845, 846, 847, 338, 339, 340, 341, 342, 343, 344, 345, 346, 347, 348, 349, 350, 351, 352, 353, 354, 355, 356, 357, 358, 359, 360, 361, 362, 363, 364, 365, 366, 367, 368, 369, 370, 371, 372, 373, 374, 375, 376, 377, 378, 379, 380, 381, 382, 383, 384, 385, 386, 387, 388, 389, 390, 391, 392, 393, 394, 395, 396, 397, 901, 403, 917, 409, 411, 414, 897, 932, 424, 430, 449, 454, 470, 480]",True,"[345, 359, 377, 383, 801, 814, 827, 833]","[338, 339, 340, 341, 342, 343, 344, 345, 346, 347, 348, 349, 350, 351, 352, 353, 354, 355, 356, 357, 358, 359, 360, 361, 362, 363, 364, 365, 366, 367, 368, 369, 370, 371, 372, 373, 374, 375, 376, 377, 378, 379, 380, 381, 382, 383, 384, 385, 386, 387, 388, 389, 390, 391, 392, 393, 394, 395, 396, 397, 794, 795, 796, 797, 798, 799, 800, 801, 802, 803, 804, 805, 806, 807, 808, 809, 810, 811, 812, 813, 814, 815, 816, 817, 818, 819, 820, 821, 822, 823, 824, 825, 826, 827, 828, 829, 830, 831, 832, 833, 834, 835, 836, 837, 838, 839, 840, 841, 842, 843, 844, 845, 846, 847]","[345, 359, 377, 801, 814, 827]",[],"[89, 108, 172, 217, 221, 239, 264, 280, 321, 342, 343, 344, 345, 346, 349, 351, 352, 355, 357, 359, 364, 368, 371, 372, 373, 374, 376, 377, 387, 392, 393, 403, 409, 411, 414, 424, 430, 449, 454, 470, 480, 560, 584, 643, 685, 703, 724, 739, 779, 798, 799, 800, 801, 804, 806, 807, 810, 812, 814, 816, 821, 822, 823, 824, 826, 827, 837, 842, 843, 852, 859, 862, 865, 869, 876, 882, 897, 901, 917, 932]",[],[],7/6 successful match,True,"[228, 229]",True,238,False,,,,,
"Winnemucca , 89445 Flying J Fuel Stop # 05000250",775-623-0111 I-80 Exit 176 ( 1880 US 95 ),24 MO,Winnemucca,89445,Flying J Fuel Stop # 05000250,775-623-0111,2007,Winnemucca,NV,Flying J,( 1880 US 95 ),I-80 Exit 176 ,Exit,176,False,,False,I-80,,,,,"[345, 801]","[345, 359, 377, 383, 801, 814, 827, 833]","[345, 359, 377, 801, 814, 827]","[138, 257, 345, 359, 609, 719, 801, 814]","[338, 339, 340, 341, 342, 343, 344, 345, 346, 347, 348, 349, 350, 351, 352, 353, 354, 355, 356, 357, 358, 359, 360, 361, 362, 363, 364, 365, 366, 367, 368, 369, 370, 371, 372, 373, 374, 375, 376, 377, 378, 379, 380, 381, 382, 383, 384, 385, 386, 387, 388, 389, 390, 391, 392, 393, 394, 395, 396, 397, 794, 795, 796, 797, 798, 799, 800, 801, 802, 803, 804, 805, 806, 807, 808, 809, 810, 811, 812, 813, 814, 815, 816, 817, 818, 819, 820, 821, 822, 823, 824, 825, 826, 827, 828, 829, 830, 831, 832, 833, 834, 835, 836, 837, 838, 839, 840, 841, 842, 843, 844, 845, 846, 847]","[89, 108, 172, 217, 221, 239, 264, 280, 321, 342, 343, 344, 345, 346, 349, 351, 352, 355, 357, 359, 364, 368, 371, 372, 373, 374, 376, 377, 387, 392, 393, 403, 409, 411, 414, 424, 430, 449, 454, 470, 480, 560, 584, 643, 685, 703, 724, 739, 779, 798, 799, 800, 801, 804, 806, 807, 810, 812, 814, 816, 821, 822, 823, 824, 826, 827, 837, 842, 843, 852, 859, 862, 865, 869, 876, 882, 897, 901, 917, 932]","[17, 18, 19, 20, 21, 22, 23, 156, 157, 158, 159, 160, 161, 162, 163, 164, 165, 166, 167, 341, 342, 343, 344, 345, 412, 413, 414, 415, 416, 417, 418, 419, 420, 421, 422, 502, 503, 504, 505, 506, 507, 628, 629, 630, 631, 632, 633, 634, 635, 636, 637, 638, 639, 792, 797, 798, 799, 800, 801, 863, 864, 865, 866, 867, 868, 869, 870, 871, 872, 873, 874]","[17, 18, 19, 20, 21, 22, 23, 156, 157, 158, 159, 160, 161, 162, 163, 164, 165, 166, 167, 168, 340, 341, 342, 343, 344, 345, 346, 412, 413, 414, 415, 416, 417, 418, 419, 420, 421, 422, 502, 503, 504, 505, 506, 507, 628, 629, 630, 631, 632, 633, 634, 635, 636, 637, 638, 639, 792, 796, 797, 798, 799, 800, 801, 863, 864, 865, 866, 867, 868, 869, 870, 871, 872, 873, 874]","[871, 17, 18, 19, 20, 21, 22, 23, 876, 560, 584, 321, 89, 609, 108, 628, 629, 630, 631, 632, 633, 634, 635, 636, 637, 638, 639, 643, 138, 156, 157, 158, 159, 160, 161, 162, 163, 164, 165, 166, 167, 168, 172, 685, 882, 703, 852, 719, 724, 217, 221, 859, 739, 239, 862, 863, 864, 257, 865, 866, 264, 779, 867, 868, 869, 280, 792, 794, 795, 796, 797, 798, 799, 800, 801, 802, 803, 804, 805, 806, 807, 808, 809, 810, 811, 812, 813, 814, 815, 816, 817, 818, 819, 820, 821, 822, 823, 824, 825, 826, 827, 828, 829, 830, 831, 832, 833, 834, 835, 836, 837, 838, 839, 840, 841, 842, 843, 844, 845, 846, 847, 338, 339, 340, 341, 342, 343, 344, 345, 346, 347, 348, 349, 350, 351, 352, 353, 354, 355, 356, 357, 358, 359, 360, 361, 362, 363, 364, 365, 366, 367, 368, 369, 370, 371, 372, 373, 374, 375, 376, 377, 378, 379, 380, 381, 382, 383, 384, 385, 386, 387, 388, 389, 390, 391, 392, 393, 394, 395, 396, 397, 901, 870, 403, 917, 409, 411, 412, 413, 414, 415, 416, 417, 897, 418, 932, 419, 420, 421, 424, 422, 430, 872, 449, 454, 873, 470, 480, 874, 502, 503, 504, 505, 506, 507]",True,"[345, 359, 377, 383, 801, 814, 827, 833]","[338, 339, 340, 341, 342, 343, 344, 345, 346, 347, 348, 349, 350, 351, 352, 353, 354, 355, 356, 357, 358, 359, 360, 361, 362, 363, 364, 365, 366, 367, 368, 369, 370, 371, 372, 373, 374, 375, 376, 377, 378, 379, 380, 381, 382, 383, 384, 385, 386, 387, 388, 389, 390, 391, 392, 393, 394, 395, 396, 397, 794, 795, 796, 797, 798, 799, 800, 801, 802, 803, 804, 805, 806, 807, 808, 809, 810, 811, 812, 813, 814, 815, 816, 817, 818, 819, 820, 821, 822, 823, 824, 825, 826, 827, 828, 829, 830, 831, 832, 833, 834, 835, 836, 837, 838, 839, 840, 841, 842, 843, 844, 845, 846, 847]","[345, 359, 377, 801, 814, 827]","[138, 257, 345, 359, 609, 719, 801, 814]","[89, 108, 172, 217, 221, 239, 264, 280, 321, 342, 343, 344, 345, 346, 349, 351, 352, 355, 357, 359, 364, 368, 371, 372, 373, 374, 376, 377, 387, 392, 393, 403, 409, 411, 414, 424, 430, 449, 454, 470, 480, 560, 584, 643, 685, 703, 724, 739, 779, 798, 799, 800, 801, 804, 806, 807, 810, 812, 814, 816, 821, 822, 823, 824, 826, 827, 837, 842, 843, 852, 859, 862, 865, 869, 876, 882, 897, 901, 917, 932]","[17, 18, 19, 20, 21, 22, 23, 156, 157, 158, 159, 160, 161, 162, 163, 164, 165, 166, 167, 168, 340, 341, 342, 343, 344, 345, 346, 412, 413, 414, 415, 416, 417, 418, 419, 420, 421, 422, 502, 503, 504, 505, 506, 507, 628, 629, 630, 631, 632, 633, 634, 635, 636, 637, 638, 639, 792, 796, 797, 798, 799, 800, 801, 863, 864, 865, 866, 867, 868, 869, 870, 871, 872, 873, 874]","[17, 18, 19, 20, 21, 22, 23, 156, 157, 158, 159, 160, 161, 162, 163, 164, 165, 166, 167, 341, 342, 343, 344, 345, 412, 413, 414, 415, 416, 417, 418, 419, 420, 421, 422, 502, 503, 504, 505, 506, 507, 628, 629, 630, 631, 632, 633, 634, 635, 636, 637, 638, 639, 792, 797, 798, 799, 800, 801, 863, 864, 865, 866, 867, 868, 869, 870, 871, 872, 873, 874]",7/6 successful match,True,"[228, 229]",True,238,True,2007,0.0,True,,
"Winnemucca , 89445 Flying J Fuel Stop # 0500025",775-623-0111 I-80 Exit 176 ( 1880 US 95 ),FORS 24 M <U+2610><U+2610><U+2610><U+2610><U+2610>,Winnemucca,89445,Flying J Fuel Stop # 0500025,775-623-0111,2008,Winnemucca,NV,Flying J,( 1880 US 95 ),I-80 Exit 176 ,Exit,176,False,,False,I-80,,,,,"[345, 801]","[345, 359, 377, 383, 801, 814, 827, 833]","[345, 359, 377, 801, 814, 827]","[138, 257, 345, 359, 609, 719, 801, 814]","[338, 339, 340, 341, 342, 343, 344, 345, 346, 347, 348, 349, 350, 351, 352, 353, 354, 355, 356, 357, 358, 359, 360, 361, 362, 363, 364, 365, 366, 367, 368, 369, 370, 371, 372, 373, 374, 375, 376, 377, 378, 379, 380, 381, 382, 383, 384, 385, 386, 387, 388, 389, 390, 391, 392, 393, 394, 395, 396, 397, 794, 795, 796, 797, 798, 799, 800, 801, 802, 803, 804, 805, 806, 807, 808, 809, 810, 811, 812, 813, 814, 815, 816, 817, 818, 819, 820, 821, 822, 823, 824, 825, 826, 827, 828, 829, 830, 831, 832, 833, 834, 835, 836, 837, 838, 839, 840, 841, 842, 843, 844, 845, 846, 847]","[89, 108, 172, 217, 221, 239, 264, 280, 321, 342, 343, 344, 345, 346, 349, 351, 352, 355, 357, 359, 364, 368, 371, 372, 373, 374, 376, 377, 387, 392, 393, 403, 409, 411, 414, 424, 430, 449, 454, 470, 480, 560, 584, 643, 685, 703, 724, 739, 779, 798, 799, 800, 801, 804, 806, 807, 810, 812, 814, 816, 821, 822, 823, 824, 826, 827, 837, 842, 843, 852, 859, 862, 865, 869, 876, 882, 897, 901, 917, 932]","[17, 18, 19, 20, 21, 22, 23, 156, 157, 158, 159, 160, 161, 162, 163, 164, 165, 166, 167, 341, 342, 343, 344, 345, 412, 413, 414, 415, 416, 417, 418, 419, 420, 421, 422, 502, 503, 504, 505, 506, 507, 628, 629, 630, 631, 632, 633, 634, 635, 636, 637, 638, 639, 792, 797, 798, 799, 800, 801, 863, 864, 865, 866, 867, 868, 869, 870, 871, 872, 873, 874]","[17, 18, 19, 20, 21, 22, 23, 156, 157, 158, 159, 160, 161, 162, 163, 164, 165, 166, 167, 168, 340, 341, 342, 343, 344, 345, 346, 412, 413, 414, 415, 416, 417, 418, 419, 420, 421, 422, 502, 503, 504, 505, 506, 507, 628, 629, 630, 631, 632, 633, 634, 635, 636, 637, 638, 639, 792, 796, 797, 798, 799, 800, 801, 863, 864, 865, 866, 867, 868, 869, 870, 871, 872, 873, 874]","[871, 17, 18, 19, 20, 21, 22, 23, 876, 560, 584, 321, 89, 609, 108, 628, 629, 630, 631, 632, 633, 634, 635, 636, 637, 638, 639, 643, 138, 156, 157, 158, 159, 160, 161, 162, 163, 164, 165, 166, 167, 168, 172, 685, 882, 703, 852, 719, 724, 217, 221, 859, 739, 239, 862, 863, 864, 257, 865, 866, 264, 779, 867, 868, 869, 280, 792, 794, 795, 796, 797, 798, 799, 800, 801, 802, 803, 804, 805, 806, 807, 808, 809, 810, 811, 812, 813, 814, 815, 816, 817, 818, 819, 820, 821, 822, 823, 824, 825, 826, 827, 828, 829, 830, 831, 832, 833, 834, 835, 836, 837, 838, 839, 840, 841, 842, 843, 844, 845, 846, 847, 338, 339, 340, 341, 342, 343, 344, 345, 346, 347, 348, 349, 350, 351, 352, 353, 354, 355, 356, 357, 358, 359, 360, 361, 362, 363, 364, 365, 366, 367, 368, 369, 370, 371, 372, 373, 374, 375, 376, 377, 378, 379, 380, 381, 382, 383, 384, 385, 386, 387, 388, 389, 390, 391, 392, 393, 394, 395, 396, 397, 901, 870, 403, 917, 409, 411, 412, 413, 414, 415, 416, 417, 897, 418, 932, 419, 420, 421, 424, 422, 430, 872, 449, 454, 873, 470, 480, 874, 502, 503, 504, 505, 506, 507]",True,"[345, 359, 377, 383, 801, 814, 827, 833]","[338, 339, 340, 341, 342, 343, 344, 345, 346, 347, 348, 349, 350, 351, 352, 353, 354, 355, 356, 357, 358, 359, 360, 361, 362, 363, 364, 365, 366, 367, 368, 369, 370, 371, 372, 373, 374, 375, 376, 377, 378, 379, 380, 381, 382, 383, 384, 385, 386, 387, 388, 389, 390, 391, 392, 393, 394, 395, 396, 397, 794, 795, 796, 797, 798, 799, 800, 801, 802, 803, 804, 805, 806, 807, 808, 809, 810, 811, 812, 813, 814, 815, 816, 817, 818, 819, 820, 821, 822, 823, 824, 825, 826, 827, 828, 829, 830, 831, 832, 833, 834, 835, 836, 837, 838, 839, 840, 841, 842, 843, 844, 845, 846, 847]","[345, 359, 377, 801, 814, 827]","[138, 257, 345, 359, 609, 719, 801, 814]","[89, 108, 172, 217, 221, 239, 264, 280, 321, 342, 343, 344, 345, 346, 349, 351, 352, 355, 357, 359, 364, 368, 371, 372, 373, 374, 376, 377, 387, 392, 393, 403, 409, 411, 414, 424, 430, 449, 454, 470, 480, 560, 584, 643, 685, 703, 724, 739, 779, 798, 799, 800, 801, 804, 806, 807, 810, 812, 814, 816, 821, 822, 823, 824, 826, 827, 837, 842, 843, 852, 859, 862, 865, 869, 876, 882, 897, 901, 917, 932]","[17, 18, 19, 20, 21, 22, 23, 156, 157, 158, 159, 160, 161, 162, 163, 164, 165, 166, 167, 168, 340, 341, 342, 343, 344, 345, 346, 412, 413, 414, 415, 416, 417, 418, 419, 420, 421, 422, 502, 503, 504, 505, 506, 507, 628, 629, 630, 631, 632, 633, 634, 635, 636, 637, 638, 639, 792, 796, 797, 798, 799, 800, 801, 863, 864, 865, 866, 867, 868, 869, 870, 871, 872, 873, 874]","[17, 18, 19, 20, 21, 22, 23, 156, 157, 158, 159, 160, 161, 162, 163, 164, 165, 166, 167, 341, 342, 343, 344, 345, 412, 413, 414, 415, 416, 417, 418, 419, 420, 421, 422, 502, 503, 504, 505, 506, 507, 628, 629, 630, 631, 632, 633, 634, 635, 636, 637, 638, 639, 792, 797, 798, 799, 800, 801, 863, 864, 865, 866, 867, 868, 869, 870, 871, 872, 873, 874]",7/6 successful match,True,"[228, 229]",True,238,False,,0.6280701754385964,True,Flying J Fuel Stop # 05000250,Flying J
B Winnemucca ( 89445 ) Flying J Fuel Stop # 770,775-623-0111 I-80 Exit 176 ( 1880 US 95 ),24,Winnemucca,89445,Flying J Fuel Stop # 770,775-623-0111,2014,Winnemucca,NV,Flying J,( 1880 US 95 ),I-80 Exit 176 ,Exit,176,False,,False,I-80,,,,,"[345, 801]","[345, 359, 377, 383, 801, 814, 827, 833]","[345, 359, 377, 801, 814, 827]","[138, 257, 345, 359, 609, 719, 801, 814]","[338, 339, 340, 341, 342, 343, 344, 345, 346, 347, 348, 349, 350, 351, 352, 353, 354, 355, 356, 357, 358, 359, 360, 361, 362, 363, 364, 365, 366, 367, 368, 369, 370, 371, 372, 373, 374, 375, 376, 377, 378, 379, 380, 381, 382, 383, 384, 385, 386, 387, 388, 389, 390, 391, 392, 393, 394, 395, 396, 397, 794, 795, 796, 797, 798, 799, 800, 801, 802, 803, 804, 805, 806, 807, 808, 809, 810, 811, 812, 813, 814, 815, 816, 817, 818, 819, 820, 821, 822, 823, 824, 825, 826, 827, 828, 829, 830, 831, 832, 833, 834, 835, 836, 837, 838, 839, 840, 841, 842, 843, 844, 845, 846, 847]","[89, 108, 172, 217, 221, 239, 264, 280, 321, 342, 343, 344, 345, 346, 349, 351, 352, 355, 357, 359, 364, 368, 371, 372, 373, 374, 376, 377, 387, 392, 393, 403, 409, 411, 414, 424, 430, 449, 454, 470, 480, 560, 584, 643, 685, 703, 724, 739, 779, 798, 799, 800, 801, 804, 806, 807, 810, 812, 814, 816, 821, 822, 823, 824, 826, 827, 837, 842, 843, 852, 859, 862, 865, 869, 876, 882, 897, 901, 917, 932]","[17, 18, 19, 20, 21, 22, 23, 156, 157, 158, 159, 160, 161, 162, 163, 164, 165, 166, 167, 341, 342, 343, 344, 345, 412, 413, 414, 415, 416, 417, 418, 419, 420, 421, 422, 502, 503, 504, 505, 506, 507, 628, 629, 630, 631, 632, 633, 634, 635, 636, 637, 638, 639, 792, 797, 798, 799, 800, 801, 863, 864, 865, 866, 867, 868, 869, 870, 871, 872, 873, 874]","[17, 18, 19, 20, 21, 22, 23, 156, 157, 158, 159, 160, 161, 162, 163, 164, 165, 166, 167, 168, 340, 341, 342, 343, 344, 345, 346, 412, 413, 414, 415, 416, 417, 418, 419, 420, 421, 422, 502, 503, 504, 505, 506, 507, 628, 629, 630, 631, 632, 633, 634, 635, 636, 637, 638, 639, 792, 796, 797, 798, 799, 800, 801, 863, 864, 865, 866, 867, 868, 869, 870, 871, 872, 873, 874]","[871, 17, 18, 19, 20, 21, 22, 23, 876, 560, 584, 321, 89, 609, 108, 628, 629, 630, 631, 632, 633, 634, 635, 636, 637, 638, 639, 643, 138, 156, 157, 158, 159, 160, 161, 162, 163, 164, 165, 166, 167, 168, 172, 685, 882, 703, 852, 719, 724, 217, 221, 859, 739, 239, 862, 863, 864, 257, 865, 866, 264, 779, 867, 868, 869, 280, 792, 794, 795, 796, 797, 798, 799, 800, 801, 802, 803, 804, 805, 806, 807, 808, 809, 810, 811, 812, 813, 814, 815, 816, 817, 818, 819, 820, 821, 822, 823, 824, 825, 826, 827, 828, 829, 830, 831, 832, 833, 834, 835, 836, 837, 838, 839, 840, 841, 842, 843, 844, 845, 846, 847, 338, 339, 340, 341, 342, 343, 344, 345, 346, 347, 348, 349, 350, 351, 352, 353, 354, 355, 356, 357, 358, 359, 360, 361, 362, 363, 364, 365, 366, 367, 368, 369, 370, 371, 372, 373, 374, 375, 376, 377, 378, 379, 380, 381, 382, 383, 384, 385, 386, 387, 388, 389, 390, 391, 392, 393, 394, 395, 396, 397, 901, 870, 403, 917, 409, 411, 412, 413, 414, 415, 416, 417, 897, 418, 932, 419, 420, 421, 424, 422, 430, 872, 449, 454, 873, 470, 480, 874, 502, 503, 504, 505, 506, 507]",True,"[345, 359, 377, 383, 801, 814, 827, 833]","[338, 339, 340, 341, 342, 343, 344, 345, 346, 347, 348, 349, 350, 351, 352, 353, 354, 355, 356, 357, 358, 359, 360, 361, 362, 363, 364, 365, 366, 367, 368, 369, 370, 371, 372, 373, 374, 375, 376, 377, 378, 379, 380, 381, 382, 383, 384, 385, 386, 387, 388, 389, 390, 391, 392, 393, 394, 395, 396, 397, 794, 795, 796, 797, 798, 799, 800, 801, 802, 803, 804, 805, 806, 807, 808, 809, 810, 811, 812, 813, 814, 815, 816, 817, 818, 819, 820, 821, 822, 823, 824, 825, 826, 827, 828, 829, 830, 831, 832, 833, 834, 835, 836, 837, 838, 839, 840, 841, 842, 843, 844, 845, 846, 847]","[345, 359, 377, 801, 814, 827]","[138, 257, 345, 359, 609, 719, 801, 814]","[89, 108, 172, 217, 221, 239, 264, 280, 321, 342, 343, 344, 345, 346, 349, 351, 352, 355, 357, 359, 364, 368, 371, 372, 373, 374, 376, 377, 387, 392, 393, 403, 409, 411, 414, 424, 430, 449, 454, 470, 480, 560, 584, 643, 685, 703, 724, 739, 779, 798, 799, 800, 801, 804, 806, 807, 810, 812, 814, 816, 821, 822, 823, 824, 826, 827, 837, 842, 843, 852, 859, 862, 865, 869, 876, 882, 897, 901, 917, 932]","[17, 18, 19, 20, 21, 22, 23, 156, 157, 158, 159, 160, 161, 162, 163, 164, 165, 166, 167, 168, 340, 341, 342, 343, 344, 345, 346, 412, 413, 414, 415, 416, 417, 418, 419, 420, 421, 422, 502, 503, 504, 505, 506, 507, 628, 629, 630, 631, 632, 633, 634, 635, 636, 637, 638, 639, 792, 796, 797, 798, 799, 800, 801, 863, 864, 865, 866, 867, 868, 869, 870, 871, 872, 873, 874]","[17, 18, 19, 20, 21, 22, 23, 156, 157, 158, 159, 160, 161, 162, 163, 164, 165, 166, 167, 341, 342, 343, 344, 345, 412, 413, 414, 415, 416, 417, 418, 419, 420, 421, 422, 502, 503, 504, 505, 506, 507, 628, 629, 630, 631, 632, 633, 634, 635, 636, 637, 638, 639, 792, 797, 798, 799, 800, 801, 863, 864, 865, 866, 867, 868, 869, 870, 871, 872, 873, 874]",7/6 successful match,True,"[228, 229]",True,238,False,,0.5871794871794871,True,Flying J Fuel Stop # 0500025,Flying J
B Winnemucca ( 89445 ) Flying J Fuel Stop # 770 FLYING,775-623-0111 I-80 Exit 176 ( 1880 US 95 ),FLYING J 24 LO,Winnemucca,89445,Flying J Fuel Stop # 770 FLYING,775-623-0111,2015,Winnemucca,NV,Flying J,( 1880 US 95 ),I-80 Exit 176 ,Exit,176,False,,False,I-80,,,,,"[345, 801]","[345, 359, 377, 383, 801, 814, 827, 833]","[345, 359, 377, 801, 814, 827]","[138, 257, 345, 359, 609, 719, 801, 814]","[338, 339, 340, 341, 342, 343, 344, 345, 346, 347, 348, 349, 350, 351, 352, 353, 354, 355, 356, 357, 358, 359, 360, 361, 362, 363, 364, 365, 366, 367, 368, 369, 370, 371, 372, 373, 374, 375, 376, 377, 378, 379, 380, 381, 382, 383, 384, 385, 386, 387, 388, 389, 390, 391, 392, 393, 394, 395, 396, 397, 794, 795, 796, 797, 798, 799, 800, 801, 802, 803, 804, 805, 806, 807, 808, 809, 810, 811, 812, 813, 814, 815, 816, 817, 818, 819, 820, 821, 822, 823, 824, 825, 826, 827, 828, 829, 830, 831, 832, 833, 834, 835, 836, 837, 838, 839, 840, 841, 842, 843, 844, 845, 846, 847]","[89, 108, 172, 217, 221, 239, 264, 280, 321, 342, 343, 344, 345, 346, 349, 351, 352, 355, 357, 359, 364, 368, 371, 372, 373, 374, 376, 377, 387, 392, 393, 403, 409, 411, 414, 424, 430, 449, 454, 470, 480, 560, 584, 643, 685, 703, 724, 739, 779, 798, 799, 800, 801, 804, 806, 807, 810, 812, 814, 816, 821, 822, 823, 824, 826, 827, 837, 842, 843, 852, 859, 862, 865, 869, 876, 882, 897, 901, 917, 932]","[17, 18, 19, 20, 21, 22, 23, 156, 157, 158, 159, 160, 161, 162, 163, 164, 165, 166, 167, 341, 342, 343, 344, 345, 412, 413, 414, 415, 416, 417, 418, 419, 420, 421, 422, 502, 503, 504, 505, 506, 507, 628, 629, 630, 631, 632, 633, 634, 635, 636, 637, 638, 639, 792, 797, 798, 799, 800, 801, 863, 864, 865, 866, 867, 868, 869, 870, 871, 872, 873, 874]","[17, 18, 19, 20, 21, 22, 23, 156, 157, 158, 159, 160, 161, 162, 163, 164, 165, 166, 167, 168, 340, 341, 342, 343, 344, 345, 346, 412, 413, 414, 415, 416, 417, 418, 419, 420, 421, 422, 502, 503, 504, 505, 506, 507, 628, 629, 630, 631, 632, 633, 634, 635, 636, 637, 638, 639, 792, 796, 797, 798, 799, 800, 801, 863, 864, 865, 866, 867, 868, 869, 870, 871, 872, 873, 874]","[871, 17, 18, 19, 20, 21, 22, 23, 876, 560, 584, 321, 89, 609, 108, 628, 629, 630, 631, 632, 633, 634, 635, 636, 637, 638, 639, 643, 138, 156, 157, 158, 159, 160, 161, 162, 163, 164, 165, 166, 167, 168, 172, 685, 882, 703, 852, 719, 724, 217, 221, 859, 739, 239, 862, 863, 864, 257, 865, 866, 264, 779, 867, 868, 869, 280, 792, 794, 795, 796, 797, 798, 799, 800, 801, 802, 803, 804, 805, 806, 807, 808, 809, 810, 811, 812, 813, 814, 815, 816, 817, 818, 819, 820, 821, 822, 823, 824, 825, 826, 827, 828, 829, 830, 831, 832, 833, 834, 835, 836, 837, 838, 839, 840, 841, 842, 843, 844, 845, 846, 847, 338, 339, 340, 341, 342, 343, 344, 345, 346, 347, 348, 349, 350, 351, 352, 353, 354, 355, 356, 357, 358, 359, 360, 361, 362, 363, 364, 365, 366, 367, 368, 369, 370, 371, 372, 373, 374, 375, 376, 377, 378, 379, 380, 381, 382, 383, 384, 385, 386, 387, 388, 389, 390, 391, 392, 393, 394, 395, 396, 397, 901, 870, 403, 917, 409, 411, 412, 413, 414, 415, 416, 417, 897, 418, 932, 419, 420, 421, 424, 422, 430, 872, 449, 454, 873, 470, 480, 874, 502, 503, 504, 505, 506, 507]",True,"[345, 359, 377, 383, 801, 814, 827, 833]","[338, 339, 340, 341, 342, 343, 344, 345, 346, 347, 348, 349, 350, 351, 352, 353, 354, 355, 356, 357, 358, 359, 360, 361, 362, 363, 364, 365, 366, 367, 368, 369, 370, 371, 372, 373, 374, 375, 376, 377, 378, 379, 380, 381, 382, 383, 384, 385, 386, 387, 388, 389, 390, 391, 392, 393, 394, 395, 396, 397, 794, 795, 796, 797, 798, 799, 800, 801, 802, 803, 804, 805, 806, 807, 808, 809, 810, 811, 812, 813, 814, 815, 816, 817, 818, 819, 820, 821, 822, 823, 824, 825, 826, 827, 828, 829, 830, 831, 832, 833, 834, 835, 836, 837, 838, 839, 840, 841, 842, 843, 844, 845, 846, 847]","[345, 359, 377, 801, 814, 827]","[138, 257, 345, 359, 609, 719, 801, 814]","[89, 108, 172, 217, 221, 239, 264, 280, 321, 342, 343, 344, 345, 346, 349, 351, 352, 355, 357, 359, 364, 368, 371, 372, 373, 374, 376, 377, 387, 392, 393, 403, 409, 411, 414, 424, 430, 449, 454, 470, 480, 560, 584, 643, 685, 703, 724, 739, 779, 798, 799, 800, 801, 804, 806, 807, 810, 812, 814, 816, 821, 822, 823, 824, 826, 827, 837, 842, 843, 852, 859, 862, 865, 869, 876, 882, 897, 901, 917, 932]","[17, 18, 19, 20, 21, 22, 23, 156, 157, 158, 159, 160, 161, 162, 163, 164, 165, 166, 167, 168, 340, 341, 342, 343, 344, 345, 346, 412, 413, 414, 415, 416, 417, 418, 419, 420, 421, 422, 502, 503, 504, 505, 506, 507, 628, 629, 630, 631, 632, 633, 634, 635, 636, 637, 638, 639, 792, 796, 797, 798, 799, 800, 801, 863, 864, 865, 866, 867, 868, 869, 870, 871, 872, 873, 874]","[17, 18, 19, 20, 21, 22, 23, 156, 157, 158, 159, 160, 161, 162, 163, 164, 165, 166, 167, 341, 342, 343, 344, 345, 412, 413, 414, 415, 416, 417, 418, 419, 420, 421, 422, 502, 503, 504, 505, 506, 507, 628, 629, 630, 631, 632, 633, 634, 635, 636, 637, 638, 639, 792, 797, 798, 799, 800, 801, 863, 864, 865, 866, 867, 868, 869, 870, 871, 872, 873, 874]",7/6 successful match,True,"[228, 229]",True,238,False,,1.0,True,Flying J Fuel Stop # 770,Flying J
B Winnemucca ( 89445 ) Flying J Fuel Stop # 770,775-623-0111 I-80 Exit 176 ( 1880 US 95 ),FLYING J 24 100<U+2610> O,Winnemucca,89445,Flying J Fuel Stop # 770,775-623-0111,2016,Winnemucca,NV,Flying J,( 1880 US 95 ),I-80 Exit 176 ,Exit,176,False,,False,I-80,,,,,"[345, 801]","[345, 359, 377, 383, 801, 814, 827, 833]","[345, 359, 377, 801, 814, 827]","[138, 257, 345, 359, 609, 719, 801, 814]","[338, 339, 340, 341, 342, 343, 344, 345, 346, 347, 348, 349, 350, 351, 352, 353, 354, 355, 356, 357, 358, 359, 360, 361, 362, 363, 364, 365, 366, 367, 368, 369, 370, 371, 372, 373, 374, 375, 376, 377, 378, 379, 380, 381, 382, 383, 384, 385, 386, 387, 388, 389, 390, 391, 392, 393, 394, 395, 396, 397, 794, 795, 796, 797, 798, 799, 800, 801, 802, 803, 804, 805, 806, 807, 808, 809, 810, 811, 812, 813, 814, 815, 816, 817, 818, 819, 820, 821, 822, 823, 824, 825, 826, 827, 828, 829, 830, 831, 832, 833, 834, 835, 836, 837, 838, 839, 840, 841, 842, 843, 844, 845, 846, 847]","[89, 108, 172, 217, 221, 239, 264, 280, 321, 342, 343, 344, 345, 346, 349, 351, 352, 355, 357, 359, 364, 368, 371, 372, 373, 374, 376, 377, 387, 392, 393, 403, 409, 411, 414, 424, 430, 449, 454, 470, 480, 560, 584, 643, 685, 703, 724, 739, 779, 798, 799, 800, 801, 804, 806, 807, 810, 812, 814, 816, 821, 822, 823, 824, 826, 827, 837, 842, 843, 852, 859, 862, 865, 869, 876, 882, 897, 901, 917, 932]","[17, 18, 19, 20, 21, 22, 23, 156, 157, 158, 159, 160, 161, 162, 163, 164, 165, 166, 167, 341, 342, 343, 344, 345, 412, 413, 414, 415, 416, 417, 418, 419, 420, 421, 422, 502, 503, 504, 505, 506, 507, 628, 629, 630, 631, 632, 633, 634, 635, 636, 637, 638, 639, 792, 797, 798, 799, 800, 801, 863, 864, 865, 866, 867, 868, 869, 870, 871, 872, 873, 874]","[17, 18, 19, 20, 21, 22, 23, 156, 157, 158, 159, 160, 161, 162, 163, 164, 165, 166, 167, 168, 340, 341, 342, 343, 344, 345, 346, 412, 413, 414, 415, 416, 417, 418, 419, 420, 421, 422, 502, 503, 504, 505, 506, 507, 628, 629, 630, 631, 632, 633, 634, 635, 636, 637, 638, 639, 792, 796, 797, 798, 799, 800, 801, 863, 864, 865, 866, 867, 868, 869, 870, 871, 872, 873, 874]","[871, 17, 18, 19, 20, 21, 22, 23, 876, 560, 584, 321, 89, 609, 108, 628, 629, 630, 631, 632, 633, 634, 635, 636, 637, 638, 639, 643, 138, 156, 157, 158, 159, 160, 161, 162, 163, 164, 165, 166, 167, 168, 172, 685, 882, 703, 852, 719, 724, 217, 221, 859, 739, 239, 862, 863, 864, 257, 865, 866, 264, 779, 867, 868, 869, 280, 792, 794, 795, 796, 797, 798, 799, 800, 801, 802, 803, 804, 805, 806, 807, 808, 809, 810, 811, 812, 813, 814, 815, 816, 817, 818, 819, 820, 821, 822, 823, 824, 825, 826, 827, 828, 829, 830, 831, 832, 833, 834, 835, 836, 837, 838, 839, 840, 841, 842, 843, 844, 845, 846, 847, 338, 339, 340, 341, 342, 343, 344, 345, 346, 347, 348, 349, 350, 351, 352, 353, 354, 355, 356, 357, 358, 359, 360, 361, 362, 363, 364, 365, 366, 367, 368, 369, 370, 371, 372, 373, 374, 375, 376, 377, 378, 379, 380, 381, 382, 383, 384, 385, 386, 387, 388, 389, 390, 391, 392, 393, 394, 395, 396, 397, 901, 870, 403, 917, 409, 411, 412, 413, 414, 415, 416, 417, 897, 418, 932, 419, 420, 421, 424, 422, 430, 872, 449, 454, 873, 470, 480, 874, 502, 503, 504, 505, 506, 507]",True,"[345, 359, 377, 383, 801, 814, 827, 833]","[338, 339, 340, 341, 342, 343, 344, 345, 346, 347, 348, 349, 350, 351, 352, 353, 354, 355, 356, 357, 358, 359, 360, 361, 362, 363, 364, 365, 366, 367, 368, 369, 370, 371, 372, 373, 374, 375, 376, 377, 378, 379, 380, 381, 382, 383, 384, 385, 386, 387, 388, 389, 390, 391, 392, 393, 394, 395, 396, 397, 794, 795, 796, 797, 798, 799, 800, 801, 802, 803, 804, 805, 806, 807, 808, 809, 810, 811, 812, 813, 814, 815, 816, 817, 818, 819, 820, 821, 822, 823, 824, 825, 826, 827, 828, 829, 830, 831, 832, 833, 834, 835, 836, 837, 838, 839, 840, 841, 842, 843, 844, 845, 846, 847]","[345, 359, 377, 801, 814, 827]","[138, 257, 345, 359, 609, 719, 801, 814]","[89, 108, 172, 217, 221, 239, 264, 280, 321, 342, 343, 344, 345, 346, 349, 351, 352, 355, 357, 359, 364, 368, 371, 372, 373, 374, 376, 377, 387, 392, 393, 403, 409, 411, 414, 424, 430, 449, 454, 470, 480, 560, 584, 643, 685, 703, 724, 739, 779, 798, 799, 800, 801, 804, 806, 807, 810, 812, 814, 816, 821, 822, 823, 824, 826, 827, 837, 842, 843, 852, 859, 862, 865, 869, 876, 882, 897, 901, 917, 932]","[17, 18, 19, 20, 21, 22, 23, 156, 157, 158, 159, 160, 161, 162, 163, 164, 165, 166, 167, 168, 340, 341, 342, 343, 344, 345, 346, 412, 413, 414, 415, 416, 417, 418, 419, 420, 421, 422, 502, 503, 504, 505, 506, 507, 628, 629, 630, 631, 632, 633, 634, 635, 636, 637, 638, 639, 792, 796, 797, 798, 799, 800, 801, 863, 864, 865, 866, 867, 868, 869, 870, 871, 872, 873, 874]","[17, 18, 19, 20, 21, 22, 23, 156, 157, 158, 159, 160, 161, 162, 163, 164, 165, 166, 167, 341, 342, 343, 344, 345, 412, 413, 414, 415, 416, 417, 418, 419, 420, 421, 422, 502, 503, 504, 505, 506, 507, 628, 629, 630, 631, 632, 633, 634, 635, 636, 637, 638, 639, 792, 797, 798, 799, 800, 801, 863, 864, 865, 866, 867, 868, 869, 870, 871, 872, 873, 874]",7/6 successful match,True,"[228, 229]",True,238,False,,1.0,True,Flying J Fuel Stop # 770 FLYING,Flying J
"B Paradise Hill , 89445 Santa Rosa Station ( Chevron )",775-623-5547 US 95 & NV 290 ( 23 mi N of Winnemucca,) S,Paradise Hill,89445,Santa Rosa Station ( Chevron ),775-623-5547,2006,Winnemucca,NV,Chevron,( 23 mi N of Winnemucca,US 95 & NV 290,empty,,False,,False,US 95,NV 290,,,,"[833, 383]","[345, 359, 377, 383, 801, 814, 827, 833]","[345, 359, 377, 383, 801, 814, 827, 833]",[],"[338, 339, 340, 341, 342, 343, 344, 345, 346, 347, 348, 349, 350, 351, 352, 353, 354, 355, 356, 357, 358, 359, 360, 361, 362, 363, 364, 365, 366, 367, 368, 369, 370, 371, 372, 373, 374, 375, 376, 377, 378, 379, 380, 381, 382, 383, 384, 385, 386, 387, 388, 389, 390, 391, 392, 393, 394, 395, 396, 397, 794, 795, 796, 797, 798, 799, 800, 801, 802, 803, 804, 805, 806, 807, 808, 809, 810, 811, 812, 813, 814, 815, 816, 817, 818, 819, 820, 821, 822, 823, 824, 825, 826, 827, 828, 829, 830, 831, 832, 833, 834, 835, 836, 837, 838, 839, 840, 841, 842, 843, 844, 845, 846, 847]","[8, 43, 71, 84, 86, 339, 348, 354, 360, 369, 378, 381, 382, 383, 384, 385, 389, 390, 523, 546, 555, 557, 795, 803, 809, 819, 828, 831, 832, 833, 834, 835, 839, 840]","[12, 24, 25, 28, 88, 100, 104, 119, 123, 129, 136, 137, 139, 140, 141, 148, 155, 169, 172, 179, 183, 185, 188, 196, 198, 217, 237, 267, 270, 278, 319, 321, 324, 325, 330, 334, 335, 354, 366, 369, 380, 383, 384, 386, 395, 407, 411, 423, 428, 436, 437, 452, 453, 456, 467, 471, 477, 478, 479, 497, 508, 511, 559, 571, 575, 590, 594, 600, 607, 608, 610, 611, 612, 619, 627, 640, 643, 650, 654, 656, 659, 667, 669, 685, 701, 726, 729, 737, 777, 779, 782, 783, 787, 790, 791, 809, 817, 819, 830, 833, 834, 836, 845, 856, 857, 860, 862, 875, 880, 887, 888, 899, 900, 914, 918, 921, 928, 929, 930]","[12, 24, 25, 28, 88, 100, 104, 119, 123, 129, 136, 137, 139, 140, 141, 148, 155, 169, 172, 179, 183, 185, 188, 196, 198, 217, 237, 267, 270, 278, 319, 321, 324, 325, 330, 334, 335, 354, 366, 369, 380, 383, 384, 386, 395, 407, 411, 423, 428, 436, 437, 452, 453, 456, 467, 471, 477, 478, 479, 497, 508, 511, 559, 571, 575, 590, 594, 600, 607, 608, 610, 611, 612, 619, 627, 640, 643, 650, 654, 656, 659, 667, 669, 685, 701, 726, 729, 737, 777, 779, 782, 783, 787, 790, 791, 809, 817, 819, 830, 833, 834, 836, 845, 856, 857, 860, 862, 875, 880, 887, 888, 899, 900, 914, 918, 921, 928, 929, 930]","[875, 8, 523, 12, 24, 25, 28, 546, 43, 555, 557, 559, 571, 575, 319, 71, 590, 321, 594, 84, 86, 88, 600, 888, 324, 607, 608, 610, 611, 100, 325, 612, 104, 619, 627, 119, 123, 880, 640, 129, 643, 136, 137, 650, 139, 140, 141, 654, 656, 659, 148, 335, 155, 667, 669, 169, 172, 685, 179, 183, 185, 188, 701, 196, 198, 856, 726, 857, 217, 729, 737, 860, 237, 862, 777, 267, 779, 270, 782, 783, 787, 278, 790, 791, 794, 795, 796, 797, 798, 799, 800, 801, 802, 803, 804, 805, 806, 807, 808, 809, 810, 811, 812, 813, 814, 815, 816, 817, 818, 819, 820, 821, 822, 823, 824, 825, 826, 827, 828, 829, 830, 831, 832, 833, 834, 835, 836, 837, 838, 839, 840, 841, 842, 843, 844, 845, 846, 847, 330, 334, 338, 339, 340, 341, 342, 343, 344, 345, 346, 347, 348, 349, 350, 351, 352, 353, 354, 355, 356, 357, 358, 359, 360, 361, 362, 363, 364, 365, 366, 367, 368, 369, 370, 371, 372, 373, 374, 375, 376, 377, 378, 379, 380, 381, 382, 383, 384, 385, 386, 387, 388, 389, 390, 391, 392, 393, 394, 395, 396, 397, 914, 918, 407, 921, 411, 928, 929, 930, 423, 428, 899, 900, 436, 437, 452, 453, 456, 467, 471, 477, 478, 479, 887, 497, 508, 511]",True,"[345, 359, 377, 383, 801, 814, 827, 833]","[338, 339, 340, 341, 342, 343, 344, 345, 346, 347, 348, 349, 350, 351, 352, 353, 354, 355, 356, 357, 358, 359, 360, 361, 362, 363, 364, 365, 366, 367, 368, 369, 370, 371, 372, 373, 374, 375, 376, 377, 378, 379, 380, 381, 382, 383, 384, 385, 386, 387, 388, 389, 390, 391, 392, 393, 394, 395, 396, 397, 794, 795, 796, 797, 798, 799, 800, 801, 802, 803, 804, 805, 806, 807, 808, 809, 810, 811, 812, 813, 814, 815, 816, 817, 818, 819, 820, 821, 822, 823, 824, 825, 826, 827, 828, 829, 830, 831, 832, 833, 834, 835, 836, 837, 838, 839, 840, 841, 842, 843, 844, 845, 846, 847]","[345, 359, 377, 383, 801, 814, 827, 833]",[],"[8, 43, 71, 84, 86, 339, 348, 354, 360, 369, 378, 381, 382, 383, 384, 385, 389, 390, 523, 546, 555, 557, 795, 803, 809, 819, 828, 831, 832, 833, 834, 835, 839, 840]","[12, 24, 25, 28, 88, 100, 104, 119, 123, 129, 136, 137, 139, 140, 141, 148, 155, 169, 172, 179, 183, 185, 188, 196, 198, 217, 237, 267, 270, 278, 319, 321, 324, 325, 330, 334, 335, 354, 366, 369, 380, 383, 384, 386, 395, 407, 411, 423, 428, 436, 437, 452, 453, 456, 467, 471, 477, 478, 479, 497, 508, 511, 559, 571, 575, 590, 594, 600, 607, 608, 610, 611, 612, 619, 627, 640, 643, 650, 654, 656, 659, 667, 669, 685, 701, 726, 729, 737, 777, 779, 782, 783, 787, 790, 791, 809, 817, 819, 830, 833, 834, 836, 845, 856, 857, 860, 862, 875, 880, 887, 888, 899, 900, 914, 918, 921, 928, 929, 930]","[12, 24, 25, 28, 88, 100, 104, 119, 123, 129, 136, 137, 139, 140, 141, 148, 155, 169, 172, 179, 183, 185, 188, 196, 198, 217, 237, 267, 270, 278, 319, 321, 324, 325, 330, 334, 335, 354, 366, 369, 380, 383, 384, 386, 395, 407, 411, 423, 428, 436, 437, 452, 453, 456, 467, 471, 477, 478, 479, 497, 508, 511, 559, 571, 575, 590, 594, 600, 607, 608, 610, 611, 612, 619, 627, 640, 643, 650, 654, 656, 659, 667, 669, 685, 701, 726, 729, 737, 777, 779, 782, 783, 787, 790, 791, 809, 817, 819, 830, 833, 834, 836, 845, 856, 857, 860, 862, 875, 880, 887, 888, 899, 900, 914, 918, 921, 928, 929, 930]",7/6 successful match,True,"[543, 544]",True,239,False,,,,,
"B Paradise Hill , 89445 Santa Rosa Station ( Chevron )",775-623-5547 US 95 & NV 290 ( 23 mi N of Winnemucca,) S,Paradise Hill,89445,Santa Rosa Station ( Chevron ),775-623-5547,2007,Winnemucca,NV,Chevron,( 23 mi N of Winnemucca,US 95 & NV 290,empty,,False,,False,US 95,NV 290,,,,"[833, 383]","[345, 359, 377, 383, 801, 814, 827, 833]","[345, 359, 377, 383, 801, 814, 827, 833]",[],"[338, 339, 340, 341, 342, 343, 344, 345, 346, 347, 348, 349, 350, 351, 352, 353, 354, 355, 356, 357, 358, 359, 360, 361, 362, 363, 364, 365, 366, 367, 368, 369, 370, 371, 372, 373, 374, 375, 376, 377, 378, 379, 380, 381, 382, 383, 384, 385, 386, 387, 388, 389, 390, 391, 392, 393, 394, 395, 396, 397, 794, 795, 796, 797, 798, 799, 800, 801, 802, 803, 804, 805, 806, 807, 808, 809, 810, 811, 812, 813, 814, 815, 816, 817, 818, 819, 820, 821, 822, 823, 824, 825, 826, 827, 828, 829, 830, 831, 832, 833, 834, 835, 836, 837, 838, 839, 840, 841, 842, 843, 844, 845, 846, 847]","[8, 43, 71, 84, 86, 339, 348, 354, 360, 369, 378, 381, 382, 383, 384, 385, 389, 390, 523, 546, 555, 557, 795, 803, 809, 819, 828, 831, 832, 833, 834, 835, 839, 840]","[12, 24, 25, 28, 88, 100, 104, 119, 123, 129, 136, 137, 139, 140, 141, 148, 155, 169, 172, 179, 183, 185, 188, 196, 198, 217, 237, 267, 270, 278, 319, 321, 324, 325, 330, 334, 335, 354, 366, 369, 380, 383, 384, 386, 395, 407, 411, 423, 428, 436, 437, 452, 453, 456, 467, 471, 477, 478, 479, 497, 508, 511, 559, 571, 575, 590, 594, 600, 607, 608, 610, 611, 612, 619, 627, 640, 643, 650, 654, 656, 659, 667, 669, 685, 701, 726, 729, 737, 777, 779, 782, 783, 787, 790, 791, 809, 817, 819, 830, 833, 834, 836, 845, 856, 857, 860, 862, 875, 880, 887, 888, 899, 900, 914, 918, 921, 928, 929, 930]","[12, 24, 25, 28, 88, 100, 104, 119, 123, 129, 136, 137, 139, 140, 141, 148, 155, 169, 172, 179, 183, 185, 188, 196, 198, 217, 237, 267, 270, 278, 319, 321, 324, 325, 330, 334, 335, 354, 366, 369, 380, 383, 384, 386, 395, 407, 411, 423, 428, 436, 437, 452, 453, 456, 467, 471, 477, 478, 479, 497, 508, 511, 559, 571, 575, 590, 594, 600, 607, 608, 610, 611, 612, 619, 627, 640, 643, 650, 654, 656, 659, 667, 669, 685, 701, 726, 729, 737, 777, 779, 782, 783, 787, 790, 791, 809, 817, 819, 830, 833, 834, 836, 845, 856, 857, 860, 862, 875, 880, 887, 888, 899, 900, 914, 918, 921, 928, 929, 930]","[875, 8, 523, 12, 24, 25, 28, 546, 43, 555, 557, 559, 571, 575, 319, 71, 590, 321, 594, 84, 86, 88, 600, 888, 324, 607, 608, 610, 611, 100, 325, 612, 104, 619, 627, 119, 123, 880, 640, 129, 643, 136, 137, 650, 139, 140, 141, 654, 656, 659, 148, 335, 155, 667, 669, 169, 172, 685, 179, 183, 185, 188, 701, 196, 198, 856, 726, 857, 217, 729, 737, 860, 237, 862, 777, 267, 779, 270, 782, 783, 787, 278, 790, 791, 794, 795, 796, 797, 798, 799, 800, 801, 802, 803, 804, 805, 806, 807, 808, 809, 810, 811, 812, 813, 814, 815, 816, 817, 818, 819, 820, 821, 822, 823, 824, 825, 826, 827, 828, 829, 830, 831, 832, 833, 834, 835, 836, 837, 838, 839, 840, 841, 842, 843, 844, 845, 846, 847, 330, 334, 338, 339, 340, 341, 342, 343, 344, 345, 346, 347, 348, 349, 350, 351, 352, 353, 354, 355, 356, 357, 358, 359, 360, 361, 362, 363, 364, 365, 366, 367, 368, 369, 370, 371, 372, 373, 374, 375, 376, 377, 378, 379, 380, 381, 382, 383, 384, 385, 386, 387, 388, 389, 390, 391, 392, 393, 394, 395, 396, 397, 914, 918, 407, 921, 411, 928, 929, 930, 423, 428, 899, 900, 436, 437, 452, 453, 456, 467, 471, 477, 478, 479, 887, 497, 508, 511]",True,"[345, 359, 377, 383, 801, 814, 827, 833]","[338, 339, 340, 341, 342, 343, 344, 345, 346, 347, 348, 349, 350, 351, 352, 353, 354, 355, 356, 357, 358, 359, 360, 361, 362, 363, 364, 365, 366, 367, 368, 369, 370, 371, 372, 373, 374, 375, 376, 377, 378, 379, 380, 381, 382, 383, 384, 385, 386, 387, 388, 389, 390, 391, 392, 393, 394, 395, 396, 397, 794, 795, 796, 797, 798, 799, 800, 801, 802, 803, 804, 805, 806, 807, 808, 809, 810, 811, 812, 813, 814, 815, 816, 817, 818, 819, 820, 821, 822, 823, 824, 825, 826, 827, 828, 829, 830, 831, 832, 833, 834, 835, 836, 837, 838, 839, 840, 841, 842, 843, 844, 845, 846, 847]","[345, 359, 377, 383, 801, 814, 827, 833]",[],"[8, 43, 71, 84, 86, 339, 348, 354, 360, 369, 378, 381, 382, 383, 384, 385, 389, 390, 523, 546, 555, 557, 795, 803, 809, 819, 828, 831, 832, 833, 834, 835, 839, 840]","[12, 24, 25, 28, 88, 100, 104, 119, 123, 129, 136, 137, 139, 140, 141, 148, 155, 169, 172, 179, 183, 185, 188, 196, 198, 217, 237, 267, 270, 278, 319, 321, 324, 325, 330, 334, 335, 354, 366, 369, 380, 383, 384, 386, 395, 407, 411, 423, 428, 436, 437, 452, 453, 456, 467, 471, 477, 478, 479, 497, 508, 511, 559, 571, 575, 590, 594, 600, 607, 608, 610, 611, 612, 619, 627, 640, 643, 650, 654, 656, 659, 667, 669, 685, 701, 726, 729, 737, 777, 779, 782, 783, 787, 790, 791, 809, 817, 819, 830, 833, 834, 836, 845, 856, 857, 860, 862, 875, 880, 887, 888, 899, 900, 914, 918, 921, 928, 929, 930]","[12, 24, 25, 28, 88, 100, 104, 119, 123, 129, 136, 137, 139, 140, 141, 148, 155, 169, 172, 179, 183, 185, 188, 196, 198, 217, 237, 267, 270, 278, 319, 321, 324, 325, 330, 334, 335, 354, 366, 369, 380, 383, 384, 386, 395, 407, 411, 423, 428, 436, 437, 452, 453, 456, 467, 471, 477, 478, 479, 497, 508, 511, 559, 571, 575, 590, 594, 600, 607, 608, 610, 611, 612, 619, 627, 640, 643, 650, 654, 656, 659, 667, 669, 685, 701, 726, 729, 737, 777, 779, 782, 783, 787, 790, 791, 809, 817, 819, 830, 833, 834, 836, 845, 856, 857, 860, 862, 875, 880, 887, 888, 899, 900, 914, 918, 921, 928, 929, 930]",7/6 successful match,True,"[543, 544]",True,239,False,,1.0,True,Santa Rosa Station ( Chevron ),Chevron
"B Paradise Hill , 89445 Santa Rosa Station ( Chevron )",775-623-5547 US 95 & NV 290 ( 23 mi N of,) <U+25A1> S <U+2610> <U+2610>,Paradise Hill,89445,Santa Rosa Station ( Chevron ),775-623-5547,2008,Winnemucca,NV,Chevron,( 23 mi N of,US 95 & NV 290,empty,,False,,False,US 95,NV 290,,,,"[833, 383]","[345, 359, 377, 383, 801, 814, 827, 833]","[345, 359, 377, 383, 801, 814, 827, 833]",[],"[338, 339, 340, 341, 342, 343, 344, 345, 346, 347, 348, 349, 350, 351, 352, 353, 354, 355, 356, 357, 358, 359, 360, 361, 362, 363, 364, 365, 366, 367, 368, 369, 370, 371, 372, 373, 374, 375, 376, 377, 378, 379, 380, 381, 382, 383, 384, 385, 386, 387, 388, 389, 390, 391, 392, 393, 394, 395, 396, 397, 794, 795, 796, 797, 798, 799, 800, 801, 802, 803, 804, 805, 806, 807, 808, 809, 810, 811, 812, 813, 814, 815, 816, 817, 818, 819, 820, 821, 822, 823, 824, 825, 826, 827, 828, 829, 830, 831, 832, 833, 834, 835, 836, 837, 838, 839, 840, 841, 842, 843, 844, 845, 846, 847]","[8, 43, 71, 84, 86, 339, 348, 354, 360, 369, 378, 381, 382, 383, 384, 385, 389, 390, 523, 546, 555, 557, 795, 803, 809, 819, 828, 831, 832, 833, 834, 835, 839, 840]","[12, 24, 25, 28, 88, 100, 104, 119, 123, 129, 136, 137, 139, 140, 141, 148, 155, 169, 172, 179, 183, 185, 188, 196, 198, 217, 237, 267, 270, 278, 319, 321, 324, 325, 330, 334, 335, 354, 366, 369, 380, 383, 384, 386, 395, 407, 411, 423, 428, 436, 437, 452, 453, 456, 467, 471, 477, 478, 479, 497, 508, 511, 559, 571, 575, 590, 594, 600, 607, 608, 610, 611, 612, 619, 627, 640, 643, 650, 654, 656, 659, 667, 669, 685, 701, 726, 729, 737, 777, 779, 782, 783, 787, 790, 791, 809, 817, 819, 830, 833, 834, 836, 845, 856, 857, 860, 862, 875, 880, 887, 888, 899, 900, 914, 918, 921, 928, 929, 930]","[12, 24, 25, 28, 88, 100, 104, 119, 123, 129, 136, 137, 139, 140, 141, 148, 155, 169, 172, 179, 183, 185, 188, 196, 198, 217, 237, 267, 270, 278, 319, 321, 324, 325, 330, 334, 335, 354, 366, 369, 380, 383, 384, 386, 395, 407, 411, 423, 428, 436, 437, 452, 453, 456, 467, 471, 477, 478, 479, 497, 508, 511, 559, 571, 575, 590, 594, 600, 607, 608, 610, 611, 612, 619, 627, 640, 643, 650, 654, 656, 659, 667, 669, 685, 701, 726, 729, 737, 777, 779, 782, 783, 787, 790, 791, 809, 817, 819, 830, 833, 834, 836, 845, 856, 857, 860, 862, 875, 880, 887, 888, 899, 900, 914, 918, 921, 928, 929, 930]","[875, 8, 523, 12, 24, 25, 28, 546, 43, 555, 557, 559, 571, 575, 319, 71, 590, 321, 594, 84, 86, 88, 600, 888, 324, 607, 608, 610, 611, 100, 325, 612, 104, 619, 627, 119, 123, 880, 640, 129, 643, 136, 137, 650, 139, 140, 141, 654, 656, 659, 148, 335, 155, 667, 669, 169, 172, 685, 179, 183, 185, 188, 701, 196, 198, 856, 726, 857, 217, 729, 737, 860, 237, 862, 777, 267, 779, 270, 782, 783, 787, 278, 790, 791, 794, 795, 796, 797, 798, 799, 800, 801, 802, 803, 804, 805, 806, 807, 808, 809, 810, 811, 812, 813, 814, 815, 816, 817, 818, 819, 820, 821, 822, 823, 824, 825, 826, 827, 828, 829, 830, 831, 832, 833, 834, 835, 836, 837, 838, 839, 840, 841, 842, 843, 844, 845, 846, 847, 330, 334, 338, 339, 340, 341, 342, 343, 344, 345, 346, 347, 348, 349, 350, 351, 352, 353, 354, 355, 356, 357, 358, 359, 360, 361, 362, 363, 364, 365, 366, 367, 368, 369, 370, 371, 372, 373, 374, 375, 376, 377, 378, 379, 380, 381, 382, 383, 384, 385, 386, 387, 388, 389, 390, 391, 392, 393, 394, 395, 396, 397, 914, 918, 407, 921, 411, 928, 929, 930, 423, 428, 899, 900, 436, 437, 452, 453, 456, 467, 471, 477, 478, 479, 887, 497, 508, 511]",True,"[345, 359, 377, 383, 801, 814, 827, 833]","[338, 339, 340, 341, 342, 343, 344, 345, 346, 347, 348, 349, 350, 351, 352, 353, 354, 355, 356, 357, 358, 359, 360, 361, 362, 363, 364, 365, 366, 367, 368, 369, 370, 371, 372, 373, 374, 375, 376, 377, 378, 379, 380, 381, 382, 383, 384, 385, 386, 387, 388, 389, 390, 391, 392, 393, 394, 395, 396, 397, 794, 795, 796, 797, 798, 799, 800, 801, 802, 803, 804, 805, 806, 807, 808, 809, 810, 811, 812, 813, 814, 815, 816, 817, 818, 819, 820, 821, 822, 823, 824, 825, 826, 827, 828, 829, 830, 831, 832, 833, 834, 835, 836, 837, 838, 839, 840, 841, 842, 843, 844, 845, 846, 847]","[345, 359, 377, 383, 801, 814, 827, 833]",[],"[8, 43, 71, 84, 86, 339, 348, 354, 360, 369, 378, 381, 382, 383, 384, 385, 389, 390, 523, 546, 555, 557, 795, 803, 809, 819, 828, 831, 832, 833, 834, 835, 839, 840]","[12, 24, 25, 28, 88, 100, 104, 119, 123, 129, 136, 137, 139, 140, 141, 148, 155, 169, 172, 179, 183, 185, 188, 196, 198, 217, 237, 267, 270, 278, 319, 321, 324, 325, 330, 334, 335, 354, 366, 369, 380, 383, 384, 386, 395, 407, 411, 423, 428, 436, 437, 452, 453, 456, 467, 471, 477, 478, 479, 497, 508, 511, 559, 571, 575, 590, 594, 600, 607, 608, 610, 611, 612, 619, 627, 640, 643, 650, 654, 656, 659, 667, 669, 685, 701, 726, 729, 737, 777, 779, 782, 783, 787, 790, 791, 809, 817, 819, 830, 833, 834, 836, 845, 856, 857, 860, 862, 875, 880, 887, 888, 899, 900, 914, 918, 921, 928, 929, 930]","[12, 24, 25, 28, 88, 100, 104, 119, 123, 129, 136, 137, 139, 140, 141, 148, 155, 169, 172, 179, 183, 185, 188, 196, 198, 217, 237, 267, 270, 278, 319, 321, 324, 325, 330, 334, 335, 354, 366, 369, 380, 383, 384, 386, 395, 407, 411, 423, 428, 436, 437, 452, 453, 456, 467, 471, 477, 478, 479, 497, 508, 511, 559, 571, 575, 590, 594, 600, 607, 608, 610, 611, 612, 619, 627, 640, 643, 650, 654, 656, 659, 667, 669, 685, 701, 726, 729, 737, 777, 779, 782, 783, 787, 790, 791, 809, 817, 819, 830, 833, 834, 836, 845, 856, 857, 860, 862, 875, 880, 887, 888, 899, 900, 914, 918, 921, 928, 929, 930]",7/6 successful match,True,"[543, 544]",True,239,False,,1.0,True,Santa Rosa Station ( Chevron ),Chevron
B Paradise Hill ( 89445 ) Santa Rosa Station ( Chevron ),775-623-5547 US 95 & NV 290 ( 23 mi N of,) S <U+2610>,Paradise Hill,89445,Santa Rosa Station ( Chevron ),775-623-5547,2014,Winnemucca,NV,Chevron,( 23 mi N of,US 95 & NV 290,empty,,False,,False,US 95,NV 290,,,,"[833, 383]","[345, 359, 377, 383, 801, 814, 827, 833]","[345, 359, 377, 383, 801, 814, 827, 833]",[],"[338, 339, 340, 341, 342, 343, 344, 345, 346, 347, 348, 349, 350, 351, 352, 353, 354, 355, 356, 357, 358, 359, 360, 361, 362, 363, 364, 365, 366, 367, 368, 369, 370, 371, 372, 373, 374, 375, 376, 377, 378, 379, 380, 381, 382, 383, 384, 385, 386, 387, 388, 389, 390, 391, 392, 393, 394, 395, 396, 397, 794, 795, 796, 797, 798, 799, 800, 801, 802, 803, 804, 805, 806, 807, 808, 809, 810, 811, 812, 813, 814, 815, 816, 817, 818, 819, 820, 821, 822, 823, 824, 825, 826, 827, 828, 829, 830, 831, 832, 833, 834, 835, 836, 837, 838, 839, 840, 841, 842, 843, 844, 845, 846, 847]","[8, 43, 71, 84, 86, 339, 348, 354, 360, 369, 378, 381, 382, 383, 384, 385, 389, 390, 523, 546, 555, 557, 795, 803, 809, 819, 828, 831, 832, 833, 834, 835, 839, 840]","[12, 24, 25, 28, 88, 100, 104, 119, 123, 129, 136, 137, 139, 140, 141, 148, 155, 169, 172, 179, 183, 185, 188, 196, 198, 217, 237, 267, 270, 278, 319, 321, 324, 325, 330, 334, 335, 354, 366, 369, 380, 383, 384, 386, 395, 407, 411, 423, 428, 436, 437, 452, 453, 456, 467, 471, 477, 478, 479, 497, 508, 511, 559, 571, 575, 590, 594, 600, 607, 608, 610, 611, 612, 619, 627, 640, 643, 650, 654, 656, 659, 667, 669, 685, 701, 726, 729, 737, 777, 779, 782, 783, 787, 790, 791, 809, 817, 819, 830, 833, 834, 836, 845, 856, 857, 860, 862, 875, 880, 887, 888, 899, 900, 914, 918, 921, 928, 929, 930]","[12, 24, 25, 28, 88, 100, 104, 119, 123, 129, 136, 137, 139, 140, 141, 148, 155, 169, 172, 179, 183, 185, 188, 196, 198, 217, 237, 267, 270, 278, 319, 321, 324, 325, 330, 334, 335, 354, 366, 369, 380, 383, 384, 386, 395, 407, 411, 423, 428, 436, 437, 452, 453, 456, 467, 471, 477, 478, 479, 497, 508, 511, 559, 571, 575, 590, 594, 600, 607, 608, 610, 611, 612, 619, 627, 640, 643, 650, 654, 656, 659, 667, 669, 685, 701, 726, 729, 737, 777, 779, 782, 783, 787, 790, 791, 809, 817, 819, 830, 833, 834, 836, 845, 856, 857, 860, 862, 875, 880, 887, 888, 899, 900, 914, 918, 921, 928, 929, 930]","[875, 8, 523, 12, 24, 25, 28, 546, 43, 555, 557, 559, 571, 575, 319, 71, 590, 321, 594, 84, 86, 88, 600, 888, 324, 607, 608, 610, 611, 100, 325, 612, 104, 619, 627, 119, 123, 880, 640, 129, 643, 136, 137, 650, 139, 140, 141, 654, 656, 659, 148, 335, 155, 667, 669, 169, 172, 685, 179, 183, 185, 188, 701, 196, 198, 856, 726, 857, 217, 729, 737, 860, 237, 862, 777, 267, 779, 270, 782, 783, 787, 278, 790, 791, 794, 795, 796, 797, 798, 799, 800, 801, 802, 803, 804, 805, 806, 807, 808, 809, 810, 811, 812, 813, 814, 815, 816, 817, 818, 819, 820, 821, 822, 823, 824, 825, 826, 827, 828, 829, 830, 831, 832, 833, 834, 835, 836, 837, 838, 839, 840, 841, 842, 843, 844, 845, 846, 847, 330, 334, 338, 339, 340, 341, 342, 343, 344, 345, 346, 347, 348, 349, 350, 351, 352, 353, 354, 355, 356, 357, 358, 359, 360, 361, 362, 363, 364, 365, 366, 367, 368, 369, 370, 371, 372, 373, 374, 375, 376, 377, 378, 379, 380, 381, 382, 383, 384, 385, 386, 387, 388, 389, 390, 391, 392, 393, 394, 395, 396, 397, 914, 918, 407, 921, 411, 928, 929, 930, 423, 428, 899, 900, 436, 437, 452, 453, 456, 467, 471, 477, 478, 479, 887, 497, 508, 511]",True,"[345, 359, 377, 383, 801, 814, 827, 833]","[338, 339, 340, 341, 342, 343, 344, 345, 346, 347, 348, 349, 350, 351, 352, 353, 354, 355, 356, 357, 358, 359, 360, 361, 362, 363, 364, 365, 366, 367, 368, 369, 370, 371, 372, 373, 374, 375, 376, 377, 378, 379, 380, 381, 382, 383, 384, 385, 386, 387, 388, 389, 390, 391, 392, 393, 394, 395, 396, 397, 794, 795, 796, 797, 798, 799, 800, 801, 802, 803, 804, 805, 806, 807, 808, 809, 810, 811, 812, 813, 814, 815, 816, 817, 818, 819, 820, 821, 822, 823, 824, 825, 826, 827, 828, 829, 830, 831, 832, 833, 834, 835, 836, 837, 838, 839, 840, 841, 842, 843, 844, 845, 846, 847]","[345, 359, 377, 383, 801, 814, 827, 833]",[],"[8, 43, 71, 84, 86, 339, 348, 354, 360, 369, 378, 381, 382, 383, 384, 385, 389, 390, 523, 546, 555, 557, 795, 803, 809, 819, 828, 831, 832, 833, 834, 835, 839, 840]","[12, 24, 25, 28, 88, 100, 104, 119, 123, 129, 136, 137, 139, 140, 141, 148, 155, 169, 172, 179, 183, 185, 188, 196, 198, 217, 237, 267, 270, 278, 319, 321, 324, 325, 330, 334, 335, 354, 366, 369, 380, 383, 384, 386, 395, 407, 411, 423, 428, 436, 437, 452, 453, 456, 467, 471, 477, 478, 479, 497, 508, 511, 559, 571, 575, 590, 594, 600, 607, 608, 610, 611, 612, 619, 627, 640, 643, 650, 654, 656, 659, 667, 669, 685, 701, 726, 729, 737, 777, 779, 782, 783, 787, 790, 791, 809, 817, 819, 830, 833, 834, 836, 845, 856, 857, 860, 862, 875, 880, 887, 888, 899, 900, 914, 918, 921, 928, 929, 930]","[12, 24, 25, 28, 88, 100, 104, 119, 123, 129, 136, 137, 139, 140, 141, 148, 155, 169, 172, 179, 183, 185, 188, 196, 198, 217, 237, 267, 270, 278, 319, 321, 324, 325, 330, 334, 335, 354, 366, 369, 380, 383, 384, 386, 395, 407, 411, 423, 428, 436, 437, 452, 453, 456, 467, 471, 477, 478, 479, 497, 508, 511, 559, 571, 575, 590, 594, 600, 607, 608, 610, 611, 612, 619, 627, 640, 643, 650, 654, 656, 659, 667, 669, 685, 701, 726, 729, 737, 777, 779, 782, 783, 787, 790, 791, 809, 817, 819, 830, 833, 834, 836, 845, 856, 857, 860, 862, 875, 880, 887, 888, 899, 900, 914, 918, 921, 928, 929, 930]",7/6 successful match,True,"[543, 544]",True,239,False,,1.0,True,Santa Rosa Station ( Chevron ),Chevron
B Paradise Hill ( 89445 ) Santa Rosa Station ( Chevron ),775-623-5547 US 95 & NV 290 ( 23 mi N of Winnemucca ),) <U+2610> SO <U+2610> <U+2610>,Paradise Hill,89445,Santa Rosa Station ( Chevron ),775-623-5547,2015,Winnemucca,NV,Chevron,( 23 mi N of Winnemucca ),US 95 & NV 290,empty,,False,,False,US 95,NV 290,,,,"[833, 383]","[345, 359, 377, 383, 801, 814, 827, 833]","[345, 359, 377, 383, 801, 814, 827, 833]",[],"[338, 339, 340, 341, 342, 343, 344, 345, 346, 347, 348, 349, 350, 351, 352, 353, 354, 355, 356, 357, 358, 359, 360, 361, 362, 363, 364, 365, 366, 367, 368, 369, 370, 371, 372, 373, 374, 375, 376, 377, 378, 379, 380, 381, 382, 383, 384, 385, 386, 387, 388, 389, 390, 391, 392, 393, 394, 395, 396, 397, 794, 795, 796, 797, 798, 799, 800, 801, 802, 803, 804, 805, 806, 807, 808, 809, 810, 811, 812, 813, 814, 815, 816, 817, 818, 819, 820, 821, 822, 823, 824, 825, 826, 827, 828, 829, 830, 831, 832, 833, 834, 835, 836, 837, 838, 839, 840, 841, 842, 843, 844, 845, 846, 847]","[8, 43, 71, 84, 86, 339, 348, 354, 360, 369, 378, 381, 382, 383, 384, 385, 389, 390, 523, 546, 555, 557, 795, 803, 809, 819, 828, 831, 832, 833, 834, 835, 839, 840]","[12, 24, 25, 28, 88, 100, 104, 119, 123, 129, 136, 137, 139, 140, 141, 148, 155, 169, 172, 179, 183, 185, 188, 196, 198, 217, 237, 267, 270, 278, 319, 321, 324, 325, 330, 334, 335, 354, 366, 369, 380, 383, 384, 386, 395, 407, 411, 423, 428, 436, 437, 452, 453, 456, 467, 471, 477, 478, 479, 497, 508, 511, 559, 571, 575, 590, 594, 600, 607, 608, 610, 611, 612, 619, 627, 640, 643, 650, 654, 656, 659, 667, 669, 685, 701, 726, 729, 737, 777, 779, 782, 783, 787, 790, 791, 809, 817, 819, 830, 833, 834, 836, 845, 856, 857, 860, 862, 875, 880, 887, 888, 899, 900, 914, 918, 921, 928, 929, 930]","[12, 24, 25, 28, 88, 100, 104, 119, 123, 129, 136, 137, 139, 140, 141, 148, 155, 169, 172, 179, 183, 185, 188, 196, 198, 217, 237, 267, 270, 278, 319, 321, 324, 325, 330, 334, 335, 354, 366, 369, 380, 383, 384, 386, 395, 407, 411, 423, 428, 436, 437, 452, 453, 456, 467, 471, 477, 478, 479, 497, 508, 511, 559, 571, 575, 590, 594, 600, 607, 608, 610, 611, 612, 619, 627, 640, 643, 650, 654, 656, 659, 667, 669, 685, 701, 726, 729, 737, 777, 779, 782, 783, 787, 790, 791, 809, 817, 819, 830, 833, 834, 836, 845, 856, 857, 860, 862, 875, 880, 887, 888, 899, 900, 914, 918, 921, 928, 929, 930]","[875, 8, 523, 12, 24, 25, 28, 546, 43, 555, 557, 559, 571, 575, 319, 71, 590, 321, 594, 84, 86, 88, 600, 888, 324, 607, 608, 610, 611, 100, 325, 612, 104, 619, 627, 119, 123, 880, 640, 129, 643, 136, 137, 650, 139, 140, 141, 654, 656, 659, 148, 335, 155, 667, 669, 169, 172, 685, 179, 183, 185, 188, 701, 196, 198, 856, 726, 857, 217, 729, 737, 860, 237, 862, 777, 267, 779, 270, 782, 783, 787, 278, 790, 791, 794, 795, 796, 797, 798, 799, 800, 801, 802, 803, 804, 805, 806, 807, 808, 809, 810, 811, 812, 813, 814, 815, 816, 817, 818, 819, 820, 821, 822, 823, 824, 825, 826, 827, 828, 829, 830, 831, 832, 833, 834, 835, 836, 837, 838, 839, 840, 841, 842, 843, 844, 845, 846, 847, 330, 334, 338, 339, 340, 341, 342, 343, 344, 345, 346, 347, 348, 349, 350, 351, 352, 353, 354, 355, 356, 357, 358, 359, 360, 361, 362, 363, 364, 365, 366, 367, 368, 369, 370, 371, 372, 373, 374, 375, 376, 377, 378, 379, 380, 381, 382, 383, 384, 385, 386, 387, 388, 389, 390, 391, 392, 393, 394, 395, 396, 397, 914, 918, 407, 921, 411, 928, 929, 930, 423, 428, 899, 900, 436, 437, 452, 453, 456, 467, 471, 477, 478, 479, 887, 497, 508, 511]",True,"[345, 359, 377, 383, 801, 814, 827, 833]","[338, 339, 340, 341, 342, 343, 344, 345, 346, 347, 348, 349, 350, 351, 352, 353, 354, 355, 356, 357, 358, 359, 360, 361, 362, 363, 364, 365, 366, 367, 368, 369, 370, 371, 372, 373, 374, 375, 376, 377, 378, 379, 380, 381, 382, 383, 384, 385, 386, 387, 388, 389, 390, 391, 392, 393, 394, 395, 396, 397, 794, 795, 796, 797, 798, 799, 800, 801, 802, 803, 804, 805, 806, 807, 808, 809, 810, 811, 812, 813, 814, 815, 816, 817, 818, 819, 820, 821, 822, 823, 824, 825, 826, 827, 828, 829, 830, 831, 832, 833, 834, 835, 836, 837, 838, 839, 840, 841, 842, 843, 844, 845, 846, 847]","[345, 359, 377, 383, 801, 814, 827, 833]",[],"[8, 43, 71, 84, 86, 339, 348, 354, 360, 369, 378, 381, 382, 383, 384, 385, 389, 390, 523, 546, 555, 557, 795, 803, 809, 819, 828, 831, 832, 833, 834, 835, 839, 840]","[12, 24, 25, 28, 88, 100, 104, 119, 123, 129, 136, 137, 139, 140, 141, 148, 155, 169, 172, 179, 183, 185, 188, 196, 198, 217, 237, 267, 270, 278, 319, 321, 324, 325, 330, 334, 335, 354, 366, 369, 380, 383, 384, 386, 395, 407, 411, 423, 428, 436, 437, 452, 453, 456, 467, 471, 477, 478, 479, 497, 508, 511, 559, 571, 575, 590, 594, 600, 607, 608, 610, 611, 612, 619, 627, 640, 643, 650, 654, 656, 659, 667, 669, 685, 701, 726, 729, 737, 777, 779, 782, 783, 787, 790, 791, 809, 817, 819, 830, 833, 834, 836, 845, 856, 857, 860, 862, 875, 880, 887, 888, 899, 900, 914, 918, 921, 928, 929, 930]","[12, 24, 25, 28, 88, 100, 104, 119, 123, 129, 136, 137, 139, 140, 141, 148, 155, 169, 172, 179, 183, 185, 188, 196, 198, 217, 237, 267, 270, 278, 319, 321, 324, 325, 330, 334, 335, 354, 366, 369, 380, 383, 384, 386, 395, 407, 411, 423, 428, 436, 437, 452, 453, 456, 467, 471, 477, 478, 479, 497, 508, 511, 559, 571, 575, 590, 594, 600, 607, 608, 610, 611, 612, 619, 627, 640, 643, 650, 654, 656, 659, 667, 669, 685, 701, 726, 729, 737, 777, 779, 782, 783, 787, 790, 791, 809, 817, 819, 830, 833, 834, 836, 845, 856, 857, 860, 862, 875, 880, 887, 888, 899, 900, 914, 918, 921, 928, 929, 930]",7/6 successful match,True,"[543, 544]",True,239,False,,1.0,True,Santa Rosa Station ( Chevron ),Chevron
B Paradise Hill ( 89445 ) Santa Rosa Station ( Chevron ),775-623-5547 US 95 & NV 290 ( 23 mi N of Winnemucca ),) S <U+25A1> <U+2610>,Paradise Hill,89445,Santa Rosa Station ( Chevron ),775-623-5547,2016,Winnemucca,NV,Chevron,( 23 mi N of Winnemucca ),US 95 & NV 290,empty,,False,,False,US 95,NV 290,,,,"[833, 383]","[345, 359, 377, 383, 801, 814, 827, 833]","[345, 359, 377, 383, 801, 814, 827, 833]",[],"[338, 339, 340, 341, 342, 343, 344, 345, 346, 347, 348, 349, 350, 351, 352, 353, 354, 355, 356, 357, 358, 359, 360, 361, 362, 363, 364, 365, 366, 367, 368, 369, 370, 371, 372, 373, 374, 375, 376, 377, 378, 379, 380, 381, 382, 383, 384, 385, 386, 387, 388, 389, 390, 391, 392, 393, 394, 395, 396, 397, 794, 795, 796, 797, 798, 799, 800, 801, 802, 803, 804, 805, 806, 807, 808, 809, 810, 811, 812, 813, 814, 815, 816, 817, 818, 819, 820, 821, 822, 823, 824, 825, 826, 827, 828, 829, 830, 831, 832, 833, 834, 835, 836, 837, 838, 839, 840, 841, 842, 843, 844, 845, 846, 847]","[8, 43, 71, 84, 86, 339, 348, 354, 360, 369, 378, 381, 382, 383, 384, 385, 389, 390, 523, 546, 555, 557, 795, 803, 809, 819, 828, 831, 832, 833, 834, 835, 839, 840]","[12, 24, 25, 28, 88, 100, 104, 119, 123, 129, 136, 137, 139, 140, 141, 148, 155, 169, 172, 179, 183, 185, 188, 196, 198, 217, 237, 267, 270, 278, 319, 321, 324, 325, 330, 334, 335, 354, 366, 369, 380, 383, 384, 386, 395, 407, 411, 423, 428, 436, 437, 452, 453, 456, 467, 471, 477, 478, 479, 497, 508, 511, 559, 571, 575, 590, 594, 600, 607, 608, 610, 611, 612, 619, 627, 640, 643, 650, 654, 656, 659, 667, 669, 685, 701, 726, 729, 737, 777, 779, 782, 783, 787, 790, 791, 809, 817, 819, 830, 833, 834, 836, 845, 856, 857, 860, 862, 875, 880, 887, 888, 899, 900, 914, 918, 921, 928, 929, 930]","[12, 24, 25, 28, 88, 100, 104, 119, 123, 129, 136, 137, 139, 140, 141, 148, 155, 169, 172, 179, 183, 185, 188, 196, 198, 217, 237, 267, 270, 278, 319, 321, 324, 325, 330, 334, 335, 354, 366, 369, 380, 383, 384, 386, 395, 407, 411, 423, 428, 436, 437, 452, 453, 456, 467, 471, 477, 478, 479, 497, 508, 511, 559, 571, 575, 590, 594, 600, 607, 608, 610, 611, 612, 619, 627, 640, 643, 650, 654, 656, 659, 667, 669, 685, 701, 726, 729, 737, 777, 779, 782, 783, 787, 790, 791, 809, 817, 819, 830, 833, 834, 836, 845, 856, 857, 860, 862, 875, 880, 887, 888, 899, 900, 914, 918, 921, 928, 929, 930]","[875, 8, 523, 12, 24, 25, 28, 546, 43, 555, 557, 559, 571, 575, 319, 71, 590, 321, 594, 84, 86, 88, 600, 888, 324, 607, 608, 610, 611, 100, 325, 612, 104, 619, 627, 119, 123, 880, 640, 129, 643, 136, 137, 650, 139, 140, 141, 654, 656, 659, 148, 335, 155, 667, 669, 169, 172, 685, 179, 183, 185, 188, 701, 196, 198, 856, 726, 857, 217, 729, 737, 860, 237, 862, 777, 267, 779, 270, 782, 783, 787, 278, 790, 791, 794, 795, 796, 797, 798, 799, 800, 801, 802, 803, 804, 805, 806, 807, 808, 809, 810, 811, 812, 813, 814, 815, 816, 817, 818, 819, 820, 821, 822, 823, 824, 825, 826, 827, 828, 829, 830, 831, 832, 833, 834, 835, 836, 837, 838, 839, 840, 841, 842, 843, 844, 845, 846, 847, 330, 334, 338, 339, 340, 341, 342, 343, 344, 345, 346, 347, 348, 349, 350, 351, 352, 353, 354, 355, 356, 357, 358, 359, 360, 361, 362, 363, 364, 365, 366, 367, 368, 369, 370, 371, 372, 373, 374, 375, 376, 377, 378, 379, 380, 381, 382, 383, 384, 385, 386, 387, 388, 389, 390, 391, 392, 393, 394, 395, 396, 397, 914, 918, 407, 921, 411, 928, 929, 930, 423, 428, 899, 900, 436, 437, 452, 453, 456, 467, 471, 477, 478, 479, 887, 497, 508, 511]",True,"[345, 359, 377, 383, 801, 814, 827, 833]","[338, 339, 340, 341, 342, 343, 344, 345, 346, 347, 348, 349, 350, 351, 352, 353, 354, 355, 356, 357, 358, 359, 360, 361, 362, 363, 364, 365, 366, 367, 368, 369, 370, 371, 372, 373, 374, 375, 376, 377, 378, 379, 380, 381, 382, 383, 384, 385, 386, 387, 388, 389, 390, 391, 392, 393, 394, 395, 396, 397, 794, 795, 796, 797, 798, 799, 800, 801, 802, 803, 804, 805, 806, 807, 808, 809, 810, 811, 812, 813, 814, 815, 816, 817, 818, 819, 820, 821, 822, 823, 824, 825, 826, 827, 828, 829, 830, 831, 832, 833, 834, 835, 836, 837, 838, 839, 840, 841, 842, 843, 844, 845, 846, 847]","[345, 359, 377, 383, 801, 814, 827, 833]",[],"[8, 43, 71, 84, 86, 339, 348, 354, 360, 369, 378, 381, 382, 383, 384, 385, 389, 390, 523, 546, 555, 557, 795, 803, 809, 819, 828, 831, 832, 833, 834, 835, 839, 840]","[12, 24, 25, 28, 88, 100, 104, 119, 123, 129, 136, 137, 139, 140, 141, 148, 155, 169, 172, 179, 183, 185, 188, 196, 198, 217, 237, 267, 270, 278, 319, 321, 324, 325, 330, 334, 335, 354, 366, 369, 380, 383, 384, 386, 395, 407, 411, 423, 428, 436, 437, 452, 453, 456, 467, 471, 477, 478, 479, 497, 508, 511, 559, 571, 575, 590, 594, 600, 607, 608, 610, 611, 612, 619, 627, 640, 643, 650, 654, 656, 659, 667, 669, 685, 701, 726, 729, 737, 777, 779, 782, 783, 787, 790, 791, 809, 817, 819, 830, 833, 834, 836, 845, 856, 857, 860, 862, 875, 880, 887, 888, 899, 900, 914, 918, 921, 928, 929, 930]","[12, 24, 25, 28, 88, 100, 104, 119, 123, 129, 136, 137, 139, 140, 141, 148, 155, 169, 172, 179, 183, 185, 188, 196, 198, 217, 237, 267, 270, 278, 319, 321, 324, 325, 330, 334, 335, 354, 366, 369, 380, 383, 384, 386, 395, 407, 411, 423, 428, 436, 437, 452, 453, 456, 467, 471, 477, 478, 479, 497, 508, 511, 559, 571, 575, 590, 594, 600, 607, 608, 610, 611, 612, 619, 627, 640, 643, 650, 654, 656, 659, 667, 669, 685, 701, 726, 729, 737, 777, 779, 782, 783, 787, 790, 791, 809, 817, 819, 830, 833, 834, 836, 845, 856, 857, 860, 862, 875, 880, 887, 888, 899, 900, 914, 918, 921, 928, 929, 930]",7/6 successful match,True,"[543, 544]",True,239,False,,1.0,True,Santa Rosa Station ( Chevron ),Chevron
"D Bordertown , 89506 Winners Corner",775-972-1653 US 395 ( at state line ),<U+2610> <U+2610>,Bordertown,89506,Winners Corner,775-972-1653,2006,Reno,NV,,( at state line ),US 395,empty,,False,,False,US 395,,,,,"[397, 847]","[350, 805]","[350, 397, 805, 847]",[],"[338, 339, 340, 341, 342, 343, 344, 345, 346, 347, 348, 349, 350, 351, 352, 353, 354, 355, 356, 357, 358, 359, 360, 361, 362, 363, 364, 365, 366, 367, 368, 369, 370, 371, 372, 373, 374, 375, 376, 377, 378, 379, 380, 381, 382, 383, 384, 385, 386, 387, 388, 389, 390, 391, 392, 393, 394, 395, 396, 397, 794, 795, 796, 797, 798, 799, 800, 801, 802, 803, 804, 805, 806, 807, 808, 809, 810, 811, 812, 813, 814, 815, 816, 817, 818, 819, 820, 821, 822, 823, 824, 825, 826, 827, 828, 829, 830, 831, 832, 833, 834, 835, 836, 837, 838, 839, 840, 841, 842, 843, 844, 845, 846, 847]","[122, 130, 171, 179, 184, 187, 238, 248, 251, 258, 301, 350, 362, 395, 397, 593, 601, 642, 650, 655, 658, 702, 711, 714, 720, 805, 815, 845, 847]",[],"[9, 10, 196, 397, 494, 495, 667, 847]","[9, 10, 593, 601, 122, 130, 642, 650, 655, 658, 667, 171, 179, 184, 187, 702, 196, 711, 714, 720, 238, 248, 251, 258, 794, 795, 796, 797, 798, 799, 800, 801, 802, 803, 804, 805, 806, 807, 808, 809, 810, 811, 812, 813, 814, 815, 816, 817, 818, 819, 820, 821, 822, 823, 824, 825, 826, 827, 828, 829, 830, 831, 832, 833, 834, 835, 836, 837, 838, 839, 840, 841, 842, 843, 844, 845, 846, 847, 338, 339, 340, 341, 342, 343, 344, 345, 346, 347, 348, 349, 350, 351, 352, 353, 354, 355, 356, 357, 358, 359, 360, 361, 362, 363, 364, 365, 366, 367, 368, 369, 370, 371, 372, 373, 374, 375, 376, 377, 378, 379, 380, 381, 382, 383, 384, 385, 386, 387, 388, 389, 390, 391, 392, 393, 394, 395, 396, 397, 301, 494, 495]",True,"[350, 805]","[338, 339, 340, 341, 342, 343, 344, 345, 346, 347, 348, 349, 350, 351, 352, 353, 354, 355, 356, 357, 358, 359, 360, 361, 362, 363, 364, 365, 366, 367, 368, 369, 370, 371, 372, 373, 374, 375, 376, 377, 378, 379, 380, 381, 382, 383, 384, 385, 386, 387, 388, 389, 390, 391, 392, 393, 394, 395, 396, 397, 794, 795, 796, 797, 798, 799, 800, 801, 802, 803, 804, 805, 806, 807, 808, 809, 810, 811, 812, 813, 814, 815, 816, 817, 818, 819, 820, 821, 822, 823, 824, 825, 826, 827, 828, 829, 830, 831, 832, 833, 834, 835, 836, 837, 838, 839, 840, 841, 842, 843, 844, 845, 846, 847]","[350, 397, 805, 847]",[],"[122, 130, 171, 179, 184, 187, 238, 248, 251, 258, 301, 350, 362, 395, 397, 593, 601, 642, 650, 655, 658, 702, 711, 714, 720, 805, 815, 845, 847]","[9, 10, 196, 397, 494, 495, 667, 847]",[],7/6 successful match,True,,False,240,False,,,,,
"Bordertown , 89506 Winners Corner",775-972-1653 US 395 ( at state line ),,Bordertown,89506,Winners Corner,775-972-1653,2007,Reno,NV,,( at state line ),US 395,empty,,False,,False,US 395,,,,,"[397, 847]","[350, 805]","[350, 397, 805, 847]",[],"[338, 339, 340, 341, 342, 343, 344, 345, 346, 347, 348, 349, 350, 351, 352, 353, 354, 355, 356, 357, 358, 359, 360, 361, 362, 363, 364, 365, 366, 367, 368, 369, 370, 371, 372, 373, 374, 375, 376, 377, 378, 379, 380, 381, 382, 383, 384, 385, 386, 387, 388, 389, 390, 391, 392, 393, 394, 395, 396, 397, 794, 795, 796, 797, 798, 799, 800, 801, 802, 803, 804, 805, 806, 807, 808, 809, 810, 811, 812, 813, 814, 815, 816, 817, 818, 819, 820, 821, 822, 823, 824, 825, 826, 827, 828, 829, 830, 831, 832, 833, 834, 835, 836, 837, 838, 839, 840, 841, 842, 843, 844, 845, 846, 847]","[122, 130, 171, 179, 184, 187, 238, 248, 251, 258, 301, 350, 362, 395, 397, 593, 601, 642, 650, 655, 658, 702, 711, 714, 720, 805, 815, 845, 847]",[],"[9, 10, 196, 397, 494, 495, 667, 847]","[9, 10, 593, 601, 122, 130, 642, 650, 655, 658, 667, 171, 179, 184, 187, 702, 196, 711, 714, 720, 238, 248, 251, 258, 794, 795, 796, 797, 798, 799, 800, 801, 802, 803, 804, 805, 806, 807, 808, 809, 810, 811, 812, 813, 814, 815, 816, 817, 818, 819, 820, 821, 822, 823, 824, 825, 826, 827, 828, 829, 830, 831, 832, 833, 834, 835, 836, 837, 838, 839, 840, 841, 842, 843, 844, 845, 846, 847, 338, 339, 340, 341, 342, 343, 344, 345, 346, 347, 348, 349, 350, 351, 352, 353, 354, 355, 356, 357, 358, 359, 360, 361, 362, 363, 364, 365, 366, 367, 368, 369, 370, 371, 372, 373, 374, 375, 376, 377, 378, 379, 380, 381, 382, 383, 384, 385, 386, 387, 388, 389, 390, 391, 392, 393, 394, 395, 396, 397, 301, 494, 495]",True,"[350, 805]","[338, 339, 340, 341, 342, 343, 344, 345, 346, 347, 348, 349, 350, 351, 352, 353, 354, 355, 356, 357, 358, 359, 360, 361, 362, 363, 364, 365, 366, 367, 368, 369, 370, 371, 372, 373, 374, 375, 376, 377, 378, 379, 380, 381, 382, 383, 384, 385, 386, 387, 388, 389, 390, 391, 392, 393, 394, 395, 396, 397, 794, 795, 796, 797, 798, 799, 800, 801, 802, 803, 804, 805, 806, 807, 808, 809, 810, 811, 812, 813, 814, 815, 816, 817, 818, 819, 820, 821, 822, 823, 824, 825, 826, 827, 828, 829, 830, 831, 832, 833, 834, 835, 836, 837, 838, 839, 840, 841, 842, 843, 844, 845, 846, 847]","[350, 397, 805, 847]",[],"[122, 130, 171, 179, 184, 187, 238, 248, 251, 258, 301, 350, 362, 395, 397, 593, 601, 642, 650, 655, 658, 702, 711, 714, 720, 805, 815, 845, 847]","[9, 10, 196, 397, 494, 495, 667, 847]",[],7/6 successful match,True,,False,240,False,,1.0,True,Winners Corner,
"Bordertown , 89506 Winners Corner 1st",775-972-1653 US 395 ( at state line ),<U+2610> <U+2610><U+2610> <U+2610>,Bordertown,89506,Winners Corner 1st,775-972-1653,2008,Reno,NV,,( at state line ),US 395,empty,,False,,False,US 395,,,,,"[397, 847]","[350, 805]","[350, 397, 805, 847]",[],"[338, 339, 340, 341, 342, 343, 344, 345, 346, 347, 348, 349, 350, 351, 352, 353, 354, 355, 356, 357, 358, 359, 360, 361, 362, 363, 364, 365, 366, 367, 368, 369, 370, 371, 372, 373, 374, 375, 376, 377, 378, 379, 380, 381, 382, 383, 384, 385, 386, 387, 388, 389, 390, 391, 392, 393, 394, 395, 396, 397, 794, 795, 796, 797, 798, 799, 800, 801, 802, 803, 804, 805, 806, 807, 808, 809, 810, 811, 812, 813, 814, 815, 816, 817, 818, 819, 820, 821, 822, 823, 824, 825, 826, 827, 828, 829, 830, 831, 832, 833, 834, 835, 836, 837, 838, 839, 840, 841, 842, 843, 844, 845, 846, 847]","[122, 130, 171, 179, 184, 187, 238, 248, 251, 258, 301, 350, 362, 395, 397, 593, 601, 642, 650, 655, 658, 702, 711, 714, 720, 805, 815, 845, 847]",[],"[9, 10, 196, 397, 494, 495, 667, 847]","[9, 10, 593, 601, 122, 130, 642, 650, 655, 658, 667, 171, 179, 184, 187, 702, 196, 711, 714, 720, 238, 248, 251, 258, 794, 795, 796, 797, 798, 799, 800, 801, 802, 803, 804, 805, 806, 807, 808, 809, 810, 811, 812, 813, 814, 815, 816, 817, 818, 819, 820, 821, 822, 823, 824, 825, 826, 827, 828, 829, 830, 831, 832, 833, 834, 835, 836, 837, 838, 839, 840, 841, 842, 843, 844, 845, 846, 847, 338, 339, 340, 341, 342, 343, 344, 345, 346, 347, 348, 349, 350, 351, 352, 353, 354, 355, 356, 357, 358, 359, 360, 361, 362, 363, 364, 365, 366, 367, 368, 369, 370, 371, 372, 373, 374, 375, 376, 377, 378, 379, 380, 381, 382, 383, 384, 385, 386, 387, 388, 389, 390, 391, 392, 393, 394, 395, 396, 397, 301, 494, 495]",True,"[350, 805]","[338, 339, 340, 341, 342, 343, 344, 345, 346, 347, 348, 349, 350, 351, 352, 353, 354, 355, 356, 357, 358, 359, 360, 361, 362, 363, 364, 365, 366, 367, 368, 369, 370, 371, 372, 373, 374, 375, 376, 377, 378, 379, 380, 381, 382, 383, 384, 385, 386, 387, 388, 389, 390, 391, 392, 393, 394, 395, 396, 397, 794, 795, 796, 797, 798, 799, 800, 801, 802, 803, 804, 805, 806, 807, 808, 809, 810, 811, 812, 813, 814, 815, 816, 817, 818, 819, 820, 821, 822, 823, 824, 825, 826, 827, 828, 829, 830, 831, 832, 833, 834, 835, 836, 837, 838, 839, 840, 841, 842, 843, 844, 845, 846, 847]","[350, 397, 805, 847]",[],"[122, 130, 171, 179, 184, 187, 238, 248, 251, 258, 301, 350, 362, 395, 397, 593, 601, 642, 650, 655, 658, 702, 711, 714, 720, 805, 815, 845, 847]","[9, 10, 196, 397, 494, 495, 667, 847]",[],7/6 successful match,True,,False,240,False,,1.0,True,Winners Corner,
Bordertown ( 89506 ) Winners Corner,775-972-1653 US 395 ( at state line ),<U+2610>,Bordertown,89506,Winners Corner,775-972-1653,2014,Reno,NV,,( at state line ),US 395,empty,,False,,False,US 395,,,,,"[397, 847]","[350, 805]","[350, 397, 805, 847]",[],"[338, 339, 340, 341, 342, 343, 344, 345, 346, 347, 348, 349, 350, 351, 352, 353, 354, 355, 356, 357, 358, 359, 360, 361, 362, 363, 364, 365, 366, 367, 368, 369, 370, 371, 372, 373, 374, 375, 376, 377, 378, 379, 380, 381, 382, 383, 384, 385, 386, 387, 388, 389, 390, 391, 392, 393, 394, 395, 396, 397, 794, 795, 796, 797, 798, 799, 800, 801, 802, 803, 804, 805, 806, 807, 808, 809, 810, 811, 812, 813, 814, 815, 816, 817, 818, 819, 820, 821, 822, 823, 824, 825, 826, 827, 828, 829, 830, 831, 832, 833, 834, 835, 836, 837, 838, 839, 840, 841, 842, 843, 844, 845, 846, 847]","[122, 130, 171, 179, 184, 187, 238, 248, 251, 258, 301, 350, 362, 395, 397, 593, 601, 642, 650, 655, 658, 702, 711, 714, 720, 805, 815, 845, 847]",[],"[9, 10, 196, 397, 494, 495, 667, 847]","[9, 10, 593, 601, 122, 130, 642, 650, 655, 658, 667, 171, 179, 184, 187, 702, 196, 711, 714, 720, 238, 248, 251, 258, 794, 795, 796, 797, 798, 799, 800, 801, 802, 803, 804, 805, 806, 807, 808, 809, 810, 811, 812, 813, 814, 815, 816, 817, 818, 819, 820, 821, 822, 823, 824, 825, 826, 827, 828, 829, 830, 831, 832, 833, 834, 835, 836, 837, 838, 839, 840, 841, 842, 843, 844, 845, 846, 847, 338, 339, 340, 341, 342, 343, 344, 345, 346, 347, 348, 349, 350, 351, 352, 353, 354, 355, 356, 357, 358, 359, 360, 361, 362, 363, 364, 365, 366, 367, 368, 369, 370, 371, 372, 373, 374, 375, 376, 377, 378, 379, 380, 381, 382, 383, 384, 385, 386, 387, 388, 389, 390, 391, 392, 393, 394, 395, 396, 397, 301, 494, 495]",True,"[350, 805]","[338, 339, 340, 341, 342, 343, 344, 345, 346, 347, 348, 349, 350, 351, 352, 353, 354, 355, 356, 357, 358, 359, 360, 361, 362, 363, 364, 365, 366, 367, 368, 369, 370, 371, 372, 373, 374, 375, 376, 377, 378, 379, 380, 381, 382, 383, 384, 385, 386, 387, 388, 389, 390, 391, 392, 393, 394, 395, 396, 397, 794, 795, 796, 797, 798, 799, 800, 801, 802, 803, 804, 805, 806, 807, 808, 809, 810, 811, 812, 813, 814, 815, 816, 817, 818, 819, 820, 821, 822, 823, 824, 825, 826, 827, 828, 829, 830, 831, 832, 833, 834, 835, 836, 837, 838, 839, 840, 841, 842, 843, 844, 845, 846, 847]","[350, 397, 805, 847]",[],"[122, 130, 171, 179, 184, 187, 238, 248, 251, 258, 301, 350, 362, 395, 397, 593, 601, 642, 650, 655, 658, 702, 711, 714, 720, 805, 815, 845, 847]","[9, 10, 196, 397, 494, 495, 667, 847]",[],7/6 successful match,True,,False,240,False,,1.0,True,Winners Corner 1st,
D Bordertown ( 89506 ) Winners Corner,775-972-1653 US 395 ( at state line ),<U+2610> <U+2610>,Bordertown,89506,Winners Corner,775-972-1653,2015,Reno,NV,,( at state line ),US 395,empty,,False,,False,US 395,,,,,"[397, 847]","[350, 805]","[350, 397, 805, 847]",[],"[338, 339, 340, 341, 342, 343, 344, 345, 346, 347, 348, 349, 350, 351, 352, 353, 354, 355, 356, 357, 358, 359, 360, 361, 362, 363, 364, 365, 366, 367, 368, 369, 370, 371, 372, 373, 374, 375, 376, 377, 378, 379, 380, 381, 382, 383, 384, 385, 386, 387, 388, 389, 390, 391, 392, 393, 394, 395, 396, 397, 794, 795, 796, 797, 798, 799, 800, 801, 802, 803, 804, 805, 806, 807, 808, 809, 810, 811, 812, 813, 814, 815, 816, 817, 818, 819, 820, 821, 822, 823, 824, 825, 826, 827, 828, 829, 830, 831, 832, 833, 834, 835, 836, 837, 838, 839, 840, 841, 842, 843, 844, 845, 846, 847]","[122, 130, 171, 179, 184, 187, 238, 248, 251, 258, 301, 350, 362, 395, 397, 593, 601, 642, 650, 655, 658, 702, 711, 714, 720, 805, 815, 845, 847]",[],"[9, 10, 196, 397, 494, 495, 667, 847]","[9, 10, 593, 601, 122, 130, 642, 650, 655, 658, 667, 171, 179, 184, 187, 702, 196, 711, 714, 720, 238, 248, 251, 258, 794, 795, 796, 797, 798, 799, 800, 801, 802, 803, 804, 805, 806, 807, 808, 809, 810, 811, 812, 813, 814, 815, 816, 817, 818, 819, 820, 821, 822, 823, 824, 825, 826, 827, 828, 829, 830, 831, 832, 833, 834, 835, 836, 837, 838, 839, 840, 841, 842, 843, 844, 845, 846, 847, 338, 339, 340, 341, 342, 343, 344, 345, 346, 347, 348, 349, 350, 351, 352, 353, 354, 355, 356, 357, 358, 359, 360, 361, 362, 363, 364, 365, 366, 367, 368, 369, 370, 371, 372, 373, 374, 375, 376, 377, 378, 379, 380, 381, 382, 383, 384, 385, 386, 387, 388, 389, 390, 391, 392, 393, 394, 395, 396, 397, 301, 494, 495]",True,"[350, 805]","[338, 339, 340, 341, 342, 343, 344, 345, 346, 347, 348, 349, 350, 351, 352, 353, 354, 355, 356, 357, 358, 359, 360, 361, 362, 363, 364, 365, 366, 367, 368, 369, 370, 371, 372, 373, 374, 375, 376, 377, 378, 379, 380, 381, 382, 383, 384, 385, 386, 387, 388, 389, 390, 391, 392, 393, 394, 395, 396, 397, 794, 795, 796, 797, 798, 799, 800, 801, 802, 803, 804, 805, 806, 807, 808, 809, 810, 811, 812, 813, 814, 815, 816, 817, 818, 819, 820, 821, 822, 823, 824, 825, 826, 827, 828, 829, 830, 831, 832, 833, 834, 835, 836, 837, 838, 839, 840, 841, 842, 843, 844, 845, 846, 847]","[350, 397, 805, 847]",[],"[122, 130, 171, 179, 184, 187, 238, 248, 251, 258, 301, 350, 362, 395, 397, 593, 601, 642, 650, 655, 658, 702, 711, 714, 720, 805, 815, 845, 847]","[9, 10, 196, 397, 494, 495, 667, 847]",[],7/6 successful match,True,,False,240,False,,1.0,True,Winners Corner,
D Bordertown ( 89506 ) Winners Corner,775-972-1653 US 395 ( at state line ),<U+25A1>,Bordertown,89506,Winners Corner,775-972-1653,2016,Reno,NV,,( at state line ),US 395,empty,,False,,False,US 395,,,,,"[397, 847]","[350, 805]","[350, 397, 805, 847]",[],"[338, 339, 340, 341, 342, 343, 344, 345, 346, 347, 348, 349, 350, 351, 352, 353, 354, 355, 356, 357, 358, 359, 360, 361, 362, 363, 364, 365, 366, 367, 368, 369, 370, 371, 372, 373, 374, 375, 376, 377, 378, 379, 380, 381, 382, 383, 384, 385, 386, 387, 388, 389, 390, 391, 392, 393, 394, 395, 396, 397, 794, 795, 796, 797, 798, 799, 800, 801, 802, 803, 804, 805, 806, 807, 808, 809, 810, 811, 812, 813, 814, 815, 816, 817, 818, 819, 820, 821, 822, 823, 824, 825, 826, 827, 828, 829, 830, 831, 832, 833, 834, 835, 836, 837, 838, 839, 840, 841, 842, 843, 844, 845, 846, 847]","[122, 130, 171, 179, 184, 187, 238, 248, 251, 258, 301, 350, 362, 395, 397, 593, 601, 642, 650, 655, 658, 702, 711, 714, 720, 805, 815, 845, 847]",[],"[9, 10, 196, 397, 494, 495, 667, 847]","[9, 10, 593, 601, 122, 130, 642, 650, 655, 658, 667, 171, 179, 184, 187, 702, 196, 711, 714, 720, 238, 248, 251, 258, 794, 795, 796, 797, 798, 799, 800, 801, 802, 803, 804, 805, 806, 807, 808, 809, 810, 811, 812, 813, 814, 815, 816, 817, 818, 819, 820, 821, 822, 823, 824, 825, 826, 827, 828, 829, 830, 831, 832, 833, 834, 835, 836, 837, 838, 839, 840, 841, 842, 843, 844, 845, 846, 847, 338, 339, 340, 341, 342, 343, 344, 345, 346, 347, 348, 349, 350, 351, 352, 353, 354, 355, 356, 357, 358, 359, 360, 361, 362, 363, 364, 365, 366, 367, 368, 369, 370, 371, 372, 373, 374, 375, 376, 377, 378, 379, 380, 381, 382, 383, 384, 385, 386, 387, 388, 389, 390, 391, 392, 393, 394, 395, 396, 397, 301, 494, 495]",True,"[350, 805]","[338, 339, 340, 341, 342, 343, 344, 345, 346, 347, 348, 349, 350, 351, 352, 353, 354, 355, 356, 357, 358, 359, 360, 361, 362, 363, 364, 365, 366, 367, 368, 369, 370, 371, 372, 373, 374, 375, 376, 377, 378, 379, 380, 381, 382, 383, 384, 385, 386, 387, 388, 389, 390, 391, 392, 393, 394, 395, 396, 397, 794, 795, 796, 797, 798, 799, 800, 801, 802, 803, 804, 805, 806, 807, 808, 809, 810, 811, 812, 813, 814, 815, 816, 817, 818, 819, 820, 821, 822, 823, 824, 825, 826, 827, 828, 829, 830, 831, 832, 833, 834, 835, 836, 837, 838, 839, 840, 841, 842, 843, 844, 845, 846, 847]","[350, 397, 805, 847]",[],"[122, 130, 171, 179, 184, 187, 238, 248, 251, 258, 301, 350, 362, 395, 397, 593, 601, 642, 650, 655, 658, 702, 711, 714, 720, 805, 815, 845, 847]","[9, 10, 196, 397, 494, 495, 667, 847]",[],7/6 successful match,True,,False,240,False,,1.0,True,Winners Corner,
"B Elko , 89801 Bonus Star Mart # 53 ( Sinclair )",775-738-7732 I-80 Exit 303 ( US 40 ),469 M T,Elko,89801,Bonus Star Mart # 53 ( Sinclair ),775-738-7732,2006,Elko,NV,Sinclair,( US 40 ),I-80 Exit 303 ,Exit,303,False,,False,I-80,,,,,"[387, 837]","[352, 387, 807, 837]","[352, 387, 807, 837]","[387, 441, 837]","[338, 339, 340, 341, 342, 343, 344, 345, 346, 347, 348, 349, 350, 351, 352, 353, 354, 355, 356, 357, 358, 359, 360, 361, 362, 363, 364, 365, 366, 367, 368, 369, 370, 371, 372, 373, 374, 375, 376, 377, 378, 379, 380, 381, 382, 383, 384, 385, 386, 387, 388, 389, 390, 391, 392, 393, 394, 395, 396, 397, 794, 795, 796, 797, 798, 799, 800, 801, 802, 803, 804, 805, 806, 807, 808, 809, 810, 811, 812, 813, 814, 815, 816, 817, 818, 819, 820, 821, 822, 823, 824, 825, 826, 827, 828, 829, 830, 831, 832, 833, 834, 835, 836, 837, 838, 839, 840, 841, 842, 843, 844, 845, 846, 847]","[89, 108, 172, 217, 221, 239, 264, 280, 321, 342, 343, 344, 345, 346, 349, 351, 352, 355, 357, 359, 364, 368, 371, 372, 373, 374, 376, 377, 387, 392, 393, 403, 409, 411, 414, 424, 430, 449, 454, 470, 480, 560, 584, 643, 685, 703, 724, 739, 779, 798, 799, 800, 801, 804, 806, 807, 810, 812, 814, 816, 821, 822, 823, 824, 826, 827, 837, 842, 843, 852, 859, 862, 865, 869, 876, 882, 897, 901, 917, 932]","[31, 142, 147, 180, 338, 352, 367, 387, 403, 405, 408, 410, 455, 465, 466, 468, 470, 472, 473, 483, 484, 514, 613, 618, 651, 794, 807, 837, 852, 854, 858, 861, 902, 912, 913, 915, 917, 919, 920, 931, 934, 935]","[31, 133, 142, 147, 180, 338, 352, 367, 387, 403, 405, 408, 410, 455, 465, 466, 468, 470, 472, 473, 483, 484, 514, 604, 613, 618, 651, 794, 807, 837, 852, 854, 858, 861, 902, 912, 913, 915, 917, 919, 920, 931, 934, 935]","[514, 876, 31, 560, 584, 321, 89, 604, 613, 618, 108, 643, 133, 651, 142, 147, 172, 685, 882, 180, 703, 852, 854, 724, 217, 221, 858, 859, 739, 861, 239, 862, 865, 264, 779, 869, 280, 794, 795, 796, 797, 798, 799, 800, 801, 802, 803, 804, 805, 806, 807, 808, 809, 810, 811, 812, 813, 814, 815, 816, 817, 818, 819, 820, 821, 822, 823, 824, 825, 826, 827, 828, 829, 830, 831, 832, 833, 834, 835, 836, 837, 838, 839, 840, 841, 842, 843, 844, 845, 846, 847, 338, 339, 340, 341, 342, 343, 344, 345, 346, 347, 348, 349, 350, 351, 352, 353, 354, 355, 356, 357, 358, 359, 360, 361, 362, 363, 364, 365, 366, 367, 368, 369, 370, 371, 372, 373, 374, 375, 376, 377, 378, 379, 380, 381, 382, 383, 384, 385, 386, 387, 388, 389, 390, 391, 392, 393, 394, 395, 396, 397, 901, 902, 912, 913, 403, 915, 917, 405, 919, 408, 409, 410, 411, 920, 414, 897, 931, 932, 934, 935, 424, 430, 441, 449, 454, 455, 465, 466, 468, 470, 472, 473, 480, 483, 484]",True,"[352, 387, 807, 837]","[338, 339, 340, 341, 342, 343, 344, 345, 346, 347, 348, 349, 350, 351, 352, 353, 354, 355, 356, 357, 358, 359, 360, 361, 362, 363, 364, 365, 366, 367, 368, 369, 370, 371, 372, 373, 374, 375, 376, 377, 378, 379, 380, 381, 382, 383, 384, 385, 386, 387, 388, 389, 390, 391, 392, 393, 394, 395, 396, 397, 794, 795, 796, 797, 798, 799, 800, 801, 802, 803, 804, 805, 806, 807, 808, 809, 810, 811, 812, 813, 814, 815, 816, 817, 818, 819, 820, 821, 822, 823, 824, 825, 826, 827, 828, 829, 830, 831, 832, 833, 834, 835, 836, 837, 838, 839, 840, 841, 842, 843, 844, 845, 846, 847]","[352, 387, 807, 837]","[387, 441, 837]","[89, 108, 172, 217, 221, 239, 264, 280, 321, 342, 343, 344, 345, 346, 349, 351, 352, 355, 357, 359, 364, 368, 371, 372, 373, 374, 376, 377, 387, 392, 393, 403, 409, 411, 414, 424, 430, 449, 454, 470, 480, 560, 584, 643, 685, 703, 724, 739, 779, 798, 799, 800, 801, 804, 806, 807, 810, 812, 814, 816, 821, 822, 823, 824, 826, 827, 837, 842, 843, 852, 859, 862, 865, 869, 876, 882, 897, 901, 917, 932]","[31, 133, 142, 147, 180, 338, 352, 367, 387, 403, 405, 408, 410, 455, 465, 466, 468, 470, 472, 473, 483, 484, 514, 604, 613, 618, 651, 794, 807, 837, 852, 854, 858, 861, 902, 912, 913, 915, 917, 919, 920, 931, 934, 935]","[31, 142, 147, 180, 338, 352, 367, 387, 403, 405, 408, 410, 455, 465, 466, 468, 470, 472, 473, 483, 484, 514, 613, 618, 651, 794, 807, 837, 852, 854, 858, 861, 902, 912, 913, 915, 917, 919, 920, 931, 934, 935]",7/6 successful match,True,[350],True,241,False,,,,,
"B Elko , 89801 Bonus Star Mart # 53 ( Sinclair )",775-738-7732 I-80 Exit 303 ( US 40 ),24 HRS MO,Elko,89801,Bonus Star Mart # 53 ( Sinclair ),775-738-7732,2007,Elko,NV,Sinclair,( US 40 ),I-80 Exit 303 ,Exit,303,False,,False,I-80,,,,,"[387, 837]","[352, 387, 807, 837]","[352, 387, 807, 837]","[387, 441, 837]","[338, 339, 340, 341, 342, 343, 344, 345, 346, 347, 348, 349, 350, 351, 352, 353, 354, 355, 356, 357, 358, 359, 360, 361, 362, 363, 364, 365, 366, 367, 368, 369, 370, 371, 372, 373, 374, 375, 376, 377, 378, 379, 380, 381, 382, 383, 384, 385, 386, 387, 388, 389, 390, 391, 392, 393, 394, 395, 396, 397, 794, 795, 796, 797, 798, 799, 800, 801, 802, 803, 804, 805, 806, 807, 808, 809, 810, 811, 812, 813, 814, 815, 816, 817, 818, 819, 820, 821, 822, 823, 824, 825, 826, 827, 828, 829, 830, 831, 832, 833, 834, 835, 836, 837, 838, 839, 840, 841, 842, 843, 844, 845, 846, 847]","[89, 108, 172, 217, 221, 239, 264, 280, 321, 342, 343, 344, 345, 346, 349, 351, 352, 355, 357, 359, 364, 368, 371, 372, 373, 374, 376, 377, 387, 392, 393, 403, 409, 411, 414, 424, 430, 449, 454, 470, 480, 560, 584, 643, 685, 703, 724, 739, 779, 798, 799, 800, 801, 804, 806, 807, 810, 812, 814, 816, 821, 822, 823, 824, 826, 827, 837, 842, 843, 852, 859, 862, 865, 869, 876, 882, 897, 901, 917, 932]","[31, 142, 147, 180, 338, 352, 367, 387, 403, 405, 408, 410, 455, 465, 466, 468, 470, 472, 473, 483, 484, 514, 613, 618, 651, 794, 807, 837, 852, 854, 858, 861, 902, 912, 913, 915, 917, 919, 920, 931, 934, 935]","[31, 133, 142, 147, 180, 338, 352, 367, 387, 403, 405, 408, 410, 455, 465, 466, 468, 470, 472, 473, 483, 484, 514, 604, 613, 618, 651, 794, 807, 837, 852, 854, 858, 861, 902, 912, 913, 915, 917, 919, 920, 931, 934, 935]","[514, 876, 31, 560, 584, 321, 89, 604, 613, 618, 108, 643, 133, 651, 142, 147, 172, 685, 882, 180, 703, 852, 854, 724, 217, 221, 858, 859, 739, 861, 239, 862, 865, 264, 779, 869, 280, 794, 795, 796, 797, 798, 799, 800, 801, 802, 803, 804, 805, 806, 807, 808, 809, 810, 811, 812, 813, 814, 815, 816, 817, 818, 819, 820, 821, 822, 823, 824, 825, 826, 827, 828, 829, 830, 831, 832, 833, 834, 835, 836, 837, 838, 839, 840, 841, 842, 843, 844, 845, 846, 847, 338, 339, 340, 341, 342, 343, 344, 345, 346, 347, 348, 349, 350, 351, 352, 353, 354, 355, 356, 357, 358, 359, 360, 361, 362, 363, 364, 365, 366, 367, 368, 369, 370, 371, 372, 373, 374, 375, 376, 377, 378, 379, 380, 381, 382, 383, 384, 385, 386, 387, 388, 389, 390, 391, 392, 393, 394, 395, 396, 397, 901, 902, 912, 913, 403, 915, 917, 405, 919, 408, 409, 410, 411, 920, 414, 897, 931, 932, 934, 935, 424, 430, 441, 449, 454, 455, 465, 466, 468, 470, 472, 473, 480, 483, 484]",True,"[352, 387, 807, 837]","[338, 339, 340, 341, 342, 343, 344, 345, 346, 347, 348, 349, 350, 351, 352, 353, 354, 355, 356, 357, 358, 359, 360, 361, 362, 363, 364, 365, 366, 367, 368, 369, 370, 371, 372, 373, 374, 375, 376, 377, 378, 379, 380, 381, 382, 383, 384, 385, 386, 387, 388, 389, 390, 391, 392, 393, 394, 395, 396, 397, 794, 795, 796, 797, 798, 799, 800, 801, 802, 803, 804, 805, 806, 807, 808, 809, 810, 811, 812, 813, 814, 815, 816, 817, 818, 819, 820, 821, 822, 823, 824, 825, 826, 827, 828, 829, 830, 831, 832, 833, 834, 835, 836, 837, 838, 839, 840, 841, 842, 843, 844, 845, 846, 847]","[352, 387, 807, 837]","[387, 441, 837]","[89, 108, 172, 217, 221, 239, 264, 280, 321, 342, 343, 344, 345, 346, 349, 351, 352, 355, 357, 359, 364, 368, 371, 372, 373, 374, 376, 377, 387, 392, 393, 403, 409, 411, 414, 424, 430, 449, 454, 470, 480, 560, 584, 643, 685, 703, 724, 739, 779, 798, 799, 800, 801, 804, 806, 807, 810, 812, 814, 816, 821, 822, 823, 824, 826, 827, 837, 842, 843, 852, 859, 862, 865, 869, 876, 882, 897, 901, 917, 932]","[31, 133, 142, 147, 180, 338, 352, 367, 387, 403, 405, 408, 410, 455, 465, 466, 468, 470, 472, 473, 483, 484, 514, 604, 613, 618, 651, 794, 807, 837, 852, 854, 858, 861, 902, 912, 913, 915, 917, 919, 920, 931, 934, 935]","[31, 142, 147, 180, 338, 352, 367, 387, 403, 405, 408, 410, 455, 465, 466, 468, 470, 472, 473, 483, 484, 514, 613, 618, 651, 794, 807, 837, 852, 854, 858, 861, 902, 912, 913, 915, 917, 919, 920, 931, 934, 935]",7/6 successful match,True,[350],True,241,False,,1.0,True,Bonus Star Mart # 53 ( Sinclair ),Sinclair
"Elko , 89801 Bonus Star Mart # 53 278 ( ) Sinclair",5 775-738-7732 I-80 Exit 303 ( US ) ),HR3 24 S,Elko,89801,Bonus Star Mart # 53 278 ( ) Sinclair,775-738-7732,2008,Elko,NV,Sinclair,( US ) ),I-80 Exit 303 ,Exit,303,False,,False,I-80,,,,,"[387, 837]","[352, 387, 807, 837]","[352, 387, 807, 837]","[387, 441, 837]","[338, 339, 340, 341, 342, 343, 344, 345, 346, 347, 348, 349, 350, 351, 352, 353, 354, 355, 356, 357, 358, 359, 360, 361, 362, 363, 364, 365, 366, 367, 368, 369, 370, 371, 372, 373, 374, 375, 376, 377, 378, 379, 380, 381, 382, 383, 384, 385, 386, 387, 388, 389, 390, 391, 392, 393, 394, 395, 396, 397, 794, 795, 796, 797, 798, 799, 800, 801, 802, 803, 804, 805, 806, 807, 808, 809, 810, 811, 812, 813, 814, 815, 816, 817, 818, 819, 820, 821, 822, 823, 824, 825, 826, 827, 828, 829, 830, 831, 832, 833, 834, 835, 836, 837, 838, 839, 840, 841, 842, 843, 844, 845, 846, 847]","[89, 108, 172, 217, 221, 239, 264, 280, 321, 342, 343, 344, 345, 346, 349, 351, 352, 355, 357, 359, 364, 368, 371, 372, 373, 374, 376, 377, 387, 392, 393, 403, 409, 411, 414, 424, 430, 449, 454, 470, 480, 560, 584, 643, 685, 703, 724, 739, 779, 798, 799, 800, 801, 804, 806, 807, 810, 812, 814, 816, 821, 822, 823, 824, 826, 827, 837, 842, 843, 852, 859, 862, 865, 869, 876, 882, 897, 901, 917, 932]","[31, 142, 147, 180, 338, 352, 367, 387, 403, 405, 408, 410, 455, 465, 466, 468, 470, 472, 473, 483, 484, 514, 613, 618, 651, 794, 807, 837, 852, 854, 858, 861, 902, 912, 913, 915, 917, 919, 920, 931, 934, 935]","[31, 36, 133, 142, 147, 180, 338, 352, 367, 387, 403, 405, 408, 410, 455, 465, 466, 468, 470, 472, 473, 483, 484, 514, 517, 604, 613, 618, 651, 794, 807, 837, 852, 854, 858, 861, 902, 912, 913, 915, 917, 919, 920, 931, 934, 935]","[514, 517, 876, 31, 36, 560, 584, 321, 89, 604, 613, 618, 108, 643, 133, 651, 142, 147, 172, 685, 882, 180, 703, 852, 854, 724, 217, 221, 858, 859, 739, 861, 239, 862, 865, 264, 779, 869, 280, 794, 795, 796, 797, 798, 799, 800, 801, 802, 803, 804, 805, 806, 807, 808, 809, 810, 811, 812, 813, 814, 815, 816, 817, 818, 819, 820, 821, 822, 823, 824, 825, 826, 827, 828, 829, 830, 831, 832, 833, 834, 835, 836, 837, 838, 839, 840, 841, 842, 843, 844, 845, 846, 847, 338, 339, 340, 341, 342, 343, 344, 345, 346, 347, 348, 349, 350, 351, 352, 353, 354, 355, 356, 357, 358, 359, 360, 361, 362, 363, 364, 365, 366, 367, 368, 369, 370, 371, 372, 373, 374, 375, 376, 377, 378, 379, 380, 381, 382, 383, 384, 385, 386, 387, 388, 389, 390, 391, 392, 393, 394, 395, 396, 397, 901, 902, 912, 913, 403, 915, 917, 405, 919, 408, 409, 410, 411, 920, 414, 897, 931, 932, 934, 935, 424, 430, 441, 449, 454, 455, 465, 466, 468, 470, 472, 473, 480, 483, 484]",True,"[352, 387, 807, 837]","[338, 339, 340, 341, 342, 343, 344, 345, 346, 347, 348, 349, 350, 351, 352, 353, 354, 355, 356, 357, 358, 359, 360, 361, 362, 363, 364, 365, 366, 367, 368, 369, 370, 371, 372, 373, 374, 375, 376, 377, 378, 379, 380, 381, 382, 383, 384, 385, 386, 387, 388, 389, 390, 391, 392, 393, 394, 395, 396, 397, 794, 795, 796, 797, 798, 799, 800, 801, 802, 803, 804, 805, 806, 807, 808, 809, 810, 811, 812, 813, 814, 815, 816, 817, 818, 819, 820, 821, 822, 823, 824, 825, 826, 827, 828, 829, 830, 831, 832, 833, 834, 835, 836, 837, 838, 839, 840, 841, 842, 843, 844, 845, 846, 847]","[352, 387, 807, 837]","[387, 441, 837]","[89, 108, 172, 217, 221, 239, 264, 280, 321, 342, 343, 344, 345, 346, 349, 351, 352, 355, 357, 359, 364, 368, 371, 372, 373, 374, 376, 377, 387, 392, 393, 403, 409, 411, 414, 424, 430, 449, 454, 470, 480, 560, 584, 643, 685, 703, 724, 739, 779, 798, 799, 800, 801, 804, 806, 807, 810, 812, 814, 816, 821, 822, 823, 824, 826, 827, 837, 842, 843, 852, 859, 862, 865, 869, 876, 882, 897, 901, 917, 932]","[31, 36, 133, 142, 147, 180, 338, 352, 367, 387, 403, 405, 408, 410, 455, 465, 466, 468, 470, 472, 473, 483, 484, 514, 517, 604, 613, 618, 651, 794, 807, 837, 852, 854, 858, 861, 902, 912, 913, 915, 917, 919, 920, 931, 934, 935]","[31, 142, 147, 180, 338, 352, 367, 387, 403, 405, 408, 410, 455, 465, 466, 468, 470, 472, 473, 483, 484, 514, 613, 618, 651, 794, 807, 837, 852, 854, 858, 861, 902, 912, 913, 915, 917, 919, 920, 931, 934, 935]",7/6 successful match,True,[350],True,241,False,,1.0,True,Bonus Star Mart # 53 ( Sinclair ),Sinclair
Elko ( 89801 ) Hardy's ( Sinclair ),775-738-7732 I-80 Exit 303 ( US 40 ),24 MO C <U+2610> <U+2610>,Elko,89801,Hardy's ( Sinclair ),775-738-7732,2014,Elko,NV,Sinclair,( US 40 ),I-80 Exit 303 ,Exit,303,False,,False,I-80,,,,,"[387, 837]","[352, 387, 807, 837]","[352, 387, 807, 837]","[387, 441, 837]","[338, 339, 340, 341, 342, 343, 344, 345, 346, 347, 348, 349, 350, 351, 352, 353, 354, 355, 356, 357, 358, 359, 360, 361, 362, 363, 364, 365, 366, 367, 368, 369, 370, 371, 372, 373, 374, 375, 376, 377, 378, 379, 380, 381, 382, 383, 384, 385, 386, 387, 388, 389, 390, 391, 392, 393, 394, 395, 396, 397, 794, 795, 796, 797, 798, 799, 800, 801, 802, 803, 804, 805, 806, 807, 808, 809, 810, 811, 812, 813, 814, 815, 816, 817, 818, 819, 820, 821, 822, 823, 824, 825, 826, 827, 828, 829, 830, 831, 832, 833, 834, 835, 836, 837, 838, 839, 840, 841, 842, 843, 844, 845, 846, 847]","[89, 108, 172, 217, 221, 239, 264, 280, 321, 342, 343, 344, 345, 346, 349, 351, 352, 355, 357, 359, 364, 368, 371, 372, 373, 374, 376, 377, 387, 392, 393, 403, 409, 411, 414, 424, 430, 449, 454, 470, 480, 560, 584, 643, 685, 703, 724, 739, 779, 798, 799, 800, 801, 804, 806, 807, 810, 812, 814, 816, 821, 822, 823, 824, 826, 827, 837, 842, 843, 852, 859, 862, 865, 869, 876, 882, 897, 901, 917, 932]","[31, 142, 147, 180, 338, 352, 367, 387, 403, 405, 408, 410, 455, 465, 466, 468, 470, 472, 473, 483, 484, 514, 613, 618, 651, 794, 807, 837, 852, 854, 858, 861, 902, 912, 913, 915, 917, 919, 920, 931, 934, 935]","[31, 142, 147, 180, 338, 352, 367, 387, 403, 405, 408, 410, 455, 465, 466, 468, 470, 472, 473, 483, 484, 514, 613, 618, 651, 794, 807, 837, 852, 854, 858, 861, 902, 912, 913, 915, 917, 919, 920, 931, 934, 935]","[514, 876, 31, 560, 584, 321, 89, 613, 618, 108, 643, 651, 142, 147, 172, 685, 882, 180, 703, 852, 854, 724, 217, 221, 858, 859, 739, 861, 239, 862, 865, 264, 779, 869, 280, 794, 795, 796, 797, 798, 799, 800, 801, 802, 803, 804, 805, 806, 807, 808, 809, 810, 811, 812, 813, 814, 815, 816, 817, 818, 819, 820, 821, 822, 823, 824, 825, 826, 827, 828, 829, 830, 831, 832, 833, 834, 835, 836, 837, 838, 839, 840, 841, 842, 843, 844, 845, 846, 847, 338, 339, 340, 341, 342, 343, 344, 345, 346, 347, 348, 349, 350, 351, 352, 353, 354, 355, 356, 357, 358, 359, 360, 361, 362, 363, 364, 365, 366, 367, 368, 369, 370, 371, 372, 373, 374, 375, 376, 377, 378, 379, 380, 381, 382, 383, 384, 385, 386, 387, 388, 389, 390, 391, 392, 393, 394, 395, 396, 397, 901, 902, 912, 913, 403, 915, 917, 405, 919, 408, 409, 410, 411, 920, 414, 897, 931, 932, 934, 935, 424, 430, 441, 449, 454, 455, 465, 466, 468, 470, 472, 473, 480, 483, 484]",True,"[352, 387, 807, 837]","[338, 339, 340, 341, 342, 343, 344, 345, 346, 347, 348, 349, 350, 351, 352, 353, 354, 355, 356, 357, 358, 359, 360, 361, 362, 363, 364, 365, 366, 367, 368, 369, 370, 371, 372, 373, 374, 375, 376, 377, 378, 379, 380, 381, 382, 383, 384, 385, 386, 387, 388, 389, 390, 391, 392, 393, 394, 395, 396, 397, 794, 795, 796, 797, 798, 799, 800, 801, 802, 803, 804, 805, 806, 807, 808, 809, 810, 811, 812, 813, 814, 815, 816, 817, 818, 819, 820, 821, 822, 823, 824, 825, 826, 827, 828, 829, 830, 831, 832, 833, 834, 835, 836, 837, 838, 839, 840, 841, 842, 843, 844, 845, 846, 847]","[352, 387, 807, 837]","[387, 441, 837]","[89, 108, 172, 217, 221, 239, 264, 280, 321, 342, 343, 344, 345, 346, 349, 351, 352, 355, 357, 359, 364, 368, 371, 372, 373, 374, 376, 377, 387, 392, 393, 403, 409, 411, 414, 424, 430, 449, 454, 470, 480, 560, 584, 643, 685, 703, 724, 739, 779, 798, 799, 800, 801, 804, 806, 807, 810, 812, 814, 816, 821, 822, 823, 824, 826, 827, 837, 842, 843, 852, 859, 862, 865, 869, 876, 882, 897, 901, 917, 932]","[31, 142, 147, 180, 338, 352, 367, 387, 403, 405, 408, 410, 455, 465, 466, 468, 470, 472, 473, 483, 484, 514, 613, 618, 651, 794, 807, 837, 852, 854, 858, 861, 902, 912, 913, 915, 917, 919, 920, 931, 934, 935]","[31, 142, 147, 180, 338, 352, 367, 387, 403, 405, 408, 410, 455, 465, 466, 468, 470, 472, 473, 483, 484, 514, 613, 618, 651, 794, 807, 837, 852, 854, 858, 861, 902, 912, 913, 915, 917, 919, 920, 931, 934, 935]",7/6 successful match,True,[350],True,241,False,,0.393984962406015,True,Bonus Star Mart # 53 278 ( ) Sinclair,Sinclair
B Elko ( 89801 ) Hardy's ( Sinclair ),775-738-7732 I-80 Exit 303 ( US 40 ),24 M <U+25A1>,Elko,89801,Hardy's ( Sinclair ),775-738-7732,2015,Elko,NV,Sinclair,( US 40 ),I-80 Exit 303 ,Exit,303,False,,False,I-80,,,,,"[387, 837]","[352, 387, 807, 837]","[352, 387, 807, 837]","[387, 441, 837]","[338, 339, 340, 341, 342, 343, 344, 345, 346, 347, 348, 349, 350, 351, 352, 353, 354, 355, 356, 357, 358, 359, 360, 361, 362, 363, 364, 365, 366, 367, 368, 369, 370, 371, 372, 373, 374, 375, 376, 377, 378, 379, 380, 381, 382, 383, 384, 385, 386, 387, 388, 389, 390, 391, 392, 393, 394, 395, 396, 397, 794, 795, 796, 797, 798, 799, 800, 801, 802, 803, 804, 805, 806, 807, 808, 809, 810, 811, 812, 813, 814, 815, 816, 817, 818, 819, 820, 821, 822, 823, 824, 825, 826, 827, 828, 829, 830, 831, 832, 833, 834, 835, 836, 837, 838, 839, 840, 841, 842, 843, 844, 845, 846, 847]","[89, 108, 172, 217, 221, 239, 264, 280, 321, 342, 343, 344, 345, 346, 349, 351, 352, 355, 357, 359, 364, 368, 371, 372, 373, 374, 376, 377, 387, 392, 393, 403, 409, 411, 414, 424, 430, 449, 454, 470, 480, 560, 584, 643, 685, 703, 724, 739, 779, 798, 799, 800, 801, 804, 806, 807, 810, 812, 814, 816, 821, 822, 823, 824, 826, 827, 837, 842, 843, 852, 859, 862, 865, 869, 876, 882, 897, 901, 917, 932]","[31, 142, 147, 180, 338, 352, 367, 387, 403, 405, 408, 410, 455, 465, 466, 468, 470, 472, 473, 483, 484, 514, 613, 618, 651, 794, 807, 837, 852, 854, 858, 861, 902, 912, 913, 915, 917, 919, 920, 931, 934, 935]","[31, 142, 147, 180, 338, 352, 367, 387, 403, 405, 408, 410, 455, 465, 466, 468, 470, 472, 473, 483, 484, 514, 613, 618, 651, 794, 807, 837, 852, 854, 858, 861, 902, 912, 913, 915, 917, 919, 920, 931, 934, 935]","[514, 876, 31, 560, 584, 321, 89, 613, 618, 108, 643, 651, 142, 147, 172, 685, 882, 180, 703, 852, 854, 724, 217, 221, 858, 859, 739, 861, 239, 862, 865, 264, 779, 869, 280, 794, 795, 796, 797, 798, 799, 800, 801, 802, 803, 804, 805, 806, 807, 808, 809, 810, 811, 812, 813, 814, 815, 816, 817, 818, 819, 820, 821, 822, 823, 824, 825, 826, 827, 828, 829, 830, 831, 832, 833, 834, 835, 836, 837, 838, 839, 840, 841, 842, 843, 844, 845, 846, 847, 338, 339, 340, 341, 342, 343, 344, 345, 346, 347, 348, 349, 350, 351, 352, 353, 354, 355, 356, 357, 358, 359, 360, 361, 362, 363, 364, 365, 366, 367, 368, 369, 370, 371, 372, 373, 374, 375, 376, 377, 378, 379, 380, 381, 382, 383, 384, 385, 386, 387, 388, 389, 390, 391, 392, 393, 394, 395, 396, 397, 901, 902, 912, 913, 403, 915, 917, 405, 919, 408, 409, 410, 411, 920, 414, 897, 931, 932, 934, 935, 424, 430, 441, 449, 454, 455, 465, 466, 468, 470, 472, 473, 480, 483, 484]",True,"[352, 387, 807, 837]","[338, 339, 340, 341, 342, 343, 344, 345, 346, 347, 348, 349, 350, 351, 352, 353, 354, 355, 356, 357, 358, 359, 360, 361, 362, 363, 364, 365, 366, 367, 368, 369, 370, 371, 372, 373, 374, 375, 376, 377, 378, 379, 380, 381, 382, 383, 384, 385, 386, 387, 388, 389, 390, 391, 392, 393, 394, 395, 396, 397, 794, 795, 796, 797, 798, 799, 800, 801, 802, 803, 804, 805, 806, 807, 808, 809, 810, 811, 812, 813, 814, 815, 816, 817, 818, 819, 820, 821, 822, 823, 824, 825, 826, 827, 828, 829, 830, 831, 832, 833, 834, 835, 836, 837, 838, 839, 840, 841, 842, 843, 844, 845, 846, 847]","[352, 387, 807, 837]","[387, 441, 837]","[89, 108, 172, 217, 221, 239, 264, 280, 321, 342, 343, 344, 345, 346, 349, 351, 352, 355, 357, 359, 364, 368, 371, 372, 373, 374, 376, 377, 387, 392, 393, 403, 409, 411, 414, 424, 430, 449, 454, 470, 480, 560, 584, 643, 685, 703, 724, 739, 779, 798, 799, 800, 801, 804, 806, 807, 810, 812, 814, 816, 821, 822, 823, 824, 826, 827, 837, 842, 843, 852, 859, 862, 865, 869, 876, 882, 897, 901, 917, 932]","[31, 142, 147, 180, 338, 352, 367, 387, 403, 405, 408, 410, 455, 465, 466, 468, 470, 472, 473, 483, 484, 514, 613, 618, 651, 794, 807, 837, 852, 854, 858, 861, 902, 912, 913, 915, 917, 919, 920, 931, 934, 935]","[31, 142, 147, 180, 338, 352, 367, 387, 403, 405, 408, 410, 455, 465, 466, 468, 470, 472, 473, 483, 484, 514, 613, 618, 651, 794, 807, 837, 852, 854, 858, 861, 902, 912, 913, 915, 917, 919, 920, 931, 934, 935]",7/6 successful match,True,[350],True,241,False,,1.0,True,Hardy's ( Sinclair ),Sinclair
B Elko ( 89801 ) Hardy's ( Sinclair ) mi SE ),775-738-7732 I-80 Exit 303 ( US 40 ),24 MO <U+25A1>,Elko,89801,Hardy's ( Sinclair ) mi SE ),775-738-7732,2016,Elko,NV,Sinclair,( US 40 ),I-80 Exit 303 ,Exit,303,False,,False,I-80,,,,,"[387, 837]","[352, 387, 807, 837]","[352, 387, 807, 837]","[387, 441, 837]","[338, 339, 340, 341, 342, 343, 344, 345, 346, 347, 348, 349, 350, 351, 352, 353, 354, 355, 356, 357, 358, 359, 360, 361, 362, 363, 364, 365, 366, 367, 368, 369, 370, 371, 372, 373, 374, 375, 376, 377, 378, 379, 380, 381, 382, 383, 384, 385, 386, 387, 388, 389, 390, 391, 392, 393, 394, 395, 396, 397, 794, 795, 796, 797, 798, 799, 800, 801, 802, 803, 804, 805, 806, 807, 808, 809, 810, 811, 812, 813, 814, 815, 816, 817, 818, 819, 820, 821, 822, 823, 824, 825, 826, 827, 828, 829, 830, 831, 832, 833, 834, 835, 836, 837, 838, 839, 840, 841, 842, 843, 844, 845, 846, 847]","[89, 108, 172, 217, 221, 239, 264, 280, 321, 342, 343, 344, 345, 346, 349, 351, 352, 355, 357, 359, 364, 368, 371, 372, 373, 374, 376, 377, 387, 392, 393, 403, 409, 411, 414, 424, 430, 449, 454, 470, 480, 560, 584, 643, 685, 703, 724, 739, 779, 798, 799, 800, 801, 804, 806, 807, 810, 812, 814, 816, 821, 822, 823, 824, 826, 827, 837, 842, 843, 852, 859, 862, 865, 869, 876, 882, 897, 901, 917, 932]","[31, 142, 147, 180, 338, 352, 367, 387, 403, 405, 408, 410, 455, 465, 466, 468, 470, 472, 473, 483, 484, 514, 613, 618, 651, 794, 807, 837, 852, 854, 858, 861, 902, 912, 913, 915, 917, 919, 920, 931, 934, 935]","[31, 142, 147, 180, 338, 352, 367, 387, 403, 405, 408, 410, 455, 465, 466, 468, 470, 472, 473, 483, 484, 514, 613, 618, 651, 794, 807, 837, 852, 854, 858, 861, 902, 912, 913, 915, 917, 919, 920, 931, 934, 935]","[514, 876, 31, 560, 584, 321, 89, 613, 618, 108, 643, 651, 142, 147, 172, 685, 882, 180, 703, 852, 854, 724, 217, 221, 858, 859, 739, 861, 239, 862, 865, 264, 779, 869, 280, 794, 795, 796, 797, 798, 799, 800, 801, 802, 803, 804, 805, 806, 807, 808, 809, 810, 811, 812, 813, 814, 815, 816, 817, 818, 819, 820, 821, 822, 823, 824, 825, 826, 827, 828, 829, 830, 831, 832, 833, 834, 835, 836, 837, 838, 839, 840, 841, 842, 843, 844, 845, 846, 847, 338, 339, 340, 341, 342, 343, 344, 345, 346, 347, 348, 349, 350, 351, 352, 353, 354, 355, 356, 357, 358, 359, 360, 361, 362, 363, 364, 365, 366, 367, 368, 369, 370, 371, 372, 373, 374, 375, 376, 377, 378, 379, 380, 381, 382, 383, 384, 385, 386, 387, 388, 389, 390, 391, 392, 393, 394, 395, 396, 397, 901, 902, 912, 913, 403, 915, 917, 405, 919, 408, 409, 410, 411, 920, 414, 897, 931, 932, 934, 935, 424, 430, 441, 449, 454, 455, 465, 466, 468, 470, 472, 473, 480, 483, 484]",True,"[352, 387, 807, 837]","[338, 339, 340, 341, 342, 343, 344, 345, 346, 347, 348, 349, 350, 351, 352, 353, 354, 355, 356, 357, 358, 359, 360, 361, 362, 363, 364, 365, 366, 367, 368, 369, 370, 371, 372, 373, 374, 375, 376, 377, 378, 379, 380, 381, 382, 383, 384, 385, 386, 387, 388, 389, 390, 391, 392, 393, 394, 395, 396, 397, 794, 795, 796, 797, 798, 799, 800, 801, 802, 803, 804, 805, 806, 807, 808, 809, 810, 811, 812, 813, 814, 815, 816, 817, 818, 819, 820, 821, 822, 823, 824, 825, 826, 827, 828, 829, 830, 831, 832, 833, 834, 835, 836, 837, 838, 839, 840, 841, 842, 843, 844, 845, 846, 847]","[352, 387, 807, 837]","[387, 441, 837]","[89, 108, 172, 217, 221, 239, 264, 280, 321, 342, 343, 344, 345, 346, 349, 351, 352, 355, 357, 359, 364, 368, 371, 372, 373, 374, 376, 377, 387, 392, 393, 403, 409, 411, 414, 424, 430, 449, 454, 470, 480, 560, 584, 643, 685, 703, 724, 739, 779, 798, 799, 800, 801, 804, 806, 807, 810, 812, 814, 816, 821, 822, 823, 824, 826, 827, 837, 842, 843, 852, 859, 862, 865, 869, 876, 882, 897, 901, 917, 932]","[31, 142, 147, 180, 338, 352, 367, 387, 403, 405, 408, 410, 455, 465, 466, 468, 470, 472, 473, 483, 484, 514, 613, 618, 651, 794, 807, 837, 852, 854, 858, 861, 902, 912, 913, 915, 917, 919, 920, 931, 934, 935]","[31, 142, 147, 180, 338, 352, 367, 387, 403, 405, 408, 410, 455, 465, 466, 468, 470, 472, 473, 483, 484, 514, 613, 618, 651, 794, 807, 837, 852, 854, 858, 861, 902, 912, 913, 915, 917, 919, 920, 931, 934, 935]",7/6 successful match,True,[350],True,241,False,,1.0,True,Hardy's ( Sinclair ),Sinclair
"C Battle Mountain , 89820 Broadway / Flying J Travel Plaza",775-635-5424 I-80 Exit 229 EB / 233 WB,48 L <U+2610>,Battle Mountain,89820,Broadway / Flying J Travel Plaza,775-635-5424,2006,Battle Mountain,NV,Flying J,,I-80 Exit 229 EB / 233 WB,Exit,229,False,,False,I-80,,233,,,"[342, 798]","[342, 364, 798, 816]","[342, 364, 385, 798, 816, 835]","[265, 342, 458, 725, 798, 905]","[338, 339, 340, 341, 342, 343, 344, 345, 346, 347, 348, 349, 350, 351, 352, 353, 354, 355, 356, 357, 358, 359, 360, 361, 362, 363, 364, 365, 366, 367, 368, 369, 370, 371, 372, 373, 374, 375, 376, 377, 378, 379, 380, 381, 382, 383, 384, 385, 386, 387, 388, 389, 390, 391, 392, 393, 394, 395, 396, 397, 794, 795, 796, 797, 798, 799, 800, 801, 802, 803, 804, 805, 806, 807, 808, 809, 810, 811, 812, 813, 814, 815, 816, 817, 818, 819, 820, 821, 822, 823, 824, 825, 826, 827, 828, 829, 830, 831, 832, 833, 834, 835, 836, 837, 838, 839, 840, 841, 842, 843, 844, 845, 846, 847]","[89, 108, 172, 217, 221, 239, 264, 280, 321, 342, 343, 344, 345, 346, 349, 351, 352, 355, 357, 359, 364, 368, 371, 372, 373, 374, 376, 377, 387, 392, 393, 403, 409, 411, 414, 424, 430, 449, 454, 470, 480, 560, 584, 643, 685, 703, 724, 739, 779, 798, 799, 800, 801, 804, 806, 807, 810, 812, 814, 816, 821, 822, 823, 824, 826, 827, 837, 842, 843, 852, 859, 862, 865, 869, 876, 882, 897, 901, 917, 932]","[17, 18, 19, 20, 21, 22, 23, 156, 157, 158, 159, 160, 161, 162, 163, 164, 165, 166, 167, 341, 342, 343, 344, 345, 412, 413, 414, 415, 416, 417, 418, 419, 420, 421, 422, 502, 503, 504, 505, 506, 507, 628, 629, 630, 631, 632, 633, 634, 635, 636, 637, 638, 639, 792, 797, 798, 799, 800, 801, 863, 864, 865, 866, 867, 868, 869, 870, 871, 872, 873, 874]","[17, 18, 19, 20, 21, 22, 23, 132, 156, 157, 158, 159, 160, 161, 162, 163, 164, 165, 166, 167, 168, 286, 340, 341, 342, 343, 344, 345, 346, 412, 413, 414, 415, 416, 417, 418, 419, 420, 421, 422, 502, 503, 504, 505, 506, 507, 603, 628, 629, 630, 631, 632, 633, 634, 635, 636, 637, 638, 639, 745, 792, 796, 797, 798, 799, 800, 801, 863, 864, 865, 866, 867, 868, 869, 870, 871, 872, 873, 874]","[871, 17, 18, 19, 20, 21, 22, 23, 876, 286, 560, 584, 321, 89, 603, 108, 628, 629, 630, 631, 632, 633, 634, 635, 636, 637, 638, 639, 643, 132, 156, 157, 158, 159, 160, 161, 162, 163, 164, 165, 166, 167, 168, 172, 685, 882, 703, 852, 724, 725, 217, 221, 859, 739, 745, 239, 862, 863, 864, 865, 866, 264, 265, 779, 867, 868, 869, 280, 792, 794, 795, 796, 797, 798, 799, 800, 801, 802, 803, 804, 805, 806, 807, 808, 809, 810, 811, 812, 813, 814, 815, 816, 817, 818, 819, 820, 821, 822, 823, 824, 825, 826, 827, 828, 829, 830, 831, 832, 833, 834, 835, 836, 837, 838, 839, 840, 841, 842, 843, 844, 845, 846, 847, 338, 339, 340, 341, 342, 343, 344, 345, 346, 347, 348, 349, 350, 351, 352, 353, 354, 355, 356, 357, 358, 359, 360, 361, 362, 363, 364, 365, 366, 367, 368, 369, 370, 371, 372, 373, 374, 375, 376, 377, 378, 379, 380, 381, 382, 383, 384, 385, 386, 387, 388, 389, 390, 391, 392, 905, 393, 394, 395, 396, 397, 870, 403, 917, 409, 411, 412, 413, 414, 415, 416, 417, 897, 418, 932, 419, 420, 421, 424, 422, 430, 872, 901, 449, 454, 458, 873, 470, 480, 874, 502, 503, 504, 505, 506, 507]",True,"[342, 364, 798, 816]","[338, 339, 340, 341, 342, 343, 344, 345, 346, 347, 348, 349, 350, 351, 352, 353, 354, 355, 356, 357, 358, 359, 360, 361, 362, 363, 364, 365, 366, 367, 368, 369, 370, 371, 372, 373, 374, 375, 376, 377, 378, 379, 380, 381, 382, 383, 384, 385, 386, 387, 388, 389, 390, 391, 392, 393, 394, 395, 396, 397, 794, 795, 796, 797, 798, 799, 800, 801, 802, 803, 804, 805, 806, 807, 808, 809, 810, 811, 812, 813, 814, 815, 816, 817, 818, 819, 820, 821, 822, 823, 824, 825, 826, 827, 828, 829, 830, 831, 832, 833, 834, 835, 836, 837, 838, 839, 840, 841, 842, 843, 844, 845, 846, 847]","[342, 364, 385, 798, 816, 835]","[265, 342, 458, 725, 798, 905]","[89, 108, 172, 217, 221, 239, 264, 280, 321, 342, 343, 344, 345, 346, 349, 351, 352, 355, 357, 359, 364, 368, 371, 372, 373, 374, 376, 377, 387, 392, 393, 403, 409, 411, 414, 424, 430, 449, 454, 470, 480, 560, 584, 643, 685, 703, 724, 739, 779, 798, 799, 800, 801, 804, 806, 807, 810, 812, 814, 816, 821, 822, 823, 824, 826, 827, 837, 842, 843, 852, 859, 862, 865, 869, 876, 882, 897, 901, 917, 932]","[17, 18, 19, 20, 21, 22, 23, 132, 156, 157, 158, 159, 160, 161, 162, 163, 164, 165, 166, 167, 168, 286, 340, 341, 342, 343, 344, 345, 346, 412, 413, 414, 415, 416, 417, 418, 419, 420, 421, 422, 502, 503, 504, 505, 506, 507, 603, 628, 629, 630, 631, 632, 633, 634, 635, 636, 637, 638, 639, 745, 792, 796, 797, 798, 799, 800, 801, 863, 864, 865, 866, 867, 868, 869, 870, 871, 872, 873, 874]","[17, 18, 19, 20, 21, 22, 23, 156, 157, 158, 159, 160, 161, 162, 163, 164, 165, 166, 167, 341, 342, 343, 344, 345, 412, 413, 414, 415, 416, 417, 418, 419, 420, 421, 422, 502, 503, 504, 505, 506, 507, 628, 629, 630, 631, 632, 633, 634, 635, 636, 637, 638, 639, 792, 797, 798, 799, 800, 801, 863, 864, 865, 866, 867, 868, 869, 870, 871, 872, 873, 874]",7/6 successful match,True,"[188, 189, 190]",True,242,False,,,,,
"C Battle Mountain , 89820 Broadway / Flying J Travel Plaza",775-635-5424 I-80 Exit 229 EB / 233 WB,L 2 42,Battle Mountain,89820,Broadway / Flying J Travel Plaza,775-635-5424,2007,Battle Mountain,NV,Flying J,,I-80 Exit 229 EB / 233 WB,Exit,229,False,,False,I-80,,233,,,"[342, 798]","[342, 364, 798, 816]","[342, 364, 385, 798, 816, 835]","[265, 342, 458, 725, 798, 905]","[338, 339, 340, 341, 342, 343, 344, 345, 346, 347, 348, 349, 350, 351, 352, 353, 354, 355, 356, 357, 358, 359, 360, 361, 362, 363, 364, 365, 366, 367, 368, 369, 370, 371, 372, 373, 374, 375, 376, 377, 378, 379, 380, 381, 382, 383, 384, 385, 386, 387, 388, 389, 390, 391, 392, 393, 394, 395, 396, 397, 794, 795, 796, 797, 798, 799, 800, 801, 802, 803, 804, 805, 806, 807, 808, 809, 810, 811, 812, 813, 814, 815, 816, 817, 818, 819, 820, 821, 822, 823, 824, 825, 826, 827, 828, 829, 830, 831, 832, 833, 834, 835, 836, 837, 838, 839, 840, 841, 842, 843, 844, 845, 846, 847]","[89, 108, 172, 217, 221, 239, 264, 280, 321, 342, 343, 344, 345, 346, 349, 351, 352, 355, 357, 359, 364, 368, 371, 372, 373, 374, 376, 377, 387, 392, 393, 403, 409, 411, 414, 424, 430, 449, 454, 470, 480, 560, 584, 643, 685, 703, 724, 739, 779, 798, 799, 800, 801, 804, 806, 807, 810, 812, 814, 816, 821, 822, 823, 824, 826, 827, 837, 842, 843, 852, 859, 862, 865, 869, 876, 882, 897, 901, 917, 932]","[17, 18, 19, 20, 21, 22, 23, 156, 157, 158, 159, 160, 161, 162, 163, 164, 165, 166, 167, 341, 342, 343, 344, 345, 412, 413, 414, 415, 416, 417, 418, 419, 420, 421, 422, 502, 503, 504, 505, 506, 507, 628, 629, 630, 631, 632, 633, 634, 635, 636, 637, 638, 639, 792, 797, 798, 799, 800, 801, 863, 864, 865, 866, 867, 868, 869, 870, 871, 872, 873, 874]","[17, 18, 19, 20, 21, 22, 23, 132, 156, 157, 158, 159, 160, 161, 162, 163, 164, 165, 166, 167, 168, 286, 340, 341, 342, 343, 344, 345, 346, 412, 413, 414, 415, 416, 417, 418, 419, 420, 421, 422, 502, 503, 504, 505, 506, 507, 603, 628, 629, 630, 631, 632, 633, 634, 635, 636, 637, 638, 639, 745, 792, 796, 797, 798, 799, 800, 801, 863, 864, 865, 866, 867, 868, 869, 870, 871, 872, 873, 874]","[871, 17, 18, 19, 20, 21, 22, 23, 876, 286, 560, 584, 321, 89, 603, 108, 628, 629, 630, 631, 632, 633, 634, 635, 636, 637, 638, 639, 643, 132, 156, 157, 158, 159, 160, 161, 162, 163, 164, 165, 166, 167, 168, 172, 685, 882, 703, 852, 724, 725, 217, 221, 859, 739, 745, 239, 862, 863, 864, 865, 866, 264, 265, 779, 867, 868, 869, 280, 792, 794, 795, 796, 797, 798, 799, 800, 801, 802, 803, 804, 805, 806, 807, 808, 809, 810, 811, 812, 813, 814, 815, 816, 817, 818, 819, 820, 821, 822, 823, 824, 825, 826, 827, 828, 829, 830, 831, 832, 833, 834, 835, 836, 837, 838, 839, 840, 841, 842, 843, 844, 845, 846, 847, 338, 339, 340, 341, 342, 343, 344, 345, 346, 347, 348, 349, 350, 351, 352, 353, 354, 355, 356, 357, 358, 359, 360, 361, 362, 363, 364, 365, 366, 367, 368, 369, 370, 371, 372, 373, 374, 375, 376, 377, 378, 379, 380, 381, 382, 383, 384, 385, 386, 387, 388, 389, 390, 391, 392, 905, 393, 394, 395, 396, 397, 870, 403, 917, 409, 411, 412, 413, 414, 415, 416, 417, 897, 418, 932, 419, 420, 421, 424, 422, 430, 872, 901, 449, 454, 458, 873, 470, 480, 874, 502, 503, 504, 505, 506, 507]",True,"[342, 364, 798, 816]","[338, 339, 340, 341, 342, 343, 344, 345, 346, 347, 348, 349, 350, 351, 352, 353, 354, 355, 356, 357, 358, 359, 360, 361, 362, 363, 364, 365, 366, 367, 368, 369, 370, 371, 372, 373, 374, 375, 376, 377, 378, 379, 380, 381, 382, 383, 384, 385, 386, 387, 388, 389, 390, 391, 392, 393, 394, 395, 396, 397, 794, 795, 796, 797, 798, 799, 800, 801, 802, 803, 804, 805, 806, 807, 808, 809, 810, 811, 812, 813, 814, 815, 816, 817, 818, 819, 820, 821, 822, 823, 824, 825, 826, 827, 828, 829, 830, 831, 832, 833, 834, 835, 836, 837, 838, 839, 840, 841, 842, 843, 844, 845, 846, 847]","[342, 364, 385, 798, 816, 835]","[265, 342, 458, 725, 798, 905]","[89, 108, 172, 217, 221, 239, 264, 280, 321, 342, 343, 344, 345, 346, 349, 351, 352, 355, 357, 359, 364, 368, 371, 372, 373, 374, 376, 377, 387, 392, 393, 403, 409, 411, 414, 424, 430, 449, 454, 470, 480, 560, 584, 643, 685, 703, 724, 739, 779, 798, 799, 800, 801, 804, 806, 807, 810, 812, 814, 816, 821, 822, 823, 824, 826, 827, 837, 842, 843, 852, 859, 862, 865, 869, 876, 882, 897, 901, 917, 932]","[17, 18, 19, 20, 21, 22, 23, 132, 156, 157, 158, 159, 160, 161, 162, 163, 164, 165, 166, 167, 168, 286, 340, 341, 342, 343, 344, 345, 346, 412, 413, 414, 415, 416, 417, 418, 419, 420, 421, 422, 502, 503, 504, 505, 506, 507, 603, 628, 629, 630, 631, 632, 633, 634, 635, 636, 637, 638, 639, 745, 792, 796, 797, 798, 799, 800, 801, 863, 864, 865, 866, 867, 868, 869, 870, 871, 872, 873, 874]","[17, 18, 19, 20, 21, 22, 23, 156, 157, 158, 159, 160, 161, 162, 163, 164, 165, 166, 167, 341, 342, 343, 344, 345, 412, 413, 414, 415, 416, 417, 418, 419, 420, 421, 422, 502, 503, 504, 505, 506, 507, 628, 629, 630, 631, 632, 633, 634, 635, 636, 637, 638, 639, 792, 797, 798, 799, 800, 801, 863, 864, 865, 866, 867, 868, 869, 870, 871, 872, 873, 874]",7/6 successful match,True,"[188, 189, 190]",True,242,False,,1.0,True,Broadway / Flying J Travel Plaza,Flying J
"Battle Mountain , 89820 Broadway / Flying 30 ) & J NV # 373",775-635-5424 I-80 Exit 229 EB / 233 0511307 WB ( 76 ),24 24 103,Battle Mountain,89820,Broadway / Flying 30 ) & J NV # 373,775-635-5424,2008,Battle Mountain,NV,,( 76 ),I-80 Exit 229 EB / 233 0511307 WB ,Exit,229,False,,False,I-80,,233,,,"[342, 798]","[342, 364, 798, 816]","[342, 364, 385, 798, 816, 835]","[265, 342, 458, 725, 798, 905]","[338, 339, 340, 341, 342, 343, 344, 345, 346, 347, 348, 349, 350, 351, 352, 353, 354, 355, 356, 357, 358, 359, 360, 361, 362, 363, 364, 365, 366, 367, 368, 369, 370, 371, 372, 373, 374, 375, 376, 377, 378, 379, 380, 381, 382, 383, 384, 385, 386, 387, 388, 389, 390, 391, 392, 393, 394, 395, 396, 397, 794, 795, 796, 797, 798, 799, 800, 801, 802, 803, 804, 805, 806, 807, 808, 809, 810, 811, 812, 813, 814, 815, 816, 817, 818, 819, 820, 821, 822, 823, 824, 825, 826, 827, 828, 829, 830, 831, 832, 833, 834, 835, 836, 837, 838, 839, 840, 841, 842, 843, 844, 845, 846, 847]","[89, 108, 172, 217, 221, 239, 264, 280, 321, 342, 343, 344, 345, 346, 349, 351, 352, 355, 357, 359, 364, 368, 371, 372, 373, 374, 376, 377, 387, 392, 393, 403, 409, 411, 414, 424, 430, 449, 454, 470, 480, 560, 584, 643, 685, 703, 724, 739, 779, 798, 799, 800, 801, 804, 806, 807, 810, 812, 814, 816, 821, 822, 823, 824, 826, 827, 837, 842, 843, 852, 859, 862, 865, 869, 876, 882, 897, 901, 917, 932]",[],"[17, 18, 19, 20, 21, 22, 23, 132, 156, 157, 158, 159, 160, 161, 162, 163, 164, 165, 166, 167, 168, 286, 340, 341, 342, 343, 344, 345, 346, 412, 413, 414, 415, 416, 417, 418, 419, 420, 421, 422, 502, 503, 504, 505, 506, 507, 603, 628, 629, 630, 631, 632, 633, 634, 635, 636, 637, 638, 639, 745, 792, 796, 797, 798, 799, 800, 801, 863, 864, 865, 866, 867, 868, 869, 870, 871, 872, 873, 874]","[871, 17, 18, 19, 20, 21, 22, 23, 876, 560, 584, 321, 89, 603, 108, 628, 629, 630, 631, 632, 633, 634, 635, 636, 637, 638, 639, 643, 132, 156, 157, 158, 159, 160, 161, 162, 163, 164, 165, 166, 167, 168, 172, 685, 882, 703, 852, 724, 725, 217, 221, 859, 739, 745, 239, 862, 863, 864, 865, 866, 264, 265, 779, 867, 868, 869, 280, 792, 794, 795, 796, 797, 798, 799, 800, 801, 802, 803, 804, 805, 806, 807, 808, 809, 810, 811, 812, 813, 814, 815, 816, 817, 818, 819, 820, 821, 822, 823, 824, 825, 826, 827, 828, 829, 830, 831, 832, 833, 834, 835, 836, 837, 838, 839, 840, 841, 842, 843, 844, 845, 846, 847, 338, 339, 340, 341, 342, 343, 344, 345, 346, 347, 348, 349, 350, 351, 352, 353, 354, 355, 356, 357, 358, 359, 360, 361, 362, 363, 364, 365, 366, 367, 368, 369, 370, 371, 372, 373, 374, 375, 376, 377, 378, 379, 380, 381, 382, 383, 384, 385, 386, 387, 388, 389, 390, 391, 392, 905, 393, 394, 395, 396, 397, 870, 403, 917, 409, 411, 412, 413, 414, 286, 415, 416, 897, 417, 932, 418, 419, 420, 424, 421, 422, 430, 872, 901, 449, 454, 458, 873, 470, 480, 874, 502, 503, 504, 505, 506, 507]",True,"[342, 364, 798, 816]","[338, 339, 340, 341, 342, 343, 344, 345, 346, 347, 348, 349, 350, 351, 352, 353, 354, 355, 356, 357, 358, 359, 360, 361, 362, 363, 364, 365, 366, 367, 368, 369, 370, 371, 372, 373, 374, 375, 376, 377, 378, 379, 380, 381, 382, 383, 384, 385, 386, 387, 388, 389, 390, 391, 392, 393, 394, 395, 396, 397, 794, 795, 796, 797, 798, 799, 800, 801, 802, 803, 804, 805, 806, 807, 808, 809, 810, 811, 812, 813, 814, 815, 816, 817, 818, 819, 820, 821, 822, 823, 824, 825, 826, 827, 828, 829, 830, 831, 832, 833, 834, 835, 836, 837, 838, 839, 840, 841, 842, 843, 844, 845, 846, 847]","[342, 364, 385, 798, 816, 835]","[265, 342, 458, 725, 798, 905]","[89, 108, 172, 217, 221, 239, 264, 280, 321, 342, 343, 344, 345, 346, 349, 351, 352, 355, 357, 359, 364, 368, 371, 372, 373, 374, 376, 377, 387, 392, 393, 403, 409, 411, 414, 424, 430, 449, 454, 470, 480, 560, 584, 643, 685, 703, 724, 739, 779, 798, 799, 800, 801, 804, 806, 807, 810, 812, 814, 816, 821, 822, 823, 824, 826, 827, 837, 842, 843, 852, 859, 862, 865, 869, 876, 882, 897, 901, 917, 932]","[17, 18, 19, 20, 21, 22, 23, 132, 156, 157, 158, 159, 160, 161, 162, 163, 164, 165, 166, 167, 168, 286, 340, 341, 342, 343, 344, 345, 346, 412, 413, 414, 415, 416, 417, 418, 419, 420, 421, 422, 502, 503, 504, 505, 506, 507, 603, 628, 629, 630, 631, 632, 633, 634, 635, 636, 637, 638, 639, 745, 792, 796, 797, 798, 799, 800, 801, 863, 864, 865, 866, 867, 868, 869, 870, 871, 872, 873, 874]",[],7/6 successful match,True,"[188, 189, 190]",True,242,False,,0.8970149253731343,True,Broadway / Flying J Travel Plaza,Flying J
C Battle Mountain ( 89820 ) Broadway / Flying J Travel Plaza # 966,775-635-5424 I-80 Exit 229 ( Bus Loop 80 E ),24 a 24,Battle Mountain,89820,Broadway / Flying J Travel Plaza # 966,775-635-5424,2014,Battle Mountain,NV,Flying J,( Bus Loop 80 E ),I-80 Exit 229 ,Exit,229,False,,False,I-80,,,,,"[342, 798]","[342, 364, 798, 816]","[342, 364, 385, 798, 816, 835]","[342, 798]","[338, 339, 340, 341, 342, 343, 344, 345, 346, 347, 348, 349, 350, 351, 352, 353, 354, 355, 356, 357, 358, 359, 360, 361, 362, 363, 364, 365, 366, 367, 368, 369, 370, 371, 372, 373, 374, 375, 376, 377, 378, 379, 380, 381, 382, 383, 384, 385, 386, 387, 388, 389, 390, 391, 392, 393, 394, 395, 396, 397, 794, 795, 796, 797, 798, 799, 800, 801, 802, 803, 804, 805, 806, 807, 808, 809, 810, 811, 812, 813, 814, 815, 816, 817, 818, 819, 820, 821, 822, 823, 824, 825, 826, 827, 828, 829, 830, 831, 832, 833, 834, 835, 836, 837, 838, 839, 840, 841, 842, 843, 844, 845, 846, 847]","[89, 108, 172, 217, 221, 239, 264, 280, 321, 342, 343, 344, 345, 346, 349, 351, 352, 355, 357, 359, 364, 368, 371, 372, 373, 374, 376, 377, 387, 392, 393, 403, 409, 411, 414, 424, 430, 449, 454, 470, 480, 560, 584, 643, 685, 703, 724, 739, 779, 798, 799, 800, 801, 804, 806, 807, 810, 812, 814, 816, 821, 822, 823, 824, 826, 827, 837, 842, 843, 852, 859, 862, 865, 869, 876, 882, 897, 901, 917, 932]","[17, 18, 19, 20, 21, 22, 23, 156, 157, 158, 159, 160, 161, 162, 163, 164, 165, 166, 167, 341, 342, 343, 344, 345, 412, 413, 414, 415, 416, 417, 418, 419, 420, 421, 422, 502, 503, 504, 505, 506, 507, 628, 629, 630, 631, 632, 633, 634, 635, 636, 637, 638, 639, 792, 797, 798, 799, 800, 801, 863, 864, 865, 866, 867, 868, 869, 870, 871, 872, 873, 874]","[17, 18, 19, 20, 21, 22, 23, 132, 156, 157, 158, 159, 160, 161, 162, 163, 164, 165, 166, 167, 168, 286, 340, 341, 342, 343, 344, 345, 346, 412, 413, 414, 415, 416, 417, 418, 419, 420, 421, 422, 502, 503, 504, 505, 506, 507, 603, 628, 629, 630, 631, 632, 633, 634, 635, 636, 637, 638, 639, 745, 792, 796, 797, 798, 799, 800, 801, 863, 864, 865, 866, 867, 868, 869, 870, 871, 872, 873, 874]","[871, 17, 18, 19, 20, 21, 22, 23, 876, 286, 560, 584, 321, 89, 603, 108, 628, 629, 630, 631, 632, 633, 634, 635, 636, 637, 638, 639, 643, 132, 156, 157, 158, 159, 160, 161, 162, 163, 164, 165, 166, 167, 168, 172, 685, 882, 703, 852, 724, 217, 221, 859, 739, 745, 239, 862, 863, 864, 865, 866, 264, 779, 867, 868, 869, 280, 792, 794, 795, 796, 797, 798, 799, 800, 801, 802, 803, 804, 805, 806, 807, 808, 809, 810, 811, 812, 813, 814, 815, 816, 817, 818, 819, 820, 821, 822, 823, 824, 825, 826, 827, 828, 829, 830, 831, 832, 833, 834, 835, 836, 837, 838, 839, 840, 841, 842, 843, 844, 845, 846, 847, 338, 339, 340, 341, 342, 343, 344, 345, 346, 347, 348, 349, 350, 351, 352, 353, 354, 355, 356, 357, 358, 359, 360, 361, 362, 363, 364, 365, 366, 367, 368, 369, 370, 371, 372, 373, 374, 375, 376, 377, 378, 379, 380, 381, 382, 383, 384, 385, 386, 387, 388, 389, 390, 391, 392, 393, 394, 395, 396, 397, 901, 870, 403, 917, 409, 411, 412, 413, 414, 415, 416, 417, 897, 418, 932, 419, 420, 421, 424, 422, 430, 872, 449, 454, 873, 470, 480, 874, 502, 503, 504, 505, 506, 507]",True,"[342, 364, 798, 816]","[338, 339, 340, 341, 342, 343, 344, 345, 346, 347, 348, 349, 350, 351, 352, 353, 354, 355, 356, 357, 358, 359, 360, 361, 362, 363, 364, 365, 366, 367, 368, 369, 370, 371, 372, 373, 374, 375, 376, 377, 378, 379, 380, 381, 382, 383, 384, 385, 386, 387, 388, 389, 390, 391, 392, 393, 394, 395, 396, 397, 794, 795, 796, 797, 798, 799, 800, 801, 802, 803, 804, 805, 806, 807, 808, 809, 810, 811, 812, 813, 814, 815, 816, 817, 818, 819, 820, 821, 822, 823, 824, 825, 826, 827, 828, 829, 830, 831, 832, 833, 834, 835, 836, 837, 838, 839, 840, 841, 842, 843, 844, 845, 846, 847]","[342, 364, 385, 798, 816, 835]","[342, 798]","[89, 108, 172, 217, 221, 239, 264, 280, 321, 342, 343, 344, 345, 346, 349, 351, 352, 355, 357, 359, 364, 368, 371, 372, 373, 374, 376, 377, 387, 392, 393, 403, 409, 411, 414, 424, 430, 449, 454, 470, 480, 560, 584, 643, 685, 703, 724, 739, 779, 798, 799, 800, 801, 804, 806, 807, 810, 812, 814, 816, 821, 822, 823, 824, 826, 827, 837, 842, 843, 852, 859, 862, 865, 869, 876, 882, 897, 901, 917, 932]","[17, 18, 19, 20, 21, 22, 23, 132, 156, 157, 158, 159, 160, 161, 162, 163, 164, 165, 166, 167, 168, 286, 340, 341, 342, 343, 344, 345, 346, 412, 413, 414, 415, 416, 417, 418, 419, 420, 421, 422, 502, 503, 504, 505, 506, 507, 603, 628, 629, 630, 631, 632, 633, 634, 635, 636, 637, 638, 639, 745, 792, 796, 797, 798, 799, 800, 801, 863, 864, 865, 866, 867, 868, 869, 870, 871, 872, 873, 874]","[17, 18, 19, 20, 21, 22, 23, 156, 157, 158, 159, 160, 161, 162, 163, 164, 165, 166, 167, 341, 342, 343, 344, 345, 412, 413, 414, 415, 416, 417, 418, 419, 420, 421, 422, 502, 503, 504, 505, 506, 507, 628, 629, 630, 631, 632, 633, 634, 635, 636, 637, 638, 639, 792, 797, 798, 799, 800, 801, 863, 864, 865, 866, 867, 868, 869, 870, 871, 872, 873, 874]",7/6 successful match,True,"[188, 189, 190]",True,242,False,,0.8572602739726027,True,Broadway / Flying 30 ) & J NV # 373,
Battle Mountain ( 89820 ) Broadway / Flying J Travel Plaza # 966,775-635-5424 I-80 Exit 229 ( Bus Loop 80 E ) FLYING,FLYING J 24 24,Battle Mountain,89820,Broadway / Flying J Travel Plaza # 966,775-635-5424,2015,Battle Mountain,NV,Flying J,( Bus Loop 80 E ) FLYING,I-80 Exit 229 ,Exit,229,False,,False,I-80,,,,,"[342, 798]","[342, 364, 798, 816]","[342, 364, 385, 798, 816, 835]","[342, 798]","[338, 339, 340, 341, 342, 343, 344, 345, 346, 347, 348, 349, 350, 351, 352, 353, 354, 355, 356, 357, 358, 359, 360, 361, 362, 363, 364, 365, 366, 367, 368, 369, 370, 371, 372, 373, 374, 375, 376, 377, 378, 379, 380, 381, 382, 383, 384, 385, 386, 387, 388, 389, 390, 391, 392, 393, 394, 395, 396, 397, 794, 795, 796, 797, 798, 799, 800, 801, 802, 803, 804, 805, 806, 807, 808, 809, 810, 811, 812, 813, 814, 815, 816, 817, 818, 819, 820, 821, 822, 823, 824, 825, 826, 827, 828, 829, 830, 831, 832, 833, 834, 835, 836, 837, 838, 839, 840, 841, 842, 843, 844, 845, 846, 847]","[89, 108, 172, 217, 221, 239, 264, 280, 321, 342, 343, 344, 345, 346, 349, 351, 352, 355, 357, 359, 364, 368, 371, 372, 373, 374, 376, 377, 387, 392, 393, 403, 409, 411, 414, 424, 430, 449, 454, 470, 480, 560, 584, 643, 685, 703, 724, 739, 779, 798, 799, 800, 801, 804, 806, 807, 810, 812, 814, 816, 821, 822, 823, 824, 826, 827, 837, 842, 843, 852, 859, 862, 865, 869, 876, 882, 897, 901, 917, 932]","[17, 18, 19, 20, 21, 22, 23, 156, 157, 158, 159, 160, 161, 162, 163, 164, 165, 166, 167, 341, 342, 343, 344, 345, 412, 413, 414, 415, 416, 417, 418, 419, 420, 421, 422, 502, 503, 504, 505, 506, 507, 628, 629, 630, 631, 632, 633, 634, 635, 636, 637, 638, 639, 792, 797, 798, 799, 800, 801, 863, 864, 865, 866, 867, 868, 869, 870, 871, 872, 873, 874]","[17, 18, 19, 20, 21, 22, 23, 132, 156, 157, 158, 159, 160, 161, 162, 163, 164, 165, 166, 167, 168, 286, 340, 341, 342, 343, 344, 345, 346, 412, 413, 414, 415, 416, 417, 418, 419, 420, 421, 422, 502, 503, 504, 505, 506, 507, 603, 628, 629, 630, 631, 632, 633, 634, 635, 636, 637, 638, 639, 745, 792, 796, 797, 798, 799, 800, 801, 863, 864, 865, 866, 867, 868, 869, 870, 871, 872, 873, 874]","[871, 17, 18, 19, 20, 21, 22, 23, 876, 286, 560, 584, 321, 89, 603, 108, 628, 629, 630, 631, 632, 633, 634, 635, 636, 637, 638, 639, 643, 132, 156, 157, 158, 159, 160, 161, 162, 163, 164, 165, 166, 167, 168, 172, 685, 882, 703, 852, 724, 217, 221, 859, 739, 745, 239, 862, 863, 864, 865, 866, 264, 779, 867, 868, 869, 280, 792, 794, 795, 796, 797, 798, 799, 800, 801, 802, 803, 804, 805, 806, 807, 808, 809, 810, 811, 812, 813, 814, 815, 816, 817, 818, 819, 820, 821, 822, 823, 824, 825, 826, 827, 828, 829, 830, 831, 832, 833, 834, 835, 836, 837, 838, 839, 840, 841, 842, 843, 844, 845, 846, 847, 338, 339, 340, 341, 342, 343, 344, 345, 346, 347, 348, 349, 350, 351, 352, 353, 354, 355, 356, 357, 358, 359, 360, 361, 362, 363, 364, 365, 366, 367, 368, 369, 370, 371, 372, 373, 374, 375, 376, 377, 378, 379, 380, 381, 382, 383, 384, 385, 386, 387, 388, 389, 390, 391, 392, 393, 394, 395, 396, 397, 901, 870, 403, 917, 409, 411, 412, 413, 414, 415, 416, 417, 897, 418, 932, 419, 420, 421, 424, 422, 430, 872, 449, 454, 873, 470, 480, 874, 502, 503, 504, 505, 506, 507]",True,"[342, 364, 798, 816]","[338, 339, 340, 341, 342, 343, 344, 345, 346, 347, 348, 349, 350, 351, 352, 353, 354, 355, 356, 357, 358, 359, 360, 361, 362, 363, 364, 365, 366, 367, 368, 369, 370, 371, 372, 373, 374, 375, 376, 377, 378, 379, 380, 381, 382, 383, 384, 385, 386, 387, 388, 389, 390, 391, 392, 393, 394, 395, 396, 397, 794, 795, 796, 797, 798, 799, 800, 801, 802, 803, 804, 805, 806, 807, 808, 809, 810, 811, 812, 813, 814, 815, 816, 817, 818, 819, 820, 821, 822, 823, 824, 825, 826, 827, 828, 829, 830, 831, 832, 833, 834, 835, 836, 837, 838, 839, 840, 841, 842, 843, 844, 845, 846, 847]","[342, 364, 385, 798, 816, 835]","[342, 798]","[89, 108, 172, 217, 221, 239, 264, 280, 321, 342, 343, 344, 345, 346, 349, 351, 352, 355, 357, 359, 364, 368, 371, 372, 373, 374, 376, 377, 387, 392, 393, 403, 409, 411, 414, 424, 430, 449, 454, 470, 480, 560, 584, 643, 685, 703, 724, 739, 779, 798, 799, 800, 801, 804, 806, 807, 810, 812, 814, 816, 821, 822, 823, 824, 826, 827, 837, 842, 843, 852, 859, 862, 865, 869, 876, 882, 897, 901, 917, 932]","[17, 18, 19, 20, 21, 22, 23, 132, 156, 157, 158, 159, 160, 161, 162, 163, 164, 165, 166, 167, 168, 286, 340, 341, 342, 343, 344, 345, 346, 412, 413, 414, 415, 416, 417, 418, 419, 420, 421, 422, 502, 503, 504, 505, 506, 507, 603, 628, 629, 630, 631, 632, 633, 634, 635, 636, 637, 638, 639, 745, 792, 796, 797, 798, 799, 800, 801, 863, 864, 865, 866, 867, 868, 869, 870, 871, 872, 873, 874]","[17, 18, 19, 20, 21, 22, 23, 156, 157, 158, 159, 160, 161, 162, 163, 164, 165, 166, 167, 341, 342, 343, 344, 345, 412, 413, 414, 415, 416, 417, 418, 419, 420, 421, 422, 502, 503, 504, 505, 506, 507, 628, 629, 630, 631, 632, 633, 634, 635, 636, 637, 638, 639, 792, 797, 798, 799, 800, 801, 863, 864, 865, 866, 867, 868, 869, 870, 871, 872, 873, 874]",7/6 successful match,True,"[188, 189, 190]",True,242,False,,1.0,True,Broadway / Flying J Travel Plaza # 966,Flying J
Battle Mountain ( 89820 ) Broadway / Flying J Travel Plaza # 966,775-635-5424 I-80 Exit 229 ( Bus Loop,FLYING J 24 24 24,Battle Mountain,89820,Broadway / Flying J Travel Plaza # 966,775-635-5424,2016,Battle Mountain,NV,Flying J,( Bus Loop,I-80 Exit 229 ,Exit,229,False,,False,I-80,,,,,"[342, 798]","[342, 364, 798, 816]","[342, 364, 385, 798, 816, 835]","[342, 798]","[338, 339, 340, 341, 342, 343, 344, 345, 346, 347, 348, 349, 350, 351, 352, 353, 354, 355, 356, 357, 358, 359, 360, 361, 362, 363, 364, 365, 366, 367, 368, 369, 370, 371, 372, 373, 374, 375, 376, 377, 378, 379, 380, 381, 382, 383, 384, 385, 386, 387, 388, 389, 390, 391, 392, 393, 394, 395, 396, 397, 794, 795, 796, 797, 798, 799, 800, 801, 802, 803, 804, 805, 806, 807, 808, 809, 810, 811, 812, 813, 814, 815, 816, 817, 818, 819, 820, 821, 822, 823, 824, 825, 826, 827, 828, 829, 830, 831, 832, 833, 834, 835, 836, 837, 838, 839, 840, 841, 842, 843, 844, 845, 846, 847]","[89, 108, 172, 217, 221, 239, 264, 280, 321, 342, 343, 344, 345, 346, 349, 351, 352, 355, 357, 359, 364, 368, 371, 372, 373, 374, 376, 377, 387, 392, 393, 403, 409, 411, 414, 424, 430, 449, 454, 470, 480, 560, 584, 643, 685, 703, 724, 739, 779, 798, 799, 800, 801, 804, 806, 807, 810, 812, 814, 816, 821, 822, 823, 824, 826, 827, 837, 842, 843, 852, 859, 862, 865, 869, 876, 882, 897, 901, 917, 932]","[17, 18, 19, 20, 21, 22, 23, 156, 157, 158, 159, 160, 161, 162, 163, 164, 165, 166, 167, 341, 342, 343, 344, 345, 412, 413, 414, 415, 416, 417, 418, 419, 420, 421, 422, 502, 503, 504, 505, 506, 507, 628, 629, 630, 631, 632, 633, 634, 635, 636, 637, 638, 639, 792, 797, 798, 799, 800, 801, 863, 864, 865, 866, 867, 868, 869, 870, 871, 872, 873, 874]","[17, 18, 19, 20, 21, 22, 23, 132, 156, 157, 158, 159, 160, 161, 162, 163, 164, 165, 166, 167, 168, 286, 340, 341, 342, 343, 344, 345, 346, 412, 413, 414, 415, 416, 417, 418, 419, 420, 421, 422, 502, 503, 504, 505, 506, 507, 603, 628, 629, 630, 631, 632, 633, 634, 635, 636, 637, 638, 639, 745, 792, 796, 797, 798, 799, 800, 801, 863, 864, 865, 866, 867, 868, 869, 870, 871, 872, 873, 874]","[871, 17, 18, 19, 20, 21, 22, 23, 876, 286, 560, 584, 321, 89, 603, 108, 628, 629, 630, 631, 632, 633, 634, 635, 636, 637, 638, 639, 643, 132, 156, 157, 158, 159, 160, 161, 162, 163, 164, 165, 166, 167, 168, 172, 685, 882, 703, 852, 724, 217, 221, 859, 739, 745, 239, 862, 863, 864, 865, 866, 264, 779, 867, 868, 869, 280, 792, 794, 795, 796, 797, 798, 799, 800, 801, 802, 803, 804, 805, 806, 807, 808, 809, 810, 811, 812, 813, 814, 815, 816, 817, 818, 819, 820, 821, 822, 823, 824, 825, 826, 827, 828, 829, 830, 831, 832, 833, 834, 835, 836, 837, 838, 839, 840, 841, 842, 843, 844, 845, 846, 847, 338, 339, 340, 341, 342, 343, 344, 345, 346, 347, 348, 349, 350, 351, 352, 353, 354, 355, 356, 357, 358, 359, 360, 361, 362, 363, 364, 365, 366, 367, 368, 369, 370, 371, 372, 373, 374, 375, 376, 377, 378, 379, 380, 381, 382, 383, 384, 385, 386, 387, 388, 389, 390, 391, 392, 393, 394, 395, 396, 397, 901, 870, 403, 917, 409, 411, 412, 413, 414, 415, 416, 417, 897, 418, 932, 419, 420, 421, 424, 422, 430, 872, 449, 454, 873, 470, 480, 874, 502, 503, 504, 505, 506, 507]",True,"[342, 364, 798, 816]","[338, 339, 340, 341, 342, 343, 344, 345, 346, 347, 348, 349, 350, 351, 352, 353, 354, 355, 356, 357, 358, 359, 360, 361, 362, 363, 364, 365, 366, 367, 368, 369, 370, 371, 372, 373, 374, 375, 376, 377, 378, 379, 380, 381, 382, 383, 384, 385, 386, 387, 388, 389, 390, 391, 392, 393, 394, 395, 396, 397, 794, 795, 796, 797, 798, 799, 800, 801, 802, 803, 804, 805, 806, 807, 808, 809, 810, 811, 812, 813, 814, 815, 816, 817, 818, 819, 820, 821, 822, 823, 824, 825, 826, 827, 828, 829, 830, 831, 832, 833, 834, 835, 836, 837, 838, 839, 840, 841, 842, 843, 844, 845, 846, 847]","[342, 364, 385, 798, 816, 835]","[342, 798]","[89, 108, 172, 217, 221, 239, 264, 280, 321, 342, 343, 344, 345, 346, 349, 351, 352, 355, 357, 359, 364, 368, 371, 372, 373, 374, 376, 377, 387, 392, 393, 403, 409, 411, 414, 424, 430, 449, 454, 470, 480, 560, 584, 643, 685, 703, 724, 739, 779, 798, 799, 800, 801, 804, 806, 807, 810, 812, 814, 816, 821, 822, 823, 824, 826, 827, 837, 842, 843, 852, 859, 862, 865, 869, 876, 882, 897, 901, 917, 932]","[17, 18, 19, 20, 21, 22, 23, 132, 156, 157, 158, 159, 160, 161, 162, 163, 164, 165, 166, 167, 168, 286, 340, 341, 342, 343, 344, 345, 346, 412, 413, 414, 415, 416, 417, 418, 419, 420, 421, 422, 502, 503, 504, 505, 506, 507, 603, 628, 629, 630, 631, 632, 633, 634, 635, 636, 637, 638, 639, 745, 792, 796, 797, 798, 799, 800, 801, 863, 864, 865, 866, 867, 868, 869, 870, 871, 872, 873, 874]","[17, 18, 19, 20, 21, 22, 23, 156, 157, 158, 159, 160, 161, 162, 163, 164, 165, 166, 167, 341, 342, 343, 344, 345, 412, 413, 414, 415, 416, 417, 418, 419, 420, 421, 422, 502, 503, 504, 505, 506, 507, 628, 629, 630, 631, 632, 633, 634, 635, 636, 637, 638, 639, 792, 797, 798, 799, 800, 801, 863, 864, 865, 866, 867, 868, 869, 870, 871, 872, 873, 874]",7/6 successful match,True,"[188, 189, 190]",True,242,False,,1.0,True,Broadway / Flying J Travel Plaza # 966,Flying J
"Carlin , 89822 Pilot Travel Center # 387",775-754-6384 I-80 Exit 280 ( NV 278 ),M <U+2610>,Carlin,89822,Pilot Travel Center # 387,775-754-6384,2006,Carlin,NV,Pilot,( NV 278 ),I-80 Exit 280 ,Exit,280,False,,False,I-80,,,,,"[376, 826]","[376, 826]","[376, 826]","[376, 826]","[338, 339, 340, 341, 342, 343, 344, 345, 346, 347, 348, 349, 350, 351, 352, 353, 354, 355, 356, 357, 358, 359, 360, 361, 362, 363, 364, 365, 366, 367, 368, 369, 370, 371, 372, 373, 374, 375, 376, 377, 378, 379, 380, 381, 382, 383, 384, 385, 386, 387, 388, 389, 390, 391, 392, 393, 394, 395, 396, 397, 794, 795, 796, 797, 798, 799, 800, 801, 802, 803, 804, 805, 806, 807, 808, 809, 810, 811, 812, 813, 814, 815, 816, 817, 818, 819, 820, 821, 822, 823, 824, 825, 826, 827, 828, 829, 830, 831, 832, 833, 834, 835, 836, 837, 838, 839, 840, 841, 842, 843, 844, 845, 846, 847]","[89, 108, 172, 217, 221, 239, 264, 280, 321, 342, 343, 344, 345, 346, 349, 351, 352, 355, 357, 359, 364, 368, 371, 372, 373, 374, 376, 377, 387, 392, 393, 403, 409, 411, 414, 424, 430, 449, 454, 470, 480, 560, 584, 643, 685, 703, 724, 739, 779, 798, 799, 800, 801, 804, 806, 807, 810, 812, 814, 816, 821, 822, 823, 824, 826, 827, 837, 842, 843, 852, 859, 862, 865, 869, 876, 882, 897, 901, 917, 932]","[15, 16, 65, 66, 67, 68, 69, 70, 71, 72, 73, 74, 75, 76, 80, 151, 245, 246, 247, 248, 249, 250, 251, 252, 253, 254, 255, 256, 257, 258, 259, 280, 340, 373, 374, 375, 376, 377, 459, 460, 461, 462, 500, 501, 539, 540, 541, 542, 543, 544, 545, 546, 547, 548, 549, 550, 552, 622, 708, 709, 710, 711, 712, 713, 714, 715, 716, 717, 718, 719, 720, 739, 796, 823, 824, 825, 826, 827, 906, 907, 908, 909]","[15, 16, 65, 66, 67, 68, 69, 70, 71, 72, 73, 74, 75, 76, 77, 78, 80, 151, 244, 245, 246, 247, 248, 249, 250, 251, 252, 253, 254, 255, 256, 257, 258, 259, 260, 280, 340, 373, 374, 375, 376, 377, 459, 460, 461, 462, 500, 501, 539, 540, 541, 542, 543, 544, 545, 546, 547, 548, 549, 550, 552, 622, 708, 709, 710, 711, 712, 713, 714, 715, 716, 717, 718, 719, 720, 739, 796, 823, 824, 825, 826, 827, 906, 907, 908, 909]","[15, 16, 876, 539, 540, 541, 542, 543, 544, 545, 546, 547, 548, 549, 550, 552, 560, 65, 66, 67, 68, 69, 70, 71, 584, 72, 73, 74, 75, 76, 77, 78, 321, 80, 89, 108, 622, 643, 151, 172, 685, 882, 703, 852, 708, 709, 710, 711, 712, 713, 714, 715, 716, 717, 718, 719, 720, 724, 217, 221, 859, 739, 239, 862, 244, 245, 246, 247, 248, 249, 250, 251, 252, 253, 254, 255, 256, 865, 257, 258, 259, 260, 264, 779, 869, 280, 794, 795, 796, 797, 798, 799, 800, 801, 802, 803, 804, 805, 806, 807, 808, 809, 810, 811, 812, 813, 814, 815, 816, 817, 818, 819, 820, 821, 822, 823, 824, 825, 826, 827, 828, 829, 830, 831, 832, 833, 834, 835, 836, 837, 838, 839, 840, 841, 842, 843, 844, 845, 846, 847, 338, 339, 340, 341, 342, 343, 344, 345, 346, 347, 348, 349, 350, 351, 352, 353, 354, 355, 356, 357, 358, 359, 360, 361, 362, 363, 364, 365, 366, 367, 368, 369, 370, 371, 372, 373, 374, 375, 376, 377, 378, 379, 380, 381, 382, 383, 384, 385, 386, 387, 388, 389, 390, 391, 392, 393, 394, 395, 396, 397, 901, 906, 907, 908, 909, 403, 917, 409, 411, 414, 897, 932, 424, 430, 449, 454, 459, 460, 461, 462, 470, 480, 500, 501]",True,"[376, 826]","[338, 339, 340, 341, 342, 343, 344, 345, 346, 347, 348, 349, 350, 351, 352, 353, 354, 355, 356, 357, 358, 359, 360, 361, 362, 363, 364, 365, 366, 367, 368, 369, 370, 371, 372, 373, 374, 375, 376, 377, 378, 379, 380, 381, 382, 383, 384, 385, 386, 387, 388, 389, 390, 391, 392, 393, 394, 395, 396, 397, 794, 795, 796, 797, 798, 799, 800, 801, 802, 803, 804, 805, 806, 807, 808, 809, 810, 811, 812, 813, 814, 815, 816, 817, 818, 819, 820, 821, 822, 823, 824, 825, 826, 827, 828, 829, 830, 831, 832, 833, 834, 835, 836, 837, 838, 839, 840, 841, 842, 843, 844, 845, 846, 847]","[376, 826]","[376, 826]","[89, 108, 172, 217, 221, 239, 264, 280, 321, 342, 343, 344, 345, 346, 349, 351, 352, 355, 357, 359, 364, 368, 371, 372, 373, 374, 376, 377, 387, 392, 393, 403, 409, 411, 414, 424, 430, 449, 454, 470, 480, 560, 584, 643, 685, 703, 724, 739, 779, 798, 799, 800, 801, 804, 806, 807, 810, 812, 814, 816, 821, 822, 823, 824, 826, 827, 837, 842, 843, 852, 859, 862, 865, 869, 876, 882, 897, 901, 917, 932]","[15, 16, 65, 66, 67, 68, 69, 70, 71, 72, 73, 74, 75, 76, 77, 78, 80, 151, 244, 245, 246, 247, 248, 249, 250, 251, 252, 253, 254, 255, 256, 257, 258, 259, 260, 280, 340, 373, 374, 375, 376, 377, 459, 460, 461, 462, 500, 501, 539, 540, 541, 542, 543, 544, 545, 546, 547, 548, 549, 550, 552, 622, 708, 709, 710, 711, 712, 713, 714, 715, 716, 717, 718, 719, 720, 739, 796, 823, 824, 825, 826, 827, 906, 907, 908, 909]","[15, 16, 65, 66, 67, 68, 69, 70, 71, 72, 73, 74, 75, 76, 80, 151, 245, 246, 247, 248, 249, 250, 251, 252, 253, 254, 255, 256, 257, 258, 259, 280, 340, 373, 374, 375, 376, 377, 459, 460, 461, 462, 500, 501, 539, 540, 541, 542, 543, 544, 545, 546, 547, 548, 549, 550, 552, 622, 708, 709, 710, 711, 712, 713, 714, 715, 716, 717, 718, 719, 720, 739, 796, 823, 824, 825, 826, 827, 906, 907, 908, 909]",7/6 successful match,True,"[322, 323]",True,243,False,,,,,
"Carlin , 89822 Pilot Travel Center # 387",775-754-6384 I-80 Exit 280 ( NV 278 ),24 MO -,Carlin,89822,Pilot Travel Center # 387,775-754-6384,2007,Carlin,NV,Pilot,( NV 278 ),I-80 Exit 280 ,Exit,280,False,,False,I-80,,,,,"[376, 826]","[376, 826]","[376, 826]","[376, 826]","[338, 339, 340, 341, 342, 343, 344, 345, 346, 347, 348, 349, 350, 351, 352, 353, 354, 355, 356, 357, 358, 359, 360, 361, 362, 363, 364, 365, 366, 367, 368, 369, 370, 371, 372, 373, 374, 375, 376, 377, 378, 379, 380, 381, 382, 383, 384, 385, 386, 387, 388, 389, 390, 391, 392, 393, 394, 395, 396, 397, 794, 795, 796, 797, 798, 799, 800, 801, 802, 803, 804, 805, 806, 807, 808, 809, 810, 811, 812, 813, 814, 815, 816, 817, 818, 819, 820, 821, 822, 823, 824, 825, 826, 827, 828, 829, 830, 831, 832, 833, 834, 835, 836, 837, 838, 839, 840, 841, 842, 843, 844, 845, 846, 847]","[89, 108, 172, 217, 221, 239, 264, 280, 321, 342, 343, 344, 345, 346, 349, 351, 352, 355, 357, 359, 364, 368, 371, 372, 373, 374, 376, 377, 387, 392, 393, 403, 409, 411, 414, 424, 430, 449, 454, 470, 480, 560, 584, 643, 685, 703, 724, 739, 779, 798, 799, 800, 801, 804, 806, 807, 810, 812, 814, 816, 821, 822, 823, 824, 826, 827, 837, 842, 843, 852, 859, 862, 865, 869, 876, 882, 897, 901, 917, 932]","[15, 16, 65, 66, 67, 68, 69, 70, 71, 72, 73, 74, 75, 76, 80, 151, 245, 246, 247, 248, 249, 250, 251, 252, 253, 254, 255, 256, 257, 258, 259, 280, 340, 373, 374, 375, 376, 377, 459, 460, 461, 462, 500, 501, 539, 540, 541, 542, 543, 544, 545, 546, 547, 548, 549, 550, 552, 622, 708, 709, 710, 711, 712, 713, 714, 715, 716, 717, 718, 719, 720, 739, 796, 823, 824, 825, 826, 827, 906, 907, 908, 909]","[15, 16, 65, 66, 67, 68, 69, 70, 71, 72, 73, 74, 75, 76, 77, 78, 80, 151, 244, 245, 246, 247, 248, 249, 250, 251, 252, 253, 254, 255, 256, 257, 258, 259, 260, 280, 340, 373, 374, 375, 376, 377, 459, 460, 461, 462, 500, 501, 539, 540, 541, 542, 543, 544, 545, 546, 547, 548, 549, 550, 552, 622, 708, 709, 710, 711, 712, 713, 714, 715, 716, 717, 718, 719, 720, 739, 796, 823, 824, 825, 826, 827, 906, 907, 908, 909]","[15, 16, 876, 539, 540, 541, 542, 543, 544, 545, 546, 547, 548, 549, 550, 552, 560, 65, 66, 67, 68, 69, 70, 71, 584, 72, 73, 74, 75, 76, 77, 78, 321, 80, 89, 108, 622, 643, 151, 172, 685, 882, 703, 852, 708, 709, 710, 711, 712, 713, 714, 715, 716, 717, 718, 719, 720, 724, 217, 221, 859, 739, 239, 862, 244, 245, 246, 247, 248, 249, 250, 251, 252, 253, 254, 255, 256, 865, 257, 258, 259, 260, 264, 779, 869, 280, 794, 795, 796, 797, 798, 799, 800, 801, 802, 803, 804, 805, 806, 807, 808, 809, 810, 811, 812, 813, 814, 815, 816, 817, 818, 819, 820, 821, 822, 823, 824, 825, 826, 827, 828, 829, 830, 831, 832, 833, 834, 835, 836, 837, 838, 839, 840, 841, 842, 843, 844, 845, 846, 847, 338, 339, 340, 341, 342, 343, 344, 345, 346, 347, 348, 349, 350, 351, 352, 353, 354, 355, 356, 357, 358, 359, 360, 361, 362, 363, 364, 365, 366, 367, 368, 369, 370, 371, 372, 373, 374, 375, 376, 377, 378, 379, 380, 381, 382, 383, 384, 385, 386, 387, 388, 389, 390, 391, 392, 393, 394, 395, 396, 397, 901, 906, 907, 908, 909, 403, 917, 409, 411, 414, 897, 932, 424, 430, 449, 454, 459, 460, 461, 462, 470, 480, 500, 501]",True,"[376, 826]","[338, 339, 340, 341, 342, 343, 344, 345, 346, 347, 348, 349, 350, 351, 352, 353, 354, 355, 356, 357, 358, 359, 360, 361, 362, 363, 364, 365, 366, 367, 368, 369, 370, 371, 372, 373, 374, 375, 376, 377, 378, 379, 380, 381, 382, 383, 384, 385, 386, 387, 388, 389, 390, 391, 392, 393, 394, 395, 396, 397, 794, 795, 796, 797, 798, 799, 800, 801, 802, 803, 804, 805, 806, 807, 808, 809, 810, 811, 812, 813, 814, 815, 816, 817, 818, 819, 820, 821, 822, 823, 824, 825, 826, 827, 828, 829, 830, 831, 832, 833, 834, 835, 836, 837, 838, 839, 840, 841, 842, 843, 844, 845, 846, 847]","[376, 826]","[376, 826]","[89, 108, 172, 217, 221, 239, 264, 280, 321, 342, 343, 344, 345, 346, 349, 351, 352, 355, 357, 359, 364, 368, 371, 372, 373, 374, 376, 377, 387, 392, 393, 403, 409, 411, 414, 424, 430, 449, 454, 470, 480, 560, 584, 643, 685, 703, 724, 739, 779, 798, 799, 800, 801, 804, 806, 807, 810, 812, 814, 816, 821, 822, 823, 824, 826, 827, 837, 842, 843, 852, 859, 862, 865, 869, 876, 882, 897, 901, 917, 932]","[15, 16, 65, 66, 67, 68, 69, 70, 71, 72, 73, 74, 75, 76, 77, 78, 80, 151, 244, 245, 246, 247, 248, 249, 250, 251, 252, 253, 254, 255, 256, 257, 258, 259, 260, 280, 340, 373, 374, 375, 376, 377, 459, 460, 461, 462, 500, 501, 539, 540, 541, 542, 543, 544, 545, 546, 547, 548, 549, 550, 552, 622, 708, 709, 710, 711, 712, 713, 714, 715, 716, 717, 718, 719, 720, 739, 796, 823, 824, 825, 826, 827, 906, 907, 908, 909]","[15, 16, 65, 66, 67, 68, 69, 70, 71, 72, 73, 74, 75, 76, 80, 151, 245, 246, 247, 248, 249, 250, 251, 252, 253, 254, 255, 256, 257, 258, 259, 280, 340, 373, 374, 375, 376, 377, 459, 460, 461, 462, 500, 501, 539, 540, 541, 542, 543, 544, 545, 546, 547, 548, 549, 550, 552, 622, 708, 709, 710, 711, 712, 713, 714, 715, 716, 717, 718, 719, 720, 739, 796, 823, 824, 825, 826, 827, 906, 907, 908, 909]",7/6 successful match,True,"[322, 323]",True,243,False,,1.0,True,Pilot Travel Center # 387,Pilot
"Carlin , 89822 Pilot Travel Center line # ) 387",775-754-6384 I-80 Exit 280 ( NV,24 M <U+25A1> <U+25A1>,Carlin,89822,Pilot Travel Center line # ) 387,775-754-6384,2008,Carlin,NV,Pilot,( NV,I-80 Exit 280 ,Exit,280,False,,False,I-80,,,,,"[376, 826]","[376, 826]","[376, 826]","[376, 826]","[338, 339, 340, 341, 342, 343, 344, 345, 346, 347, 348, 349, 350, 351, 352, 353, 354, 355, 356, 357, 358, 359, 360, 361, 362, 363, 364, 365, 366, 367, 368, 369, 370, 371, 372, 373, 374, 375, 376, 377, 378, 379, 380, 381, 382, 383, 384, 385, 386, 387, 388, 389, 390, 391, 392, 393, 394, 395, 396, 397, 794, 795, 796, 797, 798, 799, 800, 801, 802, 803, 804, 805, 806, 807, 808, 809, 810, 811, 812, 813, 814, 815, 816, 817, 818, 819, 820, 821, 822, 823, 824, 825, 826, 827, 828, 829, 830, 831, 832, 833, 834, 835, 836, 837, 838, 839, 840, 841, 842, 843, 844, 845, 846, 847]","[89, 108, 172, 217, 221, 239, 264, 280, 321, 342, 343, 344, 345, 346, 349, 351, 352, 355, 357, 359, 364, 368, 371, 372, 373, 374, 376, 377, 387, 392, 393, 403, 409, 411, 414, 424, 430, 449, 454, 470, 480, 560, 584, 643, 685, 703, 724, 739, 779, 798, 799, 800, 801, 804, 806, 807, 810, 812, 814, 816, 821, 822, 823, 824, 826, 827, 837, 842, 843, 852, 859, 862, 865, 869, 876, 882, 897, 901, 917, 932]","[15, 16, 65, 66, 67, 68, 69, 70, 71, 72, 73, 74, 75, 76, 80, 151, 245, 246, 247, 248, 249, 250, 251, 252, 253, 254, 255, 256, 257, 258, 259, 280, 340, 373, 374, 375, 376, 377, 459, 460, 461, 462, 500, 501, 539, 540, 541, 542, 543, 544, 545, 546, 547, 548, 549, 550, 552, 622, 708, 709, 710, 711, 712, 713, 714, 715, 716, 717, 718, 719, 720, 739, 796, 823, 824, 825, 826, 827, 906, 907, 908, 909]","[15, 16, 65, 66, 67, 68, 69, 70, 71, 72, 73, 74, 75, 76, 77, 78, 80, 151, 244, 245, 246, 247, 248, 249, 250, 251, 252, 253, 254, 255, 256, 257, 258, 259, 260, 280, 340, 373, 374, 375, 376, 377, 459, 460, 461, 462, 500, 501, 539, 540, 541, 542, 543, 544, 545, 546, 547, 548, 549, 550, 552, 622, 708, 709, 710, 711, 712, 713, 714, 715, 716, 717, 718, 719, 720, 739, 796, 823, 824, 825, 826, 827, 906, 907, 908, 909]","[15, 16, 876, 539, 540, 541, 542, 543, 544, 545, 546, 547, 548, 549, 550, 552, 560, 65, 66, 67, 68, 69, 70, 71, 584, 72, 73, 74, 75, 76, 77, 78, 321, 80, 89, 108, 622, 643, 151, 172, 685, 882, 703, 852, 708, 709, 710, 711, 712, 713, 714, 715, 716, 717, 718, 719, 720, 724, 217, 221, 859, 739, 239, 862, 244, 245, 246, 247, 248, 249, 250, 251, 252, 253, 254, 255, 256, 865, 257, 258, 259, 260, 264, 779, 869, 280, 794, 795, 796, 797, 798, 799, 800, 801, 802, 803, 804, 805, 806, 807, 808, 809, 810, 811, 812, 813, 814, 815, 816, 817, 818, 819, 820, 821, 822, 823, 824, 825, 826, 827, 828, 829, 830, 831, 832, 833, 834, 835, 836, 837, 838, 839, 840, 841, 842, 843, 844, 845, 846, 847, 338, 339, 340, 341, 342, 343, 344, 345, 346, 347, 348, 349, 350, 351, 352, 353, 354, 355, 356, 357, 358, 359, 360, 361, 362, 363, 364, 365, 366, 367, 368, 369, 370, 371, 372, 373, 374, 375, 376, 377, 378, 379, 380, 381, 382, 383, 384, 385, 386, 387, 388, 389, 390, 391, 392, 393, 394, 395, 396, 397, 901, 906, 907, 908, 909, 403, 917, 409, 411, 414, 897, 932, 424, 430, 449, 454, 459, 460, 461, 462, 470, 480, 500, 501]",True,"[376, 826]","[338, 339, 340, 341, 342, 343, 344, 345, 346, 347, 348, 349, 350, 351, 352, 353, 354, 355, 356, 357, 358, 359, 360, 361, 362, 363, 364, 365, 366, 367, 368, 369, 370, 371, 372, 373, 374, 375, 376, 377, 378, 379, 380, 381, 382, 383, 384, 385, 386, 387, 388, 389, 390, 391, 392, 393, 394, 395, 396, 397, 794, 795, 796, 797, 798, 799, 800, 801, 802, 803, 804, 805, 806, 807, 808, 809, 810, 811, 812, 813, 814, 815, 816, 817, 818, 819, 820, 821, 822, 823, 824, 825, 826, 827, 828, 829, 830, 831, 832, 833, 834, 835, 836, 837, 838, 839, 840, 841, 842, 843, 844, 845, 846, 847]","[376, 826]","[376, 826]","[89, 108, 172, 217, 221, 239, 264, 280, 321, 342, 343, 344, 345, 346, 349, 351, 352, 355, 357, 359, 364, 368, 371, 372, 373, 374, 376, 377, 387, 392, 393, 403, 409, 411, 414, 424, 430, 449, 454, 470, 480, 560, 584, 643, 685, 703, 724, 739, 779, 798, 799, 800, 801, 804, 806, 807, 810, 812, 814, 816, 821, 822, 823, 824, 826, 827, 837, 842, 843, 852, 859, 862, 865, 869, 876, 882, 897, 901, 917, 932]","[15, 16, 65, 66, 67, 68, 69, 70, 71, 72, 73, 74, 75, 76, 77, 78, 80, 151, 244, 245, 246, 247, 248, 249, 250, 251, 252, 253, 254, 255, 256, 257, 258, 259, 260, 280, 340, 373, 374, 375, 376, 377, 459, 460, 461, 462, 500, 501, 539, 540, 541, 542, 543, 544, 545, 546, 547, 548, 549, 550, 552, 622, 708, 709, 710, 711, 712, 713, 714, 715, 716, 717, 718, 719, 720, 739, 796, 823, 824, 825, 826, 827, 906, 907, 908, 909]","[15, 16, 65, 66, 67, 68, 69, 70, 71, 72, 73, 74, 75, 76, 80, 151, 245, 246, 247, 248, 249, 250, 251, 252, 253, 254, 255, 256, 257, 258, 259, 280, 340, 373, 374, 375, 376, 377, 459, 460, 461, 462, 500, 501, 539, 540, 541, 542, 543, 544, 545, 546, 547, 548, 549, 550, 552, 622, 708, 709, 710, 711, 712, 713, 714, 715, 716, 717, 718, 719, 720, 739, 796, 823, 824, 825, 826, 827, 906, 907, 908, 909]",7/6 successful match,True,"[322, 323]",True,243,False,,1.0,True,Pilot Travel Center # 387,Pilot
Carlin ( 89822 ) Pilot Travel Center # 387,775-754-6384 I-80 Exit 280 ( NV 278 ),Pilot 24 M,Carlin,89822,Pilot Travel Center # 387,775-754-6384,2014,Carlin,NV,Pilot,( NV 278 ),I-80 Exit 280 ,Exit,280,False,,False,I-80,,,,,"[376, 826]","[376, 826]","[376, 826]","[376, 826]","[338, 339, 340, 341, 342, 343, 344, 345, 346, 347, 348, 349, 350, 351, 352, 353, 354, 355, 356, 357, 358, 359, 360, 361, 362, 363, 364, 365, 366, 367, 368, 369, 370, 371, 372, 373, 374, 375, 376, 377, 378, 379, 380, 381, 382, 383, 384, 385, 386, 387, 388, 389, 390, 391, 392, 393, 394, 395, 396, 397, 794, 795, 796, 797, 798, 799, 800, 801, 802, 803, 804, 805, 806, 807, 808, 809, 810, 811, 812, 813, 814, 815, 816, 817, 818, 819, 820, 821, 822, 823, 824, 825, 826, 827, 828, 829, 830, 831, 832, 833, 834, 835, 836, 837, 838, 839, 840, 841, 842, 843, 844, 845, 846, 847]","[89, 108, 172, 217, 221, 239, 264, 280, 321, 342, 343, 344, 345, 346, 349, 351, 352, 355, 357, 359, 364, 368, 371, 372, 373, 374, 376, 377, 387, 392, 393, 403, 409, 411, 414, 424, 430, 449, 454, 470, 480, 560, 584, 643, 685, 703, 724, 739, 779, 798, 799, 800, 801, 804, 806, 807, 810, 812, 814, 816, 821, 822, 823, 824, 826, 827, 837, 842, 843, 852, 859, 862, 865, 869, 876, 882, 897, 901, 917, 932]","[15, 16, 65, 66, 67, 68, 69, 70, 71, 72, 73, 74, 75, 76, 80, 151, 245, 246, 247, 248, 249, 250, 251, 252, 253, 254, 255, 256, 257, 258, 259, 280, 340, 373, 374, 375, 376, 377, 459, 460, 461, 462, 500, 501, 539, 540, 541, 542, 543, 544, 545, 546, 547, 548, 549, 550, 552, 622, 708, 709, 710, 711, 712, 713, 714, 715, 716, 717, 718, 719, 720, 739, 796, 823, 824, 825, 826, 827, 906, 907, 908, 909]","[15, 16, 65, 66, 67, 68, 69, 70, 71, 72, 73, 74, 75, 76, 77, 78, 80, 151, 244, 245, 246, 247, 248, 249, 250, 251, 252, 253, 254, 255, 256, 257, 258, 259, 260, 280, 340, 373, 374, 375, 376, 377, 459, 460, 461, 462, 500, 501, 539, 540, 541, 542, 543, 544, 545, 546, 547, 548, 549, 550, 552, 622, 708, 709, 710, 711, 712, 713, 714, 715, 716, 717, 718, 719, 720, 739, 796, 823, 824, 825, 826, 827, 906, 907, 908, 909]","[15, 16, 876, 539, 540, 541, 542, 543, 544, 545, 546, 547, 548, 549, 550, 552, 560, 65, 66, 67, 68, 69, 70, 71, 584, 72, 73, 74, 75, 76, 77, 78, 321, 80, 89, 108, 622, 643, 151, 172, 685, 882, 703, 852, 708, 709, 710, 711, 712, 713, 714, 715, 716, 717, 718, 719, 720, 724, 217, 221, 859, 739, 239, 862, 244, 245, 246, 247, 248, 249, 250, 251, 252, 253, 254, 255, 256, 865, 257, 258, 259, 260, 264, 779, 869, 280, 794, 795, 796, 797, 798, 799, 800, 801, 802, 803, 804, 805, 806, 807, 808, 809, 810, 811, 812, 813, 814, 815, 816, 817, 818, 819, 820, 821, 822, 823, 824, 825, 826, 827, 828, 829, 830, 831, 832, 833, 834, 835, 836, 837, 838, 839, 840, 841, 842, 843, 844, 845, 846, 847, 338, 339, 340, 341, 342, 343, 344, 345, 346, 347, 348, 349, 350, 351, 352, 353, 354, 355, 356, 357, 358, 359, 360, 361, 362, 363, 364, 365, 366, 367, 368, 369, 370, 371, 372, 373, 374, 375, 376, 377, 378, 379, 380, 381, 382, 383, 384, 385, 386, 387, 388, 389, 390, 391, 392, 393, 394, 395, 396, 397, 901, 906, 907, 908, 909, 403, 917, 409, 411, 414, 897, 932, 424, 430, 449, 454, 459, 460, 461, 462, 470, 480, 500, 501]",True,"[376, 826]","[338, 339, 340, 341, 342, 343, 344, 345, 346, 347, 348, 349, 350, 351, 352, 353, 354, 355, 356, 357, 358, 359, 360, 361, 362, 363, 364, 365, 366, 367, 368, 369, 370, 371, 372, 373, 374, 375, 376, 377, 378, 379, 380, 381, 382, 383, 384, 385, 386, 387, 388, 389, 390, 391, 392, 393, 394, 395, 396, 397, 794, 795, 796, 797, 798, 799, 800, 801, 802, 803, 804, 805, 806, 807, 808, 809, 810, 811, 812, 813, 814, 815, 816, 817, 818, 819, 820, 821, 822, 823, 824, 825, 826, 827, 828, 829, 830, 831, 832, 833, 834, 835, 836, 837, 838, 839, 840, 841, 842, 843, 844, 845, 846, 847]","[376, 826]","[376, 826]","[89, 108, 172, 217, 221, 239, 264, 280, 321, 342, 343, 344, 345, 346, 349, 351, 352, 355, 357, 359, 364, 368, 371, 372, 373, 374, 376, 377, 387, 392, 393, 403, 409, 411, 414, 424, 430, 449, 454, 470, 480, 560, 584, 643, 685, 703, 724, 739, 779, 798, 799, 800, 801, 804, 806, 807, 810, 812, 814, 816, 821, 822, 823, 824, 826, 827, 837, 842, 843, 852, 859, 862, 865, 869, 876, 882, 897, 901, 917, 932]","[15, 16, 65, 66, 67, 68, 69, 70, 71, 72, 73, 74, 75, 76, 77, 78, 80, 151, 244, 245, 246, 247, 248, 249, 250, 251, 252, 253, 254, 255, 256, 257, 258, 259, 260, 280, 340, 373, 374, 375, 376, 377, 459, 460, 461, 462, 500, 501, 539, 540, 541, 542, 543, 544, 545, 546, 547, 548, 549, 550, 552, 622, 708, 709, 710, 711, 712, 713, 714, 715, 716, 717, 718, 719, 720, 739, 796, 823, 824, 825, 826, 827, 906, 907, 908, 909]","[15, 16, 65, 66, 67, 68, 69, 70, 71, 72, 73, 74, 75, 76, 80, 151, 245, 246, 247, 248, 249, 250, 251, 252, 253, 254, 255, 256, 257, 258, 259, 280, 340, 373, 374, 375, 376, 377, 459, 460, 461, 462, 500, 501, 539, 540, 541, 542, 543, 544, 545, 546, 547, 548, 549, 550, 552, 622, 708, 709, 710, 711, 712, 713, 714, 715, 716, 717, 718, 719, 720, 739, 796, 823, 824, 825, 826, 827, 906, 907, 908, 909]",7/6 successful match,True,"[322, 323]",True,243,False,,1.0,True,Pilot Travel Center line # ) 387,Pilot
Carlin ( 89822 ) Pilot Travel Center # 387,775-754-6384 I-80 Exit 280 ( NV Pilot,Pilot 24 <U+25A1> M,Carlin,89822,Pilot Travel Center # 387,775-754-6384,2015,Carlin,NV,Pilot,( NV Pilot,I-80 Exit 280 ,Exit,280,False,,False,I-80,,,,,"[376, 826]","[376, 826]","[376, 826]","[376, 826]","[338, 339, 340, 341, 342, 343, 344, 345, 346, 347, 348, 349, 350, 351, 352, 353, 354, 355, 356, 357, 358, 359, 360, 361, 362, 363, 364, 365, 366, 367, 368, 369, 370, 371, 372, 373, 374, 375, 376, 377, 378, 379, 380, 381, 382, 383, 384, 385, 386, 387, 388, 389, 390, 391, 392, 393, 394, 395, 396, 397, 794, 795, 796, 797, 798, 799, 800, 801, 802, 803, 804, 805, 806, 807, 808, 809, 810, 811, 812, 813, 814, 815, 816, 817, 818, 819, 820, 821, 822, 823, 824, 825, 826, 827, 828, 829, 830, 831, 832, 833, 834, 835, 836, 837, 838, 839, 840, 841, 842, 843, 844, 845, 846, 847]","[89, 108, 172, 217, 221, 239, 264, 280, 321, 342, 343, 344, 345, 346, 349, 351, 352, 355, 357, 359, 364, 368, 371, 372, 373, 374, 376, 377, 387, 392, 393, 403, 409, 411, 414, 424, 430, 449, 454, 470, 480, 560, 584, 643, 685, 703, 724, 739, 779, 798, 799, 800, 801, 804, 806, 807, 810, 812, 814, 816, 821, 822, 823, 824, 826, 827, 837, 842, 843, 852, 859, 862, 865, 869, 876, 882, 897, 901, 917, 932]","[15, 16, 65, 66, 67, 68, 69, 70, 71, 72, 73, 74, 75, 76, 80, 151, 245, 246, 247, 248, 249, 250, 251, 252, 253, 254, 255, 256, 257, 258, 259, 280, 340, 373, 374, 375, 376, 377, 459, 460, 461, 462, 500, 501, 539, 540, 541, 542, 543, 544, 545, 546, 547, 548, 549, 550, 552, 622, 708, 709, 710, 711, 712, 713, 714, 715, 716, 717, 718, 719, 720, 739, 796, 823, 824, 825, 826, 827, 906, 907, 908, 909]","[15, 16, 65, 66, 67, 68, 69, 70, 71, 72, 73, 74, 75, 76, 77, 78, 80, 151, 244, 245, 246, 247, 248, 249, 250, 251, 252, 253, 254, 255, 256, 257, 258, 259, 260, 280, 340, 373, 374, 375, 376, 377, 459, 460, 461, 462, 500, 501, 539, 540, 541, 542, 543, 544, 545, 546, 547, 548, 549, 550, 552, 622, 708, 709, 710, 711, 712, 713, 714, 715, 716, 717, 718, 719, 720, 739, 796, 823, 824, 825, 826, 827, 906, 907, 908, 909]","[15, 16, 876, 539, 540, 541, 542, 543, 544, 545, 546, 547, 548, 549, 550, 552, 560, 65, 66, 67, 68, 69, 70, 71, 584, 72, 73, 74, 75, 76, 77, 78, 321, 80, 89, 108, 622, 643, 151, 172, 685, 882, 703, 852, 708, 709, 710, 711, 712, 713, 714, 715, 716, 717, 718, 719, 720, 724, 217, 221, 859, 739, 239, 862, 244, 245, 246, 247, 248, 249, 250, 251, 252, 253, 254, 255, 256, 865, 257, 258, 259, 260, 264, 779, 869, 280, 794, 795, 796, 797, 798, 799, 800, 801, 802, 803, 804, 805, 806, 807, 808, 809, 810, 811, 812, 813, 814, 815, 816, 817, 818, 819, 820, 821, 822, 823, 824, 825, 826, 827, 828, 829, 830, 831, 832, 833, 834, 835, 836, 837, 838, 839, 840, 841, 842, 843, 844, 845, 846, 847, 338, 339, 340, 341, 342, 343, 344, 345, 346, 347, 348, 349, 350, 351, 352, 353, 354, 355, 356, 357, 358, 359, 360, 361, 362, 363, 364, 365, 366, 367, 368, 369, 370, 371, 372, 373, 374, 375, 376, 377, 378, 379, 380, 381, 382, 383, 384, 385, 386, 387, 388, 389, 390, 391, 392, 393, 394, 395, 396, 397, 901, 906, 907, 908, 909, 403, 917, 409, 411, 414, 897, 932, 424, 430, 449, 454, 459, 460, 461, 462, 470, 480, 500, 501]",True,"[376, 826]","[338, 339, 340, 341, 342, 343, 344, 345, 346, 347, 348, 349, 350, 351, 352, 353, 354, 355, 356, 357, 358, 359, 360, 361, 362, 363, 364, 365, 366, 367, 368, 369, 370, 371, 372, 373, 374, 375, 376, 377, 378, 379, 380, 381, 382, 383, 384, 385, 386, 387, 388, 389, 390, 391, 392, 393, 394, 395, 396, 397, 794, 795, 796, 797, 798, 799, 800, 801, 802, 803, 804, 805, 806, 807, 808, 809, 810, 811, 812, 813, 814, 815, 816, 817, 818, 819, 820, 821, 822, 823, 824, 825, 826, 827, 828, 829, 830, 831, 832, 833, 834, 835, 836, 837, 838, 839, 840, 841, 842, 843, 844, 845, 846, 847]","[376, 826]","[376, 826]","[89, 108, 172, 217, 221, 239, 264, 280, 321, 342, 343, 344, 345, 346, 349, 351, 352, 355, 357, 359, 364, 368, 371, 372, 373, 374, 376, 377, 387, 392, 393, 403, 409, 411, 414, 424, 430, 449, 454, 470, 480, 560, 584, 643, 685, 703, 724, 739, 779, 798, 799, 800, 801, 804, 806, 807, 810, 812, 814, 816, 821, 822, 823, 824, 826, 827, 837, 842, 843, 852, 859, 862, 865, 869, 876, 882, 897, 901, 917, 932]","[15, 16, 65, 66, 67, 68, 69, 70, 71, 72, 73, 74, 75, 76, 77, 78, 80, 151, 244, 245, 246, 247, 248, 249, 250, 251, 252, 253, 254, 255, 256, 257, 258, 259, 260, 280, 340, 373, 374, 375, 376, 377, 459, 460, 461, 462, 500, 501, 539, 540, 541, 542, 543, 544, 545, 546, 547, 548, 549, 550, 552, 622, 708, 709, 710, 711, 712, 713, 714, 715, 716, 717, 718, 719, 720, 739, 796, 823, 824, 825, 826, 827, 906, 907, 908, 909]","[15, 16, 65, 66, 67, 68, 69, 70, 71, 72, 73, 74, 75, 76, 80, 151, 245, 246, 247, 248, 249, 250, 251, 252, 253, 254, 255, 256, 257, 258, 259, 280, 340, 373, 374, 375, 376, 377, 459, 460, 461, 462, 500, 501, 539, 540, 541, 542, 543, 544, 545, 546, 547, 548, 549, 550, 552, 622, 708, 709, 710, 711, 712, 713, 714, 715, 716, 717, 718, 719, 720, 739, 796, 823, 824, 825, 826, 827, 906, 907, 908, 909]",7/6 successful match,True,"[322, 323]",True,243,False,,1.0,True,Pilot Travel Center # 387,Pilot
Carlin ( 89822 ) Pilot Travel Center # 387,775-754-6384 I-80 Exit 280 ( NV 278 ),Pilat 24 M,Carlin,89822,Pilot Travel Center # 387,775-754-6384,2016,Carlin,NV,Pilot,( NV 278 ),I-80 Exit 280 ,Exit,280,False,,False,I-80,,,,,"[376, 826]","[376, 826]","[376, 826]","[376, 826]","[338, 339, 340, 341, 342, 343, 344, 345, 346, 347, 348, 349, 350, 351, 352, 353, 354, 355, 356, 357, 358, 359, 360, 361, 362, 363, 364, 365, 366, 367, 368, 369, 370, 371, 372, 373, 374, 375, 376, 377, 378, 379, 380, 381, 382, 383, 384, 385, 386, 387, 388, 389, 390, 391, 392, 393, 394, 395, 396, 397, 794, 795, 796, 797, 798, 799, 800, 801, 802, 803, 804, 805, 806, 807, 808, 809, 810, 811, 812, 813, 814, 815, 816, 817, 818, 819, 820, 821, 822, 823, 824, 825, 826, 827, 828, 829, 830, 831, 832, 833, 834, 835, 836, 837, 838, 839, 840, 841, 842, 843, 844, 845, 846, 847]","[89, 108, 172, 217, 221, 239, 264, 280, 321, 342, 343, 344, 345, 346, 349, 351, 352, 355, 357, 359, 364, 368, 371, 372, 373, 374, 376, 377, 387, 392, 393, 403, 409, 411, 414, 424, 430, 449, 454, 470, 480, 560, 584, 643, 685, 703, 724, 739, 779, 798, 799, 800, 801, 804, 806, 807, 810, 812, 814, 816, 821, 822, 823, 824, 826, 827, 837, 842, 843, 852, 859, 862, 865, 869, 876, 882, 897, 901, 917, 932]","[15, 16, 65, 66, 67, 68, 69, 70, 71, 72, 73, 74, 75, 76, 80, 151, 245, 246, 247, 248, 249, 250, 251, 252, 253, 254, 255, 256, 257, 258, 259, 280, 340, 373, 374, 375, 376, 377, 459, 460, 461, 462, 500, 501, 539, 540, 541, 542, 543, 544, 545, 546, 547, 548, 549, 550, 552, 622, 708, 709, 710, 711, 712, 713, 714, 715, 716, 717, 718, 719, 720, 739, 796, 823, 824, 825, 826, 827, 906, 907, 908, 909]","[15, 16, 65, 66, 67, 68, 69, 70, 71, 72, 73, 74, 75, 76, 77, 78, 80, 151, 244, 245, 246, 247, 248, 249, 250, 251, 252, 253, 254, 255, 256, 257, 258, 259, 260, 280, 340, 373, 374, 375, 376, 377, 459, 460, 461, 462, 500, 501, 539, 540, 541, 542, 543, 544, 545, 546, 547, 548, 549, 550, 552, 622, 708, 709, 710, 711, 712, 713, 714, 715, 716, 717, 718, 719, 720, 739, 796, 823, 824, 825, 826, 827, 906, 907, 908, 909]","[15, 16, 876, 539, 540, 541, 542, 543, 544, 545, 546, 547, 548, 549, 550, 552, 560, 65, 66, 67, 68, 69, 70, 71, 584, 72, 73, 74, 75, 76, 77, 78, 321, 80, 89, 108, 622, 643, 151, 172, 685, 882, 703, 852, 708, 709, 710, 711, 712, 713, 714, 715, 716, 717, 718, 719, 720, 724, 217, 221, 859, 739, 239, 862, 244, 245, 246, 247, 248, 249, 250, 251, 252, 253, 254, 255, 256, 865, 257, 258, 259, 260, 264, 779, 869, 280, 794, 795, 796, 797, 798, 799, 800, 801, 802, 803, 804, 805, 806, 807, 808, 809, 810, 811, 812, 813, 814, 815, 816, 817, 818, 819, 820, 821, 822, 823, 824, 825, 826, 827, 828, 829, 830, 831, 832, 833, 834, 835, 836, 837, 838, 839, 840, 841, 842, 843, 844, 845, 846, 847, 338, 339, 340, 341, 342, 343, 344, 345, 346, 347, 348, 349, 350, 351, 352, 353, 354, 355, 356, 357, 358, 359, 360, 361, 362, 363, 364, 365, 366, 367, 368, 369, 370, 371, 372, 373, 374, 375, 376, 377, 378, 379, 380, 381, 382, 383, 384, 385, 386, 387, 388, 389, 390, 391, 392, 393, 394, 395, 396, 397, 901, 906, 907, 908, 909, 403, 917, 409, 411, 414, 897, 932, 424, 430, 449, 454, 459, 460, 461, 462, 470, 480, 500, 501]",True,"[376, 826]","[338, 339, 340, 341, 342, 343, 344, 345, 346, 347, 348, 349, 350, 351, 352, 353, 354, 355, 356, 357, 358, 359, 360, 361, 362, 363, 364, 365, 366, 367, 368, 369, 370, 371, 372, 373, 374, 375, 376, 377, 378, 379, 380, 381, 382, 383, 384, 385, 386, 387, 388, 389, 390, 391, 392, 393, 394, 395, 396, 397, 794, 795, 796, 797, 798, 799, 800, 801, 802, 803, 804, 805, 806, 807, 808, 809, 810, 811, 812, 813, 814, 815, 816, 817, 818, 819, 820, 821, 822, 823, 824, 825, 826, 827, 828, 829, 830, 831, 832, 833, 834, 835, 836, 837, 838, 839, 840, 841, 842, 843, 844, 845, 846, 847]","[376, 826]","[376, 826]","[89, 108, 172, 217, 221, 239, 264, 280, 321, 342, 343, 344, 345, 346, 349, 351, 352, 355, 357, 359, 364, 368, 371, 372, 373, 374, 376, 377, 387, 392, 393, 403, 409, 411, 414, 424, 430, 449, 454, 470, 480, 560, 584, 643, 685, 703, 724, 739, 779, 798, 799, 800, 801, 804, 806, 807, 810, 812, 814, 816, 821, 822, 823, 824, 826, 827, 837, 842, 843, 852, 859, 862, 865, 869, 876, 882, 897, 901, 917, 932]","[15, 16, 65, 66, 67, 68, 69, 70, 71, 72, 73, 74, 75, 76, 77, 78, 80, 151, 244, 245, 246, 247, 248, 249, 250, 251, 252, 253, 254, 255, 256, 257, 258, 259, 260, 280, 340, 373, 374, 375, 376, 377, 459, 460, 461, 462, 500, 501, 539, 540, 541, 542, 543, 544, 545, 546, 547, 548, 549, 550, 552, 622, 708, 709, 710, 711, 712, 713, 714, 715, 716, 717, 718, 719, 720, 739, 796, 823, 824, 825, 826, 827, 906, 907, 908, 909]","[15, 16, 65, 66, 67, 68, 69, 70, 71, 72, 73, 74, 75, 76, 80, 151, 245, 246, 247, 248, 249, 250, 251, 252, 253, 254, 255, 256, 257, 258, 259, 280, 340, 373, 374, 375, 376, 377, 459, 460, 461, 462, 500, 501, 539, 540, 541, 542, 543, 544, 545, 546, 547, 548, 549, 550, 552, 622, 708, 709, 710, 711, 712, 713, 714, 715, 716, 717, 718, 719, 720, 739, 796, 823, 824, 825, 826, 827, 906, 907, 908, 909]",7/6 successful match,True,"[322, 323]",True,243,False,,1.0,True,Pilot Travel Center # 387,Pilot
"Wells , 89835 Plaza # 0500102",775-752-2000 Flying I-80 Exit J Travel 352 ( US 93 N ) #,,Wells,89835,Plaza # 0500102,775-752-2000,2006,Wells,NV,,( US 93 N ) #,Flying I-80 Exit J Travel 352 ,Exit,,True,unclear address_standardized_OFF_parenthesis,True,I-80,,,,,"[372, 822]","[344, 346, 357, 372, 800, 812, 822]","[344, 346, 357, 372, 800, 812, 822]",[],"[338, 339, 340, 341, 342, 343, 344, 345, 346, 347, 348, 349, 350, 351, 352, 353, 354, 355, 356, 357, 358, 359, 360, 361, 362, 363, 364, 365, 366, 367, 368, 369, 370, 371, 372, 373, 374, 375, 376, 377, 378, 379, 380, 381, 382, 383, 384, 385, 386, 387, 388, 389, 390, 391, 392, 393, 394, 395, 396, 397, 794, 795, 796, 797, 798, 799, 800, 801, 802, 803, 804, 805, 806, 807, 808, 809, 810, 811, 812, 813, 814, 815, 816, 817, 818, 819, 820, 821, 822, 823, 824, 825, 826, 827, 828, 829, 830, 831, 832, 833, 834, 835, 836, 837, 838, 839, 840, 841, 842, 843, 844, 845, 846, 847]","[89, 108, 172, 217, 221, 239, 264, 280, 321, 342, 343, 344, 345, 346, 349, 351, 352, 355, 357, 359, 364, 368, 371, 372, 373, 374, 376, 377, 387, 392, 393, 403, 409, 411, 414, 424, 430, 449, 454, 470, 480, 560, 584, 643, 685, 703, 724, 739, 779, 798, 799, 800, 801, 804, 806, 807, 810, 812, 814, 816, 821, 822, 823, 824, 826, 827, 837, 842, 843, 852, 859, 862, 865, 869, 876, 882, 897, 901, 917, 932]",[],[],"[876, 560, 584, 321, 89, 108, 643, 172, 685, 882, 703, 852, 724, 217, 221, 859, 739, 239, 862, 865, 264, 779, 869, 280, 794, 795, 796, 797, 798, 799, 800, 801, 802, 803, 804, 805, 806, 807, 808, 809, 810, 811, 812, 813, 814, 815, 816, 817, 818, 819, 820, 821, 822, 823, 824, 825, 826, 827, 828, 829, 830, 831, 832, 833, 834, 835, 836, 837, 838, 839, 840, 841, 842, 843, 844, 845, 846, 847, 338, 339, 340, 341, 342, 343, 344, 345, 346, 347, 348, 349, 350, 351, 352, 353, 354, 355, 356, 357, 358, 359, 360, 361, 362, 363, 364, 365, 366, 367, 368, 369, 370, 371, 372, 373, 374, 375, 376, 377, 378, 379, 380, 381, 382, 383, 384, 385, 386, 387, 388, 389, 390, 391, 392, 393, 394, 395, 396, 397, 901, 403, 917, 409, 411, 414, 897, 932, 424, 430, 449, 454, 470, 480]",True,"[344, 346, 357, 372, 800, 812, 822]","[338, 339, 340, 341, 342, 343, 344, 345, 346, 347, 348, 349, 350, 351, 352, 353, 354, 355, 356, 357, 358, 359, 360, 361, 362, 363, 364, 365, 366, 367, 368, 369, 370, 371, 372, 373, 374, 375, 376, 377, 378, 379, 380, 381, 382, 383, 384, 385, 386, 387, 388, 389, 390, 391, 392, 393, 394, 395, 396, 397, 794, 795, 796, 797, 798, 799, 800, 801, 802, 803, 804, 805, 806, 807, 808, 809, 810, 811, 812, 813, 814, 815, 816, 817, 818, 819, 820, 821, 822, 823, 824, 825, 826, 827, 828, 829, 830, 831, 832, 833, 834, 835, 836, 837, 838, 839, 840, 841, 842, 843, 844, 845, 846, 847]","[344, 346, 357, 372, 800, 812, 822]",[],"[89, 108, 172, 217, 221, 239, 264, 280, 321, 342, 343, 344, 345, 346, 349, 351, 352, 355, 357, 359, 364, 368, 371, 372, 373, 374, 376, 377, 387, 392, 393, 403, 409, 411, 414, 424, 430, 449, 454, 470, 480, 560, 584, 643, 685, 703, 724, 739, 779, 798, 799, 800, 801, 804, 806, 807, 810, 812, 814, 816, 821, 822, 823, 824, 826, 827, 837, 842, 843, 852, 859, 862, 865, 869, 876, 882, 897, 901, 917, 932]",[],[],7/6 successful match,True,"[370, 371, 372]",True,244,False,,,,,
"Wells , 89835 Flying J Travel Plaza # 0500102",775-752-2000 I-80 Exit 352 ( US 93 N ),24 <U+25A1>,Wells,89835,Flying J Travel Plaza # 0500102,775-752-2000,2007,Wells,NV,Flying J,( US 93 N ),I-80 Exit 352 ,Exit,352,False,,False,I-80,,,,,"[372, 822]","[344, 346, 357, 372, 800, 812, 822]","[344, 346, 357, 372, 800, 812, 822]","[344, 357, 372, 800, 812, 822]","[338, 339, 340, 341, 342, 343, 344, 345, 346, 347, 348, 349, 350, 351, 352, 353, 354, 355, 356, 357, 358, 359, 360, 361, 362, 363, 364, 365, 366, 367, 368, 369, 370, 371, 372, 373, 374, 375, 376, 377, 378, 379, 380, 381, 382, 383, 384, 385, 386, 387, 388, 389, 390, 391, 392, 393, 394, 395, 396, 397, 794, 795, 796, 797, 798, 799, 800, 801, 802, 803, 804, 805, 806, 807, 808, 809, 810, 811, 812, 813, 814, 815, 816, 817, 818, 819, 820, 821, 822, 823, 824, 825, 826, 827, 828, 829, 830, 831, 832, 833, 834, 835, 836, 837, 838, 839, 840, 841, 842, 843, 844, 845, 846, 847]","[89, 108, 172, 217, 221, 239, 264, 280, 321, 342, 343, 344, 345, 346, 349, 351, 352, 355, 357, 359, 364, 368, 371, 372, 373, 374, 376, 377, 387, 392, 393, 403, 409, 411, 414, 424, 430, 449, 454, 470, 480, 560, 584, 643, 685, 703, 724, 739, 779, 798, 799, 800, 801, 804, 806, 807, 810, 812, 814, 816, 821, 822, 823, 824, 826, 827, 837, 842, 843, 852, 859, 862, 865, 869, 876, 882, 897, 901, 917, 932]","[17, 18, 19, 20, 21, 22, 23, 156, 157, 158, 159, 160, 161, 162, 163, 164, 165, 166, 167, 341, 342, 343, 344, 345, 412, 413, 414, 415, 416, 417, 418, 419, 420, 421, 422, 502, 503, 504, 505, 506, 507, 628, 629, 630, 631, 632, 633, 634, 635, 636, 637, 638, 639, 792, 797, 798, 799, 800, 801, 863, 864, 865, 866, 867, 868, 869, 870, 871, 872, 873, 874]","[17, 18, 19, 20, 21, 22, 23, 156, 157, 158, 159, 160, 161, 162, 163, 164, 165, 166, 167, 168, 340, 341, 342, 343, 344, 345, 346, 412, 413, 414, 415, 416, 417, 418, 419, 420, 421, 422, 502, 503, 504, 505, 506, 507, 628, 629, 630, 631, 632, 633, 634, 635, 636, 637, 638, 639, 792, 796, 797, 798, 799, 800, 801, 863, 864, 865, 866, 867, 868, 869, 870, 871, 872, 873, 874]","[871, 17, 18, 19, 20, 21, 22, 23, 876, 560, 584, 321, 89, 108, 628, 629, 630, 631, 632, 633, 634, 635, 636, 637, 638, 639, 643, 156, 157, 158, 159, 160, 161, 162, 163, 164, 165, 166, 167, 168, 172, 685, 882, 703, 852, 724, 217, 221, 859, 739, 239, 862, 863, 864, 865, 866, 264, 779, 867, 868, 869, 280, 792, 794, 795, 796, 797, 798, 799, 800, 801, 802, 803, 804, 805, 806, 807, 808, 809, 810, 811, 812, 813, 814, 815, 816, 817, 818, 819, 820, 821, 822, 823, 824, 825, 826, 827, 828, 829, 830, 831, 832, 833, 834, 835, 836, 837, 838, 839, 840, 841, 842, 843, 844, 845, 846, 847, 338, 339, 340, 341, 342, 343, 344, 345, 346, 347, 348, 349, 350, 351, 352, 353, 354, 355, 356, 357, 358, 359, 360, 361, 362, 363, 364, 365, 366, 367, 368, 369, 370, 371, 372, 373, 374, 375, 376, 377, 378, 379, 380, 381, 382, 383, 384, 385, 386, 387, 388, 389, 390, 391, 392, 393, 394, 395, 396, 397, 901, 870, 403, 917, 409, 411, 412, 413, 414, 415, 416, 417, 897, 418, 932, 419, 420, 421, 424, 422, 430, 872, 449, 454, 873, 470, 480, 874, 502, 503, 504, 505, 506, 507]",True,"[344, 346, 357, 372, 800, 812, 822]","[338, 339, 340, 341, 342, 343, 344, 345, 346, 347, 348, 349, 350, 351, 352, 353, 354, 355, 356, 357, 358, 359, 360, 361, 362, 363, 364, 365, 366, 367, 368, 369, 370, 371, 372, 373, 374, 375, 376, 377, 378, 379, 380, 381, 382, 383, 384, 385, 386, 387, 388, 389, 390, 391, 392, 393, 394, 395, 396, 397, 794, 795, 796, 797, 798, 799, 800, 801, 802, 803, 804, 805, 806, 807, 808, 809, 810, 811, 812, 813, 814, 815, 816, 817, 818, 819, 820, 821, 822, 823, 824, 825, 826, 827, 828, 829, 830, 831, 832, 833, 834, 835, 836, 837, 838, 839, 840, 841, 842, 843, 844, 845, 846, 847]","[344, 346, 357, 372, 800, 812, 822]","[344, 357, 372, 800, 812, 822]","[89, 108, 172, 217, 221, 239, 264, 280, 321, 342, 343, 344, 345, 346, 349, 351, 352, 355, 357, 359, 364, 368, 371, 372, 373, 374, 376, 377, 387, 392, 393, 403, 409, 411, 414, 424, 430, 449, 454, 470, 480, 560, 584, 643, 685, 703, 724, 739, 779, 798, 799, 800, 801, 804, 806, 807, 810, 812, 814, 816, 821, 822, 823, 824, 826, 827, 837, 842, 843, 852, 859, 862, 865, 869, 876, 882, 897, 901, 917, 932]","[17, 18, 19, 20, 21, 22, 23, 156, 157, 158, 159, 160, 161, 162, 163, 164, 165, 166, 167, 168, 340, 341, 342, 343, 344, 345, 346, 412, 413, 414, 415, 416, 417, 418, 419, 420, 421, 422, 502, 503, 504, 505, 506, 507, 628, 629, 630, 631, 632, 633, 634, 635, 636, 637, 638, 639, 792, 796, 797, 798, 799, 800, 801, 863, 864, 865, 866, 867, 868, 869, 870, 871, 872, 873, 874]","[17, 18, 19, 20, 21, 22, 23, 156, 157, 158, 159, 160, 161, 162, 163, 164, 165, 166, 167, 341, 342, 343, 344, 345, 412, 413, 414, 415, 416, 417, 418, 419, 420, 421, 422, 502, 503, 504, 505, 506, 507, 628, 629, 630, 631, 632, 633, 634, 635, 636, 637, 638, 639, 792, 797, 798, 799, 800, 801, 863, 864, 865, 866, 867, 868, 869, 870, 871, 872, 873, 874]",7/6 successful match,True,"[370, 371, 372]",True,244,False,,0.5956521739130436,True,Plaza # 0500102,
"Wells , 89835 Flying J Travel Plaza # 0500102",775-752-2000 I-80 Exit 352 ( US 93 N ),24 <U+2610><U+2610> <U+2610><U+2610>,Wells,89835,Flying J Travel Plaza # 0500102,775-752-2000,2008,Wells,NV,Flying J,( US 93 N ),I-80 Exit 352 ,Exit,352,False,,False,I-80,,,,,"[372, 822]","[344, 346, 357, 372, 800, 812, 822]","[344, 346, 357, 372, 800, 812, 822]","[344, 357, 372, 800, 812, 822]","[338, 339, 340, 341, 342, 343, 344, 345, 346, 347, 348, 349, 350, 351, 352, 353, 354, 355, 356, 357, 358, 359, 360, 361, 362, 363, 364, 365, 366, 367, 368, 369, 370, 371, 372, 373, 374, 375, 376, 377, 378, 379, 380, 381, 382, 383, 384, 385, 386, 387, 388, 389, 390, 391, 392, 393, 394, 395, 396, 397, 794, 795, 796, 797, 798, 799, 800, 801, 802, 803, 804, 805, 806, 807, 808, 809, 810, 811, 812, 813, 814, 815, 816, 817, 818, 819, 820, 821, 822, 823, 824, 825, 826, 827, 828, 829, 830, 831, 832, 833, 834, 835, 836, 837, 838, 839, 840, 841, 842, 843, 844, 845, 846, 847]","[89, 108, 172, 217, 221, 239, 264, 280, 321, 342, 343, 344, 345, 346, 349, 351, 352, 355, 357, 359, 364, 368, 371, 372, 373, 374, 376, 377, 387, 392, 393, 403, 409, 411, 414, 424, 430, 449, 454, 470, 480, 560, 584, 643, 685, 703, 724, 739, 779, 798, 799, 800, 801, 804, 806, 807, 810, 812, 814, 816, 821, 822, 823, 824, 826, 827, 837, 842, 843, 852, 859, 862, 865, 869, 876, 882, 897, 901, 917, 932]","[17, 18, 19, 20, 21, 22, 23, 156, 157, 158, 159, 160, 161, 162, 163, 164, 165, 166, 167, 341, 342, 343, 344, 345, 412, 413, 414, 415, 416, 417, 418, 419, 420, 421, 422, 502, 503, 504, 505, 506, 507, 628, 629, 630, 631, 632, 633, 634, 635, 636, 637, 638, 639, 792, 797, 798, 799, 800, 801, 863, 864, 865, 866, 867, 868, 869, 870, 871, 872, 873, 874]","[17, 18, 19, 20, 21, 22, 23, 156, 157, 158, 159, 160, 161, 162, 163, 164, 165, 166, 167, 168, 340, 341, 342, 343, 344, 345, 346, 412, 413, 414, 415, 416, 417, 418, 419, 420, 421, 422, 502, 503, 504, 505, 506, 507, 628, 629, 630, 631, 632, 633, 634, 635, 636, 637, 638, 639, 792, 796, 797, 798, 799, 800, 801, 863, 864, 865, 866, 867, 868, 869, 870, 871, 872, 873, 874]","[871, 17, 18, 19, 20, 21, 22, 23, 876, 560, 584, 321, 89, 108, 628, 629, 630, 631, 632, 633, 634, 635, 636, 637, 638, 639, 643, 156, 157, 158, 159, 160, 161, 162, 163, 164, 165, 166, 167, 168, 172, 685, 882, 703, 852, 724, 217, 221, 859, 739, 239, 862, 863, 864, 865, 866, 264, 779, 867, 868, 869, 280, 792, 794, 795, 796, 797, 798, 799, 800, 801, 802, 803, 804, 805, 806, 807, 808, 809, 810, 811, 812, 813, 814, 815, 816, 817, 818, 819, 820, 821, 822, 823, 824, 825, 826, 827, 828, 829, 830, 831, 832, 833, 834, 835, 836, 837, 838, 839, 840, 841, 842, 843, 844, 845, 846, 847, 338, 339, 340, 341, 342, 343, 344, 345, 346, 347, 348, 349, 350, 351, 352, 353, 354, 355, 356, 357, 358, 359, 360, 361, 362, 363, 364, 365, 366, 367, 368, 369, 370, 371, 372, 373, 374, 375, 376, 377, 378, 379, 380, 381, 382, 383, 384, 385, 386, 387, 388, 389, 390, 391, 392, 393, 394, 395, 396, 397, 901, 870, 403, 917, 409, 411, 412, 413, 414, 415, 416, 417, 897, 418, 932, 419, 420, 421, 424, 422, 430, 872, 449, 454, 873, 470, 480, 874, 502, 503, 504, 505, 506, 507]",True,"[344, 346, 357, 372, 800, 812, 822]","[338, 339, 340, 341, 342, 343, 344, 345, 346, 347, 348, 349, 350, 351, 352, 353, 354, 355, 356, 357, 358, 359, 360, 361, 362, 363, 364, 365, 366, 367, 368, 369, 370, 371, 372, 373, 374, 375, 376, 377, 378, 379, 380, 381, 382, 383, 384, 385, 386, 387, 388, 389, 390, 391, 392, 393, 394, 395, 396, 397, 794, 795, 796, 797, 798, 799, 800, 801, 802, 803, 804, 805, 806, 807, 808, 809, 810, 811, 812, 813, 814, 815, 816, 817, 818, 819, 820, 821, 822, 823, 824, 825, 826, 827, 828, 829, 830, 831, 832, 833, 834, 835, 836, 837, 838, 839, 840, 841, 842, 843, 844, 845, 846, 847]","[344, 346, 357, 372, 800, 812, 822]","[344, 357, 372, 800, 812, 822]","[89, 108, 172, 217, 221, 239, 264, 280, 321, 342, 343, 344, 345, 346, 349, 351, 352, 355, 357, 359, 364, 368, 371, 372, 373, 374, 376, 377, 387, 392, 393, 403, 409, 411, 414, 424, 430, 449, 454, 470, 480, 560, 584, 643, 685, 703, 724, 739, 779, 798, 799, 800, 801, 804, 806, 807, 810, 812, 814, 816, 821, 822, 823, 824, 826, 827, 837, 842, 843, 852, 859, 862, 865, 869, 876, 882, 897, 901, 917, 932]","[17, 18, 19, 20, 21, 22, 23, 156, 157, 158, 159, 160, 161, 162, 163, 164, 165, 166, 167, 168, 340, 341, 342, 343, 344, 345, 346, 412, 413, 414, 415, 416, 417, 418, 419, 420, 421, 422, 502, 503, 504, 505, 506, 507, 628, 629, 630, 631, 632, 633, 634, 635, 636, 637, 638, 639, 792, 796, 797, 798, 799, 800, 801, 863, 864, 865, 866, 867, 868, 869, 870, 871, 872, 873, 874]","[17, 18, 19, 20, 21, 22, 23, 156, 157, 158, 159, 160, 161, 162, 163, 164, 165, 166, 167, 341, 342, 343, 344, 345, 412, 413, 414, 415, 416, 417, 418, 419, 420, 421, 422, 502, 503, 504, 505, 506, 507, 628, 629, 630, 631, 632, 633, 634, 635, 636, 637, 638, 639, 792, 797, 798, 799, 800, 801, 863, 864, 865, 866, 867, 868, 869, 870, 871, 872, 873, 874]",7/6 successful match,True,"[370, 371, 372]",True,244,False,,1.0,True,Flying J Travel Plaza # 0500102,Flying J
B Wells ( 89835 ) Petro Wells # 392 ( Sinclair ),6 775-752-2000 I-80 Exit 352 ( US 93 N ),PETRO 24 XL 24 FOLD,Wells,89835,Petro Wells # 392 ( Sinclair ),775-752-2000,2014,Wells,NV,Sinclair,( US 93 N ),I-80 Exit 352 ,Exit,352,False,,False,I-80,,,,,"[372, 822]","[344, 346, 357, 372, 800, 812, 822]","[344, 346, 357, 372, 800, 812, 822]","[344, 357, 372, 800, 812, 822]","[338, 339, 340, 341, 342, 343, 344, 345, 346, 347, 348, 349, 350, 351, 352, 353, 354, 355, 356, 357, 358, 359, 360, 361, 362, 363, 364, 365, 366, 367, 368, 369, 370, 371, 372, 373, 374, 375, 376, 377, 378, 379, 380, 381, 382, 383, 384, 385, 386, 387, 388, 389, 390, 391, 392, 393, 394, 395, 396, 397, 794, 795, 796, 797, 798, 799, 800, 801, 802, 803, 804, 805, 806, 807, 808, 809, 810, 811, 812, 813, 814, 815, 816, 817, 818, 819, 820, 821, 822, 823, 824, 825, 826, 827, 828, 829, 830, 831, 832, 833, 834, 835, 836, 837, 838, 839, 840, 841, 842, 843, 844, 845, 846, 847]","[89, 108, 172, 217, 221, 239, 264, 280, 321, 342, 343, 344, 345, 346, 349, 351, 352, 355, 357, 359, 364, 368, 371, 372, 373, 374, 376, 377, 387, 392, 393, 403, 409, 411, 414, 424, 430, 449, 454, 470, 480, 560, 584, 643, 685, 703, 724, 739, 779, 798, 799, 800, 801, 804, 806, 807, 810, 812, 814, 816, 821, 822, 823, 824, 826, 827, 837, 842, 843, 852, 859, 862, 865, 869, 876, 882, 897, 901, 917, 932]","[31, 142, 147, 180, 338, 352, 367, 387, 403, 405, 408, 410, 455, 465, 466, 468, 470, 472, 473, 483, 484, 514, 613, 618, 651, 794, 807, 837, 852, 854, 858, 861, 902, 912, 913, 915, 917, 919, 920, 931, 934, 935]","[31, 63, 64, 142, 147, 180, 207, 240, 241, 242, 243, 338, 352, 367, 370, 371, 372, 387, 403, 405, 408, 410, 455, 465, 466, 468, 470, 472, 473, 483, 484, 514, 537, 538, 613, 618, 651, 677, 704, 705, 706, 707, 794, 807, 820, 821, 822, 837, 852, 854, 858, 861, 902, 912, 913, 915, 917, 919, 920, 931, 934, 935]","[514, 876, 537, 538, 31, 560, 63, 64, 584, 321, 89, 613, 618, 108, 643, 651, 142, 147, 677, 172, 685, 882, 180, 703, 852, 704, 705, 706, 707, 854, 207, 724, 217, 221, 858, 859, 739, 861, 239, 240, 862, 241, 242, 243, 865, 264, 779, 869, 280, 794, 795, 796, 797, 798, 799, 800, 801, 802, 803, 804, 805, 806, 807, 808, 809, 810, 811, 812, 813, 814, 815, 816, 817, 818, 819, 820, 821, 822, 823, 824, 825, 826, 827, 828, 829, 830, 831, 832, 833, 834, 835, 836, 837, 838, 839, 840, 841, 842, 843, 844, 845, 846, 847, 338, 339, 340, 341, 342, 343, 344, 345, 346, 347, 348, 349, 350, 351, 352, 353, 354, 355, 356, 357, 358, 359, 360, 361, 362, 363, 364, 365, 366, 367, 368, 369, 370, 371, 372, 373, 374, 375, 376, 377, 378, 379, 380, 381, 382, 383, 384, 385, 386, 387, 388, 389, 390, 391, 392, 393, 394, 395, 396, 397, 901, 902, 912, 913, 403, 915, 917, 405, 919, 408, 409, 410, 411, 920, 414, 897, 931, 932, 934, 935, 424, 430, 449, 454, 455, 465, 466, 468, 470, 472, 473, 480, 483, 484]",True,"[344, 346, 357, 372, 800, 812, 822]","[338, 339, 340, 341, 342, 343, 344, 345, 346, 347, 348, 349, 350, 351, 352, 353, 354, 355, 356, 357, 358, 359, 360, 361, 362, 363, 364, 365, 366, 367, 368, 369, 370, 371, 372, 373, 374, 375, 376, 377, 378, 379, 380, 381, 382, 383, 384, 385, 386, 387, 388, 389, 390, 391, 392, 393, 394, 395, 396, 397, 794, 795, 796, 797, 798, 799, 800, 801, 802, 803, 804, 805, 806, 807, 808, 809, 810, 811, 812, 813, 814, 815, 816, 817, 818, 819, 820, 821, 822, 823, 824, 825, 826, 827, 828, 829, 830, 831, 832, 833, 834, 835, 836, 837, 838, 839, 840, 841, 842, 843, 844, 845, 846, 847]","[344, 346, 357, 372, 800, 812, 822]","[344, 357, 372, 800, 812, 822]","[89, 108, 172, 217, 221, 239, 264, 280, 321, 342, 343, 344, 345, 346, 349, 351, 352, 355, 357, 359, 364, 368, 371, 372, 373, 374, 376, 377, 387, 392, 393, 403, 409, 411, 414, 424, 430, 449, 454, 470, 480, 560, 584, 643, 685, 703, 724, 739, 779, 798, 799, 800, 801, 804, 806, 807, 810, 812, 814, 816, 821, 822, 823, 824, 826, 827, 837, 842, 843, 852, 859, 862, 865, 869, 876, 882, 897, 901, 917, 932]","[31, 63, 64, 142, 147, 180, 207, 240, 241, 242, 243, 338, 352, 367, 370, 371, 372, 387, 403, 405, 408, 410, 455, 465, 466, 468, 470, 472, 473, 483, 484, 514, 537, 538, 613, 618, 651, 677, 704, 705, 706, 707, 794, 807, 820, 821, 822, 837, 852, 854, 858, 861, 902, 912, 913, 915, 917, 919, 920, 931, 934, 935]","[31, 142, 147, 180, 338, 352, 367, 387, 403, 405, 408, 410, 455, 465, 466, 468, 470, 472, 473, 483, 484, 514, 613, 618, 651, 794, 807, 837, 852, 854, 858, 861, 902, 912, 913, 915, 917, 919, 920, 931, 934, 935]",6/6 successful match,True,"[370, 371, 372]",True,244,True,2014,0.14754098360655737,False,Flying J Travel Plaza # 0500102,Flying J
B Wells ( 89835 ) Petro Wells # 392 ( Sinclair ) PETRO,775-752-2000 I-80 Exit 352 ( US 93 N ),24 <U+25A1> XL <U+2610>,Wells,89835,Petro Wells # 392 ( Sinclair ) PETRO,775-752-2000,2015,Wells,NV,Sinclair,( US 93 N ),I-80 Exit 352 ,Exit,352,False,,False,I-80,,,,,"[372, 822]","[344, 346, 357, 372, 800, 812, 822]","[344, 346, 357, 372, 800, 812, 822]","[344, 357, 372, 800, 812, 822]","[338, 339, 340, 341, 342, 343, 344, 345, 346, 347, 348, 349, 350, 351, 352, 353, 354, 355, 356, 357, 358, 359, 360, 361, 362, 363, 364, 365, 366, 367, 368, 369, 370, 371, 372, 373, 374, 375, 376, 377, 378, 379, 380, 381, 382, 383, 384, 385, 386, 387, 388, 389, 390, 391, 392, 393, 394, 395, 396, 397, 794, 795, 796, 797, 798, 799, 800, 801, 802, 803, 804, 805, 806, 807, 808, 809, 810, 811, 812, 813, 814, 815, 816, 817, 818, 819, 820, 821, 822, 823, 824, 825, 826, 827, 828, 829, 830, 831, 832, 833, 834, 835, 836, 837, 838, 839, 840, 841, 842, 843, 844, 845, 846, 847]","[89, 108, 172, 217, 221, 239, 264, 280, 321, 342, 343, 344, 345, 346, 349, 351, 352, 355, 357, 359, 364, 368, 371, 372, 373, 374, 376, 377, 387, 392, 393, 403, 409, 411, 414, 424, 430, 449, 454, 470, 480, 560, 584, 643, 685, 703, 724, 739, 779, 798, 799, 800, 801, 804, 806, 807, 810, 812, 814, 816, 821, 822, 823, 824, 826, 827, 837, 842, 843, 852, 859, 862, 865, 869, 876, 882, 897, 901, 917, 932]","[31, 142, 147, 180, 338, 352, 367, 387, 403, 405, 408, 410, 455, 465, 466, 468, 470, 472, 473, 483, 484, 514, 613, 618, 651, 794, 807, 837, 852, 854, 858, 861, 902, 912, 913, 915, 917, 919, 920, 931, 934, 935]","[31, 63, 64, 142, 147, 180, 207, 240, 241, 242, 243, 338, 352, 367, 370, 371, 372, 387, 403, 405, 408, 410, 455, 465, 466, 468, 470, 472, 473, 483, 484, 514, 537, 538, 613, 618, 651, 677, 704, 705, 706, 707, 794, 807, 820, 821, 822, 837, 852, 854, 858, 861, 902, 912, 913, 915, 917, 919, 920, 931, 934, 935]","[514, 876, 537, 538, 31, 560, 63, 64, 584, 321, 89, 613, 618, 108, 643, 651, 142, 147, 677, 172, 685, 882, 180, 703, 852, 704, 705, 706, 707, 854, 207, 724, 217, 221, 858, 859, 739, 861, 239, 240, 862, 241, 242, 243, 865, 264, 779, 869, 280, 794, 795, 796, 797, 798, 799, 800, 801, 802, 803, 804, 805, 806, 807, 808, 809, 810, 811, 812, 813, 814, 815, 816, 817, 818, 819, 820, 821, 822, 823, 824, 825, 826, 827, 828, 829, 830, 831, 832, 833, 834, 835, 836, 837, 838, 839, 840, 841, 842, 843, 844, 845, 846, 847, 338, 339, 340, 341, 342, 343, 344, 345, 346, 347, 348, 349, 350, 351, 352, 353, 354, 355, 356, 357, 358, 359, 360, 361, 362, 363, 364, 365, 366, 367, 368, 369, 370, 371, 372, 373, 374, 375, 376, 377, 378, 379, 380, 381, 382, 383, 384, 385, 386, 387, 388, 389, 390, 391, 392, 393, 394, 395, 396, 397, 901, 902, 912, 913, 403, 915, 917, 405, 919, 408, 409, 410, 411, 920, 414, 897, 931, 932, 934, 935, 424, 430, 449, 454, 455, 465, 466, 468, 470, 472, 473, 480, 483, 484]",True,"[344, 346, 357, 372, 800, 812, 822]","[338, 339, 340, 341, 342, 343, 344, 345, 346, 347, 348, 349, 350, 351, 352, 353, 354, 355, 356, 357, 358, 359, 360, 361, 362, 363, 364, 365, 366, 367, 368, 369, 370, 371, 372, 373, 374, 375, 376, 377, 378, 379, 380, 381, 382, 383, 384, 385, 386, 387, 388, 389, 390, 391, 392, 393, 394, 395, 396, 397, 794, 795, 796, 797, 798, 799, 800, 801, 802, 803, 804, 805, 806, 807, 808, 809, 810, 811, 812, 813, 814, 815, 816, 817, 818, 819, 820, 821, 822, 823, 824, 825, 826, 827, 828, 829, 830, 831, 832, 833, 834, 835, 836, 837, 838, 839, 840, 841, 842, 843, 844, 845, 846, 847]","[344, 346, 357, 372, 800, 812, 822]","[344, 357, 372, 800, 812, 822]","[89, 108, 172, 217, 221, 239, 264, 280, 321, 342, 343, 344, 345, 346, 349, 351, 352, 355, 357, 359, 364, 368, 371, 372, 373, 374, 376, 377, 387, 392, 393, 403, 409, 411, 414, 424, 430, 449, 454, 470, 480, 560, 584, 643, 685, 703, 724, 739, 779, 798, 799, 800, 801, 804, 806, 807, 810, 812, 814, 816, 821, 822, 823, 824, 826, 827, 837, 842, 843, 852, 859, 862, 865, 869, 876, 882, 897, 901, 917, 932]","[31, 63, 64, 142, 147, 180, 207, 240, 241, 242, 243, 338, 352, 367, 370, 371, 372, 387, 403, 405, 408, 410, 455, 465, 466, 468, 470, 472, 473, 483, 484, 514, 537, 538, 613, 618, 651, 677, 704, 705, 706, 707, 794, 807, 820, 821, 822, 837, 852, 854, 858, 861, 902, 912, 913, 915, 917, 919, 920, 931, 934, 935]","[31, 142, 147, 180, 338, 352, 367, 387, 403, 405, 408, 410, 455, 465, 466, 468, 470, 472, 473, 483, 484, 514, 613, 618, 651, 794, 807, 837, 852, 854, 858, 861, 902, 912, 913, 915, 917, 919, 920, 931, 934, 935]",6/6 successful match,True,"[370, 371, 372]",True,244,False,,1.0,True,Petro Wells # 392 ( Sinclair ),Sinclair
Wells ( 89835 ) Petro Wells # 392 ( Sinclair ),16775-752-2000 I-80 Exit 352 ( US 93 N ),PETRO 24 ARG XL <U+25A1>,Wells,89835,Petro Wells # 392 ( Sinclair ),775-752-2000,2016,Wells,NV,Sinclair,( US 93 N ),I-80 Exit 352 ,Exit,352,False,,False,I-80,,,,,"[372, 822]","[344, 346, 357, 372, 800, 812, 822]","[344, 346, 357, 372, 800, 812, 822]","[344, 357, 372, 800, 812, 822]","[338, 339, 340, 341, 342, 343, 344, 345, 346, 347, 348, 349, 350, 351, 352, 353, 354, 355, 356, 357, 358, 359, 360, 361, 362, 363, 364, 365, 366, 367, 368, 369, 370, 371, 372, 373, 374, 375, 376, 377, 378, 379, 380, 381, 382, 383, 384, 385, 386, 387, 388, 389, 390, 391, 392, 393, 394, 395, 396, 397, 794, 795, 796, 797, 798, 799, 800, 801, 802, 803, 804, 805, 806, 807, 808, 809, 810, 811, 812, 813, 814, 815, 816, 817, 818, 819, 820, 821, 822, 823, 824, 825, 826, 827, 828, 829, 830, 831, 832, 833, 834, 835, 836, 837, 838, 839, 840, 841, 842, 843, 844, 845, 846, 847]","[89, 108, 172, 217, 221, 239, 264, 280, 321, 342, 343, 344, 345, 346, 349, 351, 352, 355, 357, 359, 364, 368, 371, 372, 373, 374, 376, 377, 387, 392, 393, 403, 409, 411, 414, 424, 430, 449, 454, 470, 480, 560, 584, 643, 685, 703, 724, 739, 779, 798, 799, 800, 801, 804, 806, 807, 810, 812, 814, 816, 821, 822, 823, 824, 826, 827, 837, 842, 843, 852, 859, 862, 865, 869, 876, 882, 897, 901, 917, 932]","[31, 142, 147, 180, 338, 352, 367, 387, 403, 405, 408, 410, 455, 465, 466, 468, 470, 472, 473, 483, 484, 514, 613, 618, 651, 794, 807, 837, 852, 854, 858, 861, 902, 912, 913, 915, 917, 919, 920, 931, 934, 935]","[31, 63, 64, 142, 147, 180, 207, 240, 241, 242, 243, 338, 352, 367, 370, 371, 372, 387, 403, 405, 408, 410, 455, 465, 466, 468, 470, 472, 473, 483, 484, 514, 537, 538, 613, 618, 651, 677, 704, 705, 706, 707, 794, 807, 820, 821, 822, 837, 852, 854, 858, 861, 902, 912, 913, 915, 917, 919, 920, 931, 934, 935]","[514, 876, 537, 538, 31, 560, 63, 64, 584, 321, 89, 613, 618, 108, 643, 651, 142, 147, 677, 172, 685, 882, 180, 703, 852, 704, 705, 706, 707, 854, 207, 724, 217, 221, 858, 859, 739, 861, 239, 240, 862, 241, 242, 243, 865, 264, 779, 869, 280, 794, 795, 796, 797, 798, 799, 800, 801, 802, 803, 804, 805, 806, 807, 808, 809, 810, 811, 812, 813, 814, 815, 816, 817, 818, 819, 820, 821, 822, 823, 824, 825, 826, 827, 828, 829, 830, 831, 832, 833, 834, 835, 836, 837, 838, 839, 840, 841, 842, 843, 844, 845, 846, 847, 338, 339, 340, 341, 342, 343, 344, 345, 346, 347, 348, 349, 350, 351, 352, 353, 354, 355, 356, 357, 358, 359, 360, 361, 362, 363, 364, 365, 366, 367, 368, 369, 370, 371, 372, 373, 374, 375, 376, 377, 378, 379, 380, 381, 382, 383, 384, 385, 386, 387, 388, 389, 390, 391, 392, 393, 394, 395, 396, 397, 901, 902, 912, 913, 403, 915, 917, 405, 919, 408, 409, 410, 411, 920, 414, 897, 931, 932, 934, 935, 424, 430, 449, 454, 455, 465, 466, 468, 470, 472, 473, 480, 483, 484]",True,"[344, 346, 357, 372, 800, 812, 822]","[338, 339, 340, 341, 342, 343, 344, 345, 346, 347, 348, 349, 350, 351, 352, 353, 354, 355, 356, 357, 358, 359, 360, 361, 362, 363, 364, 365, 366, 367, 368, 369, 370, 371, 372, 373, 374, 375, 376, 377, 378, 379, 380, 381, 382, 383, 384, 385, 386, 387, 388, 389, 390, 391, 392, 393, 394, 395, 396, 397, 794, 795, 796, 797, 798, 799, 800, 801, 802, 803, 804, 805, 806, 807, 808, 809, 810, 811, 812, 813, 814, 815, 816, 817, 818, 819, 820, 821, 822, 823, 824, 825, 826, 827, 828, 829, 830, 831, 832, 833, 834, 835, 836, 837, 838, 839, 840, 841, 842, 843, 844, 845, 846, 847]","[344, 346, 357, 372, 800, 812, 822]","[344, 357, 372, 800, 812, 822]","[89, 108, 172, 217, 221, 239, 264, 280, 321, 342, 343, 344, 345, 346, 349, 351, 352, 355, 357, 359, 364, 368, 371, 372, 373, 374, 376, 377, 387, 392, 393, 403, 409, 411, 414, 424, 430, 449, 454, 470, 480, 560, 584, 643, 685, 703, 724, 739, 779, 798, 799, 800, 801, 804, 806, 807, 810, 812, 814, 816, 821, 822, 823, 824, 826, 827, 837, 842, 843, 852, 859, 862, 865, 869, 876, 882, 897, 901, 917, 932]","[31, 63, 64, 142, 147, 180, 207, 240, 241, 242, 243, 338, 352, 367, 370, 371, 372, 387, 403, 405, 408, 410, 455, 465, 466, 468, 470, 472, 473, 483, 484, 514, 537, 538, 613, 618, 651, 677, 704, 705, 706, 707, 794, 807, 820, 821, 822, 837, 852, 854, 858, 861, 902, 912, 913, 915, 917, 919, 920, 931, 934, 935]","[31, 142, 147, 180, 338, 352, 367, 387, 403, 405, 408, 410, 455, 465, 466, 468, 470, 472, 473, 483, 484, 514, 613, 618, 651, 794, 807, 837, 852, 854, 858, 861, 902, 912, 913, 915, 917, 919, 920, 931, 934, 935]",6/6 successful match,True,"[370, 371, 372]",True,244,False,,1.0,True,Petro Wells # 392 ( Sinclair ) PETRO,Sinclair
"Wells , 89835 Plaza # 0500068",775-752-2400 Flying I-80 Exit J Travel 352 ( US 93 S ) #,L O O,Wells,89835,Plaza # 0500068,775-752-2400,2006,Wells,NV,,( US 93 S ) #,Flying I-80 Exit J Travel 352 ,Exit,,True,unclear address_standardized_OFF_parenthesis,True,I-80,,,,,"[344, 800]","[344, 346, 357, 372, 800, 812, 822]","[344, 346, 357, 372, 800, 812, 822]",[],"[338, 339, 340, 341, 342, 343, 344, 345, 346, 347, 348, 349, 350, 351, 352, 353, 354, 355, 356, 357, 358, 359, 360, 361, 362, 363, 364, 365, 366, 367, 368, 369, 370, 371, 372, 373, 374, 375, 376, 377, 378, 379, 380, 381, 382, 383, 384, 385, 386, 387, 388, 389, 390, 391, 392, 393, 394, 395, 396, 397, 794, 795, 796, 797, 798, 799, 800, 801, 802, 803, 804, 805, 806, 807, 808, 809, 810, 811, 812, 813, 814, 815, 816, 817, 818, 819, 820, 821, 822, 823, 824, 825, 826, 827, 828, 829, 830, 831, 832, 833, 834, 835, 836, 837, 838, 839, 840, 841, 842, 843, 844, 845, 846, 847]","[89, 108, 172, 217, 221, 239, 264, 280, 321, 342, 343, 344, 345, 346, 349, 351, 352, 355, 357, 359, 364, 368, 371, 372, 373, 374, 376, 377, 387, 392, 393, 403, 409, 411, 414, 424, 430, 449, 454, 470, 480, 560, 584, 643, 685, 703, 724, 739, 779, 798, 799, 800, 801, 804, 806, 807, 810, 812, 814, 816, 821, 822, 823, 824, 826, 827, 837, 842, 843, 852, 859, 862, 865, 869, 876, 882, 897, 901, 917, 932]",[],[],"[876, 560, 584, 321, 89, 108, 643, 172, 685, 882, 703, 852, 724, 217, 221, 859, 739, 239, 862, 865, 264, 779, 869, 280, 794, 795, 796, 797, 798, 799, 800, 801, 802, 803, 804, 805, 806, 807, 808, 809, 810, 811, 812, 813, 814, 815, 816, 817, 818, 819, 820, 821, 822, 823, 824, 825, 826, 827, 828, 829, 830, 831, 832, 833, 834, 835, 836, 837, 838, 839, 840, 841, 842, 843, 844, 845, 846, 847, 338, 339, 340, 341, 342, 343, 344, 345, 346, 347, 348, 349, 350, 351, 352, 353, 354, 355, 356, 357, 358, 359, 360, 361, 362, 363, 364, 365, 366, 367, 368, 369, 370, 371, 372, 373, 374, 375, 376, 377, 378, 379, 380, 381, 382, 383, 384, 385, 386, 387, 388, 389, 390, 391, 392, 393, 394, 395, 396, 397, 901, 403, 917, 409, 411, 414, 897, 932, 424, 430, 449, 454, 470, 480]",True,"[344, 346, 357, 372, 800, 812, 822]","[338, 339, 340, 341, 342, 343, 344, 345, 346, 347, 348, 349, 350, 351, 352, 353, 354, 355, 356, 357, 358, 359, 360, 361, 362, 363, 364, 365, 366, 367, 368, 369, 370, 371, 372, 373, 374, 375, 376, 377, 378, 379, 380, 381, 382, 383, 384, 385, 386, 387, 388, 389, 390, 391, 392, 393, 394, 395, 396, 397, 794, 795, 796, 797, 798, 799, 800, 801, 802, 803, 804, 805, 806, 807, 808, 809, 810, 811, 812, 813, 814, 815, 816, 817, 818, 819, 820, 821, 822, 823, 824, 825, 826, 827, 828, 829, 830, 831, 832, 833, 834, 835, 836, 837, 838, 839, 840, 841, 842, 843, 844, 845, 846, 847]","[344, 346, 357, 372, 800, 812, 822]",[],"[89, 108, 172, 217, 221, 239, 264, 280, 321, 342, 343, 344, 345, 346, 349, 351, 352, 355, 357, 359, 364, 368, 371, 372, 373, 374, 376, 377, 387, 392, 393, 403, 409, 411, 414, 424, 430, 449, 454, 470, 480, 560, 584, 643, 685, 703, 724, 739, 779, 798, 799, 800, 801, 804, 806, 807, 810, 812, 814, 816, 821, 822, 823, 824, 826, 827, 837, 842, 843, 852, 859, 862, 865, 869, 876, 882, 897, 901, 917, 932]",[],[],7/6 successful match,True,[9],True,245,False,,,,,
"Wells , 89835 Flying J Travel Plaza # 0500068",775-752-2400 I-80 Exit 352 ( US 93 S ),24 HRS <U+2610>,Wells,89835,Flying J Travel Plaza # 0500068,775-752-2400,2007,Wells,NV,Flying J,( US 93 S ),I-80 Exit 352 ,Exit,352,False,,False,I-80,,,,,"[344, 800]","[344, 346, 357, 372, 800, 812, 822]","[344, 346, 357, 372, 800, 812, 822]","[344, 357, 372, 800, 812, 822]","[338, 339, 340, 341, 342, 343, 344, 345, 346, 347, 348, 349, 350, 351, 352, 353, 354, 355, 356, 357, 358, 359, 360, 361, 362, 363, 364, 365, 366, 367, 368, 369, 370, 371, 372, 373, 374, 375, 376, 377, 378, 379, 380, 381, 382, 383, 384, 385, 386, 387, 388, 389, 390, 391, 392, 393, 394, 395, 396, 397, 794, 795, 796, 797, 798, 799, 800, 801, 802, 803, 804, 805, 806, 807, 808, 809, 810, 811, 812, 813, 814, 815, 816, 817, 818, 819, 820, 821, 822, 823, 824, 825, 826, 827, 828, 829, 830, 831, 832, 833, 834, 835, 836, 837, 838, 839, 840, 841, 842, 843, 844, 845, 846, 847]","[89, 108, 172, 217, 221, 239, 264, 280, 321, 342, 343, 344, 345, 346, 349, 351, 352, 355, 357, 359, 364, 368, 371, 372, 373, 374, 376, 377, 387, 392, 393, 403, 409, 411, 414, 424, 430, 449, 454, 470, 480, 560, 584, 643, 685, 703, 724, 739, 779, 798, 799, 800, 801, 804, 806, 807, 810, 812, 814, 816, 821, 822, 823, 824, 826, 827, 837, 842, 843, 852, 859, 862, 865, 869, 876, 882, 897, 901, 917, 932]","[17, 18, 19, 20, 21, 22, 23, 156, 157, 158, 159, 160, 161, 162, 163, 164, 165, 166, 167, 341, 342, 343, 344, 345, 412, 413, 414, 415, 416, 417, 418, 419, 420, 421, 422, 502, 503, 504, 505, 506, 507, 628, 629, 630, 631, 632, 633, 634, 635, 636, 637, 638, 639, 792, 797, 798, 799, 800, 801, 863, 864, 865, 866, 867, 868, 869, 870, 871, 872, 873, 874]","[17, 18, 19, 20, 21, 22, 23, 156, 157, 158, 159, 160, 161, 162, 163, 164, 165, 166, 167, 168, 340, 341, 342, 343, 344, 345, 346, 412, 413, 414, 415, 416, 417, 418, 419, 420, 421, 422, 502, 503, 504, 505, 506, 507, 628, 629, 630, 631, 632, 633, 634, 635, 636, 637, 638, 639, 792, 796, 797, 798, 799, 800, 801, 863, 864, 865, 866, 867, 868, 869, 870, 871, 872, 873, 874]","[871, 17, 18, 19, 20, 21, 22, 23, 876, 560, 584, 321, 89, 108, 628, 629, 630, 631, 632, 633, 634, 635, 636, 637, 638, 639, 643, 156, 157, 158, 159, 160, 161, 162, 163, 164, 165, 166, 167, 168, 172, 685, 882, 703, 852, 724, 217, 221, 859, 739, 239, 862, 863, 864, 865, 866, 264, 779, 867, 868, 869, 280, 792, 794, 795, 796, 797, 798, 799, 800, 801, 802, 803, 804, 805, 806, 807, 808, 809, 810, 811, 812, 813, 814, 815, 816, 817, 818, 819, 820, 821, 822, 823, 824, 825, 826, 827, 828, 829, 830, 831, 832, 833, 834, 835, 836, 837, 838, 839, 840, 841, 842, 843, 844, 845, 846, 847, 338, 339, 340, 341, 342, 343, 344, 345, 346, 347, 348, 349, 350, 351, 352, 353, 354, 355, 356, 357, 358, 359, 360, 361, 362, 363, 364, 365, 366, 367, 368, 369, 370, 371, 372, 373, 374, 375, 376, 377, 378, 379, 380, 381, 382, 383, 384, 385, 386, 387, 388, 389, 390, 391, 392, 393, 394, 395, 396, 397, 901, 870, 403, 917, 409, 411, 412, 413, 414, 415, 416, 417, 897, 418, 932, 419, 420, 421, 424, 422, 430, 872, 449, 454, 873, 470, 480, 874, 502, 503, 504, 505, 506, 507]",True,"[344, 346, 357, 372, 800, 812, 822]","[338, 339, 340, 341, 342, 343, 344, 345, 346, 347, 348, 349, 350, 351, 352, 353, 354, 355, 356, 357, 358, 359, 360, 361, 362, 363, 364, 365, 366, 367, 368, 369, 370, 371, 372, 373, 374, 375, 376, 377, 378, 379, 380, 381, 382, 383, 384, 385, 386, 387, 388, 389, 390, 391, 392, 393, 394, 395, 396, 397, 794, 795, 796, 797, 798, 799, 800, 801, 802, 803, 804, 805, 806, 807, 808, 809, 810, 811, 812, 813, 814, 815, 816, 817, 818, 819, 820, 821, 822, 823, 824, 825, 826, 827, 828, 829, 830, 831, 832, 833, 834, 835, 836, 837, 838, 839, 840, 841, 842, 843, 844, 845, 846, 847]","[344, 346, 357, 372, 800, 812, 822]","[344, 357, 372, 800, 812, 822]","[89, 108, 172, 217, 221, 239, 264, 280, 321, 342, 343, 344, 345, 346, 349, 351, 352, 355, 357, 359, 364, 368, 371, 372, 373, 374, 376, 377, 387, 392, 393, 403, 409, 411, 414, 424, 430, 449, 454, 470, 480, 560, 584, 643, 685, 703, 724, 739, 779, 798, 799, 800, 801, 804, 806, 807, 810, 812, 814, 816, 821, 822, 823, 824, 826, 827, 837, 842, 843, 852, 859, 862, 865, 869, 876, 882, 897, 901, 917, 932]","[17, 18, 19, 20, 21, 22, 23, 156, 157, 158, 159, 160, 161, 162, 163, 164, 165, 166, 167, 168, 340, 341, 342, 343, 344, 345, 346, 412, 413, 414, 415, 416, 417, 418, 419, 420, 421, 422, 502, 503, 504, 505, 506, 507, 628, 629, 630, 631, 632, 633, 634, 635, 636, 637, 638, 639, 792, 796, 797, 798, 799, 800, 801, 863, 864, 865, 866, 867, 868, 869, 870, 871, 872, 873, 874]","[17, 18, 19, 20, 21, 22, 23, 156, 157, 158, 159, 160, 161, 162, 163, 164, 165, 166, 167, 341, 342, 343, 344, 345, 412, 413, 414, 415, 416, 417, 418, 419, 420, 421, 422, 502, 503, 504, 505, 506, 507, 628, 629, 630, 631, 632, 633, 634, 635, 636, 637, 638, 639, 792, 797, 798, 799, 800, 801, 863, 864, 865, 866, 867, 868, 869, 870, 871, 872, 873, 874]",7/6 successful match,True,[9],True,245,False,,0.5956521739130436,True,Plaza # 0500068,
"Wells , 89835 Flying J Travel Plaza # 0500068",6 775-752-2400 I-80 Exit 352 ( US 93 S ),24 <U+2610> <U+2610> <U+2610> <U+2610> <U+2610> <U+2610>,Wells,89835,Flying J Travel Plaza # 0500068,775-752-2400,2008,Wells,NV,Flying J,( US 93 S ),I-80 Exit 352 ,Exit,352,False,,False,I-80,,,,,"[344, 800]","[344, 346, 357, 372, 800, 812, 822]","[344, 346, 357, 372, 800, 812, 822]","[344, 357, 372, 800, 812, 822]","[338, 339, 340, 341, 342, 343, 344, 345, 346, 347, 348, 349, 350, 351, 352, 353, 354, 355, 356, 357, 358, 359, 360, 361, 362, 363, 364, 365, 366, 367, 368, 369, 370, 371, 372, 373, 374, 375, 376, 377, 378, 379, 380, 381, 382, 383, 384, 385, 386, 387, 388, 389, 390, 391, 392, 393, 394, 395, 396, 397, 794, 795, 796, 797, 798, 799, 800, 801, 802, 803, 804, 805, 806, 807, 808, 809, 810, 811, 812, 813, 814, 815, 816, 817, 818, 819, 820, 821, 822, 823, 824, 825, 826, 827, 828, 829, 830, 831, 832, 833, 834, 835, 836, 837, 838, 839, 840, 841, 842, 843, 844, 845, 846, 847]","[89, 108, 172, 217, 221, 239, 264, 280, 321, 342, 343, 344, 345, 346, 349, 351, 352, 355, 357, 359, 364, 368, 371, 372, 373, 374, 376, 377, 387, 392, 393, 403, 409, 411, 414, 424, 430, 449, 454, 470, 480, 560, 584, 643, 685, 703, 724, 739, 779, 798, 799, 800, 801, 804, 806, 807, 810, 812, 814, 816, 821, 822, 823, 824, 826, 827, 837, 842, 843, 852, 859, 862, 865, 869, 876, 882, 897, 901, 917, 932]","[17, 18, 19, 20, 21, 22, 23, 156, 157, 158, 159, 160, 161, 162, 163, 164, 165, 166, 167, 341, 342, 343, 344, 345, 412, 413, 414, 415, 416, 417, 418, 419, 420, 421, 422, 502, 503, 504, 505, 506, 507, 628, 629, 630, 631, 632, 633, 634, 635, 636, 637, 638, 639, 792, 797, 798, 799, 800, 801, 863, 864, 865, 866, 867, 868, 869, 870, 871, 872, 873, 874]","[17, 18, 19, 20, 21, 22, 23, 156, 157, 158, 159, 160, 161, 162, 163, 164, 165, 166, 167, 168, 340, 341, 342, 343, 344, 345, 346, 412, 413, 414, 415, 416, 417, 418, 419, 420, 421, 422, 502, 503, 504, 505, 506, 507, 628, 629, 630, 631, 632, 633, 634, 635, 636, 637, 638, 639, 792, 796, 797, 798, 799, 800, 801, 863, 864, 865, 866, 867, 868, 869, 870, 871, 872, 873, 874]","[871, 17, 18, 19, 20, 21, 22, 23, 876, 560, 584, 321, 89, 108, 628, 629, 630, 631, 632, 633, 634, 635, 636, 637, 638, 639, 643, 156, 157, 158, 159, 160, 161, 162, 163, 164, 165, 166, 167, 168, 172, 685, 882, 703, 852, 724, 217, 221, 859, 739, 239, 862, 863, 864, 865, 866, 264, 779, 867, 868, 869, 280, 792, 794, 795, 796, 797, 798, 799, 800, 801, 802, 803, 804, 805, 806, 807, 808, 809, 810, 811, 812, 813, 814, 815, 816, 817, 818, 819, 820, 821, 822, 823, 824, 825, 826, 827, 828, 829, 830, 831, 832, 833, 834, 835, 836, 837, 838, 839, 840, 841, 842, 843, 844, 845, 846, 847, 338, 339, 340, 341, 342, 343, 344, 345, 346, 347, 348, 349, 350, 351, 352, 353, 354, 355, 356, 357, 358, 359, 360, 361, 362, 363, 364, 365, 366, 367, 368, 369, 370, 371, 372, 373, 374, 375, 376, 377, 378, 379, 380, 381, 382, 383, 384, 385, 386, 387, 388, 389, 390, 391, 392, 393, 394, 395, 396, 397, 901, 870, 403, 917, 409, 411, 412, 413, 414, 415, 416, 417, 897, 418, 932, 419, 420, 421, 424, 422, 430, 872, 449, 454, 873, 470, 480, 874, 502, 503, 504, 505, 506, 507]",True,"[344, 346, 357, 372, 800, 812, 822]","[338, 339, 340, 341, 342, 343, 344, 345, 346, 347, 348, 349, 350, 351, 352, 353, 354, 355, 356, 357, 358, 359, 360, 361, 362, 363, 364, 365, 366, 367, 368, 369, 370, 371, 372, 373, 374, 375, 376, 377, 378, 379, 380, 381, 382, 383, 384, 385, 386, 387, 388, 389, 390, 391, 392, 393, 394, 395, 396, 397, 794, 795, 796, 797, 798, 799, 800, 801, 802, 803, 804, 805, 806, 807, 808, 809, 810, 811, 812, 813, 814, 815, 816, 817, 818, 819, 820, 821, 822, 823, 824, 825, 826, 827, 828, 829, 830, 831, 832, 833, 834, 835, 836, 837, 838, 839, 840, 841, 842, 843, 844, 845, 846, 847]","[344, 346, 357, 372, 800, 812, 822]","[344, 357, 372, 800, 812, 822]","[89, 108, 172, 217, 221, 239, 264, 280, 321, 342, 343, 344, 345, 346, 349, 351, 352, 355, 357, 359, 364, 368, 371, 372, 373, 374, 376, 377, 387, 392, 393, 403, 409, 411, 414, 424, 430, 449, 454, 470, 480, 560, 584, 643, 685, 703, 724, 739, 779, 798, 799, 800, 801, 804, 806, 807, 810, 812, 814, 816, 821, 822, 823, 824, 826, 827, 837, 842, 843, 852, 859, 862, 865, 869, 876, 882, 897, 901, 917, 932]","[17, 18, 19, 20, 21, 22, 23, 156, 157, 158, 159, 160, 161, 162, 163, 164, 165, 166, 167, 168, 340, 341, 342, 343, 344, 345, 346, 412, 413, 414, 415, 416, 417, 418, 419, 420, 421, 422, 502, 503, 504, 505, 506, 507, 628, 629, 630, 631, 632, 633, 634, 635, 636, 637, 638, 639, 792, 796, 797, 798, 799, 800, 801, 863, 864, 865, 866, 867, 868, 869, 870, 871, 872, 873, 874]","[17, 18, 19, 20, 21, 22, 23, 156, 157, 158, 159, 160, 161, 162, 163, 164, 165, 166, 167, 341, 342, 343, 344, 345, 412, 413, 414, 415, 416, 417, 418, 419, 420, 421, 422, 502, 503, 504, 505, 506, 507, 628, 629, 630, 631, 632, 633, 634, 635, 636, 637, 638, 639, 792, 797, 798, 799, 800, 801, 863, 864, 865, 866, 867, 868, 869, 870, 871, 872, 873, 874]",7/6 successful match,True,[9],True,245,False,,1.0,True,Flying J Travel Plaza # 0500068,Flying J
B Wells ( 89835 ) Flying J Travel Plaza # 692,6 775-752-2400 I-80 Exit 352 ( US 93 S ),,Wells,89835,Flying J Travel Plaza # 692,775-752-2400,2014,Wells,NV,Flying J,( US 93 S ),I-80 Exit 352 ,Exit,352,False,,False,I-80,,,,,"[344, 800]","[344, 346, 357, 372, 800, 812, 822]","[344, 346, 357, 372, 800, 812, 822]","[344, 357, 372, 800, 812, 822]","[338, 339, 340, 341, 342, 343, 344, 345, 346, 347, 348, 349, 350, 351, 352, 353, 354, 355, 356, 357, 358, 359, 360, 361, 362, 363, 364, 365, 366, 367, 368, 369, 370, 371, 372, 373, 374, 375, 376, 377, 378, 379, 380, 381, 382, 383, 384, 385, 386, 387, 388, 389, 390, 391, 392, 393, 394, 395, 396, 397, 794, 795, 796, 797, 798, 799, 800, 801, 802, 803, 804, 805, 806, 807, 808, 809, 810, 811, 812, 813, 814, 815, 816, 817, 818, 819, 820, 821, 822, 823, 824, 825, 826, 827, 828, 829, 830, 831, 832, 833, 834, 835, 836, 837, 838, 839, 840, 841, 842, 843, 844, 845, 846, 847]","[89, 108, 172, 217, 221, 239, 264, 280, 321, 342, 343, 344, 345, 346, 349, 351, 352, 355, 357, 359, 364, 368, 371, 372, 373, 374, 376, 377, 387, 392, 393, 403, 409, 411, 414, 424, 430, 449, 454, 470, 480, 560, 584, 643, 685, 703, 724, 739, 779, 798, 799, 800, 801, 804, 806, 807, 810, 812, 814, 816, 821, 822, 823, 824, 826, 827, 837, 842, 843, 852, 859, 862, 865, 869, 876, 882, 897, 901, 917, 932]","[17, 18, 19, 20, 21, 22, 23, 156, 157, 158, 159, 160, 161, 162, 163, 164, 165, 166, 167, 341, 342, 343, 344, 345, 412, 413, 414, 415, 416, 417, 418, 419, 420, 421, 422, 502, 503, 504, 505, 506, 507, 628, 629, 630, 631, 632, 633, 634, 635, 636, 637, 638, 639, 792, 797, 798, 799, 800, 801, 863, 864, 865, 866, 867, 868, 869, 870, 871, 872, 873, 874]","[17, 18, 19, 20, 21, 22, 23, 156, 157, 158, 159, 160, 161, 162, 163, 164, 165, 166, 167, 168, 340, 341, 342, 343, 344, 345, 346, 412, 413, 414, 415, 416, 417, 418, 419, 420, 421, 422, 502, 503, 504, 505, 506, 507, 628, 629, 630, 631, 632, 633, 634, 635, 636, 637, 638, 639, 792, 796, 797, 798, 799, 800, 801, 863, 864, 865, 866, 867, 868, 869, 870, 871, 872, 873, 874]","[871, 17, 18, 19, 20, 21, 22, 23, 876, 560, 584, 321, 89, 108, 628, 629, 630, 631, 632, 633, 634, 635, 636, 637, 638, 639, 643, 156, 157, 158, 159, 160, 161, 162, 163, 164, 165, 166, 167, 168, 172, 685, 882, 703, 852, 724, 217, 221, 859, 739, 239, 862, 863, 864, 865, 866, 264, 779, 867, 868, 869, 280, 792, 794, 795, 796, 797, 798, 799, 800, 801, 802, 803, 804, 805, 806, 807, 808, 809, 810, 811, 812, 813, 814, 815, 816, 817, 818, 819, 820, 821, 822, 823, 824, 825, 826, 827, 828, 829, 830, 831, 832, 833, 834, 835, 836, 837, 838, 839, 840, 841, 842, 843, 844, 845, 846, 847, 338, 339, 340, 341, 342, 343, 344, 345, 346, 347, 348, 349, 350, 351, 352, 353, 354, 355, 356, 357, 358, 359, 360, 361, 362, 363, 364, 365, 366, 367, 368, 369, 370, 371, 372, 373, 374, 375, 376, 377, 378, 379, 380, 381, 382, 383, 384, 385, 386, 387, 388, 389, 390, 391, 392, 393, 394, 395, 396, 397, 901, 870, 403, 917, 409, 411, 412, 413, 414, 415, 416, 417, 897, 418, 932, 419, 420, 421, 424, 422, 430, 872, 449, 454, 873, 470, 480, 874, 502, 503, 504, 505, 506, 507]",True,"[344, 346, 357, 372, 800, 812, 822]","[338, 339, 340, 341, 342, 343, 344, 345, 346, 347, 348, 349, 350, 351, 352, 353, 354, 355, 356, 357, 358, 359, 360, 361, 362, 363, 364, 365, 366, 367, 368, 369, 370, 371, 372, 373, 374, 375, 376, 377, 378, 379, 380, 381, 382, 383, 384, 385, 386, 387, 388, 389, 390, 391, 392, 393, 394, 395, 396, 397, 794, 795, 796, 797, 798, 799, 800, 801, 802, 803, 804, 805, 806, 807, 808, 809, 810, 811, 812, 813, 814, 815, 816, 817, 818, 819, 820, 821, 822, 823, 824, 825, 826, 827, 828, 829, 830, 831, 832, 833, 834, 835, 836, 837, 838, 839, 840, 841, 842, 843, 844, 845, 846, 847]","[344, 346, 357, 372, 800, 812, 822]","[344, 357, 372, 800, 812, 822]","[89, 108, 172, 217, 221, 239, 264, 280, 321, 342, 343, 344, 345, 346, 349, 351, 352, 355, 357, 359, 364, 368, 371, 372, 373, 374, 376, 377, 387, 392, 393, 403, 409, 411, 414, 424, 430, 449, 454, 470, 480, 560, 584, 643, 685, 703, 724, 739, 779, 798, 799, 800, 801, 804, 806, 807, 810, 812, 814, 816, 821, 822, 823, 824, 826, 827, 837, 842, 843, 852, 859, 862, 865, 869, 876, 882, 897, 901, 917, 932]","[17, 18, 19, 20, 21, 22, 23, 156, 157, 158, 159, 160, 161, 162, 163, 164, 165, 166, 167, 168, 340, 341, 342, 343, 344, 345, 346, 412, 413, 414, 415, 416, 417, 418, 419, 420, 421, 422, 502, 503, 504, 505, 506, 507, 628, 629, 630, 631, 632, 633, 634, 635, 636, 637, 638, 639, 792, 796, 797, 798, 799, 800, 801, 863, 864, 865, 866, 867, 868, 869, 870, 871, 872, 873, 874]","[17, 18, 19, 20, 21, 22, 23, 156, 157, 158, 159, 160, 161, 162, 163, 164, 165, 166, 167, 341, 342, 343, 344, 345, 412, 413, 414, 415, 416, 417, 418, 419, 420, 421, 422, 502, 503, 504, 505, 506, 507, 628, 629, 630, 631, 632, 633, 634, 635, 636, 637, 638, 639, 792, 797, 798, 799, 800, 801, 863, 864, 865, 866, 867, 868, 869, 870, 871, 872, 873, 874]",7/6 successful match,True,[9],True,245,False,,0.5919540229885056,True,Flying J Travel Plaza # 0500068,Flying J
B Wells ( 89835 ) Flying J Travel Plaza # 692 FLYING J,6 775-752-2400 I-80 Exit 352 ( US 93 S ),J 24 XL,Wells,89835,Flying J Travel Plaza # 692 FLYING J,775-752-2400,2015,Wells,NV,Flying J,( US 93 S ),I-80 Exit 352 ,Exit,352,False,,False,I-80,,,,,"[344, 800]","[344, 346, 357, 372, 800, 812, 822]","[344, 346, 357, 372, 800, 812, 822]","[344, 357, 372, 800, 812, 822]","[338, 339, 340, 341, 342, 343, 344, 345, 346, 347, 348, 349, 350, 351, 352, 353, 354, 355, 356, 357, 358, 359, 360, 361, 362, 363, 364, 365, 366, 367, 368, 369, 370, 371, 372, 373, 374, 375, 376, 377, 378, 379, 380, 381, 382, 383, 384, 385, 386, 387, 388, 389, 390, 391, 392, 393, 394, 395, 396, 397, 794, 795, 796, 797, 798, 799, 800, 801, 802, 803, 804, 805, 806, 807, 808, 809, 810, 811, 812, 813, 814, 815, 816, 817, 818, 819, 820, 821, 822, 823, 824, 825, 826, 827, 828, 829, 830, 831, 832, 833, 834, 835, 836, 837, 838, 839, 840, 841, 842, 843, 844, 845, 846, 847]","[89, 108, 172, 217, 221, 239, 264, 280, 321, 342, 343, 344, 345, 346, 349, 351, 352, 355, 357, 359, 364, 368, 371, 372, 373, 374, 376, 377, 387, 392, 393, 403, 409, 411, 414, 424, 430, 449, 454, 470, 480, 560, 584, 643, 685, 703, 724, 739, 779, 798, 799, 800, 801, 804, 806, 807, 810, 812, 814, 816, 821, 822, 823, 824, 826, 827, 837, 842, 843, 852, 859, 862, 865, 869, 876, 882, 897, 901, 917, 932]","[17, 18, 19, 20, 21, 22, 23, 156, 157, 158, 159, 160, 161, 162, 163, 164, 165, 166, 167, 341, 342, 343, 344, 345, 412, 413, 414, 415, 416, 417, 418, 419, 420, 421, 422, 502, 503, 504, 505, 506, 507, 628, 629, 630, 631, 632, 633, 634, 635, 636, 637, 638, 639, 792, 797, 798, 799, 800, 801, 863, 864, 865, 866, 867, 868, 869, 870, 871, 872, 873, 874]","[17, 18, 19, 20, 21, 22, 23, 156, 157, 158, 159, 160, 161, 162, 163, 164, 165, 166, 167, 168, 340, 341, 342, 343, 344, 345, 346, 412, 413, 414, 415, 416, 417, 418, 419, 420, 421, 422, 502, 503, 504, 505, 506, 507, 628, 629, 630, 631, 632, 633, 634, 635, 636, 637, 638, 639, 792, 796, 797, 798, 799, 800, 801, 863, 864, 865, 866, 867, 868, 869, 870, 871, 872, 873, 874]","[871, 17, 18, 19, 20, 21, 22, 23, 876, 560, 584, 321, 89, 108, 628, 629, 630, 631, 632, 633, 634, 635, 636, 637, 638, 639, 643, 156, 157, 158, 159, 160, 161, 162, 163, 164, 165, 166, 167, 168, 172, 685, 882, 703, 852, 724, 217, 221, 859, 739, 239, 862, 863, 864, 865, 866, 264, 779, 867, 868, 869, 280, 792, 794, 795, 796, 797, 798, 799, 800, 801, 802, 803, 804, 805, 806, 807, 808, 809, 810, 811, 812, 813, 814, 815, 816, 817, 818, 819, 820, 821, 822, 823, 824, 825, 826, 827, 828, 829, 830, 831, 832, 833, 834, 835, 836, 837, 838, 839, 840, 841, 842, 843, 844, 845, 846, 847, 338, 339, 340, 341, 342, 343, 344, 345, 346, 347, 348, 349, 350, 351, 352, 353, 354, 355, 356, 357, 358, 359, 360, 361, 362, 363, 364, 365, 366, 367, 368, 369, 370, 371, 372, 373, 374, 375, 376, 377, 378, 379, 380, 381, 382, 383, 384, 385, 386, 387, 388, 389, 390, 391, 392, 393, 394, 395, 396, 397, 901, 870, 403, 917, 409, 411, 412, 413, 414, 415, 416, 417, 897, 418, 932, 419, 420, 421, 424, 422, 430, 872, 449, 454, 873, 470, 480, 874, 502, 503, 504, 505, 506, 507]",True,"[344, 346, 357, 372, 800, 812, 822]","[338, 339, 340, 341, 342, 343, 344, 345, 346, 347, 348, 349, 350, 351, 352, 353, 354, 355, 356, 357, 358, 359, 360, 361, 362, 363, 364, 365, 366, 367, 368, 369, 370, 371, 372, 373, 374, 375, 376, 377, 378, 379, 380, 381, 382, 383, 384, 385, 386, 387, 388, 389, 390, 391, 392, 393, 394, 395, 396, 397, 794, 795, 796, 797, 798, 799, 800, 801, 802, 803, 804, 805, 806, 807, 808, 809, 810, 811, 812, 813, 814, 815, 816, 817, 818, 819, 820, 821, 822, 823, 824, 825, 826, 827, 828, 829, 830, 831, 832, 833, 834, 835, 836, 837, 838, 839, 840, 841, 842, 843, 844, 845, 846, 847]","[344, 346, 357, 372, 800, 812, 822]","[344, 357, 372, 800, 812, 822]","[89, 108, 172, 217, 221, 239, 264, 280, 321, 342, 343, 344, 345, 346, 349, 351, 352, 355, 357, 359, 364, 368, 371, 372, 373, 374, 376, 377, 387, 392, 393, 403, 409, 411, 414, 424, 430, 449, 454, 470, 480, 560, 584, 643, 685, 703, 724, 739, 779, 798, 799, 800, 801, 804, 806, 807, 810, 812, 814, 816, 821, 822, 823, 824, 826, 827, 837, 842, 843, 852, 859, 862, 865, 869, 876, 882, 897, 901, 917, 932]","[17, 18, 19, 20, 21, 22, 23, 156, 157, 158, 159, 160, 161, 162, 163, 164, 165, 166, 167, 168, 340, 341, 342, 343, 344, 345, 346, 412, 413, 414, 415, 416, 417, 418, 419, 420, 421, 422, 502, 503, 504, 505, 506, 507, 628, 629, 630, 631, 632, 633, 634, 635, 636, 637, 638, 639, 792, 796, 797, 798, 799, 800, 801, 863, 864, 865, 866, 867, 868, 869, 870, 871, 872, 873, 874]","[17, 18, 19, 20, 21, 22, 23, 156, 157, 158, 159, 160, 161, 162, 163, 164, 165, 166, 167, 341, 342, 343, 344, 345, 412, 413, 414, 415, 416, 417, 418, 419, 420, 421, 422, 502, 503, 504, 505, 506, 507, 628, 629, 630, 631, 632, 633, 634, 635, 636, 637, 638, 639, 792, 797, 798, 799, 800, 801, 863, 864, 865, 866, 867, 868, 869, 870, 871, 872, 873, 874]",7/6 successful match,True,[9],True,245,False,,1.0,True,Flying J Travel Plaza # 692,Flying J
Wells ( 89835 ) Flying J Travel Plaza # 692,775-752-2400 I-80 Exit 352 ( US 93 S ),FLYING J 24 XL,Wells,89835,Flying J Travel Plaza # 692,775-752-2400,2016,Wells,NV,Flying J,( US 93 S ),I-80 Exit 352 ,Exit,352,False,,False,I-80,,,,,"[344, 800]","[344, 346, 357, 372, 800, 812, 822]","[344, 346, 357, 372, 800, 812, 822]","[344, 357, 372, 800, 812, 822]","[338, 339, 340, 341, 342, 343, 344, 345, 346, 347, 348, 349, 350, 351, 352, 353, 354, 355, 356, 357, 358, 359, 360, 361, 362, 363, 364, 365, 366, 367, 368, 369, 370, 371, 372, 373, 374, 375, 376, 377, 378, 379, 380, 381, 382, 383, 384, 385, 386, 387, 388, 389, 390, 391, 392, 393, 394, 395, 396, 397, 794, 795, 796, 797, 798, 799, 800, 801, 802, 803, 804, 805, 806, 807, 808, 809, 810, 811, 812, 813, 814, 815, 816, 817, 818, 819, 820, 821, 822, 823, 824, 825, 826, 827, 828, 829, 830, 831, 832, 833, 834, 835, 836, 837, 838, 839, 840, 841, 842, 843, 844, 845, 846, 847]","[89, 108, 172, 217, 221, 239, 264, 280, 321, 342, 343, 344, 345, 346, 349, 351, 352, 355, 357, 359, 364, 368, 371, 372, 373, 374, 376, 377, 387, 392, 393, 403, 409, 411, 414, 424, 430, 449, 454, 470, 480, 560, 584, 643, 685, 703, 724, 739, 779, 798, 799, 800, 801, 804, 806, 807, 810, 812, 814, 816, 821, 822, 823, 824, 826, 827, 837, 842, 843, 852, 859, 862, 865, 869, 876, 882, 897, 901, 917, 932]","[17, 18, 19, 20, 21, 22, 23, 156, 157, 158, 159, 160, 161, 162, 163, 164, 165, 166, 167, 341, 342, 343, 344, 345, 412, 413, 414, 415, 416, 417, 418, 419, 420, 421, 422, 502, 503, 504, 505, 506, 507, 628, 629, 630, 631, 632, 633, 634, 635, 636, 637, 638, 639, 792, 797, 798, 799, 800, 801, 863, 864, 865, 866, 867, 868, 869, 870, 871, 872, 873, 874]","[17, 18, 19, 20, 21, 22, 23, 156, 157, 158, 159, 160, 161, 162, 163, 164, 165, 166, 167, 168, 340, 341, 342, 343, 344, 345, 346, 412, 413, 414, 415, 416, 417, 418, 419, 420, 421, 422, 502, 503, 504, 505, 506, 507, 628, 629, 630, 631, 632, 633, 634, 635, 636, 637, 638, 639, 792, 796, 797, 798, 799, 800, 801, 863, 864, 865, 866, 867, 868, 869, 870, 871, 872, 873, 874]","[871, 17, 18, 19, 20, 21, 22, 23, 876, 560, 584, 321, 89, 108, 628, 629, 630, 631, 632, 633, 634, 635, 636, 637, 638, 639, 643, 156, 157, 158, 159, 160, 161, 162, 163, 164, 165, 166, 167, 168, 172, 685, 882, 703, 852, 724, 217, 221, 859, 739, 239, 862, 863, 864, 865, 866, 264, 779, 867, 868, 869, 280, 792, 794, 795, 796, 797, 798, 799, 800, 801, 802, 803, 804, 805, 806, 807, 808, 809, 810, 811, 812, 813, 814, 815, 816, 817, 818, 819, 820, 821, 822, 823, 824, 825, 826, 827, 828, 829, 830, 831, 832, 833, 834, 835, 836, 837, 838, 839, 840, 841, 842, 843, 844, 845, 846, 847, 338, 339, 340, 341, 342, 343, 344, 345, 346, 347, 348, 349, 350, 351, 352, 353, 354, 355, 356, 357, 358, 359, 360, 361, 362, 363, 364, 365, 366, 367, 368, 369, 370, 371, 372, 373, 374, 375, 376, 377, 378, 379, 380, 381, 382, 383, 384, 385, 386, 387, 388, 389, 390, 391, 392, 393, 394, 395, 396, 397, 901, 870, 403, 917, 409, 411, 412, 413, 414, 415, 416, 417, 897, 418, 932, 419, 420, 421, 424, 422, 430, 872, 449, 454, 873, 470, 480, 874, 502, 503, 504, 505, 506, 507]",True,"[344, 346, 357, 372, 800, 812, 822]","[338, 339, 340, 341, 342, 343, 344, 345, 346, 347, 348, 349, 350, 351, 352, 353, 354, 355, 356, 357, 358, 359, 360, 361, 362, 363, 364, 365, 366, 367, 368, 369, 370, 371, 372, 373, 374, 375, 376, 377, 378, 379, 380, 381, 382, 383, 384, 385, 386, 387, 388, 389, 390, 391, 392, 393, 394, 395, 396, 397, 794, 795, 796, 797, 798, 799, 800, 801, 802, 803, 804, 805, 806, 807, 808, 809, 810, 811, 812, 813, 814, 815, 816, 817, 818, 819, 820, 821, 822, 823, 824, 825, 826, 827, 828, 829, 830, 831, 832, 833, 834, 835, 836, 837, 838, 839, 840, 841, 842, 843, 844, 845, 846, 847]","[344, 346, 357, 372, 800, 812, 822]","[344, 357, 372, 800, 812, 822]","[89, 108, 172, 217, 221, 239, 264, 280, 321, 342, 343, 344, 345, 346, 349, 351, 352, 355, 357, 359, 364, 368, 371, 372, 373, 374, 376, 377, 387, 392, 393, 403, 409, 411, 414, 424, 430, 449, 454, 470, 480, 560, 584, 643, 685, 703, 724, 739, 779, 798, 799, 800, 801, 804, 806, 807, 810, 812, 814, 816, 821, 822, 823, 824, 826, 827, 837, 842, 843, 852, 859, 862, 865, 869, 876, 882, 897, 901, 917, 932]","[17, 18, 19, 20, 21, 22, 23, 156, 157, 158, 159, 160, 161, 162, 163, 164, 165, 166, 167, 168, 340, 341, 342, 343, 344, 345, 346, 412, 413, 414, 415, 416, 417, 418, 419, 420, 421, 422, 502, 503, 504, 505, 506, 507, 628, 629, 630, 631, 632, 633, 634, 635, 636, 637, 638, 639, 792, 796, 797, 798, 799, 800, 801, 863, 864, 865, 866, 867, 868, 869, 870, 871, 872, 873, 874]","[17, 18, 19, 20, 21, 22, 23, 156, 157, 158, 159, 160, 161, 162, 163, 164, 165, 166, 167, 341, 342, 343, 344, 345, 412, 413, 414, 415, 416, 417, 418, 419, 420, 421, 422, 502, 503, 504, 505, 506, 507, 628, 629, 630, 631, 632, 633, 634, 635, 636, 637, 638, 639, 792, 797, 798, 799, 800, 801, 863, 864, 865, 866, 867, 868, 869, 870, 871, 872, 873, 874]",7/6 successful match,True,[9],True,245,False,,1.0,True,Flying J Travel Plaza # 692 FLYING J,Flying J
"West Wendover , 89883 Pilot Travel Center # 147",775-664-3400 I-80 Exit 410,M,West Wendover,89883,Pilot Travel Center # 147,775-664-3400,2006,West Wendover,NV,Pilot,,I-80 Exit 410,Exit,410,False,,False,I-80,,,,,"[373, 823]","[373, 823]","[373, 454, 470, 823, 901, 917]","[373, 823]","[338, 339, 340, 341, 342, 343, 344, 345, 346, 347, 348, 349, 350, 351, 352, 353, 354, 355, 356, 357, 358, 359, 360, 361, 362, 363, 364, 365, 366, 367, 368, 369, 370, 371, 372, 373, 374, 375, 376, 377, 378, 379, 380, 381, 382, 383, 384, 385, 386, 387, 388, 389, 390, 391, 392, 393, 394, 395, 396, 397, 794, 795, 796, 797, 798, 799, 800, 801, 802, 803, 804, 805, 806, 807, 808, 809, 810, 811, 812, 813, 814, 815, 816, 817, 818, 819, 820, 821, 822, 823, 824, 825, 826, 827, 828, 829, 830, 831, 832, 833, 834, 835, 836, 837, 838, 839, 840, 841, 842, 843, 844, 845, 846, 847]","[89, 108, 172, 217, 221, 239, 264, 280, 321, 342, 343, 344, 345, 346, 349, 351, 352, 355, 357, 359, 364, 368, 371, 372, 373, 374, 376, 377, 387, 392, 393, 403, 409, 411, 414, 424, 430, 449, 454, 470, 480, 560, 584, 643, 685, 703, 724, 739, 779, 798, 799, 800, 801, 804, 806, 807, 810, 812, 814, 816, 821, 822, 823, 824, 826, 827, 837, 842, 843, 852, 859, 862, 865, 869, 876, 882, 897, 901, 917, 932]","[15, 16, 65, 66, 67, 68, 69, 70, 71, 72, 73, 74, 75, 76, 80, 151, 245, 246, 247, 248, 249, 250, 251, 252, 253, 254, 255, 256, 257, 258, 259, 280, 340, 373, 374, 375, 376, 377, 459, 460, 461, 462, 500, 501, 539, 540, 541, 542, 543, 544, 545, 546, 547, 548, 549, 550, 552, 622, 708, 709, 710, 711, 712, 713, 714, 715, 716, 717, 718, 719, 720, 739, 796, 823, 824, 825, 826, 827, 906, 907, 908, 909]","[15, 16, 65, 66, 67, 68, 69, 70, 71, 72, 73, 74, 75, 76, 77, 78, 80, 151, 244, 245, 246, 247, 248, 249, 250, 251, 252, 253, 254, 255, 256, 257, 258, 259, 260, 280, 340, 373, 374, 375, 376, 377, 459, 460, 461, 462, 500, 501, 539, 540, 541, 542, 543, 544, 545, 546, 547, 548, 549, 550, 552, 622, 708, 709, 710, 711, 712, 713, 714, 715, 716, 717, 718, 719, 720, 739, 796, 823, 824, 825, 826, 827, 906, 907, 908, 909]","[15, 16, 876, 539, 540, 541, 542, 543, 544, 545, 546, 547, 548, 549, 550, 552, 560, 65, 66, 67, 68, 69, 70, 71, 584, 72, 73, 74, 75, 76, 77, 78, 321, 80, 89, 108, 622, 643, 151, 172, 685, 882, 703, 852, 708, 709, 710, 711, 712, 713, 714, 715, 716, 717, 718, 719, 720, 724, 217, 221, 859, 739, 239, 862, 244, 245, 246, 247, 248, 249, 250, 251, 252, 253, 254, 255, 256, 865, 257, 258, 259, 260, 264, 779, 869, 280, 794, 795, 796, 797, 798, 799, 800, 801, 802, 803, 804, 805, 806, 807, 808, 809, 810, 811, 812, 813, 814, 815, 816, 817, 818, 819, 820, 821, 822, 823, 824, 825, 826, 827, 828, 829, 830, 831, 832, 833, 834, 835, 836, 837, 838, 839, 840, 841, 842, 843, 844, 845, 846, 847, 338, 339, 340, 341, 342, 343, 344, 345, 346, 347, 348, 349, 350, 351, 352, 353, 354, 355, 356, 357, 358, 359, 360, 361, 362, 363, 364, 365, 366, 367, 368, 369, 370, 371, 372, 373, 374, 375, 376, 377, 378, 379, 380, 381, 382, 383, 384, 385, 386, 387, 388, 901, 389, 390, 391, 392, 393, 394, 395, 396, 397, 906, 907, 908, 909, 403, 917, 409, 411, 414, 897, 932, 424, 430, 449, 454, 459, 460, 461, 462, 470, 480, 500, 501]",True,"[373, 823]","[338, 339, 340, 341, 342, 343, 344, 345, 346, 347, 348, 349, 350, 351, 352, 353, 354, 355, 356, 357, 358, 359, 360, 361, 362, 363, 364, 365, 366, 367, 368, 369, 370, 371, 372, 373, 374, 375, 376, 377, 378, 379, 380, 381, 382, 383, 384, 385, 386, 387, 388, 389, 390, 391, 392, 393, 394, 395, 396, 397, 794, 795, 796, 797, 798, 799, 800, 801, 802, 803, 804, 805, 806, 807, 808, 809, 810, 811, 812, 813, 814, 815, 816, 817, 818, 819, 820, 821, 822, 823, 824, 825, 826, 827, 828, 829, 830, 831, 832, 833, 834, 835, 836, 837, 838, 839, 840, 841, 842, 843, 844, 845, 846, 847]","[373, 454, 470, 823, 901, 917]","[373, 823]","[89, 108, 172, 217, 221, 239, 264, 280, 321, 342, 343, 344, 345, 346, 349, 351, 352, 355, 357, 359, 364, 368, 371, 372, 373, 374, 376, 377, 387, 392, 393, 403, 409, 411, 414, 424, 430, 449, 454, 470, 480, 560, 584, 643, 685, 703, 724, 739, 779, 798, 799, 800, 801, 804, 806, 807, 810, 812, 814, 816, 821, 822, 823, 824, 826, 827, 837, 842, 843, 852, 859, 862, 865, 869, 876, 882, 897, 901, 917, 932]","[15, 16, 65, 66, 67, 68, 69, 70, 71, 72, 73, 74, 75, 76, 77, 78, 80, 151, 244, 245, 246, 247, 248, 249, 250, 251, 252, 253, 254, 255, 256, 257, 258, 259, 260, 280, 340, 373, 374, 375, 376, 377, 459, 460, 461, 462, 500, 501, 539, 540, 541, 542, 543, 544, 545, 546, 547, 548, 549, 550, 552, 622, 708, 709, 710, 711, 712, 713, 714, 715, 716, 717, 718, 719, 720, 739, 796, 823, 824, 825, 826, 827, 906, 907, 908, 909]","[15, 16, 65, 66, 67, 68, 69, 70, 71, 72, 73, 74, 75, 76, 80, 151, 245, 246, 247, 248, 249, 250, 251, 252, 253, 254, 255, 256, 257, 258, 259, 280, 340, 373, 374, 375, 376, 377, 459, 460, 461, 462, 500, 501, 539, 540, 541, 542, 543, 544, 545, 546, 547, 548, 549, 550, 552, 622, 708, 709, 710, 711, 712, 713, 714, 715, 716, 717, 718, 719, 720, 739, 796, 823, 824, 825, 826, 827, 906, 907, 908, 909]",7/6 successful match,True,[62],True,246,False,,,,,
"West Wendover , 89883 Pilot Travel Center # 147",775-664-3400 I-80 Exit 410,L,West Wendover,89883,Pilot Travel Center # 147,775-664-3400,2007,West Wendover,NV,Pilot,,I-80 Exit 410,Exit,410,False,,False,I-80,,,,,"[373, 823]","[373, 823]","[373, 454, 470, 823, 901, 917]","[373, 823]","[338, 339, 340, 341, 342, 343, 344, 345, 346, 347, 348, 349, 350, 351, 352, 353, 354, 355, 356, 357, 358, 359, 360, 361, 362, 363, 364, 365, 366, 367, 368, 369, 370, 371, 372, 373, 374, 375, 376, 377, 378, 379, 380, 381, 382, 383, 384, 385, 386, 387, 388, 389, 390, 391, 392, 393, 394, 395, 396, 397, 794, 795, 796, 797, 798, 799, 800, 801, 802, 803, 804, 805, 806, 807, 808, 809, 810, 811, 812, 813, 814, 815, 816, 817, 818, 819, 820, 821, 822, 823, 824, 825, 826, 827, 828, 829, 830, 831, 832, 833, 834, 835, 836, 837, 838, 839, 840, 841, 842, 843, 844, 845, 846, 847]","[89, 108, 172, 217, 221, 239, 264, 280, 321, 342, 343, 344, 345, 346, 349, 351, 352, 355, 357, 359, 364, 368, 371, 372, 373, 374, 376, 377, 387, 392, 393, 403, 409, 411, 414, 424, 430, 449, 454, 470, 480, 560, 584, 643, 685, 703, 724, 739, 779, 798, 799, 800, 801, 804, 806, 807, 810, 812, 814, 816, 821, 822, 823, 824, 826, 827, 837, 842, 843, 852, 859, 862, 865, 869, 876, 882, 897, 901, 917, 932]","[15, 16, 65, 66, 67, 68, 69, 70, 71, 72, 73, 74, 75, 76, 80, 151, 245, 246, 247, 248, 249, 250, 251, 252, 253, 254, 255, 256, 257, 258, 259, 280, 340, 373, 374, 375, 376, 377, 459, 460, 461, 462, 500, 501, 539, 540, 541, 542, 543, 544, 545, 546, 547, 548, 549, 550, 552, 622, 708, 709, 710, 711, 712, 713, 714, 715, 716, 717, 718, 719, 720, 739, 796, 823, 824, 825, 826, 827, 906, 907, 908, 909]","[15, 16, 65, 66, 67, 68, 69, 70, 71, 72, 73, 74, 75, 76, 77, 78, 80, 151, 244, 245, 246, 247, 248, 249, 250, 251, 252, 253, 254, 255, 256, 257, 258, 259, 260, 280, 340, 373, 374, 375, 376, 377, 459, 460, 461, 462, 500, 501, 539, 540, 541, 542, 543, 544, 545, 546, 547, 548, 549, 550, 552, 622, 708, 709, 710, 711, 712, 713, 714, 715, 716, 717, 718, 719, 720, 739, 796, 823, 824, 825, 826, 827, 906, 907, 908, 909]","[15, 16, 876, 539, 540, 541, 542, 543, 544, 545, 546, 547, 548, 549, 550, 552, 560, 65, 66, 67, 68, 69, 70, 71, 584, 72, 73, 74, 75, 76, 77, 78, 321, 80, 89, 108, 622, 643, 151, 172, 685, 882, 703, 852, 708, 709, 710, 711, 712, 713, 714, 715, 716, 717, 718, 719, 720, 724, 217, 221, 859, 739, 239, 862, 244, 245, 246, 247, 248, 249, 250, 251, 252, 253, 254, 255, 256, 865, 257, 258, 259, 260, 264, 779, 869, 280, 794, 795, 796, 797, 798, 799, 800, 801, 802, 803, 804, 805, 806, 807, 808, 809, 810, 811, 812, 813, 814, 815, 816, 817, 818, 819, 820, 821, 822, 823, 824, 825, 826, 827, 828, 829, 830, 831, 832, 833, 834, 835, 836, 837, 838, 839, 840, 841, 842, 843, 844, 845, 846, 847, 338, 339, 340, 341, 342, 343, 344, 345, 346, 347, 348, 349, 350, 351, 352, 353, 354, 355, 356, 357, 358, 359, 360, 361, 362, 363, 364, 365, 366, 367, 368, 369, 370, 371, 372, 373, 374, 375, 376, 377, 378, 379, 380, 381, 382, 383, 384, 385, 386, 387, 388, 901, 389, 390, 391, 392, 393, 394, 395, 396, 397, 906, 907, 908, 909, 403, 917, 409, 411, 414, 897, 932, 424, 430, 449, 454, 459, 460, 461, 462, 470, 480, 500, 501]",True,"[373, 823]","[338, 339, 340, 341, 342, 343, 344, 345, 346, 347, 348, 349, 350, 351, 352, 353, 354, 355, 356, 357, 358, 359, 360, 361, 362, 363, 364, 365, 366, 367, 368, 369, 370, 371, 372, 373, 374, 375, 376, 377, 378, 379, 380, 381, 382, 383, 384, 385, 386, 387, 388, 389, 390, 391, 392, 393, 394, 395, 396, 397, 794, 795, 796, 797, 798, 799, 800, 801, 802, 803, 804, 805, 806, 807, 808, 809, 810, 811, 812, 813, 814, 815, 816, 817, 818, 819, 820, 821, 822, 823, 824, 825, 826, 827, 828, 829, 830, 831, 832, 833, 834, 835, 836, 837, 838, 839, 840, 841, 842, 843, 844, 845, 846, 847]","[373, 454, 470, 823, 901, 917]","[373, 823]","[89, 108, 172, 217, 221, 239, 264, 280, 321, 342, 343, 344, 345, 346, 349, 351, 352, 355, 357, 359, 364, 368, 371, 372, 373, 374, 376, 377, 387, 392, 393, 403, 409, 411, 414, 424, 430, 449, 454, 470, 480, 560, 584, 643, 685, 703, 724, 739, 779, 798, 799, 800, 801, 804, 806, 807, 810, 812, 814, 816, 821, 822, 823, 824, 826, 827, 837, 842, 843, 852, 859, 862, 865, 869, 876, 882, 897, 901, 917, 932]","[15, 16, 65, 66, 67, 68, 69, 70, 71, 72, 73, 74, 75, 76, 77, 78, 80, 151, 244, 245, 246, 247, 248, 249, 250, 251, 252, 253, 254, 255, 256, 257, 258, 259, 260, 280, 340, 373, 374, 375, 376, 377, 459, 460, 461, 462, 500, 501, 539, 540, 541, 542, 543, 544, 545, 546, 547, 548, 549, 550, 552, 622, 708, 709, 710, 711, 712, 713, 714, 715, 716, 717, 718, 719, 720, 739, 796, 823, 824, 825, 826, 827, 906, 907, 908, 909]","[15, 16, 65, 66, 67, 68, 69, 70, 71, 72, 73, 74, 75, 76, 80, 151, 245, 246, 247, 248, 249, 250, 251, 252, 253, 254, 255, 256, 257, 258, 259, 280, 340, 373, 374, 375, 376, 377, 459, 460, 461, 462, 500, 501, 539, 540, 541, 542, 543, 544, 545, 546, 547, 548, 549, 550, 552, 622, 708, 709, 710, 711, 712, 713, 714, 715, 716, 717, 718, 719, 720, 739, 796, 823, 824, 825, 826, 827, 906, 907, 908, 909]",7/6 successful match,True,[62],True,246,False,,1.0,True,Pilot Travel Center # 147,Pilot
"West Wendover , 89883 Pilot Travel Center # 147",775-664-3400 I-80 Exit 410,HRS 24,West Wendover,89883,Pilot Travel Center # 147,775-664-3400,2008,West Wendover,NV,Pilot,,I-80 Exit 410,Exit,410,False,,False,I-80,,,,,"[373, 823]","[373, 823]","[373, 454, 470, 823, 901, 917]","[373, 823]","[338, 339, 340, 341, 342, 343, 344, 345, 346, 347, 348, 349, 350, 351, 352, 353, 354, 355, 356, 357, 358, 359, 360, 361, 362, 363, 364, 365, 366, 367, 368, 369, 370, 371, 372, 373, 374, 375, 376, 377, 378, 379, 380, 381, 382, 383, 384, 385, 386, 387, 388, 389, 390, 391, 392, 393, 394, 395, 396, 397, 794, 795, 796, 797, 798, 799, 800, 801, 802, 803, 804, 805, 806, 807, 808, 809, 810, 811, 812, 813, 814, 815, 816, 817, 818, 819, 820, 821, 822, 823, 824, 825, 826, 827, 828, 829, 830, 831, 832, 833, 834, 835, 836, 837, 838, 839, 840, 841, 842, 843, 844, 845, 846, 847]","[89, 108, 172, 217, 221, 239, 264, 280, 321, 342, 343, 344, 345, 346, 349, 351, 352, 355, 357, 359, 364, 368, 371, 372, 373, 374, 376, 377, 387, 392, 393, 403, 409, 411, 414, 424, 430, 449, 454, 470, 480, 560, 584, 643, 685, 703, 724, 739, 779, 798, 799, 800, 801, 804, 806, 807, 810, 812, 814, 816, 821, 822, 823, 824, 826, 827, 837, 842, 843, 852, 859, 862, 865, 869, 876, 882, 897, 901, 917, 932]","[15, 16, 65, 66, 67, 68, 69, 70, 71, 72, 73, 74, 75, 76, 80, 151, 245, 246, 247, 248, 249, 250, 251, 252, 253, 254, 255, 256, 257, 258, 259, 280, 340, 373, 374, 375, 376, 377, 459, 460, 461, 462, 500, 501, 539, 540, 541, 542, 543, 544, 545, 546, 547, 548, 549, 550, 552, 622, 708, 709, 710, 711, 712, 713, 714, 715, 716, 717, 718, 719, 720, 739, 796, 823, 824, 825, 826, 827, 906, 907, 908, 909]","[15, 16, 65, 66, 67, 68, 69, 70, 71, 72, 73, 74, 75, 76, 77, 78, 80, 151, 244, 245, 246, 247, 248, 249, 250, 251, 252, 253, 254, 255, 256, 257, 258, 259, 260, 280, 340, 373, 374, 375, 376, 377, 459, 460, 461, 462, 500, 501, 539, 540, 541, 542, 543, 544, 545, 546, 547, 548, 549, 550, 552, 622, 708, 709, 710, 711, 712, 713, 714, 715, 716, 717, 718, 719, 720, 739, 796, 823, 824, 825, 826, 827, 906, 907, 908, 909]","[15, 16, 876, 539, 540, 541, 542, 543, 544, 545, 546, 547, 548, 549, 550, 552, 560, 65, 66, 67, 68, 69, 70, 71, 584, 72, 73, 74, 75, 76, 77, 78, 321, 80, 89, 108, 622, 643, 151, 172, 685, 882, 703, 852, 708, 709, 710, 711, 712, 713, 714, 715, 716, 717, 718, 719, 720, 724, 217, 221, 859, 739, 239, 862, 244, 245, 246, 247, 248, 249, 250, 251, 252, 253, 254, 255, 256, 865, 257, 258, 259, 260, 264, 779, 869, 280, 794, 795, 796, 797, 798, 799, 800, 801, 802, 803, 804, 805, 806, 807, 808, 809, 810, 811, 812, 813, 814, 815, 816, 817, 818, 819, 820, 821, 822, 823, 824, 825, 826, 827, 828, 829, 830, 831, 832, 833, 834, 835, 836, 837, 838, 839, 840, 841, 842, 843, 844, 845, 846, 847, 338, 339, 340, 341, 342, 343, 344, 345, 346, 347, 348, 349, 350, 351, 352, 353, 354, 355, 356, 357, 358, 359, 360, 361, 362, 363, 364, 365, 366, 367, 368, 369, 370, 371, 372, 373, 374, 375, 376, 377, 378, 379, 380, 381, 382, 383, 384, 385, 386, 387, 388, 901, 389, 390, 391, 392, 393, 394, 395, 396, 397, 906, 907, 908, 909, 403, 917, 409, 411, 414, 897, 932, 424, 430, 449, 454, 459, 460, 461, 462, 470, 480, 500, 501]",True,"[373, 823]","[338, 339, 340, 341, 342, 343, 344, 345, 346, 347, 348, 349, 350, 351, 352, 353, 354, 355, 356, 357, 358, 359, 360, 361, 362, 363, 364, 365, 366, 367, 368, 369, 370, 371, 372, 373, 374, 375, 376, 377, 378, 379, 380, 381, 382, 383, 384, 385, 386, 387, 388, 389, 390, 391, 392, 393, 394, 395, 396, 397, 794, 795, 796, 797, 798, 799, 800, 801, 802, 803, 804, 805, 806, 807, 808, 809, 810, 811, 812, 813, 814, 815, 816, 817, 818, 819, 820, 821, 822, 823, 824, 825, 826, 827, 828, 829, 830, 831, 832, 833, 834, 835, 836, 837, 838, 839, 840, 841, 842, 843, 844, 845, 846, 847]","[373, 454, 470, 823, 901, 917]","[373, 823]","[89, 108, 172, 217, 221, 239, 264, 280, 321, 342, 343, 344, 345, 346, 349, 351, 352, 355, 357, 359, 364, 368, 371, 372, 373, 374, 376, 377, 387, 392, 393, 403, 409, 411, 414, 424, 430, 449, 454, 470, 480, 560, 584, 643, 685, 703, 724, 739, 779, 798, 799, 800, 801, 804, 806, 807, 810, 812, 814, 816, 821, 822, 823, 824, 826, 827, 837, 842, 843, 852, 859, 862, 865, 869, 876, 882, 897, 901, 917, 932]","[15, 16, 65, 66, 67, 68, 69, 70, 71, 72, 73, 74, 75, 76, 77, 78, 80, 151, 244, 245, 246, 247, 248, 249, 250, 251, 252, 253, 254, 255, 256, 257, 258, 259, 260, 280, 340, 373, 374, 375, 376, 377, 459, 460, 461, 462, 500, 501, 539, 540, 541, 542, 543, 544, 545, 546, 547, 548, 549, 550, 552, 622, 708, 709, 710, 711, 712, 713, 714, 715, 716, 717, 718, 719, 720, 739, 796, 823, 824, 825, 826, 827, 906, 907, 908, 909]","[15, 16, 65, 66, 67, 68, 69, 70, 71, 72, 73, 74, 75, 76, 80, 151, 245, 246, 247, 248, 249, 250, 251, 252, 253, 254, 255, 256, 257, 258, 259, 280, 340, 373, 374, 375, 376, 377, 459, 460, 461, 462, 500, 501, 539, 540, 541, 542, 543, 544, 545, 546, 547, 548, 549, 550, 552, 622, 708, 709, 710, 711, 712, 713, 714, 715, 716, 717, 718, 719, 720, 739, 796, 823, 824, 825, 826, 827, 906, 907, 908, 909]",7/6 successful match,True,[62],True,246,False,,1.0,True,Pilot Travel Center # 147,Pilot
West Wendover ( 89883 ) Pilot Travel Center # 147,775-664-3400 I-80 Exit 410,Pilot 24 LO,West Wendover,89883,Pilot Travel Center # 147,775-664-3400,2014,West Wendover,NV,Pilot,,I-80 Exit 410,Exit,410,False,,False,I-80,,,,,"[373, 823]","[373, 823]","[373, 454, 470, 823, 901, 917]","[373, 823]","[338, 339, 340, 341, 342, 343, 344, 345, 346, 347, 348, 349, 350, 351, 352, 353, 354, 355, 356, 357, 358, 359, 360, 361, 362, 363, 364, 365, 366, 367, 368, 369, 370, 371, 372, 373, 374, 375, 376, 377, 378, 379, 380, 381, 382, 383, 384, 385, 386, 387, 388, 389, 390, 391, 392, 393, 394, 395, 396, 397, 794, 795, 796, 797, 798, 799, 800, 801, 802, 803, 804, 805, 806, 807, 808, 809, 810, 811, 812, 813, 814, 815, 816, 817, 818, 819, 820, 821, 822, 823, 824, 825, 826, 827, 828, 829, 830, 831, 832, 833, 834, 835, 836, 837, 838, 839, 840, 841, 842, 843, 844, 845, 846, 847]","[89, 108, 172, 217, 221, 239, 264, 280, 321, 342, 343, 344, 345, 346, 349, 351, 352, 355, 357, 359, 364, 368, 371, 372, 373, 374, 376, 377, 387, 392, 393, 403, 409, 411, 414, 424, 430, 449, 454, 470, 480, 560, 584, 643, 685, 703, 724, 739, 779, 798, 799, 800, 801, 804, 806, 807, 810, 812, 814, 816, 821, 822, 823, 824, 826, 827, 837, 842, 843, 852, 859, 862, 865, 869, 876, 882, 897, 901, 917, 932]","[15, 16, 65, 66, 67, 68, 69, 70, 71, 72, 73, 74, 75, 76, 80, 151, 245, 246, 247, 248, 249, 250, 251, 252, 253, 254, 255, 256, 257, 258, 259, 280, 340, 373, 374, 375, 376, 377, 459, 460, 461, 462, 500, 501, 539, 540, 541, 542, 543, 544, 545, 546, 547, 548, 549, 550, 552, 622, 708, 709, 710, 711, 712, 713, 714, 715, 716, 717, 718, 719, 720, 739, 796, 823, 824, 825, 826, 827, 906, 907, 908, 909]","[15, 16, 65, 66, 67, 68, 69, 70, 71, 72, 73, 74, 75, 76, 77, 78, 80, 151, 244, 245, 246, 247, 248, 249, 250, 251, 252, 253, 254, 255, 256, 257, 258, 259, 260, 280, 340, 373, 374, 375, 376, 377, 459, 460, 461, 462, 500, 501, 539, 540, 541, 542, 543, 544, 545, 546, 547, 548, 549, 550, 552, 622, 708, 709, 710, 711, 712, 713, 714, 715, 716, 717, 718, 719, 720, 739, 796, 823, 824, 825, 826, 827, 906, 907, 908, 909]","[15, 16, 876, 539, 540, 541, 542, 543, 544, 545, 546, 547, 548, 549, 550, 552, 560, 65, 66, 67, 68, 69, 70, 71, 584, 72, 73, 74, 75, 76, 77, 78, 321, 80, 89, 108, 622, 643, 151, 172, 685, 882, 703, 852, 708, 709, 710, 711, 712, 713, 714, 715, 716, 717, 718, 719, 720, 724, 217, 221, 859, 739, 239, 862, 244, 245, 246, 247, 248, 249, 250, 251, 252, 253, 254, 255, 256, 865, 257, 258, 259, 260, 264, 779, 869, 280, 794, 795, 796, 797, 798, 799, 800, 801, 802, 803, 804, 805, 806, 807, 808, 809, 810, 811, 812, 813, 814, 815, 816, 817, 818, 819, 820, 821, 822, 823, 824, 825, 826, 827, 828, 829, 830, 831, 832, 833, 834, 835, 836, 837, 838, 839, 840, 841, 842, 843, 844, 845, 846, 847, 338, 339, 340, 341, 342, 343, 344, 345, 346, 347, 348, 349, 350, 351, 352, 353, 354, 355, 356, 357, 358, 359, 360, 361, 362, 363, 364, 365, 366, 367, 368, 369, 370, 371, 372, 373, 374, 375, 376, 377, 378, 379, 380, 381, 382, 383, 384, 385, 386, 387, 388, 901, 389, 390, 391, 392, 393, 394, 395, 396, 397, 906, 907, 908, 909, 403, 917, 409, 411, 414, 897, 932, 424, 430, 449, 454, 459, 460, 461, 462, 470, 480, 500, 501]",True,"[373, 823]","[338, 339, 340, 341, 342, 343, 344, 345, 346, 347, 348, 349, 350, 351, 352, 353, 354, 355, 356, 357, 358, 359, 360, 361, 362, 363, 364, 365, 366, 367, 368, 369, 370, 371, 372, 373, 374, 375, 376, 377, 378, 379, 380, 381, 382, 383, 384, 385, 386, 387, 388, 389, 390, 391, 392, 393, 394, 395, 396, 397, 794, 795, 796, 797, 798, 799, 800, 801, 802, 803, 804, 805, 806, 807, 808, 809, 810, 811, 812, 813, 814, 815, 816, 817, 818, 819, 820, 821, 822, 823, 824, 825, 826, 827, 828, 829, 830, 831, 832, 833, 834, 835, 836, 837, 838, 839, 840, 841, 842, 843, 844, 845, 846, 847]","[373, 454, 470, 823, 901, 917]","[373, 823]","[89, 108, 172, 217, 221, 239, 264, 280, 321, 342, 343, 344, 345, 346, 349, 351, 352, 355, 357, 359, 364, 368, 371, 372, 373, 374, 376, 377, 387, 392, 393, 403, 409, 411, 414, 424, 430, 449, 454, 470, 480, 560, 584, 643, 685, 703, 724, 739, 779, 798, 799, 800, 801, 804, 806, 807, 810, 812, 814, 816, 821, 822, 823, 824, 826, 827, 837, 842, 843, 852, 859, 862, 865, 869, 876, 882, 897, 901, 917, 932]","[15, 16, 65, 66, 67, 68, 69, 70, 71, 72, 73, 74, 75, 76, 77, 78, 80, 151, 244, 245, 246, 247, 248, 249, 250, 251, 252, 253, 254, 255, 256, 257, 258, 259, 260, 280, 340, 373, 374, 375, 376, 377, 459, 460, 461, 462, 500, 501, 539, 540, 541, 542, 543, 544, 545, 546, 547, 548, 549, 550, 552, 622, 708, 709, 710, 711, 712, 713, 714, 715, 716, 717, 718, 719, 720, 739, 796, 823, 824, 825, 826, 827, 906, 907, 908, 909]","[15, 16, 65, 66, 67, 68, 69, 70, 71, 72, 73, 74, 75, 76, 80, 151, 245, 246, 247, 248, 249, 250, 251, 252, 253, 254, 255, 256, 257, 258, 259, 280, 340, 373, 374, 375, 376, 377, 459, 460, 461, 462, 500, 501, 539, 540, 541, 542, 543, 544, 545, 546, 547, 548, 549, 550, 552, 622, 708, 709, 710, 711, 712, 713, 714, 715, 716, 717, 718, 719, 720, 739, 796, 823, 824, 825, 826, 827, 906, 907, 908, 909]",7/6 successful match,True,[62],True,246,False,,1.0,True,Pilot Travel Center # 147,Pilot
West Wendover ( 89883 ) Pilot Travel Center # 147 Pilot,7 775-664-3400 I-80 Exit 410,24 L,West Wendover,89883,Pilot Travel Center # 147 Pilot,775-664-3400,2015,West Wendover,NV,Pilot,,I-80 Exit 410,Exit,410,False,,False,I-80,,,,,"[373, 823]","[373, 823]","[373, 454, 470, 823, 901, 917]","[373, 823]","[338, 339, 340, 341, 342, 343, 344, 345, 346, 347, 348, 349, 350, 351, 352, 353, 354, 355, 356, 357, 358, 359, 360, 361, 362, 363, 364, 365, 366, 367, 368, 369, 370, 371, 372, 373, 374, 375, 376, 377, 378, 379, 380, 381, 382, 383, 384, 385, 386, 387, 388, 389, 390, 391, 392, 393, 394, 395, 396, 397, 794, 795, 796, 797, 798, 799, 800, 801, 802, 803, 804, 805, 806, 807, 808, 809, 810, 811, 812, 813, 814, 815, 816, 817, 818, 819, 820, 821, 822, 823, 824, 825, 826, 827, 828, 829, 830, 831, 832, 833, 834, 835, 836, 837, 838, 839, 840, 841, 842, 843, 844, 845, 846, 847]","[89, 108, 172, 217, 221, 239, 264, 280, 321, 342, 343, 344, 345, 346, 349, 351, 352, 355, 357, 359, 364, 368, 371, 372, 373, 374, 376, 377, 387, 392, 393, 403, 409, 411, 414, 424, 430, 449, 454, 470, 480, 560, 584, 643, 685, 703, 724, 739, 779, 798, 799, 800, 801, 804, 806, 807, 810, 812, 814, 816, 821, 822, 823, 824, 826, 827, 837, 842, 843, 852, 859, 862, 865, 869, 876, 882, 897, 901, 917, 932]","[15, 16, 65, 66, 67, 68, 69, 70, 71, 72, 73, 74, 75, 76, 80, 151, 245, 246, 247, 248, 249, 250, 251, 252, 253, 254, 255, 256, 257, 258, 259, 280, 340, 373, 374, 375, 376, 377, 459, 460, 461, 462, 500, 501, 539, 540, 541, 542, 543, 544, 545, 546, 547, 548, 549, 550, 552, 622, 708, 709, 710, 711, 712, 713, 714, 715, 716, 717, 718, 719, 720, 739, 796, 823, 824, 825, 826, 827, 906, 907, 908, 909]","[15, 16, 65, 66, 67, 68, 69, 70, 71, 72, 73, 74, 75, 76, 77, 78, 80, 151, 244, 245, 246, 247, 248, 249, 250, 251, 252, 253, 254, 255, 256, 257, 258, 259, 260, 280, 340, 373, 374, 375, 376, 377, 459, 460, 461, 462, 500, 501, 539, 540, 541, 542, 543, 544, 545, 546, 547, 548, 549, 550, 552, 622, 708, 709, 710, 711, 712, 713, 714, 715, 716, 717, 718, 719, 720, 739, 796, 823, 824, 825, 826, 827, 906, 907, 908, 909]","[15, 16, 876, 539, 540, 541, 542, 543, 544, 545, 546, 547, 548, 549, 550, 552, 560, 65, 66, 67, 68, 69, 70, 71, 584, 72, 73, 74, 75, 76, 77, 78, 321, 80, 89, 108, 622, 643, 151, 172, 685, 882, 703, 852, 708, 709, 710, 711, 712, 713, 714, 715, 716, 717, 718, 719, 720, 724, 217, 221, 859, 739, 239, 862, 244, 245, 246, 247, 248, 249, 250, 251, 252, 253, 254, 255, 256, 865, 257, 258, 259, 260, 264, 779, 869, 280, 794, 795, 796, 797, 798, 799, 800, 801, 802, 803, 804, 805, 806, 807, 808, 809, 810, 811, 812, 813, 814, 815, 816, 817, 818, 819, 820, 821, 822, 823, 824, 825, 826, 827, 828, 829, 830, 831, 832, 833, 834, 835, 836, 837, 838, 839, 840, 841, 842, 843, 844, 845, 846, 847, 338, 339, 340, 341, 342, 343, 344, 345, 346, 347, 348, 349, 350, 351, 352, 353, 354, 355, 356, 357, 358, 359, 360, 361, 362, 363, 364, 365, 366, 367, 368, 369, 370, 371, 372, 373, 374, 375, 376, 377, 378, 379, 380, 381, 382, 383, 384, 385, 386, 387, 388, 901, 389, 390, 391, 392, 393, 394, 395, 396, 397, 906, 907, 908, 909, 403, 917, 409, 411, 414, 897, 932, 424, 430, 449, 454, 459, 460, 461, 462, 470, 480, 500, 501]",True,"[373, 823]","[338, 339, 340, 341, 342, 343, 344, 345, 346, 347, 348, 349, 350, 351, 352, 353, 354, 355, 356, 357, 358, 359, 360, 361, 362, 363, 364, 365, 366, 367, 368, 369, 370, 371, 372, 373, 374, 375, 376, 377, 378, 379, 380, 381, 382, 383, 384, 385, 386, 387, 388, 389, 390, 391, 392, 393, 394, 395, 396, 397, 794, 795, 796, 797, 798, 799, 800, 801, 802, 803, 804, 805, 806, 807, 808, 809, 810, 811, 812, 813, 814, 815, 816, 817, 818, 819, 820, 821, 822, 823, 824, 825, 826, 827, 828, 829, 830, 831, 832, 833, 834, 835, 836, 837, 838, 839, 840, 841, 842, 843, 844, 845, 846, 847]","[373, 454, 470, 823, 901, 917]","[373, 823]","[89, 108, 172, 217, 221, 239, 264, 280, 321, 342, 343, 344, 345, 346, 349, 351, 352, 355, 357, 359, 364, 368, 371, 372, 373, 374, 376, 377, 387, 392, 393, 403, 409, 411, 414, 424, 430, 449, 454, 470, 480, 560, 584, 643, 685, 703, 724, 739, 779, 798, 799, 800, 801, 804, 806, 807, 810, 812, 814, 816, 821, 822, 823, 824, 826, 827, 837, 842, 843, 852, 859, 862, 865, 869, 876, 882, 897, 901, 917, 932]","[15, 16, 65, 66, 67, 68, 69, 70, 71, 72, 73, 74, 75, 76, 77, 78, 80, 151, 244, 245, 246, 247, 248, 249, 250, 251, 252, 253, 254, 255, 256, 257, 258, 259, 260, 280, 340, 373, 374, 375, 376, 377, 459, 460, 461, 462, 500, 501, 539, 540, 541, 542, 543, 544, 545, 546, 547, 548, 549, 550, 552, 622, 708, 709, 710, 711, 712, 713, 714, 715, 716, 717, 718, 719, 720, 739, 796, 823, 824, 825, 826, 827, 906, 907, 908, 909]","[15, 16, 65, 66, 67, 68, 69, 70, 71, 72, 73, 74, 75, 76, 80, 151, 245, 246, 247, 248, 249, 250, 251, 252, 253, 254, 255, 256, 257, 258, 259, 280, 340, 373, 374, 375, 376, 377, 459, 460, 461, 462, 500, 501, 539, 540, 541, 542, 543, 544, 545, 546, 547, 548, 549, 550, 552, 622, 708, 709, 710, 711, 712, 713, 714, 715, 716, 717, 718, 719, 720, 739, 796, 823, 824, 825, 826, 827, 906, 907, 908, 909]",7/6 successful match,True,[62],True,246,False,,1.0,True,Pilot Travel Center # 147,Pilot
West Wendover ( 89883 ) Pilot Travel Center # 147,775-664-3400 I-80 Exit 410,Pilot L,West Wendover,89883,Pilot Travel Center # 147,775-664-3400,2016,West Wendover,NV,Pilot,,I-80 Exit 410,Exit,410,False,,False,I-80,,,,,"[373, 823]","[373, 823]","[373, 454, 470, 823, 901, 917]","[373, 823]","[338, 339, 340, 341, 342, 343, 344, 345, 346, 347, 348, 349, 350, 351, 352, 353, 354, 355, 356, 357, 358, 359, 360, 361, 362, 363, 364, 365, 366, 367, 368, 369, 370, 371, 372, 373, 374, 375, 376, 377, 378, 379, 380, 381, 382, 383, 384, 385, 386, 387, 388, 389, 390, 391, 392, 393, 394, 395, 396, 397, 794, 795, 796, 797, 798, 799, 800, 801, 802, 803, 804, 805, 806, 807, 808, 809, 810, 811, 812, 813, 814, 815, 816, 817, 818, 819, 820, 821, 822, 823, 824, 825, 826, 827, 828, 829, 830, 831, 832, 833, 834, 835, 836, 837, 838, 839, 840, 841, 842, 843, 844, 845, 846, 847]","[89, 108, 172, 217, 221, 239, 264, 280, 321, 342, 343, 344, 345, 346, 349, 351, 352, 355, 357, 359, 364, 368, 371, 372, 373, 374, 376, 377, 387, 392, 393, 403, 409, 411, 414, 424, 430, 449, 454, 470, 480, 560, 584, 643, 685, 703, 724, 739, 779, 798, 799, 800, 801, 804, 806, 807, 810, 812, 814, 816, 821, 822, 823, 824, 826, 827, 837, 842, 843, 852, 859, 862, 865, 869, 876, 882, 897, 901, 917, 932]","[15, 16, 65, 66, 67, 68, 69, 70, 71, 72, 73, 74, 75, 76, 80, 151, 245, 246, 247, 248, 249, 250, 251, 252, 253, 254, 255, 256, 257, 258, 259, 280, 340, 373, 374, 375, 376, 377, 459, 460, 461, 462, 500, 501, 539, 540, 541, 542, 543, 544, 545, 546, 547, 548, 549, 550, 552, 622, 708, 709, 710, 711, 712, 713, 714, 715, 716, 717, 718, 719, 720, 739, 796, 823, 824, 825, 826, 827, 906, 907, 908, 909]","[15, 16, 65, 66, 67, 68, 69, 70, 71, 72, 73, 74, 75, 76, 77, 78, 80, 151, 244, 245, 246, 247, 248, 249, 250, 251, 252, 253, 254, 255, 256, 257, 258, 259, 260, 280, 340, 373, 374, 375, 376, 377, 459, 460, 461, 462, 500, 501, 539, 540, 541, 542, 543, 544, 545, 546, 547, 548, 549, 550, 552, 622, 708, 709, 710, 711, 712, 713, 714, 715, 716, 717, 718, 719, 720, 739, 796, 823, 824, 825, 826, 827, 906, 907, 908, 909]","[15, 16, 876, 539, 540, 541, 542, 543, 544, 545, 546, 547, 548, 549, 550, 552, 560, 65, 66, 67, 68, 69, 70, 71, 584, 72, 73, 74, 75, 76, 77, 78, 321, 80, 89, 108, 622, 643, 151, 172, 685, 882, 703, 852, 708, 709, 710, 711, 712, 713, 714, 715, 716, 717, 718, 719, 720, 724, 217, 221, 859, 739, 239, 862, 244, 245, 246, 247, 248, 249, 250, 251, 252, 253, 254, 255, 256, 865, 257, 258, 259, 260, 264, 779, 869, 280, 794, 795, 796, 797, 798, 799, 800, 801, 802, 803, 804, 805, 806, 807, 808, 809, 810, 811, 812, 813, 814, 815, 816, 817, 818, 819, 820, 821, 822, 823, 824, 825, 826, 827, 828, 829, 830, 831, 832, 833, 834, 835, 836, 837, 838, 839, 840, 841, 842, 843, 844, 845, 846, 847, 338, 339, 340, 341, 342, 343, 344, 345, 346, 347, 348, 349, 350, 351, 352, 353, 354, 355, 356, 357, 358, 359, 360, 361, 362, 363, 364, 365, 366, 367, 368, 369, 370, 371, 372, 373, 374, 375, 376, 377, 378, 379, 380, 381, 382, 383, 384, 385, 386, 387, 388, 901, 389, 390, 391, 392, 393, 394, 395, 396, 397, 906, 907, 908, 909, 403, 917, 409, 411, 414, 897, 932, 424, 430, 449, 454, 459, 460, 461, 462, 470, 480, 500, 501]",True,"[373, 823]","[338, 339, 340, 341, 342, 343, 344, 345, 346, 347, 348, 349, 350, 351, 352, 353, 354, 355, 356, 357, 358, 359, 360, 361, 362, 363, 364, 365, 366, 367, 368, 369, 370, 371, 372, 373, 374, 375, 376, 377, 378, 379, 380, 381, 382, 383, 384, 385, 386, 387, 388, 389, 390, 391, 392, 393, 394, 395, 396, 397, 794, 795, 796, 797, 798, 799, 800, 801, 802, 803, 804, 805, 806, 807, 808, 809, 810, 811, 812, 813, 814, 815, 816, 817, 818, 819, 820, 821, 822, 823, 824, 825, 826, 827, 828, 829, 830, 831, 832, 833, 834, 835, 836, 837, 838, 839, 840, 841, 842, 843, 844, 845, 846, 847]","[373, 454, 470, 823, 901, 917]","[373, 823]","[89, 108, 172, 217, 221, 239, 264, 280, 321, 342, 343, 344, 345, 346, 349, 351, 352, 355, 357, 359, 364, 368, 371, 372, 373, 374, 376, 377, 387, 392, 393, 403, 409, 411, 414, 424, 430, 449, 454, 470, 480, 560, 584, 643, 685, 703, 724, 739, 779, 798, 799, 800, 801, 804, 806, 807, 810, 812, 814, 816, 821, 822, 823, 824, 826, 827, 837, 842, 843, 852, 859, 862, 865, 869, 876, 882, 897, 901, 917, 932]","[15, 16, 65, 66, 67, 68, 69, 70, 71, 72, 73, 74, 75, 76, 77, 78, 80, 151, 244, 245, 246, 247, 248, 249, 250, 251, 252, 253, 254, 255, 256, 257, 258, 259, 260, 280, 340, 373, 374, 375, 376, 377, 459, 460, 461, 462, 500, 501, 539, 540, 541, 542, 543, 544, 545, 546, 547, 548, 549, 550, 552, 622, 708, 709, 710, 711, 712, 713, 714, 715, 716, 717, 718, 719, 720, 739, 796, 823, 824, 825, 826, 827, 906, 907, 908, 909]","[15, 16, 65, 66, 67, 68, 69, 70, 71, 72, 73, 74, 75, 76, 80, 151, 245, 246, 247, 248, 249, 250, 251, 252, 253, 254, 255, 256, 257, 258, 259, 280, 340, 373, 374, 375, 376, 377, 459, 460, 461, 462, 500, 501, 539, 540, 541, 542, 543, 544, 545, 546, 547, 548, 549, 550, 552, 622, 708, 709, 710, 711, 712, 713, 714, 715, 716, 717, 718, 719, 720, 739, 796, 823, 824, 825, 826, 827, 906, 907, 908, 909]",7/6 successful match,True,[62],True,246,False,,1.0,True,Pilot Travel Center # 147 Pilot,Pilot
"Los Angeles , 90013 Superfine Texaco II","51213-626-1259 I-10 Exit 15 B ( Alameda , 1 mi N to 5th )",) 000 <U+2610>,Los Angeles,90013,Superfine Texaco II,213-626-1259,2006,Los Angeles,CA,Texaco,"( Alameda , 1 mi N to 5th )",I-10 Exit 15 B ,Exit,15,False,,False,I-10,,,,,"[300, 759]","[300, 759]","[294, 300, 753, 759]","[300, 330, 759, 787]","[103, 104, 105, 106, 107, 108, 109, 110, 111, 112, 113, 114, 115, 116, 117, 118, 119, 120, 121, 122, 123, 124, 125, 126, 127, 128, 129, 130, 131, 132, 133, 134, 135, 136, 137, 138, 139, 140, 141, 142, 143, 144, 145, 146, 147, 148, 149, 150, 151, 152, 153, 154, 155, 156, 157, 158, 159, 160, 161, 162, 163, 164, 165, 166, 167, 168, 169, 170, 171, 172, 173, 174, 175, 176, 177, 178, 179, 180, 181, 182, 183, 184, 185, 186, 187, 188, 189, 190, 191, 192, 193, 194, 195, 196, 197, 198, 199, 200, 201, 202, 203, 204, 205, 206, 207, 208, 209, 210, 211, 212, 213, 214, 215, 216, 217, 218, 219, 220, 221, 222, 223, 224, 225, 226, 227, 228, 229, 230, 231, 232, 233, 234, 235, 236, 237, 238, 239, 240, 241, 242, 243, 244, 245, 246, 247, 248, 249, 250, 251, 252, 253, 254, 255, 256, 257, 258, 259, 260, 261, 262, 263, 264, 265, 266, 267, 268, 269, 270, 271, 272, 273, 274, 275, 276, 277, 278, 279, 280, 281, 282, 283, 284, 285, 286, 287, 288, 289, 290, 291, 292, 293, 294, 295, 296, 297, 298, 299, 300, 301, 302, 303, 304, 305, 306, 307, 308, 309, 310, 311, 312, 313, 314, 315, 316, 317, 318, 319, 320, 321, 322, 323, 324, 325, 326, 327, 328, 329, 330, 331, 332, 333, 334, 335, 336, 337, 574, 575, 576, 577, 578, 579, 580, 581, 582, 583, 584, 585, 586, 587, 588, 589, 590, 591, 592, 593, 594, 595, 596, 597, 598, 599, 600, 601, 602, 603, 604, 605, 606, 607, 608, 609, 610, 611, 612, 613, 614, 615, 616, 617, 618, 619, 620, 621, 622, 623, 624, 625, 626, 627, 628, 629, 630, 631, 632, 633, 634, 635, 636, 637, 638, 639, 640, 641, 642, 643, 644, 645, 646, 647, 648, 649, 650, 651, 652, 653, 654, 655, 656, 657, 658, 659, 660, 661, 662, 663, 664, 665, 666, 667, 668, 669, 670, 671, 672, 673, 674, 675, 676, 677, 678, 679, 680, 681, 682, 683, 684, 685, 686, 687, 688, 689, 690, 691, 692, 693, 694, 695, 696, 697, 698, 699, 700, 701, 702, 703, 704, 705, 706, 707, 708, 709, 710, 711, 712, 713, 714, 715, 716, 717, 718, 719, 720, 721, 722, 723, 724, 725, 726, 727, 728, 729, 730, 731, 732, 733, 734, 735, 736, 737, 738, 739, 740, 741, 742, 743, 744, 745, 746, 747, 748, 749, 750, 751, 752, 753, 754, 755, 756, 757, 758, 759, 760, 761, 762, 763, 764, 765, 766, 767, 768, 769, 770, 771, 772, 773, 774, 775, 776, 777, 778, 779, 780, 781, 782, 783, 784, 785, 786, 787, 788, 789, 790, 791, 792, 793]","[0, 5, 7, 10, 14, 19, 20, 22, 24, 32, 33, 34, 37, 38, 40, 44, 46, 48, 49, 51, 56, 61, 63, 65, 67, 68, 73, 74, 75, 76, 79, 81, 82, 83, 85, 87, 88, 92, 93, 95, 96, 99, 100, 101, 115, 116, 124, 134, 142, 161, 167, 169, 170, 186, 202, 240, 244, 254, 260, 267, 277, 300, 303, 307, 310, 322, 331, 376, 485, 491, 493, 495, 499, 503, 504, 506, 508, 515, 518, 519, 521, 524, 526, 528, 533, 537, 539, 542, 543, 547, 548, 549, 550, 551, 553, 554, 556, 558, 559, 563, 564, 566, 567, 570, 571, 572, 586, 587, 595, 605, 613, 633, 639, 640, 641, 657, 672, 704, 717, 726, 736, 759, 761, 765, 768, 780, 788, 792, 826]","[26, 390, 474, 486, 509, 840, 922, 926]","[26, 300, 390, 474, 486, 509, 759, 840, 922, 926]","[0, 5, 7, 10, 14, 19, 20, 22, 24, 26, 32, 33, 34, 37, 38, 40, 44, 46, 48, 49, 51, 56, 61, 63, 65, 67, 68, 73, 74, 75, 76, 79, 81, 82, 83, 85, 87, 88, 92, 93, 95, 96, 99, 100, 101, 103, 104, 105, 106, 107, 108, 109, 110, 111, 112, 113, 114, 115, 116, 117, 118, 119, 120, 121, 122, 123, 124, 125, 126, 127, 128, 129, 130, 131, 132, 133, 134, 135, 136, 137, 138, 139, 140, 141, 142, 143, 144, 145, 146, 147, 148, 149, 150, 151, 152, 153, 154, 155, 156, 157, 158, 159, 160, 161, 162, 163, 164, 165, 166, 167, 168, 169, 170, 171, 172, 173, 174, 175, 176, 177, 178, 179, 180, 181, 182, 183, 184, 185, 186, 187, 188, 189, 190, 191, 192, 193, 194, 195, 196, 197, 198, 199, 200, 201, 202, 203, 204, 205, 206, 207, 208, 209, 210, 211, 212, 213, 214, 215, 216, 217, 218, 219, 220, 221, 222, 223, 224, 225, 226, 227, 228, 229, 230, 231, 232, 233, 234, 235, 236, 237, 238, 239, 240, 241, 242, 243, 244, 245, 246, 247, 248, 249, 250, 251, 252, 253, 254, 255, 256, 257, 258, 259, 260, 261, 262, 263, 264, 265, 266, 267, 268, 269, 270, 271, 272, 273, 274, 275, 276, 277, 278, 279, 280, 281, 282, 283, 284, 285, 286, 287, 288, 289, 290, 291, 292, 293, 294, 295, 296, 297, 298, 299, 300, 301, 302, 303, 304, 305, 306, 307, 308, 309, 310, 311, 312, 313, 314, 315, 316, 317, 318, 319, 320, 321, 322, 323, 324, 325, 326, 327, 328, 329, 330, 331, 332, 333, 334, 335, 336, 337, 376, 390, 474, 485, 486, 491, 493, 495, 499, 503, 504, 506, 508, 509, 515, 518, 519, 521, 524, 526, 528, 533, 537, 539, 542, 543, 547, 548, 549, 550, 551, 553, 554, 556, 558, 559, 563, 564, 566, 567, 570, 571, 572, 574, 575, 576, 577, 578, 579, 580, 581, 582, 583, 584, 585, 586, 587, 588, 589, 590, 591, 592, 593, 594, 595, 596, 597, 598, 599, 600, 601, 602, 603, 604, 605, 606, 607, 608, 609, 610, 611, 612, 613, 614, 615, 616, 617, 618, 619, 620, 621, 622, 623, 624, 625, 626, 627, 628, 629, 630, 631, 632, 633, 634, 635, 636, 637, 638, 639, 640, 641, 642, 643, 644, 645, 646, 647, 648, 649, 650, 651, 652, 653, 654, 655, 656, 657, 658, 659, 660, 661, 662, 663, 664, 665, 666, 667, 668, 669, 670, 671, 672, 673, 674, 675, 676, 677, 678, 679, 680, 681, 682, 683, 684, 685, 686, 687, 688, 689, 690, 691, 692, 693, 694, 695, 696, 697, 698, 699, 700, 701, 702, 703, 704, 705, 706, 707, 708, 709, 710, 711, 712, 713, 714, 715, 716, 717, 718, 719, 720, 721, 722, 723, 724, 725, 726, 727, 728, 729, 730, 731, 732, 733, 734, 735, 736, 737, 738, 739, 740, 741, 742, 743, 744, 745, 746, 747, 748, 749, 750, 751, 752, 753, 754, 755, 756, 757, 758, 759, 760, 761, 762, 763, 764, 765, 766, 767, 768, 769, 770, 771, 772, 773, 774, 775, 776, 777, 778, 779, 780, 781, 782, 783, 784, 785, 786, 787, 788, 789, 790, 791, 792, 793, 826, 840, 922, 926]",True,"[300, 759]","[103, 104, 105, 106, 107, 108, 109, 110, 111, 112, 113, 114, 115, 116, 117, 118, 119, 120, 121, 122, 123, 124, 125, 126, 127, 128, 129, 130, 131, 132, 133, 134, 135, 136, 137, 138, 139, 140, 141, 142, 143, 144, 145, 146, 147, 148, 149, 150, 151, 152, 153, 154, 155, 156, 157, 158, 159, 160, 161, 162, 163, 164, 165, 166, 167, 168, 169, 170, 171, 172, 173, 174, 175, 176, 177, 178, 179, 180, 181, 182, 183, 184, 185, 186, 187, 188, 189, 190, 191, 192, 193, 194, 195, 196, 197, 198, 199, 200, 201, 202, 203, 204, 205, 206, 207, 208, 209, 210, 211, 212, 213, 214, 215, 216, 217, 218, 219, 220, 221, 222, 223, 224, 225, 226, 227, 228, 229, 230, 231, 232, 233, 234, 235, 236, 237, 238, 239, 240, 241, 242, 243, 244, 245, 246, 247, 248, 249, 250, 251, 252, 253, 254, 255, 256, 257, 258, 259, 260, 261, 262, 263, 264, 265, 266, 267, 268, 269, 270, 271, 272, 273, 274, 275, 276, 277, 278, 279, 280, 281, 282, 283, 284, 285, 286, 287, 288, 289, 290, 291, 292, 293, 294, 295, 296, 297, 298, 299, 300, 301, 302, 303, 304, 305, 306, 307, 308, 309, 310, 311, 312, 313, 314, 315, 316, 317, 318, 319, 320, 321, 322, 323, 324, 325, 326, 327, 328, 329, 330, 331, 332, 333, 334, 335, 336, 337, 574, 575, 576, 577, 578, 579, 580, 581, 582, 583, 584, 585, 586, 587, 588, 589, 590, 591, 592, 593, 594, 595, 596, 597, 598, 599, 600, 601, 602, 603, 604, 605, 606, 607, 608, 609, 610, 611, 612, 613, 614, 615, 616, 617, 618, 619, 620, 621, 622, 623, 624, 625, 626, 627, 628, 629, 630, 631, 632, 633, 634, 635, 636, 637, 638, 639, 640, 641, 642, 643, 644, 645, 646, 647, 648, 649, 650, 651, 652, 653, 654, 655, 656, 657, 658, 659, 660, 661, 662, 663, 664, 665, 666, 667, 668, 669, 670, 671, 672, 673, 674, 675, 676, 677, 678, 679, 680, 681, 682, 683, 684, 685, 686, 687, 688, 689, 690, 691, 692, 693, 694, 695, 696, 697, 698, 699, 700, 701, 702, 703, 704, 705, 706, 707, 708, 709, 710, 711, 712, 713, 714, 715, 716, 717, 718, 719, 720, 721, 722, 723, 724, 725, 726, 727, 728, 729, 730, 731, 732, 733, 734, 735, 736, 737, 738, 739, 740, 741, 742, 743, 744, 745, 746, 747, 748, 749, 750, 751, 752, 753, 754, 755, 756, 757, 758, 759, 760, 761, 762, 763, 764, 765, 766, 767, 768, 769, 770, 771, 772, 773, 774, 775, 776, 777, 778, 779, 780, 781, 782, 783, 784, 785, 786, 787, 788, 789, 790, 791, 792, 793]","[294, 300, 753, 759]","[300, 330, 759, 787]","[0, 5, 7, 10, 14, 19, 20, 22, 24, 32, 33, 34, 37, 38, 40, 44, 46, 48, 49, 51, 56, 61, 63, 65, 67, 68, 73, 74, 75, 76, 79, 81, 82, 83, 85, 87, 88, 92, 93, 95, 96, 99, 100, 101, 115, 116, 124, 134, 142, 161, 167, 169, 170, 186, 202, 240, 244, 254, 260, 267, 277, 300, 303, 307, 310, 322, 331, 376, 485, 491, 493, 495, 499, 503, 504, 506, 508, 515, 518, 519, 521, 524, 526, 528, 533, 537, 539, 542, 543, 547, 548, 549, 550, 551, 553, 554, 556, 558, 559, 563, 564, 566, 567, 570, 571, 572, 586, 587, 595, 605, 613, 633, 639, 640, 641, 657, 672, 704, 717, 726, 736, 759, 761, 765, 768, 780, 788, 792, 826]","[26, 300, 390, 474, 486, 509, 759, 840, 922, 926]","[26, 390, 474, 486, 509, 840, 922, 926]",6/6 successful match,True,,False,247,False,,,,,
"Los Angeles , 90013 Superfine Texaco II","213-626-1259 I-10 Exit 15 B ( Alameda , 1 mi N to 5th )",) 24,Los Angeles,90013,Superfine Texaco II,213-626-1259,2007,Los Angeles,CA,Texaco,"( Alameda , 1 mi N to 5th )",I-10 Exit 15 B ,Exit,15,False,,False,I-10,,,,,"[300, 759]","[300, 759]","[294, 300, 753, 759]","[300, 330, 759, 787]","[103, 104, 105, 106, 107, 108, 109, 110, 111, 112, 113, 114, 115, 116, 117, 118, 119, 120, 121, 122, 123, 124, 125, 126, 127, 128, 129, 130, 131, 132, 133, 134, 135, 136, 137, 138, 139, 140, 141, 142, 143, 144, 145, 146, 147, 148, 149, 150, 151, 152, 153, 154, 155, 156, 157, 158, 159, 160, 161, 162, 163, 164, 165, 166, 167, 168, 169, 170, 171, 172, 173, 174, 175, 176, 177, 178, 179, 180, 181, 182, 183, 184, 185, 186, 187, 188, 189, 190, 191, 192, 193, 194, 195, 196, 197, 198, 199, 200, 201, 202, 203, 204, 205, 206, 207, 208, 209, 210, 211, 212, 213, 214, 215, 216, 217, 218, 219, 220, 221, 222, 223, 224, 225, 226, 227, 228, 229, 230, 231, 232, 233, 234, 235, 236, 237, 238, 239, 240, 241, 242, 243, 244, 245, 246, 247, 248, 249, 250, 251, 252, 253, 254, 255, 256, 257, 258, 259, 260, 261, 262, 263, 264, 265, 266, 267, 268, 269, 270, 271, 272, 273, 274, 275, 276, 277, 278, 279, 280, 281, 282, 283, 284, 285, 286, 287, 288, 289, 290, 291, 292, 293, 294, 295, 296, 297, 298, 299, 300, 301, 302, 303, 304, 305, 306, 307, 308, 309, 310, 311, 312, 313, 314, 315, 316, 317, 318, 319, 320, 321, 322, 323, 324, 325, 326, 327, 328, 329, 330, 331, 332, 333, 334, 335, 336, 337, 574, 575, 576, 577, 578, 579, 580, 581, 582, 583, 584, 585, 586, 587, 588, 589, 590, 591, 592, 593, 594, 595, 596, 597, 598, 599, 600, 601, 602, 603, 604, 605, 606, 607, 608, 609, 610, 611, 612, 613, 614, 615, 616, 617, 618, 619, 620, 621, 622, 623, 624, 625, 626, 627, 628, 629, 630, 631, 632, 633, 634, 635, 636, 637, 638, 639, 640, 641, 642, 643, 644, 645, 646, 647, 648, 649, 650, 651, 652, 653, 654, 655, 656, 657, 658, 659, 660, 661, 662, 663, 664, 665, 666, 667, 668, 669, 670, 671, 672, 673, 674, 675, 676, 677, 678, 679, 680, 681, 682, 683, 684, 685, 686, 687, 688, 689, 690, 691, 692, 693, 694, 695, 696, 697, 698, 699, 700, 701, 702, 703, 704, 705, 706, 707, 708, 709, 710, 711, 712, 713, 714, 715, 716, 717, 718, 719, 720, 721, 722, 723, 724, 725, 726, 727, 728, 729, 730, 731, 732, 733, 734, 735, 736, 737, 738, 739, 740, 741, 742, 743, 744, 745, 746, 747, 748, 749, 750, 751, 752, 753, 754, 755, 756, 757, 758, 759, 760, 761, 762, 763, 764, 765, 766, 767, 768, 769, 770, 771, 772, 773, 774, 775, 776, 777, 778, 779, 780, 781, 782, 783, 784, 785, 786, 787, 788, 789, 790, 791, 792, 793]","[0, 5, 7, 10, 14, 19, 20, 22, 24, 32, 33, 34, 37, 38, 40, 44, 46, 48, 49, 51, 56, 61, 63, 65, 67, 68, 73, 74, 75, 76, 79, 81, 82, 83, 85, 87, 88, 92, 93, 95, 96, 99, 100, 101, 115, 116, 124, 134, 142, 161, 167, 169, 170, 186, 202, 240, 244, 254, 260, 267, 277, 300, 303, 307, 310, 322, 331, 376, 485, 491, 493, 495, 499, 503, 504, 506, 508, 515, 518, 519, 521, 524, 526, 528, 533, 537, 539, 542, 543, 547, 548, 549, 550, 551, 553, 554, 556, 558, 559, 563, 564, 566, 567, 570, 571, 572, 586, 587, 595, 605, 613, 633, 639, 640, 641, 657, 672, 704, 717, 726, 736, 759, 761, 765, 768, 780, 788, 792, 826]","[26, 390, 474, 486, 509, 840, 922, 926]","[26, 300, 390, 474, 486, 509, 759, 840, 922, 926]","[0, 5, 7, 10, 14, 19, 20, 22, 24, 26, 32, 33, 34, 37, 38, 40, 44, 46, 48, 49, 51, 56, 61, 63, 65, 67, 68, 73, 74, 75, 76, 79, 81, 82, 83, 85, 87, 88, 92, 93, 95, 96, 99, 100, 101, 103, 104, 105, 106, 107, 108, 109, 110, 111, 112, 113, 114, 115, 116, 117, 118, 119, 120, 121, 122, 123, 124, 125, 126, 127, 128, 129, 130, 131, 132, 133, 134, 135, 136, 137, 138, 139, 140, 141, 142, 143, 144, 145, 146, 147, 148, 149, 150, 151, 152, 153, 154, 155, 156, 157, 158, 159, 160, 161, 162, 163, 164, 165, 166, 167, 168, 169, 170, 171, 172, 173, 174, 175, 176, 177, 178, 179, 180, 181, 182, 183, 184, 185, 186, 187, 188, 189, 190, 191, 192, 193, 194, 195, 196, 197, 198, 199, 200, 201, 202, 203, 204, 205, 206, 207, 208, 209, 210, 211, 212, 213, 214, 215, 216, 217, 218, 219, 220, 221, 222, 223, 224, 225, 226, 227, 228, 229, 230, 231, 232, 233, 234, 235, 236, 237, 238, 239, 240, 241, 242, 243, 244, 245, 246, 247, 248, 249, 250, 251, 252, 253, 254, 255, 256, 257, 258, 259, 260, 261, 262, 263, 264, 265, 266, 267, 268, 269, 270, 271, 272, 273, 274, 275, 276, 277, 278, 279, 280, 281, 282, 283, 284, 285, 286, 287, 288, 289, 290, 291, 292, 293, 294, 295, 296, 297, 298, 299, 300, 301, 302, 303, 304, 305, 306, 307, 308, 309, 310, 311, 312, 313, 314, 315, 316, 317, 318, 319, 320, 321, 322, 323, 324, 325, 326, 327, 328, 329, 330, 331, 332, 333, 334, 335, 336, 337, 376, 390, 474, 485, 486, 491, 493, 495, 499, 503, 504, 506, 508, 509, 515, 518, 519, 521, 524, 526, 528, 533, 537, 539, 542, 543, 547, 548, 549, 550, 551, 553, 554, 556, 558, 559, 563, 564, 566, 567, 570, 571, 572, 574, 575, 576, 577, 578, 579, 580, 581, 582, 583, 584, 585, 586, 587, 588, 589, 590, 591, 592, 593, 594, 595, 596, 597, 598, 599, 600, 601, 602, 603, 604, 605, 606, 607, 608, 609, 610, 611, 612, 613, 614, 615, 616, 617, 618, 619, 620, 621, 622, 623, 624, 625, 626, 627, 628, 629, 630, 631, 632, 633, 634, 635, 636, 637, 638, 639, 640, 641, 642, 643, 644, 645, 646, 647, 648, 649, 650, 651, 652, 653, 654, 655, 656, 657, 658, 659, 660, 661, 662, 663, 664, 665, 666, 667, 668, 669, 670, 671, 672, 673, 674, 675, 676, 677, 678, 679, 680, 681, 682, 683, 684, 685, 686, 687, 688, 689, 690, 691, 692, 693, 694, 695, 696, 697, 698, 699, 700, 701, 702, 703, 704, 705, 706, 707, 708, 709, 710, 711, 712, 713, 714, 715, 716, 717, 718, 719, 720, 721, 722, 723, 724, 725, 726, 727, 728, 729, 730, 731, 732, 733, 734, 735, 736, 737, 738, 739, 740, 741, 742, 743, 744, 745, 746, 747, 748, 749, 750, 751, 752, 753, 754, 755, 756, 757, 758, 759, 760, 761, 762, 763, 764, 765, 766, 767, 768, 769, 770, 771, 772, 773, 774, 775, 776, 777, 778, 779, 780, 781, 782, 783, 784, 785, 786, 787, 788, 789, 790, 791, 792, 793, 826, 840, 922, 926]",True,"[300, 759]","[103, 104, 105, 106, 107, 108, 109, 110, 111, 112, 113, 114, 115, 116, 117, 118, 119, 120, 121, 122, 123, 124, 125, 126, 127, 128, 129, 130, 131, 132, 133, 134, 135, 136, 137, 138, 139, 140, 141, 142, 143, 144, 145, 146, 147, 148, 149, 150, 151, 152, 153, 154, 155, 156, 157, 158, 159, 160, 161, 162, 163, 164, 165, 166, 167, 168, 169, 170, 171, 172, 173, 174, 175, 176, 177, 178, 179, 180, 181, 182, 183, 184, 185, 186, 187, 188, 189, 190, 191, 192, 193, 194, 195, 196, 197, 198, 199, 200, 201, 202, 203, 204, 205, 206, 207, 208, 209, 210, 211, 212, 213, 214, 215, 216, 217, 218, 219, 220, 221, 222, 223, 224, 225, 226, 227, 228, 229, 230, 231, 232, 233, 234, 235, 236, 237, 238, 239, 240, 241, 242, 243, 244, 245, 246, 247, 248, 249, 250, 251, 252, 253, 254, 255, 256, 257, 258, 259, 260, 261, 262, 263, 264, 265, 266, 267, 268, 269, 270, 271, 272, 273, 274, 275, 276, 277, 278, 279, 280, 281, 282, 283, 284, 285, 286, 287, 288, 289, 290, 291, 292, 293, 294, 295, 296, 297, 298, 299, 300, 301, 302, 303, 304, 305, 306, 307, 308, 309, 310, 311, 312, 313, 314, 315, 316, 317, 318, 319, 320, 321, 322, 323, 324, 325, 326, 327, 328, 329, 330, 331, 332, 333, 334, 335, 336, 337, 574, 575, 576, 577, 578, 579, 580, 581, 582, 583, 584, 585, 586, 587, 588, 589, 590, 591, 592, 593, 594, 595, 596, 597, 598, 599, 600, 601, 602, 603, 604, 605, 606, 607, 608, 609, 610, 611, 612, 613, 614, 615, 616, 617, 618, 619, 620, 621, 622, 623, 624, 625, 626, 627, 628, 629, 630, 631, 632, 633, 634, 635, 636, 637, 638, 639, 640, 641, 642, 643, 644, 645, 646, 647, 648, 649, 650, 651, 652, 653, 654, 655, 656, 657, 658, 659, 660, 661, 662, 663, 664, 665, 666, 667, 668, 669, 670, 671, 672, 673, 674, 675, 676, 677, 678, 679, 680, 681, 682, 683, 684, 685, 686, 687, 688, 689, 690, 691, 692, 693, 694, 695, 696, 697, 698, 699, 700, 701, 702, 703, 704, 705, 706, 707, 708, 709, 710, 711, 712, 713, 714, 715, 716, 717, 718, 719, 720, 721, 722, 723, 724, 725, 726, 727, 728, 729, 730, 731, 732, 733, 734, 735, 736, 737, 738, 739, 740, 741, 742, 743, 744, 745, 746, 747, 748, 749, 750, 751, 752, 753, 754, 755, 756, 757, 758, 759, 760, 761, 762, 763, 764, 765, 766, 767, 768, 769, 770, 771, 772, 773, 774, 775, 776, 777, 778, 779, 780, 781, 782, 783, 784, 785, 786, 787, 788, 789, 790, 791, 792, 793]","[294, 300, 753, 759]","[300, 330, 759, 787]","[0, 5, 7, 10, 14, 19, 20, 22, 24, 32, 33, 34, 37, 38, 40, 44, 46, 48, 49, 51, 56, 61, 63, 65, 67, 68, 73, 74, 75, 76, 79, 81, 82, 83, 85, 87, 88, 92, 93, 95, 96, 99, 100, 101, 115, 116, 124, 134, 142, 161, 167, 169, 170, 186, 202, 240, 244, 254, 260, 267, 277, 300, 303, 307, 310, 322, 331, 376, 485, 491, 493, 495, 499, 503, 504, 506, 508, 515, 518, 519, 521, 524, 526, 528, 533, 537, 539, 542, 543, 547, 548, 549, 550, 551, 553, 554, 556, 558, 559, 563, 564, 566, 567, 570, 571, 572, 586, 587, 595, 605, 613, 633, 639, 640, 641, 657, 672, 704, 717, 726, 736, 759, 761, 765, 768, 780, 788, 792, 826]","[26, 300, 390, 474, 486, 509, 759, 840, 922, 926]","[26, 390, 474, 486, 509, 840, 922, 926]",6/6 successful match,True,,False,247,False,,1.0,True,Superfine Texaco II,Texaco
"Los Angeles , 90013 Superfine Ex 2 Valero ( 2 blks W to 1670 PCH ( CA 1 ) )","5 213-626-1259 I-10 Exit 15 B ( Alameda , 1 mi N to 124",) ) 124 <U+25A1>,Los Angeles,90013,Superfine Ex 2 Valero ( 2 blks W to 1670 PCH ( CA 1 ) ),213-626-1259,2008,Los Angeles,CA,Valero,"( Alameda , 1 mi N to 124",I-10 Exit 15 B ,Exit,15,False,,False,I-10,,,,,"[300, 759]","[300, 759]","[294, 300, 753, 759]","[300, 330, 759, 787]","[103, 104, 105, 106, 107, 108, 109, 110, 111, 112, 113, 114, 115, 116, 117, 118, 119, 120, 121, 122, 123, 124, 125, 126, 127, 128, 129, 130, 131, 132, 133, 134, 135, 136, 137, 138, 139, 140, 141, 142, 143, 144, 145, 146, 147, 148, 149, 150, 151, 152, 153, 154, 155, 156, 157, 158, 159, 160, 161, 162, 163, 164, 165, 166, 167, 168, 169, 170, 171, 172, 173, 174, 175, 176, 177, 178, 179, 180, 181, 182, 183, 184, 185, 186, 187, 188, 189, 190, 191, 192, 193, 194, 195, 196, 197, 198, 199, 200, 201, 202, 203, 204, 205, 206, 207, 208, 209, 210, 211, 212, 213, 214, 215, 216, 217, 218, 219, 220, 221, 222, 223, 224, 225, 226, 227, 228, 229, 230, 231, 232, 233, 234, 235, 236, 237, 238, 239, 240, 241, 242, 243, 244, 245, 246, 247, 248, 249, 250, 251, 252, 253, 254, 255, 256, 257, 258, 259, 260, 261, 262, 263, 264, 265, 266, 267, 268, 269, 270, 271, 272, 273, 274, 275, 276, 277, 278, 279, 280, 281, 282, 283, 284, 285, 286, 287, 288, 289, 290, 291, 292, 293, 294, 295, 296, 297, 298, 299, 300, 301, 302, 303, 304, 305, 306, 307, 308, 309, 310, 311, 312, 313, 314, 315, 316, 317, 318, 319, 320, 321, 322, 323, 324, 325, 326, 327, 328, 329, 330, 331, 332, 333, 334, 335, 336, 337, 574, 575, 576, 577, 578, 579, 580, 581, 582, 583, 584, 585, 586, 587, 588, 589, 590, 591, 592, 593, 594, 595, 596, 597, 598, 599, 600, 601, 602, 603, 604, 605, 606, 607, 608, 609, 610, 611, 612, 613, 614, 615, 616, 617, 618, 619, 620, 621, 622, 623, 624, 625, 626, 627, 628, 629, 630, 631, 632, 633, 634, 635, 636, 637, 638, 639, 640, 641, 642, 643, 644, 645, 646, 647, 648, 649, 650, 651, 652, 653, 654, 655, 656, 657, 658, 659, 660, 661, 662, 663, 664, 665, 666, 667, 668, 669, 670, 671, 672, 673, 674, 675, 676, 677, 678, 679, 680, 681, 682, 683, 684, 685, 686, 687, 688, 689, 690, 691, 692, 693, 694, 695, 696, 697, 698, 699, 700, 701, 702, 703, 704, 705, 706, 707, 708, 709, 710, 711, 712, 713, 714, 715, 716, 717, 718, 719, 720, 721, 722, 723, 724, 725, 726, 727, 728, 729, 730, 731, 732, 733, 734, 735, 736, 737, 738, 739, 740, 741, 742, 743, 744, 745, 746, 747, 748, 749, 750, 751, 752, 753, 754, 755, 756, 757, 758, 759, 760, 761, 762, 763, 764, 765, 766, 767, 768, 769, 770, 771, 772, 773, 774, 775, 776, 777, 778, 779, 780, 781, 782, 783, 784, 785, 786, 787, 788, 789, 790, 791, 792, 793]","[0, 5, 7, 10, 14, 19, 20, 22, 24, 32, 33, 34, 37, 38, 40, 44, 46, 48, 49, 51, 56, 61, 63, 65, 67, 68, 73, 74, 75, 76, 79, 81, 82, 83, 85, 87, 88, 92, 93, 95, 96, 99, 100, 101, 115, 116, 124, 134, 142, 161, 167, 169, 170, 186, 202, 240, 244, 254, 260, 267, 277, 300, 303, 307, 310, 322, 331, 376, 485, 491, 493, 495, 499, 503, 504, 506, 508, 515, 518, 519, 521, 524, 526, 528, 533, 537, 539, 542, 543, 547, 548, 549, 550, 551, 553, 554, 556, 558, 559, 563, 564, 566, 567, 570, 571, 572, 586, 587, 595, 605, 613, 633, 639, 640, 641, 657, 672, 704, 717, 726, 736, 759, 761, 765, 768, 780, 788, 792, 826]","[2, 9, 10, 82, 111, 112, 113, 199, 279, 284, 285, 300, 488, 494, 495, 553, 581, 582, 583, 670, 738, 743, 744, 759, 818]","[2, 9, 10, 82, 111, 112, 113, 199, 236, 279, 284, 285, 300, 488, 494, 495, 553, 581, 582, 583, 670, 700, 738, 743, 744, 759, 818]","[0, 2, 5, 7, 9, 10, 14, 19, 20, 22, 24, 32, 33, 34, 37, 38, 40, 44, 46, 48, 49, 51, 56, 61, 63, 65, 67, 68, 73, 74, 75, 76, 79, 81, 82, 83, 85, 87, 88, 92, 93, 95, 96, 99, 100, 101, 103, 104, 105, 106, 107, 108, 109, 110, 111, 112, 113, 114, 115, 116, 117, 118, 119, 120, 121, 122, 123, 124, 125, 126, 127, 128, 129, 130, 131, 132, 133, 134, 135, 136, 137, 138, 139, 140, 141, 142, 143, 144, 145, 146, 147, 148, 149, 150, 151, 152, 153, 154, 155, 156, 157, 158, 159, 160, 161, 162, 163, 164, 165, 166, 167, 168, 169, 170, 171, 172, 173, 174, 175, 176, 177, 178, 179, 180, 181, 182, 183, 184, 185, 186, 187, 188, 189, 190, 191, 192, 193, 194, 195, 196, 197, 198, 199, 200, 201, 202, 203, 204, 205, 206, 207, 208, 209, 210, 211, 212, 213, 214, 215, 216, 217, 218, 219, 220, 221, 222, 223, 224, 225, 226, 227, 228, 229, 230, 231, 232, 233, 234, 235, 236, 237, 238, 239, 240, 241, 242, 243, 244, 245, 246, 247, 248, 249, 250, 251, 252, 253, 254, 255, 256, 257, 258, 259, 260, 261, 262, 263, 264, 265, 266, 267, 268, 269, 270, 271, 272, 273, 274, 275, 276, 277, 278, 279, 280, 281, 282, 283, 284, 285, 286, 287, 288, 289, 290, 291, 292, 293, 294, 295, 296, 297, 298, 299, 300, 301, 302, 303, 304, 305, 306, 307, 308, 309, 310, 311, 312, 313, 314, 315, 316, 317, 318, 319, 320, 321, 322, 323, 324, 325, 326, 327, 328, 329, 330, 331, 332, 333, 334, 335, 336, 337, 376, 485, 488, 491, 493, 494, 495, 499, 503, 504, 506, 508, 515, 518, 519, 521, 524, 526, 528, 533, 537, 539, 542, 543, 547, 548, 549, 550, 551, 553, 554, 556, 558, 559, 563, 564, 566, 567, 570, 571, 572, 574, 575, 576, 577, 578, 579, 580, 581, 582, 583, 584, 585, 586, 587, 588, 589, 590, 591, 592, 593, 594, 595, 596, 597, 598, 599, 600, 601, 602, 603, 604, 605, 606, 607, 608, 609, 610, 611, 612, 613, 614, 615, 616, 617, 618, 619, 620, 621, 622, 623, 624, 625, 626, 627, 628, 629, 630, 631, 632, 633, 634, 635, 636, 637, 638, 639, 640, 641, 642, 643, 644, 645, 646, 647, 648, 649, 650, 651, 652, 653, 654, 655, 656, 657, 658, 659, 660, 661, 662, 663, 664, 665, 666, 667, 668, 669, 670, 671, 672, 673, 674, 675, 676, 677, 678, 679, 680, 681, 682, 683, 684, 685, 686, 687, 688, 689, 690, 691, 692, 693, 694, 695, 696, 697, 698, 699, 700, 701, 702, 703, 704, 705, 706, 707, 708, 709, 710, 711, 712, 713, 714, 715, 716, 717, 718, 719, 720, 721, 722, 723, 724, 725, 726, 727, 728, 729, 730, 731, 732, 733, 734, 735, 736, 737, 738, 739, 740, 741, 742, 743, 744, 745, 746, 747, 748, 749, 750, 751, 752, 753, 754, 755, 756, 757, 758, 759, 760, 761, 762, 763, 764, 765, 766, 767, 768, 769, 770, 771, 772, 773, 774, 775, 776, 777, 778, 779, 780, 781, 782, 783, 784, 785, 786, 787, 788, 789, 790, 791, 792, 793, 818, 826]",True,"[300, 759]","[103, 104, 105, 106, 107, 108, 109, 110, 111, 112, 113, 114, 115, 116, 117, 118, 119, 120, 121, 122, 123, 124, 125, 126, 127, 128, 129, 130, 131, 132, 133, 134, 135, 136, 137, 138, 139, 140, 141, 142, 143, 144, 145, 146, 147, 148, 149, 150, 151, 152, 153, 154, 155, 156, 157, 158, 159, 160, 161, 162, 163, 164, 165, 166, 167, 168, 169, 170, 171, 172, 173, 174, 175, 176, 177, 178, 179, 180, 181, 182, 183, 184, 185, 186, 187, 188, 189, 190, 191, 192, 193, 194, 195, 196, 197, 198, 199, 200, 201, 202, 203, 204, 205, 206, 207, 208, 209, 210, 211, 212, 213, 214, 215, 216, 217, 218, 219, 220, 221, 222, 223, 224, 225, 226, 227, 228, 229, 230, 231, 232, 233, 234, 235, 236, 237, 238, 239, 240, 241, 242, 243, 244, 245, 246, 247, 248, 249, 250, 251, 252, 253, 254, 255, 256, 257, 258, 259, 260, 261, 262, 263, 264, 265, 266, 267, 268, 269, 270, 271, 272, 273, 274, 275, 276, 277, 278, 279, 280, 281, 282, 283, 284, 285, 286, 287, 288, 289, 290, 291, 292, 293, 294, 295, 296, 297, 298, 299, 300, 301, 302, 303, 304, 305, 306, 307, 308, 309, 310, 311, 312, 313, 314, 315, 316, 317, 318, 319, 320, 321, 322, 323, 324, 325, 326, 327, 328, 329, 330, 331, 332, 333, 334, 335, 336, 337, 574, 575, 576, 577, 578, 579, 580, 581, 582, 583, 584, 585, 586, 587, 588, 589, 590, 591, 592, 593, 594, 595, 596, 597, 598, 599, 600, 601, 602, 603, 604, 605, 606, 607, 608, 609, 610, 611, 612, 613, 614, 615, 616, 617, 618, 619, 620, 621, 622, 623, 624, 625, 626, 627, 628, 629, 630, 631, 632, 633, 634, 635, 636, 637, 638, 639, 640, 641, 642, 643, 644, 645, 646, 647, 648, 649, 650, 651, 652, 653, 654, 655, 656, 657, 658, 659, 660, 661, 662, 663, 664, 665, 666, 667, 668, 669, 670, 671, 672, 673, 674, 675, 676, 677, 678, 679, 680, 681, 682, 683, 684, 685, 686, 687, 688, 689, 690, 691, 692, 693, 694, 695, 696, 697, 698, 699, 700, 701, 702, 703, 704, 705, 706, 707, 708, 709, 710, 711, 712, 713, 714, 715, 716, 717, 718, 719, 720, 721, 722, 723, 724, 725, 726, 727, 728, 729, 730, 731, 732, 733, 734, 735, 736, 737, 738, 739, 740, 741, 742, 743, 744, 745, 746, 747, 748, 749, 750, 751, 752, 753, 754, 755, 756, 757, 758, 759, 760, 761, 762, 763, 764, 765, 766, 767, 768, 769, 770, 771, 772, 773, 774, 775, 776, 777, 778, 779, 780, 781, 782, 783, 784, 785, 786, 787, 788, 789, 790, 791, 792, 793]","[294, 300, 753, 759]","[300, 330, 759, 787]","[0, 5, 7, 10, 14, 19, 20, 22, 24, 32, 33, 34, 37, 38, 40, 44, 46, 48, 49, 51, 56, 61, 63, 65, 67, 68, 73, 74, 75, 76, 79, 81, 82, 83, 85, 87, 88, 92, 93, 95, 96, 99, 100, 101, 115, 116, 124, 134, 142, 161, 167, 169, 170, 186, 202, 240, 244, 254, 260, 267, 277, 300, 303, 307, 310, 322, 331, 376, 485, 491, 493, 495, 499, 503, 504, 506, 508, 515, 518, 519, 521, 524, 526, 528, 533, 537, 539, 542, 543, 547, 548, 549, 550, 551, 553, 554, 556, 558, 559, 563, 564, 566, 567, 570, 571, 572, 586, 587, 595, 605, 613, 633, 639, 640, 641, 657, 672, 704, 717, 726, 736, 759, 761, 765, 768, 780, 788, 792, 826]","[2, 9, 10, 82, 111, 112, 113, 199, 236, 279, 284, 285, 300, 488, 494, 495, 553, 581, 582, 583, 670, 700, 738, 743, 744, 759, 818]","[2, 9, 10, 82, 111, 112, 113, 199, 279, 284, 285, 300, 488, 494, 495, 553, 581, 582, 583, 670, 738, 743, 744, 759, 818]",7/6 successful match,True,,False,247,True,2008,0.4016216216216216,False,Superfine Texaco II,Texaco
Los Angeles ( 90013 ) Superfine Valero,"213-626-1259 I-10 Exit 15 B ( Alameda , 1 mi N to 5th )",) 24 24 <U+2610> <U+2610> O <U+25A1>,Los Angeles,90013,Superfine Valero,213-626-1259,2014,Los Angeles,CA,Valero,"( Alameda , 1 mi N to 5th )",I-10 Exit 15 B ,Exit,15,False,,False,I-10,,,,,"[300, 759]","[300, 759]","[294, 300, 753, 759]","[300, 330, 759, 787]","[103, 104, 105, 106, 107, 108, 109, 110, 111, 112, 113, 114, 115, 116, 117, 118, 119, 120, 121, 122, 123, 124, 125, 126, 127, 128, 129, 130, 131, 132, 133, 134, 135, 136, 137, 138, 139, 140, 141, 142, 143, 144, 145, 146, 147, 148, 149, 150, 151, 152, 153, 154, 155, 156, 157, 158, 159, 160, 161, 162, 163, 164, 165, 166, 167, 168, 169, 170, 171, 172, 173, 174, 175, 176, 177, 178, 179, 180, 181, 182, 183, 184, 185, 186, 187, 188, 189, 190, 191, 192, 193, 194, 195, 196, 197, 198, 199, 200, 201, 202, 203, 204, 205, 206, 207, 208, 209, 210, 211, 212, 213, 214, 215, 216, 217, 218, 219, 220, 221, 222, 223, 224, 225, 226, 227, 228, 229, 230, 231, 232, 233, 234, 235, 236, 237, 238, 239, 240, 241, 242, 243, 244, 245, 246, 247, 248, 249, 250, 251, 252, 253, 254, 255, 256, 257, 258, 259, 260, 261, 262, 263, 264, 265, 266, 267, 268, 269, 270, 271, 272, 273, 274, 275, 276, 277, 278, 279, 280, 281, 282, 283, 284, 285, 286, 287, 288, 289, 290, 291, 292, 293, 294, 295, 296, 297, 298, 299, 300, 301, 302, 303, 304, 305, 306, 307, 308, 309, 310, 311, 312, 313, 314, 315, 316, 317, 318, 319, 320, 321, 322, 323, 324, 325, 326, 327, 328, 329, 330, 331, 332, 333, 334, 335, 336, 337, 574, 575, 576, 577, 578, 579, 580, 581, 582, 583, 584, 585, 586, 587, 588, 589, 590, 591, 592, 593, 594, 595, 596, 597, 598, 599, 600, 601, 602, 603, 604, 605, 606, 607, 608, 609, 610, 611, 612, 613, 614, 615, 616, 617, 618, 619, 620, 621, 622, 623, 624, 625, 626, 627, 628, 629, 630, 631, 632, 633, 634, 635, 636, 637, 638, 639, 640, 641, 642, 643, 644, 645, 646, 647, 648, 649, 650, 651, 652, 653, 654, 655, 656, 657, 658, 659, 660, 661, 662, 663, 664, 665, 666, 667, 668, 669, 670, 671, 672, 673, 674, 675, 676, 677, 678, 679, 680, 681, 682, 683, 684, 685, 686, 687, 688, 689, 690, 691, 692, 693, 694, 695, 696, 697, 698, 699, 700, 701, 702, 703, 704, 705, 706, 707, 708, 709, 710, 711, 712, 713, 714, 715, 716, 717, 718, 719, 720, 721, 722, 723, 724, 725, 726, 727, 728, 729, 730, 731, 732, 733, 734, 735, 736, 737, 738, 739, 740, 741, 742, 743, 744, 745, 746, 747, 748, 749, 750, 751, 752, 753, 754, 755, 756, 757, 758, 759, 760, 761, 762, 763, 764, 765, 766, 767, 768, 769, 770, 771, 772, 773, 774, 775, 776, 777, 778, 779, 780, 781, 782, 783, 784, 785, 786, 787, 788, 789, 790, 791, 792, 793]","[0, 5, 7, 10, 14, 19, 20, 22, 24, 32, 33, 34, 37, 38, 40, 44, 46, 48, 49, 51, 56, 61, 63, 65, 67, 68, 73, 74, 75, 76, 79, 81, 82, 83, 85, 87, 88, 92, 93, 95, 96, 99, 100, 101, 115, 116, 124, 134, 142, 161, 167, 169, 170, 186, 202, 240, 244, 254, 260, 267, 277, 300, 303, 307, 310, 322, 331, 376, 485, 491, 493, 495, 499, 503, 504, 506, 508, 515, 518, 519, 521, 524, 526, 528, 533, 537, 539, 542, 543, 547, 548, 549, 550, 551, 553, 554, 556, 558, 559, 563, 564, 566, 567, 570, 571, 572, 586, 587, 595, 605, 613, 633, 639, 640, 641, 657, 672, 704, 717, 726, 736, 759, 761, 765, 768, 780, 788, 792, 826]","[2, 9, 10, 82, 111, 112, 113, 199, 279, 284, 285, 300, 488, 494, 495, 553, 581, 582, 583, 670, 738, 743, 744, 759, 818]","[2, 9, 10, 82, 111, 112, 113, 199, 279, 284, 285, 300, 488, 494, 495, 553, 581, 582, 583, 670, 738, 743, 744, 759, 818]","[0, 2, 5, 7, 9, 10, 14, 19, 20, 22, 24, 32, 33, 34, 37, 38, 40, 44, 46, 48, 49, 51, 56, 61, 63, 65, 67, 68, 73, 74, 75, 76, 79, 81, 82, 83, 85, 87, 88, 92, 93, 95, 96, 99, 100, 101, 103, 104, 105, 106, 107, 108, 109, 110, 111, 112, 113, 114, 115, 116, 117, 118, 119, 120, 121, 122, 123, 124, 125, 126, 127, 128, 129, 130, 131, 132, 133, 134, 135, 136, 137, 138, 139, 140, 141, 142, 143, 144, 145, 146, 147, 148, 149, 150, 151, 152, 153, 154, 155, 156, 157, 158, 159, 160, 161, 162, 163, 164, 165, 166, 167, 168, 169, 170, 171, 172, 173, 174, 175, 176, 177, 178, 179, 180, 181, 182, 183, 184, 185, 186, 187, 188, 189, 190, 191, 192, 193, 194, 195, 196, 197, 198, 199, 200, 201, 202, 203, 204, 205, 206, 207, 208, 209, 210, 211, 212, 213, 214, 215, 216, 217, 218, 219, 220, 221, 222, 223, 224, 225, 226, 227, 228, 229, 230, 231, 232, 233, 234, 235, 236, 237, 238, 239, 240, 241, 242, 243, 244, 245, 246, 247, 248, 249, 250, 251, 252, 253, 254, 255, 256, 257, 258, 259, 260, 261, 262, 263, 264, 265, 266, 267, 268, 269, 270, 271, 272, 273, 274, 275, 276, 277, 278, 279, 280, 281, 282, 283, 284, 285, 286, 287, 288, 289, 290, 291, 292, 293, 294, 295, 296, 297, 298, 299, 300, 301, 302, 303, 304, 305, 306, 307, 308, 309, 310, 311, 312, 313, 314, 315, 316, 317, 318, 319, 320, 321, 322, 323, 324, 325, 326, 327, 328, 329, 330, 331, 332, 333, 334, 335, 336, 337, 376, 485, 488, 491, 493, 494, 495, 499, 503, 504, 506, 508, 515, 518, 519, 521, 524, 526, 528, 533, 537, 539, 542, 543, 547, 548, 549, 550, 551, 553, 554, 556, 558, 559, 563, 564, 566, 567, 570, 571, 572, 574, 575, 576, 577, 578, 579, 580, 581, 582, 583, 584, 585, 586, 587, 588, 589, 590, 591, 592, 593, 594, 595, 596, 597, 598, 599, 600, 601, 602, 603, 604, 605, 606, 607, 608, 609, 610, 611, 612, 613, 614, 615, 616, 617, 618, 619, 620, 621, 622, 623, 624, 625, 626, 627, 628, 629, 630, 631, 632, 633, 634, 635, 636, 637, 638, 639, 640, 641, 642, 643, 644, 645, 646, 647, 648, 649, 650, 651, 652, 653, 654, 655, 656, 657, 658, 659, 660, 661, 662, 663, 664, 665, 666, 667, 668, 669, 670, 671, 672, 673, 674, 675, 676, 677, 678, 679, 680, 681, 682, 683, 684, 685, 686, 687, 688, 689, 690, 691, 692, 693, 694, 695, 696, 697, 698, 699, 700, 701, 702, 703, 704, 705, 706, 707, 708, 709, 710, 711, 712, 713, 714, 715, 716, 717, 718, 719, 720, 721, 722, 723, 724, 725, 726, 727, 728, 729, 730, 731, 732, 733, 734, 735, 736, 737, 738, 739, 740, 741, 742, 743, 744, 745, 746, 747, 748, 749, 750, 751, 752, 753, 754, 755, 756, 757, 758, 759, 760, 761, 762, 763, 764, 765, 766, 767, 768, 769, 770, 771, 772, 773, 774, 775, 776, 777, 778, 779, 780, 781, 782, 783, 784, 785, 786, 787, 788, 789, 790, 791, 792, 793, 818, 826]",True,"[300, 759]","[103, 104, 105, 106, 107, 108, 109, 110, 111, 112, 113, 114, 115, 116, 117, 118, 119, 120, 121, 122, 123, 124, 125, 126, 127, 128, 129, 130, 131, 132, 133, 134, 135, 136, 137, 138, 139, 140, 141, 142, 143, 144, 145, 146, 147, 148, 149, 150, 151, 152, 153, 154, 155, 156, 157, 158, 159, 160, 161, 162, 163, 164, 165, 166, 167, 168, 169, 170, 171, 172, 173, 174, 175, 176, 177, 178, 179, 180, 181, 182, 183, 184, 185, 186, 187, 188, 189, 190, 191, 192, 193, 194, 195, 196, 197, 198, 199, 200, 201, 202, 203, 204, 205, 206, 207, 208, 209, 210, 211, 212, 213, 214, 215, 216, 217, 218, 219, 220, 221, 222, 223, 224, 225, 226, 227, 228, 229, 230, 231, 232, 233, 234, 235, 236, 237, 238, 239, 240, 241, 242, 243, 244, 245, 246, 247, 248, 249, 250, 251, 252, 253, 254, 255, 256, 257, 258, 259, 260, 261, 262, 263, 264, 265, 266, 267, 268, 269, 270, 271, 272, 273, 274, 275, 276, 277, 278, 279, 280, 281, 282, 283, 284, 285, 286, 287, 288, 289, 290, 291, 292, 293, 294, 295, 296, 297, 298, 299, 300, 301, 302, 303, 304, 305, 306, 307, 308, 309, 310, 311, 312, 313, 314, 315, 316, 317, 318, 319, 320, 321, 322, 323, 324, 325, 326, 327, 328, 329, 330, 331, 332, 333, 334, 335, 336, 337, 574, 575, 576, 577, 578, 579, 580, 581, 582, 583, 584, 585, 586, 587, 588, 589, 590, 591, 592, 593, 594, 595, 596, 597, 598, 599, 600, 601, 602, 603, 604, 605, 606, 607, 608, 609, 610, 611, 612, 613, 614, 615, 616, 617, 618, 619, 620, 621, 622, 623, 624, 625, 626, 627, 628, 629, 630, 631, 632, 633, 634, 635, 636, 637, 638, 639, 640, 641, 642, 643, 644, 645, 646, 647, 648, 649, 650, 651, 652, 653, 654, 655, 656, 657, 658, 659, 660, 661, 662, 663, 664, 665, 666, 667, 668, 669, 670, 671, 672, 673, 674, 675, 676, 677, 678, 679, 680, 681, 682, 683, 684, 685, 686, 687, 688, 689, 690, 691, 692, 693, 694, 695, 696, 697, 698, 699, 700, 701, 702, 703, 704, 705, 706, 707, 708, 709, 710, 711, 712, 713, 714, 715, 716, 717, 718, 719, 720, 721, 722, 723, 724, 725, 726, 727, 728, 729, 730, 731, 732, 733, 734, 735, 736, 737, 738, 739, 740, 741, 742, 743, 744, 745, 746, 747, 748, 749, 750, 751, 752, 753, 754, 755, 756, 757, 758, 759, 760, 761, 762, 763, 764, 765, 766, 767, 768, 769, 770, 771, 772, 773, 774, 775, 776, 777, 778, 779, 780, 781, 782, 783, 784, 785, 786, 787, 788, 789, 790, 791, 792, 793]","[294, 300, 753, 759]","[300, 330, 759, 787]","[0, 5, 7, 10, 14, 19, 20, 22, 24, 32, 33, 34, 37, 38, 40, 44, 46, 48, 49, 51, 56, 61, 63, 65, 67, 68, 73, 74, 75, 76, 79, 81, 82, 83, 85, 87, 88, 92, 93, 95, 96, 99, 100, 101, 115, 116, 124, 134, 142, 161, 167, 169, 170, 186, 202, 240, 244, 254, 260, 267, 277, 300, 303, 307, 310, 322, 331, 376, 485, 491, 493, 495, 499, 503, 504, 506, 508, 515, 518, 519, 521, 524, 526, 528, 533, 537, 539, 542, 543, 547, 548, 549, 550, 551, 553, 554, 556, 558, 559, 563, 564, 566, 567, 570, 571, 572, 586, 587, 595, 605, 613, 633, 639, 640, 641, 657, 672, 704, 717, 726, 736, 759, 761, 765, 768, 780, 788, 792, 826]","[2, 9, 10, 82, 111, 112, 113, 199, 279, 284, 285, 300, 488, 494, 495, 553, 581, 582, 583, 670, 738, 743, 744, 759, 818]","[2, 9, 10, 82, 111, 112, 113, 199, 279, 284, 285, 300, 488, 494, 495, 553, 581, 582, 583, 670, 738, 743, 744, 759, 818]",7/6 successful match,True,,False,247,False,,0.7952112676056338,True,Superfine Ex 2 Valero ( 2 blks W to 1670 PCH ( CA 1 ) ),Valero
Los Angeles ( 90013 ) Superfine Valero,"213-626-1259 I-10 Exit 15 B ( Alameda , 1 mi N to 5th )",) 24 24 <U+25A1> D,Los Angeles,90013,Superfine Valero,213-626-1259,2015,Los Angeles,CA,Valero,"( Alameda , 1 mi N to 5th )",I-10 Exit 15 B ,Exit,15,False,,False,I-10,,,,,"[300, 759]","[300, 759]","[294, 300, 753, 759]","[300, 330, 759, 787]","[103, 104, 105, 106, 107, 108, 109, 110, 111, 112, 113, 114, 115, 116, 117, 118, 119, 120, 121, 122, 123, 124, 125, 126, 127, 128, 129, 130, 131, 132, 133, 134, 135, 136, 137, 138, 139, 140, 141, 142, 143, 144, 145, 146, 147, 148, 149, 150, 151, 152, 153, 154, 155, 156, 157, 158, 159, 160, 161, 162, 163, 164, 165, 166, 167, 168, 169, 170, 171, 172, 173, 174, 175, 176, 177, 178, 179, 180, 181, 182, 183, 184, 185, 186, 187, 188, 189, 190, 191, 192, 193, 194, 195, 196, 197, 198, 199, 200, 201, 202, 203, 204, 205, 206, 207, 208, 209, 210, 211, 212, 213, 214, 215, 216, 217, 218, 219, 220, 221, 222, 223, 224, 225, 226, 227, 228, 229, 230, 231, 232, 233, 234, 235, 236, 237, 238, 239, 240, 241, 242, 243, 244, 245, 246, 247, 248, 249, 250, 251, 252, 253, 254, 255, 256, 257, 258, 259, 260, 261, 262, 263, 264, 265, 266, 267, 268, 269, 270, 271, 272, 273, 274, 275, 276, 277, 278, 279, 280, 281, 282, 283, 284, 285, 286, 287, 288, 289, 290, 291, 292, 293, 294, 295, 296, 297, 298, 299, 300, 301, 302, 303, 304, 305, 306, 307, 308, 309, 310, 311, 312, 313, 314, 315, 316, 317, 318, 319, 320, 321, 322, 323, 324, 325, 326, 327, 328, 329, 330, 331, 332, 333, 334, 335, 336, 337, 574, 575, 576, 577, 578, 579, 580, 581, 582, 583, 584, 585, 586, 587, 588, 589, 590, 591, 592, 593, 594, 595, 596, 597, 598, 599, 600, 601, 602, 603, 604, 605, 606, 607, 608, 609, 610, 611, 612, 613, 614, 615, 616, 617, 618, 619, 620, 621, 622, 623, 624, 625, 626, 627, 628, 629, 630, 631, 632, 633, 634, 635, 636, 637, 638, 639, 640, 641, 642, 643, 644, 645, 646, 647, 648, 649, 650, 651, 652, 653, 654, 655, 656, 657, 658, 659, 660, 661, 662, 663, 664, 665, 666, 667, 668, 669, 670, 671, 672, 673, 674, 675, 676, 677, 678, 679, 680, 681, 682, 683, 684, 685, 686, 687, 688, 689, 690, 691, 692, 693, 694, 695, 696, 697, 698, 699, 700, 701, 702, 703, 704, 705, 706, 707, 708, 709, 710, 711, 712, 713, 714, 715, 716, 717, 718, 719, 720, 721, 722, 723, 724, 725, 726, 727, 728, 729, 730, 731, 732, 733, 734, 735, 736, 737, 738, 739, 740, 741, 742, 743, 744, 745, 746, 747, 748, 749, 750, 751, 752, 753, 754, 755, 756, 757, 758, 759, 760, 761, 762, 763, 764, 765, 766, 767, 768, 769, 770, 771, 772, 773, 774, 775, 776, 777, 778, 779, 780, 781, 782, 783, 784, 785, 786, 787, 788, 789, 790, 791, 792, 793]","[0, 5, 7, 10, 14, 19, 20, 22, 24, 32, 33, 34, 37, 38, 40, 44, 46, 48, 49, 51, 56, 61, 63, 65, 67, 68, 73, 74, 75, 76, 79, 81, 82, 83, 85, 87, 88, 92, 93, 95, 96, 99, 100, 101, 115, 116, 124, 134, 142, 161, 167, 169, 170, 186, 202, 240, 244, 254, 260, 267, 277, 300, 303, 307, 310, 322, 331, 376, 485, 491, 493, 495, 499, 503, 504, 506, 508, 515, 518, 519, 521, 524, 526, 528, 533, 537, 539, 542, 543, 547, 548, 549, 550, 551, 553, 554, 556, 558, 559, 563, 564, 566, 567, 570, 571, 572, 586, 587, 595, 605, 613, 633, 639, 640, 641, 657, 672, 704, 717, 726, 736, 759, 761, 765, 768, 780, 788, 792, 826]","[2, 9, 10, 82, 111, 112, 113, 199, 279, 284, 285, 300, 488, 494, 495, 553, 581, 582, 583, 670, 738, 743, 744, 759, 818]","[2, 9, 10, 82, 111, 112, 113, 199, 279, 284, 285, 300, 488, 494, 495, 553, 581, 582, 583, 670, 738, 743, 744, 759, 818]","[0, 2, 5, 7, 9, 10, 14, 19, 20, 22, 24, 32, 33, 34, 37, 38, 40, 44, 46, 48, 49, 51, 56, 61, 63, 65, 67, 68, 73, 74, 75, 76, 79, 81, 82, 83, 85, 87, 88, 92, 93, 95, 96, 99, 100, 101, 103, 104, 105, 106, 107, 108, 109, 110, 111, 112, 113, 114, 115, 116, 117, 118, 119, 120, 121, 122, 123, 124, 125, 126, 127, 128, 129, 130, 131, 132, 133, 134, 135, 136, 137, 138, 139, 140, 141, 142, 143, 144, 145, 146, 147, 148, 149, 150, 151, 152, 153, 154, 155, 156, 157, 158, 159, 160, 161, 162, 163, 164, 165, 166, 167, 168, 169, 170, 171, 172, 173, 174, 175, 176, 177, 178, 179, 180, 181, 182, 183, 184, 185, 186, 187, 188, 189, 190, 191, 192, 193, 194, 195, 196, 197, 198, 199, 200, 201, 202, 203, 204, 205, 206, 207, 208, 209, 210, 211, 212, 213, 214, 215, 216, 217, 218, 219, 220, 221, 222, 223, 224, 225, 226, 227, 228, 229, 230, 231, 232, 233, 234, 235, 236, 237, 238, 239, 240, 241, 242, 243, 244, 245, 246, 247, 248, 249, 250, 251, 252, 253, 254, 255, 256, 257, 258, 259, 260, 261, 262, 263, 264, 265, 266, 267, 268, 269, 270, 271, 272, 273, 274, 275, 276, 277, 278, 279, 280, 281, 282, 283, 284, 285, 286, 287, 288, 289, 290, 291, 292, 293, 294, 295, 296, 297, 298, 299, 300, 301, 302, 303, 304, 305, 306, 307, 308, 309, 310, 311, 312, 313, 314, 315, 316, 317, 318, 319, 320, 321, 322, 323, 324, 325, 326, 327, 328, 329, 330, 331, 332, 333, 334, 335, 336, 337, 376, 485, 488, 491, 493, 494, 495, 499, 503, 504, 506, 508, 515, 518, 519, 521, 524, 526, 528, 533, 537, 539, 542, 543, 547, 548, 549, 550, 551, 553, 554, 556, 558, 559, 563, 564, 566, 567, 570, 571, 572, 574, 575, 576, 577, 578, 579, 580, 581, 582, 583, 584, 585, 586, 587, 588, 589, 590, 591, 592, 593, 594, 595, 596, 597, 598, 599, 600, 601, 602, 603, 604, 605, 606, 607, 608, 609, 610, 611, 612, 613, 614, 615, 616, 617, 618, 619, 620, 621, 622, 623, 624, 625, 626, 627, 628, 629, 630, 631, 632, 633, 634, 635, 636, 637, 638, 639, 640, 641, 642, 643, 644, 645, 646, 647, 648, 649, 650, 651, 652, 653, 654, 655, 656, 657, 658, 659, 660, 661, 662, 663, 664, 665, 666, 667, 668, 669, 670, 671, 672, 673, 674, 675, 676, 677, 678, 679, 680, 681, 682, 683, 684, 685, 686, 687, 688, 689, 690, 691, 692, 693, 694, 695, 696, 697, 698, 699, 700, 701, 702, 703, 704, 705, 706, 707, 708, 709, 710, 711, 712, 713, 714, 715, 716, 717, 718, 719, 720, 721, 722, 723, 724, 725, 726, 727, 728, 729, 730, 731, 732, 733, 734, 735, 736, 737, 738, 739, 740, 741, 742, 743, 744, 745, 746, 747, 748, 749, 750, 751, 752, 753, 754, 755, 756, 757, 758, 759, 760, 761, 762, 763, 764, 765, 766, 767, 768, 769, 770, 771, 772, 773, 774, 775, 776, 777, 778, 779, 780, 781, 782, 783, 784, 785, 786, 787, 788, 789, 790, 791, 792, 793, 818, 826]",True,"[300, 759]","[103, 104, 105, 106, 107, 108, 109, 110, 111, 112, 113, 114, 115, 116, 117, 118, 119, 120, 121, 122, 123, 124, 125, 126, 127, 128, 129, 130, 131, 132, 133, 134, 135, 136, 137, 138, 139, 140, 141, 142, 143, 144, 145, 146, 147, 148, 149, 150, 151, 152, 153, 154, 155, 156, 157, 158, 159, 160, 161, 162, 163, 164, 165, 166, 167, 168, 169, 170, 171, 172, 173, 174, 175, 176, 177, 178, 179, 180, 181, 182, 183, 184, 185, 186, 187, 188, 189, 190, 191, 192, 193, 194, 195, 196, 197, 198, 199, 200, 201, 202, 203, 204, 205, 206, 207, 208, 209, 210, 211, 212, 213, 214, 215, 216, 217, 218, 219, 220, 221, 222, 223, 224, 225, 226, 227, 228, 229, 230, 231, 232, 233, 234, 235, 236, 237, 238, 239, 240, 241, 242, 243, 244, 245, 246, 247, 248, 249, 250, 251, 252, 253, 254, 255, 256, 257, 258, 259, 260, 261, 262, 263, 264, 265, 266, 267, 268, 269, 270, 271, 272, 273, 274, 275, 276, 277, 278, 279, 280, 281, 282, 283, 284, 285, 286, 287, 288, 289, 290, 291, 292, 293, 294, 295, 296, 297, 298, 299, 300, 301, 302, 303, 304, 305, 306, 307, 308, 309, 310, 311, 312, 313, 314, 315, 316, 317, 318, 319, 320, 321, 322, 323, 324, 325, 326, 327, 328, 329, 330, 331, 332, 333, 334, 335, 336, 337, 574, 575, 576, 577, 578, 579, 580, 581, 582, 583, 584, 585, 586, 587, 588, 589, 590, 591, 592, 593, 594, 595, 596, 597, 598, 599, 600, 601, 602, 603, 604, 605, 606, 607, 608, 609, 610, 611, 612, 613, 614, 615, 616, 617, 618, 619, 620, 621, 622, 623, 624, 625, 626, 627, 628, 629, 630, 631, 632, 633, 634, 635, 636, 637, 638, 639, 640, 641, 642, 643, 644, 645, 646, 647, 648, 649, 650, 651, 652, 653, 654, 655, 656, 657, 658, 659, 660, 661, 662, 663, 664, 665, 666, 667, 668, 669, 670, 671, 672, 673, 674, 675, 676, 677, 678, 679, 680, 681, 682, 683, 684, 685, 686, 687, 688, 689, 690, 691, 692, 693, 694, 695, 696, 697, 698, 699, 700, 701, 702, 703, 704, 705, 706, 707, 708, 709, 710, 711, 712, 713, 714, 715, 716, 717, 718, 719, 720, 721, 722, 723, 724, 725, 726, 727, 728, 729, 730, 731, 732, 733, 734, 735, 736, 737, 738, 739, 740, 741, 742, 743, 744, 745, 746, 747, 748, 749, 750, 751, 752, 753, 754, 755, 756, 757, 758, 759, 760, 761, 762, 763, 764, 765, 766, 767, 768, 769, 770, 771, 772, 773, 774, 775, 776, 777, 778, 779, 780, 781, 782, 783, 784, 785, 786, 787, 788, 789, 790, 791, 792, 793]","[294, 300, 753, 759]","[300, 330, 759, 787]","[0, 5, 7, 10, 14, 19, 20, 22, 24, 32, 33, 34, 37, 38, 40, 44, 46, 48, 49, 51, 56, 61, 63, 65, 67, 68, 73, 74, 75, 76, 79, 81, 82, 83, 85, 87, 88, 92, 93, 95, 96, 99, 100, 101, 115, 116, 124, 134, 142, 161, 167, 169, 170, 186, 202, 240, 244, 254, 260, 267, 277, 300, 303, 307, 310, 322, 331, 376, 485, 491, 493, 495, 499, 503, 504, 506, 508, 515, 518, 519, 521, 524, 526, 528, 533, 537, 539, 542, 543, 547, 548, 549, 550, 551, 553, 554, 556, 558, 559, 563, 564, 566, 567, 570, 571, 572, 586, 587, 595, 605, 613, 633, 639, 640, 641, 657, 672, 704, 717, 726, 736, 759, 761, 765, 768, 780, 788, 792, 826]","[2, 9, 10, 82, 111, 112, 113, 199, 279, 284, 285, 300, 488, 494, 495, 553, 581, 582, 583, 670, 738, 743, 744, 759, 818]","[2, 9, 10, 82, 111, 112, 113, 199, 279, 284, 285, 300, 488, 494, 495, 553, 581, 582, 583, 670, 738, 743, 744, 759, 818]",7/6 successful match,True,,False,247,False,,1.0,True,Superfine Valero,Valero
Los Angeles ( 90013 ) Superfine Valero,"213-626-1259 I-10 Exit 15 B ( Alameda , 1 mi N to 5th )",<U+25A1>,Los Angeles,90013,Superfine Valero,213-626-1259,2016,Los Angeles,CA,Valero,"( Alameda , 1 mi N to 5th )",I-10 Exit 15 B ,Exit,15,False,,False,I-10,,,,,"[300, 759]","[300, 759]","[294, 300, 753, 759]","[300, 330, 759, 787]","[103, 104, 105, 106, 107, 108, 109, 110, 111, 112, 113, 114, 115, 116, 117, 118, 119, 120, 121, 122, 123, 124, 125, 126, 127, 128, 129, 130, 131, 132, 133, 134, 135, 136, 137, 138, 139, 140, 141, 142, 143, 144, 145, 146, 147, 148, 149, 150, 151, 152, 153, 154, 155, 156, 157, 158, 159, 160, 161, 162, 163, 164, 165, 166, 167, 168, 169, 170, 171, 172, 173, 174, 175, 176, 177, 178, 179, 180, 181, 182, 183, 184, 185, 186, 187, 188, 189, 190, 191, 192, 193, 194, 195, 196, 197, 198, 199, 200, 201, 202, 203, 204, 205, 206, 207, 208, 209, 210, 211, 212, 213, 214, 215, 216, 217, 218, 219, 220, 221, 222, 223, 224, 225, 226, 227, 228, 229, 230, 231, 232, 233, 234, 235, 236, 237, 238, 239, 240, 241, 242, 243, 244, 245, 246, 247, 248, 249, 250, 251, 252, 253, 254, 255, 256, 257, 258, 259, 260, 261, 262, 263, 264, 265, 266, 267, 268, 269, 270, 271, 272, 273, 274, 275, 276, 277, 278, 279, 280, 281, 282, 283, 284, 285, 286, 287, 288, 289, 290, 291, 292, 293, 294, 295, 296, 297, 298, 299, 300, 301, 302, 303, 304, 305, 306, 307, 308, 309, 310, 311, 312, 313, 314, 315, 316, 317, 318, 319, 320, 321, 322, 323, 324, 325, 326, 327, 328, 329, 330, 331, 332, 333, 334, 335, 336, 337, 574, 575, 576, 577, 578, 579, 580, 581, 582, 583, 584, 585, 586, 587, 588, 589, 590, 591, 592, 593, 594, 595, 596, 597, 598, 599, 600, 601, 602, 603, 604, 605, 606, 607, 608, 609, 610, 611, 612, 613, 614, 615, 616, 617, 618, 619, 620, 621, 622, 623, 624, 625, 626, 627, 628, 629, 630, 631, 632, 633, 634, 635, 636, 637, 638, 639, 640, 641, 642, 643, 644, 645, 646, 647, 648, 649, 650, 651, 652, 653, 654, 655, 656, 657, 658, 659, 660, 661, 662, 663, 664, 665, 666, 667, 668, 669, 670, 671, 672, 673, 674, 675, 676, 677, 678, 679, 680, 681, 682, 683, 684, 685, 686, 687, 688, 689, 690, 691, 692, 693, 694, 695, 696, 697, 698, 699, 700, 701, 702, 703, 704, 705, 706, 707, 708, 709, 710, 711, 712, 713, 714, 715, 716, 717, 718, 719, 720, 721, 722, 723, 724, 725, 726, 727, 728, 729, 730, 731, 732, 733, 734, 735, 736, 737, 738, 739, 740, 741, 742, 743, 744, 745, 746, 747, 748, 749, 750, 751, 752, 753, 754, 755, 756, 757, 758, 759, 760, 761, 762, 763, 764, 765, 766, 767, 768, 769, 770, 771, 772, 773, 774, 775, 776, 777, 778, 779, 780, 781, 782, 783, 784, 785, 786, 787, 788, 789, 790, 791, 792, 793]","[0, 5, 7, 10, 14, 19, 20, 22, 24, 32, 33, 34, 37, 38, 40, 44, 46, 48, 49, 51, 56, 61, 63, 65, 67, 68, 73, 74, 75, 76, 79, 81, 82, 83, 85, 87, 88, 92, 93, 95, 96, 99, 100, 101, 115, 116, 124, 134, 142, 161, 167, 169, 170, 186, 202, 240, 244, 254, 260, 267, 277, 300, 303, 307, 310, 322, 331, 376, 485, 491, 493, 495, 499, 503, 504, 506, 508, 515, 518, 519, 521, 524, 526, 528, 533, 537, 539, 542, 543, 547, 548, 549, 550, 551, 553, 554, 556, 558, 559, 563, 564, 566, 567, 570, 571, 572, 586, 587, 595, 605, 613, 633, 639, 640, 641, 657, 672, 704, 717, 726, 736, 759, 761, 765, 768, 780, 788, 792, 826]","[2, 9, 10, 82, 111, 112, 113, 199, 279, 284, 285, 300, 488, 494, 495, 553, 581, 582, 583, 670, 738, 743, 744, 759, 818]","[2, 9, 10, 82, 111, 112, 113, 199, 279, 284, 285, 300, 488, 494, 495, 553, 581, 582, 583, 670, 738, 743, 744, 759, 818]","[0, 2, 5, 7, 9, 10, 14, 19, 20, 22, 24, 32, 33, 34, 37, 38, 40, 44, 46, 48, 49, 51, 56, 61, 63, 65, 67, 68, 73, 74, 75, 76, 79, 81, 82, 83, 85, 87, 88, 92, 93, 95, 96, 99, 100, 101, 103, 104, 105, 106, 107, 108, 109, 110, 111, 112, 113, 114, 115, 116, 117, 118, 119, 120, 121, 122, 123, 124, 125, 126, 127, 128, 129, 130, 131, 132, 133, 134, 135, 136, 137, 138, 139, 140, 141, 142, 143, 144, 145, 146, 147, 148, 149, 150, 151, 152, 153, 154, 155, 156, 157, 158, 159, 160, 161, 162, 163, 164, 165, 166, 167, 168, 169, 170, 171, 172, 173, 174, 175, 176, 177, 178, 179, 180, 181, 182, 183, 184, 185, 186, 187, 188, 189, 190, 191, 192, 193, 194, 195, 196, 197, 198, 199, 200, 201, 202, 203, 204, 205, 206, 207, 208, 209, 210, 211, 212, 213, 214, 215, 216, 217, 218, 219, 220, 221, 222, 223, 224, 225, 226, 227, 228, 229, 230, 231, 232, 233, 234, 235, 236, 237, 238, 239, 240, 241, 242, 243, 244, 245, 246, 247, 248, 249, 250, 251, 252, 253, 254, 255, 256, 257, 258, 259, 260, 261, 262, 263, 264, 265, 266, 267, 268, 269, 270, 271, 272, 273, 274, 275, 276, 277, 278, 279, 280, 281, 282, 283, 284, 285, 286, 287, 288, 289, 290, 291, 292, 293, 294, 295, 296, 297, 298, 299, 300, 301, 302, 303, 304, 305, 306, 307, 308, 309, 310, 311, 312, 313, 314, 315, 316, 317, 318, 319, 320, 321, 322, 323, 324, 325, 326, 327, 328, 329, 330, 331, 332, 333, 334, 335, 336, 337, 376, 485, 488, 491, 493, 494, 495, 499, 503, 504, 506, 508, 515, 518, 519, 521, 524, 526, 528, 533, 537, 539, 542, 543, 547, 548, 549, 550, 551, 553, 554, 556, 558, 559, 563, 564, 566, 567, 570, 571, 572, 574, 575, 576, 577, 578, 579, 580, 581, 582, 583, 584, 585, 586, 587, 588, 589, 590, 591, 592, 593, 594, 595, 596, 597, 598, 599, 600, 601, 602, 603, 604, 605, 606, 607, 608, 609, 610, 611, 612, 613, 614, 615, 616, 617, 618, 619, 620, 621, 622, 623, 624, 625, 626, 627, 628, 629, 630, 631, 632, 633, 634, 635, 636, 637, 638, 639, 640, 641, 642, 643, 644, 645, 646, 647, 648, 649, 650, 651, 652, 653, 654, 655, 656, 657, 658, 659, 660, 661, 662, 663, 664, 665, 666, 667, 668, 669, 670, 671, 672, 673, 674, 675, 676, 677, 678, 679, 680, 681, 682, 683, 684, 685, 686, 687, 688, 689, 690, 691, 692, 693, 694, 695, 696, 697, 698, 699, 700, 701, 702, 703, 704, 705, 706, 707, 708, 709, 710, 711, 712, 713, 714, 715, 716, 717, 718, 719, 720, 721, 722, 723, 724, 725, 726, 727, 728, 729, 730, 731, 732, 733, 734, 735, 736, 737, 738, 739, 740, 741, 742, 743, 744, 745, 746, 747, 748, 749, 750, 751, 752, 753, 754, 755, 756, 757, 758, 759, 760, 761, 762, 763, 764, 765, 766, 767, 768, 769, 770, 771, 772, 773, 774, 775, 776, 777, 778, 779, 780, 781, 782, 783, 784, 785, 786, 787, 788, 789, 790, 791, 792, 793, 818, 826]",True,"[300, 759]","[103, 104, 105, 106, 107, 108, 109, 110, 111, 112, 113, 114, 115, 116, 117, 118, 119, 120, 121, 122, 123, 124, 125, 126, 127, 128, 129, 130, 131, 132, 133, 134, 135, 136, 137, 138, 139, 140, 141, 142, 143, 144, 145, 146, 147, 148, 149, 150, 151, 152, 153, 154, 155, 156, 157, 158, 159, 160, 161, 162, 163, 164, 165, 166, 167, 168, 169, 170, 171, 172, 173, 174, 175, 176, 177, 178, 179, 180, 181, 182, 183, 184, 185, 186, 187, 188, 189, 190, 191, 192, 193, 194, 195, 196, 197, 198, 199, 200, 201, 202, 203, 204, 205, 206, 207, 208, 209, 210, 211, 212, 213, 214, 215, 216, 217, 218, 219, 220, 221, 222, 223, 224, 225, 226, 227, 228, 229, 230, 231, 232, 233, 234, 235, 236, 237, 238, 239, 240, 241, 242, 243, 244, 245, 246, 247, 248, 249, 250, 251, 252, 253, 254, 255, 256, 257, 258, 259, 260, 261, 262, 263, 264, 265, 266, 267, 268, 269, 270, 271, 272, 273, 274, 275, 276, 277, 278, 279, 280, 281, 282, 283, 284, 285, 286, 287, 288, 289, 290, 291, 292, 293, 294, 295, 296, 297, 298, 299, 300, 301, 302, 303, 304, 305, 306, 307, 308, 309, 310, 311, 312, 313, 314, 315, 316, 317, 318, 319, 320, 321, 322, 323, 324, 325, 326, 327, 328, 329, 330, 331, 332, 333, 334, 335, 336, 337, 574, 575, 576, 577, 578, 579, 580, 581, 582, 583, 584, 585, 586, 587, 588, 589, 590, 591, 592, 593, 594, 595, 596, 597, 598, 599, 600, 601, 602, 603, 604, 605, 606, 607, 608, 609, 610, 611, 612, 613, 614, 615, 616, 617, 618, 619, 620, 621, 622, 623, 624, 625, 626, 627, 628, 629, 630, 631, 632, 633, 634, 635, 636, 637, 638, 639, 640, 641, 642, 643, 644, 645, 646, 647, 648, 649, 650, 651, 652, 653, 654, 655, 656, 657, 658, 659, 660, 661, 662, 663, 664, 665, 666, 667, 668, 669, 670, 671, 672, 673, 674, 675, 676, 677, 678, 679, 680, 681, 682, 683, 684, 685, 686, 687, 688, 689, 690, 691, 692, 693, 694, 695, 696, 697, 698, 699, 700, 701, 702, 703, 704, 705, 706, 707, 708, 709, 710, 711, 712, 713, 714, 715, 716, 717, 718, 719, 720, 721, 722, 723, 724, 725, 726, 727, 728, 729, 730, 731, 732, 733, 734, 735, 736, 737, 738, 739, 740, 741, 742, 743, 744, 745, 746, 747, 748, 749, 750, 751, 752, 753, 754, 755, 756, 757, 758, 759, 760, 761, 762, 763, 764, 765, 766, 767, 768, 769, 770, 771, 772, 773, 774, 775, 776, 777, 778, 779, 780, 781, 782, 783, 784, 785, 786, 787, 788, 789, 790, 791, 792, 793]","[294, 300, 753, 759]","[300, 330, 759, 787]","[0, 5, 7, 10, 14, 19, 20, 22, 24, 32, 33, 34, 37, 38, 40, 44, 46, 48, 49, 51, 56, 61, 63, 65, 67, 68, 73, 74, 75, 76, 79, 81, 82, 83, 85, 87, 88, 92, 93, 95, 96, 99, 100, 101, 115, 116, 124, 134, 142, 161, 167, 169, 170, 186, 202, 240, 244, 254, 260, 267, 277, 300, 303, 307, 310, 322, 331, 376, 485, 491, 493, 495, 499, 503, 504, 506, 508, 515, 518, 519, 521, 524, 526, 528, 533, 537, 539, 542, 543, 547, 548, 549, 550, 551, 553, 554, 556, 558, 559, 563, 564, 566, 567, 570, 571, 572, 586, 587, 595, 605, 613, 633, 639, 640, 641, 657, 672, 704, 717, 726, 736, 759, 761, 765, 768, 780, 788, 792, 826]","[2, 9, 10, 82, 111, 112, 113, 199, 279, 284, 285, 300, 488, 494, 495, 553, 581, 582, 583, 670, 738, 743, 744, 759, 818]","[2, 9, 10, 82, 111, 112, 113, 199, 279, 284, 285, 300, 488, 494, 495, 553, 581, 582, 583, 670, 738, 743, 744, 759, 818]",7/6 successful match,True,,False,247,False,,1.0,True,Superfine Valero,Valero
"Los Angeles , 90023 Speedy Fuel",323-260-4606 I-5 Exit 133 ( Grande Vista Ave ),HRS 24,Los Angeles,90023,Speedy Fuel,323-260-4606,2006,Los Angeles,CA,,( Grande Vista Ave ),I-5 Exit 133 ,Exit,133,False,,False,I-5,,,,,"[753, 294]","[294, 295, 753, 754]","[294, 300, 753, 759]","[10, 75, 294, 495, 549, 753]","[103, 104, 105, 106, 107, 108, 109, 110, 111, 112, 113, 114, 115, 116, 117, 118, 119, 120, 121, 122, 123, 124, 125, 126, 127, 128, 129, 130, 131, 132, 133, 134, 135, 136, 137, 138, 139, 140, 141, 142, 143, 144, 145, 146, 147, 148, 149, 150, 151, 152, 153, 154, 155, 156, 157, 158, 159, 160, 161, 162, 163, 164, 165, 166, 167, 168, 169, 170, 171, 172, 173, 174, 175, 176, 177, 178, 179, 180, 181, 182, 183, 184, 185, 186, 187, 188, 189, 190, 191, 192, 193, 194, 195, 196, 197, 198, 199, 200, 201, 202, 203, 204, 205, 206, 207, 208, 209, 210, 211, 212, 213, 214, 215, 216, 217, 218, 219, 220, 221, 222, 223, 224, 225, 226, 227, 228, 229, 230, 231, 232, 233, 234, 235, 236, 237, 238, 239, 240, 241, 242, 243, 244, 245, 246, 247, 248, 249, 250, 251, 252, 253, 254, 255, 256, 257, 258, 259, 260, 261, 262, 263, 264, 265, 266, 267, 268, 269, 270, 271, 272, 273, 274, 275, 276, 277, 278, 279, 280, 281, 282, 283, 284, 285, 286, 287, 288, 289, 290, 291, 292, 293, 294, 295, 296, 297, 298, 299, 300, 301, 302, 303, 304, 305, 306, 307, 308, 309, 310, 311, 312, 313, 314, 315, 316, 317, 318, 319, 320, 321, 322, 323, 324, 325, 326, 327, 328, 329, 330, 331, 332, 333, 334, 335, 336, 337, 574, 575, 576, 577, 578, 579, 580, 581, 582, 583, 584, 585, 586, 587, 588, 589, 590, 591, 592, 593, 594, 595, 596, 597, 598, 599, 600, 601, 602, 603, 604, 605, 606, 607, 608, 609, 610, 611, 612, 613, 614, 615, 616, 617, 618, 619, 620, 621, 622, 623, 624, 625, 626, 627, 628, 629, 630, 631, 632, 633, 634, 635, 636, 637, 638, 639, 640, 641, 642, 643, 644, 645, 646, 647, 648, 649, 650, 651, 652, 653, 654, 655, 656, 657, 658, 659, 660, 661, 662, 663, 664, 665, 666, 667, 668, 669, 670, 671, 672, 673, 674, 675, 676, 677, 678, 679, 680, 681, 682, 683, 684, 685, 686, 687, 688, 689, 690, 691, 692, 693, 694, 695, 696, 697, 698, 699, 700, 701, 702, 703, 704, 705, 706, 707, 708, 709, 710, 711, 712, 713, 714, 715, 716, 717, 718, 719, 720, 721, 722, 723, 724, 725, 726, 727, 728, 729, 730, 731, 732, 733, 734, 735, 736, 737, 738, 739, 740, 741, 742, 743, 744, 745, 746, 747, 748, 749, 750, 751, 752, 753, 754, 755, 756, 757, 758, 759, 760, 761, 762, 763, 764, 765, 766, 767, 768, 769, 770, 771, 772, 773, 774, 775, 776, 777, 778, 779, 780, 781, 782, 783, 784, 785, 786, 787, 788, 789, 790, 791, 792, 793]","[105, 114, 138, 141, 152, 153, 154, 155, 157, 159, 164, 165, 176, 182, 191, 192, 194, 195, 196, 200, 204, 208, 209, 210, 211, 215, 226, 228, 241, 242, 243, 245, 248, 249, 250, 257, 261, 270, 271, 282, 287, 289, 291, 294, 296, 298, 306, 308, 309, 311, 314, 327, 333, 335, 337, 576, 585, 609, 612, 623, 624, 626, 627, 629, 631, 636, 637, 647, 653, 662, 663, 665, 666, 667, 671, 674, 678, 679, 680, 681, 690, 692, 705, 706, 707, 709, 711, 712, 713, 719, 721, 729, 730, 741, 746, 748, 750, 753, 755, 757, 764, 766, 767, 769, 772, 785, 791]",[],"[90, 91, 294, 295, 296, 561, 562, 753, 754, 755]","[10, 75, 90, 91, 103, 104, 105, 106, 107, 108, 109, 110, 111, 112, 113, 114, 115, 116, 117, 118, 119, 120, 121, 122, 123, 124, 125, 126, 127, 128, 129, 130, 131, 132, 133, 134, 135, 136, 137, 138, 139, 140, 141, 142, 143, 144, 145, 146, 147, 148, 149, 150, 151, 152, 153, 154, 155, 156, 157, 158, 159, 160, 161, 162, 163, 164, 165, 166, 167, 168, 169, 170, 171, 172, 173, 174, 175, 176, 177, 178, 179, 180, 181, 182, 183, 184, 185, 186, 187, 188, 189, 190, 191, 192, 193, 194, 195, 196, 197, 198, 199, 200, 201, 202, 203, 204, 205, 206, 207, 208, 209, 210, 211, 212, 213, 214, 215, 216, 217, 218, 219, 220, 221, 222, 223, 224, 225, 226, 227, 228, 229, 230, 231, 232, 233, 234, 235, 236, 237, 238, 239, 240, 241, 242, 243, 244, 245, 246, 247, 248, 249, 250, 251, 252, 253, 254, 255, 256, 257, 258, 259, 260, 261, 262, 263, 264, 265, 266, 267, 268, 269, 270, 271, 272, 273, 274, 275, 276, 277, 278, 279, 280, 281, 282, 283, 284, 285, 286, 287, 288, 289, 290, 291, 292, 293, 294, 295, 296, 297, 298, 299, 300, 301, 302, 303, 304, 305, 306, 307, 308, 309, 310, 311, 312, 313, 314, 315, 316, 317, 318, 319, 320, 321, 322, 323, 324, 325, 326, 327, 328, 329, 330, 331, 332, 333, 334, 335, 336, 337, 495, 549, 561, 562, 574, 575, 576, 577, 578, 579, 580, 581, 582, 583, 584, 585, 586, 587, 588, 589, 590, 591, 592, 593, 594, 595, 596, 597, 598, 599, 600, 601, 602, 603, 604, 605, 606, 607, 608, 609, 610, 611, 612, 613, 614, 615, 616, 617, 618, 619, 620, 621, 622, 623, 624, 625, 626, 627, 628, 629, 630, 631, 632, 633, 634, 635, 636, 637, 638, 639, 640, 641, 642, 643, 644, 645, 646, 647, 648, 649, 650, 651, 652, 653, 654, 655, 656, 657, 658, 659, 660, 661, 662, 663, 664, 665, 666, 667, 668, 669, 670, 671, 672, 673, 674, 675, 676, 677, 678, 679, 680, 681, 682, 683, 684, 685, 686, 687, 688, 689, 690, 691, 692, 693, 694, 695, 696, 697, 698, 699, 700, 701, 702, 703, 704, 705, 706, 707, 708, 709, 710, 711, 712, 713, 714, 715, 716, 717, 718, 719, 720, 721, 722, 723, 724, 725, 726, 727, 728, 729, 730, 731, 732, 733, 734, 735, 736, 737, 738, 739, 740, 741, 742, 743, 744, 745, 746, 747, 748, 749, 750, 751, 752, 753, 754, 755, 756, 757, 758, 759, 760, 761, 762, 763, 764, 765, 766, 767, 768, 769, 770, 771, 772, 773, 774, 775, 776, 777, 778, 779, 780, 781, 782, 783, 784, 785, 786, 787, 788, 789, 790, 791, 792, 793]",True,"[294, 295, 753, 754]","[103, 104, 105, 106, 107, 108, 109, 110, 111, 112, 113, 114, 115, 116, 117, 118, 119, 120, 121, 122, 123, 124, 125, 126, 127, 128, 129, 130, 131, 132, 133, 134, 135, 136, 137, 138, 139, 140, 141, 142, 143, 144, 145, 146, 147, 148, 149, 150, 151, 152, 153, 154, 155, 156, 157, 158, 159, 160, 161, 162, 163, 164, 165, 166, 167, 168, 169, 170, 171, 172, 173, 174, 175, 176, 177, 178, 179, 180, 181, 182, 183, 184, 185, 186, 187, 188, 189, 190, 191, 192, 193, 194, 195, 196, 197, 198, 199, 200, 201, 202, 203, 204, 205, 206, 207, 208, 209, 210, 211, 212, 213, 214, 215, 216, 217, 218, 219, 220, 221, 222, 223, 224, 225, 226, 227, 228, 229, 230, 231, 232, 233, 234, 235, 236, 237, 238, 239, 240, 241, 242, 243, 244, 245, 246, 247, 248, 249, 250, 251, 252, 253, 254, 255, 256, 257, 258, 259, 260, 261, 262, 263, 264, 265, 266, 267, 268, 269, 270, 271, 272, 273, 274, 275, 276, 277, 278, 279, 280, 281, 282, 283, 284, 285, 286, 287, 288, 289, 290, 291, 292, 293, 294, 295, 296, 297, 298, 299, 300, 301, 302, 303, 304, 305, 306, 307, 308, 309, 310, 311, 312, 313, 314, 315, 316, 317, 318, 319, 320, 321, 322, 323, 324, 325, 326, 327, 328, 329, 330, 331, 332, 333, 334, 335, 336, 337, 574, 575, 576, 577, 578, 579, 580, 581, 582, 583, 584, 585, 586, 587, 588, 589, 590, 591, 592, 593, 594, 595, 596, 597, 598, 599, 600, 601, 602, 603, 604, 605, 606, 607, 608, 609, 610, 611, 612, 613, 614, 615, 616, 617, 618, 619, 620, 621, 622, 623, 624, 625, 626, 627, 628, 629, 630, 631, 632, 633, 634, 635, 636, 637, 638, 639, 640, 641, 642, 643, 644, 645, 646, 647, 648, 649, 650, 651, 652, 653, 654, 655, 656, 657, 658, 659, 660, 661, 662, 663, 664, 665, 666, 667, 668, 669, 670, 671, 672, 673, 674, 675, 676, 677, 678, 679, 680, 681, 682, 683, 684, 685, 686, 687, 688, 689, 690, 691, 692, 693, 694, 695, 696, 697, 698, 699, 700, 701, 702, 703, 704, 705, 706, 707, 708, 709, 710, 711, 712, 713, 714, 715, 716, 717, 718, 719, 720, 721, 722, 723, 724, 725, 726, 727, 728, 729, 730, 731, 732, 733, 734, 735, 736, 737, 738, 739, 740, 741, 742, 743, 744, 745, 746, 747, 748, 749, 750, 751, 752, 753, 754, 755, 756, 757, 758, 759, 760, 761, 762, 763, 764, 765, 766, 767, 768, 769, 770, 771, 772, 773, 774, 775, 776, 777, 778, 779, 780, 781, 782, 783, 784, 785, 786, 787, 788, 789, 790, 791, 792, 793]","[294, 300, 753, 759]","[10, 75, 294, 495, 549, 753]","[105, 114, 138, 141, 152, 153, 154, 155, 157, 159, 164, 165, 176, 182, 191, 192, 194, 195, 196, 200, 204, 208, 209, 210, 211, 215, 226, 228, 241, 242, 243, 245, 248, 249, 250, 257, 261, 270, 271, 282, 287, 289, 291, 294, 296, 298, 306, 308, 309, 311, 314, 327, 333, 335, 337, 576, 585, 609, 612, 623, 624, 626, 627, 629, 631, 636, 637, 647, 653, 662, 663, 665, 666, 667, 671, 674, 678, 679, 680, 681, 690, 692, 705, 706, 707, 709, 711, 712, 713, 719, 721, 729, 730, 741, 746, 748, 750, 753, 755, 757, 764, 766, 767, 769, 772, 785, 791]","[90, 91, 294, 295, 296, 561, 562, 753, 754, 755]",[],7/6 successful match,True,[20],True,248,False,,,,,
"Los Angeles , 90023 Speedy Fuel",323-260-4606 I-5 Exit 133 ( Grande Vista Ave ),24 <U+2610>,Los Angeles,90023,Speedy Fuel,323-260-4606,2007,Los Angeles,CA,,( Grande Vista Ave ),I-5 Exit 133 ,Exit,133,False,,False,I-5,,,,,"[753, 294]","[294, 295, 753, 754]","[294, 300, 753, 759]","[10, 75, 294, 495, 549, 753]","[103, 104, 105, 106, 107, 108, 109, 110, 111, 112, 113, 114, 115, 116, 117, 118, 119, 120, 121, 122, 123, 124, 125, 126, 127, 128, 129, 130, 131, 132, 133, 134, 135, 136, 137, 138, 139, 140, 141, 142, 143, 144, 145, 146, 147, 148, 149, 150, 151, 152, 153, 154, 155, 156, 157, 158, 159, 160, 161, 162, 163, 164, 165, 166, 167, 168, 169, 170, 171, 172, 173, 174, 175, 176, 177, 178, 179, 180, 181, 182, 183, 184, 185, 186, 187, 188, 189, 190, 191, 192, 193, 194, 195, 196, 197, 198, 199, 200, 201, 202, 203, 204, 205, 206, 207, 208, 209, 210, 211, 212, 213, 214, 215, 216, 217, 218, 219, 220, 221, 222, 223, 224, 225, 226, 227, 228, 229, 230, 231, 232, 233, 234, 235, 236, 237, 238, 239, 240, 241, 242, 243, 244, 245, 246, 247, 248, 249, 250, 251, 252, 253, 254, 255, 256, 257, 258, 259, 260, 261, 262, 263, 264, 265, 266, 267, 268, 269, 270, 271, 272, 273, 274, 275, 276, 277, 278, 279, 280, 281, 282, 283, 284, 285, 286, 287, 288, 289, 290, 291, 292, 293, 294, 295, 296, 297, 298, 299, 300, 301, 302, 303, 304, 305, 306, 307, 308, 309, 310, 311, 312, 313, 314, 315, 316, 317, 318, 319, 320, 321, 322, 323, 324, 325, 326, 327, 328, 329, 330, 331, 332, 333, 334, 335, 336, 337, 574, 575, 576, 577, 578, 579, 580, 581, 582, 583, 584, 585, 586, 587, 588, 589, 590, 591, 592, 593, 594, 595, 596, 597, 598, 599, 600, 601, 602, 603, 604, 605, 606, 607, 608, 609, 610, 611, 612, 613, 614, 615, 616, 617, 618, 619, 620, 621, 622, 623, 624, 625, 626, 627, 628, 629, 630, 631, 632, 633, 634, 635, 636, 637, 638, 639, 640, 641, 642, 643, 644, 645, 646, 647, 648, 649, 650, 651, 652, 653, 654, 655, 656, 657, 658, 659, 660, 661, 662, 663, 664, 665, 666, 667, 668, 669, 670, 671, 672, 673, 674, 675, 676, 677, 678, 679, 680, 681, 682, 683, 684, 685, 686, 687, 688, 689, 690, 691, 692, 693, 694, 695, 696, 697, 698, 699, 700, 701, 702, 703, 704, 705, 706, 707, 708, 709, 710, 711, 712, 713, 714, 715, 716, 717, 718, 719, 720, 721, 722, 723, 724, 725, 726, 727, 728, 729, 730, 731, 732, 733, 734, 735, 736, 737, 738, 739, 740, 741, 742, 743, 744, 745, 746, 747, 748, 749, 750, 751, 752, 753, 754, 755, 756, 757, 758, 759, 760, 761, 762, 763, 764, 765, 766, 767, 768, 769, 770, 771, 772, 773, 774, 775, 776, 777, 778, 779, 780, 781, 782, 783, 784, 785, 786, 787, 788, 789, 790, 791, 792, 793]","[105, 114, 138, 141, 152, 153, 154, 155, 157, 159, 164, 165, 176, 182, 191, 192, 194, 195, 196, 200, 204, 208, 209, 210, 211, 215, 226, 228, 241, 242, 243, 245, 248, 249, 250, 257, 261, 270, 271, 282, 287, 289, 291, 294, 296, 298, 306, 308, 309, 311, 314, 327, 333, 335, 337, 576, 585, 609, 612, 623, 624, 626, 627, 629, 631, 636, 637, 647, 653, 662, 663, 665, 666, 667, 671, 674, 678, 679, 680, 681, 690, 692, 705, 706, 707, 709, 711, 712, 713, 719, 721, 729, 730, 741, 746, 748, 750, 753, 755, 757, 764, 766, 767, 769, 772, 785, 791]",[],"[90, 91, 294, 295, 296, 561, 562, 753, 754, 755]","[10, 75, 90, 91, 103, 104, 105, 106, 107, 108, 109, 110, 111, 112, 113, 114, 115, 116, 117, 118, 119, 120, 121, 122, 123, 124, 125, 126, 127, 128, 129, 130, 131, 132, 133, 134, 135, 136, 137, 138, 139, 140, 141, 142, 143, 144, 145, 146, 147, 148, 149, 150, 151, 152, 153, 154, 155, 156, 157, 158, 159, 160, 161, 162, 163, 164, 165, 166, 167, 168, 169, 170, 171, 172, 173, 174, 175, 176, 177, 178, 179, 180, 181, 182, 183, 184, 185, 186, 187, 188, 189, 190, 191, 192, 193, 194, 195, 196, 197, 198, 199, 200, 201, 202, 203, 204, 205, 206, 207, 208, 209, 210, 211, 212, 213, 214, 215, 216, 217, 218, 219, 220, 221, 222, 223, 224, 225, 226, 227, 228, 229, 230, 231, 232, 233, 234, 235, 236, 237, 238, 239, 240, 241, 242, 243, 244, 245, 246, 247, 248, 249, 250, 251, 252, 253, 254, 255, 256, 257, 258, 259, 260, 261, 262, 263, 264, 265, 266, 267, 268, 269, 270, 271, 272, 273, 274, 275, 276, 277, 278, 279, 280, 281, 282, 283, 284, 285, 286, 287, 288, 289, 290, 291, 292, 293, 294, 295, 296, 297, 298, 299, 300, 301, 302, 303, 304, 305, 306, 307, 308, 309, 310, 311, 312, 313, 314, 315, 316, 317, 318, 319, 320, 321, 322, 323, 324, 325, 326, 327, 328, 329, 330, 331, 332, 333, 334, 335, 336, 337, 495, 549, 561, 562, 574, 575, 576, 577, 578, 579, 580, 581, 582, 583, 584, 585, 586, 587, 588, 589, 590, 591, 592, 593, 594, 595, 596, 597, 598, 599, 600, 601, 602, 603, 604, 605, 606, 607, 608, 609, 610, 611, 612, 613, 614, 615, 616, 617, 618, 619, 620, 621, 622, 623, 624, 625, 626, 627, 628, 629, 630, 631, 632, 633, 634, 635, 636, 637, 638, 639, 640, 641, 642, 643, 644, 645, 646, 647, 648, 649, 650, 651, 652, 653, 654, 655, 656, 657, 658, 659, 660, 661, 662, 663, 664, 665, 666, 667, 668, 669, 670, 671, 672, 673, 674, 675, 676, 677, 678, 679, 680, 681, 682, 683, 684, 685, 686, 687, 688, 689, 690, 691, 692, 693, 694, 695, 696, 697, 698, 699, 700, 701, 702, 703, 704, 705, 706, 707, 708, 709, 710, 711, 712, 713, 714, 715, 716, 717, 718, 719, 720, 721, 722, 723, 724, 725, 726, 727, 728, 729, 730, 731, 732, 733, 734, 735, 736, 737, 738, 739, 740, 741, 742, 743, 744, 745, 746, 747, 748, 749, 750, 751, 752, 753, 754, 755, 756, 757, 758, 759, 760, 761, 762, 763, 764, 765, 766, 767, 768, 769, 770, 771, 772, 773, 774, 775, 776, 777, 778, 779, 780, 781, 782, 783, 784, 785, 786, 787, 788, 789, 790, 791, 792, 793]",True,"[294, 295, 753, 754]","[103, 104, 105, 106, 107, 108, 109, 110, 111, 112, 113, 114, 115, 116, 117, 118, 119, 120, 121, 122, 123, 124, 125, 126, 127, 128, 129, 130, 131, 132, 133, 134, 135, 136, 137, 138, 139, 140, 141, 142, 143, 144, 145, 146, 147, 148, 149, 150, 151, 152, 153, 154, 155, 156, 157, 158, 159, 160, 161, 162, 163, 164, 165, 166, 167, 168, 169, 170, 171, 172, 173, 174, 175, 176, 177, 178, 179, 180, 181, 182, 183, 184, 185, 186, 187, 188, 189, 190, 191, 192, 193, 194, 195, 196, 197, 198, 199, 200, 201, 202, 203, 204, 205, 206, 207, 208, 209, 210, 211, 212, 213, 214, 215, 216, 217, 218, 219, 220, 221, 222, 223, 224, 225, 226, 227, 228, 229, 230, 231, 232, 233, 234, 235, 236, 237, 238, 239, 240, 241, 242, 243, 244, 245, 246, 247, 248, 249, 250, 251, 252, 253, 254, 255, 256, 257, 258, 259, 260, 261, 262, 263, 264, 265, 266, 267, 268, 269, 270, 271, 272, 273, 274, 275, 276, 277, 278, 279, 280, 281, 282, 283, 284, 285, 286, 287, 288, 289, 290, 291, 292, 293, 294, 295, 296, 297, 298, 299, 300, 301, 302, 303, 304, 305, 306, 307, 308, 309, 310, 311, 312, 313, 314, 315, 316, 317, 318, 319, 320, 321, 322, 323, 324, 325, 326, 327, 328, 329, 330, 331, 332, 333, 334, 335, 336, 337, 574, 575, 576, 577, 578, 579, 580, 581, 582, 583, 584, 585, 586, 587, 588, 589, 590, 591, 592, 593, 594, 595, 596, 597, 598, 599, 600, 601, 602, 603, 604, 605, 606, 607, 608, 609, 610, 611, 612, 613, 614, 615, 616, 617, 618, 619, 620, 621, 622, 623, 624, 625, 626, 627, 628, 629, 630, 631, 632, 633, 634, 635, 636, 637, 638, 639, 640, 641, 642, 643, 644, 645, 646, 647, 648, 649, 650, 651, 652, 653, 654, 655, 656, 657, 658, 659, 660, 661, 662, 663, 664, 665, 666, 667, 668, 669, 670, 671, 672, 673, 674, 675, 676, 677, 678, 679, 680, 681, 682, 683, 684, 685, 686, 687, 688, 689, 690, 691, 692, 693, 694, 695, 696, 697, 698, 699, 700, 701, 702, 703, 704, 705, 706, 707, 708, 709, 710, 711, 712, 713, 714, 715, 716, 717, 718, 719, 720, 721, 722, 723, 724, 725, 726, 727, 728, 729, 730, 731, 732, 733, 734, 735, 736, 737, 738, 739, 740, 741, 742, 743, 744, 745, 746, 747, 748, 749, 750, 751, 752, 753, 754, 755, 756, 757, 758, 759, 760, 761, 762, 763, 764, 765, 766, 767, 768, 769, 770, 771, 772, 773, 774, 775, 776, 777, 778, 779, 780, 781, 782, 783, 784, 785, 786, 787, 788, 789, 790, 791, 792, 793]","[294, 300, 753, 759]","[10, 75, 294, 495, 549, 753]","[105, 114, 138, 141, 152, 153, 154, 155, 157, 159, 164, 165, 176, 182, 191, 192, 194, 195, 196, 200, 204, 208, 209, 210, 211, 215, 226, 228, 241, 242, 243, 245, 248, 249, 250, 257, 261, 270, 271, 282, 287, 289, 291, 294, 296, 298, 306, 308, 309, 311, 314, 327, 333, 335, 337, 576, 585, 609, 612, 623, 624, 626, 627, 629, 631, 636, 637, 647, 653, 662, 663, 665, 666, 667, 671, 674, 678, 679, 680, 681, 690, 692, 705, 706, 707, 709, 711, 712, 713, 719, 721, 729, 730, 741, 746, 748, 750, 753, 755, 757, 764, 766, 767, 769, 772, 785, 791]","[90, 91, 294, 295, 296, 561, 562, 753, 754, 755]",[],7/6 successful match,True,[20],True,248,False,,0.8999999999999999,True,Speedy Fuel,
"Los Angeles , 90023 Speedy Fuel",5 323-260-4606 I-5 Exit 133 ( Grande Vista Ave ),D <U+25A1>,Los Angeles,90023,Speedy Fuel,323-260-4606,2008,Los Angeles,CA,,( Grande Vista Ave ),I-5 Exit 133 ,Exit,133,False,,False,I-5,,,,,"[753, 294]","[294, 295, 753, 754]","[294, 300, 753, 759]","[10, 75, 294, 495, 549, 753]","[103, 104, 105, 106, 107, 108, 109, 110, 111, 112, 113, 114, 115, 116, 117, 118, 119, 120, 121, 122, 123, 124, 125, 126, 127, 128, 129, 130, 131, 132, 133, 134, 135, 136, 137, 138, 139, 140, 141, 142, 143, 144, 145, 146, 147, 148, 149, 150, 151, 152, 153, 154, 155, 156, 157, 158, 159, 160, 161, 162, 163, 164, 165, 166, 167, 168, 169, 170, 171, 172, 173, 174, 175, 176, 177, 178, 179, 180, 181, 182, 183, 184, 185, 186, 187, 188, 189, 190, 191, 192, 193, 194, 195, 196, 197, 198, 199, 200, 201, 202, 203, 204, 205, 206, 207, 208, 209, 210, 211, 212, 213, 214, 215, 216, 217, 218, 219, 220, 221, 222, 223, 224, 225, 226, 227, 228, 229, 230, 231, 232, 233, 234, 235, 236, 237, 238, 239, 240, 241, 242, 243, 244, 245, 246, 247, 248, 249, 250, 251, 252, 253, 254, 255, 256, 257, 258, 259, 260, 261, 262, 263, 264, 265, 266, 267, 268, 269, 270, 271, 272, 273, 274, 275, 276, 277, 278, 279, 280, 281, 282, 283, 284, 285, 286, 287, 288, 289, 290, 291, 292, 293, 294, 295, 296, 297, 298, 299, 300, 301, 302, 303, 304, 305, 306, 307, 308, 309, 310, 311, 312, 313, 314, 315, 316, 317, 318, 319, 320, 321, 322, 323, 324, 325, 326, 327, 328, 329, 330, 331, 332, 333, 334, 335, 336, 337, 574, 575, 576, 577, 578, 579, 580, 581, 582, 583, 584, 585, 586, 587, 588, 589, 590, 591, 592, 593, 594, 595, 596, 597, 598, 599, 600, 601, 602, 603, 604, 605, 606, 607, 608, 609, 610, 611, 612, 613, 614, 615, 616, 617, 618, 619, 620, 621, 622, 623, 624, 625, 626, 627, 628, 629, 630, 631, 632, 633, 634, 635, 636, 637, 638, 639, 640, 641, 642, 643, 644, 645, 646, 647, 648, 649, 650, 651, 652, 653, 654, 655, 656, 657, 658, 659, 660, 661, 662, 663, 664, 665, 666, 667, 668, 669, 670, 671, 672, 673, 674, 675, 676, 677, 678, 679, 680, 681, 682, 683, 684, 685, 686, 687, 688, 689, 690, 691, 692, 693, 694, 695, 696, 697, 698, 699, 700, 701, 702, 703, 704, 705, 706, 707, 708, 709, 710, 711, 712, 713, 714, 715, 716, 717, 718, 719, 720, 721, 722, 723, 724, 725, 726, 727, 728, 729, 730, 731, 732, 733, 734, 735, 736, 737, 738, 739, 740, 741, 742, 743, 744, 745, 746, 747, 748, 749, 750, 751, 752, 753, 754, 755, 756, 757, 758, 759, 760, 761, 762, 763, 764, 765, 766, 767, 768, 769, 770, 771, 772, 773, 774, 775, 776, 777, 778, 779, 780, 781, 782, 783, 784, 785, 786, 787, 788, 789, 790, 791, 792, 793]","[105, 114, 138, 141, 152, 153, 154, 155, 157, 159, 164, 165, 176, 182, 191, 192, 194, 195, 196, 200, 204, 208, 209, 210, 211, 215, 226, 228, 241, 242, 243, 245, 248, 249, 250, 257, 261, 270, 271, 282, 287, 289, 291, 294, 296, 298, 306, 308, 309, 311, 314, 327, 333, 335, 337, 576, 585, 609, 612, 623, 624, 626, 627, 629, 631, 636, 637, 647, 653, 662, 663, 665, 666, 667, 671, 674, 678, 679, 680, 681, 690, 692, 705, 706, 707, 709, 711, 712, 713, 719, 721, 729, 730, 741, 746, 748, 750, 753, 755, 757, 764, 766, 767, 769, 772, 785, 791]",[],"[90, 91, 294, 295, 296, 561, 562, 753, 754, 755]","[10, 75, 90, 91, 103, 104, 105, 106, 107, 108, 109, 110, 111, 112, 113, 114, 115, 116, 117, 118, 119, 120, 121, 122, 123, 124, 125, 126, 127, 128, 129, 130, 131, 132, 133, 134, 135, 136, 137, 138, 139, 140, 141, 142, 143, 144, 145, 146, 147, 148, 149, 150, 151, 152, 153, 154, 155, 156, 157, 158, 159, 160, 161, 162, 163, 164, 165, 166, 167, 168, 169, 170, 171, 172, 173, 174, 175, 176, 177, 178, 179, 180, 181, 182, 183, 184, 185, 186, 187, 188, 189, 190, 191, 192, 193, 194, 195, 196, 197, 198, 199, 200, 201, 202, 203, 204, 205, 206, 207, 208, 209, 210, 211, 212, 213, 214, 215, 216, 217, 218, 219, 220, 221, 222, 223, 224, 225, 226, 227, 228, 229, 230, 231, 232, 233, 234, 235, 236, 237, 238, 239, 240, 241, 242, 243, 244, 245, 246, 247, 248, 249, 250, 251, 252, 253, 254, 255, 256, 257, 258, 259, 260, 261, 262, 263, 264, 265, 266, 267, 268, 269, 270, 271, 272, 273, 274, 275, 276, 277, 278, 279, 280, 281, 282, 283, 284, 285, 286, 287, 288, 289, 290, 291, 292, 293, 294, 295, 296, 297, 298, 299, 300, 301, 302, 303, 304, 305, 306, 307, 308, 309, 310, 311, 312, 313, 314, 315, 316, 317, 318, 319, 320, 321, 322, 323, 324, 325, 326, 327, 328, 329, 330, 331, 332, 333, 334, 335, 336, 337, 495, 549, 561, 562, 574, 575, 576, 577, 578, 579, 580, 581, 582, 583, 584, 585, 586, 587, 588, 589, 590, 591, 592, 593, 594, 595, 596, 597, 598, 599, 600, 601, 602, 603, 604, 605, 606, 607, 608, 609, 610, 611, 612, 613, 614, 615, 616, 617, 618, 619, 620, 621, 622, 623, 624, 625, 626, 627, 628, 629, 630, 631, 632, 633, 634, 635, 636, 637, 638, 639, 640, 641, 642, 643, 644, 645, 646, 647, 648, 649, 650, 651, 652, 653, 654, 655, 656, 657, 658, 659, 660, 661, 662, 663, 664, 665, 666, 667, 668, 669, 670, 671, 672, 673, 674, 675, 676, 677, 678, 679, 680, 681, 682, 683, 684, 685, 686, 687, 688, 689, 690, 691, 692, 693, 694, 695, 696, 697, 698, 699, 700, 701, 702, 703, 704, 705, 706, 707, 708, 709, 710, 711, 712, 713, 714, 715, 716, 717, 718, 719, 720, 721, 722, 723, 724, 725, 726, 727, 728, 729, 730, 731, 732, 733, 734, 735, 736, 737, 738, 739, 740, 741, 742, 743, 744, 745, 746, 747, 748, 749, 750, 751, 752, 753, 754, 755, 756, 757, 758, 759, 760, 761, 762, 763, 764, 765, 766, 767, 768, 769, 770, 771, 772, 773, 774, 775, 776, 777, 778, 779, 780, 781, 782, 783, 784, 785, 786, 787, 788, 789, 790, 791, 792, 793]",True,"[294, 295, 753, 754]","[103, 104, 105, 106, 107, 108, 109, 110, 111, 112, 113, 114, 115, 116, 117, 118, 119, 120, 121, 122, 123, 124, 125, 126, 127, 128, 129, 130, 131, 132, 133, 134, 135, 136, 137, 138, 139, 140, 141, 142, 143, 144, 145, 146, 147, 148, 149, 150, 151, 152, 153, 154, 155, 156, 157, 158, 159, 160, 161, 162, 163, 164, 165, 166, 167, 168, 169, 170, 171, 172, 173, 174, 175, 176, 177, 178, 179, 180, 181, 182, 183, 184, 185, 186, 187, 188, 189, 190, 191, 192, 193, 194, 195, 196, 197, 198, 199, 200, 201, 202, 203, 204, 205, 206, 207, 208, 209, 210, 211, 212, 213, 214, 215, 216, 217, 218, 219, 220, 221, 222, 223, 224, 225, 226, 227, 228, 229, 230, 231, 232, 233, 234, 235, 236, 237, 238, 239, 240, 241, 242, 243, 244, 245, 246, 247, 248, 249, 250, 251, 252, 253, 254, 255, 256, 257, 258, 259, 260, 261, 262, 263, 264, 265, 266, 267, 268, 269, 270, 271, 272, 273, 274, 275, 276, 277, 278, 279, 280, 281, 282, 283, 284, 285, 286, 287, 288, 289, 290, 291, 292, 293, 294, 295, 296, 297, 298, 299, 300, 301, 302, 303, 304, 305, 306, 307, 308, 309, 310, 311, 312, 313, 314, 315, 316, 317, 318, 319, 320, 321, 322, 323, 324, 325, 326, 327, 328, 329, 330, 331, 332, 333, 334, 335, 336, 337, 574, 575, 576, 577, 578, 579, 580, 581, 582, 583, 584, 585, 586, 587, 588, 589, 590, 591, 592, 593, 594, 595, 596, 597, 598, 599, 600, 601, 602, 603, 604, 605, 606, 607, 608, 609, 610, 611, 612, 613, 614, 615, 616, 617, 618, 619, 620, 621, 622, 623, 624, 625, 626, 627, 628, 629, 630, 631, 632, 633, 634, 635, 636, 637, 638, 639, 640, 641, 642, 643, 644, 645, 646, 647, 648, 649, 650, 651, 652, 653, 654, 655, 656, 657, 658, 659, 660, 661, 662, 663, 664, 665, 666, 667, 668, 669, 670, 671, 672, 673, 674, 675, 676, 677, 678, 679, 680, 681, 682, 683, 684, 685, 686, 687, 688, 689, 690, 691, 692, 693, 694, 695, 696, 697, 698, 699, 700, 701, 702, 703, 704, 705, 706, 707, 708, 709, 710, 711, 712, 713, 714, 715, 716, 717, 718, 719, 720, 721, 722, 723, 724, 725, 726, 727, 728, 729, 730, 731, 732, 733, 734, 735, 736, 737, 738, 739, 740, 741, 742, 743, 744, 745, 746, 747, 748, 749, 750, 751, 752, 753, 754, 755, 756, 757, 758, 759, 760, 761, 762, 763, 764, 765, 766, 767, 768, 769, 770, 771, 772, 773, 774, 775, 776, 777, 778, 779, 780, 781, 782, 783, 784, 785, 786, 787, 788, 789, 790, 791, 792, 793]","[294, 300, 753, 759]","[10, 75, 294, 495, 549, 753]","[105, 114, 138, 141, 152, 153, 154, 155, 157, 159, 164, 165, 176, 182, 191, 192, 194, 195, 196, 200, 204, 208, 209, 210, 211, 215, 226, 228, 241, 242, 243, 245, 248, 249, 250, 257, 261, 270, 271, 282, 287, 289, 291, 294, 296, 298, 306, 308, 309, 311, 314, 327, 333, 335, 337, 576, 585, 609, 612, 623, 624, 626, 627, 629, 631, 636, 637, 647, 653, 662, 663, 665, 666, 667, 671, 674, 678, 679, 680, 681, 690, 692, 705, 706, 707, 709, 711, 712, 713, 719, 721, 729, 730, 741, 746, 748, 750, 753, 755, 757, 764, 766, 767, 769, 772, 785, 791]","[90, 91, 294, 295, 296, 561, 562, 753, 754, 755]",[],7/6 successful match,True,[20],True,248,False,,0.8999999999999999,True,Speedy Fuel,
Los Angeles ( 90023 ) Speedy Fuel,5 323-260-4606 I-5 Exit 133 ( Grande Vista Ave ),124 11 ] <U+2610>,Los Angeles,90023,Speedy Fuel,323-260-4606,2014,Los Angeles,CA,,( Grande Vista Ave ),I-5 Exit 133 ,Exit,133,False,,False,I-5,,,,,"[753, 294]","[294, 295, 753, 754]","[294, 300, 753, 759]","[10, 75, 294, 495, 549, 753]","[103, 104, 105, 106, 107, 108, 109, 110, 111, 112, 113, 114, 115, 116, 117, 118, 119, 120, 121, 122, 123, 124, 125, 126, 127, 128, 129, 130, 131, 132, 133, 134, 135, 136, 137, 138, 139, 140, 141, 142, 143, 144, 145, 146, 147, 148, 149, 150, 151, 152, 153, 154, 155, 156, 157, 158, 159, 160, 161, 162, 163, 164, 165, 166, 167, 168, 169, 170, 171, 172, 173, 174, 175, 176, 177, 178, 179, 180, 181, 182, 183, 184, 185, 186, 187, 188, 189, 190, 191, 192, 193, 194, 195, 196, 197, 198, 199, 200, 201, 202, 203, 204, 205, 206, 207, 208, 209, 210, 211, 212, 213, 214, 215, 216, 217, 218, 219, 220, 221, 222, 223, 224, 225, 226, 227, 228, 229, 230, 231, 232, 233, 234, 235, 236, 237, 238, 239, 240, 241, 242, 243, 244, 245, 246, 247, 248, 249, 250, 251, 252, 253, 254, 255, 256, 257, 258, 259, 260, 261, 262, 263, 264, 265, 266, 267, 268, 269, 270, 271, 272, 273, 274, 275, 276, 277, 278, 279, 280, 281, 282, 283, 284, 285, 286, 287, 288, 289, 290, 291, 292, 293, 294, 295, 296, 297, 298, 299, 300, 301, 302, 303, 304, 305, 306, 307, 308, 309, 310, 311, 312, 313, 314, 315, 316, 317, 318, 319, 320, 321, 322, 323, 324, 325, 326, 327, 328, 329, 330, 331, 332, 333, 334, 335, 336, 337, 574, 575, 576, 577, 578, 579, 580, 581, 582, 583, 584, 585, 586, 587, 588, 589, 590, 591, 592, 593, 594, 595, 596, 597, 598, 599, 600, 601, 602, 603, 604, 605, 606, 607, 608, 609, 610, 611, 612, 613, 614, 615, 616, 617, 618, 619, 620, 621, 622, 623, 624, 625, 626, 627, 628, 629, 630, 631, 632, 633, 634, 635, 636, 637, 638, 639, 640, 641, 642, 643, 644, 645, 646, 647, 648, 649, 650, 651, 652, 653, 654, 655, 656, 657, 658, 659, 660, 661, 662, 663, 664, 665, 666, 667, 668, 669, 670, 671, 672, 673, 674, 675, 676, 677, 678, 679, 680, 681, 682, 683, 684, 685, 686, 687, 688, 689, 690, 691, 692, 693, 694, 695, 696, 697, 698, 699, 700, 701, 702, 703, 704, 705, 706, 707, 708, 709, 710, 711, 712, 713, 714, 715, 716, 717, 718, 719, 720, 721, 722, 723, 724, 725, 726, 727, 728, 729, 730, 731, 732, 733, 734, 735, 736, 737, 738, 739, 740, 741, 742, 743, 744, 745, 746, 747, 748, 749, 750, 751, 752, 753, 754, 755, 756, 757, 758, 759, 760, 761, 762, 763, 764, 765, 766, 767, 768, 769, 770, 771, 772, 773, 774, 775, 776, 777, 778, 779, 780, 781, 782, 783, 784, 785, 786, 787, 788, 789, 790, 791, 792, 793]","[105, 114, 138, 141, 152, 153, 154, 155, 157, 159, 164, 165, 176, 182, 191, 192, 194, 195, 196, 200, 204, 208, 209, 210, 211, 215, 226, 228, 241, 242, 243, 245, 248, 249, 250, 257, 261, 270, 271, 282, 287, 289, 291, 294, 296, 298, 306, 308, 309, 311, 314, 327, 333, 335, 337, 576, 585, 609, 612, 623, 624, 626, 627, 629, 631, 636, 637, 647, 653, 662, 663, 665, 666, 667, 671, 674, 678, 679, 680, 681, 690, 692, 705, 706, 707, 709, 711, 712, 713, 719, 721, 729, 730, 741, 746, 748, 750, 753, 755, 757, 764, 766, 767, 769, 772, 785, 791]",[],"[90, 91, 294, 295, 296, 561, 562, 753, 754, 755]","[10, 75, 90, 91, 103, 104, 105, 106, 107, 108, 109, 110, 111, 112, 113, 114, 115, 116, 117, 118, 119, 120, 121, 122, 123, 124, 125, 126, 127, 128, 129, 130, 131, 132, 133, 134, 135, 136, 137, 138, 139, 140, 141, 142, 143, 144, 145, 146, 147, 148, 149, 150, 151, 152, 153, 154, 155, 156, 157, 158, 159, 160, 161, 162, 163, 164, 165, 166, 167, 168, 169, 170, 171, 172, 173, 174, 175, 176, 177, 178, 179, 180, 181, 182, 183, 184, 185, 186, 187, 188, 189, 190, 191, 192, 193, 194, 195, 196, 197, 198, 199, 200, 201, 202, 203, 204, 205, 206, 207, 208, 209, 210, 211, 212, 213, 214, 215, 216, 217, 218, 219, 220, 221, 222, 223, 224, 225, 226, 227, 228, 229, 230, 231, 232, 233, 234, 235, 236, 237, 238, 239, 240, 241, 242, 243, 244, 245, 246, 247, 248, 249, 250, 251, 252, 253, 254, 255, 256, 257, 258, 259, 260, 261, 262, 263, 264, 265, 266, 267, 268, 269, 270, 271, 272, 273, 274, 275, 276, 277, 278, 279, 280, 281, 282, 283, 284, 285, 286, 287, 288, 289, 290, 291, 292, 293, 294, 295, 296, 297, 298, 299, 300, 301, 302, 303, 304, 305, 306, 307, 308, 309, 310, 311, 312, 313, 314, 315, 316, 317, 318, 319, 320, 321, 322, 323, 324, 325, 326, 327, 328, 329, 330, 331, 332, 333, 334, 335, 336, 337, 495, 549, 561, 562, 574, 575, 576, 577, 578, 579, 580, 581, 582, 583, 584, 585, 586, 587, 588, 589, 590, 591, 592, 593, 594, 595, 596, 597, 598, 599, 600, 601, 602, 603, 604, 605, 606, 607, 608, 609, 610, 611, 612, 613, 614, 615, 616, 617, 618, 619, 620, 621, 622, 623, 624, 625, 626, 627, 628, 629, 630, 631, 632, 633, 634, 635, 636, 637, 638, 639, 640, 641, 642, 643, 644, 645, 646, 647, 648, 649, 650, 651, 652, 653, 654, 655, 656, 657, 658, 659, 660, 661, 662, 663, 664, 665, 666, 667, 668, 669, 670, 671, 672, 673, 674, 675, 676, 677, 678, 679, 680, 681, 682, 683, 684, 685, 686, 687, 688, 689, 690, 691, 692, 693, 694, 695, 696, 697, 698, 699, 700, 701, 702, 703, 704, 705, 706, 707, 708, 709, 710, 711, 712, 713, 714, 715, 716, 717, 718, 719, 720, 721, 722, 723, 724, 725, 726, 727, 728, 729, 730, 731, 732, 733, 734, 735, 736, 737, 738, 739, 740, 741, 742, 743, 744, 745, 746, 747, 748, 749, 750, 751, 752, 753, 754, 755, 756, 757, 758, 759, 760, 761, 762, 763, 764, 765, 766, 767, 768, 769, 770, 771, 772, 773, 774, 775, 776, 777, 778, 779, 780, 781, 782, 783, 784, 785, 786, 787, 788, 789, 790, 791, 792, 793]",True,"[294, 295, 753, 754]","[103, 104, 105, 106, 107, 108, 109, 110, 111, 112, 113, 114, 115, 116, 117, 118, 119, 120, 121, 122, 123, 124, 125, 126, 127, 128, 129, 130, 131, 132, 133, 134, 135, 136, 137, 138, 139, 140, 141, 142, 143, 144, 145, 146, 147, 148, 149, 150, 151, 152, 153, 154, 155, 156, 157, 158, 159, 160, 161, 162, 163, 164, 165, 166, 167, 168, 169, 170, 171, 172, 173, 174, 175, 176, 177, 178, 179, 180, 181, 182, 183, 184, 185, 186, 187, 188, 189, 190, 191, 192, 193, 194, 195, 196, 197, 198, 199, 200, 201, 202, 203, 204, 205, 206, 207, 208, 209, 210, 211, 212, 213, 214, 215, 216, 217, 218, 219, 220, 221, 222, 223, 224, 225, 226, 227, 228, 229, 230, 231, 232, 233, 234, 235, 236, 237, 238, 239, 240, 241, 242, 243, 244, 245, 246, 247, 248, 249, 250, 251, 252, 253, 254, 255, 256, 257, 258, 259, 260, 261, 262, 263, 264, 265, 266, 267, 268, 269, 270, 271, 272, 273, 274, 275, 276, 277, 278, 279, 280, 281, 282, 283, 284, 285, 286, 287, 288, 289, 290, 291, 292, 293, 294, 295, 296, 297, 298, 299, 300, 301, 302, 303, 304, 305, 306, 307, 308, 309, 310, 311, 312, 313, 314, 315, 316, 317, 318, 319, 320, 321, 322, 323, 324, 325, 326, 327, 328, 329, 330, 331, 332, 333, 334, 335, 336, 337, 574, 575, 576, 577, 578, 579, 580, 581, 582, 583, 584, 585, 586, 587, 588, 589, 590, 591, 592, 593, 594, 595, 596, 597, 598, 599, 600, 601, 602, 603, 604, 605, 606, 607, 608, 609, 610, 611, 612, 613, 614, 615, 616, 617, 618, 619, 620, 621, 622, 623, 624, 625, 626, 627, 628, 629, 630, 631, 632, 633, 634, 635, 636, 637, 638, 639, 640, 641, 642, 643, 644, 645, 646, 647, 648, 649, 650, 651, 652, 653, 654, 655, 656, 657, 658, 659, 660, 661, 662, 663, 664, 665, 666, 667, 668, 669, 670, 671, 672, 673, 674, 675, 676, 677, 678, 679, 680, 681, 682, 683, 684, 685, 686, 687, 688, 689, 690, 691, 692, 693, 694, 695, 696, 697, 698, 699, 700, 701, 702, 703, 704, 705, 706, 707, 708, 709, 710, 711, 712, 713, 714, 715, 716, 717, 718, 719, 720, 721, 722, 723, 724, 725, 726, 727, 728, 729, 730, 731, 732, 733, 734, 735, 736, 737, 738, 739, 740, 741, 742, 743, 744, 745, 746, 747, 748, 749, 750, 751, 752, 753, 754, 755, 756, 757, 758, 759, 760, 761, 762, 763, 764, 765, 766, 767, 768, 769, 770, 771, 772, 773, 774, 775, 776, 777, 778, 779, 780, 781, 782, 783, 784, 785, 786, 787, 788, 789, 790, 791, 792, 793]","[294, 300, 753, 759]","[10, 75, 294, 495, 549, 753]","[105, 114, 138, 141, 152, 153, 154, 155, 157, 159, 164, 165, 176, 182, 191, 192, 194, 195, 196, 200, 204, 208, 209, 210, 211, 215, 226, 228, 241, 242, 243, 245, 248, 249, 250, 257, 261, 270, 271, 282, 287, 289, 291, 294, 296, 298, 306, 308, 309, 311, 314, 327, 333, 335, 337, 576, 585, 609, 612, 623, 624, 626, 627, 629, 631, 636, 637, 647, 653, 662, 663, 665, 666, 667, 671, 674, 678, 679, 680, 681, 690, 692, 705, 706, 707, 709, 711, 712, 713, 719, 721, 729, 730, 741, 746, 748, 750, 753, 755, 757, 764, 766, 767, 769, 772, 785, 791]","[90, 91, 294, 295, 296, 561, 562, 753, 754, 755]",[],7/6 successful match,True,[20],True,248,False,,0.8999999999999999,True,Speedy Fuel,
Los Angeles ( 90023 ) Speedy Fuel,5 323-260-4606 I-5 Exit 133 ( Grande Vista Ave ),24 24 24 m <U+25A1> D,Los Angeles,90023,Speedy Fuel,323-260-4606,2015,Los Angeles,CA,,( Grande Vista Ave ),I-5 Exit 133 ,Exit,133,False,,False,I-5,,,,,"[753, 294]","[294, 295, 753, 754]","[294, 300, 753, 759]","[10, 75, 294, 495, 549, 753]","[103, 104, 105, 106, 107, 108, 109, 110, 111, 112, 113, 114, 115, 116, 117, 118, 119, 120, 121, 122, 123, 124, 125, 126, 127, 128, 129, 130, 131, 132, 133, 134, 135, 136, 137, 138, 139, 140, 141, 142, 143, 144, 145, 146, 147, 148, 149, 150, 151, 152, 153, 154, 155, 156, 157, 158, 159, 160, 161, 162, 163, 164, 165, 166, 167, 168, 169, 170, 171, 172, 173, 174, 175, 176, 177, 178, 179, 180, 181, 182, 183, 184, 185, 186, 187, 188, 189, 190, 191, 192, 193, 194, 195, 196, 197, 198, 199, 200, 201, 202, 203, 204, 205, 206, 207, 208, 209, 210, 211, 212, 213, 214, 215, 216, 217, 218, 219, 220, 221, 222, 223, 224, 225, 226, 227, 228, 229, 230, 231, 232, 233, 234, 235, 236, 237, 238, 239, 240, 241, 242, 243, 244, 245, 246, 247, 248, 249, 250, 251, 252, 253, 254, 255, 256, 257, 258, 259, 260, 261, 262, 263, 264, 265, 266, 267, 268, 269, 270, 271, 272, 273, 274, 275, 276, 277, 278, 279, 280, 281, 282, 283, 284, 285, 286, 287, 288, 289, 290, 291, 292, 293, 294, 295, 296, 297, 298, 299, 300, 301, 302, 303, 304, 305, 306, 307, 308, 309, 310, 311, 312, 313, 314, 315, 316, 317, 318, 319, 320, 321, 322, 323, 324, 325, 326, 327, 328, 329, 330, 331, 332, 333, 334, 335, 336, 337, 574, 575, 576, 577, 578, 579, 580, 581, 582, 583, 584, 585, 586, 587, 588, 589, 590, 591, 592, 593, 594, 595, 596, 597, 598, 599, 600, 601, 602, 603, 604, 605, 606, 607, 608, 609, 610, 611, 612, 613, 614, 615, 616, 617, 618, 619, 620, 621, 622, 623, 624, 625, 626, 627, 628, 629, 630, 631, 632, 633, 634, 635, 636, 637, 638, 639, 640, 641, 642, 643, 644, 645, 646, 647, 648, 649, 650, 651, 652, 653, 654, 655, 656, 657, 658, 659, 660, 661, 662, 663, 664, 665, 666, 667, 668, 669, 670, 671, 672, 673, 674, 675, 676, 677, 678, 679, 680, 681, 682, 683, 684, 685, 686, 687, 688, 689, 690, 691, 692, 693, 694, 695, 696, 697, 698, 699, 700, 701, 702, 703, 704, 705, 706, 707, 708, 709, 710, 711, 712, 713, 714, 715, 716, 717, 718, 719, 720, 721, 722, 723, 724, 725, 726, 727, 728, 729, 730, 731, 732, 733, 734, 735, 736, 737, 738, 739, 740, 741, 742, 743, 744, 745, 746, 747, 748, 749, 750, 751, 752, 753, 754, 755, 756, 757, 758, 759, 760, 761, 762, 763, 764, 765, 766, 767, 768, 769, 770, 771, 772, 773, 774, 775, 776, 777, 778, 779, 780, 781, 782, 783, 784, 785, 786, 787, 788, 789, 790, 791, 792, 793]","[105, 114, 138, 141, 152, 153, 154, 155, 157, 159, 164, 165, 176, 182, 191, 192, 194, 195, 196, 200, 204, 208, 209, 210, 211, 215, 226, 228, 241, 242, 243, 245, 248, 249, 250, 257, 261, 270, 271, 282, 287, 289, 291, 294, 296, 298, 306, 308, 309, 311, 314, 327, 333, 335, 337, 576, 585, 609, 612, 623, 624, 626, 627, 629, 631, 636, 637, 647, 653, 662, 663, 665, 666, 667, 671, 674, 678, 679, 680, 681, 690, 692, 705, 706, 707, 709, 711, 712, 713, 719, 721, 729, 730, 741, 746, 748, 750, 753, 755, 757, 764, 766, 767, 769, 772, 785, 791]",[],"[90, 91, 294, 295, 296, 561, 562, 753, 754, 755]","[10, 75, 90, 91, 103, 104, 105, 106, 107, 108, 109, 110, 111, 112, 113, 114, 115, 116, 117, 118, 119, 120, 121, 122, 123, 124, 125, 126, 127, 128, 129, 130, 131, 132, 133, 134, 135, 136, 137, 138, 139, 140, 141, 142, 143, 144, 145, 146, 147, 148, 149, 150, 151, 152, 153, 154, 155, 156, 157, 158, 159, 160, 161, 162, 163, 164, 165, 166, 167, 168, 169, 170, 171, 172, 173, 174, 175, 176, 177, 178, 179, 180, 181, 182, 183, 184, 185, 186, 187, 188, 189, 190, 191, 192, 193, 194, 195, 196, 197, 198, 199, 200, 201, 202, 203, 204, 205, 206, 207, 208, 209, 210, 211, 212, 213, 214, 215, 216, 217, 218, 219, 220, 221, 222, 223, 224, 225, 226, 227, 228, 229, 230, 231, 232, 233, 234, 235, 236, 237, 238, 239, 240, 241, 242, 243, 244, 245, 246, 247, 248, 249, 250, 251, 252, 253, 254, 255, 256, 257, 258, 259, 260, 261, 262, 263, 264, 265, 266, 267, 268, 269, 270, 271, 272, 273, 274, 275, 276, 277, 278, 279, 280, 281, 282, 283, 284, 285, 286, 287, 288, 289, 290, 291, 292, 293, 294, 295, 296, 297, 298, 299, 300, 301, 302, 303, 304, 305, 306, 307, 308, 309, 310, 311, 312, 313, 314, 315, 316, 317, 318, 319, 320, 321, 322, 323, 324, 325, 326, 327, 328, 329, 330, 331, 332, 333, 334, 335, 336, 337, 495, 549, 561, 562, 574, 575, 576, 577, 578, 579, 580, 581, 582, 583, 584, 585, 586, 587, 588, 589, 590, 591, 592, 593, 594, 595, 596, 597, 598, 599, 600, 601, 602, 603, 604, 605, 606, 607, 608, 609, 610, 611, 612, 613, 614, 615, 616, 617, 618, 619, 620, 621, 622, 623, 624, 625, 626, 627, 628, 629, 630, 631, 632, 633, 634, 635, 636, 637, 638, 639, 640, 641, 642, 643, 644, 645, 646, 647, 648, 649, 650, 651, 652, 653, 654, 655, 656, 657, 658, 659, 660, 661, 662, 663, 664, 665, 666, 667, 668, 669, 670, 671, 672, 673, 674, 675, 676, 677, 678, 679, 680, 681, 682, 683, 684, 685, 686, 687, 688, 689, 690, 691, 692, 693, 694, 695, 696, 697, 698, 699, 700, 701, 702, 703, 704, 705, 706, 707, 708, 709, 710, 711, 712, 713, 714, 715, 716, 717, 718, 719, 720, 721, 722, 723, 724, 725, 726, 727, 728, 729, 730, 731, 732, 733, 734, 735, 736, 737, 738, 739, 740, 741, 742, 743, 744, 745, 746, 747, 748, 749, 750, 751, 752, 753, 754, 755, 756, 757, 758, 759, 760, 761, 762, 763, 764, 765, 766, 767, 768, 769, 770, 771, 772, 773, 774, 775, 776, 777, 778, 779, 780, 781, 782, 783, 784, 785, 786, 787, 788, 789, 790, 791, 792, 793]",True,"[294, 295, 753, 754]","[103, 104, 105, 106, 107, 108, 109, 110, 111, 112, 113, 114, 115, 116, 117, 118, 119, 120, 121, 122, 123, 124, 125, 126, 127, 128, 129, 130, 131, 132, 133, 134, 135, 136, 137, 138, 139, 140, 141, 142, 143, 144, 145, 146, 147, 148, 149, 150, 151, 152, 153, 154, 155, 156, 157, 158, 159, 160, 161, 162, 163, 164, 165, 166, 167, 168, 169, 170, 171, 172, 173, 174, 175, 176, 177, 178, 179, 180, 181, 182, 183, 184, 185, 186, 187, 188, 189, 190, 191, 192, 193, 194, 195, 196, 197, 198, 199, 200, 201, 202, 203, 204, 205, 206, 207, 208, 209, 210, 211, 212, 213, 214, 215, 216, 217, 218, 219, 220, 221, 222, 223, 224, 225, 226, 227, 228, 229, 230, 231, 232, 233, 234, 235, 236, 237, 238, 239, 240, 241, 242, 243, 244, 245, 246, 247, 248, 249, 250, 251, 252, 253, 254, 255, 256, 257, 258, 259, 260, 261, 262, 263, 264, 265, 266, 267, 268, 269, 270, 271, 272, 273, 274, 275, 276, 277, 278, 279, 280, 281, 282, 283, 284, 285, 286, 287, 288, 289, 290, 291, 292, 293, 294, 295, 296, 297, 298, 299, 300, 301, 302, 303, 304, 305, 306, 307, 308, 309, 310, 311, 312, 313, 314, 315, 316, 317, 318, 319, 320, 321, 322, 323, 324, 325, 326, 327, 328, 329, 330, 331, 332, 333, 334, 335, 336, 337, 574, 575, 576, 577, 578, 579, 580, 581, 582, 583, 584, 585, 586, 587, 588, 589, 590, 591, 592, 593, 594, 595, 596, 597, 598, 599, 600, 601, 602, 603, 604, 605, 606, 607, 608, 609, 610, 611, 612, 613, 614, 615, 616, 617, 618, 619, 620, 621, 622, 623, 624, 625, 626, 627, 628, 629, 630, 631, 632, 633, 634, 635, 636, 637, 638, 639, 640, 641, 642, 643, 644, 645, 646, 647, 648, 649, 650, 651, 652, 653, 654, 655, 656, 657, 658, 659, 660, 661, 662, 663, 664, 665, 666, 667, 668, 669, 670, 671, 672, 673, 674, 675, 676, 677, 678, 679, 680, 681, 682, 683, 684, 685, 686, 687, 688, 689, 690, 691, 692, 693, 694, 695, 696, 697, 698, 699, 700, 701, 702, 703, 704, 705, 706, 707, 708, 709, 710, 711, 712, 713, 714, 715, 716, 717, 718, 719, 720, 721, 722, 723, 724, 725, 726, 727, 728, 729, 730, 731, 732, 733, 734, 735, 736, 737, 738, 739, 740, 741, 742, 743, 744, 745, 746, 747, 748, 749, 750, 751, 752, 753, 754, 755, 756, 757, 758, 759, 760, 761, 762, 763, 764, 765, 766, 767, 768, 769, 770, 771, 772, 773, 774, 775, 776, 777, 778, 779, 780, 781, 782, 783, 784, 785, 786, 787, 788, 789, 790, 791, 792, 793]","[294, 300, 753, 759]","[10, 75, 294, 495, 549, 753]","[105, 114, 138, 141, 152, 153, 154, 155, 157, 159, 164, 165, 176, 182, 191, 192, 194, 195, 196, 200, 204, 208, 209, 210, 211, 215, 226, 228, 241, 242, 243, 245, 248, 249, 250, 257, 261, 270, 271, 282, 287, 289, 291, 294, 296, 298, 306, 308, 309, 311, 314, 327, 333, 335, 337, 576, 585, 609, 612, 623, 624, 626, 627, 629, 631, 636, 637, 647, 653, 662, 663, 665, 666, 667, 671, 674, 678, 679, 680, 681, 690, 692, 705, 706, 707, 709, 711, 712, 713, 719, 721, 729, 730, 741, 746, 748, 750, 753, 755, 757, 764, 766, 767, 769, 772, 785, 791]","[90, 91, 294, 295, 296, 561, 562, 753, 754, 755]",[],7/6 successful match,True,[20],True,248,False,,0.8999999999999999,True,Speedy Fuel,
Los Angeles ( 90023 ) Speedy Fuel,323-260-4606 I-5 Exit 133 ( Grande Vista Ave ) .,24 <U+2610>,Los Angeles,90023,Speedy Fuel,323-260-4606,2016,Los Angeles,CA,,( Grande Vista Ave ) .,I-5 Exit 133 ,Exit,133,False,,False,I-5,,,,,"[753, 294]","[294, 295, 753, 754]","[294, 300, 753, 759]","[10, 75, 294, 495, 549, 753]","[103, 104, 105, 106, 107, 108, 109, 110, 111, 112, 113, 114, 115, 116, 117, 118, 119, 120, 121, 122, 123, 124, 125, 126, 127, 128, 129, 130, 131, 132, 133, 134, 135, 136, 137, 138, 139, 140, 141, 142, 143, 144, 145, 146, 147, 148, 149, 150, 151, 152, 153, 154, 155, 156, 157, 158, 159, 160, 161, 162, 163, 164, 165, 166, 167, 168, 169, 170, 171, 172, 173, 174, 175, 176, 177, 178, 179, 180, 181, 182, 183, 184, 185, 186, 187, 188, 189, 190, 191, 192, 193, 194, 195, 196, 197, 198, 199, 200, 201, 202, 203, 204, 205, 206, 207, 208, 209, 210, 211, 212, 213, 214, 215, 216, 217, 218, 219, 220, 221, 222, 223, 224, 225, 226, 227, 228, 229, 230, 231, 232, 233, 234, 235, 236, 237, 238, 239, 240, 241, 242, 243, 244, 245, 246, 247, 248, 249, 250, 251, 252, 253, 254, 255, 256, 257, 258, 259, 260, 261, 262, 263, 264, 265, 266, 267, 268, 269, 270, 271, 272, 273, 274, 275, 276, 277, 278, 279, 280, 281, 282, 283, 284, 285, 286, 287, 288, 289, 290, 291, 292, 293, 294, 295, 296, 297, 298, 299, 300, 301, 302, 303, 304, 305, 306, 307, 308, 309, 310, 311, 312, 313, 314, 315, 316, 317, 318, 319, 320, 321, 322, 323, 324, 325, 326, 327, 328, 329, 330, 331, 332, 333, 334, 335, 336, 337, 574, 575, 576, 577, 578, 579, 580, 581, 582, 583, 584, 585, 586, 587, 588, 589, 590, 591, 592, 593, 594, 595, 596, 597, 598, 599, 600, 601, 602, 603, 604, 605, 606, 607, 608, 609, 610, 611, 612, 613, 614, 615, 616, 617, 618, 619, 620, 621, 622, 623, 624, 625, 626, 627, 628, 629, 630, 631, 632, 633, 634, 635, 636, 637, 638, 639, 640, 641, 642, 643, 644, 645, 646, 647, 648, 649, 650, 651, 652, 653, 654, 655, 656, 657, 658, 659, 660, 661, 662, 663, 664, 665, 666, 667, 668, 669, 670, 671, 672, 673, 674, 675, 676, 677, 678, 679, 680, 681, 682, 683, 684, 685, 686, 687, 688, 689, 690, 691, 692, 693, 694, 695, 696, 697, 698, 699, 700, 701, 702, 703, 704, 705, 706, 707, 708, 709, 710, 711, 712, 713, 714, 715, 716, 717, 718, 719, 720, 721, 722, 723, 724, 725, 726, 727, 728, 729, 730, 731, 732, 733, 734, 735, 736, 737, 738, 739, 740, 741, 742, 743, 744, 745, 746, 747, 748, 749, 750, 751, 752, 753, 754, 755, 756, 757, 758, 759, 760, 761, 762, 763, 764, 765, 766, 767, 768, 769, 770, 771, 772, 773, 774, 775, 776, 777, 778, 779, 780, 781, 782, 783, 784, 785, 786, 787, 788, 789, 790, 791, 792, 793]","[105, 114, 138, 141, 152, 153, 154, 155, 157, 159, 164, 165, 176, 182, 191, 192, 194, 195, 196, 200, 204, 208, 209, 210, 211, 215, 226, 228, 241, 242, 243, 245, 248, 249, 250, 257, 261, 270, 271, 282, 287, 289, 291, 294, 296, 298, 306, 308, 309, 311, 314, 327, 333, 335, 337, 576, 585, 609, 612, 623, 624, 626, 627, 629, 631, 636, 637, 647, 653, 662, 663, 665, 666, 667, 671, 674, 678, 679, 680, 681, 690, 692, 705, 706, 707, 709, 711, 712, 713, 719, 721, 729, 730, 741, 746, 748, 750, 753, 755, 757, 764, 766, 767, 769, 772, 785, 791]",[],"[90, 91, 294, 295, 296, 561, 562, 753, 754, 755]","[10, 75, 90, 91, 103, 104, 105, 106, 107, 108, 109, 110, 111, 112, 113, 114, 115, 116, 117, 118, 119, 120, 121, 122, 123, 124, 125, 126, 127, 128, 129, 130, 131, 132, 133, 134, 135, 136, 137, 138, 139, 140, 141, 142, 143, 144, 145, 146, 147, 148, 149, 150, 151, 152, 153, 154, 155, 156, 157, 158, 159, 160, 161, 162, 163, 164, 165, 166, 167, 168, 169, 170, 171, 172, 173, 174, 175, 176, 177, 178, 179, 180, 181, 182, 183, 184, 185, 186, 187, 188, 189, 190, 191, 192, 193, 194, 195, 196, 197, 198, 199, 200, 201, 202, 203, 204, 205, 206, 207, 208, 209, 210, 211, 212, 213, 214, 215, 216, 217, 218, 219, 220, 221, 222, 223, 224, 225, 226, 227, 228, 229, 230, 231, 232, 233, 234, 235, 236, 237, 238, 239, 240, 241, 242, 243, 244, 245, 246, 247, 248, 249, 250, 251, 252, 253, 254, 255, 256, 257, 258, 259, 260, 261, 262, 263, 264, 265, 266, 267, 268, 269, 270, 271, 272, 273, 274, 275, 276, 277, 278, 279, 280, 281, 282, 283, 284, 285, 286, 287, 288, 289, 290, 291, 292, 293, 294, 295, 296, 297, 298, 299, 300, 301, 302, 303, 304, 305, 306, 307, 308, 309, 310, 311, 312, 313, 314, 315, 316, 317, 318, 319, 320, 321, 322, 323, 324, 325, 326, 327, 328, 329, 330, 331, 332, 333, 334, 335, 336, 337, 495, 549, 561, 562, 574, 575, 576, 577, 578, 579, 580, 581, 582, 583, 584, 585, 586, 587, 588, 589, 590, 591, 592, 593, 594, 595, 596, 597, 598, 599, 600, 601, 602, 603, 604, 605, 606, 607, 608, 609, 610, 611, 612, 613, 614, 615, 616, 617, 618, 619, 620, 621, 622, 623, 624, 625, 626, 627, 628, 629, 630, 631, 632, 633, 634, 635, 636, 637, 638, 639, 640, 641, 642, 643, 644, 645, 646, 647, 648, 649, 650, 651, 652, 653, 654, 655, 656, 657, 658, 659, 660, 661, 662, 663, 664, 665, 666, 667, 668, 669, 670, 671, 672, 673, 674, 675, 676, 677, 678, 679, 680, 681, 682, 683, 684, 685, 686, 687, 688, 689, 690, 691, 692, 693, 694, 695, 696, 697, 698, 699, 700, 701, 702, 703, 704, 705, 706, 707, 708, 709, 710, 711, 712, 713, 714, 715, 716, 717, 718, 719, 720, 721, 722, 723, 724, 725, 726, 727, 728, 729, 730, 731, 732, 733, 734, 735, 736, 737, 738, 739, 740, 741, 742, 743, 744, 745, 746, 747, 748, 749, 750, 751, 752, 753, 754, 755, 756, 757, 758, 759, 760, 761, 762, 763, 764, 765, 766, 767, 768, 769, 770, 771, 772, 773, 774, 775, 776, 777, 778, 779, 780, 781, 782, 783, 784, 785, 786, 787, 788, 789, 790, 791, 792, 793]",True,"[294, 295, 753, 754]","[103, 104, 105, 106, 107, 108, 109, 110, 111, 112, 113, 114, 115, 116, 117, 118, 119, 120, 121, 122, 123, 124, 125, 126, 127, 128, 129, 130, 131, 132, 133, 134, 135, 136, 137, 138, 139, 140, 141, 142, 143, 144, 145, 146, 147, 148, 149, 150, 151, 152, 153, 154, 155, 156, 157, 158, 159, 160, 161, 162, 163, 164, 165, 166, 167, 168, 169, 170, 171, 172, 173, 174, 175, 176, 177, 178, 179, 180, 181, 182, 183, 184, 185, 186, 187, 188, 189, 190, 191, 192, 193, 194, 195, 196, 197, 198, 199, 200, 201, 202, 203, 204, 205, 206, 207, 208, 209, 210, 211, 212, 213, 214, 215, 216, 217, 218, 219, 220, 221, 222, 223, 224, 225, 226, 227, 228, 229, 230, 231, 232, 233, 234, 235, 236, 237, 238, 239, 240, 241, 242, 243, 244, 245, 246, 247, 248, 249, 250, 251, 252, 253, 254, 255, 256, 257, 258, 259, 260, 261, 262, 263, 264, 265, 266, 267, 268, 269, 270, 271, 272, 273, 274, 275, 276, 277, 278, 279, 280, 281, 282, 283, 284, 285, 286, 287, 288, 289, 290, 291, 292, 293, 294, 295, 296, 297, 298, 299, 300, 301, 302, 303, 304, 305, 306, 307, 308, 309, 310, 311, 312, 313, 314, 315, 316, 317, 318, 319, 320, 321, 322, 323, 324, 325, 326, 327, 328, 329, 330, 331, 332, 333, 334, 335, 336, 337, 574, 575, 576, 577, 578, 579, 580, 581, 582, 583, 584, 585, 586, 587, 588, 589, 590, 591, 592, 593, 594, 595, 596, 597, 598, 599, 600, 601, 602, 603, 604, 605, 606, 607, 608, 609, 610, 611, 612, 613, 614, 615, 616, 617, 618, 619, 620, 621, 622, 623, 624, 625, 626, 627, 628, 629, 630, 631, 632, 633, 634, 635, 636, 637, 638, 639, 640, 641, 642, 643, 644, 645, 646, 647, 648, 649, 650, 651, 652, 653, 654, 655, 656, 657, 658, 659, 660, 661, 662, 663, 664, 665, 666, 667, 668, 669, 670, 671, 672, 673, 674, 675, 676, 677, 678, 679, 680, 681, 682, 683, 684, 685, 686, 687, 688, 689, 690, 691, 692, 693, 694, 695, 696, 697, 698, 699, 700, 701, 702, 703, 704, 705, 706, 707, 708, 709, 710, 711, 712, 713, 714, 715, 716, 717, 718, 719, 720, 721, 722, 723, 724, 725, 726, 727, 728, 729, 730, 731, 732, 733, 734, 735, 736, 737, 738, 739, 740, 741, 742, 743, 744, 745, 746, 747, 748, 749, 750, 751, 752, 753, 754, 755, 756, 757, 758, 759, 760, 761, 762, 763, 764, 765, 766, 767, 768, 769, 770, 771, 772, 773, 774, 775, 776, 777, 778, 779, 780, 781, 782, 783, 784, 785, 786, 787, 788, 789, 790, 791, 792, 793]","[294, 300, 753, 759]","[10, 75, 294, 495, 549, 753]","[105, 114, 138, 141, 152, 153, 154, 155, 157, 159, 164, 165, 176, 182, 191, 192, 194, 195, 196, 200, 204, 208, 209, 210, 211, 215, 226, 228, 241, 242, 243, 245, 248, 249, 250, 257, 261, 270, 271, 282, 287, 289, 291, 294, 296, 298, 306, 308, 309, 311, 314, 327, 333, 335, 337, 576, 585, 609, 612, 623, 624, 626, 627, 629, 631, 636, 637, 647, 653, 662, 663, 665, 666, 667, 671, 674, 678, 679, 680, 681, 690, 692, 705, 706, 707, 709, 711, 712, 713, 719, 721, 729, 730, 741, 746, 748, 750, 753, 755, 757, 764, 766, 767, 769, 772, 785, 791]","[90, 91, 294, 295, 296, 561, 562, 753, 754, 755]",[],7/6 successful match,True,[20],True,248,False,,0.8999999999999999,True,Speedy Fuel,
"Commerce , 90023 Speedy Fuel",5 323-266-2606 E Washington Blvd ( 1 mi W of I-710 ),24 HRS 00,Commerce,90023,Speedy Fuel,323-266-2606,2006,Los Angeles,CA,,( 1 mi W of I-710 ),E Washington Blvd,empty,,False,,False,E Washington Blvd,,,,,"[754, 295]","[294, 295, 753, 754]","[143, 294, 295, 300, 614, 753, 754, 759]",[],"[103, 104, 105, 106, 107, 108, 109, 110, 111, 112, 113, 114, 115, 116, 117, 118, 119, 120, 121, 122, 123, 124, 125, 126, 127, 128, 129, 130, 131, 132, 133, 134, 135, 136, 137, 138, 139, 140, 141, 142, 143, 144, 145, 146, 147, 148, 149, 150, 151, 152, 153, 154, 155, 156, 157, 158, 159, 160, 161, 162, 163, 164, 165, 166, 167, 168, 169, 170, 171, 172, 173, 174, 175, 176, 177, 178, 179, 180, 181, 182, 183, 184, 185, 186, 187, 188, 189, 190, 191, 192, 193, 194, 195, 196, 197, 198, 199, 200, 201, 202, 203, 204, 205, 206, 207, 208, 209, 210, 211, 212, 213, 214, 215, 216, 217, 218, 219, 220, 221, 222, 223, 224, 225, 226, 227, 228, 229, 230, 231, 232, 233, 234, 235, 236, 237, 238, 239, 240, 241, 242, 243, 244, 245, 246, 247, 248, 249, 250, 251, 252, 253, 254, 255, 256, 257, 258, 259, 260, 261, 262, 263, 264, 265, 266, 267, 268, 269, 270, 271, 272, 273, 274, 275, 276, 277, 278, 279, 280, 281, 282, 283, 284, 285, 286, 287, 288, 289, 290, 291, 292, 293, 294, 295, 296, 297, 298, 299, 300, 301, 302, 303, 304, 305, 306, 307, 308, 309, 310, 311, 312, 313, 314, 315, 316, 317, 318, 319, 320, 321, 322, 323, 324, 325, 326, 327, 328, 329, 330, 331, 332, 333, 334, 335, 336, 337, 574, 575, 576, 577, 578, 579, 580, 581, 582, 583, 584, 585, 586, 587, 588, 589, 590, 591, 592, 593, 594, 595, 596, 597, 598, 599, 600, 601, 602, 603, 604, 605, 606, 607, 608, 609, 610, 611, 612, 613, 614, 615, 616, 617, 618, 619, 620, 621, 622, 623, 624, 625, 626, 627, 628, 629, 630, 631, 632, 633, 634, 635, 636, 637, 638, 639, 640, 641, 642, 643, 644, 645, 646, 647, 648, 649, 650, 651, 652, 653, 654, 655, 656, 657, 658, 659, 660, 661, 662, 663, 664, 665, 666, 667, 668, 669, 670, 671, 672, 673, 674, 675, 676, 677, 678, 679, 680, 681, 682, 683, 684, 685, 686, 687, 688, 689, 690, 691, 692, 693, 694, 695, 696, 697, 698, 699, 700, 701, 702, 703, 704, 705, 706, 707, 708, 709, 710, 711, 712, 713, 714, 715, 716, 717, 718, 719, 720, 721, 722, 723, 724, 725, 726, 727, 728, 729, 730, 731, 732, 733, 734, 735, 736, 737, 738, 739, 740, 741, 742, 743, 744, 745, 746, 747, 748, 749, 750, 751, 752, 753, 754, 755, 756, 757, 758, 759, 760, 761, 762, 763, 764, 765, 766, 767, 768, 769, 770, 771, 772, 773, 774, 775, 776, 777, 778, 779, 780, 781, 782, 783, 784, 785, 786, 787, 788, 789, 790, 791, 792, 793]","[143, 228, 614, 692]",[],"[90, 91, 294, 295, 296, 561, 562, 753, 754, 755]","[90, 91, 103, 104, 105, 106, 107, 108, 109, 110, 111, 112, 113, 114, 115, 116, 117, 118, 119, 120, 121, 122, 123, 124, 125, 126, 127, 128, 129, 130, 131, 132, 133, 134, 135, 136, 137, 138, 139, 140, 141, 142, 143, 144, 145, 146, 147, 148, 149, 150, 151, 152, 153, 154, 155, 156, 157, 158, 159, 160, 161, 162, 163, 164, 165, 166, 167, 168, 169, 170, 171, 172, 173, 174, 175, 176, 177, 178, 179, 180, 181, 182, 183, 184, 185, 186, 187, 188, 189, 190, 191, 192, 193, 194, 195, 196, 197, 198, 199, 200, 201, 202, 203, 204, 205, 206, 207, 208, 209, 210, 211, 212, 213, 214, 215, 216, 217, 218, 219, 220, 221, 222, 223, 224, 225, 226, 227, 228, 229, 230, 231, 232, 233, 234, 235, 236, 237, 238, 239, 240, 241, 242, 243, 244, 245, 246, 247, 248, 249, 250, 251, 252, 253, 254, 255, 256, 257, 258, 259, 260, 261, 262, 263, 264, 265, 266, 267, 268, 269, 270, 271, 272, 273, 274, 275, 276, 277, 278, 279, 280, 281, 282, 283, 284, 285, 286, 287, 288, 289, 290, 291, 292, 293, 294, 295, 296, 297, 298, 299, 300, 301, 302, 303, 304, 305, 306, 307, 308, 309, 310, 311, 312, 313, 314, 315, 316, 317, 318, 319, 320, 321, 322, 323, 324, 325, 326, 327, 328, 329, 330, 331, 332, 333, 334, 335, 336, 337, 561, 562, 574, 575, 576, 577, 578, 579, 580, 581, 582, 583, 584, 585, 586, 587, 588, 589, 590, 591, 592, 593, 594, 595, 596, 597, 598, 599, 600, 601, 602, 603, 604, 605, 606, 607, 608, 609, 610, 611, 612, 613, 614, 615, 616, 617, 618, 619, 620, 621, 622, 623, 624, 625, 626, 627, 628, 629, 630, 631, 632, 633, 634, 635, 636, 637, 638, 639, 640, 641, 642, 643, 644, 645, 646, 647, 648, 649, 650, 651, 652, 653, 654, 655, 656, 657, 658, 659, 660, 661, 662, 663, 664, 665, 666, 667, 668, 669, 670, 671, 672, 673, 674, 675, 676, 677, 678, 679, 680, 681, 682, 683, 684, 685, 686, 687, 688, 689, 690, 691, 692, 693, 694, 695, 696, 697, 698, 699, 700, 701, 702, 703, 704, 705, 706, 707, 708, 709, 710, 711, 712, 713, 714, 715, 716, 717, 718, 719, 720, 721, 722, 723, 724, 725, 726, 727, 728, 729, 730, 731, 732, 733, 734, 735, 736, 737, 738, 739, 740, 741, 742, 743, 744, 745, 746, 747, 748, 749, 750, 751, 752, 753, 754, 755, 756, 757, 758, 759, 760, 761, 762, 763, 764, 765, 766, 767, 768, 769, 770, 771, 772, 773, 774, 775, 776, 777, 778, 779, 780, 781, 782, 783, 784, 785, 786, 787, 788, 789, 790, 791, 792, 793]",True,"[294, 295, 753, 754]","[103, 104, 105, 106, 107, 108, 109, 110, 111, 112, 113, 114, 115, 116, 117, 118, 119, 120, 121, 122, 123, 124, 125, 126, 127, 128, 129, 130, 131, 132, 133, 134, 135, 136, 137, 138, 139, 140, 141, 142, 143, 144, 145, 146, 147, 148, 149, 150, 151, 152, 153, 154, 155, 156, 157, 158, 159, 160, 161, 162, 163, 164, 165, 166, 167, 168, 169, 170, 171, 172, 173, 174, 175, 176, 177, 178, 179, 180, 181, 182, 183, 184, 185, 186, 187, 188, 189, 190, 191, 192, 193, 194, 195, 196, 197, 198, 199, 200, 201, 202, 203, 204, 205, 206, 207, 208, 209, 210, 211, 212, 213, 214, 215, 216, 217, 218, 219, 220, 221, 222, 223, 224, 225, 226, 227, 228, 229, 230, 231, 232, 233, 234, 235, 236, 237, 238, 239, 240, 241, 242, 243, 244, 245, 246, 247, 248, 249, 250, 251, 252, 253, 254, 255, 256, 257, 258, 259, 260, 261, 262, 263, 264, 265, 266, 267, 268, 269, 270, 271, 272, 273, 274, 275, 276, 277, 278, 279, 280, 281, 282, 283, 284, 285, 286, 287, 288, 289, 290, 291, 292, 293, 294, 295, 296, 297, 298, 299, 300, 301, 302, 303, 304, 305, 306, 307, 308, 309, 310, 311, 312, 313, 314, 315, 316, 317, 318, 319, 320, 321, 322, 323, 324, 325, 326, 327, 328, 329, 330, 331, 332, 333, 334, 335, 336, 337, 574, 575, 576, 577, 578, 579, 580, 581, 582, 583, 584, 585, 586, 587, 588, 589, 590, 591, 592, 593, 594, 595, 596, 597, 598, 599, 600, 601, 602, 603, 604, 605, 606, 607, 608, 609, 610, 611, 612, 613, 614, 615, 616, 617, 618, 619, 620, 621, 622, 623, 624, 625, 626, 627, 628, 629, 630, 631, 632, 633, 634, 635, 636, 637, 638, 639, 640, 641, 642, 643, 644, 645, 646, 647, 648, 649, 650, 651, 652, 653, 654, 655, 656, 657, 658, 659, 660, 661, 662, 663, 664, 665, 666, 667, 668, 669, 670, 671, 672, 673, 674, 675, 676, 677, 678, 679, 680, 681, 682, 683, 684, 685, 686, 687, 688, 689, 690, 691, 692, 693, 694, 695, 696, 697, 698, 699, 700, 701, 702, 703, 704, 705, 706, 707, 708, 709, 710, 711, 712, 713, 714, 715, 716, 717, 718, 719, 720, 721, 722, 723, 724, 725, 726, 727, 728, 729, 730, 731, 732, 733, 734, 735, 736, 737, 738, 739, 740, 741, 742, 743, 744, 745, 746, 747, 748, 749, 750, 751, 752, 753, 754, 755, 756, 757, 758, 759, 760, 761, 762, 763, 764, 765, 766, 767, 768, 769, 770, 771, 772, 773, 774, 775, 776, 777, 778, 779, 780, 781, 782, 783, 784, 785, 786, 787, 788, 789, 790, 791, 792, 793]","[143, 294, 295, 300, 614, 753, 754, 759]",[],"[143, 228, 614, 692]","[90, 91, 294, 295, 296, 561, 562, 753, 754, 755]",[],5/6 successful match,True,[455],True,249,False,,,,,
"Commerce , 90023 Speedy Fuel ( Mobil / Chevron )",323-266-2606 E Washington & Indiana ( 1 mi W of I-710 ),),Commerce,90023,Speedy Fuel ( Mobil / Chevron ),323-266-2606,2007,Los Angeles,CA,Mobil,( 1 mi W of I-710 ),E Washington & Indiana,empty,,False,,False,E Washington,Indiana,,,,"[754, 295]","[294, 295, 753, 754]","[143, 294, 295, 300, 614, 753, 754, 759]",[],"[103, 104, 105, 106, 107, 108, 109, 110, 111, 112, 113, 114, 115, 116, 117, 118, 119, 120, 121, 122, 123, 124, 125, 126, 127, 128, 129, 130, 131, 132, 133, 134, 135, 136, 137, 138, 139, 140, 141, 142, 143, 144, 145, 146, 147, 148, 149, 150, 151, 152, 153, 154, 155, 156, 157, 158, 159, 160, 161, 162, 163, 164, 165, 166, 167, 168, 169, 170, 171, 172, 173, 174, 175, 176, 177, 178, 179, 180, 181, 182, 183, 184, 185, 186, 187, 188, 189, 190, 191, 192, 193, 194, 195, 196, 197, 198, 199, 200, 201, 202, 203, 204, 205, 206, 207, 208, 209, 210, 211, 212, 213, 214, 215, 216, 217, 218, 219, 220, 221, 222, 223, 224, 225, 226, 227, 228, 229, 230, 231, 232, 233, 234, 235, 236, 237, 238, 239, 240, 241, 242, 243, 244, 245, 246, 247, 248, 249, 250, 251, 252, 253, 254, 255, 256, 257, 258, 259, 260, 261, 262, 263, 264, 265, 266, 267, 268, 269, 270, 271, 272, 273, 274, 275, 276, 277, 278, 279, 280, 281, 282, 283, 284, 285, 286, 287, 288, 289, 290, 291, 292, 293, 294, 295, 296, 297, 298, 299, 300, 301, 302, 303, 304, 305, 306, 307, 308, 309, 310, 311, 312, 313, 314, 315, 316, 317, 318, 319, 320, 321, 322, 323, 324, 325, 326, 327, 328, 329, 330, 331, 332, 333, 334, 335, 336, 337, 574, 575, 576, 577, 578, 579, 580, 581, 582, 583, 584, 585, 586, 587, 588, 589, 590, 591, 592, 593, 594, 595, 596, 597, 598, 599, 600, 601, 602, 603, 604, 605, 606, 607, 608, 609, 610, 611, 612, 613, 614, 615, 616, 617, 618, 619, 620, 621, 622, 623, 624, 625, 626, 627, 628, 629, 630, 631, 632, 633, 634, 635, 636, 637, 638, 639, 640, 641, 642, 643, 644, 645, 646, 647, 648, 649, 650, 651, 652, 653, 654, 655, 656, 657, 658, 659, 660, 661, 662, 663, 664, 665, 666, 667, 668, 669, 670, 671, 672, 673, 674, 675, 676, 677, 678, 679, 680, 681, 682, 683, 684, 685, 686, 687, 688, 689, 690, 691, 692, 693, 694, 695, 696, 697, 698, 699, 700, 701, 702, 703, 704, 705, 706, 707, 708, 709, 710, 711, 712, 713, 714, 715, 716, 717, 718, 719, 720, 721, 722, 723, 724, 725, 726, 727, 728, 729, 730, 731, 732, 733, 734, 735, 736, 737, 738, 739, 740, 741, 742, 743, 744, 745, 746, 747, 748, 749, 750, 751, 752, 753, 754, 755, 756, 757, 758, 759, 760, 761, 762, 763, 764, 765, 766, 767, 768, 769, 770, 771, 772, 773, 774, 775, 776, 777, 778, 779, 780, 781, 782, 783, 784, 785, 786, 787, 788, 789, 790, 791, 792, 793]","[143, 228, 295, 614, 692, 754]","[4, 59, 232, 269, 299, 490, 535, 696, 728, 758]","[4, 12, 24, 25, 28, 59, 88, 90, 91, 100, 104, 119, 123, 129, 136, 137, 139, 140, 141, 148, 155, 169, 172, 179, 183, 185, 188, 196, 198, 217, 232, 237, 267, 269, 270, 278, 294, 295, 296, 299, 319, 321, 324, 325, 330, 334, 335, 354, 366, 369, 380, 383, 384, 386, 395, 407, 411, 423, 428, 436, 437, 452, 453, 456, 467, 471, 477, 478, 479, 490, 497, 508, 511, 535, 559, 561, 562, 571, 575, 590, 594, 600, 607, 608, 610, 611, 612, 619, 627, 640, 643, 650, 654, 656, 659, 667, 669, 685, 696, 701, 726, 728, 729, 737, 753, 754, 755, 758, 777, 779, 782, 783, 787, 790, 791, 809, 817, 819, 830, 833, 834, 836, 845, 856, 857, 860, 862, 875, 880, 887, 888, 899, 900, 914, 918, 921, 928, 929, 930]","[4, 12, 24, 25, 28, 59, 88, 90, 91, 100, 103, 104, 105, 106, 107, 108, 109, 110, 111, 112, 113, 114, 115, 116, 117, 118, 119, 120, 121, 122, 123, 124, 125, 126, 127, 128, 129, 130, 131, 132, 133, 134, 135, 136, 137, 138, 139, 140, 141, 142, 143, 144, 145, 146, 147, 148, 149, 150, 151, 152, 153, 154, 155, 156, 157, 158, 159, 160, 161, 162, 163, 164, 165, 166, 167, 168, 169, 170, 171, 172, 173, 174, 175, 176, 177, 178, 179, 180, 181, 182, 183, 184, 185, 186, 187, 188, 189, 190, 191, 192, 193, 194, 195, 196, 197, 198, 199, 200, 201, 202, 203, 204, 205, 206, 207, 208, 209, 210, 211, 212, 213, 214, 215, 216, 217, 218, 219, 220, 221, 222, 223, 224, 225, 226, 227, 228, 229, 230, 231, 232, 233, 234, 235, 236, 237, 238, 239, 240, 241, 242, 243, 244, 245, 246, 247, 248, 249, 250, 251, 252, 253, 254, 255, 256, 257, 258, 259, 260, 261, 262, 263, 264, 265, 266, 267, 268, 269, 270, 271, 272, 273, 274, 275, 276, 277, 278, 279, 280, 281, 282, 283, 284, 285, 286, 287, 288, 289, 290, 291, 292, 293, 294, 295, 296, 297, 298, 299, 300, 301, 302, 303, 304, 305, 306, 307, 308, 309, 310, 311, 312, 313, 314, 315, 316, 317, 318, 319, 320, 321, 322, 323, 324, 325, 326, 327, 328, 329, 330, 331, 332, 333, 334, 335, 336, 337, 354, 366, 369, 380, 383, 384, 386, 395, 407, 411, 423, 428, 436, 437, 452, 453, 456, 467, 471, 477, 478, 479, 490, 497, 508, 511, 535, 559, 561, 562, 571, 574, 575, 576, 577, 578, 579, 580, 581, 582, 583, 584, 585, 586, 587, 588, 589, 590, 591, 592, 593, 594, 595, 596, 597, 598, 599, 600, 601, 602, 603, 604, 605, 606, 607, 608, 609, 610, 611, 612, 613, 614, 615, 616, 617, 618, 619, 620, 621, 622, 623, 624, 625, 626, 627, 628, 629, 630, 631, 632, 633, 634, 635, 636, 637, 638, 639, 640, 641, 642, 643, 644, 645, 646, 647, 648, 649, 650, 651, 652, 653, 654, 655, 656, 657, 658, 659, 660, 661, 662, 663, 664, 665, 666, 667, 668, 669, 670, 671, 672, 673, 674, 675, 676, 677, 678, 679, 680, 681, 682, 683, 684, 685, 686, 687, 688, 689, 690, 691, 692, 693, 694, 695, 696, 697, 698, 699, 700, 701, 702, 703, 704, 705, 706, 707, 708, 709, 710, 711, 712, 713, 714, 715, 716, 717, 718, 719, 720, 721, 722, 723, 724, 725, 726, 727, 728, 729, 730, 731, 732, 733, 734, 735, 736, 737, 738, 739, 740, 741, 742, 743, 744, 745, 746, 747, 748, 749, 750, 751, 752, 753, 754, 755, 756, 757, 758, 759, 760, 761, 762, 763, 764, 765, 766, 767, 768, 769, 770, 771, 772, 773, 774, 775, 776, 777, 778, 779, 780, 781, 782, 783, 784, 785, 786, 787, 788, 789, 790, 791, 792, 793, 809, 817, 819, 830, 833, 834, 836, 845, 856, 857, 860, 862, 875, 880, 887, 888, 899, 900, 914, 918, 921, 928, 929, 930]",True,"[294, 295, 753, 754]","[103, 104, 105, 106, 107, 108, 109, 110, 111, 112, 113, 114, 115, 116, 117, 118, 119, 120, 121, 122, 123, 124, 125, 126, 127, 128, 129, 130, 131, 132, 133, 134, 135, 136, 137, 138, 139, 140, 141, 142, 143, 144, 145, 146, 147, 148, 149, 150, 151, 152, 153, 154, 155, 156, 157, 158, 159, 160, 161, 162, 163, 164, 165, 166, 167, 168, 169, 170, 171, 172, 173, 174, 175, 176, 177, 178, 179, 180, 181, 182, 183, 184, 185, 186, 187, 188, 189, 190, 191, 192, 193, 194, 195, 196, 197, 198, 199, 200, 201, 202, 203, 204, 205, 206, 207, 208, 209, 210, 211, 212, 213, 214, 215, 216, 217, 218, 219, 220, 221, 222, 223, 224, 225, 226, 227, 228, 229, 230, 231, 232, 233, 234, 235, 236, 237, 238, 239, 240, 241, 242, 243, 244, 245, 246, 247, 248, 249, 250, 251, 252, 253, 254, 255, 256, 257, 258, 259, 260, 261, 262, 263, 264, 265, 266, 267, 268, 269, 270, 271, 272, 273, 274, 275, 276, 277, 278, 279, 280, 281, 282, 283, 284, 285, 286, 287, 288, 289, 290, 291, 292, 293, 294, 295, 296, 297, 298, 299, 300, 301, 302, 303, 304, 305, 306, 307, 308, 309, 310, 311, 312, 313, 314, 315, 316, 317, 318, 319, 320, 321, 322, 323, 324, 325, 326, 327, 328, 329, 330, 331, 332, 333, 334, 335, 336, 337, 574, 575, 576, 577, 578, 579, 580, 581, 582, 583, 584, 585, 586, 587, 588, 589, 590, 591, 592, 593, 594, 595, 596, 597, 598, 599, 600, 601, 602, 603, 604, 605, 606, 607, 608, 609, 610, 611, 612, 613, 614, 615, 616, 617, 618, 619, 620, 621, 622, 623, 624, 625, 626, 627, 628, 629, 630, 631, 632, 633, 634, 635, 636, 637, 638, 639, 640, 641, 642, 643, 644, 645, 646, 647, 648, 649, 650, 651, 652, 653, 654, 655, 656, 657, 658, 659, 660, 661, 662, 663, 664, 665, 666, 667, 668, 669, 670, 671, 672, 673, 674, 675, 676, 677, 678, 679, 680, 681, 682, 683, 684, 685, 686, 687, 688, 689, 690, 691, 692, 693, 694, 695, 696, 697, 698, 699, 700, 701, 702, 703, 704, 705, 706, 707, 708, 709, 710, 711, 712, 713, 714, 715, 716, 717, 718, 719, 720, 721, 722, 723, 724, 725, 726, 727, 728, 729, 730, 731, 732, 733, 734, 735, 736, 737, 738, 739, 740, 741, 742, 743, 744, 745, 746, 747, 748, 749, 750, 751, 752, 753, 754, 755, 756, 757, 758, 759, 760, 761, 762, 763, 764, 765, 766, 767, 768, 769, 770, 771, 772, 773, 774, 775, 776, 777, 778, 779, 780, 781, 782, 783, 784, 785, 786, 787, 788, 789, 790, 791, 792, 793]","[143, 294, 295, 300, 614, 753, 754, 759]",[],"[143, 228, 295, 614, 692, 754]","[4, 12, 24, 25, 28, 59, 88, 90, 91, 100, 104, 119, 123, 129, 136, 137, 139, 140, 141, 148, 155, 169, 172, 179, 183, 185, 188, 196, 198, 217, 232, 237, 267, 269, 270, 278, 294, 295, 296, 299, 319, 321, 324, 325, 330, 334, 335, 354, 366, 369, 380, 383, 384, 386, 395, 407, 411, 423, 428, 436, 437, 452, 453, 456, 467, 471, 477, 478, 479, 490, 497, 508, 511, 535, 559, 561, 562, 571, 575, 590, 594, 600, 607, 608, 610, 611, 612, 619, 627, 640, 643, 650, 654, 656, 659, 667, 669, 685, 696, 701, 726, 728, 729, 737, 753, 754, 755, 758, 777, 779, 782, 783, 787, 790, 791, 809, 817, 819, 830, 833, 834, 836, 845, 856, 857, 860, 862, 875, 880, 887, 888, 899, 900, 914, 918, 921, 928, 929, 930]","[4, 59, 232, 269, 299, 490, 535, 696, 728, 758]",6/6 successful match,True,[455],True,249,False,,0.7571428571428571,True,Speedy Fuel,
"Commerce , 90023 Speedy Fuel ( Mobil / Chevron )",5 323-266-2606 E Washington & Indiana ( 1 mi W of I-710 ),) 24 RS 1,Commerce,90023,Speedy Fuel ( Mobil / Chevron ),323-266-2606,2008,Los Angeles,CA,Mobil,( 1 mi W of I-710 ),E Washington & Indiana,empty,,False,,False,E Washington,Indiana,,,,"[754, 295]","[294, 295, 753, 754]","[143, 294, 295, 300, 614, 753, 754, 759]",[],"[103, 104, 105, 106, 107, 108, 109, 110, 111, 112, 113, 114, 115, 116, 117, 118, 119, 120, 121, 122, 123, 124, 125, 126, 127, 128, 129, 130, 131, 132, 133, 134, 135, 136, 137, 138, 139, 140, 141, 142, 143, 144, 145, 146, 147, 148, 149, 150, 151, 152, 153, 154, 155, 156, 157, 158, 159, 160, 161, 162, 163, 164, 165, 166, 167, 168, 169, 170, 171, 172, 173, 174, 175, 176, 177, 178, 179, 180, 181, 182, 183, 184, 185, 186, 187, 188, 189, 190, 191, 192, 193, 194, 195, 196, 197, 198, 199, 200, 201, 202, 203, 204, 205, 206, 207, 208, 209, 210, 211, 212, 213, 214, 215, 216, 217, 218, 219, 220, 221, 222, 223, 224, 225, 226, 227, 228, 229, 230, 231, 232, 233, 234, 235, 236, 237, 238, 239, 240, 241, 242, 243, 244, 245, 246, 247, 248, 249, 250, 251, 252, 253, 254, 255, 256, 257, 258, 259, 260, 261, 262, 263, 264, 265, 266, 267, 268, 269, 270, 271, 272, 273, 274, 275, 276, 277, 278, 279, 280, 281, 282, 283, 284, 285, 286, 287, 288, 289, 290, 291, 292, 293, 294, 295, 296, 297, 298, 299, 300, 301, 302, 303, 304, 305, 306, 307, 308, 309, 310, 311, 312, 313, 314, 315, 316, 317, 318, 319, 320, 321, 322, 323, 324, 325, 326, 327, 328, 329, 330, 331, 332, 333, 334, 335, 336, 337, 574, 575, 576, 577, 578, 579, 580, 581, 582, 583, 584, 585, 586, 587, 588, 589, 590, 591, 592, 593, 594, 595, 596, 597, 598, 599, 600, 601, 602, 603, 604, 605, 606, 607, 608, 609, 610, 611, 612, 613, 614, 615, 616, 617, 618, 619, 620, 621, 622, 623, 624, 625, 626, 627, 628, 629, 630, 631, 632, 633, 634, 635, 636, 637, 638, 639, 640, 641, 642, 643, 644, 645, 646, 647, 648, 649, 650, 651, 652, 653, 654, 655, 656, 657, 658, 659, 660, 661, 662, 663, 664, 665, 666, 667, 668, 669, 670, 671, 672, 673, 674, 675, 676, 677, 678, 679, 680, 681, 682, 683, 684, 685, 686, 687, 688, 689, 690, 691, 692, 693, 694, 695, 696, 697, 698, 699, 700, 701, 702, 703, 704, 705, 706, 707, 708, 709, 710, 711, 712, 713, 714, 715, 716, 717, 718, 719, 720, 721, 722, 723, 724, 725, 726, 727, 728, 729, 730, 731, 732, 733, 734, 735, 736, 737, 738, 739, 740, 741, 742, 743, 744, 745, 746, 747, 748, 749, 750, 751, 752, 753, 754, 755, 756, 757, 758, 759, 760, 761, 762, 763, 764, 765, 766, 767, 768, 769, 770, 771, 772, 773, 774, 775, 776, 777, 778, 779, 780, 781, 782, 783, 784, 785, 786, 787, 788, 789, 790, 791, 792, 793]","[143, 228, 295, 614, 692, 754]","[4, 59, 232, 269, 299, 490, 535, 696, 728, 758]","[4, 12, 24, 25, 28, 59, 88, 90, 91, 100, 104, 119, 123, 129, 136, 137, 139, 140, 141, 148, 155, 169, 172, 179, 183, 185, 188, 196, 198, 217, 232, 237, 267, 269, 270, 278, 294, 295, 296, 299, 319, 321, 324, 325, 330, 334, 335, 354, 366, 369, 380, 383, 384, 386, 395, 407, 411, 423, 428, 436, 437, 452, 453, 456, 467, 471, 477, 478, 479, 490, 497, 508, 511, 535, 559, 561, 562, 571, 575, 590, 594, 600, 607, 608, 610, 611, 612, 619, 627, 640, 643, 650, 654, 656, 659, 667, 669, 685, 696, 701, 726, 728, 729, 737, 753, 754, 755, 758, 777, 779, 782, 783, 787, 790, 791, 809, 817, 819, 830, 833, 834, 836, 845, 856, 857, 860, 862, 875, 880, 887, 888, 899, 900, 914, 918, 921, 928, 929, 930]","[4, 12, 24, 25, 28, 59, 88, 90, 91, 100, 103, 104, 105, 106, 107, 108, 109, 110, 111, 112, 113, 114, 115, 116, 117, 118, 119, 120, 121, 122, 123, 124, 125, 126, 127, 128, 129, 130, 131, 132, 133, 134, 135, 136, 137, 138, 139, 140, 141, 142, 143, 144, 145, 146, 147, 148, 149, 150, 151, 152, 153, 154, 155, 156, 157, 158, 159, 160, 161, 162, 163, 164, 165, 166, 167, 168, 169, 170, 171, 172, 173, 174, 175, 176, 177, 178, 179, 180, 181, 182, 183, 184, 185, 186, 187, 188, 189, 190, 191, 192, 193, 194, 195, 196, 197, 198, 199, 200, 201, 202, 203, 204, 205, 206, 207, 208, 209, 210, 211, 212, 213, 214, 215, 216, 217, 218, 219, 220, 221, 222, 223, 224, 225, 226, 227, 228, 229, 230, 231, 232, 233, 234, 235, 236, 237, 238, 239, 240, 241, 242, 243, 244, 245, 246, 247, 248, 249, 250, 251, 252, 253, 254, 255, 256, 257, 258, 259, 260, 261, 262, 263, 264, 265, 266, 267, 268, 269, 270, 271, 272, 273, 274, 275, 276, 277, 278, 279, 280, 281, 282, 283, 284, 285, 286, 287, 288, 289, 290, 291, 292, 293, 294, 295, 296, 297, 298, 299, 300, 301, 302, 303, 304, 305, 306, 307, 308, 309, 310, 311, 312, 313, 314, 315, 316, 317, 318, 319, 320, 321, 322, 323, 324, 325, 326, 327, 328, 329, 330, 331, 332, 333, 334, 335, 336, 337, 354, 366, 369, 380, 383, 384, 386, 395, 407, 411, 423, 428, 436, 437, 452, 453, 456, 467, 471, 477, 478, 479, 490, 497, 508, 511, 535, 559, 561, 562, 571, 574, 575, 576, 577, 578, 579, 580, 581, 582, 583, 584, 585, 586, 587, 588, 589, 590, 591, 592, 593, 594, 595, 596, 597, 598, 599, 600, 601, 602, 603, 604, 605, 606, 607, 608, 609, 610, 611, 612, 613, 614, 615, 616, 617, 618, 619, 620, 621, 622, 623, 624, 625, 626, 627, 628, 629, 630, 631, 632, 633, 634, 635, 636, 637, 638, 639, 640, 641, 642, 643, 644, 645, 646, 647, 648, 649, 650, 651, 652, 653, 654, 655, 656, 657, 658, 659, 660, 661, 662, 663, 664, 665, 666, 667, 668, 669, 670, 671, 672, 673, 674, 675, 676, 677, 678, 679, 680, 681, 682, 683, 684, 685, 686, 687, 688, 689, 690, 691, 692, 693, 694, 695, 696, 697, 698, 699, 700, 701, 702, 703, 704, 705, 706, 707, 708, 709, 710, 711, 712, 713, 714, 715, 716, 717, 718, 719, 720, 721, 722, 723, 724, 725, 726, 727, 728, 729, 730, 731, 732, 733, 734, 735, 736, 737, 738, 739, 740, 741, 742, 743, 744, 745, 746, 747, 748, 749, 750, 751, 752, 753, 754, 755, 756, 757, 758, 759, 760, 761, 762, 763, 764, 765, 766, 767, 768, 769, 770, 771, 772, 773, 774, 775, 776, 777, 778, 779, 780, 781, 782, 783, 784, 785, 786, 787, 788, 789, 790, 791, 792, 793, 809, 817, 819, 830, 833, 834, 836, 845, 856, 857, 860, 862, 875, 880, 887, 888, 899, 900, 914, 918, 921, 928, 929, 930]",True,"[294, 295, 753, 754]","[103, 104, 105, 106, 107, 108, 109, 110, 111, 112, 113, 114, 115, 116, 117, 118, 119, 120, 121, 122, 123, 124, 125, 126, 127, 128, 129, 130, 131, 132, 133, 134, 135, 136, 137, 138, 139, 140, 141, 142, 143, 144, 145, 146, 147, 148, 149, 150, 151, 152, 153, 154, 155, 156, 157, 158, 159, 160, 161, 162, 163, 164, 165, 166, 167, 168, 169, 170, 171, 172, 173, 174, 175, 176, 177, 178, 179, 180, 181, 182, 183, 184, 185, 186, 187, 188, 189, 190, 191, 192, 193, 194, 195, 196, 197, 198, 199, 200, 201, 202, 203, 204, 205, 206, 207, 208, 209, 210, 211, 212, 213, 214, 215, 216, 217, 218, 219, 220, 221, 222, 223, 224, 225, 226, 227, 228, 229, 230, 231, 232, 233, 234, 235, 236, 237, 238, 239, 240, 241, 242, 243, 244, 245, 246, 247, 248, 249, 250, 251, 252, 253, 254, 255, 256, 257, 258, 259, 260, 261, 262, 263, 264, 265, 266, 267, 268, 269, 270, 271, 272, 273, 274, 275, 276, 277, 278, 279, 280, 281, 282, 283, 284, 285, 286, 287, 288, 289, 290, 291, 292, 293, 294, 295, 296, 297, 298, 299, 300, 301, 302, 303, 304, 305, 306, 307, 308, 309, 310, 311, 312, 313, 314, 315, 316, 317, 318, 319, 320, 321, 322, 323, 324, 325, 326, 327, 328, 329, 330, 331, 332, 333, 334, 335, 336, 337, 574, 575, 576, 577, 578, 579, 580, 581, 582, 583, 584, 585, 586, 587, 588, 589, 590, 591, 592, 593, 594, 595, 596, 597, 598, 599, 600, 601, 602, 603, 604, 605, 606, 607, 608, 609, 610, 611, 612, 613, 614, 615, 616, 617, 618, 619, 620, 621, 622, 623, 624, 625, 626, 627, 628, 629, 630, 631, 632, 633, 634, 635, 636, 637, 638, 639, 640, 641, 642, 643, 644, 645, 646, 647, 648, 649, 650, 651, 652, 653, 654, 655, 656, 657, 658, 659, 660, 661, 662, 663, 664, 665, 666, 667, 668, 669, 670, 671, 672, 673, 674, 675, 676, 677, 678, 679, 680, 681, 682, 683, 684, 685, 686, 687, 688, 689, 690, 691, 692, 693, 694, 695, 696, 697, 698, 699, 700, 701, 702, 703, 704, 705, 706, 707, 708, 709, 710, 711, 712, 713, 714, 715, 716, 717, 718, 719, 720, 721, 722, 723, 724, 725, 726, 727, 728, 729, 730, 731, 732, 733, 734, 735, 736, 737, 738, 739, 740, 741, 742, 743, 744, 745, 746, 747, 748, 749, 750, 751, 752, 753, 754, 755, 756, 757, 758, 759, 760, 761, 762, 763, 764, 765, 766, 767, 768, 769, 770, 771, 772, 773, 774, 775, 776, 777, 778, 779, 780, 781, 782, 783, 784, 785, 786, 787, 788, 789, 790, 791, 792, 793]","[143, 294, 295, 300, 614, 753, 754, 759]",[],"[143, 228, 295, 614, 692, 754]","[4, 12, 24, 25, 28, 59, 88, 90, 91, 100, 104, 119, 123, 129, 136, 137, 139, 140, 141, 148, 155, 169, 172, 179, 183, 185, 188, 196, 198, 217, 232, 237, 267, 269, 270, 278, 294, 295, 296, 299, 319, 321, 324, 325, 330, 334, 335, 354, 366, 369, 380, 383, 384, 386, 395, 407, 411, 423, 428, 436, 437, 452, 453, 456, 467, 471, 477, 478, 479, 490, 497, 508, 511, 535, 559, 561, 562, 571, 575, 590, 594, 600, 607, 608, 610, 611, 612, 619, 627, 640, 643, 650, 654, 656, 659, 667, 669, 685, 696, 701, 726, 728, 729, 737, 753, 754, 755, 758, 777, 779, 782, 783, 787, 790, 791, 809, 817, 819, 830, 833, 834, 836, 845, 856, 857, 860, 862, 875, 880, 887, 888, 899, 900, 914, 918, 921, 928, 929, 930]","[4, 59, 232, 269, 299, 490, 535, 696, 728, 758]",6/6 successful match,True,[455],True,249,False,,1.0,True,Speedy Fuel ( Mobil / Chevron ),Mobil
Commerce ( 90023 ) Speedy Fuel # 2,5 323-266-2606 E Washington & Indiana ( 1 mi W of I-710 ),) 24 D,Commerce,90023,Speedy Fuel # 2,323-266-2606,2014,Los Angeles,CA,,( 1 mi W of I-710 ),E Washington & Indiana,empty,,False,,False,E Washington,Indiana,,,,"[754, 295]","[294, 295, 753, 754]","[143, 294, 295, 300, 614, 753, 754, 759]",[],"[103, 104, 105, 106, 107, 108, 109, 110, 111, 112, 113, 114, 115, 116, 117, 118, 119, 120, 121, 122, 123, 124, 125, 126, 127, 128, 129, 130, 131, 132, 133, 134, 135, 136, 137, 138, 139, 140, 141, 142, 143, 144, 145, 146, 147, 148, 149, 150, 151, 152, 153, 154, 155, 156, 157, 158, 159, 160, 161, 162, 163, 164, 165, 166, 167, 168, 169, 170, 171, 172, 173, 174, 175, 176, 177, 178, 179, 180, 181, 182, 183, 184, 185, 186, 187, 188, 189, 190, 191, 192, 193, 194, 195, 196, 197, 198, 199, 200, 201, 202, 203, 204, 205, 206, 207, 208, 209, 210, 211, 212, 213, 214, 215, 216, 217, 218, 219, 220, 221, 222, 223, 224, 225, 226, 227, 228, 229, 230, 231, 232, 233, 234, 235, 236, 237, 238, 239, 240, 241, 242, 243, 244, 245, 246, 247, 248, 249, 250, 251, 252, 253, 254, 255, 256, 257, 258, 259, 260, 261, 262, 263, 264, 265, 266, 267, 268, 269, 270, 271, 272, 273, 274, 275, 276, 277, 278, 279, 280, 281, 282, 283, 284, 285, 286, 287, 288, 289, 290, 291, 292, 293, 294, 295, 296, 297, 298, 299, 300, 301, 302, 303, 304, 305, 306, 307, 308, 309, 310, 311, 312, 313, 314, 315, 316, 317, 318, 319, 320, 321, 322, 323, 324, 325, 326, 327, 328, 329, 330, 331, 332, 333, 334, 335, 336, 337, 574, 575, 576, 577, 578, 579, 580, 581, 582, 583, 584, 585, 586, 587, 588, 589, 590, 591, 592, 593, 594, 595, 596, 597, 598, 599, 600, 601, 602, 603, 604, 605, 606, 607, 608, 609, 610, 611, 612, 613, 614, 615, 616, 617, 618, 619, 620, 621, 622, 623, 624, 625, 626, 627, 628, 629, 630, 631, 632, 633, 634, 635, 636, 637, 638, 639, 640, 641, 642, 643, 644, 645, 646, 647, 648, 649, 650, 651, 652, 653, 654, 655, 656, 657, 658, 659, 660, 661, 662, 663, 664, 665, 666, 667, 668, 669, 670, 671, 672, 673, 674, 675, 676, 677, 678, 679, 680, 681, 682, 683, 684, 685, 686, 687, 688, 689, 690, 691, 692, 693, 694, 695, 696, 697, 698, 699, 700, 701, 702, 703, 704, 705, 706, 707, 708, 709, 710, 711, 712, 713, 714, 715, 716, 717, 718, 719, 720, 721, 722, 723, 724, 725, 726, 727, 728, 729, 730, 731, 732, 733, 734, 735, 736, 737, 738, 739, 740, 741, 742, 743, 744, 745, 746, 747, 748, 749, 750, 751, 752, 753, 754, 755, 756, 757, 758, 759, 760, 761, 762, 763, 764, 765, 766, 767, 768, 769, 770, 771, 772, 773, 774, 775, 776, 777, 778, 779, 780, 781, 782, 783, 784, 785, 786, 787, 788, 789, 790, 791, 792, 793]","[143, 228, 295, 614, 692, 754]",[],"[90, 91, 294, 295, 296, 561, 562, 753, 754, 755]","[90, 91, 103, 104, 105, 106, 107, 108, 109, 110, 111, 112, 113, 114, 115, 116, 117, 118, 119, 120, 121, 122, 123, 124, 125, 126, 127, 128, 129, 130, 131, 132, 133, 134, 135, 136, 137, 138, 139, 140, 141, 142, 143, 144, 145, 146, 147, 148, 149, 150, 151, 152, 153, 154, 155, 156, 157, 158, 159, 160, 161, 162, 163, 164, 165, 166, 167, 168, 169, 170, 171, 172, 173, 174, 175, 176, 177, 178, 179, 180, 181, 182, 183, 184, 185, 186, 187, 188, 189, 190, 191, 192, 193, 194, 195, 196, 197, 198, 199, 200, 201, 202, 203, 204, 205, 206, 207, 208, 209, 210, 211, 212, 213, 214, 215, 216, 217, 218, 219, 220, 221, 222, 223, 224, 225, 226, 227, 228, 229, 230, 231, 232, 233, 234, 235, 236, 237, 238, 239, 240, 241, 242, 243, 244, 245, 246, 247, 248, 249, 250, 251, 252, 253, 254, 255, 256, 257, 258, 259, 260, 261, 262, 263, 264, 265, 266, 267, 268, 269, 270, 271, 272, 273, 274, 275, 276, 277, 278, 279, 280, 281, 282, 283, 284, 285, 286, 287, 288, 289, 290, 291, 292, 293, 294, 295, 296, 297, 298, 299, 300, 301, 302, 303, 304, 305, 306, 307, 308, 309, 310, 311, 312, 313, 314, 315, 316, 317, 318, 319, 320, 321, 322, 323, 324, 325, 326, 327, 328, 329, 330, 331, 332, 333, 334, 335, 336, 337, 561, 562, 574, 575, 576, 577, 578, 579, 580, 581, 582, 583, 584, 585, 586, 587, 588, 589, 590, 591, 592, 593, 594, 595, 596, 597, 598, 599, 600, 601, 602, 603, 604, 605, 606, 607, 608, 609, 610, 611, 612, 613, 614, 615, 616, 617, 618, 619, 620, 621, 622, 623, 624, 625, 626, 627, 628, 629, 630, 631, 632, 633, 634, 635, 636, 637, 638, 639, 640, 641, 642, 643, 644, 645, 646, 647, 648, 649, 650, 651, 652, 653, 654, 655, 656, 657, 658, 659, 660, 661, 662, 663, 664, 665, 666, 667, 668, 669, 670, 671, 672, 673, 674, 675, 676, 677, 678, 679, 680, 681, 682, 683, 684, 685, 686, 687, 688, 689, 690, 691, 692, 693, 694, 695, 696, 697, 698, 699, 700, 701, 702, 703, 704, 705, 706, 707, 708, 709, 710, 711, 712, 713, 714, 715, 716, 717, 718, 719, 720, 721, 722, 723, 724, 725, 726, 727, 728, 729, 730, 731, 732, 733, 734, 735, 736, 737, 738, 739, 740, 741, 742, 743, 744, 745, 746, 747, 748, 749, 750, 751, 752, 753, 754, 755, 756, 757, 758, 759, 760, 761, 762, 763, 764, 765, 766, 767, 768, 769, 770, 771, 772, 773, 774, 775, 776, 777, 778, 779, 780, 781, 782, 783, 784, 785, 786, 787, 788, 789, 790, 791, 792, 793]",True,"[294, 295, 753, 754]","[103, 104, 105, 106, 107, 108, 109, 110, 111, 112, 113, 114, 115, 116, 117, 118, 119, 120, 121, 122, 123, 124, 125, 126, 127, 128, 129, 130, 131, 132, 133, 134, 135, 136, 137, 138, 139, 140, 141, 142, 143, 144, 145, 146, 147, 148, 149, 150, 151, 152, 153, 154, 155, 156, 157, 158, 159, 160, 161, 162, 163, 164, 165, 166, 167, 168, 169, 170, 171, 172, 173, 174, 175, 176, 177, 178, 179, 180, 181, 182, 183, 184, 185, 186, 187, 188, 189, 190, 191, 192, 193, 194, 195, 196, 197, 198, 199, 200, 201, 202, 203, 204, 205, 206, 207, 208, 209, 210, 211, 212, 213, 214, 215, 216, 217, 218, 219, 220, 221, 222, 223, 224, 225, 226, 227, 228, 229, 230, 231, 232, 233, 234, 235, 236, 237, 238, 239, 240, 241, 242, 243, 244, 245, 246, 247, 248, 249, 250, 251, 252, 253, 254, 255, 256, 257, 258, 259, 260, 261, 262, 263, 264, 265, 266, 267, 268, 269, 270, 271, 272, 273, 274, 275, 276, 277, 278, 279, 280, 281, 282, 283, 284, 285, 286, 287, 288, 289, 290, 291, 292, 293, 294, 295, 296, 297, 298, 299, 300, 301, 302, 303, 304, 305, 306, 307, 308, 309, 310, 311, 312, 313, 314, 315, 316, 317, 318, 319, 320, 321, 322, 323, 324, 325, 326, 327, 328, 329, 330, 331, 332, 333, 334, 335, 336, 337, 574, 575, 576, 577, 578, 579, 580, 581, 582, 583, 584, 585, 586, 587, 588, 589, 590, 591, 592, 593, 594, 595, 596, 597, 598, 599, 600, 601, 602, 603, 604, 605, 606, 607, 608, 609, 610, 611, 612, 613, 614, 615, 616, 617, 618, 619, 620, 621, 622, 623, 624, 625, 626, 627, 628, 629, 630, 631, 632, 633, 634, 635, 636, 637, 638, 639, 640, 641, 642, 643, 644, 645, 646, 647, 648, 649, 650, 651, 652, 653, 654, 655, 656, 657, 658, 659, 660, 661, 662, 663, 664, 665, 666, 667, 668, 669, 670, 671, 672, 673, 674, 675, 676, 677, 678, 679, 680, 681, 682, 683, 684, 685, 686, 687, 688, 689, 690, 691, 692, 693, 694, 695, 696, 697, 698, 699, 700, 701, 702, 703, 704, 705, 706, 707, 708, 709, 710, 711, 712, 713, 714, 715, 716, 717, 718, 719, 720, 721, 722, 723, 724, 725, 726, 727, 728, 729, 730, 731, 732, 733, 734, 735, 736, 737, 738, 739, 740, 741, 742, 743, 744, 745, 746, 747, 748, 749, 750, 751, 752, 753, 754, 755, 756, 757, 758, 759, 760, 761, 762, 763, 764, 765, 766, 767, 768, 769, 770, 771, 772, 773, 774, 775, 776, 777, 778, 779, 780, 781, 782, 783, 784, 785, 786, 787, 788, 789, 790, 791, 792, 793]","[143, 294, 295, 300, 614, 753, 754, 759]",[],"[143, 228, 295, 614, 692, 754]","[90, 91, 294, 295, 296, 561, 562, 753, 754, 755]",[],7/6 successful match,True,[455],True,249,False,,0.7695652173913043,True,Speedy Fuel ( Mobil / Chevron ),Mobil
Commerce ( 90023 ) Speedy Fuel # 2,323-266-2606 E Washington & Indiana ( 1 mi W of I-710 ),) 24 D,Commerce,90023,Speedy Fuel # 2,323-266-2606,2015,Los Angeles,CA,,( 1 mi W of I-710 ),E Washington & Indiana,empty,,False,,False,E Washington,Indiana,,,,"[754, 295]","[294, 295, 753, 754]","[143, 294, 295, 300, 614, 753, 754, 759]",[],"[103, 104, 105, 106, 107, 108, 109, 110, 111, 112, 113, 114, 115, 116, 117, 118, 119, 120, 121, 122, 123, 124, 125, 126, 127, 128, 129, 130, 131, 132, 133, 134, 135, 136, 137, 138, 139, 140, 141, 142, 143, 144, 145, 146, 147, 148, 149, 150, 151, 152, 153, 154, 155, 156, 157, 158, 159, 160, 161, 162, 163, 164, 165, 166, 167, 168, 169, 170, 171, 172, 173, 174, 175, 176, 177, 178, 179, 180, 181, 182, 183, 184, 185, 186, 187, 188, 189, 190, 191, 192, 193, 194, 195, 196, 197, 198, 199, 200, 201, 202, 203, 204, 205, 206, 207, 208, 209, 210, 211, 212, 213, 214, 215, 216, 217, 218, 219, 220, 221, 222, 223, 224, 225, 226, 227, 228, 229, 230, 231, 232, 233, 234, 235, 236, 237, 238, 239, 240, 241, 242, 243, 244, 245, 246, 247, 248, 249, 250, 251, 252, 253, 254, 255, 256, 257, 258, 259, 260, 261, 262, 263, 264, 265, 266, 267, 268, 269, 270, 271, 272, 273, 274, 275, 276, 277, 278, 279, 280, 281, 282, 283, 284, 285, 286, 287, 288, 289, 290, 291, 292, 293, 294, 295, 296, 297, 298, 299, 300, 301, 302, 303, 304, 305, 306, 307, 308, 309, 310, 311, 312, 313, 314, 315, 316, 317, 318, 319, 320, 321, 322, 323, 324, 325, 326, 327, 328, 329, 330, 331, 332, 333, 334, 335, 336, 337, 574, 575, 576, 577, 578, 579, 580, 581, 582, 583, 584, 585, 586, 587, 588, 589, 590, 591, 592, 593, 594, 595, 596, 597, 598, 599, 600, 601, 602, 603, 604, 605, 606, 607, 608, 609, 610, 611, 612, 613, 614, 615, 616, 617, 618, 619, 620, 621, 622, 623, 624, 625, 626, 627, 628, 629, 630, 631, 632, 633, 634, 635, 636, 637, 638, 639, 640, 641, 642, 643, 644, 645, 646, 647, 648, 649, 650, 651, 652, 653, 654, 655, 656, 657, 658, 659, 660, 661, 662, 663, 664, 665, 666, 667, 668, 669, 670, 671, 672, 673, 674, 675, 676, 677, 678, 679, 680, 681, 682, 683, 684, 685, 686, 687, 688, 689, 690, 691, 692, 693, 694, 695, 696, 697, 698, 699, 700, 701, 702, 703, 704, 705, 706, 707, 708, 709, 710, 711, 712, 713, 714, 715, 716, 717, 718, 719, 720, 721, 722, 723, 724, 725, 726, 727, 728, 729, 730, 731, 732, 733, 734, 735, 736, 737, 738, 739, 740, 741, 742, 743, 744, 745, 746, 747, 748, 749, 750, 751, 752, 753, 754, 755, 756, 757, 758, 759, 760, 761, 762, 763, 764, 765, 766, 767, 768, 769, 770, 771, 772, 773, 774, 775, 776, 777, 778, 779, 780, 781, 782, 783, 784, 785, 786, 787, 788, 789, 790, 791, 792, 793]","[143, 228, 295, 614, 692, 754]",[],"[90, 91, 294, 295, 296, 561, 562, 753, 754, 755]","[90, 91, 103, 104, 105, 106, 107, 108, 109, 110, 111, 112, 113, 114, 115, 116, 117, 118, 119, 120, 121, 122, 123, 124, 125, 126, 127, 128, 129, 130, 131, 132, 133, 134, 135, 136, 137, 138, 139, 140, 141, 142, 143, 144, 145, 146, 147, 148, 149, 150, 151, 152, 153, 154, 155, 156, 157, 158, 159, 160, 161, 162, 163, 164, 165, 166, 167, 168, 169, 170, 171, 172, 173, 174, 175, 176, 177, 178, 179, 180, 181, 182, 183, 184, 185, 186, 187, 188, 189, 190, 191, 192, 193, 194, 195, 196, 197, 198, 199, 200, 201, 202, 203, 204, 205, 206, 207, 208, 209, 210, 211, 212, 213, 214, 215, 216, 217, 218, 219, 220, 221, 222, 223, 224, 225, 226, 227, 228, 229, 230, 231, 232, 233, 234, 235, 236, 237, 238, 239, 240, 241, 242, 243, 244, 245, 246, 247, 248, 249, 250, 251, 252, 253, 254, 255, 256, 257, 258, 259, 260, 261, 262, 263, 264, 265, 266, 267, 268, 269, 270, 271, 272, 273, 274, 275, 276, 277, 278, 279, 280, 281, 282, 283, 284, 285, 286, 287, 288, 289, 290, 291, 292, 293, 294, 295, 296, 297, 298, 299, 300, 301, 302, 303, 304, 305, 306, 307, 308, 309, 310, 311, 312, 313, 314, 315, 316, 317, 318, 319, 320, 321, 322, 323, 324, 325, 326, 327, 328, 329, 330, 331, 332, 333, 334, 335, 336, 337, 561, 562, 574, 575, 576, 577, 578, 579, 580, 581, 582, 583, 584, 585, 586, 587, 588, 589, 590, 591, 592, 593, 594, 595, 596, 597, 598, 599, 600, 601, 602, 603, 604, 605, 606, 607, 608, 609, 610, 611, 612, 613, 614, 615, 616, 617, 618, 619, 620, 621, 622, 623, 624, 625, 626, 627, 628, 629, 630, 631, 632, 633, 634, 635, 636, 637, 638, 639, 640, 641, 642, 643, 644, 645, 646, 647, 648, 649, 650, 651, 652, 653, 654, 655, 656, 657, 658, 659, 660, 661, 662, 663, 664, 665, 666, 667, 668, 669, 670, 671, 672, 673, 674, 675, 676, 677, 678, 679, 680, 681, 682, 683, 684, 685, 686, 687, 688, 689, 690, 691, 692, 693, 694, 695, 696, 697, 698, 699, 700, 701, 702, 703, 704, 705, 706, 707, 708, 709, 710, 711, 712, 713, 714, 715, 716, 717, 718, 719, 720, 721, 722, 723, 724, 725, 726, 727, 728, 729, 730, 731, 732, 733, 734, 735, 736, 737, 738, 739, 740, 741, 742, 743, 744, 745, 746, 747, 748, 749, 750, 751, 752, 753, 754, 755, 756, 757, 758, 759, 760, 761, 762, 763, 764, 765, 766, 767, 768, 769, 770, 771, 772, 773, 774, 775, 776, 777, 778, 779, 780, 781, 782, 783, 784, 785, 786, 787, 788, 789, 790, 791, 792, 793]",True,"[294, 295, 753, 754]","[103, 104, 105, 106, 107, 108, 109, 110, 111, 112, 113, 114, 115, 116, 117, 118, 119, 120, 121, 122, 123, 124, 125, 126, 127, 128, 129, 130, 131, 132, 133, 134, 135, 136, 137, 138, 139, 140, 141, 142, 143, 144, 145, 146, 147, 148, 149, 150, 151, 152, 153, 154, 155, 156, 157, 158, 159, 160, 161, 162, 163, 164, 165, 166, 167, 168, 169, 170, 171, 172, 173, 174, 175, 176, 177, 178, 179, 180, 181, 182, 183, 184, 185, 186, 187, 188, 189, 190, 191, 192, 193, 194, 195, 196, 197, 198, 199, 200, 201, 202, 203, 204, 205, 206, 207, 208, 209, 210, 211, 212, 213, 214, 215, 216, 217, 218, 219, 220, 221, 222, 223, 224, 225, 226, 227, 228, 229, 230, 231, 232, 233, 234, 235, 236, 237, 238, 239, 240, 241, 242, 243, 244, 245, 246, 247, 248, 249, 250, 251, 252, 253, 254, 255, 256, 257, 258, 259, 260, 261, 262, 263, 264, 265, 266, 267, 268, 269, 270, 271, 272, 273, 274, 275, 276, 277, 278, 279, 280, 281, 282, 283, 284, 285, 286, 287, 288, 289, 290, 291, 292, 293, 294, 295, 296, 297, 298, 299, 300, 301, 302, 303, 304, 305, 306, 307, 308, 309, 310, 311, 312, 313, 314, 315, 316, 317, 318, 319, 320, 321, 322, 323, 324, 325, 326, 327, 328, 329, 330, 331, 332, 333, 334, 335, 336, 337, 574, 575, 576, 577, 578, 579, 580, 581, 582, 583, 584, 585, 586, 587, 588, 589, 590, 591, 592, 593, 594, 595, 596, 597, 598, 599, 600, 601, 602, 603, 604, 605, 606, 607, 608, 609, 610, 611, 612, 613, 614, 615, 616, 617, 618, 619, 620, 621, 622, 623, 624, 625, 626, 627, 628, 629, 630, 631, 632, 633, 634, 635, 636, 637, 638, 639, 640, 641, 642, 643, 644, 645, 646, 647, 648, 649, 650, 651, 652, 653, 654, 655, 656, 657, 658, 659, 660, 661, 662, 663, 664, 665, 666, 667, 668, 669, 670, 671, 672, 673, 674, 675, 676, 677, 678, 679, 680, 681, 682, 683, 684, 685, 686, 687, 688, 689, 690, 691, 692, 693, 694, 695, 696, 697, 698, 699, 700, 701, 702, 703, 704, 705, 706, 707, 708, 709, 710, 711, 712, 713, 714, 715, 716, 717, 718, 719, 720, 721, 722, 723, 724, 725, 726, 727, 728, 729, 730, 731, 732, 733, 734, 735, 736, 737, 738, 739, 740, 741, 742, 743, 744, 745, 746, 747, 748, 749, 750, 751, 752, 753, 754, 755, 756, 757, 758, 759, 760, 761, 762, 763, 764, 765, 766, 767, 768, 769, 770, 771, 772, 773, 774, 775, 776, 777, 778, 779, 780, 781, 782, 783, 784, 785, 786, 787, 788, 789, 790, 791, 792, 793]","[143, 294, 295, 300, 614, 753, 754, 759]",[],"[143, 228, 295, 614, 692, 754]","[90, 91, 294, 295, 296, 561, 562, 753, 754, 755]",[],7/6 successful match,True,[455],True,249,False,,0.8999999999999999,True,Speedy Fuel # 2,
Commerce ( 90023 ) Speedy Fuel # 2,323-266-2606 E Washington & Indiana ( 1 mi W of I-710 ),) 24,Commerce,90023,Speedy Fuel # 2,323-266-2606,2016,Los Angeles,CA,,( 1 mi W of I-710 ),E Washington & Indiana,empty,,False,,False,E Washington,Indiana,,,,"[754, 295]","[294, 295, 753, 754]","[143, 294, 295, 300, 614, 753, 754, 759]",[],"[103, 104, 105, 106, 107, 108, 109, 110, 111, 112, 113, 114, 115, 116, 117, 118, 119, 120, 121, 122, 123, 124, 125, 126, 127, 128, 129, 130, 131, 132, 133, 134, 135, 136, 137, 138, 139, 140, 141, 142, 143, 144, 145, 146, 147, 148, 149, 150, 151, 152, 153, 154, 155, 156, 157, 158, 159, 160, 161, 162, 163, 164, 165, 166, 167, 168, 169, 170, 171, 172, 173, 174, 175, 176, 177, 178, 179, 180, 181, 182, 183, 184, 185, 186, 187, 188, 189, 190, 191, 192, 193, 194, 195, 196, 197, 198, 199, 200, 201, 202, 203, 204, 205, 206, 207, 208, 209, 210, 211, 212, 213, 214, 215, 216, 217, 218, 219, 220, 221, 222, 223, 224, 225, 226, 227, 228, 229, 230, 231, 232, 233, 234, 235, 236, 237, 238, 239, 240, 241, 242, 243, 244, 245, 246, 247, 248, 249, 250, 251, 252, 253, 254, 255, 256, 257, 258, 259, 260, 261, 262, 263, 264, 265, 266, 267, 268, 269, 270, 271, 272, 273, 274, 275, 276, 277, 278, 279, 280, 281, 282, 283, 284, 285, 286, 287, 288, 289, 290, 291, 292, 293, 294, 295, 296, 297, 298, 299, 300, 301, 302, 303, 304, 305, 306, 307, 308, 309, 310, 311, 312, 313, 314, 315, 316, 317, 318, 319, 320, 321, 322, 323, 324, 325, 326, 327, 328, 329, 330, 331, 332, 333, 334, 335, 336, 337, 574, 575, 576, 577, 578, 579, 580, 581, 582, 583, 584, 585, 586, 587, 588, 589, 590, 591, 592, 593, 594, 595, 596, 597, 598, 599, 600, 601, 602, 603, 604, 605, 606, 607, 608, 609, 610, 611, 612, 613, 614, 615, 616, 617, 618, 619, 620, 621, 622, 623, 624, 625, 626, 627, 628, 629, 630, 631, 632, 633, 634, 635, 636, 637, 638, 639, 640, 641, 642, 643, 644, 645, 646, 647, 648, 649, 650, 651, 652, 653, 654, 655, 656, 657, 658, 659, 660, 661, 662, 663, 664, 665, 666, 667, 668, 669, 670, 671, 672, 673, 674, 675, 676, 677, 678, 679, 680, 681, 682, 683, 684, 685, 686, 687, 688, 689, 690, 691, 692, 693, 694, 695, 696, 697, 698, 699, 700, 701, 702, 703, 704, 705, 706, 707, 708, 709, 710, 711, 712, 713, 714, 715, 716, 717, 718, 719, 720, 721, 722, 723, 724, 725, 726, 727, 728, 729, 730, 731, 732, 733, 734, 735, 736, 737, 738, 739, 740, 741, 742, 743, 744, 745, 746, 747, 748, 749, 750, 751, 752, 753, 754, 755, 756, 757, 758, 759, 760, 761, 762, 763, 764, 765, 766, 767, 768, 769, 770, 771, 772, 773, 774, 775, 776, 777, 778, 779, 780, 781, 782, 783, 784, 785, 786, 787, 788, 789, 790, 791, 792, 793]","[143, 228, 295, 614, 692, 754]",[],"[90, 91, 294, 295, 296, 561, 562, 753, 754, 755]","[90, 91, 103, 104, 105, 106, 107, 108, 109, 110, 111, 112, 113, 114, 115, 116, 117, 118, 119, 120, 121, 122, 123, 124, 125, 126, 127, 128, 129, 130, 131, 132, 133, 134, 135, 136, 137, 138, 139, 140, 141, 142, 143, 144, 145, 146, 147, 148, 149, 150, 151, 152, 153, 154, 155, 156, 157, 158, 159, 160, 161, 162, 163, 164, 165, 166, 167, 168, 169, 170, 171, 172, 173, 174, 175, 176, 177, 178, 179, 180, 181, 182, 183, 184, 185, 186, 187, 188, 189, 190, 191, 192, 193, 194, 195, 196, 197, 198, 199, 200, 201, 202, 203, 204, 205, 206, 207, 208, 209, 210, 211, 212, 213, 214, 215, 216, 217, 218, 219, 220, 221, 222, 223, 224, 225, 226, 227, 228, 229, 230, 231, 232, 233, 234, 235, 236, 237, 238, 239, 240, 241, 242, 243, 244, 245, 246, 247, 248, 249, 250, 251, 252, 253, 254, 255, 256, 257, 258, 259, 260, 261, 262, 263, 264, 265, 266, 267, 268, 269, 270, 271, 272, 273, 274, 275, 276, 277, 278, 279, 280, 281, 282, 283, 284, 285, 286, 287, 288, 289, 290, 291, 292, 293, 294, 295, 296, 297, 298, 299, 300, 301, 302, 303, 304, 305, 306, 307, 308, 309, 310, 311, 312, 313, 314, 315, 316, 317, 318, 319, 320, 321, 322, 323, 324, 325, 326, 327, 328, 329, 330, 331, 332, 333, 334, 335, 336, 337, 561, 562, 574, 575, 576, 577, 578, 579, 580, 581, 582, 583, 584, 585, 586, 587, 588, 589, 590, 591, 592, 593, 594, 595, 596, 597, 598, 599, 600, 601, 602, 603, 604, 605, 606, 607, 608, 609, 610, 611, 612, 613, 614, 615, 616, 617, 618, 619, 620, 621, 622, 623, 624, 625, 626, 627, 628, 629, 630, 631, 632, 633, 634, 635, 636, 637, 638, 639, 640, 641, 642, 643, 644, 645, 646, 647, 648, 649, 650, 651, 652, 653, 654, 655, 656, 657, 658, 659, 660, 661, 662, 663, 664, 665, 666, 667, 668, 669, 670, 671, 672, 673, 674, 675, 676, 677, 678, 679, 680, 681, 682, 683, 684, 685, 686, 687, 688, 689, 690, 691, 692, 693, 694, 695, 696, 697, 698, 699, 700, 701, 702, 703, 704, 705, 706, 707, 708, 709, 710, 711, 712, 713, 714, 715, 716, 717, 718, 719, 720, 721, 722, 723, 724, 725, 726, 727, 728, 729, 730, 731, 732, 733, 734, 735, 736, 737, 738, 739, 740, 741, 742, 743, 744, 745, 746, 747, 748, 749, 750, 751, 752, 753, 754, 755, 756, 757, 758, 759, 760, 761, 762, 763, 764, 765, 766, 767, 768, 769, 770, 771, 772, 773, 774, 775, 776, 777, 778, 779, 780, 781, 782, 783, 784, 785, 786, 787, 788, 789, 790, 791, 792, 793]",True,"[294, 295, 753, 754]","[103, 104, 105, 106, 107, 108, 109, 110, 111, 112, 113, 114, 115, 116, 117, 118, 119, 120, 121, 122, 123, 124, 125, 126, 127, 128, 129, 130, 131, 132, 133, 134, 135, 136, 137, 138, 139, 140, 141, 142, 143, 144, 145, 146, 147, 148, 149, 150, 151, 152, 153, 154, 155, 156, 157, 158, 159, 160, 161, 162, 163, 164, 165, 166, 167, 168, 169, 170, 171, 172, 173, 174, 175, 176, 177, 178, 179, 180, 181, 182, 183, 184, 185, 186, 187, 188, 189, 190, 191, 192, 193, 194, 195, 196, 197, 198, 199, 200, 201, 202, 203, 204, 205, 206, 207, 208, 209, 210, 211, 212, 213, 214, 215, 216, 217, 218, 219, 220, 221, 222, 223, 224, 225, 226, 227, 228, 229, 230, 231, 232, 233, 234, 235, 236, 237, 238, 239, 240, 241, 242, 243, 244, 245, 246, 247, 248, 249, 250, 251, 252, 253, 254, 255, 256, 257, 258, 259, 260, 261, 262, 263, 264, 265, 266, 267, 268, 269, 270, 271, 272, 273, 274, 275, 276, 277, 278, 279, 280, 281, 282, 283, 284, 285, 286, 287, 288, 289, 290, 291, 292, 293, 294, 295, 296, 297, 298, 299, 300, 301, 302, 303, 304, 305, 306, 307, 308, 309, 310, 311, 312, 313, 314, 315, 316, 317, 318, 319, 320, 321, 322, 323, 324, 325, 326, 327, 328, 329, 330, 331, 332, 333, 334, 335, 336, 337, 574, 575, 576, 577, 578, 579, 580, 581, 582, 583, 584, 585, 586, 587, 588, 589, 590, 591, 592, 593, 594, 595, 596, 597, 598, 599, 600, 601, 602, 603, 604, 605, 606, 607, 608, 609, 610, 611, 612, 613, 614, 615, 616, 617, 618, 619, 620, 621, 622, 623, 624, 625, 626, 627, 628, 629, 630, 631, 632, 633, 634, 635, 636, 637, 638, 639, 640, 641, 642, 643, 644, 645, 646, 647, 648, 649, 650, 651, 652, 653, 654, 655, 656, 657, 658, 659, 660, 661, 662, 663, 664, 665, 666, 667, 668, 669, 670, 671, 672, 673, 674, 675, 676, 677, 678, 679, 680, 681, 682, 683, 684, 685, 686, 687, 688, 689, 690, 691, 692, 693, 694, 695, 696, 697, 698, 699, 700, 701, 702, 703, 704, 705, 706, 707, 708, 709, 710, 711, 712, 713, 714, 715, 716, 717, 718, 719, 720, 721, 722, 723, 724, 725, 726, 727, 728, 729, 730, 731, 732, 733, 734, 735, 736, 737, 738, 739, 740, 741, 742, 743, 744, 745, 746, 747, 748, 749, 750, 751, 752, 753, 754, 755, 756, 757, 758, 759, 760, 761, 762, 763, 764, 765, 766, 767, 768, 769, 770, 771, 772, 773, 774, 775, 776, 777, 778, 779, 780, 781, 782, 783, 784, 785, 786, 787, 788, 789, 790, 791, 792, 793]","[143, 294, 295, 300, 614, 753, 754, 759]",[],"[143, 228, 295, 614, 692, 754]","[90, 91, 294, 295, 296, 561, 562, 753, 754, 755]",[],7/6 successful match,True,[455],True,249,False,,0.8999999999999999,True,Speedy Fuel # 2,
"Vernon , 90023 Bandini Truck Terminal Canyon ( Arco / ) Chevron )",323-266-6840 3152 Bandini ( 2 mi W of I - ),24 000,Vernon,90023,Bandini Truck Terminal Canyon ( Arco / ) Chevron ),323-266-6840,2006,Los Angeles,CA,Chevron,( 2 mi W of I - ),3152 Bandini,Proper,,False,,False,3152 Bandini,,,,,"[597, 126]","[294, 295, 753, 754]","[126, 294, 300, 328, 597, 753, 759, 786]",[],"[103, 104, 105, 106, 107, 108, 109, 110, 111, 112, 113, 114, 115, 116, 117, 118, 119, 120, 121, 122, 123, 124, 125, 126, 127, 128, 129, 130, 131, 132, 133, 134, 135, 136, 137, 138, 139, 140, 141, 142, 143, 144, 145, 146, 147, 148, 149, 150, 151, 152, 153, 154, 155, 156, 157, 158, 159, 160, 161, 162, 163, 164, 165, 166, 167, 168, 169, 170, 171, 172, 173, 174, 175, 176, 177, 178, 179, 180, 181, 182, 183, 184, 185, 186, 187, 188, 189, 190, 191, 192, 193, 194, 195, 196, 197, 198, 199, 200, 201, 202, 203, 204, 205, 206, 207, 208, 209, 210, 211, 212, 213, 214, 215, 216, 217, 218, 219, 220, 221, 222, 223, 224, 225, 226, 227, 228, 229, 230, 231, 232, 233, 234, 235, 236, 237, 238, 239, 240, 241, 242, 243, 244, 245, 246, 247, 248, 249, 250, 251, 252, 253, 254, 255, 256, 257, 258, 259, 260, 261, 262, 263, 264, 265, 266, 267, 268, 269, 270, 271, 272, 273, 274, 275, 276, 277, 278, 279, 280, 281, 282, 283, 284, 285, 286, 287, 288, 289, 290, 291, 292, 293, 294, 295, 296, 297, 298, 299, 300, 301, 302, 303, 304, 305, 306, 307, 308, 309, 310, 311, 312, 313, 314, 315, 316, 317, 318, 319, 320, 321, 322, 323, 324, 325, 326, 327, 328, 329, 330, 331, 332, 333, 334, 335, 336, 337, 574, 575, 576, 577, 578, 579, 580, 581, 582, 583, 584, 585, 586, 587, 588, 589, 590, 591, 592, 593, 594, 595, 596, 597, 598, 599, 600, 601, 602, 603, 604, 605, 606, 607, 608, 609, 610, 611, 612, 613, 614, 615, 616, 617, 618, 619, 620, 621, 622, 623, 624, 625, 626, 627, 628, 629, 630, 631, 632, 633, 634, 635, 636, 637, 638, 639, 640, 641, 642, 643, 644, 645, 646, 647, 648, 649, 650, 651, 652, 653, 654, 655, 656, 657, 658, 659, 660, 661, 662, 663, 664, 665, 666, 667, 668, 669, 670, 671, 672, 673, 674, 675, 676, 677, 678, 679, 680, 681, 682, 683, 684, 685, 686, 687, 688, 689, 690, 691, 692, 693, 694, 695, 696, 697, 698, 699, 700, 701, 702, 703, 704, 705, 706, 707, 708, 709, 710, 711, 712, 713, 714, 715, 716, 717, 718, 719, 720, 721, 722, 723, 724, 725, 726, 727, 728, 729, 730, 731, 732, 733, 734, 735, 736, 737, 738, 739, 740, 741, 742, 743, 744, 745, 746, 747, 748, 749, 750, 751, 752, 753, 754, 755, 756, 757, 758, 759, 760, 761, 762, 763, 764, 765, 766, 767, 768, 769, 770, 771, 772, 773, 774, 775, 776, 777, 778, 779, 780, 781, 782, 783, 784, 785, 786, 787, 788, 789, 790, 791, 792, 793]","[126, 328, 597, 786]","[12, 24, 25, 28, 88, 100, 104, 119, 123, 129, 136, 137, 139, 140, 141, 148, 155, 169, 172, 179, 183, 185, 188, 196, 198, 217, 237, 267, 270, 278, 319, 321, 324, 325, 330, 334, 335, 354, 366, 369, 380, 383, 384, 386, 395, 407, 411, 423, 428, 436, 437, 452, 453, 456, 467, 471, 477, 478, 479, 497, 508, 511, 559, 571, 575, 590, 594, 600, 607, 608, 610, 611, 612, 619, 627, 640, 643, 650, 654, 656, 659, 667, 669, 685, 701, 726, 729, 737, 777, 779, 782, 783, 787, 790, 791, 809, 817, 819, 830, 833, 834, 836, 845, 856, 857, 860, 862, 875, 880, 887, 888, 899, 900, 914, 918, 921, 928, 929, 930]","[0, 12, 24, 25, 28, 88, 99, 100, 104, 119, 120, 122, 123, 126, 129, 136, 137, 139, 140, 141, 148, 155, 169, 172, 179, 183, 185, 188, 196, 198, 200, 217, 223, 226, 237, 267, 270, 278, 315, 319, 321, 324, 325, 330, 334, 335, 354, 366, 369, 380, 382, 383, 384, 386, 395, 405, 407, 411, 423, 428, 436, 437, 452, 453, 456, 467, 471, 477, 478, 479, 485, 497, 508, 511, 559, 570, 571, 575, 590, 591, 593, 594, 597, 600, 607, 608, 610, 611, 612, 619, 625, 627, 640, 643, 650, 654, 656, 659, 667, 669, 671, 685, 687, 690, 701, 726, 729, 737, 773, 777, 779, 782, 783, 787, 790, 791, 809, 817, 819, 830, 832, 833, 834, 836, 845, 854, 856, 857, 860, 862, 875, 880, 887, 888, 899, 900, 914, 918, 921, 928, 929, 930]","[0, 12, 24, 25, 28, 88, 99, 100, 103, 104, 105, 106, 107, 108, 109, 110, 111, 112, 113, 114, 115, 116, 117, 118, 119, 120, 121, 122, 123, 124, 125, 126, 127, 128, 129, 130, 131, 132, 133, 134, 135, 136, 137, 138, 139, 140, 141, 142, 143, 144, 145, 146, 147, 148, 149, 150, 151, 152, 153, 154, 155, 156, 157, 158, 159, 160, 161, 162, 163, 164, 165, 166, 167, 168, 169, 170, 171, 172, 173, 174, 175, 176, 177, 178, 179, 180, 181, 182, 183, 184, 185, 186, 187, 188, 189, 190, 191, 192, 193, 194, 195, 196, 197, 198, 199, 200, 201, 202, 203, 204, 205, 206, 207, 208, 209, 210, 211, 212, 213, 214, 215, 216, 217, 218, 219, 220, 221, 222, 223, 224, 225, 226, 227, 228, 229, 230, 231, 232, 233, 234, 235, 236, 237, 238, 239, 240, 241, 242, 243, 244, 245, 246, 247, 248, 249, 250, 251, 252, 253, 254, 255, 256, 257, 258, 259, 260, 261, 262, 263, 264, 265, 266, 267, 268, 269, 270, 271, 272, 273, 274, 275, 276, 277, 278, 279, 280, 281, 282, 283, 284, 285, 286, 287, 288, 289, 290, 291, 292, 293, 294, 295, 296, 297, 298, 299, 300, 301, 302, 303, 304, 305, 306, 307, 308, 309, 310, 311, 312, 313, 314, 315, 316, 317, 318, 319, 320, 321, 322, 323, 324, 325, 326, 327, 328, 329, 330, 331, 332, 333, 334, 335, 336, 337, 354, 366, 369, 380, 382, 383, 384, 386, 395, 405, 407, 411, 423, 428, 436, 437, 452, 453, 456, 467, 471, 477, 478, 479, 485, 497, 508, 511, 559, 570, 571, 574, 575, 576, 577, 578, 579, 580, 581, 582, 583, 584, 585, 586, 587, 588, 589, 590, 591, 592, 593, 594, 595, 596, 597, 598, 599, 600, 601, 602, 603, 604, 605, 606, 607, 608, 609, 610, 611, 612, 613, 614, 615, 616, 617, 618, 619, 620, 621, 622, 623, 624, 625, 626, 627, 628, 629, 630, 631, 632, 633, 634, 635, 636, 637, 638, 639, 640, 641, 642, 643, 644, 645, 646, 647, 648, 649, 650, 651, 652, 653, 654, 655, 656, 657, 658, 659, 660, 661, 662, 663, 664, 665, 666, 667, 668, 669, 670, 671, 672, 673, 674, 675, 676, 677, 678, 679, 680, 681, 682, 683, 684, 685, 686, 687, 688, 689, 690, 691, 692, 693, 694, 695, 696, 697, 698, 699, 700, 701, 702, 703, 704, 705, 706, 707, 708, 709, 710, 711, 712, 713, 714, 715, 716, 717, 718, 719, 720, 721, 722, 723, 724, 725, 726, 727, 728, 729, 730, 731, 732, 733, 734, 735, 736, 737, 738, 739, 740, 741, 742, 743, 744, 745, 746, 747, 748, 749, 750, 751, 752, 753, 754, 755, 756, 757, 758, 759, 760, 761, 762, 763, 764, 765, 766, 767, 768, 769, 770, 771, 772, 773, 774, 775, 776, 777, 778, 779, 780, 781, 782, 783, 784, 785, 786, 787, 788, 789, 790, 791, 792, 793, 809, 817, 819, 830, 832, 833, 834, 836, 845, 854, 856, 857, 860, 862, 875, 880, 887, 888, 899, 900, 914, 918, 921, 928, 929, 930]",True,"[294, 295, 753, 754]","[103, 104, 105, 106, 107, 108, 109, 110, 111, 112, 113, 114, 115, 116, 117, 118, 119, 120, 121, 122, 123, 124, 125, 126, 127, 128, 129, 130, 131, 132, 133, 134, 135, 136, 137, 138, 139, 140, 141, 142, 143, 144, 145, 146, 147, 148, 149, 150, 151, 152, 153, 154, 155, 156, 157, 158, 159, 160, 161, 162, 163, 164, 165, 166, 167, 168, 169, 170, 171, 172, 173, 174, 175, 176, 177, 178, 179, 180, 181, 182, 183, 184, 185, 186, 187, 188, 189, 190, 191, 192, 193, 194, 195, 196, 197, 198, 199, 200, 201, 202, 203, 204, 205, 206, 207, 208, 209, 210, 211, 212, 213, 214, 215, 216, 217, 218, 219, 220, 221, 222, 223, 224, 225, 226, 227, 228, 229, 230, 231, 232, 233, 234, 235, 236, 237, 238, 239, 240, 241, 242, 243, 244, 245, 246, 247, 248, 249, 250, 251, 252, 253, 254, 255, 256, 257, 258, 259, 260, 261, 262, 263, 264, 265, 266, 267, 268, 269, 270, 271, 272, 273, 274, 275, 276, 277, 278, 279, 280, 281, 282, 283, 284, 285, 286, 287, 288, 289, 290, 291, 292, 293, 294, 295, 296, 297, 298, 299, 300, 301, 302, 303, 304, 305, 306, 307, 308, 309, 310, 311, 312, 313, 314, 315, 316, 317, 318, 319, 320, 321, 322, 323, 324, 325, 326, 327, 328, 329, 330, 331, 332, 333, 334, 335, 336, 337, 574, 575, 576, 577, 578, 579, 580, 581, 582, 583, 584, 585, 586, 587, 588, 589, 590, 591, 592, 593, 594, 595, 596, 597, 598, 599, 600, 601, 602, 603, 604, 605, 606, 607, 608, 609, 610, 611, 612, 613, 614, 615, 616, 617, 618, 619, 620, 621, 622, 623, 624, 625, 626, 627, 628, 629, 630, 631, 632, 633, 634, 635, 636, 637, 638, 639, 640, 641, 642, 643, 644, 645, 646, 647, 648, 649, 650, 651, 652, 653, 654, 655, 656, 657, 658, 659, 660, 661, 662, 663, 664, 665, 666, 667, 668, 669, 670, 671, 672, 673, 674, 675, 676, 677, 678, 679, 680, 681, 682, 683, 684, 685, 686, 687, 688, 689, 690, 691, 692, 693, 694, 695, 696, 697, 698, 699, 700, 701, 702, 703, 704, 705, 706, 707, 708, 709, 710, 711, 712, 713, 714, 715, 716, 717, 718, 719, 720, 721, 722, 723, 724, 725, 726, 727, 728, 729, 730, 731, 732, 733, 734, 735, 736, 737, 738, 739, 740, 741, 742, 743, 744, 745, 746, 747, 748, 749, 750, 751, 752, 753, 754, 755, 756, 757, 758, 759, 760, 761, 762, 763, 764, 765, 766, 767, 768, 769, 770, 771, 772, 773, 774, 775, 776, 777, 778, 779, 780, 781, 782, 783, 784, 785, 786, 787, 788, 789, 790, 791, 792, 793]","[126, 294, 300, 328, 597, 753, 759, 786]",[],"[126, 328, 597, 786]","[0, 12, 24, 25, 28, 88, 99, 100, 104, 119, 120, 122, 123, 126, 129, 136, 137, 139, 140, 141, 148, 155, 169, 172, 179, 183, 185, 188, 196, 198, 200, 217, 223, 226, 237, 267, 270, 278, 315, 319, 321, 324, 325, 330, 334, 335, 354, 366, 369, 380, 382, 383, 384, 386, 395, 405, 407, 411, 423, 428, 436, 437, 452, 453, 456, 467, 471, 477, 478, 479, 485, 497, 508, 511, 559, 570, 571, 575, 590, 591, 593, 594, 597, 600, 607, 608, 610, 611, 612, 619, 625, 627, 640, 643, 650, 654, 656, 659, 667, 669, 671, 685, 687, 690, 701, 726, 729, 737, 773, 777, 779, 782, 783, 787, 790, 791, 809, 817, 819, 830, 832, 833, 834, 836, 845, 854, 856, 857, 860, 862, 875, 880, 887, 888, 899, 900, 914, 918, 921, 928, 929, 930]","[12, 24, 25, 28, 88, 100, 104, 119, 123, 129, 136, 137, 139, 140, 141, 148, 155, 169, 172, 179, 183, 185, 188, 196, 198, 217, 237, 267, 270, 278, 319, 321, 324, 325, 330, 334, 335, 354, 366, 369, 380, 383, 384, 386, 395, 407, 411, 423, 428, 436, 437, 452, 453, 456, 467, 471, 477, 478, 479, 497, 508, 511, 559, 571, 575, 590, 594, 600, 607, 608, 610, 611, 612, 619, 627, 640, 643, 650, 654, 656, 659, 667, 669, 685, 701, 726, 729, 737, 777, 779, 782, 783, 787, 790, 791, 809, 817, 819, 830, 833, 834, 836, 845, 856, 857, 860, 862, 875, 880, 887, 888, 899, 900, 914, 918, 921, 928, 929, 930]",6/6 successful match,True,[456],True,250,False,,,,,
"Vernon , 90023 Bandini Truck Terminal",323-266-6840 3152 Bandini ( 2 mi W of I-710 ),24 HRS <U+2610>,Vernon,90023,Bandini Truck Terminal,323-266-6840,2007,Los Angeles,CA,,( 2 mi W of I-710 ),3152 Bandini,Proper,,False,,False,3152 Bandini,,,,,"[597, 126]","[294, 295, 753, 754]","[126, 294, 300, 328, 597, 753, 759, 786]",[],"[103, 104, 105, 106, 107, 108, 109, 110, 111, 112, 113, 114, 115, 116, 117, 118, 119, 120, 121, 122, 123, 124, 125, 126, 127, 128, 129, 130, 131, 132, 133, 134, 135, 136, 137, 138, 139, 140, 141, 142, 143, 144, 145, 146, 147, 148, 149, 150, 151, 152, 153, 154, 155, 156, 157, 158, 159, 160, 161, 162, 163, 164, 165, 166, 167, 168, 169, 170, 171, 172, 173, 174, 175, 176, 177, 178, 179, 180, 181, 182, 183, 184, 185, 186, 187, 188, 189, 190, 191, 192, 193, 194, 195, 196, 197, 198, 199, 200, 201, 202, 203, 204, 205, 206, 207, 208, 209, 210, 211, 212, 213, 214, 215, 216, 217, 218, 219, 220, 221, 222, 223, 224, 225, 226, 227, 228, 229, 230, 231, 232, 233, 234, 235, 236, 237, 238, 239, 240, 241, 242, 243, 244, 245, 246, 247, 248, 249, 250, 251, 252, 253, 254, 255, 256, 257, 258, 259, 260, 261, 262, 263, 264, 265, 266, 267, 268, 269, 270, 271, 272, 273, 274, 275, 276, 277, 278, 279, 280, 281, 282, 283, 284, 285, 286, 287, 288, 289, 290, 291, 292, 293, 294, 295, 296, 297, 298, 299, 300, 301, 302, 303, 304, 305, 306, 307, 308, 309, 310, 311, 312, 313, 314, 315, 316, 317, 318, 319, 320, 321, 322, 323, 324, 325, 326, 327, 328, 329, 330, 331, 332, 333, 334, 335, 336, 337, 574, 575, 576, 577, 578, 579, 580, 581, 582, 583, 584, 585, 586, 587, 588, 589, 590, 591, 592, 593, 594, 595, 596, 597, 598, 599, 600, 601, 602, 603, 604, 605, 606, 607, 608, 609, 610, 611, 612, 613, 614, 615, 616, 617, 618, 619, 620, 621, 622, 623, 624, 625, 626, 627, 628, 629, 630, 631, 632, 633, 634, 635, 636, 637, 638, 639, 640, 641, 642, 643, 644, 645, 646, 647, 648, 649, 650, 651, 652, 653, 654, 655, 656, 657, 658, 659, 660, 661, 662, 663, 664, 665, 666, 667, 668, 669, 670, 671, 672, 673, 674, 675, 676, 677, 678, 679, 680, 681, 682, 683, 684, 685, 686, 687, 688, 689, 690, 691, 692, 693, 694, 695, 696, 697, 698, 699, 700, 701, 702, 703, 704, 705, 706, 707, 708, 709, 710, 711, 712, 713, 714, 715, 716, 717, 718, 719, 720, 721, 722, 723, 724, 725, 726, 727, 728, 729, 730, 731, 732, 733, 734, 735, 736, 737, 738, 739, 740, 741, 742, 743, 744, 745, 746, 747, 748, 749, 750, 751, 752, 753, 754, 755, 756, 757, 758, 759, 760, 761, 762, 763, 764, 765, 766, 767, 768, 769, 770, 771, 772, 773, 774, 775, 776, 777, 778, 779, 780, 781, 782, 783, 784, 785, 786, 787, 788, 789, 790, 791, 792, 793]","[126, 328, 597, 786]",[],"[99, 126, 570, 597]","[99, 103, 104, 105, 106, 107, 108, 109, 110, 111, 112, 113, 114, 115, 116, 117, 118, 119, 120, 121, 122, 123, 124, 125, 126, 127, 128, 129, 130, 131, 132, 133, 134, 135, 136, 137, 138, 139, 140, 141, 142, 143, 144, 145, 146, 147, 148, 149, 150, 151, 152, 153, 154, 155, 156, 157, 158, 159, 160, 161, 162, 163, 164, 165, 166, 167, 168, 169, 170, 171, 172, 173, 174, 175, 176, 177, 178, 179, 180, 181, 182, 183, 184, 185, 186, 187, 188, 189, 190, 191, 192, 193, 194, 195, 196, 197, 198, 199, 200, 201, 202, 203, 204, 205, 206, 207, 208, 209, 210, 211, 212, 213, 214, 215, 216, 217, 218, 219, 220, 221, 222, 223, 224, 225, 226, 227, 228, 229, 230, 231, 232, 233, 234, 235, 236, 237, 238, 239, 240, 241, 242, 243, 244, 245, 246, 247, 248, 249, 250, 251, 252, 253, 254, 255, 256, 257, 258, 259, 260, 261, 262, 263, 264, 265, 266, 267, 268, 269, 270, 271, 272, 273, 274, 275, 276, 277, 278, 279, 280, 281, 282, 283, 284, 285, 286, 287, 288, 289, 290, 291, 292, 293, 294, 295, 296, 297, 298, 299, 300, 301, 302, 303, 304, 305, 306, 307, 308, 309, 310, 311, 312, 313, 314, 315, 316, 317, 318, 319, 320, 321, 322, 323, 324, 325, 326, 327, 328, 329, 330, 331, 332, 333, 334, 335, 336, 337, 570, 574, 575, 576, 577, 578, 579, 580, 581, 582, 583, 584, 585, 586, 587, 588, 589, 590, 591, 592, 593, 594, 595, 596, 597, 598, 599, 600, 601, 602, 603, 604, 605, 606, 607, 608, 609, 610, 611, 612, 613, 614, 615, 616, 617, 618, 619, 620, 621, 622, 623, 624, 625, 626, 627, 628, 629, 630, 631, 632, 633, 634, 635, 636, 637, 638, 639, 640, 641, 642, 643, 644, 645, 646, 647, 648, 649, 650, 651, 652, 653, 654, 655, 656, 657, 658, 659, 660, 661, 662, 663, 664, 665, 666, 667, 668, 669, 670, 671, 672, 673, 674, 675, 676, 677, 678, 679, 680, 681, 682, 683, 684, 685, 686, 687, 688, 689, 690, 691, 692, 693, 694, 695, 696, 697, 698, 699, 700, 701, 702, 703, 704, 705, 706, 707, 708, 709, 710, 711, 712, 713, 714, 715, 716, 717, 718, 719, 720, 721, 722, 723, 724, 725, 726, 727, 728, 729, 730, 731, 732, 733, 734, 735, 736, 737, 738, 739, 740, 741, 742, 743, 744, 745, 746, 747, 748, 749, 750, 751, 752, 753, 754, 755, 756, 757, 758, 759, 760, 761, 762, 763, 764, 765, 766, 767, 768, 769, 770, 771, 772, 773, 774, 775, 776, 777, 778, 779, 780, 781, 782, 783, 784, 785, 786, 787, 788, 789, 790, 791, 792, 793]",True,"[294, 295, 753, 754]","[103, 104, 105, 106, 107, 108, 109, 110, 111, 112, 113, 114, 115, 116, 117, 118, 119, 120, 121, 122, 123, 124, 125, 126, 127, 128, 129, 130, 131, 132, 133, 134, 135, 136, 137, 138, 139, 140, 141, 142, 143, 144, 145, 146, 147, 148, 149, 150, 151, 152, 153, 154, 155, 156, 157, 158, 159, 160, 161, 162, 163, 164, 165, 166, 167, 168, 169, 170, 171, 172, 173, 174, 175, 176, 177, 178, 179, 180, 181, 182, 183, 184, 185, 186, 187, 188, 189, 190, 191, 192, 193, 194, 195, 196, 197, 198, 199, 200, 201, 202, 203, 204, 205, 206, 207, 208, 209, 210, 211, 212, 213, 214, 215, 216, 217, 218, 219, 220, 221, 222, 223, 224, 225, 226, 227, 228, 229, 230, 231, 232, 233, 234, 235, 236, 237, 238, 239, 240, 241, 242, 243, 244, 245, 246, 247, 248, 249, 250, 251, 252, 253, 254, 255, 256, 257, 258, 259, 260, 261, 262, 263, 264, 265, 266, 267, 268, 269, 270, 271, 272, 273, 274, 275, 276, 277, 278, 279, 280, 281, 282, 283, 284, 285, 286, 287, 288, 289, 290, 291, 292, 293, 294, 295, 296, 297, 298, 299, 300, 301, 302, 303, 304, 305, 306, 307, 308, 309, 310, 311, 312, 313, 314, 315, 316, 317, 318, 319, 320, 321, 322, 323, 324, 325, 326, 327, 328, 329, 330, 331, 332, 333, 334, 335, 336, 337, 574, 575, 576, 577, 578, 579, 580, 581, 582, 583, 584, 585, 586, 587, 588, 589, 590, 591, 592, 593, 594, 595, 596, 597, 598, 599, 600, 601, 602, 603, 604, 605, 606, 607, 608, 609, 610, 611, 612, 613, 614, 615, 616, 617, 618, 619, 620, 621, 622, 623, 624, 625, 626, 627, 628, 629, 630, 631, 632, 633, 634, 635, 636, 637, 638, 639, 640, 641, 642, 643, 644, 645, 646, 647, 648, 649, 650, 651, 652, 653, 654, 655, 656, 657, 658, 659, 660, 661, 662, 663, 664, 665, 666, 667, 668, 669, 670, 671, 672, 673, 674, 675, 676, 677, 678, 679, 680, 681, 682, 683, 684, 685, 686, 687, 688, 689, 690, 691, 692, 693, 694, 695, 696, 697, 698, 699, 700, 701, 702, 703, 704, 705, 706, 707, 708, 709, 710, 711, 712, 713, 714, 715, 716, 717, 718, 719, 720, 721, 722, 723, 724, 725, 726, 727, 728, 729, 730, 731, 732, 733, 734, 735, 736, 737, 738, 739, 740, 741, 742, 743, 744, 745, 746, 747, 748, 749, 750, 751, 752, 753, 754, 755, 756, 757, 758, 759, 760, 761, 762, 763, 764, 765, 766, 767, 768, 769, 770, 771, 772, 773, 774, 775, 776, 777, 778, 779, 780, 781, 782, 783, 784, 785, 786, 787, 788, 789, 790, 791, 792, 793]","[126, 294, 300, 328, 597, 753, 759, 786]",[],"[126, 328, 597, 786]","[99, 126, 570, 597]",[],7/6 successful match,True,[456],True,250,False,,0.8833333333333333,True,Bandini Truck Terminal Canyon ( Arco / ) Chevron ),Chevron
"Vernon , 90023 Bandini Truck Terminal",323-266-6840 3152 Bandini ( 2 mi W of I-710 ),HRS 24 <U+2610>,Vernon,90023,Bandini Truck Terminal,323-266-6840,2008,Los Angeles,CA,,( 2 mi W of I-710 ),3152 Bandini,Proper,,False,,False,3152 Bandini,,,,,"[597, 126]","[294, 295, 753, 754]","[126, 294, 300, 328, 597, 753, 759, 786]",[],"[103, 104, 105, 106, 107, 108, 109, 110, 111, 112, 113, 114, 115, 116, 117, 118, 119, 120, 121, 122, 123, 124, 125, 126, 127, 128, 129, 130, 131, 132, 133, 134, 135, 136, 137, 138, 139, 140, 141, 142, 143, 144, 145, 146, 147, 148, 149, 150, 151, 152, 153, 154, 155, 156, 157, 158, 159, 160, 161, 162, 163, 164, 165, 166, 167, 168, 169, 170, 171, 172, 173, 174, 175, 176, 177, 178, 179, 180, 181, 182, 183, 184, 185, 186, 187, 188, 189, 190, 191, 192, 193, 194, 195, 196, 197, 198, 199, 200, 201, 202, 203, 204, 205, 206, 207, 208, 209, 210, 211, 212, 213, 214, 215, 216, 217, 218, 219, 220, 221, 222, 223, 224, 225, 226, 227, 228, 229, 230, 231, 232, 233, 234, 235, 236, 237, 238, 239, 240, 241, 242, 243, 244, 245, 246, 247, 248, 249, 250, 251, 252, 253, 254, 255, 256, 257, 258, 259, 260, 261, 262, 263, 264, 265, 266, 267, 268, 269, 270, 271, 272, 273, 274, 275, 276, 277, 278, 279, 280, 281, 282, 283, 284, 285, 286, 287, 288, 289, 290, 291, 292, 293, 294, 295, 296, 297, 298, 299, 300, 301, 302, 303, 304, 305, 306, 307, 308, 309, 310, 311, 312, 313, 314, 315, 316, 317, 318, 319, 320, 321, 322, 323, 324, 325, 326, 327, 328, 329, 330, 331, 332, 333, 334, 335, 336, 337, 574, 575, 576, 577, 578, 579, 580, 581, 582, 583, 584, 585, 586, 587, 588, 589, 590, 591, 592, 593, 594, 595, 596, 597, 598, 599, 600, 601, 602, 603, 604, 605, 606, 607, 608, 609, 610, 611, 612, 613, 614, 615, 616, 617, 618, 619, 620, 621, 622, 623, 624, 625, 626, 627, 628, 629, 630, 631, 632, 633, 634, 635, 636, 637, 638, 639, 640, 641, 642, 643, 644, 645, 646, 647, 648, 649, 650, 651, 652, 653, 654, 655, 656, 657, 658, 659, 660, 661, 662, 663, 664, 665, 666, 667, 668, 669, 670, 671, 672, 673, 674, 675, 676, 677, 678, 679, 680, 681, 682, 683, 684, 685, 686, 687, 688, 689, 690, 691, 692, 693, 694, 695, 696, 697, 698, 699, 700, 701, 702, 703, 704, 705, 706, 707, 708, 709, 710, 711, 712, 713, 714, 715, 716, 717, 718, 719, 720, 721, 722, 723, 724, 725, 726, 727, 728, 729, 730, 731, 732, 733, 734, 735, 736, 737, 738, 739, 740, 741, 742, 743, 744, 745, 746, 747, 748, 749, 750, 751, 752, 753, 754, 755, 756, 757, 758, 759, 760, 761, 762, 763, 764, 765, 766, 767, 768, 769, 770, 771, 772, 773, 774, 775, 776, 777, 778, 779, 780, 781, 782, 783, 784, 785, 786, 787, 788, 789, 790, 791, 792, 793]","[126, 328, 597, 786]",[],"[99, 126, 570, 597]","[99, 103, 104, 105, 106, 107, 108, 109, 110, 111, 112, 113, 114, 115, 116, 117, 118, 119, 120, 121, 122, 123, 124, 125, 126, 127, 128, 129, 130, 131, 132, 133, 134, 135, 136, 137, 138, 139, 140, 141, 142, 143, 144, 145, 146, 147, 148, 149, 150, 151, 152, 153, 154, 155, 156, 157, 158, 159, 160, 161, 162, 163, 164, 165, 166, 167, 168, 169, 170, 171, 172, 173, 174, 175, 176, 177, 178, 179, 180, 181, 182, 183, 184, 185, 186, 187, 188, 189, 190, 191, 192, 193, 194, 195, 196, 197, 198, 199, 200, 201, 202, 203, 204, 205, 206, 207, 208, 209, 210, 211, 212, 213, 214, 215, 216, 217, 218, 219, 220, 221, 222, 223, 224, 225, 226, 227, 228, 229, 230, 231, 232, 233, 234, 235, 236, 237, 238, 239, 240, 241, 242, 243, 244, 245, 246, 247, 248, 249, 250, 251, 252, 253, 254, 255, 256, 257, 258, 259, 260, 261, 262, 263, 264, 265, 266, 267, 268, 269, 270, 271, 272, 273, 274, 275, 276, 277, 278, 279, 280, 281, 282, 283, 284, 285, 286, 287, 288, 289, 290, 291, 292, 293, 294, 295, 296, 297, 298, 299, 300, 301, 302, 303, 304, 305, 306, 307, 308, 309, 310, 311, 312, 313, 314, 315, 316, 317, 318, 319, 320, 321, 322, 323, 324, 325, 326, 327, 328, 329, 330, 331, 332, 333, 334, 335, 336, 337, 570, 574, 575, 576, 577, 578, 579, 580, 581, 582, 583, 584, 585, 586, 587, 588, 589, 590, 591, 592, 593, 594, 595, 596, 597, 598, 599, 600, 601, 602, 603, 604, 605, 606, 607, 608, 609, 610, 611, 612, 613, 614, 615, 616, 617, 618, 619, 620, 621, 622, 623, 624, 625, 626, 627, 628, 629, 630, 631, 632, 633, 634, 635, 636, 637, 638, 639, 640, 641, 642, 643, 644, 645, 646, 647, 648, 649, 650, 651, 652, 653, 654, 655, 656, 657, 658, 659, 660, 661, 662, 663, 664, 665, 666, 667, 668, 669, 670, 671, 672, 673, 674, 675, 676, 677, 678, 679, 680, 681, 682, 683, 684, 685, 686, 687, 688, 689, 690, 691, 692, 693, 694, 695, 696, 697, 698, 699, 700, 701, 702, 703, 704, 705, 706, 707, 708, 709, 710, 711, 712, 713, 714, 715, 716, 717, 718, 719, 720, 721, 722, 723, 724, 725, 726, 727, 728, 729, 730, 731, 732, 733, 734, 735, 736, 737, 738, 739, 740, 741, 742, 743, 744, 745, 746, 747, 748, 749, 750, 751, 752, 753, 754, 755, 756, 757, 758, 759, 760, 761, 762, 763, 764, 765, 766, 767, 768, 769, 770, 771, 772, 773, 774, 775, 776, 777, 778, 779, 780, 781, 782, 783, 784, 785, 786, 787, 788, 789, 790, 791, 792, 793]",True,"[294, 295, 753, 754]","[103, 104, 105, 106, 107, 108, 109, 110, 111, 112, 113, 114, 115, 116, 117, 118, 119, 120, 121, 122, 123, 124, 125, 126, 127, 128, 129, 130, 131, 132, 133, 134, 135, 136, 137, 138, 139, 140, 141, 142, 143, 144, 145, 146, 147, 148, 149, 150, 151, 152, 153, 154, 155, 156, 157, 158, 159, 160, 161, 162, 163, 164, 165, 166, 167, 168, 169, 170, 171, 172, 173, 174, 175, 176, 177, 178, 179, 180, 181, 182, 183, 184, 185, 186, 187, 188, 189, 190, 191, 192, 193, 194, 195, 196, 197, 198, 199, 200, 201, 202, 203, 204, 205, 206, 207, 208, 209, 210, 211, 212, 213, 214, 215, 216, 217, 218, 219, 220, 221, 222, 223, 224, 225, 226, 227, 228, 229, 230, 231, 232, 233, 234, 235, 236, 237, 238, 239, 240, 241, 242, 243, 244, 245, 246, 247, 248, 249, 250, 251, 252, 253, 254, 255, 256, 257, 258, 259, 260, 261, 262, 263, 264, 265, 266, 267, 268, 269, 270, 271, 272, 273, 274, 275, 276, 277, 278, 279, 280, 281, 282, 283, 284, 285, 286, 287, 288, 289, 290, 291, 292, 293, 294, 295, 296, 297, 298, 299, 300, 301, 302, 303, 304, 305, 306, 307, 308, 309, 310, 311, 312, 313, 314, 315, 316, 317, 318, 319, 320, 321, 322, 323, 324, 325, 326, 327, 328, 329, 330, 331, 332, 333, 334, 335, 336, 337, 574, 575, 576, 577, 578, 579, 580, 581, 582, 583, 584, 585, 586, 587, 588, 589, 590, 591, 592, 593, 594, 595, 596, 597, 598, 599, 600, 601, 602, 603, 604, 605, 606, 607, 608, 609, 610, 611, 612, 613, 614, 615, 616, 617, 618, 619, 620, 621, 622, 623, 624, 625, 626, 627, 628, 629, 630, 631, 632, 633, 634, 635, 636, 637, 638, 639, 640, 641, 642, 643, 644, 645, 646, 647, 648, 649, 650, 651, 652, 653, 654, 655, 656, 657, 658, 659, 660, 661, 662, 663, 664, 665, 666, 667, 668, 669, 670, 671, 672, 673, 674, 675, 676, 677, 678, 679, 680, 681, 682, 683, 684, 685, 686, 687, 688, 689, 690, 691, 692, 693, 694, 695, 696, 697, 698, 699, 700, 701, 702, 703, 704, 705, 706, 707, 708, 709, 710, 711, 712, 713, 714, 715, 716, 717, 718, 719, 720, 721, 722, 723, 724, 725, 726, 727, 728, 729, 730, 731, 732, 733, 734, 735, 736, 737, 738, 739, 740, 741, 742, 743, 744, 745, 746, 747, 748, 749, 750, 751, 752, 753, 754, 755, 756, 757, 758, 759, 760, 761, 762, 763, 764, 765, 766, 767, 768, 769, 770, 771, 772, 773, 774, 775, 776, 777, 778, 779, 780, 781, 782, 783, 784, 785, 786, 787, 788, 789, 790, 791, 792, 793]","[126, 294, 300, 328, 597, 753, 759, 786]",[],"[126, 328, 597, 786]","[99, 126, 570, 597]",[],7/6 successful match,True,[456],True,250,False,,1.0,True,Bandini Truck Terminal,
Vernon ( 90023 ) Bandini Truck Terminal,5 323-266-6840 3152 Bandini ( 2 mi W of I-710 ),24 <U+2610> <U+2610> <U+2610>,Vernon,90023,Bandini Truck Terminal,323-266-6840,2014,Los Angeles,CA,,( 2 mi W of I-710 ),3152 Bandini,Proper,,False,,False,3152 Bandini,,,,,"[597, 126]","[294, 295, 753, 754]","[126, 294, 300, 328, 597, 753, 759, 786]",[],"[103, 104, 105, 106, 107, 108, 109, 110, 111, 112, 113, 114, 115, 116, 117, 118, 119, 120, 121, 122, 123, 124, 125, 126, 127, 128, 129, 130, 131, 132, 133, 134, 135, 136, 137, 138, 139, 140, 141, 142, 143, 144, 145, 146, 147, 148, 149, 150, 151, 152, 153, 154, 155, 156, 157, 158, 159, 160, 161, 162, 163, 164, 165, 166, 167, 168, 169, 170, 171, 172, 173, 174, 175, 176, 177, 178, 179, 180, 181, 182, 183, 184, 185, 186, 187, 188, 189, 190, 191, 192, 193, 194, 195, 196, 197, 198, 199, 200, 201, 202, 203, 204, 205, 206, 207, 208, 209, 210, 211, 212, 213, 214, 215, 216, 217, 218, 219, 220, 221, 222, 223, 224, 225, 226, 227, 228, 229, 230, 231, 232, 233, 234, 235, 236, 237, 238, 239, 240, 241, 242, 243, 244, 245, 246, 247, 248, 249, 250, 251, 252, 253, 254, 255, 256, 257, 258, 259, 260, 261, 262, 263, 264, 265, 266, 267, 268, 269, 270, 271, 272, 273, 274, 275, 276, 277, 278, 279, 280, 281, 282, 283, 284, 285, 286, 287, 288, 289, 290, 291, 292, 293, 294, 295, 296, 297, 298, 299, 300, 301, 302, 303, 304, 305, 306, 307, 308, 309, 310, 311, 312, 313, 314, 315, 316, 317, 318, 319, 320, 321, 322, 323, 324, 325, 326, 327, 328, 329, 330, 331, 332, 333, 334, 335, 336, 337, 574, 575, 576, 577, 578, 579, 580, 581, 582, 583, 584, 585, 586, 587, 588, 589, 590, 591, 592, 593, 594, 595, 596, 597, 598, 599, 600, 601, 602, 603, 604, 605, 606, 607, 608, 609, 610, 611, 612, 613, 614, 615, 616, 617, 618, 619, 620, 621, 622, 623, 624, 625, 626, 627, 628, 629, 630, 631, 632, 633, 634, 635, 636, 637, 638, 639, 640, 641, 642, 643, 644, 645, 646, 647, 648, 649, 650, 651, 652, 653, 654, 655, 656, 657, 658, 659, 660, 661, 662, 663, 664, 665, 666, 667, 668, 669, 670, 671, 672, 673, 674, 675, 676, 677, 678, 679, 680, 681, 682, 683, 684, 685, 686, 687, 688, 689, 690, 691, 692, 693, 694, 695, 696, 697, 698, 699, 700, 701, 702, 703, 704, 705, 706, 707, 708, 709, 710, 711, 712, 713, 714, 715, 716, 717, 718, 719, 720, 721, 722, 723, 724, 725, 726, 727, 728, 729, 730, 731, 732, 733, 734, 735, 736, 737, 738, 739, 740, 741, 742, 743, 744, 745, 746, 747, 748, 749, 750, 751, 752, 753, 754, 755, 756, 757, 758, 759, 760, 761, 762, 763, 764, 765, 766, 767, 768, 769, 770, 771, 772, 773, 774, 775, 776, 777, 778, 779, 780, 781, 782, 783, 784, 785, 786, 787, 788, 789, 790, 791, 792, 793]","[126, 328, 597, 786]",[],"[99, 126, 570, 597]","[99, 103, 104, 105, 106, 107, 108, 109, 110, 111, 112, 113, 114, 115, 116, 117, 118, 119, 120, 121, 122, 123, 124, 125, 126, 127, 128, 129, 130, 131, 132, 133, 134, 135, 136, 137, 138, 139, 140, 141, 142, 143, 144, 145, 146, 147, 148, 149, 150, 151, 152, 153, 154, 155, 156, 157, 158, 159, 160, 161, 162, 163, 164, 165, 166, 167, 168, 169, 170, 171, 172, 173, 174, 175, 176, 177, 178, 179, 180, 181, 182, 183, 184, 185, 186, 187, 188, 189, 190, 191, 192, 193, 194, 195, 196, 197, 198, 199, 200, 201, 202, 203, 204, 205, 206, 207, 208, 209, 210, 211, 212, 213, 214, 215, 216, 217, 218, 219, 220, 221, 222, 223, 224, 225, 226, 227, 228, 229, 230, 231, 232, 233, 234, 235, 236, 237, 238, 239, 240, 241, 242, 243, 244, 245, 246, 247, 248, 249, 250, 251, 252, 253, 254, 255, 256, 257, 258, 259, 260, 261, 262, 263, 264, 265, 266, 267, 268, 269, 270, 271, 272, 273, 274, 275, 276, 277, 278, 279, 280, 281, 282, 283, 284, 285, 286, 287, 288, 289, 290, 291, 292, 293, 294, 295, 296, 297, 298, 299, 300, 301, 302, 303, 304, 305, 306, 307, 308, 309, 310, 311, 312, 313, 314, 315, 316, 317, 318, 319, 320, 321, 322, 323, 324, 325, 326, 327, 328, 329, 330, 331, 332, 333, 334, 335, 336, 337, 570, 574, 575, 576, 577, 578, 579, 580, 581, 582, 583, 584, 585, 586, 587, 588, 589, 590, 591, 592, 593, 594, 595, 596, 597, 598, 599, 600, 601, 602, 603, 604, 605, 606, 607, 608, 609, 610, 611, 612, 613, 614, 615, 616, 617, 618, 619, 620, 621, 622, 623, 624, 625, 626, 627, 628, 629, 630, 631, 632, 633, 634, 635, 636, 637, 638, 639, 640, 641, 642, 643, 644, 645, 646, 647, 648, 649, 650, 651, 652, 653, 654, 655, 656, 657, 658, 659, 660, 661, 662, 663, 664, 665, 666, 667, 668, 669, 670, 671, 672, 673, 674, 675, 676, 677, 678, 679, 680, 681, 682, 683, 684, 685, 686, 687, 688, 689, 690, 691, 692, 693, 694, 695, 696, 697, 698, 699, 700, 701, 702, 703, 704, 705, 706, 707, 708, 709, 710, 711, 712, 713, 714, 715, 716, 717, 718, 719, 720, 721, 722, 723, 724, 725, 726, 727, 728, 729, 730, 731, 732, 733, 734, 735, 736, 737, 738, 739, 740, 741, 742, 743, 744, 745, 746, 747, 748, 749, 750, 751, 752, 753, 754, 755, 756, 757, 758, 759, 760, 761, 762, 763, 764, 765, 766, 767, 768, 769, 770, 771, 772, 773, 774, 775, 776, 777, 778, 779, 780, 781, 782, 783, 784, 785, 786, 787, 788, 789, 790, 791, 792, 793]",True,"[294, 295, 753, 754]","[103, 104, 105, 106, 107, 108, 109, 110, 111, 112, 113, 114, 115, 116, 117, 118, 119, 120, 121, 122, 123, 124, 125, 126, 127, 128, 129, 130, 131, 132, 133, 134, 135, 136, 137, 138, 139, 140, 141, 142, 143, 144, 145, 146, 147, 148, 149, 150, 151, 152, 153, 154, 155, 156, 157, 158, 159, 160, 161, 162, 163, 164, 165, 166, 167, 168, 169, 170, 171, 172, 173, 174, 175, 176, 177, 178, 179, 180, 181, 182, 183, 184, 185, 186, 187, 188, 189, 190, 191, 192, 193, 194, 195, 196, 197, 198, 199, 200, 201, 202, 203, 204, 205, 206, 207, 208, 209, 210, 211, 212, 213, 214, 215, 216, 217, 218, 219, 220, 221, 222, 223, 224, 225, 226, 227, 228, 229, 230, 231, 232, 233, 234, 235, 236, 237, 238, 239, 240, 241, 242, 243, 244, 245, 246, 247, 248, 249, 250, 251, 252, 253, 254, 255, 256, 257, 258, 259, 260, 261, 262, 263, 264, 265, 266, 267, 268, 269, 270, 271, 272, 273, 274, 275, 276, 277, 278, 279, 280, 281, 282, 283, 284, 285, 286, 287, 288, 289, 290, 291, 292, 293, 294, 295, 296, 297, 298, 299, 300, 301, 302, 303, 304, 305, 306, 307, 308, 309, 310, 311, 312, 313, 314, 315, 316, 317, 318, 319, 320, 321, 322, 323, 324, 325, 326, 327, 328, 329, 330, 331, 332, 333, 334, 335, 336, 337, 574, 575, 576, 577, 578, 579, 580, 581, 582, 583, 584, 585, 586, 587, 588, 589, 590, 591, 592, 593, 594, 595, 596, 597, 598, 599, 600, 601, 602, 603, 604, 605, 606, 607, 608, 609, 610, 611, 612, 613, 614, 615, 616, 617, 618, 619, 620, 621, 622, 623, 624, 625, 626, 627, 628, 629, 630, 631, 632, 633, 634, 635, 636, 637, 638, 639, 640, 641, 642, 643, 644, 645, 646, 647, 648, 649, 650, 651, 652, 653, 654, 655, 656, 657, 658, 659, 660, 661, 662, 663, 664, 665, 666, 667, 668, 669, 670, 671, 672, 673, 674, 675, 676, 677, 678, 679, 680, 681, 682, 683, 684, 685, 686, 687, 688, 689, 690, 691, 692, 693, 694, 695, 696, 697, 698, 699, 700, 701, 702, 703, 704, 705, 706, 707, 708, 709, 710, 711, 712, 713, 714, 715, 716, 717, 718, 719, 720, 721, 722, 723, 724, 725, 726, 727, 728, 729, 730, 731, 732, 733, 734, 735, 736, 737, 738, 739, 740, 741, 742, 743, 744, 745, 746, 747, 748, 749, 750, 751, 752, 753, 754, 755, 756, 757, 758, 759, 760, 761, 762, 763, 764, 765, 766, 767, 768, 769, 770, 771, 772, 773, 774, 775, 776, 777, 778, 779, 780, 781, 782, 783, 784, 785, 786, 787, 788, 789, 790, 791, 792, 793]","[126, 294, 300, 328, 597, 753, 759, 786]",[],"[126, 328, 597, 786]","[99, 126, 570, 597]",[],7/6 successful match,True,[456],True,250,False,,1.0,True,Bandini Truck Terminal,
Vernon ( 90023 ) Bandini Truck Terminal ) / 1C ( SB ),5 323-266-6840 3152 Bandini ( 2 mi,24 <U+2610> <U+25A1> <U+2610>,Vernon,90023,Bandini Truck Terminal ) / 1C ( SB ),323-266-6840,2015,Los Angeles,CA,,( 2 mi,3152 Bandini,Proper,,False,,False,3152 Bandini,,,,,"[597, 126]","[294, 295, 753, 754]","[126, 294, 300, 328, 597, 753, 759, 786]",[],"[103, 104, 105, 106, 107, 108, 109, 110, 111, 112, 113, 114, 115, 116, 117, 118, 119, 120, 121, 122, 123, 124, 125, 126, 127, 128, 129, 130, 131, 132, 133, 134, 135, 136, 137, 138, 139, 140, 141, 142, 143, 144, 145, 146, 147, 148, 149, 150, 151, 152, 153, 154, 155, 156, 157, 158, 159, 160, 161, 162, 163, 164, 165, 166, 167, 168, 169, 170, 171, 172, 173, 174, 175, 176, 177, 178, 179, 180, 181, 182, 183, 184, 185, 186, 187, 188, 189, 190, 191, 192, 193, 194, 195, 196, 197, 198, 199, 200, 201, 202, 203, 204, 205, 206, 207, 208, 209, 210, 211, 212, 213, 214, 215, 216, 217, 218, 219, 220, 221, 222, 223, 224, 225, 226, 227, 228, 229, 230, 231, 232, 233, 234, 235, 236, 237, 238, 239, 240, 241, 242, 243, 244, 245, 246, 247, 248, 249, 250, 251, 252, 253, 254, 255, 256, 257, 258, 259, 260, 261, 262, 263, 264, 265, 266, 267, 268, 269, 270, 271, 272, 273, 274, 275, 276, 277, 278, 279, 280, 281, 282, 283, 284, 285, 286, 287, 288, 289, 290, 291, 292, 293, 294, 295, 296, 297, 298, 299, 300, 301, 302, 303, 304, 305, 306, 307, 308, 309, 310, 311, 312, 313, 314, 315, 316, 317, 318, 319, 320, 321, 322, 323, 324, 325, 326, 327, 328, 329, 330, 331, 332, 333, 334, 335, 336, 337, 574, 575, 576, 577, 578, 579, 580, 581, 582, 583, 584, 585, 586, 587, 588, 589, 590, 591, 592, 593, 594, 595, 596, 597, 598, 599, 600, 601, 602, 603, 604, 605, 606, 607, 608, 609, 610, 611, 612, 613, 614, 615, 616, 617, 618, 619, 620, 621, 622, 623, 624, 625, 626, 627, 628, 629, 630, 631, 632, 633, 634, 635, 636, 637, 638, 639, 640, 641, 642, 643, 644, 645, 646, 647, 648, 649, 650, 651, 652, 653, 654, 655, 656, 657, 658, 659, 660, 661, 662, 663, 664, 665, 666, 667, 668, 669, 670, 671, 672, 673, 674, 675, 676, 677, 678, 679, 680, 681, 682, 683, 684, 685, 686, 687, 688, 689, 690, 691, 692, 693, 694, 695, 696, 697, 698, 699, 700, 701, 702, 703, 704, 705, 706, 707, 708, 709, 710, 711, 712, 713, 714, 715, 716, 717, 718, 719, 720, 721, 722, 723, 724, 725, 726, 727, 728, 729, 730, 731, 732, 733, 734, 735, 736, 737, 738, 739, 740, 741, 742, 743, 744, 745, 746, 747, 748, 749, 750, 751, 752, 753, 754, 755, 756, 757, 758, 759, 760, 761, 762, 763, 764, 765, 766, 767, 768, 769, 770, 771, 772, 773, 774, 775, 776, 777, 778, 779, 780, 781, 782, 783, 784, 785, 786, 787, 788, 789, 790, 791, 792, 793]","[126, 328, 597, 786]",[],"[99, 126, 570, 597]","[99, 103, 104, 105, 106, 107, 108, 109, 110, 111, 112, 113, 114, 115, 116, 117, 118, 119, 120, 121, 122, 123, 124, 125, 126, 127, 128, 129, 130, 131, 132, 133, 134, 135, 136, 137, 138, 139, 140, 141, 142, 143, 144, 145, 146, 147, 148, 149, 150, 151, 152, 153, 154, 155, 156, 157, 158, 159, 160, 161, 162, 163, 164, 165, 166, 167, 168, 169, 170, 171, 172, 173, 174, 175, 176, 177, 178, 179, 180, 181, 182, 183, 184, 185, 186, 187, 188, 189, 190, 191, 192, 193, 194, 195, 196, 197, 198, 199, 200, 201, 202, 203, 204, 205, 206, 207, 208, 209, 210, 211, 212, 213, 214, 215, 216, 217, 218, 219, 220, 221, 222, 223, 224, 225, 226, 227, 228, 229, 230, 231, 232, 233, 234, 235, 236, 237, 238, 239, 240, 241, 242, 243, 244, 245, 246, 247, 248, 249, 250, 251, 252, 253, 254, 255, 256, 257, 258, 259, 260, 261, 262, 263, 264, 265, 266, 267, 268, 269, 270, 271, 272, 273, 274, 275, 276, 277, 278, 279, 280, 281, 282, 283, 284, 285, 286, 287, 288, 289, 290, 291, 292, 293, 294, 295, 296, 297, 298, 299, 300, 301, 302, 303, 304, 305, 306, 307, 308, 309, 310, 311, 312, 313, 314, 315, 316, 317, 318, 319, 320, 321, 322, 323, 324, 325, 326, 327, 328, 329, 330, 331, 332, 333, 334, 335, 336, 337, 570, 574, 575, 576, 577, 578, 579, 580, 581, 582, 583, 584, 585, 586, 587, 588, 589, 590, 591, 592, 593, 594, 595, 596, 597, 598, 599, 600, 601, 602, 603, 604, 605, 606, 607, 608, 609, 610, 611, 612, 613, 614, 615, 616, 617, 618, 619, 620, 621, 622, 623, 624, 625, 626, 627, 628, 629, 630, 631, 632, 633, 634, 635, 636, 637, 638, 639, 640, 641, 642, 643, 644, 645, 646, 647, 648, 649, 650, 651, 652, 653, 654, 655, 656, 657, 658, 659, 660, 661, 662, 663, 664, 665, 666, 667, 668, 669, 670, 671, 672, 673, 674, 675, 676, 677, 678, 679, 680, 681, 682, 683, 684, 685, 686, 687, 688, 689, 690, 691, 692, 693, 694, 695, 696, 697, 698, 699, 700, 701, 702, 703, 704, 705, 706, 707, 708, 709, 710, 711, 712, 713, 714, 715, 716, 717, 718, 719, 720, 721, 722, 723, 724, 725, 726, 727, 728, 729, 730, 731, 732, 733, 734, 735, 736, 737, 738, 739, 740, 741, 742, 743, 744, 745, 746, 747, 748, 749, 750, 751, 752, 753, 754, 755, 756, 757, 758, 759, 760, 761, 762, 763, 764, 765, 766, 767, 768, 769, 770, 771, 772, 773, 774, 775, 776, 777, 778, 779, 780, 781, 782, 783, 784, 785, 786, 787, 788, 789, 790, 791, 792, 793]",True,"[294, 295, 753, 754]","[103, 104, 105, 106, 107, 108, 109, 110, 111, 112, 113, 114, 115, 116, 117, 118, 119, 120, 121, 122, 123, 124, 125, 126, 127, 128, 129, 130, 131, 132, 133, 134, 135, 136, 137, 138, 139, 140, 141, 142, 143, 144, 145, 146, 147, 148, 149, 150, 151, 152, 153, 154, 155, 156, 157, 158, 159, 160, 161, 162, 163, 164, 165, 166, 167, 168, 169, 170, 171, 172, 173, 174, 175, 176, 177, 178, 179, 180, 181, 182, 183, 184, 185, 186, 187, 188, 189, 190, 191, 192, 193, 194, 195, 196, 197, 198, 199, 200, 201, 202, 203, 204, 205, 206, 207, 208, 209, 210, 211, 212, 213, 214, 215, 216, 217, 218, 219, 220, 221, 222, 223, 224, 225, 226, 227, 228, 229, 230, 231, 232, 233, 234, 235, 236, 237, 238, 239, 240, 241, 242, 243, 244, 245, 246, 247, 248, 249, 250, 251, 252, 253, 254, 255, 256, 257, 258, 259, 260, 261, 262, 263, 264, 265, 266, 267, 268, 269, 270, 271, 272, 273, 274, 275, 276, 277, 278, 279, 280, 281, 282, 283, 284, 285, 286, 287, 288, 289, 290, 291, 292, 293, 294, 295, 296, 297, 298, 299, 300, 301, 302, 303, 304, 305, 306, 307, 308, 309, 310, 311, 312, 313, 314, 315, 316, 317, 318, 319, 320, 321, 322, 323, 324, 325, 326, 327, 328, 329, 330, 331, 332, 333, 334, 335, 336, 337, 574, 575, 576, 577, 578, 579, 580, 581, 582, 583, 584, 585, 586, 587, 588, 589, 590, 591, 592, 593, 594, 595, 596, 597, 598, 599, 600, 601, 602, 603, 604, 605, 606, 607, 608, 609, 610, 611, 612, 613, 614, 615, 616, 617, 618, 619, 620, 621, 622, 623, 624, 625, 626, 627, 628, 629, 630, 631, 632, 633, 634, 635, 636, 637, 638, 639, 640, 641, 642, 643, 644, 645, 646, 647, 648, 649, 650, 651, 652, 653, 654, 655, 656, 657, 658, 659, 660, 661, 662, 663, 664, 665, 666, 667, 668, 669, 670, 671, 672, 673, 674, 675, 676, 677, 678, 679, 680, 681, 682, 683, 684, 685, 686, 687, 688, 689, 690, 691, 692, 693, 694, 695, 696, 697, 698, 699, 700, 701, 702, 703, 704, 705, 706, 707, 708, 709, 710, 711, 712, 713, 714, 715, 716, 717, 718, 719, 720, 721, 722, 723, 724, 725, 726, 727, 728, 729, 730, 731, 732, 733, 734, 735, 736, 737, 738, 739, 740, 741, 742, 743, 744, 745, 746, 747, 748, 749, 750, 751, 752, 753, 754, 755, 756, 757, 758, 759, 760, 761, 762, 763, 764, 765, 766, 767, 768, 769, 770, 771, 772, 773, 774, 775, 776, 777, 778, 779, 780, 781, 782, 783, 784, 785, 786, 787, 788, 789, 790, 791, 792, 793]","[126, 294, 300, 328, 597, 753, 759, 786]",[],"[126, 328, 597, 786]","[99, 126, 570, 597]",[],7/6 successful match,True,[456],True,250,False,,1.0,True,Bandini Truck Terminal,
Vernon ( 90023 ) Bandini Truck Terminal ( CFN ),$ 323-266-6840 3152 Bandini ( 2 mi W of I-710 ),24 D D,Vernon,90023,Bandini Truck Terminal ( CFN ),323-266-6840,2016,Los Angeles,CA,,( 2 mi W of I-710 ),3152 Bandini,Proper,,False,,False,3152 Bandini,,,,,"[597, 126]","[294, 295, 753, 754]","[126, 294, 300, 328, 597, 753, 759, 786]",[],"[103, 104, 105, 106, 107, 108, 109, 110, 111, 112, 113, 114, 115, 116, 117, 118, 119, 120, 121, 122, 123, 124, 125, 126, 127, 128, 129, 130, 131, 132, 133, 134, 135, 136, 137, 138, 139, 140, 141, 142, 143, 144, 145, 146, 147, 148, 149, 150, 151, 152, 153, 154, 155, 156, 157, 158, 159, 160, 161, 162, 163, 164, 165, 166, 167, 168, 169, 170, 171, 172, 173, 174, 175, 176, 177, 178, 179, 180, 181, 182, 183, 184, 185, 186, 187, 188, 189, 190, 191, 192, 193, 194, 195, 196, 197, 198, 199, 200, 201, 202, 203, 204, 205, 206, 207, 208, 209, 210, 211, 212, 213, 214, 215, 216, 217, 218, 219, 220, 221, 222, 223, 224, 225, 226, 227, 228, 229, 230, 231, 232, 233, 234, 235, 236, 237, 238, 239, 240, 241, 242, 243, 244, 245, 246, 247, 248, 249, 250, 251, 252, 253, 254, 255, 256, 257, 258, 259, 260, 261, 262, 263, 264, 265, 266, 267, 268, 269, 270, 271, 272, 273, 274, 275, 276, 277, 278, 279, 280, 281, 282, 283, 284, 285, 286, 287, 288, 289, 290, 291, 292, 293, 294, 295, 296, 297, 298, 299, 300, 301, 302, 303, 304, 305, 306, 307, 308, 309, 310, 311, 312, 313, 314, 315, 316, 317, 318, 319, 320, 321, 322, 323, 324, 325, 326, 327, 328, 329, 330, 331, 332, 333, 334, 335, 336, 337, 574, 575, 576, 577, 578, 579, 580, 581, 582, 583, 584, 585, 586, 587, 588, 589, 590, 591, 592, 593, 594, 595, 596, 597, 598, 599, 600, 601, 602, 603, 604, 605, 606, 607, 608, 609, 610, 611, 612, 613, 614, 615, 616, 617, 618, 619, 620, 621, 622, 623, 624, 625, 626, 627, 628, 629, 630, 631, 632, 633, 634, 635, 636, 637, 638, 639, 640, 641, 642, 643, 644, 645, 646, 647, 648, 649, 650, 651, 652, 653, 654, 655, 656, 657, 658, 659, 660, 661, 662, 663, 664, 665, 666, 667, 668, 669, 670, 671, 672, 673, 674, 675, 676, 677, 678, 679, 680, 681, 682, 683, 684, 685, 686, 687, 688, 689, 690, 691, 692, 693, 694, 695, 696, 697, 698, 699, 700, 701, 702, 703, 704, 705, 706, 707, 708, 709, 710, 711, 712, 713, 714, 715, 716, 717, 718, 719, 720, 721, 722, 723, 724, 725, 726, 727, 728, 729, 730, 731, 732, 733, 734, 735, 736, 737, 738, 739, 740, 741, 742, 743, 744, 745, 746, 747, 748, 749, 750, 751, 752, 753, 754, 755, 756, 757, 758, 759, 760, 761, 762, 763, 764, 765, 766, 767, 768, 769, 770, 771, 772, 773, 774, 775, 776, 777, 778, 779, 780, 781, 782, 783, 784, 785, 786, 787, 788, 789, 790, 791, 792, 793]","[126, 328, 597, 786]",[],"[99, 126, 196, 264, 570, 597, 667, 724]","[99, 103, 104, 105, 106, 107, 108, 109, 110, 111, 112, 113, 114, 115, 116, 117, 118, 119, 120, 121, 122, 123, 124, 125, 126, 127, 128, 129, 130, 131, 132, 133, 134, 135, 136, 137, 138, 139, 140, 141, 142, 143, 144, 145, 146, 147, 148, 149, 150, 151, 152, 153, 154, 155, 156, 157, 158, 159, 160, 161, 162, 163, 164, 165, 166, 167, 168, 169, 170, 171, 172, 173, 174, 175, 176, 177, 178, 179, 180, 181, 182, 183, 184, 185, 186, 187, 188, 189, 190, 191, 192, 193, 194, 195, 196, 197, 198, 199, 200, 201, 202, 203, 204, 205, 206, 207, 208, 209, 210, 211, 212, 213, 214, 215, 216, 217, 218, 219, 220, 221, 222, 223, 224, 225, 226, 227, 228, 229, 230, 231, 232, 233, 234, 235, 236, 237, 238, 239, 240, 241, 242, 243, 244, 245, 246, 247, 248, 249, 250, 251, 252, 253, 254, 255, 256, 257, 258, 259, 260, 261, 262, 263, 264, 265, 266, 267, 268, 269, 270, 271, 272, 273, 274, 275, 276, 277, 278, 279, 280, 281, 282, 283, 284, 285, 286, 287, 288, 289, 290, 291, 292, 293, 294, 295, 296, 297, 298, 299, 300, 301, 302, 303, 304, 305, 306, 307, 308, 309, 310, 311, 312, 313, 314, 315, 316, 317, 318, 319, 320, 321, 322, 323, 324, 325, 326, 327, 328, 329, 330, 331, 332, 333, 334, 335, 336, 337, 570, 574, 575, 576, 577, 578, 579, 580, 581, 582, 583, 584, 585, 586, 587, 588, 589, 590, 591, 592, 593, 594, 595, 596, 597, 598, 599, 600, 601, 602, 603, 604, 605, 606, 607, 608, 609, 610, 611, 612, 613, 614, 615, 616, 617, 618, 619, 620, 621, 622, 623, 624, 625, 626, 627, 628, 629, 630, 631, 632, 633, 634, 635, 636, 637, 638, 639, 640, 641, 642, 643, 644, 645, 646, 647, 648, 649, 650, 651, 652, 653, 654, 655, 656, 657, 658, 659, 660, 661, 662, 663, 664, 665, 666, 667, 668, 669, 670, 671, 672, 673, 674, 675, 676, 677, 678, 679, 680, 681, 682, 683, 684, 685, 686, 687, 688, 689, 690, 691, 692, 693, 694, 695, 696, 697, 698, 699, 700, 701, 702, 703, 704, 705, 706, 707, 708, 709, 710, 711, 712, 713, 714, 715, 716, 717, 718, 719, 720, 721, 722, 723, 724, 725, 726, 727, 728, 729, 730, 731, 732, 733, 734, 735, 736, 737, 738, 739, 740, 741, 742, 743, 744, 745, 746, 747, 748, 749, 750, 751, 752, 753, 754, 755, 756, 757, 758, 759, 760, 761, 762, 763, 764, 765, 766, 767, 768, 769, 770, 771, 772, 773, 774, 775, 776, 777, 778, 779, 780, 781, 782, 783, 784, 785, 786, 787, 788, 789, 790, 791, 792, 793]",True,"[294, 295, 753, 754]","[103, 104, 105, 106, 107, 108, 109, 110, 111, 112, 113, 114, 115, 116, 117, 118, 119, 120, 121, 122, 123, 124, 125, 126, 127, 128, 129, 130, 131, 132, 133, 134, 135, 136, 137, 138, 139, 140, 141, 142, 143, 144, 145, 146, 147, 148, 149, 150, 151, 152, 153, 154, 155, 156, 157, 158, 159, 160, 161, 162, 163, 164, 165, 166, 167, 168, 169, 170, 171, 172, 173, 174, 175, 176, 177, 178, 179, 180, 181, 182, 183, 184, 185, 186, 187, 188, 189, 190, 191, 192, 193, 194, 195, 196, 197, 198, 199, 200, 201, 202, 203, 204, 205, 206, 207, 208, 209, 210, 211, 212, 213, 214, 215, 216, 217, 218, 219, 220, 221, 222, 223, 224, 225, 226, 227, 228, 229, 230, 231, 232, 233, 234, 235, 236, 237, 238, 239, 240, 241, 242, 243, 244, 245, 246, 247, 248, 249, 250, 251, 252, 253, 254, 255, 256, 257, 258, 259, 260, 261, 262, 263, 264, 265, 266, 267, 268, 269, 270, 271, 272, 273, 274, 275, 276, 277, 278, 279, 280, 281, 282, 283, 284, 285, 286, 287, 288, 289, 290, 291, 292, 293, 294, 295, 296, 297, 298, 299, 300, 301, 302, 303, 304, 305, 306, 307, 308, 309, 310, 311, 312, 313, 314, 315, 316, 317, 318, 319, 320, 321, 322, 323, 324, 325, 326, 327, 328, 329, 330, 331, 332, 333, 334, 335, 336, 337, 574, 575, 576, 577, 578, 579, 580, 581, 582, 583, 584, 585, 586, 587, 588, 589, 590, 591, 592, 593, 594, 595, 596, 597, 598, 599, 600, 601, 602, 603, 604, 605, 606, 607, 608, 609, 610, 611, 612, 613, 614, 615, 616, 617, 618, 619, 620, 621, 622, 623, 624, 625, 626, 627, 628, 629, 630, 631, 632, 633, 634, 635, 636, 637, 638, 639, 640, 641, 642, 643, 644, 645, 646, 647, 648, 649, 650, 651, 652, 653, 654, 655, 656, 657, 658, 659, 660, 661, 662, 663, 664, 665, 666, 667, 668, 669, 670, 671, 672, 673, 674, 675, 676, 677, 678, 679, 680, 681, 682, 683, 684, 685, 686, 687, 688, 689, 690, 691, 692, 693, 694, 695, 696, 697, 698, 699, 700, 701, 702, 703, 704, 705, 706, 707, 708, 709, 710, 711, 712, 713, 714, 715, 716, 717, 718, 719, 720, 721, 722, 723, 724, 725, 726, 727, 728, 729, 730, 731, 732, 733, 734, 735, 736, 737, 738, 739, 740, 741, 742, 743, 744, 745, 746, 747, 748, 749, 750, 751, 752, 753, 754, 755, 756, 757, 758, 759, 760, 761, 762, 763, 764, 765, 766, 767, 768, 769, 770, 771, 772, 773, 774, 775, 776, 777, 778, 779, 780, 781, 782, 783, 784, 785, 786, 787, 788, 789, 790, 791, 792, 793]","[126, 294, 300, 328, 597, 753, 759, 786]",[],"[126, 328, 597, 786]","[99, 126, 196, 264, 570, 597, 667, 724]",[],7/6 successful match,True,[456],True,250,False,,1.0,True,Bandini Truck Terminal ) / 1C ( SB ),
"Commerce , 90040 Commerce Truck Stop",323-881-0694 I-5 Exit 128B ( 4560 E Washington ),24 HRS 00 -,Commerce,90040,Commerce Truck Stop,323-881-0694,2006,Los Angeles,CA,,( 4560 E Washington ),I-5 Exit 128B ,Exit,128B,False,,False,I-5,,,,,"[614, 143]","[143, 614]","[143, 294, 295, 300, 614, 753, 754, 759]","[228, 692]","[103, 104, 105, 106, 107, 108, 109, 110, 111, 112, 113, 114, 115, 116, 117, 118, 119, 120, 121, 122, 123, 124, 125, 126, 127, 128, 129, 130, 131, 132, 133, 134, 135, 136, 137, 138, 139, 140, 141, 142, 143, 144, 145, 146, 147, 148, 149, 150, 151, 152, 153, 154, 155, 156, 157, 158, 159, 160, 161, 162, 163, 164, 165, 166, 167, 168, 169, 170, 171, 172, 173, 174, 175, 176, 177, 178, 179, 180, 181, 182, 183, 184, 185, 186, 187, 188, 189, 190, 191, 192, 193, 194, 195, 196, 197, 198, 199, 200, 201, 202, 203, 204, 205, 206, 207, 208, 209, 210, 211, 212, 213, 214, 215, 216, 217, 218, 219, 220, 221, 222, 223, 224, 225, 226, 227, 228, 229, 230, 231, 232, 233, 234, 235, 236, 237, 238, 239, 240, 241, 242, 243, 244, 245, 246, 247, 248, 249, 250, 251, 252, 253, 254, 255, 256, 257, 258, 259, 260, 261, 262, 263, 264, 265, 266, 267, 268, 269, 270, 271, 272, 273, 274, 275, 276, 277, 278, 279, 280, 281, 282, 283, 284, 285, 286, 287, 288, 289, 290, 291, 292, 293, 294, 295, 296, 297, 298, 299, 300, 301, 302, 303, 304, 305, 306, 307, 308, 309, 310, 311, 312, 313, 314, 315, 316, 317, 318, 319, 320, 321, 322, 323, 324, 325, 326, 327, 328, 329, 330, 331, 332, 333, 334, 335, 336, 337, 574, 575, 576, 577, 578, 579, 580, 581, 582, 583, 584, 585, 586, 587, 588, 589, 590, 591, 592, 593, 594, 595, 596, 597, 598, 599, 600, 601, 602, 603, 604, 605, 606, 607, 608, 609, 610, 611, 612, 613, 614, 615, 616, 617, 618, 619, 620, 621, 622, 623, 624, 625, 626, 627, 628, 629, 630, 631, 632, 633, 634, 635, 636, 637, 638, 639, 640, 641, 642, 643, 644, 645, 646, 647, 648, 649, 650, 651, 652, 653, 654, 655, 656, 657, 658, 659, 660, 661, 662, 663, 664, 665, 666, 667, 668, 669, 670, 671, 672, 673, 674, 675, 676, 677, 678, 679, 680, 681, 682, 683, 684, 685, 686, 687, 688, 689, 690, 691, 692, 693, 694, 695, 696, 697, 698, 699, 700, 701, 702, 703, 704, 705, 706, 707, 708, 709, 710, 711, 712, 713, 714, 715, 716, 717, 718, 719, 720, 721, 722, 723, 724, 725, 726, 727, 728, 729, 730, 731, 732, 733, 734, 735, 736, 737, 738, 739, 740, 741, 742, 743, 744, 745, 746, 747, 748, 749, 750, 751, 752, 753, 754, 755, 756, 757, 758, 759, 760, 761, 762, 763, 764, 765, 766, 767, 768, 769, 770, 771, 772, 773, 774, 775, 776, 777, 778, 779, 780, 781, 782, 783, 784, 785, 786, 787, 788, 789, 790, 791, 792, 793]","[105, 114, 138, 141, 152, 153, 154, 155, 157, 159, 164, 165, 176, 182, 191, 192, 194, 195, 196, 200, 204, 208, 209, 210, 211, 215, 226, 228, 241, 242, 243, 245, 248, 249, 250, 257, 261, 270, 271, 282, 287, 289, 291, 294, 296, 298, 306, 308, 309, 311, 314, 327, 333, 335, 337, 576, 585, 609, 612, 623, 624, 626, 627, 629, 631, 636, 637, 647, 653, 662, 663, 665, 666, 667, 671, 674, 678, 679, 680, 681, 690, 692, 705, 706, 707, 709, 711, 712, 713, 719, 721, 729, 730, 741, 746, 748, 750, 753, 755, 757, 764, 766, 767, 769, 772, 785, 791]",[],"[143, 614]","[103, 104, 105, 106, 107, 108, 109, 110, 111, 112, 113, 114, 115, 116, 117, 118, 119, 120, 121, 122, 123, 124, 125, 126, 127, 128, 129, 130, 131, 132, 133, 134, 135, 136, 137, 138, 139, 140, 141, 142, 143, 144, 145, 146, 147, 148, 149, 150, 151, 152, 153, 154, 155, 156, 157, 158, 159, 160, 161, 162, 163, 164, 165, 166, 167, 168, 169, 170, 171, 172, 173, 174, 175, 176, 177, 178, 179, 180, 181, 182, 183, 184, 185, 186, 187, 188, 189, 190, 191, 192, 193, 194, 195, 196, 197, 198, 199, 200, 201, 202, 203, 204, 205, 206, 207, 208, 209, 210, 211, 212, 213, 214, 215, 216, 217, 218, 219, 220, 221, 222, 223, 224, 225, 226, 227, 228, 229, 230, 231, 232, 233, 234, 235, 236, 237, 238, 239, 240, 241, 242, 243, 244, 245, 246, 247, 248, 249, 250, 251, 252, 253, 254, 255, 256, 257, 258, 259, 260, 261, 262, 263, 264, 265, 266, 267, 268, 269, 270, 271, 272, 273, 274, 275, 276, 277, 278, 279, 280, 281, 282, 283, 284, 285, 286, 287, 288, 289, 290, 291, 292, 293, 294, 295, 296, 297, 298, 299, 300, 301, 302, 303, 304, 305, 306, 307, 308, 309, 310, 311, 312, 313, 314, 315, 316, 317, 318, 319, 320, 321, 322, 323, 324, 325, 326, 327, 328, 329, 330, 331, 332, 333, 334, 335, 336, 337, 574, 575, 576, 577, 578, 579, 580, 581, 582, 583, 584, 585, 586, 587, 588, 589, 590, 591, 592, 593, 594, 595, 596, 597, 598, 599, 600, 601, 602, 603, 604, 605, 606, 607, 608, 609, 610, 611, 612, 613, 614, 615, 616, 617, 618, 619, 620, 621, 622, 623, 624, 625, 626, 627, 628, 629, 630, 631, 632, 633, 634, 635, 636, 637, 638, 639, 640, 641, 642, 643, 644, 645, 646, 647, 648, 649, 650, 651, 652, 653, 654, 655, 656, 657, 658, 659, 660, 661, 662, 663, 664, 665, 666, 667, 668, 669, 670, 671, 672, 673, 674, 675, 676, 677, 678, 679, 680, 681, 682, 683, 684, 685, 686, 687, 688, 689, 690, 691, 692, 693, 694, 695, 696, 697, 698, 699, 700, 701, 702, 703, 704, 705, 706, 707, 708, 709, 710, 711, 712, 713, 714, 715, 716, 717, 718, 719, 720, 721, 722, 723, 724, 725, 726, 727, 728, 729, 730, 731, 732, 733, 734, 735, 736, 737, 738, 739, 740, 741, 742, 743, 744, 745, 746, 747, 748, 749, 750, 751, 752, 753, 754, 755, 756, 757, 758, 759, 760, 761, 762, 763, 764, 765, 766, 767, 768, 769, 770, 771, 772, 773, 774, 775, 776, 777, 778, 779, 780, 781, 782, 783, 784, 785, 786, 787, 788, 789, 790, 791, 792, 793]",True,"[143, 614]","[103, 104, 105, 106, 107, 108, 109, 110, 111, 112, 113, 114, 115, 116, 117, 118, 119, 120, 121, 122, 123, 124, 125, 126, 127, 128, 129, 130, 131, 132, 133, 134, 135, 136, 137, 138, 139, 140, 141, 142, 143, 144, 145, 146, 147, 148, 149, 150, 151, 152, 153, 154, 155, 156, 157, 158, 159, 160, 161, 162, 163, 164, 165, 166, 167, 168, 169, 170, 171, 172, 173, 174, 175, 176, 177, 178, 179, 180, 181, 182, 183, 184, 185, 186, 187, 188, 189, 190, 191, 192, 193, 194, 195, 196, 197, 198, 199, 200, 201, 202, 203, 204, 205, 206, 207, 208, 209, 210, 211, 212, 213, 214, 215, 216, 217, 218, 219, 220, 221, 222, 223, 224, 225, 226, 227, 228, 229, 230, 231, 232, 233, 234, 235, 236, 237, 238, 239, 240, 241, 242, 243, 244, 245, 246, 247, 248, 249, 250, 251, 252, 253, 254, 255, 256, 257, 258, 259, 260, 261, 262, 263, 264, 265, 266, 267, 268, 269, 270, 271, 272, 273, 274, 275, 276, 277, 278, 279, 280, 281, 282, 283, 284, 285, 286, 287, 288, 289, 290, 291, 292, 293, 294, 295, 296, 297, 298, 299, 300, 301, 302, 303, 304, 305, 306, 307, 308, 309, 310, 311, 312, 313, 314, 315, 316, 317, 318, 319, 320, 321, 322, 323, 324, 325, 326, 327, 328, 329, 330, 331, 332, 333, 334, 335, 336, 337, 574, 575, 576, 577, 578, 579, 580, 581, 582, 583, 584, 585, 586, 587, 588, 589, 590, 591, 592, 593, 594, 595, 596, 597, 598, 599, 600, 601, 602, 603, 604, 605, 606, 607, 608, 609, 610, 611, 612, 613, 614, 615, 616, 617, 618, 619, 620, 621, 622, 623, 624, 625, 626, 627, 628, 629, 630, 631, 632, 633, 634, 635, 636, 637, 638, 639, 640, 641, 642, 643, 644, 645, 646, 647, 648, 649, 650, 651, 652, 653, 654, 655, 656, 657, 658, 659, 660, 661, 662, 663, 664, 665, 666, 667, 668, 669, 670, 671, 672, 673, 674, 675, 676, 677, 678, 679, 680, 681, 682, 683, 684, 685, 686, 687, 688, 689, 690, 691, 692, 693, 694, 695, 696, 697, 698, 699, 700, 701, 702, 703, 704, 705, 706, 707, 708, 709, 710, 711, 712, 713, 714, 715, 716, 717, 718, 719, 720, 721, 722, 723, 724, 725, 726, 727, 728, 729, 730, 731, 732, 733, 734, 735, 736, 737, 738, 739, 740, 741, 742, 743, 744, 745, 746, 747, 748, 749, 750, 751, 752, 753, 754, 755, 756, 757, 758, 759, 760, 761, 762, 763, 764, 765, 766, 767, 768, 769, 770, 771, 772, 773, 774, 775, 776, 777, 778, 779, 780, 781, 782, 783, 784, 785, 786, 787, 788, 789, 790, 791, 792, 793]","[143, 294, 295, 300, 614, 753, 754, 759]","[228, 692]","[105, 114, 138, 141, 152, 153, 154, 155, 157, 159, 164, 165, 176, 182, 191, 192, 194, 195, 196, 200, 204, 208, 209, 210, 211, 215, 226, 228, 241, 242, 243, 245, 248, 249, 250, 257, 261, 270, 271, 282, 287, 289, 291, 294, 296, 298, 306, 308, 309, 311, 314, 327, 333, 335, 337, 576, 585, 609, 612, 623, 624, 626, 627, 629, 631, 636, 637, 647, 653, 662, 663, 665, 666, 667, 671, 674, 678, 679, 680, 681, 690, 692, 705, 706, 707, 709, 711, 712, 713, 719, 721, 729, 730, 741, 746, 748, 750, 753, 755, 757, 764, 766, 767, 769, 772, 785, 791]","[143, 614]",[],5/6 successful match,True,,False,251,False,,,,,
"Commerce , 90040 Commerce Truck Stop",323-881-0694 I-5 Exit 128 B ( 4560 E Washington ),24 <U+25A1> <U+25A1>,Commerce,90040,Commerce Truck Stop,323-881-0694,2007,Los Angeles,CA,,( 4560 E Washington ),I-5 Exit 128 B ,Exit,128,False,,False,I-5,,,,,"[614, 143]","[143, 614]","[143, 294, 295, 300, 614, 753, 754, 759]","[228, 692]","[103, 104, 105, 106, 107, 108, 109, 110, 111, 112, 113, 114, 115, 116, 117, 118, 119, 120, 121, 122, 123, 124, 125, 126, 127, 128, 129, 130, 131, 132, 133, 134, 135, 136, 137, 138, 139, 140, 141, 142, 143, 144, 145, 146, 147, 148, 149, 150, 151, 152, 153, 154, 155, 156, 157, 158, 159, 160, 161, 162, 163, 164, 165, 166, 167, 168, 169, 170, 171, 172, 173, 174, 175, 176, 177, 178, 179, 180, 181, 182, 183, 184, 185, 186, 187, 188, 189, 190, 191, 192, 193, 194, 195, 196, 197, 198, 199, 200, 201, 202, 203, 204, 205, 206, 207, 208, 209, 210, 211, 212, 213, 214, 215, 216, 217, 218, 219, 220, 221, 222, 223, 224, 225, 226, 227, 228, 229, 230, 231, 232, 233, 234, 235, 236, 237, 238, 239, 240, 241, 242, 243, 244, 245, 246, 247, 248, 249, 250, 251, 252, 253, 254, 255, 256, 257, 258, 259, 260, 261, 262, 263, 264, 265, 266, 267, 268, 269, 270, 271, 272, 273, 274, 275, 276, 277, 278, 279, 280, 281, 282, 283, 284, 285, 286, 287, 288, 289, 290, 291, 292, 293, 294, 295, 296, 297, 298, 299, 300, 301, 302, 303, 304, 305, 306, 307, 308, 309, 310, 311, 312, 313, 314, 315, 316, 317, 318, 319, 320, 321, 322, 323, 324, 325, 326, 327, 328, 329, 330, 331, 332, 333, 334, 335, 336, 337, 574, 575, 576, 577, 578, 579, 580, 581, 582, 583, 584, 585, 586, 587, 588, 589, 590, 591, 592, 593, 594, 595, 596, 597, 598, 599, 600, 601, 602, 603, 604, 605, 606, 607, 608, 609, 610, 611, 612, 613, 614, 615, 616, 617, 618, 619, 620, 621, 622, 623, 624, 625, 626, 627, 628, 629, 630, 631, 632, 633, 634, 635, 636, 637, 638, 639, 640, 641, 642, 643, 644, 645, 646, 647, 648, 649, 650, 651, 652, 653, 654, 655, 656, 657, 658, 659, 660, 661, 662, 663, 664, 665, 666, 667, 668, 669, 670, 671, 672, 673, 674, 675, 676, 677, 678, 679, 680, 681, 682, 683, 684, 685, 686, 687, 688, 689, 690, 691, 692, 693, 694, 695, 696, 697, 698, 699, 700, 701, 702, 703, 704, 705, 706, 707, 708, 709, 710, 711, 712, 713, 714, 715, 716, 717, 718, 719, 720, 721, 722, 723, 724, 725, 726, 727, 728, 729, 730, 731, 732, 733, 734, 735, 736, 737, 738, 739, 740, 741, 742, 743, 744, 745, 746, 747, 748, 749, 750, 751, 752, 753, 754, 755, 756, 757, 758, 759, 760, 761, 762, 763, 764, 765, 766, 767, 768, 769, 770, 771, 772, 773, 774, 775, 776, 777, 778, 779, 780, 781, 782, 783, 784, 785, 786, 787, 788, 789, 790, 791, 792, 793]","[105, 114, 138, 141, 152, 153, 154, 155, 157, 159, 164, 165, 176, 182, 191, 192, 194, 195, 196, 200, 204, 208, 209, 210, 211, 215, 226, 228, 241, 242, 243, 245, 248, 249, 250, 257, 261, 270, 271, 282, 287, 289, 291, 294, 296, 298, 306, 308, 309, 311, 314, 327, 333, 335, 337, 576, 585, 609, 612, 623, 624, 626, 627, 629, 631, 636, 637, 647, 653, 662, 663, 665, 666, 667, 671, 674, 678, 679, 680, 681, 690, 692, 705, 706, 707, 709, 711, 712, 713, 719, 721, 729, 730, 741, 746, 748, 750, 753, 755, 757, 764, 766, 767, 769, 772, 785, 791]",[],"[143, 614]","[103, 104, 105, 106, 107, 108, 109, 110, 111, 112, 113, 114, 115, 116, 117, 118, 119, 120, 121, 122, 123, 124, 125, 126, 127, 128, 129, 130, 131, 132, 133, 134, 135, 136, 137, 138, 139, 140, 141, 142, 143, 144, 145, 146, 147, 148, 149, 150, 151, 152, 153, 154, 155, 156, 157, 158, 159, 160, 161, 162, 163, 164, 165, 166, 167, 168, 169, 170, 171, 172, 173, 174, 175, 176, 177, 178, 179, 180, 181, 182, 183, 184, 185, 186, 187, 188, 189, 190, 191, 192, 193, 194, 195, 196, 197, 198, 199, 200, 201, 202, 203, 204, 205, 206, 207, 208, 209, 210, 211, 212, 213, 214, 215, 216, 217, 218, 219, 220, 221, 222, 223, 224, 225, 226, 227, 228, 229, 230, 231, 232, 233, 234, 235, 236, 237, 238, 239, 240, 241, 242, 243, 244, 245, 246, 247, 248, 249, 250, 251, 252, 253, 254, 255, 256, 257, 258, 259, 260, 261, 262, 263, 264, 265, 266, 267, 268, 269, 270, 271, 272, 273, 274, 275, 276, 277, 278, 279, 280, 281, 282, 283, 284, 285, 286, 287, 288, 289, 290, 291, 292, 293, 294, 295, 296, 297, 298, 299, 300, 301, 302, 303, 304, 305, 306, 307, 308, 309, 310, 311, 312, 313, 314, 315, 316, 317, 318, 319, 320, 321, 322, 323, 324, 325, 326, 327, 328, 329, 330, 331, 332, 333, 334, 335, 336, 337, 574, 575, 576, 577, 578, 579, 580, 581, 582, 583, 584, 585, 586, 587, 588, 589, 590, 591, 592, 593, 594, 595, 596, 597, 598, 599, 600, 601, 602, 603, 604, 605, 606, 607, 608, 609, 610, 611, 612, 613, 614, 615, 616, 617, 618, 619, 620, 621, 622, 623, 624, 625, 626, 627, 628, 629, 630, 631, 632, 633, 634, 635, 636, 637, 638, 639, 640, 641, 642, 643, 644, 645, 646, 647, 648, 649, 650, 651, 652, 653, 654, 655, 656, 657, 658, 659, 660, 661, 662, 663, 664, 665, 666, 667, 668, 669, 670, 671, 672, 673, 674, 675, 676, 677, 678, 679, 680, 681, 682, 683, 684, 685, 686, 687, 688, 689, 690, 691, 692, 693, 694, 695, 696, 697, 698, 699, 700, 701, 702, 703, 704, 705, 706, 707, 708, 709, 710, 711, 712, 713, 714, 715, 716, 717, 718, 719, 720, 721, 722, 723, 724, 725, 726, 727, 728, 729, 730, 731, 732, 733, 734, 735, 736, 737, 738, 739, 740, 741, 742, 743, 744, 745, 746, 747, 748, 749, 750, 751, 752, 753, 754, 755, 756, 757, 758, 759, 760, 761, 762, 763, 764, 765, 766, 767, 768, 769, 770, 771, 772, 773, 774, 775, 776, 777, 778, 779, 780, 781, 782, 783, 784, 785, 786, 787, 788, 789, 790, 791, 792, 793]",True,"[143, 614]","[103, 104, 105, 106, 107, 108, 109, 110, 111, 112, 113, 114, 115, 116, 117, 118, 119, 120, 121, 122, 123, 124, 125, 126, 127, 128, 129, 130, 131, 132, 133, 134, 135, 136, 137, 138, 139, 140, 141, 142, 143, 144, 145, 146, 147, 148, 149, 150, 151, 152, 153, 154, 155, 156, 157, 158, 159, 160, 161, 162, 163, 164, 165, 166, 167, 168, 169, 170, 171, 172, 173, 174, 175, 176, 177, 178, 179, 180, 181, 182, 183, 184, 185, 186, 187, 188, 189, 190, 191, 192, 193, 194, 195, 196, 197, 198, 199, 200, 201, 202, 203, 204, 205, 206, 207, 208, 209, 210, 211, 212, 213, 214, 215, 216, 217, 218, 219, 220, 221, 222, 223, 224, 225, 226, 227, 228, 229, 230, 231, 232, 233, 234, 235, 236, 237, 238, 239, 240, 241, 242, 243, 244, 245, 246, 247, 248, 249, 250, 251, 252, 253, 254, 255, 256, 257, 258, 259, 260, 261, 262, 263, 264, 265, 266, 267, 268, 269, 270, 271, 272, 273, 274, 275, 276, 277, 278, 279, 280, 281, 282, 283, 284, 285, 286, 287, 288, 289, 290, 291, 292, 293, 294, 295, 296, 297, 298, 299, 300, 301, 302, 303, 304, 305, 306, 307, 308, 309, 310, 311, 312, 313, 314, 315, 316, 317, 318, 319, 320, 321, 322, 323, 324, 325, 326, 327, 328, 329, 330, 331, 332, 333, 334, 335, 336, 337, 574, 575, 576, 577, 578, 579, 580, 581, 582, 583, 584, 585, 586, 587, 588, 589, 590, 591, 592, 593, 594, 595, 596, 597, 598, 599, 600, 601, 602, 603, 604, 605, 606, 607, 608, 609, 610, 611, 612, 613, 614, 615, 616, 617, 618, 619, 620, 621, 622, 623, 624, 625, 626, 627, 628, 629, 630, 631, 632, 633, 634, 635, 636, 637, 638, 639, 640, 641, 642, 643, 644, 645, 646, 647, 648, 649, 650, 651, 652, 653, 654, 655, 656, 657, 658, 659, 660, 661, 662, 663, 664, 665, 666, 667, 668, 669, 670, 671, 672, 673, 674, 675, 676, 677, 678, 679, 680, 681, 682, 683, 684, 685, 686, 687, 688, 689, 690, 691, 692, 693, 694, 695, 696, 697, 698, 699, 700, 701, 702, 703, 704, 705, 706, 707, 708, 709, 710, 711, 712, 713, 714, 715, 716, 717, 718, 719, 720, 721, 722, 723, 724, 725, 726, 727, 728, 729, 730, 731, 732, 733, 734, 735, 736, 737, 738, 739, 740, 741, 742, 743, 744, 745, 746, 747, 748, 749, 750, 751, 752, 753, 754, 755, 756, 757, 758, 759, 760, 761, 762, 763, 764, 765, 766, 767, 768, 769, 770, 771, 772, 773, 774, 775, 776, 777, 778, 779, 780, 781, 782, 783, 784, 785, 786, 787, 788, 789, 790, 791, 792, 793]","[143, 294, 295, 300, 614, 753, 754, 759]","[228, 692]","[105, 114, 138, 141, 152, 153, 154, 155, 157, 159, 164, 165, 176, 182, 191, 192, 194, 195, 196, 200, 204, 208, 209, 210, 211, 215, 226, 228, 241, 242, 243, 245, 248, 249, 250, 257, 261, 270, 271, 282, 287, 289, 291, 294, 296, 298, 306, 308, 309, 311, 314, 327, 333, 335, 337, 576, 585, 609, 612, 623, 624, 626, 627, 629, 631, 636, 637, 647, 653, 662, 663, 665, 666, 667, 671, 674, 678, 679, 680, 681, 690, 692, 705, 706, 707, 709, 711, 712, 713, 719, 721, 729, 730, 741, 746, 748, 750, 753, 755, 757, 764, 766, 767, 769, 772, 785, 791]","[143, 614]",[],5/6 successful match,True,,False,251,False,,0.8999999999999999,True,Commerce Truck Stop,
"Commerce , 90040 Commerce Truck Stop",5 323-881-0694 I-5 Exit 128 B ( 4560 E Washington ),24 <U+25C9>,Commerce,90040,Commerce Truck Stop,323-881-0694,2008,Los Angeles,CA,,( 4560 E Washington ),I-5 Exit 128 B ,Exit,128,False,,False,I-5,,,,,"[614, 143]","[143, 614]","[143, 294, 295, 300, 614, 753, 754, 759]","[228, 692]","[103, 104, 105, 106, 107, 108, 109, 110, 111, 112, 113, 114, 115, 116, 117, 118, 119, 120, 121, 122, 123, 124, 125, 126, 127, 128, 129, 130, 131, 132, 133, 134, 135, 136, 137, 138, 139, 140, 141, 142, 143, 144, 145, 146, 147, 148, 149, 150, 151, 152, 153, 154, 155, 156, 157, 158, 159, 160, 161, 162, 163, 164, 165, 166, 167, 168, 169, 170, 171, 172, 173, 174, 175, 176, 177, 178, 179, 180, 181, 182, 183, 184, 185, 186, 187, 188, 189, 190, 191, 192, 193, 194, 195, 196, 197, 198, 199, 200, 201, 202, 203, 204, 205, 206, 207, 208, 209, 210, 211, 212, 213, 214, 215, 216, 217, 218, 219, 220, 221, 222, 223, 224, 225, 226, 227, 228, 229, 230, 231, 232, 233, 234, 235, 236, 237, 238, 239, 240, 241, 242, 243, 244, 245, 246, 247, 248, 249, 250, 251, 252, 253, 254, 255, 256, 257, 258, 259, 260, 261, 262, 263, 264, 265, 266, 267, 268, 269, 270, 271, 272, 273, 274, 275, 276, 277, 278, 279, 280, 281, 282, 283, 284, 285, 286, 287, 288, 289, 290, 291, 292, 293, 294, 295, 296, 297, 298, 299, 300, 301, 302, 303, 304, 305, 306, 307, 308, 309, 310, 311, 312, 313, 314, 315, 316, 317, 318, 319, 320, 321, 322, 323, 324, 325, 326, 327, 328, 329, 330, 331, 332, 333, 334, 335, 336, 337, 574, 575, 576, 577, 578, 579, 580, 581, 582, 583, 584, 585, 586, 587, 588, 589, 590, 591, 592, 593, 594, 595, 596, 597, 598, 599, 600, 601, 602, 603, 604, 605, 606, 607, 608, 609, 610, 611, 612, 613, 614, 615, 616, 617, 618, 619, 620, 621, 622, 623, 624, 625, 626, 627, 628, 629, 630, 631, 632, 633, 634, 635, 636, 637, 638, 639, 640, 641, 642, 643, 644, 645, 646, 647, 648, 649, 650, 651, 652, 653, 654, 655, 656, 657, 658, 659, 660, 661, 662, 663, 664, 665, 666, 667, 668, 669, 670, 671, 672, 673, 674, 675, 676, 677, 678, 679, 680, 681, 682, 683, 684, 685, 686, 687, 688, 689, 690, 691, 692, 693, 694, 695, 696, 697, 698, 699, 700, 701, 702, 703, 704, 705, 706, 707, 708, 709, 710, 711, 712, 713, 714, 715, 716, 717, 718, 719, 720, 721, 722, 723, 724, 725, 726, 727, 728, 729, 730, 731, 732, 733, 734, 735, 736, 737, 738, 739, 740, 741, 742, 743, 744, 745, 746, 747, 748, 749, 750, 751, 752, 753, 754, 755, 756, 757, 758, 759, 760, 761, 762, 763, 764, 765, 766, 767, 768, 769, 770, 771, 772, 773, 774, 775, 776, 777, 778, 779, 780, 781, 782, 783, 784, 785, 786, 787, 788, 789, 790, 791, 792, 793]","[105, 114, 138, 141, 152, 153, 154, 155, 157, 159, 164, 165, 176, 182, 191, 192, 194, 195, 196, 200, 204, 208, 209, 210, 211, 215, 226, 228, 241, 242, 243, 245, 248, 249, 250, 257, 261, 270, 271, 282, 287, 289, 291, 294, 296, 298, 306, 308, 309, 311, 314, 327, 333, 335, 337, 576, 585, 609, 612, 623, 624, 626, 627, 629, 631, 636, 637, 647, 653, 662, 663, 665, 666, 667, 671, 674, 678, 679, 680, 681, 690, 692, 705, 706, 707, 709, 711, 712, 713, 719, 721, 729, 730, 741, 746, 748, 750, 753, 755, 757, 764, 766, 767, 769, 772, 785, 791]",[],"[143, 614]","[103, 104, 105, 106, 107, 108, 109, 110, 111, 112, 113, 114, 115, 116, 117, 118, 119, 120, 121, 122, 123, 124, 125, 126, 127, 128, 129, 130, 131, 132, 133, 134, 135, 136, 137, 138, 139, 140, 141, 142, 143, 144, 145, 146, 147, 148, 149, 150, 151, 152, 153, 154, 155, 156, 157, 158, 159, 160, 161, 162, 163, 164, 165, 166, 167, 168, 169, 170, 171, 172, 173, 174, 175, 176, 177, 178, 179, 180, 181, 182, 183, 184, 185, 186, 187, 188, 189, 190, 191, 192, 193, 194, 195, 196, 197, 198, 199, 200, 201, 202, 203, 204, 205, 206, 207, 208, 209, 210, 211, 212, 213, 214, 215, 216, 217, 218, 219, 220, 221, 222, 223, 224, 225, 226, 227, 228, 229, 230, 231, 232, 233, 234, 235, 236, 237, 238, 239, 240, 241, 242, 243, 244, 245, 246, 247, 248, 249, 250, 251, 252, 253, 254, 255, 256, 257, 258, 259, 260, 261, 262, 263, 264, 265, 266, 267, 268, 269, 270, 271, 272, 273, 274, 275, 276, 277, 278, 279, 280, 281, 282, 283, 284, 285, 286, 287, 288, 289, 290, 291, 292, 293, 294, 295, 296, 297, 298, 299, 300, 301, 302, 303, 304, 305, 306, 307, 308, 309, 310, 311, 312, 313, 314, 315, 316, 317, 318, 319, 320, 321, 322, 323, 324, 325, 326, 327, 328, 329, 330, 331, 332, 333, 334, 335, 336, 337, 574, 575, 576, 577, 578, 579, 580, 581, 582, 583, 584, 585, 586, 587, 588, 589, 590, 591, 592, 593, 594, 595, 596, 597, 598, 599, 600, 601, 602, 603, 604, 605, 606, 607, 608, 609, 610, 611, 612, 613, 614, 615, 616, 617, 618, 619, 620, 621, 622, 623, 624, 625, 626, 627, 628, 629, 630, 631, 632, 633, 634, 635, 636, 637, 638, 639, 640, 641, 642, 643, 644, 645, 646, 647, 648, 649, 650, 651, 652, 653, 654, 655, 656, 657, 658, 659, 660, 661, 662, 663, 664, 665, 666, 667, 668, 669, 670, 671, 672, 673, 674, 675, 676, 677, 678, 679, 680, 681, 682, 683, 684, 685, 686, 687, 688, 689, 690, 691, 692, 693, 694, 695, 696, 697, 698, 699, 700, 701, 702, 703, 704, 705, 706, 707, 708, 709, 710, 711, 712, 713, 714, 715, 716, 717, 718, 719, 720, 721, 722, 723, 724, 725, 726, 727, 728, 729, 730, 731, 732, 733, 734, 735, 736, 737, 738, 739, 740, 741, 742, 743, 744, 745, 746, 747, 748, 749, 750, 751, 752, 753, 754, 755, 756, 757, 758, 759, 760, 761, 762, 763, 764, 765, 766, 767, 768, 769, 770, 771, 772, 773, 774, 775, 776, 777, 778, 779, 780, 781, 782, 783, 784, 785, 786, 787, 788, 789, 790, 791, 792, 793]",True,"[143, 614]","[103, 104, 105, 106, 107, 108, 109, 110, 111, 112, 113, 114, 115, 116, 117, 118, 119, 120, 121, 122, 123, 124, 125, 126, 127, 128, 129, 130, 131, 132, 133, 134, 135, 136, 137, 138, 139, 140, 141, 142, 143, 144, 145, 146, 147, 148, 149, 150, 151, 152, 153, 154, 155, 156, 157, 158, 159, 160, 161, 162, 163, 164, 165, 166, 167, 168, 169, 170, 171, 172, 173, 174, 175, 176, 177, 178, 179, 180, 181, 182, 183, 184, 185, 186, 187, 188, 189, 190, 191, 192, 193, 194, 195, 196, 197, 198, 199, 200, 201, 202, 203, 204, 205, 206, 207, 208, 209, 210, 211, 212, 213, 214, 215, 216, 217, 218, 219, 220, 221, 222, 223, 224, 225, 226, 227, 228, 229, 230, 231, 232, 233, 234, 235, 236, 237, 238, 239, 240, 241, 242, 243, 244, 245, 246, 247, 248, 249, 250, 251, 252, 253, 254, 255, 256, 257, 258, 259, 260, 261, 262, 263, 264, 265, 266, 267, 268, 269, 270, 271, 272, 273, 274, 275, 276, 277, 278, 279, 280, 281, 282, 283, 284, 285, 286, 287, 288, 289, 290, 291, 292, 293, 294, 295, 296, 297, 298, 299, 300, 301, 302, 303, 304, 305, 306, 307, 308, 309, 310, 311, 312, 313, 314, 315, 316, 317, 318, 319, 320, 321, 322, 323, 324, 325, 326, 327, 328, 329, 330, 331, 332, 333, 334, 335, 336, 337, 574, 575, 576, 577, 578, 579, 580, 581, 582, 583, 584, 585, 586, 587, 588, 589, 590, 591, 592, 593, 594, 595, 596, 597, 598, 599, 600, 601, 602, 603, 604, 605, 606, 607, 608, 609, 610, 611, 612, 613, 614, 615, 616, 617, 618, 619, 620, 621, 622, 623, 624, 625, 626, 627, 628, 629, 630, 631, 632, 633, 634, 635, 636, 637, 638, 639, 640, 641, 642, 643, 644, 645, 646, 647, 648, 649, 650, 651, 652, 653, 654, 655, 656, 657, 658, 659, 660, 661, 662, 663, 664, 665, 666, 667, 668, 669, 670, 671, 672, 673, 674, 675, 676, 677, 678, 679, 680, 681, 682, 683, 684, 685, 686, 687, 688, 689, 690, 691, 692, 693, 694, 695, 696, 697, 698, 699, 700, 701, 702, 703, 704, 705, 706, 707, 708, 709, 710, 711, 712, 713, 714, 715, 716, 717, 718, 719, 720, 721, 722, 723, 724, 725, 726, 727, 728, 729, 730, 731, 732, 733, 734, 735, 736, 737, 738, 739, 740, 741, 742, 743, 744, 745, 746, 747, 748, 749, 750, 751, 752, 753, 754, 755, 756, 757, 758, 759, 760, 761, 762, 763, 764, 765, 766, 767, 768, 769, 770, 771, 772, 773, 774, 775, 776, 777, 778, 779, 780, 781, 782, 783, 784, 785, 786, 787, 788, 789, 790, 791, 792, 793]","[143, 294, 295, 300, 614, 753, 754, 759]","[228, 692]","[105, 114, 138, 141, 152, 153, 154, 155, 157, 159, 164, 165, 176, 182, 191, 192, 194, 195, 196, 200, 204, 208, 209, 210, 211, 215, 226, 228, 241, 242, 243, 245, 248, 249, 250, 257, 261, 270, 271, 282, 287, 289, 291, 294, 296, 298, 306, 308, 309, 311, 314, 327, 333, 335, 337, 576, 585, 609, 612, 623, 624, 626, 627, 629, 631, 636, 637, 647, 653, 662, 663, 665, 666, 667, 671, 674, 678, 679, 680, 681, 690, 692, 705, 706, 707, 709, 711, 712, 713, 719, 721, 729, 730, 741, 746, 748, 750, 753, 755, 757, 764, 766, 767, 769, 772, 785, 791]","[143, 614]",[],5/6 successful match,True,,False,251,False,,0.8999999999999999,True,Commerce Truck Stop,
Commerce ( 90040 ) Commerce Truck Stop,5 323-881-0694 I-710 X 17C NB / 17B SB ( W on,) 24 0,Commerce,90040,Commerce Truck Stop,323-881-0694,2014,Los Angeles,CA,,( W on,I-710 X 17C NB / 17B SB ,Exit,17C,False,,False,I-710,,,,,"[614, 143]","[143, 614]","[143, 294, 295, 300, 614, 753, 754, 759]","[38, 73, 143, 295, 519, 547, 614, 754]","[103, 104, 105, 106, 107, 108, 109, 110, 111, 112, 113, 114, 115, 116, 117, 118, 119, 120, 121, 122, 123, 124, 125, 126, 127, 128, 129, 130, 131, 132, 133, 134, 135, 136, 137, 138, 139, 140, 141, 142, 143, 144, 145, 146, 147, 148, 149, 150, 151, 152, 153, 154, 155, 156, 157, 158, 159, 160, 161, 162, 163, 164, 165, 166, 167, 168, 169, 170, 171, 172, 173, 174, 175, 176, 177, 178, 179, 180, 181, 182, 183, 184, 185, 186, 187, 188, 189, 190, 191, 192, 193, 194, 195, 196, 197, 198, 199, 200, 201, 202, 203, 204, 205, 206, 207, 208, 209, 210, 211, 212, 213, 214, 215, 216, 217, 218, 219, 220, 221, 222, 223, 224, 225, 226, 227, 228, 229, 230, 231, 232, 233, 234, 235, 236, 237, 238, 239, 240, 241, 242, 243, 244, 245, 246, 247, 248, 249, 250, 251, 252, 253, 254, 255, 256, 257, 258, 259, 260, 261, 262, 263, 264, 265, 266, 267, 268, 269, 270, 271, 272, 273, 274, 275, 276, 277, 278, 279, 280, 281, 282, 283, 284, 285, 286, 287, 288, 289, 290, 291, 292, 293, 294, 295, 296, 297, 298, 299, 300, 301, 302, 303, 304, 305, 306, 307, 308, 309, 310, 311, 312, 313, 314, 315, 316, 317, 318, 319, 320, 321, 322, 323, 324, 325, 326, 327, 328, 329, 330, 331, 332, 333, 334, 335, 336, 337, 574, 575, 576, 577, 578, 579, 580, 581, 582, 583, 584, 585, 586, 587, 588, 589, 590, 591, 592, 593, 594, 595, 596, 597, 598, 599, 600, 601, 602, 603, 604, 605, 606, 607, 608, 609, 610, 611, 612, 613, 614, 615, 616, 617, 618, 619, 620, 621, 622, 623, 624, 625, 626, 627, 628, 629, 630, 631, 632, 633, 634, 635, 636, 637, 638, 639, 640, 641, 642, 643, 644, 645, 646, 647, 648, 649, 650, 651, 652, 653, 654, 655, 656, 657, 658, 659, 660, 661, 662, 663, 664, 665, 666, 667, 668, 669, 670, 671, 672, 673, 674, 675, 676, 677, 678, 679, 680, 681, 682, 683, 684, 685, 686, 687, 688, 689, 690, 691, 692, 693, 694, 695, 696, 697, 698, 699, 700, 701, 702, 703, 704, 705, 706, 707, 708, 709, 710, 711, 712, 713, 714, 715, 716, 717, 718, 719, 720, 721, 722, 723, 724, 725, 726, 727, 728, 729, 730, 731, 732, 733, 734, 735, 736, 737, 738, 739, 740, 741, 742, 743, 744, 745, 746, 747, 748, 749, 750, 751, 752, 753, 754, 755, 756, 757, 758, 759, 760, 761, 762, 763, 764, 765, 766, 767, 768, 769, 770, 771, 772, 773, 774, 775, 776, 777, 778, 779, 780, 781, 782, 783, 784, 785, 786, 787, 788, 789, 790, 791, 792, 793]","[143, 145, 181, 233, 234, 236, 295, 330, 614, 616, 652, 697, 698, 700, 754, 787]",[],"[143, 614]","[38, 73, 103, 104, 105, 106, 107, 108, 109, 110, 111, 112, 113, 114, 115, 116, 117, 118, 119, 120, 121, 122, 123, 124, 125, 126, 127, 128, 129, 130, 131, 132, 133, 134, 135, 136, 137, 138, 139, 140, 141, 142, 143, 144, 145, 146, 147, 148, 149, 150, 151, 152, 153, 154, 155, 156, 157, 158, 159, 160, 161, 162, 163, 164, 165, 166, 167, 168, 169, 170, 171, 172, 173, 174, 175, 176, 177, 178, 179, 180, 181, 182, 183, 184, 185, 186, 187, 188, 189, 190, 191, 192, 193, 194, 195, 196, 197, 198, 199, 200, 201, 202, 203, 204, 205, 206, 207, 208, 209, 210, 211, 212, 213, 214, 215, 216, 217, 218, 219, 220, 221, 222, 223, 224, 225, 226, 227, 228, 229, 230, 231, 232, 233, 234, 235, 236, 237, 238, 239, 240, 241, 242, 243, 244, 245, 246, 247, 248, 249, 250, 251, 252, 253, 254, 255, 256, 257, 258, 259, 260, 261, 262, 263, 264, 265, 266, 267, 268, 269, 270, 271, 272, 273, 274, 275, 276, 277, 278, 279, 280, 281, 282, 283, 284, 285, 286, 287, 288, 289, 290, 291, 292, 293, 294, 295, 296, 297, 298, 299, 300, 301, 302, 303, 304, 305, 306, 307, 308, 309, 310, 311, 312, 313, 314, 315, 316, 317, 318, 319, 320, 321, 322, 323, 324, 325, 326, 327, 328, 329, 330, 331, 332, 333, 334, 335, 336, 337, 519, 547, 574, 575, 576, 577, 578, 579, 580, 581, 582, 583, 584, 585, 586, 587, 588, 589, 590, 591, 592, 593, 594, 595, 596, 597, 598, 599, 600, 601, 602, 603, 604, 605, 606, 607, 608, 609, 610, 611, 612, 613, 614, 615, 616, 617, 618, 619, 620, 621, 622, 623, 624, 625, 626, 627, 628, 629, 630, 631, 632, 633, 634, 635, 636, 637, 638, 639, 640, 641, 642, 643, 644, 645, 646, 647, 648, 649, 650, 651, 652, 653, 654, 655, 656, 657, 658, 659, 660, 661, 662, 663, 664, 665, 666, 667, 668, 669, 670, 671, 672, 673, 674, 675, 676, 677, 678, 679, 680, 681, 682, 683, 684, 685, 686, 687, 688, 689, 690, 691, 692, 693, 694, 695, 696, 697, 698, 699, 700, 701, 702, 703, 704, 705, 706, 707, 708, 709, 710, 711, 712, 713, 714, 715, 716, 717, 718, 719, 720, 721, 722, 723, 724, 725, 726, 727, 728, 729, 730, 731, 732, 733, 734, 735, 736, 737, 738, 739, 740, 741, 742, 743, 744, 745, 746, 747, 748, 749, 750, 751, 752, 753, 754, 755, 756, 757, 758, 759, 760, 761, 762, 763, 764, 765, 766, 767, 768, 769, 770, 771, 772, 773, 774, 775, 776, 777, 778, 779, 780, 781, 782, 783, 784, 785, 786, 787, 788, 789, 790, 791, 792, 793]",True,"[143, 614]","[103, 104, 105, 106, 107, 108, 109, 110, 111, 112, 113, 114, 115, 116, 117, 118, 119, 120, 121, 122, 123, 124, 125, 126, 127, 128, 129, 130, 131, 132, 133, 134, 135, 136, 137, 138, 139, 140, 141, 142, 143, 144, 145, 146, 147, 148, 149, 150, 151, 152, 153, 154, 155, 156, 157, 158, 159, 160, 161, 162, 163, 164, 165, 166, 167, 168, 169, 170, 171, 172, 173, 174, 175, 176, 177, 178, 179, 180, 181, 182, 183, 184, 185, 186, 187, 188, 189, 190, 191, 192, 193, 194, 195, 196, 197, 198, 199, 200, 201, 202, 203, 204, 205, 206, 207, 208, 209, 210, 211, 212, 213, 214, 215, 216, 217, 218, 219, 220, 221, 222, 223, 224, 225, 226, 227, 228, 229, 230, 231, 232, 233, 234, 235, 236, 237, 238, 239, 240, 241, 242, 243, 244, 245, 246, 247, 248, 249, 250, 251, 252, 253, 254, 255, 256, 257, 258, 259, 260, 261, 262, 263, 264, 265, 266, 267, 268, 269, 270, 271, 272, 273, 274, 275, 276, 277, 278, 279, 280, 281, 282, 283, 284, 285, 286, 287, 288, 289, 290, 291, 292, 293, 294, 295, 296, 297, 298, 299, 300, 301, 302, 303, 304, 305, 306, 307, 308, 309, 310, 311, 312, 313, 314, 315, 316, 317, 318, 319, 320, 321, 322, 323, 324, 325, 326, 327, 328, 329, 330, 331, 332, 333, 334, 335, 336, 337, 574, 575, 576, 577, 578, 579, 580, 581, 582, 583, 584, 585, 586, 587, 588, 589, 590, 591, 592, 593, 594, 595, 596, 597, 598, 599, 600, 601, 602, 603, 604, 605, 606, 607, 608, 609, 610, 611, 612, 613, 614, 615, 616, 617, 618, 619, 620, 621, 622, 623, 624, 625, 626, 627, 628, 629, 630, 631, 632, 633, 634, 635, 636, 637, 638, 639, 640, 641, 642, 643, 644, 645, 646, 647, 648, 649, 650, 651, 652, 653, 654, 655, 656, 657, 658, 659, 660, 661, 662, 663, 664, 665, 666, 667, 668, 669, 670, 671, 672, 673, 674, 675, 676, 677, 678, 679, 680, 681, 682, 683, 684, 685, 686, 687, 688, 689, 690, 691, 692, 693, 694, 695, 696, 697, 698, 699, 700, 701, 702, 703, 704, 705, 706, 707, 708, 709, 710, 711, 712, 713, 714, 715, 716, 717, 718, 719, 720, 721, 722, 723, 724, 725, 726, 727, 728, 729, 730, 731, 732, 733, 734, 735, 736, 737, 738, 739, 740, 741, 742, 743, 744, 745, 746, 747, 748, 749, 750, 751, 752, 753, 754, 755, 756, 757, 758, 759, 760, 761, 762, 763, 764, 765, 766, 767, 768, 769, 770, 771, 772, 773, 774, 775, 776, 777, 778, 779, 780, 781, 782, 783, 784, 785, 786, 787, 788, 789, 790, 791, 792, 793]","[143, 294, 295, 300, 614, 753, 754, 759]","[38, 73, 143, 295, 519, 547, 614, 754]","[143, 145, 181, 233, 234, 236, 295, 330, 614, 616, 652, 697, 698, 700, 754, 787]","[143, 614]",[],7/6 successful match,True,,False,251,False,,0.8999999999999999,True,Commerce Truck Stop,
Commerce ( 90040 ) Commerce Truck Stop,5 323-881-0694 I-710 X 17C NB / 17B SB ( W on Washington ),) 24 <U+25A1>,Commerce,90040,Commerce Truck Stop,323-881-0694,2015,Los Angeles,CA,,( W on Washington ),I-710 X 17C NB / 17B SB ,Exit,17C,False,,False,I-710,,,,,"[614, 143]","[143, 614]","[143, 294, 295, 300, 614, 753, 754, 759]","[38, 73, 143, 295, 519, 547, 614, 754]","[103, 104, 105, 106, 107, 108, 109, 110, 111, 112, 113, 114, 115, 116, 117, 118, 119, 120, 121, 122, 123, 124, 125, 126, 127, 128, 129, 130, 131, 132, 133, 134, 135, 136, 137, 138, 139, 140, 141, 142, 143, 144, 145, 146, 147, 148, 149, 150, 151, 152, 153, 154, 155, 156, 157, 158, 159, 160, 161, 162, 163, 164, 165, 166, 167, 168, 169, 170, 171, 172, 173, 174, 175, 176, 177, 178, 179, 180, 181, 182, 183, 184, 185, 186, 187, 188, 189, 190, 191, 192, 193, 194, 195, 196, 197, 198, 199, 200, 201, 202, 203, 204, 205, 206, 207, 208, 209, 210, 211, 212, 213, 214, 215, 216, 217, 218, 219, 220, 221, 222, 223, 224, 225, 226, 227, 228, 229, 230, 231, 232, 233, 234, 235, 236, 237, 238, 239, 240, 241, 242, 243, 244, 245, 246, 247, 248, 249, 250, 251, 252, 253, 254, 255, 256, 257, 258, 259, 260, 261, 262, 263, 264, 265, 266, 267, 268, 269, 270, 271, 272, 273, 274, 275, 276, 277, 278, 279, 280, 281, 282, 283, 284, 285, 286, 287, 288, 289, 290, 291, 292, 293, 294, 295, 296, 297, 298, 299, 300, 301, 302, 303, 304, 305, 306, 307, 308, 309, 310, 311, 312, 313, 314, 315, 316, 317, 318, 319, 320, 321, 322, 323, 324, 325, 326, 327, 328, 329, 330, 331, 332, 333, 334, 335, 336, 337, 574, 575, 576, 577, 578, 579, 580, 581, 582, 583, 584, 585, 586, 587, 588, 589, 590, 591, 592, 593, 594, 595, 596, 597, 598, 599, 600, 601, 602, 603, 604, 605, 606, 607, 608, 609, 610, 611, 612, 613, 614, 615, 616, 617, 618, 619, 620, 621, 622, 623, 624, 625, 626, 627, 628, 629, 630, 631, 632, 633, 634, 635, 636, 637, 638, 639, 640, 641, 642, 643, 644, 645, 646, 647, 648, 649, 650, 651, 652, 653, 654, 655, 656, 657, 658, 659, 660, 661, 662, 663, 664, 665, 666, 667, 668, 669, 670, 671, 672, 673, 674, 675, 676, 677, 678, 679, 680, 681, 682, 683, 684, 685, 686, 687, 688, 689, 690, 691, 692, 693, 694, 695, 696, 697, 698, 699, 700, 701, 702, 703, 704, 705, 706, 707, 708, 709, 710, 711, 712, 713, 714, 715, 716, 717, 718, 719, 720, 721, 722, 723, 724, 725, 726, 727, 728, 729, 730, 731, 732, 733, 734, 735, 736, 737, 738, 739, 740, 741, 742, 743, 744, 745, 746, 747, 748, 749, 750, 751, 752, 753, 754, 755, 756, 757, 758, 759, 760, 761, 762, 763, 764, 765, 766, 767, 768, 769, 770, 771, 772, 773, 774, 775, 776, 777, 778, 779, 780, 781, 782, 783, 784, 785, 786, 787, 788, 789, 790, 791, 792, 793]","[143, 145, 181, 233, 234, 236, 295, 330, 614, 616, 652, 697, 698, 700, 754, 787]",[],"[143, 614]","[38, 73, 103, 104, 105, 106, 107, 108, 109, 110, 111, 112, 113, 114, 115, 116, 117, 118, 119, 120, 121, 122, 123, 124, 125, 126, 127, 128, 129, 130, 131, 132, 133, 134, 135, 136, 137, 138, 139, 140, 141, 142, 143, 144, 145, 146, 147, 148, 149, 150, 151, 152, 153, 154, 155, 156, 157, 158, 159, 160, 161, 162, 163, 164, 165, 166, 167, 168, 169, 170, 171, 172, 173, 174, 175, 176, 177, 178, 179, 180, 181, 182, 183, 184, 185, 186, 187, 188, 189, 190, 191, 192, 193, 194, 195, 196, 197, 198, 199, 200, 201, 202, 203, 204, 205, 206, 207, 208, 209, 210, 211, 212, 213, 214, 215, 216, 217, 218, 219, 220, 221, 222, 223, 224, 225, 226, 227, 228, 229, 230, 231, 232, 233, 234, 235, 236, 237, 238, 239, 240, 241, 242, 243, 244, 245, 246, 247, 248, 249, 250, 251, 252, 253, 254, 255, 256, 257, 258, 259, 260, 261, 262, 263, 264, 265, 266, 267, 268, 269, 270, 271, 272, 273, 274, 275, 276, 277, 278, 279, 280, 281, 282, 283, 284, 285, 286, 287, 288, 289, 290, 291, 292, 293, 294, 295, 296, 297, 298, 299, 300, 301, 302, 303, 304, 305, 306, 307, 308, 309, 310, 311, 312, 313, 314, 315, 316, 317, 318, 319, 320, 321, 322, 323, 324, 325, 326, 327, 328, 329, 330, 331, 332, 333, 334, 335, 336, 337, 519, 547, 574, 575, 576, 577, 578, 579, 580, 581, 582, 583, 584, 585, 586, 587, 588, 589, 590, 591, 592, 593, 594, 595, 596, 597, 598, 599, 600, 601, 602, 603, 604, 605, 606, 607, 608, 609, 610, 611, 612, 613, 614, 615, 616, 617, 618, 619, 620, 621, 622, 623, 624, 625, 626, 627, 628, 629, 630, 631, 632, 633, 634, 635, 636, 637, 638, 639, 640, 641, 642, 643, 644, 645, 646, 647, 648, 649, 650, 651, 652, 653, 654, 655, 656, 657, 658, 659, 660, 661, 662, 663, 664, 665, 666, 667, 668, 669, 670, 671, 672, 673, 674, 675, 676, 677, 678, 679, 680, 681, 682, 683, 684, 685, 686, 687, 688, 689, 690, 691, 692, 693, 694, 695, 696, 697, 698, 699, 700, 701, 702, 703, 704, 705, 706, 707, 708, 709, 710, 711, 712, 713, 714, 715, 716, 717, 718, 719, 720, 721, 722, 723, 724, 725, 726, 727, 728, 729, 730, 731, 732, 733, 734, 735, 736, 737, 738, 739, 740, 741, 742, 743, 744, 745, 746, 747, 748, 749, 750, 751, 752, 753, 754, 755, 756, 757, 758, 759, 760, 761, 762, 763, 764, 765, 766, 767, 768, 769, 770, 771, 772, 773, 774, 775, 776, 777, 778, 779, 780, 781, 782, 783, 784, 785, 786, 787, 788, 789, 790, 791, 792, 793]",True,"[143, 614]","[103, 104, 105, 106, 107, 108, 109, 110, 111, 112, 113, 114, 115, 116, 117, 118, 119, 120, 121, 122, 123, 124, 125, 126, 127, 128, 129, 130, 131, 132, 133, 134, 135, 136, 137, 138, 139, 140, 141, 142, 143, 144, 145, 146, 147, 148, 149, 150, 151, 152, 153, 154, 155, 156, 157, 158, 159, 160, 161, 162, 163, 164, 165, 166, 167, 168, 169, 170, 171, 172, 173, 174, 175, 176, 177, 178, 179, 180, 181, 182, 183, 184, 185, 186, 187, 188, 189, 190, 191, 192, 193, 194, 195, 196, 197, 198, 199, 200, 201, 202, 203, 204, 205, 206, 207, 208, 209, 210, 211, 212, 213, 214, 215, 216, 217, 218, 219, 220, 221, 222, 223, 224, 225, 226, 227, 228, 229, 230, 231, 232, 233, 234, 235, 236, 237, 238, 239, 240, 241, 242, 243, 244, 245, 246, 247, 248, 249, 250, 251, 252, 253, 254, 255, 256, 257, 258, 259, 260, 261, 262, 263, 264, 265, 266, 267, 268, 269, 270, 271, 272, 273, 274, 275, 276, 277, 278, 279, 280, 281, 282, 283, 284, 285, 286, 287, 288, 289, 290, 291, 292, 293, 294, 295, 296, 297, 298, 299, 300, 301, 302, 303, 304, 305, 306, 307, 308, 309, 310, 311, 312, 313, 314, 315, 316, 317, 318, 319, 320, 321, 322, 323, 324, 325, 326, 327, 328, 329, 330, 331, 332, 333, 334, 335, 336, 337, 574, 575, 576, 577, 578, 579, 580, 581, 582, 583, 584, 585, 586, 587, 588, 589, 590, 591, 592, 593, 594, 595, 596, 597, 598, 599, 600, 601, 602, 603, 604, 605, 606, 607, 608, 609, 610, 611, 612, 613, 614, 615, 616, 617, 618, 619, 620, 621, 622, 623, 624, 625, 626, 627, 628, 629, 630, 631, 632, 633, 634, 635, 636, 637, 638, 639, 640, 641, 642, 643, 644, 645, 646, 647, 648, 649, 650, 651, 652, 653, 654, 655, 656, 657, 658, 659, 660, 661, 662, 663, 664, 665, 666, 667, 668, 669, 670, 671, 672, 673, 674, 675, 676, 677, 678, 679, 680, 681, 682, 683, 684, 685, 686, 687, 688, 689, 690, 691, 692, 693, 694, 695, 696, 697, 698, 699, 700, 701, 702, 703, 704, 705, 706, 707, 708, 709, 710, 711, 712, 713, 714, 715, 716, 717, 718, 719, 720, 721, 722, 723, 724, 725, 726, 727, 728, 729, 730, 731, 732, 733, 734, 735, 736, 737, 738, 739, 740, 741, 742, 743, 744, 745, 746, 747, 748, 749, 750, 751, 752, 753, 754, 755, 756, 757, 758, 759, 760, 761, 762, 763, 764, 765, 766, 767, 768, 769, 770, 771, 772, 773, 774, 775, 776, 777, 778, 779, 780, 781, 782, 783, 784, 785, 786, 787, 788, 789, 790, 791, 792, 793]","[143, 294, 295, 300, 614, 753, 754, 759]","[38, 73, 143, 295, 519, 547, 614, 754]","[143, 145, 181, 233, 234, 236, 295, 330, 614, 616, 652, 697, 698, 700, 754, 787]","[143, 614]",[],7/6 successful match,True,,False,251,False,,0.8999999999999999,True,Commerce Truck Stop,
Commerce ( 90040 ) Commerce Truck Stop,323-881-0694 I-710 X 17C NB / 17B SB ( W on Washington ),) <U+25A1> <U+25A1>,Commerce,90040,Commerce Truck Stop,323-881-0694,2016,Los Angeles,CA,,( W on Washington ),I-710 X 17C NB / 17B SB ,Exit,17C,False,,False,I-710,,,,,"[614, 143]","[143, 614]","[143, 294, 295, 300, 614, 753, 754, 759]","[38, 73, 143, 295, 519, 547, 614, 754]","[103, 104, 105, 106, 107, 108, 109, 110, 111, 112, 113, 114, 115, 116, 117, 118, 119, 120, 121, 122, 123, 124, 125, 126, 127, 128, 129, 130, 131, 132, 133, 134, 135, 136, 137, 138, 139, 140, 141, 142, 143, 144, 145, 146, 147, 148, 149, 150, 151, 152, 153, 154, 155, 156, 157, 158, 159, 160, 161, 162, 163, 164, 165, 166, 167, 168, 169, 170, 171, 172, 173, 174, 175, 176, 177, 178, 179, 180, 181, 182, 183, 184, 185, 186, 187, 188, 189, 190, 191, 192, 193, 194, 195, 196, 197, 198, 199, 200, 201, 202, 203, 204, 205, 206, 207, 208, 209, 210, 211, 212, 213, 214, 215, 216, 217, 218, 219, 220, 221, 222, 223, 224, 225, 226, 227, 228, 229, 230, 231, 232, 233, 234, 235, 236, 237, 238, 239, 240, 241, 242, 243, 244, 245, 246, 247, 248, 249, 250, 251, 252, 253, 254, 255, 256, 257, 258, 259, 260, 261, 262, 263, 264, 265, 266, 267, 268, 269, 270, 271, 272, 273, 274, 275, 276, 277, 278, 279, 280, 281, 282, 283, 284, 285, 286, 287, 288, 289, 290, 291, 292, 293, 294, 295, 296, 297, 298, 299, 300, 301, 302, 303, 304, 305, 306, 307, 308, 309, 310, 311, 312, 313, 314, 315, 316, 317, 318, 319, 320, 321, 322, 323, 324, 325, 326, 327, 328, 329, 330, 331, 332, 333, 334, 335, 336, 337, 574, 575, 576, 577, 578, 579, 580, 581, 582, 583, 584, 585, 586, 587, 588, 589, 590, 591, 592, 593, 594, 595, 596, 597, 598, 599, 600, 601, 602, 603, 604, 605, 606, 607, 608, 609, 610, 611, 612, 613, 614, 615, 616, 617, 618, 619, 620, 621, 622, 623, 624, 625, 626, 627, 628, 629, 630, 631, 632, 633, 634, 635, 636, 637, 638, 639, 640, 641, 642, 643, 644, 645, 646, 647, 648, 649, 650, 651, 652, 653, 654, 655, 656, 657, 658, 659, 660, 661, 662, 663, 664, 665, 666, 667, 668, 669, 670, 671, 672, 673, 674, 675, 676, 677, 678, 679, 680, 681, 682, 683, 684, 685, 686, 687, 688, 689, 690, 691, 692, 693, 694, 695, 696, 697, 698, 699, 700, 701, 702, 703, 704, 705, 706, 707, 708, 709, 710, 711, 712, 713, 714, 715, 716, 717, 718, 719, 720, 721, 722, 723, 724, 725, 726, 727, 728, 729, 730, 731, 732, 733, 734, 735, 736, 737, 738, 739, 740, 741, 742, 743, 744, 745, 746, 747, 748, 749, 750, 751, 752, 753, 754, 755, 756, 757, 758, 759, 760, 761, 762, 763, 764, 765, 766, 767, 768, 769, 770, 771, 772, 773, 774, 775, 776, 777, 778, 779, 780, 781, 782, 783, 784, 785, 786, 787, 788, 789, 790, 791, 792, 793]","[143, 145, 181, 233, 234, 236, 295, 330, 614, 616, 652, 697, 698, 700, 754, 787]",[],"[143, 614]","[38, 73, 103, 104, 105, 106, 107, 108, 109, 110, 111, 112, 113, 114, 115, 116, 117, 118, 119, 120, 121, 122, 123, 124, 125, 126, 127, 128, 129, 130, 131, 132, 133, 134, 135, 136, 137, 138, 139, 140, 141, 142, 143, 144, 145, 146, 147, 148, 149, 150, 151, 152, 153, 154, 155, 156, 157, 158, 159, 160, 161, 162, 163, 164, 165, 166, 167, 168, 169, 170, 171, 172, 173, 174, 175, 176, 177, 178, 179, 180, 181, 182, 183, 184, 185, 186, 187, 188, 189, 190, 191, 192, 193, 194, 195, 196, 197, 198, 199, 200, 201, 202, 203, 204, 205, 206, 207, 208, 209, 210, 211, 212, 213, 214, 215, 216, 217, 218, 219, 220, 221, 222, 223, 224, 225, 226, 227, 228, 229, 230, 231, 232, 233, 234, 235, 236, 237, 238, 239, 240, 241, 242, 243, 244, 245, 246, 247, 248, 249, 250, 251, 252, 253, 254, 255, 256, 257, 258, 259, 260, 261, 262, 263, 264, 265, 266, 267, 268, 269, 270, 271, 272, 273, 274, 275, 276, 277, 278, 279, 280, 281, 282, 283, 284, 285, 286, 287, 288, 289, 290, 291, 292, 293, 294, 295, 296, 297, 298, 299, 300, 301, 302, 303, 304, 305, 306, 307, 308, 309, 310, 311, 312, 313, 314, 315, 316, 317, 318, 319, 320, 321, 322, 323, 324, 325, 326, 327, 328, 329, 330, 331, 332, 333, 334, 335, 336, 337, 519, 547, 574, 575, 576, 577, 578, 579, 580, 581, 582, 583, 584, 585, 586, 587, 588, 589, 590, 591, 592, 593, 594, 595, 596, 597, 598, 599, 600, 601, 602, 603, 604, 605, 606, 607, 608, 609, 610, 611, 612, 613, 614, 615, 616, 617, 618, 619, 620, 621, 622, 623, 624, 625, 626, 627, 628, 629, 630, 631, 632, 633, 634, 635, 636, 637, 638, 639, 640, 641, 642, 643, 644, 645, 646, 647, 648, 649, 650, 651, 652, 653, 654, 655, 656, 657, 658, 659, 660, 661, 662, 663, 664, 665, 666, 667, 668, 669, 670, 671, 672, 673, 674, 675, 676, 677, 678, 679, 680, 681, 682, 683, 684, 685, 686, 687, 688, 689, 690, 691, 692, 693, 694, 695, 696, 697, 698, 699, 700, 701, 702, 703, 704, 705, 706, 707, 708, 709, 710, 711, 712, 713, 714, 715, 716, 717, 718, 719, 720, 721, 722, 723, 724, 725, 726, 727, 728, 729, 730, 731, 732, 733, 734, 735, 736, 737, 738, 739, 740, 741, 742, 743, 744, 745, 746, 747, 748, 749, 750, 751, 752, 753, 754, 755, 756, 757, 758, 759, 760, 761, 762, 763, 764, 765, 766, 767, 768, 769, 770, 771, 772, 773, 774, 775, 776, 777, 778, 779, 780, 781, 782, 783, 784, 785, 786, 787, 788, 789, 790, 791, 792, 793]",True,"[143, 614]","[103, 104, 105, 106, 107, 108, 109, 110, 111, 112, 113, 114, 115, 116, 117, 118, 119, 120, 121, 122, 123, 124, 125, 126, 127, 128, 129, 130, 131, 132, 133, 134, 135, 136, 137, 138, 139, 140, 141, 142, 143, 144, 145, 146, 147, 148, 149, 150, 151, 152, 153, 154, 155, 156, 157, 158, 159, 160, 161, 162, 163, 164, 165, 166, 167, 168, 169, 170, 171, 172, 173, 174, 175, 176, 177, 178, 179, 180, 181, 182, 183, 184, 185, 186, 187, 188, 189, 190, 191, 192, 193, 194, 195, 196, 197, 198, 199, 200, 201, 202, 203, 204, 205, 206, 207, 208, 209, 210, 211, 212, 213, 214, 215, 216, 217, 218, 219, 220, 221, 222, 223, 224, 225, 226, 227, 228, 229, 230, 231, 232, 233, 234, 235, 236, 237, 238, 239, 240, 241, 242, 243, 244, 245, 246, 247, 248, 249, 250, 251, 252, 253, 254, 255, 256, 257, 258, 259, 260, 261, 262, 263, 264, 265, 266, 267, 268, 269, 270, 271, 272, 273, 274, 275, 276, 277, 278, 279, 280, 281, 282, 283, 284, 285, 286, 287, 288, 289, 290, 291, 292, 293, 294, 295, 296, 297, 298, 299, 300, 301, 302, 303, 304, 305, 306, 307, 308, 309, 310, 311, 312, 313, 314, 315, 316, 317, 318, 319, 320, 321, 322, 323, 324, 325, 326, 327, 328, 329, 330, 331, 332, 333, 334, 335, 336, 337, 574, 575, 576, 577, 578, 579, 580, 581, 582, 583, 584, 585, 586, 587, 588, 589, 590, 591, 592, 593, 594, 595, 596, 597, 598, 599, 600, 601, 602, 603, 604, 605, 606, 607, 608, 609, 610, 611, 612, 613, 614, 615, 616, 617, 618, 619, 620, 621, 622, 623, 624, 625, 626, 627, 628, 629, 630, 631, 632, 633, 634, 635, 636, 637, 638, 639, 640, 641, 642, 643, 644, 645, 646, 647, 648, 649, 650, 651, 652, 653, 654, 655, 656, 657, 658, 659, 660, 661, 662, 663, 664, 665, 666, 667, 668, 669, 670, 671, 672, 673, 674, 675, 676, 677, 678, 679, 680, 681, 682, 683, 684, 685, 686, 687, 688, 689, 690, 691, 692, 693, 694, 695, 696, 697, 698, 699, 700, 701, 702, 703, 704, 705, 706, 707, 708, 709, 710, 711, 712, 713, 714, 715, 716, 717, 718, 719, 720, 721, 722, 723, 724, 725, 726, 727, 728, 729, 730, 731, 732, 733, 734, 735, 736, 737, 738, 739, 740, 741, 742, 743, 744, 745, 746, 747, 748, 749, 750, 751, 752, 753, 754, 755, 756, 757, 758, 759, 760, 761, 762, 763, 764, 765, 766, 767, 768, 769, 770, 771, 772, 773, 774, 775, 776, 777, 778, 779, 780, 781, 782, 783, 784, 785, 786, 787, 788, 789, 790, 791, 792, 793]","[143, 294, 295, 300, 614, 753, 754, 759]","[38, 73, 143, 295, 519, 547, 614, 754]","[143, 145, 181, 233, 234, 236, 295, 330, 614, 616, 652, 697, 698, 700, 754, 787]","[143, 614]",[],7/6 successful match,True,,False,251,False,,0.8999999999999999,True,Commerce Truck Stop,
"Cudahy , 90201 Cudahy Fuel Stop",323-562-1090 I-710 Ex 13 ( CA 42 W to 8330 Atlantic N ),N ) 000,Cudahy,90201,Cudahy Fuel Stop,323-562-1090,2006,Bell Gardens,CA,,( CA 42 W to 8330 Atlantic N ),I-710 Ex 13 ,Exit,13,False,,False,I-710,,,,,"[616, 145]","[145, 330, 616, 787]","[145, 330, 369, 616, 787, 819]","[127, 145, 401, 598, 616, 850]","[103, 104, 105, 106, 107, 108, 109, 110, 111, 112, 113, 114, 115, 116, 117, 118, 119, 120, 121, 122, 123, 124, 125, 126, 127, 128, 129, 130, 131, 132, 133, 134, 135, 136, 137, 138, 139, 140, 141, 142, 143, 144, 145, 146, 147, 148, 149, 150, 151, 152, 153, 154, 155, 156, 157, 158, 159, 160, 161, 162, 163, 164, 165, 166, 167, 168, 169, 170, 171, 172, 173, 174, 175, 176, 177, 178, 179, 180, 181, 182, 183, 184, 185, 186, 187, 188, 189, 190, 191, 192, 193, 194, 195, 196, 197, 198, 199, 200, 201, 202, 203, 204, 205, 206, 207, 208, 209, 210, 211, 212, 213, 214, 215, 216, 217, 218, 219, 220, 221, 222, 223, 224, 225, 226, 227, 228, 229, 230, 231, 232, 233, 234, 235, 236, 237, 238, 239, 240, 241, 242, 243, 244, 245, 246, 247, 248, 249, 250, 251, 252, 253, 254, 255, 256, 257, 258, 259, 260, 261, 262, 263, 264, 265, 266, 267, 268, 269, 270, 271, 272, 273, 274, 275, 276, 277, 278, 279, 280, 281, 282, 283, 284, 285, 286, 287, 288, 289, 290, 291, 292, 293, 294, 295, 296, 297, 298, 299, 300, 301, 302, 303, 304, 305, 306, 307, 308, 309, 310, 311, 312, 313, 314, 315, 316, 317, 318, 319, 320, 321, 322, 323, 324, 325, 326, 327, 328, 329, 330, 331, 332, 333, 334, 335, 336, 337, 574, 575, 576, 577, 578, 579, 580, 581, 582, 583, 584, 585, 586, 587, 588, 589, 590, 591, 592, 593, 594, 595, 596, 597, 598, 599, 600, 601, 602, 603, 604, 605, 606, 607, 608, 609, 610, 611, 612, 613, 614, 615, 616, 617, 618, 619, 620, 621, 622, 623, 624, 625, 626, 627, 628, 629, 630, 631, 632, 633, 634, 635, 636, 637, 638, 639, 640, 641, 642, 643, 644, 645, 646, 647, 648, 649, 650, 651, 652, 653, 654, 655, 656, 657, 658, 659, 660, 661, 662, 663, 664, 665, 666, 667, 668, 669, 670, 671, 672, 673, 674, 675, 676, 677, 678, 679, 680, 681, 682, 683, 684, 685, 686, 687, 688, 689, 690, 691, 692, 693, 694, 695, 696, 697, 698, 699, 700, 701, 702, 703, 704, 705, 706, 707, 708, 709, 710, 711, 712, 713, 714, 715, 716, 717, 718, 719, 720, 721, 722, 723, 724, 725, 726, 727, 728, 729, 730, 731, 732, 733, 734, 735, 736, 737, 738, 739, 740, 741, 742, 743, 744, 745, 746, 747, 748, 749, 750, 751, 752, 753, 754, 755, 756, 757, 758, 759, 760, 761, 762, 763, 764, 765, 766, 767, 768, 769, 770, 771, 772, 773, 774, 775, 776, 777, 778, 779, 780, 781, 782, 783, 784, 785, 786, 787, 788, 789, 790, 791, 792, 793]","[143, 145, 181, 233, 234, 236, 295, 330, 614, 616, 652, 697, 698, 700, 754, 787]",[],"[145, 616]","[103, 104, 105, 106, 107, 108, 109, 110, 111, 112, 113, 114, 115, 116, 117, 118, 119, 120, 121, 122, 123, 124, 125, 126, 127, 128, 129, 130, 131, 132, 133, 134, 135, 136, 137, 138, 139, 140, 141, 142, 143, 144, 145, 146, 147, 148, 149, 150, 151, 152, 153, 154, 155, 156, 157, 158, 159, 160, 161, 162, 163, 164, 165, 166, 167, 168, 169, 170, 171, 172, 173, 174, 175, 176, 177, 178, 179, 180, 181, 182, 183, 184, 185, 186, 187, 188, 189, 190, 191, 192, 193, 194, 195, 196, 197, 198, 199, 200, 201, 202, 203, 204, 205, 206, 207, 208, 209, 210, 211, 212, 213, 214, 215, 216, 217, 218, 219, 220, 221, 222, 223, 224, 225, 226, 227, 228, 229, 230, 231, 232, 233, 234, 235, 236, 237, 238, 239, 240, 241, 242, 243, 244, 245, 246, 247, 248, 249, 250, 251, 252, 253, 254, 255, 256, 257, 258, 259, 260, 261, 262, 263, 264, 265, 266, 267, 268, 269, 270, 271, 272, 273, 274, 275, 276, 277, 278, 279, 280, 281, 282, 283, 284, 285, 286, 287, 288, 289, 290, 291, 292, 293, 294, 295, 296, 297, 298, 299, 300, 301, 302, 303, 304, 305, 306, 307, 308, 309, 310, 311, 312, 313, 314, 315, 316, 317, 318, 319, 320, 321, 322, 323, 324, 325, 326, 327, 328, 329, 330, 331, 332, 333, 334, 335, 336, 337, 369, 401, 574, 575, 576, 577, 578, 579, 580, 581, 582, 583, 584, 585, 586, 587, 588, 589, 590, 591, 592, 593, 594, 595, 596, 597, 598, 599, 600, 601, 602, 603, 604, 605, 606, 607, 608, 609, 610, 611, 612, 613, 614, 615, 616, 617, 618, 619, 620, 621, 622, 623, 624, 625, 626, 627, 628, 629, 630, 631, 632, 633, 634, 635, 636, 637, 638, 639, 640, 641, 642, 643, 644, 645, 646, 647, 648, 649, 650, 651, 652, 653, 654, 655, 656, 657, 658, 659, 660, 661, 662, 663, 664, 665, 666, 667, 668, 669, 670, 671, 672, 673, 674, 675, 676, 677, 678, 679, 680, 681, 682, 683, 684, 685, 686, 687, 688, 689, 690, 691, 692, 693, 694, 695, 696, 697, 698, 699, 700, 701, 702, 703, 704, 705, 706, 707, 708, 709, 710, 711, 712, 713, 714, 715, 716, 717, 718, 719, 720, 721, 722, 723, 724, 725, 726, 727, 728, 729, 730, 731, 732, 733, 734, 735, 736, 737, 738, 739, 740, 741, 742, 743, 744, 745, 746, 747, 748, 749, 750, 751, 752, 753, 754, 755, 756, 757, 758, 759, 760, 761, 762, 763, 764, 765, 766, 767, 768, 769, 770, 771, 772, 773, 774, 775, 776, 777, 778, 779, 780, 781, 782, 783, 784, 785, 786, 787, 788, 789, 790, 791, 792, 793, 819, 850]",True,"[145, 330, 616, 787]","[103, 104, 105, 106, 107, 108, 109, 110, 111, 112, 113, 114, 115, 116, 117, 118, 119, 120, 121, 122, 123, 124, 125, 126, 127, 128, 129, 130, 131, 132, 133, 134, 135, 136, 137, 138, 139, 140, 141, 142, 143, 144, 145, 146, 147, 148, 149, 150, 151, 152, 153, 154, 155, 156, 157, 158, 159, 160, 161, 162, 163, 164, 165, 166, 167, 168, 169, 170, 171, 172, 173, 174, 175, 176, 177, 178, 179, 180, 181, 182, 183, 184, 185, 186, 187, 188, 189, 190, 191, 192, 193, 194, 195, 196, 197, 198, 199, 200, 201, 202, 203, 204, 205, 206, 207, 208, 209, 210, 211, 212, 213, 214, 215, 216, 217, 218, 219, 220, 221, 222, 223, 224, 225, 226, 227, 228, 229, 230, 231, 232, 233, 234, 235, 236, 237, 238, 239, 240, 241, 242, 243, 244, 245, 246, 247, 248, 249, 250, 251, 252, 253, 254, 255, 256, 257, 258, 259, 260, 261, 262, 263, 264, 265, 266, 267, 268, 269, 270, 271, 272, 273, 274, 275, 276, 277, 278, 279, 280, 281, 282, 283, 284, 285, 286, 287, 288, 289, 290, 291, 292, 293, 294, 295, 296, 297, 298, 299, 300, 301, 302, 303, 304, 305, 306, 307, 308, 309, 310, 311, 312, 313, 314, 315, 316, 317, 318, 319, 320, 321, 322, 323, 324, 325, 326, 327, 328, 329, 330, 331, 332, 333, 334, 335, 336, 337, 574, 575, 576, 577, 578, 579, 580, 581, 582, 583, 584, 585, 586, 587, 588, 589, 590, 591, 592, 593, 594, 595, 596, 597, 598, 599, 600, 601, 602, 603, 604, 605, 606, 607, 608, 609, 610, 611, 612, 613, 614, 615, 616, 617, 618, 619, 620, 621, 622, 623, 624, 625, 626, 627, 628, 629, 630, 631, 632, 633, 634, 635, 636, 637, 638, 639, 640, 641, 642, 643, 644, 645, 646, 647, 648, 649, 650, 651, 652, 653, 654, 655, 656, 657, 658, 659, 660, 661, 662, 663, 664, 665, 666, 667, 668, 669, 670, 671, 672, 673, 674, 675, 676, 677, 678, 679, 680, 681, 682, 683, 684, 685, 686, 687, 688, 689, 690, 691, 692, 693, 694, 695, 696, 697, 698, 699, 700, 701, 702, 703, 704, 705, 706, 707, 708, 709, 710, 711, 712, 713, 714, 715, 716, 717, 718, 719, 720, 721, 722, 723, 724, 725, 726, 727, 728, 729, 730, 731, 732, 733, 734, 735, 736, 737, 738, 739, 740, 741, 742, 743, 744, 745, 746, 747, 748, 749, 750, 751, 752, 753, 754, 755, 756, 757, 758, 759, 760, 761, 762, 763, 764, 765, 766, 767, 768, 769, 770, 771, 772, 773, 774, 775, 776, 777, 778, 779, 780, 781, 782, 783, 784, 785, 786, 787, 788, 789, 790, 791, 792, 793]","[145, 330, 369, 616, 787, 819]","[127, 145, 401, 598, 616, 850]","[143, 145, 181, 233, 234, 236, 295, 330, 614, 616, 652, 697, 698, 700, 754, 787]","[145, 616]",[],7/6 successful match,True,[307],True,252,False,,,,,
"Cudahy , 90201 Cudahy Fuel Stop",323-562-1090 I-710 Ex 13 ( CA 42 W to 8330 Atlantic N ),N ) <U+25A1> <U+25A1>,Cudahy,90201,Cudahy Fuel Stop,323-562-1090,2007,Bell Gardens,CA,,( CA 42 W to 8330 Atlantic N ),I-710 Ex 13 ,Exit,13,False,,False,I-710,,,,,"[616, 145]","[145, 330, 616, 787]","[145, 330, 369, 616, 787, 819]","[127, 145, 401, 598, 616, 850]","[103, 104, 105, 106, 107, 108, 109, 110, 111, 112, 113, 114, 115, 116, 117, 118, 119, 120, 121, 122, 123, 124, 125, 126, 127, 128, 129, 130, 131, 132, 133, 134, 135, 136, 137, 138, 139, 140, 141, 142, 143, 144, 145, 146, 147, 148, 149, 150, 151, 152, 153, 154, 155, 156, 157, 158, 159, 160, 161, 162, 163, 164, 165, 166, 167, 168, 169, 170, 171, 172, 173, 174, 175, 176, 177, 178, 179, 180, 181, 182, 183, 184, 185, 186, 187, 188, 189, 190, 191, 192, 193, 194, 195, 196, 197, 198, 199, 200, 201, 202, 203, 204, 205, 206, 207, 208, 209, 210, 211, 212, 213, 214, 215, 216, 217, 218, 219, 220, 221, 222, 223, 224, 225, 226, 227, 228, 229, 230, 231, 232, 233, 234, 235, 236, 237, 238, 239, 240, 241, 242, 243, 244, 245, 246, 247, 248, 249, 250, 251, 252, 253, 254, 255, 256, 257, 258, 259, 260, 261, 262, 263, 264, 265, 266, 267, 268, 269, 270, 271, 272, 273, 274, 275, 276, 277, 278, 279, 280, 281, 282, 283, 284, 285, 286, 287, 288, 289, 290, 291, 292, 293, 294, 295, 296, 297, 298, 299, 300, 301, 302, 303, 304, 305, 306, 307, 308, 309, 310, 311, 312, 313, 314, 315, 316, 317, 318, 319, 320, 321, 322, 323, 324, 325, 326, 327, 328, 329, 330, 331, 332, 333, 334, 335, 336, 337, 574, 575, 576, 577, 578, 579, 580, 581, 582, 583, 584, 585, 586, 587, 588, 589, 590, 591, 592, 593, 594, 595, 596, 597, 598, 599, 600, 601, 602, 603, 604, 605, 606, 607, 608, 609, 610, 611, 612, 613, 614, 615, 616, 617, 618, 619, 620, 621, 622, 623, 624, 625, 626, 627, 628, 629, 630, 631, 632, 633, 634, 635, 636, 637, 638, 639, 640, 641, 642, 643, 644, 645, 646, 647, 648, 649, 650, 651, 652, 653, 654, 655, 656, 657, 658, 659, 660, 661, 662, 663, 664, 665, 666, 667, 668, 669, 670, 671, 672, 673, 674, 675, 676, 677, 678, 679, 680, 681, 682, 683, 684, 685, 686, 687, 688, 689, 690, 691, 692, 693, 694, 695, 696, 697, 698, 699, 700, 701, 702, 703, 704, 705, 706, 707, 708, 709, 710, 711, 712, 713, 714, 715, 716, 717, 718, 719, 720, 721, 722, 723, 724, 725, 726, 727, 728, 729, 730, 731, 732, 733, 734, 735, 736, 737, 738, 739, 740, 741, 742, 743, 744, 745, 746, 747, 748, 749, 750, 751, 752, 753, 754, 755, 756, 757, 758, 759, 760, 761, 762, 763, 764, 765, 766, 767, 768, 769, 770, 771, 772, 773, 774, 775, 776, 777, 778, 779, 780, 781, 782, 783, 784, 785, 786, 787, 788, 789, 790, 791, 792, 793]","[143, 145, 181, 233, 234, 236, 295, 330, 614, 616, 652, 697, 698, 700, 754, 787]",[],"[145, 616]","[103, 104, 105, 106, 107, 108, 109, 110, 111, 112, 113, 114, 115, 116, 117, 118, 119, 120, 121, 122, 123, 124, 125, 126, 127, 128, 129, 130, 131, 132, 133, 134, 135, 136, 137, 138, 139, 140, 141, 142, 143, 144, 145, 146, 147, 148, 149, 150, 151, 152, 153, 154, 155, 156, 157, 158, 159, 160, 161, 162, 163, 164, 165, 166, 167, 168, 169, 170, 171, 172, 173, 174, 175, 176, 177, 178, 179, 180, 181, 182, 183, 184, 185, 186, 187, 188, 189, 190, 191, 192, 193, 194, 195, 196, 197, 198, 199, 200, 201, 202, 203, 204, 205, 206, 207, 208, 209, 210, 211, 212, 213, 214, 215, 216, 217, 218, 219, 220, 221, 222, 223, 224, 225, 226, 227, 228, 229, 230, 231, 232, 233, 234, 235, 236, 237, 238, 239, 240, 241, 242, 243, 244, 245, 246, 247, 248, 249, 250, 251, 252, 253, 254, 255, 256, 257, 258, 259, 260, 261, 262, 263, 264, 265, 266, 267, 268, 269, 270, 271, 272, 273, 274, 275, 276, 277, 278, 279, 280, 281, 282, 283, 284, 285, 286, 287, 288, 289, 290, 291, 292, 293, 294, 295, 296, 297, 298, 299, 300, 301, 302, 303, 304, 305, 306, 307, 308, 309, 310, 311, 312, 313, 314, 315, 316, 317, 318, 319, 320, 321, 322, 323, 324, 325, 326, 327, 328, 329, 330, 331, 332, 333, 334, 335, 336, 337, 369, 401, 574, 575, 576, 577, 578, 579, 580, 581, 582, 583, 584, 585, 586, 587, 588, 589, 590, 591, 592, 593, 594, 595, 596, 597, 598, 599, 600, 601, 602, 603, 604, 605, 606, 607, 608, 609, 610, 611, 612, 613, 614, 615, 616, 617, 618, 619, 620, 621, 622, 623, 624, 625, 626, 627, 628, 629, 630, 631, 632, 633, 634, 635, 636, 637, 638, 639, 640, 641, 642, 643, 644, 645, 646, 647, 648, 649, 650, 651, 652, 653, 654, 655, 656, 657, 658, 659, 660, 661, 662, 663, 664, 665, 666, 667, 668, 669, 670, 671, 672, 673, 674, 675, 676, 677, 678, 679, 680, 681, 682, 683, 684, 685, 686, 687, 688, 689, 690, 691, 692, 693, 694, 695, 696, 697, 698, 699, 700, 701, 702, 703, 704, 705, 706, 707, 708, 709, 710, 711, 712, 713, 714, 715, 716, 717, 718, 719, 720, 721, 722, 723, 724, 725, 726, 727, 728, 729, 730, 731, 732, 733, 734, 735, 736, 737, 738, 739, 740, 741, 742, 743, 744, 745, 746, 747, 748, 749, 750, 751, 752, 753, 754, 755, 756, 757, 758, 759, 760, 761, 762, 763, 764, 765, 766, 767, 768, 769, 770, 771, 772, 773, 774, 775, 776, 777, 778, 779, 780, 781, 782, 783, 784, 785, 786, 787, 788, 789, 790, 791, 792, 793, 819, 850]",True,"[145, 330, 616, 787]","[103, 104, 105, 106, 107, 108, 109, 110, 111, 112, 113, 114, 115, 116, 117, 118, 119, 120, 121, 122, 123, 124, 125, 126, 127, 128, 129, 130, 131, 132, 133, 134, 135, 136, 137, 138, 139, 140, 141, 142, 143, 144, 145, 146, 147, 148, 149, 150, 151, 152, 153, 154, 155, 156, 157, 158, 159, 160, 161, 162, 163, 164, 165, 166, 167, 168, 169, 170, 171, 172, 173, 174, 175, 176, 177, 178, 179, 180, 181, 182, 183, 184, 185, 186, 187, 188, 189, 190, 191, 192, 193, 194, 195, 196, 197, 198, 199, 200, 201, 202, 203, 204, 205, 206, 207, 208, 209, 210, 211, 212, 213, 214, 215, 216, 217, 218, 219, 220, 221, 222, 223, 224, 225, 226, 227, 228, 229, 230, 231, 232, 233, 234, 235, 236, 237, 238, 239, 240, 241, 242, 243, 244, 245, 246, 247, 248, 249, 250, 251, 252, 253, 254, 255, 256, 257, 258, 259, 260, 261, 262, 263, 264, 265, 266, 267, 268, 269, 270, 271, 272, 273, 274, 275, 276, 277, 278, 279, 280, 281, 282, 283, 284, 285, 286, 287, 288, 289, 290, 291, 292, 293, 294, 295, 296, 297, 298, 299, 300, 301, 302, 303, 304, 305, 306, 307, 308, 309, 310, 311, 312, 313, 314, 315, 316, 317, 318, 319, 320, 321, 322, 323, 324, 325, 326, 327, 328, 329, 330, 331, 332, 333, 334, 335, 336, 337, 574, 575, 576, 577, 578, 579, 580, 581, 582, 583, 584, 585, 586, 587, 588, 589, 590, 591, 592, 593, 594, 595, 596, 597, 598, 599, 600, 601, 602, 603, 604, 605, 606, 607, 608, 609, 610, 611, 612, 613, 614, 615, 616, 617, 618, 619, 620, 621, 622, 623, 624, 625, 626, 627, 628, 629, 630, 631, 632, 633, 634, 635, 636, 637, 638, 639, 640, 641, 642, 643, 644, 645, 646, 647, 648, 649, 650, 651, 652, 653, 654, 655, 656, 657, 658, 659, 660, 661, 662, 663, 664, 665, 666, 667, 668, 669, 670, 671, 672, 673, 674, 675, 676, 677, 678, 679, 680, 681, 682, 683, 684, 685, 686, 687, 688, 689, 690, 691, 692, 693, 694, 695, 696, 697, 698, 699, 700, 701, 702, 703, 704, 705, 706, 707, 708, 709, 710, 711, 712, 713, 714, 715, 716, 717, 718, 719, 720, 721, 722, 723, 724, 725, 726, 727, 728, 729, 730, 731, 732, 733, 734, 735, 736, 737, 738, 739, 740, 741, 742, 743, 744, 745, 746, 747, 748, 749, 750, 751, 752, 753, 754, 755, 756, 757, 758, 759, 760, 761, 762, 763, 764, 765, 766, 767, 768, 769, 770, 771, 772, 773, 774, 775, 776, 777, 778, 779, 780, 781, 782, 783, 784, 785, 786, 787, 788, 789, 790, 791, 792, 793]","[145, 330, 369, 616, 787, 819]","[127, 145, 401, 598, 616, 850]","[143, 145, 181, 233, 234, 236, 295, 330, 614, 616, 652, 697, 698, 700, 754, 787]","[145, 616]",[],7/6 successful match,True,[307],True,252,False,,0.8999999999999999,True,Cudahy Fuel Stop,
"Cudahy , 90201 Fuel Stop",5 323-562-1090 I-710 Cudahy Ex 13 ( CA 42 W to 8330 Atlantic N ),) <U+25A1> <U+25A1>,Cudahy,90201,Fuel Stop,323-562-1090,2008,Bell Gardens,CA,,( CA 42 W to 8330 Atlantic N ),I-710 Cudahy Ex 13 ,Exit,13,False,,False,I-710,,,,,"[616, 145]","[145, 330, 616, 787]","[145, 330, 369, 616, 787, 819]","[127, 145, 401, 598, 616, 850]","[103, 104, 105, 106, 107, 108, 109, 110, 111, 112, 113, 114, 115, 116, 117, 118, 119, 120, 121, 122, 123, 124, 125, 126, 127, 128, 129, 130, 131, 132, 133, 134, 135, 136, 137, 138, 139, 140, 141, 142, 143, 144, 145, 146, 147, 148, 149, 150, 151, 152, 153, 154, 155, 156, 157, 158, 159, 160, 161, 162, 163, 164, 165, 166, 167, 168, 169, 170, 171, 172, 173, 174, 175, 176, 177, 178, 179, 180, 181, 182, 183, 184, 185, 186, 187, 188, 189, 190, 191, 192, 193, 194, 195, 196, 197, 198, 199, 200, 201, 202, 203, 204, 205, 206, 207, 208, 209, 210, 211, 212, 213, 214, 215, 216, 217, 218, 219, 220, 221, 222, 223, 224, 225, 226, 227, 228, 229, 230, 231, 232, 233, 234, 235, 236, 237, 238, 239, 240, 241, 242, 243, 244, 245, 246, 247, 248, 249, 250, 251, 252, 253, 254, 255, 256, 257, 258, 259, 260, 261, 262, 263, 264, 265, 266, 267, 268, 269, 270, 271, 272, 273, 274, 275, 276, 277, 278, 279, 280, 281, 282, 283, 284, 285, 286, 287, 288, 289, 290, 291, 292, 293, 294, 295, 296, 297, 298, 299, 300, 301, 302, 303, 304, 305, 306, 307, 308, 309, 310, 311, 312, 313, 314, 315, 316, 317, 318, 319, 320, 321, 322, 323, 324, 325, 326, 327, 328, 329, 330, 331, 332, 333, 334, 335, 336, 337, 574, 575, 576, 577, 578, 579, 580, 581, 582, 583, 584, 585, 586, 587, 588, 589, 590, 591, 592, 593, 594, 595, 596, 597, 598, 599, 600, 601, 602, 603, 604, 605, 606, 607, 608, 609, 610, 611, 612, 613, 614, 615, 616, 617, 618, 619, 620, 621, 622, 623, 624, 625, 626, 627, 628, 629, 630, 631, 632, 633, 634, 635, 636, 637, 638, 639, 640, 641, 642, 643, 644, 645, 646, 647, 648, 649, 650, 651, 652, 653, 654, 655, 656, 657, 658, 659, 660, 661, 662, 663, 664, 665, 666, 667, 668, 669, 670, 671, 672, 673, 674, 675, 676, 677, 678, 679, 680, 681, 682, 683, 684, 685, 686, 687, 688, 689, 690, 691, 692, 693, 694, 695, 696, 697, 698, 699, 700, 701, 702, 703, 704, 705, 706, 707, 708, 709, 710, 711, 712, 713, 714, 715, 716, 717, 718, 719, 720, 721, 722, 723, 724, 725, 726, 727, 728, 729, 730, 731, 732, 733, 734, 735, 736, 737, 738, 739, 740, 741, 742, 743, 744, 745, 746, 747, 748, 749, 750, 751, 752, 753, 754, 755, 756, 757, 758, 759, 760, 761, 762, 763, 764, 765, 766, 767, 768, 769, 770, 771, 772, 773, 774, 775, 776, 777, 778, 779, 780, 781, 782, 783, 784, 785, 786, 787, 788, 789, 790, 791, 792, 793]","[143, 145, 181, 233, 234, 236, 295, 330, 614, 616, 652, 697, 698, 700, 754, 787]",[],[],"[103, 104, 105, 106, 107, 108, 109, 110, 111, 112, 113, 114, 115, 116, 117, 118, 119, 120, 121, 122, 123, 124, 125, 126, 127, 128, 129, 130, 131, 132, 133, 134, 135, 136, 137, 138, 139, 140, 141, 142, 143, 144, 145, 146, 147, 148, 149, 150, 151, 152, 153, 154, 155, 156, 157, 158, 159, 160, 161, 162, 163, 164, 165, 166, 167, 168, 169, 170, 171, 172, 173, 174, 175, 176, 177, 178, 179, 180, 181, 182, 183, 184, 185, 186, 187, 188, 189, 190, 191, 192, 193, 194, 195, 196, 197, 198, 199, 200, 201, 202, 203, 204, 205, 206, 207, 208, 209, 210, 211, 212, 213, 214, 215, 216, 217, 218, 219, 220, 221, 222, 223, 224, 225, 226, 227, 228, 229, 230, 231, 232, 233, 234, 235, 236, 237, 238, 239, 240, 241, 242, 243, 244, 245, 246, 247, 248, 249, 250, 251, 252, 253, 254, 255, 256, 257, 258, 259, 260, 261, 262, 263, 264, 265, 266, 267, 268, 269, 270, 271, 272, 273, 274, 275, 276, 277, 278, 279, 280, 281, 282, 283, 284, 285, 286, 287, 288, 289, 290, 291, 292, 293, 294, 295, 296, 297, 298, 299, 300, 301, 302, 303, 304, 305, 306, 307, 308, 309, 310, 311, 312, 313, 314, 315, 316, 317, 318, 319, 320, 321, 322, 323, 324, 325, 326, 327, 328, 329, 330, 331, 332, 333, 334, 335, 336, 337, 369, 401, 574, 575, 576, 577, 578, 579, 580, 581, 582, 583, 584, 585, 586, 587, 588, 589, 590, 591, 592, 593, 594, 595, 596, 597, 598, 599, 600, 601, 602, 603, 604, 605, 606, 607, 608, 609, 610, 611, 612, 613, 614, 615, 616, 617, 618, 619, 620, 621, 622, 623, 624, 625, 626, 627, 628, 629, 630, 631, 632, 633, 634, 635, 636, 637, 638, 639, 640, 641, 642, 643, 644, 645, 646, 647, 648, 649, 650, 651, 652, 653, 654, 655, 656, 657, 658, 659, 660, 661, 662, 663, 664, 665, 666, 667, 668, 669, 670, 671, 672, 673, 674, 675, 676, 677, 678, 679, 680, 681, 682, 683, 684, 685, 686, 687, 688, 689, 690, 691, 692, 693, 694, 695, 696, 697, 698, 699, 700, 701, 702, 703, 704, 705, 706, 707, 708, 709, 710, 711, 712, 713, 714, 715, 716, 717, 718, 719, 720, 721, 722, 723, 724, 725, 726, 727, 728, 729, 730, 731, 732, 733, 734, 735, 736, 737, 738, 739, 740, 741, 742, 743, 744, 745, 746, 747, 748, 749, 750, 751, 752, 753, 754, 755, 756, 757, 758, 759, 760, 761, 762, 763, 764, 765, 766, 767, 768, 769, 770, 771, 772, 773, 774, 775, 776, 777, 778, 779, 780, 781, 782, 783, 784, 785, 786, 787, 788, 789, 790, 791, 792, 793, 819, 850]",True,"[145, 330, 616, 787]","[103, 104, 105, 106, 107, 108, 109, 110, 111, 112, 113, 114, 115, 116, 117, 118, 119, 120, 121, 122, 123, 124, 125, 126, 127, 128, 129, 130, 131, 132, 133, 134, 135, 136, 137, 138, 139, 140, 141, 142, 143, 144, 145, 146, 147, 148, 149, 150, 151, 152, 153, 154, 155, 156, 157, 158, 159, 160, 161, 162, 163, 164, 165, 166, 167, 168, 169, 170, 171, 172, 173, 174, 175, 176, 177, 178, 179, 180, 181, 182, 183, 184, 185, 186, 187, 188, 189, 190, 191, 192, 193, 194, 195, 196, 197, 198, 199, 200, 201, 202, 203, 204, 205, 206, 207, 208, 209, 210, 211, 212, 213, 214, 215, 216, 217, 218, 219, 220, 221, 222, 223, 224, 225, 226, 227, 228, 229, 230, 231, 232, 233, 234, 235, 236, 237, 238, 239, 240, 241, 242, 243, 244, 245, 246, 247, 248, 249, 250, 251, 252, 253, 254, 255, 256, 257, 258, 259, 260, 261, 262, 263, 264, 265, 266, 267, 268, 269, 270, 271, 272, 273, 274, 275, 276, 277, 278, 279, 280, 281, 282, 283, 284, 285, 286, 287, 288, 289, 290, 291, 292, 293, 294, 295, 296, 297, 298, 299, 300, 301, 302, 303, 304, 305, 306, 307, 308, 309, 310, 311, 312, 313, 314, 315, 316, 317, 318, 319, 320, 321, 322, 323, 324, 325, 326, 327, 328, 329, 330, 331, 332, 333, 334, 335, 336, 337, 574, 575, 576, 577, 578, 579, 580, 581, 582, 583, 584, 585, 586, 587, 588, 589, 590, 591, 592, 593, 594, 595, 596, 597, 598, 599, 600, 601, 602, 603, 604, 605, 606, 607, 608, 609, 610, 611, 612, 613, 614, 615, 616, 617, 618, 619, 620, 621, 622, 623, 624, 625, 626, 627, 628, 629, 630, 631, 632, 633, 634, 635, 636, 637, 638, 639, 640, 641, 642, 643, 644, 645, 646, 647, 648, 649, 650, 651, 652, 653, 654, 655, 656, 657, 658, 659, 660, 661, 662, 663, 664, 665, 666, 667, 668, 669, 670, 671, 672, 673, 674, 675, 676, 677, 678, 679, 680, 681, 682, 683, 684, 685, 686, 687, 688, 689, 690, 691, 692, 693, 694, 695, 696, 697, 698, 699, 700, 701, 702, 703, 704, 705, 706, 707, 708, 709, 710, 711, 712, 713, 714, 715, 716, 717, 718, 719, 720, 721, 722, 723, 724, 725, 726, 727, 728, 729, 730, 731, 732, 733, 734, 735, 736, 737, 738, 739, 740, 741, 742, 743, 744, 745, 746, 747, 748, 749, 750, 751, 752, 753, 754, 755, 756, 757, 758, 759, 760, 761, 762, 763, 764, 765, 766, 767, 768, 769, 770, 771, 772, 773, 774, 775, 776, 777, 778, 779, 780, 781, 782, 783, 784, 785, 786, 787, 788, 789, 790, 791, 792, 793]","[145, 330, 369, 616, 787, 819]","[127, 145, 401, 598, 616, 850]","[143, 145, 181, 233, 234, 236, 295, 330, 614, 616, 652, 697, 698, 700, 754, 787]",[],[],7/6 successful match,True,[307],True,252,False,,0.72,True,Cudahy Fuel Stop,
Cudahy ( 90201 ) Cudahy Fuel Stop ( Spirit ),5 323-562-1090 I-710 Ex 13 ( CA 42 W to 8330 Atlantic N ),N ) <U+2610> D,Cudahy,90201,Cudahy Fuel Stop ( Spirit ),323-562-1090,2014,Bell Gardens,CA,,( CA 42 W to 8330 Atlantic N ),I-710 Ex 13 ,Exit,13,False,,False,I-710,,,,,"[616, 145]","[145, 330, 616, 787]","[145, 330, 369, 616, 787, 819]","[127, 145, 401, 598, 616, 850]","[103, 104, 105, 106, 107, 108, 109, 110, 111, 112, 113, 114, 115, 116, 117, 118, 119, 120, 121, 122, 123, 124, 125, 126, 127, 128, 129, 130, 131, 132, 133, 134, 135, 136, 137, 138, 139, 140, 141, 142, 143, 144, 145, 146, 147, 148, 149, 150, 151, 152, 153, 154, 155, 156, 157, 158, 159, 160, 161, 162, 163, 164, 165, 166, 167, 168, 169, 170, 171, 172, 173, 174, 175, 176, 177, 178, 179, 180, 181, 182, 183, 184, 185, 186, 187, 188, 189, 190, 191, 192, 193, 194, 195, 196, 197, 198, 199, 200, 201, 202, 203, 204, 205, 206, 207, 208, 209, 210, 211, 212, 213, 214, 215, 216, 217, 218, 219, 220, 221, 222, 223, 224, 225, 226, 227, 228, 229, 230, 231, 232, 233, 234, 235, 236, 237, 238, 239, 240, 241, 242, 243, 244, 245, 246, 247, 248, 249, 250, 251, 252, 253, 254, 255, 256, 257, 258, 259, 260, 261, 262, 263, 264, 265, 266, 267, 268, 269, 270, 271, 272, 273, 274, 275, 276, 277, 278, 279, 280, 281, 282, 283, 284, 285, 286, 287, 288, 289, 290, 291, 292, 293, 294, 295, 296, 297, 298, 299, 300, 301, 302, 303, 304, 305, 306, 307, 308, 309, 310, 311, 312, 313, 314, 315, 316, 317, 318, 319, 320, 321, 322, 323, 324, 325, 326, 327, 328, 329, 330, 331, 332, 333, 334, 335, 336, 337, 574, 575, 576, 577, 578, 579, 580, 581, 582, 583, 584, 585, 586, 587, 588, 589, 590, 591, 592, 593, 594, 595, 596, 597, 598, 599, 600, 601, 602, 603, 604, 605, 606, 607, 608, 609, 610, 611, 612, 613, 614, 615, 616, 617, 618, 619, 620, 621, 622, 623, 624, 625, 626, 627, 628, 629, 630, 631, 632, 633, 634, 635, 636, 637, 638, 639, 640, 641, 642, 643, 644, 645, 646, 647, 648, 649, 650, 651, 652, 653, 654, 655, 656, 657, 658, 659, 660, 661, 662, 663, 664, 665, 666, 667, 668, 669, 670, 671, 672, 673, 674, 675, 676, 677, 678, 679, 680, 681, 682, 683, 684, 685, 686, 687, 688, 689, 690, 691, 692, 693, 694, 695, 696, 697, 698, 699, 700, 701, 702, 703, 704, 705, 706, 707, 708, 709, 710, 711, 712, 713, 714, 715, 716, 717, 718, 719, 720, 721, 722, 723, 724, 725, 726, 727, 728, 729, 730, 731, 732, 733, 734, 735, 736, 737, 738, 739, 740, 741, 742, 743, 744, 745, 746, 747, 748, 749, 750, 751, 752, 753, 754, 755, 756, 757, 758, 759, 760, 761, 762, 763, 764, 765, 766, 767, 768, 769, 770, 771, 772, 773, 774, 775, 776, 777, 778, 779, 780, 781, 782, 783, 784, 785, 786, 787, 788, 789, 790, 791, 792, 793]","[143, 145, 181, 233, 234, 236, 295, 330, 614, 616, 652, 697, 698, 700, 754, 787]",[],"[145, 616]","[103, 104, 105, 106, 107, 108, 109, 110, 111, 112, 113, 114, 115, 116, 117, 118, 119, 120, 121, 122, 123, 124, 125, 126, 127, 128, 129, 130, 131, 132, 133, 134, 135, 136, 137, 138, 139, 140, 141, 142, 143, 144, 145, 146, 147, 148, 149, 150, 151, 152, 153, 154, 155, 156, 157, 158, 159, 160, 161, 162, 163, 164, 165, 166, 167, 168, 169, 170, 171, 172, 173, 174, 175, 176, 177, 178, 179, 180, 181, 182, 183, 184, 185, 186, 187, 188, 189, 190, 191, 192, 193, 194, 195, 196, 197, 198, 199, 200, 201, 202, 203, 204, 205, 206, 207, 208, 209, 210, 211, 212, 213, 214, 215, 216, 217, 218, 219, 220, 221, 222, 223, 224, 225, 226, 227, 228, 229, 230, 231, 232, 233, 234, 235, 236, 237, 238, 239, 240, 241, 242, 243, 244, 245, 246, 247, 248, 249, 250, 251, 252, 253, 254, 255, 256, 257, 258, 259, 260, 261, 262, 263, 264, 265, 266, 267, 268, 269, 270, 271, 272, 273, 274, 275, 276, 277, 278, 279, 280, 281, 282, 283, 284, 285, 286, 287, 288, 289, 290, 291, 292, 293, 294, 295, 296, 297, 298, 299, 300, 301, 302, 303, 304, 305, 306, 307, 308, 309, 310, 311, 312, 313, 314, 315, 316, 317, 318, 319, 320, 321, 322, 323, 324, 325, 326, 327, 328, 329, 330, 331, 332, 333, 334, 335, 336, 337, 369, 401, 574, 575, 576, 577, 578, 579, 580, 581, 582, 583, 584, 585, 586, 587, 588, 589, 590, 591, 592, 593, 594, 595, 596, 597, 598, 599, 600, 601, 602, 603, 604, 605, 606, 607, 608, 609, 610, 611, 612, 613, 614, 615, 616, 617, 618, 619, 620, 621, 622, 623, 624, 625, 626, 627, 628, 629, 630, 631, 632, 633, 634, 635, 636, 637, 638, 639, 640, 641, 642, 643, 644, 645, 646, 647, 648, 649, 650, 651, 652, 653, 654, 655, 656, 657, 658, 659, 660, 661, 662, 663, 664, 665, 666, 667, 668, 669, 670, 671, 672, 673, 674, 675, 676, 677, 678, 679, 680, 681, 682, 683, 684, 685, 686, 687, 688, 689, 690, 691, 692, 693, 694, 695, 696, 697, 698, 699, 700, 701, 702, 703, 704, 705, 706, 707, 708, 709, 710, 711, 712, 713, 714, 715, 716, 717, 718, 719, 720, 721, 722, 723, 724, 725, 726, 727, 728, 729, 730, 731, 732, 733, 734, 735, 736, 737, 738, 739, 740, 741, 742, 743, 744, 745, 746, 747, 748, 749, 750, 751, 752, 753, 754, 755, 756, 757, 758, 759, 760, 761, 762, 763, 764, 765, 766, 767, 768, 769, 770, 771, 772, 773, 774, 775, 776, 777, 778, 779, 780, 781, 782, 783, 784, 785, 786, 787, 788, 789, 790, 791, 792, 793, 819, 850]",True,"[145, 330, 616, 787]","[103, 104, 105, 106, 107, 108, 109, 110, 111, 112, 113, 114, 115, 116, 117, 118, 119, 120, 121, 122, 123, 124, 125, 126, 127, 128, 129, 130, 131, 132, 133, 134, 135, 136, 137, 138, 139, 140, 141, 142, 143, 144, 145, 146, 147, 148, 149, 150, 151, 152, 153, 154, 155, 156, 157, 158, 159, 160, 161, 162, 163, 164, 165, 166, 167, 168, 169, 170, 171, 172, 173, 174, 175, 176, 177, 178, 179, 180, 181, 182, 183, 184, 185, 186, 187, 188, 189, 190, 191, 192, 193, 194, 195, 196, 197, 198, 199, 200, 201, 202, 203, 204, 205, 206, 207, 208, 209, 210, 211, 212, 213, 214, 215, 216, 217, 218, 219, 220, 221, 222, 223, 224, 225, 226, 227, 228, 229, 230, 231, 232, 233, 234, 235, 236, 237, 238, 239, 240, 241, 242, 243, 244, 245, 246, 247, 248, 249, 250, 251, 252, 253, 254, 255, 256, 257, 258, 259, 260, 261, 262, 263, 264, 265, 266, 267, 268, 269, 270, 271, 272, 273, 274, 275, 276, 277, 278, 279, 280, 281, 282, 283, 284, 285, 286, 287, 288, 289, 290, 291, 292, 293, 294, 295, 296, 297, 298, 299, 300, 301, 302, 303, 304, 305, 306, 307, 308, 309, 310, 311, 312, 313, 314, 315, 316, 317, 318, 319, 320, 321, 322, 323, 324, 325, 326, 327, 328, 329, 330, 331, 332, 333, 334, 335, 336, 337, 574, 575, 576, 577, 578, 579, 580, 581, 582, 583, 584, 585, 586, 587, 588, 589, 590, 591, 592, 593, 594, 595, 596, 597, 598, 599, 600, 601, 602, 603, 604, 605, 606, 607, 608, 609, 610, 611, 612, 613, 614, 615, 616, 617, 618, 619, 620, 621, 622, 623, 624, 625, 626, 627, 628, 629, 630, 631, 632, 633, 634, 635, 636, 637, 638, 639, 640, 641, 642, 643, 644, 645, 646, 647, 648, 649, 650, 651, 652, 653, 654, 655, 656, 657, 658, 659, 660, 661, 662, 663, 664, 665, 666, 667, 668, 669, 670, 671, 672, 673, 674, 675, 676, 677, 678, 679, 680, 681, 682, 683, 684, 685, 686, 687, 688, 689, 690, 691, 692, 693, 694, 695, 696, 697, 698, 699, 700, 701, 702, 703, 704, 705, 706, 707, 708, 709, 710, 711, 712, 713, 714, 715, 716, 717, 718, 719, 720, 721, 722, 723, 724, 725, 726, 727, 728, 729, 730, 731, 732, 733, 734, 735, 736, 737, 738, 739, 740, 741, 742, 743, 744, 745, 746, 747, 748, 749, 750, 751, 752, 753, 754, 755, 756, 757, 758, 759, 760, 761, 762, 763, 764, 765, 766, 767, 768, 769, 770, 771, 772, 773, 774, 775, 776, 777, 778, 779, 780, 781, 782, 783, 784, 785, 786, 787, 788, 789, 790, 791, 792, 793]","[145, 330, 369, 616, 787, 819]","[127, 145, 401, 598, 616, 850]","[143, 145, 181, 233, 234, 236, 295, 330, 614, 616, 652, 697, 698, 700, 754, 787]","[145, 616]",[],7/6 successful match,True,[307],True,252,False,,0.5,True,Fuel Stop,
Cudahy ( 90201 ) Cudahy Fuel Stop ( Spirit ),5 323-562-1090 I-710 Ex 13 ( CA 42 W to 8330 Atlantic N ),) <U+2610> <U+2610> <U+2610>,Cudahy,90201,Cudahy Fuel Stop ( Spirit ),323-562-1090,2015,Bell Gardens,CA,,( CA 42 W to 8330 Atlantic N ),I-710 Ex 13 ,Exit,13,False,,False,I-710,,,,,"[616, 145]","[145, 330, 616, 787]","[145, 330, 369, 616, 787, 819]","[127, 145, 401, 598, 616, 850]","[103, 104, 105, 106, 107, 108, 109, 110, 111, 112, 113, 114, 115, 116, 117, 118, 119, 120, 121, 122, 123, 124, 125, 126, 127, 128, 129, 130, 131, 132, 133, 134, 135, 136, 137, 138, 139, 140, 141, 142, 143, 144, 145, 146, 147, 148, 149, 150, 151, 152, 153, 154, 155, 156, 157, 158, 159, 160, 161, 162, 163, 164, 165, 166, 167, 168, 169, 170, 171, 172, 173, 174, 175, 176, 177, 178, 179, 180, 181, 182, 183, 184, 185, 186, 187, 188, 189, 190, 191, 192, 193, 194, 195, 196, 197, 198, 199, 200, 201, 202, 203, 204, 205, 206, 207, 208, 209, 210, 211, 212, 213, 214, 215, 216, 217, 218, 219, 220, 221, 222, 223, 224, 225, 226, 227, 228, 229, 230, 231, 232, 233, 234, 235, 236, 237, 238, 239, 240, 241, 242, 243, 244, 245, 246, 247, 248, 249, 250, 251, 252, 253, 254, 255, 256, 257, 258, 259, 260, 261, 262, 263, 264, 265, 266, 267, 268, 269, 270, 271, 272, 273, 274, 275, 276, 277, 278, 279, 280, 281, 282, 283, 284, 285, 286, 287, 288, 289, 290, 291, 292, 293, 294, 295, 296, 297, 298, 299, 300, 301, 302, 303, 304, 305, 306, 307, 308, 309, 310, 311, 312, 313, 314, 315, 316, 317, 318, 319, 320, 321, 322, 323, 324, 325, 326, 327, 328, 329, 330, 331, 332, 333, 334, 335, 336, 337, 574, 575, 576, 577, 578, 579, 580, 581, 582, 583, 584, 585, 586, 587, 588, 589, 590, 591, 592, 593, 594, 595, 596, 597, 598, 599, 600, 601, 602, 603, 604, 605, 606, 607, 608, 609, 610, 611, 612, 613, 614, 615, 616, 617, 618, 619, 620, 621, 622, 623, 624, 625, 626, 627, 628, 629, 630, 631, 632, 633, 634, 635, 636, 637, 638, 639, 640, 641, 642, 643, 644, 645, 646, 647, 648, 649, 650, 651, 652, 653, 654, 655, 656, 657, 658, 659, 660, 661, 662, 663, 664, 665, 666, 667, 668, 669, 670, 671, 672, 673, 674, 675, 676, 677, 678, 679, 680, 681, 682, 683, 684, 685, 686, 687, 688, 689, 690, 691, 692, 693, 694, 695, 696, 697, 698, 699, 700, 701, 702, 703, 704, 705, 706, 707, 708, 709, 710, 711, 712, 713, 714, 715, 716, 717, 718, 719, 720, 721, 722, 723, 724, 725, 726, 727, 728, 729, 730, 731, 732, 733, 734, 735, 736, 737, 738, 739, 740, 741, 742, 743, 744, 745, 746, 747, 748, 749, 750, 751, 752, 753, 754, 755, 756, 757, 758, 759, 760, 761, 762, 763, 764, 765, 766, 767, 768, 769, 770, 771, 772, 773, 774, 775, 776, 777, 778, 779, 780, 781, 782, 783, 784, 785, 786, 787, 788, 789, 790, 791, 792, 793]","[143, 145, 181, 233, 234, 236, 295, 330, 614, 616, 652, 697, 698, 700, 754, 787]",[],"[145, 616]","[103, 104, 105, 106, 107, 108, 109, 110, 111, 112, 113, 114, 115, 116, 117, 118, 119, 120, 121, 122, 123, 124, 125, 126, 127, 128, 129, 130, 131, 132, 133, 134, 135, 136, 137, 138, 139, 140, 141, 142, 143, 144, 145, 146, 147, 148, 149, 150, 151, 152, 153, 154, 155, 156, 157, 158, 159, 160, 161, 162, 163, 164, 165, 166, 167, 168, 169, 170, 171, 172, 173, 174, 175, 176, 177, 178, 179, 180, 181, 182, 183, 184, 185, 186, 187, 188, 189, 190, 191, 192, 193, 194, 195, 196, 197, 198, 199, 200, 201, 202, 203, 204, 205, 206, 207, 208, 209, 210, 211, 212, 213, 214, 215, 216, 217, 218, 219, 220, 221, 222, 223, 224, 225, 226, 227, 228, 229, 230, 231, 232, 233, 234, 235, 236, 237, 238, 239, 240, 241, 242, 243, 244, 245, 246, 247, 248, 249, 250, 251, 252, 253, 254, 255, 256, 257, 258, 259, 260, 261, 262, 263, 264, 265, 266, 267, 268, 269, 270, 271, 272, 273, 274, 275, 276, 277, 278, 279, 280, 281, 282, 283, 284, 285, 286, 287, 288, 289, 290, 291, 292, 293, 294, 295, 296, 297, 298, 299, 300, 301, 302, 303, 304, 305, 306, 307, 308, 309, 310, 311, 312, 313, 314, 315, 316, 317, 318, 319, 320, 321, 322, 323, 324, 325, 326, 327, 328, 329, 330, 331, 332, 333, 334, 335, 336, 337, 369, 401, 574, 575, 576, 577, 578, 579, 580, 581, 582, 583, 584, 585, 586, 587, 588, 589, 590, 591, 592, 593, 594, 595, 596, 597, 598, 599, 600, 601, 602, 603, 604, 605, 606, 607, 608, 609, 610, 611, 612, 613, 614, 615, 616, 617, 618, 619, 620, 621, 622, 623, 624, 625, 626, 627, 628, 629, 630, 631, 632, 633, 634, 635, 636, 637, 638, 639, 640, 641, 642, 643, 644, 645, 646, 647, 648, 649, 650, 651, 652, 653, 654, 655, 656, 657, 658, 659, 660, 661, 662, 663, 664, 665, 666, 667, 668, 669, 670, 671, 672, 673, 674, 675, 676, 677, 678, 679, 680, 681, 682, 683, 684, 685, 686, 687, 688, 689, 690, 691, 692, 693, 694, 695, 696, 697, 698, 699, 700, 701, 702, 703, 704, 705, 706, 707, 708, 709, 710, 711, 712, 713, 714, 715, 716, 717, 718, 719, 720, 721, 722, 723, 724, 725, 726, 727, 728, 729, 730, 731, 732, 733, 734, 735, 736, 737, 738, 739, 740, 741, 742, 743, 744, 745, 746, 747, 748, 749, 750, 751, 752, 753, 754, 755, 756, 757, 758, 759, 760, 761, 762, 763, 764, 765, 766, 767, 768, 769, 770, 771, 772, 773, 774, 775, 776, 777, 778, 779, 780, 781, 782, 783, 784, 785, 786, 787, 788, 789, 790, 791, 792, 793, 819, 850]",True,"[145, 330, 616, 787]","[103, 104, 105, 106, 107, 108, 109, 110, 111, 112, 113, 114, 115, 116, 117, 118, 119, 120, 121, 122, 123, 124, 125, 126, 127, 128, 129, 130, 131, 132, 133, 134, 135, 136, 137, 138, 139, 140, 141, 142, 143, 144, 145, 146, 147, 148, 149, 150, 151, 152, 153, 154, 155, 156, 157, 158, 159, 160, 161, 162, 163, 164, 165, 166, 167, 168, 169, 170, 171, 172, 173, 174, 175, 176, 177, 178, 179, 180, 181, 182, 183, 184, 185, 186, 187, 188, 189, 190, 191, 192, 193, 194, 195, 196, 197, 198, 199, 200, 201, 202, 203, 204, 205, 206, 207, 208, 209, 210, 211, 212, 213, 214, 215, 216, 217, 218, 219, 220, 221, 222, 223, 224, 225, 226, 227, 228, 229, 230, 231, 232, 233, 234, 235, 236, 237, 238, 239, 240, 241, 242, 243, 244, 245, 246, 247, 248, 249, 250, 251, 252, 253, 254, 255, 256, 257, 258, 259, 260, 261, 262, 263, 264, 265, 266, 267, 268, 269, 270, 271, 272, 273, 274, 275, 276, 277, 278, 279, 280, 281, 282, 283, 284, 285, 286, 287, 288, 289, 290, 291, 292, 293, 294, 295, 296, 297, 298, 299, 300, 301, 302, 303, 304, 305, 306, 307, 308, 309, 310, 311, 312, 313, 314, 315, 316, 317, 318, 319, 320, 321, 322, 323, 324, 325, 326, 327, 328, 329, 330, 331, 332, 333, 334, 335, 336, 337, 574, 575, 576, 577, 578, 579, 580, 581, 582, 583, 584, 585, 586, 587, 588, 589, 590, 591, 592, 593, 594, 595, 596, 597, 598, 599, 600, 601, 602, 603, 604, 605, 606, 607, 608, 609, 610, 611, 612, 613, 614, 615, 616, 617, 618, 619, 620, 621, 622, 623, 624, 625, 626, 627, 628, 629, 630, 631, 632, 633, 634, 635, 636, 637, 638, 639, 640, 641, 642, 643, 644, 645, 646, 647, 648, 649, 650, 651, 652, 653, 654, 655, 656, 657, 658, 659, 660, 661, 662, 663, 664, 665, 666, 667, 668, 669, 670, 671, 672, 673, 674, 675, 676, 677, 678, 679, 680, 681, 682, 683, 684, 685, 686, 687, 688, 689, 690, 691, 692, 693, 694, 695, 696, 697, 698, 699, 700, 701, 702, 703, 704, 705, 706, 707, 708, 709, 710, 711, 712, 713, 714, 715, 716, 717, 718, 719, 720, 721, 722, 723, 724, 725, 726, 727, 728, 729, 730, 731, 732, 733, 734, 735, 736, 737, 738, 739, 740, 741, 742, 743, 744, 745, 746, 747, 748, 749, 750, 751, 752, 753, 754, 755, 756, 757, 758, 759, 760, 761, 762, 763, 764, 765, 766, 767, 768, 769, 770, 771, 772, 773, 774, 775, 776, 777, 778, 779, 780, 781, 782, 783, 784, 785, 786, 787, 788, 789, 790, 791, 792, 793]","[145, 330, 369, 616, 787, 819]","[127, 145, 401, 598, 616, 850]","[143, 145, 181, 233, 234, 236, 295, 330, 614, 616, 652, 697, 698, 700, 754, 787]","[145, 616]",[],7/6 successful match,True,[307],True,252,False,,1.0,True,Cudahy Fuel Stop ( Spirit ),
Cudahy ( 90201 ) Cudahy Fuel Stop ( Spirit ),323-562-1090 I-710 Ex 13 ( CA 42 W to 8330 Atlantic N ),N ) <U+25A1> <U+25A1> <U+25A1>,Cudahy,90201,Cudahy Fuel Stop ( Spirit ),323-562-1090,2016,Bell Gardens,CA,,( CA 42 W to 8330 Atlantic N ),I-710 Ex 13 ,Exit,13,False,,False,I-710,,,,,"[616, 145]","[145, 330, 616, 787]","[145, 330, 369, 616, 787, 819]","[127, 145, 401, 598, 616, 850]","[103, 104, 105, 106, 107, 108, 109, 110, 111, 112, 113, 114, 115, 116, 117, 118, 119, 120, 121, 122, 123, 124, 125, 126, 127, 128, 129, 130, 131, 132, 133, 134, 135, 136, 137, 138, 139, 140, 141, 142, 143, 144, 145, 146, 147, 148, 149, 150, 151, 152, 153, 154, 155, 156, 157, 158, 159, 160, 161, 162, 163, 164, 165, 166, 167, 168, 169, 170, 171, 172, 173, 174, 175, 176, 177, 178, 179, 180, 181, 182, 183, 184, 185, 186, 187, 188, 189, 190, 191, 192, 193, 194, 195, 196, 197, 198, 199, 200, 201, 202, 203, 204, 205, 206, 207, 208, 209, 210, 211, 212, 213, 214, 215, 216, 217, 218, 219, 220, 221, 222, 223, 224, 225, 226, 227, 228, 229, 230, 231, 232, 233, 234, 235, 236, 237, 238, 239, 240, 241, 242, 243, 244, 245, 246, 247, 248, 249, 250, 251, 252, 253, 254, 255, 256, 257, 258, 259, 260, 261, 262, 263, 264, 265, 266, 267, 268, 269, 270, 271, 272, 273, 274, 275, 276, 277, 278, 279, 280, 281, 282, 283, 284, 285, 286, 287, 288, 289, 290, 291, 292, 293, 294, 295, 296, 297, 298, 299, 300, 301, 302, 303, 304, 305, 306, 307, 308, 309, 310, 311, 312, 313, 314, 315, 316, 317, 318, 319, 320, 321, 322, 323, 324, 325, 326, 327, 328, 329, 330, 331, 332, 333, 334, 335, 336, 337, 574, 575, 576, 577, 578, 579, 580, 581, 582, 583, 584, 585, 586, 587, 588, 589, 590, 591, 592, 593, 594, 595, 596, 597, 598, 599, 600, 601, 602, 603, 604, 605, 606, 607, 608, 609, 610, 611, 612, 613, 614, 615, 616, 617, 618, 619, 620, 621, 622, 623, 624, 625, 626, 627, 628, 629, 630, 631, 632, 633, 634, 635, 636, 637, 638, 639, 640, 641, 642, 643, 644, 645, 646, 647, 648, 649, 650, 651, 652, 653, 654, 655, 656, 657, 658, 659, 660, 661, 662, 663, 664, 665, 666, 667, 668, 669, 670, 671, 672, 673, 674, 675, 676, 677, 678, 679, 680, 681, 682, 683, 684, 685, 686, 687, 688, 689, 690, 691, 692, 693, 694, 695, 696, 697, 698, 699, 700, 701, 702, 703, 704, 705, 706, 707, 708, 709, 710, 711, 712, 713, 714, 715, 716, 717, 718, 719, 720, 721, 722, 723, 724, 725, 726, 727, 728, 729, 730, 731, 732, 733, 734, 735, 736, 737, 738, 739, 740, 741, 742, 743, 744, 745, 746, 747, 748, 749, 750, 751, 752, 753, 754, 755, 756, 757, 758, 759, 760, 761, 762, 763, 764, 765, 766, 767, 768, 769, 770, 771, 772, 773, 774, 775, 776, 777, 778, 779, 780, 781, 782, 783, 784, 785, 786, 787, 788, 789, 790, 791, 792, 793]","[143, 145, 181, 233, 234, 236, 295, 330, 614, 616, 652, 697, 698, 700, 754, 787]",[],"[145, 616]","[103, 104, 105, 106, 107, 108, 109, 110, 111, 112, 113, 114, 115, 116, 117, 118, 119, 120, 121, 122, 123, 124, 125, 126, 127, 128, 129, 130, 131, 132, 133, 134, 135, 136, 137, 138, 139, 140, 141, 142, 143, 144, 145, 146, 147, 148, 149, 150, 151, 152, 153, 154, 155, 156, 157, 158, 159, 160, 161, 162, 163, 164, 165, 166, 167, 168, 169, 170, 171, 172, 173, 174, 175, 176, 177, 178, 179, 180, 181, 182, 183, 184, 185, 186, 187, 188, 189, 190, 191, 192, 193, 194, 195, 196, 197, 198, 199, 200, 201, 202, 203, 204, 205, 206, 207, 208, 209, 210, 211, 212, 213, 214, 215, 216, 217, 218, 219, 220, 221, 222, 223, 224, 225, 226, 227, 228, 229, 230, 231, 232, 233, 234, 235, 236, 237, 238, 239, 240, 241, 242, 243, 244, 245, 246, 247, 248, 249, 250, 251, 252, 253, 254, 255, 256, 257, 258, 259, 260, 261, 262, 263, 264, 265, 266, 267, 268, 269, 270, 271, 272, 273, 274, 275, 276, 277, 278, 279, 280, 281, 282, 283, 284, 285, 286, 287, 288, 289, 290, 291, 292, 293, 294, 295, 296, 297, 298, 299, 300, 301, 302, 303, 304, 305, 306, 307, 308, 309, 310, 311, 312, 313, 314, 315, 316, 317, 318, 319, 320, 321, 322, 323, 324, 325, 326, 327, 328, 329, 330, 331, 332, 333, 334, 335, 336, 337, 369, 401, 574, 575, 576, 577, 578, 579, 580, 581, 582, 583, 584, 585, 586, 587, 588, 589, 590, 591, 592, 593, 594, 595, 596, 597, 598, 599, 600, 601, 602, 603, 604, 605, 606, 607, 608, 609, 610, 611, 612, 613, 614, 615, 616, 617, 618, 619, 620, 621, 622, 623, 624, 625, 626, 627, 628, 629, 630, 631, 632, 633, 634, 635, 636, 637, 638, 639, 640, 641, 642, 643, 644, 645, 646, 647, 648, 649, 650, 651, 652, 653, 654, 655, 656, 657, 658, 659, 660, 661, 662, 663, 664, 665, 666, 667, 668, 669, 670, 671, 672, 673, 674, 675, 676, 677, 678, 679, 680, 681, 682, 683, 684, 685, 686, 687, 688, 689, 690, 691, 692, 693, 694, 695, 696, 697, 698, 699, 700, 701, 702, 703, 704, 705, 706, 707, 708, 709, 710, 711, 712, 713, 714, 715, 716, 717, 718, 719, 720, 721, 722, 723, 724, 725, 726, 727, 728, 729, 730, 731, 732, 733, 734, 735, 736, 737, 738, 739, 740, 741, 742, 743, 744, 745, 746, 747, 748, 749, 750, 751, 752, 753, 754, 755, 756, 757, 758, 759, 760, 761, 762, 763, 764, 765, 766, 767, 768, 769, 770, 771, 772, 773, 774, 775, 776, 777, 778, 779, 780, 781, 782, 783, 784, 785, 786, 787, 788, 789, 790, 791, 792, 793, 819, 850]",True,"[145, 330, 616, 787]","[103, 104, 105, 106, 107, 108, 109, 110, 111, 112, 113, 114, 115, 116, 117, 118, 119, 120, 121, 122, 123, 124, 125, 126, 127, 128, 129, 130, 131, 132, 133, 134, 135, 136, 137, 138, 139, 140, 141, 142, 143, 144, 145, 146, 147, 148, 149, 150, 151, 152, 153, 154, 155, 156, 157, 158, 159, 160, 161, 162, 163, 164, 165, 166, 167, 168, 169, 170, 171, 172, 173, 174, 175, 176, 177, 178, 179, 180, 181, 182, 183, 184, 185, 186, 187, 188, 189, 190, 191, 192, 193, 194, 195, 196, 197, 198, 199, 200, 201, 202, 203, 204, 205, 206, 207, 208, 209, 210, 211, 212, 213, 214, 215, 216, 217, 218, 219, 220, 221, 222, 223, 224, 225, 226, 227, 228, 229, 230, 231, 232, 233, 234, 235, 236, 237, 238, 239, 240, 241, 242, 243, 244, 245, 246, 247, 248, 249, 250, 251, 252, 253, 254, 255, 256, 257, 258, 259, 260, 261, 262, 263, 264, 265, 266, 267, 268, 269, 270, 271, 272, 273, 274, 275, 276, 277, 278, 279, 280, 281, 282, 283, 284, 285, 286, 287, 288, 289, 290, 291, 292, 293, 294, 295, 296, 297, 298, 299, 300, 301, 302, 303, 304, 305, 306, 307, 308, 309, 310, 311, 312, 313, 314, 315, 316, 317, 318, 319, 320, 321, 322, 323, 324, 325, 326, 327, 328, 329, 330, 331, 332, 333, 334, 335, 336, 337, 574, 575, 576, 577, 578, 579, 580, 581, 582, 583, 584, 585, 586, 587, 588, 589, 590, 591, 592, 593, 594, 595, 596, 597, 598, 599, 600, 601, 602, 603, 604, 605, 606, 607, 608, 609, 610, 611, 612, 613, 614, 615, 616, 617, 618, 619, 620, 621, 622, 623, 624, 625, 626, 627, 628, 629, 630, 631, 632, 633, 634, 635, 636, 637, 638, 639, 640, 641, 642, 643, 644, 645, 646, 647, 648, 649, 650, 651, 652, 653, 654, 655, 656, 657, 658, 659, 660, 661, 662, 663, 664, 665, 666, 667, 668, 669, 670, 671, 672, 673, 674, 675, 676, 677, 678, 679, 680, 681, 682, 683, 684, 685, 686, 687, 688, 689, 690, 691, 692, 693, 694, 695, 696, 697, 698, 699, 700, 701, 702, 703, 704, 705, 706, 707, 708, 709, 710, 711, 712, 713, 714, 715, 716, 717, 718, 719, 720, 721, 722, 723, 724, 725, 726, 727, 728, 729, 730, 731, 732, 733, 734, 735, 736, 737, 738, 739, 740, 741, 742, 743, 744, 745, 746, 747, 748, 749, 750, 751, 752, 753, 754, 755, 756, 757, 758, 759, 760, 761, 762, 763, 764, 765, 766, 767, 768, 769, 770, 771, 772, 773, 774, 775, 776, 777, 778, 779, 780, 781, 782, 783, 784, 785, 786, 787, 788, 789, 790, 791, 792, 793]","[145, 330, 369, 616, 787, 819]","[127, 145, 401, 598, 616, 850]","[143, 145, 181, 233, 234, 236, 295, 330, 614, 616, 652, 697, 698, 700, 754, 787]","[145, 616]",[],7/6 successful match,True,[307],True,252,False,,1.0,True,Cudahy Fuel Stop ( Spirit ),
"Carson , 90248 Carson Mini Truck Stop",310-532-6037 CA 91 & Main ( S to 101 W Victoria ),<U+2610> M Su,Carson,90248,Carson Mini Truck Stop,310-532-6037,2006,Gardena,CA,,( S to 101 W Victoria ),CA 91 & Main,empty,,False,,False,CA 91,Main,,,,"[136, 607]","[136, 607]","[362, 815]",[],"[103, 104, 105, 106, 107, 108, 109, 110, 111, 112, 113, 114, 115, 116, 117, 118, 119, 120, 121, 122, 123, 124, 125, 126, 127, 128, 129, 130, 131, 132, 133, 134, 135, 136, 137, 138, 139, 140, 141, 142, 143, 144, 145, 146, 147, 148, 149, 150, 151, 152, 153, 154, 155, 156, 157, 158, 159, 160, 161, 162, 163, 164, 165, 166, 167, 168, 169, 170, 171, 172, 173, 174, 175, 176, 177, 178, 179, 180, 181, 182, 183, 184, 185, 186, 187, 188, 189, 190, 191, 192, 193, 194, 195, 196, 197, 198, 199, 200, 201, 202, 203, 204, 205, 206, 207, 208, 209, 210, 211, 212, 213, 214, 215, 216, 217, 218, 219, 220, 221, 222, 223, 224, 225, 226, 227, 228, 229, 230, 231, 232, 233, 234, 235, 236, 237, 238, 239, 240, 241, 242, 243, 244, 245, 246, 247, 248, 249, 250, 251, 252, 253, 254, 255, 256, 257, 258, 259, 260, 261, 262, 263, 264, 265, 266, 267, 268, 269, 270, 271, 272, 273, 274, 275, 276, 277, 278, 279, 280, 281, 282, 283, 284, 285, 286, 287, 288, 289, 290, 291, 292, 293, 294, 295, 296, 297, 298, 299, 300, 301, 302, 303, 304, 305, 306, 307, 308, 309, 310, 311, 312, 313, 314, 315, 316, 317, 318, 319, 320, 321, 322, 323, 324, 325, 326, 327, 328, 329, 330, 331, 332, 333, 334, 335, 336, 337, 574, 575, 576, 577, 578, 579, 580, 581, 582, 583, 584, 585, 586, 587, 588, 589, 590, 591, 592, 593, 594, 595, 596, 597, 598, 599, 600, 601, 602, 603, 604, 605, 606, 607, 608, 609, 610, 611, 612, 613, 614, 615, 616, 617, 618, 619, 620, 621, 622, 623, 624, 625, 626, 627, 628, 629, 630, 631, 632, 633, 634, 635, 636, 637, 638, 639, 640, 641, 642, 643, 644, 645, 646, 647, 648, 649, 650, 651, 652, 653, 654, 655, 656, 657, 658, 659, 660, 661, 662, 663, 664, 665, 666, 667, 668, 669, 670, 671, 672, 673, 674, 675, 676, 677, 678, 679, 680, 681, 682, 683, 684, 685, 686, 687, 688, 689, 690, 691, 692, 693, 694, 695, 696, 697, 698, 699, 700, 701, 702, 703, 704, 705, 706, 707, 708, 709, 710, 711, 712, 713, 714, 715, 716, 717, 718, 719, 720, 721, 722, 723, 724, 725, 726, 727, 728, 729, 730, 731, 732, 733, 734, 735, 736, 737, 738, 739, 740, 741, 742, 743, 744, 745, 746, 747, 748, 749, 750, 751, 752, 753, 754, 755, 756, 757, 758, 759, 760, 761, 762, 763, 764, 765, 766, 767, 768, 769, 770, 771, 772, 773, 774, 775, 776, 777, 778, 779, 780, 781, 782, 783, 784, 785, 786, 787, 788, 789, 790, 791, 792, 793]","[36, 73, 84, 103, 104, 106, 117, 118, 120, 122, 127, 128, 129, 130, 131, 133, 135, 136, 137, 139, 141, 146, 147, 148, 149, 151, 158, 160, 162, 166, 173, 178, 179, 185, 187, 190, 192, 198, 201, 203, 204, 206, 207, 212, 213, 214, 219, 223, 224, 225, 227, 230, 235, 237, 246, 247, 256, 259, 262, 263, 266, 268, 269, 271, 272, 278, 279, 284, 285, 288, 290, 292, 304, 312, 316, 319, 320, 323, 324, 332, 349, 388, 398, 406, 408, 409, 410, 415, 423, 425, 427, 434, 440, 444, 451, 453, 455, 456, 465, 467, 473, 517, 547, 555, 574, 575, 588, 591, 593, 601, 607, 608, 610, 612, 618, 619, 620, 622, 632, 644, 649, 650, 656, 658, 661, 663, 669, 674, 677, 683, 684, 687, 688, 689, 701, 710, 723, 730, 731, 738, 747, 751, 762, 774, 778, 789, 804, 838, 855, 858, 859, 861, 866, 875, 877, 879, 886, 891, 894, 898, 900, 902, 903, 904, 912, 914, 920, 921, 926, 931]",[],"[136, 607]","[36, 73, 84, 103, 104, 105, 106, 107, 108, 109, 110, 111, 112, 113, 114, 115, 116, 117, 118, 119, 120, 121, 122, 123, 124, 125, 126, 127, 128, 129, 130, 131, 132, 133, 134, 135, 136, 137, 138, 139, 140, 141, 142, 143, 144, 145, 146, 147, 148, 149, 150, 151, 152, 153, 154, 155, 156, 157, 158, 159, 160, 161, 162, 163, 164, 165, 166, 167, 168, 169, 170, 171, 172, 173, 174, 175, 176, 177, 178, 179, 180, 181, 182, 183, 184, 185, 186, 187, 188, 189, 190, 191, 192, 193, 194, 195, 196, 197, 198, 199, 200, 201, 202, 203, 204, 205, 206, 207, 208, 209, 210, 211, 212, 213, 214, 215, 216, 217, 218, 219, 220, 221, 222, 223, 224, 225, 226, 227, 228, 229, 230, 231, 232, 233, 234, 235, 236, 237, 238, 239, 240, 241, 242, 243, 244, 245, 246, 247, 248, 249, 250, 251, 252, 253, 254, 255, 256, 257, 258, 259, 260, 261, 262, 263, 264, 265, 266, 267, 268, 269, 270, 271, 272, 273, 274, 275, 276, 277, 278, 279, 280, 281, 282, 283, 284, 285, 286, 287, 288, 289, 290, 291, 292, 293, 294, 295, 296, 297, 298, 299, 300, 301, 302, 303, 304, 305, 306, 307, 308, 309, 310, 311, 312, 313, 314, 315, 316, 317, 318, 319, 320, 321, 322, 323, 324, 325, 326, 327, 328, 329, 330, 331, 332, 333, 334, 335, 336, 337, 349, 362, 388, 398, 406, 408, 409, 410, 415, 423, 425, 427, 434, 440, 444, 451, 453, 455, 456, 465, 467, 473, 517, 547, 555, 574, 575, 576, 577, 578, 579, 580, 581, 582, 583, 584, 585, 586, 587, 588, 589, 590, 591, 592, 593, 594, 595, 596, 597, 598, 599, 600, 601, 602, 603, 604, 605, 606, 607, 608, 609, 610, 611, 612, 613, 614, 615, 616, 617, 618, 619, 620, 621, 622, 623, 624, 625, 626, 627, 628, 629, 630, 631, 632, 633, 634, 635, 636, 637, 638, 639, 640, 641, 642, 643, 644, 645, 646, 647, 648, 649, 650, 651, 652, 653, 654, 655, 656, 657, 658, 659, 660, 661, 662, 663, 664, 665, 666, 667, 668, 669, 670, 671, 672, 673, 674, 675, 676, 677, 678, 679, 680, 681, 682, 683, 684, 685, 686, 687, 688, 689, 690, 691, 692, 693, 694, 695, 696, 697, 698, 699, 700, 701, 702, 703, 704, 705, 706, 707, 708, 709, 710, 711, 712, 713, 714, 715, 716, 717, 718, 719, 720, 721, 722, 723, 724, 725, 726, 727, 728, 729, 730, 731, 732, 733, 734, 735, 736, 737, 738, 739, 740, 741, 742, 743, 744, 745, 746, 747, 748, 749, 750, 751, 752, 753, 754, 755, 756, 757, 758, 759, 760, 761, 762, 763, 764, 765, 766, 767, 768, 769, 770, 771, 772, 773, 774, 775, 776, 777, 778, 779, 780, 781, 782, 783, 784, 785, 786, 787, 788, 789, 790, 791, 792, 793, 804, 815, 838, 855, 858, 859, 861, 866, 875, 877, 879, 886, 891, 894, 898, 900, 902, 903, 904, 912, 914, 920, 921, 926, 931]",True,"[136, 607]","[103, 104, 105, 106, 107, 108, 109, 110, 111, 112, 113, 114, 115, 116, 117, 118, 119, 120, 121, 122, 123, 124, 125, 126, 127, 128, 129, 130, 131, 132, 133, 134, 135, 136, 137, 138, 139, 140, 141, 142, 143, 144, 145, 146, 147, 148, 149, 150, 151, 152, 153, 154, 155, 156, 157, 158, 159, 160, 161, 162, 163, 164, 165, 166, 167, 168, 169, 170, 171, 172, 173, 174, 175, 176, 177, 178, 179, 180, 181, 182, 183, 184, 185, 186, 187, 188, 189, 190, 191, 192, 193, 194, 195, 196, 197, 198, 199, 200, 201, 202, 203, 204, 205, 206, 207, 208, 209, 210, 211, 212, 213, 214, 215, 216, 217, 218, 219, 220, 221, 222, 223, 224, 225, 226, 227, 228, 229, 230, 231, 232, 233, 234, 235, 236, 237, 238, 239, 240, 241, 242, 243, 244, 245, 246, 247, 248, 249, 250, 251, 252, 253, 254, 255, 256, 257, 258, 259, 260, 261, 262, 263, 264, 265, 266, 267, 268, 269, 270, 271, 272, 273, 274, 275, 276, 277, 278, 279, 280, 281, 282, 283, 284, 285, 286, 287, 288, 289, 290, 291, 292, 293, 294, 295, 296, 297, 298, 299, 300, 301, 302, 303, 304, 305, 306, 307, 308, 309, 310, 311, 312, 313, 314, 315, 316, 317, 318, 319, 320, 321, 322, 323, 324, 325, 326, 327, 328, 329, 330, 331, 332, 333, 334, 335, 336, 337, 574, 575, 576, 577, 578, 579, 580, 581, 582, 583, 584, 585, 586, 587, 588, 589, 590, 591, 592, 593, 594, 595, 596, 597, 598, 599, 600, 601, 602, 603, 604, 605, 606, 607, 608, 609, 610, 611, 612, 613, 614, 615, 616, 617, 618, 619, 620, 621, 622, 623, 624, 625, 626, 627, 628, 629, 630, 631, 632, 633, 634, 635, 636, 637, 638, 639, 640, 641, 642, 643, 644, 645, 646, 647, 648, 649, 650, 651, 652, 653, 654, 655, 656, 657, 658, 659, 660, 661, 662, 663, 664, 665, 666, 667, 668, 669, 670, 671, 672, 673, 674, 675, 676, 677, 678, 679, 680, 681, 682, 683, 684, 685, 686, 687, 688, 689, 690, 691, 692, 693, 694, 695, 696, 697, 698, 699, 700, 701, 702, 703, 704, 705, 706, 707, 708, 709, 710, 711, 712, 713, 714, 715, 716, 717, 718, 719, 720, 721, 722, 723, 724, 725, 726, 727, 728, 729, 730, 731, 732, 733, 734, 735, 736, 737, 738, 739, 740, 741, 742, 743, 744, 745, 746, 747, 748, 749, 750, 751, 752, 753, 754, 755, 756, 757, 758, 759, 760, 761, 762, 763, 764, 765, 766, 767, 768, 769, 770, 771, 772, 773, 774, 775, 776, 777, 778, 779, 780, 781, 782, 783, 784, 785, 786, 787, 788, 789, 790, 791, 792, 793]","[362, 815]",[],"[36, 73, 84, 103, 104, 106, 117, 118, 120, 122, 127, 128, 129, 130, 131, 133, 135, 136, 137, 139, 141, 146, 147, 148, 149, 151, 158, 160, 162, 166, 173, 178, 179, 185, 187, 190, 192, 198, 201, 203, 204, 206, 207, 212, 213, 214, 219, 223, 224, 225, 227, 230, 235, 237, 246, 247, 256, 259, 262, 263, 266, 268, 269, 271, 272, 278, 279, 284, 285, 288, 290, 292, 304, 312, 316, 319, 320, 323, 324, 332, 349, 388, 398, 406, 408, 409, 410, 415, 423, 425, 427, 434, 440, 444, 451, 453, 455, 456, 465, 467, 473, 517, 547, 555, 574, 575, 588, 591, 593, 601, 607, 608, 610, 612, 618, 619, 620, 622, 632, 644, 649, 650, 656, 658, 661, 663, 669, 674, 677, 683, 684, 687, 688, 689, 701, 710, 723, 730, 731, 738, 747, 751, 762, 774, 778, 789, 804, 838, 855, 858, 859, 861, 866, 875, 877, 879, 886, 891, 894, 898, 900, 902, 903, 904, 912, 914, 920, 921, 926, 931]","[136, 607]",[],2/6 successful match,True,[3],True,253,False,,,,,
"Carson , 90248 Carson Mini Truck Stop",310-532-6037 CA 91 & Main ( S to 101 W Victoria ),24 <U+2610> 000,Carson,90248,Carson Mini Truck Stop,310-532-6037,2007,Gardena,CA,,( S to 101 W Victoria ),CA 91 & Main,empty,,False,,False,CA 91,Main,,,,"[136, 607]","[136, 607]","[362, 815]",[],"[103, 104, 105, 106, 107, 108, 109, 110, 111, 112, 113, 114, 115, 116, 117, 118, 119, 120, 121, 122, 123, 124, 125, 126, 127, 128, 129, 130, 131, 132, 133, 134, 135, 136, 137, 138, 139, 140, 141, 142, 143, 144, 145, 146, 147, 148, 149, 150, 151, 152, 153, 154, 155, 156, 157, 158, 159, 160, 161, 162, 163, 164, 165, 166, 167, 168, 169, 170, 171, 172, 173, 174, 175, 176, 177, 178, 179, 180, 181, 182, 183, 184, 185, 186, 187, 188, 189, 190, 191, 192, 193, 194, 195, 196, 197, 198, 199, 200, 201, 202, 203, 204, 205, 206, 207, 208, 209, 210, 211, 212, 213, 214, 215, 216, 217, 218, 219, 220, 221, 222, 223, 224, 225, 226, 227, 228, 229, 230, 231, 232, 233, 234, 235, 236, 237, 238, 239, 240, 241, 242, 243, 244, 245, 246, 247, 248, 249, 250, 251, 252, 253, 254, 255, 256, 257, 258, 259, 260, 261, 262, 263, 264, 265, 266, 267, 268, 269, 270, 271, 272, 273, 274, 275, 276, 277, 278, 279, 280, 281, 282, 283, 284, 285, 286, 287, 288, 289, 290, 291, 292, 293, 294, 295, 296, 297, 298, 299, 300, 301, 302, 303, 304, 305, 306, 307, 308, 309, 310, 311, 312, 313, 314, 315, 316, 317, 318, 319, 320, 321, 322, 323, 324, 325, 326, 327, 328, 329, 330, 331, 332, 333, 334, 335, 336, 337, 574, 575, 576, 577, 578, 579, 580, 581, 582, 583, 584, 585, 586, 587, 588, 589, 590, 591, 592, 593, 594, 595, 596, 597, 598, 599, 600, 601, 602, 603, 604, 605, 606, 607, 608, 609, 610, 611, 612, 613, 614, 615, 616, 617, 618, 619, 620, 621, 622, 623, 624, 625, 626, 627, 628, 629, 630, 631, 632, 633, 634, 635, 636, 637, 638, 639, 640, 641, 642, 643, 644, 645, 646, 647, 648, 649, 650, 651, 652, 653, 654, 655, 656, 657, 658, 659, 660, 661, 662, 663, 664, 665, 666, 667, 668, 669, 670, 671, 672, 673, 674, 675, 676, 677, 678, 679, 680, 681, 682, 683, 684, 685, 686, 687, 688, 689, 690, 691, 692, 693, 694, 695, 696, 697, 698, 699, 700, 701, 702, 703, 704, 705, 706, 707, 708, 709, 710, 711, 712, 713, 714, 715, 716, 717, 718, 719, 720, 721, 722, 723, 724, 725, 726, 727, 728, 729, 730, 731, 732, 733, 734, 735, 736, 737, 738, 739, 740, 741, 742, 743, 744, 745, 746, 747, 748, 749, 750, 751, 752, 753, 754, 755, 756, 757, 758, 759, 760, 761, 762, 763, 764, 765, 766, 767, 768, 769, 770, 771, 772, 773, 774, 775, 776, 777, 778, 779, 780, 781, 782, 783, 784, 785, 786, 787, 788, 789, 790, 791, 792, 793]","[36, 73, 84, 103, 104, 106, 117, 118, 120, 122, 127, 128, 129, 130, 131, 133, 135, 136, 137, 139, 141, 146, 147, 148, 149, 151, 158, 160, 162, 166, 173, 178, 179, 185, 187, 190, 192, 198, 201, 203, 204, 206, 207, 212, 213, 214, 219, 223, 224, 225, 227, 230, 235, 237, 246, 247, 256, 259, 262, 263, 266, 268, 269, 271, 272, 278, 279, 284, 285, 288, 290, 292, 304, 312, 316, 319, 320, 323, 324, 332, 349, 388, 398, 406, 408, 409, 410, 415, 423, 425, 427, 434, 440, 444, 451, 453, 455, 456, 465, 467, 473, 517, 547, 555, 574, 575, 588, 591, 593, 601, 607, 608, 610, 612, 618, 619, 620, 622, 632, 644, 649, 650, 656, 658, 661, 663, 669, 674, 677, 683, 684, 687, 688, 689, 701, 710, 723, 730, 731, 738, 747, 751, 762, 774, 778, 789, 804, 838, 855, 858, 859, 861, 866, 875, 877, 879, 886, 891, 894, 898, 900, 902, 903, 904, 912, 914, 920, 921, 926, 931]",[],"[136, 607]","[36, 73, 84, 103, 104, 105, 106, 107, 108, 109, 110, 111, 112, 113, 114, 115, 116, 117, 118, 119, 120, 121, 122, 123, 124, 125, 126, 127, 128, 129, 130, 131, 132, 133, 134, 135, 136, 137, 138, 139, 140, 141, 142, 143, 144, 145, 146, 147, 148, 149, 150, 151, 152, 153, 154, 155, 156, 157, 158, 159, 160, 161, 162, 163, 164, 165, 166, 167, 168, 169, 170, 171, 172, 173, 174, 175, 176, 177, 178, 179, 180, 181, 182, 183, 184, 185, 186, 187, 188, 189, 190, 191, 192, 193, 194, 195, 196, 197, 198, 199, 200, 201, 202, 203, 204, 205, 206, 207, 208, 209, 210, 211, 212, 213, 214, 215, 216, 217, 218, 219, 220, 221, 222, 223, 224, 225, 226, 227, 228, 229, 230, 231, 232, 233, 234, 235, 236, 237, 238, 239, 240, 241, 242, 243, 244, 245, 246, 247, 248, 249, 250, 251, 252, 253, 254, 255, 256, 257, 258, 259, 260, 261, 262, 263, 264, 265, 266, 267, 268, 269, 270, 271, 272, 273, 274, 275, 276, 277, 278, 279, 280, 281, 282, 283, 284, 285, 286, 287, 288, 289, 290, 291, 292, 293, 294, 295, 296, 297, 298, 299, 300, 301, 302, 303, 304, 305, 306, 307, 308, 309, 310, 311, 312, 313, 314, 315, 316, 317, 318, 319, 320, 321, 322, 323, 324, 325, 326, 327, 328, 329, 330, 331, 332, 333, 334, 335, 336, 337, 349, 362, 388, 398, 406, 408, 409, 410, 415, 423, 425, 427, 434, 440, 444, 451, 453, 455, 456, 465, 467, 473, 517, 547, 555, 574, 575, 576, 577, 578, 579, 580, 581, 582, 583, 584, 585, 586, 587, 588, 589, 590, 591, 592, 593, 594, 595, 596, 597, 598, 599, 600, 601, 602, 603, 604, 605, 606, 607, 608, 609, 610, 611, 612, 613, 614, 615, 616, 617, 618, 619, 620, 621, 622, 623, 624, 625, 626, 627, 628, 629, 630, 631, 632, 633, 634, 635, 636, 637, 638, 639, 640, 641, 642, 643, 644, 645, 646, 647, 648, 649, 650, 651, 652, 653, 654, 655, 656, 657, 658, 659, 660, 661, 662, 663, 664, 665, 666, 667, 668, 669, 670, 671, 672, 673, 674, 675, 676, 677, 678, 679, 680, 681, 682, 683, 684, 685, 686, 687, 688, 689, 690, 691, 692, 693, 694, 695, 696, 697, 698, 699, 700, 701, 702, 703, 704, 705, 706, 707, 708, 709, 710, 711, 712, 713, 714, 715, 716, 717, 718, 719, 720, 721, 722, 723, 724, 725, 726, 727, 728, 729, 730, 731, 732, 733, 734, 735, 736, 737, 738, 739, 740, 741, 742, 743, 744, 745, 746, 747, 748, 749, 750, 751, 752, 753, 754, 755, 756, 757, 758, 759, 760, 761, 762, 763, 764, 765, 766, 767, 768, 769, 770, 771, 772, 773, 774, 775, 776, 777, 778, 779, 780, 781, 782, 783, 784, 785, 786, 787, 788, 789, 790, 791, 792, 793, 804, 815, 838, 855, 858, 859, 861, 866, 875, 877, 879, 886, 891, 894, 898, 900, 902, 903, 904, 912, 914, 920, 921, 926, 931]",True,"[136, 607]","[103, 104, 105, 106, 107, 108, 109, 110, 111, 112, 113, 114, 115, 116, 117, 118, 119, 120, 121, 122, 123, 124, 125, 126, 127, 128, 129, 130, 131, 132, 133, 134, 135, 136, 137, 138, 139, 140, 141, 142, 143, 144, 145, 146, 147, 148, 149, 150, 151, 152, 153, 154, 155, 156, 157, 158, 159, 160, 161, 162, 163, 164, 165, 166, 167, 168, 169, 170, 171, 172, 173, 174, 175, 176, 177, 178, 179, 180, 181, 182, 183, 184, 185, 186, 187, 188, 189, 190, 191, 192, 193, 194, 195, 196, 197, 198, 199, 200, 201, 202, 203, 204, 205, 206, 207, 208, 209, 210, 211, 212, 213, 214, 215, 216, 217, 218, 219, 220, 221, 222, 223, 224, 225, 226, 227, 228, 229, 230, 231, 232, 233, 234, 235, 236, 237, 238, 239, 240, 241, 242, 243, 244, 245, 246, 247, 248, 249, 250, 251, 252, 253, 254, 255, 256, 257, 258, 259, 260, 261, 262, 263, 264, 265, 266, 267, 268, 269, 270, 271, 272, 273, 274, 275, 276, 277, 278, 279, 280, 281, 282, 283, 284, 285, 286, 287, 288, 289, 290, 291, 292, 293, 294, 295, 296, 297, 298, 299, 300, 301, 302, 303, 304, 305, 306, 307, 308, 309, 310, 311, 312, 313, 314, 315, 316, 317, 318, 319, 320, 321, 322, 323, 324, 325, 326, 327, 328, 329, 330, 331, 332, 333, 334, 335, 336, 337, 574, 575, 576, 577, 578, 579, 580, 581, 582, 583, 584, 585, 586, 587, 588, 589, 590, 591, 592, 593, 594, 595, 596, 597, 598, 599, 600, 601, 602, 603, 604, 605, 606, 607, 608, 609, 610, 611, 612, 613, 614, 615, 616, 617, 618, 619, 620, 621, 622, 623, 624, 625, 626, 627, 628, 629, 630, 631, 632, 633, 634, 635, 636, 637, 638, 639, 640, 641, 642, 643, 644, 645, 646, 647, 648, 649, 650, 651, 652, 653, 654, 655, 656, 657, 658, 659, 660, 661, 662, 663, 664, 665, 666, 667, 668, 669, 670, 671, 672, 673, 674, 675, 676, 677, 678, 679, 680, 681, 682, 683, 684, 685, 686, 687, 688, 689, 690, 691, 692, 693, 694, 695, 696, 697, 698, 699, 700, 701, 702, 703, 704, 705, 706, 707, 708, 709, 710, 711, 712, 713, 714, 715, 716, 717, 718, 719, 720, 721, 722, 723, 724, 725, 726, 727, 728, 729, 730, 731, 732, 733, 734, 735, 736, 737, 738, 739, 740, 741, 742, 743, 744, 745, 746, 747, 748, 749, 750, 751, 752, 753, 754, 755, 756, 757, 758, 759, 760, 761, 762, 763, 764, 765, 766, 767, 768, 769, 770, 771, 772, 773, 774, 775, 776, 777, 778, 779, 780, 781, 782, 783, 784, 785, 786, 787, 788, 789, 790, 791, 792, 793]","[362, 815]",[],"[36, 73, 84, 103, 104, 106, 117, 118, 120, 122, 127, 128, 129, 130, 131, 133, 135, 136, 137, 139, 141, 146, 147, 148, 149, 151, 158, 160, 162, 166, 173, 178, 179, 185, 187, 190, 192, 198, 201, 203, 204, 206, 207, 212, 213, 214, 219, 223, 224, 225, 227, 230, 235, 237, 246, 247, 256, 259, 262, 263, 266, 268, 269, 271, 272, 278, 279, 284, 285, 288, 290, 292, 304, 312, 316, 319, 320, 323, 324, 332, 349, 388, 398, 406, 408, 409, 410, 415, 423, 425, 427, 434, 440, 444, 451, 453, 455, 456, 465, 467, 473, 517, 547, 555, 574, 575, 588, 591, 593, 601, 607, 608, 610, 612, 618, 619, 620, 622, 632, 644, 649, 650, 656, 658, 661, 663, 669, 674, 677, 683, 684, 687, 688, 689, 701, 710, 723, 730, 731, 738, 747, 751, 762, 774, 778, 789, 804, 838, 855, 858, 859, 861, 866, 875, 877, 879, 886, 891, 894, 898, 900, 902, 903, 904, 912, 914, 920, 921, 926, 931]","[136, 607]",[],2/6 successful match,True,[3],True,253,False,,1.0,True,Carson Mini Truck Stop,
"Carson , 90248 Carson Mini Truck Stop",5 310-532-6037 CA 91 & Main ( S to 101 W Victoria ),HRS 24 <U+2610> <U+2610>,Carson,90248,Carson Mini Truck Stop,310-532-6037,2008,Gardena,CA,,( S to 101 W Victoria ),CA 91 & Main,empty,,False,,False,CA 91,Main,,,,"[136, 607]","[136, 607]","[362, 815]",[],"[103, 104, 105, 106, 107, 108, 109, 110, 111, 112, 113, 114, 115, 116, 117, 118, 119, 120, 121, 122, 123, 124, 125, 126, 127, 128, 129, 130, 131, 132, 133, 134, 135, 136, 137, 138, 139, 140, 141, 142, 143, 144, 145, 146, 147, 148, 149, 150, 151, 152, 153, 154, 155, 156, 157, 158, 159, 160, 161, 162, 163, 164, 165, 166, 167, 168, 169, 170, 171, 172, 173, 174, 175, 176, 177, 178, 179, 180, 181, 182, 183, 184, 185, 186, 187, 188, 189, 190, 191, 192, 193, 194, 195, 196, 197, 198, 199, 200, 201, 202, 203, 204, 205, 206, 207, 208, 209, 210, 211, 212, 213, 214, 215, 216, 217, 218, 219, 220, 221, 222, 223, 224, 225, 226, 227, 228, 229, 230, 231, 232, 233, 234, 235, 236, 237, 238, 239, 240, 241, 242, 243, 244, 245, 246, 247, 248, 249, 250, 251, 252, 253, 254, 255, 256, 257, 258, 259, 260, 261, 262, 263, 264, 265, 266, 267, 268, 269, 270, 271, 272, 273, 274, 275, 276, 277, 278, 279, 280, 281, 282, 283, 284, 285, 286, 287, 288, 289, 290, 291, 292, 293, 294, 295, 296, 297, 298, 299, 300, 301, 302, 303, 304, 305, 306, 307, 308, 309, 310, 311, 312, 313, 314, 315, 316, 317, 318, 319, 320, 321, 322, 323, 324, 325, 326, 327, 328, 329, 330, 331, 332, 333, 334, 335, 336, 337, 574, 575, 576, 577, 578, 579, 580, 581, 582, 583, 584, 585, 586, 587, 588, 589, 590, 591, 592, 593, 594, 595, 596, 597, 598, 599, 600, 601, 602, 603, 604, 605, 606, 607, 608, 609, 610, 611, 612, 613, 614, 615, 616, 617, 618, 619, 620, 621, 622, 623, 624, 625, 626, 627, 628, 629, 630, 631, 632, 633, 634, 635, 636, 637, 638, 639, 640, 641, 642, 643, 644, 645, 646, 647, 648, 649, 650, 651, 652, 653, 654, 655, 656, 657, 658, 659, 660, 661, 662, 663, 664, 665, 666, 667, 668, 669, 670, 671, 672, 673, 674, 675, 676, 677, 678, 679, 680, 681, 682, 683, 684, 685, 686, 687, 688, 689, 690, 691, 692, 693, 694, 695, 696, 697, 698, 699, 700, 701, 702, 703, 704, 705, 706, 707, 708, 709, 710, 711, 712, 713, 714, 715, 716, 717, 718, 719, 720, 721, 722, 723, 724, 725, 726, 727, 728, 729, 730, 731, 732, 733, 734, 735, 736, 737, 738, 739, 740, 741, 742, 743, 744, 745, 746, 747, 748, 749, 750, 751, 752, 753, 754, 755, 756, 757, 758, 759, 760, 761, 762, 763, 764, 765, 766, 767, 768, 769, 770, 771, 772, 773, 774, 775, 776, 777, 778, 779, 780, 781, 782, 783, 784, 785, 786, 787, 788, 789, 790, 791, 792, 793]","[36, 73, 84, 103, 104, 106, 117, 118, 120, 122, 127, 128, 129, 130, 131, 133, 135, 136, 137, 139, 141, 146, 147, 148, 149, 151, 158, 160, 162, 166, 173, 178, 179, 185, 187, 190, 192, 198, 201, 203, 204, 206, 207, 212, 213, 214, 219, 223, 224, 225, 227, 230, 235, 237, 246, 247, 256, 259, 262, 263, 266, 268, 269, 271, 272, 278, 279, 284, 285, 288, 290, 292, 304, 312, 316, 319, 320, 323, 324, 332, 349, 388, 398, 406, 408, 409, 410, 415, 423, 425, 427, 434, 440, 444, 451, 453, 455, 456, 465, 467, 473, 517, 547, 555, 574, 575, 588, 591, 593, 601, 607, 608, 610, 612, 618, 619, 620, 622, 632, 644, 649, 650, 656, 658, 661, 663, 669, 674, 677, 683, 684, 687, 688, 689, 701, 710, 723, 730, 731, 738, 747, 751, 762, 774, 778, 789, 804, 838, 855, 858, 859, 861, 866, 875, 877, 879, 886, 891, 894, 898, 900, 902, 903, 904, 912, 914, 920, 921, 926, 931]",[],"[136, 607]","[36, 73, 84, 103, 104, 105, 106, 107, 108, 109, 110, 111, 112, 113, 114, 115, 116, 117, 118, 119, 120, 121, 122, 123, 124, 125, 126, 127, 128, 129, 130, 131, 132, 133, 134, 135, 136, 137, 138, 139, 140, 141, 142, 143, 144, 145, 146, 147, 148, 149, 150, 151, 152, 153, 154, 155, 156, 157, 158, 159, 160, 161, 162, 163, 164, 165, 166, 167, 168, 169, 170, 171, 172, 173, 174, 175, 176, 177, 178, 179, 180, 181, 182, 183, 184, 185, 186, 187, 188, 189, 190, 191, 192, 193, 194, 195, 196, 197, 198, 199, 200, 201, 202, 203, 204, 205, 206, 207, 208, 209, 210, 211, 212, 213, 214, 215, 216, 217, 218, 219, 220, 221, 222, 223, 224, 225, 226, 227, 228, 229, 230, 231, 232, 233, 234, 235, 236, 237, 238, 239, 240, 241, 242, 243, 244, 245, 246, 247, 248, 249, 250, 251, 252, 253, 254, 255, 256, 257, 258, 259, 260, 261, 262, 263, 264, 265, 266, 267, 268, 269, 270, 271, 272, 273, 274, 275, 276, 277, 278, 279, 280, 281, 282, 283, 284, 285, 286, 287, 288, 289, 290, 291, 292, 293, 294, 295, 296, 297, 298, 299, 300, 301, 302, 303, 304, 305, 306, 307, 308, 309, 310, 311, 312, 313, 314, 315, 316, 317, 318, 319, 320, 321, 322, 323, 324, 325, 326, 327, 328, 329, 330, 331, 332, 333, 334, 335, 336, 337, 349, 362, 388, 398, 406, 408, 409, 410, 415, 423, 425, 427, 434, 440, 444, 451, 453, 455, 456, 465, 467, 473, 517, 547, 555, 574, 575, 576, 577, 578, 579, 580, 581, 582, 583, 584, 585, 586, 587, 588, 589, 590, 591, 592, 593, 594, 595, 596, 597, 598, 599, 600, 601, 602, 603, 604, 605, 606, 607, 608, 609, 610, 611, 612, 613, 614, 615, 616, 617, 618, 619, 620, 621, 622, 623, 624, 625, 626, 627, 628, 629, 630, 631, 632, 633, 634, 635, 636, 637, 638, 639, 640, 641, 642, 643, 644, 645, 646, 647, 648, 649, 650, 651, 652, 653, 654, 655, 656, 657, 658, 659, 660, 661, 662, 663, 664, 665, 666, 667, 668, 669, 670, 671, 672, 673, 674, 675, 676, 677, 678, 679, 680, 681, 682, 683, 684, 685, 686, 687, 688, 689, 690, 691, 692, 693, 694, 695, 696, 697, 698, 699, 700, 701, 702, 703, 704, 705, 706, 707, 708, 709, 710, 711, 712, 713, 714, 715, 716, 717, 718, 719, 720, 721, 722, 723, 724, 725, 726, 727, 728, 729, 730, 731, 732, 733, 734, 735, 736, 737, 738, 739, 740, 741, 742, 743, 744, 745, 746, 747, 748, 749, 750, 751, 752, 753, 754, 755, 756, 757, 758, 759, 760, 761, 762, 763, 764, 765, 766, 767, 768, 769, 770, 771, 772, 773, 774, 775, 776, 777, 778, 779, 780, 781, 782, 783, 784, 785, 786, 787, 788, 789, 790, 791, 792, 793, 804, 815, 838, 855, 858, 859, 861, 866, 875, 877, 879, 886, 891, 894, 898, 900, 902, 903, 904, 912, 914, 920, 921, 926, 931]",True,"[136, 607]","[103, 104, 105, 106, 107, 108, 109, 110, 111, 112, 113, 114, 115, 116, 117, 118, 119, 120, 121, 122, 123, 124, 125, 126, 127, 128, 129, 130, 131, 132, 133, 134, 135, 136, 137, 138, 139, 140, 141, 142, 143, 144, 145, 146, 147, 148, 149, 150, 151, 152, 153, 154, 155, 156, 157, 158, 159, 160, 161, 162, 163, 164, 165, 166, 167, 168, 169, 170, 171, 172, 173, 174, 175, 176, 177, 178, 179, 180, 181, 182, 183, 184, 185, 186, 187, 188, 189, 190, 191, 192, 193, 194, 195, 196, 197, 198, 199, 200, 201, 202, 203, 204, 205, 206, 207, 208, 209, 210, 211, 212, 213, 214, 215, 216, 217, 218, 219, 220, 221, 222, 223, 224, 225, 226, 227, 228, 229, 230, 231, 232, 233, 234, 235, 236, 237, 238, 239, 240, 241, 242, 243, 244, 245, 246, 247, 248, 249, 250, 251, 252, 253, 254, 255, 256, 257, 258, 259, 260, 261, 262, 263, 264, 265, 266, 267, 268, 269, 270, 271, 272, 273, 274, 275, 276, 277, 278, 279, 280, 281, 282, 283, 284, 285, 286, 287, 288, 289, 290, 291, 292, 293, 294, 295, 296, 297, 298, 299, 300, 301, 302, 303, 304, 305, 306, 307, 308, 309, 310, 311, 312, 313, 314, 315, 316, 317, 318, 319, 320, 321, 322, 323, 324, 325, 326, 327, 328, 329, 330, 331, 332, 333, 334, 335, 336, 337, 574, 575, 576, 577, 578, 579, 580, 581, 582, 583, 584, 585, 586, 587, 588, 589, 590, 591, 592, 593, 594, 595, 596, 597, 598, 599, 600, 601, 602, 603, 604, 605, 606, 607, 608, 609, 610, 611, 612, 613, 614, 615, 616, 617, 618, 619, 620, 621, 622, 623, 624, 625, 626, 627, 628, 629, 630, 631, 632, 633, 634, 635, 636, 637, 638, 639, 640, 641, 642, 643, 644, 645, 646, 647, 648, 649, 650, 651, 652, 653, 654, 655, 656, 657, 658, 659, 660, 661, 662, 663, 664, 665, 666, 667, 668, 669, 670, 671, 672, 673, 674, 675, 676, 677, 678, 679, 680, 681, 682, 683, 684, 685, 686, 687, 688, 689, 690, 691, 692, 693, 694, 695, 696, 697, 698, 699, 700, 701, 702, 703, 704, 705, 706, 707, 708, 709, 710, 711, 712, 713, 714, 715, 716, 717, 718, 719, 720, 721, 722, 723, 724, 725, 726, 727, 728, 729, 730, 731, 732, 733, 734, 735, 736, 737, 738, 739, 740, 741, 742, 743, 744, 745, 746, 747, 748, 749, 750, 751, 752, 753, 754, 755, 756, 757, 758, 759, 760, 761, 762, 763, 764, 765, 766, 767, 768, 769, 770, 771, 772, 773, 774, 775, 776, 777, 778, 779, 780, 781, 782, 783, 784, 785, 786, 787, 788, 789, 790, 791, 792, 793]","[362, 815]",[],"[36, 73, 84, 103, 104, 106, 117, 118, 120, 122, 127, 128, 129, 130, 131, 133, 135, 136, 137, 139, 141, 146, 147, 148, 149, 151, 158, 160, 162, 166, 173, 178, 179, 185, 187, 190, 192, 198, 201, 203, 204, 206, 207, 212, 213, 214, 219, 223, 224, 225, 227, 230, 235, 237, 246, 247, 256, 259, 262, 263, 266, 268, 269, 271, 272, 278, 279, 284, 285, 288, 290, 292, 304, 312, 316, 319, 320, 323, 324, 332, 349, 388, 398, 406, 408, 409, 410, 415, 423, 425, 427, 434, 440, 444, 451, 453, 455, 456, 465, 467, 473, 517, 547, 555, 574, 575, 588, 591, 593, 601, 607, 608, 610, 612, 618, 619, 620, 622, 632, 644, 649, 650, 656, 658, 661, 663, 669, 674, 677, 683, 684, 687, 688, 689, 701, 710, 723, 730, 731, 738, 747, 751, 762, 774, 778, 789, 804, 838, 855, 858, 859, 861, 866, 875, 877, 879, 886, 891, 894, 898, 900, 902, 903, 904, 912, 914, 920, 921, 926, 931]","[136, 607]",[],2/6 successful match,True,[3],True,253,False,,1.0,True,Carson Mini Truck Stop,
D Carson ( 90248 ) Carson Mini Truck Stop ( Chevron ),310-532-6037 CA 91 & Main ( S to 101 W Victoria ),<U+25A1> <U+25A1> <U+25A1>,Carson,90248,Carson Mini Truck Stop ( Chevron ),310-532-6037,2014,Gardena,CA,Chevron,( S to 101 W Victoria ),CA 91 & Main,empty,,False,,False,CA 91,Main,,,,"[136, 607]","[136, 607]","[362, 815]",[],"[103, 104, 105, 106, 107, 108, 109, 110, 111, 112, 113, 114, 115, 116, 117, 118, 119, 120, 121, 122, 123, 124, 125, 126, 127, 128, 129, 130, 131, 132, 133, 134, 135, 136, 137, 138, 139, 140, 141, 142, 143, 144, 145, 146, 147, 148, 149, 150, 151, 152, 153, 154, 155, 156, 157, 158, 159, 160, 161, 162, 163, 164, 165, 166, 167, 168, 169, 170, 171, 172, 173, 174, 175, 176, 177, 178, 179, 180, 181, 182, 183, 184, 185, 186, 187, 188, 189, 190, 191, 192, 193, 194, 195, 196, 197, 198, 199, 200, 201, 202, 203, 204, 205, 206, 207, 208, 209, 210, 211, 212, 213, 214, 215, 216, 217, 218, 219, 220, 221, 222, 223, 224, 225, 226, 227, 228, 229, 230, 231, 232, 233, 234, 235, 236, 237, 238, 239, 240, 241, 242, 243, 244, 245, 246, 247, 248, 249, 250, 251, 252, 253, 254, 255, 256, 257, 258, 259, 260, 261, 262, 263, 264, 265, 266, 267, 268, 269, 270, 271, 272, 273, 274, 275, 276, 277, 278, 279, 280, 281, 282, 283, 284, 285, 286, 287, 288, 289, 290, 291, 292, 293, 294, 295, 296, 297, 298, 299, 300, 301, 302, 303, 304, 305, 306, 307, 308, 309, 310, 311, 312, 313, 314, 315, 316, 317, 318, 319, 320, 321, 322, 323, 324, 325, 326, 327, 328, 329, 330, 331, 332, 333, 334, 335, 336, 337, 574, 575, 576, 577, 578, 579, 580, 581, 582, 583, 584, 585, 586, 587, 588, 589, 590, 591, 592, 593, 594, 595, 596, 597, 598, 599, 600, 601, 602, 603, 604, 605, 606, 607, 608, 609, 610, 611, 612, 613, 614, 615, 616, 617, 618, 619, 620, 621, 622, 623, 624, 625, 626, 627, 628, 629, 630, 631, 632, 633, 634, 635, 636, 637, 638, 639, 640, 641, 642, 643, 644, 645, 646, 647, 648, 649, 650, 651, 652, 653, 654, 655, 656, 657, 658, 659, 660, 661, 662, 663, 664, 665, 666, 667, 668, 669, 670, 671, 672, 673, 674, 675, 676, 677, 678, 679, 680, 681, 682, 683, 684, 685, 686, 687, 688, 689, 690, 691, 692, 693, 694, 695, 696, 697, 698, 699, 700, 701, 702, 703, 704, 705, 706, 707, 708, 709, 710, 711, 712, 713, 714, 715, 716, 717, 718, 719, 720, 721, 722, 723, 724, 725, 726, 727, 728, 729, 730, 731, 732, 733, 734, 735, 736, 737, 738, 739, 740, 741, 742, 743, 744, 745, 746, 747, 748, 749, 750, 751, 752, 753, 754, 755, 756, 757, 758, 759, 760, 761, 762, 763, 764, 765, 766, 767, 768, 769, 770, 771, 772, 773, 774, 775, 776, 777, 778, 779, 780, 781, 782, 783, 784, 785, 786, 787, 788, 789, 790, 791, 792, 793]","[36, 73, 84, 103, 104, 106, 117, 118, 120, 122, 127, 128, 129, 130, 131, 133, 135, 136, 137, 139, 141, 146, 147, 148, 149, 151, 158, 160, 162, 166, 173, 178, 179, 185, 187, 190, 192, 198, 201, 203, 204, 206, 207, 212, 213, 214, 219, 223, 224, 225, 227, 230, 235, 237, 246, 247, 256, 259, 262, 263, 266, 268, 269, 271, 272, 278, 279, 284, 285, 288, 290, 292, 304, 312, 316, 319, 320, 323, 324, 332, 349, 388, 398, 406, 408, 409, 410, 415, 423, 425, 427, 434, 440, 444, 451, 453, 455, 456, 465, 467, 473, 517, 547, 555, 574, 575, 588, 591, 593, 601, 607, 608, 610, 612, 618, 619, 620, 622, 632, 644, 649, 650, 656, 658, 661, 663, 669, 674, 677, 683, 684, 687, 688, 689, 701, 710, 723, 730, 731, 738, 747, 751, 762, 774, 778, 789, 804, 838, 855, 858, 859, 861, 866, 875, 877, 879, 886, 891, 894, 898, 900, 902, 903, 904, 912, 914, 920, 921, 926, 931]","[12, 24, 25, 28, 88, 100, 104, 119, 123, 129, 136, 137, 139, 140, 141, 148, 155, 169, 172, 179, 183, 185, 188, 196, 198, 217, 237, 267, 270, 278, 319, 321, 324, 325, 330, 334, 335, 354, 366, 369, 380, 383, 384, 386, 395, 407, 411, 423, 428, 436, 437, 452, 453, 456, 467, 471, 477, 478, 479, 497, 508, 511, 559, 571, 575, 590, 594, 600, 607, 608, 610, 611, 612, 619, 627, 640, 643, 650, 654, 656, 659, 667, 669, 685, 701, 726, 729, 737, 777, 779, 782, 783, 787, 790, 791, 809, 817, 819, 830, 833, 834, 836, 845, 856, 857, 860, 862, 875, 880, 887, 888, 899, 900, 914, 918, 921, 928, 929, 930]","[12, 24, 25, 28, 88, 100, 104, 119, 123, 129, 136, 137, 139, 140, 141, 148, 155, 169, 172, 179, 183, 185, 188, 196, 198, 217, 237, 267, 270, 278, 319, 321, 324, 325, 330, 334, 335, 354, 366, 369, 380, 383, 384, 386, 395, 407, 411, 423, 428, 436, 437, 452, 453, 456, 467, 471, 477, 478, 479, 497, 508, 511, 559, 571, 575, 590, 594, 600, 607, 608, 610, 611, 612, 619, 627, 640, 643, 650, 654, 656, 659, 667, 669, 685, 701, 726, 729, 737, 777, 779, 782, 783, 787, 790, 791, 809, 817, 819, 830, 833, 834, 836, 845, 856, 857, 860, 862, 875, 880, 887, 888, 899, 900, 914, 918, 921, 928, 929, 930]","[12, 24, 25, 28, 36, 73, 84, 88, 100, 103, 104, 105, 106, 107, 108, 109, 110, 111, 112, 113, 114, 115, 116, 117, 118, 119, 120, 121, 122, 123, 124, 125, 126, 127, 128, 129, 130, 131, 132, 133, 134, 135, 136, 137, 138, 139, 140, 141, 142, 143, 144, 145, 146, 147, 148, 149, 150, 151, 152, 153, 154, 155, 156, 157, 158, 159, 160, 161, 162, 163, 164, 165, 166, 167, 168, 169, 170, 171, 172, 173, 174, 175, 176, 177, 178, 179, 180, 181, 182, 183, 184, 185, 186, 187, 188, 189, 190, 191, 192, 193, 194, 195, 196, 197, 198, 199, 200, 201, 202, 203, 204, 205, 206, 207, 208, 209, 210, 211, 212, 213, 214, 215, 216, 217, 218, 219, 220, 221, 222, 223, 224, 225, 226, 227, 228, 229, 230, 231, 232, 233, 234, 235, 236, 237, 238, 239, 240, 241, 242, 243, 244, 245, 246, 247, 248, 249, 250, 251, 252, 253, 254, 255, 256, 257, 258, 259, 260, 261, 262, 263, 264, 265, 266, 267, 268, 269, 270, 271, 272, 273, 274, 275, 276, 277, 278, 279, 280, 281, 282, 283, 284, 285, 286, 287, 288, 289, 290, 291, 292, 293, 294, 295, 296, 297, 298, 299, 300, 301, 302, 303, 304, 305, 306, 307, 308, 309, 310, 311, 312, 313, 314, 315, 316, 317, 318, 319, 320, 321, 322, 323, 324, 325, 326, 327, 328, 329, 330, 331, 332, 333, 334, 335, 336, 337, 349, 354, 362, 366, 369, 380, 383, 384, 386, 388, 395, 398, 406, 407, 408, 409, 410, 411, 415, 423, 425, 427, 428, 434, 436, 437, 440, 444, 451, 452, 453, 455, 456, 465, 467, 471, 473, 477, 478, 479, 497, 508, 511, 517, 547, 555, 559, 571, 574, 575, 576, 577, 578, 579, 580, 581, 582, 583, 584, 585, 586, 587, 588, 589, 590, 591, 592, 593, 594, 595, 596, 597, 598, 599, 600, 601, 602, 603, 604, 605, 606, 607, 608, 609, 610, 611, 612, 613, 614, 615, 616, 617, 618, 619, 620, 621, 622, 623, 624, 625, 626, 627, 628, 629, 630, 631, 632, 633, 634, 635, 636, 637, 638, 639, 640, 641, 642, 643, 644, 645, 646, 647, 648, 649, 650, 651, 652, 653, 654, 655, 656, 657, 658, 659, 660, 661, 662, 663, 664, 665, 666, 667, 668, 669, 670, 671, 672, 673, 674, 675, 676, 677, 678, 679, 680, 681, 682, 683, 684, 685, 686, 687, 688, 689, 690, 691, 692, 693, 694, 695, 696, 697, 698, 699, 700, 701, 702, 703, 704, 705, 706, 707, 708, 709, 710, 711, 712, 713, 714, 715, 716, 717, 718, 719, 720, 721, 722, 723, 724, 725, 726, 727, 728, 729, 730, 731, 732, 733, 734, 735, 736, 737, 738, 739, 740, 741, 742, 743, 744, 745, 746, 747, 748, 749, 750, 751, 752, 753, 754, 755, 756, 757, 758, 759, 760, 761, 762, 763, 764, 765, 766, 767, 768, 769, 770, 771, 772, 773, 774, 775, 776, 777, 778, 779, 780, 781, 782, 783, 784, 785, 786, 787, 788, 789, 790, 791, 792, 793, 804, 809, 815, 817, 819, 830, 833, 834, 836, 838, 845, 855, 856, 857, 858, 859, 860, 861, 862, 866, 875, 877, 879, 880, 886, 887, 888, 891, 894, 898, 899, 900, 902, 903, 904, 912, 914, 918, 920, 921, 926, 928, 929, 930, 931]",True,"[136, 607]","[103, 104, 105, 106, 107, 108, 109, 110, 111, 112, 113, 114, 115, 116, 117, 118, 119, 120, 121, 122, 123, 124, 125, 126, 127, 128, 129, 130, 131, 132, 133, 134, 135, 136, 137, 138, 139, 140, 141, 142, 143, 144, 145, 146, 147, 148, 149, 150, 151, 152, 153, 154, 155, 156, 157, 158, 159, 160, 161, 162, 163, 164, 165, 166, 167, 168, 169, 170, 171, 172, 173, 174, 175, 176, 177, 178, 179, 180, 181, 182, 183, 184, 185, 186, 187, 188, 189, 190, 191, 192, 193, 194, 195, 196, 197, 198, 199, 200, 201, 202, 203, 204, 205, 206, 207, 208, 209, 210, 211, 212, 213, 214, 215, 216, 217, 218, 219, 220, 221, 222, 223, 224, 225, 226, 227, 228, 229, 230, 231, 232, 233, 234, 235, 236, 237, 238, 239, 240, 241, 242, 243, 244, 245, 246, 247, 248, 249, 250, 251, 252, 253, 254, 255, 256, 257, 258, 259, 260, 261, 262, 263, 264, 265, 266, 267, 268, 269, 270, 271, 272, 273, 274, 275, 276, 277, 278, 279, 280, 281, 282, 283, 284, 285, 286, 287, 288, 289, 290, 291, 292, 293, 294, 295, 296, 297, 298, 299, 300, 301, 302, 303, 304, 305, 306, 307, 308, 309, 310, 311, 312, 313, 314, 315, 316, 317, 318, 319, 320, 321, 322, 323, 324, 325, 326, 327, 328, 329, 330, 331, 332, 333, 334, 335, 336, 337, 574, 575, 576, 577, 578, 579, 580, 581, 582, 583, 584, 585, 586, 587, 588, 589, 590, 591, 592, 593, 594, 595, 596, 597, 598, 599, 600, 601, 602, 603, 604, 605, 606, 607, 608, 609, 610, 611, 612, 613, 614, 615, 616, 617, 618, 619, 620, 621, 622, 623, 624, 625, 626, 627, 628, 629, 630, 631, 632, 633, 634, 635, 636, 637, 638, 639, 640, 641, 642, 643, 644, 645, 646, 647, 648, 649, 650, 651, 652, 653, 654, 655, 656, 657, 658, 659, 660, 661, 662, 663, 664, 665, 666, 667, 668, 669, 670, 671, 672, 673, 674, 675, 676, 677, 678, 679, 680, 681, 682, 683, 684, 685, 686, 687, 688, 689, 690, 691, 692, 693, 694, 695, 696, 697, 698, 699, 700, 701, 702, 703, 704, 705, 706, 707, 708, 709, 710, 711, 712, 713, 714, 715, 716, 717, 718, 719, 720, 721, 722, 723, 724, 725, 726, 727, 728, 729, 730, 731, 732, 733, 734, 735, 736, 737, 738, 739, 740, 741, 742, 743, 744, 745, 746, 747, 748, 749, 750, 751, 752, 753, 754, 755, 756, 757, 758, 759, 760, 761, 762, 763, 764, 765, 766, 767, 768, 769, 770, 771, 772, 773, 774, 775, 776, 777, 778, 779, 780, 781, 782, 783, 784, 785, 786, 787, 788, 789, 790, 791, 792, 793]","[362, 815]",[],"[36, 73, 84, 103, 104, 106, 117, 118, 120, 122, 127, 128, 129, 130, 131, 133, 135, 136, 137, 139, 141, 146, 147, 148, 149, 151, 158, 160, 162, 166, 173, 178, 179, 185, 187, 190, 192, 198, 201, 203, 204, 206, 207, 212, 213, 214, 219, 223, 224, 225, 227, 230, 235, 237, 246, 247, 256, 259, 262, 263, 266, 268, 269, 271, 272, 278, 279, 284, 285, 288, 290, 292, 304, 312, 316, 319, 320, 323, 324, 332, 349, 388, 398, 406, 408, 409, 410, 415, 423, 425, 427, 434, 440, 444, 451, 453, 455, 456, 465, 467, 473, 517, 547, 555, 574, 575, 588, 591, 593, 601, 607, 608, 610, 612, 618, 619, 620, 622, 632, 644, 649, 650, 656, 658, 661, 663, 669, 674, 677, 683, 684, 687, 688, 689, 701, 710, 723, 730, 731, 738, 747, 751, 762, 774, 778, 789, 804, 838, 855, 858, 859, 861, 866, 875, 877, 879, 886, 891, 894, 898, 900, 902, 903, 904, 912, 914, 920, 921, 926, 931]","[12, 24, 25, 28, 88, 100, 104, 119, 123, 129, 136, 137, 139, 140, 141, 148, 155, 169, 172, 179, 183, 185, 188, 196, 198, 217, 237, 267, 270, 278, 319, 321, 324, 325, 330, 334, 335, 354, 366, 369, 380, 383, 384, 386, 395, 407, 411, 423, 428, 436, 437, 452, 453, 456, 467, 471, 477, 478, 479, 497, 508, 511, 559, 571, 575, 590, 594, 600, 607, 608, 610, 611, 612, 619, 627, 640, 643, 650, 654, 656, 659, 667, 669, 685, 701, 726, 729, 737, 777, 779, 782, 783, 787, 790, 791, 809, 817, 819, 830, 833, 834, 836, 845, 856, 857, 860, 862, 875, 880, 887, 888, 899, 900, 914, 918, 921, 928, 929, 930]","[12, 24, 25, 28, 88, 100, 104, 119, 123, 129, 136, 137, 139, 140, 141, 148, 155, 169, 172, 179, 183, 185, 188, 196, 198, 217, 237, 267, 270, 278, 319, 321, 324, 325, 330, 334, 335, 354, 366, 369, 380, 383, 384, 386, 395, 407, 411, 423, 428, 436, 437, 452, 453, 456, 467, 471, 477, 478, 479, 497, 508, 511, 559, 571, 575, 590, 594, 600, 607, 608, 610, 611, 612, 619, 627, 640, 643, 650, 654, 656, 659, 667, 669, 685, 701, 726, 729, 737, 777, 779, 782, 783, 787, 790, 791, 809, 817, 819, 830, 833, 834, 836, 845, 856, 857, 860, 862, 875, 880, 887, 888, 899, 900, 914, 918, 921, 928, 929, 930]",2/6 successful match,True,[3],True,253,False,,1.0,True,Carson Mini Truck Stop,
Carson ( 90248 ) Carson Mini Truck Stop ( Chevron Rd W ) ),5 310-532-6037 CA 91 & Main ( S to 101 W,24 <U+25A1> <U+25A1>,Carson,90248,Carson Mini Truck Stop ( Chevron Rd W ) ),310-532-6037,2015,Gardena,CA,Chevron,( S to 101 W,CA 91 & Main,empty,,False,,False,CA 91,Main,,,,"[136, 607]","[136, 607]","[362, 815]",[],"[103, 104, 105, 106, 107, 108, 109, 110, 111, 112, 113, 114, 115, 116, 117, 118, 119, 120, 121, 122, 123, 124, 125, 126, 127, 128, 129, 130, 131, 132, 133, 134, 135, 136, 137, 138, 139, 140, 141, 142, 143, 144, 145, 146, 147, 148, 149, 150, 151, 152, 153, 154, 155, 156, 157, 158, 159, 160, 161, 162, 163, 164, 165, 166, 167, 168, 169, 170, 171, 172, 173, 174, 175, 176, 177, 178, 179, 180, 181, 182, 183, 184, 185, 186, 187, 188, 189, 190, 191, 192, 193, 194, 195, 196, 197, 198, 199, 200, 201, 202, 203, 204, 205, 206, 207, 208, 209, 210, 211, 212, 213, 214, 215, 216, 217, 218, 219, 220, 221, 222, 223, 224, 225, 226, 227, 228, 229, 230, 231, 232, 233, 234, 235, 236, 237, 238, 239, 240, 241, 242, 243, 244, 245, 246, 247, 248, 249, 250, 251, 252, 253, 254, 255, 256, 257, 258, 259, 260, 261, 262, 263, 264, 265, 266, 267, 268, 269, 270, 271, 272, 273, 274, 275, 276, 277, 278, 279, 280, 281, 282, 283, 284, 285, 286, 287, 288, 289, 290, 291, 292, 293, 294, 295, 296, 297, 298, 299, 300, 301, 302, 303, 304, 305, 306, 307, 308, 309, 310, 311, 312, 313, 314, 315, 316, 317, 318, 319, 320, 321, 322, 323, 324, 325, 326, 327, 328, 329, 330, 331, 332, 333, 334, 335, 336, 337, 574, 575, 576, 577, 578, 579, 580, 581, 582, 583, 584, 585, 586, 587, 588, 589, 590, 591, 592, 593, 594, 595, 596, 597, 598, 599, 600, 601, 602, 603, 604, 605, 606, 607, 608, 609, 610, 611, 612, 613, 614, 615, 616, 617, 618, 619, 620, 621, 622, 623, 624, 625, 626, 627, 628, 629, 630, 631, 632, 633, 634, 635, 636, 637, 638, 639, 640, 641, 642, 643, 644, 645, 646, 647, 648, 649, 650, 651, 652, 653, 654, 655, 656, 657, 658, 659, 660, 661, 662, 663, 664, 665, 666, 667, 668, 669, 670, 671, 672, 673, 674, 675, 676, 677, 678, 679, 680, 681, 682, 683, 684, 685, 686, 687, 688, 689, 690, 691, 692, 693, 694, 695, 696, 697, 698, 699, 700, 701, 702, 703, 704, 705, 706, 707, 708, 709, 710, 711, 712, 713, 714, 715, 716, 717, 718, 719, 720, 721, 722, 723, 724, 725, 726, 727, 728, 729, 730, 731, 732, 733, 734, 735, 736, 737, 738, 739, 740, 741, 742, 743, 744, 745, 746, 747, 748, 749, 750, 751, 752, 753, 754, 755, 756, 757, 758, 759, 760, 761, 762, 763, 764, 765, 766, 767, 768, 769, 770, 771, 772, 773, 774, 775, 776, 777, 778, 779, 780, 781, 782, 783, 784, 785, 786, 787, 788, 789, 790, 791, 792, 793]","[36, 73, 84, 103, 104, 106, 117, 118, 120, 122, 127, 128, 129, 130, 131, 133, 135, 136, 137, 139, 141, 146, 147, 148, 149, 151, 158, 160, 162, 166, 173, 178, 179, 185, 187, 190, 192, 198, 201, 203, 204, 206, 207, 212, 213, 214, 219, 223, 224, 225, 227, 230, 235, 237, 246, 247, 256, 259, 262, 263, 266, 268, 269, 271, 272, 278, 279, 284, 285, 288, 290, 292, 304, 312, 316, 319, 320, 323, 324, 332, 349, 388, 398, 406, 408, 409, 410, 415, 423, 425, 427, 434, 440, 444, 451, 453, 455, 456, 465, 467, 473, 517, 547, 555, 574, 575, 588, 591, 593, 601, 607, 608, 610, 612, 618, 619, 620, 622, 632, 644, 649, 650, 656, 658, 661, 663, 669, 674, 677, 683, 684, 687, 688, 689, 701, 710, 723, 730, 731, 738, 747, 751, 762, 774, 778, 789, 804, 838, 855, 858, 859, 861, 866, 875, 877, 879, 886, 891, 894, 898, 900, 902, 903, 904, 912, 914, 920, 921, 926, 931]","[12, 24, 25, 28, 88, 100, 104, 119, 123, 129, 136, 137, 139, 140, 141, 148, 155, 169, 172, 179, 183, 185, 188, 196, 198, 217, 237, 267, 270, 278, 319, 321, 324, 325, 330, 334, 335, 354, 366, 369, 380, 383, 384, 386, 395, 407, 411, 423, 428, 436, 437, 452, 453, 456, 467, 471, 477, 478, 479, 497, 508, 511, 559, 571, 575, 590, 594, 600, 607, 608, 610, 611, 612, 619, 627, 640, 643, 650, 654, 656, 659, 667, 669, 685, 701, 726, 729, 737, 777, 779, 782, 783, 787, 790, 791, 809, 817, 819, 830, 833, 834, 836, 845, 856, 857, 860, 862, 875, 880, 887, 888, 899, 900, 914, 918, 921, 928, 929, 930]","[12, 24, 25, 28, 88, 100, 104, 119, 123, 129, 136, 137, 139, 140, 141, 148, 155, 169, 172, 179, 183, 185, 188, 196, 198, 217, 237, 267, 270, 278, 319, 321, 324, 325, 330, 334, 335, 354, 366, 369, 380, 383, 384, 386, 395, 407, 411, 423, 428, 436, 437, 452, 453, 456, 467, 471, 477, 478, 479, 497, 508, 511, 559, 571, 575, 590, 594, 600, 607, 608, 610, 611, 612, 619, 627, 640, 643, 650, 654, 656, 659, 667, 669, 685, 701, 726, 729, 737, 777, 779, 782, 783, 787, 790, 791, 809, 817, 819, 830, 833, 834, 836, 845, 856, 857, 860, 862, 875, 880, 887, 888, 899, 900, 914, 918, 921, 928, 929, 930]","[12, 24, 25, 28, 36, 73, 84, 88, 100, 103, 104, 105, 106, 107, 108, 109, 110, 111, 112, 113, 114, 115, 116, 117, 118, 119, 120, 121, 122, 123, 124, 125, 126, 127, 128, 129, 130, 131, 132, 133, 134, 135, 136, 137, 138, 139, 140, 141, 142, 143, 144, 145, 146, 147, 148, 149, 150, 151, 152, 153, 154, 155, 156, 157, 158, 159, 160, 161, 162, 163, 164, 165, 166, 167, 168, 169, 170, 171, 172, 173, 174, 175, 176, 177, 178, 179, 180, 181, 182, 183, 184, 185, 186, 187, 188, 189, 190, 191, 192, 193, 194, 195, 196, 197, 198, 199, 200, 201, 202, 203, 204, 205, 206, 207, 208, 209, 210, 211, 212, 213, 214, 215, 216, 217, 218, 219, 220, 221, 222, 223, 224, 225, 226, 227, 228, 229, 230, 231, 232, 233, 234, 235, 236, 237, 238, 239, 240, 241, 242, 243, 244, 245, 246, 247, 248, 249, 250, 251, 252, 253, 254, 255, 256, 257, 258, 259, 260, 261, 262, 263, 264, 265, 266, 267, 268, 269, 270, 271, 272, 273, 274, 275, 276, 277, 278, 279, 280, 281, 282, 283, 284, 285, 286, 287, 288, 289, 290, 291, 292, 293, 294, 295, 296, 297, 298, 299, 300, 301, 302, 303, 304, 305, 306, 307, 308, 309, 310, 311, 312, 313, 314, 315, 316, 317, 318, 319, 320, 321, 322, 323, 324, 325, 326, 327, 328, 329, 330, 331, 332, 333, 334, 335, 336, 337, 349, 354, 362, 366, 369, 380, 383, 384, 386, 388, 395, 398, 406, 407, 408, 409, 410, 411, 415, 423, 425, 427, 428, 434, 436, 437, 440, 444, 451, 452, 453, 455, 456, 465, 467, 471, 473, 477, 478, 479, 497, 508, 511, 517, 547, 555, 559, 571, 574, 575, 576, 577, 578, 579, 580, 581, 582, 583, 584, 585, 586, 587, 588, 589, 590, 591, 592, 593, 594, 595, 596, 597, 598, 599, 600, 601, 602, 603, 604, 605, 606, 607, 608, 609, 610, 611, 612, 613, 614, 615, 616, 617, 618, 619, 620, 621, 622, 623, 624, 625, 626, 627, 628, 629, 630, 631, 632, 633, 634, 635, 636, 637, 638, 639, 640, 641, 642, 643, 644, 645, 646, 647, 648, 649, 650, 651, 652, 653, 654, 655, 656, 657, 658, 659, 660, 661, 662, 663, 664, 665, 666, 667, 668, 669, 670, 671, 672, 673, 674, 675, 676, 677, 678, 679, 680, 681, 682, 683, 684, 685, 686, 687, 688, 689, 690, 691, 692, 693, 694, 695, 696, 697, 698, 699, 700, 701, 702, 703, 704, 705, 706, 707, 708, 709, 710, 711, 712, 713, 714, 715, 716, 717, 718, 719, 720, 721, 722, 723, 724, 725, 726, 727, 728, 729, 730, 731, 732, 733, 734, 735, 736, 737, 738, 739, 740, 741, 742, 743, 744, 745, 746, 747, 748, 749, 750, 751, 752, 753, 754, 755, 756, 757, 758, 759, 760, 761, 762, 763, 764, 765, 766, 767, 768, 769, 770, 771, 772, 773, 774, 775, 776, 777, 778, 779, 780, 781, 782, 783, 784, 785, 786, 787, 788, 789, 790, 791, 792, 793, 804, 809, 815, 817, 819, 830, 833, 834, 836, 838, 845, 855, 856, 857, 858, 859, 860, 861, 862, 866, 875, 877, 879, 880, 886, 887, 888, 891, 894, 898, 899, 900, 902, 903, 904, 912, 914, 918, 920, 921, 926, 928, 929, 930, 931]",True,"[136, 607]","[103, 104, 105, 106, 107, 108, 109, 110, 111, 112, 113, 114, 115, 116, 117, 118, 119, 120, 121, 122, 123, 124, 125, 126, 127, 128, 129, 130, 131, 132, 133, 134, 135, 136, 137, 138, 139, 140, 141, 142, 143, 144, 145, 146, 147, 148, 149, 150, 151, 152, 153, 154, 155, 156, 157, 158, 159, 160, 161, 162, 163, 164, 165, 166, 167, 168, 169, 170, 171, 172, 173, 174, 175, 176, 177, 178, 179, 180, 181, 182, 183, 184, 185, 186, 187, 188, 189, 190, 191, 192, 193, 194, 195, 196, 197, 198, 199, 200, 201, 202, 203, 204, 205, 206, 207, 208, 209, 210, 211, 212, 213, 214, 215, 216, 217, 218, 219, 220, 221, 222, 223, 224, 225, 226, 227, 228, 229, 230, 231, 232, 233, 234, 235, 236, 237, 238, 239, 240, 241, 242, 243, 244, 245, 246, 247, 248, 249, 250, 251, 252, 253, 254, 255, 256, 257, 258, 259, 260, 261, 262, 263, 264, 265, 266, 267, 268, 269, 270, 271, 272, 273, 274, 275, 276, 277, 278, 279, 280, 281, 282, 283, 284, 285, 286, 287, 288, 289, 290, 291, 292, 293, 294, 295, 296, 297, 298, 299, 300, 301, 302, 303, 304, 305, 306, 307, 308, 309, 310, 311, 312, 313, 314, 315, 316, 317, 318, 319, 320, 321, 322, 323, 324, 325, 326, 327, 328, 329, 330, 331, 332, 333, 334, 335, 336, 337, 574, 575, 576, 577, 578, 579, 580, 581, 582, 583, 584, 585, 586, 587, 588, 589, 590, 591, 592, 593, 594, 595, 596, 597, 598, 599, 600, 601, 602, 603, 604, 605, 606, 607, 608, 609, 610, 611, 612, 613, 614, 615, 616, 617, 618, 619, 620, 621, 622, 623, 624, 625, 626, 627, 628, 629, 630, 631, 632, 633, 634, 635, 636, 637, 638, 639, 640, 641, 642, 643, 644, 645, 646, 647, 648, 649, 650, 651, 652, 653, 654, 655, 656, 657, 658, 659, 660, 661, 662, 663, 664, 665, 666, 667, 668, 669, 670, 671, 672, 673, 674, 675, 676, 677, 678, 679, 680, 681, 682, 683, 684, 685, 686, 687, 688, 689, 690, 691, 692, 693, 694, 695, 696, 697, 698, 699, 700, 701, 702, 703, 704, 705, 706, 707, 708, 709, 710, 711, 712, 713, 714, 715, 716, 717, 718, 719, 720, 721, 722, 723, 724, 725, 726, 727, 728, 729, 730, 731, 732, 733, 734, 735, 736, 737, 738, 739, 740, 741, 742, 743, 744, 745, 746, 747, 748, 749, 750, 751, 752, 753, 754, 755, 756, 757, 758, 759, 760, 761, 762, 763, 764, 765, 766, 767, 768, 769, 770, 771, 772, 773, 774, 775, 776, 777, 778, 779, 780, 781, 782, 783, 784, 785, 786, 787, 788, 789, 790, 791, 792, 793]","[362, 815]",[],"[36, 73, 84, 103, 104, 106, 117, 118, 120, 122, 127, 128, 129, 130, 131, 133, 135, 136, 137, 139, 141, 146, 147, 148, 149, 151, 158, 160, 162, 166, 173, 178, 179, 185, 187, 190, 192, 198, 201, 203, 204, 206, 207, 212, 213, 214, 219, 223, 224, 225, 227, 230, 235, 237, 246, 247, 256, 259, 262, 263, 266, 268, 269, 271, 272, 278, 279, 284, 285, 288, 290, 292, 304, 312, 316, 319, 320, 323, 324, 332, 349, 388, 398, 406, 408, 409, 410, 415, 423, 425, 427, 434, 440, 444, 451, 453, 455, 456, 465, 467, 473, 517, 547, 555, 574, 575, 588, 591, 593, 601, 607, 608, 610, 612, 618, 619, 620, 622, 632, 644, 649, 650, 656, 658, 661, 663, 669, 674, 677, 683, 684, 687, 688, 689, 701, 710, 723, 730, 731, 738, 747, 751, 762, 774, 778, 789, 804, 838, 855, 858, 859, 861, 866, 875, 877, 879, 886, 891, 894, 898, 900, 902, 903, 904, 912, 914, 920, 921, 926, 931]","[12, 24, 25, 28, 88, 100, 104, 119, 123, 129, 136, 137, 139, 140, 141, 148, 155, 169, 172, 179, 183, 185, 188, 196, 198, 217, 237, 267, 270, 278, 319, 321, 324, 325, 330, 334, 335, 354, 366, 369, 380, 383, 384, 386, 395, 407, 411, 423, 428, 436, 437, 452, 453, 456, 467, 471, 477, 478, 479, 497, 508, 511, 559, 571, 575, 590, 594, 600, 607, 608, 610, 611, 612, 619, 627, 640, 643, 650, 654, 656, 659, 667, 669, 685, 701, 726, 729, 737, 777, 779, 782, 783, 787, 790, 791, 809, 817, 819, 830, 833, 834, 836, 845, 856, 857, 860, 862, 875, 880, 887, 888, 899, 900, 914, 918, 921, 928, 929, 930]","[12, 24, 25, 28, 88, 100, 104, 119, 123, 129, 136, 137, 139, 140, 141, 148, 155, 169, 172, 179, 183, 185, 188, 196, 198, 217, 237, 267, 270, 278, 319, 321, 324, 325, 330, 334, 335, 354, 366, 369, 380, 383, 384, 386, 395, 407, 411, 423, 428, 436, 437, 452, 453, 456, 467, 471, 477, 478, 479, 497, 508, 511, 559, 571, 575, 590, 594, 600, 607, 608, 610, 611, 612, 619, 627, 640, 643, 650, 654, 656, 659, 667, 669, 685, 701, 726, 729, 737, 777, 779, 782, 783, 787, 790, 791, 809, 817, 819, 830, 833, 834, 836, 845, 856, 857, 860, 862, 875, 880, 887, 888, 899, 900, 914, 918, 921, 928, 929, 930]",2/6 successful match,True,[3],True,253,False,,1.0,True,Carson Mini Truck Stop ( Chevron ),Chevron
Carson ( 90248 ) Carson Mini Truck Stop,5 310-532-6037 CA 91 & Main ( S to 101 W ),24 R <U+2610> <U+2610> <U+2610> <U+25A1>,Carson,90248,Carson Mini Truck Stop,310-532-6037,2016,Gardena,CA,,( S to 101 W ),CA 91 & Main,empty,,False,,False,CA 91,Main,,,,"[136, 607]","[136, 607]","[362, 815]",[],"[103, 104, 105, 106, 107, 108, 109, 110, 111, 112, 113, 114, 115, 116, 117, 118, 119, 120, 121, 122, 123, 124, 125, 126, 127, 128, 129, 130, 131, 132, 133, 134, 135, 136, 137, 138, 139, 140, 141, 142, 143, 144, 145, 146, 147, 148, 149, 150, 151, 152, 153, 154, 155, 156, 157, 158, 159, 160, 161, 162, 163, 164, 165, 166, 167, 168, 169, 170, 171, 172, 173, 174, 175, 176, 177, 178, 179, 180, 181, 182, 183, 184, 185, 186, 187, 188, 189, 190, 191, 192, 193, 194, 195, 196, 197, 198, 199, 200, 201, 202, 203, 204, 205, 206, 207, 208, 209, 210, 211, 212, 213, 214, 215, 216, 217, 218, 219, 220, 221, 222, 223, 224, 225, 226, 227, 228, 229, 230, 231, 232, 233, 234, 235, 236, 237, 238, 239, 240, 241, 242, 243, 244, 245, 246, 247, 248, 249, 250, 251, 252, 253, 254, 255, 256, 257, 258, 259, 260, 261, 262, 263, 264, 265, 266, 267, 268, 269, 270, 271, 272, 273, 274, 275, 276, 277, 278, 279, 280, 281, 282, 283, 284, 285, 286, 287, 288, 289, 290, 291, 292, 293, 294, 295, 296, 297, 298, 299, 300, 301, 302, 303, 304, 305, 306, 307, 308, 309, 310, 311, 312, 313, 314, 315, 316, 317, 318, 319, 320, 321, 322, 323, 324, 325, 326, 327, 328, 329, 330, 331, 332, 333, 334, 335, 336, 337, 574, 575, 576, 577, 578, 579, 580, 581, 582, 583, 584, 585, 586, 587, 588, 589, 590, 591, 592, 593, 594, 595, 596, 597, 598, 599, 600, 601, 602, 603, 604, 605, 606, 607, 608, 609, 610, 611, 612, 613, 614, 615, 616, 617, 618, 619, 620, 621, 622, 623, 624, 625, 626, 627, 628, 629, 630, 631, 632, 633, 634, 635, 636, 637, 638, 639, 640, 641, 642, 643, 644, 645, 646, 647, 648, 649, 650, 651, 652, 653, 654, 655, 656, 657, 658, 659, 660, 661, 662, 663, 664, 665, 666, 667, 668, 669, 670, 671, 672, 673, 674, 675, 676, 677, 678, 679, 680, 681, 682, 683, 684, 685, 686, 687, 688, 689, 690, 691, 692, 693, 694, 695, 696, 697, 698, 699, 700, 701, 702, 703, 704, 705, 706, 707, 708, 709, 710, 711, 712, 713, 714, 715, 716, 717, 718, 719, 720, 721, 722, 723, 724, 725, 726, 727, 728, 729, 730, 731, 732, 733, 734, 735, 736, 737, 738, 739, 740, 741, 742, 743, 744, 745, 746, 747, 748, 749, 750, 751, 752, 753, 754, 755, 756, 757, 758, 759, 760, 761, 762, 763, 764, 765, 766, 767, 768, 769, 770, 771, 772, 773, 774, 775, 776, 777, 778, 779, 780, 781, 782, 783, 784, 785, 786, 787, 788, 789, 790, 791, 792, 793]","[36, 73, 84, 103, 104, 106, 117, 118, 120, 122, 127, 128, 129, 130, 131, 133, 135, 136, 137, 139, 141, 146, 147, 148, 149, 151, 158, 160, 162, 166, 173, 178, 179, 185, 187, 190, 192, 198, 201, 203, 204, 206, 207, 212, 213, 214, 219, 223, 224, 225, 227, 230, 235, 237, 246, 247, 256, 259, 262, 263, 266, 268, 269, 271, 272, 278, 279, 284, 285, 288, 290, 292, 304, 312, 316, 319, 320, 323, 324, 332, 349, 388, 398, 406, 408, 409, 410, 415, 423, 425, 427, 434, 440, 444, 451, 453, 455, 456, 465, 467, 473, 517, 547, 555, 574, 575, 588, 591, 593, 601, 607, 608, 610, 612, 618, 619, 620, 622, 632, 644, 649, 650, 656, 658, 661, 663, 669, 674, 677, 683, 684, 687, 688, 689, 701, 710, 723, 730, 731, 738, 747, 751, 762, 774, 778, 789, 804, 838, 855, 858, 859, 861, 866, 875, 877, 879, 886, 891, 894, 898, 900, 902, 903, 904, 912, 914, 920, 921, 926, 931]",[],"[136, 607]","[36, 73, 84, 103, 104, 105, 106, 107, 108, 109, 110, 111, 112, 113, 114, 115, 116, 117, 118, 119, 120, 121, 122, 123, 124, 125, 126, 127, 128, 129, 130, 131, 132, 133, 134, 135, 136, 137, 138, 139, 140, 141, 142, 143, 144, 145, 146, 147, 148, 149, 150, 151, 152, 153, 154, 155, 156, 157, 158, 159, 160, 161, 162, 163, 164, 165, 166, 167, 168, 169, 170, 171, 172, 173, 174, 175, 176, 177, 178, 179, 180, 181, 182, 183, 184, 185, 186, 187, 188, 189, 190, 191, 192, 193, 194, 195, 196, 197, 198, 199, 200, 201, 202, 203, 204, 205, 206, 207, 208, 209, 210, 211, 212, 213, 214, 215, 216, 217, 218, 219, 220, 221, 222, 223, 224, 225, 226, 227, 228, 229, 230, 231, 232, 233, 234, 235, 236, 237, 238, 239, 240, 241, 242, 243, 244, 245, 246, 247, 248, 249, 250, 251, 252, 253, 254, 255, 256, 257, 258, 259, 260, 261, 262, 263, 264, 265, 266, 267, 268, 269, 270, 271, 272, 273, 274, 275, 276, 277, 278, 279, 280, 281, 282, 283, 284, 285, 286, 287, 288, 289, 290, 291, 292, 293, 294, 295, 296, 297, 298, 299, 300, 301, 302, 303, 304, 305, 306, 307, 308, 309, 310, 311, 312, 313, 314, 315, 316, 317, 318, 319, 320, 321, 322, 323, 324, 325, 326, 327, 328, 329, 330, 331, 332, 333, 334, 335, 336, 337, 349, 362, 388, 398, 406, 408, 409, 410, 415, 423, 425, 427, 434, 440, 444, 451, 453, 455, 456, 465, 467, 473, 517, 547, 555, 574, 575, 576, 577, 578, 579, 580, 581, 582, 583, 584, 585, 586, 587, 588, 589, 590, 591, 592, 593, 594, 595, 596, 597, 598, 599, 600, 601, 602, 603, 604, 605, 606, 607, 608, 609, 610, 611, 612, 613, 614, 615, 616, 617, 618, 619, 620, 621, 622, 623, 624, 625, 626, 627, 628, 629, 630, 631, 632, 633, 634, 635, 636, 637, 638, 639, 640, 641, 642, 643, 644, 645, 646, 647, 648, 649, 650, 651, 652, 653, 654, 655, 656, 657, 658, 659, 660, 661, 662, 663, 664, 665, 666, 667, 668, 669, 670, 671, 672, 673, 674, 675, 676, 677, 678, 679, 680, 681, 682, 683, 684, 685, 686, 687, 688, 689, 690, 691, 692, 693, 694, 695, 696, 697, 698, 699, 700, 701, 702, 703, 704, 705, 706, 707, 708, 709, 710, 711, 712, 713, 714, 715, 716, 717, 718, 719, 720, 721, 722, 723, 724, 725, 726, 727, 728, 729, 730, 731, 732, 733, 734, 735, 736, 737, 738, 739, 740, 741, 742, 743, 744, 745, 746, 747, 748, 749, 750, 751, 752, 753, 754, 755, 756, 757, 758, 759, 760, 761, 762, 763, 764, 765, 766, 767, 768, 769, 770, 771, 772, 773, 774, 775, 776, 777, 778, 779, 780, 781, 782, 783, 784, 785, 786, 787, 788, 789, 790, 791, 792, 793, 804, 815, 838, 855, 858, 859, 861, 866, 875, 877, 879, 886, 891, 894, 898, 900, 902, 903, 904, 912, 914, 920, 921, 926, 931]",True,"[136, 607]","[103, 104, 105, 106, 107, 108, 109, 110, 111, 112, 113, 114, 115, 116, 117, 118, 119, 120, 121, 122, 123, 124, 125, 126, 127, 128, 129, 130, 131, 132, 133, 134, 135, 136, 137, 138, 139, 140, 141, 142, 143, 144, 145, 146, 147, 148, 149, 150, 151, 152, 153, 154, 155, 156, 157, 158, 159, 160, 161, 162, 163, 164, 165, 166, 167, 168, 169, 170, 171, 172, 173, 174, 175, 176, 177, 178, 179, 180, 181, 182, 183, 184, 185, 186, 187, 188, 189, 190, 191, 192, 193, 194, 195, 196, 197, 198, 199, 200, 201, 202, 203, 204, 205, 206, 207, 208, 209, 210, 211, 212, 213, 214, 215, 216, 217, 218, 219, 220, 221, 222, 223, 224, 225, 226, 227, 228, 229, 230, 231, 232, 233, 234, 235, 236, 237, 238, 239, 240, 241, 242, 243, 244, 245, 246, 247, 248, 249, 250, 251, 252, 253, 254, 255, 256, 257, 258, 259, 260, 261, 262, 263, 264, 265, 266, 267, 268, 269, 270, 271, 272, 273, 274, 275, 276, 277, 278, 279, 280, 281, 282, 283, 284, 285, 286, 287, 288, 289, 290, 291, 292, 293, 294, 295, 296, 297, 298, 299, 300, 301, 302, 303, 304, 305, 306, 307, 308, 309, 310, 311, 312, 313, 314, 315, 316, 317, 318, 319, 320, 321, 322, 323, 324, 325, 326, 327, 328, 329, 330, 331, 332, 333, 334, 335, 336, 337, 574, 575, 576, 577, 578, 579, 580, 581, 582, 583, 584, 585, 586, 587, 588, 589, 590, 591, 592, 593, 594, 595, 596, 597, 598, 599, 600, 601, 602, 603, 604, 605, 606, 607, 608, 609, 610, 611, 612, 613, 614, 615, 616, 617, 618, 619, 620, 621, 622, 623, 624, 625, 626, 627, 628, 629, 630, 631, 632, 633, 634, 635, 636, 637, 638, 639, 640, 641, 642, 643, 644, 645, 646, 647, 648, 649, 650, 651, 652, 653, 654, 655, 656, 657, 658, 659, 660, 661, 662, 663, 664, 665, 666, 667, 668, 669, 670, 671, 672, 673, 674, 675, 676, 677, 678, 679, 680, 681, 682, 683, 684, 685, 686, 687, 688, 689, 690, 691, 692, 693, 694, 695, 696, 697, 698, 699, 700, 701, 702, 703, 704, 705, 706, 707, 708, 709, 710, 711, 712, 713, 714, 715, 716, 717, 718, 719, 720, 721, 722, 723, 724, 725, 726, 727, 728, 729, 730, 731, 732, 733, 734, 735, 736, 737, 738, 739, 740, 741, 742, 743, 744, 745, 746, 747, 748, 749, 750, 751, 752, 753, 754, 755, 756, 757, 758, 759, 760, 761, 762, 763, 764, 765, 766, 767, 768, 769, 770, 771, 772, 773, 774, 775, 776, 777, 778, 779, 780, 781, 782, 783, 784, 785, 786, 787, 788, 789, 790, 791, 792, 793]","[362, 815]",[],"[36, 73, 84, 103, 104, 106, 117, 118, 120, 122, 127, 128, 129, 130, 131, 133, 135, 136, 137, 139, 141, 146, 147, 148, 149, 151, 158, 160, 162, 166, 173, 178, 179, 185, 187, 190, 192, 198, 201, 203, 204, 206, 207, 212, 213, 214, 219, 223, 224, 225, 227, 230, 235, 237, 246, 247, 256, 259, 262, 263, 266, 268, 269, 271, 272, 278, 279, 284, 285, 288, 290, 292, 304, 312, 316, 319, 320, 323, 324, 332, 349, 388, 398, 406, 408, 409, 410, 415, 423, 425, 427, 434, 440, 444, 451, 453, 455, 456, 465, 467, 473, 517, 547, 555, 574, 575, 588, 591, 593, 601, 607, 608, 610, 612, 618, 619, 620, 622, 632, 644, 649, 650, 656, 658, 661, 663, 669, 674, 677, 683, 684, 687, 688, 689, 701, 710, 723, 730, 731, 738, 747, 751, 762, 774, 778, 789, 804, 838, 855, 858, 859, 861, 866, 875, 877, 879, 886, 891, 894, 898, 900, 902, 903, 904, 912, 914, 920, 921, 926, 931]","[136, 607]",[],2/6 successful match,True,[3],True,253,False,,1.0,True,Carson Mini Truck Stop ( Chevron Rd W ) ),Chevron
"Wilmington , 90748 Wilmington Truck Stop Rd N )",310-830-3388 Alameda & Eubanks,D,Wilmington,90748,Wilmington Truck Stop Rd N ),310-830-3388,2006,Wilmington,CA,,,Alameda & Eubanks,empty,,False,,False,Alameda,Eubanks,,,,[],"[234, 698]","[234, 698]",[],"[103, 104, 105, 106, 107, 108, 109, 110, 111, 112, 113, 114, 115, 116, 117, 118, 119, 120, 121, 122, 123, 124, 125, 126, 127, 128, 129, 130, 131, 132, 133, 134, 135, 136, 137, 138, 139, 140, 141, 142, 143, 144, 145, 146, 147, 148, 149, 150, 151, 152, 153, 154, 155, 156, 157, 158, 159, 160, 161, 162, 163, 164, 165, 166, 167, 168, 169, 170, 171, 172, 173, 174, 175, 176, 177, 178, 179, 180, 181, 182, 183, 184, 185, 186, 187, 188, 189, 190, 191, 192, 193, 194, 195, 196, 197, 198, 199, 200, 201, 202, 203, 204, 205, 206, 207, 208, 209, 210, 211, 212, 213, 214, 215, 216, 217, 218, 219, 220, 221, 222, 223, 224, 225, 226, 227, 228, 229, 230, 231, 232, 233, 234, 235, 236, 237, 238, 239, 240, 241, 242, 243, 244, 245, 246, 247, 248, 249, 250, 251, 252, 253, 254, 255, 256, 257, 258, 259, 260, 261, 262, 263, 264, 265, 266, 267, 268, 269, 270, 271, 272, 273, 274, 275, 276, 277, 278, 279, 280, 281, 282, 283, 284, 285, 286, 287, 288, 289, 290, 291, 292, 293, 294, 295, 296, 297, 298, 299, 300, 301, 302, 303, 304, 305, 306, 307, 308, 309, 310, 311, 312, 313, 314, 315, 316, 317, 318, 319, 320, 321, 322, 323, 324, 325, 326, 327, 328, 329, 330, 331, 332, 333, 334, 335, 336, 337, 574, 575, 576, 577, 578, 579, 580, 581, 582, 583, 584, 585, 586, 587, 588, 589, 590, 591, 592, 593, 594, 595, 596, 597, 598, 599, 600, 601, 602, 603, 604, 605, 606, 607, 608, 609, 610, 611, 612, 613, 614, 615, 616, 617, 618, 619, 620, 621, 622, 623, 624, 625, 626, 627, 628, 629, 630, 631, 632, 633, 634, 635, 636, 637, 638, 639, 640, 641, 642, 643, 644, 645, 646, 647, 648, 649, 650, 651, 652, 653, 654, 655, 656, 657, 658, 659, 660, 661, 662, 663, 664, 665, 666, 667, 668, 669, 670, 671, 672, 673, 674, 675, 676, 677, 678, 679, 680, 681, 682, 683, 684, 685, 686, 687, 688, 689, 690, 691, 692, 693, 694, 695, 696, 697, 698, 699, 700, 701, 702, 703, 704, 705, 706, 707, 708, 709, 710, 711, 712, 713, 714, 715, 716, 717, 718, 719, 720, 721, 722, 723, 724, 725, 726, 727, 728, 729, 730, 731, 732, 733, 734, 735, 736, 737, 738, 739, 740, 741, 742, 743, 744, 745, 746, 747, 748, 749, 750, 751, 752, 753, 754, 755, 756, 757, 758, 759, 760, 761, 762, 763, 764, 765, 766, 767, 768, 769, 770, 771, 772, 773, 774, 775, 776, 777, 778, 779, 780, 781, 782, 783, 784, 785, 786, 787, 788, 789, 790, 791, 792, 793]","[300, 759]",[],[],"[103, 104, 105, 106, 107, 108, 109, 110, 111, 112, 113, 114, 115, 116, 117, 118, 119, 120, 121, 122, 123, 124, 125, 126, 127, 128, 129, 130, 131, 132, 133, 134, 135, 136, 137, 138, 139, 140, 141, 142, 143, 144, 145, 146, 147, 148, 149, 150, 151, 152, 153, 154, 155, 156, 157, 158, 159, 160, 161, 162, 163, 164, 165, 166, 167, 168, 169, 170, 171, 172, 173, 174, 175, 176, 177, 178, 179, 180, 181, 182, 183, 184, 185, 186, 187, 188, 189, 190, 191, 192, 193, 194, 195, 196, 197, 198, 199, 200, 201, 202, 203, 204, 205, 206, 207, 208, 209, 210, 211, 212, 213, 214, 215, 216, 217, 218, 219, 220, 221, 222, 223, 224, 225, 226, 227, 228, 229, 230, 231, 232, 233, 234, 235, 236, 237, 238, 239, 240, 241, 242, 243, 244, 245, 246, 247, 248, 249, 250, 251, 252, 253, 254, 255, 256, 257, 258, 259, 260, 261, 262, 263, 264, 265, 266, 267, 268, 269, 270, 271, 272, 273, 274, 275, 276, 277, 278, 279, 280, 281, 282, 283, 284, 285, 286, 287, 288, 289, 290, 291, 292, 293, 294, 295, 296, 297, 298, 299, 300, 301, 302, 303, 304, 305, 306, 307, 308, 309, 310, 311, 312, 313, 314, 315, 316, 317, 318, 319, 320, 321, 322, 323, 324, 325, 326, 327, 328, 329, 330, 331, 332, 333, 334, 335, 336, 337, 574, 575, 576, 577, 578, 579, 580, 581, 582, 583, 584, 585, 586, 587, 588, 589, 590, 591, 592, 593, 594, 595, 596, 597, 598, 599, 600, 601, 602, 603, 604, 605, 606, 607, 608, 609, 610, 611, 612, 613, 614, 615, 616, 617, 618, 619, 620, 621, 622, 623, 624, 625, 626, 627, 628, 629, 630, 631, 632, 633, 634, 635, 636, 637, 638, 639, 640, 641, 642, 643, 644, 645, 646, 647, 648, 649, 650, 651, 652, 653, 654, 655, 656, 657, 658, 659, 660, 661, 662, 663, 664, 665, 666, 667, 668, 669, 670, 671, 672, 673, 674, 675, 676, 677, 678, 679, 680, 681, 682, 683, 684, 685, 686, 687, 688, 689, 690, 691, 692, 693, 694, 695, 696, 697, 698, 699, 700, 701, 702, 703, 704, 705, 706, 707, 708, 709, 710, 711, 712, 713, 714, 715, 716, 717, 718, 719, 720, 721, 722, 723, 724, 725, 726, 727, 728, 729, 730, 731, 732, 733, 734, 735, 736, 737, 738, 739, 740, 741, 742, 743, 744, 745, 746, 747, 748, 749, 750, 751, 752, 753, 754, 755, 756, 757, 758, 759, 760, 761, 762, 763, 764, 765, 766, 767, 768, 769, 770, 771, 772, 773, 774, 775, 776, 777, 778, 779, 780, 781, 782, 783, 784, 785, 786, 787, 788, 789, 790, 791, 792, 793]",False,"[234, 698]","[103, 104, 105, 106, 107, 108, 109, 110, 111, 112, 113, 114, 115, 116, 117, 118, 119, 120, 121, 122, 123, 124, 125, 126, 127, 128, 129, 130, 131, 132, 133, 134, 135, 136, 137, 138, 139, 140, 141, 142, 143, 144, 145, 146, 147, 148, 149, 150, 151, 152, 153, 154, 155, 156, 157, 158, 159, 160, 161, 162, 163, 164, 165, 166, 167, 168, 169, 170, 171, 172, 173, 174, 175, 176, 177, 178, 179, 180, 181, 182, 183, 184, 185, 186, 187, 188, 189, 190, 191, 192, 193, 194, 195, 196, 197, 198, 199, 200, 201, 202, 203, 204, 205, 206, 207, 208, 209, 210, 211, 212, 213, 214, 215, 216, 217, 218, 219, 220, 221, 222, 223, 224, 225, 226, 227, 228, 229, 230, 231, 232, 233, 234, 235, 236, 237, 238, 239, 240, 241, 242, 243, 244, 245, 246, 247, 248, 249, 250, 251, 252, 253, 254, 255, 256, 257, 258, 259, 260, 261, 262, 263, 264, 265, 266, 267, 268, 269, 270, 271, 272, 273, 274, 275, 276, 277, 278, 279, 280, 281, 282, 283, 284, 285, 286, 287, 288, 289, 290, 291, 292, 293, 294, 295, 296, 297, 298, 299, 300, 301, 302, 303, 304, 305, 306, 307, 308, 309, 310, 311, 312, 313, 314, 315, 316, 317, 318, 319, 320, 321, 322, 323, 324, 325, 326, 327, 328, 329, 330, 331, 332, 333, 334, 335, 336, 337, 574, 575, 576, 577, 578, 579, 580, 581, 582, 583, 584, 585, 586, 587, 588, 589, 590, 591, 592, 593, 594, 595, 596, 597, 598, 599, 600, 601, 602, 603, 604, 605, 606, 607, 608, 609, 610, 611, 612, 613, 614, 615, 616, 617, 618, 619, 620, 621, 622, 623, 624, 625, 626, 627, 628, 629, 630, 631, 632, 633, 634, 635, 636, 637, 638, 639, 640, 641, 642, 643, 644, 645, 646, 647, 648, 649, 650, 651, 652, 653, 654, 655, 656, 657, 658, 659, 660, 661, 662, 663, 664, 665, 666, 667, 668, 669, 670, 671, 672, 673, 674, 675, 676, 677, 678, 679, 680, 681, 682, 683, 684, 685, 686, 687, 688, 689, 690, 691, 692, 693, 694, 695, 696, 697, 698, 699, 700, 701, 702, 703, 704, 705, 706, 707, 708, 709, 710, 711, 712, 713, 714, 715, 716, 717, 718, 719, 720, 721, 722, 723, 724, 725, 726, 727, 728, 729, 730, 731, 732, 733, 734, 735, 736, 737, 738, 739, 740, 741, 742, 743, 744, 745, 746, 747, 748, 749, 750, 751, 752, 753, 754, 755, 756, 757, 758, 759, 760, 761, 762, 763, 764, 765, 766, 767, 768, 769, 770, 771, 772, 773, 774, 775, 776, 777, 778, 779, 780, 781, 782, 783, 784, 785, 786, 787, 788, 789, 790, 791, 792, 793]","[234, 698]",[],"[300, 759]",[],[],4/6 successful match,False,,False,254,False,,,,,
"Wilmington , 90748 Speedy Fuel",310-830-3388 Alameda & Eubanks,485 M,Wilmington,90748,Speedy Fuel,310-830-3388,2007,Wilmington,CA,,,Alameda & Eubanks,empty,,False,,False,Alameda,Eubanks,,,,[],"[234, 698]","[234, 698]",[],"[103, 104, 105, 106, 107, 108, 109, 110, 111, 112, 113, 114, 115, 116, 117, 118, 119, 120, 121, 122, 123, 124, 125, 126, 127, 128, 129, 130, 131, 132, 133, 134, 135, 136, 137, 138, 139, 140, 141, 142, 143, 144, 145, 146, 147, 148, 149, 150, 151, 152, 153, 154, 155, 156, 157, 158, 159, 160, 161, 162, 163, 164, 165, 166, 167, 168, 169, 170, 171, 172, 173, 174, 175, 176, 177, 178, 179, 180, 181, 182, 183, 184, 185, 186, 187, 188, 189, 190, 191, 192, 193, 194, 195, 196, 197, 198, 199, 200, 201, 202, 203, 204, 205, 206, 207, 208, 209, 210, 211, 212, 213, 214, 215, 216, 217, 218, 219, 220, 221, 222, 223, 224, 225, 226, 227, 228, 229, 230, 231, 232, 233, 234, 235, 236, 237, 238, 239, 240, 241, 242, 243, 244, 245, 246, 247, 248, 249, 250, 251, 252, 253, 254, 255, 256, 257, 258, 259, 260, 261, 262, 263, 264, 265, 266, 267, 268, 269, 270, 271, 272, 273, 274, 275, 276, 277, 278, 279, 280, 281, 282, 283, 284, 285, 286, 287, 288, 289, 290, 291, 292, 293, 294, 295, 296, 297, 298, 299, 300, 301, 302, 303, 304, 305, 306, 307, 308, 309, 310, 311, 312, 313, 314, 315, 316, 317, 318, 319, 320, 321, 322, 323, 324, 325, 326, 327, 328, 329, 330, 331, 332, 333, 334, 335, 336, 337, 574, 575, 576, 577, 578, 579, 580, 581, 582, 583, 584, 585, 586, 587, 588, 589, 590, 591, 592, 593, 594, 595, 596, 597, 598, 599, 600, 601, 602, 603, 604, 605, 606, 607, 608, 609, 610, 611, 612, 613, 614, 615, 616, 617, 618, 619, 620, 621, 622, 623, 624, 625, 626, 627, 628, 629, 630, 631, 632, 633, 634, 635, 636, 637, 638, 639, 640, 641, 642, 643, 644, 645, 646, 647, 648, 649, 650, 651, 652, 653, 654, 655, 656, 657, 658, 659, 660, 661, 662, 663, 664, 665, 666, 667, 668, 669, 670, 671, 672, 673, 674, 675, 676, 677, 678, 679, 680, 681, 682, 683, 684, 685, 686, 687, 688, 689, 690, 691, 692, 693, 694, 695, 696, 697, 698, 699, 700, 701, 702, 703, 704, 705, 706, 707, 708, 709, 710, 711, 712, 713, 714, 715, 716, 717, 718, 719, 720, 721, 722, 723, 724, 725, 726, 727, 728, 729, 730, 731, 732, 733, 734, 735, 736, 737, 738, 739, 740, 741, 742, 743, 744, 745, 746, 747, 748, 749, 750, 751, 752, 753, 754, 755, 756, 757, 758, 759, 760, 761, 762, 763, 764, 765, 766, 767, 768, 769, 770, 771, 772, 773, 774, 775, 776, 777, 778, 779, 780, 781, 782, 783, 784, 785, 786, 787, 788, 789, 790, 791, 792, 793]","[300, 759]",[],"[90, 91, 294, 295, 296, 561, 562, 753, 754, 755]","[90, 91, 103, 104, 105, 106, 107, 108, 109, 110, 111, 112, 113, 114, 115, 116, 117, 118, 119, 120, 121, 122, 123, 124, 125, 126, 127, 128, 129, 130, 131, 132, 133, 134, 135, 136, 137, 138, 139, 140, 141, 142, 143, 144, 145, 146, 147, 148, 149, 150, 151, 152, 153, 154, 155, 156, 157, 158, 159, 160, 161, 162, 163, 164, 165, 166, 167, 168, 169, 170, 171, 172, 173, 174, 175, 176, 177, 178, 179, 180, 181, 182, 183, 184, 185, 186, 187, 188, 189, 190, 191, 192, 193, 194, 195, 196, 197, 198, 199, 200, 201, 202, 203, 204, 205, 206, 207, 208, 209, 210, 211, 212, 213, 214, 215, 216, 217, 218, 219, 220, 221, 222, 223, 224, 225, 226, 227, 228, 229, 230, 231, 232, 233, 234, 235, 236, 237, 238, 239, 240, 241, 242, 243, 244, 245, 246, 247, 248, 249, 250, 251, 252, 253, 254, 255, 256, 257, 258, 259, 260, 261, 262, 263, 264, 265, 266, 267, 268, 269, 270, 271, 272, 273, 274, 275, 276, 277, 278, 279, 280, 281, 282, 283, 284, 285, 286, 287, 288, 289, 290, 291, 292, 293, 294, 295, 296, 297, 298, 299, 300, 301, 302, 303, 304, 305, 306, 307, 308, 309, 310, 311, 312, 313, 314, 315, 316, 317, 318, 319, 320, 321, 322, 323, 324, 325, 326, 327, 328, 329, 330, 331, 332, 333, 334, 335, 336, 337, 561, 562, 574, 575, 576, 577, 578, 579, 580, 581, 582, 583, 584, 585, 586, 587, 588, 589, 590, 591, 592, 593, 594, 595, 596, 597, 598, 599, 600, 601, 602, 603, 604, 605, 606, 607, 608, 609, 610, 611, 612, 613, 614, 615, 616, 617, 618, 619, 620, 621, 622, 623, 624, 625, 626, 627, 628, 629, 630, 631, 632, 633, 634, 635, 636, 637, 638, 639, 640, 641, 642, 643, 644, 645, 646, 647, 648, 649, 650, 651, 652, 653, 654, 655, 656, 657, 658, 659, 660, 661, 662, 663, 664, 665, 666, 667, 668, 669, 670, 671, 672, 673, 674, 675, 676, 677, 678, 679, 680, 681, 682, 683, 684, 685, 686, 687, 688, 689, 690, 691, 692, 693, 694, 695, 696, 697, 698, 699, 700, 701, 702, 703, 704, 705, 706, 707, 708, 709, 710, 711, 712, 713, 714, 715, 716, 717, 718, 719, 720, 721, 722, 723, 724, 725, 726, 727, 728, 729, 730, 731, 732, 733, 734, 735, 736, 737, 738, 739, 740, 741, 742, 743, 744, 745, 746, 747, 748, 749, 750, 751, 752, 753, 754, 755, 756, 757, 758, 759, 760, 761, 762, 763, 764, 765, 766, 767, 768, 769, 770, 771, 772, 773, 774, 775, 776, 777, 778, 779, 780, 781, 782, 783, 784, 785, 786, 787, 788, 789, 790, 791, 792, 793]",False,"[234, 698]","[103, 104, 105, 106, 107, 108, 109, 110, 111, 112, 113, 114, 115, 116, 117, 118, 119, 120, 121, 122, 123, 124, 125, 126, 127, 128, 129, 130, 131, 132, 133, 134, 135, 136, 137, 138, 139, 140, 141, 142, 143, 144, 145, 146, 147, 148, 149, 150, 151, 152, 153, 154, 155, 156, 157, 158, 159, 160, 161, 162, 163, 164, 165, 166, 167, 168, 169, 170, 171, 172, 173, 174, 175, 176, 177, 178, 179, 180, 181, 182, 183, 184, 185, 186, 187, 188, 189, 190, 191, 192, 193, 194, 195, 196, 197, 198, 199, 200, 201, 202, 203, 204, 205, 206, 207, 208, 209, 210, 211, 212, 213, 214, 215, 216, 217, 218, 219, 220, 221, 222, 223, 224, 225, 226, 227, 228, 229, 230, 231, 232, 233, 234, 235, 236, 237, 238, 239, 240, 241, 242, 243, 244, 245, 246, 247, 248, 249, 250, 251, 252, 253, 254, 255, 256, 257, 258, 259, 260, 261, 262, 263, 264, 265, 266, 267, 268, 269, 270, 271, 272, 273, 274, 275, 276, 277, 278, 279, 280, 281, 282, 283, 284, 285, 286, 287, 288, 289, 290, 291, 292, 293, 294, 295, 296, 297, 298, 299, 300, 301, 302, 303, 304, 305, 306, 307, 308, 309, 310, 311, 312, 313, 314, 315, 316, 317, 318, 319, 320, 321, 322, 323, 324, 325, 326, 327, 328, 329, 330, 331, 332, 333, 334, 335, 336, 337, 574, 575, 576, 577, 578, 579, 580, 581, 582, 583, 584, 585, 586, 587, 588, 589, 590, 591, 592, 593, 594, 595, 596, 597, 598, 599, 600, 601, 602, 603, 604, 605, 606, 607, 608, 609, 610, 611, 612, 613, 614, 615, 616, 617, 618, 619, 620, 621, 622, 623, 624, 625, 626, 627, 628, 629, 630, 631, 632, 633, 634, 635, 636, 637, 638, 639, 640, 641, 642, 643, 644, 645, 646, 647, 648, 649, 650, 651, 652, 653, 654, 655, 656, 657, 658, 659, 660, 661, 662, 663, 664, 665, 666, 667, 668, 669, 670, 671, 672, 673, 674, 675, 676, 677, 678, 679, 680, 681, 682, 683, 684, 685, 686, 687, 688, 689, 690, 691, 692, 693, 694, 695, 696, 697, 698, 699, 700, 701, 702, 703, 704, 705, 706, 707, 708, 709, 710, 711, 712, 713, 714, 715, 716, 717, 718, 719, 720, 721, 722, 723, 724, 725, 726, 727, 728, 729, 730, 731, 732, 733, 734, 735, 736, 737, 738, 739, 740, 741, 742, 743, 744, 745, 746, 747, 748, 749, 750, 751, 752, 753, 754, 755, 756, 757, 758, 759, 760, 761, 762, 763, 764, 765, 766, 767, 768, 769, 770, 771, 772, 773, 774, 775, 776, 777, 778, 779, 780, 781, 782, 783, 784, 785, 786, 787, 788, 789, 790, 791, 792, 793]","[234, 698]",[],"[300, 759]","[90, 91, 294, 295, 296, 561, 562, 753, 754, 755]",[],4/6 successful match,False,,False,254,True,2007,0.10256410256410256,True,Wilmington Truck Stop Rd N ),
"Wilmington , 90748 Speedy Fuel B ( Laval Rd W )",310-830-3388 Alameda & Eubanks,24 <U+2610><U+2610>,Wilmington,90748,Speedy Fuel B ( Laval Rd W ),310-830-3388,2008,Wilmington,CA,,,Alameda & Eubanks,empty,,False,,False,Alameda,Eubanks,,,,[],"[234, 698]","[234, 698]",[],"[103, 104, 105, 106, 107, 108, 109, 110, 111, 112, 113, 114, 115, 116, 117, 118, 119, 120, 121, 122, 123, 124, 125, 126, 127, 128, 129, 130, 131, 132, 133, 134, 135, 136, 137, 138, 139, 140, 141, 142, 143, 144, 145, 146, 147, 148, 149, 150, 151, 152, 153, 154, 155, 156, 157, 158, 159, 160, 161, 162, 163, 164, 165, 166, 167, 168, 169, 170, 171, 172, 173, 174, 175, 176, 177, 178, 179, 180, 181, 182, 183, 184, 185, 186, 187, 188, 189, 190, 191, 192, 193, 194, 195, 196, 197, 198, 199, 200, 201, 202, 203, 204, 205, 206, 207, 208, 209, 210, 211, 212, 213, 214, 215, 216, 217, 218, 219, 220, 221, 222, 223, 224, 225, 226, 227, 228, 229, 230, 231, 232, 233, 234, 235, 236, 237, 238, 239, 240, 241, 242, 243, 244, 245, 246, 247, 248, 249, 250, 251, 252, 253, 254, 255, 256, 257, 258, 259, 260, 261, 262, 263, 264, 265, 266, 267, 268, 269, 270, 271, 272, 273, 274, 275, 276, 277, 278, 279, 280, 281, 282, 283, 284, 285, 286, 287, 288, 289, 290, 291, 292, 293, 294, 295, 296, 297, 298, 299, 300, 301, 302, 303, 304, 305, 306, 307, 308, 309, 310, 311, 312, 313, 314, 315, 316, 317, 318, 319, 320, 321, 322, 323, 324, 325, 326, 327, 328, 329, 330, 331, 332, 333, 334, 335, 336, 337, 574, 575, 576, 577, 578, 579, 580, 581, 582, 583, 584, 585, 586, 587, 588, 589, 590, 591, 592, 593, 594, 595, 596, 597, 598, 599, 600, 601, 602, 603, 604, 605, 606, 607, 608, 609, 610, 611, 612, 613, 614, 615, 616, 617, 618, 619, 620, 621, 622, 623, 624, 625, 626, 627, 628, 629, 630, 631, 632, 633, 634, 635, 636, 637, 638, 639, 640, 641, 642, 643, 644, 645, 646, 647, 648, 649, 650, 651, 652, 653, 654, 655, 656, 657, 658, 659, 660, 661, 662, 663, 664, 665, 666, 667, 668, 669, 670, 671, 672, 673, 674, 675, 676, 677, 678, 679, 680, 681, 682, 683, 684, 685, 686, 687, 688, 689, 690, 691, 692, 693, 694, 695, 696, 697, 698, 699, 700, 701, 702, 703, 704, 705, 706, 707, 708, 709, 710, 711, 712, 713, 714, 715, 716, 717, 718, 719, 720, 721, 722, 723, 724, 725, 726, 727, 728, 729, 730, 731, 732, 733, 734, 735, 736, 737, 738, 739, 740, 741, 742, 743, 744, 745, 746, 747, 748, 749, 750, 751, 752, 753, 754, 755, 756, 757, 758, 759, 760, 761, 762, 763, 764, 765, 766, 767, 768, 769, 770, 771, 772, 773, 774, 775, 776, 777, 778, 779, 780, 781, 782, 783, 784, 785, 786, 787, 788, 789, 790, 791, 792, 793]","[300, 759]",[],"[90, 91, 294, 295, 296, 561, 562, 753, 754, 755]","[90, 91, 103, 104, 105, 106, 107, 108, 109, 110, 111, 112, 113, 114, 115, 116, 117, 118, 119, 120, 121, 122, 123, 124, 125, 126, 127, 128, 129, 130, 131, 132, 133, 134, 135, 136, 137, 138, 139, 140, 141, 142, 143, 144, 145, 146, 147, 148, 149, 150, 151, 152, 153, 154, 155, 156, 157, 158, 159, 160, 161, 162, 163, 164, 165, 166, 167, 168, 169, 170, 171, 172, 173, 174, 175, 176, 177, 178, 179, 180, 181, 182, 183, 184, 185, 186, 187, 188, 189, 190, 191, 192, 193, 194, 195, 196, 197, 198, 199, 200, 201, 202, 203, 204, 205, 206, 207, 208, 209, 210, 211, 212, 213, 214, 215, 216, 217, 218, 219, 220, 221, 222, 223, 224, 225, 226, 227, 228, 229, 230, 231, 232, 233, 234, 235, 236, 237, 238, 239, 240, 241, 242, 243, 244, 245, 246, 247, 248, 249, 250, 251, 252, 253, 254, 255, 256, 257, 258, 259, 260, 261, 262, 263, 264, 265, 266, 267, 268, 269, 270, 271, 272, 273, 274, 275, 276, 277, 278, 279, 280, 281, 282, 283, 284, 285, 286, 287, 288, 289, 290, 291, 292, 293, 294, 295, 296, 297, 298, 299, 300, 301, 302, 303, 304, 305, 306, 307, 308, 309, 310, 311, 312, 313, 314, 315, 316, 317, 318, 319, 320, 321, 322, 323, 324, 325, 326, 327, 328, 329, 330, 331, 332, 333, 334, 335, 336, 337, 561, 562, 574, 575, 576, 577, 578, 579, 580, 581, 582, 583, 584, 585, 586, 587, 588, 589, 590, 591, 592, 593, 594, 595, 596, 597, 598, 599, 600, 601, 602, 603, 604, 605, 606, 607, 608, 609, 610, 611, 612, 613, 614, 615, 616, 617, 618, 619, 620, 621, 622, 623, 624, 625, 626, 627, 628, 629, 630, 631, 632, 633, 634, 635, 636, 637, 638, 639, 640, 641, 642, 643, 644, 645, 646, 647, 648, 649, 650, 651, 652, 653, 654, 655, 656, 657, 658, 659, 660, 661, 662, 663, 664, 665, 666, 667, 668, 669, 670, 671, 672, 673, 674, 675, 676, 677, 678, 679, 680, 681, 682, 683, 684, 685, 686, 687, 688, 689, 690, 691, 692, 693, 694, 695, 696, 697, 698, 699, 700, 701, 702, 703, 704, 705, 706, 707, 708, 709, 710, 711, 712, 713, 714, 715, 716, 717, 718, 719, 720, 721, 722, 723, 724, 725, 726, 727, 728, 729, 730, 731, 732, 733, 734, 735, 736, 737, 738, 739, 740, 741, 742, 743, 744, 745, 746, 747, 748, 749, 750, 751, 752, 753, 754, 755, 756, 757, 758, 759, 760, 761, 762, 763, 764, 765, 766, 767, 768, 769, 770, 771, 772, 773, 774, 775, 776, 777, 778, 779, 780, 781, 782, 783, 784, 785, 786, 787, 788, 789, 790, 791, 792, 793]",False,"[234, 698]","[103, 104, 105, 106, 107, 108, 109, 110, 111, 112, 113, 114, 115, 116, 117, 118, 119, 120, 121, 122, 123, 124, 125, 126, 127, 128, 129, 130, 131, 132, 133, 134, 135, 136, 137, 138, 139, 140, 141, 142, 143, 144, 145, 146, 147, 148, 149, 150, 151, 152, 153, 154, 155, 156, 157, 158, 159, 160, 161, 162, 163, 164, 165, 166, 167, 168, 169, 170, 171, 172, 173, 174, 175, 176, 177, 178, 179, 180, 181, 182, 183, 184, 185, 186, 187, 188, 189, 190, 191, 192, 193, 194, 195, 196, 197, 198, 199, 200, 201, 202, 203, 204, 205, 206, 207, 208, 209, 210, 211, 212, 213, 214, 215, 216, 217, 218, 219, 220, 221, 222, 223, 224, 225, 226, 227, 228, 229, 230, 231, 232, 233, 234, 235, 236, 237, 238, 239, 240, 241, 242, 243, 244, 245, 246, 247, 248, 249, 250, 251, 252, 253, 254, 255, 256, 257, 258, 259, 260, 261, 262, 263, 264, 265, 266, 267, 268, 269, 270, 271, 272, 273, 274, 275, 276, 277, 278, 279, 280, 281, 282, 283, 284, 285, 286, 287, 288, 289, 290, 291, 292, 293, 294, 295, 296, 297, 298, 299, 300, 301, 302, 303, 304, 305, 306, 307, 308, 309, 310, 311, 312, 313, 314, 315, 316, 317, 318, 319, 320, 321, 322, 323, 324, 325, 326, 327, 328, 329, 330, 331, 332, 333, 334, 335, 336, 337, 574, 575, 576, 577, 578, 579, 580, 581, 582, 583, 584, 585, 586, 587, 588, 589, 590, 591, 592, 593, 594, 595, 596, 597, 598, 599, 600, 601, 602, 603, 604, 605, 606, 607, 608, 609, 610, 611, 612, 613, 614, 615, 616, 617, 618, 619, 620, 621, 622, 623, 624, 625, 626, 627, 628, 629, 630, 631, 632, 633, 634, 635, 636, 637, 638, 639, 640, 641, 642, 643, 644, 645, 646, 647, 648, 649, 650, 651, 652, 653, 654, 655, 656, 657, 658, 659, 660, 661, 662, 663, 664, 665, 666, 667, 668, 669, 670, 671, 672, 673, 674, 675, 676, 677, 678, 679, 680, 681, 682, 683, 684, 685, 686, 687, 688, 689, 690, 691, 692, 693, 694, 695, 696, 697, 698, 699, 700, 701, 702, 703, 704, 705, 706, 707, 708, 709, 710, 711, 712, 713, 714, 715, 716, 717, 718, 719, 720, 721, 722, 723, 724, 725, 726, 727, 728, 729, 730, 731, 732, 733, 734, 735, 736, 737, 738, 739, 740, 741, 742, 743, 744, 745, 746, 747, 748, 749, 750, 751, 752, 753, 754, 755, 756, 757, 758, 759, 760, 761, 762, 763, 764, 765, 766, 767, 768, 769, 770, 771, 772, 773, 774, 775, 776, 777, 778, 779, 780, 781, 782, 783, 784, 785, 786, 787, 788, 789, 790, 791, 792, 793]","[234, 698]",[],"[300, 759]","[90, 91, 294, 295, 296, 561, 562, 753, 754, 755]",[],4/6 successful match,False,,False,254,False,,0.5692307692307692,True,Speedy Fuel,
D Wilmington ( 90748 ) Speedy Fuel # 7,310-830-3388 Alameda & Eubanks ( 1.5 mi S of CA 1 ),1 ) 24 22,Wilmington,90748,Speedy Fuel # 7,310-830-3388,2014,Wilmington,CA,,( 1.5 mi S of CA 1 ),Alameda & Eubanks,empty,,False,,False,Alameda,Eubanks,,,,[],"[234, 698]","[234, 698]",[],"[103, 104, 105, 106, 107, 108, 109, 110, 111, 112, 113, 114, 115, 116, 117, 118, 119, 120, 121, 122, 123, 124, 125, 126, 127, 128, 129, 130, 131, 132, 133, 134, 135, 136, 137, 138, 139, 140, 141, 142, 143, 144, 145, 146, 147, 148, 149, 150, 151, 152, 153, 154, 155, 156, 157, 158, 159, 160, 161, 162, 163, 164, 165, 166, 167, 168, 169, 170, 171, 172, 173, 174, 175, 176, 177, 178, 179, 180, 181, 182, 183, 184, 185, 186, 187, 188, 189, 190, 191, 192, 193, 194, 195, 196, 197, 198, 199, 200, 201, 202, 203, 204, 205, 206, 207, 208, 209, 210, 211, 212, 213, 214, 215, 216, 217, 218, 219, 220, 221, 222, 223, 224, 225, 226, 227, 228, 229, 230, 231, 232, 233, 234, 235, 236, 237, 238, 239, 240, 241, 242, 243, 244, 245, 246, 247, 248, 249, 250, 251, 252, 253, 254, 255, 256, 257, 258, 259, 260, 261, 262, 263, 264, 265, 266, 267, 268, 269, 270, 271, 272, 273, 274, 275, 276, 277, 278, 279, 280, 281, 282, 283, 284, 285, 286, 287, 288, 289, 290, 291, 292, 293, 294, 295, 296, 297, 298, 299, 300, 301, 302, 303, 304, 305, 306, 307, 308, 309, 310, 311, 312, 313, 314, 315, 316, 317, 318, 319, 320, 321, 322, 323, 324, 325, 326, 327, 328, 329, 330, 331, 332, 333, 334, 335, 336, 337, 574, 575, 576, 577, 578, 579, 580, 581, 582, 583, 584, 585, 586, 587, 588, 589, 590, 591, 592, 593, 594, 595, 596, 597, 598, 599, 600, 601, 602, 603, 604, 605, 606, 607, 608, 609, 610, 611, 612, 613, 614, 615, 616, 617, 618, 619, 620, 621, 622, 623, 624, 625, 626, 627, 628, 629, 630, 631, 632, 633, 634, 635, 636, 637, 638, 639, 640, 641, 642, 643, 644, 645, 646, 647, 648, 649, 650, 651, 652, 653, 654, 655, 656, 657, 658, 659, 660, 661, 662, 663, 664, 665, 666, 667, 668, 669, 670, 671, 672, 673, 674, 675, 676, 677, 678, 679, 680, 681, 682, 683, 684, 685, 686, 687, 688, 689, 690, 691, 692, 693, 694, 695, 696, 697, 698, 699, 700, 701, 702, 703, 704, 705, 706, 707, 708, 709, 710, 711, 712, 713, 714, 715, 716, 717, 718, 719, 720, 721, 722, 723, 724, 725, 726, 727, 728, 729, 730, 731, 732, 733, 734, 735, 736, 737, 738, 739, 740, 741, 742, 743, 744, 745, 746, 747, 748, 749, 750, 751, 752, 753, 754, 755, 756, 757, 758, 759, 760, 761, 762, 763, 764, 765, 766, 767, 768, 769, 770, 771, 772, 773, 774, 775, 776, 777, 778, 779, 780, 781, 782, 783, 784, 785, 786, 787, 788, 789, 790, 791, 792, 793]","[300, 759]",[],"[90, 91, 294, 295, 296, 561, 562, 753, 754, 755]","[90, 91, 103, 104, 105, 106, 107, 108, 109, 110, 111, 112, 113, 114, 115, 116, 117, 118, 119, 120, 121, 122, 123, 124, 125, 126, 127, 128, 129, 130, 131, 132, 133, 134, 135, 136, 137, 138, 139, 140, 141, 142, 143, 144, 145, 146, 147, 148, 149, 150, 151, 152, 153, 154, 155, 156, 157, 158, 159, 160, 161, 162, 163, 164, 165, 166, 167, 168, 169, 170, 171, 172, 173, 174, 175, 176, 177, 178, 179, 180, 181, 182, 183, 184, 185, 186, 187, 188, 189, 190, 191, 192, 193, 194, 195, 196, 197, 198, 199, 200, 201, 202, 203, 204, 205, 206, 207, 208, 209, 210, 211, 212, 213, 214, 215, 216, 217, 218, 219, 220, 221, 222, 223, 224, 225, 226, 227, 228, 229, 230, 231, 232, 233, 234, 235, 236, 237, 238, 239, 240, 241, 242, 243, 244, 245, 246, 247, 248, 249, 250, 251, 252, 253, 254, 255, 256, 257, 258, 259, 260, 261, 262, 263, 264, 265, 266, 267, 268, 269, 270, 271, 272, 273, 274, 275, 276, 277, 278, 279, 280, 281, 282, 283, 284, 285, 286, 287, 288, 289, 290, 291, 292, 293, 294, 295, 296, 297, 298, 299, 300, 301, 302, 303, 304, 305, 306, 307, 308, 309, 310, 311, 312, 313, 314, 315, 316, 317, 318, 319, 320, 321, 322, 323, 324, 325, 326, 327, 328, 329, 330, 331, 332, 333, 334, 335, 336, 337, 561, 562, 574, 575, 576, 577, 578, 579, 580, 581, 582, 583, 584, 585, 586, 587, 588, 589, 590, 591, 592, 593, 594, 595, 596, 597, 598, 599, 600, 601, 602, 603, 604, 605, 606, 607, 608, 609, 610, 611, 612, 613, 614, 615, 616, 617, 618, 619, 620, 621, 622, 623, 624, 625, 626, 627, 628, 629, 630, 631, 632, 633, 634, 635, 636, 637, 638, 639, 640, 641, 642, 643, 644, 645, 646, 647, 648, 649, 650, 651, 652, 653, 654, 655, 656, 657, 658, 659, 660, 661, 662, 663, 664, 665, 666, 667, 668, 669, 670, 671, 672, 673, 674, 675, 676, 677, 678, 679, 680, 681, 682, 683, 684, 685, 686, 687, 688, 689, 690, 691, 692, 693, 694, 695, 696, 697, 698, 699, 700, 701, 702, 703, 704, 705, 706, 707, 708, 709, 710, 711, 712, 713, 714, 715, 716, 717, 718, 719, 720, 721, 722, 723, 724, 725, 726, 727, 728, 729, 730, 731, 732, 733, 734, 735, 736, 737, 738, 739, 740, 741, 742, 743, 744, 745, 746, 747, 748, 749, 750, 751, 752, 753, 754, 755, 756, 757, 758, 759, 760, 761, 762, 763, 764, 765, 766, 767, 768, 769, 770, 771, 772, 773, 774, 775, 776, 777, 778, 779, 780, 781, 782, 783, 784, 785, 786, 787, 788, 789, 790, 791, 792, 793]",False,"[234, 698]","[103, 104, 105, 106, 107, 108, 109, 110, 111, 112, 113, 114, 115, 116, 117, 118, 119, 120, 121, 122, 123, 124, 125, 126, 127, 128, 129, 130, 131, 132, 133, 134, 135, 136, 137, 138, 139, 140, 141, 142, 143, 144, 145, 146, 147, 148, 149, 150, 151, 152, 153, 154, 155, 156, 157, 158, 159, 160, 161, 162, 163, 164, 165, 166, 167, 168, 169, 170, 171, 172, 173, 174, 175, 176, 177, 178, 179, 180, 181, 182, 183, 184, 185, 186, 187, 188, 189, 190, 191, 192, 193, 194, 195, 196, 197, 198, 199, 200, 201, 202, 203, 204, 205, 206, 207, 208, 209, 210, 211, 212, 213, 214, 215, 216, 217, 218, 219, 220, 221, 222, 223, 224, 225, 226, 227, 228, 229, 230, 231, 232, 233, 234, 235, 236, 237, 238, 239, 240, 241, 242, 243, 244, 245, 246, 247, 248, 249, 250, 251, 252, 253, 254, 255, 256, 257, 258, 259, 260, 261, 262, 263, 264, 265, 266, 267, 268, 269, 270, 271, 272, 273, 274, 275, 276, 277, 278, 279, 280, 281, 282, 283, 284, 285, 286, 287, 288, 289, 290, 291, 292, 293, 294, 295, 296, 297, 298, 299, 300, 301, 302, 303, 304, 305, 306, 307, 308, 309, 310, 311, 312, 313, 314, 315, 316, 317, 318, 319, 320, 321, 322, 323, 324, 325, 326, 327, 328, 329, 330, 331, 332, 333, 334, 335, 336, 337, 574, 575, 576, 577, 578, 579, 580, 581, 582, 583, 584, 585, 586, 587, 588, 589, 590, 591, 592, 593, 594, 595, 596, 597, 598, 599, 600, 601, 602, 603, 604, 605, 606, 607, 608, 609, 610, 611, 612, 613, 614, 615, 616, 617, 618, 619, 620, 621, 622, 623, 624, 625, 626, 627, 628, 629, 630, 631, 632, 633, 634, 635, 636, 637, 638, 639, 640, 641, 642, 643, 644, 645, 646, 647, 648, 649, 650, 651, 652, 653, 654, 655, 656, 657, 658, 659, 660, 661, 662, 663, 664, 665, 666, 667, 668, 669, 670, 671, 672, 673, 674, 675, 676, 677, 678, 679, 680, 681, 682, 683, 684, 685, 686, 687, 688, 689, 690, 691, 692, 693, 694, 695, 696, 697, 698, 699, 700, 701, 702, 703, 704, 705, 706, 707, 708, 709, 710, 711, 712, 713, 714, 715, 716, 717, 718, 719, 720, 721, 722, 723, 724, 725, 726, 727, 728, 729, 730, 731, 732, 733, 734, 735, 736, 737, 738, 739, 740, 741, 742, 743, 744, 745, 746, 747, 748, 749, 750, 751, 752, 753, 754, 755, 756, 757, 758, 759, 760, 761, 762, 763, 764, 765, 766, 767, 768, 769, 770, 771, 772, 773, 774, 775, 776, 777, 778, 779, 780, 781, 782, 783, 784, 785, 786, 787, 788, 789, 790, 791, 792, 793]","[234, 698]",[],"[300, 759]","[90, 91, 294, 295, 296, 561, 562, 753, 754, 755]",[],4/6 successful match,False,,False,254,False,,0.5813953488372092,True,Speedy Fuel B ( Laval Rd W ),
Wilmington ( 90748 ) Speedy Fuel # 7 Rd W ),310-830-3388 Alameda &,) 24 <U+2610>,Wilmington,90748,Speedy Fuel # 7 Rd W ),310-830-3388,2015,Wilmington,CA,,,Alameda &,empty,,False,,False,Alameda,,,,,[],"[234, 698]","[234, 698]",[],"[103, 104, 105, 106, 107, 108, 109, 110, 111, 112, 113, 114, 115, 116, 117, 118, 119, 120, 121, 122, 123, 124, 125, 126, 127, 128, 129, 130, 131, 132, 133, 134, 135, 136, 137, 138, 139, 140, 141, 142, 143, 144, 145, 146, 147, 148, 149, 150, 151, 152, 153, 154, 155, 156, 157, 158, 159, 160, 161, 162, 163, 164, 165, 166, 167, 168, 169, 170, 171, 172, 173, 174, 175, 176, 177, 178, 179, 180, 181, 182, 183, 184, 185, 186, 187, 188, 189, 190, 191, 192, 193, 194, 195, 196, 197, 198, 199, 200, 201, 202, 203, 204, 205, 206, 207, 208, 209, 210, 211, 212, 213, 214, 215, 216, 217, 218, 219, 220, 221, 222, 223, 224, 225, 226, 227, 228, 229, 230, 231, 232, 233, 234, 235, 236, 237, 238, 239, 240, 241, 242, 243, 244, 245, 246, 247, 248, 249, 250, 251, 252, 253, 254, 255, 256, 257, 258, 259, 260, 261, 262, 263, 264, 265, 266, 267, 268, 269, 270, 271, 272, 273, 274, 275, 276, 277, 278, 279, 280, 281, 282, 283, 284, 285, 286, 287, 288, 289, 290, 291, 292, 293, 294, 295, 296, 297, 298, 299, 300, 301, 302, 303, 304, 305, 306, 307, 308, 309, 310, 311, 312, 313, 314, 315, 316, 317, 318, 319, 320, 321, 322, 323, 324, 325, 326, 327, 328, 329, 330, 331, 332, 333, 334, 335, 336, 337, 574, 575, 576, 577, 578, 579, 580, 581, 582, 583, 584, 585, 586, 587, 588, 589, 590, 591, 592, 593, 594, 595, 596, 597, 598, 599, 600, 601, 602, 603, 604, 605, 606, 607, 608, 609, 610, 611, 612, 613, 614, 615, 616, 617, 618, 619, 620, 621, 622, 623, 624, 625, 626, 627, 628, 629, 630, 631, 632, 633, 634, 635, 636, 637, 638, 639, 640, 641, 642, 643, 644, 645, 646, 647, 648, 649, 650, 651, 652, 653, 654, 655, 656, 657, 658, 659, 660, 661, 662, 663, 664, 665, 666, 667, 668, 669, 670, 671, 672, 673, 674, 675, 676, 677, 678, 679, 680, 681, 682, 683, 684, 685, 686, 687, 688, 689, 690, 691, 692, 693, 694, 695, 696, 697, 698, 699, 700, 701, 702, 703, 704, 705, 706, 707, 708, 709, 710, 711, 712, 713, 714, 715, 716, 717, 718, 719, 720, 721, 722, 723, 724, 725, 726, 727, 728, 729, 730, 731, 732, 733, 734, 735, 736, 737, 738, 739, 740, 741, 742, 743, 744, 745, 746, 747, 748, 749, 750, 751, 752, 753, 754, 755, 756, 757, 758, 759, 760, 761, 762, 763, 764, 765, 766, 767, 768, 769, 770, 771, 772, 773, 774, 775, 776, 777, 778, 779, 780, 781, 782, 783, 784, 785, 786, 787, 788, 789, 790, 791, 792, 793]","[300, 759]",[],"[90, 91, 294, 295, 296, 561, 562, 753, 754, 755]","[90, 91, 103, 104, 105, 106, 107, 108, 109, 110, 111, 112, 113, 114, 115, 116, 117, 118, 119, 120, 121, 122, 123, 124, 125, 126, 127, 128, 129, 130, 131, 132, 133, 134, 135, 136, 137, 138, 139, 140, 141, 142, 143, 144, 145, 146, 147, 148, 149, 150, 151, 152, 153, 154, 155, 156, 157, 158, 159, 160, 161, 162, 163, 164, 165, 166, 167, 168, 169, 170, 171, 172, 173, 174, 175, 176, 177, 178, 179, 180, 181, 182, 183, 184, 185, 186, 187, 188, 189, 190, 191, 192, 193, 194, 195, 196, 197, 198, 199, 200, 201, 202, 203, 204, 205, 206, 207, 208, 209, 210, 211, 212, 213, 214, 215, 216, 217, 218, 219, 220, 221, 222, 223, 224, 225, 226, 227, 228, 229, 230, 231, 232, 233, 234, 235, 236, 237, 238, 239, 240, 241, 242, 243, 244, 245, 246, 247, 248, 249, 250, 251, 252, 253, 254, 255, 256, 257, 258, 259, 260, 261, 262, 263, 264, 265, 266, 267, 268, 269, 270, 271, 272, 273, 274, 275, 276, 277, 278, 279, 280, 281, 282, 283, 284, 285, 286, 287, 288, 289, 290, 291, 292, 293, 294, 295, 296, 297, 298, 299, 300, 301, 302, 303, 304, 305, 306, 307, 308, 309, 310, 311, 312, 313, 314, 315, 316, 317, 318, 319, 320, 321, 322, 323, 324, 325, 326, 327, 328, 329, 330, 331, 332, 333, 334, 335, 336, 337, 561, 562, 574, 575, 576, 577, 578, 579, 580, 581, 582, 583, 584, 585, 586, 587, 588, 589, 590, 591, 592, 593, 594, 595, 596, 597, 598, 599, 600, 601, 602, 603, 604, 605, 606, 607, 608, 609, 610, 611, 612, 613, 614, 615, 616, 617, 618, 619, 620, 621, 622, 623, 624, 625, 626, 627, 628, 629, 630, 631, 632, 633, 634, 635, 636, 637, 638, 639, 640, 641, 642, 643, 644, 645, 646, 647, 648, 649, 650, 651, 652, 653, 654, 655, 656, 657, 658, 659, 660, 661, 662, 663, 664, 665, 666, 667, 668, 669, 670, 671, 672, 673, 674, 675, 676, 677, 678, 679, 680, 681, 682, 683, 684, 685, 686, 687, 688, 689, 690, 691, 692, 693, 694, 695, 696, 697, 698, 699, 700, 701, 702, 703, 704, 705, 706, 707, 708, 709, 710, 711, 712, 713, 714, 715, 716, 717, 718, 719, 720, 721, 722, 723, 724, 725, 726, 727, 728, 729, 730, 731, 732, 733, 734, 735, 736, 737, 738, 739, 740, 741, 742, 743, 744, 745, 746, 747, 748, 749, 750, 751, 752, 753, 754, 755, 756, 757, 758, 759, 760, 761, 762, 763, 764, 765, 766, 767, 768, 769, 770, 771, 772, 773, 774, 775, 776, 777, 778, 779, 780, 781, 782, 783, 784, 785, 786, 787, 788, 789, 790, 791, 792, 793]",False,"[234, 698]","[103, 104, 105, 106, 107, 108, 109, 110, 111, 112, 113, 114, 115, 116, 117, 118, 119, 120, 121, 122, 123, 124, 125, 126, 127, 128, 129, 130, 131, 132, 133, 134, 135, 136, 137, 138, 139, 140, 141, 142, 143, 144, 145, 146, 147, 148, 149, 150, 151, 152, 153, 154, 155, 156, 157, 158, 159, 160, 161, 162, 163, 164, 165, 166, 167, 168, 169, 170, 171, 172, 173, 174, 175, 176, 177, 178, 179, 180, 181, 182, 183, 184, 185, 186, 187, 188, 189, 190, 191, 192, 193, 194, 195, 196, 197, 198, 199, 200, 201, 202, 203, 204, 205, 206, 207, 208, 209, 210, 211, 212, 213, 214, 215, 216, 217, 218, 219, 220, 221, 222, 223, 224, 225, 226, 227, 228, 229, 230, 231, 232, 233, 234, 235, 236, 237, 238, 239, 240, 241, 242, 243, 244, 245, 246, 247, 248, 249, 250, 251, 252, 253, 254, 255, 256, 257, 258, 259, 260, 261, 262, 263, 264, 265, 266, 267, 268, 269, 270, 271, 272, 273, 274, 275, 276, 277, 278, 279, 280, 281, 282, 283, 284, 285, 286, 287, 288, 289, 290, 291, 292, 293, 294, 295, 296, 297, 298, 299, 300, 301, 302, 303, 304, 305, 306, 307, 308, 309, 310, 311, 312, 313, 314, 315, 316, 317, 318, 319, 320, 321, 322, 323, 324, 325, 326, 327, 328, 329, 330, 331, 332, 333, 334, 335, 336, 337, 574, 575, 576, 577, 578, 579, 580, 581, 582, 583, 584, 585, 586, 587, 588, 589, 590, 591, 592, 593, 594, 595, 596, 597, 598, 599, 600, 601, 602, 603, 604, 605, 606, 607, 608, 609, 610, 611, 612, 613, 614, 615, 616, 617, 618, 619, 620, 621, 622, 623, 624, 625, 626, 627, 628, 629, 630, 631, 632, 633, 634, 635, 636, 637, 638, 639, 640, 641, 642, 643, 644, 645, 646, 647, 648, 649, 650, 651, 652, 653, 654, 655, 656, 657, 658, 659, 660, 661, 662, 663, 664, 665, 666, 667, 668, 669, 670, 671, 672, 673, 674, 675, 676, 677, 678, 679, 680, 681, 682, 683, 684, 685, 686, 687, 688, 689, 690, 691, 692, 693, 694, 695, 696, 697, 698, 699, 700, 701, 702, 703, 704, 705, 706, 707, 708, 709, 710, 711, 712, 713, 714, 715, 716, 717, 718, 719, 720, 721, 722, 723, 724, 725, 726, 727, 728, 729, 730, 731, 732, 733, 734, 735, 736, 737, 738, 739, 740, 741, 742, 743, 744, 745, 746, 747, 748, 749, 750, 751, 752, 753, 754, 755, 756, 757, 758, 759, 760, 761, 762, 763, 764, 765, 766, 767, 768, 769, 770, 771, 772, 773, 774, 775, 776, 777, 778, 779, 780, 781, 782, 783, 784, 785, 786, 787, 788, 789, 790, 791, 792, 793]","[234, 698]",[],"[300, 759]","[90, 91, 294, 295, 296, 561, 562, 753, 754, 755]",[],4/6 successful match,False,,False,254,False,,0.8432432432432433,True,Speedy Fuel # 7,
Wilmington ( 90748 ) Speedy Fuel # 7,310-830-3388 Alameda & Eubanks ( 1.5 S,1 ) . 24,Wilmington,90748,Speedy Fuel # 7,310-830-3388,2016,Wilmington,CA,,( 1.5 S,Alameda & Eubanks,empty,,False,,False,Alameda,Eubanks,,,,[],"[234, 698]","[234, 698]",[],"[103, 104, 105, 106, 107, 108, 109, 110, 111, 112, 113, 114, 115, 116, 117, 118, 119, 120, 121, 122, 123, 124, 125, 126, 127, 128, 129, 130, 131, 132, 133, 134, 135, 136, 137, 138, 139, 140, 141, 142, 143, 144, 145, 146, 147, 148, 149, 150, 151, 152, 153, 154, 155, 156, 157, 158, 159, 160, 161, 162, 163, 164, 165, 166, 167, 168, 169, 170, 171, 172, 173, 174, 175, 176, 177, 178, 179, 180, 181, 182, 183, 184, 185, 186, 187, 188, 189, 190, 191, 192, 193, 194, 195, 196, 197, 198, 199, 200, 201, 202, 203, 204, 205, 206, 207, 208, 209, 210, 211, 212, 213, 214, 215, 216, 217, 218, 219, 220, 221, 222, 223, 224, 225, 226, 227, 228, 229, 230, 231, 232, 233, 234, 235, 236, 237, 238, 239, 240, 241, 242, 243, 244, 245, 246, 247, 248, 249, 250, 251, 252, 253, 254, 255, 256, 257, 258, 259, 260, 261, 262, 263, 264, 265, 266, 267, 268, 269, 270, 271, 272, 273, 274, 275, 276, 277, 278, 279, 280, 281, 282, 283, 284, 285, 286, 287, 288, 289, 290, 291, 292, 293, 294, 295, 296, 297, 298, 299, 300, 301, 302, 303, 304, 305, 306, 307, 308, 309, 310, 311, 312, 313, 314, 315, 316, 317, 318, 319, 320, 321, 322, 323, 324, 325, 326, 327, 328, 329, 330, 331, 332, 333, 334, 335, 336, 337, 574, 575, 576, 577, 578, 579, 580, 581, 582, 583, 584, 585, 586, 587, 588, 589, 590, 591, 592, 593, 594, 595, 596, 597, 598, 599, 600, 601, 602, 603, 604, 605, 606, 607, 608, 609, 610, 611, 612, 613, 614, 615, 616, 617, 618, 619, 620, 621, 622, 623, 624, 625, 626, 627, 628, 629, 630, 631, 632, 633, 634, 635, 636, 637, 638, 639, 640, 641, 642, 643, 644, 645, 646, 647, 648, 649, 650, 651, 652, 653, 654, 655, 656, 657, 658, 659, 660, 661, 662, 663, 664, 665, 666, 667, 668, 669, 670, 671, 672, 673, 674, 675, 676, 677, 678, 679, 680, 681, 682, 683, 684, 685, 686, 687, 688, 689, 690, 691, 692, 693, 694, 695, 696, 697, 698, 699, 700, 701, 702, 703, 704, 705, 706, 707, 708, 709, 710, 711, 712, 713, 714, 715, 716, 717, 718, 719, 720, 721, 722, 723, 724, 725, 726, 727, 728, 729, 730, 731, 732, 733, 734, 735, 736, 737, 738, 739, 740, 741, 742, 743, 744, 745, 746, 747, 748, 749, 750, 751, 752, 753, 754, 755, 756, 757, 758, 759, 760, 761, 762, 763, 764, 765, 766, 767, 768, 769, 770, 771, 772, 773, 774, 775, 776, 777, 778, 779, 780, 781, 782, 783, 784, 785, 786, 787, 788, 789, 790, 791, 792, 793]","[300, 759]",[],"[90, 91, 294, 295, 296, 561, 562, 753, 754, 755]","[90, 91, 103, 104, 105, 106, 107, 108, 109, 110, 111, 112, 113, 114, 115, 116, 117, 118, 119, 120, 121, 122, 123, 124, 125, 126, 127, 128, 129, 130, 131, 132, 133, 134, 135, 136, 137, 138, 139, 140, 141, 142, 143, 144, 145, 146, 147, 148, 149, 150, 151, 152, 153, 154, 155, 156, 157, 158, 159, 160, 161, 162, 163, 164, 165, 166, 167, 168, 169, 170, 171, 172, 173, 174, 175, 176, 177, 178, 179, 180, 181, 182, 183, 184, 185, 186, 187, 188, 189, 190, 191, 192, 193, 194, 195, 196, 197, 198, 199, 200, 201, 202, 203, 204, 205, 206, 207, 208, 209, 210, 211, 212, 213, 214, 215, 216, 217, 218, 219, 220, 221, 222, 223, 224, 225, 226, 227, 228, 229, 230, 231, 232, 233, 234, 235, 236, 237, 238, 239, 240, 241, 242, 243, 244, 245, 246, 247, 248, 249, 250, 251, 252, 253, 254, 255, 256, 257, 258, 259, 260, 261, 262, 263, 264, 265, 266, 267, 268, 269, 270, 271, 272, 273, 274, 275, 276, 277, 278, 279, 280, 281, 282, 283, 284, 285, 286, 287, 288, 289, 290, 291, 292, 293, 294, 295, 296, 297, 298, 299, 300, 301, 302, 303, 304, 305, 306, 307, 308, 309, 310, 311, 312, 313, 314, 315, 316, 317, 318, 319, 320, 321, 322, 323, 324, 325, 326, 327, 328, 329, 330, 331, 332, 333, 334, 335, 336, 337, 561, 562, 574, 575, 576, 577, 578, 579, 580, 581, 582, 583, 584, 585, 586, 587, 588, 589, 590, 591, 592, 593, 594, 595, 596, 597, 598, 599, 600, 601, 602, 603, 604, 605, 606, 607, 608, 609, 610, 611, 612, 613, 614, 615, 616, 617, 618, 619, 620, 621, 622, 623, 624, 625, 626, 627, 628, 629, 630, 631, 632, 633, 634, 635, 636, 637, 638, 639, 640, 641, 642, 643, 644, 645, 646, 647, 648, 649, 650, 651, 652, 653, 654, 655, 656, 657, 658, 659, 660, 661, 662, 663, 664, 665, 666, 667, 668, 669, 670, 671, 672, 673, 674, 675, 676, 677, 678, 679, 680, 681, 682, 683, 684, 685, 686, 687, 688, 689, 690, 691, 692, 693, 694, 695, 696, 697, 698, 699, 700, 701, 702, 703, 704, 705, 706, 707, 708, 709, 710, 711, 712, 713, 714, 715, 716, 717, 718, 719, 720, 721, 722, 723, 724, 725, 726, 727, 728, 729, 730, 731, 732, 733, 734, 735, 736, 737, 738, 739, 740, 741, 742, 743, 744, 745, 746, 747, 748, 749, 750, 751, 752, 753, 754, 755, 756, 757, 758, 759, 760, 761, 762, 763, 764, 765, 766, 767, 768, 769, 770, 771, 772, 773, 774, 775, 776, 777, 778, 779, 780, 781, 782, 783, 784, 785, 786, 787, 788, 789, 790, 791, 792, 793]",False,"[234, 698]","[103, 104, 105, 106, 107, 108, 109, 110, 111, 112, 113, 114, 115, 116, 117, 118, 119, 120, 121, 122, 123, 124, 125, 126, 127, 128, 129, 130, 131, 132, 133, 134, 135, 136, 137, 138, 139, 140, 141, 142, 143, 144, 145, 146, 147, 148, 149, 150, 151, 152, 153, 154, 155, 156, 157, 158, 159, 160, 161, 162, 163, 164, 165, 166, 167, 168, 169, 170, 171, 172, 173, 174, 175, 176, 177, 178, 179, 180, 181, 182, 183, 184, 185, 186, 187, 188, 189, 190, 191, 192, 193, 194, 195, 196, 197, 198, 199, 200, 201, 202, 203, 204, 205, 206, 207, 208, 209, 210, 211, 212, 213, 214, 215, 216, 217, 218, 219, 220, 221, 222, 223, 224, 225, 226, 227, 228, 229, 230, 231, 232, 233, 234, 235, 236, 237, 238, 239, 240, 241, 242, 243, 244, 245, 246, 247, 248, 249, 250, 251, 252, 253, 254, 255, 256, 257, 258, 259, 260, 261, 262, 263, 264, 265, 266, 267, 268, 269, 270, 271, 272, 273, 274, 275, 276, 277, 278, 279, 280, 281, 282, 283, 284, 285, 286, 287, 288, 289, 290, 291, 292, 293, 294, 295, 296, 297, 298, 299, 300, 301, 302, 303, 304, 305, 306, 307, 308, 309, 310, 311, 312, 313, 314, 315, 316, 317, 318, 319, 320, 321, 322, 323, 324, 325, 326, 327, 328, 329, 330, 331, 332, 333, 334, 335, 336, 337, 574, 575, 576, 577, 578, 579, 580, 581, 582, 583, 584, 585, 586, 587, 588, 589, 590, 591, 592, 593, 594, 595, 596, 597, 598, 599, 600, 601, 602, 603, 604, 605, 606, 607, 608, 609, 610, 611, 612, 613, 614, 615, 616, 617, 618, 619, 620, 621, 622, 623, 624, 625, 626, 627, 628, 629, 630, 631, 632, 633, 634, 635, 636, 637, 638, 639, 640, 641, 642, 643, 644, 645, 646, 647, 648, 649, 650, 651, 652, 653, 654, 655, 656, 657, 658, 659, 660, 661, 662, 663, 664, 665, 666, 667, 668, 669, 670, 671, 672, 673, 674, 675, 676, 677, 678, 679, 680, 681, 682, 683, 684, 685, 686, 687, 688, 689, 690, 691, 692, 693, 694, 695, 696, 697, 698, 699, 700, 701, 702, 703, 704, 705, 706, 707, 708, 709, 710, 711, 712, 713, 714, 715, 716, 717, 718, 719, 720, 721, 722, 723, 724, 725, 726, 727, 728, 729, 730, 731, 732, 733, 734, 735, 736, 737, 738, 739, 740, 741, 742, 743, 744, 745, 746, 747, 748, 749, 750, 751, 752, 753, 754, 755, 756, 757, 758, 759, 760, 761, 762, 763, 764, 765, 766, 767, 768, 769, 770, 771, 772, 773, 774, 775, 776, 777, 778, 779, 780, 781, 782, 783, 784, 785, 786, 787, 788, 789, 790, 791, 792, 793]","[234, 698]",[],"[300, 759]","[90, 91, 294, 295, 296, 561, 562, 753, 754, 755]",[],4/6 successful match,False,,False,254,False,,0.8432432432432433,True,Speedy Fuel # 7 Rd W ),
"Long Beach , 90810 Harbor Truck Stop",562-436-1313 I-710 Ex 2 ( CA 1 3/4 mi W to 2130 PCH ),PCH ) ) HRS,Long Beach,90810,Harbor Truck Stop,562-436-1313,2006,Long Beach,CA,,( CA 1 3/4 mi W to 2130 PCH ),I-710 Ex 2 ,Exit,2,False,,False,I-710,,,,,"[652, 181]","[181, 236, 652, 700]","[58, 181, 233, 236, 304, 652, 697, 700, 762]","[181, 236, 652, 700]","[103, 104, 105, 106, 107, 108, 109, 110, 111, 112, 113, 114, 115, 116, 117, 118, 119, 120, 121, 122, 123, 124, 125, 126, 127, 128, 129, 130, 131, 132, 133, 134, 135, 136, 137, 138, 139, 140, 141, 142, 143, 144, 145, 146, 147, 148, 149, 150, 151, 152, 153, 154, 155, 156, 157, 158, 159, 160, 161, 162, 163, 164, 165, 166, 167, 168, 169, 170, 171, 172, 173, 174, 175, 176, 177, 178, 179, 180, 181, 182, 183, 184, 185, 186, 187, 188, 189, 190, 191, 192, 193, 194, 195, 196, 197, 198, 199, 200, 201, 202, 203, 204, 205, 206, 207, 208, 209, 210, 211, 212, 213, 214, 215, 216, 217, 218, 219, 220, 221, 222, 223, 224, 225, 226, 227, 228, 229, 230, 231, 232, 233, 234, 235, 236, 237, 238, 239, 240, 241, 242, 243, 244, 245, 246, 247, 248, 249, 250, 251, 252, 253, 254, 255, 256, 257, 258, 259, 260, 261, 262, 263, 264, 265, 266, 267, 268, 269, 270, 271, 272, 273, 274, 275, 276, 277, 278, 279, 280, 281, 282, 283, 284, 285, 286, 287, 288, 289, 290, 291, 292, 293, 294, 295, 296, 297, 298, 299, 300, 301, 302, 303, 304, 305, 306, 307, 308, 309, 310, 311, 312, 313, 314, 315, 316, 317, 318, 319, 320, 321, 322, 323, 324, 325, 326, 327, 328, 329, 330, 331, 332, 333, 334, 335, 336, 337, 574, 575, 576, 577, 578, 579, 580, 581, 582, 583, 584, 585, 586, 587, 588, 589, 590, 591, 592, 593, 594, 595, 596, 597, 598, 599, 600, 601, 602, 603, 604, 605, 606, 607, 608, 609, 610, 611, 612, 613, 614, 615, 616, 617, 618, 619, 620, 621, 622, 623, 624, 625, 626, 627, 628, 629, 630, 631, 632, 633, 634, 635, 636, 637, 638, 639, 640, 641, 642, 643, 644, 645, 646, 647, 648, 649, 650, 651, 652, 653, 654, 655, 656, 657, 658, 659, 660, 661, 662, 663, 664, 665, 666, 667, 668, 669, 670, 671, 672, 673, 674, 675, 676, 677, 678, 679, 680, 681, 682, 683, 684, 685, 686, 687, 688, 689, 690, 691, 692, 693, 694, 695, 696, 697, 698, 699, 700, 701, 702, 703, 704, 705, 706, 707, 708, 709, 710, 711, 712, 713, 714, 715, 716, 717, 718, 719, 720, 721, 722, 723, 724, 725, 726, 727, 728, 729, 730, 731, 732, 733, 734, 735, 736, 737, 738, 739, 740, 741, 742, 743, 744, 745, 746, 747, 748, 749, 750, 751, 752, 753, 754, 755, 756, 757, 758, 759, 760, 761, 762, 763, 764, 765, 766, 767, 768, 769, 770, 771, 772, 773, 774, 775, 776, 777, 778, 779, 780, 781, 782, 783, 784, 785, 786, 787, 788, 789, 790, 791, 792, 793]","[143, 145, 181, 233, 234, 236, 295, 330, 614, 616, 652, 697, 698, 700, 754, 787]",[],"[180, 181, 651, 652]","[58, 103, 104, 105, 106, 107, 108, 109, 110, 111, 112, 113, 114, 115, 116, 117, 118, 119, 120, 121, 122, 123, 124, 125, 126, 127, 128, 129, 130, 131, 132, 133, 134, 135, 136, 137, 138, 139, 140, 141, 142, 143, 144, 145, 146, 147, 148, 149, 150, 151, 152, 153, 154, 155, 156, 157, 158, 159, 160, 161, 162, 163, 164, 165, 166, 167, 168, 169, 170, 171, 172, 173, 174, 175, 176, 177, 178, 179, 180, 181, 182, 183, 184, 185, 186, 187, 188, 189, 190, 191, 192, 193, 194, 195, 196, 197, 198, 199, 200, 201, 202, 203, 204, 205, 206, 207, 208, 209, 210, 211, 212, 213, 214, 215, 216, 217, 218, 219, 220, 221, 222, 223, 224, 225, 226, 227, 228, 229, 230, 231, 232, 233, 234, 235, 236, 237, 238, 239, 240, 241, 242, 243, 244, 245, 246, 247, 248, 249, 250, 251, 252, 253, 254, 255, 256, 257, 258, 259, 260, 261, 262, 263, 264, 265, 266, 267, 268, 269, 270, 271, 272, 273, 274, 275, 276, 277, 278, 279, 280, 281, 282, 283, 284, 285, 286, 287, 288, 289, 290, 291, 292, 293, 294, 295, 296, 297, 298, 299, 300, 301, 302, 303, 304, 305, 306, 307, 308, 309, 310, 311, 312, 313, 314, 315, 316, 317, 318, 319, 320, 321, 322, 323, 324, 325, 326, 327, 328, 329, 330, 331, 332, 333, 334, 335, 336, 337, 574, 575, 576, 577, 578, 579, 580, 581, 582, 583, 584, 585, 586, 587, 588, 589, 590, 591, 592, 593, 594, 595, 596, 597, 598, 599, 600, 601, 602, 603, 604, 605, 606, 607, 608, 609, 610, 611, 612, 613, 614, 615, 616, 617, 618, 619, 620, 621, 622, 623, 624, 625, 626, 627, 628, 629, 630, 631, 632, 633, 634, 635, 636, 637, 638, 639, 640, 641, 642, 643, 644, 645, 646, 647, 648, 649, 650, 651, 652, 653, 654, 655, 656, 657, 658, 659, 660, 661, 662, 663, 664, 665, 666, 667, 668, 669, 670, 671, 672, 673, 674, 675, 676, 677, 678, 679, 680, 681, 682, 683, 684, 685, 686, 687, 688, 689, 690, 691, 692, 693, 694, 695, 696, 697, 698, 699, 700, 701, 702, 703, 704, 705, 706, 707, 708, 709, 710, 711, 712, 713, 714, 715, 716, 717, 718, 719, 720, 721, 722, 723, 724, 725, 726, 727, 728, 729, 730, 731, 732, 733, 734, 735, 736, 737, 738, 739, 740, 741, 742, 743, 744, 745, 746, 747, 748, 749, 750, 751, 752, 753, 754, 755, 756, 757, 758, 759, 760, 761, 762, 763, 764, 765, 766, 767, 768, 769, 770, 771, 772, 773, 774, 775, 776, 777, 778, 779, 780, 781, 782, 783, 784, 785, 786, 787, 788, 789, 790, 791, 792, 793]",True,"[181, 236, 652, 700]","[103, 104, 105, 106, 107, 108, 109, 110, 111, 112, 113, 114, 115, 116, 117, 118, 119, 120, 121, 122, 123, 124, 125, 126, 127, 128, 129, 130, 131, 132, 133, 134, 135, 136, 137, 138, 139, 140, 141, 142, 143, 144, 145, 146, 147, 148, 149, 150, 151, 152, 153, 154, 155, 156, 157, 158, 159, 160, 161, 162, 163, 164, 165, 166, 167, 168, 169, 170, 171, 172, 173, 174, 175, 176, 177, 178, 179, 180, 181, 182, 183, 184, 185, 186, 187, 188, 189, 190, 191, 192, 193, 194, 195, 196, 197, 198, 199, 200, 201, 202, 203, 204, 205, 206, 207, 208, 209, 210, 211, 212, 213, 214, 215, 216, 217, 218, 219, 220, 221, 222, 223, 224, 225, 226, 227, 228, 229, 230, 231, 232, 233, 234, 235, 236, 237, 238, 239, 240, 241, 242, 243, 244, 245, 246, 247, 248, 249, 250, 251, 252, 253, 254, 255, 256, 257, 258, 259, 260, 261, 262, 263, 264, 265, 266, 267, 268, 269, 270, 271, 272, 273, 274, 275, 276, 277, 278, 279, 280, 281, 282, 283, 284, 285, 286, 287, 288, 289, 290, 291, 292, 293, 294, 295, 296, 297, 298, 299, 300, 301, 302, 303, 304, 305, 306, 307, 308, 309, 310, 311, 312, 313, 314, 315, 316, 317, 318, 319, 320, 321, 322, 323, 324, 325, 326, 327, 328, 329, 330, 331, 332, 333, 334, 335, 336, 337, 574, 575, 576, 577, 578, 579, 580, 581, 582, 583, 584, 585, 586, 587, 588, 589, 590, 591, 592, 593, 594, 595, 596, 597, 598, 599, 600, 601, 602, 603, 604, 605, 606, 607, 608, 609, 610, 611, 612, 613, 614, 615, 616, 617, 618, 619, 620, 621, 622, 623, 624, 625, 626, 627, 628, 629, 630, 631, 632, 633, 634, 635, 636, 637, 638, 639, 640, 641, 642, 643, 644, 645, 646, 647, 648, 649, 650, 651, 652, 653, 654, 655, 656, 657, 658, 659, 660, 661, 662, 663, 664, 665, 666, 667, 668, 669, 670, 671, 672, 673, 674, 675, 676, 677, 678, 679, 680, 681, 682, 683, 684, 685, 686, 687, 688, 689, 690, 691, 692, 693, 694, 695, 696, 697, 698, 699, 700, 701, 702, 703, 704, 705, 706, 707, 708, 709, 710, 711, 712, 713, 714, 715, 716, 717, 718, 719, 720, 721, 722, 723, 724, 725, 726, 727, 728, 729, 730, 731, 732, 733, 734, 735, 736, 737, 738, 739, 740, 741, 742, 743, 744, 745, 746, 747, 748, 749, 750, 751, 752, 753, 754, 755, 756, 757, 758, 759, 760, 761, 762, 763, 764, 765, 766, 767, 768, 769, 770, 771, 772, 773, 774, 775, 776, 777, 778, 779, 780, 781, 782, 783, 784, 785, 786, 787, 788, 789, 790, 791, 792, 793]","[58, 181, 233, 236, 304, 652, 697, 700, 762]","[181, 236, 652, 700]","[143, 145, 181, 233, 234, 236, 295, 330, 614, 616, 652, 697, 698, 700, 754, 787]","[180, 181, 651, 652]",[],7/6 successful match,True,[630],True,255,False,,,,,
"D Long Beach , 90810 Harbor Truck Stop",562-436-1313 I-710 Ex 2 ( 3/4 mi W to 2130 PCH ( CA 1 ),1 ) 24 RS,Long Beach,90810,Harbor Truck Stop,562-436-1313,2007,Long Beach,CA,,( 3/4 mi W to 2130 PCH ( CA 1 ),I-710 Ex 2 ,Exit,2,False,,False,I-710,,,,,"[652, 181]","[181, 236, 652, 700]","[58, 181, 233, 236, 304, 652, 697, 700, 762]","[181, 236, 652, 700]","[103, 104, 105, 106, 107, 108, 109, 110, 111, 112, 113, 114, 115, 116, 117, 118, 119, 120, 121, 122, 123, 124, 125, 126, 127, 128, 129, 130, 131, 132, 133, 134, 135, 136, 137, 138, 139, 140, 141, 142, 143, 144, 145, 146, 147, 148, 149, 150, 151, 152, 153, 154, 155, 156, 157, 158, 159, 160, 161, 162, 163, 164, 165, 166, 167, 168, 169, 170, 171, 172, 173, 174, 175, 176, 177, 178, 179, 180, 181, 182, 183, 184, 185, 186, 187, 188, 189, 190, 191, 192, 193, 194, 195, 196, 197, 198, 199, 200, 201, 202, 203, 204, 205, 206, 207, 208, 209, 210, 211, 212, 213, 214, 215, 216, 217, 218, 219, 220, 221, 222, 223, 224, 225, 226, 227, 228, 229, 230, 231, 232, 233, 234, 235, 236, 237, 238, 239, 240, 241, 242, 243, 244, 245, 246, 247, 248, 249, 250, 251, 252, 253, 254, 255, 256, 257, 258, 259, 260, 261, 262, 263, 264, 265, 266, 267, 268, 269, 270, 271, 272, 273, 274, 275, 276, 277, 278, 279, 280, 281, 282, 283, 284, 285, 286, 287, 288, 289, 290, 291, 292, 293, 294, 295, 296, 297, 298, 299, 300, 301, 302, 303, 304, 305, 306, 307, 308, 309, 310, 311, 312, 313, 314, 315, 316, 317, 318, 319, 320, 321, 322, 323, 324, 325, 326, 327, 328, 329, 330, 331, 332, 333, 334, 335, 336, 337, 574, 575, 576, 577, 578, 579, 580, 581, 582, 583, 584, 585, 586, 587, 588, 589, 590, 591, 592, 593, 594, 595, 596, 597, 598, 599, 600, 601, 602, 603, 604, 605, 606, 607, 608, 609, 610, 611, 612, 613, 614, 615, 616, 617, 618, 619, 620, 621, 622, 623, 624, 625, 626, 627, 628, 629, 630, 631, 632, 633, 634, 635, 636, 637, 638, 639, 640, 641, 642, 643, 644, 645, 646, 647, 648, 649, 650, 651, 652, 653, 654, 655, 656, 657, 658, 659, 660, 661, 662, 663, 664, 665, 666, 667, 668, 669, 670, 671, 672, 673, 674, 675, 676, 677, 678, 679, 680, 681, 682, 683, 684, 685, 686, 687, 688, 689, 690, 691, 692, 693, 694, 695, 696, 697, 698, 699, 700, 701, 702, 703, 704, 705, 706, 707, 708, 709, 710, 711, 712, 713, 714, 715, 716, 717, 718, 719, 720, 721, 722, 723, 724, 725, 726, 727, 728, 729, 730, 731, 732, 733, 734, 735, 736, 737, 738, 739, 740, 741, 742, 743, 744, 745, 746, 747, 748, 749, 750, 751, 752, 753, 754, 755, 756, 757, 758, 759, 760, 761, 762, 763, 764, 765, 766, 767, 768, 769, 770, 771, 772, 773, 774, 775, 776, 777, 778, 779, 780, 781, 782, 783, 784, 785, 786, 787, 788, 789, 790, 791, 792, 793]","[143, 145, 181, 233, 234, 236, 295, 330, 614, 616, 652, 697, 698, 700, 754, 787]",[],"[180, 181, 651, 652]","[58, 103, 104, 105, 106, 107, 108, 109, 110, 111, 112, 113, 114, 115, 116, 117, 118, 119, 120, 121, 122, 123, 124, 125, 126, 127, 128, 129, 130, 131, 132, 133, 134, 135, 136, 137, 138, 139, 140, 141, 142, 143, 144, 145, 146, 147, 148, 149, 150, 151, 152, 153, 154, 155, 156, 157, 158, 159, 160, 161, 162, 163, 164, 165, 166, 167, 168, 169, 170, 171, 172, 173, 174, 175, 176, 177, 178, 179, 180, 181, 182, 183, 184, 185, 186, 187, 188, 189, 190, 191, 192, 193, 194, 195, 196, 197, 198, 199, 200, 201, 202, 203, 204, 205, 206, 207, 208, 209, 210, 211, 212, 213, 214, 215, 216, 217, 218, 219, 220, 221, 222, 223, 224, 225, 226, 227, 228, 229, 230, 231, 232, 233, 234, 235, 236, 237, 238, 239, 240, 241, 242, 243, 244, 245, 246, 247, 248, 249, 250, 251, 252, 253, 254, 255, 256, 257, 258, 259, 260, 261, 262, 263, 264, 265, 266, 267, 268, 269, 270, 271, 272, 273, 274, 275, 276, 277, 278, 279, 280, 281, 282, 283, 284, 285, 286, 287, 288, 289, 290, 291, 292, 293, 294, 295, 296, 297, 298, 299, 300, 301, 302, 303, 304, 305, 306, 307, 308, 309, 310, 311, 312, 313, 314, 315, 316, 317, 318, 319, 320, 321, 322, 323, 324, 325, 326, 327, 328, 329, 330, 331, 332, 333, 334, 335, 336, 337, 574, 575, 576, 577, 578, 579, 580, 581, 582, 583, 584, 585, 586, 587, 588, 589, 590, 591, 592, 593, 594, 595, 596, 597, 598, 599, 600, 601, 602, 603, 604, 605, 606, 607, 608, 609, 610, 611, 612, 613, 614, 615, 616, 617, 618, 619, 620, 621, 622, 623, 624, 625, 626, 627, 628, 629, 630, 631, 632, 633, 634, 635, 636, 637, 638, 639, 640, 641, 642, 643, 644, 645, 646, 647, 648, 649, 650, 651, 652, 653, 654, 655, 656, 657, 658, 659, 660, 661, 662, 663, 664, 665, 666, 667, 668, 669, 670, 671, 672, 673, 674, 675, 676, 677, 678, 679, 680, 681, 682, 683, 684, 685, 686, 687, 688, 689, 690, 691, 692, 693, 694, 695, 696, 697, 698, 699, 700, 701, 702, 703, 704, 705, 706, 707, 708, 709, 710, 711, 712, 713, 714, 715, 716, 717, 718, 719, 720, 721, 722, 723, 724, 725, 726, 727, 728, 729, 730, 731, 732, 733, 734, 735, 736, 737, 738, 739, 740, 741, 742, 743, 744, 745, 746, 747, 748, 749, 750, 751, 752, 753, 754, 755, 756, 757, 758, 759, 760, 761, 762, 763, 764, 765, 766, 767, 768, 769, 770, 771, 772, 773, 774, 775, 776, 777, 778, 779, 780, 781, 782, 783, 784, 785, 786, 787, 788, 789, 790, 791, 792, 793]",True,"[181, 236, 652, 700]","[103, 104, 105, 106, 107, 108, 109, 110, 111, 112, 113, 114, 115, 116, 117, 118, 119, 120, 121, 122, 123, 124, 125, 126, 127, 128, 129, 130, 131, 132, 133, 134, 135, 136, 137, 138, 139, 140, 141, 142, 143, 144, 145, 146, 147, 148, 149, 150, 151, 152, 153, 154, 155, 156, 157, 158, 159, 160, 161, 162, 163, 164, 165, 166, 167, 168, 169, 170, 171, 172, 173, 174, 175, 176, 177, 178, 179, 180, 181, 182, 183, 184, 185, 186, 187, 188, 189, 190, 191, 192, 193, 194, 195, 196, 197, 198, 199, 200, 201, 202, 203, 204, 205, 206, 207, 208, 209, 210, 211, 212, 213, 214, 215, 216, 217, 218, 219, 220, 221, 222, 223, 224, 225, 226, 227, 228, 229, 230, 231, 232, 233, 234, 235, 236, 237, 238, 239, 240, 241, 242, 243, 244, 245, 246, 247, 248, 249, 250, 251, 252, 253, 254, 255, 256, 257, 258, 259, 260, 261, 262, 263, 264, 265, 266, 267, 268, 269, 270, 271, 272, 273, 274, 275, 276, 277, 278, 279, 280, 281, 282, 283, 284, 285, 286, 287, 288, 289, 290, 291, 292, 293, 294, 295, 296, 297, 298, 299, 300, 301, 302, 303, 304, 305, 306, 307, 308, 309, 310, 311, 312, 313, 314, 315, 316, 317, 318, 319, 320, 321, 322, 323, 324, 325, 326, 327, 328, 329, 330, 331, 332, 333, 334, 335, 336, 337, 574, 575, 576, 577, 578, 579, 580, 581, 582, 583, 584, 585, 586, 587, 588, 589, 590, 591, 592, 593, 594, 595, 596, 597, 598, 599, 600, 601, 602, 603, 604, 605, 606, 607, 608, 609, 610, 611, 612, 613, 614, 615, 616, 617, 618, 619, 620, 621, 622, 623, 624, 625, 626, 627, 628, 629, 630, 631, 632, 633, 634, 635, 636, 637, 638, 639, 640, 641, 642, 643, 644, 645, 646, 647, 648, 649, 650, 651, 652, 653, 654, 655, 656, 657, 658, 659, 660, 661, 662, 663, 664, 665, 666, 667, 668, 669, 670, 671, 672, 673, 674, 675, 676, 677, 678, 679, 680, 681, 682, 683, 684, 685, 686, 687, 688, 689, 690, 691, 692, 693, 694, 695, 696, 697, 698, 699, 700, 701, 702, 703, 704, 705, 706, 707, 708, 709, 710, 711, 712, 713, 714, 715, 716, 717, 718, 719, 720, 721, 722, 723, 724, 725, 726, 727, 728, 729, 730, 731, 732, 733, 734, 735, 736, 737, 738, 739, 740, 741, 742, 743, 744, 745, 746, 747, 748, 749, 750, 751, 752, 753, 754, 755, 756, 757, 758, 759, 760, 761, 762, 763, 764, 765, 766, 767, 768, 769, 770, 771, 772, 773, 774, 775, 776, 777, 778, 779, 780, 781, 782, 783, 784, 785, 786, 787, 788, 789, 790, 791, 792, 793]","[58, 181, 233, 236, 304, 652, 697, 700, 762]","[181, 236, 652, 700]","[143, 145, 181, 233, 234, 236, 295, 330, 614, 616, 652, 697, 698, 700, 754, 787]","[180, 181, 651, 652]",[],7/6 successful match,True,[630],True,255,False,,0.8999999999999999,True,Harbor Truck Stop,
"Long Beach , 90810 Harbor Truck Stop )",5 562-436-1313 I-710 Ex 2 ( 3/4 mi W to 2130 PCH (,1 ) ) HORS 24 HRS <U+25A1> <U+25A1> <U+2610> <U+2610>,Long Beach,90810,Harbor Truck Stop ),562-436-1313,2008,Long Beach,CA,,( 3/4 mi W to 2130 PCH (,I-710 Ex 2 ,Exit,2,False,,False,I-710,,,,,"[652, 181]","[181, 236, 652, 700]","[58, 181, 233, 236, 304, 652, 697, 700, 762]","[181, 236, 652, 700]","[103, 104, 105, 106, 107, 108, 109, 110, 111, 112, 113, 114, 115, 116, 117, 118, 119, 120, 121, 122, 123, 124, 125, 126, 127, 128, 129, 130, 131, 132, 133, 134, 135, 136, 137, 138, 139, 140, 141, 142, 143, 144, 145, 146, 147, 148, 149, 150, 151, 152, 153, 154, 155, 156, 157, 158, 159, 160, 161, 162, 163, 164, 165, 166, 167, 168, 169, 170, 171, 172, 173, 174, 175, 176, 177, 178, 179, 180, 181, 182, 183, 184, 185, 186, 187, 188, 189, 190, 191, 192, 193, 194, 195, 196, 197, 198, 199, 200, 201, 202, 203, 204, 205, 206, 207, 208, 209, 210, 211, 212, 213, 214, 215, 216, 217, 218, 219, 220, 221, 222, 223, 224, 225, 226, 227, 228, 229, 230, 231, 232, 233, 234, 235, 236, 237, 238, 239, 240, 241, 242, 243, 244, 245, 246, 247, 248, 249, 250, 251, 252, 253, 254, 255, 256, 257, 258, 259, 260, 261, 262, 263, 264, 265, 266, 267, 268, 269, 270, 271, 272, 273, 274, 275, 276, 277, 278, 279, 280, 281, 282, 283, 284, 285, 286, 287, 288, 289, 290, 291, 292, 293, 294, 295, 296, 297, 298, 299, 300, 301, 302, 303, 304, 305, 306, 307, 308, 309, 310, 311, 312, 313, 314, 315, 316, 317, 318, 319, 320, 321, 322, 323, 324, 325, 326, 327, 328, 329, 330, 331, 332, 333, 334, 335, 336, 337, 574, 575, 576, 577, 578, 579, 580, 581, 582, 583, 584, 585, 586, 587, 588, 589, 590, 591, 592, 593, 594, 595, 596, 597, 598, 599, 600, 601, 602, 603, 604, 605, 606, 607, 608, 609, 610, 611, 612, 613, 614, 615, 616, 617, 618, 619, 620, 621, 622, 623, 624, 625, 626, 627, 628, 629, 630, 631, 632, 633, 634, 635, 636, 637, 638, 639, 640, 641, 642, 643, 644, 645, 646, 647, 648, 649, 650, 651, 652, 653, 654, 655, 656, 657, 658, 659, 660, 661, 662, 663, 664, 665, 666, 667, 668, 669, 670, 671, 672, 673, 674, 675, 676, 677, 678, 679, 680, 681, 682, 683, 684, 685, 686, 687, 688, 689, 690, 691, 692, 693, 694, 695, 696, 697, 698, 699, 700, 701, 702, 703, 704, 705, 706, 707, 708, 709, 710, 711, 712, 713, 714, 715, 716, 717, 718, 719, 720, 721, 722, 723, 724, 725, 726, 727, 728, 729, 730, 731, 732, 733, 734, 735, 736, 737, 738, 739, 740, 741, 742, 743, 744, 745, 746, 747, 748, 749, 750, 751, 752, 753, 754, 755, 756, 757, 758, 759, 760, 761, 762, 763, 764, 765, 766, 767, 768, 769, 770, 771, 772, 773, 774, 775, 776, 777, 778, 779, 780, 781, 782, 783, 784, 785, 786, 787, 788, 789, 790, 791, 792, 793]","[143, 145, 181, 233, 234, 236, 295, 330, 614, 616, 652, 697, 698, 700, 754, 787]",[],"[180, 181, 651, 652]","[58, 103, 104, 105, 106, 107, 108, 109, 110, 111, 112, 113, 114, 115, 116, 117, 118, 119, 120, 121, 122, 123, 124, 125, 126, 127, 128, 129, 130, 131, 132, 133, 134, 135, 136, 137, 138, 139, 140, 141, 142, 143, 144, 145, 146, 147, 148, 149, 150, 151, 152, 153, 154, 155, 156, 157, 158, 159, 160, 161, 162, 163, 164, 165, 166, 167, 168, 169, 170, 171, 172, 173, 174, 175, 176, 177, 178, 179, 180, 181, 182, 183, 184, 185, 186, 187, 188, 189, 190, 191, 192, 193, 194, 195, 196, 197, 198, 199, 200, 201, 202, 203, 204, 205, 206, 207, 208, 209, 210, 211, 212, 213, 214, 215, 216, 217, 218, 219, 220, 221, 222, 223, 224, 225, 226, 227, 228, 229, 230, 231, 232, 233, 234, 235, 236, 237, 238, 239, 240, 241, 242, 243, 244, 245, 246, 247, 248, 249, 250, 251, 252, 253, 254, 255, 256, 257, 258, 259, 260, 261, 262, 263, 264, 265, 266, 267, 268, 269, 270, 271, 272, 273, 274, 275, 276, 277, 278, 279, 280, 281, 282, 283, 284, 285, 286, 287, 288, 289, 290, 291, 292, 293, 294, 295, 296, 297, 298, 299, 300, 301, 302, 303, 304, 305, 306, 307, 308, 309, 310, 311, 312, 313, 314, 315, 316, 317, 318, 319, 320, 321, 322, 323, 324, 325, 326, 327, 328, 329, 330, 331, 332, 333, 334, 335, 336, 337, 574, 575, 576, 577, 578, 579, 580, 581, 582, 583, 584, 585, 586, 587, 588, 589, 590, 591, 592, 593, 594, 595, 596, 597, 598, 599, 600, 601, 602, 603, 604, 605, 606, 607, 608, 609, 610, 611, 612, 613, 614, 615, 616, 617, 618, 619, 620, 621, 622, 623, 624, 625, 626, 627, 628, 629, 630, 631, 632, 633, 634, 635, 636, 637, 638, 639, 640, 641, 642, 643, 644, 645, 646, 647, 648, 649, 650, 651, 652, 653, 654, 655, 656, 657, 658, 659, 660, 661, 662, 663, 664, 665, 666, 667, 668, 669, 670, 671, 672, 673, 674, 675, 676, 677, 678, 679, 680, 681, 682, 683, 684, 685, 686, 687, 688, 689, 690, 691, 692, 693, 694, 695, 696, 697, 698, 699, 700, 701, 702, 703, 704, 705, 706, 707, 708, 709, 710, 711, 712, 713, 714, 715, 716, 717, 718, 719, 720, 721, 722, 723, 724, 725, 726, 727, 728, 729, 730, 731, 732, 733, 734, 735, 736, 737, 738, 739, 740, 741, 742, 743, 744, 745, 746, 747, 748, 749, 750, 751, 752, 753, 754, 755, 756, 757, 758, 759, 760, 761, 762, 763, 764, 765, 766, 767, 768, 769, 770, 771, 772, 773, 774, 775, 776, 777, 778, 779, 780, 781, 782, 783, 784, 785, 786, 787, 788, 789, 790, 791, 792, 793]",True,"[181, 236, 652, 700]","[103, 104, 105, 106, 107, 108, 109, 110, 111, 112, 113, 114, 115, 116, 117, 118, 119, 120, 121, 122, 123, 124, 125, 126, 127, 128, 129, 130, 131, 132, 133, 134, 135, 136, 137, 138, 139, 140, 141, 142, 143, 144, 145, 146, 147, 148, 149, 150, 151, 152, 153, 154, 155, 156, 157, 158, 159, 160, 161, 162, 163, 164, 165, 166, 167, 168, 169, 170, 171, 172, 173, 174, 175, 176, 177, 178, 179, 180, 181, 182, 183, 184, 185, 186, 187, 188, 189, 190, 191, 192, 193, 194, 195, 196, 197, 198, 199, 200, 201, 202, 203, 204, 205, 206, 207, 208, 209, 210, 211, 212, 213, 214, 215, 216, 217, 218, 219, 220, 221, 222, 223, 224, 225, 226, 227, 228, 229, 230, 231, 232, 233, 234, 235, 236, 237, 238, 239, 240, 241, 242, 243, 244, 245, 246, 247, 248, 249, 250, 251, 252, 253, 254, 255, 256, 257, 258, 259, 260, 261, 262, 263, 264, 265, 266, 267, 268, 269, 270, 271, 272, 273, 274, 275, 276, 277, 278, 279, 280, 281, 282, 283, 284, 285, 286, 287, 288, 289, 290, 291, 292, 293, 294, 295, 296, 297, 298, 299, 300, 301, 302, 303, 304, 305, 306, 307, 308, 309, 310, 311, 312, 313, 314, 315, 316, 317, 318, 319, 320, 321, 322, 323, 324, 325, 326, 327, 328, 329, 330, 331, 332, 333, 334, 335, 336, 337, 574, 575, 576, 577, 578, 579, 580, 581, 582, 583, 584, 585, 586, 587, 588, 589, 590, 591, 592, 593, 594, 595, 596, 597, 598, 599, 600, 601, 602, 603, 604, 605, 606, 607, 608, 609, 610, 611, 612, 613, 614, 615, 616, 617, 618, 619, 620, 621, 622, 623, 624, 625, 626, 627, 628, 629, 630, 631, 632, 633, 634, 635, 636, 637, 638, 639, 640, 641, 642, 643, 644, 645, 646, 647, 648, 649, 650, 651, 652, 653, 654, 655, 656, 657, 658, 659, 660, 661, 662, 663, 664, 665, 666, 667, 668, 669, 670, 671, 672, 673, 674, 675, 676, 677, 678, 679, 680, 681, 682, 683, 684, 685, 686, 687, 688, 689, 690, 691, 692, 693, 694, 695, 696, 697, 698, 699, 700, 701, 702, 703, 704, 705, 706, 707, 708, 709, 710, 711, 712, 713, 714, 715, 716, 717, 718, 719, 720, 721, 722, 723, 724, 725, 726, 727, 728, 729, 730, 731, 732, 733, 734, 735, 736, 737, 738, 739, 740, 741, 742, 743, 744, 745, 746, 747, 748, 749, 750, 751, 752, 753, 754, 755, 756, 757, 758, 759, 760, 761, 762, 763, 764, 765, 766, 767, 768, 769, 770, 771, 772, 773, 774, 775, 776, 777, 778, 779, 780, 781, 782, 783, 784, 785, 786, 787, 788, 789, 790, 791, 792, 793]","[58, 181, 233, 236, 304, 652, 697, 700, 762]","[181, 236, 652, 700]","[143, 145, 181, 233, 234, 236, 295, 330, 614, 616, 652, 697, 698, 700, 754, 787]","[180, 181, 651, 652]",[],7/6 successful match,True,[630],True,255,False,,0.8833333333333333,True,Harbor Truck Stop,
D Long Beach ( 90810 ) Harbor Truck Stop,562-436-1313 I-710 Ex 2 ( 3/4 mi W to 2130 PCH ( CA 1,CA 1 ) ) <U+2610>,Long Beach,90810,Harbor Truck Stop,562-436-1313,2014,Long Beach,CA,,( 3/4 mi W to 2130 PCH ( CA 1,I-710 Ex 2 ,Exit,2,False,,False,I-710,,,,,"[652, 181]","[181, 236, 652, 700]","[58, 181, 233, 236, 304, 652, 697, 700, 762]","[181, 236, 652, 700]","[103, 104, 105, 106, 107, 108, 109, 110, 111, 112, 113, 114, 115, 116, 117, 118, 119, 120, 121, 122, 123, 124, 125, 126, 127, 128, 129, 130, 131, 132, 133, 134, 135, 136, 137, 138, 139, 140, 141, 142, 143, 144, 145, 146, 147, 148, 149, 150, 151, 152, 153, 154, 155, 156, 157, 158, 159, 160, 161, 162, 163, 164, 165, 166, 167, 168, 169, 170, 171, 172, 173, 174, 175, 176, 177, 178, 179, 180, 181, 182, 183, 184, 185, 186, 187, 188, 189, 190, 191, 192, 193, 194, 195, 196, 197, 198, 199, 200, 201, 202, 203, 204, 205, 206, 207, 208, 209, 210, 211, 212, 213, 214, 215, 216, 217, 218, 219, 220, 221, 222, 223, 224, 225, 226, 227, 228, 229, 230, 231, 232, 233, 234, 235, 236, 237, 238, 239, 240, 241, 242, 243, 244, 245, 246, 247, 248, 249, 250, 251, 252, 253, 254, 255, 256, 257, 258, 259, 260, 261, 262, 263, 264, 265, 266, 267, 268, 269, 270, 271, 272, 273, 274, 275, 276, 277, 278, 279, 280, 281, 282, 283, 284, 285, 286, 287, 288, 289, 290, 291, 292, 293, 294, 295, 296, 297, 298, 299, 300, 301, 302, 303, 304, 305, 306, 307, 308, 309, 310, 311, 312, 313, 314, 315, 316, 317, 318, 319, 320, 321, 322, 323, 324, 325, 326, 327, 328, 329, 330, 331, 332, 333, 334, 335, 336, 337, 574, 575, 576, 577, 578, 579, 580, 581, 582, 583, 584, 585, 586, 587, 588, 589, 590, 591, 592, 593, 594, 595, 596, 597, 598, 599, 600, 601, 602, 603, 604, 605, 606, 607, 608, 609, 610, 611, 612, 613, 614, 615, 616, 617, 618, 619, 620, 621, 622, 623, 624, 625, 626, 627, 628, 629, 630, 631, 632, 633, 634, 635, 636, 637, 638, 639, 640, 641, 642, 643, 644, 645, 646, 647, 648, 649, 650, 651, 652, 653, 654, 655, 656, 657, 658, 659, 660, 661, 662, 663, 664, 665, 666, 667, 668, 669, 670, 671, 672, 673, 674, 675, 676, 677, 678, 679, 680, 681, 682, 683, 684, 685, 686, 687, 688, 689, 690, 691, 692, 693, 694, 695, 696, 697, 698, 699, 700, 701, 702, 703, 704, 705, 706, 707, 708, 709, 710, 711, 712, 713, 714, 715, 716, 717, 718, 719, 720, 721, 722, 723, 724, 725, 726, 727, 728, 729, 730, 731, 732, 733, 734, 735, 736, 737, 738, 739, 740, 741, 742, 743, 744, 745, 746, 747, 748, 749, 750, 751, 752, 753, 754, 755, 756, 757, 758, 759, 760, 761, 762, 763, 764, 765, 766, 767, 768, 769, 770, 771, 772, 773, 774, 775, 776, 777, 778, 779, 780, 781, 782, 783, 784, 785, 786, 787, 788, 789, 790, 791, 792, 793]","[143, 145, 181, 233, 234, 236, 295, 330, 614, 616, 652, 697, 698, 700, 754, 787]",[],"[180, 181, 651, 652]","[58, 103, 104, 105, 106, 107, 108, 109, 110, 111, 112, 113, 114, 115, 116, 117, 118, 119, 120, 121, 122, 123, 124, 125, 126, 127, 128, 129, 130, 131, 132, 133, 134, 135, 136, 137, 138, 139, 140, 141, 142, 143, 144, 145, 146, 147, 148, 149, 150, 151, 152, 153, 154, 155, 156, 157, 158, 159, 160, 161, 162, 163, 164, 165, 166, 167, 168, 169, 170, 171, 172, 173, 174, 175, 176, 177, 178, 179, 180, 181, 182, 183, 184, 185, 186, 187, 188, 189, 190, 191, 192, 193, 194, 195, 196, 197, 198, 199, 200, 201, 202, 203, 204, 205, 206, 207, 208, 209, 210, 211, 212, 213, 214, 215, 216, 217, 218, 219, 220, 221, 222, 223, 224, 225, 226, 227, 228, 229, 230, 231, 232, 233, 234, 235, 236, 237, 238, 239, 240, 241, 242, 243, 244, 245, 246, 247, 248, 249, 250, 251, 252, 253, 254, 255, 256, 257, 258, 259, 260, 261, 262, 263, 264, 265, 266, 267, 268, 269, 270, 271, 272, 273, 274, 275, 276, 277, 278, 279, 280, 281, 282, 283, 284, 285, 286, 287, 288, 289, 290, 291, 292, 293, 294, 295, 296, 297, 298, 299, 300, 301, 302, 303, 304, 305, 306, 307, 308, 309, 310, 311, 312, 313, 314, 315, 316, 317, 318, 319, 320, 321, 322, 323, 324, 325, 326, 327, 328, 329, 330, 331, 332, 333, 334, 335, 336, 337, 574, 575, 576, 577, 578, 579, 580, 581, 582, 583, 584, 585, 586, 587, 588, 589, 590, 591, 592, 593, 594, 595, 596, 597, 598, 599, 600, 601, 602, 603, 604, 605, 606, 607, 608, 609, 610, 611, 612, 613, 614, 615, 616, 617, 618, 619, 620, 621, 622, 623, 624, 625, 626, 627, 628, 629, 630, 631, 632, 633, 634, 635, 636, 637, 638, 639, 640, 641, 642, 643, 644, 645, 646, 647, 648, 649, 650, 651, 652, 653, 654, 655, 656, 657, 658, 659, 660, 661, 662, 663, 664, 665, 666, 667, 668, 669, 670, 671, 672, 673, 674, 675, 676, 677, 678, 679, 680, 681, 682, 683, 684, 685, 686, 687, 688, 689, 690, 691, 692, 693, 694, 695, 696, 697, 698, 699, 700, 701, 702, 703, 704, 705, 706, 707, 708, 709, 710, 711, 712, 713, 714, 715, 716, 717, 718, 719, 720, 721, 722, 723, 724, 725, 726, 727, 728, 729, 730, 731, 732, 733, 734, 735, 736, 737, 738, 739, 740, 741, 742, 743, 744, 745, 746, 747, 748, 749, 750, 751, 752, 753, 754, 755, 756, 757, 758, 759, 760, 761, 762, 763, 764, 765, 766, 767, 768, 769, 770, 771, 772, 773, 774, 775, 776, 777, 778, 779, 780, 781, 782, 783, 784, 785, 786, 787, 788, 789, 790, 791, 792, 793]",True,"[181, 236, 652, 700]","[103, 104, 105, 106, 107, 108, 109, 110, 111, 112, 113, 114, 115, 116, 117, 118, 119, 120, 121, 122, 123, 124, 125, 126, 127, 128, 129, 130, 131, 132, 133, 134, 135, 136, 137, 138, 139, 140, 141, 142, 143, 144, 145, 146, 147, 148, 149, 150, 151, 152, 153, 154, 155, 156, 157, 158, 159, 160, 161, 162, 163, 164, 165, 166, 167, 168, 169, 170, 171, 172, 173, 174, 175, 176, 177, 178, 179, 180, 181, 182, 183, 184, 185, 186, 187, 188, 189, 190, 191, 192, 193, 194, 195, 196, 197, 198, 199, 200, 201, 202, 203, 204, 205, 206, 207, 208, 209, 210, 211, 212, 213, 214, 215, 216, 217, 218, 219, 220, 221, 222, 223, 224, 225, 226, 227, 228, 229, 230, 231, 232, 233, 234, 235, 236, 237, 238, 239, 240, 241, 242, 243, 244, 245, 246, 247, 248, 249, 250, 251, 252, 253, 254, 255, 256, 257, 258, 259, 260, 261, 262, 263, 264, 265, 266, 267, 268, 269, 270, 271, 272, 273, 274, 275, 276, 277, 278, 279, 280, 281, 282, 283, 284, 285, 286, 287, 288, 289, 290, 291, 292, 293, 294, 295, 296, 297, 298, 299, 300, 301, 302, 303, 304, 305, 306, 307, 308, 309, 310, 311, 312, 313, 314, 315, 316, 317, 318, 319, 320, 321, 322, 323, 324, 325, 326, 327, 328, 329, 330, 331, 332, 333, 334, 335, 336, 337, 574, 575, 576, 577, 578, 579, 580, 581, 582, 583, 584, 585, 586, 587, 588, 589, 590, 591, 592, 593, 594, 595, 596, 597, 598, 599, 600, 601, 602, 603, 604, 605, 606, 607, 608, 609, 610, 611, 612, 613, 614, 615, 616, 617, 618, 619, 620, 621, 622, 623, 624, 625, 626, 627, 628, 629, 630, 631, 632, 633, 634, 635, 636, 637, 638, 639, 640, 641, 642, 643, 644, 645, 646, 647, 648, 649, 650, 651, 652, 653, 654, 655, 656, 657, 658, 659, 660, 661, 662, 663, 664, 665, 666, 667, 668, 669, 670, 671, 672, 673, 674, 675, 676, 677, 678, 679, 680, 681, 682, 683, 684, 685, 686, 687, 688, 689, 690, 691, 692, 693, 694, 695, 696, 697, 698, 699, 700, 701, 702, 703, 704, 705, 706, 707, 708, 709, 710, 711, 712, 713, 714, 715, 716, 717, 718, 719, 720, 721, 722, 723, 724, 725, 726, 727, 728, 729, 730, 731, 732, 733, 734, 735, 736, 737, 738, 739, 740, 741, 742, 743, 744, 745, 746, 747, 748, 749, 750, 751, 752, 753, 754, 755, 756, 757, 758, 759, 760, 761, 762, 763, 764, 765, 766, 767, 768, 769, 770, 771, 772, 773, 774, 775, 776, 777, 778, 779, 780, 781, 782, 783, 784, 785, 786, 787, 788, 789, 790, 791, 792, 793]","[58, 181, 233, 236, 304, 652, 697, 700, 762]","[181, 236, 652, 700]","[143, 145, 181, 233, 234, 236, 295, 330, 614, 616, 652, 697, 698, 700, 754, 787]","[180, 181, 651, 652]",[],7/6 successful match,True,[630],True,255,False,,0.8833333333333333,True,Harbor Truck Stop ),
D Long Beach ( 90810 ) Harbor Truck Stop,562-436-1313 I-710 Ex 2 ( 3/4 mi W to 2130 PCH ( CA 1 ) ),1 ) ) 24 <U+25A1> <U+2610> <U+2610>,Long Beach,90810,Harbor Truck Stop,562-436-1313,2015,Long Beach,CA,,( 3/4 mi W to 2130 PCH ( CA 1 ) ),I-710 Ex 2 ,Exit,2,False,,False,I-710,,,,,"[652, 181]","[181, 236, 652, 700]","[58, 181, 233, 236, 304, 652, 697, 700, 762]","[181, 236, 652, 700]","[103, 104, 105, 106, 107, 108, 109, 110, 111, 112, 113, 114, 115, 116, 117, 118, 119, 120, 121, 122, 123, 124, 125, 126, 127, 128, 129, 130, 131, 132, 133, 134, 135, 136, 137, 138, 139, 140, 141, 142, 143, 144, 145, 146, 147, 148, 149, 150, 151, 152, 153, 154, 155, 156, 157, 158, 159, 160, 161, 162, 163, 164, 165, 166, 167, 168, 169, 170, 171, 172, 173, 174, 175, 176, 177, 178, 179, 180, 181, 182, 183, 184, 185, 186, 187, 188, 189, 190, 191, 192, 193, 194, 195, 196, 197, 198, 199, 200, 201, 202, 203, 204, 205, 206, 207, 208, 209, 210, 211, 212, 213, 214, 215, 216, 217, 218, 219, 220, 221, 222, 223, 224, 225, 226, 227, 228, 229, 230, 231, 232, 233, 234, 235, 236, 237, 238, 239, 240, 241, 242, 243, 244, 245, 246, 247, 248, 249, 250, 251, 252, 253, 254, 255, 256, 257, 258, 259, 260, 261, 262, 263, 264, 265, 266, 267, 268, 269, 270, 271, 272, 273, 274, 275, 276, 277, 278, 279, 280, 281, 282, 283, 284, 285, 286, 287, 288, 289, 290, 291, 292, 293, 294, 295, 296, 297, 298, 299, 300, 301, 302, 303, 304, 305, 306, 307, 308, 309, 310, 311, 312, 313, 314, 315, 316, 317, 318, 319, 320, 321, 322, 323, 324, 325, 326, 327, 328, 329, 330, 331, 332, 333, 334, 335, 336, 337, 574, 575, 576, 577, 578, 579, 580, 581, 582, 583, 584, 585, 586, 587, 588, 589, 590, 591, 592, 593, 594, 595, 596, 597, 598, 599, 600, 601, 602, 603, 604, 605, 606, 607, 608, 609, 610, 611, 612, 613, 614, 615, 616, 617, 618, 619, 620, 621, 622, 623, 624, 625, 626, 627, 628, 629, 630, 631, 632, 633, 634, 635, 636, 637, 638, 639, 640, 641, 642, 643, 644, 645, 646, 647, 648, 649, 650, 651, 652, 653, 654, 655, 656, 657, 658, 659, 660, 661, 662, 663, 664, 665, 666, 667, 668, 669, 670, 671, 672, 673, 674, 675, 676, 677, 678, 679, 680, 681, 682, 683, 684, 685, 686, 687, 688, 689, 690, 691, 692, 693, 694, 695, 696, 697, 698, 699, 700, 701, 702, 703, 704, 705, 706, 707, 708, 709, 710, 711, 712, 713, 714, 715, 716, 717, 718, 719, 720, 721, 722, 723, 724, 725, 726, 727, 728, 729, 730, 731, 732, 733, 734, 735, 736, 737, 738, 739, 740, 741, 742, 743, 744, 745, 746, 747, 748, 749, 750, 751, 752, 753, 754, 755, 756, 757, 758, 759, 760, 761, 762, 763, 764, 765, 766, 767, 768, 769, 770, 771, 772, 773, 774, 775, 776, 777, 778, 779, 780, 781, 782, 783, 784, 785, 786, 787, 788, 789, 790, 791, 792, 793]","[143, 145, 181, 233, 234, 236, 295, 330, 614, 616, 652, 697, 698, 700, 754, 787]",[],"[180, 181, 651, 652]","[58, 103, 104, 105, 106, 107, 108, 109, 110, 111, 112, 113, 114, 115, 116, 117, 118, 119, 120, 121, 122, 123, 124, 125, 126, 127, 128, 129, 130, 131, 132, 133, 134, 135, 136, 137, 138, 139, 140, 141, 142, 143, 144, 145, 146, 147, 148, 149, 150, 151, 152, 153, 154, 155, 156, 157, 158, 159, 160, 161, 162, 163, 164, 165, 166, 167, 168, 169, 170, 171, 172, 173, 174, 175, 176, 177, 178, 179, 180, 181, 182, 183, 184, 185, 186, 187, 188, 189, 190, 191, 192, 193, 194, 195, 196, 197, 198, 199, 200, 201, 202, 203, 204, 205, 206, 207, 208, 209, 210, 211, 212, 213, 214, 215, 216, 217, 218, 219, 220, 221, 222, 223, 224, 225, 226, 227, 228, 229, 230, 231, 232, 233, 234, 235, 236, 237, 238, 239, 240, 241, 242, 243, 244, 245, 246, 247, 248, 249, 250, 251, 252, 253, 254, 255, 256, 257, 258, 259, 260, 261, 262, 263, 264, 265, 266, 267, 268, 269, 270, 271, 272, 273, 274, 275, 276, 277, 278, 279, 280, 281, 282, 283, 284, 285, 286, 287, 288, 289, 290, 291, 292, 293, 294, 295, 296, 297, 298, 299, 300, 301, 302, 303, 304, 305, 306, 307, 308, 309, 310, 311, 312, 313, 314, 315, 316, 317, 318, 319, 320, 321, 322, 323, 324, 325, 326, 327, 328, 329, 330, 331, 332, 333, 334, 335, 336, 337, 574, 575, 576, 577, 578, 579, 580, 581, 582, 583, 584, 585, 586, 587, 588, 589, 590, 591, 592, 593, 594, 595, 596, 597, 598, 599, 600, 601, 602, 603, 604, 605, 606, 607, 608, 609, 610, 611, 612, 613, 614, 615, 616, 617, 618, 619, 620, 621, 622, 623, 624, 625, 626, 627, 628, 629, 630, 631, 632, 633, 634, 635, 636, 637, 638, 639, 640, 641, 642, 643, 644, 645, 646, 647, 648, 649, 650, 651, 652, 653, 654, 655, 656, 657, 658, 659, 660, 661, 662, 663, 664, 665, 666, 667, 668, 669, 670, 671, 672, 673, 674, 675, 676, 677, 678, 679, 680, 681, 682, 683, 684, 685, 686, 687, 688, 689, 690, 691, 692, 693, 694, 695, 696, 697, 698, 699, 700, 701, 702, 703, 704, 705, 706, 707, 708, 709, 710, 711, 712, 713, 714, 715, 716, 717, 718, 719, 720, 721, 722, 723, 724, 725, 726, 727, 728, 729, 730, 731, 732, 733, 734, 735, 736, 737, 738, 739, 740, 741, 742, 743, 744, 745, 746, 747, 748, 749, 750, 751, 752, 753, 754, 755, 756, 757, 758, 759, 760, 761, 762, 763, 764, 765, 766, 767, 768, 769, 770, 771, 772, 773, 774, 775, 776, 777, 778, 779, 780, 781, 782, 783, 784, 785, 786, 787, 788, 789, 790, 791, 792, 793]",True,"[181, 236, 652, 700]","[103, 104, 105, 106, 107, 108, 109, 110, 111, 112, 113, 114, 115, 116, 117, 118, 119, 120, 121, 122, 123, 124, 125, 126, 127, 128, 129, 130, 131, 132, 133, 134, 135, 136, 137, 138, 139, 140, 141, 142, 143, 144, 145, 146, 147, 148, 149, 150, 151, 152, 153, 154, 155, 156, 157, 158, 159, 160, 161, 162, 163, 164, 165, 166, 167, 168, 169, 170, 171, 172, 173, 174, 175, 176, 177, 178, 179, 180, 181, 182, 183, 184, 185, 186, 187, 188, 189, 190, 191, 192, 193, 194, 195, 196, 197, 198, 199, 200, 201, 202, 203, 204, 205, 206, 207, 208, 209, 210, 211, 212, 213, 214, 215, 216, 217, 218, 219, 220, 221, 222, 223, 224, 225, 226, 227, 228, 229, 230, 231, 232, 233, 234, 235, 236, 237, 238, 239, 240, 241, 242, 243, 244, 245, 246, 247, 248, 249, 250, 251, 252, 253, 254, 255, 256, 257, 258, 259, 260, 261, 262, 263, 264, 265, 266, 267, 268, 269, 270, 271, 272, 273, 274, 275, 276, 277, 278, 279, 280, 281, 282, 283, 284, 285, 286, 287, 288, 289, 290, 291, 292, 293, 294, 295, 296, 297, 298, 299, 300, 301, 302, 303, 304, 305, 306, 307, 308, 309, 310, 311, 312, 313, 314, 315, 316, 317, 318, 319, 320, 321, 322, 323, 324, 325, 326, 327, 328, 329, 330, 331, 332, 333, 334, 335, 336, 337, 574, 575, 576, 577, 578, 579, 580, 581, 582, 583, 584, 585, 586, 587, 588, 589, 590, 591, 592, 593, 594, 595, 596, 597, 598, 599, 600, 601, 602, 603, 604, 605, 606, 607, 608, 609, 610, 611, 612, 613, 614, 615, 616, 617, 618, 619, 620, 621, 622, 623, 624, 625, 626, 627, 628, 629, 630, 631, 632, 633, 634, 635, 636, 637, 638, 639, 640, 641, 642, 643, 644, 645, 646, 647, 648, 649, 650, 651, 652, 653, 654, 655, 656, 657, 658, 659, 660, 661, 662, 663, 664, 665, 666, 667, 668, 669, 670, 671, 672, 673, 674, 675, 676, 677, 678, 679, 680, 681, 682, 683, 684, 685, 686, 687, 688, 689, 690, 691, 692, 693, 694, 695, 696, 697, 698, 699, 700, 701, 702, 703, 704, 705, 706, 707, 708, 709, 710, 711, 712, 713, 714, 715, 716, 717, 718, 719, 720, 721, 722, 723, 724, 725, 726, 727, 728, 729, 730, 731, 732, 733, 734, 735, 736, 737, 738, 739, 740, 741, 742, 743, 744, 745, 746, 747, 748, 749, 750, 751, 752, 753, 754, 755, 756, 757, 758, 759, 760, 761, 762, 763, 764, 765, 766, 767, 768, 769, 770, 771, 772, 773, 774, 775, 776, 777, 778, 779, 780, 781, 782, 783, 784, 785, 786, 787, 788, 789, 790, 791, 792, 793]","[58, 181, 233, 236, 304, 652, 697, 700, 762]","[181, 236, 652, 700]","[143, 145, 181, 233, 234, 236, 295, 330, 614, 616, 652, 697, 698, 700, 754, 787]","[180, 181, 651, 652]",[],7/6 successful match,True,[630],True,255,False,,0.8999999999999999,True,Harbor Truck Stop,
Long Beach ( 90810 ) Harbor Truck Stop,562-436-1313 I-710 Ex 2 ( 3/4 mi W to 2130 PCH ( CA 1 ) ),1 ) ) 24 S <U+2610>,Long Beach,90810,Harbor Truck Stop,562-436-1313,2016,Long Beach,CA,,( 3/4 mi W to 2130 PCH ( CA 1 ) ),I-710 Ex 2 ,Exit,2,False,,False,I-710,,,,,"[652, 181]","[181, 236, 652, 700]","[58, 181, 233, 236, 304, 652, 697, 700, 762]","[181, 236, 652, 700]","[103, 104, 105, 106, 107, 108, 109, 110, 111, 112, 113, 114, 115, 116, 117, 118, 119, 120, 121, 122, 123, 124, 125, 126, 127, 128, 129, 130, 131, 132, 133, 134, 135, 136, 137, 138, 139, 140, 141, 142, 143, 144, 145, 146, 147, 148, 149, 150, 151, 152, 153, 154, 155, 156, 157, 158, 159, 160, 161, 162, 163, 164, 165, 166, 167, 168, 169, 170, 171, 172, 173, 174, 175, 176, 177, 178, 179, 180, 181, 182, 183, 184, 185, 186, 187, 188, 189, 190, 191, 192, 193, 194, 195, 196, 197, 198, 199, 200, 201, 202, 203, 204, 205, 206, 207, 208, 209, 210, 211, 212, 213, 214, 215, 216, 217, 218, 219, 220, 221, 222, 223, 224, 225, 226, 227, 228, 229, 230, 231, 232, 233, 234, 235, 236, 237, 238, 239, 240, 241, 242, 243, 244, 245, 246, 247, 248, 249, 250, 251, 252, 253, 254, 255, 256, 257, 258, 259, 260, 261, 262, 263, 264, 265, 266, 267, 268, 269, 270, 271, 272, 273, 274, 275, 276, 277, 278, 279, 280, 281, 282, 283, 284, 285, 286, 287, 288, 289, 290, 291, 292, 293, 294, 295, 296, 297, 298, 299, 300, 301, 302, 303, 304, 305, 306, 307, 308, 309, 310, 311, 312, 313, 314, 315, 316, 317, 318, 319, 320, 321, 322, 323, 324, 325, 326, 327, 328, 329, 330, 331, 332, 333, 334, 335, 336, 337, 574, 575, 576, 577, 578, 579, 580, 581, 582, 583, 584, 585, 586, 587, 588, 589, 590, 591, 592, 593, 594, 595, 596, 597, 598, 599, 600, 601, 602, 603, 604, 605, 606, 607, 608, 609, 610, 611, 612, 613, 614, 615, 616, 617, 618, 619, 620, 621, 622, 623, 624, 625, 626, 627, 628, 629, 630, 631, 632, 633, 634, 635, 636, 637, 638, 639, 640, 641, 642, 643, 644, 645, 646, 647, 648, 649, 650, 651, 652, 653, 654, 655, 656, 657, 658, 659, 660, 661, 662, 663, 664, 665, 666, 667, 668, 669, 670, 671, 672, 673, 674, 675, 676, 677, 678, 679, 680, 681, 682, 683, 684, 685, 686, 687, 688, 689, 690, 691, 692, 693, 694, 695, 696, 697, 698, 699, 700, 701, 702, 703, 704, 705, 706, 707, 708, 709, 710, 711, 712, 713, 714, 715, 716, 717, 718, 719, 720, 721, 722, 723, 724, 725, 726, 727, 728, 729, 730, 731, 732, 733, 734, 735, 736, 737, 738, 739, 740, 741, 742, 743, 744, 745, 746, 747, 748, 749, 750, 751, 752, 753, 754, 755, 756, 757, 758, 759, 760, 761, 762, 763, 764, 765, 766, 767, 768, 769, 770, 771, 772, 773, 774, 775, 776, 777, 778, 779, 780, 781, 782, 783, 784, 785, 786, 787, 788, 789, 790, 791, 792, 793]","[143, 145, 181, 233, 234, 236, 295, 330, 614, 616, 652, 697, 698, 700, 754, 787]",[],"[180, 181, 651, 652]","[58, 103, 104, 105, 106, 107, 108, 109, 110, 111, 112, 113, 114, 115, 116, 117, 118, 119, 120, 121, 122, 123, 124, 125, 126, 127, 128, 129, 130, 131, 132, 133, 134, 135, 136, 137, 138, 139, 140, 141, 142, 143, 144, 145, 146, 147, 148, 149, 150, 151, 152, 153, 154, 155, 156, 157, 158, 159, 160, 161, 162, 163, 164, 165, 166, 167, 168, 169, 170, 171, 172, 173, 174, 175, 176, 177, 178, 179, 180, 181, 182, 183, 184, 185, 186, 187, 188, 189, 190, 191, 192, 193, 194, 195, 196, 197, 198, 199, 200, 201, 202, 203, 204, 205, 206, 207, 208, 209, 210, 211, 212, 213, 214, 215, 216, 217, 218, 219, 220, 221, 222, 223, 224, 225, 226, 227, 228, 229, 230, 231, 232, 233, 234, 235, 236, 237, 238, 239, 240, 241, 242, 243, 244, 245, 246, 247, 248, 249, 250, 251, 252, 253, 254, 255, 256, 257, 258, 259, 260, 261, 262, 263, 264, 265, 266, 267, 268, 269, 270, 271, 272, 273, 274, 275, 276, 277, 278, 279, 280, 281, 282, 283, 284, 285, 286, 287, 288, 289, 290, 291, 292, 293, 294, 295, 296, 297, 298, 299, 300, 301, 302, 303, 304, 305, 306, 307, 308, 309, 310, 311, 312, 313, 314, 315, 316, 317, 318, 319, 320, 321, 322, 323, 324, 325, 326, 327, 328, 329, 330, 331, 332, 333, 334, 335, 336, 337, 574, 575, 576, 577, 578, 579, 580, 581, 582, 583, 584, 585, 586, 587, 588, 589, 590, 591, 592, 593, 594, 595, 596, 597, 598, 599, 600, 601, 602, 603, 604, 605, 606, 607, 608, 609, 610, 611, 612, 613, 614, 615, 616, 617, 618, 619, 620, 621, 622, 623, 624, 625, 626, 627, 628, 629, 630, 631, 632, 633, 634, 635, 636, 637, 638, 639, 640, 641, 642, 643, 644, 645, 646, 647, 648, 649, 650, 651, 652, 653, 654, 655, 656, 657, 658, 659, 660, 661, 662, 663, 664, 665, 666, 667, 668, 669, 670, 671, 672, 673, 674, 675, 676, 677, 678, 679, 680, 681, 682, 683, 684, 685, 686, 687, 688, 689, 690, 691, 692, 693, 694, 695, 696, 697, 698, 699, 700, 701, 702, 703, 704, 705, 706, 707, 708, 709, 710, 711, 712, 713, 714, 715, 716, 717, 718, 719, 720, 721, 722, 723, 724, 725, 726, 727, 728, 729, 730, 731, 732, 733, 734, 735, 736, 737, 738, 739, 740, 741, 742, 743, 744, 745, 746, 747, 748, 749, 750, 751, 752, 753, 754, 755, 756, 757, 758, 759, 760, 761, 762, 763, 764, 765, 766, 767, 768, 769, 770, 771, 772, 773, 774, 775, 776, 777, 778, 779, 780, 781, 782, 783, 784, 785, 786, 787, 788, 789, 790, 791, 792, 793]",True,"[181, 236, 652, 700]","[103, 104, 105, 106, 107, 108, 109, 110, 111, 112, 113, 114, 115, 116, 117, 118, 119, 120, 121, 122, 123, 124, 125, 126, 127, 128, 129, 130, 131, 132, 133, 134, 135, 136, 137, 138, 139, 140, 141, 142, 143, 144, 145, 146, 147, 148, 149, 150, 151, 152, 153, 154, 155, 156, 157, 158, 159, 160, 161, 162, 163, 164, 165, 166, 167, 168, 169, 170, 171, 172, 173, 174, 175, 176, 177, 178, 179, 180, 181, 182, 183, 184, 185, 186, 187, 188, 189, 190, 191, 192, 193, 194, 195, 196, 197, 198, 199, 200, 201, 202, 203, 204, 205, 206, 207, 208, 209, 210, 211, 212, 213, 214, 215, 216, 217, 218, 219, 220, 221, 222, 223, 224, 225, 226, 227, 228, 229, 230, 231, 232, 233, 234, 235, 236, 237, 238, 239, 240, 241, 242, 243, 244, 245, 246, 247, 248, 249, 250, 251, 252, 253, 254, 255, 256, 257, 258, 259, 260, 261, 262, 263, 264, 265, 266, 267, 268, 269, 270, 271, 272, 273, 274, 275, 276, 277, 278, 279, 280, 281, 282, 283, 284, 285, 286, 287, 288, 289, 290, 291, 292, 293, 294, 295, 296, 297, 298, 299, 300, 301, 302, 303, 304, 305, 306, 307, 308, 309, 310, 311, 312, 313, 314, 315, 316, 317, 318, 319, 320, 321, 322, 323, 324, 325, 326, 327, 328, 329, 330, 331, 332, 333, 334, 335, 336, 337, 574, 575, 576, 577, 578, 579, 580, 581, 582, 583, 584, 585, 586, 587, 588, 589, 590, 591, 592, 593, 594, 595, 596, 597, 598, 599, 600, 601, 602, 603, 604, 605, 606, 607, 608, 609, 610, 611, 612, 613, 614, 615, 616, 617, 618, 619, 620, 621, 622, 623, 624, 625, 626, 627, 628, 629, 630, 631, 632, 633, 634, 635, 636, 637, 638, 639, 640, 641, 642, 643, 644, 645, 646, 647, 648, 649, 650, 651, 652, 653, 654, 655, 656, 657, 658, 659, 660, 661, 662, 663, 664, 665, 666, 667, 668, 669, 670, 671, 672, 673, 674, 675, 676, 677, 678, 679, 680, 681, 682, 683, 684, 685, 686, 687, 688, 689, 690, 691, 692, 693, 694, 695, 696, 697, 698, 699, 700, 701, 702, 703, 704, 705, 706, 707, 708, 709, 710, 711, 712, 713, 714, 715, 716, 717, 718, 719, 720, 721, 722, 723, 724, 725, 726, 727, 728, 729, 730, 731, 732, 733, 734, 735, 736, 737, 738, 739, 740, 741, 742, 743, 744, 745, 746, 747, 748, 749, 750, 751, 752, 753, 754, 755, 756, 757, 758, 759, 760, 761, 762, 763, 764, 765, 766, 767, 768, 769, 770, 771, 772, 773, 774, 775, 776, 777, 778, 779, 780, 781, 782, 783, 784, 785, 786, 787, 788, 789, 790, 791, 792, 793]","[58, 181, 233, 236, 304, 652, 697, 700, 762]","[181, 236, 652, 700]","[143, 145, 181, 233, 234, 236, 295, 330, 614, 616, 652, 697, 698, 700, 754, 787]","[180, 181, 651, 652]",[],7/6 successful match,True,[630],True,255,False,,0.8999999999999999,True,Harbor Truck Stop,
"Long Beach , 90813 Speedy Fuel","562-491-1228 I-710 Exit 1 ( W , N @light , E on Cowles )",) ) 000 <U+2610> <U+2610>,Long Beach,90813,Speedy Fuel,562-491-1228,2006,Long Beach,CA,,"( W , N @light , E on Cowles )",I-710 Exit 1 ,Exit,1,False,,False,I-710,,,,,"[233, 697]","[233, 697]","[58, 181, 233, 236, 304, 652, 697, 700, 762]","[19, 180, 181, 233, 255, 331, 341, 351, 449, 454, 503, 651, 652, 697, 708, 788, 797, 806, 857, 897, 901]","[103, 104, 105, 106, 107, 108, 109, 110, 111, 112, 113, 114, 115, 116, 117, 118, 119, 120, 121, 122, 123, 124, 125, 126, 127, 128, 129, 130, 131, 132, 133, 134, 135, 136, 137, 138, 139, 140, 141, 142, 143, 144, 145, 146, 147, 148, 149, 150, 151, 152, 153, 154, 155, 156, 157, 158, 159, 160, 161, 162, 163, 164, 165, 166, 167, 168, 169, 170, 171, 172, 173, 174, 175, 176, 177, 178, 179, 180, 181, 182, 183, 184, 185, 186, 187, 188, 189, 190, 191, 192, 193, 194, 195, 196, 197, 198, 199, 200, 201, 202, 203, 204, 205, 206, 207, 208, 209, 210, 211, 212, 213, 214, 215, 216, 217, 218, 219, 220, 221, 222, 223, 224, 225, 226, 227, 228, 229, 230, 231, 232, 233, 234, 235, 236, 237, 238, 239, 240, 241, 242, 243, 244, 245, 246, 247, 248, 249, 250, 251, 252, 253, 254, 255, 256, 257, 258, 259, 260, 261, 262, 263, 264, 265, 266, 267, 268, 269, 270, 271, 272, 273, 274, 275, 276, 277, 278, 279, 280, 281, 282, 283, 284, 285, 286, 287, 288, 289, 290, 291, 292, 293, 294, 295, 296, 297, 298, 299, 300, 301, 302, 303, 304, 305, 306, 307, 308, 309, 310, 311, 312, 313, 314, 315, 316, 317, 318, 319, 320, 321, 322, 323, 324, 325, 326, 327, 328, 329, 330, 331, 332, 333, 334, 335, 336, 337, 574, 575, 576, 577, 578, 579, 580, 581, 582, 583, 584, 585, 586, 587, 588, 589, 590, 591, 592, 593, 594, 595, 596, 597, 598, 599, 600, 601, 602, 603, 604, 605, 606, 607, 608, 609, 610, 611, 612, 613, 614, 615, 616, 617, 618, 619, 620, 621, 622, 623, 624, 625, 626, 627, 628, 629, 630, 631, 632, 633, 634, 635, 636, 637, 638, 639, 640, 641, 642, 643, 644, 645, 646, 647, 648, 649, 650, 651, 652, 653, 654, 655, 656, 657, 658, 659, 660, 661, 662, 663, 664, 665, 666, 667, 668, 669, 670, 671, 672, 673, 674, 675, 676, 677, 678, 679, 680, 681, 682, 683, 684, 685, 686, 687, 688, 689, 690, 691, 692, 693, 694, 695, 696, 697, 698, 699, 700, 701, 702, 703, 704, 705, 706, 707, 708, 709, 710, 711, 712, 713, 714, 715, 716, 717, 718, 719, 720, 721, 722, 723, 724, 725, 726, 727, 728, 729, 730, 731, 732, 733, 734, 735, 736, 737, 738, 739, 740, 741, 742, 743, 744, 745, 746, 747, 748, 749, 750, 751, 752, 753, 754, 755, 756, 757, 758, 759, 760, 761, 762, 763, 764, 765, 766, 767, 768, 769, 770, 771, 772, 773, 774, 775, 776, 777, 778, 779, 780, 781, 782, 783, 784, 785, 786, 787, 788, 789, 790, 791, 792, 793]","[143, 145, 181, 233, 234, 236, 295, 330, 614, 616, 652, 697, 698, 700, 754, 787]",[],"[90, 91, 294, 295, 296, 561, 562, 753, 754, 755]","[19, 58, 90, 91, 103, 104, 105, 106, 107, 108, 109, 110, 111, 112, 113, 114, 115, 116, 117, 118, 119, 120, 121, 122, 123, 124, 125, 126, 127, 128, 129, 130, 131, 132, 133, 134, 135, 136, 137, 138, 139, 140, 141, 142, 143, 144, 145, 146, 147, 148, 149, 150, 151, 152, 153, 154, 155, 156, 157, 158, 159, 160, 161, 162, 163, 164, 165, 166, 167, 168, 169, 170, 171, 172, 173, 174, 175, 176, 177, 178, 179, 180, 181, 182, 183, 184, 185, 186, 187, 188, 189, 190, 191, 192, 193, 194, 195, 196, 197, 198, 199, 200, 201, 202, 203, 204, 205, 206, 207, 208, 209, 210, 211, 212, 213, 214, 215, 216, 217, 218, 219, 220, 221, 222, 223, 224, 225, 226, 227, 228, 229, 230, 231, 232, 233, 234, 235, 236, 237, 238, 239, 240, 241, 242, 243, 244, 245, 246, 247, 248, 249, 250, 251, 252, 253, 254, 255, 256, 257, 258, 259, 260, 261, 262, 263, 264, 265, 266, 267, 268, 269, 270, 271, 272, 273, 274, 275, 276, 277, 278, 279, 280, 281, 282, 283, 284, 285, 286, 287, 288, 289, 290, 291, 292, 293, 294, 295, 296, 297, 298, 299, 300, 301, 302, 303, 304, 305, 306, 307, 308, 309, 310, 311, 312, 313, 314, 315, 316, 317, 318, 319, 320, 321, 322, 323, 324, 325, 326, 327, 328, 329, 330, 331, 332, 333, 334, 335, 336, 337, 341, 351, 449, 454, 503, 561, 562, 574, 575, 576, 577, 578, 579, 580, 581, 582, 583, 584, 585, 586, 587, 588, 589, 590, 591, 592, 593, 594, 595, 596, 597, 598, 599, 600, 601, 602, 603, 604, 605, 606, 607, 608, 609, 610, 611, 612, 613, 614, 615, 616, 617, 618, 619, 620, 621, 622, 623, 624, 625, 626, 627, 628, 629, 630, 631, 632, 633, 634, 635, 636, 637, 638, 639, 640, 641, 642, 643, 644, 645, 646, 647, 648, 649, 650, 651, 652, 653, 654, 655, 656, 657, 658, 659, 660, 661, 662, 663, 664, 665, 666, 667, 668, 669, 670, 671, 672, 673, 674, 675, 676, 677, 678, 679, 680, 681, 682, 683, 684, 685, 686, 687, 688, 689, 690, 691, 692, 693, 694, 695, 696, 697, 698, 699, 700, 701, 702, 703, 704, 705, 706, 707, 708, 709, 710, 711, 712, 713, 714, 715, 716, 717, 718, 719, 720, 721, 722, 723, 724, 725, 726, 727, 728, 729, 730, 731, 732, 733, 734, 735, 736, 737, 738, 739, 740, 741, 742, 743, 744, 745, 746, 747, 748, 749, 750, 751, 752, 753, 754, 755, 756, 757, 758, 759, 760, 761, 762, 763, 764, 765, 766, 767, 768, 769, 770, 771, 772, 773, 774, 775, 776, 777, 778, 779, 780, 781, 782, 783, 784, 785, 786, 787, 788, 789, 790, 791, 792, 793, 797, 806, 857, 897, 901]",True,"[233, 697]","[103, 104, 105, 106, 107, 108, 109, 110, 111, 112, 113, 114, 115, 116, 117, 118, 119, 120, 121, 122, 123, 124, 125, 126, 127, 128, 129, 130, 131, 132, 133, 134, 135, 136, 137, 138, 139, 140, 141, 142, 143, 144, 145, 146, 147, 148, 149, 150, 151, 152, 153, 154, 155, 156, 157, 158, 159, 160, 161, 162, 163, 164, 165, 166, 167, 168, 169, 170, 171, 172, 173, 174, 175, 176, 177, 178, 179, 180, 181, 182, 183, 184, 185, 186, 187, 188, 189, 190, 191, 192, 193, 194, 195, 196, 197, 198, 199, 200, 201, 202, 203, 204, 205, 206, 207, 208, 209, 210, 211, 212, 213, 214, 215, 216, 217, 218, 219, 220, 221, 222, 223, 224, 225, 226, 227, 228, 229, 230, 231, 232, 233, 234, 235, 236, 237, 238, 239, 240, 241, 242, 243, 244, 245, 246, 247, 248, 249, 250, 251, 252, 253, 254, 255, 256, 257, 258, 259, 260, 261, 262, 263, 264, 265, 266, 267, 268, 269, 270, 271, 272, 273, 274, 275, 276, 277, 278, 279, 280, 281, 282, 283, 284, 285, 286, 287, 288, 289, 290, 291, 292, 293, 294, 295, 296, 297, 298, 299, 300, 301, 302, 303, 304, 305, 306, 307, 308, 309, 310, 311, 312, 313, 314, 315, 316, 317, 318, 319, 320, 321, 322, 323, 324, 325, 326, 327, 328, 329, 330, 331, 332, 333, 334, 335, 336, 337, 574, 575, 576, 577, 578, 579, 580, 581, 582, 583, 584, 585, 586, 587, 588, 589, 590, 591, 592, 593, 594, 595, 596, 597, 598, 599, 600, 601, 602, 603, 604, 605, 606, 607, 608, 609, 610, 611, 612, 613, 614, 615, 616, 617, 618, 619, 620, 621, 622, 623, 624, 625, 626, 627, 628, 629, 630, 631, 632, 633, 634, 635, 636, 637, 638, 639, 640, 641, 642, 643, 644, 645, 646, 647, 648, 649, 650, 651, 652, 653, 654, 655, 656, 657, 658, 659, 660, 661, 662, 663, 664, 665, 666, 667, 668, 669, 670, 671, 672, 673, 674, 675, 676, 677, 678, 679, 680, 681, 682, 683, 684, 685, 686, 687, 688, 689, 690, 691, 692, 693, 694, 695, 696, 697, 698, 699, 700, 701, 702, 703, 704, 705, 706, 707, 708, 709, 710, 711, 712, 713, 714, 715, 716, 717, 718, 719, 720, 721, 722, 723, 724, 725, 726, 727, 728, 729, 730, 731, 732, 733, 734, 735, 736, 737, 738, 739, 740, 741, 742, 743, 744, 745, 746, 747, 748, 749, 750, 751, 752, 753, 754, 755, 756, 757, 758, 759, 760, 761, 762, 763, 764, 765, 766, 767, 768, 769, 770, 771, 772, 773, 774, 775, 776, 777, 778, 779, 780, 781, 782, 783, 784, 785, 786, 787, 788, 789, 790, 791, 792, 793]","[58, 181, 233, 236, 304, 652, 697, 700, 762]","[19, 180, 181, 233, 255, 331, 341, 351, 449, 454, 503, 651, 652, 697, 708, 788, 797, 806, 857, 897, 901]","[143, 145, 181, 233, 234, 236, 295, 330, 614, 616, 652, 697, 698, 700, 754, 787]","[90, 91, 294, 295, 296, 561, 562, 753, 754, 755]",[],5/6 successful match,True,[739],True,256,False,,,,,
"Long Beach , 90813 Speedy Fuel ( Valero )","562-491-1228 I-710 Exit 1 ( W , N @light , E on Cowles )",) HRS 24,Long Beach,90813,Speedy Fuel ( Valero ),562-491-1228,2007,Long Beach,CA,Valero,"( W , N @light , E on Cowles )",I-710 Exit 1 ,Exit,1,False,,False,I-710,,,,,"[233, 697]","[233, 697]","[58, 181, 233, 236, 304, 652, 697, 700, 762]","[19, 180, 181, 233, 255, 331, 341, 351, 449, 454, 503, 651, 652, 697, 708, 788, 797, 806, 857, 897, 901]","[103, 104, 105, 106, 107, 108, 109, 110, 111, 112, 113, 114, 115, 116, 117, 118, 119, 120, 121, 122, 123, 124, 125, 126, 127, 128, 129, 130, 131, 132, 133, 134, 135, 136, 137, 138, 139, 140, 141, 142, 143, 144, 145, 146, 147, 148, 149, 150, 151, 152, 153, 154, 155, 156, 157, 158, 159, 160, 161, 162, 163, 164, 165, 166, 167, 168, 169, 170, 171, 172, 173, 174, 175, 176, 177, 178, 179, 180, 181, 182, 183, 184, 185, 186, 187, 188, 189, 190, 191, 192, 193, 194, 195, 196, 197, 198, 199, 200, 201, 202, 203, 204, 205, 206, 207, 208, 209, 210, 211, 212, 213, 214, 215, 216, 217, 218, 219, 220, 221, 222, 223, 224, 225, 226, 227, 228, 229, 230, 231, 232, 233, 234, 235, 236, 237, 238, 239, 240, 241, 242, 243, 244, 245, 246, 247, 248, 249, 250, 251, 252, 253, 254, 255, 256, 257, 258, 259, 260, 261, 262, 263, 264, 265, 266, 267, 268, 269, 270, 271, 272, 273, 274, 275, 276, 277, 278, 279, 280, 281, 282, 283, 284, 285, 286, 287, 288, 289, 290, 291, 292, 293, 294, 295, 296, 297, 298, 299, 300, 301, 302, 303, 304, 305, 306, 307, 308, 309, 310, 311, 312, 313, 314, 315, 316, 317, 318, 319, 320, 321, 322, 323, 324, 325, 326, 327, 328, 329, 330, 331, 332, 333, 334, 335, 336, 337, 574, 575, 576, 577, 578, 579, 580, 581, 582, 583, 584, 585, 586, 587, 588, 589, 590, 591, 592, 593, 594, 595, 596, 597, 598, 599, 600, 601, 602, 603, 604, 605, 606, 607, 608, 609, 610, 611, 612, 613, 614, 615, 616, 617, 618, 619, 620, 621, 622, 623, 624, 625, 626, 627, 628, 629, 630, 631, 632, 633, 634, 635, 636, 637, 638, 639, 640, 641, 642, 643, 644, 645, 646, 647, 648, 649, 650, 651, 652, 653, 654, 655, 656, 657, 658, 659, 660, 661, 662, 663, 664, 665, 666, 667, 668, 669, 670, 671, 672, 673, 674, 675, 676, 677, 678, 679, 680, 681, 682, 683, 684, 685, 686, 687, 688, 689, 690, 691, 692, 693, 694, 695, 696, 697, 698, 699, 700, 701, 702, 703, 704, 705, 706, 707, 708, 709, 710, 711, 712, 713, 714, 715, 716, 717, 718, 719, 720, 721, 722, 723, 724, 725, 726, 727, 728, 729, 730, 731, 732, 733, 734, 735, 736, 737, 738, 739, 740, 741, 742, 743, 744, 745, 746, 747, 748, 749, 750, 751, 752, 753, 754, 755, 756, 757, 758, 759, 760, 761, 762, 763, 764, 765, 766, 767, 768, 769, 770, 771, 772, 773, 774, 775, 776, 777, 778, 779, 780, 781, 782, 783, 784, 785, 786, 787, 788, 789, 790, 791, 792, 793]","[143, 145, 181, 233, 234, 236, 295, 330, 614, 616, 652, 697, 698, 700, 754, 787]","[2, 9, 10, 82, 111, 112, 113, 199, 279, 284, 285, 300, 488, 494, 495, 553, 581, 582, 583, 670, 738, 743, 744, 759, 818]","[2, 9, 10, 82, 90, 91, 111, 112, 113, 199, 279, 284, 285, 294, 295, 296, 300, 488, 494, 495, 553, 561, 562, 581, 582, 583, 670, 738, 743, 744, 753, 754, 755, 759, 818]","[2, 9, 10, 19, 58, 82, 90, 91, 103, 104, 105, 106, 107, 108, 109, 110, 111, 112, 113, 114, 115, 116, 117, 118, 119, 120, 121, 122, 123, 124, 125, 126, 127, 128, 129, 130, 131, 132, 133, 134, 135, 136, 137, 138, 139, 140, 141, 142, 143, 144, 145, 146, 147, 148, 149, 150, 151, 152, 153, 154, 155, 156, 157, 158, 159, 160, 161, 162, 163, 164, 165, 166, 167, 168, 169, 170, 171, 172, 173, 174, 175, 176, 177, 178, 179, 180, 181, 182, 183, 184, 185, 186, 187, 188, 189, 190, 191, 192, 193, 194, 195, 196, 197, 198, 199, 200, 201, 202, 203, 204, 205, 206, 207, 208, 209, 210, 211, 212, 213, 214, 215, 216, 217, 218, 219, 220, 221, 222, 223, 224, 225, 226, 227, 228, 229, 230, 231, 232, 233, 234, 235, 236, 237, 238, 239, 240, 241, 242, 243, 244, 245, 246, 247, 248, 249, 250, 251, 252, 253, 254, 255, 256, 257, 258, 259, 260, 261, 262, 263, 264, 265, 266, 267, 268, 269, 270, 271, 272, 273, 274, 275, 276, 277, 278, 279, 280, 281, 282, 283, 284, 285, 286, 287, 288, 289, 290, 291, 292, 293, 294, 295, 296, 297, 298, 299, 300, 301, 302, 303, 304, 305, 306, 307, 308, 309, 310, 311, 312, 313, 314, 315, 316, 317, 318, 319, 320, 321, 322, 323, 324, 325, 326, 327, 328, 329, 330, 331, 332, 333, 334, 335, 336, 337, 341, 351, 449, 454, 488, 494, 495, 503, 553, 561, 562, 574, 575, 576, 577, 578, 579, 580, 581, 582, 583, 584, 585, 586, 587, 588, 589, 590, 591, 592, 593, 594, 595, 596, 597, 598, 599, 600, 601, 602, 603, 604, 605, 606, 607, 608, 609, 610, 611, 612, 613, 614, 615, 616, 617, 618, 619, 620, 621, 622, 623, 624, 625, 626, 627, 628, 629, 630, 631, 632, 633, 634, 635, 636, 637, 638, 639, 640, 641, 642, 643, 644, 645, 646, 647, 648, 649, 650, 651, 652, 653, 654, 655, 656, 657, 658, 659, 660, 661, 662, 663, 664, 665, 666, 667, 668, 669, 670, 671, 672, 673, 674, 675, 676, 677, 678, 679, 680, 681, 682, 683, 684, 685, 686, 687, 688, 689, 690, 691, 692, 693, 694, 695, 696, 697, 698, 699, 700, 701, 702, 703, 704, 705, 706, 707, 708, 709, 710, 711, 712, 713, 714, 715, 716, 717, 718, 719, 720, 721, 722, 723, 724, 725, 726, 727, 728, 729, 730, 731, 732, 733, 734, 735, 736, 737, 738, 739, 740, 741, 742, 743, 744, 745, 746, 747, 748, 749, 750, 751, 752, 753, 754, 755, 756, 757, 758, 759, 760, 761, 762, 763, 764, 765, 766, 767, 768, 769, 770, 771, 772, 773, 774, 775, 776, 777, 778, 779, 780, 781, 782, 783, 784, 785, 786, 787, 788, 789, 790, 791, 792, 793, 797, 806, 818, 857, 897, 901]",True,"[233, 697]","[103, 104, 105, 106, 107, 108, 109, 110, 111, 112, 113, 114, 115, 116, 117, 118, 119, 120, 121, 122, 123, 124, 125, 126, 127, 128, 129, 130, 131, 132, 133, 134, 135, 136, 137, 138, 139, 140, 141, 142, 143, 144, 145, 146, 147, 148, 149, 150, 151, 152, 153, 154, 155, 156, 157, 158, 159, 160, 161, 162, 163, 164, 165, 166, 167, 168, 169, 170, 171, 172, 173, 174, 175, 176, 177, 178, 179, 180, 181, 182, 183, 184, 185, 186, 187, 188, 189, 190, 191, 192, 193, 194, 195, 196, 197, 198, 199, 200, 201, 202, 203, 204, 205, 206, 207, 208, 209, 210, 211, 212, 213, 214, 215, 216, 217, 218, 219, 220, 221, 222, 223, 224, 225, 226, 227, 228, 229, 230, 231, 232, 233, 234, 235, 236, 237, 238, 239, 240, 241, 242, 243, 244, 245, 246, 247, 248, 249, 250, 251, 252, 253, 254, 255, 256, 257, 258, 259, 260, 261, 262, 263, 264, 265, 266, 267, 268, 269, 270, 271, 272, 273, 274, 275, 276, 277, 278, 279, 280, 281, 282, 283, 284, 285, 286, 287, 288, 289, 290, 291, 292, 293, 294, 295, 296, 297, 298, 299, 300, 301, 302, 303, 304, 305, 306, 307, 308, 309, 310, 311, 312, 313, 314, 315, 316, 317, 318, 319, 320, 321, 322, 323, 324, 325, 326, 327, 328, 329, 330, 331, 332, 333, 334, 335, 336, 337, 574, 575, 576, 577, 578, 579, 580, 581, 582, 583, 584, 585, 586, 587, 588, 589, 590, 591, 592, 593, 594, 595, 596, 597, 598, 599, 600, 601, 602, 603, 604, 605, 606, 607, 608, 609, 610, 611, 612, 613, 614, 615, 616, 617, 618, 619, 620, 621, 622, 623, 624, 625, 626, 627, 628, 629, 630, 631, 632, 633, 634, 635, 636, 637, 638, 639, 640, 641, 642, 643, 644, 645, 646, 647, 648, 649, 650, 651, 652, 653, 654, 655, 656, 657, 658, 659, 660, 661, 662, 663, 664, 665, 666, 667, 668, 669, 670, 671, 672, 673, 674, 675, 676, 677, 678, 679, 680, 681, 682, 683, 684, 685, 686, 687, 688, 689, 690, 691, 692, 693, 694, 695, 696, 697, 698, 699, 700, 701, 702, 703, 704, 705, 706, 707, 708, 709, 710, 711, 712, 713, 714, 715, 716, 717, 718, 719, 720, 721, 722, 723, 724, 725, 726, 727, 728, 729, 730, 731, 732, 733, 734, 735, 736, 737, 738, 739, 740, 741, 742, 743, 744, 745, 746, 747, 748, 749, 750, 751, 752, 753, 754, 755, 756, 757, 758, 759, 760, 761, 762, 763, 764, 765, 766, 767, 768, 769, 770, 771, 772, 773, 774, 775, 776, 777, 778, 779, 780, 781, 782, 783, 784, 785, 786, 787, 788, 789, 790, 791, 792, 793]","[58, 181, 233, 236, 304, 652, 697, 700, 762]","[19, 180, 181, 233, 255, 331, 341, 351, 449, 454, 503, 651, 652, 697, 708, 788, 797, 806, 857, 897, 901]","[143, 145, 181, 233, 234, 236, 295, 330, 614, 616, 652, 697, 698, 700, 754, 787]","[2, 9, 10, 82, 90, 91, 111, 112, 113, 199, 279, 284, 285, 294, 295, 296, 300, 488, 494, 495, 553, 561, 562, 581, 582, 583, 670, 738, 743, 744, 753, 754, 755, 759, 818]","[2, 9, 10, 82, 111, 112, 113, 199, 279, 284, 285, 300, 488, 494, 495, 553, 581, 582, 583, 670, 738, 743, 744, 759, 818]",5/6 successful match,True,[739],True,256,False,,0.6000000000000001,True,Speedy Fuel,
"Long Beach , 90813 Speedy Fuel ( Valero ) - Pier D )","5 562-491-1228 I-710 Exit 1 ( W , N @light , E",) 24 HRS <U+2610> <U+2610>,Long Beach,90813,Speedy Fuel ( Valero ) - Pier D ),562-491-1228,2008,Long Beach,CA,Valero,"( W , N @light , E",I-710 Exit 1 ,Exit,1,False,,False,I-710,,,,,"[233, 697]","[233, 697]","[58, 181, 233, 236, 304, 652, 697, 700, 762]","[19, 180, 181, 233, 255, 331, 341, 351, 449, 454, 503, 651, 652, 697, 708, 788, 797, 806, 857, 897, 901]","[103, 104, 105, 106, 107, 108, 109, 110, 111, 112, 113, 114, 115, 116, 117, 118, 119, 120, 121, 122, 123, 124, 125, 126, 127, 128, 129, 130, 131, 132, 133, 134, 135, 136, 137, 138, 139, 140, 141, 142, 143, 144, 145, 146, 147, 148, 149, 150, 151, 152, 153, 154, 155, 156, 157, 158, 159, 160, 161, 162, 163, 164, 165, 166, 167, 168, 169, 170, 171, 172, 173, 174, 175, 176, 177, 178, 179, 180, 181, 182, 183, 184, 185, 186, 187, 188, 189, 190, 191, 192, 193, 194, 195, 196, 197, 198, 199, 200, 201, 202, 203, 204, 205, 206, 207, 208, 209, 210, 211, 212, 213, 214, 215, 216, 217, 218, 219, 220, 221, 222, 223, 224, 225, 226, 227, 228, 229, 230, 231, 232, 233, 234, 235, 236, 237, 238, 239, 240, 241, 242, 243, 244, 245, 246, 247, 248, 249, 250, 251, 252, 253, 254, 255, 256, 257, 258, 259, 260, 261, 262, 263, 264, 265, 266, 267, 268, 269, 270, 271, 272, 273, 274, 275, 276, 277, 278, 279, 280, 281, 282, 283, 284, 285, 286, 287, 288, 289, 290, 291, 292, 293, 294, 295, 296, 297, 298, 299, 300, 301, 302, 303, 304, 305, 306, 307, 308, 309, 310, 311, 312, 313, 314, 315, 316, 317, 318, 319, 320, 321, 322, 323, 324, 325, 326, 327, 328, 329, 330, 331, 332, 333, 334, 335, 336, 337, 574, 575, 576, 577, 578, 579, 580, 581, 582, 583, 584, 585, 586, 587, 588, 589, 590, 591, 592, 593, 594, 595, 596, 597, 598, 599, 600, 601, 602, 603, 604, 605, 606, 607, 608, 609, 610, 611, 612, 613, 614, 615, 616, 617, 618, 619, 620, 621, 622, 623, 624, 625, 626, 627, 628, 629, 630, 631, 632, 633, 634, 635, 636, 637, 638, 639, 640, 641, 642, 643, 644, 645, 646, 647, 648, 649, 650, 651, 652, 653, 654, 655, 656, 657, 658, 659, 660, 661, 662, 663, 664, 665, 666, 667, 668, 669, 670, 671, 672, 673, 674, 675, 676, 677, 678, 679, 680, 681, 682, 683, 684, 685, 686, 687, 688, 689, 690, 691, 692, 693, 694, 695, 696, 697, 698, 699, 700, 701, 702, 703, 704, 705, 706, 707, 708, 709, 710, 711, 712, 713, 714, 715, 716, 717, 718, 719, 720, 721, 722, 723, 724, 725, 726, 727, 728, 729, 730, 731, 732, 733, 734, 735, 736, 737, 738, 739, 740, 741, 742, 743, 744, 745, 746, 747, 748, 749, 750, 751, 752, 753, 754, 755, 756, 757, 758, 759, 760, 761, 762, 763, 764, 765, 766, 767, 768, 769, 770, 771, 772, 773, 774, 775, 776, 777, 778, 779, 780, 781, 782, 783, 784, 785, 786, 787, 788, 789, 790, 791, 792, 793]","[143, 145, 181, 233, 234, 236, 295, 330, 614, 616, 652, 697, 698, 700, 754, 787]","[2, 9, 10, 82, 111, 112, 113, 199, 279, 284, 285, 300, 488, 494, 495, 553, 581, 582, 583, 670, 738, 743, 744, 759, 818]","[2, 9, 10, 82, 90, 91, 111, 112, 113, 199, 279, 284, 285, 294, 295, 296, 300, 488, 494, 495, 553, 561, 562, 581, 582, 583, 670, 738, 743, 744, 753, 754, 755, 759, 818]","[2, 9, 10, 19, 58, 82, 90, 91, 103, 104, 105, 106, 107, 108, 109, 110, 111, 112, 113, 114, 115, 116, 117, 118, 119, 120, 121, 122, 123, 124, 125, 126, 127, 128, 129, 130, 131, 132, 133, 134, 135, 136, 137, 138, 139, 140, 141, 142, 143, 144, 145, 146, 147, 148, 149, 150, 151, 152, 153, 154, 155, 156, 157, 158, 159, 160, 161, 162, 163, 164, 165, 166, 167, 168, 169, 170, 171, 172, 173, 174, 175, 176, 177, 178, 179, 180, 181, 182, 183, 184, 185, 186, 187, 188, 189, 190, 191, 192, 193, 194, 195, 196, 197, 198, 199, 200, 201, 202, 203, 204, 205, 206, 207, 208, 209, 210, 211, 212, 213, 214, 215, 216, 217, 218, 219, 220, 221, 222, 223, 224, 225, 226, 227, 228, 229, 230, 231, 232, 233, 234, 235, 236, 237, 238, 239, 240, 241, 242, 243, 244, 245, 246, 247, 248, 249, 250, 251, 252, 253, 254, 255, 256, 257, 258, 259, 260, 261, 262, 263, 264, 265, 266, 267, 268, 269, 270, 271, 272, 273, 274, 275, 276, 277, 278, 279, 280, 281, 282, 283, 284, 285, 286, 287, 288, 289, 290, 291, 292, 293, 294, 295, 296, 297, 298, 299, 300, 301, 302, 303, 304, 305, 306, 307, 308, 309, 310, 311, 312, 313, 314, 315, 316, 317, 318, 319, 320, 321, 322, 323, 324, 325, 326, 327, 328, 329, 330, 331, 332, 333, 334, 335, 336, 337, 341, 351, 449, 454, 488, 494, 495, 503, 553, 561, 562, 574, 575, 576, 577, 578, 579, 580, 581, 582, 583, 584, 585, 586, 587, 588, 589, 590, 591, 592, 593, 594, 595, 596, 597, 598, 599, 600, 601, 602, 603, 604, 605, 606, 607, 608, 609, 610, 611, 612, 613, 614, 615, 616, 617, 618, 619, 620, 621, 622, 623, 624, 625, 626, 627, 628, 629, 630, 631, 632, 633, 634, 635, 636, 637, 638, 639, 640, 641, 642, 643, 644, 645, 646, 647, 648, 649, 650, 651, 652, 653, 654, 655, 656, 657, 658, 659, 660, 661, 662, 663, 664, 665, 666, 667, 668, 669, 670, 671, 672, 673, 674, 675, 676, 677, 678, 679, 680, 681, 682, 683, 684, 685, 686, 687, 688, 689, 690, 691, 692, 693, 694, 695, 696, 697, 698, 699, 700, 701, 702, 703, 704, 705, 706, 707, 708, 709, 710, 711, 712, 713, 714, 715, 716, 717, 718, 719, 720, 721, 722, 723, 724, 725, 726, 727, 728, 729, 730, 731, 732, 733, 734, 735, 736, 737, 738, 739, 740, 741, 742, 743, 744, 745, 746, 747, 748, 749, 750, 751, 752, 753, 754, 755, 756, 757, 758, 759, 760, 761, 762, 763, 764, 765, 766, 767, 768, 769, 770, 771, 772, 773, 774, 775, 776, 777, 778, 779, 780, 781, 782, 783, 784, 785, 786, 787, 788, 789, 790, 791, 792, 793, 797, 806, 818, 857, 897, 901]",True,"[233, 697]","[103, 104, 105, 106, 107, 108, 109, 110, 111, 112, 113, 114, 115, 116, 117, 118, 119, 120, 121, 122, 123, 124, 125, 126, 127, 128, 129, 130, 131, 132, 133, 134, 135, 136, 137, 138, 139, 140, 141, 142, 143, 144, 145, 146, 147, 148, 149, 150, 151, 152, 153, 154, 155, 156, 157, 158, 159, 160, 161, 162, 163, 164, 165, 166, 167, 168, 169, 170, 171, 172, 173, 174, 175, 176, 177, 178, 179, 180, 181, 182, 183, 184, 185, 186, 187, 188, 189, 190, 191, 192, 193, 194, 195, 196, 197, 198, 199, 200, 201, 202, 203, 204, 205, 206, 207, 208, 209, 210, 211, 212, 213, 214, 215, 216, 217, 218, 219, 220, 221, 222, 223, 224, 225, 226, 227, 228, 229, 230, 231, 232, 233, 234, 235, 236, 237, 238, 239, 240, 241, 242, 243, 244, 245, 246, 247, 248, 249, 250, 251, 252, 253, 254, 255, 256, 257, 258, 259, 260, 261, 262, 263, 264, 265, 266, 267, 268, 269, 270, 271, 272, 273, 274, 275, 276, 277, 278, 279, 280, 281, 282, 283, 284, 285, 286, 287, 288, 289, 290, 291, 292, 293, 294, 295, 296, 297, 298, 299, 300, 301, 302, 303, 304, 305, 306, 307, 308, 309, 310, 311, 312, 313, 314, 315, 316, 317, 318, 319, 320, 321, 322, 323, 324, 325, 326, 327, 328, 329, 330, 331, 332, 333, 334, 335, 336, 337, 574, 575, 576, 577, 578, 579, 580, 581, 582, 583, 584, 585, 586, 587, 588, 589, 590, 591, 592, 593, 594, 595, 596, 597, 598, 599, 600, 601, 602, 603, 604, 605, 606, 607, 608, 609, 610, 611, 612, 613, 614, 615, 616, 617, 618, 619, 620, 621, 622, 623, 624, 625, 626, 627, 628, 629, 630, 631, 632, 633, 634, 635, 636, 637, 638, 639, 640, 641, 642, 643, 644, 645, 646, 647, 648, 649, 650, 651, 652, 653, 654, 655, 656, 657, 658, 659, 660, 661, 662, 663, 664, 665, 666, 667, 668, 669, 670, 671, 672, 673, 674, 675, 676, 677, 678, 679, 680, 681, 682, 683, 684, 685, 686, 687, 688, 689, 690, 691, 692, 693, 694, 695, 696, 697, 698, 699, 700, 701, 702, 703, 704, 705, 706, 707, 708, 709, 710, 711, 712, 713, 714, 715, 716, 717, 718, 719, 720, 721, 722, 723, 724, 725, 726, 727, 728, 729, 730, 731, 732, 733, 734, 735, 736, 737, 738, 739, 740, 741, 742, 743, 744, 745, 746, 747, 748, 749, 750, 751, 752, 753, 754, 755, 756, 757, 758, 759, 760, 761, 762, 763, 764, 765, 766, 767, 768, 769, 770, 771, 772, 773, 774, 775, 776, 777, 778, 779, 780, 781, 782, 783, 784, 785, 786, 787, 788, 789, 790, 791, 792, 793]","[58, 181, 233, 236, 304, 652, 697, 700, 762]","[19, 180, 181, 233, 255, 331, 341, 351, 449, 454, 503, 651, 652, 697, 708, 788, 797, 806, 857, 897, 901]","[143, 145, 181, 233, 234, 236, 295, 330, 614, 616, 652, 697, 698, 700, 754, 787]","[2, 9, 10, 82, 90, 91, 111, 112, 113, 199, 279, 284, 285, 294, 295, 296, 300, 488, 494, 495, 553, 561, 562, 581, 582, 583, 670, 738, 743, 744, 753, 754, 755, 759, 818]","[2, 9, 10, 82, 111, 112, 113, 199, 279, 284, 285, 300, 488, 494, 495, 553, 581, 582, 583, 670, 738, 743, 744, 759, 818]",5/6 successful match,True,[739],True,256,False,,1.0,True,Speedy Fuel ( Valero ),Valero
Long Beach ( 90813 ) Speedy Fuel,"562-491-1228 I-710 Exit 1 ( W , N @light , E on Cowles )",) FORD 24 <U+2610><U+2610>,Long Beach,90813,Speedy Fuel,562-491-1228,2014,Long Beach,CA,,"( W , N @light , E on Cowles )",I-710 Exit 1 ,Exit,1,False,,False,I-710,,,,,"[233, 697]","[233, 697]","[58, 181, 233, 236, 304, 652, 697, 700, 762]","[19, 180, 181, 233, 255, 331, 341, 351, 449, 454, 503, 651, 652, 697, 708, 788, 797, 806, 857, 897, 901]","[103, 104, 105, 106, 107, 108, 109, 110, 111, 112, 113, 114, 115, 116, 117, 118, 119, 120, 121, 122, 123, 124, 125, 126, 127, 128, 129, 130, 131, 132, 133, 134, 135, 136, 137, 138, 139, 140, 141, 142, 143, 144, 145, 146, 147, 148, 149, 150, 151, 152, 153, 154, 155, 156, 157, 158, 159, 160, 161, 162, 163, 164, 165, 166, 167, 168, 169, 170, 171, 172, 173, 174, 175, 176, 177, 178, 179, 180, 181, 182, 183, 184, 185, 186, 187, 188, 189, 190, 191, 192, 193, 194, 195, 196, 197, 198, 199, 200, 201, 202, 203, 204, 205, 206, 207, 208, 209, 210, 211, 212, 213, 214, 215, 216, 217, 218, 219, 220, 221, 222, 223, 224, 225, 226, 227, 228, 229, 230, 231, 232, 233, 234, 235, 236, 237, 238, 239, 240, 241, 242, 243, 244, 245, 246, 247, 248, 249, 250, 251, 252, 253, 254, 255, 256, 257, 258, 259, 260, 261, 262, 263, 264, 265, 266, 267, 268, 269, 270, 271, 272, 273, 274, 275, 276, 277, 278, 279, 280, 281, 282, 283, 284, 285, 286, 287, 288, 289, 290, 291, 292, 293, 294, 295, 296, 297, 298, 299, 300, 301, 302, 303, 304, 305, 306, 307, 308, 309, 310, 311, 312, 313, 314, 315, 316, 317, 318, 319, 320, 321, 322, 323, 324, 325, 326, 327, 328, 329, 330, 331, 332, 333, 334, 335, 336, 337, 574, 575, 576, 577, 578, 579, 580, 581, 582, 583, 584, 585, 586, 587, 588, 589, 590, 591, 592, 593, 594, 595, 596, 597, 598, 599, 600, 601, 602, 603, 604, 605, 606, 607, 608, 609, 610, 611, 612, 613, 614, 615, 616, 617, 618, 619, 620, 621, 622, 623, 624, 625, 626, 627, 628, 629, 630, 631, 632, 633, 634, 635, 636, 637, 638, 639, 640, 641, 642, 643, 644, 645, 646, 647, 648, 649, 650, 651, 652, 653, 654, 655, 656, 657, 658, 659, 660, 661, 662, 663, 664, 665, 666, 667, 668, 669, 670, 671, 672, 673, 674, 675, 676, 677, 678, 679, 680, 681, 682, 683, 684, 685, 686, 687, 688, 689, 690, 691, 692, 693, 694, 695, 696, 697, 698, 699, 700, 701, 702, 703, 704, 705, 706, 707, 708, 709, 710, 711, 712, 713, 714, 715, 716, 717, 718, 719, 720, 721, 722, 723, 724, 725, 726, 727, 728, 729, 730, 731, 732, 733, 734, 735, 736, 737, 738, 739, 740, 741, 742, 743, 744, 745, 746, 747, 748, 749, 750, 751, 752, 753, 754, 755, 756, 757, 758, 759, 760, 761, 762, 763, 764, 765, 766, 767, 768, 769, 770, 771, 772, 773, 774, 775, 776, 777, 778, 779, 780, 781, 782, 783, 784, 785, 786, 787, 788, 789, 790, 791, 792, 793]","[143, 145, 181, 233, 234, 236, 295, 330, 614, 616, 652, 697, 698, 700, 754, 787]",[],"[90, 91, 294, 295, 296, 561, 562, 753, 754, 755]","[19, 58, 90, 91, 103, 104, 105, 106, 107, 108, 109, 110, 111, 112, 113, 114, 115, 116, 117, 118, 119, 120, 121, 122, 123, 124, 125, 126, 127, 128, 129, 130, 131, 132, 133, 134, 135, 136, 137, 138, 139, 140, 141, 142, 143, 144, 145, 146, 147, 148, 149, 150, 151, 152, 153, 154, 155, 156, 157, 158, 159, 160, 161, 162, 163, 164, 165, 166, 167, 168, 169, 170, 171, 172, 173, 174, 175, 176, 177, 178, 179, 180, 181, 182, 183, 184, 185, 186, 187, 188, 189, 190, 191, 192, 193, 194, 195, 196, 197, 198, 199, 200, 201, 202, 203, 204, 205, 206, 207, 208, 209, 210, 211, 212, 213, 214, 215, 216, 217, 218, 219, 220, 221, 222, 223, 224, 225, 226, 227, 228, 229, 230, 231, 232, 233, 234, 235, 236, 237, 238, 239, 240, 241, 242, 243, 244, 245, 246, 247, 248, 249, 250, 251, 252, 253, 254, 255, 256, 257, 258, 259, 260, 261, 262, 263, 264, 265, 266, 267, 268, 269, 270, 271, 272, 273, 274, 275, 276, 277, 278, 279, 280, 281, 282, 283, 284, 285, 286, 287, 288, 289, 290, 291, 292, 293, 294, 295, 296, 297, 298, 299, 300, 301, 302, 303, 304, 305, 306, 307, 308, 309, 310, 311, 312, 313, 314, 315, 316, 317, 318, 319, 320, 321, 322, 323, 324, 325, 326, 327, 328, 329, 330, 331, 332, 333, 334, 335, 336, 337, 341, 351, 449, 454, 503, 561, 562, 574, 575, 576, 577, 578, 579, 580, 581, 582, 583, 584, 585, 586, 587, 588, 589, 590, 591, 592, 593, 594, 595, 596, 597, 598, 599, 600, 601, 602, 603, 604, 605, 606, 607, 608, 609, 610, 611, 612, 613, 614, 615, 616, 617, 618, 619, 620, 621, 622, 623, 624, 625, 626, 627, 628, 629, 630, 631, 632, 633, 634, 635, 636, 637, 638, 639, 640, 641, 642, 643, 644, 645, 646, 647, 648, 649, 650, 651, 652, 653, 654, 655, 656, 657, 658, 659, 660, 661, 662, 663, 664, 665, 666, 667, 668, 669, 670, 671, 672, 673, 674, 675, 676, 677, 678, 679, 680, 681, 682, 683, 684, 685, 686, 687, 688, 689, 690, 691, 692, 693, 694, 695, 696, 697, 698, 699, 700, 701, 702, 703, 704, 705, 706, 707, 708, 709, 710, 711, 712, 713, 714, 715, 716, 717, 718, 719, 720, 721, 722, 723, 724, 725, 726, 727, 728, 729, 730, 731, 732, 733, 734, 735, 736, 737, 738, 739, 740, 741, 742, 743, 744, 745, 746, 747, 748, 749, 750, 751, 752, 753, 754, 755, 756, 757, 758, 759, 760, 761, 762, 763, 764, 765, 766, 767, 768, 769, 770, 771, 772, 773, 774, 775, 776, 777, 778, 779, 780, 781, 782, 783, 784, 785, 786, 787, 788, 789, 790, 791, 792, 793, 797, 806, 857, 897, 901]",True,"[233, 697]","[103, 104, 105, 106, 107, 108, 109, 110, 111, 112, 113, 114, 115, 116, 117, 118, 119, 120, 121, 122, 123, 124, 125, 126, 127, 128, 129, 130, 131, 132, 133, 134, 135, 136, 137, 138, 139, 140, 141, 142, 143, 144, 145, 146, 147, 148, 149, 150, 151, 152, 153, 154, 155, 156, 157, 158, 159, 160, 161, 162, 163, 164, 165, 166, 167, 168, 169, 170, 171, 172, 173, 174, 175, 176, 177, 178, 179, 180, 181, 182, 183, 184, 185, 186, 187, 188, 189, 190, 191, 192, 193, 194, 195, 196, 197, 198, 199, 200, 201, 202, 203, 204, 205, 206, 207, 208, 209, 210, 211, 212, 213, 214, 215, 216, 217, 218, 219, 220, 221, 222, 223, 224, 225, 226, 227, 228, 229, 230, 231, 232, 233, 234, 235, 236, 237, 238, 239, 240, 241, 242, 243, 244, 245, 246, 247, 248, 249, 250, 251, 252, 253, 254, 255, 256, 257, 258, 259, 260, 261, 262, 263, 264, 265, 266, 267, 268, 269, 270, 271, 272, 273, 274, 275, 276, 277, 278, 279, 280, 281, 282, 283, 284, 285, 286, 287, 288, 289, 290, 291, 292, 293, 294, 295, 296, 297, 298, 299, 300, 301, 302, 303, 304, 305, 306, 307, 308, 309, 310, 311, 312, 313, 314, 315, 316, 317, 318, 319, 320, 321, 322, 323, 324, 325, 326, 327, 328, 329, 330, 331, 332, 333, 334, 335, 336, 337, 574, 575, 576, 577, 578, 579, 580, 581, 582, 583, 584, 585, 586, 587, 588, 589, 590, 591, 592, 593, 594, 595, 596, 597, 598, 599, 600, 601, 602, 603, 604, 605, 606, 607, 608, 609, 610, 611, 612, 613, 614, 615, 616, 617, 618, 619, 620, 621, 622, 623, 624, 625, 626, 627, 628, 629, 630, 631, 632, 633, 634, 635, 636, 637, 638, 639, 640, 641, 642, 643, 644, 645, 646, 647, 648, 649, 650, 651, 652, 653, 654, 655, 656, 657, 658, 659, 660, 661, 662, 663, 664, 665, 666, 667, 668, 669, 670, 671, 672, 673, 674, 675, 676, 677, 678, 679, 680, 681, 682, 683, 684, 685, 686, 687, 688, 689, 690, 691, 692, 693, 694, 695, 696, 697, 698, 699, 700, 701, 702, 703, 704, 705, 706, 707, 708, 709, 710, 711, 712, 713, 714, 715, 716, 717, 718, 719, 720, 721, 722, 723, 724, 725, 726, 727, 728, 729, 730, 731, 732, 733, 734, 735, 736, 737, 738, 739, 740, 741, 742, 743, 744, 745, 746, 747, 748, 749, 750, 751, 752, 753, 754, 755, 756, 757, 758, 759, 760, 761, 762, 763, 764, 765, 766, 767, 768, 769, 770, 771, 772, 773, 774, 775, 776, 777, 778, 779, 780, 781, 782, 783, 784, 785, 786, 787, 788, 789, 790, 791, 792, 793]","[58, 181, 233, 236, 304, 652, 697, 700, 762]","[19, 180, 181, 233, 255, 331, 341, 351, 449, 454, 503, 651, 652, 697, 708, 788, 797, 806, 857, 897, 901]","[143, 145, 181, 233, 234, 236, 295, 330, 614, 616, 652, 697, 698, 700, 754, 787]","[90, 91, 294, 295, 296, 561, 562, 753, 754, 755]",[],5/6 successful match,True,[739],True,256,False,,0.48333333333333334,True,Speedy Fuel ( Valero ) - Pier D ),Valero
D Long Beach ( 90813 ) Speedy Fuel,"5 562-491-1228 I-710 Exit 1 ( W , N @light , E on Cowles )",24 24 <U+2610>,Long Beach,90813,Speedy Fuel,562-491-1228,2015,Long Beach,CA,,"( W , N @light , E on Cowles )",I-710 Exit 1 ,Exit,1,False,,False,I-710,,,,,"[233, 697]","[233, 697]","[58, 181, 233, 236, 304, 652, 697, 700, 762]","[19, 180, 181, 233, 255, 331, 341, 351, 449, 454, 503, 651, 652, 697, 708, 788, 797, 806, 857, 897, 901]","[103, 104, 105, 106, 107, 108, 109, 110, 111, 112, 113, 114, 115, 116, 117, 118, 119, 120, 121, 122, 123, 124, 125, 126, 127, 128, 129, 130, 131, 132, 133, 134, 135, 136, 137, 138, 139, 140, 141, 142, 143, 144, 145, 146, 147, 148, 149, 150, 151, 152, 153, 154, 155, 156, 157, 158, 159, 160, 161, 162, 163, 164, 165, 166, 167, 168, 169, 170, 171, 172, 173, 174, 175, 176, 177, 178, 179, 180, 181, 182, 183, 184, 185, 186, 187, 188, 189, 190, 191, 192, 193, 194, 195, 196, 197, 198, 199, 200, 201, 202, 203, 204, 205, 206, 207, 208, 209, 210, 211, 212, 213, 214, 215, 216, 217, 218, 219, 220, 221, 222, 223, 224, 225, 226, 227, 228, 229, 230, 231, 232, 233, 234, 235, 236, 237, 238, 239, 240, 241, 242, 243, 244, 245, 246, 247, 248, 249, 250, 251, 252, 253, 254, 255, 256, 257, 258, 259, 260, 261, 262, 263, 264, 265, 266, 267, 268, 269, 270, 271, 272, 273, 274, 275, 276, 277, 278, 279, 280, 281, 282, 283, 284, 285, 286, 287, 288, 289, 290, 291, 292, 293, 294, 295, 296, 297, 298, 299, 300, 301, 302, 303, 304, 305, 306, 307, 308, 309, 310, 311, 312, 313, 314, 315, 316, 317, 318, 319, 320, 321, 322, 323, 324, 325, 326, 327, 328, 329, 330, 331, 332, 333, 334, 335, 336, 337, 574, 575, 576, 577, 578, 579, 580, 581, 582, 583, 584, 585, 586, 587, 588, 589, 590, 591, 592, 593, 594, 595, 596, 597, 598, 599, 600, 601, 602, 603, 604, 605, 606, 607, 608, 609, 610, 611, 612, 613, 614, 615, 616, 617, 618, 619, 620, 621, 622, 623, 624, 625, 626, 627, 628, 629, 630, 631, 632, 633, 634, 635, 636, 637, 638, 639, 640, 641, 642, 643, 644, 645, 646, 647, 648, 649, 650, 651, 652, 653, 654, 655, 656, 657, 658, 659, 660, 661, 662, 663, 664, 665, 666, 667, 668, 669, 670, 671, 672, 673, 674, 675, 676, 677, 678, 679, 680, 681, 682, 683, 684, 685, 686, 687, 688, 689, 690, 691, 692, 693, 694, 695, 696, 697, 698, 699, 700, 701, 702, 703, 704, 705, 706, 707, 708, 709, 710, 711, 712, 713, 714, 715, 716, 717, 718, 719, 720, 721, 722, 723, 724, 725, 726, 727, 728, 729, 730, 731, 732, 733, 734, 735, 736, 737, 738, 739, 740, 741, 742, 743, 744, 745, 746, 747, 748, 749, 750, 751, 752, 753, 754, 755, 756, 757, 758, 759, 760, 761, 762, 763, 764, 765, 766, 767, 768, 769, 770, 771, 772, 773, 774, 775, 776, 777, 778, 779, 780, 781, 782, 783, 784, 785, 786, 787, 788, 789, 790, 791, 792, 793]","[143, 145, 181, 233, 234, 236, 295, 330, 614, 616, 652, 697, 698, 700, 754, 787]",[],"[90, 91, 294, 295, 296, 561, 562, 753, 754, 755]","[19, 58, 90, 91, 103, 104, 105, 106, 107, 108, 109, 110, 111, 112, 113, 114, 115, 116, 117, 118, 119, 120, 121, 122, 123, 124, 125, 126, 127, 128, 129, 130, 131, 132, 133, 134, 135, 136, 137, 138, 139, 140, 141, 142, 143, 144, 145, 146, 147, 148, 149, 150, 151, 152, 153, 154, 155, 156, 157, 158, 159, 160, 161, 162, 163, 164, 165, 166, 167, 168, 169, 170, 171, 172, 173, 174, 175, 176, 177, 178, 179, 180, 181, 182, 183, 184, 185, 186, 187, 188, 189, 190, 191, 192, 193, 194, 195, 196, 197, 198, 199, 200, 201, 202, 203, 204, 205, 206, 207, 208, 209, 210, 211, 212, 213, 214, 215, 216, 217, 218, 219, 220, 221, 222, 223, 224, 225, 226, 227, 228, 229, 230, 231, 232, 233, 234, 235, 236, 237, 238, 239, 240, 241, 242, 243, 244, 245, 246, 247, 248, 249, 250, 251, 252, 253, 254, 255, 256, 257, 258, 259, 260, 261, 262, 263, 264, 265, 266, 267, 268, 269, 270, 271, 272, 273, 274, 275, 276, 277, 278, 279, 280, 281, 282, 283, 284, 285, 286, 287, 288, 289, 290, 291, 292, 293, 294, 295, 296, 297, 298, 299, 300, 301, 302, 303, 304, 305, 306, 307, 308, 309, 310, 311, 312, 313, 314, 315, 316, 317, 318, 319, 320, 321, 322, 323, 324, 325, 326, 327, 328, 329, 330, 331, 332, 333, 334, 335, 336, 337, 341, 351, 449, 454, 503, 561, 562, 574, 575, 576, 577, 578, 579, 580, 581, 582, 583, 584, 585, 586, 587, 588, 589, 590, 591, 592, 593, 594, 595, 596, 597, 598, 599, 600, 601, 602, 603, 604, 605, 606, 607, 608, 609, 610, 611, 612, 613, 614, 615, 616, 617, 618, 619, 620, 621, 622, 623, 624, 625, 626, 627, 628, 629, 630, 631, 632, 633, 634, 635, 636, 637, 638, 639, 640, 641, 642, 643, 644, 645, 646, 647, 648, 649, 650, 651, 652, 653, 654, 655, 656, 657, 658, 659, 660, 661, 662, 663, 664, 665, 666, 667, 668, 669, 670, 671, 672, 673, 674, 675, 676, 677, 678, 679, 680, 681, 682, 683, 684, 685, 686, 687, 688, 689, 690, 691, 692, 693, 694, 695, 696, 697, 698, 699, 700, 701, 702, 703, 704, 705, 706, 707, 708, 709, 710, 711, 712, 713, 714, 715, 716, 717, 718, 719, 720, 721, 722, 723, 724, 725, 726, 727, 728, 729, 730, 731, 732, 733, 734, 735, 736, 737, 738, 739, 740, 741, 742, 743, 744, 745, 746, 747, 748, 749, 750, 751, 752, 753, 754, 755, 756, 757, 758, 759, 760, 761, 762, 763, 764, 765, 766, 767, 768, 769, 770, 771, 772, 773, 774, 775, 776, 777, 778, 779, 780, 781, 782, 783, 784, 785, 786, 787, 788, 789, 790, 791, 792, 793, 797, 806, 857, 897, 901]",True,"[233, 697]","[103, 104, 105, 106, 107, 108, 109, 110, 111, 112, 113, 114, 115, 116, 117, 118, 119, 120, 121, 122, 123, 124, 125, 126, 127, 128, 129, 130, 131, 132, 133, 134, 135, 136, 137, 138, 139, 140, 141, 142, 143, 144, 145, 146, 147, 148, 149, 150, 151, 152, 153, 154, 155, 156, 157, 158, 159, 160, 161, 162, 163, 164, 165, 166, 167, 168, 169, 170, 171, 172, 173, 174, 175, 176, 177, 178, 179, 180, 181, 182, 183, 184, 185, 186, 187, 188, 189, 190, 191, 192, 193, 194, 195, 196, 197, 198, 199, 200, 201, 202, 203, 204, 205, 206, 207, 208, 209, 210, 211, 212, 213, 214, 215, 216, 217, 218, 219, 220, 221, 222, 223, 224, 225, 226, 227, 228, 229, 230, 231, 232, 233, 234, 235, 236, 237, 238, 239, 240, 241, 242, 243, 244, 245, 246, 247, 248, 249, 250, 251, 252, 253, 254, 255, 256, 257, 258, 259, 260, 261, 262, 263, 264, 265, 266, 267, 268, 269, 270, 271, 272, 273, 274, 275, 276, 277, 278, 279, 280, 281, 282, 283, 284, 285, 286, 287, 288, 289, 290, 291, 292, 293, 294, 295, 296, 297, 298, 299, 300, 301, 302, 303, 304, 305, 306, 307, 308, 309, 310, 311, 312, 313, 314, 315, 316, 317, 318, 319, 320, 321, 322, 323, 324, 325, 326, 327, 328, 329, 330, 331, 332, 333, 334, 335, 336, 337, 574, 575, 576, 577, 578, 579, 580, 581, 582, 583, 584, 585, 586, 587, 588, 589, 590, 591, 592, 593, 594, 595, 596, 597, 598, 599, 600, 601, 602, 603, 604, 605, 606, 607, 608, 609, 610, 611, 612, 613, 614, 615, 616, 617, 618, 619, 620, 621, 622, 623, 624, 625, 626, 627, 628, 629, 630, 631, 632, 633, 634, 635, 636, 637, 638, 639, 640, 641, 642, 643, 644, 645, 646, 647, 648, 649, 650, 651, 652, 653, 654, 655, 656, 657, 658, 659, 660, 661, 662, 663, 664, 665, 666, 667, 668, 669, 670, 671, 672, 673, 674, 675, 676, 677, 678, 679, 680, 681, 682, 683, 684, 685, 686, 687, 688, 689, 690, 691, 692, 693, 694, 695, 696, 697, 698, 699, 700, 701, 702, 703, 704, 705, 706, 707, 708, 709, 710, 711, 712, 713, 714, 715, 716, 717, 718, 719, 720, 721, 722, 723, 724, 725, 726, 727, 728, 729, 730, 731, 732, 733, 734, 735, 736, 737, 738, 739, 740, 741, 742, 743, 744, 745, 746, 747, 748, 749, 750, 751, 752, 753, 754, 755, 756, 757, 758, 759, 760, 761, 762, 763, 764, 765, 766, 767, 768, 769, 770, 771, 772, 773, 774, 775, 776, 777, 778, 779, 780, 781, 782, 783, 784, 785, 786, 787, 788, 789, 790, 791, 792, 793]","[58, 181, 233, 236, 304, 652, 697, 700, 762]","[19, 180, 181, 233, 255, 331, 341, 351, 449, 454, 503, 651, 652, 697, 708, 788, 797, 806, 857, 897, 901]","[143, 145, 181, 233, 234, 236, 295, 330, 614, 616, 652, 697, 698, 700, 754, 787]","[90, 91, 294, 295, 296, 561, 562, 753, 754, 755]",[],5/6 successful match,True,[739],True,256,False,,0.8999999999999999,True,Speedy Fuel,
D Long Beach ( 90813 ) Speedy Fuel,"562-491-1228 I-710 Exit 1 ( W , N @light , E on Cowles )",24 <U+2610>,Long Beach,90813,Speedy Fuel,562-491-1228,2016,Long Beach,CA,,"( W , N @light , E on Cowles )",I-710 Exit 1 ,Exit,1,False,,False,I-710,,,,,"[233, 697]","[233, 697]","[58, 181, 233, 236, 304, 652, 697, 700, 762]","[19, 180, 181, 233, 255, 331, 341, 351, 449, 454, 503, 651, 652, 697, 708, 788, 797, 806, 857, 897, 901]","[103, 104, 105, 106, 107, 108, 109, 110, 111, 112, 113, 114, 115, 116, 117, 118, 119, 120, 121, 122, 123, 124, 125, 126, 127, 128, 129, 130, 131, 132, 133, 134, 135, 136, 137, 138, 139, 140, 141, 142, 143, 144, 145, 146, 147, 148, 149, 150, 151, 152, 153, 154, 155, 156, 157, 158, 159, 160, 161, 162, 163, 164, 165, 166, 167, 168, 169, 170, 171, 172, 173, 174, 175, 176, 177, 178, 179, 180, 181, 182, 183, 184, 185, 186, 187, 188, 189, 190, 191, 192, 193, 194, 195, 196, 197, 198, 199, 200, 201, 202, 203, 204, 205, 206, 207, 208, 209, 210, 211, 212, 213, 214, 215, 216, 217, 218, 219, 220, 221, 222, 223, 224, 225, 226, 227, 228, 229, 230, 231, 232, 233, 234, 235, 236, 237, 238, 239, 240, 241, 242, 243, 244, 245, 246, 247, 248, 249, 250, 251, 252, 253, 254, 255, 256, 257, 258, 259, 260, 261, 262, 263, 264, 265, 266, 267, 268, 269, 270, 271, 272, 273, 274, 275, 276, 277, 278, 279, 280, 281, 282, 283, 284, 285, 286, 287, 288, 289, 290, 291, 292, 293, 294, 295, 296, 297, 298, 299, 300, 301, 302, 303, 304, 305, 306, 307, 308, 309, 310, 311, 312, 313, 314, 315, 316, 317, 318, 319, 320, 321, 322, 323, 324, 325, 326, 327, 328, 329, 330, 331, 332, 333, 334, 335, 336, 337, 574, 575, 576, 577, 578, 579, 580, 581, 582, 583, 584, 585, 586, 587, 588, 589, 590, 591, 592, 593, 594, 595, 596, 597, 598, 599, 600, 601, 602, 603, 604, 605, 606, 607, 608, 609, 610, 611, 612, 613, 614, 615, 616, 617, 618, 619, 620, 621, 622, 623, 624, 625, 626, 627, 628, 629, 630, 631, 632, 633, 634, 635, 636, 637, 638, 639, 640, 641, 642, 643, 644, 645, 646, 647, 648, 649, 650, 651, 652, 653, 654, 655, 656, 657, 658, 659, 660, 661, 662, 663, 664, 665, 666, 667, 668, 669, 670, 671, 672, 673, 674, 675, 676, 677, 678, 679, 680, 681, 682, 683, 684, 685, 686, 687, 688, 689, 690, 691, 692, 693, 694, 695, 696, 697, 698, 699, 700, 701, 702, 703, 704, 705, 706, 707, 708, 709, 710, 711, 712, 713, 714, 715, 716, 717, 718, 719, 720, 721, 722, 723, 724, 725, 726, 727, 728, 729, 730, 731, 732, 733, 734, 735, 736, 737, 738, 739, 740, 741, 742, 743, 744, 745, 746, 747, 748, 749, 750, 751, 752, 753, 754, 755, 756, 757, 758, 759, 760, 761, 762, 763, 764, 765, 766, 767, 768, 769, 770, 771, 772, 773, 774, 775, 776, 777, 778, 779, 780, 781, 782, 783, 784, 785, 786, 787, 788, 789, 790, 791, 792, 793]","[143, 145, 181, 233, 234, 236, 295, 330, 614, 616, 652, 697, 698, 700, 754, 787]",[],"[90, 91, 294, 295, 296, 561, 562, 753, 754, 755]","[19, 58, 90, 91, 103, 104, 105, 106, 107, 108, 109, 110, 111, 112, 113, 114, 115, 116, 117, 118, 119, 120, 121, 122, 123, 124, 125, 126, 127, 128, 129, 130, 131, 132, 133, 134, 135, 136, 137, 138, 139, 140, 141, 142, 143, 144, 145, 146, 147, 148, 149, 150, 151, 152, 153, 154, 155, 156, 157, 158, 159, 160, 161, 162, 163, 164, 165, 166, 167, 168, 169, 170, 171, 172, 173, 174, 175, 176, 177, 178, 179, 180, 181, 182, 183, 184, 185, 186, 187, 188, 189, 190, 191, 192, 193, 194, 195, 196, 197, 198, 199, 200, 201, 202, 203, 204, 205, 206, 207, 208, 209, 210, 211, 212, 213, 214, 215, 216, 217, 218, 219, 220, 221, 222, 223, 224, 225, 226, 227, 228, 229, 230, 231, 232, 233, 234, 235, 236, 237, 238, 239, 240, 241, 242, 243, 244, 245, 246, 247, 248, 249, 250, 251, 252, 253, 254, 255, 256, 257, 258, 259, 260, 261, 262, 263, 264, 265, 266, 267, 268, 269, 270, 271, 272, 273, 274, 275, 276, 277, 278, 279, 280, 281, 282, 283, 284, 285, 286, 287, 288, 289, 290, 291, 292, 293, 294, 295, 296, 297, 298, 299, 300, 301, 302, 303, 304, 305, 306, 307, 308, 309, 310, 311, 312, 313, 314, 315, 316, 317, 318, 319, 320, 321, 322, 323, 324, 325, 326, 327, 328, 329, 330, 331, 332, 333, 334, 335, 336, 337, 341, 351, 449, 454, 503, 561, 562, 574, 575, 576, 577, 578, 579, 580, 581, 582, 583, 584, 585, 586, 587, 588, 589, 590, 591, 592, 593, 594, 595, 596, 597, 598, 599, 600, 601, 602, 603, 604, 605, 606, 607, 608, 609, 610, 611, 612, 613, 614, 615, 616, 617, 618, 619, 620, 621, 622, 623, 624, 625, 626, 627, 628, 629, 630, 631, 632, 633, 634, 635, 636, 637, 638, 639, 640, 641, 642, 643, 644, 645, 646, 647, 648, 649, 650, 651, 652, 653, 654, 655, 656, 657, 658, 659, 660, 661, 662, 663, 664, 665, 666, 667, 668, 669, 670, 671, 672, 673, 674, 675, 676, 677, 678, 679, 680, 681, 682, 683, 684, 685, 686, 687, 688, 689, 690, 691, 692, 693, 694, 695, 696, 697, 698, 699, 700, 701, 702, 703, 704, 705, 706, 707, 708, 709, 710, 711, 712, 713, 714, 715, 716, 717, 718, 719, 720, 721, 722, 723, 724, 725, 726, 727, 728, 729, 730, 731, 732, 733, 734, 735, 736, 737, 738, 739, 740, 741, 742, 743, 744, 745, 746, 747, 748, 749, 750, 751, 752, 753, 754, 755, 756, 757, 758, 759, 760, 761, 762, 763, 764, 765, 766, 767, 768, 769, 770, 771, 772, 773, 774, 775, 776, 777, 778, 779, 780, 781, 782, 783, 784, 785, 786, 787, 788, 789, 790, 791, 792, 793, 797, 806, 857, 897, 901]",True,"[233, 697]","[103, 104, 105, 106, 107, 108, 109, 110, 111, 112, 113, 114, 115, 116, 117, 118, 119, 120, 121, 122, 123, 124, 125, 126, 127, 128, 129, 130, 131, 132, 133, 134, 135, 136, 137, 138, 139, 140, 141, 142, 143, 144, 145, 146, 147, 148, 149, 150, 151, 152, 153, 154, 155, 156, 157, 158, 159, 160, 161, 162, 163, 164, 165, 166, 167, 168, 169, 170, 171, 172, 173, 174, 175, 176, 177, 178, 179, 180, 181, 182, 183, 184, 185, 186, 187, 188, 189, 190, 191, 192, 193, 194, 195, 196, 197, 198, 199, 200, 201, 202, 203, 204, 205, 206, 207, 208, 209, 210, 211, 212, 213, 214, 215, 216, 217, 218, 219, 220, 221, 222, 223, 224, 225, 226, 227, 228, 229, 230, 231, 232, 233, 234, 235, 236, 237, 238, 239, 240, 241, 242, 243, 244, 245, 246, 247, 248, 249, 250, 251, 252, 253, 254, 255, 256, 257, 258, 259, 260, 261, 262, 263, 264, 265, 266, 267, 268, 269, 270, 271, 272, 273, 274, 275, 276, 277, 278, 279, 280, 281, 282, 283, 284, 285, 286, 287, 288, 289, 290, 291, 292, 293, 294, 295, 296, 297, 298, 299, 300, 301, 302, 303, 304, 305, 306, 307, 308, 309, 310, 311, 312, 313, 314, 315, 316, 317, 318, 319, 320, 321, 322, 323, 324, 325, 326, 327, 328, 329, 330, 331, 332, 333, 334, 335, 336, 337, 574, 575, 576, 577, 578, 579, 580, 581, 582, 583, 584, 585, 586, 587, 588, 589, 590, 591, 592, 593, 594, 595, 596, 597, 598, 599, 600, 601, 602, 603, 604, 605, 606, 607, 608, 609, 610, 611, 612, 613, 614, 615, 616, 617, 618, 619, 620, 621, 622, 623, 624, 625, 626, 627, 628, 629, 630, 631, 632, 633, 634, 635, 636, 637, 638, 639, 640, 641, 642, 643, 644, 645, 646, 647, 648, 649, 650, 651, 652, 653, 654, 655, 656, 657, 658, 659, 660, 661, 662, 663, 664, 665, 666, 667, 668, 669, 670, 671, 672, 673, 674, 675, 676, 677, 678, 679, 680, 681, 682, 683, 684, 685, 686, 687, 688, 689, 690, 691, 692, 693, 694, 695, 696, 697, 698, 699, 700, 701, 702, 703, 704, 705, 706, 707, 708, 709, 710, 711, 712, 713, 714, 715, 716, 717, 718, 719, 720, 721, 722, 723, 724, 725, 726, 727, 728, 729, 730, 731, 732, 733, 734, 735, 736, 737, 738, 739, 740, 741, 742, 743, 744, 745, 746, 747, 748, 749, 750, 751, 752, 753, 754, 755, 756, 757, 758, 759, 760, 761, 762, 763, 764, 765, 766, 767, 768, 769, 770, 771, 772, 773, 774, 775, 776, 777, 778, 779, 780, 781, 782, 783, 784, 785, 786, 787, 788, 789, 790, 791, 792, 793]","[58, 181, 233, 236, 304, 652, 697, 700, 762]","[19, 180, 181, 233, 255, 331, 341, 351, 449, 454, 503, 651, 652, 697, 708, 788, 797, 806, 857, 897, 901]","[143, 145, 181, 233, 234, 236, 295, 330, 614, 616, 652, 697, 698, 700, 754, 787]","[90, 91, 294, 295, 296, 561, 562, 753, 754, 755]",[],5/6 successful match,True,[739],True,256,False,,0.8999999999999999,True,Speedy Fuel,
"Sun Valley , 91352 Superfine Texaco Truck Stop",818-767-2570 I-5 Exit 152 ( 8730 Lankershim Blvd ),HRS +2 <U+2610>,Sun Valley,91352,Superfine Texaco Truck Stop,818-767-2570,2006,Sun Valley,CA,Texaco,( 8730 Lankershim Blvd ),I-5 Exit 152 ,Exit,152,False,,False,I-5,,,,,"[298, 757]","[298, 757]","[298, 339, 428, 757, 795, 880]","[56, 243, 274, 298, 533, 707, 733, 757]","[103, 104, 105, 106, 107, 108, 109, 110, 111, 112, 113, 114, 115, 116, 117, 118, 119, 120, 121, 122, 123, 124, 125, 126, 127, 128, 129, 130, 131, 132, 133, 134, 135, 136, 137, 138, 139, 140, 141, 142, 143, 144, 145, 146, 147, 148, 149, 150, 151, 152, 153, 154, 155, 156, 157, 158, 159, 160, 161, 162, 163, 164, 165, 166, 167, 168, 169, 170, 171, 172, 173, 174, 175, 176, 177, 178, 179, 180, 181, 182, 183, 184, 185, 186, 187, 188, 189, 190, 191, 192, 193, 194, 195, 196, 197, 198, 199, 200, 201, 202, 203, 204, 205, 206, 207, 208, 209, 210, 211, 212, 213, 214, 215, 216, 217, 218, 219, 220, 221, 222, 223, 224, 225, 226, 227, 228, 229, 230, 231, 232, 233, 234, 235, 236, 237, 238, 239, 240, 241, 242, 243, 244, 245, 246, 247, 248, 249, 250, 251, 252, 253, 254, 255, 256, 257, 258, 259, 260, 261, 262, 263, 264, 265, 266, 267, 268, 269, 270, 271, 272, 273, 274, 275, 276, 277, 278, 279, 280, 281, 282, 283, 284, 285, 286, 287, 288, 289, 290, 291, 292, 293, 294, 295, 296, 297, 298, 299, 300, 301, 302, 303, 304, 305, 306, 307, 308, 309, 310, 311, 312, 313, 314, 315, 316, 317, 318, 319, 320, 321, 322, 323, 324, 325, 326, 327, 328, 329, 330, 331, 332, 333, 334, 335, 336, 337, 574, 575, 576, 577, 578, 579, 580, 581, 582, 583, 584, 585, 586, 587, 588, 589, 590, 591, 592, 593, 594, 595, 596, 597, 598, 599, 600, 601, 602, 603, 604, 605, 606, 607, 608, 609, 610, 611, 612, 613, 614, 615, 616, 617, 618, 619, 620, 621, 622, 623, 624, 625, 626, 627, 628, 629, 630, 631, 632, 633, 634, 635, 636, 637, 638, 639, 640, 641, 642, 643, 644, 645, 646, 647, 648, 649, 650, 651, 652, 653, 654, 655, 656, 657, 658, 659, 660, 661, 662, 663, 664, 665, 666, 667, 668, 669, 670, 671, 672, 673, 674, 675, 676, 677, 678, 679, 680, 681, 682, 683, 684, 685, 686, 687, 688, 689, 690, 691, 692, 693, 694, 695, 696, 697, 698, 699, 700, 701, 702, 703, 704, 705, 706, 707, 708, 709, 710, 711, 712, 713, 714, 715, 716, 717, 718, 719, 720, 721, 722, 723, 724, 725, 726, 727, 728, 729, 730, 731, 732, 733, 734, 735, 736, 737, 738, 739, 740, 741, 742, 743, 744, 745, 746, 747, 748, 749, 750, 751, 752, 753, 754, 755, 756, 757, 758, 759, 760, 761, 762, 763, 764, 765, 766, 767, 768, 769, 770, 771, 772, 773, 774, 775, 776, 777, 778, 779, 780, 781, 782, 783, 784, 785, 786, 787, 788, 789, 790, 791, 792, 793]","[105, 114, 138, 141, 152, 153, 154, 155, 157, 159, 164, 165, 176, 182, 191, 192, 194, 195, 196, 200, 204, 208, 209, 210, 211, 215, 226, 228, 241, 242, 243, 245, 248, 249, 250, 257, 261, 270, 271, 282, 287, 289, 291, 294, 296, 298, 306, 308, 309, 311, 314, 327, 333, 335, 337, 576, 585, 609, 612, 623, 624, 626, 627, 629, 631, 636, 637, 647, 653, 662, 663, 665, 666, 667, 671, 674, 678, 679, 680, 681, 690, 692, 705, 706, 707, 709, 711, 712, 713, 719, 721, 729, 730, 741, 746, 748, 750, 753, 755, 757, 764, 766, 767, 769, 772, 785, 791]","[26, 390, 474, 486, 509, 840, 922, 926]","[26, 300, 390, 474, 486, 509, 759, 840, 922, 926]","[26, 56, 103, 104, 105, 106, 107, 108, 109, 110, 111, 112, 113, 114, 115, 116, 117, 118, 119, 120, 121, 122, 123, 124, 125, 126, 127, 128, 129, 130, 131, 132, 133, 134, 135, 136, 137, 138, 139, 140, 141, 142, 143, 144, 145, 146, 147, 148, 149, 150, 151, 152, 153, 154, 155, 156, 157, 158, 159, 160, 161, 162, 163, 164, 165, 166, 167, 168, 169, 170, 171, 172, 173, 174, 175, 176, 177, 178, 179, 180, 181, 182, 183, 184, 185, 186, 187, 188, 189, 190, 191, 192, 193, 194, 195, 196, 197, 198, 199, 200, 201, 202, 203, 204, 205, 206, 207, 208, 209, 210, 211, 212, 213, 214, 215, 216, 217, 218, 219, 220, 221, 222, 223, 224, 225, 226, 227, 228, 229, 230, 231, 232, 233, 234, 235, 236, 237, 238, 239, 240, 241, 242, 243, 244, 245, 246, 247, 248, 249, 250, 251, 252, 253, 254, 255, 256, 257, 258, 259, 260, 261, 262, 263, 264, 265, 266, 267, 268, 269, 270, 271, 272, 273, 274, 275, 276, 277, 278, 279, 280, 281, 282, 283, 284, 285, 286, 287, 288, 289, 290, 291, 292, 293, 294, 295, 296, 297, 298, 299, 300, 301, 302, 303, 304, 305, 306, 307, 308, 309, 310, 311, 312, 313, 314, 315, 316, 317, 318, 319, 320, 321, 322, 323, 324, 325, 326, 327, 328, 329, 330, 331, 332, 333, 334, 335, 336, 337, 339, 390, 428, 474, 486, 509, 533, 574, 575, 576, 577, 578, 579, 580, 581, 582, 583, 584, 585, 586, 587, 588, 589, 590, 591, 592, 593, 594, 595, 596, 597, 598, 599, 600, 601, 602, 603, 604, 605, 606, 607, 608, 609, 610, 611, 612, 613, 614, 615, 616, 617, 618, 619, 620, 621, 622, 623, 624, 625, 626, 627, 628, 629, 630, 631, 632, 633, 634, 635, 636, 637, 638, 639, 640, 641, 642, 643, 644, 645, 646, 647, 648, 649, 650, 651, 652, 653, 654, 655, 656, 657, 658, 659, 660, 661, 662, 663, 664, 665, 666, 667, 668, 669, 670, 671, 672, 673, 674, 675, 676, 677, 678, 679, 680, 681, 682, 683, 684, 685, 686, 687, 688, 689, 690, 691, 692, 693, 694, 695, 696, 697, 698, 699, 700, 701, 702, 703, 704, 705, 706, 707, 708, 709, 710, 711, 712, 713, 714, 715, 716, 717, 718, 719, 720, 721, 722, 723, 724, 725, 726, 727, 728, 729, 730, 731, 732, 733, 734, 735, 736, 737, 738, 739, 740, 741, 742, 743, 744, 745, 746, 747, 748, 749, 750, 751, 752, 753, 754, 755, 756, 757, 758, 759, 760, 761, 762, 763, 764, 765, 766, 767, 768, 769, 770, 771, 772, 773, 774, 775, 776, 777, 778, 779, 780, 781, 782, 783, 784, 785, 786, 787, 788, 789, 790, 791, 792, 793, 795, 840, 880, 922, 926]",True,"[298, 757]","[103, 104, 105, 106, 107, 108, 109, 110, 111, 112, 113, 114, 115, 116, 117, 118, 119, 120, 121, 122, 123, 124, 125, 126, 127, 128, 129, 130, 131, 132, 133, 134, 135, 136, 137, 138, 139, 140, 141, 142, 143, 144, 145, 146, 147, 148, 149, 150, 151, 152, 153, 154, 155, 156, 157, 158, 159, 160, 161, 162, 163, 164, 165, 166, 167, 168, 169, 170, 171, 172, 173, 174, 175, 176, 177, 178, 179, 180, 181, 182, 183, 184, 185, 186, 187, 188, 189, 190, 191, 192, 193, 194, 195, 196, 197, 198, 199, 200, 201, 202, 203, 204, 205, 206, 207, 208, 209, 210, 211, 212, 213, 214, 215, 216, 217, 218, 219, 220, 221, 222, 223, 224, 225, 226, 227, 228, 229, 230, 231, 232, 233, 234, 235, 236, 237, 238, 239, 240, 241, 242, 243, 244, 245, 246, 247, 248, 249, 250, 251, 252, 253, 254, 255, 256, 257, 258, 259, 260, 261, 262, 263, 264, 265, 266, 267, 268, 269, 270, 271, 272, 273, 274, 275, 276, 277, 278, 279, 280, 281, 282, 283, 284, 285, 286, 287, 288, 289, 290, 291, 292, 293, 294, 295, 296, 297, 298, 299, 300, 301, 302, 303, 304, 305, 306, 307, 308, 309, 310, 311, 312, 313, 314, 315, 316, 317, 318, 319, 320, 321, 322, 323, 324, 325, 326, 327, 328, 329, 330, 331, 332, 333, 334, 335, 336, 337, 574, 575, 576, 577, 578, 579, 580, 581, 582, 583, 584, 585, 586, 587, 588, 589, 590, 591, 592, 593, 594, 595, 596, 597, 598, 599, 600, 601, 602, 603, 604, 605, 606, 607, 608, 609, 610, 611, 612, 613, 614, 615, 616, 617, 618, 619, 620, 621, 622, 623, 624, 625, 626, 627, 628, 629, 630, 631, 632, 633, 634, 635, 636, 637, 638, 639, 640, 641, 642, 643, 644, 645, 646, 647, 648, 649, 650, 651, 652, 653, 654, 655, 656, 657, 658, 659, 660, 661, 662, 663, 664, 665, 666, 667, 668, 669, 670, 671, 672, 673, 674, 675, 676, 677, 678, 679, 680, 681, 682, 683, 684, 685, 686, 687, 688, 689, 690, 691, 692, 693, 694, 695, 696, 697, 698, 699, 700, 701, 702, 703, 704, 705, 706, 707, 708, 709, 710, 711, 712, 713, 714, 715, 716, 717, 718, 719, 720, 721, 722, 723, 724, 725, 726, 727, 728, 729, 730, 731, 732, 733, 734, 735, 736, 737, 738, 739, 740, 741, 742, 743, 744, 745, 746, 747, 748, 749, 750, 751, 752, 753, 754, 755, 756, 757, 758, 759, 760, 761, 762, 763, 764, 765, 766, 767, 768, 769, 770, 771, 772, 773, 774, 775, 776, 777, 778, 779, 780, 781, 782, 783, 784, 785, 786, 787, 788, 789, 790, 791, 792, 793]","[298, 339, 428, 757, 795, 880]","[56, 243, 274, 298, 533, 707, 733, 757]","[105, 114, 138, 141, 152, 153, 154, 155, 157, 159, 164, 165, 176, 182, 191, 192, 194, 195, 196, 200, 204, 208, 209, 210, 211, 215, 226, 228, 241, 242, 243, 245, 248, 249, 250, 257, 261, 270, 271, 282, 287, 289, 291, 294, 296, 298, 306, 308, 309, 311, 314, 327, 333, 335, 337, 576, 585, 609, 612, 623, 624, 626, 627, 629, 631, 636, 637, 647, 653, 662, 663, 665, 666, 667, 671, 674, 678, 679, 680, 681, 690, 692, 705, 706, 707, 709, 711, 712, 713, 719, 721, 729, 730, 741, 746, 748, 750, 753, 755, 757, 764, 766, 767, 769, 772, 785, 791]","[26, 300, 390, 474, 486, 509, 759, 840, 922, 926]","[26, 390, 474, 486, 509, 840, 922, 926]",5/6 successful match,True,[545],True,257,False,,,,,
"B Sun Valley , 91352 Superfine Texaco Truck Stop",818-767-2570 I-5 Exit 152 ( 8730 Lankershim Blvd ),24 000,Sun Valley,91352,Superfine Texaco Truck Stop,818-767-2570,2007,Sun Valley,CA,Texaco,( 8730 Lankershim Blvd ),I-5 Exit 152 ,Exit,152,False,,False,I-5,,,,,"[298, 757]","[298, 757]","[298, 339, 428, 757, 795, 880]","[56, 243, 274, 298, 533, 707, 733, 757]","[103, 104, 105, 106, 107, 108, 109, 110, 111, 112, 113, 114, 115, 116, 117, 118, 119, 120, 121, 122, 123, 124, 125, 126, 127, 128, 129, 130, 131, 132, 133, 134, 135, 136, 137, 138, 139, 140, 141, 142, 143, 144, 145, 146, 147, 148, 149, 150, 151, 152, 153, 154, 155, 156, 157, 158, 159, 160, 161, 162, 163, 164, 165, 166, 167, 168, 169, 170, 171, 172, 173, 174, 175, 176, 177, 178, 179, 180, 181, 182, 183, 184, 185, 186, 187, 188, 189, 190, 191, 192, 193, 194, 195, 196, 197, 198, 199, 200, 201, 202, 203, 204, 205, 206, 207, 208, 209, 210, 211, 212, 213, 214, 215, 216, 217, 218, 219, 220, 221, 222, 223, 224, 225, 226, 227, 228, 229, 230, 231, 232, 233, 234, 235, 236, 237, 238, 239, 240, 241, 242, 243, 244, 245, 246, 247, 248, 249, 250, 251, 252, 253, 254, 255, 256, 257, 258, 259, 260, 261, 262, 263, 264, 265, 266, 267, 268, 269, 270, 271, 272, 273, 274, 275, 276, 277, 278, 279, 280, 281, 282, 283, 284, 285, 286, 287, 288, 289, 290, 291, 292, 293, 294, 295, 296, 297, 298, 299, 300, 301, 302, 303, 304, 305, 306, 307, 308, 309, 310, 311, 312, 313, 314, 315, 316, 317, 318, 319, 320, 321, 322, 323, 324, 325, 326, 327, 328, 329, 330, 331, 332, 333, 334, 335, 336, 337, 574, 575, 576, 577, 578, 579, 580, 581, 582, 583, 584, 585, 586, 587, 588, 589, 590, 591, 592, 593, 594, 595, 596, 597, 598, 599, 600, 601, 602, 603, 604, 605, 606, 607, 608, 609, 610, 611, 612, 613, 614, 615, 616, 617, 618, 619, 620, 621, 622, 623, 624, 625, 626, 627, 628, 629, 630, 631, 632, 633, 634, 635, 636, 637, 638, 639, 640, 641, 642, 643, 644, 645, 646, 647, 648, 649, 650, 651, 652, 653, 654, 655, 656, 657, 658, 659, 660, 661, 662, 663, 664, 665, 666, 667, 668, 669, 670, 671, 672, 673, 674, 675, 676, 677, 678, 679, 680, 681, 682, 683, 684, 685, 686, 687, 688, 689, 690, 691, 692, 693, 694, 695, 696, 697, 698, 699, 700, 701, 702, 703, 704, 705, 706, 707, 708, 709, 710, 711, 712, 713, 714, 715, 716, 717, 718, 719, 720, 721, 722, 723, 724, 725, 726, 727, 728, 729, 730, 731, 732, 733, 734, 735, 736, 737, 738, 739, 740, 741, 742, 743, 744, 745, 746, 747, 748, 749, 750, 751, 752, 753, 754, 755, 756, 757, 758, 759, 760, 761, 762, 763, 764, 765, 766, 767, 768, 769, 770, 771, 772, 773, 774, 775, 776, 777, 778, 779, 780, 781, 782, 783, 784, 785, 786, 787, 788, 789, 790, 791, 792, 793]","[105, 114, 138, 141, 152, 153, 154, 155, 157, 159, 164, 165, 176, 182, 191, 192, 194, 195, 196, 200, 204, 208, 209, 210, 211, 215, 226, 228, 241, 242, 243, 245, 248, 249, 250, 257, 261, 270, 271, 282, 287, 289, 291, 294, 296, 298, 306, 308, 309, 311, 314, 327, 333, 335, 337, 576, 585, 609, 612, 623, 624, 626, 627, 629, 631, 636, 637, 647, 653, 662, 663, 665, 666, 667, 671, 674, 678, 679, 680, 681, 690, 692, 705, 706, 707, 709, 711, 712, 713, 719, 721, 729, 730, 741, 746, 748, 750, 753, 755, 757, 764, 766, 767, 769, 772, 785, 791]","[26, 390, 474, 486, 509, 840, 922, 926]","[26, 300, 390, 474, 486, 509, 759, 840, 922, 926]","[26, 56, 103, 104, 105, 106, 107, 108, 109, 110, 111, 112, 113, 114, 115, 116, 117, 118, 119, 120, 121, 122, 123, 124, 125, 126, 127, 128, 129, 130, 131, 132, 133, 134, 135, 136, 137, 138, 139, 140, 141, 142, 143, 144, 145, 146, 147, 148, 149, 150, 151, 152, 153, 154, 155, 156, 157, 158, 159, 160, 161, 162, 163, 164, 165, 166, 167, 168, 169, 170, 171, 172, 173, 174, 175, 176, 177, 178, 179, 180, 181, 182, 183, 184, 185, 186, 187, 188, 189, 190, 191, 192, 193, 194, 195, 196, 197, 198, 199, 200, 201, 202, 203, 204, 205, 206, 207, 208, 209, 210, 211, 212, 213, 214, 215, 216, 217, 218, 219, 220, 221, 222, 223, 224, 225, 226, 227, 228, 229, 230, 231, 232, 233, 234, 235, 236, 237, 238, 239, 240, 241, 242, 243, 244, 245, 246, 247, 248, 249, 250, 251, 252, 253, 254, 255, 256, 257, 258, 259, 260, 261, 262, 263, 264, 265, 266, 267, 268, 269, 270, 271, 272, 273, 274, 275, 276, 277, 278, 279, 280, 281, 282, 283, 284, 285, 286, 287, 288, 289, 290, 291, 292, 293, 294, 295, 296, 297, 298, 299, 300, 301, 302, 303, 304, 305, 306, 307, 308, 309, 310, 311, 312, 313, 314, 315, 316, 317, 318, 319, 320, 321, 322, 323, 324, 325, 326, 327, 328, 329, 330, 331, 332, 333, 334, 335, 336, 337, 339, 390, 428, 474, 486, 509, 533, 574, 575, 576, 577, 578, 579, 580, 581, 582, 583, 584, 585, 586, 587, 588, 589, 590, 591, 592, 593, 594, 595, 596, 597, 598, 599, 600, 601, 602, 603, 604, 605, 606, 607, 608, 609, 610, 611, 612, 613, 614, 615, 616, 617, 618, 619, 620, 621, 622, 623, 624, 625, 626, 627, 628, 629, 630, 631, 632, 633, 634, 635, 636, 637, 638, 639, 640, 641, 642, 643, 644, 645, 646, 647, 648, 649, 650, 651, 652, 653, 654, 655, 656, 657, 658, 659, 660, 661, 662, 663, 664, 665, 666, 667, 668, 669, 670, 671, 672, 673, 674, 675, 676, 677, 678, 679, 680, 681, 682, 683, 684, 685, 686, 687, 688, 689, 690, 691, 692, 693, 694, 695, 696, 697, 698, 699, 700, 701, 702, 703, 704, 705, 706, 707, 708, 709, 710, 711, 712, 713, 714, 715, 716, 717, 718, 719, 720, 721, 722, 723, 724, 725, 726, 727, 728, 729, 730, 731, 732, 733, 734, 735, 736, 737, 738, 739, 740, 741, 742, 743, 744, 745, 746, 747, 748, 749, 750, 751, 752, 753, 754, 755, 756, 757, 758, 759, 760, 761, 762, 763, 764, 765, 766, 767, 768, 769, 770, 771, 772, 773, 774, 775, 776, 777, 778, 779, 780, 781, 782, 783, 784, 785, 786, 787, 788, 789, 790, 791, 792, 793, 795, 840, 880, 922, 926]",True,"[298, 757]","[103, 104, 105, 106, 107, 108, 109, 110, 111, 112, 113, 114, 115, 116, 117, 118, 119, 120, 121, 122, 123, 124, 125, 126, 127, 128, 129, 130, 131, 132, 133, 134, 135, 136, 137, 138, 139, 140, 141, 142, 143, 144, 145, 146, 147, 148, 149, 150, 151, 152, 153, 154, 155, 156, 157, 158, 159, 160, 161, 162, 163, 164, 165, 166, 167, 168, 169, 170, 171, 172, 173, 174, 175, 176, 177, 178, 179, 180, 181, 182, 183, 184, 185, 186, 187, 188, 189, 190, 191, 192, 193, 194, 195, 196, 197, 198, 199, 200, 201, 202, 203, 204, 205, 206, 207, 208, 209, 210, 211, 212, 213, 214, 215, 216, 217, 218, 219, 220, 221, 222, 223, 224, 225, 226, 227, 228, 229, 230, 231, 232, 233, 234, 235, 236, 237, 238, 239, 240, 241, 242, 243, 244, 245, 246, 247, 248, 249, 250, 251, 252, 253, 254, 255, 256, 257, 258, 259, 260, 261, 262, 263, 264, 265, 266, 267, 268, 269, 270, 271, 272, 273, 274, 275, 276, 277, 278, 279, 280, 281, 282, 283, 284, 285, 286, 287, 288, 289, 290, 291, 292, 293, 294, 295, 296, 297, 298, 299, 300, 301, 302, 303, 304, 305, 306, 307, 308, 309, 310, 311, 312, 313, 314, 315, 316, 317, 318, 319, 320, 321, 322, 323, 324, 325, 326, 327, 328, 329, 330, 331, 332, 333, 334, 335, 336, 337, 574, 575, 576, 577, 578, 579, 580, 581, 582, 583, 584, 585, 586, 587, 588, 589, 590, 591, 592, 593, 594, 595, 596, 597, 598, 599, 600, 601, 602, 603, 604, 605, 606, 607, 608, 609, 610, 611, 612, 613, 614, 615, 616, 617, 618, 619, 620, 621, 622, 623, 624, 625, 626, 627, 628, 629, 630, 631, 632, 633, 634, 635, 636, 637, 638, 639, 640, 641, 642, 643, 644, 645, 646, 647, 648, 649, 650, 651, 652, 653, 654, 655, 656, 657, 658, 659, 660, 661, 662, 663, 664, 665, 666, 667, 668, 669, 670, 671, 672, 673, 674, 675, 676, 677, 678, 679, 680, 681, 682, 683, 684, 685, 686, 687, 688, 689, 690, 691, 692, 693, 694, 695, 696, 697, 698, 699, 700, 701, 702, 703, 704, 705, 706, 707, 708, 709, 710, 711, 712, 713, 714, 715, 716, 717, 718, 719, 720, 721, 722, 723, 724, 725, 726, 727, 728, 729, 730, 731, 732, 733, 734, 735, 736, 737, 738, 739, 740, 741, 742, 743, 744, 745, 746, 747, 748, 749, 750, 751, 752, 753, 754, 755, 756, 757, 758, 759, 760, 761, 762, 763, 764, 765, 766, 767, 768, 769, 770, 771, 772, 773, 774, 775, 776, 777, 778, 779, 780, 781, 782, 783, 784, 785, 786, 787, 788, 789, 790, 791, 792, 793]","[298, 339, 428, 757, 795, 880]","[56, 243, 274, 298, 533, 707, 733, 757]","[105, 114, 138, 141, 152, 153, 154, 155, 157, 159, 164, 165, 176, 182, 191, 192, 194, 195, 196, 200, 204, 208, 209, 210, 211, 215, 226, 228, 241, 242, 243, 245, 248, 249, 250, 257, 261, 270, 271, 282, 287, 289, 291, 294, 296, 298, 306, 308, 309, 311, 314, 327, 333, 335, 337, 576, 585, 609, 612, 623, 624, 626, 627, 629, 631, 636, 637, 647, 653, 662, 663, 665, 666, 667, 671, 674, 678, 679, 680, 681, 690, 692, 705, 706, 707, 709, 711, 712, 713, 719, 721, 729, 730, 741, 746, 748, 750, 753, 755, 757, 764, 766, 767, 769, 772, 785, 791]","[26, 300, 390, 474, 486, 509, 759, 840, 922, 926]","[26, 390, 474, 486, 509, 840, 922, 926]",5/6 successful match,True,[545],True,257,False,,1.0,True,Superfine Texaco Truck Stop,Texaco
Superfine Truck Stop,"BSun 4818-767-2570 Valley , 91352 I-5 Exit 152 ( 8730 Lankershim Blvd )",) 24 <U+2610> <U+2610>,,91352,,818-767-2570,2008,Sun Valley,CA,,( 8730 Lankershim Blvd ),"Valley, I-5 Exit 152",Exit,152,False,,False,I-5,,,,,"[298, 757]","[298, 757]","[298, 339, 428, 757, 795, 880]","[56, 243, 274, 298, 533, 707, 733, 757]","[103, 104, 105, 106, 107, 108, 109, 110, 111, 112, 113, 114, 115, 116, 117, 118, 119, 120, 121, 122, 123, 124, 125, 126, 127, 128, 129, 130, 131, 132, 133, 134, 135, 136, 137, 138, 139, 140, 141, 142, 143, 144, 145, 146, 147, 148, 149, 150, 151, 152, 153, 154, 155, 156, 157, 158, 159, 160, 161, 162, 163, 164, 165, 166, 167, 168, 169, 170, 171, 172, 173, 174, 175, 176, 177, 178, 179, 180, 181, 182, 183, 184, 185, 186, 187, 188, 189, 190, 191, 192, 193, 194, 195, 196, 197, 198, 199, 200, 201, 202, 203, 204, 205, 206, 207, 208, 209, 210, 211, 212, 213, 214, 215, 216, 217, 218, 219, 220, 221, 222, 223, 224, 225, 226, 227, 228, 229, 230, 231, 232, 233, 234, 235, 236, 237, 238, 239, 240, 241, 242, 243, 244, 245, 246, 247, 248, 249, 250, 251, 252, 253, 254, 255, 256, 257, 258, 259, 260, 261, 262, 263, 264, 265, 266, 267, 268, 269, 270, 271, 272, 273, 274, 275, 276, 277, 278, 279, 280, 281, 282, 283, 284, 285, 286, 287, 288, 289, 290, 291, 292, 293, 294, 295, 296, 297, 298, 299, 300, 301, 302, 303, 304, 305, 306, 307, 308, 309, 310, 311, 312, 313, 314, 315, 316, 317, 318, 319, 320, 321, 322, 323, 324, 325, 326, 327, 328, 329, 330, 331, 332, 333, 334, 335, 336, 337, 574, 575, 576, 577, 578, 579, 580, 581, 582, 583, 584, 585, 586, 587, 588, 589, 590, 591, 592, 593, 594, 595, 596, 597, 598, 599, 600, 601, 602, 603, 604, 605, 606, 607, 608, 609, 610, 611, 612, 613, 614, 615, 616, 617, 618, 619, 620, 621, 622, 623, 624, 625, 626, 627, 628, 629, 630, 631, 632, 633, 634, 635, 636, 637, 638, 639, 640, 641, 642, 643, 644, 645, 646, 647, 648, 649, 650, 651, 652, 653, 654, 655, 656, 657, 658, 659, 660, 661, 662, 663, 664, 665, 666, 667, 668, 669, 670, 671, 672, 673, 674, 675, 676, 677, 678, 679, 680, 681, 682, 683, 684, 685, 686, 687, 688, 689, 690, 691, 692, 693, 694, 695, 696, 697, 698, 699, 700, 701, 702, 703, 704, 705, 706, 707, 708, 709, 710, 711, 712, 713, 714, 715, 716, 717, 718, 719, 720, 721, 722, 723, 724, 725, 726, 727, 728, 729, 730, 731, 732, 733, 734, 735, 736, 737, 738, 739, 740, 741, 742, 743, 744, 745, 746, 747, 748, 749, 750, 751, 752, 753, 754, 755, 756, 757, 758, 759, 760, 761, 762, 763, 764, 765, 766, 767, 768, 769, 770, 771, 772, 773, 774, 775, 776, 777, 778, 779, 780, 781, 782, 783, 784, 785, 786, 787, 788, 789, 790, 791, 792, 793]","[105, 114, 138, 141, 152, 153, 154, 155, 157, 159, 164, 165, 176, 182, 191, 192, 194, 195, 196, 200, 204, 208, 209, 210, 211, 215, 226, 228, 241, 242, 243, 245, 248, 249, 250, 257, 261, 270, 271, 282, 287, 289, 291, 294, 296, 298, 306, 308, 309, 311, 314, 327, 333, 335, 337, 576, 585, 609, 612, 623, 624, 626, 627, 629, 631, 636, 637, 647, 653, 662, 663, 665, 666, 667, 671, 674, 678, 679, 680, 681, 690, 692, 705, 706, 707, 709, 711, 712, 713, 719, 721, 729, 730, 741, 746, 748, 750, 753, 755, 757, 764, 766, 767, 769, 772, 785, 791]",[],[],"[56, 103, 104, 105, 106, 107, 108, 109, 110, 111, 112, 113, 114, 115, 116, 117, 118, 119, 120, 121, 122, 123, 124, 125, 126, 127, 128, 129, 130, 131, 132, 133, 134, 135, 136, 137, 138, 139, 140, 141, 142, 143, 144, 145, 146, 147, 148, 149, 150, 151, 152, 153, 154, 155, 156, 157, 158, 159, 160, 161, 162, 163, 164, 165, 166, 167, 168, 169, 170, 171, 172, 173, 174, 175, 176, 177, 178, 179, 180, 181, 182, 183, 184, 185, 186, 187, 188, 189, 190, 191, 192, 193, 194, 195, 196, 197, 198, 199, 200, 201, 202, 203, 204, 205, 206, 207, 208, 209, 210, 211, 212, 213, 214, 215, 216, 217, 218, 219, 220, 221, 222, 223, 224, 225, 226, 227, 228, 229, 230, 231, 232, 233, 234, 235, 236, 237, 238, 239, 240, 241, 242, 243, 244, 245, 246, 247, 248, 249, 250, 251, 252, 253, 254, 255, 256, 257, 258, 259, 260, 261, 262, 263, 264, 265, 266, 267, 268, 269, 270, 271, 272, 273, 274, 275, 276, 277, 278, 279, 280, 281, 282, 283, 284, 285, 286, 287, 288, 289, 290, 291, 292, 293, 294, 295, 296, 297, 298, 299, 300, 301, 302, 303, 304, 305, 306, 307, 308, 309, 310, 311, 312, 313, 314, 315, 316, 317, 318, 319, 320, 321, 322, 323, 324, 325, 326, 327, 328, 329, 330, 331, 332, 333, 334, 335, 336, 337, 339, 428, 533, 574, 575, 576, 577, 578, 579, 580, 581, 582, 583, 584, 585, 586, 587, 588, 589, 590, 591, 592, 593, 594, 595, 596, 597, 598, 599, 600, 601, 602, 603, 604, 605, 606, 607, 608, 609, 610, 611, 612, 613, 614, 615, 616, 617, 618, 619, 620, 621, 622, 623, 624, 625, 626, 627, 628, 629, 630, 631, 632, 633, 634, 635, 636, 637, 638, 639, 640, 641, 642, 643, 644, 645, 646, 647, 648, 649, 650, 651, 652, 653, 654, 655, 656, 657, 658, 659, 660, 661, 662, 663, 664, 665, 666, 667, 668, 669, 670, 671, 672, 673, 674, 675, 676, 677, 678, 679, 680, 681, 682, 683, 684, 685, 686, 687, 688, 689, 690, 691, 692, 693, 694, 695, 696, 697, 698, 699, 700, 701, 702, 703, 704, 705, 706, 707, 708, 709, 710, 711, 712, 713, 714, 715, 716, 717, 718, 719, 720, 721, 722, 723, 724, 725, 726, 727, 728, 729, 730, 731, 732, 733, 734, 735, 736, 737, 738, 739, 740, 741, 742, 743, 744, 745, 746, 747, 748, 749, 750, 751, 752, 753, 754, 755, 756, 757, 758, 759, 760, 761, 762, 763, 764, 765, 766, 767, 768, 769, 770, 771, 772, 773, 774, 775, 776, 777, 778, 779, 780, 781, 782, 783, 784, 785, 786, 787, 788, 789, 790, 791, 792, 793, 795, 880]",True,"[298, 757]","[103, 104, 105, 106, 107, 108, 109, 110, 111, 112, 113, 114, 115, 116, 117, 118, 119, 120, 121, 122, 123, 124, 125, 126, 127, 128, 129, 130, 131, 132, 133, 134, 135, 136, 137, 138, 139, 140, 141, 142, 143, 144, 145, 146, 147, 148, 149, 150, 151, 152, 153, 154, 155, 156, 157, 158, 159, 160, 161, 162, 163, 164, 165, 166, 167, 168, 169, 170, 171, 172, 173, 174, 175, 176, 177, 178, 179, 180, 181, 182, 183, 184, 185, 186, 187, 188, 189, 190, 191, 192, 193, 194, 195, 196, 197, 198, 199, 200, 201, 202, 203, 204, 205, 206, 207, 208, 209, 210, 211, 212, 213, 214, 215, 216, 217, 218, 219, 220, 221, 222, 223, 224, 225, 226, 227, 228, 229, 230, 231, 232, 233, 234, 235, 236, 237, 238, 239, 240, 241, 242, 243, 244, 245, 246, 247, 248, 249, 250, 251, 252, 253, 254, 255, 256, 257, 258, 259, 260, 261, 262, 263, 264, 265, 266, 267, 268, 269, 270, 271, 272, 273, 274, 275, 276, 277, 278, 279, 280, 281, 282, 283, 284, 285, 286, 287, 288, 289, 290, 291, 292, 293, 294, 295, 296, 297, 298, 299, 300, 301, 302, 303, 304, 305, 306, 307, 308, 309, 310, 311, 312, 313, 314, 315, 316, 317, 318, 319, 320, 321, 322, 323, 324, 325, 326, 327, 328, 329, 330, 331, 332, 333, 334, 335, 336, 337, 574, 575, 576, 577, 578, 579, 580, 581, 582, 583, 584, 585, 586, 587, 588, 589, 590, 591, 592, 593, 594, 595, 596, 597, 598, 599, 600, 601, 602, 603, 604, 605, 606, 607, 608, 609, 610, 611, 612, 613, 614, 615, 616, 617, 618, 619, 620, 621, 622, 623, 624, 625, 626, 627, 628, 629, 630, 631, 632, 633, 634, 635, 636, 637, 638, 639, 640, 641, 642, 643, 644, 645, 646, 647, 648, 649, 650, 651, 652, 653, 654, 655, 656, 657, 658, 659, 660, 661, 662, 663, 664, 665, 666, 667, 668, 669, 670, 671, 672, 673, 674, 675, 676, 677, 678, 679, 680, 681, 682, 683, 684, 685, 686, 687, 688, 689, 690, 691, 692, 693, 694, 695, 696, 697, 698, 699, 700, 701, 702, 703, 704, 705, 706, 707, 708, 709, 710, 711, 712, 713, 714, 715, 716, 717, 718, 719, 720, 721, 722, 723, 724, 725, 726, 727, 728, 729, 730, 731, 732, 733, 734, 735, 736, 737, 738, 739, 740, 741, 742, 743, 744, 745, 746, 747, 748, 749, 750, 751, 752, 753, 754, 755, 756, 757, 758, 759, 760, 761, 762, 763, 764, 765, 766, 767, 768, 769, 770, 771, 772, 773, 774, 775, 776, 777, 778, 779, 780, 781, 782, 783, 784, 785, 786, 787, 788, 789, 790, 791, 792, 793]","[298, 339, 428, 757, 795, 880]","[56, 243, 274, 298, 533, 707, 733, 757]","[105, 114, 138, 141, 152, 153, 154, 155, 157, 159, 164, 165, 176, 182, 191, 192, 194, 195, 196, 200, 204, 208, 209, 210, 211, 215, 226, 228, 241, 242, 243, 245, 248, 249, 250, 257, 261, 270, 271, 282, 287, 289, 291, 294, 296, 298, 306, 308, 309, 311, 314, 327, 333, 335, 337, 576, 585, 609, 612, 623, 624, 626, 627, 629, 631, 636, 637, 647, 653, 662, 663, 665, 666, 667, 671, 674, 678, 679, 680, 681, 690, 692, 705, 706, 707, 709, 711, 712, 713, 719, 721, 729, 730, 741, 746, 748, 750, 753, 755, 757, 764, 766, 767, 769, 772, 785, 791]",[],[],7/6 successful match,True,[545],True,257,True,2008,0.0,True,Superfine Texaco Truck Stop,Texaco
Sun Valley ( 91352 ) Superfine Truck Stop,818-767-2570 I-5 Exit 152 ( Lankershim Blvd N ),24 <U+2610> <U+25A1>,Sun Valley,91352,Superfine Truck Stop,818-767-2570,2014,Sun Valley,CA,,( Lankershim Blvd N ),I-5 Exit 152 ,Exit,152,False,,False,I-5,,,,,"[298, 757]","[298, 757]","[298, 339, 428, 757, 795, 880]","[56, 243, 274, 298, 533, 707, 733, 757]","[103, 104, 105, 106, 107, 108, 109, 110, 111, 112, 113, 114, 115, 116, 117, 118, 119, 120, 121, 122, 123, 124, 125, 126, 127, 128, 129, 130, 131, 132, 133, 134, 135, 136, 137, 138, 139, 140, 141, 142, 143, 144, 145, 146, 147, 148, 149, 150, 151, 152, 153, 154, 155, 156, 157, 158, 159, 160, 161, 162, 163, 164, 165, 166, 167, 168, 169, 170, 171, 172, 173, 174, 175, 176, 177, 178, 179, 180, 181, 182, 183, 184, 185, 186, 187, 188, 189, 190, 191, 192, 193, 194, 195, 196, 197, 198, 199, 200, 201, 202, 203, 204, 205, 206, 207, 208, 209, 210, 211, 212, 213, 214, 215, 216, 217, 218, 219, 220, 221, 222, 223, 224, 225, 226, 227, 228, 229, 230, 231, 232, 233, 234, 235, 236, 237, 238, 239, 240, 241, 242, 243, 244, 245, 246, 247, 248, 249, 250, 251, 252, 253, 254, 255, 256, 257, 258, 259, 260, 261, 262, 263, 264, 265, 266, 267, 268, 269, 270, 271, 272, 273, 274, 275, 276, 277, 278, 279, 280, 281, 282, 283, 284, 285, 286, 287, 288, 289, 290, 291, 292, 293, 294, 295, 296, 297, 298, 299, 300, 301, 302, 303, 304, 305, 306, 307, 308, 309, 310, 311, 312, 313, 314, 315, 316, 317, 318, 319, 320, 321, 322, 323, 324, 325, 326, 327, 328, 329, 330, 331, 332, 333, 334, 335, 336, 337, 574, 575, 576, 577, 578, 579, 580, 581, 582, 583, 584, 585, 586, 587, 588, 589, 590, 591, 592, 593, 594, 595, 596, 597, 598, 599, 600, 601, 602, 603, 604, 605, 606, 607, 608, 609, 610, 611, 612, 613, 614, 615, 616, 617, 618, 619, 620, 621, 622, 623, 624, 625, 626, 627, 628, 629, 630, 631, 632, 633, 634, 635, 636, 637, 638, 639, 640, 641, 642, 643, 644, 645, 646, 647, 648, 649, 650, 651, 652, 653, 654, 655, 656, 657, 658, 659, 660, 661, 662, 663, 664, 665, 666, 667, 668, 669, 670, 671, 672, 673, 674, 675, 676, 677, 678, 679, 680, 681, 682, 683, 684, 685, 686, 687, 688, 689, 690, 691, 692, 693, 694, 695, 696, 697, 698, 699, 700, 701, 702, 703, 704, 705, 706, 707, 708, 709, 710, 711, 712, 713, 714, 715, 716, 717, 718, 719, 720, 721, 722, 723, 724, 725, 726, 727, 728, 729, 730, 731, 732, 733, 734, 735, 736, 737, 738, 739, 740, 741, 742, 743, 744, 745, 746, 747, 748, 749, 750, 751, 752, 753, 754, 755, 756, 757, 758, 759, 760, 761, 762, 763, 764, 765, 766, 767, 768, 769, 770, 771, 772, 773, 774, 775, 776, 777, 778, 779, 780, 781, 782, 783, 784, 785, 786, 787, 788, 789, 790, 791, 792, 793]","[105, 114, 138, 141, 152, 153, 154, 155, 157, 159, 164, 165, 176, 182, 191, 192, 194, 195, 196, 200, 204, 208, 209, 210, 211, 215, 226, 228, 241, 242, 243, 245, 248, 249, 250, 257, 261, 270, 271, 282, 287, 289, 291, 294, 296, 298, 306, 308, 309, 311, 314, 327, 333, 335, 337, 576, 585, 609, 612, 623, 624, 626, 627, 629, 631, 636, 637, 647, 653, 662, 663, 665, 666, 667, 671, 674, 678, 679, 680, 681, 690, 692, 705, 706, 707, 709, 711, 712, 713, 719, 721, 729, 730, 741, 746, 748, 750, 753, 755, 757, 764, 766, 767, 769, 772, 785, 791]",[],"[300, 759]","[56, 103, 104, 105, 106, 107, 108, 109, 110, 111, 112, 113, 114, 115, 116, 117, 118, 119, 120, 121, 122, 123, 124, 125, 126, 127, 128, 129, 130, 131, 132, 133, 134, 135, 136, 137, 138, 139, 140, 141, 142, 143, 144, 145, 146, 147, 148, 149, 150, 151, 152, 153, 154, 155, 156, 157, 158, 159, 160, 161, 162, 163, 164, 165, 166, 167, 168, 169, 170, 171, 172, 173, 174, 175, 176, 177, 178, 179, 180, 181, 182, 183, 184, 185, 186, 187, 188, 189, 190, 191, 192, 193, 194, 195, 196, 197, 198, 199, 200, 201, 202, 203, 204, 205, 206, 207, 208, 209, 210, 211, 212, 213, 214, 215, 216, 217, 218, 219, 220, 221, 222, 223, 224, 225, 226, 227, 228, 229, 230, 231, 232, 233, 234, 235, 236, 237, 238, 239, 240, 241, 242, 243, 244, 245, 246, 247, 248, 249, 250, 251, 252, 253, 254, 255, 256, 257, 258, 259, 260, 261, 262, 263, 264, 265, 266, 267, 268, 269, 270, 271, 272, 273, 274, 275, 276, 277, 278, 279, 280, 281, 282, 283, 284, 285, 286, 287, 288, 289, 290, 291, 292, 293, 294, 295, 296, 297, 298, 299, 300, 301, 302, 303, 304, 305, 306, 307, 308, 309, 310, 311, 312, 313, 314, 315, 316, 317, 318, 319, 320, 321, 322, 323, 324, 325, 326, 327, 328, 329, 330, 331, 332, 333, 334, 335, 336, 337, 339, 428, 533, 574, 575, 576, 577, 578, 579, 580, 581, 582, 583, 584, 585, 586, 587, 588, 589, 590, 591, 592, 593, 594, 595, 596, 597, 598, 599, 600, 601, 602, 603, 604, 605, 606, 607, 608, 609, 610, 611, 612, 613, 614, 615, 616, 617, 618, 619, 620, 621, 622, 623, 624, 625, 626, 627, 628, 629, 630, 631, 632, 633, 634, 635, 636, 637, 638, 639, 640, 641, 642, 643, 644, 645, 646, 647, 648, 649, 650, 651, 652, 653, 654, 655, 656, 657, 658, 659, 660, 661, 662, 663, 664, 665, 666, 667, 668, 669, 670, 671, 672, 673, 674, 675, 676, 677, 678, 679, 680, 681, 682, 683, 684, 685, 686, 687, 688, 689, 690, 691, 692, 693, 694, 695, 696, 697, 698, 699, 700, 701, 702, 703, 704, 705, 706, 707, 708, 709, 710, 711, 712, 713, 714, 715, 716, 717, 718, 719, 720, 721, 722, 723, 724, 725, 726, 727, 728, 729, 730, 731, 732, 733, 734, 735, 736, 737, 738, 739, 740, 741, 742, 743, 744, 745, 746, 747, 748, 749, 750, 751, 752, 753, 754, 755, 756, 757, 758, 759, 760, 761, 762, 763, 764, 765, 766, 767, 768, 769, 770, 771, 772, 773, 774, 775, 776, 777, 778, 779, 780, 781, 782, 783, 784, 785, 786, 787, 788, 789, 790, 791, 792, 793, 795, 880]",True,"[298, 757]","[103, 104, 105, 106, 107, 108, 109, 110, 111, 112, 113, 114, 115, 116, 117, 118, 119, 120, 121, 122, 123, 124, 125, 126, 127, 128, 129, 130, 131, 132, 133, 134, 135, 136, 137, 138, 139, 140, 141, 142, 143, 144, 145, 146, 147, 148, 149, 150, 151, 152, 153, 154, 155, 156, 157, 158, 159, 160, 161, 162, 163, 164, 165, 166, 167, 168, 169, 170, 171, 172, 173, 174, 175, 176, 177, 178, 179, 180, 181, 182, 183, 184, 185, 186, 187, 188, 189, 190, 191, 192, 193, 194, 195, 196, 197, 198, 199, 200, 201, 202, 203, 204, 205, 206, 207, 208, 209, 210, 211, 212, 213, 214, 215, 216, 217, 218, 219, 220, 221, 222, 223, 224, 225, 226, 227, 228, 229, 230, 231, 232, 233, 234, 235, 236, 237, 238, 239, 240, 241, 242, 243, 244, 245, 246, 247, 248, 249, 250, 251, 252, 253, 254, 255, 256, 257, 258, 259, 260, 261, 262, 263, 264, 265, 266, 267, 268, 269, 270, 271, 272, 273, 274, 275, 276, 277, 278, 279, 280, 281, 282, 283, 284, 285, 286, 287, 288, 289, 290, 291, 292, 293, 294, 295, 296, 297, 298, 299, 300, 301, 302, 303, 304, 305, 306, 307, 308, 309, 310, 311, 312, 313, 314, 315, 316, 317, 318, 319, 320, 321, 322, 323, 324, 325, 326, 327, 328, 329, 330, 331, 332, 333, 334, 335, 336, 337, 574, 575, 576, 577, 578, 579, 580, 581, 582, 583, 584, 585, 586, 587, 588, 589, 590, 591, 592, 593, 594, 595, 596, 597, 598, 599, 600, 601, 602, 603, 604, 605, 606, 607, 608, 609, 610, 611, 612, 613, 614, 615, 616, 617, 618, 619, 620, 621, 622, 623, 624, 625, 626, 627, 628, 629, 630, 631, 632, 633, 634, 635, 636, 637, 638, 639, 640, 641, 642, 643, 644, 645, 646, 647, 648, 649, 650, 651, 652, 653, 654, 655, 656, 657, 658, 659, 660, 661, 662, 663, 664, 665, 666, 667, 668, 669, 670, 671, 672, 673, 674, 675, 676, 677, 678, 679, 680, 681, 682, 683, 684, 685, 686, 687, 688, 689, 690, 691, 692, 693, 694, 695, 696, 697, 698, 699, 700, 701, 702, 703, 704, 705, 706, 707, 708, 709, 710, 711, 712, 713, 714, 715, 716, 717, 718, 719, 720, 721, 722, 723, 724, 725, 726, 727, 728, 729, 730, 731, 732, 733, 734, 735, 736, 737, 738, 739, 740, 741, 742, 743, 744, 745, 746, 747, 748, 749, 750, 751, 752, 753, 754, 755, 756, 757, 758, 759, 760, 761, 762, 763, 764, 765, 766, 767, 768, 769, 770, 771, 772, 773, 774, 775, 776, 777, 778, 779, 780, 781, 782, 783, 784, 785, 786, 787, 788, 789, 790, 791, 792, 793]","[298, 339, 428, 757, 795, 880]","[56, 243, 274, 298, 533, 707, 733, 757]","[105, 114, 138, 141, 152, 153, 154, 155, 157, 159, 164, 165, 176, 182, 191, 192, 194, 195, 196, 200, 204, 208, 209, 210, 211, 215, 226, 228, 241, 242, 243, 245, 248, 249, 250, 257, 261, 270, 271, 282, 287, 289, 291, 294, 296, 298, 306, 308, 309, 311, 314, 327, 333, 335, 337, 576, 585, 609, 612, 623, 624, 626, 627, 629, 631, 636, 637, 647, 653, 662, 663, 665, 666, 667, 671, 674, 678, 679, 680, 681, 690, 692, 705, 706, 707, 709, 711, 712, 713, 719, 721, 729, 730, 741, 746, 748, 750, 753, 755, 757, 764, 766, 767, 769, 772, 785, 791]","[300, 759]",[],5/6 successful match,True,[545],True,257,True,2014,0.0,True,,
B Sun Valley ( 91352 ) Superfine Truck ( CA Stop 4 W ),818-767-2570 I-5 Exit 152 (,24,Sun Valley,91352,Superfine Truck ( CA Stop 4 W ),818-767-2570,2015,Sun Valley,CA,,(,I-5 Exit 152 ,Exit,152,False,,False,I-5,,,,,"[298, 757]","[298, 757]","[298, 339, 428, 757, 795, 880]","[56, 243, 274, 298, 533, 707, 733, 757]","[103, 104, 105, 106, 107, 108, 109, 110, 111, 112, 113, 114, 115, 116, 117, 118, 119, 120, 121, 122, 123, 124, 125, 126, 127, 128, 129, 130, 131, 132, 133, 134, 135, 136, 137, 138, 139, 140, 141, 142, 143, 144, 145, 146, 147, 148, 149, 150, 151, 152, 153, 154, 155, 156, 157, 158, 159, 160, 161, 162, 163, 164, 165, 166, 167, 168, 169, 170, 171, 172, 173, 174, 175, 176, 177, 178, 179, 180, 181, 182, 183, 184, 185, 186, 187, 188, 189, 190, 191, 192, 193, 194, 195, 196, 197, 198, 199, 200, 201, 202, 203, 204, 205, 206, 207, 208, 209, 210, 211, 212, 213, 214, 215, 216, 217, 218, 219, 220, 221, 222, 223, 224, 225, 226, 227, 228, 229, 230, 231, 232, 233, 234, 235, 236, 237, 238, 239, 240, 241, 242, 243, 244, 245, 246, 247, 248, 249, 250, 251, 252, 253, 254, 255, 256, 257, 258, 259, 260, 261, 262, 263, 264, 265, 266, 267, 268, 269, 270, 271, 272, 273, 274, 275, 276, 277, 278, 279, 280, 281, 282, 283, 284, 285, 286, 287, 288, 289, 290, 291, 292, 293, 294, 295, 296, 297, 298, 299, 300, 301, 302, 303, 304, 305, 306, 307, 308, 309, 310, 311, 312, 313, 314, 315, 316, 317, 318, 319, 320, 321, 322, 323, 324, 325, 326, 327, 328, 329, 330, 331, 332, 333, 334, 335, 336, 337, 574, 575, 576, 577, 578, 579, 580, 581, 582, 583, 584, 585, 586, 587, 588, 589, 590, 591, 592, 593, 594, 595, 596, 597, 598, 599, 600, 601, 602, 603, 604, 605, 606, 607, 608, 609, 610, 611, 612, 613, 614, 615, 616, 617, 618, 619, 620, 621, 622, 623, 624, 625, 626, 627, 628, 629, 630, 631, 632, 633, 634, 635, 636, 637, 638, 639, 640, 641, 642, 643, 644, 645, 646, 647, 648, 649, 650, 651, 652, 653, 654, 655, 656, 657, 658, 659, 660, 661, 662, 663, 664, 665, 666, 667, 668, 669, 670, 671, 672, 673, 674, 675, 676, 677, 678, 679, 680, 681, 682, 683, 684, 685, 686, 687, 688, 689, 690, 691, 692, 693, 694, 695, 696, 697, 698, 699, 700, 701, 702, 703, 704, 705, 706, 707, 708, 709, 710, 711, 712, 713, 714, 715, 716, 717, 718, 719, 720, 721, 722, 723, 724, 725, 726, 727, 728, 729, 730, 731, 732, 733, 734, 735, 736, 737, 738, 739, 740, 741, 742, 743, 744, 745, 746, 747, 748, 749, 750, 751, 752, 753, 754, 755, 756, 757, 758, 759, 760, 761, 762, 763, 764, 765, 766, 767, 768, 769, 770, 771, 772, 773, 774, 775, 776, 777, 778, 779, 780, 781, 782, 783, 784, 785, 786, 787, 788, 789, 790, 791, 792, 793]","[105, 114, 138, 141, 152, 153, 154, 155, 157, 159, 164, 165, 176, 182, 191, 192, 194, 195, 196, 200, 204, 208, 209, 210, 211, 215, 226, 228, 241, 242, 243, 245, 248, 249, 250, 257, 261, 270, 271, 282, 287, 289, 291, 294, 296, 298, 306, 308, 309, 311, 314, 327, 333, 335, 337, 576, 585, 609, 612, 623, 624, 626, 627, 629, 631, 636, 637, 647, 653, 662, 663, 665, 666, 667, 671, 674, 678, 679, 680, 681, 690, 692, 705, 706, 707, 709, 711, 712, 713, 719, 721, 729, 730, 741, 746, 748, 750, 753, 755, 757, 764, 766, 767, 769, 772, 785, 791]",[],"[300, 759]","[56, 103, 104, 105, 106, 107, 108, 109, 110, 111, 112, 113, 114, 115, 116, 117, 118, 119, 120, 121, 122, 123, 124, 125, 126, 127, 128, 129, 130, 131, 132, 133, 134, 135, 136, 137, 138, 139, 140, 141, 142, 143, 144, 145, 146, 147, 148, 149, 150, 151, 152, 153, 154, 155, 156, 157, 158, 159, 160, 161, 162, 163, 164, 165, 166, 167, 168, 169, 170, 171, 172, 173, 174, 175, 176, 177, 178, 179, 180, 181, 182, 183, 184, 185, 186, 187, 188, 189, 190, 191, 192, 193, 194, 195, 196, 197, 198, 199, 200, 201, 202, 203, 204, 205, 206, 207, 208, 209, 210, 211, 212, 213, 214, 215, 216, 217, 218, 219, 220, 221, 222, 223, 224, 225, 226, 227, 228, 229, 230, 231, 232, 233, 234, 235, 236, 237, 238, 239, 240, 241, 242, 243, 244, 245, 246, 247, 248, 249, 250, 251, 252, 253, 254, 255, 256, 257, 258, 259, 260, 261, 262, 263, 264, 265, 266, 267, 268, 269, 270, 271, 272, 273, 274, 275, 276, 277, 278, 279, 280, 281, 282, 283, 284, 285, 286, 287, 288, 289, 290, 291, 292, 293, 294, 295, 296, 297, 298, 299, 300, 301, 302, 303, 304, 305, 306, 307, 308, 309, 310, 311, 312, 313, 314, 315, 316, 317, 318, 319, 320, 321, 322, 323, 324, 325, 326, 327, 328, 329, 330, 331, 332, 333, 334, 335, 336, 337, 339, 428, 533, 574, 575, 576, 577, 578, 579, 580, 581, 582, 583, 584, 585, 586, 587, 588, 589, 590, 591, 592, 593, 594, 595, 596, 597, 598, 599, 600, 601, 602, 603, 604, 605, 606, 607, 608, 609, 610, 611, 612, 613, 614, 615, 616, 617, 618, 619, 620, 621, 622, 623, 624, 625, 626, 627, 628, 629, 630, 631, 632, 633, 634, 635, 636, 637, 638, 639, 640, 641, 642, 643, 644, 645, 646, 647, 648, 649, 650, 651, 652, 653, 654, 655, 656, 657, 658, 659, 660, 661, 662, 663, 664, 665, 666, 667, 668, 669, 670, 671, 672, 673, 674, 675, 676, 677, 678, 679, 680, 681, 682, 683, 684, 685, 686, 687, 688, 689, 690, 691, 692, 693, 694, 695, 696, 697, 698, 699, 700, 701, 702, 703, 704, 705, 706, 707, 708, 709, 710, 711, 712, 713, 714, 715, 716, 717, 718, 719, 720, 721, 722, 723, 724, 725, 726, 727, 728, 729, 730, 731, 732, 733, 734, 735, 736, 737, 738, 739, 740, 741, 742, 743, 744, 745, 746, 747, 748, 749, 750, 751, 752, 753, 754, 755, 756, 757, 758, 759, 760, 761, 762, 763, 764, 765, 766, 767, 768, 769, 770, 771, 772, 773, 774, 775, 776, 777, 778, 779, 780, 781, 782, 783, 784, 785, 786, 787, 788, 789, 790, 791, 792, 793, 795, 880]",True,"[298, 757]","[103, 104, 105, 106, 107, 108, 109, 110, 111, 112, 113, 114, 115, 116, 117, 118, 119, 120, 121, 122, 123, 124, 125, 126, 127, 128, 129, 130, 131, 132, 133, 134, 135, 136, 137, 138, 139, 140, 141, 142, 143, 144, 145, 146, 147, 148, 149, 150, 151, 152, 153, 154, 155, 156, 157, 158, 159, 160, 161, 162, 163, 164, 165, 166, 167, 168, 169, 170, 171, 172, 173, 174, 175, 176, 177, 178, 179, 180, 181, 182, 183, 184, 185, 186, 187, 188, 189, 190, 191, 192, 193, 194, 195, 196, 197, 198, 199, 200, 201, 202, 203, 204, 205, 206, 207, 208, 209, 210, 211, 212, 213, 214, 215, 216, 217, 218, 219, 220, 221, 222, 223, 224, 225, 226, 227, 228, 229, 230, 231, 232, 233, 234, 235, 236, 237, 238, 239, 240, 241, 242, 243, 244, 245, 246, 247, 248, 249, 250, 251, 252, 253, 254, 255, 256, 257, 258, 259, 260, 261, 262, 263, 264, 265, 266, 267, 268, 269, 270, 271, 272, 273, 274, 275, 276, 277, 278, 279, 280, 281, 282, 283, 284, 285, 286, 287, 288, 289, 290, 291, 292, 293, 294, 295, 296, 297, 298, 299, 300, 301, 302, 303, 304, 305, 306, 307, 308, 309, 310, 311, 312, 313, 314, 315, 316, 317, 318, 319, 320, 321, 322, 323, 324, 325, 326, 327, 328, 329, 330, 331, 332, 333, 334, 335, 336, 337, 574, 575, 576, 577, 578, 579, 580, 581, 582, 583, 584, 585, 586, 587, 588, 589, 590, 591, 592, 593, 594, 595, 596, 597, 598, 599, 600, 601, 602, 603, 604, 605, 606, 607, 608, 609, 610, 611, 612, 613, 614, 615, 616, 617, 618, 619, 620, 621, 622, 623, 624, 625, 626, 627, 628, 629, 630, 631, 632, 633, 634, 635, 636, 637, 638, 639, 640, 641, 642, 643, 644, 645, 646, 647, 648, 649, 650, 651, 652, 653, 654, 655, 656, 657, 658, 659, 660, 661, 662, 663, 664, 665, 666, 667, 668, 669, 670, 671, 672, 673, 674, 675, 676, 677, 678, 679, 680, 681, 682, 683, 684, 685, 686, 687, 688, 689, 690, 691, 692, 693, 694, 695, 696, 697, 698, 699, 700, 701, 702, 703, 704, 705, 706, 707, 708, 709, 710, 711, 712, 713, 714, 715, 716, 717, 718, 719, 720, 721, 722, 723, 724, 725, 726, 727, 728, 729, 730, 731, 732, 733, 734, 735, 736, 737, 738, 739, 740, 741, 742, 743, 744, 745, 746, 747, 748, 749, 750, 751, 752, 753, 754, 755, 756, 757, 758, 759, 760, 761, 762, 763, 764, 765, 766, 767, 768, 769, 770, 771, 772, 773, 774, 775, 776, 777, 778, 779, 780, 781, 782, 783, 784, 785, 786, 787, 788, 789, 790, 791, 792, 793]","[298, 339, 428, 757, 795, 880]","[56, 243, 274, 298, 533, 707, 733, 757]","[105, 114, 138, 141, 152, 153, 154, 155, 157, 159, 164, 165, 176, 182, 191, 192, 194, 195, 196, 200, 204, 208, 209, 210, 211, 215, 226, 228, 241, 242, 243, 245, 248, 249, 250, 257, 261, 270, 271, 282, 287, 289, 291, 294, 296, 298, 306, 308, 309, 311, 314, 327, 333, 335, 337, 576, 585, 609, 612, 623, 624, 626, 627, 629, 631, 636, 637, 647, 653, 662, 663, 665, 666, 667, 671, 674, 678, 679, 680, 681, 690, 692, 705, 706, 707, 709, 711, 712, 713, 719, 721, 729, 730, 741, 746, 748, 750, 753, 755, 757, 764, 766, 767, 769, 772, 785, 791]","[300, 759]",[],5/6 successful match,True,[545],True,257,False,,0.8352941176470587,True,Superfine Truck Stop,
B Sun Valley ( 91352 ) Superfine Truck ( CA Stop 4 W ),818-767-2570 I-5 Exit 152 ( Lankershim Blvd N ),24,Sun Valley,91352,Superfine Truck ( CA Stop 4 W ),818-767-2570,2016,Sun Valley,CA,,( Lankershim Blvd N ),I-5 Exit 152 ,Exit,152,False,,False,I-5,,,,,"[298, 757]","[298, 757]","[298, 339, 428, 757, 795, 880]","[56, 243, 274, 298, 533, 707, 733, 757]","[103, 104, 105, 106, 107, 108, 109, 110, 111, 112, 113, 114, 115, 116, 117, 118, 119, 120, 121, 122, 123, 124, 125, 126, 127, 128, 129, 130, 131, 132, 133, 134, 135, 136, 137, 138, 139, 140, 141, 142, 143, 144, 145, 146, 147, 148, 149, 150, 151, 152, 153, 154, 155, 156, 157, 158, 159, 160, 161, 162, 163, 164, 165, 166, 167, 168, 169, 170, 171, 172, 173, 174, 175, 176, 177, 178, 179, 180, 181, 182, 183, 184, 185, 186, 187, 188, 189, 190, 191, 192, 193, 194, 195, 196, 197, 198, 199, 200, 201, 202, 203, 204, 205, 206, 207, 208, 209, 210, 211, 212, 213, 214, 215, 216, 217, 218, 219, 220, 221, 222, 223, 224, 225, 226, 227, 228, 229, 230, 231, 232, 233, 234, 235, 236, 237, 238, 239, 240, 241, 242, 243, 244, 245, 246, 247, 248, 249, 250, 251, 252, 253, 254, 255, 256, 257, 258, 259, 260, 261, 262, 263, 264, 265, 266, 267, 268, 269, 270, 271, 272, 273, 274, 275, 276, 277, 278, 279, 280, 281, 282, 283, 284, 285, 286, 287, 288, 289, 290, 291, 292, 293, 294, 295, 296, 297, 298, 299, 300, 301, 302, 303, 304, 305, 306, 307, 308, 309, 310, 311, 312, 313, 314, 315, 316, 317, 318, 319, 320, 321, 322, 323, 324, 325, 326, 327, 328, 329, 330, 331, 332, 333, 334, 335, 336, 337, 574, 575, 576, 577, 578, 579, 580, 581, 582, 583, 584, 585, 586, 587, 588, 589, 590, 591, 592, 593, 594, 595, 596, 597, 598, 599, 600, 601, 602, 603, 604, 605, 606, 607, 608, 609, 610, 611, 612, 613, 614, 615, 616, 617, 618, 619, 620, 621, 622, 623, 624, 625, 626, 627, 628, 629, 630, 631, 632, 633, 634, 635, 636, 637, 638, 639, 640, 641, 642, 643, 644, 645, 646, 647, 648, 649, 650, 651, 652, 653, 654, 655, 656, 657, 658, 659, 660, 661, 662, 663, 664, 665, 666, 667, 668, 669, 670, 671, 672, 673, 674, 675, 676, 677, 678, 679, 680, 681, 682, 683, 684, 685, 686, 687, 688, 689, 690, 691, 692, 693, 694, 695, 696, 697, 698, 699, 700, 701, 702, 703, 704, 705, 706, 707, 708, 709, 710, 711, 712, 713, 714, 715, 716, 717, 718, 719, 720, 721, 722, 723, 724, 725, 726, 727, 728, 729, 730, 731, 732, 733, 734, 735, 736, 737, 738, 739, 740, 741, 742, 743, 744, 745, 746, 747, 748, 749, 750, 751, 752, 753, 754, 755, 756, 757, 758, 759, 760, 761, 762, 763, 764, 765, 766, 767, 768, 769, 770, 771, 772, 773, 774, 775, 776, 777, 778, 779, 780, 781, 782, 783, 784, 785, 786, 787, 788, 789, 790, 791, 792, 793]","[105, 114, 138, 141, 152, 153, 154, 155, 157, 159, 164, 165, 176, 182, 191, 192, 194, 195, 196, 200, 204, 208, 209, 210, 211, 215, 226, 228, 241, 242, 243, 245, 248, 249, 250, 257, 261, 270, 271, 282, 287, 289, 291, 294, 296, 298, 306, 308, 309, 311, 314, 327, 333, 335, 337, 576, 585, 609, 612, 623, 624, 626, 627, 629, 631, 636, 637, 647, 653, 662, 663, 665, 666, 667, 671, 674, 678, 679, 680, 681, 690, 692, 705, 706, 707, 709, 711, 712, 713, 719, 721, 729, 730, 741, 746, 748, 750, 753, 755, 757, 764, 766, 767, 769, 772, 785, 791]",[],"[300, 759]","[56, 103, 104, 105, 106, 107, 108, 109, 110, 111, 112, 113, 114, 115, 116, 117, 118, 119, 120, 121, 122, 123, 124, 125, 126, 127, 128, 129, 130, 131, 132, 133, 134, 135, 136, 137, 138, 139, 140, 141, 142, 143, 144, 145, 146, 147, 148, 149, 150, 151, 152, 153, 154, 155, 156, 157, 158, 159, 160, 161, 162, 163, 164, 165, 166, 167, 168, 169, 170, 171, 172, 173, 174, 175, 176, 177, 178, 179, 180, 181, 182, 183, 184, 185, 186, 187, 188, 189, 190, 191, 192, 193, 194, 195, 196, 197, 198, 199, 200, 201, 202, 203, 204, 205, 206, 207, 208, 209, 210, 211, 212, 213, 214, 215, 216, 217, 218, 219, 220, 221, 222, 223, 224, 225, 226, 227, 228, 229, 230, 231, 232, 233, 234, 235, 236, 237, 238, 239, 240, 241, 242, 243, 244, 245, 246, 247, 248, 249, 250, 251, 252, 253, 254, 255, 256, 257, 258, 259, 260, 261, 262, 263, 264, 265, 266, 267, 268, 269, 270, 271, 272, 273, 274, 275, 276, 277, 278, 279, 280, 281, 282, 283, 284, 285, 286, 287, 288, 289, 290, 291, 292, 293, 294, 295, 296, 297, 298, 299, 300, 301, 302, 303, 304, 305, 306, 307, 308, 309, 310, 311, 312, 313, 314, 315, 316, 317, 318, 319, 320, 321, 322, 323, 324, 325, 326, 327, 328, 329, 330, 331, 332, 333, 334, 335, 336, 337, 339, 428, 533, 574, 575, 576, 577, 578, 579, 580, 581, 582, 583, 584, 585, 586, 587, 588, 589, 590, 591, 592, 593, 594, 595, 596, 597, 598, 599, 600, 601, 602, 603, 604, 605, 606, 607, 608, 609, 610, 611, 612, 613, 614, 615, 616, 617, 618, 619, 620, 621, 622, 623, 624, 625, 626, 627, 628, 629, 630, 631, 632, 633, 634, 635, 636, 637, 638, 639, 640, 641, 642, 643, 644, 645, 646, 647, 648, 649, 650, 651, 652, 653, 654, 655, 656, 657, 658, 659, 660, 661, 662, 663, 664, 665, 666, 667, 668, 669, 670, 671, 672, 673, 674, 675, 676, 677, 678, 679, 680, 681, 682, 683, 684, 685, 686, 687, 688, 689, 690, 691, 692, 693, 694, 695, 696, 697, 698, 699, 700, 701, 702, 703, 704, 705, 706, 707, 708, 709, 710, 711, 712, 713, 714, 715, 716, 717, 718, 719, 720, 721, 722, 723, 724, 725, 726, 727, 728, 729, 730, 731, 732, 733, 734, 735, 736, 737, 738, 739, 740, 741, 742, 743, 744, 745, 746, 747, 748, 749, 750, 751, 752, 753, 754, 755, 756, 757, 758, 759, 760, 761, 762, 763, 764, 765, 766, 767, 768, 769, 770, 771, 772, 773, 774, 775, 776, 777, 778, 779, 780, 781, 782, 783, 784, 785, 786, 787, 788, 789, 790, 791, 792, 793, 795, 880]",True,"[298, 757]","[103, 104, 105, 106, 107, 108, 109, 110, 111, 112, 113, 114, 115, 116, 117, 118, 119, 120, 121, 122, 123, 124, 125, 126, 127, 128, 129, 130, 131, 132, 133, 134, 135, 136, 137, 138, 139, 140, 141, 142, 143, 144, 145, 146, 147, 148, 149, 150, 151, 152, 153, 154, 155, 156, 157, 158, 159, 160, 161, 162, 163, 164, 165, 166, 167, 168, 169, 170, 171, 172, 173, 174, 175, 176, 177, 178, 179, 180, 181, 182, 183, 184, 185, 186, 187, 188, 189, 190, 191, 192, 193, 194, 195, 196, 197, 198, 199, 200, 201, 202, 203, 204, 205, 206, 207, 208, 209, 210, 211, 212, 213, 214, 215, 216, 217, 218, 219, 220, 221, 222, 223, 224, 225, 226, 227, 228, 229, 230, 231, 232, 233, 234, 235, 236, 237, 238, 239, 240, 241, 242, 243, 244, 245, 246, 247, 248, 249, 250, 251, 252, 253, 254, 255, 256, 257, 258, 259, 260, 261, 262, 263, 264, 265, 266, 267, 268, 269, 270, 271, 272, 273, 274, 275, 276, 277, 278, 279, 280, 281, 282, 283, 284, 285, 286, 287, 288, 289, 290, 291, 292, 293, 294, 295, 296, 297, 298, 299, 300, 301, 302, 303, 304, 305, 306, 307, 308, 309, 310, 311, 312, 313, 314, 315, 316, 317, 318, 319, 320, 321, 322, 323, 324, 325, 326, 327, 328, 329, 330, 331, 332, 333, 334, 335, 336, 337, 574, 575, 576, 577, 578, 579, 580, 581, 582, 583, 584, 585, 586, 587, 588, 589, 590, 591, 592, 593, 594, 595, 596, 597, 598, 599, 600, 601, 602, 603, 604, 605, 606, 607, 608, 609, 610, 611, 612, 613, 614, 615, 616, 617, 618, 619, 620, 621, 622, 623, 624, 625, 626, 627, 628, 629, 630, 631, 632, 633, 634, 635, 636, 637, 638, 639, 640, 641, 642, 643, 644, 645, 646, 647, 648, 649, 650, 651, 652, 653, 654, 655, 656, 657, 658, 659, 660, 661, 662, 663, 664, 665, 666, 667, 668, 669, 670, 671, 672, 673, 674, 675, 676, 677, 678, 679, 680, 681, 682, 683, 684, 685, 686, 687, 688, 689, 690, 691, 692, 693, 694, 695, 696, 697, 698, 699, 700, 701, 702, 703, 704, 705, 706, 707, 708, 709, 710, 711, 712, 713, 714, 715, 716, 717, 718, 719, 720, 721, 722, 723, 724, 725, 726, 727, 728, 729, 730, 731, 732, 733, 734, 735, 736, 737, 738, 739, 740, 741, 742, 743, 744, 745, 746, 747, 748, 749, 750, 751, 752, 753, 754, 755, 756, 757, 758, 759, 760, 761, 762, 763, 764, 765, 766, 767, 768, 769, 770, 771, 772, 773, 774, 775, 776, 777, 778, 779, 780, 781, 782, 783, 784, 785, 786, 787, 788, 789, 790, 791, 792, 793]","[298, 339, 428, 757, 795, 880]","[56, 243, 274, 298, 533, 707, 733, 757]","[105, 114, 138, 141, 152, 153, 154, 155, 157, 159, 164, 165, 176, 182, 191, 192, 194, 195, 196, 200, 204, 208, 209, 210, 211, 215, 226, 228, 241, 242, 243, 245, 248, 249, 250, 257, 261, 270, 271, 282, 287, 289, 291, 294, 296, 298, 306, 308, 309, 311, 314, 327, 333, 335, 337, 576, 585, 609, 612, 623, 624, 626, 627, 629, 631, 636, 637, 647, 653, 662, 663, 665, 666, 667, 671, 674, 678, 679, 680, 681, 690, 692, 705, 706, 707, 709, 711, 712, 713, 719, 721, 729, 730, 741, 746, 748, 750, 753, 755, 757, 764, 766, 767, 769, 772, 785, 791]","[300, 759]",[],5/6 successful match,True,[545],True,257,False,,0.8999999999999999,True,Superfine Truck ( CA Stop 4 W ),
"Castaic , 91384 Pilot Travel Center # 372",661-257-2800 I-5 Exit 176B ( Lake Hughes Rd ),S <U+2610>,Castaic,91384,Pilot Travel Center # 372,661-257-2800,2006,Castaic,CA,Pilot,( Lake Hughes Rd ),I-5 Exit 176B ,Exit,176B,False,,False,I-5,,,,,"[257, 719]","[138, 257, 609, 719]","[138, 257, 609, 719]","[138, 257, 345, 359, 609, 719, 801, 814]","[103, 104, 105, 106, 107, 108, 109, 110, 111, 112, 113, 114, 115, 116, 117, 118, 119, 120, 121, 122, 123, 124, 125, 126, 127, 128, 129, 130, 131, 132, 133, 134, 135, 136, 137, 138, 139, 140, 141, 142, 143, 144, 145, 146, 147, 148, 149, 150, 151, 152, 153, 154, 155, 156, 157, 158, 159, 160, 161, 162, 163, 164, 165, 166, 167, 168, 169, 170, 171, 172, 173, 174, 175, 176, 177, 178, 179, 180, 181, 182, 183, 184, 185, 186, 187, 188, 189, 190, 191, 192, 193, 194, 195, 196, 197, 198, 199, 200, 201, 202, 203, 204, 205, 206, 207, 208, 209, 210, 211, 212, 213, 214, 215, 216, 217, 218, 219, 220, 221, 222, 223, 224, 225, 226, 227, 228, 229, 230, 231, 232, 233, 234, 235, 236, 237, 238, 239, 240, 241, 242, 243, 244, 245, 246, 247, 248, 249, 250, 251, 252, 253, 254, 255, 256, 257, 258, 259, 260, 261, 262, 263, 264, 265, 266, 267, 268, 269, 270, 271, 272, 273, 274, 275, 276, 277, 278, 279, 280, 281, 282, 283, 284, 285, 286, 287, 288, 289, 290, 291, 292, 293, 294, 295, 296, 297, 298, 299, 300, 301, 302, 303, 304, 305, 306, 307, 308, 309, 310, 311, 312, 313, 314, 315, 316, 317, 318, 319, 320, 321, 322, 323, 324, 325, 326, 327, 328, 329, 330, 331, 332, 333, 334, 335, 336, 337, 574, 575, 576, 577, 578, 579, 580, 581, 582, 583, 584, 585, 586, 587, 588, 589, 590, 591, 592, 593, 594, 595, 596, 597, 598, 599, 600, 601, 602, 603, 604, 605, 606, 607, 608, 609, 610, 611, 612, 613, 614, 615, 616, 617, 618, 619, 620, 621, 622, 623, 624, 625, 626, 627, 628, 629, 630, 631, 632, 633, 634, 635, 636, 637, 638, 639, 640, 641, 642, 643, 644, 645, 646, 647, 648, 649, 650, 651, 652, 653, 654, 655, 656, 657, 658, 659, 660, 661, 662, 663, 664, 665, 666, 667, 668, 669, 670, 671, 672, 673, 674, 675, 676, 677, 678, 679, 680, 681, 682, 683, 684, 685, 686, 687, 688, 689, 690, 691, 692, 693, 694, 695, 696, 697, 698, 699, 700, 701, 702, 703, 704, 705, 706, 707, 708, 709, 710, 711, 712, 713, 714, 715, 716, 717, 718, 719, 720, 721, 722, 723, 724, 725, 726, 727, 728, 729, 730, 731, 732, 733, 734, 735, 736, 737, 738, 739, 740, 741, 742, 743, 744, 745, 746, 747, 748, 749, 750, 751, 752, 753, 754, 755, 756, 757, 758, 759, 760, 761, 762, 763, 764, 765, 766, 767, 768, 769, 770, 771, 772, 773, 774, 775, 776, 777, 778, 779, 780, 781, 782, 783, 784, 785, 786, 787, 788, 789, 790, 791, 792, 793]","[105, 114, 138, 141, 152, 153, 154, 155, 157, 159, 164, 165, 176, 182, 191, 192, 194, 195, 196, 200, 204, 208, 209, 210, 211, 215, 226, 228, 241, 242, 243, 245, 248, 249, 250, 257, 261, 270, 271, 282, 287, 289, 291, 294, 296, 298, 306, 308, 309, 311, 314, 327, 333, 335, 337, 576, 585, 609, 612, 623, 624, 626, 627, 629, 631, 636, 637, 647, 653, 662, 663, 665, 666, 667, 671, 674, 678, 679, 680, 681, 690, 692, 705, 706, 707, 709, 711, 712, 713, 719, 721, 729, 730, 741, 746, 748, 750, 753, 755, 757, 764, 766, 767, 769, 772, 785, 791]","[15, 16, 65, 66, 67, 68, 69, 70, 71, 72, 73, 74, 75, 76, 80, 151, 245, 246, 247, 248, 249, 250, 251, 252, 253, 254, 255, 256, 257, 258, 259, 280, 340, 373, 374, 375, 376, 377, 459, 460, 461, 462, 500, 501, 539, 540, 541, 542, 543, 544, 545, 546, 547, 548, 549, 550, 552, 622, 708, 709, 710, 711, 712, 713, 714, 715, 716, 717, 718, 719, 720, 739, 796, 823, 824, 825, 826, 827, 906, 907, 908, 909]","[15, 16, 65, 66, 67, 68, 69, 70, 71, 72, 73, 74, 75, 76, 77, 78, 80, 151, 244, 245, 246, 247, 248, 249, 250, 251, 252, 253, 254, 255, 256, 257, 258, 259, 260, 280, 340, 373, 374, 375, 376, 377, 459, 460, 461, 462, 500, 501, 539, 540, 541, 542, 543, 544, 545, 546, 547, 548, 549, 550, 552, 622, 708, 709, 710, 711, 712, 713, 714, 715, 716, 717, 718, 719, 720, 739, 796, 823, 824, 825, 826, 827, 906, 907, 908, 909]","[15, 16, 65, 66, 67, 68, 69, 70, 71, 72, 73, 74, 75, 76, 77, 78, 80, 103, 104, 105, 106, 107, 108, 109, 110, 111, 112, 113, 114, 115, 116, 117, 118, 119, 120, 121, 122, 123, 124, 125, 126, 127, 128, 129, 130, 131, 132, 133, 134, 135, 136, 137, 138, 139, 140, 141, 142, 143, 144, 145, 146, 147, 148, 149, 150, 151, 152, 153, 154, 155, 156, 157, 158, 159, 160, 161, 162, 163, 164, 165, 166, 167, 168, 169, 170, 171, 172, 173, 174, 175, 176, 177, 178, 179, 180, 181, 182, 183, 184, 185, 186, 187, 188, 189, 190, 191, 192, 193, 194, 195, 196, 197, 198, 199, 200, 201, 202, 203, 204, 205, 206, 207, 208, 209, 210, 211, 212, 213, 214, 215, 216, 217, 218, 219, 220, 221, 222, 223, 224, 225, 226, 227, 228, 229, 230, 231, 232, 233, 234, 235, 236, 237, 238, 239, 240, 241, 242, 243, 244, 245, 246, 247, 248, 249, 250, 251, 252, 253, 254, 255, 256, 257, 258, 259, 260, 261, 262, 263, 264, 265, 266, 267, 268, 269, 270, 271, 272, 273, 274, 275, 276, 277, 278, 279, 280, 281, 282, 283, 284, 285, 286, 287, 288, 289, 290, 291, 292, 293, 294, 295, 296, 297, 298, 299, 300, 301, 302, 303, 304, 305, 306, 307, 308, 309, 310, 311, 312, 313, 314, 315, 316, 317, 318, 319, 320, 321, 322, 323, 324, 325, 326, 327, 328, 329, 330, 331, 332, 333, 334, 335, 336, 337, 340, 345, 359, 373, 374, 375, 376, 377, 459, 460, 461, 462, 500, 501, 539, 540, 541, 542, 543, 544, 545, 546, 547, 548, 549, 550, 552, 574, 575, 576, 577, 578, 579, 580, 581, 582, 583, 584, 585, 586, 587, 588, 589, 590, 591, 592, 593, 594, 595, 596, 597, 598, 599, 600, 601, 602, 603, 604, 605, 606, 607, 608, 609, 610, 611, 612, 613, 614, 615, 616, 617, 618, 619, 620, 621, 622, 623, 624, 625, 626, 627, 628, 629, 630, 631, 632, 633, 634, 635, 636, 637, 638, 639, 640, 641, 642, 643, 644, 645, 646, 647, 648, 649, 650, 651, 652, 653, 654, 655, 656, 657, 658, 659, 660, 661, 662, 663, 664, 665, 666, 667, 668, 669, 670, 671, 672, 673, 674, 675, 676, 677, 678, 679, 680, 681, 682, 683, 684, 685, 686, 687, 688, 689, 690, 691, 692, 693, 694, 695, 696, 697, 698, 699, 700, 701, 702, 703, 704, 705, 706, 707, 708, 709, 710, 711, 712, 713, 714, 715, 716, 717, 718, 719, 720, 721, 722, 723, 724, 725, 726, 727, 728, 729, 730, 731, 732, 733, 734, 735, 736, 737, 738, 739, 740, 741, 742, 743, 744, 745, 746, 747, 748, 749, 750, 751, 752, 753, 754, 755, 756, 757, 758, 759, 760, 761, 762, 763, 764, 765, 766, 767, 768, 769, 770, 771, 772, 773, 774, 775, 776, 777, 778, 779, 780, 781, 782, 783, 784, 785, 786, 787, 788, 789, 790, 791, 792, 793, 796, 801, 814, 823, 824, 825, 826, 827, 906, 907, 908, 909]",True,"[138, 257, 609, 719]","[103, 104, 105, 106, 107, 108, 109, 110, 111, 112, 113, 114, 115, 116, 117, 118, 119, 120, 121, 122, 123, 124, 125, 126, 127, 128, 129, 130, 131, 132, 133, 134, 135, 136, 137, 138, 139, 140, 141, 142, 143, 144, 145, 146, 147, 148, 149, 150, 151, 152, 153, 154, 155, 156, 157, 158, 159, 160, 161, 162, 163, 164, 165, 166, 167, 168, 169, 170, 171, 172, 173, 174, 175, 176, 177, 178, 179, 180, 181, 182, 183, 184, 185, 186, 187, 188, 189, 190, 191, 192, 193, 194, 195, 196, 197, 198, 199, 200, 201, 202, 203, 204, 205, 206, 207, 208, 209, 210, 211, 212, 213, 214, 215, 216, 217, 218, 219, 220, 221, 222, 223, 224, 225, 226, 227, 228, 229, 230, 231, 232, 233, 234, 235, 236, 237, 238, 239, 240, 241, 242, 243, 244, 245, 246, 247, 248, 249, 250, 251, 252, 253, 254, 255, 256, 257, 258, 259, 260, 261, 262, 263, 264, 265, 266, 267, 268, 269, 270, 271, 272, 273, 274, 275, 276, 277, 278, 279, 280, 281, 282, 283, 284, 285, 286, 287, 288, 289, 290, 291, 292, 293, 294, 295, 296, 297, 298, 299, 300, 301, 302, 303, 304, 305, 306, 307, 308, 309, 310, 311, 312, 313, 314, 315, 316, 317, 318, 319, 320, 321, 322, 323, 324, 325, 326, 327, 328, 329, 330, 331, 332, 333, 334, 335, 336, 337, 574, 575, 576, 577, 578, 579, 580, 581, 582, 583, 584, 585, 586, 587, 588, 589, 590, 591, 592, 593, 594, 595, 596, 597, 598, 599, 600, 601, 602, 603, 604, 605, 606, 607, 608, 609, 610, 611, 612, 613, 614, 615, 616, 617, 618, 619, 620, 621, 622, 623, 624, 625, 626, 627, 628, 629, 630, 631, 632, 633, 634, 635, 636, 637, 638, 639, 640, 641, 642, 643, 644, 645, 646, 647, 648, 649, 650, 651, 652, 653, 654, 655, 656, 657, 658, 659, 660, 661, 662, 663, 664, 665, 666, 667, 668, 669, 670, 671, 672, 673, 674, 675, 676, 677, 678, 679, 680, 681, 682, 683, 684, 685, 686, 687, 688, 689, 690, 691, 692, 693, 694, 695, 696, 697, 698, 699, 700, 701, 702, 703, 704, 705, 706, 707, 708, 709, 710, 711, 712, 713, 714, 715, 716, 717, 718, 719, 720, 721, 722, 723, 724, 725, 726, 727, 728, 729, 730, 731, 732, 733, 734, 735, 736, 737, 738, 739, 740, 741, 742, 743, 744, 745, 746, 747, 748, 749, 750, 751, 752, 753, 754, 755, 756, 757, 758, 759, 760, 761, 762, 763, 764, 765, 766, 767, 768, 769, 770, 771, 772, 773, 774, 775, 776, 777, 778, 779, 780, 781, 782, 783, 784, 785, 786, 787, 788, 789, 790, 791, 792, 793]","[138, 257, 609, 719]","[138, 257, 345, 359, 609, 719, 801, 814]","[105, 114, 138, 141, 152, 153, 154, 155, 157, 159, 164, 165, 176, 182, 191, 192, 194, 195, 196, 200, 204, 208, 209, 210, 211, 215, 226, 228, 241, 242, 243, 245, 248, 249, 250, 257, 261, 270, 271, 282, 287, 289, 291, 294, 296, 298, 306, 308, 309, 311, 314, 327, 333, 335, 337, 576, 585, 609, 612, 623, 624, 626, 627, 629, 631, 636, 637, 647, 653, 662, 663, 665, 666, 667, 671, 674, 678, 679, 680, 681, 690, 692, 705, 706, 707, 709, 711, 712, 713, 719, 721, 729, 730, 741, 746, 748, 750, 753, 755, 757, 764, 766, 767, 769, 772, 785, 791]","[15, 16, 65, 66, 67, 68, 69, 70, 71, 72, 73, 74, 75, 76, 77, 78, 80, 151, 244, 245, 246, 247, 248, 249, 250, 251, 252, 253, 254, 255, 256, 257, 258, 259, 260, 280, 340, 373, 374, 375, 376, 377, 459, 460, 461, 462, 500, 501, 539, 540, 541, 542, 543, 544, 545, 546, 547, 548, 549, 550, 552, 622, 708, 709, 710, 711, 712, 713, 714, 715, 716, 717, 718, 719, 720, 739, 796, 823, 824, 825, 826, 827, 906, 907, 908, 909]","[15, 16, 65, 66, 67, 68, 69, 70, 71, 72, 73, 74, 75, 76, 80, 151, 245, 246, 247, 248, 249, 250, 251, 252, 253, 254, 255, 256, 257, 258, 259, 280, 340, 373, 374, 375, 376, 377, 459, 460, 461, 462, 500, 501, 539, 540, 541, 542, 543, 544, 545, 546, 547, 548, 549, 550, 552, 622, 708, 709, 710, 711, 712, 713, 714, 715, 716, 717, 718, 719, 720, 739, 796, 823, 824, 825, 826, 827, 906, 907, 908, 909]",7/6 successful match,True,[674],True,258,False,,,,,
"Castaic , 91384 Pilot Travel Center # 372",661-257-2800 I-5 Exit 176 B ( Lake Hughes Rd ),HRS 24 MOO,Castaic,91384,Pilot Travel Center # 372,661-257-2800,2007,Castaic,CA,Pilot,( Lake Hughes Rd ),I-5 Exit 176 B ,Exit,176,False,,False,I-5,,,,,"[257, 719]","[138, 257, 609, 719]","[138, 257, 609, 719]","[138, 257, 345, 359, 609, 719, 801, 814]","[103, 104, 105, 106, 107, 108, 109, 110, 111, 112, 113, 114, 115, 116, 117, 118, 119, 120, 121, 122, 123, 124, 125, 126, 127, 128, 129, 130, 131, 132, 133, 134, 135, 136, 137, 138, 139, 140, 141, 142, 143, 144, 145, 146, 147, 148, 149, 150, 151, 152, 153, 154, 155, 156, 157, 158, 159, 160, 161, 162, 163, 164, 165, 166, 167, 168, 169, 170, 171, 172, 173, 174, 175, 176, 177, 178, 179, 180, 181, 182, 183, 184, 185, 186, 187, 188, 189, 190, 191, 192, 193, 194, 195, 196, 197, 198, 199, 200, 201, 202, 203, 204, 205, 206, 207, 208, 209, 210, 211, 212, 213, 214, 215, 216, 217, 218, 219, 220, 221, 222, 223, 224, 225, 226, 227, 228, 229, 230, 231, 232, 233, 234, 235, 236, 237, 238, 239, 240, 241, 242, 243, 244, 245, 246, 247, 248, 249, 250, 251, 252, 253, 254, 255, 256, 257, 258, 259, 260, 261, 262, 263, 264, 265, 266, 267, 268, 269, 270, 271, 272, 273, 274, 275, 276, 277, 278, 279, 280, 281, 282, 283, 284, 285, 286, 287, 288, 289, 290, 291, 292, 293, 294, 295, 296, 297, 298, 299, 300, 301, 302, 303, 304, 305, 306, 307, 308, 309, 310, 311, 312, 313, 314, 315, 316, 317, 318, 319, 320, 321, 322, 323, 324, 325, 326, 327, 328, 329, 330, 331, 332, 333, 334, 335, 336, 337, 574, 575, 576, 577, 578, 579, 580, 581, 582, 583, 584, 585, 586, 587, 588, 589, 590, 591, 592, 593, 594, 595, 596, 597, 598, 599, 600, 601, 602, 603, 604, 605, 606, 607, 608, 609, 610, 611, 612, 613, 614, 615, 616, 617, 618, 619, 620, 621, 622, 623, 624, 625, 626, 627, 628, 629, 630, 631, 632, 633, 634, 635, 636, 637, 638, 639, 640, 641, 642, 643, 644, 645, 646, 647, 648, 649, 650, 651, 652, 653, 654, 655, 656, 657, 658, 659, 660, 661, 662, 663, 664, 665, 666, 667, 668, 669, 670, 671, 672, 673, 674, 675, 676, 677, 678, 679, 680, 681, 682, 683, 684, 685, 686, 687, 688, 689, 690, 691, 692, 693, 694, 695, 696, 697, 698, 699, 700, 701, 702, 703, 704, 705, 706, 707, 708, 709, 710, 711, 712, 713, 714, 715, 716, 717, 718, 719, 720, 721, 722, 723, 724, 725, 726, 727, 728, 729, 730, 731, 732, 733, 734, 735, 736, 737, 738, 739, 740, 741, 742, 743, 744, 745, 746, 747, 748, 749, 750, 751, 752, 753, 754, 755, 756, 757, 758, 759, 760, 761, 762, 763, 764, 765, 766, 767, 768, 769, 770, 771, 772, 773, 774, 775, 776, 777, 778, 779, 780, 781, 782, 783, 784, 785, 786, 787, 788, 789, 790, 791, 792, 793]","[105, 114, 138, 141, 152, 153, 154, 155, 157, 159, 164, 165, 176, 182, 191, 192, 194, 195, 196, 200, 204, 208, 209, 210, 211, 215, 226, 228, 241, 242, 243, 245, 248, 249, 250, 257, 261, 270, 271, 282, 287, 289, 291, 294, 296, 298, 306, 308, 309, 311, 314, 327, 333, 335, 337, 576, 585, 609, 612, 623, 624, 626, 627, 629, 631, 636, 637, 647, 653, 662, 663, 665, 666, 667, 671, 674, 678, 679, 680, 681, 690, 692, 705, 706, 707, 709, 711, 712, 713, 719, 721, 729, 730, 741, 746, 748, 750, 753, 755, 757, 764, 766, 767, 769, 772, 785, 791]","[15, 16, 65, 66, 67, 68, 69, 70, 71, 72, 73, 74, 75, 76, 80, 151, 245, 246, 247, 248, 249, 250, 251, 252, 253, 254, 255, 256, 257, 258, 259, 280, 340, 373, 374, 375, 376, 377, 459, 460, 461, 462, 500, 501, 539, 540, 541, 542, 543, 544, 545, 546, 547, 548, 549, 550, 552, 622, 708, 709, 710, 711, 712, 713, 714, 715, 716, 717, 718, 719, 720, 739, 796, 823, 824, 825, 826, 827, 906, 907, 908, 909]","[15, 16, 65, 66, 67, 68, 69, 70, 71, 72, 73, 74, 75, 76, 77, 78, 80, 151, 244, 245, 246, 247, 248, 249, 250, 251, 252, 253, 254, 255, 256, 257, 258, 259, 260, 280, 340, 373, 374, 375, 376, 377, 459, 460, 461, 462, 500, 501, 539, 540, 541, 542, 543, 544, 545, 546, 547, 548, 549, 550, 552, 622, 708, 709, 710, 711, 712, 713, 714, 715, 716, 717, 718, 719, 720, 739, 796, 823, 824, 825, 826, 827, 906, 907, 908, 909]","[15, 16, 65, 66, 67, 68, 69, 70, 71, 72, 73, 74, 75, 76, 77, 78, 80, 103, 104, 105, 106, 107, 108, 109, 110, 111, 112, 113, 114, 115, 116, 117, 118, 119, 120, 121, 122, 123, 124, 125, 126, 127, 128, 129, 130, 131, 132, 133, 134, 135, 136, 137, 138, 139, 140, 141, 142, 143, 144, 145, 146, 147, 148, 149, 150, 151, 152, 153, 154, 155, 156, 157, 158, 159, 160, 161, 162, 163, 164, 165, 166, 167, 168, 169, 170, 171, 172, 173, 174, 175, 176, 177, 178, 179, 180, 181, 182, 183, 184, 185, 186, 187, 188, 189, 190, 191, 192, 193, 194, 195, 196, 197, 198, 199, 200, 201, 202, 203, 204, 205, 206, 207, 208, 209, 210, 211, 212, 213, 214, 215, 216, 217, 218, 219, 220, 221, 222, 223, 224, 225, 226, 227, 228, 229, 230, 231, 232, 233, 234, 235, 236, 237, 238, 239, 240, 241, 242, 243, 244, 245, 246, 247, 248, 249, 250, 251, 252, 253, 254, 255, 256, 257, 258, 259, 260, 261, 262, 263, 264, 265, 266, 267, 268, 269, 270, 271, 272, 273, 274, 275, 276, 277, 278, 279, 280, 281, 282, 283, 284, 285, 286, 287, 288, 289, 290, 291, 292, 293, 294, 295, 296, 297, 298, 299, 300, 301, 302, 303, 304, 305, 306, 307, 308, 309, 310, 311, 312, 313, 314, 315, 316, 317, 318, 319, 320, 321, 322, 323, 324, 325, 326, 327, 328, 329, 330, 331, 332, 333, 334, 335, 336, 337, 340, 345, 359, 373, 374, 375, 376, 377, 459, 460, 461, 462, 500, 501, 539, 540, 541, 542, 543, 544, 545, 546, 547, 548, 549, 550, 552, 574, 575, 576, 577, 578, 579, 580, 581, 582, 583, 584, 585, 586, 587, 588, 589, 590, 591, 592, 593, 594, 595, 596, 597, 598, 599, 600, 601, 602, 603, 604, 605, 606, 607, 608, 609, 610, 611, 612, 613, 614, 615, 616, 617, 618, 619, 620, 621, 622, 623, 624, 625, 626, 627, 628, 629, 630, 631, 632, 633, 634, 635, 636, 637, 638, 639, 640, 641, 642, 643, 644, 645, 646, 647, 648, 649, 650, 651, 652, 653, 654, 655, 656, 657, 658, 659, 660, 661, 662, 663, 664, 665, 666, 667, 668, 669, 670, 671, 672, 673, 674, 675, 676, 677, 678, 679, 680, 681, 682, 683, 684, 685, 686, 687, 688, 689, 690, 691, 692, 693, 694, 695, 696, 697, 698, 699, 700, 701, 702, 703, 704, 705, 706, 707, 708, 709, 710, 711, 712, 713, 714, 715, 716, 717, 718, 719, 720, 721, 722, 723, 724, 725, 726, 727, 728, 729, 730, 731, 732, 733, 734, 735, 736, 737, 738, 739, 740, 741, 742, 743, 744, 745, 746, 747, 748, 749, 750, 751, 752, 753, 754, 755, 756, 757, 758, 759, 760, 761, 762, 763, 764, 765, 766, 767, 768, 769, 770, 771, 772, 773, 774, 775, 776, 777, 778, 779, 780, 781, 782, 783, 784, 785, 786, 787, 788, 789, 790, 791, 792, 793, 796, 801, 814, 823, 824, 825, 826, 827, 906, 907, 908, 909]",True,"[138, 257, 609, 719]","[103, 104, 105, 106, 107, 108, 109, 110, 111, 112, 113, 114, 115, 116, 117, 118, 119, 120, 121, 122, 123, 124, 125, 126, 127, 128, 129, 130, 131, 132, 133, 134, 135, 136, 137, 138, 139, 140, 141, 142, 143, 144, 145, 146, 147, 148, 149, 150, 151, 152, 153, 154, 155, 156, 157, 158, 159, 160, 161, 162, 163, 164, 165, 166, 167, 168, 169, 170, 171, 172, 173, 174, 175, 176, 177, 178, 179, 180, 181, 182, 183, 184, 185, 186, 187, 188, 189, 190, 191, 192, 193, 194, 195, 196, 197, 198, 199, 200, 201, 202, 203, 204, 205, 206, 207, 208, 209, 210, 211, 212, 213, 214, 215, 216, 217, 218, 219, 220, 221, 222, 223, 224, 225, 226, 227, 228, 229, 230, 231, 232, 233, 234, 235, 236, 237, 238, 239, 240, 241, 242, 243, 244, 245, 246, 247, 248, 249, 250, 251, 252, 253, 254, 255, 256, 257, 258, 259, 260, 261, 262, 263, 264, 265, 266, 267, 268, 269, 270, 271, 272, 273, 274, 275, 276, 277, 278, 279, 280, 281, 282, 283, 284, 285, 286, 287, 288, 289, 290, 291, 292, 293, 294, 295, 296, 297, 298, 299, 300, 301, 302, 303, 304, 305, 306, 307, 308, 309, 310, 311, 312, 313, 314, 315, 316, 317, 318, 319, 320, 321, 322, 323, 324, 325, 326, 327, 328, 329, 330, 331, 332, 333, 334, 335, 336, 337, 574, 575, 576, 577, 578, 579, 580, 581, 582, 583, 584, 585, 586, 587, 588, 589, 590, 591, 592, 593, 594, 595, 596, 597, 598, 599, 600, 601, 602, 603, 604, 605, 606, 607, 608, 609, 610, 611, 612, 613, 614, 615, 616, 617, 618, 619, 620, 621, 622, 623, 624, 625, 626, 627, 628, 629, 630, 631, 632, 633, 634, 635, 636, 637, 638, 639, 640, 641, 642, 643, 644, 645, 646, 647, 648, 649, 650, 651, 652, 653, 654, 655, 656, 657, 658, 659, 660, 661, 662, 663, 664, 665, 666, 667, 668, 669, 670, 671, 672, 673, 674, 675, 676, 677, 678, 679, 680, 681, 682, 683, 684, 685, 686, 687, 688, 689, 690, 691, 692, 693, 694, 695, 696, 697, 698, 699, 700, 701, 702, 703, 704, 705, 706, 707, 708, 709, 710, 711, 712, 713, 714, 715, 716, 717, 718, 719, 720, 721, 722, 723, 724, 725, 726, 727, 728, 729, 730, 731, 732, 733, 734, 735, 736, 737, 738, 739, 740, 741, 742, 743, 744, 745, 746, 747, 748, 749, 750, 751, 752, 753, 754, 755, 756, 757, 758, 759, 760, 761, 762, 763, 764, 765, 766, 767, 768, 769, 770, 771, 772, 773, 774, 775, 776, 777, 778, 779, 780, 781, 782, 783, 784, 785, 786, 787, 788, 789, 790, 791, 792, 793]","[138, 257, 609, 719]","[138, 257, 345, 359, 609, 719, 801, 814]","[105, 114, 138, 141, 152, 153, 154, 155, 157, 159, 164, 165, 176, 182, 191, 192, 194, 195, 196, 200, 204, 208, 209, 210, 211, 215, 226, 228, 241, 242, 243, 245, 248, 249, 250, 257, 261, 270, 271, 282, 287, 289, 291, 294, 296, 298, 306, 308, 309, 311, 314, 327, 333, 335, 337, 576, 585, 609, 612, 623, 624, 626, 627, 629, 631, 636, 637, 647, 653, 662, 663, 665, 666, 667, 671, 674, 678, 679, 680, 681, 690, 692, 705, 706, 707, 709, 711, 712, 713, 719, 721, 729, 730, 741, 746, 748, 750, 753, 755, 757, 764, 766, 767, 769, 772, 785, 791]","[15, 16, 65, 66, 67, 68, 69, 70, 71, 72, 73, 74, 75, 76, 77, 78, 80, 151, 244, 245, 246, 247, 248, 249, 250, 251, 252, 253, 254, 255, 256, 257, 258, 259, 260, 280, 340, 373, 374, 375, 376, 377, 459, 460, 461, 462, 500, 501, 539, 540, 541, 542, 543, 544, 545, 546, 547, 548, 549, 550, 552, 622, 708, 709, 710, 711, 712, 713, 714, 715, 716, 717, 718, 719, 720, 739, 796, 823, 824, 825, 826, 827, 906, 907, 908, 909]","[15, 16, 65, 66, 67, 68, 69, 70, 71, 72, 73, 74, 75, 76, 80, 151, 245, 246, 247, 248, 249, 250, 251, 252, 253, 254, 255, 256, 257, 258, 259, 280, 340, 373, 374, 375, 376, 377, 459, 460, 461, 462, 500, 501, 539, 540, 541, 542, 543, 544, 545, 546, 547, 548, 549, 550, 552, 622, 708, 709, 710, 711, 712, 713, 714, 715, 716, 717, 718, 719, 720, 739, 796, 823, 824, 825, 826, 827, 906, 907, 908, 909]",7/6 successful match,True,[674],True,258,False,,1.0,True,Pilot Travel Center # 372,Pilot
"Castaic , 91384 Pilot Travel Center # 372",4 661-257-2800 I-5 Exit 176 B ( Lake Hughes Rd ),24 HRS M,Castaic,91384,Pilot Travel Center # 372,661-257-2800,2008,Castaic,CA,Pilot,( Lake Hughes Rd ),I-5 Exit 176 B ,Exit,176,False,,False,I-5,,,,,"[257, 719]","[138, 257, 609, 719]","[138, 257, 609, 719]","[138, 257, 345, 359, 609, 719, 801, 814]","[103, 104, 105, 106, 107, 108, 109, 110, 111, 112, 113, 114, 115, 116, 117, 118, 119, 120, 121, 122, 123, 124, 125, 126, 127, 128, 129, 130, 131, 132, 133, 134, 135, 136, 137, 138, 139, 140, 141, 142, 143, 144, 145, 146, 147, 148, 149, 150, 151, 152, 153, 154, 155, 156, 157, 158, 159, 160, 161, 162, 163, 164, 165, 166, 167, 168, 169, 170, 171, 172, 173, 174, 175, 176, 177, 178, 179, 180, 181, 182, 183, 184, 185, 186, 187, 188, 189, 190, 191, 192, 193, 194, 195, 196, 197, 198, 199, 200, 201, 202, 203, 204, 205, 206, 207, 208, 209, 210, 211, 212, 213, 214, 215, 216, 217, 218, 219, 220, 221, 222, 223, 224, 225, 226, 227, 228, 229, 230, 231, 232, 233, 234, 235, 236, 237, 238, 239, 240, 241, 242, 243, 244, 245, 246, 247, 248, 249, 250, 251, 252, 253, 254, 255, 256, 257, 258, 259, 260, 261, 262, 263, 264, 265, 266, 267, 268, 269, 270, 271, 272, 273, 274, 275, 276, 277, 278, 279, 280, 281, 282, 283, 284, 285, 286, 287, 288, 289, 290, 291, 292, 293, 294, 295, 296, 297, 298, 299, 300, 301, 302, 303, 304, 305, 306, 307, 308, 309, 310, 311, 312, 313, 314, 315, 316, 317, 318, 319, 320, 321, 322, 323, 324, 325, 326, 327, 328, 329, 330, 331, 332, 333, 334, 335, 336, 337, 574, 575, 576, 577, 578, 579, 580, 581, 582, 583, 584, 585, 586, 587, 588, 589, 590, 591, 592, 593, 594, 595, 596, 597, 598, 599, 600, 601, 602, 603, 604, 605, 606, 607, 608, 609, 610, 611, 612, 613, 614, 615, 616, 617, 618, 619, 620, 621, 622, 623, 624, 625, 626, 627, 628, 629, 630, 631, 632, 633, 634, 635, 636, 637, 638, 639, 640, 641, 642, 643, 644, 645, 646, 647, 648, 649, 650, 651, 652, 653, 654, 655, 656, 657, 658, 659, 660, 661, 662, 663, 664, 665, 666, 667, 668, 669, 670, 671, 672, 673, 674, 675, 676, 677, 678, 679, 680, 681, 682, 683, 684, 685, 686, 687, 688, 689, 690, 691, 692, 693, 694, 695, 696, 697, 698, 699, 700, 701, 702, 703, 704, 705, 706, 707, 708, 709, 710, 711, 712, 713, 714, 715, 716, 717, 718, 719, 720, 721, 722, 723, 724, 725, 726, 727, 728, 729, 730, 731, 732, 733, 734, 735, 736, 737, 738, 739, 740, 741, 742, 743, 744, 745, 746, 747, 748, 749, 750, 751, 752, 753, 754, 755, 756, 757, 758, 759, 760, 761, 762, 763, 764, 765, 766, 767, 768, 769, 770, 771, 772, 773, 774, 775, 776, 777, 778, 779, 780, 781, 782, 783, 784, 785, 786, 787, 788, 789, 790, 791, 792, 793]","[105, 114, 138, 141, 152, 153, 154, 155, 157, 159, 164, 165, 176, 182, 191, 192, 194, 195, 196, 200, 204, 208, 209, 210, 211, 215, 226, 228, 241, 242, 243, 245, 248, 249, 250, 257, 261, 270, 271, 282, 287, 289, 291, 294, 296, 298, 306, 308, 309, 311, 314, 327, 333, 335, 337, 576, 585, 609, 612, 623, 624, 626, 627, 629, 631, 636, 637, 647, 653, 662, 663, 665, 666, 667, 671, 674, 678, 679, 680, 681, 690, 692, 705, 706, 707, 709, 711, 712, 713, 719, 721, 729, 730, 741, 746, 748, 750, 753, 755, 757, 764, 766, 767, 769, 772, 785, 791]","[15, 16, 65, 66, 67, 68, 69, 70, 71, 72, 73, 74, 75, 76, 80, 151, 245, 246, 247, 248, 249, 250, 251, 252, 253, 254, 255, 256, 257, 258, 259, 280, 340, 373, 374, 375, 376, 377, 459, 460, 461, 462, 500, 501, 539, 540, 541, 542, 543, 544, 545, 546, 547, 548, 549, 550, 552, 622, 708, 709, 710, 711, 712, 713, 714, 715, 716, 717, 718, 719, 720, 739, 796, 823, 824, 825, 826, 827, 906, 907, 908, 909]","[15, 16, 65, 66, 67, 68, 69, 70, 71, 72, 73, 74, 75, 76, 77, 78, 80, 151, 244, 245, 246, 247, 248, 249, 250, 251, 252, 253, 254, 255, 256, 257, 258, 259, 260, 280, 340, 373, 374, 375, 376, 377, 459, 460, 461, 462, 500, 501, 539, 540, 541, 542, 543, 544, 545, 546, 547, 548, 549, 550, 552, 622, 708, 709, 710, 711, 712, 713, 714, 715, 716, 717, 718, 719, 720, 739, 796, 823, 824, 825, 826, 827, 906, 907, 908, 909]","[15, 16, 65, 66, 67, 68, 69, 70, 71, 72, 73, 74, 75, 76, 77, 78, 80, 103, 104, 105, 106, 107, 108, 109, 110, 111, 112, 113, 114, 115, 116, 117, 118, 119, 120, 121, 122, 123, 124, 125, 126, 127, 128, 129, 130, 131, 132, 133, 134, 135, 136, 137, 138, 139, 140, 141, 142, 143, 144, 145, 146, 147, 148, 149, 150, 151, 152, 153, 154, 155, 156, 157, 158, 159, 160, 161, 162, 163, 164, 165, 166, 167, 168, 169, 170, 171, 172, 173, 174, 175, 176, 177, 178, 179, 180, 181, 182, 183, 184, 185, 186, 187, 188, 189, 190, 191, 192, 193, 194, 195, 196, 197, 198, 199, 200, 201, 202, 203, 204, 205, 206, 207, 208, 209, 210, 211, 212, 213, 214, 215, 216, 217, 218, 219, 220, 221, 222, 223, 224, 225, 226, 227, 228, 229, 230, 231, 232, 233, 234, 235, 236, 237, 238, 239, 240, 241, 242, 243, 244, 245, 246, 247, 248, 249, 250, 251, 252, 253, 254, 255, 256, 257, 258, 259, 260, 261, 262, 263, 264, 265, 266, 267, 268, 269, 270, 271, 272, 273, 274, 275, 276, 277, 278, 279, 280, 281, 282, 283, 284, 285, 286, 287, 288, 289, 290, 291, 292, 293, 294, 295, 296, 297, 298, 299, 300, 301, 302, 303, 304, 305, 306, 307, 308, 309, 310, 311, 312, 313, 314, 315, 316, 317, 318, 319, 320, 321, 322, 323, 324, 325, 326, 327, 328, 329, 330, 331, 332, 333, 334, 335, 336, 337, 340, 345, 359, 373, 374, 375, 376, 377, 459, 460, 461, 462, 500, 501, 539, 540, 541, 542, 543, 544, 545, 546, 547, 548, 549, 550, 552, 574, 575, 576, 577, 578, 579, 580, 581, 582, 583, 584, 585, 586, 587, 588, 589, 590, 591, 592, 593, 594, 595, 596, 597, 598, 599, 600, 601, 602, 603, 604, 605, 606, 607, 608, 609, 610, 611, 612, 613, 614, 615, 616, 617, 618, 619, 620, 621, 622, 623, 624, 625, 626, 627, 628, 629, 630, 631, 632, 633, 634, 635, 636, 637, 638, 639, 640, 641, 642, 643, 644, 645, 646, 647, 648, 649, 650, 651, 652, 653, 654, 655, 656, 657, 658, 659, 660, 661, 662, 663, 664, 665, 666, 667, 668, 669, 670, 671, 672, 673, 674, 675, 676, 677, 678, 679, 680, 681, 682, 683, 684, 685, 686, 687, 688, 689, 690, 691, 692, 693, 694, 695, 696, 697, 698, 699, 700, 701, 702, 703, 704, 705, 706, 707, 708, 709, 710, 711, 712, 713, 714, 715, 716, 717, 718, 719, 720, 721, 722, 723, 724, 725, 726, 727, 728, 729, 730, 731, 732, 733, 734, 735, 736, 737, 738, 739, 740, 741, 742, 743, 744, 745, 746, 747, 748, 749, 750, 751, 752, 753, 754, 755, 756, 757, 758, 759, 760, 761, 762, 763, 764, 765, 766, 767, 768, 769, 770, 771, 772, 773, 774, 775, 776, 777, 778, 779, 780, 781, 782, 783, 784, 785, 786, 787, 788, 789, 790, 791, 792, 793, 796, 801, 814, 823, 824, 825, 826, 827, 906, 907, 908, 909]",True,"[138, 257, 609, 719]","[103, 104, 105, 106, 107, 108, 109, 110, 111, 112, 113, 114, 115, 116, 117, 118, 119, 120, 121, 122, 123, 124, 125, 126, 127, 128, 129, 130, 131, 132, 133, 134, 135, 136, 137, 138, 139, 140, 141, 142, 143, 144, 145, 146, 147, 148, 149, 150, 151, 152, 153, 154, 155, 156, 157, 158, 159, 160, 161, 162, 163, 164, 165, 166, 167, 168, 169, 170, 171, 172, 173, 174, 175, 176, 177, 178, 179, 180, 181, 182, 183, 184, 185, 186, 187, 188, 189, 190, 191, 192, 193, 194, 195, 196, 197, 198, 199, 200, 201, 202, 203, 204, 205, 206, 207, 208, 209, 210, 211, 212, 213, 214, 215, 216, 217, 218, 219, 220, 221, 222, 223, 224, 225, 226, 227, 228, 229, 230, 231, 232, 233, 234, 235, 236, 237, 238, 239, 240, 241, 242, 243, 244, 245, 246, 247, 248, 249, 250, 251, 252, 253, 254, 255, 256, 257, 258, 259, 260, 261, 262, 263, 264, 265, 266, 267, 268, 269, 270, 271, 272, 273, 274, 275, 276, 277, 278, 279, 280, 281, 282, 283, 284, 285, 286, 287, 288, 289, 290, 291, 292, 293, 294, 295, 296, 297, 298, 299, 300, 301, 302, 303, 304, 305, 306, 307, 308, 309, 310, 311, 312, 313, 314, 315, 316, 317, 318, 319, 320, 321, 322, 323, 324, 325, 326, 327, 328, 329, 330, 331, 332, 333, 334, 335, 336, 337, 574, 575, 576, 577, 578, 579, 580, 581, 582, 583, 584, 585, 586, 587, 588, 589, 590, 591, 592, 593, 594, 595, 596, 597, 598, 599, 600, 601, 602, 603, 604, 605, 606, 607, 608, 609, 610, 611, 612, 613, 614, 615, 616, 617, 618, 619, 620, 621, 622, 623, 624, 625, 626, 627, 628, 629, 630, 631, 632, 633, 634, 635, 636, 637, 638, 639, 640, 641, 642, 643, 644, 645, 646, 647, 648, 649, 650, 651, 652, 653, 654, 655, 656, 657, 658, 659, 660, 661, 662, 663, 664, 665, 666, 667, 668, 669, 670, 671, 672, 673, 674, 675, 676, 677, 678, 679, 680, 681, 682, 683, 684, 685, 686, 687, 688, 689, 690, 691, 692, 693, 694, 695, 696, 697, 698, 699, 700, 701, 702, 703, 704, 705, 706, 707, 708, 709, 710, 711, 712, 713, 714, 715, 716, 717, 718, 719, 720, 721, 722, 723, 724, 725, 726, 727, 728, 729, 730, 731, 732, 733, 734, 735, 736, 737, 738, 739, 740, 741, 742, 743, 744, 745, 746, 747, 748, 749, 750, 751, 752, 753, 754, 755, 756, 757, 758, 759, 760, 761, 762, 763, 764, 765, 766, 767, 768, 769, 770, 771, 772, 773, 774, 775, 776, 777, 778, 779, 780, 781, 782, 783, 784, 785, 786, 787, 788, 789, 790, 791, 792, 793]","[138, 257, 609, 719]","[138, 257, 345, 359, 609, 719, 801, 814]","[105, 114, 138, 141, 152, 153, 154, 155, 157, 159, 164, 165, 176, 182, 191, 192, 194, 195, 196, 200, 204, 208, 209, 210, 211, 215, 226, 228, 241, 242, 243, 245, 248, 249, 250, 257, 261, 270, 271, 282, 287, 289, 291, 294, 296, 298, 306, 308, 309, 311, 314, 327, 333, 335, 337, 576, 585, 609, 612, 623, 624, 626, 627, 629, 631, 636, 637, 647, 653, 662, 663, 665, 666, 667, 671, 674, 678, 679, 680, 681, 690, 692, 705, 706, 707, 709, 711, 712, 713, 719, 721, 729, 730, 741, 746, 748, 750, 753, 755, 757, 764, 766, 767, 769, 772, 785, 791]","[15, 16, 65, 66, 67, 68, 69, 70, 71, 72, 73, 74, 75, 76, 77, 78, 80, 151, 244, 245, 246, 247, 248, 249, 250, 251, 252, 253, 254, 255, 256, 257, 258, 259, 260, 280, 340, 373, 374, 375, 376, 377, 459, 460, 461, 462, 500, 501, 539, 540, 541, 542, 543, 544, 545, 546, 547, 548, 549, 550, 552, 622, 708, 709, 710, 711, 712, 713, 714, 715, 716, 717, 718, 719, 720, 739, 796, 823, 824, 825, 826, 827, 906, 907, 908, 909]","[15, 16, 65, 66, 67, 68, 69, 70, 71, 72, 73, 74, 75, 76, 80, 151, 245, 246, 247, 248, 249, 250, 251, 252, 253, 254, 255, 256, 257, 258, 259, 280, 340, 373, 374, 375, 376, 377, 459, 460, 461, 462, 500, 501, 539, 540, 541, 542, 543, 544, 545, 546, 547, 548, 549, 550, 552, 622, 708, 709, 710, 711, 712, 713, 714, 715, 716, 717, 718, 719, 720, 739, 796, 823, 824, 825, 826, 827, 906, 907, 908, 909]",7/6 successful match,True,[674],True,258,False,,1.0,True,Pilot Travel Center # 372,Pilot
Castaic ( 91384 ) Pilot Travel Center # 372 ),661-257-2800 I-5 Exit 176 B ( Lake Hughes Rd ),Plot 24 MOB,Castaic,91384,Pilot Travel Center # 372 ),661-257-2800,2014,Castaic,CA,Pilot,( Lake Hughes Rd ),I-5 Exit 176 B ,Exit,176,False,,False,I-5,,,,,"[257, 719]","[138, 257, 609, 719]","[138, 257, 609, 719]","[138, 257, 345, 359, 609, 719, 801, 814]","[103, 104, 105, 106, 107, 108, 109, 110, 111, 112, 113, 114, 115, 116, 117, 118, 119, 120, 121, 122, 123, 124, 125, 126, 127, 128, 129, 130, 131, 132, 133, 134, 135, 136, 137, 138, 139, 140, 141, 142, 143, 144, 145, 146, 147, 148, 149, 150, 151, 152, 153, 154, 155, 156, 157, 158, 159, 160, 161, 162, 163, 164, 165, 166, 167, 168, 169, 170, 171, 172, 173, 174, 175, 176, 177, 178, 179, 180, 181, 182, 183, 184, 185, 186, 187, 188, 189, 190, 191, 192, 193, 194, 195, 196, 197, 198, 199, 200, 201, 202, 203, 204, 205, 206, 207, 208, 209, 210, 211, 212, 213, 214, 215, 216, 217, 218, 219, 220, 221, 222, 223, 224, 225, 226, 227, 228, 229, 230, 231, 232, 233, 234, 235, 236, 237, 238, 239, 240, 241, 242, 243, 244, 245, 246, 247, 248, 249, 250, 251, 252, 253, 254, 255, 256, 257, 258, 259, 260, 261, 262, 263, 264, 265, 266, 267, 268, 269, 270, 271, 272, 273, 274, 275, 276, 277, 278, 279, 280, 281, 282, 283, 284, 285, 286, 287, 288, 289, 290, 291, 292, 293, 294, 295, 296, 297, 298, 299, 300, 301, 302, 303, 304, 305, 306, 307, 308, 309, 310, 311, 312, 313, 314, 315, 316, 317, 318, 319, 320, 321, 322, 323, 324, 325, 326, 327, 328, 329, 330, 331, 332, 333, 334, 335, 336, 337, 574, 575, 576, 577, 578, 579, 580, 581, 582, 583, 584, 585, 586, 587, 588, 589, 590, 591, 592, 593, 594, 595, 596, 597, 598, 599, 600, 601, 602, 603, 604, 605, 606, 607, 608, 609, 610, 611, 612, 613, 614, 615, 616, 617, 618, 619, 620, 621, 622, 623, 624, 625, 626, 627, 628, 629, 630, 631, 632, 633, 634, 635, 636, 637, 638, 639, 640, 641, 642, 643, 644, 645, 646, 647, 648, 649, 650, 651, 652, 653, 654, 655, 656, 657, 658, 659, 660, 661, 662, 663, 664, 665, 666, 667, 668, 669, 670, 671, 672, 673, 674, 675, 676, 677, 678, 679, 680, 681, 682, 683, 684, 685, 686, 687, 688, 689, 690, 691, 692, 693, 694, 695, 696, 697, 698, 699, 700, 701, 702, 703, 704, 705, 706, 707, 708, 709, 710, 711, 712, 713, 714, 715, 716, 717, 718, 719, 720, 721, 722, 723, 724, 725, 726, 727, 728, 729, 730, 731, 732, 733, 734, 735, 736, 737, 738, 739, 740, 741, 742, 743, 744, 745, 746, 747, 748, 749, 750, 751, 752, 753, 754, 755, 756, 757, 758, 759, 760, 761, 762, 763, 764, 765, 766, 767, 768, 769, 770, 771, 772, 773, 774, 775, 776, 777, 778, 779, 780, 781, 782, 783, 784, 785, 786, 787, 788, 789, 790, 791, 792, 793]","[105, 114, 138, 141, 152, 153, 154, 155, 157, 159, 164, 165, 176, 182, 191, 192, 194, 195, 196, 200, 204, 208, 209, 210, 211, 215, 226, 228, 241, 242, 243, 245, 248, 249, 250, 257, 261, 270, 271, 282, 287, 289, 291, 294, 296, 298, 306, 308, 309, 311, 314, 327, 333, 335, 337, 576, 585, 609, 612, 623, 624, 626, 627, 629, 631, 636, 637, 647, 653, 662, 663, 665, 666, 667, 671, 674, 678, 679, 680, 681, 690, 692, 705, 706, 707, 709, 711, 712, 713, 719, 721, 729, 730, 741, 746, 748, 750, 753, 755, 757, 764, 766, 767, 769, 772, 785, 791]","[15, 16, 65, 66, 67, 68, 69, 70, 71, 72, 73, 74, 75, 76, 80, 151, 245, 246, 247, 248, 249, 250, 251, 252, 253, 254, 255, 256, 257, 258, 259, 280, 340, 373, 374, 375, 376, 377, 459, 460, 461, 462, 500, 501, 539, 540, 541, 542, 543, 544, 545, 546, 547, 548, 549, 550, 552, 622, 708, 709, 710, 711, 712, 713, 714, 715, 716, 717, 718, 719, 720, 739, 796, 823, 824, 825, 826, 827, 906, 907, 908, 909]","[15, 16, 65, 66, 67, 68, 69, 70, 71, 72, 73, 74, 75, 76, 77, 78, 80, 151, 244, 245, 246, 247, 248, 249, 250, 251, 252, 253, 254, 255, 256, 257, 258, 259, 260, 280, 340, 373, 374, 375, 376, 377, 459, 460, 461, 462, 500, 501, 539, 540, 541, 542, 543, 544, 545, 546, 547, 548, 549, 550, 552, 622, 708, 709, 710, 711, 712, 713, 714, 715, 716, 717, 718, 719, 720, 739, 796, 823, 824, 825, 826, 827, 906, 907, 908, 909]","[15, 16, 65, 66, 67, 68, 69, 70, 71, 72, 73, 74, 75, 76, 77, 78, 80, 103, 104, 105, 106, 107, 108, 109, 110, 111, 112, 113, 114, 115, 116, 117, 118, 119, 120, 121, 122, 123, 124, 125, 126, 127, 128, 129, 130, 131, 132, 133, 134, 135, 136, 137, 138, 139, 140, 141, 142, 143, 144, 145, 146, 147, 148, 149, 150, 151, 152, 153, 154, 155, 156, 157, 158, 159, 160, 161, 162, 163, 164, 165, 166, 167, 168, 169, 170, 171, 172, 173, 174, 175, 176, 177, 178, 179, 180, 181, 182, 183, 184, 185, 186, 187, 188, 189, 190, 191, 192, 193, 194, 195, 196, 197, 198, 199, 200, 201, 202, 203, 204, 205, 206, 207, 208, 209, 210, 211, 212, 213, 214, 215, 216, 217, 218, 219, 220, 221, 222, 223, 224, 225, 226, 227, 228, 229, 230, 231, 232, 233, 234, 235, 236, 237, 238, 239, 240, 241, 242, 243, 244, 245, 246, 247, 248, 249, 250, 251, 252, 253, 254, 255, 256, 257, 258, 259, 260, 261, 262, 263, 264, 265, 266, 267, 268, 269, 270, 271, 272, 273, 274, 275, 276, 277, 278, 279, 280, 281, 282, 283, 284, 285, 286, 287, 288, 289, 290, 291, 292, 293, 294, 295, 296, 297, 298, 299, 300, 301, 302, 303, 304, 305, 306, 307, 308, 309, 310, 311, 312, 313, 314, 315, 316, 317, 318, 319, 320, 321, 322, 323, 324, 325, 326, 327, 328, 329, 330, 331, 332, 333, 334, 335, 336, 337, 340, 345, 359, 373, 374, 375, 376, 377, 459, 460, 461, 462, 500, 501, 539, 540, 541, 542, 543, 544, 545, 546, 547, 548, 549, 550, 552, 574, 575, 576, 577, 578, 579, 580, 581, 582, 583, 584, 585, 586, 587, 588, 589, 590, 591, 592, 593, 594, 595, 596, 597, 598, 599, 600, 601, 602, 603, 604, 605, 606, 607, 608, 609, 610, 611, 612, 613, 614, 615, 616, 617, 618, 619, 620, 621, 622, 623, 624, 625, 626, 627, 628, 629, 630, 631, 632, 633, 634, 635, 636, 637, 638, 639, 640, 641, 642, 643, 644, 645, 646, 647, 648, 649, 650, 651, 652, 653, 654, 655, 656, 657, 658, 659, 660, 661, 662, 663, 664, 665, 666, 667, 668, 669, 670, 671, 672, 673, 674, 675, 676, 677, 678, 679, 680, 681, 682, 683, 684, 685, 686, 687, 688, 689, 690, 691, 692, 693, 694, 695, 696, 697, 698, 699, 700, 701, 702, 703, 704, 705, 706, 707, 708, 709, 710, 711, 712, 713, 714, 715, 716, 717, 718, 719, 720, 721, 722, 723, 724, 725, 726, 727, 728, 729, 730, 731, 732, 733, 734, 735, 736, 737, 738, 739, 740, 741, 742, 743, 744, 745, 746, 747, 748, 749, 750, 751, 752, 753, 754, 755, 756, 757, 758, 759, 760, 761, 762, 763, 764, 765, 766, 767, 768, 769, 770, 771, 772, 773, 774, 775, 776, 777, 778, 779, 780, 781, 782, 783, 784, 785, 786, 787, 788, 789, 790, 791, 792, 793, 796, 801, 814, 823, 824, 825, 826, 827, 906, 907, 908, 909]",True,"[138, 257, 609, 719]","[103, 104, 105, 106, 107, 108, 109, 110, 111, 112, 113, 114, 115, 116, 117, 118, 119, 120, 121, 122, 123, 124, 125, 126, 127, 128, 129, 130, 131, 132, 133, 134, 135, 136, 137, 138, 139, 140, 141, 142, 143, 144, 145, 146, 147, 148, 149, 150, 151, 152, 153, 154, 155, 156, 157, 158, 159, 160, 161, 162, 163, 164, 165, 166, 167, 168, 169, 170, 171, 172, 173, 174, 175, 176, 177, 178, 179, 180, 181, 182, 183, 184, 185, 186, 187, 188, 189, 190, 191, 192, 193, 194, 195, 196, 197, 198, 199, 200, 201, 202, 203, 204, 205, 206, 207, 208, 209, 210, 211, 212, 213, 214, 215, 216, 217, 218, 219, 220, 221, 222, 223, 224, 225, 226, 227, 228, 229, 230, 231, 232, 233, 234, 235, 236, 237, 238, 239, 240, 241, 242, 243, 244, 245, 246, 247, 248, 249, 250, 251, 252, 253, 254, 255, 256, 257, 258, 259, 260, 261, 262, 263, 264, 265, 266, 267, 268, 269, 270, 271, 272, 273, 274, 275, 276, 277, 278, 279, 280, 281, 282, 283, 284, 285, 286, 287, 288, 289, 290, 291, 292, 293, 294, 295, 296, 297, 298, 299, 300, 301, 302, 303, 304, 305, 306, 307, 308, 309, 310, 311, 312, 313, 314, 315, 316, 317, 318, 319, 320, 321, 322, 323, 324, 325, 326, 327, 328, 329, 330, 331, 332, 333, 334, 335, 336, 337, 574, 575, 576, 577, 578, 579, 580, 581, 582, 583, 584, 585, 586, 587, 588, 589, 590, 591, 592, 593, 594, 595, 596, 597, 598, 599, 600, 601, 602, 603, 604, 605, 606, 607, 608, 609, 610, 611, 612, 613, 614, 615, 616, 617, 618, 619, 620, 621, 622, 623, 624, 625, 626, 627, 628, 629, 630, 631, 632, 633, 634, 635, 636, 637, 638, 639, 640, 641, 642, 643, 644, 645, 646, 647, 648, 649, 650, 651, 652, 653, 654, 655, 656, 657, 658, 659, 660, 661, 662, 663, 664, 665, 666, 667, 668, 669, 670, 671, 672, 673, 674, 675, 676, 677, 678, 679, 680, 681, 682, 683, 684, 685, 686, 687, 688, 689, 690, 691, 692, 693, 694, 695, 696, 697, 698, 699, 700, 701, 702, 703, 704, 705, 706, 707, 708, 709, 710, 711, 712, 713, 714, 715, 716, 717, 718, 719, 720, 721, 722, 723, 724, 725, 726, 727, 728, 729, 730, 731, 732, 733, 734, 735, 736, 737, 738, 739, 740, 741, 742, 743, 744, 745, 746, 747, 748, 749, 750, 751, 752, 753, 754, 755, 756, 757, 758, 759, 760, 761, 762, 763, 764, 765, 766, 767, 768, 769, 770, 771, 772, 773, 774, 775, 776, 777, 778, 779, 780, 781, 782, 783, 784, 785, 786, 787, 788, 789, 790, 791, 792, 793]","[138, 257, 609, 719]","[138, 257, 345, 359, 609, 719, 801, 814]","[105, 114, 138, 141, 152, 153, 154, 155, 157, 159, 164, 165, 176, 182, 191, 192, 194, 195, 196, 200, 204, 208, 209, 210, 211, 215, 226, 228, 241, 242, 243, 245, 248, 249, 250, 257, 261, 270, 271, 282, 287, 289, 291, 294, 296, 298, 306, 308, 309, 311, 314, 327, 333, 335, 337, 576, 585, 609, 612, 623, 624, 626, 627, 629, 631, 636, 637, 647, 653, 662, 663, 665, 666, 667, 671, 674, 678, 679, 680, 681, 690, 692, 705, 706, 707, 709, 711, 712, 713, 719, 721, 729, 730, 741, 746, 748, 750, 753, 755, 757, 764, 766, 767, 769, 772, 785, 791]","[15, 16, 65, 66, 67, 68, 69, 70, 71, 72, 73, 74, 75, 76, 77, 78, 80, 151, 244, 245, 246, 247, 248, 249, 250, 251, 252, 253, 254, 255, 256, 257, 258, 259, 260, 280, 340, 373, 374, 375, 376, 377, 459, 460, 461, 462, 500, 501, 539, 540, 541, 542, 543, 544, 545, 546, 547, 548, 549, 550, 552, 622, 708, 709, 710, 711, 712, 713, 714, 715, 716, 717, 718, 719, 720, 739, 796, 823, 824, 825, 826, 827, 906, 907, 908, 909]","[15, 16, 65, 66, 67, 68, 69, 70, 71, 72, 73, 74, 75, 76, 80, 151, 245, 246, 247, 248, 249, 250, 251, 252, 253, 254, 255, 256, 257, 258, 259, 280, 340, 373, 374, 375, 376, 377, 459, 460, 461, 462, 500, 501, 539, 540, 541, 542, 543, 544, 545, 546, 547, 548, 549, 550, 552, 622, 708, 709, 710, 711, 712, 713, 714, 715, 716, 717, 718, 719, 720, 739, 796, 823, 824, 825, 826, 827, 906, 907, 908, 909]",7/6 successful match,True,[674],True,258,False,,1.0,True,Pilot Travel Center # 372,Pilot
Castaic ( 91384 ) Pilot Travel Center # 372,4 661-257-2800 I-5 Exit 176 B ( Lake Hughes Rd ) Pilot,Pilot 24 MOO,Castaic,91384,Pilot Travel Center # 372,661-257-2800,2015,Castaic,CA,Pilot,( Lake Hughes Rd ) Pilot,I-5 Exit 176 B ,Exit,176,False,,False,I-5,,,,,"[257, 719]","[138, 257, 609, 719]","[138, 257, 609, 719]","[138, 257, 345, 359, 609, 719, 801, 814]","[103, 104, 105, 106, 107, 108, 109, 110, 111, 112, 113, 114, 115, 116, 117, 118, 119, 120, 121, 122, 123, 124, 125, 126, 127, 128, 129, 130, 131, 132, 133, 134, 135, 136, 137, 138, 139, 140, 141, 142, 143, 144, 145, 146, 147, 148, 149, 150, 151, 152, 153, 154, 155, 156, 157, 158, 159, 160, 161, 162, 163, 164, 165, 166, 167, 168, 169, 170, 171, 172, 173, 174, 175, 176, 177, 178, 179, 180, 181, 182, 183, 184, 185, 186, 187, 188, 189, 190, 191, 192, 193, 194, 195, 196, 197, 198, 199, 200, 201, 202, 203, 204, 205, 206, 207, 208, 209, 210, 211, 212, 213, 214, 215, 216, 217, 218, 219, 220, 221, 222, 223, 224, 225, 226, 227, 228, 229, 230, 231, 232, 233, 234, 235, 236, 237, 238, 239, 240, 241, 242, 243, 244, 245, 246, 247, 248, 249, 250, 251, 252, 253, 254, 255, 256, 257, 258, 259, 260, 261, 262, 263, 264, 265, 266, 267, 268, 269, 270, 271, 272, 273, 274, 275, 276, 277, 278, 279, 280, 281, 282, 283, 284, 285, 286, 287, 288, 289, 290, 291, 292, 293, 294, 295, 296, 297, 298, 299, 300, 301, 302, 303, 304, 305, 306, 307, 308, 309, 310, 311, 312, 313, 314, 315, 316, 317, 318, 319, 320, 321, 322, 323, 324, 325, 326, 327, 328, 329, 330, 331, 332, 333, 334, 335, 336, 337, 574, 575, 576, 577, 578, 579, 580, 581, 582, 583, 584, 585, 586, 587, 588, 589, 590, 591, 592, 593, 594, 595, 596, 597, 598, 599, 600, 601, 602, 603, 604, 605, 606, 607, 608, 609, 610, 611, 612, 613, 614, 615, 616, 617, 618, 619, 620, 621, 622, 623, 624, 625, 626, 627, 628, 629, 630, 631, 632, 633, 634, 635, 636, 637, 638, 639, 640, 641, 642, 643, 644, 645, 646, 647, 648, 649, 650, 651, 652, 653, 654, 655, 656, 657, 658, 659, 660, 661, 662, 663, 664, 665, 666, 667, 668, 669, 670, 671, 672, 673, 674, 675, 676, 677, 678, 679, 680, 681, 682, 683, 684, 685, 686, 687, 688, 689, 690, 691, 692, 693, 694, 695, 696, 697, 698, 699, 700, 701, 702, 703, 704, 705, 706, 707, 708, 709, 710, 711, 712, 713, 714, 715, 716, 717, 718, 719, 720, 721, 722, 723, 724, 725, 726, 727, 728, 729, 730, 731, 732, 733, 734, 735, 736, 737, 738, 739, 740, 741, 742, 743, 744, 745, 746, 747, 748, 749, 750, 751, 752, 753, 754, 755, 756, 757, 758, 759, 760, 761, 762, 763, 764, 765, 766, 767, 768, 769, 770, 771, 772, 773, 774, 775, 776, 777, 778, 779, 780, 781, 782, 783, 784, 785, 786, 787, 788, 789, 790, 791, 792, 793]","[105, 114, 138, 141, 152, 153, 154, 155, 157, 159, 164, 165, 176, 182, 191, 192, 194, 195, 196, 200, 204, 208, 209, 210, 211, 215, 226, 228, 241, 242, 243, 245, 248, 249, 250, 257, 261, 270, 271, 282, 287, 289, 291, 294, 296, 298, 306, 308, 309, 311, 314, 327, 333, 335, 337, 576, 585, 609, 612, 623, 624, 626, 627, 629, 631, 636, 637, 647, 653, 662, 663, 665, 666, 667, 671, 674, 678, 679, 680, 681, 690, 692, 705, 706, 707, 709, 711, 712, 713, 719, 721, 729, 730, 741, 746, 748, 750, 753, 755, 757, 764, 766, 767, 769, 772, 785, 791]","[15, 16, 65, 66, 67, 68, 69, 70, 71, 72, 73, 74, 75, 76, 80, 151, 245, 246, 247, 248, 249, 250, 251, 252, 253, 254, 255, 256, 257, 258, 259, 280, 340, 373, 374, 375, 376, 377, 459, 460, 461, 462, 500, 501, 539, 540, 541, 542, 543, 544, 545, 546, 547, 548, 549, 550, 552, 622, 708, 709, 710, 711, 712, 713, 714, 715, 716, 717, 718, 719, 720, 739, 796, 823, 824, 825, 826, 827, 906, 907, 908, 909]","[15, 16, 65, 66, 67, 68, 69, 70, 71, 72, 73, 74, 75, 76, 77, 78, 80, 151, 244, 245, 246, 247, 248, 249, 250, 251, 252, 253, 254, 255, 256, 257, 258, 259, 260, 280, 340, 373, 374, 375, 376, 377, 459, 460, 461, 462, 500, 501, 539, 540, 541, 542, 543, 544, 545, 546, 547, 548, 549, 550, 552, 622, 708, 709, 710, 711, 712, 713, 714, 715, 716, 717, 718, 719, 720, 739, 796, 823, 824, 825, 826, 827, 906, 907, 908, 909]","[15, 16, 65, 66, 67, 68, 69, 70, 71, 72, 73, 74, 75, 76, 77, 78, 80, 103, 104, 105, 106, 107, 108, 109, 110, 111, 112, 113, 114, 115, 116, 117, 118, 119, 120, 121, 122, 123, 124, 125, 126, 127, 128, 129, 130, 131, 132, 133, 134, 135, 136, 137, 138, 139, 140, 141, 142, 143, 144, 145, 146, 147, 148, 149, 150, 151, 152, 153, 154, 155, 156, 157, 158, 159, 160, 161, 162, 163, 164, 165, 166, 167, 168, 169, 170, 171, 172, 173, 174, 175, 176, 177, 178, 179, 180, 181, 182, 183, 184, 185, 186, 187, 188, 189, 190, 191, 192, 193, 194, 195, 196, 197, 198, 199, 200, 201, 202, 203, 204, 205, 206, 207, 208, 209, 210, 211, 212, 213, 214, 215, 216, 217, 218, 219, 220, 221, 222, 223, 224, 225, 226, 227, 228, 229, 230, 231, 232, 233, 234, 235, 236, 237, 238, 239, 240, 241, 242, 243, 244, 245, 246, 247, 248, 249, 250, 251, 252, 253, 254, 255, 256, 257, 258, 259, 260, 261, 262, 263, 264, 265, 266, 267, 268, 269, 270, 271, 272, 273, 274, 275, 276, 277, 278, 279, 280, 281, 282, 283, 284, 285, 286, 287, 288, 289, 290, 291, 292, 293, 294, 295, 296, 297, 298, 299, 300, 301, 302, 303, 304, 305, 306, 307, 308, 309, 310, 311, 312, 313, 314, 315, 316, 317, 318, 319, 320, 321, 322, 323, 324, 325, 326, 327, 328, 329, 330, 331, 332, 333, 334, 335, 336, 337, 340, 345, 359, 373, 374, 375, 376, 377, 459, 460, 461, 462, 500, 501, 539, 540, 541, 542, 543, 544, 545, 546, 547, 548, 549, 550, 552, 574, 575, 576, 577, 578, 579, 580, 581, 582, 583, 584, 585, 586, 587, 588, 589, 590, 591, 592, 593, 594, 595, 596, 597, 598, 599, 600, 601, 602, 603, 604, 605, 606, 607, 608, 609, 610, 611, 612, 613, 614, 615, 616, 617, 618, 619, 620, 621, 622, 623, 624, 625, 626, 627, 628, 629, 630, 631, 632, 633, 634, 635, 636, 637, 638, 639, 640, 641, 642, 643, 644, 645, 646, 647, 648, 649, 650, 651, 652, 653, 654, 655, 656, 657, 658, 659, 660, 661, 662, 663, 664, 665, 666, 667, 668, 669, 670, 671, 672, 673, 674, 675, 676, 677, 678, 679, 680, 681, 682, 683, 684, 685, 686, 687, 688, 689, 690, 691, 692, 693, 694, 695, 696, 697, 698, 699, 700, 701, 702, 703, 704, 705, 706, 707, 708, 709, 710, 711, 712, 713, 714, 715, 716, 717, 718, 719, 720, 721, 722, 723, 724, 725, 726, 727, 728, 729, 730, 731, 732, 733, 734, 735, 736, 737, 738, 739, 740, 741, 742, 743, 744, 745, 746, 747, 748, 749, 750, 751, 752, 753, 754, 755, 756, 757, 758, 759, 760, 761, 762, 763, 764, 765, 766, 767, 768, 769, 770, 771, 772, 773, 774, 775, 776, 777, 778, 779, 780, 781, 782, 783, 784, 785, 786, 787, 788, 789, 790, 791, 792, 793, 796, 801, 814, 823, 824, 825, 826, 827, 906, 907, 908, 909]",True,"[138, 257, 609, 719]","[103, 104, 105, 106, 107, 108, 109, 110, 111, 112, 113, 114, 115, 116, 117, 118, 119, 120, 121, 122, 123, 124, 125, 126, 127, 128, 129, 130, 131, 132, 133, 134, 135, 136, 137, 138, 139, 140, 141, 142, 143, 144, 145, 146, 147, 148, 149, 150, 151, 152, 153, 154, 155, 156, 157, 158, 159, 160, 161, 162, 163, 164, 165, 166, 167, 168, 169, 170, 171, 172, 173, 174, 175, 176, 177, 178, 179, 180, 181, 182, 183, 184, 185, 186, 187, 188, 189, 190, 191, 192, 193, 194, 195, 196, 197, 198, 199, 200, 201, 202, 203, 204, 205, 206, 207, 208, 209, 210, 211, 212, 213, 214, 215, 216, 217, 218, 219, 220, 221, 222, 223, 224, 225, 226, 227, 228, 229, 230, 231, 232, 233, 234, 235, 236, 237, 238, 239, 240, 241, 242, 243, 244, 245, 246, 247, 248, 249, 250, 251, 252, 253, 254, 255, 256, 257, 258, 259, 260, 261, 262, 263, 264, 265, 266, 267, 268, 269, 270, 271, 272, 273, 274, 275, 276, 277, 278, 279, 280, 281, 282, 283, 284, 285, 286, 287, 288, 289, 290, 291, 292, 293, 294, 295, 296, 297, 298, 299, 300, 301, 302, 303, 304, 305, 306, 307, 308, 309, 310, 311, 312, 313, 314, 315, 316, 317, 318, 319, 320, 321, 322, 323, 324, 325, 326, 327, 328, 329, 330, 331, 332, 333, 334, 335, 336, 337, 574, 575, 576, 577, 578, 579, 580, 581, 582, 583, 584, 585, 586, 587, 588, 589, 590, 591, 592, 593, 594, 595, 596, 597, 598, 599, 600, 601, 602, 603, 604, 605, 606, 607, 608, 609, 610, 611, 612, 613, 614, 615, 616, 617, 618, 619, 620, 621, 622, 623, 624, 625, 626, 627, 628, 629, 630, 631, 632, 633, 634, 635, 636, 637, 638, 639, 640, 641, 642, 643, 644, 645, 646, 647, 648, 649, 650, 651, 652, 653, 654, 655, 656, 657, 658, 659, 660, 661, 662, 663, 664, 665, 666, 667, 668, 669, 670, 671, 672, 673, 674, 675, 676, 677, 678, 679, 680, 681, 682, 683, 684, 685, 686, 687, 688, 689, 690, 691, 692, 693, 694, 695, 696, 697, 698, 699, 700, 701, 702, 703, 704, 705, 706, 707, 708, 709, 710, 711, 712, 713, 714, 715, 716, 717, 718, 719, 720, 721, 722, 723, 724, 725, 726, 727, 728, 729, 730, 731, 732, 733, 734, 735, 736, 737, 738, 739, 740, 741, 742, 743, 744, 745, 746, 747, 748, 749, 750, 751, 752, 753, 754, 755, 756, 757, 758, 759, 760, 761, 762, 763, 764, 765, 766, 767, 768, 769, 770, 771, 772, 773, 774, 775, 776, 777, 778, 779, 780, 781, 782, 783, 784, 785, 786, 787, 788, 789, 790, 791, 792, 793]","[138, 257, 609, 719]","[138, 257, 345, 359, 609, 719, 801, 814]","[105, 114, 138, 141, 152, 153, 154, 155, 157, 159, 164, 165, 176, 182, 191, 192, 194, 195, 196, 200, 204, 208, 209, 210, 211, 215, 226, 228, 241, 242, 243, 245, 248, 249, 250, 257, 261, 270, 271, 282, 287, 289, 291, 294, 296, 298, 306, 308, 309, 311, 314, 327, 333, 335, 337, 576, 585, 609, 612, 623, 624, 626, 627, 629, 631, 636, 637, 647, 653, 662, 663, 665, 666, 667, 671, 674, 678, 679, 680, 681, 690, 692, 705, 706, 707, 709, 711, 712, 713, 719, 721, 729, 730, 741, 746, 748, 750, 753, 755, 757, 764, 766, 767, 769, 772, 785, 791]","[15, 16, 65, 66, 67, 68, 69, 70, 71, 72, 73, 74, 75, 76, 77, 78, 80, 151, 244, 245, 246, 247, 248, 249, 250, 251, 252, 253, 254, 255, 256, 257, 258, 259, 260, 280, 340, 373, 374, 375, 376, 377, 459, 460, 461, 462, 500, 501, 539, 540, 541, 542, 543, 544, 545, 546, 547, 548, 549, 550, 552, 622, 708, 709, 710, 711, 712, 713, 714, 715, 716, 717, 718, 719, 720, 739, 796, 823, 824, 825, 826, 827, 906, 907, 908, 909]","[15, 16, 65, 66, 67, 68, 69, 70, 71, 72, 73, 74, 75, 76, 80, 151, 245, 246, 247, 248, 249, 250, 251, 252, 253, 254, 255, 256, 257, 258, 259, 280, 340, 373, 374, 375, 376, 377, 459, 460, 461, 462, 500, 501, 539, 540, 541, 542, 543, 544, 545, 546, 547, 548, 549, 550, 552, 622, 708, 709, 710, 711, 712, 713, 714, 715, 716, 717, 718, 719, 720, 739, 796, 823, 824, 825, 826, 827, 906, 907, 908, 909]",7/6 successful match,True,[674],True,258,False,,1.0,True,Pilot Travel Center # 372 ),Pilot
Castaic ( 91384 ) Pilot Travel 176 Center A ( Parker # 372 Rd ),661-257-2800 I-5 Exit 176 B ( Lake Hughes ) pittot,24 M M,Castaic,91384,Pilot Travel 176 Center A ( Parker # 372 Rd ),661-257-2800,2016,Castaic,CA,Pilot,( Lake Hughes ) pittot,I-5 Exit 176 B ,Exit,176,False,,False,I-5,,,,,"[257, 719]","[138, 257, 609, 719]","[138, 257, 609, 719]","[138, 257, 345, 359, 609, 719, 801, 814]","[103, 104, 105, 106, 107, 108, 109, 110, 111, 112, 113, 114, 115, 116, 117, 118, 119, 120, 121, 122, 123, 124, 125, 126, 127, 128, 129, 130, 131, 132, 133, 134, 135, 136, 137, 138, 139, 140, 141, 142, 143, 144, 145, 146, 147, 148, 149, 150, 151, 152, 153, 154, 155, 156, 157, 158, 159, 160, 161, 162, 163, 164, 165, 166, 167, 168, 169, 170, 171, 172, 173, 174, 175, 176, 177, 178, 179, 180, 181, 182, 183, 184, 185, 186, 187, 188, 189, 190, 191, 192, 193, 194, 195, 196, 197, 198, 199, 200, 201, 202, 203, 204, 205, 206, 207, 208, 209, 210, 211, 212, 213, 214, 215, 216, 217, 218, 219, 220, 221, 222, 223, 224, 225, 226, 227, 228, 229, 230, 231, 232, 233, 234, 235, 236, 237, 238, 239, 240, 241, 242, 243, 244, 245, 246, 247, 248, 249, 250, 251, 252, 253, 254, 255, 256, 257, 258, 259, 260, 261, 262, 263, 264, 265, 266, 267, 268, 269, 270, 271, 272, 273, 274, 275, 276, 277, 278, 279, 280, 281, 282, 283, 284, 285, 286, 287, 288, 289, 290, 291, 292, 293, 294, 295, 296, 297, 298, 299, 300, 301, 302, 303, 304, 305, 306, 307, 308, 309, 310, 311, 312, 313, 314, 315, 316, 317, 318, 319, 320, 321, 322, 323, 324, 325, 326, 327, 328, 329, 330, 331, 332, 333, 334, 335, 336, 337, 574, 575, 576, 577, 578, 579, 580, 581, 582, 583, 584, 585, 586, 587, 588, 589, 590, 591, 592, 593, 594, 595, 596, 597, 598, 599, 600, 601, 602, 603, 604, 605, 606, 607, 608, 609, 610, 611, 612, 613, 614, 615, 616, 617, 618, 619, 620, 621, 622, 623, 624, 625, 626, 627, 628, 629, 630, 631, 632, 633, 634, 635, 636, 637, 638, 639, 640, 641, 642, 643, 644, 645, 646, 647, 648, 649, 650, 651, 652, 653, 654, 655, 656, 657, 658, 659, 660, 661, 662, 663, 664, 665, 666, 667, 668, 669, 670, 671, 672, 673, 674, 675, 676, 677, 678, 679, 680, 681, 682, 683, 684, 685, 686, 687, 688, 689, 690, 691, 692, 693, 694, 695, 696, 697, 698, 699, 700, 701, 702, 703, 704, 705, 706, 707, 708, 709, 710, 711, 712, 713, 714, 715, 716, 717, 718, 719, 720, 721, 722, 723, 724, 725, 726, 727, 728, 729, 730, 731, 732, 733, 734, 735, 736, 737, 738, 739, 740, 741, 742, 743, 744, 745, 746, 747, 748, 749, 750, 751, 752, 753, 754, 755, 756, 757, 758, 759, 760, 761, 762, 763, 764, 765, 766, 767, 768, 769, 770, 771, 772, 773, 774, 775, 776, 777, 778, 779, 780, 781, 782, 783, 784, 785, 786, 787, 788, 789, 790, 791, 792, 793]","[105, 114, 138, 141, 152, 153, 154, 155, 157, 159, 164, 165, 176, 182, 191, 192, 194, 195, 196, 200, 204, 208, 209, 210, 211, 215, 226, 228, 241, 242, 243, 245, 248, 249, 250, 257, 261, 270, 271, 282, 287, 289, 291, 294, 296, 298, 306, 308, 309, 311, 314, 327, 333, 335, 337, 576, 585, 609, 612, 623, 624, 626, 627, 629, 631, 636, 637, 647, 653, 662, 663, 665, 666, 667, 671, 674, 678, 679, 680, 681, 690, 692, 705, 706, 707, 709, 711, 712, 713, 719, 721, 729, 730, 741, 746, 748, 750, 753, 755, 757, 764, 766, 767, 769, 772, 785, 791]","[15, 16, 65, 66, 67, 68, 69, 70, 71, 72, 73, 74, 75, 76, 80, 151, 245, 246, 247, 248, 249, 250, 251, 252, 253, 254, 255, 256, 257, 258, 259, 280, 340, 373, 374, 375, 376, 377, 459, 460, 461, 462, 500, 501, 539, 540, 541, 542, 543, 544, 545, 546, 547, 548, 549, 550, 552, 622, 708, 709, 710, 711, 712, 713, 714, 715, 716, 717, 718, 719, 720, 739, 796, 823, 824, 825, 826, 827, 906, 907, 908, 909]","[15, 16, 65, 66, 67, 68, 69, 70, 71, 72, 73, 74, 75, 76, 77, 78, 80, 151, 244, 245, 246, 247, 248, 249, 250, 251, 252, 253, 254, 255, 256, 257, 258, 259, 260, 280, 340, 373, 374, 375, 376, 377, 459, 460, 461, 462, 500, 501, 539, 540, 541, 542, 543, 544, 545, 546, 547, 548, 549, 550, 552, 622, 708, 709, 710, 711, 712, 713, 714, 715, 716, 717, 718, 719, 720, 739, 796, 823, 824, 825, 826, 827, 906, 907, 908, 909]","[15, 16, 65, 66, 67, 68, 69, 70, 71, 72, 73, 74, 75, 76, 77, 78, 80, 103, 104, 105, 106, 107, 108, 109, 110, 111, 112, 113, 114, 115, 116, 117, 118, 119, 120, 121, 122, 123, 124, 125, 126, 127, 128, 129, 130, 131, 132, 133, 134, 135, 136, 137, 138, 139, 140, 141, 142, 143, 144, 145, 146, 147, 148, 149, 150, 151, 152, 153, 154, 155, 156, 157, 158, 159, 160, 161, 162, 163, 164, 165, 166, 167, 168, 169, 170, 171, 172, 173, 174, 175, 176, 177, 178, 179, 180, 181, 182, 183, 184, 185, 186, 187, 188, 189, 190, 191, 192, 193, 194, 195, 196, 197, 198, 199, 200, 201, 202, 203, 204, 205, 206, 207, 208, 209, 210, 211, 212, 213, 214, 215, 216, 217, 218, 219, 220, 221, 222, 223, 224, 225, 226, 227, 228, 229, 230, 231, 232, 233, 234, 235, 236, 237, 238, 239, 240, 241, 242, 243, 244, 245, 246, 247, 248, 249, 250, 251, 252, 253, 254, 255, 256, 257, 258, 259, 260, 261, 262, 263, 264, 265, 266, 267, 268, 269, 270, 271, 272, 273, 274, 275, 276, 277, 278, 279, 280, 281, 282, 283, 284, 285, 286, 287, 288, 289, 290, 291, 292, 293, 294, 295, 296, 297, 298, 299, 300, 301, 302, 303, 304, 305, 306, 307, 308, 309, 310, 311, 312, 313, 314, 315, 316, 317, 318, 319, 320, 321, 322, 323, 324, 325, 326, 327, 328, 329, 330, 331, 332, 333, 334, 335, 336, 337, 340, 345, 359, 373, 374, 375, 376, 377, 459, 460, 461, 462, 500, 501, 539, 540, 541, 542, 543, 544, 545, 546, 547, 548, 549, 550, 552, 574, 575, 576, 577, 578, 579, 580, 581, 582, 583, 584, 585, 586, 587, 588, 589, 590, 591, 592, 593, 594, 595, 596, 597, 598, 599, 600, 601, 602, 603, 604, 605, 606, 607, 608, 609, 610, 611, 612, 613, 614, 615, 616, 617, 618, 619, 620, 621, 622, 623, 624, 625, 626, 627, 628, 629, 630, 631, 632, 633, 634, 635, 636, 637, 638, 639, 640, 641, 642, 643, 644, 645, 646, 647, 648, 649, 650, 651, 652, 653, 654, 655, 656, 657, 658, 659, 660, 661, 662, 663, 664, 665, 666, 667, 668, 669, 670, 671, 672, 673, 674, 675, 676, 677, 678, 679, 680, 681, 682, 683, 684, 685, 686, 687, 688, 689, 690, 691, 692, 693, 694, 695, 696, 697, 698, 699, 700, 701, 702, 703, 704, 705, 706, 707, 708, 709, 710, 711, 712, 713, 714, 715, 716, 717, 718, 719, 720, 721, 722, 723, 724, 725, 726, 727, 728, 729, 730, 731, 732, 733, 734, 735, 736, 737, 738, 739, 740, 741, 742, 743, 744, 745, 746, 747, 748, 749, 750, 751, 752, 753, 754, 755, 756, 757, 758, 759, 760, 761, 762, 763, 764, 765, 766, 767, 768, 769, 770, 771, 772, 773, 774, 775, 776, 777, 778, 779, 780, 781, 782, 783, 784, 785, 786, 787, 788, 789, 790, 791, 792, 793, 796, 801, 814, 823, 824, 825, 826, 827, 906, 907, 908, 909]",True,"[138, 257, 609, 719]","[103, 104, 105, 106, 107, 108, 109, 110, 111, 112, 113, 114, 115, 116, 117, 118, 119, 120, 121, 122, 123, 124, 125, 126, 127, 128, 129, 130, 131, 132, 133, 134, 135, 136, 137, 138, 139, 140, 141, 142, 143, 144, 145, 146, 147, 148, 149, 150, 151, 152, 153, 154, 155, 156, 157, 158, 159, 160, 161, 162, 163, 164, 165, 166, 167, 168, 169, 170, 171, 172, 173, 174, 175, 176, 177, 178, 179, 180, 181, 182, 183, 184, 185, 186, 187, 188, 189, 190, 191, 192, 193, 194, 195, 196, 197, 198, 199, 200, 201, 202, 203, 204, 205, 206, 207, 208, 209, 210, 211, 212, 213, 214, 215, 216, 217, 218, 219, 220, 221, 222, 223, 224, 225, 226, 227, 228, 229, 230, 231, 232, 233, 234, 235, 236, 237, 238, 239, 240, 241, 242, 243, 244, 245, 246, 247, 248, 249, 250, 251, 252, 253, 254, 255, 256, 257, 258, 259, 260, 261, 262, 263, 264, 265, 266, 267, 268, 269, 270, 271, 272, 273, 274, 275, 276, 277, 278, 279, 280, 281, 282, 283, 284, 285, 286, 287, 288, 289, 290, 291, 292, 293, 294, 295, 296, 297, 298, 299, 300, 301, 302, 303, 304, 305, 306, 307, 308, 309, 310, 311, 312, 313, 314, 315, 316, 317, 318, 319, 320, 321, 322, 323, 324, 325, 326, 327, 328, 329, 330, 331, 332, 333, 334, 335, 336, 337, 574, 575, 576, 577, 578, 579, 580, 581, 582, 583, 584, 585, 586, 587, 588, 589, 590, 591, 592, 593, 594, 595, 596, 597, 598, 599, 600, 601, 602, 603, 604, 605, 606, 607, 608, 609, 610, 611, 612, 613, 614, 615, 616, 617, 618, 619, 620, 621, 622, 623, 624, 625, 626, 627, 628, 629, 630, 631, 632, 633, 634, 635, 636, 637, 638, 639, 640, 641, 642, 643, 644, 645, 646, 647, 648, 649, 650, 651, 652, 653, 654, 655, 656, 657, 658, 659, 660, 661, 662, 663, 664, 665, 666, 667, 668, 669, 670, 671, 672, 673, 674, 675, 676, 677, 678, 679, 680, 681, 682, 683, 684, 685, 686, 687, 688, 689, 690, 691, 692, 693, 694, 695, 696, 697, 698, 699, 700, 701, 702, 703, 704, 705, 706, 707, 708, 709, 710, 711, 712, 713, 714, 715, 716, 717, 718, 719, 720, 721, 722, 723, 724, 725, 726, 727, 728, 729, 730, 731, 732, 733, 734, 735, 736, 737, 738, 739, 740, 741, 742, 743, 744, 745, 746, 747, 748, 749, 750, 751, 752, 753, 754, 755, 756, 757, 758, 759, 760, 761, 762, 763, 764, 765, 766, 767, 768, 769, 770, 771, 772, 773, 774, 775, 776, 777, 778, 779, 780, 781, 782, 783, 784, 785, 786, 787, 788, 789, 790, 791, 792, 793]","[138, 257, 609, 719]","[138, 257, 345, 359, 609, 719, 801, 814]","[105, 114, 138, 141, 152, 153, 154, 155, 157, 159, 164, 165, 176, 182, 191, 192, 194, 195, 196, 200, 204, 208, 209, 210, 211, 215, 226, 228, 241, 242, 243, 245, 248, 249, 250, 257, 261, 270, 271, 282, 287, 289, 291, 294, 296, 298, 306, 308, 309, 311, 314, 327, 333, 335, 337, 576, 585, 609, 612, 623, 624, 626, 627, 629, 631, 636, 637, 647, 653, 662, 663, 665, 666, 667, 671, 674, 678, 679, 680, 681, 690, 692, 705, 706, 707, 709, 711, 712, 713, 719, 721, 729, 730, 741, 746, 748, 750, 753, 755, 757, 764, 766, 767, 769, 772, 785, 791]","[15, 16, 65, 66, 67, 68, 69, 70, 71, 72, 73, 74, 75, 76, 77, 78, 80, 151, 244, 245, 246, 247, 248, 249, 250, 251, 252, 253, 254, 255, 256, 257, 258, 259, 260, 280, 340, 373, 374, 375, 376, 377, 459, 460, 461, 462, 500, 501, 539, 540, 541, 542, 543, 544, 545, 546, 547, 548, 549, 550, 552, 622, 708, 709, 710, 711, 712, 713, 714, 715, 716, 717, 718, 719, 720, 739, 796, 823, 824, 825, 826, 827, 906, 907, 908, 909]","[15, 16, 65, 66, 67, 68, 69, 70, 71, 72, 73, 74, 75, 76, 80, 151, 245, 246, 247, 248, 249, 250, 251, 252, 253, 254, 255, 256, 257, 258, 259, 280, 340, 373, 374, 375, 376, 377, 459, 460, 461, 462, 500, 501, 539, 540, 541, 542, 543, 544, 545, 546, 547, 548, 549, 550, 552, 622, 708, 709, 710, 711, 712, 713, 714, 715, 716, 717, 718, 719, 720, 739, 796, 823, 824, 825, 826, 827, 906, 907, 908, 909]",7/6 successful match,True,[674],True,258,False,,0.9542857142857143,True,Pilot Travel Center # 372,Pilot
"Castaic , 91384 Village Fuel Stop",661-295-1374 I-5 Exit 176A ( Parker Rd ),,Castaic,91384,Village Fuel Stop,661-295-1374,2006,Castaic,CA,,( Parker Rd ),I-5 Exit 176A ,Exit,176A,False,,False,I-5,,,,,"[609, 138]","[138, 257, 609, 719]","[138, 257, 609, 719]","[138, 257, 345, 359, 609, 719, 801, 814]","[103, 104, 105, 106, 107, 108, 109, 110, 111, 112, 113, 114, 115, 116, 117, 118, 119, 120, 121, 122, 123, 124, 125, 126, 127, 128, 129, 130, 131, 132, 133, 134, 135, 136, 137, 138, 139, 140, 141, 142, 143, 144, 145, 146, 147, 148, 149, 150, 151, 152, 153, 154, 155, 156, 157, 158, 159, 160, 161, 162, 163, 164, 165, 166, 167, 168, 169, 170, 171, 172, 173, 174, 175, 176, 177, 178, 179, 180, 181, 182, 183, 184, 185, 186, 187, 188, 189, 190, 191, 192, 193, 194, 195, 196, 197, 198, 199, 200, 201, 202, 203, 204, 205, 206, 207, 208, 209, 210, 211, 212, 213, 214, 215, 216, 217, 218, 219, 220, 221, 222, 223, 224, 225, 226, 227, 228, 229, 230, 231, 232, 233, 234, 235, 236, 237, 238, 239, 240, 241, 242, 243, 244, 245, 246, 247, 248, 249, 250, 251, 252, 253, 254, 255, 256, 257, 258, 259, 260, 261, 262, 263, 264, 265, 266, 267, 268, 269, 270, 271, 272, 273, 274, 275, 276, 277, 278, 279, 280, 281, 282, 283, 284, 285, 286, 287, 288, 289, 290, 291, 292, 293, 294, 295, 296, 297, 298, 299, 300, 301, 302, 303, 304, 305, 306, 307, 308, 309, 310, 311, 312, 313, 314, 315, 316, 317, 318, 319, 320, 321, 322, 323, 324, 325, 326, 327, 328, 329, 330, 331, 332, 333, 334, 335, 336, 337, 574, 575, 576, 577, 578, 579, 580, 581, 582, 583, 584, 585, 586, 587, 588, 589, 590, 591, 592, 593, 594, 595, 596, 597, 598, 599, 600, 601, 602, 603, 604, 605, 606, 607, 608, 609, 610, 611, 612, 613, 614, 615, 616, 617, 618, 619, 620, 621, 622, 623, 624, 625, 626, 627, 628, 629, 630, 631, 632, 633, 634, 635, 636, 637, 638, 639, 640, 641, 642, 643, 644, 645, 646, 647, 648, 649, 650, 651, 652, 653, 654, 655, 656, 657, 658, 659, 660, 661, 662, 663, 664, 665, 666, 667, 668, 669, 670, 671, 672, 673, 674, 675, 676, 677, 678, 679, 680, 681, 682, 683, 684, 685, 686, 687, 688, 689, 690, 691, 692, 693, 694, 695, 696, 697, 698, 699, 700, 701, 702, 703, 704, 705, 706, 707, 708, 709, 710, 711, 712, 713, 714, 715, 716, 717, 718, 719, 720, 721, 722, 723, 724, 725, 726, 727, 728, 729, 730, 731, 732, 733, 734, 735, 736, 737, 738, 739, 740, 741, 742, 743, 744, 745, 746, 747, 748, 749, 750, 751, 752, 753, 754, 755, 756, 757, 758, 759, 760, 761, 762, 763, 764, 765, 766, 767, 768, 769, 770, 771, 772, 773, 774, 775, 776, 777, 778, 779, 780, 781, 782, 783, 784, 785, 786, 787, 788, 789, 790, 791, 792, 793]","[105, 114, 138, 141, 152, 153, 154, 155, 157, 159, 164, 165, 176, 182, 191, 192, 194, 195, 196, 200, 204, 208, 209, 210, 211, 215, 226, 228, 241, 242, 243, 245, 248, 249, 250, 257, 261, 270, 271, 282, 287, 289, 291, 294, 296, 298, 306, 308, 309, 311, 314, 327, 333, 335, 337, 576, 585, 609, 612, 623, 624, 626, 627, 629, 631, 636, 637, 647, 653, 662, 663, 665, 666, 667, 671, 674, 678, 679, 680, 681, 690, 692, 705, 706, 707, 709, 711, 712, 713, 719, 721, 729, 730, 741, 746, 748, 750, 753, 755, 757, 764, 766, 767, 769, 772, 785, 791]",[],[],"[103, 104, 105, 106, 107, 108, 109, 110, 111, 112, 113, 114, 115, 116, 117, 118, 119, 120, 121, 122, 123, 124, 125, 126, 127, 128, 129, 130, 131, 132, 133, 134, 135, 136, 137, 138, 139, 140, 141, 142, 143, 144, 145, 146, 147, 148, 149, 150, 151, 152, 153, 154, 155, 156, 157, 158, 159, 160, 161, 162, 163, 164, 165, 166, 167, 168, 169, 170, 171, 172, 173, 174, 175, 176, 177, 178, 179, 180, 181, 182, 183, 184, 185, 186, 187, 188, 189, 190, 191, 192, 193, 194, 195, 196, 197, 198, 199, 200, 201, 202, 203, 204, 205, 206, 207, 208, 209, 210, 211, 212, 213, 214, 215, 216, 217, 218, 219, 220, 221, 222, 223, 224, 225, 226, 227, 228, 229, 230, 231, 232, 233, 234, 235, 236, 237, 238, 239, 240, 241, 242, 243, 244, 245, 246, 247, 248, 249, 250, 251, 252, 253, 254, 255, 256, 257, 258, 259, 260, 261, 262, 263, 264, 265, 266, 267, 268, 269, 270, 271, 272, 273, 274, 275, 276, 277, 278, 279, 280, 281, 282, 283, 284, 285, 286, 287, 288, 289, 290, 291, 292, 293, 294, 295, 296, 297, 298, 299, 300, 301, 302, 303, 304, 305, 306, 307, 308, 309, 310, 311, 312, 313, 314, 315, 316, 317, 318, 319, 320, 321, 322, 323, 324, 325, 326, 327, 328, 329, 330, 331, 332, 333, 334, 335, 336, 337, 345, 359, 574, 575, 576, 577, 578, 579, 580, 581, 582, 583, 584, 585, 586, 587, 588, 589, 590, 591, 592, 593, 594, 595, 596, 597, 598, 599, 600, 601, 602, 603, 604, 605, 606, 607, 608, 609, 610, 611, 612, 613, 614, 615, 616, 617, 618, 619, 620, 621, 622, 623, 624, 625, 626, 627, 628, 629, 630, 631, 632, 633, 634, 635, 636, 637, 638, 639, 640, 641, 642, 643, 644, 645, 646, 647, 648, 649, 650, 651, 652, 653, 654, 655, 656, 657, 658, 659, 660, 661, 662, 663, 664, 665, 666, 667, 668, 669, 670, 671, 672, 673, 674, 675, 676, 677, 678, 679, 680, 681, 682, 683, 684, 685, 686, 687, 688, 689, 690, 691, 692, 693, 694, 695, 696, 697, 698, 699, 700, 701, 702, 703, 704, 705, 706, 707, 708, 709, 710, 711, 712, 713, 714, 715, 716, 717, 718, 719, 720, 721, 722, 723, 724, 725, 726, 727, 728, 729, 730, 731, 732, 733, 734, 735, 736, 737, 738, 739, 740, 741, 742, 743, 744, 745, 746, 747, 748, 749, 750, 751, 752, 753, 754, 755, 756, 757, 758, 759, 760, 761, 762, 763, 764, 765, 766, 767, 768, 769, 770, 771, 772, 773, 774, 775, 776, 777, 778, 779, 780, 781, 782, 783, 784, 785, 786, 787, 788, 789, 790, 791, 792, 793, 801, 814]",True,"[138, 257, 609, 719]","[103, 104, 105, 106, 107, 108, 109, 110, 111, 112, 113, 114, 115, 116, 117, 118, 119, 120, 121, 122, 123, 124, 125, 126, 127, 128, 129, 130, 131, 132, 133, 134, 135, 136, 137, 138, 139, 140, 141, 142, 143, 144, 145, 146, 147, 148, 149, 150, 151, 152, 153, 154, 155, 156, 157, 158, 159, 160, 161, 162, 163, 164, 165, 166, 167, 168, 169, 170, 171, 172, 173, 174, 175, 176, 177, 178, 179, 180, 181, 182, 183, 184, 185, 186, 187, 188, 189, 190, 191, 192, 193, 194, 195, 196, 197, 198, 199, 200, 201, 202, 203, 204, 205, 206, 207, 208, 209, 210, 211, 212, 213, 214, 215, 216, 217, 218, 219, 220, 221, 222, 223, 224, 225, 226, 227, 228, 229, 230, 231, 232, 233, 234, 235, 236, 237, 238, 239, 240, 241, 242, 243, 244, 245, 246, 247, 248, 249, 250, 251, 252, 253, 254, 255, 256, 257, 258, 259, 260, 261, 262, 263, 264, 265, 266, 267, 268, 269, 270, 271, 272, 273, 274, 275, 276, 277, 278, 279, 280, 281, 282, 283, 284, 285, 286, 287, 288, 289, 290, 291, 292, 293, 294, 295, 296, 297, 298, 299, 300, 301, 302, 303, 304, 305, 306, 307, 308, 309, 310, 311, 312, 313, 314, 315, 316, 317, 318, 319, 320, 321, 322, 323, 324, 325, 326, 327, 328, 329, 330, 331, 332, 333, 334, 335, 336, 337, 574, 575, 576, 577, 578, 579, 580, 581, 582, 583, 584, 585, 586, 587, 588, 589, 590, 591, 592, 593, 594, 595, 596, 597, 598, 599, 600, 601, 602, 603, 604, 605, 606, 607, 608, 609, 610, 611, 612, 613, 614, 615, 616, 617, 618, 619, 620, 621, 622, 623, 624, 625, 626, 627, 628, 629, 630, 631, 632, 633, 634, 635, 636, 637, 638, 639, 640, 641, 642, 643, 644, 645, 646, 647, 648, 649, 650, 651, 652, 653, 654, 655, 656, 657, 658, 659, 660, 661, 662, 663, 664, 665, 666, 667, 668, 669, 670, 671, 672, 673, 674, 675, 676, 677, 678, 679, 680, 681, 682, 683, 684, 685, 686, 687, 688, 689, 690, 691, 692, 693, 694, 695, 696, 697, 698, 699, 700, 701, 702, 703, 704, 705, 706, 707, 708, 709, 710, 711, 712, 713, 714, 715, 716, 717, 718, 719, 720, 721, 722, 723, 724, 725, 726, 727, 728, 729, 730, 731, 732, 733, 734, 735, 736, 737, 738, 739, 740, 741, 742, 743, 744, 745, 746, 747, 748, 749, 750, 751, 752, 753, 754, 755, 756, 757, 758, 759, 760, 761, 762, 763, 764, 765, 766, 767, 768, 769, 770, 771, 772, 773, 774, 775, 776, 777, 778, 779, 780, 781, 782, 783, 784, 785, 786, 787, 788, 789, 790, 791, 792, 793]","[138, 257, 609, 719]","[138, 257, 345, 359, 609, 719, 801, 814]","[105, 114, 138, 141, 152, 153, 154, 155, 157, 159, 164, 165, 176, 182, 191, 192, 194, 195, 196, 200, 204, 208, 209, 210, 211, 215, 226, 228, 241, 242, 243, 245, 248, 249, 250, 257, 261, 270, 271, 282, 287, 289, 291, 294, 296, 298, 306, 308, 309, 311, 314, 327, 333, 335, 337, 576, 585, 609, 612, 623, 624, 626, 627, 629, 631, 636, 637, 647, 653, 662, 663, 665, 666, 667, 671, 674, 678, 679, 680, 681, 690, 692, 705, 706, 707, 709, 711, 712, 713, 719, 721, 729, 730, 741, 746, 748, 750, 753, 755, 757, 764, 766, 767, 769, 772, 785, 791]",[],[],7/6 successful match,True,"[698, 699]",True,259,False,,,,,
"Castaic , 91384 Stop",661-295-1374 Village I-5 Exit Fuel 176 A ( Parker Rd ),24,Castaic,91384,Stop,661-295-1374,2007,Castaic,CA,,( Parker Rd ),Village I-5 Exit Fuel 176 A ,Exit,,False,,False,I-5,,,,,"[609, 138]","[138, 257, 609, 719]","[138, 257, 609, 719]",[],"[103, 104, 105, 106, 107, 108, 109, 110, 111, 112, 113, 114, 115, 116, 117, 118, 119, 120, 121, 122, 123, 124, 125, 126, 127, 128, 129, 130, 131, 132, 133, 134, 135, 136, 137, 138, 139, 140, 141, 142, 143, 144, 145, 146, 147, 148, 149, 150, 151, 152, 153, 154, 155, 156, 157, 158, 159, 160, 161, 162, 163, 164, 165, 166, 167, 168, 169, 170, 171, 172, 173, 174, 175, 176, 177, 178, 179, 180, 181, 182, 183, 184, 185, 186, 187, 188, 189, 190, 191, 192, 193, 194, 195, 196, 197, 198, 199, 200, 201, 202, 203, 204, 205, 206, 207, 208, 209, 210, 211, 212, 213, 214, 215, 216, 217, 218, 219, 220, 221, 222, 223, 224, 225, 226, 227, 228, 229, 230, 231, 232, 233, 234, 235, 236, 237, 238, 239, 240, 241, 242, 243, 244, 245, 246, 247, 248, 249, 250, 251, 252, 253, 254, 255, 256, 257, 258, 259, 260, 261, 262, 263, 264, 265, 266, 267, 268, 269, 270, 271, 272, 273, 274, 275, 276, 277, 278, 279, 280, 281, 282, 283, 284, 285, 286, 287, 288, 289, 290, 291, 292, 293, 294, 295, 296, 297, 298, 299, 300, 301, 302, 303, 304, 305, 306, 307, 308, 309, 310, 311, 312, 313, 314, 315, 316, 317, 318, 319, 320, 321, 322, 323, 324, 325, 326, 327, 328, 329, 330, 331, 332, 333, 334, 335, 336, 337, 574, 575, 576, 577, 578, 579, 580, 581, 582, 583, 584, 585, 586, 587, 588, 589, 590, 591, 592, 593, 594, 595, 596, 597, 598, 599, 600, 601, 602, 603, 604, 605, 606, 607, 608, 609, 610, 611, 612, 613, 614, 615, 616, 617, 618, 619, 620, 621, 622, 623, 624, 625, 626, 627, 628, 629, 630, 631, 632, 633, 634, 635, 636, 637, 638, 639, 640, 641, 642, 643, 644, 645, 646, 647, 648, 649, 650, 651, 652, 653, 654, 655, 656, 657, 658, 659, 660, 661, 662, 663, 664, 665, 666, 667, 668, 669, 670, 671, 672, 673, 674, 675, 676, 677, 678, 679, 680, 681, 682, 683, 684, 685, 686, 687, 688, 689, 690, 691, 692, 693, 694, 695, 696, 697, 698, 699, 700, 701, 702, 703, 704, 705, 706, 707, 708, 709, 710, 711, 712, 713, 714, 715, 716, 717, 718, 719, 720, 721, 722, 723, 724, 725, 726, 727, 728, 729, 730, 731, 732, 733, 734, 735, 736, 737, 738, 739, 740, 741, 742, 743, 744, 745, 746, 747, 748, 749, 750, 751, 752, 753, 754, 755, 756, 757, 758, 759, 760, 761, 762, 763, 764, 765, 766, 767, 768, 769, 770, 771, 772, 773, 774, 775, 776, 777, 778, 779, 780, 781, 782, 783, 784, 785, 786, 787, 788, 789, 790, 791, 792, 793]","[105, 114, 138, 141, 152, 153, 154, 155, 157, 159, 164, 165, 176, 182, 191, 192, 194, 195, 196, 200, 204, 208, 209, 210, 211, 215, 226, 228, 241, 242, 243, 245, 248, 249, 250, 257, 261, 270, 271, 282, 287, 289, 291, 294, 296, 298, 306, 308, 309, 311, 314, 327, 333, 335, 337, 576, 585, 609, 612, 623, 624, 626, 627, 629, 631, 636, 637, 647, 653, 662, 663, 665, 666, 667, 671, 674, 678, 679, 680, 681, 690, 692, 705, 706, 707, 709, 711, 712, 713, 719, 721, 729, 730, 741, 746, 748, 750, 753, 755, 757, 764, 766, 767, 769, 772, 785, 791]",[],[],"[103, 104, 105, 106, 107, 108, 109, 110, 111, 112, 113, 114, 115, 116, 117, 118, 119, 120, 121, 122, 123, 124, 125, 126, 127, 128, 129, 130, 131, 132, 133, 134, 135, 136, 137, 138, 139, 140, 141, 142, 143, 144, 145, 146, 147, 148, 149, 150, 151, 152, 153, 154, 155, 156, 157, 158, 159, 160, 161, 162, 163, 164, 165, 166, 167, 168, 169, 170, 171, 172, 173, 174, 175, 176, 177, 178, 179, 180, 181, 182, 183, 184, 185, 186, 187, 188, 189, 190, 191, 192, 193, 194, 195, 196, 197, 198, 199, 200, 201, 202, 203, 204, 205, 206, 207, 208, 209, 210, 211, 212, 213, 214, 215, 216, 217, 218, 219, 220, 221, 222, 223, 224, 225, 226, 227, 228, 229, 230, 231, 232, 233, 234, 235, 236, 237, 238, 239, 240, 241, 242, 243, 244, 245, 246, 247, 248, 249, 250, 251, 252, 253, 254, 255, 256, 257, 258, 259, 260, 261, 262, 263, 264, 265, 266, 267, 268, 269, 270, 271, 272, 273, 274, 275, 276, 277, 278, 279, 280, 281, 282, 283, 284, 285, 286, 287, 288, 289, 290, 291, 292, 293, 294, 295, 296, 297, 298, 299, 300, 301, 302, 303, 304, 305, 306, 307, 308, 309, 310, 311, 312, 313, 314, 315, 316, 317, 318, 319, 320, 321, 322, 323, 324, 325, 326, 327, 328, 329, 330, 331, 332, 333, 334, 335, 336, 337, 574, 575, 576, 577, 578, 579, 580, 581, 582, 583, 584, 585, 586, 587, 588, 589, 590, 591, 592, 593, 594, 595, 596, 597, 598, 599, 600, 601, 602, 603, 604, 605, 606, 607, 608, 609, 610, 611, 612, 613, 614, 615, 616, 617, 618, 619, 620, 621, 622, 623, 624, 625, 626, 627, 628, 629, 630, 631, 632, 633, 634, 635, 636, 637, 638, 639, 640, 641, 642, 643, 644, 645, 646, 647, 648, 649, 650, 651, 652, 653, 654, 655, 656, 657, 658, 659, 660, 661, 662, 663, 664, 665, 666, 667, 668, 669, 670, 671, 672, 673, 674, 675, 676, 677, 678, 679, 680, 681, 682, 683, 684, 685, 686, 687, 688, 689, 690, 691, 692, 693, 694, 695, 696, 697, 698, 699, 700, 701, 702, 703, 704, 705, 706, 707, 708, 709, 710, 711, 712, 713, 714, 715, 716, 717, 718, 719, 720, 721, 722, 723, 724, 725, 726, 727, 728, 729, 730, 731, 732, 733, 734, 735, 736, 737, 738, 739, 740, 741, 742, 743, 744, 745, 746, 747, 748, 749, 750, 751, 752, 753, 754, 755, 756, 757, 758, 759, 760, 761, 762, 763, 764, 765, 766, 767, 768, 769, 770, 771, 772, 773, 774, 775, 776, 777, 778, 779, 780, 781, 782, 783, 784, 785, 786, 787, 788, 789, 790, 791, 792, 793]",True,"[138, 257, 609, 719]","[103, 104, 105, 106, 107, 108, 109, 110, 111, 112, 113, 114, 115, 116, 117, 118, 119, 120, 121, 122, 123, 124, 125, 126, 127, 128, 129, 130, 131, 132, 133, 134, 135, 136, 137, 138, 139, 140, 141, 142, 143, 144, 145, 146, 147, 148, 149, 150, 151, 152, 153, 154, 155, 156, 157, 158, 159, 160, 161, 162, 163, 164, 165, 166, 167, 168, 169, 170, 171, 172, 173, 174, 175, 176, 177, 178, 179, 180, 181, 182, 183, 184, 185, 186, 187, 188, 189, 190, 191, 192, 193, 194, 195, 196, 197, 198, 199, 200, 201, 202, 203, 204, 205, 206, 207, 208, 209, 210, 211, 212, 213, 214, 215, 216, 217, 218, 219, 220, 221, 222, 223, 224, 225, 226, 227, 228, 229, 230, 231, 232, 233, 234, 235, 236, 237, 238, 239, 240, 241, 242, 243, 244, 245, 246, 247, 248, 249, 250, 251, 252, 253, 254, 255, 256, 257, 258, 259, 260, 261, 262, 263, 264, 265, 266, 267, 268, 269, 270, 271, 272, 273, 274, 275, 276, 277, 278, 279, 280, 281, 282, 283, 284, 285, 286, 287, 288, 289, 290, 291, 292, 293, 294, 295, 296, 297, 298, 299, 300, 301, 302, 303, 304, 305, 306, 307, 308, 309, 310, 311, 312, 313, 314, 315, 316, 317, 318, 319, 320, 321, 322, 323, 324, 325, 326, 327, 328, 329, 330, 331, 332, 333, 334, 335, 336, 337, 574, 575, 576, 577, 578, 579, 580, 581, 582, 583, 584, 585, 586, 587, 588, 589, 590, 591, 592, 593, 594, 595, 596, 597, 598, 599, 600, 601, 602, 603, 604, 605, 606, 607, 608, 609, 610, 611, 612, 613, 614, 615, 616, 617, 618, 619, 620, 621, 622, 623, 624, 625, 626, 627, 628, 629, 630, 631, 632, 633, 634, 635, 636, 637, 638, 639, 640, 641, 642, 643, 644, 645, 646, 647, 648, 649, 650, 651, 652, 653, 654, 655, 656, 657, 658, 659, 660, 661, 662, 663, 664, 665, 666, 667, 668, 669, 670, 671, 672, 673, 674, 675, 676, 677, 678, 679, 680, 681, 682, 683, 684, 685, 686, 687, 688, 689, 690, 691, 692, 693, 694, 695, 696, 697, 698, 699, 700, 701, 702, 703, 704, 705, 706, 707, 708, 709, 710, 711, 712, 713, 714, 715, 716, 717, 718, 719, 720, 721, 722, 723, 724, 725, 726, 727, 728, 729, 730, 731, 732, 733, 734, 735, 736, 737, 738, 739, 740, 741, 742, 743, 744, 745, 746, 747, 748, 749, 750, 751, 752, 753, 754, 755, 756, 757, 758, 759, 760, 761, 762, 763, 764, 765, 766, 767, 768, 769, 770, 771, 772, 773, 774, 775, 776, 777, 778, 779, 780, 781, 782, 783, 784, 785, 786, 787, 788, 789, 790, 791, 792, 793]","[138, 257, 609, 719]",[],"[105, 114, 138, 141, 152, 153, 154, 155, 157, 159, 164, 165, 176, 182, 191, 192, 194, 195, 196, 200, 204, 208, 209, 210, 211, 215, 226, 228, 241, 242, 243, 245, 248, 249, 250, 257, 261, 270, 271, 282, 287, 289, 291, 294, 296, 298, 306, 308, 309, 311, 314, 327, 333, 335, 337, 576, 585, 609, 612, 623, 624, 626, 627, 629, 631, 636, 637, 647, 653, 662, 663, 665, 666, 667, 671, 674, 678, 679, 680, 681, 690, 692, 705, 706, 707, 709, 711, 712, 713, 719, 721, 729, 730, 741, 746, 748, 750, 753, 755, 757, 764, 766, 767, 769, 772, 785, 791]",[],[],7/6 successful match,True,"[698, 699]",True,259,False,,0.38095238095238093,True,Village Fuel Stop,
"Castaic , 91384 Castaic Truck Stop",4 661-295-1374 I-5 Exit 176 A ( Parker Rd ),24 HRS M $ <U+2610> <U+2610>,Castaic,91384,Castaic Truck Stop,661-295-1374,2008,Castaic,CA,,( Parker Rd ),I-5 Exit 176 A ,Exit,176,False,,False,I-5,,,,,"[609, 138]","[138, 257, 609, 719]","[138, 257, 609, 719]","[138, 257, 345, 359, 609, 719, 801, 814]","[103, 104, 105, 106, 107, 108, 109, 110, 111, 112, 113, 114, 115, 116, 117, 118, 119, 120, 121, 122, 123, 124, 125, 126, 127, 128, 129, 130, 131, 132, 133, 134, 135, 136, 137, 138, 139, 140, 141, 142, 143, 144, 145, 146, 147, 148, 149, 150, 151, 152, 153, 154, 155, 156, 157, 158, 159, 160, 161, 162, 163, 164, 165, 166, 167, 168, 169, 170, 171, 172, 173, 174, 175, 176, 177, 178, 179, 180, 181, 182, 183, 184, 185, 186, 187, 188, 189, 190, 191, 192, 193, 194, 195, 196, 197, 198, 199, 200, 201, 202, 203, 204, 205, 206, 207, 208, 209, 210, 211, 212, 213, 214, 215, 216, 217, 218, 219, 220, 221, 222, 223, 224, 225, 226, 227, 228, 229, 230, 231, 232, 233, 234, 235, 236, 237, 238, 239, 240, 241, 242, 243, 244, 245, 246, 247, 248, 249, 250, 251, 252, 253, 254, 255, 256, 257, 258, 259, 260, 261, 262, 263, 264, 265, 266, 267, 268, 269, 270, 271, 272, 273, 274, 275, 276, 277, 278, 279, 280, 281, 282, 283, 284, 285, 286, 287, 288, 289, 290, 291, 292, 293, 294, 295, 296, 297, 298, 299, 300, 301, 302, 303, 304, 305, 306, 307, 308, 309, 310, 311, 312, 313, 314, 315, 316, 317, 318, 319, 320, 321, 322, 323, 324, 325, 326, 327, 328, 329, 330, 331, 332, 333, 334, 335, 336, 337, 574, 575, 576, 577, 578, 579, 580, 581, 582, 583, 584, 585, 586, 587, 588, 589, 590, 591, 592, 593, 594, 595, 596, 597, 598, 599, 600, 601, 602, 603, 604, 605, 606, 607, 608, 609, 610, 611, 612, 613, 614, 615, 616, 617, 618, 619, 620, 621, 622, 623, 624, 625, 626, 627, 628, 629, 630, 631, 632, 633, 634, 635, 636, 637, 638, 639, 640, 641, 642, 643, 644, 645, 646, 647, 648, 649, 650, 651, 652, 653, 654, 655, 656, 657, 658, 659, 660, 661, 662, 663, 664, 665, 666, 667, 668, 669, 670, 671, 672, 673, 674, 675, 676, 677, 678, 679, 680, 681, 682, 683, 684, 685, 686, 687, 688, 689, 690, 691, 692, 693, 694, 695, 696, 697, 698, 699, 700, 701, 702, 703, 704, 705, 706, 707, 708, 709, 710, 711, 712, 713, 714, 715, 716, 717, 718, 719, 720, 721, 722, 723, 724, 725, 726, 727, 728, 729, 730, 731, 732, 733, 734, 735, 736, 737, 738, 739, 740, 741, 742, 743, 744, 745, 746, 747, 748, 749, 750, 751, 752, 753, 754, 755, 756, 757, 758, 759, 760, 761, 762, 763, 764, 765, 766, 767, 768, 769, 770, 771, 772, 773, 774, 775, 776, 777, 778, 779, 780, 781, 782, 783, 784, 785, 786, 787, 788, 789, 790, 791, 792, 793]","[105, 114, 138, 141, 152, 153, 154, 155, 157, 159, 164, 165, 176, 182, 191, 192, 194, 195, 196, 200, 204, 208, 209, 210, 211, 215, 226, 228, 241, 242, 243, 245, 248, 249, 250, 257, 261, 270, 271, 282, 287, 289, 291, 294, 296, 298, 306, 308, 309, 311, 314, 327, 333, 335, 337, 576, 585, 609, 612, 623, 624, 626, 627, 629, 631, 636, 637, 647, 653, 662, 663, 665, 666, 667, 671, 674, 678, 679, 680, 681, 690, 692, 705, 706, 707, 709, 711, 712, 713, 719, 721, 729, 730, 741, 746, 748, 750, 753, 755, 757, 764, 766, 767, 769, 772, 785, 791]",[],"[138, 609]","[103, 104, 105, 106, 107, 108, 109, 110, 111, 112, 113, 114, 115, 116, 117, 118, 119, 120, 121, 122, 123, 124, 125, 126, 127, 128, 129, 130, 131, 132, 133, 134, 135, 136, 137, 138, 139, 140, 141, 142, 143, 144, 145, 146, 147, 148, 149, 150, 151, 152, 153, 154, 155, 156, 157, 158, 159, 160, 161, 162, 163, 164, 165, 166, 167, 168, 169, 170, 171, 172, 173, 174, 175, 176, 177, 178, 179, 180, 181, 182, 183, 184, 185, 186, 187, 188, 189, 190, 191, 192, 193, 194, 195, 196, 197, 198, 199, 200, 201, 202, 203, 204, 205, 206, 207, 208, 209, 210, 211, 212, 213, 214, 215, 216, 217, 218, 219, 220, 221, 222, 223, 224, 225, 226, 227, 228, 229, 230, 231, 232, 233, 234, 235, 236, 237, 238, 239, 240, 241, 242, 243, 244, 245, 246, 247, 248, 249, 250, 251, 252, 253, 254, 255, 256, 257, 258, 259, 260, 261, 262, 263, 264, 265, 266, 267, 268, 269, 270, 271, 272, 273, 274, 275, 276, 277, 278, 279, 280, 281, 282, 283, 284, 285, 286, 287, 288, 289, 290, 291, 292, 293, 294, 295, 296, 297, 298, 299, 300, 301, 302, 303, 304, 305, 306, 307, 308, 309, 310, 311, 312, 313, 314, 315, 316, 317, 318, 319, 320, 321, 322, 323, 324, 325, 326, 327, 328, 329, 330, 331, 332, 333, 334, 335, 336, 337, 345, 359, 574, 575, 576, 577, 578, 579, 580, 581, 582, 583, 584, 585, 586, 587, 588, 589, 590, 591, 592, 593, 594, 595, 596, 597, 598, 599, 600, 601, 602, 603, 604, 605, 606, 607, 608, 609, 610, 611, 612, 613, 614, 615, 616, 617, 618, 619, 620, 621, 622, 623, 624, 625, 626, 627, 628, 629, 630, 631, 632, 633, 634, 635, 636, 637, 638, 639, 640, 641, 642, 643, 644, 645, 646, 647, 648, 649, 650, 651, 652, 653, 654, 655, 656, 657, 658, 659, 660, 661, 662, 663, 664, 665, 666, 667, 668, 669, 670, 671, 672, 673, 674, 675, 676, 677, 678, 679, 680, 681, 682, 683, 684, 685, 686, 687, 688, 689, 690, 691, 692, 693, 694, 695, 696, 697, 698, 699, 700, 701, 702, 703, 704, 705, 706, 707, 708, 709, 710, 711, 712, 713, 714, 715, 716, 717, 718, 719, 720, 721, 722, 723, 724, 725, 726, 727, 728, 729, 730, 731, 732, 733, 734, 735, 736, 737, 738, 739, 740, 741, 742, 743, 744, 745, 746, 747, 748, 749, 750, 751, 752, 753, 754, 755, 756, 757, 758, 759, 760, 761, 762, 763, 764, 765, 766, 767, 768, 769, 770, 771, 772, 773, 774, 775, 776, 777, 778, 779, 780, 781, 782, 783, 784, 785, 786, 787, 788, 789, 790, 791, 792, 793, 801, 814]",True,"[138, 257, 609, 719]","[103, 104, 105, 106, 107, 108, 109, 110, 111, 112, 113, 114, 115, 116, 117, 118, 119, 120, 121, 122, 123, 124, 125, 126, 127, 128, 129, 130, 131, 132, 133, 134, 135, 136, 137, 138, 139, 140, 141, 142, 143, 144, 145, 146, 147, 148, 149, 150, 151, 152, 153, 154, 155, 156, 157, 158, 159, 160, 161, 162, 163, 164, 165, 166, 167, 168, 169, 170, 171, 172, 173, 174, 175, 176, 177, 178, 179, 180, 181, 182, 183, 184, 185, 186, 187, 188, 189, 190, 191, 192, 193, 194, 195, 196, 197, 198, 199, 200, 201, 202, 203, 204, 205, 206, 207, 208, 209, 210, 211, 212, 213, 214, 215, 216, 217, 218, 219, 220, 221, 222, 223, 224, 225, 226, 227, 228, 229, 230, 231, 232, 233, 234, 235, 236, 237, 238, 239, 240, 241, 242, 243, 244, 245, 246, 247, 248, 249, 250, 251, 252, 253, 254, 255, 256, 257, 258, 259, 260, 261, 262, 263, 264, 265, 266, 267, 268, 269, 270, 271, 272, 273, 274, 275, 276, 277, 278, 279, 280, 281, 282, 283, 284, 285, 286, 287, 288, 289, 290, 291, 292, 293, 294, 295, 296, 297, 298, 299, 300, 301, 302, 303, 304, 305, 306, 307, 308, 309, 310, 311, 312, 313, 314, 315, 316, 317, 318, 319, 320, 321, 322, 323, 324, 325, 326, 327, 328, 329, 330, 331, 332, 333, 334, 335, 336, 337, 574, 575, 576, 577, 578, 579, 580, 581, 582, 583, 584, 585, 586, 587, 588, 589, 590, 591, 592, 593, 594, 595, 596, 597, 598, 599, 600, 601, 602, 603, 604, 605, 606, 607, 608, 609, 610, 611, 612, 613, 614, 615, 616, 617, 618, 619, 620, 621, 622, 623, 624, 625, 626, 627, 628, 629, 630, 631, 632, 633, 634, 635, 636, 637, 638, 639, 640, 641, 642, 643, 644, 645, 646, 647, 648, 649, 650, 651, 652, 653, 654, 655, 656, 657, 658, 659, 660, 661, 662, 663, 664, 665, 666, 667, 668, 669, 670, 671, 672, 673, 674, 675, 676, 677, 678, 679, 680, 681, 682, 683, 684, 685, 686, 687, 688, 689, 690, 691, 692, 693, 694, 695, 696, 697, 698, 699, 700, 701, 702, 703, 704, 705, 706, 707, 708, 709, 710, 711, 712, 713, 714, 715, 716, 717, 718, 719, 720, 721, 722, 723, 724, 725, 726, 727, 728, 729, 730, 731, 732, 733, 734, 735, 736, 737, 738, 739, 740, 741, 742, 743, 744, 745, 746, 747, 748, 749, 750, 751, 752, 753, 754, 755, 756, 757, 758, 759, 760, 761, 762, 763, 764, 765, 766, 767, 768, 769, 770, 771, 772, 773, 774, 775, 776, 777, 778, 779, 780, 781, 782, 783, 784, 785, 786, 787, 788, 789, 790, 791, 792, 793]","[138, 257, 609, 719]","[138, 257, 345, 359, 609, 719, 801, 814]","[105, 114, 138, 141, 152, 153, 154, 155, 157, 159, 164, 165, 176, 182, 191, 192, 194, 195, 196, 200, 204, 208, 209, 210, 211, 215, 226, 228, 241, 242, 243, 245, 248, 249, 250, 257, 261, 270, 271, 282, 287, 289, 291, 294, 296, 298, 306, 308, 309, 311, 314, 327, 333, 335, 337, 576, 585, 609, 612, 623, 624, 626, 627, 629, 631, 636, 637, 647, 653, 662, 663, 665, 666, 667, 671, 674, 678, 679, 680, 681, 690, 692, 705, 706, 707, 709, 711, 712, 713, 719, 721, 729, 730, 741, 746, 748, 750, 753, 755, 757, 764, 766, 767, 769, 772, 785, 791]","[138, 609]",[],7/6 successful match,True,"[698, 699]",True,259,False,,0.36363636363636365,True,Stop,
Castaic ( 91384 ) Castaic Truck Stop ),661-295-1374 I-5 Exit 176 A ( Parker Rd ),24 M,Castaic,91384,Castaic Truck Stop ),661-295-1374,2014,Castaic,CA,,( Parker Rd ),I-5 Exit 176 A ,Exit,176,False,,False,I-5,,,,,"[609, 138]","[138, 257, 609, 719]","[138, 257, 609, 719]","[138, 257, 345, 359, 609, 719, 801, 814]","[103, 104, 105, 106, 107, 108, 109, 110, 111, 112, 113, 114, 115, 116, 117, 118, 119, 120, 121, 122, 123, 124, 125, 126, 127, 128, 129, 130, 131, 132, 133, 134, 135, 136, 137, 138, 139, 140, 141, 142, 143, 144, 145, 146, 147, 148, 149, 150, 151, 152, 153, 154, 155, 156, 157, 158, 159, 160, 161, 162, 163, 164, 165, 166, 167, 168, 169, 170, 171, 172, 173, 174, 175, 176, 177, 178, 179, 180, 181, 182, 183, 184, 185, 186, 187, 188, 189, 190, 191, 192, 193, 194, 195, 196, 197, 198, 199, 200, 201, 202, 203, 204, 205, 206, 207, 208, 209, 210, 211, 212, 213, 214, 215, 216, 217, 218, 219, 220, 221, 222, 223, 224, 225, 226, 227, 228, 229, 230, 231, 232, 233, 234, 235, 236, 237, 238, 239, 240, 241, 242, 243, 244, 245, 246, 247, 248, 249, 250, 251, 252, 253, 254, 255, 256, 257, 258, 259, 260, 261, 262, 263, 264, 265, 266, 267, 268, 269, 270, 271, 272, 273, 274, 275, 276, 277, 278, 279, 280, 281, 282, 283, 284, 285, 286, 287, 288, 289, 290, 291, 292, 293, 294, 295, 296, 297, 298, 299, 300, 301, 302, 303, 304, 305, 306, 307, 308, 309, 310, 311, 312, 313, 314, 315, 316, 317, 318, 319, 320, 321, 322, 323, 324, 325, 326, 327, 328, 329, 330, 331, 332, 333, 334, 335, 336, 337, 574, 575, 576, 577, 578, 579, 580, 581, 582, 583, 584, 585, 586, 587, 588, 589, 590, 591, 592, 593, 594, 595, 596, 597, 598, 599, 600, 601, 602, 603, 604, 605, 606, 607, 608, 609, 610, 611, 612, 613, 614, 615, 616, 617, 618, 619, 620, 621, 622, 623, 624, 625, 626, 627, 628, 629, 630, 631, 632, 633, 634, 635, 636, 637, 638, 639, 640, 641, 642, 643, 644, 645, 646, 647, 648, 649, 650, 651, 652, 653, 654, 655, 656, 657, 658, 659, 660, 661, 662, 663, 664, 665, 666, 667, 668, 669, 670, 671, 672, 673, 674, 675, 676, 677, 678, 679, 680, 681, 682, 683, 684, 685, 686, 687, 688, 689, 690, 691, 692, 693, 694, 695, 696, 697, 698, 699, 700, 701, 702, 703, 704, 705, 706, 707, 708, 709, 710, 711, 712, 713, 714, 715, 716, 717, 718, 719, 720, 721, 722, 723, 724, 725, 726, 727, 728, 729, 730, 731, 732, 733, 734, 735, 736, 737, 738, 739, 740, 741, 742, 743, 744, 745, 746, 747, 748, 749, 750, 751, 752, 753, 754, 755, 756, 757, 758, 759, 760, 761, 762, 763, 764, 765, 766, 767, 768, 769, 770, 771, 772, 773, 774, 775, 776, 777, 778, 779, 780, 781, 782, 783, 784, 785, 786, 787, 788, 789, 790, 791, 792, 793]","[105, 114, 138, 141, 152, 153, 154, 155, 157, 159, 164, 165, 176, 182, 191, 192, 194, 195, 196, 200, 204, 208, 209, 210, 211, 215, 226, 228, 241, 242, 243, 245, 248, 249, 250, 257, 261, 270, 271, 282, 287, 289, 291, 294, 296, 298, 306, 308, 309, 311, 314, 327, 333, 335, 337, 576, 585, 609, 612, 623, 624, 626, 627, 629, 631, 636, 637, 647, 653, 662, 663, 665, 666, 667, 671, 674, 678, 679, 680, 681, 690, 692, 705, 706, 707, 709, 711, 712, 713, 719, 721, 729, 730, 741, 746, 748, 750, 753, 755, 757, 764, 766, 767, 769, 772, 785, 791]",[],"[138, 609]","[103, 104, 105, 106, 107, 108, 109, 110, 111, 112, 113, 114, 115, 116, 117, 118, 119, 120, 121, 122, 123, 124, 125, 126, 127, 128, 129, 130, 131, 132, 133, 134, 135, 136, 137, 138, 139, 140, 141, 142, 143, 144, 145, 146, 147, 148, 149, 150, 151, 152, 153, 154, 155, 156, 157, 158, 159, 160, 161, 162, 163, 164, 165, 166, 167, 168, 169, 170, 171, 172, 173, 174, 175, 176, 177, 178, 179, 180, 181, 182, 183, 184, 185, 186, 187, 188, 189, 190, 191, 192, 193, 194, 195, 196, 197, 198, 199, 200, 201, 202, 203, 204, 205, 206, 207, 208, 209, 210, 211, 212, 213, 214, 215, 216, 217, 218, 219, 220, 221, 222, 223, 224, 225, 226, 227, 228, 229, 230, 231, 232, 233, 234, 235, 236, 237, 238, 239, 240, 241, 242, 243, 244, 245, 246, 247, 248, 249, 250, 251, 252, 253, 254, 255, 256, 257, 258, 259, 260, 261, 262, 263, 264, 265, 266, 267, 268, 269, 270, 271, 272, 273, 274, 275, 276, 277, 278, 279, 280, 281, 282, 283, 284, 285, 286, 287, 288, 289, 290, 291, 292, 293, 294, 295, 296, 297, 298, 299, 300, 301, 302, 303, 304, 305, 306, 307, 308, 309, 310, 311, 312, 313, 314, 315, 316, 317, 318, 319, 320, 321, 322, 323, 324, 325, 326, 327, 328, 329, 330, 331, 332, 333, 334, 335, 336, 337, 345, 359, 574, 575, 576, 577, 578, 579, 580, 581, 582, 583, 584, 585, 586, 587, 588, 589, 590, 591, 592, 593, 594, 595, 596, 597, 598, 599, 600, 601, 602, 603, 604, 605, 606, 607, 608, 609, 610, 611, 612, 613, 614, 615, 616, 617, 618, 619, 620, 621, 622, 623, 624, 625, 626, 627, 628, 629, 630, 631, 632, 633, 634, 635, 636, 637, 638, 639, 640, 641, 642, 643, 644, 645, 646, 647, 648, 649, 650, 651, 652, 653, 654, 655, 656, 657, 658, 659, 660, 661, 662, 663, 664, 665, 666, 667, 668, 669, 670, 671, 672, 673, 674, 675, 676, 677, 678, 679, 680, 681, 682, 683, 684, 685, 686, 687, 688, 689, 690, 691, 692, 693, 694, 695, 696, 697, 698, 699, 700, 701, 702, 703, 704, 705, 706, 707, 708, 709, 710, 711, 712, 713, 714, 715, 716, 717, 718, 719, 720, 721, 722, 723, 724, 725, 726, 727, 728, 729, 730, 731, 732, 733, 734, 735, 736, 737, 738, 739, 740, 741, 742, 743, 744, 745, 746, 747, 748, 749, 750, 751, 752, 753, 754, 755, 756, 757, 758, 759, 760, 761, 762, 763, 764, 765, 766, 767, 768, 769, 770, 771, 772, 773, 774, 775, 776, 777, 778, 779, 780, 781, 782, 783, 784, 785, 786, 787, 788, 789, 790, 791, 792, 793, 801, 814]",True,"[138, 257, 609, 719]","[103, 104, 105, 106, 107, 108, 109, 110, 111, 112, 113, 114, 115, 116, 117, 118, 119, 120, 121, 122, 123, 124, 125, 126, 127, 128, 129, 130, 131, 132, 133, 134, 135, 136, 137, 138, 139, 140, 141, 142, 143, 144, 145, 146, 147, 148, 149, 150, 151, 152, 153, 154, 155, 156, 157, 158, 159, 160, 161, 162, 163, 164, 165, 166, 167, 168, 169, 170, 171, 172, 173, 174, 175, 176, 177, 178, 179, 180, 181, 182, 183, 184, 185, 186, 187, 188, 189, 190, 191, 192, 193, 194, 195, 196, 197, 198, 199, 200, 201, 202, 203, 204, 205, 206, 207, 208, 209, 210, 211, 212, 213, 214, 215, 216, 217, 218, 219, 220, 221, 222, 223, 224, 225, 226, 227, 228, 229, 230, 231, 232, 233, 234, 235, 236, 237, 238, 239, 240, 241, 242, 243, 244, 245, 246, 247, 248, 249, 250, 251, 252, 253, 254, 255, 256, 257, 258, 259, 260, 261, 262, 263, 264, 265, 266, 267, 268, 269, 270, 271, 272, 273, 274, 275, 276, 277, 278, 279, 280, 281, 282, 283, 284, 285, 286, 287, 288, 289, 290, 291, 292, 293, 294, 295, 296, 297, 298, 299, 300, 301, 302, 303, 304, 305, 306, 307, 308, 309, 310, 311, 312, 313, 314, 315, 316, 317, 318, 319, 320, 321, 322, 323, 324, 325, 326, 327, 328, 329, 330, 331, 332, 333, 334, 335, 336, 337, 574, 575, 576, 577, 578, 579, 580, 581, 582, 583, 584, 585, 586, 587, 588, 589, 590, 591, 592, 593, 594, 595, 596, 597, 598, 599, 600, 601, 602, 603, 604, 605, 606, 607, 608, 609, 610, 611, 612, 613, 614, 615, 616, 617, 618, 619, 620, 621, 622, 623, 624, 625, 626, 627, 628, 629, 630, 631, 632, 633, 634, 635, 636, 637, 638, 639, 640, 641, 642, 643, 644, 645, 646, 647, 648, 649, 650, 651, 652, 653, 654, 655, 656, 657, 658, 659, 660, 661, 662, 663, 664, 665, 666, 667, 668, 669, 670, 671, 672, 673, 674, 675, 676, 677, 678, 679, 680, 681, 682, 683, 684, 685, 686, 687, 688, 689, 690, 691, 692, 693, 694, 695, 696, 697, 698, 699, 700, 701, 702, 703, 704, 705, 706, 707, 708, 709, 710, 711, 712, 713, 714, 715, 716, 717, 718, 719, 720, 721, 722, 723, 724, 725, 726, 727, 728, 729, 730, 731, 732, 733, 734, 735, 736, 737, 738, 739, 740, 741, 742, 743, 744, 745, 746, 747, 748, 749, 750, 751, 752, 753, 754, 755, 756, 757, 758, 759, 760, 761, 762, 763, 764, 765, 766, 767, 768, 769, 770, 771, 772, 773, 774, 775, 776, 777, 778, 779, 780, 781, 782, 783, 784, 785, 786, 787, 788, 789, 790, 791, 792, 793]","[138, 257, 609, 719]","[138, 257, 345, 359, 609, 719, 801, 814]","[105, 114, 138, 141, 152, 153, 154, 155, 157, 159, 164, 165, 176, 182, 191, 192, 194, 195, 196, 200, 204, 208, 209, 210, 211, 215, 226, 228, 241, 242, 243, 245, 248, 249, 250, 257, 261, 270, 271, 282, 287, 289, 291, 294, 296, 298, 306, 308, 309, 311, 314, 327, 333, 335, 337, 576, 585, 609, 612, 623, 624, 626, 627, 629, 631, 636, 637, 647, 653, 662, 663, 665, 666, 667, 671, 674, 678, 679, 680, 681, 690, 692, 705, 706, 707, 709, 711, 712, 713, 719, 721, 729, 730, 741, 746, 748, 750, 753, 755, 757, 764, 766, 767, 769, 772, 785, 791]","[138, 609]",[],7/6 successful match,True,"[698, 699]",True,259,False,,0.8842105263157896,True,Castaic Truck Stop,
H Castaic ( 91384 ) Castaic Truck Stop ( S to 101 W Victoria ),4 661-295-1374 I-5 Exit 176 A ( Parker Rd ),24 MED,Castaic,91384,Castaic Truck Stop ( S to 101 W Victoria ),661-295-1374,2015,Castaic,CA,,( Parker Rd ),I-5 Exit 176 A ,Exit,176,False,,False,I-5,,,,,"[609, 138]","[138, 257, 609, 719]","[138, 257, 609, 719]","[138, 257, 345, 359, 609, 719, 801, 814]","[103, 104, 105, 106, 107, 108, 109, 110, 111, 112, 113, 114, 115, 116, 117, 118, 119, 120, 121, 122, 123, 124, 125, 126, 127, 128, 129, 130, 131, 132, 133, 134, 135, 136, 137, 138, 139, 140, 141, 142, 143, 144, 145, 146, 147, 148, 149, 150, 151, 152, 153, 154, 155, 156, 157, 158, 159, 160, 161, 162, 163, 164, 165, 166, 167, 168, 169, 170, 171, 172, 173, 174, 175, 176, 177, 178, 179, 180, 181, 182, 183, 184, 185, 186, 187, 188, 189, 190, 191, 192, 193, 194, 195, 196, 197, 198, 199, 200, 201, 202, 203, 204, 205, 206, 207, 208, 209, 210, 211, 212, 213, 214, 215, 216, 217, 218, 219, 220, 221, 222, 223, 224, 225, 226, 227, 228, 229, 230, 231, 232, 233, 234, 235, 236, 237, 238, 239, 240, 241, 242, 243, 244, 245, 246, 247, 248, 249, 250, 251, 252, 253, 254, 255, 256, 257, 258, 259, 260, 261, 262, 263, 264, 265, 266, 267, 268, 269, 270, 271, 272, 273, 274, 275, 276, 277, 278, 279, 280, 281, 282, 283, 284, 285, 286, 287, 288, 289, 290, 291, 292, 293, 294, 295, 296, 297, 298, 299, 300, 301, 302, 303, 304, 305, 306, 307, 308, 309, 310, 311, 312, 313, 314, 315, 316, 317, 318, 319, 320, 321, 322, 323, 324, 325, 326, 327, 328, 329, 330, 331, 332, 333, 334, 335, 336, 337, 574, 575, 576, 577, 578, 579, 580, 581, 582, 583, 584, 585, 586, 587, 588, 589, 590, 591, 592, 593, 594, 595, 596, 597, 598, 599, 600, 601, 602, 603, 604, 605, 606, 607, 608, 609, 610, 611, 612, 613, 614, 615, 616, 617, 618, 619, 620, 621, 622, 623, 624, 625, 626, 627, 628, 629, 630, 631, 632, 633, 634, 635, 636, 637, 638, 639, 640, 641, 642, 643, 644, 645, 646, 647, 648, 649, 650, 651, 652, 653, 654, 655, 656, 657, 658, 659, 660, 661, 662, 663, 664, 665, 666, 667, 668, 669, 670, 671, 672, 673, 674, 675, 676, 677, 678, 679, 680, 681, 682, 683, 684, 685, 686, 687, 688, 689, 690, 691, 692, 693, 694, 695, 696, 697, 698, 699, 700, 701, 702, 703, 704, 705, 706, 707, 708, 709, 710, 711, 712, 713, 714, 715, 716, 717, 718, 719, 720, 721, 722, 723, 724, 725, 726, 727, 728, 729, 730, 731, 732, 733, 734, 735, 736, 737, 738, 739, 740, 741, 742, 743, 744, 745, 746, 747, 748, 749, 750, 751, 752, 753, 754, 755, 756, 757, 758, 759, 760, 761, 762, 763, 764, 765, 766, 767, 768, 769, 770, 771, 772, 773, 774, 775, 776, 777, 778, 779, 780, 781, 782, 783, 784, 785, 786, 787, 788, 789, 790, 791, 792, 793]","[105, 114, 138, 141, 152, 153, 154, 155, 157, 159, 164, 165, 176, 182, 191, 192, 194, 195, 196, 200, 204, 208, 209, 210, 211, 215, 226, 228, 241, 242, 243, 245, 248, 249, 250, 257, 261, 270, 271, 282, 287, 289, 291, 294, 296, 298, 306, 308, 309, 311, 314, 327, 333, 335, 337, 576, 585, 609, 612, 623, 624, 626, 627, 629, 631, 636, 637, 647, 653, 662, 663, 665, 666, 667, 671, 674, 678, 679, 680, 681, 690, 692, 705, 706, 707, 709, 711, 712, 713, 719, 721, 729, 730, 741, 746, 748, 750, 753, 755, 757, 764, 766, 767, 769, 772, 785, 791]",[],"[138, 609]","[103, 104, 105, 106, 107, 108, 109, 110, 111, 112, 113, 114, 115, 116, 117, 118, 119, 120, 121, 122, 123, 124, 125, 126, 127, 128, 129, 130, 131, 132, 133, 134, 135, 136, 137, 138, 139, 140, 141, 142, 143, 144, 145, 146, 147, 148, 149, 150, 151, 152, 153, 154, 155, 156, 157, 158, 159, 160, 161, 162, 163, 164, 165, 166, 167, 168, 169, 170, 171, 172, 173, 174, 175, 176, 177, 178, 179, 180, 181, 182, 183, 184, 185, 186, 187, 188, 189, 190, 191, 192, 193, 194, 195, 196, 197, 198, 199, 200, 201, 202, 203, 204, 205, 206, 207, 208, 209, 210, 211, 212, 213, 214, 215, 216, 217, 218, 219, 220, 221, 222, 223, 224, 225, 226, 227, 228, 229, 230, 231, 232, 233, 234, 235, 236, 237, 238, 239, 240, 241, 242, 243, 244, 245, 246, 247, 248, 249, 250, 251, 252, 253, 254, 255, 256, 257, 258, 259, 260, 261, 262, 263, 264, 265, 266, 267, 268, 269, 270, 271, 272, 273, 274, 275, 276, 277, 278, 279, 280, 281, 282, 283, 284, 285, 286, 287, 288, 289, 290, 291, 292, 293, 294, 295, 296, 297, 298, 299, 300, 301, 302, 303, 304, 305, 306, 307, 308, 309, 310, 311, 312, 313, 314, 315, 316, 317, 318, 319, 320, 321, 322, 323, 324, 325, 326, 327, 328, 329, 330, 331, 332, 333, 334, 335, 336, 337, 345, 359, 574, 575, 576, 577, 578, 579, 580, 581, 582, 583, 584, 585, 586, 587, 588, 589, 590, 591, 592, 593, 594, 595, 596, 597, 598, 599, 600, 601, 602, 603, 604, 605, 606, 607, 608, 609, 610, 611, 612, 613, 614, 615, 616, 617, 618, 619, 620, 621, 622, 623, 624, 625, 626, 627, 628, 629, 630, 631, 632, 633, 634, 635, 636, 637, 638, 639, 640, 641, 642, 643, 644, 645, 646, 647, 648, 649, 650, 651, 652, 653, 654, 655, 656, 657, 658, 659, 660, 661, 662, 663, 664, 665, 666, 667, 668, 669, 670, 671, 672, 673, 674, 675, 676, 677, 678, 679, 680, 681, 682, 683, 684, 685, 686, 687, 688, 689, 690, 691, 692, 693, 694, 695, 696, 697, 698, 699, 700, 701, 702, 703, 704, 705, 706, 707, 708, 709, 710, 711, 712, 713, 714, 715, 716, 717, 718, 719, 720, 721, 722, 723, 724, 725, 726, 727, 728, 729, 730, 731, 732, 733, 734, 735, 736, 737, 738, 739, 740, 741, 742, 743, 744, 745, 746, 747, 748, 749, 750, 751, 752, 753, 754, 755, 756, 757, 758, 759, 760, 761, 762, 763, 764, 765, 766, 767, 768, 769, 770, 771, 772, 773, 774, 775, 776, 777, 778, 779, 780, 781, 782, 783, 784, 785, 786, 787, 788, 789, 790, 791, 792, 793, 801, 814]",True,"[138, 257, 609, 719]","[103, 104, 105, 106, 107, 108, 109, 110, 111, 112, 113, 114, 115, 116, 117, 118, 119, 120, 121, 122, 123, 124, 125, 126, 127, 128, 129, 130, 131, 132, 133, 134, 135, 136, 137, 138, 139, 140, 141, 142, 143, 144, 145, 146, 147, 148, 149, 150, 151, 152, 153, 154, 155, 156, 157, 158, 159, 160, 161, 162, 163, 164, 165, 166, 167, 168, 169, 170, 171, 172, 173, 174, 175, 176, 177, 178, 179, 180, 181, 182, 183, 184, 185, 186, 187, 188, 189, 190, 191, 192, 193, 194, 195, 196, 197, 198, 199, 200, 201, 202, 203, 204, 205, 206, 207, 208, 209, 210, 211, 212, 213, 214, 215, 216, 217, 218, 219, 220, 221, 222, 223, 224, 225, 226, 227, 228, 229, 230, 231, 232, 233, 234, 235, 236, 237, 238, 239, 240, 241, 242, 243, 244, 245, 246, 247, 248, 249, 250, 251, 252, 253, 254, 255, 256, 257, 258, 259, 260, 261, 262, 263, 264, 265, 266, 267, 268, 269, 270, 271, 272, 273, 274, 275, 276, 277, 278, 279, 280, 281, 282, 283, 284, 285, 286, 287, 288, 289, 290, 291, 292, 293, 294, 295, 296, 297, 298, 299, 300, 301, 302, 303, 304, 305, 306, 307, 308, 309, 310, 311, 312, 313, 314, 315, 316, 317, 318, 319, 320, 321, 322, 323, 324, 325, 326, 327, 328, 329, 330, 331, 332, 333, 334, 335, 336, 337, 574, 575, 576, 577, 578, 579, 580, 581, 582, 583, 584, 585, 586, 587, 588, 589, 590, 591, 592, 593, 594, 595, 596, 597, 598, 599, 600, 601, 602, 603, 604, 605, 606, 607, 608, 609, 610, 611, 612, 613, 614, 615, 616, 617, 618, 619, 620, 621, 622, 623, 624, 625, 626, 627, 628, 629, 630, 631, 632, 633, 634, 635, 636, 637, 638, 639, 640, 641, 642, 643, 644, 645, 646, 647, 648, 649, 650, 651, 652, 653, 654, 655, 656, 657, 658, 659, 660, 661, 662, 663, 664, 665, 666, 667, 668, 669, 670, 671, 672, 673, 674, 675, 676, 677, 678, 679, 680, 681, 682, 683, 684, 685, 686, 687, 688, 689, 690, 691, 692, 693, 694, 695, 696, 697, 698, 699, 700, 701, 702, 703, 704, 705, 706, 707, 708, 709, 710, 711, 712, 713, 714, 715, 716, 717, 718, 719, 720, 721, 722, 723, 724, 725, 726, 727, 728, 729, 730, 731, 732, 733, 734, 735, 736, 737, 738, 739, 740, 741, 742, 743, 744, 745, 746, 747, 748, 749, 750, 751, 752, 753, 754, 755, 756, 757, 758, 759, 760, 761, 762, 763, 764, 765, 766, 767, 768, 769, 770, 771, 772, 773, 774, 775, 776, 777, 778, 779, 780, 781, 782, 783, 784, 785, 786, 787, 788, 789, 790, 791, 792, 793]","[138, 257, 609, 719]","[138, 257, 345, 359, 609, 719, 801, 814]","[105, 114, 138, 141, 152, 153, 154, 155, 157, 159, 164, 165, 176, 182, 191, 192, 194, 195, 196, 200, 204, 208, 209, 210, 211, 215, 226, 228, 241, 242, 243, 245, 248, 249, 250, 257, 261, 270, 271, 282, 287, 289, 291, 294, 296, 298, 306, 308, 309, 311, 314, 327, 333, 335, 337, 576, 585, 609, 612, 623, 624, 626, 627, 629, 631, 636, 637, 647, 653, 662, 663, 665, 666, 667, 671, 674, 678, 679, 680, 681, 690, 692, 705, 706, 707, 709, 711, 712, 713, 719, 721, 729, 730, 741, 746, 748, 750, 753, 755, 757, 764, 766, 767, 769, 772, 785, 791]","[138, 609]",[],7/6 successful match,True,"[698, 699]",True,259,False,,0.5268817204301075,True,Castaic Truck Stop ),
Castaic ( 91384 ) Castaic Truck Stop W Victoria ),4 661-295-1374 I-5 Exit 176 A ( Parker Rd ),24 <U+2610> M <U+2610>,Castaic,91384,Castaic Truck Stop W Victoria ),661-295-1374,2016,Castaic,CA,,( Parker Rd ),I-5 Exit 176 A ,Exit,176,False,,False,I-5,,,,,"[609, 138]","[138, 257, 609, 719]","[138, 257, 609, 719]","[138, 257, 345, 359, 609, 719, 801, 814]","[103, 104, 105, 106, 107, 108, 109, 110, 111, 112, 113, 114, 115, 116, 117, 118, 119, 120, 121, 122, 123, 124, 125, 126, 127, 128, 129, 130, 131, 132, 133, 134, 135, 136, 137, 138, 139, 140, 141, 142, 143, 144, 145, 146, 147, 148, 149, 150, 151, 152, 153, 154, 155, 156, 157, 158, 159, 160, 161, 162, 163, 164, 165, 166, 167, 168, 169, 170, 171, 172, 173, 174, 175, 176, 177, 178, 179, 180, 181, 182, 183, 184, 185, 186, 187, 188, 189, 190, 191, 192, 193, 194, 195, 196, 197, 198, 199, 200, 201, 202, 203, 204, 205, 206, 207, 208, 209, 210, 211, 212, 213, 214, 215, 216, 217, 218, 219, 220, 221, 222, 223, 224, 225, 226, 227, 228, 229, 230, 231, 232, 233, 234, 235, 236, 237, 238, 239, 240, 241, 242, 243, 244, 245, 246, 247, 248, 249, 250, 251, 252, 253, 254, 255, 256, 257, 258, 259, 260, 261, 262, 263, 264, 265, 266, 267, 268, 269, 270, 271, 272, 273, 274, 275, 276, 277, 278, 279, 280, 281, 282, 283, 284, 285, 286, 287, 288, 289, 290, 291, 292, 293, 294, 295, 296, 297, 298, 299, 300, 301, 302, 303, 304, 305, 306, 307, 308, 309, 310, 311, 312, 313, 314, 315, 316, 317, 318, 319, 320, 321, 322, 323, 324, 325, 326, 327, 328, 329, 330, 331, 332, 333, 334, 335, 336, 337, 574, 575, 576, 577, 578, 579, 580, 581, 582, 583, 584, 585, 586, 587, 588, 589, 590, 591, 592, 593, 594, 595, 596, 597, 598, 599, 600, 601, 602, 603, 604, 605, 606, 607, 608, 609, 610, 611, 612, 613, 614, 615, 616, 617, 618, 619, 620, 621, 622, 623, 624, 625, 626, 627, 628, 629, 630, 631, 632, 633, 634, 635, 636, 637, 638, 639, 640, 641, 642, 643, 644, 645, 646, 647, 648, 649, 650, 651, 652, 653, 654, 655, 656, 657, 658, 659, 660, 661, 662, 663, 664, 665, 666, 667, 668, 669, 670, 671, 672, 673, 674, 675, 676, 677, 678, 679, 680, 681, 682, 683, 684, 685, 686, 687, 688, 689, 690, 691, 692, 693, 694, 695, 696, 697, 698, 699, 700, 701, 702, 703, 704, 705, 706, 707, 708, 709, 710, 711, 712, 713, 714, 715, 716, 717, 718, 719, 720, 721, 722, 723, 724, 725, 726, 727, 728, 729, 730, 731, 732, 733, 734, 735, 736, 737, 738, 739, 740, 741, 742, 743, 744, 745, 746, 747, 748, 749, 750, 751, 752, 753, 754, 755, 756, 757, 758, 759, 760, 761, 762, 763, 764, 765, 766, 767, 768, 769, 770, 771, 772, 773, 774, 775, 776, 777, 778, 779, 780, 781, 782, 783, 784, 785, 786, 787, 788, 789, 790, 791, 792, 793]","[105, 114, 138, 141, 152, 153, 154, 155, 157, 159, 164, 165, 176, 182, 191, 192, 194, 195, 196, 200, 204, 208, 209, 210, 211, 215, 226, 228, 241, 242, 243, 245, 248, 249, 250, 257, 261, 270, 271, 282, 287, 289, 291, 294, 296, 298, 306, 308, 309, 311, 314, 327, 333, 335, 337, 576, 585, 609, 612, 623, 624, 626, 627, 629, 631, 636, 637, 647, 653, 662, 663, 665, 666, 667, 671, 674, 678, 679, 680, 681, 690, 692, 705, 706, 707, 709, 711, 712, 713, 719, 721, 729, 730, 741, 746, 748, 750, 753, 755, 757, 764, 766, 767, 769, 772, 785, 791]",[],"[138, 609]","[103, 104, 105, 106, 107, 108, 109, 110, 111, 112, 113, 114, 115, 116, 117, 118, 119, 120, 121, 122, 123, 124, 125, 126, 127, 128, 129, 130, 131, 132, 133, 134, 135, 136, 137, 138, 139, 140, 141, 142, 143, 144, 145, 146, 147, 148, 149, 150, 151, 152, 153, 154, 155, 156, 157, 158, 159, 160, 161, 162, 163, 164, 165, 166, 167, 168, 169, 170, 171, 172, 173, 174, 175, 176, 177, 178, 179, 180, 181, 182, 183, 184, 185, 186, 187, 188, 189, 190, 191, 192, 193, 194, 195, 196, 197, 198, 199, 200, 201, 202, 203, 204, 205, 206, 207, 208, 209, 210, 211, 212, 213, 214, 215, 216, 217, 218, 219, 220, 221, 222, 223, 224, 225, 226, 227, 228, 229, 230, 231, 232, 233, 234, 235, 236, 237, 238, 239, 240, 241, 242, 243, 244, 245, 246, 247, 248, 249, 250, 251, 252, 253, 254, 255, 256, 257, 258, 259, 260, 261, 262, 263, 264, 265, 266, 267, 268, 269, 270, 271, 272, 273, 274, 275, 276, 277, 278, 279, 280, 281, 282, 283, 284, 285, 286, 287, 288, 289, 290, 291, 292, 293, 294, 295, 296, 297, 298, 299, 300, 301, 302, 303, 304, 305, 306, 307, 308, 309, 310, 311, 312, 313, 314, 315, 316, 317, 318, 319, 320, 321, 322, 323, 324, 325, 326, 327, 328, 329, 330, 331, 332, 333, 334, 335, 336, 337, 345, 359, 574, 575, 576, 577, 578, 579, 580, 581, 582, 583, 584, 585, 586, 587, 588, 589, 590, 591, 592, 593, 594, 595, 596, 597, 598, 599, 600, 601, 602, 603, 604, 605, 606, 607, 608, 609, 610, 611, 612, 613, 614, 615, 616, 617, 618, 619, 620, 621, 622, 623, 624, 625, 626, 627, 628, 629, 630, 631, 632, 633, 634, 635, 636, 637, 638, 639, 640, 641, 642, 643, 644, 645, 646, 647, 648, 649, 650, 651, 652, 653, 654, 655, 656, 657, 658, 659, 660, 661, 662, 663, 664, 665, 666, 667, 668, 669, 670, 671, 672, 673, 674, 675, 676, 677, 678, 679, 680, 681, 682, 683, 684, 685, 686, 687, 688, 689, 690, 691, 692, 693, 694, 695, 696, 697, 698, 699, 700, 701, 702, 703, 704, 705, 706, 707, 708, 709, 710, 711, 712, 713, 714, 715, 716, 717, 718, 719, 720, 721, 722, 723, 724, 725, 726, 727, 728, 729, 730, 731, 732, 733, 734, 735, 736, 737, 738, 739, 740, 741, 742, 743, 744, 745, 746, 747, 748, 749, 750, 751, 752, 753, 754, 755, 756, 757, 758, 759, 760, 761, 762, 763, 764, 765, 766, 767, 768, 769, 770, 771, 772, 773, 774, 775, 776, 777, 778, 779, 780, 781, 782, 783, 784, 785, 786, 787, 788, 789, 790, 791, 792, 793, 801, 814]",True,"[138, 257, 609, 719]","[103, 104, 105, 106, 107, 108, 109, 110, 111, 112, 113, 114, 115, 116, 117, 118, 119, 120, 121, 122, 123, 124, 125, 126, 127, 128, 129, 130, 131, 132, 133, 134, 135, 136, 137, 138, 139, 140, 141, 142, 143, 144, 145, 146, 147, 148, 149, 150, 151, 152, 153, 154, 155, 156, 157, 158, 159, 160, 161, 162, 163, 164, 165, 166, 167, 168, 169, 170, 171, 172, 173, 174, 175, 176, 177, 178, 179, 180, 181, 182, 183, 184, 185, 186, 187, 188, 189, 190, 191, 192, 193, 194, 195, 196, 197, 198, 199, 200, 201, 202, 203, 204, 205, 206, 207, 208, 209, 210, 211, 212, 213, 214, 215, 216, 217, 218, 219, 220, 221, 222, 223, 224, 225, 226, 227, 228, 229, 230, 231, 232, 233, 234, 235, 236, 237, 238, 239, 240, 241, 242, 243, 244, 245, 246, 247, 248, 249, 250, 251, 252, 253, 254, 255, 256, 257, 258, 259, 260, 261, 262, 263, 264, 265, 266, 267, 268, 269, 270, 271, 272, 273, 274, 275, 276, 277, 278, 279, 280, 281, 282, 283, 284, 285, 286, 287, 288, 289, 290, 291, 292, 293, 294, 295, 296, 297, 298, 299, 300, 301, 302, 303, 304, 305, 306, 307, 308, 309, 310, 311, 312, 313, 314, 315, 316, 317, 318, 319, 320, 321, 322, 323, 324, 325, 326, 327, 328, 329, 330, 331, 332, 333, 334, 335, 336, 337, 574, 575, 576, 577, 578, 579, 580, 581, 582, 583, 584, 585, 586, 587, 588, 589, 590, 591, 592, 593, 594, 595, 596, 597, 598, 599, 600, 601, 602, 603, 604, 605, 606, 607, 608, 609, 610, 611, 612, 613, 614, 615, 616, 617, 618, 619, 620, 621, 622, 623, 624, 625, 626, 627, 628, 629, 630, 631, 632, 633, 634, 635, 636, 637, 638, 639, 640, 641, 642, 643, 644, 645, 646, 647, 648, 649, 650, 651, 652, 653, 654, 655, 656, 657, 658, 659, 660, 661, 662, 663, 664, 665, 666, 667, 668, 669, 670, 671, 672, 673, 674, 675, 676, 677, 678, 679, 680, 681, 682, 683, 684, 685, 686, 687, 688, 689, 690, 691, 692, 693, 694, 695, 696, 697, 698, 699, 700, 701, 702, 703, 704, 705, 706, 707, 708, 709, 710, 711, 712, 713, 714, 715, 716, 717, 718, 719, 720, 721, 722, 723, 724, 725, 726, 727, 728, 729, 730, 731, 732, 733, 734, 735, 736, 737, 738, 739, 740, 741, 742, 743, 744, 745, 746, 747, 748, 749, 750, 751, 752, 753, 754, 755, 756, 757, 758, 759, 760, 761, 762, 763, 764, 765, 766, 767, 768, 769, 770, 771, 772, 773, 774, 775, 776, 777, 778, 779, 780, 781, 782, 783, 784, 785, 786, 787, 788, 789, 790, 791, 792, 793]","[138, 257, 609, 719]","[138, 257, 345, 359, 609, 719, 801, 814]","[105, 114, 138, 141, 152, 153, 154, 155, 157, 159, 164, 165, 176, 182, 191, 192, 194, 195, 196, 200, 204, 208, 209, 210, 211, 215, 226, 228, 241, 242, 243, 245, 248, 249, 250, 257, 261, 270, 271, 282, 287, 289, 291, 294, 296, 298, 306, 308, 309, 311, 314, 327, 333, 335, 337, 576, 585, 609, 612, 623, 624, 626, 627, 629, 631, 636, 637, 647, 653, 662, 663, 665, 666, 667, 671, 674, 678, 679, 680, 681, 690, 692, 705, 706, 707, 709, 711, 712, 713, 719, 721, 729, 730, 741, 746, 748, 750, 753, 755, 757, 764, 766, 767, 769, 772, 785, 791]","[138, 609]",[],7/6 successful match,True,"[698, 699]",True,259,False,,1.0,True,Castaic Truck Stop ( S to 101 W Victoria ),
"Ontario , 91761 TravelCenters of America / Ontario WA",6 909-390-2525 I-10 Exit 57 ( Milliken Ave ),XL 24000,Ontario,91761,TravelCenters of America / Ontario WA,909-390-2525,2006,Ontario,CA,TravelCenters,( Milliken Ave ),I-10 Exit 57 ,Exit,57,False,,False,I-10,,,,,"[768, 310]","[240, 310, 704, 768]","[240, 310, 704, 768]","[240, 310, 321, 704, 768, 779]","[103, 104, 105, 106, 107, 108, 109, 110, 111, 112, 113, 114, 115, 116, 117, 118, 119, 120, 121, 122, 123, 124, 125, 126, 127, 128, 129, 130, 131, 132, 133, 134, 135, 136, 137, 138, 139, 140, 141, 142, 143, 144, 145, 146, 147, 148, 149, 150, 151, 152, 153, 154, 155, 156, 157, 158, 159, 160, 161, 162, 163, 164, 165, 166, 167, 168, 169, 170, 171, 172, 173, 174, 175, 176, 177, 178, 179, 180, 181, 182, 183, 184, 185, 186, 187, 188, 189, 190, 191, 192, 193, 194, 195, 196, 197, 198, 199, 200, 201, 202, 203, 204, 205, 206, 207, 208, 209, 210, 211, 212, 213, 214, 215, 216, 217, 218, 219, 220, 221, 222, 223, 224, 225, 226, 227, 228, 229, 230, 231, 232, 233, 234, 235, 236, 237, 238, 239, 240, 241, 242, 243, 244, 245, 246, 247, 248, 249, 250, 251, 252, 253, 254, 255, 256, 257, 258, 259, 260, 261, 262, 263, 264, 265, 266, 267, 268, 269, 270, 271, 272, 273, 274, 275, 276, 277, 278, 279, 280, 281, 282, 283, 284, 285, 286, 287, 288, 289, 290, 291, 292, 293, 294, 295, 296, 297, 298, 299, 300, 301, 302, 303, 304, 305, 306, 307, 308, 309, 310, 311, 312, 313, 314, 315, 316, 317, 318, 319, 320, 321, 322, 323, 324, 325, 326, 327, 328, 329, 330, 331, 332, 333, 334, 335, 336, 337, 574, 575, 576, 577, 578, 579, 580, 581, 582, 583, 584, 585, 586, 587, 588, 589, 590, 591, 592, 593, 594, 595, 596, 597, 598, 599, 600, 601, 602, 603, 604, 605, 606, 607, 608, 609, 610, 611, 612, 613, 614, 615, 616, 617, 618, 619, 620, 621, 622, 623, 624, 625, 626, 627, 628, 629, 630, 631, 632, 633, 634, 635, 636, 637, 638, 639, 640, 641, 642, 643, 644, 645, 646, 647, 648, 649, 650, 651, 652, 653, 654, 655, 656, 657, 658, 659, 660, 661, 662, 663, 664, 665, 666, 667, 668, 669, 670, 671, 672, 673, 674, 675, 676, 677, 678, 679, 680, 681, 682, 683, 684, 685, 686, 687, 688, 689, 690, 691, 692, 693, 694, 695, 696, 697, 698, 699, 700, 701, 702, 703, 704, 705, 706, 707, 708, 709, 710, 711, 712, 713, 714, 715, 716, 717, 718, 719, 720, 721, 722, 723, 724, 725, 726, 727, 728, 729, 730, 731, 732, 733, 734, 735, 736, 737, 738, 739, 740, 741, 742, 743, 744, 745, 746, 747, 748, 749, 750, 751, 752, 753, 754, 755, 756, 757, 758, 759, 760, 761, 762, 763, 764, 765, 766, 767, 768, 769, 770, 771, 772, 773, 774, 775, 776, 777, 778, 779, 780, 781, 782, 783, 784, 785, 786, 787, 788, 789, 790, 791, 792, 793]","[0, 5, 7, 10, 14, 19, 20, 22, 24, 32, 33, 34, 37, 38, 40, 44, 46, 48, 49, 51, 56, 61, 63, 65, 67, 68, 73, 74, 75, 76, 79, 81, 82, 83, 85, 87, 88, 92, 93, 95, 96, 99, 100, 101, 115, 116, 124, 134, 142, 161, 167, 169, 170, 186, 202, 240, 244, 254, 260, 267, 277, 300, 303, 307, 310, 322, 331, 376, 485, 491, 493, 495, 499, 503, 504, 506, 508, 515, 518, 519, 521, 524, 526, 528, 533, 537, 539, 542, 543, 547, 548, 549, 550, 551, 553, 554, 556, 558, 559, 563, 564, 566, 567, 570, 571, 572, 586, 587, 595, 605, 613, 633, 639, 640, 641, 657, 672, 704, 717, 726, 736, 759, 761, 765, 768, 780, 788, 792, 826]","[98, 476, 481, 569, 924, 925]","[395, 845]","[0, 5, 7, 10, 14, 19, 20, 22, 24, 32, 33, 34, 37, 38, 40, 44, 46, 48, 49, 51, 56, 61, 63, 65, 67, 68, 73, 74, 75, 76, 79, 81, 82, 83, 85, 87, 88, 92, 93, 95, 96, 98, 99, 100, 101, 103, 104, 105, 106, 107, 108, 109, 110, 111, 112, 113, 114, 115, 116, 117, 118, 119, 120, 121, 122, 123, 124, 125, 126, 127, 128, 129, 130, 131, 132, 133, 134, 135, 136, 137, 138, 139, 140, 141, 142, 143, 144, 145, 146, 147, 148, 149, 150, 151, 152, 153, 154, 155, 156, 157, 158, 159, 160, 161, 162, 163, 164, 165, 166, 167, 168, 169, 170, 171, 172, 173, 174, 175, 176, 177, 178, 179, 180, 181, 182, 183, 184, 185, 186, 187, 188, 189, 190, 191, 192, 193, 194, 195, 196, 197, 198, 199, 200, 201, 202, 203, 204, 205, 206, 207, 208, 209, 210, 211, 212, 213, 214, 215, 216, 217, 218, 219, 220, 221, 222, 223, 224, 225, 226, 227, 228, 229, 230, 231, 232, 233, 234, 235, 236, 237, 238, 239, 240, 241, 242, 243, 244, 245, 246, 247, 248, 249, 250, 251, 252, 253, 254, 255, 256, 257, 258, 259, 260, 261, 262, 263, 264, 265, 266, 267, 268, 269, 270, 271, 272, 273, 274, 275, 276, 277, 278, 279, 280, 281, 282, 283, 284, 285, 286, 287, 288, 289, 290, 291, 292, 293, 294, 295, 296, 297, 298, 299, 300, 301, 302, 303, 304, 305, 306, 307, 308, 309, 310, 311, 312, 313, 314, 315, 316, 317, 318, 319, 320, 321, 322, 323, 324, 325, 326, 327, 328, 329, 330, 331, 332, 333, 334, 335, 336, 337, 376, 395, 476, 481, 485, 491, 493, 495, 499, 503, 504, 506, 508, 515, 518, 519, 521, 524, 526, 528, 533, 537, 539, 542, 543, 547, 548, 549, 550, 551, 553, 554, 556, 558, 559, 563, 564, 566, 567, 569, 570, 571, 572, 574, 575, 576, 577, 578, 579, 580, 581, 582, 583, 584, 585, 586, 587, 588, 589, 590, 591, 592, 593, 594, 595, 596, 597, 598, 599, 600, 601, 602, 603, 604, 605, 606, 607, 608, 609, 610, 611, 612, 613, 614, 615, 616, 617, 618, 619, 620, 621, 622, 623, 624, 625, 626, 627, 628, 629, 630, 631, 632, 633, 634, 635, 636, 637, 638, 639, 640, 641, 642, 643, 644, 645, 646, 647, 648, 649, 650, 651, 652, 653, 654, 655, 656, 657, 658, 659, 660, 661, 662, 663, 664, 665, 666, 667, 668, 669, 670, 671, 672, 673, 674, 675, 676, 677, 678, 679, 680, 681, 682, 683, 684, 685, 686, 687, 688, 689, 690, 691, 692, 693, 694, 695, 696, 697, 698, 699, 700, 701, 702, 703, 704, 705, 706, 707, 708, 709, 710, 711, 712, 713, 714, 715, 716, 717, 718, 719, 720, 721, 722, 723, 724, 725, 726, 727, 728, 729, 730, 731, 732, 733, 734, 735, 736, 737, 738, 739, 740, 741, 742, 743, 744, 745, 746, 747, 748, 749, 750, 751, 752, 753, 754, 755, 756, 757, 758, 759, 760, 761, 762, 763, 764, 765, 766, 767, 768, 769, 770, 771, 772, 773, 774, 775, 776, 777, 778, 779, 780, 781, 782, 783, 784, 785, 786, 787, 788, 789, 790, 791, 792, 793, 826, 845, 924, 925]",True,"[240, 310, 704, 768]","[103, 104, 105, 106, 107, 108, 109, 110, 111, 112, 113, 114, 115, 116, 117, 118, 119, 120, 121, 122, 123, 124, 125, 126, 127, 128, 129, 130, 131, 132, 133, 134, 135, 136, 137, 138, 139, 140, 141, 142, 143, 144, 145, 146, 147, 148, 149, 150, 151, 152, 153, 154, 155, 156, 157, 158, 159, 160, 161, 162, 163, 164, 165, 166, 167, 168, 169, 170, 171, 172, 173, 174, 175, 176, 177, 178, 179, 180, 181, 182, 183, 184, 185, 186, 187, 188, 189, 190, 191, 192, 193, 194, 195, 196, 197, 198, 199, 200, 201, 202, 203, 204, 205, 206, 207, 208, 209, 210, 211, 212, 213, 214, 215, 216, 217, 218, 219, 220, 221, 222, 223, 224, 225, 226, 227, 228, 229, 230, 231, 232, 233, 234, 235, 236, 237, 238, 239, 240, 241, 242, 243, 244, 245, 246, 247, 248, 249, 250, 251, 252, 253, 254, 255, 256, 257, 258, 259, 260, 261, 262, 263, 264, 265, 266, 267, 268, 269, 270, 271, 272, 273, 274, 275, 276, 277, 278, 279, 280, 281, 282, 283, 284, 285, 286, 287, 288, 289, 290, 291, 292, 293, 294, 295, 296, 297, 298, 299, 300, 301, 302, 303, 304, 305, 306, 307, 308, 309, 310, 311, 312, 313, 314, 315, 316, 317, 318, 319, 320, 321, 322, 323, 324, 325, 326, 327, 328, 329, 330, 331, 332, 333, 334, 335, 336, 337, 574, 575, 576, 577, 578, 579, 580, 581, 582, 583, 584, 585, 586, 587, 588, 589, 590, 591, 592, 593, 594, 595, 596, 597, 598, 599, 600, 601, 602, 603, 604, 605, 606, 607, 608, 609, 610, 611, 612, 613, 614, 615, 616, 617, 618, 619, 620, 621, 622, 623, 624, 625, 626, 627, 628, 629, 630, 631, 632, 633, 634, 635, 636, 637, 638, 639, 640, 641, 642, 643, 644, 645, 646, 647, 648, 649, 650, 651, 652, 653, 654, 655, 656, 657, 658, 659, 660, 661, 662, 663, 664, 665, 666, 667, 668, 669, 670, 671, 672, 673, 674, 675, 676, 677, 678, 679, 680, 681, 682, 683, 684, 685, 686, 687, 688, 689, 690, 691, 692, 693, 694, 695, 696, 697, 698, 699, 700, 701, 702, 703, 704, 705, 706, 707, 708, 709, 710, 711, 712, 713, 714, 715, 716, 717, 718, 719, 720, 721, 722, 723, 724, 725, 726, 727, 728, 729, 730, 731, 732, 733, 734, 735, 736, 737, 738, 739, 740, 741, 742, 743, 744, 745, 746, 747, 748, 749, 750, 751, 752, 753, 754, 755, 756, 757, 758, 759, 760, 761, 762, 763, 764, 765, 766, 767, 768, 769, 770, 771, 772, 773, 774, 775, 776, 777, 778, 779, 780, 781, 782, 783, 784, 785, 786, 787, 788, 789, 790, 791, 792, 793]","[240, 310, 704, 768]","[240, 310, 321, 704, 768, 779]","[0, 5, 7, 10, 14, 19, 20, 22, 24, 32, 33, 34, 37, 38, 40, 44, 46, 48, 49, 51, 56, 61, 63, 65, 67, 68, 73, 74, 75, 76, 79, 81, 82, 83, 85, 87, 88, 92, 93, 95, 96, 99, 100, 101, 115, 116, 124, 134, 142, 161, 167, 169, 170, 186, 202, 240, 244, 254, 260, 267, 277, 300, 303, 307, 310, 322, 331, 376, 485, 491, 493, 495, 499, 503, 504, 506, 508, 515, 518, 519, 521, 524, 526, 528, 533, 537, 539, 542, 543, 547, 548, 549, 550, 551, 553, 554, 556, 558, 559, 563, 564, 566, 567, 570, 571, 572, 586, 587, 595, 605, 613, 633, 639, 640, 641, 657, 672, 704, 717, 726, 736, 759, 761, 765, 768, 780, 788, 792, 826]","[395, 845]","[98, 476, 481, 569, 924, 925]",5/6 successful match,True,"[580, 581, 582, 583, 584, 585]",True,260,False,,,,,
"Ontario , 91761 TravelCenters of America / N Ontario ) W",6 909-390-2525 I-10 Exit 57 ( Milliken Ave ),24 XL RS O,Ontario,91761,TravelCenters of America / N Ontario ) W,909-390-2525,2007,Ontario,CA,TravelCenters,( Milliken Ave ),I-10 Exit 57 ,Exit,57,False,,False,I-10,,,,,"[768, 310]","[240, 310, 704, 768]","[240, 310, 704, 768]","[240, 310, 321, 704, 768, 779]","[103, 104, 105, 106, 107, 108, 109, 110, 111, 112, 113, 114, 115, 116, 117, 118, 119, 120, 121, 122, 123, 124, 125, 126, 127, 128, 129, 130, 131, 132, 133, 134, 135, 136, 137, 138, 139, 140, 141, 142, 143, 144, 145, 146, 147, 148, 149, 150, 151, 152, 153, 154, 155, 156, 157, 158, 159, 160, 161, 162, 163, 164, 165, 166, 167, 168, 169, 170, 171, 172, 173, 174, 175, 176, 177, 178, 179, 180, 181, 182, 183, 184, 185, 186, 187, 188, 189, 190, 191, 192, 193, 194, 195, 196, 197, 198, 199, 200, 201, 202, 203, 204, 205, 206, 207, 208, 209, 210, 211, 212, 213, 214, 215, 216, 217, 218, 219, 220, 221, 222, 223, 224, 225, 226, 227, 228, 229, 230, 231, 232, 233, 234, 235, 236, 237, 238, 239, 240, 241, 242, 243, 244, 245, 246, 247, 248, 249, 250, 251, 252, 253, 254, 255, 256, 257, 258, 259, 260, 261, 262, 263, 264, 265, 266, 267, 268, 269, 270, 271, 272, 273, 274, 275, 276, 277, 278, 279, 280, 281, 282, 283, 284, 285, 286, 287, 288, 289, 290, 291, 292, 293, 294, 295, 296, 297, 298, 299, 300, 301, 302, 303, 304, 305, 306, 307, 308, 309, 310, 311, 312, 313, 314, 315, 316, 317, 318, 319, 320, 321, 322, 323, 324, 325, 326, 327, 328, 329, 330, 331, 332, 333, 334, 335, 336, 337, 574, 575, 576, 577, 578, 579, 580, 581, 582, 583, 584, 585, 586, 587, 588, 589, 590, 591, 592, 593, 594, 595, 596, 597, 598, 599, 600, 601, 602, 603, 604, 605, 606, 607, 608, 609, 610, 611, 612, 613, 614, 615, 616, 617, 618, 619, 620, 621, 622, 623, 624, 625, 626, 627, 628, 629, 630, 631, 632, 633, 634, 635, 636, 637, 638, 639, 640, 641, 642, 643, 644, 645, 646, 647, 648, 649, 650, 651, 652, 653, 654, 655, 656, 657, 658, 659, 660, 661, 662, 663, 664, 665, 666, 667, 668, 669, 670, 671, 672, 673, 674, 675, 676, 677, 678, 679, 680, 681, 682, 683, 684, 685, 686, 687, 688, 689, 690, 691, 692, 693, 694, 695, 696, 697, 698, 699, 700, 701, 702, 703, 704, 705, 706, 707, 708, 709, 710, 711, 712, 713, 714, 715, 716, 717, 718, 719, 720, 721, 722, 723, 724, 725, 726, 727, 728, 729, 730, 731, 732, 733, 734, 735, 736, 737, 738, 739, 740, 741, 742, 743, 744, 745, 746, 747, 748, 749, 750, 751, 752, 753, 754, 755, 756, 757, 758, 759, 760, 761, 762, 763, 764, 765, 766, 767, 768, 769, 770, 771, 772, 773, 774, 775, 776, 777, 778, 779, 780, 781, 782, 783, 784, 785, 786, 787, 788, 789, 790, 791, 792, 793]","[0, 5, 7, 10, 14, 19, 20, 22, 24, 32, 33, 34, 37, 38, 40, 44, 46, 48, 49, 51, 56, 61, 63, 65, 67, 68, 73, 74, 75, 76, 79, 81, 82, 83, 85, 87, 88, 92, 93, 95, 96, 99, 100, 101, 115, 116, 124, 134, 142, 161, 167, 169, 170, 186, 202, 240, 244, 254, 260, 267, 277, 300, 303, 307, 310, 322, 331, 376, 485, 491, 493, 495, 499, 503, 504, 506, 508, 515, 518, 519, 521, 524, 526, 528, 533, 537, 539, 542, 543, 547, 548, 549, 550, 551, 553, 554, 556, 558, 559, 563, 564, 566, 567, 570, 571, 572, 586, 587, 595, 605, 613, 633, 639, 640, 641, 657, 672, 704, 717, 726, 736, 759, 761, 765, 768, 780, 788, 792, 826]","[98, 476, 481, 569, 924, 925]",[],"[0, 5, 7, 10, 14, 19, 20, 22, 24, 32, 33, 34, 37, 38, 40, 44, 46, 48, 49, 51, 56, 61, 63, 65, 67, 68, 73, 74, 75, 76, 79, 81, 82, 83, 85, 87, 88, 92, 93, 95, 96, 98, 99, 100, 101, 103, 104, 105, 106, 107, 108, 109, 110, 111, 112, 113, 114, 115, 116, 117, 118, 119, 120, 121, 122, 123, 124, 125, 126, 127, 128, 129, 130, 131, 132, 133, 134, 135, 136, 137, 138, 139, 140, 141, 142, 143, 144, 145, 146, 147, 148, 149, 150, 151, 152, 153, 154, 155, 156, 157, 158, 159, 160, 161, 162, 163, 164, 165, 166, 167, 168, 169, 170, 171, 172, 173, 174, 175, 176, 177, 178, 179, 180, 181, 182, 183, 184, 185, 186, 187, 188, 189, 190, 191, 192, 193, 194, 195, 196, 197, 198, 199, 200, 201, 202, 203, 204, 205, 206, 207, 208, 209, 210, 211, 212, 213, 214, 215, 216, 217, 218, 219, 220, 221, 222, 223, 224, 225, 226, 227, 228, 229, 230, 231, 232, 233, 234, 235, 236, 237, 238, 239, 240, 241, 242, 243, 244, 245, 246, 247, 248, 249, 250, 251, 252, 253, 254, 255, 256, 257, 258, 259, 260, 261, 262, 263, 264, 265, 266, 267, 268, 269, 270, 271, 272, 273, 274, 275, 276, 277, 278, 279, 280, 281, 282, 283, 284, 285, 286, 287, 288, 289, 290, 291, 292, 293, 294, 295, 296, 297, 298, 299, 300, 301, 302, 303, 304, 305, 306, 307, 308, 309, 310, 311, 312, 313, 314, 315, 316, 317, 318, 319, 320, 321, 322, 323, 324, 325, 326, 327, 328, 329, 330, 331, 332, 333, 334, 335, 336, 337, 376, 476, 481, 485, 491, 493, 495, 499, 503, 504, 506, 508, 515, 518, 519, 521, 524, 526, 528, 533, 537, 539, 542, 543, 547, 548, 549, 550, 551, 553, 554, 556, 558, 559, 563, 564, 566, 567, 569, 570, 571, 572, 574, 575, 576, 577, 578, 579, 580, 581, 582, 583, 584, 585, 586, 587, 588, 589, 590, 591, 592, 593, 594, 595, 596, 597, 598, 599, 600, 601, 602, 603, 604, 605, 606, 607, 608, 609, 610, 611, 612, 613, 614, 615, 616, 617, 618, 619, 620, 621, 622, 623, 624, 625, 626, 627, 628, 629, 630, 631, 632, 633, 634, 635, 636, 637, 638, 639, 640, 641, 642, 643, 644, 645, 646, 647, 648, 649, 650, 651, 652, 653, 654, 655, 656, 657, 658, 659, 660, 661, 662, 663, 664, 665, 666, 667, 668, 669, 670, 671, 672, 673, 674, 675, 676, 677, 678, 679, 680, 681, 682, 683, 684, 685, 686, 687, 688, 689, 690, 691, 692, 693, 694, 695, 696, 697, 698, 699, 700, 701, 702, 703, 704, 705, 706, 707, 708, 709, 710, 711, 712, 713, 714, 715, 716, 717, 718, 719, 720, 721, 722, 723, 724, 725, 726, 727, 728, 729, 730, 731, 732, 733, 734, 735, 736, 737, 738, 739, 740, 741, 742, 743, 744, 745, 746, 747, 748, 749, 750, 751, 752, 753, 754, 755, 756, 757, 758, 759, 760, 761, 762, 763, 764, 765, 766, 767, 768, 769, 770, 771, 772, 773, 774, 775, 776, 777, 778, 779, 780, 781, 782, 783, 784, 785, 786, 787, 788, 789, 790, 791, 792, 793, 826, 924, 925]",True,"[240, 310, 704, 768]","[103, 104, 105, 106, 107, 108, 109, 110, 111, 112, 113, 114, 115, 116, 117, 118, 119, 120, 121, 122, 123, 124, 125, 126, 127, 128, 129, 130, 131, 132, 133, 134, 135, 136, 137, 138, 139, 140, 141, 142, 143, 144, 145, 146, 147, 148, 149, 150, 151, 152, 153, 154, 155, 156, 157, 158, 159, 160, 161, 162, 163, 164, 165, 166, 167, 168, 169, 170, 171, 172, 173, 174, 175, 176, 177, 178, 179, 180, 181, 182, 183, 184, 185, 186, 187, 188, 189, 190, 191, 192, 193, 194, 195, 196, 197, 198, 199, 200, 201, 202, 203, 204, 205, 206, 207, 208, 209, 210, 211, 212, 213, 214, 215, 216, 217, 218, 219, 220, 221, 222, 223, 224, 225, 226, 227, 228, 229, 230, 231, 232, 233, 234, 235, 236, 237, 238, 239, 240, 241, 242, 243, 244, 245, 246, 247, 248, 249, 250, 251, 252, 253, 254, 255, 256, 257, 258, 259, 260, 261, 262, 263, 264, 265, 266, 267, 268, 269, 270, 271, 272, 273, 274, 275, 276, 277, 278, 279, 280, 281, 282, 283, 284, 285, 286, 287, 288, 289, 290, 291, 292, 293, 294, 295, 296, 297, 298, 299, 300, 301, 302, 303, 304, 305, 306, 307, 308, 309, 310, 311, 312, 313, 314, 315, 316, 317, 318, 319, 320, 321, 322, 323, 324, 325, 326, 327, 328, 329, 330, 331, 332, 333, 334, 335, 336, 337, 574, 575, 576, 577, 578, 579, 580, 581, 582, 583, 584, 585, 586, 587, 588, 589, 590, 591, 592, 593, 594, 595, 596, 597, 598, 599, 600, 601, 602, 603, 604, 605, 606, 607, 608, 609, 610, 611, 612, 613, 614, 615, 616, 617, 618, 619, 620, 621, 622, 623, 624, 625, 626, 627, 628, 629, 630, 631, 632, 633, 634, 635, 636, 637, 638, 639, 640, 641, 642, 643, 644, 645, 646, 647, 648, 649, 650, 651, 652, 653, 654, 655, 656, 657, 658, 659, 660, 661, 662, 663, 664, 665, 666, 667, 668, 669, 670, 671, 672, 673, 674, 675, 676, 677, 678, 679, 680, 681, 682, 683, 684, 685, 686, 687, 688, 689, 690, 691, 692, 693, 694, 695, 696, 697, 698, 699, 700, 701, 702, 703, 704, 705, 706, 707, 708, 709, 710, 711, 712, 713, 714, 715, 716, 717, 718, 719, 720, 721, 722, 723, 724, 725, 726, 727, 728, 729, 730, 731, 732, 733, 734, 735, 736, 737, 738, 739, 740, 741, 742, 743, 744, 745, 746, 747, 748, 749, 750, 751, 752, 753, 754, 755, 756, 757, 758, 759, 760, 761, 762, 763, 764, 765, 766, 767, 768, 769, 770, 771, 772, 773, 774, 775, 776, 777, 778, 779, 780, 781, 782, 783, 784, 785, 786, 787, 788, 789, 790, 791, 792, 793]","[240, 310, 704, 768]","[240, 310, 321, 704, 768, 779]","[0, 5, 7, 10, 14, 19, 20, 22, 24, 32, 33, 34, 37, 38, 40, 44, 46, 48, 49, 51, 56, 61, 63, 65, 67, 68, 73, 74, 75, 76, 79, 81, 82, 83, 85, 87, 88, 92, 93, 95, 96, 99, 100, 101, 115, 116, 124, 134, 142, 161, 167, 169, 170, 186, 202, 240, 244, 254, 260, 267, 277, 300, 303, 307, 310, 322, 331, 376, 485, 491, 493, 495, 499, 503, 504, 506, 508, 515, 518, 519, 521, 524, 526, 528, 533, 537, 539, 542, 543, 547, 548, 549, 550, 551, 553, 554, 556, 558, 559, 563, 564, 566, 567, 570, 571, 572, 586, 587, 595, 605, 613, 633, 639, 640, 641, 657, 672, 704, 717, 726, 736, 759, 761, 765, 768, 780, 788, 792, 826]",[],"[98, 476, 481, 569, 924, 925]",6/6 successful match,True,"[580, 581, 582, 583, 584, 585]",True,260,False,,1.0,True,TravelCenters of America / Ontario WA,TravelCenters
"Ontario , 91761 TA Ontario West ( 76 )",6 909-390-2525 I-10 Exit 57 ( Milliken Ave ) TA,24 XL S 24,Ontario,91761,TA Ontario West ( 76 ),909-390-2525,2008,Ontario,CA,,( Milliken Ave ) TA,I-10 Exit 57 ,Exit,57,False,,False,I-10,,,,,"[768, 310]","[240, 310, 704, 768]","[240, 310, 704, 768]","[240, 310, 321, 704, 768, 779]","[103, 104, 105, 106, 107, 108, 109, 110, 111, 112, 113, 114, 115, 116, 117, 118, 119, 120, 121, 122, 123, 124, 125, 126, 127, 128, 129, 130, 131, 132, 133, 134, 135, 136, 137, 138, 139, 140, 141, 142, 143, 144, 145, 146, 147, 148, 149, 150, 151, 152, 153, 154, 155, 156, 157, 158, 159, 160, 161, 162, 163, 164, 165, 166, 167, 168, 169, 170, 171, 172, 173, 174, 175, 176, 177, 178, 179, 180, 181, 182, 183, 184, 185, 186, 187, 188, 189, 190, 191, 192, 193, 194, 195, 196, 197, 198, 199, 200, 201, 202, 203, 204, 205, 206, 207, 208, 209, 210, 211, 212, 213, 214, 215, 216, 217, 218, 219, 220, 221, 222, 223, 224, 225, 226, 227, 228, 229, 230, 231, 232, 233, 234, 235, 236, 237, 238, 239, 240, 241, 242, 243, 244, 245, 246, 247, 248, 249, 250, 251, 252, 253, 254, 255, 256, 257, 258, 259, 260, 261, 262, 263, 264, 265, 266, 267, 268, 269, 270, 271, 272, 273, 274, 275, 276, 277, 278, 279, 280, 281, 282, 283, 284, 285, 286, 287, 288, 289, 290, 291, 292, 293, 294, 295, 296, 297, 298, 299, 300, 301, 302, 303, 304, 305, 306, 307, 308, 309, 310, 311, 312, 313, 314, 315, 316, 317, 318, 319, 320, 321, 322, 323, 324, 325, 326, 327, 328, 329, 330, 331, 332, 333, 334, 335, 336, 337, 574, 575, 576, 577, 578, 579, 580, 581, 582, 583, 584, 585, 586, 587, 588, 589, 590, 591, 592, 593, 594, 595, 596, 597, 598, 599, 600, 601, 602, 603, 604, 605, 606, 607, 608, 609, 610, 611, 612, 613, 614, 615, 616, 617, 618, 619, 620, 621, 622, 623, 624, 625, 626, 627, 628, 629, 630, 631, 632, 633, 634, 635, 636, 637, 638, 639, 640, 641, 642, 643, 644, 645, 646, 647, 648, 649, 650, 651, 652, 653, 654, 655, 656, 657, 658, 659, 660, 661, 662, 663, 664, 665, 666, 667, 668, 669, 670, 671, 672, 673, 674, 675, 676, 677, 678, 679, 680, 681, 682, 683, 684, 685, 686, 687, 688, 689, 690, 691, 692, 693, 694, 695, 696, 697, 698, 699, 700, 701, 702, 703, 704, 705, 706, 707, 708, 709, 710, 711, 712, 713, 714, 715, 716, 717, 718, 719, 720, 721, 722, 723, 724, 725, 726, 727, 728, 729, 730, 731, 732, 733, 734, 735, 736, 737, 738, 739, 740, 741, 742, 743, 744, 745, 746, 747, 748, 749, 750, 751, 752, 753, 754, 755, 756, 757, 758, 759, 760, 761, 762, 763, 764, 765, 766, 767, 768, 769, 770, 771, 772, 773, 774, 775, 776, 777, 778, 779, 780, 781, 782, 783, 784, 785, 786, 787, 788, 789, 790, 791, 792, 793]","[0, 5, 7, 10, 14, 19, 20, 22, 24, 32, 33, 34, 37, 38, 40, 44, 46, 48, 49, 51, 56, 61, 63, 65, 67, 68, 73, 74, 75, 76, 79, 81, 82, 83, 85, 87, 88, 92, 93, 95, 96, 99, 100, 101, 115, 116, 124, 134, 142, 161, 167, 169, 170, 186, 202, 240, 244, 254, 260, 267, 277, 300, 303, 307, 310, 322, 331, 376, 485, 491, 493, 495, 499, 503, 504, 506, 508, 515, 518, 519, 521, 524, 526, 528, 533, 537, 539, 542, 543, 547, 548, 549, 550, 551, 553, 554, 556, 558, 559, 563, 564, 566, 567, 570, 571, 572, 586, 587, 595, 605, 613, 633, 639, 640, 641, 657, 672, 704, 717, 726, 736, 759, 761, 765, 768, 780, 788, 792, 826]",[],"[84, 87, 89, 114, 115, 117, 124, 132, 135, 144, 152, 178, 239, 268, 281, 297, 301, 318, 320, 327, 348, 394, 476, 555, 558, 560, 585, 586, 588, 595, 603, 606, 615, 623, 649, 703, 727, 740, 756, 776, 778, 785, 803, 844, 924, 925]","[0, 5, 7, 10, 14, 19, 20, 22, 24, 32, 33, 34, 37, 38, 40, 44, 46, 48, 49, 51, 56, 61, 63, 65, 67, 68, 73, 74, 75, 76, 79, 81, 82, 83, 84, 85, 87, 88, 89, 92, 93, 95, 96, 99, 100, 101, 103, 104, 105, 106, 107, 108, 109, 110, 111, 112, 113, 114, 115, 116, 117, 118, 119, 120, 121, 122, 123, 124, 125, 126, 127, 128, 129, 130, 131, 132, 133, 134, 135, 136, 137, 138, 139, 140, 141, 142, 143, 144, 145, 146, 147, 148, 149, 150, 151, 152, 153, 154, 155, 156, 157, 158, 159, 160, 161, 162, 163, 164, 165, 166, 167, 168, 169, 170, 171, 172, 173, 174, 175, 176, 177, 178, 179, 180, 181, 182, 183, 184, 185, 186, 187, 188, 189, 190, 191, 192, 193, 194, 195, 196, 197, 198, 199, 200, 201, 202, 203, 204, 205, 206, 207, 208, 209, 210, 211, 212, 213, 214, 215, 216, 217, 218, 219, 220, 221, 222, 223, 224, 225, 226, 227, 228, 229, 230, 231, 232, 233, 234, 235, 236, 237, 238, 239, 240, 241, 242, 243, 244, 245, 246, 247, 248, 249, 250, 251, 252, 253, 254, 255, 256, 257, 258, 259, 260, 261, 262, 263, 264, 265, 266, 267, 268, 269, 270, 271, 272, 273, 274, 275, 276, 277, 278, 279, 280, 281, 282, 283, 284, 285, 286, 287, 288, 289, 290, 291, 292, 293, 294, 295, 296, 297, 298, 299, 300, 301, 302, 303, 304, 305, 306, 307, 308, 309, 310, 311, 312, 313, 314, 315, 316, 317, 318, 319, 320, 321, 322, 323, 324, 325, 326, 327, 328, 329, 330, 331, 332, 333, 334, 335, 336, 337, 348, 376, 394, 476, 485, 491, 493, 495, 499, 503, 504, 506, 508, 515, 518, 519, 521, 524, 526, 528, 533, 537, 539, 542, 543, 547, 548, 549, 550, 551, 553, 554, 555, 556, 558, 559, 560, 563, 564, 566, 567, 570, 571, 572, 574, 575, 576, 577, 578, 579, 580, 581, 582, 583, 584, 585, 586, 587, 588, 589, 590, 591, 592, 593, 594, 595, 596, 597, 598, 599, 600, 601, 602, 603, 604, 605, 606, 607, 608, 609, 610, 611, 612, 613, 614, 615, 616, 617, 618, 619, 620, 621, 622, 623, 624, 625, 626, 627, 628, 629, 630, 631, 632, 633, 634, 635, 636, 637, 638, 639, 640, 641, 642, 643, 644, 645, 646, 647, 648, 649, 650, 651, 652, 653, 654, 655, 656, 657, 658, 659, 660, 661, 662, 663, 664, 665, 666, 667, 668, 669, 670, 671, 672, 673, 674, 675, 676, 677, 678, 679, 680, 681, 682, 683, 684, 685, 686, 687, 688, 689, 690, 691, 692, 693, 694, 695, 696, 697, 698, 699, 700, 701, 702, 703, 704, 705, 706, 707, 708, 709, 710, 711, 712, 713, 714, 715, 716, 717, 718, 719, 720, 721, 722, 723, 724, 725, 726, 727, 728, 729, 730, 731, 732, 733, 734, 735, 736, 737, 738, 739, 740, 741, 742, 743, 744, 745, 746, 747, 748, 749, 750, 751, 752, 753, 754, 755, 756, 757, 758, 759, 760, 761, 762, 763, 764, 765, 766, 767, 768, 769, 770, 771, 772, 773, 774, 775, 776, 777, 778, 779, 780, 781, 782, 783, 784, 785, 786, 787, 788, 789, 790, 791, 792, 793, 803, 826, 844, 924, 925]",True,"[240, 310, 704, 768]","[103, 104, 105, 106, 107, 108, 109, 110, 111, 112, 113, 114, 115, 116, 117, 118, 119, 120, 121, 122, 123, 124, 125, 126, 127, 128, 129, 130, 131, 132, 133, 134, 135, 136, 137, 138, 139, 140, 141, 142, 143, 144, 145, 146, 147, 148, 149, 150, 151, 152, 153, 154, 155, 156, 157, 158, 159, 160, 161, 162, 163, 164, 165, 166, 167, 168, 169, 170, 171, 172, 173, 174, 175, 176, 177, 178, 179, 180, 181, 182, 183, 184, 185, 186, 187, 188, 189, 190, 191, 192, 193, 194, 195, 196, 197, 198, 199, 200, 201, 202, 203, 204, 205, 206, 207, 208, 209, 210, 211, 212, 213, 214, 215, 216, 217, 218, 219, 220, 221, 222, 223, 224, 225, 226, 227, 228, 229, 230, 231, 232, 233, 234, 235, 236, 237, 238, 239, 240, 241, 242, 243, 244, 245, 246, 247, 248, 249, 250, 251, 252, 253, 254, 255, 256, 257, 258, 259, 260, 261, 262, 263, 264, 265, 266, 267, 268, 269, 270, 271, 272, 273, 274, 275, 276, 277, 278, 279, 280, 281, 282, 283, 284, 285, 286, 287, 288, 289, 290, 291, 292, 293, 294, 295, 296, 297, 298, 299, 300, 301, 302, 303, 304, 305, 306, 307, 308, 309, 310, 311, 312, 313, 314, 315, 316, 317, 318, 319, 320, 321, 322, 323, 324, 325, 326, 327, 328, 329, 330, 331, 332, 333, 334, 335, 336, 337, 574, 575, 576, 577, 578, 579, 580, 581, 582, 583, 584, 585, 586, 587, 588, 589, 590, 591, 592, 593, 594, 595, 596, 597, 598, 599, 600, 601, 602, 603, 604, 605, 606, 607, 608, 609, 610, 611, 612, 613, 614, 615, 616, 617, 618, 619, 620, 621, 622, 623, 624, 625, 626, 627, 628, 629, 630, 631, 632, 633, 634, 635, 636, 637, 638, 639, 640, 641, 642, 643, 644, 645, 646, 647, 648, 649, 650, 651, 652, 653, 654, 655, 656, 657, 658, 659, 660, 661, 662, 663, 664, 665, 666, 667, 668, 669, 670, 671, 672, 673, 674, 675, 676, 677, 678, 679, 680, 681, 682, 683, 684, 685, 686, 687, 688, 689, 690, 691, 692, 693, 694, 695, 696, 697, 698, 699, 700, 701, 702, 703, 704, 705, 706, 707, 708, 709, 710, 711, 712, 713, 714, 715, 716, 717, 718, 719, 720, 721, 722, 723, 724, 725, 726, 727, 728, 729, 730, 731, 732, 733, 734, 735, 736, 737, 738, 739, 740, 741, 742, 743, 744, 745, 746, 747, 748, 749, 750, 751, 752, 753, 754, 755, 756, 757, 758, 759, 760, 761, 762, 763, 764, 765, 766, 767, 768, 769, 770, 771, 772, 773, 774, 775, 776, 777, 778, 779, 780, 781, 782, 783, 784, 785, 786, 787, 788, 789, 790, 791, 792, 793]","[240, 310, 704, 768]","[240, 310, 321, 704, 768, 779]","[0, 5, 7, 10, 14, 19, 20, 22, 24, 32, 33, 34, 37, 38, 40, 44, 46, 48, 49, 51, 56, 61, 63, 65, 67, 68, 73, 74, 75, 76, 79, 81, 82, 83, 85, 87, 88, 92, 93, 95, 96, 99, 100, 101, 115, 116, 124, 134, 142, 161, 167, 169, 170, 186, 202, 240, 244, 254, 260, 267, 277, 300, 303, 307, 310, 322, 331, 376, 485, 491, 493, 495, 499, 503, 504, 506, 508, 515, 518, 519, 521, 524, 526, 528, 533, 537, 539, 542, 543, 547, 548, 549, 550, 551, 553, 554, 556, 558, 559, 563, 564, 566, 567, 570, 571, 572, 586, 587, 595, 605, 613, 633, 639, 640, 641, 657, 672, 704, 717, 726, 736, 759, 761, 765, 768, 780, 788, 792, 826]","[84, 87, 89, 114, 115, 117, 124, 132, 135, 144, 152, 178, 239, 268, 281, 297, 301, 318, 320, 327, 348, 394, 476, 555, 558, 560, 585, 586, 588, 595, 603, 606, 615, 623, 649, 703, 727, 740, 756, 776, 778, 785, 803, 844, 924, 925]",[],5/6 successful match,True,"[580, 581, 582, 583, 584, 585]",True,260,False,,0.3961290322580645,True,TravelCenters of America / N Ontario ) W,TravelCenters
Ontario ( 91761 ) TA Ontario West # 162 ( Shell ),6 909-390-2525 I-10 Exit 57 ( Milliken Ave ) A,A 24 <U+25A1> XL 24 O,Ontario,91761,TA Ontario West # 162 ( Shell ),909-390-2525,2014,Ontario,CA,Shell,( Milliken Ave ) A,I-10 Exit 57 ,Exit,57,False,,False,I-10,,,,,"[768, 310]","[240, 310, 704, 768]","[240, 310, 704, 768]","[240, 310, 321, 704, 768, 779]","[103, 104, 105, 106, 107, 108, 109, 110, 111, 112, 113, 114, 115, 116, 117, 118, 119, 120, 121, 122, 123, 124, 125, 126, 127, 128, 129, 130, 131, 132, 133, 134, 135, 136, 137, 138, 139, 140, 141, 142, 143, 144, 145, 146, 147, 148, 149, 150, 151, 152, 153, 154, 155, 156, 157, 158, 159, 160, 161, 162, 163, 164, 165, 166, 167, 168, 169, 170, 171, 172, 173, 174, 175, 176, 177, 178, 179, 180, 181, 182, 183, 184, 185, 186, 187, 188, 189, 190, 191, 192, 193, 194, 195, 196, 197, 198, 199, 200, 201, 202, 203, 204, 205, 206, 207, 208, 209, 210, 211, 212, 213, 214, 215, 216, 217, 218, 219, 220, 221, 222, 223, 224, 225, 226, 227, 228, 229, 230, 231, 232, 233, 234, 235, 236, 237, 238, 239, 240, 241, 242, 243, 244, 245, 246, 247, 248, 249, 250, 251, 252, 253, 254, 255, 256, 257, 258, 259, 260, 261, 262, 263, 264, 265, 266, 267, 268, 269, 270, 271, 272, 273, 274, 275, 276, 277, 278, 279, 280, 281, 282, 283, 284, 285, 286, 287, 288, 289, 290, 291, 292, 293, 294, 295, 296, 297, 298, 299, 300, 301, 302, 303, 304, 305, 306, 307, 308, 309, 310, 311, 312, 313, 314, 315, 316, 317, 318, 319, 320, 321, 322, 323, 324, 325, 326, 327, 328, 329, 330, 331, 332, 333, 334, 335, 336, 337, 574, 575, 576, 577, 578, 579, 580, 581, 582, 583, 584, 585, 586, 587, 588, 589, 590, 591, 592, 593, 594, 595, 596, 597, 598, 599, 600, 601, 602, 603, 604, 605, 606, 607, 608, 609, 610, 611, 612, 613, 614, 615, 616, 617, 618, 619, 620, 621, 622, 623, 624, 625, 626, 627, 628, 629, 630, 631, 632, 633, 634, 635, 636, 637, 638, 639, 640, 641, 642, 643, 644, 645, 646, 647, 648, 649, 650, 651, 652, 653, 654, 655, 656, 657, 658, 659, 660, 661, 662, 663, 664, 665, 666, 667, 668, 669, 670, 671, 672, 673, 674, 675, 676, 677, 678, 679, 680, 681, 682, 683, 684, 685, 686, 687, 688, 689, 690, 691, 692, 693, 694, 695, 696, 697, 698, 699, 700, 701, 702, 703, 704, 705, 706, 707, 708, 709, 710, 711, 712, 713, 714, 715, 716, 717, 718, 719, 720, 721, 722, 723, 724, 725, 726, 727, 728, 729, 730, 731, 732, 733, 734, 735, 736, 737, 738, 739, 740, 741, 742, 743, 744, 745, 746, 747, 748, 749, 750, 751, 752, 753, 754, 755, 756, 757, 758, 759, 760, 761, 762, 763, 764, 765, 766, 767, 768, 769, 770, 771, 772, 773, 774, 775, 776, 777, 778, 779, 780, 781, 782, 783, 784, 785, 786, 787, 788, 789, 790, 791, 792, 793]","[0, 5, 7, 10, 14, 19, 20, 22, 24, 32, 33, 34, 37, 38, 40, 44, 46, 48, 49, 51, 56, 61, 63, 65, 67, 68, 73, 74, 75, 76, 79, 81, 82, 83, 85, 87, 88, 92, 93, 95, 96, 99, 100, 101, 115, 116, 124, 134, 142, 161, 167, 169, 170, 186, 202, 240, 244, 254, 260, 267, 277, 300, 303, 307, 310, 322, 331, 376, 485, 491, 493, 495, 499, 503, 504, 506, 508, 515, 518, 519, 521, 524, 526, 528, 533, 537, 539, 542, 543, 547, 548, 549, 550, 551, 553, 554, 556, 558, 559, 563, 564, 566, 567, 570, 571, 572, 586, 587, 595, 605, 613, 633, 639, 640, 641, 657, 672, 704, 717, 726, 736, 759, 761, 765, 768, 780, 788, 792, 826]","[1, 13, 14, 29, 54, 55, 56, 57, 58, 60, 102, 118, 125, 127, 130, 134, 146, 149, 153, 175, 182, 187, 189, 191, 197, 225, 230, 238, 264, 265, 266, 286, 302, 317, 336, 379, 388, 389, 425, 454, 458, 463, 475, 487, 498, 499, 512, 530, 531, 532, 533, 534, 536, 573, 589, 596, 598, 601, 605, 617, 620, 624, 646, 653, 658, 660, 662, 668, 689, 694, 702, 724, 725, 745, 760, 775, 793, 829, 838, 839, 877, 901, 903, 905, 910, 923]","[1, 13, 14, 29, 54, 55, 56, 57, 58, 60, 102, 118, 125, 127, 130, 134, 146, 149, 153, 175, 182, 187, 189, 191, 197, 225, 230, 238, 264, 265, 266, 286, 301, 302, 310, 317, 336, 354, 379, 388, 389, 425, 454, 458, 463, 475, 476, 487, 498, 499, 512, 530, 531, 532, 533, 534, 536, 573, 589, 596, 598, 601, 605, 617, 620, 624, 646, 653, 658, 660, 662, 668, 689, 694, 702, 724, 725, 745, 760, 768, 775, 793, 809, 829, 838, 839, 877, 901, 903, 905, 910, 923, 924, 925]","[0, 1, 5, 7, 10, 13, 14, 19, 20, 22, 24, 29, 32, 33, 34, 37, 38, 40, 44, 46, 48, 49, 51, 54, 55, 56, 57, 58, 60, 61, 63, 65, 67, 68, 73, 74, 75, 76, 79, 81, 82, 83, 85, 87, 88, 92, 93, 95, 96, 99, 100, 101, 102, 103, 104, 105, 106, 107, 108, 109, 110, 111, 112, 113, 114, 115, 116, 117, 118, 119, 120, 121, 122, 123, 124, 125, 126, 127, 128, 129, 130, 131, 132, 133, 134, 135, 136, 137, 138, 139, 140, 141, 142, 143, 144, 145, 146, 147, 148, 149, 150, 151, 152, 153, 154, 155, 156, 157, 158, 159, 160, 161, 162, 163, 164, 165, 166, 167, 168, 169, 170, 171, 172, 173, 174, 175, 176, 177, 178, 179, 180, 181, 182, 183, 184, 185, 186, 187, 188, 189, 190, 191, 192, 193, 194, 195, 196, 197, 198, 199, 200, 201, 202, 203, 204, 205, 206, 207, 208, 209, 210, 211, 212, 213, 214, 215, 216, 217, 218, 219, 220, 221, 222, 223, 224, 225, 226, 227, 228, 229, 230, 231, 232, 233, 234, 235, 236, 237, 238, 239, 240, 241, 242, 243, 244, 245, 246, 247, 248, 249, 250, 251, 252, 253, 254, 255, 256, 257, 258, 259, 260, 261, 262, 263, 264, 265, 266, 267, 268, 269, 270, 271, 272, 273, 274, 275, 276, 277, 278, 279, 280, 281, 282, 283, 284, 285, 286, 287, 288, 289, 290, 291, 292, 293, 294, 295, 296, 297, 298, 299, 300, 301, 302, 303, 304, 305, 306, 307, 308, 309, 310, 311, 312, 313, 314, 315, 316, 317, 318, 319, 320, 321, 322, 323, 324, 325, 326, 327, 328, 329, 330, 331, 332, 333, 334, 335, 336, 337, 354, 376, 379, 388, 389, 425, 454, 458, 463, 475, 476, 485, 487, 491, 493, 495, 498, 499, 503, 504, 506, 508, 512, 515, 518, 519, 521, 524, 526, 528, 530, 531, 532, 533, 534, 536, 537, 539, 542, 543, 547, 548, 549, 550, 551, 553, 554, 556, 558, 559, 563, 564, 566, 567, 570, 571, 572, 573, 574, 575, 576, 577, 578, 579, 580, 581, 582, 583, 584, 585, 586, 587, 588, 589, 590, 591, 592, 593, 594, 595, 596, 597, 598, 599, 600, 601, 602, 603, 604, 605, 606, 607, 608, 609, 610, 611, 612, 613, 614, 615, 616, 617, 618, 619, 620, 621, 622, 623, 624, 625, 626, 627, 628, 629, 630, 631, 632, 633, 634, 635, 636, 637, 638, 639, 640, 641, 642, 643, 644, 645, 646, 647, 648, 649, 650, 651, 652, 653, 654, 655, 656, 657, 658, 659, 660, 661, 662, 663, 664, 665, 666, 667, 668, 669, 670, 671, 672, 673, 674, 675, 676, 677, 678, 679, 680, 681, 682, 683, 684, 685, 686, 687, 688, 689, 690, 691, 692, 693, 694, 695, 696, 697, 698, 699, 700, 701, 702, 703, 704, 705, 706, 707, 708, 709, 710, 711, 712, 713, 714, 715, 716, 717, 718, 719, 720, 721, 722, 723, 724, 725, 726, 727, 728, 729, 730, 731, 732, 733, 734, 735, 736, 737, 738, 739, 740, 741, 742, 743, 744, 745, 746, 747, 748, 749, 750, 751, 752, 753, 754, 755, 756, 757, 758, 759, 760, 761, 762, 763, 764, 765, 766, 767, 768, 769, 770, 771, 772, 773, 774, 775, 776, 777, 778, 779, 780, 781, 782, 783, 784, 785, 786, 787, 788, 789, 790, 791, 792, 793, 809, 826, 829, 838, 839, 877, 901, 903, 905, 910, 923, 924, 925]",True,"[240, 310, 704, 768]","[103, 104, 105, 106, 107, 108, 109, 110, 111, 112, 113, 114, 115, 116, 117, 118, 119, 120, 121, 122, 123, 124, 125, 126, 127, 128, 129, 130, 131, 132, 133, 134, 135, 136, 137, 138, 139, 140, 141, 142, 143, 144, 145, 146, 147, 148, 149, 150, 151, 152, 153, 154, 155, 156, 157, 158, 159, 160, 161, 162, 163, 164, 165, 166, 167, 168, 169, 170, 171, 172, 173, 174, 175, 176, 177, 178, 179, 180, 181, 182, 183, 184, 185, 186, 187, 188, 189, 190, 191, 192, 193, 194, 195, 196, 197, 198, 199, 200, 201, 202, 203, 204, 205, 206, 207, 208, 209, 210, 211, 212, 213, 214, 215, 216, 217, 218, 219, 220, 221, 222, 223, 224, 225, 226, 227, 228, 229, 230, 231, 232, 233, 234, 235, 236, 237, 238, 239, 240, 241, 242, 243, 244, 245, 246, 247, 248, 249, 250, 251, 252, 253, 254, 255, 256, 257, 258, 259, 260, 261, 262, 263, 264, 265, 266, 267, 268, 269, 270, 271, 272, 273, 274, 275, 276, 277, 278, 279, 280, 281, 282, 283, 284, 285, 286, 287, 288, 289, 290, 291, 292, 293, 294, 295, 296, 297, 298, 299, 300, 301, 302, 303, 304, 305, 306, 307, 308, 309, 310, 311, 312, 313, 314, 315, 316, 317, 318, 319, 320, 321, 322, 323, 324, 325, 326, 327, 328, 329, 330, 331, 332, 333, 334, 335, 336, 337, 574, 575, 576, 577, 578, 579, 580, 581, 582, 583, 584, 585, 586, 587, 588, 589, 590, 591, 592, 593, 594, 595, 596, 597, 598, 599, 600, 601, 602, 603, 604, 605, 606, 607, 608, 609, 610, 611, 612, 613, 614, 615, 616, 617, 618, 619, 620, 621, 622, 623, 624, 625, 626, 627, 628, 629, 630, 631, 632, 633, 634, 635, 636, 637, 638, 639, 640, 641, 642, 643, 644, 645, 646, 647, 648, 649, 650, 651, 652, 653, 654, 655, 656, 657, 658, 659, 660, 661, 662, 663, 664, 665, 666, 667, 668, 669, 670, 671, 672, 673, 674, 675, 676, 677, 678, 679, 680, 681, 682, 683, 684, 685, 686, 687, 688, 689, 690, 691, 692, 693, 694, 695, 696, 697, 698, 699, 700, 701, 702, 703, 704, 705, 706, 707, 708, 709, 710, 711, 712, 713, 714, 715, 716, 717, 718, 719, 720, 721, 722, 723, 724, 725, 726, 727, 728, 729, 730, 731, 732, 733, 734, 735, 736, 737, 738, 739, 740, 741, 742, 743, 744, 745, 746, 747, 748, 749, 750, 751, 752, 753, 754, 755, 756, 757, 758, 759, 760, 761, 762, 763, 764, 765, 766, 767, 768, 769, 770, 771, 772, 773, 774, 775, 776, 777, 778, 779, 780, 781, 782, 783, 784, 785, 786, 787, 788, 789, 790, 791, 792, 793]","[240, 310, 704, 768]","[240, 310, 321, 704, 768, 779]","[0, 5, 7, 10, 14, 19, 20, 22, 24, 32, 33, 34, 37, 38, 40, 44, 46, 48, 49, 51, 56, 61, 63, 65, 67, 68, 73, 74, 75, 76, 79, 81, 82, 83, 85, 87, 88, 92, 93, 95, 96, 99, 100, 101, 115, 116, 124, 134, 142, 161, 167, 169, 170, 186, 202, 240, 244, 254, 260, 267, 277, 300, 303, 307, 310, 322, 331, 376, 485, 491, 493, 495, 499, 503, 504, 506, 508, 515, 518, 519, 521, 524, 526, 528, 533, 537, 539, 542, 543, 547, 548, 549, 550, 551, 553, 554, 556, 558, 559, 563, 564, 566, 567, 570, 571, 572, 586, 587, 595, 605, 613, 633, 639, 640, 641, 657, 672, 704, 717, 726, 736, 759, 761, 765, 768, 780, 788, 792, 826]","[1, 13, 14, 29, 54, 55, 56, 57, 58, 60, 102, 118, 125, 127, 130, 134, 146, 149, 153, 175, 182, 187, 189, 191, 197, 225, 230, 238, 264, 265, 266, 286, 301, 302, 310, 317, 336, 354, 379, 388, 389, 425, 454, 458, 463, 475, 476, 487, 498, 499, 512, 530, 531, 532, 533, 534, 536, 573, 589, 596, 598, 601, 605, 617, 620, 624, 646, 653, 658, 660, 662, 668, 689, 694, 702, 724, 725, 745, 760, 768, 775, 793, 809, 829, 838, 839, 877, 901, 903, 905, 910, 923, 924, 925]","[1, 13, 14, 29, 54, 55, 56, 57, 58, 60, 102, 118, 125, 127, 130, 134, 146, 149, 153, 175, 182, 187, 189, 191, 197, 225, 230, 238, 264, 265, 266, 286, 302, 317, 336, 379, 388, 389, 425, 454, 458, 463, 475, 487, 498, 499, 512, 530, 531, 532, 533, 534, 536, 573, 589, 596, 598, 601, 605, 617, 620, 624, 646, 653, 658, 660, 662, 668, 689, 694, 702, 724, 725, 745, 760, 775, 793, 829, 838, 839, 877, 901, 903, 905, 910, 923]",6/6 successful match,True,"[580, 581, 582, 583, 584, 585]",True,260,False,,0.9264150943396227,True,TA Ontario West ( 76 ),
Ontario ( 91761 ) TA Ontario # 162 ( Shell ) ),909-390-2525 I-10 Exit 57 ( Milliken Ave ),""" XL",Ontario,91761,TA Ontario # 162 ( Shell ) ),909-390-2525,2015,Ontario,CA,Shell,( Milliken Ave ),I-10 Exit 57 ,Exit,57,False,,False,I-10,,,,,"[768, 310]","[240, 310, 704, 768]","[240, 310, 704, 768]","[240, 310, 321, 704, 768, 779]","[103, 104, 105, 106, 107, 108, 109, 110, 111, 112, 113, 114, 115, 116, 117, 118, 119, 120, 121, 122, 123, 124, 125, 126, 127, 128, 129, 130, 131, 132, 133, 134, 135, 136, 137, 138, 139, 140, 141, 142, 143, 144, 145, 146, 147, 148, 149, 150, 151, 152, 153, 154, 155, 156, 157, 158, 159, 160, 161, 162, 163, 164, 165, 166, 167, 168, 169, 170, 171, 172, 173, 174, 175, 176, 177, 178, 179, 180, 181, 182, 183, 184, 185, 186, 187, 188, 189, 190, 191, 192, 193, 194, 195, 196, 197, 198, 199, 200, 201, 202, 203, 204, 205, 206, 207, 208, 209, 210, 211, 212, 213, 214, 215, 216, 217, 218, 219, 220, 221, 222, 223, 224, 225, 226, 227, 228, 229, 230, 231, 232, 233, 234, 235, 236, 237, 238, 239, 240, 241, 242, 243, 244, 245, 246, 247, 248, 249, 250, 251, 252, 253, 254, 255, 256, 257, 258, 259, 260, 261, 262, 263, 264, 265, 266, 267, 268, 269, 270, 271, 272, 273, 274, 275, 276, 277, 278, 279, 280, 281, 282, 283, 284, 285, 286, 287, 288, 289, 290, 291, 292, 293, 294, 295, 296, 297, 298, 299, 300, 301, 302, 303, 304, 305, 306, 307, 308, 309, 310, 311, 312, 313, 314, 315, 316, 317, 318, 319, 320, 321, 322, 323, 324, 325, 326, 327, 328, 329, 330, 331, 332, 333, 334, 335, 336, 337, 574, 575, 576, 577, 578, 579, 580, 581, 582, 583, 584, 585, 586, 587, 588, 589, 590, 591, 592, 593, 594, 595, 596, 597, 598, 599, 600, 601, 602, 603, 604, 605, 606, 607, 608, 609, 610, 611, 612, 613, 614, 615, 616, 617, 618, 619, 620, 621, 622, 623, 624, 625, 626, 627, 628, 629, 630, 631, 632, 633, 634, 635, 636, 637, 638, 639, 640, 641, 642, 643, 644, 645, 646, 647, 648, 649, 650, 651, 652, 653, 654, 655, 656, 657, 658, 659, 660, 661, 662, 663, 664, 665, 666, 667, 668, 669, 670, 671, 672, 673, 674, 675, 676, 677, 678, 679, 680, 681, 682, 683, 684, 685, 686, 687, 688, 689, 690, 691, 692, 693, 694, 695, 696, 697, 698, 699, 700, 701, 702, 703, 704, 705, 706, 707, 708, 709, 710, 711, 712, 713, 714, 715, 716, 717, 718, 719, 720, 721, 722, 723, 724, 725, 726, 727, 728, 729, 730, 731, 732, 733, 734, 735, 736, 737, 738, 739, 740, 741, 742, 743, 744, 745, 746, 747, 748, 749, 750, 751, 752, 753, 754, 755, 756, 757, 758, 759, 760, 761, 762, 763, 764, 765, 766, 767, 768, 769, 770, 771, 772, 773, 774, 775, 776, 777, 778, 779, 780, 781, 782, 783, 784, 785, 786, 787, 788, 789, 790, 791, 792, 793]","[0, 5, 7, 10, 14, 19, 20, 22, 24, 32, 33, 34, 37, 38, 40, 44, 46, 48, 49, 51, 56, 61, 63, 65, 67, 68, 73, 74, 75, 76, 79, 81, 82, 83, 85, 87, 88, 92, 93, 95, 96, 99, 100, 101, 115, 116, 124, 134, 142, 161, 167, 169, 170, 186, 202, 240, 244, 254, 260, 267, 277, 300, 303, 307, 310, 322, 331, 376, 485, 491, 493, 495, 499, 503, 504, 506, 508, 515, 518, 519, 521, 524, 526, 528, 533, 537, 539, 542, 543, 547, 548, 549, 550, 551, 553, 554, 556, 558, 559, 563, 564, 566, 567, 570, 571, 572, 586, 587, 595, 605, 613, 633, 639, 640, 641, 657, 672, 704, 717, 726, 736, 759, 761, 765, 768, 780, 788, 792, 826]","[1, 13, 14, 29, 54, 55, 56, 57, 58, 60, 102, 118, 125, 127, 130, 134, 146, 149, 153, 175, 182, 187, 189, 191, 197, 225, 230, 238, 264, 265, 266, 286, 302, 317, 336, 379, 388, 389, 425, 454, 458, 463, 475, 487, 498, 499, 512, 530, 531, 532, 533, 534, 536, 573, 589, 596, 598, 601, 605, 617, 620, 624, 646, 653, 658, 660, 662, 668, 689, 694, 702, 724, 725, 745, 760, 775, 793, 829, 838, 839, 877, 901, 903, 905, 910, 923]","[1, 13, 14, 29, 54, 55, 56, 57, 58, 60, 102, 118, 125, 127, 130, 134, 146, 149, 153, 175, 182, 187, 189, 191, 197, 225, 230, 238, 264, 265, 266, 286, 301, 302, 310, 317, 336, 354, 379, 388, 389, 425, 454, 458, 463, 475, 476, 487, 498, 499, 512, 530, 531, 532, 533, 534, 536, 573, 589, 596, 598, 601, 605, 617, 620, 624, 646, 653, 658, 660, 662, 668, 689, 694, 702, 724, 725, 745, 760, 768, 775, 793, 809, 829, 838, 839, 877, 901, 903, 905, 910, 923, 924, 925]","[0, 1, 5, 7, 10, 13, 14, 19, 20, 22, 24, 29, 32, 33, 34, 37, 38, 40, 44, 46, 48, 49, 51, 54, 55, 56, 57, 58, 60, 61, 63, 65, 67, 68, 73, 74, 75, 76, 79, 81, 82, 83, 85, 87, 88, 92, 93, 95, 96, 99, 100, 101, 102, 103, 104, 105, 106, 107, 108, 109, 110, 111, 112, 113, 114, 115, 116, 117, 118, 119, 120, 121, 122, 123, 124, 125, 126, 127, 128, 129, 130, 131, 132, 133, 134, 135, 136, 137, 138, 139, 140, 141, 142, 143, 144, 145, 146, 147, 148, 149, 150, 151, 152, 153, 154, 155, 156, 157, 158, 159, 160, 161, 162, 163, 164, 165, 166, 167, 168, 169, 170, 171, 172, 173, 174, 175, 176, 177, 178, 179, 180, 181, 182, 183, 184, 185, 186, 187, 188, 189, 190, 191, 192, 193, 194, 195, 196, 197, 198, 199, 200, 201, 202, 203, 204, 205, 206, 207, 208, 209, 210, 211, 212, 213, 214, 215, 216, 217, 218, 219, 220, 221, 222, 223, 224, 225, 226, 227, 228, 229, 230, 231, 232, 233, 234, 235, 236, 237, 238, 239, 240, 241, 242, 243, 244, 245, 246, 247, 248, 249, 250, 251, 252, 253, 254, 255, 256, 257, 258, 259, 260, 261, 262, 263, 264, 265, 266, 267, 268, 269, 270, 271, 272, 273, 274, 275, 276, 277, 278, 279, 280, 281, 282, 283, 284, 285, 286, 287, 288, 289, 290, 291, 292, 293, 294, 295, 296, 297, 298, 299, 300, 301, 302, 303, 304, 305, 306, 307, 308, 309, 310, 311, 312, 313, 314, 315, 316, 317, 318, 319, 320, 321, 322, 323, 324, 325, 326, 327, 328, 329, 330, 331, 332, 333, 334, 335, 336, 337, 354, 376, 379, 388, 389, 425, 454, 458, 463, 475, 476, 485, 487, 491, 493, 495, 498, 499, 503, 504, 506, 508, 512, 515, 518, 519, 521, 524, 526, 528, 530, 531, 532, 533, 534, 536, 537, 539, 542, 543, 547, 548, 549, 550, 551, 553, 554, 556, 558, 559, 563, 564, 566, 567, 570, 571, 572, 573, 574, 575, 576, 577, 578, 579, 580, 581, 582, 583, 584, 585, 586, 587, 588, 589, 590, 591, 592, 593, 594, 595, 596, 597, 598, 599, 600, 601, 602, 603, 604, 605, 606, 607, 608, 609, 610, 611, 612, 613, 614, 615, 616, 617, 618, 619, 620, 621, 622, 623, 624, 625, 626, 627, 628, 629, 630, 631, 632, 633, 634, 635, 636, 637, 638, 639, 640, 641, 642, 643, 644, 645, 646, 647, 648, 649, 650, 651, 652, 653, 654, 655, 656, 657, 658, 659, 660, 661, 662, 663, 664, 665, 666, 667, 668, 669, 670, 671, 672, 673, 674, 675, 676, 677, 678, 679, 680, 681, 682, 683, 684, 685, 686, 687, 688, 689, 690, 691, 692, 693, 694, 695, 696, 697, 698, 699, 700, 701, 702, 703, 704, 705, 706, 707, 708, 709, 710, 711, 712, 713, 714, 715, 716, 717, 718, 719, 720, 721, 722, 723, 724, 725, 726, 727, 728, 729, 730, 731, 732, 733, 734, 735, 736, 737, 738, 739, 740, 741, 742, 743, 744, 745, 746, 747, 748, 749, 750, 751, 752, 753, 754, 755, 756, 757, 758, 759, 760, 761, 762, 763, 764, 765, 766, 767, 768, 769, 770, 771, 772, 773, 774, 775, 776, 777, 778, 779, 780, 781, 782, 783, 784, 785, 786, 787, 788, 789, 790, 791, 792, 793, 809, 826, 829, 838, 839, 877, 901, 903, 905, 910, 923, 924, 925]",True,"[240, 310, 704, 768]","[103, 104, 105, 106, 107, 108, 109, 110, 111, 112, 113, 114, 115, 116, 117, 118, 119, 120, 121, 122, 123, 124, 125, 126, 127, 128, 129, 130, 131, 132, 133, 134, 135, 136, 137, 138, 139, 140, 141, 142, 143, 144, 145, 146, 147, 148, 149, 150, 151, 152, 153, 154, 155, 156, 157, 158, 159, 160, 161, 162, 163, 164, 165, 166, 167, 168, 169, 170, 171, 172, 173, 174, 175, 176, 177, 178, 179, 180, 181, 182, 183, 184, 185, 186, 187, 188, 189, 190, 191, 192, 193, 194, 195, 196, 197, 198, 199, 200, 201, 202, 203, 204, 205, 206, 207, 208, 209, 210, 211, 212, 213, 214, 215, 216, 217, 218, 219, 220, 221, 222, 223, 224, 225, 226, 227, 228, 229, 230, 231, 232, 233, 234, 235, 236, 237, 238, 239, 240, 241, 242, 243, 244, 245, 246, 247, 248, 249, 250, 251, 252, 253, 254, 255, 256, 257, 258, 259, 260, 261, 262, 263, 264, 265, 266, 267, 268, 269, 270, 271, 272, 273, 274, 275, 276, 277, 278, 279, 280, 281, 282, 283, 284, 285, 286, 287, 288, 289, 290, 291, 292, 293, 294, 295, 296, 297, 298, 299, 300, 301, 302, 303, 304, 305, 306, 307, 308, 309, 310, 311, 312, 313, 314, 315, 316, 317, 318, 319, 320, 321, 322, 323, 324, 325, 326, 327, 328, 329, 330, 331, 332, 333, 334, 335, 336, 337, 574, 575, 576, 577, 578, 579, 580, 581, 582, 583, 584, 585, 586, 587, 588, 589, 590, 591, 592, 593, 594, 595, 596, 597, 598, 599, 600, 601, 602, 603, 604, 605, 606, 607, 608, 609, 610, 611, 612, 613, 614, 615, 616, 617, 618, 619, 620, 621, 622, 623, 624, 625, 626, 627, 628, 629, 630, 631, 632, 633, 634, 635, 636, 637, 638, 639, 640, 641, 642, 643, 644, 645, 646, 647, 648, 649, 650, 651, 652, 653, 654, 655, 656, 657, 658, 659, 660, 661, 662, 663, 664, 665, 666, 667, 668, 669, 670, 671, 672, 673, 674, 675, 676, 677, 678, 679, 680, 681, 682, 683, 684, 685, 686, 687, 688, 689, 690, 691, 692, 693, 694, 695, 696, 697, 698, 699, 700, 701, 702, 703, 704, 705, 706, 707, 708, 709, 710, 711, 712, 713, 714, 715, 716, 717, 718, 719, 720, 721, 722, 723, 724, 725, 726, 727, 728, 729, 730, 731, 732, 733, 734, 735, 736, 737, 738, 739, 740, 741, 742, 743, 744, 745, 746, 747, 748, 749, 750, 751, 752, 753, 754, 755, 756, 757, 758, 759, 760, 761, 762, 763, 764, 765, 766, 767, 768, 769, 770, 771, 772, 773, 774, 775, 776, 777, 778, 779, 780, 781, 782, 783, 784, 785, 786, 787, 788, 789, 790, 791, 792, 793]","[240, 310, 704, 768]","[240, 310, 321, 704, 768, 779]","[0, 5, 7, 10, 14, 19, 20, 22, 24, 32, 33, 34, 37, 38, 40, 44, 46, 48, 49, 51, 56, 61, 63, 65, 67, 68, 73, 74, 75, 76, 79, 81, 82, 83, 85, 87, 88, 92, 93, 95, 96, 99, 100, 101, 115, 116, 124, 134, 142, 161, 167, 169, 170, 186, 202, 240, 244, 254, 260, 267, 277, 300, 303, 307, 310, 322, 331, 376, 485, 491, 493, 495, 499, 503, 504, 506, 508, 515, 518, 519, 521, 524, 526, 528, 533, 537, 539, 542, 543, 547, 548, 549, 550, 551, 553, 554, 556, 558, 559, 563, 564, 566, 567, 570, 571, 572, 586, 587, 595, 605, 613, 633, 639, 640, 641, 657, 672, 704, 717, 726, 736, 759, 761, 765, 768, 780, 788, 792, 826]","[1, 13, 14, 29, 54, 55, 56, 57, 58, 60, 102, 118, 125, 127, 130, 134, 146, 149, 153, 175, 182, 187, 189, 191, 197, 225, 230, 238, 264, 265, 266, 286, 301, 302, 310, 317, 336, 354, 379, 388, 389, 425, 454, 458, 463, 475, 476, 487, 498, 499, 512, 530, 531, 532, 533, 534, 536, 573, 589, 596, 598, 601, 605, 617, 620, 624, 646, 653, 658, 660, 662, 668, 689, 694, 702, 724, 725, 745, 760, 768, 775, 793, 809, 829, 838, 839, 877, 901, 903, 905, 910, 923, 924, 925]","[1, 13, 14, 29, 54, 55, 56, 57, 58, 60, 102, 118, 125, 127, 130, 134, 146, 149, 153, 175, 182, 187, 189, 191, 197, 225, 230, 238, 264, 265, 266, 286, 302, 317, 336, 379, 388, 389, 425, 454, 458, 463, 475, 487, 498, 499, 512, 530, 531, 532, 533, 534, 536, 573, 589, 596, 598, 601, 605, 617, 620, 624, 646, 653, 658, 660, 662, 668, 689, 694, 702, 724, 725, 745, 760, 775, 793, 829, 838, 839, 877, 901, 903, 905, 910, 923]",6/6 successful match,True,"[580, 581, 582, 583, 584, 585]",True,260,False,,1.0,True,TA Ontario West # 162 ( Shell ),Shell
Ontario ( 91761 ) TA Ontario # 162 ( Shell Ave ) ) PETRO,909-390-2525 I-10 Exit 57 ( Milliken Ave ),24 XL,Ontario,91761,TA Ontario # 162 ( Shell Ave ) ) PETRO,909-390-2525,2016,Ontario,CA,Shell,( Milliken Ave ),I-10 Exit 57 ,Exit,57,False,,False,I-10,,,,,"[768, 310]","[240, 310, 704, 768]","[240, 310, 704, 768]","[240, 310, 321, 704, 768, 779]","[103, 104, 105, 106, 107, 108, 109, 110, 111, 112, 113, 114, 115, 116, 117, 118, 119, 120, 121, 122, 123, 124, 125, 126, 127, 128, 129, 130, 131, 132, 133, 134, 135, 136, 137, 138, 139, 140, 141, 142, 143, 144, 145, 146, 147, 148, 149, 150, 151, 152, 153, 154, 155, 156, 157, 158, 159, 160, 161, 162, 163, 164, 165, 166, 167, 168, 169, 170, 171, 172, 173, 174, 175, 176, 177, 178, 179, 180, 181, 182, 183, 184, 185, 186, 187, 188, 189, 190, 191, 192, 193, 194, 195, 196, 197, 198, 199, 200, 201, 202, 203, 204, 205, 206, 207, 208, 209, 210, 211, 212, 213, 214, 215, 216, 217, 218, 219, 220, 221, 222, 223, 224, 225, 226, 227, 228, 229, 230, 231, 232, 233, 234, 235, 236, 237, 238, 239, 240, 241, 242, 243, 244, 245, 246, 247, 248, 249, 250, 251, 252, 253, 254, 255, 256, 257, 258, 259, 260, 261, 262, 263, 264, 265, 266, 267, 268, 269, 270, 271, 272, 273, 274, 275, 276, 277, 278, 279, 280, 281, 282, 283, 284, 285, 286, 287, 288, 289, 290, 291, 292, 293, 294, 295, 296, 297, 298, 299, 300, 301, 302, 303, 304, 305, 306, 307, 308, 309, 310, 311, 312, 313, 314, 315, 316, 317, 318, 319, 320, 321, 322, 323, 324, 325, 326, 327, 328, 329, 330, 331, 332, 333, 334, 335, 336, 337, 574, 575, 576, 577, 578, 579, 580, 581, 582, 583, 584, 585, 586, 587, 588, 589, 590, 591, 592, 593, 594, 595, 596, 597, 598, 599, 600, 601, 602, 603, 604, 605, 606, 607, 608, 609, 610, 611, 612, 613, 614, 615, 616, 617, 618, 619, 620, 621, 622, 623, 624, 625, 626, 627, 628, 629, 630, 631, 632, 633, 634, 635, 636, 637, 638, 639, 640, 641, 642, 643, 644, 645, 646, 647, 648, 649, 650, 651, 652, 653, 654, 655, 656, 657, 658, 659, 660, 661, 662, 663, 664, 665, 666, 667, 668, 669, 670, 671, 672, 673, 674, 675, 676, 677, 678, 679, 680, 681, 682, 683, 684, 685, 686, 687, 688, 689, 690, 691, 692, 693, 694, 695, 696, 697, 698, 699, 700, 701, 702, 703, 704, 705, 706, 707, 708, 709, 710, 711, 712, 713, 714, 715, 716, 717, 718, 719, 720, 721, 722, 723, 724, 725, 726, 727, 728, 729, 730, 731, 732, 733, 734, 735, 736, 737, 738, 739, 740, 741, 742, 743, 744, 745, 746, 747, 748, 749, 750, 751, 752, 753, 754, 755, 756, 757, 758, 759, 760, 761, 762, 763, 764, 765, 766, 767, 768, 769, 770, 771, 772, 773, 774, 775, 776, 777, 778, 779, 780, 781, 782, 783, 784, 785, 786, 787, 788, 789, 790, 791, 792, 793]","[0, 5, 7, 10, 14, 19, 20, 22, 24, 32, 33, 34, 37, 38, 40, 44, 46, 48, 49, 51, 56, 61, 63, 65, 67, 68, 73, 74, 75, 76, 79, 81, 82, 83, 85, 87, 88, 92, 93, 95, 96, 99, 100, 101, 115, 116, 124, 134, 142, 161, 167, 169, 170, 186, 202, 240, 244, 254, 260, 267, 277, 300, 303, 307, 310, 322, 331, 376, 485, 491, 493, 495, 499, 503, 504, 506, 508, 515, 518, 519, 521, 524, 526, 528, 533, 537, 539, 542, 543, 547, 548, 549, 550, 551, 553, 554, 556, 558, 559, 563, 564, 566, 567, 570, 571, 572, 586, 587, 595, 605, 613, 633, 639, 640, 641, 657, 672, 704, 717, 726, 736, 759, 761, 765, 768, 780, 788, 792, 826]","[1, 13, 14, 29, 54, 55, 56, 57, 58, 60, 102, 118, 125, 127, 130, 134, 146, 149, 153, 175, 182, 187, 189, 191, 197, 225, 230, 238, 264, 265, 266, 286, 302, 317, 336, 379, 388, 389, 425, 454, 458, 463, 475, 487, 498, 499, 512, 530, 531, 532, 533, 534, 536, 573, 589, 596, 598, 601, 605, 617, 620, 624, 646, 653, 658, 660, 662, 668, 689, 694, 702, 724, 725, 745, 760, 775, 793, 829, 838, 839, 877, 901, 903, 905, 910, 923]","[1, 13, 14, 29, 54, 55, 56, 57, 58, 60, 63, 64, 102, 118, 125, 127, 130, 134, 146, 149, 153, 175, 182, 187, 189, 191, 197, 225, 230, 238, 240, 241, 242, 243, 264, 265, 266, 286, 301, 302, 310, 317, 336, 354, 370, 371, 372, 379, 388, 389, 425, 454, 458, 463, 475, 476, 487, 498, 499, 512, 530, 531, 532, 533, 534, 536, 537, 538, 573, 589, 596, 598, 601, 605, 617, 620, 624, 646, 653, 658, 660, 662, 668, 689, 694, 702, 704, 705, 706, 707, 724, 725, 745, 760, 768, 775, 793, 809, 820, 821, 822, 829, 838, 839, 877, 901, 903, 905, 910, 923, 924, 925]","[0, 1, 5, 7, 10, 13, 14, 19, 20, 22, 24, 29, 32, 33, 34, 37, 38, 40, 44, 46, 48, 49, 51, 54, 55, 56, 57, 58, 60, 61, 63, 64, 65, 67, 68, 73, 74, 75, 76, 79, 81, 82, 83, 85, 87, 88, 92, 93, 95, 96, 99, 100, 101, 102, 103, 104, 105, 106, 107, 108, 109, 110, 111, 112, 113, 114, 115, 116, 117, 118, 119, 120, 121, 122, 123, 124, 125, 126, 127, 128, 129, 130, 131, 132, 133, 134, 135, 136, 137, 138, 139, 140, 141, 142, 143, 144, 145, 146, 147, 148, 149, 150, 151, 152, 153, 154, 155, 156, 157, 158, 159, 160, 161, 162, 163, 164, 165, 166, 167, 168, 169, 170, 171, 172, 173, 174, 175, 176, 177, 178, 179, 180, 181, 182, 183, 184, 185, 186, 187, 188, 189, 190, 191, 192, 193, 194, 195, 196, 197, 198, 199, 200, 201, 202, 203, 204, 205, 206, 207, 208, 209, 210, 211, 212, 213, 214, 215, 216, 217, 218, 219, 220, 221, 222, 223, 224, 225, 226, 227, 228, 229, 230, 231, 232, 233, 234, 235, 236, 237, 238, 239, 240, 241, 242, 243, 244, 245, 246, 247, 248, 249, 250, 251, 252, 253, 254, 255, 256, 257, 258, 259, 260, 261, 262, 263, 264, 265, 266, 267, 268, 269, 270, 271, 272, 273, 274, 275, 276, 277, 278, 279, 280, 281, 282, 283, 284, 285, 286, 287, 288, 289, 290, 291, 292, 293, 294, 295, 296, 297, 298, 299, 300, 301, 302, 303, 304, 305, 306, 307, 308, 309, 310, 311, 312, 313, 314, 315, 316, 317, 318, 319, 320, 321, 322, 323, 324, 325, 326, 327, 328, 329, 330, 331, 332, 333, 334, 335, 336, 337, 354, 370, 371, 372, 376, 379, 388, 389, 425, 454, 458, 463, 475, 476, 485, 487, 491, 493, 495, 498, 499, 503, 504, 506, 508, 512, 515, 518, 519, 521, 524, 526, 528, 530, 531, 532, 533, 534, 536, 537, 538, 539, 542, 543, 547, 548, 549, 550, 551, 553, 554, 556, 558, 559, 563, 564, 566, 567, 570, 571, 572, 573, 574, 575, 576, 577, 578, 579, 580, 581, 582, 583, 584, 585, 586, 587, 588, 589, 590, 591, 592, 593, 594, 595, 596, 597, 598, 599, 600, 601, 602, 603, 604, 605, 606, 607, 608, 609, 610, 611, 612, 613, 614, 615, 616, 617, 618, 619, 620, 621, 622, 623, 624, 625, 626, 627, 628, 629, 630, 631, 632, 633, 634, 635, 636, 637, 638, 639, 640, 641, 642, 643, 644, 645, 646, 647, 648, 649, 650, 651, 652, 653, 654, 655, 656, 657, 658, 659, 660, 661, 662, 663, 664, 665, 666, 667, 668, 669, 670, 671, 672, 673, 674, 675, 676, 677, 678, 679, 680, 681, 682, 683, 684, 685, 686, 687, 688, 689, 690, 691, 692, 693, 694, 695, 696, 697, 698, 699, 700, 701, 702, 703, 704, 705, 706, 707, 708, 709, 710, 711, 712, 713, 714, 715, 716, 717, 718, 719, 720, 721, 722, 723, 724, 725, 726, 727, 728, 729, 730, 731, 732, 733, 734, 735, 736, 737, 738, 739, 740, 741, 742, 743, 744, 745, 746, 747, 748, 749, 750, 751, 752, 753, 754, 755, 756, 757, 758, 759, 760, 761, 762, 763, 764, 765, 766, 767, 768, 769, 770, 771, 772, 773, 774, 775, 776, 777, 778, 779, 780, 781, 782, 783, 784, 785, 786, 787, 788, 789, 790, 791, 792, 793, 809, 820, 821, 822, 826, 829, 838, 839, 877, 901, 903, 905, 910, 923, 924, 925]",True,"[240, 310, 704, 768]","[103, 104, 105, 106, 107, 108, 109, 110, 111, 112, 113, 114, 115, 116, 117, 118, 119, 120, 121, 122, 123, 124, 125, 126, 127, 128, 129, 130, 131, 132, 133, 134, 135, 136, 137, 138, 139, 140, 141, 142, 143, 144, 145, 146, 147, 148, 149, 150, 151, 152, 153, 154, 155, 156, 157, 158, 159, 160, 161, 162, 163, 164, 165, 166, 167, 168, 169, 170, 171, 172, 173, 174, 175, 176, 177, 178, 179, 180, 181, 182, 183, 184, 185, 186, 187, 188, 189, 190, 191, 192, 193, 194, 195, 196, 197, 198, 199, 200, 201, 202, 203, 204, 205, 206, 207, 208, 209, 210, 211, 212, 213, 214, 215, 216, 217, 218, 219, 220, 221, 222, 223, 224, 225, 226, 227, 228, 229, 230, 231, 232, 233, 234, 235, 236, 237, 238, 239, 240, 241, 242, 243, 244, 245, 246, 247, 248, 249, 250, 251, 252, 253, 254, 255, 256, 257, 258, 259, 260, 261, 262, 263, 264, 265, 266, 267, 268, 269, 270, 271, 272, 273, 274, 275, 276, 277, 278, 279, 280, 281, 282, 283, 284, 285, 286, 287, 288, 289, 290, 291, 292, 293, 294, 295, 296, 297, 298, 299, 300, 301, 302, 303, 304, 305, 306, 307, 308, 309, 310, 311, 312, 313, 314, 315, 316, 317, 318, 319, 320, 321, 322, 323, 324, 325, 326, 327, 328, 329, 330, 331, 332, 333, 334, 335, 336, 337, 574, 575, 576, 577, 578, 579, 580, 581, 582, 583, 584, 585, 586, 587, 588, 589, 590, 591, 592, 593, 594, 595, 596, 597, 598, 599, 600, 601, 602, 603, 604, 605, 606, 607, 608, 609, 610, 611, 612, 613, 614, 615, 616, 617, 618, 619, 620, 621, 622, 623, 624, 625, 626, 627, 628, 629, 630, 631, 632, 633, 634, 635, 636, 637, 638, 639, 640, 641, 642, 643, 644, 645, 646, 647, 648, 649, 650, 651, 652, 653, 654, 655, 656, 657, 658, 659, 660, 661, 662, 663, 664, 665, 666, 667, 668, 669, 670, 671, 672, 673, 674, 675, 676, 677, 678, 679, 680, 681, 682, 683, 684, 685, 686, 687, 688, 689, 690, 691, 692, 693, 694, 695, 696, 697, 698, 699, 700, 701, 702, 703, 704, 705, 706, 707, 708, 709, 710, 711, 712, 713, 714, 715, 716, 717, 718, 719, 720, 721, 722, 723, 724, 725, 726, 727, 728, 729, 730, 731, 732, 733, 734, 735, 736, 737, 738, 739, 740, 741, 742, 743, 744, 745, 746, 747, 748, 749, 750, 751, 752, 753, 754, 755, 756, 757, 758, 759, 760, 761, 762, 763, 764, 765, 766, 767, 768, 769, 770, 771, 772, 773, 774, 775, 776, 777, 778, 779, 780, 781, 782, 783, 784, 785, 786, 787, 788, 789, 790, 791, 792, 793]","[240, 310, 704, 768]","[240, 310, 321, 704, 768, 779]","[0, 5, 7, 10, 14, 19, 20, 22, 24, 32, 33, 34, 37, 38, 40, 44, 46, 48, 49, 51, 56, 61, 63, 65, 67, 68, 73, 74, 75, 76, 79, 81, 82, 83, 85, 87, 88, 92, 93, 95, 96, 99, 100, 101, 115, 116, 124, 134, 142, 161, 167, 169, 170, 186, 202, 240, 244, 254, 260, 267, 277, 300, 303, 307, 310, 322, 331, 376, 485, 491, 493, 495, 499, 503, 504, 506, 508, 515, 518, 519, 521, 524, 526, 528, 533, 537, 539, 542, 543, 547, 548, 549, 550, 551, 553, 554, 556, 558, 559, 563, 564, 566, 567, 570, 571, 572, 586, 587, 595, 605, 613, 633, 639, 640, 641, 657, 672, 704, 717, 726, 736, 759, 761, 765, 768, 780, 788, 792, 826]","[1, 13, 14, 29, 54, 55, 56, 57, 58, 60, 63, 64, 102, 118, 125, 127, 130, 134, 146, 149, 153, 175, 182, 187, 189, 191, 197, 225, 230, 238, 240, 241, 242, 243, 264, 265, 266, 286, 301, 302, 310, 317, 336, 354, 370, 371, 372, 379, 388, 389, 425, 454, 458, 463, 475, 476, 487, 498, 499, 512, 530, 531, 532, 533, 534, 536, 537, 538, 573, 589, 596, 598, 601, 605, 617, 620, 624, 646, 653, 658, 660, 662, 668, 689, 694, 702, 704, 705, 706, 707, 724, 725, 745, 760, 768, 775, 793, 809, 820, 821, 822, 829, 838, 839, 877, 901, 903, 905, 910, 923, 924, 925]","[1, 13, 14, 29, 54, 55, 56, 57, 58, 60, 102, 118, 125, 127, 130, 134, 146, 149, 153, 175, 182, 187, 189, 191, 197, 225, 230, 238, 264, 265, 266, 286, 302, 317, 336, 379, 388, 389, 425, 454, 458, 463, 475, 487, 498, 499, 512, 530, 531, 532, 533, 534, 536, 573, 589, 596, 598, 601, 605, 617, 620, 624, 646, 653, 658, 660, 662, 668, 689, 694, 702, 724, 725, 745, 760, 775, 793, 829, 838, 839, 877, 901, 903, 905, 910, 923]",6/6 successful match,True,"[580, 581, 582, 583, 584, 585]",True,260,False,,1.0,True,TA Ontario # 162 ( Shell ) ),Shell
"Ontario , 91762 TravelCenters of America / Ontario E",6 909-390-7800 I-10 Exit 57 ( Milliken Ave ),,Ontario,91762,TravelCenters of America / Ontario E,909-390-7800,2006,Ontario,CA,TravelCenters,( Milliken Ave ),I-10 Exit 57 ,Exit,57,False,,False,I-10,,,,,"[240, 704]",[],"[240, 310, 704, 768]","[240, 310, 321, 704, 768, 779]","[103, 104, 105, 106, 107, 108, 109, 110, 111, 112, 113, 114, 115, 116, 117, 118, 119, 120, 121, 122, 123, 124, 125, 126, 127, 128, 129, 130, 131, 132, 133, 134, 135, 136, 137, 138, 139, 140, 141, 142, 143, 144, 145, 146, 147, 148, 149, 150, 151, 152, 153, 154, 155, 156, 157, 158, 159, 160, 161, 162, 163, 164, 165, 166, 167, 168, 169, 170, 171, 172, 173, 174, 175, 176, 177, 178, 179, 180, 181, 182, 183, 184, 185, 186, 187, 188, 189, 190, 191, 192, 193, 194, 195, 196, 197, 198, 199, 200, 201, 202, 203, 204, 205, 206, 207, 208, 209, 210, 211, 212, 213, 214, 215, 216, 217, 218, 219, 220, 221, 222, 223, 224, 225, 226, 227, 228, 229, 230, 231, 232, 233, 234, 235, 236, 237, 238, 239, 240, 241, 242, 243, 244, 245, 246, 247, 248, 249, 250, 251, 252, 253, 254, 255, 256, 257, 258, 259, 260, 261, 262, 263, 264, 265, 266, 267, 268, 269, 270, 271, 272, 273, 274, 275, 276, 277, 278, 279, 280, 281, 282, 283, 284, 285, 286, 287, 288, 289, 290, 291, 292, 293, 294, 295, 296, 297, 298, 299, 300, 301, 302, 303, 304, 305, 306, 307, 308, 309, 310, 311, 312, 313, 314, 315, 316, 317, 318, 319, 320, 321, 322, 323, 324, 325, 326, 327, 328, 329, 330, 331, 332, 333, 334, 335, 336, 337, 574, 575, 576, 577, 578, 579, 580, 581, 582, 583, 584, 585, 586, 587, 588, 589, 590, 591, 592, 593, 594, 595, 596, 597, 598, 599, 600, 601, 602, 603, 604, 605, 606, 607, 608, 609, 610, 611, 612, 613, 614, 615, 616, 617, 618, 619, 620, 621, 622, 623, 624, 625, 626, 627, 628, 629, 630, 631, 632, 633, 634, 635, 636, 637, 638, 639, 640, 641, 642, 643, 644, 645, 646, 647, 648, 649, 650, 651, 652, 653, 654, 655, 656, 657, 658, 659, 660, 661, 662, 663, 664, 665, 666, 667, 668, 669, 670, 671, 672, 673, 674, 675, 676, 677, 678, 679, 680, 681, 682, 683, 684, 685, 686, 687, 688, 689, 690, 691, 692, 693, 694, 695, 696, 697, 698, 699, 700, 701, 702, 703, 704, 705, 706, 707, 708, 709, 710, 711, 712, 713, 714, 715, 716, 717, 718, 719, 720, 721, 722, 723, 724, 725, 726, 727, 728, 729, 730, 731, 732, 733, 734, 735, 736, 737, 738, 739, 740, 741, 742, 743, 744, 745, 746, 747, 748, 749, 750, 751, 752, 753, 754, 755, 756, 757, 758, 759, 760, 761, 762, 763, 764, 765, 766, 767, 768, 769, 770, 771, 772, 773, 774, 775, 776, 777, 778, 779, 780, 781, 782, 783, 784, 785, 786, 787, 788, 789, 790, 791, 792, 793]","[0, 5, 7, 10, 14, 19, 20, 22, 24, 32, 33, 34, 37, 38, 40, 44, 46, 48, 49, 51, 56, 61, 63, 65, 67, 68, 73, 74, 75, 76, 79, 81, 82, 83, 85, 87, 88, 92, 93, 95, 96, 99, 100, 101, 115, 116, 124, 134, 142, 161, 167, 169, 170, 186, 202, 240, 244, 254, 260, 267, 277, 300, 303, 307, 310, 322, 331, 376, 485, 491, 493, 495, 499, 503, 504, 506, 508, 515, 518, 519, 521, 524, 526, 528, 533, 537, 539, 542, 543, 547, 548, 549, 550, 551, 553, 554, 556, 558, 559, 563, 564, 566, 567, 570, 571, 572, 586, 587, 595, 605, 613, 633, 639, 640, 641, 657, 672, 704, 717, 726, 736, 759, 761, 765, 768, 780, 788, 792, 826]","[98, 476, 481, 569, 924, 925]",[],"[0, 5, 7, 10, 14, 19, 20, 22, 24, 32, 33, 34, 37, 38, 40, 44, 46, 48, 49, 51, 56, 61, 63, 65, 67, 68, 73, 74, 75, 76, 79, 81, 82, 83, 85, 87, 88, 92, 93, 95, 96, 98, 99, 100, 101, 103, 104, 105, 106, 107, 108, 109, 110, 111, 112, 113, 114, 115, 116, 117, 118, 119, 120, 121, 122, 123, 124, 125, 126, 127, 128, 129, 130, 131, 132, 133, 134, 135, 136, 137, 138, 139, 140, 141, 142, 143, 144, 145, 146, 147, 148, 149, 150, 151, 152, 153, 154, 155, 156, 157, 158, 159, 160, 161, 162, 163, 164, 165, 166, 167, 168, 169, 170, 171, 172, 173, 174, 175, 176, 177, 178, 179, 180, 181, 182, 183, 184, 185, 186, 187, 188, 189, 190, 191, 192, 193, 194, 195, 196, 197, 198, 199, 200, 201, 202, 203, 204, 205, 206, 207, 208, 209, 210, 211, 212, 213, 214, 215, 216, 217, 218, 219, 220, 221, 222, 223, 224, 225, 226, 227, 228, 229, 230, 231, 232, 233, 234, 235, 236, 237, 238, 239, 240, 241, 242, 243, 244, 245, 246, 247, 248, 249, 250, 251, 252, 253, 254, 255, 256, 257, 258, 259, 260, 261, 262, 263, 264, 265, 266, 267, 268, 269, 270, 271, 272, 273, 274, 275, 276, 277, 278, 279, 280, 281, 282, 283, 284, 285, 286, 287, 288, 289, 290, 291, 292, 293, 294, 295, 296, 297, 298, 299, 300, 301, 302, 303, 304, 305, 306, 307, 308, 309, 310, 311, 312, 313, 314, 315, 316, 317, 318, 319, 320, 321, 322, 323, 324, 325, 326, 327, 328, 329, 330, 331, 332, 333, 334, 335, 336, 337, 376, 476, 481, 485, 491, 493, 495, 499, 503, 504, 506, 508, 515, 518, 519, 521, 524, 526, 528, 533, 537, 539, 542, 543, 547, 548, 549, 550, 551, 553, 554, 556, 558, 559, 563, 564, 566, 567, 569, 570, 571, 572, 574, 575, 576, 577, 578, 579, 580, 581, 582, 583, 584, 585, 586, 587, 588, 589, 590, 591, 592, 593, 594, 595, 596, 597, 598, 599, 600, 601, 602, 603, 604, 605, 606, 607, 608, 609, 610, 611, 612, 613, 614, 615, 616, 617, 618, 619, 620, 621, 622, 623, 624, 625, 626, 627, 628, 629, 630, 631, 632, 633, 634, 635, 636, 637, 638, 639, 640, 641, 642, 643, 644, 645, 646, 647, 648, 649, 650, 651, 652, 653, 654, 655, 656, 657, 658, 659, 660, 661, 662, 663, 664, 665, 666, 667, 668, 669, 670, 671, 672, 673, 674, 675, 676, 677, 678, 679, 680, 681, 682, 683, 684, 685, 686, 687, 688, 689, 690, 691, 692, 693, 694, 695, 696, 697, 698, 699, 700, 701, 702, 703, 704, 705, 706, 707, 708, 709, 710, 711, 712, 713, 714, 715, 716, 717, 718, 719, 720, 721, 722, 723, 724, 725, 726, 727, 728, 729, 730, 731, 732, 733, 734, 735, 736, 737, 738, 739, 740, 741, 742, 743, 744, 745, 746, 747, 748, 749, 750, 751, 752, 753, 754, 755, 756, 757, 758, 759, 760, 761, 762, 763, 764, 765, 766, 767, 768, 769, 770, 771, 772, 773, 774, 775, 776, 777, 778, 779, 780, 781, 782, 783, 784, 785, 786, 787, 788, 789, 790, 791, 792, 793, 826, 924, 925]",True,[],"[103, 104, 105, 106, 107, 108, 109, 110, 111, 112, 113, 114, 115, 116, 117, 118, 119, 120, 121, 122, 123, 124, 125, 126, 127, 128, 129, 130, 131, 132, 133, 134, 135, 136, 137, 138, 139, 140, 141, 142, 143, 144, 145, 146, 147, 148, 149, 150, 151, 152, 153, 154, 155, 156, 157, 158, 159, 160, 161, 162, 163, 164, 165, 166, 167, 168, 169, 170, 171, 172, 173, 174, 175, 176, 177, 178, 179, 180, 181, 182, 183, 184, 185, 186, 187, 188, 189, 190, 191, 192, 193, 194, 195, 196, 197, 198, 199, 200, 201, 202, 203, 204, 205, 206, 207, 208, 209, 210, 211, 212, 213, 214, 215, 216, 217, 218, 219, 220, 221, 222, 223, 224, 225, 226, 227, 228, 229, 230, 231, 232, 233, 234, 235, 236, 237, 238, 239, 240, 241, 242, 243, 244, 245, 246, 247, 248, 249, 250, 251, 252, 253, 254, 255, 256, 257, 258, 259, 260, 261, 262, 263, 264, 265, 266, 267, 268, 269, 270, 271, 272, 273, 274, 275, 276, 277, 278, 279, 280, 281, 282, 283, 284, 285, 286, 287, 288, 289, 290, 291, 292, 293, 294, 295, 296, 297, 298, 299, 300, 301, 302, 303, 304, 305, 306, 307, 308, 309, 310, 311, 312, 313, 314, 315, 316, 317, 318, 319, 320, 321, 322, 323, 324, 325, 326, 327, 328, 329, 330, 331, 332, 333, 334, 335, 336, 337, 574, 575, 576, 577, 578, 579, 580, 581, 582, 583, 584, 585, 586, 587, 588, 589, 590, 591, 592, 593, 594, 595, 596, 597, 598, 599, 600, 601, 602, 603, 604, 605, 606, 607, 608, 609, 610, 611, 612, 613, 614, 615, 616, 617, 618, 619, 620, 621, 622, 623, 624, 625, 626, 627, 628, 629, 630, 631, 632, 633, 634, 635, 636, 637, 638, 639, 640, 641, 642, 643, 644, 645, 646, 647, 648, 649, 650, 651, 652, 653, 654, 655, 656, 657, 658, 659, 660, 661, 662, 663, 664, 665, 666, 667, 668, 669, 670, 671, 672, 673, 674, 675, 676, 677, 678, 679, 680, 681, 682, 683, 684, 685, 686, 687, 688, 689, 690, 691, 692, 693, 694, 695, 696, 697, 698, 699, 700, 701, 702, 703, 704, 705, 706, 707, 708, 709, 710, 711, 712, 713, 714, 715, 716, 717, 718, 719, 720, 721, 722, 723, 724, 725, 726, 727, 728, 729, 730, 731, 732, 733, 734, 735, 736, 737, 738, 739, 740, 741, 742, 743, 744, 745, 746, 747, 748, 749, 750, 751, 752, 753, 754, 755, 756, 757, 758, 759, 760, 761, 762, 763, 764, 765, 766, 767, 768, 769, 770, 771, 772, 773, 774, 775, 776, 777, 778, 779, 780, 781, 782, 783, 784, 785, 786, 787, 788, 789, 790, 791, 792, 793]","[240, 310, 704, 768]","[240, 310, 321, 704, 768, 779]","[0, 5, 7, 10, 14, 19, 20, 22, 24, 32, 33, 34, 37, 38, 40, 44, 46, 48, 49, 51, 56, 61, 63, 65, 67, 68, 73, 74, 75, 76, 79, 81, 82, 83, 85, 87, 88, 92, 93, 95, 96, 99, 100, 101, 115, 116, 124, 134, 142, 161, 167, 169, 170, 186, 202, 240, 244, 254, 260, 267, 277, 300, 303, 307, 310, 322, 331, 376, 485, 491, 493, 495, 499, 503, 504, 506, 508, 515, 518, 519, 521, 524, 526, 528, 533, 537, 539, 542, 543, 547, 548, 549, 550, 551, 553, 554, 556, 558, 559, 563, 564, 566, 567, 570, 571, 572, 586, 587, 595, 605, 613, 633, 639, 640, 641, 657, 672, 704, 717, 726, 736, 759, 761, 765, 768, 780, 788, 792, 826]",[],"[98, 476, 481, 569, 924, 925]",6/6 successful match,True,"[25, 26, 27]",True,261,False,,,,,
"Ontario , 91762 TravelCenters of America Ave ) / Ontario E",6 909-390-7800 I-10 Exit 57 (,24 HRS Fu 485,Ontario,91762,TravelCenters of America Ave ) / Ontario E,909-390-7800,2007,Ontario,CA,TravelCenters,(,I-10 Exit 57 ,Exit,57,False,,False,I-10,,,,,"[240, 704]",[],"[240, 310, 704, 768]","[240, 310, 321, 704, 768, 779]","[103, 104, 105, 106, 107, 108, 109, 110, 111, 112, 113, 114, 115, 116, 117, 118, 119, 120, 121, 122, 123, 124, 125, 126, 127, 128, 129, 130, 131, 132, 133, 134, 135, 136, 137, 138, 139, 140, 141, 142, 143, 144, 145, 146, 147, 148, 149, 150, 151, 152, 153, 154, 155, 156, 157, 158, 159, 160, 161, 162, 163, 164, 165, 166, 167, 168, 169, 170, 171, 172, 173, 174, 175, 176, 177, 178, 179, 180, 181, 182, 183, 184, 185, 186, 187, 188, 189, 190, 191, 192, 193, 194, 195, 196, 197, 198, 199, 200, 201, 202, 203, 204, 205, 206, 207, 208, 209, 210, 211, 212, 213, 214, 215, 216, 217, 218, 219, 220, 221, 222, 223, 224, 225, 226, 227, 228, 229, 230, 231, 232, 233, 234, 235, 236, 237, 238, 239, 240, 241, 242, 243, 244, 245, 246, 247, 248, 249, 250, 251, 252, 253, 254, 255, 256, 257, 258, 259, 260, 261, 262, 263, 264, 265, 266, 267, 268, 269, 270, 271, 272, 273, 274, 275, 276, 277, 278, 279, 280, 281, 282, 283, 284, 285, 286, 287, 288, 289, 290, 291, 292, 293, 294, 295, 296, 297, 298, 299, 300, 301, 302, 303, 304, 305, 306, 307, 308, 309, 310, 311, 312, 313, 314, 315, 316, 317, 318, 319, 320, 321, 322, 323, 324, 325, 326, 327, 328, 329, 330, 331, 332, 333, 334, 335, 336, 337, 574, 575, 576, 577, 578, 579, 580, 581, 582, 583, 584, 585, 586, 587, 588, 589, 590, 591, 592, 593, 594, 595, 596, 597, 598, 599, 600, 601, 602, 603, 604, 605, 606, 607, 608, 609, 610, 611, 612, 613, 614, 615, 616, 617, 618, 619, 620, 621, 622, 623, 624, 625, 626, 627, 628, 629, 630, 631, 632, 633, 634, 635, 636, 637, 638, 639, 640, 641, 642, 643, 644, 645, 646, 647, 648, 649, 650, 651, 652, 653, 654, 655, 656, 657, 658, 659, 660, 661, 662, 663, 664, 665, 666, 667, 668, 669, 670, 671, 672, 673, 674, 675, 676, 677, 678, 679, 680, 681, 682, 683, 684, 685, 686, 687, 688, 689, 690, 691, 692, 693, 694, 695, 696, 697, 698, 699, 700, 701, 702, 703, 704, 705, 706, 707, 708, 709, 710, 711, 712, 713, 714, 715, 716, 717, 718, 719, 720, 721, 722, 723, 724, 725, 726, 727, 728, 729, 730, 731, 732, 733, 734, 735, 736, 737, 738, 739, 740, 741, 742, 743, 744, 745, 746, 747, 748, 749, 750, 751, 752, 753, 754, 755, 756, 757, 758, 759, 760, 761, 762, 763, 764, 765, 766, 767, 768, 769, 770, 771, 772, 773, 774, 775, 776, 777, 778, 779, 780, 781, 782, 783, 784, 785, 786, 787, 788, 789, 790, 791, 792, 793]","[0, 5, 7, 10, 14, 19, 20, 22, 24, 32, 33, 34, 37, 38, 40, 44, 46, 48, 49, 51, 56, 61, 63, 65, 67, 68, 73, 74, 75, 76, 79, 81, 82, 83, 85, 87, 88, 92, 93, 95, 96, 99, 100, 101, 115, 116, 124, 134, 142, 161, 167, 169, 170, 186, 202, 240, 244, 254, 260, 267, 277, 300, 303, 307, 310, 322, 331, 376, 485, 491, 493, 495, 499, 503, 504, 506, 508, 515, 518, 519, 521, 524, 526, 528, 533, 537, 539, 542, 543, 547, 548, 549, 550, 551, 553, 554, 556, 558, 559, 563, 564, 566, 567, 570, 571, 572, 586, 587, 595, 605, 613, 633, 639, 640, 641, 657, 672, 704, 717, 726, 736, 759, 761, 765, 768, 780, 788, 792, 826]","[98, 476, 481, 569, 924, 925]",[],"[0, 5, 7, 10, 14, 19, 20, 22, 24, 32, 33, 34, 37, 38, 40, 44, 46, 48, 49, 51, 56, 61, 63, 65, 67, 68, 73, 74, 75, 76, 79, 81, 82, 83, 85, 87, 88, 92, 93, 95, 96, 98, 99, 100, 101, 103, 104, 105, 106, 107, 108, 109, 110, 111, 112, 113, 114, 115, 116, 117, 118, 119, 120, 121, 122, 123, 124, 125, 126, 127, 128, 129, 130, 131, 132, 133, 134, 135, 136, 137, 138, 139, 140, 141, 142, 143, 144, 145, 146, 147, 148, 149, 150, 151, 152, 153, 154, 155, 156, 157, 158, 159, 160, 161, 162, 163, 164, 165, 166, 167, 168, 169, 170, 171, 172, 173, 174, 175, 176, 177, 178, 179, 180, 181, 182, 183, 184, 185, 186, 187, 188, 189, 190, 191, 192, 193, 194, 195, 196, 197, 198, 199, 200, 201, 202, 203, 204, 205, 206, 207, 208, 209, 210, 211, 212, 213, 214, 215, 216, 217, 218, 219, 220, 221, 222, 223, 224, 225, 226, 227, 228, 229, 230, 231, 232, 233, 234, 235, 236, 237, 238, 239, 240, 241, 242, 243, 244, 245, 246, 247, 248, 249, 250, 251, 252, 253, 254, 255, 256, 257, 258, 259, 260, 261, 262, 263, 264, 265, 266, 267, 268, 269, 270, 271, 272, 273, 274, 275, 276, 277, 278, 279, 280, 281, 282, 283, 284, 285, 286, 287, 288, 289, 290, 291, 292, 293, 294, 295, 296, 297, 298, 299, 300, 301, 302, 303, 304, 305, 306, 307, 308, 309, 310, 311, 312, 313, 314, 315, 316, 317, 318, 319, 320, 321, 322, 323, 324, 325, 326, 327, 328, 329, 330, 331, 332, 333, 334, 335, 336, 337, 376, 476, 481, 485, 491, 493, 495, 499, 503, 504, 506, 508, 515, 518, 519, 521, 524, 526, 528, 533, 537, 539, 542, 543, 547, 548, 549, 550, 551, 553, 554, 556, 558, 559, 563, 564, 566, 567, 569, 570, 571, 572, 574, 575, 576, 577, 578, 579, 580, 581, 582, 583, 584, 585, 586, 587, 588, 589, 590, 591, 592, 593, 594, 595, 596, 597, 598, 599, 600, 601, 602, 603, 604, 605, 606, 607, 608, 609, 610, 611, 612, 613, 614, 615, 616, 617, 618, 619, 620, 621, 622, 623, 624, 625, 626, 627, 628, 629, 630, 631, 632, 633, 634, 635, 636, 637, 638, 639, 640, 641, 642, 643, 644, 645, 646, 647, 648, 649, 650, 651, 652, 653, 654, 655, 656, 657, 658, 659, 660, 661, 662, 663, 664, 665, 666, 667, 668, 669, 670, 671, 672, 673, 674, 675, 676, 677, 678, 679, 680, 681, 682, 683, 684, 685, 686, 687, 688, 689, 690, 691, 692, 693, 694, 695, 696, 697, 698, 699, 700, 701, 702, 703, 704, 705, 706, 707, 708, 709, 710, 711, 712, 713, 714, 715, 716, 717, 718, 719, 720, 721, 722, 723, 724, 725, 726, 727, 728, 729, 730, 731, 732, 733, 734, 735, 736, 737, 738, 739, 740, 741, 742, 743, 744, 745, 746, 747, 748, 749, 750, 751, 752, 753, 754, 755, 756, 757, 758, 759, 760, 761, 762, 763, 764, 765, 766, 767, 768, 769, 770, 771, 772, 773, 774, 775, 776, 777, 778, 779, 780, 781, 782, 783, 784, 785, 786, 787, 788, 789, 790, 791, 792, 793, 826, 924, 925]",True,[],"[103, 104, 105, 106, 107, 108, 109, 110, 111, 112, 113, 114, 115, 116, 117, 118, 119, 120, 121, 122, 123, 124, 125, 126, 127, 128, 129, 130, 131, 132, 133, 134, 135, 136, 137, 138, 139, 140, 141, 142, 143, 144, 145, 146, 147, 148, 149, 150, 151, 152, 153, 154, 155, 156, 157, 158, 159, 160, 161, 162, 163, 164, 165, 166, 167, 168, 169, 170, 171, 172, 173, 174, 175, 176, 177, 178, 179, 180, 181, 182, 183, 184, 185, 186, 187, 188, 189, 190, 191, 192, 193, 194, 195, 196, 197, 198, 199, 200, 201, 202, 203, 204, 205, 206, 207, 208, 209, 210, 211, 212, 213, 214, 215, 216, 217, 218, 219, 220, 221, 222, 223, 224, 225, 226, 227, 228, 229, 230, 231, 232, 233, 234, 235, 236, 237, 238, 239, 240, 241, 242, 243, 244, 245, 246, 247, 248, 249, 250, 251, 252, 253, 254, 255, 256, 257, 258, 259, 260, 261, 262, 263, 264, 265, 266, 267, 268, 269, 270, 271, 272, 273, 274, 275, 276, 277, 278, 279, 280, 281, 282, 283, 284, 285, 286, 287, 288, 289, 290, 291, 292, 293, 294, 295, 296, 297, 298, 299, 300, 301, 302, 303, 304, 305, 306, 307, 308, 309, 310, 311, 312, 313, 314, 315, 316, 317, 318, 319, 320, 321, 322, 323, 324, 325, 326, 327, 328, 329, 330, 331, 332, 333, 334, 335, 336, 337, 574, 575, 576, 577, 578, 579, 580, 581, 582, 583, 584, 585, 586, 587, 588, 589, 590, 591, 592, 593, 594, 595, 596, 597, 598, 599, 600, 601, 602, 603, 604, 605, 606, 607, 608, 609, 610, 611, 612, 613, 614, 615, 616, 617, 618, 619, 620, 621, 622, 623, 624, 625, 626, 627, 628, 629, 630, 631, 632, 633, 634, 635, 636, 637, 638, 639, 640, 641, 642, 643, 644, 645, 646, 647, 648, 649, 650, 651, 652, 653, 654, 655, 656, 657, 658, 659, 660, 661, 662, 663, 664, 665, 666, 667, 668, 669, 670, 671, 672, 673, 674, 675, 676, 677, 678, 679, 680, 681, 682, 683, 684, 685, 686, 687, 688, 689, 690, 691, 692, 693, 694, 695, 696, 697, 698, 699, 700, 701, 702, 703, 704, 705, 706, 707, 708, 709, 710, 711, 712, 713, 714, 715, 716, 717, 718, 719, 720, 721, 722, 723, 724, 725, 726, 727, 728, 729, 730, 731, 732, 733, 734, 735, 736, 737, 738, 739, 740, 741, 742, 743, 744, 745, 746, 747, 748, 749, 750, 751, 752, 753, 754, 755, 756, 757, 758, 759, 760, 761, 762, 763, 764, 765, 766, 767, 768, 769, 770, 771, 772, 773, 774, 775, 776, 777, 778, 779, 780, 781, 782, 783, 784, 785, 786, 787, 788, 789, 790, 791, 792, 793]","[240, 310, 704, 768]","[240, 310, 321, 704, 768, 779]","[0, 5, 7, 10, 14, 19, 20, 22, 24, 32, 33, 34, 37, 38, 40, 44, 46, 48, 49, 51, 56, 61, 63, 65, 67, 68, 73, 74, 75, 76, 79, 81, 82, 83, 85, 87, 88, 92, 93, 95, 96, 99, 100, 101, 115, 116, 124, 134, 142, 161, 167, 169, 170, 186, 202, 240, 244, 254, 260, 267, 277, 300, 303, 307, 310, 322, 331, 376, 485, 491, 493, 495, 499, 503, 504, 506, 508, 515, 518, 519, 521, 524, 526, 528, 533, 537, 539, 542, 543, 547, 548, 549, 550, 551, 553, 554, 556, 558, 559, 563, 564, 566, 567, 570, 571, 572, 586, 587, 595, 605, 613, 633, 639, 640, 641, 657, 672, 704, 717, 726, 736, 759, 761, 765, 768, 780, 788, 792, 826]",[],"[98, 476, 481, 569, 924, 925]",6/6 successful match,True,"[25, 26, 27]",True,261,False,,1.0,True,TravelCenters of America / Ontario E,TravelCenters
"Ontario , 91762 TA Ontario East",6 909-390-7800 I-10 Exit 57 ( Milliken Ave ) TA,He 24 XL,Ontario,91762,TA Ontario East,909-390-7800,2008,Ontario,CA,,( Milliken Ave ) TA,I-10 Exit 57 ,Exit,57,False,,False,I-10,,,,,"[240, 704]",[],"[240, 310, 704, 768]","[240, 310, 321, 704, 768, 779]","[103, 104, 105, 106, 107, 108, 109, 110, 111, 112, 113, 114, 115, 116, 117, 118, 119, 120, 121, 122, 123, 124, 125, 126, 127, 128, 129, 130, 131, 132, 133, 134, 135, 136, 137, 138, 139, 140, 141, 142, 143, 144, 145, 146, 147, 148, 149, 150, 151, 152, 153, 154, 155, 156, 157, 158, 159, 160, 161, 162, 163, 164, 165, 166, 167, 168, 169, 170, 171, 172, 173, 174, 175, 176, 177, 178, 179, 180, 181, 182, 183, 184, 185, 186, 187, 188, 189, 190, 191, 192, 193, 194, 195, 196, 197, 198, 199, 200, 201, 202, 203, 204, 205, 206, 207, 208, 209, 210, 211, 212, 213, 214, 215, 216, 217, 218, 219, 220, 221, 222, 223, 224, 225, 226, 227, 228, 229, 230, 231, 232, 233, 234, 235, 236, 237, 238, 239, 240, 241, 242, 243, 244, 245, 246, 247, 248, 249, 250, 251, 252, 253, 254, 255, 256, 257, 258, 259, 260, 261, 262, 263, 264, 265, 266, 267, 268, 269, 270, 271, 272, 273, 274, 275, 276, 277, 278, 279, 280, 281, 282, 283, 284, 285, 286, 287, 288, 289, 290, 291, 292, 293, 294, 295, 296, 297, 298, 299, 300, 301, 302, 303, 304, 305, 306, 307, 308, 309, 310, 311, 312, 313, 314, 315, 316, 317, 318, 319, 320, 321, 322, 323, 324, 325, 326, 327, 328, 329, 330, 331, 332, 333, 334, 335, 336, 337, 574, 575, 576, 577, 578, 579, 580, 581, 582, 583, 584, 585, 586, 587, 588, 589, 590, 591, 592, 593, 594, 595, 596, 597, 598, 599, 600, 601, 602, 603, 604, 605, 606, 607, 608, 609, 610, 611, 612, 613, 614, 615, 616, 617, 618, 619, 620, 621, 622, 623, 624, 625, 626, 627, 628, 629, 630, 631, 632, 633, 634, 635, 636, 637, 638, 639, 640, 641, 642, 643, 644, 645, 646, 647, 648, 649, 650, 651, 652, 653, 654, 655, 656, 657, 658, 659, 660, 661, 662, 663, 664, 665, 666, 667, 668, 669, 670, 671, 672, 673, 674, 675, 676, 677, 678, 679, 680, 681, 682, 683, 684, 685, 686, 687, 688, 689, 690, 691, 692, 693, 694, 695, 696, 697, 698, 699, 700, 701, 702, 703, 704, 705, 706, 707, 708, 709, 710, 711, 712, 713, 714, 715, 716, 717, 718, 719, 720, 721, 722, 723, 724, 725, 726, 727, 728, 729, 730, 731, 732, 733, 734, 735, 736, 737, 738, 739, 740, 741, 742, 743, 744, 745, 746, 747, 748, 749, 750, 751, 752, 753, 754, 755, 756, 757, 758, 759, 760, 761, 762, 763, 764, 765, 766, 767, 768, 769, 770, 771, 772, 773, 774, 775, 776, 777, 778, 779, 780, 781, 782, 783, 784, 785, 786, 787, 788, 789, 790, 791, 792, 793]","[0, 5, 7, 10, 14, 19, 20, 22, 24, 32, 33, 34, 37, 38, 40, 44, 46, 48, 49, 51, 56, 61, 63, 65, 67, 68, 73, 74, 75, 76, 79, 81, 82, 83, 85, 87, 88, 92, 93, 95, 96, 99, 100, 101, 115, 116, 124, 134, 142, 161, 167, 169, 170, 186, 202, 240, 244, 254, 260, 267, 277, 300, 303, 307, 310, 322, 331, 376, 485, 491, 493, 495, 499, 503, 504, 506, 508, 515, 518, 519, 521, 524, 526, 528, 533, 537, 539, 542, 543, 547, 548, 549, 550, 551, 553, 554, 556, 558, 559, 563, 564, 566, 567, 570, 571, 572, 586, 587, 595, 605, 613, 633, 639, 640, 641, 657, 672, 704, 717, 726, 736, 759, 761, 765, 768, 780, 788, 792, 826]",[],"[301, 476, 924, 925]","[0, 5, 7, 10, 14, 19, 20, 22, 24, 32, 33, 34, 37, 38, 40, 44, 46, 48, 49, 51, 56, 61, 63, 65, 67, 68, 73, 74, 75, 76, 79, 81, 82, 83, 85, 87, 88, 92, 93, 95, 96, 99, 100, 101, 103, 104, 105, 106, 107, 108, 109, 110, 111, 112, 113, 114, 115, 116, 117, 118, 119, 120, 121, 122, 123, 124, 125, 126, 127, 128, 129, 130, 131, 132, 133, 134, 135, 136, 137, 138, 139, 140, 141, 142, 143, 144, 145, 146, 147, 148, 149, 150, 151, 152, 153, 154, 155, 156, 157, 158, 159, 160, 161, 162, 163, 164, 165, 166, 167, 168, 169, 170, 171, 172, 173, 174, 175, 176, 177, 178, 179, 180, 181, 182, 183, 184, 185, 186, 187, 188, 189, 190, 191, 192, 193, 194, 195, 196, 197, 198, 199, 200, 201, 202, 203, 204, 205, 206, 207, 208, 209, 210, 211, 212, 213, 214, 215, 216, 217, 218, 219, 220, 221, 222, 223, 224, 225, 226, 227, 228, 229, 230, 231, 232, 233, 234, 235, 236, 237, 238, 239, 240, 241, 242, 243, 244, 245, 246, 247, 248, 249, 250, 251, 252, 253, 254, 255, 256, 257, 258, 259, 260, 261, 262, 263, 264, 265, 266, 267, 268, 269, 270, 271, 272, 273, 274, 275, 276, 277, 278, 279, 280, 281, 282, 283, 284, 285, 286, 287, 288, 289, 290, 291, 292, 293, 294, 295, 296, 297, 298, 299, 300, 301, 302, 303, 304, 305, 306, 307, 308, 309, 310, 311, 312, 313, 314, 315, 316, 317, 318, 319, 320, 321, 322, 323, 324, 325, 326, 327, 328, 329, 330, 331, 332, 333, 334, 335, 336, 337, 376, 476, 485, 491, 493, 495, 499, 503, 504, 506, 508, 515, 518, 519, 521, 524, 526, 528, 533, 537, 539, 542, 543, 547, 548, 549, 550, 551, 553, 554, 556, 558, 559, 563, 564, 566, 567, 570, 571, 572, 574, 575, 576, 577, 578, 579, 580, 581, 582, 583, 584, 585, 586, 587, 588, 589, 590, 591, 592, 593, 594, 595, 596, 597, 598, 599, 600, 601, 602, 603, 604, 605, 606, 607, 608, 609, 610, 611, 612, 613, 614, 615, 616, 617, 618, 619, 620, 621, 622, 623, 624, 625, 626, 627, 628, 629, 630, 631, 632, 633, 634, 635, 636, 637, 638, 639, 640, 641, 642, 643, 644, 645, 646, 647, 648, 649, 650, 651, 652, 653, 654, 655, 656, 657, 658, 659, 660, 661, 662, 663, 664, 665, 666, 667, 668, 669, 670, 671, 672, 673, 674, 675, 676, 677, 678, 679, 680, 681, 682, 683, 684, 685, 686, 687, 688, 689, 690, 691, 692, 693, 694, 695, 696, 697, 698, 699, 700, 701, 702, 703, 704, 705, 706, 707, 708, 709, 710, 711, 712, 713, 714, 715, 716, 717, 718, 719, 720, 721, 722, 723, 724, 725, 726, 727, 728, 729, 730, 731, 732, 733, 734, 735, 736, 737, 738, 739, 740, 741, 742, 743, 744, 745, 746, 747, 748, 749, 750, 751, 752, 753, 754, 755, 756, 757, 758, 759, 760, 761, 762, 763, 764, 765, 766, 767, 768, 769, 770, 771, 772, 773, 774, 775, 776, 777, 778, 779, 780, 781, 782, 783, 784, 785, 786, 787, 788, 789, 790, 791, 792, 793, 826, 924, 925]",True,[],"[103, 104, 105, 106, 107, 108, 109, 110, 111, 112, 113, 114, 115, 116, 117, 118, 119, 120, 121, 122, 123, 124, 125, 126, 127, 128, 129, 130, 131, 132, 133, 134, 135, 136, 137, 138, 139, 140, 141, 142, 143, 144, 145, 146, 147, 148, 149, 150, 151, 152, 153, 154, 155, 156, 157, 158, 159, 160, 161, 162, 163, 164, 165, 166, 167, 168, 169, 170, 171, 172, 173, 174, 175, 176, 177, 178, 179, 180, 181, 182, 183, 184, 185, 186, 187, 188, 189, 190, 191, 192, 193, 194, 195, 196, 197, 198, 199, 200, 201, 202, 203, 204, 205, 206, 207, 208, 209, 210, 211, 212, 213, 214, 215, 216, 217, 218, 219, 220, 221, 222, 223, 224, 225, 226, 227, 228, 229, 230, 231, 232, 233, 234, 235, 236, 237, 238, 239, 240, 241, 242, 243, 244, 245, 246, 247, 248, 249, 250, 251, 252, 253, 254, 255, 256, 257, 258, 259, 260, 261, 262, 263, 264, 265, 266, 267, 268, 269, 270, 271, 272, 273, 274, 275, 276, 277, 278, 279, 280, 281, 282, 283, 284, 285, 286, 287, 288, 289, 290, 291, 292, 293, 294, 295, 296, 297, 298, 299, 300, 301, 302, 303, 304, 305, 306, 307, 308, 309, 310, 311, 312, 313, 314, 315, 316, 317, 318, 319, 320, 321, 322, 323, 324, 325, 326, 327, 328, 329, 330, 331, 332, 333, 334, 335, 336, 337, 574, 575, 576, 577, 578, 579, 580, 581, 582, 583, 584, 585, 586, 587, 588, 589, 590, 591, 592, 593, 594, 595, 596, 597, 598, 599, 600, 601, 602, 603, 604, 605, 606, 607, 608, 609, 610, 611, 612, 613, 614, 615, 616, 617, 618, 619, 620, 621, 622, 623, 624, 625, 626, 627, 628, 629, 630, 631, 632, 633, 634, 635, 636, 637, 638, 639, 640, 641, 642, 643, 644, 645, 646, 647, 648, 649, 650, 651, 652, 653, 654, 655, 656, 657, 658, 659, 660, 661, 662, 663, 664, 665, 666, 667, 668, 669, 670, 671, 672, 673, 674, 675, 676, 677, 678, 679, 680, 681, 682, 683, 684, 685, 686, 687, 688, 689, 690, 691, 692, 693, 694, 695, 696, 697, 698, 699, 700, 701, 702, 703, 704, 705, 706, 707, 708, 709, 710, 711, 712, 713, 714, 715, 716, 717, 718, 719, 720, 721, 722, 723, 724, 725, 726, 727, 728, 729, 730, 731, 732, 733, 734, 735, 736, 737, 738, 739, 740, 741, 742, 743, 744, 745, 746, 747, 748, 749, 750, 751, 752, 753, 754, 755, 756, 757, 758, 759, 760, 761, 762, 763, 764, 765, 766, 767, 768, 769, 770, 771, 772, 773, 774, 775, 776, 777, 778, 779, 780, 781, 782, 783, 784, 785, 786, 787, 788, 789, 790, 791, 792, 793]","[240, 310, 704, 768]","[240, 310, 321, 704, 768, 779]","[0, 5, 7, 10, 14, 19, 20, 22, 24, 32, 33, 34, 37, 38, 40, 44, 46, 48, 49, 51, 56, 61, 63, 65, 67, 68, 73, 74, 75, 76, 79, 81, 82, 83, 85, 87, 88, 92, 93, 95, 96, 99, 100, 101, 115, 116, 124, 134, 142, 161, 167, 169, 170, 186, 202, 240, 244, 254, 260, 267, 277, 300, 303, 307, 310, 322, 331, 376, 485, 491, 493, 495, 499, 503, 504, 506, 508, 515, 518, 519, 521, 524, 526, 528, 533, 537, 539, 542, 543, 547, 548, 549, 550, 551, 553, 554, 556, 558, 559, 563, 564, 566, 567, 570, 571, 572, 586, 587, 595, 605, 613, 633, 639, 640, 641, 657, 672, 704, 717, 726, 736, 759, 761, 765, 768, 780, 788, 792, 826]","[301, 476, 924, 925]",[],5/6 successful match,True,"[25, 26, 27]",True,261,False,,0.4263157894736842,True,TravelCenters of America Ave ) / Ontario E,TravelCenters
Ontario ( 91762 ) Petro Ontario # 026,6 909-390-7800 I-10 Exit 57 ( Milliken Ave ) PETRO,PETRO 24 <U+25A1> XL 24,Ontario,91762,Petro Ontario # 026,909-390-7800,2014,Ontario,CA,,( Milliken Ave ) PETRO,I-10 Exit 57 ,Exit,57,False,,False,I-10,,,,,"[240, 704]",[],"[240, 310, 704, 768]","[240, 310, 321, 704, 768, 779]","[103, 104, 105, 106, 107, 108, 109, 110, 111, 112, 113, 114, 115, 116, 117, 118, 119, 120, 121, 122, 123, 124, 125, 126, 127, 128, 129, 130, 131, 132, 133, 134, 135, 136, 137, 138, 139, 140, 141, 142, 143, 144, 145, 146, 147, 148, 149, 150, 151, 152, 153, 154, 155, 156, 157, 158, 159, 160, 161, 162, 163, 164, 165, 166, 167, 168, 169, 170, 171, 172, 173, 174, 175, 176, 177, 178, 179, 180, 181, 182, 183, 184, 185, 186, 187, 188, 189, 190, 191, 192, 193, 194, 195, 196, 197, 198, 199, 200, 201, 202, 203, 204, 205, 206, 207, 208, 209, 210, 211, 212, 213, 214, 215, 216, 217, 218, 219, 220, 221, 222, 223, 224, 225, 226, 227, 228, 229, 230, 231, 232, 233, 234, 235, 236, 237, 238, 239, 240, 241, 242, 243, 244, 245, 246, 247, 248, 249, 250, 251, 252, 253, 254, 255, 256, 257, 258, 259, 260, 261, 262, 263, 264, 265, 266, 267, 268, 269, 270, 271, 272, 273, 274, 275, 276, 277, 278, 279, 280, 281, 282, 283, 284, 285, 286, 287, 288, 289, 290, 291, 292, 293, 294, 295, 296, 297, 298, 299, 300, 301, 302, 303, 304, 305, 306, 307, 308, 309, 310, 311, 312, 313, 314, 315, 316, 317, 318, 319, 320, 321, 322, 323, 324, 325, 326, 327, 328, 329, 330, 331, 332, 333, 334, 335, 336, 337, 574, 575, 576, 577, 578, 579, 580, 581, 582, 583, 584, 585, 586, 587, 588, 589, 590, 591, 592, 593, 594, 595, 596, 597, 598, 599, 600, 601, 602, 603, 604, 605, 606, 607, 608, 609, 610, 611, 612, 613, 614, 615, 616, 617, 618, 619, 620, 621, 622, 623, 624, 625, 626, 627, 628, 629, 630, 631, 632, 633, 634, 635, 636, 637, 638, 639, 640, 641, 642, 643, 644, 645, 646, 647, 648, 649, 650, 651, 652, 653, 654, 655, 656, 657, 658, 659, 660, 661, 662, 663, 664, 665, 666, 667, 668, 669, 670, 671, 672, 673, 674, 675, 676, 677, 678, 679, 680, 681, 682, 683, 684, 685, 686, 687, 688, 689, 690, 691, 692, 693, 694, 695, 696, 697, 698, 699, 700, 701, 702, 703, 704, 705, 706, 707, 708, 709, 710, 711, 712, 713, 714, 715, 716, 717, 718, 719, 720, 721, 722, 723, 724, 725, 726, 727, 728, 729, 730, 731, 732, 733, 734, 735, 736, 737, 738, 739, 740, 741, 742, 743, 744, 745, 746, 747, 748, 749, 750, 751, 752, 753, 754, 755, 756, 757, 758, 759, 760, 761, 762, 763, 764, 765, 766, 767, 768, 769, 770, 771, 772, 773, 774, 775, 776, 777, 778, 779, 780, 781, 782, 783, 784, 785, 786, 787, 788, 789, 790, 791, 792, 793]","[0, 5, 7, 10, 14, 19, 20, 22, 24, 32, 33, 34, 37, 38, 40, 44, 46, 48, 49, 51, 56, 61, 63, 65, 67, 68, 73, 74, 75, 76, 79, 81, 82, 83, 85, 87, 88, 92, 93, 95, 96, 99, 100, 101, 115, 116, 124, 134, 142, 161, 167, 169, 170, 186, 202, 240, 244, 254, 260, 267, 277, 300, 303, 307, 310, 322, 331, 376, 485, 491, 493, 495, 499, 503, 504, 506, 508, 515, 518, 519, 521, 524, 526, 528, 533, 537, 539, 542, 543, 547, 548, 549, 550, 551, 553, 554, 556, 558, 559, 563, 564, 566, 567, 570, 571, 572, 586, 587, 595, 605, 613, 633, 639, 640, 641, 657, 672, 704, 717, 726, 736, 759, 761, 765, 768, 780, 788, 792, 826]",[],"[63, 64, 240, 241, 242, 243, 370, 371, 372, 537, 538, 704, 705, 706, 707, 820, 821, 822]","[0, 5, 7, 10, 14, 19, 20, 22, 24, 32, 33, 34, 37, 38, 40, 44, 46, 48, 49, 51, 56, 61, 63, 64, 65, 67, 68, 73, 74, 75, 76, 79, 81, 82, 83, 85, 87, 88, 92, 93, 95, 96, 99, 100, 101, 103, 104, 105, 106, 107, 108, 109, 110, 111, 112, 113, 114, 115, 116, 117, 118, 119, 120, 121, 122, 123, 124, 125, 126, 127, 128, 129, 130, 131, 132, 133, 134, 135, 136, 137, 138, 139, 140, 141, 142, 143, 144, 145, 146, 147, 148, 149, 150, 151, 152, 153, 154, 155, 156, 157, 158, 159, 160, 161, 162, 163, 164, 165, 166, 167, 168, 169, 170, 171, 172, 173, 174, 175, 176, 177, 178, 179, 180, 181, 182, 183, 184, 185, 186, 187, 188, 189, 190, 191, 192, 193, 194, 195, 196, 197, 198, 199, 200, 201, 202, 203, 204, 205, 206, 207, 208, 209, 210, 211, 212, 213, 214, 215, 216, 217, 218, 219, 220, 221, 222, 223, 224, 225, 226, 227, 228, 229, 230, 231, 232, 233, 234, 235, 236, 237, 238, 239, 240, 241, 242, 243, 244, 245, 246, 247, 248, 249, 250, 251, 252, 253, 254, 255, 256, 257, 258, 259, 260, 261, 262, 263, 264, 265, 266, 267, 268, 269, 270, 271, 272, 273, 274, 275, 276, 277, 278, 279, 280, 281, 282, 283, 284, 285, 286, 287, 288, 289, 290, 291, 292, 293, 294, 295, 296, 297, 298, 299, 300, 301, 302, 303, 304, 305, 306, 307, 308, 309, 310, 311, 312, 313, 314, 315, 316, 317, 318, 319, 320, 321, 322, 323, 324, 325, 326, 327, 328, 329, 330, 331, 332, 333, 334, 335, 336, 337, 370, 371, 372, 376, 485, 491, 493, 495, 499, 503, 504, 506, 508, 515, 518, 519, 521, 524, 526, 528, 533, 537, 538, 539, 542, 543, 547, 548, 549, 550, 551, 553, 554, 556, 558, 559, 563, 564, 566, 567, 570, 571, 572, 574, 575, 576, 577, 578, 579, 580, 581, 582, 583, 584, 585, 586, 587, 588, 589, 590, 591, 592, 593, 594, 595, 596, 597, 598, 599, 600, 601, 602, 603, 604, 605, 606, 607, 608, 609, 610, 611, 612, 613, 614, 615, 616, 617, 618, 619, 620, 621, 622, 623, 624, 625, 626, 627, 628, 629, 630, 631, 632, 633, 634, 635, 636, 637, 638, 639, 640, 641, 642, 643, 644, 645, 646, 647, 648, 649, 650, 651, 652, 653, 654, 655, 656, 657, 658, 659, 660, 661, 662, 663, 664, 665, 666, 667, 668, 669, 670, 671, 672, 673, 674, 675, 676, 677, 678, 679, 680, 681, 682, 683, 684, 685, 686, 687, 688, 689, 690, 691, 692, 693, 694, 695, 696, 697, 698, 699, 700, 701, 702, 703, 704, 705, 706, 707, 708, 709, 710, 711, 712, 713, 714, 715, 716, 717, 718, 719, 720, 721, 722, 723, 724, 725, 726, 727, 728, 729, 730, 731, 732, 733, 734, 735, 736, 737, 738, 739, 740, 741, 742, 743, 744, 745, 746, 747, 748, 749, 750, 751, 752, 753, 754, 755, 756, 757, 758, 759, 760, 761, 762, 763, 764, 765, 766, 767, 768, 769, 770, 771, 772, 773, 774, 775, 776, 777, 778, 779, 780, 781, 782, 783, 784, 785, 786, 787, 788, 789, 790, 791, 792, 793, 820, 821, 822, 826]",True,[],"[103, 104, 105, 106, 107, 108, 109, 110, 111, 112, 113, 114, 115, 116, 117, 118, 119, 120, 121, 122, 123, 124, 125, 126, 127, 128, 129, 130, 131, 132, 133, 134, 135, 136, 137, 138, 139, 140, 141, 142, 143, 144, 145, 146, 147, 148, 149, 150, 151, 152, 153, 154, 155, 156, 157, 158, 159, 160, 161, 162, 163, 164, 165, 166, 167, 168, 169, 170, 171, 172, 173, 174, 175, 176, 177, 178, 179, 180, 181, 182, 183, 184, 185, 186, 187, 188, 189, 190, 191, 192, 193, 194, 195, 196, 197, 198, 199, 200, 201, 202, 203, 204, 205, 206, 207, 208, 209, 210, 211, 212, 213, 214, 215, 216, 217, 218, 219, 220, 221, 222, 223, 224, 225, 226, 227, 228, 229, 230, 231, 232, 233, 234, 235, 236, 237, 238, 239, 240, 241, 242, 243, 244, 245, 246, 247, 248, 249, 250, 251, 252, 253, 254, 255, 256, 257, 258, 259, 260, 261, 262, 263, 264, 265, 266, 267, 268, 269, 270, 271, 272, 273, 274, 275, 276, 277, 278, 279, 280, 281, 282, 283, 284, 285, 286, 287, 288, 289, 290, 291, 292, 293, 294, 295, 296, 297, 298, 299, 300, 301, 302, 303, 304, 305, 306, 307, 308, 309, 310, 311, 312, 313, 314, 315, 316, 317, 318, 319, 320, 321, 322, 323, 324, 325, 326, 327, 328, 329, 330, 331, 332, 333, 334, 335, 336, 337, 574, 575, 576, 577, 578, 579, 580, 581, 582, 583, 584, 585, 586, 587, 588, 589, 590, 591, 592, 593, 594, 595, 596, 597, 598, 599, 600, 601, 602, 603, 604, 605, 606, 607, 608, 609, 610, 611, 612, 613, 614, 615, 616, 617, 618, 619, 620, 621, 622, 623, 624, 625, 626, 627, 628, 629, 630, 631, 632, 633, 634, 635, 636, 637, 638, 639, 640, 641, 642, 643, 644, 645, 646, 647, 648, 649, 650, 651, 652, 653, 654, 655, 656, 657, 658, 659, 660, 661, 662, 663, 664, 665, 666, 667, 668, 669, 670, 671, 672, 673, 674, 675, 676, 677, 678, 679, 680, 681, 682, 683, 684, 685, 686, 687, 688, 689, 690, 691, 692, 693, 694, 695, 696, 697, 698, 699, 700, 701, 702, 703, 704, 705, 706, 707, 708, 709, 710, 711, 712, 713, 714, 715, 716, 717, 718, 719, 720, 721, 722, 723, 724, 725, 726, 727, 728, 729, 730, 731, 732, 733, 734, 735, 736, 737, 738, 739, 740, 741, 742, 743, 744, 745, 746, 747, 748, 749, 750, 751, 752, 753, 754, 755, 756, 757, 758, 759, 760, 761, 762, 763, 764, 765, 766, 767, 768, 769, 770, 771, 772, 773, 774, 775, 776, 777, 778, 779, 780, 781, 782, 783, 784, 785, 786, 787, 788, 789, 790, 791, 792, 793]","[240, 310, 704, 768]","[240, 310, 321, 704, 768, 779]","[0, 5, 7, 10, 14, 19, 20, 22, 24, 32, 33, 34, 37, 38, 40, 44, 46, 48, 49, 51, 56, 61, 63, 65, 67, 68, 73, 74, 75, 76, 79, 81, 82, 83, 85, 87, 88, 92, 93, 95, 96, 99, 100, 101, 115, 116, 124, 134, 142, 161, 167, 169, 170, 186, 202, 240, 244, 254, 260, 267, 277, 300, 303, 307, 310, 322, 331, 376, 485, 491, 493, 495, 499, 503, 504, 506, 508, 515, 518, 519, 521, 524, 526, 528, 533, 537, 539, 542, 543, 547, 548, 549, 550, 551, 553, 554, 556, 558, 559, 563, 564, 566, 567, 570, 571, 572, 586, 587, 595, 605, 613, 633, 639, 640, 641, 657, 672, 704, 717, 726, 736, 759, 761, 765, 768, 780, 788, 792, 826]","[63, 64, 240, 241, 242, 243, 370, 371, 372, 537, 538, 704, 705, 706, 707, 820, 821, 822]",[],7/6 successful match,True,"[25, 26, 27]",True,261,False,,0.47647058823529415,True,TA Ontario East,
"Ontario ( 91762 ) Petro Ontario # 026 N , San Leandro S )",909-390-7800 I-10 Exit 57 ( Milliken PETRO,PETRO D XL 24 24,Ontario,91762,"Petro Ontario # 026 N , San Leandro S )",909-390-7800,2015,Ontario,CA,,( Milliken PETRO,I-10 Exit 57 ,Exit,57,False,,False,I-10,,,,,"[240, 704]",[],"[240, 310, 704, 768]","[240, 310, 321, 704, 768, 779]","[103, 104, 105, 106, 107, 108, 109, 110, 111, 112, 113, 114, 115, 116, 117, 118, 119, 120, 121, 122, 123, 124, 125, 126, 127, 128, 129, 130, 131, 132, 133, 134, 135, 136, 137, 138, 139, 140, 141, 142, 143, 144, 145, 146, 147, 148, 149, 150, 151, 152, 153, 154, 155, 156, 157, 158, 159, 160, 161, 162, 163, 164, 165, 166, 167, 168, 169, 170, 171, 172, 173, 174, 175, 176, 177, 178, 179, 180, 181, 182, 183, 184, 185, 186, 187, 188, 189, 190, 191, 192, 193, 194, 195, 196, 197, 198, 199, 200, 201, 202, 203, 204, 205, 206, 207, 208, 209, 210, 211, 212, 213, 214, 215, 216, 217, 218, 219, 220, 221, 222, 223, 224, 225, 226, 227, 228, 229, 230, 231, 232, 233, 234, 235, 236, 237, 238, 239, 240, 241, 242, 243, 244, 245, 246, 247, 248, 249, 250, 251, 252, 253, 254, 255, 256, 257, 258, 259, 260, 261, 262, 263, 264, 265, 266, 267, 268, 269, 270, 271, 272, 273, 274, 275, 276, 277, 278, 279, 280, 281, 282, 283, 284, 285, 286, 287, 288, 289, 290, 291, 292, 293, 294, 295, 296, 297, 298, 299, 300, 301, 302, 303, 304, 305, 306, 307, 308, 309, 310, 311, 312, 313, 314, 315, 316, 317, 318, 319, 320, 321, 322, 323, 324, 325, 326, 327, 328, 329, 330, 331, 332, 333, 334, 335, 336, 337, 574, 575, 576, 577, 578, 579, 580, 581, 582, 583, 584, 585, 586, 587, 588, 589, 590, 591, 592, 593, 594, 595, 596, 597, 598, 599, 600, 601, 602, 603, 604, 605, 606, 607, 608, 609, 610, 611, 612, 613, 614, 615, 616, 617, 618, 619, 620, 621, 622, 623, 624, 625, 626, 627, 628, 629, 630, 631, 632, 633, 634, 635, 636, 637, 638, 639, 640, 641, 642, 643, 644, 645, 646, 647, 648, 649, 650, 651, 652, 653, 654, 655, 656, 657, 658, 659, 660, 661, 662, 663, 664, 665, 666, 667, 668, 669, 670, 671, 672, 673, 674, 675, 676, 677, 678, 679, 680, 681, 682, 683, 684, 685, 686, 687, 688, 689, 690, 691, 692, 693, 694, 695, 696, 697, 698, 699, 700, 701, 702, 703, 704, 705, 706, 707, 708, 709, 710, 711, 712, 713, 714, 715, 716, 717, 718, 719, 720, 721, 722, 723, 724, 725, 726, 727, 728, 729, 730, 731, 732, 733, 734, 735, 736, 737, 738, 739, 740, 741, 742, 743, 744, 745, 746, 747, 748, 749, 750, 751, 752, 753, 754, 755, 756, 757, 758, 759, 760, 761, 762, 763, 764, 765, 766, 767, 768, 769, 770, 771, 772, 773, 774, 775, 776, 777, 778, 779, 780, 781, 782, 783, 784, 785, 786, 787, 788, 789, 790, 791, 792, 793]","[0, 5, 7, 10, 14, 19, 20, 22, 24, 32, 33, 34, 37, 38, 40, 44, 46, 48, 49, 51, 56, 61, 63, 65, 67, 68, 73, 74, 75, 76, 79, 81, 82, 83, 85, 87, 88, 92, 93, 95, 96, 99, 100, 101, 115, 116, 124, 134, 142, 161, 167, 169, 170, 186, 202, 240, 244, 254, 260, 267, 277, 300, 303, 307, 310, 322, 331, 376, 485, 491, 493, 495, 499, 503, 504, 506, 508, 515, 518, 519, 521, 524, 526, 528, 533, 537, 539, 542, 543, 547, 548, 549, 550, 551, 553, 554, 556, 558, 559, 563, 564, 566, 567, 570, 571, 572, 586, 587, 595, 605, 613, 633, 639, 640, 641, 657, 672, 704, 717, 726, 736, 759, 761, 765, 768, 780, 788, 792, 826]",[],"[63, 64, 87, 240, 241, 242, 243, 281, 370, 371, 372, 537, 538, 558, 704, 705, 706, 707, 740, 820, 821, 822]","[0, 5, 7, 10, 14, 19, 20, 22, 24, 32, 33, 34, 37, 38, 40, 44, 46, 48, 49, 51, 56, 61, 63, 64, 65, 67, 68, 73, 74, 75, 76, 79, 81, 82, 83, 85, 87, 88, 92, 93, 95, 96, 99, 100, 101, 103, 104, 105, 106, 107, 108, 109, 110, 111, 112, 113, 114, 115, 116, 117, 118, 119, 120, 121, 122, 123, 124, 125, 126, 127, 128, 129, 130, 131, 132, 133, 134, 135, 136, 137, 138, 139, 140, 141, 142, 143, 144, 145, 146, 147, 148, 149, 150, 151, 152, 153, 154, 155, 156, 157, 158, 159, 160, 161, 162, 163, 164, 165, 166, 167, 168, 169, 170, 171, 172, 173, 174, 175, 176, 177, 178, 179, 180, 181, 182, 183, 184, 185, 186, 187, 188, 189, 190, 191, 192, 193, 194, 195, 196, 197, 198, 199, 200, 201, 202, 203, 204, 205, 206, 207, 208, 209, 210, 211, 212, 213, 214, 215, 216, 217, 218, 219, 220, 221, 222, 223, 224, 225, 226, 227, 228, 229, 230, 231, 232, 233, 234, 235, 236, 237, 238, 239, 240, 241, 242, 243, 244, 245, 246, 247, 248, 249, 250, 251, 252, 253, 254, 255, 256, 257, 258, 259, 260, 261, 262, 263, 264, 265, 266, 267, 268, 269, 270, 271, 272, 273, 274, 275, 276, 277, 278, 279, 280, 281, 282, 283, 284, 285, 286, 287, 288, 289, 290, 291, 292, 293, 294, 295, 296, 297, 298, 299, 300, 301, 302, 303, 304, 305, 306, 307, 308, 309, 310, 311, 312, 313, 314, 315, 316, 317, 318, 319, 320, 321, 322, 323, 324, 325, 326, 327, 328, 329, 330, 331, 332, 333, 334, 335, 336, 337, 370, 371, 372, 376, 485, 491, 493, 495, 499, 503, 504, 506, 508, 515, 518, 519, 521, 524, 526, 528, 533, 537, 538, 539, 542, 543, 547, 548, 549, 550, 551, 553, 554, 556, 558, 559, 563, 564, 566, 567, 570, 571, 572, 574, 575, 576, 577, 578, 579, 580, 581, 582, 583, 584, 585, 586, 587, 588, 589, 590, 591, 592, 593, 594, 595, 596, 597, 598, 599, 600, 601, 602, 603, 604, 605, 606, 607, 608, 609, 610, 611, 612, 613, 614, 615, 616, 617, 618, 619, 620, 621, 622, 623, 624, 625, 626, 627, 628, 629, 630, 631, 632, 633, 634, 635, 636, 637, 638, 639, 640, 641, 642, 643, 644, 645, 646, 647, 648, 649, 650, 651, 652, 653, 654, 655, 656, 657, 658, 659, 660, 661, 662, 663, 664, 665, 666, 667, 668, 669, 670, 671, 672, 673, 674, 675, 676, 677, 678, 679, 680, 681, 682, 683, 684, 685, 686, 687, 688, 689, 690, 691, 692, 693, 694, 695, 696, 697, 698, 699, 700, 701, 702, 703, 704, 705, 706, 707, 708, 709, 710, 711, 712, 713, 714, 715, 716, 717, 718, 719, 720, 721, 722, 723, 724, 725, 726, 727, 728, 729, 730, 731, 732, 733, 734, 735, 736, 737, 738, 739, 740, 741, 742, 743, 744, 745, 746, 747, 748, 749, 750, 751, 752, 753, 754, 755, 756, 757, 758, 759, 760, 761, 762, 763, 764, 765, 766, 767, 768, 769, 770, 771, 772, 773, 774, 775, 776, 777, 778, 779, 780, 781, 782, 783, 784, 785, 786, 787, 788, 789, 790, 791, 792, 793, 820, 821, 822, 826]",True,[],"[103, 104, 105, 106, 107, 108, 109, 110, 111, 112, 113, 114, 115, 116, 117, 118, 119, 120, 121, 122, 123, 124, 125, 126, 127, 128, 129, 130, 131, 132, 133, 134, 135, 136, 137, 138, 139, 140, 141, 142, 143, 144, 145, 146, 147, 148, 149, 150, 151, 152, 153, 154, 155, 156, 157, 158, 159, 160, 161, 162, 163, 164, 165, 166, 167, 168, 169, 170, 171, 172, 173, 174, 175, 176, 177, 178, 179, 180, 181, 182, 183, 184, 185, 186, 187, 188, 189, 190, 191, 192, 193, 194, 195, 196, 197, 198, 199, 200, 201, 202, 203, 204, 205, 206, 207, 208, 209, 210, 211, 212, 213, 214, 215, 216, 217, 218, 219, 220, 221, 222, 223, 224, 225, 226, 227, 228, 229, 230, 231, 232, 233, 234, 235, 236, 237, 238, 239, 240, 241, 242, 243, 244, 245, 246, 247, 248, 249, 250, 251, 252, 253, 254, 255, 256, 257, 258, 259, 260, 261, 262, 263, 264, 265, 266, 267, 268, 269, 270, 271, 272, 273, 274, 275, 276, 277, 278, 279, 280, 281, 282, 283, 284, 285, 286, 287, 288, 289, 290, 291, 292, 293, 294, 295, 296, 297, 298, 299, 300, 301, 302, 303, 304, 305, 306, 307, 308, 309, 310, 311, 312, 313, 314, 315, 316, 317, 318, 319, 320, 321, 322, 323, 324, 325, 326, 327, 328, 329, 330, 331, 332, 333, 334, 335, 336, 337, 574, 575, 576, 577, 578, 579, 580, 581, 582, 583, 584, 585, 586, 587, 588, 589, 590, 591, 592, 593, 594, 595, 596, 597, 598, 599, 600, 601, 602, 603, 604, 605, 606, 607, 608, 609, 610, 611, 612, 613, 614, 615, 616, 617, 618, 619, 620, 621, 622, 623, 624, 625, 626, 627, 628, 629, 630, 631, 632, 633, 634, 635, 636, 637, 638, 639, 640, 641, 642, 643, 644, 645, 646, 647, 648, 649, 650, 651, 652, 653, 654, 655, 656, 657, 658, 659, 660, 661, 662, 663, 664, 665, 666, 667, 668, 669, 670, 671, 672, 673, 674, 675, 676, 677, 678, 679, 680, 681, 682, 683, 684, 685, 686, 687, 688, 689, 690, 691, 692, 693, 694, 695, 696, 697, 698, 699, 700, 701, 702, 703, 704, 705, 706, 707, 708, 709, 710, 711, 712, 713, 714, 715, 716, 717, 718, 719, 720, 721, 722, 723, 724, 725, 726, 727, 728, 729, 730, 731, 732, 733, 734, 735, 736, 737, 738, 739, 740, 741, 742, 743, 744, 745, 746, 747, 748, 749, 750, 751, 752, 753, 754, 755, 756, 757, 758, 759, 760, 761, 762, 763, 764, 765, 766, 767, 768, 769, 770, 771, 772, 773, 774, 775, 776, 777, 778, 779, 780, 781, 782, 783, 784, 785, 786, 787, 788, 789, 790, 791, 792, 793]","[240, 310, 704, 768]","[240, 310, 321, 704, 768, 779]","[0, 5, 7, 10, 14, 19, 20, 22, 24, 32, 33, 34, 37, 38, 40, 44, 46, 48, 49, 51, 56, 61, 63, 65, 67, 68, 73, 74, 75, 76, 79, 81, 82, 83, 85, 87, 88, 92, 93, 95, 96, 99, 100, 101, 115, 116, 124, 134, 142, 161, 167, 169, 170, 186, 202, 240, 244, 254, 260, 267, 277, 300, 303, 307, 310, 322, 331, 376, 485, 491, 493, 495, 499, 503, 504, 506, 508, 515, 518, 519, 521, 524, 526, 528, 533, 537, 539, 542, 543, 547, 548, 549, 550, 551, 553, 554, 556, 558, 559, 563, 564, 566, 567, 570, 571, 572, 586, 587, 595, 605, 613, 633, 639, 640, 641, 657, 672, 704, 717, 726, 736, 759, 761, 765, 768, 780, 788, 792, 826]","[63, 64, 87, 240, 241, 242, 243, 281, 370, 371, 372, 537, 538, 558, 704, 705, 706, 707, 740, 820, 821, 822]",[],7/6 successful match,True,"[25, 26, 27]",True,261,False,,0.936551724137931,True,Petro Ontario # 026,
"Ontario ( 91762 ) Petro Ontario # 026 N , San Leandro S )",909-390-7800 I-10 Exit 57 ( Milliken Ave ) PETRO,) 24 XL 24 <U+2610>,Ontario,91762,"Petro Ontario # 026 N , San Leandro S )",909-390-7800,2016,Ontario,CA,,( Milliken Ave ) PETRO,I-10 Exit 57 ,Exit,57,False,,False,I-10,,,,,"[240, 704]",[],"[240, 310, 704, 768]","[240, 310, 321, 704, 768, 779]","[103, 104, 105, 106, 107, 108, 109, 110, 111, 112, 113, 114, 115, 116, 117, 118, 119, 120, 121, 122, 123, 124, 125, 126, 127, 128, 129, 130, 131, 132, 133, 134, 135, 136, 137, 138, 139, 140, 141, 142, 143, 144, 145, 146, 147, 148, 149, 150, 151, 152, 153, 154, 155, 156, 157, 158, 159, 160, 161, 162, 163, 164, 165, 166, 167, 168, 169, 170, 171, 172, 173, 174, 175, 176, 177, 178, 179, 180, 181, 182, 183, 184, 185, 186, 187, 188, 189, 190, 191, 192, 193, 194, 195, 196, 197, 198, 199, 200, 201, 202, 203, 204, 205, 206, 207, 208, 209, 210, 211, 212, 213, 214, 215, 216, 217, 218, 219, 220, 221, 222, 223, 224, 225, 226, 227, 228, 229, 230, 231, 232, 233, 234, 235, 236, 237, 238, 239, 240, 241, 242, 243, 244, 245, 246, 247, 248, 249, 250, 251, 252, 253, 254, 255, 256, 257, 258, 259, 260, 261, 262, 263, 264, 265, 266, 267, 268, 269, 270, 271, 272, 273, 274, 275, 276, 277, 278, 279, 280, 281, 282, 283, 284, 285, 286, 287, 288, 289, 290, 291, 292, 293, 294, 295, 296, 297, 298, 299, 300, 301, 302, 303, 304, 305, 306, 307, 308, 309, 310, 311, 312, 313, 314, 315, 316, 317, 318, 319, 320, 321, 322, 323, 324, 325, 326, 327, 328, 329, 330, 331, 332, 333, 334, 335, 336, 337, 574, 575, 576, 577, 578, 579, 580, 581, 582, 583, 584, 585, 586, 587, 588, 589, 590, 591, 592, 593, 594, 595, 596, 597, 598, 599, 600, 601, 602, 603, 604, 605, 606, 607, 608, 609, 610, 611, 612, 613, 614, 615, 616, 617, 618, 619, 620, 621, 622, 623, 624, 625, 626, 627, 628, 629, 630, 631, 632, 633, 634, 635, 636, 637, 638, 639, 640, 641, 642, 643, 644, 645, 646, 647, 648, 649, 650, 651, 652, 653, 654, 655, 656, 657, 658, 659, 660, 661, 662, 663, 664, 665, 666, 667, 668, 669, 670, 671, 672, 673, 674, 675, 676, 677, 678, 679, 680, 681, 682, 683, 684, 685, 686, 687, 688, 689, 690, 691, 692, 693, 694, 695, 696, 697, 698, 699, 700, 701, 702, 703, 704, 705, 706, 707, 708, 709, 710, 711, 712, 713, 714, 715, 716, 717, 718, 719, 720, 721, 722, 723, 724, 725, 726, 727, 728, 729, 730, 731, 732, 733, 734, 735, 736, 737, 738, 739, 740, 741, 742, 743, 744, 745, 746, 747, 748, 749, 750, 751, 752, 753, 754, 755, 756, 757, 758, 759, 760, 761, 762, 763, 764, 765, 766, 767, 768, 769, 770, 771, 772, 773, 774, 775, 776, 777, 778, 779, 780, 781, 782, 783, 784, 785, 786, 787, 788, 789, 790, 791, 792, 793]","[0, 5, 7, 10, 14, 19, 20, 22, 24, 32, 33, 34, 37, 38, 40, 44, 46, 48, 49, 51, 56, 61, 63, 65, 67, 68, 73, 74, 75, 76, 79, 81, 82, 83, 85, 87, 88, 92, 93, 95, 96, 99, 100, 101, 115, 116, 124, 134, 142, 161, 167, 169, 170, 186, 202, 240, 244, 254, 260, 267, 277, 300, 303, 307, 310, 322, 331, 376, 485, 491, 493, 495, 499, 503, 504, 506, 508, 515, 518, 519, 521, 524, 526, 528, 533, 537, 539, 542, 543, 547, 548, 549, 550, 551, 553, 554, 556, 558, 559, 563, 564, 566, 567, 570, 571, 572, 586, 587, 595, 605, 613, 633, 639, 640, 641, 657, 672, 704, 717, 726, 736, 759, 761, 765, 768, 780, 788, 792, 826]",[],"[63, 64, 87, 240, 241, 242, 243, 281, 370, 371, 372, 537, 538, 558, 704, 705, 706, 707, 740, 820, 821, 822]","[0, 5, 7, 10, 14, 19, 20, 22, 24, 32, 33, 34, 37, 38, 40, 44, 46, 48, 49, 51, 56, 61, 63, 64, 65, 67, 68, 73, 74, 75, 76, 79, 81, 82, 83, 85, 87, 88, 92, 93, 95, 96, 99, 100, 101, 103, 104, 105, 106, 107, 108, 109, 110, 111, 112, 113, 114, 115, 116, 117, 118, 119, 120, 121, 122, 123, 124, 125, 126, 127, 128, 129, 130, 131, 132, 133, 134, 135, 136, 137, 138, 139, 140, 141, 142, 143, 144, 145, 146, 147, 148, 149, 150, 151, 152, 153, 154, 155, 156, 157, 158, 159, 160, 161, 162, 163, 164, 165, 166, 167, 168, 169, 170, 171, 172, 173, 174, 175, 176, 177, 178, 179, 180, 181, 182, 183, 184, 185, 186, 187, 188, 189, 190, 191, 192, 193, 194, 195, 196, 197, 198, 199, 200, 201, 202, 203, 204, 205, 206, 207, 208, 209, 210, 211, 212, 213, 214, 215, 216, 217, 218, 219, 220, 221, 222, 223, 224, 225, 226, 227, 228, 229, 230, 231, 232, 233, 234, 235, 236, 237, 238, 239, 240, 241, 242, 243, 244, 245, 246, 247, 248, 249, 250, 251, 252, 253, 254, 255, 256, 257, 258, 259, 260, 261, 262, 263, 264, 265, 266, 267, 268, 269, 270, 271, 272, 273, 274, 275, 276, 277, 278, 279, 280, 281, 282, 283, 284, 285, 286, 287, 288, 289, 290, 291, 292, 293, 294, 295, 296, 297, 298, 299, 300, 301, 302, 303, 304, 305, 306, 307, 308, 309, 310, 311, 312, 313, 314, 315, 316, 317, 318, 319, 320, 321, 322, 323, 324, 325, 326, 327, 328, 329, 330, 331, 332, 333, 334, 335, 336, 337, 370, 371, 372, 376, 485, 491, 493, 495, 499, 503, 504, 506, 508, 515, 518, 519, 521, 524, 526, 528, 533, 537, 538, 539, 542, 543, 547, 548, 549, 550, 551, 553, 554, 556, 558, 559, 563, 564, 566, 567, 570, 571, 572, 574, 575, 576, 577, 578, 579, 580, 581, 582, 583, 584, 585, 586, 587, 588, 589, 590, 591, 592, 593, 594, 595, 596, 597, 598, 599, 600, 601, 602, 603, 604, 605, 606, 607, 608, 609, 610, 611, 612, 613, 614, 615, 616, 617, 618, 619, 620, 621, 622, 623, 624, 625, 626, 627, 628, 629, 630, 631, 632, 633, 634, 635, 636, 637, 638, 639, 640, 641, 642, 643, 644, 645, 646, 647, 648, 649, 650, 651, 652, 653, 654, 655, 656, 657, 658, 659, 660, 661, 662, 663, 664, 665, 666, 667, 668, 669, 670, 671, 672, 673, 674, 675, 676, 677, 678, 679, 680, 681, 682, 683, 684, 685, 686, 687, 688, 689, 690, 691, 692, 693, 694, 695, 696, 697, 698, 699, 700, 701, 702, 703, 704, 705, 706, 707, 708, 709, 710, 711, 712, 713, 714, 715, 716, 717, 718, 719, 720, 721, 722, 723, 724, 725, 726, 727, 728, 729, 730, 731, 732, 733, 734, 735, 736, 737, 738, 739, 740, 741, 742, 743, 744, 745, 746, 747, 748, 749, 750, 751, 752, 753, 754, 755, 756, 757, 758, 759, 760, 761, 762, 763, 764, 765, 766, 767, 768, 769, 770, 771, 772, 773, 774, 775, 776, 777, 778, 779, 780, 781, 782, 783, 784, 785, 786, 787, 788, 789, 790, 791, 792, 793, 820, 821, 822, 826]",True,[],"[103, 104, 105, 106, 107, 108, 109, 110, 111, 112, 113, 114, 115, 116, 117, 118, 119, 120, 121, 122, 123, 124, 125, 126, 127, 128, 129, 130, 131, 132, 133, 134, 135, 136, 137, 138, 139, 140, 141, 142, 143, 144, 145, 146, 147, 148, 149, 150, 151, 152, 153, 154, 155, 156, 157, 158, 159, 160, 161, 162, 163, 164, 165, 166, 167, 168, 169, 170, 171, 172, 173, 174, 175, 176, 177, 178, 179, 180, 181, 182, 183, 184, 185, 186, 187, 188, 189, 190, 191, 192, 193, 194, 195, 196, 197, 198, 199, 200, 201, 202, 203, 204, 205, 206, 207, 208, 209, 210, 211, 212, 213, 214, 215, 216, 217, 218, 219, 220, 221, 222, 223, 224, 225, 226, 227, 228, 229, 230, 231, 232, 233, 234, 235, 236, 237, 238, 239, 240, 241, 242, 243, 244, 245, 246, 247, 248, 249, 250, 251, 252, 253, 254, 255, 256, 257, 258, 259, 260, 261, 262, 263, 264, 265, 266, 267, 268, 269, 270, 271, 272, 273, 274, 275, 276, 277, 278, 279, 280, 281, 282, 283, 284, 285, 286, 287, 288, 289, 290, 291, 292, 293, 294, 295, 296, 297, 298, 299, 300, 301, 302, 303, 304, 305, 306, 307, 308, 309, 310, 311, 312, 313, 314, 315, 316, 317, 318, 319, 320, 321, 322, 323, 324, 325, 326, 327, 328, 329, 330, 331, 332, 333, 334, 335, 336, 337, 574, 575, 576, 577, 578, 579, 580, 581, 582, 583, 584, 585, 586, 587, 588, 589, 590, 591, 592, 593, 594, 595, 596, 597, 598, 599, 600, 601, 602, 603, 604, 605, 606, 607, 608, 609, 610, 611, 612, 613, 614, 615, 616, 617, 618, 619, 620, 621, 622, 623, 624, 625, 626, 627, 628, 629, 630, 631, 632, 633, 634, 635, 636, 637, 638, 639, 640, 641, 642, 643, 644, 645, 646, 647, 648, 649, 650, 651, 652, 653, 654, 655, 656, 657, 658, 659, 660, 661, 662, 663, 664, 665, 666, 667, 668, 669, 670, 671, 672, 673, 674, 675, 676, 677, 678, 679, 680, 681, 682, 683, 684, 685, 686, 687, 688, 689, 690, 691, 692, 693, 694, 695, 696, 697, 698, 699, 700, 701, 702, 703, 704, 705, 706, 707, 708, 709, 710, 711, 712, 713, 714, 715, 716, 717, 718, 719, 720, 721, 722, 723, 724, 725, 726, 727, 728, 729, 730, 731, 732, 733, 734, 735, 736, 737, 738, 739, 740, 741, 742, 743, 744, 745, 746, 747, 748, 749, 750, 751, 752, 753, 754, 755, 756, 757, 758, 759, 760, 761, 762, 763, 764, 765, 766, 767, 768, 769, 770, 771, 772, 773, 774, 775, 776, 777, 778, 779, 780, 781, 782, 783, 784, 785, 786, 787, 788, 789, 790, 791, 792, 793]","[240, 310, 704, 768]","[240, 310, 321, 704, 768, 779]","[0, 5, 7, 10, 14, 19, 20, 22, 24, 32, 33, 34, 37, 38, 40, 44, 46, 48, 49, 51, 56, 61, 63, 65, 67, 68, 73, 74, 75, 76, 79, 81, 82, 83, 85, 87, 88, 92, 93, 95, 96, 99, 100, 101, 115, 116, 124, 134, 142, 161, 167, 169, 170, 186, 202, 240, 244, 254, 260, 267, 277, 300, 303, 307, 310, 322, 331, 376, 485, 491, 493, 495, 499, 503, 504, 506, 508, 515, 518, 519, 521, 524, 526, 528, 533, 537, 539, 542, 543, 547, 548, 549, 550, 551, 553, 554, 556, 558, 559, 563, 564, 566, 567, 570, 571, 572, 586, 587, 595, 605, 613, 633, 639, 640, 641, 657, 672, 704, 717, 726, 736, 759, 761, 765, 768, 780, 788, 792, 826]","[63, 64, 87, 240, 241, 242, 243, 281, 370, 371, 372, 537, 538, 558, 704, 705, 706, 707, 740, 820, 821, 822]",[],7/6 successful match,True,"[25, 26, 27]",True,261,False,,1.0,True,"Petro Ontario # 026 N , San Leandro S )",
"Live Oak Sprgs , 91906 Golden Acorn Casino",619-938-6000 I-8 Exit 61 ( Crestwood ),<U+2610>,Live Oak Sprgs,91906,Golden Acorn Casino,619-938-6000,2006,Campo,CA,,( Crestwood ),I-8 Exit 61 ,Exit,61,False,,False,I-8,,,,,"[645, 174]","[174, 645]","[174, 645]","[116, 118, 161, 169, 170, 174, 303, 587, 589, 633, 640, 641, 645, 761, 792]","[103, 104, 105, 106, 107, 108, 109, 110, 111, 112, 113, 114, 115, 116, 117, 118, 119, 120, 121, 122, 123, 124, 125, 126, 127, 128, 129, 130, 131, 132, 133, 134, 135, 136, 137, 138, 139, 140, 141, 142, 143, 144, 145, 146, 147, 148, 149, 150, 151, 152, 153, 154, 155, 156, 157, 158, 159, 160, 161, 162, 163, 164, 165, 166, 167, 168, 169, 170, 171, 172, 173, 174, 175, 176, 177, 178, 179, 180, 181, 182, 183, 184, 185, 186, 187, 188, 189, 190, 191, 192, 193, 194, 195, 196, 197, 198, 199, 200, 201, 202, 203, 204, 205, 206, 207, 208, 209, 210, 211, 212, 213, 214, 215, 216, 217, 218, 219, 220, 221, 222, 223, 224, 225, 226, 227, 228, 229, 230, 231, 232, 233, 234, 235, 236, 237, 238, 239, 240, 241, 242, 243, 244, 245, 246, 247, 248, 249, 250, 251, 252, 253, 254, 255, 256, 257, 258, 259, 260, 261, 262, 263, 264, 265, 266, 267, 268, 269, 270, 271, 272, 273, 274, 275, 276, 277, 278, 279, 280, 281, 282, 283, 284, 285, 286, 287, 288, 289, 290, 291, 292, 293, 294, 295, 296, 297, 298, 299, 300, 301, 302, 303, 304, 305, 306, 307, 308, 309, 310, 311, 312, 313, 314, 315, 316, 317, 318, 319, 320, 321, 322, 323, 324, 325, 326, 327, 328, 329, 330, 331, 332, 333, 334, 335, 336, 337, 574, 575, 576, 577, 578, 579, 580, 581, 582, 583, 584, 585, 586, 587, 588, 589, 590, 591, 592, 593, 594, 595, 596, 597, 598, 599, 600, 601, 602, 603, 604, 605, 606, 607, 608, 609, 610, 611, 612, 613, 614, 615, 616, 617, 618, 619, 620, 621, 622, 623, 624, 625, 626, 627, 628, 629, 630, 631, 632, 633, 634, 635, 636, 637, 638, 639, 640, 641, 642, 643, 644, 645, 646, 647, 648, 649, 650, 651, 652, 653, 654, 655, 656, 657, 658, 659, 660, 661, 662, 663, 664, 665, 666, 667, 668, 669, 670, 671, 672, 673, 674, 675, 676, 677, 678, 679, 680, 681, 682, 683, 684, 685, 686, 687, 688, 689, 690, 691, 692, 693, 694, 695, 696, 697, 698, 699, 700, 701, 702, 703, 704, 705, 706, 707, 708, 709, 710, 711, 712, 713, 714, 715, 716, 717, 718, 719, 720, 721, 722, 723, 724, 725, 726, 727, 728, 729, 730, 731, 732, 733, 734, 735, 736, 737, 738, 739, 740, 741, 742, 743, 744, 745, 746, 747, 748, 749, 750, 751, 752, 753, 754, 755, 756, 757, 758, 759, 760, 761, 762, 763, 764, 765, 766, 767, 768, 769, 770, 771, 772, 773, 774, 775, 776, 777, 778, 779, 780, 781, 782, 783, 784, 785, 786, 787, 788, 789, 790, 791, 792, 793]","[17, 25, 39, 41, 50, 55, 57, 59, 69, 78, 119, 174, 188, 189, 220, 250, 299, 486, 502, 520, 522, 532, 534, 535, 544, 590, 645, 659, 660, 713, 758]",[],"[174, 175, 176, 177, 178, 341, 347, 348, 349, 350, 351, 352, 423, 645, 646, 647, 648, 649, 797, 802, 803, 804, 805, 806, 807, 875]","[17, 25, 39, 41, 50, 55, 57, 59, 69, 78, 103, 104, 105, 106, 107, 108, 109, 110, 111, 112, 113, 114, 115, 116, 117, 118, 119, 120, 121, 122, 123, 124, 125, 126, 127, 128, 129, 130, 131, 132, 133, 134, 135, 136, 137, 138, 139, 140, 141, 142, 143, 144, 145, 146, 147, 148, 149, 150, 151, 152, 153, 154, 155, 156, 157, 158, 159, 160, 161, 162, 163, 164, 165, 166, 167, 168, 169, 170, 171, 172, 173, 174, 175, 176, 177, 178, 179, 180, 181, 182, 183, 184, 185, 186, 187, 188, 189, 190, 191, 192, 193, 194, 195, 196, 197, 198, 199, 200, 201, 202, 203, 204, 205, 206, 207, 208, 209, 210, 211, 212, 213, 214, 215, 216, 217, 218, 219, 220, 221, 222, 223, 224, 225, 226, 227, 228, 229, 230, 231, 232, 233, 234, 235, 236, 237, 238, 239, 240, 241, 242, 243, 244, 245, 246, 247, 248, 249, 250, 251, 252, 253, 254, 255, 256, 257, 258, 259, 260, 261, 262, 263, 264, 265, 266, 267, 268, 269, 270, 271, 272, 273, 274, 275, 276, 277, 278, 279, 280, 281, 282, 283, 284, 285, 286, 287, 288, 289, 290, 291, 292, 293, 294, 295, 296, 297, 298, 299, 300, 301, 302, 303, 304, 305, 306, 307, 308, 309, 310, 311, 312, 313, 314, 315, 316, 317, 318, 319, 320, 321, 322, 323, 324, 325, 326, 327, 328, 329, 330, 331, 332, 333, 334, 335, 336, 337, 341, 347, 348, 349, 350, 351, 352, 423, 486, 502, 520, 522, 532, 534, 535, 544, 574, 575, 576, 577, 578, 579, 580, 581, 582, 583, 584, 585, 586, 587, 588, 589, 590, 591, 592, 593, 594, 595, 596, 597, 598, 599, 600, 601, 602, 603, 604, 605, 606, 607, 608, 609, 610, 611, 612, 613, 614, 615, 616, 617, 618, 619, 620, 621, 622, 623, 624, 625, 626, 627, 628, 629, 630, 631, 632, 633, 634, 635, 636, 637, 638, 639, 640, 641, 642, 643, 644, 645, 646, 647, 648, 649, 650, 651, 652, 653, 654, 655, 656, 657, 658, 659, 660, 661, 662, 663, 664, 665, 666, 667, 668, 669, 670, 671, 672, 673, 674, 675, 676, 677, 678, 679, 680, 681, 682, 683, 684, 685, 686, 687, 688, 689, 690, 691, 692, 693, 694, 695, 696, 697, 698, 699, 700, 701, 702, 703, 704, 705, 706, 707, 708, 709, 710, 711, 712, 713, 714, 715, 716, 717, 718, 719, 720, 721, 722, 723, 724, 725, 726, 727, 728, 729, 730, 731, 732, 733, 734, 735, 736, 737, 738, 739, 740, 741, 742, 743, 744, 745, 746, 747, 748, 749, 750, 751, 752, 753, 754, 755, 756, 757, 758, 759, 760, 761, 762, 763, 764, 765, 766, 767, 768, 769, 770, 771, 772, 773, 774, 775, 776, 777, 778, 779, 780, 781, 782, 783, 784, 785, 786, 787, 788, 789, 790, 791, 792, 793, 797, 802, 803, 804, 805, 806, 807, 875]",True,"[174, 645]","[103, 104, 105, 106, 107, 108, 109, 110, 111, 112, 113, 114, 115, 116, 117, 118, 119, 120, 121, 122, 123, 124, 125, 126, 127, 128, 129, 130, 131, 132, 133, 134, 135, 136, 137, 138, 139, 140, 141, 142, 143, 144, 145, 146, 147, 148, 149, 150, 151, 152, 153, 154, 155, 156, 157, 158, 159, 160, 161, 162, 163, 164, 165, 166, 167, 168, 169, 170, 171, 172, 173, 174, 175, 176, 177, 178, 179, 180, 181, 182, 183, 184, 185, 186, 187, 188, 189, 190, 191, 192, 193, 194, 195, 196, 197, 198, 199, 200, 201, 202, 203, 204, 205, 206, 207, 208, 209, 210, 211, 212, 213, 214, 215, 216, 217, 218, 219, 220, 221, 222, 223, 224, 225, 226, 227, 228, 229, 230, 231, 232, 233, 234, 235, 236, 237, 238, 239, 240, 241, 242, 243, 244, 245, 246, 247, 248, 249, 250, 251, 252, 253, 254, 255, 256, 257, 258, 259, 260, 261, 262, 263, 264, 265, 266, 267, 268, 269, 270, 271, 272, 273, 274, 275, 276, 277, 278, 279, 280, 281, 282, 283, 284, 285, 286, 287, 288, 289, 290, 291, 292, 293, 294, 295, 296, 297, 298, 299, 300, 301, 302, 303, 304, 305, 306, 307, 308, 309, 310, 311, 312, 313, 314, 315, 316, 317, 318, 319, 320, 321, 322, 323, 324, 325, 326, 327, 328, 329, 330, 331, 332, 333, 334, 335, 336, 337, 574, 575, 576, 577, 578, 579, 580, 581, 582, 583, 584, 585, 586, 587, 588, 589, 590, 591, 592, 593, 594, 595, 596, 597, 598, 599, 600, 601, 602, 603, 604, 605, 606, 607, 608, 609, 610, 611, 612, 613, 614, 615, 616, 617, 618, 619, 620, 621, 622, 623, 624, 625, 626, 627, 628, 629, 630, 631, 632, 633, 634, 635, 636, 637, 638, 639, 640, 641, 642, 643, 644, 645, 646, 647, 648, 649, 650, 651, 652, 653, 654, 655, 656, 657, 658, 659, 660, 661, 662, 663, 664, 665, 666, 667, 668, 669, 670, 671, 672, 673, 674, 675, 676, 677, 678, 679, 680, 681, 682, 683, 684, 685, 686, 687, 688, 689, 690, 691, 692, 693, 694, 695, 696, 697, 698, 699, 700, 701, 702, 703, 704, 705, 706, 707, 708, 709, 710, 711, 712, 713, 714, 715, 716, 717, 718, 719, 720, 721, 722, 723, 724, 725, 726, 727, 728, 729, 730, 731, 732, 733, 734, 735, 736, 737, 738, 739, 740, 741, 742, 743, 744, 745, 746, 747, 748, 749, 750, 751, 752, 753, 754, 755, 756, 757, 758, 759, 760, 761, 762, 763, 764, 765, 766, 767, 768, 769, 770, 771, 772, 773, 774, 775, 776, 777, 778, 779, 780, 781, 782, 783, 784, 785, 786, 787, 788, 789, 790, 791, 792, 793]","[174, 645]","[116, 118, 161, 169, 170, 174, 303, 587, 589, 633, 640, 641, 645, 761, 792]","[17, 25, 39, 41, 50, 55, 57, 59, 69, 78, 119, 174, 188, 189, 220, 250, 299, 486, 502, 520, 522, 532, 534, 535, 544, 590, 645, 659, 660, 713, 758]","[174, 175, 176, 177, 178, 341, 347, 348, 349, 350, 351, 352, 423, 645, 646, 647, 648, 649, 797, 802, 803, 804, 805, 806, 807, 875]",[],7/6 successful match,True,"[491, 492]",True,262,False,,,,,
"Live Oak Sprgs , 91906 Golden Acorn Casino",619-938-6000 I-8 Exit 61 ( Crestwood ),24,Live Oak Sprgs,91906,Golden Acorn Casino,619-938-6000,2007,Campo,CA,,( Crestwood ),I-8 Exit 61 ,Exit,61,False,,False,I-8,,,,,"[645, 174]","[174, 645]","[174, 645]","[116, 118, 161, 169, 170, 174, 303, 587, 589, 633, 640, 641, 645, 761, 792]","[103, 104, 105, 106, 107, 108, 109, 110, 111, 112, 113, 114, 115, 116, 117, 118, 119, 120, 121, 122, 123, 124, 125, 126, 127, 128, 129, 130, 131, 132, 133, 134, 135, 136, 137, 138, 139, 140, 141, 142, 143, 144, 145, 146, 147, 148, 149, 150, 151, 152, 153, 154, 155, 156, 157, 158, 159, 160, 161, 162, 163, 164, 165, 166, 167, 168, 169, 170, 171, 172, 173, 174, 175, 176, 177, 178, 179, 180, 181, 182, 183, 184, 185, 186, 187, 188, 189, 190, 191, 192, 193, 194, 195, 196, 197, 198, 199, 200, 201, 202, 203, 204, 205, 206, 207, 208, 209, 210, 211, 212, 213, 214, 215, 216, 217, 218, 219, 220, 221, 222, 223, 224, 225, 226, 227, 228, 229, 230, 231, 232, 233, 234, 235, 236, 237, 238, 239, 240, 241, 242, 243, 244, 245, 246, 247, 248, 249, 250, 251, 252, 253, 254, 255, 256, 257, 258, 259, 260, 261, 262, 263, 264, 265, 266, 267, 268, 269, 270, 271, 272, 273, 274, 275, 276, 277, 278, 279, 280, 281, 282, 283, 284, 285, 286, 287, 288, 289, 290, 291, 292, 293, 294, 295, 296, 297, 298, 299, 300, 301, 302, 303, 304, 305, 306, 307, 308, 309, 310, 311, 312, 313, 314, 315, 316, 317, 318, 319, 320, 321, 322, 323, 324, 325, 326, 327, 328, 329, 330, 331, 332, 333, 334, 335, 336, 337, 574, 575, 576, 577, 578, 579, 580, 581, 582, 583, 584, 585, 586, 587, 588, 589, 590, 591, 592, 593, 594, 595, 596, 597, 598, 599, 600, 601, 602, 603, 604, 605, 606, 607, 608, 609, 610, 611, 612, 613, 614, 615, 616, 617, 618, 619, 620, 621, 622, 623, 624, 625, 626, 627, 628, 629, 630, 631, 632, 633, 634, 635, 636, 637, 638, 639, 640, 641, 642, 643, 644, 645, 646, 647, 648, 649, 650, 651, 652, 653, 654, 655, 656, 657, 658, 659, 660, 661, 662, 663, 664, 665, 666, 667, 668, 669, 670, 671, 672, 673, 674, 675, 676, 677, 678, 679, 680, 681, 682, 683, 684, 685, 686, 687, 688, 689, 690, 691, 692, 693, 694, 695, 696, 697, 698, 699, 700, 701, 702, 703, 704, 705, 706, 707, 708, 709, 710, 711, 712, 713, 714, 715, 716, 717, 718, 719, 720, 721, 722, 723, 724, 725, 726, 727, 728, 729, 730, 731, 732, 733, 734, 735, 736, 737, 738, 739, 740, 741, 742, 743, 744, 745, 746, 747, 748, 749, 750, 751, 752, 753, 754, 755, 756, 757, 758, 759, 760, 761, 762, 763, 764, 765, 766, 767, 768, 769, 770, 771, 772, 773, 774, 775, 776, 777, 778, 779, 780, 781, 782, 783, 784, 785, 786, 787, 788, 789, 790, 791, 792, 793]","[17, 25, 39, 41, 50, 55, 57, 59, 69, 78, 119, 174, 188, 189, 220, 250, 299, 486, 502, 520, 522, 532, 534, 535, 544, 590, 645, 659, 660, 713, 758]",[],"[174, 175, 176, 177, 178, 341, 347, 348, 349, 350, 351, 352, 423, 645, 646, 647, 648, 649, 797, 802, 803, 804, 805, 806, 807, 875]","[17, 25, 39, 41, 50, 55, 57, 59, 69, 78, 103, 104, 105, 106, 107, 108, 109, 110, 111, 112, 113, 114, 115, 116, 117, 118, 119, 120, 121, 122, 123, 124, 125, 126, 127, 128, 129, 130, 131, 132, 133, 134, 135, 136, 137, 138, 139, 140, 141, 142, 143, 144, 145, 146, 147, 148, 149, 150, 151, 152, 153, 154, 155, 156, 157, 158, 159, 160, 161, 162, 163, 164, 165, 166, 167, 168, 169, 170, 171, 172, 173, 174, 175, 176, 177, 178, 179, 180, 181, 182, 183, 184, 185, 186, 187, 188, 189, 190, 191, 192, 193, 194, 195, 196, 197, 198, 199, 200, 201, 202, 203, 204, 205, 206, 207, 208, 209, 210, 211, 212, 213, 214, 215, 216, 217, 218, 219, 220, 221, 222, 223, 224, 225, 226, 227, 228, 229, 230, 231, 232, 233, 234, 235, 236, 237, 238, 239, 240, 241, 242, 243, 244, 245, 246, 247, 248, 249, 250, 251, 252, 253, 254, 255, 256, 257, 258, 259, 260, 261, 262, 263, 264, 265, 266, 267, 268, 269, 270, 271, 272, 273, 274, 275, 276, 277, 278, 279, 280, 281, 282, 283, 284, 285, 286, 287, 288, 289, 290, 291, 292, 293, 294, 295, 296, 297, 298, 299, 300, 301, 302, 303, 304, 305, 306, 307, 308, 309, 310, 311, 312, 313, 314, 315, 316, 317, 318, 319, 320, 321, 322, 323, 324, 325, 326, 327, 328, 329, 330, 331, 332, 333, 334, 335, 336, 337, 341, 347, 348, 349, 350, 351, 352, 423, 486, 502, 520, 522, 532, 534, 535, 544, 574, 575, 576, 577, 578, 579, 580, 581, 582, 583, 584, 585, 586, 587, 588, 589, 590, 591, 592, 593, 594, 595, 596, 597, 598, 599, 600, 601, 602, 603, 604, 605, 606, 607, 608, 609, 610, 611, 612, 613, 614, 615, 616, 617, 618, 619, 620, 621, 622, 623, 624, 625, 626, 627, 628, 629, 630, 631, 632, 633, 634, 635, 636, 637, 638, 639, 640, 641, 642, 643, 644, 645, 646, 647, 648, 649, 650, 651, 652, 653, 654, 655, 656, 657, 658, 659, 660, 661, 662, 663, 664, 665, 666, 667, 668, 669, 670, 671, 672, 673, 674, 675, 676, 677, 678, 679, 680, 681, 682, 683, 684, 685, 686, 687, 688, 689, 690, 691, 692, 693, 694, 695, 696, 697, 698, 699, 700, 701, 702, 703, 704, 705, 706, 707, 708, 709, 710, 711, 712, 713, 714, 715, 716, 717, 718, 719, 720, 721, 722, 723, 724, 725, 726, 727, 728, 729, 730, 731, 732, 733, 734, 735, 736, 737, 738, 739, 740, 741, 742, 743, 744, 745, 746, 747, 748, 749, 750, 751, 752, 753, 754, 755, 756, 757, 758, 759, 760, 761, 762, 763, 764, 765, 766, 767, 768, 769, 770, 771, 772, 773, 774, 775, 776, 777, 778, 779, 780, 781, 782, 783, 784, 785, 786, 787, 788, 789, 790, 791, 792, 793, 797, 802, 803, 804, 805, 806, 807, 875]",True,"[174, 645]","[103, 104, 105, 106, 107, 108, 109, 110, 111, 112, 113, 114, 115, 116, 117, 118, 119, 120, 121, 122, 123, 124, 125, 126, 127, 128, 129, 130, 131, 132, 133, 134, 135, 136, 137, 138, 139, 140, 141, 142, 143, 144, 145, 146, 147, 148, 149, 150, 151, 152, 153, 154, 155, 156, 157, 158, 159, 160, 161, 162, 163, 164, 165, 166, 167, 168, 169, 170, 171, 172, 173, 174, 175, 176, 177, 178, 179, 180, 181, 182, 183, 184, 185, 186, 187, 188, 189, 190, 191, 192, 193, 194, 195, 196, 197, 198, 199, 200, 201, 202, 203, 204, 205, 206, 207, 208, 209, 210, 211, 212, 213, 214, 215, 216, 217, 218, 219, 220, 221, 222, 223, 224, 225, 226, 227, 228, 229, 230, 231, 232, 233, 234, 235, 236, 237, 238, 239, 240, 241, 242, 243, 244, 245, 246, 247, 248, 249, 250, 251, 252, 253, 254, 255, 256, 257, 258, 259, 260, 261, 262, 263, 264, 265, 266, 267, 268, 269, 270, 271, 272, 273, 274, 275, 276, 277, 278, 279, 280, 281, 282, 283, 284, 285, 286, 287, 288, 289, 290, 291, 292, 293, 294, 295, 296, 297, 298, 299, 300, 301, 302, 303, 304, 305, 306, 307, 308, 309, 310, 311, 312, 313, 314, 315, 316, 317, 318, 319, 320, 321, 322, 323, 324, 325, 326, 327, 328, 329, 330, 331, 332, 333, 334, 335, 336, 337, 574, 575, 576, 577, 578, 579, 580, 581, 582, 583, 584, 585, 586, 587, 588, 589, 590, 591, 592, 593, 594, 595, 596, 597, 598, 599, 600, 601, 602, 603, 604, 605, 606, 607, 608, 609, 610, 611, 612, 613, 614, 615, 616, 617, 618, 619, 620, 621, 622, 623, 624, 625, 626, 627, 628, 629, 630, 631, 632, 633, 634, 635, 636, 637, 638, 639, 640, 641, 642, 643, 644, 645, 646, 647, 648, 649, 650, 651, 652, 653, 654, 655, 656, 657, 658, 659, 660, 661, 662, 663, 664, 665, 666, 667, 668, 669, 670, 671, 672, 673, 674, 675, 676, 677, 678, 679, 680, 681, 682, 683, 684, 685, 686, 687, 688, 689, 690, 691, 692, 693, 694, 695, 696, 697, 698, 699, 700, 701, 702, 703, 704, 705, 706, 707, 708, 709, 710, 711, 712, 713, 714, 715, 716, 717, 718, 719, 720, 721, 722, 723, 724, 725, 726, 727, 728, 729, 730, 731, 732, 733, 734, 735, 736, 737, 738, 739, 740, 741, 742, 743, 744, 745, 746, 747, 748, 749, 750, 751, 752, 753, 754, 755, 756, 757, 758, 759, 760, 761, 762, 763, 764, 765, 766, 767, 768, 769, 770, 771, 772, 773, 774, 775, 776, 777, 778, 779, 780, 781, 782, 783, 784, 785, 786, 787, 788, 789, 790, 791, 792, 793]","[174, 645]","[116, 118, 161, 169, 170, 174, 303, 587, 589, 633, 640, 641, 645, 761, 792]","[17, 25, 39, 41, 50, 55, 57, 59, 69, 78, 119, 174, 188, 189, 220, 250, 299, 486, 502, 520, 522, 532, 534, 535, 544, 590, 645, 659, 660, 713, 758]","[174, 175, 176, 177, 178, 341, 347, 348, 349, 350, 351, 352, 423, 645, 646, 647, 648, 649, 797, 802, 803, 804, 805, 806, 807, 875]",[],7/6 successful match,True,"[491, 492]",True,262,False,,1.0,True,Golden Acorn Casino,
"Live Oak Sprngs , 91906 Golden Acorn Casino ( Pettit )",619-938-6000 I-8 Exit 61 ( Crestwood ),HRS 24 L <U+2610> <U+2610>,Live Oak Sprngs,91906,Golden Acorn Casino ( Pettit ),619-938-6000,2008,Campo,CA,,( Crestwood ),I-8 Exit 61 ,Exit,61,False,,False,I-8,,,,,"[645, 174]","[174, 645]","[174, 645]","[116, 118, 161, 169, 170, 174, 303, 587, 589, 633, 640, 641, 645, 761, 792]","[103, 104, 105, 106, 107, 108, 109, 110, 111, 112, 113, 114, 115, 116, 117, 118, 119, 120, 121, 122, 123, 124, 125, 126, 127, 128, 129, 130, 131, 132, 133, 134, 135, 136, 137, 138, 139, 140, 141, 142, 143, 144, 145, 146, 147, 148, 149, 150, 151, 152, 153, 154, 155, 156, 157, 158, 159, 160, 161, 162, 163, 164, 165, 166, 167, 168, 169, 170, 171, 172, 173, 174, 175, 176, 177, 178, 179, 180, 181, 182, 183, 184, 185, 186, 187, 188, 189, 190, 191, 192, 193, 194, 195, 196, 197, 198, 199, 200, 201, 202, 203, 204, 205, 206, 207, 208, 209, 210, 211, 212, 213, 214, 215, 216, 217, 218, 219, 220, 221, 222, 223, 224, 225, 226, 227, 228, 229, 230, 231, 232, 233, 234, 235, 236, 237, 238, 239, 240, 241, 242, 243, 244, 245, 246, 247, 248, 249, 250, 251, 252, 253, 254, 255, 256, 257, 258, 259, 260, 261, 262, 263, 264, 265, 266, 267, 268, 269, 270, 271, 272, 273, 274, 275, 276, 277, 278, 279, 280, 281, 282, 283, 284, 285, 286, 287, 288, 289, 290, 291, 292, 293, 294, 295, 296, 297, 298, 299, 300, 301, 302, 303, 304, 305, 306, 307, 308, 309, 310, 311, 312, 313, 314, 315, 316, 317, 318, 319, 320, 321, 322, 323, 324, 325, 326, 327, 328, 329, 330, 331, 332, 333, 334, 335, 336, 337, 574, 575, 576, 577, 578, 579, 580, 581, 582, 583, 584, 585, 586, 587, 588, 589, 590, 591, 592, 593, 594, 595, 596, 597, 598, 599, 600, 601, 602, 603, 604, 605, 606, 607, 608, 609, 610, 611, 612, 613, 614, 615, 616, 617, 618, 619, 620, 621, 622, 623, 624, 625, 626, 627, 628, 629, 630, 631, 632, 633, 634, 635, 636, 637, 638, 639, 640, 641, 642, 643, 644, 645, 646, 647, 648, 649, 650, 651, 652, 653, 654, 655, 656, 657, 658, 659, 660, 661, 662, 663, 664, 665, 666, 667, 668, 669, 670, 671, 672, 673, 674, 675, 676, 677, 678, 679, 680, 681, 682, 683, 684, 685, 686, 687, 688, 689, 690, 691, 692, 693, 694, 695, 696, 697, 698, 699, 700, 701, 702, 703, 704, 705, 706, 707, 708, 709, 710, 711, 712, 713, 714, 715, 716, 717, 718, 719, 720, 721, 722, 723, 724, 725, 726, 727, 728, 729, 730, 731, 732, 733, 734, 735, 736, 737, 738, 739, 740, 741, 742, 743, 744, 745, 746, 747, 748, 749, 750, 751, 752, 753, 754, 755, 756, 757, 758, 759, 760, 761, 762, 763, 764, 765, 766, 767, 768, 769, 770, 771, 772, 773, 774, 775, 776, 777, 778, 779, 780, 781, 782, 783, 784, 785, 786, 787, 788, 789, 790, 791, 792, 793]","[17, 25, 39, 41, 50, 55, 57, 59, 69, 78, 119, 174, 188, 189, 220, 250, 299, 486, 502, 520, 522, 532, 534, 535, 544, 590, 645, 659, 660, 713, 758]",[],"[174, 175, 176, 177, 178, 341, 347, 348, 349, 350, 351, 352, 423, 645, 646, 647, 648, 649, 797, 802, 803, 804, 805, 806, 807, 875]","[17, 25, 39, 41, 50, 55, 57, 59, 69, 78, 103, 104, 105, 106, 107, 108, 109, 110, 111, 112, 113, 114, 115, 116, 117, 118, 119, 120, 121, 122, 123, 124, 125, 126, 127, 128, 129, 130, 131, 132, 133, 134, 135, 136, 137, 138, 139, 140, 141, 142, 143, 144, 145, 146, 147, 148, 149, 150, 151, 152, 153, 154, 155, 156, 157, 158, 159, 160, 161, 162, 163, 164, 165, 166, 167, 168, 169, 170, 171, 172, 173, 174, 175, 176, 177, 178, 179, 180, 181, 182, 183, 184, 185, 186, 187, 188, 189, 190, 191, 192, 193, 194, 195, 196, 197, 198, 199, 200, 201, 202, 203, 204, 205, 206, 207, 208, 209, 210, 211, 212, 213, 214, 215, 216, 217, 218, 219, 220, 221, 222, 223, 224, 225, 226, 227, 228, 229, 230, 231, 232, 233, 234, 235, 236, 237, 238, 239, 240, 241, 242, 243, 244, 245, 246, 247, 248, 249, 250, 251, 252, 253, 254, 255, 256, 257, 258, 259, 260, 261, 262, 263, 264, 265, 266, 267, 268, 269, 270, 271, 272, 273, 274, 275, 276, 277, 278, 279, 280, 281, 282, 283, 284, 285, 286, 287, 288, 289, 290, 291, 292, 293, 294, 295, 296, 297, 298, 299, 300, 301, 302, 303, 304, 305, 306, 307, 308, 309, 310, 311, 312, 313, 314, 315, 316, 317, 318, 319, 320, 321, 322, 323, 324, 325, 326, 327, 328, 329, 330, 331, 332, 333, 334, 335, 336, 337, 341, 347, 348, 349, 350, 351, 352, 423, 486, 502, 520, 522, 532, 534, 535, 544, 574, 575, 576, 577, 578, 579, 580, 581, 582, 583, 584, 585, 586, 587, 588, 589, 590, 591, 592, 593, 594, 595, 596, 597, 598, 599, 600, 601, 602, 603, 604, 605, 606, 607, 608, 609, 610, 611, 612, 613, 614, 615, 616, 617, 618, 619, 620, 621, 622, 623, 624, 625, 626, 627, 628, 629, 630, 631, 632, 633, 634, 635, 636, 637, 638, 639, 640, 641, 642, 643, 644, 645, 646, 647, 648, 649, 650, 651, 652, 653, 654, 655, 656, 657, 658, 659, 660, 661, 662, 663, 664, 665, 666, 667, 668, 669, 670, 671, 672, 673, 674, 675, 676, 677, 678, 679, 680, 681, 682, 683, 684, 685, 686, 687, 688, 689, 690, 691, 692, 693, 694, 695, 696, 697, 698, 699, 700, 701, 702, 703, 704, 705, 706, 707, 708, 709, 710, 711, 712, 713, 714, 715, 716, 717, 718, 719, 720, 721, 722, 723, 724, 725, 726, 727, 728, 729, 730, 731, 732, 733, 734, 735, 736, 737, 738, 739, 740, 741, 742, 743, 744, 745, 746, 747, 748, 749, 750, 751, 752, 753, 754, 755, 756, 757, 758, 759, 760, 761, 762, 763, 764, 765, 766, 767, 768, 769, 770, 771, 772, 773, 774, 775, 776, 777, 778, 779, 780, 781, 782, 783, 784, 785, 786, 787, 788, 789, 790, 791, 792, 793, 797, 802, 803, 804, 805, 806, 807, 875]",True,"[174, 645]","[103, 104, 105, 106, 107, 108, 109, 110, 111, 112, 113, 114, 115, 116, 117, 118, 119, 120, 121, 122, 123, 124, 125, 126, 127, 128, 129, 130, 131, 132, 133, 134, 135, 136, 137, 138, 139, 140, 141, 142, 143, 144, 145, 146, 147, 148, 149, 150, 151, 152, 153, 154, 155, 156, 157, 158, 159, 160, 161, 162, 163, 164, 165, 166, 167, 168, 169, 170, 171, 172, 173, 174, 175, 176, 177, 178, 179, 180, 181, 182, 183, 184, 185, 186, 187, 188, 189, 190, 191, 192, 193, 194, 195, 196, 197, 198, 199, 200, 201, 202, 203, 204, 205, 206, 207, 208, 209, 210, 211, 212, 213, 214, 215, 216, 217, 218, 219, 220, 221, 222, 223, 224, 225, 226, 227, 228, 229, 230, 231, 232, 233, 234, 235, 236, 237, 238, 239, 240, 241, 242, 243, 244, 245, 246, 247, 248, 249, 250, 251, 252, 253, 254, 255, 256, 257, 258, 259, 260, 261, 262, 263, 264, 265, 266, 267, 268, 269, 270, 271, 272, 273, 274, 275, 276, 277, 278, 279, 280, 281, 282, 283, 284, 285, 286, 287, 288, 289, 290, 291, 292, 293, 294, 295, 296, 297, 298, 299, 300, 301, 302, 303, 304, 305, 306, 307, 308, 309, 310, 311, 312, 313, 314, 315, 316, 317, 318, 319, 320, 321, 322, 323, 324, 325, 326, 327, 328, 329, 330, 331, 332, 333, 334, 335, 336, 337, 574, 575, 576, 577, 578, 579, 580, 581, 582, 583, 584, 585, 586, 587, 588, 589, 590, 591, 592, 593, 594, 595, 596, 597, 598, 599, 600, 601, 602, 603, 604, 605, 606, 607, 608, 609, 610, 611, 612, 613, 614, 615, 616, 617, 618, 619, 620, 621, 622, 623, 624, 625, 626, 627, 628, 629, 630, 631, 632, 633, 634, 635, 636, 637, 638, 639, 640, 641, 642, 643, 644, 645, 646, 647, 648, 649, 650, 651, 652, 653, 654, 655, 656, 657, 658, 659, 660, 661, 662, 663, 664, 665, 666, 667, 668, 669, 670, 671, 672, 673, 674, 675, 676, 677, 678, 679, 680, 681, 682, 683, 684, 685, 686, 687, 688, 689, 690, 691, 692, 693, 694, 695, 696, 697, 698, 699, 700, 701, 702, 703, 704, 705, 706, 707, 708, 709, 710, 711, 712, 713, 714, 715, 716, 717, 718, 719, 720, 721, 722, 723, 724, 725, 726, 727, 728, 729, 730, 731, 732, 733, 734, 735, 736, 737, 738, 739, 740, 741, 742, 743, 744, 745, 746, 747, 748, 749, 750, 751, 752, 753, 754, 755, 756, 757, 758, 759, 760, 761, 762, 763, 764, 765, 766, 767, 768, 769, 770, 771, 772, 773, 774, 775, 776, 777, 778, 779, 780, 781, 782, 783, 784, 785, 786, 787, 788, 789, 790, 791, 792, 793]","[174, 645]","[116, 118, 161, 169, 170, 174, 303, 587, 589, 633, 640, 641, 645, 761, 792]","[17, 25, 39, 41, 50, 55, 57, 59, 69, 78, 119, 174, 188, 189, 220, 250, 299, 486, 502, 520, 522, 532, 534, 535, 544, 590, 645, 659, 660, 713, 758]","[174, 175, 176, 177, 178, 341, 347, 348, 349, 350, 351, 352, 423, 645, 646, 647, 648, 649, 797, 802, 803, 804, 805, 806, 807, 875]",[],7/6 successful match,True,"[491, 492]",True,262,False,,1.0,True,Golden Acorn Casino,
Live Oak Springs ( 91906 ) Golden Acorn Casino,6 619-938-6000 I-8 Exit 61 ( Crestwood ),24 DOLOO,Live Oak Springs,91906,Golden Acorn Casino,619-938-6000,2014,Campo,CA,,( Crestwood ),I-8 Exit 61 ,Exit,61,False,,False,I-8,,,,,"[645, 174]","[174, 645]","[174, 188, 189, 197, 232, 254, 399, 645, 659, 660, 668, 696, 717, 848]","[116, 118, 161, 169, 170, 174, 303, 587, 589, 633, 640, 641, 645, 761, 792]","[103, 104, 105, 106, 107, 108, 109, 110, 111, 112, 113, 114, 115, 116, 117, 118, 119, 120, 121, 122, 123, 124, 125, 126, 127, 128, 129, 130, 131, 132, 133, 134, 135, 136, 137, 138, 139, 140, 141, 142, 143, 144, 145, 146, 147, 148, 149, 150, 151, 152, 153, 154, 155, 156, 157, 158, 159, 160, 161, 162, 163, 164, 165, 166, 167, 168, 169, 170, 171, 172, 173, 174, 175, 176, 177, 178, 179, 180, 181, 182, 183, 184, 185, 186, 187, 188, 189, 190, 191, 192, 193, 194, 195, 196, 197, 198, 199, 200, 201, 202, 203, 204, 205, 206, 207, 208, 209, 210, 211, 212, 213, 214, 215, 216, 217, 218, 219, 220, 221, 222, 223, 224, 225, 226, 227, 228, 229, 230, 231, 232, 233, 234, 235, 236, 237, 238, 239, 240, 241, 242, 243, 244, 245, 246, 247, 248, 249, 250, 251, 252, 253, 254, 255, 256, 257, 258, 259, 260, 261, 262, 263, 264, 265, 266, 267, 268, 269, 270, 271, 272, 273, 274, 275, 276, 277, 278, 279, 280, 281, 282, 283, 284, 285, 286, 287, 288, 289, 290, 291, 292, 293, 294, 295, 296, 297, 298, 299, 300, 301, 302, 303, 304, 305, 306, 307, 308, 309, 310, 311, 312, 313, 314, 315, 316, 317, 318, 319, 320, 321, 322, 323, 324, 325, 326, 327, 328, 329, 330, 331, 332, 333, 334, 335, 336, 337, 574, 575, 576, 577, 578, 579, 580, 581, 582, 583, 584, 585, 586, 587, 588, 589, 590, 591, 592, 593, 594, 595, 596, 597, 598, 599, 600, 601, 602, 603, 604, 605, 606, 607, 608, 609, 610, 611, 612, 613, 614, 615, 616, 617, 618, 619, 620, 621, 622, 623, 624, 625, 626, 627, 628, 629, 630, 631, 632, 633, 634, 635, 636, 637, 638, 639, 640, 641, 642, 643, 644, 645, 646, 647, 648, 649, 650, 651, 652, 653, 654, 655, 656, 657, 658, 659, 660, 661, 662, 663, 664, 665, 666, 667, 668, 669, 670, 671, 672, 673, 674, 675, 676, 677, 678, 679, 680, 681, 682, 683, 684, 685, 686, 687, 688, 689, 690, 691, 692, 693, 694, 695, 696, 697, 698, 699, 700, 701, 702, 703, 704, 705, 706, 707, 708, 709, 710, 711, 712, 713, 714, 715, 716, 717, 718, 719, 720, 721, 722, 723, 724, 725, 726, 727, 728, 729, 730, 731, 732, 733, 734, 735, 736, 737, 738, 739, 740, 741, 742, 743, 744, 745, 746, 747, 748, 749, 750, 751, 752, 753, 754, 755, 756, 757, 758, 759, 760, 761, 762, 763, 764, 765, 766, 767, 768, 769, 770, 771, 772, 773, 774, 775, 776, 777, 778, 779, 780, 781, 782, 783, 784, 785, 786, 787, 788, 789, 790, 791, 792, 793]","[17, 25, 39, 41, 50, 55, 57, 59, 69, 78, 119, 174, 188, 189, 220, 250, 299, 486, 502, 520, 522, 532, 534, 535, 544, 590, 645, 659, 660, 713, 758]",[],"[174, 175, 176, 177, 178, 341, 347, 348, 349, 350, 351, 352, 423, 645, 646, 647, 648, 649, 797, 802, 803, 804, 805, 806, 807, 875]","[17, 25, 39, 41, 50, 55, 57, 59, 69, 78, 103, 104, 105, 106, 107, 108, 109, 110, 111, 112, 113, 114, 115, 116, 117, 118, 119, 120, 121, 122, 123, 124, 125, 126, 127, 128, 129, 130, 131, 132, 133, 134, 135, 136, 137, 138, 139, 140, 141, 142, 143, 144, 145, 146, 147, 148, 149, 150, 151, 152, 153, 154, 155, 156, 157, 158, 159, 160, 161, 162, 163, 164, 165, 166, 167, 168, 169, 170, 171, 172, 173, 174, 175, 176, 177, 178, 179, 180, 181, 182, 183, 184, 185, 186, 187, 188, 189, 190, 191, 192, 193, 194, 195, 196, 197, 198, 199, 200, 201, 202, 203, 204, 205, 206, 207, 208, 209, 210, 211, 212, 213, 214, 215, 216, 217, 218, 219, 220, 221, 222, 223, 224, 225, 226, 227, 228, 229, 230, 231, 232, 233, 234, 235, 236, 237, 238, 239, 240, 241, 242, 243, 244, 245, 246, 247, 248, 249, 250, 251, 252, 253, 254, 255, 256, 257, 258, 259, 260, 261, 262, 263, 264, 265, 266, 267, 268, 269, 270, 271, 272, 273, 274, 275, 276, 277, 278, 279, 280, 281, 282, 283, 284, 285, 286, 287, 288, 289, 290, 291, 292, 293, 294, 295, 296, 297, 298, 299, 300, 301, 302, 303, 304, 305, 306, 307, 308, 309, 310, 311, 312, 313, 314, 315, 316, 317, 318, 319, 320, 321, 322, 323, 324, 325, 326, 327, 328, 329, 330, 331, 332, 333, 334, 335, 336, 337, 341, 347, 348, 349, 350, 351, 352, 399, 423, 486, 502, 520, 522, 532, 534, 535, 544, 574, 575, 576, 577, 578, 579, 580, 581, 582, 583, 584, 585, 586, 587, 588, 589, 590, 591, 592, 593, 594, 595, 596, 597, 598, 599, 600, 601, 602, 603, 604, 605, 606, 607, 608, 609, 610, 611, 612, 613, 614, 615, 616, 617, 618, 619, 620, 621, 622, 623, 624, 625, 626, 627, 628, 629, 630, 631, 632, 633, 634, 635, 636, 637, 638, 639, 640, 641, 642, 643, 644, 645, 646, 647, 648, 649, 650, 651, 652, 653, 654, 655, 656, 657, 658, 659, 660, 661, 662, 663, 664, 665, 666, 667, 668, 669, 670, 671, 672, 673, 674, 675, 676, 677, 678, 679, 680, 681, 682, 683, 684, 685, 686, 687, 688, 689, 690, 691, 692, 693, 694, 695, 696, 697, 698, 699, 700, 701, 702, 703, 704, 705, 706, 707, 708, 709, 710, 711, 712, 713, 714, 715, 716, 717, 718, 719, 720, 721, 722, 723, 724, 725, 726, 727, 728, 729, 730, 731, 732, 733, 734, 735, 736, 737, 738, 739, 740, 741, 742, 743, 744, 745, 746, 747, 748, 749, 750, 751, 752, 753, 754, 755, 756, 757, 758, 759, 760, 761, 762, 763, 764, 765, 766, 767, 768, 769, 770, 771, 772, 773, 774, 775, 776, 777, 778, 779, 780, 781, 782, 783, 784, 785, 786, 787, 788, 789, 790, 791, 792, 793, 797, 802, 803, 804, 805, 806, 807, 848, 875]",True,"[174, 645]","[103, 104, 105, 106, 107, 108, 109, 110, 111, 112, 113, 114, 115, 116, 117, 118, 119, 120, 121, 122, 123, 124, 125, 126, 127, 128, 129, 130, 131, 132, 133, 134, 135, 136, 137, 138, 139, 140, 141, 142, 143, 144, 145, 146, 147, 148, 149, 150, 151, 152, 153, 154, 155, 156, 157, 158, 159, 160, 161, 162, 163, 164, 165, 166, 167, 168, 169, 170, 171, 172, 173, 174, 175, 176, 177, 178, 179, 180, 181, 182, 183, 184, 185, 186, 187, 188, 189, 190, 191, 192, 193, 194, 195, 196, 197, 198, 199, 200, 201, 202, 203, 204, 205, 206, 207, 208, 209, 210, 211, 212, 213, 214, 215, 216, 217, 218, 219, 220, 221, 222, 223, 224, 225, 226, 227, 228, 229, 230, 231, 232, 233, 234, 235, 236, 237, 238, 239, 240, 241, 242, 243, 244, 245, 246, 247, 248, 249, 250, 251, 252, 253, 254, 255, 256, 257, 258, 259, 260, 261, 262, 263, 264, 265, 266, 267, 268, 269, 270, 271, 272, 273, 274, 275, 276, 277, 278, 279, 280, 281, 282, 283, 284, 285, 286, 287, 288, 289, 290, 291, 292, 293, 294, 295, 296, 297, 298, 299, 300, 301, 302, 303, 304, 305, 306, 307, 308, 309, 310, 311, 312, 313, 314, 315, 316, 317, 318, 319, 320, 321, 322, 323, 324, 325, 326, 327, 328, 329, 330, 331, 332, 333, 334, 335, 336, 337, 574, 575, 576, 577, 578, 579, 580, 581, 582, 583, 584, 585, 586, 587, 588, 589, 590, 591, 592, 593, 594, 595, 596, 597, 598, 599, 600, 601, 602, 603, 604, 605, 606, 607, 608, 609, 610, 611, 612, 613, 614, 615, 616, 617, 618, 619, 620, 621, 622, 623, 624, 625, 626, 627, 628, 629, 630, 631, 632, 633, 634, 635, 636, 637, 638, 639, 640, 641, 642, 643, 644, 645, 646, 647, 648, 649, 650, 651, 652, 653, 654, 655, 656, 657, 658, 659, 660, 661, 662, 663, 664, 665, 666, 667, 668, 669, 670, 671, 672, 673, 674, 675, 676, 677, 678, 679, 680, 681, 682, 683, 684, 685, 686, 687, 688, 689, 690, 691, 692, 693, 694, 695, 696, 697, 698, 699, 700, 701, 702, 703, 704, 705, 706, 707, 708, 709, 710, 711, 712, 713, 714, 715, 716, 717, 718, 719, 720, 721, 722, 723, 724, 725, 726, 727, 728, 729, 730, 731, 732, 733, 734, 735, 736, 737, 738, 739, 740, 741, 742, 743, 744, 745, 746, 747, 748, 749, 750, 751, 752, 753, 754, 755, 756, 757, 758, 759, 760, 761, 762, 763, 764, 765, 766, 767, 768, 769, 770, 771, 772, 773, 774, 775, 776, 777, 778, 779, 780, 781, 782, 783, 784, 785, 786, 787, 788, 789, 790, 791, 792, 793]","[174, 188, 189, 197, 232, 254, 399, 645, 659, 660, 668, 696, 717, 848]","[116, 118, 161, 169, 170, 174, 303, 587, 589, 633, 640, 641, 645, 761, 792]","[17, 25, 39, 41, 50, 55, 57, 59, 69, 78, 119, 174, 188, 189, 220, 250, 299, 486, 502, 520, 522, 532, 534, 535, 544, 590, 645, 659, 660, 713, 758]","[174, 175, 176, 177, 178, 341, 347, 348, 349, 350, 351, 352, 423, 645, 646, 647, 648, 649, 797, 802, 803, 804, 805, 806, 807, 875]",[],7/6 successful match,True,"[491, 492]",True,262,False,,1.0,True,Golden Acorn Casino ( Pettit ),
Live Oak Springs ( 91906 ) Golden Acorn Casino,6 619-938-6000 I-8 Exit 61 ( Crestwood ) NATSN,24,Live Oak Springs,91906,Golden Acorn Casino,619-938-6000,2015,Campo,CA,,( Crestwood ) NATSN,I-8 Exit 61 ,Exit,61,False,,False,I-8,,,,,"[645, 174]","[174, 645]","[174, 188, 189, 197, 232, 254, 399, 645, 659, 660, 668, 696, 717, 848]","[116, 118, 161, 169, 170, 174, 303, 587, 589, 633, 640, 641, 645, 761, 792]","[103, 104, 105, 106, 107, 108, 109, 110, 111, 112, 113, 114, 115, 116, 117, 118, 119, 120, 121, 122, 123, 124, 125, 126, 127, 128, 129, 130, 131, 132, 133, 134, 135, 136, 137, 138, 139, 140, 141, 142, 143, 144, 145, 146, 147, 148, 149, 150, 151, 152, 153, 154, 155, 156, 157, 158, 159, 160, 161, 162, 163, 164, 165, 166, 167, 168, 169, 170, 171, 172, 173, 174, 175, 176, 177, 178, 179, 180, 181, 182, 183, 184, 185, 186, 187, 188, 189, 190, 191, 192, 193, 194, 195, 196, 197, 198, 199, 200, 201, 202, 203, 204, 205, 206, 207, 208, 209, 210, 211, 212, 213, 214, 215, 216, 217, 218, 219, 220, 221, 222, 223, 224, 225, 226, 227, 228, 229, 230, 231, 232, 233, 234, 235, 236, 237, 238, 239, 240, 241, 242, 243, 244, 245, 246, 247, 248, 249, 250, 251, 252, 253, 254, 255, 256, 257, 258, 259, 260, 261, 262, 263, 264, 265, 266, 267, 268, 269, 270, 271, 272, 273, 274, 275, 276, 277, 278, 279, 280, 281, 282, 283, 284, 285, 286, 287, 288, 289, 290, 291, 292, 293, 294, 295, 296, 297, 298, 299, 300, 301, 302, 303, 304, 305, 306, 307, 308, 309, 310, 311, 312, 313, 314, 315, 316, 317, 318, 319, 320, 321, 322, 323, 324, 325, 326, 327, 328, 329, 330, 331, 332, 333, 334, 335, 336, 337, 574, 575, 576, 577, 578, 579, 580, 581, 582, 583, 584, 585, 586, 587, 588, 589, 590, 591, 592, 593, 594, 595, 596, 597, 598, 599, 600, 601, 602, 603, 604, 605, 606, 607, 608, 609, 610, 611, 612, 613, 614, 615, 616, 617, 618, 619, 620, 621, 622, 623, 624, 625, 626, 627, 628, 629, 630, 631, 632, 633, 634, 635, 636, 637, 638, 639, 640, 641, 642, 643, 644, 645, 646, 647, 648, 649, 650, 651, 652, 653, 654, 655, 656, 657, 658, 659, 660, 661, 662, 663, 664, 665, 666, 667, 668, 669, 670, 671, 672, 673, 674, 675, 676, 677, 678, 679, 680, 681, 682, 683, 684, 685, 686, 687, 688, 689, 690, 691, 692, 693, 694, 695, 696, 697, 698, 699, 700, 701, 702, 703, 704, 705, 706, 707, 708, 709, 710, 711, 712, 713, 714, 715, 716, 717, 718, 719, 720, 721, 722, 723, 724, 725, 726, 727, 728, 729, 730, 731, 732, 733, 734, 735, 736, 737, 738, 739, 740, 741, 742, 743, 744, 745, 746, 747, 748, 749, 750, 751, 752, 753, 754, 755, 756, 757, 758, 759, 760, 761, 762, 763, 764, 765, 766, 767, 768, 769, 770, 771, 772, 773, 774, 775, 776, 777, 778, 779, 780, 781, 782, 783, 784, 785, 786, 787, 788, 789, 790, 791, 792, 793]","[17, 25, 39, 41, 50, 55, 57, 59, 69, 78, 119, 174, 188, 189, 220, 250, 299, 486, 502, 520, 522, 532, 534, 535, 544, 590, 645, 659, 660, 713, 758]",[],"[174, 175, 176, 177, 178, 341, 347, 348, 349, 350, 351, 352, 423, 645, 646, 647, 648, 649, 797, 802, 803, 804, 805, 806, 807, 875]","[17, 25, 39, 41, 50, 55, 57, 59, 69, 78, 103, 104, 105, 106, 107, 108, 109, 110, 111, 112, 113, 114, 115, 116, 117, 118, 119, 120, 121, 122, 123, 124, 125, 126, 127, 128, 129, 130, 131, 132, 133, 134, 135, 136, 137, 138, 139, 140, 141, 142, 143, 144, 145, 146, 147, 148, 149, 150, 151, 152, 153, 154, 155, 156, 157, 158, 159, 160, 161, 162, 163, 164, 165, 166, 167, 168, 169, 170, 171, 172, 173, 174, 175, 176, 177, 178, 179, 180, 181, 182, 183, 184, 185, 186, 187, 188, 189, 190, 191, 192, 193, 194, 195, 196, 197, 198, 199, 200, 201, 202, 203, 204, 205, 206, 207, 208, 209, 210, 211, 212, 213, 214, 215, 216, 217, 218, 219, 220, 221, 222, 223, 224, 225, 226, 227, 228, 229, 230, 231, 232, 233, 234, 235, 236, 237, 238, 239, 240, 241, 242, 243, 244, 245, 246, 247, 248, 249, 250, 251, 252, 253, 254, 255, 256, 257, 258, 259, 260, 261, 262, 263, 264, 265, 266, 267, 268, 269, 270, 271, 272, 273, 274, 275, 276, 277, 278, 279, 280, 281, 282, 283, 284, 285, 286, 287, 288, 289, 290, 291, 292, 293, 294, 295, 296, 297, 298, 299, 300, 301, 302, 303, 304, 305, 306, 307, 308, 309, 310, 311, 312, 313, 314, 315, 316, 317, 318, 319, 320, 321, 322, 323, 324, 325, 326, 327, 328, 329, 330, 331, 332, 333, 334, 335, 336, 337, 341, 347, 348, 349, 350, 351, 352, 399, 423, 486, 502, 520, 522, 532, 534, 535, 544, 574, 575, 576, 577, 578, 579, 580, 581, 582, 583, 584, 585, 586, 587, 588, 589, 590, 591, 592, 593, 594, 595, 596, 597, 598, 599, 600, 601, 602, 603, 604, 605, 606, 607, 608, 609, 610, 611, 612, 613, 614, 615, 616, 617, 618, 619, 620, 621, 622, 623, 624, 625, 626, 627, 628, 629, 630, 631, 632, 633, 634, 635, 636, 637, 638, 639, 640, 641, 642, 643, 644, 645, 646, 647, 648, 649, 650, 651, 652, 653, 654, 655, 656, 657, 658, 659, 660, 661, 662, 663, 664, 665, 666, 667, 668, 669, 670, 671, 672, 673, 674, 675, 676, 677, 678, 679, 680, 681, 682, 683, 684, 685, 686, 687, 688, 689, 690, 691, 692, 693, 694, 695, 696, 697, 698, 699, 700, 701, 702, 703, 704, 705, 706, 707, 708, 709, 710, 711, 712, 713, 714, 715, 716, 717, 718, 719, 720, 721, 722, 723, 724, 725, 726, 727, 728, 729, 730, 731, 732, 733, 734, 735, 736, 737, 738, 739, 740, 741, 742, 743, 744, 745, 746, 747, 748, 749, 750, 751, 752, 753, 754, 755, 756, 757, 758, 759, 760, 761, 762, 763, 764, 765, 766, 767, 768, 769, 770, 771, 772, 773, 774, 775, 776, 777, 778, 779, 780, 781, 782, 783, 784, 785, 786, 787, 788, 789, 790, 791, 792, 793, 797, 802, 803, 804, 805, 806, 807, 848, 875]",True,"[174, 645]","[103, 104, 105, 106, 107, 108, 109, 110, 111, 112, 113, 114, 115, 116, 117, 118, 119, 120, 121, 122, 123, 124, 125, 126, 127, 128, 129, 130, 131, 132, 133, 134, 135, 136, 137, 138, 139, 140, 141, 142, 143, 144, 145, 146, 147, 148, 149, 150, 151, 152, 153, 154, 155, 156, 157, 158, 159, 160, 161, 162, 163, 164, 165, 166, 167, 168, 169, 170, 171, 172, 173, 174, 175, 176, 177, 178, 179, 180, 181, 182, 183, 184, 185, 186, 187, 188, 189, 190, 191, 192, 193, 194, 195, 196, 197, 198, 199, 200, 201, 202, 203, 204, 205, 206, 207, 208, 209, 210, 211, 212, 213, 214, 215, 216, 217, 218, 219, 220, 221, 222, 223, 224, 225, 226, 227, 228, 229, 230, 231, 232, 233, 234, 235, 236, 237, 238, 239, 240, 241, 242, 243, 244, 245, 246, 247, 248, 249, 250, 251, 252, 253, 254, 255, 256, 257, 258, 259, 260, 261, 262, 263, 264, 265, 266, 267, 268, 269, 270, 271, 272, 273, 274, 275, 276, 277, 278, 279, 280, 281, 282, 283, 284, 285, 286, 287, 288, 289, 290, 291, 292, 293, 294, 295, 296, 297, 298, 299, 300, 301, 302, 303, 304, 305, 306, 307, 308, 309, 310, 311, 312, 313, 314, 315, 316, 317, 318, 319, 320, 321, 322, 323, 324, 325, 326, 327, 328, 329, 330, 331, 332, 333, 334, 335, 336, 337, 574, 575, 576, 577, 578, 579, 580, 581, 582, 583, 584, 585, 586, 587, 588, 589, 590, 591, 592, 593, 594, 595, 596, 597, 598, 599, 600, 601, 602, 603, 604, 605, 606, 607, 608, 609, 610, 611, 612, 613, 614, 615, 616, 617, 618, 619, 620, 621, 622, 623, 624, 625, 626, 627, 628, 629, 630, 631, 632, 633, 634, 635, 636, 637, 638, 639, 640, 641, 642, 643, 644, 645, 646, 647, 648, 649, 650, 651, 652, 653, 654, 655, 656, 657, 658, 659, 660, 661, 662, 663, 664, 665, 666, 667, 668, 669, 670, 671, 672, 673, 674, 675, 676, 677, 678, 679, 680, 681, 682, 683, 684, 685, 686, 687, 688, 689, 690, 691, 692, 693, 694, 695, 696, 697, 698, 699, 700, 701, 702, 703, 704, 705, 706, 707, 708, 709, 710, 711, 712, 713, 714, 715, 716, 717, 718, 719, 720, 721, 722, 723, 724, 725, 726, 727, 728, 729, 730, 731, 732, 733, 734, 735, 736, 737, 738, 739, 740, 741, 742, 743, 744, 745, 746, 747, 748, 749, 750, 751, 752, 753, 754, 755, 756, 757, 758, 759, 760, 761, 762, 763, 764, 765, 766, 767, 768, 769, 770, 771, 772, 773, 774, 775, 776, 777, 778, 779, 780, 781, 782, 783, 784, 785, 786, 787, 788, 789, 790, 791, 792, 793]","[174, 188, 189, 197, 232, 254, 399, 645, 659, 660, 668, 696, 717, 848]","[116, 118, 161, 169, 170, 174, 303, 587, 589, 633, 640, 641, 645, 761, 792]","[17, 25, 39, 41, 50, 55, 57, 59, 69, 78, 119, 174, 188, 189, 220, 250, 299, 486, 502, 520, 522, 532, 534, 535, 544, 590, 645, 659, 660, 713, 758]","[174, 175, 176, 177, 178, 341, 347, 348, 349, 350, 351, 352, 423, 645, 646, 647, 648, 649, 797, 802, 803, 804, 805, 806, 807, 875]",[],7/6 successful match,True,"[491, 492]",True,262,False,,1.0,True,Golden Acorn Casino,
Live Oak Springs ( 91906 ) Golden Acorn Casino,619-938-6000 I-8 Exit 61 ( Crestwood ),24 FLS LO,Live Oak Springs,91906,Golden Acorn Casino,619-938-6000,2016,Campo,CA,,( Crestwood ),I-8 Exit 61 ,Exit,61,False,,False,I-8,,,,,"[645, 174]","[174, 645]","[174, 188, 189, 197, 232, 254, 399, 645, 659, 660, 668, 696, 717, 848]","[116, 118, 161, 169, 170, 174, 303, 587, 589, 633, 640, 641, 645, 761, 792]","[103, 104, 105, 106, 107, 108, 109, 110, 111, 112, 113, 114, 115, 116, 117, 118, 119, 120, 121, 122, 123, 124, 125, 126, 127, 128, 129, 130, 131, 132, 133, 134, 135, 136, 137, 138, 139, 140, 141, 142, 143, 144, 145, 146, 147, 148, 149, 150, 151, 152, 153, 154, 155, 156, 157, 158, 159, 160, 161, 162, 163, 164, 165, 166, 167, 168, 169, 170, 171, 172, 173, 174, 175, 176, 177, 178, 179, 180, 181, 182, 183, 184, 185, 186, 187, 188, 189, 190, 191, 192, 193, 194, 195, 196, 197, 198, 199, 200, 201, 202, 203, 204, 205, 206, 207, 208, 209, 210, 211, 212, 213, 214, 215, 216, 217, 218, 219, 220, 221, 222, 223, 224, 225, 226, 227, 228, 229, 230, 231, 232, 233, 234, 235, 236, 237, 238, 239, 240, 241, 242, 243, 244, 245, 246, 247, 248, 249, 250, 251, 252, 253, 254, 255, 256, 257, 258, 259, 260, 261, 262, 263, 264, 265, 266, 267, 268, 269, 270, 271, 272, 273, 274, 275, 276, 277, 278, 279, 280, 281, 282, 283, 284, 285, 286, 287, 288, 289, 290, 291, 292, 293, 294, 295, 296, 297, 298, 299, 300, 301, 302, 303, 304, 305, 306, 307, 308, 309, 310, 311, 312, 313, 314, 315, 316, 317, 318, 319, 320, 321, 322, 323, 324, 325, 326, 327, 328, 329, 330, 331, 332, 333, 334, 335, 336, 337, 574, 575, 576, 577, 578, 579, 580, 581, 582, 583, 584, 585, 586, 587, 588, 589, 590, 591, 592, 593, 594, 595, 596, 597, 598, 599, 600, 601, 602, 603, 604, 605, 606, 607, 608, 609, 610, 611, 612, 613, 614, 615, 616, 617, 618, 619, 620, 621, 622, 623, 624, 625, 626, 627, 628, 629, 630, 631, 632, 633, 634, 635, 636, 637, 638, 639, 640, 641, 642, 643, 644, 645, 646, 647, 648, 649, 650, 651, 652, 653, 654, 655, 656, 657, 658, 659, 660, 661, 662, 663, 664, 665, 666, 667, 668, 669, 670, 671, 672, 673, 674, 675, 676, 677, 678, 679, 680, 681, 682, 683, 684, 685, 686, 687, 688, 689, 690, 691, 692, 693, 694, 695, 696, 697, 698, 699, 700, 701, 702, 703, 704, 705, 706, 707, 708, 709, 710, 711, 712, 713, 714, 715, 716, 717, 718, 719, 720, 721, 722, 723, 724, 725, 726, 727, 728, 729, 730, 731, 732, 733, 734, 735, 736, 737, 738, 739, 740, 741, 742, 743, 744, 745, 746, 747, 748, 749, 750, 751, 752, 753, 754, 755, 756, 757, 758, 759, 760, 761, 762, 763, 764, 765, 766, 767, 768, 769, 770, 771, 772, 773, 774, 775, 776, 777, 778, 779, 780, 781, 782, 783, 784, 785, 786, 787, 788, 789, 790, 791, 792, 793]","[17, 25, 39, 41, 50, 55, 57, 59, 69, 78, 119, 174, 188, 189, 220, 250, 299, 486, 502, 520, 522, 532, 534, 535, 544, 590, 645, 659, 660, 713, 758]",[],"[174, 175, 176, 177, 178, 341, 347, 348, 349, 350, 351, 352, 423, 645, 646, 647, 648, 649, 797, 802, 803, 804, 805, 806, 807, 875]","[17, 25, 39, 41, 50, 55, 57, 59, 69, 78, 103, 104, 105, 106, 107, 108, 109, 110, 111, 112, 113, 114, 115, 116, 117, 118, 119, 120, 121, 122, 123, 124, 125, 126, 127, 128, 129, 130, 131, 132, 133, 134, 135, 136, 137, 138, 139, 140, 141, 142, 143, 144, 145, 146, 147, 148, 149, 150, 151, 152, 153, 154, 155, 156, 157, 158, 159, 160, 161, 162, 163, 164, 165, 166, 167, 168, 169, 170, 171, 172, 173, 174, 175, 176, 177, 178, 179, 180, 181, 182, 183, 184, 185, 186, 187, 188, 189, 190, 191, 192, 193, 194, 195, 196, 197, 198, 199, 200, 201, 202, 203, 204, 205, 206, 207, 208, 209, 210, 211, 212, 213, 214, 215, 216, 217, 218, 219, 220, 221, 222, 223, 224, 225, 226, 227, 228, 229, 230, 231, 232, 233, 234, 235, 236, 237, 238, 239, 240, 241, 242, 243, 244, 245, 246, 247, 248, 249, 250, 251, 252, 253, 254, 255, 256, 257, 258, 259, 260, 261, 262, 263, 264, 265, 266, 267, 268, 269, 270, 271, 272, 273, 274, 275, 276, 277, 278, 279, 280, 281, 282, 283, 284, 285, 286, 287, 288, 289, 290, 291, 292, 293, 294, 295, 296, 297, 298, 299, 300, 301, 302, 303, 304, 305, 306, 307, 308, 309, 310, 311, 312, 313, 314, 315, 316, 317, 318, 319, 320, 321, 322, 323, 324, 325, 326, 327, 328, 329, 330, 331, 332, 333, 334, 335, 336, 337, 341, 347, 348, 349, 350, 351, 352, 399, 423, 486, 502, 520, 522, 532, 534, 535, 544, 574, 575, 576, 577, 578, 579, 580, 581, 582, 583, 584, 585, 586, 587, 588, 589, 590, 591, 592, 593, 594, 595, 596, 597, 598, 599, 600, 601, 602, 603, 604, 605, 606, 607, 608, 609, 610, 611, 612, 613, 614, 615, 616, 617, 618, 619, 620, 621, 622, 623, 624, 625, 626, 627, 628, 629, 630, 631, 632, 633, 634, 635, 636, 637, 638, 639, 640, 641, 642, 643, 644, 645, 646, 647, 648, 649, 650, 651, 652, 653, 654, 655, 656, 657, 658, 659, 660, 661, 662, 663, 664, 665, 666, 667, 668, 669, 670, 671, 672, 673, 674, 675, 676, 677, 678, 679, 680, 681, 682, 683, 684, 685, 686, 687, 688, 689, 690, 691, 692, 693, 694, 695, 696, 697, 698, 699, 700, 701, 702, 703, 704, 705, 706, 707, 708, 709, 710, 711, 712, 713, 714, 715, 716, 717, 718, 719, 720, 721, 722, 723, 724, 725, 726, 727, 728, 729, 730, 731, 732, 733, 734, 735, 736, 737, 738, 739, 740, 741, 742, 743, 744, 745, 746, 747, 748, 749, 750, 751, 752, 753, 754, 755, 756, 757, 758, 759, 760, 761, 762, 763, 764, 765, 766, 767, 768, 769, 770, 771, 772, 773, 774, 775, 776, 777, 778, 779, 780, 781, 782, 783, 784, 785, 786, 787, 788, 789, 790, 791, 792, 793, 797, 802, 803, 804, 805, 806, 807, 848, 875]",True,"[174, 645]","[103, 104, 105, 106, 107, 108, 109, 110, 111, 112, 113, 114, 115, 116, 117, 118, 119, 120, 121, 122, 123, 124, 125, 126, 127, 128, 129, 130, 131, 132, 133, 134, 135, 136, 137, 138, 139, 140, 141, 142, 143, 144, 145, 146, 147, 148, 149, 150, 151, 152, 153, 154, 155, 156, 157, 158, 159, 160, 161, 162, 163, 164, 165, 166, 167, 168, 169, 170, 171, 172, 173, 174, 175, 176, 177, 178, 179, 180, 181, 182, 183, 184, 185, 186, 187, 188, 189, 190, 191, 192, 193, 194, 195, 196, 197, 198, 199, 200, 201, 202, 203, 204, 205, 206, 207, 208, 209, 210, 211, 212, 213, 214, 215, 216, 217, 218, 219, 220, 221, 222, 223, 224, 225, 226, 227, 228, 229, 230, 231, 232, 233, 234, 235, 236, 237, 238, 239, 240, 241, 242, 243, 244, 245, 246, 247, 248, 249, 250, 251, 252, 253, 254, 255, 256, 257, 258, 259, 260, 261, 262, 263, 264, 265, 266, 267, 268, 269, 270, 271, 272, 273, 274, 275, 276, 277, 278, 279, 280, 281, 282, 283, 284, 285, 286, 287, 288, 289, 290, 291, 292, 293, 294, 295, 296, 297, 298, 299, 300, 301, 302, 303, 304, 305, 306, 307, 308, 309, 310, 311, 312, 313, 314, 315, 316, 317, 318, 319, 320, 321, 322, 323, 324, 325, 326, 327, 328, 329, 330, 331, 332, 333, 334, 335, 336, 337, 574, 575, 576, 577, 578, 579, 580, 581, 582, 583, 584, 585, 586, 587, 588, 589, 590, 591, 592, 593, 594, 595, 596, 597, 598, 599, 600, 601, 602, 603, 604, 605, 606, 607, 608, 609, 610, 611, 612, 613, 614, 615, 616, 617, 618, 619, 620, 621, 622, 623, 624, 625, 626, 627, 628, 629, 630, 631, 632, 633, 634, 635, 636, 637, 638, 639, 640, 641, 642, 643, 644, 645, 646, 647, 648, 649, 650, 651, 652, 653, 654, 655, 656, 657, 658, 659, 660, 661, 662, 663, 664, 665, 666, 667, 668, 669, 670, 671, 672, 673, 674, 675, 676, 677, 678, 679, 680, 681, 682, 683, 684, 685, 686, 687, 688, 689, 690, 691, 692, 693, 694, 695, 696, 697, 698, 699, 700, 701, 702, 703, 704, 705, 706, 707, 708, 709, 710, 711, 712, 713, 714, 715, 716, 717, 718, 719, 720, 721, 722, 723, 724, 725, 726, 727, 728, 729, 730, 731, 732, 733, 734, 735, 736, 737, 738, 739, 740, 741, 742, 743, 744, 745, 746, 747, 748, 749, 750, 751, 752, 753, 754, 755, 756, 757, 758, 759, 760, 761, 762, 763, 764, 765, 766, 767, 768, 769, 770, 771, 772, 773, 774, 775, 776, 777, 778, 779, 780, 781, 782, 783, 784, 785, 786, 787, 788, 789, 790, 791, 792, 793]","[174, 188, 189, 197, 232, 254, 399, 645, 659, 660, 668, 696, 717, 848]","[116, 118, 161, 169, 170, 174, 303, 587, 589, 633, 640, 641, 645, 761, 792]","[17, 25, 39, 41, 50, 55, 57, 59, 69, 78, 119, 174, 188, 189, 220, 250, 299, 486, 502, 520, 522, 532, 534, 535, 544, 590, 645, 659, 660, 713, 758]","[174, 175, 176, 177, 178, 341, 347, 348, 349, 350, 351, 352, 423, 645, 646, 647, 648, 649, 797, 802, 803, 804, 805, 806, 807, 875]",[],7/6 successful match,True,"[491, 492]",True,262,False,,1.0,True,Golden Acorn Casino,
"J National City , 91950 So Cal Truck Stop","619-336-6103 I-5 Exit 10 ( Bay Marina Dr , 1/2 mi W )",000,National City,91950,So Cal Truck Stop,619-336-6103,2006,National City,CA,,"( Bay Marina Dr , 1/2 mi W )",I-5 Exit 10 ,Exit,10,False,,False,I-5,,,,,"[746, 287]","[287, 746]","[287, 746]","[276, 287, 735, 746]","[103, 104, 105, 106, 107, 108, 109, 110, 111, 112, 113, 114, 115, 116, 117, 118, 119, 120, 121, 122, 123, 124, 125, 126, 127, 128, 129, 130, 131, 132, 133, 134, 135, 136, 137, 138, 139, 140, 141, 142, 143, 144, 145, 146, 147, 148, 149, 150, 151, 152, 153, 154, 155, 156, 157, 158, 159, 160, 161, 162, 163, 164, 165, 166, 167, 168, 169, 170, 171, 172, 173, 174, 175, 176, 177, 178, 179, 180, 181, 182, 183, 184, 185, 186, 187, 188, 189, 190, 191, 192, 193, 194, 195, 196, 197, 198, 199, 200, 201, 202, 203, 204, 205, 206, 207, 208, 209, 210, 211, 212, 213, 214, 215, 216, 217, 218, 219, 220, 221, 222, 223, 224, 225, 226, 227, 228, 229, 230, 231, 232, 233, 234, 235, 236, 237, 238, 239, 240, 241, 242, 243, 244, 245, 246, 247, 248, 249, 250, 251, 252, 253, 254, 255, 256, 257, 258, 259, 260, 261, 262, 263, 264, 265, 266, 267, 268, 269, 270, 271, 272, 273, 274, 275, 276, 277, 278, 279, 280, 281, 282, 283, 284, 285, 286, 287, 288, 289, 290, 291, 292, 293, 294, 295, 296, 297, 298, 299, 300, 301, 302, 303, 304, 305, 306, 307, 308, 309, 310, 311, 312, 313, 314, 315, 316, 317, 318, 319, 320, 321, 322, 323, 324, 325, 326, 327, 328, 329, 330, 331, 332, 333, 334, 335, 336, 337, 574, 575, 576, 577, 578, 579, 580, 581, 582, 583, 584, 585, 586, 587, 588, 589, 590, 591, 592, 593, 594, 595, 596, 597, 598, 599, 600, 601, 602, 603, 604, 605, 606, 607, 608, 609, 610, 611, 612, 613, 614, 615, 616, 617, 618, 619, 620, 621, 622, 623, 624, 625, 626, 627, 628, 629, 630, 631, 632, 633, 634, 635, 636, 637, 638, 639, 640, 641, 642, 643, 644, 645, 646, 647, 648, 649, 650, 651, 652, 653, 654, 655, 656, 657, 658, 659, 660, 661, 662, 663, 664, 665, 666, 667, 668, 669, 670, 671, 672, 673, 674, 675, 676, 677, 678, 679, 680, 681, 682, 683, 684, 685, 686, 687, 688, 689, 690, 691, 692, 693, 694, 695, 696, 697, 698, 699, 700, 701, 702, 703, 704, 705, 706, 707, 708, 709, 710, 711, 712, 713, 714, 715, 716, 717, 718, 719, 720, 721, 722, 723, 724, 725, 726, 727, 728, 729, 730, 731, 732, 733, 734, 735, 736, 737, 738, 739, 740, 741, 742, 743, 744, 745, 746, 747, 748, 749, 750, 751, 752, 753, 754, 755, 756, 757, 758, 759, 760, 761, 762, 763, 764, 765, 766, 767, 768, 769, 770, 771, 772, 773, 774, 775, 776, 777, 778, 779, 780, 781, 782, 783, 784, 785, 786, 787, 788, 789, 790, 791, 792, 793]","[105, 114, 138, 141, 152, 153, 154, 155, 157, 159, 164, 165, 176, 182, 191, 192, 194, 195, 196, 200, 204, 208, 209, 210, 211, 215, 226, 228, 241, 242, 243, 245, 248, 249, 250, 257, 261, 270, 271, 282, 287, 289, 291, 294, 296, 298, 306, 308, 309, 311, 314, 327, 333, 335, 337, 576, 585, 609, 612, 623, 624, 626, 627, 629, 631, 636, 637, 647, 653, 662, 663, 665, 666, 667, 671, 674, 678, 679, 680, 681, 690, 692, 705, 706, 707, 709, 711, 712, 713, 719, 721, 729, 730, 741, 746, 748, 750, 753, 755, 757, 764, 766, 767, 769, 772, 785, 791]",[],"[135, 606]","[103, 104, 105, 106, 107, 108, 109, 110, 111, 112, 113, 114, 115, 116, 117, 118, 119, 120, 121, 122, 123, 124, 125, 126, 127, 128, 129, 130, 131, 132, 133, 134, 135, 136, 137, 138, 139, 140, 141, 142, 143, 144, 145, 146, 147, 148, 149, 150, 151, 152, 153, 154, 155, 156, 157, 158, 159, 160, 161, 162, 163, 164, 165, 166, 167, 168, 169, 170, 171, 172, 173, 174, 175, 176, 177, 178, 179, 180, 181, 182, 183, 184, 185, 186, 187, 188, 189, 190, 191, 192, 193, 194, 195, 196, 197, 198, 199, 200, 201, 202, 203, 204, 205, 206, 207, 208, 209, 210, 211, 212, 213, 214, 215, 216, 217, 218, 219, 220, 221, 222, 223, 224, 225, 226, 227, 228, 229, 230, 231, 232, 233, 234, 235, 236, 237, 238, 239, 240, 241, 242, 243, 244, 245, 246, 247, 248, 249, 250, 251, 252, 253, 254, 255, 256, 257, 258, 259, 260, 261, 262, 263, 264, 265, 266, 267, 268, 269, 270, 271, 272, 273, 274, 275, 276, 277, 278, 279, 280, 281, 282, 283, 284, 285, 286, 287, 288, 289, 290, 291, 292, 293, 294, 295, 296, 297, 298, 299, 300, 301, 302, 303, 304, 305, 306, 307, 308, 309, 310, 311, 312, 313, 314, 315, 316, 317, 318, 319, 320, 321, 322, 323, 324, 325, 326, 327, 328, 329, 330, 331, 332, 333, 334, 335, 336, 337, 574, 575, 576, 577, 578, 579, 580, 581, 582, 583, 584, 585, 586, 587, 588, 589, 590, 591, 592, 593, 594, 595, 596, 597, 598, 599, 600, 601, 602, 603, 604, 605, 606, 607, 608, 609, 610, 611, 612, 613, 614, 615, 616, 617, 618, 619, 620, 621, 622, 623, 624, 625, 626, 627, 628, 629, 630, 631, 632, 633, 634, 635, 636, 637, 638, 639, 640, 641, 642, 643, 644, 645, 646, 647, 648, 649, 650, 651, 652, 653, 654, 655, 656, 657, 658, 659, 660, 661, 662, 663, 664, 665, 666, 667, 668, 669, 670, 671, 672, 673, 674, 675, 676, 677, 678, 679, 680, 681, 682, 683, 684, 685, 686, 687, 688, 689, 690, 691, 692, 693, 694, 695, 696, 697, 698, 699, 700, 701, 702, 703, 704, 705, 706, 707, 708, 709, 710, 711, 712, 713, 714, 715, 716, 717, 718, 719, 720, 721, 722, 723, 724, 725, 726, 727, 728, 729, 730, 731, 732, 733, 734, 735, 736, 737, 738, 739, 740, 741, 742, 743, 744, 745, 746, 747, 748, 749, 750, 751, 752, 753, 754, 755, 756, 757, 758, 759, 760, 761, 762, 763, 764, 765, 766, 767, 768, 769, 770, 771, 772, 773, 774, 775, 776, 777, 778, 779, 780, 781, 782, 783, 784, 785, 786, 787, 788, 789, 790, 791, 792, 793]",True,"[287, 746]","[103, 104, 105, 106, 107, 108, 109, 110, 111, 112, 113, 114, 115, 116, 117, 118, 119, 120, 121, 122, 123, 124, 125, 126, 127, 128, 129, 130, 131, 132, 133, 134, 135, 136, 137, 138, 139, 140, 141, 142, 143, 144, 145, 146, 147, 148, 149, 150, 151, 152, 153, 154, 155, 156, 157, 158, 159, 160, 161, 162, 163, 164, 165, 166, 167, 168, 169, 170, 171, 172, 173, 174, 175, 176, 177, 178, 179, 180, 181, 182, 183, 184, 185, 186, 187, 188, 189, 190, 191, 192, 193, 194, 195, 196, 197, 198, 199, 200, 201, 202, 203, 204, 205, 206, 207, 208, 209, 210, 211, 212, 213, 214, 215, 216, 217, 218, 219, 220, 221, 222, 223, 224, 225, 226, 227, 228, 229, 230, 231, 232, 233, 234, 235, 236, 237, 238, 239, 240, 241, 242, 243, 244, 245, 246, 247, 248, 249, 250, 251, 252, 253, 254, 255, 256, 257, 258, 259, 260, 261, 262, 263, 264, 265, 266, 267, 268, 269, 270, 271, 272, 273, 274, 275, 276, 277, 278, 279, 280, 281, 282, 283, 284, 285, 286, 287, 288, 289, 290, 291, 292, 293, 294, 295, 296, 297, 298, 299, 300, 301, 302, 303, 304, 305, 306, 307, 308, 309, 310, 311, 312, 313, 314, 315, 316, 317, 318, 319, 320, 321, 322, 323, 324, 325, 326, 327, 328, 329, 330, 331, 332, 333, 334, 335, 336, 337, 574, 575, 576, 577, 578, 579, 580, 581, 582, 583, 584, 585, 586, 587, 588, 589, 590, 591, 592, 593, 594, 595, 596, 597, 598, 599, 600, 601, 602, 603, 604, 605, 606, 607, 608, 609, 610, 611, 612, 613, 614, 615, 616, 617, 618, 619, 620, 621, 622, 623, 624, 625, 626, 627, 628, 629, 630, 631, 632, 633, 634, 635, 636, 637, 638, 639, 640, 641, 642, 643, 644, 645, 646, 647, 648, 649, 650, 651, 652, 653, 654, 655, 656, 657, 658, 659, 660, 661, 662, 663, 664, 665, 666, 667, 668, 669, 670, 671, 672, 673, 674, 675, 676, 677, 678, 679, 680, 681, 682, 683, 684, 685, 686, 687, 688, 689, 690, 691, 692, 693, 694, 695, 696, 697, 698, 699, 700, 701, 702, 703, 704, 705, 706, 707, 708, 709, 710, 711, 712, 713, 714, 715, 716, 717, 718, 719, 720, 721, 722, 723, 724, 725, 726, 727, 728, 729, 730, 731, 732, 733, 734, 735, 736, 737, 738, 739, 740, 741, 742, 743, 744, 745, 746, 747, 748, 749, 750, 751, 752, 753, 754, 755, 756, 757, 758, 759, 760, 761, 762, 763, 764, 765, 766, 767, 768, 769, 770, 771, 772, 773, 774, 775, 776, 777, 778, 779, 780, 781, 782, 783, 784, 785, 786, 787, 788, 789, 790, 791, 792, 793]","[287, 746]","[276, 287, 735, 746]","[105, 114, 138, 141, 152, 153, 154, 155, 157, 159, 164, 165, 176, 182, 191, 192, 194, 195, 196, 200, 204, 208, 209, 210, 211, 215, 226, 228, 241, 242, 243, 245, 248, 249, 250, 257, 261, 270, 271, 282, 287, 289, 291, 294, 296, 298, 306, 308, 309, 311, 314, 327, 333, 335, 337, 576, 585, 609, 612, 623, 624, 626, 627, 629, 631, 636, 637, 647, 653, 662, 663, 665, 666, 667, 671, 674, 678, 679, 680, 681, 690, 692, 705, 706, 707, 709, 711, 712, 713, 719, 721, 729, 730, 741, 746, 748, 750, 753, 755, 757, 764, 766, 767, 769, 772, 785, 791]","[135, 606]",[],5/6 successful match,True,[603],True,263,False,,,,,
"National City , 91950 So Cal Truck Stop )","619-336-6103 I-5 Exit 10 ( Bay Marina Dr , 1/2 mi W )",,National City,91950,So Cal Truck Stop ),619-336-6103,2007,National City,CA,,"( Bay Marina Dr , 1/2 mi W )",I-5 Exit 10 ,Exit,10,False,,False,I-5,,,,,"[746, 287]","[287, 746]","[287, 746]","[276, 287, 735, 746]","[103, 104, 105, 106, 107, 108, 109, 110, 111, 112, 113, 114, 115, 116, 117, 118, 119, 120, 121, 122, 123, 124, 125, 126, 127, 128, 129, 130, 131, 132, 133, 134, 135, 136, 137, 138, 139, 140, 141, 142, 143, 144, 145, 146, 147, 148, 149, 150, 151, 152, 153, 154, 155, 156, 157, 158, 159, 160, 161, 162, 163, 164, 165, 166, 167, 168, 169, 170, 171, 172, 173, 174, 175, 176, 177, 178, 179, 180, 181, 182, 183, 184, 185, 186, 187, 188, 189, 190, 191, 192, 193, 194, 195, 196, 197, 198, 199, 200, 201, 202, 203, 204, 205, 206, 207, 208, 209, 210, 211, 212, 213, 214, 215, 216, 217, 218, 219, 220, 221, 222, 223, 224, 225, 226, 227, 228, 229, 230, 231, 232, 233, 234, 235, 236, 237, 238, 239, 240, 241, 242, 243, 244, 245, 246, 247, 248, 249, 250, 251, 252, 253, 254, 255, 256, 257, 258, 259, 260, 261, 262, 263, 264, 265, 266, 267, 268, 269, 270, 271, 272, 273, 274, 275, 276, 277, 278, 279, 280, 281, 282, 283, 284, 285, 286, 287, 288, 289, 290, 291, 292, 293, 294, 295, 296, 297, 298, 299, 300, 301, 302, 303, 304, 305, 306, 307, 308, 309, 310, 311, 312, 313, 314, 315, 316, 317, 318, 319, 320, 321, 322, 323, 324, 325, 326, 327, 328, 329, 330, 331, 332, 333, 334, 335, 336, 337, 574, 575, 576, 577, 578, 579, 580, 581, 582, 583, 584, 585, 586, 587, 588, 589, 590, 591, 592, 593, 594, 595, 596, 597, 598, 599, 600, 601, 602, 603, 604, 605, 606, 607, 608, 609, 610, 611, 612, 613, 614, 615, 616, 617, 618, 619, 620, 621, 622, 623, 624, 625, 626, 627, 628, 629, 630, 631, 632, 633, 634, 635, 636, 637, 638, 639, 640, 641, 642, 643, 644, 645, 646, 647, 648, 649, 650, 651, 652, 653, 654, 655, 656, 657, 658, 659, 660, 661, 662, 663, 664, 665, 666, 667, 668, 669, 670, 671, 672, 673, 674, 675, 676, 677, 678, 679, 680, 681, 682, 683, 684, 685, 686, 687, 688, 689, 690, 691, 692, 693, 694, 695, 696, 697, 698, 699, 700, 701, 702, 703, 704, 705, 706, 707, 708, 709, 710, 711, 712, 713, 714, 715, 716, 717, 718, 719, 720, 721, 722, 723, 724, 725, 726, 727, 728, 729, 730, 731, 732, 733, 734, 735, 736, 737, 738, 739, 740, 741, 742, 743, 744, 745, 746, 747, 748, 749, 750, 751, 752, 753, 754, 755, 756, 757, 758, 759, 760, 761, 762, 763, 764, 765, 766, 767, 768, 769, 770, 771, 772, 773, 774, 775, 776, 777, 778, 779, 780, 781, 782, 783, 784, 785, 786, 787, 788, 789, 790, 791, 792, 793]","[105, 114, 138, 141, 152, 153, 154, 155, 157, 159, 164, 165, 176, 182, 191, 192, 194, 195, 196, 200, 204, 208, 209, 210, 211, 215, 226, 228, 241, 242, 243, 245, 248, 249, 250, 257, 261, 270, 271, 282, 287, 289, 291, 294, 296, 298, 306, 308, 309, 311, 314, 327, 333, 335, 337, 576, 585, 609, 612, 623, 624, 626, 627, 629, 631, 636, 637, 647, 653, 662, 663, 665, 666, 667, 671, 674, 678, 679, 680, 681, 690, 692, 705, 706, 707, 709, 711, 712, 713, 719, 721, 729, 730, 741, 746, 748, 750, 753, 755, 757, 764, 766, 767, 769, 772, 785, 791]",[],"[135, 606]","[103, 104, 105, 106, 107, 108, 109, 110, 111, 112, 113, 114, 115, 116, 117, 118, 119, 120, 121, 122, 123, 124, 125, 126, 127, 128, 129, 130, 131, 132, 133, 134, 135, 136, 137, 138, 139, 140, 141, 142, 143, 144, 145, 146, 147, 148, 149, 150, 151, 152, 153, 154, 155, 156, 157, 158, 159, 160, 161, 162, 163, 164, 165, 166, 167, 168, 169, 170, 171, 172, 173, 174, 175, 176, 177, 178, 179, 180, 181, 182, 183, 184, 185, 186, 187, 188, 189, 190, 191, 192, 193, 194, 195, 196, 197, 198, 199, 200, 201, 202, 203, 204, 205, 206, 207, 208, 209, 210, 211, 212, 213, 214, 215, 216, 217, 218, 219, 220, 221, 222, 223, 224, 225, 226, 227, 228, 229, 230, 231, 232, 233, 234, 235, 236, 237, 238, 239, 240, 241, 242, 243, 244, 245, 246, 247, 248, 249, 250, 251, 252, 253, 254, 255, 256, 257, 258, 259, 260, 261, 262, 263, 264, 265, 266, 267, 268, 269, 270, 271, 272, 273, 274, 275, 276, 277, 278, 279, 280, 281, 282, 283, 284, 285, 286, 287, 288, 289, 290, 291, 292, 293, 294, 295, 296, 297, 298, 299, 300, 301, 302, 303, 304, 305, 306, 307, 308, 309, 310, 311, 312, 313, 314, 315, 316, 317, 318, 319, 320, 321, 322, 323, 324, 325, 326, 327, 328, 329, 330, 331, 332, 333, 334, 335, 336, 337, 574, 575, 576, 577, 578, 579, 580, 581, 582, 583, 584, 585, 586, 587, 588, 589, 590, 591, 592, 593, 594, 595, 596, 597, 598, 599, 600, 601, 602, 603, 604, 605, 606, 607, 608, 609, 610, 611, 612, 613, 614, 615, 616, 617, 618, 619, 620, 621, 622, 623, 624, 625, 626, 627, 628, 629, 630, 631, 632, 633, 634, 635, 636, 637, 638, 639, 640, 641, 642, 643, 644, 645, 646, 647, 648, 649, 650, 651, 652, 653, 654, 655, 656, 657, 658, 659, 660, 661, 662, 663, 664, 665, 666, 667, 668, 669, 670, 671, 672, 673, 674, 675, 676, 677, 678, 679, 680, 681, 682, 683, 684, 685, 686, 687, 688, 689, 690, 691, 692, 693, 694, 695, 696, 697, 698, 699, 700, 701, 702, 703, 704, 705, 706, 707, 708, 709, 710, 711, 712, 713, 714, 715, 716, 717, 718, 719, 720, 721, 722, 723, 724, 725, 726, 727, 728, 729, 730, 731, 732, 733, 734, 735, 736, 737, 738, 739, 740, 741, 742, 743, 744, 745, 746, 747, 748, 749, 750, 751, 752, 753, 754, 755, 756, 757, 758, 759, 760, 761, 762, 763, 764, 765, 766, 767, 768, 769, 770, 771, 772, 773, 774, 775, 776, 777, 778, 779, 780, 781, 782, 783, 784, 785, 786, 787, 788, 789, 790, 791, 792, 793]",True,"[287, 746]","[103, 104, 105, 106, 107, 108, 109, 110, 111, 112, 113, 114, 115, 116, 117, 118, 119, 120, 121, 122, 123, 124, 125, 126, 127, 128, 129, 130, 131, 132, 133, 134, 135, 136, 137, 138, 139, 140, 141, 142, 143, 144, 145, 146, 147, 148, 149, 150, 151, 152, 153, 154, 155, 156, 157, 158, 159, 160, 161, 162, 163, 164, 165, 166, 167, 168, 169, 170, 171, 172, 173, 174, 175, 176, 177, 178, 179, 180, 181, 182, 183, 184, 185, 186, 187, 188, 189, 190, 191, 192, 193, 194, 195, 196, 197, 198, 199, 200, 201, 202, 203, 204, 205, 206, 207, 208, 209, 210, 211, 212, 213, 214, 215, 216, 217, 218, 219, 220, 221, 222, 223, 224, 225, 226, 227, 228, 229, 230, 231, 232, 233, 234, 235, 236, 237, 238, 239, 240, 241, 242, 243, 244, 245, 246, 247, 248, 249, 250, 251, 252, 253, 254, 255, 256, 257, 258, 259, 260, 261, 262, 263, 264, 265, 266, 267, 268, 269, 270, 271, 272, 273, 274, 275, 276, 277, 278, 279, 280, 281, 282, 283, 284, 285, 286, 287, 288, 289, 290, 291, 292, 293, 294, 295, 296, 297, 298, 299, 300, 301, 302, 303, 304, 305, 306, 307, 308, 309, 310, 311, 312, 313, 314, 315, 316, 317, 318, 319, 320, 321, 322, 323, 324, 325, 326, 327, 328, 329, 330, 331, 332, 333, 334, 335, 336, 337, 574, 575, 576, 577, 578, 579, 580, 581, 582, 583, 584, 585, 586, 587, 588, 589, 590, 591, 592, 593, 594, 595, 596, 597, 598, 599, 600, 601, 602, 603, 604, 605, 606, 607, 608, 609, 610, 611, 612, 613, 614, 615, 616, 617, 618, 619, 620, 621, 622, 623, 624, 625, 626, 627, 628, 629, 630, 631, 632, 633, 634, 635, 636, 637, 638, 639, 640, 641, 642, 643, 644, 645, 646, 647, 648, 649, 650, 651, 652, 653, 654, 655, 656, 657, 658, 659, 660, 661, 662, 663, 664, 665, 666, 667, 668, 669, 670, 671, 672, 673, 674, 675, 676, 677, 678, 679, 680, 681, 682, 683, 684, 685, 686, 687, 688, 689, 690, 691, 692, 693, 694, 695, 696, 697, 698, 699, 700, 701, 702, 703, 704, 705, 706, 707, 708, 709, 710, 711, 712, 713, 714, 715, 716, 717, 718, 719, 720, 721, 722, 723, 724, 725, 726, 727, 728, 729, 730, 731, 732, 733, 734, 735, 736, 737, 738, 739, 740, 741, 742, 743, 744, 745, 746, 747, 748, 749, 750, 751, 752, 753, 754, 755, 756, 757, 758, 759, 760, 761, 762, 763, 764, 765, 766, 767, 768, 769, 770, 771, 772, 773, 774, 775, 776, 777, 778, 779, 780, 781, 782, 783, 784, 785, 786, 787, 788, 789, 790, 791, 792, 793]","[287, 746]","[276, 287, 735, 746]","[105, 114, 138, 141, 152, 153, 154, 155, 157, 159, 164, 165, 176, 182, 191, 192, 194, 195, 196, 200, 204, 208, 209, 210, 211, 215, 226, 228, 241, 242, 243, 245, 248, 249, 250, 257, 261, 270, 271, 282, 287, 289, 291, 294, 296, 298, 306, 308, 309, 311, 314, 327, 333, 335, 337, 576, 585, 609, 612, 623, 624, 626, 627, 629, 631, 636, 637, 647, 653, 662, 663, 665, 666, 667, 671, 674, 678, 679, 680, 681, 690, 692, 705, 706, 707, 709, 711, 712, 713, 719, 721, 729, 730, 741, 746, 748, 750, 753, 755, 757, 764, 766, 767, 769, 772, 785, 791]","[135, 606]",[],5/6 successful match,True,[603],True,263,False,,0.8833333333333333,True,So Cal Truck Stop,
"National City , 91950 So Cal Truck Stop","619-336-6103 I-5 Exit 10 ( Bay Marina Dr , 1/2 mi W )",<U+2610>,National City,91950,So Cal Truck Stop,619-336-6103,2008,National City,CA,,"( Bay Marina Dr , 1/2 mi W )",I-5 Exit 10 ,Exit,10,False,,False,I-5,,,,,"[746, 287]","[287, 746]","[287, 746]","[276, 287, 735, 746]","[103, 104, 105, 106, 107, 108, 109, 110, 111, 112, 113, 114, 115, 116, 117, 118, 119, 120, 121, 122, 123, 124, 125, 126, 127, 128, 129, 130, 131, 132, 133, 134, 135, 136, 137, 138, 139, 140, 141, 142, 143, 144, 145, 146, 147, 148, 149, 150, 151, 152, 153, 154, 155, 156, 157, 158, 159, 160, 161, 162, 163, 164, 165, 166, 167, 168, 169, 170, 171, 172, 173, 174, 175, 176, 177, 178, 179, 180, 181, 182, 183, 184, 185, 186, 187, 188, 189, 190, 191, 192, 193, 194, 195, 196, 197, 198, 199, 200, 201, 202, 203, 204, 205, 206, 207, 208, 209, 210, 211, 212, 213, 214, 215, 216, 217, 218, 219, 220, 221, 222, 223, 224, 225, 226, 227, 228, 229, 230, 231, 232, 233, 234, 235, 236, 237, 238, 239, 240, 241, 242, 243, 244, 245, 246, 247, 248, 249, 250, 251, 252, 253, 254, 255, 256, 257, 258, 259, 260, 261, 262, 263, 264, 265, 266, 267, 268, 269, 270, 271, 272, 273, 274, 275, 276, 277, 278, 279, 280, 281, 282, 283, 284, 285, 286, 287, 288, 289, 290, 291, 292, 293, 294, 295, 296, 297, 298, 299, 300, 301, 302, 303, 304, 305, 306, 307, 308, 309, 310, 311, 312, 313, 314, 315, 316, 317, 318, 319, 320, 321, 322, 323, 324, 325, 326, 327, 328, 329, 330, 331, 332, 333, 334, 335, 336, 337, 574, 575, 576, 577, 578, 579, 580, 581, 582, 583, 584, 585, 586, 587, 588, 589, 590, 591, 592, 593, 594, 595, 596, 597, 598, 599, 600, 601, 602, 603, 604, 605, 606, 607, 608, 609, 610, 611, 612, 613, 614, 615, 616, 617, 618, 619, 620, 621, 622, 623, 624, 625, 626, 627, 628, 629, 630, 631, 632, 633, 634, 635, 636, 637, 638, 639, 640, 641, 642, 643, 644, 645, 646, 647, 648, 649, 650, 651, 652, 653, 654, 655, 656, 657, 658, 659, 660, 661, 662, 663, 664, 665, 666, 667, 668, 669, 670, 671, 672, 673, 674, 675, 676, 677, 678, 679, 680, 681, 682, 683, 684, 685, 686, 687, 688, 689, 690, 691, 692, 693, 694, 695, 696, 697, 698, 699, 700, 701, 702, 703, 704, 705, 706, 707, 708, 709, 710, 711, 712, 713, 714, 715, 716, 717, 718, 719, 720, 721, 722, 723, 724, 725, 726, 727, 728, 729, 730, 731, 732, 733, 734, 735, 736, 737, 738, 739, 740, 741, 742, 743, 744, 745, 746, 747, 748, 749, 750, 751, 752, 753, 754, 755, 756, 757, 758, 759, 760, 761, 762, 763, 764, 765, 766, 767, 768, 769, 770, 771, 772, 773, 774, 775, 776, 777, 778, 779, 780, 781, 782, 783, 784, 785, 786, 787, 788, 789, 790, 791, 792, 793]","[105, 114, 138, 141, 152, 153, 154, 155, 157, 159, 164, 165, 176, 182, 191, 192, 194, 195, 196, 200, 204, 208, 209, 210, 211, 215, 226, 228, 241, 242, 243, 245, 248, 249, 250, 257, 261, 270, 271, 282, 287, 289, 291, 294, 296, 298, 306, 308, 309, 311, 314, 327, 333, 335, 337, 576, 585, 609, 612, 623, 624, 626, 627, 629, 631, 636, 637, 647, 653, 662, 663, 665, 666, 667, 671, 674, 678, 679, 680, 681, 690, 692, 705, 706, 707, 709, 711, 712, 713, 719, 721, 729, 730, 741, 746, 748, 750, 753, 755, 757, 764, 766, 767, 769, 772, 785, 791]",[],"[135, 606]","[103, 104, 105, 106, 107, 108, 109, 110, 111, 112, 113, 114, 115, 116, 117, 118, 119, 120, 121, 122, 123, 124, 125, 126, 127, 128, 129, 130, 131, 132, 133, 134, 135, 136, 137, 138, 139, 140, 141, 142, 143, 144, 145, 146, 147, 148, 149, 150, 151, 152, 153, 154, 155, 156, 157, 158, 159, 160, 161, 162, 163, 164, 165, 166, 167, 168, 169, 170, 171, 172, 173, 174, 175, 176, 177, 178, 179, 180, 181, 182, 183, 184, 185, 186, 187, 188, 189, 190, 191, 192, 193, 194, 195, 196, 197, 198, 199, 200, 201, 202, 203, 204, 205, 206, 207, 208, 209, 210, 211, 212, 213, 214, 215, 216, 217, 218, 219, 220, 221, 222, 223, 224, 225, 226, 227, 228, 229, 230, 231, 232, 233, 234, 235, 236, 237, 238, 239, 240, 241, 242, 243, 244, 245, 246, 247, 248, 249, 250, 251, 252, 253, 254, 255, 256, 257, 258, 259, 260, 261, 262, 263, 264, 265, 266, 267, 268, 269, 270, 271, 272, 273, 274, 275, 276, 277, 278, 279, 280, 281, 282, 283, 284, 285, 286, 287, 288, 289, 290, 291, 292, 293, 294, 295, 296, 297, 298, 299, 300, 301, 302, 303, 304, 305, 306, 307, 308, 309, 310, 311, 312, 313, 314, 315, 316, 317, 318, 319, 320, 321, 322, 323, 324, 325, 326, 327, 328, 329, 330, 331, 332, 333, 334, 335, 336, 337, 574, 575, 576, 577, 578, 579, 580, 581, 582, 583, 584, 585, 586, 587, 588, 589, 590, 591, 592, 593, 594, 595, 596, 597, 598, 599, 600, 601, 602, 603, 604, 605, 606, 607, 608, 609, 610, 611, 612, 613, 614, 615, 616, 617, 618, 619, 620, 621, 622, 623, 624, 625, 626, 627, 628, 629, 630, 631, 632, 633, 634, 635, 636, 637, 638, 639, 640, 641, 642, 643, 644, 645, 646, 647, 648, 649, 650, 651, 652, 653, 654, 655, 656, 657, 658, 659, 660, 661, 662, 663, 664, 665, 666, 667, 668, 669, 670, 671, 672, 673, 674, 675, 676, 677, 678, 679, 680, 681, 682, 683, 684, 685, 686, 687, 688, 689, 690, 691, 692, 693, 694, 695, 696, 697, 698, 699, 700, 701, 702, 703, 704, 705, 706, 707, 708, 709, 710, 711, 712, 713, 714, 715, 716, 717, 718, 719, 720, 721, 722, 723, 724, 725, 726, 727, 728, 729, 730, 731, 732, 733, 734, 735, 736, 737, 738, 739, 740, 741, 742, 743, 744, 745, 746, 747, 748, 749, 750, 751, 752, 753, 754, 755, 756, 757, 758, 759, 760, 761, 762, 763, 764, 765, 766, 767, 768, 769, 770, 771, 772, 773, 774, 775, 776, 777, 778, 779, 780, 781, 782, 783, 784, 785, 786, 787, 788, 789, 790, 791, 792, 793]",True,"[287, 746]","[103, 104, 105, 106, 107, 108, 109, 110, 111, 112, 113, 114, 115, 116, 117, 118, 119, 120, 121, 122, 123, 124, 125, 126, 127, 128, 129, 130, 131, 132, 133, 134, 135, 136, 137, 138, 139, 140, 141, 142, 143, 144, 145, 146, 147, 148, 149, 150, 151, 152, 153, 154, 155, 156, 157, 158, 159, 160, 161, 162, 163, 164, 165, 166, 167, 168, 169, 170, 171, 172, 173, 174, 175, 176, 177, 178, 179, 180, 181, 182, 183, 184, 185, 186, 187, 188, 189, 190, 191, 192, 193, 194, 195, 196, 197, 198, 199, 200, 201, 202, 203, 204, 205, 206, 207, 208, 209, 210, 211, 212, 213, 214, 215, 216, 217, 218, 219, 220, 221, 222, 223, 224, 225, 226, 227, 228, 229, 230, 231, 232, 233, 234, 235, 236, 237, 238, 239, 240, 241, 242, 243, 244, 245, 246, 247, 248, 249, 250, 251, 252, 253, 254, 255, 256, 257, 258, 259, 260, 261, 262, 263, 264, 265, 266, 267, 268, 269, 270, 271, 272, 273, 274, 275, 276, 277, 278, 279, 280, 281, 282, 283, 284, 285, 286, 287, 288, 289, 290, 291, 292, 293, 294, 295, 296, 297, 298, 299, 300, 301, 302, 303, 304, 305, 306, 307, 308, 309, 310, 311, 312, 313, 314, 315, 316, 317, 318, 319, 320, 321, 322, 323, 324, 325, 326, 327, 328, 329, 330, 331, 332, 333, 334, 335, 336, 337, 574, 575, 576, 577, 578, 579, 580, 581, 582, 583, 584, 585, 586, 587, 588, 589, 590, 591, 592, 593, 594, 595, 596, 597, 598, 599, 600, 601, 602, 603, 604, 605, 606, 607, 608, 609, 610, 611, 612, 613, 614, 615, 616, 617, 618, 619, 620, 621, 622, 623, 624, 625, 626, 627, 628, 629, 630, 631, 632, 633, 634, 635, 636, 637, 638, 639, 640, 641, 642, 643, 644, 645, 646, 647, 648, 649, 650, 651, 652, 653, 654, 655, 656, 657, 658, 659, 660, 661, 662, 663, 664, 665, 666, 667, 668, 669, 670, 671, 672, 673, 674, 675, 676, 677, 678, 679, 680, 681, 682, 683, 684, 685, 686, 687, 688, 689, 690, 691, 692, 693, 694, 695, 696, 697, 698, 699, 700, 701, 702, 703, 704, 705, 706, 707, 708, 709, 710, 711, 712, 713, 714, 715, 716, 717, 718, 719, 720, 721, 722, 723, 724, 725, 726, 727, 728, 729, 730, 731, 732, 733, 734, 735, 736, 737, 738, 739, 740, 741, 742, 743, 744, 745, 746, 747, 748, 749, 750, 751, 752, 753, 754, 755, 756, 757, 758, 759, 760, 761, 762, 763, 764, 765, 766, 767, 768, 769, 770, 771, 772, 773, 774, 775, 776, 777, 778, 779, 780, 781, 782, 783, 784, 785, 786, 787, 788, 789, 790, 791, 792, 793]","[287, 746]","[276, 287, 735, 746]","[105, 114, 138, 141, 152, 153, 154, 155, 157, 159, 164, 165, 176, 182, 191, 192, 194, 195, 196, 200, 204, 208, 209, 210, 211, 215, 226, 228, 241, 242, 243, 245, 248, 249, 250, 257, 261, 270, 271, 282, 287, 289, 291, 294, 296, 298, 306, 308, 309, 311, 314, 327, 333, 335, 337, 576, 585, 609, 612, 623, 624, 626, 627, 629, 631, 636, 637, 647, 653, 662, 663, 665, 666, 667, 671, 674, 678, 679, 680, 681, 690, 692, 705, 706, 707, 709, 711, 712, 713, 719, 721, 729, 730, 741, 746, 748, 750, 753, 755, 757, 764, 766, 767, 769, 772, 785, 791]","[135, 606]",[],5/6 successful match,True,[603],True,263,False,,0.8833333333333333,True,So Cal Truck Stop ),
J National City ( 91950 ) So Cal Truck Stop,"619-336-6103 I-5 Exit 10 ( Bay Marina Dr , 1/2 mi W )",D <U+2610> O,National City,91950,So Cal Truck Stop,619-336-6103,2014,National City,CA,,"( Bay Marina Dr , 1/2 mi W )",I-5 Exit 10 ,Exit,10,False,,False,I-5,,,,,"[746, 287]","[287, 746]","[287, 746]","[276, 287, 735, 746]","[103, 104, 105, 106, 107, 108, 109, 110, 111, 112, 113, 114, 115, 116, 117, 118, 119, 120, 121, 122, 123, 124, 125, 126, 127, 128, 129, 130, 131, 132, 133, 134, 135, 136, 137, 138, 139, 140, 141, 142, 143, 144, 145, 146, 147, 148, 149, 150, 151, 152, 153, 154, 155, 156, 157, 158, 159, 160, 161, 162, 163, 164, 165, 166, 167, 168, 169, 170, 171, 172, 173, 174, 175, 176, 177, 178, 179, 180, 181, 182, 183, 184, 185, 186, 187, 188, 189, 190, 191, 192, 193, 194, 195, 196, 197, 198, 199, 200, 201, 202, 203, 204, 205, 206, 207, 208, 209, 210, 211, 212, 213, 214, 215, 216, 217, 218, 219, 220, 221, 222, 223, 224, 225, 226, 227, 228, 229, 230, 231, 232, 233, 234, 235, 236, 237, 238, 239, 240, 241, 242, 243, 244, 245, 246, 247, 248, 249, 250, 251, 252, 253, 254, 255, 256, 257, 258, 259, 260, 261, 262, 263, 264, 265, 266, 267, 268, 269, 270, 271, 272, 273, 274, 275, 276, 277, 278, 279, 280, 281, 282, 283, 284, 285, 286, 287, 288, 289, 290, 291, 292, 293, 294, 295, 296, 297, 298, 299, 300, 301, 302, 303, 304, 305, 306, 307, 308, 309, 310, 311, 312, 313, 314, 315, 316, 317, 318, 319, 320, 321, 322, 323, 324, 325, 326, 327, 328, 329, 330, 331, 332, 333, 334, 335, 336, 337, 574, 575, 576, 577, 578, 579, 580, 581, 582, 583, 584, 585, 586, 587, 588, 589, 590, 591, 592, 593, 594, 595, 596, 597, 598, 599, 600, 601, 602, 603, 604, 605, 606, 607, 608, 609, 610, 611, 612, 613, 614, 615, 616, 617, 618, 619, 620, 621, 622, 623, 624, 625, 626, 627, 628, 629, 630, 631, 632, 633, 634, 635, 636, 637, 638, 639, 640, 641, 642, 643, 644, 645, 646, 647, 648, 649, 650, 651, 652, 653, 654, 655, 656, 657, 658, 659, 660, 661, 662, 663, 664, 665, 666, 667, 668, 669, 670, 671, 672, 673, 674, 675, 676, 677, 678, 679, 680, 681, 682, 683, 684, 685, 686, 687, 688, 689, 690, 691, 692, 693, 694, 695, 696, 697, 698, 699, 700, 701, 702, 703, 704, 705, 706, 707, 708, 709, 710, 711, 712, 713, 714, 715, 716, 717, 718, 719, 720, 721, 722, 723, 724, 725, 726, 727, 728, 729, 730, 731, 732, 733, 734, 735, 736, 737, 738, 739, 740, 741, 742, 743, 744, 745, 746, 747, 748, 749, 750, 751, 752, 753, 754, 755, 756, 757, 758, 759, 760, 761, 762, 763, 764, 765, 766, 767, 768, 769, 770, 771, 772, 773, 774, 775, 776, 777, 778, 779, 780, 781, 782, 783, 784, 785, 786, 787, 788, 789, 790, 791, 792, 793]","[105, 114, 138, 141, 152, 153, 154, 155, 157, 159, 164, 165, 176, 182, 191, 192, 194, 195, 196, 200, 204, 208, 209, 210, 211, 215, 226, 228, 241, 242, 243, 245, 248, 249, 250, 257, 261, 270, 271, 282, 287, 289, 291, 294, 296, 298, 306, 308, 309, 311, 314, 327, 333, 335, 337, 576, 585, 609, 612, 623, 624, 626, 627, 629, 631, 636, 637, 647, 653, 662, 663, 665, 666, 667, 671, 674, 678, 679, 680, 681, 690, 692, 705, 706, 707, 709, 711, 712, 713, 719, 721, 729, 730, 741, 746, 748, 750, 753, 755, 757, 764, 766, 767, 769, 772, 785, 791]",[],"[135, 606]","[103, 104, 105, 106, 107, 108, 109, 110, 111, 112, 113, 114, 115, 116, 117, 118, 119, 120, 121, 122, 123, 124, 125, 126, 127, 128, 129, 130, 131, 132, 133, 134, 135, 136, 137, 138, 139, 140, 141, 142, 143, 144, 145, 146, 147, 148, 149, 150, 151, 152, 153, 154, 155, 156, 157, 158, 159, 160, 161, 162, 163, 164, 165, 166, 167, 168, 169, 170, 171, 172, 173, 174, 175, 176, 177, 178, 179, 180, 181, 182, 183, 184, 185, 186, 187, 188, 189, 190, 191, 192, 193, 194, 195, 196, 197, 198, 199, 200, 201, 202, 203, 204, 205, 206, 207, 208, 209, 210, 211, 212, 213, 214, 215, 216, 217, 218, 219, 220, 221, 222, 223, 224, 225, 226, 227, 228, 229, 230, 231, 232, 233, 234, 235, 236, 237, 238, 239, 240, 241, 242, 243, 244, 245, 246, 247, 248, 249, 250, 251, 252, 253, 254, 255, 256, 257, 258, 259, 260, 261, 262, 263, 264, 265, 266, 267, 268, 269, 270, 271, 272, 273, 274, 275, 276, 277, 278, 279, 280, 281, 282, 283, 284, 285, 286, 287, 288, 289, 290, 291, 292, 293, 294, 295, 296, 297, 298, 299, 300, 301, 302, 303, 304, 305, 306, 307, 308, 309, 310, 311, 312, 313, 314, 315, 316, 317, 318, 319, 320, 321, 322, 323, 324, 325, 326, 327, 328, 329, 330, 331, 332, 333, 334, 335, 336, 337, 574, 575, 576, 577, 578, 579, 580, 581, 582, 583, 584, 585, 586, 587, 588, 589, 590, 591, 592, 593, 594, 595, 596, 597, 598, 599, 600, 601, 602, 603, 604, 605, 606, 607, 608, 609, 610, 611, 612, 613, 614, 615, 616, 617, 618, 619, 620, 621, 622, 623, 624, 625, 626, 627, 628, 629, 630, 631, 632, 633, 634, 635, 636, 637, 638, 639, 640, 641, 642, 643, 644, 645, 646, 647, 648, 649, 650, 651, 652, 653, 654, 655, 656, 657, 658, 659, 660, 661, 662, 663, 664, 665, 666, 667, 668, 669, 670, 671, 672, 673, 674, 675, 676, 677, 678, 679, 680, 681, 682, 683, 684, 685, 686, 687, 688, 689, 690, 691, 692, 693, 694, 695, 696, 697, 698, 699, 700, 701, 702, 703, 704, 705, 706, 707, 708, 709, 710, 711, 712, 713, 714, 715, 716, 717, 718, 719, 720, 721, 722, 723, 724, 725, 726, 727, 728, 729, 730, 731, 732, 733, 734, 735, 736, 737, 738, 739, 740, 741, 742, 743, 744, 745, 746, 747, 748, 749, 750, 751, 752, 753, 754, 755, 756, 757, 758, 759, 760, 761, 762, 763, 764, 765, 766, 767, 768, 769, 770, 771, 772, 773, 774, 775, 776, 777, 778, 779, 780, 781, 782, 783, 784, 785, 786, 787, 788, 789, 790, 791, 792, 793]",True,"[287, 746]","[103, 104, 105, 106, 107, 108, 109, 110, 111, 112, 113, 114, 115, 116, 117, 118, 119, 120, 121, 122, 123, 124, 125, 126, 127, 128, 129, 130, 131, 132, 133, 134, 135, 136, 137, 138, 139, 140, 141, 142, 143, 144, 145, 146, 147, 148, 149, 150, 151, 152, 153, 154, 155, 156, 157, 158, 159, 160, 161, 162, 163, 164, 165, 166, 167, 168, 169, 170, 171, 172, 173, 174, 175, 176, 177, 178, 179, 180, 181, 182, 183, 184, 185, 186, 187, 188, 189, 190, 191, 192, 193, 194, 195, 196, 197, 198, 199, 200, 201, 202, 203, 204, 205, 206, 207, 208, 209, 210, 211, 212, 213, 214, 215, 216, 217, 218, 219, 220, 221, 222, 223, 224, 225, 226, 227, 228, 229, 230, 231, 232, 233, 234, 235, 236, 237, 238, 239, 240, 241, 242, 243, 244, 245, 246, 247, 248, 249, 250, 251, 252, 253, 254, 255, 256, 257, 258, 259, 260, 261, 262, 263, 264, 265, 266, 267, 268, 269, 270, 271, 272, 273, 274, 275, 276, 277, 278, 279, 280, 281, 282, 283, 284, 285, 286, 287, 288, 289, 290, 291, 292, 293, 294, 295, 296, 297, 298, 299, 300, 301, 302, 303, 304, 305, 306, 307, 308, 309, 310, 311, 312, 313, 314, 315, 316, 317, 318, 319, 320, 321, 322, 323, 324, 325, 326, 327, 328, 329, 330, 331, 332, 333, 334, 335, 336, 337, 574, 575, 576, 577, 578, 579, 580, 581, 582, 583, 584, 585, 586, 587, 588, 589, 590, 591, 592, 593, 594, 595, 596, 597, 598, 599, 600, 601, 602, 603, 604, 605, 606, 607, 608, 609, 610, 611, 612, 613, 614, 615, 616, 617, 618, 619, 620, 621, 622, 623, 624, 625, 626, 627, 628, 629, 630, 631, 632, 633, 634, 635, 636, 637, 638, 639, 640, 641, 642, 643, 644, 645, 646, 647, 648, 649, 650, 651, 652, 653, 654, 655, 656, 657, 658, 659, 660, 661, 662, 663, 664, 665, 666, 667, 668, 669, 670, 671, 672, 673, 674, 675, 676, 677, 678, 679, 680, 681, 682, 683, 684, 685, 686, 687, 688, 689, 690, 691, 692, 693, 694, 695, 696, 697, 698, 699, 700, 701, 702, 703, 704, 705, 706, 707, 708, 709, 710, 711, 712, 713, 714, 715, 716, 717, 718, 719, 720, 721, 722, 723, 724, 725, 726, 727, 728, 729, 730, 731, 732, 733, 734, 735, 736, 737, 738, 739, 740, 741, 742, 743, 744, 745, 746, 747, 748, 749, 750, 751, 752, 753, 754, 755, 756, 757, 758, 759, 760, 761, 762, 763, 764, 765, 766, 767, 768, 769, 770, 771, 772, 773, 774, 775, 776, 777, 778, 779, 780, 781, 782, 783, 784, 785, 786, 787, 788, 789, 790, 791, 792, 793]","[287, 746]","[276, 287, 735, 746]","[105, 114, 138, 141, 152, 153, 154, 155, 157, 159, 164, 165, 176, 182, 191, 192, 194, 195, 196, 200, 204, 208, 209, 210, 211, 215, 226, 228, 241, 242, 243, 245, 248, 249, 250, 257, 261, 270, 271, 282, 287, 289, 291, 294, 296, 298, 306, 308, 309, 311, 314, 327, 333, 335, 337, 576, 585, 609, 612, 623, 624, 626, 627, 629, 631, 636, 637, 647, 653, 662, 663, 665, 666, 667, 671, 674, 678, 679, 680, 681, 690, 692, 705, 706, 707, 709, 711, 712, 713, 719, 721, 729, 730, 741, 746, 748, 750, 753, 755, 757, 764, 766, 767, 769, 772, 785, 791]","[135, 606]",[],5/6 successful match,True,[603],True,263,False,,0.8999999999999999,True,So Cal Truck Stop,
"National City ( 91950 ) So Cal Truck 126 B Stop ( Slauson E , N on Chapin )",619-336-6103 I-5 Exit 10 ( Bay,) D D D,National City,91950,"So Cal Truck 126 B Stop ( Slauson E , N on Chapin )",619-336-6103,2015,National City,CA,,( Bay,I-5 Exit 10 ,Exit,10,False,,False,I-5,,,,,"[746, 287]","[287, 746]","[287, 746]","[276, 287, 735, 746]","[103, 104, 105, 106, 107, 108, 109, 110, 111, 112, 113, 114, 115, 116, 117, 118, 119, 120, 121, 122, 123, 124, 125, 126, 127, 128, 129, 130, 131, 132, 133, 134, 135, 136, 137, 138, 139, 140, 141, 142, 143, 144, 145, 146, 147, 148, 149, 150, 151, 152, 153, 154, 155, 156, 157, 158, 159, 160, 161, 162, 163, 164, 165, 166, 167, 168, 169, 170, 171, 172, 173, 174, 175, 176, 177, 178, 179, 180, 181, 182, 183, 184, 185, 186, 187, 188, 189, 190, 191, 192, 193, 194, 195, 196, 197, 198, 199, 200, 201, 202, 203, 204, 205, 206, 207, 208, 209, 210, 211, 212, 213, 214, 215, 216, 217, 218, 219, 220, 221, 222, 223, 224, 225, 226, 227, 228, 229, 230, 231, 232, 233, 234, 235, 236, 237, 238, 239, 240, 241, 242, 243, 244, 245, 246, 247, 248, 249, 250, 251, 252, 253, 254, 255, 256, 257, 258, 259, 260, 261, 262, 263, 264, 265, 266, 267, 268, 269, 270, 271, 272, 273, 274, 275, 276, 277, 278, 279, 280, 281, 282, 283, 284, 285, 286, 287, 288, 289, 290, 291, 292, 293, 294, 295, 296, 297, 298, 299, 300, 301, 302, 303, 304, 305, 306, 307, 308, 309, 310, 311, 312, 313, 314, 315, 316, 317, 318, 319, 320, 321, 322, 323, 324, 325, 326, 327, 328, 329, 330, 331, 332, 333, 334, 335, 336, 337, 574, 575, 576, 577, 578, 579, 580, 581, 582, 583, 584, 585, 586, 587, 588, 589, 590, 591, 592, 593, 594, 595, 596, 597, 598, 599, 600, 601, 602, 603, 604, 605, 606, 607, 608, 609, 610, 611, 612, 613, 614, 615, 616, 617, 618, 619, 620, 621, 622, 623, 624, 625, 626, 627, 628, 629, 630, 631, 632, 633, 634, 635, 636, 637, 638, 639, 640, 641, 642, 643, 644, 645, 646, 647, 648, 649, 650, 651, 652, 653, 654, 655, 656, 657, 658, 659, 660, 661, 662, 663, 664, 665, 666, 667, 668, 669, 670, 671, 672, 673, 674, 675, 676, 677, 678, 679, 680, 681, 682, 683, 684, 685, 686, 687, 688, 689, 690, 691, 692, 693, 694, 695, 696, 697, 698, 699, 700, 701, 702, 703, 704, 705, 706, 707, 708, 709, 710, 711, 712, 713, 714, 715, 716, 717, 718, 719, 720, 721, 722, 723, 724, 725, 726, 727, 728, 729, 730, 731, 732, 733, 734, 735, 736, 737, 738, 739, 740, 741, 742, 743, 744, 745, 746, 747, 748, 749, 750, 751, 752, 753, 754, 755, 756, 757, 758, 759, 760, 761, 762, 763, 764, 765, 766, 767, 768, 769, 770, 771, 772, 773, 774, 775, 776, 777, 778, 779, 780, 781, 782, 783, 784, 785, 786, 787, 788, 789, 790, 791, 792, 793]","[105, 114, 138, 141, 152, 153, 154, 155, 157, 159, 164, 165, 176, 182, 191, 192, 194, 195, 196, 200, 204, 208, 209, 210, 211, 215, 226, 228, 241, 242, 243, 245, 248, 249, 250, 257, 261, 270, 271, 282, 287, 289, 291, 294, 296, 298, 306, 308, 309, 311, 314, 327, 333, 335, 337, 576, 585, 609, 612, 623, 624, 626, 627, 629, 631, 636, 637, 647, 653, 662, 663, 665, 666, 667, 671, 674, 678, 679, 680, 681, 690, 692, 705, 706, 707, 709, 711, 712, 713, 719, 721, 729, 730, 741, 746, 748, 750, 753, 755, 757, 764, 766, 767, 769, 772, 785, 791]",[],"[135, 606]","[103, 104, 105, 106, 107, 108, 109, 110, 111, 112, 113, 114, 115, 116, 117, 118, 119, 120, 121, 122, 123, 124, 125, 126, 127, 128, 129, 130, 131, 132, 133, 134, 135, 136, 137, 138, 139, 140, 141, 142, 143, 144, 145, 146, 147, 148, 149, 150, 151, 152, 153, 154, 155, 156, 157, 158, 159, 160, 161, 162, 163, 164, 165, 166, 167, 168, 169, 170, 171, 172, 173, 174, 175, 176, 177, 178, 179, 180, 181, 182, 183, 184, 185, 186, 187, 188, 189, 190, 191, 192, 193, 194, 195, 196, 197, 198, 199, 200, 201, 202, 203, 204, 205, 206, 207, 208, 209, 210, 211, 212, 213, 214, 215, 216, 217, 218, 219, 220, 221, 222, 223, 224, 225, 226, 227, 228, 229, 230, 231, 232, 233, 234, 235, 236, 237, 238, 239, 240, 241, 242, 243, 244, 245, 246, 247, 248, 249, 250, 251, 252, 253, 254, 255, 256, 257, 258, 259, 260, 261, 262, 263, 264, 265, 266, 267, 268, 269, 270, 271, 272, 273, 274, 275, 276, 277, 278, 279, 280, 281, 282, 283, 284, 285, 286, 287, 288, 289, 290, 291, 292, 293, 294, 295, 296, 297, 298, 299, 300, 301, 302, 303, 304, 305, 306, 307, 308, 309, 310, 311, 312, 313, 314, 315, 316, 317, 318, 319, 320, 321, 322, 323, 324, 325, 326, 327, 328, 329, 330, 331, 332, 333, 334, 335, 336, 337, 574, 575, 576, 577, 578, 579, 580, 581, 582, 583, 584, 585, 586, 587, 588, 589, 590, 591, 592, 593, 594, 595, 596, 597, 598, 599, 600, 601, 602, 603, 604, 605, 606, 607, 608, 609, 610, 611, 612, 613, 614, 615, 616, 617, 618, 619, 620, 621, 622, 623, 624, 625, 626, 627, 628, 629, 630, 631, 632, 633, 634, 635, 636, 637, 638, 639, 640, 641, 642, 643, 644, 645, 646, 647, 648, 649, 650, 651, 652, 653, 654, 655, 656, 657, 658, 659, 660, 661, 662, 663, 664, 665, 666, 667, 668, 669, 670, 671, 672, 673, 674, 675, 676, 677, 678, 679, 680, 681, 682, 683, 684, 685, 686, 687, 688, 689, 690, 691, 692, 693, 694, 695, 696, 697, 698, 699, 700, 701, 702, 703, 704, 705, 706, 707, 708, 709, 710, 711, 712, 713, 714, 715, 716, 717, 718, 719, 720, 721, 722, 723, 724, 725, 726, 727, 728, 729, 730, 731, 732, 733, 734, 735, 736, 737, 738, 739, 740, 741, 742, 743, 744, 745, 746, 747, 748, 749, 750, 751, 752, 753, 754, 755, 756, 757, 758, 759, 760, 761, 762, 763, 764, 765, 766, 767, 768, 769, 770, 771, 772, 773, 774, 775, 776, 777, 778, 779, 780, 781, 782, 783, 784, 785, 786, 787, 788, 789, 790, 791, 792, 793]",True,"[287, 746]","[103, 104, 105, 106, 107, 108, 109, 110, 111, 112, 113, 114, 115, 116, 117, 118, 119, 120, 121, 122, 123, 124, 125, 126, 127, 128, 129, 130, 131, 132, 133, 134, 135, 136, 137, 138, 139, 140, 141, 142, 143, 144, 145, 146, 147, 148, 149, 150, 151, 152, 153, 154, 155, 156, 157, 158, 159, 160, 161, 162, 163, 164, 165, 166, 167, 168, 169, 170, 171, 172, 173, 174, 175, 176, 177, 178, 179, 180, 181, 182, 183, 184, 185, 186, 187, 188, 189, 190, 191, 192, 193, 194, 195, 196, 197, 198, 199, 200, 201, 202, 203, 204, 205, 206, 207, 208, 209, 210, 211, 212, 213, 214, 215, 216, 217, 218, 219, 220, 221, 222, 223, 224, 225, 226, 227, 228, 229, 230, 231, 232, 233, 234, 235, 236, 237, 238, 239, 240, 241, 242, 243, 244, 245, 246, 247, 248, 249, 250, 251, 252, 253, 254, 255, 256, 257, 258, 259, 260, 261, 262, 263, 264, 265, 266, 267, 268, 269, 270, 271, 272, 273, 274, 275, 276, 277, 278, 279, 280, 281, 282, 283, 284, 285, 286, 287, 288, 289, 290, 291, 292, 293, 294, 295, 296, 297, 298, 299, 300, 301, 302, 303, 304, 305, 306, 307, 308, 309, 310, 311, 312, 313, 314, 315, 316, 317, 318, 319, 320, 321, 322, 323, 324, 325, 326, 327, 328, 329, 330, 331, 332, 333, 334, 335, 336, 337, 574, 575, 576, 577, 578, 579, 580, 581, 582, 583, 584, 585, 586, 587, 588, 589, 590, 591, 592, 593, 594, 595, 596, 597, 598, 599, 600, 601, 602, 603, 604, 605, 606, 607, 608, 609, 610, 611, 612, 613, 614, 615, 616, 617, 618, 619, 620, 621, 622, 623, 624, 625, 626, 627, 628, 629, 630, 631, 632, 633, 634, 635, 636, 637, 638, 639, 640, 641, 642, 643, 644, 645, 646, 647, 648, 649, 650, 651, 652, 653, 654, 655, 656, 657, 658, 659, 660, 661, 662, 663, 664, 665, 666, 667, 668, 669, 670, 671, 672, 673, 674, 675, 676, 677, 678, 679, 680, 681, 682, 683, 684, 685, 686, 687, 688, 689, 690, 691, 692, 693, 694, 695, 696, 697, 698, 699, 700, 701, 702, 703, 704, 705, 706, 707, 708, 709, 710, 711, 712, 713, 714, 715, 716, 717, 718, 719, 720, 721, 722, 723, 724, 725, 726, 727, 728, 729, 730, 731, 732, 733, 734, 735, 736, 737, 738, 739, 740, 741, 742, 743, 744, 745, 746, 747, 748, 749, 750, 751, 752, 753, 754, 755, 756, 757, 758, 759, 760, 761, 762, 763, 764, 765, 766, 767, 768, 769, 770, 771, 772, 773, 774, 775, 776, 777, 778, 779, 780, 781, 782, 783, 784, 785, 786, 787, 788, 789, 790, 791, 792, 793]","[287, 746]","[276, 287, 735, 746]","[105, 114, 138, 141, 152, 153, 154, 155, 157, 159, 164, 165, 176, 182, 191, 192, 194, 195, 196, 200, 204, 208, 209, 210, 211, 215, 226, 228, 241, 242, 243, 245, 248, 249, 250, 257, 261, 270, 271, 282, 287, 289, 291, 294, 296, 298, 306, 308, 309, 311, 314, 327, 333, 335, 337, 576, 585, 609, 612, 623, 624, 626, 627, 629, 631, 636, 637, 647, 653, 662, 663, 665, 666, 667, 671, 674, 678, 679, 680, 681, 690, 692, 705, 706, 707, 709, 711, 712, 713, 719, 721, 729, 730, 741, 746, 748, 750, 753, 755, 757, 764, 766, 767, 769, 772, 785, 791]","[135, 606]",[],5/6 successful match,True,[603],True,263,False,,0.45,True,So Cal Truck Stop,
National City ( 91950 ) So Cal Truck Stop ),"619-336-6103 I-5 Exit 10 ( Bay Marina Dr , 1/2 mi W )",) <U+2610> <U+2610>,National City,91950,So Cal Truck Stop ),619-336-6103,2016,National City,CA,,"( Bay Marina Dr , 1/2 mi W )",I-5 Exit 10 ,Exit,10,False,,False,I-5,,,,,"[746, 287]","[287, 746]","[287, 746]","[276, 287, 735, 746]","[103, 104, 105, 106, 107, 108, 109, 110, 111, 112, 113, 114, 115, 116, 117, 118, 119, 120, 121, 122, 123, 124, 125, 126, 127, 128, 129, 130, 131, 132, 133, 134, 135, 136, 137, 138, 139, 140, 141, 142, 143, 144, 145, 146, 147, 148, 149, 150, 151, 152, 153, 154, 155, 156, 157, 158, 159, 160, 161, 162, 163, 164, 165, 166, 167, 168, 169, 170, 171, 172, 173, 174, 175, 176, 177, 178, 179, 180, 181, 182, 183, 184, 185, 186, 187, 188, 189, 190, 191, 192, 193, 194, 195, 196, 197, 198, 199, 200, 201, 202, 203, 204, 205, 206, 207, 208, 209, 210, 211, 212, 213, 214, 215, 216, 217, 218, 219, 220, 221, 222, 223, 224, 225, 226, 227, 228, 229, 230, 231, 232, 233, 234, 235, 236, 237, 238, 239, 240, 241, 242, 243, 244, 245, 246, 247, 248, 249, 250, 251, 252, 253, 254, 255, 256, 257, 258, 259, 260, 261, 262, 263, 264, 265, 266, 267, 268, 269, 270, 271, 272, 273, 274, 275, 276, 277, 278, 279, 280, 281, 282, 283, 284, 285, 286, 287, 288, 289, 290, 291, 292, 293, 294, 295, 296, 297, 298, 299, 300, 301, 302, 303, 304, 305, 306, 307, 308, 309, 310, 311, 312, 313, 314, 315, 316, 317, 318, 319, 320, 321, 322, 323, 324, 325, 326, 327, 328, 329, 330, 331, 332, 333, 334, 335, 336, 337, 574, 575, 576, 577, 578, 579, 580, 581, 582, 583, 584, 585, 586, 587, 588, 589, 590, 591, 592, 593, 594, 595, 596, 597, 598, 599, 600, 601, 602, 603, 604, 605, 606, 607, 608, 609, 610, 611, 612, 613, 614, 615, 616, 617, 618, 619, 620, 621, 622, 623, 624, 625, 626, 627, 628, 629, 630, 631, 632, 633, 634, 635, 636, 637, 638, 639, 640, 641, 642, 643, 644, 645, 646, 647, 648, 649, 650, 651, 652, 653, 654, 655, 656, 657, 658, 659, 660, 661, 662, 663, 664, 665, 666, 667, 668, 669, 670, 671, 672, 673, 674, 675, 676, 677, 678, 679, 680, 681, 682, 683, 684, 685, 686, 687, 688, 689, 690, 691, 692, 693, 694, 695, 696, 697, 698, 699, 700, 701, 702, 703, 704, 705, 706, 707, 708, 709, 710, 711, 712, 713, 714, 715, 716, 717, 718, 719, 720, 721, 722, 723, 724, 725, 726, 727, 728, 729, 730, 731, 732, 733, 734, 735, 736, 737, 738, 739, 740, 741, 742, 743, 744, 745, 746, 747, 748, 749, 750, 751, 752, 753, 754, 755, 756, 757, 758, 759, 760, 761, 762, 763, 764, 765, 766, 767, 768, 769, 770, 771, 772, 773, 774, 775, 776, 777, 778, 779, 780, 781, 782, 783, 784, 785, 786, 787, 788, 789, 790, 791, 792, 793]","[105, 114, 138, 141, 152, 153, 154, 155, 157, 159, 164, 165, 176, 182, 191, 192, 194, 195, 196, 200, 204, 208, 209, 210, 211, 215, 226, 228, 241, 242, 243, 245, 248, 249, 250, 257, 261, 270, 271, 282, 287, 289, 291, 294, 296, 298, 306, 308, 309, 311, 314, 327, 333, 335, 337, 576, 585, 609, 612, 623, 624, 626, 627, 629, 631, 636, 637, 647, 653, 662, 663, 665, 666, 667, 671, 674, 678, 679, 680, 681, 690, 692, 705, 706, 707, 709, 711, 712, 713, 719, 721, 729, 730, 741, 746, 748, 750, 753, 755, 757, 764, 766, 767, 769, 772, 785, 791]",[],"[135, 606]","[103, 104, 105, 106, 107, 108, 109, 110, 111, 112, 113, 114, 115, 116, 117, 118, 119, 120, 121, 122, 123, 124, 125, 126, 127, 128, 129, 130, 131, 132, 133, 134, 135, 136, 137, 138, 139, 140, 141, 142, 143, 144, 145, 146, 147, 148, 149, 150, 151, 152, 153, 154, 155, 156, 157, 158, 159, 160, 161, 162, 163, 164, 165, 166, 167, 168, 169, 170, 171, 172, 173, 174, 175, 176, 177, 178, 179, 180, 181, 182, 183, 184, 185, 186, 187, 188, 189, 190, 191, 192, 193, 194, 195, 196, 197, 198, 199, 200, 201, 202, 203, 204, 205, 206, 207, 208, 209, 210, 211, 212, 213, 214, 215, 216, 217, 218, 219, 220, 221, 222, 223, 224, 225, 226, 227, 228, 229, 230, 231, 232, 233, 234, 235, 236, 237, 238, 239, 240, 241, 242, 243, 244, 245, 246, 247, 248, 249, 250, 251, 252, 253, 254, 255, 256, 257, 258, 259, 260, 261, 262, 263, 264, 265, 266, 267, 268, 269, 270, 271, 272, 273, 274, 275, 276, 277, 278, 279, 280, 281, 282, 283, 284, 285, 286, 287, 288, 289, 290, 291, 292, 293, 294, 295, 296, 297, 298, 299, 300, 301, 302, 303, 304, 305, 306, 307, 308, 309, 310, 311, 312, 313, 314, 315, 316, 317, 318, 319, 320, 321, 322, 323, 324, 325, 326, 327, 328, 329, 330, 331, 332, 333, 334, 335, 336, 337, 574, 575, 576, 577, 578, 579, 580, 581, 582, 583, 584, 585, 586, 587, 588, 589, 590, 591, 592, 593, 594, 595, 596, 597, 598, 599, 600, 601, 602, 603, 604, 605, 606, 607, 608, 609, 610, 611, 612, 613, 614, 615, 616, 617, 618, 619, 620, 621, 622, 623, 624, 625, 626, 627, 628, 629, 630, 631, 632, 633, 634, 635, 636, 637, 638, 639, 640, 641, 642, 643, 644, 645, 646, 647, 648, 649, 650, 651, 652, 653, 654, 655, 656, 657, 658, 659, 660, 661, 662, 663, 664, 665, 666, 667, 668, 669, 670, 671, 672, 673, 674, 675, 676, 677, 678, 679, 680, 681, 682, 683, 684, 685, 686, 687, 688, 689, 690, 691, 692, 693, 694, 695, 696, 697, 698, 699, 700, 701, 702, 703, 704, 705, 706, 707, 708, 709, 710, 711, 712, 713, 714, 715, 716, 717, 718, 719, 720, 721, 722, 723, 724, 725, 726, 727, 728, 729, 730, 731, 732, 733, 734, 735, 736, 737, 738, 739, 740, 741, 742, 743, 744, 745, 746, 747, 748, 749, 750, 751, 752, 753, 754, 755, 756, 757, 758, 759, 760, 761, 762, 763, 764, 765, 766, 767, 768, 769, 770, 771, 772, 773, 774, 775, 776, 777, 778, 779, 780, 781, 782, 783, 784, 785, 786, 787, 788, 789, 790, 791, 792, 793]",True,"[287, 746]","[103, 104, 105, 106, 107, 108, 109, 110, 111, 112, 113, 114, 115, 116, 117, 118, 119, 120, 121, 122, 123, 124, 125, 126, 127, 128, 129, 130, 131, 132, 133, 134, 135, 136, 137, 138, 139, 140, 141, 142, 143, 144, 145, 146, 147, 148, 149, 150, 151, 152, 153, 154, 155, 156, 157, 158, 159, 160, 161, 162, 163, 164, 165, 166, 167, 168, 169, 170, 171, 172, 173, 174, 175, 176, 177, 178, 179, 180, 181, 182, 183, 184, 185, 186, 187, 188, 189, 190, 191, 192, 193, 194, 195, 196, 197, 198, 199, 200, 201, 202, 203, 204, 205, 206, 207, 208, 209, 210, 211, 212, 213, 214, 215, 216, 217, 218, 219, 220, 221, 222, 223, 224, 225, 226, 227, 228, 229, 230, 231, 232, 233, 234, 235, 236, 237, 238, 239, 240, 241, 242, 243, 244, 245, 246, 247, 248, 249, 250, 251, 252, 253, 254, 255, 256, 257, 258, 259, 260, 261, 262, 263, 264, 265, 266, 267, 268, 269, 270, 271, 272, 273, 274, 275, 276, 277, 278, 279, 280, 281, 282, 283, 284, 285, 286, 287, 288, 289, 290, 291, 292, 293, 294, 295, 296, 297, 298, 299, 300, 301, 302, 303, 304, 305, 306, 307, 308, 309, 310, 311, 312, 313, 314, 315, 316, 317, 318, 319, 320, 321, 322, 323, 324, 325, 326, 327, 328, 329, 330, 331, 332, 333, 334, 335, 336, 337, 574, 575, 576, 577, 578, 579, 580, 581, 582, 583, 584, 585, 586, 587, 588, 589, 590, 591, 592, 593, 594, 595, 596, 597, 598, 599, 600, 601, 602, 603, 604, 605, 606, 607, 608, 609, 610, 611, 612, 613, 614, 615, 616, 617, 618, 619, 620, 621, 622, 623, 624, 625, 626, 627, 628, 629, 630, 631, 632, 633, 634, 635, 636, 637, 638, 639, 640, 641, 642, 643, 644, 645, 646, 647, 648, 649, 650, 651, 652, 653, 654, 655, 656, 657, 658, 659, 660, 661, 662, 663, 664, 665, 666, 667, 668, 669, 670, 671, 672, 673, 674, 675, 676, 677, 678, 679, 680, 681, 682, 683, 684, 685, 686, 687, 688, 689, 690, 691, 692, 693, 694, 695, 696, 697, 698, 699, 700, 701, 702, 703, 704, 705, 706, 707, 708, 709, 710, 711, 712, 713, 714, 715, 716, 717, 718, 719, 720, 721, 722, 723, 724, 725, 726, 727, 728, 729, 730, 731, 732, 733, 734, 735, 736, 737, 738, 739, 740, 741, 742, 743, 744, 745, 746, 747, 748, 749, 750, 751, 752, 753, 754, 755, 756, 757, 758, 759, 760, 761, 762, 763, 764, 765, 766, 767, 768, 769, 770, 771, 772, 773, 774, 775, 776, 777, 778, 779, 780, 781, 782, 783, 784, 785, 786, 787, 788, 789, 790, 791, 792, 793]","[287, 746]","[276, 287, 735, 746]","[105, 114, 138, 141, 152, 153, 154, 155, 157, 159, 164, 165, 176, 182, 191, 192, 194, 195, 196, 200, 204, 208, 209, 210, 211, 215, 226, 228, 241, 242, 243, 245, 248, 249, 250, 257, 261, 270, 271, 282, 287, 289, 291, 294, 296, 298, 306, 308, 309, 311, 314, 327, 333, 335, 337, 576, 585, 609, 612, 623, 624, 626, 627, 629, 631, 636, 637, 647, 653, 662, 663, 665, 666, 667, 671, 674, 678, 679, 680, 681, 690, 692, 705, 706, 707, 709, 711, 712, 713, 719, 721, 729, 730, 741, 746, 748, 750, 753, 755, 757, 764, 766, 767, 769, 772, 785, 791]","[135, 606]",[],5/6 successful match,True,[603],True,263,False,,0.46285714285714286,True,"So Cal Truck 126 B Stop ( Slauson E , N on Chapin )",
"San Diego , 92121 Autoport Unocal 76","858-450-9776 I-805 Exit 25 B ( Miramar , 1 mi E )",<U+2610> <U+2610> O,San Diego,92121,Autoport Unocal 76,858-450-9776,2006,San Diego,CA,,"( Miramar , 1 mi E )",I-805 Exit 25 B ,Exit,25,False,,False,I-805,,,,,"[297, 756]","[297, 756]","[49, 87, 107, 198, 255, 293, 297, 316, 331, 528, 558, 578, 669, 708, 752, 756, 774, 788]","[80, 297, 552, 756]","[103, 104, 105, 106, 107, 108, 109, 110, 111, 112, 113, 114, 115, 116, 117, 118, 119, 120, 121, 122, 123, 124, 125, 126, 127, 128, 129, 130, 131, 132, 133, 134, 135, 136, 137, 138, 139, 140, 141, 142, 143, 144, 145, 146, 147, 148, 149, 150, 151, 152, 153, 154, 155, 156, 157, 158, 159, 160, 161, 162, 163, 164, 165, 166, 167, 168, 169, 170, 171, 172, 173, 174, 175, 176, 177, 178, 179, 180, 181, 182, 183, 184, 185, 186, 187, 188, 189, 190, 191, 192, 193, 194, 195, 196, 197, 198, 199, 200, 201, 202, 203, 204, 205, 206, 207, 208, 209, 210, 211, 212, 213, 214, 215, 216, 217, 218, 219, 220, 221, 222, 223, 224, 225, 226, 227, 228, 229, 230, 231, 232, 233, 234, 235, 236, 237, 238, 239, 240, 241, 242, 243, 244, 245, 246, 247, 248, 249, 250, 251, 252, 253, 254, 255, 256, 257, 258, 259, 260, 261, 262, 263, 264, 265, 266, 267, 268, 269, 270, 271, 272, 273, 274, 275, 276, 277, 278, 279, 280, 281, 282, 283, 284, 285, 286, 287, 288, 289, 290, 291, 292, 293, 294, 295, 296, 297, 298, 299, 300, 301, 302, 303, 304, 305, 306, 307, 308, 309, 310, 311, 312, 313, 314, 315, 316, 317, 318, 319, 320, 321, 322, 323, 324, 325, 326, 327, 328, 329, 330, 331, 332, 333, 334, 335, 336, 337, 574, 575, 576, 577, 578, 579, 580, 581, 582, 583, 584, 585, 586, 587, 588, 589, 590, 591, 592, 593, 594, 595, 596, 597, 598, 599, 600, 601, 602, 603, 604, 605, 606, 607, 608, 609, 610, 611, 612, 613, 614, 615, 616, 617, 618, 619, 620, 621, 622, 623, 624, 625, 626, 627, 628, 629, 630, 631, 632, 633, 634, 635, 636, 637, 638, 639, 640, 641, 642, 643, 644, 645, 646, 647, 648, 649, 650, 651, 652, 653, 654, 655, 656, 657, 658, 659, 660, 661, 662, 663, 664, 665, 666, 667, 668, 669, 670, 671, 672, 673, 674, 675, 676, 677, 678, 679, 680, 681, 682, 683, 684, 685, 686, 687, 688, 689, 690, 691, 692, 693, 694, 695, 696, 697, 698, 699, 700, 701, 702, 703, 704, 705, 706, 707, 708, 709, 710, 711, 712, 713, 714, 715, 716, 717, 718, 719, 720, 721, 722, 723, 724, 725, 726, 727, 728, 729, 730, 731, 732, 733, 734, 735, 736, 737, 738, 739, 740, 741, 742, 743, 744, 745, 746, 747, 748, 749, 750, 751, 752, 753, 754, 755, 756, 757, 758, 759, 760, 761, 762, 763, 764, 765, 766, 767, 768, 769, 770, 771, 772, 773, 774, 775, 776, 777, 778, 779, 780, 781, 782, 783, 784, 785, 786, 787, 788, 789, 790, 791, 792, 793]","[255, 297, 708, 756]",[],"[84, 87, 89, 114, 115, 117, 124, 132, 135, 144, 152, 178, 239, 268, 281, 297, 318, 320, 327, 348, 394, 555, 558, 560, 585, 586, 588, 595, 603, 606, 615, 623, 649, 703, 727, 740, 756, 776, 778, 785, 803, 844]","[49, 80, 84, 87, 89, 103, 104, 105, 106, 107, 108, 109, 110, 111, 112, 113, 114, 115, 116, 117, 118, 119, 120, 121, 122, 123, 124, 125, 126, 127, 128, 129, 130, 131, 132, 133, 134, 135, 136, 137, 138, 139, 140, 141, 142, 143, 144, 145, 146, 147, 148, 149, 150, 151, 152, 153, 154, 155, 156, 157, 158, 159, 160, 161, 162, 163, 164, 165, 166, 167, 168, 169, 170, 171, 172, 173, 174, 175, 176, 177, 178, 179, 180, 181, 182, 183, 184, 185, 186, 187, 188, 189, 190, 191, 192, 193, 194, 195, 196, 197, 198, 199, 200, 201, 202, 203, 204, 205, 206, 207, 208, 209, 210, 211, 212, 213, 214, 215, 216, 217, 218, 219, 220, 221, 222, 223, 224, 225, 226, 227, 228, 229, 230, 231, 232, 233, 234, 235, 236, 237, 238, 239, 240, 241, 242, 243, 244, 245, 246, 247, 248, 249, 250, 251, 252, 253, 254, 255, 256, 257, 258, 259, 260, 261, 262, 263, 264, 265, 266, 267, 268, 269, 270, 271, 272, 273, 274, 275, 276, 277, 278, 279, 280, 281, 282, 283, 284, 285, 286, 287, 288, 289, 290, 291, 292, 293, 294, 295, 296, 297, 298, 299, 300, 301, 302, 303, 304, 305, 306, 307, 308, 309, 310, 311, 312, 313, 314, 315, 316, 317, 318, 319, 320, 321, 322, 323, 324, 325, 326, 327, 328, 329, 330, 331, 332, 333, 334, 335, 336, 337, 348, 394, 528, 552, 555, 558, 560, 574, 575, 576, 577, 578, 579, 580, 581, 582, 583, 584, 585, 586, 587, 588, 589, 590, 591, 592, 593, 594, 595, 596, 597, 598, 599, 600, 601, 602, 603, 604, 605, 606, 607, 608, 609, 610, 611, 612, 613, 614, 615, 616, 617, 618, 619, 620, 621, 622, 623, 624, 625, 626, 627, 628, 629, 630, 631, 632, 633, 634, 635, 636, 637, 638, 639, 640, 641, 642, 643, 644, 645, 646, 647, 648, 649, 650, 651, 652, 653, 654, 655, 656, 657, 658, 659, 660, 661, 662, 663, 664, 665, 666, 667, 668, 669, 670, 671, 672, 673, 674, 675, 676, 677, 678, 679, 680, 681, 682, 683, 684, 685, 686, 687, 688, 689, 690, 691, 692, 693, 694, 695, 696, 697, 698, 699, 700, 701, 702, 703, 704, 705, 706, 707, 708, 709, 710, 711, 712, 713, 714, 715, 716, 717, 718, 719, 720, 721, 722, 723, 724, 725, 726, 727, 728, 729, 730, 731, 732, 733, 734, 735, 736, 737, 738, 739, 740, 741, 742, 743, 744, 745, 746, 747, 748, 749, 750, 751, 752, 753, 754, 755, 756, 757, 758, 759, 760, 761, 762, 763, 764, 765, 766, 767, 768, 769, 770, 771, 772, 773, 774, 775, 776, 777, 778, 779, 780, 781, 782, 783, 784, 785, 786, 787, 788, 789, 790, 791, 792, 793, 803, 844]",True,"[297, 756]","[103, 104, 105, 106, 107, 108, 109, 110, 111, 112, 113, 114, 115, 116, 117, 118, 119, 120, 121, 122, 123, 124, 125, 126, 127, 128, 129, 130, 131, 132, 133, 134, 135, 136, 137, 138, 139, 140, 141, 142, 143, 144, 145, 146, 147, 148, 149, 150, 151, 152, 153, 154, 155, 156, 157, 158, 159, 160, 161, 162, 163, 164, 165, 166, 167, 168, 169, 170, 171, 172, 173, 174, 175, 176, 177, 178, 179, 180, 181, 182, 183, 184, 185, 186, 187, 188, 189, 190, 191, 192, 193, 194, 195, 196, 197, 198, 199, 200, 201, 202, 203, 204, 205, 206, 207, 208, 209, 210, 211, 212, 213, 214, 215, 216, 217, 218, 219, 220, 221, 222, 223, 224, 225, 226, 227, 228, 229, 230, 231, 232, 233, 234, 235, 236, 237, 238, 239, 240, 241, 242, 243, 244, 245, 246, 247, 248, 249, 250, 251, 252, 253, 254, 255, 256, 257, 258, 259, 260, 261, 262, 263, 264, 265, 266, 267, 268, 269, 270, 271, 272, 273, 274, 275, 276, 277, 278, 279, 280, 281, 282, 283, 284, 285, 286, 287, 288, 289, 290, 291, 292, 293, 294, 295, 296, 297, 298, 299, 300, 301, 302, 303, 304, 305, 306, 307, 308, 309, 310, 311, 312, 313, 314, 315, 316, 317, 318, 319, 320, 321, 322, 323, 324, 325, 326, 327, 328, 329, 330, 331, 332, 333, 334, 335, 336, 337, 574, 575, 576, 577, 578, 579, 580, 581, 582, 583, 584, 585, 586, 587, 588, 589, 590, 591, 592, 593, 594, 595, 596, 597, 598, 599, 600, 601, 602, 603, 604, 605, 606, 607, 608, 609, 610, 611, 612, 613, 614, 615, 616, 617, 618, 619, 620, 621, 622, 623, 624, 625, 626, 627, 628, 629, 630, 631, 632, 633, 634, 635, 636, 637, 638, 639, 640, 641, 642, 643, 644, 645, 646, 647, 648, 649, 650, 651, 652, 653, 654, 655, 656, 657, 658, 659, 660, 661, 662, 663, 664, 665, 666, 667, 668, 669, 670, 671, 672, 673, 674, 675, 676, 677, 678, 679, 680, 681, 682, 683, 684, 685, 686, 687, 688, 689, 690, 691, 692, 693, 694, 695, 696, 697, 698, 699, 700, 701, 702, 703, 704, 705, 706, 707, 708, 709, 710, 711, 712, 713, 714, 715, 716, 717, 718, 719, 720, 721, 722, 723, 724, 725, 726, 727, 728, 729, 730, 731, 732, 733, 734, 735, 736, 737, 738, 739, 740, 741, 742, 743, 744, 745, 746, 747, 748, 749, 750, 751, 752, 753, 754, 755, 756, 757, 758, 759, 760, 761, 762, 763, 764, 765, 766, 767, 768, 769, 770, 771, 772, 773, 774, 775, 776, 777, 778, 779, 780, 781, 782, 783, 784, 785, 786, 787, 788, 789, 790, 791, 792, 793]","[49, 87, 107, 198, 255, 293, 297, 316, 331, 528, 558, 578, 669, 708, 752, 756, 774, 788]","[80, 297, 552, 756]","[255, 297, 708, 756]","[84, 87, 89, 114, 115, 117, 124, 132, 135, 144, 152, 178, 239, 268, 281, 297, 318, 320, 327, 348, 394, 555, 558, 560, 585, 586, 588, 595, 603, 606, 615, 623, 649, 703, 727, 740, 756, 776, 778, 785, 803, 844]",[],7/6 successful match,True,,False,264,False,,,,,
"San Diego , 92121 Autoport Unocal 76","858-450-9776 I-805 Exit 25 B ( Miramar , 1 mi E )",,San Diego,92121,Autoport Unocal 76,858-450-9776,2007,San Diego,CA,,"( Miramar , 1 mi E )",I-805 Exit 25 B ,Exit,25,False,,False,I-805,,,,,"[297, 756]","[297, 756]","[49, 87, 107, 198, 255, 293, 297, 316, 331, 528, 558, 578, 669, 708, 752, 756, 774, 788]","[80, 297, 552, 756]","[103, 104, 105, 106, 107, 108, 109, 110, 111, 112, 113, 114, 115, 116, 117, 118, 119, 120, 121, 122, 123, 124, 125, 126, 127, 128, 129, 130, 131, 132, 133, 134, 135, 136, 137, 138, 139, 140, 141, 142, 143, 144, 145, 146, 147, 148, 149, 150, 151, 152, 153, 154, 155, 156, 157, 158, 159, 160, 161, 162, 163, 164, 165, 166, 167, 168, 169, 170, 171, 172, 173, 174, 175, 176, 177, 178, 179, 180, 181, 182, 183, 184, 185, 186, 187, 188, 189, 190, 191, 192, 193, 194, 195, 196, 197, 198, 199, 200, 201, 202, 203, 204, 205, 206, 207, 208, 209, 210, 211, 212, 213, 214, 215, 216, 217, 218, 219, 220, 221, 222, 223, 224, 225, 226, 227, 228, 229, 230, 231, 232, 233, 234, 235, 236, 237, 238, 239, 240, 241, 242, 243, 244, 245, 246, 247, 248, 249, 250, 251, 252, 253, 254, 255, 256, 257, 258, 259, 260, 261, 262, 263, 264, 265, 266, 267, 268, 269, 270, 271, 272, 273, 274, 275, 276, 277, 278, 279, 280, 281, 282, 283, 284, 285, 286, 287, 288, 289, 290, 291, 292, 293, 294, 295, 296, 297, 298, 299, 300, 301, 302, 303, 304, 305, 306, 307, 308, 309, 310, 311, 312, 313, 314, 315, 316, 317, 318, 319, 320, 321, 322, 323, 324, 325, 326, 327, 328, 329, 330, 331, 332, 333, 334, 335, 336, 337, 574, 575, 576, 577, 578, 579, 580, 581, 582, 583, 584, 585, 586, 587, 588, 589, 590, 591, 592, 593, 594, 595, 596, 597, 598, 599, 600, 601, 602, 603, 604, 605, 606, 607, 608, 609, 610, 611, 612, 613, 614, 615, 616, 617, 618, 619, 620, 621, 622, 623, 624, 625, 626, 627, 628, 629, 630, 631, 632, 633, 634, 635, 636, 637, 638, 639, 640, 641, 642, 643, 644, 645, 646, 647, 648, 649, 650, 651, 652, 653, 654, 655, 656, 657, 658, 659, 660, 661, 662, 663, 664, 665, 666, 667, 668, 669, 670, 671, 672, 673, 674, 675, 676, 677, 678, 679, 680, 681, 682, 683, 684, 685, 686, 687, 688, 689, 690, 691, 692, 693, 694, 695, 696, 697, 698, 699, 700, 701, 702, 703, 704, 705, 706, 707, 708, 709, 710, 711, 712, 713, 714, 715, 716, 717, 718, 719, 720, 721, 722, 723, 724, 725, 726, 727, 728, 729, 730, 731, 732, 733, 734, 735, 736, 737, 738, 739, 740, 741, 742, 743, 744, 745, 746, 747, 748, 749, 750, 751, 752, 753, 754, 755, 756, 757, 758, 759, 760, 761, 762, 763, 764, 765, 766, 767, 768, 769, 770, 771, 772, 773, 774, 775, 776, 777, 778, 779, 780, 781, 782, 783, 784, 785, 786, 787, 788, 789, 790, 791, 792, 793]","[255, 297, 708, 756]",[],"[84, 87, 89, 114, 115, 117, 124, 132, 135, 144, 152, 178, 239, 268, 281, 297, 318, 320, 327, 348, 394, 555, 558, 560, 585, 586, 588, 595, 603, 606, 615, 623, 649, 703, 727, 740, 756, 776, 778, 785, 803, 844]","[49, 80, 84, 87, 89, 103, 104, 105, 106, 107, 108, 109, 110, 111, 112, 113, 114, 115, 116, 117, 118, 119, 120, 121, 122, 123, 124, 125, 126, 127, 128, 129, 130, 131, 132, 133, 134, 135, 136, 137, 138, 139, 140, 141, 142, 143, 144, 145, 146, 147, 148, 149, 150, 151, 152, 153, 154, 155, 156, 157, 158, 159, 160, 161, 162, 163, 164, 165, 166, 167, 168, 169, 170, 171, 172, 173, 174, 175, 176, 177, 178, 179, 180, 181, 182, 183, 184, 185, 186, 187, 188, 189, 190, 191, 192, 193, 194, 195, 196, 197, 198, 199, 200, 201, 202, 203, 204, 205, 206, 207, 208, 209, 210, 211, 212, 213, 214, 215, 216, 217, 218, 219, 220, 221, 222, 223, 224, 225, 226, 227, 228, 229, 230, 231, 232, 233, 234, 235, 236, 237, 238, 239, 240, 241, 242, 243, 244, 245, 246, 247, 248, 249, 250, 251, 252, 253, 254, 255, 256, 257, 258, 259, 260, 261, 262, 263, 264, 265, 266, 267, 268, 269, 270, 271, 272, 273, 274, 275, 276, 277, 278, 279, 280, 281, 282, 283, 284, 285, 286, 287, 288, 289, 290, 291, 292, 293, 294, 295, 296, 297, 298, 299, 300, 301, 302, 303, 304, 305, 306, 307, 308, 309, 310, 311, 312, 313, 314, 315, 316, 317, 318, 319, 320, 321, 322, 323, 324, 325, 326, 327, 328, 329, 330, 331, 332, 333, 334, 335, 336, 337, 348, 394, 528, 552, 555, 558, 560, 574, 575, 576, 577, 578, 579, 580, 581, 582, 583, 584, 585, 586, 587, 588, 589, 590, 591, 592, 593, 594, 595, 596, 597, 598, 599, 600, 601, 602, 603, 604, 605, 606, 607, 608, 609, 610, 611, 612, 613, 614, 615, 616, 617, 618, 619, 620, 621, 622, 623, 624, 625, 626, 627, 628, 629, 630, 631, 632, 633, 634, 635, 636, 637, 638, 639, 640, 641, 642, 643, 644, 645, 646, 647, 648, 649, 650, 651, 652, 653, 654, 655, 656, 657, 658, 659, 660, 661, 662, 663, 664, 665, 666, 667, 668, 669, 670, 671, 672, 673, 674, 675, 676, 677, 678, 679, 680, 681, 682, 683, 684, 685, 686, 687, 688, 689, 690, 691, 692, 693, 694, 695, 696, 697, 698, 699, 700, 701, 702, 703, 704, 705, 706, 707, 708, 709, 710, 711, 712, 713, 714, 715, 716, 717, 718, 719, 720, 721, 722, 723, 724, 725, 726, 727, 728, 729, 730, 731, 732, 733, 734, 735, 736, 737, 738, 739, 740, 741, 742, 743, 744, 745, 746, 747, 748, 749, 750, 751, 752, 753, 754, 755, 756, 757, 758, 759, 760, 761, 762, 763, 764, 765, 766, 767, 768, 769, 770, 771, 772, 773, 774, 775, 776, 777, 778, 779, 780, 781, 782, 783, 784, 785, 786, 787, 788, 789, 790, 791, 792, 793, 803, 844]",True,"[297, 756]","[103, 104, 105, 106, 107, 108, 109, 110, 111, 112, 113, 114, 115, 116, 117, 118, 119, 120, 121, 122, 123, 124, 125, 126, 127, 128, 129, 130, 131, 132, 133, 134, 135, 136, 137, 138, 139, 140, 141, 142, 143, 144, 145, 146, 147, 148, 149, 150, 151, 152, 153, 154, 155, 156, 157, 158, 159, 160, 161, 162, 163, 164, 165, 166, 167, 168, 169, 170, 171, 172, 173, 174, 175, 176, 177, 178, 179, 180, 181, 182, 183, 184, 185, 186, 187, 188, 189, 190, 191, 192, 193, 194, 195, 196, 197, 198, 199, 200, 201, 202, 203, 204, 205, 206, 207, 208, 209, 210, 211, 212, 213, 214, 215, 216, 217, 218, 219, 220, 221, 222, 223, 224, 225, 226, 227, 228, 229, 230, 231, 232, 233, 234, 235, 236, 237, 238, 239, 240, 241, 242, 243, 244, 245, 246, 247, 248, 249, 250, 251, 252, 253, 254, 255, 256, 257, 258, 259, 260, 261, 262, 263, 264, 265, 266, 267, 268, 269, 270, 271, 272, 273, 274, 275, 276, 277, 278, 279, 280, 281, 282, 283, 284, 285, 286, 287, 288, 289, 290, 291, 292, 293, 294, 295, 296, 297, 298, 299, 300, 301, 302, 303, 304, 305, 306, 307, 308, 309, 310, 311, 312, 313, 314, 315, 316, 317, 318, 319, 320, 321, 322, 323, 324, 325, 326, 327, 328, 329, 330, 331, 332, 333, 334, 335, 336, 337, 574, 575, 576, 577, 578, 579, 580, 581, 582, 583, 584, 585, 586, 587, 588, 589, 590, 591, 592, 593, 594, 595, 596, 597, 598, 599, 600, 601, 602, 603, 604, 605, 606, 607, 608, 609, 610, 611, 612, 613, 614, 615, 616, 617, 618, 619, 620, 621, 622, 623, 624, 625, 626, 627, 628, 629, 630, 631, 632, 633, 634, 635, 636, 637, 638, 639, 640, 641, 642, 643, 644, 645, 646, 647, 648, 649, 650, 651, 652, 653, 654, 655, 656, 657, 658, 659, 660, 661, 662, 663, 664, 665, 666, 667, 668, 669, 670, 671, 672, 673, 674, 675, 676, 677, 678, 679, 680, 681, 682, 683, 684, 685, 686, 687, 688, 689, 690, 691, 692, 693, 694, 695, 696, 697, 698, 699, 700, 701, 702, 703, 704, 705, 706, 707, 708, 709, 710, 711, 712, 713, 714, 715, 716, 717, 718, 719, 720, 721, 722, 723, 724, 725, 726, 727, 728, 729, 730, 731, 732, 733, 734, 735, 736, 737, 738, 739, 740, 741, 742, 743, 744, 745, 746, 747, 748, 749, 750, 751, 752, 753, 754, 755, 756, 757, 758, 759, 760, 761, 762, 763, 764, 765, 766, 767, 768, 769, 770, 771, 772, 773, 774, 775, 776, 777, 778, 779, 780, 781, 782, 783, 784, 785, 786, 787, 788, 789, 790, 791, 792, 793]","[49, 87, 107, 198, 255, 293, 297, 316, 331, 528, 558, 578, 669, 708, 752, 756, 774, 788]","[80, 297, 552, 756]","[255, 297, 708, 756]","[84, 87, 89, 114, 115, 117, 124, 132, 135, 144, 152, 178, 239, 268, 281, 297, 318, 320, 327, 348, 394, 555, 558, 560, 585, 586, 588, 595, 603, 606, 615, 623, 649, 703, 727, 740, 756, 776, 778, 785, 803, 844]",[],7/6 successful match,True,,False,264,False,,1.0,True,Autoport Unocal 76,
"San Diego , 92121 Autoport Unocal 76",5 858-450-9776 I-805 Exit 25 B (,MRS 24 HORS,San Diego,92121,Autoport Unocal 76,858-450-9776,2008,San Diego,CA,,(,I-805 Exit 25 B ,Exit,25,False,,False,I-805,,,,,"[297, 756]","[297, 756]","[49, 87, 107, 198, 255, 293, 297, 316, 331, 528, 558, 578, 669, 708, 752, 756, 774, 788]","[80, 297, 552, 756]","[103, 104, 105, 106, 107, 108, 109, 110, 111, 112, 113, 114, 115, 116, 117, 118, 119, 120, 121, 122, 123, 124, 125, 126, 127, 128, 129, 130, 131, 132, 133, 134, 135, 136, 137, 138, 139, 140, 141, 142, 143, 144, 145, 146, 147, 148, 149, 150, 151, 152, 153, 154, 155, 156, 157, 158, 159, 160, 161, 162, 163, 164, 165, 166, 167, 168, 169, 170, 171, 172, 173, 174, 175, 176, 177, 178, 179, 180, 181, 182, 183, 184, 185, 186, 187, 188, 189, 190, 191, 192, 193, 194, 195, 196, 197, 198, 199, 200, 201, 202, 203, 204, 205, 206, 207, 208, 209, 210, 211, 212, 213, 214, 215, 216, 217, 218, 219, 220, 221, 222, 223, 224, 225, 226, 227, 228, 229, 230, 231, 232, 233, 234, 235, 236, 237, 238, 239, 240, 241, 242, 243, 244, 245, 246, 247, 248, 249, 250, 251, 252, 253, 254, 255, 256, 257, 258, 259, 260, 261, 262, 263, 264, 265, 266, 267, 268, 269, 270, 271, 272, 273, 274, 275, 276, 277, 278, 279, 280, 281, 282, 283, 284, 285, 286, 287, 288, 289, 290, 291, 292, 293, 294, 295, 296, 297, 298, 299, 300, 301, 302, 303, 304, 305, 306, 307, 308, 309, 310, 311, 312, 313, 314, 315, 316, 317, 318, 319, 320, 321, 322, 323, 324, 325, 326, 327, 328, 329, 330, 331, 332, 333, 334, 335, 336, 337, 574, 575, 576, 577, 578, 579, 580, 581, 582, 583, 584, 585, 586, 587, 588, 589, 590, 591, 592, 593, 594, 595, 596, 597, 598, 599, 600, 601, 602, 603, 604, 605, 606, 607, 608, 609, 610, 611, 612, 613, 614, 615, 616, 617, 618, 619, 620, 621, 622, 623, 624, 625, 626, 627, 628, 629, 630, 631, 632, 633, 634, 635, 636, 637, 638, 639, 640, 641, 642, 643, 644, 645, 646, 647, 648, 649, 650, 651, 652, 653, 654, 655, 656, 657, 658, 659, 660, 661, 662, 663, 664, 665, 666, 667, 668, 669, 670, 671, 672, 673, 674, 675, 676, 677, 678, 679, 680, 681, 682, 683, 684, 685, 686, 687, 688, 689, 690, 691, 692, 693, 694, 695, 696, 697, 698, 699, 700, 701, 702, 703, 704, 705, 706, 707, 708, 709, 710, 711, 712, 713, 714, 715, 716, 717, 718, 719, 720, 721, 722, 723, 724, 725, 726, 727, 728, 729, 730, 731, 732, 733, 734, 735, 736, 737, 738, 739, 740, 741, 742, 743, 744, 745, 746, 747, 748, 749, 750, 751, 752, 753, 754, 755, 756, 757, 758, 759, 760, 761, 762, 763, 764, 765, 766, 767, 768, 769, 770, 771, 772, 773, 774, 775, 776, 777, 778, 779, 780, 781, 782, 783, 784, 785, 786, 787, 788, 789, 790, 791, 792, 793]","[255, 297, 708, 756]",[],"[84, 87, 89, 114, 115, 117, 124, 132, 135, 144, 152, 178, 239, 268, 281, 297, 318, 320, 327, 348, 394, 555, 558, 560, 585, 586, 588, 595, 603, 606, 615, 623, 649, 703, 727, 740, 756, 776, 778, 785, 803, 844]","[49, 80, 84, 87, 89, 103, 104, 105, 106, 107, 108, 109, 110, 111, 112, 113, 114, 115, 116, 117, 118, 119, 120, 121, 122, 123, 124, 125, 126, 127, 128, 129, 130, 131, 132, 133, 134, 135, 136, 137, 138, 139, 140, 141, 142, 143, 144, 145, 146, 147, 148, 149, 150, 151, 152, 153, 154, 155, 156, 157, 158, 159, 160, 161, 162, 163, 164, 165, 166, 167, 168, 169, 170, 171, 172, 173, 174, 175, 176, 177, 178, 179, 180, 181, 182, 183, 184, 185, 186, 187, 188, 189, 190, 191, 192, 193, 194, 195, 196, 197, 198, 199, 200, 201, 202, 203, 204, 205, 206, 207, 208, 209, 210, 211, 212, 213, 214, 215, 216, 217, 218, 219, 220, 221, 222, 223, 224, 225, 226, 227, 228, 229, 230, 231, 232, 233, 234, 235, 236, 237, 238, 239, 240, 241, 242, 243, 244, 245, 246, 247, 248, 249, 250, 251, 252, 253, 254, 255, 256, 257, 258, 259, 260, 261, 262, 263, 264, 265, 266, 267, 268, 269, 270, 271, 272, 273, 274, 275, 276, 277, 278, 279, 280, 281, 282, 283, 284, 285, 286, 287, 288, 289, 290, 291, 292, 293, 294, 295, 296, 297, 298, 299, 300, 301, 302, 303, 304, 305, 306, 307, 308, 309, 310, 311, 312, 313, 314, 315, 316, 317, 318, 319, 320, 321, 322, 323, 324, 325, 326, 327, 328, 329, 330, 331, 332, 333, 334, 335, 336, 337, 348, 394, 528, 552, 555, 558, 560, 574, 575, 576, 577, 578, 579, 580, 581, 582, 583, 584, 585, 586, 587, 588, 589, 590, 591, 592, 593, 594, 595, 596, 597, 598, 599, 600, 601, 602, 603, 604, 605, 606, 607, 608, 609, 610, 611, 612, 613, 614, 615, 616, 617, 618, 619, 620, 621, 622, 623, 624, 625, 626, 627, 628, 629, 630, 631, 632, 633, 634, 635, 636, 637, 638, 639, 640, 641, 642, 643, 644, 645, 646, 647, 648, 649, 650, 651, 652, 653, 654, 655, 656, 657, 658, 659, 660, 661, 662, 663, 664, 665, 666, 667, 668, 669, 670, 671, 672, 673, 674, 675, 676, 677, 678, 679, 680, 681, 682, 683, 684, 685, 686, 687, 688, 689, 690, 691, 692, 693, 694, 695, 696, 697, 698, 699, 700, 701, 702, 703, 704, 705, 706, 707, 708, 709, 710, 711, 712, 713, 714, 715, 716, 717, 718, 719, 720, 721, 722, 723, 724, 725, 726, 727, 728, 729, 730, 731, 732, 733, 734, 735, 736, 737, 738, 739, 740, 741, 742, 743, 744, 745, 746, 747, 748, 749, 750, 751, 752, 753, 754, 755, 756, 757, 758, 759, 760, 761, 762, 763, 764, 765, 766, 767, 768, 769, 770, 771, 772, 773, 774, 775, 776, 777, 778, 779, 780, 781, 782, 783, 784, 785, 786, 787, 788, 789, 790, 791, 792, 793, 803, 844]",True,"[297, 756]","[103, 104, 105, 106, 107, 108, 109, 110, 111, 112, 113, 114, 115, 116, 117, 118, 119, 120, 121, 122, 123, 124, 125, 126, 127, 128, 129, 130, 131, 132, 133, 134, 135, 136, 137, 138, 139, 140, 141, 142, 143, 144, 145, 146, 147, 148, 149, 150, 151, 152, 153, 154, 155, 156, 157, 158, 159, 160, 161, 162, 163, 164, 165, 166, 167, 168, 169, 170, 171, 172, 173, 174, 175, 176, 177, 178, 179, 180, 181, 182, 183, 184, 185, 186, 187, 188, 189, 190, 191, 192, 193, 194, 195, 196, 197, 198, 199, 200, 201, 202, 203, 204, 205, 206, 207, 208, 209, 210, 211, 212, 213, 214, 215, 216, 217, 218, 219, 220, 221, 222, 223, 224, 225, 226, 227, 228, 229, 230, 231, 232, 233, 234, 235, 236, 237, 238, 239, 240, 241, 242, 243, 244, 245, 246, 247, 248, 249, 250, 251, 252, 253, 254, 255, 256, 257, 258, 259, 260, 261, 262, 263, 264, 265, 266, 267, 268, 269, 270, 271, 272, 273, 274, 275, 276, 277, 278, 279, 280, 281, 282, 283, 284, 285, 286, 287, 288, 289, 290, 291, 292, 293, 294, 295, 296, 297, 298, 299, 300, 301, 302, 303, 304, 305, 306, 307, 308, 309, 310, 311, 312, 313, 314, 315, 316, 317, 318, 319, 320, 321, 322, 323, 324, 325, 326, 327, 328, 329, 330, 331, 332, 333, 334, 335, 336, 337, 574, 575, 576, 577, 578, 579, 580, 581, 582, 583, 584, 585, 586, 587, 588, 589, 590, 591, 592, 593, 594, 595, 596, 597, 598, 599, 600, 601, 602, 603, 604, 605, 606, 607, 608, 609, 610, 611, 612, 613, 614, 615, 616, 617, 618, 619, 620, 621, 622, 623, 624, 625, 626, 627, 628, 629, 630, 631, 632, 633, 634, 635, 636, 637, 638, 639, 640, 641, 642, 643, 644, 645, 646, 647, 648, 649, 650, 651, 652, 653, 654, 655, 656, 657, 658, 659, 660, 661, 662, 663, 664, 665, 666, 667, 668, 669, 670, 671, 672, 673, 674, 675, 676, 677, 678, 679, 680, 681, 682, 683, 684, 685, 686, 687, 688, 689, 690, 691, 692, 693, 694, 695, 696, 697, 698, 699, 700, 701, 702, 703, 704, 705, 706, 707, 708, 709, 710, 711, 712, 713, 714, 715, 716, 717, 718, 719, 720, 721, 722, 723, 724, 725, 726, 727, 728, 729, 730, 731, 732, 733, 734, 735, 736, 737, 738, 739, 740, 741, 742, 743, 744, 745, 746, 747, 748, 749, 750, 751, 752, 753, 754, 755, 756, 757, 758, 759, 760, 761, 762, 763, 764, 765, 766, 767, 768, 769, 770, 771, 772, 773, 774, 775, 776, 777, 778, 779, 780, 781, 782, 783, 784, 785, 786, 787, 788, 789, 790, 791, 792, 793]","[49, 87, 107, 198, 255, 293, 297, 316, 331, 528, 558, 578, 669, 708, 752, 756, 774, 788]","[80, 297, 552, 756]","[255, 297, 708, 756]","[84, 87, 89, 114, 115, 117, 124, 132, 135, 144, 152, 178, 239, 268, 281, 297, 318, 320, 327, 348, 394, 555, 558, 560, 585, 586, 588, 595, 603, 606, 615, 623, 649, 703, 727, 740, 756, 776, 778, 785, 803, 844]",[],7/6 successful match,True,,False,264,False,,1.0,True,Autoport Unocal 76,
San Diego ( 92121 ) Autoport Unocal 76,"5 858-450-9776 I-805 Exit 25 B ( Miramar , 1 mi E )",D <U+2610>,San Diego,92121,Autoport Unocal 76,858-450-9776,2014,San Diego,CA,,"( Miramar , 1 mi E )",I-805 Exit 25 B ,Exit,25,False,,False,I-805,,,,,"[297, 756]","[297, 756]","[49, 87, 107, 198, 255, 293, 297, 316, 331, 528, 558, 578, 669, 708, 752, 756, 774, 788]","[80, 297, 552, 756]","[103, 104, 105, 106, 107, 108, 109, 110, 111, 112, 113, 114, 115, 116, 117, 118, 119, 120, 121, 122, 123, 124, 125, 126, 127, 128, 129, 130, 131, 132, 133, 134, 135, 136, 137, 138, 139, 140, 141, 142, 143, 144, 145, 146, 147, 148, 149, 150, 151, 152, 153, 154, 155, 156, 157, 158, 159, 160, 161, 162, 163, 164, 165, 166, 167, 168, 169, 170, 171, 172, 173, 174, 175, 176, 177, 178, 179, 180, 181, 182, 183, 184, 185, 186, 187, 188, 189, 190, 191, 192, 193, 194, 195, 196, 197, 198, 199, 200, 201, 202, 203, 204, 205, 206, 207, 208, 209, 210, 211, 212, 213, 214, 215, 216, 217, 218, 219, 220, 221, 222, 223, 224, 225, 226, 227, 228, 229, 230, 231, 232, 233, 234, 235, 236, 237, 238, 239, 240, 241, 242, 243, 244, 245, 246, 247, 248, 249, 250, 251, 252, 253, 254, 255, 256, 257, 258, 259, 260, 261, 262, 263, 264, 265, 266, 267, 268, 269, 270, 271, 272, 273, 274, 275, 276, 277, 278, 279, 280, 281, 282, 283, 284, 285, 286, 287, 288, 289, 290, 291, 292, 293, 294, 295, 296, 297, 298, 299, 300, 301, 302, 303, 304, 305, 306, 307, 308, 309, 310, 311, 312, 313, 314, 315, 316, 317, 318, 319, 320, 321, 322, 323, 324, 325, 326, 327, 328, 329, 330, 331, 332, 333, 334, 335, 336, 337, 574, 575, 576, 577, 578, 579, 580, 581, 582, 583, 584, 585, 586, 587, 588, 589, 590, 591, 592, 593, 594, 595, 596, 597, 598, 599, 600, 601, 602, 603, 604, 605, 606, 607, 608, 609, 610, 611, 612, 613, 614, 615, 616, 617, 618, 619, 620, 621, 622, 623, 624, 625, 626, 627, 628, 629, 630, 631, 632, 633, 634, 635, 636, 637, 638, 639, 640, 641, 642, 643, 644, 645, 646, 647, 648, 649, 650, 651, 652, 653, 654, 655, 656, 657, 658, 659, 660, 661, 662, 663, 664, 665, 666, 667, 668, 669, 670, 671, 672, 673, 674, 675, 676, 677, 678, 679, 680, 681, 682, 683, 684, 685, 686, 687, 688, 689, 690, 691, 692, 693, 694, 695, 696, 697, 698, 699, 700, 701, 702, 703, 704, 705, 706, 707, 708, 709, 710, 711, 712, 713, 714, 715, 716, 717, 718, 719, 720, 721, 722, 723, 724, 725, 726, 727, 728, 729, 730, 731, 732, 733, 734, 735, 736, 737, 738, 739, 740, 741, 742, 743, 744, 745, 746, 747, 748, 749, 750, 751, 752, 753, 754, 755, 756, 757, 758, 759, 760, 761, 762, 763, 764, 765, 766, 767, 768, 769, 770, 771, 772, 773, 774, 775, 776, 777, 778, 779, 780, 781, 782, 783, 784, 785, 786, 787, 788, 789, 790, 791, 792, 793]","[255, 297, 708, 756]",[],"[84, 87, 89, 114, 115, 117, 124, 132, 135, 144, 152, 178, 239, 268, 281, 297, 318, 320, 327, 348, 394, 555, 558, 560, 585, 586, 588, 595, 603, 606, 615, 623, 649, 703, 727, 740, 756, 776, 778, 785, 803, 844]","[49, 80, 84, 87, 89, 103, 104, 105, 106, 107, 108, 109, 110, 111, 112, 113, 114, 115, 116, 117, 118, 119, 120, 121, 122, 123, 124, 125, 126, 127, 128, 129, 130, 131, 132, 133, 134, 135, 136, 137, 138, 139, 140, 141, 142, 143, 144, 145, 146, 147, 148, 149, 150, 151, 152, 153, 154, 155, 156, 157, 158, 159, 160, 161, 162, 163, 164, 165, 166, 167, 168, 169, 170, 171, 172, 173, 174, 175, 176, 177, 178, 179, 180, 181, 182, 183, 184, 185, 186, 187, 188, 189, 190, 191, 192, 193, 194, 195, 196, 197, 198, 199, 200, 201, 202, 203, 204, 205, 206, 207, 208, 209, 210, 211, 212, 213, 214, 215, 216, 217, 218, 219, 220, 221, 222, 223, 224, 225, 226, 227, 228, 229, 230, 231, 232, 233, 234, 235, 236, 237, 238, 239, 240, 241, 242, 243, 244, 245, 246, 247, 248, 249, 250, 251, 252, 253, 254, 255, 256, 257, 258, 259, 260, 261, 262, 263, 264, 265, 266, 267, 268, 269, 270, 271, 272, 273, 274, 275, 276, 277, 278, 279, 280, 281, 282, 283, 284, 285, 286, 287, 288, 289, 290, 291, 292, 293, 294, 295, 296, 297, 298, 299, 300, 301, 302, 303, 304, 305, 306, 307, 308, 309, 310, 311, 312, 313, 314, 315, 316, 317, 318, 319, 320, 321, 322, 323, 324, 325, 326, 327, 328, 329, 330, 331, 332, 333, 334, 335, 336, 337, 348, 394, 528, 552, 555, 558, 560, 574, 575, 576, 577, 578, 579, 580, 581, 582, 583, 584, 585, 586, 587, 588, 589, 590, 591, 592, 593, 594, 595, 596, 597, 598, 599, 600, 601, 602, 603, 604, 605, 606, 607, 608, 609, 610, 611, 612, 613, 614, 615, 616, 617, 618, 619, 620, 621, 622, 623, 624, 625, 626, 627, 628, 629, 630, 631, 632, 633, 634, 635, 636, 637, 638, 639, 640, 641, 642, 643, 644, 645, 646, 647, 648, 649, 650, 651, 652, 653, 654, 655, 656, 657, 658, 659, 660, 661, 662, 663, 664, 665, 666, 667, 668, 669, 670, 671, 672, 673, 674, 675, 676, 677, 678, 679, 680, 681, 682, 683, 684, 685, 686, 687, 688, 689, 690, 691, 692, 693, 694, 695, 696, 697, 698, 699, 700, 701, 702, 703, 704, 705, 706, 707, 708, 709, 710, 711, 712, 713, 714, 715, 716, 717, 718, 719, 720, 721, 722, 723, 724, 725, 726, 727, 728, 729, 730, 731, 732, 733, 734, 735, 736, 737, 738, 739, 740, 741, 742, 743, 744, 745, 746, 747, 748, 749, 750, 751, 752, 753, 754, 755, 756, 757, 758, 759, 760, 761, 762, 763, 764, 765, 766, 767, 768, 769, 770, 771, 772, 773, 774, 775, 776, 777, 778, 779, 780, 781, 782, 783, 784, 785, 786, 787, 788, 789, 790, 791, 792, 793, 803, 844]",True,"[297, 756]","[103, 104, 105, 106, 107, 108, 109, 110, 111, 112, 113, 114, 115, 116, 117, 118, 119, 120, 121, 122, 123, 124, 125, 126, 127, 128, 129, 130, 131, 132, 133, 134, 135, 136, 137, 138, 139, 140, 141, 142, 143, 144, 145, 146, 147, 148, 149, 150, 151, 152, 153, 154, 155, 156, 157, 158, 159, 160, 161, 162, 163, 164, 165, 166, 167, 168, 169, 170, 171, 172, 173, 174, 175, 176, 177, 178, 179, 180, 181, 182, 183, 184, 185, 186, 187, 188, 189, 190, 191, 192, 193, 194, 195, 196, 197, 198, 199, 200, 201, 202, 203, 204, 205, 206, 207, 208, 209, 210, 211, 212, 213, 214, 215, 216, 217, 218, 219, 220, 221, 222, 223, 224, 225, 226, 227, 228, 229, 230, 231, 232, 233, 234, 235, 236, 237, 238, 239, 240, 241, 242, 243, 244, 245, 246, 247, 248, 249, 250, 251, 252, 253, 254, 255, 256, 257, 258, 259, 260, 261, 262, 263, 264, 265, 266, 267, 268, 269, 270, 271, 272, 273, 274, 275, 276, 277, 278, 279, 280, 281, 282, 283, 284, 285, 286, 287, 288, 289, 290, 291, 292, 293, 294, 295, 296, 297, 298, 299, 300, 301, 302, 303, 304, 305, 306, 307, 308, 309, 310, 311, 312, 313, 314, 315, 316, 317, 318, 319, 320, 321, 322, 323, 324, 325, 326, 327, 328, 329, 330, 331, 332, 333, 334, 335, 336, 337, 574, 575, 576, 577, 578, 579, 580, 581, 582, 583, 584, 585, 586, 587, 588, 589, 590, 591, 592, 593, 594, 595, 596, 597, 598, 599, 600, 601, 602, 603, 604, 605, 606, 607, 608, 609, 610, 611, 612, 613, 614, 615, 616, 617, 618, 619, 620, 621, 622, 623, 624, 625, 626, 627, 628, 629, 630, 631, 632, 633, 634, 635, 636, 637, 638, 639, 640, 641, 642, 643, 644, 645, 646, 647, 648, 649, 650, 651, 652, 653, 654, 655, 656, 657, 658, 659, 660, 661, 662, 663, 664, 665, 666, 667, 668, 669, 670, 671, 672, 673, 674, 675, 676, 677, 678, 679, 680, 681, 682, 683, 684, 685, 686, 687, 688, 689, 690, 691, 692, 693, 694, 695, 696, 697, 698, 699, 700, 701, 702, 703, 704, 705, 706, 707, 708, 709, 710, 711, 712, 713, 714, 715, 716, 717, 718, 719, 720, 721, 722, 723, 724, 725, 726, 727, 728, 729, 730, 731, 732, 733, 734, 735, 736, 737, 738, 739, 740, 741, 742, 743, 744, 745, 746, 747, 748, 749, 750, 751, 752, 753, 754, 755, 756, 757, 758, 759, 760, 761, 762, 763, 764, 765, 766, 767, 768, 769, 770, 771, 772, 773, 774, 775, 776, 777, 778, 779, 780, 781, 782, 783, 784, 785, 786, 787, 788, 789, 790, 791, 792, 793]","[49, 87, 107, 198, 255, 293, 297, 316, 331, 528, 558, 578, 669, 708, 752, 756, 774, 788]","[80, 297, 552, 756]","[255, 297, 708, 756]","[84, 87, 89, 114, 115, 117, 124, 132, 135, 144, 152, 178, 239, 268, 281, 297, 318, 320, 327, 348, 394, 555, 558, 560, 585, 586, 588, 595, 603, 606, 615, 623, 649, 703, 727, 740, 756, 776, 778, 785, 803, 844]",[],7/6 successful match,True,,False,264,False,,1.0,True,Autoport Unocal 76,
J San Diego ( 92121 ) Autoport Unocal 76,"5 858-450-9776 I-805 Exit 25 B ( Miramar , 1 mi E )",24 <U+2610>,San Diego,92121,Autoport Unocal 76,858-450-9776,2015,San Diego,CA,,"( Miramar , 1 mi E )",I-805 Exit 25 B ,Exit,25,False,,False,I-805,,,,,"[297, 756]","[297, 756]","[49, 87, 107, 198, 255, 293, 297, 316, 331, 528, 558, 578, 669, 708, 752, 756, 774, 788]","[80, 297, 552, 756]","[103, 104, 105, 106, 107, 108, 109, 110, 111, 112, 113, 114, 115, 116, 117, 118, 119, 120, 121, 122, 123, 124, 125, 126, 127, 128, 129, 130, 131, 132, 133, 134, 135, 136, 137, 138, 139, 140, 141, 142, 143, 144, 145, 146, 147, 148, 149, 150, 151, 152, 153, 154, 155, 156, 157, 158, 159, 160, 161, 162, 163, 164, 165, 166, 167, 168, 169, 170, 171, 172, 173, 174, 175, 176, 177, 178, 179, 180, 181, 182, 183, 184, 185, 186, 187, 188, 189, 190, 191, 192, 193, 194, 195, 196, 197, 198, 199, 200, 201, 202, 203, 204, 205, 206, 207, 208, 209, 210, 211, 212, 213, 214, 215, 216, 217, 218, 219, 220, 221, 222, 223, 224, 225, 226, 227, 228, 229, 230, 231, 232, 233, 234, 235, 236, 237, 238, 239, 240, 241, 242, 243, 244, 245, 246, 247, 248, 249, 250, 251, 252, 253, 254, 255, 256, 257, 258, 259, 260, 261, 262, 263, 264, 265, 266, 267, 268, 269, 270, 271, 272, 273, 274, 275, 276, 277, 278, 279, 280, 281, 282, 283, 284, 285, 286, 287, 288, 289, 290, 291, 292, 293, 294, 295, 296, 297, 298, 299, 300, 301, 302, 303, 304, 305, 306, 307, 308, 309, 310, 311, 312, 313, 314, 315, 316, 317, 318, 319, 320, 321, 322, 323, 324, 325, 326, 327, 328, 329, 330, 331, 332, 333, 334, 335, 336, 337, 574, 575, 576, 577, 578, 579, 580, 581, 582, 583, 584, 585, 586, 587, 588, 589, 590, 591, 592, 593, 594, 595, 596, 597, 598, 599, 600, 601, 602, 603, 604, 605, 606, 607, 608, 609, 610, 611, 612, 613, 614, 615, 616, 617, 618, 619, 620, 621, 622, 623, 624, 625, 626, 627, 628, 629, 630, 631, 632, 633, 634, 635, 636, 637, 638, 639, 640, 641, 642, 643, 644, 645, 646, 647, 648, 649, 650, 651, 652, 653, 654, 655, 656, 657, 658, 659, 660, 661, 662, 663, 664, 665, 666, 667, 668, 669, 670, 671, 672, 673, 674, 675, 676, 677, 678, 679, 680, 681, 682, 683, 684, 685, 686, 687, 688, 689, 690, 691, 692, 693, 694, 695, 696, 697, 698, 699, 700, 701, 702, 703, 704, 705, 706, 707, 708, 709, 710, 711, 712, 713, 714, 715, 716, 717, 718, 719, 720, 721, 722, 723, 724, 725, 726, 727, 728, 729, 730, 731, 732, 733, 734, 735, 736, 737, 738, 739, 740, 741, 742, 743, 744, 745, 746, 747, 748, 749, 750, 751, 752, 753, 754, 755, 756, 757, 758, 759, 760, 761, 762, 763, 764, 765, 766, 767, 768, 769, 770, 771, 772, 773, 774, 775, 776, 777, 778, 779, 780, 781, 782, 783, 784, 785, 786, 787, 788, 789, 790, 791, 792, 793]","[255, 297, 708, 756]",[],"[84, 87, 89, 114, 115, 117, 124, 132, 135, 144, 152, 178, 239, 268, 281, 297, 318, 320, 327, 348, 394, 555, 558, 560, 585, 586, 588, 595, 603, 606, 615, 623, 649, 703, 727, 740, 756, 776, 778, 785, 803, 844]","[49, 80, 84, 87, 89, 103, 104, 105, 106, 107, 108, 109, 110, 111, 112, 113, 114, 115, 116, 117, 118, 119, 120, 121, 122, 123, 124, 125, 126, 127, 128, 129, 130, 131, 132, 133, 134, 135, 136, 137, 138, 139, 140, 141, 142, 143, 144, 145, 146, 147, 148, 149, 150, 151, 152, 153, 154, 155, 156, 157, 158, 159, 160, 161, 162, 163, 164, 165, 166, 167, 168, 169, 170, 171, 172, 173, 174, 175, 176, 177, 178, 179, 180, 181, 182, 183, 184, 185, 186, 187, 188, 189, 190, 191, 192, 193, 194, 195, 196, 197, 198, 199, 200, 201, 202, 203, 204, 205, 206, 207, 208, 209, 210, 211, 212, 213, 214, 215, 216, 217, 218, 219, 220, 221, 222, 223, 224, 225, 226, 227, 228, 229, 230, 231, 232, 233, 234, 235, 236, 237, 238, 239, 240, 241, 242, 243, 244, 245, 246, 247, 248, 249, 250, 251, 252, 253, 254, 255, 256, 257, 258, 259, 260, 261, 262, 263, 264, 265, 266, 267, 268, 269, 270, 271, 272, 273, 274, 275, 276, 277, 278, 279, 280, 281, 282, 283, 284, 285, 286, 287, 288, 289, 290, 291, 292, 293, 294, 295, 296, 297, 298, 299, 300, 301, 302, 303, 304, 305, 306, 307, 308, 309, 310, 311, 312, 313, 314, 315, 316, 317, 318, 319, 320, 321, 322, 323, 324, 325, 326, 327, 328, 329, 330, 331, 332, 333, 334, 335, 336, 337, 348, 394, 528, 552, 555, 558, 560, 574, 575, 576, 577, 578, 579, 580, 581, 582, 583, 584, 585, 586, 587, 588, 589, 590, 591, 592, 593, 594, 595, 596, 597, 598, 599, 600, 601, 602, 603, 604, 605, 606, 607, 608, 609, 610, 611, 612, 613, 614, 615, 616, 617, 618, 619, 620, 621, 622, 623, 624, 625, 626, 627, 628, 629, 630, 631, 632, 633, 634, 635, 636, 637, 638, 639, 640, 641, 642, 643, 644, 645, 646, 647, 648, 649, 650, 651, 652, 653, 654, 655, 656, 657, 658, 659, 660, 661, 662, 663, 664, 665, 666, 667, 668, 669, 670, 671, 672, 673, 674, 675, 676, 677, 678, 679, 680, 681, 682, 683, 684, 685, 686, 687, 688, 689, 690, 691, 692, 693, 694, 695, 696, 697, 698, 699, 700, 701, 702, 703, 704, 705, 706, 707, 708, 709, 710, 711, 712, 713, 714, 715, 716, 717, 718, 719, 720, 721, 722, 723, 724, 725, 726, 727, 728, 729, 730, 731, 732, 733, 734, 735, 736, 737, 738, 739, 740, 741, 742, 743, 744, 745, 746, 747, 748, 749, 750, 751, 752, 753, 754, 755, 756, 757, 758, 759, 760, 761, 762, 763, 764, 765, 766, 767, 768, 769, 770, 771, 772, 773, 774, 775, 776, 777, 778, 779, 780, 781, 782, 783, 784, 785, 786, 787, 788, 789, 790, 791, 792, 793, 803, 844]",True,"[297, 756]","[103, 104, 105, 106, 107, 108, 109, 110, 111, 112, 113, 114, 115, 116, 117, 118, 119, 120, 121, 122, 123, 124, 125, 126, 127, 128, 129, 130, 131, 132, 133, 134, 135, 136, 137, 138, 139, 140, 141, 142, 143, 144, 145, 146, 147, 148, 149, 150, 151, 152, 153, 154, 155, 156, 157, 158, 159, 160, 161, 162, 163, 164, 165, 166, 167, 168, 169, 170, 171, 172, 173, 174, 175, 176, 177, 178, 179, 180, 181, 182, 183, 184, 185, 186, 187, 188, 189, 190, 191, 192, 193, 194, 195, 196, 197, 198, 199, 200, 201, 202, 203, 204, 205, 206, 207, 208, 209, 210, 211, 212, 213, 214, 215, 216, 217, 218, 219, 220, 221, 222, 223, 224, 225, 226, 227, 228, 229, 230, 231, 232, 233, 234, 235, 236, 237, 238, 239, 240, 241, 242, 243, 244, 245, 246, 247, 248, 249, 250, 251, 252, 253, 254, 255, 256, 257, 258, 259, 260, 261, 262, 263, 264, 265, 266, 267, 268, 269, 270, 271, 272, 273, 274, 275, 276, 277, 278, 279, 280, 281, 282, 283, 284, 285, 286, 287, 288, 289, 290, 291, 292, 293, 294, 295, 296, 297, 298, 299, 300, 301, 302, 303, 304, 305, 306, 307, 308, 309, 310, 311, 312, 313, 314, 315, 316, 317, 318, 319, 320, 321, 322, 323, 324, 325, 326, 327, 328, 329, 330, 331, 332, 333, 334, 335, 336, 337, 574, 575, 576, 577, 578, 579, 580, 581, 582, 583, 584, 585, 586, 587, 588, 589, 590, 591, 592, 593, 594, 595, 596, 597, 598, 599, 600, 601, 602, 603, 604, 605, 606, 607, 608, 609, 610, 611, 612, 613, 614, 615, 616, 617, 618, 619, 620, 621, 622, 623, 624, 625, 626, 627, 628, 629, 630, 631, 632, 633, 634, 635, 636, 637, 638, 639, 640, 641, 642, 643, 644, 645, 646, 647, 648, 649, 650, 651, 652, 653, 654, 655, 656, 657, 658, 659, 660, 661, 662, 663, 664, 665, 666, 667, 668, 669, 670, 671, 672, 673, 674, 675, 676, 677, 678, 679, 680, 681, 682, 683, 684, 685, 686, 687, 688, 689, 690, 691, 692, 693, 694, 695, 696, 697, 698, 699, 700, 701, 702, 703, 704, 705, 706, 707, 708, 709, 710, 711, 712, 713, 714, 715, 716, 717, 718, 719, 720, 721, 722, 723, 724, 725, 726, 727, 728, 729, 730, 731, 732, 733, 734, 735, 736, 737, 738, 739, 740, 741, 742, 743, 744, 745, 746, 747, 748, 749, 750, 751, 752, 753, 754, 755, 756, 757, 758, 759, 760, 761, 762, 763, 764, 765, 766, 767, 768, 769, 770, 771, 772, 773, 774, 775, 776, 777, 778, 779, 780, 781, 782, 783, 784, 785, 786, 787, 788, 789, 790, 791, 792, 793]","[49, 87, 107, 198, 255, 293, 297, 316, 331, 528, 558, 578, 669, 708, 752, 756, 774, 788]","[80, 297, 552, 756]","[255, 297, 708, 756]","[84, 87, 89, 114, 115, 117, 124, 132, 135, 144, 152, 178, 239, 268, 281, 297, 318, 320, 327, 348, 394, 555, 558, 560, 585, 586, 588, 595, 603, 606, 615, 623, 649, 703, 727, 740, 756, 776, 778, 785, 803, 844]",[],7/6 successful match,True,,False,264,False,,1.0,True,Autoport Unocal 76,
J San Diego ( 92121 ) Stars & Stripes 76,"5 858-450-9776 I-805 Exit 25 B ( Miramar , 1 mi E )",2013 <U+2610> <U+25A1>,San Diego,92121,Stars & Stripes 76,858-450-9776,2016,San Diego,CA,,"( Miramar , 1 mi E )",I-805 Exit 25 B ,Exit,25,False,,False,I-805,,,,,"[297, 756]","[297, 756]","[49, 87, 107, 198, 255, 293, 297, 316, 331, 528, 558, 578, 669, 708, 752, 756, 774, 788]","[80, 297, 552, 756]","[103, 104, 105, 106, 107, 108, 109, 110, 111, 112, 113, 114, 115, 116, 117, 118, 119, 120, 121, 122, 123, 124, 125, 126, 127, 128, 129, 130, 131, 132, 133, 134, 135, 136, 137, 138, 139, 140, 141, 142, 143, 144, 145, 146, 147, 148, 149, 150, 151, 152, 153, 154, 155, 156, 157, 158, 159, 160, 161, 162, 163, 164, 165, 166, 167, 168, 169, 170, 171, 172, 173, 174, 175, 176, 177, 178, 179, 180, 181, 182, 183, 184, 185, 186, 187, 188, 189, 190, 191, 192, 193, 194, 195, 196, 197, 198, 199, 200, 201, 202, 203, 204, 205, 206, 207, 208, 209, 210, 211, 212, 213, 214, 215, 216, 217, 218, 219, 220, 221, 222, 223, 224, 225, 226, 227, 228, 229, 230, 231, 232, 233, 234, 235, 236, 237, 238, 239, 240, 241, 242, 243, 244, 245, 246, 247, 248, 249, 250, 251, 252, 253, 254, 255, 256, 257, 258, 259, 260, 261, 262, 263, 264, 265, 266, 267, 268, 269, 270, 271, 272, 273, 274, 275, 276, 277, 278, 279, 280, 281, 282, 283, 284, 285, 286, 287, 288, 289, 290, 291, 292, 293, 294, 295, 296, 297, 298, 299, 300, 301, 302, 303, 304, 305, 306, 307, 308, 309, 310, 311, 312, 313, 314, 315, 316, 317, 318, 319, 320, 321, 322, 323, 324, 325, 326, 327, 328, 329, 330, 331, 332, 333, 334, 335, 336, 337, 574, 575, 576, 577, 578, 579, 580, 581, 582, 583, 584, 585, 586, 587, 588, 589, 590, 591, 592, 593, 594, 595, 596, 597, 598, 599, 600, 601, 602, 603, 604, 605, 606, 607, 608, 609, 610, 611, 612, 613, 614, 615, 616, 617, 618, 619, 620, 621, 622, 623, 624, 625, 626, 627, 628, 629, 630, 631, 632, 633, 634, 635, 636, 637, 638, 639, 640, 641, 642, 643, 644, 645, 646, 647, 648, 649, 650, 651, 652, 653, 654, 655, 656, 657, 658, 659, 660, 661, 662, 663, 664, 665, 666, 667, 668, 669, 670, 671, 672, 673, 674, 675, 676, 677, 678, 679, 680, 681, 682, 683, 684, 685, 686, 687, 688, 689, 690, 691, 692, 693, 694, 695, 696, 697, 698, 699, 700, 701, 702, 703, 704, 705, 706, 707, 708, 709, 710, 711, 712, 713, 714, 715, 716, 717, 718, 719, 720, 721, 722, 723, 724, 725, 726, 727, 728, 729, 730, 731, 732, 733, 734, 735, 736, 737, 738, 739, 740, 741, 742, 743, 744, 745, 746, 747, 748, 749, 750, 751, 752, 753, 754, 755, 756, 757, 758, 759, 760, 761, 762, 763, 764, 765, 766, 767, 768, 769, 770, 771, 772, 773, 774, 775, 776, 777, 778, 779, 780, 781, 782, 783, 784, 785, 786, 787, 788, 789, 790, 791, 792, 793]","[255, 297, 708, 756]",[],"[84, 87, 89, 114, 115, 117, 124, 132, 135, 144, 152, 178, 239, 268, 281, 297, 318, 320, 327, 348, 394, 555, 558, 560, 585, 586, 588, 595, 603, 606, 615, 623, 649, 703, 727, 740, 756, 776, 778, 785, 803, 844]","[49, 80, 84, 87, 89, 103, 104, 105, 106, 107, 108, 109, 110, 111, 112, 113, 114, 115, 116, 117, 118, 119, 120, 121, 122, 123, 124, 125, 126, 127, 128, 129, 130, 131, 132, 133, 134, 135, 136, 137, 138, 139, 140, 141, 142, 143, 144, 145, 146, 147, 148, 149, 150, 151, 152, 153, 154, 155, 156, 157, 158, 159, 160, 161, 162, 163, 164, 165, 166, 167, 168, 169, 170, 171, 172, 173, 174, 175, 176, 177, 178, 179, 180, 181, 182, 183, 184, 185, 186, 187, 188, 189, 190, 191, 192, 193, 194, 195, 196, 197, 198, 199, 200, 201, 202, 203, 204, 205, 206, 207, 208, 209, 210, 211, 212, 213, 214, 215, 216, 217, 218, 219, 220, 221, 222, 223, 224, 225, 226, 227, 228, 229, 230, 231, 232, 233, 234, 235, 236, 237, 238, 239, 240, 241, 242, 243, 244, 245, 246, 247, 248, 249, 250, 251, 252, 253, 254, 255, 256, 257, 258, 259, 260, 261, 262, 263, 264, 265, 266, 267, 268, 269, 270, 271, 272, 273, 274, 275, 276, 277, 278, 279, 280, 281, 282, 283, 284, 285, 286, 287, 288, 289, 290, 291, 292, 293, 294, 295, 296, 297, 298, 299, 300, 301, 302, 303, 304, 305, 306, 307, 308, 309, 310, 311, 312, 313, 314, 315, 316, 317, 318, 319, 320, 321, 322, 323, 324, 325, 326, 327, 328, 329, 330, 331, 332, 333, 334, 335, 336, 337, 348, 394, 528, 552, 555, 558, 560, 574, 575, 576, 577, 578, 579, 580, 581, 582, 583, 584, 585, 586, 587, 588, 589, 590, 591, 592, 593, 594, 595, 596, 597, 598, 599, 600, 601, 602, 603, 604, 605, 606, 607, 608, 609, 610, 611, 612, 613, 614, 615, 616, 617, 618, 619, 620, 621, 622, 623, 624, 625, 626, 627, 628, 629, 630, 631, 632, 633, 634, 635, 636, 637, 638, 639, 640, 641, 642, 643, 644, 645, 646, 647, 648, 649, 650, 651, 652, 653, 654, 655, 656, 657, 658, 659, 660, 661, 662, 663, 664, 665, 666, 667, 668, 669, 670, 671, 672, 673, 674, 675, 676, 677, 678, 679, 680, 681, 682, 683, 684, 685, 686, 687, 688, 689, 690, 691, 692, 693, 694, 695, 696, 697, 698, 699, 700, 701, 702, 703, 704, 705, 706, 707, 708, 709, 710, 711, 712, 713, 714, 715, 716, 717, 718, 719, 720, 721, 722, 723, 724, 725, 726, 727, 728, 729, 730, 731, 732, 733, 734, 735, 736, 737, 738, 739, 740, 741, 742, 743, 744, 745, 746, 747, 748, 749, 750, 751, 752, 753, 754, 755, 756, 757, 758, 759, 760, 761, 762, 763, 764, 765, 766, 767, 768, 769, 770, 771, 772, 773, 774, 775, 776, 777, 778, 779, 780, 781, 782, 783, 784, 785, 786, 787, 788, 789, 790, 791, 792, 793, 803, 844]",True,"[297, 756]","[103, 104, 105, 106, 107, 108, 109, 110, 111, 112, 113, 114, 115, 116, 117, 118, 119, 120, 121, 122, 123, 124, 125, 126, 127, 128, 129, 130, 131, 132, 133, 134, 135, 136, 137, 138, 139, 140, 141, 142, 143, 144, 145, 146, 147, 148, 149, 150, 151, 152, 153, 154, 155, 156, 157, 158, 159, 160, 161, 162, 163, 164, 165, 166, 167, 168, 169, 170, 171, 172, 173, 174, 175, 176, 177, 178, 179, 180, 181, 182, 183, 184, 185, 186, 187, 188, 189, 190, 191, 192, 193, 194, 195, 196, 197, 198, 199, 200, 201, 202, 203, 204, 205, 206, 207, 208, 209, 210, 211, 212, 213, 214, 215, 216, 217, 218, 219, 220, 221, 222, 223, 224, 225, 226, 227, 228, 229, 230, 231, 232, 233, 234, 235, 236, 237, 238, 239, 240, 241, 242, 243, 244, 245, 246, 247, 248, 249, 250, 251, 252, 253, 254, 255, 256, 257, 258, 259, 260, 261, 262, 263, 264, 265, 266, 267, 268, 269, 270, 271, 272, 273, 274, 275, 276, 277, 278, 279, 280, 281, 282, 283, 284, 285, 286, 287, 288, 289, 290, 291, 292, 293, 294, 295, 296, 297, 298, 299, 300, 301, 302, 303, 304, 305, 306, 307, 308, 309, 310, 311, 312, 313, 314, 315, 316, 317, 318, 319, 320, 321, 322, 323, 324, 325, 326, 327, 328, 329, 330, 331, 332, 333, 334, 335, 336, 337, 574, 575, 576, 577, 578, 579, 580, 581, 582, 583, 584, 585, 586, 587, 588, 589, 590, 591, 592, 593, 594, 595, 596, 597, 598, 599, 600, 601, 602, 603, 604, 605, 606, 607, 608, 609, 610, 611, 612, 613, 614, 615, 616, 617, 618, 619, 620, 621, 622, 623, 624, 625, 626, 627, 628, 629, 630, 631, 632, 633, 634, 635, 636, 637, 638, 639, 640, 641, 642, 643, 644, 645, 646, 647, 648, 649, 650, 651, 652, 653, 654, 655, 656, 657, 658, 659, 660, 661, 662, 663, 664, 665, 666, 667, 668, 669, 670, 671, 672, 673, 674, 675, 676, 677, 678, 679, 680, 681, 682, 683, 684, 685, 686, 687, 688, 689, 690, 691, 692, 693, 694, 695, 696, 697, 698, 699, 700, 701, 702, 703, 704, 705, 706, 707, 708, 709, 710, 711, 712, 713, 714, 715, 716, 717, 718, 719, 720, 721, 722, 723, 724, 725, 726, 727, 728, 729, 730, 731, 732, 733, 734, 735, 736, 737, 738, 739, 740, 741, 742, 743, 744, 745, 746, 747, 748, 749, 750, 751, 752, 753, 754, 755, 756, 757, 758, 759, 760, 761, 762, 763, 764, 765, 766, 767, 768, 769, 770, 771, 772, 773, 774, 775, 776, 777, 778, 779, 780, 781, 782, 783, 784, 785, 786, 787, 788, 789, 790, 791, 792, 793]","[49, 87, 107, 198, 255, 293, 297, 316, 331, 528, 558, 578, 669, 708, 752, 756, 774, 788]","[80, 297, 552, 756]","[255, 297, 708, 756]","[84, 87, 89, 114, 115, 117, 124, 132, 135, 144, 152, 178, 239, 268, 281, 297, 318, 320, 327, 348, 394, 555, 558, 560, 585, 586, 588, 595, 603, 606, 615, 623, 649, 703, 727, 740, 756, 776, 778, 785, 803, 844]",[],7/6 successful match,True,,False,264,False,,0.36333333333333334,True,Autoport Unocal 76,
"Otay Mesa , 92154 Truck Net Truck Stop",619-661-1888 Ave de la Fuente ( E of LaMedia S of 905 ),) 24 HRS L,Otay Mesa,92154,Truck Net Truck Stop,619-661-1888,2006,San Diego,CA,,( E of LaMedia S of 905 ),Ave de la Fuente,empty,,False,,False,Ave de,,,,,"[316, 774]","[198, 255, 316, 669, 708, 774]","[49, 87, 107, 198, 255, 293, 297, 316, 331, 528, 558, 578, 669, 708, 752, 756, 774, 788]",[],"[103, 104, 105, 106, 107, 108, 109, 110, 111, 112, 113, 114, 115, 116, 117, 118, 119, 120, 121, 122, 123, 124, 125, 126, 127, 128, 129, 130, 131, 132, 133, 134, 135, 136, 137, 138, 139, 140, 141, 142, 143, 144, 145, 146, 147, 148, 149, 150, 151, 152, 153, 154, 155, 156, 157, 158, 159, 160, 161, 162, 163, 164, 165, 166, 167, 168, 169, 170, 171, 172, 173, 174, 175, 176, 177, 178, 179, 180, 181, 182, 183, 184, 185, 186, 187, 188, 189, 190, 191, 192, 193, 194, 195, 196, 197, 198, 199, 200, 201, 202, 203, 204, 205, 206, 207, 208, 209, 210, 211, 212, 213, 214, 215, 216, 217, 218, 219, 220, 221, 222, 223, 224, 225, 226, 227, 228, 229, 230, 231, 232, 233, 234, 235, 236, 237, 238, 239, 240, 241, 242, 243, 244, 245, 246, 247, 248, 249, 250, 251, 252, 253, 254, 255, 256, 257, 258, 259, 260, 261, 262, 263, 264, 265, 266, 267, 268, 269, 270, 271, 272, 273, 274, 275, 276, 277, 278, 279, 280, 281, 282, 283, 284, 285, 286, 287, 288, 289, 290, 291, 292, 293, 294, 295, 296, 297, 298, 299, 300, 301, 302, 303, 304, 305, 306, 307, 308, 309, 310, 311, 312, 313, 314, 315, 316, 317, 318, 319, 320, 321, 322, 323, 324, 325, 326, 327, 328, 329, 330, 331, 332, 333, 334, 335, 336, 337, 574, 575, 576, 577, 578, 579, 580, 581, 582, 583, 584, 585, 586, 587, 588, 589, 590, 591, 592, 593, 594, 595, 596, 597, 598, 599, 600, 601, 602, 603, 604, 605, 606, 607, 608, 609, 610, 611, 612, 613, 614, 615, 616, 617, 618, 619, 620, 621, 622, 623, 624, 625, 626, 627, 628, 629, 630, 631, 632, 633, 634, 635, 636, 637, 638, 639, 640, 641, 642, 643, 644, 645, 646, 647, 648, 649, 650, 651, 652, 653, 654, 655, 656, 657, 658, 659, 660, 661, 662, 663, 664, 665, 666, 667, 668, 669, 670, 671, 672, 673, 674, 675, 676, 677, 678, 679, 680, 681, 682, 683, 684, 685, 686, 687, 688, 689, 690, 691, 692, 693, 694, 695, 696, 697, 698, 699, 700, 701, 702, 703, 704, 705, 706, 707, 708, 709, 710, 711, 712, 713, 714, 715, 716, 717, 718, 719, 720, 721, 722, 723, 724, 725, 726, 727, 728, 729, 730, 731, 732, 733, 734, 735, 736, 737, 738, 739, 740, 741, 742, 743, 744, 745, 746, 747, 748, 749, 750, 751, 752, 753, 754, 755, 756, 757, 758, 759, 760, 761, 762, 763, 764, 765, 766, 767, 768, 769, 770, 771, 772, 773, 774, 775, 776, 777, 778, 779, 780, 781, 782, 783, 784, 785, 786, 787, 788, 789, 790, 791, 792, 793]","[216, 218, 316, 686, 774]",[],"[316, 774]","[49, 87, 103, 104, 105, 106, 107, 108, 109, 110, 111, 112, 113, 114, 115, 116, 117, 118, 119, 120, 121, 122, 123, 124, 125, 126, 127, 128, 129, 130, 131, 132, 133, 134, 135, 136, 137, 138, 139, 140, 141, 142, 143, 144, 145, 146, 147, 148, 149, 150, 151, 152, 153, 154, 155, 156, 157, 158, 159, 160, 161, 162, 163, 164, 165, 166, 167, 168, 169, 170, 171, 172, 173, 174, 175, 176, 177, 178, 179, 180, 181, 182, 183, 184, 185, 186, 187, 188, 189, 190, 191, 192, 193, 194, 195, 196, 197, 198, 199, 200, 201, 202, 203, 204, 205, 206, 207, 208, 209, 210, 211, 212, 213, 214, 215, 216, 217, 218, 219, 220, 221, 222, 223, 224, 225, 226, 227, 228, 229, 230, 231, 232, 233, 234, 235, 236, 237, 238, 239, 240, 241, 242, 243, 244, 245, 246, 247, 248, 249, 250, 251, 252, 253, 254, 255, 256, 257, 258, 259, 260, 261, 262, 263, 264, 265, 266, 267, 268, 269, 270, 271, 272, 273, 274, 275, 276, 277, 278, 279, 280, 281, 282, 283, 284, 285, 286, 287, 288, 289, 290, 291, 292, 293, 294, 295, 296, 297, 298, 299, 300, 301, 302, 303, 304, 305, 306, 307, 308, 309, 310, 311, 312, 313, 314, 315, 316, 317, 318, 319, 320, 321, 322, 323, 324, 325, 326, 327, 328, 329, 330, 331, 332, 333, 334, 335, 336, 337, 528, 558, 574, 575, 576, 577, 578, 579, 580, 581, 582, 583, 584, 585, 586, 587, 588, 589, 590, 591, 592, 593, 594, 595, 596, 597, 598, 599, 600, 601, 602, 603, 604, 605, 606, 607, 608, 609, 610, 611, 612, 613, 614, 615, 616, 617, 618, 619, 620, 621, 622, 623, 624, 625, 626, 627, 628, 629, 630, 631, 632, 633, 634, 635, 636, 637, 638, 639, 640, 641, 642, 643, 644, 645, 646, 647, 648, 649, 650, 651, 652, 653, 654, 655, 656, 657, 658, 659, 660, 661, 662, 663, 664, 665, 666, 667, 668, 669, 670, 671, 672, 673, 674, 675, 676, 677, 678, 679, 680, 681, 682, 683, 684, 685, 686, 687, 688, 689, 690, 691, 692, 693, 694, 695, 696, 697, 698, 699, 700, 701, 702, 703, 704, 705, 706, 707, 708, 709, 710, 711, 712, 713, 714, 715, 716, 717, 718, 719, 720, 721, 722, 723, 724, 725, 726, 727, 728, 729, 730, 731, 732, 733, 734, 735, 736, 737, 738, 739, 740, 741, 742, 743, 744, 745, 746, 747, 748, 749, 750, 751, 752, 753, 754, 755, 756, 757, 758, 759, 760, 761, 762, 763, 764, 765, 766, 767, 768, 769, 770, 771, 772, 773, 774, 775, 776, 777, 778, 779, 780, 781, 782, 783, 784, 785, 786, 787, 788, 789, 790, 791, 792, 793]",True,"[198, 255, 316, 669, 708, 774]","[103, 104, 105, 106, 107, 108, 109, 110, 111, 112, 113, 114, 115, 116, 117, 118, 119, 120, 121, 122, 123, 124, 125, 126, 127, 128, 129, 130, 131, 132, 133, 134, 135, 136, 137, 138, 139, 140, 141, 142, 143, 144, 145, 146, 147, 148, 149, 150, 151, 152, 153, 154, 155, 156, 157, 158, 159, 160, 161, 162, 163, 164, 165, 166, 167, 168, 169, 170, 171, 172, 173, 174, 175, 176, 177, 178, 179, 180, 181, 182, 183, 184, 185, 186, 187, 188, 189, 190, 191, 192, 193, 194, 195, 196, 197, 198, 199, 200, 201, 202, 203, 204, 205, 206, 207, 208, 209, 210, 211, 212, 213, 214, 215, 216, 217, 218, 219, 220, 221, 222, 223, 224, 225, 226, 227, 228, 229, 230, 231, 232, 233, 234, 235, 236, 237, 238, 239, 240, 241, 242, 243, 244, 245, 246, 247, 248, 249, 250, 251, 252, 253, 254, 255, 256, 257, 258, 259, 260, 261, 262, 263, 264, 265, 266, 267, 268, 269, 270, 271, 272, 273, 274, 275, 276, 277, 278, 279, 280, 281, 282, 283, 284, 285, 286, 287, 288, 289, 290, 291, 292, 293, 294, 295, 296, 297, 298, 299, 300, 301, 302, 303, 304, 305, 306, 307, 308, 309, 310, 311, 312, 313, 314, 315, 316, 317, 318, 319, 320, 321, 322, 323, 324, 325, 326, 327, 328, 329, 330, 331, 332, 333, 334, 335, 336, 337, 574, 575, 576, 577, 578, 579, 580, 581, 582, 583, 584, 585, 586, 587, 588, 589, 590, 591, 592, 593, 594, 595, 596, 597, 598, 599, 600, 601, 602, 603, 604, 605, 606, 607, 608, 609, 610, 611, 612, 613, 614, 615, 616, 617, 618, 619, 620, 621, 622, 623, 624, 625, 626, 627, 628, 629, 630, 631, 632, 633, 634, 635, 636, 637, 638, 639, 640, 641, 642, 643, 644, 645, 646, 647, 648, 649, 650, 651, 652, 653, 654, 655, 656, 657, 658, 659, 660, 661, 662, 663, 664, 665, 666, 667, 668, 669, 670, 671, 672, 673, 674, 675, 676, 677, 678, 679, 680, 681, 682, 683, 684, 685, 686, 687, 688, 689, 690, 691, 692, 693, 694, 695, 696, 697, 698, 699, 700, 701, 702, 703, 704, 705, 706, 707, 708, 709, 710, 711, 712, 713, 714, 715, 716, 717, 718, 719, 720, 721, 722, 723, 724, 725, 726, 727, 728, 729, 730, 731, 732, 733, 734, 735, 736, 737, 738, 739, 740, 741, 742, 743, 744, 745, 746, 747, 748, 749, 750, 751, 752, 753, 754, 755, 756, 757, 758, 759, 760, 761, 762, 763, 764, 765, 766, 767, 768, 769, 770, 771, 772, 773, 774, 775, 776, 777, 778, 779, 780, 781, 782, 783, 784, 785, 786, 787, 788, 789, 790, 791, 792, 793]","[49, 87, 107, 198, 255, 293, 297, 316, 331, 528, 558, 578, 669, 708, 752, 756, 774, 788]",[],"[216, 218, 316, 686, 774]","[316, 774]",[],7/6 successful match,True,"[250, 251]",True,265,False,,,,,
Otay Mesa ( 92154 ) TruckNet Truck Stop,619-661-1888 La Media & Airway ( S of,24 <U+2610><U+2610>,Otay Mesa,92154,TruckNet Truck Stop,619-661-1888,2015,San Diego,CA,,( S of,La Media & Airway,empty,,False,,False,La Media,Airway,,,,"[316, 774]","[198, 255, 316, 669, 708, 774]","[49, 87, 107, 198, 255, 293, 297, 316, 331, 528, 558, 578, 669, 708, 752, 756, 774, 788]",[],"[103, 104, 105, 106, 107, 108, 109, 110, 111, 112, 113, 114, 115, 116, 117, 118, 119, 120, 121, 122, 123, 124, 125, 126, 127, 128, 129, 130, 131, 132, 133, 134, 135, 136, 137, 138, 139, 140, 141, 142, 143, 144, 145, 146, 147, 148, 149, 150, 151, 152, 153, 154, 155, 156, 157, 158, 159, 160, 161, 162, 163, 164, 165, 166, 167, 168, 169, 170, 171, 172, 173, 174, 175, 176, 177, 178, 179, 180, 181, 182, 183, 184, 185, 186, 187, 188, 189, 190, 191, 192, 193, 194, 195, 196, 197, 198, 199, 200, 201, 202, 203, 204, 205, 206, 207, 208, 209, 210, 211, 212, 213, 214, 215, 216, 217, 218, 219, 220, 221, 222, 223, 224, 225, 226, 227, 228, 229, 230, 231, 232, 233, 234, 235, 236, 237, 238, 239, 240, 241, 242, 243, 244, 245, 246, 247, 248, 249, 250, 251, 252, 253, 254, 255, 256, 257, 258, 259, 260, 261, 262, 263, 264, 265, 266, 267, 268, 269, 270, 271, 272, 273, 274, 275, 276, 277, 278, 279, 280, 281, 282, 283, 284, 285, 286, 287, 288, 289, 290, 291, 292, 293, 294, 295, 296, 297, 298, 299, 300, 301, 302, 303, 304, 305, 306, 307, 308, 309, 310, 311, 312, 313, 314, 315, 316, 317, 318, 319, 320, 321, 322, 323, 324, 325, 326, 327, 328, 329, 330, 331, 332, 333, 334, 335, 336, 337, 574, 575, 576, 577, 578, 579, 580, 581, 582, 583, 584, 585, 586, 587, 588, 589, 590, 591, 592, 593, 594, 595, 596, 597, 598, 599, 600, 601, 602, 603, 604, 605, 606, 607, 608, 609, 610, 611, 612, 613, 614, 615, 616, 617, 618, 619, 620, 621, 622, 623, 624, 625, 626, 627, 628, 629, 630, 631, 632, 633, 634, 635, 636, 637, 638, 639, 640, 641, 642, 643, 644, 645, 646, 647, 648, 649, 650, 651, 652, 653, 654, 655, 656, 657, 658, 659, 660, 661, 662, 663, 664, 665, 666, 667, 668, 669, 670, 671, 672, 673, 674, 675, 676, 677, 678, 679, 680, 681, 682, 683, 684, 685, 686, 687, 688, 689, 690, 691, 692, 693, 694, 695, 696, 697, 698, 699, 700, 701, 702, 703, 704, 705, 706, 707, 708, 709, 710, 711, 712, 713, 714, 715, 716, 717, 718, 719, 720, 721, 722, 723, 724, 725, 726, 727, 728, 729, 730, 731, 732, 733, 734, 735, 736, 737, 738, 739, 740, 741, 742, 743, 744, 745, 746, 747, 748, 749, 750, 751, 752, 753, 754, 755, 756, 757, 758, 759, 760, 761, 762, 763, 764, 765, 766, 767, 768, 769, 770, 771, 772, 773, 774, 775, 776, 777, 778, 779, 780, 781, 782, 783, 784, 785, 786, 787, 788, 789, 790, 791, 792, 793]","[198, 216, 316, 669, 774]",[],[],"[49, 87, 103, 104, 105, 106, 107, 108, 109, 110, 111, 112, 113, 114, 115, 116, 117, 118, 119, 120, 121, 122, 123, 124, 125, 126, 127, 128, 129, 130, 131, 132, 133, 134, 135, 136, 137, 138, 139, 140, 141, 142, 143, 144, 145, 146, 147, 148, 149, 150, 151, 152, 153, 154, 155, 156, 157, 158, 159, 160, 161, 162, 163, 164, 165, 166, 167, 168, 169, 170, 171, 172, 173, 174, 175, 176, 177, 178, 179, 180, 181, 182, 183, 184, 185, 186, 187, 188, 189, 190, 191, 192, 193, 194, 195, 196, 197, 198, 199, 200, 201, 202, 203, 204, 205, 206, 207, 208, 209, 210, 211, 212, 213, 214, 215, 216, 217, 218, 219, 220, 221, 222, 223, 224, 225, 226, 227, 228, 229, 230, 231, 232, 233, 234, 235, 236, 237, 238, 239, 240, 241, 242, 243, 244, 245, 246, 247, 248, 249, 250, 251, 252, 253, 254, 255, 256, 257, 258, 259, 260, 261, 262, 263, 264, 265, 266, 267, 268, 269, 270, 271, 272, 273, 274, 275, 276, 277, 278, 279, 280, 281, 282, 283, 284, 285, 286, 287, 288, 289, 290, 291, 292, 293, 294, 295, 296, 297, 298, 299, 300, 301, 302, 303, 304, 305, 306, 307, 308, 309, 310, 311, 312, 313, 314, 315, 316, 317, 318, 319, 320, 321, 322, 323, 324, 325, 326, 327, 328, 329, 330, 331, 332, 333, 334, 335, 336, 337, 528, 558, 574, 575, 576, 577, 578, 579, 580, 581, 582, 583, 584, 585, 586, 587, 588, 589, 590, 591, 592, 593, 594, 595, 596, 597, 598, 599, 600, 601, 602, 603, 604, 605, 606, 607, 608, 609, 610, 611, 612, 613, 614, 615, 616, 617, 618, 619, 620, 621, 622, 623, 624, 625, 626, 627, 628, 629, 630, 631, 632, 633, 634, 635, 636, 637, 638, 639, 640, 641, 642, 643, 644, 645, 646, 647, 648, 649, 650, 651, 652, 653, 654, 655, 656, 657, 658, 659, 660, 661, 662, 663, 664, 665, 666, 667, 668, 669, 670, 671, 672, 673, 674, 675, 676, 677, 678, 679, 680, 681, 682, 683, 684, 685, 686, 687, 688, 689, 690, 691, 692, 693, 694, 695, 696, 697, 698, 699, 700, 701, 702, 703, 704, 705, 706, 707, 708, 709, 710, 711, 712, 713, 714, 715, 716, 717, 718, 719, 720, 721, 722, 723, 724, 725, 726, 727, 728, 729, 730, 731, 732, 733, 734, 735, 736, 737, 738, 739, 740, 741, 742, 743, 744, 745, 746, 747, 748, 749, 750, 751, 752, 753, 754, 755, 756, 757, 758, 759, 760, 761, 762, 763, 764, 765, 766, 767, 768, 769, 770, 771, 772, 773, 774, 775, 776, 777, 778, 779, 780, 781, 782, 783, 784, 785, 786, 787, 788, 789, 790, 791, 792, 793]",True,"[198, 255, 316, 669, 708, 774]","[103, 104, 105, 106, 107, 108, 109, 110, 111, 112, 113, 114, 115, 116, 117, 118, 119, 120, 121, 122, 123, 124, 125, 126, 127, 128, 129, 130, 131, 132, 133, 134, 135, 136, 137, 138, 139, 140, 141, 142, 143, 144, 145, 146, 147, 148, 149, 150, 151, 152, 153, 154, 155, 156, 157, 158, 159, 160, 161, 162, 163, 164, 165, 166, 167, 168, 169, 170, 171, 172, 173, 174, 175, 176, 177, 178, 179, 180, 181, 182, 183, 184, 185, 186, 187, 188, 189, 190, 191, 192, 193, 194, 195, 196, 197, 198, 199, 200, 201, 202, 203, 204, 205, 206, 207, 208, 209, 210, 211, 212, 213, 214, 215, 216, 217, 218, 219, 220, 221, 222, 223, 224, 225, 226, 227, 228, 229, 230, 231, 232, 233, 234, 235, 236, 237, 238, 239, 240, 241, 242, 243, 244, 245, 246, 247, 248, 249, 250, 251, 252, 253, 254, 255, 256, 257, 258, 259, 260, 261, 262, 263, 264, 265, 266, 267, 268, 269, 270, 271, 272, 273, 274, 275, 276, 277, 278, 279, 280, 281, 282, 283, 284, 285, 286, 287, 288, 289, 290, 291, 292, 293, 294, 295, 296, 297, 298, 299, 300, 301, 302, 303, 304, 305, 306, 307, 308, 309, 310, 311, 312, 313, 314, 315, 316, 317, 318, 319, 320, 321, 322, 323, 324, 325, 326, 327, 328, 329, 330, 331, 332, 333, 334, 335, 336, 337, 574, 575, 576, 577, 578, 579, 580, 581, 582, 583, 584, 585, 586, 587, 588, 589, 590, 591, 592, 593, 594, 595, 596, 597, 598, 599, 600, 601, 602, 603, 604, 605, 606, 607, 608, 609, 610, 611, 612, 613, 614, 615, 616, 617, 618, 619, 620, 621, 622, 623, 624, 625, 626, 627, 628, 629, 630, 631, 632, 633, 634, 635, 636, 637, 638, 639, 640, 641, 642, 643, 644, 645, 646, 647, 648, 649, 650, 651, 652, 653, 654, 655, 656, 657, 658, 659, 660, 661, 662, 663, 664, 665, 666, 667, 668, 669, 670, 671, 672, 673, 674, 675, 676, 677, 678, 679, 680, 681, 682, 683, 684, 685, 686, 687, 688, 689, 690, 691, 692, 693, 694, 695, 696, 697, 698, 699, 700, 701, 702, 703, 704, 705, 706, 707, 708, 709, 710, 711, 712, 713, 714, 715, 716, 717, 718, 719, 720, 721, 722, 723, 724, 725, 726, 727, 728, 729, 730, 731, 732, 733, 734, 735, 736, 737, 738, 739, 740, 741, 742, 743, 744, 745, 746, 747, 748, 749, 750, 751, 752, 753, 754, 755, 756, 757, 758, 759, 760, 761, 762, 763, 764, 765, 766, 767, 768, 769, 770, 771, 772, 773, 774, 775, 776, 777, 778, 779, 780, 781, 782, 783, 784, 785, 786, 787, 788, 789, 790, 791, 792, 793]","[49, 87, 107, 198, 255, 293, 297, 316, 331, 528, 558, 578, 669, 708, 752, 756, 774, 788]",[],"[198, 216, 316, 669, 774]",[],[],7/6 successful match,True,"[250, 251]",True,266,False,,,,,
"Otay Mesa , 92154 Truck Net Truck Stop Way",619-661-1888 Ave de la Fuente ( E of,905 ) 24 RS L,Otay Mesa,92154,Truck Net Truck Stop Way,619-661-1888,2007,San Diego,CA,,( E of,Ave de la Fuente,empty,,False,,False,Ave de,,,,,"[316, 774]","[198, 255, 316, 669, 708, 774]","[49, 87, 107, 198, 255, 293, 297, 316, 331, 528, 558, 578, 669, 708, 752, 756, 774, 788]",[],"[103, 104, 105, 106, 107, 108, 109, 110, 111, 112, 113, 114, 115, 116, 117, 118, 119, 120, 121, 122, 123, 124, 125, 126, 127, 128, 129, 130, 131, 132, 133, 134, 135, 136, 137, 138, 139, 140, 141, 142, 143, 144, 145, 146, 147, 148, 149, 150, 151, 152, 153, 154, 155, 156, 157, 158, 159, 160, 161, 162, 163, 164, 165, 166, 167, 168, 169, 170, 171, 172, 173, 174, 175, 176, 177, 178, 179, 180, 181, 182, 183, 184, 185, 186, 187, 188, 189, 190, 191, 192, 193, 194, 195, 196, 197, 198, 199, 200, 201, 202, 203, 204, 205, 206, 207, 208, 209, 210, 211, 212, 213, 214, 215, 216, 217, 218, 219, 220, 221, 222, 223, 224, 225, 226, 227, 228, 229, 230, 231, 232, 233, 234, 235, 236, 237, 238, 239, 240, 241, 242, 243, 244, 245, 246, 247, 248, 249, 250, 251, 252, 253, 254, 255, 256, 257, 258, 259, 260, 261, 262, 263, 264, 265, 266, 267, 268, 269, 270, 271, 272, 273, 274, 275, 276, 277, 278, 279, 280, 281, 282, 283, 284, 285, 286, 287, 288, 289, 290, 291, 292, 293, 294, 295, 296, 297, 298, 299, 300, 301, 302, 303, 304, 305, 306, 307, 308, 309, 310, 311, 312, 313, 314, 315, 316, 317, 318, 319, 320, 321, 322, 323, 324, 325, 326, 327, 328, 329, 330, 331, 332, 333, 334, 335, 336, 337, 574, 575, 576, 577, 578, 579, 580, 581, 582, 583, 584, 585, 586, 587, 588, 589, 590, 591, 592, 593, 594, 595, 596, 597, 598, 599, 600, 601, 602, 603, 604, 605, 606, 607, 608, 609, 610, 611, 612, 613, 614, 615, 616, 617, 618, 619, 620, 621, 622, 623, 624, 625, 626, 627, 628, 629, 630, 631, 632, 633, 634, 635, 636, 637, 638, 639, 640, 641, 642, 643, 644, 645, 646, 647, 648, 649, 650, 651, 652, 653, 654, 655, 656, 657, 658, 659, 660, 661, 662, 663, 664, 665, 666, 667, 668, 669, 670, 671, 672, 673, 674, 675, 676, 677, 678, 679, 680, 681, 682, 683, 684, 685, 686, 687, 688, 689, 690, 691, 692, 693, 694, 695, 696, 697, 698, 699, 700, 701, 702, 703, 704, 705, 706, 707, 708, 709, 710, 711, 712, 713, 714, 715, 716, 717, 718, 719, 720, 721, 722, 723, 724, 725, 726, 727, 728, 729, 730, 731, 732, 733, 734, 735, 736, 737, 738, 739, 740, 741, 742, 743, 744, 745, 746, 747, 748, 749, 750, 751, 752, 753, 754, 755, 756, 757, 758, 759, 760, 761, 762, 763, 764, 765, 766, 767, 768, 769, 770, 771, 772, 773, 774, 775, 776, 777, 778, 779, 780, 781, 782, 783, 784, 785, 786, 787, 788, 789, 790, 791, 792, 793]","[216, 218, 316, 686, 774]",[],"[316, 774]","[49, 87, 103, 104, 105, 106, 107, 108, 109, 110, 111, 112, 113, 114, 115, 116, 117, 118, 119, 120, 121, 122, 123, 124, 125, 126, 127, 128, 129, 130, 131, 132, 133, 134, 135, 136, 137, 138, 139, 140, 141, 142, 143, 144, 145, 146, 147, 148, 149, 150, 151, 152, 153, 154, 155, 156, 157, 158, 159, 160, 161, 162, 163, 164, 165, 166, 167, 168, 169, 170, 171, 172, 173, 174, 175, 176, 177, 178, 179, 180, 181, 182, 183, 184, 185, 186, 187, 188, 189, 190, 191, 192, 193, 194, 195, 196, 197, 198, 199, 200, 201, 202, 203, 204, 205, 206, 207, 208, 209, 210, 211, 212, 213, 214, 215, 216, 217, 218, 219, 220, 221, 222, 223, 224, 225, 226, 227, 228, 229, 230, 231, 232, 233, 234, 235, 236, 237, 238, 239, 240, 241, 242, 243, 244, 245, 246, 247, 248, 249, 250, 251, 252, 253, 254, 255, 256, 257, 258, 259, 260, 261, 262, 263, 264, 265, 266, 267, 268, 269, 270, 271, 272, 273, 274, 275, 276, 277, 278, 279, 280, 281, 282, 283, 284, 285, 286, 287, 288, 289, 290, 291, 292, 293, 294, 295, 296, 297, 298, 299, 300, 301, 302, 303, 304, 305, 306, 307, 308, 309, 310, 311, 312, 313, 314, 315, 316, 317, 318, 319, 320, 321, 322, 323, 324, 325, 326, 327, 328, 329, 330, 331, 332, 333, 334, 335, 336, 337, 528, 558, 574, 575, 576, 577, 578, 579, 580, 581, 582, 583, 584, 585, 586, 587, 588, 589, 590, 591, 592, 593, 594, 595, 596, 597, 598, 599, 600, 601, 602, 603, 604, 605, 606, 607, 608, 609, 610, 611, 612, 613, 614, 615, 616, 617, 618, 619, 620, 621, 622, 623, 624, 625, 626, 627, 628, 629, 630, 631, 632, 633, 634, 635, 636, 637, 638, 639, 640, 641, 642, 643, 644, 645, 646, 647, 648, 649, 650, 651, 652, 653, 654, 655, 656, 657, 658, 659, 660, 661, 662, 663, 664, 665, 666, 667, 668, 669, 670, 671, 672, 673, 674, 675, 676, 677, 678, 679, 680, 681, 682, 683, 684, 685, 686, 687, 688, 689, 690, 691, 692, 693, 694, 695, 696, 697, 698, 699, 700, 701, 702, 703, 704, 705, 706, 707, 708, 709, 710, 711, 712, 713, 714, 715, 716, 717, 718, 719, 720, 721, 722, 723, 724, 725, 726, 727, 728, 729, 730, 731, 732, 733, 734, 735, 736, 737, 738, 739, 740, 741, 742, 743, 744, 745, 746, 747, 748, 749, 750, 751, 752, 753, 754, 755, 756, 757, 758, 759, 760, 761, 762, 763, 764, 765, 766, 767, 768, 769, 770, 771, 772, 773, 774, 775, 776, 777, 778, 779, 780, 781, 782, 783, 784, 785, 786, 787, 788, 789, 790, 791, 792, 793]",True,"[198, 255, 316, 669, 708, 774]","[103, 104, 105, 106, 107, 108, 109, 110, 111, 112, 113, 114, 115, 116, 117, 118, 119, 120, 121, 122, 123, 124, 125, 126, 127, 128, 129, 130, 131, 132, 133, 134, 135, 136, 137, 138, 139, 140, 141, 142, 143, 144, 145, 146, 147, 148, 149, 150, 151, 152, 153, 154, 155, 156, 157, 158, 159, 160, 161, 162, 163, 164, 165, 166, 167, 168, 169, 170, 171, 172, 173, 174, 175, 176, 177, 178, 179, 180, 181, 182, 183, 184, 185, 186, 187, 188, 189, 190, 191, 192, 193, 194, 195, 196, 197, 198, 199, 200, 201, 202, 203, 204, 205, 206, 207, 208, 209, 210, 211, 212, 213, 214, 215, 216, 217, 218, 219, 220, 221, 222, 223, 224, 225, 226, 227, 228, 229, 230, 231, 232, 233, 234, 235, 236, 237, 238, 239, 240, 241, 242, 243, 244, 245, 246, 247, 248, 249, 250, 251, 252, 253, 254, 255, 256, 257, 258, 259, 260, 261, 262, 263, 264, 265, 266, 267, 268, 269, 270, 271, 272, 273, 274, 275, 276, 277, 278, 279, 280, 281, 282, 283, 284, 285, 286, 287, 288, 289, 290, 291, 292, 293, 294, 295, 296, 297, 298, 299, 300, 301, 302, 303, 304, 305, 306, 307, 308, 309, 310, 311, 312, 313, 314, 315, 316, 317, 318, 319, 320, 321, 322, 323, 324, 325, 326, 327, 328, 329, 330, 331, 332, 333, 334, 335, 336, 337, 574, 575, 576, 577, 578, 579, 580, 581, 582, 583, 584, 585, 586, 587, 588, 589, 590, 591, 592, 593, 594, 595, 596, 597, 598, 599, 600, 601, 602, 603, 604, 605, 606, 607, 608, 609, 610, 611, 612, 613, 614, 615, 616, 617, 618, 619, 620, 621, 622, 623, 624, 625, 626, 627, 628, 629, 630, 631, 632, 633, 634, 635, 636, 637, 638, 639, 640, 641, 642, 643, 644, 645, 646, 647, 648, 649, 650, 651, 652, 653, 654, 655, 656, 657, 658, 659, 660, 661, 662, 663, 664, 665, 666, 667, 668, 669, 670, 671, 672, 673, 674, 675, 676, 677, 678, 679, 680, 681, 682, 683, 684, 685, 686, 687, 688, 689, 690, 691, 692, 693, 694, 695, 696, 697, 698, 699, 700, 701, 702, 703, 704, 705, 706, 707, 708, 709, 710, 711, 712, 713, 714, 715, 716, 717, 718, 719, 720, 721, 722, 723, 724, 725, 726, 727, 728, 729, 730, 731, 732, 733, 734, 735, 736, 737, 738, 739, 740, 741, 742, 743, 744, 745, 746, 747, 748, 749, 750, 751, 752, 753, 754, 755, 756, 757, 758, 759, 760, 761, 762, 763, 764, 765, 766, 767, 768, 769, 770, 771, 772, 773, 774, 775, 776, 777, 778, 779, 780, 781, 782, 783, 784, 785, 786, 787, 788, 789, 790, 791, 792, 793]","[49, 87, 107, 198, 255, 293, 297, 316, 331, 528, 558, 578, 669, 708, 752, 756, 774, 788]",[],"[216, 218, 316, 686, 774]","[316, 774]",[],7/6 successful match,True,"[250, 251]",True,267,False,,,,,
"Otay Mesa , 92154 Truck Net Truck Stop",619-661-1888 Ave de la Fuente ( E of LaMedia S of 905 ),905 ) 24 HRS <U+2610> <U+2610> <U+2610> <U+2610> <U+2610>,Otay Mesa,92154,Truck Net Truck Stop,619-661-1888,2008,San Diego,CA,,( E of LaMedia S of 905 ),Ave de la Fuente,empty,,False,,False,Ave de,,,,,"[316, 774]","[198, 255, 316, 669, 708, 774]","[49, 87, 107, 198, 255, 293, 297, 316, 331, 528, 558, 578, 669, 708, 752, 756, 774, 788]",[],"[103, 104, 105, 106, 107, 108, 109, 110, 111, 112, 113, 114, 115, 116, 117, 118, 119, 120, 121, 122, 123, 124, 125, 126, 127, 128, 129, 130, 131, 132, 133, 134, 135, 136, 137, 138, 139, 140, 141, 142, 143, 144, 145, 146, 147, 148, 149, 150, 151, 152, 153, 154, 155, 156, 157, 158, 159, 160, 161, 162, 163, 164, 165, 166, 167, 168, 169, 170, 171, 172, 173, 174, 175, 176, 177, 178, 179, 180, 181, 182, 183, 184, 185, 186, 187, 188, 189, 190, 191, 192, 193, 194, 195, 196, 197, 198, 199, 200, 201, 202, 203, 204, 205, 206, 207, 208, 209, 210, 211, 212, 213, 214, 215, 216, 217, 218, 219, 220, 221, 222, 223, 224, 225, 226, 227, 228, 229, 230, 231, 232, 233, 234, 235, 236, 237, 238, 239, 240, 241, 242, 243, 244, 245, 246, 247, 248, 249, 250, 251, 252, 253, 254, 255, 256, 257, 258, 259, 260, 261, 262, 263, 264, 265, 266, 267, 268, 269, 270, 271, 272, 273, 274, 275, 276, 277, 278, 279, 280, 281, 282, 283, 284, 285, 286, 287, 288, 289, 290, 291, 292, 293, 294, 295, 296, 297, 298, 299, 300, 301, 302, 303, 304, 305, 306, 307, 308, 309, 310, 311, 312, 313, 314, 315, 316, 317, 318, 319, 320, 321, 322, 323, 324, 325, 326, 327, 328, 329, 330, 331, 332, 333, 334, 335, 336, 337, 574, 575, 576, 577, 578, 579, 580, 581, 582, 583, 584, 585, 586, 587, 588, 589, 590, 591, 592, 593, 594, 595, 596, 597, 598, 599, 600, 601, 602, 603, 604, 605, 606, 607, 608, 609, 610, 611, 612, 613, 614, 615, 616, 617, 618, 619, 620, 621, 622, 623, 624, 625, 626, 627, 628, 629, 630, 631, 632, 633, 634, 635, 636, 637, 638, 639, 640, 641, 642, 643, 644, 645, 646, 647, 648, 649, 650, 651, 652, 653, 654, 655, 656, 657, 658, 659, 660, 661, 662, 663, 664, 665, 666, 667, 668, 669, 670, 671, 672, 673, 674, 675, 676, 677, 678, 679, 680, 681, 682, 683, 684, 685, 686, 687, 688, 689, 690, 691, 692, 693, 694, 695, 696, 697, 698, 699, 700, 701, 702, 703, 704, 705, 706, 707, 708, 709, 710, 711, 712, 713, 714, 715, 716, 717, 718, 719, 720, 721, 722, 723, 724, 725, 726, 727, 728, 729, 730, 731, 732, 733, 734, 735, 736, 737, 738, 739, 740, 741, 742, 743, 744, 745, 746, 747, 748, 749, 750, 751, 752, 753, 754, 755, 756, 757, 758, 759, 760, 761, 762, 763, 764, 765, 766, 767, 768, 769, 770, 771, 772, 773, 774, 775, 776, 777, 778, 779, 780, 781, 782, 783, 784, 785, 786, 787, 788, 789, 790, 791, 792, 793]","[216, 218, 316, 686, 774]",[],"[316, 774]","[49, 87, 103, 104, 105, 106, 107, 108, 109, 110, 111, 112, 113, 114, 115, 116, 117, 118, 119, 120, 121, 122, 123, 124, 125, 126, 127, 128, 129, 130, 131, 132, 133, 134, 135, 136, 137, 138, 139, 140, 141, 142, 143, 144, 145, 146, 147, 148, 149, 150, 151, 152, 153, 154, 155, 156, 157, 158, 159, 160, 161, 162, 163, 164, 165, 166, 167, 168, 169, 170, 171, 172, 173, 174, 175, 176, 177, 178, 179, 180, 181, 182, 183, 184, 185, 186, 187, 188, 189, 190, 191, 192, 193, 194, 195, 196, 197, 198, 199, 200, 201, 202, 203, 204, 205, 206, 207, 208, 209, 210, 211, 212, 213, 214, 215, 216, 217, 218, 219, 220, 221, 222, 223, 224, 225, 226, 227, 228, 229, 230, 231, 232, 233, 234, 235, 236, 237, 238, 239, 240, 241, 242, 243, 244, 245, 246, 247, 248, 249, 250, 251, 252, 253, 254, 255, 256, 257, 258, 259, 260, 261, 262, 263, 264, 265, 266, 267, 268, 269, 270, 271, 272, 273, 274, 275, 276, 277, 278, 279, 280, 281, 282, 283, 284, 285, 286, 287, 288, 289, 290, 291, 292, 293, 294, 295, 296, 297, 298, 299, 300, 301, 302, 303, 304, 305, 306, 307, 308, 309, 310, 311, 312, 313, 314, 315, 316, 317, 318, 319, 320, 321, 322, 323, 324, 325, 326, 327, 328, 329, 330, 331, 332, 333, 334, 335, 336, 337, 528, 558, 574, 575, 576, 577, 578, 579, 580, 581, 582, 583, 584, 585, 586, 587, 588, 589, 590, 591, 592, 593, 594, 595, 596, 597, 598, 599, 600, 601, 602, 603, 604, 605, 606, 607, 608, 609, 610, 611, 612, 613, 614, 615, 616, 617, 618, 619, 620, 621, 622, 623, 624, 625, 626, 627, 628, 629, 630, 631, 632, 633, 634, 635, 636, 637, 638, 639, 640, 641, 642, 643, 644, 645, 646, 647, 648, 649, 650, 651, 652, 653, 654, 655, 656, 657, 658, 659, 660, 661, 662, 663, 664, 665, 666, 667, 668, 669, 670, 671, 672, 673, 674, 675, 676, 677, 678, 679, 680, 681, 682, 683, 684, 685, 686, 687, 688, 689, 690, 691, 692, 693, 694, 695, 696, 697, 698, 699, 700, 701, 702, 703, 704, 705, 706, 707, 708, 709, 710, 711, 712, 713, 714, 715, 716, 717, 718, 719, 720, 721, 722, 723, 724, 725, 726, 727, 728, 729, 730, 731, 732, 733, 734, 735, 736, 737, 738, 739, 740, 741, 742, 743, 744, 745, 746, 747, 748, 749, 750, 751, 752, 753, 754, 755, 756, 757, 758, 759, 760, 761, 762, 763, 764, 765, 766, 767, 768, 769, 770, 771, 772, 773, 774, 775, 776, 777, 778, 779, 780, 781, 782, 783, 784, 785, 786, 787, 788, 789, 790, 791, 792, 793]",True,"[198, 255, 316, 669, 708, 774]","[103, 104, 105, 106, 107, 108, 109, 110, 111, 112, 113, 114, 115, 116, 117, 118, 119, 120, 121, 122, 123, 124, 125, 126, 127, 128, 129, 130, 131, 132, 133, 134, 135, 136, 137, 138, 139, 140, 141, 142, 143, 144, 145, 146, 147, 148, 149, 150, 151, 152, 153, 154, 155, 156, 157, 158, 159, 160, 161, 162, 163, 164, 165, 166, 167, 168, 169, 170, 171, 172, 173, 174, 175, 176, 177, 178, 179, 180, 181, 182, 183, 184, 185, 186, 187, 188, 189, 190, 191, 192, 193, 194, 195, 196, 197, 198, 199, 200, 201, 202, 203, 204, 205, 206, 207, 208, 209, 210, 211, 212, 213, 214, 215, 216, 217, 218, 219, 220, 221, 222, 223, 224, 225, 226, 227, 228, 229, 230, 231, 232, 233, 234, 235, 236, 237, 238, 239, 240, 241, 242, 243, 244, 245, 246, 247, 248, 249, 250, 251, 252, 253, 254, 255, 256, 257, 258, 259, 260, 261, 262, 263, 264, 265, 266, 267, 268, 269, 270, 271, 272, 273, 274, 275, 276, 277, 278, 279, 280, 281, 282, 283, 284, 285, 286, 287, 288, 289, 290, 291, 292, 293, 294, 295, 296, 297, 298, 299, 300, 301, 302, 303, 304, 305, 306, 307, 308, 309, 310, 311, 312, 313, 314, 315, 316, 317, 318, 319, 320, 321, 322, 323, 324, 325, 326, 327, 328, 329, 330, 331, 332, 333, 334, 335, 336, 337, 574, 575, 576, 577, 578, 579, 580, 581, 582, 583, 584, 585, 586, 587, 588, 589, 590, 591, 592, 593, 594, 595, 596, 597, 598, 599, 600, 601, 602, 603, 604, 605, 606, 607, 608, 609, 610, 611, 612, 613, 614, 615, 616, 617, 618, 619, 620, 621, 622, 623, 624, 625, 626, 627, 628, 629, 630, 631, 632, 633, 634, 635, 636, 637, 638, 639, 640, 641, 642, 643, 644, 645, 646, 647, 648, 649, 650, 651, 652, 653, 654, 655, 656, 657, 658, 659, 660, 661, 662, 663, 664, 665, 666, 667, 668, 669, 670, 671, 672, 673, 674, 675, 676, 677, 678, 679, 680, 681, 682, 683, 684, 685, 686, 687, 688, 689, 690, 691, 692, 693, 694, 695, 696, 697, 698, 699, 700, 701, 702, 703, 704, 705, 706, 707, 708, 709, 710, 711, 712, 713, 714, 715, 716, 717, 718, 719, 720, 721, 722, 723, 724, 725, 726, 727, 728, 729, 730, 731, 732, 733, 734, 735, 736, 737, 738, 739, 740, 741, 742, 743, 744, 745, 746, 747, 748, 749, 750, 751, 752, 753, 754, 755, 756, 757, 758, 759, 760, 761, 762, 763, 764, 765, 766, 767, 768, 769, 770, 771, 772, 773, 774, 775, 776, 777, 778, 779, 780, 781, 782, 783, 784, 785, 786, 787, 788, 789, 790, 791, 792, 793]","[49, 87, 107, 198, 255, 293, 297, 316, 331, 528, 558, 578, 669, 708, 752, 756, 774, 788]",[],"[216, 218, 316, 686, 774]","[316, 774]",[],7/6 successful match,True,"[250, 251]",True,267,False,,0.8727272727272728,True,Truck Net Truck Stop Way,
Otay Mesa ( 92154 ) TruckNet Truck Stop,5 619-661-1888 La Media & Airway ( S of CA 905 ),24,Otay Mesa,92154,TruckNet Truck Stop,619-661-1888,2014,San Diego,CA,,( S of CA 905 ),La Media & Airway,empty,,False,,False,La Media,Airway,,,,"[316, 774]","[198, 255, 316, 669, 708, 774]","[49, 87, 107, 198, 255, 293, 297, 316, 331, 528, 558, 578, 669, 708, 752, 756, 774, 788]",[],"[103, 104, 105, 106, 107, 108, 109, 110, 111, 112, 113, 114, 115, 116, 117, 118, 119, 120, 121, 122, 123, 124, 125, 126, 127, 128, 129, 130, 131, 132, 133, 134, 135, 136, 137, 138, 139, 140, 141, 142, 143, 144, 145, 146, 147, 148, 149, 150, 151, 152, 153, 154, 155, 156, 157, 158, 159, 160, 161, 162, 163, 164, 165, 166, 167, 168, 169, 170, 171, 172, 173, 174, 175, 176, 177, 178, 179, 180, 181, 182, 183, 184, 185, 186, 187, 188, 189, 190, 191, 192, 193, 194, 195, 196, 197, 198, 199, 200, 201, 202, 203, 204, 205, 206, 207, 208, 209, 210, 211, 212, 213, 214, 215, 216, 217, 218, 219, 220, 221, 222, 223, 224, 225, 226, 227, 228, 229, 230, 231, 232, 233, 234, 235, 236, 237, 238, 239, 240, 241, 242, 243, 244, 245, 246, 247, 248, 249, 250, 251, 252, 253, 254, 255, 256, 257, 258, 259, 260, 261, 262, 263, 264, 265, 266, 267, 268, 269, 270, 271, 272, 273, 274, 275, 276, 277, 278, 279, 280, 281, 282, 283, 284, 285, 286, 287, 288, 289, 290, 291, 292, 293, 294, 295, 296, 297, 298, 299, 300, 301, 302, 303, 304, 305, 306, 307, 308, 309, 310, 311, 312, 313, 314, 315, 316, 317, 318, 319, 320, 321, 322, 323, 324, 325, 326, 327, 328, 329, 330, 331, 332, 333, 334, 335, 336, 337, 574, 575, 576, 577, 578, 579, 580, 581, 582, 583, 584, 585, 586, 587, 588, 589, 590, 591, 592, 593, 594, 595, 596, 597, 598, 599, 600, 601, 602, 603, 604, 605, 606, 607, 608, 609, 610, 611, 612, 613, 614, 615, 616, 617, 618, 619, 620, 621, 622, 623, 624, 625, 626, 627, 628, 629, 630, 631, 632, 633, 634, 635, 636, 637, 638, 639, 640, 641, 642, 643, 644, 645, 646, 647, 648, 649, 650, 651, 652, 653, 654, 655, 656, 657, 658, 659, 660, 661, 662, 663, 664, 665, 666, 667, 668, 669, 670, 671, 672, 673, 674, 675, 676, 677, 678, 679, 680, 681, 682, 683, 684, 685, 686, 687, 688, 689, 690, 691, 692, 693, 694, 695, 696, 697, 698, 699, 700, 701, 702, 703, 704, 705, 706, 707, 708, 709, 710, 711, 712, 713, 714, 715, 716, 717, 718, 719, 720, 721, 722, 723, 724, 725, 726, 727, 728, 729, 730, 731, 732, 733, 734, 735, 736, 737, 738, 739, 740, 741, 742, 743, 744, 745, 746, 747, 748, 749, 750, 751, 752, 753, 754, 755, 756, 757, 758, 759, 760, 761, 762, 763, 764, 765, 766, 767, 768, 769, 770, 771, 772, 773, 774, 775, 776, 777, 778, 779, 780, 781, 782, 783, 784, 785, 786, 787, 788, 789, 790, 791, 792, 793]","[198, 216, 316, 669, 774]",[],[],"[49, 87, 103, 104, 105, 106, 107, 108, 109, 110, 111, 112, 113, 114, 115, 116, 117, 118, 119, 120, 121, 122, 123, 124, 125, 126, 127, 128, 129, 130, 131, 132, 133, 134, 135, 136, 137, 138, 139, 140, 141, 142, 143, 144, 145, 146, 147, 148, 149, 150, 151, 152, 153, 154, 155, 156, 157, 158, 159, 160, 161, 162, 163, 164, 165, 166, 167, 168, 169, 170, 171, 172, 173, 174, 175, 176, 177, 178, 179, 180, 181, 182, 183, 184, 185, 186, 187, 188, 189, 190, 191, 192, 193, 194, 195, 196, 197, 198, 199, 200, 201, 202, 203, 204, 205, 206, 207, 208, 209, 210, 211, 212, 213, 214, 215, 216, 217, 218, 219, 220, 221, 222, 223, 224, 225, 226, 227, 228, 229, 230, 231, 232, 233, 234, 235, 236, 237, 238, 239, 240, 241, 242, 243, 244, 245, 246, 247, 248, 249, 250, 251, 252, 253, 254, 255, 256, 257, 258, 259, 260, 261, 262, 263, 264, 265, 266, 267, 268, 269, 270, 271, 272, 273, 274, 275, 276, 277, 278, 279, 280, 281, 282, 283, 284, 285, 286, 287, 288, 289, 290, 291, 292, 293, 294, 295, 296, 297, 298, 299, 300, 301, 302, 303, 304, 305, 306, 307, 308, 309, 310, 311, 312, 313, 314, 315, 316, 317, 318, 319, 320, 321, 322, 323, 324, 325, 326, 327, 328, 329, 330, 331, 332, 333, 334, 335, 336, 337, 528, 558, 574, 575, 576, 577, 578, 579, 580, 581, 582, 583, 584, 585, 586, 587, 588, 589, 590, 591, 592, 593, 594, 595, 596, 597, 598, 599, 600, 601, 602, 603, 604, 605, 606, 607, 608, 609, 610, 611, 612, 613, 614, 615, 616, 617, 618, 619, 620, 621, 622, 623, 624, 625, 626, 627, 628, 629, 630, 631, 632, 633, 634, 635, 636, 637, 638, 639, 640, 641, 642, 643, 644, 645, 646, 647, 648, 649, 650, 651, 652, 653, 654, 655, 656, 657, 658, 659, 660, 661, 662, 663, 664, 665, 666, 667, 668, 669, 670, 671, 672, 673, 674, 675, 676, 677, 678, 679, 680, 681, 682, 683, 684, 685, 686, 687, 688, 689, 690, 691, 692, 693, 694, 695, 696, 697, 698, 699, 700, 701, 702, 703, 704, 705, 706, 707, 708, 709, 710, 711, 712, 713, 714, 715, 716, 717, 718, 719, 720, 721, 722, 723, 724, 725, 726, 727, 728, 729, 730, 731, 732, 733, 734, 735, 736, 737, 738, 739, 740, 741, 742, 743, 744, 745, 746, 747, 748, 749, 750, 751, 752, 753, 754, 755, 756, 757, 758, 759, 760, 761, 762, 763, 764, 765, 766, 767, 768, 769, 770, 771, 772, 773, 774, 775, 776, 777, 778, 779, 780, 781, 782, 783, 784, 785, 786, 787, 788, 789, 790, 791, 792, 793]",True,"[198, 255, 316, 669, 708, 774]","[103, 104, 105, 106, 107, 108, 109, 110, 111, 112, 113, 114, 115, 116, 117, 118, 119, 120, 121, 122, 123, 124, 125, 126, 127, 128, 129, 130, 131, 132, 133, 134, 135, 136, 137, 138, 139, 140, 141, 142, 143, 144, 145, 146, 147, 148, 149, 150, 151, 152, 153, 154, 155, 156, 157, 158, 159, 160, 161, 162, 163, 164, 165, 166, 167, 168, 169, 170, 171, 172, 173, 174, 175, 176, 177, 178, 179, 180, 181, 182, 183, 184, 185, 186, 187, 188, 189, 190, 191, 192, 193, 194, 195, 196, 197, 198, 199, 200, 201, 202, 203, 204, 205, 206, 207, 208, 209, 210, 211, 212, 213, 214, 215, 216, 217, 218, 219, 220, 221, 222, 223, 224, 225, 226, 227, 228, 229, 230, 231, 232, 233, 234, 235, 236, 237, 238, 239, 240, 241, 242, 243, 244, 245, 246, 247, 248, 249, 250, 251, 252, 253, 254, 255, 256, 257, 258, 259, 260, 261, 262, 263, 264, 265, 266, 267, 268, 269, 270, 271, 272, 273, 274, 275, 276, 277, 278, 279, 280, 281, 282, 283, 284, 285, 286, 287, 288, 289, 290, 291, 292, 293, 294, 295, 296, 297, 298, 299, 300, 301, 302, 303, 304, 305, 306, 307, 308, 309, 310, 311, 312, 313, 314, 315, 316, 317, 318, 319, 320, 321, 322, 323, 324, 325, 326, 327, 328, 329, 330, 331, 332, 333, 334, 335, 336, 337, 574, 575, 576, 577, 578, 579, 580, 581, 582, 583, 584, 585, 586, 587, 588, 589, 590, 591, 592, 593, 594, 595, 596, 597, 598, 599, 600, 601, 602, 603, 604, 605, 606, 607, 608, 609, 610, 611, 612, 613, 614, 615, 616, 617, 618, 619, 620, 621, 622, 623, 624, 625, 626, 627, 628, 629, 630, 631, 632, 633, 634, 635, 636, 637, 638, 639, 640, 641, 642, 643, 644, 645, 646, 647, 648, 649, 650, 651, 652, 653, 654, 655, 656, 657, 658, 659, 660, 661, 662, 663, 664, 665, 666, 667, 668, 669, 670, 671, 672, 673, 674, 675, 676, 677, 678, 679, 680, 681, 682, 683, 684, 685, 686, 687, 688, 689, 690, 691, 692, 693, 694, 695, 696, 697, 698, 699, 700, 701, 702, 703, 704, 705, 706, 707, 708, 709, 710, 711, 712, 713, 714, 715, 716, 717, 718, 719, 720, 721, 722, 723, 724, 725, 726, 727, 728, 729, 730, 731, 732, 733, 734, 735, 736, 737, 738, 739, 740, 741, 742, 743, 744, 745, 746, 747, 748, 749, 750, 751, 752, 753, 754, 755, 756, 757, 758, 759, 760, 761, 762, 763, 764, 765, 766, 767, 768, 769, 770, 771, 772, 773, 774, 775, 776, 777, 778, 779, 780, 781, 782, 783, 784, 785, 786, 787, 788, 789, 790, 791, 792, 793]","[49, 87, 107, 198, 255, 293, 297, 316, 331, 528, 558, 578, 669, 708, 752, 756, 774, 788]",[],"[198, 216, 316, 669, 774]",[],[],7/6 successful match,True,"[250, 251]",True,267,False,,0.48717948717948717,True,Truck Net Truck Stop,
Otay Mesa ( 92154 ) TruckNet Truck Stop Mesa Rd ) .,619-661-1888 CA 905 Exit 7 ( S to,<U+25A1>,Otay Mesa,92154,TruckNet Truck Stop Mesa Rd ) .,619-661-1888,2016,San Diego,CA,,( S to,CA 905 Exit 7 ,Exit,7,False,,False,CA 905,,,,,"[316, 774]","[198, 255, 316, 669, 708, 774]","[49, 87, 107, 198, 255, 293, 297, 316, 331, 528, 558, 578, 669, 708, 752, 756, 774, 788]","[198, 266, 316, 378, 422, 669, 774, 828, 874]","[103, 104, 105, 106, 107, 108, 109, 110, 111, 112, 113, 114, 115, 116, 117, 118, 119, 120, 121, 122, 123, 124, 125, 126, 127, 128, 129, 130, 131, 132, 133, 134, 135, 136, 137, 138, 139, 140, 141, 142, 143, 144, 145, 146, 147, 148, 149, 150, 151, 152, 153, 154, 155, 156, 157, 158, 159, 160, 161, 162, 163, 164, 165, 166, 167, 168, 169, 170, 171, 172, 173, 174, 175, 176, 177, 178, 179, 180, 181, 182, 183, 184, 185, 186, 187, 188, 189, 190, 191, 192, 193, 194, 195, 196, 197, 198, 199, 200, 201, 202, 203, 204, 205, 206, 207, 208, 209, 210, 211, 212, 213, 214, 215, 216, 217, 218, 219, 220, 221, 222, 223, 224, 225, 226, 227, 228, 229, 230, 231, 232, 233, 234, 235, 236, 237, 238, 239, 240, 241, 242, 243, 244, 245, 246, 247, 248, 249, 250, 251, 252, 253, 254, 255, 256, 257, 258, 259, 260, 261, 262, 263, 264, 265, 266, 267, 268, 269, 270, 271, 272, 273, 274, 275, 276, 277, 278, 279, 280, 281, 282, 283, 284, 285, 286, 287, 288, 289, 290, 291, 292, 293, 294, 295, 296, 297, 298, 299, 300, 301, 302, 303, 304, 305, 306, 307, 308, 309, 310, 311, 312, 313, 314, 315, 316, 317, 318, 319, 320, 321, 322, 323, 324, 325, 326, 327, 328, 329, 330, 331, 332, 333, 334, 335, 336, 337, 574, 575, 576, 577, 578, 579, 580, 581, 582, 583, 584, 585, 586, 587, 588, 589, 590, 591, 592, 593, 594, 595, 596, 597, 598, 599, 600, 601, 602, 603, 604, 605, 606, 607, 608, 609, 610, 611, 612, 613, 614, 615, 616, 617, 618, 619, 620, 621, 622, 623, 624, 625, 626, 627, 628, 629, 630, 631, 632, 633, 634, 635, 636, 637, 638, 639, 640, 641, 642, 643, 644, 645, 646, 647, 648, 649, 650, 651, 652, 653, 654, 655, 656, 657, 658, 659, 660, 661, 662, 663, 664, 665, 666, 667, 668, 669, 670, 671, 672, 673, 674, 675, 676, 677, 678, 679, 680, 681, 682, 683, 684, 685, 686, 687, 688, 689, 690, 691, 692, 693, 694, 695, 696, 697, 698, 699, 700, 701, 702, 703, 704, 705, 706, 707, 708, 709, 710, 711, 712, 713, 714, 715, 716, 717, 718, 719, 720, 721, 722, 723, 724, 725, 726, 727, 728, 729, 730, 731, 732, 733, 734, 735, 736, 737, 738, 739, 740, 741, 742, 743, 744, 745, 746, 747, 748, 749, 750, 751, 752, 753, 754, 755, 756, 757, 758, 759, 760, 761, 762, 763, 764, 765, 766, 767, 768, 769, 770, 771, 772, 773, 774, 775, 776, 777, 778, 779, 780, 781, 782, 783, 784, 785, 786, 787, 788, 789, 790, 791, 792, 793]","[103, 104, 106, 117, 118, 120, 127, 128, 129, 131, 133, 135, 136, 137, 139, 146, 147, 148, 149, 151, 158, 160, 162, 166, 173, 178, 179, 185, 190, 192, 198, 201, 203, 204, 206, 207, 212, 213, 214, 219, 223, 224, 225, 227, 230, 235, 237, 246, 247, 256, 259, 262, 263, 266, 268, 269, 271, 272, 278, 279, 284, 285, 288, 290, 292, 304, 312, 316, 319, 320, 323, 324, 332, 574, 575, 588, 591, 607, 608, 610, 618, 619, 620, 622, 632, 644, 649, 650, 656, 661, 663, 669, 674, 677, 683, 684, 687, 688, 689, 701, 710, 723, 730, 731, 738, 747, 751, 762, 774, 778, 789]",[],[],"[49, 87, 103, 104, 105, 106, 107, 108, 109, 110, 111, 112, 113, 114, 115, 116, 117, 118, 119, 120, 121, 122, 123, 124, 125, 126, 127, 128, 129, 130, 131, 132, 133, 134, 135, 136, 137, 138, 139, 140, 141, 142, 143, 144, 145, 146, 147, 148, 149, 150, 151, 152, 153, 154, 155, 156, 157, 158, 159, 160, 161, 162, 163, 164, 165, 166, 167, 168, 169, 170, 171, 172, 173, 174, 175, 176, 177, 178, 179, 180, 181, 182, 183, 184, 185, 186, 187, 188, 189, 190, 191, 192, 193, 194, 195, 196, 197, 198, 199, 200, 201, 202, 203, 204, 205, 206, 207, 208, 209, 210, 211, 212, 213, 214, 215, 216, 217, 218, 219, 220, 221, 222, 223, 224, 225, 226, 227, 228, 229, 230, 231, 232, 233, 234, 235, 236, 237, 238, 239, 240, 241, 242, 243, 244, 245, 246, 247, 248, 249, 250, 251, 252, 253, 254, 255, 256, 257, 258, 259, 260, 261, 262, 263, 264, 265, 266, 267, 268, 269, 270, 271, 272, 273, 274, 275, 276, 277, 278, 279, 280, 281, 282, 283, 284, 285, 286, 287, 288, 289, 290, 291, 292, 293, 294, 295, 296, 297, 298, 299, 300, 301, 302, 303, 304, 305, 306, 307, 308, 309, 310, 311, 312, 313, 314, 315, 316, 317, 318, 319, 320, 321, 322, 323, 324, 325, 326, 327, 328, 329, 330, 331, 332, 333, 334, 335, 336, 337, 378, 422, 528, 558, 574, 575, 576, 577, 578, 579, 580, 581, 582, 583, 584, 585, 586, 587, 588, 589, 590, 591, 592, 593, 594, 595, 596, 597, 598, 599, 600, 601, 602, 603, 604, 605, 606, 607, 608, 609, 610, 611, 612, 613, 614, 615, 616, 617, 618, 619, 620, 621, 622, 623, 624, 625, 626, 627, 628, 629, 630, 631, 632, 633, 634, 635, 636, 637, 638, 639, 640, 641, 642, 643, 644, 645, 646, 647, 648, 649, 650, 651, 652, 653, 654, 655, 656, 657, 658, 659, 660, 661, 662, 663, 664, 665, 666, 667, 668, 669, 670, 671, 672, 673, 674, 675, 676, 677, 678, 679, 680, 681, 682, 683, 684, 685, 686, 687, 688, 689, 690, 691, 692, 693, 694, 695, 696, 697, 698, 699, 700, 701, 702, 703, 704, 705, 706, 707, 708, 709, 710, 711, 712, 713, 714, 715, 716, 717, 718, 719, 720, 721, 722, 723, 724, 725, 726, 727, 728, 729, 730, 731, 732, 733, 734, 735, 736, 737, 738, 739, 740, 741, 742, 743, 744, 745, 746, 747, 748, 749, 750, 751, 752, 753, 754, 755, 756, 757, 758, 759, 760, 761, 762, 763, 764, 765, 766, 767, 768, 769, 770, 771, 772, 773, 774, 775, 776, 777, 778, 779, 780, 781, 782, 783, 784, 785, 786, 787, 788, 789, 790, 791, 792, 793, 828, 874]",True,"[198, 255, 316, 669, 708, 774]","[103, 104, 105, 106, 107, 108, 109, 110, 111, 112, 113, 114, 115, 116, 117, 118, 119, 120, 121, 122, 123, 124, 125, 126, 127, 128, 129, 130, 131, 132, 133, 134, 135, 136, 137, 138, 139, 140, 141, 142, 143, 144, 145, 146, 147, 148, 149, 150, 151, 152, 153, 154, 155, 156, 157, 158, 159, 160, 161, 162, 163, 164, 165, 166, 167, 168, 169, 170, 171, 172, 173, 174, 175, 176, 177, 178, 179, 180, 181, 182, 183, 184, 185, 186, 187, 188, 189, 190, 191, 192, 193, 194, 195, 196, 197, 198, 199, 200, 201, 202, 203, 204, 205, 206, 207, 208, 209, 210, 211, 212, 213, 214, 215, 216, 217, 218, 219, 220, 221, 222, 223, 224, 225, 226, 227, 228, 229, 230, 231, 232, 233, 234, 235, 236, 237, 238, 239, 240, 241, 242, 243, 244, 245, 246, 247, 248, 249, 250, 251, 252, 253, 254, 255, 256, 257, 258, 259, 260, 261, 262, 263, 264, 265, 266, 267, 268, 269, 270, 271, 272, 273, 274, 275, 276, 277, 278, 279, 280, 281, 282, 283, 284, 285, 286, 287, 288, 289, 290, 291, 292, 293, 294, 295, 296, 297, 298, 299, 300, 301, 302, 303, 304, 305, 306, 307, 308, 309, 310, 311, 312, 313, 314, 315, 316, 317, 318, 319, 320, 321, 322, 323, 324, 325, 326, 327, 328, 329, 330, 331, 332, 333, 334, 335, 336, 337, 574, 575, 576, 577, 578, 579, 580, 581, 582, 583, 584, 585, 586, 587, 588, 589, 590, 591, 592, 593, 594, 595, 596, 597, 598, 599, 600, 601, 602, 603, 604, 605, 606, 607, 608, 609, 610, 611, 612, 613, 614, 615, 616, 617, 618, 619, 620, 621, 622, 623, 624, 625, 626, 627, 628, 629, 630, 631, 632, 633, 634, 635, 636, 637, 638, 639, 640, 641, 642, 643, 644, 645, 646, 647, 648, 649, 650, 651, 652, 653, 654, 655, 656, 657, 658, 659, 660, 661, 662, 663, 664, 665, 666, 667, 668, 669, 670, 671, 672, 673, 674, 675, 676, 677, 678, 679, 680, 681, 682, 683, 684, 685, 686, 687, 688, 689, 690, 691, 692, 693, 694, 695, 696, 697, 698, 699, 700, 701, 702, 703, 704, 705, 706, 707, 708, 709, 710, 711, 712, 713, 714, 715, 716, 717, 718, 719, 720, 721, 722, 723, 724, 725, 726, 727, 728, 729, 730, 731, 732, 733, 734, 735, 736, 737, 738, 739, 740, 741, 742, 743, 744, 745, 746, 747, 748, 749, 750, 751, 752, 753, 754, 755, 756, 757, 758, 759, 760, 761, 762, 763, 764, 765, 766, 767, 768, 769, 770, 771, 772, 773, 774, 775, 776, 777, 778, 779, 780, 781, 782, 783, 784, 785, 786, 787, 788, 789, 790, 791, 792, 793]","[49, 87, 107, 198, 255, 293, 297, 316, 331, 528, 558, 578, 669, 708, 752, 756, 774, 788]","[198, 266, 316, 378, 422, 669, 774, 828, 874]","[103, 104, 106, 117, 118, 120, 127, 128, 129, 131, 133, 135, 136, 137, 139, 146, 147, 148, 149, 151, 158, 160, 162, 166, 173, 178, 179, 185, 190, 192, 198, 201, 203, 204, 206, 207, 212, 213, 214, 219, 223, 224, 225, 227, 230, 235, 237, 246, 247, 256, 259, 262, 263, 266, 268, 269, 271, 272, 278, 279, 284, 285, 288, 290, 292, 304, 312, 316, 319, 320, 323, 324, 332, 574, 575, 588, 591, 607, 608, 610, 618, 619, 620, 622, 632, 644, 649, 650, 656, 661, 663, 669, 674, 677, 683, 684, 687, 688, 689, 701, 710, 723, 730, 731, 738, 747, 751, 762, 774, 778, 789]",[],[],7/6 successful match,True,"[250, 251]",True,268,False,,,,,
"Indio , 92201 Clark's Travel Center ( Valero )",760-342-4776 I-10 Exit 139 EB / 142 WB ( Indio Blvd ),<U+2610><U+2610> S S,Indio,92201,Clark's Travel Center ( Valero ),760-342-4776,2006,Indio,CA,Valero,( Indio Blvd ),I-10 Exit 139 EB / 142 WB ,Exit,139,False,,False,I-10,,142,,,"[613, 142]","[142, 613]","[142, 613]","[14, 83, 142, 499, 554, 613, 625]","[103, 104, 105, 106, 107, 108, 109, 110, 111, 112, 113, 114, 115, 116, 117, 118, 119, 120, 121, 122, 123, 124, 125, 126, 127, 128, 129, 130, 131, 132, 133, 134, 135, 136, 137, 138, 139, 140, 141, 142, 143, 144, 145, 146, 147, 148, 149, 150, 151, 152, 153, 154, 155, 156, 157, 158, 159, 160, 161, 162, 163, 164, 165, 166, 167, 168, 169, 170, 171, 172, 173, 174, 175, 176, 177, 178, 179, 180, 181, 182, 183, 184, 185, 186, 187, 188, 189, 190, 191, 192, 193, 194, 195, 196, 197, 198, 199, 200, 201, 202, 203, 204, 205, 206, 207, 208, 209, 210, 211, 212, 213, 214, 215, 216, 217, 218, 219, 220, 221, 222, 223, 224, 225, 226, 227, 228, 229, 230, 231, 232, 233, 234, 235, 236, 237, 238, 239, 240, 241, 242, 243, 244, 245, 246, 247, 248, 249, 250, 251, 252, 253, 254, 255, 256, 257, 258, 259, 260, 261, 262, 263, 264, 265, 266, 267, 268, 269, 270, 271, 272, 273, 274, 275, 276, 277, 278, 279, 280, 281, 282, 283, 284, 285, 286, 287, 288, 289, 290, 291, 292, 293, 294, 295, 296, 297, 298, 299, 300, 301, 302, 303, 304, 305, 306, 307, 308, 309, 310, 311, 312, 313, 314, 315, 316, 317, 318, 319, 320, 321, 322, 323, 324, 325, 326, 327, 328, 329, 330, 331, 332, 333, 334, 335, 336, 337, 574, 575, 576, 577, 578, 579, 580, 581, 582, 583, 584, 585, 586, 587, 588, 589, 590, 591, 592, 593, 594, 595, 596, 597, 598, 599, 600, 601, 602, 603, 604, 605, 606, 607, 608, 609, 610, 611, 612, 613, 614, 615, 616, 617, 618, 619, 620, 621, 622, 623, 624, 625, 626, 627, 628, 629, 630, 631, 632, 633, 634, 635, 636, 637, 638, 639, 640, 641, 642, 643, 644, 645, 646, 647, 648, 649, 650, 651, 652, 653, 654, 655, 656, 657, 658, 659, 660, 661, 662, 663, 664, 665, 666, 667, 668, 669, 670, 671, 672, 673, 674, 675, 676, 677, 678, 679, 680, 681, 682, 683, 684, 685, 686, 687, 688, 689, 690, 691, 692, 693, 694, 695, 696, 697, 698, 699, 700, 701, 702, 703, 704, 705, 706, 707, 708, 709, 710, 711, 712, 713, 714, 715, 716, 717, 718, 719, 720, 721, 722, 723, 724, 725, 726, 727, 728, 729, 730, 731, 732, 733, 734, 735, 736, 737, 738, 739, 740, 741, 742, 743, 744, 745, 746, 747, 748, 749, 750, 751, 752, 753, 754, 755, 756, 757, 758, 759, 760, 761, 762, 763, 764, 765, 766, 767, 768, 769, 770, 771, 772, 773, 774, 775, 776, 777, 778, 779, 780, 781, 782, 783, 784, 785, 786, 787, 788, 789, 790, 791, 792, 793]","[0, 5, 7, 10, 14, 19, 20, 22, 24, 32, 33, 34, 37, 38, 40, 44, 46, 48, 49, 51, 56, 61, 63, 65, 67, 68, 73, 74, 75, 76, 79, 81, 82, 83, 85, 87, 88, 92, 93, 95, 96, 99, 100, 101, 115, 116, 124, 134, 142, 161, 167, 169, 170, 186, 202, 240, 244, 254, 260, 267, 277, 300, 303, 307, 310, 322, 331, 376, 485, 491, 493, 495, 499, 503, 504, 506, 508, 515, 518, 519, 521, 524, 526, 528, 533, 537, 539, 542, 543, 547, 548, 549, 550, 551, 553, 554, 556, 558, 559, 563, 564, 566, 567, 570, 571, 572, 586, 587, 595, 605, 613, 633, 639, 640, 641, 657, 672, 704, 717, 726, 736, 759, 761, 765, 768, 780, 788, 792, 826]","[2, 9, 10, 82, 111, 112, 113, 199, 279, 284, 285, 300, 488, 494, 495, 553, 581, 582, 583, 670, 738, 743, 744, 759, 818]","[2, 9, 10, 82, 111, 112, 113, 142, 199, 279, 284, 285, 300, 488, 494, 495, 553, 581, 582, 583, 613, 670, 738, 743, 744, 759, 818]","[0, 2, 5, 7, 9, 10, 14, 19, 20, 22, 24, 32, 33, 34, 37, 38, 40, 44, 46, 48, 49, 51, 56, 61, 63, 65, 67, 68, 73, 74, 75, 76, 79, 81, 82, 83, 85, 87, 88, 92, 93, 95, 96, 99, 100, 101, 103, 104, 105, 106, 107, 108, 109, 110, 111, 112, 113, 114, 115, 116, 117, 118, 119, 120, 121, 122, 123, 124, 125, 126, 127, 128, 129, 130, 131, 132, 133, 134, 135, 136, 137, 138, 139, 140, 141, 142, 143, 144, 145, 146, 147, 148, 149, 150, 151, 152, 153, 154, 155, 156, 157, 158, 159, 160, 161, 162, 163, 164, 165, 166, 167, 168, 169, 170, 171, 172, 173, 174, 175, 176, 177, 178, 179, 180, 181, 182, 183, 184, 185, 186, 187, 188, 189, 190, 191, 192, 193, 194, 195, 196, 197, 198, 199, 200, 201, 202, 203, 204, 205, 206, 207, 208, 209, 210, 211, 212, 213, 214, 215, 216, 217, 218, 219, 220, 221, 222, 223, 224, 225, 226, 227, 228, 229, 230, 231, 232, 233, 234, 235, 236, 237, 238, 239, 240, 241, 242, 243, 244, 245, 246, 247, 248, 249, 250, 251, 252, 253, 254, 255, 256, 257, 258, 259, 260, 261, 262, 263, 264, 265, 266, 267, 268, 269, 270, 271, 272, 273, 274, 275, 276, 277, 278, 279, 280, 281, 282, 283, 284, 285, 286, 287, 288, 289, 290, 291, 292, 293, 294, 295, 296, 297, 298, 299, 300, 301, 302, 303, 304, 305, 306, 307, 308, 309, 310, 311, 312, 313, 314, 315, 316, 317, 318, 319, 320, 321, 322, 323, 324, 325, 326, 327, 328, 329, 330, 331, 332, 333, 334, 335, 336, 337, 376, 485, 488, 491, 493, 494, 495, 499, 503, 504, 506, 508, 515, 518, 519, 521, 524, 526, 528, 533, 537, 539, 542, 543, 547, 548, 549, 550, 551, 553, 554, 556, 558, 559, 563, 564, 566, 567, 570, 571, 572, 574, 575, 576, 577, 578, 579, 580, 581, 582, 583, 584, 585, 586, 587, 588, 589, 590, 591, 592, 593, 594, 595, 596, 597, 598, 599, 600, 601, 602, 603, 604, 605, 606, 607, 608, 609, 610, 611, 612, 613, 614, 615, 616, 617, 618, 619, 620, 621, 622, 623, 624, 625, 626, 627, 628, 629, 630, 631, 632, 633, 634, 635, 636, 637, 638, 639, 640, 641, 642, 643, 644, 645, 646, 647, 648, 649, 650, 651, 652, 653, 654, 655, 656, 657, 658, 659, 660, 661, 662, 663, 664, 665, 666, 667, 668, 669, 670, 671, 672, 673, 674, 675, 676, 677, 678, 679, 680, 681, 682, 683, 684, 685, 686, 687, 688, 689, 690, 691, 692, 693, 694, 695, 696, 697, 698, 699, 700, 701, 702, 703, 704, 705, 706, 707, 708, 709, 710, 711, 712, 713, 714, 715, 716, 717, 718, 719, 720, 721, 722, 723, 724, 725, 726, 727, 728, 729, 730, 731, 732, 733, 734, 735, 736, 737, 738, 739, 740, 741, 742, 743, 744, 745, 746, 747, 748, 749, 750, 751, 752, 753, 754, 755, 756, 757, 758, 759, 760, 761, 762, 763, 764, 765, 766, 767, 768, 769, 770, 771, 772, 773, 774, 775, 776, 777, 778, 779, 780, 781, 782, 783, 784, 785, 786, 787, 788, 789, 790, 791, 792, 793, 818, 826]",True,"[142, 613]","[103, 104, 105, 106, 107, 108, 109, 110, 111, 112, 113, 114, 115, 116, 117, 118, 119, 120, 121, 122, 123, 124, 125, 126, 127, 128, 129, 130, 131, 132, 133, 134, 135, 136, 137, 138, 139, 140, 141, 142, 143, 144, 145, 146, 147, 148, 149, 150, 151, 152, 153, 154, 155, 156, 157, 158, 159, 160, 161, 162, 163, 164, 165, 166, 167, 168, 169, 170, 171, 172, 173, 174, 175, 176, 177, 178, 179, 180, 181, 182, 183, 184, 185, 186, 187, 188, 189, 190, 191, 192, 193, 194, 195, 196, 197, 198, 199, 200, 201, 202, 203, 204, 205, 206, 207, 208, 209, 210, 211, 212, 213, 214, 215, 216, 217, 218, 219, 220, 221, 222, 223, 224, 225, 226, 227, 228, 229, 230, 231, 232, 233, 234, 235, 236, 237, 238, 239, 240, 241, 242, 243, 244, 245, 246, 247, 248, 249, 250, 251, 252, 253, 254, 255, 256, 257, 258, 259, 260, 261, 262, 263, 264, 265, 266, 267, 268, 269, 270, 271, 272, 273, 274, 275, 276, 277, 278, 279, 280, 281, 282, 283, 284, 285, 286, 287, 288, 289, 290, 291, 292, 293, 294, 295, 296, 297, 298, 299, 300, 301, 302, 303, 304, 305, 306, 307, 308, 309, 310, 311, 312, 313, 314, 315, 316, 317, 318, 319, 320, 321, 322, 323, 324, 325, 326, 327, 328, 329, 330, 331, 332, 333, 334, 335, 336, 337, 574, 575, 576, 577, 578, 579, 580, 581, 582, 583, 584, 585, 586, 587, 588, 589, 590, 591, 592, 593, 594, 595, 596, 597, 598, 599, 600, 601, 602, 603, 604, 605, 606, 607, 608, 609, 610, 611, 612, 613, 614, 615, 616, 617, 618, 619, 620, 621, 622, 623, 624, 625, 626, 627, 628, 629, 630, 631, 632, 633, 634, 635, 636, 637, 638, 639, 640, 641, 642, 643, 644, 645, 646, 647, 648, 649, 650, 651, 652, 653, 654, 655, 656, 657, 658, 659, 660, 661, 662, 663, 664, 665, 666, 667, 668, 669, 670, 671, 672, 673, 674, 675, 676, 677, 678, 679, 680, 681, 682, 683, 684, 685, 686, 687, 688, 689, 690, 691, 692, 693, 694, 695, 696, 697, 698, 699, 700, 701, 702, 703, 704, 705, 706, 707, 708, 709, 710, 711, 712, 713, 714, 715, 716, 717, 718, 719, 720, 721, 722, 723, 724, 725, 726, 727, 728, 729, 730, 731, 732, 733, 734, 735, 736, 737, 738, 739, 740, 741, 742, 743, 744, 745, 746, 747, 748, 749, 750, 751, 752, 753, 754, 755, 756, 757, 758, 759, 760, 761, 762, 763, 764, 765, 766, 767, 768, 769, 770, 771, 772, 773, 774, 775, 776, 777, 778, 779, 780, 781, 782, 783, 784, 785, 786, 787, 788, 789, 790, 791, 792, 793]","[142, 613]","[14, 83, 142, 499, 554, 613, 625]","[0, 5, 7, 10, 14, 19, 20, 22, 24, 32, 33, 34, 37, 38, 40, 44, 46, 48, 49, 51, 56, 61, 63, 65, 67, 68, 73, 74, 75, 76, 79, 81, 82, 83, 85, 87, 88, 92, 93, 95, 96, 99, 100, 101, 115, 116, 124, 134, 142, 161, 167, 169, 170, 186, 202, 240, 244, 254, 260, 267, 277, 300, 303, 307, 310, 322, 331, 376, 485, 491, 493, 495, 499, 503, 504, 506, 508, 515, 518, 519, 521, 524, 526, 528, 533, 537, 539, 542, 543, 547, 548, 549, 550, 551, 553, 554, 556, 558, 559, 563, 564, 566, 567, 570, 571, 572, 586, 587, 595, 605, 613, 633, 639, 640, 641, 657, 672, 704, 717, 726, 736, 759, 761, 765, 768, 780, 788, 792, 826]","[2, 9, 10, 82, 111, 112, 113, 142, 199, 279, 284, 285, 300, 488, 494, 495, 553, 581, 582, 583, 613, 670, 738, 743, 744, 759, 818]","[2, 9, 10, 82, 111, 112, 113, 199, 279, 284, 285, 300, 488, 494, 495, 553, 581, 582, 583, 670, 738, 743, 744, 759, 818]",6/6 successful match,True,"[360, 361]",True,269,False,,,,,
"Indio , 92201 Clark's Travel Center ( Valero )",760-342-4776 I-10 Exit 139 EB / 142 WB ( Indio Blvd ),24 S24 000,Indio,92201,Clark's Travel Center ( Valero ),760-342-4776,2007,Indio,CA,Valero,( Indio Blvd ),I-10 Exit 139 EB / 142 WB ,Exit,139,False,,False,I-10,,142,,,"[613, 142]","[142, 613]","[142, 613]","[14, 83, 142, 499, 554, 613, 625]","[103, 104, 105, 106, 107, 108, 109, 110, 111, 112, 113, 114, 115, 116, 117, 118, 119, 120, 121, 122, 123, 124, 125, 126, 127, 128, 129, 130, 131, 132, 133, 134, 135, 136, 137, 138, 139, 140, 141, 142, 143, 144, 145, 146, 147, 148, 149, 150, 151, 152, 153, 154, 155, 156, 157, 158, 159, 160, 161, 162, 163, 164, 165, 166, 167, 168, 169, 170, 171, 172, 173, 174, 175, 176, 177, 178, 179, 180, 181, 182, 183, 184, 185, 186, 187, 188, 189, 190, 191, 192, 193, 194, 195, 196, 197, 198, 199, 200, 201, 202, 203, 204, 205, 206, 207, 208, 209, 210, 211, 212, 213, 214, 215, 216, 217, 218, 219, 220, 221, 222, 223, 224, 225, 226, 227, 228, 229, 230, 231, 232, 233, 234, 235, 236, 237, 238, 239, 240, 241, 242, 243, 244, 245, 246, 247, 248, 249, 250, 251, 252, 253, 254, 255, 256, 257, 258, 259, 260, 261, 262, 263, 264, 265, 266, 267, 268, 269, 270, 271, 272, 273, 274, 275, 276, 277, 278, 279, 280, 281, 282, 283, 284, 285, 286, 287, 288, 289, 290, 291, 292, 293, 294, 295, 296, 297, 298, 299, 300, 301, 302, 303, 304, 305, 306, 307, 308, 309, 310, 311, 312, 313, 314, 315, 316, 317, 318, 319, 320, 321, 322, 323, 324, 325, 326, 327, 328, 329, 330, 331, 332, 333, 334, 335, 336, 337, 574, 575, 576, 577, 578, 579, 580, 581, 582, 583, 584, 585, 586, 587, 588, 589, 590, 591, 592, 593, 594, 595, 596, 597, 598, 599, 600, 601, 602, 603, 604, 605, 606, 607, 608, 609, 610, 611, 612, 613, 614, 615, 616, 617, 618, 619, 620, 621, 622, 623, 624, 625, 626, 627, 628, 629, 630, 631, 632, 633, 634, 635, 636, 637, 638, 639, 640, 641, 642, 643, 644, 645, 646, 647, 648, 649, 650, 651, 652, 653, 654, 655, 656, 657, 658, 659, 660, 661, 662, 663, 664, 665, 666, 667, 668, 669, 670, 671, 672, 673, 674, 675, 676, 677, 678, 679, 680, 681, 682, 683, 684, 685, 686, 687, 688, 689, 690, 691, 692, 693, 694, 695, 696, 697, 698, 699, 700, 701, 702, 703, 704, 705, 706, 707, 708, 709, 710, 711, 712, 713, 714, 715, 716, 717, 718, 719, 720, 721, 722, 723, 724, 725, 726, 727, 728, 729, 730, 731, 732, 733, 734, 735, 736, 737, 738, 739, 740, 741, 742, 743, 744, 745, 746, 747, 748, 749, 750, 751, 752, 753, 754, 755, 756, 757, 758, 759, 760, 761, 762, 763, 764, 765, 766, 767, 768, 769, 770, 771, 772, 773, 774, 775, 776, 777, 778, 779, 780, 781, 782, 783, 784, 785, 786, 787, 788, 789, 790, 791, 792, 793]","[0, 5, 7, 10, 14, 19, 20, 22, 24, 32, 33, 34, 37, 38, 40, 44, 46, 48, 49, 51, 56, 61, 63, 65, 67, 68, 73, 74, 75, 76, 79, 81, 82, 83, 85, 87, 88, 92, 93, 95, 96, 99, 100, 101, 115, 116, 124, 134, 142, 161, 167, 169, 170, 186, 202, 240, 244, 254, 260, 267, 277, 300, 303, 307, 310, 322, 331, 376, 485, 491, 493, 495, 499, 503, 504, 506, 508, 515, 518, 519, 521, 524, 526, 528, 533, 537, 539, 542, 543, 547, 548, 549, 550, 551, 553, 554, 556, 558, 559, 563, 564, 566, 567, 570, 571, 572, 586, 587, 595, 605, 613, 633, 639, 640, 641, 657, 672, 704, 717, 726, 736, 759, 761, 765, 768, 780, 788, 792, 826]","[2, 9, 10, 82, 111, 112, 113, 199, 279, 284, 285, 300, 488, 494, 495, 553, 581, 582, 583, 670, 738, 743, 744, 759, 818]","[2, 9, 10, 82, 111, 112, 113, 142, 199, 279, 284, 285, 300, 488, 494, 495, 553, 581, 582, 583, 613, 670, 738, 743, 744, 759, 818]","[0, 2, 5, 7, 9, 10, 14, 19, 20, 22, 24, 32, 33, 34, 37, 38, 40, 44, 46, 48, 49, 51, 56, 61, 63, 65, 67, 68, 73, 74, 75, 76, 79, 81, 82, 83, 85, 87, 88, 92, 93, 95, 96, 99, 100, 101, 103, 104, 105, 106, 107, 108, 109, 110, 111, 112, 113, 114, 115, 116, 117, 118, 119, 120, 121, 122, 123, 124, 125, 126, 127, 128, 129, 130, 131, 132, 133, 134, 135, 136, 137, 138, 139, 140, 141, 142, 143, 144, 145, 146, 147, 148, 149, 150, 151, 152, 153, 154, 155, 156, 157, 158, 159, 160, 161, 162, 163, 164, 165, 166, 167, 168, 169, 170, 171, 172, 173, 174, 175, 176, 177, 178, 179, 180, 181, 182, 183, 184, 185, 186, 187, 188, 189, 190, 191, 192, 193, 194, 195, 196, 197, 198, 199, 200, 201, 202, 203, 204, 205, 206, 207, 208, 209, 210, 211, 212, 213, 214, 215, 216, 217, 218, 219, 220, 221, 222, 223, 224, 225, 226, 227, 228, 229, 230, 231, 232, 233, 234, 235, 236, 237, 238, 239, 240, 241, 242, 243, 244, 245, 246, 247, 248, 249, 250, 251, 252, 253, 254, 255, 256, 257, 258, 259, 260, 261, 262, 263, 264, 265, 266, 267, 268, 269, 270, 271, 272, 273, 274, 275, 276, 277, 278, 279, 280, 281, 282, 283, 284, 285, 286, 287, 288, 289, 290, 291, 292, 293, 294, 295, 296, 297, 298, 299, 300, 301, 302, 303, 304, 305, 306, 307, 308, 309, 310, 311, 312, 313, 314, 315, 316, 317, 318, 319, 320, 321, 322, 323, 324, 325, 326, 327, 328, 329, 330, 331, 332, 333, 334, 335, 336, 337, 376, 485, 488, 491, 493, 494, 495, 499, 503, 504, 506, 508, 515, 518, 519, 521, 524, 526, 528, 533, 537, 539, 542, 543, 547, 548, 549, 550, 551, 553, 554, 556, 558, 559, 563, 564, 566, 567, 570, 571, 572, 574, 575, 576, 577, 578, 579, 580, 581, 582, 583, 584, 585, 586, 587, 588, 589, 590, 591, 592, 593, 594, 595, 596, 597, 598, 599, 600, 601, 602, 603, 604, 605, 606, 607, 608, 609, 610, 611, 612, 613, 614, 615, 616, 617, 618, 619, 620, 621, 622, 623, 624, 625, 626, 627, 628, 629, 630, 631, 632, 633, 634, 635, 636, 637, 638, 639, 640, 641, 642, 643, 644, 645, 646, 647, 648, 649, 650, 651, 652, 653, 654, 655, 656, 657, 658, 659, 660, 661, 662, 663, 664, 665, 666, 667, 668, 669, 670, 671, 672, 673, 674, 675, 676, 677, 678, 679, 680, 681, 682, 683, 684, 685, 686, 687, 688, 689, 690, 691, 692, 693, 694, 695, 696, 697, 698, 699, 700, 701, 702, 703, 704, 705, 706, 707, 708, 709, 710, 711, 712, 713, 714, 715, 716, 717, 718, 719, 720, 721, 722, 723, 724, 725, 726, 727, 728, 729, 730, 731, 732, 733, 734, 735, 736, 737, 738, 739, 740, 741, 742, 743, 744, 745, 746, 747, 748, 749, 750, 751, 752, 753, 754, 755, 756, 757, 758, 759, 760, 761, 762, 763, 764, 765, 766, 767, 768, 769, 770, 771, 772, 773, 774, 775, 776, 777, 778, 779, 780, 781, 782, 783, 784, 785, 786, 787, 788, 789, 790, 791, 792, 793, 818, 826]",True,"[142, 613]","[103, 104, 105, 106, 107, 108, 109, 110, 111, 112, 113, 114, 115, 116, 117, 118, 119, 120, 121, 122, 123, 124, 125, 126, 127, 128, 129, 130, 131, 132, 133, 134, 135, 136, 137, 138, 139, 140, 141, 142, 143, 144, 145, 146, 147, 148, 149, 150, 151, 152, 153, 154, 155, 156, 157, 158, 159, 160, 161, 162, 163, 164, 165, 166, 167, 168, 169, 170, 171, 172, 173, 174, 175, 176, 177, 178, 179, 180, 181, 182, 183, 184, 185, 186, 187, 188, 189, 190, 191, 192, 193, 194, 195, 196, 197, 198, 199, 200, 201, 202, 203, 204, 205, 206, 207, 208, 209, 210, 211, 212, 213, 214, 215, 216, 217, 218, 219, 220, 221, 222, 223, 224, 225, 226, 227, 228, 229, 230, 231, 232, 233, 234, 235, 236, 237, 238, 239, 240, 241, 242, 243, 244, 245, 246, 247, 248, 249, 250, 251, 252, 253, 254, 255, 256, 257, 258, 259, 260, 261, 262, 263, 264, 265, 266, 267, 268, 269, 270, 271, 272, 273, 274, 275, 276, 277, 278, 279, 280, 281, 282, 283, 284, 285, 286, 287, 288, 289, 290, 291, 292, 293, 294, 295, 296, 297, 298, 299, 300, 301, 302, 303, 304, 305, 306, 307, 308, 309, 310, 311, 312, 313, 314, 315, 316, 317, 318, 319, 320, 321, 322, 323, 324, 325, 326, 327, 328, 329, 330, 331, 332, 333, 334, 335, 336, 337, 574, 575, 576, 577, 578, 579, 580, 581, 582, 583, 584, 585, 586, 587, 588, 589, 590, 591, 592, 593, 594, 595, 596, 597, 598, 599, 600, 601, 602, 603, 604, 605, 606, 607, 608, 609, 610, 611, 612, 613, 614, 615, 616, 617, 618, 619, 620, 621, 622, 623, 624, 625, 626, 627, 628, 629, 630, 631, 632, 633, 634, 635, 636, 637, 638, 639, 640, 641, 642, 643, 644, 645, 646, 647, 648, 649, 650, 651, 652, 653, 654, 655, 656, 657, 658, 659, 660, 661, 662, 663, 664, 665, 666, 667, 668, 669, 670, 671, 672, 673, 674, 675, 676, 677, 678, 679, 680, 681, 682, 683, 684, 685, 686, 687, 688, 689, 690, 691, 692, 693, 694, 695, 696, 697, 698, 699, 700, 701, 702, 703, 704, 705, 706, 707, 708, 709, 710, 711, 712, 713, 714, 715, 716, 717, 718, 719, 720, 721, 722, 723, 724, 725, 726, 727, 728, 729, 730, 731, 732, 733, 734, 735, 736, 737, 738, 739, 740, 741, 742, 743, 744, 745, 746, 747, 748, 749, 750, 751, 752, 753, 754, 755, 756, 757, 758, 759, 760, 761, 762, 763, 764, 765, 766, 767, 768, 769, 770, 771, 772, 773, 774, 775, 776, 777, 778, 779, 780, 781, 782, 783, 784, 785, 786, 787, 788, 789, 790, 791, 792, 793]","[142, 613]","[14, 83, 142, 499, 554, 613, 625]","[0, 5, 7, 10, 14, 19, 20, 22, 24, 32, 33, 34, 37, 38, 40, 44, 46, 48, 49, 51, 56, 61, 63, 65, 67, 68, 73, 74, 75, 76, 79, 81, 82, 83, 85, 87, 88, 92, 93, 95, 96, 99, 100, 101, 115, 116, 124, 134, 142, 161, 167, 169, 170, 186, 202, 240, 244, 254, 260, 267, 277, 300, 303, 307, 310, 322, 331, 376, 485, 491, 493, 495, 499, 503, 504, 506, 508, 515, 518, 519, 521, 524, 526, 528, 533, 537, 539, 542, 543, 547, 548, 549, 550, 551, 553, 554, 556, 558, 559, 563, 564, 566, 567, 570, 571, 572, 586, 587, 595, 605, 613, 633, 639, 640, 641, 657, 672, 704, 717, 726, 736, 759, 761, 765, 768, 780, 788, 792, 826]","[2, 9, 10, 82, 111, 112, 113, 142, 199, 279, 284, 285, 300, 488, 494, 495, 553, 581, 582, 583, 613, 670, 738, 743, 744, 759, 818]","[2, 9, 10, 82, 111, 112, 113, 199, 279, 284, 285, 300, 488, 494, 495, 553, 581, 582, 583, 670, 738, 743, 744, 759, 818]",6/6 successful match,True,"[360, 361]",True,269,False,,1.0,True,Clark's Travel Center ( Valero ),Valero
"Indio , 92201 Clark's Travel Center ( Valero )",6 760-342-4776 I-10 Exit 139 EB / 142 WB ( Indio 24,24 Sm 24,Indio,92201,Clark's Travel Center ( Valero ),760-342-4776,2008,Indio,CA,Valero,( Indio 24,I-10 Exit 139 EB / 142 WB ,Exit,139,False,,False,I-10,,142,,,"[613, 142]","[142, 613]","[142, 613]","[14, 83, 142, 499, 554, 613, 625]","[103, 104, 105, 106, 107, 108, 109, 110, 111, 112, 113, 114, 115, 116, 117, 118, 119, 120, 121, 122, 123, 124, 125, 126, 127, 128, 129, 130, 131, 132, 133, 134, 135, 136, 137, 138, 139, 140, 141, 142, 143, 144, 145, 146, 147, 148, 149, 150, 151, 152, 153, 154, 155, 156, 157, 158, 159, 160, 161, 162, 163, 164, 165, 166, 167, 168, 169, 170, 171, 172, 173, 174, 175, 176, 177, 178, 179, 180, 181, 182, 183, 184, 185, 186, 187, 188, 189, 190, 191, 192, 193, 194, 195, 196, 197, 198, 199, 200, 201, 202, 203, 204, 205, 206, 207, 208, 209, 210, 211, 212, 213, 214, 215, 216, 217, 218, 219, 220, 221, 222, 223, 224, 225, 226, 227, 228, 229, 230, 231, 232, 233, 234, 235, 236, 237, 238, 239, 240, 241, 242, 243, 244, 245, 246, 247, 248, 249, 250, 251, 252, 253, 254, 255, 256, 257, 258, 259, 260, 261, 262, 263, 264, 265, 266, 267, 268, 269, 270, 271, 272, 273, 274, 275, 276, 277, 278, 279, 280, 281, 282, 283, 284, 285, 286, 287, 288, 289, 290, 291, 292, 293, 294, 295, 296, 297, 298, 299, 300, 301, 302, 303, 304, 305, 306, 307, 308, 309, 310, 311, 312, 313, 314, 315, 316, 317, 318, 319, 320, 321, 322, 323, 324, 325, 326, 327, 328, 329, 330, 331, 332, 333, 334, 335, 336, 337, 574, 575, 576, 577, 578, 579, 580, 581, 582, 583, 584, 585, 586, 587, 588, 589, 590, 591, 592, 593, 594, 595, 596, 597, 598, 599, 600, 601, 602, 603, 604, 605, 606, 607, 608, 609, 610, 611, 612, 613, 614, 615, 616, 617, 618, 619, 620, 621, 622, 623, 624, 625, 626, 627, 628, 629, 630, 631, 632, 633, 634, 635, 636, 637, 638, 639, 640, 641, 642, 643, 644, 645, 646, 647, 648, 649, 650, 651, 652, 653, 654, 655, 656, 657, 658, 659, 660, 661, 662, 663, 664, 665, 666, 667, 668, 669, 670, 671, 672, 673, 674, 675, 676, 677, 678, 679, 680, 681, 682, 683, 684, 685, 686, 687, 688, 689, 690, 691, 692, 693, 694, 695, 696, 697, 698, 699, 700, 701, 702, 703, 704, 705, 706, 707, 708, 709, 710, 711, 712, 713, 714, 715, 716, 717, 718, 719, 720, 721, 722, 723, 724, 725, 726, 727, 728, 729, 730, 731, 732, 733, 734, 735, 736, 737, 738, 739, 740, 741, 742, 743, 744, 745, 746, 747, 748, 749, 750, 751, 752, 753, 754, 755, 756, 757, 758, 759, 760, 761, 762, 763, 764, 765, 766, 767, 768, 769, 770, 771, 772, 773, 774, 775, 776, 777, 778, 779, 780, 781, 782, 783, 784, 785, 786, 787, 788, 789, 790, 791, 792, 793]","[0, 5, 7, 10, 14, 19, 20, 22, 24, 32, 33, 34, 37, 38, 40, 44, 46, 48, 49, 51, 56, 61, 63, 65, 67, 68, 73, 74, 75, 76, 79, 81, 82, 83, 85, 87, 88, 92, 93, 95, 96, 99, 100, 101, 115, 116, 124, 134, 142, 161, 167, 169, 170, 186, 202, 240, 244, 254, 260, 267, 277, 300, 303, 307, 310, 322, 331, 376, 485, 491, 493, 495, 499, 503, 504, 506, 508, 515, 518, 519, 521, 524, 526, 528, 533, 537, 539, 542, 543, 547, 548, 549, 550, 551, 553, 554, 556, 558, 559, 563, 564, 566, 567, 570, 571, 572, 586, 587, 595, 605, 613, 633, 639, 640, 641, 657, 672, 704, 717, 726, 736, 759, 761, 765, 768, 780, 788, 792, 826]","[2, 9, 10, 82, 111, 112, 113, 199, 279, 284, 285, 300, 488, 494, 495, 553, 581, 582, 583, 670, 738, 743, 744, 759, 818]","[2, 9, 10, 82, 111, 112, 113, 142, 199, 279, 284, 285, 300, 488, 494, 495, 553, 581, 582, 583, 613, 670, 738, 743, 744, 759, 818]","[0, 2, 5, 7, 9, 10, 14, 19, 20, 22, 24, 32, 33, 34, 37, 38, 40, 44, 46, 48, 49, 51, 56, 61, 63, 65, 67, 68, 73, 74, 75, 76, 79, 81, 82, 83, 85, 87, 88, 92, 93, 95, 96, 99, 100, 101, 103, 104, 105, 106, 107, 108, 109, 110, 111, 112, 113, 114, 115, 116, 117, 118, 119, 120, 121, 122, 123, 124, 125, 126, 127, 128, 129, 130, 131, 132, 133, 134, 135, 136, 137, 138, 139, 140, 141, 142, 143, 144, 145, 146, 147, 148, 149, 150, 151, 152, 153, 154, 155, 156, 157, 158, 159, 160, 161, 162, 163, 164, 165, 166, 167, 168, 169, 170, 171, 172, 173, 174, 175, 176, 177, 178, 179, 180, 181, 182, 183, 184, 185, 186, 187, 188, 189, 190, 191, 192, 193, 194, 195, 196, 197, 198, 199, 200, 201, 202, 203, 204, 205, 206, 207, 208, 209, 210, 211, 212, 213, 214, 215, 216, 217, 218, 219, 220, 221, 222, 223, 224, 225, 226, 227, 228, 229, 230, 231, 232, 233, 234, 235, 236, 237, 238, 239, 240, 241, 242, 243, 244, 245, 246, 247, 248, 249, 250, 251, 252, 253, 254, 255, 256, 257, 258, 259, 260, 261, 262, 263, 264, 265, 266, 267, 268, 269, 270, 271, 272, 273, 274, 275, 276, 277, 278, 279, 280, 281, 282, 283, 284, 285, 286, 287, 288, 289, 290, 291, 292, 293, 294, 295, 296, 297, 298, 299, 300, 301, 302, 303, 304, 305, 306, 307, 308, 309, 310, 311, 312, 313, 314, 315, 316, 317, 318, 319, 320, 321, 322, 323, 324, 325, 326, 327, 328, 329, 330, 331, 332, 333, 334, 335, 336, 337, 376, 485, 488, 491, 493, 494, 495, 499, 503, 504, 506, 508, 515, 518, 519, 521, 524, 526, 528, 533, 537, 539, 542, 543, 547, 548, 549, 550, 551, 553, 554, 556, 558, 559, 563, 564, 566, 567, 570, 571, 572, 574, 575, 576, 577, 578, 579, 580, 581, 582, 583, 584, 585, 586, 587, 588, 589, 590, 591, 592, 593, 594, 595, 596, 597, 598, 599, 600, 601, 602, 603, 604, 605, 606, 607, 608, 609, 610, 611, 612, 613, 614, 615, 616, 617, 618, 619, 620, 621, 622, 623, 624, 625, 626, 627, 628, 629, 630, 631, 632, 633, 634, 635, 636, 637, 638, 639, 640, 641, 642, 643, 644, 645, 646, 647, 648, 649, 650, 651, 652, 653, 654, 655, 656, 657, 658, 659, 660, 661, 662, 663, 664, 665, 666, 667, 668, 669, 670, 671, 672, 673, 674, 675, 676, 677, 678, 679, 680, 681, 682, 683, 684, 685, 686, 687, 688, 689, 690, 691, 692, 693, 694, 695, 696, 697, 698, 699, 700, 701, 702, 703, 704, 705, 706, 707, 708, 709, 710, 711, 712, 713, 714, 715, 716, 717, 718, 719, 720, 721, 722, 723, 724, 725, 726, 727, 728, 729, 730, 731, 732, 733, 734, 735, 736, 737, 738, 739, 740, 741, 742, 743, 744, 745, 746, 747, 748, 749, 750, 751, 752, 753, 754, 755, 756, 757, 758, 759, 760, 761, 762, 763, 764, 765, 766, 767, 768, 769, 770, 771, 772, 773, 774, 775, 776, 777, 778, 779, 780, 781, 782, 783, 784, 785, 786, 787, 788, 789, 790, 791, 792, 793, 818, 826]",True,"[142, 613]","[103, 104, 105, 106, 107, 108, 109, 110, 111, 112, 113, 114, 115, 116, 117, 118, 119, 120, 121, 122, 123, 124, 125, 126, 127, 128, 129, 130, 131, 132, 133, 134, 135, 136, 137, 138, 139, 140, 141, 142, 143, 144, 145, 146, 147, 148, 149, 150, 151, 152, 153, 154, 155, 156, 157, 158, 159, 160, 161, 162, 163, 164, 165, 166, 167, 168, 169, 170, 171, 172, 173, 174, 175, 176, 177, 178, 179, 180, 181, 182, 183, 184, 185, 186, 187, 188, 189, 190, 191, 192, 193, 194, 195, 196, 197, 198, 199, 200, 201, 202, 203, 204, 205, 206, 207, 208, 209, 210, 211, 212, 213, 214, 215, 216, 217, 218, 219, 220, 221, 222, 223, 224, 225, 226, 227, 228, 229, 230, 231, 232, 233, 234, 235, 236, 237, 238, 239, 240, 241, 242, 243, 244, 245, 246, 247, 248, 249, 250, 251, 252, 253, 254, 255, 256, 257, 258, 259, 260, 261, 262, 263, 264, 265, 266, 267, 268, 269, 270, 271, 272, 273, 274, 275, 276, 277, 278, 279, 280, 281, 282, 283, 284, 285, 286, 287, 288, 289, 290, 291, 292, 293, 294, 295, 296, 297, 298, 299, 300, 301, 302, 303, 304, 305, 306, 307, 308, 309, 310, 311, 312, 313, 314, 315, 316, 317, 318, 319, 320, 321, 322, 323, 324, 325, 326, 327, 328, 329, 330, 331, 332, 333, 334, 335, 336, 337, 574, 575, 576, 577, 578, 579, 580, 581, 582, 583, 584, 585, 586, 587, 588, 589, 590, 591, 592, 593, 594, 595, 596, 597, 598, 599, 600, 601, 602, 603, 604, 605, 606, 607, 608, 609, 610, 611, 612, 613, 614, 615, 616, 617, 618, 619, 620, 621, 622, 623, 624, 625, 626, 627, 628, 629, 630, 631, 632, 633, 634, 635, 636, 637, 638, 639, 640, 641, 642, 643, 644, 645, 646, 647, 648, 649, 650, 651, 652, 653, 654, 655, 656, 657, 658, 659, 660, 661, 662, 663, 664, 665, 666, 667, 668, 669, 670, 671, 672, 673, 674, 675, 676, 677, 678, 679, 680, 681, 682, 683, 684, 685, 686, 687, 688, 689, 690, 691, 692, 693, 694, 695, 696, 697, 698, 699, 700, 701, 702, 703, 704, 705, 706, 707, 708, 709, 710, 711, 712, 713, 714, 715, 716, 717, 718, 719, 720, 721, 722, 723, 724, 725, 726, 727, 728, 729, 730, 731, 732, 733, 734, 735, 736, 737, 738, 739, 740, 741, 742, 743, 744, 745, 746, 747, 748, 749, 750, 751, 752, 753, 754, 755, 756, 757, 758, 759, 760, 761, 762, 763, 764, 765, 766, 767, 768, 769, 770, 771, 772, 773, 774, 775, 776, 777, 778, 779, 780, 781, 782, 783, 784, 785, 786, 787, 788, 789, 790, 791, 792, 793]","[142, 613]","[14, 83, 142, 499, 554, 613, 625]","[0, 5, 7, 10, 14, 19, 20, 22, 24, 32, 33, 34, 37, 38, 40, 44, 46, 48, 49, 51, 56, 61, 63, 65, 67, 68, 73, 74, 75, 76, 79, 81, 82, 83, 85, 87, 88, 92, 93, 95, 96, 99, 100, 101, 115, 116, 124, 134, 142, 161, 167, 169, 170, 186, 202, 240, 244, 254, 260, 267, 277, 300, 303, 307, 310, 322, 331, 376, 485, 491, 493, 495, 499, 503, 504, 506, 508, 515, 518, 519, 521, 524, 526, 528, 533, 537, 539, 542, 543, 547, 548, 549, 550, 551, 553, 554, 556, 558, 559, 563, 564, 566, 567, 570, 571, 572, 586, 587, 595, 605, 613, 633, 639, 640, 641, 657, 672, 704, 717, 726, 736, 759, 761, 765, 768, 780, 788, 792, 826]","[2, 9, 10, 82, 111, 112, 113, 142, 199, 279, 284, 285, 300, 488, 494, 495, 553, 581, 582, 583, 613, 670, 738, 743, 744, 759, 818]","[2, 9, 10, 82, 111, 112, 113, 199, 279, 284, 285, 300, 488, 494, 495, 553, 581, 582, 583, 670, 738, 743, 744, 759, 818]",6/6 successful match,True,"[360, 361]",True,269,False,,1.0,True,Clark's Travel Center ( Valero ),Valero
Indio ( 92201 ) Clark's Travel Center ( Valero ),760-342-4776 I-10 Exit 142 ( Monroe S to Indio Blvd E ),E ) 24 SU <U+2610> <U+25A1>,Indio,92201,Clark's Travel Center ( Valero ),760-342-4776,2014,Indio,CA,Valero,( Monroe S to Indio Blvd E ),I-10 Exit 142 ,Exit,142,False,,False,I-10,,,,,"[613, 142]","[142, 613]","[142, 613]","[142, 613, 625]","[103, 104, 105, 106, 107, 108, 109, 110, 111, 112, 113, 114, 115, 116, 117, 118, 119, 120, 121, 122, 123, 124, 125, 126, 127, 128, 129, 130, 131, 132, 133, 134, 135, 136, 137, 138, 139, 140, 141, 142, 143, 144, 145, 146, 147, 148, 149, 150, 151, 152, 153, 154, 155, 156, 157, 158, 159, 160, 161, 162, 163, 164, 165, 166, 167, 168, 169, 170, 171, 172, 173, 174, 175, 176, 177, 178, 179, 180, 181, 182, 183, 184, 185, 186, 187, 188, 189, 190, 191, 192, 193, 194, 195, 196, 197, 198, 199, 200, 201, 202, 203, 204, 205, 206, 207, 208, 209, 210, 211, 212, 213, 214, 215, 216, 217, 218, 219, 220, 221, 222, 223, 224, 225, 226, 227, 228, 229, 230, 231, 232, 233, 234, 235, 236, 237, 238, 239, 240, 241, 242, 243, 244, 245, 246, 247, 248, 249, 250, 251, 252, 253, 254, 255, 256, 257, 258, 259, 260, 261, 262, 263, 264, 265, 266, 267, 268, 269, 270, 271, 272, 273, 274, 275, 276, 277, 278, 279, 280, 281, 282, 283, 284, 285, 286, 287, 288, 289, 290, 291, 292, 293, 294, 295, 296, 297, 298, 299, 300, 301, 302, 303, 304, 305, 306, 307, 308, 309, 310, 311, 312, 313, 314, 315, 316, 317, 318, 319, 320, 321, 322, 323, 324, 325, 326, 327, 328, 329, 330, 331, 332, 333, 334, 335, 336, 337, 574, 575, 576, 577, 578, 579, 580, 581, 582, 583, 584, 585, 586, 587, 588, 589, 590, 591, 592, 593, 594, 595, 596, 597, 598, 599, 600, 601, 602, 603, 604, 605, 606, 607, 608, 609, 610, 611, 612, 613, 614, 615, 616, 617, 618, 619, 620, 621, 622, 623, 624, 625, 626, 627, 628, 629, 630, 631, 632, 633, 634, 635, 636, 637, 638, 639, 640, 641, 642, 643, 644, 645, 646, 647, 648, 649, 650, 651, 652, 653, 654, 655, 656, 657, 658, 659, 660, 661, 662, 663, 664, 665, 666, 667, 668, 669, 670, 671, 672, 673, 674, 675, 676, 677, 678, 679, 680, 681, 682, 683, 684, 685, 686, 687, 688, 689, 690, 691, 692, 693, 694, 695, 696, 697, 698, 699, 700, 701, 702, 703, 704, 705, 706, 707, 708, 709, 710, 711, 712, 713, 714, 715, 716, 717, 718, 719, 720, 721, 722, 723, 724, 725, 726, 727, 728, 729, 730, 731, 732, 733, 734, 735, 736, 737, 738, 739, 740, 741, 742, 743, 744, 745, 746, 747, 748, 749, 750, 751, 752, 753, 754, 755, 756, 757, 758, 759, 760, 761, 762, 763, 764, 765, 766, 767, 768, 769, 770, 771, 772, 773, 774, 775, 776, 777, 778, 779, 780, 781, 782, 783, 784, 785, 786, 787, 788, 789, 790, 791, 792, 793]","[0, 5, 7, 10, 14, 19, 20, 22, 24, 32, 33, 34, 37, 38, 40, 44, 46, 48, 49, 51, 56, 61, 63, 65, 67, 68, 73, 74, 75, 76, 79, 81, 82, 83, 85, 87, 88, 92, 93, 95, 96, 99, 100, 101, 115, 116, 124, 134, 142, 161, 167, 169, 170, 186, 202, 240, 244, 254, 260, 267, 277, 300, 303, 307, 310, 322, 331, 376, 485, 491, 493, 495, 499, 503, 504, 506, 508, 515, 518, 519, 521, 524, 526, 528, 533, 537, 539, 542, 543, 547, 548, 549, 550, 551, 553, 554, 556, 558, 559, 563, 564, 566, 567, 570, 571, 572, 586, 587, 595, 605, 613, 633, 639, 640, 641, 657, 672, 704, 717, 726, 736, 759, 761, 765, 768, 780, 788, 792, 826]","[2, 9, 10, 82, 111, 112, 113, 199, 279, 284, 285, 300, 488, 494, 495, 553, 581, 582, 583, 670, 738, 743, 744, 759, 818]","[2, 9, 10, 82, 111, 112, 113, 142, 199, 279, 284, 285, 300, 488, 494, 495, 553, 581, 582, 583, 613, 670, 738, 743, 744, 759, 818]","[0, 2, 5, 7, 9, 10, 14, 19, 20, 22, 24, 32, 33, 34, 37, 38, 40, 44, 46, 48, 49, 51, 56, 61, 63, 65, 67, 68, 73, 74, 75, 76, 79, 81, 82, 83, 85, 87, 88, 92, 93, 95, 96, 99, 100, 101, 103, 104, 105, 106, 107, 108, 109, 110, 111, 112, 113, 114, 115, 116, 117, 118, 119, 120, 121, 122, 123, 124, 125, 126, 127, 128, 129, 130, 131, 132, 133, 134, 135, 136, 137, 138, 139, 140, 141, 142, 143, 144, 145, 146, 147, 148, 149, 150, 151, 152, 153, 154, 155, 156, 157, 158, 159, 160, 161, 162, 163, 164, 165, 166, 167, 168, 169, 170, 171, 172, 173, 174, 175, 176, 177, 178, 179, 180, 181, 182, 183, 184, 185, 186, 187, 188, 189, 190, 191, 192, 193, 194, 195, 196, 197, 198, 199, 200, 201, 202, 203, 204, 205, 206, 207, 208, 209, 210, 211, 212, 213, 214, 215, 216, 217, 218, 219, 220, 221, 222, 223, 224, 225, 226, 227, 228, 229, 230, 231, 232, 233, 234, 235, 236, 237, 238, 239, 240, 241, 242, 243, 244, 245, 246, 247, 248, 249, 250, 251, 252, 253, 254, 255, 256, 257, 258, 259, 260, 261, 262, 263, 264, 265, 266, 267, 268, 269, 270, 271, 272, 273, 274, 275, 276, 277, 278, 279, 280, 281, 282, 283, 284, 285, 286, 287, 288, 289, 290, 291, 292, 293, 294, 295, 296, 297, 298, 299, 300, 301, 302, 303, 304, 305, 306, 307, 308, 309, 310, 311, 312, 313, 314, 315, 316, 317, 318, 319, 320, 321, 322, 323, 324, 325, 326, 327, 328, 329, 330, 331, 332, 333, 334, 335, 336, 337, 376, 485, 488, 491, 493, 494, 495, 499, 503, 504, 506, 508, 515, 518, 519, 521, 524, 526, 528, 533, 537, 539, 542, 543, 547, 548, 549, 550, 551, 553, 554, 556, 558, 559, 563, 564, 566, 567, 570, 571, 572, 574, 575, 576, 577, 578, 579, 580, 581, 582, 583, 584, 585, 586, 587, 588, 589, 590, 591, 592, 593, 594, 595, 596, 597, 598, 599, 600, 601, 602, 603, 604, 605, 606, 607, 608, 609, 610, 611, 612, 613, 614, 615, 616, 617, 618, 619, 620, 621, 622, 623, 624, 625, 626, 627, 628, 629, 630, 631, 632, 633, 634, 635, 636, 637, 638, 639, 640, 641, 642, 643, 644, 645, 646, 647, 648, 649, 650, 651, 652, 653, 654, 655, 656, 657, 658, 659, 660, 661, 662, 663, 664, 665, 666, 667, 668, 669, 670, 671, 672, 673, 674, 675, 676, 677, 678, 679, 680, 681, 682, 683, 684, 685, 686, 687, 688, 689, 690, 691, 692, 693, 694, 695, 696, 697, 698, 699, 700, 701, 702, 703, 704, 705, 706, 707, 708, 709, 710, 711, 712, 713, 714, 715, 716, 717, 718, 719, 720, 721, 722, 723, 724, 725, 726, 727, 728, 729, 730, 731, 732, 733, 734, 735, 736, 737, 738, 739, 740, 741, 742, 743, 744, 745, 746, 747, 748, 749, 750, 751, 752, 753, 754, 755, 756, 757, 758, 759, 760, 761, 762, 763, 764, 765, 766, 767, 768, 769, 770, 771, 772, 773, 774, 775, 776, 777, 778, 779, 780, 781, 782, 783, 784, 785, 786, 787, 788, 789, 790, 791, 792, 793, 818, 826]",True,"[142, 613]","[103, 104, 105, 106, 107, 108, 109, 110, 111, 112, 113, 114, 115, 116, 117, 118, 119, 120, 121, 122, 123, 124, 125, 126, 127, 128, 129, 130, 131, 132, 133, 134, 135, 136, 137, 138, 139, 140, 141, 142, 143, 144, 145, 146, 147, 148, 149, 150, 151, 152, 153, 154, 155, 156, 157, 158, 159, 160, 161, 162, 163, 164, 165, 166, 167, 168, 169, 170, 171, 172, 173, 174, 175, 176, 177, 178, 179, 180, 181, 182, 183, 184, 185, 186, 187, 188, 189, 190, 191, 192, 193, 194, 195, 196, 197, 198, 199, 200, 201, 202, 203, 204, 205, 206, 207, 208, 209, 210, 211, 212, 213, 214, 215, 216, 217, 218, 219, 220, 221, 222, 223, 224, 225, 226, 227, 228, 229, 230, 231, 232, 233, 234, 235, 236, 237, 238, 239, 240, 241, 242, 243, 244, 245, 246, 247, 248, 249, 250, 251, 252, 253, 254, 255, 256, 257, 258, 259, 260, 261, 262, 263, 264, 265, 266, 267, 268, 269, 270, 271, 272, 273, 274, 275, 276, 277, 278, 279, 280, 281, 282, 283, 284, 285, 286, 287, 288, 289, 290, 291, 292, 293, 294, 295, 296, 297, 298, 299, 300, 301, 302, 303, 304, 305, 306, 307, 308, 309, 310, 311, 312, 313, 314, 315, 316, 317, 318, 319, 320, 321, 322, 323, 324, 325, 326, 327, 328, 329, 330, 331, 332, 333, 334, 335, 336, 337, 574, 575, 576, 577, 578, 579, 580, 581, 582, 583, 584, 585, 586, 587, 588, 589, 590, 591, 592, 593, 594, 595, 596, 597, 598, 599, 600, 601, 602, 603, 604, 605, 606, 607, 608, 609, 610, 611, 612, 613, 614, 615, 616, 617, 618, 619, 620, 621, 622, 623, 624, 625, 626, 627, 628, 629, 630, 631, 632, 633, 634, 635, 636, 637, 638, 639, 640, 641, 642, 643, 644, 645, 646, 647, 648, 649, 650, 651, 652, 653, 654, 655, 656, 657, 658, 659, 660, 661, 662, 663, 664, 665, 666, 667, 668, 669, 670, 671, 672, 673, 674, 675, 676, 677, 678, 679, 680, 681, 682, 683, 684, 685, 686, 687, 688, 689, 690, 691, 692, 693, 694, 695, 696, 697, 698, 699, 700, 701, 702, 703, 704, 705, 706, 707, 708, 709, 710, 711, 712, 713, 714, 715, 716, 717, 718, 719, 720, 721, 722, 723, 724, 725, 726, 727, 728, 729, 730, 731, 732, 733, 734, 735, 736, 737, 738, 739, 740, 741, 742, 743, 744, 745, 746, 747, 748, 749, 750, 751, 752, 753, 754, 755, 756, 757, 758, 759, 760, 761, 762, 763, 764, 765, 766, 767, 768, 769, 770, 771, 772, 773, 774, 775, 776, 777, 778, 779, 780, 781, 782, 783, 784, 785, 786, 787, 788, 789, 790, 791, 792, 793]","[142, 613]","[142, 613, 625]","[0, 5, 7, 10, 14, 19, 20, 22, 24, 32, 33, 34, 37, 38, 40, 44, 46, 48, 49, 51, 56, 61, 63, 65, 67, 68, 73, 74, 75, 76, 79, 81, 82, 83, 85, 87, 88, 92, 93, 95, 96, 99, 100, 101, 115, 116, 124, 134, 142, 161, 167, 169, 170, 186, 202, 240, 244, 254, 260, 267, 277, 300, 303, 307, 310, 322, 331, 376, 485, 491, 493, 495, 499, 503, 504, 506, 508, 515, 518, 519, 521, 524, 526, 528, 533, 537, 539, 542, 543, 547, 548, 549, 550, 551, 553, 554, 556, 558, 559, 563, 564, 566, 567, 570, 571, 572, 586, 587, 595, 605, 613, 633, 639, 640, 641, 657, 672, 704, 717, 726, 736, 759, 761, 765, 768, 780, 788, 792, 826]","[2, 9, 10, 82, 111, 112, 113, 142, 199, 279, 284, 285, 300, 488, 494, 495, 553, 581, 582, 583, 613, 670, 738, 743, 744, 759, 818]","[2, 9, 10, 82, 111, 112, 113, 199, 279, 284, 285, 300, 488, 494, 495, 553, 581, 582, 583, 670, 738, 743, 744, 759, 818]",6/6 successful match,True,"[360, 361]",True,269,False,,1.0,True,Clark's Travel Center ( Valero ),Valero
Indio ( 92201 ) Clark's Travel Center ( Valero ) ),760-342-4776 I-10 Exit 142 ( Monroe S to,) HR3 24 S $,Indio,92201,Clark's Travel Center ( Valero ) ),760-342-4776,2015,Indio,CA,Valero,( Monroe S to,I-10 Exit 142 ,Exit,142,False,,False,I-10,,,,,"[613, 142]","[142, 613]","[142, 613]","[142, 613, 625]","[103, 104, 105, 106, 107, 108, 109, 110, 111, 112, 113, 114, 115, 116, 117, 118, 119, 120, 121, 122, 123, 124, 125, 126, 127, 128, 129, 130, 131, 132, 133, 134, 135, 136, 137, 138, 139, 140, 141, 142, 143, 144, 145, 146, 147, 148, 149, 150, 151, 152, 153, 154, 155, 156, 157, 158, 159, 160, 161, 162, 163, 164, 165, 166, 167, 168, 169, 170, 171, 172, 173, 174, 175, 176, 177, 178, 179, 180, 181, 182, 183, 184, 185, 186, 187, 188, 189, 190, 191, 192, 193, 194, 195, 196, 197, 198, 199, 200, 201, 202, 203, 204, 205, 206, 207, 208, 209, 210, 211, 212, 213, 214, 215, 216, 217, 218, 219, 220, 221, 222, 223, 224, 225, 226, 227, 228, 229, 230, 231, 232, 233, 234, 235, 236, 237, 238, 239, 240, 241, 242, 243, 244, 245, 246, 247, 248, 249, 250, 251, 252, 253, 254, 255, 256, 257, 258, 259, 260, 261, 262, 263, 264, 265, 266, 267, 268, 269, 270, 271, 272, 273, 274, 275, 276, 277, 278, 279, 280, 281, 282, 283, 284, 285, 286, 287, 288, 289, 290, 291, 292, 293, 294, 295, 296, 297, 298, 299, 300, 301, 302, 303, 304, 305, 306, 307, 308, 309, 310, 311, 312, 313, 314, 315, 316, 317, 318, 319, 320, 321, 322, 323, 324, 325, 326, 327, 328, 329, 330, 331, 332, 333, 334, 335, 336, 337, 574, 575, 576, 577, 578, 579, 580, 581, 582, 583, 584, 585, 586, 587, 588, 589, 590, 591, 592, 593, 594, 595, 596, 597, 598, 599, 600, 601, 602, 603, 604, 605, 606, 607, 608, 609, 610, 611, 612, 613, 614, 615, 616, 617, 618, 619, 620, 621, 622, 623, 624, 625, 626, 627, 628, 629, 630, 631, 632, 633, 634, 635, 636, 637, 638, 639, 640, 641, 642, 643, 644, 645, 646, 647, 648, 649, 650, 651, 652, 653, 654, 655, 656, 657, 658, 659, 660, 661, 662, 663, 664, 665, 666, 667, 668, 669, 670, 671, 672, 673, 674, 675, 676, 677, 678, 679, 680, 681, 682, 683, 684, 685, 686, 687, 688, 689, 690, 691, 692, 693, 694, 695, 696, 697, 698, 699, 700, 701, 702, 703, 704, 705, 706, 707, 708, 709, 710, 711, 712, 713, 714, 715, 716, 717, 718, 719, 720, 721, 722, 723, 724, 725, 726, 727, 728, 729, 730, 731, 732, 733, 734, 735, 736, 737, 738, 739, 740, 741, 742, 743, 744, 745, 746, 747, 748, 749, 750, 751, 752, 753, 754, 755, 756, 757, 758, 759, 760, 761, 762, 763, 764, 765, 766, 767, 768, 769, 770, 771, 772, 773, 774, 775, 776, 777, 778, 779, 780, 781, 782, 783, 784, 785, 786, 787, 788, 789, 790, 791, 792, 793]","[0, 5, 7, 10, 14, 19, 20, 22, 24, 32, 33, 34, 37, 38, 40, 44, 46, 48, 49, 51, 56, 61, 63, 65, 67, 68, 73, 74, 75, 76, 79, 81, 82, 83, 85, 87, 88, 92, 93, 95, 96, 99, 100, 101, 115, 116, 124, 134, 142, 161, 167, 169, 170, 186, 202, 240, 244, 254, 260, 267, 277, 300, 303, 307, 310, 322, 331, 376, 485, 491, 493, 495, 499, 503, 504, 506, 508, 515, 518, 519, 521, 524, 526, 528, 533, 537, 539, 542, 543, 547, 548, 549, 550, 551, 553, 554, 556, 558, 559, 563, 564, 566, 567, 570, 571, 572, 586, 587, 595, 605, 613, 633, 639, 640, 641, 657, 672, 704, 717, 726, 736, 759, 761, 765, 768, 780, 788, 792, 826]","[2, 9, 10, 82, 111, 112, 113, 199, 279, 284, 285, 300, 488, 494, 495, 553, 581, 582, 583, 670, 738, 743, 744, 759, 818]","[2, 9, 10, 82, 111, 112, 113, 142, 199, 279, 284, 285, 300, 488, 494, 495, 553, 581, 582, 583, 613, 670, 738, 743, 744, 759, 818]","[0, 2, 5, 7, 9, 10, 14, 19, 20, 22, 24, 32, 33, 34, 37, 38, 40, 44, 46, 48, 49, 51, 56, 61, 63, 65, 67, 68, 73, 74, 75, 76, 79, 81, 82, 83, 85, 87, 88, 92, 93, 95, 96, 99, 100, 101, 103, 104, 105, 106, 107, 108, 109, 110, 111, 112, 113, 114, 115, 116, 117, 118, 119, 120, 121, 122, 123, 124, 125, 126, 127, 128, 129, 130, 131, 132, 133, 134, 135, 136, 137, 138, 139, 140, 141, 142, 143, 144, 145, 146, 147, 148, 149, 150, 151, 152, 153, 154, 155, 156, 157, 158, 159, 160, 161, 162, 163, 164, 165, 166, 167, 168, 169, 170, 171, 172, 173, 174, 175, 176, 177, 178, 179, 180, 181, 182, 183, 184, 185, 186, 187, 188, 189, 190, 191, 192, 193, 194, 195, 196, 197, 198, 199, 200, 201, 202, 203, 204, 205, 206, 207, 208, 209, 210, 211, 212, 213, 214, 215, 216, 217, 218, 219, 220, 221, 222, 223, 224, 225, 226, 227, 228, 229, 230, 231, 232, 233, 234, 235, 236, 237, 238, 239, 240, 241, 242, 243, 244, 245, 246, 247, 248, 249, 250, 251, 252, 253, 254, 255, 256, 257, 258, 259, 260, 261, 262, 263, 264, 265, 266, 267, 268, 269, 270, 271, 272, 273, 274, 275, 276, 277, 278, 279, 280, 281, 282, 283, 284, 285, 286, 287, 288, 289, 290, 291, 292, 293, 294, 295, 296, 297, 298, 299, 300, 301, 302, 303, 304, 305, 306, 307, 308, 309, 310, 311, 312, 313, 314, 315, 316, 317, 318, 319, 320, 321, 322, 323, 324, 325, 326, 327, 328, 329, 330, 331, 332, 333, 334, 335, 336, 337, 376, 485, 488, 491, 493, 494, 495, 499, 503, 504, 506, 508, 515, 518, 519, 521, 524, 526, 528, 533, 537, 539, 542, 543, 547, 548, 549, 550, 551, 553, 554, 556, 558, 559, 563, 564, 566, 567, 570, 571, 572, 574, 575, 576, 577, 578, 579, 580, 581, 582, 583, 584, 585, 586, 587, 588, 589, 590, 591, 592, 593, 594, 595, 596, 597, 598, 599, 600, 601, 602, 603, 604, 605, 606, 607, 608, 609, 610, 611, 612, 613, 614, 615, 616, 617, 618, 619, 620, 621, 622, 623, 624, 625, 626, 627, 628, 629, 630, 631, 632, 633, 634, 635, 636, 637, 638, 639, 640, 641, 642, 643, 644, 645, 646, 647, 648, 649, 650, 651, 652, 653, 654, 655, 656, 657, 658, 659, 660, 661, 662, 663, 664, 665, 666, 667, 668, 669, 670, 671, 672, 673, 674, 675, 676, 677, 678, 679, 680, 681, 682, 683, 684, 685, 686, 687, 688, 689, 690, 691, 692, 693, 694, 695, 696, 697, 698, 699, 700, 701, 702, 703, 704, 705, 706, 707, 708, 709, 710, 711, 712, 713, 714, 715, 716, 717, 718, 719, 720, 721, 722, 723, 724, 725, 726, 727, 728, 729, 730, 731, 732, 733, 734, 735, 736, 737, 738, 739, 740, 741, 742, 743, 744, 745, 746, 747, 748, 749, 750, 751, 752, 753, 754, 755, 756, 757, 758, 759, 760, 761, 762, 763, 764, 765, 766, 767, 768, 769, 770, 771, 772, 773, 774, 775, 776, 777, 778, 779, 780, 781, 782, 783, 784, 785, 786, 787, 788, 789, 790, 791, 792, 793, 818, 826]",True,"[142, 613]","[103, 104, 105, 106, 107, 108, 109, 110, 111, 112, 113, 114, 115, 116, 117, 118, 119, 120, 121, 122, 123, 124, 125, 126, 127, 128, 129, 130, 131, 132, 133, 134, 135, 136, 137, 138, 139, 140, 141, 142, 143, 144, 145, 146, 147, 148, 149, 150, 151, 152, 153, 154, 155, 156, 157, 158, 159, 160, 161, 162, 163, 164, 165, 166, 167, 168, 169, 170, 171, 172, 173, 174, 175, 176, 177, 178, 179, 180, 181, 182, 183, 184, 185, 186, 187, 188, 189, 190, 191, 192, 193, 194, 195, 196, 197, 198, 199, 200, 201, 202, 203, 204, 205, 206, 207, 208, 209, 210, 211, 212, 213, 214, 215, 216, 217, 218, 219, 220, 221, 222, 223, 224, 225, 226, 227, 228, 229, 230, 231, 232, 233, 234, 235, 236, 237, 238, 239, 240, 241, 242, 243, 244, 245, 246, 247, 248, 249, 250, 251, 252, 253, 254, 255, 256, 257, 258, 259, 260, 261, 262, 263, 264, 265, 266, 267, 268, 269, 270, 271, 272, 273, 274, 275, 276, 277, 278, 279, 280, 281, 282, 283, 284, 285, 286, 287, 288, 289, 290, 291, 292, 293, 294, 295, 296, 297, 298, 299, 300, 301, 302, 303, 304, 305, 306, 307, 308, 309, 310, 311, 312, 313, 314, 315, 316, 317, 318, 319, 320, 321, 322, 323, 324, 325, 326, 327, 328, 329, 330, 331, 332, 333, 334, 335, 336, 337, 574, 575, 576, 577, 578, 579, 580, 581, 582, 583, 584, 585, 586, 587, 588, 589, 590, 591, 592, 593, 594, 595, 596, 597, 598, 599, 600, 601, 602, 603, 604, 605, 606, 607, 608, 609, 610, 611, 612, 613, 614, 615, 616, 617, 618, 619, 620, 621, 622, 623, 624, 625, 626, 627, 628, 629, 630, 631, 632, 633, 634, 635, 636, 637, 638, 639, 640, 641, 642, 643, 644, 645, 646, 647, 648, 649, 650, 651, 652, 653, 654, 655, 656, 657, 658, 659, 660, 661, 662, 663, 664, 665, 666, 667, 668, 669, 670, 671, 672, 673, 674, 675, 676, 677, 678, 679, 680, 681, 682, 683, 684, 685, 686, 687, 688, 689, 690, 691, 692, 693, 694, 695, 696, 697, 698, 699, 700, 701, 702, 703, 704, 705, 706, 707, 708, 709, 710, 711, 712, 713, 714, 715, 716, 717, 718, 719, 720, 721, 722, 723, 724, 725, 726, 727, 728, 729, 730, 731, 732, 733, 734, 735, 736, 737, 738, 739, 740, 741, 742, 743, 744, 745, 746, 747, 748, 749, 750, 751, 752, 753, 754, 755, 756, 757, 758, 759, 760, 761, 762, 763, 764, 765, 766, 767, 768, 769, 770, 771, 772, 773, 774, 775, 776, 777, 778, 779, 780, 781, 782, 783, 784, 785, 786, 787, 788, 789, 790, 791, 792, 793]","[142, 613]","[142, 613, 625]","[0, 5, 7, 10, 14, 19, 20, 22, 24, 32, 33, 34, 37, 38, 40, 44, 46, 48, 49, 51, 56, 61, 63, 65, 67, 68, 73, 74, 75, 76, 79, 81, 82, 83, 85, 87, 88, 92, 93, 95, 96, 99, 100, 101, 115, 116, 124, 134, 142, 161, 167, 169, 170, 186, 202, 240, 244, 254, 260, 267, 277, 300, 303, 307, 310, 322, 331, 376, 485, 491, 493, 495, 499, 503, 504, 506, 508, 515, 518, 519, 521, 524, 526, 528, 533, 537, 539, 542, 543, 547, 548, 549, 550, 551, 553, 554, 556, 558, 559, 563, 564, 566, 567, 570, 571, 572, 586, 587, 595, 605, 613, 633, 639, 640, 641, 657, 672, 704, 717, 726, 736, 759, 761, 765, 768, 780, 788, 792, 826]","[2, 9, 10, 82, 111, 112, 113, 142, 199, 279, 284, 285, 300, 488, 494, 495, 553, 581, 582, 583, 613, 670, 738, 743, 744, 759, 818]","[2, 9, 10, 82, 111, 112, 113, 199, 279, 284, 285, 300, 488, 494, 495, 553, 581, 582, 583, 670, 738, 743, 744, 759, 818]",6/6 successful match,True,"[360, 361]",True,269,False,,1.0,True,Clark's Travel Center ( Valero ),Valero
Indio ( 92201 ) Clark's Travel Center ( Sinclair ) ),760-342-4776 I-10 Exit 142 ( S,24 S 0,Indio,92201,Clark's Travel Center ( Sinclair ) ),760-342-4776,2016,Indio,CA,Sinclair,( S,I-10 Exit 142 ,Exit,142,False,,False,I-10,,,,,"[613, 142]","[142, 613]","[142, 613]","[142, 613, 625]","[103, 104, 105, 106, 107, 108, 109, 110, 111, 112, 113, 114, 115, 116, 117, 118, 119, 120, 121, 122, 123, 124, 125, 126, 127, 128, 129, 130, 131, 132, 133, 134, 135, 136, 137, 138, 139, 140, 141, 142, 143, 144, 145, 146, 147, 148, 149, 150, 151, 152, 153, 154, 155, 156, 157, 158, 159, 160, 161, 162, 163, 164, 165, 166, 167, 168, 169, 170, 171, 172, 173, 174, 175, 176, 177, 178, 179, 180, 181, 182, 183, 184, 185, 186, 187, 188, 189, 190, 191, 192, 193, 194, 195, 196, 197, 198, 199, 200, 201, 202, 203, 204, 205, 206, 207, 208, 209, 210, 211, 212, 213, 214, 215, 216, 217, 218, 219, 220, 221, 222, 223, 224, 225, 226, 227, 228, 229, 230, 231, 232, 233, 234, 235, 236, 237, 238, 239, 240, 241, 242, 243, 244, 245, 246, 247, 248, 249, 250, 251, 252, 253, 254, 255, 256, 257, 258, 259, 260, 261, 262, 263, 264, 265, 266, 267, 268, 269, 270, 271, 272, 273, 274, 275, 276, 277, 278, 279, 280, 281, 282, 283, 284, 285, 286, 287, 288, 289, 290, 291, 292, 293, 294, 295, 296, 297, 298, 299, 300, 301, 302, 303, 304, 305, 306, 307, 308, 309, 310, 311, 312, 313, 314, 315, 316, 317, 318, 319, 320, 321, 322, 323, 324, 325, 326, 327, 328, 329, 330, 331, 332, 333, 334, 335, 336, 337, 574, 575, 576, 577, 578, 579, 580, 581, 582, 583, 584, 585, 586, 587, 588, 589, 590, 591, 592, 593, 594, 595, 596, 597, 598, 599, 600, 601, 602, 603, 604, 605, 606, 607, 608, 609, 610, 611, 612, 613, 614, 615, 616, 617, 618, 619, 620, 621, 622, 623, 624, 625, 626, 627, 628, 629, 630, 631, 632, 633, 634, 635, 636, 637, 638, 639, 640, 641, 642, 643, 644, 645, 646, 647, 648, 649, 650, 651, 652, 653, 654, 655, 656, 657, 658, 659, 660, 661, 662, 663, 664, 665, 666, 667, 668, 669, 670, 671, 672, 673, 674, 675, 676, 677, 678, 679, 680, 681, 682, 683, 684, 685, 686, 687, 688, 689, 690, 691, 692, 693, 694, 695, 696, 697, 698, 699, 700, 701, 702, 703, 704, 705, 706, 707, 708, 709, 710, 711, 712, 713, 714, 715, 716, 717, 718, 719, 720, 721, 722, 723, 724, 725, 726, 727, 728, 729, 730, 731, 732, 733, 734, 735, 736, 737, 738, 739, 740, 741, 742, 743, 744, 745, 746, 747, 748, 749, 750, 751, 752, 753, 754, 755, 756, 757, 758, 759, 760, 761, 762, 763, 764, 765, 766, 767, 768, 769, 770, 771, 772, 773, 774, 775, 776, 777, 778, 779, 780, 781, 782, 783, 784, 785, 786, 787, 788, 789, 790, 791, 792, 793]","[0, 5, 7, 10, 14, 19, 20, 22, 24, 32, 33, 34, 37, 38, 40, 44, 46, 48, 49, 51, 56, 61, 63, 65, 67, 68, 73, 74, 75, 76, 79, 81, 82, 83, 85, 87, 88, 92, 93, 95, 96, 99, 100, 101, 115, 116, 124, 134, 142, 161, 167, 169, 170, 186, 202, 240, 244, 254, 260, 267, 277, 300, 303, 307, 310, 322, 331, 376, 485, 491, 493, 495, 499, 503, 504, 506, 508, 515, 518, 519, 521, 524, 526, 528, 533, 537, 539, 542, 543, 547, 548, 549, 550, 551, 553, 554, 556, 558, 559, 563, 564, 566, 567, 570, 571, 572, 586, 587, 595, 605, 613, 633, 639, 640, 641, 657, 672, 704, 717, 726, 736, 759, 761, 765, 768, 780, 788, 792, 826]","[31, 142, 147, 180, 338, 352, 367, 387, 403, 405, 408, 410, 455, 465, 466, 468, 470, 472, 473, 483, 484, 514, 613, 618, 651, 794, 807, 837, 852, 854, 858, 861, 902, 912, 913, 915, 917, 919, 920, 931, 934, 935]","[31, 142, 147, 180, 338, 352, 367, 387, 403, 405, 408, 410, 455, 465, 466, 468, 470, 472, 473, 483, 484, 514, 613, 618, 651, 794, 807, 837, 852, 854, 858, 861, 902, 912, 913, 915, 917, 919, 920, 931, 934, 935]","[0, 5, 7, 10, 14, 19, 20, 22, 24, 31, 32, 33, 34, 37, 38, 40, 44, 46, 48, 49, 51, 56, 61, 63, 65, 67, 68, 73, 74, 75, 76, 79, 81, 82, 83, 85, 87, 88, 92, 93, 95, 96, 99, 100, 101, 103, 104, 105, 106, 107, 108, 109, 110, 111, 112, 113, 114, 115, 116, 117, 118, 119, 120, 121, 122, 123, 124, 125, 126, 127, 128, 129, 130, 131, 132, 133, 134, 135, 136, 137, 138, 139, 140, 141, 142, 143, 144, 145, 146, 147, 148, 149, 150, 151, 152, 153, 154, 155, 156, 157, 158, 159, 160, 161, 162, 163, 164, 165, 166, 167, 168, 169, 170, 171, 172, 173, 174, 175, 176, 177, 178, 179, 180, 181, 182, 183, 184, 185, 186, 187, 188, 189, 190, 191, 192, 193, 194, 195, 196, 197, 198, 199, 200, 201, 202, 203, 204, 205, 206, 207, 208, 209, 210, 211, 212, 213, 214, 215, 216, 217, 218, 219, 220, 221, 222, 223, 224, 225, 226, 227, 228, 229, 230, 231, 232, 233, 234, 235, 236, 237, 238, 239, 240, 241, 242, 243, 244, 245, 246, 247, 248, 249, 250, 251, 252, 253, 254, 255, 256, 257, 258, 259, 260, 261, 262, 263, 264, 265, 266, 267, 268, 269, 270, 271, 272, 273, 274, 275, 276, 277, 278, 279, 280, 281, 282, 283, 284, 285, 286, 287, 288, 289, 290, 291, 292, 293, 294, 295, 296, 297, 298, 299, 300, 301, 302, 303, 304, 305, 306, 307, 308, 309, 310, 311, 312, 313, 314, 315, 316, 317, 318, 319, 320, 321, 322, 323, 324, 325, 326, 327, 328, 329, 330, 331, 332, 333, 334, 335, 336, 337, 338, 352, 367, 376, 387, 403, 405, 408, 410, 455, 465, 466, 468, 470, 472, 473, 483, 484, 485, 491, 493, 495, 499, 503, 504, 506, 508, 514, 515, 518, 519, 521, 524, 526, 528, 533, 537, 539, 542, 543, 547, 548, 549, 550, 551, 553, 554, 556, 558, 559, 563, 564, 566, 567, 570, 571, 572, 574, 575, 576, 577, 578, 579, 580, 581, 582, 583, 584, 585, 586, 587, 588, 589, 590, 591, 592, 593, 594, 595, 596, 597, 598, 599, 600, 601, 602, 603, 604, 605, 606, 607, 608, 609, 610, 611, 612, 613, 614, 615, 616, 617, 618, 619, 620, 621, 622, 623, 624, 625, 626, 627, 628, 629, 630, 631, 632, 633, 634, 635, 636, 637, 638, 639, 640, 641, 642, 643, 644, 645, 646, 647, 648, 649, 650, 651, 652, 653, 654, 655, 656, 657, 658, 659, 660, 661, 662, 663, 664, 665, 666, 667, 668, 669, 670, 671, 672, 673, 674, 675, 676, 677, 678, 679, 680, 681, 682, 683, 684, 685, 686, 687, 688, 689, 690, 691, 692, 693, 694, 695, 696, 697, 698, 699, 700, 701, 702, 703, 704, 705, 706, 707, 708, 709, 710, 711, 712, 713, 714, 715, 716, 717, 718, 719, 720, 721, 722, 723, 724, 725, 726, 727, 728, 729, 730, 731, 732, 733, 734, 735, 736, 737, 738, 739, 740, 741, 742, 743, 744, 745, 746, 747, 748, 749, 750, 751, 752, 753, 754, 755, 756, 757, 758, 759, 760, 761, 762, 763, 764, 765, 766, 767, 768, 769, 770, 771, 772, 773, 774, 775, 776, 777, 778, 779, 780, 781, 782, 783, 784, 785, 786, 787, 788, 789, 790, 791, 792, 793, 794, 807, 826, 837, 852, 854, 858, 861, 902, 912, 913, 915, 917, 919, 920, 931, 934, 935]",True,"[142, 613]","[103, 104, 105, 106, 107, 108, 109, 110, 111, 112, 113, 114, 115, 116, 117, 118, 119, 120, 121, 122, 123, 124, 125, 126, 127, 128, 129, 130, 131, 132, 133, 134, 135, 136, 137, 138, 139, 140, 141, 142, 143, 144, 145, 146, 147, 148, 149, 150, 151, 152, 153, 154, 155, 156, 157, 158, 159, 160, 161, 162, 163, 164, 165, 166, 167, 168, 169, 170, 171, 172, 173, 174, 175, 176, 177, 178, 179, 180, 181, 182, 183, 184, 185, 186, 187, 188, 189, 190, 191, 192, 193, 194, 195, 196, 197, 198, 199, 200, 201, 202, 203, 204, 205, 206, 207, 208, 209, 210, 211, 212, 213, 214, 215, 216, 217, 218, 219, 220, 221, 222, 223, 224, 225, 226, 227, 228, 229, 230, 231, 232, 233, 234, 235, 236, 237, 238, 239, 240, 241, 242, 243, 244, 245, 246, 247, 248, 249, 250, 251, 252, 253, 254, 255, 256, 257, 258, 259, 260, 261, 262, 263, 264, 265, 266, 267, 268, 269, 270, 271, 272, 273, 274, 275, 276, 277, 278, 279, 280, 281, 282, 283, 284, 285, 286, 287, 288, 289, 290, 291, 292, 293, 294, 295, 296, 297, 298, 299, 300, 301, 302, 303, 304, 305, 306, 307, 308, 309, 310, 311, 312, 313, 314, 315, 316, 317, 318, 319, 320, 321, 322, 323, 324, 325, 326, 327, 328, 329, 330, 331, 332, 333, 334, 335, 336, 337, 574, 575, 576, 577, 578, 579, 580, 581, 582, 583, 584, 585, 586, 587, 588, 589, 590, 591, 592, 593, 594, 595, 596, 597, 598, 599, 600, 601, 602, 603, 604, 605, 606, 607, 608, 609, 610, 611, 612, 613, 614, 615, 616, 617, 618, 619, 620, 621, 622, 623, 624, 625, 626, 627, 628, 629, 630, 631, 632, 633, 634, 635, 636, 637, 638, 639, 640, 641, 642, 643, 644, 645, 646, 647, 648, 649, 650, 651, 652, 653, 654, 655, 656, 657, 658, 659, 660, 661, 662, 663, 664, 665, 666, 667, 668, 669, 670, 671, 672, 673, 674, 675, 676, 677, 678, 679, 680, 681, 682, 683, 684, 685, 686, 687, 688, 689, 690, 691, 692, 693, 694, 695, 696, 697, 698, 699, 700, 701, 702, 703, 704, 705, 706, 707, 708, 709, 710, 711, 712, 713, 714, 715, 716, 717, 718, 719, 720, 721, 722, 723, 724, 725, 726, 727, 728, 729, 730, 731, 732, 733, 734, 735, 736, 737, 738, 739, 740, 741, 742, 743, 744, 745, 746, 747, 748, 749, 750, 751, 752, 753, 754, 755, 756, 757, 758, 759, 760, 761, 762, 763, 764, 765, 766, 767, 768, 769, 770, 771, 772, 773, 774, 775, 776, 777, 778, 779, 780, 781, 782, 783, 784, 785, 786, 787, 788, 789, 790, 791, 792, 793]","[142, 613]","[142, 613, 625]","[0, 5, 7, 10, 14, 19, 20, 22, 24, 32, 33, 34, 37, 38, 40, 44, 46, 48, 49, 51, 56, 61, 63, 65, 67, 68, 73, 74, 75, 76, 79, 81, 82, 83, 85, 87, 88, 92, 93, 95, 96, 99, 100, 101, 115, 116, 124, 134, 142, 161, 167, 169, 170, 186, 202, 240, 244, 254, 260, 267, 277, 300, 303, 307, 310, 322, 331, 376, 485, 491, 493, 495, 499, 503, 504, 506, 508, 515, 518, 519, 521, 524, 526, 528, 533, 537, 539, 542, 543, 547, 548, 549, 550, 551, 553, 554, 556, 558, 559, 563, 564, 566, 567, 570, 571, 572, 586, 587, 595, 605, 613, 633, 639, 640, 641, 657, 672, 704, 717, 726, 736, 759, 761, 765, 768, 780, 788, 792, 826]","[31, 142, 147, 180, 338, 352, 367, 387, 403, 405, 408, 410, 455, 465, 466, 468, 470, 472, 473, 483, 484, 514, 613, 618, 651, 794, 807, 837, 852, 854, 858, 861, 902, 912, 913, 915, 917, 919, 920, 931, 934, 935]","[31, 142, 147, 180, 338, 352, 367, 387, 403, 405, 408, 410, 455, 465, 466, 468, 470, 472, 473, 483, 484, 514, 613, 618, 651, 794, 807, 837, 852, 854, 858, 861, 902, 912, 913, 915, 917, 919, 920, 931, 934, 935]",7/6 successful match,True,"[360, 361]",True,269,False,,0.9571428571428571,False,Clark's Travel Center ( Valero ) ),Valero
"Blythe , 92225 BB Travel Center ( 76 )",760-922-5109 I-10 Exit 232 ( Mesa Dr ),O,Blythe,92225,BB Travel Center ( 76 ),760-922-5109,2006,Blythe,CA,,( Mesa Dr ),I-10 Exit 232 ,Exit,232,False,,False,I-10,,,,,"[595, 124]","[124, 595]","[124, 595]","[124, 595]","[103, 104, 105, 106, 107, 108, 109, 110, 111, 112, 113, 114, 115, 116, 117, 118, 119, 120, 121, 122, 123, 124, 125, 126, 127, 128, 129, 130, 131, 132, 133, 134, 135, 136, 137, 138, 139, 140, 141, 142, 143, 144, 145, 146, 147, 148, 149, 150, 151, 152, 153, 154, 155, 156, 157, 158, 159, 160, 161, 162, 163, 164, 165, 166, 167, 168, 169, 170, 171, 172, 173, 174, 175, 176, 177, 178, 179, 180, 181, 182, 183, 184, 185, 186, 187, 188, 189, 190, 191, 192, 193, 194, 195, 196, 197, 198, 199, 200, 201, 202, 203, 204, 205, 206, 207, 208, 209, 210, 211, 212, 213, 214, 215, 216, 217, 218, 219, 220, 221, 222, 223, 224, 225, 226, 227, 228, 229, 230, 231, 232, 233, 234, 235, 236, 237, 238, 239, 240, 241, 242, 243, 244, 245, 246, 247, 248, 249, 250, 251, 252, 253, 254, 255, 256, 257, 258, 259, 260, 261, 262, 263, 264, 265, 266, 267, 268, 269, 270, 271, 272, 273, 274, 275, 276, 277, 278, 279, 280, 281, 282, 283, 284, 285, 286, 287, 288, 289, 290, 291, 292, 293, 294, 295, 296, 297, 298, 299, 300, 301, 302, 303, 304, 305, 306, 307, 308, 309, 310, 311, 312, 313, 314, 315, 316, 317, 318, 319, 320, 321, 322, 323, 324, 325, 326, 327, 328, 329, 330, 331, 332, 333, 334, 335, 336, 337, 574, 575, 576, 577, 578, 579, 580, 581, 582, 583, 584, 585, 586, 587, 588, 589, 590, 591, 592, 593, 594, 595, 596, 597, 598, 599, 600, 601, 602, 603, 604, 605, 606, 607, 608, 609, 610, 611, 612, 613, 614, 615, 616, 617, 618, 619, 620, 621, 622, 623, 624, 625, 626, 627, 628, 629, 630, 631, 632, 633, 634, 635, 636, 637, 638, 639, 640, 641, 642, 643, 644, 645, 646, 647, 648, 649, 650, 651, 652, 653, 654, 655, 656, 657, 658, 659, 660, 661, 662, 663, 664, 665, 666, 667, 668, 669, 670, 671, 672, 673, 674, 675, 676, 677, 678, 679, 680, 681, 682, 683, 684, 685, 686, 687, 688, 689, 690, 691, 692, 693, 694, 695, 696, 697, 698, 699, 700, 701, 702, 703, 704, 705, 706, 707, 708, 709, 710, 711, 712, 713, 714, 715, 716, 717, 718, 719, 720, 721, 722, 723, 724, 725, 726, 727, 728, 729, 730, 731, 732, 733, 734, 735, 736, 737, 738, 739, 740, 741, 742, 743, 744, 745, 746, 747, 748, 749, 750, 751, 752, 753, 754, 755, 756, 757, 758, 759, 760, 761, 762, 763, 764, 765, 766, 767, 768, 769, 770, 771, 772, 773, 774, 775, 776, 777, 778, 779, 780, 781, 782, 783, 784, 785, 786, 787, 788, 789, 790, 791, 792, 793]","[0, 5, 7, 10, 14, 19, 20, 22, 24, 32, 33, 34, 37, 38, 40, 44, 46, 48, 49, 51, 56, 61, 63, 65, 67, 68, 73, 74, 75, 76, 79, 81, 82, 83, 85, 87, 88, 92, 93, 95, 96, 99, 100, 101, 115, 116, 124, 134, 142, 161, 167, 169, 170, 186, 202, 240, 244, 254, 260, 267, 277, 300, 303, 307, 310, 322, 331, 376, 485, 491, 493, 495, 499, 503, 504, 506, 508, 515, 518, 519, 521, 524, 526, 528, 533, 537, 539, 542, 543, 547, 548, 549, 550, 551, 553, 554, 556, 558, 559, 563, 564, 566, 567, 570, 571, 572, 586, 587, 595, 605, 613, 633, 639, 640, 641, 657, 672, 704, 717, 726, 736, 759, 761, 765, 768, 780, 788, 792, 826]",[],"[84, 87, 89, 114, 115, 117, 124, 132, 135, 144, 152, 178, 239, 268, 281, 297, 318, 320, 327, 348, 394, 555, 558, 560, 585, 586, 588, 595, 603, 606, 615, 623, 649, 703, 727, 740, 756, 776, 778, 785, 803, 844]","[0, 5, 7, 10, 14, 19, 20, 22, 24, 32, 33, 34, 37, 38, 40, 44, 46, 48, 49, 51, 56, 61, 63, 65, 67, 68, 73, 74, 75, 76, 79, 81, 82, 83, 84, 85, 87, 88, 89, 92, 93, 95, 96, 99, 100, 101, 103, 104, 105, 106, 107, 108, 109, 110, 111, 112, 113, 114, 115, 116, 117, 118, 119, 120, 121, 122, 123, 124, 125, 126, 127, 128, 129, 130, 131, 132, 133, 134, 135, 136, 137, 138, 139, 140, 141, 142, 143, 144, 145, 146, 147, 148, 149, 150, 151, 152, 153, 154, 155, 156, 157, 158, 159, 160, 161, 162, 163, 164, 165, 166, 167, 168, 169, 170, 171, 172, 173, 174, 175, 176, 177, 178, 179, 180, 181, 182, 183, 184, 185, 186, 187, 188, 189, 190, 191, 192, 193, 194, 195, 196, 197, 198, 199, 200, 201, 202, 203, 204, 205, 206, 207, 208, 209, 210, 211, 212, 213, 214, 215, 216, 217, 218, 219, 220, 221, 222, 223, 224, 225, 226, 227, 228, 229, 230, 231, 232, 233, 234, 235, 236, 237, 238, 239, 240, 241, 242, 243, 244, 245, 246, 247, 248, 249, 250, 251, 252, 253, 254, 255, 256, 257, 258, 259, 260, 261, 262, 263, 264, 265, 266, 267, 268, 269, 270, 271, 272, 273, 274, 275, 276, 277, 278, 279, 280, 281, 282, 283, 284, 285, 286, 287, 288, 289, 290, 291, 292, 293, 294, 295, 296, 297, 298, 299, 300, 301, 302, 303, 304, 305, 306, 307, 308, 309, 310, 311, 312, 313, 314, 315, 316, 317, 318, 319, 320, 321, 322, 323, 324, 325, 326, 327, 328, 329, 330, 331, 332, 333, 334, 335, 336, 337, 348, 376, 394, 485, 491, 493, 495, 499, 503, 504, 506, 508, 515, 518, 519, 521, 524, 526, 528, 533, 537, 539, 542, 543, 547, 548, 549, 550, 551, 553, 554, 555, 556, 558, 559, 560, 563, 564, 566, 567, 570, 571, 572, 574, 575, 576, 577, 578, 579, 580, 581, 582, 583, 584, 585, 586, 587, 588, 589, 590, 591, 592, 593, 594, 595, 596, 597, 598, 599, 600, 601, 602, 603, 604, 605, 606, 607, 608, 609, 610, 611, 612, 613, 614, 615, 616, 617, 618, 619, 620, 621, 622, 623, 624, 625, 626, 627, 628, 629, 630, 631, 632, 633, 634, 635, 636, 637, 638, 639, 640, 641, 642, 643, 644, 645, 646, 647, 648, 649, 650, 651, 652, 653, 654, 655, 656, 657, 658, 659, 660, 661, 662, 663, 664, 665, 666, 667, 668, 669, 670, 671, 672, 673, 674, 675, 676, 677, 678, 679, 680, 681, 682, 683, 684, 685, 686, 687, 688, 689, 690, 691, 692, 693, 694, 695, 696, 697, 698, 699, 700, 701, 702, 703, 704, 705, 706, 707, 708, 709, 710, 711, 712, 713, 714, 715, 716, 717, 718, 719, 720, 721, 722, 723, 724, 725, 726, 727, 728, 729, 730, 731, 732, 733, 734, 735, 736, 737, 738, 739, 740, 741, 742, 743, 744, 745, 746, 747, 748, 749, 750, 751, 752, 753, 754, 755, 756, 757, 758, 759, 760, 761, 762, 763, 764, 765, 766, 767, 768, 769, 770, 771, 772, 773, 774, 775, 776, 777, 778, 779, 780, 781, 782, 783, 784, 785, 786, 787, 788, 789, 790, 791, 792, 793, 803, 826, 844]",True,"[124, 595]","[103, 104, 105, 106, 107, 108, 109, 110, 111, 112, 113, 114, 115, 116, 117, 118, 119, 120, 121, 122, 123, 124, 125, 126, 127, 128, 129, 130, 131, 132, 133, 134, 135, 136, 137, 138, 139, 140, 141, 142, 143, 144, 145, 146, 147, 148, 149, 150, 151, 152, 153, 154, 155, 156, 157, 158, 159, 160, 161, 162, 163, 164, 165, 166, 167, 168, 169, 170, 171, 172, 173, 174, 175, 176, 177, 178, 179, 180, 181, 182, 183, 184, 185, 186, 187, 188, 189, 190, 191, 192, 193, 194, 195, 196, 197, 198, 199, 200, 201, 202, 203, 204, 205, 206, 207, 208, 209, 210, 211, 212, 213, 214, 215, 216, 217, 218, 219, 220, 221, 222, 223, 224, 225, 226, 227, 228, 229, 230, 231, 232, 233, 234, 235, 236, 237, 238, 239, 240, 241, 242, 243, 244, 245, 246, 247, 248, 249, 250, 251, 252, 253, 254, 255, 256, 257, 258, 259, 260, 261, 262, 263, 264, 265, 266, 267, 268, 269, 270, 271, 272, 273, 274, 275, 276, 277, 278, 279, 280, 281, 282, 283, 284, 285, 286, 287, 288, 289, 290, 291, 292, 293, 294, 295, 296, 297, 298, 299, 300, 301, 302, 303, 304, 305, 306, 307, 308, 309, 310, 311, 312, 313, 314, 315, 316, 317, 318, 319, 320, 321, 322, 323, 324, 325, 326, 327, 328, 329, 330, 331, 332, 333, 334, 335, 336, 337, 574, 575, 576, 577, 578, 579, 580, 581, 582, 583, 584, 585, 586, 587, 588, 589, 590, 591, 592, 593, 594, 595, 596, 597, 598, 599, 600, 601, 602, 603, 604, 605, 606, 607, 608, 609, 610, 611, 612, 613, 614, 615, 616, 617, 618, 619, 620, 621, 622, 623, 624, 625, 626, 627, 628, 629, 630, 631, 632, 633, 634, 635, 636, 637, 638, 639, 640, 641, 642, 643, 644, 645, 646, 647, 648, 649, 650, 651, 652, 653, 654, 655, 656, 657, 658, 659, 660, 661, 662, 663, 664, 665, 666, 667, 668, 669, 670, 671, 672, 673, 674, 675, 676, 677, 678, 679, 680, 681, 682, 683, 684, 685, 686, 687, 688, 689, 690, 691, 692, 693, 694, 695, 696, 697, 698, 699, 700, 701, 702, 703, 704, 705, 706, 707, 708, 709, 710, 711, 712, 713, 714, 715, 716, 717, 718, 719, 720, 721, 722, 723, 724, 725, 726, 727, 728, 729, 730, 731, 732, 733, 734, 735, 736, 737, 738, 739, 740, 741, 742, 743, 744, 745, 746, 747, 748, 749, 750, 751, 752, 753, 754, 755, 756, 757, 758, 759, 760, 761, 762, 763, 764, 765, 766, 767, 768, 769, 770, 771, 772, 773, 774, 775, 776, 777, 778, 779, 780, 781, 782, 783, 784, 785, 786, 787, 788, 789, 790, 791, 792, 793]","[124, 595]","[124, 595]","[0, 5, 7, 10, 14, 19, 20, 22, 24, 32, 33, 34, 37, 38, 40, 44, 46, 48, 49, 51, 56, 61, 63, 65, 67, 68, 73, 74, 75, 76, 79, 81, 82, 83, 85, 87, 88, 92, 93, 95, 96, 99, 100, 101, 115, 116, 124, 134, 142, 161, 167, 169, 170, 186, 202, 240, 244, 254, 260, 267, 277, 300, 303, 307, 310, 322, 331, 376, 485, 491, 493, 495, 499, 503, 504, 506, 508, 515, 518, 519, 521, 524, 526, 528, 533, 537, 539, 542, 543, 547, 548, 549, 550, 551, 553, 554, 556, 558, 559, 563, 564, 566, 567, 570, 571, 572, 586, 587, 595, 605, 613, 633, 639, 640, 641, 657, 672, 704, 717, 726, 736, 759, 761, 765, 768, 780, 788, 792, 826]","[84, 87, 89, 114, 115, 117, 124, 132, 135, 144, 152, 178, 239, 268, 281, 297, 318, 320, 327, 348, 394, 555, 558, 560, 585, 586, 588, 595, 603, 606, 615, 623, 649, 703, 727, 740, 756, 776, 778, 785, 803, 844]",[],7/6 successful match,True,"[100, 101, 102]",True,270,False,,,,,
"Blythe , 92225 BB Travel Center ( 76 )",760-922-5109 I-10 Exit 232 ( Mesa Dr ),481 XL24,Blythe,92225,BB Travel Center ( 76 ),760-922-5109,2007,Blythe,CA,,( Mesa Dr ),I-10 Exit 232 ,Exit,232,False,,False,I-10,,,,,"[595, 124]","[124, 595]","[124, 595]","[124, 595]","[103, 104, 105, 106, 107, 108, 109, 110, 111, 112, 113, 114, 115, 116, 117, 118, 119, 120, 121, 122, 123, 124, 125, 126, 127, 128, 129, 130, 131, 132, 133, 134, 135, 136, 137, 138, 139, 140, 141, 142, 143, 144, 145, 146, 147, 148, 149, 150, 151, 152, 153, 154, 155, 156, 157, 158, 159, 160, 161, 162, 163, 164, 165, 166, 167, 168, 169, 170, 171, 172, 173, 174, 175, 176, 177, 178, 179, 180, 181, 182, 183, 184, 185, 186, 187, 188, 189, 190, 191, 192, 193, 194, 195, 196, 197, 198, 199, 200, 201, 202, 203, 204, 205, 206, 207, 208, 209, 210, 211, 212, 213, 214, 215, 216, 217, 218, 219, 220, 221, 222, 223, 224, 225, 226, 227, 228, 229, 230, 231, 232, 233, 234, 235, 236, 237, 238, 239, 240, 241, 242, 243, 244, 245, 246, 247, 248, 249, 250, 251, 252, 253, 254, 255, 256, 257, 258, 259, 260, 261, 262, 263, 264, 265, 266, 267, 268, 269, 270, 271, 272, 273, 274, 275, 276, 277, 278, 279, 280, 281, 282, 283, 284, 285, 286, 287, 288, 289, 290, 291, 292, 293, 294, 295, 296, 297, 298, 299, 300, 301, 302, 303, 304, 305, 306, 307, 308, 309, 310, 311, 312, 313, 314, 315, 316, 317, 318, 319, 320, 321, 322, 323, 324, 325, 326, 327, 328, 329, 330, 331, 332, 333, 334, 335, 336, 337, 574, 575, 576, 577, 578, 579, 580, 581, 582, 583, 584, 585, 586, 587, 588, 589, 590, 591, 592, 593, 594, 595, 596, 597, 598, 599, 600, 601, 602, 603, 604, 605, 606, 607, 608, 609, 610, 611, 612, 613, 614, 615, 616, 617, 618, 619, 620, 621, 622, 623, 624, 625, 626, 627, 628, 629, 630, 631, 632, 633, 634, 635, 636, 637, 638, 639, 640, 641, 642, 643, 644, 645, 646, 647, 648, 649, 650, 651, 652, 653, 654, 655, 656, 657, 658, 659, 660, 661, 662, 663, 664, 665, 666, 667, 668, 669, 670, 671, 672, 673, 674, 675, 676, 677, 678, 679, 680, 681, 682, 683, 684, 685, 686, 687, 688, 689, 690, 691, 692, 693, 694, 695, 696, 697, 698, 699, 700, 701, 702, 703, 704, 705, 706, 707, 708, 709, 710, 711, 712, 713, 714, 715, 716, 717, 718, 719, 720, 721, 722, 723, 724, 725, 726, 727, 728, 729, 730, 731, 732, 733, 734, 735, 736, 737, 738, 739, 740, 741, 742, 743, 744, 745, 746, 747, 748, 749, 750, 751, 752, 753, 754, 755, 756, 757, 758, 759, 760, 761, 762, 763, 764, 765, 766, 767, 768, 769, 770, 771, 772, 773, 774, 775, 776, 777, 778, 779, 780, 781, 782, 783, 784, 785, 786, 787, 788, 789, 790, 791, 792, 793]","[0, 5, 7, 10, 14, 19, 20, 22, 24, 32, 33, 34, 37, 38, 40, 44, 46, 48, 49, 51, 56, 61, 63, 65, 67, 68, 73, 74, 75, 76, 79, 81, 82, 83, 85, 87, 88, 92, 93, 95, 96, 99, 100, 101, 115, 116, 124, 134, 142, 161, 167, 169, 170, 186, 202, 240, 244, 254, 260, 267, 277, 300, 303, 307, 310, 322, 331, 376, 485, 491, 493, 495, 499, 503, 504, 506, 508, 515, 518, 519, 521, 524, 526, 528, 533, 537, 539, 542, 543, 547, 548, 549, 550, 551, 553, 554, 556, 558, 559, 563, 564, 566, 567, 570, 571, 572, 586, 587, 595, 605, 613, 633, 639, 640, 641, 657, 672, 704, 717, 726, 736, 759, 761, 765, 768, 780, 788, 792, 826]",[],"[84, 87, 89, 114, 115, 117, 124, 132, 135, 144, 152, 178, 239, 268, 281, 297, 318, 320, 327, 348, 394, 555, 558, 560, 585, 586, 588, 595, 603, 606, 615, 623, 649, 703, 727, 740, 756, 776, 778, 785, 803, 844]","[0, 5, 7, 10, 14, 19, 20, 22, 24, 32, 33, 34, 37, 38, 40, 44, 46, 48, 49, 51, 56, 61, 63, 65, 67, 68, 73, 74, 75, 76, 79, 81, 82, 83, 84, 85, 87, 88, 89, 92, 93, 95, 96, 99, 100, 101, 103, 104, 105, 106, 107, 108, 109, 110, 111, 112, 113, 114, 115, 116, 117, 118, 119, 120, 121, 122, 123, 124, 125, 126, 127, 128, 129, 130, 131, 132, 133, 134, 135, 136, 137, 138, 139, 140, 141, 142, 143, 144, 145, 146, 147, 148, 149, 150, 151, 152, 153, 154, 155, 156, 157, 158, 159, 160, 161, 162, 163, 164, 165, 166, 167, 168, 169, 170, 171, 172, 173, 174, 175, 176, 177, 178, 179, 180, 181, 182, 183, 184, 185, 186, 187, 188, 189, 190, 191, 192, 193, 194, 195, 196, 197, 198, 199, 200, 201, 202, 203, 204, 205, 206, 207, 208, 209, 210, 211, 212, 213, 214, 215, 216, 217, 218, 219, 220, 221, 222, 223, 224, 225, 226, 227, 228, 229, 230, 231, 232, 233, 234, 235, 236, 237, 238, 239, 240, 241, 242, 243, 244, 245, 246, 247, 248, 249, 250, 251, 252, 253, 254, 255, 256, 257, 258, 259, 260, 261, 262, 263, 264, 265, 266, 267, 268, 269, 270, 271, 272, 273, 274, 275, 276, 277, 278, 279, 280, 281, 282, 283, 284, 285, 286, 287, 288, 289, 290, 291, 292, 293, 294, 295, 296, 297, 298, 299, 300, 301, 302, 303, 304, 305, 306, 307, 308, 309, 310, 311, 312, 313, 314, 315, 316, 317, 318, 319, 320, 321, 322, 323, 324, 325, 326, 327, 328, 329, 330, 331, 332, 333, 334, 335, 336, 337, 348, 376, 394, 485, 491, 493, 495, 499, 503, 504, 506, 508, 515, 518, 519, 521, 524, 526, 528, 533, 537, 539, 542, 543, 547, 548, 549, 550, 551, 553, 554, 555, 556, 558, 559, 560, 563, 564, 566, 567, 570, 571, 572, 574, 575, 576, 577, 578, 579, 580, 581, 582, 583, 584, 585, 586, 587, 588, 589, 590, 591, 592, 593, 594, 595, 596, 597, 598, 599, 600, 601, 602, 603, 604, 605, 606, 607, 608, 609, 610, 611, 612, 613, 614, 615, 616, 617, 618, 619, 620, 621, 622, 623, 624, 625, 626, 627, 628, 629, 630, 631, 632, 633, 634, 635, 636, 637, 638, 639, 640, 641, 642, 643, 644, 645, 646, 647, 648, 649, 650, 651, 652, 653, 654, 655, 656, 657, 658, 659, 660, 661, 662, 663, 664, 665, 666, 667, 668, 669, 670, 671, 672, 673, 674, 675, 676, 677, 678, 679, 680, 681, 682, 683, 684, 685, 686, 687, 688, 689, 690, 691, 692, 693, 694, 695, 696, 697, 698, 699, 700, 701, 702, 703, 704, 705, 706, 707, 708, 709, 710, 711, 712, 713, 714, 715, 716, 717, 718, 719, 720, 721, 722, 723, 724, 725, 726, 727, 728, 729, 730, 731, 732, 733, 734, 735, 736, 737, 738, 739, 740, 741, 742, 743, 744, 745, 746, 747, 748, 749, 750, 751, 752, 753, 754, 755, 756, 757, 758, 759, 760, 761, 762, 763, 764, 765, 766, 767, 768, 769, 770, 771, 772, 773, 774, 775, 776, 777, 778, 779, 780, 781, 782, 783, 784, 785, 786, 787, 788, 789, 790, 791, 792, 793, 803, 826, 844]",True,"[124, 595]","[103, 104, 105, 106, 107, 108, 109, 110, 111, 112, 113, 114, 115, 116, 117, 118, 119, 120, 121, 122, 123, 124, 125, 126, 127, 128, 129, 130, 131, 132, 133, 134, 135, 136, 137, 138, 139, 140, 141, 142, 143, 144, 145, 146, 147, 148, 149, 150, 151, 152, 153, 154, 155, 156, 157, 158, 159, 160, 161, 162, 163, 164, 165, 166, 167, 168, 169, 170, 171, 172, 173, 174, 175, 176, 177, 178, 179, 180, 181, 182, 183, 184, 185, 186, 187, 188, 189, 190, 191, 192, 193, 194, 195, 196, 197, 198, 199, 200, 201, 202, 203, 204, 205, 206, 207, 208, 209, 210, 211, 212, 213, 214, 215, 216, 217, 218, 219, 220, 221, 222, 223, 224, 225, 226, 227, 228, 229, 230, 231, 232, 233, 234, 235, 236, 237, 238, 239, 240, 241, 242, 243, 244, 245, 246, 247, 248, 249, 250, 251, 252, 253, 254, 255, 256, 257, 258, 259, 260, 261, 262, 263, 264, 265, 266, 267, 268, 269, 270, 271, 272, 273, 274, 275, 276, 277, 278, 279, 280, 281, 282, 283, 284, 285, 286, 287, 288, 289, 290, 291, 292, 293, 294, 295, 296, 297, 298, 299, 300, 301, 302, 303, 304, 305, 306, 307, 308, 309, 310, 311, 312, 313, 314, 315, 316, 317, 318, 319, 320, 321, 322, 323, 324, 325, 326, 327, 328, 329, 330, 331, 332, 333, 334, 335, 336, 337, 574, 575, 576, 577, 578, 579, 580, 581, 582, 583, 584, 585, 586, 587, 588, 589, 590, 591, 592, 593, 594, 595, 596, 597, 598, 599, 600, 601, 602, 603, 604, 605, 606, 607, 608, 609, 610, 611, 612, 613, 614, 615, 616, 617, 618, 619, 620, 621, 622, 623, 624, 625, 626, 627, 628, 629, 630, 631, 632, 633, 634, 635, 636, 637, 638, 639, 640, 641, 642, 643, 644, 645, 646, 647, 648, 649, 650, 651, 652, 653, 654, 655, 656, 657, 658, 659, 660, 661, 662, 663, 664, 665, 666, 667, 668, 669, 670, 671, 672, 673, 674, 675, 676, 677, 678, 679, 680, 681, 682, 683, 684, 685, 686, 687, 688, 689, 690, 691, 692, 693, 694, 695, 696, 697, 698, 699, 700, 701, 702, 703, 704, 705, 706, 707, 708, 709, 710, 711, 712, 713, 714, 715, 716, 717, 718, 719, 720, 721, 722, 723, 724, 725, 726, 727, 728, 729, 730, 731, 732, 733, 734, 735, 736, 737, 738, 739, 740, 741, 742, 743, 744, 745, 746, 747, 748, 749, 750, 751, 752, 753, 754, 755, 756, 757, 758, 759, 760, 761, 762, 763, 764, 765, 766, 767, 768, 769, 770, 771, 772, 773, 774, 775, 776, 777, 778, 779, 780, 781, 782, 783, 784, 785, 786, 787, 788, 789, 790, 791, 792, 793]","[124, 595]","[124, 595]","[0, 5, 7, 10, 14, 19, 20, 22, 24, 32, 33, 34, 37, 38, 40, 44, 46, 48, 49, 51, 56, 61, 63, 65, 67, 68, 73, 74, 75, 76, 79, 81, 82, 83, 85, 87, 88, 92, 93, 95, 96, 99, 100, 101, 115, 116, 124, 134, 142, 161, 167, 169, 170, 186, 202, 240, 244, 254, 260, 267, 277, 300, 303, 307, 310, 322, 331, 376, 485, 491, 493, 495, 499, 503, 504, 506, 508, 515, 518, 519, 521, 524, 526, 528, 533, 537, 539, 542, 543, 547, 548, 549, 550, 551, 553, 554, 556, 558, 559, 563, 564, 566, 567, 570, 571, 572, 586, 587, 595, 605, 613, 633, 639, 640, 641, 657, 672, 704, 717, 726, 736, 759, 761, 765, 768, 780, 788, 792, 826]","[84, 87, 89, 114, 115, 117, 124, 132, 135, 144, 152, 178, 239, 268, 281, 297, 318, 320, 327, 348, 394, 555, 558, 560, 585, 586, 588, 595, 603, 606, 615, 623, 649, 703, 727, 740, 756, 776, 778, 785, 803, 844]",[],7/6 successful match,True,"[100, 101, 102]",True,270,False,,1.0,True,BB Travel Center ( 76 ),
"Blythe , 92225 BB Travel Center ( 76 )",760-922-5109 I-10 Exit 232 ( Mesa Dr ),HORS 24 XL <U+2610><U+2610><U+2610>,Blythe,92225,BB Travel Center ( 76 ),760-922-5109,2008,Blythe,CA,,( Mesa Dr ),I-10 Exit 232 ,Exit,232,False,,False,I-10,,,,,"[595, 124]","[124, 595]","[124, 595]","[124, 595]","[103, 104, 105, 106, 107, 108, 109, 110, 111, 112, 113, 114, 115, 116, 117, 118, 119, 120, 121, 122, 123, 124, 125, 126, 127, 128, 129, 130, 131, 132, 133, 134, 135, 136, 137, 138, 139, 140, 141, 142, 143, 144, 145, 146, 147, 148, 149, 150, 151, 152, 153, 154, 155, 156, 157, 158, 159, 160, 161, 162, 163, 164, 165, 166, 167, 168, 169, 170, 171, 172, 173, 174, 175, 176, 177, 178, 179, 180, 181, 182, 183, 184, 185, 186, 187, 188, 189, 190, 191, 192, 193, 194, 195, 196, 197, 198, 199, 200, 201, 202, 203, 204, 205, 206, 207, 208, 209, 210, 211, 212, 213, 214, 215, 216, 217, 218, 219, 220, 221, 222, 223, 224, 225, 226, 227, 228, 229, 230, 231, 232, 233, 234, 235, 236, 237, 238, 239, 240, 241, 242, 243, 244, 245, 246, 247, 248, 249, 250, 251, 252, 253, 254, 255, 256, 257, 258, 259, 260, 261, 262, 263, 264, 265, 266, 267, 268, 269, 270, 271, 272, 273, 274, 275, 276, 277, 278, 279, 280, 281, 282, 283, 284, 285, 286, 287, 288, 289, 290, 291, 292, 293, 294, 295, 296, 297, 298, 299, 300, 301, 302, 303, 304, 305, 306, 307, 308, 309, 310, 311, 312, 313, 314, 315, 316, 317, 318, 319, 320, 321, 322, 323, 324, 325, 326, 327, 328, 329, 330, 331, 332, 333, 334, 335, 336, 337, 574, 575, 576, 577, 578, 579, 580, 581, 582, 583, 584, 585, 586, 587, 588, 589, 590, 591, 592, 593, 594, 595, 596, 597, 598, 599, 600, 601, 602, 603, 604, 605, 606, 607, 608, 609, 610, 611, 612, 613, 614, 615, 616, 617, 618, 619, 620, 621, 622, 623, 624, 625, 626, 627, 628, 629, 630, 631, 632, 633, 634, 635, 636, 637, 638, 639, 640, 641, 642, 643, 644, 645, 646, 647, 648, 649, 650, 651, 652, 653, 654, 655, 656, 657, 658, 659, 660, 661, 662, 663, 664, 665, 666, 667, 668, 669, 670, 671, 672, 673, 674, 675, 676, 677, 678, 679, 680, 681, 682, 683, 684, 685, 686, 687, 688, 689, 690, 691, 692, 693, 694, 695, 696, 697, 698, 699, 700, 701, 702, 703, 704, 705, 706, 707, 708, 709, 710, 711, 712, 713, 714, 715, 716, 717, 718, 719, 720, 721, 722, 723, 724, 725, 726, 727, 728, 729, 730, 731, 732, 733, 734, 735, 736, 737, 738, 739, 740, 741, 742, 743, 744, 745, 746, 747, 748, 749, 750, 751, 752, 753, 754, 755, 756, 757, 758, 759, 760, 761, 762, 763, 764, 765, 766, 767, 768, 769, 770, 771, 772, 773, 774, 775, 776, 777, 778, 779, 780, 781, 782, 783, 784, 785, 786, 787, 788, 789, 790, 791, 792, 793]","[0, 5, 7, 10, 14, 19, 20, 22, 24, 32, 33, 34, 37, 38, 40, 44, 46, 48, 49, 51, 56, 61, 63, 65, 67, 68, 73, 74, 75, 76, 79, 81, 82, 83, 85, 87, 88, 92, 93, 95, 96, 99, 100, 101, 115, 116, 124, 134, 142, 161, 167, 169, 170, 186, 202, 240, 244, 254, 260, 267, 277, 300, 303, 307, 310, 322, 331, 376, 485, 491, 493, 495, 499, 503, 504, 506, 508, 515, 518, 519, 521, 524, 526, 528, 533, 537, 539, 542, 543, 547, 548, 549, 550, 551, 553, 554, 556, 558, 559, 563, 564, 566, 567, 570, 571, 572, 586, 587, 595, 605, 613, 633, 639, 640, 641, 657, 672, 704, 717, 726, 736, 759, 761, 765, 768, 780, 788, 792, 826]",[],"[84, 87, 89, 114, 115, 117, 124, 132, 135, 144, 152, 178, 239, 268, 281, 297, 318, 320, 327, 348, 394, 555, 558, 560, 585, 586, 588, 595, 603, 606, 615, 623, 649, 703, 727, 740, 756, 776, 778, 785, 803, 844]","[0, 5, 7, 10, 14, 19, 20, 22, 24, 32, 33, 34, 37, 38, 40, 44, 46, 48, 49, 51, 56, 61, 63, 65, 67, 68, 73, 74, 75, 76, 79, 81, 82, 83, 84, 85, 87, 88, 89, 92, 93, 95, 96, 99, 100, 101, 103, 104, 105, 106, 107, 108, 109, 110, 111, 112, 113, 114, 115, 116, 117, 118, 119, 120, 121, 122, 123, 124, 125, 126, 127, 128, 129, 130, 131, 132, 133, 134, 135, 136, 137, 138, 139, 140, 141, 142, 143, 144, 145, 146, 147, 148, 149, 150, 151, 152, 153, 154, 155, 156, 157, 158, 159, 160, 161, 162, 163, 164, 165, 166, 167, 168, 169, 170, 171, 172, 173, 174, 175, 176, 177, 178, 179, 180, 181, 182, 183, 184, 185, 186, 187, 188, 189, 190, 191, 192, 193, 194, 195, 196, 197, 198, 199, 200, 201, 202, 203, 204, 205, 206, 207, 208, 209, 210, 211, 212, 213, 214, 215, 216, 217, 218, 219, 220, 221, 222, 223, 224, 225, 226, 227, 228, 229, 230, 231, 232, 233, 234, 235, 236, 237, 238, 239, 240, 241, 242, 243, 244, 245, 246, 247, 248, 249, 250, 251, 252, 253, 254, 255, 256, 257, 258, 259, 260, 261, 262, 263, 264, 265, 266, 267, 268, 269, 270, 271, 272, 273, 274, 275, 276, 277, 278, 279, 280, 281, 282, 283, 284, 285, 286, 287, 288, 289, 290, 291, 292, 293, 294, 295, 296, 297, 298, 299, 300, 301, 302, 303, 304, 305, 306, 307, 308, 309, 310, 311, 312, 313, 314, 315, 316, 317, 318, 319, 320, 321, 322, 323, 324, 325, 326, 327, 328, 329, 330, 331, 332, 333, 334, 335, 336, 337, 348, 376, 394, 485, 491, 493, 495, 499, 503, 504, 506, 508, 515, 518, 519, 521, 524, 526, 528, 533, 537, 539, 542, 543, 547, 548, 549, 550, 551, 553, 554, 555, 556, 558, 559, 560, 563, 564, 566, 567, 570, 571, 572, 574, 575, 576, 577, 578, 579, 580, 581, 582, 583, 584, 585, 586, 587, 588, 589, 590, 591, 592, 593, 594, 595, 596, 597, 598, 599, 600, 601, 602, 603, 604, 605, 606, 607, 608, 609, 610, 611, 612, 613, 614, 615, 616, 617, 618, 619, 620, 621, 622, 623, 624, 625, 626, 627, 628, 629, 630, 631, 632, 633, 634, 635, 636, 637, 638, 639, 640, 641, 642, 643, 644, 645, 646, 647, 648, 649, 650, 651, 652, 653, 654, 655, 656, 657, 658, 659, 660, 661, 662, 663, 664, 665, 666, 667, 668, 669, 670, 671, 672, 673, 674, 675, 676, 677, 678, 679, 680, 681, 682, 683, 684, 685, 686, 687, 688, 689, 690, 691, 692, 693, 694, 695, 696, 697, 698, 699, 700, 701, 702, 703, 704, 705, 706, 707, 708, 709, 710, 711, 712, 713, 714, 715, 716, 717, 718, 719, 720, 721, 722, 723, 724, 725, 726, 727, 728, 729, 730, 731, 732, 733, 734, 735, 736, 737, 738, 739, 740, 741, 742, 743, 744, 745, 746, 747, 748, 749, 750, 751, 752, 753, 754, 755, 756, 757, 758, 759, 760, 761, 762, 763, 764, 765, 766, 767, 768, 769, 770, 771, 772, 773, 774, 775, 776, 777, 778, 779, 780, 781, 782, 783, 784, 785, 786, 787, 788, 789, 790, 791, 792, 793, 803, 826, 844]",True,"[124, 595]","[103, 104, 105, 106, 107, 108, 109, 110, 111, 112, 113, 114, 115, 116, 117, 118, 119, 120, 121, 122, 123, 124, 125, 126, 127, 128, 129, 130, 131, 132, 133, 134, 135, 136, 137, 138, 139, 140, 141, 142, 143, 144, 145, 146, 147, 148, 149, 150, 151, 152, 153, 154, 155, 156, 157, 158, 159, 160, 161, 162, 163, 164, 165, 166, 167, 168, 169, 170, 171, 172, 173, 174, 175, 176, 177, 178, 179, 180, 181, 182, 183, 184, 185, 186, 187, 188, 189, 190, 191, 192, 193, 194, 195, 196, 197, 198, 199, 200, 201, 202, 203, 204, 205, 206, 207, 208, 209, 210, 211, 212, 213, 214, 215, 216, 217, 218, 219, 220, 221, 222, 223, 224, 225, 226, 227, 228, 229, 230, 231, 232, 233, 234, 235, 236, 237, 238, 239, 240, 241, 242, 243, 244, 245, 246, 247, 248, 249, 250, 251, 252, 253, 254, 255, 256, 257, 258, 259, 260, 261, 262, 263, 264, 265, 266, 267, 268, 269, 270, 271, 272, 273, 274, 275, 276, 277, 278, 279, 280, 281, 282, 283, 284, 285, 286, 287, 288, 289, 290, 291, 292, 293, 294, 295, 296, 297, 298, 299, 300, 301, 302, 303, 304, 305, 306, 307, 308, 309, 310, 311, 312, 313, 314, 315, 316, 317, 318, 319, 320, 321, 322, 323, 324, 325, 326, 327, 328, 329, 330, 331, 332, 333, 334, 335, 336, 337, 574, 575, 576, 577, 578, 579, 580, 581, 582, 583, 584, 585, 586, 587, 588, 589, 590, 591, 592, 593, 594, 595, 596, 597, 598, 599, 600, 601, 602, 603, 604, 605, 606, 607, 608, 609, 610, 611, 612, 613, 614, 615, 616, 617, 618, 619, 620, 621, 622, 623, 624, 625, 626, 627, 628, 629, 630, 631, 632, 633, 634, 635, 636, 637, 638, 639, 640, 641, 642, 643, 644, 645, 646, 647, 648, 649, 650, 651, 652, 653, 654, 655, 656, 657, 658, 659, 660, 661, 662, 663, 664, 665, 666, 667, 668, 669, 670, 671, 672, 673, 674, 675, 676, 677, 678, 679, 680, 681, 682, 683, 684, 685, 686, 687, 688, 689, 690, 691, 692, 693, 694, 695, 696, 697, 698, 699, 700, 701, 702, 703, 704, 705, 706, 707, 708, 709, 710, 711, 712, 713, 714, 715, 716, 717, 718, 719, 720, 721, 722, 723, 724, 725, 726, 727, 728, 729, 730, 731, 732, 733, 734, 735, 736, 737, 738, 739, 740, 741, 742, 743, 744, 745, 746, 747, 748, 749, 750, 751, 752, 753, 754, 755, 756, 757, 758, 759, 760, 761, 762, 763, 764, 765, 766, 767, 768, 769, 770, 771, 772, 773, 774, 775, 776, 777, 778, 779, 780, 781, 782, 783, 784, 785, 786, 787, 788, 789, 790, 791, 792, 793]","[124, 595]","[124, 595]","[0, 5, 7, 10, 14, 19, 20, 22, 24, 32, 33, 34, 37, 38, 40, 44, 46, 48, 49, 51, 56, 61, 63, 65, 67, 68, 73, 74, 75, 76, 79, 81, 82, 83, 85, 87, 88, 92, 93, 95, 96, 99, 100, 101, 115, 116, 124, 134, 142, 161, 167, 169, 170, 186, 202, 240, 244, 254, 260, 267, 277, 300, 303, 307, 310, 322, 331, 376, 485, 491, 493, 495, 499, 503, 504, 506, 508, 515, 518, 519, 521, 524, 526, 528, 533, 537, 539, 542, 543, 547, 548, 549, 550, 551, 553, 554, 556, 558, 559, 563, 564, 566, 567, 570, 571, 572, 586, 587, 595, 605, 613, 633, 639, 640, 641, 657, 672, 704, 717, 726, 736, 759, 761, 765, 768, 780, 788, 792, 826]","[84, 87, 89, 114, 115, 117, 124, 132, 135, 144, 152, 178, 239, 268, 281, 297, 318, 320, 327, 348, 394, 555, 558, 560, 585, 586, 588, 595, 603, 606, 615, 623, 649, 703, 727, 740, 756, 776, 778, 785, 803, 844]",[],7/6 successful match,True,"[100, 101, 102]",True,270,False,,1.0,True,BB Travel Center ( 76 ),
Blythe ( 92225 ) BB Travel Center ( 76 ),760-922-5109 I-10 Exit 232 ( Mesa Dr ),24 XL,Blythe,92225,BB Travel Center ( 76 ),760-922-5109,2014,Blythe,CA,,( Mesa Dr ),I-10 Exit 232 ,Exit,232,False,,False,I-10,,,,,"[595, 124]","[124, 595]","[124, 595]","[124, 595]","[103, 104, 105, 106, 107, 108, 109, 110, 111, 112, 113, 114, 115, 116, 117, 118, 119, 120, 121, 122, 123, 124, 125, 126, 127, 128, 129, 130, 131, 132, 133, 134, 135, 136, 137, 138, 139, 140, 141, 142, 143, 144, 145, 146, 147, 148, 149, 150, 151, 152, 153, 154, 155, 156, 157, 158, 159, 160, 161, 162, 163, 164, 165, 166, 167, 168, 169, 170, 171, 172, 173, 174, 175, 176, 177, 178, 179, 180, 181, 182, 183, 184, 185, 186, 187, 188, 189, 190, 191, 192, 193, 194, 195, 196, 197, 198, 199, 200, 201, 202, 203, 204, 205, 206, 207, 208, 209, 210, 211, 212, 213, 214, 215, 216, 217, 218, 219, 220, 221, 222, 223, 224, 225, 226, 227, 228, 229, 230, 231, 232, 233, 234, 235, 236, 237, 238, 239, 240, 241, 242, 243, 244, 245, 246, 247, 248, 249, 250, 251, 252, 253, 254, 255, 256, 257, 258, 259, 260, 261, 262, 263, 264, 265, 266, 267, 268, 269, 270, 271, 272, 273, 274, 275, 276, 277, 278, 279, 280, 281, 282, 283, 284, 285, 286, 287, 288, 289, 290, 291, 292, 293, 294, 295, 296, 297, 298, 299, 300, 301, 302, 303, 304, 305, 306, 307, 308, 309, 310, 311, 312, 313, 314, 315, 316, 317, 318, 319, 320, 321, 322, 323, 324, 325, 326, 327, 328, 329, 330, 331, 332, 333, 334, 335, 336, 337, 574, 575, 576, 577, 578, 579, 580, 581, 582, 583, 584, 585, 586, 587, 588, 589, 590, 591, 592, 593, 594, 595, 596, 597, 598, 599, 600, 601, 602, 603, 604, 605, 606, 607, 608, 609, 610, 611, 612, 613, 614, 615, 616, 617, 618, 619, 620, 621, 622, 623, 624, 625, 626, 627, 628, 629, 630, 631, 632, 633, 634, 635, 636, 637, 638, 639, 640, 641, 642, 643, 644, 645, 646, 647, 648, 649, 650, 651, 652, 653, 654, 655, 656, 657, 658, 659, 660, 661, 662, 663, 664, 665, 666, 667, 668, 669, 670, 671, 672, 673, 674, 675, 676, 677, 678, 679, 680, 681, 682, 683, 684, 685, 686, 687, 688, 689, 690, 691, 692, 693, 694, 695, 696, 697, 698, 699, 700, 701, 702, 703, 704, 705, 706, 707, 708, 709, 710, 711, 712, 713, 714, 715, 716, 717, 718, 719, 720, 721, 722, 723, 724, 725, 726, 727, 728, 729, 730, 731, 732, 733, 734, 735, 736, 737, 738, 739, 740, 741, 742, 743, 744, 745, 746, 747, 748, 749, 750, 751, 752, 753, 754, 755, 756, 757, 758, 759, 760, 761, 762, 763, 764, 765, 766, 767, 768, 769, 770, 771, 772, 773, 774, 775, 776, 777, 778, 779, 780, 781, 782, 783, 784, 785, 786, 787, 788, 789, 790, 791, 792, 793]","[0, 5, 7, 10, 14, 19, 20, 22, 24, 32, 33, 34, 37, 38, 40, 44, 46, 48, 49, 51, 56, 61, 63, 65, 67, 68, 73, 74, 75, 76, 79, 81, 82, 83, 85, 87, 88, 92, 93, 95, 96, 99, 100, 101, 115, 116, 124, 134, 142, 161, 167, 169, 170, 186, 202, 240, 244, 254, 260, 267, 277, 300, 303, 307, 310, 322, 331, 376, 485, 491, 493, 495, 499, 503, 504, 506, 508, 515, 518, 519, 521, 524, 526, 528, 533, 537, 539, 542, 543, 547, 548, 549, 550, 551, 553, 554, 556, 558, 559, 563, 564, 566, 567, 570, 571, 572, 586, 587, 595, 605, 613, 633, 639, 640, 641, 657, 672, 704, 717, 726, 736, 759, 761, 765, 768, 780, 788, 792, 826]",[],"[84, 87, 89, 114, 115, 117, 124, 132, 135, 144, 152, 178, 239, 268, 281, 297, 318, 320, 327, 348, 394, 555, 558, 560, 585, 586, 588, 595, 603, 606, 615, 623, 649, 703, 727, 740, 756, 776, 778, 785, 803, 844]","[0, 5, 7, 10, 14, 19, 20, 22, 24, 32, 33, 34, 37, 38, 40, 44, 46, 48, 49, 51, 56, 61, 63, 65, 67, 68, 73, 74, 75, 76, 79, 81, 82, 83, 84, 85, 87, 88, 89, 92, 93, 95, 96, 99, 100, 101, 103, 104, 105, 106, 107, 108, 109, 110, 111, 112, 113, 114, 115, 116, 117, 118, 119, 120, 121, 122, 123, 124, 125, 126, 127, 128, 129, 130, 131, 132, 133, 134, 135, 136, 137, 138, 139, 140, 141, 142, 143, 144, 145, 146, 147, 148, 149, 150, 151, 152, 153, 154, 155, 156, 157, 158, 159, 160, 161, 162, 163, 164, 165, 166, 167, 168, 169, 170, 171, 172, 173, 174, 175, 176, 177, 178, 179, 180, 181, 182, 183, 184, 185, 186, 187, 188, 189, 190, 191, 192, 193, 194, 195, 196, 197, 198, 199, 200, 201, 202, 203, 204, 205, 206, 207, 208, 209, 210, 211, 212, 213, 214, 215, 216, 217, 218, 219, 220, 221, 222, 223, 224, 225, 226, 227, 228, 229, 230, 231, 232, 233, 234, 235, 236, 237, 238, 239, 240, 241, 242, 243, 244, 245, 246, 247, 248, 249, 250, 251, 252, 253, 254, 255, 256, 257, 258, 259, 260, 261, 262, 263, 264, 265, 266, 267, 268, 269, 270, 271, 272, 273, 274, 275, 276, 277, 278, 279, 280, 281, 282, 283, 284, 285, 286, 287, 288, 289, 290, 291, 292, 293, 294, 295, 296, 297, 298, 299, 300, 301, 302, 303, 304, 305, 306, 307, 308, 309, 310, 311, 312, 313, 314, 315, 316, 317, 318, 319, 320, 321, 322, 323, 324, 325, 326, 327, 328, 329, 330, 331, 332, 333, 334, 335, 336, 337, 348, 376, 394, 485, 491, 493, 495, 499, 503, 504, 506, 508, 515, 518, 519, 521, 524, 526, 528, 533, 537, 539, 542, 543, 547, 548, 549, 550, 551, 553, 554, 555, 556, 558, 559, 560, 563, 564, 566, 567, 570, 571, 572, 574, 575, 576, 577, 578, 579, 580, 581, 582, 583, 584, 585, 586, 587, 588, 589, 590, 591, 592, 593, 594, 595, 596, 597, 598, 599, 600, 601, 602, 603, 604, 605, 606, 607, 608, 609, 610, 611, 612, 613, 614, 615, 616, 617, 618, 619, 620, 621, 622, 623, 624, 625, 626, 627, 628, 629, 630, 631, 632, 633, 634, 635, 636, 637, 638, 639, 640, 641, 642, 643, 644, 645, 646, 647, 648, 649, 650, 651, 652, 653, 654, 655, 656, 657, 658, 659, 660, 661, 662, 663, 664, 665, 666, 667, 668, 669, 670, 671, 672, 673, 674, 675, 676, 677, 678, 679, 680, 681, 682, 683, 684, 685, 686, 687, 688, 689, 690, 691, 692, 693, 694, 695, 696, 697, 698, 699, 700, 701, 702, 703, 704, 705, 706, 707, 708, 709, 710, 711, 712, 713, 714, 715, 716, 717, 718, 719, 720, 721, 722, 723, 724, 725, 726, 727, 728, 729, 730, 731, 732, 733, 734, 735, 736, 737, 738, 739, 740, 741, 742, 743, 744, 745, 746, 747, 748, 749, 750, 751, 752, 753, 754, 755, 756, 757, 758, 759, 760, 761, 762, 763, 764, 765, 766, 767, 768, 769, 770, 771, 772, 773, 774, 775, 776, 777, 778, 779, 780, 781, 782, 783, 784, 785, 786, 787, 788, 789, 790, 791, 792, 793, 803, 826, 844]",True,"[124, 595]","[103, 104, 105, 106, 107, 108, 109, 110, 111, 112, 113, 114, 115, 116, 117, 118, 119, 120, 121, 122, 123, 124, 125, 126, 127, 128, 129, 130, 131, 132, 133, 134, 135, 136, 137, 138, 139, 140, 141, 142, 143, 144, 145, 146, 147, 148, 149, 150, 151, 152, 153, 154, 155, 156, 157, 158, 159, 160, 161, 162, 163, 164, 165, 166, 167, 168, 169, 170, 171, 172, 173, 174, 175, 176, 177, 178, 179, 180, 181, 182, 183, 184, 185, 186, 187, 188, 189, 190, 191, 192, 193, 194, 195, 196, 197, 198, 199, 200, 201, 202, 203, 204, 205, 206, 207, 208, 209, 210, 211, 212, 213, 214, 215, 216, 217, 218, 219, 220, 221, 222, 223, 224, 225, 226, 227, 228, 229, 230, 231, 232, 233, 234, 235, 236, 237, 238, 239, 240, 241, 242, 243, 244, 245, 246, 247, 248, 249, 250, 251, 252, 253, 254, 255, 256, 257, 258, 259, 260, 261, 262, 263, 264, 265, 266, 267, 268, 269, 270, 271, 272, 273, 274, 275, 276, 277, 278, 279, 280, 281, 282, 283, 284, 285, 286, 287, 288, 289, 290, 291, 292, 293, 294, 295, 296, 297, 298, 299, 300, 301, 302, 303, 304, 305, 306, 307, 308, 309, 310, 311, 312, 313, 314, 315, 316, 317, 318, 319, 320, 321, 322, 323, 324, 325, 326, 327, 328, 329, 330, 331, 332, 333, 334, 335, 336, 337, 574, 575, 576, 577, 578, 579, 580, 581, 582, 583, 584, 585, 586, 587, 588, 589, 590, 591, 592, 593, 594, 595, 596, 597, 598, 599, 600, 601, 602, 603, 604, 605, 606, 607, 608, 609, 610, 611, 612, 613, 614, 615, 616, 617, 618, 619, 620, 621, 622, 623, 624, 625, 626, 627, 628, 629, 630, 631, 632, 633, 634, 635, 636, 637, 638, 639, 640, 641, 642, 643, 644, 645, 646, 647, 648, 649, 650, 651, 652, 653, 654, 655, 656, 657, 658, 659, 660, 661, 662, 663, 664, 665, 666, 667, 668, 669, 670, 671, 672, 673, 674, 675, 676, 677, 678, 679, 680, 681, 682, 683, 684, 685, 686, 687, 688, 689, 690, 691, 692, 693, 694, 695, 696, 697, 698, 699, 700, 701, 702, 703, 704, 705, 706, 707, 708, 709, 710, 711, 712, 713, 714, 715, 716, 717, 718, 719, 720, 721, 722, 723, 724, 725, 726, 727, 728, 729, 730, 731, 732, 733, 734, 735, 736, 737, 738, 739, 740, 741, 742, 743, 744, 745, 746, 747, 748, 749, 750, 751, 752, 753, 754, 755, 756, 757, 758, 759, 760, 761, 762, 763, 764, 765, 766, 767, 768, 769, 770, 771, 772, 773, 774, 775, 776, 777, 778, 779, 780, 781, 782, 783, 784, 785, 786, 787, 788, 789, 790, 791, 792, 793]","[124, 595]","[124, 595]","[0, 5, 7, 10, 14, 19, 20, 22, 24, 32, 33, 34, 37, 38, 40, 44, 46, 48, 49, 51, 56, 61, 63, 65, 67, 68, 73, 74, 75, 76, 79, 81, 82, 83, 85, 87, 88, 92, 93, 95, 96, 99, 100, 101, 115, 116, 124, 134, 142, 161, 167, 169, 170, 186, 202, 240, 244, 254, 260, 267, 277, 300, 303, 307, 310, 322, 331, 376, 485, 491, 493, 495, 499, 503, 504, 506, 508, 515, 518, 519, 521, 524, 526, 528, 533, 537, 539, 542, 543, 547, 548, 549, 550, 551, 553, 554, 556, 558, 559, 563, 564, 566, 567, 570, 571, 572, 586, 587, 595, 605, 613, 633, 639, 640, 641, 657, 672, 704, 717, 726, 736, 759, 761, 765, 768, 780, 788, 792, 826]","[84, 87, 89, 114, 115, 117, 124, 132, 135, 144, 152, 178, 239, 268, 281, 297, 318, 320, 327, 348, 394, 555, 558, 560, 585, 586, 588, 595, 603, 606, 615, 623, 649, 703, 727, 740, 756, 776, 778, 785, 803, 844]",[],7/6 successful match,True,"[100, 101, 102]",True,270,False,,1.0,True,BB Travel Center ( 76 ),
Blythe ( 92225 ) BB Travel Center ( 76 ),760-922-5109 I-10 Exit 232 ( Mesa Dr ),24 XL,Blythe,92225,BB Travel Center ( 76 ),760-922-5109,2015,Blythe,CA,,( Mesa Dr ),I-10 Exit 232 ,Exit,232,False,,False,I-10,,,,,"[595, 124]","[124, 595]","[124, 595]","[124, 595]","[103, 104, 105, 106, 107, 108, 109, 110, 111, 112, 113, 114, 115, 116, 117, 118, 119, 120, 121, 122, 123, 124, 125, 126, 127, 128, 129, 130, 131, 132, 133, 134, 135, 136, 137, 138, 139, 140, 141, 142, 143, 144, 145, 146, 147, 148, 149, 150, 151, 152, 153, 154, 155, 156, 157, 158, 159, 160, 161, 162, 163, 164, 165, 166, 167, 168, 169, 170, 171, 172, 173, 174, 175, 176, 177, 178, 179, 180, 181, 182, 183, 184, 185, 186, 187, 188, 189, 190, 191, 192, 193, 194, 195, 196, 197, 198, 199, 200, 201, 202, 203, 204, 205, 206, 207, 208, 209, 210, 211, 212, 213, 214, 215, 216, 217, 218, 219, 220, 221, 222, 223, 224, 225, 226, 227, 228, 229, 230, 231, 232, 233, 234, 235, 236, 237, 238, 239, 240, 241, 242, 243, 244, 245, 246, 247, 248, 249, 250, 251, 252, 253, 254, 255, 256, 257, 258, 259, 260, 261, 262, 263, 264, 265, 266, 267, 268, 269, 270, 271, 272, 273, 274, 275, 276, 277, 278, 279, 280, 281, 282, 283, 284, 285, 286, 287, 288, 289, 290, 291, 292, 293, 294, 295, 296, 297, 298, 299, 300, 301, 302, 303, 304, 305, 306, 307, 308, 309, 310, 311, 312, 313, 314, 315, 316, 317, 318, 319, 320, 321, 322, 323, 324, 325, 326, 327, 328, 329, 330, 331, 332, 333, 334, 335, 336, 337, 574, 575, 576, 577, 578, 579, 580, 581, 582, 583, 584, 585, 586, 587, 588, 589, 590, 591, 592, 593, 594, 595, 596, 597, 598, 599, 600, 601, 602, 603, 604, 605, 606, 607, 608, 609, 610, 611, 612, 613, 614, 615, 616, 617, 618, 619, 620, 621, 622, 623, 624, 625, 626, 627, 628, 629, 630, 631, 632, 633, 634, 635, 636, 637, 638, 639, 640, 641, 642, 643, 644, 645, 646, 647, 648, 649, 650, 651, 652, 653, 654, 655, 656, 657, 658, 659, 660, 661, 662, 663, 664, 665, 666, 667, 668, 669, 670, 671, 672, 673, 674, 675, 676, 677, 678, 679, 680, 681, 682, 683, 684, 685, 686, 687, 688, 689, 690, 691, 692, 693, 694, 695, 696, 697, 698, 699, 700, 701, 702, 703, 704, 705, 706, 707, 708, 709, 710, 711, 712, 713, 714, 715, 716, 717, 718, 719, 720, 721, 722, 723, 724, 725, 726, 727, 728, 729, 730, 731, 732, 733, 734, 735, 736, 737, 738, 739, 740, 741, 742, 743, 744, 745, 746, 747, 748, 749, 750, 751, 752, 753, 754, 755, 756, 757, 758, 759, 760, 761, 762, 763, 764, 765, 766, 767, 768, 769, 770, 771, 772, 773, 774, 775, 776, 777, 778, 779, 780, 781, 782, 783, 784, 785, 786, 787, 788, 789, 790, 791, 792, 793]","[0, 5, 7, 10, 14, 19, 20, 22, 24, 32, 33, 34, 37, 38, 40, 44, 46, 48, 49, 51, 56, 61, 63, 65, 67, 68, 73, 74, 75, 76, 79, 81, 82, 83, 85, 87, 88, 92, 93, 95, 96, 99, 100, 101, 115, 116, 124, 134, 142, 161, 167, 169, 170, 186, 202, 240, 244, 254, 260, 267, 277, 300, 303, 307, 310, 322, 331, 376, 485, 491, 493, 495, 499, 503, 504, 506, 508, 515, 518, 519, 521, 524, 526, 528, 533, 537, 539, 542, 543, 547, 548, 549, 550, 551, 553, 554, 556, 558, 559, 563, 564, 566, 567, 570, 571, 572, 586, 587, 595, 605, 613, 633, 639, 640, 641, 657, 672, 704, 717, 726, 736, 759, 761, 765, 768, 780, 788, 792, 826]",[],"[84, 87, 89, 114, 115, 117, 124, 132, 135, 144, 152, 178, 239, 268, 281, 297, 318, 320, 327, 348, 394, 555, 558, 560, 585, 586, 588, 595, 603, 606, 615, 623, 649, 703, 727, 740, 756, 776, 778, 785, 803, 844]","[0, 5, 7, 10, 14, 19, 20, 22, 24, 32, 33, 34, 37, 38, 40, 44, 46, 48, 49, 51, 56, 61, 63, 65, 67, 68, 73, 74, 75, 76, 79, 81, 82, 83, 84, 85, 87, 88, 89, 92, 93, 95, 96, 99, 100, 101, 103, 104, 105, 106, 107, 108, 109, 110, 111, 112, 113, 114, 115, 116, 117, 118, 119, 120, 121, 122, 123, 124, 125, 126, 127, 128, 129, 130, 131, 132, 133, 134, 135, 136, 137, 138, 139, 140, 141, 142, 143, 144, 145, 146, 147, 148, 149, 150, 151, 152, 153, 154, 155, 156, 157, 158, 159, 160, 161, 162, 163, 164, 165, 166, 167, 168, 169, 170, 171, 172, 173, 174, 175, 176, 177, 178, 179, 180, 181, 182, 183, 184, 185, 186, 187, 188, 189, 190, 191, 192, 193, 194, 195, 196, 197, 198, 199, 200, 201, 202, 203, 204, 205, 206, 207, 208, 209, 210, 211, 212, 213, 214, 215, 216, 217, 218, 219, 220, 221, 222, 223, 224, 225, 226, 227, 228, 229, 230, 231, 232, 233, 234, 235, 236, 237, 238, 239, 240, 241, 242, 243, 244, 245, 246, 247, 248, 249, 250, 251, 252, 253, 254, 255, 256, 257, 258, 259, 260, 261, 262, 263, 264, 265, 266, 267, 268, 269, 270, 271, 272, 273, 274, 275, 276, 277, 278, 279, 280, 281, 282, 283, 284, 285, 286, 287, 288, 289, 290, 291, 292, 293, 294, 295, 296, 297, 298, 299, 300, 301, 302, 303, 304, 305, 306, 307, 308, 309, 310, 311, 312, 313, 314, 315, 316, 317, 318, 319, 320, 321, 322, 323, 324, 325, 326, 327, 328, 329, 330, 331, 332, 333, 334, 335, 336, 337, 348, 376, 394, 485, 491, 493, 495, 499, 503, 504, 506, 508, 515, 518, 519, 521, 524, 526, 528, 533, 537, 539, 542, 543, 547, 548, 549, 550, 551, 553, 554, 555, 556, 558, 559, 560, 563, 564, 566, 567, 570, 571, 572, 574, 575, 576, 577, 578, 579, 580, 581, 582, 583, 584, 585, 586, 587, 588, 589, 590, 591, 592, 593, 594, 595, 596, 597, 598, 599, 600, 601, 602, 603, 604, 605, 606, 607, 608, 609, 610, 611, 612, 613, 614, 615, 616, 617, 618, 619, 620, 621, 622, 623, 624, 625, 626, 627, 628, 629, 630, 631, 632, 633, 634, 635, 636, 637, 638, 639, 640, 641, 642, 643, 644, 645, 646, 647, 648, 649, 650, 651, 652, 653, 654, 655, 656, 657, 658, 659, 660, 661, 662, 663, 664, 665, 666, 667, 668, 669, 670, 671, 672, 673, 674, 675, 676, 677, 678, 679, 680, 681, 682, 683, 684, 685, 686, 687, 688, 689, 690, 691, 692, 693, 694, 695, 696, 697, 698, 699, 700, 701, 702, 703, 704, 705, 706, 707, 708, 709, 710, 711, 712, 713, 714, 715, 716, 717, 718, 719, 720, 721, 722, 723, 724, 725, 726, 727, 728, 729, 730, 731, 732, 733, 734, 735, 736, 737, 738, 739, 740, 741, 742, 743, 744, 745, 746, 747, 748, 749, 750, 751, 752, 753, 754, 755, 756, 757, 758, 759, 760, 761, 762, 763, 764, 765, 766, 767, 768, 769, 770, 771, 772, 773, 774, 775, 776, 777, 778, 779, 780, 781, 782, 783, 784, 785, 786, 787, 788, 789, 790, 791, 792, 793, 803, 826, 844]",True,"[124, 595]","[103, 104, 105, 106, 107, 108, 109, 110, 111, 112, 113, 114, 115, 116, 117, 118, 119, 120, 121, 122, 123, 124, 125, 126, 127, 128, 129, 130, 131, 132, 133, 134, 135, 136, 137, 138, 139, 140, 141, 142, 143, 144, 145, 146, 147, 148, 149, 150, 151, 152, 153, 154, 155, 156, 157, 158, 159, 160, 161, 162, 163, 164, 165, 166, 167, 168, 169, 170, 171, 172, 173, 174, 175, 176, 177, 178, 179, 180, 181, 182, 183, 184, 185, 186, 187, 188, 189, 190, 191, 192, 193, 194, 195, 196, 197, 198, 199, 200, 201, 202, 203, 204, 205, 206, 207, 208, 209, 210, 211, 212, 213, 214, 215, 216, 217, 218, 219, 220, 221, 222, 223, 224, 225, 226, 227, 228, 229, 230, 231, 232, 233, 234, 235, 236, 237, 238, 239, 240, 241, 242, 243, 244, 245, 246, 247, 248, 249, 250, 251, 252, 253, 254, 255, 256, 257, 258, 259, 260, 261, 262, 263, 264, 265, 266, 267, 268, 269, 270, 271, 272, 273, 274, 275, 276, 277, 278, 279, 280, 281, 282, 283, 284, 285, 286, 287, 288, 289, 290, 291, 292, 293, 294, 295, 296, 297, 298, 299, 300, 301, 302, 303, 304, 305, 306, 307, 308, 309, 310, 311, 312, 313, 314, 315, 316, 317, 318, 319, 320, 321, 322, 323, 324, 325, 326, 327, 328, 329, 330, 331, 332, 333, 334, 335, 336, 337, 574, 575, 576, 577, 578, 579, 580, 581, 582, 583, 584, 585, 586, 587, 588, 589, 590, 591, 592, 593, 594, 595, 596, 597, 598, 599, 600, 601, 602, 603, 604, 605, 606, 607, 608, 609, 610, 611, 612, 613, 614, 615, 616, 617, 618, 619, 620, 621, 622, 623, 624, 625, 626, 627, 628, 629, 630, 631, 632, 633, 634, 635, 636, 637, 638, 639, 640, 641, 642, 643, 644, 645, 646, 647, 648, 649, 650, 651, 652, 653, 654, 655, 656, 657, 658, 659, 660, 661, 662, 663, 664, 665, 666, 667, 668, 669, 670, 671, 672, 673, 674, 675, 676, 677, 678, 679, 680, 681, 682, 683, 684, 685, 686, 687, 688, 689, 690, 691, 692, 693, 694, 695, 696, 697, 698, 699, 700, 701, 702, 703, 704, 705, 706, 707, 708, 709, 710, 711, 712, 713, 714, 715, 716, 717, 718, 719, 720, 721, 722, 723, 724, 725, 726, 727, 728, 729, 730, 731, 732, 733, 734, 735, 736, 737, 738, 739, 740, 741, 742, 743, 744, 745, 746, 747, 748, 749, 750, 751, 752, 753, 754, 755, 756, 757, 758, 759, 760, 761, 762, 763, 764, 765, 766, 767, 768, 769, 770, 771, 772, 773, 774, 775, 776, 777, 778, 779, 780, 781, 782, 783, 784, 785, 786, 787, 788, 789, 790, 791, 792, 793]","[124, 595]","[124, 595]","[0, 5, 7, 10, 14, 19, 20, 22, 24, 32, 33, 34, 37, 38, 40, 44, 46, 48, 49, 51, 56, 61, 63, 65, 67, 68, 73, 74, 75, 76, 79, 81, 82, 83, 85, 87, 88, 92, 93, 95, 96, 99, 100, 101, 115, 116, 124, 134, 142, 161, 167, 169, 170, 186, 202, 240, 244, 254, 260, 267, 277, 300, 303, 307, 310, 322, 331, 376, 485, 491, 493, 495, 499, 503, 504, 506, 508, 515, 518, 519, 521, 524, 526, 528, 533, 537, 539, 542, 543, 547, 548, 549, 550, 551, 553, 554, 556, 558, 559, 563, 564, 566, 567, 570, 571, 572, 586, 587, 595, 605, 613, 633, 639, 640, 641, 657, 672, 704, 717, 726, 736, 759, 761, 765, 768, 780, 788, 792, 826]","[84, 87, 89, 114, 115, 117, 124, 132, 135, 144, 152, 178, 239, 268, 281, 297, 318, 320, 327, 348, 394, 555, 558, 560, 585, 586, 588, 595, 603, 606, 615, 623, 649, 703, 727, 740, 756, 776, 778, 785, 803, 844]",[],7/6 successful match,True,"[100, 101, 102]",True,270,False,,1.0,True,BB Travel Center ( 76 ),
Blythe ( 92225 ) BB Travel Center ( 76 ),7 760-922-5109 I-10 Exit 232 ( Mesa Dr ),XL <U+25A1>,Blythe,92225,BB Travel Center ( 76 ),760-922-5109,2016,Blythe,CA,,( Mesa Dr ),I-10 Exit 232 ,Exit,232,False,,False,I-10,,,,,"[595, 124]","[124, 595]","[124, 595]","[124, 595]","[103, 104, 105, 106, 107, 108, 109, 110, 111, 112, 113, 114, 115, 116, 117, 118, 119, 120, 121, 122, 123, 124, 125, 126, 127, 128, 129, 130, 131, 132, 133, 134, 135, 136, 137, 138, 139, 140, 141, 142, 143, 144, 145, 146, 147, 148, 149, 150, 151, 152, 153, 154, 155, 156, 157, 158, 159, 160, 161, 162, 163, 164, 165, 166, 167, 168, 169, 170, 171, 172, 173, 174, 175, 176, 177, 178, 179, 180, 181, 182, 183, 184, 185, 186, 187, 188, 189, 190, 191, 192, 193, 194, 195, 196, 197, 198, 199, 200, 201, 202, 203, 204, 205, 206, 207, 208, 209, 210, 211, 212, 213, 214, 215, 216, 217, 218, 219, 220, 221, 222, 223, 224, 225, 226, 227, 228, 229, 230, 231, 232, 233, 234, 235, 236, 237, 238, 239, 240, 241, 242, 243, 244, 245, 246, 247, 248, 249, 250, 251, 252, 253, 254, 255, 256, 257, 258, 259, 260, 261, 262, 263, 264, 265, 266, 267, 268, 269, 270, 271, 272, 273, 274, 275, 276, 277, 278, 279, 280, 281, 282, 283, 284, 285, 286, 287, 288, 289, 290, 291, 292, 293, 294, 295, 296, 297, 298, 299, 300, 301, 302, 303, 304, 305, 306, 307, 308, 309, 310, 311, 312, 313, 314, 315, 316, 317, 318, 319, 320, 321, 322, 323, 324, 325, 326, 327, 328, 329, 330, 331, 332, 333, 334, 335, 336, 337, 574, 575, 576, 577, 578, 579, 580, 581, 582, 583, 584, 585, 586, 587, 588, 589, 590, 591, 592, 593, 594, 595, 596, 597, 598, 599, 600, 601, 602, 603, 604, 605, 606, 607, 608, 609, 610, 611, 612, 613, 614, 615, 616, 617, 618, 619, 620, 621, 622, 623, 624, 625, 626, 627, 628, 629, 630, 631, 632, 633, 634, 635, 636, 637, 638, 639, 640, 641, 642, 643, 644, 645, 646, 647, 648, 649, 650, 651, 652, 653, 654, 655, 656, 657, 658, 659, 660, 661, 662, 663, 664, 665, 666, 667, 668, 669, 670, 671, 672, 673, 674, 675, 676, 677, 678, 679, 680, 681, 682, 683, 684, 685, 686, 687, 688, 689, 690, 691, 692, 693, 694, 695, 696, 697, 698, 699, 700, 701, 702, 703, 704, 705, 706, 707, 708, 709, 710, 711, 712, 713, 714, 715, 716, 717, 718, 719, 720, 721, 722, 723, 724, 725, 726, 727, 728, 729, 730, 731, 732, 733, 734, 735, 736, 737, 738, 739, 740, 741, 742, 743, 744, 745, 746, 747, 748, 749, 750, 751, 752, 753, 754, 755, 756, 757, 758, 759, 760, 761, 762, 763, 764, 765, 766, 767, 768, 769, 770, 771, 772, 773, 774, 775, 776, 777, 778, 779, 780, 781, 782, 783, 784, 785, 786, 787, 788, 789, 790, 791, 792, 793]","[0, 5, 7, 10, 14, 19, 20, 22, 24, 32, 33, 34, 37, 38, 40, 44, 46, 48, 49, 51, 56, 61, 63, 65, 67, 68, 73, 74, 75, 76, 79, 81, 82, 83, 85, 87, 88, 92, 93, 95, 96, 99, 100, 101, 115, 116, 124, 134, 142, 161, 167, 169, 170, 186, 202, 240, 244, 254, 260, 267, 277, 300, 303, 307, 310, 322, 331, 376, 485, 491, 493, 495, 499, 503, 504, 506, 508, 515, 518, 519, 521, 524, 526, 528, 533, 537, 539, 542, 543, 547, 548, 549, 550, 551, 553, 554, 556, 558, 559, 563, 564, 566, 567, 570, 571, 572, 586, 587, 595, 605, 613, 633, 639, 640, 641, 657, 672, 704, 717, 726, 736, 759, 761, 765, 768, 780, 788, 792, 826]",[],"[84, 87, 89, 114, 115, 117, 124, 132, 135, 144, 152, 178, 239, 268, 281, 297, 318, 320, 327, 348, 394, 555, 558, 560, 585, 586, 588, 595, 603, 606, 615, 623, 649, 703, 727, 740, 756, 776, 778, 785, 803, 844]","[0, 5, 7, 10, 14, 19, 20, 22, 24, 32, 33, 34, 37, 38, 40, 44, 46, 48, 49, 51, 56, 61, 63, 65, 67, 68, 73, 74, 75, 76, 79, 81, 82, 83, 84, 85, 87, 88, 89, 92, 93, 95, 96, 99, 100, 101, 103, 104, 105, 106, 107, 108, 109, 110, 111, 112, 113, 114, 115, 116, 117, 118, 119, 120, 121, 122, 123, 124, 125, 126, 127, 128, 129, 130, 131, 132, 133, 134, 135, 136, 137, 138, 139, 140, 141, 142, 143, 144, 145, 146, 147, 148, 149, 150, 151, 152, 153, 154, 155, 156, 157, 158, 159, 160, 161, 162, 163, 164, 165, 166, 167, 168, 169, 170, 171, 172, 173, 174, 175, 176, 177, 178, 179, 180, 181, 182, 183, 184, 185, 186, 187, 188, 189, 190, 191, 192, 193, 194, 195, 196, 197, 198, 199, 200, 201, 202, 203, 204, 205, 206, 207, 208, 209, 210, 211, 212, 213, 214, 215, 216, 217, 218, 219, 220, 221, 222, 223, 224, 225, 226, 227, 228, 229, 230, 231, 232, 233, 234, 235, 236, 237, 238, 239, 240, 241, 242, 243, 244, 245, 246, 247, 248, 249, 250, 251, 252, 253, 254, 255, 256, 257, 258, 259, 260, 261, 262, 263, 264, 265, 266, 267, 268, 269, 270, 271, 272, 273, 274, 275, 276, 277, 278, 279, 280, 281, 282, 283, 284, 285, 286, 287, 288, 289, 290, 291, 292, 293, 294, 295, 296, 297, 298, 299, 300, 301, 302, 303, 304, 305, 306, 307, 308, 309, 310, 311, 312, 313, 314, 315, 316, 317, 318, 319, 320, 321, 322, 323, 324, 325, 326, 327, 328, 329, 330, 331, 332, 333, 334, 335, 336, 337, 348, 376, 394, 485, 491, 493, 495, 499, 503, 504, 506, 508, 515, 518, 519, 521, 524, 526, 528, 533, 537, 539, 542, 543, 547, 548, 549, 550, 551, 553, 554, 555, 556, 558, 559, 560, 563, 564, 566, 567, 570, 571, 572, 574, 575, 576, 577, 578, 579, 580, 581, 582, 583, 584, 585, 586, 587, 588, 589, 590, 591, 592, 593, 594, 595, 596, 597, 598, 599, 600, 601, 602, 603, 604, 605, 606, 607, 608, 609, 610, 611, 612, 613, 614, 615, 616, 617, 618, 619, 620, 621, 622, 623, 624, 625, 626, 627, 628, 629, 630, 631, 632, 633, 634, 635, 636, 637, 638, 639, 640, 641, 642, 643, 644, 645, 646, 647, 648, 649, 650, 651, 652, 653, 654, 655, 656, 657, 658, 659, 660, 661, 662, 663, 664, 665, 666, 667, 668, 669, 670, 671, 672, 673, 674, 675, 676, 677, 678, 679, 680, 681, 682, 683, 684, 685, 686, 687, 688, 689, 690, 691, 692, 693, 694, 695, 696, 697, 698, 699, 700, 701, 702, 703, 704, 705, 706, 707, 708, 709, 710, 711, 712, 713, 714, 715, 716, 717, 718, 719, 720, 721, 722, 723, 724, 725, 726, 727, 728, 729, 730, 731, 732, 733, 734, 735, 736, 737, 738, 739, 740, 741, 742, 743, 744, 745, 746, 747, 748, 749, 750, 751, 752, 753, 754, 755, 756, 757, 758, 759, 760, 761, 762, 763, 764, 765, 766, 767, 768, 769, 770, 771, 772, 773, 774, 775, 776, 777, 778, 779, 780, 781, 782, 783, 784, 785, 786, 787, 788, 789, 790, 791, 792, 793, 803, 826, 844]",True,"[124, 595]","[103, 104, 105, 106, 107, 108, 109, 110, 111, 112, 113, 114, 115, 116, 117, 118, 119, 120, 121, 122, 123, 124, 125, 126, 127, 128, 129, 130, 131, 132, 133, 134, 135, 136, 137, 138, 139, 140, 141, 142, 143, 144, 145, 146, 147, 148, 149, 150, 151, 152, 153, 154, 155, 156, 157, 158, 159, 160, 161, 162, 163, 164, 165, 166, 167, 168, 169, 170, 171, 172, 173, 174, 175, 176, 177, 178, 179, 180, 181, 182, 183, 184, 185, 186, 187, 188, 189, 190, 191, 192, 193, 194, 195, 196, 197, 198, 199, 200, 201, 202, 203, 204, 205, 206, 207, 208, 209, 210, 211, 212, 213, 214, 215, 216, 217, 218, 219, 220, 221, 222, 223, 224, 225, 226, 227, 228, 229, 230, 231, 232, 233, 234, 235, 236, 237, 238, 239, 240, 241, 242, 243, 244, 245, 246, 247, 248, 249, 250, 251, 252, 253, 254, 255, 256, 257, 258, 259, 260, 261, 262, 263, 264, 265, 266, 267, 268, 269, 270, 271, 272, 273, 274, 275, 276, 277, 278, 279, 280, 281, 282, 283, 284, 285, 286, 287, 288, 289, 290, 291, 292, 293, 294, 295, 296, 297, 298, 299, 300, 301, 302, 303, 304, 305, 306, 307, 308, 309, 310, 311, 312, 313, 314, 315, 316, 317, 318, 319, 320, 321, 322, 323, 324, 325, 326, 327, 328, 329, 330, 331, 332, 333, 334, 335, 336, 337, 574, 575, 576, 577, 578, 579, 580, 581, 582, 583, 584, 585, 586, 587, 588, 589, 590, 591, 592, 593, 594, 595, 596, 597, 598, 599, 600, 601, 602, 603, 604, 605, 606, 607, 608, 609, 610, 611, 612, 613, 614, 615, 616, 617, 618, 619, 620, 621, 622, 623, 624, 625, 626, 627, 628, 629, 630, 631, 632, 633, 634, 635, 636, 637, 638, 639, 640, 641, 642, 643, 644, 645, 646, 647, 648, 649, 650, 651, 652, 653, 654, 655, 656, 657, 658, 659, 660, 661, 662, 663, 664, 665, 666, 667, 668, 669, 670, 671, 672, 673, 674, 675, 676, 677, 678, 679, 680, 681, 682, 683, 684, 685, 686, 687, 688, 689, 690, 691, 692, 693, 694, 695, 696, 697, 698, 699, 700, 701, 702, 703, 704, 705, 706, 707, 708, 709, 710, 711, 712, 713, 714, 715, 716, 717, 718, 719, 720, 721, 722, 723, 724, 725, 726, 727, 728, 729, 730, 731, 732, 733, 734, 735, 736, 737, 738, 739, 740, 741, 742, 743, 744, 745, 746, 747, 748, 749, 750, 751, 752, 753, 754, 755, 756, 757, 758, 759, 760, 761, 762, 763, 764, 765, 766, 767, 768, 769, 770, 771, 772, 773, 774, 775, 776, 777, 778, 779, 780, 781, 782, 783, 784, 785, 786, 787, 788, 789, 790, 791, 792, 793]","[124, 595]","[124, 595]","[0, 5, 7, 10, 14, 19, 20, 22, 24, 32, 33, 34, 37, 38, 40, 44, 46, 48, 49, 51, 56, 61, 63, 65, 67, 68, 73, 74, 75, 76, 79, 81, 82, 83, 85, 87, 88, 92, 93, 95, 96, 99, 100, 101, 115, 116, 124, 134, 142, 161, 167, 169, 170, 186, 202, 240, 244, 254, 260, 267, 277, 300, 303, 307, 310, 322, 331, 376, 485, 491, 493, 495, 499, 503, 504, 506, 508, 515, 518, 519, 521, 524, 526, 528, 533, 537, 539, 542, 543, 547, 548, 549, 550, 551, 553, 554, 556, 558, 559, 563, 564, 566, 567, 570, 571, 572, 586, 587, 595, 605, 613, 633, 639, 640, 641, 657, 672, 704, 717, 726, 736, 759, 761, 765, 768, 780, 788, 792, 826]","[84, 87, 89, 114, 115, 117, 124, 132, 135, 144, 152, 178, 239, 268, 281, 297, 318, 320, 327, 348, 394, 555, 558, 560, 585, 586, 588, 595, 603, 606, 615, 623, 649, 703, 727, 740, 756, 776, 778, 785, 803, 844]",[],7/6 successful match,True,"[100, 101, 102]",True,270,False,,1.0,True,BB Travel Center ( 76 ),
"Cabazon , 92230 Cabazon Truck Stop ( Shell )",951-849-7083 I-10 Exit 106 ( Main St ),24 <U+25A1> <U+2610>,Cabazon,92230,Cabazon Truck Stop ( Shell ),951-849-7083,2006,Cabazon,CA,Shell,( Main St ),I-10 Exit 106 ,Exit,106,False,,False,I-10,,,,,"[605, 134]","[134, 605]","[134, 605]","[134, 156, 268, 349, 605, 628, 727, 804]","[103, 104, 105, 106, 107, 108, 109, 110, 111, 112, 113, 114, 115, 116, 117, 118, 119, 120, 121, 122, 123, 124, 125, 126, 127, 128, 129, 130, 131, 132, 133, 134, 135, 136, 137, 138, 139, 140, 141, 142, 143, 144, 145, 146, 147, 148, 149, 150, 151, 152, 153, 154, 155, 156, 157, 158, 159, 160, 161, 162, 163, 164, 165, 166, 167, 168, 169, 170, 171, 172, 173, 174, 175, 176, 177, 178, 179, 180, 181, 182, 183, 184, 185, 186, 187, 188, 189, 190, 191, 192, 193, 194, 195, 196, 197, 198, 199, 200, 201, 202, 203, 204, 205, 206, 207, 208, 209, 210, 211, 212, 213, 214, 215, 216, 217, 218, 219, 220, 221, 222, 223, 224, 225, 226, 227, 228, 229, 230, 231, 232, 233, 234, 235, 236, 237, 238, 239, 240, 241, 242, 243, 244, 245, 246, 247, 248, 249, 250, 251, 252, 253, 254, 255, 256, 257, 258, 259, 260, 261, 262, 263, 264, 265, 266, 267, 268, 269, 270, 271, 272, 273, 274, 275, 276, 277, 278, 279, 280, 281, 282, 283, 284, 285, 286, 287, 288, 289, 290, 291, 292, 293, 294, 295, 296, 297, 298, 299, 300, 301, 302, 303, 304, 305, 306, 307, 308, 309, 310, 311, 312, 313, 314, 315, 316, 317, 318, 319, 320, 321, 322, 323, 324, 325, 326, 327, 328, 329, 330, 331, 332, 333, 334, 335, 336, 337, 574, 575, 576, 577, 578, 579, 580, 581, 582, 583, 584, 585, 586, 587, 588, 589, 590, 591, 592, 593, 594, 595, 596, 597, 598, 599, 600, 601, 602, 603, 604, 605, 606, 607, 608, 609, 610, 611, 612, 613, 614, 615, 616, 617, 618, 619, 620, 621, 622, 623, 624, 625, 626, 627, 628, 629, 630, 631, 632, 633, 634, 635, 636, 637, 638, 639, 640, 641, 642, 643, 644, 645, 646, 647, 648, 649, 650, 651, 652, 653, 654, 655, 656, 657, 658, 659, 660, 661, 662, 663, 664, 665, 666, 667, 668, 669, 670, 671, 672, 673, 674, 675, 676, 677, 678, 679, 680, 681, 682, 683, 684, 685, 686, 687, 688, 689, 690, 691, 692, 693, 694, 695, 696, 697, 698, 699, 700, 701, 702, 703, 704, 705, 706, 707, 708, 709, 710, 711, 712, 713, 714, 715, 716, 717, 718, 719, 720, 721, 722, 723, 724, 725, 726, 727, 728, 729, 730, 731, 732, 733, 734, 735, 736, 737, 738, 739, 740, 741, 742, 743, 744, 745, 746, 747, 748, 749, 750, 751, 752, 753, 754, 755, 756, 757, 758, 759, 760, 761, 762, 763, 764, 765, 766, 767, 768, 769, 770, 771, 772, 773, 774, 775, 776, 777, 778, 779, 780, 781, 782, 783, 784, 785, 786, 787, 788, 789, 790, 791, 792, 793]","[0, 5, 7, 10, 14, 19, 20, 22, 24, 32, 33, 34, 37, 38, 40, 44, 46, 48, 49, 51, 56, 61, 63, 65, 67, 68, 73, 74, 75, 76, 79, 81, 82, 83, 85, 87, 88, 92, 93, 95, 96, 99, 100, 101, 115, 116, 124, 134, 142, 161, 167, 169, 170, 186, 202, 240, 244, 254, 260, 267, 277, 300, 303, 307, 310, 322, 331, 376, 485, 491, 493, 495, 499, 503, 504, 506, 508, 515, 518, 519, 521, 524, 526, 528, 533, 537, 539, 542, 543, 547, 548, 549, 550, 551, 553, 554, 556, 558, 559, 563, 564, 566, 567, 570, 571, 572, 586, 587, 595, 605, 613, 633, 639, 640, 641, 657, 672, 704, 717, 726, 736, 759, 761, 765, 768, 780, 788, 792, 826]","[1, 13, 14, 29, 54, 55, 56, 57, 58, 60, 102, 118, 125, 127, 130, 134, 146, 149, 153, 175, 182, 187, 189, 191, 197, 225, 230, 238, 264, 265, 266, 286, 302, 317, 336, 379, 388, 389, 425, 454, 458, 463, 475, 487, 498, 499, 512, 530, 531, 532, 533, 534, 536, 573, 589, 596, 598, 601, 605, 617, 620, 624, 646, 653, 658, 660, 662, 668, 689, 694, 702, 724, 725, 745, 760, 775, 793, 829, 838, 839, 877, 901, 903, 905, 910, 923]","[1, 13, 14, 29, 54, 55, 56, 57, 58, 60, 102, 118, 125, 127, 130, 134, 146, 149, 153, 175, 182, 187, 189, 191, 197, 225, 230, 238, 264, 265, 266, 286, 302, 317, 336, 354, 379, 388, 389, 425, 454, 458, 463, 475, 487, 498, 499, 512, 530, 531, 532, 533, 534, 536, 573, 589, 596, 598, 601, 605, 617, 620, 624, 646, 653, 658, 660, 662, 668, 689, 694, 702, 724, 725, 745, 760, 775, 793, 809, 829, 838, 839, 877, 901, 903, 905, 910, 923]","[0, 1, 5, 7, 10, 13, 14, 19, 20, 22, 24, 29, 32, 33, 34, 37, 38, 40, 44, 46, 48, 49, 51, 54, 55, 56, 57, 58, 60, 61, 63, 65, 67, 68, 73, 74, 75, 76, 79, 81, 82, 83, 85, 87, 88, 92, 93, 95, 96, 99, 100, 101, 102, 103, 104, 105, 106, 107, 108, 109, 110, 111, 112, 113, 114, 115, 116, 117, 118, 119, 120, 121, 122, 123, 124, 125, 126, 127, 128, 129, 130, 131, 132, 133, 134, 135, 136, 137, 138, 139, 140, 141, 142, 143, 144, 145, 146, 147, 148, 149, 150, 151, 152, 153, 154, 155, 156, 157, 158, 159, 160, 161, 162, 163, 164, 165, 166, 167, 168, 169, 170, 171, 172, 173, 174, 175, 176, 177, 178, 179, 180, 181, 182, 183, 184, 185, 186, 187, 188, 189, 190, 191, 192, 193, 194, 195, 196, 197, 198, 199, 200, 201, 202, 203, 204, 205, 206, 207, 208, 209, 210, 211, 212, 213, 214, 215, 216, 217, 218, 219, 220, 221, 222, 223, 224, 225, 226, 227, 228, 229, 230, 231, 232, 233, 234, 235, 236, 237, 238, 239, 240, 241, 242, 243, 244, 245, 246, 247, 248, 249, 250, 251, 252, 253, 254, 255, 256, 257, 258, 259, 260, 261, 262, 263, 264, 265, 266, 267, 268, 269, 270, 271, 272, 273, 274, 275, 276, 277, 278, 279, 280, 281, 282, 283, 284, 285, 286, 287, 288, 289, 290, 291, 292, 293, 294, 295, 296, 297, 298, 299, 300, 301, 302, 303, 304, 305, 306, 307, 308, 309, 310, 311, 312, 313, 314, 315, 316, 317, 318, 319, 320, 321, 322, 323, 324, 325, 326, 327, 328, 329, 330, 331, 332, 333, 334, 335, 336, 337, 349, 354, 376, 379, 388, 389, 425, 454, 458, 463, 475, 485, 487, 491, 493, 495, 498, 499, 503, 504, 506, 508, 512, 515, 518, 519, 521, 524, 526, 528, 530, 531, 532, 533, 534, 536, 537, 539, 542, 543, 547, 548, 549, 550, 551, 553, 554, 556, 558, 559, 563, 564, 566, 567, 570, 571, 572, 573, 574, 575, 576, 577, 578, 579, 580, 581, 582, 583, 584, 585, 586, 587, 588, 589, 590, 591, 592, 593, 594, 595, 596, 597, 598, 599, 600, 601, 602, 603, 604, 605, 606, 607, 608, 609, 610, 611, 612, 613, 614, 615, 616, 617, 618, 619, 620, 621, 622, 623, 624, 625, 626, 627, 628, 629, 630, 631, 632, 633, 634, 635, 636, 637, 638, 639, 640, 641, 642, 643, 644, 645, 646, 647, 648, 649, 650, 651, 652, 653, 654, 655, 656, 657, 658, 659, 660, 661, 662, 663, 664, 665, 666, 667, 668, 669, 670, 671, 672, 673, 674, 675, 676, 677, 678, 679, 680, 681, 682, 683, 684, 685, 686, 687, 688, 689, 690, 691, 692, 693, 694, 695, 696, 697, 698, 699, 700, 701, 702, 703, 704, 705, 706, 707, 708, 709, 710, 711, 712, 713, 714, 715, 716, 717, 718, 719, 720, 721, 722, 723, 724, 725, 726, 727, 728, 729, 730, 731, 732, 733, 734, 735, 736, 737, 738, 739, 740, 741, 742, 743, 744, 745, 746, 747, 748, 749, 750, 751, 752, 753, 754, 755, 756, 757, 758, 759, 760, 761, 762, 763, 764, 765, 766, 767, 768, 769, 770, 771, 772, 773, 774, 775, 776, 777, 778, 779, 780, 781, 782, 783, 784, 785, 786, 787, 788, 789, 790, 791, 792, 793, 804, 809, 826, 829, 838, 839, 877, 901, 903, 905, 910, 923]",True,"[134, 605]","[103, 104, 105, 106, 107, 108, 109, 110, 111, 112, 113, 114, 115, 116, 117, 118, 119, 120, 121, 122, 123, 124, 125, 126, 127, 128, 129, 130, 131, 132, 133, 134, 135, 136, 137, 138, 139, 140, 141, 142, 143, 144, 145, 146, 147, 148, 149, 150, 151, 152, 153, 154, 155, 156, 157, 158, 159, 160, 161, 162, 163, 164, 165, 166, 167, 168, 169, 170, 171, 172, 173, 174, 175, 176, 177, 178, 179, 180, 181, 182, 183, 184, 185, 186, 187, 188, 189, 190, 191, 192, 193, 194, 195, 196, 197, 198, 199, 200, 201, 202, 203, 204, 205, 206, 207, 208, 209, 210, 211, 212, 213, 214, 215, 216, 217, 218, 219, 220, 221, 222, 223, 224, 225, 226, 227, 228, 229, 230, 231, 232, 233, 234, 235, 236, 237, 238, 239, 240, 241, 242, 243, 244, 245, 246, 247, 248, 249, 250, 251, 252, 253, 254, 255, 256, 257, 258, 259, 260, 261, 262, 263, 264, 265, 266, 267, 268, 269, 270, 271, 272, 273, 274, 275, 276, 277, 278, 279, 280, 281, 282, 283, 284, 285, 286, 287, 288, 289, 290, 291, 292, 293, 294, 295, 296, 297, 298, 299, 300, 301, 302, 303, 304, 305, 306, 307, 308, 309, 310, 311, 312, 313, 314, 315, 316, 317, 318, 319, 320, 321, 322, 323, 324, 325, 326, 327, 328, 329, 330, 331, 332, 333, 334, 335, 336, 337, 574, 575, 576, 577, 578, 579, 580, 581, 582, 583, 584, 585, 586, 587, 588, 589, 590, 591, 592, 593, 594, 595, 596, 597, 598, 599, 600, 601, 602, 603, 604, 605, 606, 607, 608, 609, 610, 611, 612, 613, 614, 615, 616, 617, 618, 619, 620, 621, 622, 623, 624, 625, 626, 627, 628, 629, 630, 631, 632, 633, 634, 635, 636, 637, 638, 639, 640, 641, 642, 643, 644, 645, 646, 647, 648, 649, 650, 651, 652, 653, 654, 655, 656, 657, 658, 659, 660, 661, 662, 663, 664, 665, 666, 667, 668, 669, 670, 671, 672, 673, 674, 675, 676, 677, 678, 679, 680, 681, 682, 683, 684, 685, 686, 687, 688, 689, 690, 691, 692, 693, 694, 695, 696, 697, 698, 699, 700, 701, 702, 703, 704, 705, 706, 707, 708, 709, 710, 711, 712, 713, 714, 715, 716, 717, 718, 719, 720, 721, 722, 723, 724, 725, 726, 727, 728, 729, 730, 731, 732, 733, 734, 735, 736, 737, 738, 739, 740, 741, 742, 743, 744, 745, 746, 747, 748, 749, 750, 751, 752, 753, 754, 755, 756, 757, 758, 759, 760, 761, 762, 763, 764, 765, 766, 767, 768, 769, 770, 771, 772, 773, 774, 775, 776, 777, 778, 779, 780, 781, 782, 783, 784, 785, 786, 787, 788, 789, 790, 791, 792, 793]","[134, 605]","[134, 156, 268, 349, 605, 628, 727, 804]","[0, 5, 7, 10, 14, 19, 20, 22, 24, 32, 33, 34, 37, 38, 40, 44, 46, 48, 49, 51, 56, 61, 63, 65, 67, 68, 73, 74, 75, 76, 79, 81, 82, 83, 85, 87, 88, 92, 93, 95, 96, 99, 100, 101, 115, 116, 124, 134, 142, 161, 167, 169, 170, 186, 202, 240, 244, 254, 260, 267, 277, 300, 303, 307, 310, 322, 331, 376, 485, 491, 493, 495, 499, 503, 504, 506, 508, 515, 518, 519, 521, 524, 526, 528, 533, 537, 539, 542, 543, 547, 548, 549, 550, 551, 553, 554, 556, 558, 559, 563, 564, 566, 567, 570, 571, 572, 586, 587, 595, 605, 613, 633, 639, 640, 641, 657, 672, 704, 717, 726, 736, 759, 761, 765, 768, 780, 788, 792, 826]","[1, 13, 14, 29, 54, 55, 56, 57, 58, 60, 102, 118, 125, 127, 130, 134, 146, 149, 153, 175, 182, 187, 189, 191, 197, 225, 230, 238, 264, 265, 266, 286, 302, 317, 336, 354, 379, 388, 389, 425, 454, 458, 463, 475, 487, 498, 499, 512, 530, 531, 532, 533, 534, 536, 573, 589, 596, 598, 601, 605, 617, 620, 624, 646, 653, 658, 660, 662, 668, 689, 694, 702, 724, 725, 745, 760, 775, 793, 809, 829, 838, 839, 877, 901, 903, 905, 910, 923]","[1, 13, 14, 29, 54, 55, 56, 57, 58, 60, 102, 118, 125, 127, 130, 134, 146, 149, 153, 175, 182, 187, 189, 191, 197, 225, 230, 238, 264, 265, 266, 286, 302, 317, 336, 379, 388, 389, 425, 454, 458, 463, 475, 487, 498, 499, 512, 530, 531, 532, 533, 534, 536, 573, 589, 596, 598, 601, 605, 617, 620, 624, 646, 653, 658, 660, 662, 668, 689, 694, 702, 724, 725, 745, 760, 775, 793, 829, 838, 839, 877, 901, 903, 905, 910, 923]",7/6 successful match,True,[347],True,271,False,,,,,
"Cabazon , 92230 Cabazon Truck Stop ( Shell )",951-849-7083 I-10 Exit 106 ( Main St ),24 L400 <U+25A1>,Cabazon,92230,Cabazon Truck Stop ( Shell ),951-849-7083,2007,Cabazon,CA,Shell,( Main St ),I-10 Exit 106 ,Exit,106,False,,False,I-10,,,,,"[605, 134]","[134, 605]","[134, 605]","[134, 156, 268, 349, 605, 628, 727, 804]","[103, 104, 105, 106, 107, 108, 109, 110, 111, 112, 113, 114, 115, 116, 117, 118, 119, 120, 121, 122, 123, 124, 125, 126, 127, 128, 129, 130, 131, 132, 133, 134, 135, 136, 137, 138, 139, 140, 141, 142, 143, 144, 145, 146, 147, 148, 149, 150, 151, 152, 153, 154, 155, 156, 157, 158, 159, 160, 161, 162, 163, 164, 165, 166, 167, 168, 169, 170, 171, 172, 173, 174, 175, 176, 177, 178, 179, 180, 181, 182, 183, 184, 185, 186, 187, 188, 189, 190, 191, 192, 193, 194, 195, 196, 197, 198, 199, 200, 201, 202, 203, 204, 205, 206, 207, 208, 209, 210, 211, 212, 213, 214, 215, 216, 217, 218, 219, 220, 221, 222, 223, 224, 225, 226, 227, 228, 229, 230, 231, 232, 233, 234, 235, 236, 237, 238, 239, 240, 241, 242, 243, 244, 245, 246, 247, 248, 249, 250, 251, 252, 253, 254, 255, 256, 257, 258, 259, 260, 261, 262, 263, 264, 265, 266, 267, 268, 269, 270, 271, 272, 273, 274, 275, 276, 277, 278, 279, 280, 281, 282, 283, 284, 285, 286, 287, 288, 289, 290, 291, 292, 293, 294, 295, 296, 297, 298, 299, 300, 301, 302, 303, 304, 305, 306, 307, 308, 309, 310, 311, 312, 313, 314, 315, 316, 317, 318, 319, 320, 321, 322, 323, 324, 325, 326, 327, 328, 329, 330, 331, 332, 333, 334, 335, 336, 337, 574, 575, 576, 577, 578, 579, 580, 581, 582, 583, 584, 585, 586, 587, 588, 589, 590, 591, 592, 593, 594, 595, 596, 597, 598, 599, 600, 601, 602, 603, 604, 605, 606, 607, 608, 609, 610, 611, 612, 613, 614, 615, 616, 617, 618, 619, 620, 621, 622, 623, 624, 625, 626, 627, 628, 629, 630, 631, 632, 633, 634, 635, 636, 637, 638, 639, 640, 641, 642, 643, 644, 645, 646, 647, 648, 649, 650, 651, 652, 653, 654, 655, 656, 657, 658, 659, 660, 661, 662, 663, 664, 665, 666, 667, 668, 669, 670, 671, 672, 673, 674, 675, 676, 677, 678, 679, 680, 681, 682, 683, 684, 685, 686, 687, 688, 689, 690, 691, 692, 693, 694, 695, 696, 697, 698, 699, 700, 701, 702, 703, 704, 705, 706, 707, 708, 709, 710, 711, 712, 713, 714, 715, 716, 717, 718, 719, 720, 721, 722, 723, 724, 725, 726, 727, 728, 729, 730, 731, 732, 733, 734, 735, 736, 737, 738, 739, 740, 741, 742, 743, 744, 745, 746, 747, 748, 749, 750, 751, 752, 753, 754, 755, 756, 757, 758, 759, 760, 761, 762, 763, 764, 765, 766, 767, 768, 769, 770, 771, 772, 773, 774, 775, 776, 777, 778, 779, 780, 781, 782, 783, 784, 785, 786, 787, 788, 789, 790, 791, 792, 793]","[0, 5, 7, 10, 14, 19, 20, 22, 24, 32, 33, 34, 37, 38, 40, 44, 46, 48, 49, 51, 56, 61, 63, 65, 67, 68, 73, 74, 75, 76, 79, 81, 82, 83, 85, 87, 88, 92, 93, 95, 96, 99, 100, 101, 115, 116, 124, 134, 142, 161, 167, 169, 170, 186, 202, 240, 244, 254, 260, 267, 277, 300, 303, 307, 310, 322, 331, 376, 485, 491, 493, 495, 499, 503, 504, 506, 508, 515, 518, 519, 521, 524, 526, 528, 533, 537, 539, 542, 543, 547, 548, 549, 550, 551, 553, 554, 556, 558, 559, 563, 564, 566, 567, 570, 571, 572, 586, 587, 595, 605, 613, 633, 639, 640, 641, 657, 672, 704, 717, 726, 736, 759, 761, 765, 768, 780, 788, 792, 826]","[1, 13, 14, 29, 54, 55, 56, 57, 58, 60, 102, 118, 125, 127, 130, 134, 146, 149, 153, 175, 182, 187, 189, 191, 197, 225, 230, 238, 264, 265, 266, 286, 302, 317, 336, 379, 388, 389, 425, 454, 458, 463, 475, 487, 498, 499, 512, 530, 531, 532, 533, 534, 536, 573, 589, 596, 598, 601, 605, 617, 620, 624, 646, 653, 658, 660, 662, 668, 689, 694, 702, 724, 725, 745, 760, 775, 793, 829, 838, 839, 877, 901, 903, 905, 910, 923]","[1, 13, 14, 29, 54, 55, 56, 57, 58, 60, 102, 118, 125, 127, 130, 134, 146, 149, 153, 175, 182, 187, 189, 191, 197, 225, 230, 238, 264, 265, 266, 286, 302, 317, 336, 354, 379, 388, 389, 425, 454, 458, 463, 475, 487, 498, 499, 512, 530, 531, 532, 533, 534, 536, 573, 589, 596, 598, 601, 605, 617, 620, 624, 646, 653, 658, 660, 662, 668, 689, 694, 702, 724, 725, 745, 760, 775, 793, 809, 829, 838, 839, 877, 901, 903, 905, 910, 923]","[0, 1, 5, 7, 10, 13, 14, 19, 20, 22, 24, 29, 32, 33, 34, 37, 38, 40, 44, 46, 48, 49, 51, 54, 55, 56, 57, 58, 60, 61, 63, 65, 67, 68, 73, 74, 75, 76, 79, 81, 82, 83, 85, 87, 88, 92, 93, 95, 96, 99, 100, 101, 102, 103, 104, 105, 106, 107, 108, 109, 110, 111, 112, 113, 114, 115, 116, 117, 118, 119, 120, 121, 122, 123, 124, 125, 126, 127, 128, 129, 130, 131, 132, 133, 134, 135, 136, 137, 138, 139, 140, 141, 142, 143, 144, 145, 146, 147, 148, 149, 150, 151, 152, 153, 154, 155, 156, 157, 158, 159, 160, 161, 162, 163, 164, 165, 166, 167, 168, 169, 170, 171, 172, 173, 174, 175, 176, 177, 178, 179, 180, 181, 182, 183, 184, 185, 186, 187, 188, 189, 190, 191, 192, 193, 194, 195, 196, 197, 198, 199, 200, 201, 202, 203, 204, 205, 206, 207, 208, 209, 210, 211, 212, 213, 214, 215, 216, 217, 218, 219, 220, 221, 222, 223, 224, 225, 226, 227, 228, 229, 230, 231, 232, 233, 234, 235, 236, 237, 238, 239, 240, 241, 242, 243, 244, 245, 246, 247, 248, 249, 250, 251, 252, 253, 254, 255, 256, 257, 258, 259, 260, 261, 262, 263, 264, 265, 266, 267, 268, 269, 270, 271, 272, 273, 274, 275, 276, 277, 278, 279, 280, 281, 282, 283, 284, 285, 286, 287, 288, 289, 290, 291, 292, 293, 294, 295, 296, 297, 298, 299, 300, 301, 302, 303, 304, 305, 306, 307, 308, 309, 310, 311, 312, 313, 314, 315, 316, 317, 318, 319, 320, 321, 322, 323, 324, 325, 326, 327, 328, 329, 330, 331, 332, 333, 334, 335, 336, 337, 349, 354, 376, 379, 388, 389, 425, 454, 458, 463, 475, 485, 487, 491, 493, 495, 498, 499, 503, 504, 506, 508, 512, 515, 518, 519, 521, 524, 526, 528, 530, 531, 532, 533, 534, 536, 537, 539, 542, 543, 547, 548, 549, 550, 551, 553, 554, 556, 558, 559, 563, 564, 566, 567, 570, 571, 572, 573, 574, 575, 576, 577, 578, 579, 580, 581, 582, 583, 584, 585, 586, 587, 588, 589, 590, 591, 592, 593, 594, 595, 596, 597, 598, 599, 600, 601, 602, 603, 604, 605, 606, 607, 608, 609, 610, 611, 612, 613, 614, 615, 616, 617, 618, 619, 620, 621, 622, 623, 624, 625, 626, 627, 628, 629, 630, 631, 632, 633, 634, 635, 636, 637, 638, 639, 640, 641, 642, 643, 644, 645, 646, 647, 648, 649, 650, 651, 652, 653, 654, 655, 656, 657, 658, 659, 660, 661, 662, 663, 664, 665, 666, 667, 668, 669, 670, 671, 672, 673, 674, 675, 676, 677, 678, 679, 680, 681, 682, 683, 684, 685, 686, 687, 688, 689, 690, 691, 692, 693, 694, 695, 696, 697, 698, 699, 700, 701, 702, 703, 704, 705, 706, 707, 708, 709, 710, 711, 712, 713, 714, 715, 716, 717, 718, 719, 720, 721, 722, 723, 724, 725, 726, 727, 728, 729, 730, 731, 732, 733, 734, 735, 736, 737, 738, 739, 740, 741, 742, 743, 744, 745, 746, 747, 748, 749, 750, 751, 752, 753, 754, 755, 756, 757, 758, 759, 760, 761, 762, 763, 764, 765, 766, 767, 768, 769, 770, 771, 772, 773, 774, 775, 776, 777, 778, 779, 780, 781, 782, 783, 784, 785, 786, 787, 788, 789, 790, 791, 792, 793, 804, 809, 826, 829, 838, 839, 877, 901, 903, 905, 910, 923]",True,"[134, 605]","[103, 104, 105, 106, 107, 108, 109, 110, 111, 112, 113, 114, 115, 116, 117, 118, 119, 120, 121, 122, 123, 124, 125, 126, 127, 128, 129, 130, 131, 132, 133, 134, 135, 136, 137, 138, 139, 140, 141, 142, 143, 144, 145, 146, 147, 148, 149, 150, 151, 152, 153, 154, 155, 156, 157, 158, 159, 160, 161, 162, 163, 164, 165, 166, 167, 168, 169, 170, 171, 172, 173, 174, 175, 176, 177, 178, 179, 180, 181, 182, 183, 184, 185, 186, 187, 188, 189, 190, 191, 192, 193, 194, 195, 196, 197, 198, 199, 200, 201, 202, 203, 204, 205, 206, 207, 208, 209, 210, 211, 212, 213, 214, 215, 216, 217, 218, 219, 220, 221, 222, 223, 224, 225, 226, 227, 228, 229, 230, 231, 232, 233, 234, 235, 236, 237, 238, 239, 240, 241, 242, 243, 244, 245, 246, 247, 248, 249, 250, 251, 252, 253, 254, 255, 256, 257, 258, 259, 260, 261, 262, 263, 264, 265, 266, 267, 268, 269, 270, 271, 272, 273, 274, 275, 276, 277, 278, 279, 280, 281, 282, 283, 284, 285, 286, 287, 288, 289, 290, 291, 292, 293, 294, 295, 296, 297, 298, 299, 300, 301, 302, 303, 304, 305, 306, 307, 308, 309, 310, 311, 312, 313, 314, 315, 316, 317, 318, 319, 320, 321, 322, 323, 324, 325, 326, 327, 328, 329, 330, 331, 332, 333, 334, 335, 336, 337, 574, 575, 576, 577, 578, 579, 580, 581, 582, 583, 584, 585, 586, 587, 588, 589, 590, 591, 592, 593, 594, 595, 596, 597, 598, 599, 600, 601, 602, 603, 604, 605, 606, 607, 608, 609, 610, 611, 612, 613, 614, 615, 616, 617, 618, 619, 620, 621, 622, 623, 624, 625, 626, 627, 628, 629, 630, 631, 632, 633, 634, 635, 636, 637, 638, 639, 640, 641, 642, 643, 644, 645, 646, 647, 648, 649, 650, 651, 652, 653, 654, 655, 656, 657, 658, 659, 660, 661, 662, 663, 664, 665, 666, 667, 668, 669, 670, 671, 672, 673, 674, 675, 676, 677, 678, 679, 680, 681, 682, 683, 684, 685, 686, 687, 688, 689, 690, 691, 692, 693, 694, 695, 696, 697, 698, 699, 700, 701, 702, 703, 704, 705, 706, 707, 708, 709, 710, 711, 712, 713, 714, 715, 716, 717, 718, 719, 720, 721, 722, 723, 724, 725, 726, 727, 728, 729, 730, 731, 732, 733, 734, 735, 736, 737, 738, 739, 740, 741, 742, 743, 744, 745, 746, 747, 748, 749, 750, 751, 752, 753, 754, 755, 756, 757, 758, 759, 760, 761, 762, 763, 764, 765, 766, 767, 768, 769, 770, 771, 772, 773, 774, 775, 776, 777, 778, 779, 780, 781, 782, 783, 784, 785, 786, 787, 788, 789, 790, 791, 792, 793]","[134, 605]","[134, 156, 268, 349, 605, 628, 727, 804]","[0, 5, 7, 10, 14, 19, 20, 22, 24, 32, 33, 34, 37, 38, 40, 44, 46, 48, 49, 51, 56, 61, 63, 65, 67, 68, 73, 74, 75, 76, 79, 81, 82, 83, 85, 87, 88, 92, 93, 95, 96, 99, 100, 101, 115, 116, 124, 134, 142, 161, 167, 169, 170, 186, 202, 240, 244, 254, 260, 267, 277, 300, 303, 307, 310, 322, 331, 376, 485, 491, 493, 495, 499, 503, 504, 506, 508, 515, 518, 519, 521, 524, 526, 528, 533, 537, 539, 542, 543, 547, 548, 549, 550, 551, 553, 554, 556, 558, 559, 563, 564, 566, 567, 570, 571, 572, 586, 587, 595, 605, 613, 633, 639, 640, 641, 657, 672, 704, 717, 726, 736, 759, 761, 765, 768, 780, 788, 792, 826]","[1, 13, 14, 29, 54, 55, 56, 57, 58, 60, 102, 118, 125, 127, 130, 134, 146, 149, 153, 175, 182, 187, 189, 191, 197, 225, 230, 238, 264, 265, 266, 286, 302, 317, 336, 354, 379, 388, 389, 425, 454, 458, 463, 475, 487, 498, 499, 512, 530, 531, 532, 533, 534, 536, 573, 589, 596, 598, 601, 605, 617, 620, 624, 646, 653, 658, 660, 662, 668, 689, 694, 702, 724, 725, 745, 760, 775, 793, 809, 829, 838, 839, 877, 901, 903, 905, 910, 923]","[1, 13, 14, 29, 54, 55, 56, 57, 58, 60, 102, 118, 125, 127, 130, 134, 146, 149, 153, 175, 182, 187, 189, 191, 197, 225, 230, 238, 264, 265, 266, 286, 302, 317, 336, 379, 388, 389, 425, 454, 458, 463, 475, 487, 498, 499, 512, 530, 531, 532, 533, 534, 536, 573, 589, 596, 598, 601, 605, 617, 620, 624, 646, 653, 658, 660, 662, 668, 689, 694, 702, 724, 725, 745, 760, 775, 793, 829, 838, 839, 877, 901, 903, 905, 910, 923]",7/6 successful match,True,[347],True,271,False,,1.0,True,Cabazon Truck Stop ( Shell ),Shell
"Cabazon , 92230 Cabazon Truck Stop ( Shell )",5 / 951-849-7083 I-10 Exit 106 ( Main St ),24 M 00,Cabazon,92230,Cabazon Truck Stop ( Shell ),951-849-7083,2008,Cabazon,CA,Shell,( Main St ),I-10 Exit 106 ,Exit,106,False,,False,I-10,,,,,"[605, 134]","[134, 605]","[134, 605]","[134, 156, 268, 349, 605, 628, 727, 804]","[103, 104, 105, 106, 107, 108, 109, 110, 111, 112, 113, 114, 115, 116, 117, 118, 119, 120, 121, 122, 123, 124, 125, 126, 127, 128, 129, 130, 131, 132, 133, 134, 135, 136, 137, 138, 139, 140, 141, 142, 143, 144, 145, 146, 147, 148, 149, 150, 151, 152, 153, 154, 155, 156, 157, 158, 159, 160, 161, 162, 163, 164, 165, 166, 167, 168, 169, 170, 171, 172, 173, 174, 175, 176, 177, 178, 179, 180, 181, 182, 183, 184, 185, 186, 187, 188, 189, 190, 191, 192, 193, 194, 195, 196, 197, 198, 199, 200, 201, 202, 203, 204, 205, 206, 207, 208, 209, 210, 211, 212, 213, 214, 215, 216, 217, 218, 219, 220, 221, 222, 223, 224, 225, 226, 227, 228, 229, 230, 231, 232, 233, 234, 235, 236, 237, 238, 239, 240, 241, 242, 243, 244, 245, 246, 247, 248, 249, 250, 251, 252, 253, 254, 255, 256, 257, 258, 259, 260, 261, 262, 263, 264, 265, 266, 267, 268, 269, 270, 271, 272, 273, 274, 275, 276, 277, 278, 279, 280, 281, 282, 283, 284, 285, 286, 287, 288, 289, 290, 291, 292, 293, 294, 295, 296, 297, 298, 299, 300, 301, 302, 303, 304, 305, 306, 307, 308, 309, 310, 311, 312, 313, 314, 315, 316, 317, 318, 319, 320, 321, 322, 323, 324, 325, 326, 327, 328, 329, 330, 331, 332, 333, 334, 335, 336, 337, 574, 575, 576, 577, 578, 579, 580, 581, 582, 583, 584, 585, 586, 587, 588, 589, 590, 591, 592, 593, 594, 595, 596, 597, 598, 599, 600, 601, 602, 603, 604, 605, 606, 607, 608, 609, 610, 611, 612, 613, 614, 615, 616, 617, 618, 619, 620, 621, 622, 623, 624, 625, 626, 627, 628, 629, 630, 631, 632, 633, 634, 635, 636, 637, 638, 639, 640, 641, 642, 643, 644, 645, 646, 647, 648, 649, 650, 651, 652, 653, 654, 655, 656, 657, 658, 659, 660, 661, 662, 663, 664, 665, 666, 667, 668, 669, 670, 671, 672, 673, 674, 675, 676, 677, 678, 679, 680, 681, 682, 683, 684, 685, 686, 687, 688, 689, 690, 691, 692, 693, 694, 695, 696, 697, 698, 699, 700, 701, 702, 703, 704, 705, 706, 707, 708, 709, 710, 711, 712, 713, 714, 715, 716, 717, 718, 719, 720, 721, 722, 723, 724, 725, 726, 727, 728, 729, 730, 731, 732, 733, 734, 735, 736, 737, 738, 739, 740, 741, 742, 743, 744, 745, 746, 747, 748, 749, 750, 751, 752, 753, 754, 755, 756, 757, 758, 759, 760, 761, 762, 763, 764, 765, 766, 767, 768, 769, 770, 771, 772, 773, 774, 775, 776, 777, 778, 779, 780, 781, 782, 783, 784, 785, 786, 787, 788, 789, 790, 791, 792, 793]","[0, 5, 7, 10, 14, 19, 20, 22, 24, 32, 33, 34, 37, 38, 40, 44, 46, 48, 49, 51, 56, 61, 63, 65, 67, 68, 73, 74, 75, 76, 79, 81, 82, 83, 85, 87, 88, 92, 93, 95, 96, 99, 100, 101, 115, 116, 124, 134, 142, 161, 167, 169, 170, 186, 202, 240, 244, 254, 260, 267, 277, 300, 303, 307, 310, 322, 331, 376, 485, 491, 493, 495, 499, 503, 504, 506, 508, 515, 518, 519, 521, 524, 526, 528, 533, 537, 539, 542, 543, 547, 548, 549, 550, 551, 553, 554, 556, 558, 559, 563, 564, 566, 567, 570, 571, 572, 586, 587, 595, 605, 613, 633, 639, 640, 641, 657, 672, 704, 717, 726, 736, 759, 761, 765, 768, 780, 788, 792, 826]","[1, 13, 14, 29, 54, 55, 56, 57, 58, 60, 102, 118, 125, 127, 130, 134, 146, 149, 153, 175, 182, 187, 189, 191, 197, 225, 230, 238, 264, 265, 266, 286, 302, 317, 336, 379, 388, 389, 425, 454, 458, 463, 475, 487, 498, 499, 512, 530, 531, 532, 533, 534, 536, 573, 589, 596, 598, 601, 605, 617, 620, 624, 646, 653, 658, 660, 662, 668, 689, 694, 702, 724, 725, 745, 760, 775, 793, 829, 838, 839, 877, 901, 903, 905, 910, 923]","[1, 13, 14, 29, 54, 55, 56, 57, 58, 60, 102, 118, 125, 127, 130, 134, 146, 149, 153, 175, 182, 187, 189, 191, 197, 225, 230, 238, 264, 265, 266, 286, 302, 317, 336, 354, 379, 388, 389, 425, 454, 458, 463, 475, 487, 498, 499, 512, 530, 531, 532, 533, 534, 536, 573, 589, 596, 598, 601, 605, 617, 620, 624, 646, 653, 658, 660, 662, 668, 689, 694, 702, 724, 725, 745, 760, 775, 793, 809, 829, 838, 839, 877, 901, 903, 905, 910, 923]","[0, 1, 5, 7, 10, 13, 14, 19, 20, 22, 24, 29, 32, 33, 34, 37, 38, 40, 44, 46, 48, 49, 51, 54, 55, 56, 57, 58, 60, 61, 63, 65, 67, 68, 73, 74, 75, 76, 79, 81, 82, 83, 85, 87, 88, 92, 93, 95, 96, 99, 100, 101, 102, 103, 104, 105, 106, 107, 108, 109, 110, 111, 112, 113, 114, 115, 116, 117, 118, 119, 120, 121, 122, 123, 124, 125, 126, 127, 128, 129, 130, 131, 132, 133, 134, 135, 136, 137, 138, 139, 140, 141, 142, 143, 144, 145, 146, 147, 148, 149, 150, 151, 152, 153, 154, 155, 156, 157, 158, 159, 160, 161, 162, 163, 164, 165, 166, 167, 168, 169, 170, 171, 172, 173, 174, 175, 176, 177, 178, 179, 180, 181, 182, 183, 184, 185, 186, 187, 188, 189, 190, 191, 192, 193, 194, 195, 196, 197, 198, 199, 200, 201, 202, 203, 204, 205, 206, 207, 208, 209, 210, 211, 212, 213, 214, 215, 216, 217, 218, 219, 220, 221, 222, 223, 224, 225, 226, 227, 228, 229, 230, 231, 232, 233, 234, 235, 236, 237, 238, 239, 240, 241, 242, 243, 244, 245, 246, 247, 248, 249, 250, 251, 252, 253, 254, 255, 256, 257, 258, 259, 260, 261, 262, 263, 264, 265, 266, 267, 268, 269, 270, 271, 272, 273, 274, 275, 276, 277, 278, 279, 280, 281, 282, 283, 284, 285, 286, 287, 288, 289, 290, 291, 292, 293, 294, 295, 296, 297, 298, 299, 300, 301, 302, 303, 304, 305, 306, 307, 308, 309, 310, 311, 312, 313, 314, 315, 316, 317, 318, 319, 320, 321, 322, 323, 324, 325, 326, 327, 328, 329, 330, 331, 332, 333, 334, 335, 336, 337, 349, 354, 376, 379, 388, 389, 425, 454, 458, 463, 475, 485, 487, 491, 493, 495, 498, 499, 503, 504, 506, 508, 512, 515, 518, 519, 521, 524, 526, 528, 530, 531, 532, 533, 534, 536, 537, 539, 542, 543, 547, 548, 549, 550, 551, 553, 554, 556, 558, 559, 563, 564, 566, 567, 570, 571, 572, 573, 574, 575, 576, 577, 578, 579, 580, 581, 582, 583, 584, 585, 586, 587, 588, 589, 590, 591, 592, 593, 594, 595, 596, 597, 598, 599, 600, 601, 602, 603, 604, 605, 606, 607, 608, 609, 610, 611, 612, 613, 614, 615, 616, 617, 618, 619, 620, 621, 622, 623, 624, 625, 626, 627, 628, 629, 630, 631, 632, 633, 634, 635, 636, 637, 638, 639, 640, 641, 642, 643, 644, 645, 646, 647, 648, 649, 650, 651, 652, 653, 654, 655, 656, 657, 658, 659, 660, 661, 662, 663, 664, 665, 666, 667, 668, 669, 670, 671, 672, 673, 674, 675, 676, 677, 678, 679, 680, 681, 682, 683, 684, 685, 686, 687, 688, 689, 690, 691, 692, 693, 694, 695, 696, 697, 698, 699, 700, 701, 702, 703, 704, 705, 706, 707, 708, 709, 710, 711, 712, 713, 714, 715, 716, 717, 718, 719, 720, 721, 722, 723, 724, 725, 726, 727, 728, 729, 730, 731, 732, 733, 734, 735, 736, 737, 738, 739, 740, 741, 742, 743, 744, 745, 746, 747, 748, 749, 750, 751, 752, 753, 754, 755, 756, 757, 758, 759, 760, 761, 762, 763, 764, 765, 766, 767, 768, 769, 770, 771, 772, 773, 774, 775, 776, 777, 778, 779, 780, 781, 782, 783, 784, 785, 786, 787, 788, 789, 790, 791, 792, 793, 804, 809, 826, 829, 838, 839, 877, 901, 903, 905, 910, 923]",True,"[134, 605]","[103, 104, 105, 106, 107, 108, 109, 110, 111, 112, 113, 114, 115, 116, 117, 118, 119, 120, 121, 122, 123, 124, 125, 126, 127, 128, 129, 130, 131, 132, 133, 134, 135, 136, 137, 138, 139, 140, 141, 142, 143, 144, 145, 146, 147, 148, 149, 150, 151, 152, 153, 154, 155, 156, 157, 158, 159, 160, 161, 162, 163, 164, 165, 166, 167, 168, 169, 170, 171, 172, 173, 174, 175, 176, 177, 178, 179, 180, 181, 182, 183, 184, 185, 186, 187, 188, 189, 190, 191, 192, 193, 194, 195, 196, 197, 198, 199, 200, 201, 202, 203, 204, 205, 206, 207, 208, 209, 210, 211, 212, 213, 214, 215, 216, 217, 218, 219, 220, 221, 222, 223, 224, 225, 226, 227, 228, 229, 230, 231, 232, 233, 234, 235, 236, 237, 238, 239, 240, 241, 242, 243, 244, 245, 246, 247, 248, 249, 250, 251, 252, 253, 254, 255, 256, 257, 258, 259, 260, 261, 262, 263, 264, 265, 266, 267, 268, 269, 270, 271, 272, 273, 274, 275, 276, 277, 278, 279, 280, 281, 282, 283, 284, 285, 286, 287, 288, 289, 290, 291, 292, 293, 294, 295, 296, 297, 298, 299, 300, 301, 302, 303, 304, 305, 306, 307, 308, 309, 310, 311, 312, 313, 314, 315, 316, 317, 318, 319, 320, 321, 322, 323, 324, 325, 326, 327, 328, 329, 330, 331, 332, 333, 334, 335, 336, 337, 574, 575, 576, 577, 578, 579, 580, 581, 582, 583, 584, 585, 586, 587, 588, 589, 590, 591, 592, 593, 594, 595, 596, 597, 598, 599, 600, 601, 602, 603, 604, 605, 606, 607, 608, 609, 610, 611, 612, 613, 614, 615, 616, 617, 618, 619, 620, 621, 622, 623, 624, 625, 626, 627, 628, 629, 630, 631, 632, 633, 634, 635, 636, 637, 638, 639, 640, 641, 642, 643, 644, 645, 646, 647, 648, 649, 650, 651, 652, 653, 654, 655, 656, 657, 658, 659, 660, 661, 662, 663, 664, 665, 666, 667, 668, 669, 670, 671, 672, 673, 674, 675, 676, 677, 678, 679, 680, 681, 682, 683, 684, 685, 686, 687, 688, 689, 690, 691, 692, 693, 694, 695, 696, 697, 698, 699, 700, 701, 702, 703, 704, 705, 706, 707, 708, 709, 710, 711, 712, 713, 714, 715, 716, 717, 718, 719, 720, 721, 722, 723, 724, 725, 726, 727, 728, 729, 730, 731, 732, 733, 734, 735, 736, 737, 738, 739, 740, 741, 742, 743, 744, 745, 746, 747, 748, 749, 750, 751, 752, 753, 754, 755, 756, 757, 758, 759, 760, 761, 762, 763, 764, 765, 766, 767, 768, 769, 770, 771, 772, 773, 774, 775, 776, 777, 778, 779, 780, 781, 782, 783, 784, 785, 786, 787, 788, 789, 790, 791, 792, 793]","[134, 605]","[134, 156, 268, 349, 605, 628, 727, 804]","[0, 5, 7, 10, 14, 19, 20, 22, 24, 32, 33, 34, 37, 38, 40, 44, 46, 48, 49, 51, 56, 61, 63, 65, 67, 68, 73, 74, 75, 76, 79, 81, 82, 83, 85, 87, 88, 92, 93, 95, 96, 99, 100, 101, 115, 116, 124, 134, 142, 161, 167, 169, 170, 186, 202, 240, 244, 254, 260, 267, 277, 300, 303, 307, 310, 322, 331, 376, 485, 491, 493, 495, 499, 503, 504, 506, 508, 515, 518, 519, 521, 524, 526, 528, 533, 537, 539, 542, 543, 547, 548, 549, 550, 551, 553, 554, 556, 558, 559, 563, 564, 566, 567, 570, 571, 572, 586, 587, 595, 605, 613, 633, 639, 640, 641, 657, 672, 704, 717, 726, 736, 759, 761, 765, 768, 780, 788, 792, 826]","[1, 13, 14, 29, 54, 55, 56, 57, 58, 60, 102, 118, 125, 127, 130, 134, 146, 149, 153, 175, 182, 187, 189, 191, 197, 225, 230, 238, 264, 265, 266, 286, 302, 317, 336, 354, 379, 388, 389, 425, 454, 458, 463, 475, 487, 498, 499, 512, 530, 531, 532, 533, 534, 536, 573, 589, 596, 598, 601, 605, 617, 620, 624, 646, 653, 658, 660, 662, 668, 689, 694, 702, 724, 725, 745, 760, 775, 793, 809, 829, 838, 839, 877, 901, 903, 905, 910, 923]","[1, 13, 14, 29, 54, 55, 56, 57, 58, 60, 102, 118, 125, 127, 130, 134, 146, 149, 153, 175, 182, 187, 189, 191, 197, 225, 230, 238, 264, 265, 266, 286, 302, 317, 336, 379, 388, 389, 425, 454, 458, 463, 475, 487, 498, 499, 512, 530, 531, 532, 533, 534, 536, 573, 589, 596, 598, 601, 605, 617, 620, 624, 646, 653, 658, 660, 662, 668, 689, 694, 702, 724, 725, 745, 760, 775, 793, 829, 838, 839, 877, 901, 903, 905, 910, 923]",7/6 successful match,True,[347],True,271,False,,1.0,True,Cabazon Truck Stop ( Shell ),Shell
Cabazon ( 92230 ) Cabazon Truck Stop ( Shell ),5 951-849-7083 I-10 Exit 106 ( Main St ),S <U+2610>,Cabazon,92230,Cabazon Truck Stop ( Shell ),951-849-7083,2014,Cabazon,CA,Shell,( Main St ),I-10 Exit 106 ,Exit,106,False,,False,I-10,,,,,"[605, 134]","[134, 605]","[134, 605]","[134, 156, 268, 349, 605, 628, 727, 804]","[103, 104, 105, 106, 107, 108, 109, 110, 111, 112, 113, 114, 115, 116, 117, 118, 119, 120, 121, 122, 123, 124, 125, 126, 127, 128, 129, 130, 131, 132, 133, 134, 135, 136, 137, 138, 139, 140, 141, 142, 143, 144, 145, 146, 147, 148, 149, 150, 151, 152, 153, 154, 155, 156, 157, 158, 159, 160, 161, 162, 163, 164, 165, 166, 167, 168, 169, 170, 171, 172, 173, 174, 175, 176, 177, 178, 179, 180, 181, 182, 183, 184, 185, 186, 187, 188, 189, 190, 191, 192, 193, 194, 195, 196, 197, 198, 199, 200, 201, 202, 203, 204, 205, 206, 207, 208, 209, 210, 211, 212, 213, 214, 215, 216, 217, 218, 219, 220, 221, 222, 223, 224, 225, 226, 227, 228, 229, 230, 231, 232, 233, 234, 235, 236, 237, 238, 239, 240, 241, 242, 243, 244, 245, 246, 247, 248, 249, 250, 251, 252, 253, 254, 255, 256, 257, 258, 259, 260, 261, 262, 263, 264, 265, 266, 267, 268, 269, 270, 271, 272, 273, 274, 275, 276, 277, 278, 279, 280, 281, 282, 283, 284, 285, 286, 287, 288, 289, 290, 291, 292, 293, 294, 295, 296, 297, 298, 299, 300, 301, 302, 303, 304, 305, 306, 307, 308, 309, 310, 311, 312, 313, 314, 315, 316, 317, 318, 319, 320, 321, 322, 323, 324, 325, 326, 327, 328, 329, 330, 331, 332, 333, 334, 335, 336, 337, 574, 575, 576, 577, 578, 579, 580, 581, 582, 583, 584, 585, 586, 587, 588, 589, 590, 591, 592, 593, 594, 595, 596, 597, 598, 599, 600, 601, 602, 603, 604, 605, 606, 607, 608, 609, 610, 611, 612, 613, 614, 615, 616, 617, 618, 619, 620, 621, 622, 623, 624, 625, 626, 627, 628, 629, 630, 631, 632, 633, 634, 635, 636, 637, 638, 639, 640, 641, 642, 643, 644, 645, 646, 647, 648, 649, 650, 651, 652, 653, 654, 655, 656, 657, 658, 659, 660, 661, 662, 663, 664, 665, 666, 667, 668, 669, 670, 671, 672, 673, 674, 675, 676, 677, 678, 679, 680, 681, 682, 683, 684, 685, 686, 687, 688, 689, 690, 691, 692, 693, 694, 695, 696, 697, 698, 699, 700, 701, 702, 703, 704, 705, 706, 707, 708, 709, 710, 711, 712, 713, 714, 715, 716, 717, 718, 719, 720, 721, 722, 723, 724, 725, 726, 727, 728, 729, 730, 731, 732, 733, 734, 735, 736, 737, 738, 739, 740, 741, 742, 743, 744, 745, 746, 747, 748, 749, 750, 751, 752, 753, 754, 755, 756, 757, 758, 759, 760, 761, 762, 763, 764, 765, 766, 767, 768, 769, 770, 771, 772, 773, 774, 775, 776, 777, 778, 779, 780, 781, 782, 783, 784, 785, 786, 787, 788, 789, 790, 791, 792, 793]","[0, 5, 7, 10, 14, 19, 20, 22, 24, 32, 33, 34, 37, 38, 40, 44, 46, 48, 49, 51, 56, 61, 63, 65, 67, 68, 73, 74, 75, 76, 79, 81, 82, 83, 85, 87, 88, 92, 93, 95, 96, 99, 100, 101, 115, 116, 124, 134, 142, 161, 167, 169, 170, 186, 202, 240, 244, 254, 260, 267, 277, 300, 303, 307, 310, 322, 331, 376, 485, 491, 493, 495, 499, 503, 504, 506, 508, 515, 518, 519, 521, 524, 526, 528, 533, 537, 539, 542, 543, 547, 548, 549, 550, 551, 553, 554, 556, 558, 559, 563, 564, 566, 567, 570, 571, 572, 586, 587, 595, 605, 613, 633, 639, 640, 641, 657, 672, 704, 717, 726, 736, 759, 761, 765, 768, 780, 788, 792, 826]","[1, 13, 14, 29, 54, 55, 56, 57, 58, 60, 102, 118, 125, 127, 130, 134, 146, 149, 153, 175, 182, 187, 189, 191, 197, 225, 230, 238, 264, 265, 266, 286, 302, 317, 336, 379, 388, 389, 425, 454, 458, 463, 475, 487, 498, 499, 512, 530, 531, 532, 533, 534, 536, 573, 589, 596, 598, 601, 605, 617, 620, 624, 646, 653, 658, 660, 662, 668, 689, 694, 702, 724, 725, 745, 760, 775, 793, 829, 838, 839, 877, 901, 903, 905, 910, 923]","[1, 13, 14, 29, 54, 55, 56, 57, 58, 60, 102, 118, 125, 127, 130, 134, 146, 149, 153, 175, 182, 187, 189, 191, 197, 225, 230, 238, 264, 265, 266, 286, 302, 317, 336, 354, 379, 388, 389, 425, 454, 458, 463, 475, 487, 498, 499, 512, 530, 531, 532, 533, 534, 536, 573, 589, 596, 598, 601, 605, 617, 620, 624, 646, 653, 658, 660, 662, 668, 689, 694, 702, 724, 725, 745, 760, 775, 793, 809, 829, 838, 839, 877, 901, 903, 905, 910, 923]","[0, 1, 5, 7, 10, 13, 14, 19, 20, 22, 24, 29, 32, 33, 34, 37, 38, 40, 44, 46, 48, 49, 51, 54, 55, 56, 57, 58, 60, 61, 63, 65, 67, 68, 73, 74, 75, 76, 79, 81, 82, 83, 85, 87, 88, 92, 93, 95, 96, 99, 100, 101, 102, 103, 104, 105, 106, 107, 108, 109, 110, 111, 112, 113, 114, 115, 116, 117, 118, 119, 120, 121, 122, 123, 124, 125, 126, 127, 128, 129, 130, 131, 132, 133, 134, 135, 136, 137, 138, 139, 140, 141, 142, 143, 144, 145, 146, 147, 148, 149, 150, 151, 152, 153, 154, 155, 156, 157, 158, 159, 160, 161, 162, 163, 164, 165, 166, 167, 168, 169, 170, 171, 172, 173, 174, 175, 176, 177, 178, 179, 180, 181, 182, 183, 184, 185, 186, 187, 188, 189, 190, 191, 192, 193, 194, 195, 196, 197, 198, 199, 200, 201, 202, 203, 204, 205, 206, 207, 208, 209, 210, 211, 212, 213, 214, 215, 216, 217, 218, 219, 220, 221, 222, 223, 224, 225, 226, 227, 228, 229, 230, 231, 232, 233, 234, 235, 236, 237, 238, 239, 240, 241, 242, 243, 244, 245, 246, 247, 248, 249, 250, 251, 252, 253, 254, 255, 256, 257, 258, 259, 260, 261, 262, 263, 264, 265, 266, 267, 268, 269, 270, 271, 272, 273, 274, 275, 276, 277, 278, 279, 280, 281, 282, 283, 284, 285, 286, 287, 288, 289, 290, 291, 292, 293, 294, 295, 296, 297, 298, 299, 300, 301, 302, 303, 304, 305, 306, 307, 308, 309, 310, 311, 312, 313, 314, 315, 316, 317, 318, 319, 320, 321, 322, 323, 324, 325, 326, 327, 328, 329, 330, 331, 332, 333, 334, 335, 336, 337, 349, 354, 376, 379, 388, 389, 425, 454, 458, 463, 475, 485, 487, 491, 493, 495, 498, 499, 503, 504, 506, 508, 512, 515, 518, 519, 521, 524, 526, 528, 530, 531, 532, 533, 534, 536, 537, 539, 542, 543, 547, 548, 549, 550, 551, 553, 554, 556, 558, 559, 563, 564, 566, 567, 570, 571, 572, 573, 574, 575, 576, 577, 578, 579, 580, 581, 582, 583, 584, 585, 586, 587, 588, 589, 590, 591, 592, 593, 594, 595, 596, 597, 598, 599, 600, 601, 602, 603, 604, 605, 606, 607, 608, 609, 610, 611, 612, 613, 614, 615, 616, 617, 618, 619, 620, 621, 622, 623, 624, 625, 626, 627, 628, 629, 630, 631, 632, 633, 634, 635, 636, 637, 638, 639, 640, 641, 642, 643, 644, 645, 646, 647, 648, 649, 650, 651, 652, 653, 654, 655, 656, 657, 658, 659, 660, 661, 662, 663, 664, 665, 666, 667, 668, 669, 670, 671, 672, 673, 674, 675, 676, 677, 678, 679, 680, 681, 682, 683, 684, 685, 686, 687, 688, 689, 690, 691, 692, 693, 694, 695, 696, 697, 698, 699, 700, 701, 702, 703, 704, 705, 706, 707, 708, 709, 710, 711, 712, 713, 714, 715, 716, 717, 718, 719, 720, 721, 722, 723, 724, 725, 726, 727, 728, 729, 730, 731, 732, 733, 734, 735, 736, 737, 738, 739, 740, 741, 742, 743, 744, 745, 746, 747, 748, 749, 750, 751, 752, 753, 754, 755, 756, 757, 758, 759, 760, 761, 762, 763, 764, 765, 766, 767, 768, 769, 770, 771, 772, 773, 774, 775, 776, 777, 778, 779, 780, 781, 782, 783, 784, 785, 786, 787, 788, 789, 790, 791, 792, 793, 804, 809, 826, 829, 838, 839, 877, 901, 903, 905, 910, 923]",True,"[134, 605]","[103, 104, 105, 106, 107, 108, 109, 110, 111, 112, 113, 114, 115, 116, 117, 118, 119, 120, 121, 122, 123, 124, 125, 126, 127, 128, 129, 130, 131, 132, 133, 134, 135, 136, 137, 138, 139, 140, 141, 142, 143, 144, 145, 146, 147, 148, 149, 150, 151, 152, 153, 154, 155, 156, 157, 158, 159, 160, 161, 162, 163, 164, 165, 166, 167, 168, 169, 170, 171, 172, 173, 174, 175, 176, 177, 178, 179, 180, 181, 182, 183, 184, 185, 186, 187, 188, 189, 190, 191, 192, 193, 194, 195, 196, 197, 198, 199, 200, 201, 202, 203, 204, 205, 206, 207, 208, 209, 210, 211, 212, 213, 214, 215, 216, 217, 218, 219, 220, 221, 222, 223, 224, 225, 226, 227, 228, 229, 230, 231, 232, 233, 234, 235, 236, 237, 238, 239, 240, 241, 242, 243, 244, 245, 246, 247, 248, 249, 250, 251, 252, 253, 254, 255, 256, 257, 258, 259, 260, 261, 262, 263, 264, 265, 266, 267, 268, 269, 270, 271, 272, 273, 274, 275, 276, 277, 278, 279, 280, 281, 282, 283, 284, 285, 286, 287, 288, 289, 290, 291, 292, 293, 294, 295, 296, 297, 298, 299, 300, 301, 302, 303, 304, 305, 306, 307, 308, 309, 310, 311, 312, 313, 314, 315, 316, 317, 318, 319, 320, 321, 322, 323, 324, 325, 326, 327, 328, 329, 330, 331, 332, 333, 334, 335, 336, 337, 574, 575, 576, 577, 578, 579, 580, 581, 582, 583, 584, 585, 586, 587, 588, 589, 590, 591, 592, 593, 594, 595, 596, 597, 598, 599, 600, 601, 602, 603, 604, 605, 606, 607, 608, 609, 610, 611, 612, 613, 614, 615, 616, 617, 618, 619, 620, 621, 622, 623, 624, 625, 626, 627, 628, 629, 630, 631, 632, 633, 634, 635, 636, 637, 638, 639, 640, 641, 642, 643, 644, 645, 646, 647, 648, 649, 650, 651, 652, 653, 654, 655, 656, 657, 658, 659, 660, 661, 662, 663, 664, 665, 666, 667, 668, 669, 670, 671, 672, 673, 674, 675, 676, 677, 678, 679, 680, 681, 682, 683, 684, 685, 686, 687, 688, 689, 690, 691, 692, 693, 694, 695, 696, 697, 698, 699, 700, 701, 702, 703, 704, 705, 706, 707, 708, 709, 710, 711, 712, 713, 714, 715, 716, 717, 718, 719, 720, 721, 722, 723, 724, 725, 726, 727, 728, 729, 730, 731, 732, 733, 734, 735, 736, 737, 738, 739, 740, 741, 742, 743, 744, 745, 746, 747, 748, 749, 750, 751, 752, 753, 754, 755, 756, 757, 758, 759, 760, 761, 762, 763, 764, 765, 766, 767, 768, 769, 770, 771, 772, 773, 774, 775, 776, 777, 778, 779, 780, 781, 782, 783, 784, 785, 786, 787, 788, 789, 790, 791, 792, 793]","[134, 605]","[134, 156, 268, 349, 605, 628, 727, 804]","[0, 5, 7, 10, 14, 19, 20, 22, 24, 32, 33, 34, 37, 38, 40, 44, 46, 48, 49, 51, 56, 61, 63, 65, 67, 68, 73, 74, 75, 76, 79, 81, 82, 83, 85, 87, 88, 92, 93, 95, 96, 99, 100, 101, 115, 116, 124, 134, 142, 161, 167, 169, 170, 186, 202, 240, 244, 254, 260, 267, 277, 300, 303, 307, 310, 322, 331, 376, 485, 491, 493, 495, 499, 503, 504, 506, 508, 515, 518, 519, 521, 524, 526, 528, 533, 537, 539, 542, 543, 547, 548, 549, 550, 551, 553, 554, 556, 558, 559, 563, 564, 566, 567, 570, 571, 572, 586, 587, 595, 605, 613, 633, 639, 640, 641, 657, 672, 704, 717, 726, 736, 759, 761, 765, 768, 780, 788, 792, 826]","[1, 13, 14, 29, 54, 55, 56, 57, 58, 60, 102, 118, 125, 127, 130, 134, 146, 149, 153, 175, 182, 187, 189, 191, 197, 225, 230, 238, 264, 265, 266, 286, 302, 317, 336, 354, 379, 388, 389, 425, 454, 458, 463, 475, 487, 498, 499, 512, 530, 531, 532, 533, 534, 536, 573, 589, 596, 598, 601, 605, 617, 620, 624, 646, 653, 658, 660, 662, 668, 689, 694, 702, 724, 725, 745, 760, 775, 793, 809, 829, 838, 839, 877, 901, 903, 905, 910, 923]","[1, 13, 14, 29, 54, 55, 56, 57, 58, 60, 102, 118, 125, 127, 130, 134, 146, 149, 153, 175, 182, 187, 189, 191, 197, 225, 230, 238, 264, 265, 266, 286, 302, 317, 336, 379, 388, 389, 425, 454, 458, 463, 475, 487, 498, 499, 512, 530, 531, 532, 533, 534, 536, 573, 589, 596, 598, 601, 605, 617, 620, 624, 646, 653, 658, 660, 662, 668, 689, 694, 702, 724, 725, 745, 760, 775, 793, 829, 838, 839, 877, 901, 903, 905, 910, 923]",7/6 successful match,True,[347],True,271,False,,1.0,True,Cabazon Truck Stop ( Shell ),Shell
Cabazon ( 92230 ) Cabazon Truck Stop ( Shell ) ),951-849-7083 I-10 Exit 106 ( Main St ),<U+2610> S <U+25A1>,Cabazon,92230,Cabazon Truck Stop ( Shell ) ),951-849-7083,2015,Cabazon,CA,Shell,( Main St ),I-10 Exit 106 ,Exit,106,False,,False,I-10,,,,,"[605, 134]","[134, 605]","[134, 605]","[134, 156, 268, 349, 605, 628, 727, 804]","[103, 104, 105, 106, 107, 108, 109, 110, 111, 112, 113, 114, 115, 116, 117, 118, 119, 120, 121, 122, 123, 124, 125, 126, 127, 128, 129, 130, 131, 132, 133, 134, 135, 136, 137, 138, 139, 140, 141, 142, 143, 144, 145, 146, 147, 148, 149, 150, 151, 152, 153, 154, 155, 156, 157, 158, 159, 160, 161, 162, 163, 164, 165, 166, 167, 168, 169, 170, 171, 172, 173, 174, 175, 176, 177, 178, 179, 180, 181, 182, 183, 184, 185, 186, 187, 188, 189, 190, 191, 192, 193, 194, 195, 196, 197, 198, 199, 200, 201, 202, 203, 204, 205, 206, 207, 208, 209, 210, 211, 212, 213, 214, 215, 216, 217, 218, 219, 220, 221, 222, 223, 224, 225, 226, 227, 228, 229, 230, 231, 232, 233, 234, 235, 236, 237, 238, 239, 240, 241, 242, 243, 244, 245, 246, 247, 248, 249, 250, 251, 252, 253, 254, 255, 256, 257, 258, 259, 260, 261, 262, 263, 264, 265, 266, 267, 268, 269, 270, 271, 272, 273, 274, 275, 276, 277, 278, 279, 280, 281, 282, 283, 284, 285, 286, 287, 288, 289, 290, 291, 292, 293, 294, 295, 296, 297, 298, 299, 300, 301, 302, 303, 304, 305, 306, 307, 308, 309, 310, 311, 312, 313, 314, 315, 316, 317, 318, 319, 320, 321, 322, 323, 324, 325, 326, 327, 328, 329, 330, 331, 332, 333, 334, 335, 336, 337, 574, 575, 576, 577, 578, 579, 580, 581, 582, 583, 584, 585, 586, 587, 588, 589, 590, 591, 592, 593, 594, 595, 596, 597, 598, 599, 600, 601, 602, 603, 604, 605, 606, 607, 608, 609, 610, 611, 612, 613, 614, 615, 616, 617, 618, 619, 620, 621, 622, 623, 624, 625, 626, 627, 628, 629, 630, 631, 632, 633, 634, 635, 636, 637, 638, 639, 640, 641, 642, 643, 644, 645, 646, 647, 648, 649, 650, 651, 652, 653, 654, 655, 656, 657, 658, 659, 660, 661, 662, 663, 664, 665, 666, 667, 668, 669, 670, 671, 672, 673, 674, 675, 676, 677, 678, 679, 680, 681, 682, 683, 684, 685, 686, 687, 688, 689, 690, 691, 692, 693, 694, 695, 696, 697, 698, 699, 700, 701, 702, 703, 704, 705, 706, 707, 708, 709, 710, 711, 712, 713, 714, 715, 716, 717, 718, 719, 720, 721, 722, 723, 724, 725, 726, 727, 728, 729, 730, 731, 732, 733, 734, 735, 736, 737, 738, 739, 740, 741, 742, 743, 744, 745, 746, 747, 748, 749, 750, 751, 752, 753, 754, 755, 756, 757, 758, 759, 760, 761, 762, 763, 764, 765, 766, 767, 768, 769, 770, 771, 772, 773, 774, 775, 776, 777, 778, 779, 780, 781, 782, 783, 784, 785, 786, 787, 788, 789, 790, 791, 792, 793]","[0, 5, 7, 10, 14, 19, 20, 22, 24, 32, 33, 34, 37, 38, 40, 44, 46, 48, 49, 51, 56, 61, 63, 65, 67, 68, 73, 74, 75, 76, 79, 81, 82, 83, 85, 87, 88, 92, 93, 95, 96, 99, 100, 101, 115, 116, 124, 134, 142, 161, 167, 169, 170, 186, 202, 240, 244, 254, 260, 267, 277, 300, 303, 307, 310, 322, 331, 376, 485, 491, 493, 495, 499, 503, 504, 506, 508, 515, 518, 519, 521, 524, 526, 528, 533, 537, 539, 542, 543, 547, 548, 549, 550, 551, 553, 554, 556, 558, 559, 563, 564, 566, 567, 570, 571, 572, 586, 587, 595, 605, 613, 633, 639, 640, 641, 657, 672, 704, 717, 726, 736, 759, 761, 765, 768, 780, 788, 792, 826]","[1, 13, 14, 29, 54, 55, 56, 57, 58, 60, 102, 118, 125, 127, 130, 134, 146, 149, 153, 175, 182, 187, 189, 191, 197, 225, 230, 238, 264, 265, 266, 286, 302, 317, 336, 379, 388, 389, 425, 454, 458, 463, 475, 487, 498, 499, 512, 530, 531, 532, 533, 534, 536, 573, 589, 596, 598, 601, 605, 617, 620, 624, 646, 653, 658, 660, 662, 668, 689, 694, 702, 724, 725, 745, 760, 775, 793, 829, 838, 839, 877, 901, 903, 905, 910, 923]","[1, 13, 14, 29, 54, 55, 56, 57, 58, 60, 102, 118, 125, 127, 130, 134, 146, 149, 153, 175, 182, 187, 189, 191, 197, 225, 230, 238, 264, 265, 266, 286, 302, 317, 336, 354, 379, 388, 389, 425, 454, 458, 463, 475, 487, 498, 499, 512, 530, 531, 532, 533, 534, 536, 573, 589, 596, 598, 601, 605, 617, 620, 624, 646, 653, 658, 660, 662, 668, 689, 694, 702, 724, 725, 745, 760, 775, 793, 809, 829, 838, 839, 877, 901, 903, 905, 910, 923]","[0, 1, 5, 7, 10, 13, 14, 19, 20, 22, 24, 29, 32, 33, 34, 37, 38, 40, 44, 46, 48, 49, 51, 54, 55, 56, 57, 58, 60, 61, 63, 65, 67, 68, 73, 74, 75, 76, 79, 81, 82, 83, 85, 87, 88, 92, 93, 95, 96, 99, 100, 101, 102, 103, 104, 105, 106, 107, 108, 109, 110, 111, 112, 113, 114, 115, 116, 117, 118, 119, 120, 121, 122, 123, 124, 125, 126, 127, 128, 129, 130, 131, 132, 133, 134, 135, 136, 137, 138, 139, 140, 141, 142, 143, 144, 145, 146, 147, 148, 149, 150, 151, 152, 153, 154, 155, 156, 157, 158, 159, 160, 161, 162, 163, 164, 165, 166, 167, 168, 169, 170, 171, 172, 173, 174, 175, 176, 177, 178, 179, 180, 181, 182, 183, 184, 185, 186, 187, 188, 189, 190, 191, 192, 193, 194, 195, 196, 197, 198, 199, 200, 201, 202, 203, 204, 205, 206, 207, 208, 209, 210, 211, 212, 213, 214, 215, 216, 217, 218, 219, 220, 221, 222, 223, 224, 225, 226, 227, 228, 229, 230, 231, 232, 233, 234, 235, 236, 237, 238, 239, 240, 241, 242, 243, 244, 245, 246, 247, 248, 249, 250, 251, 252, 253, 254, 255, 256, 257, 258, 259, 260, 261, 262, 263, 264, 265, 266, 267, 268, 269, 270, 271, 272, 273, 274, 275, 276, 277, 278, 279, 280, 281, 282, 283, 284, 285, 286, 287, 288, 289, 290, 291, 292, 293, 294, 295, 296, 297, 298, 299, 300, 301, 302, 303, 304, 305, 306, 307, 308, 309, 310, 311, 312, 313, 314, 315, 316, 317, 318, 319, 320, 321, 322, 323, 324, 325, 326, 327, 328, 329, 330, 331, 332, 333, 334, 335, 336, 337, 349, 354, 376, 379, 388, 389, 425, 454, 458, 463, 475, 485, 487, 491, 493, 495, 498, 499, 503, 504, 506, 508, 512, 515, 518, 519, 521, 524, 526, 528, 530, 531, 532, 533, 534, 536, 537, 539, 542, 543, 547, 548, 549, 550, 551, 553, 554, 556, 558, 559, 563, 564, 566, 567, 570, 571, 572, 573, 574, 575, 576, 577, 578, 579, 580, 581, 582, 583, 584, 585, 586, 587, 588, 589, 590, 591, 592, 593, 594, 595, 596, 597, 598, 599, 600, 601, 602, 603, 604, 605, 606, 607, 608, 609, 610, 611, 612, 613, 614, 615, 616, 617, 618, 619, 620, 621, 622, 623, 624, 625, 626, 627, 628, 629, 630, 631, 632, 633, 634, 635, 636, 637, 638, 639, 640, 641, 642, 643, 644, 645, 646, 647, 648, 649, 650, 651, 652, 653, 654, 655, 656, 657, 658, 659, 660, 661, 662, 663, 664, 665, 666, 667, 668, 669, 670, 671, 672, 673, 674, 675, 676, 677, 678, 679, 680, 681, 682, 683, 684, 685, 686, 687, 688, 689, 690, 691, 692, 693, 694, 695, 696, 697, 698, 699, 700, 701, 702, 703, 704, 705, 706, 707, 708, 709, 710, 711, 712, 713, 714, 715, 716, 717, 718, 719, 720, 721, 722, 723, 724, 725, 726, 727, 728, 729, 730, 731, 732, 733, 734, 735, 736, 737, 738, 739, 740, 741, 742, 743, 744, 745, 746, 747, 748, 749, 750, 751, 752, 753, 754, 755, 756, 757, 758, 759, 760, 761, 762, 763, 764, 765, 766, 767, 768, 769, 770, 771, 772, 773, 774, 775, 776, 777, 778, 779, 780, 781, 782, 783, 784, 785, 786, 787, 788, 789, 790, 791, 792, 793, 804, 809, 826, 829, 838, 839, 877, 901, 903, 905, 910, 923]",True,"[134, 605]","[103, 104, 105, 106, 107, 108, 109, 110, 111, 112, 113, 114, 115, 116, 117, 118, 119, 120, 121, 122, 123, 124, 125, 126, 127, 128, 129, 130, 131, 132, 133, 134, 135, 136, 137, 138, 139, 140, 141, 142, 143, 144, 145, 146, 147, 148, 149, 150, 151, 152, 153, 154, 155, 156, 157, 158, 159, 160, 161, 162, 163, 164, 165, 166, 167, 168, 169, 170, 171, 172, 173, 174, 175, 176, 177, 178, 179, 180, 181, 182, 183, 184, 185, 186, 187, 188, 189, 190, 191, 192, 193, 194, 195, 196, 197, 198, 199, 200, 201, 202, 203, 204, 205, 206, 207, 208, 209, 210, 211, 212, 213, 214, 215, 216, 217, 218, 219, 220, 221, 222, 223, 224, 225, 226, 227, 228, 229, 230, 231, 232, 233, 234, 235, 236, 237, 238, 239, 240, 241, 242, 243, 244, 245, 246, 247, 248, 249, 250, 251, 252, 253, 254, 255, 256, 257, 258, 259, 260, 261, 262, 263, 264, 265, 266, 267, 268, 269, 270, 271, 272, 273, 274, 275, 276, 277, 278, 279, 280, 281, 282, 283, 284, 285, 286, 287, 288, 289, 290, 291, 292, 293, 294, 295, 296, 297, 298, 299, 300, 301, 302, 303, 304, 305, 306, 307, 308, 309, 310, 311, 312, 313, 314, 315, 316, 317, 318, 319, 320, 321, 322, 323, 324, 325, 326, 327, 328, 329, 330, 331, 332, 333, 334, 335, 336, 337, 574, 575, 576, 577, 578, 579, 580, 581, 582, 583, 584, 585, 586, 587, 588, 589, 590, 591, 592, 593, 594, 595, 596, 597, 598, 599, 600, 601, 602, 603, 604, 605, 606, 607, 608, 609, 610, 611, 612, 613, 614, 615, 616, 617, 618, 619, 620, 621, 622, 623, 624, 625, 626, 627, 628, 629, 630, 631, 632, 633, 634, 635, 636, 637, 638, 639, 640, 641, 642, 643, 644, 645, 646, 647, 648, 649, 650, 651, 652, 653, 654, 655, 656, 657, 658, 659, 660, 661, 662, 663, 664, 665, 666, 667, 668, 669, 670, 671, 672, 673, 674, 675, 676, 677, 678, 679, 680, 681, 682, 683, 684, 685, 686, 687, 688, 689, 690, 691, 692, 693, 694, 695, 696, 697, 698, 699, 700, 701, 702, 703, 704, 705, 706, 707, 708, 709, 710, 711, 712, 713, 714, 715, 716, 717, 718, 719, 720, 721, 722, 723, 724, 725, 726, 727, 728, 729, 730, 731, 732, 733, 734, 735, 736, 737, 738, 739, 740, 741, 742, 743, 744, 745, 746, 747, 748, 749, 750, 751, 752, 753, 754, 755, 756, 757, 758, 759, 760, 761, 762, 763, 764, 765, 766, 767, 768, 769, 770, 771, 772, 773, 774, 775, 776, 777, 778, 779, 780, 781, 782, 783, 784, 785, 786, 787, 788, 789, 790, 791, 792, 793]","[134, 605]","[134, 156, 268, 349, 605, 628, 727, 804]","[0, 5, 7, 10, 14, 19, 20, 22, 24, 32, 33, 34, 37, 38, 40, 44, 46, 48, 49, 51, 56, 61, 63, 65, 67, 68, 73, 74, 75, 76, 79, 81, 82, 83, 85, 87, 88, 92, 93, 95, 96, 99, 100, 101, 115, 116, 124, 134, 142, 161, 167, 169, 170, 186, 202, 240, 244, 254, 260, 267, 277, 300, 303, 307, 310, 322, 331, 376, 485, 491, 493, 495, 499, 503, 504, 506, 508, 515, 518, 519, 521, 524, 526, 528, 533, 537, 539, 542, 543, 547, 548, 549, 550, 551, 553, 554, 556, 558, 559, 563, 564, 566, 567, 570, 571, 572, 586, 587, 595, 605, 613, 633, 639, 640, 641, 657, 672, 704, 717, 726, 736, 759, 761, 765, 768, 780, 788, 792, 826]","[1, 13, 14, 29, 54, 55, 56, 57, 58, 60, 102, 118, 125, 127, 130, 134, 146, 149, 153, 175, 182, 187, 189, 191, 197, 225, 230, 238, 264, 265, 266, 286, 302, 317, 336, 354, 379, 388, 389, 425, 454, 458, 463, 475, 487, 498, 499, 512, 530, 531, 532, 533, 534, 536, 573, 589, 596, 598, 601, 605, 617, 620, 624, 646, 653, 658, 660, 662, 668, 689, 694, 702, 724, 725, 745, 760, 775, 793, 809, 829, 838, 839, 877, 901, 903, 905, 910, 923]","[1, 13, 14, 29, 54, 55, 56, 57, 58, 60, 102, 118, 125, 127, 130, 134, 146, 149, 153, 175, 182, 187, 189, 191, 197, 225, 230, 238, 264, 265, 266, 286, 302, 317, 336, 379, 388, 389, 425, 454, 458, 463, 475, 487, 498, 499, 512, 530, 531, 532, 533, 534, 536, 573, 589, 596, 598, 601, 605, 617, 620, 624, 646, 653, 658, 660, 662, 668, 689, 694, 702, 724, 725, 745, 760, 775, 793, 829, 838, 839, 877, 901, 903, 905, 910, 923]",7/6 successful match,True,[347],True,271,False,,0.9896551724137932,True,Cabazon Truck Stop ( Shell ),Shell
Cabazon ( 92230 ) Cabazon Truck Stop ( Shell ),5 951-849-7083 I-10 Exit 106 ( Main St ),L S,Cabazon,92230,Cabazon Truck Stop ( Shell ),951-849-7083,2016,Cabazon,CA,Shell,( Main St ),I-10 Exit 106 ,Exit,106,False,,False,I-10,,,,,"[605, 134]","[134, 605]","[134, 605]","[134, 156, 268, 349, 605, 628, 727, 804]","[103, 104, 105, 106, 107, 108, 109, 110, 111, 112, 113, 114, 115, 116, 117, 118, 119, 120, 121, 122, 123, 124, 125, 126, 127, 128, 129, 130, 131, 132, 133, 134, 135, 136, 137, 138, 139, 140, 141, 142, 143, 144, 145, 146, 147, 148, 149, 150, 151, 152, 153, 154, 155, 156, 157, 158, 159, 160, 161, 162, 163, 164, 165, 166, 167, 168, 169, 170, 171, 172, 173, 174, 175, 176, 177, 178, 179, 180, 181, 182, 183, 184, 185, 186, 187, 188, 189, 190, 191, 192, 193, 194, 195, 196, 197, 198, 199, 200, 201, 202, 203, 204, 205, 206, 207, 208, 209, 210, 211, 212, 213, 214, 215, 216, 217, 218, 219, 220, 221, 222, 223, 224, 225, 226, 227, 228, 229, 230, 231, 232, 233, 234, 235, 236, 237, 238, 239, 240, 241, 242, 243, 244, 245, 246, 247, 248, 249, 250, 251, 252, 253, 254, 255, 256, 257, 258, 259, 260, 261, 262, 263, 264, 265, 266, 267, 268, 269, 270, 271, 272, 273, 274, 275, 276, 277, 278, 279, 280, 281, 282, 283, 284, 285, 286, 287, 288, 289, 290, 291, 292, 293, 294, 295, 296, 297, 298, 299, 300, 301, 302, 303, 304, 305, 306, 307, 308, 309, 310, 311, 312, 313, 314, 315, 316, 317, 318, 319, 320, 321, 322, 323, 324, 325, 326, 327, 328, 329, 330, 331, 332, 333, 334, 335, 336, 337, 574, 575, 576, 577, 578, 579, 580, 581, 582, 583, 584, 585, 586, 587, 588, 589, 590, 591, 592, 593, 594, 595, 596, 597, 598, 599, 600, 601, 602, 603, 604, 605, 606, 607, 608, 609, 610, 611, 612, 613, 614, 615, 616, 617, 618, 619, 620, 621, 622, 623, 624, 625, 626, 627, 628, 629, 630, 631, 632, 633, 634, 635, 636, 637, 638, 639, 640, 641, 642, 643, 644, 645, 646, 647, 648, 649, 650, 651, 652, 653, 654, 655, 656, 657, 658, 659, 660, 661, 662, 663, 664, 665, 666, 667, 668, 669, 670, 671, 672, 673, 674, 675, 676, 677, 678, 679, 680, 681, 682, 683, 684, 685, 686, 687, 688, 689, 690, 691, 692, 693, 694, 695, 696, 697, 698, 699, 700, 701, 702, 703, 704, 705, 706, 707, 708, 709, 710, 711, 712, 713, 714, 715, 716, 717, 718, 719, 720, 721, 722, 723, 724, 725, 726, 727, 728, 729, 730, 731, 732, 733, 734, 735, 736, 737, 738, 739, 740, 741, 742, 743, 744, 745, 746, 747, 748, 749, 750, 751, 752, 753, 754, 755, 756, 757, 758, 759, 760, 761, 762, 763, 764, 765, 766, 767, 768, 769, 770, 771, 772, 773, 774, 775, 776, 777, 778, 779, 780, 781, 782, 783, 784, 785, 786, 787, 788, 789, 790, 791, 792, 793]","[0, 5, 7, 10, 14, 19, 20, 22, 24, 32, 33, 34, 37, 38, 40, 44, 46, 48, 49, 51, 56, 61, 63, 65, 67, 68, 73, 74, 75, 76, 79, 81, 82, 83, 85, 87, 88, 92, 93, 95, 96, 99, 100, 101, 115, 116, 124, 134, 142, 161, 167, 169, 170, 186, 202, 240, 244, 254, 260, 267, 277, 300, 303, 307, 310, 322, 331, 376, 485, 491, 493, 495, 499, 503, 504, 506, 508, 515, 518, 519, 521, 524, 526, 528, 533, 537, 539, 542, 543, 547, 548, 549, 550, 551, 553, 554, 556, 558, 559, 563, 564, 566, 567, 570, 571, 572, 586, 587, 595, 605, 613, 633, 639, 640, 641, 657, 672, 704, 717, 726, 736, 759, 761, 765, 768, 780, 788, 792, 826]","[1, 13, 14, 29, 54, 55, 56, 57, 58, 60, 102, 118, 125, 127, 130, 134, 146, 149, 153, 175, 182, 187, 189, 191, 197, 225, 230, 238, 264, 265, 266, 286, 302, 317, 336, 379, 388, 389, 425, 454, 458, 463, 475, 487, 498, 499, 512, 530, 531, 532, 533, 534, 536, 573, 589, 596, 598, 601, 605, 617, 620, 624, 646, 653, 658, 660, 662, 668, 689, 694, 702, 724, 725, 745, 760, 775, 793, 829, 838, 839, 877, 901, 903, 905, 910, 923]","[1, 13, 14, 29, 54, 55, 56, 57, 58, 60, 102, 118, 125, 127, 130, 134, 146, 149, 153, 175, 182, 187, 189, 191, 197, 225, 230, 238, 264, 265, 266, 286, 302, 317, 336, 354, 379, 388, 389, 425, 454, 458, 463, 475, 487, 498, 499, 512, 530, 531, 532, 533, 534, 536, 573, 589, 596, 598, 601, 605, 617, 620, 624, 646, 653, 658, 660, 662, 668, 689, 694, 702, 724, 725, 745, 760, 775, 793, 809, 829, 838, 839, 877, 901, 903, 905, 910, 923]","[0, 1, 5, 7, 10, 13, 14, 19, 20, 22, 24, 29, 32, 33, 34, 37, 38, 40, 44, 46, 48, 49, 51, 54, 55, 56, 57, 58, 60, 61, 63, 65, 67, 68, 73, 74, 75, 76, 79, 81, 82, 83, 85, 87, 88, 92, 93, 95, 96, 99, 100, 101, 102, 103, 104, 105, 106, 107, 108, 109, 110, 111, 112, 113, 114, 115, 116, 117, 118, 119, 120, 121, 122, 123, 124, 125, 126, 127, 128, 129, 130, 131, 132, 133, 134, 135, 136, 137, 138, 139, 140, 141, 142, 143, 144, 145, 146, 147, 148, 149, 150, 151, 152, 153, 154, 155, 156, 157, 158, 159, 160, 161, 162, 163, 164, 165, 166, 167, 168, 169, 170, 171, 172, 173, 174, 175, 176, 177, 178, 179, 180, 181, 182, 183, 184, 185, 186, 187, 188, 189, 190, 191, 192, 193, 194, 195, 196, 197, 198, 199, 200, 201, 202, 203, 204, 205, 206, 207, 208, 209, 210, 211, 212, 213, 214, 215, 216, 217, 218, 219, 220, 221, 222, 223, 224, 225, 226, 227, 228, 229, 230, 231, 232, 233, 234, 235, 236, 237, 238, 239, 240, 241, 242, 243, 244, 245, 246, 247, 248, 249, 250, 251, 252, 253, 254, 255, 256, 257, 258, 259, 260, 261, 262, 263, 264, 265, 266, 267, 268, 269, 270, 271, 272, 273, 274, 275, 276, 277, 278, 279, 280, 281, 282, 283, 284, 285, 286, 287, 288, 289, 290, 291, 292, 293, 294, 295, 296, 297, 298, 299, 300, 301, 302, 303, 304, 305, 306, 307, 308, 309, 310, 311, 312, 313, 314, 315, 316, 317, 318, 319, 320, 321, 322, 323, 324, 325, 326, 327, 328, 329, 330, 331, 332, 333, 334, 335, 336, 337, 349, 354, 376, 379, 388, 389, 425, 454, 458, 463, 475, 485, 487, 491, 493, 495, 498, 499, 503, 504, 506, 508, 512, 515, 518, 519, 521, 524, 526, 528, 530, 531, 532, 533, 534, 536, 537, 539, 542, 543, 547, 548, 549, 550, 551, 553, 554, 556, 558, 559, 563, 564, 566, 567, 570, 571, 572, 573, 574, 575, 576, 577, 578, 579, 580, 581, 582, 583, 584, 585, 586, 587, 588, 589, 590, 591, 592, 593, 594, 595, 596, 597, 598, 599, 600, 601, 602, 603, 604, 605, 606, 607, 608, 609, 610, 611, 612, 613, 614, 615, 616, 617, 618, 619, 620, 621, 622, 623, 624, 625, 626, 627, 628, 629, 630, 631, 632, 633, 634, 635, 636, 637, 638, 639, 640, 641, 642, 643, 644, 645, 646, 647, 648, 649, 650, 651, 652, 653, 654, 655, 656, 657, 658, 659, 660, 661, 662, 663, 664, 665, 666, 667, 668, 669, 670, 671, 672, 673, 674, 675, 676, 677, 678, 679, 680, 681, 682, 683, 684, 685, 686, 687, 688, 689, 690, 691, 692, 693, 694, 695, 696, 697, 698, 699, 700, 701, 702, 703, 704, 705, 706, 707, 708, 709, 710, 711, 712, 713, 714, 715, 716, 717, 718, 719, 720, 721, 722, 723, 724, 725, 726, 727, 728, 729, 730, 731, 732, 733, 734, 735, 736, 737, 738, 739, 740, 741, 742, 743, 744, 745, 746, 747, 748, 749, 750, 751, 752, 753, 754, 755, 756, 757, 758, 759, 760, 761, 762, 763, 764, 765, 766, 767, 768, 769, 770, 771, 772, 773, 774, 775, 776, 777, 778, 779, 780, 781, 782, 783, 784, 785, 786, 787, 788, 789, 790, 791, 792, 793, 804, 809, 826, 829, 838, 839, 877, 901, 903, 905, 910, 923]",True,"[134, 605]","[103, 104, 105, 106, 107, 108, 109, 110, 111, 112, 113, 114, 115, 116, 117, 118, 119, 120, 121, 122, 123, 124, 125, 126, 127, 128, 129, 130, 131, 132, 133, 134, 135, 136, 137, 138, 139, 140, 141, 142, 143, 144, 145, 146, 147, 148, 149, 150, 151, 152, 153, 154, 155, 156, 157, 158, 159, 160, 161, 162, 163, 164, 165, 166, 167, 168, 169, 170, 171, 172, 173, 174, 175, 176, 177, 178, 179, 180, 181, 182, 183, 184, 185, 186, 187, 188, 189, 190, 191, 192, 193, 194, 195, 196, 197, 198, 199, 200, 201, 202, 203, 204, 205, 206, 207, 208, 209, 210, 211, 212, 213, 214, 215, 216, 217, 218, 219, 220, 221, 222, 223, 224, 225, 226, 227, 228, 229, 230, 231, 232, 233, 234, 235, 236, 237, 238, 239, 240, 241, 242, 243, 244, 245, 246, 247, 248, 249, 250, 251, 252, 253, 254, 255, 256, 257, 258, 259, 260, 261, 262, 263, 264, 265, 266, 267, 268, 269, 270, 271, 272, 273, 274, 275, 276, 277, 278, 279, 280, 281, 282, 283, 284, 285, 286, 287, 288, 289, 290, 291, 292, 293, 294, 295, 296, 297, 298, 299, 300, 301, 302, 303, 304, 305, 306, 307, 308, 309, 310, 311, 312, 313, 314, 315, 316, 317, 318, 319, 320, 321, 322, 323, 324, 325, 326, 327, 328, 329, 330, 331, 332, 333, 334, 335, 336, 337, 574, 575, 576, 577, 578, 579, 580, 581, 582, 583, 584, 585, 586, 587, 588, 589, 590, 591, 592, 593, 594, 595, 596, 597, 598, 599, 600, 601, 602, 603, 604, 605, 606, 607, 608, 609, 610, 611, 612, 613, 614, 615, 616, 617, 618, 619, 620, 621, 622, 623, 624, 625, 626, 627, 628, 629, 630, 631, 632, 633, 634, 635, 636, 637, 638, 639, 640, 641, 642, 643, 644, 645, 646, 647, 648, 649, 650, 651, 652, 653, 654, 655, 656, 657, 658, 659, 660, 661, 662, 663, 664, 665, 666, 667, 668, 669, 670, 671, 672, 673, 674, 675, 676, 677, 678, 679, 680, 681, 682, 683, 684, 685, 686, 687, 688, 689, 690, 691, 692, 693, 694, 695, 696, 697, 698, 699, 700, 701, 702, 703, 704, 705, 706, 707, 708, 709, 710, 711, 712, 713, 714, 715, 716, 717, 718, 719, 720, 721, 722, 723, 724, 725, 726, 727, 728, 729, 730, 731, 732, 733, 734, 735, 736, 737, 738, 739, 740, 741, 742, 743, 744, 745, 746, 747, 748, 749, 750, 751, 752, 753, 754, 755, 756, 757, 758, 759, 760, 761, 762, 763, 764, 765, 766, 767, 768, 769, 770, 771, 772, 773, 774, 775, 776, 777, 778, 779, 780, 781, 782, 783, 784, 785, 786, 787, 788, 789, 790, 791, 792, 793]","[134, 605]","[134, 156, 268, 349, 605, 628, 727, 804]","[0, 5, 7, 10, 14, 19, 20, 22, 24, 32, 33, 34, 37, 38, 40, 44, 46, 48, 49, 51, 56, 61, 63, 65, 67, 68, 73, 74, 75, 76, 79, 81, 82, 83, 85, 87, 88, 92, 93, 95, 96, 99, 100, 101, 115, 116, 124, 134, 142, 161, 167, 169, 170, 186, 202, 240, 244, 254, 260, 267, 277, 300, 303, 307, 310, 322, 331, 376, 485, 491, 493, 495, 499, 503, 504, 506, 508, 515, 518, 519, 521, 524, 526, 528, 533, 537, 539, 542, 543, 547, 548, 549, 550, 551, 553, 554, 556, 558, 559, 563, 564, 566, 567, 570, 571, 572, 586, 587, 595, 605, 613, 633, 639, 640, 641, 657, 672, 704, 717, 726, 736, 759, 761, 765, 768, 780, 788, 792, 826]","[1, 13, 14, 29, 54, 55, 56, 57, 58, 60, 102, 118, 125, 127, 130, 134, 146, 149, 153, 175, 182, 187, 189, 191, 197, 225, 230, 238, 264, 265, 266, 286, 302, 317, 336, 354, 379, 388, 389, 425, 454, 458, 463, 475, 487, 498, 499, 512, 530, 531, 532, 533, 534, 536, 573, 589, 596, 598, 601, 605, 617, 620, 624, 646, 653, 658, 660, 662, 668, 689, 694, 702, 724, 725, 745, 760, 775, 793, 809, 829, 838, 839, 877, 901, 903, 905, 910, 923]","[1, 13, 14, 29, 54, 55, 56, 57, 58, 60, 102, 118, 125, 127, 130, 134, 146, 149, 153, 175, 182, 187, 189, 191, 197, 225, 230, 238, 264, 265, 266, 286, 302, 317, 336, 379, 388, 389, 425, 454, 458, 463, 475, 487, 498, 499, 512, 530, 531, 532, 533, 534, 536, 573, 589, 596, 598, 601, 605, 617, 620, 624, 646, 653, 658, 660, 662, 668, 689, 694, 702, 724, 725, 745, 760, 775, 793, 829, 838, 839, 877, 901, 903, 905, 910, 923]",7/6 successful match,True,[347],True,271,False,,0.9896551724137932,True,Cabazon Truck Stop ( Shell ) ),Shell
"Coachella , 92236 TravelCenters of America ( Arco )",760-342-6200 I-10 Exit 146 ( Dillon Rd ) TA,24 HRS XLO O,Coachella,92236,TravelCenters of America ( Arco ),760-342-6200,2006,Coachella,CA,TravelCenters,( Dillon Rd ) TA,I-10 Exit 146 ,Exit,146,False,,False,I-10,,,,,"[307, 765]","[202, 307, 672, 765]","[202, 307]","[62, 202, 307, 403, 672, 765, 852]","[103, 104, 105, 106, 107, 108, 109, 110, 111, 112, 113, 114, 115, 116, 117, 118, 119, 120, 121, 122, 123, 124, 125, 126, 127, 128, 129, 130, 131, 132, 133, 134, 135, 136, 137, 138, 139, 140, 141, 142, 143, 144, 145, 146, 147, 148, 149, 150, 151, 152, 153, 154, 155, 156, 157, 158, 159, 160, 161, 162, 163, 164, 165, 166, 167, 168, 169, 170, 171, 172, 173, 174, 175, 176, 177, 178, 179, 180, 181, 182, 183, 184, 185, 186, 187, 188, 189, 190, 191, 192, 193, 194, 195, 196, 197, 198, 199, 200, 201, 202, 203, 204, 205, 206, 207, 208, 209, 210, 211, 212, 213, 214, 215, 216, 217, 218, 219, 220, 221, 222, 223, 224, 225, 226, 227, 228, 229, 230, 231, 232, 233, 234, 235, 236, 237, 238, 239, 240, 241, 242, 243, 244, 245, 246, 247, 248, 249, 250, 251, 252, 253, 254, 255, 256, 257, 258, 259, 260, 261, 262, 263, 264, 265, 266, 267, 268, 269, 270, 271, 272, 273, 274, 275, 276, 277, 278, 279, 280, 281, 282, 283, 284, 285, 286, 287, 288, 289, 290, 291, 292, 293, 294, 295, 296, 297, 298, 299, 300, 301, 302, 303, 304, 305, 306, 307, 308, 309, 310, 311, 312, 313, 314, 315, 316, 317, 318, 319, 320, 321, 322, 323, 324, 325, 326, 327, 328, 329, 330, 331, 332, 333, 334, 335, 336, 337, 574, 575, 576, 577, 578, 579, 580, 581, 582, 583, 584, 585, 586, 587, 588, 589, 590, 591, 592, 593, 594, 595, 596, 597, 598, 599, 600, 601, 602, 603, 604, 605, 606, 607, 608, 609, 610, 611, 612, 613, 614, 615, 616, 617, 618, 619, 620, 621, 622, 623, 624, 625, 626, 627, 628, 629, 630, 631, 632, 633, 634, 635, 636, 637, 638, 639, 640, 641, 642, 643, 644, 645, 646, 647, 648, 649, 650, 651, 652, 653, 654, 655, 656, 657, 658, 659, 660, 661, 662, 663, 664, 665, 666, 667, 668, 669, 670, 671, 672, 673, 674, 675, 676, 677, 678, 679, 680, 681, 682, 683, 684, 685, 686, 687, 688, 689, 690, 691, 692, 693, 694, 695, 696, 697, 698, 699, 700, 701, 702, 703, 704, 705, 706, 707, 708, 709, 710, 711, 712, 713, 714, 715, 716, 717, 718, 719, 720, 721, 722, 723, 724, 725, 726, 727, 728, 729, 730, 731, 732, 733, 734, 735, 736, 737, 738, 739, 740, 741, 742, 743, 744, 745, 746, 747, 748, 749, 750, 751, 752, 753, 754, 755, 756, 757, 758, 759, 760, 761, 762, 763, 764, 765, 766, 767, 768, 769, 770, 771, 772, 773, 774, 775, 776, 777, 778, 779, 780, 781, 782, 783, 784, 785, 786, 787, 788, 789, 790, 791, 792, 793]","[0, 5, 7, 10, 14, 19, 20, 22, 24, 32, 33, 34, 37, 38, 40, 44, 46, 48, 49, 51, 56, 61, 63, 65, 67, 68, 73, 74, 75, 76, 79, 81, 82, 83, 85, 87, 88, 92, 93, 95, 96, 99, 100, 101, 115, 116, 124, 134, 142, 161, 167, 169, 170, 186, 202, 240, 244, 254, 260, 267, 277, 300, 303, 307, 310, 322, 331, 376, 485, 491, 493, 495, 499, 503, 504, 506, 508, 515, 518, 519, 521, 524, 526, 528, 533, 537, 539, 542, 543, 547, 548, 549, 550, 551, 553, 554, 556, 558, 559, 563, 564, 566, 567, 570, 571, 572, 586, 587, 595, 605, 613, 633, 639, 640, 641, 657, 672, 704, 717, 726, 736, 759, 761, 765, 768, 780, 788, 792, 826]","[98, 476, 481, 569, 924, 925]","[0, 120, 122, 200, 223, 226, 315, 382, 485, 591, 593, 625, 671, 687, 690, 773, 832]","[0, 5, 7, 10, 14, 19, 20, 22, 24, 32, 33, 34, 37, 38, 40, 44, 46, 48, 49, 51, 56, 61, 62, 63, 65, 67, 68, 73, 74, 75, 76, 79, 81, 82, 83, 85, 87, 88, 92, 93, 95, 96, 98, 99, 100, 101, 103, 104, 105, 106, 107, 108, 109, 110, 111, 112, 113, 114, 115, 116, 117, 118, 119, 120, 121, 122, 123, 124, 125, 126, 127, 128, 129, 130, 131, 132, 133, 134, 135, 136, 137, 138, 139, 140, 141, 142, 143, 144, 145, 146, 147, 148, 149, 150, 151, 152, 153, 154, 155, 156, 157, 158, 159, 160, 161, 162, 163, 164, 165, 166, 167, 168, 169, 170, 171, 172, 173, 174, 175, 176, 177, 178, 179, 180, 181, 182, 183, 184, 185, 186, 187, 188, 189, 190, 191, 192, 193, 194, 195, 196, 197, 198, 199, 200, 201, 202, 203, 204, 205, 206, 207, 208, 209, 210, 211, 212, 213, 214, 215, 216, 217, 218, 219, 220, 221, 222, 223, 224, 225, 226, 227, 228, 229, 230, 231, 232, 233, 234, 235, 236, 237, 238, 239, 240, 241, 242, 243, 244, 245, 246, 247, 248, 249, 250, 251, 252, 253, 254, 255, 256, 257, 258, 259, 260, 261, 262, 263, 264, 265, 266, 267, 268, 269, 270, 271, 272, 273, 274, 275, 276, 277, 278, 279, 280, 281, 282, 283, 284, 285, 286, 287, 288, 289, 290, 291, 292, 293, 294, 295, 296, 297, 298, 299, 300, 301, 302, 303, 304, 305, 306, 307, 308, 309, 310, 311, 312, 313, 314, 315, 316, 317, 318, 319, 320, 321, 322, 323, 324, 325, 326, 327, 328, 329, 330, 331, 332, 333, 334, 335, 336, 337, 376, 382, 403, 476, 481, 485, 491, 493, 495, 499, 503, 504, 506, 508, 515, 518, 519, 521, 524, 526, 528, 533, 537, 539, 542, 543, 547, 548, 549, 550, 551, 553, 554, 556, 558, 559, 563, 564, 566, 567, 569, 570, 571, 572, 574, 575, 576, 577, 578, 579, 580, 581, 582, 583, 584, 585, 586, 587, 588, 589, 590, 591, 592, 593, 594, 595, 596, 597, 598, 599, 600, 601, 602, 603, 604, 605, 606, 607, 608, 609, 610, 611, 612, 613, 614, 615, 616, 617, 618, 619, 620, 621, 622, 623, 624, 625, 626, 627, 628, 629, 630, 631, 632, 633, 634, 635, 636, 637, 638, 639, 640, 641, 642, 643, 644, 645, 646, 647, 648, 649, 650, 651, 652, 653, 654, 655, 656, 657, 658, 659, 660, 661, 662, 663, 664, 665, 666, 667, 668, 669, 670, 671, 672, 673, 674, 675, 676, 677, 678, 679, 680, 681, 682, 683, 684, 685, 686, 687, 688, 689, 690, 691, 692, 693, 694, 695, 696, 697, 698, 699, 700, 701, 702, 703, 704, 705, 706, 707, 708, 709, 710, 711, 712, 713, 714, 715, 716, 717, 718, 719, 720, 721, 722, 723, 724, 725, 726, 727, 728, 729, 730, 731, 732, 733, 734, 735, 736, 737, 738, 739, 740, 741, 742, 743, 744, 745, 746, 747, 748, 749, 750, 751, 752, 753, 754, 755, 756, 757, 758, 759, 760, 761, 762, 763, 764, 765, 766, 767, 768, 769, 770, 771, 772, 773, 774, 775, 776, 777, 778, 779, 780, 781, 782, 783, 784, 785, 786, 787, 788, 789, 790, 791, 792, 793, 826, 832, 852, 924, 925]",True,"[202, 307, 672, 765]","[103, 104, 105, 106, 107, 108, 109, 110, 111, 112, 113, 114, 115, 116, 117, 118, 119, 120, 121, 122, 123, 124, 125, 126, 127, 128, 129, 130, 131, 132, 133, 134, 135, 136, 137, 138, 139, 140, 141, 142, 143, 144, 145, 146, 147, 148, 149, 150, 151, 152, 153, 154, 155, 156, 157, 158, 159, 160, 161, 162, 163, 164, 165, 166, 167, 168, 169, 170, 171, 172, 173, 174, 175, 176, 177, 178, 179, 180, 181, 182, 183, 184, 185, 186, 187, 188, 189, 190, 191, 192, 193, 194, 195, 196, 197, 198, 199, 200, 201, 202, 203, 204, 205, 206, 207, 208, 209, 210, 211, 212, 213, 214, 215, 216, 217, 218, 219, 220, 221, 222, 223, 224, 225, 226, 227, 228, 229, 230, 231, 232, 233, 234, 235, 236, 237, 238, 239, 240, 241, 242, 243, 244, 245, 246, 247, 248, 249, 250, 251, 252, 253, 254, 255, 256, 257, 258, 259, 260, 261, 262, 263, 264, 265, 266, 267, 268, 269, 270, 271, 272, 273, 274, 275, 276, 277, 278, 279, 280, 281, 282, 283, 284, 285, 286, 287, 288, 289, 290, 291, 292, 293, 294, 295, 296, 297, 298, 299, 300, 301, 302, 303, 304, 305, 306, 307, 308, 309, 310, 311, 312, 313, 314, 315, 316, 317, 318, 319, 320, 321, 322, 323, 324, 325, 326, 327, 328, 329, 330, 331, 332, 333, 334, 335, 336, 337, 574, 575, 576, 577, 578, 579, 580, 581, 582, 583, 584, 585, 586, 587, 588, 589, 590, 591, 592, 593, 594, 595, 596, 597, 598, 599, 600, 601, 602, 603, 604, 605, 606, 607, 608, 609, 610, 611, 612, 613, 614, 615, 616, 617, 618, 619, 620, 621, 622, 623, 624, 625, 626, 627, 628, 629, 630, 631, 632, 633, 634, 635, 636, 637, 638, 639, 640, 641, 642, 643, 644, 645, 646, 647, 648, 649, 650, 651, 652, 653, 654, 655, 656, 657, 658, 659, 660, 661, 662, 663, 664, 665, 666, 667, 668, 669, 670, 671, 672, 673, 674, 675, 676, 677, 678, 679, 680, 681, 682, 683, 684, 685, 686, 687, 688, 689, 690, 691, 692, 693, 694, 695, 696, 697, 698, 699, 700, 701, 702, 703, 704, 705, 706, 707, 708, 709, 710, 711, 712, 713, 714, 715, 716, 717, 718, 719, 720, 721, 722, 723, 724, 725, 726, 727, 728, 729, 730, 731, 732, 733, 734, 735, 736, 737, 738, 739, 740, 741, 742, 743, 744, 745, 746, 747, 748, 749, 750, 751, 752, 753, 754, 755, 756, 757, 758, 759, 760, 761, 762, 763, 764, 765, 766, 767, 768, 769, 770, 771, 772, 773, 774, 775, 776, 777, 778, 779, 780, 781, 782, 783, 784, 785, 786, 787, 788, 789, 790, 791, 792, 793]","[202, 307]","[62, 202, 307, 403, 672, 765, 852]","[0, 5, 7, 10, 14, 19, 20, 22, 24, 32, 33, 34, 37, 38, 40, 44, 46, 48, 49, 51, 56, 61, 63, 65, 67, 68, 73, 74, 75, 76, 79, 81, 82, 83, 85, 87, 88, 92, 93, 95, 96, 99, 100, 101, 115, 116, 124, 134, 142, 161, 167, 169, 170, 186, 202, 240, 244, 254, 260, 267, 277, 300, 303, 307, 310, 322, 331, 376, 485, 491, 493, 495, 499, 503, 504, 506, 508, 515, 518, 519, 521, 524, 526, 528, 533, 537, 539, 542, 543, 547, 548, 549, 550, 551, 553, 554, 556, 558, 559, 563, 564, 566, 567, 570, 571, 572, 586, 587, 595, 605, 613, 633, 639, 640, 641, 657, 672, 704, 717, 726, 736, 759, 761, 765, 768, 780, 788, 792, 826]","[0, 120, 122, 200, 223, 226, 315, 382, 485, 591, 593, 625, 671, 687, 690, 773, 832]","[98, 476, 481, 569, 924, 925]",5/6 successful match,True,"[526, 527, 528, 529, 530]",True,272,False,,,,,
"Coachella , 92236 TravelCenters of America ( Arco )",760-342-6200 I-10 Exit 146 ( Dillon Rd ) TA,HRS 24 XL HRS 24,Coachella,92236,TravelCenters of America ( Arco ),760-342-6200,2007,Coachella,CA,TravelCenters,( Dillon Rd ) TA,I-10 Exit 146 ,Exit,146,False,,False,I-10,,,,,"[307, 765]","[202, 307, 672, 765]","[202, 307]","[62, 202, 307, 403, 672, 765, 852]","[103, 104, 105, 106, 107, 108, 109, 110, 111, 112, 113, 114, 115, 116, 117, 118, 119, 120, 121, 122, 123, 124, 125, 126, 127, 128, 129, 130, 131, 132, 133, 134, 135, 136, 137, 138, 139, 140, 141, 142, 143, 144, 145, 146, 147, 148, 149, 150, 151, 152, 153, 154, 155, 156, 157, 158, 159, 160, 161, 162, 163, 164, 165, 166, 167, 168, 169, 170, 171, 172, 173, 174, 175, 176, 177, 178, 179, 180, 181, 182, 183, 184, 185, 186, 187, 188, 189, 190, 191, 192, 193, 194, 195, 196, 197, 198, 199, 200, 201, 202, 203, 204, 205, 206, 207, 208, 209, 210, 211, 212, 213, 214, 215, 216, 217, 218, 219, 220, 221, 222, 223, 224, 225, 226, 227, 228, 229, 230, 231, 232, 233, 234, 235, 236, 237, 238, 239, 240, 241, 242, 243, 244, 245, 246, 247, 248, 249, 250, 251, 252, 253, 254, 255, 256, 257, 258, 259, 260, 261, 262, 263, 264, 265, 266, 267, 268, 269, 270, 271, 272, 273, 274, 275, 276, 277, 278, 279, 280, 281, 282, 283, 284, 285, 286, 287, 288, 289, 290, 291, 292, 293, 294, 295, 296, 297, 298, 299, 300, 301, 302, 303, 304, 305, 306, 307, 308, 309, 310, 311, 312, 313, 314, 315, 316, 317, 318, 319, 320, 321, 322, 323, 324, 325, 326, 327, 328, 329, 330, 331, 332, 333, 334, 335, 336, 337, 574, 575, 576, 577, 578, 579, 580, 581, 582, 583, 584, 585, 586, 587, 588, 589, 590, 591, 592, 593, 594, 595, 596, 597, 598, 599, 600, 601, 602, 603, 604, 605, 606, 607, 608, 609, 610, 611, 612, 613, 614, 615, 616, 617, 618, 619, 620, 621, 622, 623, 624, 625, 626, 627, 628, 629, 630, 631, 632, 633, 634, 635, 636, 637, 638, 639, 640, 641, 642, 643, 644, 645, 646, 647, 648, 649, 650, 651, 652, 653, 654, 655, 656, 657, 658, 659, 660, 661, 662, 663, 664, 665, 666, 667, 668, 669, 670, 671, 672, 673, 674, 675, 676, 677, 678, 679, 680, 681, 682, 683, 684, 685, 686, 687, 688, 689, 690, 691, 692, 693, 694, 695, 696, 697, 698, 699, 700, 701, 702, 703, 704, 705, 706, 707, 708, 709, 710, 711, 712, 713, 714, 715, 716, 717, 718, 719, 720, 721, 722, 723, 724, 725, 726, 727, 728, 729, 730, 731, 732, 733, 734, 735, 736, 737, 738, 739, 740, 741, 742, 743, 744, 745, 746, 747, 748, 749, 750, 751, 752, 753, 754, 755, 756, 757, 758, 759, 760, 761, 762, 763, 764, 765, 766, 767, 768, 769, 770, 771, 772, 773, 774, 775, 776, 777, 778, 779, 780, 781, 782, 783, 784, 785, 786, 787, 788, 789, 790, 791, 792, 793]","[0, 5, 7, 10, 14, 19, 20, 22, 24, 32, 33, 34, 37, 38, 40, 44, 46, 48, 49, 51, 56, 61, 63, 65, 67, 68, 73, 74, 75, 76, 79, 81, 82, 83, 85, 87, 88, 92, 93, 95, 96, 99, 100, 101, 115, 116, 124, 134, 142, 161, 167, 169, 170, 186, 202, 240, 244, 254, 260, 267, 277, 300, 303, 307, 310, 322, 331, 376, 485, 491, 493, 495, 499, 503, 504, 506, 508, 515, 518, 519, 521, 524, 526, 528, 533, 537, 539, 542, 543, 547, 548, 549, 550, 551, 553, 554, 556, 558, 559, 563, 564, 566, 567, 570, 571, 572, 586, 587, 595, 605, 613, 633, 639, 640, 641, 657, 672, 704, 717, 726, 736, 759, 761, 765, 768, 780, 788, 792, 826]","[98, 476, 481, 569, 924, 925]","[0, 120, 122, 200, 223, 226, 315, 382, 485, 591, 593, 625, 671, 687, 690, 773, 832]","[0, 5, 7, 10, 14, 19, 20, 22, 24, 32, 33, 34, 37, 38, 40, 44, 46, 48, 49, 51, 56, 61, 62, 63, 65, 67, 68, 73, 74, 75, 76, 79, 81, 82, 83, 85, 87, 88, 92, 93, 95, 96, 98, 99, 100, 101, 103, 104, 105, 106, 107, 108, 109, 110, 111, 112, 113, 114, 115, 116, 117, 118, 119, 120, 121, 122, 123, 124, 125, 126, 127, 128, 129, 130, 131, 132, 133, 134, 135, 136, 137, 138, 139, 140, 141, 142, 143, 144, 145, 146, 147, 148, 149, 150, 151, 152, 153, 154, 155, 156, 157, 158, 159, 160, 161, 162, 163, 164, 165, 166, 167, 168, 169, 170, 171, 172, 173, 174, 175, 176, 177, 178, 179, 180, 181, 182, 183, 184, 185, 186, 187, 188, 189, 190, 191, 192, 193, 194, 195, 196, 197, 198, 199, 200, 201, 202, 203, 204, 205, 206, 207, 208, 209, 210, 211, 212, 213, 214, 215, 216, 217, 218, 219, 220, 221, 222, 223, 224, 225, 226, 227, 228, 229, 230, 231, 232, 233, 234, 235, 236, 237, 238, 239, 240, 241, 242, 243, 244, 245, 246, 247, 248, 249, 250, 251, 252, 253, 254, 255, 256, 257, 258, 259, 260, 261, 262, 263, 264, 265, 266, 267, 268, 269, 270, 271, 272, 273, 274, 275, 276, 277, 278, 279, 280, 281, 282, 283, 284, 285, 286, 287, 288, 289, 290, 291, 292, 293, 294, 295, 296, 297, 298, 299, 300, 301, 302, 303, 304, 305, 306, 307, 308, 309, 310, 311, 312, 313, 314, 315, 316, 317, 318, 319, 320, 321, 322, 323, 324, 325, 326, 327, 328, 329, 330, 331, 332, 333, 334, 335, 336, 337, 376, 382, 403, 476, 481, 485, 491, 493, 495, 499, 503, 504, 506, 508, 515, 518, 519, 521, 524, 526, 528, 533, 537, 539, 542, 543, 547, 548, 549, 550, 551, 553, 554, 556, 558, 559, 563, 564, 566, 567, 569, 570, 571, 572, 574, 575, 576, 577, 578, 579, 580, 581, 582, 583, 584, 585, 586, 587, 588, 589, 590, 591, 592, 593, 594, 595, 596, 597, 598, 599, 600, 601, 602, 603, 604, 605, 606, 607, 608, 609, 610, 611, 612, 613, 614, 615, 616, 617, 618, 619, 620, 621, 622, 623, 624, 625, 626, 627, 628, 629, 630, 631, 632, 633, 634, 635, 636, 637, 638, 639, 640, 641, 642, 643, 644, 645, 646, 647, 648, 649, 650, 651, 652, 653, 654, 655, 656, 657, 658, 659, 660, 661, 662, 663, 664, 665, 666, 667, 668, 669, 670, 671, 672, 673, 674, 675, 676, 677, 678, 679, 680, 681, 682, 683, 684, 685, 686, 687, 688, 689, 690, 691, 692, 693, 694, 695, 696, 697, 698, 699, 700, 701, 702, 703, 704, 705, 706, 707, 708, 709, 710, 711, 712, 713, 714, 715, 716, 717, 718, 719, 720, 721, 722, 723, 724, 725, 726, 727, 728, 729, 730, 731, 732, 733, 734, 735, 736, 737, 738, 739, 740, 741, 742, 743, 744, 745, 746, 747, 748, 749, 750, 751, 752, 753, 754, 755, 756, 757, 758, 759, 760, 761, 762, 763, 764, 765, 766, 767, 768, 769, 770, 771, 772, 773, 774, 775, 776, 777, 778, 779, 780, 781, 782, 783, 784, 785, 786, 787, 788, 789, 790, 791, 792, 793, 826, 832, 852, 924, 925]",True,"[202, 307, 672, 765]","[103, 104, 105, 106, 107, 108, 109, 110, 111, 112, 113, 114, 115, 116, 117, 118, 119, 120, 121, 122, 123, 124, 125, 126, 127, 128, 129, 130, 131, 132, 133, 134, 135, 136, 137, 138, 139, 140, 141, 142, 143, 144, 145, 146, 147, 148, 149, 150, 151, 152, 153, 154, 155, 156, 157, 158, 159, 160, 161, 162, 163, 164, 165, 166, 167, 168, 169, 170, 171, 172, 173, 174, 175, 176, 177, 178, 179, 180, 181, 182, 183, 184, 185, 186, 187, 188, 189, 190, 191, 192, 193, 194, 195, 196, 197, 198, 199, 200, 201, 202, 203, 204, 205, 206, 207, 208, 209, 210, 211, 212, 213, 214, 215, 216, 217, 218, 219, 220, 221, 222, 223, 224, 225, 226, 227, 228, 229, 230, 231, 232, 233, 234, 235, 236, 237, 238, 239, 240, 241, 242, 243, 244, 245, 246, 247, 248, 249, 250, 251, 252, 253, 254, 255, 256, 257, 258, 259, 260, 261, 262, 263, 264, 265, 266, 267, 268, 269, 270, 271, 272, 273, 274, 275, 276, 277, 278, 279, 280, 281, 282, 283, 284, 285, 286, 287, 288, 289, 290, 291, 292, 293, 294, 295, 296, 297, 298, 299, 300, 301, 302, 303, 304, 305, 306, 307, 308, 309, 310, 311, 312, 313, 314, 315, 316, 317, 318, 319, 320, 321, 322, 323, 324, 325, 326, 327, 328, 329, 330, 331, 332, 333, 334, 335, 336, 337, 574, 575, 576, 577, 578, 579, 580, 581, 582, 583, 584, 585, 586, 587, 588, 589, 590, 591, 592, 593, 594, 595, 596, 597, 598, 599, 600, 601, 602, 603, 604, 605, 606, 607, 608, 609, 610, 611, 612, 613, 614, 615, 616, 617, 618, 619, 620, 621, 622, 623, 624, 625, 626, 627, 628, 629, 630, 631, 632, 633, 634, 635, 636, 637, 638, 639, 640, 641, 642, 643, 644, 645, 646, 647, 648, 649, 650, 651, 652, 653, 654, 655, 656, 657, 658, 659, 660, 661, 662, 663, 664, 665, 666, 667, 668, 669, 670, 671, 672, 673, 674, 675, 676, 677, 678, 679, 680, 681, 682, 683, 684, 685, 686, 687, 688, 689, 690, 691, 692, 693, 694, 695, 696, 697, 698, 699, 700, 701, 702, 703, 704, 705, 706, 707, 708, 709, 710, 711, 712, 713, 714, 715, 716, 717, 718, 719, 720, 721, 722, 723, 724, 725, 726, 727, 728, 729, 730, 731, 732, 733, 734, 735, 736, 737, 738, 739, 740, 741, 742, 743, 744, 745, 746, 747, 748, 749, 750, 751, 752, 753, 754, 755, 756, 757, 758, 759, 760, 761, 762, 763, 764, 765, 766, 767, 768, 769, 770, 771, 772, 773, 774, 775, 776, 777, 778, 779, 780, 781, 782, 783, 784, 785, 786, 787, 788, 789, 790, 791, 792, 793]","[202, 307]","[62, 202, 307, 403, 672, 765, 852]","[0, 5, 7, 10, 14, 19, 20, 22, 24, 32, 33, 34, 37, 38, 40, 44, 46, 48, 49, 51, 56, 61, 63, 65, 67, 68, 73, 74, 75, 76, 79, 81, 82, 83, 85, 87, 88, 92, 93, 95, 96, 99, 100, 101, 115, 116, 124, 134, 142, 161, 167, 169, 170, 186, 202, 240, 244, 254, 260, 267, 277, 300, 303, 307, 310, 322, 331, 376, 485, 491, 493, 495, 499, 503, 504, 506, 508, 515, 518, 519, 521, 524, 526, 528, 533, 537, 539, 542, 543, 547, 548, 549, 550, 551, 553, 554, 556, 558, 559, 563, 564, 566, 567, 570, 571, 572, 586, 587, 595, 605, 613, 633, 639, 640, 641, 657, 672, 704, 717, 726, 736, 759, 761, 765, 768, 780, 788, 792, 826]","[0, 120, 122, 200, 223, 226, 315, 382, 485, 591, 593, 625, 671, 687, 690, 773, 832]","[98, 476, 481, 569, 924, 925]",5/6 successful match,True,"[526, 527, 528, 529, 530]",True,272,False,,1.0,True,TravelCenters of America ( Arco ),TravelCenters
"Coachella , 92236 TravelCenters of America ( Arco )",6 760-342-6200 I-10 Exit 146 ( Dillon Rd ) TA,24 HRS XL 24,Coachella,92236,TravelCenters of America ( Arco ),760-342-6200,2008,Coachella,CA,TravelCenters,( Dillon Rd ) TA,I-10 Exit 146 ,Exit,146,False,,False,I-10,,,,,"[307, 765]","[202, 307, 672, 765]","[202, 307]","[62, 202, 307, 403, 672, 765, 852]","[103, 104, 105, 106, 107, 108, 109, 110, 111, 112, 113, 114, 115, 116, 117, 118, 119, 120, 121, 122, 123, 124, 125, 126, 127, 128, 129, 130, 131, 132, 133, 134, 135, 136, 137, 138, 139, 140, 141, 142, 143, 144, 145, 146, 147, 148, 149, 150, 151, 152, 153, 154, 155, 156, 157, 158, 159, 160, 161, 162, 163, 164, 165, 166, 167, 168, 169, 170, 171, 172, 173, 174, 175, 176, 177, 178, 179, 180, 181, 182, 183, 184, 185, 186, 187, 188, 189, 190, 191, 192, 193, 194, 195, 196, 197, 198, 199, 200, 201, 202, 203, 204, 205, 206, 207, 208, 209, 210, 211, 212, 213, 214, 215, 216, 217, 218, 219, 220, 221, 222, 223, 224, 225, 226, 227, 228, 229, 230, 231, 232, 233, 234, 235, 236, 237, 238, 239, 240, 241, 242, 243, 244, 245, 246, 247, 248, 249, 250, 251, 252, 253, 254, 255, 256, 257, 258, 259, 260, 261, 262, 263, 264, 265, 266, 267, 268, 269, 270, 271, 272, 273, 274, 275, 276, 277, 278, 279, 280, 281, 282, 283, 284, 285, 286, 287, 288, 289, 290, 291, 292, 293, 294, 295, 296, 297, 298, 299, 300, 301, 302, 303, 304, 305, 306, 307, 308, 309, 310, 311, 312, 313, 314, 315, 316, 317, 318, 319, 320, 321, 322, 323, 324, 325, 326, 327, 328, 329, 330, 331, 332, 333, 334, 335, 336, 337, 574, 575, 576, 577, 578, 579, 580, 581, 582, 583, 584, 585, 586, 587, 588, 589, 590, 591, 592, 593, 594, 595, 596, 597, 598, 599, 600, 601, 602, 603, 604, 605, 606, 607, 608, 609, 610, 611, 612, 613, 614, 615, 616, 617, 618, 619, 620, 621, 622, 623, 624, 625, 626, 627, 628, 629, 630, 631, 632, 633, 634, 635, 636, 637, 638, 639, 640, 641, 642, 643, 644, 645, 646, 647, 648, 649, 650, 651, 652, 653, 654, 655, 656, 657, 658, 659, 660, 661, 662, 663, 664, 665, 666, 667, 668, 669, 670, 671, 672, 673, 674, 675, 676, 677, 678, 679, 680, 681, 682, 683, 684, 685, 686, 687, 688, 689, 690, 691, 692, 693, 694, 695, 696, 697, 698, 699, 700, 701, 702, 703, 704, 705, 706, 707, 708, 709, 710, 711, 712, 713, 714, 715, 716, 717, 718, 719, 720, 721, 722, 723, 724, 725, 726, 727, 728, 729, 730, 731, 732, 733, 734, 735, 736, 737, 738, 739, 740, 741, 742, 743, 744, 745, 746, 747, 748, 749, 750, 751, 752, 753, 754, 755, 756, 757, 758, 759, 760, 761, 762, 763, 764, 765, 766, 767, 768, 769, 770, 771, 772, 773, 774, 775, 776, 777, 778, 779, 780, 781, 782, 783, 784, 785, 786, 787, 788, 789, 790, 791, 792, 793]","[0, 5, 7, 10, 14, 19, 20, 22, 24, 32, 33, 34, 37, 38, 40, 44, 46, 48, 49, 51, 56, 61, 63, 65, 67, 68, 73, 74, 75, 76, 79, 81, 82, 83, 85, 87, 88, 92, 93, 95, 96, 99, 100, 101, 115, 116, 124, 134, 142, 161, 167, 169, 170, 186, 202, 240, 244, 254, 260, 267, 277, 300, 303, 307, 310, 322, 331, 376, 485, 491, 493, 495, 499, 503, 504, 506, 508, 515, 518, 519, 521, 524, 526, 528, 533, 537, 539, 542, 543, 547, 548, 549, 550, 551, 553, 554, 556, 558, 559, 563, 564, 566, 567, 570, 571, 572, 586, 587, 595, 605, 613, 633, 639, 640, 641, 657, 672, 704, 717, 726, 736, 759, 761, 765, 768, 780, 788, 792, 826]","[98, 476, 481, 569, 924, 925]","[0, 120, 122, 200, 223, 226, 315, 382, 485, 591, 593, 625, 671, 687, 690, 773, 832]","[0, 5, 7, 10, 14, 19, 20, 22, 24, 32, 33, 34, 37, 38, 40, 44, 46, 48, 49, 51, 56, 61, 62, 63, 65, 67, 68, 73, 74, 75, 76, 79, 81, 82, 83, 85, 87, 88, 92, 93, 95, 96, 98, 99, 100, 101, 103, 104, 105, 106, 107, 108, 109, 110, 111, 112, 113, 114, 115, 116, 117, 118, 119, 120, 121, 122, 123, 124, 125, 126, 127, 128, 129, 130, 131, 132, 133, 134, 135, 136, 137, 138, 139, 140, 141, 142, 143, 144, 145, 146, 147, 148, 149, 150, 151, 152, 153, 154, 155, 156, 157, 158, 159, 160, 161, 162, 163, 164, 165, 166, 167, 168, 169, 170, 171, 172, 173, 174, 175, 176, 177, 178, 179, 180, 181, 182, 183, 184, 185, 186, 187, 188, 189, 190, 191, 192, 193, 194, 195, 196, 197, 198, 199, 200, 201, 202, 203, 204, 205, 206, 207, 208, 209, 210, 211, 212, 213, 214, 215, 216, 217, 218, 219, 220, 221, 222, 223, 224, 225, 226, 227, 228, 229, 230, 231, 232, 233, 234, 235, 236, 237, 238, 239, 240, 241, 242, 243, 244, 245, 246, 247, 248, 249, 250, 251, 252, 253, 254, 255, 256, 257, 258, 259, 260, 261, 262, 263, 264, 265, 266, 267, 268, 269, 270, 271, 272, 273, 274, 275, 276, 277, 278, 279, 280, 281, 282, 283, 284, 285, 286, 287, 288, 289, 290, 291, 292, 293, 294, 295, 296, 297, 298, 299, 300, 301, 302, 303, 304, 305, 306, 307, 308, 309, 310, 311, 312, 313, 314, 315, 316, 317, 318, 319, 320, 321, 322, 323, 324, 325, 326, 327, 328, 329, 330, 331, 332, 333, 334, 335, 336, 337, 376, 382, 403, 476, 481, 485, 491, 493, 495, 499, 503, 504, 506, 508, 515, 518, 519, 521, 524, 526, 528, 533, 537, 539, 542, 543, 547, 548, 549, 550, 551, 553, 554, 556, 558, 559, 563, 564, 566, 567, 569, 570, 571, 572, 574, 575, 576, 577, 578, 579, 580, 581, 582, 583, 584, 585, 586, 587, 588, 589, 590, 591, 592, 593, 594, 595, 596, 597, 598, 599, 600, 601, 602, 603, 604, 605, 606, 607, 608, 609, 610, 611, 612, 613, 614, 615, 616, 617, 618, 619, 620, 621, 622, 623, 624, 625, 626, 627, 628, 629, 630, 631, 632, 633, 634, 635, 636, 637, 638, 639, 640, 641, 642, 643, 644, 645, 646, 647, 648, 649, 650, 651, 652, 653, 654, 655, 656, 657, 658, 659, 660, 661, 662, 663, 664, 665, 666, 667, 668, 669, 670, 671, 672, 673, 674, 675, 676, 677, 678, 679, 680, 681, 682, 683, 684, 685, 686, 687, 688, 689, 690, 691, 692, 693, 694, 695, 696, 697, 698, 699, 700, 701, 702, 703, 704, 705, 706, 707, 708, 709, 710, 711, 712, 713, 714, 715, 716, 717, 718, 719, 720, 721, 722, 723, 724, 725, 726, 727, 728, 729, 730, 731, 732, 733, 734, 735, 736, 737, 738, 739, 740, 741, 742, 743, 744, 745, 746, 747, 748, 749, 750, 751, 752, 753, 754, 755, 756, 757, 758, 759, 760, 761, 762, 763, 764, 765, 766, 767, 768, 769, 770, 771, 772, 773, 774, 775, 776, 777, 778, 779, 780, 781, 782, 783, 784, 785, 786, 787, 788, 789, 790, 791, 792, 793, 826, 832, 852, 924, 925]",True,"[202, 307, 672, 765]","[103, 104, 105, 106, 107, 108, 109, 110, 111, 112, 113, 114, 115, 116, 117, 118, 119, 120, 121, 122, 123, 124, 125, 126, 127, 128, 129, 130, 131, 132, 133, 134, 135, 136, 137, 138, 139, 140, 141, 142, 143, 144, 145, 146, 147, 148, 149, 150, 151, 152, 153, 154, 155, 156, 157, 158, 159, 160, 161, 162, 163, 164, 165, 166, 167, 168, 169, 170, 171, 172, 173, 174, 175, 176, 177, 178, 179, 180, 181, 182, 183, 184, 185, 186, 187, 188, 189, 190, 191, 192, 193, 194, 195, 196, 197, 198, 199, 200, 201, 202, 203, 204, 205, 206, 207, 208, 209, 210, 211, 212, 213, 214, 215, 216, 217, 218, 219, 220, 221, 222, 223, 224, 225, 226, 227, 228, 229, 230, 231, 232, 233, 234, 235, 236, 237, 238, 239, 240, 241, 242, 243, 244, 245, 246, 247, 248, 249, 250, 251, 252, 253, 254, 255, 256, 257, 258, 259, 260, 261, 262, 263, 264, 265, 266, 267, 268, 269, 270, 271, 272, 273, 274, 275, 276, 277, 278, 279, 280, 281, 282, 283, 284, 285, 286, 287, 288, 289, 290, 291, 292, 293, 294, 295, 296, 297, 298, 299, 300, 301, 302, 303, 304, 305, 306, 307, 308, 309, 310, 311, 312, 313, 314, 315, 316, 317, 318, 319, 320, 321, 322, 323, 324, 325, 326, 327, 328, 329, 330, 331, 332, 333, 334, 335, 336, 337, 574, 575, 576, 577, 578, 579, 580, 581, 582, 583, 584, 585, 586, 587, 588, 589, 590, 591, 592, 593, 594, 595, 596, 597, 598, 599, 600, 601, 602, 603, 604, 605, 606, 607, 608, 609, 610, 611, 612, 613, 614, 615, 616, 617, 618, 619, 620, 621, 622, 623, 624, 625, 626, 627, 628, 629, 630, 631, 632, 633, 634, 635, 636, 637, 638, 639, 640, 641, 642, 643, 644, 645, 646, 647, 648, 649, 650, 651, 652, 653, 654, 655, 656, 657, 658, 659, 660, 661, 662, 663, 664, 665, 666, 667, 668, 669, 670, 671, 672, 673, 674, 675, 676, 677, 678, 679, 680, 681, 682, 683, 684, 685, 686, 687, 688, 689, 690, 691, 692, 693, 694, 695, 696, 697, 698, 699, 700, 701, 702, 703, 704, 705, 706, 707, 708, 709, 710, 711, 712, 713, 714, 715, 716, 717, 718, 719, 720, 721, 722, 723, 724, 725, 726, 727, 728, 729, 730, 731, 732, 733, 734, 735, 736, 737, 738, 739, 740, 741, 742, 743, 744, 745, 746, 747, 748, 749, 750, 751, 752, 753, 754, 755, 756, 757, 758, 759, 760, 761, 762, 763, 764, 765, 766, 767, 768, 769, 770, 771, 772, 773, 774, 775, 776, 777, 778, 779, 780, 781, 782, 783, 784, 785, 786, 787, 788, 789, 790, 791, 792, 793]","[202, 307]","[62, 202, 307, 403, 672, 765, 852]","[0, 5, 7, 10, 14, 19, 20, 22, 24, 32, 33, 34, 37, 38, 40, 44, 46, 48, 49, 51, 56, 61, 63, 65, 67, 68, 73, 74, 75, 76, 79, 81, 82, 83, 85, 87, 88, 92, 93, 95, 96, 99, 100, 101, 115, 116, 124, 134, 142, 161, 167, 169, 170, 186, 202, 240, 244, 254, 260, 267, 277, 300, 303, 307, 310, 322, 331, 376, 485, 491, 493, 495, 499, 503, 504, 506, 508, 515, 518, 519, 521, 524, 526, 528, 533, 537, 539, 542, 543, 547, 548, 549, 550, 551, 553, 554, 556, 558, 559, 563, 564, 566, 567, 570, 571, 572, 586, 587, 595, 605, 613, 633, 639, 640, 641, 657, 672, 704, 717, 726, 736, 759, 761, 765, 768, 780, 788, 792, 826]","[0, 120, 122, 200, 223, 226, 315, 382, 485, 591, 593, 625, 671, 687, 690, 773, 832]","[98, 476, 481, 569, 924, 925]",5/6 successful match,True,"[526, 527, 528, 529, 530]",True,272,False,,1.0,True,TravelCenters of America ( Arco ),TravelCenters
Coachella ( 92236 ) TA Coachella # 041 ( Shell ),6 760-342-6200 I-10 Exit 146 ( Dillon Rd ),AXL,Coachella,92236,TA Coachella # 041 ( Shell ),760-342-6200,2014,Coachella,CA,Shell,( Dillon Rd ),I-10 Exit 146 ,Exit,146,False,,False,I-10,,,,,"[307, 765]","[202, 307, 672, 765]","[202, 307]","[62, 202, 307, 403, 672, 765, 852]","[103, 104, 105, 106, 107, 108, 109, 110, 111, 112, 113, 114, 115, 116, 117, 118, 119, 120, 121, 122, 123, 124, 125, 126, 127, 128, 129, 130, 131, 132, 133, 134, 135, 136, 137, 138, 139, 140, 141, 142, 143, 144, 145, 146, 147, 148, 149, 150, 151, 152, 153, 154, 155, 156, 157, 158, 159, 160, 161, 162, 163, 164, 165, 166, 167, 168, 169, 170, 171, 172, 173, 174, 175, 176, 177, 178, 179, 180, 181, 182, 183, 184, 185, 186, 187, 188, 189, 190, 191, 192, 193, 194, 195, 196, 197, 198, 199, 200, 201, 202, 203, 204, 205, 206, 207, 208, 209, 210, 211, 212, 213, 214, 215, 216, 217, 218, 219, 220, 221, 222, 223, 224, 225, 226, 227, 228, 229, 230, 231, 232, 233, 234, 235, 236, 237, 238, 239, 240, 241, 242, 243, 244, 245, 246, 247, 248, 249, 250, 251, 252, 253, 254, 255, 256, 257, 258, 259, 260, 261, 262, 263, 264, 265, 266, 267, 268, 269, 270, 271, 272, 273, 274, 275, 276, 277, 278, 279, 280, 281, 282, 283, 284, 285, 286, 287, 288, 289, 290, 291, 292, 293, 294, 295, 296, 297, 298, 299, 300, 301, 302, 303, 304, 305, 306, 307, 308, 309, 310, 311, 312, 313, 314, 315, 316, 317, 318, 319, 320, 321, 322, 323, 324, 325, 326, 327, 328, 329, 330, 331, 332, 333, 334, 335, 336, 337, 574, 575, 576, 577, 578, 579, 580, 581, 582, 583, 584, 585, 586, 587, 588, 589, 590, 591, 592, 593, 594, 595, 596, 597, 598, 599, 600, 601, 602, 603, 604, 605, 606, 607, 608, 609, 610, 611, 612, 613, 614, 615, 616, 617, 618, 619, 620, 621, 622, 623, 624, 625, 626, 627, 628, 629, 630, 631, 632, 633, 634, 635, 636, 637, 638, 639, 640, 641, 642, 643, 644, 645, 646, 647, 648, 649, 650, 651, 652, 653, 654, 655, 656, 657, 658, 659, 660, 661, 662, 663, 664, 665, 666, 667, 668, 669, 670, 671, 672, 673, 674, 675, 676, 677, 678, 679, 680, 681, 682, 683, 684, 685, 686, 687, 688, 689, 690, 691, 692, 693, 694, 695, 696, 697, 698, 699, 700, 701, 702, 703, 704, 705, 706, 707, 708, 709, 710, 711, 712, 713, 714, 715, 716, 717, 718, 719, 720, 721, 722, 723, 724, 725, 726, 727, 728, 729, 730, 731, 732, 733, 734, 735, 736, 737, 738, 739, 740, 741, 742, 743, 744, 745, 746, 747, 748, 749, 750, 751, 752, 753, 754, 755, 756, 757, 758, 759, 760, 761, 762, 763, 764, 765, 766, 767, 768, 769, 770, 771, 772, 773, 774, 775, 776, 777, 778, 779, 780, 781, 782, 783, 784, 785, 786, 787, 788, 789, 790, 791, 792, 793]","[0, 5, 7, 10, 14, 19, 20, 22, 24, 32, 33, 34, 37, 38, 40, 44, 46, 48, 49, 51, 56, 61, 63, 65, 67, 68, 73, 74, 75, 76, 79, 81, 82, 83, 85, 87, 88, 92, 93, 95, 96, 99, 100, 101, 115, 116, 124, 134, 142, 161, 167, 169, 170, 186, 202, 240, 244, 254, 260, 267, 277, 300, 303, 307, 310, 322, 331, 376, 485, 491, 493, 495, 499, 503, 504, 506, 508, 515, 518, 519, 521, 524, 526, 528, 533, 537, 539, 542, 543, 547, 548, 549, 550, 551, 553, 554, 556, 558, 559, 563, 564, 566, 567, 570, 571, 572, 586, 587, 595, 605, 613, 633, 639, 640, 641, 657, 672, 704, 717, 726, 736, 759, 761, 765, 768, 780, 788, 792, 826]","[1, 13, 14, 29, 54, 55, 56, 57, 58, 60, 102, 118, 125, 127, 130, 134, 146, 149, 153, 175, 182, 187, 189, 191, 197, 225, 230, 238, 264, 265, 266, 286, 302, 317, 336, 379, 388, 389, 425, 454, 458, 463, 475, 487, 498, 499, 512, 530, 531, 532, 533, 534, 536, 573, 589, 596, 598, 601, 605, 617, 620, 624, 646, 653, 658, 660, 662, 668, 689, 694, 702, 724, 725, 745, 760, 775, 793, 829, 838, 839, 877, 901, 903, 905, 910, 923]","[1, 13, 14, 29, 54, 55, 56, 57, 58, 60, 102, 118, 125, 127, 130, 134, 146, 149, 153, 175, 182, 187, 189, 191, 197, 225, 230, 238, 264, 265, 266, 286, 301, 302, 307, 317, 336, 354, 379, 388, 389, 425, 454, 458, 463, 475, 476, 487, 498, 499, 512, 530, 531, 532, 533, 534, 536, 573, 589, 596, 598, 601, 605, 617, 620, 624, 646, 653, 658, 660, 662, 668, 689, 694, 702, 724, 725, 745, 760, 765, 775, 793, 809, 829, 838, 839, 877, 901, 903, 905, 910, 923, 924, 925]","[0, 1, 5, 7, 10, 13, 14, 19, 20, 22, 24, 29, 32, 33, 34, 37, 38, 40, 44, 46, 48, 49, 51, 54, 55, 56, 57, 58, 60, 61, 62, 63, 65, 67, 68, 73, 74, 75, 76, 79, 81, 82, 83, 85, 87, 88, 92, 93, 95, 96, 99, 100, 101, 102, 103, 104, 105, 106, 107, 108, 109, 110, 111, 112, 113, 114, 115, 116, 117, 118, 119, 120, 121, 122, 123, 124, 125, 126, 127, 128, 129, 130, 131, 132, 133, 134, 135, 136, 137, 138, 139, 140, 141, 142, 143, 144, 145, 146, 147, 148, 149, 150, 151, 152, 153, 154, 155, 156, 157, 158, 159, 160, 161, 162, 163, 164, 165, 166, 167, 168, 169, 170, 171, 172, 173, 174, 175, 176, 177, 178, 179, 180, 181, 182, 183, 184, 185, 186, 187, 188, 189, 190, 191, 192, 193, 194, 195, 196, 197, 198, 199, 200, 201, 202, 203, 204, 205, 206, 207, 208, 209, 210, 211, 212, 213, 214, 215, 216, 217, 218, 219, 220, 221, 222, 223, 224, 225, 226, 227, 228, 229, 230, 231, 232, 233, 234, 235, 236, 237, 238, 239, 240, 241, 242, 243, 244, 245, 246, 247, 248, 249, 250, 251, 252, 253, 254, 255, 256, 257, 258, 259, 260, 261, 262, 263, 264, 265, 266, 267, 268, 269, 270, 271, 272, 273, 274, 275, 276, 277, 278, 279, 280, 281, 282, 283, 284, 285, 286, 287, 288, 289, 290, 291, 292, 293, 294, 295, 296, 297, 298, 299, 300, 301, 302, 303, 304, 305, 306, 307, 308, 309, 310, 311, 312, 313, 314, 315, 316, 317, 318, 319, 320, 321, 322, 323, 324, 325, 326, 327, 328, 329, 330, 331, 332, 333, 334, 335, 336, 337, 354, 376, 379, 388, 389, 403, 425, 454, 458, 463, 475, 476, 485, 487, 491, 493, 495, 498, 499, 503, 504, 506, 508, 512, 515, 518, 519, 521, 524, 526, 528, 530, 531, 532, 533, 534, 536, 537, 539, 542, 543, 547, 548, 549, 550, 551, 553, 554, 556, 558, 559, 563, 564, 566, 567, 570, 571, 572, 573, 574, 575, 576, 577, 578, 579, 580, 581, 582, 583, 584, 585, 586, 587, 588, 589, 590, 591, 592, 593, 594, 595, 596, 597, 598, 599, 600, 601, 602, 603, 604, 605, 606, 607, 608, 609, 610, 611, 612, 613, 614, 615, 616, 617, 618, 619, 620, 621, 622, 623, 624, 625, 626, 627, 628, 629, 630, 631, 632, 633, 634, 635, 636, 637, 638, 639, 640, 641, 642, 643, 644, 645, 646, 647, 648, 649, 650, 651, 652, 653, 654, 655, 656, 657, 658, 659, 660, 661, 662, 663, 664, 665, 666, 667, 668, 669, 670, 671, 672, 673, 674, 675, 676, 677, 678, 679, 680, 681, 682, 683, 684, 685, 686, 687, 688, 689, 690, 691, 692, 693, 694, 695, 696, 697, 698, 699, 700, 701, 702, 703, 704, 705, 706, 707, 708, 709, 710, 711, 712, 713, 714, 715, 716, 717, 718, 719, 720, 721, 722, 723, 724, 725, 726, 727, 728, 729, 730, 731, 732, 733, 734, 735, 736, 737, 738, 739, 740, 741, 742, 743, 744, 745, 746, 747, 748, 749, 750, 751, 752, 753, 754, 755, 756, 757, 758, 759, 760, 761, 762, 763, 764, 765, 766, 767, 768, 769, 770, 771, 772, 773, 774, 775, 776, 777, 778, 779, 780, 781, 782, 783, 784, 785, 786, 787, 788, 789, 790, 791, 792, 793, 809, 826, 829, 838, 839, 852, 877, 901, 903, 905, 910, 923, 924, 925]",True,"[202, 307, 672, 765]","[103, 104, 105, 106, 107, 108, 109, 110, 111, 112, 113, 114, 115, 116, 117, 118, 119, 120, 121, 122, 123, 124, 125, 126, 127, 128, 129, 130, 131, 132, 133, 134, 135, 136, 137, 138, 139, 140, 141, 142, 143, 144, 145, 146, 147, 148, 149, 150, 151, 152, 153, 154, 155, 156, 157, 158, 159, 160, 161, 162, 163, 164, 165, 166, 167, 168, 169, 170, 171, 172, 173, 174, 175, 176, 177, 178, 179, 180, 181, 182, 183, 184, 185, 186, 187, 188, 189, 190, 191, 192, 193, 194, 195, 196, 197, 198, 199, 200, 201, 202, 203, 204, 205, 206, 207, 208, 209, 210, 211, 212, 213, 214, 215, 216, 217, 218, 219, 220, 221, 222, 223, 224, 225, 226, 227, 228, 229, 230, 231, 232, 233, 234, 235, 236, 237, 238, 239, 240, 241, 242, 243, 244, 245, 246, 247, 248, 249, 250, 251, 252, 253, 254, 255, 256, 257, 258, 259, 260, 261, 262, 263, 264, 265, 266, 267, 268, 269, 270, 271, 272, 273, 274, 275, 276, 277, 278, 279, 280, 281, 282, 283, 284, 285, 286, 287, 288, 289, 290, 291, 292, 293, 294, 295, 296, 297, 298, 299, 300, 301, 302, 303, 304, 305, 306, 307, 308, 309, 310, 311, 312, 313, 314, 315, 316, 317, 318, 319, 320, 321, 322, 323, 324, 325, 326, 327, 328, 329, 330, 331, 332, 333, 334, 335, 336, 337, 574, 575, 576, 577, 578, 579, 580, 581, 582, 583, 584, 585, 586, 587, 588, 589, 590, 591, 592, 593, 594, 595, 596, 597, 598, 599, 600, 601, 602, 603, 604, 605, 606, 607, 608, 609, 610, 611, 612, 613, 614, 615, 616, 617, 618, 619, 620, 621, 622, 623, 624, 625, 626, 627, 628, 629, 630, 631, 632, 633, 634, 635, 636, 637, 638, 639, 640, 641, 642, 643, 644, 645, 646, 647, 648, 649, 650, 651, 652, 653, 654, 655, 656, 657, 658, 659, 660, 661, 662, 663, 664, 665, 666, 667, 668, 669, 670, 671, 672, 673, 674, 675, 676, 677, 678, 679, 680, 681, 682, 683, 684, 685, 686, 687, 688, 689, 690, 691, 692, 693, 694, 695, 696, 697, 698, 699, 700, 701, 702, 703, 704, 705, 706, 707, 708, 709, 710, 711, 712, 713, 714, 715, 716, 717, 718, 719, 720, 721, 722, 723, 724, 725, 726, 727, 728, 729, 730, 731, 732, 733, 734, 735, 736, 737, 738, 739, 740, 741, 742, 743, 744, 745, 746, 747, 748, 749, 750, 751, 752, 753, 754, 755, 756, 757, 758, 759, 760, 761, 762, 763, 764, 765, 766, 767, 768, 769, 770, 771, 772, 773, 774, 775, 776, 777, 778, 779, 780, 781, 782, 783, 784, 785, 786, 787, 788, 789, 790, 791, 792, 793]","[202, 307]","[62, 202, 307, 403, 672, 765, 852]","[0, 5, 7, 10, 14, 19, 20, 22, 24, 32, 33, 34, 37, 38, 40, 44, 46, 48, 49, 51, 56, 61, 63, 65, 67, 68, 73, 74, 75, 76, 79, 81, 82, 83, 85, 87, 88, 92, 93, 95, 96, 99, 100, 101, 115, 116, 124, 134, 142, 161, 167, 169, 170, 186, 202, 240, 244, 254, 260, 267, 277, 300, 303, 307, 310, 322, 331, 376, 485, 491, 493, 495, 499, 503, 504, 506, 508, 515, 518, 519, 521, 524, 526, 528, 533, 537, 539, 542, 543, 547, 548, 549, 550, 551, 553, 554, 556, 558, 559, 563, 564, 566, 567, 570, 571, 572, 586, 587, 595, 605, 613, 633, 639, 640, 641, 657, 672, 704, 717, 726, 736, 759, 761, 765, 768, 780, 788, 792, 826]","[1, 13, 14, 29, 54, 55, 56, 57, 58, 60, 102, 118, 125, 127, 130, 134, 146, 149, 153, 175, 182, 187, 189, 191, 197, 225, 230, 238, 264, 265, 266, 286, 301, 302, 307, 317, 336, 354, 379, 388, 389, 425, 454, 458, 463, 475, 476, 487, 498, 499, 512, 530, 531, 532, 533, 534, 536, 573, 589, 596, 598, 601, 605, 617, 620, 624, 646, 653, 658, 660, 662, 668, 689, 694, 702, 724, 725, 745, 760, 765, 775, 793, 809, 829, 838, 839, 877, 901, 903, 905, 910, 923, 924, 925]","[1, 13, 14, 29, 54, 55, 56, 57, 58, 60, 102, 118, 125, 127, 130, 134, 146, 149, 153, 175, 182, 187, 189, 191, 197, 225, 230, 238, 264, 265, 266, 286, 302, 317, 336, 379, 388, 389, 425, 454, 458, 463, 475, 487, 498, 499, 512, 530, 531, 532, 533, 534, 536, 573, 589, 596, 598, 601, 605, 617, 620, 624, 646, 653, 658, 660, 662, 668, 689, 694, 702, 724, 725, 745, 760, 775, 793, 829, 838, 839, 877, 901, 903, 905, 910, 923]",6/6 successful match,True,"[526, 527, 528, 529, 530]",True,272,True,2014,0.16393442622950818,False,TravelCenters of America ( Arco ),TravelCenters
Coachella ( 92236 ) TA Coachella # 041 ( Shell ),6 760-342-6200 I-10 Exit 146 ( Dillon Rd ) ZA,ZA 24XL <U+25A1> <U+25A1>,Coachella,92236,TA Coachella # 041 ( Shell ),760-342-6200,2015,Coachella,CA,Shell,( Dillon Rd ) ZA,I-10 Exit 146 ,Exit,146,False,,False,I-10,,,,,"[307, 765]","[202, 307, 672, 765]","[202, 307]","[62, 202, 307, 403, 672, 765, 852]","[103, 104, 105, 106, 107, 108, 109, 110, 111, 112, 113, 114, 115, 116, 117, 118, 119, 120, 121, 122, 123, 124, 125, 126, 127, 128, 129, 130, 131, 132, 133, 134, 135, 136, 137, 138, 139, 140, 141, 142, 143, 144, 145, 146, 147, 148, 149, 150, 151, 152, 153, 154, 155, 156, 157, 158, 159, 160, 161, 162, 163, 164, 165, 166, 167, 168, 169, 170, 171, 172, 173, 174, 175, 176, 177, 178, 179, 180, 181, 182, 183, 184, 185, 186, 187, 188, 189, 190, 191, 192, 193, 194, 195, 196, 197, 198, 199, 200, 201, 202, 203, 204, 205, 206, 207, 208, 209, 210, 211, 212, 213, 214, 215, 216, 217, 218, 219, 220, 221, 222, 223, 224, 225, 226, 227, 228, 229, 230, 231, 232, 233, 234, 235, 236, 237, 238, 239, 240, 241, 242, 243, 244, 245, 246, 247, 248, 249, 250, 251, 252, 253, 254, 255, 256, 257, 258, 259, 260, 261, 262, 263, 264, 265, 266, 267, 268, 269, 270, 271, 272, 273, 274, 275, 276, 277, 278, 279, 280, 281, 282, 283, 284, 285, 286, 287, 288, 289, 290, 291, 292, 293, 294, 295, 296, 297, 298, 299, 300, 301, 302, 303, 304, 305, 306, 307, 308, 309, 310, 311, 312, 313, 314, 315, 316, 317, 318, 319, 320, 321, 322, 323, 324, 325, 326, 327, 328, 329, 330, 331, 332, 333, 334, 335, 336, 337, 574, 575, 576, 577, 578, 579, 580, 581, 582, 583, 584, 585, 586, 587, 588, 589, 590, 591, 592, 593, 594, 595, 596, 597, 598, 599, 600, 601, 602, 603, 604, 605, 606, 607, 608, 609, 610, 611, 612, 613, 614, 615, 616, 617, 618, 619, 620, 621, 622, 623, 624, 625, 626, 627, 628, 629, 630, 631, 632, 633, 634, 635, 636, 637, 638, 639, 640, 641, 642, 643, 644, 645, 646, 647, 648, 649, 650, 651, 652, 653, 654, 655, 656, 657, 658, 659, 660, 661, 662, 663, 664, 665, 666, 667, 668, 669, 670, 671, 672, 673, 674, 675, 676, 677, 678, 679, 680, 681, 682, 683, 684, 685, 686, 687, 688, 689, 690, 691, 692, 693, 694, 695, 696, 697, 698, 699, 700, 701, 702, 703, 704, 705, 706, 707, 708, 709, 710, 711, 712, 713, 714, 715, 716, 717, 718, 719, 720, 721, 722, 723, 724, 725, 726, 727, 728, 729, 730, 731, 732, 733, 734, 735, 736, 737, 738, 739, 740, 741, 742, 743, 744, 745, 746, 747, 748, 749, 750, 751, 752, 753, 754, 755, 756, 757, 758, 759, 760, 761, 762, 763, 764, 765, 766, 767, 768, 769, 770, 771, 772, 773, 774, 775, 776, 777, 778, 779, 780, 781, 782, 783, 784, 785, 786, 787, 788, 789, 790, 791, 792, 793]","[0, 5, 7, 10, 14, 19, 20, 22, 24, 32, 33, 34, 37, 38, 40, 44, 46, 48, 49, 51, 56, 61, 63, 65, 67, 68, 73, 74, 75, 76, 79, 81, 82, 83, 85, 87, 88, 92, 93, 95, 96, 99, 100, 101, 115, 116, 124, 134, 142, 161, 167, 169, 170, 186, 202, 240, 244, 254, 260, 267, 277, 300, 303, 307, 310, 322, 331, 376, 485, 491, 493, 495, 499, 503, 504, 506, 508, 515, 518, 519, 521, 524, 526, 528, 533, 537, 539, 542, 543, 547, 548, 549, 550, 551, 553, 554, 556, 558, 559, 563, 564, 566, 567, 570, 571, 572, 586, 587, 595, 605, 613, 633, 639, 640, 641, 657, 672, 704, 717, 726, 736, 759, 761, 765, 768, 780, 788, 792, 826]","[1, 13, 14, 29, 54, 55, 56, 57, 58, 60, 102, 118, 125, 127, 130, 134, 146, 149, 153, 175, 182, 187, 189, 191, 197, 225, 230, 238, 264, 265, 266, 286, 302, 317, 336, 379, 388, 389, 425, 454, 458, 463, 475, 487, 498, 499, 512, 530, 531, 532, 533, 534, 536, 573, 589, 596, 598, 601, 605, 617, 620, 624, 646, 653, 658, 660, 662, 668, 689, 694, 702, 724, 725, 745, 760, 775, 793, 829, 838, 839, 877, 901, 903, 905, 910, 923]","[1, 13, 14, 29, 54, 55, 56, 57, 58, 60, 102, 118, 125, 127, 130, 134, 146, 149, 153, 175, 182, 187, 189, 191, 197, 225, 230, 238, 264, 265, 266, 286, 301, 302, 307, 317, 336, 354, 379, 388, 389, 425, 454, 458, 463, 475, 476, 487, 498, 499, 512, 530, 531, 532, 533, 534, 536, 573, 589, 596, 598, 601, 605, 617, 620, 624, 646, 653, 658, 660, 662, 668, 689, 694, 702, 724, 725, 745, 760, 765, 775, 793, 809, 829, 838, 839, 877, 901, 903, 905, 910, 923, 924, 925]","[0, 1, 5, 7, 10, 13, 14, 19, 20, 22, 24, 29, 32, 33, 34, 37, 38, 40, 44, 46, 48, 49, 51, 54, 55, 56, 57, 58, 60, 61, 62, 63, 65, 67, 68, 73, 74, 75, 76, 79, 81, 82, 83, 85, 87, 88, 92, 93, 95, 96, 99, 100, 101, 102, 103, 104, 105, 106, 107, 108, 109, 110, 111, 112, 113, 114, 115, 116, 117, 118, 119, 120, 121, 122, 123, 124, 125, 126, 127, 128, 129, 130, 131, 132, 133, 134, 135, 136, 137, 138, 139, 140, 141, 142, 143, 144, 145, 146, 147, 148, 149, 150, 151, 152, 153, 154, 155, 156, 157, 158, 159, 160, 161, 162, 163, 164, 165, 166, 167, 168, 169, 170, 171, 172, 173, 174, 175, 176, 177, 178, 179, 180, 181, 182, 183, 184, 185, 186, 187, 188, 189, 190, 191, 192, 193, 194, 195, 196, 197, 198, 199, 200, 201, 202, 203, 204, 205, 206, 207, 208, 209, 210, 211, 212, 213, 214, 215, 216, 217, 218, 219, 220, 221, 222, 223, 224, 225, 226, 227, 228, 229, 230, 231, 232, 233, 234, 235, 236, 237, 238, 239, 240, 241, 242, 243, 244, 245, 246, 247, 248, 249, 250, 251, 252, 253, 254, 255, 256, 257, 258, 259, 260, 261, 262, 263, 264, 265, 266, 267, 268, 269, 270, 271, 272, 273, 274, 275, 276, 277, 278, 279, 280, 281, 282, 283, 284, 285, 286, 287, 288, 289, 290, 291, 292, 293, 294, 295, 296, 297, 298, 299, 300, 301, 302, 303, 304, 305, 306, 307, 308, 309, 310, 311, 312, 313, 314, 315, 316, 317, 318, 319, 320, 321, 322, 323, 324, 325, 326, 327, 328, 329, 330, 331, 332, 333, 334, 335, 336, 337, 354, 376, 379, 388, 389, 403, 425, 454, 458, 463, 475, 476, 485, 487, 491, 493, 495, 498, 499, 503, 504, 506, 508, 512, 515, 518, 519, 521, 524, 526, 528, 530, 531, 532, 533, 534, 536, 537, 539, 542, 543, 547, 548, 549, 550, 551, 553, 554, 556, 558, 559, 563, 564, 566, 567, 570, 571, 572, 573, 574, 575, 576, 577, 578, 579, 580, 581, 582, 583, 584, 585, 586, 587, 588, 589, 590, 591, 592, 593, 594, 595, 596, 597, 598, 599, 600, 601, 602, 603, 604, 605, 606, 607, 608, 609, 610, 611, 612, 613, 614, 615, 616, 617, 618, 619, 620, 621, 622, 623, 624, 625, 626, 627, 628, 629, 630, 631, 632, 633, 634, 635, 636, 637, 638, 639, 640, 641, 642, 643, 644, 645, 646, 647, 648, 649, 650, 651, 652, 653, 654, 655, 656, 657, 658, 659, 660, 661, 662, 663, 664, 665, 666, 667, 668, 669, 670, 671, 672, 673, 674, 675, 676, 677, 678, 679, 680, 681, 682, 683, 684, 685, 686, 687, 688, 689, 690, 691, 692, 693, 694, 695, 696, 697, 698, 699, 700, 701, 702, 703, 704, 705, 706, 707, 708, 709, 710, 711, 712, 713, 714, 715, 716, 717, 718, 719, 720, 721, 722, 723, 724, 725, 726, 727, 728, 729, 730, 731, 732, 733, 734, 735, 736, 737, 738, 739, 740, 741, 742, 743, 744, 745, 746, 747, 748, 749, 750, 751, 752, 753, 754, 755, 756, 757, 758, 759, 760, 761, 762, 763, 764, 765, 766, 767, 768, 769, 770, 771, 772, 773, 774, 775, 776, 777, 778, 779, 780, 781, 782, 783, 784, 785, 786, 787, 788, 789, 790, 791, 792, 793, 809, 826, 829, 838, 839, 852, 877, 901, 903, 905, 910, 923, 924, 925]",True,"[202, 307, 672, 765]","[103, 104, 105, 106, 107, 108, 109, 110, 111, 112, 113, 114, 115, 116, 117, 118, 119, 120, 121, 122, 123, 124, 125, 126, 127, 128, 129, 130, 131, 132, 133, 134, 135, 136, 137, 138, 139, 140, 141, 142, 143, 144, 145, 146, 147, 148, 149, 150, 151, 152, 153, 154, 155, 156, 157, 158, 159, 160, 161, 162, 163, 164, 165, 166, 167, 168, 169, 170, 171, 172, 173, 174, 175, 176, 177, 178, 179, 180, 181, 182, 183, 184, 185, 186, 187, 188, 189, 190, 191, 192, 193, 194, 195, 196, 197, 198, 199, 200, 201, 202, 203, 204, 205, 206, 207, 208, 209, 210, 211, 212, 213, 214, 215, 216, 217, 218, 219, 220, 221, 222, 223, 224, 225, 226, 227, 228, 229, 230, 231, 232, 233, 234, 235, 236, 237, 238, 239, 240, 241, 242, 243, 244, 245, 246, 247, 248, 249, 250, 251, 252, 253, 254, 255, 256, 257, 258, 259, 260, 261, 262, 263, 264, 265, 266, 267, 268, 269, 270, 271, 272, 273, 274, 275, 276, 277, 278, 279, 280, 281, 282, 283, 284, 285, 286, 287, 288, 289, 290, 291, 292, 293, 294, 295, 296, 297, 298, 299, 300, 301, 302, 303, 304, 305, 306, 307, 308, 309, 310, 311, 312, 313, 314, 315, 316, 317, 318, 319, 320, 321, 322, 323, 324, 325, 326, 327, 328, 329, 330, 331, 332, 333, 334, 335, 336, 337, 574, 575, 576, 577, 578, 579, 580, 581, 582, 583, 584, 585, 586, 587, 588, 589, 590, 591, 592, 593, 594, 595, 596, 597, 598, 599, 600, 601, 602, 603, 604, 605, 606, 607, 608, 609, 610, 611, 612, 613, 614, 615, 616, 617, 618, 619, 620, 621, 622, 623, 624, 625, 626, 627, 628, 629, 630, 631, 632, 633, 634, 635, 636, 637, 638, 639, 640, 641, 642, 643, 644, 645, 646, 647, 648, 649, 650, 651, 652, 653, 654, 655, 656, 657, 658, 659, 660, 661, 662, 663, 664, 665, 666, 667, 668, 669, 670, 671, 672, 673, 674, 675, 676, 677, 678, 679, 680, 681, 682, 683, 684, 685, 686, 687, 688, 689, 690, 691, 692, 693, 694, 695, 696, 697, 698, 699, 700, 701, 702, 703, 704, 705, 706, 707, 708, 709, 710, 711, 712, 713, 714, 715, 716, 717, 718, 719, 720, 721, 722, 723, 724, 725, 726, 727, 728, 729, 730, 731, 732, 733, 734, 735, 736, 737, 738, 739, 740, 741, 742, 743, 744, 745, 746, 747, 748, 749, 750, 751, 752, 753, 754, 755, 756, 757, 758, 759, 760, 761, 762, 763, 764, 765, 766, 767, 768, 769, 770, 771, 772, 773, 774, 775, 776, 777, 778, 779, 780, 781, 782, 783, 784, 785, 786, 787, 788, 789, 790, 791, 792, 793]","[202, 307]","[62, 202, 307, 403, 672, 765, 852]","[0, 5, 7, 10, 14, 19, 20, 22, 24, 32, 33, 34, 37, 38, 40, 44, 46, 48, 49, 51, 56, 61, 63, 65, 67, 68, 73, 74, 75, 76, 79, 81, 82, 83, 85, 87, 88, 92, 93, 95, 96, 99, 100, 101, 115, 116, 124, 134, 142, 161, 167, 169, 170, 186, 202, 240, 244, 254, 260, 267, 277, 300, 303, 307, 310, 322, 331, 376, 485, 491, 493, 495, 499, 503, 504, 506, 508, 515, 518, 519, 521, 524, 526, 528, 533, 537, 539, 542, 543, 547, 548, 549, 550, 551, 553, 554, 556, 558, 559, 563, 564, 566, 567, 570, 571, 572, 586, 587, 595, 605, 613, 633, 639, 640, 641, 657, 672, 704, 717, 726, 736, 759, 761, 765, 768, 780, 788, 792, 826]","[1, 13, 14, 29, 54, 55, 56, 57, 58, 60, 102, 118, 125, 127, 130, 134, 146, 149, 153, 175, 182, 187, 189, 191, 197, 225, 230, 238, 264, 265, 266, 286, 301, 302, 307, 317, 336, 354, 379, 388, 389, 425, 454, 458, 463, 475, 476, 487, 498, 499, 512, 530, 531, 532, 533, 534, 536, 573, 589, 596, 598, 601, 605, 617, 620, 624, 646, 653, 658, 660, 662, 668, 689, 694, 702, 724, 725, 745, 760, 765, 775, 793, 809, 829, 838, 839, 877, 901, 903, 905, 910, 923, 924, 925]","[1, 13, 14, 29, 54, 55, 56, 57, 58, 60, 102, 118, 125, 127, 130, 134, 146, 149, 153, 175, 182, 187, 189, 191, 197, 225, 230, 238, 264, 265, 266, 286, 302, 317, 336, 379, 388, 389, 425, 454, 458, 463, 475, 487, 498, 499, 512, 530, 531, 532, 533, 534, 536, 573, 589, 596, 598, 601, 605, 617, 620, 624, 646, 653, 658, 660, 662, 668, 689, 694, 702, 724, 725, 745, 760, 775, 793, 829, 838, 839, 877, 901, 903, 905, 910, 923]",6/6 successful match,True,"[526, 527, 528, 529, 530]",True,272,False,,1.0,True,TA Coachella # 041 ( Shell ),Shell
Coachella ( 92236 ) TA Coachella # 041 ( Shell ),6 760-342-6200 I-10 Exit 146 ( Dillon Rd ),XL 24,Coachella,92236,TA Coachella # 041 ( Shell ),760-342-6200,2016,Coachella,CA,Shell,( Dillon Rd ),I-10 Exit 146 ,Exit,146,False,,False,I-10,,,,,"[307, 765]","[202, 307, 672, 765]","[202, 307]","[62, 202, 307, 403, 672, 765, 852]","[103, 104, 105, 106, 107, 108, 109, 110, 111, 112, 113, 114, 115, 116, 117, 118, 119, 120, 121, 122, 123, 124, 125, 126, 127, 128, 129, 130, 131, 132, 133, 134, 135, 136, 137, 138, 139, 140, 141, 142, 143, 144, 145, 146, 147, 148, 149, 150, 151, 152, 153, 154, 155, 156, 157, 158, 159, 160, 161, 162, 163, 164, 165, 166, 167, 168, 169, 170, 171, 172, 173, 174, 175, 176, 177, 178, 179, 180, 181, 182, 183, 184, 185, 186, 187, 188, 189, 190, 191, 192, 193, 194, 195, 196, 197, 198, 199, 200, 201, 202, 203, 204, 205, 206, 207, 208, 209, 210, 211, 212, 213, 214, 215, 216, 217, 218, 219, 220, 221, 222, 223, 224, 225, 226, 227, 228, 229, 230, 231, 232, 233, 234, 235, 236, 237, 238, 239, 240, 241, 242, 243, 244, 245, 246, 247, 248, 249, 250, 251, 252, 253, 254, 255, 256, 257, 258, 259, 260, 261, 262, 263, 264, 265, 266, 267, 268, 269, 270, 271, 272, 273, 274, 275, 276, 277, 278, 279, 280, 281, 282, 283, 284, 285, 286, 287, 288, 289, 290, 291, 292, 293, 294, 295, 296, 297, 298, 299, 300, 301, 302, 303, 304, 305, 306, 307, 308, 309, 310, 311, 312, 313, 314, 315, 316, 317, 318, 319, 320, 321, 322, 323, 324, 325, 326, 327, 328, 329, 330, 331, 332, 333, 334, 335, 336, 337, 574, 575, 576, 577, 578, 579, 580, 581, 582, 583, 584, 585, 586, 587, 588, 589, 590, 591, 592, 593, 594, 595, 596, 597, 598, 599, 600, 601, 602, 603, 604, 605, 606, 607, 608, 609, 610, 611, 612, 613, 614, 615, 616, 617, 618, 619, 620, 621, 622, 623, 624, 625, 626, 627, 628, 629, 630, 631, 632, 633, 634, 635, 636, 637, 638, 639, 640, 641, 642, 643, 644, 645, 646, 647, 648, 649, 650, 651, 652, 653, 654, 655, 656, 657, 658, 659, 660, 661, 662, 663, 664, 665, 666, 667, 668, 669, 670, 671, 672, 673, 674, 675, 676, 677, 678, 679, 680, 681, 682, 683, 684, 685, 686, 687, 688, 689, 690, 691, 692, 693, 694, 695, 696, 697, 698, 699, 700, 701, 702, 703, 704, 705, 706, 707, 708, 709, 710, 711, 712, 713, 714, 715, 716, 717, 718, 719, 720, 721, 722, 723, 724, 725, 726, 727, 728, 729, 730, 731, 732, 733, 734, 735, 736, 737, 738, 739, 740, 741, 742, 743, 744, 745, 746, 747, 748, 749, 750, 751, 752, 753, 754, 755, 756, 757, 758, 759, 760, 761, 762, 763, 764, 765, 766, 767, 768, 769, 770, 771, 772, 773, 774, 775, 776, 777, 778, 779, 780, 781, 782, 783, 784, 785, 786, 787, 788, 789, 790, 791, 792, 793]","[0, 5, 7, 10, 14, 19, 20, 22, 24, 32, 33, 34, 37, 38, 40, 44, 46, 48, 49, 51, 56, 61, 63, 65, 67, 68, 73, 74, 75, 76, 79, 81, 82, 83, 85, 87, 88, 92, 93, 95, 96, 99, 100, 101, 115, 116, 124, 134, 142, 161, 167, 169, 170, 186, 202, 240, 244, 254, 260, 267, 277, 300, 303, 307, 310, 322, 331, 376, 485, 491, 493, 495, 499, 503, 504, 506, 508, 515, 518, 519, 521, 524, 526, 528, 533, 537, 539, 542, 543, 547, 548, 549, 550, 551, 553, 554, 556, 558, 559, 563, 564, 566, 567, 570, 571, 572, 586, 587, 595, 605, 613, 633, 639, 640, 641, 657, 672, 704, 717, 726, 736, 759, 761, 765, 768, 780, 788, 792, 826]","[1, 13, 14, 29, 54, 55, 56, 57, 58, 60, 102, 118, 125, 127, 130, 134, 146, 149, 153, 175, 182, 187, 189, 191, 197, 225, 230, 238, 264, 265, 266, 286, 302, 317, 336, 379, 388, 389, 425, 454, 458, 463, 475, 487, 498, 499, 512, 530, 531, 532, 533, 534, 536, 573, 589, 596, 598, 601, 605, 617, 620, 624, 646, 653, 658, 660, 662, 668, 689, 694, 702, 724, 725, 745, 760, 775, 793, 829, 838, 839, 877, 901, 903, 905, 910, 923]","[1, 13, 14, 29, 54, 55, 56, 57, 58, 60, 102, 118, 125, 127, 130, 134, 146, 149, 153, 175, 182, 187, 189, 191, 197, 225, 230, 238, 264, 265, 266, 286, 301, 302, 307, 317, 336, 354, 379, 388, 389, 425, 454, 458, 463, 475, 476, 487, 498, 499, 512, 530, 531, 532, 533, 534, 536, 573, 589, 596, 598, 601, 605, 617, 620, 624, 646, 653, 658, 660, 662, 668, 689, 694, 702, 724, 725, 745, 760, 765, 775, 793, 809, 829, 838, 839, 877, 901, 903, 905, 910, 923, 924, 925]","[0, 1, 5, 7, 10, 13, 14, 19, 20, 22, 24, 29, 32, 33, 34, 37, 38, 40, 44, 46, 48, 49, 51, 54, 55, 56, 57, 58, 60, 61, 62, 63, 65, 67, 68, 73, 74, 75, 76, 79, 81, 82, 83, 85, 87, 88, 92, 93, 95, 96, 99, 100, 101, 102, 103, 104, 105, 106, 107, 108, 109, 110, 111, 112, 113, 114, 115, 116, 117, 118, 119, 120, 121, 122, 123, 124, 125, 126, 127, 128, 129, 130, 131, 132, 133, 134, 135, 136, 137, 138, 139, 140, 141, 142, 143, 144, 145, 146, 147, 148, 149, 150, 151, 152, 153, 154, 155, 156, 157, 158, 159, 160, 161, 162, 163, 164, 165, 166, 167, 168, 169, 170, 171, 172, 173, 174, 175, 176, 177, 178, 179, 180, 181, 182, 183, 184, 185, 186, 187, 188, 189, 190, 191, 192, 193, 194, 195, 196, 197, 198, 199, 200, 201, 202, 203, 204, 205, 206, 207, 208, 209, 210, 211, 212, 213, 214, 215, 216, 217, 218, 219, 220, 221, 222, 223, 224, 225, 226, 227, 228, 229, 230, 231, 232, 233, 234, 235, 236, 237, 238, 239, 240, 241, 242, 243, 244, 245, 246, 247, 248, 249, 250, 251, 252, 253, 254, 255, 256, 257, 258, 259, 260, 261, 262, 263, 264, 265, 266, 267, 268, 269, 270, 271, 272, 273, 274, 275, 276, 277, 278, 279, 280, 281, 282, 283, 284, 285, 286, 287, 288, 289, 290, 291, 292, 293, 294, 295, 296, 297, 298, 299, 300, 301, 302, 303, 304, 305, 306, 307, 308, 309, 310, 311, 312, 313, 314, 315, 316, 317, 318, 319, 320, 321, 322, 323, 324, 325, 326, 327, 328, 329, 330, 331, 332, 333, 334, 335, 336, 337, 354, 376, 379, 388, 389, 403, 425, 454, 458, 463, 475, 476, 485, 487, 491, 493, 495, 498, 499, 503, 504, 506, 508, 512, 515, 518, 519, 521, 524, 526, 528, 530, 531, 532, 533, 534, 536, 537, 539, 542, 543, 547, 548, 549, 550, 551, 553, 554, 556, 558, 559, 563, 564, 566, 567, 570, 571, 572, 573, 574, 575, 576, 577, 578, 579, 580, 581, 582, 583, 584, 585, 586, 587, 588, 589, 590, 591, 592, 593, 594, 595, 596, 597, 598, 599, 600, 601, 602, 603, 604, 605, 606, 607, 608, 609, 610, 611, 612, 613, 614, 615, 616, 617, 618, 619, 620, 621, 622, 623, 624, 625, 626, 627, 628, 629, 630, 631, 632, 633, 634, 635, 636, 637, 638, 639, 640, 641, 642, 643, 644, 645, 646, 647, 648, 649, 650, 651, 652, 653, 654, 655, 656, 657, 658, 659, 660, 661, 662, 663, 664, 665, 666, 667, 668, 669, 670, 671, 672, 673, 674, 675, 676, 677, 678, 679, 680, 681, 682, 683, 684, 685, 686, 687, 688, 689, 690, 691, 692, 693, 694, 695, 696, 697, 698, 699, 700, 701, 702, 703, 704, 705, 706, 707, 708, 709, 710, 711, 712, 713, 714, 715, 716, 717, 718, 719, 720, 721, 722, 723, 724, 725, 726, 727, 728, 729, 730, 731, 732, 733, 734, 735, 736, 737, 738, 739, 740, 741, 742, 743, 744, 745, 746, 747, 748, 749, 750, 751, 752, 753, 754, 755, 756, 757, 758, 759, 760, 761, 762, 763, 764, 765, 766, 767, 768, 769, 770, 771, 772, 773, 774, 775, 776, 777, 778, 779, 780, 781, 782, 783, 784, 785, 786, 787, 788, 789, 790, 791, 792, 793, 809, 826, 829, 838, 839, 852, 877, 901, 903, 905, 910, 923, 924, 925]",True,"[202, 307, 672, 765]","[103, 104, 105, 106, 107, 108, 109, 110, 111, 112, 113, 114, 115, 116, 117, 118, 119, 120, 121, 122, 123, 124, 125, 126, 127, 128, 129, 130, 131, 132, 133, 134, 135, 136, 137, 138, 139, 140, 141, 142, 143, 144, 145, 146, 147, 148, 149, 150, 151, 152, 153, 154, 155, 156, 157, 158, 159, 160, 161, 162, 163, 164, 165, 166, 167, 168, 169, 170, 171, 172, 173, 174, 175, 176, 177, 178, 179, 180, 181, 182, 183, 184, 185, 186, 187, 188, 189, 190, 191, 192, 193, 194, 195, 196, 197, 198, 199, 200, 201, 202, 203, 204, 205, 206, 207, 208, 209, 210, 211, 212, 213, 214, 215, 216, 217, 218, 219, 220, 221, 222, 223, 224, 225, 226, 227, 228, 229, 230, 231, 232, 233, 234, 235, 236, 237, 238, 239, 240, 241, 242, 243, 244, 245, 246, 247, 248, 249, 250, 251, 252, 253, 254, 255, 256, 257, 258, 259, 260, 261, 262, 263, 264, 265, 266, 267, 268, 269, 270, 271, 272, 273, 274, 275, 276, 277, 278, 279, 280, 281, 282, 283, 284, 285, 286, 287, 288, 289, 290, 291, 292, 293, 294, 295, 296, 297, 298, 299, 300, 301, 302, 303, 304, 305, 306, 307, 308, 309, 310, 311, 312, 313, 314, 315, 316, 317, 318, 319, 320, 321, 322, 323, 324, 325, 326, 327, 328, 329, 330, 331, 332, 333, 334, 335, 336, 337, 574, 575, 576, 577, 578, 579, 580, 581, 582, 583, 584, 585, 586, 587, 588, 589, 590, 591, 592, 593, 594, 595, 596, 597, 598, 599, 600, 601, 602, 603, 604, 605, 606, 607, 608, 609, 610, 611, 612, 613, 614, 615, 616, 617, 618, 619, 620, 621, 622, 623, 624, 625, 626, 627, 628, 629, 630, 631, 632, 633, 634, 635, 636, 637, 638, 639, 640, 641, 642, 643, 644, 645, 646, 647, 648, 649, 650, 651, 652, 653, 654, 655, 656, 657, 658, 659, 660, 661, 662, 663, 664, 665, 666, 667, 668, 669, 670, 671, 672, 673, 674, 675, 676, 677, 678, 679, 680, 681, 682, 683, 684, 685, 686, 687, 688, 689, 690, 691, 692, 693, 694, 695, 696, 697, 698, 699, 700, 701, 702, 703, 704, 705, 706, 707, 708, 709, 710, 711, 712, 713, 714, 715, 716, 717, 718, 719, 720, 721, 722, 723, 724, 725, 726, 727, 728, 729, 730, 731, 732, 733, 734, 735, 736, 737, 738, 739, 740, 741, 742, 743, 744, 745, 746, 747, 748, 749, 750, 751, 752, 753, 754, 755, 756, 757, 758, 759, 760, 761, 762, 763, 764, 765, 766, 767, 768, 769, 770, 771, 772, 773, 774, 775, 776, 777, 778, 779, 780, 781, 782, 783, 784, 785, 786, 787, 788, 789, 790, 791, 792, 793]","[202, 307]","[62, 202, 307, 403, 672, 765, 852]","[0, 5, 7, 10, 14, 19, 20, 22, 24, 32, 33, 34, 37, 38, 40, 44, 46, 48, 49, 51, 56, 61, 63, 65, 67, 68, 73, 74, 75, 76, 79, 81, 82, 83, 85, 87, 88, 92, 93, 95, 96, 99, 100, 101, 115, 116, 124, 134, 142, 161, 167, 169, 170, 186, 202, 240, 244, 254, 260, 267, 277, 300, 303, 307, 310, 322, 331, 376, 485, 491, 493, 495, 499, 503, 504, 506, 508, 515, 518, 519, 521, 524, 526, 528, 533, 537, 539, 542, 543, 547, 548, 549, 550, 551, 553, 554, 556, 558, 559, 563, 564, 566, 567, 570, 571, 572, 586, 587, 595, 605, 613, 633, 639, 640, 641, 657, 672, 704, 717, 726, 736, 759, 761, 765, 768, 780, 788, 792, 826]","[1, 13, 14, 29, 54, 55, 56, 57, 58, 60, 102, 118, 125, 127, 130, 134, 146, 149, 153, 175, 182, 187, 189, 191, 197, 225, 230, 238, 264, 265, 266, 286, 301, 302, 307, 317, 336, 354, 379, 388, 389, 425, 454, 458, 463, 475, 476, 487, 498, 499, 512, 530, 531, 532, 533, 534, 536, 573, 589, 596, 598, 601, 605, 617, 620, 624, 646, 653, 658, 660, 662, 668, 689, 694, 702, 724, 725, 745, 760, 765, 775, 793, 809, 829, 838, 839, 877, 901, 903, 905, 910, 923, 924, 925]","[1, 13, 14, 29, 54, 55, 56, 57, 58, 60, 102, 118, 125, 127, 130, 134, 146, 149, 153, 175, 182, 187, 189, 191, 197, 225, 230, 238, 264, 265, 266, 286, 302, 317, 336, 379, 388, 389, 425, 454, 458, 463, 475, 487, 498, 499, 512, 530, 531, 532, 533, 534, 536, 573, 589, 596, 598, 601, 605, 617, 620, 624, 646, 653, 658, 660, 662, 668, 689, 694, 702, 724, 725, 745, 760, 775, 793, 829, 838, 839, 877, 901, 903, 905, 910, 923]",6/6 successful match,True,"[526, 527, 528, 529, 530]",True,272,False,,1.0,True,TA Coachella # 041 ( Shell ),Shell
"Coachella , 92236 Love's Travel Stop # 207",760-775-3401 I-10 Exit 146 ( Dillon Rd ),,Coachella,92236,Love's Travel Stop # 207,760-775-3401,2006,Coachella,CA,Love's,( Dillon Rd ),I-10 Exit 146 ,Exit,146,False,,False,I-10,,,,,"[672, 202]","[202, 307, 672, 765]","[202, 307]","[62, 202, 307, 403, 672, 765, 852]","[103, 104, 105, 106, 107, 108, 109, 110, 111, 112, 113, 114, 115, 116, 117, 118, 119, 120, 121, 122, 123, 124, 125, 126, 127, 128, 129, 130, 131, 132, 133, 134, 135, 136, 137, 138, 139, 140, 141, 142, 143, 144, 145, 146, 147, 148, 149, 150, 151, 152, 153, 154, 155, 156, 157, 158, 159, 160, 161, 162, 163, 164, 165, 166, 167, 168, 169, 170, 171, 172, 173, 174, 175, 176, 177, 178, 179, 180, 181, 182, 183, 184, 185, 186, 187, 188, 189, 190, 191, 192, 193, 194, 195, 196, 197, 198, 199, 200, 201, 202, 203, 204, 205, 206, 207, 208, 209, 210, 211, 212, 213, 214, 215, 216, 217, 218, 219, 220, 221, 222, 223, 224, 225, 226, 227, 228, 229, 230, 231, 232, 233, 234, 235, 236, 237, 238, 239, 240, 241, 242, 243, 244, 245, 246, 247, 248, 249, 250, 251, 252, 253, 254, 255, 256, 257, 258, 259, 260, 261, 262, 263, 264, 265, 266, 267, 268, 269, 270, 271, 272, 273, 274, 275, 276, 277, 278, 279, 280, 281, 282, 283, 284, 285, 286, 287, 288, 289, 290, 291, 292, 293, 294, 295, 296, 297, 298, 299, 300, 301, 302, 303, 304, 305, 306, 307, 308, 309, 310, 311, 312, 313, 314, 315, 316, 317, 318, 319, 320, 321, 322, 323, 324, 325, 326, 327, 328, 329, 330, 331, 332, 333, 334, 335, 336, 337, 574, 575, 576, 577, 578, 579, 580, 581, 582, 583, 584, 585, 586, 587, 588, 589, 590, 591, 592, 593, 594, 595, 596, 597, 598, 599, 600, 601, 602, 603, 604, 605, 606, 607, 608, 609, 610, 611, 612, 613, 614, 615, 616, 617, 618, 619, 620, 621, 622, 623, 624, 625, 626, 627, 628, 629, 630, 631, 632, 633, 634, 635, 636, 637, 638, 639, 640, 641, 642, 643, 644, 645, 646, 647, 648, 649, 650, 651, 652, 653, 654, 655, 656, 657, 658, 659, 660, 661, 662, 663, 664, 665, 666, 667, 668, 669, 670, 671, 672, 673, 674, 675, 676, 677, 678, 679, 680, 681, 682, 683, 684, 685, 686, 687, 688, 689, 690, 691, 692, 693, 694, 695, 696, 697, 698, 699, 700, 701, 702, 703, 704, 705, 706, 707, 708, 709, 710, 711, 712, 713, 714, 715, 716, 717, 718, 719, 720, 721, 722, 723, 724, 725, 726, 727, 728, 729, 730, 731, 732, 733, 734, 735, 736, 737, 738, 739, 740, 741, 742, 743, 744, 745, 746, 747, 748, 749, 750, 751, 752, 753, 754, 755, 756, 757, 758, 759, 760, 761, 762, 763, 764, 765, 766, 767, 768, 769, 770, 771, 772, 773, 774, 775, 776, 777, 778, 779, 780, 781, 782, 783, 784, 785, 786, 787, 788, 789, 790, 791, 792, 793]","[0, 5, 7, 10, 14, 19, 20, 22, 24, 32, 33, 34, 37, 38, 40, 44, 46, 48, 49, 51, 56, 61, 63, 65, 67, 68, 73, 74, 75, 76, 79, 81, 82, 83, 85, 87, 88, 92, 93, 95, 96, 99, 100, 101, 115, 116, 124, 134, 142, 161, 167, 169, 170, 186, 202, 240, 244, 254, 260, 267, 277, 300, 303, 307, 310, 322, 331, 376, 485, 491, 493, 495, 499, 503, 504, 506, 508, 515, 518, 519, 521, 524, 526, 528, 533, 537, 539, 542, 543, 547, 548, 549, 550, 551, 553, 554, 556, 558, 559, 563, 564, 566, 567, 570, 571, 572, 586, 587, 595, 605, 613, 633, 639, 640, 641, 657, 672, 704, 717, 726, 736, 759, 761, 765, 768, 780, 788, 792, 826]","[34, 35, 36, 37, 38, 39, 40, 41, 42, 43, 44, 45, 46, 47, 48, 201, 202, 203, 204, 205, 206, 207, 208, 209, 210, 211, 212, 213, 214, 215, 216, 355, 356, 357, 358, 359, 360, 361, 429, 430, 431, 432, 433, 434, 435, 515, 516, 517, 518, 519, 520, 521, 522, 523, 524, 525, 526, 527, 672, 673, 674, 675, 676, 677, 678, 679, 680, 681, 682, 683, 684, 810, 811, 812, 813, 814, 881, 882, 883, 884, 885, 886]","[32, 33, 34, 35, 36, 37, 38, 39, 40, 41, 42, 43, 44, 45, 46, 47, 48, 201, 202, 203, 204, 205, 206, 207, 208, 209, 210, 211, 212, 213, 214, 215, 216, 355, 356, 357, 358, 359, 360, 361, 429, 430, 431, 432, 433, 434, 435, 515, 516, 517, 518, 519, 520, 521, 522, 523, 524, 525, 526, 527, 672, 673, 674, 675, 676, 677, 678, 679, 680, 681, 682, 683, 684, 810, 811, 812, 813, 814, 881, 882, 883, 884, 885, 886]","[0, 5, 7, 10, 14, 19, 20, 22, 24, 32, 33, 34, 35, 36, 37, 38, 39, 40, 41, 42, 43, 44, 45, 46, 47, 48, 49, 51, 56, 61, 62, 63, 65, 67, 68, 73, 74, 75, 76, 79, 81, 82, 83, 85, 87, 88, 92, 93, 95, 96, 99, 100, 101, 103, 104, 105, 106, 107, 108, 109, 110, 111, 112, 113, 114, 115, 116, 117, 118, 119, 120, 121, 122, 123, 124, 125, 126, 127, 128, 129, 130, 131, 132, 133, 134, 135, 136, 137, 138, 139, 140, 141, 142, 143, 144, 145, 146, 147, 148, 149, 150, 151, 152, 153, 154, 155, 156, 157, 158, 159, 160, 161, 162, 163, 164, 165, 166, 167, 168, 169, 170, 171, 172, 173, 174, 175, 176, 177, 178, 179, 180, 181, 182, 183, 184, 185, 186, 187, 188, 189, 190, 191, 192, 193, 194, 195, 196, 197, 198, 199, 200, 201, 202, 203, 204, 205, 206, 207, 208, 209, 210, 211, 212, 213, 214, 215, 216, 217, 218, 219, 220, 221, 222, 223, 224, 225, 226, 227, 228, 229, 230, 231, 232, 233, 234, 235, 236, 237, 238, 239, 240, 241, 242, 243, 244, 245, 246, 247, 248, 249, 250, 251, 252, 253, 254, 255, 256, 257, 258, 259, 260, 261, 262, 263, 264, 265, 266, 267, 268, 269, 270, 271, 272, 273, 274, 275, 276, 277, 278, 279, 280, 281, 282, 283, 284, 285, 286, 287, 288, 289, 290, 291, 292, 293, 294, 295, 296, 297, 298, 299, 300, 301, 302, 303, 304, 305, 306, 307, 308, 309, 310, 311, 312, 313, 314, 315, 316, 317, 318, 319, 320, 321, 322, 323, 324, 325, 326, 327, 328, 329, 330, 331, 332, 333, 334, 335, 336, 337, 355, 356, 357, 358, 359, 360, 361, 376, 403, 429, 430, 431, 432, 433, 434, 435, 485, 491, 493, 495, 499, 503, 504, 506, 508, 515, 516, 517, 518, 519, 520, 521, 522, 523, 524, 525, 526, 527, 528, 533, 537, 539, 542, 543, 547, 548, 549, 550, 551, 553, 554, 556, 558, 559, 563, 564, 566, 567, 570, 571, 572, 574, 575, 576, 577, 578, 579, 580, 581, 582, 583, 584, 585, 586, 587, 588, 589, 590, 591, 592, 593, 594, 595, 596, 597, 598, 599, 600, 601, 602, 603, 604, 605, 606, 607, 608, 609, 610, 611, 612, 613, 614, 615, 616, 617, 618, 619, 620, 621, 622, 623, 624, 625, 626, 627, 628, 629, 630, 631, 632, 633, 634, 635, 636, 637, 638, 639, 640, 641, 642, 643, 644, 645, 646, 647, 648, 649, 650, 651, 652, 653, 654, 655, 656, 657, 658, 659, 660, 661, 662, 663, 664, 665, 666, 667, 668, 669, 670, 671, 672, 673, 674, 675, 676, 677, 678, 679, 680, 681, 682, 683, 684, 685, 686, 687, 688, 689, 690, 691, 692, 693, 694, 695, 696, 697, 698, 699, 700, 701, 702, 703, 704, 705, 706, 707, 708, 709, 710, 711, 712, 713, 714, 715, 716, 717, 718, 719, 720, 721, 722, 723, 724, 725, 726, 727, 728, 729, 730, 731, 732, 733, 734, 735, 736, 737, 738, 739, 740, 741, 742, 743, 744, 745, 746, 747, 748, 749, 750, 751, 752, 753, 754, 755, 756, 757, 758, 759, 760, 761, 762, 763, 764, 765, 766, 767, 768, 769, 770, 771, 772, 773, 774, 775, 776, 777, 778, 779, 780, 781, 782, 783, 784, 785, 786, 787, 788, 789, 790, 791, 792, 793, 810, 811, 812, 813, 814, 826, 852, 881, 882, 883, 884, 885, 886]",True,"[202, 307, 672, 765]","[103, 104, 105, 106, 107, 108, 109, 110, 111, 112, 113, 114, 115, 116, 117, 118, 119, 120, 121, 122, 123, 124, 125, 126, 127, 128, 129, 130, 131, 132, 133, 134, 135, 136, 137, 138, 139, 140, 141, 142, 143, 144, 145, 146, 147, 148, 149, 150, 151, 152, 153, 154, 155, 156, 157, 158, 159, 160, 161, 162, 163, 164, 165, 166, 167, 168, 169, 170, 171, 172, 173, 174, 175, 176, 177, 178, 179, 180, 181, 182, 183, 184, 185, 186, 187, 188, 189, 190, 191, 192, 193, 194, 195, 196, 197, 198, 199, 200, 201, 202, 203, 204, 205, 206, 207, 208, 209, 210, 211, 212, 213, 214, 215, 216, 217, 218, 219, 220, 221, 222, 223, 224, 225, 226, 227, 228, 229, 230, 231, 232, 233, 234, 235, 236, 237, 238, 239, 240, 241, 242, 243, 244, 245, 246, 247, 248, 249, 250, 251, 252, 253, 254, 255, 256, 257, 258, 259, 260, 261, 262, 263, 264, 265, 266, 267, 268, 269, 270, 271, 272, 273, 274, 275, 276, 277, 278, 279, 280, 281, 282, 283, 284, 285, 286, 287, 288, 289, 290, 291, 292, 293, 294, 295, 296, 297, 298, 299, 300, 301, 302, 303, 304, 305, 306, 307, 308, 309, 310, 311, 312, 313, 314, 315, 316, 317, 318, 319, 320, 321, 322, 323, 324, 325, 326, 327, 328, 329, 330, 331, 332, 333, 334, 335, 336, 337, 574, 575, 576, 577, 578, 579, 580, 581, 582, 583, 584, 585, 586, 587, 588, 589, 590, 591, 592, 593, 594, 595, 596, 597, 598, 599, 600, 601, 602, 603, 604, 605, 606, 607, 608, 609, 610, 611, 612, 613, 614, 615, 616, 617, 618, 619, 620, 621, 622, 623, 624, 625, 626, 627, 628, 629, 630, 631, 632, 633, 634, 635, 636, 637, 638, 639, 640, 641, 642, 643, 644, 645, 646, 647, 648, 649, 650, 651, 652, 653, 654, 655, 656, 657, 658, 659, 660, 661, 662, 663, 664, 665, 666, 667, 668, 669, 670, 671, 672, 673, 674, 675, 676, 677, 678, 679, 680, 681, 682, 683, 684, 685, 686, 687, 688, 689, 690, 691, 692, 693, 694, 695, 696, 697, 698, 699, 700, 701, 702, 703, 704, 705, 706, 707, 708, 709, 710, 711, 712, 713, 714, 715, 716, 717, 718, 719, 720, 721, 722, 723, 724, 725, 726, 727, 728, 729, 730, 731, 732, 733, 734, 735, 736, 737, 738, 739, 740, 741, 742, 743, 744, 745, 746, 747, 748, 749, 750, 751, 752, 753, 754, 755, 756, 757, 758, 759, 760, 761, 762, 763, 764, 765, 766, 767, 768, 769, 770, 771, 772, 773, 774, 775, 776, 777, 778, 779, 780, 781, 782, 783, 784, 785, 786, 787, 788, 789, 790, 791, 792, 793]","[202, 307]","[62, 202, 307, 403, 672, 765, 852]","[0, 5, 7, 10, 14, 19, 20, 22, 24, 32, 33, 34, 37, 38, 40, 44, 46, 48, 49, 51, 56, 61, 63, 65, 67, 68, 73, 74, 75, 76, 79, 81, 82, 83, 85, 87, 88, 92, 93, 95, 96, 99, 100, 101, 115, 116, 124, 134, 142, 161, 167, 169, 170, 186, 202, 240, 244, 254, 260, 267, 277, 300, 303, 307, 310, 322, 331, 376, 485, 491, 493, 495, 499, 503, 504, 506, 508, 515, 518, 519, 521, 524, 526, 528, 533, 537, 539, 542, 543, 547, 548, 549, 550, 551, 553, 554, 556, 558, 559, 563, 564, 566, 567, 570, 571, 572, 586, 587, 595, 605, 613, 633, 639, 640, 641, 657, 672, 704, 717, 726, 736, 759, 761, 765, 768, 780, 788, 792, 826]","[32, 33, 34, 35, 36, 37, 38, 39, 40, 41, 42, 43, 44, 45, 46, 47, 48, 201, 202, 203, 204, 205, 206, 207, 208, 209, 210, 211, 212, 213, 214, 215, 216, 355, 356, 357, 358, 359, 360, 361, 429, 430, 431, 432, 433, 434, 435, 515, 516, 517, 518, 519, 520, 521, 522, 523, 524, 525, 526, 527, 672, 673, 674, 675, 676, 677, 678, 679, 680, 681, 682, 683, 684, 810, 811, 812, 813, 814, 881, 882, 883, 884, 885, 886]","[34, 35, 36, 37, 38, 39, 40, 41, 42, 43, 44, 45, 46, 47, 48, 201, 202, 203, 204, 205, 206, 207, 208, 209, 210, 211, 212, 213, 214, 215, 216, 355, 356, 357, 358, 359, 360, 361, 429, 430, 431, 432, 433, 434, 435, 515, 516, 517, 518, 519, 520, 521, 522, 523, 524, 525, 526, 527, 672, 673, 674, 675, 676, 677, 678, 679, 680, 681, 682, 683, 684, 810, 811, 812, 813, 814, 881, 882, 883, 884, 885, 886]",7/6 successful match,True,[313],True,273,False,,,,,
"Coachella , 92236 Love's Travel Stop # 207",760-775-3401 I-10 Exit 146 ( Dillon Rd ),24 <U+2610> XL,Coachella,92236,Love's Travel Stop # 207,760-775-3401,2007,Coachella,CA,Love's,( Dillon Rd ),I-10 Exit 146 ,Exit,146,False,,False,I-10,,,,,"[672, 202]","[202, 307, 672, 765]","[202, 307]","[62, 202, 307, 403, 672, 765, 852]","[103, 104, 105, 106, 107, 108, 109, 110, 111, 112, 113, 114, 115, 116, 117, 118, 119, 120, 121, 122, 123, 124, 125, 126, 127, 128, 129, 130, 131, 132, 133, 134, 135, 136, 137, 138, 139, 140, 141, 142, 143, 144, 145, 146, 147, 148, 149, 150, 151, 152, 153, 154, 155, 156, 157, 158, 159, 160, 161, 162, 163, 164, 165, 166, 167, 168, 169, 170, 171, 172, 173, 174, 175, 176, 177, 178, 179, 180, 181, 182, 183, 184, 185, 186, 187, 188, 189, 190, 191, 192, 193, 194, 195, 196, 197, 198, 199, 200, 201, 202, 203, 204, 205, 206, 207, 208, 209, 210, 211, 212, 213, 214, 215, 216, 217, 218, 219, 220, 221, 222, 223, 224, 225, 226, 227, 228, 229, 230, 231, 232, 233, 234, 235, 236, 237, 238, 239, 240, 241, 242, 243, 244, 245, 246, 247, 248, 249, 250, 251, 252, 253, 254, 255, 256, 257, 258, 259, 260, 261, 262, 263, 264, 265, 266, 267, 268, 269, 270, 271, 272, 273, 274, 275, 276, 277, 278, 279, 280, 281, 282, 283, 284, 285, 286, 287, 288, 289, 290, 291, 292, 293, 294, 295, 296, 297, 298, 299, 300, 301, 302, 303, 304, 305, 306, 307, 308, 309, 310, 311, 312, 313, 314, 315, 316, 317, 318, 319, 320, 321, 322, 323, 324, 325, 326, 327, 328, 329, 330, 331, 332, 333, 334, 335, 336, 337, 574, 575, 576, 577, 578, 579, 580, 581, 582, 583, 584, 585, 586, 587, 588, 589, 590, 591, 592, 593, 594, 595, 596, 597, 598, 599, 600, 601, 602, 603, 604, 605, 606, 607, 608, 609, 610, 611, 612, 613, 614, 615, 616, 617, 618, 619, 620, 621, 622, 623, 624, 625, 626, 627, 628, 629, 630, 631, 632, 633, 634, 635, 636, 637, 638, 639, 640, 641, 642, 643, 644, 645, 646, 647, 648, 649, 650, 651, 652, 653, 654, 655, 656, 657, 658, 659, 660, 661, 662, 663, 664, 665, 666, 667, 668, 669, 670, 671, 672, 673, 674, 675, 676, 677, 678, 679, 680, 681, 682, 683, 684, 685, 686, 687, 688, 689, 690, 691, 692, 693, 694, 695, 696, 697, 698, 699, 700, 701, 702, 703, 704, 705, 706, 707, 708, 709, 710, 711, 712, 713, 714, 715, 716, 717, 718, 719, 720, 721, 722, 723, 724, 725, 726, 727, 728, 729, 730, 731, 732, 733, 734, 735, 736, 737, 738, 739, 740, 741, 742, 743, 744, 745, 746, 747, 748, 749, 750, 751, 752, 753, 754, 755, 756, 757, 758, 759, 760, 761, 762, 763, 764, 765, 766, 767, 768, 769, 770, 771, 772, 773, 774, 775, 776, 777, 778, 779, 780, 781, 782, 783, 784, 785, 786, 787, 788, 789, 790, 791, 792, 793]","[0, 5, 7, 10, 14, 19, 20, 22, 24, 32, 33, 34, 37, 38, 40, 44, 46, 48, 49, 51, 56, 61, 63, 65, 67, 68, 73, 74, 75, 76, 79, 81, 82, 83, 85, 87, 88, 92, 93, 95, 96, 99, 100, 101, 115, 116, 124, 134, 142, 161, 167, 169, 170, 186, 202, 240, 244, 254, 260, 267, 277, 300, 303, 307, 310, 322, 331, 376, 485, 491, 493, 495, 499, 503, 504, 506, 508, 515, 518, 519, 521, 524, 526, 528, 533, 537, 539, 542, 543, 547, 548, 549, 550, 551, 553, 554, 556, 558, 559, 563, 564, 566, 567, 570, 571, 572, 586, 587, 595, 605, 613, 633, 639, 640, 641, 657, 672, 704, 717, 726, 736, 759, 761, 765, 768, 780, 788, 792, 826]","[34, 35, 36, 37, 38, 39, 40, 41, 42, 43, 44, 45, 46, 47, 48, 201, 202, 203, 204, 205, 206, 207, 208, 209, 210, 211, 212, 213, 214, 215, 216, 355, 356, 357, 358, 359, 360, 361, 429, 430, 431, 432, 433, 434, 435, 515, 516, 517, 518, 519, 520, 521, 522, 523, 524, 525, 526, 527, 672, 673, 674, 675, 676, 677, 678, 679, 680, 681, 682, 683, 684, 810, 811, 812, 813, 814, 881, 882, 883, 884, 885, 886]","[32, 33, 34, 35, 36, 37, 38, 39, 40, 41, 42, 43, 44, 45, 46, 47, 48, 201, 202, 203, 204, 205, 206, 207, 208, 209, 210, 211, 212, 213, 214, 215, 216, 355, 356, 357, 358, 359, 360, 361, 429, 430, 431, 432, 433, 434, 435, 515, 516, 517, 518, 519, 520, 521, 522, 523, 524, 525, 526, 527, 672, 673, 674, 675, 676, 677, 678, 679, 680, 681, 682, 683, 684, 810, 811, 812, 813, 814, 881, 882, 883, 884, 885, 886]","[0, 5, 7, 10, 14, 19, 20, 22, 24, 32, 33, 34, 35, 36, 37, 38, 39, 40, 41, 42, 43, 44, 45, 46, 47, 48, 49, 51, 56, 61, 62, 63, 65, 67, 68, 73, 74, 75, 76, 79, 81, 82, 83, 85, 87, 88, 92, 93, 95, 96, 99, 100, 101, 103, 104, 105, 106, 107, 108, 109, 110, 111, 112, 113, 114, 115, 116, 117, 118, 119, 120, 121, 122, 123, 124, 125, 126, 127, 128, 129, 130, 131, 132, 133, 134, 135, 136, 137, 138, 139, 140, 141, 142, 143, 144, 145, 146, 147, 148, 149, 150, 151, 152, 153, 154, 155, 156, 157, 158, 159, 160, 161, 162, 163, 164, 165, 166, 167, 168, 169, 170, 171, 172, 173, 174, 175, 176, 177, 178, 179, 180, 181, 182, 183, 184, 185, 186, 187, 188, 189, 190, 191, 192, 193, 194, 195, 196, 197, 198, 199, 200, 201, 202, 203, 204, 205, 206, 207, 208, 209, 210, 211, 212, 213, 214, 215, 216, 217, 218, 219, 220, 221, 222, 223, 224, 225, 226, 227, 228, 229, 230, 231, 232, 233, 234, 235, 236, 237, 238, 239, 240, 241, 242, 243, 244, 245, 246, 247, 248, 249, 250, 251, 252, 253, 254, 255, 256, 257, 258, 259, 260, 261, 262, 263, 264, 265, 266, 267, 268, 269, 270, 271, 272, 273, 274, 275, 276, 277, 278, 279, 280, 281, 282, 283, 284, 285, 286, 287, 288, 289, 290, 291, 292, 293, 294, 295, 296, 297, 298, 299, 300, 301, 302, 303, 304, 305, 306, 307, 308, 309, 310, 311, 312, 313, 314, 315, 316, 317, 318, 319, 320, 321, 322, 323, 324, 325, 326, 327, 328, 329, 330, 331, 332, 333, 334, 335, 336, 337, 355, 356, 357, 358, 359, 360, 361, 376, 403, 429, 430, 431, 432, 433, 434, 435, 485, 491, 493, 495, 499, 503, 504, 506, 508, 515, 516, 517, 518, 519, 520, 521, 522, 523, 524, 525, 526, 527, 528, 533, 537, 539, 542, 543, 547, 548, 549, 550, 551, 553, 554, 556, 558, 559, 563, 564, 566, 567, 570, 571, 572, 574, 575, 576, 577, 578, 579, 580, 581, 582, 583, 584, 585, 586, 587, 588, 589, 590, 591, 592, 593, 594, 595, 596, 597, 598, 599, 600, 601, 602, 603, 604, 605, 606, 607, 608, 609, 610, 611, 612, 613, 614, 615, 616, 617, 618, 619, 620, 621, 622, 623, 624, 625, 626, 627, 628, 629, 630, 631, 632, 633, 634, 635, 636, 637, 638, 639, 640, 641, 642, 643, 644, 645, 646, 647, 648, 649, 650, 651, 652, 653, 654, 655, 656, 657, 658, 659, 660, 661, 662, 663, 664, 665, 666, 667, 668, 669, 670, 671, 672, 673, 674, 675, 676, 677, 678, 679, 680, 681, 682, 683, 684, 685, 686, 687, 688, 689, 690, 691, 692, 693, 694, 695, 696, 697, 698, 699, 700, 701, 702, 703, 704, 705, 706, 707, 708, 709, 710, 711, 712, 713, 714, 715, 716, 717, 718, 719, 720, 721, 722, 723, 724, 725, 726, 727, 728, 729, 730, 731, 732, 733, 734, 735, 736, 737, 738, 739, 740, 741, 742, 743, 744, 745, 746, 747, 748, 749, 750, 751, 752, 753, 754, 755, 756, 757, 758, 759, 760, 761, 762, 763, 764, 765, 766, 767, 768, 769, 770, 771, 772, 773, 774, 775, 776, 777, 778, 779, 780, 781, 782, 783, 784, 785, 786, 787, 788, 789, 790, 791, 792, 793, 810, 811, 812, 813, 814, 826, 852, 881, 882, 883, 884, 885, 886]",True,"[202, 307, 672, 765]","[103, 104, 105, 106, 107, 108, 109, 110, 111, 112, 113, 114, 115, 116, 117, 118, 119, 120, 121, 122, 123, 124, 125, 126, 127, 128, 129, 130, 131, 132, 133, 134, 135, 136, 137, 138, 139, 140, 141, 142, 143, 144, 145, 146, 147, 148, 149, 150, 151, 152, 153, 154, 155, 156, 157, 158, 159, 160, 161, 162, 163, 164, 165, 166, 167, 168, 169, 170, 171, 172, 173, 174, 175, 176, 177, 178, 179, 180, 181, 182, 183, 184, 185, 186, 187, 188, 189, 190, 191, 192, 193, 194, 195, 196, 197, 198, 199, 200, 201, 202, 203, 204, 205, 206, 207, 208, 209, 210, 211, 212, 213, 214, 215, 216, 217, 218, 219, 220, 221, 222, 223, 224, 225, 226, 227, 228, 229, 230, 231, 232, 233, 234, 235, 236, 237, 238, 239, 240, 241, 242, 243, 244, 245, 246, 247, 248, 249, 250, 251, 252, 253, 254, 255, 256, 257, 258, 259, 260, 261, 262, 263, 264, 265, 266, 267, 268, 269, 270, 271, 272, 273, 274, 275, 276, 277, 278, 279, 280, 281, 282, 283, 284, 285, 286, 287, 288, 289, 290, 291, 292, 293, 294, 295, 296, 297, 298, 299, 300, 301, 302, 303, 304, 305, 306, 307, 308, 309, 310, 311, 312, 313, 314, 315, 316, 317, 318, 319, 320, 321, 322, 323, 324, 325, 326, 327, 328, 329, 330, 331, 332, 333, 334, 335, 336, 337, 574, 575, 576, 577, 578, 579, 580, 581, 582, 583, 584, 585, 586, 587, 588, 589, 590, 591, 592, 593, 594, 595, 596, 597, 598, 599, 600, 601, 602, 603, 604, 605, 606, 607, 608, 609, 610, 611, 612, 613, 614, 615, 616, 617, 618, 619, 620, 621, 622, 623, 624, 625, 626, 627, 628, 629, 630, 631, 632, 633, 634, 635, 636, 637, 638, 639, 640, 641, 642, 643, 644, 645, 646, 647, 648, 649, 650, 651, 652, 653, 654, 655, 656, 657, 658, 659, 660, 661, 662, 663, 664, 665, 666, 667, 668, 669, 670, 671, 672, 673, 674, 675, 676, 677, 678, 679, 680, 681, 682, 683, 684, 685, 686, 687, 688, 689, 690, 691, 692, 693, 694, 695, 696, 697, 698, 699, 700, 701, 702, 703, 704, 705, 706, 707, 708, 709, 710, 711, 712, 713, 714, 715, 716, 717, 718, 719, 720, 721, 722, 723, 724, 725, 726, 727, 728, 729, 730, 731, 732, 733, 734, 735, 736, 737, 738, 739, 740, 741, 742, 743, 744, 745, 746, 747, 748, 749, 750, 751, 752, 753, 754, 755, 756, 757, 758, 759, 760, 761, 762, 763, 764, 765, 766, 767, 768, 769, 770, 771, 772, 773, 774, 775, 776, 777, 778, 779, 780, 781, 782, 783, 784, 785, 786, 787, 788, 789, 790, 791, 792, 793]","[202, 307]","[62, 202, 307, 403, 672, 765, 852]","[0, 5, 7, 10, 14, 19, 20, 22, 24, 32, 33, 34, 37, 38, 40, 44, 46, 48, 49, 51, 56, 61, 63, 65, 67, 68, 73, 74, 75, 76, 79, 81, 82, 83, 85, 87, 88, 92, 93, 95, 96, 99, 100, 101, 115, 116, 124, 134, 142, 161, 167, 169, 170, 186, 202, 240, 244, 254, 260, 267, 277, 300, 303, 307, 310, 322, 331, 376, 485, 491, 493, 495, 499, 503, 504, 506, 508, 515, 518, 519, 521, 524, 526, 528, 533, 537, 539, 542, 543, 547, 548, 549, 550, 551, 553, 554, 556, 558, 559, 563, 564, 566, 567, 570, 571, 572, 586, 587, 595, 605, 613, 633, 639, 640, 641, 657, 672, 704, 717, 726, 736, 759, 761, 765, 768, 780, 788, 792, 826]","[32, 33, 34, 35, 36, 37, 38, 39, 40, 41, 42, 43, 44, 45, 46, 47, 48, 201, 202, 203, 204, 205, 206, 207, 208, 209, 210, 211, 212, 213, 214, 215, 216, 355, 356, 357, 358, 359, 360, 361, 429, 430, 431, 432, 433, 434, 435, 515, 516, 517, 518, 519, 520, 521, 522, 523, 524, 525, 526, 527, 672, 673, 674, 675, 676, 677, 678, 679, 680, 681, 682, 683, 684, 810, 811, 812, 813, 814, 881, 882, 883, 884, 885, 886]","[34, 35, 36, 37, 38, 39, 40, 41, 42, 43, 44, 45, 46, 47, 48, 201, 202, 203, 204, 205, 206, 207, 208, 209, 210, 211, 212, 213, 214, 215, 216, 355, 356, 357, 358, 359, 360, 361, 429, 430, 431, 432, 433, 434, 435, 515, 516, 517, 518, 519, 520, 521, 522, 523, 524, 525, 526, 527, 672, 673, 674, 675, 676, 677, 678, 679, 680, 681, 682, 683, 684, 810, 811, 812, 813, 814, 881, 882, 883, 884, 885, 886]",7/6 successful match,True,[313],True,273,False,,1.0,True,Love's Travel Stop # 207,Love's
"Coachella , 92236 Love's Travel Stop # 207",6 760-775-3401 I-10 Exit 146 ( Dillon Rd ),24 HRS XL <U+2610>,Coachella,92236,Love's Travel Stop # 207,760-775-3401,2008,Coachella,CA,Love's,( Dillon Rd ),I-10 Exit 146 ,Exit,146,False,,False,I-10,,,,,"[672, 202]","[202, 307, 672, 765]","[202, 307]","[62, 202, 307, 403, 672, 765, 852]","[103, 104, 105, 106, 107, 108, 109, 110, 111, 112, 113, 114, 115, 116, 117, 118, 119, 120, 121, 122, 123, 124, 125, 126, 127, 128, 129, 130, 131, 132, 133, 134, 135, 136, 137, 138, 139, 140, 141, 142, 143, 144, 145, 146, 147, 148, 149, 150, 151, 152, 153, 154, 155, 156, 157, 158, 159, 160, 161, 162, 163, 164, 165, 166, 167, 168, 169, 170, 171, 172, 173, 174, 175, 176, 177, 178, 179, 180, 181, 182, 183, 184, 185, 186, 187, 188, 189, 190, 191, 192, 193, 194, 195, 196, 197, 198, 199, 200, 201, 202, 203, 204, 205, 206, 207, 208, 209, 210, 211, 212, 213, 214, 215, 216, 217, 218, 219, 220, 221, 222, 223, 224, 225, 226, 227, 228, 229, 230, 231, 232, 233, 234, 235, 236, 237, 238, 239, 240, 241, 242, 243, 244, 245, 246, 247, 248, 249, 250, 251, 252, 253, 254, 255, 256, 257, 258, 259, 260, 261, 262, 263, 264, 265, 266, 267, 268, 269, 270, 271, 272, 273, 274, 275, 276, 277, 278, 279, 280, 281, 282, 283, 284, 285, 286, 287, 288, 289, 290, 291, 292, 293, 294, 295, 296, 297, 298, 299, 300, 301, 302, 303, 304, 305, 306, 307, 308, 309, 310, 311, 312, 313, 314, 315, 316, 317, 318, 319, 320, 321, 322, 323, 324, 325, 326, 327, 328, 329, 330, 331, 332, 333, 334, 335, 336, 337, 574, 575, 576, 577, 578, 579, 580, 581, 582, 583, 584, 585, 586, 587, 588, 589, 590, 591, 592, 593, 594, 595, 596, 597, 598, 599, 600, 601, 602, 603, 604, 605, 606, 607, 608, 609, 610, 611, 612, 613, 614, 615, 616, 617, 618, 619, 620, 621, 622, 623, 624, 625, 626, 627, 628, 629, 630, 631, 632, 633, 634, 635, 636, 637, 638, 639, 640, 641, 642, 643, 644, 645, 646, 647, 648, 649, 650, 651, 652, 653, 654, 655, 656, 657, 658, 659, 660, 661, 662, 663, 664, 665, 666, 667, 668, 669, 670, 671, 672, 673, 674, 675, 676, 677, 678, 679, 680, 681, 682, 683, 684, 685, 686, 687, 688, 689, 690, 691, 692, 693, 694, 695, 696, 697, 698, 699, 700, 701, 702, 703, 704, 705, 706, 707, 708, 709, 710, 711, 712, 713, 714, 715, 716, 717, 718, 719, 720, 721, 722, 723, 724, 725, 726, 727, 728, 729, 730, 731, 732, 733, 734, 735, 736, 737, 738, 739, 740, 741, 742, 743, 744, 745, 746, 747, 748, 749, 750, 751, 752, 753, 754, 755, 756, 757, 758, 759, 760, 761, 762, 763, 764, 765, 766, 767, 768, 769, 770, 771, 772, 773, 774, 775, 776, 777, 778, 779, 780, 781, 782, 783, 784, 785, 786, 787, 788, 789, 790, 791, 792, 793]","[0, 5, 7, 10, 14, 19, 20, 22, 24, 32, 33, 34, 37, 38, 40, 44, 46, 48, 49, 51, 56, 61, 63, 65, 67, 68, 73, 74, 75, 76, 79, 81, 82, 83, 85, 87, 88, 92, 93, 95, 96, 99, 100, 101, 115, 116, 124, 134, 142, 161, 167, 169, 170, 186, 202, 240, 244, 254, 260, 267, 277, 300, 303, 307, 310, 322, 331, 376, 485, 491, 493, 495, 499, 503, 504, 506, 508, 515, 518, 519, 521, 524, 526, 528, 533, 537, 539, 542, 543, 547, 548, 549, 550, 551, 553, 554, 556, 558, 559, 563, 564, 566, 567, 570, 571, 572, 586, 587, 595, 605, 613, 633, 639, 640, 641, 657, 672, 704, 717, 726, 736, 759, 761, 765, 768, 780, 788, 792, 826]","[34, 35, 36, 37, 38, 39, 40, 41, 42, 43, 44, 45, 46, 47, 48, 201, 202, 203, 204, 205, 206, 207, 208, 209, 210, 211, 212, 213, 214, 215, 216, 355, 356, 357, 358, 359, 360, 361, 429, 430, 431, 432, 433, 434, 435, 515, 516, 517, 518, 519, 520, 521, 522, 523, 524, 525, 526, 527, 672, 673, 674, 675, 676, 677, 678, 679, 680, 681, 682, 683, 684, 810, 811, 812, 813, 814, 881, 882, 883, 884, 885, 886]","[32, 33, 34, 35, 36, 37, 38, 39, 40, 41, 42, 43, 44, 45, 46, 47, 48, 201, 202, 203, 204, 205, 206, 207, 208, 209, 210, 211, 212, 213, 214, 215, 216, 355, 356, 357, 358, 359, 360, 361, 429, 430, 431, 432, 433, 434, 435, 515, 516, 517, 518, 519, 520, 521, 522, 523, 524, 525, 526, 527, 672, 673, 674, 675, 676, 677, 678, 679, 680, 681, 682, 683, 684, 810, 811, 812, 813, 814, 881, 882, 883, 884, 885, 886]","[0, 5, 7, 10, 14, 19, 20, 22, 24, 32, 33, 34, 35, 36, 37, 38, 39, 40, 41, 42, 43, 44, 45, 46, 47, 48, 49, 51, 56, 61, 62, 63, 65, 67, 68, 73, 74, 75, 76, 79, 81, 82, 83, 85, 87, 88, 92, 93, 95, 96, 99, 100, 101, 103, 104, 105, 106, 107, 108, 109, 110, 111, 112, 113, 114, 115, 116, 117, 118, 119, 120, 121, 122, 123, 124, 125, 126, 127, 128, 129, 130, 131, 132, 133, 134, 135, 136, 137, 138, 139, 140, 141, 142, 143, 144, 145, 146, 147, 148, 149, 150, 151, 152, 153, 154, 155, 156, 157, 158, 159, 160, 161, 162, 163, 164, 165, 166, 167, 168, 169, 170, 171, 172, 173, 174, 175, 176, 177, 178, 179, 180, 181, 182, 183, 184, 185, 186, 187, 188, 189, 190, 191, 192, 193, 194, 195, 196, 197, 198, 199, 200, 201, 202, 203, 204, 205, 206, 207, 208, 209, 210, 211, 212, 213, 214, 215, 216, 217, 218, 219, 220, 221, 222, 223, 224, 225, 226, 227, 228, 229, 230, 231, 232, 233, 234, 235, 236, 237, 238, 239, 240, 241, 242, 243, 244, 245, 246, 247, 248, 249, 250, 251, 252, 253, 254, 255, 256, 257, 258, 259, 260, 261, 262, 263, 264, 265, 266, 267, 268, 269, 270, 271, 272, 273, 274, 275, 276, 277, 278, 279, 280, 281, 282, 283, 284, 285, 286, 287, 288, 289, 290, 291, 292, 293, 294, 295, 296, 297, 298, 299, 300, 301, 302, 303, 304, 305, 306, 307, 308, 309, 310, 311, 312, 313, 314, 315, 316, 317, 318, 319, 320, 321, 322, 323, 324, 325, 326, 327, 328, 329, 330, 331, 332, 333, 334, 335, 336, 337, 355, 356, 357, 358, 359, 360, 361, 376, 403, 429, 430, 431, 432, 433, 434, 435, 485, 491, 493, 495, 499, 503, 504, 506, 508, 515, 516, 517, 518, 519, 520, 521, 522, 523, 524, 525, 526, 527, 528, 533, 537, 539, 542, 543, 547, 548, 549, 550, 551, 553, 554, 556, 558, 559, 563, 564, 566, 567, 570, 571, 572, 574, 575, 576, 577, 578, 579, 580, 581, 582, 583, 584, 585, 586, 587, 588, 589, 590, 591, 592, 593, 594, 595, 596, 597, 598, 599, 600, 601, 602, 603, 604, 605, 606, 607, 608, 609, 610, 611, 612, 613, 614, 615, 616, 617, 618, 619, 620, 621, 622, 623, 624, 625, 626, 627, 628, 629, 630, 631, 632, 633, 634, 635, 636, 637, 638, 639, 640, 641, 642, 643, 644, 645, 646, 647, 648, 649, 650, 651, 652, 653, 654, 655, 656, 657, 658, 659, 660, 661, 662, 663, 664, 665, 666, 667, 668, 669, 670, 671, 672, 673, 674, 675, 676, 677, 678, 679, 680, 681, 682, 683, 684, 685, 686, 687, 688, 689, 690, 691, 692, 693, 694, 695, 696, 697, 698, 699, 700, 701, 702, 703, 704, 705, 706, 707, 708, 709, 710, 711, 712, 713, 714, 715, 716, 717, 718, 719, 720, 721, 722, 723, 724, 725, 726, 727, 728, 729, 730, 731, 732, 733, 734, 735, 736, 737, 738, 739, 740, 741, 742, 743, 744, 745, 746, 747, 748, 749, 750, 751, 752, 753, 754, 755, 756, 757, 758, 759, 760, 761, 762, 763, 764, 765, 766, 767, 768, 769, 770, 771, 772, 773, 774, 775, 776, 777, 778, 779, 780, 781, 782, 783, 784, 785, 786, 787, 788, 789, 790, 791, 792, 793, 810, 811, 812, 813, 814, 826, 852, 881, 882, 883, 884, 885, 886]",True,"[202, 307, 672, 765]","[103, 104, 105, 106, 107, 108, 109, 110, 111, 112, 113, 114, 115, 116, 117, 118, 119, 120, 121, 122, 123, 124, 125, 126, 127, 128, 129, 130, 131, 132, 133, 134, 135, 136, 137, 138, 139, 140, 141, 142, 143, 144, 145, 146, 147, 148, 149, 150, 151, 152, 153, 154, 155, 156, 157, 158, 159, 160, 161, 162, 163, 164, 165, 166, 167, 168, 169, 170, 171, 172, 173, 174, 175, 176, 177, 178, 179, 180, 181, 182, 183, 184, 185, 186, 187, 188, 189, 190, 191, 192, 193, 194, 195, 196, 197, 198, 199, 200, 201, 202, 203, 204, 205, 206, 207, 208, 209, 210, 211, 212, 213, 214, 215, 216, 217, 218, 219, 220, 221, 222, 223, 224, 225, 226, 227, 228, 229, 230, 231, 232, 233, 234, 235, 236, 237, 238, 239, 240, 241, 242, 243, 244, 245, 246, 247, 248, 249, 250, 251, 252, 253, 254, 255, 256, 257, 258, 259, 260, 261, 262, 263, 264, 265, 266, 267, 268, 269, 270, 271, 272, 273, 274, 275, 276, 277, 278, 279, 280, 281, 282, 283, 284, 285, 286, 287, 288, 289, 290, 291, 292, 293, 294, 295, 296, 297, 298, 299, 300, 301, 302, 303, 304, 305, 306, 307, 308, 309, 310, 311, 312, 313, 314, 315, 316, 317, 318, 319, 320, 321, 322, 323, 324, 325, 326, 327, 328, 329, 330, 331, 332, 333, 334, 335, 336, 337, 574, 575, 576, 577, 578, 579, 580, 581, 582, 583, 584, 585, 586, 587, 588, 589, 590, 591, 592, 593, 594, 595, 596, 597, 598, 599, 600, 601, 602, 603, 604, 605, 606, 607, 608, 609, 610, 611, 612, 613, 614, 615, 616, 617, 618, 619, 620, 621, 622, 623, 624, 625, 626, 627, 628, 629, 630, 631, 632, 633, 634, 635, 636, 637, 638, 639, 640, 641, 642, 643, 644, 645, 646, 647, 648, 649, 650, 651, 652, 653, 654, 655, 656, 657, 658, 659, 660, 661, 662, 663, 664, 665, 666, 667, 668, 669, 670, 671, 672, 673, 674, 675, 676, 677, 678, 679, 680, 681, 682, 683, 684, 685, 686, 687, 688, 689, 690, 691, 692, 693, 694, 695, 696, 697, 698, 699, 700, 701, 702, 703, 704, 705, 706, 707, 708, 709, 710, 711, 712, 713, 714, 715, 716, 717, 718, 719, 720, 721, 722, 723, 724, 725, 726, 727, 728, 729, 730, 731, 732, 733, 734, 735, 736, 737, 738, 739, 740, 741, 742, 743, 744, 745, 746, 747, 748, 749, 750, 751, 752, 753, 754, 755, 756, 757, 758, 759, 760, 761, 762, 763, 764, 765, 766, 767, 768, 769, 770, 771, 772, 773, 774, 775, 776, 777, 778, 779, 780, 781, 782, 783, 784, 785, 786, 787, 788, 789, 790, 791, 792, 793]","[202, 307]","[62, 202, 307, 403, 672, 765, 852]","[0, 5, 7, 10, 14, 19, 20, 22, 24, 32, 33, 34, 37, 38, 40, 44, 46, 48, 49, 51, 56, 61, 63, 65, 67, 68, 73, 74, 75, 76, 79, 81, 82, 83, 85, 87, 88, 92, 93, 95, 96, 99, 100, 101, 115, 116, 124, 134, 142, 161, 167, 169, 170, 186, 202, 240, 244, 254, 260, 267, 277, 300, 303, 307, 310, 322, 331, 376, 485, 491, 493, 495, 499, 503, 504, 506, 508, 515, 518, 519, 521, 524, 526, 528, 533, 537, 539, 542, 543, 547, 548, 549, 550, 551, 553, 554, 556, 558, 559, 563, 564, 566, 567, 570, 571, 572, 586, 587, 595, 605, 613, 633, 639, 640, 641, 657, 672, 704, 717, 726, 736, 759, 761, 765, 768, 780, 788, 792, 826]","[32, 33, 34, 35, 36, 37, 38, 39, 40, 41, 42, 43, 44, 45, 46, 47, 48, 201, 202, 203, 204, 205, 206, 207, 208, 209, 210, 211, 212, 213, 214, 215, 216, 355, 356, 357, 358, 359, 360, 361, 429, 430, 431, 432, 433, 434, 435, 515, 516, 517, 518, 519, 520, 521, 522, 523, 524, 525, 526, 527, 672, 673, 674, 675, 676, 677, 678, 679, 680, 681, 682, 683, 684, 810, 811, 812, 813, 814, 881, 882, 883, 884, 885, 886]","[34, 35, 36, 37, 38, 39, 40, 41, 42, 43, 44, 45, 46, 47, 48, 201, 202, 203, 204, 205, 206, 207, 208, 209, 210, 211, 212, 213, 214, 215, 216, 355, 356, 357, 358, 359, 360, 361, 429, 430, 431, 432, 433, 434, 435, 515, 516, 517, 518, 519, 520, 521, 522, 523, 524, 525, 526, 527, 672, 673, 674, 675, 676, 677, 678, 679, 680, 681, 682, 683, 684, 810, 811, 812, 813, 814, 881, 882, 883, 884, 885, 886]",7/6 successful match,True,[313],True,273,False,,1.0,True,Love's Travel Stop # 207,Love's
Coachella ( 92236 ) Love's Travel Stop # 207,6 760-775-3401 I-10 Exit 146 ( Dillon Rd ),24 MO <U+2610> <U+2610>,Coachella,92236,Love's Travel Stop # 207,760-775-3401,2014,Coachella,CA,Love's,( Dillon Rd ),I-10 Exit 146 ,Exit,146,False,,False,I-10,,,,,"[672, 202]","[202, 307, 672, 765]","[202, 307]","[62, 202, 307, 403, 672, 765, 852]","[103, 104, 105, 106, 107, 108, 109, 110, 111, 112, 113, 114, 115, 116, 117, 118, 119, 120, 121, 122, 123, 124, 125, 126, 127, 128, 129, 130, 131, 132, 133, 134, 135, 136, 137, 138, 139, 140, 141, 142, 143, 144, 145, 146, 147, 148, 149, 150, 151, 152, 153, 154, 155, 156, 157, 158, 159, 160, 161, 162, 163, 164, 165, 166, 167, 168, 169, 170, 171, 172, 173, 174, 175, 176, 177, 178, 179, 180, 181, 182, 183, 184, 185, 186, 187, 188, 189, 190, 191, 192, 193, 194, 195, 196, 197, 198, 199, 200, 201, 202, 203, 204, 205, 206, 207, 208, 209, 210, 211, 212, 213, 214, 215, 216, 217, 218, 219, 220, 221, 222, 223, 224, 225, 226, 227, 228, 229, 230, 231, 232, 233, 234, 235, 236, 237, 238, 239, 240, 241, 242, 243, 244, 245, 246, 247, 248, 249, 250, 251, 252, 253, 254, 255, 256, 257, 258, 259, 260, 261, 262, 263, 264, 265, 266, 267, 268, 269, 270, 271, 272, 273, 274, 275, 276, 277, 278, 279, 280, 281, 282, 283, 284, 285, 286, 287, 288, 289, 290, 291, 292, 293, 294, 295, 296, 297, 298, 299, 300, 301, 302, 303, 304, 305, 306, 307, 308, 309, 310, 311, 312, 313, 314, 315, 316, 317, 318, 319, 320, 321, 322, 323, 324, 325, 326, 327, 328, 329, 330, 331, 332, 333, 334, 335, 336, 337, 574, 575, 576, 577, 578, 579, 580, 581, 582, 583, 584, 585, 586, 587, 588, 589, 590, 591, 592, 593, 594, 595, 596, 597, 598, 599, 600, 601, 602, 603, 604, 605, 606, 607, 608, 609, 610, 611, 612, 613, 614, 615, 616, 617, 618, 619, 620, 621, 622, 623, 624, 625, 626, 627, 628, 629, 630, 631, 632, 633, 634, 635, 636, 637, 638, 639, 640, 641, 642, 643, 644, 645, 646, 647, 648, 649, 650, 651, 652, 653, 654, 655, 656, 657, 658, 659, 660, 661, 662, 663, 664, 665, 666, 667, 668, 669, 670, 671, 672, 673, 674, 675, 676, 677, 678, 679, 680, 681, 682, 683, 684, 685, 686, 687, 688, 689, 690, 691, 692, 693, 694, 695, 696, 697, 698, 699, 700, 701, 702, 703, 704, 705, 706, 707, 708, 709, 710, 711, 712, 713, 714, 715, 716, 717, 718, 719, 720, 721, 722, 723, 724, 725, 726, 727, 728, 729, 730, 731, 732, 733, 734, 735, 736, 737, 738, 739, 740, 741, 742, 743, 744, 745, 746, 747, 748, 749, 750, 751, 752, 753, 754, 755, 756, 757, 758, 759, 760, 761, 762, 763, 764, 765, 766, 767, 768, 769, 770, 771, 772, 773, 774, 775, 776, 777, 778, 779, 780, 781, 782, 783, 784, 785, 786, 787, 788, 789, 790, 791, 792, 793]","[0, 5, 7, 10, 14, 19, 20, 22, 24, 32, 33, 34, 37, 38, 40, 44, 46, 48, 49, 51, 56, 61, 63, 65, 67, 68, 73, 74, 75, 76, 79, 81, 82, 83, 85, 87, 88, 92, 93, 95, 96, 99, 100, 101, 115, 116, 124, 134, 142, 161, 167, 169, 170, 186, 202, 240, 244, 254, 260, 267, 277, 300, 303, 307, 310, 322, 331, 376, 485, 491, 493, 495, 499, 503, 504, 506, 508, 515, 518, 519, 521, 524, 526, 528, 533, 537, 539, 542, 543, 547, 548, 549, 550, 551, 553, 554, 556, 558, 559, 563, 564, 566, 567, 570, 571, 572, 586, 587, 595, 605, 613, 633, 639, 640, 641, 657, 672, 704, 717, 726, 736, 759, 761, 765, 768, 780, 788, 792, 826]","[34, 35, 36, 37, 38, 39, 40, 41, 42, 43, 44, 45, 46, 47, 48, 201, 202, 203, 204, 205, 206, 207, 208, 209, 210, 211, 212, 213, 214, 215, 216, 355, 356, 357, 358, 359, 360, 361, 429, 430, 431, 432, 433, 434, 435, 515, 516, 517, 518, 519, 520, 521, 522, 523, 524, 525, 526, 527, 672, 673, 674, 675, 676, 677, 678, 679, 680, 681, 682, 683, 684, 810, 811, 812, 813, 814, 881, 882, 883, 884, 885, 886]","[32, 33, 34, 35, 36, 37, 38, 39, 40, 41, 42, 43, 44, 45, 46, 47, 48, 201, 202, 203, 204, 205, 206, 207, 208, 209, 210, 211, 212, 213, 214, 215, 216, 355, 356, 357, 358, 359, 360, 361, 429, 430, 431, 432, 433, 434, 435, 515, 516, 517, 518, 519, 520, 521, 522, 523, 524, 525, 526, 527, 672, 673, 674, 675, 676, 677, 678, 679, 680, 681, 682, 683, 684, 810, 811, 812, 813, 814, 881, 882, 883, 884, 885, 886]","[0, 5, 7, 10, 14, 19, 20, 22, 24, 32, 33, 34, 35, 36, 37, 38, 39, 40, 41, 42, 43, 44, 45, 46, 47, 48, 49, 51, 56, 61, 62, 63, 65, 67, 68, 73, 74, 75, 76, 79, 81, 82, 83, 85, 87, 88, 92, 93, 95, 96, 99, 100, 101, 103, 104, 105, 106, 107, 108, 109, 110, 111, 112, 113, 114, 115, 116, 117, 118, 119, 120, 121, 122, 123, 124, 125, 126, 127, 128, 129, 130, 131, 132, 133, 134, 135, 136, 137, 138, 139, 140, 141, 142, 143, 144, 145, 146, 147, 148, 149, 150, 151, 152, 153, 154, 155, 156, 157, 158, 159, 160, 161, 162, 163, 164, 165, 166, 167, 168, 169, 170, 171, 172, 173, 174, 175, 176, 177, 178, 179, 180, 181, 182, 183, 184, 185, 186, 187, 188, 189, 190, 191, 192, 193, 194, 195, 196, 197, 198, 199, 200, 201, 202, 203, 204, 205, 206, 207, 208, 209, 210, 211, 212, 213, 214, 215, 216, 217, 218, 219, 220, 221, 222, 223, 224, 225, 226, 227, 228, 229, 230, 231, 232, 233, 234, 235, 236, 237, 238, 239, 240, 241, 242, 243, 244, 245, 246, 247, 248, 249, 250, 251, 252, 253, 254, 255, 256, 257, 258, 259, 260, 261, 262, 263, 264, 265, 266, 267, 268, 269, 270, 271, 272, 273, 274, 275, 276, 277, 278, 279, 280, 281, 282, 283, 284, 285, 286, 287, 288, 289, 290, 291, 292, 293, 294, 295, 296, 297, 298, 299, 300, 301, 302, 303, 304, 305, 306, 307, 308, 309, 310, 311, 312, 313, 314, 315, 316, 317, 318, 319, 320, 321, 322, 323, 324, 325, 326, 327, 328, 329, 330, 331, 332, 333, 334, 335, 336, 337, 355, 356, 357, 358, 359, 360, 361, 376, 403, 429, 430, 431, 432, 433, 434, 435, 485, 491, 493, 495, 499, 503, 504, 506, 508, 515, 516, 517, 518, 519, 520, 521, 522, 523, 524, 525, 526, 527, 528, 533, 537, 539, 542, 543, 547, 548, 549, 550, 551, 553, 554, 556, 558, 559, 563, 564, 566, 567, 570, 571, 572, 574, 575, 576, 577, 578, 579, 580, 581, 582, 583, 584, 585, 586, 587, 588, 589, 590, 591, 592, 593, 594, 595, 596, 597, 598, 599, 600, 601, 602, 603, 604, 605, 606, 607, 608, 609, 610, 611, 612, 613, 614, 615, 616, 617, 618, 619, 620, 621, 622, 623, 624, 625, 626, 627, 628, 629, 630, 631, 632, 633, 634, 635, 636, 637, 638, 639, 640, 641, 642, 643, 644, 645, 646, 647, 648, 649, 650, 651, 652, 653, 654, 655, 656, 657, 658, 659, 660, 661, 662, 663, 664, 665, 666, 667, 668, 669, 670, 671, 672, 673, 674, 675, 676, 677, 678, 679, 680, 681, 682, 683, 684, 685, 686, 687, 688, 689, 690, 691, 692, 693, 694, 695, 696, 697, 698, 699, 700, 701, 702, 703, 704, 705, 706, 707, 708, 709, 710, 711, 712, 713, 714, 715, 716, 717, 718, 719, 720, 721, 722, 723, 724, 725, 726, 727, 728, 729, 730, 731, 732, 733, 734, 735, 736, 737, 738, 739, 740, 741, 742, 743, 744, 745, 746, 747, 748, 749, 750, 751, 752, 753, 754, 755, 756, 757, 758, 759, 760, 761, 762, 763, 764, 765, 766, 767, 768, 769, 770, 771, 772, 773, 774, 775, 776, 777, 778, 779, 780, 781, 782, 783, 784, 785, 786, 787, 788, 789, 790, 791, 792, 793, 810, 811, 812, 813, 814, 826, 852, 881, 882, 883, 884, 885, 886]",True,"[202, 307, 672, 765]","[103, 104, 105, 106, 107, 108, 109, 110, 111, 112, 113, 114, 115, 116, 117, 118, 119, 120, 121, 122, 123, 124, 125, 126, 127, 128, 129, 130, 131, 132, 133, 134, 135, 136, 137, 138, 139, 140, 141, 142, 143, 144, 145, 146, 147, 148, 149, 150, 151, 152, 153, 154, 155, 156, 157, 158, 159, 160, 161, 162, 163, 164, 165, 166, 167, 168, 169, 170, 171, 172, 173, 174, 175, 176, 177, 178, 179, 180, 181, 182, 183, 184, 185, 186, 187, 188, 189, 190, 191, 192, 193, 194, 195, 196, 197, 198, 199, 200, 201, 202, 203, 204, 205, 206, 207, 208, 209, 210, 211, 212, 213, 214, 215, 216, 217, 218, 219, 220, 221, 222, 223, 224, 225, 226, 227, 228, 229, 230, 231, 232, 233, 234, 235, 236, 237, 238, 239, 240, 241, 242, 243, 244, 245, 246, 247, 248, 249, 250, 251, 252, 253, 254, 255, 256, 257, 258, 259, 260, 261, 262, 263, 264, 265, 266, 267, 268, 269, 270, 271, 272, 273, 274, 275, 276, 277, 278, 279, 280, 281, 282, 283, 284, 285, 286, 287, 288, 289, 290, 291, 292, 293, 294, 295, 296, 297, 298, 299, 300, 301, 302, 303, 304, 305, 306, 307, 308, 309, 310, 311, 312, 313, 314, 315, 316, 317, 318, 319, 320, 321, 322, 323, 324, 325, 326, 327, 328, 329, 330, 331, 332, 333, 334, 335, 336, 337, 574, 575, 576, 577, 578, 579, 580, 581, 582, 583, 584, 585, 586, 587, 588, 589, 590, 591, 592, 593, 594, 595, 596, 597, 598, 599, 600, 601, 602, 603, 604, 605, 606, 607, 608, 609, 610, 611, 612, 613, 614, 615, 616, 617, 618, 619, 620, 621, 622, 623, 624, 625, 626, 627, 628, 629, 630, 631, 632, 633, 634, 635, 636, 637, 638, 639, 640, 641, 642, 643, 644, 645, 646, 647, 648, 649, 650, 651, 652, 653, 654, 655, 656, 657, 658, 659, 660, 661, 662, 663, 664, 665, 666, 667, 668, 669, 670, 671, 672, 673, 674, 675, 676, 677, 678, 679, 680, 681, 682, 683, 684, 685, 686, 687, 688, 689, 690, 691, 692, 693, 694, 695, 696, 697, 698, 699, 700, 701, 702, 703, 704, 705, 706, 707, 708, 709, 710, 711, 712, 713, 714, 715, 716, 717, 718, 719, 720, 721, 722, 723, 724, 725, 726, 727, 728, 729, 730, 731, 732, 733, 734, 735, 736, 737, 738, 739, 740, 741, 742, 743, 744, 745, 746, 747, 748, 749, 750, 751, 752, 753, 754, 755, 756, 757, 758, 759, 760, 761, 762, 763, 764, 765, 766, 767, 768, 769, 770, 771, 772, 773, 774, 775, 776, 777, 778, 779, 780, 781, 782, 783, 784, 785, 786, 787, 788, 789, 790, 791, 792, 793]","[202, 307]","[62, 202, 307, 403, 672, 765, 852]","[0, 5, 7, 10, 14, 19, 20, 22, 24, 32, 33, 34, 37, 38, 40, 44, 46, 48, 49, 51, 56, 61, 63, 65, 67, 68, 73, 74, 75, 76, 79, 81, 82, 83, 85, 87, 88, 92, 93, 95, 96, 99, 100, 101, 115, 116, 124, 134, 142, 161, 167, 169, 170, 186, 202, 240, 244, 254, 260, 267, 277, 300, 303, 307, 310, 322, 331, 376, 485, 491, 493, 495, 499, 503, 504, 506, 508, 515, 518, 519, 521, 524, 526, 528, 533, 537, 539, 542, 543, 547, 548, 549, 550, 551, 553, 554, 556, 558, 559, 563, 564, 566, 567, 570, 571, 572, 586, 587, 595, 605, 613, 633, 639, 640, 641, 657, 672, 704, 717, 726, 736, 759, 761, 765, 768, 780, 788, 792, 826]","[32, 33, 34, 35, 36, 37, 38, 39, 40, 41, 42, 43, 44, 45, 46, 47, 48, 201, 202, 203, 204, 205, 206, 207, 208, 209, 210, 211, 212, 213, 214, 215, 216, 355, 356, 357, 358, 359, 360, 361, 429, 430, 431, 432, 433, 434, 435, 515, 516, 517, 518, 519, 520, 521, 522, 523, 524, 525, 526, 527, 672, 673, 674, 675, 676, 677, 678, 679, 680, 681, 682, 683, 684, 810, 811, 812, 813, 814, 881, 882, 883, 884, 885, 886]","[34, 35, 36, 37, 38, 39, 40, 41, 42, 43, 44, 45, 46, 47, 48, 201, 202, 203, 204, 205, 206, 207, 208, 209, 210, 211, 212, 213, 214, 215, 216, 355, 356, 357, 358, 359, 360, 361, 429, 430, 431, 432, 433, 434, 435, 515, 516, 517, 518, 519, 520, 521, 522, 523, 524, 525, 526, 527, 672, 673, 674, 675, 676, 677, 678, 679, 680, 681, 682, 683, 684, 810, 811, 812, 813, 814, 881, 882, 883, 884, 885, 886]",7/6 successful match,True,[313],True,273,False,,1.0,True,Love's Travel Stop # 207,Love's
Coachella ( 92236 ) Love's Travel Stop # 207,6 760-775-3401 I-10 Exit 146 ( Dillon Rd ),PRO 24 M,Coachella,92236,Love's Travel Stop # 207,760-775-3401,2015,Coachella,CA,Love's,( Dillon Rd ),I-10 Exit 146 ,Exit,146,False,,False,I-10,,,,,"[672, 202]","[202, 307, 672, 765]","[202, 307]","[62, 202, 307, 403, 672, 765, 852]","[103, 104, 105, 106, 107, 108, 109, 110, 111, 112, 113, 114, 115, 116, 117, 118, 119, 120, 121, 122, 123, 124, 125, 126, 127, 128, 129, 130, 131, 132, 133, 134, 135, 136, 137, 138, 139, 140, 141, 142, 143, 144, 145, 146, 147, 148, 149, 150, 151, 152, 153, 154, 155, 156, 157, 158, 159, 160, 161, 162, 163, 164, 165, 166, 167, 168, 169, 170, 171, 172, 173, 174, 175, 176, 177, 178, 179, 180, 181, 182, 183, 184, 185, 186, 187, 188, 189, 190, 191, 192, 193, 194, 195, 196, 197, 198, 199, 200, 201, 202, 203, 204, 205, 206, 207, 208, 209, 210, 211, 212, 213, 214, 215, 216, 217, 218, 219, 220, 221, 222, 223, 224, 225, 226, 227, 228, 229, 230, 231, 232, 233, 234, 235, 236, 237, 238, 239, 240, 241, 242, 243, 244, 245, 246, 247, 248, 249, 250, 251, 252, 253, 254, 255, 256, 257, 258, 259, 260, 261, 262, 263, 264, 265, 266, 267, 268, 269, 270, 271, 272, 273, 274, 275, 276, 277, 278, 279, 280, 281, 282, 283, 284, 285, 286, 287, 288, 289, 290, 291, 292, 293, 294, 295, 296, 297, 298, 299, 300, 301, 302, 303, 304, 305, 306, 307, 308, 309, 310, 311, 312, 313, 314, 315, 316, 317, 318, 319, 320, 321, 322, 323, 324, 325, 326, 327, 328, 329, 330, 331, 332, 333, 334, 335, 336, 337, 574, 575, 576, 577, 578, 579, 580, 581, 582, 583, 584, 585, 586, 587, 588, 589, 590, 591, 592, 593, 594, 595, 596, 597, 598, 599, 600, 601, 602, 603, 604, 605, 606, 607, 608, 609, 610, 611, 612, 613, 614, 615, 616, 617, 618, 619, 620, 621, 622, 623, 624, 625, 626, 627, 628, 629, 630, 631, 632, 633, 634, 635, 636, 637, 638, 639, 640, 641, 642, 643, 644, 645, 646, 647, 648, 649, 650, 651, 652, 653, 654, 655, 656, 657, 658, 659, 660, 661, 662, 663, 664, 665, 666, 667, 668, 669, 670, 671, 672, 673, 674, 675, 676, 677, 678, 679, 680, 681, 682, 683, 684, 685, 686, 687, 688, 689, 690, 691, 692, 693, 694, 695, 696, 697, 698, 699, 700, 701, 702, 703, 704, 705, 706, 707, 708, 709, 710, 711, 712, 713, 714, 715, 716, 717, 718, 719, 720, 721, 722, 723, 724, 725, 726, 727, 728, 729, 730, 731, 732, 733, 734, 735, 736, 737, 738, 739, 740, 741, 742, 743, 744, 745, 746, 747, 748, 749, 750, 751, 752, 753, 754, 755, 756, 757, 758, 759, 760, 761, 762, 763, 764, 765, 766, 767, 768, 769, 770, 771, 772, 773, 774, 775, 776, 777, 778, 779, 780, 781, 782, 783, 784, 785, 786, 787, 788, 789, 790, 791, 792, 793]","[0, 5, 7, 10, 14, 19, 20, 22, 24, 32, 33, 34, 37, 38, 40, 44, 46, 48, 49, 51, 56, 61, 63, 65, 67, 68, 73, 74, 75, 76, 79, 81, 82, 83, 85, 87, 88, 92, 93, 95, 96, 99, 100, 101, 115, 116, 124, 134, 142, 161, 167, 169, 170, 186, 202, 240, 244, 254, 260, 267, 277, 300, 303, 307, 310, 322, 331, 376, 485, 491, 493, 495, 499, 503, 504, 506, 508, 515, 518, 519, 521, 524, 526, 528, 533, 537, 539, 542, 543, 547, 548, 549, 550, 551, 553, 554, 556, 558, 559, 563, 564, 566, 567, 570, 571, 572, 586, 587, 595, 605, 613, 633, 639, 640, 641, 657, 672, 704, 717, 726, 736, 759, 761, 765, 768, 780, 788, 792, 826]","[34, 35, 36, 37, 38, 39, 40, 41, 42, 43, 44, 45, 46, 47, 48, 201, 202, 203, 204, 205, 206, 207, 208, 209, 210, 211, 212, 213, 214, 215, 216, 355, 356, 357, 358, 359, 360, 361, 429, 430, 431, 432, 433, 434, 435, 515, 516, 517, 518, 519, 520, 521, 522, 523, 524, 525, 526, 527, 672, 673, 674, 675, 676, 677, 678, 679, 680, 681, 682, 683, 684, 810, 811, 812, 813, 814, 881, 882, 883, 884, 885, 886]","[32, 33, 34, 35, 36, 37, 38, 39, 40, 41, 42, 43, 44, 45, 46, 47, 48, 201, 202, 203, 204, 205, 206, 207, 208, 209, 210, 211, 212, 213, 214, 215, 216, 355, 356, 357, 358, 359, 360, 361, 429, 430, 431, 432, 433, 434, 435, 515, 516, 517, 518, 519, 520, 521, 522, 523, 524, 525, 526, 527, 672, 673, 674, 675, 676, 677, 678, 679, 680, 681, 682, 683, 684, 810, 811, 812, 813, 814, 881, 882, 883, 884, 885, 886]","[0, 5, 7, 10, 14, 19, 20, 22, 24, 32, 33, 34, 35, 36, 37, 38, 39, 40, 41, 42, 43, 44, 45, 46, 47, 48, 49, 51, 56, 61, 62, 63, 65, 67, 68, 73, 74, 75, 76, 79, 81, 82, 83, 85, 87, 88, 92, 93, 95, 96, 99, 100, 101, 103, 104, 105, 106, 107, 108, 109, 110, 111, 112, 113, 114, 115, 116, 117, 118, 119, 120, 121, 122, 123, 124, 125, 126, 127, 128, 129, 130, 131, 132, 133, 134, 135, 136, 137, 138, 139, 140, 141, 142, 143, 144, 145, 146, 147, 148, 149, 150, 151, 152, 153, 154, 155, 156, 157, 158, 159, 160, 161, 162, 163, 164, 165, 166, 167, 168, 169, 170, 171, 172, 173, 174, 175, 176, 177, 178, 179, 180, 181, 182, 183, 184, 185, 186, 187, 188, 189, 190, 191, 192, 193, 194, 195, 196, 197, 198, 199, 200, 201, 202, 203, 204, 205, 206, 207, 208, 209, 210, 211, 212, 213, 214, 215, 216, 217, 218, 219, 220, 221, 222, 223, 224, 225, 226, 227, 228, 229, 230, 231, 232, 233, 234, 235, 236, 237, 238, 239, 240, 241, 242, 243, 244, 245, 246, 247, 248, 249, 250, 251, 252, 253, 254, 255, 256, 257, 258, 259, 260, 261, 262, 263, 264, 265, 266, 267, 268, 269, 270, 271, 272, 273, 274, 275, 276, 277, 278, 279, 280, 281, 282, 283, 284, 285, 286, 287, 288, 289, 290, 291, 292, 293, 294, 295, 296, 297, 298, 299, 300, 301, 302, 303, 304, 305, 306, 307, 308, 309, 310, 311, 312, 313, 314, 315, 316, 317, 318, 319, 320, 321, 322, 323, 324, 325, 326, 327, 328, 329, 330, 331, 332, 333, 334, 335, 336, 337, 355, 356, 357, 358, 359, 360, 361, 376, 403, 429, 430, 431, 432, 433, 434, 435, 485, 491, 493, 495, 499, 503, 504, 506, 508, 515, 516, 517, 518, 519, 520, 521, 522, 523, 524, 525, 526, 527, 528, 533, 537, 539, 542, 543, 547, 548, 549, 550, 551, 553, 554, 556, 558, 559, 563, 564, 566, 567, 570, 571, 572, 574, 575, 576, 577, 578, 579, 580, 581, 582, 583, 584, 585, 586, 587, 588, 589, 590, 591, 592, 593, 594, 595, 596, 597, 598, 599, 600, 601, 602, 603, 604, 605, 606, 607, 608, 609, 610, 611, 612, 613, 614, 615, 616, 617, 618, 619, 620, 621, 622, 623, 624, 625, 626, 627, 628, 629, 630, 631, 632, 633, 634, 635, 636, 637, 638, 639, 640, 641, 642, 643, 644, 645, 646, 647, 648, 649, 650, 651, 652, 653, 654, 655, 656, 657, 658, 659, 660, 661, 662, 663, 664, 665, 666, 667, 668, 669, 670, 671, 672, 673, 674, 675, 676, 677, 678, 679, 680, 681, 682, 683, 684, 685, 686, 687, 688, 689, 690, 691, 692, 693, 694, 695, 696, 697, 698, 699, 700, 701, 702, 703, 704, 705, 706, 707, 708, 709, 710, 711, 712, 713, 714, 715, 716, 717, 718, 719, 720, 721, 722, 723, 724, 725, 726, 727, 728, 729, 730, 731, 732, 733, 734, 735, 736, 737, 738, 739, 740, 741, 742, 743, 744, 745, 746, 747, 748, 749, 750, 751, 752, 753, 754, 755, 756, 757, 758, 759, 760, 761, 762, 763, 764, 765, 766, 767, 768, 769, 770, 771, 772, 773, 774, 775, 776, 777, 778, 779, 780, 781, 782, 783, 784, 785, 786, 787, 788, 789, 790, 791, 792, 793, 810, 811, 812, 813, 814, 826, 852, 881, 882, 883, 884, 885, 886]",True,"[202, 307, 672, 765]","[103, 104, 105, 106, 107, 108, 109, 110, 111, 112, 113, 114, 115, 116, 117, 118, 119, 120, 121, 122, 123, 124, 125, 126, 127, 128, 129, 130, 131, 132, 133, 134, 135, 136, 137, 138, 139, 140, 141, 142, 143, 144, 145, 146, 147, 148, 149, 150, 151, 152, 153, 154, 155, 156, 157, 158, 159, 160, 161, 162, 163, 164, 165, 166, 167, 168, 169, 170, 171, 172, 173, 174, 175, 176, 177, 178, 179, 180, 181, 182, 183, 184, 185, 186, 187, 188, 189, 190, 191, 192, 193, 194, 195, 196, 197, 198, 199, 200, 201, 202, 203, 204, 205, 206, 207, 208, 209, 210, 211, 212, 213, 214, 215, 216, 217, 218, 219, 220, 221, 222, 223, 224, 225, 226, 227, 228, 229, 230, 231, 232, 233, 234, 235, 236, 237, 238, 239, 240, 241, 242, 243, 244, 245, 246, 247, 248, 249, 250, 251, 252, 253, 254, 255, 256, 257, 258, 259, 260, 261, 262, 263, 264, 265, 266, 267, 268, 269, 270, 271, 272, 273, 274, 275, 276, 277, 278, 279, 280, 281, 282, 283, 284, 285, 286, 287, 288, 289, 290, 291, 292, 293, 294, 295, 296, 297, 298, 299, 300, 301, 302, 303, 304, 305, 306, 307, 308, 309, 310, 311, 312, 313, 314, 315, 316, 317, 318, 319, 320, 321, 322, 323, 324, 325, 326, 327, 328, 329, 330, 331, 332, 333, 334, 335, 336, 337, 574, 575, 576, 577, 578, 579, 580, 581, 582, 583, 584, 585, 586, 587, 588, 589, 590, 591, 592, 593, 594, 595, 596, 597, 598, 599, 600, 601, 602, 603, 604, 605, 606, 607, 608, 609, 610, 611, 612, 613, 614, 615, 616, 617, 618, 619, 620, 621, 622, 623, 624, 625, 626, 627, 628, 629, 630, 631, 632, 633, 634, 635, 636, 637, 638, 639, 640, 641, 642, 643, 644, 645, 646, 647, 648, 649, 650, 651, 652, 653, 654, 655, 656, 657, 658, 659, 660, 661, 662, 663, 664, 665, 666, 667, 668, 669, 670, 671, 672, 673, 674, 675, 676, 677, 678, 679, 680, 681, 682, 683, 684, 685, 686, 687, 688, 689, 690, 691, 692, 693, 694, 695, 696, 697, 698, 699, 700, 701, 702, 703, 704, 705, 706, 707, 708, 709, 710, 711, 712, 713, 714, 715, 716, 717, 718, 719, 720, 721, 722, 723, 724, 725, 726, 727, 728, 729, 730, 731, 732, 733, 734, 735, 736, 737, 738, 739, 740, 741, 742, 743, 744, 745, 746, 747, 748, 749, 750, 751, 752, 753, 754, 755, 756, 757, 758, 759, 760, 761, 762, 763, 764, 765, 766, 767, 768, 769, 770, 771, 772, 773, 774, 775, 776, 777, 778, 779, 780, 781, 782, 783, 784, 785, 786, 787, 788, 789, 790, 791, 792, 793]","[202, 307]","[62, 202, 307, 403, 672, 765, 852]","[0, 5, 7, 10, 14, 19, 20, 22, 24, 32, 33, 34, 37, 38, 40, 44, 46, 48, 49, 51, 56, 61, 63, 65, 67, 68, 73, 74, 75, 76, 79, 81, 82, 83, 85, 87, 88, 92, 93, 95, 96, 99, 100, 101, 115, 116, 124, 134, 142, 161, 167, 169, 170, 186, 202, 240, 244, 254, 260, 267, 277, 300, 303, 307, 310, 322, 331, 376, 485, 491, 493, 495, 499, 503, 504, 506, 508, 515, 518, 519, 521, 524, 526, 528, 533, 537, 539, 542, 543, 547, 548, 549, 550, 551, 553, 554, 556, 558, 559, 563, 564, 566, 567, 570, 571, 572, 586, 587, 595, 605, 613, 633, 639, 640, 641, 657, 672, 704, 717, 726, 736, 759, 761, 765, 768, 780, 788, 792, 826]","[32, 33, 34, 35, 36, 37, 38, 39, 40, 41, 42, 43, 44, 45, 46, 47, 48, 201, 202, 203, 204, 205, 206, 207, 208, 209, 210, 211, 212, 213, 214, 215, 216, 355, 356, 357, 358, 359, 360, 361, 429, 430, 431, 432, 433, 434, 435, 515, 516, 517, 518, 519, 520, 521, 522, 523, 524, 525, 526, 527, 672, 673, 674, 675, 676, 677, 678, 679, 680, 681, 682, 683, 684, 810, 811, 812, 813, 814, 881, 882, 883, 884, 885, 886]","[34, 35, 36, 37, 38, 39, 40, 41, 42, 43, 44, 45, 46, 47, 48, 201, 202, 203, 204, 205, 206, 207, 208, 209, 210, 211, 212, 213, 214, 215, 216, 355, 356, 357, 358, 359, 360, 361, 429, 430, 431, 432, 433, 434, 435, 515, 516, 517, 518, 519, 520, 521, 522, 523, 524, 525, 526, 527, 672, 673, 674, 675, 676, 677, 678, 679, 680, 681, 682, 683, 684, 810, 811, 812, 813, 814, 881, 882, 883, 884, 885, 886]",7/6 successful match,True,[313],True,273,False,,1.0,True,Love's Travel Stop # 207,Love's
Coachella ( 92236 ) Love's Travel Stop # 207,760-775-3401 I-10 Exit 146 ( Dillon Rd ),24 <U+25A1> LO 24,Coachella,92236,Love's Travel Stop # 207,760-775-3401,2016,Coachella,CA,Love's,( Dillon Rd ),I-10 Exit 146 ,Exit,146,False,,False,I-10,,,,,"[672, 202]","[202, 307, 672, 765]","[202, 307]","[62, 202, 307, 403, 672, 765, 852]","[103, 104, 105, 106, 107, 108, 109, 110, 111, 112, 113, 114, 115, 116, 117, 118, 119, 120, 121, 122, 123, 124, 125, 126, 127, 128, 129, 130, 131, 132, 133, 134, 135, 136, 137, 138, 139, 140, 141, 142, 143, 144, 145, 146, 147, 148, 149, 150, 151, 152, 153, 154, 155, 156, 157, 158, 159, 160, 161, 162, 163, 164, 165, 166, 167, 168, 169, 170, 171, 172, 173, 174, 175, 176, 177, 178, 179, 180, 181, 182, 183, 184, 185, 186, 187, 188, 189, 190, 191, 192, 193, 194, 195, 196, 197, 198, 199, 200, 201, 202, 203, 204, 205, 206, 207, 208, 209, 210, 211, 212, 213, 214, 215, 216, 217, 218, 219, 220, 221, 222, 223, 224, 225, 226, 227, 228, 229, 230, 231, 232, 233, 234, 235, 236, 237, 238, 239, 240, 241, 242, 243, 244, 245, 246, 247, 248, 249, 250, 251, 252, 253, 254, 255, 256, 257, 258, 259, 260, 261, 262, 263, 264, 265, 266, 267, 268, 269, 270, 271, 272, 273, 274, 275, 276, 277, 278, 279, 280, 281, 282, 283, 284, 285, 286, 287, 288, 289, 290, 291, 292, 293, 294, 295, 296, 297, 298, 299, 300, 301, 302, 303, 304, 305, 306, 307, 308, 309, 310, 311, 312, 313, 314, 315, 316, 317, 318, 319, 320, 321, 322, 323, 324, 325, 326, 327, 328, 329, 330, 331, 332, 333, 334, 335, 336, 337, 574, 575, 576, 577, 578, 579, 580, 581, 582, 583, 584, 585, 586, 587, 588, 589, 590, 591, 592, 593, 594, 595, 596, 597, 598, 599, 600, 601, 602, 603, 604, 605, 606, 607, 608, 609, 610, 611, 612, 613, 614, 615, 616, 617, 618, 619, 620, 621, 622, 623, 624, 625, 626, 627, 628, 629, 630, 631, 632, 633, 634, 635, 636, 637, 638, 639, 640, 641, 642, 643, 644, 645, 646, 647, 648, 649, 650, 651, 652, 653, 654, 655, 656, 657, 658, 659, 660, 661, 662, 663, 664, 665, 666, 667, 668, 669, 670, 671, 672, 673, 674, 675, 676, 677, 678, 679, 680, 681, 682, 683, 684, 685, 686, 687, 688, 689, 690, 691, 692, 693, 694, 695, 696, 697, 698, 699, 700, 701, 702, 703, 704, 705, 706, 707, 708, 709, 710, 711, 712, 713, 714, 715, 716, 717, 718, 719, 720, 721, 722, 723, 724, 725, 726, 727, 728, 729, 730, 731, 732, 733, 734, 735, 736, 737, 738, 739, 740, 741, 742, 743, 744, 745, 746, 747, 748, 749, 750, 751, 752, 753, 754, 755, 756, 757, 758, 759, 760, 761, 762, 763, 764, 765, 766, 767, 768, 769, 770, 771, 772, 773, 774, 775, 776, 777, 778, 779, 780, 781, 782, 783, 784, 785, 786, 787, 788, 789, 790, 791, 792, 793]","[0, 5, 7, 10, 14, 19, 20, 22, 24, 32, 33, 34, 37, 38, 40, 44, 46, 48, 49, 51, 56, 61, 63, 65, 67, 68, 73, 74, 75, 76, 79, 81, 82, 83, 85, 87, 88, 92, 93, 95, 96, 99, 100, 101, 115, 116, 124, 134, 142, 161, 167, 169, 170, 186, 202, 240, 244, 254, 260, 267, 277, 300, 303, 307, 310, 322, 331, 376, 485, 491, 493, 495, 499, 503, 504, 506, 508, 515, 518, 519, 521, 524, 526, 528, 533, 537, 539, 542, 543, 547, 548, 549, 550, 551, 553, 554, 556, 558, 559, 563, 564, 566, 567, 570, 571, 572, 586, 587, 595, 605, 613, 633, 639, 640, 641, 657, 672, 704, 717, 726, 736, 759, 761, 765, 768, 780, 788, 792, 826]","[34, 35, 36, 37, 38, 39, 40, 41, 42, 43, 44, 45, 46, 47, 48, 201, 202, 203, 204, 205, 206, 207, 208, 209, 210, 211, 212, 213, 214, 215, 216, 355, 356, 357, 358, 359, 360, 361, 429, 430, 431, 432, 433, 434, 435, 515, 516, 517, 518, 519, 520, 521, 522, 523, 524, 525, 526, 527, 672, 673, 674, 675, 676, 677, 678, 679, 680, 681, 682, 683, 684, 810, 811, 812, 813, 814, 881, 882, 883, 884, 885, 886]","[32, 33, 34, 35, 36, 37, 38, 39, 40, 41, 42, 43, 44, 45, 46, 47, 48, 201, 202, 203, 204, 205, 206, 207, 208, 209, 210, 211, 212, 213, 214, 215, 216, 355, 356, 357, 358, 359, 360, 361, 429, 430, 431, 432, 433, 434, 435, 515, 516, 517, 518, 519, 520, 521, 522, 523, 524, 525, 526, 527, 672, 673, 674, 675, 676, 677, 678, 679, 680, 681, 682, 683, 684, 810, 811, 812, 813, 814, 881, 882, 883, 884, 885, 886]","[0, 5, 7, 10, 14, 19, 20, 22, 24, 32, 33, 34, 35, 36, 37, 38, 39, 40, 41, 42, 43, 44, 45, 46, 47, 48, 49, 51, 56, 61, 62, 63, 65, 67, 68, 73, 74, 75, 76, 79, 81, 82, 83, 85, 87, 88, 92, 93, 95, 96, 99, 100, 101, 103, 104, 105, 106, 107, 108, 109, 110, 111, 112, 113, 114, 115, 116, 117, 118, 119, 120, 121, 122, 123, 124, 125, 126, 127, 128, 129, 130, 131, 132, 133, 134, 135, 136, 137, 138, 139, 140, 141, 142, 143, 144, 145, 146, 147, 148, 149, 150, 151, 152, 153, 154, 155, 156, 157, 158, 159, 160, 161, 162, 163, 164, 165, 166, 167, 168, 169, 170, 171, 172, 173, 174, 175, 176, 177, 178, 179, 180, 181, 182, 183, 184, 185, 186, 187, 188, 189, 190, 191, 192, 193, 194, 195, 196, 197, 198, 199, 200, 201, 202, 203, 204, 205, 206, 207, 208, 209, 210, 211, 212, 213, 214, 215, 216, 217, 218, 219, 220, 221, 222, 223, 224, 225, 226, 227, 228, 229, 230, 231, 232, 233, 234, 235, 236, 237, 238, 239, 240, 241, 242, 243, 244, 245, 246, 247, 248, 249, 250, 251, 252, 253, 254, 255, 256, 257, 258, 259, 260, 261, 262, 263, 264, 265, 266, 267, 268, 269, 270, 271, 272, 273, 274, 275, 276, 277, 278, 279, 280, 281, 282, 283, 284, 285, 286, 287, 288, 289, 290, 291, 292, 293, 294, 295, 296, 297, 298, 299, 300, 301, 302, 303, 304, 305, 306, 307, 308, 309, 310, 311, 312, 313, 314, 315, 316, 317, 318, 319, 320, 321, 322, 323, 324, 325, 326, 327, 328, 329, 330, 331, 332, 333, 334, 335, 336, 337, 355, 356, 357, 358, 359, 360, 361, 376, 403, 429, 430, 431, 432, 433, 434, 435, 485, 491, 493, 495, 499, 503, 504, 506, 508, 515, 516, 517, 518, 519, 520, 521, 522, 523, 524, 525, 526, 527, 528, 533, 537, 539, 542, 543, 547, 548, 549, 550, 551, 553, 554, 556, 558, 559, 563, 564, 566, 567, 570, 571, 572, 574, 575, 576, 577, 578, 579, 580, 581, 582, 583, 584, 585, 586, 587, 588, 589, 590, 591, 592, 593, 594, 595, 596, 597, 598, 599, 600, 601, 602, 603, 604, 605, 606, 607, 608, 609, 610, 611, 612, 613, 614, 615, 616, 617, 618, 619, 620, 621, 622, 623, 624, 625, 626, 627, 628, 629, 630, 631, 632, 633, 634, 635, 636, 637, 638, 639, 640, 641, 642, 643, 644, 645, 646, 647, 648, 649, 650, 651, 652, 653, 654, 655, 656, 657, 658, 659, 660, 661, 662, 663, 664, 665, 666, 667, 668, 669, 670, 671, 672, 673, 674, 675, 676, 677, 678, 679, 680, 681, 682, 683, 684, 685, 686, 687, 688, 689, 690, 691, 692, 693, 694, 695, 696, 697, 698, 699, 700, 701, 702, 703, 704, 705, 706, 707, 708, 709, 710, 711, 712, 713, 714, 715, 716, 717, 718, 719, 720, 721, 722, 723, 724, 725, 726, 727, 728, 729, 730, 731, 732, 733, 734, 735, 736, 737, 738, 739, 740, 741, 742, 743, 744, 745, 746, 747, 748, 749, 750, 751, 752, 753, 754, 755, 756, 757, 758, 759, 760, 761, 762, 763, 764, 765, 766, 767, 768, 769, 770, 771, 772, 773, 774, 775, 776, 777, 778, 779, 780, 781, 782, 783, 784, 785, 786, 787, 788, 789, 790, 791, 792, 793, 810, 811, 812, 813, 814, 826, 852, 881, 882, 883, 884, 885, 886]",True,"[202, 307, 672, 765]","[103, 104, 105, 106, 107, 108, 109, 110, 111, 112, 113, 114, 115, 116, 117, 118, 119, 120, 121, 122, 123, 124, 125, 126, 127, 128, 129, 130, 131, 132, 133, 134, 135, 136, 137, 138, 139, 140, 141, 142, 143, 144, 145, 146, 147, 148, 149, 150, 151, 152, 153, 154, 155, 156, 157, 158, 159, 160, 161, 162, 163, 164, 165, 166, 167, 168, 169, 170, 171, 172, 173, 174, 175, 176, 177, 178, 179, 180, 181, 182, 183, 184, 185, 186, 187, 188, 189, 190, 191, 192, 193, 194, 195, 196, 197, 198, 199, 200, 201, 202, 203, 204, 205, 206, 207, 208, 209, 210, 211, 212, 213, 214, 215, 216, 217, 218, 219, 220, 221, 222, 223, 224, 225, 226, 227, 228, 229, 230, 231, 232, 233, 234, 235, 236, 237, 238, 239, 240, 241, 242, 243, 244, 245, 246, 247, 248, 249, 250, 251, 252, 253, 254, 255, 256, 257, 258, 259, 260, 261, 262, 263, 264, 265, 266, 267, 268, 269, 270, 271, 272, 273, 274, 275, 276, 277, 278, 279, 280, 281, 282, 283, 284, 285, 286, 287, 288, 289, 290, 291, 292, 293, 294, 295, 296, 297, 298, 299, 300, 301, 302, 303, 304, 305, 306, 307, 308, 309, 310, 311, 312, 313, 314, 315, 316, 317, 318, 319, 320, 321, 322, 323, 324, 325, 326, 327, 328, 329, 330, 331, 332, 333, 334, 335, 336, 337, 574, 575, 576, 577, 578, 579, 580, 581, 582, 583, 584, 585, 586, 587, 588, 589, 590, 591, 592, 593, 594, 595, 596, 597, 598, 599, 600, 601, 602, 603, 604, 605, 606, 607, 608, 609, 610, 611, 612, 613, 614, 615, 616, 617, 618, 619, 620, 621, 622, 623, 624, 625, 626, 627, 628, 629, 630, 631, 632, 633, 634, 635, 636, 637, 638, 639, 640, 641, 642, 643, 644, 645, 646, 647, 648, 649, 650, 651, 652, 653, 654, 655, 656, 657, 658, 659, 660, 661, 662, 663, 664, 665, 666, 667, 668, 669, 670, 671, 672, 673, 674, 675, 676, 677, 678, 679, 680, 681, 682, 683, 684, 685, 686, 687, 688, 689, 690, 691, 692, 693, 694, 695, 696, 697, 698, 699, 700, 701, 702, 703, 704, 705, 706, 707, 708, 709, 710, 711, 712, 713, 714, 715, 716, 717, 718, 719, 720, 721, 722, 723, 724, 725, 726, 727, 728, 729, 730, 731, 732, 733, 734, 735, 736, 737, 738, 739, 740, 741, 742, 743, 744, 745, 746, 747, 748, 749, 750, 751, 752, 753, 754, 755, 756, 757, 758, 759, 760, 761, 762, 763, 764, 765, 766, 767, 768, 769, 770, 771, 772, 773, 774, 775, 776, 777, 778, 779, 780, 781, 782, 783, 784, 785, 786, 787, 788, 789, 790, 791, 792, 793]","[202, 307]","[62, 202, 307, 403, 672, 765, 852]","[0, 5, 7, 10, 14, 19, 20, 22, 24, 32, 33, 34, 37, 38, 40, 44, 46, 48, 49, 51, 56, 61, 63, 65, 67, 68, 73, 74, 75, 76, 79, 81, 82, 83, 85, 87, 88, 92, 93, 95, 96, 99, 100, 101, 115, 116, 124, 134, 142, 161, 167, 169, 170, 186, 202, 240, 244, 254, 260, 267, 277, 300, 303, 307, 310, 322, 331, 376, 485, 491, 493, 495, 499, 503, 504, 506, 508, 515, 518, 519, 521, 524, 526, 528, 533, 537, 539, 542, 543, 547, 548, 549, 550, 551, 553, 554, 556, 558, 559, 563, 564, 566, 567, 570, 571, 572, 586, 587, 595, 605, 613, 633, 639, 640, 641, 657, 672, 704, 717, 726, 736, 759, 761, 765, 768, 780, 788, 792, 826]","[32, 33, 34, 35, 36, 37, 38, 39, 40, 41, 42, 43, 44, 45, 46, 47, 48, 201, 202, 203, 204, 205, 206, 207, 208, 209, 210, 211, 212, 213, 214, 215, 216, 355, 356, 357, 358, 359, 360, 361, 429, 430, 431, 432, 433, 434, 435, 515, 516, 517, 518, 519, 520, 521, 522, 523, 524, 525, 526, 527, 672, 673, 674, 675, 676, 677, 678, 679, 680, 681, 682, 683, 684, 810, 811, 812, 813, 814, 881, 882, 883, 884, 885, 886]","[34, 35, 36, 37, 38, 39, 40, 41, 42, 43, 44, 45, 46, 47, 48, 201, 202, 203, 204, 205, 206, 207, 208, 209, 210, 211, 212, 213, 214, 215, 216, 355, 356, 357, 358, 359, 360, 361, 429, 430, 431, 432, 433, 434, 435, 515, 516, 517, 518, 519, 520, 521, 522, 523, 524, 525, 526, 527, 672, 673, 674, 675, 676, 677, 678, 679, 680, 681, 682, 683, 684, 810, 811, 812, 813, 814, 881, 882, 883, 884, 885, 886]",7/6 successful match,True,[313],True,273,False,,1.0,True,Love's Travel Stop # 207,Love's
"EI Centro , 92243 Imperial 8 Travel Center ( Mobil )",760-352-0044 I-8 Exit 115 ( CA 86 S ),XL 00,Centro,92243,Imperial 8 Travel Center ( Mobil ),760-352-0044,2006,El Centro,CA,Mobil,( CA 86 S ),I-8 Exit 115 ,Exit,115,False,,False,I-8,,,,,"[299, 758]","[220, 299, 758]","[220, 299, 758]","[25, 39, 230, 284, 299, 449, 486, 520, 694, 743, 758, 897]","[103, 104, 105, 106, 107, 108, 109, 110, 111, 112, 113, 114, 115, 116, 117, 118, 119, 120, 121, 122, 123, 124, 125, 126, 127, 128, 129, 130, 131, 132, 133, 134, 135, 136, 137, 138, 139, 140, 141, 142, 143, 144, 145, 146, 147, 148, 149, 150, 151, 152, 153, 154, 155, 156, 157, 158, 159, 160, 161, 162, 163, 164, 165, 166, 167, 168, 169, 170, 171, 172, 173, 174, 175, 176, 177, 178, 179, 180, 181, 182, 183, 184, 185, 186, 187, 188, 189, 190, 191, 192, 193, 194, 195, 196, 197, 198, 199, 200, 201, 202, 203, 204, 205, 206, 207, 208, 209, 210, 211, 212, 213, 214, 215, 216, 217, 218, 219, 220, 221, 222, 223, 224, 225, 226, 227, 228, 229, 230, 231, 232, 233, 234, 235, 236, 237, 238, 239, 240, 241, 242, 243, 244, 245, 246, 247, 248, 249, 250, 251, 252, 253, 254, 255, 256, 257, 258, 259, 260, 261, 262, 263, 264, 265, 266, 267, 268, 269, 270, 271, 272, 273, 274, 275, 276, 277, 278, 279, 280, 281, 282, 283, 284, 285, 286, 287, 288, 289, 290, 291, 292, 293, 294, 295, 296, 297, 298, 299, 300, 301, 302, 303, 304, 305, 306, 307, 308, 309, 310, 311, 312, 313, 314, 315, 316, 317, 318, 319, 320, 321, 322, 323, 324, 325, 326, 327, 328, 329, 330, 331, 332, 333, 334, 335, 336, 337, 574, 575, 576, 577, 578, 579, 580, 581, 582, 583, 584, 585, 586, 587, 588, 589, 590, 591, 592, 593, 594, 595, 596, 597, 598, 599, 600, 601, 602, 603, 604, 605, 606, 607, 608, 609, 610, 611, 612, 613, 614, 615, 616, 617, 618, 619, 620, 621, 622, 623, 624, 625, 626, 627, 628, 629, 630, 631, 632, 633, 634, 635, 636, 637, 638, 639, 640, 641, 642, 643, 644, 645, 646, 647, 648, 649, 650, 651, 652, 653, 654, 655, 656, 657, 658, 659, 660, 661, 662, 663, 664, 665, 666, 667, 668, 669, 670, 671, 672, 673, 674, 675, 676, 677, 678, 679, 680, 681, 682, 683, 684, 685, 686, 687, 688, 689, 690, 691, 692, 693, 694, 695, 696, 697, 698, 699, 700, 701, 702, 703, 704, 705, 706, 707, 708, 709, 710, 711, 712, 713, 714, 715, 716, 717, 718, 719, 720, 721, 722, 723, 724, 725, 726, 727, 728, 729, 730, 731, 732, 733, 734, 735, 736, 737, 738, 739, 740, 741, 742, 743, 744, 745, 746, 747, 748, 749, 750, 751, 752, 753, 754, 755, 756, 757, 758, 759, 760, 761, 762, 763, 764, 765, 766, 767, 768, 769, 770, 771, 772, 773, 774, 775, 776, 777, 778, 779, 780, 781, 782, 783, 784, 785, 786, 787, 788, 789, 790, 791, 792, 793]","[17, 25, 39, 41, 50, 55, 57, 59, 69, 78, 119, 174, 188, 189, 220, 250, 299, 486, 502, 520, 522, 532, 534, 535, 544, 590, 645, 659, 660, 713, 758]","[4, 59, 232, 269, 299, 490, 535, 696, 728, 758]","[4, 59, 232, 269, 299, 490, 535, 696, 728, 758]","[4, 17, 25, 39, 41, 50, 55, 57, 59, 69, 78, 103, 104, 105, 106, 107, 108, 109, 110, 111, 112, 113, 114, 115, 116, 117, 118, 119, 120, 121, 122, 123, 124, 125, 126, 127, 128, 129, 130, 131, 132, 133, 134, 135, 136, 137, 138, 139, 140, 141, 142, 143, 144, 145, 146, 147, 148, 149, 150, 151, 152, 153, 154, 155, 156, 157, 158, 159, 160, 161, 162, 163, 164, 165, 166, 167, 168, 169, 170, 171, 172, 173, 174, 175, 176, 177, 178, 179, 180, 181, 182, 183, 184, 185, 186, 187, 188, 189, 190, 191, 192, 193, 194, 195, 196, 197, 198, 199, 200, 201, 202, 203, 204, 205, 206, 207, 208, 209, 210, 211, 212, 213, 214, 215, 216, 217, 218, 219, 220, 221, 222, 223, 224, 225, 226, 227, 228, 229, 230, 231, 232, 233, 234, 235, 236, 237, 238, 239, 240, 241, 242, 243, 244, 245, 246, 247, 248, 249, 250, 251, 252, 253, 254, 255, 256, 257, 258, 259, 260, 261, 262, 263, 264, 265, 266, 267, 268, 269, 270, 271, 272, 273, 274, 275, 276, 277, 278, 279, 280, 281, 282, 283, 284, 285, 286, 287, 288, 289, 290, 291, 292, 293, 294, 295, 296, 297, 298, 299, 300, 301, 302, 303, 304, 305, 306, 307, 308, 309, 310, 311, 312, 313, 314, 315, 316, 317, 318, 319, 320, 321, 322, 323, 324, 325, 326, 327, 328, 329, 330, 331, 332, 333, 334, 335, 336, 337, 449, 486, 490, 502, 520, 522, 532, 534, 535, 544, 574, 575, 576, 577, 578, 579, 580, 581, 582, 583, 584, 585, 586, 587, 588, 589, 590, 591, 592, 593, 594, 595, 596, 597, 598, 599, 600, 601, 602, 603, 604, 605, 606, 607, 608, 609, 610, 611, 612, 613, 614, 615, 616, 617, 618, 619, 620, 621, 622, 623, 624, 625, 626, 627, 628, 629, 630, 631, 632, 633, 634, 635, 636, 637, 638, 639, 640, 641, 642, 643, 644, 645, 646, 647, 648, 649, 650, 651, 652, 653, 654, 655, 656, 657, 658, 659, 660, 661, 662, 663, 664, 665, 666, 667, 668, 669, 670, 671, 672, 673, 674, 675, 676, 677, 678, 679, 680, 681, 682, 683, 684, 685, 686, 687, 688, 689, 690, 691, 692, 693, 694, 695, 696, 697, 698, 699, 700, 701, 702, 703, 704, 705, 706, 707, 708, 709, 710, 711, 712, 713, 714, 715, 716, 717, 718, 719, 720, 721, 722, 723, 724, 725, 726, 727, 728, 729, 730, 731, 732, 733, 734, 735, 736, 737, 738, 739, 740, 741, 742, 743, 744, 745, 746, 747, 748, 749, 750, 751, 752, 753, 754, 755, 756, 757, 758, 759, 760, 761, 762, 763, 764, 765, 766, 767, 768, 769, 770, 771, 772, 773, 774, 775, 776, 777, 778, 779, 780, 781, 782, 783, 784, 785, 786, 787, 788, 789, 790, 791, 792, 793, 897]",True,"[220, 299, 758]","[103, 104, 105, 106, 107, 108, 109, 110, 111, 112, 113, 114, 115, 116, 117, 118, 119, 120, 121, 122, 123, 124, 125, 126, 127, 128, 129, 130, 131, 132, 133, 134, 135, 136, 137, 138, 139, 140, 141, 142, 143, 144, 145, 146, 147, 148, 149, 150, 151, 152, 153, 154, 155, 156, 157, 158, 159, 160, 161, 162, 163, 164, 165, 166, 167, 168, 169, 170, 171, 172, 173, 174, 175, 176, 177, 178, 179, 180, 181, 182, 183, 184, 185, 186, 187, 188, 189, 190, 191, 192, 193, 194, 195, 196, 197, 198, 199, 200, 201, 202, 203, 204, 205, 206, 207, 208, 209, 210, 211, 212, 213, 214, 215, 216, 217, 218, 219, 220, 221, 222, 223, 224, 225, 226, 227, 228, 229, 230, 231, 232, 233, 234, 235, 236, 237, 238, 239, 240, 241, 242, 243, 244, 245, 246, 247, 248, 249, 250, 251, 252, 253, 254, 255, 256, 257, 258, 259, 260, 261, 262, 263, 264, 265, 266, 267, 268, 269, 270, 271, 272, 273, 274, 275, 276, 277, 278, 279, 280, 281, 282, 283, 284, 285, 286, 287, 288, 289, 290, 291, 292, 293, 294, 295, 296, 297, 298, 299, 300, 301, 302, 303, 304, 305, 306, 307, 308, 309, 310, 311, 312, 313, 314, 315, 316, 317, 318, 319, 320, 321, 322, 323, 324, 325, 326, 327, 328, 329, 330, 331, 332, 333, 334, 335, 336, 337, 574, 575, 576, 577, 578, 579, 580, 581, 582, 583, 584, 585, 586, 587, 588, 589, 590, 591, 592, 593, 594, 595, 596, 597, 598, 599, 600, 601, 602, 603, 604, 605, 606, 607, 608, 609, 610, 611, 612, 613, 614, 615, 616, 617, 618, 619, 620, 621, 622, 623, 624, 625, 626, 627, 628, 629, 630, 631, 632, 633, 634, 635, 636, 637, 638, 639, 640, 641, 642, 643, 644, 645, 646, 647, 648, 649, 650, 651, 652, 653, 654, 655, 656, 657, 658, 659, 660, 661, 662, 663, 664, 665, 666, 667, 668, 669, 670, 671, 672, 673, 674, 675, 676, 677, 678, 679, 680, 681, 682, 683, 684, 685, 686, 687, 688, 689, 690, 691, 692, 693, 694, 695, 696, 697, 698, 699, 700, 701, 702, 703, 704, 705, 706, 707, 708, 709, 710, 711, 712, 713, 714, 715, 716, 717, 718, 719, 720, 721, 722, 723, 724, 725, 726, 727, 728, 729, 730, 731, 732, 733, 734, 735, 736, 737, 738, 739, 740, 741, 742, 743, 744, 745, 746, 747, 748, 749, 750, 751, 752, 753, 754, 755, 756, 757, 758, 759, 760, 761, 762, 763, 764, 765, 766, 767, 768, 769, 770, 771, 772, 773, 774, 775, 776, 777, 778, 779, 780, 781, 782, 783, 784, 785, 786, 787, 788, 789, 790, 791, 792, 793]","[220, 299, 758]","[25, 39, 230, 284, 299, 449, 486, 520, 694, 743, 758, 897]","[17, 25, 39, 41, 50, 55, 57, 59, 69, 78, 119, 174, 188, 189, 220, 250, 299, 486, 502, 520, 522, 532, 534, 535, 544, 590, 645, 659, 660, 713, 758]","[4, 59, 232, 269, 299, 490, 535, 696, 728, 758]","[4, 59, 232, 269, 299, 490, 535, 696, 728, 758]",7/6 successful match,True,"[18, 19]",True,274,False,,,,,
"EI Centro , 92243 On The Go Travel Center ( Mobil )",760-352-0044 I-8 Exit 115 ( CA 86 S ),24,Centro,92243,On The Go Travel Center ( Mobil ),760-352-0044,2007,El Centro,CA,Mobil,( CA 86 S ),I-8 Exit 115 ,Exit,115,False,,False,I-8,,,,,"[299, 758]","[220, 299, 758]","[220, 299, 758]","[25, 39, 230, 284, 299, 449, 486, 520, 694, 743, 758, 897]","[103, 104, 105, 106, 107, 108, 109, 110, 111, 112, 113, 114, 115, 116, 117, 118, 119, 120, 121, 122, 123, 124, 125, 126, 127, 128, 129, 130, 131, 132, 133, 134, 135, 136, 137, 138, 139, 140, 141, 142, 143, 144, 145, 146, 147, 148, 149, 150, 151, 152, 153, 154, 155, 156, 157, 158, 159, 160, 161, 162, 163, 164, 165, 166, 167, 168, 169, 170, 171, 172, 173, 174, 175, 176, 177, 178, 179, 180, 181, 182, 183, 184, 185, 186, 187, 188, 189, 190, 191, 192, 193, 194, 195, 196, 197, 198, 199, 200, 201, 202, 203, 204, 205, 206, 207, 208, 209, 210, 211, 212, 213, 214, 215, 216, 217, 218, 219, 220, 221, 222, 223, 224, 225, 226, 227, 228, 229, 230, 231, 232, 233, 234, 235, 236, 237, 238, 239, 240, 241, 242, 243, 244, 245, 246, 247, 248, 249, 250, 251, 252, 253, 254, 255, 256, 257, 258, 259, 260, 261, 262, 263, 264, 265, 266, 267, 268, 269, 270, 271, 272, 273, 274, 275, 276, 277, 278, 279, 280, 281, 282, 283, 284, 285, 286, 287, 288, 289, 290, 291, 292, 293, 294, 295, 296, 297, 298, 299, 300, 301, 302, 303, 304, 305, 306, 307, 308, 309, 310, 311, 312, 313, 314, 315, 316, 317, 318, 319, 320, 321, 322, 323, 324, 325, 326, 327, 328, 329, 330, 331, 332, 333, 334, 335, 336, 337, 574, 575, 576, 577, 578, 579, 580, 581, 582, 583, 584, 585, 586, 587, 588, 589, 590, 591, 592, 593, 594, 595, 596, 597, 598, 599, 600, 601, 602, 603, 604, 605, 606, 607, 608, 609, 610, 611, 612, 613, 614, 615, 616, 617, 618, 619, 620, 621, 622, 623, 624, 625, 626, 627, 628, 629, 630, 631, 632, 633, 634, 635, 636, 637, 638, 639, 640, 641, 642, 643, 644, 645, 646, 647, 648, 649, 650, 651, 652, 653, 654, 655, 656, 657, 658, 659, 660, 661, 662, 663, 664, 665, 666, 667, 668, 669, 670, 671, 672, 673, 674, 675, 676, 677, 678, 679, 680, 681, 682, 683, 684, 685, 686, 687, 688, 689, 690, 691, 692, 693, 694, 695, 696, 697, 698, 699, 700, 701, 702, 703, 704, 705, 706, 707, 708, 709, 710, 711, 712, 713, 714, 715, 716, 717, 718, 719, 720, 721, 722, 723, 724, 725, 726, 727, 728, 729, 730, 731, 732, 733, 734, 735, 736, 737, 738, 739, 740, 741, 742, 743, 744, 745, 746, 747, 748, 749, 750, 751, 752, 753, 754, 755, 756, 757, 758, 759, 760, 761, 762, 763, 764, 765, 766, 767, 768, 769, 770, 771, 772, 773, 774, 775, 776, 777, 778, 779, 780, 781, 782, 783, 784, 785, 786, 787, 788, 789, 790, 791, 792, 793]","[17, 25, 39, 41, 50, 55, 57, 59, 69, 78, 119, 174, 188, 189, 220, 250, 299, 486, 502, 520, 522, 532, 534, 535, 544, 590, 645, 659, 660, 713, 758]","[4, 59, 232, 269, 299, 490, 535, 696, 728, 758]","[4, 59, 232, 269, 284, 285, 299, 490, 535, 696, 728, 743, 744, 758]","[4, 17, 25, 39, 41, 50, 55, 57, 59, 69, 78, 103, 104, 105, 106, 107, 108, 109, 110, 111, 112, 113, 114, 115, 116, 117, 118, 119, 120, 121, 122, 123, 124, 125, 126, 127, 128, 129, 130, 131, 132, 133, 134, 135, 136, 137, 138, 139, 140, 141, 142, 143, 144, 145, 146, 147, 148, 149, 150, 151, 152, 153, 154, 155, 156, 157, 158, 159, 160, 161, 162, 163, 164, 165, 166, 167, 168, 169, 170, 171, 172, 173, 174, 175, 176, 177, 178, 179, 180, 181, 182, 183, 184, 185, 186, 187, 188, 189, 190, 191, 192, 193, 194, 195, 196, 197, 198, 199, 200, 201, 202, 203, 204, 205, 206, 207, 208, 209, 210, 211, 212, 213, 214, 215, 216, 217, 218, 219, 220, 221, 222, 223, 224, 225, 226, 227, 228, 229, 230, 231, 232, 233, 234, 235, 236, 237, 238, 239, 240, 241, 242, 243, 244, 245, 246, 247, 248, 249, 250, 251, 252, 253, 254, 255, 256, 257, 258, 259, 260, 261, 262, 263, 264, 265, 266, 267, 268, 269, 270, 271, 272, 273, 274, 275, 276, 277, 278, 279, 280, 281, 282, 283, 284, 285, 286, 287, 288, 289, 290, 291, 292, 293, 294, 295, 296, 297, 298, 299, 300, 301, 302, 303, 304, 305, 306, 307, 308, 309, 310, 311, 312, 313, 314, 315, 316, 317, 318, 319, 320, 321, 322, 323, 324, 325, 326, 327, 328, 329, 330, 331, 332, 333, 334, 335, 336, 337, 449, 486, 490, 502, 520, 522, 532, 534, 535, 544, 574, 575, 576, 577, 578, 579, 580, 581, 582, 583, 584, 585, 586, 587, 588, 589, 590, 591, 592, 593, 594, 595, 596, 597, 598, 599, 600, 601, 602, 603, 604, 605, 606, 607, 608, 609, 610, 611, 612, 613, 614, 615, 616, 617, 618, 619, 620, 621, 622, 623, 624, 625, 626, 627, 628, 629, 630, 631, 632, 633, 634, 635, 636, 637, 638, 639, 640, 641, 642, 643, 644, 645, 646, 647, 648, 649, 650, 651, 652, 653, 654, 655, 656, 657, 658, 659, 660, 661, 662, 663, 664, 665, 666, 667, 668, 669, 670, 671, 672, 673, 674, 675, 676, 677, 678, 679, 680, 681, 682, 683, 684, 685, 686, 687, 688, 689, 690, 691, 692, 693, 694, 695, 696, 697, 698, 699, 700, 701, 702, 703, 704, 705, 706, 707, 708, 709, 710, 711, 712, 713, 714, 715, 716, 717, 718, 719, 720, 721, 722, 723, 724, 725, 726, 727, 728, 729, 730, 731, 732, 733, 734, 735, 736, 737, 738, 739, 740, 741, 742, 743, 744, 745, 746, 747, 748, 749, 750, 751, 752, 753, 754, 755, 756, 757, 758, 759, 760, 761, 762, 763, 764, 765, 766, 767, 768, 769, 770, 771, 772, 773, 774, 775, 776, 777, 778, 779, 780, 781, 782, 783, 784, 785, 786, 787, 788, 789, 790, 791, 792, 793, 897]",True,"[220, 299, 758]","[103, 104, 105, 106, 107, 108, 109, 110, 111, 112, 113, 114, 115, 116, 117, 118, 119, 120, 121, 122, 123, 124, 125, 126, 127, 128, 129, 130, 131, 132, 133, 134, 135, 136, 137, 138, 139, 140, 141, 142, 143, 144, 145, 146, 147, 148, 149, 150, 151, 152, 153, 154, 155, 156, 157, 158, 159, 160, 161, 162, 163, 164, 165, 166, 167, 168, 169, 170, 171, 172, 173, 174, 175, 176, 177, 178, 179, 180, 181, 182, 183, 184, 185, 186, 187, 188, 189, 190, 191, 192, 193, 194, 195, 196, 197, 198, 199, 200, 201, 202, 203, 204, 205, 206, 207, 208, 209, 210, 211, 212, 213, 214, 215, 216, 217, 218, 219, 220, 221, 222, 223, 224, 225, 226, 227, 228, 229, 230, 231, 232, 233, 234, 235, 236, 237, 238, 239, 240, 241, 242, 243, 244, 245, 246, 247, 248, 249, 250, 251, 252, 253, 254, 255, 256, 257, 258, 259, 260, 261, 262, 263, 264, 265, 266, 267, 268, 269, 270, 271, 272, 273, 274, 275, 276, 277, 278, 279, 280, 281, 282, 283, 284, 285, 286, 287, 288, 289, 290, 291, 292, 293, 294, 295, 296, 297, 298, 299, 300, 301, 302, 303, 304, 305, 306, 307, 308, 309, 310, 311, 312, 313, 314, 315, 316, 317, 318, 319, 320, 321, 322, 323, 324, 325, 326, 327, 328, 329, 330, 331, 332, 333, 334, 335, 336, 337, 574, 575, 576, 577, 578, 579, 580, 581, 582, 583, 584, 585, 586, 587, 588, 589, 590, 591, 592, 593, 594, 595, 596, 597, 598, 599, 600, 601, 602, 603, 604, 605, 606, 607, 608, 609, 610, 611, 612, 613, 614, 615, 616, 617, 618, 619, 620, 621, 622, 623, 624, 625, 626, 627, 628, 629, 630, 631, 632, 633, 634, 635, 636, 637, 638, 639, 640, 641, 642, 643, 644, 645, 646, 647, 648, 649, 650, 651, 652, 653, 654, 655, 656, 657, 658, 659, 660, 661, 662, 663, 664, 665, 666, 667, 668, 669, 670, 671, 672, 673, 674, 675, 676, 677, 678, 679, 680, 681, 682, 683, 684, 685, 686, 687, 688, 689, 690, 691, 692, 693, 694, 695, 696, 697, 698, 699, 700, 701, 702, 703, 704, 705, 706, 707, 708, 709, 710, 711, 712, 713, 714, 715, 716, 717, 718, 719, 720, 721, 722, 723, 724, 725, 726, 727, 728, 729, 730, 731, 732, 733, 734, 735, 736, 737, 738, 739, 740, 741, 742, 743, 744, 745, 746, 747, 748, 749, 750, 751, 752, 753, 754, 755, 756, 757, 758, 759, 760, 761, 762, 763, 764, 765, 766, 767, 768, 769, 770, 771, 772, 773, 774, 775, 776, 777, 778, 779, 780, 781, 782, 783, 784, 785, 786, 787, 788, 789, 790, 791, 792, 793]","[220, 299, 758]","[25, 39, 230, 284, 299, 449, 486, 520, 694, 743, 758, 897]","[17, 25, 39, 41, 50, 55, 57, 59, 69, 78, 119, 174, 188, 189, 220, 250, 299, 486, 502, 520, 522, 532, 534, 535, 544, 590, 645, 659, 660, 713, 758]","[4, 59, 232, 269, 284, 285, 299, 490, 535, 696, 728, 743, 744, 758]","[4, 59, 232, 269, 299, 490, 535, 696, 728, 758]",7/6 successful match,True,"[18, 19]",True,274,False,,0.7238805970149254,True,Imperial 8 Travel Center ( Mobil ),Mobil
"El Centro , 92243 On The Go Travel Center ( Mobil )",6 760-352-0044 I-8 Exit 115 ( CA 86 S ),24 HRS XL,El Centro,92243,On The Go Travel Center ( Mobil ),760-352-0044,2008,El Centro,CA,Mobil,( CA 86 S ),I-8 Exit 115 ,Exit,115,False,,False,I-8,,,,,"[299, 758]","[220, 299, 758]","[220, 299, 758]","[25, 39, 230, 284, 299, 449, 486, 520, 694, 743, 758, 897]","[103, 104, 105, 106, 107, 108, 109, 110, 111, 112, 113, 114, 115, 116, 117, 118, 119, 120, 121, 122, 123, 124, 125, 126, 127, 128, 129, 130, 131, 132, 133, 134, 135, 136, 137, 138, 139, 140, 141, 142, 143, 144, 145, 146, 147, 148, 149, 150, 151, 152, 153, 154, 155, 156, 157, 158, 159, 160, 161, 162, 163, 164, 165, 166, 167, 168, 169, 170, 171, 172, 173, 174, 175, 176, 177, 178, 179, 180, 181, 182, 183, 184, 185, 186, 187, 188, 189, 190, 191, 192, 193, 194, 195, 196, 197, 198, 199, 200, 201, 202, 203, 204, 205, 206, 207, 208, 209, 210, 211, 212, 213, 214, 215, 216, 217, 218, 219, 220, 221, 222, 223, 224, 225, 226, 227, 228, 229, 230, 231, 232, 233, 234, 235, 236, 237, 238, 239, 240, 241, 242, 243, 244, 245, 246, 247, 248, 249, 250, 251, 252, 253, 254, 255, 256, 257, 258, 259, 260, 261, 262, 263, 264, 265, 266, 267, 268, 269, 270, 271, 272, 273, 274, 275, 276, 277, 278, 279, 280, 281, 282, 283, 284, 285, 286, 287, 288, 289, 290, 291, 292, 293, 294, 295, 296, 297, 298, 299, 300, 301, 302, 303, 304, 305, 306, 307, 308, 309, 310, 311, 312, 313, 314, 315, 316, 317, 318, 319, 320, 321, 322, 323, 324, 325, 326, 327, 328, 329, 330, 331, 332, 333, 334, 335, 336, 337, 574, 575, 576, 577, 578, 579, 580, 581, 582, 583, 584, 585, 586, 587, 588, 589, 590, 591, 592, 593, 594, 595, 596, 597, 598, 599, 600, 601, 602, 603, 604, 605, 606, 607, 608, 609, 610, 611, 612, 613, 614, 615, 616, 617, 618, 619, 620, 621, 622, 623, 624, 625, 626, 627, 628, 629, 630, 631, 632, 633, 634, 635, 636, 637, 638, 639, 640, 641, 642, 643, 644, 645, 646, 647, 648, 649, 650, 651, 652, 653, 654, 655, 656, 657, 658, 659, 660, 661, 662, 663, 664, 665, 666, 667, 668, 669, 670, 671, 672, 673, 674, 675, 676, 677, 678, 679, 680, 681, 682, 683, 684, 685, 686, 687, 688, 689, 690, 691, 692, 693, 694, 695, 696, 697, 698, 699, 700, 701, 702, 703, 704, 705, 706, 707, 708, 709, 710, 711, 712, 713, 714, 715, 716, 717, 718, 719, 720, 721, 722, 723, 724, 725, 726, 727, 728, 729, 730, 731, 732, 733, 734, 735, 736, 737, 738, 739, 740, 741, 742, 743, 744, 745, 746, 747, 748, 749, 750, 751, 752, 753, 754, 755, 756, 757, 758, 759, 760, 761, 762, 763, 764, 765, 766, 767, 768, 769, 770, 771, 772, 773, 774, 775, 776, 777, 778, 779, 780, 781, 782, 783, 784, 785, 786, 787, 788, 789, 790, 791, 792, 793]","[17, 25, 39, 41, 50, 55, 57, 59, 69, 78, 119, 174, 188, 189, 220, 250, 299, 486, 502, 520, 522, 532, 534, 535, 544, 590, 645, 659, 660, 713, 758]","[4, 59, 232, 269, 299, 490, 535, 696, 728, 758]","[4, 59, 232, 269, 284, 285, 299, 490, 535, 696, 728, 743, 744, 758]","[4, 17, 25, 39, 41, 50, 55, 57, 59, 69, 78, 103, 104, 105, 106, 107, 108, 109, 110, 111, 112, 113, 114, 115, 116, 117, 118, 119, 120, 121, 122, 123, 124, 125, 126, 127, 128, 129, 130, 131, 132, 133, 134, 135, 136, 137, 138, 139, 140, 141, 142, 143, 144, 145, 146, 147, 148, 149, 150, 151, 152, 153, 154, 155, 156, 157, 158, 159, 160, 161, 162, 163, 164, 165, 166, 167, 168, 169, 170, 171, 172, 173, 174, 175, 176, 177, 178, 179, 180, 181, 182, 183, 184, 185, 186, 187, 188, 189, 190, 191, 192, 193, 194, 195, 196, 197, 198, 199, 200, 201, 202, 203, 204, 205, 206, 207, 208, 209, 210, 211, 212, 213, 214, 215, 216, 217, 218, 219, 220, 221, 222, 223, 224, 225, 226, 227, 228, 229, 230, 231, 232, 233, 234, 235, 236, 237, 238, 239, 240, 241, 242, 243, 244, 245, 246, 247, 248, 249, 250, 251, 252, 253, 254, 255, 256, 257, 258, 259, 260, 261, 262, 263, 264, 265, 266, 267, 268, 269, 270, 271, 272, 273, 274, 275, 276, 277, 278, 279, 280, 281, 282, 283, 284, 285, 286, 287, 288, 289, 290, 291, 292, 293, 294, 295, 296, 297, 298, 299, 300, 301, 302, 303, 304, 305, 306, 307, 308, 309, 310, 311, 312, 313, 314, 315, 316, 317, 318, 319, 320, 321, 322, 323, 324, 325, 326, 327, 328, 329, 330, 331, 332, 333, 334, 335, 336, 337, 449, 486, 490, 502, 520, 522, 532, 534, 535, 544, 574, 575, 576, 577, 578, 579, 580, 581, 582, 583, 584, 585, 586, 587, 588, 589, 590, 591, 592, 593, 594, 595, 596, 597, 598, 599, 600, 601, 602, 603, 604, 605, 606, 607, 608, 609, 610, 611, 612, 613, 614, 615, 616, 617, 618, 619, 620, 621, 622, 623, 624, 625, 626, 627, 628, 629, 630, 631, 632, 633, 634, 635, 636, 637, 638, 639, 640, 641, 642, 643, 644, 645, 646, 647, 648, 649, 650, 651, 652, 653, 654, 655, 656, 657, 658, 659, 660, 661, 662, 663, 664, 665, 666, 667, 668, 669, 670, 671, 672, 673, 674, 675, 676, 677, 678, 679, 680, 681, 682, 683, 684, 685, 686, 687, 688, 689, 690, 691, 692, 693, 694, 695, 696, 697, 698, 699, 700, 701, 702, 703, 704, 705, 706, 707, 708, 709, 710, 711, 712, 713, 714, 715, 716, 717, 718, 719, 720, 721, 722, 723, 724, 725, 726, 727, 728, 729, 730, 731, 732, 733, 734, 735, 736, 737, 738, 739, 740, 741, 742, 743, 744, 745, 746, 747, 748, 749, 750, 751, 752, 753, 754, 755, 756, 757, 758, 759, 760, 761, 762, 763, 764, 765, 766, 767, 768, 769, 770, 771, 772, 773, 774, 775, 776, 777, 778, 779, 780, 781, 782, 783, 784, 785, 786, 787, 788, 789, 790, 791, 792, 793, 897]",True,"[220, 299, 758]","[103, 104, 105, 106, 107, 108, 109, 110, 111, 112, 113, 114, 115, 116, 117, 118, 119, 120, 121, 122, 123, 124, 125, 126, 127, 128, 129, 130, 131, 132, 133, 134, 135, 136, 137, 138, 139, 140, 141, 142, 143, 144, 145, 146, 147, 148, 149, 150, 151, 152, 153, 154, 155, 156, 157, 158, 159, 160, 161, 162, 163, 164, 165, 166, 167, 168, 169, 170, 171, 172, 173, 174, 175, 176, 177, 178, 179, 180, 181, 182, 183, 184, 185, 186, 187, 188, 189, 190, 191, 192, 193, 194, 195, 196, 197, 198, 199, 200, 201, 202, 203, 204, 205, 206, 207, 208, 209, 210, 211, 212, 213, 214, 215, 216, 217, 218, 219, 220, 221, 222, 223, 224, 225, 226, 227, 228, 229, 230, 231, 232, 233, 234, 235, 236, 237, 238, 239, 240, 241, 242, 243, 244, 245, 246, 247, 248, 249, 250, 251, 252, 253, 254, 255, 256, 257, 258, 259, 260, 261, 262, 263, 264, 265, 266, 267, 268, 269, 270, 271, 272, 273, 274, 275, 276, 277, 278, 279, 280, 281, 282, 283, 284, 285, 286, 287, 288, 289, 290, 291, 292, 293, 294, 295, 296, 297, 298, 299, 300, 301, 302, 303, 304, 305, 306, 307, 308, 309, 310, 311, 312, 313, 314, 315, 316, 317, 318, 319, 320, 321, 322, 323, 324, 325, 326, 327, 328, 329, 330, 331, 332, 333, 334, 335, 336, 337, 574, 575, 576, 577, 578, 579, 580, 581, 582, 583, 584, 585, 586, 587, 588, 589, 590, 591, 592, 593, 594, 595, 596, 597, 598, 599, 600, 601, 602, 603, 604, 605, 606, 607, 608, 609, 610, 611, 612, 613, 614, 615, 616, 617, 618, 619, 620, 621, 622, 623, 624, 625, 626, 627, 628, 629, 630, 631, 632, 633, 634, 635, 636, 637, 638, 639, 640, 641, 642, 643, 644, 645, 646, 647, 648, 649, 650, 651, 652, 653, 654, 655, 656, 657, 658, 659, 660, 661, 662, 663, 664, 665, 666, 667, 668, 669, 670, 671, 672, 673, 674, 675, 676, 677, 678, 679, 680, 681, 682, 683, 684, 685, 686, 687, 688, 689, 690, 691, 692, 693, 694, 695, 696, 697, 698, 699, 700, 701, 702, 703, 704, 705, 706, 707, 708, 709, 710, 711, 712, 713, 714, 715, 716, 717, 718, 719, 720, 721, 722, 723, 724, 725, 726, 727, 728, 729, 730, 731, 732, 733, 734, 735, 736, 737, 738, 739, 740, 741, 742, 743, 744, 745, 746, 747, 748, 749, 750, 751, 752, 753, 754, 755, 756, 757, 758, 759, 760, 761, 762, 763, 764, 765, 766, 767, 768, 769, 770, 771, 772, 773, 774, 775, 776, 777, 778, 779, 780, 781, 782, 783, 784, 785, 786, 787, 788, 789, 790, 791, 792, 793]","[220, 299, 758]","[25, 39, 230, 284, 299, 449, 486, 520, 694, 743, 758, 897]","[17, 25, 39, 41, 50, 55, 57, 59, 69, 78, 119, 174, 188, 189, 220, 250, 299, 486, 502, 520, 522, 532, 534, 535, 544, 590, 645, 659, 660, 713, 758]","[4, 59, 232, 269, 284, 285, 299, 490, 535, 696, 728, 743, 744, 758]","[4, 59, 232, 269, 299, 490, 535, 696, 728, 758]",7/6 successful match,True,"[18, 19]",True,274,False,,1.0,True,On The Go Travel Center ( Mobil ),Mobil
J El Centro ( 92243 ) Super Stop Travel Center ( Mobil ),6 760-352-0044 I-8 Exit 115 ( CA 86 S - W on Wake ),24 XL,El Centro,92243,Super Stop Travel Center ( Mobil ),760-352-0044,2014,El Centro,CA,Mobil,( CA 86 S - W on Wake ),I-8 Exit 115 ,Exit,115,False,,False,I-8,,,,,"[299, 758]","[220, 299, 758]","[220, 299, 758]","[25, 39, 230, 284, 299, 449, 486, 520, 694, 743, 758, 897]","[103, 104, 105, 106, 107, 108, 109, 110, 111, 112, 113, 114, 115, 116, 117, 118, 119, 120, 121, 122, 123, 124, 125, 126, 127, 128, 129, 130, 131, 132, 133, 134, 135, 136, 137, 138, 139, 140, 141, 142, 143, 144, 145, 146, 147, 148, 149, 150, 151, 152, 153, 154, 155, 156, 157, 158, 159, 160, 161, 162, 163, 164, 165, 166, 167, 168, 169, 170, 171, 172, 173, 174, 175, 176, 177, 178, 179, 180, 181, 182, 183, 184, 185, 186, 187, 188, 189, 190, 191, 192, 193, 194, 195, 196, 197, 198, 199, 200, 201, 202, 203, 204, 205, 206, 207, 208, 209, 210, 211, 212, 213, 214, 215, 216, 217, 218, 219, 220, 221, 222, 223, 224, 225, 226, 227, 228, 229, 230, 231, 232, 233, 234, 235, 236, 237, 238, 239, 240, 241, 242, 243, 244, 245, 246, 247, 248, 249, 250, 251, 252, 253, 254, 255, 256, 257, 258, 259, 260, 261, 262, 263, 264, 265, 266, 267, 268, 269, 270, 271, 272, 273, 274, 275, 276, 277, 278, 279, 280, 281, 282, 283, 284, 285, 286, 287, 288, 289, 290, 291, 292, 293, 294, 295, 296, 297, 298, 299, 300, 301, 302, 303, 304, 305, 306, 307, 308, 309, 310, 311, 312, 313, 314, 315, 316, 317, 318, 319, 320, 321, 322, 323, 324, 325, 326, 327, 328, 329, 330, 331, 332, 333, 334, 335, 336, 337, 574, 575, 576, 577, 578, 579, 580, 581, 582, 583, 584, 585, 586, 587, 588, 589, 590, 591, 592, 593, 594, 595, 596, 597, 598, 599, 600, 601, 602, 603, 604, 605, 606, 607, 608, 609, 610, 611, 612, 613, 614, 615, 616, 617, 618, 619, 620, 621, 622, 623, 624, 625, 626, 627, 628, 629, 630, 631, 632, 633, 634, 635, 636, 637, 638, 639, 640, 641, 642, 643, 644, 645, 646, 647, 648, 649, 650, 651, 652, 653, 654, 655, 656, 657, 658, 659, 660, 661, 662, 663, 664, 665, 666, 667, 668, 669, 670, 671, 672, 673, 674, 675, 676, 677, 678, 679, 680, 681, 682, 683, 684, 685, 686, 687, 688, 689, 690, 691, 692, 693, 694, 695, 696, 697, 698, 699, 700, 701, 702, 703, 704, 705, 706, 707, 708, 709, 710, 711, 712, 713, 714, 715, 716, 717, 718, 719, 720, 721, 722, 723, 724, 725, 726, 727, 728, 729, 730, 731, 732, 733, 734, 735, 736, 737, 738, 739, 740, 741, 742, 743, 744, 745, 746, 747, 748, 749, 750, 751, 752, 753, 754, 755, 756, 757, 758, 759, 760, 761, 762, 763, 764, 765, 766, 767, 768, 769, 770, 771, 772, 773, 774, 775, 776, 777, 778, 779, 780, 781, 782, 783, 784, 785, 786, 787, 788, 789, 790, 791, 792, 793]","[17, 25, 39, 41, 50, 55, 57, 59, 69, 78, 119, 174, 188, 189, 220, 250, 299, 486, 502, 520, 522, 532, 534, 535, 544, 590, 645, 659, 660, 713, 758]","[4, 59, 232, 269, 299, 490, 535, 696, 728, 758]","[4, 59, 232, 269, 299, 490, 535, 696, 728, 758]","[4, 17, 25, 39, 41, 50, 55, 57, 59, 69, 78, 103, 104, 105, 106, 107, 108, 109, 110, 111, 112, 113, 114, 115, 116, 117, 118, 119, 120, 121, 122, 123, 124, 125, 126, 127, 128, 129, 130, 131, 132, 133, 134, 135, 136, 137, 138, 139, 140, 141, 142, 143, 144, 145, 146, 147, 148, 149, 150, 151, 152, 153, 154, 155, 156, 157, 158, 159, 160, 161, 162, 163, 164, 165, 166, 167, 168, 169, 170, 171, 172, 173, 174, 175, 176, 177, 178, 179, 180, 181, 182, 183, 184, 185, 186, 187, 188, 189, 190, 191, 192, 193, 194, 195, 196, 197, 198, 199, 200, 201, 202, 203, 204, 205, 206, 207, 208, 209, 210, 211, 212, 213, 214, 215, 216, 217, 218, 219, 220, 221, 222, 223, 224, 225, 226, 227, 228, 229, 230, 231, 232, 233, 234, 235, 236, 237, 238, 239, 240, 241, 242, 243, 244, 245, 246, 247, 248, 249, 250, 251, 252, 253, 254, 255, 256, 257, 258, 259, 260, 261, 262, 263, 264, 265, 266, 267, 268, 269, 270, 271, 272, 273, 274, 275, 276, 277, 278, 279, 280, 281, 282, 283, 284, 285, 286, 287, 288, 289, 290, 291, 292, 293, 294, 295, 296, 297, 298, 299, 300, 301, 302, 303, 304, 305, 306, 307, 308, 309, 310, 311, 312, 313, 314, 315, 316, 317, 318, 319, 320, 321, 322, 323, 324, 325, 326, 327, 328, 329, 330, 331, 332, 333, 334, 335, 336, 337, 449, 486, 490, 502, 520, 522, 532, 534, 535, 544, 574, 575, 576, 577, 578, 579, 580, 581, 582, 583, 584, 585, 586, 587, 588, 589, 590, 591, 592, 593, 594, 595, 596, 597, 598, 599, 600, 601, 602, 603, 604, 605, 606, 607, 608, 609, 610, 611, 612, 613, 614, 615, 616, 617, 618, 619, 620, 621, 622, 623, 624, 625, 626, 627, 628, 629, 630, 631, 632, 633, 634, 635, 636, 637, 638, 639, 640, 641, 642, 643, 644, 645, 646, 647, 648, 649, 650, 651, 652, 653, 654, 655, 656, 657, 658, 659, 660, 661, 662, 663, 664, 665, 666, 667, 668, 669, 670, 671, 672, 673, 674, 675, 676, 677, 678, 679, 680, 681, 682, 683, 684, 685, 686, 687, 688, 689, 690, 691, 692, 693, 694, 695, 696, 697, 698, 699, 700, 701, 702, 703, 704, 705, 706, 707, 708, 709, 710, 711, 712, 713, 714, 715, 716, 717, 718, 719, 720, 721, 722, 723, 724, 725, 726, 727, 728, 729, 730, 731, 732, 733, 734, 735, 736, 737, 738, 739, 740, 741, 742, 743, 744, 745, 746, 747, 748, 749, 750, 751, 752, 753, 754, 755, 756, 757, 758, 759, 760, 761, 762, 763, 764, 765, 766, 767, 768, 769, 770, 771, 772, 773, 774, 775, 776, 777, 778, 779, 780, 781, 782, 783, 784, 785, 786, 787, 788, 789, 790, 791, 792, 793, 897]",True,"[220, 299, 758]","[103, 104, 105, 106, 107, 108, 109, 110, 111, 112, 113, 114, 115, 116, 117, 118, 119, 120, 121, 122, 123, 124, 125, 126, 127, 128, 129, 130, 131, 132, 133, 134, 135, 136, 137, 138, 139, 140, 141, 142, 143, 144, 145, 146, 147, 148, 149, 150, 151, 152, 153, 154, 155, 156, 157, 158, 159, 160, 161, 162, 163, 164, 165, 166, 167, 168, 169, 170, 171, 172, 173, 174, 175, 176, 177, 178, 179, 180, 181, 182, 183, 184, 185, 186, 187, 188, 189, 190, 191, 192, 193, 194, 195, 196, 197, 198, 199, 200, 201, 202, 203, 204, 205, 206, 207, 208, 209, 210, 211, 212, 213, 214, 215, 216, 217, 218, 219, 220, 221, 222, 223, 224, 225, 226, 227, 228, 229, 230, 231, 232, 233, 234, 235, 236, 237, 238, 239, 240, 241, 242, 243, 244, 245, 246, 247, 248, 249, 250, 251, 252, 253, 254, 255, 256, 257, 258, 259, 260, 261, 262, 263, 264, 265, 266, 267, 268, 269, 270, 271, 272, 273, 274, 275, 276, 277, 278, 279, 280, 281, 282, 283, 284, 285, 286, 287, 288, 289, 290, 291, 292, 293, 294, 295, 296, 297, 298, 299, 300, 301, 302, 303, 304, 305, 306, 307, 308, 309, 310, 311, 312, 313, 314, 315, 316, 317, 318, 319, 320, 321, 322, 323, 324, 325, 326, 327, 328, 329, 330, 331, 332, 333, 334, 335, 336, 337, 574, 575, 576, 577, 578, 579, 580, 581, 582, 583, 584, 585, 586, 587, 588, 589, 590, 591, 592, 593, 594, 595, 596, 597, 598, 599, 600, 601, 602, 603, 604, 605, 606, 607, 608, 609, 610, 611, 612, 613, 614, 615, 616, 617, 618, 619, 620, 621, 622, 623, 624, 625, 626, 627, 628, 629, 630, 631, 632, 633, 634, 635, 636, 637, 638, 639, 640, 641, 642, 643, 644, 645, 646, 647, 648, 649, 650, 651, 652, 653, 654, 655, 656, 657, 658, 659, 660, 661, 662, 663, 664, 665, 666, 667, 668, 669, 670, 671, 672, 673, 674, 675, 676, 677, 678, 679, 680, 681, 682, 683, 684, 685, 686, 687, 688, 689, 690, 691, 692, 693, 694, 695, 696, 697, 698, 699, 700, 701, 702, 703, 704, 705, 706, 707, 708, 709, 710, 711, 712, 713, 714, 715, 716, 717, 718, 719, 720, 721, 722, 723, 724, 725, 726, 727, 728, 729, 730, 731, 732, 733, 734, 735, 736, 737, 738, 739, 740, 741, 742, 743, 744, 745, 746, 747, 748, 749, 750, 751, 752, 753, 754, 755, 756, 757, 758, 759, 760, 761, 762, 763, 764, 765, 766, 767, 768, 769, 770, 771, 772, 773, 774, 775, 776, 777, 778, 779, 780, 781, 782, 783, 784, 785, 786, 787, 788, 789, 790, 791, 792, 793]","[220, 299, 758]","[25, 39, 230, 284, 299, 449, 486, 520, 694, 743, 758, 897]","[17, 25, 39, 41, 50, 55, 57, 59, 69, 78, 119, 174, 188, 189, 220, 250, 299, 486, 502, 520, 522, 532, 534, 535, 544, 590, 645, 659, 660, 713, 758]","[4, 59, 232, 269, 299, 490, 535, 696, 728, 758]","[4, 59, 232, 269, 299, 490, 535, 696, 728, 758]",7/6 successful match,True,"[18, 19]",True,274,False,,0.7417910447761193,True,On The Go Travel Center ( Mobil ),Mobil
EI Centro ( 92243 ) Super Stop Travel Center ( Mobil ),6 760-352-0044 I-8 Exit 115 ( CA 86 S - W on Wake ),38 24 XL,Centro,92243,Super Stop Travel Center ( Mobil ),760-352-0044,2015,El Centro,CA,Mobil,( CA 86 S - W on Wake ),I-8 Exit 115 ,Exit,115,False,,False,I-8,,,,,"[299, 758]","[220, 299, 758]","[220, 299, 758]","[25, 39, 230, 284, 299, 449, 486, 520, 694, 743, 758, 897]","[103, 104, 105, 106, 107, 108, 109, 110, 111, 112, 113, 114, 115, 116, 117, 118, 119, 120, 121, 122, 123, 124, 125, 126, 127, 128, 129, 130, 131, 132, 133, 134, 135, 136, 137, 138, 139, 140, 141, 142, 143, 144, 145, 146, 147, 148, 149, 150, 151, 152, 153, 154, 155, 156, 157, 158, 159, 160, 161, 162, 163, 164, 165, 166, 167, 168, 169, 170, 171, 172, 173, 174, 175, 176, 177, 178, 179, 180, 181, 182, 183, 184, 185, 186, 187, 188, 189, 190, 191, 192, 193, 194, 195, 196, 197, 198, 199, 200, 201, 202, 203, 204, 205, 206, 207, 208, 209, 210, 211, 212, 213, 214, 215, 216, 217, 218, 219, 220, 221, 222, 223, 224, 225, 226, 227, 228, 229, 230, 231, 232, 233, 234, 235, 236, 237, 238, 239, 240, 241, 242, 243, 244, 245, 246, 247, 248, 249, 250, 251, 252, 253, 254, 255, 256, 257, 258, 259, 260, 261, 262, 263, 264, 265, 266, 267, 268, 269, 270, 271, 272, 273, 274, 275, 276, 277, 278, 279, 280, 281, 282, 283, 284, 285, 286, 287, 288, 289, 290, 291, 292, 293, 294, 295, 296, 297, 298, 299, 300, 301, 302, 303, 304, 305, 306, 307, 308, 309, 310, 311, 312, 313, 314, 315, 316, 317, 318, 319, 320, 321, 322, 323, 324, 325, 326, 327, 328, 329, 330, 331, 332, 333, 334, 335, 336, 337, 574, 575, 576, 577, 578, 579, 580, 581, 582, 583, 584, 585, 586, 587, 588, 589, 590, 591, 592, 593, 594, 595, 596, 597, 598, 599, 600, 601, 602, 603, 604, 605, 606, 607, 608, 609, 610, 611, 612, 613, 614, 615, 616, 617, 618, 619, 620, 621, 622, 623, 624, 625, 626, 627, 628, 629, 630, 631, 632, 633, 634, 635, 636, 637, 638, 639, 640, 641, 642, 643, 644, 645, 646, 647, 648, 649, 650, 651, 652, 653, 654, 655, 656, 657, 658, 659, 660, 661, 662, 663, 664, 665, 666, 667, 668, 669, 670, 671, 672, 673, 674, 675, 676, 677, 678, 679, 680, 681, 682, 683, 684, 685, 686, 687, 688, 689, 690, 691, 692, 693, 694, 695, 696, 697, 698, 699, 700, 701, 702, 703, 704, 705, 706, 707, 708, 709, 710, 711, 712, 713, 714, 715, 716, 717, 718, 719, 720, 721, 722, 723, 724, 725, 726, 727, 728, 729, 730, 731, 732, 733, 734, 735, 736, 737, 738, 739, 740, 741, 742, 743, 744, 745, 746, 747, 748, 749, 750, 751, 752, 753, 754, 755, 756, 757, 758, 759, 760, 761, 762, 763, 764, 765, 766, 767, 768, 769, 770, 771, 772, 773, 774, 775, 776, 777, 778, 779, 780, 781, 782, 783, 784, 785, 786, 787, 788, 789, 790, 791, 792, 793]","[17, 25, 39, 41, 50, 55, 57, 59, 69, 78, 119, 174, 188, 189, 220, 250, 299, 486, 502, 520, 522, 532, 534, 535, 544, 590, 645, 659, 660, 713, 758]","[4, 59, 232, 269, 299, 490, 535, 696, 728, 758]","[4, 59, 232, 269, 299, 490, 535, 696, 728, 758]","[4, 17, 25, 39, 41, 50, 55, 57, 59, 69, 78, 103, 104, 105, 106, 107, 108, 109, 110, 111, 112, 113, 114, 115, 116, 117, 118, 119, 120, 121, 122, 123, 124, 125, 126, 127, 128, 129, 130, 131, 132, 133, 134, 135, 136, 137, 138, 139, 140, 141, 142, 143, 144, 145, 146, 147, 148, 149, 150, 151, 152, 153, 154, 155, 156, 157, 158, 159, 160, 161, 162, 163, 164, 165, 166, 167, 168, 169, 170, 171, 172, 173, 174, 175, 176, 177, 178, 179, 180, 181, 182, 183, 184, 185, 186, 187, 188, 189, 190, 191, 192, 193, 194, 195, 196, 197, 198, 199, 200, 201, 202, 203, 204, 205, 206, 207, 208, 209, 210, 211, 212, 213, 214, 215, 216, 217, 218, 219, 220, 221, 222, 223, 224, 225, 226, 227, 228, 229, 230, 231, 232, 233, 234, 235, 236, 237, 238, 239, 240, 241, 242, 243, 244, 245, 246, 247, 248, 249, 250, 251, 252, 253, 254, 255, 256, 257, 258, 259, 260, 261, 262, 263, 264, 265, 266, 267, 268, 269, 270, 271, 272, 273, 274, 275, 276, 277, 278, 279, 280, 281, 282, 283, 284, 285, 286, 287, 288, 289, 290, 291, 292, 293, 294, 295, 296, 297, 298, 299, 300, 301, 302, 303, 304, 305, 306, 307, 308, 309, 310, 311, 312, 313, 314, 315, 316, 317, 318, 319, 320, 321, 322, 323, 324, 325, 326, 327, 328, 329, 330, 331, 332, 333, 334, 335, 336, 337, 449, 486, 490, 502, 520, 522, 532, 534, 535, 544, 574, 575, 576, 577, 578, 579, 580, 581, 582, 583, 584, 585, 586, 587, 588, 589, 590, 591, 592, 593, 594, 595, 596, 597, 598, 599, 600, 601, 602, 603, 604, 605, 606, 607, 608, 609, 610, 611, 612, 613, 614, 615, 616, 617, 618, 619, 620, 621, 622, 623, 624, 625, 626, 627, 628, 629, 630, 631, 632, 633, 634, 635, 636, 637, 638, 639, 640, 641, 642, 643, 644, 645, 646, 647, 648, 649, 650, 651, 652, 653, 654, 655, 656, 657, 658, 659, 660, 661, 662, 663, 664, 665, 666, 667, 668, 669, 670, 671, 672, 673, 674, 675, 676, 677, 678, 679, 680, 681, 682, 683, 684, 685, 686, 687, 688, 689, 690, 691, 692, 693, 694, 695, 696, 697, 698, 699, 700, 701, 702, 703, 704, 705, 706, 707, 708, 709, 710, 711, 712, 713, 714, 715, 716, 717, 718, 719, 720, 721, 722, 723, 724, 725, 726, 727, 728, 729, 730, 731, 732, 733, 734, 735, 736, 737, 738, 739, 740, 741, 742, 743, 744, 745, 746, 747, 748, 749, 750, 751, 752, 753, 754, 755, 756, 757, 758, 759, 760, 761, 762, 763, 764, 765, 766, 767, 768, 769, 770, 771, 772, 773, 774, 775, 776, 777, 778, 779, 780, 781, 782, 783, 784, 785, 786, 787, 788, 789, 790, 791, 792, 793, 897]",True,"[220, 299, 758]","[103, 104, 105, 106, 107, 108, 109, 110, 111, 112, 113, 114, 115, 116, 117, 118, 119, 120, 121, 122, 123, 124, 125, 126, 127, 128, 129, 130, 131, 132, 133, 134, 135, 136, 137, 138, 139, 140, 141, 142, 143, 144, 145, 146, 147, 148, 149, 150, 151, 152, 153, 154, 155, 156, 157, 158, 159, 160, 161, 162, 163, 164, 165, 166, 167, 168, 169, 170, 171, 172, 173, 174, 175, 176, 177, 178, 179, 180, 181, 182, 183, 184, 185, 186, 187, 188, 189, 190, 191, 192, 193, 194, 195, 196, 197, 198, 199, 200, 201, 202, 203, 204, 205, 206, 207, 208, 209, 210, 211, 212, 213, 214, 215, 216, 217, 218, 219, 220, 221, 222, 223, 224, 225, 226, 227, 228, 229, 230, 231, 232, 233, 234, 235, 236, 237, 238, 239, 240, 241, 242, 243, 244, 245, 246, 247, 248, 249, 250, 251, 252, 253, 254, 255, 256, 257, 258, 259, 260, 261, 262, 263, 264, 265, 266, 267, 268, 269, 270, 271, 272, 273, 274, 275, 276, 277, 278, 279, 280, 281, 282, 283, 284, 285, 286, 287, 288, 289, 290, 291, 292, 293, 294, 295, 296, 297, 298, 299, 300, 301, 302, 303, 304, 305, 306, 307, 308, 309, 310, 311, 312, 313, 314, 315, 316, 317, 318, 319, 320, 321, 322, 323, 324, 325, 326, 327, 328, 329, 330, 331, 332, 333, 334, 335, 336, 337, 574, 575, 576, 577, 578, 579, 580, 581, 582, 583, 584, 585, 586, 587, 588, 589, 590, 591, 592, 593, 594, 595, 596, 597, 598, 599, 600, 601, 602, 603, 604, 605, 606, 607, 608, 609, 610, 611, 612, 613, 614, 615, 616, 617, 618, 619, 620, 621, 622, 623, 624, 625, 626, 627, 628, 629, 630, 631, 632, 633, 634, 635, 636, 637, 638, 639, 640, 641, 642, 643, 644, 645, 646, 647, 648, 649, 650, 651, 652, 653, 654, 655, 656, 657, 658, 659, 660, 661, 662, 663, 664, 665, 666, 667, 668, 669, 670, 671, 672, 673, 674, 675, 676, 677, 678, 679, 680, 681, 682, 683, 684, 685, 686, 687, 688, 689, 690, 691, 692, 693, 694, 695, 696, 697, 698, 699, 700, 701, 702, 703, 704, 705, 706, 707, 708, 709, 710, 711, 712, 713, 714, 715, 716, 717, 718, 719, 720, 721, 722, 723, 724, 725, 726, 727, 728, 729, 730, 731, 732, 733, 734, 735, 736, 737, 738, 739, 740, 741, 742, 743, 744, 745, 746, 747, 748, 749, 750, 751, 752, 753, 754, 755, 756, 757, 758, 759, 760, 761, 762, 763, 764, 765, 766, 767, 768, 769, 770, 771, 772, 773, 774, 775, 776, 777, 778, 779, 780, 781, 782, 783, 784, 785, 786, 787, 788, 789, 790, 791, 792, 793]","[220, 299, 758]","[25, 39, 230, 284, 299, 449, 486, 520, 694, 743, 758, 897]","[17, 25, 39, 41, 50, 55, 57, 59, 69, 78, 119, 174, 188, 189, 220, 250, 299, 486, 502, 520, 522, 532, 534, 535, 544, 590, 645, 659, 660, 713, 758]","[4, 59, 232, 269, 299, 490, 535, 696, 728, 758]","[4, 59, 232, 269, 299, 490, 535, 696, 728, 758]",7/6 successful match,True,"[18, 19]",True,274,False,,1.0,True,Super Stop Travel Center ( Mobil ),Mobil
EI Centro ( 92243 ) Super Stop Travel Center ( Mobil ),760-352-0044 I-8 Exit 115 ( CA 86 S - W on Wake ),24 XL,Centro,92243,Super Stop Travel Center ( Mobil ),760-352-0044,2016,El Centro,CA,Mobil,( CA 86 S - W on Wake ),I-8 Exit 115 ,Exit,115,False,,False,I-8,,,,,"[299, 758]","[220, 299, 758]","[220, 299, 758]","[25, 39, 230, 284, 299, 449, 486, 520, 694, 743, 758, 897]","[103, 104, 105, 106, 107, 108, 109, 110, 111, 112, 113, 114, 115, 116, 117, 118, 119, 120, 121, 122, 123, 124, 125, 126, 127, 128, 129, 130, 131, 132, 133, 134, 135, 136, 137, 138, 139, 140, 141, 142, 143, 144, 145, 146, 147, 148, 149, 150, 151, 152, 153, 154, 155, 156, 157, 158, 159, 160, 161, 162, 163, 164, 165, 166, 167, 168, 169, 170, 171, 172, 173, 174, 175, 176, 177, 178, 179, 180, 181, 182, 183, 184, 185, 186, 187, 188, 189, 190, 191, 192, 193, 194, 195, 196, 197, 198, 199, 200, 201, 202, 203, 204, 205, 206, 207, 208, 209, 210, 211, 212, 213, 214, 215, 216, 217, 218, 219, 220, 221, 222, 223, 224, 225, 226, 227, 228, 229, 230, 231, 232, 233, 234, 235, 236, 237, 238, 239, 240, 241, 242, 243, 244, 245, 246, 247, 248, 249, 250, 251, 252, 253, 254, 255, 256, 257, 258, 259, 260, 261, 262, 263, 264, 265, 266, 267, 268, 269, 270, 271, 272, 273, 274, 275, 276, 277, 278, 279, 280, 281, 282, 283, 284, 285, 286, 287, 288, 289, 290, 291, 292, 293, 294, 295, 296, 297, 298, 299, 300, 301, 302, 303, 304, 305, 306, 307, 308, 309, 310, 311, 312, 313, 314, 315, 316, 317, 318, 319, 320, 321, 322, 323, 324, 325, 326, 327, 328, 329, 330, 331, 332, 333, 334, 335, 336, 337, 574, 575, 576, 577, 578, 579, 580, 581, 582, 583, 584, 585, 586, 587, 588, 589, 590, 591, 592, 593, 594, 595, 596, 597, 598, 599, 600, 601, 602, 603, 604, 605, 606, 607, 608, 609, 610, 611, 612, 613, 614, 615, 616, 617, 618, 619, 620, 621, 622, 623, 624, 625, 626, 627, 628, 629, 630, 631, 632, 633, 634, 635, 636, 637, 638, 639, 640, 641, 642, 643, 644, 645, 646, 647, 648, 649, 650, 651, 652, 653, 654, 655, 656, 657, 658, 659, 660, 661, 662, 663, 664, 665, 666, 667, 668, 669, 670, 671, 672, 673, 674, 675, 676, 677, 678, 679, 680, 681, 682, 683, 684, 685, 686, 687, 688, 689, 690, 691, 692, 693, 694, 695, 696, 697, 698, 699, 700, 701, 702, 703, 704, 705, 706, 707, 708, 709, 710, 711, 712, 713, 714, 715, 716, 717, 718, 719, 720, 721, 722, 723, 724, 725, 726, 727, 728, 729, 730, 731, 732, 733, 734, 735, 736, 737, 738, 739, 740, 741, 742, 743, 744, 745, 746, 747, 748, 749, 750, 751, 752, 753, 754, 755, 756, 757, 758, 759, 760, 761, 762, 763, 764, 765, 766, 767, 768, 769, 770, 771, 772, 773, 774, 775, 776, 777, 778, 779, 780, 781, 782, 783, 784, 785, 786, 787, 788, 789, 790, 791, 792, 793]","[17, 25, 39, 41, 50, 55, 57, 59, 69, 78, 119, 174, 188, 189, 220, 250, 299, 486, 502, 520, 522, 532, 534, 535, 544, 590, 645, 659, 660, 713, 758]","[4, 59, 232, 269, 299, 490, 535, 696, 728, 758]","[4, 59, 232, 269, 299, 490, 535, 696, 728, 758]","[4, 17, 25, 39, 41, 50, 55, 57, 59, 69, 78, 103, 104, 105, 106, 107, 108, 109, 110, 111, 112, 113, 114, 115, 116, 117, 118, 119, 120, 121, 122, 123, 124, 125, 126, 127, 128, 129, 130, 131, 132, 133, 134, 135, 136, 137, 138, 139, 140, 141, 142, 143, 144, 145, 146, 147, 148, 149, 150, 151, 152, 153, 154, 155, 156, 157, 158, 159, 160, 161, 162, 163, 164, 165, 166, 167, 168, 169, 170, 171, 172, 173, 174, 175, 176, 177, 178, 179, 180, 181, 182, 183, 184, 185, 186, 187, 188, 189, 190, 191, 192, 193, 194, 195, 196, 197, 198, 199, 200, 201, 202, 203, 204, 205, 206, 207, 208, 209, 210, 211, 212, 213, 214, 215, 216, 217, 218, 219, 220, 221, 222, 223, 224, 225, 226, 227, 228, 229, 230, 231, 232, 233, 234, 235, 236, 237, 238, 239, 240, 241, 242, 243, 244, 245, 246, 247, 248, 249, 250, 251, 252, 253, 254, 255, 256, 257, 258, 259, 260, 261, 262, 263, 264, 265, 266, 267, 268, 269, 270, 271, 272, 273, 274, 275, 276, 277, 278, 279, 280, 281, 282, 283, 284, 285, 286, 287, 288, 289, 290, 291, 292, 293, 294, 295, 296, 297, 298, 299, 300, 301, 302, 303, 304, 305, 306, 307, 308, 309, 310, 311, 312, 313, 314, 315, 316, 317, 318, 319, 320, 321, 322, 323, 324, 325, 326, 327, 328, 329, 330, 331, 332, 333, 334, 335, 336, 337, 449, 486, 490, 502, 520, 522, 532, 534, 535, 544, 574, 575, 576, 577, 578, 579, 580, 581, 582, 583, 584, 585, 586, 587, 588, 589, 590, 591, 592, 593, 594, 595, 596, 597, 598, 599, 600, 601, 602, 603, 604, 605, 606, 607, 608, 609, 610, 611, 612, 613, 614, 615, 616, 617, 618, 619, 620, 621, 622, 623, 624, 625, 626, 627, 628, 629, 630, 631, 632, 633, 634, 635, 636, 637, 638, 639, 640, 641, 642, 643, 644, 645, 646, 647, 648, 649, 650, 651, 652, 653, 654, 655, 656, 657, 658, 659, 660, 661, 662, 663, 664, 665, 666, 667, 668, 669, 670, 671, 672, 673, 674, 675, 676, 677, 678, 679, 680, 681, 682, 683, 684, 685, 686, 687, 688, 689, 690, 691, 692, 693, 694, 695, 696, 697, 698, 699, 700, 701, 702, 703, 704, 705, 706, 707, 708, 709, 710, 711, 712, 713, 714, 715, 716, 717, 718, 719, 720, 721, 722, 723, 724, 725, 726, 727, 728, 729, 730, 731, 732, 733, 734, 735, 736, 737, 738, 739, 740, 741, 742, 743, 744, 745, 746, 747, 748, 749, 750, 751, 752, 753, 754, 755, 756, 757, 758, 759, 760, 761, 762, 763, 764, 765, 766, 767, 768, 769, 770, 771, 772, 773, 774, 775, 776, 777, 778, 779, 780, 781, 782, 783, 784, 785, 786, 787, 788, 789, 790, 791, 792, 793, 897]",True,"[220, 299, 758]","[103, 104, 105, 106, 107, 108, 109, 110, 111, 112, 113, 114, 115, 116, 117, 118, 119, 120, 121, 122, 123, 124, 125, 126, 127, 128, 129, 130, 131, 132, 133, 134, 135, 136, 137, 138, 139, 140, 141, 142, 143, 144, 145, 146, 147, 148, 149, 150, 151, 152, 153, 154, 155, 156, 157, 158, 159, 160, 161, 162, 163, 164, 165, 166, 167, 168, 169, 170, 171, 172, 173, 174, 175, 176, 177, 178, 179, 180, 181, 182, 183, 184, 185, 186, 187, 188, 189, 190, 191, 192, 193, 194, 195, 196, 197, 198, 199, 200, 201, 202, 203, 204, 205, 206, 207, 208, 209, 210, 211, 212, 213, 214, 215, 216, 217, 218, 219, 220, 221, 222, 223, 224, 225, 226, 227, 228, 229, 230, 231, 232, 233, 234, 235, 236, 237, 238, 239, 240, 241, 242, 243, 244, 245, 246, 247, 248, 249, 250, 251, 252, 253, 254, 255, 256, 257, 258, 259, 260, 261, 262, 263, 264, 265, 266, 267, 268, 269, 270, 271, 272, 273, 274, 275, 276, 277, 278, 279, 280, 281, 282, 283, 284, 285, 286, 287, 288, 289, 290, 291, 292, 293, 294, 295, 296, 297, 298, 299, 300, 301, 302, 303, 304, 305, 306, 307, 308, 309, 310, 311, 312, 313, 314, 315, 316, 317, 318, 319, 320, 321, 322, 323, 324, 325, 326, 327, 328, 329, 330, 331, 332, 333, 334, 335, 336, 337, 574, 575, 576, 577, 578, 579, 580, 581, 582, 583, 584, 585, 586, 587, 588, 589, 590, 591, 592, 593, 594, 595, 596, 597, 598, 599, 600, 601, 602, 603, 604, 605, 606, 607, 608, 609, 610, 611, 612, 613, 614, 615, 616, 617, 618, 619, 620, 621, 622, 623, 624, 625, 626, 627, 628, 629, 630, 631, 632, 633, 634, 635, 636, 637, 638, 639, 640, 641, 642, 643, 644, 645, 646, 647, 648, 649, 650, 651, 652, 653, 654, 655, 656, 657, 658, 659, 660, 661, 662, 663, 664, 665, 666, 667, 668, 669, 670, 671, 672, 673, 674, 675, 676, 677, 678, 679, 680, 681, 682, 683, 684, 685, 686, 687, 688, 689, 690, 691, 692, 693, 694, 695, 696, 697, 698, 699, 700, 701, 702, 703, 704, 705, 706, 707, 708, 709, 710, 711, 712, 713, 714, 715, 716, 717, 718, 719, 720, 721, 722, 723, 724, 725, 726, 727, 728, 729, 730, 731, 732, 733, 734, 735, 736, 737, 738, 739, 740, 741, 742, 743, 744, 745, 746, 747, 748, 749, 750, 751, 752, 753, 754, 755, 756, 757, 758, 759, 760, 761, 762, 763, 764, 765, 766, 767, 768, 769, 770, 771, 772, 773, 774, 775, 776, 777, 778, 779, 780, 781, 782, 783, 784, 785, 786, 787, 788, 789, 790, 791, 792, 793]","[220, 299, 758]","[25, 39, 230, 284, 299, 449, 486, 520, 694, 743, 758, 897]","[17, 25, 39, 41, 50, 55, 57, 59, 69, 78, 119, 174, 188, 189, 220, 250, 299, 486, 502, 520, 522, 532, 534, 535, 544, 590, 645, 659, 660, 713, 758]","[4, 59, 232, 269, 299, 490, 535, 696, 728, 758]","[4, 59, 232, 269, 299, 490, 535, 696, 728, 758]",7/6 successful match,True,"[18, 19]",True,274,False,,1.0,True,Super Stop Travel Center ( Mobil ),Mobil
"Mecca , 92254 Arco Travel Center",6 760-396-5243 90480-66th Ave ( betw CA 86 & CA 111 ),),Mecca,92254,Arco Travel Center,760-396-5243,2006,Mecca,CA,,( betw CA 86 & CA 111 ),90480-66th Ave,empty,,False,,False,66th Ave,,,,,"[687, 223]","[223, 687]","[223, 687]",[],"[103, 104, 105, 106, 107, 108, 109, 110, 111, 112, 113, 114, 115, 116, 117, 118, 119, 120, 121, 122, 123, 124, 125, 126, 127, 128, 129, 130, 131, 132, 133, 134, 135, 136, 137, 138, 139, 140, 141, 142, 143, 144, 145, 146, 147, 148, 149, 150, 151, 152, 153, 154, 155, 156, 157, 158, 159, 160, 161, 162, 163, 164, 165, 166, 167, 168, 169, 170, 171, 172, 173, 174, 175, 176, 177, 178, 179, 180, 181, 182, 183, 184, 185, 186, 187, 188, 189, 190, 191, 192, 193, 194, 195, 196, 197, 198, 199, 200, 201, 202, 203, 204, 205, 206, 207, 208, 209, 210, 211, 212, 213, 214, 215, 216, 217, 218, 219, 220, 221, 222, 223, 224, 225, 226, 227, 228, 229, 230, 231, 232, 233, 234, 235, 236, 237, 238, 239, 240, 241, 242, 243, 244, 245, 246, 247, 248, 249, 250, 251, 252, 253, 254, 255, 256, 257, 258, 259, 260, 261, 262, 263, 264, 265, 266, 267, 268, 269, 270, 271, 272, 273, 274, 275, 276, 277, 278, 279, 280, 281, 282, 283, 284, 285, 286, 287, 288, 289, 290, 291, 292, 293, 294, 295, 296, 297, 298, 299, 300, 301, 302, 303, 304, 305, 306, 307, 308, 309, 310, 311, 312, 313, 314, 315, 316, 317, 318, 319, 320, 321, 322, 323, 324, 325, 326, 327, 328, 329, 330, 331, 332, 333, 334, 335, 336, 337, 574, 575, 576, 577, 578, 579, 580, 581, 582, 583, 584, 585, 586, 587, 588, 589, 590, 591, 592, 593, 594, 595, 596, 597, 598, 599, 600, 601, 602, 603, 604, 605, 606, 607, 608, 609, 610, 611, 612, 613, 614, 615, 616, 617, 618, 619, 620, 621, 622, 623, 624, 625, 626, 627, 628, 629, 630, 631, 632, 633, 634, 635, 636, 637, 638, 639, 640, 641, 642, 643, 644, 645, 646, 647, 648, 649, 650, 651, 652, 653, 654, 655, 656, 657, 658, 659, 660, 661, 662, 663, 664, 665, 666, 667, 668, 669, 670, 671, 672, 673, 674, 675, 676, 677, 678, 679, 680, 681, 682, 683, 684, 685, 686, 687, 688, 689, 690, 691, 692, 693, 694, 695, 696, 697, 698, 699, 700, 701, 702, 703, 704, 705, 706, 707, 708, 709, 710, 711, 712, 713, 714, 715, 716, 717, 718, 719, 720, 721, 722, 723, 724, 725, 726, 727, 728, 729, 730, 731, 732, 733, 734, 735, 736, 737, 738, 739, 740, 741, 742, 743, 744, 745, 746, 747, 748, 749, 750, 751, 752, 753, 754, 755, 756, 757, 758, 759, 760, 761, 762, 763, 764, 765, 766, 767, 768, 769, 770, 771, 772, 773, 774, 775, 776, 777, 778, 779, 780, 781, 782, 783, 784, 785, 786, 787, 788, 789, 790, 791, 792, 793]","[11, 223, 496, 687]",[],"[0, 120, 122, 200, 223, 226, 315, 382, 485, 591, 593, 625, 671, 687, 690, 773, 832]","[0, 11, 103, 104, 105, 106, 107, 108, 109, 110, 111, 112, 113, 114, 115, 116, 117, 118, 119, 120, 121, 122, 123, 124, 125, 126, 127, 128, 129, 130, 131, 132, 133, 134, 135, 136, 137, 138, 139, 140, 141, 142, 143, 144, 145, 146, 147, 148, 149, 150, 151, 152, 153, 154, 155, 156, 157, 158, 159, 160, 161, 162, 163, 164, 165, 166, 167, 168, 169, 170, 171, 172, 173, 174, 175, 176, 177, 178, 179, 180, 181, 182, 183, 184, 185, 186, 187, 188, 189, 190, 191, 192, 193, 194, 195, 196, 197, 198, 199, 200, 201, 202, 203, 204, 205, 206, 207, 208, 209, 210, 211, 212, 213, 214, 215, 216, 217, 218, 219, 220, 221, 222, 223, 224, 225, 226, 227, 228, 229, 230, 231, 232, 233, 234, 235, 236, 237, 238, 239, 240, 241, 242, 243, 244, 245, 246, 247, 248, 249, 250, 251, 252, 253, 254, 255, 256, 257, 258, 259, 260, 261, 262, 263, 264, 265, 266, 267, 268, 269, 270, 271, 272, 273, 274, 275, 276, 277, 278, 279, 280, 281, 282, 283, 284, 285, 286, 287, 288, 289, 290, 291, 292, 293, 294, 295, 296, 297, 298, 299, 300, 301, 302, 303, 304, 305, 306, 307, 308, 309, 310, 311, 312, 313, 314, 315, 316, 317, 318, 319, 320, 321, 322, 323, 324, 325, 326, 327, 328, 329, 330, 331, 332, 333, 334, 335, 336, 337, 382, 485, 496, 574, 575, 576, 577, 578, 579, 580, 581, 582, 583, 584, 585, 586, 587, 588, 589, 590, 591, 592, 593, 594, 595, 596, 597, 598, 599, 600, 601, 602, 603, 604, 605, 606, 607, 608, 609, 610, 611, 612, 613, 614, 615, 616, 617, 618, 619, 620, 621, 622, 623, 624, 625, 626, 627, 628, 629, 630, 631, 632, 633, 634, 635, 636, 637, 638, 639, 640, 641, 642, 643, 644, 645, 646, 647, 648, 649, 650, 651, 652, 653, 654, 655, 656, 657, 658, 659, 660, 661, 662, 663, 664, 665, 666, 667, 668, 669, 670, 671, 672, 673, 674, 675, 676, 677, 678, 679, 680, 681, 682, 683, 684, 685, 686, 687, 688, 689, 690, 691, 692, 693, 694, 695, 696, 697, 698, 699, 700, 701, 702, 703, 704, 705, 706, 707, 708, 709, 710, 711, 712, 713, 714, 715, 716, 717, 718, 719, 720, 721, 722, 723, 724, 725, 726, 727, 728, 729, 730, 731, 732, 733, 734, 735, 736, 737, 738, 739, 740, 741, 742, 743, 744, 745, 746, 747, 748, 749, 750, 751, 752, 753, 754, 755, 756, 757, 758, 759, 760, 761, 762, 763, 764, 765, 766, 767, 768, 769, 770, 771, 772, 773, 774, 775, 776, 777, 778, 779, 780, 781, 782, 783, 784, 785, 786, 787, 788, 789, 790, 791, 792, 793, 832]",True,"[223, 687]","[103, 104, 105, 106, 107, 108, 109, 110, 111, 112, 113, 114, 115, 116, 117, 118, 119, 120, 121, 122, 123, 124, 125, 126, 127, 128, 129, 130, 131, 132, 133, 134, 135, 136, 137, 138, 139, 140, 141, 142, 143, 144, 145, 146, 147, 148, 149, 150, 151, 152, 153, 154, 155, 156, 157, 158, 159, 160, 161, 162, 163, 164, 165, 166, 167, 168, 169, 170, 171, 172, 173, 174, 175, 176, 177, 178, 179, 180, 181, 182, 183, 184, 185, 186, 187, 188, 189, 190, 191, 192, 193, 194, 195, 196, 197, 198, 199, 200, 201, 202, 203, 204, 205, 206, 207, 208, 209, 210, 211, 212, 213, 214, 215, 216, 217, 218, 219, 220, 221, 222, 223, 224, 225, 226, 227, 228, 229, 230, 231, 232, 233, 234, 235, 236, 237, 238, 239, 240, 241, 242, 243, 244, 245, 246, 247, 248, 249, 250, 251, 252, 253, 254, 255, 256, 257, 258, 259, 260, 261, 262, 263, 264, 265, 266, 267, 268, 269, 270, 271, 272, 273, 274, 275, 276, 277, 278, 279, 280, 281, 282, 283, 284, 285, 286, 287, 288, 289, 290, 291, 292, 293, 294, 295, 296, 297, 298, 299, 300, 301, 302, 303, 304, 305, 306, 307, 308, 309, 310, 311, 312, 313, 314, 315, 316, 317, 318, 319, 320, 321, 322, 323, 324, 325, 326, 327, 328, 329, 330, 331, 332, 333, 334, 335, 336, 337, 574, 575, 576, 577, 578, 579, 580, 581, 582, 583, 584, 585, 586, 587, 588, 589, 590, 591, 592, 593, 594, 595, 596, 597, 598, 599, 600, 601, 602, 603, 604, 605, 606, 607, 608, 609, 610, 611, 612, 613, 614, 615, 616, 617, 618, 619, 620, 621, 622, 623, 624, 625, 626, 627, 628, 629, 630, 631, 632, 633, 634, 635, 636, 637, 638, 639, 640, 641, 642, 643, 644, 645, 646, 647, 648, 649, 650, 651, 652, 653, 654, 655, 656, 657, 658, 659, 660, 661, 662, 663, 664, 665, 666, 667, 668, 669, 670, 671, 672, 673, 674, 675, 676, 677, 678, 679, 680, 681, 682, 683, 684, 685, 686, 687, 688, 689, 690, 691, 692, 693, 694, 695, 696, 697, 698, 699, 700, 701, 702, 703, 704, 705, 706, 707, 708, 709, 710, 711, 712, 713, 714, 715, 716, 717, 718, 719, 720, 721, 722, 723, 724, 725, 726, 727, 728, 729, 730, 731, 732, 733, 734, 735, 736, 737, 738, 739, 740, 741, 742, 743, 744, 745, 746, 747, 748, 749, 750, 751, 752, 753, 754, 755, 756, 757, 758, 759, 760, 761, 762, 763, 764, 765, 766, 767, 768, 769, 770, 771, 772, 773, 774, 775, 776, 777, 778, 779, 780, 781, 782, 783, 784, 785, 786, 787, 788, 789, 790, 791, 792, 793]","[223, 687]",[],"[11, 223, 496, 687]","[0, 120, 122, 200, 223, 226, 315, 382, 485, 591, 593, 625, 671, 687, 690, 773, 832]",[],7/6 successful match,True,"[86, 87]",True,275,False,,,,,
"Mecca , 92254 Mecca Travel Center ( Arco )",6 760-396-5243 90480 66th Ave ( betw CA 86 & CA 111 ),) 24 RS M,Mecca,92254,Mecca Travel Center ( Arco ),760-396-5243,2007,Mecca,CA,,( betw CA 86 & CA 111 ),90480 66th Ave,Proper,,False,,False,66th Ave,,,,,"[687, 223]","[223, 687]","[223, 687]",[],"[103, 104, 105, 106, 107, 108, 109, 110, 111, 112, 113, 114, 115, 116, 117, 118, 119, 120, 121, 122, 123, 124, 125, 126, 127, 128, 129, 130, 131, 132, 133, 134, 135, 136, 137, 138, 139, 140, 141, 142, 143, 144, 145, 146, 147, 148, 149, 150, 151, 152, 153, 154, 155, 156, 157, 158, 159, 160, 161, 162, 163, 164, 165, 166, 167, 168, 169, 170, 171, 172, 173, 174, 175, 176, 177, 178, 179, 180, 181, 182, 183, 184, 185, 186, 187, 188, 189, 190, 191, 192, 193, 194, 195, 196, 197, 198, 199, 200, 201, 202, 203, 204, 205, 206, 207, 208, 209, 210, 211, 212, 213, 214, 215, 216, 217, 218, 219, 220, 221, 222, 223, 224, 225, 226, 227, 228, 229, 230, 231, 232, 233, 234, 235, 236, 237, 238, 239, 240, 241, 242, 243, 244, 245, 246, 247, 248, 249, 250, 251, 252, 253, 254, 255, 256, 257, 258, 259, 260, 261, 262, 263, 264, 265, 266, 267, 268, 269, 270, 271, 272, 273, 274, 275, 276, 277, 278, 279, 280, 281, 282, 283, 284, 285, 286, 287, 288, 289, 290, 291, 292, 293, 294, 295, 296, 297, 298, 299, 300, 301, 302, 303, 304, 305, 306, 307, 308, 309, 310, 311, 312, 313, 314, 315, 316, 317, 318, 319, 320, 321, 322, 323, 324, 325, 326, 327, 328, 329, 330, 331, 332, 333, 334, 335, 336, 337, 574, 575, 576, 577, 578, 579, 580, 581, 582, 583, 584, 585, 586, 587, 588, 589, 590, 591, 592, 593, 594, 595, 596, 597, 598, 599, 600, 601, 602, 603, 604, 605, 606, 607, 608, 609, 610, 611, 612, 613, 614, 615, 616, 617, 618, 619, 620, 621, 622, 623, 624, 625, 626, 627, 628, 629, 630, 631, 632, 633, 634, 635, 636, 637, 638, 639, 640, 641, 642, 643, 644, 645, 646, 647, 648, 649, 650, 651, 652, 653, 654, 655, 656, 657, 658, 659, 660, 661, 662, 663, 664, 665, 666, 667, 668, 669, 670, 671, 672, 673, 674, 675, 676, 677, 678, 679, 680, 681, 682, 683, 684, 685, 686, 687, 688, 689, 690, 691, 692, 693, 694, 695, 696, 697, 698, 699, 700, 701, 702, 703, 704, 705, 706, 707, 708, 709, 710, 711, 712, 713, 714, 715, 716, 717, 718, 719, 720, 721, 722, 723, 724, 725, 726, 727, 728, 729, 730, 731, 732, 733, 734, 735, 736, 737, 738, 739, 740, 741, 742, 743, 744, 745, 746, 747, 748, 749, 750, 751, 752, 753, 754, 755, 756, 757, 758, 759, 760, 761, 762, 763, 764, 765, 766, 767, 768, 769, 770, 771, 772, 773, 774, 775, 776, 777, 778, 779, 780, 781, 782, 783, 784, 785, 786, 787, 788, 789, 790, 791, 792, 793]","[11, 223, 496, 687]",[],"[0, 120, 122, 200, 223, 226, 315, 382, 485, 591, 593, 625, 671, 687, 690, 773, 832]","[0, 11, 103, 104, 105, 106, 107, 108, 109, 110, 111, 112, 113, 114, 115, 116, 117, 118, 119, 120, 121, 122, 123, 124, 125, 126, 127, 128, 129, 130, 131, 132, 133, 134, 135, 136, 137, 138, 139, 140, 141, 142, 143, 144, 145, 146, 147, 148, 149, 150, 151, 152, 153, 154, 155, 156, 157, 158, 159, 160, 161, 162, 163, 164, 165, 166, 167, 168, 169, 170, 171, 172, 173, 174, 175, 176, 177, 178, 179, 180, 181, 182, 183, 184, 185, 186, 187, 188, 189, 190, 191, 192, 193, 194, 195, 196, 197, 198, 199, 200, 201, 202, 203, 204, 205, 206, 207, 208, 209, 210, 211, 212, 213, 214, 215, 216, 217, 218, 219, 220, 221, 222, 223, 224, 225, 226, 227, 228, 229, 230, 231, 232, 233, 234, 235, 236, 237, 238, 239, 240, 241, 242, 243, 244, 245, 246, 247, 248, 249, 250, 251, 252, 253, 254, 255, 256, 257, 258, 259, 260, 261, 262, 263, 264, 265, 266, 267, 268, 269, 270, 271, 272, 273, 274, 275, 276, 277, 278, 279, 280, 281, 282, 283, 284, 285, 286, 287, 288, 289, 290, 291, 292, 293, 294, 295, 296, 297, 298, 299, 300, 301, 302, 303, 304, 305, 306, 307, 308, 309, 310, 311, 312, 313, 314, 315, 316, 317, 318, 319, 320, 321, 322, 323, 324, 325, 326, 327, 328, 329, 330, 331, 332, 333, 334, 335, 336, 337, 382, 485, 496, 574, 575, 576, 577, 578, 579, 580, 581, 582, 583, 584, 585, 586, 587, 588, 589, 590, 591, 592, 593, 594, 595, 596, 597, 598, 599, 600, 601, 602, 603, 604, 605, 606, 607, 608, 609, 610, 611, 612, 613, 614, 615, 616, 617, 618, 619, 620, 621, 622, 623, 624, 625, 626, 627, 628, 629, 630, 631, 632, 633, 634, 635, 636, 637, 638, 639, 640, 641, 642, 643, 644, 645, 646, 647, 648, 649, 650, 651, 652, 653, 654, 655, 656, 657, 658, 659, 660, 661, 662, 663, 664, 665, 666, 667, 668, 669, 670, 671, 672, 673, 674, 675, 676, 677, 678, 679, 680, 681, 682, 683, 684, 685, 686, 687, 688, 689, 690, 691, 692, 693, 694, 695, 696, 697, 698, 699, 700, 701, 702, 703, 704, 705, 706, 707, 708, 709, 710, 711, 712, 713, 714, 715, 716, 717, 718, 719, 720, 721, 722, 723, 724, 725, 726, 727, 728, 729, 730, 731, 732, 733, 734, 735, 736, 737, 738, 739, 740, 741, 742, 743, 744, 745, 746, 747, 748, 749, 750, 751, 752, 753, 754, 755, 756, 757, 758, 759, 760, 761, 762, 763, 764, 765, 766, 767, 768, 769, 770, 771, 772, 773, 774, 775, 776, 777, 778, 779, 780, 781, 782, 783, 784, 785, 786, 787, 788, 789, 790, 791, 792, 793, 832]",True,"[223, 687]","[103, 104, 105, 106, 107, 108, 109, 110, 111, 112, 113, 114, 115, 116, 117, 118, 119, 120, 121, 122, 123, 124, 125, 126, 127, 128, 129, 130, 131, 132, 133, 134, 135, 136, 137, 138, 139, 140, 141, 142, 143, 144, 145, 146, 147, 148, 149, 150, 151, 152, 153, 154, 155, 156, 157, 158, 159, 160, 161, 162, 163, 164, 165, 166, 167, 168, 169, 170, 171, 172, 173, 174, 175, 176, 177, 178, 179, 180, 181, 182, 183, 184, 185, 186, 187, 188, 189, 190, 191, 192, 193, 194, 195, 196, 197, 198, 199, 200, 201, 202, 203, 204, 205, 206, 207, 208, 209, 210, 211, 212, 213, 214, 215, 216, 217, 218, 219, 220, 221, 222, 223, 224, 225, 226, 227, 228, 229, 230, 231, 232, 233, 234, 235, 236, 237, 238, 239, 240, 241, 242, 243, 244, 245, 246, 247, 248, 249, 250, 251, 252, 253, 254, 255, 256, 257, 258, 259, 260, 261, 262, 263, 264, 265, 266, 267, 268, 269, 270, 271, 272, 273, 274, 275, 276, 277, 278, 279, 280, 281, 282, 283, 284, 285, 286, 287, 288, 289, 290, 291, 292, 293, 294, 295, 296, 297, 298, 299, 300, 301, 302, 303, 304, 305, 306, 307, 308, 309, 310, 311, 312, 313, 314, 315, 316, 317, 318, 319, 320, 321, 322, 323, 324, 325, 326, 327, 328, 329, 330, 331, 332, 333, 334, 335, 336, 337, 574, 575, 576, 577, 578, 579, 580, 581, 582, 583, 584, 585, 586, 587, 588, 589, 590, 591, 592, 593, 594, 595, 596, 597, 598, 599, 600, 601, 602, 603, 604, 605, 606, 607, 608, 609, 610, 611, 612, 613, 614, 615, 616, 617, 618, 619, 620, 621, 622, 623, 624, 625, 626, 627, 628, 629, 630, 631, 632, 633, 634, 635, 636, 637, 638, 639, 640, 641, 642, 643, 644, 645, 646, 647, 648, 649, 650, 651, 652, 653, 654, 655, 656, 657, 658, 659, 660, 661, 662, 663, 664, 665, 666, 667, 668, 669, 670, 671, 672, 673, 674, 675, 676, 677, 678, 679, 680, 681, 682, 683, 684, 685, 686, 687, 688, 689, 690, 691, 692, 693, 694, 695, 696, 697, 698, 699, 700, 701, 702, 703, 704, 705, 706, 707, 708, 709, 710, 711, 712, 713, 714, 715, 716, 717, 718, 719, 720, 721, 722, 723, 724, 725, 726, 727, 728, 729, 730, 731, 732, 733, 734, 735, 736, 737, 738, 739, 740, 741, 742, 743, 744, 745, 746, 747, 748, 749, 750, 751, 752, 753, 754, 755, 756, 757, 758, 759, 760, 761, 762, 763, 764, 765, 766, 767, 768, 769, 770, 771, 772, 773, 774, 775, 776, 777, 778, 779, 780, 781, 782, 783, 784, 785, 786, 787, 788, 789, 790, 791, 792, 793]","[223, 687]",[],"[11, 223, 496, 687]","[0, 120, 122, 200, 223, 226, 315, 382, 485, 591, 593, 625, 671, 687, 690, 773, 832]",[],7/6 successful match,True,"[86, 87]",True,275,False,,0.9623188405797102,True,Arco Travel Center,
"Mecca , 92254 Mecca Travel Center ( Arco )",6 760-396-5243 90480 66th Ave ( betw CA 86 & CA 111 ),) 1015 24 M,Mecca,92254,Mecca Travel Center ( Arco ),760-396-5243,2008,Mecca,CA,,( betw CA 86 & CA 111 ),90480 66th Ave,Proper,,False,,False,66th Ave,,,,,"[687, 223]","[223, 687]","[223, 687]",[],"[103, 104, 105, 106, 107, 108, 109, 110, 111, 112, 113, 114, 115, 116, 117, 118, 119, 120, 121, 122, 123, 124, 125, 126, 127, 128, 129, 130, 131, 132, 133, 134, 135, 136, 137, 138, 139, 140, 141, 142, 143, 144, 145, 146, 147, 148, 149, 150, 151, 152, 153, 154, 155, 156, 157, 158, 159, 160, 161, 162, 163, 164, 165, 166, 167, 168, 169, 170, 171, 172, 173, 174, 175, 176, 177, 178, 179, 180, 181, 182, 183, 184, 185, 186, 187, 188, 189, 190, 191, 192, 193, 194, 195, 196, 197, 198, 199, 200, 201, 202, 203, 204, 205, 206, 207, 208, 209, 210, 211, 212, 213, 214, 215, 216, 217, 218, 219, 220, 221, 222, 223, 224, 225, 226, 227, 228, 229, 230, 231, 232, 233, 234, 235, 236, 237, 238, 239, 240, 241, 242, 243, 244, 245, 246, 247, 248, 249, 250, 251, 252, 253, 254, 255, 256, 257, 258, 259, 260, 261, 262, 263, 264, 265, 266, 267, 268, 269, 270, 271, 272, 273, 274, 275, 276, 277, 278, 279, 280, 281, 282, 283, 284, 285, 286, 287, 288, 289, 290, 291, 292, 293, 294, 295, 296, 297, 298, 299, 300, 301, 302, 303, 304, 305, 306, 307, 308, 309, 310, 311, 312, 313, 314, 315, 316, 317, 318, 319, 320, 321, 322, 323, 324, 325, 326, 327, 328, 329, 330, 331, 332, 333, 334, 335, 336, 337, 574, 575, 576, 577, 578, 579, 580, 581, 582, 583, 584, 585, 586, 587, 588, 589, 590, 591, 592, 593, 594, 595, 596, 597, 598, 599, 600, 601, 602, 603, 604, 605, 606, 607, 608, 609, 610, 611, 612, 613, 614, 615, 616, 617, 618, 619, 620, 621, 622, 623, 624, 625, 626, 627, 628, 629, 630, 631, 632, 633, 634, 635, 636, 637, 638, 639, 640, 641, 642, 643, 644, 645, 646, 647, 648, 649, 650, 651, 652, 653, 654, 655, 656, 657, 658, 659, 660, 661, 662, 663, 664, 665, 666, 667, 668, 669, 670, 671, 672, 673, 674, 675, 676, 677, 678, 679, 680, 681, 682, 683, 684, 685, 686, 687, 688, 689, 690, 691, 692, 693, 694, 695, 696, 697, 698, 699, 700, 701, 702, 703, 704, 705, 706, 707, 708, 709, 710, 711, 712, 713, 714, 715, 716, 717, 718, 719, 720, 721, 722, 723, 724, 725, 726, 727, 728, 729, 730, 731, 732, 733, 734, 735, 736, 737, 738, 739, 740, 741, 742, 743, 744, 745, 746, 747, 748, 749, 750, 751, 752, 753, 754, 755, 756, 757, 758, 759, 760, 761, 762, 763, 764, 765, 766, 767, 768, 769, 770, 771, 772, 773, 774, 775, 776, 777, 778, 779, 780, 781, 782, 783, 784, 785, 786, 787, 788, 789, 790, 791, 792, 793]","[11, 223, 496, 687]",[],"[0, 120, 122, 200, 223, 226, 315, 382, 485, 591, 593, 625, 671, 687, 690, 773, 832]","[0, 11, 103, 104, 105, 106, 107, 108, 109, 110, 111, 112, 113, 114, 115, 116, 117, 118, 119, 120, 121, 122, 123, 124, 125, 126, 127, 128, 129, 130, 131, 132, 133, 134, 135, 136, 137, 138, 139, 140, 141, 142, 143, 144, 145, 146, 147, 148, 149, 150, 151, 152, 153, 154, 155, 156, 157, 158, 159, 160, 161, 162, 163, 164, 165, 166, 167, 168, 169, 170, 171, 172, 173, 174, 175, 176, 177, 178, 179, 180, 181, 182, 183, 184, 185, 186, 187, 188, 189, 190, 191, 192, 193, 194, 195, 196, 197, 198, 199, 200, 201, 202, 203, 204, 205, 206, 207, 208, 209, 210, 211, 212, 213, 214, 215, 216, 217, 218, 219, 220, 221, 222, 223, 224, 225, 226, 227, 228, 229, 230, 231, 232, 233, 234, 235, 236, 237, 238, 239, 240, 241, 242, 243, 244, 245, 246, 247, 248, 249, 250, 251, 252, 253, 254, 255, 256, 257, 258, 259, 260, 261, 262, 263, 264, 265, 266, 267, 268, 269, 270, 271, 272, 273, 274, 275, 276, 277, 278, 279, 280, 281, 282, 283, 284, 285, 286, 287, 288, 289, 290, 291, 292, 293, 294, 295, 296, 297, 298, 299, 300, 301, 302, 303, 304, 305, 306, 307, 308, 309, 310, 311, 312, 313, 314, 315, 316, 317, 318, 319, 320, 321, 322, 323, 324, 325, 326, 327, 328, 329, 330, 331, 332, 333, 334, 335, 336, 337, 382, 485, 496, 574, 575, 576, 577, 578, 579, 580, 581, 582, 583, 584, 585, 586, 587, 588, 589, 590, 591, 592, 593, 594, 595, 596, 597, 598, 599, 600, 601, 602, 603, 604, 605, 606, 607, 608, 609, 610, 611, 612, 613, 614, 615, 616, 617, 618, 619, 620, 621, 622, 623, 624, 625, 626, 627, 628, 629, 630, 631, 632, 633, 634, 635, 636, 637, 638, 639, 640, 641, 642, 643, 644, 645, 646, 647, 648, 649, 650, 651, 652, 653, 654, 655, 656, 657, 658, 659, 660, 661, 662, 663, 664, 665, 666, 667, 668, 669, 670, 671, 672, 673, 674, 675, 676, 677, 678, 679, 680, 681, 682, 683, 684, 685, 686, 687, 688, 689, 690, 691, 692, 693, 694, 695, 696, 697, 698, 699, 700, 701, 702, 703, 704, 705, 706, 707, 708, 709, 710, 711, 712, 713, 714, 715, 716, 717, 718, 719, 720, 721, 722, 723, 724, 725, 726, 727, 728, 729, 730, 731, 732, 733, 734, 735, 736, 737, 738, 739, 740, 741, 742, 743, 744, 745, 746, 747, 748, 749, 750, 751, 752, 753, 754, 755, 756, 757, 758, 759, 760, 761, 762, 763, 764, 765, 766, 767, 768, 769, 770, 771, 772, 773, 774, 775, 776, 777, 778, 779, 780, 781, 782, 783, 784, 785, 786, 787, 788, 789, 790, 791, 792, 793, 832]",True,"[223, 687]","[103, 104, 105, 106, 107, 108, 109, 110, 111, 112, 113, 114, 115, 116, 117, 118, 119, 120, 121, 122, 123, 124, 125, 126, 127, 128, 129, 130, 131, 132, 133, 134, 135, 136, 137, 138, 139, 140, 141, 142, 143, 144, 145, 146, 147, 148, 149, 150, 151, 152, 153, 154, 155, 156, 157, 158, 159, 160, 161, 162, 163, 164, 165, 166, 167, 168, 169, 170, 171, 172, 173, 174, 175, 176, 177, 178, 179, 180, 181, 182, 183, 184, 185, 186, 187, 188, 189, 190, 191, 192, 193, 194, 195, 196, 197, 198, 199, 200, 201, 202, 203, 204, 205, 206, 207, 208, 209, 210, 211, 212, 213, 214, 215, 216, 217, 218, 219, 220, 221, 222, 223, 224, 225, 226, 227, 228, 229, 230, 231, 232, 233, 234, 235, 236, 237, 238, 239, 240, 241, 242, 243, 244, 245, 246, 247, 248, 249, 250, 251, 252, 253, 254, 255, 256, 257, 258, 259, 260, 261, 262, 263, 264, 265, 266, 267, 268, 269, 270, 271, 272, 273, 274, 275, 276, 277, 278, 279, 280, 281, 282, 283, 284, 285, 286, 287, 288, 289, 290, 291, 292, 293, 294, 295, 296, 297, 298, 299, 300, 301, 302, 303, 304, 305, 306, 307, 308, 309, 310, 311, 312, 313, 314, 315, 316, 317, 318, 319, 320, 321, 322, 323, 324, 325, 326, 327, 328, 329, 330, 331, 332, 333, 334, 335, 336, 337, 574, 575, 576, 577, 578, 579, 580, 581, 582, 583, 584, 585, 586, 587, 588, 589, 590, 591, 592, 593, 594, 595, 596, 597, 598, 599, 600, 601, 602, 603, 604, 605, 606, 607, 608, 609, 610, 611, 612, 613, 614, 615, 616, 617, 618, 619, 620, 621, 622, 623, 624, 625, 626, 627, 628, 629, 630, 631, 632, 633, 634, 635, 636, 637, 638, 639, 640, 641, 642, 643, 644, 645, 646, 647, 648, 649, 650, 651, 652, 653, 654, 655, 656, 657, 658, 659, 660, 661, 662, 663, 664, 665, 666, 667, 668, 669, 670, 671, 672, 673, 674, 675, 676, 677, 678, 679, 680, 681, 682, 683, 684, 685, 686, 687, 688, 689, 690, 691, 692, 693, 694, 695, 696, 697, 698, 699, 700, 701, 702, 703, 704, 705, 706, 707, 708, 709, 710, 711, 712, 713, 714, 715, 716, 717, 718, 719, 720, 721, 722, 723, 724, 725, 726, 727, 728, 729, 730, 731, 732, 733, 734, 735, 736, 737, 738, 739, 740, 741, 742, 743, 744, 745, 746, 747, 748, 749, 750, 751, 752, 753, 754, 755, 756, 757, 758, 759, 760, 761, 762, 763, 764, 765, 766, 767, 768, 769, 770, 771, 772, 773, 774, 775, 776, 777, 778, 779, 780, 781, 782, 783, 784, 785, 786, 787, 788, 789, 790, 791, 792, 793]","[223, 687]",[],"[11, 223, 496, 687]","[0, 120, 122, 200, 223, 226, 315, 382, 485, 591, 593, 625, 671, 687, 690, 773, 832]",[],7/6 successful match,True,"[86, 87]",True,275,False,,1.0,True,Mecca Travel Center ( Arco ),
Mecca ( 92254 ) Mecca Travel Center ( Arco ),6 760-396-5243 90480-66th Ave ( betw CA 86 & CA 111 ),111 ) 24,Mecca,92254,Mecca Travel Center ( Arco ),760-396-5243,2014,Mecca,CA,,( betw CA 86 & CA 111 ),90480-66th Ave,empty,,False,,False,66th Ave,,,,,"[687, 223]","[223, 687]","[223, 687]",[],"[103, 104, 105, 106, 107, 108, 109, 110, 111, 112, 113, 114, 115, 116, 117, 118, 119, 120, 121, 122, 123, 124, 125, 126, 127, 128, 129, 130, 131, 132, 133, 134, 135, 136, 137, 138, 139, 140, 141, 142, 143, 144, 145, 146, 147, 148, 149, 150, 151, 152, 153, 154, 155, 156, 157, 158, 159, 160, 161, 162, 163, 164, 165, 166, 167, 168, 169, 170, 171, 172, 173, 174, 175, 176, 177, 178, 179, 180, 181, 182, 183, 184, 185, 186, 187, 188, 189, 190, 191, 192, 193, 194, 195, 196, 197, 198, 199, 200, 201, 202, 203, 204, 205, 206, 207, 208, 209, 210, 211, 212, 213, 214, 215, 216, 217, 218, 219, 220, 221, 222, 223, 224, 225, 226, 227, 228, 229, 230, 231, 232, 233, 234, 235, 236, 237, 238, 239, 240, 241, 242, 243, 244, 245, 246, 247, 248, 249, 250, 251, 252, 253, 254, 255, 256, 257, 258, 259, 260, 261, 262, 263, 264, 265, 266, 267, 268, 269, 270, 271, 272, 273, 274, 275, 276, 277, 278, 279, 280, 281, 282, 283, 284, 285, 286, 287, 288, 289, 290, 291, 292, 293, 294, 295, 296, 297, 298, 299, 300, 301, 302, 303, 304, 305, 306, 307, 308, 309, 310, 311, 312, 313, 314, 315, 316, 317, 318, 319, 320, 321, 322, 323, 324, 325, 326, 327, 328, 329, 330, 331, 332, 333, 334, 335, 336, 337, 574, 575, 576, 577, 578, 579, 580, 581, 582, 583, 584, 585, 586, 587, 588, 589, 590, 591, 592, 593, 594, 595, 596, 597, 598, 599, 600, 601, 602, 603, 604, 605, 606, 607, 608, 609, 610, 611, 612, 613, 614, 615, 616, 617, 618, 619, 620, 621, 622, 623, 624, 625, 626, 627, 628, 629, 630, 631, 632, 633, 634, 635, 636, 637, 638, 639, 640, 641, 642, 643, 644, 645, 646, 647, 648, 649, 650, 651, 652, 653, 654, 655, 656, 657, 658, 659, 660, 661, 662, 663, 664, 665, 666, 667, 668, 669, 670, 671, 672, 673, 674, 675, 676, 677, 678, 679, 680, 681, 682, 683, 684, 685, 686, 687, 688, 689, 690, 691, 692, 693, 694, 695, 696, 697, 698, 699, 700, 701, 702, 703, 704, 705, 706, 707, 708, 709, 710, 711, 712, 713, 714, 715, 716, 717, 718, 719, 720, 721, 722, 723, 724, 725, 726, 727, 728, 729, 730, 731, 732, 733, 734, 735, 736, 737, 738, 739, 740, 741, 742, 743, 744, 745, 746, 747, 748, 749, 750, 751, 752, 753, 754, 755, 756, 757, 758, 759, 760, 761, 762, 763, 764, 765, 766, 767, 768, 769, 770, 771, 772, 773, 774, 775, 776, 777, 778, 779, 780, 781, 782, 783, 784, 785, 786, 787, 788, 789, 790, 791, 792, 793]","[11, 223, 496, 687]",[],"[0, 120, 122, 200, 223, 226, 315, 382, 485, 591, 593, 625, 671, 687, 690, 773, 832]","[0, 11, 103, 104, 105, 106, 107, 108, 109, 110, 111, 112, 113, 114, 115, 116, 117, 118, 119, 120, 121, 122, 123, 124, 125, 126, 127, 128, 129, 130, 131, 132, 133, 134, 135, 136, 137, 138, 139, 140, 141, 142, 143, 144, 145, 146, 147, 148, 149, 150, 151, 152, 153, 154, 155, 156, 157, 158, 159, 160, 161, 162, 163, 164, 165, 166, 167, 168, 169, 170, 171, 172, 173, 174, 175, 176, 177, 178, 179, 180, 181, 182, 183, 184, 185, 186, 187, 188, 189, 190, 191, 192, 193, 194, 195, 196, 197, 198, 199, 200, 201, 202, 203, 204, 205, 206, 207, 208, 209, 210, 211, 212, 213, 214, 215, 216, 217, 218, 219, 220, 221, 222, 223, 224, 225, 226, 227, 228, 229, 230, 231, 232, 233, 234, 235, 236, 237, 238, 239, 240, 241, 242, 243, 244, 245, 246, 247, 248, 249, 250, 251, 252, 253, 254, 255, 256, 257, 258, 259, 260, 261, 262, 263, 264, 265, 266, 267, 268, 269, 270, 271, 272, 273, 274, 275, 276, 277, 278, 279, 280, 281, 282, 283, 284, 285, 286, 287, 288, 289, 290, 291, 292, 293, 294, 295, 296, 297, 298, 299, 300, 301, 302, 303, 304, 305, 306, 307, 308, 309, 310, 311, 312, 313, 314, 315, 316, 317, 318, 319, 320, 321, 322, 323, 324, 325, 326, 327, 328, 329, 330, 331, 332, 333, 334, 335, 336, 337, 382, 485, 496, 574, 575, 576, 577, 578, 579, 580, 581, 582, 583, 584, 585, 586, 587, 588, 589, 590, 591, 592, 593, 594, 595, 596, 597, 598, 599, 600, 601, 602, 603, 604, 605, 606, 607, 608, 609, 610, 611, 612, 613, 614, 615, 616, 617, 618, 619, 620, 621, 622, 623, 624, 625, 626, 627, 628, 629, 630, 631, 632, 633, 634, 635, 636, 637, 638, 639, 640, 641, 642, 643, 644, 645, 646, 647, 648, 649, 650, 651, 652, 653, 654, 655, 656, 657, 658, 659, 660, 661, 662, 663, 664, 665, 666, 667, 668, 669, 670, 671, 672, 673, 674, 675, 676, 677, 678, 679, 680, 681, 682, 683, 684, 685, 686, 687, 688, 689, 690, 691, 692, 693, 694, 695, 696, 697, 698, 699, 700, 701, 702, 703, 704, 705, 706, 707, 708, 709, 710, 711, 712, 713, 714, 715, 716, 717, 718, 719, 720, 721, 722, 723, 724, 725, 726, 727, 728, 729, 730, 731, 732, 733, 734, 735, 736, 737, 738, 739, 740, 741, 742, 743, 744, 745, 746, 747, 748, 749, 750, 751, 752, 753, 754, 755, 756, 757, 758, 759, 760, 761, 762, 763, 764, 765, 766, 767, 768, 769, 770, 771, 772, 773, 774, 775, 776, 777, 778, 779, 780, 781, 782, 783, 784, 785, 786, 787, 788, 789, 790, 791, 792, 793, 832]",True,"[223, 687]","[103, 104, 105, 106, 107, 108, 109, 110, 111, 112, 113, 114, 115, 116, 117, 118, 119, 120, 121, 122, 123, 124, 125, 126, 127, 128, 129, 130, 131, 132, 133, 134, 135, 136, 137, 138, 139, 140, 141, 142, 143, 144, 145, 146, 147, 148, 149, 150, 151, 152, 153, 154, 155, 156, 157, 158, 159, 160, 161, 162, 163, 164, 165, 166, 167, 168, 169, 170, 171, 172, 173, 174, 175, 176, 177, 178, 179, 180, 181, 182, 183, 184, 185, 186, 187, 188, 189, 190, 191, 192, 193, 194, 195, 196, 197, 198, 199, 200, 201, 202, 203, 204, 205, 206, 207, 208, 209, 210, 211, 212, 213, 214, 215, 216, 217, 218, 219, 220, 221, 222, 223, 224, 225, 226, 227, 228, 229, 230, 231, 232, 233, 234, 235, 236, 237, 238, 239, 240, 241, 242, 243, 244, 245, 246, 247, 248, 249, 250, 251, 252, 253, 254, 255, 256, 257, 258, 259, 260, 261, 262, 263, 264, 265, 266, 267, 268, 269, 270, 271, 272, 273, 274, 275, 276, 277, 278, 279, 280, 281, 282, 283, 284, 285, 286, 287, 288, 289, 290, 291, 292, 293, 294, 295, 296, 297, 298, 299, 300, 301, 302, 303, 304, 305, 306, 307, 308, 309, 310, 311, 312, 313, 314, 315, 316, 317, 318, 319, 320, 321, 322, 323, 324, 325, 326, 327, 328, 329, 330, 331, 332, 333, 334, 335, 336, 337, 574, 575, 576, 577, 578, 579, 580, 581, 582, 583, 584, 585, 586, 587, 588, 589, 590, 591, 592, 593, 594, 595, 596, 597, 598, 599, 600, 601, 602, 603, 604, 605, 606, 607, 608, 609, 610, 611, 612, 613, 614, 615, 616, 617, 618, 619, 620, 621, 622, 623, 624, 625, 626, 627, 628, 629, 630, 631, 632, 633, 634, 635, 636, 637, 638, 639, 640, 641, 642, 643, 644, 645, 646, 647, 648, 649, 650, 651, 652, 653, 654, 655, 656, 657, 658, 659, 660, 661, 662, 663, 664, 665, 666, 667, 668, 669, 670, 671, 672, 673, 674, 675, 676, 677, 678, 679, 680, 681, 682, 683, 684, 685, 686, 687, 688, 689, 690, 691, 692, 693, 694, 695, 696, 697, 698, 699, 700, 701, 702, 703, 704, 705, 706, 707, 708, 709, 710, 711, 712, 713, 714, 715, 716, 717, 718, 719, 720, 721, 722, 723, 724, 725, 726, 727, 728, 729, 730, 731, 732, 733, 734, 735, 736, 737, 738, 739, 740, 741, 742, 743, 744, 745, 746, 747, 748, 749, 750, 751, 752, 753, 754, 755, 756, 757, 758, 759, 760, 761, 762, 763, 764, 765, 766, 767, 768, 769, 770, 771, 772, 773, 774, 775, 776, 777, 778, 779, 780, 781, 782, 783, 784, 785, 786, 787, 788, 789, 790, 791, 792, 793]","[223, 687]",[],"[11, 223, 496, 687]","[0, 120, 122, 200, 223, 226, 315, 382, 485, 591, 593, 625, 671, 687, 690, 773, 832]",[],7/6 successful match,True,"[86, 87]",True,275,False,,1.0,True,Mecca Travel Center ( Arco ),
Mecca ( 92254 ) Mecca Travel Center ( Arco ),760-396-5243 90480-66th Ave ( betw CA 86 & CA 111 ),111 ) 24 24,Mecca,92254,Mecca Travel Center ( Arco ),760-396-5243,2015,Mecca,CA,,( betw CA 86 & CA 111 ),90480-66th Ave,empty,,False,,False,66th Ave,,,,,"[687, 223]","[223, 687]","[223, 687]",[],"[103, 104, 105, 106, 107, 108, 109, 110, 111, 112, 113, 114, 115, 116, 117, 118, 119, 120, 121, 122, 123, 124, 125, 126, 127, 128, 129, 130, 131, 132, 133, 134, 135, 136, 137, 138, 139, 140, 141, 142, 143, 144, 145, 146, 147, 148, 149, 150, 151, 152, 153, 154, 155, 156, 157, 158, 159, 160, 161, 162, 163, 164, 165, 166, 167, 168, 169, 170, 171, 172, 173, 174, 175, 176, 177, 178, 179, 180, 181, 182, 183, 184, 185, 186, 187, 188, 189, 190, 191, 192, 193, 194, 195, 196, 197, 198, 199, 200, 201, 202, 203, 204, 205, 206, 207, 208, 209, 210, 211, 212, 213, 214, 215, 216, 217, 218, 219, 220, 221, 222, 223, 224, 225, 226, 227, 228, 229, 230, 231, 232, 233, 234, 235, 236, 237, 238, 239, 240, 241, 242, 243, 244, 245, 246, 247, 248, 249, 250, 251, 252, 253, 254, 255, 256, 257, 258, 259, 260, 261, 262, 263, 264, 265, 266, 267, 268, 269, 270, 271, 272, 273, 274, 275, 276, 277, 278, 279, 280, 281, 282, 283, 284, 285, 286, 287, 288, 289, 290, 291, 292, 293, 294, 295, 296, 297, 298, 299, 300, 301, 302, 303, 304, 305, 306, 307, 308, 309, 310, 311, 312, 313, 314, 315, 316, 317, 318, 319, 320, 321, 322, 323, 324, 325, 326, 327, 328, 329, 330, 331, 332, 333, 334, 335, 336, 337, 574, 575, 576, 577, 578, 579, 580, 581, 582, 583, 584, 585, 586, 587, 588, 589, 590, 591, 592, 593, 594, 595, 596, 597, 598, 599, 600, 601, 602, 603, 604, 605, 606, 607, 608, 609, 610, 611, 612, 613, 614, 615, 616, 617, 618, 619, 620, 621, 622, 623, 624, 625, 626, 627, 628, 629, 630, 631, 632, 633, 634, 635, 636, 637, 638, 639, 640, 641, 642, 643, 644, 645, 646, 647, 648, 649, 650, 651, 652, 653, 654, 655, 656, 657, 658, 659, 660, 661, 662, 663, 664, 665, 666, 667, 668, 669, 670, 671, 672, 673, 674, 675, 676, 677, 678, 679, 680, 681, 682, 683, 684, 685, 686, 687, 688, 689, 690, 691, 692, 693, 694, 695, 696, 697, 698, 699, 700, 701, 702, 703, 704, 705, 706, 707, 708, 709, 710, 711, 712, 713, 714, 715, 716, 717, 718, 719, 720, 721, 722, 723, 724, 725, 726, 727, 728, 729, 730, 731, 732, 733, 734, 735, 736, 737, 738, 739, 740, 741, 742, 743, 744, 745, 746, 747, 748, 749, 750, 751, 752, 753, 754, 755, 756, 757, 758, 759, 760, 761, 762, 763, 764, 765, 766, 767, 768, 769, 770, 771, 772, 773, 774, 775, 776, 777, 778, 779, 780, 781, 782, 783, 784, 785, 786, 787, 788, 789, 790, 791, 792, 793]","[11, 223, 496, 687]",[],"[0, 120, 122, 200, 223, 226, 315, 382, 485, 591, 593, 625, 671, 687, 690, 773, 832]","[0, 11, 103, 104, 105, 106, 107, 108, 109, 110, 111, 112, 113, 114, 115, 116, 117, 118, 119, 120, 121, 122, 123, 124, 125, 126, 127, 128, 129, 130, 131, 132, 133, 134, 135, 136, 137, 138, 139, 140, 141, 142, 143, 144, 145, 146, 147, 148, 149, 150, 151, 152, 153, 154, 155, 156, 157, 158, 159, 160, 161, 162, 163, 164, 165, 166, 167, 168, 169, 170, 171, 172, 173, 174, 175, 176, 177, 178, 179, 180, 181, 182, 183, 184, 185, 186, 187, 188, 189, 190, 191, 192, 193, 194, 195, 196, 197, 198, 199, 200, 201, 202, 203, 204, 205, 206, 207, 208, 209, 210, 211, 212, 213, 214, 215, 216, 217, 218, 219, 220, 221, 222, 223, 224, 225, 226, 227, 228, 229, 230, 231, 232, 233, 234, 235, 236, 237, 238, 239, 240, 241, 242, 243, 244, 245, 246, 247, 248, 249, 250, 251, 252, 253, 254, 255, 256, 257, 258, 259, 260, 261, 262, 263, 264, 265, 266, 267, 268, 269, 270, 271, 272, 273, 274, 275, 276, 277, 278, 279, 280, 281, 282, 283, 284, 285, 286, 287, 288, 289, 290, 291, 292, 293, 294, 295, 296, 297, 298, 299, 300, 301, 302, 303, 304, 305, 306, 307, 308, 309, 310, 311, 312, 313, 314, 315, 316, 317, 318, 319, 320, 321, 322, 323, 324, 325, 326, 327, 328, 329, 330, 331, 332, 333, 334, 335, 336, 337, 382, 485, 496, 574, 575, 576, 577, 578, 579, 580, 581, 582, 583, 584, 585, 586, 587, 588, 589, 590, 591, 592, 593, 594, 595, 596, 597, 598, 599, 600, 601, 602, 603, 604, 605, 606, 607, 608, 609, 610, 611, 612, 613, 614, 615, 616, 617, 618, 619, 620, 621, 622, 623, 624, 625, 626, 627, 628, 629, 630, 631, 632, 633, 634, 635, 636, 637, 638, 639, 640, 641, 642, 643, 644, 645, 646, 647, 648, 649, 650, 651, 652, 653, 654, 655, 656, 657, 658, 659, 660, 661, 662, 663, 664, 665, 666, 667, 668, 669, 670, 671, 672, 673, 674, 675, 676, 677, 678, 679, 680, 681, 682, 683, 684, 685, 686, 687, 688, 689, 690, 691, 692, 693, 694, 695, 696, 697, 698, 699, 700, 701, 702, 703, 704, 705, 706, 707, 708, 709, 710, 711, 712, 713, 714, 715, 716, 717, 718, 719, 720, 721, 722, 723, 724, 725, 726, 727, 728, 729, 730, 731, 732, 733, 734, 735, 736, 737, 738, 739, 740, 741, 742, 743, 744, 745, 746, 747, 748, 749, 750, 751, 752, 753, 754, 755, 756, 757, 758, 759, 760, 761, 762, 763, 764, 765, 766, 767, 768, 769, 770, 771, 772, 773, 774, 775, 776, 777, 778, 779, 780, 781, 782, 783, 784, 785, 786, 787, 788, 789, 790, 791, 792, 793, 832]",True,"[223, 687]","[103, 104, 105, 106, 107, 108, 109, 110, 111, 112, 113, 114, 115, 116, 117, 118, 119, 120, 121, 122, 123, 124, 125, 126, 127, 128, 129, 130, 131, 132, 133, 134, 135, 136, 137, 138, 139, 140, 141, 142, 143, 144, 145, 146, 147, 148, 149, 150, 151, 152, 153, 154, 155, 156, 157, 158, 159, 160, 161, 162, 163, 164, 165, 166, 167, 168, 169, 170, 171, 172, 173, 174, 175, 176, 177, 178, 179, 180, 181, 182, 183, 184, 185, 186, 187, 188, 189, 190, 191, 192, 193, 194, 195, 196, 197, 198, 199, 200, 201, 202, 203, 204, 205, 206, 207, 208, 209, 210, 211, 212, 213, 214, 215, 216, 217, 218, 219, 220, 221, 222, 223, 224, 225, 226, 227, 228, 229, 230, 231, 232, 233, 234, 235, 236, 237, 238, 239, 240, 241, 242, 243, 244, 245, 246, 247, 248, 249, 250, 251, 252, 253, 254, 255, 256, 257, 258, 259, 260, 261, 262, 263, 264, 265, 266, 267, 268, 269, 270, 271, 272, 273, 274, 275, 276, 277, 278, 279, 280, 281, 282, 283, 284, 285, 286, 287, 288, 289, 290, 291, 292, 293, 294, 295, 296, 297, 298, 299, 300, 301, 302, 303, 304, 305, 306, 307, 308, 309, 310, 311, 312, 313, 314, 315, 316, 317, 318, 319, 320, 321, 322, 323, 324, 325, 326, 327, 328, 329, 330, 331, 332, 333, 334, 335, 336, 337, 574, 575, 576, 577, 578, 579, 580, 581, 582, 583, 584, 585, 586, 587, 588, 589, 590, 591, 592, 593, 594, 595, 596, 597, 598, 599, 600, 601, 602, 603, 604, 605, 606, 607, 608, 609, 610, 611, 612, 613, 614, 615, 616, 617, 618, 619, 620, 621, 622, 623, 624, 625, 626, 627, 628, 629, 630, 631, 632, 633, 634, 635, 636, 637, 638, 639, 640, 641, 642, 643, 644, 645, 646, 647, 648, 649, 650, 651, 652, 653, 654, 655, 656, 657, 658, 659, 660, 661, 662, 663, 664, 665, 666, 667, 668, 669, 670, 671, 672, 673, 674, 675, 676, 677, 678, 679, 680, 681, 682, 683, 684, 685, 686, 687, 688, 689, 690, 691, 692, 693, 694, 695, 696, 697, 698, 699, 700, 701, 702, 703, 704, 705, 706, 707, 708, 709, 710, 711, 712, 713, 714, 715, 716, 717, 718, 719, 720, 721, 722, 723, 724, 725, 726, 727, 728, 729, 730, 731, 732, 733, 734, 735, 736, 737, 738, 739, 740, 741, 742, 743, 744, 745, 746, 747, 748, 749, 750, 751, 752, 753, 754, 755, 756, 757, 758, 759, 760, 761, 762, 763, 764, 765, 766, 767, 768, 769, 770, 771, 772, 773, 774, 775, 776, 777, 778, 779, 780, 781, 782, 783, 784, 785, 786, 787, 788, 789, 790, 791, 792, 793]","[223, 687]",[],"[11, 223, 496, 687]","[0, 120, 122, 200, 223, 226, 315, 382, 485, 591, 593, 625, 671, 687, 690, 773, 832]",[],7/6 successful match,True,"[86, 87]",True,275,False,,1.0,True,Mecca Travel Center ( Arco ),
Mecca ( 92254 ) Mecca Travel Center ( Arco ),760-396-5243 90480-66th Ave ( betw CA 86 & CA 111 ),) 24 24 024,Mecca,92254,Mecca Travel Center ( Arco ),760-396-5243,2016,Mecca,CA,,( betw CA 86 & CA 111 ),90480-66th Ave,empty,,False,,False,66th Ave,,,,,"[687, 223]","[223, 687]","[223, 687]",[],"[103, 104, 105, 106, 107, 108, 109, 110, 111, 112, 113, 114, 115, 116, 117, 118, 119, 120, 121, 122, 123, 124, 125, 126, 127, 128, 129, 130, 131, 132, 133, 134, 135, 136, 137, 138, 139, 140, 141, 142, 143, 144, 145, 146, 147, 148, 149, 150, 151, 152, 153, 154, 155, 156, 157, 158, 159, 160, 161, 162, 163, 164, 165, 166, 167, 168, 169, 170, 171, 172, 173, 174, 175, 176, 177, 178, 179, 180, 181, 182, 183, 184, 185, 186, 187, 188, 189, 190, 191, 192, 193, 194, 195, 196, 197, 198, 199, 200, 201, 202, 203, 204, 205, 206, 207, 208, 209, 210, 211, 212, 213, 214, 215, 216, 217, 218, 219, 220, 221, 222, 223, 224, 225, 226, 227, 228, 229, 230, 231, 232, 233, 234, 235, 236, 237, 238, 239, 240, 241, 242, 243, 244, 245, 246, 247, 248, 249, 250, 251, 252, 253, 254, 255, 256, 257, 258, 259, 260, 261, 262, 263, 264, 265, 266, 267, 268, 269, 270, 271, 272, 273, 274, 275, 276, 277, 278, 279, 280, 281, 282, 283, 284, 285, 286, 287, 288, 289, 290, 291, 292, 293, 294, 295, 296, 297, 298, 299, 300, 301, 302, 303, 304, 305, 306, 307, 308, 309, 310, 311, 312, 313, 314, 315, 316, 317, 318, 319, 320, 321, 322, 323, 324, 325, 326, 327, 328, 329, 330, 331, 332, 333, 334, 335, 336, 337, 574, 575, 576, 577, 578, 579, 580, 581, 582, 583, 584, 585, 586, 587, 588, 589, 590, 591, 592, 593, 594, 595, 596, 597, 598, 599, 600, 601, 602, 603, 604, 605, 606, 607, 608, 609, 610, 611, 612, 613, 614, 615, 616, 617, 618, 619, 620, 621, 622, 623, 624, 625, 626, 627, 628, 629, 630, 631, 632, 633, 634, 635, 636, 637, 638, 639, 640, 641, 642, 643, 644, 645, 646, 647, 648, 649, 650, 651, 652, 653, 654, 655, 656, 657, 658, 659, 660, 661, 662, 663, 664, 665, 666, 667, 668, 669, 670, 671, 672, 673, 674, 675, 676, 677, 678, 679, 680, 681, 682, 683, 684, 685, 686, 687, 688, 689, 690, 691, 692, 693, 694, 695, 696, 697, 698, 699, 700, 701, 702, 703, 704, 705, 706, 707, 708, 709, 710, 711, 712, 713, 714, 715, 716, 717, 718, 719, 720, 721, 722, 723, 724, 725, 726, 727, 728, 729, 730, 731, 732, 733, 734, 735, 736, 737, 738, 739, 740, 741, 742, 743, 744, 745, 746, 747, 748, 749, 750, 751, 752, 753, 754, 755, 756, 757, 758, 759, 760, 761, 762, 763, 764, 765, 766, 767, 768, 769, 770, 771, 772, 773, 774, 775, 776, 777, 778, 779, 780, 781, 782, 783, 784, 785, 786, 787, 788, 789, 790, 791, 792, 793]","[11, 223, 496, 687]",[],"[0, 120, 122, 200, 223, 226, 315, 382, 485, 591, 593, 625, 671, 687, 690, 773, 832]","[0, 11, 103, 104, 105, 106, 107, 108, 109, 110, 111, 112, 113, 114, 115, 116, 117, 118, 119, 120, 121, 122, 123, 124, 125, 126, 127, 128, 129, 130, 131, 132, 133, 134, 135, 136, 137, 138, 139, 140, 141, 142, 143, 144, 145, 146, 147, 148, 149, 150, 151, 152, 153, 154, 155, 156, 157, 158, 159, 160, 161, 162, 163, 164, 165, 166, 167, 168, 169, 170, 171, 172, 173, 174, 175, 176, 177, 178, 179, 180, 181, 182, 183, 184, 185, 186, 187, 188, 189, 190, 191, 192, 193, 194, 195, 196, 197, 198, 199, 200, 201, 202, 203, 204, 205, 206, 207, 208, 209, 210, 211, 212, 213, 214, 215, 216, 217, 218, 219, 220, 221, 222, 223, 224, 225, 226, 227, 228, 229, 230, 231, 232, 233, 234, 235, 236, 237, 238, 239, 240, 241, 242, 243, 244, 245, 246, 247, 248, 249, 250, 251, 252, 253, 254, 255, 256, 257, 258, 259, 260, 261, 262, 263, 264, 265, 266, 267, 268, 269, 270, 271, 272, 273, 274, 275, 276, 277, 278, 279, 280, 281, 282, 283, 284, 285, 286, 287, 288, 289, 290, 291, 292, 293, 294, 295, 296, 297, 298, 299, 300, 301, 302, 303, 304, 305, 306, 307, 308, 309, 310, 311, 312, 313, 314, 315, 316, 317, 318, 319, 320, 321, 322, 323, 324, 325, 326, 327, 328, 329, 330, 331, 332, 333, 334, 335, 336, 337, 382, 485, 496, 574, 575, 576, 577, 578, 579, 580, 581, 582, 583, 584, 585, 586, 587, 588, 589, 590, 591, 592, 593, 594, 595, 596, 597, 598, 599, 600, 601, 602, 603, 604, 605, 606, 607, 608, 609, 610, 611, 612, 613, 614, 615, 616, 617, 618, 619, 620, 621, 622, 623, 624, 625, 626, 627, 628, 629, 630, 631, 632, 633, 634, 635, 636, 637, 638, 639, 640, 641, 642, 643, 644, 645, 646, 647, 648, 649, 650, 651, 652, 653, 654, 655, 656, 657, 658, 659, 660, 661, 662, 663, 664, 665, 666, 667, 668, 669, 670, 671, 672, 673, 674, 675, 676, 677, 678, 679, 680, 681, 682, 683, 684, 685, 686, 687, 688, 689, 690, 691, 692, 693, 694, 695, 696, 697, 698, 699, 700, 701, 702, 703, 704, 705, 706, 707, 708, 709, 710, 711, 712, 713, 714, 715, 716, 717, 718, 719, 720, 721, 722, 723, 724, 725, 726, 727, 728, 729, 730, 731, 732, 733, 734, 735, 736, 737, 738, 739, 740, 741, 742, 743, 744, 745, 746, 747, 748, 749, 750, 751, 752, 753, 754, 755, 756, 757, 758, 759, 760, 761, 762, 763, 764, 765, 766, 767, 768, 769, 770, 771, 772, 773, 774, 775, 776, 777, 778, 779, 780, 781, 782, 783, 784, 785, 786, 787, 788, 789, 790, 791, 792, 793, 832]",True,"[223, 687]","[103, 104, 105, 106, 107, 108, 109, 110, 111, 112, 113, 114, 115, 116, 117, 118, 119, 120, 121, 122, 123, 124, 125, 126, 127, 128, 129, 130, 131, 132, 133, 134, 135, 136, 137, 138, 139, 140, 141, 142, 143, 144, 145, 146, 147, 148, 149, 150, 151, 152, 153, 154, 155, 156, 157, 158, 159, 160, 161, 162, 163, 164, 165, 166, 167, 168, 169, 170, 171, 172, 173, 174, 175, 176, 177, 178, 179, 180, 181, 182, 183, 184, 185, 186, 187, 188, 189, 190, 191, 192, 193, 194, 195, 196, 197, 198, 199, 200, 201, 202, 203, 204, 205, 206, 207, 208, 209, 210, 211, 212, 213, 214, 215, 216, 217, 218, 219, 220, 221, 222, 223, 224, 225, 226, 227, 228, 229, 230, 231, 232, 233, 234, 235, 236, 237, 238, 239, 240, 241, 242, 243, 244, 245, 246, 247, 248, 249, 250, 251, 252, 253, 254, 255, 256, 257, 258, 259, 260, 261, 262, 263, 264, 265, 266, 267, 268, 269, 270, 271, 272, 273, 274, 275, 276, 277, 278, 279, 280, 281, 282, 283, 284, 285, 286, 287, 288, 289, 290, 291, 292, 293, 294, 295, 296, 297, 298, 299, 300, 301, 302, 303, 304, 305, 306, 307, 308, 309, 310, 311, 312, 313, 314, 315, 316, 317, 318, 319, 320, 321, 322, 323, 324, 325, 326, 327, 328, 329, 330, 331, 332, 333, 334, 335, 336, 337, 574, 575, 576, 577, 578, 579, 580, 581, 582, 583, 584, 585, 586, 587, 588, 589, 590, 591, 592, 593, 594, 595, 596, 597, 598, 599, 600, 601, 602, 603, 604, 605, 606, 607, 608, 609, 610, 611, 612, 613, 614, 615, 616, 617, 618, 619, 620, 621, 622, 623, 624, 625, 626, 627, 628, 629, 630, 631, 632, 633, 634, 635, 636, 637, 638, 639, 640, 641, 642, 643, 644, 645, 646, 647, 648, 649, 650, 651, 652, 653, 654, 655, 656, 657, 658, 659, 660, 661, 662, 663, 664, 665, 666, 667, 668, 669, 670, 671, 672, 673, 674, 675, 676, 677, 678, 679, 680, 681, 682, 683, 684, 685, 686, 687, 688, 689, 690, 691, 692, 693, 694, 695, 696, 697, 698, 699, 700, 701, 702, 703, 704, 705, 706, 707, 708, 709, 710, 711, 712, 713, 714, 715, 716, 717, 718, 719, 720, 721, 722, 723, 724, 725, 726, 727, 728, 729, 730, 731, 732, 733, 734, 735, 736, 737, 738, 739, 740, 741, 742, 743, 744, 745, 746, 747, 748, 749, 750, 751, 752, 753, 754, 755, 756, 757, 758, 759, 760, 761, 762, 763, 764, 765, 766, 767, 768, 769, 770, 771, 772, 773, 774, 775, 776, 777, 778, 779, 780, 781, 782, 783, 784, 785, 786, 787, 788, 789, 790, 791, 792, 793]","[223, 687]",[],"[11, 223, 496, 687]","[0, 120, 122, 200, 223, 226, 315, 382, 485, 591, 593, 625, 671, 687, 690, 773, 832]",[],7/6 successful match,True,"[86, 87]",True,275,False,,1.0,True,Mecca Travel Center ( Arco ),
"Palm Springs ( N ) , 92258 Pilot Travel Center # 307",6 760-329-5562 I-10 Exit 120 ( Indian Ave ),24 HRS M <U+2610>,Palm Springs,92258,Pilot Travel Center # 307,760-329-5562,2006,North Palm Springs,CA,Pilot,( Indian Ave ),I-10 Exit 120 ,Exit,120,False,,False,I-10,,,,,"[717, 254]",[],"[174, 188, 189, 197, 232, 254, 369, 399, 645, 659, 660, 668, 696, 717, 819, 848]","[254, 717]","[103, 104, 105, 106, 107, 108, 109, 110, 111, 112, 113, 114, 115, 116, 117, 118, 119, 120, 121, 122, 123, 124, 125, 126, 127, 128, 129, 130, 131, 132, 133, 134, 135, 136, 137, 138, 139, 140, 141, 142, 143, 144, 145, 146, 147, 148, 149, 150, 151, 152, 153, 154, 155, 156, 157, 158, 159, 160, 161, 162, 163, 164, 165, 166, 167, 168, 169, 170, 171, 172, 173, 174, 175, 176, 177, 178, 179, 180, 181, 182, 183, 184, 185, 186, 187, 188, 189, 190, 191, 192, 193, 194, 195, 196, 197, 198, 199, 200, 201, 202, 203, 204, 205, 206, 207, 208, 209, 210, 211, 212, 213, 214, 215, 216, 217, 218, 219, 220, 221, 222, 223, 224, 225, 226, 227, 228, 229, 230, 231, 232, 233, 234, 235, 236, 237, 238, 239, 240, 241, 242, 243, 244, 245, 246, 247, 248, 249, 250, 251, 252, 253, 254, 255, 256, 257, 258, 259, 260, 261, 262, 263, 264, 265, 266, 267, 268, 269, 270, 271, 272, 273, 274, 275, 276, 277, 278, 279, 280, 281, 282, 283, 284, 285, 286, 287, 288, 289, 290, 291, 292, 293, 294, 295, 296, 297, 298, 299, 300, 301, 302, 303, 304, 305, 306, 307, 308, 309, 310, 311, 312, 313, 314, 315, 316, 317, 318, 319, 320, 321, 322, 323, 324, 325, 326, 327, 328, 329, 330, 331, 332, 333, 334, 335, 336, 337, 574, 575, 576, 577, 578, 579, 580, 581, 582, 583, 584, 585, 586, 587, 588, 589, 590, 591, 592, 593, 594, 595, 596, 597, 598, 599, 600, 601, 602, 603, 604, 605, 606, 607, 608, 609, 610, 611, 612, 613, 614, 615, 616, 617, 618, 619, 620, 621, 622, 623, 624, 625, 626, 627, 628, 629, 630, 631, 632, 633, 634, 635, 636, 637, 638, 639, 640, 641, 642, 643, 644, 645, 646, 647, 648, 649, 650, 651, 652, 653, 654, 655, 656, 657, 658, 659, 660, 661, 662, 663, 664, 665, 666, 667, 668, 669, 670, 671, 672, 673, 674, 675, 676, 677, 678, 679, 680, 681, 682, 683, 684, 685, 686, 687, 688, 689, 690, 691, 692, 693, 694, 695, 696, 697, 698, 699, 700, 701, 702, 703, 704, 705, 706, 707, 708, 709, 710, 711, 712, 713, 714, 715, 716, 717, 718, 719, 720, 721, 722, 723, 724, 725, 726, 727, 728, 729, 730, 731, 732, 733, 734, 735, 736, 737, 738, 739, 740, 741, 742, 743, 744, 745, 746, 747, 748, 749, 750, 751, 752, 753, 754, 755, 756, 757, 758, 759, 760, 761, 762, 763, 764, 765, 766, 767, 768, 769, 770, 771, 772, 773, 774, 775, 776, 777, 778, 779, 780, 781, 782, 783, 784, 785, 786, 787, 788, 789, 790, 791, 792, 793]","[0, 5, 7, 10, 14, 19, 20, 22, 24, 32, 33, 34, 37, 38, 40, 44, 46, 48, 49, 51, 56, 61, 63, 65, 67, 68, 73, 74, 75, 76, 79, 81, 82, 83, 85, 87, 88, 92, 93, 95, 96, 99, 100, 101, 115, 116, 124, 134, 142, 161, 167, 169, 170, 186, 202, 240, 244, 254, 260, 267, 277, 300, 303, 307, 310, 322, 331, 376, 485, 491, 493, 495, 499, 503, 504, 506, 508, 515, 518, 519, 521, 524, 526, 528, 533, 537, 539, 542, 543, 547, 548, 549, 550, 551, 553, 554, 556, 558, 559, 563, 564, 566, 567, 570, 571, 572, 586, 587, 595, 605, 613, 633, 639, 640, 641, 657, 672, 704, 717, 726, 736, 759, 761, 765, 768, 780, 788, 792, 826]","[15, 16, 65, 66, 67, 68, 69, 70, 71, 72, 73, 74, 75, 76, 80, 151, 245, 246, 247, 248, 249, 250, 251, 252, 253, 254, 255, 256, 257, 258, 259, 280, 340, 373, 374, 375, 376, 377, 459, 460, 461, 462, 500, 501, 539, 540, 541, 542, 543, 544, 545, 546, 547, 548, 549, 550, 552, 622, 708, 709, 710, 711, 712, 713, 714, 715, 716, 717, 718, 719, 720, 739, 796, 823, 824, 825, 826, 827, 906, 907, 908, 909]","[15, 16, 65, 66, 67, 68, 69, 70, 71, 72, 73, 74, 75, 76, 77, 78, 80, 151, 244, 245, 246, 247, 248, 249, 250, 251, 252, 253, 254, 255, 256, 257, 258, 259, 260, 280, 340, 373, 374, 375, 376, 377, 459, 460, 461, 462, 500, 501, 539, 540, 541, 542, 543, 544, 545, 546, 547, 548, 549, 550, 552, 622, 708, 709, 710, 711, 712, 713, 714, 715, 716, 717, 718, 719, 720, 739, 796, 823, 824, 825, 826, 827, 906, 907, 908, 909]","[0, 5, 7, 10, 14, 15, 16, 19, 20, 22, 24, 32, 33, 34, 37, 38, 40, 44, 46, 48, 49, 51, 56, 61, 63, 65, 66, 67, 68, 69, 70, 71, 72, 73, 74, 75, 76, 77, 78, 79, 80, 81, 82, 83, 85, 87, 88, 92, 93, 95, 96, 99, 100, 101, 103, 104, 105, 106, 107, 108, 109, 110, 111, 112, 113, 114, 115, 116, 117, 118, 119, 120, 121, 122, 123, 124, 125, 126, 127, 128, 129, 130, 131, 132, 133, 134, 135, 136, 137, 138, 139, 140, 141, 142, 143, 144, 145, 146, 147, 148, 149, 150, 151, 152, 153, 154, 155, 156, 157, 158, 159, 160, 161, 162, 163, 164, 165, 166, 167, 168, 169, 170, 171, 172, 173, 174, 175, 176, 177, 178, 179, 180, 181, 182, 183, 184, 185, 186, 187, 188, 189, 190, 191, 192, 193, 194, 195, 196, 197, 198, 199, 200, 201, 202, 203, 204, 205, 206, 207, 208, 209, 210, 211, 212, 213, 214, 215, 216, 217, 218, 219, 220, 221, 222, 223, 224, 225, 226, 227, 228, 229, 230, 231, 232, 233, 234, 235, 236, 237, 238, 239, 240, 241, 242, 243, 244, 245, 246, 247, 248, 249, 250, 251, 252, 253, 254, 255, 256, 257, 258, 259, 260, 261, 262, 263, 264, 265, 266, 267, 268, 269, 270, 271, 272, 273, 274, 275, 276, 277, 278, 279, 280, 281, 282, 283, 284, 285, 286, 287, 288, 289, 290, 291, 292, 293, 294, 295, 296, 297, 298, 299, 300, 301, 302, 303, 304, 305, 306, 307, 308, 309, 310, 311, 312, 313, 314, 315, 316, 317, 318, 319, 320, 321, 322, 323, 324, 325, 326, 327, 328, 329, 330, 331, 332, 333, 334, 335, 336, 337, 340, 369, 373, 374, 375, 376, 377, 399, 459, 460, 461, 462, 485, 491, 493, 495, 499, 500, 501, 503, 504, 506, 508, 515, 518, 519, 521, 524, 526, 528, 533, 537, 539, 540, 541, 542, 543, 544, 545, 546, 547, 548, 549, 550, 551, 552, 553, 554, 556, 558, 559, 563, 564, 566, 567, 570, 571, 572, 574, 575, 576, 577, 578, 579, 580, 581, 582, 583, 584, 585, 586, 587, 588, 589, 590, 591, 592, 593, 594, 595, 596, 597, 598, 599, 600, 601, 602, 603, 604, 605, 606, 607, 608, 609, 610, 611, 612, 613, 614, 615, 616, 617, 618, 619, 620, 621, 622, 623, 624, 625, 626, 627, 628, 629, 630, 631, 632, 633, 634, 635, 636, 637, 638, 639, 640, 641, 642, 643, 644, 645, 646, 647, 648, 649, 650, 651, 652, 653, 654, 655, 656, 657, 658, 659, 660, 661, 662, 663, 664, 665, 666, 667, 668, 669, 670, 671, 672, 673, 674, 675, 676, 677, 678, 679, 680, 681, 682, 683, 684, 685, 686, 687, 688, 689, 690, 691, 692, 693, 694, 695, 696, 697, 698, 699, 700, 701, 702, 703, 704, 705, 706, 707, 708, 709, 710, 711, 712, 713, 714, 715, 716, 717, 718, 719, 720, 721, 722, 723, 724, 725, 726, 727, 728, 729, 730, 731, 732, 733, 734, 735, 736, 737, 738, 739, 740, 741, 742, 743, 744, 745, 746, 747, 748, 749, 750, 751, 752, 753, 754, 755, 756, 757, 758, 759, 760, 761, 762, 763, 764, 765, 766, 767, 768, 769, 770, 771, 772, 773, 774, 775, 776, 777, 778, 779, 780, 781, 782, 783, 784, 785, 786, 787, 788, 789, 790, 791, 792, 793, 796, 819, 823, 824, 825, 826, 827, 848, 906, 907, 908, 909]",True,[],"[103, 104, 105, 106, 107, 108, 109, 110, 111, 112, 113, 114, 115, 116, 117, 118, 119, 120, 121, 122, 123, 124, 125, 126, 127, 128, 129, 130, 131, 132, 133, 134, 135, 136, 137, 138, 139, 140, 141, 142, 143, 144, 145, 146, 147, 148, 149, 150, 151, 152, 153, 154, 155, 156, 157, 158, 159, 160, 161, 162, 163, 164, 165, 166, 167, 168, 169, 170, 171, 172, 173, 174, 175, 176, 177, 178, 179, 180, 181, 182, 183, 184, 185, 186, 187, 188, 189, 190, 191, 192, 193, 194, 195, 196, 197, 198, 199, 200, 201, 202, 203, 204, 205, 206, 207, 208, 209, 210, 211, 212, 213, 214, 215, 216, 217, 218, 219, 220, 221, 222, 223, 224, 225, 226, 227, 228, 229, 230, 231, 232, 233, 234, 235, 236, 237, 238, 239, 240, 241, 242, 243, 244, 245, 246, 247, 248, 249, 250, 251, 252, 253, 254, 255, 256, 257, 258, 259, 260, 261, 262, 263, 264, 265, 266, 267, 268, 269, 270, 271, 272, 273, 274, 275, 276, 277, 278, 279, 280, 281, 282, 283, 284, 285, 286, 287, 288, 289, 290, 291, 292, 293, 294, 295, 296, 297, 298, 299, 300, 301, 302, 303, 304, 305, 306, 307, 308, 309, 310, 311, 312, 313, 314, 315, 316, 317, 318, 319, 320, 321, 322, 323, 324, 325, 326, 327, 328, 329, 330, 331, 332, 333, 334, 335, 336, 337, 574, 575, 576, 577, 578, 579, 580, 581, 582, 583, 584, 585, 586, 587, 588, 589, 590, 591, 592, 593, 594, 595, 596, 597, 598, 599, 600, 601, 602, 603, 604, 605, 606, 607, 608, 609, 610, 611, 612, 613, 614, 615, 616, 617, 618, 619, 620, 621, 622, 623, 624, 625, 626, 627, 628, 629, 630, 631, 632, 633, 634, 635, 636, 637, 638, 639, 640, 641, 642, 643, 644, 645, 646, 647, 648, 649, 650, 651, 652, 653, 654, 655, 656, 657, 658, 659, 660, 661, 662, 663, 664, 665, 666, 667, 668, 669, 670, 671, 672, 673, 674, 675, 676, 677, 678, 679, 680, 681, 682, 683, 684, 685, 686, 687, 688, 689, 690, 691, 692, 693, 694, 695, 696, 697, 698, 699, 700, 701, 702, 703, 704, 705, 706, 707, 708, 709, 710, 711, 712, 713, 714, 715, 716, 717, 718, 719, 720, 721, 722, 723, 724, 725, 726, 727, 728, 729, 730, 731, 732, 733, 734, 735, 736, 737, 738, 739, 740, 741, 742, 743, 744, 745, 746, 747, 748, 749, 750, 751, 752, 753, 754, 755, 756, 757, 758, 759, 760, 761, 762, 763, 764, 765, 766, 767, 768, 769, 770, 771, 772, 773, 774, 775, 776, 777, 778, 779, 780, 781, 782, 783, 784, 785, 786, 787, 788, 789, 790, 791, 792, 793]","[174, 188, 189, 197, 232, 254, 369, 399, 645, 659, 660, 668, 696, 717, 819, 848]","[254, 717]","[0, 5, 7, 10, 14, 19, 20, 22, 24, 32, 33, 34, 37, 38, 40, 44, 46, 48, 49, 51, 56, 61, 63, 65, 67, 68, 73, 74, 75, 76, 79, 81, 82, 83, 85, 87, 88, 92, 93, 95, 96, 99, 100, 101, 115, 116, 124, 134, 142, 161, 167, 169, 170, 186, 202, 240, 244, 254, 260, 267, 277, 300, 303, 307, 310, 322, 331, 376, 485, 491, 493, 495, 499, 503, 504, 506, 508, 515, 518, 519, 521, 524, 526, 528, 533, 537, 539, 542, 543, 547, 548, 549, 550, 551, 553, 554, 556, 558, 559, 563, 564, 566, 567, 570, 571, 572, 586, 587, 595, 605, 613, 633, 639, 640, 641, 657, 672, 704, 717, 726, 736, 759, 761, 765, 768, 780, 788, 792, 826]","[15, 16, 65, 66, 67, 68, 69, 70, 71, 72, 73, 74, 75, 76, 77, 78, 80, 151, 244, 245, 246, 247, 248, 249, 250, 251, 252, 253, 254, 255, 256, 257, 258, 259, 260, 280, 340, 373, 374, 375, 376, 377, 459, 460, 461, 462, 500, 501, 539, 540, 541, 542, 543, 544, 545, 546, 547, 548, 549, 550, 552, 622, 708, 709, 710, 711, 712, 713, 714, 715, 716, 717, 718, 719, 720, 739, 796, 823, 824, 825, 826, 827, 906, 907, 908, 909]","[15, 16, 65, 66, 67, 68, 69, 70, 71, 72, 73, 74, 75, 76, 80, 151, 245, 246, 247, 248, 249, 250, 251, 252, 253, 254, 255, 256, 257, 258, 259, 280, 340, 373, 374, 375, 376, 377, 459, 460, 461, 462, 500, 501, 539, 540, 541, 542, 543, 544, 545, 546, 547, 548, 549, 550, 552, 622, 708, 709, 710, 711, 712, 713, 714, 715, 716, 717, 718, 719, 720, 739, 796, 823, 824, 825, 826, 827, 906, 907, 908, 909]",7/6 successful match,True,[12],True,276,False,,,,,
"Palm Sprgs ( N ) , 92258 Pilot Travel Center",760-329-5562 I-10 Exit 120 ( Indian # 307,HRS 24 MO,Palm Sprgs,92258,Pilot Travel Center,760-329-5562,2007,North Palm Springs,CA,Pilot,( Indian # 307,I-10 Exit 120 ,Exit,120,False,,False,I-10,,,,,"[717, 254]",[],"[174, 188, 189, 197, 232, 254, 369, 399, 645, 659, 660, 668, 696, 717, 819, 848]","[254, 717]","[103, 104, 105, 106, 107, 108, 109, 110, 111, 112, 113, 114, 115, 116, 117, 118, 119, 120, 121, 122, 123, 124, 125, 126, 127, 128, 129, 130, 131, 132, 133, 134, 135, 136, 137, 138, 139, 140, 141, 142, 143, 144, 145, 146, 147, 148, 149, 150, 151, 152, 153, 154, 155, 156, 157, 158, 159, 160, 161, 162, 163, 164, 165, 166, 167, 168, 169, 170, 171, 172, 173, 174, 175, 176, 177, 178, 179, 180, 181, 182, 183, 184, 185, 186, 187, 188, 189, 190, 191, 192, 193, 194, 195, 196, 197, 198, 199, 200, 201, 202, 203, 204, 205, 206, 207, 208, 209, 210, 211, 212, 213, 214, 215, 216, 217, 218, 219, 220, 221, 222, 223, 224, 225, 226, 227, 228, 229, 230, 231, 232, 233, 234, 235, 236, 237, 238, 239, 240, 241, 242, 243, 244, 245, 246, 247, 248, 249, 250, 251, 252, 253, 254, 255, 256, 257, 258, 259, 260, 261, 262, 263, 264, 265, 266, 267, 268, 269, 270, 271, 272, 273, 274, 275, 276, 277, 278, 279, 280, 281, 282, 283, 284, 285, 286, 287, 288, 289, 290, 291, 292, 293, 294, 295, 296, 297, 298, 299, 300, 301, 302, 303, 304, 305, 306, 307, 308, 309, 310, 311, 312, 313, 314, 315, 316, 317, 318, 319, 320, 321, 322, 323, 324, 325, 326, 327, 328, 329, 330, 331, 332, 333, 334, 335, 336, 337, 574, 575, 576, 577, 578, 579, 580, 581, 582, 583, 584, 585, 586, 587, 588, 589, 590, 591, 592, 593, 594, 595, 596, 597, 598, 599, 600, 601, 602, 603, 604, 605, 606, 607, 608, 609, 610, 611, 612, 613, 614, 615, 616, 617, 618, 619, 620, 621, 622, 623, 624, 625, 626, 627, 628, 629, 630, 631, 632, 633, 634, 635, 636, 637, 638, 639, 640, 641, 642, 643, 644, 645, 646, 647, 648, 649, 650, 651, 652, 653, 654, 655, 656, 657, 658, 659, 660, 661, 662, 663, 664, 665, 666, 667, 668, 669, 670, 671, 672, 673, 674, 675, 676, 677, 678, 679, 680, 681, 682, 683, 684, 685, 686, 687, 688, 689, 690, 691, 692, 693, 694, 695, 696, 697, 698, 699, 700, 701, 702, 703, 704, 705, 706, 707, 708, 709, 710, 711, 712, 713, 714, 715, 716, 717, 718, 719, 720, 721, 722, 723, 724, 725, 726, 727, 728, 729, 730, 731, 732, 733, 734, 735, 736, 737, 738, 739, 740, 741, 742, 743, 744, 745, 746, 747, 748, 749, 750, 751, 752, 753, 754, 755, 756, 757, 758, 759, 760, 761, 762, 763, 764, 765, 766, 767, 768, 769, 770, 771, 772, 773, 774, 775, 776, 777, 778, 779, 780, 781, 782, 783, 784, 785, 786, 787, 788, 789, 790, 791, 792, 793]","[0, 5, 7, 10, 14, 19, 20, 22, 24, 32, 33, 34, 37, 38, 40, 44, 46, 48, 49, 51, 56, 61, 63, 65, 67, 68, 73, 74, 75, 76, 79, 81, 82, 83, 85, 87, 88, 92, 93, 95, 96, 99, 100, 101, 115, 116, 124, 134, 142, 161, 167, 169, 170, 186, 202, 240, 244, 254, 260, 267, 277, 300, 303, 307, 310, 322, 331, 376, 485, 491, 493, 495, 499, 503, 504, 506, 508, 515, 518, 519, 521, 524, 526, 528, 533, 537, 539, 542, 543, 547, 548, 549, 550, 551, 553, 554, 556, 558, 559, 563, 564, 566, 567, 570, 571, 572, 586, 587, 595, 605, 613, 633, 639, 640, 641, 657, 672, 704, 717, 726, 736, 759, 761, 765, 768, 780, 788, 792, 826]","[15, 16, 65, 66, 67, 68, 69, 70, 71, 72, 73, 74, 75, 76, 80, 151, 245, 246, 247, 248, 249, 250, 251, 252, 253, 254, 255, 256, 257, 258, 259, 280, 340, 373, 374, 375, 376, 377, 459, 460, 461, 462, 500, 501, 539, 540, 541, 542, 543, 544, 545, 546, 547, 548, 549, 550, 552, 622, 708, 709, 710, 711, 712, 713, 714, 715, 716, 717, 718, 719, 720, 739, 796, 823, 824, 825, 826, 827, 906, 907, 908, 909]","[15, 16, 65, 66, 67, 68, 69, 70, 71, 72, 73, 74, 75, 76, 77, 78, 80, 151, 244, 245, 246, 247, 248, 249, 250, 251, 252, 253, 254, 255, 256, 257, 258, 259, 260, 280, 340, 373, 374, 375, 376, 377, 459, 460, 461, 462, 500, 501, 539, 540, 541, 542, 543, 544, 545, 546, 547, 548, 549, 550, 552, 622, 708, 709, 710, 711, 712, 713, 714, 715, 716, 717, 718, 719, 720, 739, 796, 823, 824, 825, 826, 827, 906, 907, 908, 909]","[0, 5, 7, 10, 14, 15, 16, 19, 20, 22, 24, 32, 33, 34, 37, 38, 40, 44, 46, 48, 49, 51, 56, 61, 63, 65, 66, 67, 68, 69, 70, 71, 72, 73, 74, 75, 76, 77, 78, 79, 80, 81, 82, 83, 85, 87, 88, 92, 93, 95, 96, 99, 100, 101, 103, 104, 105, 106, 107, 108, 109, 110, 111, 112, 113, 114, 115, 116, 117, 118, 119, 120, 121, 122, 123, 124, 125, 126, 127, 128, 129, 130, 131, 132, 133, 134, 135, 136, 137, 138, 139, 140, 141, 142, 143, 144, 145, 146, 147, 148, 149, 150, 151, 152, 153, 154, 155, 156, 157, 158, 159, 160, 161, 162, 163, 164, 165, 166, 167, 168, 169, 170, 171, 172, 173, 174, 175, 176, 177, 178, 179, 180, 181, 182, 183, 184, 185, 186, 187, 188, 189, 190, 191, 192, 193, 194, 195, 196, 197, 198, 199, 200, 201, 202, 203, 204, 205, 206, 207, 208, 209, 210, 211, 212, 213, 214, 215, 216, 217, 218, 219, 220, 221, 222, 223, 224, 225, 226, 227, 228, 229, 230, 231, 232, 233, 234, 235, 236, 237, 238, 239, 240, 241, 242, 243, 244, 245, 246, 247, 248, 249, 250, 251, 252, 253, 254, 255, 256, 257, 258, 259, 260, 261, 262, 263, 264, 265, 266, 267, 268, 269, 270, 271, 272, 273, 274, 275, 276, 277, 278, 279, 280, 281, 282, 283, 284, 285, 286, 287, 288, 289, 290, 291, 292, 293, 294, 295, 296, 297, 298, 299, 300, 301, 302, 303, 304, 305, 306, 307, 308, 309, 310, 311, 312, 313, 314, 315, 316, 317, 318, 319, 320, 321, 322, 323, 324, 325, 326, 327, 328, 329, 330, 331, 332, 333, 334, 335, 336, 337, 340, 369, 373, 374, 375, 376, 377, 399, 459, 460, 461, 462, 485, 491, 493, 495, 499, 500, 501, 503, 504, 506, 508, 515, 518, 519, 521, 524, 526, 528, 533, 537, 539, 540, 541, 542, 543, 544, 545, 546, 547, 548, 549, 550, 551, 552, 553, 554, 556, 558, 559, 563, 564, 566, 567, 570, 571, 572, 574, 575, 576, 577, 578, 579, 580, 581, 582, 583, 584, 585, 586, 587, 588, 589, 590, 591, 592, 593, 594, 595, 596, 597, 598, 599, 600, 601, 602, 603, 604, 605, 606, 607, 608, 609, 610, 611, 612, 613, 614, 615, 616, 617, 618, 619, 620, 621, 622, 623, 624, 625, 626, 627, 628, 629, 630, 631, 632, 633, 634, 635, 636, 637, 638, 639, 640, 641, 642, 643, 644, 645, 646, 647, 648, 649, 650, 651, 652, 653, 654, 655, 656, 657, 658, 659, 660, 661, 662, 663, 664, 665, 666, 667, 668, 669, 670, 671, 672, 673, 674, 675, 676, 677, 678, 679, 680, 681, 682, 683, 684, 685, 686, 687, 688, 689, 690, 691, 692, 693, 694, 695, 696, 697, 698, 699, 700, 701, 702, 703, 704, 705, 706, 707, 708, 709, 710, 711, 712, 713, 714, 715, 716, 717, 718, 719, 720, 721, 722, 723, 724, 725, 726, 727, 728, 729, 730, 731, 732, 733, 734, 735, 736, 737, 738, 739, 740, 741, 742, 743, 744, 745, 746, 747, 748, 749, 750, 751, 752, 753, 754, 755, 756, 757, 758, 759, 760, 761, 762, 763, 764, 765, 766, 767, 768, 769, 770, 771, 772, 773, 774, 775, 776, 777, 778, 779, 780, 781, 782, 783, 784, 785, 786, 787, 788, 789, 790, 791, 792, 793, 796, 819, 823, 824, 825, 826, 827, 848, 906, 907, 908, 909]",True,[],"[103, 104, 105, 106, 107, 108, 109, 110, 111, 112, 113, 114, 115, 116, 117, 118, 119, 120, 121, 122, 123, 124, 125, 126, 127, 128, 129, 130, 131, 132, 133, 134, 135, 136, 137, 138, 139, 140, 141, 142, 143, 144, 145, 146, 147, 148, 149, 150, 151, 152, 153, 154, 155, 156, 157, 158, 159, 160, 161, 162, 163, 164, 165, 166, 167, 168, 169, 170, 171, 172, 173, 174, 175, 176, 177, 178, 179, 180, 181, 182, 183, 184, 185, 186, 187, 188, 189, 190, 191, 192, 193, 194, 195, 196, 197, 198, 199, 200, 201, 202, 203, 204, 205, 206, 207, 208, 209, 210, 211, 212, 213, 214, 215, 216, 217, 218, 219, 220, 221, 222, 223, 224, 225, 226, 227, 228, 229, 230, 231, 232, 233, 234, 235, 236, 237, 238, 239, 240, 241, 242, 243, 244, 245, 246, 247, 248, 249, 250, 251, 252, 253, 254, 255, 256, 257, 258, 259, 260, 261, 262, 263, 264, 265, 266, 267, 268, 269, 270, 271, 272, 273, 274, 275, 276, 277, 278, 279, 280, 281, 282, 283, 284, 285, 286, 287, 288, 289, 290, 291, 292, 293, 294, 295, 296, 297, 298, 299, 300, 301, 302, 303, 304, 305, 306, 307, 308, 309, 310, 311, 312, 313, 314, 315, 316, 317, 318, 319, 320, 321, 322, 323, 324, 325, 326, 327, 328, 329, 330, 331, 332, 333, 334, 335, 336, 337, 574, 575, 576, 577, 578, 579, 580, 581, 582, 583, 584, 585, 586, 587, 588, 589, 590, 591, 592, 593, 594, 595, 596, 597, 598, 599, 600, 601, 602, 603, 604, 605, 606, 607, 608, 609, 610, 611, 612, 613, 614, 615, 616, 617, 618, 619, 620, 621, 622, 623, 624, 625, 626, 627, 628, 629, 630, 631, 632, 633, 634, 635, 636, 637, 638, 639, 640, 641, 642, 643, 644, 645, 646, 647, 648, 649, 650, 651, 652, 653, 654, 655, 656, 657, 658, 659, 660, 661, 662, 663, 664, 665, 666, 667, 668, 669, 670, 671, 672, 673, 674, 675, 676, 677, 678, 679, 680, 681, 682, 683, 684, 685, 686, 687, 688, 689, 690, 691, 692, 693, 694, 695, 696, 697, 698, 699, 700, 701, 702, 703, 704, 705, 706, 707, 708, 709, 710, 711, 712, 713, 714, 715, 716, 717, 718, 719, 720, 721, 722, 723, 724, 725, 726, 727, 728, 729, 730, 731, 732, 733, 734, 735, 736, 737, 738, 739, 740, 741, 742, 743, 744, 745, 746, 747, 748, 749, 750, 751, 752, 753, 754, 755, 756, 757, 758, 759, 760, 761, 762, 763, 764, 765, 766, 767, 768, 769, 770, 771, 772, 773, 774, 775, 776, 777, 778, 779, 780, 781, 782, 783, 784, 785, 786, 787, 788, 789, 790, 791, 792, 793]","[174, 188, 189, 197, 232, 254, 369, 399, 645, 659, 660, 668, 696, 717, 819, 848]","[254, 717]","[0, 5, 7, 10, 14, 19, 20, 22, 24, 32, 33, 34, 37, 38, 40, 44, 46, 48, 49, 51, 56, 61, 63, 65, 67, 68, 73, 74, 75, 76, 79, 81, 82, 83, 85, 87, 88, 92, 93, 95, 96, 99, 100, 101, 115, 116, 124, 134, 142, 161, 167, 169, 170, 186, 202, 240, 244, 254, 260, 267, 277, 300, 303, 307, 310, 322, 331, 376, 485, 491, 493, 495, 499, 503, 504, 506, 508, 515, 518, 519, 521, 524, 526, 528, 533, 537, 539, 542, 543, 547, 548, 549, 550, 551, 553, 554, 556, 558, 559, 563, 564, 566, 567, 570, 571, 572, 586, 587, 595, 605, 613, 633, 639, 640, 641, 657, 672, 704, 717, 726, 736, 759, 761, 765, 768, 780, 788, 792, 826]","[15, 16, 65, 66, 67, 68, 69, 70, 71, 72, 73, 74, 75, 76, 77, 78, 80, 151, 244, 245, 246, 247, 248, 249, 250, 251, 252, 253, 254, 255, 256, 257, 258, 259, 260, 280, 340, 373, 374, 375, 376, 377, 459, 460, 461, 462, 500, 501, 539, 540, 541, 542, 543, 544, 545, 546, 547, 548, 549, 550, 552, 622, 708, 709, 710, 711, 712, 713, 714, 715, 716, 717, 718, 719, 720, 739, 796, 823, 824, 825, 826, 827, 906, 907, 908, 909]","[15, 16, 65, 66, 67, 68, 69, 70, 71, 72, 73, 74, 75, 76, 80, 151, 245, 246, 247, 248, 249, 250, 251, 252, 253, 254, 255, 256, 257, 258, 259, 280, 340, 373, 374, 375, 376, 377, 459, 460, 461, 462, 500, 501, 539, 540, 541, 542, 543, 544, 545, 546, 547, 548, 549, 550, 552, 622, 708, 709, 710, 711, 712, 713, 714, 715, 716, 717, 718, 719, 720, 739, 796, 823, 824, 825, 826, 827, 906, 907, 908, 909]",7/6 successful match,True,[12],True,276,False,,1.0,True,Pilot Travel Center # 307,Pilot
"Palm Springs ( N ) , 92258 Pilot Travel Center # 307",760-329-5562 I-10 Exit 120 ( Indian Ave ),24 M,Palm Springs,92258,Pilot Travel Center # 307,760-329-5562,2008,North Palm Springs,CA,Pilot,( Indian Ave ),I-10 Exit 120 ,Exit,120,False,,False,I-10,,,,,"[717, 254]",[],"[174, 188, 189, 197, 232, 254, 369, 399, 645, 659, 660, 668, 696, 717, 819, 848]","[254, 717]","[103, 104, 105, 106, 107, 108, 109, 110, 111, 112, 113, 114, 115, 116, 117, 118, 119, 120, 121, 122, 123, 124, 125, 126, 127, 128, 129, 130, 131, 132, 133, 134, 135, 136, 137, 138, 139, 140, 141, 142, 143, 144, 145, 146, 147, 148, 149, 150, 151, 152, 153, 154, 155, 156, 157, 158, 159, 160, 161, 162, 163, 164, 165, 166, 167, 168, 169, 170, 171, 172, 173, 174, 175, 176, 177, 178, 179, 180, 181, 182, 183, 184, 185, 186, 187, 188, 189, 190, 191, 192, 193, 194, 195, 196, 197, 198, 199, 200, 201, 202, 203, 204, 205, 206, 207, 208, 209, 210, 211, 212, 213, 214, 215, 216, 217, 218, 219, 220, 221, 222, 223, 224, 225, 226, 227, 228, 229, 230, 231, 232, 233, 234, 235, 236, 237, 238, 239, 240, 241, 242, 243, 244, 245, 246, 247, 248, 249, 250, 251, 252, 253, 254, 255, 256, 257, 258, 259, 260, 261, 262, 263, 264, 265, 266, 267, 268, 269, 270, 271, 272, 273, 274, 275, 276, 277, 278, 279, 280, 281, 282, 283, 284, 285, 286, 287, 288, 289, 290, 291, 292, 293, 294, 295, 296, 297, 298, 299, 300, 301, 302, 303, 304, 305, 306, 307, 308, 309, 310, 311, 312, 313, 314, 315, 316, 317, 318, 319, 320, 321, 322, 323, 324, 325, 326, 327, 328, 329, 330, 331, 332, 333, 334, 335, 336, 337, 574, 575, 576, 577, 578, 579, 580, 581, 582, 583, 584, 585, 586, 587, 588, 589, 590, 591, 592, 593, 594, 595, 596, 597, 598, 599, 600, 601, 602, 603, 604, 605, 606, 607, 608, 609, 610, 611, 612, 613, 614, 615, 616, 617, 618, 619, 620, 621, 622, 623, 624, 625, 626, 627, 628, 629, 630, 631, 632, 633, 634, 635, 636, 637, 638, 639, 640, 641, 642, 643, 644, 645, 646, 647, 648, 649, 650, 651, 652, 653, 654, 655, 656, 657, 658, 659, 660, 661, 662, 663, 664, 665, 666, 667, 668, 669, 670, 671, 672, 673, 674, 675, 676, 677, 678, 679, 680, 681, 682, 683, 684, 685, 686, 687, 688, 689, 690, 691, 692, 693, 694, 695, 696, 697, 698, 699, 700, 701, 702, 703, 704, 705, 706, 707, 708, 709, 710, 711, 712, 713, 714, 715, 716, 717, 718, 719, 720, 721, 722, 723, 724, 725, 726, 727, 728, 729, 730, 731, 732, 733, 734, 735, 736, 737, 738, 739, 740, 741, 742, 743, 744, 745, 746, 747, 748, 749, 750, 751, 752, 753, 754, 755, 756, 757, 758, 759, 760, 761, 762, 763, 764, 765, 766, 767, 768, 769, 770, 771, 772, 773, 774, 775, 776, 777, 778, 779, 780, 781, 782, 783, 784, 785, 786, 787, 788, 789, 790, 791, 792, 793]","[0, 5, 7, 10, 14, 19, 20, 22, 24, 32, 33, 34, 37, 38, 40, 44, 46, 48, 49, 51, 56, 61, 63, 65, 67, 68, 73, 74, 75, 76, 79, 81, 82, 83, 85, 87, 88, 92, 93, 95, 96, 99, 100, 101, 115, 116, 124, 134, 142, 161, 167, 169, 170, 186, 202, 240, 244, 254, 260, 267, 277, 300, 303, 307, 310, 322, 331, 376, 485, 491, 493, 495, 499, 503, 504, 506, 508, 515, 518, 519, 521, 524, 526, 528, 533, 537, 539, 542, 543, 547, 548, 549, 550, 551, 553, 554, 556, 558, 559, 563, 564, 566, 567, 570, 571, 572, 586, 587, 595, 605, 613, 633, 639, 640, 641, 657, 672, 704, 717, 726, 736, 759, 761, 765, 768, 780, 788, 792, 826]","[15, 16, 65, 66, 67, 68, 69, 70, 71, 72, 73, 74, 75, 76, 80, 151, 245, 246, 247, 248, 249, 250, 251, 252, 253, 254, 255, 256, 257, 258, 259, 280, 340, 373, 374, 375, 376, 377, 459, 460, 461, 462, 500, 501, 539, 540, 541, 542, 543, 544, 545, 546, 547, 548, 549, 550, 552, 622, 708, 709, 710, 711, 712, 713, 714, 715, 716, 717, 718, 719, 720, 739, 796, 823, 824, 825, 826, 827, 906, 907, 908, 909]","[15, 16, 65, 66, 67, 68, 69, 70, 71, 72, 73, 74, 75, 76, 77, 78, 80, 151, 244, 245, 246, 247, 248, 249, 250, 251, 252, 253, 254, 255, 256, 257, 258, 259, 260, 280, 340, 373, 374, 375, 376, 377, 459, 460, 461, 462, 500, 501, 539, 540, 541, 542, 543, 544, 545, 546, 547, 548, 549, 550, 552, 622, 708, 709, 710, 711, 712, 713, 714, 715, 716, 717, 718, 719, 720, 739, 796, 823, 824, 825, 826, 827, 906, 907, 908, 909]","[0, 5, 7, 10, 14, 15, 16, 19, 20, 22, 24, 32, 33, 34, 37, 38, 40, 44, 46, 48, 49, 51, 56, 61, 63, 65, 66, 67, 68, 69, 70, 71, 72, 73, 74, 75, 76, 77, 78, 79, 80, 81, 82, 83, 85, 87, 88, 92, 93, 95, 96, 99, 100, 101, 103, 104, 105, 106, 107, 108, 109, 110, 111, 112, 113, 114, 115, 116, 117, 118, 119, 120, 121, 122, 123, 124, 125, 126, 127, 128, 129, 130, 131, 132, 133, 134, 135, 136, 137, 138, 139, 140, 141, 142, 143, 144, 145, 146, 147, 148, 149, 150, 151, 152, 153, 154, 155, 156, 157, 158, 159, 160, 161, 162, 163, 164, 165, 166, 167, 168, 169, 170, 171, 172, 173, 174, 175, 176, 177, 178, 179, 180, 181, 182, 183, 184, 185, 186, 187, 188, 189, 190, 191, 192, 193, 194, 195, 196, 197, 198, 199, 200, 201, 202, 203, 204, 205, 206, 207, 208, 209, 210, 211, 212, 213, 214, 215, 216, 217, 218, 219, 220, 221, 222, 223, 224, 225, 226, 227, 228, 229, 230, 231, 232, 233, 234, 235, 236, 237, 238, 239, 240, 241, 242, 243, 244, 245, 246, 247, 248, 249, 250, 251, 252, 253, 254, 255, 256, 257, 258, 259, 260, 261, 262, 263, 264, 265, 266, 267, 268, 269, 270, 271, 272, 273, 274, 275, 276, 277, 278, 279, 280, 281, 282, 283, 284, 285, 286, 287, 288, 289, 290, 291, 292, 293, 294, 295, 296, 297, 298, 299, 300, 301, 302, 303, 304, 305, 306, 307, 308, 309, 310, 311, 312, 313, 314, 315, 316, 317, 318, 319, 320, 321, 322, 323, 324, 325, 326, 327, 328, 329, 330, 331, 332, 333, 334, 335, 336, 337, 340, 369, 373, 374, 375, 376, 377, 399, 459, 460, 461, 462, 485, 491, 493, 495, 499, 500, 501, 503, 504, 506, 508, 515, 518, 519, 521, 524, 526, 528, 533, 537, 539, 540, 541, 542, 543, 544, 545, 546, 547, 548, 549, 550, 551, 552, 553, 554, 556, 558, 559, 563, 564, 566, 567, 570, 571, 572, 574, 575, 576, 577, 578, 579, 580, 581, 582, 583, 584, 585, 586, 587, 588, 589, 590, 591, 592, 593, 594, 595, 596, 597, 598, 599, 600, 601, 602, 603, 604, 605, 606, 607, 608, 609, 610, 611, 612, 613, 614, 615, 616, 617, 618, 619, 620, 621, 622, 623, 624, 625, 626, 627, 628, 629, 630, 631, 632, 633, 634, 635, 636, 637, 638, 639, 640, 641, 642, 643, 644, 645, 646, 647, 648, 649, 650, 651, 652, 653, 654, 655, 656, 657, 658, 659, 660, 661, 662, 663, 664, 665, 666, 667, 668, 669, 670, 671, 672, 673, 674, 675, 676, 677, 678, 679, 680, 681, 682, 683, 684, 685, 686, 687, 688, 689, 690, 691, 692, 693, 694, 695, 696, 697, 698, 699, 700, 701, 702, 703, 704, 705, 706, 707, 708, 709, 710, 711, 712, 713, 714, 715, 716, 717, 718, 719, 720, 721, 722, 723, 724, 725, 726, 727, 728, 729, 730, 731, 732, 733, 734, 735, 736, 737, 738, 739, 740, 741, 742, 743, 744, 745, 746, 747, 748, 749, 750, 751, 752, 753, 754, 755, 756, 757, 758, 759, 760, 761, 762, 763, 764, 765, 766, 767, 768, 769, 770, 771, 772, 773, 774, 775, 776, 777, 778, 779, 780, 781, 782, 783, 784, 785, 786, 787, 788, 789, 790, 791, 792, 793, 796, 819, 823, 824, 825, 826, 827, 848, 906, 907, 908, 909]",True,[],"[103, 104, 105, 106, 107, 108, 109, 110, 111, 112, 113, 114, 115, 116, 117, 118, 119, 120, 121, 122, 123, 124, 125, 126, 127, 128, 129, 130, 131, 132, 133, 134, 135, 136, 137, 138, 139, 140, 141, 142, 143, 144, 145, 146, 147, 148, 149, 150, 151, 152, 153, 154, 155, 156, 157, 158, 159, 160, 161, 162, 163, 164, 165, 166, 167, 168, 169, 170, 171, 172, 173, 174, 175, 176, 177, 178, 179, 180, 181, 182, 183, 184, 185, 186, 187, 188, 189, 190, 191, 192, 193, 194, 195, 196, 197, 198, 199, 200, 201, 202, 203, 204, 205, 206, 207, 208, 209, 210, 211, 212, 213, 214, 215, 216, 217, 218, 219, 220, 221, 222, 223, 224, 225, 226, 227, 228, 229, 230, 231, 232, 233, 234, 235, 236, 237, 238, 239, 240, 241, 242, 243, 244, 245, 246, 247, 248, 249, 250, 251, 252, 253, 254, 255, 256, 257, 258, 259, 260, 261, 262, 263, 264, 265, 266, 267, 268, 269, 270, 271, 272, 273, 274, 275, 276, 277, 278, 279, 280, 281, 282, 283, 284, 285, 286, 287, 288, 289, 290, 291, 292, 293, 294, 295, 296, 297, 298, 299, 300, 301, 302, 303, 304, 305, 306, 307, 308, 309, 310, 311, 312, 313, 314, 315, 316, 317, 318, 319, 320, 321, 322, 323, 324, 325, 326, 327, 328, 329, 330, 331, 332, 333, 334, 335, 336, 337, 574, 575, 576, 577, 578, 579, 580, 581, 582, 583, 584, 585, 586, 587, 588, 589, 590, 591, 592, 593, 594, 595, 596, 597, 598, 599, 600, 601, 602, 603, 604, 605, 606, 607, 608, 609, 610, 611, 612, 613, 614, 615, 616, 617, 618, 619, 620, 621, 622, 623, 624, 625, 626, 627, 628, 629, 630, 631, 632, 633, 634, 635, 636, 637, 638, 639, 640, 641, 642, 643, 644, 645, 646, 647, 648, 649, 650, 651, 652, 653, 654, 655, 656, 657, 658, 659, 660, 661, 662, 663, 664, 665, 666, 667, 668, 669, 670, 671, 672, 673, 674, 675, 676, 677, 678, 679, 680, 681, 682, 683, 684, 685, 686, 687, 688, 689, 690, 691, 692, 693, 694, 695, 696, 697, 698, 699, 700, 701, 702, 703, 704, 705, 706, 707, 708, 709, 710, 711, 712, 713, 714, 715, 716, 717, 718, 719, 720, 721, 722, 723, 724, 725, 726, 727, 728, 729, 730, 731, 732, 733, 734, 735, 736, 737, 738, 739, 740, 741, 742, 743, 744, 745, 746, 747, 748, 749, 750, 751, 752, 753, 754, 755, 756, 757, 758, 759, 760, 761, 762, 763, 764, 765, 766, 767, 768, 769, 770, 771, 772, 773, 774, 775, 776, 777, 778, 779, 780, 781, 782, 783, 784, 785, 786, 787, 788, 789, 790, 791, 792, 793]","[174, 188, 189, 197, 232, 254, 369, 399, 645, 659, 660, 668, 696, 717, 819, 848]","[254, 717]","[0, 5, 7, 10, 14, 19, 20, 22, 24, 32, 33, 34, 37, 38, 40, 44, 46, 48, 49, 51, 56, 61, 63, 65, 67, 68, 73, 74, 75, 76, 79, 81, 82, 83, 85, 87, 88, 92, 93, 95, 96, 99, 100, 101, 115, 116, 124, 134, 142, 161, 167, 169, 170, 186, 202, 240, 244, 254, 260, 267, 277, 300, 303, 307, 310, 322, 331, 376, 485, 491, 493, 495, 499, 503, 504, 506, 508, 515, 518, 519, 521, 524, 526, 528, 533, 537, 539, 542, 543, 547, 548, 549, 550, 551, 553, 554, 556, 558, 559, 563, 564, 566, 567, 570, 571, 572, 586, 587, 595, 605, 613, 633, 639, 640, 641, 657, 672, 704, 717, 726, 736, 759, 761, 765, 768, 780, 788, 792, 826]","[15, 16, 65, 66, 67, 68, 69, 70, 71, 72, 73, 74, 75, 76, 77, 78, 80, 151, 244, 245, 246, 247, 248, 249, 250, 251, 252, 253, 254, 255, 256, 257, 258, 259, 260, 280, 340, 373, 374, 375, 376, 377, 459, 460, 461, 462, 500, 501, 539, 540, 541, 542, 543, 544, 545, 546, 547, 548, 549, 550, 552, 622, 708, 709, 710, 711, 712, 713, 714, 715, 716, 717, 718, 719, 720, 739, 796, 823, 824, 825, 826, 827, 906, 907, 908, 909]","[15, 16, 65, 66, 67, 68, 69, 70, 71, 72, 73, 74, 75, 76, 80, 151, 245, 246, 247, 248, 249, 250, 251, 252, 253, 254, 255, 256, 257, 258, 259, 280, 340, 373, 374, 375, 376, 377, 459, 460, 461, 462, 500, 501, 539, 540, 541, 542, 543, 544, 545, 546, 547, 548, 549, 550, 552, 622, 708, 709, 710, 711, 712, 713, 714, 715, 716, 717, 718, 719, 720, 739, 796, 823, 824, 825, 826, 827, 906, 907, 908, 909]",7/6 successful match,True,[12],True,276,False,,1.0,True,Pilot Travel Center,Pilot
Palm Springs ( North ) ( 92258 ) Pilot Travel Center # 307 ),6 760-329-5562 I-10 Exit 120 ( Indian Ave ) plat,plat 24 <U+2610> M <U+2610> O,Palm Springs,92258,Pilot Travel Center # 307 ),760-329-5562,2014,North Palm Springs,CA,Pilot,( Indian Ave ) plat,I-10 Exit 120 ,Exit,120,False,,False,I-10,,,,,"[717, 254]",[],"[174, 188, 189, 197, 232, 254, 369, 399, 645, 659, 660, 668, 696, 717, 819, 848]","[254, 717]","[103, 104, 105, 106, 107, 108, 109, 110, 111, 112, 113, 114, 115, 116, 117, 118, 119, 120, 121, 122, 123, 124, 125, 126, 127, 128, 129, 130, 131, 132, 133, 134, 135, 136, 137, 138, 139, 140, 141, 142, 143, 144, 145, 146, 147, 148, 149, 150, 151, 152, 153, 154, 155, 156, 157, 158, 159, 160, 161, 162, 163, 164, 165, 166, 167, 168, 169, 170, 171, 172, 173, 174, 175, 176, 177, 178, 179, 180, 181, 182, 183, 184, 185, 186, 187, 188, 189, 190, 191, 192, 193, 194, 195, 196, 197, 198, 199, 200, 201, 202, 203, 204, 205, 206, 207, 208, 209, 210, 211, 212, 213, 214, 215, 216, 217, 218, 219, 220, 221, 222, 223, 224, 225, 226, 227, 228, 229, 230, 231, 232, 233, 234, 235, 236, 237, 238, 239, 240, 241, 242, 243, 244, 245, 246, 247, 248, 249, 250, 251, 252, 253, 254, 255, 256, 257, 258, 259, 260, 261, 262, 263, 264, 265, 266, 267, 268, 269, 270, 271, 272, 273, 274, 275, 276, 277, 278, 279, 280, 281, 282, 283, 284, 285, 286, 287, 288, 289, 290, 291, 292, 293, 294, 295, 296, 297, 298, 299, 300, 301, 302, 303, 304, 305, 306, 307, 308, 309, 310, 311, 312, 313, 314, 315, 316, 317, 318, 319, 320, 321, 322, 323, 324, 325, 326, 327, 328, 329, 330, 331, 332, 333, 334, 335, 336, 337, 574, 575, 576, 577, 578, 579, 580, 581, 582, 583, 584, 585, 586, 587, 588, 589, 590, 591, 592, 593, 594, 595, 596, 597, 598, 599, 600, 601, 602, 603, 604, 605, 606, 607, 608, 609, 610, 611, 612, 613, 614, 615, 616, 617, 618, 619, 620, 621, 622, 623, 624, 625, 626, 627, 628, 629, 630, 631, 632, 633, 634, 635, 636, 637, 638, 639, 640, 641, 642, 643, 644, 645, 646, 647, 648, 649, 650, 651, 652, 653, 654, 655, 656, 657, 658, 659, 660, 661, 662, 663, 664, 665, 666, 667, 668, 669, 670, 671, 672, 673, 674, 675, 676, 677, 678, 679, 680, 681, 682, 683, 684, 685, 686, 687, 688, 689, 690, 691, 692, 693, 694, 695, 696, 697, 698, 699, 700, 701, 702, 703, 704, 705, 706, 707, 708, 709, 710, 711, 712, 713, 714, 715, 716, 717, 718, 719, 720, 721, 722, 723, 724, 725, 726, 727, 728, 729, 730, 731, 732, 733, 734, 735, 736, 737, 738, 739, 740, 741, 742, 743, 744, 745, 746, 747, 748, 749, 750, 751, 752, 753, 754, 755, 756, 757, 758, 759, 760, 761, 762, 763, 764, 765, 766, 767, 768, 769, 770, 771, 772, 773, 774, 775, 776, 777, 778, 779, 780, 781, 782, 783, 784, 785, 786, 787, 788, 789, 790, 791, 792, 793]","[0, 5, 7, 10, 14, 19, 20, 22, 24, 32, 33, 34, 37, 38, 40, 44, 46, 48, 49, 51, 56, 61, 63, 65, 67, 68, 73, 74, 75, 76, 79, 81, 82, 83, 85, 87, 88, 92, 93, 95, 96, 99, 100, 101, 115, 116, 124, 134, 142, 161, 167, 169, 170, 186, 202, 240, 244, 254, 260, 267, 277, 300, 303, 307, 310, 322, 331, 376, 485, 491, 493, 495, 499, 503, 504, 506, 508, 515, 518, 519, 521, 524, 526, 528, 533, 537, 539, 542, 543, 547, 548, 549, 550, 551, 553, 554, 556, 558, 559, 563, 564, 566, 567, 570, 571, 572, 586, 587, 595, 605, 613, 633, 639, 640, 641, 657, 672, 704, 717, 726, 736, 759, 761, 765, 768, 780, 788, 792, 826]","[15, 16, 65, 66, 67, 68, 69, 70, 71, 72, 73, 74, 75, 76, 80, 151, 245, 246, 247, 248, 249, 250, 251, 252, 253, 254, 255, 256, 257, 258, 259, 280, 340, 373, 374, 375, 376, 377, 459, 460, 461, 462, 500, 501, 539, 540, 541, 542, 543, 544, 545, 546, 547, 548, 549, 550, 552, 622, 708, 709, 710, 711, 712, 713, 714, 715, 716, 717, 718, 719, 720, 739, 796, 823, 824, 825, 826, 827, 906, 907, 908, 909]","[15, 16, 65, 66, 67, 68, 69, 70, 71, 72, 73, 74, 75, 76, 77, 78, 80, 151, 244, 245, 246, 247, 248, 249, 250, 251, 252, 253, 254, 255, 256, 257, 258, 259, 260, 280, 340, 373, 374, 375, 376, 377, 459, 460, 461, 462, 500, 501, 539, 540, 541, 542, 543, 544, 545, 546, 547, 548, 549, 550, 552, 622, 708, 709, 710, 711, 712, 713, 714, 715, 716, 717, 718, 719, 720, 739, 796, 823, 824, 825, 826, 827, 906, 907, 908, 909]","[0, 5, 7, 10, 14, 15, 16, 19, 20, 22, 24, 32, 33, 34, 37, 38, 40, 44, 46, 48, 49, 51, 56, 61, 63, 65, 66, 67, 68, 69, 70, 71, 72, 73, 74, 75, 76, 77, 78, 79, 80, 81, 82, 83, 85, 87, 88, 92, 93, 95, 96, 99, 100, 101, 103, 104, 105, 106, 107, 108, 109, 110, 111, 112, 113, 114, 115, 116, 117, 118, 119, 120, 121, 122, 123, 124, 125, 126, 127, 128, 129, 130, 131, 132, 133, 134, 135, 136, 137, 138, 139, 140, 141, 142, 143, 144, 145, 146, 147, 148, 149, 150, 151, 152, 153, 154, 155, 156, 157, 158, 159, 160, 161, 162, 163, 164, 165, 166, 167, 168, 169, 170, 171, 172, 173, 174, 175, 176, 177, 178, 179, 180, 181, 182, 183, 184, 185, 186, 187, 188, 189, 190, 191, 192, 193, 194, 195, 196, 197, 198, 199, 200, 201, 202, 203, 204, 205, 206, 207, 208, 209, 210, 211, 212, 213, 214, 215, 216, 217, 218, 219, 220, 221, 222, 223, 224, 225, 226, 227, 228, 229, 230, 231, 232, 233, 234, 235, 236, 237, 238, 239, 240, 241, 242, 243, 244, 245, 246, 247, 248, 249, 250, 251, 252, 253, 254, 255, 256, 257, 258, 259, 260, 261, 262, 263, 264, 265, 266, 267, 268, 269, 270, 271, 272, 273, 274, 275, 276, 277, 278, 279, 280, 281, 282, 283, 284, 285, 286, 287, 288, 289, 290, 291, 292, 293, 294, 295, 296, 297, 298, 299, 300, 301, 302, 303, 304, 305, 306, 307, 308, 309, 310, 311, 312, 313, 314, 315, 316, 317, 318, 319, 320, 321, 322, 323, 324, 325, 326, 327, 328, 329, 330, 331, 332, 333, 334, 335, 336, 337, 340, 369, 373, 374, 375, 376, 377, 399, 459, 460, 461, 462, 485, 491, 493, 495, 499, 500, 501, 503, 504, 506, 508, 515, 518, 519, 521, 524, 526, 528, 533, 537, 539, 540, 541, 542, 543, 544, 545, 546, 547, 548, 549, 550, 551, 552, 553, 554, 556, 558, 559, 563, 564, 566, 567, 570, 571, 572, 574, 575, 576, 577, 578, 579, 580, 581, 582, 583, 584, 585, 586, 587, 588, 589, 590, 591, 592, 593, 594, 595, 596, 597, 598, 599, 600, 601, 602, 603, 604, 605, 606, 607, 608, 609, 610, 611, 612, 613, 614, 615, 616, 617, 618, 619, 620, 621, 622, 623, 624, 625, 626, 627, 628, 629, 630, 631, 632, 633, 634, 635, 636, 637, 638, 639, 640, 641, 642, 643, 644, 645, 646, 647, 648, 649, 650, 651, 652, 653, 654, 655, 656, 657, 658, 659, 660, 661, 662, 663, 664, 665, 666, 667, 668, 669, 670, 671, 672, 673, 674, 675, 676, 677, 678, 679, 680, 681, 682, 683, 684, 685, 686, 687, 688, 689, 690, 691, 692, 693, 694, 695, 696, 697, 698, 699, 700, 701, 702, 703, 704, 705, 706, 707, 708, 709, 710, 711, 712, 713, 714, 715, 716, 717, 718, 719, 720, 721, 722, 723, 724, 725, 726, 727, 728, 729, 730, 731, 732, 733, 734, 735, 736, 737, 738, 739, 740, 741, 742, 743, 744, 745, 746, 747, 748, 749, 750, 751, 752, 753, 754, 755, 756, 757, 758, 759, 760, 761, 762, 763, 764, 765, 766, 767, 768, 769, 770, 771, 772, 773, 774, 775, 776, 777, 778, 779, 780, 781, 782, 783, 784, 785, 786, 787, 788, 789, 790, 791, 792, 793, 796, 819, 823, 824, 825, 826, 827, 848, 906, 907, 908, 909]",True,[],"[103, 104, 105, 106, 107, 108, 109, 110, 111, 112, 113, 114, 115, 116, 117, 118, 119, 120, 121, 122, 123, 124, 125, 126, 127, 128, 129, 130, 131, 132, 133, 134, 135, 136, 137, 138, 139, 140, 141, 142, 143, 144, 145, 146, 147, 148, 149, 150, 151, 152, 153, 154, 155, 156, 157, 158, 159, 160, 161, 162, 163, 164, 165, 166, 167, 168, 169, 170, 171, 172, 173, 174, 175, 176, 177, 178, 179, 180, 181, 182, 183, 184, 185, 186, 187, 188, 189, 190, 191, 192, 193, 194, 195, 196, 197, 198, 199, 200, 201, 202, 203, 204, 205, 206, 207, 208, 209, 210, 211, 212, 213, 214, 215, 216, 217, 218, 219, 220, 221, 222, 223, 224, 225, 226, 227, 228, 229, 230, 231, 232, 233, 234, 235, 236, 237, 238, 239, 240, 241, 242, 243, 244, 245, 246, 247, 248, 249, 250, 251, 252, 253, 254, 255, 256, 257, 258, 259, 260, 261, 262, 263, 264, 265, 266, 267, 268, 269, 270, 271, 272, 273, 274, 275, 276, 277, 278, 279, 280, 281, 282, 283, 284, 285, 286, 287, 288, 289, 290, 291, 292, 293, 294, 295, 296, 297, 298, 299, 300, 301, 302, 303, 304, 305, 306, 307, 308, 309, 310, 311, 312, 313, 314, 315, 316, 317, 318, 319, 320, 321, 322, 323, 324, 325, 326, 327, 328, 329, 330, 331, 332, 333, 334, 335, 336, 337, 574, 575, 576, 577, 578, 579, 580, 581, 582, 583, 584, 585, 586, 587, 588, 589, 590, 591, 592, 593, 594, 595, 596, 597, 598, 599, 600, 601, 602, 603, 604, 605, 606, 607, 608, 609, 610, 611, 612, 613, 614, 615, 616, 617, 618, 619, 620, 621, 622, 623, 624, 625, 626, 627, 628, 629, 630, 631, 632, 633, 634, 635, 636, 637, 638, 639, 640, 641, 642, 643, 644, 645, 646, 647, 648, 649, 650, 651, 652, 653, 654, 655, 656, 657, 658, 659, 660, 661, 662, 663, 664, 665, 666, 667, 668, 669, 670, 671, 672, 673, 674, 675, 676, 677, 678, 679, 680, 681, 682, 683, 684, 685, 686, 687, 688, 689, 690, 691, 692, 693, 694, 695, 696, 697, 698, 699, 700, 701, 702, 703, 704, 705, 706, 707, 708, 709, 710, 711, 712, 713, 714, 715, 716, 717, 718, 719, 720, 721, 722, 723, 724, 725, 726, 727, 728, 729, 730, 731, 732, 733, 734, 735, 736, 737, 738, 739, 740, 741, 742, 743, 744, 745, 746, 747, 748, 749, 750, 751, 752, 753, 754, 755, 756, 757, 758, 759, 760, 761, 762, 763, 764, 765, 766, 767, 768, 769, 770, 771, 772, 773, 774, 775, 776, 777, 778, 779, 780, 781, 782, 783, 784, 785, 786, 787, 788, 789, 790, 791, 792, 793]","[174, 188, 189, 197, 232, 254, 369, 399, 645, 659, 660, 668, 696, 717, 819, 848]","[254, 717]","[0, 5, 7, 10, 14, 19, 20, 22, 24, 32, 33, 34, 37, 38, 40, 44, 46, 48, 49, 51, 56, 61, 63, 65, 67, 68, 73, 74, 75, 76, 79, 81, 82, 83, 85, 87, 88, 92, 93, 95, 96, 99, 100, 101, 115, 116, 124, 134, 142, 161, 167, 169, 170, 186, 202, 240, 244, 254, 260, 267, 277, 300, 303, 307, 310, 322, 331, 376, 485, 491, 493, 495, 499, 503, 504, 506, 508, 515, 518, 519, 521, 524, 526, 528, 533, 537, 539, 542, 543, 547, 548, 549, 550, 551, 553, 554, 556, 558, 559, 563, 564, 566, 567, 570, 571, 572, 586, 587, 595, 605, 613, 633, 639, 640, 641, 657, 672, 704, 717, 726, 736, 759, 761, 765, 768, 780, 788, 792, 826]","[15, 16, 65, 66, 67, 68, 69, 70, 71, 72, 73, 74, 75, 76, 77, 78, 80, 151, 244, 245, 246, 247, 248, 249, 250, 251, 252, 253, 254, 255, 256, 257, 258, 259, 260, 280, 340, 373, 374, 375, 376, 377, 459, 460, 461, 462, 500, 501, 539, 540, 541, 542, 543, 544, 545, 546, 547, 548, 549, 550, 552, 622, 708, 709, 710, 711, 712, 713, 714, 715, 716, 717, 718, 719, 720, 739, 796, 823, 824, 825, 826, 827, 906, 907, 908, 909]","[15, 16, 65, 66, 67, 68, 69, 70, 71, 72, 73, 74, 75, 76, 80, 151, 245, 246, 247, 248, 249, 250, 251, 252, 253, 254, 255, 256, 257, 258, 259, 280, 340, 373, 374, 375, 376, 377, 459, 460, 461, 462, 500, 501, 539, 540, 541, 542, 543, 544, 545, 546, 547, 548, 549, 550, 552, 622, 708, 709, 710, 711, 712, 713, 714, 715, 716, 717, 718, 719, 720, 739, 796, 823, 824, 825, 826, 827, 906, 907, 908, 909]",7/6 successful match,True,[12],True,276,False,,1.0,True,Pilot Travel Center # 307,Pilot
Palm Springs ( N ) ( 92258 ) Pilot Travel Center # 307,760-329-5562 I-10 Exit 120 ( Indian Ave ),Plat 24 M <U+2610> <U+2610> <U+2610> <U+2610>,Palm Springs,92258,Pilot Travel Center # 307,760-329-5562,2015,North Palm Springs,CA,Pilot,( Indian Ave ),I-10 Exit 120 ,Exit,120,False,,False,I-10,,,,,"[717, 254]",[],"[174, 188, 189, 197, 232, 254, 369, 399, 645, 659, 660, 668, 696, 717, 819, 848]","[254, 717]","[103, 104, 105, 106, 107, 108, 109, 110, 111, 112, 113, 114, 115, 116, 117, 118, 119, 120, 121, 122, 123, 124, 125, 126, 127, 128, 129, 130, 131, 132, 133, 134, 135, 136, 137, 138, 139, 140, 141, 142, 143, 144, 145, 146, 147, 148, 149, 150, 151, 152, 153, 154, 155, 156, 157, 158, 159, 160, 161, 162, 163, 164, 165, 166, 167, 168, 169, 170, 171, 172, 173, 174, 175, 176, 177, 178, 179, 180, 181, 182, 183, 184, 185, 186, 187, 188, 189, 190, 191, 192, 193, 194, 195, 196, 197, 198, 199, 200, 201, 202, 203, 204, 205, 206, 207, 208, 209, 210, 211, 212, 213, 214, 215, 216, 217, 218, 219, 220, 221, 222, 223, 224, 225, 226, 227, 228, 229, 230, 231, 232, 233, 234, 235, 236, 237, 238, 239, 240, 241, 242, 243, 244, 245, 246, 247, 248, 249, 250, 251, 252, 253, 254, 255, 256, 257, 258, 259, 260, 261, 262, 263, 264, 265, 266, 267, 268, 269, 270, 271, 272, 273, 274, 275, 276, 277, 278, 279, 280, 281, 282, 283, 284, 285, 286, 287, 288, 289, 290, 291, 292, 293, 294, 295, 296, 297, 298, 299, 300, 301, 302, 303, 304, 305, 306, 307, 308, 309, 310, 311, 312, 313, 314, 315, 316, 317, 318, 319, 320, 321, 322, 323, 324, 325, 326, 327, 328, 329, 330, 331, 332, 333, 334, 335, 336, 337, 574, 575, 576, 577, 578, 579, 580, 581, 582, 583, 584, 585, 586, 587, 588, 589, 590, 591, 592, 593, 594, 595, 596, 597, 598, 599, 600, 601, 602, 603, 604, 605, 606, 607, 608, 609, 610, 611, 612, 613, 614, 615, 616, 617, 618, 619, 620, 621, 622, 623, 624, 625, 626, 627, 628, 629, 630, 631, 632, 633, 634, 635, 636, 637, 638, 639, 640, 641, 642, 643, 644, 645, 646, 647, 648, 649, 650, 651, 652, 653, 654, 655, 656, 657, 658, 659, 660, 661, 662, 663, 664, 665, 666, 667, 668, 669, 670, 671, 672, 673, 674, 675, 676, 677, 678, 679, 680, 681, 682, 683, 684, 685, 686, 687, 688, 689, 690, 691, 692, 693, 694, 695, 696, 697, 698, 699, 700, 701, 702, 703, 704, 705, 706, 707, 708, 709, 710, 711, 712, 713, 714, 715, 716, 717, 718, 719, 720, 721, 722, 723, 724, 725, 726, 727, 728, 729, 730, 731, 732, 733, 734, 735, 736, 737, 738, 739, 740, 741, 742, 743, 744, 745, 746, 747, 748, 749, 750, 751, 752, 753, 754, 755, 756, 757, 758, 759, 760, 761, 762, 763, 764, 765, 766, 767, 768, 769, 770, 771, 772, 773, 774, 775, 776, 777, 778, 779, 780, 781, 782, 783, 784, 785, 786, 787, 788, 789, 790, 791, 792, 793]","[0, 5, 7, 10, 14, 19, 20, 22, 24, 32, 33, 34, 37, 38, 40, 44, 46, 48, 49, 51, 56, 61, 63, 65, 67, 68, 73, 74, 75, 76, 79, 81, 82, 83, 85, 87, 88, 92, 93, 95, 96, 99, 100, 101, 115, 116, 124, 134, 142, 161, 167, 169, 170, 186, 202, 240, 244, 254, 260, 267, 277, 300, 303, 307, 310, 322, 331, 376, 485, 491, 493, 495, 499, 503, 504, 506, 508, 515, 518, 519, 521, 524, 526, 528, 533, 537, 539, 542, 543, 547, 548, 549, 550, 551, 553, 554, 556, 558, 559, 563, 564, 566, 567, 570, 571, 572, 586, 587, 595, 605, 613, 633, 639, 640, 641, 657, 672, 704, 717, 726, 736, 759, 761, 765, 768, 780, 788, 792, 826]","[15, 16, 65, 66, 67, 68, 69, 70, 71, 72, 73, 74, 75, 76, 80, 151, 245, 246, 247, 248, 249, 250, 251, 252, 253, 254, 255, 256, 257, 258, 259, 280, 340, 373, 374, 375, 376, 377, 459, 460, 461, 462, 500, 501, 539, 540, 541, 542, 543, 544, 545, 546, 547, 548, 549, 550, 552, 622, 708, 709, 710, 711, 712, 713, 714, 715, 716, 717, 718, 719, 720, 739, 796, 823, 824, 825, 826, 827, 906, 907, 908, 909]","[15, 16, 65, 66, 67, 68, 69, 70, 71, 72, 73, 74, 75, 76, 77, 78, 80, 151, 244, 245, 246, 247, 248, 249, 250, 251, 252, 253, 254, 255, 256, 257, 258, 259, 260, 280, 340, 373, 374, 375, 376, 377, 459, 460, 461, 462, 500, 501, 539, 540, 541, 542, 543, 544, 545, 546, 547, 548, 549, 550, 552, 622, 708, 709, 710, 711, 712, 713, 714, 715, 716, 717, 718, 719, 720, 739, 796, 823, 824, 825, 826, 827, 906, 907, 908, 909]","[0, 5, 7, 10, 14, 15, 16, 19, 20, 22, 24, 32, 33, 34, 37, 38, 40, 44, 46, 48, 49, 51, 56, 61, 63, 65, 66, 67, 68, 69, 70, 71, 72, 73, 74, 75, 76, 77, 78, 79, 80, 81, 82, 83, 85, 87, 88, 92, 93, 95, 96, 99, 100, 101, 103, 104, 105, 106, 107, 108, 109, 110, 111, 112, 113, 114, 115, 116, 117, 118, 119, 120, 121, 122, 123, 124, 125, 126, 127, 128, 129, 130, 131, 132, 133, 134, 135, 136, 137, 138, 139, 140, 141, 142, 143, 144, 145, 146, 147, 148, 149, 150, 151, 152, 153, 154, 155, 156, 157, 158, 159, 160, 161, 162, 163, 164, 165, 166, 167, 168, 169, 170, 171, 172, 173, 174, 175, 176, 177, 178, 179, 180, 181, 182, 183, 184, 185, 186, 187, 188, 189, 190, 191, 192, 193, 194, 195, 196, 197, 198, 199, 200, 201, 202, 203, 204, 205, 206, 207, 208, 209, 210, 211, 212, 213, 214, 215, 216, 217, 218, 219, 220, 221, 222, 223, 224, 225, 226, 227, 228, 229, 230, 231, 232, 233, 234, 235, 236, 237, 238, 239, 240, 241, 242, 243, 244, 245, 246, 247, 248, 249, 250, 251, 252, 253, 254, 255, 256, 257, 258, 259, 260, 261, 262, 263, 264, 265, 266, 267, 268, 269, 270, 271, 272, 273, 274, 275, 276, 277, 278, 279, 280, 281, 282, 283, 284, 285, 286, 287, 288, 289, 290, 291, 292, 293, 294, 295, 296, 297, 298, 299, 300, 301, 302, 303, 304, 305, 306, 307, 308, 309, 310, 311, 312, 313, 314, 315, 316, 317, 318, 319, 320, 321, 322, 323, 324, 325, 326, 327, 328, 329, 330, 331, 332, 333, 334, 335, 336, 337, 340, 369, 373, 374, 375, 376, 377, 399, 459, 460, 461, 462, 485, 491, 493, 495, 499, 500, 501, 503, 504, 506, 508, 515, 518, 519, 521, 524, 526, 528, 533, 537, 539, 540, 541, 542, 543, 544, 545, 546, 547, 548, 549, 550, 551, 552, 553, 554, 556, 558, 559, 563, 564, 566, 567, 570, 571, 572, 574, 575, 576, 577, 578, 579, 580, 581, 582, 583, 584, 585, 586, 587, 588, 589, 590, 591, 592, 593, 594, 595, 596, 597, 598, 599, 600, 601, 602, 603, 604, 605, 606, 607, 608, 609, 610, 611, 612, 613, 614, 615, 616, 617, 618, 619, 620, 621, 622, 623, 624, 625, 626, 627, 628, 629, 630, 631, 632, 633, 634, 635, 636, 637, 638, 639, 640, 641, 642, 643, 644, 645, 646, 647, 648, 649, 650, 651, 652, 653, 654, 655, 656, 657, 658, 659, 660, 661, 662, 663, 664, 665, 666, 667, 668, 669, 670, 671, 672, 673, 674, 675, 676, 677, 678, 679, 680, 681, 682, 683, 684, 685, 686, 687, 688, 689, 690, 691, 692, 693, 694, 695, 696, 697, 698, 699, 700, 701, 702, 703, 704, 705, 706, 707, 708, 709, 710, 711, 712, 713, 714, 715, 716, 717, 718, 719, 720, 721, 722, 723, 724, 725, 726, 727, 728, 729, 730, 731, 732, 733, 734, 735, 736, 737, 738, 739, 740, 741, 742, 743, 744, 745, 746, 747, 748, 749, 750, 751, 752, 753, 754, 755, 756, 757, 758, 759, 760, 761, 762, 763, 764, 765, 766, 767, 768, 769, 770, 771, 772, 773, 774, 775, 776, 777, 778, 779, 780, 781, 782, 783, 784, 785, 786, 787, 788, 789, 790, 791, 792, 793, 796, 819, 823, 824, 825, 826, 827, 848, 906, 907, 908, 909]",True,[],"[103, 104, 105, 106, 107, 108, 109, 110, 111, 112, 113, 114, 115, 116, 117, 118, 119, 120, 121, 122, 123, 124, 125, 126, 127, 128, 129, 130, 131, 132, 133, 134, 135, 136, 137, 138, 139, 140, 141, 142, 143, 144, 145, 146, 147, 148, 149, 150, 151, 152, 153, 154, 155, 156, 157, 158, 159, 160, 161, 162, 163, 164, 165, 166, 167, 168, 169, 170, 171, 172, 173, 174, 175, 176, 177, 178, 179, 180, 181, 182, 183, 184, 185, 186, 187, 188, 189, 190, 191, 192, 193, 194, 195, 196, 197, 198, 199, 200, 201, 202, 203, 204, 205, 206, 207, 208, 209, 210, 211, 212, 213, 214, 215, 216, 217, 218, 219, 220, 221, 222, 223, 224, 225, 226, 227, 228, 229, 230, 231, 232, 233, 234, 235, 236, 237, 238, 239, 240, 241, 242, 243, 244, 245, 246, 247, 248, 249, 250, 251, 252, 253, 254, 255, 256, 257, 258, 259, 260, 261, 262, 263, 264, 265, 266, 267, 268, 269, 270, 271, 272, 273, 274, 275, 276, 277, 278, 279, 280, 281, 282, 283, 284, 285, 286, 287, 288, 289, 290, 291, 292, 293, 294, 295, 296, 297, 298, 299, 300, 301, 302, 303, 304, 305, 306, 307, 308, 309, 310, 311, 312, 313, 314, 315, 316, 317, 318, 319, 320, 321, 322, 323, 324, 325, 326, 327, 328, 329, 330, 331, 332, 333, 334, 335, 336, 337, 574, 575, 576, 577, 578, 579, 580, 581, 582, 583, 584, 585, 586, 587, 588, 589, 590, 591, 592, 593, 594, 595, 596, 597, 598, 599, 600, 601, 602, 603, 604, 605, 606, 607, 608, 609, 610, 611, 612, 613, 614, 615, 616, 617, 618, 619, 620, 621, 622, 623, 624, 625, 626, 627, 628, 629, 630, 631, 632, 633, 634, 635, 636, 637, 638, 639, 640, 641, 642, 643, 644, 645, 646, 647, 648, 649, 650, 651, 652, 653, 654, 655, 656, 657, 658, 659, 660, 661, 662, 663, 664, 665, 666, 667, 668, 669, 670, 671, 672, 673, 674, 675, 676, 677, 678, 679, 680, 681, 682, 683, 684, 685, 686, 687, 688, 689, 690, 691, 692, 693, 694, 695, 696, 697, 698, 699, 700, 701, 702, 703, 704, 705, 706, 707, 708, 709, 710, 711, 712, 713, 714, 715, 716, 717, 718, 719, 720, 721, 722, 723, 724, 725, 726, 727, 728, 729, 730, 731, 732, 733, 734, 735, 736, 737, 738, 739, 740, 741, 742, 743, 744, 745, 746, 747, 748, 749, 750, 751, 752, 753, 754, 755, 756, 757, 758, 759, 760, 761, 762, 763, 764, 765, 766, 767, 768, 769, 770, 771, 772, 773, 774, 775, 776, 777, 778, 779, 780, 781, 782, 783, 784, 785, 786, 787, 788, 789, 790, 791, 792, 793]","[174, 188, 189, 197, 232, 254, 369, 399, 645, 659, 660, 668, 696, 717, 819, 848]","[254, 717]","[0, 5, 7, 10, 14, 19, 20, 22, 24, 32, 33, 34, 37, 38, 40, 44, 46, 48, 49, 51, 56, 61, 63, 65, 67, 68, 73, 74, 75, 76, 79, 81, 82, 83, 85, 87, 88, 92, 93, 95, 96, 99, 100, 101, 115, 116, 124, 134, 142, 161, 167, 169, 170, 186, 202, 240, 244, 254, 260, 267, 277, 300, 303, 307, 310, 322, 331, 376, 485, 491, 493, 495, 499, 503, 504, 506, 508, 515, 518, 519, 521, 524, 526, 528, 533, 537, 539, 542, 543, 547, 548, 549, 550, 551, 553, 554, 556, 558, 559, 563, 564, 566, 567, 570, 571, 572, 586, 587, 595, 605, 613, 633, 639, 640, 641, 657, 672, 704, 717, 726, 736, 759, 761, 765, 768, 780, 788, 792, 826]","[15, 16, 65, 66, 67, 68, 69, 70, 71, 72, 73, 74, 75, 76, 77, 78, 80, 151, 244, 245, 246, 247, 248, 249, 250, 251, 252, 253, 254, 255, 256, 257, 258, 259, 260, 280, 340, 373, 374, 375, 376, 377, 459, 460, 461, 462, 500, 501, 539, 540, 541, 542, 543, 544, 545, 546, 547, 548, 549, 550, 552, 622, 708, 709, 710, 711, 712, 713, 714, 715, 716, 717, 718, 719, 720, 739, 796, 823, 824, 825, 826, 827, 906, 907, 908, 909]","[15, 16, 65, 66, 67, 68, 69, 70, 71, 72, 73, 74, 75, 76, 80, 151, 245, 246, 247, 248, 249, 250, 251, 252, 253, 254, 255, 256, 257, 258, 259, 280, 340, 373, 374, 375, 376, 377, 459, 460, 461, 462, 500, 501, 539, 540, 541, 542, 543, 544, 545, 546, 547, 548, 549, 550, 552, 622, 708, 709, 710, 711, 712, 713, 714, 715, 716, 717, 718, 719, 720, 739, 796, 823, 824, 825, 826, 827, 906, 907, 908, 909]",7/6 successful match,True,[12],True,276,False,,1.0,True,Pilot Travel Center # 307 ),Pilot
Palm Springs ( N ) ( 92258 ) Pilot Travel Center # 307 on Del Norte ),760-329-5562 I-10 Exit 120 ( Indian Ave ),Plot 24 MO 0240 <U+2610>,Palm Springs,92258,Pilot Travel Center # 307 on Del Norte ),760-329-5562,2016,North Palm Springs,CA,Pilot,( Indian Ave ),I-10 Exit 120 ,Exit,120,False,,False,I-10,,,,,"[717, 254]",[],"[174, 188, 189, 197, 232, 254, 369, 399, 645, 659, 660, 668, 696, 717, 819, 848]","[254, 717]","[103, 104, 105, 106, 107, 108, 109, 110, 111, 112, 113, 114, 115, 116, 117, 118, 119, 120, 121, 122, 123, 124, 125, 126, 127, 128, 129, 130, 131, 132, 133, 134, 135, 136, 137, 138, 139, 140, 141, 142, 143, 144, 145, 146, 147, 148, 149, 150, 151, 152, 153, 154, 155, 156, 157, 158, 159, 160, 161, 162, 163, 164, 165, 166, 167, 168, 169, 170, 171, 172, 173, 174, 175, 176, 177, 178, 179, 180, 181, 182, 183, 184, 185, 186, 187, 188, 189, 190, 191, 192, 193, 194, 195, 196, 197, 198, 199, 200, 201, 202, 203, 204, 205, 206, 207, 208, 209, 210, 211, 212, 213, 214, 215, 216, 217, 218, 219, 220, 221, 222, 223, 224, 225, 226, 227, 228, 229, 230, 231, 232, 233, 234, 235, 236, 237, 238, 239, 240, 241, 242, 243, 244, 245, 246, 247, 248, 249, 250, 251, 252, 253, 254, 255, 256, 257, 258, 259, 260, 261, 262, 263, 264, 265, 266, 267, 268, 269, 270, 271, 272, 273, 274, 275, 276, 277, 278, 279, 280, 281, 282, 283, 284, 285, 286, 287, 288, 289, 290, 291, 292, 293, 294, 295, 296, 297, 298, 299, 300, 301, 302, 303, 304, 305, 306, 307, 308, 309, 310, 311, 312, 313, 314, 315, 316, 317, 318, 319, 320, 321, 322, 323, 324, 325, 326, 327, 328, 329, 330, 331, 332, 333, 334, 335, 336, 337, 574, 575, 576, 577, 578, 579, 580, 581, 582, 583, 584, 585, 586, 587, 588, 589, 590, 591, 592, 593, 594, 595, 596, 597, 598, 599, 600, 601, 602, 603, 604, 605, 606, 607, 608, 609, 610, 611, 612, 613, 614, 615, 616, 617, 618, 619, 620, 621, 622, 623, 624, 625, 626, 627, 628, 629, 630, 631, 632, 633, 634, 635, 636, 637, 638, 639, 640, 641, 642, 643, 644, 645, 646, 647, 648, 649, 650, 651, 652, 653, 654, 655, 656, 657, 658, 659, 660, 661, 662, 663, 664, 665, 666, 667, 668, 669, 670, 671, 672, 673, 674, 675, 676, 677, 678, 679, 680, 681, 682, 683, 684, 685, 686, 687, 688, 689, 690, 691, 692, 693, 694, 695, 696, 697, 698, 699, 700, 701, 702, 703, 704, 705, 706, 707, 708, 709, 710, 711, 712, 713, 714, 715, 716, 717, 718, 719, 720, 721, 722, 723, 724, 725, 726, 727, 728, 729, 730, 731, 732, 733, 734, 735, 736, 737, 738, 739, 740, 741, 742, 743, 744, 745, 746, 747, 748, 749, 750, 751, 752, 753, 754, 755, 756, 757, 758, 759, 760, 761, 762, 763, 764, 765, 766, 767, 768, 769, 770, 771, 772, 773, 774, 775, 776, 777, 778, 779, 780, 781, 782, 783, 784, 785, 786, 787, 788, 789, 790, 791, 792, 793]","[0, 5, 7, 10, 14, 19, 20, 22, 24, 32, 33, 34, 37, 38, 40, 44, 46, 48, 49, 51, 56, 61, 63, 65, 67, 68, 73, 74, 75, 76, 79, 81, 82, 83, 85, 87, 88, 92, 93, 95, 96, 99, 100, 101, 115, 116, 124, 134, 142, 161, 167, 169, 170, 186, 202, 240, 244, 254, 260, 267, 277, 300, 303, 307, 310, 322, 331, 376, 485, 491, 493, 495, 499, 503, 504, 506, 508, 515, 518, 519, 521, 524, 526, 528, 533, 537, 539, 542, 543, 547, 548, 549, 550, 551, 553, 554, 556, 558, 559, 563, 564, 566, 567, 570, 571, 572, 586, 587, 595, 605, 613, 633, 639, 640, 641, 657, 672, 704, 717, 726, 736, 759, 761, 765, 768, 780, 788, 792, 826]","[15, 16, 65, 66, 67, 68, 69, 70, 71, 72, 73, 74, 75, 76, 80, 151, 245, 246, 247, 248, 249, 250, 251, 252, 253, 254, 255, 256, 257, 258, 259, 280, 340, 373, 374, 375, 376, 377, 459, 460, 461, 462, 500, 501, 539, 540, 541, 542, 543, 544, 545, 546, 547, 548, 549, 550, 552, 622, 708, 709, 710, 711, 712, 713, 714, 715, 716, 717, 718, 719, 720, 739, 796, 823, 824, 825, 826, 827, 906, 907, 908, 909]","[15, 16, 65, 66, 67, 68, 69, 70, 71, 72, 73, 74, 75, 76, 77, 78, 80, 151, 244, 245, 246, 247, 248, 249, 250, 251, 252, 253, 254, 255, 256, 257, 258, 259, 260, 280, 340, 373, 374, 375, 376, 377, 459, 460, 461, 462, 500, 501, 539, 540, 541, 542, 543, 544, 545, 546, 547, 548, 549, 550, 552, 622, 708, 709, 710, 711, 712, 713, 714, 715, 716, 717, 718, 719, 720, 739, 796, 823, 824, 825, 826, 827, 906, 907, 908, 909]","[0, 5, 7, 10, 14, 15, 16, 19, 20, 22, 24, 32, 33, 34, 37, 38, 40, 44, 46, 48, 49, 51, 56, 61, 63, 65, 66, 67, 68, 69, 70, 71, 72, 73, 74, 75, 76, 77, 78, 79, 80, 81, 82, 83, 85, 87, 88, 92, 93, 95, 96, 99, 100, 101, 103, 104, 105, 106, 107, 108, 109, 110, 111, 112, 113, 114, 115, 116, 117, 118, 119, 120, 121, 122, 123, 124, 125, 126, 127, 128, 129, 130, 131, 132, 133, 134, 135, 136, 137, 138, 139, 140, 141, 142, 143, 144, 145, 146, 147, 148, 149, 150, 151, 152, 153, 154, 155, 156, 157, 158, 159, 160, 161, 162, 163, 164, 165, 166, 167, 168, 169, 170, 171, 172, 173, 174, 175, 176, 177, 178, 179, 180, 181, 182, 183, 184, 185, 186, 187, 188, 189, 190, 191, 192, 193, 194, 195, 196, 197, 198, 199, 200, 201, 202, 203, 204, 205, 206, 207, 208, 209, 210, 211, 212, 213, 214, 215, 216, 217, 218, 219, 220, 221, 222, 223, 224, 225, 226, 227, 228, 229, 230, 231, 232, 233, 234, 235, 236, 237, 238, 239, 240, 241, 242, 243, 244, 245, 246, 247, 248, 249, 250, 251, 252, 253, 254, 255, 256, 257, 258, 259, 260, 261, 262, 263, 264, 265, 266, 267, 268, 269, 270, 271, 272, 273, 274, 275, 276, 277, 278, 279, 280, 281, 282, 283, 284, 285, 286, 287, 288, 289, 290, 291, 292, 293, 294, 295, 296, 297, 298, 299, 300, 301, 302, 303, 304, 305, 306, 307, 308, 309, 310, 311, 312, 313, 314, 315, 316, 317, 318, 319, 320, 321, 322, 323, 324, 325, 326, 327, 328, 329, 330, 331, 332, 333, 334, 335, 336, 337, 340, 369, 373, 374, 375, 376, 377, 399, 459, 460, 461, 462, 485, 491, 493, 495, 499, 500, 501, 503, 504, 506, 508, 515, 518, 519, 521, 524, 526, 528, 533, 537, 539, 540, 541, 542, 543, 544, 545, 546, 547, 548, 549, 550, 551, 552, 553, 554, 556, 558, 559, 563, 564, 566, 567, 570, 571, 572, 574, 575, 576, 577, 578, 579, 580, 581, 582, 583, 584, 585, 586, 587, 588, 589, 590, 591, 592, 593, 594, 595, 596, 597, 598, 599, 600, 601, 602, 603, 604, 605, 606, 607, 608, 609, 610, 611, 612, 613, 614, 615, 616, 617, 618, 619, 620, 621, 622, 623, 624, 625, 626, 627, 628, 629, 630, 631, 632, 633, 634, 635, 636, 637, 638, 639, 640, 641, 642, 643, 644, 645, 646, 647, 648, 649, 650, 651, 652, 653, 654, 655, 656, 657, 658, 659, 660, 661, 662, 663, 664, 665, 666, 667, 668, 669, 670, 671, 672, 673, 674, 675, 676, 677, 678, 679, 680, 681, 682, 683, 684, 685, 686, 687, 688, 689, 690, 691, 692, 693, 694, 695, 696, 697, 698, 699, 700, 701, 702, 703, 704, 705, 706, 707, 708, 709, 710, 711, 712, 713, 714, 715, 716, 717, 718, 719, 720, 721, 722, 723, 724, 725, 726, 727, 728, 729, 730, 731, 732, 733, 734, 735, 736, 737, 738, 739, 740, 741, 742, 743, 744, 745, 746, 747, 748, 749, 750, 751, 752, 753, 754, 755, 756, 757, 758, 759, 760, 761, 762, 763, 764, 765, 766, 767, 768, 769, 770, 771, 772, 773, 774, 775, 776, 777, 778, 779, 780, 781, 782, 783, 784, 785, 786, 787, 788, 789, 790, 791, 792, 793, 796, 819, 823, 824, 825, 826, 827, 848, 906, 907, 908, 909]",True,[],"[103, 104, 105, 106, 107, 108, 109, 110, 111, 112, 113, 114, 115, 116, 117, 118, 119, 120, 121, 122, 123, 124, 125, 126, 127, 128, 129, 130, 131, 132, 133, 134, 135, 136, 137, 138, 139, 140, 141, 142, 143, 144, 145, 146, 147, 148, 149, 150, 151, 152, 153, 154, 155, 156, 157, 158, 159, 160, 161, 162, 163, 164, 165, 166, 167, 168, 169, 170, 171, 172, 173, 174, 175, 176, 177, 178, 179, 180, 181, 182, 183, 184, 185, 186, 187, 188, 189, 190, 191, 192, 193, 194, 195, 196, 197, 198, 199, 200, 201, 202, 203, 204, 205, 206, 207, 208, 209, 210, 211, 212, 213, 214, 215, 216, 217, 218, 219, 220, 221, 222, 223, 224, 225, 226, 227, 228, 229, 230, 231, 232, 233, 234, 235, 236, 237, 238, 239, 240, 241, 242, 243, 244, 245, 246, 247, 248, 249, 250, 251, 252, 253, 254, 255, 256, 257, 258, 259, 260, 261, 262, 263, 264, 265, 266, 267, 268, 269, 270, 271, 272, 273, 274, 275, 276, 277, 278, 279, 280, 281, 282, 283, 284, 285, 286, 287, 288, 289, 290, 291, 292, 293, 294, 295, 296, 297, 298, 299, 300, 301, 302, 303, 304, 305, 306, 307, 308, 309, 310, 311, 312, 313, 314, 315, 316, 317, 318, 319, 320, 321, 322, 323, 324, 325, 326, 327, 328, 329, 330, 331, 332, 333, 334, 335, 336, 337, 574, 575, 576, 577, 578, 579, 580, 581, 582, 583, 584, 585, 586, 587, 588, 589, 590, 591, 592, 593, 594, 595, 596, 597, 598, 599, 600, 601, 602, 603, 604, 605, 606, 607, 608, 609, 610, 611, 612, 613, 614, 615, 616, 617, 618, 619, 620, 621, 622, 623, 624, 625, 626, 627, 628, 629, 630, 631, 632, 633, 634, 635, 636, 637, 638, 639, 640, 641, 642, 643, 644, 645, 646, 647, 648, 649, 650, 651, 652, 653, 654, 655, 656, 657, 658, 659, 660, 661, 662, 663, 664, 665, 666, 667, 668, 669, 670, 671, 672, 673, 674, 675, 676, 677, 678, 679, 680, 681, 682, 683, 684, 685, 686, 687, 688, 689, 690, 691, 692, 693, 694, 695, 696, 697, 698, 699, 700, 701, 702, 703, 704, 705, 706, 707, 708, 709, 710, 711, 712, 713, 714, 715, 716, 717, 718, 719, 720, 721, 722, 723, 724, 725, 726, 727, 728, 729, 730, 731, 732, 733, 734, 735, 736, 737, 738, 739, 740, 741, 742, 743, 744, 745, 746, 747, 748, 749, 750, 751, 752, 753, 754, 755, 756, 757, 758, 759, 760, 761, 762, 763, 764, 765, 766, 767, 768, 769, 770, 771, 772, 773, 774, 775, 776, 777, 778, 779, 780, 781, 782, 783, 784, 785, 786, 787, 788, 789, 790, 791, 792, 793]","[174, 188, 189, 197, 232, 254, 369, 399, 645, 659, 660, 668, 696, 717, 819, 848]","[254, 717]","[0, 5, 7, 10, 14, 19, 20, 22, 24, 32, 33, 34, 37, 38, 40, 44, 46, 48, 49, 51, 56, 61, 63, 65, 67, 68, 73, 74, 75, 76, 79, 81, 82, 83, 85, 87, 88, 92, 93, 95, 96, 99, 100, 101, 115, 116, 124, 134, 142, 161, 167, 169, 170, 186, 202, 240, 244, 254, 260, 267, 277, 300, 303, 307, 310, 322, 331, 376, 485, 491, 493, 495, 499, 503, 504, 506, 508, 515, 518, 519, 521, 524, 526, 528, 533, 537, 539, 542, 543, 547, 548, 549, 550, 551, 553, 554, 556, 558, 559, 563, 564, 566, 567, 570, 571, 572, 586, 587, 595, 605, 613, 633, 639, 640, 641, 657, 672, 704, 717, 726, 736, 759, 761, 765, 768, 780, 788, 792, 826]","[15, 16, 65, 66, 67, 68, 69, 70, 71, 72, 73, 74, 75, 76, 77, 78, 80, 151, 244, 245, 246, 247, 248, 249, 250, 251, 252, 253, 254, 255, 256, 257, 258, 259, 260, 280, 340, 373, 374, 375, 376, 377, 459, 460, 461, 462, 500, 501, 539, 540, 541, 542, 543, 544, 545, 546, 547, 548, 549, 550, 552, 622, 708, 709, 710, 711, 712, 713, 714, 715, 716, 717, 718, 719, 720, 739, 796, 823, 824, 825, 826, 827, 906, 907, 908, 909]","[15, 16, 65, 66, 67, 68, 69, 70, 71, 72, 73, 74, 75, 76, 80, 151, 245, 246, 247, 248, 249, 250, 251, 252, 253, 254, 255, 256, 257, 258, 259, 280, 340, 373, 374, 375, 376, 377, 459, 460, 461, 462, 500, 501, 539, 540, 541, 542, 543, 544, 545, 546, 547, 548, 549, 550, 552, 622, 708, 709, 710, 711, 712, 713, 714, 715, 716, 717, 718, 719, 720, 739, 796, 823, 824, 825, 826, 827, 906, 907, 908, 909]",7/6 successful match,True,[12],True,276,False,,0.9707692307692308,True,Pilot Travel Center # 307,Pilot
"Thousand Palms , 92276 Flying J Fuel Stop # 0500020",6 760-343-1500 I-10 Exit 130 ( Ramon Rd ),L <U+2610> <U+2610>,Thousand Palms,92276,Flying J Fuel Stop # 0500020,760-343-1500,2006,Thousand Palms,CA,Flying J,( Ramon Rd ),I-10 Exit 130 ,Exit,130,False,,False,I-10,,,,,"[639, 167]","[167, 639]","[167, 639]","[135, 167, 288, 606, 639, 747]","[103, 104, 105, 106, 107, 108, 109, 110, 111, 112, 113, 114, 115, 116, 117, 118, 119, 120, 121, 122, 123, 124, 125, 126, 127, 128, 129, 130, 131, 132, 133, 134, 135, 136, 137, 138, 139, 140, 141, 142, 143, 144, 145, 146, 147, 148, 149, 150, 151, 152, 153, 154, 155, 156, 157, 158, 159, 160, 161, 162, 163, 164, 165, 166, 167, 168, 169, 170, 171, 172, 173, 174, 175, 176, 177, 178, 179, 180, 181, 182, 183, 184, 185, 186, 187, 188, 189, 190, 191, 192, 193, 194, 195, 196, 197, 198, 199, 200, 201, 202, 203, 204, 205, 206, 207, 208, 209, 210, 211, 212, 213, 214, 215, 216, 217, 218, 219, 220, 221, 222, 223, 224, 225, 226, 227, 228, 229, 230, 231, 232, 233, 234, 235, 236, 237, 238, 239, 240, 241, 242, 243, 244, 245, 246, 247, 248, 249, 250, 251, 252, 253, 254, 255, 256, 257, 258, 259, 260, 261, 262, 263, 264, 265, 266, 267, 268, 269, 270, 271, 272, 273, 274, 275, 276, 277, 278, 279, 280, 281, 282, 283, 284, 285, 286, 287, 288, 289, 290, 291, 292, 293, 294, 295, 296, 297, 298, 299, 300, 301, 302, 303, 304, 305, 306, 307, 308, 309, 310, 311, 312, 313, 314, 315, 316, 317, 318, 319, 320, 321, 322, 323, 324, 325, 326, 327, 328, 329, 330, 331, 332, 333, 334, 335, 336, 337, 574, 575, 576, 577, 578, 579, 580, 581, 582, 583, 584, 585, 586, 587, 588, 589, 590, 591, 592, 593, 594, 595, 596, 597, 598, 599, 600, 601, 602, 603, 604, 605, 606, 607, 608, 609, 610, 611, 612, 613, 614, 615, 616, 617, 618, 619, 620, 621, 622, 623, 624, 625, 626, 627, 628, 629, 630, 631, 632, 633, 634, 635, 636, 637, 638, 639, 640, 641, 642, 643, 644, 645, 646, 647, 648, 649, 650, 651, 652, 653, 654, 655, 656, 657, 658, 659, 660, 661, 662, 663, 664, 665, 666, 667, 668, 669, 670, 671, 672, 673, 674, 675, 676, 677, 678, 679, 680, 681, 682, 683, 684, 685, 686, 687, 688, 689, 690, 691, 692, 693, 694, 695, 696, 697, 698, 699, 700, 701, 702, 703, 704, 705, 706, 707, 708, 709, 710, 711, 712, 713, 714, 715, 716, 717, 718, 719, 720, 721, 722, 723, 724, 725, 726, 727, 728, 729, 730, 731, 732, 733, 734, 735, 736, 737, 738, 739, 740, 741, 742, 743, 744, 745, 746, 747, 748, 749, 750, 751, 752, 753, 754, 755, 756, 757, 758, 759, 760, 761, 762, 763, 764, 765, 766, 767, 768, 769, 770, 771, 772, 773, 774, 775, 776, 777, 778, 779, 780, 781, 782, 783, 784, 785, 786, 787, 788, 789, 790, 791, 792, 793]","[0, 5, 7, 10, 14, 19, 20, 22, 24, 32, 33, 34, 37, 38, 40, 44, 46, 48, 49, 51, 56, 61, 63, 65, 67, 68, 73, 74, 75, 76, 79, 81, 82, 83, 85, 87, 88, 92, 93, 95, 96, 99, 100, 101, 115, 116, 124, 134, 142, 161, 167, 169, 170, 186, 202, 240, 244, 254, 260, 267, 277, 300, 303, 307, 310, 322, 331, 376, 485, 491, 493, 495, 499, 503, 504, 506, 508, 515, 518, 519, 521, 524, 526, 528, 533, 537, 539, 542, 543, 547, 548, 549, 550, 551, 553, 554, 556, 558, 559, 563, 564, 566, 567, 570, 571, 572, 586, 587, 595, 605, 613, 633, 639, 640, 641, 657, 672, 704, 717, 726, 736, 759, 761, 765, 768, 780, 788, 792, 826]","[17, 18, 19, 20, 21, 22, 23, 156, 157, 158, 159, 160, 161, 162, 163, 164, 165, 166, 167, 341, 342, 343, 344, 345, 412, 413, 414, 415, 416, 417, 418, 419, 420, 421, 422, 502, 503, 504, 505, 506, 507, 628, 629, 630, 631, 632, 633, 634, 635, 636, 637, 638, 639, 792, 797, 798, 799, 800, 801, 863, 864, 865, 866, 867, 868, 869, 870, 871, 872, 873, 874]","[17, 18, 19, 20, 21, 22, 23, 156, 157, 158, 159, 160, 161, 162, 163, 164, 165, 166, 167, 168, 340, 341, 342, 343, 344, 345, 346, 412, 413, 414, 415, 416, 417, 418, 419, 420, 421, 422, 502, 503, 504, 505, 506, 507, 628, 629, 630, 631, 632, 633, 634, 635, 636, 637, 638, 639, 792, 796, 797, 798, 799, 800, 801, 863, 864, 865, 866, 867, 868, 869, 870, 871, 872, 873, 874]","[0, 5, 7, 10, 14, 17, 18, 19, 20, 21, 22, 23, 24, 32, 33, 34, 37, 38, 40, 44, 46, 48, 49, 51, 56, 61, 63, 65, 67, 68, 73, 74, 75, 76, 79, 81, 82, 83, 85, 87, 88, 92, 93, 95, 96, 99, 100, 101, 103, 104, 105, 106, 107, 108, 109, 110, 111, 112, 113, 114, 115, 116, 117, 118, 119, 120, 121, 122, 123, 124, 125, 126, 127, 128, 129, 130, 131, 132, 133, 134, 135, 136, 137, 138, 139, 140, 141, 142, 143, 144, 145, 146, 147, 148, 149, 150, 151, 152, 153, 154, 155, 156, 157, 158, 159, 160, 161, 162, 163, 164, 165, 166, 167, 168, 169, 170, 171, 172, 173, 174, 175, 176, 177, 178, 179, 180, 181, 182, 183, 184, 185, 186, 187, 188, 189, 190, 191, 192, 193, 194, 195, 196, 197, 198, 199, 200, 201, 202, 203, 204, 205, 206, 207, 208, 209, 210, 211, 212, 213, 214, 215, 216, 217, 218, 219, 220, 221, 222, 223, 224, 225, 226, 227, 228, 229, 230, 231, 232, 233, 234, 235, 236, 237, 238, 239, 240, 241, 242, 243, 244, 245, 246, 247, 248, 249, 250, 251, 252, 253, 254, 255, 256, 257, 258, 259, 260, 261, 262, 263, 264, 265, 266, 267, 268, 269, 270, 271, 272, 273, 274, 275, 276, 277, 278, 279, 280, 281, 282, 283, 284, 285, 286, 287, 288, 289, 290, 291, 292, 293, 294, 295, 296, 297, 298, 299, 300, 301, 302, 303, 304, 305, 306, 307, 308, 309, 310, 311, 312, 313, 314, 315, 316, 317, 318, 319, 320, 321, 322, 323, 324, 325, 326, 327, 328, 329, 330, 331, 332, 333, 334, 335, 336, 337, 340, 341, 342, 343, 344, 345, 346, 376, 412, 413, 414, 415, 416, 417, 418, 419, 420, 421, 422, 485, 491, 493, 495, 499, 502, 503, 504, 505, 506, 507, 508, 515, 518, 519, 521, 524, 526, 528, 533, 537, 539, 542, 543, 547, 548, 549, 550, 551, 553, 554, 556, 558, 559, 563, 564, 566, 567, 570, 571, 572, 574, 575, 576, 577, 578, 579, 580, 581, 582, 583, 584, 585, 586, 587, 588, 589, 590, 591, 592, 593, 594, 595, 596, 597, 598, 599, 600, 601, 602, 603, 604, 605, 606, 607, 608, 609, 610, 611, 612, 613, 614, 615, 616, 617, 618, 619, 620, 621, 622, 623, 624, 625, 626, 627, 628, 629, 630, 631, 632, 633, 634, 635, 636, 637, 638, 639, 640, 641, 642, 643, 644, 645, 646, 647, 648, 649, 650, 651, 652, 653, 654, 655, 656, 657, 658, 659, 660, 661, 662, 663, 664, 665, 666, 667, 668, 669, 670, 671, 672, 673, 674, 675, 676, 677, 678, 679, 680, 681, 682, 683, 684, 685, 686, 687, 688, 689, 690, 691, 692, 693, 694, 695, 696, 697, 698, 699, 700, 701, 702, 703, 704, 705, 706, 707, 708, 709, 710, 711, 712, 713, 714, 715, 716, 717, 718, 719, 720, 721, 722, 723, 724, 725, 726, 727, 728, 729, 730, 731, 732, 733, 734, 735, 736, 737, 738, 739, 740, 741, 742, 743, 744, 745, 746, 747, 748, 749, 750, 751, 752, 753, 754, 755, 756, 757, 758, 759, 760, 761, 762, 763, 764, 765, 766, 767, 768, 769, 770, 771, 772, 773, 774, 775, 776, 777, 778, 779, 780, 781, 782, 783, 784, 785, 786, 787, 788, 789, 790, 791, 792, 793, 796, 797, 798, 799, 800, 801, 826, 863, 864, 865, 866, 867, 868, 869, 870, 871, 872, 873, 874]",True,"[167, 639]","[103, 104, 105, 106, 107, 108, 109, 110, 111, 112, 113, 114, 115, 116, 117, 118, 119, 120, 121, 122, 123, 124, 125, 126, 127, 128, 129, 130, 131, 132, 133, 134, 135, 136, 137, 138, 139, 140, 141, 142, 143, 144, 145, 146, 147, 148, 149, 150, 151, 152, 153, 154, 155, 156, 157, 158, 159, 160, 161, 162, 163, 164, 165, 166, 167, 168, 169, 170, 171, 172, 173, 174, 175, 176, 177, 178, 179, 180, 181, 182, 183, 184, 185, 186, 187, 188, 189, 190, 191, 192, 193, 194, 195, 196, 197, 198, 199, 200, 201, 202, 203, 204, 205, 206, 207, 208, 209, 210, 211, 212, 213, 214, 215, 216, 217, 218, 219, 220, 221, 222, 223, 224, 225, 226, 227, 228, 229, 230, 231, 232, 233, 234, 235, 236, 237, 238, 239, 240, 241, 242, 243, 244, 245, 246, 247, 248, 249, 250, 251, 252, 253, 254, 255, 256, 257, 258, 259, 260, 261, 262, 263, 264, 265, 266, 267, 268, 269, 270, 271, 272, 273, 274, 275, 276, 277, 278, 279, 280, 281, 282, 283, 284, 285, 286, 287, 288, 289, 290, 291, 292, 293, 294, 295, 296, 297, 298, 299, 300, 301, 302, 303, 304, 305, 306, 307, 308, 309, 310, 311, 312, 313, 314, 315, 316, 317, 318, 319, 320, 321, 322, 323, 324, 325, 326, 327, 328, 329, 330, 331, 332, 333, 334, 335, 336, 337, 574, 575, 576, 577, 578, 579, 580, 581, 582, 583, 584, 585, 586, 587, 588, 589, 590, 591, 592, 593, 594, 595, 596, 597, 598, 599, 600, 601, 602, 603, 604, 605, 606, 607, 608, 609, 610, 611, 612, 613, 614, 615, 616, 617, 618, 619, 620, 621, 622, 623, 624, 625, 626, 627, 628, 629, 630, 631, 632, 633, 634, 635, 636, 637, 638, 639, 640, 641, 642, 643, 644, 645, 646, 647, 648, 649, 650, 651, 652, 653, 654, 655, 656, 657, 658, 659, 660, 661, 662, 663, 664, 665, 666, 667, 668, 669, 670, 671, 672, 673, 674, 675, 676, 677, 678, 679, 680, 681, 682, 683, 684, 685, 686, 687, 688, 689, 690, 691, 692, 693, 694, 695, 696, 697, 698, 699, 700, 701, 702, 703, 704, 705, 706, 707, 708, 709, 710, 711, 712, 713, 714, 715, 716, 717, 718, 719, 720, 721, 722, 723, 724, 725, 726, 727, 728, 729, 730, 731, 732, 733, 734, 735, 736, 737, 738, 739, 740, 741, 742, 743, 744, 745, 746, 747, 748, 749, 750, 751, 752, 753, 754, 755, 756, 757, 758, 759, 760, 761, 762, 763, 764, 765, 766, 767, 768, 769, 770, 771, 772, 773, 774, 775, 776, 777, 778, 779, 780, 781, 782, 783, 784, 785, 786, 787, 788, 789, 790, 791, 792, 793]","[167, 639]","[135, 167, 288, 606, 639, 747]","[0, 5, 7, 10, 14, 19, 20, 22, 24, 32, 33, 34, 37, 38, 40, 44, 46, 48, 49, 51, 56, 61, 63, 65, 67, 68, 73, 74, 75, 76, 79, 81, 82, 83, 85, 87, 88, 92, 93, 95, 96, 99, 100, 101, 115, 116, 124, 134, 142, 161, 167, 169, 170, 186, 202, 240, 244, 254, 260, 267, 277, 300, 303, 307, 310, 322, 331, 376, 485, 491, 493, 495, 499, 503, 504, 506, 508, 515, 518, 519, 521, 524, 526, 528, 533, 537, 539, 542, 543, 547, 548, 549, 550, 551, 553, 554, 556, 558, 559, 563, 564, 566, 567, 570, 571, 572, 586, 587, 595, 605, 613, 633, 639, 640, 641, 657, 672, 704, 717, 726, 736, 759, 761, 765, 768, 780, 788, 792, 826]","[17, 18, 19, 20, 21, 22, 23, 156, 157, 158, 159, 160, 161, 162, 163, 164, 165, 166, 167, 168, 340, 341, 342, 343, 344, 345, 346, 412, 413, 414, 415, 416, 417, 418, 419, 420, 421, 422, 502, 503, 504, 505, 506, 507, 628, 629, 630, 631, 632, 633, 634, 635, 636, 637, 638, 639, 792, 796, 797, 798, 799, 800, 801, 863, 864, 865, 866, 867, 868, 869, 870, 871, 872, 873, 874]","[17, 18, 19, 20, 21, 22, 23, 156, 157, 158, 159, 160, 161, 162, 163, 164, 165, 166, 167, 341, 342, 343, 344, 345, 412, 413, 414, 415, 416, 417, 418, 419, 420, 421, 422, 502, 503, 504, 505, 506, 507, 628, 629, 630, 631, 632, 633, 634, 635, 636, 637, 638, 639, 792, 797, 798, 799, 800, 801, 863, 864, 865, 866, 867, 868, 869, 870, 871, 872, 873, 874]",7/6 successful match,True,[252],True,277,False,,,,,
"Thousand Palms , 92276 Flying J Fuel Stop # 0500020",6 760-343-1500 I-10 Exit 130 ( Ramon Rd ),0,Thousand Palms,92276,Flying J Fuel Stop # 0500020,760-343-1500,2007,Thousand Palms,CA,Flying J,( Ramon Rd ),I-10 Exit 130 ,Exit,130,False,,False,I-10,,,,,"[639, 167]","[167, 639]","[167, 639]","[135, 167, 288, 606, 639, 747]","[103, 104, 105, 106, 107, 108, 109, 110, 111, 112, 113, 114, 115, 116, 117, 118, 119, 120, 121, 122, 123, 124, 125, 126, 127, 128, 129, 130, 131, 132, 133, 134, 135, 136, 137, 138, 139, 140, 141, 142, 143, 144, 145, 146, 147, 148, 149, 150, 151, 152, 153, 154, 155, 156, 157, 158, 159, 160, 161, 162, 163, 164, 165, 166, 167, 168, 169, 170, 171, 172, 173, 174, 175, 176, 177, 178, 179, 180, 181, 182, 183, 184, 185, 186, 187, 188, 189, 190, 191, 192, 193, 194, 195, 196, 197, 198, 199, 200, 201, 202, 203, 204, 205, 206, 207, 208, 209, 210, 211, 212, 213, 214, 215, 216, 217, 218, 219, 220, 221, 222, 223, 224, 225, 226, 227, 228, 229, 230, 231, 232, 233, 234, 235, 236, 237, 238, 239, 240, 241, 242, 243, 244, 245, 246, 247, 248, 249, 250, 251, 252, 253, 254, 255, 256, 257, 258, 259, 260, 261, 262, 263, 264, 265, 266, 267, 268, 269, 270, 271, 272, 273, 274, 275, 276, 277, 278, 279, 280, 281, 282, 283, 284, 285, 286, 287, 288, 289, 290, 291, 292, 293, 294, 295, 296, 297, 298, 299, 300, 301, 302, 303, 304, 305, 306, 307, 308, 309, 310, 311, 312, 313, 314, 315, 316, 317, 318, 319, 320, 321, 322, 323, 324, 325, 326, 327, 328, 329, 330, 331, 332, 333, 334, 335, 336, 337, 574, 575, 576, 577, 578, 579, 580, 581, 582, 583, 584, 585, 586, 587, 588, 589, 590, 591, 592, 593, 594, 595, 596, 597, 598, 599, 600, 601, 602, 603, 604, 605, 606, 607, 608, 609, 610, 611, 612, 613, 614, 615, 616, 617, 618, 619, 620, 621, 622, 623, 624, 625, 626, 627, 628, 629, 630, 631, 632, 633, 634, 635, 636, 637, 638, 639, 640, 641, 642, 643, 644, 645, 646, 647, 648, 649, 650, 651, 652, 653, 654, 655, 656, 657, 658, 659, 660, 661, 662, 663, 664, 665, 666, 667, 668, 669, 670, 671, 672, 673, 674, 675, 676, 677, 678, 679, 680, 681, 682, 683, 684, 685, 686, 687, 688, 689, 690, 691, 692, 693, 694, 695, 696, 697, 698, 699, 700, 701, 702, 703, 704, 705, 706, 707, 708, 709, 710, 711, 712, 713, 714, 715, 716, 717, 718, 719, 720, 721, 722, 723, 724, 725, 726, 727, 728, 729, 730, 731, 732, 733, 734, 735, 736, 737, 738, 739, 740, 741, 742, 743, 744, 745, 746, 747, 748, 749, 750, 751, 752, 753, 754, 755, 756, 757, 758, 759, 760, 761, 762, 763, 764, 765, 766, 767, 768, 769, 770, 771, 772, 773, 774, 775, 776, 777, 778, 779, 780, 781, 782, 783, 784, 785, 786, 787, 788, 789, 790, 791, 792, 793]","[0, 5, 7, 10, 14, 19, 20, 22, 24, 32, 33, 34, 37, 38, 40, 44, 46, 48, 49, 51, 56, 61, 63, 65, 67, 68, 73, 74, 75, 76, 79, 81, 82, 83, 85, 87, 88, 92, 93, 95, 96, 99, 100, 101, 115, 116, 124, 134, 142, 161, 167, 169, 170, 186, 202, 240, 244, 254, 260, 267, 277, 300, 303, 307, 310, 322, 331, 376, 485, 491, 493, 495, 499, 503, 504, 506, 508, 515, 518, 519, 521, 524, 526, 528, 533, 537, 539, 542, 543, 547, 548, 549, 550, 551, 553, 554, 556, 558, 559, 563, 564, 566, 567, 570, 571, 572, 586, 587, 595, 605, 613, 633, 639, 640, 641, 657, 672, 704, 717, 726, 736, 759, 761, 765, 768, 780, 788, 792, 826]","[17, 18, 19, 20, 21, 22, 23, 156, 157, 158, 159, 160, 161, 162, 163, 164, 165, 166, 167, 341, 342, 343, 344, 345, 412, 413, 414, 415, 416, 417, 418, 419, 420, 421, 422, 502, 503, 504, 505, 506, 507, 628, 629, 630, 631, 632, 633, 634, 635, 636, 637, 638, 639, 792, 797, 798, 799, 800, 801, 863, 864, 865, 866, 867, 868, 869, 870, 871, 872, 873, 874]","[17, 18, 19, 20, 21, 22, 23, 156, 157, 158, 159, 160, 161, 162, 163, 164, 165, 166, 167, 168, 340, 341, 342, 343, 344, 345, 346, 412, 413, 414, 415, 416, 417, 418, 419, 420, 421, 422, 502, 503, 504, 505, 506, 507, 628, 629, 630, 631, 632, 633, 634, 635, 636, 637, 638, 639, 792, 796, 797, 798, 799, 800, 801, 863, 864, 865, 866, 867, 868, 869, 870, 871, 872, 873, 874]","[0, 5, 7, 10, 14, 17, 18, 19, 20, 21, 22, 23, 24, 32, 33, 34, 37, 38, 40, 44, 46, 48, 49, 51, 56, 61, 63, 65, 67, 68, 73, 74, 75, 76, 79, 81, 82, 83, 85, 87, 88, 92, 93, 95, 96, 99, 100, 101, 103, 104, 105, 106, 107, 108, 109, 110, 111, 112, 113, 114, 115, 116, 117, 118, 119, 120, 121, 122, 123, 124, 125, 126, 127, 128, 129, 130, 131, 132, 133, 134, 135, 136, 137, 138, 139, 140, 141, 142, 143, 144, 145, 146, 147, 148, 149, 150, 151, 152, 153, 154, 155, 156, 157, 158, 159, 160, 161, 162, 163, 164, 165, 166, 167, 168, 169, 170, 171, 172, 173, 174, 175, 176, 177, 178, 179, 180, 181, 182, 183, 184, 185, 186, 187, 188, 189, 190, 191, 192, 193, 194, 195, 196, 197, 198, 199, 200, 201, 202, 203, 204, 205, 206, 207, 208, 209, 210, 211, 212, 213, 214, 215, 216, 217, 218, 219, 220, 221, 222, 223, 224, 225, 226, 227, 228, 229, 230, 231, 232, 233, 234, 235, 236, 237, 238, 239, 240, 241, 242, 243, 244, 245, 246, 247, 248, 249, 250, 251, 252, 253, 254, 255, 256, 257, 258, 259, 260, 261, 262, 263, 264, 265, 266, 267, 268, 269, 270, 271, 272, 273, 274, 275, 276, 277, 278, 279, 280, 281, 282, 283, 284, 285, 286, 287, 288, 289, 290, 291, 292, 293, 294, 295, 296, 297, 298, 299, 300, 301, 302, 303, 304, 305, 306, 307, 308, 309, 310, 311, 312, 313, 314, 315, 316, 317, 318, 319, 320, 321, 322, 323, 324, 325, 326, 327, 328, 329, 330, 331, 332, 333, 334, 335, 336, 337, 340, 341, 342, 343, 344, 345, 346, 376, 412, 413, 414, 415, 416, 417, 418, 419, 420, 421, 422, 485, 491, 493, 495, 499, 502, 503, 504, 505, 506, 507, 508, 515, 518, 519, 521, 524, 526, 528, 533, 537, 539, 542, 543, 547, 548, 549, 550, 551, 553, 554, 556, 558, 559, 563, 564, 566, 567, 570, 571, 572, 574, 575, 576, 577, 578, 579, 580, 581, 582, 583, 584, 585, 586, 587, 588, 589, 590, 591, 592, 593, 594, 595, 596, 597, 598, 599, 600, 601, 602, 603, 604, 605, 606, 607, 608, 609, 610, 611, 612, 613, 614, 615, 616, 617, 618, 619, 620, 621, 622, 623, 624, 625, 626, 627, 628, 629, 630, 631, 632, 633, 634, 635, 636, 637, 638, 639, 640, 641, 642, 643, 644, 645, 646, 647, 648, 649, 650, 651, 652, 653, 654, 655, 656, 657, 658, 659, 660, 661, 662, 663, 664, 665, 666, 667, 668, 669, 670, 671, 672, 673, 674, 675, 676, 677, 678, 679, 680, 681, 682, 683, 684, 685, 686, 687, 688, 689, 690, 691, 692, 693, 694, 695, 696, 697, 698, 699, 700, 701, 702, 703, 704, 705, 706, 707, 708, 709, 710, 711, 712, 713, 714, 715, 716, 717, 718, 719, 720, 721, 722, 723, 724, 725, 726, 727, 728, 729, 730, 731, 732, 733, 734, 735, 736, 737, 738, 739, 740, 741, 742, 743, 744, 745, 746, 747, 748, 749, 750, 751, 752, 753, 754, 755, 756, 757, 758, 759, 760, 761, 762, 763, 764, 765, 766, 767, 768, 769, 770, 771, 772, 773, 774, 775, 776, 777, 778, 779, 780, 781, 782, 783, 784, 785, 786, 787, 788, 789, 790, 791, 792, 793, 796, 797, 798, 799, 800, 801, 826, 863, 864, 865, 866, 867, 868, 869, 870, 871, 872, 873, 874]",True,"[167, 639]","[103, 104, 105, 106, 107, 108, 109, 110, 111, 112, 113, 114, 115, 116, 117, 118, 119, 120, 121, 122, 123, 124, 125, 126, 127, 128, 129, 130, 131, 132, 133, 134, 135, 136, 137, 138, 139, 140, 141, 142, 143, 144, 145, 146, 147, 148, 149, 150, 151, 152, 153, 154, 155, 156, 157, 158, 159, 160, 161, 162, 163, 164, 165, 166, 167, 168, 169, 170, 171, 172, 173, 174, 175, 176, 177, 178, 179, 180, 181, 182, 183, 184, 185, 186, 187, 188, 189, 190, 191, 192, 193, 194, 195, 196, 197, 198, 199, 200, 201, 202, 203, 204, 205, 206, 207, 208, 209, 210, 211, 212, 213, 214, 215, 216, 217, 218, 219, 220, 221, 222, 223, 224, 225, 226, 227, 228, 229, 230, 231, 232, 233, 234, 235, 236, 237, 238, 239, 240, 241, 242, 243, 244, 245, 246, 247, 248, 249, 250, 251, 252, 253, 254, 255, 256, 257, 258, 259, 260, 261, 262, 263, 264, 265, 266, 267, 268, 269, 270, 271, 272, 273, 274, 275, 276, 277, 278, 279, 280, 281, 282, 283, 284, 285, 286, 287, 288, 289, 290, 291, 292, 293, 294, 295, 296, 297, 298, 299, 300, 301, 302, 303, 304, 305, 306, 307, 308, 309, 310, 311, 312, 313, 314, 315, 316, 317, 318, 319, 320, 321, 322, 323, 324, 325, 326, 327, 328, 329, 330, 331, 332, 333, 334, 335, 336, 337, 574, 575, 576, 577, 578, 579, 580, 581, 582, 583, 584, 585, 586, 587, 588, 589, 590, 591, 592, 593, 594, 595, 596, 597, 598, 599, 600, 601, 602, 603, 604, 605, 606, 607, 608, 609, 610, 611, 612, 613, 614, 615, 616, 617, 618, 619, 620, 621, 622, 623, 624, 625, 626, 627, 628, 629, 630, 631, 632, 633, 634, 635, 636, 637, 638, 639, 640, 641, 642, 643, 644, 645, 646, 647, 648, 649, 650, 651, 652, 653, 654, 655, 656, 657, 658, 659, 660, 661, 662, 663, 664, 665, 666, 667, 668, 669, 670, 671, 672, 673, 674, 675, 676, 677, 678, 679, 680, 681, 682, 683, 684, 685, 686, 687, 688, 689, 690, 691, 692, 693, 694, 695, 696, 697, 698, 699, 700, 701, 702, 703, 704, 705, 706, 707, 708, 709, 710, 711, 712, 713, 714, 715, 716, 717, 718, 719, 720, 721, 722, 723, 724, 725, 726, 727, 728, 729, 730, 731, 732, 733, 734, 735, 736, 737, 738, 739, 740, 741, 742, 743, 744, 745, 746, 747, 748, 749, 750, 751, 752, 753, 754, 755, 756, 757, 758, 759, 760, 761, 762, 763, 764, 765, 766, 767, 768, 769, 770, 771, 772, 773, 774, 775, 776, 777, 778, 779, 780, 781, 782, 783, 784, 785, 786, 787, 788, 789, 790, 791, 792, 793]","[167, 639]","[135, 167, 288, 606, 639, 747]","[0, 5, 7, 10, 14, 19, 20, 22, 24, 32, 33, 34, 37, 38, 40, 44, 46, 48, 49, 51, 56, 61, 63, 65, 67, 68, 73, 74, 75, 76, 79, 81, 82, 83, 85, 87, 88, 92, 93, 95, 96, 99, 100, 101, 115, 116, 124, 134, 142, 161, 167, 169, 170, 186, 202, 240, 244, 254, 260, 267, 277, 300, 303, 307, 310, 322, 331, 376, 485, 491, 493, 495, 499, 503, 504, 506, 508, 515, 518, 519, 521, 524, 526, 528, 533, 537, 539, 542, 543, 547, 548, 549, 550, 551, 553, 554, 556, 558, 559, 563, 564, 566, 567, 570, 571, 572, 586, 587, 595, 605, 613, 633, 639, 640, 641, 657, 672, 704, 717, 726, 736, 759, 761, 765, 768, 780, 788, 792, 826]","[17, 18, 19, 20, 21, 22, 23, 156, 157, 158, 159, 160, 161, 162, 163, 164, 165, 166, 167, 168, 340, 341, 342, 343, 344, 345, 346, 412, 413, 414, 415, 416, 417, 418, 419, 420, 421, 422, 502, 503, 504, 505, 506, 507, 628, 629, 630, 631, 632, 633, 634, 635, 636, 637, 638, 639, 792, 796, 797, 798, 799, 800, 801, 863, 864, 865, 866, 867, 868, 869, 870, 871, 872, 873, 874]","[17, 18, 19, 20, 21, 22, 23, 156, 157, 158, 159, 160, 161, 162, 163, 164, 165, 166, 167, 341, 342, 343, 344, 345, 412, 413, 414, 415, 416, 417, 418, 419, 420, 421, 422, 502, 503, 504, 505, 506, 507, 628, 629, 630, 631, 632, 633, 634, 635, 636, 637, 638, 639, 792, 797, 798, 799, 800, 801, 863, 864, 865, 866, 867, 868, 869, 870, 871, 872, 873, 874]",7/6 successful match,True,[252],True,277,False,,1.0,True,Flying J Fuel Stop # 0500020,Flying J
"Thousand Palms , 92276 Flying J Fuel Stop # 0500020 SP",6 760-343-1500 I-10 Exit 130 ( Ramon Rd ),SP 24 <U+2610> <U+2610> <U+2610> <U+2610>,Thousand Palms,92276,Flying J Fuel Stop # 0500020 SP,760-343-1500,2008,Thousand Palms,CA,Flying J,( Ramon Rd ),I-10 Exit 130 ,Exit,130,False,,False,I-10,,,,,"[639, 167]","[167, 639]","[167, 639]","[135, 167, 288, 606, 639, 747]","[103, 104, 105, 106, 107, 108, 109, 110, 111, 112, 113, 114, 115, 116, 117, 118, 119, 120, 121, 122, 123, 124, 125, 126, 127, 128, 129, 130, 131, 132, 133, 134, 135, 136, 137, 138, 139, 140, 141, 142, 143, 144, 145, 146, 147, 148, 149, 150, 151, 152, 153, 154, 155, 156, 157, 158, 159, 160, 161, 162, 163, 164, 165, 166, 167, 168, 169, 170, 171, 172, 173, 174, 175, 176, 177, 178, 179, 180, 181, 182, 183, 184, 185, 186, 187, 188, 189, 190, 191, 192, 193, 194, 195, 196, 197, 198, 199, 200, 201, 202, 203, 204, 205, 206, 207, 208, 209, 210, 211, 212, 213, 214, 215, 216, 217, 218, 219, 220, 221, 222, 223, 224, 225, 226, 227, 228, 229, 230, 231, 232, 233, 234, 235, 236, 237, 238, 239, 240, 241, 242, 243, 244, 245, 246, 247, 248, 249, 250, 251, 252, 253, 254, 255, 256, 257, 258, 259, 260, 261, 262, 263, 264, 265, 266, 267, 268, 269, 270, 271, 272, 273, 274, 275, 276, 277, 278, 279, 280, 281, 282, 283, 284, 285, 286, 287, 288, 289, 290, 291, 292, 293, 294, 295, 296, 297, 298, 299, 300, 301, 302, 303, 304, 305, 306, 307, 308, 309, 310, 311, 312, 313, 314, 315, 316, 317, 318, 319, 320, 321, 322, 323, 324, 325, 326, 327, 328, 329, 330, 331, 332, 333, 334, 335, 336, 337, 574, 575, 576, 577, 578, 579, 580, 581, 582, 583, 584, 585, 586, 587, 588, 589, 590, 591, 592, 593, 594, 595, 596, 597, 598, 599, 600, 601, 602, 603, 604, 605, 606, 607, 608, 609, 610, 611, 612, 613, 614, 615, 616, 617, 618, 619, 620, 621, 622, 623, 624, 625, 626, 627, 628, 629, 630, 631, 632, 633, 634, 635, 636, 637, 638, 639, 640, 641, 642, 643, 644, 645, 646, 647, 648, 649, 650, 651, 652, 653, 654, 655, 656, 657, 658, 659, 660, 661, 662, 663, 664, 665, 666, 667, 668, 669, 670, 671, 672, 673, 674, 675, 676, 677, 678, 679, 680, 681, 682, 683, 684, 685, 686, 687, 688, 689, 690, 691, 692, 693, 694, 695, 696, 697, 698, 699, 700, 701, 702, 703, 704, 705, 706, 707, 708, 709, 710, 711, 712, 713, 714, 715, 716, 717, 718, 719, 720, 721, 722, 723, 724, 725, 726, 727, 728, 729, 730, 731, 732, 733, 734, 735, 736, 737, 738, 739, 740, 741, 742, 743, 744, 745, 746, 747, 748, 749, 750, 751, 752, 753, 754, 755, 756, 757, 758, 759, 760, 761, 762, 763, 764, 765, 766, 767, 768, 769, 770, 771, 772, 773, 774, 775, 776, 777, 778, 779, 780, 781, 782, 783, 784, 785, 786, 787, 788, 789, 790, 791, 792, 793]","[0, 5, 7, 10, 14, 19, 20, 22, 24, 32, 33, 34, 37, 38, 40, 44, 46, 48, 49, 51, 56, 61, 63, 65, 67, 68, 73, 74, 75, 76, 79, 81, 82, 83, 85, 87, 88, 92, 93, 95, 96, 99, 100, 101, 115, 116, 124, 134, 142, 161, 167, 169, 170, 186, 202, 240, 244, 254, 260, 267, 277, 300, 303, 307, 310, 322, 331, 376, 485, 491, 493, 495, 499, 503, 504, 506, 508, 515, 518, 519, 521, 524, 526, 528, 533, 537, 539, 542, 543, 547, 548, 549, 550, 551, 553, 554, 556, 558, 559, 563, 564, 566, 567, 570, 571, 572, 586, 587, 595, 605, 613, 633, 639, 640, 641, 657, 672, 704, 717, 726, 736, 759, 761, 765, 768, 780, 788, 792, 826]","[17, 18, 19, 20, 21, 22, 23, 156, 157, 158, 159, 160, 161, 162, 163, 164, 165, 166, 167, 341, 342, 343, 344, 345, 412, 413, 414, 415, 416, 417, 418, 419, 420, 421, 422, 502, 503, 504, 505, 506, 507, 628, 629, 630, 631, 632, 633, 634, 635, 636, 637, 638, 639, 792, 797, 798, 799, 800, 801, 863, 864, 865, 866, 867, 868, 869, 870, 871, 872, 873, 874]","[17, 18, 19, 20, 21, 22, 23, 156, 157, 158, 159, 160, 161, 162, 163, 164, 165, 166, 167, 168, 340, 341, 342, 343, 344, 345, 346, 412, 413, 414, 415, 416, 417, 418, 419, 420, 421, 422, 502, 503, 504, 505, 506, 507, 628, 629, 630, 631, 632, 633, 634, 635, 636, 637, 638, 639, 792, 796, 797, 798, 799, 800, 801, 863, 864, 865, 866, 867, 868, 869, 870, 871, 872, 873, 874]","[0, 5, 7, 10, 14, 17, 18, 19, 20, 21, 22, 23, 24, 32, 33, 34, 37, 38, 40, 44, 46, 48, 49, 51, 56, 61, 63, 65, 67, 68, 73, 74, 75, 76, 79, 81, 82, 83, 85, 87, 88, 92, 93, 95, 96, 99, 100, 101, 103, 104, 105, 106, 107, 108, 109, 110, 111, 112, 113, 114, 115, 116, 117, 118, 119, 120, 121, 122, 123, 124, 125, 126, 127, 128, 129, 130, 131, 132, 133, 134, 135, 136, 137, 138, 139, 140, 141, 142, 143, 144, 145, 146, 147, 148, 149, 150, 151, 152, 153, 154, 155, 156, 157, 158, 159, 160, 161, 162, 163, 164, 165, 166, 167, 168, 169, 170, 171, 172, 173, 174, 175, 176, 177, 178, 179, 180, 181, 182, 183, 184, 185, 186, 187, 188, 189, 190, 191, 192, 193, 194, 195, 196, 197, 198, 199, 200, 201, 202, 203, 204, 205, 206, 207, 208, 209, 210, 211, 212, 213, 214, 215, 216, 217, 218, 219, 220, 221, 222, 223, 224, 225, 226, 227, 228, 229, 230, 231, 232, 233, 234, 235, 236, 237, 238, 239, 240, 241, 242, 243, 244, 245, 246, 247, 248, 249, 250, 251, 252, 253, 254, 255, 256, 257, 258, 259, 260, 261, 262, 263, 264, 265, 266, 267, 268, 269, 270, 271, 272, 273, 274, 275, 276, 277, 278, 279, 280, 281, 282, 283, 284, 285, 286, 287, 288, 289, 290, 291, 292, 293, 294, 295, 296, 297, 298, 299, 300, 301, 302, 303, 304, 305, 306, 307, 308, 309, 310, 311, 312, 313, 314, 315, 316, 317, 318, 319, 320, 321, 322, 323, 324, 325, 326, 327, 328, 329, 330, 331, 332, 333, 334, 335, 336, 337, 340, 341, 342, 343, 344, 345, 346, 376, 412, 413, 414, 415, 416, 417, 418, 419, 420, 421, 422, 485, 491, 493, 495, 499, 502, 503, 504, 505, 506, 507, 508, 515, 518, 519, 521, 524, 526, 528, 533, 537, 539, 542, 543, 547, 548, 549, 550, 551, 553, 554, 556, 558, 559, 563, 564, 566, 567, 570, 571, 572, 574, 575, 576, 577, 578, 579, 580, 581, 582, 583, 584, 585, 586, 587, 588, 589, 590, 591, 592, 593, 594, 595, 596, 597, 598, 599, 600, 601, 602, 603, 604, 605, 606, 607, 608, 609, 610, 611, 612, 613, 614, 615, 616, 617, 618, 619, 620, 621, 622, 623, 624, 625, 626, 627, 628, 629, 630, 631, 632, 633, 634, 635, 636, 637, 638, 639, 640, 641, 642, 643, 644, 645, 646, 647, 648, 649, 650, 651, 652, 653, 654, 655, 656, 657, 658, 659, 660, 661, 662, 663, 664, 665, 666, 667, 668, 669, 670, 671, 672, 673, 674, 675, 676, 677, 678, 679, 680, 681, 682, 683, 684, 685, 686, 687, 688, 689, 690, 691, 692, 693, 694, 695, 696, 697, 698, 699, 700, 701, 702, 703, 704, 705, 706, 707, 708, 709, 710, 711, 712, 713, 714, 715, 716, 717, 718, 719, 720, 721, 722, 723, 724, 725, 726, 727, 728, 729, 730, 731, 732, 733, 734, 735, 736, 737, 738, 739, 740, 741, 742, 743, 744, 745, 746, 747, 748, 749, 750, 751, 752, 753, 754, 755, 756, 757, 758, 759, 760, 761, 762, 763, 764, 765, 766, 767, 768, 769, 770, 771, 772, 773, 774, 775, 776, 777, 778, 779, 780, 781, 782, 783, 784, 785, 786, 787, 788, 789, 790, 791, 792, 793, 796, 797, 798, 799, 800, 801, 826, 863, 864, 865, 866, 867, 868, 869, 870, 871, 872, 873, 874]",True,"[167, 639]","[103, 104, 105, 106, 107, 108, 109, 110, 111, 112, 113, 114, 115, 116, 117, 118, 119, 120, 121, 122, 123, 124, 125, 126, 127, 128, 129, 130, 131, 132, 133, 134, 135, 136, 137, 138, 139, 140, 141, 142, 143, 144, 145, 146, 147, 148, 149, 150, 151, 152, 153, 154, 155, 156, 157, 158, 159, 160, 161, 162, 163, 164, 165, 166, 167, 168, 169, 170, 171, 172, 173, 174, 175, 176, 177, 178, 179, 180, 181, 182, 183, 184, 185, 186, 187, 188, 189, 190, 191, 192, 193, 194, 195, 196, 197, 198, 199, 200, 201, 202, 203, 204, 205, 206, 207, 208, 209, 210, 211, 212, 213, 214, 215, 216, 217, 218, 219, 220, 221, 222, 223, 224, 225, 226, 227, 228, 229, 230, 231, 232, 233, 234, 235, 236, 237, 238, 239, 240, 241, 242, 243, 244, 245, 246, 247, 248, 249, 250, 251, 252, 253, 254, 255, 256, 257, 258, 259, 260, 261, 262, 263, 264, 265, 266, 267, 268, 269, 270, 271, 272, 273, 274, 275, 276, 277, 278, 279, 280, 281, 282, 283, 284, 285, 286, 287, 288, 289, 290, 291, 292, 293, 294, 295, 296, 297, 298, 299, 300, 301, 302, 303, 304, 305, 306, 307, 308, 309, 310, 311, 312, 313, 314, 315, 316, 317, 318, 319, 320, 321, 322, 323, 324, 325, 326, 327, 328, 329, 330, 331, 332, 333, 334, 335, 336, 337, 574, 575, 576, 577, 578, 579, 580, 581, 582, 583, 584, 585, 586, 587, 588, 589, 590, 591, 592, 593, 594, 595, 596, 597, 598, 599, 600, 601, 602, 603, 604, 605, 606, 607, 608, 609, 610, 611, 612, 613, 614, 615, 616, 617, 618, 619, 620, 621, 622, 623, 624, 625, 626, 627, 628, 629, 630, 631, 632, 633, 634, 635, 636, 637, 638, 639, 640, 641, 642, 643, 644, 645, 646, 647, 648, 649, 650, 651, 652, 653, 654, 655, 656, 657, 658, 659, 660, 661, 662, 663, 664, 665, 666, 667, 668, 669, 670, 671, 672, 673, 674, 675, 676, 677, 678, 679, 680, 681, 682, 683, 684, 685, 686, 687, 688, 689, 690, 691, 692, 693, 694, 695, 696, 697, 698, 699, 700, 701, 702, 703, 704, 705, 706, 707, 708, 709, 710, 711, 712, 713, 714, 715, 716, 717, 718, 719, 720, 721, 722, 723, 724, 725, 726, 727, 728, 729, 730, 731, 732, 733, 734, 735, 736, 737, 738, 739, 740, 741, 742, 743, 744, 745, 746, 747, 748, 749, 750, 751, 752, 753, 754, 755, 756, 757, 758, 759, 760, 761, 762, 763, 764, 765, 766, 767, 768, 769, 770, 771, 772, 773, 774, 775, 776, 777, 778, 779, 780, 781, 782, 783, 784, 785, 786, 787, 788, 789, 790, 791, 792, 793]","[167, 639]","[135, 167, 288, 606, 639, 747]","[0, 5, 7, 10, 14, 19, 20, 22, 24, 32, 33, 34, 37, 38, 40, 44, 46, 48, 49, 51, 56, 61, 63, 65, 67, 68, 73, 74, 75, 76, 79, 81, 82, 83, 85, 87, 88, 92, 93, 95, 96, 99, 100, 101, 115, 116, 124, 134, 142, 161, 167, 169, 170, 186, 202, 240, 244, 254, 260, 267, 277, 300, 303, 307, 310, 322, 331, 376, 485, 491, 493, 495, 499, 503, 504, 506, 508, 515, 518, 519, 521, 524, 526, 528, 533, 537, 539, 542, 543, 547, 548, 549, 550, 551, 553, 554, 556, 558, 559, 563, 564, 566, 567, 570, 571, 572, 586, 587, 595, 605, 613, 633, 639, 640, 641, 657, 672, 704, 717, 726, 736, 759, 761, 765, 768, 780, 788, 792, 826]","[17, 18, 19, 20, 21, 22, 23, 156, 157, 158, 159, 160, 161, 162, 163, 164, 165, 166, 167, 168, 340, 341, 342, 343, 344, 345, 346, 412, 413, 414, 415, 416, 417, 418, 419, 420, 421, 422, 502, 503, 504, 505, 506, 507, 628, 629, 630, 631, 632, 633, 634, 635, 636, 637, 638, 639, 792, 796, 797, 798, 799, 800, 801, 863, 864, 865, 866, 867, 868, 869, 870, 871, 872, 873, 874]","[17, 18, 19, 20, 21, 22, 23, 156, 157, 158, 159, 160, 161, 162, 163, 164, 165, 166, 167, 341, 342, 343, 344, 345, 412, 413, 414, 415, 416, 417, 418, 419, 420, 421, 422, 502, 503, 504, 505, 506, 507, 628, 629, 630, 631, 632, 633, 634, 635, 636, 637, 638, 639, 792, 797, 798, 799, 800, 801, 863, 864, 865, 866, 867, 868, 869, 870, 871, 872, 873, 874]",7/6 successful match,True,[252],True,277,False,,1.0,True,Flying J Fuel Stop # 0500020,Flying J
Thousand Palms ( 92276 ) Flying J Travel Plaza # 765 ( Chevron Blvd ) ),760-343-1500 I-10 Exit 130 ( Bob Hope N to,E ) <U+25A1>,Thousand Palms,92276,Flying J Travel Plaza # 765 ( Chevron Blvd ) ),760-343-1500,2014,Thousand Palms,CA,Flying J,( Bob Hope N to,I-10 Exit 130 ,Exit,130,False,,False,I-10,,,,,"[639, 167]","[167, 639]","[167, 639]","[135, 167, 288, 606, 639, 747]","[103, 104, 105, 106, 107, 108, 109, 110, 111, 112, 113, 114, 115, 116, 117, 118, 119, 120, 121, 122, 123, 124, 125, 126, 127, 128, 129, 130, 131, 132, 133, 134, 135, 136, 137, 138, 139, 140, 141, 142, 143, 144, 145, 146, 147, 148, 149, 150, 151, 152, 153, 154, 155, 156, 157, 158, 159, 160, 161, 162, 163, 164, 165, 166, 167, 168, 169, 170, 171, 172, 173, 174, 175, 176, 177, 178, 179, 180, 181, 182, 183, 184, 185, 186, 187, 188, 189, 190, 191, 192, 193, 194, 195, 196, 197, 198, 199, 200, 201, 202, 203, 204, 205, 206, 207, 208, 209, 210, 211, 212, 213, 214, 215, 216, 217, 218, 219, 220, 221, 222, 223, 224, 225, 226, 227, 228, 229, 230, 231, 232, 233, 234, 235, 236, 237, 238, 239, 240, 241, 242, 243, 244, 245, 246, 247, 248, 249, 250, 251, 252, 253, 254, 255, 256, 257, 258, 259, 260, 261, 262, 263, 264, 265, 266, 267, 268, 269, 270, 271, 272, 273, 274, 275, 276, 277, 278, 279, 280, 281, 282, 283, 284, 285, 286, 287, 288, 289, 290, 291, 292, 293, 294, 295, 296, 297, 298, 299, 300, 301, 302, 303, 304, 305, 306, 307, 308, 309, 310, 311, 312, 313, 314, 315, 316, 317, 318, 319, 320, 321, 322, 323, 324, 325, 326, 327, 328, 329, 330, 331, 332, 333, 334, 335, 336, 337, 574, 575, 576, 577, 578, 579, 580, 581, 582, 583, 584, 585, 586, 587, 588, 589, 590, 591, 592, 593, 594, 595, 596, 597, 598, 599, 600, 601, 602, 603, 604, 605, 606, 607, 608, 609, 610, 611, 612, 613, 614, 615, 616, 617, 618, 619, 620, 621, 622, 623, 624, 625, 626, 627, 628, 629, 630, 631, 632, 633, 634, 635, 636, 637, 638, 639, 640, 641, 642, 643, 644, 645, 646, 647, 648, 649, 650, 651, 652, 653, 654, 655, 656, 657, 658, 659, 660, 661, 662, 663, 664, 665, 666, 667, 668, 669, 670, 671, 672, 673, 674, 675, 676, 677, 678, 679, 680, 681, 682, 683, 684, 685, 686, 687, 688, 689, 690, 691, 692, 693, 694, 695, 696, 697, 698, 699, 700, 701, 702, 703, 704, 705, 706, 707, 708, 709, 710, 711, 712, 713, 714, 715, 716, 717, 718, 719, 720, 721, 722, 723, 724, 725, 726, 727, 728, 729, 730, 731, 732, 733, 734, 735, 736, 737, 738, 739, 740, 741, 742, 743, 744, 745, 746, 747, 748, 749, 750, 751, 752, 753, 754, 755, 756, 757, 758, 759, 760, 761, 762, 763, 764, 765, 766, 767, 768, 769, 770, 771, 772, 773, 774, 775, 776, 777, 778, 779, 780, 781, 782, 783, 784, 785, 786, 787, 788, 789, 790, 791, 792, 793]","[0, 5, 7, 10, 14, 19, 20, 22, 24, 32, 33, 34, 37, 38, 40, 44, 46, 48, 49, 51, 56, 61, 63, 65, 67, 68, 73, 74, 75, 76, 79, 81, 82, 83, 85, 87, 88, 92, 93, 95, 96, 99, 100, 101, 115, 116, 124, 134, 142, 161, 167, 169, 170, 186, 202, 240, 244, 254, 260, 267, 277, 300, 303, 307, 310, 322, 331, 376, 485, 491, 493, 495, 499, 503, 504, 506, 508, 515, 518, 519, 521, 524, 526, 528, 533, 537, 539, 542, 543, 547, 548, 549, 550, 551, 553, 554, 556, 558, 559, 563, 564, 566, 567, 570, 571, 572, 586, 587, 595, 605, 613, 633, 639, 640, 641, 657, 672, 704, 717, 726, 736, 759, 761, 765, 768, 780, 788, 792, 826]","[17, 18, 19, 20, 21, 22, 23, 156, 157, 158, 159, 160, 161, 162, 163, 164, 165, 166, 167, 341, 342, 343, 344, 345, 412, 413, 414, 415, 416, 417, 418, 419, 420, 421, 422, 502, 503, 504, 505, 506, 507, 628, 629, 630, 631, 632, 633, 634, 635, 636, 637, 638, 639, 792, 797, 798, 799, 800, 801, 863, 864, 865, 866, 867, 868, 869, 870, 871, 872, 873, 874]","[12, 17, 18, 19, 20, 21, 22, 23, 24, 25, 28, 88, 100, 104, 119, 123, 129, 136, 137, 139, 140, 141, 148, 155, 156, 157, 158, 159, 160, 161, 162, 163, 164, 165, 166, 167, 168, 169, 172, 179, 183, 185, 188, 196, 198, 217, 237, 267, 270, 278, 319, 321, 324, 325, 330, 334, 335, 340, 341, 342, 343, 344, 345, 346, 354, 366, 369, 380, 383, 384, 386, 395, 407, 411, 412, 413, 414, 415, 416, 417, 418, 419, 420, 421, 422, 423, 428, 436, 437, 452, 453, 456, 467, 471, 477, 478, 479, 497, 502, 503, 504, 505, 506, 507, 508, 511, 559, 571, 575, 590, 594, 600, 607, 608, 610, 611, 612, 619, 627, 628, 629, 630, 631, 632, 633, 634, 635, 636, 637, 638, 639, 640, 643, 650, 654, 656, 659, 667, 669, 685, 701, 726, 729, 737, 777, 779, 782, 783, 787, 790, 791, 792, 796, 797, 798, 799, 800, 801, 809, 817, 819, 830, 833, 834, 836, 845, 856, 857, 860, 862, 863, 864, 865, 866, 867, 868, 869, 870, 871, 872, 873, 874, 875, 880, 887, 888, 899, 900, 914, 918, 921, 928, 929, 930]","[0, 5, 7, 10, 12, 14, 17, 18, 19, 20, 21, 22, 23, 24, 25, 28, 32, 33, 34, 37, 38, 40, 44, 46, 48, 49, 51, 56, 61, 63, 65, 67, 68, 73, 74, 75, 76, 79, 81, 82, 83, 85, 87, 88, 92, 93, 95, 96, 99, 100, 101, 103, 104, 105, 106, 107, 108, 109, 110, 111, 112, 113, 114, 115, 116, 117, 118, 119, 120, 121, 122, 123, 124, 125, 126, 127, 128, 129, 130, 131, 132, 133, 134, 135, 136, 137, 138, 139, 140, 141, 142, 143, 144, 145, 146, 147, 148, 149, 150, 151, 152, 153, 154, 155, 156, 157, 158, 159, 160, 161, 162, 163, 164, 165, 166, 167, 168, 169, 170, 171, 172, 173, 174, 175, 176, 177, 178, 179, 180, 181, 182, 183, 184, 185, 186, 187, 188, 189, 190, 191, 192, 193, 194, 195, 196, 197, 198, 199, 200, 201, 202, 203, 204, 205, 206, 207, 208, 209, 210, 211, 212, 213, 214, 215, 216, 217, 218, 219, 220, 221, 222, 223, 224, 225, 226, 227, 228, 229, 230, 231, 232, 233, 234, 235, 236, 237, 238, 239, 240, 241, 242, 243, 244, 245, 246, 247, 248, 249, 250, 251, 252, 253, 254, 255, 256, 257, 258, 259, 260, 261, 262, 263, 264, 265, 266, 267, 268, 269, 270, 271, 272, 273, 274, 275, 276, 277, 278, 279, 280, 281, 282, 283, 284, 285, 286, 287, 288, 289, 290, 291, 292, 293, 294, 295, 296, 297, 298, 299, 300, 301, 302, 303, 304, 305, 306, 307, 308, 309, 310, 311, 312, 313, 314, 315, 316, 317, 318, 319, 320, 321, 322, 323, 324, 325, 326, 327, 328, 329, 330, 331, 332, 333, 334, 335, 336, 337, 340, 341, 342, 343, 344, 345, 346, 354, 366, 369, 376, 380, 383, 384, 386, 395, 407, 411, 412, 413, 414, 415, 416, 417, 418, 419, 420, 421, 422, 423, 428, 436, 437, 452, 453, 456, 467, 471, 477, 478, 479, 485, 491, 493, 495, 497, 499, 502, 503, 504, 505, 506, 507, 508, 511, 515, 518, 519, 521, 524, 526, 528, 533, 537, 539, 542, 543, 547, 548, 549, 550, 551, 553, 554, 556, 558, 559, 563, 564, 566, 567, 570, 571, 572, 574, 575, 576, 577, 578, 579, 580, 581, 582, 583, 584, 585, 586, 587, 588, 589, 590, 591, 592, 593, 594, 595, 596, 597, 598, 599, 600, 601, 602, 603, 604, 605, 606, 607, 608, 609, 610, 611, 612, 613, 614, 615, 616, 617, 618, 619, 620, 621, 622, 623, 624, 625, 626, 627, 628, 629, 630, 631, 632, 633, 634, 635, 636, 637, 638, 639, 640, 641, 642, 643, 644, 645, 646, 647, 648, 649, 650, 651, 652, 653, 654, 655, 656, 657, 658, 659, 660, 661, 662, 663, 664, 665, 666, 667, 668, 669, 670, 671, 672, 673, 674, 675, 676, 677, 678, 679, 680, 681, 682, 683, 684, 685, 686, 687, 688, 689, 690, 691, 692, 693, 694, 695, 696, 697, 698, 699, 700, 701, 702, 703, 704, 705, 706, 707, 708, 709, 710, 711, 712, 713, 714, 715, 716, 717, 718, 719, 720, 721, 722, 723, 724, 725, 726, 727, 728, 729, 730, 731, 732, 733, 734, 735, 736, 737, 738, 739, 740, 741, 742, 743, 744, 745, 746, 747, 748, 749, 750, 751, 752, 753, 754, 755, 756, 757, 758, 759, 760, 761, 762, 763, 764, 765, 766, 767, 768, 769, 770, 771, 772, 773, 774, 775, 776, 777, 778, 779, 780, 781, 782, 783, 784, 785, 786, 787, 788, 789, 790, 791, 792, 793, 796, 797, 798, 799, 800, 801, 809, 817, 819, 826, 830, 833, 834, 836, 845, 856, 857, 860, 862, 863, 864, 865, 866, 867, 868, 869, 870, 871, 872, 873, 874, 875, 880, 887, 888, 899, 900, 914, 918, 921, 928, 929, 930]",True,"[167, 639]","[103, 104, 105, 106, 107, 108, 109, 110, 111, 112, 113, 114, 115, 116, 117, 118, 119, 120, 121, 122, 123, 124, 125, 126, 127, 128, 129, 130, 131, 132, 133, 134, 135, 136, 137, 138, 139, 140, 141, 142, 143, 144, 145, 146, 147, 148, 149, 150, 151, 152, 153, 154, 155, 156, 157, 158, 159, 160, 161, 162, 163, 164, 165, 166, 167, 168, 169, 170, 171, 172, 173, 174, 175, 176, 177, 178, 179, 180, 181, 182, 183, 184, 185, 186, 187, 188, 189, 190, 191, 192, 193, 194, 195, 196, 197, 198, 199, 200, 201, 202, 203, 204, 205, 206, 207, 208, 209, 210, 211, 212, 213, 214, 215, 216, 217, 218, 219, 220, 221, 222, 223, 224, 225, 226, 227, 228, 229, 230, 231, 232, 233, 234, 235, 236, 237, 238, 239, 240, 241, 242, 243, 244, 245, 246, 247, 248, 249, 250, 251, 252, 253, 254, 255, 256, 257, 258, 259, 260, 261, 262, 263, 264, 265, 266, 267, 268, 269, 270, 271, 272, 273, 274, 275, 276, 277, 278, 279, 280, 281, 282, 283, 284, 285, 286, 287, 288, 289, 290, 291, 292, 293, 294, 295, 296, 297, 298, 299, 300, 301, 302, 303, 304, 305, 306, 307, 308, 309, 310, 311, 312, 313, 314, 315, 316, 317, 318, 319, 320, 321, 322, 323, 324, 325, 326, 327, 328, 329, 330, 331, 332, 333, 334, 335, 336, 337, 574, 575, 576, 577, 578, 579, 580, 581, 582, 583, 584, 585, 586, 587, 588, 589, 590, 591, 592, 593, 594, 595, 596, 597, 598, 599, 600, 601, 602, 603, 604, 605, 606, 607, 608, 609, 610, 611, 612, 613, 614, 615, 616, 617, 618, 619, 620, 621, 622, 623, 624, 625, 626, 627, 628, 629, 630, 631, 632, 633, 634, 635, 636, 637, 638, 639, 640, 641, 642, 643, 644, 645, 646, 647, 648, 649, 650, 651, 652, 653, 654, 655, 656, 657, 658, 659, 660, 661, 662, 663, 664, 665, 666, 667, 668, 669, 670, 671, 672, 673, 674, 675, 676, 677, 678, 679, 680, 681, 682, 683, 684, 685, 686, 687, 688, 689, 690, 691, 692, 693, 694, 695, 696, 697, 698, 699, 700, 701, 702, 703, 704, 705, 706, 707, 708, 709, 710, 711, 712, 713, 714, 715, 716, 717, 718, 719, 720, 721, 722, 723, 724, 725, 726, 727, 728, 729, 730, 731, 732, 733, 734, 735, 736, 737, 738, 739, 740, 741, 742, 743, 744, 745, 746, 747, 748, 749, 750, 751, 752, 753, 754, 755, 756, 757, 758, 759, 760, 761, 762, 763, 764, 765, 766, 767, 768, 769, 770, 771, 772, 773, 774, 775, 776, 777, 778, 779, 780, 781, 782, 783, 784, 785, 786, 787, 788, 789, 790, 791, 792, 793]","[167, 639]","[135, 167, 288, 606, 639, 747]","[0, 5, 7, 10, 14, 19, 20, 22, 24, 32, 33, 34, 37, 38, 40, 44, 46, 48, 49, 51, 56, 61, 63, 65, 67, 68, 73, 74, 75, 76, 79, 81, 82, 83, 85, 87, 88, 92, 93, 95, 96, 99, 100, 101, 115, 116, 124, 134, 142, 161, 167, 169, 170, 186, 202, 240, 244, 254, 260, 267, 277, 300, 303, 307, 310, 322, 331, 376, 485, 491, 493, 495, 499, 503, 504, 506, 508, 515, 518, 519, 521, 524, 526, 528, 533, 537, 539, 542, 543, 547, 548, 549, 550, 551, 553, 554, 556, 558, 559, 563, 564, 566, 567, 570, 571, 572, 586, 587, 595, 605, 613, 633, 639, 640, 641, 657, 672, 704, 717, 726, 736, 759, 761, 765, 768, 780, 788, 792, 826]","[12, 17, 18, 19, 20, 21, 22, 23, 24, 25, 28, 88, 100, 104, 119, 123, 129, 136, 137, 139, 140, 141, 148, 155, 156, 157, 158, 159, 160, 161, 162, 163, 164, 165, 166, 167, 168, 169, 172, 179, 183, 185, 188, 196, 198, 217, 237, 267, 270, 278, 319, 321, 324, 325, 330, 334, 335, 340, 341, 342, 343, 344, 345, 346, 354, 366, 369, 380, 383, 384, 386, 395, 407, 411, 412, 413, 414, 415, 416, 417, 418, 419, 420, 421, 422, 423, 428, 436, 437, 452, 453, 456, 467, 471, 477, 478, 479, 497, 502, 503, 504, 505, 506, 507, 508, 511, 559, 571, 575, 590, 594, 600, 607, 608, 610, 611, 612, 619, 627, 628, 629, 630, 631, 632, 633, 634, 635, 636, 637, 638, 639, 640, 643, 650, 654, 656, 659, 667, 669, 685, 701, 726, 729, 737, 777, 779, 782, 783, 787, 790, 791, 792, 796, 797, 798, 799, 800, 801, 809, 817, 819, 830, 833, 834, 836, 845, 856, 857, 860, 862, 863, 864, 865, 866, 867, 868, 869, 870, 871, 872, 873, 874, 875, 880, 887, 888, 899, 900, 914, 918, 921, 928, 929, 930]","[17, 18, 19, 20, 21, 22, 23, 156, 157, 158, 159, 160, 161, 162, 163, 164, 165, 166, 167, 341, 342, 343, 344, 345, 412, 413, 414, 415, 416, 417, 418, 419, 420, 421, 422, 502, 503, 504, 505, 506, 507, 628, 629, 630, 631, 632, 633, 634, 635, 636, 637, 638, 639, 792, 797, 798, 799, 800, 801, 863, 864, 865, 866, 867, 868, 869, 870, 871, 872, 873, 874]",7/6 successful match,True,[252],True,277,False,,0.4735930735930736,True,Flying J Fuel Stop # 0500020 SP,Flying J
Thousand Palms ( 92276 ) Flying J Travel ( E on Tehachapi Blvd ),760-343-1500 I-10 Exit 130 ( Plaza # 765 ( Chevron ),24 L,Thousand Palms,92276,Flying J Travel ( E on Tehachapi Blvd ),760-343-1500,2015,Thousand Palms,CA,Flying J,( Plaza # 765 ( Chevron ),I-10 Exit 130 ,Exit,130,False,,False,I-10,,,,,"[639, 167]","[167, 639]","[167, 639]","[135, 167, 288, 606, 639, 747]","[103, 104, 105, 106, 107, 108, 109, 110, 111, 112, 113, 114, 115, 116, 117, 118, 119, 120, 121, 122, 123, 124, 125, 126, 127, 128, 129, 130, 131, 132, 133, 134, 135, 136, 137, 138, 139, 140, 141, 142, 143, 144, 145, 146, 147, 148, 149, 150, 151, 152, 153, 154, 155, 156, 157, 158, 159, 160, 161, 162, 163, 164, 165, 166, 167, 168, 169, 170, 171, 172, 173, 174, 175, 176, 177, 178, 179, 180, 181, 182, 183, 184, 185, 186, 187, 188, 189, 190, 191, 192, 193, 194, 195, 196, 197, 198, 199, 200, 201, 202, 203, 204, 205, 206, 207, 208, 209, 210, 211, 212, 213, 214, 215, 216, 217, 218, 219, 220, 221, 222, 223, 224, 225, 226, 227, 228, 229, 230, 231, 232, 233, 234, 235, 236, 237, 238, 239, 240, 241, 242, 243, 244, 245, 246, 247, 248, 249, 250, 251, 252, 253, 254, 255, 256, 257, 258, 259, 260, 261, 262, 263, 264, 265, 266, 267, 268, 269, 270, 271, 272, 273, 274, 275, 276, 277, 278, 279, 280, 281, 282, 283, 284, 285, 286, 287, 288, 289, 290, 291, 292, 293, 294, 295, 296, 297, 298, 299, 300, 301, 302, 303, 304, 305, 306, 307, 308, 309, 310, 311, 312, 313, 314, 315, 316, 317, 318, 319, 320, 321, 322, 323, 324, 325, 326, 327, 328, 329, 330, 331, 332, 333, 334, 335, 336, 337, 574, 575, 576, 577, 578, 579, 580, 581, 582, 583, 584, 585, 586, 587, 588, 589, 590, 591, 592, 593, 594, 595, 596, 597, 598, 599, 600, 601, 602, 603, 604, 605, 606, 607, 608, 609, 610, 611, 612, 613, 614, 615, 616, 617, 618, 619, 620, 621, 622, 623, 624, 625, 626, 627, 628, 629, 630, 631, 632, 633, 634, 635, 636, 637, 638, 639, 640, 641, 642, 643, 644, 645, 646, 647, 648, 649, 650, 651, 652, 653, 654, 655, 656, 657, 658, 659, 660, 661, 662, 663, 664, 665, 666, 667, 668, 669, 670, 671, 672, 673, 674, 675, 676, 677, 678, 679, 680, 681, 682, 683, 684, 685, 686, 687, 688, 689, 690, 691, 692, 693, 694, 695, 696, 697, 698, 699, 700, 701, 702, 703, 704, 705, 706, 707, 708, 709, 710, 711, 712, 713, 714, 715, 716, 717, 718, 719, 720, 721, 722, 723, 724, 725, 726, 727, 728, 729, 730, 731, 732, 733, 734, 735, 736, 737, 738, 739, 740, 741, 742, 743, 744, 745, 746, 747, 748, 749, 750, 751, 752, 753, 754, 755, 756, 757, 758, 759, 760, 761, 762, 763, 764, 765, 766, 767, 768, 769, 770, 771, 772, 773, 774, 775, 776, 777, 778, 779, 780, 781, 782, 783, 784, 785, 786, 787, 788, 789, 790, 791, 792, 793]","[0, 5, 7, 10, 14, 19, 20, 22, 24, 32, 33, 34, 37, 38, 40, 44, 46, 48, 49, 51, 56, 61, 63, 65, 67, 68, 73, 74, 75, 76, 79, 81, 82, 83, 85, 87, 88, 92, 93, 95, 96, 99, 100, 101, 115, 116, 124, 134, 142, 161, 167, 169, 170, 186, 202, 240, 244, 254, 260, 267, 277, 300, 303, 307, 310, 322, 331, 376, 485, 491, 493, 495, 499, 503, 504, 506, 508, 515, 518, 519, 521, 524, 526, 528, 533, 537, 539, 542, 543, 547, 548, 549, 550, 551, 553, 554, 556, 558, 559, 563, 564, 566, 567, 570, 571, 572, 586, 587, 595, 605, 613, 633, 639, 640, 641, 657, 672, 704, 717, 726, 736, 759, 761, 765, 768, 780, 788, 792, 826]","[17, 18, 19, 20, 21, 22, 23, 156, 157, 158, 159, 160, 161, 162, 163, 164, 165, 166, 167, 341, 342, 343, 344, 345, 412, 413, 414, 415, 416, 417, 418, 419, 420, 421, 422, 502, 503, 504, 505, 506, 507, 628, 629, 630, 631, 632, 633, 634, 635, 636, 637, 638, 639, 792, 797, 798, 799, 800, 801, 863, 864, 865, 866, 867, 868, 869, 870, 871, 872, 873, 874]","[17, 18, 19, 20, 21, 22, 23, 156, 157, 158, 159, 160, 161, 162, 163, 164, 165, 166, 167, 168, 340, 341, 342, 343, 344, 345, 346, 412, 413, 414, 415, 416, 417, 418, 419, 420, 421, 422, 502, 503, 504, 505, 506, 507, 628, 629, 630, 631, 632, 633, 634, 635, 636, 637, 638, 639, 792, 796, 797, 798, 799, 800, 801, 863, 864, 865, 866, 867, 868, 869, 870, 871, 872, 873, 874]","[0, 5, 7, 10, 14, 17, 18, 19, 20, 21, 22, 23, 24, 32, 33, 34, 37, 38, 40, 44, 46, 48, 49, 51, 56, 61, 63, 65, 67, 68, 73, 74, 75, 76, 79, 81, 82, 83, 85, 87, 88, 92, 93, 95, 96, 99, 100, 101, 103, 104, 105, 106, 107, 108, 109, 110, 111, 112, 113, 114, 115, 116, 117, 118, 119, 120, 121, 122, 123, 124, 125, 126, 127, 128, 129, 130, 131, 132, 133, 134, 135, 136, 137, 138, 139, 140, 141, 142, 143, 144, 145, 146, 147, 148, 149, 150, 151, 152, 153, 154, 155, 156, 157, 158, 159, 160, 161, 162, 163, 164, 165, 166, 167, 168, 169, 170, 171, 172, 173, 174, 175, 176, 177, 178, 179, 180, 181, 182, 183, 184, 185, 186, 187, 188, 189, 190, 191, 192, 193, 194, 195, 196, 197, 198, 199, 200, 201, 202, 203, 204, 205, 206, 207, 208, 209, 210, 211, 212, 213, 214, 215, 216, 217, 218, 219, 220, 221, 222, 223, 224, 225, 226, 227, 228, 229, 230, 231, 232, 233, 234, 235, 236, 237, 238, 239, 240, 241, 242, 243, 244, 245, 246, 247, 248, 249, 250, 251, 252, 253, 254, 255, 256, 257, 258, 259, 260, 261, 262, 263, 264, 265, 266, 267, 268, 269, 270, 271, 272, 273, 274, 275, 276, 277, 278, 279, 280, 281, 282, 283, 284, 285, 286, 287, 288, 289, 290, 291, 292, 293, 294, 295, 296, 297, 298, 299, 300, 301, 302, 303, 304, 305, 306, 307, 308, 309, 310, 311, 312, 313, 314, 315, 316, 317, 318, 319, 320, 321, 322, 323, 324, 325, 326, 327, 328, 329, 330, 331, 332, 333, 334, 335, 336, 337, 340, 341, 342, 343, 344, 345, 346, 376, 412, 413, 414, 415, 416, 417, 418, 419, 420, 421, 422, 485, 491, 493, 495, 499, 502, 503, 504, 505, 506, 507, 508, 515, 518, 519, 521, 524, 526, 528, 533, 537, 539, 542, 543, 547, 548, 549, 550, 551, 553, 554, 556, 558, 559, 563, 564, 566, 567, 570, 571, 572, 574, 575, 576, 577, 578, 579, 580, 581, 582, 583, 584, 585, 586, 587, 588, 589, 590, 591, 592, 593, 594, 595, 596, 597, 598, 599, 600, 601, 602, 603, 604, 605, 606, 607, 608, 609, 610, 611, 612, 613, 614, 615, 616, 617, 618, 619, 620, 621, 622, 623, 624, 625, 626, 627, 628, 629, 630, 631, 632, 633, 634, 635, 636, 637, 638, 639, 640, 641, 642, 643, 644, 645, 646, 647, 648, 649, 650, 651, 652, 653, 654, 655, 656, 657, 658, 659, 660, 661, 662, 663, 664, 665, 666, 667, 668, 669, 670, 671, 672, 673, 674, 675, 676, 677, 678, 679, 680, 681, 682, 683, 684, 685, 686, 687, 688, 689, 690, 691, 692, 693, 694, 695, 696, 697, 698, 699, 700, 701, 702, 703, 704, 705, 706, 707, 708, 709, 710, 711, 712, 713, 714, 715, 716, 717, 718, 719, 720, 721, 722, 723, 724, 725, 726, 727, 728, 729, 730, 731, 732, 733, 734, 735, 736, 737, 738, 739, 740, 741, 742, 743, 744, 745, 746, 747, 748, 749, 750, 751, 752, 753, 754, 755, 756, 757, 758, 759, 760, 761, 762, 763, 764, 765, 766, 767, 768, 769, 770, 771, 772, 773, 774, 775, 776, 777, 778, 779, 780, 781, 782, 783, 784, 785, 786, 787, 788, 789, 790, 791, 792, 793, 796, 797, 798, 799, 800, 801, 826, 863, 864, 865, 866, 867, 868, 869, 870, 871, 872, 873, 874]",True,"[167, 639]","[103, 104, 105, 106, 107, 108, 109, 110, 111, 112, 113, 114, 115, 116, 117, 118, 119, 120, 121, 122, 123, 124, 125, 126, 127, 128, 129, 130, 131, 132, 133, 134, 135, 136, 137, 138, 139, 140, 141, 142, 143, 144, 145, 146, 147, 148, 149, 150, 151, 152, 153, 154, 155, 156, 157, 158, 159, 160, 161, 162, 163, 164, 165, 166, 167, 168, 169, 170, 171, 172, 173, 174, 175, 176, 177, 178, 179, 180, 181, 182, 183, 184, 185, 186, 187, 188, 189, 190, 191, 192, 193, 194, 195, 196, 197, 198, 199, 200, 201, 202, 203, 204, 205, 206, 207, 208, 209, 210, 211, 212, 213, 214, 215, 216, 217, 218, 219, 220, 221, 222, 223, 224, 225, 226, 227, 228, 229, 230, 231, 232, 233, 234, 235, 236, 237, 238, 239, 240, 241, 242, 243, 244, 245, 246, 247, 248, 249, 250, 251, 252, 253, 254, 255, 256, 257, 258, 259, 260, 261, 262, 263, 264, 265, 266, 267, 268, 269, 270, 271, 272, 273, 274, 275, 276, 277, 278, 279, 280, 281, 282, 283, 284, 285, 286, 287, 288, 289, 290, 291, 292, 293, 294, 295, 296, 297, 298, 299, 300, 301, 302, 303, 304, 305, 306, 307, 308, 309, 310, 311, 312, 313, 314, 315, 316, 317, 318, 319, 320, 321, 322, 323, 324, 325, 326, 327, 328, 329, 330, 331, 332, 333, 334, 335, 336, 337, 574, 575, 576, 577, 578, 579, 580, 581, 582, 583, 584, 585, 586, 587, 588, 589, 590, 591, 592, 593, 594, 595, 596, 597, 598, 599, 600, 601, 602, 603, 604, 605, 606, 607, 608, 609, 610, 611, 612, 613, 614, 615, 616, 617, 618, 619, 620, 621, 622, 623, 624, 625, 626, 627, 628, 629, 630, 631, 632, 633, 634, 635, 636, 637, 638, 639, 640, 641, 642, 643, 644, 645, 646, 647, 648, 649, 650, 651, 652, 653, 654, 655, 656, 657, 658, 659, 660, 661, 662, 663, 664, 665, 666, 667, 668, 669, 670, 671, 672, 673, 674, 675, 676, 677, 678, 679, 680, 681, 682, 683, 684, 685, 686, 687, 688, 689, 690, 691, 692, 693, 694, 695, 696, 697, 698, 699, 700, 701, 702, 703, 704, 705, 706, 707, 708, 709, 710, 711, 712, 713, 714, 715, 716, 717, 718, 719, 720, 721, 722, 723, 724, 725, 726, 727, 728, 729, 730, 731, 732, 733, 734, 735, 736, 737, 738, 739, 740, 741, 742, 743, 744, 745, 746, 747, 748, 749, 750, 751, 752, 753, 754, 755, 756, 757, 758, 759, 760, 761, 762, 763, 764, 765, 766, 767, 768, 769, 770, 771, 772, 773, 774, 775, 776, 777, 778, 779, 780, 781, 782, 783, 784, 785, 786, 787, 788, 789, 790, 791, 792, 793]","[167, 639]","[135, 167, 288, 606, 639, 747]","[0, 5, 7, 10, 14, 19, 20, 22, 24, 32, 33, 34, 37, 38, 40, 44, 46, 48, 49, 51, 56, 61, 63, 65, 67, 68, 73, 74, 75, 76, 79, 81, 82, 83, 85, 87, 88, 92, 93, 95, 96, 99, 100, 101, 115, 116, 124, 134, 142, 161, 167, 169, 170, 186, 202, 240, 244, 254, 260, 267, 277, 300, 303, 307, 310, 322, 331, 376, 485, 491, 493, 495, 499, 503, 504, 506, 508, 515, 518, 519, 521, 524, 526, 528, 533, 537, 539, 542, 543, 547, 548, 549, 550, 551, 553, 554, 556, 558, 559, 563, 564, 566, 567, 570, 571, 572, 586, 587, 595, 605, 613, 633, 639, 640, 641, 657, 672, 704, 717, 726, 736, 759, 761, 765, 768, 780, 788, 792, 826]","[17, 18, 19, 20, 21, 22, 23, 156, 157, 158, 159, 160, 161, 162, 163, 164, 165, 166, 167, 168, 340, 341, 342, 343, 344, 345, 346, 412, 413, 414, 415, 416, 417, 418, 419, 420, 421, 422, 502, 503, 504, 505, 506, 507, 628, 629, 630, 631, 632, 633, 634, 635, 636, 637, 638, 639, 792, 796, 797, 798, 799, 800, 801, 863, 864, 865, 866, 867, 868, 869, 870, 871, 872, 873, 874]","[17, 18, 19, 20, 21, 22, 23, 156, 157, 158, 159, 160, 161, 162, 163, 164, 165, 166, 167, 341, 342, 343, 344, 345, 412, 413, 414, 415, 416, 417, 418, 419, 420, 421, 422, 502, 503, 504, 505, 506, 507, 628, 629, 630, 631, 632, 633, 634, 635, 636, 637, 638, 639, 792, 797, 798, 799, 800, 801, 863, 864, 865, 866, 867, 868, 869, 870, 871, 872, 873, 874]",7/6 successful match,True,[252],True,277,False,,0.5309803921568628,True,Flying J Travel Plaza # 765 ( Chevron Blvd ) ),Flying J
Thousand Palms ( 92276 ) Flying J Travel Plaza # 765 Blvd ) FLYING,760-343-1500 I-10 Exit 130 (,FLYING J 24 LO D,Thousand Palms,92276,Flying J Travel Plaza # 765 Blvd ) FLYING,760-343-1500,2016,Thousand Palms,CA,Flying J,(,I-10 Exit 130 ,Exit,130,False,,False,I-10,,,,,"[639, 167]","[167, 639]","[167, 639]","[135, 167, 288, 606, 639, 747]","[103, 104, 105, 106, 107, 108, 109, 110, 111, 112, 113, 114, 115, 116, 117, 118, 119, 120, 121, 122, 123, 124, 125, 126, 127, 128, 129, 130, 131, 132, 133, 134, 135, 136, 137, 138, 139, 140, 141, 142, 143, 144, 145, 146, 147, 148, 149, 150, 151, 152, 153, 154, 155, 156, 157, 158, 159, 160, 161, 162, 163, 164, 165, 166, 167, 168, 169, 170, 171, 172, 173, 174, 175, 176, 177, 178, 179, 180, 181, 182, 183, 184, 185, 186, 187, 188, 189, 190, 191, 192, 193, 194, 195, 196, 197, 198, 199, 200, 201, 202, 203, 204, 205, 206, 207, 208, 209, 210, 211, 212, 213, 214, 215, 216, 217, 218, 219, 220, 221, 222, 223, 224, 225, 226, 227, 228, 229, 230, 231, 232, 233, 234, 235, 236, 237, 238, 239, 240, 241, 242, 243, 244, 245, 246, 247, 248, 249, 250, 251, 252, 253, 254, 255, 256, 257, 258, 259, 260, 261, 262, 263, 264, 265, 266, 267, 268, 269, 270, 271, 272, 273, 274, 275, 276, 277, 278, 279, 280, 281, 282, 283, 284, 285, 286, 287, 288, 289, 290, 291, 292, 293, 294, 295, 296, 297, 298, 299, 300, 301, 302, 303, 304, 305, 306, 307, 308, 309, 310, 311, 312, 313, 314, 315, 316, 317, 318, 319, 320, 321, 322, 323, 324, 325, 326, 327, 328, 329, 330, 331, 332, 333, 334, 335, 336, 337, 574, 575, 576, 577, 578, 579, 580, 581, 582, 583, 584, 585, 586, 587, 588, 589, 590, 591, 592, 593, 594, 595, 596, 597, 598, 599, 600, 601, 602, 603, 604, 605, 606, 607, 608, 609, 610, 611, 612, 613, 614, 615, 616, 617, 618, 619, 620, 621, 622, 623, 624, 625, 626, 627, 628, 629, 630, 631, 632, 633, 634, 635, 636, 637, 638, 639, 640, 641, 642, 643, 644, 645, 646, 647, 648, 649, 650, 651, 652, 653, 654, 655, 656, 657, 658, 659, 660, 661, 662, 663, 664, 665, 666, 667, 668, 669, 670, 671, 672, 673, 674, 675, 676, 677, 678, 679, 680, 681, 682, 683, 684, 685, 686, 687, 688, 689, 690, 691, 692, 693, 694, 695, 696, 697, 698, 699, 700, 701, 702, 703, 704, 705, 706, 707, 708, 709, 710, 711, 712, 713, 714, 715, 716, 717, 718, 719, 720, 721, 722, 723, 724, 725, 726, 727, 728, 729, 730, 731, 732, 733, 734, 735, 736, 737, 738, 739, 740, 741, 742, 743, 744, 745, 746, 747, 748, 749, 750, 751, 752, 753, 754, 755, 756, 757, 758, 759, 760, 761, 762, 763, 764, 765, 766, 767, 768, 769, 770, 771, 772, 773, 774, 775, 776, 777, 778, 779, 780, 781, 782, 783, 784, 785, 786, 787, 788, 789, 790, 791, 792, 793]","[0, 5, 7, 10, 14, 19, 20, 22, 24, 32, 33, 34, 37, 38, 40, 44, 46, 48, 49, 51, 56, 61, 63, 65, 67, 68, 73, 74, 75, 76, 79, 81, 82, 83, 85, 87, 88, 92, 93, 95, 96, 99, 100, 101, 115, 116, 124, 134, 142, 161, 167, 169, 170, 186, 202, 240, 244, 254, 260, 267, 277, 300, 303, 307, 310, 322, 331, 376, 485, 491, 493, 495, 499, 503, 504, 506, 508, 515, 518, 519, 521, 524, 526, 528, 533, 537, 539, 542, 543, 547, 548, 549, 550, 551, 553, 554, 556, 558, 559, 563, 564, 566, 567, 570, 571, 572, 586, 587, 595, 605, 613, 633, 639, 640, 641, 657, 672, 704, 717, 726, 736, 759, 761, 765, 768, 780, 788, 792, 826]","[17, 18, 19, 20, 21, 22, 23, 156, 157, 158, 159, 160, 161, 162, 163, 164, 165, 166, 167, 341, 342, 343, 344, 345, 412, 413, 414, 415, 416, 417, 418, 419, 420, 421, 422, 502, 503, 504, 505, 506, 507, 628, 629, 630, 631, 632, 633, 634, 635, 636, 637, 638, 639, 792, 797, 798, 799, 800, 801, 863, 864, 865, 866, 867, 868, 869, 870, 871, 872, 873, 874]","[17, 18, 19, 20, 21, 22, 23, 156, 157, 158, 159, 160, 161, 162, 163, 164, 165, 166, 167, 168, 340, 341, 342, 343, 344, 345, 346, 412, 413, 414, 415, 416, 417, 418, 419, 420, 421, 422, 502, 503, 504, 505, 506, 507, 628, 629, 630, 631, 632, 633, 634, 635, 636, 637, 638, 639, 792, 796, 797, 798, 799, 800, 801, 863, 864, 865, 866, 867, 868, 869, 870, 871, 872, 873, 874]","[0, 5, 7, 10, 14, 17, 18, 19, 20, 21, 22, 23, 24, 32, 33, 34, 37, 38, 40, 44, 46, 48, 49, 51, 56, 61, 63, 65, 67, 68, 73, 74, 75, 76, 79, 81, 82, 83, 85, 87, 88, 92, 93, 95, 96, 99, 100, 101, 103, 104, 105, 106, 107, 108, 109, 110, 111, 112, 113, 114, 115, 116, 117, 118, 119, 120, 121, 122, 123, 124, 125, 126, 127, 128, 129, 130, 131, 132, 133, 134, 135, 136, 137, 138, 139, 140, 141, 142, 143, 144, 145, 146, 147, 148, 149, 150, 151, 152, 153, 154, 155, 156, 157, 158, 159, 160, 161, 162, 163, 164, 165, 166, 167, 168, 169, 170, 171, 172, 173, 174, 175, 176, 177, 178, 179, 180, 181, 182, 183, 184, 185, 186, 187, 188, 189, 190, 191, 192, 193, 194, 195, 196, 197, 198, 199, 200, 201, 202, 203, 204, 205, 206, 207, 208, 209, 210, 211, 212, 213, 214, 215, 216, 217, 218, 219, 220, 221, 222, 223, 224, 225, 226, 227, 228, 229, 230, 231, 232, 233, 234, 235, 236, 237, 238, 239, 240, 241, 242, 243, 244, 245, 246, 247, 248, 249, 250, 251, 252, 253, 254, 255, 256, 257, 258, 259, 260, 261, 262, 263, 264, 265, 266, 267, 268, 269, 270, 271, 272, 273, 274, 275, 276, 277, 278, 279, 280, 281, 282, 283, 284, 285, 286, 287, 288, 289, 290, 291, 292, 293, 294, 295, 296, 297, 298, 299, 300, 301, 302, 303, 304, 305, 306, 307, 308, 309, 310, 311, 312, 313, 314, 315, 316, 317, 318, 319, 320, 321, 322, 323, 324, 325, 326, 327, 328, 329, 330, 331, 332, 333, 334, 335, 336, 337, 340, 341, 342, 343, 344, 345, 346, 376, 412, 413, 414, 415, 416, 417, 418, 419, 420, 421, 422, 485, 491, 493, 495, 499, 502, 503, 504, 505, 506, 507, 508, 515, 518, 519, 521, 524, 526, 528, 533, 537, 539, 542, 543, 547, 548, 549, 550, 551, 553, 554, 556, 558, 559, 563, 564, 566, 567, 570, 571, 572, 574, 575, 576, 577, 578, 579, 580, 581, 582, 583, 584, 585, 586, 587, 588, 589, 590, 591, 592, 593, 594, 595, 596, 597, 598, 599, 600, 601, 602, 603, 604, 605, 606, 607, 608, 609, 610, 611, 612, 613, 614, 615, 616, 617, 618, 619, 620, 621, 622, 623, 624, 625, 626, 627, 628, 629, 630, 631, 632, 633, 634, 635, 636, 637, 638, 639, 640, 641, 642, 643, 644, 645, 646, 647, 648, 649, 650, 651, 652, 653, 654, 655, 656, 657, 658, 659, 660, 661, 662, 663, 664, 665, 666, 667, 668, 669, 670, 671, 672, 673, 674, 675, 676, 677, 678, 679, 680, 681, 682, 683, 684, 685, 686, 687, 688, 689, 690, 691, 692, 693, 694, 695, 696, 697, 698, 699, 700, 701, 702, 703, 704, 705, 706, 707, 708, 709, 710, 711, 712, 713, 714, 715, 716, 717, 718, 719, 720, 721, 722, 723, 724, 725, 726, 727, 728, 729, 730, 731, 732, 733, 734, 735, 736, 737, 738, 739, 740, 741, 742, 743, 744, 745, 746, 747, 748, 749, 750, 751, 752, 753, 754, 755, 756, 757, 758, 759, 760, 761, 762, 763, 764, 765, 766, 767, 768, 769, 770, 771, 772, 773, 774, 775, 776, 777, 778, 779, 780, 781, 782, 783, 784, 785, 786, 787, 788, 789, 790, 791, 792, 793, 796, 797, 798, 799, 800, 801, 826, 863, 864, 865, 866, 867, 868, 869, 870, 871, 872, 873, 874]",True,"[167, 639]","[103, 104, 105, 106, 107, 108, 109, 110, 111, 112, 113, 114, 115, 116, 117, 118, 119, 120, 121, 122, 123, 124, 125, 126, 127, 128, 129, 130, 131, 132, 133, 134, 135, 136, 137, 138, 139, 140, 141, 142, 143, 144, 145, 146, 147, 148, 149, 150, 151, 152, 153, 154, 155, 156, 157, 158, 159, 160, 161, 162, 163, 164, 165, 166, 167, 168, 169, 170, 171, 172, 173, 174, 175, 176, 177, 178, 179, 180, 181, 182, 183, 184, 185, 186, 187, 188, 189, 190, 191, 192, 193, 194, 195, 196, 197, 198, 199, 200, 201, 202, 203, 204, 205, 206, 207, 208, 209, 210, 211, 212, 213, 214, 215, 216, 217, 218, 219, 220, 221, 222, 223, 224, 225, 226, 227, 228, 229, 230, 231, 232, 233, 234, 235, 236, 237, 238, 239, 240, 241, 242, 243, 244, 245, 246, 247, 248, 249, 250, 251, 252, 253, 254, 255, 256, 257, 258, 259, 260, 261, 262, 263, 264, 265, 266, 267, 268, 269, 270, 271, 272, 273, 274, 275, 276, 277, 278, 279, 280, 281, 282, 283, 284, 285, 286, 287, 288, 289, 290, 291, 292, 293, 294, 295, 296, 297, 298, 299, 300, 301, 302, 303, 304, 305, 306, 307, 308, 309, 310, 311, 312, 313, 314, 315, 316, 317, 318, 319, 320, 321, 322, 323, 324, 325, 326, 327, 328, 329, 330, 331, 332, 333, 334, 335, 336, 337, 574, 575, 576, 577, 578, 579, 580, 581, 582, 583, 584, 585, 586, 587, 588, 589, 590, 591, 592, 593, 594, 595, 596, 597, 598, 599, 600, 601, 602, 603, 604, 605, 606, 607, 608, 609, 610, 611, 612, 613, 614, 615, 616, 617, 618, 619, 620, 621, 622, 623, 624, 625, 626, 627, 628, 629, 630, 631, 632, 633, 634, 635, 636, 637, 638, 639, 640, 641, 642, 643, 644, 645, 646, 647, 648, 649, 650, 651, 652, 653, 654, 655, 656, 657, 658, 659, 660, 661, 662, 663, 664, 665, 666, 667, 668, 669, 670, 671, 672, 673, 674, 675, 676, 677, 678, 679, 680, 681, 682, 683, 684, 685, 686, 687, 688, 689, 690, 691, 692, 693, 694, 695, 696, 697, 698, 699, 700, 701, 702, 703, 704, 705, 706, 707, 708, 709, 710, 711, 712, 713, 714, 715, 716, 717, 718, 719, 720, 721, 722, 723, 724, 725, 726, 727, 728, 729, 730, 731, 732, 733, 734, 735, 736, 737, 738, 739, 740, 741, 742, 743, 744, 745, 746, 747, 748, 749, 750, 751, 752, 753, 754, 755, 756, 757, 758, 759, 760, 761, 762, 763, 764, 765, 766, 767, 768, 769, 770, 771, 772, 773, 774, 775, 776, 777, 778, 779, 780, 781, 782, 783, 784, 785, 786, 787, 788, 789, 790, 791, 792, 793]","[167, 639]","[135, 167, 288, 606, 639, 747]","[0, 5, 7, 10, 14, 19, 20, 22, 24, 32, 33, 34, 37, 38, 40, 44, 46, 48, 49, 51, 56, 61, 63, 65, 67, 68, 73, 74, 75, 76, 79, 81, 82, 83, 85, 87, 88, 92, 93, 95, 96, 99, 100, 101, 115, 116, 124, 134, 142, 161, 167, 169, 170, 186, 202, 240, 244, 254, 260, 267, 277, 300, 303, 307, 310, 322, 331, 376, 485, 491, 493, 495, 499, 503, 504, 506, 508, 515, 518, 519, 521, 524, 526, 528, 533, 537, 539, 542, 543, 547, 548, 549, 550, 551, 553, 554, 556, 558, 559, 563, 564, 566, 567, 570, 571, 572, 586, 587, 595, 605, 613, 633, 639, 640, 641, 657, 672, 704, 717, 726, 736, 759, 761, 765, 768, 780, 788, 792, 826]","[17, 18, 19, 20, 21, 22, 23, 156, 157, 158, 159, 160, 161, 162, 163, 164, 165, 166, 167, 168, 340, 341, 342, 343, 344, 345, 346, 412, 413, 414, 415, 416, 417, 418, 419, 420, 421, 422, 502, 503, 504, 505, 506, 507, 628, 629, 630, 631, 632, 633, 634, 635, 636, 637, 638, 639, 792, 796, 797, 798, 799, 800, 801, 863, 864, 865, 866, 867, 868, 869, 870, 871, 872, 873, 874]","[17, 18, 19, 20, 21, 22, 23, 156, 157, 158, 159, 160, 161, 162, 163, 164, 165, 166, 167, 341, 342, 343, 344, 345, 412, 413, 414, 415, 416, 417, 418, 419, 420, 421, 422, 502, 503, 504, 505, 506, 507, 628, 629, 630, 631, 632, 633, 634, 635, 636, 637, 638, 639, 792, 797, 798, 799, 800, 801, 863, 864, 865, 866, 867, 868, 869, 870, 871, 872, 873, 874]",7/6 successful match,True,[252],True,277,False,,0.5133333333333334,True,Flying J Travel ( E on Tehachapi Blvd ),Flying J
"Baker , 92309 Rasor Road Services",760-733-4347 I-15 Exit 233 ( Rasor Rd ),FRS M,Baker,92309,Rasor Road Services,760-733-4347,2006,Baker,CA,,( Rasor Rd ),I-15 Exit 233 ,Exit,233,False,,False,I-15,,,,,[],"[125, 265, 317, 596, 725, 775]","[125, 265, 317, 596, 725, 775]","[265, 458, 725, 905]","[103, 104, 105, 106, 107, 108, 109, 110, 111, 112, 113, 114, 115, 116, 117, 118, 119, 120, 121, 122, 123, 124, 125, 126, 127, 128, 129, 130, 131, 132, 133, 134, 135, 136, 137, 138, 139, 140, 141, 142, 143, 144, 145, 146, 147, 148, 149, 150, 151, 152, 153, 154, 155, 156, 157, 158, 159, 160, 161, 162, 163, 164, 165, 166, 167, 168, 169, 170, 171, 172, 173, 174, 175, 176, 177, 178, 179, 180, 181, 182, 183, 184, 185, 186, 187, 188, 189, 190, 191, 192, 193, 194, 195, 196, 197, 198, 199, 200, 201, 202, 203, 204, 205, 206, 207, 208, 209, 210, 211, 212, 213, 214, 215, 216, 217, 218, 219, 220, 221, 222, 223, 224, 225, 226, 227, 228, 229, 230, 231, 232, 233, 234, 235, 236, 237, 238, 239, 240, 241, 242, 243, 244, 245, 246, 247, 248, 249, 250, 251, 252, 253, 254, 255, 256, 257, 258, 259, 260, 261, 262, 263, 264, 265, 266, 267, 268, 269, 270, 271, 272, 273, 274, 275, 276, 277, 278, 279, 280, 281, 282, 283, 284, 285, 286, 287, 288, 289, 290, 291, 292, 293, 294, 295, 296, 297, 298, 299, 300, 301, 302, 303, 304, 305, 306, 307, 308, 309, 310, 311, 312, 313, 314, 315, 316, 317, 318, 319, 320, 321, 322, 323, 324, 325, 326, 327, 328, 329, 330, 331, 332, 333, 334, 335, 336, 337, 574, 575, 576, 577, 578, 579, 580, 581, 582, 583, 584, 585, 586, 587, 588, 589, 590, 591, 592, 593, 594, 595, 596, 597, 598, 599, 600, 601, 602, 603, 604, 605, 606, 607, 608, 609, 610, 611, 612, 613, 614, 615, 616, 617, 618, 619, 620, 621, 622, 623, 624, 625, 626, 627, 628, 629, 630, 631, 632, 633, 634, 635, 636, 637, 638, 639, 640, 641, 642, 643, 644, 645, 646, 647, 648, 649, 650, 651, 652, 653, 654, 655, 656, 657, 658, 659, 660, 661, 662, 663, 664, 665, 666, 667, 668, 669, 670, 671, 672, 673, 674, 675, 676, 677, 678, 679, 680, 681, 682, 683, 684, 685, 686, 687, 688, 689, 690, 691, 692, 693, 694, 695, 696, 697, 698, 699, 700, 701, 702, 703, 704, 705, 706, 707, 708, 709, 710, 711, 712, 713, 714, 715, 716, 717, 718, 719, 720, 721, 722, 723, 724, 725, 726, 727, 728, 729, 730, 731, 732, 733, 734, 735, 736, 737, 738, 739, 740, 741, 742, 743, 744, 745, 746, 747, 748, 749, 750, 751, 752, 753, 754, 755, 756, 757, 758, 759, 760, 761, 762, 763, 764, 765, 766, 767, 768, 769, 770, 771, 772, 773, 774, 775, 776, 777, 778, 779, 780, 781, 782, 783, 784, 785, 786, 787, 788, 789, 790, 791, 792, 793]","[16, 125, 156, 163, 168, 184, 205, 222, 229, 253, 258, 265, 313, 317, 336, 340, 341, 356, 363, 365, 366, 367, 370, 375, 388, 391, 394, 396, 402, 410, 411, 412, 413, 415, 416, 417, 418, 419, 425, 429, 431, 433, 435, 437, 440, 441, 442, 443, 451, 452, 456, 457, 458, 460, 461, 464, 471, 473, 474, 475, 481, 482, 501, 596, 628, 635, 655, 675, 693, 716, 720, 725, 771, 775, 793, 796, 797, 811, 817, 818, 820, 825, 838, 841, 844, 846, 851, 857, 861, 862, 863, 864, 866, 867, 868, 870, 871, 877, 881, 883, 885, 888, 891, 892, 893, 898, 899, 904, 905, 907, 908, 911, 918, 920, 921, 922, 923, 924, 926, 931, 933]",[],"[265, 725]","[16, 103, 104, 105, 106, 107, 108, 109, 110, 111, 112, 113, 114, 115, 116, 117, 118, 119, 120, 121, 122, 123, 124, 125, 126, 127, 128, 129, 130, 131, 132, 133, 134, 135, 136, 137, 138, 139, 140, 141, 142, 143, 144, 145, 146, 147, 148, 149, 150, 151, 152, 153, 154, 155, 156, 157, 158, 159, 160, 161, 162, 163, 164, 165, 166, 167, 168, 169, 170, 171, 172, 173, 174, 175, 176, 177, 178, 179, 180, 181, 182, 183, 184, 185, 186, 187, 188, 189, 190, 191, 192, 193, 194, 195, 196, 197, 198, 199, 200, 201, 202, 203, 204, 205, 206, 207, 208, 209, 210, 211, 212, 213, 214, 215, 216, 217, 218, 219, 220, 221, 222, 223, 224, 225, 226, 227, 228, 229, 230, 231, 232, 233, 234, 235, 236, 237, 238, 239, 240, 241, 242, 243, 244, 245, 246, 247, 248, 249, 250, 251, 252, 253, 254, 255, 256, 257, 258, 259, 260, 261, 262, 263, 264, 265, 266, 267, 268, 269, 270, 271, 272, 273, 274, 275, 276, 277, 278, 279, 280, 281, 282, 283, 284, 285, 286, 287, 288, 289, 290, 291, 292, 293, 294, 295, 296, 297, 298, 299, 300, 301, 302, 303, 304, 305, 306, 307, 308, 309, 310, 311, 312, 313, 314, 315, 316, 317, 318, 319, 320, 321, 322, 323, 324, 325, 326, 327, 328, 329, 330, 331, 332, 333, 334, 335, 336, 337, 340, 341, 356, 363, 365, 366, 367, 370, 375, 388, 391, 394, 396, 402, 410, 411, 412, 413, 415, 416, 417, 418, 419, 425, 429, 431, 433, 435, 437, 440, 441, 442, 443, 451, 452, 456, 457, 458, 460, 461, 464, 471, 473, 474, 475, 481, 482, 501, 574, 575, 576, 577, 578, 579, 580, 581, 582, 583, 584, 585, 586, 587, 588, 589, 590, 591, 592, 593, 594, 595, 596, 597, 598, 599, 600, 601, 602, 603, 604, 605, 606, 607, 608, 609, 610, 611, 612, 613, 614, 615, 616, 617, 618, 619, 620, 621, 622, 623, 624, 625, 626, 627, 628, 629, 630, 631, 632, 633, 634, 635, 636, 637, 638, 639, 640, 641, 642, 643, 644, 645, 646, 647, 648, 649, 650, 651, 652, 653, 654, 655, 656, 657, 658, 659, 660, 661, 662, 663, 664, 665, 666, 667, 668, 669, 670, 671, 672, 673, 674, 675, 676, 677, 678, 679, 680, 681, 682, 683, 684, 685, 686, 687, 688, 689, 690, 691, 692, 693, 694, 695, 696, 697, 698, 699, 700, 701, 702, 703, 704, 705, 706, 707, 708, 709, 710, 711, 712, 713, 714, 715, 716, 717, 718, 719, 720, 721, 722, 723, 724, 725, 726, 727, 728, 729, 730, 731, 732, 733, 734, 735, 736, 737, 738, 739, 740, 741, 742, 743, 744, 745, 746, 747, 748, 749, 750, 751, 752, 753, 754, 755, 756, 757, 758, 759, 760, 761, 762, 763, 764, 765, 766, 767, 768, 769, 770, 771, 772, 773, 774, 775, 776, 777, 778, 779, 780, 781, 782, 783, 784, 785, 786, 787, 788, 789, 790, 791, 792, 793, 796, 797, 811, 817, 818, 820, 825, 838, 841, 844, 846, 851, 857, 861, 862, 863, 864, 866, 867, 868, 870, 871, 877, 881, 883, 885, 888, 891, 892, 893, 898, 899, 904, 905, 907, 908, 911, 918, 920, 921, 922, 923, 924, 926, 931, 933]",False,"[125, 265, 317, 596, 725, 775]","[103, 104, 105, 106, 107, 108, 109, 110, 111, 112, 113, 114, 115, 116, 117, 118, 119, 120, 121, 122, 123, 124, 125, 126, 127, 128, 129, 130, 131, 132, 133, 134, 135, 136, 137, 138, 139, 140, 141, 142, 143, 144, 145, 146, 147, 148, 149, 150, 151, 152, 153, 154, 155, 156, 157, 158, 159, 160, 161, 162, 163, 164, 165, 166, 167, 168, 169, 170, 171, 172, 173, 174, 175, 176, 177, 178, 179, 180, 181, 182, 183, 184, 185, 186, 187, 188, 189, 190, 191, 192, 193, 194, 195, 196, 197, 198, 199, 200, 201, 202, 203, 204, 205, 206, 207, 208, 209, 210, 211, 212, 213, 214, 215, 216, 217, 218, 219, 220, 221, 222, 223, 224, 225, 226, 227, 228, 229, 230, 231, 232, 233, 234, 235, 236, 237, 238, 239, 240, 241, 242, 243, 244, 245, 246, 247, 248, 249, 250, 251, 252, 253, 254, 255, 256, 257, 258, 259, 260, 261, 262, 263, 264, 265, 266, 267, 268, 269, 270, 271, 272, 273, 274, 275, 276, 277, 278, 279, 280, 281, 282, 283, 284, 285, 286, 287, 288, 289, 290, 291, 292, 293, 294, 295, 296, 297, 298, 299, 300, 301, 302, 303, 304, 305, 306, 307, 308, 309, 310, 311, 312, 313, 314, 315, 316, 317, 318, 319, 320, 321, 322, 323, 324, 325, 326, 327, 328, 329, 330, 331, 332, 333, 334, 335, 336, 337, 574, 575, 576, 577, 578, 579, 580, 581, 582, 583, 584, 585, 586, 587, 588, 589, 590, 591, 592, 593, 594, 595, 596, 597, 598, 599, 600, 601, 602, 603, 604, 605, 606, 607, 608, 609, 610, 611, 612, 613, 614, 615, 616, 617, 618, 619, 620, 621, 622, 623, 624, 625, 626, 627, 628, 629, 630, 631, 632, 633, 634, 635, 636, 637, 638, 639, 640, 641, 642, 643, 644, 645, 646, 647, 648, 649, 650, 651, 652, 653, 654, 655, 656, 657, 658, 659, 660, 661, 662, 663, 664, 665, 666, 667, 668, 669, 670, 671, 672, 673, 674, 675, 676, 677, 678, 679, 680, 681, 682, 683, 684, 685, 686, 687, 688, 689, 690, 691, 692, 693, 694, 695, 696, 697, 698, 699, 700, 701, 702, 703, 704, 705, 706, 707, 708, 709, 710, 711, 712, 713, 714, 715, 716, 717, 718, 719, 720, 721, 722, 723, 724, 725, 726, 727, 728, 729, 730, 731, 732, 733, 734, 735, 736, 737, 738, 739, 740, 741, 742, 743, 744, 745, 746, 747, 748, 749, 750, 751, 752, 753, 754, 755, 756, 757, 758, 759, 760, 761, 762, 763, 764, 765, 766, 767, 768, 769, 770, 771, 772, 773, 774, 775, 776, 777, 778, 779, 780, 781, 782, 783, 784, 785, 786, 787, 788, 789, 790, 791, 792, 793]","[125, 265, 317, 596, 725, 775]","[265, 458, 725, 905]","[16, 125, 156, 163, 168, 184, 205, 222, 229, 253, 258, 265, 313, 317, 336, 340, 341, 356, 363, 365, 366, 367, 370, 375, 388, 391, 394, 396, 402, 410, 411, 412, 413, 415, 416, 417, 418, 419, 425, 429, 431, 433, 435, 437, 440, 441, 442, 443, 451, 452, 456, 457, 458, 460, 461, 464, 471, 473, 474, 475, 481, 482, 501, 596, 628, 635, 655, 675, 693, 716, 720, 725, 771, 775, 793, 796, 797, 811, 817, 818, 820, 825, 838, 841, 844, 846, 851, 857, 861, 862, 863, 864, 866, 867, 868, 870, 871, 877, 881, 883, 885, 888, 891, 892, 893, 898, 899, 904, 905, 907, 908, 911, 918, 920, 921, 922, 923, 924, 926, 931, 933]","[265, 725]",[],7/6 successful match,False,,False,278,False,,,,,
"Baker , 92309 Rasor Road Services )",6 760-733-4347 I-15 Exit 233 ( Rasor Rd ),24 HRS 485 M,Baker,92309,Rasor Road Services ),760-733-4347,2007,Baker,CA,,( Rasor Rd ),I-15 Exit 233 ,Exit,233,False,,False,I-15,,,,,[],"[125, 265, 317, 596, 725, 775]","[125, 265, 317, 596, 725, 775]","[265, 458, 725, 905]","[103, 104, 105, 106, 107, 108, 109, 110, 111, 112, 113, 114, 115, 116, 117, 118, 119, 120, 121, 122, 123, 124, 125, 126, 127, 128, 129, 130, 131, 132, 133, 134, 135, 136, 137, 138, 139, 140, 141, 142, 143, 144, 145, 146, 147, 148, 149, 150, 151, 152, 153, 154, 155, 156, 157, 158, 159, 160, 161, 162, 163, 164, 165, 166, 167, 168, 169, 170, 171, 172, 173, 174, 175, 176, 177, 178, 179, 180, 181, 182, 183, 184, 185, 186, 187, 188, 189, 190, 191, 192, 193, 194, 195, 196, 197, 198, 199, 200, 201, 202, 203, 204, 205, 206, 207, 208, 209, 210, 211, 212, 213, 214, 215, 216, 217, 218, 219, 220, 221, 222, 223, 224, 225, 226, 227, 228, 229, 230, 231, 232, 233, 234, 235, 236, 237, 238, 239, 240, 241, 242, 243, 244, 245, 246, 247, 248, 249, 250, 251, 252, 253, 254, 255, 256, 257, 258, 259, 260, 261, 262, 263, 264, 265, 266, 267, 268, 269, 270, 271, 272, 273, 274, 275, 276, 277, 278, 279, 280, 281, 282, 283, 284, 285, 286, 287, 288, 289, 290, 291, 292, 293, 294, 295, 296, 297, 298, 299, 300, 301, 302, 303, 304, 305, 306, 307, 308, 309, 310, 311, 312, 313, 314, 315, 316, 317, 318, 319, 320, 321, 322, 323, 324, 325, 326, 327, 328, 329, 330, 331, 332, 333, 334, 335, 336, 337, 574, 575, 576, 577, 578, 579, 580, 581, 582, 583, 584, 585, 586, 587, 588, 589, 590, 591, 592, 593, 594, 595, 596, 597, 598, 599, 600, 601, 602, 603, 604, 605, 606, 607, 608, 609, 610, 611, 612, 613, 614, 615, 616, 617, 618, 619, 620, 621, 622, 623, 624, 625, 626, 627, 628, 629, 630, 631, 632, 633, 634, 635, 636, 637, 638, 639, 640, 641, 642, 643, 644, 645, 646, 647, 648, 649, 650, 651, 652, 653, 654, 655, 656, 657, 658, 659, 660, 661, 662, 663, 664, 665, 666, 667, 668, 669, 670, 671, 672, 673, 674, 675, 676, 677, 678, 679, 680, 681, 682, 683, 684, 685, 686, 687, 688, 689, 690, 691, 692, 693, 694, 695, 696, 697, 698, 699, 700, 701, 702, 703, 704, 705, 706, 707, 708, 709, 710, 711, 712, 713, 714, 715, 716, 717, 718, 719, 720, 721, 722, 723, 724, 725, 726, 727, 728, 729, 730, 731, 732, 733, 734, 735, 736, 737, 738, 739, 740, 741, 742, 743, 744, 745, 746, 747, 748, 749, 750, 751, 752, 753, 754, 755, 756, 757, 758, 759, 760, 761, 762, 763, 764, 765, 766, 767, 768, 769, 770, 771, 772, 773, 774, 775, 776, 777, 778, 779, 780, 781, 782, 783, 784, 785, 786, 787, 788, 789, 790, 791, 792, 793]","[16, 125, 156, 163, 168, 184, 205, 222, 229, 253, 258, 265, 313, 317, 336, 340, 341, 356, 363, 365, 366, 367, 370, 375, 388, 391, 394, 396, 402, 410, 411, 412, 413, 415, 416, 417, 418, 419, 425, 429, 431, 433, 435, 437, 440, 441, 442, 443, 451, 452, 456, 457, 458, 460, 461, 464, 471, 473, 474, 475, 481, 482, 501, 596, 628, 635, 655, 675, 693, 716, 720, 725, 771, 775, 793, 796, 797, 811, 817, 818, 820, 825, 838, 841, 844, 846, 851, 857, 861, 862, 863, 864, 866, 867, 868, 870, 871, 877, 881, 883, 885, 888, 891, 892, 893, 898, 899, 904, 905, 907, 908, 911, 918, 920, 921, 922, 923, 924, 926, 931, 933]",[],"[265, 725]","[16, 103, 104, 105, 106, 107, 108, 109, 110, 111, 112, 113, 114, 115, 116, 117, 118, 119, 120, 121, 122, 123, 124, 125, 126, 127, 128, 129, 130, 131, 132, 133, 134, 135, 136, 137, 138, 139, 140, 141, 142, 143, 144, 145, 146, 147, 148, 149, 150, 151, 152, 153, 154, 155, 156, 157, 158, 159, 160, 161, 162, 163, 164, 165, 166, 167, 168, 169, 170, 171, 172, 173, 174, 175, 176, 177, 178, 179, 180, 181, 182, 183, 184, 185, 186, 187, 188, 189, 190, 191, 192, 193, 194, 195, 196, 197, 198, 199, 200, 201, 202, 203, 204, 205, 206, 207, 208, 209, 210, 211, 212, 213, 214, 215, 216, 217, 218, 219, 220, 221, 222, 223, 224, 225, 226, 227, 228, 229, 230, 231, 232, 233, 234, 235, 236, 237, 238, 239, 240, 241, 242, 243, 244, 245, 246, 247, 248, 249, 250, 251, 252, 253, 254, 255, 256, 257, 258, 259, 260, 261, 262, 263, 264, 265, 266, 267, 268, 269, 270, 271, 272, 273, 274, 275, 276, 277, 278, 279, 280, 281, 282, 283, 284, 285, 286, 287, 288, 289, 290, 291, 292, 293, 294, 295, 296, 297, 298, 299, 300, 301, 302, 303, 304, 305, 306, 307, 308, 309, 310, 311, 312, 313, 314, 315, 316, 317, 318, 319, 320, 321, 322, 323, 324, 325, 326, 327, 328, 329, 330, 331, 332, 333, 334, 335, 336, 337, 340, 341, 356, 363, 365, 366, 367, 370, 375, 388, 391, 394, 396, 402, 410, 411, 412, 413, 415, 416, 417, 418, 419, 425, 429, 431, 433, 435, 437, 440, 441, 442, 443, 451, 452, 456, 457, 458, 460, 461, 464, 471, 473, 474, 475, 481, 482, 501, 574, 575, 576, 577, 578, 579, 580, 581, 582, 583, 584, 585, 586, 587, 588, 589, 590, 591, 592, 593, 594, 595, 596, 597, 598, 599, 600, 601, 602, 603, 604, 605, 606, 607, 608, 609, 610, 611, 612, 613, 614, 615, 616, 617, 618, 619, 620, 621, 622, 623, 624, 625, 626, 627, 628, 629, 630, 631, 632, 633, 634, 635, 636, 637, 638, 639, 640, 641, 642, 643, 644, 645, 646, 647, 648, 649, 650, 651, 652, 653, 654, 655, 656, 657, 658, 659, 660, 661, 662, 663, 664, 665, 666, 667, 668, 669, 670, 671, 672, 673, 674, 675, 676, 677, 678, 679, 680, 681, 682, 683, 684, 685, 686, 687, 688, 689, 690, 691, 692, 693, 694, 695, 696, 697, 698, 699, 700, 701, 702, 703, 704, 705, 706, 707, 708, 709, 710, 711, 712, 713, 714, 715, 716, 717, 718, 719, 720, 721, 722, 723, 724, 725, 726, 727, 728, 729, 730, 731, 732, 733, 734, 735, 736, 737, 738, 739, 740, 741, 742, 743, 744, 745, 746, 747, 748, 749, 750, 751, 752, 753, 754, 755, 756, 757, 758, 759, 760, 761, 762, 763, 764, 765, 766, 767, 768, 769, 770, 771, 772, 773, 774, 775, 776, 777, 778, 779, 780, 781, 782, 783, 784, 785, 786, 787, 788, 789, 790, 791, 792, 793, 796, 797, 811, 817, 818, 820, 825, 838, 841, 844, 846, 851, 857, 861, 862, 863, 864, 866, 867, 868, 870, 871, 877, 881, 883, 885, 888, 891, 892, 893, 898, 899, 904, 905, 907, 908, 911, 918, 920, 921, 922, 923, 924, 926, 931, 933]",False,"[125, 265, 317, 596, 725, 775]","[103, 104, 105, 106, 107, 108, 109, 110, 111, 112, 113, 114, 115, 116, 117, 118, 119, 120, 121, 122, 123, 124, 125, 126, 127, 128, 129, 130, 131, 132, 133, 134, 135, 136, 137, 138, 139, 140, 141, 142, 143, 144, 145, 146, 147, 148, 149, 150, 151, 152, 153, 154, 155, 156, 157, 158, 159, 160, 161, 162, 163, 164, 165, 166, 167, 168, 169, 170, 171, 172, 173, 174, 175, 176, 177, 178, 179, 180, 181, 182, 183, 184, 185, 186, 187, 188, 189, 190, 191, 192, 193, 194, 195, 196, 197, 198, 199, 200, 201, 202, 203, 204, 205, 206, 207, 208, 209, 210, 211, 212, 213, 214, 215, 216, 217, 218, 219, 220, 221, 222, 223, 224, 225, 226, 227, 228, 229, 230, 231, 232, 233, 234, 235, 236, 237, 238, 239, 240, 241, 242, 243, 244, 245, 246, 247, 248, 249, 250, 251, 252, 253, 254, 255, 256, 257, 258, 259, 260, 261, 262, 263, 264, 265, 266, 267, 268, 269, 270, 271, 272, 273, 274, 275, 276, 277, 278, 279, 280, 281, 282, 283, 284, 285, 286, 287, 288, 289, 290, 291, 292, 293, 294, 295, 296, 297, 298, 299, 300, 301, 302, 303, 304, 305, 306, 307, 308, 309, 310, 311, 312, 313, 314, 315, 316, 317, 318, 319, 320, 321, 322, 323, 324, 325, 326, 327, 328, 329, 330, 331, 332, 333, 334, 335, 336, 337, 574, 575, 576, 577, 578, 579, 580, 581, 582, 583, 584, 585, 586, 587, 588, 589, 590, 591, 592, 593, 594, 595, 596, 597, 598, 599, 600, 601, 602, 603, 604, 605, 606, 607, 608, 609, 610, 611, 612, 613, 614, 615, 616, 617, 618, 619, 620, 621, 622, 623, 624, 625, 626, 627, 628, 629, 630, 631, 632, 633, 634, 635, 636, 637, 638, 639, 640, 641, 642, 643, 644, 645, 646, 647, 648, 649, 650, 651, 652, 653, 654, 655, 656, 657, 658, 659, 660, 661, 662, 663, 664, 665, 666, 667, 668, 669, 670, 671, 672, 673, 674, 675, 676, 677, 678, 679, 680, 681, 682, 683, 684, 685, 686, 687, 688, 689, 690, 691, 692, 693, 694, 695, 696, 697, 698, 699, 700, 701, 702, 703, 704, 705, 706, 707, 708, 709, 710, 711, 712, 713, 714, 715, 716, 717, 718, 719, 720, 721, 722, 723, 724, 725, 726, 727, 728, 729, 730, 731, 732, 733, 734, 735, 736, 737, 738, 739, 740, 741, 742, 743, 744, 745, 746, 747, 748, 749, 750, 751, 752, 753, 754, 755, 756, 757, 758, 759, 760, 761, 762, 763, 764, 765, 766, 767, 768, 769, 770, 771, 772, 773, 774, 775, 776, 777, 778, 779, 780, 781, 782, 783, 784, 785, 786, 787, 788, 789, 790, 791, 792, 793]","[125, 265, 317, 596, 725, 775]","[265, 458, 725, 905]","[16, 125, 156, 163, 168, 184, 205, 222, 229, 253, 258, 265, 313, 317, 336, 340, 341, 356, 363, 365, 366, 367, 370, 375, 388, 391, 394, 396, 402, 410, 411, 412, 413, 415, 416, 417, 418, 419, 425, 429, 431, 433, 435, 437, 440, 441, 442, 443, 451, 452, 456, 457, 458, 460, 461, 464, 471, 473, 474, 475, 481, 482, 501, 596, 628, 635, 655, 675, 693, 716, 720, 725, 771, 775, 793, 796, 797, 811, 817, 818, 820, 825, 838, 841, 844, 846, 851, 857, 861, 862, 863, 864, 866, 867, 868, 870, 871, 877, 881, 883, 885, 888, 891, 892, 893, 898, 899, 904, 905, 907, 908, 911, 918, 920, 921, 922, 923, 924, 926, 931, 933]","[265, 725]",[],7/6 successful match,False,,False,278,False,,1.0,True,Rasor Road Services,
"Baker , 92309 Rasor Road Services",6 760-733-4347 I-15 Exit 233 ( Rasor Rd ),HRS 24 M <U+2610> <U+2610>,Baker,92309,Rasor Road Services,760-733-4347,2008,Baker,CA,,( Rasor Rd ),I-15 Exit 233 ,Exit,233,False,,False,I-15,,,,,[],"[125, 265, 317, 596, 725, 775]","[125, 265, 317, 596, 725, 775]","[265, 458, 725, 905]","[103, 104, 105, 106, 107, 108, 109, 110, 111, 112, 113, 114, 115, 116, 117, 118, 119, 120, 121, 122, 123, 124, 125, 126, 127, 128, 129, 130, 131, 132, 133, 134, 135, 136, 137, 138, 139, 140, 141, 142, 143, 144, 145, 146, 147, 148, 149, 150, 151, 152, 153, 154, 155, 156, 157, 158, 159, 160, 161, 162, 163, 164, 165, 166, 167, 168, 169, 170, 171, 172, 173, 174, 175, 176, 177, 178, 179, 180, 181, 182, 183, 184, 185, 186, 187, 188, 189, 190, 191, 192, 193, 194, 195, 196, 197, 198, 199, 200, 201, 202, 203, 204, 205, 206, 207, 208, 209, 210, 211, 212, 213, 214, 215, 216, 217, 218, 219, 220, 221, 222, 223, 224, 225, 226, 227, 228, 229, 230, 231, 232, 233, 234, 235, 236, 237, 238, 239, 240, 241, 242, 243, 244, 245, 246, 247, 248, 249, 250, 251, 252, 253, 254, 255, 256, 257, 258, 259, 260, 261, 262, 263, 264, 265, 266, 267, 268, 269, 270, 271, 272, 273, 274, 275, 276, 277, 278, 279, 280, 281, 282, 283, 284, 285, 286, 287, 288, 289, 290, 291, 292, 293, 294, 295, 296, 297, 298, 299, 300, 301, 302, 303, 304, 305, 306, 307, 308, 309, 310, 311, 312, 313, 314, 315, 316, 317, 318, 319, 320, 321, 322, 323, 324, 325, 326, 327, 328, 329, 330, 331, 332, 333, 334, 335, 336, 337, 574, 575, 576, 577, 578, 579, 580, 581, 582, 583, 584, 585, 586, 587, 588, 589, 590, 591, 592, 593, 594, 595, 596, 597, 598, 599, 600, 601, 602, 603, 604, 605, 606, 607, 608, 609, 610, 611, 612, 613, 614, 615, 616, 617, 618, 619, 620, 621, 622, 623, 624, 625, 626, 627, 628, 629, 630, 631, 632, 633, 634, 635, 636, 637, 638, 639, 640, 641, 642, 643, 644, 645, 646, 647, 648, 649, 650, 651, 652, 653, 654, 655, 656, 657, 658, 659, 660, 661, 662, 663, 664, 665, 666, 667, 668, 669, 670, 671, 672, 673, 674, 675, 676, 677, 678, 679, 680, 681, 682, 683, 684, 685, 686, 687, 688, 689, 690, 691, 692, 693, 694, 695, 696, 697, 698, 699, 700, 701, 702, 703, 704, 705, 706, 707, 708, 709, 710, 711, 712, 713, 714, 715, 716, 717, 718, 719, 720, 721, 722, 723, 724, 725, 726, 727, 728, 729, 730, 731, 732, 733, 734, 735, 736, 737, 738, 739, 740, 741, 742, 743, 744, 745, 746, 747, 748, 749, 750, 751, 752, 753, 754, 755, 756, 757, 758, 759, 760, 761, 762, 763, 764, 765, 766, 767, 768, 769, 770, 771, 772, 773, 774, 775, 776, 777, 778, 779, 780, 781, 782, 783, 784, 785, 786, 787, 788, 789, 790, 791, 792, 793]","[16, 125, 156, 163, 168, 184, 205, 222, 229, 253, 258, 265, 313, 317, 336, 340, 341, 356, 363, 365, 366, 367, 370, 375, 388, 391, 394, 396, 402, 410, 411, 412, 413, 415, 416, 417, 418, 419, 425, 429, 431, 433, 435, 437, 440, 441, 442, 443, 451, 452, 456, 457, 458, 460, 461, 464, 471, 473, 474, 475, 481, 482, 501, 596, 628, 635, 655, 675, 693, 716, 720, 725, 771, 775, 793, 796, 797, 811, 817, 818, 820, 825, 838, 841, 844, 846, 851, 857, 861, 862, 863, 864, 866, 867, 868, 870, 871, 877, 881, 883, 885, 888, 891, 892, 893, 898, 899, 904, 905, 907, 908, 911, 918, 920, 921, 922, 923, 924, 926, 931, 933]",[],"[265, 725]","[16, 103, 104, 105, 106, 107, 108, 109, 110, 111, 112, 113, 114, 115, 116, 117, 118, 119, 120, 121, 122, 123, 124, 125, 126, 127, 128, 129, 130, 131, 132, 133, 134, 135, 136, 137, 138, 139, 140, 141, 142, 143, 144, 145, 146, 147, 148, 149, 150, 151, 152, 153, 154, 155, 156, 157, 158, 159, 160, 161, 162, 163, 164, 165, 166, 167, 168, 169, 170, 171, 172, 173, 174, 175, 176, 177, 178, 179, 180, 181, 182, 183, 184, 185, 186, 187, 188, 189, 190, 191, 192, 193, 194, 195, 196, 197, 198, 199, 200, 201, 202, 203, 204, 205, 206, 207, 208, 209, 210, 211, 212, 213, 214, 215, 216, 217, 218, 219, 220, 221, 222, 223, 224, 225, 226, 227, 228, 229, 230, 231, 232, 233, 234, 235, 236, 237, 238, 239, 240, 241, 242, 243, 244, 245, 246, 247, 248, 249, 250, 251, 252, 253, 254, 255, 256, 257, 258, 259, 260, 261, 262, 263, 264, 265, 266, 267, 268, 269, 270, 271, 272, 273, 274, 275, 276, 277, 278, 279, 280, 281, 282, 283, 284, 285, 286, 287, 288, 289, 290, 291, 292, 293, 294, 295, 296, 297, 298, 299, 300, 301, 302, 303, 304, 305, 306, 307, 308, 309, 310, 311, 312, 313, 314, 315, 316, 317, 318, 319, 320, 321, 322, 323, 324, 325, 326, 327, 328, 329, 330, 331, 332, 333, 334, 335, 336, 337, 340, 341, 356, 363, 365, 366, 367, 370, 375, 388, 391, 394, 396, 402, 410, 411, 412, 413, 415, 416, 417, 418, 419, 425, 429, 431, 433, 435, 437, 440, 441, 442, 443, 451, 452, 456, 457, 458, 460, 461, 464, 471, 473, 474, 475, 481, 482, 501, 574, 575, 576, 577, 578, 579, 580, 581, 582, 583, 584, 585, 586, 587, 588, 589, 590, 591, 592, 593, 594, 595, 596, 597, 598, 599, 600, 601, 602, 603, 604, 605, 606, 607, 608, 609, 610, 611, 612, 613, 614, 615, 616, 617, 618, 619, 620, 621, 622, 623, 624, 625, 626, 627, 628, 629, 630, 631, 632, 633, 634, 635, 636, 637, 638, 639, 640, 641, 642, 643, 644, 645, 646, 647, 648, 649, 650, 651, 652, 653, 654, 655, 656, 657, 658, 659, 660, 661, 662, 663, 664, 665, 666, 667, 668, 669, 670, 671, 672, 673, 674, 675, 676, 677, 678, 679, 680, 681, 682, 683, 684, 685, 686, 687, 688, 689, 690, 691, 692, 693, 694, 695, 696, 697, 698, 699, 700, 701, 702, 703, 704, 705, 706, 707, 708, 709, 710, 711, 712, 713, 714, 715, 716, 717, 718, 719, 720, 721, 722, 723, 724, 725, 726, 727, 728, 729, 730, 731, 732, 733, 734, 735, 736, 737, 738, 739, 740, 741, 742, 743, 744, 745, 746, 747, 748, 749, 750, 751, 752, 753, 754, 755, 756, 757, 758, 759, 760, 761, 762, 763, 764, 765, 766, 767, 768, 769, 770, 771, 772, 773, 774, 775, 776, 777, 778, 779, 780, 781, 782, 783, 784, 785, 786, 787, 788, 789, 790, 791, 792, 793, 796, 797, 811, 817, 818, 820, 825, 838, 841, 844, 846, 851, 857, 861, 862, 863, 864, 866, 867, 868, 870, 871, 877, 881, 883, 885, 888, 891, 892, 893, 898, 899, 904, 905, 907, 908, 911, 918, 920, 921, 922, 923, 924, 926, 931, 933]",False,"[125, 265, 317, 596, 725, 775]","[103, 104, 105, 106, 107, 108, 109, 110, 111, 112, 113, 114, 115, 116, 117, 118, 119, 120, 121, 122, 123, 124, 125, 126, 127, 128, 129, 130, 131, 132, 133, 134, 135, 136, 137, 138, 139, 140, 141, 142, 143, 144, 145, 146, 147, 148, 149, 150, 151, 152, 153, 154, 155, 156, 157, 158, 159, 160, 161, 162, 163, 164, 165, 166, 167, 168, 169, 170, 171, 172, 173, 174, 175, 176, 177, 178, 179, 180, 181, 182, 183, 184, 185, 186, 187, 188, 189, 190, 191, 192, 193, 194, 195, 196, 197, 198, 199, 200, 201, 202, 203, 204, 205, 206, 207, 208, 209, 210, 211, 212, 213, 214, 215, 216, 217, 218, 219, 220, 221, 222, 223, 224, 225, 226, 227, 228, 229, 230, 231, 232, 233, 234, 235, 236, 237, 238, 239, 240, 241, 242, 243, 244, 245, 246, 247, 248, 249, 250, 251, 252, 253, 254, 255, 256, 257, 258, 259, 260, 261, 262, 263, 264, 265, 266, 267, 268, 269, 270, 271, 272, 273, 274, 275, 276, 277, 278, 279, 280, 281, 282, 283, 284, 285, 286, 287, 288, 289, 290, 291, 292, 293, 294, 295, 296, 297, 298, 299, 300, 301, 302, 303, 304, 305, 306, 307, 308, 309, 310, 311, 312, 313, 314, 315, 316, 317, 318, 319, 320, 321, 322, 323, 324, 325, 326, 327, 328, 329, 330, 331, 332, 333, 334, 335, 336, 337, 574, 575, 576, 577, 578, 579, 580, 581, 582, 583, 584, 585, 586, 587, 588, 589, 590, 591, 592, 593, 594, 595, 596, 597, 598, 599, 600, 601, 602, 603, 604, 605, 606, 607, 608, 609, 610, 611, 612, 613, 614, 615, 616, 617, 618, 619, 620, 621, 622, 623, 624, 625, 626, 627, 628, 629, 630, 631, 632, 633, 634, 635, 636, 637, 638, 639, 640, 641, 642, 643, 644, 645, 646, 647, 648, 649, 650, 651, 652, 653, 654, 655, 656, 657, 658, 659, 660, 661, 662, 663, 664, 665, 666, 667, 668, 669, 670, 671, 672, 673, 674, 675, 676, 677, 678, 679, 680, 681, 682, 683, 684, 685, 686, 687, 688, 689, 690, 691, 692, 693, 694, 695, 696, 697, 698, 699, 700, 701, 702, 703, 704, 705, 706, 707, 708, 709, 710, 711, 712, 713, 714, 715, 716, 717, 718, 719, 720, 721, 722, 723, 724, 725, 726, 727, 728, 729, 730, 731, 732, 733, 734, 735, 736, 737, 738, 739, 740, 741, 742, 743, 744, 745, 746, 747, 748, 749, 750, 751, 752, 753, 754, 755, 756, 757, 758, 759, 760, 761, 762, 763, 764, 765, 766, 767, 768, 769, 770, 771, 772, 773, 774, 775, 776, 777, 778, 779, 780, 781, 782, 783, 784, 785, 786, 787, 788, 789, 790, 791, 792, 793]","[125, 265, 317, 596, 725, 775]","[265, 458, 725, 905]","[16, 125, 156, 163, 168, 184, 205, 222, 229, 253, 258, 265, 313, 317, 336, 340, 341, 356, 363, 365, 366, 367, 370, 375, 388, 391, 394, 396, 402, 410, 411, 412, 413, 415, 416, 417, 418, 419, 425, 429, 431, 433, 435, 437, 440, 441, 442, 443, 451, 452, 456, 457, 458, 460, 461, 464, 471, 473, 474, 475, 481, 482, 501, 596, 628, 635, 655, 675, 693, 716, 720, 725, 771, 775, 793, 796, 797, 811, 817, 818, 820, 825, 838, 841, 844, 846, 851, 857, 861, 862, 863, 864, 866, 867, 868, 870, 871, 877, 881, 883, 885, 888, 891, 892, 893, 898, 899, 904, 905, 907, 908, 911, 918, 920, 921, 922, 923, 924, 926, 931, 933]","[265, 725]",[],7/6 successful match,False,,False,278,False,,1.0,True,Rasor Road Services ),
Baker ( 92309 ) Rasor Road Services ( Shell ),760-733-4347 I-15 Exit 233 ( Rasor Rd ),24 M <U+2610> <U+25A1>,Baker,92309,Rasor Road Services ( Shell ),760-733-4347,2014,Baker,CA,Shell,( Rasor Rd ),I-15 Exit 233 ,Exit,233,False,,False,I-15,,,,,[],"[125, 265, 317, 596, 725, 775]","[125, 265, 317, 596, 725, 775]","[265, 458, 725, 905]","[103, 104, 105, 106, 107, 108, 109, 110, 111, 112, 113, 114, 115, 116, 117, 118, 119, 120, 121, 122, 123, 124, 125, 126, 127, 128, 129, 130, 131, 132, 133, 134, 135, 136, 137, 138, 139, 140, 141, 142, 143, 144, 145, 146, 147, 148, 149, 150, 151, 152, 153, 154, 155, 156, 157, 158, 159, 160, 161, 162, 163, 164, 165, 166, 167, 168, 169, 170, 171, 172, 173, 174, 175, 176, 177, 178, 179, 180, 181, 182, 183, 184, 185, 186, 187, 188, 189, 190, 191, 192, 193, 194, 195, 196, 197, 198, 199, 200, 201, 202, 203, 204, 205, 206, 207, 208, 209, 210, 211, 212, 213, 214, 215, 216, 217, 218, 219, 220, 221, 222, 223, 224, 225, 226, 227, 228, 229, 230, 231, 232, 233, 234, 235, 236, 237, 238, 239, 240, 241, 242, 243, 244, 245, 246, 247, 248, 249, 250, 251, 252, 253, 254, 255, 256, 257, 258, 259, 260, 261, 262, 263, 264, 265, 266, 267, 268, 269, 270, 271, 272, 273, 274, 275, 276, 277, 278, 279, 280, 281, 282, 283, 284, 285, 286, 287, 288, 289, 290, 291, 292, 293, 294, 295, 296, 297, 298, 299, 300, 301, 302, 303, 304, 305, 306, 307, 308, 309, 310, 311, 312, 313, 314, 315, 316, 317, 318, 319, 320, 321, 322, 323, 324, 325, 326, 327, 328, 329, 330, 331, 332, 333, 334, 335, 336, 337, 574, 575, 576, 577, 578, 579, 580, 581, 582, 583, 584, 585, 586, 587, 588, 589, 590, 591, 592, 593, 594, 595, 596, 597, 598, 599, 600, 601, 602, 603, 604, 605, 606, 607, 608, 609, 610, 611, 612, 613, 614, 615, 616, 617, 618, 619, 620, 621, 622, 623, 624, 625, 626, 627, 628, 629, 630, 631, 632, 633, 634, 635, 636, 637, 638, 639, 640, 641, 642, 643, 644, 645, 646, 647, 648, 649, 650, 651, 652, 653, 654, 655, 656, 657, 658, 659, 660, 661, 662, 663, 664, 665, 666, 667, 668, 669, 670, 671, 672, 673, 674, 675, 676, 677, 678, 679, 680, 681, 682, 683, 684, 685, 686, 687, 688, 689, 690, 691, 692, 693, 694, 695, 696, 697, 698, 699, 700, 701, 702, 703, 704, 705, 706, 707, 708, 709, 710, 711, 712, 713, 714, 715, 716, 717, 718, 719, 720, 721, 722, 723, 724, 725, 726, 727, 728, 729, 730, 731, 732, 733, 734, 735, 736, 737, 738, 739, 740, 741, 742, 743, 744, 745, 746, 747, 748, 749, 750, 751, 752, 753, 754, 755, 756, 757, 758, 759, 760, 761, 762, 763, 764, 765, 766, 767, 768, 769, 770, 771, 772, 773, 774, 775, 776, 777, 778, 779, 780, 781, 782, 783, 784, 785, 786, 787, 788, 789, 790, 791, 792, 793]","[16, 125, 156, 163, 168, 184, 205, 222, 229, 253, 258, 265, 313, 317, 336, 340, 341, 356, 363, 365, 366, 367, 370, 375, 388, 391, 394, 396, 402, 410, 411, 412, 413, 415, 416, 417, 418, 419, 425, 429, 431, 433, 435, 437, 440, 441, 442, 443, 451, 452, 456, 457, 458, 460, 461, 464, 471, 473, 474, 475, 481, 482, 501, 596, 628, 635, 655, 675, 693, 716, 720, 725, 771, 775, 793, 796, 797, 811, 817, 818, 820, 825, 838, 841, 844, 846, 851, 857, 861, 862, 863, 864, 866, 867, 868, 870, 871, 877, 881, 883, 885, 888, 891, 892, 893, 898, 899, 904, 905, 907, 908, 911, 918, 920, 921, 922, 923, 924, 926, 931, 933]","[1, 13, 14, 29, 54, 55, 56, 57, 58, 60, 102, 118, 125, 127, 130, 134, 146, 149, 153, 175, 182, 187, 189, 191, 197, 225, 230, 238, 264, 265, 266, 286, 302, 317, 336, 379, 388, 389, 425, 454, 458, 463, 475, 487, 498, 499, 512, 530, 531, 532, 533, 534, 536, 573, 589, 596, 598, 601, 605, 617, 620, 624, 646, 653, 658, 660, 662, 668, 689, 694, 702, 724, 725, 745, 760, 775, 793, 829, 838, 839, 877, 901, 903, 905, 910, 923]","[1, 13, 14, 29, 54, 55, 56, 57, 58, 60, 102, 118, 125, 127, 130, 134, 146, 149, 153, 175, 182, 187, 189, 191, 197, 225, 230, 238, 264, 265, 266, 286, 302, 317, 336, 354, 379, 388, 389, 425, 454, 458, 463, 475, 487, 498, 499, 512, 530, 531, 532, 533, 534, 536, 573, 589, 596, 598, 601, 605, 617, 620, 624, 646, 653, 658, 660, 662, 668, 689, 694, 702, 724, 725, 745, 760, 775, 793, 809, 829, 838, 839, 877, 901, 903, 905, 910, 923]","[1, 13, 14, 16, 29, 54, 55, 56, 57, 58, 60, 102, 103, 104, 105, 106, 107, 108, 109, 110, 111, 112, 113, 114, 115, 116, 117, 118, 119, 120, 121, 122, 123, 124, 125, 126, 127, 128, 129, 130, 131, 132, 133, 134, 135, 136, 137, 138, 139, 140, 141, 142, 143, 144, 145, 146, 147, 148, 149, 150, 151, 152, 153, 154, 155, 156, 157, 158, 159, 160, 161, 162, 163, 164, 165, 166, 167, 168, 169, 170, 171, 172, 173, 174, 175, 176, 177, 178, 179, 180, 181, 182, 183, 184, 185, 186, 187, 188, 189, 190, 191, 192, 193, 194, 195, 196, 197, 198, 199, 200, 201, 202, 203, 204, 205, 206, 207, 208, 209, 210, 211, 212, 213, 214, 215, 216, 217, 218, 219, 220, 221, 222, 223, 224, 225, 226, 227, 228, 229, 230, 231, 232, 233, 234, 235, 236, 237, 238, 239, 240, 241, 242, 243, 244, 245, 246, 247, 248, 249, 250, 251, 252, 253, 254, 255, 256, 257, 258, 259, 260, 261, 262, 263, 264, 265, 266, 267, 268, 269, 270, 271, 272, 273, 274, 275, 276, 277, 278, 279, 280, 281, 282, 283, 284, 285, 286, 287, 288, 289, 290, 291, 292, 293, 294, 295, 296, 297, 298, 299, 300, 301, 302, 303, 304, 305, 306, 307, 308, 309, 310, 311, 312, 313, 314, 315, 316, 317, 318, 319, 320, 321, 322, 323, 324, 325, 326, 327, 328, 329, 330, 331, 332, 333, 334, 335, 336, 337, 340, 341, 354, 356, 363, 365, 366, 367, 370, 375, 379, 388, 389, 391, 394, 396, 402, 410, 411, 412, 413, 415, 416, 417, 418, 419, 425, 429, 431, 433, 435, 437, 440, 441, 442, 443, 451, 452, 454, 456, 457, 458, 460, 461, 463, 464, 471, 473, 474, 475, 481, 482, 487, 498, 499, 501, 512, 530, 531, 532, 533, 534, 536, 573, 574, 575, 576, 577, 578, 579, 580, 581, 582, 583, 584, 585, 586, 587, 588, 589, 590, 591, 592, 593, 594, 595, 596, 597, 598, 599, 600, 601, 602, 603, 604, 605, 606, 607, 608, 609, 610, 611, 612, 613, 614, 615, 616, 617, 618, 619, 620, 621, 622, 623, 624, 625, 626, 627, 628, 629, 630, 631, 632, 633, 634, 635, 636, 637, 638, 639, 640, 641, 642, 643, 644, 645, 646, 647, 648, 649, 650, 651, 652, 653, 654, 655, 656, 657, 658, 659, 660, 661, 662, 663, 664, 665, 666, 667, 668, 669, 670, 671, 672, 673, 674, 675, 676, 677, 678, 679, 680, 681, 682, 683, 684, 685, 686, 687, 688, 689, 690, 691, 692, 693, 694, 695, 696, 697, 698, 699, 700, 701, 702, 703, 704, 705, 706, 707, 708, 709, 710, 711, 712, 713, 714, 715, 716, 717, 718, 719, 720, 721, 722, 723, 724, 725, 726, 727, 728, 729, 730, 731, 732, 733, 734, 735, 736, 737, 738, 739, 740, 741, 742, 743, 744, 745, 746, 747, 748, 749, 750, 751, 752, 753, 754, 755, 756, 757, 758, 759, 760, 761, 762, 763, 764, 765, 766, 767, 768, 769, 770, 771, 772, 773, 774, 775, 776, 777, 778, 779, 780, 781, 782, 783, 784, 785, 786, 787, 788, 789, 790, 791, 792, 793, 796, 797, 809, 811, 817, 818, 820, 825, 829, 838, 839, 841, 844, 846, 851, 857, 861, 862, 863, 864, 866, 867, 868, 870, 871, 877, 881, 883, 885, 888, 891, 892, 893, 898, 899, 901, 903, 904, 905, 907, 908, 910, 911, 918, 920, 921, 922, 923, 924, 926, 931, 933]",False,"[125, 265, 317, 596, 725, 775]","[103, 104, 105, 106, 107, 108, 109, 110, 111, 112, 113, 114, 115, 116, 117, 118, 119, 120, 121, 122, 123, 124, 125, 126, 127, 128, 129, 130, 131, 132, 133, 134, 135, 136, 137, 138, 139, 140, 141, 142, 143, 144, 145, 146, 147, 148, 149, 150, 151, 152, 153, 154, 155, 156, 157, 158, 159, 160, 161, 162, 163, 164, 165, 166, 167, 168, 169, 170, 171, 172, 173, 174, 175, 176, 177, 178, 179, 180, 181, 182, 183, 184, 185, 186, 187, 188, 189, 190, 191, 192, 193, 194, 195, 196, 197, 198, 199, 200, 201, 202, 203, 204, 205, 206, 207, 208, 209, 210, 211, 212, 213, 214, 215, 216, 217, 218, 219, 220, 221, 222, 223, 224, 225, 226, 227, 228, 229, 230, 231, 232, 233, 234, 235, 236, 237, 238, 239, 240, 241, 242, 243, 244, 245, 246, 247, 248, 249, 250, 251, 252, 253, 254, 255, 256, 257, 258, 259, 260, 261, 262, 263, 264, 265, 266, 267, 268, 269, 270, 271, 272, 273, 274, 275, 276, 277, 278, 279, 280, 281, 282, 283, 284, 285, 286, 287, 288, 289, 290, 291, 292, 293, 294, 295, 296, 297, 298, 299, 300, 301, 302, 303, 304, 305, 306, 307, 308, 309, 310, 311, 312, 313, 314, 315, 316, 317, 318, 319, 320, 321, 322, 323, 324, 325, 326, 327, 328, 329, 330, 331, 332, 333, 334, 335, 336, 337, 574, 575, 576, 577, 578, 579, 580, 581, 582, 583, 584, 585, 586, 587, 588, 589, 590, 591, 592, 593, 594, 595, 596, 597, 598, 599, 600, 601, 602, 603, 604, 605, 606, 607, 608, 609, 610, 611, 612, 613, 614, 615, 616, 617, 618, 619, 620, 621, 622, 623, 624, 625, 626, 627, 628, 629, 630, 631, 632, 633, 634, 635, 636, 637, 638, 639, 640, 641, 642, 643, 644, 645, 646, 647, 648, 649, 650, 651, 652, 653, 654, 655, 656, 657, 658, 659, 660, 661, 662, 663, 664, 665, 666, 667, 668, 669, 670, 671, 672, 673, 674, 675, 676, 677, 678, 679, 680, 681, 682, 683, 684, 685, 686, 687, 688, 689, 690, 691, 692, 693, 694, 695, 696, 697, 698, 699, 700, 701, 702, 703, 704, 705, 706, 707, 708, 709, 710, 711, 712, 713, 714, 715, 716, 717, 718, 719, 720, 721, 722, 723, 724, 725, 726, 727, 728, 729, 730, 731, 732, 733, 734, 735, 736, 737, 738, 739, 740, 741, 742, 743, 744, 745, 746, 747, 748, 749, 750, 751, 752, 753, 754, 755, 756, 757, 758, 759, 760, 761, 762, 763, 764, 765, 766, 767, 768, 769, 770, 771, 772, 773, 774, 775, 776, 777, 778, 779, 780, 781, 782, 783, 784, 785, 786, 787, 788, 789, 790, 791, 792, 793]","[125, 265, 317, 596, 725, 775]","[265, 458, 725, 905]","[16, 125, 156, 163, 168, 184, 205, 222, 229, 253, 258, 265, 313, 317, 336, 340, 341, 356, 363, 365, 366, 367, 370, 375, 388, 391, 394, 396, 402, 410, 411, 412, 413, 415, 416, 417, 418, 419, 425, 429, 431, 433, 435, 437, 440, 441, 442, 443, 451, 452, 456, 457, 458, 460, 461, 464, 471, 473, 474, 475, 481, 482, 501, 596, 628, 635, 655, 675, 693, 716, 720, 725, 771, 775, 793, 796, 797, 811, 817, 818, 820, 825, 838, 841, 844, 846, 851, 857, 861, 862, 863, 864, 866, 867, 868, 870, 871, 877, 881, 883, 885, 888, 891, 892, 893, 898, 899, 904, 905, 907, 908, 911, 918, 920, 921, 922, 923, 924, 926, 931, 933]","[1, 13, 14, 29, 54, 55, 56, 57, 58, 60, 102, 118, 125, 127, 130, 134, 146, 149, 153, 175, 182, 187, 189, 191, 197, 225, 230, 238, 264, 265, 266, 286, 302, 317, 336, 354, 379, 388, 389, 425, 454, 458, 463, 475, 487, 498, 499, 512, 530, 531, 532, 533, 534, 536, 573, 589, 596, 598, 601, 605, 617, 620, 624, 646, 653, 658, 660, 662, 668, 689, 694, 702, 724, 725, 745, 760, 775, 793, 809, 829, 838, 839, 877, 901, 903, 905, 910, 923]","[1, 13, 14, 29, 54, 55, 56, 57, 58, 60, 102, 118, 125, 127, 130, 134, 146, 149, 153, 175, 182, 187, 189, 191, 197, 225, 230, 238, 264, 265, 266, 286, 302, 317, 336, 379, 388, 389, 425, 454, 458, 463, 475, 487, 498, 499, 512, 530, 531, 532, 533, 534, 536, 573, 589, 596, 598, 601, 605, 617, 620, 624, 646, 653, 658, 660, 662, 668, 689, 694, 702, 724, 725, 745, 760, 775, 793, 829, 838, 839, 877, 901, 903, 905, 910, 923]",7/6 successful match,False,,False,278,False,,1.0,True,Rasor Road Services,
Baker ( 92309 ) Rasor Road Services W ( Shell ) ),760-733-4347 I-15 Exit 233 ( Rasor Rd ),24 M <U+25A1> O,Baker,92309,Rasor Road Services W ( Shell ) ),760-733-4347,2015,Baker,CA,Shell,( Rasor Rd ),I-15 Exit 233 ,Exit,233,False,,False,I-15,,,,,[],"[125, 265, 317, 596, 725, 775]","[125, 265, 317, 596, 725, 775]","[265, 458, 725, 905]","[103, 104, 105, 106, 107, 108, 109, 110, 111, 112, 113, 114, 115, 116, 117, 118, 119, 120, 121, 122, 123, 124, 125, 126, 127, 128, 129, 130, 131, 132, 133, 134, 135, 136, 137, 138, 139, 140, 141, 142, 143, 144, 145, 146, 147, 148, 149, 150, 151, 152, 153, 154, 155, 156, 157, 158, 159, 160, 161, 162, 163, 164, 165, 166, 167, 168, 169, 170, 171, 172, 173, 174, 175, 176, 177, 178, 179, 180, 181, 182, 183, 184, 185, 186, 187, 188, 189, 190, 191, 192, 193, 194, 195, 196, 197, 198, 199, 200, 201, 202, 203, 204, 205, 206, 207, 208, 209, 210, 211, 212, 213, 214, 215, 216, 217, 218, 219, 220, 221, 222, 223, 224, 225, 226, 227, 228, 229, 230, 231, 232, 233, 234, 235, 236, 237, 238, 239, 240, 241, 242, 243, 244, 245, 246, 247, 248, 249, 250, 251, 252, 253, 254, 255, 256, 257, 258, 259, 260, 261, 262, 263, 264, 265, 266, 267, 268, 269, 270, 271, 272, 273, 274, 275, 276, 277, 278, 279, 280, 281, 282, 283, 284, 285, 286, 287, 288, 289, 290, 291, 292, 293, 294, 295, 296, 297, 298, 299, 300, 301, 302, 303, 304, 305, 306, 307, 308, 309, 310, 311, 312, 313, 314, 315, 316, 317, 318, 319, 320, 321, 322, 323, 324, 325, 326, 327, 328, 329, 330, 331, 332, 333, 334, 335, 336, 337, 574, 575, 576, 577, 578, 579, 580, 581, 582, 583, 584, 585, 586, 587, 588, 589, 590, 591, 592, 593, 594, 595, 596, 597, 598, 599, 600, 601, 602, 603, 604, 605, 606, 607, 608, 609, 610, 611, 612, 613, 614, 615, 616, 617, 618, 619, 620, 621, 622, 623, 624, 625, 626, 627, 628, 629, 630, 631, 632, 633, 634, 635, 636, 637, 638, 639, 640, 641, 642, 643, 644, 645, 646, 647, 648, 649, 650, 651, 652, 653, 654, 655, 656, 657, 658, 659, 660, 661, 662, 663, 664, 665, 666, 667, 668, 669, 670, 671, 672, 673, 674, 675, 676, 677, 678, 679, 680, 681, 682, 683, 684, 685, 686, 687, 688, 689, 690, 691, 692, 693, 694, 695, 696, 697, 698, 699, 700, 701, 702, 703, 704, 705, 706, 707, 708, 709, 710, 711, 712, 713, 714, 715, 716, 717, 718, 719, 720, 721, 722, 723, 724, 725, 726, 727, 728, 729, 730, 731, 732, 733, 734, 735, 736, 737, 738, 739, 740, 741, 742, 743, 744, 745, 746, 747, 748, 749, 750, 751, 752, 753, 754, 755, 756, 757, 758, 759, 760, 761, 762, 763, 764, 765, 766, 767, 768, 769, 770, 771, 772, 773, 774, 775, 776, 777, 778, 779, 780, 781, 782, 783, 784, 785, 786, 787, 788, 789, 790, 791, 792, 793]","[16, 125, 156, 163, 168, 184, 205, 222, 229, 253, 258, 265, 313, 317, 336, 340, 341, 356, 363, 365, 366, 367, 370, 375, 388, 391, 394, 396, 402, 410, 411, 412, 413, 415, 416, 417, 418, 419, 425, 429, 431, 433, 435, 437, 440, 441, 442, 443, 451, 452, 456, 457, 458, 460, 461, 464, 471, 473, 474, 475, 481, 482, 501, 596, 628, 635, 655, 675, 693, 716, 720, 725, 771, 775, 793, 796, 797, 811, 817, 818, 820, 825, 838, 841, 844, 846, 851, 857, 861, 862, 863, 864, 866, 867, 868, 870, 871, 877, 881, 883, 885, 888, 891, 892, 893, 898, 899, 904, 905, 907, 908, 911, 918, 920, 921, 922, 923, 924, 926, 931, 933]","[1, 13, 14, 29, 54, 55, 56, 57, 58, 60, 102, 118, 125, 127, 130, 134, 146, 149, 153, 175, 182, 187, 189, 191, 197, 225, 230, 238, 264, 265, 266, 286, 302, 317, 336, 379, 388, 389, 425, 454, 458, 463, 475, 487, 498, 499, 512, 530, 531, 532, 533, 534, 536, 573, 589, 596, 598, 601, 605, 617, 620, 624, 646, 653, 658, 660, 662, 668, 689, 694, 702, 724, 725, 745, 760, 775, 793, 829, 838, 839, 877, 901, 903, 905, 910, 923]","[1, 13, 14, 29, 54, 55, 56, 57, 58, 60, 102, 118, 125, 127, 130, 134, 146, 149, 153, 175, 182, 187, 189, 191, 197, 225, 230, 238, 264, 265, 266, 286, 302, 317, 336, 354, 379, 388, 389, 425, 454, 458, 463, 475, 487, 498, 499, 512, 530, 531, 532, 533, 534, 536, 573, 589, 596, 598, 601, 605, 617, 620, 624, 646, 653, 658, 660, 662, 668, 689, 694, 702, 724, 725, 745, 760, 775, 793, 809, 829, 838, 839, 877, 901, 903, 905, 910, 923]","[1, 13, 14, 16, 29, 54, 55, 56, 57, 58, 60, 102, 103, 104, 105, 106, 107, 108, 109, 110, 111, 112, 113, 114, 115, 116, 117, 118, 119, 120, 121, 122, 123, 124, 125, 126, 127, 128, 129, 130, 131, 132, 133, 134, 135, 136, 137, 138, 139, 140, 141, 142, 143, 144, 145, 146, 147, 148, 149, 150, 151, 152, 153, 154, 155, 156, 157, 158, 159, 160, 161, 162, 163, 164, 165, 166, 167, 168, 169, 170, 171, 172, 173, 174, 175, 176, 177, 178, 179, 180, 181, 182, 183, 184, 185, 186, 187, 188, 189, 190, 191, 192, 193, 194, 195, 196, 197, 198, 199, 200, 201, 202, 203, 204, 205, 206, 207, 208, 209, 210, 211, 212, 213, 214, 215, 216, 217, 218, 219, 220, 221, 222, 223, 224, 225, 226, 227, 228, 229, 230, 231, 232, 233, 234, 235, 236, 237, 238, 239, 240, 241, 242, 243, 244, 245, 246, 247, 248, 249, 250, 251, 252, 253, 254, 255, 256, 257, 258, 259, 260, 261, 262, 263, 264, 265, 266, 267, 268, 269, 270, 271, 272, 273, 274, 275, 276, 277, 278, 279, 280, 281, 282, 283, 284, 285, 286, 287, 288, 289, 290, 291, 292, 293, 294, 295, 296, 297, 298, 299, 300, 301, 302, 303, 304, 305, 306, 307, 308, 309, 310, 311, 312, 313, 314, 315, 316, 317, 318, 319, 320, 321, 322, 323, 324, 325, 326, 327, 328, 329, 330, 331, 332, 333, 334, 335, 336, 337, 340, 341, 354, 356, 363, 365, 366, 367, 370, 375, 379, 388, 389, 391, 394, 396, 402, 410, 411, 412, 413, 415, 416, 417, 418, 419, 425, 429, 431, 433, 435, 437, 440, 441, 442, 443, 451, 452, 454, 456, 457, 458, 460, 461, 463, 464, 471, 473, 474, 475, 481, 482, 487, 498, 499, 501, 512, 530, 531, 532, 533, 534, 536, 573, 574, 575, 576, 577, 578, 579, 580, 581, 582, 583, 584, 585, 586, 587, 588, 589, 590, 591, 592, 593, 594, 595, 596, 597, 598, 599, 600, 601, 602, 603, 604, 605, 606, 607, 608, 609, 610, 611, 612, 613, 614, 615, 616, 617, 618, 619, 620, 621, 622, 623, 624, 625, 626, 627, 628, 629, 630, 631, 632, 633, 634, 635, 636, 637, 638, 639, 640, 641, 642, 643, 644, 645, 646, 647, 648, 649, 650, 651, 652, 653, 654, 655, 656, 657, 658, 659, 660, 661, 662, 663, 664, 665, 666, 667, 668, 669, 670, 671, 672, 673, 674, 675, 676, 677, 678, 679, 680, 681, 682, 683, 684, 685, 686, 687, 688, 689, 690, 691, 692, 693, 694, 695, 696, 697, 698, 699, 700, 701, 702, 703, 704, 705, 706, 707, 708, 709, 710, 711, 712, 713, 714, 715, 716, 717, 718, 719, 720, 721, 722, 723, 724, 725, 726, 727, 728, 729, 730, 731, 732, 733, 734, 735, 736, 737, 738, 739, 740, 741, 742, 743, 744, 745, 746, 747, 748, 749, 750, 751, 752, 753, 754, 755, 756, 757, 758, 759, 760, 761, 762, 763, 764, 765, 766, 767, 768, 769, 770, 771, 772, 773, 774, 775, 776, 777, 778, 779, 780, 781, 782, 783, 784, 785, 786, 787, 788, 789, 790, 791, 792, 793, 796, 797, 809, 811, 817, 818, 820, 825, 829, 838, 839, 841, 844, 846, 851, 857, 861, 862, 863, 864, 866, 867, 868, 870, 871, 877, 881, 883, 885, 888, 891, 892, 893, 898, 899, 901, 903, 904, 905, 907, 908, 910, 911, 918, 920, 921, 922, 923, 924, 926, 931, 933]",False,"[125, 265, 317, 596, 725, 775]","[103, 104, 105, 106, 107, 108, 109, 110, 111, 112, 113, 114, 115, 116, 117, 118, 119, 120, 121, 122, 123, 124, 125, 126, 127, 128, 129, 130, 131, 132, 133, 134, 135, 136, 137, 138, 139, 140, 141, 142, 143, 144, 145, 146, 147, 148, 149, 150, 151, 152, 153, 154, 155, 156, 157, 158, 159, 160, 161, 162, 163, 164, 165, 166, 167, 168, 169, 170, 171, 172, 173, 174, 175, 176, 177, 178, 179, 180, 181, 182, 183, 184, 185, 186, 187, 188, 189, 190, 191, 192, 193, 194, 195, 196, 197, 198, 199, 200, 201, 202, 203, 204, 205, 206, 207, 208, 209, 210, 211, 212, 213, 214, 215, 216, 217, 218, 219, 220, 221, 222, 223, 224, 225, 226, 227, 228, 229, 230, 231, 232, 233, 234, 235, 236, 237, 238, 239, 240, 241, 242, 243, 244, 245, 246, 247, 248, 249, 250, 251, 252, 253, 254, 255, 256, 257, 258, 259, 260, 261, 262, 263, 264, 265, 266, 267, 268, 269, 270, 271, 272, 273, 274, 275, 276, 277, 278, 279, 280, 281, 282, 283, 284, 285, 286, 287, 288, 289, 290, 291, 292, 293, 294, 295, 296, 297, 298, 299, 300, 301, 302, 303, 304, 305, 306, 307, 308, 309, 310, 311, 312, 313, 314, 315, 316, 317, 318, 319, 320, 321, 322, 323, 324, 325, 326, 327, 328, 329, 330, 331, 332, 333, 334, 335, 336, 337, 574, 575, 576, 577, 578, 579, 580, 581, 582, 583, 584, 585, 586, 587, 588, 589, 590, 591, 592, 593, 594, 595, 596, 597, 598, 599, 600, 601, 602, 603, 604, 605, 606, 607, 608, 609, 610, 611, 612, 613, 614, 615, 616, 617, 618, 619, 620, 621, 622, 623, 624, 625, 626, 627, 628, 629, 630, 631, 632, 633, 634, 635, 636, 637, 638, 639, 640, 641, 642, 643, 644, 645, 646, 647, 648, 649, 650, 651, 652, 653, 654, 655, 656, 657, 658, 659, 660, 661, 662, 663, 664, 665, 666, 667, 668, 669, 670, 671, 672, 673, 674, 675, 676, 677, 678, 679, 680, 681, 682, 683, 684, 685, 686, 687, 688, 689, 690, 691, 692, 693, 694, 695, 696, 697, 698, 699, 700, 701, 702, 703, 704, 705, 706, 707, 708, 709, 710, 711, 712, 713, 714, 715, 716, 717, 718, 719, 720, 721, 722, 723, 724, 725, 726, 727, 728, 729, 730, 731, 732, 733, 734, 735, 736, 737, 738, 739, 740, 741, 742, 743, 744, 745, 746, 747, 748, 749, 750, 751, 752, 753, 754, 755, 756, 757, 758, 759, 760, 761, 762, 763, 764, 765, 766, 767, 768, 769, 770, 771, 772, 773, 774, 775, 776, 777, 778, 779, 780, 781, 782, 783, 784, 785, 786, 787, 788, 789, 790, 791, 792, 793]","[125, 265, 317, 596, 725, 775]","[265, 458, 725, 905]","[16, 125, 156, 163, 168, 184, 205, 222, 229, 253, 258, 265, 313, 317, 336, 340, 341, 356, 363, 365, 366, 367, 370, 375, 388, 391, 394, 396, 402, 410, 411, 412, 413, 415, 416, 417, 418, 419, 425, 429, 431, 433, 435, 437, 440, 441, 442, 443, 451, 452, 456, 457, 458, 460, 461, 464, 471, 473, 474, 475, 481, 482, 501, 596, 628, 635, 655, 675, 693, 716, 720, 725, 771, 775, 793, 796, 797, 811, 817, 818, 820, 825, 838, 841, 844, 846, 851, 857, 861, 862, 863, 864, 866, 867, 868, 870, 871, 877, 881, 883, 885, 888, 891, 892, 893, 898, 899, 904, 905, 907, 908, 911, 918, 920, 921, 922, 923, 924, 926, 931, 933]","[1, 13, 14, 29, 54, 55, 56, 57, 58, 60, 102, 118, 125, 127, 130, 134, 146, 149, 153, 175, 182, 187, 189, 191, 197, 225, 230, 238, 264, 265, 266, 286, 302, 317, 336, 354, 379, 388, 389, 425, 454, 458, 463, 475, 487, 498, 499, 512, 530, 531, 532, 533, 534, 536, 573, 589, 596, 598, 601, 605, 617, 620, 624, 646, 653, 658, 660, 662, 668, 689, 694, 702, 724, 725, 745, 760, 775, 793, 809, 829, 838, 839, 877, 901, 903, 905, 910, 923]","[1, 13, 14, 29, 54, 55, 56, 57, 58, 60, 102, 118, 125, 127, 130, 134, 146, 149, 153, 175, 182, 187, 189, 191, 197, 225, 230, 238, 264, 265, 266, 286, 302, 317, 336, 379, 388, 389, 425, 454, 458, 463, 475, 487, 498, 499, 512, 530, 531, 532, 533, 534, 536, 573, 589, 596, 598, 601, 605, 617, 620, 624, 646, 653, 658, 660, 662, 668, 689, 694, 702, 724, 725, 745, 760, 775, 793, 829, 838, 839, 877, 901, 903, 905, 910, 923]",7/6 successful match,False,,False,278,False,,1.0,True,Rasor Road Services ( Shell ),Shell
Baker ( 92309 ) Rasor Road Services ( Shell ),760-733-4347 I-15 Exit 233 ( Rasor Rd ),124 M 13 <U+2610> <U+2610>,Baker,92309,Rasor Road Services ( Shell ),760-733-4347,2016,Baker,CA,Shell,( Rasor Rd ),I-15 Exit 233 ,Exit,233,False,,False,I-15,,,,,[],"[125, 265, 317, 596, 725, 775]","[125, 265, 317, 596, 725, 775]","[265, 458, 725, 905]","[103, 104, 105, 106, 107, 108, 109, 110, 111, 112, 113, 114, 115, 116, 117, 118, 119, 120, 121, 122, 123, 124, 125, 126, 127, 128, 129, 130, 131, 132, 133, 134, 135, 136, 137, 138, 139, 140, 141, 142, 143, 144, 145, 146, 147, 148, 149, 150, 151, 152, 153, 154, 155, 156, 157, 158, 159, 160, 161, 162, 163, 164, 165, 166, 167, 168, 169, 170, 171, 172, 173, 174, 175, 176, 177, 178, 179, 180, 181, 182, 183, 184, 185, 186, 187, 188, 189, 190, 191, 192, 193, 194, 195, 196, 197, 198, 199, 200, 201, 202, 203, 204, 205, 206, 207, 208, 209, 210, 211, 212, 213, 214, 215, 216, 217, 218, 219, 220, 221, 222, 223, 224, 225, 226, 227, 228, 229, 230, 231, 232, 233, 234, 235, 236, 237, 238, 239, 240, 241, 242, 243, 244, 245, 246, 247, 248, 249, 250, 251, 252, 253, 254, 255, 256, 257, 258, 259, 260, 261, 262, 263, 264, 265, 266, 267, 268, 269, 270, 271, 272, 273, 274, 275, 276, 277, 278, 279, 280, 281, 282, 283, 284, 285, 286, 287, 288, 289, 290, 291, 292, 293, 294, 295, 296, 297, 298, 299, 300, 301, 302, 303, 304, 305, 306, 307, 308, 309, 310, 311, 312, 313, 314, 315, 316, 317, 318, 319, 320, 321, 322, 323, 324, 325, 326, 327, 328, 329, 330, 331, 332, 333, 334, 335, 336, 337, 574, 575, 576, 577, 578, 579, 580, 581, 582, 583, 584, 585, 586, 587, 588, 589, 590, 591, 592, 593, 594, 595, 596, 597, 598, 599, 600, 601, 602, 603, 604, 605, 606, 607, 608, 609, 610, 611, 612, 613, 614, 615, 616, 617, 618, 619, 620, 621, 622, 623, 624, 625, 626, 627, 628, 629, 630, 631, 632, 633, 634, 635, 636, 637, 638, 639, 640, 641, 642, 643, 644, 645, 646, 647, 648, 649, 650, 651, 652, 653, 654, 655, 656, 657, 658, 659, 660, 661, 662, 663, 664, 665, 666, 667, 668, 669, 670, 671, 672, 673, 674, 675, 676, 677, 678, 679, 680, 681, 682, 683, 684, 685, 686, 687, 688, 689, 690, 691, 692, 693, 694, 695, 696, 697, 698, 699, 700, 701, 702, 703, 704, 705, 706, 707, 708, 709, 710, 711, 712, 713, 714, 715, 716, 717, 718, 719, 720, 721, 722, 723, 724, 725, 726, 727, 728, 729, 730, 731, 732, 733, 734, 735, 736, 737, 738, 739, 740, 741, 742, 743, 744, 745, 746, 747, 748, 749, 750, 751, 752, 753, 754, 755, 756, 757, 758, 759, 760, 761, 762, 763, 764, 765, 766, 767, 768, 769, 770, 771, 772, 773, 774, 775, 776, 777, 778, 779, 780, 781, 782, 783, 784, 785, 786, 787, 788, 789, 790, 791, 792, 793]","[16, 125, 156, 163, 168, 184, 205, 222, 229, 253, 258, 265, 313, 317, 336, 340, 341, 356, 363, 365, 366, 367, 370, 375, 388, 391, 394, 396, 402, 410, 411, 412, 413, 415, 416, 417, 418, 419, 425, 429, 431, 433, 435, 437, 440, 441, 442, 443, 451, 452, 456, 457, 458, 460, 461, 464, 471, 473, 474, 475, 481, 482, 501, 596, 628, 635, 655, 675, 693, 716, 720, 725, 771, 775, 793, 796, 797, 811, 817, 818, 820, 825, 838, 841, 844, 846, 851, 857, 861, 862, 863, 864, 866, 867, 868, 870, 871, 877, 881, 883, 885, 888, 891, 892, 893, 898, 899, 904, 905, 907, 908, 911, 918, 920, 921, 922, 923, 924, 926, 931, 933]","[1, 13, 14, 29, 54, 55, 56, 57, 58, 60, 102, 118, 125, 127, 130, 134, 146, 149, 153, 175, 182, 187, 189, 191, 197, 225, 230, 238, 264, 265, 266, 286, 302, 317, 336, 379, 388, 389, 425, 454, 458, 463, 475, 487, 498, 499, 512, 530, 531, 532, 533, 534, 536, 573, 589, 596, 598, 601, 605, 617, 620, 624, 646, 653, 658, 660, 662, 668, 689, 694, 702, 724, 725, 745, 760, 775, 793, 829, 838, 839, 877, 901, 903, 905, 910, 923]","[1, 13, 14, 29, 54, 55, 56, 57, 58, 60, 102, 118, 125, 127, 130, 134, 146, 149, 153, 175, 182, 187, 189, 191, 197, 225, 230, 238, 264, 265, 266, 286, 302, 317, 336, 354, 379, 388, 389, 425, 454, 458, 463, 475, 487, 498, 499, 512, 530, 531, 532, 533, 534, 536, 573, 589, 596, 598, 601, 605, 617, 620, 624, 646, 653, 658, 660, 662, 668, 689, 694, 702, 724, 725, 745, 760, 775, 793, 809, 829, 838, 839, 877, 901, 903, 905, 910, 923]","[1, 13, 14, 16, 29, 54, 55, 56, 57, 58, 60, 102, 103, 104, 105, 106, 107, 108, 109, 110, 111, 112, 113, 114, 115, 116, 117, 118, 119, 120, 121, 122, 123, 124, 125, 126, 127, 128, 129, 130, 131, 132, 133, 134, 135, 136, 137, 138, 139, 140, 141, 142, 143, 144, 145, 146, 147, 148, 149, 150, 151, 152, 153, 154, 155, 156, 157, 158, 159, 160, 161, 162, 163, 164, 165, 166, 167, 168, 169, 170, 171, 172, 173, 174, 175, 176, 177, 178, 179, 180, 181, 182, 183, 184, 185, 186, 187, 188, 189, 190, 191, 192, 193, 194, 195, 196, 197, 198, 199, 200, 201, 202, 203, 204, 205, 206, 207, 208, 209, 210, 211, 212, 213, 214, 215, 216, 217, 218, 219, 220, 221, 222, 223, 224, 225, 226, 227, 228, 229, 230, 231, 232, 233, 234, 235, 236, 237, 238, 239, 240, 241, 242, 243, 244, 245, 246, 247, 248, 249, 250, 251, 252, 253, 254, 255, 256, 257, 258, 259, 260, 261, 262, 263, 264, 265, 266, 267, 268, 269, 270, 271, 272, 273, 274, 275, 276, 277, 278, 279, 280, 281, 282, 283, 284, 285, 286, 287, 288, 289, 290, 291, 292, 293, 294, 295, 296, 297, 298, 299, 300, 301, 302, 303, 304, 305, 306, 307, 308, 309, 310, 311, 312, 313, 314, 315, 316, 317, 318, 319, 320, 321, 322, 323, 324, 325, 326, 327, 328, 329, 330, 331, 332, 333, 334, 335, 336, 337, 340, 341, 354, 356, 363, 365, 366, 367, 370, 375, 379, 388, 389, 391, 394, 396, 402, 410, 411, 412, 413, 415, 416, 417, 418, 419, 425, 429, 431, 433, 435, 437, 440, 441, 442, 443, 451, 452, 454, 456, 457, 458, 460, 461, 463, 464, 471, 473, 474, 475, 481, 482, 487, 498, 499, 501, 512, 530, 531, 532, 533, 534, 536, 573, 574, 575, 576, 577, 578, 579, 580, 581, 582, 583, 584, 585, 586, 587, 588, 589, 590, 591, 592, 593, 594, 595, 596, 597, 598, 599, 600, 601, 602, 603, 604, 605, 606, 607, 608, 609, 610, 611, 612, 613, 614, 615, 616, 617, 618, 619, 620, 621, 622, 623, 624, 625, 626, 627, 628, 629, 630, 631, 632, 633, 634, 635, 636, 637, 638, 639, 640, 641, 642, 643, 644, 645, 646, 647, 648, 649, 650, 651, 652, 653, 654, 655, 656, 657, 658, 659, 660, 661, 662, 663, 664, 665, 666, 667, 668, 669, 670, 671, 672, 673, 674, 675, 676, 677, 678, 679, 680, 681, 682, 683, 684, 685, 686, 687, 688, 689, 690, 691, 692, 693, 694, 695, 696, 697, 698, 699, 700, 701, 702, 703, 704, 705, 706, 707, 708, 709, 710, 711, 712, 713, 714, 715, 716, 717, 718, 719, 720, 721, 722, 723, 724, 725, 726, 727, 728, 729, 730, 731, 732, 733, 734, 735, 736, 737, 738, 739, 740, 741, 742, 743, 744, 745, 746, 747, 748, 749, 750, 751, 752, 753, 754, 755, 756, 757, 758, 759, 760, 761, 762, 763, 764, 765, 766, 767, 768, 769, 770, 771, 772, 773, 774, 775, 776, 777, 778, 779, 780, 781, 782, 783, 784, 785, 786, 787, 788, 789, 790, 791, 792, 793, 796, 797, 809, 811, 817, 818, 820, 825, 829, 838, 839, 841, 844, 846, 851, 857, 861, 862, 863, 864, 866, 867, 868, 870, 871, 877, 881, 883, 885, 888, 891, 892, 893, 898, 899, 901, 903, 904, 905, 907, 908, 910, 911, 918, 920, 921, 922, 923, 924, 926, 931, 933]",False,"[125, 265, 317, 596, 725, 775]","[103, 104, 105, 106, 107, 108, 109, 110, 111, 112, 113, 114, 115, 116, 117, 118, 119, 120, 121, 122, 123, 124, 125, 126, 127, 128, 129, 130, 131, 132, 133, 134, 135, 136, 137, 138, 139, 140, 141, 142, 143, 144, 145, 146, 147, 148, 149, 150, 151, 152, 153, 154, 155, 156, 157, 158, 159, 160, 161, 162, 163, 164, 165, 166, 167, 168, 169, 170, 171, 172, 173, 174, 175, 176, 177, 178, 179, 180, 181, 182, 183, 184, 185, 186, 187, 188, 189, 190, 191, 192, 193, 194, 195, 196, 197, 198, 199, 200, 201, 202, 203, 204, 205, 206, 207, 208, 209, 210, 211, 212, 213, 214, 215, 216, 217, 218, 219, 220, 221, 222, 223, 224, 225, 226, 227, 228, 229, 230, 231, 232, 233, 234, 235, 236, 237, 238, 239, 240, 241, 242, 243, 244, 245, 246, 247, 248, 249, 250, 251, 252, 253, 254, 255, 256, 257, 258, 259, 260, 261, 262, 263, 264, 265, 266, 267, 268, 269, 270, 271, 272, 273, 274, 275, 276, 277, 278, 279, 280, 281, 282, 283, 284, 285, 286, 287, 288, 289, 290, 291, 292, 293, 294, 295, 296, 297, 298, 299, 300, 301, 302, 303, 304, 305, 306, 307, 308, 309, 310, 311, 312, 313, 314, 315, 316, 317, 318, 319, 320, 321, 322, 323, 324, 325, 326, 327, 328, 329, 330, 331, 332, 333, 334, 335, 336, 337, 574, 575, 576, 577, 578, 579, 580, 581, 582, 583, 584, 585, 586, 587, 588, 589, 590, 591, 592, 593, 594, 595, 596, 597, 598, 599, 600, 601, 602, 603, 604, 605, 606, 607, 608, 609, 610, 611, 612, 613, 614, 615, 616, 617, 618, 619, 620, 621, 622, 623, 624, 625, 626, 627, 628, 629, 630, 631, 632, 633, 634, 635, 636, 637, 638, 639, 640, 641, 642, 643, 644, 645, 646, 647, 648, 649, 650, 651, 652, 653, 654, 655, 656, 657, 658, 659, 660, 661, 662, 663, 664, 665, 666, 667, 668, 669, 670, 671, 672, 673, 674, 675, 676, 677, 678, 679, 680, 681, 682, 683, 684, 685, 686, 687, 688, 689, 690, 691, 692, 693, 694, 695, 696, 697, 698, 699, 700, 701, 702, 703, 704, 705, 706, 707, 708, 709, 710, 711, 712, 713, 714, 715, 716, 717, 718, 719, 720, 721, 722, 723, 724, 725, 726, 727, 728, 729, 730, 731, 732, 733, 734, 735, 736, 737, 738, 739, 740, 741, 742, 743, 744, 745, 746, 747, 748, 749, 750, 751, 752, 753, 754, 755, 756, 757, 758, 759, 760, 761, 762, 763, 764, 765, 766, 767, 768, 769, 770, 771, 772, 773, 774, 775, 776, 777, 778, 779, 780, 781, 782, 783, 784, 785, 786, 787, 788, 789, 790, 791, 792, 793]","[125, 265, 317, 596, 725, 775]","[265, 458, 725, 905]","[16, 125, 156, 163, 168, 184, 205, 222, 229, 253, 258, 265, 313, 317, 336, 340, 341, 356, 363, 365, 366, 367, 370, 375, 388, 391, 394, 396, 402, 410, 411, 412, 413, 415, 416, 417, 418, 419, 425, 429, 431, 433, 435, 437, 440, 441, 442, 443, 451, 452, 456, 457, 458, 460, 461, 464, 471, 473, 474, 475, 481, 482, 501, 596, 628, 635, 655, 675, 693, 716, 720, 725, 771, 775, 793, 796, 797, 811, 817, 818, 820, 825, 838, 841, 844, 846, 851, 857, 861, 862, 863, 864, 866, 867, 868, 870, 871, 877, 881, 883, 885, 888, 891, 892, 893, 898, 899, 904, 905, 907, 908, 911, 918, 920, 921, 922, 923, 924, 926, 931, 933]","[1, 13, 14, 29, 54, 55, 56, 57, 58, 60, 102, 118, 125, 127, 130, 134, 146, 149, 153, 175, 182, 187, 189, 191, 197, 225, 230, 238, 264, 265, 266, 286, 302, 317, 336, 354, 379, 388, 389, 425, 454, 458, 463, 475, 487, 498, 499, 512, 530, 531, 532, 533, 534, 536, 573, 589, 596, 598, 601, 605, 617, 620, 624, 646, 653, 658, 660, 662, 668, 689, 694, 702, 724, 725, 745, 760, 775, 793, 809, 829, 838, 839, 877, 901, 903, 905, 910, 923]","[1, 13, 14, 29, 54, 55, 56, 57, 58, 60, 102, 118, 125, 127, 130, 134, 146, 149, 153, 175, 182, 187, 189, 191, 197, 225, 230, 238, 264, 265, 266, 286, 302, 317, 336, 379, 388, 389, 425, 454, 458, 463, 475, 487, 498, 499, 512, 530, 531, 532, 533, 534, 536, 573, 589, 596, 598, 601, 605, 617, 620, 624, 646, 653, 658, 660, 662, 668, 689, 694, 702, 724, 725, 745, 760, 775, 793, 829, 838, 839, 877, 901, 903, 905, 910, 923]",7/6 successful match,False,,False,278,False,,1.0,True,Rasor Road Services W ( Shell ) ),Shell
"Baker , 92309 Bandit Valero",760-733-4542 I-15 Exit 245 ( Baker Blvd N ),,Baker,92309,Bandit Valero,760-733-4542,2006,Baker,CA,Valero,( Baker Blvd N ),I-15 Exit 245 ,Exit,245,False,,False,I-15,,,,,"[317, 775]","[125, 265, 317, 596, 725, 775]","[125, 265, 317, 596, 725, 775]",[],"[103, 104, 105, 106, 107, 108, 109, 110, 111, 112, 113, 114, 115, 116, 117, 118, 119, 120, 121, 122, 123, 124, 125, 126, 127, 128, 129, 130, 131, 132, 133, 134, 135, 136, 137, 138, 139, 140, 141, 142, 143, 144, 145, 146, 147, 148, 149, 150, 151, 152, 153, 154, 155, 156, 157, 158, 159, 160, 161, 162, 163, 164, 165, 166, 167, 168, 169, 170, 171, 172, 173, 174, 175, 176, 177, 178, 179, 180, 181, 182, 183, 184, 185, 186, 187, 188, 189, 190, 191, 192, 193, 194, 195, 196, 197, 198, 199, 200, 201, 202, 203, 204, 205, 206, 207, 208, 209, 210, 211, 212, 213, 214, 215, 216, 217, 218, 219, 220, 221, 222, 223, 224, 225, 226, 227, 228, 229, 230, 231, 232, 233, 234, 235, 236, 237, 238, 239, 240, 241, 242, 243, 244, 245, 246, 247, 248, 249, 250, 251, 252, 253, 254, 255, 256, 257, 258, 259, 260, 261, 262, 263, 264, 265, 266, 267, 268, 269, 270, 271, 272, 273, 274, 275, 276, 277, 278, 279, 280, 281, 282, 283, 284, 285, 286, 287, 288, 289, 290, 291, 292, 293, 294, 295, 296, 297, 298, 299, 300, 301, 302, 303, 304, 305, 306, 307, 308, 309, 310, 311, 312, 313, 314, 315, 316, 317, 318, 319, 320, 321, 322, 323, 324, 325, 326, 327, 328, 329, 330, 331, 332, 333, 334, 335, 336, 337, 574, 575, 576, 577, 578, 579, 580, 581, 582, 583, 584, 585, 586, 587, 588, 589, 590, 591, 592, 593, 594, 595, 596, 597, 598, 599, 600, 601, 602, 603, 604, 605, 606, 607, 608, 609, 610, 611, 612, 613, 614, 615, 616, 617, 618, 619, 620, 621, 622, 623, 624, 625, 626, 627, 628, 629, 630, 631, 632, 633, 634, 635, 636, 637, 638, 639, 640, 641, 642, 643, 644, 645, 646, 647, 648, 649, 650, 651, 652, 653, 654, 655, 656, 657, 658, 659, 660, 661, 662, 663, 664, 665, 666, 667, 668, 669, 670, 671, 672, 673, 674, 675, 676, 677, 678, 679, 680, 681, 682, 683, 684, 685, 686, 687, 688, 689, 690, 691, 692, 693, 694, 695, 696, 697, 698, 699, 700, 701, 702, 703, 704, 705, 706, 707, 708, 709, 710, 711, 712, 713, 714, 715, 716, 717, 718, 719, 720, 721, 722, 723, 724, 725, 726, 727, 728, 729, 730, 731, 732, 733, 734, 735, 736, 737, 738, 739, 740, 741, 742, 743, 744, 745, 746, 747, 748, 749, 750, 751, 752, 753, 754, 755, 756, 757, 758, 759, 760, 761, 762, 763, 764, 765, 766, 767, 768, 769, 770, 771, 772, 773, 774, 775, 776, 777, 778, 779, 780, 781, 782, 783, 784, 785, 786, 787, 788, 789, 790, 791, 792, 793]","[16, 125, 156, 163, 168, 184, 205, 222, 229, 253, 258, 265, 313, 317, 336, 340, 341, 356, 363, 365, 366, 367, 370, 375, 388, 391, 394, 396, 402, 410, 411, 412, 413, 415, 416, 417, 418, 419, 425, 429, 431, 433, 435, 437, 440, 441, 442, 443, 451, 452, 456, 457, 458, 460, 461, 464, 471, 473, 474, 475, 481, 482, 501, 596, 628, 635, 655, 675, 693, 716, 720, 725, 771, 775, 793, 796, 797, 811, 817, 818, 820, 825, 838, 841, 844, 846, 851, 857, 861, 862, 863, 864, 866, 867, 868, 870, 871, 877, 881, 883, 885, 888, 891, 892, 893, 898, 899, 904, 905, 907, 908, 911, 918, 920, 921, 922, 923, 924, 926, 931, 933]","[2, 9, 10, 82, 111, 112, 113, 199, 279, 284, 285, 300, 488, 494, 495, 553, 581, 582, 583, 670, 738, 743, 744, 759, 818]","[2, 9, 10, 82, 111, 112, 113, 199, 279, 284, 285, 300, 488, 494, 495, 553, 581, 582, 583, 670, 738, 743, 744, 759, 818]","[2, 9, 10, 16, 82, 103, 104, 105, 106, 107, 108, 109, 110, 111, 112, 113, 114, 115, 116, 117, 118, 119, 120, 121, 122, 123, 124, 125, 126, 127, 128, 129, 130, 131, 132, 133, 134, 135, 136, 137, 138, 139, 140, 141, 142, 143, 144, 145, 146, 147, 148, 149, 150, 151, 152, 153, 154, 155, 156, 157, 158, 159, 160, 161, 162, 163, 164, 165, 166, 167, 168, 169, 170, 171, 172, 173, 174, 175, 176, 177, 178, 179, 180, 181, 182, 183, 184, 185, 186, 187, 188, 189, 190, 191, 192, 193, 194, 195, 196, 197, 198, 199, 200, 201, 202, 203, 204, 205, 206, 207, 208, 209, 210, 211, 212, 213, 214, 215, 216, 217, 218, 219, 220, 221, 222, 223, 224, 225, 226, 227, 228, 229, 230, 231, 232, 233, 234, 235, 236, 237, 238, 239, 240, 241, 242, 243, 244, 245, 246, 247, 248, 249, 250, 251, 252, 253, 254, 255, 256, 257, 258, 259, 260, 261, 262, 263, 264, 265, 266, 267, 268, 269, 270, 271, 272, 273, 274, 275, 276, 277, 278, 279, 280, 281, 282, 283, 284, 285, 286, 287, 288, 289, 290, 291, 292, 293, 294, 295, 296, 297, 298, 299, 300, 301, 302, 303, 304, 305, 306, 307, 308, 309, 310, 311, 312, 313, 314, 315, 316, 317, 318, 319, 320, 321, 322, 323, 324, 325, 326, 327, 328, 329, 330, 331, 332, 333, 334, 335, 336, 337, 340, 341, 356, 363, 365, 366, 367, 370, 375, 388, 391, 394, 396, 402, 410, 411, 412, 413, 415, 416, 417, 418, 419, 425, 429, 431, 433, 435, 437, 440, 441, 442, 443, 451, 452, 456, 457, 458, 460, 461, 464, 471, 473, 474, 475, 481, 482, 488, 494, 495, 501, 553, 574, 575, 576, 577, 578, 579, 580, 581, 582, 583, 584, 585, 586, 587, 588, 589, 590, 591, 592, 593, 594, 595, 596, 597, 598, 599, 600, 601, 602, 603, 604, 605, 606, 607, 608, 609, 610, 611, 612, 613, 614, 615, 616, 617, 618, 619, 620, 621, 622, 623, 624, 625, 626, 627, 628, 629, 630, 631, 632, 633, 634, 635, 636, 637, 638, 639, 640, 641, 642, 643, 644, 645, 646, 647, 648, 649, 650, 651, 652, 653, 654, 655, 656, 657, 658, 659, 660, 661, 662, 663, 664, 665, 666, 667, 668, 669, 670, 671, 672, 673, 674, 675, 676, 677, 678, 679, 680, 681, 682, 683, 684, 685, 686, 687, 688, 689, 690, 691, 692, 693, 694, 695, 696, 697, 698, 699, 700, 701, 702, 703, 704, 705, 706, 707, 708, 709, 710, 711, 712, 713, 714, 715, 716, 717, 718, 719, 720, 721, 722, 723, 724, 725, 726, 727, 728, 729, 730, 731, 732, 733, 734, 735, 736, 737, 738, 739, 740, 741, 742, 743, 744, 745, 746, 747, 748, 749, 750, 751, 752, 753, 754, 755, 756, 757, 758, 759, 760, 761, 762, 763, 764, 765, 766, 767, 768, 769, 770, 771, 772, 773, 774, 775, 776, 777, 778, 779, 780, 781, 782, 783, 784, 785, 786, 787, 788, 789, 790, 791, 792, 793, 796, 797, 811, 817, 818, 820, 825, 838, 841, 844, 846, 851, 857, 861, 862, 863, 864, 866, 867, 868, 870, 871, 877, 881, 883, 885, 888, 891, 892, 893, 898, 899, 904, 905, 907, 908, 911, 918, 920, 921, 922, 923, 924, 926, 931, 933]",True,"[125, 265, 317, 596, 725, 775]","[103, 104, 105, 106, 107, 108, 109, 110, 111, 112, 113, 114, 115, 116, 117, 118, 119, 120, 121, 122, 123, 124, 125, 126, 127, 128, 129, 130, 131, 132, 133, 134, 135, 136, 137, 138, 139, 140, 141, 142, 143, 144, 145, 146, 147, 148, 149, 150, 151, 152, 153, 154, 155, 156, 157, 158, 159, 160, 161, 162, 163, 164, 165, 166, 167, 168, 169, 170, 171, 172, 173, 174, 175, 176, 177, 178, 179, 180, 181, 182, 183, 184, 185, 186, 187, 188, 189, 190, 191, 192, 193, 194, 195, 196, 197, 198, 199, 200, 201, 202, 203, 204, 205, 206, 207, 208, 209, 210, 211, 212, 213, 214, 215, 216, 217, 218, 219, 220, 221, 222, 223, 224, 225, 226, 227, 228, 229, 230, 231, 232, 233, 234, 235, 236, 237, 238, 239, 240, 241, 242, 243, 244, 245, 246, 247, 248, 249, 250, 251, 252, 253, 254, 255, 256, 257, 258, 259, 260, 261, 262, 263, 264, 265, 266, 267, 268, 269, 270, 271, 272, 273, 274, 275, 276, 277, 278, 279, 280, 281, 282, 283, 284, 285, 286, 287, 288, 289, 290, 291, 292, 293, 294, 295, 296, 297, 298, 299, 300, 301, 302, 303, 304, 305, 306, 307, 308, 309, 310, 311, 312, 313, 314, 315, 316, 317, 318, 319, 320, 321, 322, 323, 324, 325, 326, 327, 328, 329, 330, 331, 332, 333, 334, 335, 336, 337, 574, 575, 576, 577, 578, 579, 580, 581, 582, 583, 584, 585, 586, 587, 588, 589, 590, 591, 592, 593, 594, 595, 596, 597, 598, 599, 600, 601, 602, 603, 604, 605, 606, 607, 608, 609, 610, 611, 612, 613, 614, 615, 616, 617, 618, 619, 620, 621, 622, 623, 624, 625, 626, 627, 628, 629, 630, 631, 632, 633, 634, 635, 636, 637, 638, 639, 640, 641, 642, 643, 644, 645, 646, 647, 648, 649, 650, 651, 652, 653, 654, 655, 656, 657, 658, 659, 660, 661, 662, 663, 664, 665, 666, 667, 668, 669, 670, 671, 672, 673, 674, 675, 676, 677, 678, 679, 680, 681, 682, 683, 684, 685, 686, 687, 688, 689, 690, 691, 692, 693, 694, 695, 696, 697, 698, 699, 700, 701, 702, 703, 704, 705, 706, 707, 708, 709, 710, 711, 712, 713, 714, 715, 716, 717, 718, 719, 720, 721, 722, 723, 724, 725, 726, 727, 728, 729, 730, 731, 732, 733, 734, 735, 736, 737, 738, 739, 740, 741, 742, 743, 744, 745, 746, 747, 748, 749, 750, 751, 752, 753, 754, 755, 756, 757, 758, 759, 760, 761, 762, 763, 764, 765, 766, 767, 768, 769, 770, 771, 772, 773, 774, 775, 776, 777, 778, 779, 780, 781, 782, 783, 784, 785, 786, 787, 788, 789, 790, 791, 792, 793]","[125, 265, 317, 596, 725, 775]",[],"[16, 125, 156, 163, 168, 184, 205, 222, 229, 253, 258, 265, 313, 317, 336, 340, 341, 356, 363, 365, 366, 367, 370, 375, 388, 391, 394, 396, 402, 410, 411, 412, 413, 415, 416, 417, 418, 419, 425, 429, 431, 433, 435, 437, 440, 441, 442, 443, 451, 452, 456, 457, 458, 460, 461, 464, 471, 473, 474, 475, 481, 482, 501, 596, 628, 635, 655, 675, 693, 716, 720, 725, 771, 775, 793, 796, 797, 811, 817, 818, 820, 825, 838, 841, 844, 846, 851, 857, 861, 862, 863, 864, 866, 867, 868, 870, 871, 877, 881, 883, 885, 888, 891, 892, 893, 898, 899, 904, 905, 907, 908, 911, 918, 920, 921, 922, 923, 924, 926, 931, 933]","[2, 9, 10, 82, 111, 112, 113, 199, 279, 284, 285, 300, 488, 494, 495, 553, 581, 582, 583, 670, 738, 743, 744, 759, 818]","[2, 9, 10, 82, 111, 112, 113, 199, 279, 284, 285, 300, 488, 494, 495, 553, 581, 582, 583, 670, 738, 743, 744, 759, 818]",5/6 successful match,True,"[481, 482, 483, 484]",True,279,False,,,,,
"Baker , 92309 Bandit Valero",6 760-733-4542 I-15 Exit 245 ( Baker Blvd N ),24 HRS 48 M DOO,Baker,92309,Bandit Valero,760-733-4542,2007,Baker,CA,Valero,( Baker Blvd N ),I-15 Exit 245 ,Exit,245,False,,False,I-15,,,,,"[317, 775]","[125, 265, 317, 596, 725, 775]","[125, 265, 317, 596, 725, 775]",[],"[103, 104, 105, 106, 107, 108, 109, 110, 111, 112, 113, 114, 115, 116, 117, 118, 119, 120, 121, 122, 123, 124, 125, 126, 127, 128, 129, 130, 131, 132, 133, 134, 135, 136, 137, 138, 139, 140, 141, 142, 143, 144, 145, 146, 147, 148, 149, 150, 151, 152, 153, 154, 155, 156, 157, 158, 159, 160, 161, 162, 163, 164, 165, 166, 167, 168, 169, 170, 171, 172, 173, 174, 175, 176, 177, 178, 179, 180, 181, 182, 183, 184, 185, 186, 187, 188, 189, 190, 191, 192, 193, 194, 195, 196, 197, 198, 199, 200, 201, 202, 203, 204, 205, 206, 207, 208, 209, 210, 211, 212, 213, 214, 215, 216, 217, 218, 219, 220, 221, 222, 223, 224, 225, 226, 227, 228, 229, 230, 231, 232, 233, 234, 235, 236, 237, 238, 239, 240, 241, 242, 243, 244, 245, 246, 247, 248, 249, 250, 251, 252, 253, 254, 255, 256, 257, 258, 259, 260, 261, 262, 263, 264, 265, 266, 267, 268, 269, 270, 271, 272, 273, 274, 275, 276, 277, 278, 279, 280, 281, 282, 283, 284, 285, 286, 287, 288, 289, 290, 291, 292, 293, 294, 295, 296, 297, 298, 299, 300, 301, 302, 303, 304, 305, 306, 307, 308, 309, 310, 311, 312, 313, 314, 315, 316, 317, 318, 319, 320, 321, 322, 323, 324, 325, 326, 327, 328, 329, 330, 331, 332, 333, 334, 335, 336, 337, 574, 575, 576, 577, 578, 579, 580, 581, 582, 583, 584, 585, 586, 587, 588, 589, 590, 591, 592, 593, 594, 595, 596, 597, 598, 599, 600, 601, 602, 603, 604, 605, 606, 607, 608, 609, 610, 611, 612, 613, 614, 615, 616, 617, 618, 619, 620, 621, 622, 623, 624, 625, 626, 627, 628, 629, 630, 631, 632, 633, 634, 635, 636, 637, 638, 639, 640, 641, 642, 643, 644, 645, 646, 647, 648, 649, 650, 651, 652, 653, 654, 655, 656, 657, 658, 659, 660, 661, 662, 663, 664, 665, 666, 667, 668, 669, 670, 671, 672, 673, 674, 675, 676, 677, 678, 679, 680, 681, 682, 683, 684, 685, 686, 687, 688, 689, 690, 691, 692, 693, 694, 695, 696, 697, 698, 699, 700, 701, 702, 703, 704, 705, 706, 707, 708, 709, 710, 711, 712, 713, 714, 715, 716, 717, 718, 719, 720, 721, 722, 723, 724, 725, 726, 727, 728, 729, 730, 731, 732, 733, 734, 735, 736, 737, 738, 739, 740, 741, 742, 743, 744, 745, 746, 747, 748, 749, 750, 751, 752, 753, 754, 755, 756, 757, 758, 759, 760, 761, 762, 763, 764, 765, 766, 767, 768, 769, 770, 771, 772, 773, 774, 775, 776, 777, 778, 779, 780, 781, 782, 783, 784, 785, 786, 787, 788, 789, 790, 791, 792, 793]","[16, 125, 156, 163, 168, 184, 205, 222, 229, 253, 258, 265, 313, 317, 336, 340, 341, 356, 363, 365, 366, 367, 370, 375, 388, 391, 394, 396, 402, 410, 411, 412, 413, 415, 416, 417, 418, 419, 425, 429, 431, 433, 435, 437, 440, 441, 442, 443, 451, 452, 456, 457, 458, 460, 461, 464, 471, 473, 474, 475, 481, 482, 501, 596, 628, 635, 655, 675, 693, 716, 720, 725, 771, 775, 793, 796, 797, 811, 817, 818, 820, 825, 838, 841, 844, 846, 851, 857, 861, 862, 863, 864, 866, 867, 868, 870, 871, 877, 881, 883, 885, 888, 891, 892, 893, 898, 899, 904, 905, 907, 908, 911, 918, 920, 921, 922, 923, 924, 926, 931, 933]","[2, 9, 10, 82, 111, 112, 113, 199, 279, 284, 285, 300, 488, 494, 495, 553, 581, 582, 583, 670, 738, 743, 744, 759, 818]","[2, 9, 10, 82, 111, 112, 113, 199, 279, 284, 285, 300, 488, 494, 495, 553, 581, 582, 583, 670, 738, 743, 744, 759, 818]","[2, 9, 10, 16, 82, 103, 104, 105, 106, 107, 108, 109, 110, 111, 112, 113, 114, 115, 116, 117, 118, 119, 120, 121, 122, 123, 124, 125, 126, 127, 128, 129, 130, 131, 132, 133, 134, 135, 136, 137, 138, 139, 140, 141, 142, 143, 144, 145, 146, 147, 148, 149, 150, 151, 152, 153, 154, 155, 156, 157, 158, 159, 160, 161, 162, 163, 164, 165, 166, 167, 168, 169, 170, 171, 172, 173, 174, 175, 176, 177, 178, 179, 180, 181, 182, 183, 184, 185, 186, 187, 188, 189, 190, 191, 192, 193, 194, 195, 196, 197, 198, 199, 200, 201, 202, 203, 204, 205, 206, 207, 208, 209, 210, 211, 212, 213, 214, 215, 216, 217, 218, 219, 220, 221, 222, 223, 224, 225, 226, 227, 228, 229, 230, 231, 232, 233, 234, 235, 236, 237, 238, 239, 240, 241, 242, 243, 244, 245, 246, 247, 248, 249, 250, 251, 252, 253, 254, 255, 256, 257, 258, 259, 260, 261, 262, 263, 264, 265, 266, 267, 268, 269, 270, 271, 272, 273, 274, 275, 276, 277, 278, 279, 280, 281, 282, 283, 284, 285, 286, 287, 288, 289, 290, 291, 292, 293, 294, 295, 296, 297, 298, 299, 300, 301, 302, 303, 304, 305, 306, 307, 308, 309, 310, 311, 312, 313, 314, 315, 316, 317, 318, 319, 320, 321, 322, 323, 324, 325, 326, 327, 328, 329, 330, 331, 332, 333, 334, 335, 336, 337, 340, 341, 356, 363, 365, 366, 367, 370, 375, 388, 391, 394, 396, 402, 410, 411, 412, 413, 415, 416, 417, 418, 419, 425, 429, 431, 433, 435, 437, 440, 441, 442, 443, 451, 452, 456, 457, 458, 460, 461, 464, 471, 473, 474, 475, 481, 482, 488, 494, 495, 501, 553, 574, 575, 576, 577, 578, 579, 580, 581, 582, 583, 584, 585, 586, 587, 588, 589, 590, 591, 592, 593, 594, 595, 596, 597, 598, 599, 600, 601, 602, 603, 604, 605, 606, 607, 608, 609, 610, 611, 612, 613, 614, 615, 616, 617, 618, 619, 620, 621, 622, 623, 624, 625, 626, 627, 628, 629, 630, 631, 632, 633, 634, 635, 636, 637, 638, 639, 640, 641, 642, 643, 644, 645, 646, 647, 648, 649, 650, 651, 652, 653, 654, 655, 656, 657, 658, 659, 660, 661, 662, 663, 664, 665, 666, 667, 668, 669, 670, 671, 672, 673, 674, 675, 676, 677, 678, 679, 680, 681, 682, 683, 684, 685, 686, 687, 688, 689, 690, 691, 692, 693, 694, 695, 696, 697, 698, 699, 700, 701, 702, 703, 704, 705, 706, 707, 708, 709, 710, 711, 712, 713, 714, 715, 716, 717, 718, 719, 720, 721, 722, 723, 724, 725, 726, 727, 728, 729, 730, 731, 732, 733, 734, 735, 736, 737, 738, 739, 740, 741, 742, 743, 744, 745, 746, 747, 748, 749, 750, 751, 752, 753, 754, 755, 756, 757, 758, 759, 760, 761, 762, 763, 764, 765, 766, 767, 768, 769, 770, 771, 772, 773, 774, 775, 776, 777, 778, 779, 780, 781, 782, 783, 784, 785, 786, 787, 788, 789, 790, 791, 792, 793, 796, 797, 811, 817, 818, 820, 825, 838, 841, 844, 846, 851, 857, 861, 862, 863, 864, 866, 867, 868, 870, 871, 877, 881, 883, 885, 888, 891, 892, 893, 898, 899, 904, 905, 907, 908, 911, 918, 920, 921, 922, 923, 924, 926, 931, 933]",True,"[125, 265, 317, 596, 725, 775]","[103, 104, 105, 106, 107, 108, 109, 110, 111, 112, 113, 114, 115, 116, 117, 118, 119, 120, 121, 122, 123, 124, 125, 126, 127, 128, 129, 130, 131, 132, 133, 134, 135, 136, 137, 138, 139, 140, 141, 142, 143, 144, 145, 146, 147, 148, 149, 150, 151, 152, 153, 154, 155, 156, 157, 158, 159, 160, 161, 162, 163, 164, 165, 166, 167, 168, 169, 170, 171, 172, 173, 174, 175, 176, 177, 178, 179, 180, 181, 182, 183, 184, 185, 186, 187, 188, 189, 190, 191, 192, 193, 194, 195, 196, 197, 198, 199, 200, 201, 202, 203, 204, 205, 206, 207, 208, 209, 210, 211, 212, 213, 214, 215, 216, 217, 218, 219, 220, 221, 222, 223, 224, 225, 226, 227, 228, 229, 230, 231, 232, 233, 234, 235, 236, 237, 238, 239, 240, 241, 242, 243, 244, 245, 246, 247, 248, 249, 250, 251, 252, 253, 254, 255, 256, 257, 258, 259, 260, 261, 262, 263, 264, 265, 266, 267, 268, 269, 270, 271, 272, 273, 274, 275, 276, 277, 278, 279, 280, 281, 282, 283, 284, 285, 286, 287, 288, 289, 290, 291, 292, 293, 294, 295, 296, 297, 298, 299, 300, 301, 302, 303, 304, 305, 306, 307, 308, 309, 310, 311, 312, 313, 314, 315, 316, 317, 318, 319, 320, 321, 322, 323, 324, 325, 326, 327, 328, 329, 330, 331, 332, 333, 334, 335, 336, 337, 574, 575, 576, 577, 578, 579, 580, 581, 582, 583, 584, 585, 586, 587, 588, 589, 590, 591, 592, 593, 594, 595, 596, 597, 598, 599, 600, 601, 602, 603, 604, 605, 606, 607, 608, 609, 610, 611, 612, 613, 614, 615, 616, 617, 618, 619, 620, 621, 622, 623, 624, 625, 626, 627, 628, 629, 630, 631, 632, 633, 634, 635, 636, 637, 638, 639, 640, 641, 642, 643, 644, 645, 646, 647, 648, 649, 650, 651, 652, 653, 654, 655, 656, 657, 658, 659, 660, 661, 662, 663, 664, 665, 666, 667, 668, 669, 670, 671, 672, 673, 674, 675, 676, 677, 678, 679, 680, 681, 682, 683, 684, 685, 686, 687, 688, 689, 690, 691, 692, 693, 694, 695, 696, 697, 698, 699, 700, 701, 702, 703, 704, 705, 706, 707, 708, 709, 710, 711, 712, 713, 714, 715, 716, 717, 718, 719, 720, 721, 722, 723, 724, 725, 726, 727, 728, 729, 730, 731, 732, 733, 734, 735, 736, 737, 738, 739, 740, 741, 742, 743, 744, 745, 746, 747, 748, 749, 750, 751, 752, 753, 754, 755, 756, 757, 758, 759, 760, 761, 762, 763, 764, 765, 766, 767, 768, 769, 770, 771, 772, 773, 774, 775, 776, 777, 778, 779, 780, 781, 782, 783, 784, 785, 786, 787, 788, 789, 790, 791, 792, 793]","[125, 265, 317, 596, 725, 775]",[],"[16, 125, 156, 163, 168, 184, 205, 222, 229, 253, 258, 265, 313, 317, 336, 340, 341, 356, 363, 365, 366, 367, 370, 375, 388, 391, 394, 396, 402, 410, 411, 412, 413, 415, 416, 417, 418, 419, 425, 429, 431, 433, 435, 437, 440, 441, 442, 443, 451, 452, 456, 457, 458, 460, 461, 464, 471, 473, 474, 475, 481, 482, 501, 596, 628, 635, 655, 675, 693, 716, 720, 725, 771, 775, 793, 796, 797, 811, 817, 818, 820, 825, 838, 841, 844, 846, 851, 857, 861, 862, 863, 864, 866, 867, 868, 870, 871, 877, 881, 883, 885, 888, 891, 892, 893, 898, 899, 904, 905, 907, 908, 911, 918, 920, 921, 922, 923, 924, 926, 931, 933]","[2, 9, 10, 82, 111, 112, 113, 199, 279, 284, 285, 300, 488, 494, 495, 553, 581, 582, 583, 670, 738, 743, 744, 759, 818]","[2, 9, 10, 82, 111, 112, 113, 199, 279, 284, 285, 300, 488, 494, 495, 553, 581, 582, 583, 670, 738, 743, 744, 759, 818]",5/6 successful match,True,"[481, 482, 483, 484]",True,279,False,,1.0,True,Bandit Valero,Valero
"Baker , 92309 Bandit Valero",6 760-733-4542 I-15 Exit 245 ( Baker Blvd N ),24 M. <U+2610> <U+25A1> <U+25A1>,Baker,92309,Bandit Valero,760-733-4542,2008,Baker,CA,Valero,( Baker Blvd N ),I-15 Exit 245 ,Exit,245,False,,False,I-15,,,,,"[317, 775]","[125, 265, 317, 596, 725, 775]","[125, 265, 317, 596, 725, 775]",[],"[103, 104, 105, 106, 107, 108, 109, 110, 111, 112, 113, 114, 115, 116, 117, 118, 119, 120, 121, 122, 123, 124, 125, 126, 127, 128, 129, 130, 131, 132, 133, 134, 135, 136, 137, 138, 139, 140, 141, 142, 143, 144, 145, 146, 147, 148, 149, 150, 151, 152, 153, 154, 155, 156, 157, 158, 159, 160, 161, 162, 163, 164, 165, 166, 167, 168, 169, 170, 171, 172, 173, 174, 175, 176, 177, 178, 179, 180, 181, 182, 183, 184, 185, 186, 187, 188, 189, 190, 191, 192, 193, 194, 195, 196, 197, 198, 199, 200, 201, 202, 203, 204, 205, 206, 207, 208, 209, 210, 211, 212, 213, 214, 215, 216, 217, 218, 219, 220, 221, 222, 223, 224, 225, 226, 227, 228, 229, 230, 231, 232, 233, 234, 235, 236, 237, 238, 239, 240, 241, 242, 243, 244, 245, 246, 247, 248, 249, 250, 251, 252, 253, 254, 255, 256, 257, 258, 259, 260, 261, 262, 263, 264, 265, 266, 267, 268, 269, 270, 271, 272, 273, 274, 275, 276, 277, 278, 279, 280, 281, 282, 283, 284, 285, 286, 287, 288, 289, 290, 291, 292, 293, 294, 295, 296, 297, 298, 299, 300, 301, 302, 303, 304, 305, 306, 307, 308, 309, 310, 311, 312, 313, 314, 315, 316, 317, 318, 319, 320, 321, 322, 323, 324, 325, 326, 327, 328, 329, 330, 331, 332, 333, 334, 335, 336, 337, 574, 575, 576, 577, 578, 579, 580, 581, 582, 583, 584, 585, 586, 587, 588, 589, 590, 591, 592, 593, 594, 595, 596, 597, 598, 599, 600, 601, 602, 603, 604, 605, 606, 607, 608, 609, 610, 611, 612, 613, 614, 615, 616, 617, 618, 619, 620, 621, 622, 623, 624, 625, 626, 627, 628, 629, 630, 631, 632, 633, 634, 635, 636, 637, 638, 639, 640, 641, 642, 643, 644, 645, 646, 647, 648, 649, 650, 651, 652, 653, 654, 655, 656, 657, 658, 659, 660, 661, 662, 663, 664, 665, 666, 667, 668, 669, 670, 671, 672, 673, 674, 675, 676, 677, 678, 679, 680, 681, 682, 683, 684, 685, 686, 687, 688, 689, 690, 691, 692, 693, 694, 695, 696, 697, 698, 699, 700, 701, 702, 703, 704, 705, 706, 707, 708, 709, 710, 711, 712, 713, 714, 715, 716, 717, 718, 719, 720, 721, 722, 723, 724, 725, 726, 727, 728, 729, 730, 731, 732, 733, 734, 735, 736, 737, 738, 739, 740, 741, 742, 743, 744, 745, 746, 747, 748, 749, 750, 751, 752, 753, 754, 755, 756, 757, 758, 759, 760, 761, 762, 763, 764, 765, 766, 767, 768, 769, 770, 771, 772, 773, 774, 775, 776, 777, 778, 779, 780, 781, 782, 783, 784, 785, 786, 787, 788, 789, 790, 791, 792, 793]","[16, 125, 156, 163, 168, 184, 205, 222, 229, 253, 258, 265, 313, 317, 336, 340, 341, 356, 363, 365, 366, 367, 370, 375, 388, 391, 394, 396, 402, 410, 411, 412, 413, 415, 416, 417, 418, 419, 425, 429, 431, 433, 435, 437, 440, 441, 442, 443, 451, 452, 456, 457, 458, 460, 461, 464, 471, 473, 474, 475, 481, 482, 501, 596, 628, 635, 655, 675, 693, 716, 720, 725, 771, 775, 793, 796, 797, 811, 817, 818, 820, 825, 838, 841, 844, 846, 851, 857, 861, 862, 863, 864, 866, 867, 868, 870, 871, 877, 881, 883, 885, 888, 891, 892, 893, 898, 899, 904, 905, 907, 908, 911, 918, 920, 921, 922, 923, 924, 926, 931, 933]","[2, 9, 10, 82, 111, 112, 113, 199, 279, 284, 285, 300, 488, 494, 495, 553, 581, 582, 583, 670, 738, 743, 744, 759, 818]","[2, 9, 10, 82, 111, 112, 113, 199, 279, 284, 285, 300, 488, 494, 495, 553, 581, 582, 583, 670, 738, 743, 744, 759, 818]","[2, 9, 10, 16, 82, 103, 104, 105, 106, 107, 108, 109, 110, 111, 112, 113, 114, 115, 116, 117, 118, 119, 120, 121, 122, 123, 124, 125, 126, 127, 128, 129, 130, 131, 132, 133, 134, 135, 136, 137, 138, 139, 140, 141, 142, 143, 144, 145, 146, 147, 148, 149, 150, 151, 152, 153, 154, 155, 156, 157, 158, 159, 160, 161, 162, 163, 164, 165, 166, 167, 168, 169, 170, 171, 172, 173, 174, 175, 176, 177, 178, 179, 180, 181, 182, 183, 184, 185, 186, 187, 188, 189, 190, 191, 192, 193, 194, 195, 196, 197, 198, 199, 200, 201, 202, 203, 204, 205, 206, 207, 208, 209, 210, 211, 212, 213, 214, 215, 216, 217, 218, 219, 220, 221, 222, 223, 224, 225, 226, 227, 228, 229, 230, 231, 232, 233, 234, 235, 236, 237, 238, 239, 240, 241, 242, 243, 244, 245, 246, 247, 248, 249, 250, 251, 252, 253, 254, 255, 256, 257, 258, 259, 260, 261, 262, 263, 264, 265, 266, 267, 268, 269, 270, 271, 272, 273, 274, 275, 276, 277, 278, 279, 280, 281, 282, 283, 284, 285, 286, 287, 288, 289, 290, 291, 292, 293, 294, 295, 296, 297, 298, 299, 300, 301, 302, 303, 304, 305, 306, 307, 308, 309, 310, 311, 312, 313, 314, 315, 316, 317, 318, 319, 320, 321, 322, 323, 324, 325, 326, 327, 328, 329, 330, 331, 332, 333, 334, 335, 336, 337, 340, 341, 356, 363, 365, 366, 367, 370, 375, 388, 391, 394, 396, 402, 410, 411, 412, 413, 415, 416, 417, 418, 419, 425, 429, 431, 433, 435, 437, 440, 441, 442, 443, 451, 452, 456, 457, 458, 460, 461, 464, 471, 473, 474, 475, 481, 482, 488, 494, 495, 501, 553, 574, 575, 576, 577, 578, 579, 580, 581, 582, 583, 584, 585, 586, 587, 588, 589, 590, 591, 592, 593, 594, 595, 596, 597, 598, 599, 600, 601, 602, 603, 604, 605, 606, 607, 608, 609, 610, 611, 612, 613, 614, 615, 616, 617, 618, 619, 620, 621, 622, 623, 624, 625, 626, 627, 628, 629, 630, 631, 632, 633, 634, 635, 636, 637, 638, 639, 640, 641, 642, 643, 644, 645, 646, 647, 648, 649, 650, 651, 652, 653, 654, 655, 656, 657, 658, 659, 660, 661, 662, 663, 664, 665, 666, 667, 668, 669, 670, 671, 672, 673, 674, 675, 676, 677, 678, 679, 680, 681, 682, 683, 684, 685, 686, 687, 688, 689, 690, 691, 692, 693, 694, 695, 696, 697, 698, 699, 700, 701, 702, 703, 704, 705, 706, 707, 708, 709, 710, 711, 712, 713, 714, 715, 716, 717, 718, 719, 720, 721, 722, 723, 724, 725, 726, 727, 728, 729, 730, 731, 732, 733, 734, 735, 736, 737, 738, 739, 740, 741, 742, 743, 744, 745, 746, 747, 748, 749, 750, 751, 752, 753, 754, 755, 756, 757, 758, 759, 760, 761, 762, 763, 764, 765, 766, 767, 768, 769, 770, 771, 772, 773, 774, 775, 776, 777, 778, 779, 780, 781, 782, 783, 784, 785, 786, 787, 788, 789, 790, 791, 792, 793, 796, 797, 811, 817, 818, 820, 825, 838, 841, 844, 846, 851, 857, 861, 862, 863, 864, 866, 867, 868, 870, 871, 877, 881, 883, 885, 888, 891, 892, 893, 898, 899, 904, 905, 907, 908, 911, 918, 920, 921, 922, 923, 924, 926, 931, 933]",True,"[125, 265, 317, 596, 725, 775]","[103, 104, 105, 106, 107, 108, 109, 110, 111, 112, 113, 114, 115, 116, 117, 118, 119, 120, 121, 122, 123, 124, 125, 126, 127, 128, 129, 130, 131, 132, 133, 134, 135, 136, 137, 138, 139, 140, 141, 142, 143, 144, 145, 146, 147, 148, 149, 150, 151, 152, 153, 154, 155, 156, 157, 158, 159, 160, 161, 162, 163, 164, 165, 166, 167, 168, 169, 170, 171, 172, 173, 174, 175, 176, 177, 178, 179, 180, 181, 182, 183, 184, 185, 186, 187, 188, 189, 190, 191, 192, 193, 194, 195, 196, 197, 198, 199, 200, 201, 202, 203, 204, 205, 206, 207, 208, 209, 210, 211, 212, 213, 214, 215, 216, 217, 218, 219, 220, 221, 222, 223, 224, 225, 226, 227, 228, 229, 230, 231, 232, 233, 234, 235, 236, 237, 238, 239, 240, 241, 242, 243, 244, 245, 246, 247, 248, 249, 250, 251, 252, 253, 254, 255, 256, 257, 258, 259, 260, 261, 262, 263, 264, 265, 266, 267, 268, 269, 270, 271, 272, 273, 274, 275, 276, 277, 278, 279, 280, 281, 282, 283, 284, 285, 286, 287, 288, 289, 290, 291, 292, 293, 294, 295, 296, 297, 298, 299, 300, 301, 302, 303, 304, 305, 306, 307, 308, 309, 310, 311, 312, 313, 314, 315, 316, 317, 318, 319, 320, 321, 322, 323, 324, 325, 326, 327, 328, 329, 330, 331, 332, 333, 334, 335, 336, 337, 574, 575, 576, 577, 578, 579, 580, 581, 582, 583, 584, 585, 586, 587, 588, 589, 590, 591, 592, 593, 594, 595, 596, 597, 598, 599, 600, 601, 602, 603, 604, 605, 606, 607, 608, 609, 610, 611, 612, 613, 614, 615, 616, 617, 618, 619, 620, 621, 622, 623, 624, 625, 626, 627, 628, 629, 630, 631, 632, 633, 634, 635, 636, 637, 638, 639, 640, 641, 642, 643, 644, 645, 646, 647, 648, 649, 650, 651, 652, 653, 654, 655, 656, 657, 658, 659, 660, 661, 662, 663, 664, 665, 666, 667, 668, 669, 670, 671, 672, 673, 674, 675, 676, 677, 678, 679, 680, 681, 682, 683, 684, 685, 686, 687, 688, 689, 690, 691, 692, 693, 694, 695, 696, 697, 698, 699, 700, 701, 702, 703, 704, 705, 706, 707, 708, 709, 710, 711, 712, 713, 714, 715, 716, 717, 718, 719, 720, 721, 722, 723, 724, 725, 726, 727, 728, 729, 730, 731, 732, 733, 734, 735, 736, 737, 738, 739, 740, 741, 742, 743, 744, 745, 746, 747, 748, 749, 750, 751, 752, 753, 754, 755, 756, 757, 758, 759, 760, 761, 762, 763, 764, 765, 766, 767, 768, 769, 770, 771, 772, 773, 774, 775, 776, 777, 778, 779, 780, 781, 782, 783, 784, 785, 786, 787, 788, 789, 790, 791, 792, 793]","[125, 265, 317, 596, 725, 775]",[],"[16, 125, 156, 163, 168, 184, 205, 222, 229, 253, 258, 265, 313, 317, 336, 340, 341, 356, 363, 365, 366, 367, 370, 375, 388, 391, 394, 396, 402, 410, 411, 412, 413, 415, 416, 417, 418, 419, 425, 429, 431, 433, 435, 437, 440, 441, 442, 443, 451, 452, 456, 457, 458, 460, 461, 464, 471, 473, 474, 475, 481, 482, 501, 596, 628, 635, 655, 675, 693, 716, 720, 725, 771, 775, 793, 796, 797, 811, 817, 818, 820, 825, 838, 841, 844, 846, 851, 857, 861, 862, 863, 864, 866, 867, 868, 870, 871, 877, 881, 883, 885, 888, 891, 892, 893, 898, 899, 904, 905, 907, 908, 911, 918, 920, 921, 922, 923, 924, 926, 931, 933]","[2, 9, 10, 82, 111, 112, 113, 199, 279, 284, 285, 300, 488, 494, 495, 553, 581, 582, 583, 670, 738, 743, 744, 759, 818]","[2, 9, 10, 82, 111, 112, 113, 199, 279, 284, 285, 300, 488, 494, 495, 553, 581, 582, 583, 670, 738, 743, 744, 759, 818]",5/6 successful match,True,"[481, 482, 483, 484]",True,279,False,,1.0,True,Bandit Valero,Valero
H Baker ( 92309 ) Bandit Valero,760-733-4542 I-15 Exit 246 ( Baker Blvd S ),24 M D D,Baker,92309,Bandit Valero,760-733-4542,2014,Baker,CA,Valero,( Baker Blvd S ),I-15 Exit 246 ,Exit,246,False,,False,I-15,,,,,"[317, 775]","[125, 265, 317, 596, 725, 775]","[125, 265, 317, 596, 725, 775]","[125, 317, 596, 775]","[103, 104, 105, 106, 107, 108, 109, 110, 111, 112, 113, 114, 115, 116, 117, 118, 119, 120, 121, 122, 123, 124, 125, 126, 127, 128, 129, 130, 131, 132, 133, 134, 135, 136, 137, 138, 139, 140, 141, 142, 143, 144, 145, 146, 147, 148, 149, 150, 151, 152, 153, 154, 155, 156, 157, 158, 159, 160, 161, 162, 163, 164, 165, 166, 167, 168, 169, 170, 171, 172, 173, 174, 175, 176, 177, 178, 179, 180, 181, 182, 183, 184, 185, 186, 187, 188, 189, 190, 191, 192, 193, 194, 195, 196, 197, 198, 199, 200, 201, 202, 203, 204, 205, 206, 207, 208, 209, 210, 211, 212, 213, 214, 215, 216, 217, 218, 219, 220, 221, 222, 223, 224, 225, 226, 227, 228, 229, 230, 231, 232, 233, 234, 235, 236, 237, 238, 239, 240, 241, 242, 243, 244, 245, 246, 247, 248, 249, 250, 251, 252, 253, 254, 255, 256, 257, 258, 259, 260, 261, 262, 263, 264, 265, 266, 267, 268, 269, 270, 271, 272, 273, 274, 275, 276, 277, 278, 279, 280, 281, 282, 283, 284, 285, 286, 287, 288, 289, 290, 291, 292, 293, 294, 295, 296, 297, 298, 299, 300, 301, 302, 303, 304, 305, 306, 307, 308, 309, 310, 311, 312, 313, 314, 315, 316, 317, 318, 319, 320, 321, 322, 323, 324, 325, 326, 327, 328, 329, 330, 331, 332, 333, 334, 335, 336, 337, 574, 575, 576, 577, 578, 579, 580, 581, 582, 583, 584, 585, 586, 587, 588, 589, 590, 591, 592, 593, 594, 595, 596, 597, 598, 599, 600, 601, 602, 603, 604, 605, 606, 607, 608, 609, 610, 611, 612, 613, 614, 615, 616, 617, 618, 619, 620, 621, 622, 623, 624, 625, 626, 627, 628, 629, 630, 631, 632, 633, 634, 635, 636, 637, 638, 639, 640, 641, 642, 643, 644, 645, 646, 647, 648, 649, 650, 651, 652, 653, 654, 655, 656, 657, 658, 659, 660, 661, 662, 663, 664, 665, 666, 667, 668, 669, 670, 671, 672, 673, 674, 675, 676, 677, 678, 679, 680, 681, 682, 683, 684, 685, 686, 687, 688, 689, 690, 691, 692, 693, 694, 695, 696, 697, 698, 699, 700, 701, 702, 703, 704, 705, 706, 707, 708, 709, 710, 711, 712, 713, 714, 715, 716, 717, 718, 719, 720, 721, 722, 723, 724, 725, 726, 727, 728, 729, 730, 731, 732, 733, 734, 735, 736, 737, 738, 739, 740, 741, 742, 743, 744, 745, 746, 747, 748, 749, 750, 751, 752, 753, 754, 755, 756, 757, 758, 759, 760, 761, 762, 763, 764, 765, 766, 767, 768, 769, 770, 771, 772, 773, 774, 775, 776, 777, 778, 779, 780, 781, 782, 783, 784, 785, 786, 787, 788, 789, 790, 791, 792, 793]","[16, 125, 156, 163, 168, 184, 205, 222, 229, 253, 258, 265, 313, 317, 336, 340, 341, 356, 363, 365, 366, 367, 370, 375, 388, 391, 394, 396, 402, 410, 411, 412, 413, 415, 416, 417, 418, 419, 425, 429, 431, 433, 435, 437, 440, 441, 442, 443, 451, 452, 456, 457, 458, 460, 461, 464, 471, 473, 474, 475, 481, 482, 501, 596, 628, 635, 655, 675, 693, 716, 720, 725, 771, 775, 793, 796, 797, 811, 817, 818, 820, 825, 838, 841, 844, 846, 851, 857, 861, 862, 863, 864, 866, 867, 868, 870, 871, 877, 881, 883, 885, 888, 891, 892, 893, 898, 899, 904, 905, 907, 908, 911, 918, 920, 921, 922, 923, 924, 926, 931, 933]","[2, 9, 10, 82, 111, 112, 113, 199, 279, 284, 285, 300, 488, 494, 495, 553, 581, 582, 583, 670, 738, 743, 744, 759, 818]","[2, 9, 10, 82, 111, 112, 113, 199, 279, 284, 285, 300, 488, 494, 495, 553, 581, 582, 583, 670, 738, 743, 744, 759, 818]","[2, 9, 10, 16, 82, 103, 104, 105, 106, 107, 108, 109, 110, 111, 112, 113, 114, 115, 116, 117, 118, 119, 120, 121, 122, 123, 124, 125, 126, 127, 128, 129, 130, 131, 132, 133, 134, 135, 136, 137, 138, 139, 140, 141, 142, 143, 144, 145, 146, 147, 148, 149, 150, 151, 152, 153, 154, 155, 156, 157, 158, 159, 160, 161, 162, 163, 164, 165, 166, 167, 168, 169, 170, 171, 172, 173, 174, 175, 176, 177, 178, 179, 180, 181, 182, 183, 184, 185, 186, 187, 188, 189, 190, 191, 192, 193, 194, 195, 196, 197, 198, 199, 200, 201, 202, 203, 204, 205, 206, 207, 208, 209, 210, 211, 212, 213, 214, 215, 216, 217, 218, 219, 220, 221, 222, 223, 224, 225, 226, 227, 228, 229, 230, 231, 232, 233, 234, 235, 236, 237, 238, 239, 240, 241, 242, 243, 244, 245, 246, 247, 248, 249, 250, 251, 252, 253, 254, 255, 256, 257, 258, 259, 260, 261, 262, 263, 264, 265, 266, 267, 268, 269, 270, 271, 272, 273, 274, 275, 276, 277, 278, 279, 280, 281, 282, 283, 284, 285, 286, 287, 288, 289, 290, 291, 292, 293, 294, 295, 296, 297, 298, 299, 300, 301, 302, 303, 304, 305, 306, 307, 308, 309, 310, 311, 312, 313, 314, 315, 316, 317, 318, 319, 320, 321, 322, 323, 324, 325, 326, 327, 328, 329, 330, 331, 332, 333, 334, 335, 336, 337, 340, 341, 356, 363, 365, 366, 367, 370, 375, 388, 391, 394, 396, 402, 410, 411, 412, 413, 415, 416, 417, 418, 419, 425, 429, 431, 433, 435, 437, 440, 441, 442, 443, 451, 452, 456, 457, 458, 460, 461, 464, 471, 473, 474, 475, 481, 482, 488, 494, 495, 501, 553, 574, 575, 576, 577, 578, 579, 580, 581, 582, 583, 584, 585, 586, 587, 588, 589, 590, 591, 592, 593, 594, 595, 596, 597, 598, 599, 600, 601, 602, 603, 604, 605, 606, 607, 608, 609, 610, 611, 612, 613, 614, 615, 616, 617, 618, 619, 620, 621, 622, 623, 624, 625, 626, 627, 628, 629, 630, 631, 632, 633, 634, 635, 636, 637, 638, 639, 640, 641, 642, 643, 644, 645, 646, 647, 648, 649, 650, 651, 652, 653, 654, 655, 656, 657, 658, 659, 660, 661, 662, 663, 664, 665, 666, 667, 668, 669, 670, 671, 672, 673, 674, 675, 676, 677, 678, 679, 680, 681, 682, 683, 684, 685, 686, 687, 688, 689, 690, 691, 692, 693, 694, 695, 696, 697, 698, 699, 700, 701, 702, 703, 704, 705, 706, 707, 708, 709, 710, 711, 712, 713, 714, 715, 716, 717, 718, 719, 720, 721, 722, 723, 724, 725, 726, 727, 728, 729, 730, 731, 732, 733, 734, 735, 736, 737, 738, 739, 740, 741, 742, 743, 744, 745, 746, 747, 748, 749, 750, 751, 752, 753, 754, 755, 756, 757, 758, 759, 760, 761, 762, 763, 764, 765, 766, 767, 768, 769, 770, 771, 772, 773, 774, 775, 776, 777, 778, 779, 780, 781, 782, 783, 784, 785, 786, 787, 788, 789, 790, 791, 792, 793, 796, 797, 811, 817, 818, 820, 825, 838, 841, 844, 846, 851, 857, 861, 862, 863, 864, 866, 867, 868, 870, 871, 877, 881, 883, 885, 888, 891, 892, 893, 898, 899, 904, 905, 907, 908, 911, 918, 920, 921, 922, 923, 924, 926, 931, 933]",True,"[125, 265, 317, 596, 725, 775]","[103, 104, 105, 106, 107, 108, 109, 110, 111, 112, 113, 114, 115, 116, 117, 118, 119, 120, 121, 122, 123, 124, 125, 126, 127, 128, 129, 130, 131, 132, 133, 134, 135, 136, 137, 138, 139, 140, 141, 142, 143, 144, 145, 146, 147, 148, 149, 150, 151, 152, 153, 154, 155, 156, 157, 158, 159, 160, 161, 162, 163, 164, 165, 166, 167, 168, 169, 170, 171, 172, 173, 174, 175, 176, 177, 178, 179, 180, 181, 182, 183, 184, 185, 186, 187, 188, 189, 190, 191, 192, 193, 194, 195, 196, 197, 198, 199, 200, 201, 202, 203, 204, 205, 206, 207, 208, 209, 210, 211, 212, 213, 214, 215, 216, 217, 218, 219, 220, 221, 222, 223, 224, 225, 226, 227, 228, 229, 230, 231, 232, 233, 234, 235, 236, 237, 238, 239, 240, 241, 242, 243, 244, 245, 246, 247, 248, 249, 250, 251, 252, 253, 254, 255, 256, 257, 258, 259, 260, 261, 262, 263, 264, 265, 266, 267, 268, 269, 270, 271, 272, 273, 274, 275, 276, 277, 278, 279, 280, 281, 282, 283, 284, 285, 286, 287, 288, 289, 290, 291, 292, 293, 294, 295, 296, 297, 298, 299, 300, 301, 302, 303, 304, 305, 306, 307, 308, 309, 310, 311, 312, 313, 314, 315, 316, 317, 318, 319, 320, 321, 322, 323, 324, 325, 326, 327, 328, 329, 330, 331, 332, 333, 334, 335, 336, 337, 574, 575, 576, 577, 578, 579, 580, 581, 582, 583, 584, 585, 586, 587, 588, 589, 590, 591, 592, 593, 594, 595, 596, 597, 598, 599, 600, 601, 602, 603, 604, 605, 606, 607, 608, 609, 610, 611, 612, 613, 614, 615, 616, 617, 618, 619, 620, 621, 622, 623, 624, 625, 626, 627, 628, 629, 630, 631, 632, 633, 634, 635, 636, 637, 638, 639, 640, 641, 642, 643, 644, 645, 646, 647, 648, 649, 650, 651, 652, 653, 654, 655, 656, 657, 658, 659, 660, 661, 662, 663, 664, 665, 666, 667, 668, 669, 670, 671, 672, 673, 674, 675, 676, 677, 678, 679, 680, 681, 682, 683, 684, 685, 686, 687, 688, 689, 690, 691, 692, 693, 694, 695, 696, 697, 698, 699, 700, 701, 702, 703, 704, 705, 706, 707, 708, 709, 710, 711, 712, 713, 714, 715, 716, 717, 718, 719, 720, 721, 722, 723, 724, 725, 726, 727, 728, 729, 730, 731, 732, 733, 734, 735, 736, 737, 738, 739, 740, 741, 742, 743, 744, 745, 746, 747, 748, 749, 750, 751, 752, 753, 754, 755, 756, 757, 758, 759, 760, 761, 762, 763, 764, 765, 766, 767, 768, 769, 770, 771, 772, 773, 774, 775, 776, 777, 778, 779, 780, 781, 782, 783, 784, 785, 786, 787, 788, 789, 790, 791, 792, 793]","[125, 265, 317, 596, 725, 775]","[125, 317, 596, 775]","[16, 125, 156, 163, 168, 184, 205, 222, 229, 253, 258, 265, 313, 317, 336, 340, 341, 356, 363, 365, 366, 367, 370, 375, 388, 391, 394, 396, 402, 410, 411, 412, 413, 415, 416, 417, 418, 419, 425, 429, 431, 433, 435, 437, 440, 441, 442, 443, 451, 452, 456, 457, 458, 460, 461, 464, 471, 473, 474, 475, 481, 482, 501, 596, 628, 635, 655, 675, 693, 716, 720, 725, 771, 775, 793, 796, 797, 811, 817, 818, 820, 825, 838, 841, 844, 846, 851, 857, 861, 862, 863, 864, 866, 867, 868, 870, 871, 877, 881, 883, 885, 888, 891, 892, 893, 898, 899, 904, 905, 907, 908, 911, 918, 920, 921, 922, 923, 924, 926, 931, 933]","[2, 9, 10, 82, 111, 112, 113, 199, 279, 284, 285, 300, 488, 494, 495, 553, 581, 582, 583, 670, 738, 743, 744, 759, 818]","[2, 9, 10, 82, 111, 112, 113, 199, 279, 284, 285, 300, 488, 494, 495, 553, 581, 582, 583, 670, 738, 743, 744, 759, 818]",5/6 successful match,True,"[481, 482, 483, 484]",True,279,False,,1.0,True,Bandit Valero,Valero
Baker ( 92309 ) Baker Shell,6 760-733-4542 I-15 Exit 246 ( Baker Blvd S ) 2019,2019 24 M <U+2610>,Baker,92309,Baker Shell,760-733-4542,2015,Baker,CA,Shell,( Baker Blvd S ) 2019,I-15 Exit 246 ,Exit,246,False,,False,I-15,,,,,"[317, 775]","[125, 265, 317, 596, 725, 775]","[125, 265, 317, 596, 725, 775]","[125, 317, 596, 775]","[103, 104, 105, 106, 107, 108, 109, 110, 111, 112, 113, 114, 115, 116, 117, 118, 119, 120, 121, 122, 123, 124, 125, 126, 127, 128, 129, 130, 131, 132, 133, 134, 135, 136, 137, 138, 139, 140, 141, 142, 143, 144, 145, 146, 147, 148, 149, 150, 151, 152, 153, 154, 155, 156, 157, 158, 159, 160, 161, 162, 163, 164, 165, 166, 167, 168, 169, 170, 171, 172, 173, 174, 175, 176, 177, 178, 179, 180, 181, 182, 183, 184, 185, 186, 187, 188, 189, 190, 191, 192, 193, 194, 195, 196, 197, 198, 199, 200, 201, 202, 203, 204, 205, 206, 207, 208, 209, 210, 211, 212, 213, 214, 215, 216, 217, 218, 219, 220, 221, 222, 223, 224, 225, 226, 227, 228, 229, 230, 231, 232, 233, 234, 235, 236, 237, 238, 239, 240, 241, 242, 243, 244, 245, 246, 247, 248, 249, 250, 251, 252, 253, 254, 255, 256, 257, 258, 259, 260, 261, 262, 263, 264, 265, 266, 267, 268, 269, 270, 271, 272, 273, 274, 275, 276, 277, 278, 279, 280, 281, 282, 283, 284, 285, 286, 287, 288, 289, 290, 291, 292, 293, 294, 295, 296, 297, 298, 299, 300, 301, 302, 303, 304, 305, 306, 307, 308, 309, 310, 311, 312, 313, 314, 315, 316, 317, 318, 319, 320, 321, 322, 323, 324, 325, 326, 327, 328, 329, 330, 331, 332, 333, 334, 335, 336, 337, 574, 575, 576, 577, 578, 579, 580, 581, 582, 583, 584, 585, 586, 587, 588, 589, 590, 591, 592, 593, 594, 595, 596, 597, 598, 599, 600, 601, 602, 603, 604, 605, 606, 607, 608, 609, 610, 611, 612, 613, 614, 615, 616, 617, 618, 619, 620, 621, 622, 623, 624, 625, 626, 627, 628, 629, 630, 631, 632, 633, 634, 635, 636, 637, 638, 639, 640, 641, 642, 643, 644, 645, 646, 647, 648, 649, 650, 651, 652, 653, 654, 655, 656, 657, 658, 659, 660, 661, 662, 663, 664, 665, 666, 667, 668, 669, 670, 671, 672, 673, 674, 675, 676, 677, 678, 679, 680, 681, 682, 683, 684, 685, 686, 687, 688, 689, 690, 691, 692, 693, 694, 695, 696, 697, 698, 699, 700, 701, 702, 703, 704, 705, 706, 707, 708, 709, 710, 711, 712, 713, 714, 715, 716, 717, 718, 719, 720, 721, 722, 723, 724, 725, 726, 727, 728, 729, 730, 731, 732, 733, 734, 735, 736, 737, 738, 739, 740, 741, 742, 743, 744, 745, 746, 747, 748, 749, 750, 751, 752, 753, 754, 755, 756, 757, 758, 759, 760, 761, 762, 763, 764, 765, 766, 767, 768, 769, 770, 771, 772, 773, 774, 775, 776, 777, 778, 779, 780, 781, 782, 783, 784, 785, 786, 787, 788, 789, 790, 791, 792, 793]","[16, 125, 156, 163, 168, 184, 205, 222, 229, 253, 258, 265, 313, 317, 336, 340, 341, 356, 363, 365, 366, 367, 370, 375, 388, 391, 394, 396, 402, 410, 411, 412, 413, 415, 416, 417, 418, 419, 425, 429, 431, 433, 435, 437, 440, 441, 442, 443, 451, 452, 456, 457, 458, 460, 461, 464, 471, 473, 474, 475, 481, 482, 501, 596, 628, 635, 655, 675, 693, 716, 720, 725, 771, 775, 793, 796, 797, 811, 817, 818, 820, 825, 838, 841, 844, 846, 851, 857, 861, 862, 863, 864, 866, 867, 868, 870, 871, 877, 881, 883, 885, 888, 891, 892, 893, 898, 899, 904, 905, 907, 908, 911, 918, 920, 921, 922, 923, 924, 926, 931, 933]","[1, 13, 14, 29, 54, 55, 56, 57, 58, 60, 102, 118, 125, 127, 130, 134, 146, 149, 153, 175, 182, 187, 189, 191, 197, 225, 230, 238, 264, 265, 266, 286, 302, 317, 336, 379, 388, 389, 425, 454, 458, 463, 475, 487, 498, 499, 512, 530, 531, 532, 533, 534, 536, 573, 589, 596, 598, 601, 605, 617, 620, 624, 646, 653, 658, 660, 662, 668, 689, 694, 702, 724, 725, 745, 760, 775, 793, 829, 838, 839, 877, 901, 903, 905, 910, 923]","[1, 13, 14, 29, 54, 55, 56, 57, 58, 60, 102, 118, 125, 127, 130, 134, 146, 149, 153, 175, 182, 187, 189, 191, 197, 225, 230, 238, 264, 265, 266, 286, 302, 317, 336, 354, 379, 388, 389, 425, 454, 458, 463, 475, 487, 498, 499, 512, 530, 531, 532, 533, 534, 536, 573, 589, 596, 598, 601, 605, 617, 620, 624, 646, 653, 658, 660, 662, 668, 689, 694, 702, 724, 725, 745, 760, 775, 793, 809, 829, 838, 839, 877, 901, 903, 905, 910, 923]","[1, 13, 14, 16, 29, 54, 55, 56, 57, 58, 60, 102, 103, 104, 105, 106, 107, 108, 109, 110, 111, 112, 113, 114, 115, 116, 117, 118, 119, 120, 121, 122, 123, 124, 125, 126, 127, 128, 129, 130, 131, 132, 133, 134, 135, 136, 137, 138, 139, 140, 141, 142, 143, 144, 145, 146, 147, 148, 149, 150, 151, 152, 153, 154, 155, 156, 157, 158, 159, 160, 161, 162, 163, 164, 165, 166, 167, 168, 169, 170, 171, 172, 173, 174, 175, 176, 177, 178, 179, 180, 181, 182, 183, 184, 185, 186, 187, 188, 189, 190, 191, 192, 193, 194, 195, 196, 197, 198, 199, 200, 201, 202, 203, 204, 205, 206, 207, 208, 209, 210, 211, 212, 213, 214, 215, 216, 217, 218, 219, 220, 221, 222, 223, 224, 225, 226, 227, 228, 229, 230, 231, 232, 233, 234, 235, 236, 237, 238, 239, 240, 241, 242, 243, 244, 245, 246, 247, 248, 249, 250, 251, 252, 253, 254, 255, 256, 257, 258, 259, 260, 261, 262, 263, 264, 265, 266, 267, 268, 269, 270, 271, 272, 273, 274, 275, 276, 277, 278, 279, 280, 281, 282, 283, 284, 285, 286, 287, 288, 289, 290, 291, 292, 293, 294, 295, 296, 297, 298, 299, 300, 301, 302, 303, 304, 305, 306, 307, 308, 309, 310, 311, 312, 313, 314, 315, 316, 317, 318, 319, 320, 321, 322, 323, 324, 325, 326, 327, 328, 329, 330, 331, 332, 333, 334, 335, 336, 337, 340, 341, 354, 356, 363, 365, 366, 367, 370, 375, 379, 388, 389, 391, 394, 396, 402, 410, 411, 412, 413, 415, 416, 417, 418, 419, 425, 429, 431, 433, 435, 437, 440, 441, 442, 443, 451, 452, 454, 456, 457, 458, 460, 461, 463, 464, 471, 473, 474, 475, 481, 482, 487, 498, 499, 501, 512, 530, 531, 532, 533, 534, 536, 573, 574, 575, 576, 577, 578, 579, 580, 581, 582, 583, 584, 585, 586, 587, 588, 589, 590, 591, 592, 593, 594, 595, 596, 597, 598, 599, 600, 601, 602, 603, 604, 605, 606, 607, 608, 609, 610, 611, 612, 613, 614, 615, 616, 617, 618, 619, 620, 621, 622, 623, 624, 625, 626, 627, 628, 629, 630, 631, 632, 633, 634, 635, 636, 637, 638, 639, 640, 641, 642, 643, 644, 645, 646, 647, 648, 649, 650, 651, 652, 653, 654, 655, 656, 657, 658, 659, 660, 661, 662, 663, 664, 665, 666, 667, 668, 669, 670, 671, 672, 673, 674, 675, 676, 677, 678, 679, 680, 681, 682, 683, 684, 685, 686, 687, 688, 689, 690, 691, 692, 693, 694, 695, 696, 697, 698, 699, 700, 701, 702, 703, 704, 705, 706, 707, 708, 709, 710, 711, 712, 713, 714, 715, 716, 717, 718, 719, 720, 721, 722, 723, 724, 725, 726, 727, 728, 729, 730, 731, 732, 733, 734, 735, 736, 737, 738, 739, 740, 741, 742, 743, 744, 745, 746, 747, 748, 749, 750, 751, 752, 753, 754, 755, 756, 757, 758, 759, 760, 761, 762, 763, 764, 765, 766, 767, 768, 769, 770, 771, 772, 773, 774, 775, 776, 777, 778, 779, 780, 781, 782, 783, 784, 785, 786, 787, 788, 789, 790, 791, 792, 793, 796, 797, 809, 811, 817, 818, 820, 825, 829, 838, 839, 841, 844, 846, 851, 857, 861, 862, 863, 864, 866, 867, 868, 870, 871, 877, 881, 883, 885, 888, 891, 892, 893, 898, 899, 901, 903, 904, 905, 907, 908, 910, 911, 918, 920, 921, 922, 923, 924, 926, 931, 933]",True,"[125, 265, 317, 596, 725, 775]","[103, 104, 105, 106, 107, 108, 109, 110, 111, 112, 113, 114, 115, 116, 117, 118, 119, 120, 121, 122, 123, 124, 125, 126, 127, 128, 129, 130, 131, 132, 133, 134, 135, 136, 137, 138, 139, 140, 141, 142, 143, 144, 145, 146, 147, 148, 149, 150, 151, 152, 153, 154, 155, 156, 157, 158, 159, 160, 161, 162, 163, 164, 165, 166, 167, 168, 169, 170, 171, 172, 173, 174, 175, 176, 177, 178, 179, 180, 181, 182, 183, 184, 185, 186, 187, 188, 189, 190, 191, 192, 193, 194, 195, 196, 197, 198, 199, 200, 201, 202, 203, 204, 205, 206, 207, 208, 209, 210, 211, 212, 213, 214, 215, 216, 217, 218, 219, 220, 221, 222, 223, 224, 225, 226, 227, 228, 229, 230, 231, 232, 233, 234, 235, 236, 237, 238, 239, 240, 241, 242, 243, 244, 245, 246, 247, 248, 249, 250, 251, 252, 253, 254, 255, 256, 257, 258, 259, 260, 261, 262, 263, 264, 265, 266, 267, 268, 269, 270, 271, 272, 273, 274, 275, 276, 277, 278, 279, 280, 281, 282, 283, 284, 285, 286, 287, 288, 289, 290, 291, 292, 293, 294, 295, 296, 297, 298, 299, 300, 301, 302, 303, 304, 305, 306, 307, 308, 309, 310, 311, 312, 313, 314, 315, 316, 317, 318, 319, 320, 321, 322, 323, 324, 325, 326, 327, 328, 329, 330, 331, 332, 333, 334, 335, 336, 337, 574, 575, 576, 577, 578, 579, 580, 581, 582, 583, 584, 585, 586, 587, 588, 589, 590, 591, 592, 593, 594, 595, 596, 597, 598, 599, 600, 601, 602, 603, 604, 605, 606, 607, 608, 609, 610, 611, 612, 613, 614, 615, 616, 617, 618, 619, 620, 621, 622, 623, 624, 625, 626, 627, 628, 629, 630, 631, 632, 633, 634, 635, 636, 637, 638, 639, 640, 641, 642, 643, 644, 645, 646, 647, 648, 649, 650, 651, 652, 653, 654, 655, 656, 657, 658, 659, 660, 661, 662, 663, 664, 665, 666, 667, 668, 669, 670, 671, 672, 673, 674, 675, 676, 677, 678, 679, 680, 681, 682, 683, 684, 685, 686, 687, 688, 689, 690, 691, 692, 693, 694, 695, 696, 697, 698, 699, 700, 701, 702, 703, 704, 705, 706, 707, 708, 709, 710, 711, 712, 713, 714, 715, 716, 717, 718, 719, 720, 721, 722, 723, 724, 725, 726, 727, 728, 729, 730, 731, 732, 733, 734, 735, 736, 737, 738, 739, 740, 741, 742, 743, 744, 745, 746, 747, 748, 749, 750, 751, 752, 753, 754, 755, 756, 757, 758, 759, 760, 761, 762, 763, 764, 765, 766, 767, 768, 769, 770, 771, 772, 773, 774, 775, 776, 777, 778, 779, 780, 781, 782, 783, 784, 785, 786, 787, 788, 789, 790, 791, 792, 793]","[125, 265, 317, 596, 725, 775]","[125, 317, 596, 775]","[16, 125, 156, 163, 168, 184, 205, 222, 229, 253, 258, 265, 313, 317, 336, 340, 341, 356, 363, 365, 366, 367, 370, 375, 388, 391, 394, 396, 402, 410, 411, 412, 413, 415, 416, 417, 418, 419, 425, 429, 431, 433, 435, 437, 440, 441, 442, 443, 451, 452, 456, 457, 458, 460, 461, 464, 471, 473, 474, 475, 481, 482, 501, 596, 628, 635, 655, 675, 693, 716, 720, 725, 771, 775, 793, 796, 797, 811, 817, 818, 820, 825, 838, 841, 844, 846, 851, 857, 861, 862, 863, 864, 866, 867, 868, 870, 871, 877, 881, 883, 885, 888, 891, 892, 893, 898, 899, 904, 905, 907, 908, 911, 918, 920, 921, 922, 923, 924, 926, 931, 933]","[1, 13, 14, 29, 54, 55, 56, 57, 58, 60, 102, 118, 125, 127, 130, 134, 146, 149, 153, 175, 182, 187, 189, 191, 197, 225, 230, 238, 264, 265, 266, 286, 302, 317, 336, 354, 379, 388, 389, 425, 454, 458, 463, 475, 487, 498, 499, 512, 530, 531, 532, 533, 534, 536, 573, 589, 596, 598, 601, 605, 617, 620, 624, 646, 653, 658, 660, 662, 668, 689, 694, 702, 724, 725, 745, 760, 775, 793, 809, 829, 838, 839, 877, 901, 903, 905, 910, 923]","[1, 13, 14, 29, 54, 55, 56, 57, 58, 60, 102, 118, 125, 127, 130, 134, 146, 149, 153, 175, 182, 187, 189, 191, 197, 225, 230, 238, 264, 265, 266, 286, 302, 317, 336, 379, 388, 389, 425, 454, 458, 463, 475, 487, 498, 499, 512, 530, 531, 532, 533, 534, 536, 573, 589, 596, 598, 601, 605, 617, 620, 624, 646, 653, 658, 660, 662, 668, 689, 694, 702, 724, 725, 745, 760, 775, 793, 829, 838, 839, 877, 901, 903, 905, 910, 923]",7/6 successful match,True,"[481, 482, 483, 484]",True,279,True,2015,0.16666666666666666,False,Bandit Valero,Valero
Baker ( 92309 ) Baker Shell,6 760-733-4542 I-15 Exit 246 ( Baker Blvd S ),24 M <U+25A1>,Baker,92309,Baker Shell,760-733-4542,2016,Baker,CA,Shell,( Baker Blvd S ),I-15 Exit 246 ,Exit,246,False,,False,I-15,,,,,"[317, 775]","[125, 265, 317, 596, 725, 775]","[125, 265, 317, 596, 725, 775]","[125, 317, 596, 775]","[103, 104, 105, 106, 107, 108, 109, 110, 111, 112, 113, 114, 115, 116, 117, 118, 119, 120, 121, 122, 123, 124, 125, 126, 127, 128, 129, 130, 131, 132, 133, 134, 135, 136, 137, 138, 139, 140, 141, 142, 143, 144, 145, 146, 147, 148, 149, 150, 151, 152, 153, 154, 155, 156, 157, 158, 159, 160, 161, 162, 163, 164, 165, 166, 167, 168, 169, 170, 171, 172, 173, 174, 175, 176, 177, 178, 179, 180, 181, 182, 183, 184, 185, 186, 187, 188, 189, 190, 191, 192, 193, 194, 195, 196, 197, 198, 199, 200, 201, 202, 203, 204, 205, 206, 207, 208, 209, 210, 211, 212, 213, 214, 215, 216, 217, 218, 219, 220, 221, 222, 223, 224, 225, 226, 227, 228, 229, 230, 231, 232, 233, 234, 235, 236, 237, 238, 239, 240, 241, 242, 243, 244, 245, 246, 247, 248, 249, 250, 251, 252, 253, 254, 255, 256, 257, 258, 259, 260, 261, 262, 263, 264, 265, 266, 267, 268, 269, 270, 271, 272, 273, 274, 275, 276, 277, 278, 279, 280, 281, 282, 283, 284, 285, 286, 287, 288, 289, 290, 291, 292, 293, 294, 295, 296, 297, 298, 299, 300, 301, 302, 303, 304, 305, 306, 307, 308, 309, 310, 311, 312, 313, 314, 315, 316, 317, 318, 319, 320, 321, 322, 323, 324, 325, 326, 327, 328, 329, 330, 331, 332, 333, 334, 335, 336, 337, 574, 575, 576, 577, 578, 579, 580, 581, 582, 583, 584, 585, 586, 587, 588, 589, 590, 591, 592, 593, 594, 595, 596, 597, 598, 599, 600, 601, 602, 603, 604, 605, 606, 607, 608, 609, 610, 611, 612, 613, 614, 615, 616, 617, 618, 619, 620, 621, 622, 623, 624, 625, 626, 627, 628, 629, 630, 631, 632, 633, 634, 635, 636, 637, 638, 639, 640, 641, 642, 643, 644, 645, 646, 647, 648, 649, 650, 651, 652, 653, 654, 655, 656, 657, 658, 659, 660, 661, 662, 663, 664, 665, 666, 667, 668, 669, 670, 671, 672, 673, 674, 675, 676, 677, 678, 679, 680, 681, 682, 683, 684, 685, 686, 687, 688, 689, 690, 691, 692, 693, 694, 695, 696, 697, 698, 699, 700, 701, 702, 703, 704, 705, 706, 707, 708, 709, 710, 711, 712, 713, 714, 715, 716, 717, 718, 719, 720, 721, 722, 723, 724, 725, 726, 727, 728, 729, 730, 731, 732, 733, 734, 735, 736, 737, 738, 739, 740, 741, 742, 743, 744, 745, 746, 747, 748, 749, 750, 751, 752, 753, 754, 755, 756, 757, 758, 759, 760, 761, 762, 763, 764, 765, 766, 767, 768, 769, 770, 771, 772, 773, 774, 775, 776, 777, 778, 779, 780, 781, 782, 783, 784, 785, 786, 787, 788, 789, 790, 791, 792, 793]","[16, 125, 156, 163, 168, 184, 205, 222, 229, 253, 258, 265, 313, 317, 336, 340, 341, 356, 363, 365, 366, 367, 370, 375, 388, 391, 394, 396, 402, 410, 411, 412, 413, 415, 416, 417, 418, 419, 425, 429, 431, 433, 435, 437, 440, 441, 442, 443, 451, 452, 456, 457, 458, 460, 461, 464, 471, 473, 474, 475, 481, 482, 501, 596, 628, 635, 655, 675, 693, 716, 720, 725, 771, 775, 793, 796, 797, 811, 817, 818, 820, 825, 838, 841, 844, 846, 851, 857, 861, 862, 863, 864, 866, 867, 868, 870, 871, 877, 881, 883, 885, 888, 891, 892, 893, 898, 899, 904, 905, 907, 908, 911, 918, 920, 921, 922, 923, 924, 926, 931, 933]","[1, 13, 14, 29, 54, 55, 56, 57, 58, 60, 102, 118, 125, 127, 130, 134, 146, 149, 153, 175, 182, 187, 189, 191, 197, 225, 230, 238, 264, 265, 266, 286, 302, 317, 336, 379, 388, 389, 425, 454, 458, 463, 475, 487, 498, 499, 512, 530, 531, 532, 533, 534, 536, 573, 589, 596, 598, 601, 605, 617, 620, 624, 646, 653, 658, 660, 662, 668, 689, 694, 702, 724, 725, 745, 760, 775, 793, 829, 838, 839, 877, 901, 903, 905, 910, 923]","[1, 13, 14, 29, 54, 55, 56, 57, 58, 60, 102, 118, 125, 127, 130, 134, 146, 149, 153, 175, 182, 187, 189, 191, 197, 225, 230, 238, 264, 265, 266, 286, 302, 317, 336, 354, 379, 388, 389, 425, 454, 458, 463, 475, 487, 498, 499, 512, 530, 531, 532, 533, 534, 536, 573, 589, 596, 598, 601, 605, 617, 620, 624, 646, 653, 658, 660, 662, 668, 689, 694, 702, 724, 725, 745, 760, 775, 793, 809, 829, 838, 839, 877, 901, 903, 905, 910, 923]","[1, 13, 14, 16, 29, 54, 55, 56, 57, 58, 60, 102, 103, 104, 105, 106, 107, 108, 109, 110, 111, 112, 113, 114, 115, 116, 117, 118, 119, 120, 121, 122, 123, 124, 125, 126, 127, 128, 129, 130, 131, 132, 133, 134, 135, 136, 137, 138, 139, 140, 141, 142, 143, 144, 145, 146, 147, 148, 149, 150, 151, 152, 153, 154, 155, 156, 157, 158, 159, 160, 161, 162, 163, 164, 165, 166, 167, 168, 169, 170, 171, 172, 173, 174, 175, 176, 177, 178, 179, 180, 181, 182, 183, 184, 185, 186, 187, 188, 189, 190, 191, 192, 193, 194, 195, 196, 197, 198, 199, 200, 201, 202, 203, 204, 205, 206, 207, 208, 209, 210, 211, 212, 213, 214, 215, 216, 217, 218, 219, 220, 221, 222, 223, 224, 225, 226, 227, 228, 229, 230, 231, 232, 233, 234, 235, 236, 237, 238, 239, 240, 241, 242, 243, 244, 245, 246, 247, 248, 249, 250, 251, 252, 253, 254, 255, 256, 257, 258, 259, 260, 261, 262, 263, 264, 265, 266, 267, 268, 269, 270, 271, 272, 273, 274, 275, 276, 277, 278, 279, 280, 281, 282, 283, 284, 285, 286, 287, 288, 289, 290, 291, 292, 293, 294, 295, 296, 297, 298, 299, 300, 301, 302, 303, 304, 305, 306, 307, 308, 309, 310, 311, 312, 313, 314, 315, 316, 317, 318, 319, 320, 321, 322, 323, 324, 325, 326, 327, 328, 329, 330, 331, 332, 333, 334, 335, 336, 337, 340, 341, 354, 356, 363, 365, 366, 367, 370, 375, 379, 388, 389, 391, 394, 396, 402, 410, 411, 412, 413, 415, 416, 417, 418, 419, 425, 429, 431, 433, 435, 437, 440, 441, 442, 443, 451, 452, 454, 456, 457, 458, 460, 461, 463, 464, 471, 473, 474, 475, 481, 482, 487, 498, 499, 501, 512, 530, 531, 532, 533, 534, 536, 573, 574, 575, 576, 577, 578, 579, 580, 581, 582, 583, 584, 585, 586, 587, 588, 589, 590, 591, 592, 593, 594, 595, 596, 597, 598, 599, 600, 601, 602, 603, 604, 605, 606, 607, 608, 609, 610, 611, 612, 613, 614, 615, 616, 617, 618, 619, 620, 621, 622, 623, 624, 625, 626, 627, 628, 629, 630, 631, 632, 633, 634, 635, 636, 637, 638, 639, 640, 641, 642, 643, 644, 645, 646, 647, 648, 649, 650, 651, 652, 653, 654, 655, 656, 657, 658, 659, 660, 661, 662, 663, 664, 665, 666, 667, 668, 669, 670, 671, 672, 673, 674, 675, 676, 677, 678, 679, 680, 681, 682, 683, 684, 685, 686, 687, 688, 689, 690, 691, 692, 693, 694, 695, 696, 697, 698, 699, 700, 701, 702, 703, 704, 705, 706, 707, 708, 709, 710, 711, 712, 713, 714, 715, 716, 717, 718, 719, 720, 721, 722, 723, 724, 725, 726, 727, 728, 729, 730, 731, 732, 733, 734, 735, 736, 737, 738, 739, 740, 741, 742, 743, 744, 745, 746, 747, 748, 749, 750, 751, 752, 753, 754, 755, 756, 757, 758, 759, 760, 761, 762, 763, 764, 765, 766, 767, 768, 769, 770, 771, 772, 773, 774, 775, 776, 777, 778, 779, 780, 781, 782, 783, 784, 785, 786, 787, 788, 789, 790, 791, 792, 793, 796, 797, 809, 811, 817, 818, 820, 825, 829, 838, 839, 841, 844, 846, 851, 857, 861, 862, 863, 864, 866, 867, 868, 870, 871, 877, 881, 883, 885, 888, 891, 892, 893, 898, 899, 901, 903, 904, 905, 907, 908, 910, 911, 918, 920, 921, 922, 923, 924, 926, 931, 933]",True,"[125, 265, 317, 596, 725, 775]","[103, 104, 105, 106, 107, 108, 109, 110, 111, 112, 113, 114, 115, 116, 117, 118, 119, 120, 121, 122, 123, 124, 125, 126, 127, 128, 129, 130, 131, 132, 133, 134, 135, 136, 137, 138, 139, 140, 141, 142, 143, 144, 145, 146, 147, 148, 149, 150, 151, 152, 153, 154, 155, 156, 157, 158, 159, 160, 161, 162, 163, 164, 165, 166, 167, 168, 169, 170, 171, 172, 173, 174, 175, 176, 177, 178, 179, 180, 181, 182, 183, 184, 185, 186, 187, 188, 189, 190, 191, 192, 193, 194, 195, 196, 197, 198, 199, 200, 201, 202, 203, 204, 205, 206, 207, 208, 209, 210, 211, 212, 213, 214, 215, 216, 217, 218, 219, 220, 221, 222, 223, 224, 225, 226, 227, 228, 229, 230, 231, 232, 233, 234, 235, 236, 237, 238, 239, 240, 241, 242, 243, 244, 245, 246, 247, 248, 249, 250, 251, 252, 253, 254, 255, 256, 257, 258, 259, 260, 261, 262, 263, 264, 265, 266, 267, 268, 269, 270, 271, 272, 273, 274, 275, 276, 277, 278, 279, 280, 281, 282, 283, 284, 285, 286, 287, 288, 289, 290, 291, 292, 293, 294, 295, 296, 297, 298, 299, 300, 301, 302, 303, 304, 305, 306, 307, 308, 309, 310, 311, 312, 313, 314, 315, 316, 317, 318, 319, 320, 321, 322, 323, 324, 325, 326, 327, 328, 329, 330, 331, 332, 333, 334, 335, 336, 337, 574, 575, 576, 577, 578, 579, 580, 581, 582, 583, 584, 585, 586, 587, 588, 589, 590, 591, 592, 593, 594, 595, 596, 597, 598, 599, 600, 601, 602, 603, 604, 605, 606, 607, 608, 609, 610, 611, 612, 613, 614, 615, 616, 617, 618, 619, 620, 621, 622, 623, 624, 625, 626, 627, 628, 629, 630, 631, 632, 633, 634, 635, 636, 637, 638, 639, 640, 641, 642, 643, 644, 645, 646, 647, 648, 649, 650, 651, 652, 653, 654, 655, 656, 657, 658, 659, 660, 661, 662, 663, 664, 665, 666, 667, 668, 669, 670, 671, 672, 673, 674, 675, 676, 677, 678, 679, 680, 681, 682, 683, 684, 685, 686, 687, 688, 689, 690, 691, 692, 693, 694, 695, 696, 697, 698, 699, 700, 701, 702, 703, 704, 705, 706, 707, 708, 709, 710, 711, 712, 713, 714, 715, 716, 717, 718, 719, 720, 721, 722, 723, 724, 725, 726, 727, 728, 729, 730, 731, 732, 733, 734, 735, 736, 737, 738, 739, 740, 741, 742, 743, 744, 745, 746, 747, 748, 749, 750, 751, 752, 753, 754, 755, 756, 757, 758, 759, 760, 761, 762, 763, 764, 765, 766, 767, 768, 769, 770, 771, 772, 773, 774, 775, 776, 777, 778, 779, 780, 781, 782, 783, 784, 785, 786, 787, 788, 789, 790, 791, 792, 793]","[125, 265, 317, 596, 725, 775]","[125, 317, 596, 775]","[16, 125, 156, 163, 168, 184, 205, 222, 229, 253, 258, 265, 313, 317, 336, 340, 341, 356, 363, 365, 366, 367, 370, 375, 388, 391, 394, 396, 402, 410, 411, 412, 413, 415, 416, 417, 418, 419, 425, 429, 431, 433, 435, 437, 440, 441, 442, 443, 451, 452, 456, 457, 458, 460, 461, 464, 471, 473, 474, 475, 481, 482, 501, 596, 628, 635, 655, 675, 693, 716, 720, 725, 771, 775, 793, 796, 797, 811, 817, 818, 820, 825, 838, 841, 844, 846, 851, 857, 861, 862, 863, 864, 866, 867, 868, 870, 871, 877, 881, 883, 885, 888, 891, 892, 893, 898, 899, 904, 905, 907, 908, 911, 918, 920, 921, 922, 923, 924, 926, 931, 933]","[1, 13, 14, 29, 54, 55, 56, 57, 58, 60, 102, 118, 125, 127, 130, 134, 146, 149, 153, 175, 182, 187, 189, 191, 197, 225, 230, 238, 264, 265, 266, 286, 302, 317, 336, 354, 379, 388, 389, 425, 454, 458, 463, 475, 487, 498, 499, 512, 530, 531, 532, 533, 534, 536, 573, 589, 596, 598, 601, 605, 617, 620, 624, 646, 653, 658, 660, 662, 668, 689, 694, 702, 724, 725, 745, 760, 775, 793, 809, 829, 838, 839, 877, 901, 903, 905, 910, 923]","[1, 13, 14, 29, 54, 55, 56, 57, 58, 60, 102, 118, 125, 127, 130, 134, 146, 149, 153, 175, 182, 187, 189, 191, 197, 225, 230, 238, 264, 265, 266, 286, 302, 317, 336, 379, 388, 389, 425, 454, 458, 463, 475, 487, 498, 499, 512, 530, 531, 532, 533, 534, 536, 573, 589, 596, 598, 601, 605, 617, 620, 624, 646, 653, 658, 660, 662, 668, 689, 694, 702, 724, 725, 745, 760, 775, 793, 829, 838, 839, 877, 901, 903, 905, 910, 923]",7/6 successful match,True,"[481, 482, 483, 484]",True,279,False,,1.0,True,Baker Shell,Shell
"Barstow , 92311 Flying J Travel Plaza # 0500090",760-253-7043 I-15 Exit 178 ( Lenwood Rd SE ),24 XL 2400,Barstow,92311,Flying J Travel Plaza # 0500090,760-253-7043,2006,Barstow,CA,Flying J,( Lenwood Rd SE ),I-15 Exit 178 ,Exit,178,False,,False,I-15,,,,,"[635, 163]","[163, 168, 205, 253, 313, 635, 675, 716, 771]","[163, 168, 205, 253, 313, 635, 675, 716, 771]","[163, 205, 253, 313, 635, 675, 716, 771]","[103, 104, 105, 106, 107, 108, 109, 110, 111, 112, 113, 114, 115, 116, 117, 118, 119, 120, 121, 122, 123, 124, 125, 126, 127, 128, 129, 130, 131, 132, 133, 134, 135, 136, 137, 138, 139, 140, 141, 142, 143, 144, 145, 146, 147, 148, 149, 150, 151, 152, 153, 154, 155, 156, 157, 158, 159, 160, 161, 162, 163, 164, 165, 166, 167, 168, 169, 170, 171, 172, 173, 174, 175, 176, 177, 178, 179, 180, 181, 182, 183, 184, 185, 186, 187, 188, 189, 190, 191, 192, 193, 194, 195, 196, 197, 198, 199, 200, 201, 202, 203, 204, 205, 206, 207, 208, 209, 210, 211, 212, 213, 214, 215, 216, 217, 218, 219, 220, 221, 222, 223, 224, 225, 226, 227, 228, 229, 230, 231, 232, 233, 234, 235, 236, 237, 238, 239, 240, 241, 242, 243, 244, 245, 246, 247, 248, 249, 250, 251, 252, 253, 254, 255, 256, 257, 258, 259, 260, 261, 262, 263, 264, 265, 266, 267, 268, 269, 270, 271, 272, 273, 274, 275, 276, 277, 278, 279, 280, 281, 282, 283, 284, 285, 286, 287, 288, 289, 290, 291, 292, 293, 294, 295, 296, 297, 298, 299, 300, 301, 302, 303, 304, 305, 306, 307, 308, 309, 310, 311, 312, 313, 314, 315, 316, 317, 318, 319, 320, 321, 322, 323, 324, 325, 326, 327, 328, 329, 330, 331, 332, 333, 334, 335, 336, 337, 574, 575, 576, 577, 578, 579, 580, 581, 582, 583, 584, 585, 586, 587, 588, 589, 590, 591, 592, 593, 594, 595, 596, 597, 598, 599, 600, 601, 602, 603, 604, 605, 606, 607, 608, 609, 610, 611, 612, 613, 614, 615, 616, 617, 618, 619, 620, 621, 622, 623, 624, 625, 626, 627, 628, 629, 630, 631, 632, 633, 634, 635, 636, 637, 638, 639, 640, 641, 642, 643, 644, 645, 646, 647, 648, 649, 650, 651, 652, 653, 654, 655, 656, 657, 658, 659, 660, 661, 662, 663, 664, 665, 666, 667, 668, 669, 670, 671, 672, 673, 674, 675, 676, 677, 678, 679, 680, 681, 682, 683, 684, 685, 686, 687, 688, 689, 690, 691, 692, 693, 694, 695, 696, 697, 698, 699, 700, 701, 702, 703, 704, 705, 706, 707, 708, 709, 710, 711, 712, 713, 714, 715, 716, 717, 718, 719, 720, 721, 722, 723, 724, 725, 726, 727, 728, 729, 730, 731, 732, 733, 734, 735, 736, 737, 738, 739, 740, 741, 742, 743, 744, 745, 746, 747, 748, 749, 750, 751, 752, 753, 754, 755, 756, 757, 758, 759, 760, 761, 762, 763, 764, 765, 766, 767, 768, 769, 770, 771, 772, 773, 774, 775, 776, 777, 778, 779, 780, 781, 782, 783, 784, 785, 786, 787, 788, 789, 790, 791, 792, 793]","[16, 125, 156, 163, 168, 184, 205, 222, 229, 253, 258, 265, 313, 317, 336, 340, 341, 356, 363, 365, 366, 367, 370, 375, 388, 391, 394, 396, 402, 410, 411, 412, 413, 415, 416, 417, 418, 419, 425, 429, 431, 433, 435, 437, 440, 441, 442, 443, 451, 452, 456, 457, 458, 460, 461, 464, 471, 473, 474, 475, 481, 482, 501, 596, 628, 635, 655, 675, 693, 716, 720, 725, 771, 775, 793, 796, 797, 811, 817, 818, 820, 825, 838, 841, 844, 846, 851, 857, 861, 862, 863, 864, 866, 867, 868, 870, 871, 877, 881, 883, 885, 888, 891, 892, 893, 898, 899, 904, 905, 907, 908, 911, 918, 920, 921, 922, 923, 924, 926, 931, 933]","[17, 18, 19, 20, 21, 22, 23, 156, 157, 158, 159, 160, 161, 162, 163, 164, 165, 166, 167, 341, 342, 343, 344, 345, 412, 413, 414, 415, 416, 417, 418, 419, 420, 421, 422, 502, 503, 504, 505, 506, 507, 628, 629, 630, 631, 632, 633, 634, 635, 636, 637, 638, 639, 792, 797, 798, 799, 800, 801, 863, 864, 865, 866, 867, 868, 869, 870, 871, 872, 873, 874]","[17, 18, 19, 20, 21, 22, 23, 156, 157, 158, 159, 160, 161, 162, 163, 164, 165, 166, 167, 168, 340, 341, 342, 343, 344, 345, 346, 412, 413, 414, 415, 416, 417, 418, 419, 420, 421, 422, 502, 503, 504, 505, 506, 507, 628, 629, 630, 631, 632, 633, 634, 635, 636, 637, 638, 639, 792, 796, 797, 798, 799, 800, 801, 863, 864, 865, 866, 867, 868, 869, 870, 871, 872, 873, 874]","[16, 17, 18, 19, 20, 21, 22, 23, 103, 104, 105, 106, 107, 108, 109, 110, 111, 112, 113, 114, 115, 116, 117, 118, 119, 120, 121, 122, 123, 124, 125, 126, 127, 128, 129, 130, 131, 132, 133, 134, 135, 136, 137, 138, 139, 140, 141, 142, 143, 144, 145, 146, 147, 148, 149, 150, 151, 152, 153, 154, 155, 156, 157, 158, 159, 160, 161, 162, 163, 164, 165, 166, 167, 168, 169, 170, 171, 172, 173, 174, 175, 176, 177, 178, 179, 180, 181, 182, 183, 184, 185, 186, 187, 188, 189, 190, 191, 192, 193, 194, 195, 196, 197, 198, 199, 200, 201, 202, 203, 204, 205, 206, 207, 208, 209, 210, 211, 212, 213, 214, 215, 216, 217, 218, 219, 220, 221, 222, 223, 224, 225, 226, 227, 228, 229, 230, 231, 232, 233, 234, 235, 236, 237, 238, 239, 240, 241, 242, 243, 244, 245, 246, 247, 248, 249, 250, 251, 252, 253, 254, 255, 256, 257, 258, 259, 260, 261, 262, 263, 264, 265, 266, 267, 268, 269, 270, 271, 272, 273, 274, 275, 276, 277, 278, 279, 280, 281, 282, 283, 284, 285, 286, 287, 288, 289, 290, 291, 292, 293, 294, 295, 296, 297, 298, 299, 300, 301, 302, 303, 304, 305, 306, 307, 308, 309, 310, 311, 312, 313, 314, 315, 316, 317, 318, 319, 320, 321, 322, 323, 324, 325, 326, 327, 328, 329, 330, 331, 332, 333, 334, 335, 336, 337, 340, 341, 342, 343, 344, 345, 346, 356, 363, 365, 366, 367, 370, 375, 388, 391, 394, 396, 402, 410, 411, 412, 413, 414, 415, 416, 417, 418, 419, 420, 421, 422, 425, 429, 431, 433, 435, 437, 440, 441, 442, 443, 451, 452, 456, 457, 458, 460, 461, 464, 471, 473, 474, 475, 481, 482, 501, 502, 503, 504, 505, 506, 507, 574, 575, 576, 577, 578, 579, 580, 581, 582, 583, 584, 585, 586, 587, 588, 589, 590, 591, 592, 593, 594, 595, 596, 597, 598, 599, 600, 601, 602, 603, 604, 605, 606, 607, 608, 609, 610, 611, 612, 613, 614, 615, 616, 617, 618, 619, 620, 621, 622, 623, 624, 625, 626, 627, 628, 629, 630, 631, 632, 633, 634, 635, 636, 637, 638, 639, 640, 641, 642, 643, 644, 645, 646, 647, 648, 649, 650, 651, 652, 653, 654, 655, 656, 657, 658, 659, 660, 661, 662, 663, 664, 665, 666, 667, 668, 669, 670, 671, 672, 673, 674, 675, 676, 677, 678, 679, 680, 681, 682, 683, 684, 685, 686, 687, 688, 689, 690, 691, 692, 693, 694, 695, 696, 697, 698, 699, 700, 701, 702, 703, 704, 705, 706, 707, 708, 709, 710, 711, 712, 713, 714, 715, 716, 717, 718, 719, 720, 721, 722, 723, 724, 725, 726, 727, 728, 729, 730, 731, 732, 733, 734, 735, 736, 737, 738, 739, 740, 741, 742, 743, 744, 745, 746, 747, 748, 749, 750, 751, 752, 753, 754, 755, 756, 757, 758, 759, 760, 761, 762, 763, 764, 765, 766, 767, 768, 769, 770, 771, 772, 773, 774, 775, 776, 777, 778, 779, 780, 781, 782, 783, 784, 785, 786, 787, 788, 789, 790, 791, 792, 793, 796, 797, 798, 799, 800, 801, 811, 817, 818, 820, 825, 838, 841, 844, 846, 851, 857, 861, 862, 863, 864, 865, 866, 867, 868, 869, 870, 871, 872, 873, 874, 877, 881, 883, 885, 888, 891, 892, 893, 898, 899, 904, 905, 907, 908, 911, 918, 920, 921, 922, 923, 924, 926, 931, 933]",True,"[163, 168, 205, 253, 313, 635, 675, 716, 771]","[103, 104, 105, 106, 107, 108, 109, 110, 111, 112, 113, 114, 115, 116, 117, 118, 119, 120, 121, 122, 123, 124, 125, 126, 127, 128, 129, 130, 131, 132, 133, 134, 135, 136, 137, 138, 139, 140, 141, 142, 143, 144, 145, 146, 147, 148, 149, 150, 151, 152, 153, 154, 155, 156, 157, 158, 159, 160, 161, 162, 163, 164, 165, 166, 167, 168, 169, 170, 171, 172, 173, 174, 175, 176, 177, 178, 179, 180, 181, 182, 183, 184, 185, 186, 187, 188, 189, 190, 191, 192, 193, 194, 195, 196, 197, 198, 199, 200, 201, 202, 203, 204, 205, 206, 207, 208, 209, 210, 211, 212, 213, 214, 215, 216, 217, 218, 219, 220, 221, 222, 223, 224, 225, 226, 227, 228, 229, 230, 231, 232, 233, 234, 235, 236, 237, 238, 239, 240, 241, 242, 243, 244, 245, 246, 247, 248, 249, 250, 251, 252, 253, 254, 255, 256, 257, 258, 259, 260, 261, 262, 263, 264, 265, 266, 267, 268, 269, 270, 271, 272, 273, 274, 275, 276, 277, 278, 279, 280, 281, 282, 283, 284, 285, 286, 287, 288, 289, 290, 291, 292, 293, 294, 295, 296, 297, 298, 299, 300, 301, 302, 303, 304, 305, 306, 307, 308, 309, 310, 311, 312, 313, 314, 315, 316, 317, 318, 319, 320, 321, 322, 323, 324, 325, 326, 327, 328, 329, 330, 331, 332, 333, 334, 335, 336, 337, 574, 575, 576, 577, 578, 579, 580, 581, 582, 583, 584, 585, 586, 587, 588, 589, 590, 591, 592, 593, 594, 595, 596, 597, 598, 599, 600, 601, 602, 603, 604, 605, 606, 607, 608, 609, 610, 611, 612, 613, 614, 615, 616, 617, 618, 619, 620, 621, 622, 623, 624, 625, 626, 627, 628, 629, 630, 631, 632, 633, 634, 635, 636, 637, 638, 639, 640, 641, 642, 643, 644, 645, 646, 647, 648, 649, 650, 651, 652, 653, 654, 655, 656, 657, 658, 659, 660, 661, 662, 663, 664, 665, 666, 667, 668, 669, 670, 671, 672, 673, 674, 675, 676, 677, 678, 679, 680, 681, 682, 683, 684, 685, 686, 687, 688, 689, 690, 691, 692, 693, 694, 695, 696, 697, 698, 699, 700, 701, 702, 703, 704, 705, 706, 707, 708, 709, 710, 711, 712, 713, 714, 715, 716, 717, 718, 719, 720, 721, 722, 723, 724, 725, 726, 727, 728, 729, 730, 731, 732, 733, 734, 735, 736, 737, 738, 739, 740, 741, 742, 743, 744, 745, 746, 747, 748, 749, 750, 751, 752, 753, 754, 755, 756, 757, 758, 759, 760, 761, 762, 763, 764, 765, 766, 767, 768, 769, 770, 771, 772, 773, 774, 775, 776, 777, 778, 779, 780, 781, 782, 783, 784, 785, 786, 787, 788, 789, 790, 791, 792, 793]","[163, 168, 205, 253, 313, 635, 675, 716, 771]","[163, 205, 253, 313, 635, 675, 716, 771]","[16, 125, 156, 163, 168, 184, 205, 222, 229, 253, 258, 265, 313, 317, 336, 340, 341, 356, 363, 365, 366, 367, 370, 375, 388, 391, 394, 396, 402, 410, 411, 412, 413, 415, 416, 417, 418, 419, 425, 429, 431, 433, 435, 437, 440, 441, 442, 443, 451, 452, 456, 457, 458, 460, 461, 464, 471, 473, 474, 475, 481, 482, 501, 596, 628, 635, 655, 675, 693, 716, 720, 725, 771, 775, 793, 796, 797, 811, 817, 818, 820, 825, 838, 841, 844, 846, 851, 857, 861, 862, 863, 864, 866, 867, 868, 870, 871, 877, 881, 883, 885, 888, 891, 892, 893, 898, 899, 904, 905, 907, 908, 911, 918, 920, 921, 922, 923, 924, 926, 931, 933]","[17, 18, 19, 20, 21, 22, 23, 156, 157, 158, 159, 160, 161, 162, 163, 164, 165, 166, 167, 168, 340, 341, 342, 343, 344, 345, 346, 412, 413, 414, 415, 416, 417, 418, 419, 420, 421, 422, 502, 503, 504, 505, 506, 507, 628, 629, 630, 631, 632, 633, 634, 635, 636, 637, 638, 639, 792, 796, 797, 798, 799, 800, 801, 863, 864, 865, 866, 867, 868, 869, 870, 871, 872, 873, 874]","[17, 18, 19, 20, 21, 22, 23, 156, 157, 158, 159, 160, 161, 162, 163, 164, 165, 166, 167, 341, 342, 343, 344, 345, 412, 413, 414, 415, 416, 417, 418, 419, 420, 421, 422, 502, 503, 504, 505, 506, 507, 628, 629, 630, 631, 632, 633, 634, 635, 636, 637, 638, 639, 792, 797, 798, 799, 800, 801, 863, 864, 865, 866, 867, 868, 869, 870, 871, 872, 873, 874]",7/6 successful match,True,"[616, 617]",True,280,False,,,,,
"Barstow , 92311 Flying J Travel Plaza # 0500090",760-253-7043 I-15 Exit 178 ( Lenwood Rd SE ) A,4 XL 44,Barstow,92311,Flying J Travel Plaza # 0500090,760-253-7043,2007,Barstow,CA,Flying J,( Lenwood Rd SE ) A,I-15 Exit 178 ,Exit,178,False,,False,I-15,,,,,"[635, 163]","[163, 168, 205, 253, 313, 635, 675, 716, 771]","[163, 168, 205, 253, 313, 635, 675, 716, 771]","[163, 205, 253, 313, 635, 675, 716, 771]","[103, 104, 105, 106, 107, 108, 109, 110, 111, 112, 113, 114, 115, 116, 117, 118, 119, 120, 121, 122, 123, 124, 125, 126, 127, 128, 129, 130, 131, 132, 133, 134, 135, 136, 137, 138, 139, 140, 141, 142, 143, 144, 145, 146, 147, 148, 149, 150, 151, 152, 153, 154, 155, 156, 157, 158, 159, 160, 161, 162, 163, 164, 165, 166, 167, 168, 169, 170, 171, 172, 173, 174, 175, 176, 177, 178, 179, 180, 181, 182, 183, 184, 185, 186, 187, 188, 189, 190, 191, 192, 193, 194, 195, 196, 197, 198, 199, 200, 201, 202, 203, 204, 205, 206, 207, 208, 209, 210, 211, 212, 213, 214, 215, 216, 217, 218, 219, 220, 221, 222, 223, 224, 225, 226, 227, 228, 229, 230, 231, 232, 233, 234, 235, 236, 237, 238, 239, 240, 241, 242, 243, 244, 245, 246, 247, 248, 249, 250, 251, 252, 253, 254, 255, 256, 257, 258, 259, 260, 261, 262, 263, 264, 265, 266, 267, 268, 269, 270, 271, 272, 273, 274, 275, 276, 277, 278, 279, 280, 281, 282, 283, 284, 285, 286, 287, 288, 289, 290, 291, 292, 293, 294, 295, 296, 297, 298, 299, 300, 301, 302, 303, 304, 305, 306, 307, 308, 309, 310, 311, 312, 313, 314, 315, 316, 317, 318, 319, 320, 321, 322, 323, 324, 325, 326, 327, 328, 329, 330, 331, 332, 333, 334, 335, 336, 337, 574, 575, 576, 577, 578, 579, 580, 581, 582, 583, 584, 585, 586, 587, 588, 589, 590, 591, 592, 593, 594, 595, 596, 597, 598, 599, 600, 601, 602, 603, 604, 605, 606, 607, 608, 609, 610, 611, 612, 613, 614, 615, 616, 617, 618, 619, 620, 621, 622, 623, 624, 625, 626, 627, 628, 629, 630, 631, 632, 633, 634, 635, 636, 637, 638, 639, 640, 641, 642, 643, 644, 645, 646, 647, 648, 649, 650, 651, 652, 653, 654, 655, 656, 657, 658, 659, 660, 661, 662, 663, 664, 665, 666, 667, 668, 669, 670, 671, 672, 673, 674, 675, 676, 677, 678, 679, 680, 681, 682, 683, 684, 685, 686, 687, 688, 689, 690, 691, 692, 693, 694, 695, 696, 697, 698, 699, 700, 701, 702, 703, 704, 705, 706, 707, 708, 709, 710, 711, 712, 713, 714, 715, 716, 717, 718, 719, 720, 721, 722, 723, 724, 725, 726, 727, 728, 729, 730, 731, 732, 733, 734, 735, 736, 737, 738, 739, 740, 741, 742, 743, 744, 745, 746, 747, 748, 749, 750, 751, 752, 753, 754, 755, 756, 757, 758, 759, 760, 761, 762, 763, 764, 765, 766, 767, 768, 769, 770, 771, 772, 773, 774, 775, 776, 777, 778, 779, 780, 781, 782, 783, 784, 785, 786, 787, 788, 789, 790, 791, 792, 793]","[16, 125, 156, 163, 168, 184, 205, 222, 229, 253, 258, 265, 313, 317, 336, 340, 341, 356, 363, 365, 366, 367, 370, 375, 388, 391, 394, 396, 402, 410, 411, 412, 413, 415, 416, 417, 418, 419, 425, 429, 431, 433, 435, 437, 440, 441, 442, 443, 451, 452, 456, 457, 458, 460, 461, 464, 471, 473, 474, 475, 481, 482, 501, 596, 628, 635, 655, 675, 693, 716, 720, 725, 771, 775, 793, 796, 797, 811, 817, 818, 820, 825, 838, 841, 844, 846, 851, 857, 861, 862, 863, 864, 866, 867, 868, 870, 871, 877, 881, 883, 885, 888, 891, 892, 893, 898, 899, 904, 905, 907, 908, 911, 918, 920, 921, 922, 923, 924, 926, 931, 933]","[17, 18, 19, 20, 21, 22, 23, 156, 157, 158, 159, 160, 161, 162, 163, 164, 165, 166, 167, 341, 342, 343, 344, 345, 412, 413, 414, 415, 416, 417, 418, 419, 420, 421, 422, 502, 503, 504, 505, 506, 507, 628, 629, 630, 631, 632, 633, 634, 635, 636, 637, 638, 639, 792, 797, 798, 799, 800, 801, 863, 864, 865, 866, 867, 868, 869, 870, 871, 872, 873, 874]","[17, 18, 19, 20, 21, 22, 23, 156, 157, 158, 159, 160, 161, 162, 163, 164, 165, 166, 167, 168, 340, 341, 342, 343, 344, 345, 346, 412, 413, 414, 415, 416, 417, 418, 419, 420, 421, 422, 502, 503, 504, 505, 506, 507, 628, 629, 630, 631, 632, 633, 634, 635, 636, 637, 638, 639, 792, 796, 797, 798, 799, 800, 801, 863, 864, 865, 866, 867, 868, 869, 870, 871, 872, 873, 874]","[16, 17, 18, 19, 20, 21, 22, 23, 103, 104, 105, 106, 107, 108, 109, 110, 111, 112, 113, 114, 115, 116, 117, 118, 119, 120, 121, 122, 123, 124, 125, 126, 127, 128, 129, 130, 131, 132, 133, 134, 135, 136, 137, 138, 139, 140, 141, 142, 143, 144, 145, 146, 147, 148, 149, 150, 151, 152, 153, 154, 155, 156, 157, 158, 159, 160, 161, 162, 163, 164, 165, 166, 167, 168, 169, 170, 171, 172, 173, 174, 175, 176, 177, 178, 179, 180, 181, 182, 183, 184, 185, 186, 187, 188, 189, 190, 191, 192, 193, 194, 195, 196, 197, 198, 199, 200, 201, 202, 203, 204, 205, 206, 207, 208, 209, 210, 211, 212, 213, 214, 215, 216, 217, 218, 219, 220, 221, 222, 223, 224, 225, 226, 227, 228, 229, 230, 231, 232, 233, 234, 235, 236, 237, 238, 239, 240, 241, 242, 243, 244, 245, 246, 247, 248, 249, 250, 251, 252, 253, 254, 255, 256, 257, 258, 259, 260, 261, 262, 263, 264, 265, 266, 267, 268, 269, 270, 271, 272, 273, 274, 275, 276, 277, 278, 279, 280, 281, 282, 283, 284, 285, 286, 287, 288, 289, 290, 291, 292, 293, 294, 295, 296, 297, 298, 299, 300, 301, 302, 303, 304, 305, 306, 307, 308, 309, 310, 311, 312, 313, 314, 315, 316, 317, 318, 319, 320, 321, 322, 323, 324, 325, 326, 327, 328, 329, 330, 331, 332, 333, 334, 335, 336, 337, 340, 341, 342, 343, 344, 345, 346, 356, 363, 365, 366, 367, 370, 375, 388, 391, 394, 396, 402, 410, 411, 412, 413, 414, 415, 416, 417, 418, 419, 420, 421, 422, 425, 429, 431, 433, 435, 437, 440, 441, 442, 443, 451, 452, 456, 457, 458, 460, 461, 464, 471, 473, 474, 475, 481, 482, 501, 502, 503, 504, 505, 506, 507, 574, 575, 576, 577, 578, 579, 580, 581, 582, 583, 584, 585, 586, 587, 588, 589, 590, 591, 592, 593, 594, 595, 596, 597, 598, 599, 600, 601, 602, 603, 604, 605, 606, 607, 608, 609, 610, 611, 612, 613, 614, 615, 616, 617, 618, 619, 620, 621, 622, 623, 624, 625, 626, 627, 628, 629, 630, 631, 632, 633, 634, 635, 636, 637, 638, 639, 640, 641, 642, 643, 644, 645, 646, 647, 648, 649, 650, 651, 652, 653, 654, 655, 656, 657, 658, 659, 660, 661, 662, 663, 664, 665, 666, 667, 668, 669, 670, 671, 672, 673, 674, 675, 676, 677, 678, 679, 680, 681, 682, 683, 684, 685, 686, 687, 688, 689, 690, 691, 692, 693, 694, 695, 696, 697, 698, 699, 700, 701, 702, 703, 704, 705, 706, 707, 708, 709, 710, 711, 712, 713, 714, 715, 716, 717, 718, 719, 720, 721, 722, 723, 724, 725, 726, 727, 728, 729, 730, 731, 732, 733, 734, 735, 736, 737, 738, 739, 740, 741, 742, 743, 744, 745, 746, 747, 748, 749, 750, 751, 752, 753, 754, 755, 756, 757, 758, 759, 760, 761, 762, 763, 764, 765, 766, 767, 768, 769, 770, 771, 772, 773, 774, 775, 776, 777, 778, 779, 780, 781, 782, 783, 784, 785, 786, 787, 788, 789, 790, 791, 792, 793, 796, 797, 798, 799, 800, 801, 811, 817, 818, 820, 825, 838, 841, 844, 846, 851, 857, 861, 862, 863, 864, 865, 866, 867, 868, 869, 870, 871, 872, 873, 874, 877, 881, 883, 885, 888, 891, 892, 893, 898, 899, 904, 905, 907, 908, 911, 918, 920, 921, 922, 923, 924, 926, 931, 933]",True,"[163, 168, 205, 253, 313, 635, 675, 716, 771]","[103, 104, 105, 106, 107, 108, 109, 110, 111, 112, 113, 114, 115, 116, 117, 118, 119, 120, 121, 122, 123, 124, 125, 126, 127, 128, 129, 130, 131, 132, 133, 134, 135, 136, 137, 138, 139, 140, 141, 142, 143, 144, 145, 146, 147, 148, 149, 150, 151, 152, 153, 154, 155, 156, 157, 158, 159, 160, 161, 162, 163, 164, 165, 166, 167, 168, 169, 170, 171, 172, 173, 174, 175, 176, 177, 178, 179, 180, 181, 182, 183, 184, 185, 186, 187, 188, 189, 190, 191, 192, 193, 194, 195, 196, 197, 198, 199, 200, 201, 202, 203, 204, 205, 206, 207, 208, 209, 210, 211, 212, 213, 214, 215, 216, 217, 218, 219, 220, 221, 222, 223, 224, 225, 226, 227, 228, 229, 230, 231, 232, 233, 234, 235, 236, 237, 238, 239, 240, 241, 242, 243, 244, 245, 246, 247, 248, 249, 250, 251, 252, 253, 254, 255, 256, 257, 258, 259, 260, 261, 262, 263, 264, 265, 266, 267, 268, 269, 270, 271, 272, 273, 274, 275, 276, 277, 278, 279, 280, 281, 282, 283, 284, 285, 286, 287, 288, 289, 290, 291, 292, 293, 294, 295, 296, 297, 298, 299, 300, 301, 302, 303, 304, 305, 306, 307, 308, 309, 310, 311, 312, 313, 314, 315, 316, 317, 318, 319, 320, 321, 322, 323, 324, 325, 326, 327, 328, 329, 330, 331, 332, 333, 334, 335, 336, 337, 574, 575, 576, 577, 578, 579, 580, 581, 582, 583, 584, 585, 586, 587, 588, 589, 590, 591, 592, 593, 594, 595, 596, 597, 598, 599, 600, 601, 602, 603, 604, 605, 606, 607, 608, 609, 610, 611, 612, 613, 614, 615, 616, 617, 618, 619, 620, 621, 622, 623, 624, 625, 626, 627, 628, 629, 630, 631, 632, 633, 634, 635, 636, 637, 638, 639, 640, 641, 642, 643, 644, 645, 646, 647, 648, 649, 650, 651, 652, 653, 654, 655, 656, 657, 658, 659, 660, 661, 662, 663, 664, 665, 666, 667, 668, 669, 670, 671, 672, 673, 674, 675, 676, 677, 678, 679, 680, 681, 682, 683, 684, 685, 686, 687, 688, 689, 690, 691, 692, 693, 694, 695, 696, 697, 698, 699, 700, 701, 702, 703, 704, 705, 706, 707, 708, 709, 710, 711, 712, 713, 714, 715, 716, 717, 718, 719, 720, 721, 722, 723, 724, 725, 726, 727, 728, 729, 730, 731, 732, 733, 734, 735, 736, 737, 738, 739, 740, 741, 742, 743, 744, 745, 746, 747, 748, 749, 750, 751, 752, 753, 754, 755, 756, 757, 758, 759, 760, 761, 762, 763, 764, 765, 766, 767, 768, 769, 770, 771, 772, 773, 774, 775, 776, 777, 778, 779, 780, 781, 782, 783, 784, 785, 786, 787, 788, 789, 790, 791, 792, 793]","[163, 168, 205, 253, 313, 635, 675, 716, 771]","[163, 205, 253, 313, 635, 675, 716, 771]","[16, 125, 156, 163, 168, 184, 205, 222, 229, 253, 258, 265, 313, 317, 336, 340, 341, 356, 363, 365, 366, 367, 370, 375, 388, 391, 394, 396, 402, 410, 411, 412, 413, 415, 416, 417, 418, 419, 425, 429, 431, 433, 435, 437, 440, 441, 442, 443, 451, 452, 456, 457, 458, 460, 461, 464, 471, 473, 474, 475, 481, 482, 501, 596, 628, 635, 655, 675, 693, 716, 720, 725, 771, 775, 793, 796, 797, 811, 817, 818, 820, 825, 838, 841, 844, 846, 851, 857, 861, 862, 863, 864, 866, 867, 868, 870, 871, 877, 881, 883, 885, 888, 891, 892, 893, 898, 899, 904, 905, 907, 908, 911, 918, 920, 921, 922, 923, 924, 926, 931, 933]","[17, 18, 19, 20, 21, 22, 23, 156, 157, 158, 159, 160, 161, 162, 163, 164, 165, 166, 167, 168, 340, 341, 342, 343, 344, 345, 346, 412, 413, 414, 415, 416, 417, 418, 419, 420, 421, 422, 502, 503, 504, 505, 506, 507, 628, 629, 630, 631, 632, 633, 634, 635, 636, 637, 638, 639, 792, 796, 797, 798, 799, 800, 801, 863, 864, 865, 866, 867, 868, 869, 870, 871, 872, 873, 874]","[17, 18, 19, 20, 21, 22, 23, 156, 157, 158, 159, 160, 161, 162, 163, 164, 165, 166, 167, 341, 342, 343, 344, 345, 412, 413, 414, 415, 416, 417, 418, 419, 420, 421, 422, 502, 503, 504, 505, 506, 507, 628, 629, 630, 631, 632, 633, 634, 635, 636, 637, 638, 639, 792, 797, 798, 799, 800, 801, 863, 864, 865, 866, 867, 868, 869, 870, 871, 872, 873, 874]",7/6 successful match,True,"[616, 617]",True,280,False,,1.0,True,Flying J Travel Plaza # 0500090,Flying J
"Barstow , 92311 Flying J Travel Plaza # 0500090",51760-253-7043 I-15 Exit 178 ( Lenwood Rd SE ) #,# 124 HRS X 24,Barstow,92311,Flying J Travel Plaza # 0500090,760-253-7043,2008,Barstow,CA,Flying J,( Lenwood Rd SE ) #,I-15 Exit 178 ,Exit,178,False,,False,I-15,,,,,"[635, 163]","[163, 168, 205, 253, 313, 635, 675, 716, 771]","[163, 168, 205, 253, 313, 635, 675, 716, 771]","[163, 205, 253, 313, 635, 675, 716, 771]","[103, 104, 105, 106, 107, 108, 109, 110, 111, 112, 113, 114, 115, 116, 117, 118, 119, 120, 121, 122, 123, 124, 125, 126, 127, 128, 129, 130, 131, 132, 133, 134, 135, 136, 137, 138, 139, 140, 141, 142, 143, 144, 145, 146, 147, 148, 149, 150, 151, 152, 153, 154, 155, 156, 157, 158, 159, 160, 161, 162, 163, 164, 165, 166, 167, 168, 169, 170, 171, 172, 173, 174, 175, 176, 177, 178, 179, 180, 181, 182, 183, 184, 185, 186, 187, 188, 189, 190, 191, 192, 193, 194, 195, 196, 197, 198, 199, 200, 201, 202, 203, 204, 205, 206, 207, 208, 209, 210, 211, 212, 213, 214, 215, 216, 217, 218, 219, 220, 221, 222, 223, 224, 225, 226, 227, 228, 229, 230, 231, 232, 233, 234, 235, 236, 237, 238, 239, 240, 241, 242, 243, 244, 245, 246, 247, 248, 249, 250, 251, 252, 253, 254, 255, 256, 257, 258, 259, 260, 261, 262, 263, 264, 265, 266, 267, 268, 269, 270, 271, 272, 273, 274, 275, 276, 277, 278, 279, 280, 281, 282, 283, 284, 285, 286, 287, 288, 289, 290, 291, 292, 293, 294, 295, 296, 297, 298, 299, 300, 301, 302, 303, 304, 305, 306, 307, 308, 309, 310, 311, 312, 313, 314, 315, 316, 317, 318, 319, 320, 321, 322, 323, 324, 325, 326, 327, 328, 329, 330, 331, 332, 333, 334, 335, 336, 337, 574, 575, 576, 577, 578, 579, 580, 581, 582, 583, 584, 585, 586, 587, 588, 589, 590, 591, 592, 593, 594, 595, 596, 597, 598, 599, 600, 601, 602, 603, 604, 605, 606, 607, 608, 609, 610, 611, 612, 613, 614, 615, 616, 617, 618, 619, 620, 621, 622, 623, 624, 625, 626, 627, 628, 629, 630, 631, 632, 633, 634, 635, 636, 637, 638, 639, 640, 641, 642, 643, 644, 645, 646, 647, 648, 649, 650, 651, 652, 653, 654, 655, 656, 657, 658, 659, 660, 661, 662, 663, 664, 665, 666, 667, 668, 669, 670, 671, 672, 673, 674, 675, 676, 677, 678, 679, 680, 681, 682, 683, 684, 685, 686, 687, 688, 689, 690, 691, 692, 693, 694, 695, 696, 697, 698, 699, 700, 701, 702, 703, 704, 705, 706, 707, 708, 709, 710, 711, 712, 713, 714, 715, 716, 717, 718, 719, 720, 721, 722, 723, 724, 725, 726, 727, 728, 729, 730, 731, 732, 733, 734, 735, 736, 737, 738, 739, 740, 741, 742, 743, 744, 745, 746, 747, 748, 749, 750, 751, 752, 753, 754, 755, 756, 757, 758, 759, 760, 761, 762, 763, 764, 765, 766, 767, 768, 769, 770, 771, 772, 773, 774, 775, 776, 777, 778, 779, 780, 781, 782, 783, 784, 785, 786, 787, 788, 789, 790, 791, 792, 793]","[16, 125, 156, 163, 168, 184, 205, 222, 229, 253, 258, 265, 313, 317, 336, 340, 341, 356, 363, 365, 366, 367, 370, 375, 388, 391, 394, 396, 402, 410, 411, 412, 413, 415, 416, 417, 418, 419, 425, 429, 431, 433, 435, 437, 440, 441, 442, 443, 451, 452, 456, 457, 458, 460, 461, 464, 471, 473, 474, 475, 481, 482, 501, 596, 628, 635, 655, 675, 693, 716, 720, 725, 771, 775, 793, 796, 797, 811, 817, 818, 820, 825, 838, 841, 844, 846, 851, 857, 861, 862, 863, 864, 866, 867, 868, 870, 871, 877, 881, 883, 885, 888, 891, 892, 893, 898, 899, 904, 905, 907, 908, 911, 918, 920, 921, 922, 923, 924, 926, 931, 933]","[17, 18, 19, 20, 21, 22, 23, 156, 157, 158, 159, 160, 161, 162, 163, 164, 165, 166, 167, 341, 342, 343, 344, 345, 412, 413, 414, 415, 416, 417, 418, 419, 420, 421, 422, 502, 503, 504, 505, 506, 507, 628, 629, 630, 631, 632, 633, 634, 635, 636, 637, 638, 639, 792, 797, 798, 799, 800, 801, 863, 864, 865, 866, 867, 868, 869, 870, 871, 872, 873, 874]","[17, 18, 19, 20, 21, 22, 23, 156, 157, 158, 159, 160, 161, 162, 163, 164, 165, 166, 167, 168, 340, 341, 342, 343, 344, 345, 346, 412, 413, 414, 415, 416, 417, 418, 419, 420, 421, 422, 502, 503, 504, 505, 506, 507, 628, 629, 630, 631, 632, 633, 634, 635, 636, 637, 638, 639, 792, 796, 797, 798, 799, 800, 801, 863, 864, 865, 866, 867, 868, 869, 870, 871, 872, 873, 874]","[16, 17, 18, 19, 20, 21, 22, 23, 103, 104, 105, 106, 107, 108, 109, 110, 111, 112, 113, 114, 115, 116, 117, 118, 119, 120, 121, 122, 123, 124, 125, 126, 127, 128, 129, 130, 131, 132, 133, 134, 135, 136, 137, 138, 139, 140, 141, 142, 143, 144, 145, 146, 147, 148, 149, 150, 151, 152, 153, 154, 155, 156, 157, 158, 159, 160, 161, 162, 163, 164, 165, 166, 167, 168, 169, 170, 171, 172, 173, 174, 175, 176, 177, 178, 179, 180, 181, 182, 183, 184, 185, 186, 187, 188, 189, 190, 191, 192, 193, 194, 195, 196, 197, 198, 199, 200, 201, 202, 203, 204, 205, 206, 207, 208, 209, 210, 211, 212, 213, 214, 215, 216, 217, 218, 219, 220, 221, 222, 223, 224, 225, 226, 227, 228, 229, 230, 231, 232, 233, 234, 235, 236, 237, 238, 239, 240, 241, 242, 243, 244, 245, 246, 247, 248, 249, 250, 251, 252, 253, 254, 255, 256, 257, 258, 259, 260, 261, 262, 263, 264, 265, 266, 267, 268, 269, 270, 271, 272, 273, 274, 275, 276, 277, 278, 279, 280, 281, 282, 283, 284, 285, 286, 287, 288, 289, 290, 291, 292, 293, 294, 295, 296, 297, 298, 299, 300, 301, 302, 303, 304, 305, 306, 307, 308, 309, 310, 311, 312, 313, 314, 315, 316, 317, 318, 319, 320, 321, 322, 323, 324, 325, 326, 327, 328, 329, 330, 331, 332, 333, 334, 335, 336, 337, 340, 341, 342, 343, 344, 345, 346, 356, 363, 365, 366, 367, 370, 375, 388, 391, 394, 396, 402, 410, 411, 412, 413, 414, 415, 416, 417, 418, 419, 420, 421, 422, 425, 429, 431, 433, 435, 437, 440, 441, 442, 443, 451, 452, 456, 457, 458, 460, 461, 464, 471, 473, 474, 475, 481, 482, 501, 502, 503, 504, 505, 506, 507, 574, 575, 576, 577, 578, 579, 580, 581, 582, 583, 584, 585, 586, 587, 588, 589, 590, 591, 592, 593, 594, 595, 596, 597, 598, 599, 600, 601, 602, 603, 604, 605, 606, 607, 608, 609, 610, 611, 612, 613, 614, 615, 616, 617, 618, 619, 620, 621, 622, 623, 624, 625, 626, 627, 628, 629, 630, 631, 632, 633, 634, 635, 636, 637, 638, 639, 640, 641, 642, 643, 644, 645, 646, 647, 648, 649, 650, 651, 652, 653, 654, 655, 656, 657, 658, 659, 660, 661, 662, 663, 664, 665, 666, 667, 668, 669, 670, 671, 672, 673, 674, 675, 676, 677, 678, 679, 680, 681, 682, 683, 684, 685, 686, 687, 688, 689, 690, 691, 692, 693, 694, 695, 696, 697, 698, 699, 700, 701, 702, 703, 704, 705, 706, 707, 708, 709, 710, 711, 712, 713, 714, 715, 716, 717, 718, 719, 720, 721, 722, 723, 724, 725, 726, 727, 728, 729, 730, 731, 732, 733, 734, 735, 736, 737, 738, 739, 740, 741, 742, 743, 744, 745, 746, 747, 748, 749, 750, 751, 752, 753, 754, 755, 756, 757, 758, 759, 760, 761, 762, 763, 764, 765, 766, 767, 768, 769, 770, 771, 772, 773, 774, 775, 776, 777, 778, 779, 780, 781, 782, 783, 784, 785, 786, 787, 788, 789, 790, 791, 792, 793, 796, 797, 798, 799, 800, 801, 811, 817, 818, 820, 825, 838, 841, 844, 846, 851, 857, 861, 862, 863, 864, 865, 866, 867, 868, 869, 870, 871, 872, 873, 874, 877, 881, 883, 885, 888, 891, 892, 893, 898, 899, 904, 905, 907, 908, 911, 918, 920, 921, 922, 923, 924, 926, 931, 933]",True,"[163, 168, 205, 253, 313, 635, 675, 716, 771]","[103, 104, 105, 106, 107, 108, 109, 110, 111, 112, 113, 114, 115, 116, 117, 118, 119, 120, 121, 122, 123, 124, 125, 126, 127, 128, 129, 130, 131, 132, 133, 134, 135, 136, 137, 138, 139, 140, 141, 142, 143, 144, 145, 146, 147, 148, 149, 150, 151, 152, 153, 154, 155, 156, 157, 158, 159, 160, 161, 162, 163, 164, 165, 166, 167, 168, 169, 170, 171, 172, 173, 174, 175, 176, 177, 178, 179, 180, 181, 182, 183, 184, 185, 186, 187, 188, 189, 190, 191, 192, 193, 194, 195, 196, 197, 198, 199, 200, 201, 202, 203, 204, 205, 206, 207, 208, 209, 210, 211, 212, 213, 214, 215, 216, 217, 218, 219, 220, 221, 222, 223, 224, 225, 226, 227, 228, 229, 230, 231, 232, 233, 234, 235, 236, 237, 238, 239, 240, 241, 242, 243, 244, 245, 246, 247, 248, 249, 250, 251, 252, 253, 254, 255, 256, 257, 258, 259, 260, 261, 262, 263, 264, 265, 266, 267, 268, 269, 270, 271, 272, 273, 274, 275, 276, 277, 278, 279, 280, 281, 282, 283, 284, 285, 286, 287, 288, 289, 290, 291, 292, 293, 294, 295, 296, 297, 298, 299, 300, 301, 302, 303, 304, 305, 306, 307, 308, 309, 310, 311, 312, 313, 314, 315, 316, 317, 318, 319, 320, 321, 322, 323, 324, 325, 326, 327, 328, 329, 330, 331, 332, 333, 334, 335, 336, 337, 574, 575, 576, 577, 578, 579, 580, 581, 582, 583, 584, 585, 586, 587, 588, 589, 590, 591, 592, 593, 594, 595, 596, 597, 598, 599, 600, 601, 602, 603, 604, 605, 606, 607, 608, 609, 610, 611, 612, 613, 614, 615, 616, 617, 618, 619, 620, 621, 622, 623, 624, 625, 626, 627, 628, 629, 630, 631, 632, 633, 634, 635, 636, 637, 638, 639, 640, 641, 642, 643, 644, 645, 646, 647, 648, 649, 650, 651, 652, 653, 654, 655, 656, 657, 658, 659, 660, 661, 662, 663, 664, 665, 666, 667, 668, 669, 670, 671, 672, 673, 674, 675, 676, 677, 678, 679, 680, 681, 682, 683, 684, 685, 686, 687, 688, 689, 690, 691, 692, 693, 694, 695, 696, 697, 698, 699, 700, 701, 702, 703, 704, 705, 706, 707, 708, 709, 710, 711, 712, 713, 714, 715, 716, 717, 718, 719, 720, 721, 722, 723, 724, 725, 726, 727, 728, 729, 730, 731, 732, 733, 734, 735, 736, 737, 738, 739, 740, 741, 742, 743, 744, 745, 746, 747, 748, 749, 750, 751, 752, 753, 754, 755, 756, 757, 758, 759, 760, 761, 762, 763, 764, 765, 766, 767, 768, 769, 770, 771, 772, 773, 774, 775, 776, 777, 778, 779, 780, 781, 782, 783, 784, 785, 786, 787, 788, 789, 790, 791, 792, 793]","[163, 168, 205, 253, 313, 635, 675, 716, 771]","[163, 205, 253, 313, 635, 675, 716, 771]","[16, 125, 156, 163, 168, 184, 205, 222, 229, 253, 258, 265, 313, 317, 336, 340, 341, 356, 363, 365, 366, 367, 370, 375, 388, 391, 394, 396, 402, 410, 411, 412, 413, 415, 416, 417, 418, 419, 425, 429, 431, 433, 435, 437, 440, 441, 442, 443, 451, 452, 456, 457, 458, 460, 461, 464, 471, 473, 474, 475, 481, 482, 501, 596, 628, 635, 655, 675, 693, 716, 720, 725, 771, 775, 793, 796, 797, 811, 817, 818, 820, 825, 838, 841, 844, 846, 851, 857, 861, 862, 863, 864, 866, 867, 868, 870, 871, 877, 881, 883, 885, 888, 891, 892, 893, 898, 899, 904, 905, 907, 908, 911, 918, 920, 921, 922, 923, 924, 926, 931, 933]","[17, 18, 19, 20, 21, 22, 23, 156, 157, 158, 159, 160, 161, 162, 163, 164, 165, 166, 167, 168, 340, 341, 342, 343, 344, 345, 346, 412, 413, 414, 415, 416, 417, 418, 419, 420, 421, 422, 502, 503, 504, 505, 506, 507, 628, 629, 630, 631, 632, 633, 634, 635, 636, 637, 638, 639, 792, 796, 797, 798, 799, 800, 801, 863, 864, 865, 866, 867, 868, 869, 870, 871, 872, 873, 874]","[17, 18, 19, 20, 21, 22, 23, 156, 157, 158, 159, 160, 161, 162, 163, 164, 165, 166, 167, 341, 342, 343, 344, 345, 412, 413, 414, 415, 416, 417, 418, 419, 420, 421, 422, 502, 503, 504, 505, 506, 507, 628, 629, 630, 631, 632, 633, 634, 635, 636, 637, 638, 639, 792, 797, 798, 799, 800, 801, 863, 864, 865, 866, 867, 868, 869, 870, 871, 872, 873, 874]",7/6 successful match,True,"[616, 617]",True,280,False,,1.0,True,Flying J Travel Plaza # 0500090,Flying J
Barstow ( 92311 ) Flying J Travel Plaza # 614 ),760-253-7043 I-15 Exit 178 ( Lenwood Rd SE ),XL 24,Barstow,92311,Flying J Travel Plaza # 614 ),760-253-7043,2014,Barstow,CA,Flying J,( Lenwood Rd SE ),I-15 Exit 178 ,Exit,178,False,,False,I-15,,,,,"[635, 163]","[163, 168, 205, 253, 313, 635, 675, 716, 771]","[163, 168, 205, 253, 313, 635, 675, 716, 771]","[163, 205, 253, 313, 635, 675, 716, 771]","[103, 104, 105, 106, 107, 108, 109, 110, 111, 112, 113, 114, 115, 116, 117, 118, 119, 120, 121, 122, 123, 124, 125, 126, 127, 128, 129, 130, 131, 132, 133, 134, 135, 136, 137, 138, 139, 140, 141, 142, 143, 144, 145, 146, 147, 148, 149, 150, 151, 152, 153, 154, 155, 156, 157, 158, 159, 160, 161, 162, 163, 164, 165, 166, 167, 168, 169, 170, 171, 172, 173, 174, 175, 176, 177, 178, 179, 180, 181, 182, 183, 184, 185, 186, 187, 188, 189, 190, 191, 192, 193, 194, 195, 196, 197, 198, 199, 200, 201, 202, 203, 204, 205, 206, 207, 208, 209, 210, 211, 212, 213, 214, 215, 216, 217, 218, 219, 220, 221, 222, 223, 224, 225, 226, 227, 228, 229, 230, 231, 232, 233, 234, 235, 236, 237, 238, 239, 240, 241, 242, 243, 244, 245, 246, 247, 248, 249, 250, 251, 252, 253, 254, 255, 256, 257, 258, 259, 260, 261, 262, 263, 264, 265, 266, 267, 268, 269, 270, 271, 272, 273, 274, 275, 276, 277, 278, 279, 280, 281, 282, 283, 284, 285, 286, 287, 288, 289, 290, 291, 292, 293, 294, 295, 296, 297, 298, 299, 300, 301, 302, 303, 304, 305, 306, 307, 308, 309, 310, 311, 312, 313, 314, 315, 316, 317, 318, 319, 320, 321, 322, 323, 324, 325, 326, 327, 328, 329, 330, 331, 332, 333, 334, 335, 336, 337, 574, 575, 576, 577, 578, 579, 580, 581, 582, 583, 584, 585, 586, 587, 588, 589, 590, 591, 592, 593, 594, 595, 596, 597, 598, 599, 600, 601, 602, 603, 604, 605, 606, 607, 608, 609, 610, 611, 612, 613, 614, 615, 616, 617, 618, 619, 620, 621, 622, 623, 624, 625, 626, 627, 628, 629, 630, 631, 632, 633, 634, 635, 636, 637, 638, 639, 640, 641, 642, 643, 644, 645, 646, 647, 648, 649, 650, 651, 652, 653, 654, 655, 656, 657, 658, 659, 660, 661, 662, 663, 664, 665, 666, 667, 668, 669, 670, 671, 672, 673, 674, 675, 676, 677, 678, 679, 680, 681, 682, 683, 684, 685, 686, 687, 688, 689, 690, 691, 692, 693, 694, 695, 696, 697, 698, 699, 700, 701, 702, 703, 704, 705, 706, 707, 708, 709, 710, 711, 712, 713, 714, 715, 716, 717, 718, 719, 720, 721, 722, 723, 724, 725, 726, 727, 728, 729, 730, 731, 732, 733, 734, 735, 736, 737, 738, 739, 740, 741, 742, 743, 744, 745, 746, 747, 748, 749, 750, 751, 752, 753, 754, 755, 756, 757, 758, 759, 760, 761, 762, 763, 764, 765, 766, 767, 768, 769, 770, 771, 772, 773, 774, 775, 776, 777, 778, 779, 780, 781, 782, 783, 784, 785, 786, 787, 788, 789, 790, 791, 792, 793]","[16, 125, 156, 163, 168, 184, 205, 222, 229, 253, 258, 265, 313, 317, 336, 340, 341, 356, 363, 365, 366, 367, 370, 375, 388, 391, 394, 396, 402, 410, 411, 412, 413, 415, 416, 417, 418, 419, 425, 429, 431, 433, 435, 437, 440, 441, 442, 443, 451, 452, 456, 457, 458, 460, 461, 464, 471, 473, 474, 475, 481, 482, 501, 596, 628, 635, 655, 675, 693, 716, 720, 725, 771, 775, 793, 796, 797, 811, 817, 818, 820, 825, 838, 841, 844, 846, 851, 857, 861, 862, 863, 864, 866, 867, 868, 870, 871, 877, 881, 883, 885, 888, 891, 892, 893, 898, 899, 904, 905, 907, 908, 911, 918, 920, 921, 922, 923, 924, 926, 931, 933]","[17, 18, 19, 20, 21, 22, 23, 156, 157, 158, 159, 160, 161, 162, 163, 164, 165, 166, 167, 341, 342, 343, 344, 345, 412, 413, 414, 415, 416, 417, 418, 419, 420, 421, 422, 502, 503, 504, 505, 506, 507, 628, 629, 630, 631, 632, 633, 634, 635, 636, 637, 638, 639, 792, 797, 798, 799, 800, 801, 863, 864, 865, 866, 867, 868, 869, 870, 871, 872, 873, 874]","[17, 18, 19, 20, 21, 22, 23, 156, 157, 158, 159, 160, 161, 162, 163, 164, 165, 166, 167, 168, 340, 341, 342, 343, 344, 345, 346, 412, 413, 414, 415, 416, 417, 418, 419, 420, 421, 422, 502, 503, 504, 505, 506, 507, 628, 629, 630, 631, 632, 633, 634, 635, 636, 637, 638, 639, 792, 796, 797, 798, 799, 800, 801, 863, 864, 865, 866, 867, 868, 869, 870, 871, 872, 873, 874]","[16, 17, 18, 19, 20, 21, 22, 23, 103, 104, 105, 106, 107, 108, 109, 110, 111, 112, 113, 114, 115, 116, 117, 118, 119, 120, 121, 122, 123, 124, 125, 126, 127, 128, 129, 130, 131, 132, 133, 134, 135, 136, 137, 138, 139, 140, 141, 142, 143, 144, 145, 146, 147, 148, 149, 150, 151, 152, 153, 154, 155, 156, 157, 158, 159, 160, 161, 162, 163, 164, 165, 166, 167, 168, 169, 170, 171, 172, 173, 174, 175, 176, 177, 178, 179, 180, 181, 182, 183, 184, 185, 186, 187, 188, 189, 190, 191, 192, 193, 194, 195, 196, 197, 198, 199, 200, 201, 202, 203, 204, 205, 206, 207, 208, 209, 210, 211, 212, 213, 214, 215, 216, 217, 218, 219, 220, 221, 222, 223, 224, 225, 226, 227, 228, 229, 230, 231, 232, 233, 234, 235, 236, 237, 238, 239, 240, 241, 242, 243, 244, 245, 246, 247, 248, 249, 250, 251, 252, 253, 254, 255, 256, 257, 258, 259, 260, 261, 262, 263, 264, 265, 266, 267, 268, 269, 270, 271, 272, 273, 274, 275, 276, 277, 278, 279, 280, 281, 282, 283, 284, 285, 286, 287, 288, 289, 290, 291, 292, 293, 294, 295, 296, 297, 298, 299, 300, 301, 302, 303, 304, 305, 306, 307, 308, 309, 310, 311, 312, 313, 314, 315, 316, 317, 318, 319, 320, 321, 322, 323, 324, 325, 326, 327, 328, 329, 330, 331, 332, 333, 334, 335, 336, 337, 340, 341, 342, 343, 344, 345, 346, 356, 363, 365, 366, 367, 370, 375, 388, 391, 394, 396, 402, 410, 411, 412, 413, 414, 415, 416, 417, 418, 419, 420, 421, 422, 425, 429, 431, 433, 435, 437, 440, 441, 442, 443, 451, 452, 456, 457, 458, 460, 461, 464, 471, 473, 474, 475, 481, 482, 501, 502, 503, 504, 505, 506, 507, 574, 575, 576, 577, 578, 579, 580, 581, 582, 583, 584, 585, 586, 587, 588, 589, 590, 591, 592, 593, 594, 595, 596, 597, 598, 599, 600, 601, 602, 603, 604, 605, 606, 607, 608, 609, 610, 611, 612, 613, 614, 615, 616, 617, 618, 619, 620, 621, 622, 623, 624, 625, 626, 627, 628, 629, 630, 631, 632, 633, 634, 635, 636, 637, 638, 639, 640, 641, 642, 643, 644, 645, 646, 647, 648, 649, 650, 651, 652, 653, 654, 655, 656, 657, 658, 659, 660, 661, 662, 663, 664, 665, 666, 667, 668, 669, 670, 671, 672, 673, 674, 675, 676, 677, 678, 679, 680, 681, 682, 683, 684, 685, 686, 687, 688, 689, 690, 691, 692, 693, 694, 695, 696, 697, 698, 699, 700, 701, 702, 703, 704, 705, 706, 707, 708, 709, 710, 711, 712, 713, 714, 715, 716, 717, 718, 719, 720, 721, 722, 723, 724, 725, 726, 727, 728, 729, 730, 731, 732, 733, 734, 735, 736, 737, 738, 739, 740, 741, 742, 743, 744, 745, 746, 747, 748, 749, 750, 751, 752, 753, 754, 755, 756, 757, 758, 759, 760, 761, 762, 763, 764, 765, 766, 767, 768, 769, 770, 771, 772, 773, 774, 775, 776, 777, 778, 779, 780, 781, 782, 783, 784, 785, 786, 787, 788, 789, 790, 791, 792, 793, 796, 797, 798, 799, 800, 801, 811, 817, 818, 820, 825, 838, 841, 844, 846, 851, 857, 861, 862, 863, 864, 865, 866, 867, 868, 869, 870, 871, 872, 873, 874, 877, 881, 883, 885, 888, 891, 892, 893, 898, 899, 904, 905, 907, 908, 911, 918, 920, 921, 922, 923, 924, 926, 931, 933]",True,"[163, 168, 205, 253, 313, 635, 675, 716, 771]","[103, 104, 105, 106, 107, 108, 109, 110, 111, 112, 113, 114, 115, 116, 117, 118, 119, 120, 121, 122, 123, 124, 125, 126, 127, 128, 129, 130, 131, 132, 133, 134, 135, 136, 137, 138, 139, 140, 141, 142, 143, 144, 145, 146, 147, 148, 149, 150, 151, 152, 153, 154, 155, 156, 157, 158, 159, 160, 161, 162, 163, 164, 165, 166, 167, 168, 169, 170, 171, 172, 173, 174, 175, 176, 177, 178, 179, 180, 181, 182, 183, 184, 185, 186, 187, 188, 189, 190, 191, 192, 193, 194, 195, 196, 197, 198, 199, 200, 201, 202, 203, 204, 205, 206, 207, 208, 209, 210, 211, 212, 213, 214, 215, 216, 217, 218, 219, 220, 221, 222, 223, 224, 225, 226, 227, 228, 229, 230, 231, 232, 233, 234, 235, 236, 237, 238, 239, 240, 241, 242, 243, 244, 245, 246, 247, 248, 249, 250, 251, 252, 253, 254, 255, 256, 257, 258, 259, 260, 261, 262, 263, 264, 265, 266, 267, 268, 269, 270, 271, 272, 273, 274, 275, 276, 277, 278, 279, 280, 281, 282, 283, 284, 285, 286, 287, 288, 289, 290, 291, 292, 293, 294, 295, 296, 297, 298, 299, 300, 301, 302, 303, 304, 305, 306, 307, 308, 309, 310, 311, 312, 313, 314, 315, 316, 317, 318, 319, 320, 321, 322, 323, 324, 325, 326, 327, 328, 329, 330, 331, 332, 333, 334, 335, 336, 337, 574, 575, 576, 577, 578, 579, 580, 581, 582, 583, 584, 585, 586, 587, 588, 589, 590, 591, 592, 593, 594, 595, 596, 597, 598, 599, 600, 601, 602, 603, 604, 605, 606, 607, 608, 609, 610, 611, 612, 613, 614, 615, 616, 617, 618, 619, 620, 621, 622, 623, 624, 625, 626, 627, 628, 629, 630, 631, 632, 633, 634, 635, 636, 637, 638, 639, 640, 641, 642, 643, 644, 645, 646, 647, 648, 649, 650, 651, 652, 653, 654, 655, 656, 657, 658, 659, 660, 661, 662, 663, 664, 665, 666, 667, 668, 669, 670, 671, 672, 673, 674, 675, 676, 677, 678, 679, 680, 681, 682, 683, 684, 685, 686, 687, 688, 689, 690, 691, 692, 693, 694, 695, 696, 697, 698, 699, 700, 701, 702, 703, 704, 705, 706, 707, 708, 709, 710, 711, 712, 713, 714, 715, 716, 717, 718, 719, 720, 721, 722, 723, 724, 725, 726, 727, 728, 729, 730, 731, 732, 733, 734, 735, 736, 737, 738, 739, 740, 741, 742, 743, 744, 745, 746, 747, 748, 749, 750, 751, 752, 753, 754, 755, 756, 757, 758, 759, 760, 761, 762, 763, 764, 765, 766, 767, 768, 769, 770, 771, 772, 773, 774, 775, 776, 777, 778, 779, 780, 781, 782, 783, 784, 785, 786, 787, 788, 789, 790, 791, 792, 793]","[163, 168, 205, 253, 313, 635, 675, 716, 771]","[163, 205, 253, 313, 635, 675, 716, 771]","[16, 125, 156, 163, 168, 184, 205, 222, 229, 253, 258, 265, 313, 317, 336, 340, 341, 356, 363, 365, 366, 367, 370, 375, 388, 391, 394, 396, 402, 410, 411, 412, 413, 415, 416, 417, 418, 419, 425, 429, 431, 433, 435, 437, 440, 441, 442, 443, 451, 452, 456, 457, 458, 460, 461, 464, 471, 473, 474, 475, 481, 482, 501, 596, 628, 635, 655, 675, 693, 716, 720, 725, 771, 775, 793, 796, 797, 811, 817, 818, 820, 825, 838, 841, 844, 846, 851, 857, 861, 862, 863, 864, 866, 867, 868, 870, 871, 877, 881, 883, 885, 888, 891, 892, 893, 898, 899, 904, 905, 907, 908, 911, 918, 920, 921, 922, 923, 924, 926, 931, 933]","[17, 18, 19, 20, 21, 22, 23, 156, 157, 158, 159, 160, 161, 162, 163, 164, 165, 166, 167, 168, 340, 341, 342, 343, 344, 345, 346, 412, 413, 414, 415, 416, 417, 418, 419, 420, 421, 422, 502, 503, 504, 505, 506, 507, 628, 629, 630, 631, 632, 633, 634, 635, 636, 637, 638, 639, 792, 796, 797, 798, 799, 800, 801, 863, 864, 865, 866, 867, 868, 869, 870, 871, 872, 873, 874]","[17, 18, 19, 20, 21, 22, 23, 156, 157, 158, 159, 160, 161, 162, 163, 164, 165, 166, 167, 341, 342, 343, 344, 345, 412, 413, 414, 415, 416, 417, 418, 419, 420, 421, 422, 502, 503, 504, 505, 506, 507, 628, 629, 630, 631, 632, 633, 634, 635, 636, 637, 638, 639, 792, 797, 798, 799, 800, 801, 863, 864, 865, 866, 867, 868, 869, 870, 871, 872, 873, 874]",7/6 successful match,True,"[616, 617]",True,280,False,,0.5733333333333333,True,Flying J Travel Plaza # 0500090,Flying J
Barstow ( 92311 ) Flying J Travel Plaza # 614 Rd NW ),760-253-7043 I-15 Exit 178 ( Lenwood Rd ) FLYING J,FLYING J XL 24,Barstow,92311,Flying J Travel Plaza # 614 Rd NW ),760-253-7043,2015,Barstow,CA,Flying J,( Lenwood Rd ) FLYING J,I-15 Exit 178 ,Exit,178,False,,False,I-15,,,,,"[635, 163]","[163, 168, 205, 253, 313, 635, 675, 716, 771]","[163, 168, 205, 253, 313, 635, 675, 716, 771]","[163, 205, 253, 313, 635, 675, 716, 771]","[103, 104, 105, 106, 107, 108, 109, 110, 111, 112, 113, 114, 115, 116, 117, 118, 119, 120, 121, 122, 123, 124, 125, 126, 127, 128, 129, 130, 131, 132, 133, 134, 135, 136, 137, 138, 139, 140, 141, 142, 143, 144, 145, 146, 147, 148, 149, 150, 151, 152, 153, 154, 155, 156, 157, 158, 159, 160, 161, 162, 163, 164, 165, 166, 167, 168, 169, 170, 171, 172, 173, 174, 175, 176, 177, 178, 179, 180, 181, 182, 183, 184, 185, 186, 187, 188, 189, 190, 191, 192, 193, 194, 195, 196, 197, 198, 199, 200, 201, 202, 203, 204, 205, 206, 207, 208, 209, 210, 211, 212, 213, 214, 215, 216, 217, 218, 219, 220, 221, 222, 223, 224, 225, 226, 227, 228, 229, 230, 231, 232, 233, 234, 235, 236, 237, 238, 239, 240, 241, 242, 243, 244, 245, 246, 247, 248, 249, 250, 251, 252, 253, 254, 255, 256, 257, 258, 259, 260, 261, 262, 263, 264, 265, 266, 267, 268, 269, 270, 271, 272, 273, 274, 275, 276, 277, 278, 279, 280, 281, 282, 283, 284, 285, 286, 287, 288, 289, 290, 291, 292, 293, 294, 295, 296, 297, 298, 299, 300, 301, 302, 303, 304, 305, 306, 307, 308, 309, 310, 311, 312, 313, 314, 315, 316, 317, 318, 319, 320, 321, 322, 323, 324, 325, 326, 327, 328, 329, 330, 331, 332, 333, 334, 335, 336, 337, 574, 575, 576, 577, 578, 579, 580, 581, 582, 583, 584, 585, 586, 587, 588, 589, 590, 591, 592, 593, 594, 595, 596, 597, 598, 599, 600, 601, 602, 603, 604, 605, 606, 607, 608, 609, 610, 611, 612, 613, 614, 615, 616, 617, 618, 619, 620, 621, 622, 623, 624, 625, 626, 627, 628, 629, 630, 631, 632, 633, 634, 635, 636, 637, 638, 639, 640, 641, 642, 643, 644, 645, 646, 647, 648, 649, 650, 651, 652, 653, 654, 655, 656, 657, 658, 659, 660, 661, 662, 663, 664, 665, 666, 667, 668, 669, 670, 671, 672, 673, 674, 675, 676, 677, 678, 679, 680, 681, 682, 683, 684, 685, 686, 687, 688, 689, 690, 691, 692, 693, 694, 695, 696, 697, 698, 699, 700, 701, 702, 703, 704, 705, 706, 707, 708, 709, 710, 711, 712, 713, 714, 715, 716, 717, 718, 719, 720, 721, 722, 723, 724, 725, 726, 727, 728, 729, 730, 731, 732, 733, 734, 735, 736, 737, 738, 739, 740, 741, 742, 743, 744, 745, 746, 747, 748, 749, 750, 751, 752, 753, 754, 755, 756, 757, 758, 759, 760, 761, 762, 763, 764, 765, 766, 767, 768, 769, 770, 771, 772, 773, 774, 775, 776, 777, 778, 779, 780, 781, 782, 783, 784, 785, 786, 787, 788, 789, 790, 791, 792, 793]","[16, 125, 156, 163, 168, 184, 205, 222, 229, 253, 258, 265, 313, 317, 336, 340, 341, 356, 363, 365, 366, 367, 370, 375, 388, 391, 394, 396, 402, 410, 411, 412, 413, 415, 416, 417, 418, 419, 425, 429, 431, 433, 435, 437, 440, 441, 442, 443, 451, 452, 456, 457, 458, 460, 461, 464, 471, 473, 474, 475, 481, 482, 501, 596, 628, 635, 655, 675, 693, 716, 720, 725, 771, 775, 793, 796, 797, 811, 817, 818, 820, 825, 838, 841, 844, 846, 851, 857, 861, 862, 863, 864, 866, 867, 868, 870, 871, 877, 881, 883, 885, 888, 891, 892, 893, 898, 899, 904, 905, 907, 908, 911, 918, 920, 921, 922, 923, 924, 926, 931, 933]","[17, 18, 19, 20, 21, 22, 23, 156, 157, 158, 159, 160, 161, 162, 163, 164, 165, 166, 167, 341, 342, 343, 344, 345, 412, 413, 414, 415, 416, 417, 418, 419, 420, 421, 422, 502, 503, 504, 505, 506, 507, 628, 629, 630, 631, 632, 633, 634, 635, 636, 637, 638, 639, 792, 797, 798, 799, 800, 801, 863, 864, 865, 866, 867, 868, 869, 870, 871, 872, 873, 874]","[17, 18, 19, 20, 21, 22, 23, 156, 157, 158, 159, 160, 161, 162, 163, 164, 165, 166, 167, 168, 340, 341, 342, 343, 344, 345, 346, 412, 413, 414, 415, 416, 417, 418, 419, 420, 421, 422, 502, 503, 504, 505, 506, 507, 628, 629, 630, 631, 632, 633, 634, 635, 636, 637, 638, 639, 792, 796, 797, 798, 799, 800, 801, 863, 864, 865, 866, 867, 868, 869, 870, 871, 872, 873, 874]","[16, 17, 18, 19, 20, 21, 22, 23, 103, 104, 105, 106, 107, 108, 109, 110, 111, 112, 113, 114, 115, 116, 117, 118, 119, 120, 121, 122, 123, 124, 125, 126, 127, 128, 129, 130, 131, 132, 133, 134, 135, 136, 137, 138, 139, 140, 141, 142, 143, 144, 145, 146, 147, 148, 149, 150, 151, 152, 153, 154, 155, 156, 157, 158, 159, 160, 161, 162, 163, 164, 165, 166, 167, 168, 169, 170, 171, 172, 173, 174, 175, 176, 177, 178, 179, 180, 181, 182, 183, 184, 185, 186, 187, 188, 189, 190, 191, 192, 193, 194, 195, 196, 197, 198, 199, 200, 201, 202, 203, 204, 205, 206, 207, 208, 209, 210, 211, 212, 213, 214, 215, 216, 217, 218, 219, 220, 221, 222, 223, 224, 225, 226, 227, 228, 229, 230, 231, 232, 233, 234, 235, 236, 237, 238, 239, 240, 241, 242, 243, 244, 245, 246, 247, 248, 249, 250, 251, 252, 253, 254, 255, 256, 257, 258, 259, 260, 261, 262, 263, 264, 265, 266, 267, 268, 269, 270, 271, 272, 273, 274, 275, 276, 277, 278, 279, 280, 281, 282, 283, 284, 285, 286, 287, 288, 289, 290, 291, 292, 293, 294, 295, 296, 297, 298, 299, 300, 301, 302, 303, 304, 305, 306, 307, 308, 309, 310, 311, 312, 313, 314, 315, 316, 317, 318, 319, 320, 321, 322, 323, 324, 325, 326, 327, 328, 329, 330, 331, 332, 333, 334, 335, 336, 337, 340, 341, 342, 343, 344, 345, 346, 356, 363, 365, 366, 367, 370, 375, 388, 391, 394, 396, 402, 410, 411, 412, 413, 414, 415, 416, 417, 418, 419, 420, 421, 422, 425, 429, 431, 433, 435, 437, 440, 441, 442, 443, 451, 452, 456, 457, 458, 460, 461, 464, 471, 473, 474, 475, 481, 482, 501, 502, 503, 504, 505, 506, 507, 574, 575, 576, 577, 578, 579, 580, 581, 582, 583, 584, 585, 586, 587, 588, 589, 590, 591, 592, 593, 594, 595, 596, 597, 598, 599, 600, 601, 602, 603, 604, 605, 606, 607, 608, 609, 610, 611, 612, 613, 614, 615, 616, 617, 618, 619, 620, 621, 622, 623, 624, 625, 626, 627, 628, 629, 630, 631, 632, 633, 634, 635, 636, 637, 638, 639, 640, 641, 642, 643, 644, 645, 646, 647, 648, 649, 650, 651, 652, 653, 654, 655, 656, 657, 658, 659, 660, 661, 662, 663, 664, 665, 666, 667, 668, 669, 670, 671, 672, 673, 674, 675, 676, 677, 678, 679, 680, 681, 682, 683, 684, 685, 686, 687, 688, 689, 690, 691, 692, 693, 694, 695, 696, 697, 698, 699, 700, 701, 702, 703, 704, 705, 706, 707, 708, 709, 710, 711, 712, 713, 714, 715, 716, 717, 718, 719, 720, 721, 722, 723, 724, 725, 726, 727, 728, 729, 730, 731, 732, 733, 734, 735, 736, 737, 738, 739, 740, 741, 742, 743, 744, 745, 746, 747, 748, 749, 750, 751, 752, 753, 754, 755, 756, 757, 758, 759, 760, 761, 762, 763, 764, 765, 766, 767, 768, 769, 770, 771, 772, 773, 774, 775, 776, 777, 778, 779, 780, 781, 782, 783, 784, 785, 786, 787, 788, 789, 790, 791, 792, 793, 796, 797, 798, 799, 800, 801, 811, 817, 818, 820, 825, 838, 841, 844, 846, 851, 857, 861, 862, 863, 864, 865, 866, 867, 868, 869, 870, 871, 872, 873, 874, 877, 881, 883, 885, 888, 891, 892, 893, 898, 899, 904, 905, 907, 908, 911, 918, 920, 921, 922, 923, 924, 926, 931, 933]",True,"[163, 168, 205, 253, 313, 635, 675, 716, 771]","[103, 104, 105, 106, 107, 108, 109, 110, 111, 112, 113, 114, 115, 116, 117, 118, 119, 120, 121, 122, 123, 124, 125, 126, 127, 128, 129, 130, 131, 132, 133, 134, 135, 136, 137, 138, 139, 140, 141, 142, 143, 144, 145, 146, 147, 148, 149, 150, 151, 152, 153, 154, 155, 156, 157, 158, 159, 160, 161, 162, 163, 164, 165, 166, 167, 168, 169, 170, 171, 172, 173, 174, 175, 176, 177, 178, 179, 180, 181, 182, 183, 184, 185, 186, 187, 188, 189, 190, 191, 192, 193, 194, 195, 196, 197, 198, 199, 200, 201, 202, 203, 204, 205, 206, 207, 208, 209, 210, 211, 212, 213, 214, 215, 216, 217, 218, 219, 220, 221, 222, 223, 224, 225, 226, 227, 228, 229, 230, 231, 232, 233, 234, 235, 236, 237, 238, 239, 240, 241, 242, 243, 244, 245, 246, 247, 248, 249, 250, 251, 252, 253, 254, 255, 256, 257, 258, 259, 260, 261, 262, 263, 264, 265, 266, 267, 268, 269, 270, 271, 272, 273, 274, 275, 276, 277, 278, 279, 280, 281, 282, 283, 284, 285, 286, 287, 288, 289, 290, 291, 292, 293, 294, 295, 296, 297, 298, 299, 300, 301, 302, 303, 304, 305, 306, 307, 308, 309, 310, 311, 312, 313, 314, 315, 316, 317, 318, 319, 320, 321, 322, 323, 324, 325, 326, 327, 328, 329, 330, 331, 332, 333, 334, 335, 336, 337, 574, 575, 576, 577, 578, 579, 580, 581, 582, 583, 584, 585, 586, 587, 588, 589, 590, 591, 592, 593, 594, 595, 596, 597, 598, 599, 600, 601, 602, 603, 604, 605, 606, 607, 608, 609, 610, 611, 612, 613, 614, 615, 616, 617, 618, 619, 620, 621, 622, 623, 624, 625, 626, 627, 628, 629, 630, 631, 632, 633, 634, 635, 636, 637, 638, 639, 640, 641, 642, 643, 644, 645, 646, 647, 648, 649, 650, 651, 652, 653, 654, 655, 656, 657, 658, 659, 660, 661, 662, 663, 664, 665, 666, 667, 668, 669, 670, 671, 672, 673, 674, 675, 676, 677, 678, 679, 680, 681, 682, 683, 684, 685, 686, 687, 688, 689, 690, 691, 692, 693, 694, 695, 696, 697, 698, 699, 700, 701, 702, 703, 704, 705, 706, 707, 708, 709, 710, 711, 712, 713, 714, 715, 716, 717, 718, 719, 720, 721, 722, 723, 724, 725, 726, 727, 728, 729, 730, 731, 732, 733, 734, 735, 736, 737, 738, 739, 740, 741, 742, 743, 744, 745, 746, 747, 748, 749, 750, 751, 752, 753, 754, 755, 756, 757, 758, 759, 760, 761, 762, 763, 764, 765, 766, 767, 768, 769, 770, 771, 772, 773, 774, 775, 776, 777, 778, 779, 780, 781, 782, 783, 784, 785, 786, 787, 788, 789, 790, 791, 792, 793]","[163, 168, 205, 253, 313, 635, 675, 716, 771]","[163, 205, 253, 313, 635, 675, 716, 771]","[16, 125, 156, 163, 168, 184, 205, 222, 229, 253, 258, 265, 313, 317, 336, 340, 341, 356, 363, 365, 366, 367, 370, 375, 388, 391, 394, 396, 402, 410, 411, 412, 413, 415, 416, 417, 418, 419, 425, 429, 431, 433, 435, 437, 440, 441, 442, 443, 451, 452, 456, 457, 458, 460, 461, 464, 471, 473, 474, 475, 481, 482, 501, 596, 628, 635, 655, 675, 693, 716, 720, 725, 771, 775, 793, 796, 797, 811, 817, 818, 820, 825, 838, 841, 844, 846, 851, 857, 861, 862, 863, 864, 866, 867, 868, 870, 871, 877, 881, 883, 885, 888, 891, 892, 893, 898, 899, 904, 905, 907, 908, 911, 918, 920, 921, 922, 923, 924, 926, 931, 933]","[17, 18, 19, 20, 21, 22, 23, 156, 157, 158, 159, 160, 161, 162, 163, 164, 165, 166, 167, 168, 340, 341, 342, 343, 344, 345, 346, 412, 413, 414, 415, 416, 417, 418, 419, 420, 421, 422, 502, 503, 504, 505, 506, 507, 628, 629, 630, 631, 632, 633, 634, 635, 636, 637, 638, 639, 792, 796, 797, 798, 799, 800, 801, 863, 864, 865, 866, 867, 868, 869, 870, 871, 872, 873, 874]","[17, 18, 19, 20, 21, 22, 23, 156, 157, 158, 159, 160, 161, 162, 163, 164, 165, 166, 167, 341, 342, 343, 344, 345, 412, 413, 414, 415, 416, 417, 418, 419, 420, 421, 422, 502, 503, 504, 505, 506, 507, 628, 629, 630, 631, 632, 633, 634, 635, 636, 637, 638, 639, 792, 797, 798, 799, 800, 801, 863, 864, 865, 866, 867, 868, 869, 870, 871, 872, 873, 874]",7/6 successful match,True,"[616, 617]",True,280,False,,1.0,True,Flying J Travel Plaza # 614 ),Flying J
Barstow ( 92311 ) Flying J Travel Plaza # 614,760-253-7043 I-15 Exit 178 ( Lenwood Rd SE ) FLYING J,J XL FORS 24,Barstow,92311,Flying J Travel Plaza # 614,760-253-7043,2016,Barstow,CA,Flying J,( Lenwood Rd SE ) FLYING J,I-15 Exit 178 ,Exit,178,False,,False,I-15,,,,,"[635, 163]","[163, 168, 205, 253, 313, 635, 675, 716, 771]","[163, 168, 205, 253, 313, 635, 675, 716, 771]","[163, 205, 253, 313, 635, 675, 716, 771]","[103, 104, 105, 106, 107, 108, 109, 110, 111, 112, 113, 114, 115, 116, 117, 118, 119, 120, 121, 122, 123, 124, 125, 126, 127, 128, 129, 130, 131, 132, 133, 134, 135, 136, 137, 138, 139, 140, 141, 142, 143, 144, 145, 146, 147, 148, 149, 150, 151, 152, 153, 154, 155, 156, 157, 158, 159, 160, 161, 162, 163, 164, 165, 166, 167, 168, 169, 170, 171, 172, 173, 174, 175, 176, 177, 178, 179, 180, 181, 182, 183, 184, 185, 186, 187, 188, 189, 190, 191, 192, 193, 194, 195, 196, 197, 198, 199, 200, 201, 202, 203, 204, 205, 206, 207, 208, 209, 210, 211, 212, 213, 214, 215, 216, 217, 218, 219, 220, 221, 222, 223, 224, 225, 226, 227, 228, 229, 230, 231, 232, 233, 234, 235, 236, 237, 238, 239, 240, 241, 242, 243, 244, 245, 246, 247, 248, 249, 250, 251, 252, 253, 254, 255, 256, 257, 258, 259, 260, 261, 262, 263, 264, 265, 266, 267, 268, 269, 270, 271, 272, 273, 274, 275, 276, 277, 278, 279, 280, 281, 282, 283, 284, 285, 286, 287, 288, 289, 290, 291, 292, 293, 294, 295, 296, 297, 298, 299, 300, 301, 302, 303, 304, 305, 306, 307, 308, 309, 310, 311, 312, 313, 314, 315, 316, 317, 318, 319, 320, 321, 322, 323, 324, 325, 326, 327, 328, 329, 330, 331, 332, 333, 334, 335, 336, 337, 574, 575, 576, 577, 578, 579, 580, 581, 582, 583, 584, 585, 586, 587, 588, 589, 590, 591, 592, 593, 594, 595, 596, 597, 598, 599, 600, 601, 602, 603, 604, 605, 606, 607, 608, 609, 610, 611, 612, 613, 614, 615, 616, 617, 618, 619, 620, 621, 622, 623, 624, 625, 626, 627, 628, 629, 630, 631, 632, 633, 634, 635, 636, 637, 638, 639, 640, 641, 642, 643, 644, 645, 646, 647, 648, 649, 650, 651, 652, 653, 654, 655, 656, 657, 658, 659, 660, 661, 662, 663, 664, 665, 666, 667, 668, 669, 670, 671, 672, 673, 674, 675, 676, 677, 678, 679, 680, 681, 682, 683, 684, 685, 686, 687, 688, 689, 690, 691, 692, 693, 694, 695, 696, 697, 698, 699, 700, 701, 702, 703, 704, 705, 706, 707, 708, 709, 710, 711, 712, 713, 714, 715, 716, 717, 718, 719, 720, 721, 722, 723, 724, 725, 726, 727, 728, 729, 730, 731, 732, 733, 734, 735, 736, 737, 738, 739, 740, 741, 742, 743, 744, 745, 746, 747, 748, 749, 750, 751, 752, 753, 754, 755, 756, 757, 758, 759, 760, 761, 762, 763, 764, 765, 766, 767, 768, 769, 770, 771, 772, 773, 774, 775, 776, 777, 778, 779, 780, 781, 782, 783, 784, 785, 786, 787, 788, 789, 790, 791, 792, 793]","[16, 125, 156, 163, 168, 184, 205, 222, 229, 253, 258, 265, 313, 317, 336, 340, 341, 356, 363, 365, 366, 367, 370, 375, 388, 391, 394, 396, 402, 410, 411, 412, 413, 415, 416, 417, 418, 419, 425, 429, 431, 433, 435, 437, 440, 441, 442, 443, 451, 452, 456, 457, 458, 460, 461, 464, 471, 473, 474, 475, 481, 482, 501, 596, 628, 635, 655, 675, 693, 716, 720, 725, 771, 775, 793, 796, 797, 811, 817, 818, 820, 825, 838, 841, 844, 846, 851, 857, 861, 862, 863, 864, 866, 867, 868, 870, 871, 877, 881, 883, 885, 888, 891, 892, 893, 898, 899, 904, 905, 907, 908, 911, 918, 920, 921, 922, 923, 924, 926, 931, 933]","[17, 18, 19, 20, 21, 22, 23, 156, 157, 158, 159, 160, 161, 162, 163, 164, 165, 166, 167, 341, 342, 343, 344, 345, 412, 413, 414, 415, 416, 417, 418, 419, 420, 421, 422, 502, 503, 504, 505, 506, 507, 628, 629, 630, 631, 632, 633, 634, 635, 636, 637, 638, 639, 792, 797, 798, 799, 800, 801, 863, 864, 865, 866, 867, 868, 869, 870, 871, 872, 873, 874]","[17, 18, 19, 20, 21, 22, 23, 156, 157, 158, 159, 160, 161, 162, 163, 164, 165, 166, 167, 168, 340, 341, 342, 343, 344, 345, 346, 412, 413, 414, 415, 416, 417, 418, 419, 420, 421, 422, 502, 503, 504, 505, 506, 507, 628, 629, 630, 631, 632, 633, 634, 635, 636, 637, 638, 639, 792, 796, 797, 798, 799, 800, 801, 863, 864, 865, 866, 867, 868, 869, 870, 871, 872, 873, 874]","[16, 17, 18, 19, 20, 21, 22, 23, 103, 104, 105, 106, 107, 108, 109, 110, 111, 112, 113, 114, 115, 116, 117, 118, 119, 120, 121, 122, 123, 124, 125, 126, 127, 128, 129, 130, 131, 132, 133, 134, 135, 136, 137, 138, 139, 140, 141, 142, 143, 144, 145, 146, 147, 148, 149, 150, 151, 152, 153, 154, 155, 156, 157, 158, 159, 160, 161, 162, 163, 164, 165, 166, 167, 168, 169, 170, 171, 172, 173, 174, 175, 176, 177, 178, 179, 180, 181, 182, 183, 184, 185, 186, 187, 188, 189, 190, 191, 192, 193, 194, 195, 196, 197, 198, 199, 200, 201, 202, 203, 204, 205, 206, 207, 208, 209, 210, 211, 212, 213, 214, 215, 216, 217, 218, 219, 220, 221, 222, 223, 224, 225, 226, 227, 228, 229, 230, 231, 232, 233, 234, 235, 236, 237, 238, 239, 240, 241, 242, 243, 244, 245, 246, 247, 248, 249, 250, 251, 252, 253, 254, 255, 256, 257, 258, 259, 260, 261, 262, 263, 264, 265, 266, 267, 268, 269, 270, 271, 272, 273, 274, 275, 276, 277, 278, 279, 280, 281, 282, 283, 284, 285, 286, 287, 288, 289, 290, 291, 292, 293, 294, 295, 296, 297, 298, 299, 300, 301, 302, 303, 304, 305, 306, 307, 308, 309, 310, 311, 312, 313, 314, 315, 316, 317, 318, 319, 320, 321, 322, 323, 324, 325, 326, 327, 328, 329, 330, 331, 332, 333, 334, 335, 336, 337, 340, 341, 342, 343, 344, 345, 346, 356, 363, 365, 366, 367, 370, 375, 388, 391, 394, 396, 402, 410, 411, 412, 413, 414, 415, 416, 417, 418, 419, 420, 421, 422, 425, 429, 431, 433, 435, 437, 440, 441, 442, 443, 451, 452, 456, 457, 458, 460, 461, 464, 471, 473, 474, 475, 481, 482, 501, 502, 503, 504, 505, 506, 507, 574, 575, 576, 577, 578, 579, 580, 581, 582, 583, 584, 585, 586, 587, 588, 589, 590, 591, 592, 593, 594, 595, 596, 597, 598, 599, 600, 601, 602, 603, 604, 605, 606, 607, 608, 609, 610, 611, 612, 613, 614, 615, 616, 617, 618, 619, 620, 621, 622, 623, 624, 625, 626, 627, 628, 629, 630, 631, 632, 633, 634, 635, 636, 637, 638, 639, 640, 641, 642, 643, 644, 645, 646, 647, 648, 649, 650, 651, 652, 653, 654, 655, 656, 657, 658, 659, 660, 661, 662, 663, 664, 665, 666, 667, 668, 669, 670, 671, 672, 673, 674, 675, 676, 677, 678, 679, 680, 681, 682, 683, 684, 685, 686, 687, 688, 689, 690, 691, 692, 693, 694, 695, 696, 697, 698, 699, 700, 701, 702, 703, 704, 705, 706, 707, 708, 709, 710, 711, 712, 713, 714, 715, 716, 717, 718, 719, 720, 721, 722, 723, 724, 725, 726, 727, 728, 729, 730, 731, 732, 733, 734, 735, 736, 737, 738, 739, 740, 741, 742, 743, 744, 745, 746, 747, 748, 749, 750, 751, 752, 753, 754, 755, 756, 757, 758, 759, 760, 761, 762, 763, 764, 765, 766, 767, 768, 769, 770, 771, 772, 773, 774, 775, 776, 777, 778, 779, 780, 781, 782, 783, 784, 785, 786, 787, 788, 789, 790, 791, 792, 793, 796, 797, 798, 799, 800, 801, 811, 817, 818, 820, 825, 838, 841, 844, 846, 851, 857, 861, 862, 863, 864, 865, 866, 867, 868, 869, 870, 871, 872, 873, 874, 877, 881, 883, 885, 888, 891, 892, 893, 898, 899, 904, 905, 907, 908, 911, 918, 920, 921, 922, 923, 924, 926, 931, 933]",True,"[163, 168, 205, 253, 313, 635, 675, 716, 771]","[103, 104, 105, 106, 107, 108, 109, 110, 111, 112, 113, 114, 115, 116, 117, 118, 119, 120, 121, 122, 123, 124, 125, 126, 127, 128, 129, 130, 131, 132, 133, 134, 135, 136, 137, 138, 139, 140, 141, 142, 143, 144, 145, 146, 147, 148, 149, 150, 151, 152, 153, 154, 155, 156, 157, 158, 159, 160, 161, 162, 163, 164, 165, 166, 167, 168, 169, 170, 171, 172, 173, 174, 175, 176, 177, 178, 179, 180, 181, 182, 183, 184, 185, 186, 187, 188, 189, 190, 191, 192, 193, 194, 195, 196, 197, 198, 199, 200, 201, 202, 203, 204, 205, 206, 207, 208, 209, 210, 211, 212, 213, 214, 215, 216, 217, 218, 219, 220, 221, 222, 223, 224, 225, 226, 227, 228, 229, 230, 231, 232, 233, 234, 235, 236, 237, 238, 239, 240, 241, 242, 243, 244, 245, 246, 247, 248, 249, 250, 251, 252, 253, 254, 255, 256, 257, 258, 259, 260, 261, 262, 263, 264, 265, 266, 267, 268, 269, 270, 271, 272, 273, 274, 275, 276, 277, 278, 279, 280, 281, 282, 283, 284, 285, 286, 287, 288, 289, 290, 291, 292, 293, 294, 295, 296, 297, 298, 299, 300, 301, 302, 303, 304, 305, 306, 307, 308, 309, 310, 311, 312, 313, 314, 315, 316, 317, 318, 319, 320, 321, 322, 323, 324, 325, 326, 327, 328, 329, 330, 331, 332, 333, 334, 335, 336, 337, 574, 575, 576, 577, 578, 579, 580, 581, 582, 583, 584, 585, 586, 587, 588, 589, 590, 591, 592, 593, 594, 595, 596, 597, 598, 599, 600, 601, 602, 603, 604, 605, 606, 607, 608, 609, 610, 611, 612, 613, 614, 615, 616, 617, 618, 619, 620, 621, 622, 623, 624, 625, 626, 627, 628, 629, 630, 631, 632, 633, 634, 635, 636, 637, 638, 639, 640, 641, 642, 643, 644, 645, 646, 647, 648, 649, 650, 651, 652, 653, 654, 655, 656, 657, 658, 659, 660, 661, 662, 663, 664, 665, 666, 667, 668, 669, 670, 671, 672, 673, 674, 675, 676, 677, 678, 679, 680, 681, 682, 683, 684, 685, 686, 687, 688, 689, 690, 691, 692, 693, 694, 695, 696, 697, 698, 699, 700, 701, 702, 703, 704, 705, 706, 707, 708, 709, 710, 711, 712, 713, 714, 715, 716, 717, 718, 719, 720, 721, 722, 723, 724, 725, 726, 727, 728, 729, 730, 731, 732, 733, 734, 735, 736, 737, 738, 739, 740, 741, 742, 743, 744, 745, 746, 747, 748, 749, 750, 751, 752, 753, 754, 755, 756, 757, 758, 759, 760, 761, 762, 763, 764, 765, 766, 767, 768, 769, 770, 771, 772, 773, 774, 775, 776, 777, 778, 779, 780, 781, 782, 783, 784, 785, 786, 787, 788, 789, 790, 791, 792, 793]","[163, 168, 205, 253, 313, 635, 675, 716, 771]","[163, 205, 253, 313, 635, 675, 716, 771]","[16, 125, 156, 163, 168, 184, 205, 222, 229, 253, 258, 265, 313, 317, 336, 340, 341, 356, 363, 365, 366, 367, 370, 375, 388, 391, 394, 396, 402, 410, 411, 412, 413, 415, 416, 417, 418, 419, 425, 429, 431, 433, 435, 437, 440, 441, 442, 443, 451, 452, 456, 457, 458, 460, 461, 464, 471, 473, 474, 475, 481, 482, 501, 596, 628, 635, 655, 675, 693, 716, 720, 725, 771, 775, 793, 796, 797, 811, 817, 818, 820, 825, 838, 841, 844, 846, 851, 857, 861, 862, 863, 864, 866, 867, 868, 870, 871, 877, 881, 883, 885, 888, 891, 892, 893, 898, 899, 904, 905, 907, 908, 911, 918, 920, 921, 922, 923, 924, 926, 931, 933]","[17, 18, 19, 20, 21, 22, 23, 156, 157, 158, 159, 160, 161, 162, 163, 164, 165, 166, 167, 168, 340, 341, 342, 343, 344, 345, 346, 412, 413, 414, 415, 416, 417, 418, 419, 420, 421, 422, 502, 503, 504, 505, 506, 507, 628, 629, 630, 631, 632, 633, 634, 635, 636, 637, 638, 639, 792, 796, 797, 798, 799, 800, 801, 863, 864, 865, 866, 867, 868, 869, 870, 871, 872, 873, 874]","[17, 18, 19, 20, 21, 22, 23, 156, 157, 158, 159, 160, 161, 162, 163, 164, 165, 166, 167, 341, 342, 343, 344, 345, 412, 413, 414, 415, 416, 417, 418, 419, 420, 421, 422, 502, 503, 504, 505, 506, 507, 628, 629, 630, 631, 632, 633, 634, 635, 636, 637, 638, 639, 792, 797, 798, 799, 800, 801, 863, 864, 865, 866, 867, 868, 869, 870, 871, 872, 873, 874]",7/6 successful match,True,"[616, 617]",True,280,False,,1.0,True,Flying J Travel Plaza # 614 Rd NW ),Flying J
"Barstow , 92312",760-253-2922 I-15 TravelCenters Exit 178 ( Lenwood of America Rd ( Shell NWA ),24 O,Barstow,92312,,760-253-2922,2006,Barstow,CA,,( Lenwood of America Rd ( Shell NWA ),I-15 TravelCenters Exit 178 ,Exit,178,False,,False,I-15,,,,,"[313, 771]",[],"[163, 168, 205, 253, 313, 635, 675, 716, 771]","[163, 205, 253, 313, 635, 675, 716, 771]","[103, 104, 105, 106, 107, 108, 109, 110, 111, 112, 113, 114, 115, 116, 117, 118, 119, 120, 121, 122, 123, 124, 125, 126, 127, 128, 129, 130, 131, 132, 133, 134, 135, 136, 137, 138, 139, 140, 141, 142, 143, 144, 145, 146, 147, 148, 149, 150, 151, 152, 153, 154, 155, 156, 157, 158, 159, 160, 161, 162, 163, 164, 165, 166, 167, 168, 169, 170, 171, 172, 173, 174, 175, 176, 177, 178, 179, 180, 181, 182, 183, 184, 185, 186, 187, 188, 189, 190, 191, 192, 193, 194, 195, 196, 197, 198, 199, 200, 201, 202, 203, 204, 205, 206, 207, 208, 209, 210, 211, 212, 213, 214, 215, 216, 217, 218, 219, 220, 221, 222, 223, 224, 225, 226, 227, 228, 229, 230, 231, 232, 233, 234, 235, 236, 237, 238, 239, 240, 241, 242, 243, 244, 245, 246, 247, 248, 249, 250, 251, 252, 253, 254, 255, 256, 257, 258, 259, 260, 261, 262, 263, 264, 265, 266, 267, 268, 269, 270, 271, 272, 273, 274, 275, 276, 277, 278, 279, 280, 281, 282, 283, 284, 285, 286, 287, 288, 289, 290, 291, 292, 293, 294, 295, 296, 297, 298, 299, 300, 301, 302, 303, 304, 305, 306, 307, 308, 309, 310, 311, 312, 313, 314, 315, 316, 317, 318, 319, 320, 321, 322, 323, 324, 325, 326, 327, 328, 329, 330, 331, 332, 333, 334, 335, 336, 337, 574, 575, 576, 577, 578, 579, 580, 581, 582, 583, 584, 585, 586, 587, 588, 589, 590, 591, 592, 593, 594, 595, 596, 597, 598, 599, 600, 601, 602, 603, 604, 605, 606, 607, 608, 609, 610, 611, 612, 613, 614, 615, 616, 617, 618, 619, 620, 621, 622, 623, 624, 625, 626, 627, 628, 629, 630, 631, 632, 633, 634, 635, 636, 637, 638, 639, 640, 641, 642, 643, 644, 645, 646, 647, 648, 649, 650, 651, 652, 653, 654, 655, 656, 657, 658, 659, 660, 661, 662, 663, 664, 665, 666, 667, 668, 669, 670, 671, 672, 673, 674, 675, 676, 677, 678, 679, 680, 681, 682, 683, 684, 685, 686, 687, 688, 689, 690, 691, 692, 693, 694, 695, 696, 697, 698, 699, 700, 701, 702, 703, 704, 705, 706, 707, 708, 709, 710, 711, 712, 713, 714, 715, 716, 717, 718, 719, 720, 721, 722, 723, 724, 725, 726, 727, 728, 729, 730, 731, 732, 733, 734, 735, 736, 737, 738, 739, 740, 741, 742, 743, 744, 745, 746, 747, 748, 749, 750, 751, 752, 753, 754, 755, 756, 757, 758, 759, 760, 761, 762, 763, 764, 765, 766, 767, 768, 769, 770, 771, 772, 773, 774, 775, 776, 777, 778, 779, 780, 781, 782, 783, 784, 785, 786, 787, 788, 789, 790, 791, 792, 793]","[16, 125, 156, 163, 168, 184, 205, 222, 229, 253, 258, 265, 313, 317, 336, 340, 341, 356, 363, 365, 366, 367, 370, 375, 388, 391, 394, 396, 402, 410, 411, 412, 413, 415, 416, 417, 418, 419, 425, 429, 431, 433, 435, 437, 440, 441, 442, 443, 451, 452, 456, 457, 458, 460, 461, 464, 471, 473, 474, 475, 481, 482, 501, 596, 628, 635, 655, 675, 693, 716, 720, 725, 771, 775, 793, 796, 797, 811, 817, 818, 820, 825, 838, 841, 844, 846, 851, 857, 861, 862, 863, 864, 866, 867, 868, 870, 871, 877, 881, 883, 885, 888, 891, 892, 893, 898, 899, 904, 905, 907, 908, 911, 918, 920, 921, 922, 923, 924, 926, 931, 933]",[],[],"[16, 103, 104, 105, 106, 107, 108, 109, 110, 111, 112, 113, 114, 115, 116, 117, 118, 119, 120, 121, 122, 123, 124, 125, 126, 127, 128, 129, 130, 131, 132, 133, 134, 135, 136, 137, 138, 139, 140, 141, 142, 143, 144, 145, 146, 147, 148, 149, 150, 151, 152, 153, 154, 155, 156, 157, 158, 159, 160, 161, 162, 163, 164, 165, 166, 167, 168, 169, 170, 171, 172, 173, 174, 175, 176, 177, 178, 179, 180, 181, 182, 183, 184, 185, 186, 187, 188, 189, 190, 191, 192, 193, 194, 195, 196, 197, 198, 199, 200, 201, 202, 203, 204, 205, 206, 207, 208, 209, 210, 211, 212, 213, 214, 215, 216, 217, 218, 219, 220, 221, 222, 223, 224, 225, 226, 227, 228, 229, 230, 231, 232, 233, 234, 235, 236, 237, 238, 239, 240, 241, 242, 243, 244, 245, 246, 247, 248, 249, 250, 251, 252, 253, 254, 255, 256, 257, 258, 259, 260, 261, 262, 263, 264, 265, 266, 267, 268, 269, 270, 271, 272, 273, 274, 275, 276, 277, 278, 279, 280, 281, 282, 283, 284, 285, 286, 287, 288, 289, 290, 291, 292, 293, 294, 295, 296, 297, 298, 299, 300, 301, 302, 303, 304, 305, 306, 307, 308, 309, 310, 311, 312, 313, 314, 315, 316, 317, 318, 319, 320, 321, 322, 323, 324, 325, 326, 327, 328, 329, 330, 331, 332, 333, 334, 335, 336, 337, 340, 341, 356, 363, 365, 366, 367, 370, 375, 388, 391, 394, 396, 402, 410, 411, 412, 413, 415, 416, 417, 418, 419, 425, 429, 431, 433, 435, 437, 440, 441, 442, 443, 451, 452, 456, 457, 458, 460, 461, 464, 471, 473, 474, 475, 481, 482, 501, 574, 575, 576, 577, 578, 579, 580, 581, 582, 583, 584, 585, 586, 587, 588, 589, 590, 591, 592, 593, 594, 595, 596, 597, 598, 599, 600, 601, 602, 603, 604, 605, 606, 607, 608, 609, 610, 611, 612, 613, 614, 615, 616, 617, 618, 619, 620, 621, 622, 623, 624, 625, 626, 627, 628, 629, 630, 631, 632, 633, 634, 635, 636, 637, 638, 639, 640, 641, 642, 643, 644, 645, 646, 647, 648, 649, 650, 651, 652, 653, 654, 655, 656, 657, 658, 659, 660, 661, 662, 663, 664, 665, 666, 667, 668, 669, 670, 671, 672, 673, 674, 675, 676, 677, 678, 679, 680, 681, 682, 683, 684, 685, 686, 687, 688, 689, 690, 691, 692, 693, 694, 695, 696, 697, 698, 699, 700, 701, 702, 703, 704, 705, 706, 707, 708, 709, 710, 711, 712, 713, 714, 715, 716, 717, 718, 719, 720, 721, 722, 723, 724, 725, 726, 727, 728, 729, 730, 731, 732, 733, 734, 735, 736, 737, 738, 739, 740, 741, 742, 743, 744, 745, 746, 747, 748, 749, 750, 751, 752, 753, 754, 755, 756, 757, 758, 759, 760, 761, 762, 763, 764, 765, 766, 767, 768, 769, 770, 771, 772, 773, 774, 775, 776, 777, 778, 779, 780, 781, 782, 783, 784, 785, 786, 787, 788, 789, 790, 791, 792, 793, 796, 797, 811, 817, 818, 820, 825, 838, 841, 844, 846, 851, 857, 861, 862, 863, 864, 866, 867, 868, 870, 871, 877, 881, 883, 885, 888, 891, 892, 893, 898, 899, 904, 905, 907, 908, 911, 918, 920, 921, 922, 923, 924, 926, 931, 933]",True,[],"[103, 104, 105, 106, 107, 108, 109, 110, 111, 112, 113, 114, 115, 116, 117, 118, 119, 120, 121, 122, 123, 124, 125, 126, 127, 128, 129, 130, 131, 132, 133, 134, 135, 136, 137, 138, 139, 140, 141, 142, 143, 144, 145, 146, 147, 148, 149, 150, 151, 152, 153, 154, 155, 156, 157, 158, 159, 160, 161, 162, 163, 164, 165, 166, 167, 168, 169, 170, 171, 172, 173, 174, 175, 176, 177, 178, 179, 180, 181, 182, 183, 184, 185, 186, 187, 188, 189, 190, 191, 192, 193, 194, 195, 196, 197, 198, 199, 200, 201, 202, 203, 204, 205, 206, 207, 208, 209, 210, 211, 212, 213, 214, 215, 216, 217, 218, 219, 220, 221, 222, 223, 224, 225, 226, 227, 228, 229, 230, 231, 232, 233, 234, 235, 236, 237, 238, 239, 240, 241, 242, 243, 244, 245, 246, 247, 248, 249, 250, 251, 252, 253, 254, 255, 256, 257, 258, 259, 260, 261, 262, 263, 264, 265, 266, 267, 268, 269, 270, 271, 272, 273, 274, 275, 276, 277, 278, 279, 280, 281, 282, 283, 284, 285, 286, 287, 288, 289, 290, 291, 292, 293, 294, 295, 296, 297, 298, 299, 300, 301, 302, 303, 304, 305, 306, 307, 308, 309, 310, 311, 312, 313, 314, 315, 316, 317, 318, 319, 320, 321, 322, 323, 324, 325, 326, 327, 328, 329, 330, 331, 332, 333, 334, 335, 336, 337, 574, 575, 576, 577, 578, 579, 580, 581, 582, 583, 584, 585, 586, 587, 588, 589, 590, 591, 592, 593, 594, 595, 596, 597, 598, 599, 600, 601, 602, 603, 604, 605, 606, 607, 608, 609, 610, 611, 612, 613, 614, 615, 616, 617, 618, 619, 620, 621, 622, 623, 624, 625, 626, 627, 628, 629, 630, 631, 632, 633, 634, 635, 636, 637, 638, 639, 640, 641, 642, 643, 644, 645, 646, 647, 648, 649, 650, 651, 652, 653, 654, 655, 656, 657, 658, 659, 660, 661, 662, 663, 664, 665, 666, 667, 668, 669, 670, 671, 672, 673, 674, 675, 676, 677, 678, 679, 680, 681, 682, 683, 684, 685, 686, 687, 688, 689, 690, 691, 692, 693, 694, 695, 696, 697, 698, 699, 700, 701, 702, 703, 704, 705, 706, 707, 708, 709, 710, 711, 712, 713, 714, 715, 716, 717, 718, 719, 720, 721, 722, 723, 724, 725, 726, 727, 728, 729, 730, 731, 732, 733, 734, 735, 736, 737, 738, 739, 740, 741, 742, 743, 744, 745, 746, 747, 748, 749, 750, 751, 752, 753, 754, 755, 756, 757, 758, 759, 760, 761, 762, 763, 764, 765, 766, 767, 768, 769, 770, 771, 772, 773, 774, 775, 776, 777, 778, 779, 780, 781, 782, 783, 784, 785, 786, 787, 788, 789, 790, 791, 792, 793]","[163, 168, 205, 253, 313, 635, 675, 716, 771]","[163, 205, 253, 313, 635, 675, 716, 771]","[16, 125, 156, 163, 168, 184, 205, 222, 229, 253, 258, 265, 313, 317, 336, 340, 341, 356, 363, 365, 366, 367, 370, 375, 388, 391, 394, 396, 402, 410, 411, 412, 413, 415, 416, 417, 418, 419, 425, 429, 431, 433, 435, 437, 440, 441, 442, 443, 451, 452, 456, 457, 458, 460, 461, 464, 471, 473, 474, 475, 481, 482, 501, 596, 628, 635, 655, 675, 693, 716, 720, 725, 771, 775, 793, 796, 797, 811, 817, 818, 820, 825, 838, 841, 844, 846, 851, 857, 861, 862, 863, 864, 866, 867, 868, 870, 871, 877, 881, 883, 885, 888, 891, 892, 893, 898, 899, 904, 905, 907, 908, 911, 918, 920, 921, 922, 923, 924, 926, 931, 933]",[],[],7/6 successful match,True,"[395, 396, 397]",True,281,False,,,,,
"Barstow , 92312",760-253-2922 I TravelCenters - 15 Exit 178 ( Lenwood of America Rd ( Shell NW ) ) A,<U+25A0><U+25A0> XL 49,Barstow,92312,,760-253-2922,2007,Barstow,CA,,( Lenwood of America Rd ( Shell NW ) ) A,I TravelCenters - 15 Exit 178 ,Exit,178,False,,False,I TravelCenters,,,,,"[313, 771]",[],"[163, 168, 205, 253, 313, 635, 675, 716, 771]","[163, 205, 253, 313, 635, 675, 716, 771]","[103, 104, 105, 106, 107, 108, 109, 110, 111, 112, 113, 114, 115, 116, 117, 118, 119, 120, 121, 122, 123, 124, 125, 126, 127, 128, 129, 130, 131, 132, 133, 134, 135, 136, 137, 138, 139, 140, 141, 142, 143, 144, 145, 146, 147, 148, 149, 150, 151, 152, 153, 154, 155, 156, 157, 158, 159, 160, 161, 162, 163, 164, 165, 166, 167, 168, 169, 170, 171, 172, 173, 174, 175, 176, 177, 178, 179, 180, 181, 182, 183, 184, 185, 186, 187, 188, 189, 190, 191, 192, 193, 194, 195, 196, 197, 198, 199, 200, 201, 202, 203, 204, 205, 206, 207, 208, 209, 210, 211, 212, 213, 214, 215, 216, 217, 218, 219, 220, 221, 222, 223, 224, 225, 226, 227, 228, 229, 230, 231, 232, 233, 234, 235, 236, 237, 238, 239, 240, 241, 242, 243, 244, 245, 246, 247, 248, 249, 250, 251, 252, 253, 254, 255, 256, 257, 258, 259, 260, 261, 262, 263, 264, 265, 266, 267, 268, 269, 270, 271, 272, 273, 274, 275, 276, 277, 278, 279, 280, 281, 282, 283, 284, 285, 286, 287, 288, 289, 290, 291, 292, 293, 294, 295, 296, 297, 298, 299, 300, 301, 302, 303, 304, 305, 306, 307, 308, 309, 310, 311, 312, 313, 314, 315, 316, 317, 318, 319, 320, 321, 322, 323, 324, 325, 326, 327, 328, 329, 330, 331, 332, 333, 334, 335, 336, 337, 574, 575, 576, 577, 578, 579, 580, 581, 582, 583, 584, 585, 586, 587, 588, 589, 590, 591, 592, 593, 594, 595, 596, 597, 598, 599, 600, 601, 602, 603, 604, 605, 606, 607, 608, 609, 610, 611, 612, 613, 614, 615, 616, 617, 618, 619, 620, 621, 622, 623, 624, 625, 626, 627, 628, 629, 630, 631, 632, 633, 634, 635, 636, 637, 638, 639, 640, 641, 642, 643, 644, 645, 646, 647, 648, 649, 650, 651, 652, 653, 654, 655, 656, 657, 658, 659, 660, 661, 662, 663, 664, 665, 666, 667, 668, 669, 670, 671, 672, 673, 674, 675, 676, 677, 678, 679, 680, 681, 682, 683, 684, 685, 686, 687, 688, 689, 690, 691, 692, 693, 694, 695, 696, 697, 698, 699, 700, 701, 702, 703, 704, 705, 706, 707, 708, 709, 710, 711, 712, 713, 714, 715, 716, 717, 718, 719, 720, 721, 722, 723, 724, 725, 726, 727, 728, 729, 730, 731, 732, 733, 734, 735, 736, 737, 738, 739, 740, 741, 742, 743, 744, 745, 746, 747, 748, 749, 750, 751, 752, 753, 754, 755, 756, 757, 758, 759, 760, 761, 762, 763, 764, 765, 766, 767, 768, 769, 770, 771, 772, 773, 774, 775, 776, 777, 778, 779, 780, 781, 782, 783, 784, 785, 786, 787, 788, 789, 790, 791, 792, 793]",[],[],[],"[103, 104, 105, 106, 107, 108, 109, 110, 111, 112, 113, 114, 115, 116, 117, 118, 119, 120, 121, 122, 123, 124, 125, 126, 127, 128, 129, 130, 131, 132, 133, 134, 135, 136, 137, 138, 139, 140, 141, 142, 143, 144, 145, 146, 147, 148, 149, 150, 151, 152, 153, 154, 155, 156, 157, 158, 159, 160, 161, 162, 163, 164, 165, 166, 167, 168, 169, 170, 171, 172, 173, 174, 175, 176, 177, 178, 179, 180, 181, 182, 183, 184, 185, 186, 187, 188, 189, 190, 191, 192, 193, 194, 195, 196, 197, 198, 199, 200, 201, 202, 203, 204, 205, 206, 207, 208, 209, 210, 211, 212, 213, 214, 215, 216, 217, 218, 219, 220, 221, 222, 223, 224, 225, 226, 227, 228, 229, 230, 231, 232, 233, 234, 235, 236, 237, 238, 239, 240, 241, 242, 243, 244, 245, 246, 247, 248, 249, 250, 251, 252, 253, 254, 255, 256, 257, 258, 259, 260, 261, 262, 263, 264, 265, 266, 267, 268, 269, 270, 271, 272, 273, 274, 275, 276, 277, 278, 279, 280, 281, 282, 283, 284, 285, 286, 287, 288, 289, 290, 291, 292, 293, 294, 295, 296, 297, 298, 299, 300, 301, 302, 303, 304, 305, 306, 307, 308, 309, 310, 311, 312, 313, 314, 315, 316, 317, 318, 319, 320, 321, 322, 323, 324, 325, 326, 327, 328, 329, 330, 331, 332, 333, 334, 335, 336, 337, 574, 575, 576, 577, 578, 579, 580, 581, 582, 583, 584, 585, 586, 587, 588, 589, 590, 591, 592, 593, 594, 595, 596, 597, 598, 599, 600, 601, 602, 603, 604, 605, 606, 607, 608, 609, 610, 611, 612, 613, 614, 615, 616, 617, 618, 619, 620, 621, 622, 623, 624, 625, 626, 627, 628, 629, 630, 631, 632, 633, 634, 635, 636, 637, 638, 639, 640, 641, 642, 643, 644, 645, 646, 647, 648, 649, 650, 651, 652, 653, 654, 655, 656, 657, 658, 659, 660, 661, 662, 663, 664, 665, 666, 667, 668, 669, 670, 671, 672, 673, 674, 675, 676, 677, 678, 679, 680, 681, 682, 683, 684, 685, 686, 687, 688, 689, 690, 691, 692, 693, 694, 695, 696, 697, 698, 699, 700, 701, 702, 703, 704, 705, 706, 707, 708, 709, 710, 711, 712, 713, 714, 715, 716, 717, 718, 719, 720, 721, 722, 723, 724, 725, 726, 727, 728, 729, 730, 731, 732, 733, 734, 735, 736, 737, 738, 739, 740, 741, 742, 743, 744, 745, 746, 747, 748, 749, 750, 751, 752, 753, 754, 755, 756, 757, 758, 759, 760, 761, 762, 763, 764, 765, 766, 767, 768, 769, 770, 771, 772, 773, 774, 775, 776, 777, 778, 779, 780, 781, 782, 783, 784, 785, 786, 787, 788, 789, 790, 791, 792, 793]",True,[],"[103, 104, 105, 106, 107, 108, 109, 110, 111, 112, 113, 114, 115, 116, 117, 118, 119, 120, 121, 122, 123, 124, 125, 126, 127, 128, 129, 130, 131, 132, 133, 134, 135, 136, 137, 138, 139, 140, 141, 142, 143, 144, 145, 146, 147, 148, 149, 150, 151, 152, 153, 154, 155, 156, 157, 158, 159, 160, 161, 162, 163, 164, 165, 166, 167, 168, 169, 170, 171, 172, 173, 174, 175, 176, 177, 178, 179, 180, 181, 182, 183, 184, 185, 186, 187, 188, 189, 190, 191, 192, 193, 194, 195, 196, 197, 198, 199, 200, 201, 202, 203, 204, 205, 206, 207, 208, 209, 210, 211, 212, 213, 214, 215, 216, 217, 218, 219, 220, 221, 222, 223, 224, 225, 226, 227, 228, 229, 230, 231, 232, 233, 234, 235, 236, 237, 238, 239, 240, 241, 242, 243, 244, 245, 246, 247, 248, 249, 250, 251, 252, 253, 254, 255, 256, 257, 258, 259, 260, 261, 262, 263, 264, 265, 266, 267, 268, 269, 270, 271, 272, 273, 274, 275, 276, 277, 278, 279, 280, 281, 282, 283, 284, 285, 286, 287, 288, 289, 290, 291, 292, 293, 294, 295, 296, 297, 298, 299, 300, 301, 302, 303, 304, 305, 306, 307, 308, 309, 310, 311, 312, 313, 314, 315, 316, 317, 318, 319, 320, 321, 322, 323, 324, 325, 326, 327, 328, 329, 330, 331, 332, 333, 334, 335, 336, 337, 574, 575, 576, 577, 578, 579, 580, 581, 582, 583, 584, 585, 586, 587, 588, 589, 590, 591, 592, 593, 594, 595, 596, 597, 598, 599, 600, 601, 602, 603, 604, 605, 606, 607, 608, 609, 610, 611, 612, 613, 614, 615, 616, 617, 618, 619, 620, 621, 622, 623, 624, 625, 626, 627, 628, 629, 630, 631, 632, 633, 634, 635, 636, 637, 638, 639, 640, 641, 642, 643, 644, 645, 646, 647, 648, 649, 650, 651, 652, 653, 654, 655, 656, 657, 658, 659, 660, 661, 662, 663, 664, 665, 666, 667, 668, 669, 670, 671, 672, 673, 674, 675, 676, 677, 678, 679, 680, 681, 682, 683, 684, 685, 686, 687, 688, 689, 690, 691, 692, 693, 694, 695, 696, 697, 698, 699, 700, 701, 702, 703, 704, 705, 706, 707, 708, 709, 710, 711, 712, 713, 714, 715, 716, 717, 718, 719, 720, 721, 722, 723, 724, 725, 726, 727, 728, 729, 730, 731, 732, 733, 734, 735, 736, 737, 738, 739, 740, 741, 742, 743, 744, 745, 746, 747, 748, 749, 750, 751, 752, 753, 754, 755, 756, 757, 758, 759, 760, 761, 762, 763, 764, 765, 766, 767, 768, 769, 770, 771, 772, 773, 774, 775, 776, 777, 778, 779, 780, 781, 782, 783, 784, 785, 786, 787, 788, 789, 790, 791, 792, 793]","[163, 168, 205, 253, 313, 635, 675, 716, 771]","[163, 205, 253, 313, 635, 675, 716, 771]",[],[],[],7/6 successful match,True,"[395, 396, 397]",True,281,True,2007,0.0,True,,
"Barstow , 92312 TravelCenters of America ( Shell )",5 760-253-2922 I-15 Exit 178 ( Lenwood Rd NW ) TA,,Barstow,92312,TravelCenters of America ( Shell ),760-253-2922,2008,Barstow,CA,TravelCenters,( Lenwood Rd NW ) TA,I-15 Exit 178 ,Exit,178,False,,False,I-15,,,,,"[313, 771]",[],"[163, 168, 205, 253, 313, 635, 675, 716, 771]","[163, 205, 253, 313, 635, 675, 716, 771]","[103, 104, 105, 106, 107, 108, 109, 110, 111, 112, 113, 114, 115, 116, 117, 118, 119, 120, 121, 122, 123, 124, 125, 126, 127, 128, 129, 130, 131, 132, 133, 134, 135, 136, 137, 138, 139, 140, 141, 142, 143, 144, 145, 146, 147, 148, 149, 150, 151, 152, 153, 154, 155, 156, 157, 158, 159, 160, 161, 162, 163, 164, 165, 166, 167, 168, 169, 170, 171, 172, 173, 174, 175, 176, 177, 178, 179, 180, 181, 182, 183, 184, 185, 186, 187, 188, 189, 190, 191, 192, 193, 194, 195, 196, 197, 198, 199, 200, 201, 202, 203, 204, 205, 206, 207, 208, 209, 210, 211, 212, 213, 214, 215, 216, 217, 218, 219, 220, 221, 222, 223, 224, 225, 226, 227, 228, 229, 230, 231, 232, 233, 234, 235, 236, 237, 238, 239, 240, 241, 242, 243, 244, 245, 246, 247, 248, 249, 250, 251, 252, 253, 254, 255, 256, 257, 258, 259, 260, 261, 262, 263, 264, 265, 266, 267, 268, 269, 270, 271, 272, 273, 274, 275, 276, 277, 278, 279, 280, 281, 282, 283, 284, 285, 286, 287, 288, 289, 290, 291, 292, 293, 294, 295, 296, 297, 298, 299, 300, 301, 302, 303, 304, 305, 306, 307, 308, 309, 310, 311, 312, 313, 314, 315, 316, 317, 318, 319, 320, 321, 322, 323, 324, 325, 326, 327, 328, 329, 330, 331, 332, 333, 334, 335, 336, 337, 574, 575, 576, 577, 578, 579, 580, 581, 582, 583, 584, 585, 586, 587, 588, 589, 590, 591, 592, 593, 594, 595, 596, 597, 598, 599, 600, 601, 602, 603, 604, 605, 606, 607, 608, 609, 610, 611, 612, 613, 614, 615, 616, 617, 618, 619, 620, 621, 622, 623, 624, 625, 626, 627, 628, 629, 630, 631, 632, 633, 634, 635, 636, 637, 638, 639, 640, 641, 642, 643, 644, 645, 646, 647, 648, 649, 650, 651, 652, 653, 654, 655, 656, 657, 658, 659, 660, 661, 662, 663, 664, 665, 666, 667, 668, 669, 670, 671, 672, 673, 674, 675, 676, 677, 678, 679, 680, 681, 682, 683, 684, 685, 686, 687, 688, 689, 690, 691, 692, 693, 694, 695, 696, 697, 698, 699, 700, 701, 702, 703, 704, 705, 706, 707, 708, 709, 710, 711, 712, 713, 714, 715, 716, 717, 718, 719, 720, 721, 722, 723, 724, 725, 726, 727, 728, 729, 730, 731, 732, 733, 734, 735, 736, 737, 738, 739, 740, 741, 742, 743, 744, 745, 746, 747, 748, 749, 750, 751, 752, 753, 754, 755, 756, 757, 758, 759, 760, 761, 762, 763, 764, 765, 766, 767, 768, 769, 770, 771, 772, 773, 774, 775, 776, 777, 778, 779, 780, 781, 782, 783, 784, 785, 786, 787, 788, 789, 790, 791, 792, 793]","[16, 125, 156, 163, 168, 184, 205, 222, 229, 253, 258, 265, 313, 317, 336, 340, 341, 356, 363, 365, 366, 367, 370, 375, 388, 391, 394, 396, 402, 410, 411, 412, 413, 415, 416, 417, 418, 419, 425, 429, 431, 433, 435, 437, 440, 441, 442, 443, 451, 452, 456, 457, 458, 460, 461, 464, 471, 473, 474, 475, 481, 482, 501, 596, 628, 635, 655, 675, 693, 716, 720, 725, 771, 775, 793, 796, 797, 811, 817, 818, 820, 825, 838, 841, 844, 846, 851, 857, 861, 862, 863, 864, 866, 867, 868, 870, 871, 877, 881, 883, 885, 888, 891, 892, 893, 898, 899, 904, 905, 907, 908, 911, 918, 920, 921, 922, 923, 924, 926, 931, 933]","[98, 476, 481, 569, 924, 925]","[1, 13, 14, 29, 54, 55, 56, 57, 58, 60, 102, 118, 125, 127, 130, 134, 146, 149, 153, 175, 182, 187, 189, 191, 197, 225, 230, 238, 264, 265, 266, 286, 302, 317, 336, 354, 379, 388, 389, 425, 454, 458, 463, 475, 487, 498, 499, 512, 530, 531, 532, 533, 534, 536, 573, 589, 596, 598, 601, 605, 617, 620, 624, 646, 653, 658, 660, 662, 668, 689, 694, 702, 724, 725, 745, 760, 775, 793, 809, 829, 838, 839, 877, 901, 903, 905, 910, 923]","[1, 13, 14, 16, 29, 54, 55, 56, 57, 58, 60, 98, 102, 103, 104, 105, 106, 107, 108, 109, 110, 111, 112, 113, 114, 115, 116, 117, 118, 119, 120, 121, 122, 123, 124, 125, 126, 127, 128, 129, 130, 131, 132, 133, 134, 135, 136, 137, 138, 139, 140, 141, 142, 143, 144, 145, 146, 147, 148, 149, 150, 151, 152, 153, 154, 155, 156, 157, 158, 159, 160, 161, 162, 163, 164, 165, 166, 167, 168, 169, 170, 171, 172, 173, 174, 175, 176, 177, 178, 179, 180, 181, 182, 183, 184, 185, 186, 187, 188, 189, 190, 191, 192, 193, 194, 195, 196, 197, 198, 199, 200, 201, 202, 203, 204, 205, 206, 207, 208, 209, 210, 211, 212, 213, 214, 215, 216, 217, 218, 219, 220, 221, 222, 223, 224, 225, 226, 227, 228, 229, 230, 231, 232, 233, 234, 235, 236, 237, 238, 239, 240, 241, 242, 243, 244, 245, 246, 247, 248, 249, 250, 251, 252, 253, 254, 255, 256, 257, 258, 259, 260, 261, 262, 263, 264, 265, 266, 267, 268, 269, 270, 271, 272, 273, 274, 275, 276, 277, 278, 279, 280, 281, 282, 283, 284, 285, 286, 287, 288, 289, 290, 291, 292, 293, 294, 295, 296, 297, 298, 299, 300, 301, 302, 303, 304, 305, 306, 307, 308, 309, 310, 311, 312, 313, 314, 315, 316, 317, 318, 319, 320, 321, 322, 323, 324, 325, 326, 327, 328, 329, 330, 331, 332, 333, 334, 335, 336, 337, 340, 341, 354, 356, 363, 365, 366, 367, 370, 375, 379, 388, 389, 391, 394, 396, 402, 410, 411, 412, 413, 415, 416, 417, 418, 419, 425, 429, 431, 433, 435, 437, 440, 441, 442, 443, 451, 452, 454, 456, 457, 458, 460, 461, 463, 464, 471, 473, 474, 475, 476, 481, 482, 487, 498, 499, 501, 512, 530, 531, 532, 533, 534, 536, 569, 573, 574, 575, 576, 577, 578, 579, 580, 581, 582, 583, 584, 585, 586, 587, 588, 589, 590, 591, 592, 593, 594, 595, 596, 597, 598, 599, 600, 601, 602, 603, 604, 605, 606, 607, 608, 609, 610, 611, 612, 613, 614, 615, 616, 617, 618, 619, 620, 621, 622, 623, 624, 625, 626, 627, 628, 629, 630, 631, 632, 633, 634, 635, 636, 637, 638, 639, 640, 641, 642, 643, 644, 645, 646, 647, 648, 649, 650, 651, 652, 653, 654, 655, 656, 657, 658, 659, 660, 661, 662, 663, 664, 665, 666, 667, 668, 669, 670, 671, 672, 673, 674, 675, 676, 677, 678, 679, 680, 681, 682, 683, 684, 685, 686, 687, 688, 689, 690, 691, 692, 693, 694, 695, 696, 697, 698, 699, 700, 701, 702, 703, 704, 705, 706, 707, 708, 709, 710, 711, 712, 713, 714, 715, 716, 717, 718, 719, 720, 721, 722, 723, 724, 725, 726, 727, 728, 729, 730, 731, 732, 733, 734, 735, 736, 737, 738, 739, 740, 741, 742, 743, 744, 745, 746, 747, 748, 749, 750, 751, 752, 753, 754, 755, 756, 757, 758, 759, 760, 761, 762, 763, 764, 765, 766, 767, 768, 769, 770, 771, 772, 773, 774, 775, 776, 777, 778, 779, 780, 781, 782, 783, 784, 785, 786, 787, 788, 789, 790, 791, 792, 793, 796, 797, 809, 811, 817, 818, 820, 825, 829, 838, 839, 841, 844, 846, 851, 857, 861, 862, 863, 864, 866, 867, 868, 870, 871, 877, 881, 883, 885, 888, 891, 892, 893, 898, 899, 901, 903, 904, 905, 907, 908, 910, 911, 918, 920, 921, 922, 923, 924, 925, 926, 931, 933]",True,[],"[103, 104, 105, 106, 107, 108, 109, 110, 111, 112, 113, 114, 115, 116, 117, 118, 119, 120, 121, 122, 123, 124, 125, 126, 127, 128, 129, 130, 131, 132, 133, 134, 135, 136, 137, 138, 139, 140, 141, 142, 143, 144, 145, 146, 147, 148, 149, 150, 151, 152, 153, 154, 155, 156, 157, 158, 159, 160, 161, 162, 163, 164, 165, 166, 167, 168, 169, 170, 171, 172, 173, 174, 175, 176, 177, 178, 179, 180, 181, 182, 183, 184, 185, 186, 187, 188, 189, 190, 191, 192, 193, 194, 195, 196, 197, 198, 199, 200, 201, 202, 203, 204, 205, 206, 207, 208, 209, 210, 211, 212, 213, 214, 215, 216, 217, 218, 219, 220, 221, 222, 223, 224, 225, 226, 227, 228, 229, 230, 231, 232, 233, 234, 235, 236, 237, 238, 239, 240, 241, 242, 243, 244, 245, 246, 247, 248, 249, 250, 251, 252, 253, 254, 255, 256, 257, 258, 259, 260, 261, 262, 263, 264, 265, 266, 267, 268, 269, 270, 271, 272, 273, 274, 275, 276, 277, 278, 279, 280, 281, 282, 283, 284, 285, 286, 287, 288, 289, 290, 291, 292, 293, 294, 295, 296, 297, 298, 299, 300, 301, 302, 303, 304, 305, 306, 307, 308, 309, 310, 311, 312, 313, 314, 315, 316, 317, 318, 319, 320, 321, 322, 323, 324, 325, 326, 327, 328, 329, 330, 331, 332, 333, 334, 335, 336, 337, 574, 575, 576, 577, 578, 579, 580, 581, 582, 583, 584, 585, 586, 587, 588, 589, 590, 591, 592, 593, 594, 595, 596, 597, 598, 599, 600, 601, 602, 603, 604, 605, 606, 607, 608, 609, 610, 611, 612, 613, 614, 615, 616, 617, 618, 619, 620, 621, 622, 623, 624, 625, 626, 627, 628, 629, 630, 631, 632, 633, 634, 635, 636, 637, 638, 639, 640, 641, 642, 643, 644, 645, 646, 647, 648, 649, 650, 651, 652, 653, 654, 655, 656, 657, 658, 659, 660, 661, 662, 663, 664, 665, 666, 667, 668, 669, 670, 671, 672, 673, 674, 675, 676, 677, 678, 679, 680, 681, 682, 683, 684, 685, 686, 687, 688, 689, 690, 691, 692, 693, 694, 695, 696, 697, 698, 699, 700, 701, 702, 703, 704, 705, 706, 707, 708, 709, 710, 711, 712, 713, 714, 715, 716, 717, 718, 719, 720, 721, 722, 723, 724, 725, 726, 727, 728, 729, 730, 731, 732, 733, 734, 735, 736, 737, 738, 739, 740, 741, 742, 743, 744, 745, 746, 747, 748, 749, 750, 751, 752, 753, 754, 755, 756, 757, 758, 759, 760, 761, 762, 763, 764, 765, 766, 767, 768, 769, 770, 771, 772, 773, 774, 775, 776, 777, 778, 779, 780, 781, 782, 783, 784, 785, 786, 787, 788, 789, 790, 791, 792, 793]","[163, 168, 205, 253, 313, 635, 675, 716, 771]","[163, 205, 253, 313, 635, 675, 716, 771]","[16, 125, 156, 163, 168, 184, 205, 222, 229, 253, 258, 265, 313, 317, 336, 340, 341, 356, 363, 365, 366, 367, 370, 375, 388, 391, 394, 396, 402, 410, 411, 412, 413, 415, 416, 417, 418, 419, 425, 429, 431, 433, 435, 437, 440, 441, 442, 443, 451, 452, 456, 457, 458, 460, 461, 464, 471, 473, 474, 475, 481, 482, 501, 596, 628, 635, 655, 675, 693, 716, 720, 725, 771, 775, 793, 796, 797, 811, 817, 818, 820, 825, 838, 841, 844, 846, 851, 857, 861, 862, 863, 864, 866, 867, 868, 870, 871, 877, 881, 883, 885, 888, 891, 892, 893, 898, 899, 904, 905, 907, 908, 911, 918, 920, 921, 922, 923, 924, 926, 931, 933]","[1, 13, 14, 29, 54, 55, 56, 57, 58, 60, 102, 118, 125, 127, 130, 134, 146, 149, 153, 175, 182, 187, 189, 191, 197, 225, 230, 238, 264, 265, 266, 286, 302, 317, 336, 354, 379, 388, 389, 425, 454, 458, 463, 475, 487, 498, 499, 512, 530, 531, 532, 533, 534, 536, 573, 589, 596, 598, 601, 605, 617, 620, 624, 646, 653, 658, 660, 662, 668, 689, 694, 702, 724, 725, 745, 760, 775, 793, 809, 829, 838, 839, 877, 901, 903, 905, 910, 923]","[98, 476, 481, 569, 924, 925]",5/6 successful match,True,"[395, 396, 397]",True,281,True,2008,0.0,True,,
H Barstow ( 92312 ) TA Barstow # 227 ( Shell ),5 760-253-2922 I-15 Exit 178 ( Lenwood Rd NW ),XL 24,Barstow,92312,TA Barstow # 227 ( Shell ),760-253-2922,2014,Barstow,CA,Shell,( Lenwood Rd NW ),I-15 Exit 178 ,Exit,178,False,,False,I-15,,,,,"[313, 771]",[],"[163, 168, 205, 253, 313, 635, 675, 716, 771]","[163, 205, 253, 313, 635, 675, 716, 771]","[103, 104, 105, 106, 107, 108, 109, 110, 111, 112, 113, 114, 115, 116, 117, 118, 119, 120, 121, 122, 123, 124, 125, 126, 127, 128, 129, 130, 131, 132, 133, 134, 135, 136, 137, 138, 139, 140, 141, 142, 143, 144, 145, 146, 147, 148, 149, 150, 151, 152, 153, 154, 155, 156, 157, 158, 159, 160, 161, 162, 163, 164, 165, 166, 167, 168, 169, 170, 171, 172, 173, 174, 175, 176, 177, 178, 179, 180, 181, 182, 183, 184, 185, 186, 187, 188, 189, 190, 191, 192, 193, 194, 195, 196, 197, 198, 199, 200, 201, 202, 203, 204, 205, 206, 207, 208, 209, 210, 211, 212, 213, 214, 215, 216, 217, 218, 219, 220, 221, 222, 223, 224, 225, 226, 227, 228, 229, 230, 231, 232, 233, 234, 235, 236, 237, 238, 239, 240, 241, 242, 243, 244, 245, 246, 247, 248, 249, 250, 251, 252, 253, 254, 255, 256, 257, 258, 259, 260, 261, 262, 263, 264, 265, 266, 267, 268, 269, 270, 271, 272, 273, 274, 275, 276, 277, 278, 279, 280, 281, 282, 283, 284, 285, 286, 287, 288, 289, 290, 291, 292, 293, 294, 295, 296, 297, 298, 299, 300, 301, 302, 303, 304, 305, 306, 307, 308, 309, 310, 311, 312, 313, 314, 315, 316, 317, 318, 319, 320, 321, 322, 323, 324, 325, 326, 327, 328, 329, 330, 331, 332, 333, 334, 335, 336, 337, 574, 575, 576, 577, 578, 579, 580, 581, 582, 583, 584, 585, 586, 587, 588, 589, 590, 591, 592, 593, 594, 595, 596, 597, 598, 599, 600, 601, 602, 603, 604, 605, 606, 607, 608, 609, 610, 611, 612, 613, 614, 615, 616, 617, 618, 619, 620, 621, 622, 623, 624, 625, 626, 627, 628, 629, 630, 631, 632, 633, 634, 635, 636, 637, 638, 639, 640, 641, 642, 643, 644, 645, 646, 647, 648, 649, 650, 651, 652, 653, 654, 655, 656, 657, 658, 659, 660, 661, 662, 663, 664, 665, 666, 667, 668, 669, 670, 671, 672, 673, 674, 675, 676, 677, 678, 679, 680, 681, 682, 683, 684, 685, 686, 687, 688, 689, 690, 691, 692, 693, 694, 695, 696, 697, 698, 699, 700, 701, 702, 703, 704, 705, 706, 707, 708, 709, 710, 711, 712, 713, 714, 715, 716, 717, 718, 719, 720, 721, 722, 723, 724, 725, 726, 727, 728, 729, 730, 731, 732, 733, 734, 735, 736, 737, 738, 739, 740, 741, 742, 743, 744, 745, 746, 747, 748, 749, 750, 751, 752, 753, 754, 755, 756, 757, 758, 759, 760, 761, 762, 763, 764, 765, 766, 767, 768, 769, 770, 771, 772, 773, 774, 775, 776, 777, 778, 779, 780, 781, 782, 783, 784, 785, 786, 787, 788, 789, 790, 791, 792, 793]","[16, 125, 156, 163, 168, 184, 205, 222, 229, 253, 258, 265, 313, 317, 336, 340, 341, 356, 363, 365, 366, 367, 370, 375, 388, 391, 394, 396, 402, 410, 411, 412, 413, 415, 416, 417, 418, 419, 425, 429, 431, 433, 435, 437, 440, 441, 442, 443, 451, 452, 456, 457, 458, 460, 461, 464, 471, 473, 474, 475, 481, 482, 501, 596, 628, 635, 655, 675, 693, 716, 720, 725, 771, 775, 793, 796, 797, 811, 817, 818, 820, 825, 838, 841, 844, 846, 851, 857, 861, 862, 863, 864, 866, 867, 868, 870, 871, 877, 881, 883, 885, 888, 891, 892, 893, 898, 899, 904, 905, 907, 908, 911, 918, 920, 921, 922, 923, 924, 926, 931, 933]","[1, 13, 14, 29, 54, 55, 56, 57, 58, 60, 102, 118, 125, 127, 130, 134, 146, 149, 153, 175, 182, 187, 189, 191, 197, 225, 230, 238, 264, 265, 266, 286, 302, 317, 336, 379, 388, 389, 425, 454, 458, 463, 475, 487, 498, 499, 512, 530, 531, 532, 533, 534, 536, 573, 589, 596, 598, 601, 605, 617, 620, 624, 646, 653, 658, 660, 662, 668, 689, 694, 702, 724, 725, 745, 760, 775, 793, 829, 838, 839, 877, 901, 903, 905, 910, 923]","[1, 13, 14, 29, 54, 55, 56, 57, 58, 60, 102, 118, 125, 127, 130, 134, 146, 149, 153, 175, 182, 187, 189, 191, 197, 225, 230, 238, 264, 265, 266, 286, 301, 302, 313, 317, 336, 354, 379, 388, 389, 425, 454, 458, 463, 475, 476, 487, 498, 499, 512, 530, 531, 532, 533, 534, 536, 573, 589, 596, 598, 601, 605, 617, 620, 624, 646, 653, 658, 660, 662, 668, 689, 694, 702, 724, 725, 745, 760, 771, 775, 793, 809, 829, 838, 839, 877, 901, 903, 905, 910, 923, 924, 925]","[1, 13, 14, 16, 29, 54, 55, 56, 57, 58, 60, 102, 103, 104, 105, 106, 107, 108, 109, 110, 111, 112, 113, 114, 115, 116, 117, 118, 119, 120, 121, 122, 123, 124, 125, 126, 127, 128, 129, 130, 131, 132, 133, 134, 135, 136, 137, 138, 139, 140, 141, 142, 143, 144, 145, 146, 147, 148, 149, 150, 151, 152, 153, 154, 155, 156, 157, 158, 159, 160, 161, 162, 163, 164, 165, 166, 167, 168, 169, 170, 171, 172, 173, 174, 175, 176, 177, 178, 179, 180, 181, 182, 183, 184, 185, 186, 187, 188, 189, 190, 191, 192, 193, 194, 195, 196, 197, 198, 199, 200, 201, 202, 203, 204, 205, 206, 207, 208, 209, 210, 211, 212, 213, 214, 215, 216, 217, 218, 219, 220, 221, 222, 223, 224, 225, 226, 227, 228, 229, 230, 231, 232, 233, 234, 235, 236, 237, 238, 239, 240, 241, 242, 243, 244, 245, 246, 247, 248, 249, 250, 251, 252, 253, 254, 255, 256, 257, 258, 259, 260, 261, 262, 263, 264, 265, 266, 267, 268, 269, 270, 271, 272, 273, 274, 275, 276, 277, 278, 279, 280, 281, 282, 283, 284, 285, 286, 287, 288, 289, 290, 291, 292, 293, 294, 295, 296, 297, 298, 299, 300, 301, 302, 303, 304, 305, 306, 307, 308, 309, 310, 311, 312, 313, 314, 315, 316, 317, 318, 319, 320, 321, 322, 323, 324, 325, 326, 327, 328, 329, 330, 331, 332, 333, 334, 335, 336, 337, 340, 341, 354, 356, 363, 365, 366, 367, 370, 375, 379, 388, 389, 391, 394, 396, 402, 410, 411, 412, 413, 415, 416, 417, 418, 419, 425, 429, 431, 433, 435, 437, 440, 441, 442, 443, 451, 452, 454, 456, 457, 458, 460, 461, 463, 464, 471, 473, 474, 475, 476, 481, 482, 487, 498, 499, 501, 512, 530, 531, 532, 533, 534, 536, 573, 574, 575, 576, 577, 578, 579, 580, 581, 582, 583, 584, 585, 586, 587, 588, 589, 590, 591, 592, 593, 594, 595, 596, 597, 598, 599, 600, 601, 602, 603, 604, 605, 606, 607, 608, 609, 610, 611, 612, 613, 614, 615, 616, 617, 618, 619, 620, 621, 622, 623, 624, 625, 626, 627, 628, 629, 630, 631, 632, 633, 634, 635, 636, 637, 638, 639, 640, 641, 642, 643, 644, 645, 646, 647, 648, 649, 650, 651, 652, 653, 654, 655, 656, 657, 658, 659, 660, 661, 662, 663, 664, 665, 666, 667, 668, 669, 670, 671, 672, 673, 674, 675, 676, 677, 678, 679, 680, 681, 682, 683, 684, 685, 686, 687, 688, 689, 690, 691, 692, 693, 694, 695, 696, 697, 698, 699, 700, 701, 702, 703, 704, 705, 706, 707, 708, 709, 710, 711, 712, 713, 714, 715, 716, 717, 718, 719, 720, 721, 722, 723, 724, 725, 726, 727, 728, 729, 730, 731, 732, 733, 734, 735, 736, 737, 738, 739, 740, 741, 742, 743, 744, 745, 746, 747, 748, 749, 750, 751, 752, 753, 754, 755, 756, 757, 758, 759, 760, 761, 762, 763, 764, 765, 766, 767, 768, 769, 770, 771, 772, 773, 774, 775, 776, 777, 778, 779, 780, 781, 782, 783, 784, 785, 786, 787, 788, 789, 790, 791, 792, 793, 796, 797, 809, 811, 817, 818, 820, 825, 829, 838, 839, 841, 844, 846, 851, 857, 861, 862, 863, 864, 866, 867, 868, 870, 871, 877, 881, 883, 885, 888, 891, 892, 893, 898, 899, 901, 903, 904, 905, 907, 908, 910, 911, 918, 920, 921, 922, 923, 924, 925, 926, 931, 933]",True,[],"[103, 104, 105, 106, 107, 108, 109, 110, 111, 112, 113, 114, 115, 116, 117, 118, 119, 120, 121, 122, 123, 124, 125, 126, 127, 128, 129, 130, 131, 132, 133, 134, 135, 136, 137, 138, 139, 140, 141, 142, 143, 144, 145, 146, 147, 148, 149, 150, 151, 152, 153, 154, 155, 156, 157, 158, 159, 160, 161, 162, 163, 164, 165, 166, 167, 168, 169, 170, 171, 172, 173, 174, 175, 176, 177, 178, 179, 180, 181, 182, 183, 184, 185, 186, 187, 188, 189, 190, 191, 192, 193, 194, 195, 196, 197, 198, 199, 200, 201, 202, 203, 204, 205, 206, 207, 208, 209, 210, 211, 212, 213, 214, 215, 216, 217, 218, 219, 220, 221, 222, 223, 224, 225, 226, 227, 228, 229, 230, 231, 232, 233, 234, 235, 236, 237, 238, 239, 240, 241, 242, 243, 244, 245, 246, 247, 248, 249, 250, 251, 252, 253, 254, 255, 256, 257, 258, 259, 260, 261, 262, 263, 264, 265, 266, 267, 268, 269, 270, 271, 272, 273, 274, 275, 276, 277, 278, 279, 280, 281, 282, 283, 284, 285, 286, 287, 288, 289, 290, 291, 292, 293, 294, 295, 296, 297, 298, 299, 300, 301, 302, 303, 304, 305, 306, 307, 308, 309, 310, 311, 312, 313, 314, 315, 316, 317, 318, 319, 320, 321, 322, 323, 324, 325, 326, 327, 328, 329, 330, 331, 332, 333, 334, 335, 336, 337, 574, 575, 576, 577, 578, 579, 580, 581, 582, 583, 584, 585, 586, 587, 588, 589, 590, 591, 592, 593, 594, 595, 596, 597, 598, 599, 600, 601, 602, 603, 604, 605, 606, 607, 608, 609, 610, 611, 612, 613, 614, 615, 616, 617, 618, 619, 620, 621, 622, 623, 624, 625, 626, 627, 628, 629, 630, 631, 632, 633, 634, 635, 636, 637, 638, 639, 640, 641, 642, 643, 644, 645, 646, 647, 648, 649, 650, 651, 652, 653, 654, 655, 656, 657, 658, 659, 660, 661, 662, 663, 664, 665, 666, 667, 668, 669, 670, 671, 672, 673, 674, 675, 676, 677, 678, 679, 680, 681, 682, 683, 684, 685, 686, 687, 688, 689, 690, 691, 692, 693, 694, 695, 696, 697, 698, 699, 700, 701, 702, 703, 704, 705, 706, 707, 708, 709, 710, 711, 712, 713, 714, 715, 716, 717, 718, 719, 720, 721, 722, 723, 724, 725, 726, 727, 728, 729, 730, 731, 732, 733, 734, 735, 736, 737, 738, 739, 740, 741, 742, 743, 744, 745, 746, 747, 748, 749, 750, 751, 752, 753, 754, 755, 756, 757, 758, 759, 760, 761, 762, 763, 764, 765, 766, 767, 768, 769, 770, 771, 772, 773, 774, 775, 776, 777, 778, 779, 780, 781, 782, 783, 784, 785, 786, 787, 788, 789, 790, 791, 792, 793]","[163, 168, 205, 253, 313, 635, 675, 716, 771]","[163, 205, 253, 313, 635, 675, 716, 771]","[16, 125, 156, 163, 168, 184, 205, 222, 229, 253, 258, 265, 313, 317, 336, 340, 341, 356, 363, 365, 366, 367, 370, 375, 388, 391, 394, 396, 402, 410, 411, 412, 413, 415, 416, 417, 418, 419, 425, 429, 431, 433, 435, 437, 440, 441, 442, 443, 451, 452, 456, 457, 458, 460, 461, 464, 471, 473, 474, 475, 481, 482, 501, 596, 628, 635, 655, 675, 693, 716, 720, 725, 771, 775, 793, 796, 797, 811, 817, 818, 820, 825, 838, 841, 844, 846, 851, 857, 861, 862, 863, 864, 866, 867, 868, 870, 871, 877, 881, 883, 885, 888, 891, 892, 893, 898, 899, 904, 905, 907, 908, 911, 918, 920, 921, 922, 923, 924, 926, 931, 933]","[1, 13, 14, 29, 54, 55, 56, 57, 58, 60, 102, 118, 125, 127, 130, 134, 146, 149, 153, 175, 182, 187, 189, 191, 197, 225, 230, 238, 264, 265, 266, 286, 301, 302, 313, 317, 336, 354, 379, 388, 389, 425, 454, 458, 463, 475, 476, 487, 498, 499, 512, 530, 531, 532, 533, 534, 536, 573, 589, 596, 598, 601, 605, 617, 620, 624, 646, 653, 658, 660, 662, 668, 689, 694, 702, 724, 725, 745, 760, 771, 775, 793, 809, 829, 838, 839, 877, 901, 903, 905, 910, 923, 924, 925]","[1, 13, 14, 29, 54, 55, 56, 57, 58, 60, 102, 118, 125, 127, 130, 134, 146, 149, 153, 175, 182, 187, 189, 191, 197, 225, 230, 238, 264, 265, 266, 286, 302, 317, 336, 379, 388, 389, 425, 454, 458, 463, 475, 487, 498, 499, 512, 530, 531, 532, 533, 534, 536, 573, 589, 596, 598, 601, 605, 617, 620, 624, 646, 653, 658, 660, 662, 668, 689, 694, 702, 724, 725, 745, 760, 775, 793, 829, 838, 839, 877, 901, 903, 905, 910, 923]",6/6 successful match,True,"[395, 396, 397]",True,281,False,,0.7666666666666666,False,TravelCenters of America ( Shell ),TravelCenters
Barstow ( 92312 ) TA Barstow # 227 ( Shell ) Rd NE ),5 760-253-2922 I-15 Exit 178 ( Lenwood Rd ZA,24 XL 24,Barstow,92312,TA Barstow # 227 ( Shell ) Rd NE ),760-253-2922,2015,Barstow,CA,Shell,( Lenwood Rd ZA,I-15 Exit 178 ,Exit,178,False,,False,I-15,,,,,"[313, 771]",[],"[163, 168, 205, 253, 313, 635, 675, 716, 771]","[163, 205, 253, 313, 635, 675, 716, 771]","[103, 104, 105, 106, 107, 108, 109, 110, 111, 112, 113, 114, 115, 116, 117, 118, 119, 120, 121, 122, 123, 124, 125, 126, 127, 128, 129, 130, 131, 132, 133, 134, 135, 136, 137, 138, 139, 140, 141, 142, 143, 144, 145, 146, 147, 148, 149, 150, 151, 152, 153, 154, 155, 156, 157, 158, 159, 160, 161, 162, 163, 164, 165, 166, 167, 168, 169, 170, 171, 172, 173, 174, 175, 176, 177, 178, 179, 180, 181, 182, 183, 184, 185, 186, 187, 188, 189, 190, 191, 192, 193, 194, 195, 196, 197, 198, 199, 200, 201, 202, 203, 204, 205, 206, 207, 208, 209, 210, 211, 212, 213, 214, 215, 216, 217, 218, 219, 220, 221, 222, 223, 224, 225, 226, 227, 228, 229, 230, 231, 232, 233, 234, 235, 236, 237, 238, 239, 240, 241, 242, 243, 244, 245, 246, 247, 248, 249, 250, 251, 252, 253, 254, 255, 256, 257, 258, 259, 260, 261, 262, 263, 264, 265, 266, 267, 268, 269, 270, 271, 272, 273, 274, 275, 276, 277, 278, 279, 280, 281, 282, 283, 284, 285, 286, 287, 288, 289, 290, 291, 292, 293, 294, 295, 296, 297, 298, 299, 300, 301, 302, 303, 304, 305, 306, 307, 308, 309, 310, 311, 312, 313, 314, 315, 316, 317, 318, 319, 320, 321, 322, 323, 324, 325, 326, 327, 328, 329, 330, 331, 332, 333, 334, 335, 336, 337, 574, 575, 576, 577, 578, 579, 580, 581, 582, 583, 584, 585, 586, 587, 588, 589, 590, 591, 592, 593, 594, 595, 596, 597, 598, 599, 600, 601, 602, 603, 604, 605, 606, 607, 608, 609, 610, 611, 612, 613, 614, 615, 616, 617, 618, 619, 620, 621, 622, 623, 624, 625, 626, 627, 628, 629, 630, 631, 632, 633, 634, 635, 636, 637, 638, 639, 640, 641, 642, 643, 644, 645, 646, 647, 648, 649, 650, 651, 652, 653, 654, 655, 656, 657, 658, 659, 660, 661, 662, 663, 664, 665, 666, 667, 668, 669, 670, 671, 672, 673, 674, 675, 676, 677, 678, 679, 680, 681, 682, 683, 684, 685, 686, 687, 688, 689, 690, 691, 692, 693, 694, 695, 696, 697, 698, 699, 700, 701, 702, 703, 704, 705, 706, 707, 708, 709, 710, 711, 712, 713, 714, 715, 716, 717, 718, 719, 720, 721, 722, 723, 724, 725, 726, 727, 728, 729, 730, 731, 732, 733, 734, 735, 736, 737, 738, 739, 740, 741, 742, 743, 744, 745, 746, 747, 748, 749, 750, 751, 752, 753, 754, 755, 756, 757, 758, 759, 760, 761, 762, 763, 764, 765, 766, 767, 768, 769, 770, 771, 772, 773, 774, 775, 776, 777, 778, 779, 780, 781, 782, 783, 784, 785, 786, 787, 788, 789, 790, 791, 792, 793]","[16, 125, 156, 163, 168, 184, 205, 222, 229, 253, 258, 265, 313, 317, 336, 340, 341, 356, 363, 365, 366, 367, 370, 375, 388, 391, 394, 396, 402, 410, 411, 412, 413, 415, 416, 417, 418, 419, 425, 429, 431, 433, 435, 437, 440, 441, 442, 443, 451, 452, 456, 457, 458, 460, 461, 464, 471, 473, 474, 475, 481, 482, 501, 596, 628, 635, 655, 675, 693, 716, 720, 725, 771, 775, 793, 796, 797, 811, 817, 818, 820, 825, 838, 841, 844, 846, 851, 857, 861, 862, 863, 864, 866, 867, 868, 870, 871, 877, 881, 883, 885, 888, 891, 892, 893, 898, 899, 904, 905, 907, 908, 911, 918, 920, 921, 922, 923, 924, 926, 931, 933]","[1, 13, 14, 29, 54, 55, 56, 57, 58, 60, 102, 118, 125, 127, 130, 134, 146, 149, 153, 175, 182, 187, 189, 191, 197, 225, 230, 238, 264, 265, 266, 286, 302, 317, 336, 379, 388, 389, 425, 454, 458, 463, 475, 487, 498, 499, 512, 530, 531, 532, 533, 534, 536, 573, 589, 596, 598, 601, 605, 617, 620, 624, 646, 653, 658, 660, 662, 668, 689, 694, 702, 724, 725, 745, 760, 775, 793, 829, 838, 839, 877, 901, 903, 905, 910, 923]","[1, 13, 14, 29, 54, 55, 56, 57, 58, 60, 102, 118, 125, 127, 130, 134, 146, 149, 153, 175, 182, 187, 189, 191, 197, 225, 230, 238, 264, 265, 266, 286, 301, 302, 313, 317, 336, 354, 379, 388, 389, 425, 454, 458, 463, 475, 476, 487, 498, 499, 512, 530, 531, 532, 533, 534, 536, 573, 589, 596, 598, 601, 605, 617, 620, 624, 646, 653, 658, 660, 662, 668, 689, 694, 702, 724, 725, 745, 760, 771, 775, 793, 809, 829, 838, 839, 877, 901, 903, 905, 910, 923, 924, 925]","[1, 13, 14, 16, 29, 54, 55, 56, 57, 58, 60, 102, 103, 104, 105, 106, 107, 108, 109, 110, 111, 112, 113, 114, 115, 116, 117, 118, 119, 120, 121, 122, 123, 124, 125, 126, 127, 128, 129, 130, 131, 132, 133, 134, 135, 136, 137, 138, 139, 140, 141, 142, 143, 144, 145, 146, 147, 148, 149, 150, 151, 152, 153, 154, 155, 156, 157, 158, 159, 160, 161, 162, 163, 164, 165, 166, 167, 168, 169, 170, 171, 172, 173, 174, 175, 176, 177, 178, 179, 180, 181, 182, 183, 184, 185, 186, 187, 188, 189, 190, 191, 192, 193, 194, 195, 196, 197, 198, 199, 200, 201, 202, 203, 204, 205, 206, 207, 208, 209, 210, 211, 212, 213, 214, 215, 216, 217, 218, 219, 220, 221, 222, 223, 224, 225, 226, 227, 228, 229, 230, 231, 232, 233, 234, 235, 236, 237, 238, 239, 240, 241, 242, 243, 244, 245, 246, 247, 248, 249, 250, 251, 252, 253, 254, 255, 256, 257, 258, 259, 260, 261, 262, 263, 264, 265, 266, 267, 268, 269, 270, 271, 272, 273, 274, 275, 276, 277, 278, 279, 280, 281, 282, 283, 284, 285, 286, 287, 288, 289, 290, 291, 292, 293, 294, 295, 296, 297, 298, 299, 300, 301, 302, 303, 304, 305, 306, 307, 308, 309, 310, 311, 312, 313, 314, 315, 316, 317, 318, 319, 320, 321, 322, 323, 324, 325, 326, 327, 328, 329, 330, 331, 332, 333, 334, 335, 336, 337, 340, 341, 354, 356, 363, 365, 366, 367, 370, 375, 379, 388, 389, 391, 394, 396, 402, 410, 411, 412, 413, 415, 416, 417, 418, 419, 425, 429, 431, 433, 435, 437, 440, 441, 442, 443, 451, 452, 454, 456, 457, 458, 460, 461, 463, 464, 471, 473, 474, 475, 476, 481, 482, 487, 498, 499, 501, 512, 530, 531, 532, 533, 534, 536, 573, 574, 575, 576, 577, 578, 579, 580, 581, 582, 583, 584, 585, 586, 587, 588, 589, 590, 591, 592, 593, 594, 595, 596, 597, 598, 599, 600, 601, 602, 603, 604, 605, 606, 607, 608, 609, 610, 611, 612, 613, 614, 615, 616, 617, 618, 619, 620, 621, 622, 623, 624, 625, 626, 627, 628, 629, 630, 631, 632, 633, 634, 635, 636, 637, 638, 639, 640, 641, 642, 643, 644, 645, 646, 647, 648, 649, 650, 651, 652, 653, 654, 655, 656, 657, 658, 659, 660, 661, 662, 663, 664, 665, 666, 667, 668, 669, 670, 671, 672, 673, 674, 675, 676, 677, 678, 679, 680, 681, 682, 683, 684, 685, 686, 687, 688, 689, 690, 691, 692, 693, 694, 695, 696, 697, 698, 699, 700, 701, 702, 703, 704, 705, 706, 707, 708, 709, 710, 711, 712, 713, 714, 715, 716, 717, 718, 719, 720, 721, 722, 723, 724, 725, 726, 727, 728, 729, 730, 731, 732, 733, 734, 735, 736, 737, 738, 739, 740, 741, 742, 743, 744, 745, 746, 747, 748, 749, 750, 751, 752, 753, 754, 755, 756, 757, 758, 759, 760, 761, 762, 763, 764, 765, 766, 767, 768, 769, 770, 771, 772, 773, 774, 775, 776, 777, 778, 779, 780, 781, 782, 783, 784, 785, 786, 787, 788, 789, 790, 791, 792, 793, 796, 797, 809, 811, 817, 818, 820, 825, 829, 838, 839, 841, 844, 846, 851, 857, 861, 862, 863, 864, 866, 867, 868, 870, 871, 877, 881, 883, 885, 888, 891, 892, 893, 898, 899, 901, 903, 904, 905, 907, 908, 910, 911, 918, 920, 921, 922, 923, 924, 925, 926, 931, 933]",True,[],"[103, 104, 105, 106, 107, 108, 109, 110, 111, 112, 113, 114, 115, 116, 117, 118, 119, 120, 121, 122, 123, 124, 125, 126, 127, 128, 129, 130, 131, 132, 133, 134, 135, 136, 137, 138, 139, 140, 141, 142, 143, 144, 145, 146, 147, 148, 149, 150, 151, 152, 153, 154, 155, 156, 157, 158, 159, 160, 161, 162, 163, 164, 165, 166, 167, 168, 169, 170, 171, 172, 173, 174, 175, 176, 177, 178, 179, 180, 181, 182, 183, 184, 185, 186, 187, 188, 189, 190, 191, 192, 193, 194, 195, 196, 197, 198, 199, 200, 201, 202, 203, 204, 205, 206, 207, 208, 209, 210, 211, 212, 213, 214, 215, 216, 217, 218, 219, 220, 221, 222, 223, 224, 225, 226, 227, 228, 229, 230, 231, 232, 233, 234, 235, 236, 237, 238, 239, 240, 241, 242, 243, 244, 245, 246, 247, 248, 249, 250, 251, 252, 253, 254, 255, 256, 257, 258, 259, 260, 261, 262, 263, 264, 265, 266, 267, 268, 269, 270, 271, 272, 273, 274, 275, 276, 277, 278, 279, 280, 281, 282, 283, 284, 285, 286, 287, 288, 289, 290, 291, 292, 293, 294, 295, 296, 297, 298, 299, 300, 301, 302, 303, 304, 305, 306, 307, 308, 309, 310, 311, 312, 313, 314, 315, 316, 317, 318, 319, 320, 321, 322, 323, 324, 325, 326, 327, 328, 329, 330, 331, 332, 333, 334, 335, 336, 337, 574, 575, 576, 577, 578, 579, 580, 581, 582, 583, 584, 585, 586, 587, 588, 589, 590, 591, 592, 593, 594, 595, 596, 597, 598, 599, 600, 601, 602, 603, 604, 605, 606, 607, 608, 609, 610, 611, 612, 613, 614, 615, 616, 617, 618, 619, 620, 621, 622, 623, 624, 625, 626, 627, 628, 629, 630, 631, 632, 633, 634, 635, 636, 637, 638, 639, 640, 641, 642, 643, 644, 645, 646, 647, 648, 649, 650, 651, 652, 653, 654, 655, 656, 657, 658, 659, 660, 661, 662, 663, 664, 665, 666, 667, 668, 669, 670, 671, 672, 673, 674, 675, 676, 677, 678, 679, 680, 681, 682, 683, 684, 685, 686, 687, 688, 689, 690, 691, 692, 693, 694, 695, 696, 697, 698, 699, 700, 701, 702, 703, 704, 705, 706, 707, 708, 709, 710, 711, 712, 713, 714, 715, 716, 717, 718, 719, 720, 721, 722, 723, 724, 725, 726, 727, 728, 729, 730, 731, 732, 733, 734, 735, 736, 737, 738, 739, 740, 741, 742, 743, 744, 745, 746, 747, 748, 749, 750, 751, 752, 753, 754, 755, 756, 757, 758, 759, 760, 761, 762, 763, 764, 765, 766, 767, 768, 769, 770, 771, 772, 773, 774, 775, 776, 777, 778, 779, 780, 781, 782, 783, 784, 785, 786, 787, 788, 789, 790, 791, 792, 793]","[163, 168, 205, 253, 313, 635, 675, 716, 771]","[163, 205, 253, 313, 635, 675, 716, 771]","[16, 125, 156, 163, 168, 184, 205, 222, 229, 253, 258, 265, 313, 317, 336, 340, 341, 356, 363, 365, 366, 367, 370, 375, 388, 391, 394, 396, 402, 410, 411, 412, 413, 415, 416, 417, 418, 419, 425, 429, 431, 433, 435, 437, 440, 441, 442, 443, 451, 452, 456, 457, 458, 460, 461, 464, 471, 473, 474, 475, 481, 482, 501, 596, 628, 635, 655, 675, 693, 716, 720, 725, 771, 775, 793, 796, 797, 811, 817, 818, 820, 825, 838, 841, 844, 846, 851, 857, 861, 862, 863, 864, 866, 867, 868, 870, 871, 877, 881, 883, 885, 888, 891, 892, 893, 898, 899, 904, 905, 907, 908, 911, 918, 920, 921, 922, 923, 924, 926, 931, 933]","[1, 13, 14, 29, 54, 55, 56, 57, 58, 60, 102, 118, 125, 127, 130, 134, 146, 149, 153, 175, 182, 187, 189, 191, 197, 225, 230, 238, 264, 265, 266, 286, 301, 302, 313, 317, 336, 354, 379, 388, 389, 425, 454, 458, 463, 475, 476, 487, 498, 499, 512, 530, 531, 532, 533, 534, 536, 573, 589, 596, 598, 601, 605, 617, 620, 624, 646, 653, 658, 660, 662, 668, 689, 694, 702, 724, 725, 745, 760, 771, 775, 793, 809, 829, 838, 839, 877, 901, 903, 905, 910, 923, 924, 925]","[1, 13, 14, 29, 54, 55, 56, 57, 58, 60, 102, 118, 125, 127, 130, 134, 146, 149, 153, 175, 182, 187, 189, 191, 197, 225, 230, 238, 264, 265, 266, 286, 302, 317, 336, 379, 388, 389, 425, 454, 458, 463, 475, 487, 498, 499, 512, 530, 531, 532, 533, 534, 536, 573, 589, 596, 598, 601, 605, 617, 620, 624, 646, 653, 658, 660, 662, 668, 689, 694, 702, 724, 725, 745, 760, 775, 793, 829, 838, 839, 877, 901, 903, 905, 910, 923]",6/6 successful match,True,"[395, 396, 397]",True,281,False,,1.0,True,TA Barstow # 227 ( Shell ),Shell
H Barstow ( 92312 ) TA Barstow # 227 ( Shell ),5 760-253-2922 I-15 Exit 178 ( Lenwood Rd NW ) A,A 24 XL 24,Barstow,92312,TA Barstow # 227 ( Shell ),760-253-2922,2016,Barstow,CA,Shell,( Lenwood Rd NW ) A,I-15 Exit 178 ,Exit,178,False,,False,I-15,,,,,"[313, 771]",[],"[163, 168, 205, 253, 313, 635, 675, 716, 771]","[163, 205, 253, 313, 635, 675, 716, 771]","[103, 104, 105, 106, 107, 108, 109, 110, 111, 112, 113, 114, 115, 116, 117, 118, 119, 120, 121, 122, 123, 124, 125, 126, 127, 128, 129, 130, 131, 132, 133, 134, 135, 136, 137, 138, 139, 140, 141, 142, 143, 144, 145, 146, 147, 148, 149, 150, 151, 152, 153, 154, 155, 156, 157, 158, 159, 160, 161, 162, 163, 164, 165, 166, 167, 168, 169, 170, 171, 172, 173, 174, 175, 176, 177, 178, 179, 180, 181, 182, 183, 184, 185, 186, 187, 188, 189, 190, 191, 192, 193, 194, 195, 196, 197, 198, 199, 200, 201, 202, 203, 204, 205, 206, 207, 208, 209, 210, 211, 212, 213, 214, 215, 216, 217, 218, 219, 220, 221, 222, 223, 224, 225, 226, 227, 228, 229, 230, 231, 232, 233, 234, 235, 236, 237, 238, 239, 240, 241, 242, 243, 244, 245, 246, 247, 248, 249, 250, 251, 252, 253, 254, 255, 256, 257, 258, 259, 260, 261, 262, 263, 264, 265, 266, 267, 268, 269, 270, 271, 272, 273, 274, 275, 276, 277, 278, 279, 280, 281, 282, 283, 284, 285, 286, 287, 288, 289, 290, 291, 292, 293, 294, 295, 296, 297, 298, 299, 300, 301, 302, 303, 304, 305, 306, 307, 308, 309, 310, 311, 312, 313, 314, 315, 316, 317, 318, 319, 320, 321, 322, 323, 324, 325, 326, 327, 328, 329, 330, 331, 332, 333, 334, 335, 336, 337, 574, 575, 576, 577, 578, 579, 580, 581, 582, 583, 584, 585, 586, 587, 588, 589, 590, 591, 592, 593, 594, 595, 596, 597, 598, 599, 600, 601, 602, 603, 604, 605, 606, 607, 608, 609, 610, 611, 612, 613, 614, 615, 616, 617, 618, 619, 620, 621, 622, 623, 624, 625, 626, 627, 628, 629, 630, 631, 632, 633, 634, 635, 636, 637, 638, 639, 640, 641, 642, 643, 644, 645, 646, 647, 648, 649, 650, 651, 652, 653, 654, 655, 656, 657, 658, 659, 660, 661, 662, 663, 664, 665, 666, 667, 668, 669, 670, 671, 672, 673, 674, 675, 676, 677, 678, 679, 680, 681, 682, 683, 684, 685, 686, 687, 688, 689, 690, 691, 692, 693, 694, 695, 696, 697, 698, 699, 700, 701, 702, 703, 704, 705, 706, 707, 708, 709, 710, 711, 712, 713, 714, 715, 716, 717, 718, 719, 720, 721, 722, 723, 724, 725, 726, 727, 728, 729, 730, 731, 732, 733, 734, 735, 736, 737, 738, 739, 740, 741, 742, 743, 744, 745, 746, 747, 748, 749, 750, 751, 752, 753, 754, 755, 756, 757, 758, 759, 760, 761, 762, 763, 764, 765, 766, 767, 768, 769, 770, 771, 772, 773, 774, 775, 776, 777, 778, 779, 780, 781, 782, 783, 784, 785, 786, 787, 788, 789, 790, 791, 792, 793]","[16, 125, 156, 163, 168, 184, 205, 222, 229, 253, 258, 265, 313, 317, 336, 340, 341, 356, 363, 365, 366, 367, 370, 375, 388, 391, 394, 396, 402, 410, 411, 412, 413, 415, 416, 417, 418, 419, 425, 429, 431, 433, 435, 437, 440, 441, 442, 443, 451, 452, 456, 457, 458, 460, 461, 464, 471, 473, 474, 475, 481, 482, 501, 596, 628, 635, 655, 675, 693, 716, 720, 725, 771, 775, 793, 796, 797, 811, 817, 818, 820, 825, 838, 841, 844, 846, 851, 857, 861, 862, 863, 864, 866, 867, 868, 870, 871, 877, 881, 883, 885, 888, 891, 892, 893, 898, 899, 904, 905, 907, 908, 911, 918, 920, 921, 922, 923, 924, 926, 931, 933]","[1, 13, 14, 29, 54, 55, 56, 57, 58, 60, 102, 118, 125, 127, 130, 134, 146, 149, 153, 175, 182, 187, 189, 191, 197, 225, 230, 238, 264, 265, 266, 286, 302, 317, 336, 379, 388, 389, 425, 454, 458, 463, 475, 487, 498, 499, 512, 530, 531, 532, 533, 534, 536, 573, 589, 596, 598, 601, 605, 617, 620, 624, 646, 653, 658, 660, 662, 668, 689, 694, 702, 724, 725, 745, 760, 775, 793, 829, 838, 839, 877, 901, 903, 905, 910, 923]","[1, 13, 14, 29, 54, 55, 56, 57, 58, 60, 102, 118, 125, 127, 130, 134, 146, 149, 153, 175, 182, 187, 189, 191, 197, 225, 230, 238, 264, 265, 266, 286, 301, 302, 313, 317, 336, 354, 379, 388, 389, 425, 454, 458, 463, 475, 476, 487, 498, 499, 512, 530, 531, 532, 533, 534, 536, 573, 589, 596, 598, 601, 605, 617, 620, 624, 646, 653, 658, 660, 662, 668, 689, 694, 702, 724, 725, 745, 760, 771, 775, 793, 809, 829, 838, 839, 877, 901, 903, 905, 910, 923, 924, 925]","[1, 13, 14, 16, 29, 54, 55, 56, 57, 58, 60, 102, 103, 104, 105, 106, 107, 108, 109, 110, 111, 112, 113, 114, 115, 116, 117, 118, 119, 120, 121, 122, 123, 124, 125, 126, 127, 128, 129, 130, 131, 132, 133, 134, 135, 136, 137, 138, 139, 140, 141, 142, 143, 144, 145, 146, 147, 148, 149, 150, 151, 152, 153, 154, 155, 156, 157, 158, 159, 160, 161, 162, 163, 164, 165, 166, 167, 168, 169, 170, 171, 172, 173, 174, 175, 176, 177, 178, 179, 180, 181, 182, 183, 184, 185, 186, 187, 188, 189, 190, 191, 192, 193, 194, 195, 196, 197, 198, 199, 200, 201, 202, 203, 204, 205, 206, 207, 208, 209, 210, 211, 212, 213, 214, 215, 216, 217, 218, 219, 220, 221, 222, 223, 224, 225, 226, 227, 228, 229, 230, 231, 232, 233, 234, 235, 236, 237, 238, 239, 240, 241, 242, 243, 244, 245, 246, 247, 248, 249, 250, 251, 252, 253, 254, 255, 256, 257, 258, 259, 260, 261, 262, 263, 264, 265, 266, 267, 268, 269, 270, 271, 272, 273, 274, 275, 276, 277, 278, 279, 280, 281, 282, 283, 284, 285, 286, 287, 288, 289, 290, 291, 292, 293, 294, 295, 296, 297, 298, 299, 300, 301, 302, 303, 304, 305, 306, 307, 308, 309, 310, 311, 312, 313, 314, 315, 316, 317, 318, 319, 320, 321, 322, 323, 324, 325, 326, 327, 328, 329, 330, 331, 332, 333, 334, 335, 336, 337, 340, 341, 354, 356, 363, 365, 366, 367, 370, 375, 379, 388, 389, 391, 394, 396, 402, 410, 411, 412, 413, 415, 416, 417, 418, 419, 425, 429, 431, 433, 435, 437, 440, 441, 442, 443, 451, 452, 454, 456, 457, 458, 460, 461, 463, 464, 471, 473, 474, 475, 476, 481, 482, 487, 498, 499, 501, 512, 530, 531, 532, 533, 534, 536, 573, 574, 575, 576, 577, 578, 579, 580, 581, 582, 583, 584, 585, 586, 587, 588, 589, 590, 591, 592, 593, 594, 595, 596, 597, 598, 599, 600, 601, 602, 603, 604, 605, 606, 607, 608, 609, 610, 611, 612, 613, 614, 615, 616, 617, 618, 619, 620, 621, 622, 623, 624, 625, 626, 627, 628, 629, 630, 631, 632, 633, 634, 635, 636, 637, 638, 639, 640, 641, 642, 643, 644, 645, 646, 647, 648, 649, 650, 651, 652, 653, 654, 655, 656, 657, 658, 659, 660, 661, 662, 663, 664, 665, 666, 667, 668, 669, 670, 671, 672, 673, 674, 675, 676, 677, 678, 679, 680, 681, 682, 683, 684, 685, 686, 687, 688, 689, 690, 691, 692, 693, 694, 695, 696, 697, 698, 699, 700, 701, 702, 703, 704, 705, 706, 707, 708, 709, 710, 711, 712, 713, 714, 715, 716, 717, 718, 719, 720, 721, 722, 723, 724, 725, 726, 727, 728, 729, 730, 731, 732, 733, 734, 735, 736, 737, 738, 739, 740, 741, 742, 743, 744, 745, 746, 747, 748, 749, 750, 751, 752, 753, 754, 755, 756, 757, 758, 759, 760, 761, 762, 763, 764, 765, 766, 767, 768, 769, 770, 771, 772, 773, 774, 775, 776, 777, 778, 779, 780, 781, 782, 783, 784, 785, 786, 787, 788, 789, 790, 791, 792, 793, 796, 797, 809, 811, 817, 818, 820, 825, 829, 838, 839, 841, 844, 846, 851, 857, 861, 862, 863, 864, 866, 867, 868, 870, 871, 877, 881, 883, 885, 888, 891, 892, 893, 898, 899, 901, 903, 904, 905, 907, 908, 910, 911, 918, 920, 921, 922, 923, 924, 925, 926, 931, 933]",True,[],"[103, 104, 105, 106, 107, 108, 109, 110, 111, 112, 113, 114, 115, 116, 117, 118, 119, 120, 121, 122, 123, 124, 125, 126, 127, 128, 129, 130, 131, 132, 133, 134, 135, 136, 137, 138, 139, 140, 141, 142, 143, 144, 145, 146, 147, 148, 149, 150, 151, 152, 153, 154, 155, 156, 157, 158, 159, 160, 161, 162, 163, 164, 165, 166, 167, 168, 169, 170, 171, 172, 173, 174, 175, 176, 177, 178, 179, 180, 181, 182, 183, 184, 185, 186, 187, 188, 189, 190, 191, 192, 193, 194, 195, 196, 197, 198, 199, 200, 201, 202, 203, 204, 205, 206, 207, 208, 209, 210, 211, 212, 213, 214, 215, 216, 217, 218, 219, 220, 221, 222, 223, 224, 225, 226, 227, 228, 229, 230, 231, 232, 233, 234, 235, 236, 237, 238, 239, 240, 241, 242, 243, 244, 245, 246, 247, 248, 249, 250, 251, 252, 253, 254, 255, 256, 257, 258, 259, 260, 261, 262, 263, 264, 265, 266, 267, 268, 269, 270, 271, 272, 273, 274, 275, 276, 277, 278, 279, 280, 281, 282, 283, 284, 285, 286, 287, 288, 289, 290, 291, 292, 293, 294, 295, 296, 297, 298, 299, 300, 301, 302, 303, 304, 305, 306, 307, 308, 309, 310, 311, 312, 313, 314, 315, 316, 317, 318, 319, 320, 321, 322, 323, 324, 325, 326, 327, 328, 329, 330, 331, 332, 333, 334, 335, 336, 337, 574, 575, 576, 577, 578, 579, 580, 581, 582, 583, 584, 585, 586, 587, 588, 589, 590, 591, 592, 593, 594, 595, 596, 597, 598, 599, 600, 601, 602, 603, 604, 605, 606, 607, 608, 609, 610, 611, 612, 613, 614, 615, 616, 617, 618, 619, 620, 621, 622, 623, 624, 625, 626, 627, 628, 629, 630, 631, 632, 633, 634, 635, 636, 637, 638, 639, 640, 641, 642, 643, 644, 645, 646, 647, 648, 649, 650, 651, 652, 653, 654, 655, 656, 657, 658, 659, 660, 661, 662, 663, 664, 665, 666, 667, 668, 669, 670, 671, 672, 673, 674, 675, 676, 677, 678, 679, 680, 681, 682, 683, 684, 685, 686, 687, 688, 689, 690, 691, 692, 693, 694, 695, 696, 697, 698, 699, 700, 701, 702, 703, 704, 705, 706, 707, 708, 709, 710, 711, 712, 713, 714, 715, 716, 717, 718, 719, 720, 721, 722, 723, 724, 725, 726, 727, 728, 729, 730, 731, 732, 733, 734, 735, 736, 737, 738, 739, 740, 741, 742, 743, 744, 745, 746, 747, 748, 749, 750, 751, 752, 753, 754, 755, 756, 757, 758, 759, 760, 761, 762, 763, 764, 765, 766, 767, 768, 769, 770, 771, 772, 773, 774, 775, 776, 777, 778, 779, 780, 781, 782, 783, 784, 785, 786, 787, 788, 789, 790, 791, 792, 793]","[163, 168, 205, 253, 313, 635, 675, 716, 771]","[163, 205, 253, 313, 635, 675, 716, 771]","[16, 125, 156, 163, 168, 184, 205, 222, 229, 253, 258, 265, 313, 317, 336, 340, 341, 356, 363, 365, 366, 367, 370, 375, 388, 391, 394, 396, 402, 410, 411, 412, 413, 415, 416, 417, 418, 419, 425, 429, 431, 433, 435, 437, 440, 441, 442, 443, 451, 452, 456, 457, 458, 460, 461, 464, 471, 473, 474, 475, 481, 482, 501, 596, 628, 635, 655, 675, 693, 716, 720, 725, 771, 775, 793, 796, 797, 811, 817, 818, 820, 825, 838, 841, 844, 846, 851, 857, 861, 862, 863, 864, 866, 867, 868, 870, 871, 877, 881, 883, 885, 888, 891, 892, 893, 898, 899, 904, 905, 907, 908, 911, 918, 920, 921, 922, 923, 924, 926, 931, 933]","[1, 13, 14, 29, 54, 55, 56, 57, 58, 60, 102, 118, 125, 127, 130, 134, 146, 149, 153, 175, 182, 187, 189, 191, 197, 225, 230, 238, 264, 265, 266, 286, 301, 302, 313, 317, 336, 354, 379, 388, 389, 425, 454, 458, 463, 475, 476, 487, 498, 499, 512, 530, 531, 532, 533, 534, 536, 573, 589, 596, 598, 601, 605, 617, 620, 624, 646, 653, 658, 660, 662, 668, 689, 694, 702, 724, 725, 745, 760, 771, 775, 793, 809, 829, 838, 839, 877, 901, 903, 905, 910, 923, 924, 925]","[1, 13, 14, 29, 54, 55, 56, 57, 58, 60, 102, 118, 125, 127, 130, 134, 146, 149, 153, 175, 182, 187, 189, 191, 197, 225, 230, 238, 264, 265, 266, 286, 302, 317, 336, 379, 388, 389, 425, 454, 458, 463, 475, 487, 498, 499, 512, 530, 531, 532, 533, 534, 536, 573, 589, 596, 598, 601, 605, 617, 620, 624, 646, 653, 658, 660, 662, 668, 689, 694, 702, 724, 725, 745, 760, 775, 793, 829, 838, 839, 877, 901, 903, 905, 910, 923]",6/6 successful match,True,"[395, 396, 397]",True,281,False,,1.0,True,TA Barstow # 227 ( Shell ) Rd NE ),Shell
"Colton , 92324 Valley - Colton",7 909-824-1296 I-10 Exit 71 ( NW to 791 E Valley ),,Colton,92324,Valley - Colton,909-824-1296,2006,Colton,CA,,( NW to 791 E Valley ),I-10 Exit 71 ,Exit,71,False,,False,I-10,,,,,"[322, 780]","[277, 322, 736, 780]","[277, 322, 736, 780]","[322, 780]","[103, 104, 105, 106, 107, 108, 109, 110, 111, 112, 113, 114, 115, 116, 117, 118, 119, 120, 121, 122, 123, 124, 125, 126, 127, 128, 129, 130, 131, 132, 133, 134, 135, 136, 137, 138, 139, 140, 141, 142, 143, 144, 145, 146, 147, 148, 149, 150, 151, 152, 153, 154, 155, 156, 157, 158, 159, 160, 161, 162, 163, 164, 165, 166, 167, 168, 169, 170, 171, 172, 173, 174, 175, 176, 177, 178, 179, 180, 181, 182, 183, 184, 185, 186, 187, 188, 189, 190, 191, 192, 193, 194, 195, 196, 197, 198, 199, 200, 201, 202, 203, 204, 205, 206, 207, 208, 209, 210, 211, 212, 213, 214, 215, 216, 217, 218, 219, 220, 221, 222, 223, 224, 225, 226, 227, 228, 229, 230, 231, 232, 233, 234, 235, 236, 237, 238, 239, 240, 241, 242, 243, 244, 245, 246, 247, 248, 249, 250, 251, 252, 253, 254, 255, 256, 257, 258, 259, 260, 261, 262, 263, 264, 265, 266, 267, 268, 269, 270, 271, 272, 273, 274, 275, 276, 277, 278, 279, 280, 281, 282, 283, 284, 285, 286, 287, 288, 289, 290, 291, 292, 293, 294, 295, 296, 297, 298, 299, 300, 301, 302, 303, 304, 305, 306, 307, 308, 309, 310, 311, 312, 313, 314, 315, 316, 317, 318, 319, 320, 321, 322, 323, 324, 325, 326, 327, 328, 329, 330, 331, 332, 333, 334, 335, 336, 337, 574, 575, 576, 577, 578, 579, 580, 581, 582, 583, 584, 585, 586, 587, 588, 589, 590, 591, 592, 593, 594, 595, 596, 597, 598, 599, 600, 601, 602, 603, 604, 605, 606, 607, 608, 609, 610, 611, 612, 613, 614, 615, 616, 617, 618, 619, 620, 621, 622, 623, 624, 625, 626, 627, 628, 629, 630, 631, 632, 633, 634, 635, 636, 637, 638, 639, 640, 641, 642, 643, 644, 645, 646, 647, 648, 649, 650, 651, 652, 653, 654, 655, 656, 657, 658, 659, 660, 661, 662, 663, 664, 665, 666, 667, 668, 669, 670, 671, 672, 673, 674, 675, 676, 677, 678, 679, 680, 681, 682, 683, 684, 685, 686, 687, 688, 689, 690, 691, 692, 693, 694, 695, 696, 697, 698, 699, 700, 701, 702, 703, 704, 705, 706, 707, 708, 709, 710, 711, 712, 713, 714, 715, 716, 717, 718, 719, 720, 721, 722, 723, 724, 725, 726, 727, 728, 729, 730, 731, 732, 733, 734, 735, 736, 737, 738, 739, 740, 741, 742, 743, 744, 745, 746, 747, 748, 749, 750, 751, 752, 753, 754, 755, 756, 757, 758, 759, 760, 761, 762, 763, 764, 765, 766, 767, 768, 769, 770, 771, 772, 773, 774, 775, 776, 777, 778, 779, 780, 781, 782, 783, 784, 785, 786, 787, 788, 789, 790, 791, 792, 793]","[0, 5, 7, 10, 14, 19, 20, 22, 24, 32, 33, 34, 37, 38, 40, 44, 46, 48, 49, 51, 56, 61, 63, 65, 67, 68, 73, 74, 75, 76, 79, 81, 82, 83, 85, 87, 88, 92, 93, 95, 96, 99, 100, 101, 115, 116, 124, 134, 142, 161, 167, 169, 170, 186, 202, 240, 244, 254, 260, 267, 277, 300, 303, 307, 310, 322, 331, 376, 485, 491, 493, 495, 499, 503, 504, 506, 508, 515, 518, 519, 521, 524, 526, 528, 533, 537, 539, 542, 543, 547, 548, 549, 550, 551, 553, 554, 556, 558, 559, 563, 564, 566, 567, 570, 571, 572, 586, 587, 595, 605, 613, 633, 639, 640, 641, 657, 672, 704, 717, 726, 736, 759, 761, 765, 768, 780, 788, 792, 826]",[],"[154, 218, 279, 321, 322, 323, 324, 325, 326, 394, 401, 626, 686, 738, 779, 780, 781, 782, 783, 784, 844, 850]","[0, 5, 7, 10, 14, 19, 20, 22, 24, 32, 33, 34, 37, 38, 40, 44, 46, 48, 49, 51, 56, 61, 63, 65, 67, 68, 73, 74, 75, 76, 79, 81, 82, 83, 85, 87, 88, 92, 93, 95, 96, 99, 100, 101, 103, 104, 105, 106, 107, 108, 109, 110, 111, 112, 113, 114, 115, 116, 117, 118, 119, 120, 121, 122, 123, 124, 125, 126, 127, 128, 129, 130, 131, 132, 133, 134, 135, 136, 137, 138, 139, 140, 141, 142, 143, 144, 145, 146, 147, 148, 149, 150, 151, 152, 153, 154, 155, 156, 157, 158, 159, 160, 161, 162, 163, 164, 165, 166, 167, 168, 169, 170, 171, 172, 173, 174, 175, 176, 177, 178, 179, 180, 181, 182, 183, 184, 185, 186, 187, 188, 189, 190, 191, 192, 193, 194, 195, 196, 197, 198, 199, 200, 201, 202, 203, 204, 205, 206, 207, 208, 209, 210, 211, 212, 213, 214, 215, 216, 217, 218, 219, 220, 221, 222, 223, 224, 225, 226, 227, 228, 229, 230, 231, 232, 233, 234, 235, 236, 237, 238, 239, 240, 241, 242, 243, 244, 245, 246, 247, 248, 249, 250, 251, 252, 253, 254, 255, 256, 257, 258, 259, 260, 261, 262, 263, 264, 265, 266, 267, 268, 269, 270, 271, 272, 273, 274, 275, 276, 277, 278, 279, 280, 281, 282, 283, 284, 285, 286, 287, 288, 289, 290, 291, 292, 293, 294, 295, 296, 297, 298, 299, 300, 301, 302, 303, 304, 305, 306, 307, 308, 309, 310, 311, 312, 313, 314, 315, 316, 317, 318, 319, 320, 321, 322, 323, 324, 325, 326, 327, 328, 329, 330, 331, 332, 333, 334, 335, 336, 337, 376, 394, 401, 485, 491, 493, 495, 499, 503, 504, 506, 508, 515, 518, 519, 521, 524, 526, 528, 533, 537, 539, 542, 543, 547, 548, 549, 550, 551, 553, 554, 556, 558, 559, 563, 564, 566, 567, 570, 571, 572, 574, 575, 576, 577, 578, 579, 580, 581, 582, 583, 584, 585, 586, 587, 588, 589, 590, 591, 592, 593, 594, 595, 596, 597, 598, 599, 600, 601, 602, 603, 604, 605, 606, 607, 608, 609, 610, 611, 612, 613, 614, 615, 616, 617, 618, 619, 620, 621, 622, 623, 624, 625, 626, 627, 628, 629, 630, 631, 632, 633, 634, 635, 636, 637, 638, 639, 640, 641, 642, 643, 644, 645, 646, 647, 648, 649, 650, 651, 652, 653, 654, 655, 656, 657, 658, 659, 660, 661, 662, 663, 664, 665, 666, 667, 668, 669, 670, 671, 672, 673, 674, 675, 676, 677, 678, 679, 680, 681, 682, 683, 684, 685, 686, 687, 688, 689, 690, 691, 692, 693, 694, 695, 696, 697, 698, 699, 700, 701, 702, 703, 704, 705, 706, 707, 708, 709, 710, 711, 712, 713, 714, 715, 716, 717, 718, 719, 720, 721, 722, 723, 724, 725, 726, 727, 728, 729, 730, 731, 732, 733, 734, 735, 736, 737, 738, 739, 740, 741, 742, 743, 744, 745, 746, 747, 748, 749, 750, 751, 752, 753, 754, 755, 756, 757, 758, 759, 760, 761, 762, 763, 764, 765, 766, 767, 768, 769, 770, 771, 772, 773, 774, 775, 776, 777, 778, 779, 780, 781, 782, 783, 784, 785, 786, 787, 788, 789, 790, 791, 792, 793, 826, 844, 850]",True,"[277, 322, 736, 780]","[103, 104, 105, 106, 107, 108, 109, 110, 111, 112, 113, 114, 115, 116, 117, 118, 119, 120, 121, 122, 123, 124, 125, 126, 127, 128, 129, 130, 131, 132, 133, 134, 135, 136, 137, 138, 139, 140, 141, 142, 143, 144, 145, 146, 147, 148, 149, 150, 151, 152, 153, 154, 155, 156, 157, 158, 159, 160, 161, 162, 163, 164, 165, 166, 167, 168, 169, 170, 171, 172, 173, 174, 175, 176, 177, 178, 179, 180, 181, 182, 183, 184, 185, 186, 187, 188, 189, 190, 191, 192, 193, 194, 195, 196, 197, 198, 199, 200, 201, 202, 203, 204, 205, 206, 207, 208, 209, 210, 211, 212, 213, 214, 215, 216, 217, 218, 219, 220, 221, 222, 223, 224, 225, 226, 227, 228, 229, 230, 231, 232, 233, 234, 235, 236, 237, 238, 239, 240, 241, 242, 243, 244, 245, 246, 247, 248, 249, 250, 251, 252, 253, 254, 255, 256, 257, 258, 259, 260, 261, 262, 263, 264, 265, 266, 267, 268, 269, 270, 271, 272, 273, 274, 275, 276, 277, 278, 279, 280, 281, 282, 283, 284, 285, 286, 287, 288, 289, 290, 291, 292, 293, 294, 295, 296, 297, 298, 299, 300, 301, 302, 303, 304, 305, 306, 307, 308, 309, 310, 311, 312, 313, 314, 315, 316, 317, 318, 319, 320, 321, 322, 323, 324, 325, 326, 327, 328, 329, 330, 331, 332, 333, 334, 335, 336, 337, 574, 575, 576, 577, 578, 579, 580, 581, 582, 583, 584, 585, 586, 587, 588, 589, 590, 591, 592, 593, 594, 595, 596, 597, 598, 599, 600, 601, 602, 603, 604, 605, 606, 607, 608, 609, 610, 611, 612, 613, 614, 615, 616, 617, 618, 619, 620, 621, 622, 623, 624, 625, 626, 627, 628, 629, 630, 631, 632, 633, 634, 635, 636, 637, 638, 639, 640, 641, 642, 643, 644, 645, 646, 647, 648, 649, 650, 651, 652, 653, 654, 655, 656, 657, 658, 659, 660, 661, 662, 663, 664, 665, 666, 667, 668, 669, 670, 671, 672, 673, 674, 675, 676, 677, 678, 679, 680, 681, 682, 683, 684, 685, 686, 687, 688, 689, 690, 691, 692, 693, 694, 695, 696, 697, 698, 699, 700, 701, 702, 703, 704, 705, 706, 707, 708, 709, 710, 711, 712, 713, 714, 715, 716, 717, 718, 719, 720, 721, 722, 723, 724, 725, 726, 727, 728, 729, 730, 731, 732, 733, 734, 735, 736, 737, 738, 739, 740, 741, 742, 743, 744, 745, 746, 747, 748, 749, 750, 751, 752, 753, 754, 755, 756, 757, 758, 759, 760, 761, 762, 763, 764, 765, 766, 767, 768, 769, 770, 771, 772, 773, 774, 775, 776, 777, 778, 779, 780, 781, 782, 783, 784, 785, 786, 787, 788, 789, 790, 791, 792, 793]","[277, 322, 736, 780]","[322, 780]","[0, 5, 7, 10, 14, 19, 20, 22, 24, 32, 33, 34, 37, 38, 40, 44, 46, 48, 49, 51, 56, 61, 63, 65, 67, 68, 73, 74, 75, 76, 79, 81, 82, 83, 85, 87, 88, 92, 93, 95, 96, 99, 100, 101, 115, 116, 124, 134, 142, 161, 167, 169, 170, 186, 202, 240, 244, 254, 260, 267, 277, 300, 303, 307, 310, 322, 331, 376, 485, 491, 493, 495, 499, 503, 504, 506, 508, 515, 518, 519, 521, 524, 526, 528, 533, 537, 539, 542, 543, 547, 548, 549, 550, 551, 553, 554, 556, 558, 559, 563, 564, 566, 567, 570, 571, 572, 586, 587, 595, 605, 613, 633, 639, 640, 641, 657, 672, 704, 717, 726, 736, 759, 761, 765, 768, 780, 788, 792, 826]","[154, 218, 279, 321, 322, 323, 324, 325, 326, 394, 401, 626, 686, 738, 779, 780, 781, 782, 783, 784, 844, 850]",[],7/6 successful match,True,[367],True,282,False,,,,,
"Colton , 92324 Valley - Colton",909-824-1296 I-10 Exit 71 ( NW to 791 E Valley ),,Colton,92324,Valley - Colton,909-824-1296,2007,Colton,CA,,( NW to 791 E Valley ),I-10 Exit 71 ,Exit,71,False,,False,I-10,,,,,"[322, 780]","[277, 322, 736, 780]","[277, 322, 736, 780]","[322, 780]","[103, 104, 105, 106, 107, 108, 109, 110, 111, 112, 113, 114, 115, 116, 117, 118, 119, 120, 121, 122, 123, 124, 125, 126, 127, 128, 129, 130, 131, 132, 133, 134, 135, 136, 137, 138, 139, 140, 141, 142, 143, 144, 145, 146, 147, 148, 149, 150, 151, 152, 153, 154, 155, 156, 157, 158, 159, 160, 161, 162, 163, 164, 165, 166, 167, 168, 169, 170, 171, 172, 173, 174, 175, 176, 177, 178, 179, 180, 181, 182, 183, 184, 185, 186, 187, 188, 189, 190, 191, 192, 193, 194, 195, 196, 197, 198, 199, 200, 201, 202, 203, 204, 205, 206, 207, 208, 209, 210, 211, 212, 213, 214, 215, 216, 217, 218, 219, 220, 221, 222, 223, 224, 225, 226, 227, 228, 229, 230, 231, 232, 233, 234, 235, 236, 237, 238, 239, 240, 241, 242, 243, 244, 245, 246, 247, 248, 249, 250, 251, 252, 253, 254, 255, 256, 257, 258, 259, 260, 261, 262, 263, 264, 265, 266, 267, 268, 269, 270, 271, 272, 273, 274, 275, 276, 277, 278, 279, 280, 281, 282, 283, 284, 285, 286, 287, 288, 289, 290, 291, 292, 293, 294, 295, 296, 297, 298, 299, 300, 301, 302, 303, 304, 305, 306, 307, 308, 309, 310, 311, 312, 313, 314, 315, 316, 317, 318, 319, 320, 321, 322, 323, 324, 325, 326, 327, 328, 329, 330, 331, 332, 333, 334, 335, 336, 337, 574, 575, 576, 577, 578, 579, 580, 581, 582, 583, 584, 585, 586, 587, 588, 589, 590, 591, 592, 593, 594, 595, 596, 597, 598, 599, 600, 601, 602, 603, 604, 605, 606, 607, 608, 609, 610, 611, 612, 613, 614, 615, 616, 617, 618, 619, 620, 621, 622, 623, 624, 625, 626, 627, 628, 629, 630, 631, 632, 633, 634, 635, 636, 637, 638, 639, 640, 641, 642, 643, 644, 645, 646, 647, 648, 649, 650, 651, 652, 653, 654, 655, 656, 657, 658, 659, 660, 661, 662, 663, 664, 665, 666, 667, 668, 669, 670, 671, 672, 673, 674, 675, 676, 677, 678, 679, 680, 681, 682, 683, 684, 685, 686, 687, 688, 689, 690, 691, 692, 693, 694, 695, 696, 697, 698, 699, 700, 701, 702, 703, 704, 705, 706, 707, 708, 709, 710, 711, 712, 713, 714, 715, 716, 717, 718, 719, 720, 721, 722, 723, 724, 725, 726, 727, 728, 729, 730, 731, 732, 733, 734, 735, 736, 737, 738, 739, 740, 741, 742, 743, 744, 745, 746, 747, 748, 749, 750, 751, 752, 753, 754, 755, 756, 757, 758, 759, 760, 761, 762, 763, 764, 765, 766, 767, 768, 769, 770, 771, 772, 773, 774, 775, 776, 777, 778, 779, 780, 781, 782, 783, 784, 785, 786, 787, 788, 789, 790, 791, 792, 793]","[0, 5, 7, 10, 14, 19, 20, 22, 24, 32, 33, 34, 37, 38, 40, 44, 46, 48, 49, 51, 56, 61, 63, 65, 67, 68, 73, 74, 75, 76, 79, 81, 82, 83, 85, 87, 88, 92, 93, 95, 96, 99, 100, 101, 115, 116, 124, 134, 142, 161, 167, 169, 170, 186, 202, 240, 244, 254, 260, 267, 277, 300, 303, 307, 310, 322, 331, 376, 485, 491, 493, 495, 499, 503, 504, 506, 508, 515, 518, 519, 521, 524, 526, 528, 533, 537, 539, 542, 543, 547, 548, 549, 550, 551, 553, 554, 556, 558, 559, 563, 564, 566, 567, 570, 571, 572, 586, 587, 595, 605, 613, 633, 639, 640, 641, 657, 672, 704, 717, 726, 736, 759, 761, 765, 768, 780, 788, 792, 826]",[],"[154, 218, 279, 321, 322, 323, 324, 325, 326, 394, 401, 626, 686, 738, 779, 780, 781, 782, 783, 784, 844, 850]","[0, 5, 7, 10, 14, 19, 20, 22, 24, 32, 33, 34, 37, 38, 40, 44, 46, 48, 49, 51, 56, 61, 63, 65, 67, 68, 73, 74, 75, 76, 79, 81, 82, 83, 85, 87, 88, 92, 93, 95, 96, 99, 100, 101, 103, 104, 105, 106, 107, 108, 109, 110, 111, 112, 113, 114, 115, 116, 117, 118, 119, 120, 121, 122, 123, 124, 125, 126, 127, 128, 129, 130, 131, 132, 133, 134, 135, 136, 137, 138, 139, 140, 141, 142, 143, 144, 145, 146, 147, 148, 149, 150, 151, 152, 153, 154, 155, 156, 157, 158, 159, 160, 161, 162, 163, 164, 165, 166, 167, 168, 169, 170, 171, 172, 173, 174, 175, 176, 177, 178, 179, 180, 181, 182, 183, 184, 185, 186, 187, 188, 189, 190, 191, 192, 193, 194, 195, 196, 197, 198, 199, 200, 201, 202, 203, 204, 205, 206, 207, 208, 209, 210, 211, 212, 213, 214, 215, 216, 217, 218, 219, 220, 221, 222, 223, 224, 225, 226, 227, 228, 229, 230, 231, 232, 233, 234, 235, 236, 237, 238, 239, 240, 241, 242, 243, 244, 245, 246, 247, 248, 249, 250, 251, 252, 253, 254, 255, 256, 257, 258, 259, 260, 261, 262, 263, 264, 265, 266, 267, 268, 269, 270, 271, 272, 273, 274, 275, 276, 277, 278, 279, 280, 281, 282, 283, 284, 285, 286, 287, 288, 289, 290, 291, 292, 293, 294, 295, 296, 297, 298, 299, 300, 301, 302, 303, 304, 305, 306, 307, 308, 309, 310, 311, 312, 313, 314, 315, 316, 317, 318, 319, 320, 321, 322, 323, 324, 325, 326, 327, 328, 329, 330, 331, 332, 333, 334, 335, 336, 337, 376, 394, 401, 485, 491, 493, 495, 499, 503, 504, 506, 508, 515, 518, 519, 521, 524, 526, 528, 533, 537, 539, 542, 543, 547, 548, 549, 550, 551, 553, 554, 556, 558, 559, 563, 564, 566, 567, 570, 571, 572, 574, 575, 576, 577, 578, 579, 580, 581, 582, 583, 584, 585, 586, 587, 588, 589, 590, 591, 592, 593, 594, 595, 596, 597, 598, 599, 600, 601, 602, 603, 604, 605, 606, 607, 608, 609, 610, 611, 612, 613, 614, 615, 616, 617, 618, 619, 620, 621, 622, 623, 624, 625, 626, 627, 628, 629, 630, 631, 632, 633, 634, 635, 636, 637, 638, 639, 640, 641, 642, 643, 644, 645, 646, 647, 648, 649, 650, 651, 652, 653, 654, 655, 656, 657, 658, 659, 660, 661, 662, 663, 664, 665, 666, 667, 668, 669, 670, 671, 672, 673, 674, 675, 676, 677, 678, 679, 680, 681, 682, 683, 684, 685, 686, 687, 688, 689, 690, 691, 692, 693, 694, 695, 696, 697, 698, 699, 700, 701, 702, 703, 704, 705, 706, 707, 708, 709, 710, 711, 712, 713, 714, 715, 716, 717, 718, 719, 720, 721, 722, 723, 724, 725, 726, 727, 728, 729, 730, 731, 732, 733, 734, 735, 736, 737, 738, 739, 740, 741, 742, 743, 744, 745, 746, 747, 748, 749, 750, 751, 752, 753, 754, 755, 756, 757, 758, 759, 760, 761, 762, 763, 764, 765, 766, 767, 768, 769, 770, 771, 772, 773, 774, 775, 776, 777, 778, 779, 780, 781, 782, 783, 784, 785, 786, 787, 788, 789, 790, 791, 792, 793, 826, 844, 850]",True,"[277, 322, 736, 780]","[103, 104, 105, 106, 107, 108, 109, 110, 111, 112, 113, 114, 115, 116, 117, 118, 119, 120, 121, 122, 123, 124, 125, 126, 127, 128, 129, 130, 131, 132, 133, 134, 135, 136, 137, 138, 139, 140, 141, 142, 143, 144, 145, 146, 147, 148, 149, 150, 151, 152, 153, 154, 155, 156, 157, 158, 159, 160, 161, 162, 163, 164, 165, 166, 167, 168, 169, 170, 171, 172, 173, 174, 175, 176, 177, 178, 179, 180, 181, 182, 183, 184, 185, 186, 187, 188, 189, 190, 191, 192, 193, 194, 195, 196, 197, 198, 199, 200, 201, 202, 203, 204, 205, 206, 207, 208, 209, 210, 211, 212, 213, 214, 215, 216, 217, 218, 219, 220, 221, 222, 223, 224, 225, 226, 227, 228, 229, 230, 231, 232, 233, 234, 235, 236, 237, 238, 239, 240, 241, 242, 243, 244, 245, 246, 247, 248, 249, 250, 251, 252, 253, 254, 255, 256, 257, 258, 259, 260, 261, 262, 263, 264, 265, 266, 267, 268, 269, 270, 271, 272, 273, 274, 275, 276, 277, 278, 279, 280, 281, 282, 283, 284, 285, 286, 287, 288, 289, 290, 291, 292, 293, 294, 295, 296, 297, 298, 299, 300, 301, 302, 303, 304, 305, 306, 307, 308, 309, 310, 311, 312, 313, 314, 315, 316, 317, 318, 319, 320, 321, 322, 323, 324, 325, 326, 327, 328, 329, 330, 331, 332, 333, 334, 335, 336, 337, 574, 575, 576, 577, 578, 579, 580, 581, 582, 583, 584, 585, 586, 587, 588, 589, 590, 591, 592, 593, 594, 595, 596, 597, 598, 599, 600, 601, 602, 603, 604, 605, 606, 607, 608, 609, 610, 611, 612, 613, 614, 615, 616, 617, 618, 619, 620, 621, 622, 623, 624, 625, 626, 627, 628, 629, 630, 631, 632, 633, 634, 635, 636, 637, 638, 639, 640, 641, 642, 643, 644, 645, 646, 647, 648, 649, 650, 651, 652, 653, 654, 655, 656, 657, 658, 659, 660, 661, 662, 663, 664, 665, 666, 667, 668, 669, 670, 671, 672, 673, 674, 675, 676, 677, 678, 679, 680, 681, 682, 683, 684, 685, 686, 687, 688, 689, 690, 691, 692, 693, 694, 695, 696, 697, 698, 699, 700, 701, 702, 703, 704, 705, 706, 707, 708, 709, 710, 711, 712, 713, 714, 715, 716, 717, 718, 719, 720, 721, 722, 723, 724, 725, 726, 727, 728, 729, 730, 731, 732, 733, 734, 735, 736, 737, 738, 739, 740, 741, 742, 743, 744, 745, 746, 747, 748, 749, 750, 751, 752, 753, 754, 755, 756, 757, 758, 759, 760, 761, 762, 763, 764, 765, 766, 767, 768, 769, 770, 771, 772, 773, 774, 775, 776, 777, 778, 779, 780, 781, 782, 783, 784, 785, 786, 787, 788, 789, 790, 791, 792, 793]","[277, 322, 736, 780]","[322, 780]","[0, 5, 7, 10, 14, 19, 20, 22, 24, 32, 33, 34, 37, 38, 40, 44, 46, 48, 49, 51, 56, 61, 63, 65, 67, 68, 73, 74, 75, 76, 79, 81, 82, 83, 85, 87, 88, 92, 93, 95, 96, 99, 100, 101, 115, 116, 124, 134, 142, 161, 167, 169, 170, 186, 202, 240, 244, 254, 260, 267, 277, 300, 303, 307, 310, 322, 331, 376, 485, 491, 493, 495, 499, 503, 504, 506, 508, 515, 518, 519, 521, 524, 526, 528, 533, 537, 539, 542, 543, 547, 548, 549, 550, 551, 553, 554, 556, 558, 559, 563, 564, 566, 567, 570, 571, 572, 586, 587, 595, 605, 613, 633, 639, 640, 641, 657, 672, 704, 717, 726, 736, 759, 761, 765, 768, 780, 788, 792, 826]","[154, 218, 279, 321, 322, 323, 324, 325, 326, 394, 401, 626, 686, 738, 779, 780, 781, 782, 783, 784, 844, 850]",[],7/6 successful match,True,[367],True,282,False,,1.0,True,Valley - Colton,
"Colton , 92324 Valley Colton",7 909-824-1296 I-10 Exit 71 ( Mt Vernon NW to E Valley ),) 24 HRS,Colton,92324,Valley Colton,909-824-1296,2008,Colton,CA,,( Mt Vernon NW to E Valley ),I-10 Exit 71 ,Exit,71,False,,False,I-10,,,,,"[322, 780]","[277, 322, 736, 780]","[277, 322, 736, 780]","[322, 780]","[103, 104, 105, 106, 107, 108, 109, 110, 111, 112, 113, 114, 115, 116, 117, 118, 119, 120, 121, 122, 123, 124, 125, 126, 127, 128, 129, 130, 131, 132, 133, 134, 135, 136, 137, 138, 139, 140, 141, 142, 143, 144, 145, 146, 147, 148, 149, 150, 151, 152, 153, 154, 155, 156, 157, 158, 159, 160, 161, 162, 163, 164, 165, 166, 167, 168, 169, 170, 171, 172, 173, 174, 175, 176, 177, 178, 179, 180, 181, 182, 183, 184, 185, 186, 187, 188, 189, 190, 191, 192, 193, 194, 195, 196, 197, 198, 199, 200, 201, 202, 203, 204, 205, 206, 207, 208, 209, 210, 211, 212, 213, 214, 215, 216, 217, 218, 219, 220, 221, 222, 223, 224, 225, 226, 227, 228, 229, 230, 231, 232, 233, 234, 235, 236, 237, 238, 239, 240, 241, 242, 243, 244, 245, 246, 247, 248, 249, 250, 251, 252, 253, 254, 255, 256, 257, 258, 259, 260, 261, 262, 263, 264, 265, 266, 267, 268, 269, 270, 271, 272, 273, 274, 275, 276, 277, 278, 279, 280, 281, 282, 283, 284, 285, 286, 287, 288, 289, 290, 291, 292, 293, 294, 295, 296, 297, 298, 299, 300, 301, 302, 303, 304, 305, 306, 307, 308, 309, 310, 311, 312, 313, 314, 315, 316, 317, 318, 319, 320, 321, 322, 323, 324, 325, 326, 327, 328, 329, 330, 331, 332, 333, 334, 335, 336, 337, 574, 575, 576, 577, 578, 579, 580, 581, 582, 583, 584, 585, 586, 587, 588, 589, 590, 591, 592, 593, 594, 595, 596, 597, 598, 599, 600, 601, 602, 603, 604, 605, 606, 607, 608, 609, 610, 611, 612, 613, 614, 615, 616, 617, 618, 619, 620, 621, 622, 623, 624, 625, 626, 627, 628, 629, 630, 631, 632, 633, 634, 635, 636, 637, 638, 639, 640, 641, 642, 643, 644, 645, 646, 647, 648, 649, 650, 651, 652, 653, 654, 655, 656, 657, 658, 659, 660, 661, 662, 663, 664, 665, 666, 667, 668, 669, 670, 671, 672, 673, 674, 675, 676, 677, 678, 679, 680, 681, 682, 683, 684, 685, 686, 687, 688, 689, 690, 691, 692, 693, 694, 695, 696, 697, 698, 699, 700, 701, 702, 703, 704, 705, 706, 707, 708, 709, 710, 711, 712, 713, 714, 715, 716, 717, 718, 719, 720, 721, 722, 723, 724, 725, 726, 727, 728, 729, 730, 731, 732, 733, 734, 735, 736, 737, 738, 739, 740, 741, 742, 743, 744, 745, 746, 747, 748, 749, 750, 751, 752, 753, 754, 755, 756, 757, 758, 759, 760, 761, 762, 763, 764, 765, 766, 767, 768, 769, 770, 771, 772, 773, 774, 775, 776, 777, 778, 779, 780, 781, 782, 783, 784, 785, 786, 787, 788, 789, 790, 791, 792, 793]","[0, 5, 7, 10, 14, 19, 20, 22, 24, 32, 33, 34, 37, 38, 40, 44, 46, 48, 49, 51, 56, 61, 63, 65, 67, 68, 73, 74, 75, 76, 79, 81, 82, 83, 85, 87, 88, 92, 93, 95, 96, 99, 100, 101, 115, 116, 124, 134, 142, 161, 167, 169, 170, 186, 202, 240, 244, 254, 260, 267, 277, 300, 303, 307, 310, 322, 331, 376, 485, 491, 493, 495, 499, 503, 504, 506, 508, 515, 518, 519, 521, 524, 526, 528, 533, 537, 539, 542, 543, 547, 548, 549, 550, 551, 553, 554, 556, 558, 559, 563, 564, 566, 567, 570, 571, 572, 586, 587, 595, 605, 613, 633, 639, 640, 641, 657, 672, 704, 717, 726, 736, 759, 761, 765, 768, 780, 788, 792, 826]",[],"[154, 218, 279, 321, 322, 323, 324, 325, 326, 394, 401, 626, 686, 738, 779, 780, 781, 782, 783, 784, 844, 850]","[0, 5, 7, 10, 14, 19, 20, 22, 24, 32, 33, 34, 37, 38, 40, 44, 46, 48, 49, 51, 56, 61, 63, 65, 67, 68, 73, 74, 75, 76, 79, 81, 82, 83, 85, 87, 88, 92, 93, 95, 96, 99, 100, 101, 103, 104, 105, 106, 107, 108, 109, 110, 111, 112, 113, 114, 115, 116, 117, 118, 119, 120, 121, 122, 123, 124, 125, 126, 127, 128, 129, 130, 131, 132, 133, 134, 135, 136, 137, 138, 139, 140, 141, 142, 143, 144, 145, 146, 147, 148, 149, 150, 151, 152, 153, 154, 155, 156, 157, 158, 159, 160, 161, 162, 163, 164, 165, 166, 167, 168, 169, 170, 171, 172, 173, 174, 175, 176, 177, 178, 179, 180, 181, 182, 183, 184, 185, 186, 187, 188, 189, 190, 191, 192, 193, 194, 195, 196, 197, 198, 199, 200, 201, 202, 203, 204, 205, 206, 207, 208, 209, 210, 211, 212, 213, 214, 215, 216, 217, 218, 219, 220, 221, 222, 223, 224, 225, 226, 227, 228, 229, 230, 231, 232, 233, 234, 235, 236, 237, 238, 239, 240, 241, 242, 243, 244, 245, 246, 247, 248, 249, 250, 251, 252, 253, 254, 255, 256, 257, 258, 259, 260, 261, 262, 263, 264, 265, 266, 267, 268, 269, 270, 271, 272, 273, 274, 275, 276, 277, 278, 279, 280, 281, 282, 283, 284, 285, 286, 287, 288, 289, 290, 291, 292, 293, 294, 295, 296, 297, 298, 299, 300, 301, 302, 303, 304, 305, 306, 307, 308, 309, 310, 311, 312, 313, 314, 315, 316, 317, 318, 319, 320, 321, 322, 323, 324, 325, 326, 327, 328, 329, 330, 331, 332, 333, 334, 335, 336, 337, 376, 394, 401, 485, 491, 493, 495, 499, 503, 504, 506, 508, 515, 518, 519, 521, 524, 526, 528, 533, 537, 539, 542, 543, 547, 548, 549, 550, 551, 553, 554, 556, 558, 559, 563, 564, 566, 567, 570, 571, 572, 574, 575, 576, 577, 578, 579, 580, 581, 582, 583, 584, 585, 586, 587, 588, 589, 590, 591, 592, 593, 594, 595, 596, 597, 598, 599, 600, 601, 602, 603, 604, 605, 606, 607, 608, 609, 610, 611, 612, 613, 614, 615, 616, 617, 618, 619, 620, 621, 622, 623, 624, 625, 626, 627, 628, 629, 630, 631, 632, 633, 634, 635, 636, 637, 638, 639, 640, 641, 642, 643, 644, 645, 646, 647, 648, 649, 650, 651, 652, 653, 654, 655, 656, 657, 658, 659, 660, 661, 662, 663, 664, 665, 666, 667, 668, 669, 670, 671, 672, 673, 674, 675, 676, 677, 678, 679, 680, 681, 682, 683, 684, 685, 686, 687, 688, 689, 690, 691, 692, 693, 694, 695, 696, 697, 698, 699, 700, 701, 702, 703, 704, 705, 706, 707, 708, 709, 710, 711, 712, 713, 714, 715, 716, 717, 718, 719, 720, 721, 722, 723, 724, 725, 726, 727, 728, 729, 730, 731, 732, 733, 734, 735, 736, 737, 738, 739, 740, 741, 742, 743, 744, 745, 746, 747, 748, 749, 750, 751, 752, 753, 754, 755, 756, 757, 758, 759, 760, 761, 762, 763, 764, 765, 766, 767, 768, 769, 770, 771, 772, 773, 774, 775, 776, 777, 778, 779, 780, 781, 782, 783, 784, 785, 786, 787, 788, 789, 790, 791, 792, 793, 826, 844, 850]",True,"[277, 322, 736, 780]","[103, 104, 105, 106, 107, 108, 109, 110, 111, 112, 113, 114, 115, 116, 117, 118, 119, 120, 121, 122, 123, 124, 125, 126, 127, 128, 129, 130, 131, 132, 133, 134, 135, 136, 137, 138, 139, 140, 141, 142, 143, 144, 145, 146, 147, 148, 149, 150, 151, 152, 153, 154, 155, 156, 157, 158, 159, 160, 161, 162, 163, 164, 165, 166, 167, 168, 169, 170, 171, 172, 173, 174, 175, 176, 177, 178, 179, 180, 181, 182, 183, 184, 185, 186, 187, 188, 189, 190, 191, 192, 193, 194, 195, 196, 197, 198, 199, 200, 201, 202, 203, 204, 205, 206, 207, 208, 209, 210, 211, 212, 213, 214, 215, 216, 217, 218, 219, 220, 221, 222, 223, 224, 225, 226, 227, 228, 229, 230, 231, 232, 233, 234, 235, 236, 237, 238, 239, 240, 241, 242, 243, 244, 245, 246, 247, 248, 249, 250, 251, 252, 253, 254, 255, 256, 257, 258, 259, 260, 261, 262, 263, 264, 265, 266, 267, 268, 269, 270, 271, 272, 273, 274, 275, 276, 277, 278, 279, 280, 281, 282, 283, 284, 285, 286, 287, 288, 289, 290, 291, 292, 293, 294, 295, 296, 297, 298, 299, 300, 301, 302, 303, 304, 305, 306, 307, 308, 309, 310, 311, 312, 313, 314, 315, 316, 317, 318, 319, 320, 321, 322, 323, 324, 325, 326, 327, 328, 329, 330, 331, 332, 333, 334, 335, 336, 337, 574, 575, 576, 577, 578, 579, 580, 581, 582, 583, 584, 585, 586, 587, 588, 589, 590, 591, 592, 593, 594, 595, 596, 597, 598, 599, 600, 601, 602, 603, 604, 605, 606, 607, 608, 609, 610, 611, 612, 613, 614, 615, 616, 617, 618, 619, 620, 621, 622, 623, 624, 625, 626, 627, 628, 629, 630, 631, 632, 633, 634, 635, 636, 637, 638, 639, 640, 641, 642, 643, 644, 645, 646, 647, 648, 649, 650, 651, 652, 653, 654, 655, 656, 657, 658, 659, 660, 661, 662, 663, 664, 665, 666, 667, 668, 669, 670, 671, 672, 673, 674, 675, 676, 677, 678, 679, 680, 681, 682, 683, 684, 685, 686, 687, 688, 689, 690, 691, 692, 693, 694, 695, 696, 697, 698, 699, 700, 701, 702, 703, 704, 705, 706, 707, 708, 709, 710, 711, 712, 713, 714, 715, 716, 717, 718, 719, 720, 721, 722, 723, 724, 725, 726, 727, 728, 729, 730, 731, 732, 733, 734, 735, 736, 737, 738, 739, 740, 741, 742, 743, 744, 745, 746, 747, 748, 749, 750, 751, 752, 753, 754, 755, 756, 757, 758, 759, 760, 761, 762, 763, 764, 765, 766, 767, 768, 769, 770, 771, 772, 773, 774, 775, 776, 777, 778, 779, 780, 781, 782, 783, 784, 785, 786, 787, 788, 789, 790, 791, 792, 793]","[277, 322, 736, 780]","[322, 780]","[0, 5, 7, 10, 14, 19, 20, 22, 24, 32, 33, 34, 37, 38, 40, 44, 46, 48, 49, 51, 56, 61, 63, 65, 67, 68, 73, 74, 75, 76, 79, 81, 82, 83, 85, 87, 88, 92, 93, 95, 96, 99, 100, 101, 115, 116, 124, 134, 142, 161, 167, 169, 170, 186, 202, 240, 244, 254, 260, 267, 277, 300, 303, 307, 310, 322, 331, 376, 485, 491, 493, 495, 499, 503, 504, 506, 508, 515, 518, 519, 521, 524, 526, 528, 533, 537, 539, 542, 543, 547, 548, 549, 550, 551, 553, 554, 556, 558, 559, 563, 564, 566, 567, 570, 571, 572, 586, 587, 595, 605, 613, 633, 639, 640, 641, 657, 672, 704, 717, 726, 736, 759, 761, 765, 768, 780, 788, 792, 826]","[154, 218, 279, 321, 322, 323, 324, 325, 326, 394, 401, 626, 686, 738, 779, 780, 781, 782, 783, 784, 844, 850]",[],7/6 successful match,True,[367],True,282,False,,1.0,True,Valley - Colton,
Colton ( 92324 ) Valley Colton Truck Stop,7 909-824-1296 I-10 Exit 71 ( Mt Vernon NW to E Valley ),) 24 S <U+2610> <U+2610> <U+2610>,Colton,92324,Valley Colton Truck Stop,909-824-1296,2014,Colton,CA,,( Mt Vernon NW to E Valley ),I-10 Exit 71 ,Exit,71,False,,False,I-10,,,,,"[322, 780]","[277, 322, 736, 780]","[277, 322, 736, 780]","[322, 780]","[103, 104, 105, 106, 107, 108, 109, 110, 111, 112, 113, 114, 115, 116, 117, 118, 119, 120, 121, 122, 123, 124, 125, 126, 127, 128, 129, 130, 131, 132, 133, 134, 135, 136, 137, 138, 139, 140, 141, 142, 143, 144, 145, 146, 147, 148, 149, 150, 151, 152, 153, 154, 155, 156, 157, 158, 159, 160, 161, 162, 163, 164, 165, 166, 167, 168, 169, 170, 171, 172, 173, 174, 175, 176, 177, 178, 179, 180, 181, 182, 183, 184, 185, 186, 187, 188, 189, 190, 191, 192, 193, 194, 195, 196, 197, 198, 199, 200, 201, 202, 203, 204, 205, 206, 207, 208, 209, 210, 211, 212, 213, 214, 215, 216, 217, 218, 219, 220, 221, 222, 223, 224, 225, 226, 227, 228, 229, 230, 231, 232, 233, 234, 235, 236, 237, 238, 239, 240, 241, 242, 243, 244, 245, 246, 247, 248, 249, 250, 251, 252, 253, 254, 255, 256, 257, 258, 259, 260, 261, 262, 263, 264, 265, 266, 267, 268, 269, 270, 271, 272, 273, 274, 275, 276, 277, 278, 279, 280, 281, 282, 283, 284, 285, 286, 287, 288, 289, 290, 291, 292, 293, 294, 295, 296, 297, 298, 299, 300, 301, 302, 303, 304, 305, 306, 307, 308, 309, 310, 311, 312, 313, 314, 315, 316, 317, 318, 319, 320, 321, 322, 323, 324, 325, 326, 327, 328, 329, 330, 331, 332, 333, 334, 335, 336, 337, 574, 575, 576, 577, 578, 579, 580, 581, 582, 583, 584, 585, 586, 587, 588, 589, 590, 591, 592, 593, 594, 595, 596, 597, 598, 599, 600, 601, 602, 603, 604, 605, 606, 607, 608, 609, 610, 611, 612, 613, 614, 615, 616, 617, 618, 619, 620, 621, 622, 623, 624, 625, 626, 627, 628, 629, 630, 631, 632, 633, 634, 635, 636, 637, 638, 639, 640, 641, 642, 643, 644, 645, 646, 647, 648, 649, 650, 651, 652, 653, 654, 655, 656, 657, 658, 659, 660, 661, 662, 663, 664, 665, 666, 667, 668, 669, 670, 671, 672, 673, 674, 675, 676, 677, 678, 679, 680, 681, 682, 683, 684, 685, 686, 687, 688, 689, 690, 691, 692, 693, 694, 695, 696, 697, 698, 699, 700, 701, 702, 703, 704, 705, 706, 707, 708, 709, 710, 711, 712, 713, 714, 715, 716, 717, 718, 719, 720, 721, 722, 723, 724, 725, 726, 727, 728, 729, 730, 731, 732, 733, 734, 735, 736, 737, 738, 739, 740, 741, 742, 743, 744, 745, 746, 747, 748, 749, 750, 751, 752, 753, 754, 755, 756, 757, 758, 759, 760, 761, 762, 763, 764, 765, 766, 767, 768, 769, 770, 771, 772, 773, 774, 775, 776, 777, 778, 779, 780, 781, 782, 783, 784, 785, 786, 787, 788, 789, 790, 791, 792, 793]","[0, 5, 7, 10, 14, 19, 20, 22, 24, 32, 33, 34, 37, 38, 40, 44, 46, 48, 49, 51, 56, 61, 63, 65, 67, 68, 73, 74, 75, 76, 79, 81, 82, 83, 85, 87, 88, 92, 93, 95, 96, 99, 100, 101, 115, 116, 124, 134, 142, 161, 167, 169, 170, 186, 202, 240, 244, 254, 260, 267, 277, 300, 303, 307, 310, 322, 331, 376, 485, 491, 493, 495, 499, 503, 504, 506, 508, 515, 518, 519, 521, 524, 526, 528, 533, 537, 539, 542, 543, 547, 548, 549, 550, 551, 553, 554, 556, 558, 559, 563, 564, 566, 567, 570, 571, 572, 586, 587, 595, 605, 613, 633, 639, 640, 641, 657, 672, 704, 717, 726, 736, 759, 761, 765, 768, 780, 788, 792, 826]",[],"[154, 218, 279, 321, 322, 323, 324, 325, 326, 394, 401, 626, 686, 738, 779, 780, 781, 782, 783, 784, 844, 850]","[0, 5, 7, 10, 14, 19, 20, 22, 24, 32, 33, 34, 37, 38, 40, 44, 46, 48, 49, 51, 56, 61, 63, 65, 67, 68, 73, 74, 75, 76, 79, 81, 82, 83, 85, 87, 88, 92, 93, 95, 96, 99, 100, 101, 103, 104, 105, 106, 107, 108, 109, 110, 111, 112, 113, 114, 115, 116, 117, 118, 119, 120, 121, 122, 123, 124, 125, 126, 127, 128, 129, 130, 131, 132, 133, 134, 135, 136, 137, 138, 139, 140, 141, 142, 143, 144, 145, 146, 147, 148, 149, 150, 151, 152, 153, 154, 155, 156, 157, 158, 159, 160, 161, 162, 163, 164, 165, 166, 167, 168, 169, 170, 171, 172, 173, 174, 175, 176, 177, 178, 179, 180, 181, 182, 183, 184, 185, 186, 187, 188, 189, 190, 191, 192, 193, 194, 195, 196, 197, 198, 199, 200, 201, 202, 203, 204, 205, 206, 207, 208, 209, 210, 211, 212, 213, 214, 215, 216, 217, 218, 219, 220, 221, 222, 223, 224, 225, 226, 227, 228, 229, 230, 231, 232, 233, 234, 235, 236, 237, 238, 239, 240, 241, 242, 243, 244, 245, 246, 247, 248, 249, 250, 251, 252, 253, 254, 255, 256, 257, 258, 259, 260, 261, 262, 263, 264, 265, 266, 267, 268, 269, 270, 271, 272, 273, 274, 275, 276, 277, 278, 279, 280, 281, 282, 283, 284, 285, 286, 287, 288, 289, 290, 291, 292, 293, 294, 295, 296, 297, 298, 299, 300, 301, 302, 303, 304, 305, 306, 307, 308, 309, 310, 311, 312, 313, 314, 315, 316, 317, 318, 319, 320, 321, 322, 323, 324, 325, 326, 327, 328, 329, 330, 331, 332, 333, 334, 335, 336, 337, 376, 394, 401, 485, 491, 493, 495, 499, 503, 504, 506, 508, 515, 518, 519, 521, 524, 526, 528, 533, 537, 539, 542, 543, 547, 548, 549, 550, 551, 553, 554, 556, 558, 559, 563, 564, 566, 567, 570, 571, 572, 574, 575, 576, 577, 578, 579, 580, 581, 582, 583, 584, 585, 586, 587, 588, 589, 590, 591, 592, 593, 594, 595, 596, 597, 598, 599, 600, 601, 602, 603, 604, 605, 606, 607, 608, 609, 610, 611, 612, 613, 614, 615, 616, 617, 618, 619, 620, 621, 622, 623, 624, 625, 626, 627, 628, 629, 630, 631, 632, 633, 634, 635, 636, 637, 638, 639, 640, 641, 642, 643, 644, 645, 646, 647, 648, 649, 650, 651, 652, 653, 654, 655, 656, 657, 658, 659, 660, 661, 662, 663, 664, 665, 666, 667, 668, 669, 670, 671, 672, 673, 674, 675, 676, 677, 678, 679, 680, 681, 682, 683, 684, 685, 686, 687, 688, 689, 690, 691, 692, 693, 694, 695, 696, 697, 698, 699, 700, 701, 702, 703, 704, 705, 706, 707, 708, 709, 710, 711, 712, 713, 714, 715, 716, 717, 718, 719, 720, 721, 722, 723, 724, 725, 726, 727, 728, 729, 730, 731, 732, 733, 734, 735, 736, 737, 738, 739, 740, 741, 742, 743, 744, 745, 746, 747, 748, 749, 750, 751, 752, 753, 754, 755, 756, 757, 758, 759, 760, 761, 762, 763, 764, 765, 766, 767, 768, 769, 770, 771, 772, 773, 774, 775, 776, 777, 778, 779, 780, 781, 782, 783, 784, 785, 786, 787, 788, 789, 790, 791, 792, 793, 826, 844, 850]",True,"[277, 322, 736, 780]","[103, 104, 105, 106, 107, 108, 109, 110, 111, 112, 113, 114, 115, 116, 117, 118, 119, 120, 121, 122, 123, 124, 125, 126, 127, 128, 129, 130, 131, 132, 133, 134, 135, 136, 137, 138, 139, 140, 141, 142, 143, 144, 145, 146, 147, 148, 149, 150, 151, 152, 153, 154, 155, 156, 157, 158, 159, 160, 161, 162, 163, 164, 165, 166, 167, 168, 169, 170, 171, 172, 173, 174, 175, 176, 177, 178, 179, 180, 181, 182, 183, 184, 185, 186, 187, 188, 189, 190, 191, 192, 193, 194, 195, 196, 197, 198, 199, 200, 201, 202, 203, 204, 205, 206, 207, 208, 209, 210, 211, 212, 213, 214, 215, 216, 217, 218, 219, 220, 221, 222, 223, 224, 225, 226, 227, 228, 229, 230, 231, 232, 233, 234, 235, 236, 237, 238, 239, 240, 241, 242, 243, 244, 245, 246, 247, 248, 249, 250, 251, 252, 253, 254, 255, 256, 257, 258, 259, 260, 261, 262, 263, 264, 265, 266, 267, 268, 269, 270, 271, 272, 273, 274, 275, 276, 277, 278, 279, 280, 281, 282, 283, 284, 285, 286, 287, 288, 289, 290, 291, 292, 293, 294, 295, 296, 297, 298, 299, 300, 301, 302, 303, 304, 305, 306, 307, 308, 309, 310, 311, 312, 313, 314, 315, 316, 317, 318, 319, 320, 321, 322, 323, 324, 325, 326, 327, 328, 329, 330, 331, 332, 333, 334, 335, 336, 337, 574, 575, 576, 577, 578, 579, 580, 581, 582, 583, 584, 585, 586, 587, 588, 589, 590, 591, 592, 593, 594, 595, 596, 597, 598, 599, 600, 601, 602, 603, 604, 605, 606, 607, 608, 609, 610, 611, 612, 613, 614, 615, 616, 617, 618, 619, 620, 621, 622, 623, 624, 625, 626, 627, 628, 629, 630, 631, 632, 633, 634, 635, 636, 637, 638, 639, 640, 641, 642, 643, 644, 645, 646, 647, 648, 649, 650, 651, 652, 653, 654, 655, 656, 657, 658, 659, 660, 661, 662, 663, 664, 665, 666, 667, 668, 669, 670, 671, 672, 673, 674, 675, 676, 677, 678, 679, 680, 681, 682, 683, 684, 685, 686, 687, 688, 689, 690, 691, 692, 693, 694, 695, 696, 697, 698, 699, 700, 701, 702, 703, 704, 705, 706, 707, 708, 709, 710, 711, 712, 713, 714, 715, 716, 717, 718, 719, 720, 721, 722, 723, 724, 725, 726, 727, 728, 729, 730, 731, 732, 733, 734, 735, 736, 737, 738, 739, 740, 741, 742, 743, 744, 745, 746, 747, 748, 749, 750, 751, 752, 753, 754, 755, 756, 757, 758, 759, 760, 761, 762, 763, 764, 765, 766, 767, 768, 769, 770, 771, 772, 773, 774, 775, 776, 777, 778, 779, 780, 781, 782, 783, 784, 785, 786, 787, 788, 789, 790, 791, 792, 793]","[277, 322, 736, 780]","[322, 780]","[0, 5, 7, 10, 14, 19, 20, 22, 24, 32, 33, 34, 37, 38, 40, 44, 46, 48, 49, 51, 56, 61, 63, 65, 67, 68, 73, 74, 75, 76, 79, 81, 82, 83, 85, 87, 88, 92, 93, 95, 96, 99, 100, 101, 115, 116, 124, 134, 142, 161, 167, 169, 170, 186, 202, 240, 244, 254, 260, 267, 277, 300, 303, 307, 310, 322, 331, 376, 485, 491, 493, 495, 499, 503, 504, 506, 508, 515, 518, 519, 521, 524, 526, 528, 533, 537, 539, 542, 543, 547, 548, 549, 550, 551, 553, 554, 556, 558, 559, 563, 564, 566, 567, 570, 571, 572, 586, 587, 595, 605, 613, 633, 639, 640, 641, 657, 672, 704, 717, 726, 736, 759, 761, 765, 768, 780, 788, 792, 826]","[154, 218, 279, 321, 322, 323, 324, 325, 326, 394, 401, 626, 686, 738, 779, 780, 781, 782, 783, 784, 844, 850]",[],7/6 successful match,True,[367],True,282,False,,1.0,True,Valley Colton,
Colton ( 92324 ) Valley Colton Truck Stop,909-824-1296 I-10 Exit 71 ( Mt Vernon NW to E Valley ),"24 S $ """,Colton,92324,Valley Colton Truck Stop,909-824-1296,2015,Colton,CA,,( Mt Vernon NW to E Valley ),I-10 Exit 71 ,Exit,71,False,,False,I-10,,,,,"[322, 780]","[277, 322, 736, 780]","[277, 322, 736, 780]","[322, 780]","[103, 104, 105, 106, 107, 108, 109, 110, 111, 112, 113, 114, 115, 116, 117, 118, 119, 120, 121, 122, 123, 124, 125, 126, 127, 128, 129, 130, 131, 132, 133, 134, 135, 136, 137, 138, 139, 140, 141, 142, 143, 144, 145, 146, 147, 148, 149, 150, 151, 152, 153, 154, 155, 156, 157, 158, 159, 160, 161, 162, 163, 164, 165, 166, 167, 168, 169, 170, 171, 172, 173, 174, 175, 176, 177, 178, 179, 180, 181, 182, 183, 184, 185, 186, 187, 188, 189, 190, 191, 192, 193, 194, 195, 196, 197, 198, 199, 200, 201, 202, 203, 204, 205, 206, 207, 208, 209, 210, 211, 212, 213, 214, 215, 216, 217, 218, 219, 220, 221, 222, 223, 224, 225, 226, 227, 228, 229, 230, 231, 232, 233, 234, 235, 236, 237, 238, 239, 240, 241, 242, 243, 244, 245, 246, 247, 248, 249, 250, 251, 252, 253, 254, 255, 256, 257, 258, 259, 260, 261, 262, 263, 264, 265, 266, 267, 268, 269, 270, 271, 272, 273, 274, 275, 276, 277, 278, 279, 280, 281, 282, 283, 284, 285, 286, 287, 288, 289, 290, 291, 292, 293, 294, 295, 296, 297, 298, 299, 300, 301, 302, 303, 304, 305, 306, 307, 308, 309, 310, 311, 312, 313, 314, 315, 316, 317, 318, 319, 320, 321, 322, 323, 324, 325, 326, 327, 328, 329, 330, 331, 332, 333, 334, 335, 336, 337, 574, 575, 576, 577, 578, 579, 580, 581, 582, 583, 584, 585, 586, 587, 588, 589, 590, 591, 592, 593, 594, 595, 596, 597, 598, 599, 600, 601, 602, 603, 604, 605, 606, 607, 608, 609, 610, 611, 612, 613, 614, 615, 616, 617, 618, 619, 620, 621, 622, 623, 624, 625, 626, 627, 628, 629, 630, 631, 632, 633, 634, 635, 636, 637, 638, 639, 640, 641, 642, 643, 644, 645, 646, 647, 648, 649, 650, 651, 652, 653, 654, 655, 656, 657, 658, 659, 660, 661, 662, 663, 664, 665, 666, 667, 668, 669, 670, 671, 672, 673, 674, 675, 676, 677, 678, 679, 680, 681, 682, 683, 684, 685, 686, 687, 688, 689, 690, 691, 692, 693, 694, 695, 696, 697, 698, 699, 700, 701, 702, 703, 704, 705, 706, 707, 708, 709, 710, 711, 712, 713, 714, 715, 716, 717, 718, 719, 720, 721, 722, 723, 724, 725, 726, 727, 728, 729, 730, 731, 732, 733, 734, 735, 736, 737, 738, 739, 740, 741, 742, 743, 744, 745, 746, 747, 748, 749, 750, 751, 752, 753, 754, 755, 756, 757, 758, 759, 760, 761, 762, 763, 764, 765, 766, 767, 768, 769, 770, 771, 772, 773, 774, 775, 776, 777, 778, 779, 780, 781, 782, 783, 784, 785, 786, 787, 788, 789, 790, 791, 792, 793]","[0, 5, 7, 10, 14, 19, 20, 22, 24, 32, 33, 34, 37, 38, 40, 44, 46, 48, 49, 51, 56, 61, 63, 65, 67, 68, 73, 74, 75, 76, 79, 81, 82, 83, 85, 87, 88, 92, 93, 95, 96, 99, 100, 101, 115, 116, 124, 134, 142, 161, 167, 169, 170, 186, 202, 240, 244, 254, 260, 267, 277, 300, 303, 307, 310, 322, 331, 376, 485, 491, 493, 495, 499, 503, 504, 506, 508, 515, 518, 519, 521, 524, 526, 528, 533, 537, 539, 542, 543, 547, 548, 549, 550, 551, 553, 554, 556, 558, 559, 563, 564, 566, 567, 570, 571, 572, 586, 587, 595, 605, 613, 633, 639, 640, 641, 657, 672, 704, 717, 726, 736, 759, 761, 765, 768, 780, 788, 792, 826]",[],"[154, 218, 279, 321, 322, 323, 324, 325, 326, 394, 401, 626, 686, 738, 779, 780, 781, 782, 783, 784, 844, 850]","[0, 5, 7, 10, 14, 19, 20, 22, 24, 32, 33, 34, 37, 38, 40, 44, 46, 48, 49, 51, 56, 61, 63, 65, 67, 68, 73, 74, 75, 76, 79, 81, 82, 83, 85, 87, 88, 92, 93, 95, 96, 99, 100, 101, 103, 104, 105, 106, 107, 108, 109, 110, 111, 112, 113, 114, 115, 116, 117, 118, 119, 120, 121, 122, 123, 124, 125, 126, 127, 128, 129, 130, 131, 132, 133, 134, 135, 136, 137, 138, 139, 140, 141, 142, 143, 144, 145, 146, 147, 148, 149, 150, 151, 152, 153, 154, 155, 156, 157, 158, 159, 160, 161, 162, 163, 164, 165, 166, 167, 168, 169, 170, 171, 172, 173, 174, 175, 176, 177, 178, 179, 180, 181, 182, 183, 184, 185, 186, 187, 188, 189, 190, 191, 192, 193, 194, 195, 196, 197, 198, 199, 200, 201, 202, 203, 204, 205, 206, 207, 208, 209, 210, 211, 212, 213, 214, 215, 216, 217, 218, 219, 220, 221, 222, 223, 224, 225, 226, 227, 228, 229, 230, 231, 232, 233, 234, 235, 236, 237, 238, 239, 240, 241, 242, 243, 244, 245, 246, 247, 248, 249, 250, 251, 252, 253, 254, 255, 256, 257, 258, 259, 260, 261, 262, 263, 264, 265, 266, 267, 268, 269, 270, 271, 272, 273, 274, 275, 276, 277, 278, 279, 280, 281, 282, 283, 284, 285, 286, 287, 288, 289, 290, 291, 292, 293, 294, 295, 296, 297, 298, 299, 300, 301, 302, 303, 304, 305, 306, 307, 308, 309, 310, 311, 312, 313, 314, 315, 316, 317, 318, 319, 320, 321, 322, 323, 324, 325, 326, 327, 328, 329, 330, 331, 332, 333, 334, 335, 336, 337, 376, 394, 401, 485, 491, 493, 495, 499, 503, 504, 506, 508, 515, 518, 519, 521, 524, 526, 528, 533, 537, 539, 542, 543, 547, 548, 549, 550, 551, 553, 554, 556, 558, 559, 563, 564, 566, 567, 570, 571, 572, 574, 575, 576, 577, 578, 579, 580, 581, 582, 583, 584, 585, 586, 587, 588, 589, 590, 591, 592, 593, 594, 595, 596, 597, 598, 599, 600, 601, 602, 603, 604, 605, 606, 607, 608, 609, 610, 611, 612, 613, 614, 615, 616, 617, 618, 619, 620, 621, 622, 623, 624, 625, 626, 627, 628, 629, 630, 631, 632, 633, 634, 635, 636, 637, 638, 639, 640, 641, 642, 643, 644, 645, 646, 647, 648, 649, 650, 651, 652, 653, 654, 655, 656, 657, 658, 659, 660, 661, 662, 663, 664, 665, 666, 667, 668, 669, 670, 671, 672, 673, 674, 675, 676, 677, 678, 679, 680, 681, 682, 683, 684, 685, 686, 687, 688, 689, 690, 691, 692, 693, 694, 695, 696, 697, 698, 699, 700, 701, 702, 703, 704, 705, 706, 707, 708, 709, 710, 711, 712, 713, 714, 715, 716, 717, 718, 719, 720, 721, 722, 723, 724, 725, 726, 727, 728, 729, 730, 731, 732, 733, 734, 735, 736, 737, 738, 739, 740, 741, 742, 743, 744, 745, 746, 747, 748, 749, 750, 751, 752, 753, 754, 755, 756, 757, 758, 759, 760, 761, 762, 763, 764, 765, 766, 767, 768, 769, 770, 771, 772, 773, 774, 775, 776, 777, 778, 779, 780, 781, 782, 783, 784, 785, 786, 787, 788, 789, 790, 791, 792, 793, 826, 844, 850]",True,"[277, 322, 736, 780]","[103, 104, 105, 106, 107, 108, 109, 110, 111, 112, 113, 114, 115, 116, 117, 118, 119, 120, 121, 122, 123, 124, 125, 126, 127, 128, 129, 130, 131, 132, 133, 134, 135, 136, 137, 138, 139, 140, 141, 142, 143, 144, 145, 146, 147, 148, 149, 150, 151, 152, 153, 154, 155, 156, 157, 158, 159, 160, 161, 162, 163, 164, 165, 166, 167, 168, 169, 170, 171, 172, 173, 174, 175, 176, 177, 178, 179, 180, 181, 182, 183, 184, 185, 186, 187, 188, 189, 190, 191, 192, 193, 194, 195, 196, 197, 198, 199, 200, 201, 202, 203, 204, 205, 206, 207, 208, 209, 210, 211, 212, 213, 214, 215, 216, 217, 218, 219, 220, 221, 222, 223, 224, 225, 226, 227, 228, 229, 230, 231, 232, 233, 234, 235, 236, 237, 238, 239, 240, 241, 242, 243, 244, 245, 246, 247, 248, 249, 250, 251, 252, 253, 254, 255, 256, 257, 258, 259, 260, 261, 262, 263, 264, 265, 266, 267, 268, 269, 270, 271, 272, 273, 274, 275, 276, 277, 278, 279, 280, 281, 282, 283, 284, 285, 286, 287, 288, 289, 290, 291, 292, 293, 294, 295, 296, 297, 298, 299, 300, 301, 302, 303, 304, 305, 306, 307, 308, 309, 310, 311, 312, 313, 314, 315, 316, 317, 318, 319, 320, 321, 322, 323, 324, 325, 326, 327, 328, 329, 330, 331, 332, 333, 334, 335, 336, 337, 574, 575, 576, 577, 578, 579, 580, 581, 582, 583, 584, 585, 586, 587, 588, 589, 590, 591, 592, 593, 594, 595, 596, 597, 598, 599, 600, 601, 602, 603, 604, 605, 606, 607, 608, 609, 610, 611, 612, 613, 614, 615, 616, 617, 618, 619, 620, 621, 622, 623, 624, 625, 626, 627, 628, 629, 630, 631, 632, 633, 634, 635, 636, 637, 638, 639, 640, 641, 642, 643, 644, 645, 646, 647, 648, 649, 650, 651, 652, 653, 654, 655, 656, 657, 658, 659, 660, 661, 662, 663, 664, 665, 666, 667, 668, 669, 670, 671, 672, 673, 674, 675, 676, 677, 678, 679, 680, 681, 682, 683, 684, 685, 686, 687, 688, 689, 690, 691, 692, 693, 694, 695, 696, 697, 698, 699, 700, 701, 702, 703, 704, 705, 706, 707, 708, 709, 710, 711, 712, 713, 714, 715, 716, 717, 718, 719, 720, 721, 722, 723, 724, 725, 726, 727, 728, 729, 730, 731, 732, 733, 734, 735, 736, 737, 738, 739, 740, 741, 742, 743, 744, 745, 746, 747, 748, 749, 750, 751, 752, 753, 754, 755, 756, 757, 758, 759, 760, 761, 762, 763, 764, 765, 766, 767, 768, 769, 770, 771, 772, 773, 774, 775, 776, 777, 778, 779, 780, 781, 782, 783, 784, 785, 786, 787, 788, 789, 790, 791, 792, 793]","[277, 322, 736, 780]","[322, 780]","[0, 5, 7, 10, 14, 19, 20, 22, 24, 32, 33, 34, 37, 38, 40, 44, 46, 48, 49, 51, 56, 61, 63, 65, 67, 68, 73, 74, 75, 76, 79, 81, 82, 83, 85, 87, 88, 92, 93, 95, 96, 99, 100, 101, 115, 116, 124, 134, 142, 161, 167, 169, 170, 186, 202, 240, 244, 254, 260, 267, 277, 300, 303, 307, 310, 322, 331, 376, 485, 491, 493, 495, 499, 503, 504, 506, 508, 515, 518, 519, 521, 524, 526, 528, 533, 537, 539, 542, 543, 547, 548, 549, 550, 551, 553, 554, 556, 558, 559, 563, 564, 566, 567, 570, 571, 572, 586, 587, 595, 605, 613, 633, 639, 640, 641, 657, 672, 704, 717, 726, 736, 759, 761, 765, 768, 780, 788, 792, 826]","[154, 218, 279, 321, 322, 323, 324, 325, 326, 394, 401, 626, 686, 738, 779, 780, 781, 782, 783, 784, 844, 850]",[],7/6 successful match,True,[367],True,282,False,,1.0,True,Valley Colton Truck Stop,
Colton ( 92324 ) Valley Colton Truck Stop,909-824-1296 I-10 Exit 71 ( Mt Vernon NW to E Valley ),) 24 SO <U+2610>,Colton,92324,Valley Colton Truck Stop,909-824-1296,2016,Colton,CA,,( Mt Vernon NW to E Valley ),I-10 Exit 71 ,Exit,71,False,,False,I-10,,,,,"[322, 780]","[277, 322, 736, 780]","[277, 322, 736, 780]","[322, 780]","[103, 104, 105, 106, 107, 108, 109, 110, 111, 112, 113, 114, 115, 116, 117, 118, 119, 120, 121, 122, 123, 124, 125, 126, 127, 128, 129, 130, 131, 132, 133, 134, 135, 136, 137, 138, 139, 140, 141, 142, 143, 144, 145, 146, 147, 148, 149, 150, 151, 152, 153, 154, 155, 156, 157, 158, 159, 160, 161, 162, 163, 164, 165, 166, 167, 168, 169, 170, 171, 172, 173, 174, 175, 176, 177, 178, 179, 180, 181, 182, 183, 184, 185, 186, 187, 188, 189, 190, 191, 192, 193, 194, 195, 196, 197, 198, 199, 200, 201, 202, 203, 204, 205, 206, 207, 208, 209, 210, 211, 212, 213, 214, 215, 216, 217, 218, 219, 220, 221, 222, 223, 224, 225, 226, 227, 228, 229, 230, 231, 232, 233, 234, 235, 236, 237, 238, 239, 240, 241, 242, 243, 244, 245, 246, 247, 248, 249, 250, 251, 252, 253, 254, 255, 256, 257, 258, 259, 260, 261, 262, 263, 264, 265, 266, 267, 268, 269, 270, 271, 272, 273, 274, 275, 276, 277, 278, 279, 280, 281, 282, 283, 284, 285, 286, 287, 288, 289, 290, 291, 292, 293, 294, 295, 296, 297, 298, 299, 300, 301, 302, 303, 304, 305, 306, 307, 308, 309, 310, 311, 312, 313, 314, 315, 316, 317, 318, 319, 320, 321, 322, 323, 324, 325, 326, 327, 328, 329, 330, 331, 332, 333, 334, 335, 336, 337, 574, 575, 576, 577, 578, 579, 580, 581, 582, 583, 584, 585, 586, 587, 588, 589, 590, 591, 592, 593, 594, 595, 596, 597, 598, 599, 600, 601, 602, 603, 604, 605, 606, 607, 608, 609, 610, 611, 612, 613, 614, 615, 616, 617, 618, 619, 620, 621, 622, 623, 624, 625, 626, 627, 628, 629, 630, 631, 632, 633, 634, 635, 636, 637, 638, 639, 640, 641, 642, 643, 644, 645, 646, 647, 648, 649, 650, 651, 652, 653, 654, 655, 656, 657, 658, 659, 660, 661, 662, 663, 664, 665, 666, 667, 668, 669, 670, 671, 672, 673, 674, 675, 676, 677, 678, 679, 680, 681, 682, 683, 684, 685, 686, 687, 688, 689, 690, 691, 692, 693, 694, 695, 696, 697, 698, 699, 700, 701, 702, 703, 704, 705, 706, 707, 708, 709, 710, 711, 712, 713, 714, 715, 716, 717, 718, 719, 720, 721, 722, 723, 724, 725, 726, 727, 728, 729, 730, 731, 732, 733, 734, 735, 736, 737, 738, 739, 740, 741, 742, 743, 744, 745, 746, 747, 748, 749, 750, 751, 752, 753, 754, 755, 756, 757, 758, 759, 760, 761, 762, 763, 764, 765, 766, 767, 768, 769, 770, 771, 772, 773, 774, 775, 776, 777, 778, 779, 780, 781, 782, 783, 784, 785, 786, 787, 788, 789, 790, 791, 792, 793]","[0, 5, 7, 10, 14, 19, 20, 22, 24, 32, 33, 34, 37, 38, 40, 44, 46, 48, 49, 51, 56, 61, 63, 65, 67, 68, 73, 74, 75, 76, 79, 81, 82, 83, 85, 87, 88, 92, 93, 95, 96, 99, 100, 101, 115, 116, 124, 134, 142, 161, 167, 169, 170, 186, 202, 240, 244, 254, 260, 267, 277, 300, 303, 307, 310, 322, 331, 376, 485, 491, 493, 495, 499, 503, 504, 506, 508, 515, 518, 519, 521, 524, 526, 528, 533, 537, 539, 542, 543, 547, 548, 549, 550, 551, 553, 554, 556, 558, 559, 563, 564, 566, 567, 570, 571, 572, 586, 587, 595, 605, 613, 633, 639, 640, 641, 657, 672, 704, 717, 726, 736, 759, 761, 765, 768, 780, 788, 792, 826]",[],"[154, 218, 279, 321, 322, 323, 324, 325, 326, 394, 401, 626, 686, 738, 779, 780, 781, 782, 783, 784, 844, 850]","[0, 5, 7, 10, 14, 19, 20, 22, 24, 32, 33, 34, 37, 38, 40, 44, 46, 48, 49, 51, 56, 61, 63, 65, 67, 68, 73, 74, 75, 76, 79, 81, 82, 83, 85, 87, 88, 92, 93, 95, 96, 99, 100, 101, 103, 104, 105, 106, 107, 108, 109, 110, 111, 112, 113, 114, 115, 116, 117, 118, 119, 120, 121, 122, 123, 124, 125, 126, 127, 128, 129, 130, 131, 132, 133, 134, 135, 136, 137, 138, 139, 140, 141, 142, 143, 144, 145, 146, 147, 148, 149, 150, 151, 152, 153, 154, 155, 156, 157, 158, 159, 160, 161, 162, 163, 164, 165, 166, 167, 168, 169, 170, 171, 172, 173, 174, 175, 176, 177, 178, 179, 180, 181, 182, 183, 184, 185, 186, 187, 188, 189, 190, 191, 192, 193, 194, 195, 196, 197, 198, 199, 200, 201, 202, 203, 204, 205, 206, 207, 208, 209, 210, 211, 212, 213, 214, 215, 216, 217, 218, 219, 220, 221, 222, 223, 224, 225, 226, 227, 228, 229, 230, 231, 232, 233, 234, 235, 236, 237, 238, 239, 240, 241, 242, 243, 244, 245, 246, 247, 248, 249, 250, 251, 252, 253, 254, 255, 256, 257, 258, 259, 260, 261, 262, 263, 264, 265, 266, 267, 268, 269, 270, 271, 272, 273, 274, 275, 276, 277, 278, 279, 280, 281, 282, 283, 284, 285, 286, 287, 288, 289, 290, 291, 292, 293, 294, 295, 296, 297, 298, 299, 300, 301, 302, 303, 304, 305, 306, 307, 308, 309, 310, 311, 312, 313, 314, 315, 316, 317, 318, 319, 320, 321, 322, 323, 324, 325, 326, 327, 328, 329, 330, 331, 332, 333, 334, 335, 336, 337, 376, 394, 401, 485, 491, 493, 495, 499, 503, 504, 506, 508, 515, 518, 519, 521, 524, 526, 528, 533, 537, 539, 542, 543, 547, 548, 549, 550, 551, 553, 554, 556, 558, 559, 563, 564, 566, 567, 570, 571, 572, 574, 575, 576, 577, 578, 579, 580, 581, 582, 583, 584, 585, 586, 587, 588, 589, 590, 591, 592, 593, 594, 595, 596, 597, 598, 599, 600, 601, 602, 603, 604, 605, 606, 607, 608, 609, 610, 611, 612, 613, 614, 615, 616, 617, 618, 619, 620, 621, 622, 623, 624, 625, 626, 627, 628, 629, 630, 631, 632, 633, 634, 635, 636, 637, 638, 639, 640, 641, 642, 643, 644, 645, 646, 647, 648, 649, 650, 651, 652, 653, 654, 655, 656, 657, 658, 659, 660, 661, 662, 663, 664, 665, 666, 667, 668, 669, 670, 671, 672, 673, 674, 675, 676, 677, 678, 679, 680, 681, 682, 683, 684, 685, 686, 687, 688, 689, 690, 691, 692, 693, 694, 695, 696, 697, 698, 699, 700, 701, 702, 703, 704, 705, 706, 707, 708, 709, 710, 711, 712, 713, 714, 715, 716, 717, 718, 719, 720, 721, 722, 723, 724, 725, 726, 727, 728, 729, 730, 731, 732, 733, 734, 735, 736, 737, 738, 739, 740, 741, 742, 743, 744, 745, 746, 747, 748, 749, 750, 751, 752, 753, 754, 755, 756, 757, 758, 759, 760, 761, 762, 763, 764, 765, 766, 767, 768, 769, 770, 771, 772, 773, 774, 775, 776, 777, 778, 779, 780, 781, 782, 783, 784, 785, 786, 787, 788, 789, 790, 791, 792, 793, 826, 844, 850]",True,"[277, 322, 736, 780]","[103, 104, 105, 106, 107, 108, 109, 110, 111, 112, 113, 114, 115, 116, 117, 118, 119, 120, 121, 122, 123, 124, 125, 126, 127, 128, 129, 130, 131, 132, 133, 134, 135, 136, 137, 138, 139, 140, 141, 142, 143, 144, 145, 146, 147, 148, 149, 150, 151, 152, 153, 154, 155, 156, 157, 158, 159, 160, 161, 162, 163, 164, 165, 166, 167, 168, 169, 170, 171, 172, 173, 174, 175, 176, 177, 178, 179, 180, 181, 182, 183, 184, 185, 186, 187, 188, 189, 190, 191, 192, 193, 194, 195, 196, 197, 198, 199, 200, 201, 202, 203, 204, 205, 206, 207, 208, 209, 210, 211, 212, 213, 214, 215, 216, 217, 218, 219, 220, 221, 222, 223, 224, 225, 226, 227, 228, 229, 230, 231, 232, 233, 234, 235, 236, 237, 238, 239, 240, 241, 242, 243, 244, 245, 246, 247, 248, 249, 250, 251, 252, 253, 254, 255, 256, 257, 258, 259, 260, 261, 262, 263, 264, 265, 266, 267, 268, 269, 270, 271, 272, 273, 274, 275, 276, 277, 278, 279, 280, 281, 282, 283, 284, 285, 286, 287, 288, 289, 290, 291, 292, 293, 294, 295, 296, 297, 298, 299, 300, 301, 302, 303, 304, 305, 306, 307, 308, 309, 310, 311, 312, 313, 314, 315, 316, 317, 318, 319, 320, 321, 322, 323, 324, 325, 326, 327, 328, 329, 330, 331, 332, 333, 334, 335, 336, 337, 574, 575, 576, 577, 578, 579, 580, 581, 582, 583, 584, 585, 586, 587, 588, 589, 590, 591, 592, 593, 594, 595, 596, 597, 598, 599, 600, 601, 602, 603, 604, 605, 606, 607, 608, 609, 610, 611, 612, 613, 614, 615, 616, 617, 618, 619, 620, 621, 622, 623, 624, 625, 626, 627, 628, 629, 630, 631, 632, 633, 634, 635, 636, 637, 638, 639, 640, 641, 642, 643, 644, 645, 646, 647, 648, 649, 650, 651, 652, 653, 654, 655, 656, 657, 658, 659, 660, 661, 662, 663, 664, 665, 666, 667, 668, 669, 670, 671, 672, 673, 674, 675, 676, 677, 678, 679, 680, 681, 682, 683, 684, 685, 686, 687, 688, 689, 690, 691, 692, 693, 694, 695, 696, 697, 698, 699, 700, 701, 702, 703, 704, 705, 706, 707, 708, 709, 710, 711, 712, 713, 714, 715, 716, 717, 718, 719, 720, 721, 722, 723, 724, 725, 726, 727, 728, 729, 730, 731, 732, 733, 734, 735, 736, 737, 738, 739, 740, 741, 742, 743, 744, 745, 746, 747, 748, 749, 750, 751, 752, 753, 754, 755, 756, 757, 758, 759, 760, 761, 762, 763, 764, 765, 766, 767, 768, 769, 770, 771, 772, 773, 774, 775, 776, 777, 778, 779, 780, 781, 782, 783, 784, 785, 786, 787, 788, 789, 790, 791, 792, 793]","[277, 322, 736, 780]","[322, 780]","[0, 5, 7, 10, 14, 19, 20, 22, 24, 32, 33, 34, 37, 38, 40, 44, 46, 48, 49, 51, 56, 61, 63, 65, 67, 68, 73, 74, 75, 76, 79, 81, 82, 83, 85, 87, 88, 92, 93, 95, 96, 99, 100, 101, 115, 116, 124, 134, 142, 161, 167, 169, 170, 186, 202, 240, 244, 254, 260, 267, 277, 300, 303, 307, 310, 322, 331, 376, 485, 491, 493, 495, 499, 503, 504, 506, 508, 515, 518, 519, 521, 524, 526, 528, 533, 537, 539, 542, 543, 547, 548, 549, 550, 551, 553, 554, 556, 558, 559, 563, 564, 566, 567, 570, 571, 572, 586, 587, 595, 605, 613, 633, 639, 640, 641, 657, 672, 704, 717, 726, 736, 759, 761, 765, 768, 780, 788, 792, 826]","[154, 218, 279, 321, 322, 323, 324, 325, 326, 394, 401, 626, 686, 738, 779, 780, 781, 782, 783, 784, 844, 850]",[],7/6 successful match,True,[367],True,282,False,,1.0,True,Valley Colton Truck Stop,
"Colton , 92324 Beacon Truck Stop",7 909-825-5190 I-10 Exit 73 A ( Waterman South ),24 HRS,Colton,92324,Beacon Truck Stop,909-825-5190,2006,Colton,CA,,( Waterman South ),I-10 Exit 73 A ,Exit,73,False,,False,I-10,,,,,"[736, 277]","[277, 322, 736, 780]","[277, 322, 736, 780]","[188, 189, 277, 350, 659, 660, 736, 805]","[103, 104, 105, 106, 107, 108, 109, 110, 111, 112, 113, 114, 115, 116, 117, 118, 119, 120, 121, 122, 123, 124, 125, 126, 127, 128, 129, 130, 131, 132, 133, 134, 135, 136, 137, 138, 139, 140, 141, 142, 143, 144, 145, 146, 147, 148, 149, 150, 151, 152, 153, 154, 155, 156, 157, 158, 159, 160, 161, 162, 163, 164, 165, 166, 167, 168, 169, 170, 171, 172, 173, 174, 175, 176, 177, 178, 179, 180, 181, 182, 183, 184, 185, 186, 187, 188, 189, 190, 191, 192, 193, 194, 195, 196, 197, 198, 199, 200, 201, 202, 203, 204, 205, 206, 207, 208, 209, 210, 211, 212, 213, 214, 215, 216, 217, 218, 219, 220, 221, 222, 223, 224, 225, 226, 227, 228, 229, 230, 231, 232, 233, 234, 235, 236, 237, 238, 239, 240, 241, 242, 243, 244, 245, 246, 247, 248, 249, 250, 251, 252, 253, 254, 255, 256, 257, 258, 259, 260, 261, 262, 263, 264, 265, 266, 267, 268, 269, 270, 271, 272, 273, 274, 275, 276, 277, 278, 279, 280, 281, 282, 283, 284, 285, 286, 287, 288, 289, 290, 291, 292, 293, 294, 295, 296, 297, 298, 299, 300, 301, 302, 303, 304, 305, 306, 307, 308, 309, 310, 311, 312, 313, 314, 315, 316, 317, 318, 319, 320, 321, 322, 323, 324, 325, 326, 327, 328, 329, 330, 331, 332, 333, 334, 335, 336, 337, 574, 575, 576, 577, 578, 579, 580, 581, 582, 583, 584, 585, 586, 587, 588, 589, 590, 591, 592, 593, 594, 595, 596, 597, 598, 599, 600, 601, 602, 603, 604, 605, 606, 607, 608, 609, 610, 611, 612, 613, 614, 615, 616, 617, 618, 619, 620, 621, 622, 623, 624, 625, 626, 627, 628, 629, 630, 631, 632, 633, 634, 635, 636, 637, 638, 639, 640, 641, 642, 643, 644, 645, 646, 647, 648, 649, 650, 651, 652, 653, 654, 655, 656, 657, 658, 659, 660, 661, 662, 663, 664, 665, 666, 667, 668, 669, 670, 671, 672, 673, 674, 675, 676, 677, 678, 679, 680, 681, 682, 683, 684, 685, 686, 687, 688, 689, 690, 691, 692, 693, 694, 695, 696, 697, 698, 699, 700, 701, 702, 703, 704, 705, 706, 707, 708, 709, 710, 711, 712, 713, 714, 715, 716, 717, 718, 719, 720, 721, 722, 723, 724, 725, 726, 727, 728, 729, 730, 731, 732, 733, 734, 735, 736, 737, 738, 739, 740, 741, 742, 743, 744, 745, 746, 747, 748, 749, 750, 751, 752, 753, 754, 755, 756, 757, 758, 759, 760, 761, 762, 763, 764, 765, 766, 767, 768, 769, 770, 771, 772, 773, 774, 775, 776, 777, 778, 779, 780, 781, 782, 783, 784, 785, 786, 787, 788, 789, 790, 791, 792, 793]","[0, 5, 7, 10, 14, 19, 20, 22, 24, 32, 33, 34, 37, 38, 40, 44, 46, 48, 49, 51, 56, 61, 63, 65, 67, 68, 73, 74, 75, 76, 79, 81, 82, 83, 85, 87, 88, 92, 93, 95, 96, 99, 100, 101, 115, 116, 124, 134, 142, 161, 167, 169, 170, 186, 202, 240, 244, 254, 260, 267, 277, 300, 303, 307, 310, 322, 331, 376, 485, 491, 493, 495, 499, 503, 504, 506, 508, 515, 518, 519, 521, 524, 526, 528, 533, 537, 539, 542, 543, 547, 548, 549, 550, 551, 553, 554, 556, 558, 559, 563, 564, 566, 567, 570, 571, 572, 586, 587, 595, 605, 613, 633, 639, 640, 641, 657, 672, 704, 717, 726, 736, 759, 761, 765, 768, 780, 788, 792, 826]",[],[],"[0, 5, 7, 10, 14, 19, 20, 22, 24, 32, 33, 34, 37, 38, 40, 44, 46, 48, 49, 51, 56, 61, 63, 65, 67, 68, 73, 74, 75, 76, 79, 81, 82, 83, 85, 87, 88, 92, 93, 95, 96, 99, 100, 101, 103, 104, 105, 106, 107, 108, 109, 110, 111, 112, 113, 114, 115, 116, 117, 118, 119, 120, 121, 122, 123, 124, 125, 126, 127, 128, 129, 130, 131, 132, 133, 134, 135, 136, 137, 138, 139, 140, 141, 142, 143, 144, 145, 146, 147, 148, 149, 150, 151, 152, 153, 154, 155, 156, 157, 158, 159, 160, 161, 162, 163, 164, 165, 166, 167, 168, 169, 170, 171, 172, 173, 174, 175, 176, 177, 178, 179, 180, 181, 182, 183, 184, 185, 186, 187, 188, 189, 190, 191, 192, 193, 194, 195, 196, 197, 198, 199, 200, 201, 202, 203, 204, 205, 206, 207, 208, 209, 210, 211, 212, 213, 214, 215, 216, 217, 218, 219, 220, 221, 222, 223, 224, 225, 226, 227, 228, 229, 230, 231, 232, 233, 234, 235, 236, 237, 238, 239, 240, 241, 242, 243, 244, 245, 246, 247, 248, 249, 250, 251, 252, 253, 254, 255, 256, 257, 258, 259, 260, 261, 262, 263, 264, 265, 266, 267, 268, 269, 270, 271, 272, 273, 274, 275, 276, 277, 278, 279, 280, 281, 282, 283, 284, 285, 286, 287, 288, 289, 290, 291, 292, 293, 294, 295, 296, 297, 298, 299, 300, 301, 302, 303, 304, 305, 306, 307, 308, 309, 310, 311, 312, 313, 314, 315, 316, 317, 318, 319, 320, 321, 322, 323, 324, 325, 326, 327, 328, 329, 330, 331, 332, 333, 334, 335, 336, 337, 350, 376, 485, 491, 493, 495, 499, 503, 504, 506, 508, 515, 518, 519, 521, 524, 526, 528, 533, 537, 539, 542, 543, 547, 548, 549, 550, 551, 553, 554, 556, 558, 559, 563, 564, 566, 567, 570, 571, 572, 574, 575, 576, 577, 578, 579, 580, 581, 582, 583, 584, 585, 586, 587, 588, 589, 590, 591, 592, 593, 594, 595, 596, 597, 598, 599, 600, 601, 602, 603, 604, 605, 606, 607, 608, 609, 610, 611, 612, 613, 614, 615, 616, 617, 618, 619, 620, 621, 622, 623, 624, 625, 626, 627, 628, 629, 630, 631, 632, 633, 634, 635, 636, 637, 638, 639, 640, 641, 642, 643, 644, 645, 646, 647, 648, 649, 650, 651, 652, 653, 654, 655, 656, 657, 658, 659, 660, 661, 662, 663, 664, 665, 666, 667, 668, 669, 670, 671, 672, 673, 674, 675, 676, 677, 678, 679, 680, 681, 682, 683, 684, 685, 686, 687, 688, 689, 690, 691, 692, 693, 694, 695, 696, 697, 698, 699, 700, 701, 702, 703, 704, 705, 706, 707, 708, 709, 710, 711, 712, 713, 714, 715, 716, 717, 718, 719, 720, 721, 722, 723, 724, 725, 726, 727, 728, 729, 730, 731, 732, 733, 734, 735, 736, 737, 738, 739, 740, 741, 742, 743, 744, 745, 746, 747, 748, 749, 750, 751, 752, 753, 754, 755, 756, 757, 758, 759, 760, 761, 762, 763, 764, 765, 766, 767, 768, 769, 770, 771, 772, 773, 774, 775, 776, 777, 778, 779, 780, 781, 782, 783, 784, 785, 786, 787, 788, 789, 790, 791, 792, 793, 805, 826]",True,"[277, 322, 736, 780]","[103, 104, 105, 106, 107, 108, 109, 110, 111, 112, 113, 114, 115, 116, 117, 118, 119, 120, 121, 122, 123, 124, 125, 126, 127, 128, 129, 130, 131, 132, 133, 134, 135, 136, 137, 138, 139, 140, 141, 142, 143, 144, 145, 146, 147, 148, 149, 150, 151, 152, 153, 154, 155, 156, 157, 158, 159, 160, 161, 162, 163, 164, 165, 166, 167, 168, 169, 170, 171, 172, 173, 174, 175, 176, 177, 178, 179, 180, 181, 182, 183, 184, 185, 186, 187, 188, 189, 190, 191, 192, 193, 194, 195, 196, 197, 198, 199, 200, 201, 202, 203, 204, 205, 206, 207, 208, 209, 210, 211, 212, 213, 214, 215, 216, 217, 218, 219, 220, 221, 222, 223, 224, 225, 226, 227, 228, 229, 230, 231, 232, 233, 234, 235, 236, 237, 238, 239, 240, 241, 242, 243, 244, 245, 246, 247, 248, 249, 250, 251, 252, 253, 254, 255, 256, 257, 258, 259, 260, 261, 262, 263, 264, 265, 266, 267, 268, 269, 270, 271, 272, 273, 274, 275, 276, 277, 278, 279, 280, 281, 282, 283, 284, 285, 286, 287, 288, 289, 290, 291, 292, 293, 294, 295, 296, 297, 298, 299, 300, 301, 302, 303, 304, 305, 306, 307, 308, 309, 310, 311, 312, 313, 314, 315, 316, 317, 318, 319, 320, 321, 322, 323, 324, 325, 326, 327, 328, 329, 330, 331, 332, 333, 334, 335, 336, 337, 574, 575, 576, 577, 578, 579, 580, 581, 582, 583, 584, 585, 586, 587, 588, 589, 590, 591, 592, 593, 594, 595, 596, 597, 598, 599, 600, 601, 602, 603, 604, 605, 606, 607, 608, 609, 610, 611, 612, 613, 614, 615, 616, 617, 618, 619, 620, 621, 622, 623, 624, 625, 626, 627, 628, 629, 630, 631, 632, 633, 634, 635, 636, 637, 638, 639, 640, 641, 642, 643, 644, 645, 646, 647, 648, 649, 650, 651, 652, 653, 654, 655, 656, 657, 658, 659, 660, 661, 662, 663, 664, 665, 666, 667, 668, 669, 670, 671, 672, 673, 674, 675, 676, 677, 678, 679, 680, 681, 682, 683, 684, 685, 686, 687, 688, 689, 690, 691, 692, 693, 694, 695, 696, 697, 698, 699, 700, 701, 702, 703, 704, 705, 706, 707, 708, 709, 710, 711, 712, 713, 714, 715, 716, 717, 718, 719, 720, 721, 722, 723, 724, 725, 726, 727, 728, 729, 730, 731, 732, 733, 734, 735, 736, 737, 738, 739, 740, 741, 742, 743, 744, 745, 746, 747, 748, 749, 750, 751, 752, 753, 754, 755, 756, 757, 758, 759, 760, 761, 762, 763, 764, 765, 766, 767, 768, 769, 770, 771, 772, 773, 774, 775, 776, 777, 778, 779, 780, 781, 782, 783, 784, 785, 786, 787, 788, 789, 790, 791, 792, 793]","[277, 322, 736, 780]","[188, 189, 277, 350, 659, 660, 736, 805]","[0, 5, 7, 10, 14, 19, 20, 22, 24, 32, 33, 34, 37, 38, 40, 44, 46, 48, 49, 51, 56, 61, 63, 65, 67, 68, 73, 74, 75, 76, 79, 81, 82, 83, 85, 87, 88, 92, 93, 95, 96, 99, 100, 101, 115, 116, 124, 134, 142, 161, 167, 169, 170, 186, 202, 240, 244, 254, 260, 267, 277, 300, 303, 307, 310, 322, 331, 376, 485, 491, 493, 495, 499, 503, 504, 506, 508, 515, 518, 519, 521, 524, 526, 528, 533, 537, 539, 542, 543, 547, 548, 549, 550, 551, 553, 554, 556, 558, 559, 563, 564, 566, 567, 570, 571, 572, 586, 587, 595, 605, 613, 633, 639, 640, 641, 657, 672, 704, 717, 726, 736, 759, 761, 765, 768, 780, 788, 792, 826]",[],[],7/6 successful match,True,[354],True,283,False,,,,,
"C Colton , 92324 Royal Truck Stop",909-825-5190 I-10 Exit 73 A ( Waterman South ),24 AS,Colton,92324,Royal Truck Stop,909-825-5190,2007,Colton,CA,,( Waterman South ),I-10 Exit 73 A ,Exit,73,False,,False,I-10,,,,,"[736, 277]","[277, 322, 736, 780]","[277, 322, 736, 780]","[188, 189, 277, 350, 659, 660, 736, 805]","[103, 104, 105, 106, 107, 108, 109, 110, 111, 112, 113, 114, 115, 116, 117, 118, 119, 120, 121, 122, 123, 124, 125, 126, 127, 128, 129, 130, 131, 132, 133, 134, 135, 136, 137, 138, 139, 140, 141, 142, 143, 144, 145, 146, 147, 148, 149, 150, 151, 152, 153, 154, 155, 156, 157, 158, 159, 160, 161, 162, 163, 164, 165, 166, 167, 168, 169, 170, 171, 172, 173, 174, 175, 176, 177, 178, 179, 180, 181, 182, 183, 184, 185, 186, 187, 188, 189, 190, 191, 192, 193, 194, 195, 196, 197, 198, 199, 200, 201, 202, 203, 204, 205, 206, 207, 208, 209, 210, 211, 212, 213, 214, 215, 216, 217, 218, 219, 220, 221, 222, 223, 224, 225, 226, 227, 228, 229, 230, 231, 232, 233, 234, 235, 236, 237, 238, 239, 240, 241, 242, 243, 244, 245, 246, 247, 248, 249, 250, 251, 252, 253, 254, 255, 256, 257, 258, 259, 260, 261, 262, 263, 264, 265, 266, 267, 268, 269, 270, 271, 272, 273, 274, 275, 276, 277, 278, 279, 280, 281, 282, 283, 284, 285, 286, 287, 288, 289, 290, 291, 292, 293, 294, 295, 296, 297, 298, 299, 300, 301, 302, 303, 304, 305, 306, 307, 308, 309, 310, 311, 312, 313, 314, 315, 316, 317, 318, 319, 320, 321, 322, 323, 324, 325, 326, 327, 328, 329, 330, 331, 332, 333, 334, 335, 336, 337, 574, 575, 576, 577, 578, 579, 580, 581, 582, 583, 584, 585, 586, 587, 588, 589, 590, 591, 592, 593, 594, 595, 596, 597, 598, 599, 600, 601, 602, 603, 604, 605, 606, 607, 608, 609, 610, 611, 612, 613, 614, 615, 616, 617, 618, 619, 620, 621, 622, 623, 624, 625, 626, 627, 628, 629, 630, 631, 632, 633, 634, 635, 636, 637, 638, 639, 640, 641, 642, 643, 644, 645, 646, 647, 648, 649, 650, 651, 652, 653, 654, 655, 656, 657, 658, 659, 660, 661, 662, 663, 664, 665, 666, 667, 668, 669, 670, 671, 672, 673, 674, 675, 676, 677, 678, 679, 680, 681, 682, 683, 684, 685, 686, 687, 688, 689, 690, 691, 692, 693, 694, 695, 696, 697, 698, 699, 700, 701, 702, 703, 704, 705, 706, 707, 708, 709, 710, 711, 712, 713, 714, 715, 716, 717, 718, 719, 720, 721, 722, 723, 724, 725, 726, 727, 728, 729, 730, 731, 732, 733, 734, 735, 736, 737, 738, 739, 740, 741, 742, 743, 744, 745, 746, 747, 748, 749, 750, 751, 752, 753, 754, 755, 756, 757, 758, 759, 760, 761, 762, 763, 764, 765, 766, 767, 768, 769, 770, 771, 772, 773, 774, 775, 776, 777, 778, 779, 780, 781, 782, 783, 784, 785, 786, 787, 788, 789, 790, 791, 792, 793]","[0, 5, 7, 10, 14, 19, 20, 22, 24, 32, 33, 34, 37, 38, 40, 44, 46, 48, 49, 51, 56, 61, 63, 65, 67, 68, 73, 74, 75, 76, 79, 81, 82, 83, 85, 87, 88, 92, 93, 95, 96, 99, 100, 101, 115, 116, 124, 134, 142, 161, 167, 169, 170, 186, 202, 240, 244, 254, 260, 267, 277, 300, 303, 307, 310, 322, 331, 376, 485, 491, 493, 495, 499, 503, 504, 506, 508, 515, 518, 519, 521, 524, 526, 528, 533, 537, 539, 542, 543, 547, 548, 549, 550, 551, 553, 554, 556, 558, 559, 563, 564, 566, 567, 570, 571, 572, 586, 587, 595, 605, 613, 633, 639, 640, 641, 657, 672, 704, 717, 726, 736, 759, 761, 765, 768, 780, 788, 792, 826]",[],"[277, 736]","[0, 5, 7, 10, 14, 19, 20, 22, 24, 32, 33, 34, 37, 38, 40, 44, 46, 48, 49, 51, 56, 61, 63, 65, 67, 68, 73, 74, 75, 76, 79, 81, 82, 83, 85, 87, 88, 92, 93, 95, 96, 99, 100, 101, 103, 104, 105, 106, 107, 108, 109, 110, 111, 112, 113, 114, 115, 116, 117, 118, 119, 120, 121, 122, 123, 124, 125, 126, 127, 128, 129, 130, 131, 132, 133, 134, 135, 136, 137, 138, 139, 140, 141, 142, 143, 144, 145, 146, 147, 148, 149, 150, 151, 152, 153, 154, 155, 156, 157, 158, 159, 160, 161, 162, 163, 164, 165, 166, 167, 168, 169, 170, 171, 172, 173, 174, 175, 176, 177, 178, 179, 180, 181, 182, 183, 184, 185, 186, 187, 188, 189, 190, 191, 192, 193, 194, 195, 196, 197, 198, 199, 200, 201, 202, 203, 204, 205, 206, 207, 208, 209, 210, 211, 212, 213, 214, 215, 216, 217, 218, 219, 220, 221, 222, 223, 224, 225, 226, 227, 228, 229, 230, 231, 232, 233, 234, 235, 236, 237, 238, 239, 240, 241, 242, 243, 244, 245, 246, 247, 248, 249, 250, 251, 252, 253, 254, 255, 256, 257, 258, 259, 260, 261, 262, 263, 264, 265, 266, 267, 268, 269, 270, 271, 272, 273, 274, 275, 276, 277, 278, 279, 280, 281, 282, 283, 284, 285, 286, 287, 288, 289, 290, 291, 292, 293, 294, 295, 296, 297, 298, 299, 300, 301, 302, 303, 304, 305, 306, 307, 308, 309, 310, 311, 312, 313, 314, 315, 316, 317, 318, 319, 320, 321, 322, 323, 324, 325, 326, 327, 328, 329, 330, 331, 332, 333, 334, 335, 336, 337, 350, 376, 485, 491, 493, 495, 499, 503, 504, 506, 508, 515, 518, 519, 521, 524, 526, 528, 533, 537, 539, 542, 543, 547, 548, 549, 550, 551, 553, 554, 556, 558, 559, 563, 564, 566, 567, 570, 571, 572, 574, 575, 576, 577, 578, 579, 580, 581, 582, 583, 584, 585, 586, 587, 588, 589, 590, 591, 592, 593, 594, 595, 596, 597, 598, 599, 600, 601, 602, 603, 604, 605, 606, 607, 608, 609, 610, 611, 612, 613, 614, 615, 616, 617, 618, 619, 620, 621, 622, 623, 624, 625, 626, 627, 628, 629, 630, 631, 632, 633, 634, 635, 636, 637, 638, 639, 640, 641, 642, 643, 644, 645, 646, 647, 648, 649, 650, 651, 652, 653, 654, 655, 656, 657, 658, 659, 660, 661, 662, 663, 664, 665, 666, 667, 668, 669, 670, 671, 672, 673, 674, 675, 676, 677, 678, 679, 680, 681, 682, 683, 684, 685, 686, 687, 688, 689, 690, 691, 692, 693, 694, 695, 696, 697, 698, 699, 700, 701, 702, 703, 704, 705, 706, 707, 708, 709, 710, 711, 712, 713, 714, 715, 716, 717, 718, 719, 720, 721, 722, 723, 724, 725, 726, 727, 728, 729, 730, 731, 732, 733, 734, 735, 736, 737, 738, 739, 740, 741, 742, 743, 744, 745, 746, 747, 748, 749, 750, 751, 752, 753, 754, 755, 756, 757, 758, 759, 760, 761, 762, 763, 764, 765, 766, 767, 768, 769, 770, 771, 772, 773, 774, 775, 776, 777, 778, 779, 780, 781, 782, 783, 784, 785, 786, 787, 788, 789, 790, 791, 792, 793, 805, 826]",True,"[277, 322, 736, 780]","[103, 104, 105, 106, 107, 108, 109, 110, 111, 112, 113, 114, 115, 116, 117, 118, 119, 120, 121, 122, 123, 124, 125, 126, 127, 128, 129, 130, 131, 132, 133, 134, 135, 136, 137, 138, 139, 140, 141, 142, 143, 144, 145, 146, 147, 148, 149, 150, 151, 152, 153, 154, 155, 156, 157, 158, 159, 160, 161, 162, 163, 164, 165, 166, 167, 168, 169, 170, 171, 172, 173, 174, 175, 176, 177, 178, 179, 180, 181, 182, 183, 184, 185, 186, 187, 188, 189, 190, 191, 192, 193, 194, 195, 196, 197, 198, 199, 200, 201, 202, 203, 204, 205, 206, 207, 208, 209, 210, 211, 212, 213, 214, 215, 216, 217, 218, 219, 220, 221, 222, 223, 224, 225, 226, 227, 228, 229, 230, 231, 232, 233, 234, 235, 236, 237, 238, 239, 240, 241, 242, 243, 244, 245, 246, 247, 248, 249, 250, 251, 252, 253, 254, 255, 256, 257, 258, 259, 260, 261, 262, 263, 264, 265, 266, 267, 268, 269, 270, 271, 272, 273, 274, 275, 276, 277, 278, 279, 280, 281, 282, 283, 284, 285, 286, 287, 288, 289, 290, 291, 292, 293, 294, 295, 296, 297, 298, 299, 300, 301, 302, 303, 304, 305, 306, 307, 308, 309, 310, 311, 312, 313, 314, 315, 316, 317, 318, 319, 320, 321, 322, 323, 324, 325, 326, 327, 328, 329, 330, 331, 332, 333, 334, 335, 336, 337, 574, 575, 576, 577, 578, 579, 580, 581, 582, 583, 584, 585, 586, 587, 588, 589, 590, 591, 592, 593, 594, 595, 596, 597, 598, 599, 600, 601, 602, 603, 604, 605, 606, 607, 608, 609, 610, 611, 612, 613, 614, 615, 616, 617, 618, 619, 620, 621, 622, 623, 624, 625, 626, 627, 628, 629, 630, 631, 632, 633, 634, 635, 636, 637, 638, 639, 640, 641, 642, 643, 644, 645, 646, 647, 648, 649, 650, 651, 652, 653, 654, 655, 656, 657, 658, 659, 660, 661, 662, 663, 664, 665, 666, 667, 668, 669, 670, 671, 672, 673, 674, 675, 676, 677, 678, 679, 680, 681, 682, 683, 684, 685, 686, 687, 688, 689, 690, 691, 692, 693, 694, 695, 696, 697, 698, 699, 700, 701, 702, 703, 704, 705, 706, 707, 708, 709, 710, 711, 712, 713, 714, 715, 716, 717, 718, 719, 720, 721, 722, 723, 724, 725, 726, 727, 728, 729, 730, 731, 732, 733, 734, 735, 736, 737, 738, 739, 740, 741, 742, 743, 744, 745, 746, 747, 748, 749, 750, 751, 752, 753, 754, 755, 756, 757, 758, 759, 760, 761, 762, 763, 764, 765, 766, 767, 768, 769, 770, 771, 772, 773, 774, 775, 776, 777, 778, 779, 780, 781, 782, 783, 784, 785, 786, 787, 788, 789, 790, 791, 792, 793]","[277, 322, 736, 780]","[188, 189, 277, 350, 659, 660, 736, 805]","[0, 5, 7, 10, 14, 19, 20, 22, 24, 32, 33, 34, 37, 38, 40, 44, 46, 48, 49, 51, 56, 61, 63, 65, 67, 68, 73, 74, 75, 76, 79, 81, 82, 83, 85, 87, 88, 92, 93, 95, 96, 99, 100, 101, 115, 116, 124, 134, 142, 161, 167, 169, 170, 186, 202, 240, 244, 254, 260, 267, 277, 300, 303, 307, 310, 322, 331, 376, 485, 491, 493, 495, 499, 503, 504, 506, 508, 515, 518, 519, 521, 524, 526, 528, 533, 537, 539, 542, 543, 547, 548, 549, 550, 551, 553, 554, 556, 558, 559, 563, 564, 566, 567, 570, 571, 572, 586, 587, 595, 605, 613, 633, 639, 640, 641, 657, 672, 704, 717, 726, 736, 759, 761, 765, 768, 780, 788, 792, 826]","[277, 736]",[],7/6 successful match,True,[354],True,283,False,,0.36363636363636365,True,Beacon Truck Stop,
"Colton , 92324 Royal Truck Stop",7 909-825-5190 I-10 Exit 73 A ( Waterman South ),24 HRS M <U+2610><U+2610>,Colton,92324,Royal Truck Stop,909-825-5190,2008,Colton,CA,,( Waterman South ),I-10 Exit 73 A ,Exit,73,False,,False,I-10,,,,,"[736, 277]","[277, 322, 736, 780]","[277, 322, 736, 780]","[188, 189, 277, 350, 659, 660, 736, 805]","[103, 104, 105, 106, 107, 108, 109, 110, 111, 112, 113, 114, 115, 116, 117, 118, 119, 120, 121, 122, 123, 124, 125, 126, 127, 128, 129, 130, 131, 132, 133, 134, 135, 136, 137, 138, 139, 140, 141, 142, 143, 144, 145, 146, 147, 148, 149, 150, 151, 152, 153, 154, 155, 156, 157, 158, 159, 160, 161, 162, 163, 164, 165, 166, 167, 168, 169, 170, 171, 172, 173, 174, 175, 176, 177, 178, 179, 180, 181, 182, 183, 184, 185, 186, 187, 188, 189, 190, 191, 192, 193, 194, 195, 196, 197, 198, 199, 200, 201, 202, 203, 204, 205, 206, 207, 208, 209, 210, 211, 212, 213, 214, 215, 216, 217, 218, 219, 220, 221, 222, 223, 224, 225, 226, 227, 228, 229, 230, 231, 232, 233, 234, 235, 236, 237, 238, 239, 240, 241, 242, 243, 244, 245, 246, 247, 248, 249, 250, 251, 252, 253, 254, 255, 256, 257, 258, 259, 260, 261, 262, 263, 264, 265, 266, 267, 268, 269, 270, 271, 272, 273, 274, 275, 276, 277, 278, 279, 280, 281, 282, 283, 284, 285, 286, 287, 288, 289, 290, 291, 292, 293, 294, 295, 296, 297, 298, 299, 300, 301, 302, 303, 304, 305, 306, 307, 308, 309, 310, 311, 312, 313, 314, 315, 316, 317, 318, 319, 320, 321, 322, 323, 324, 325, 326, 327, 328, 329, 330, 331, 332, 333, 334, 335, 336, 337, 574, 575, 576, 577, 578, 579, 580, 581, 582, 583, 584, 585, 586, 587, 588, 589, 590, 591, 592, 593, 594, 595, 596, 597, 598, 599, 600, 601, 602, 603, 604, 605, 606, 607, 608, 609, 610, 611, 612, 613, 614, 615, 616, 617, 618, 619, 620, 621, 622, 623, 624, 625, 626, 627, 628, 629, 630, 631, 632, 633, 634, 635, 636, 637, 638, 639, 640, 641, 642, 643, 644, 645, 646, 647, 648, 649, 650, 651, 652, 653, 654, 655, 656, 657, 658, 659, 660, 661, 662, 663, 664, 665, 666, 667, 668, 669, 670, 671, 672, 673, 674, 675, 676, 677, 678, 679, 680, 681, 682, 683, 684, 685, 686, 687, 688, 689, 690, 691, 692, 693, 694, 695, 696, 697, 698, 699, 700, 701, 702, 703, 704, 705, 706, 707, 708, 709, 710, 711, 712, 713, 714, 715, 716, 717, 718, 719, 720, 721, 722, 723, 724, 725, 726, 727, 728, 729, 730, 731, 732, 733, 734, 735, 736, 737, 738, 739, 740, 741, 742, 743, 744, 745, 746, 747, 748, 749, 750, 751, 752, 753, 754, 755, 756, 757, 758, 759, 760, 761, 762, 763, 764, 765, 766, 767, 768, 769, 770, 771, 772, 773, 774, 775, 776, 777, 778, 779, 780, 781, 782, 783, 784, 785, 786, 787, 788, 789, 790, 791, 792, 793]","[0, 5, 7, 10, 14, 19, 20, 22, 24, 32, 33, 34, 37, 38, 40, 44, 46, 48, 49, 51, 56, 61, 63, 65, 67, 68, 73, 74, 75, 76, 79, 81, 82, 83, 85, 87, 88, 92, 93, 95, 96, 99, 100, 101, 115, 116, 124, 134, 142, 161, 167, 169, 170, 186, 202, 240, 244, 254, 260, 267, 277, 300, 303, 307, 310, 322, 331, 376, 485, 491, 493, 495, 499, 503, 504, 506, 508, 515, 518, 519, 521, 524, 526, 528, 533, 537, 539, 542, 543, 547, 548, 549, 550, 551, 553, 554, 556, 558, 559, 563, 564, 566, 567, 570, 571, 572, 586, 587, 595, 605, 613, 633, 639, 640, 641, 657, 672, 704, 717, 726, 736, 759, 761, 765, 768, 780, 788, 792, 826]",[],"[277, 736]","[0, 5, 7, 10, 14, 19, 20, 22, 24, 32, 33, 34, 37, 38, 40, 44, 46, 48, 49, 51, 56, 61, 63, 65, 67, 68, 73, 74, 75, 76, 79, 81, 82, 83, 85, 87, 88, 92, 93, 95, 96, 99, 100, 101, 103, 104, 105, 106, 107, 108, 109, 110, 111, 112, 113, 114, 115, 116, 117, 118, 119, 120, 121, 122, 123, 124, 125, 126, 127, 128, 129, 130, 131, 132, 133, 134, 135, 136, 137, 138, 139, 140, 141, 142, 143, 144, 145, 146, 147, 148, 149, 150, 151, 152, 153, 154, 155, 156, 157, 158, 159, 160, 161, 162, 163, 164, 165, 166, 167, 168, 169, 170, 171, 172, 173, 174, 175, 176, 177, 178, 179, 180, 181, 182, 183, 184, 185, 186, 187, 188, 189, 190, 191, 192, 193, 194, 195, 196, 197, 198, 199, 200, 201, 202, 203, 204, 205, 206, 207, 208, 209, 210, 211, 212, 213, 214, 215, 216, 217, 218, 219, 220, 221, 222, 223, 224, 225, 226, 227, 228, 229, 230, 231, 232, 233, 234, 235, 236, 237, 238, 239, 240, 241, 242, 243, 244, 245, 246, 247, 248, 249, 250, 251, 252, 253, 254, 255, 256, 257, 258, 259, 260, 261, 262, 263, 264, 265, 266, 267, 268, 269, 270, 271, 272, 273, 274, 275, 276, 277, 278, 279, 280, 281, 282, 283, 284, 285, 286, 287, 288, 289, 290, 291, 292, 293, 294, 295, 296, 297, 298, 299, 300, 301, 302, 303, 304, 305, 306, 307, 308, 309, 310, 311, 312, 313, 314, 315, 316, 317, 318, 319, 320, 321, 322, 323, 324, 325, 326, 327, 328, 329, 330, 331, 332, 333, 334, 335, 336, 337, 350, 376, 485, 491, 493, 495, 499, 503, 504, 506, 508, 515, 518, 519, 521, 524, 526, 528, 533, 537, 539, 542, 543, 547, 548, 549, 550, 551, 553, 554, 556, 558, 559, 563, 564, 566, 567, 570, 571, 572, 574, 575, 576, 577, 578, 579, 580, 581, 582, 583, 584, 585, 586, 587, 588, 589, 590, 591, 592, 593, 594, 595, 596, 597, 598, 599, 600, 601, 602, 603, 604, 605, 606, 607, 608, 609, 610, 611, 612, 613, 614, 615, 616, 617, 618, 619, 620, 621, 622, 623, 624, 625, 626, 627, 628, 629, 630, 631, 632, 633, 634, 635, 636, 637, 638, 639, 640, 641, 642, 643, 644, 645, 646, 647, 648, 649, 650, 651, 652, 653, 654, 655, 656, 657, 658, 659, 660, 661, 662, 663, 664, 665, 666, 667, 668, 669, 670, 671, 672, 673, 674, 675, 676, 677, 678, 679, 680, 681, 682, 683, 684, 685, 686, 687, 688, 689, 690, 691, 692, 693, 694, 695, 696, 697, 698, 699, 700, 701, 702, 703, 704, 705, 706, 707, 708, 709, 710, 711, 712, 713, 714, 715, 716, 717, 718, 719, 720, 721, 722, 723, 724, 725, 726, 727, 728, 729, 730, 731, 732, 733, 734, 735, 736, 737, 738, 739, 740, 741, 742, 743, 744, 745, 746, 747, 748, 749, 750, 751, 752, 753, 754, 755, 756, 757, 758, 759, 760, 761, 762, 763, 764, 765, 766, 767, 768, 769, 770, 771, 772, 773, 774, 775, 776, 777, 778, 779, 780, 781, 782, 783, 784, 785, 786, 787, 788, 789, 790, 791, 792, 793, 805, 826]",True,"[277, 322, 736, 780]","[103, 104, 105, 106, 107, 108, 109, 110, 111, 112, 113, 114, 115, 116, 117, 118, 119, 120, 121, 122, 123, 124, 125, 126, 127, 128, 129, 130, 131, 132, 133, 134, 135, 136, 137, 138, 139, 140, 141, 142, 143, 144, 145, 146, 147, 148, 149, 150, 151, 152, 153, 154, 155, 156, 157, 158, 159, 160, 161, 162, 163, 164, 165, 166, 167, 168, 169, 170, 171, 172, 173, 174, 175, 176, 177, 178, 179, 180, 181, 182, 183, 184, 185, 186, 187, 188, 189, 190, 191, 192, 193, 194, 195, 196, 197, 198, 199, 200, 201, 202, 203, 204, 205, 206, 207, 208, 209, 210, 211, 212, 213, 214, 215, 216, 217, 218, 219, 220, 221, 222, 223, 224, 225, 226, 227, 228, 229, 230, 231, 232, 233, 234, 235, 236, 237, 238, 239, 240, 241, 242, 243, 244, 245, 246, 247, 248, 249, 250, 251, 252, 253, 254, 255, 256, 257, 258, 259, 260, 261, 262, 263, 264, 265, 266, 267, 268, 269, 270, 271, 272, 273, 274, 275, 276, 277, 278, 279, 280, 281, 282, 283, 284, 285, 286, 287, 288, 289, 290, 291, 292, 293, 294, 295, 296, 297, 298, 299, 300, 301, 302, 303, 304, 305, 306, 307, 308, 309, 310, 311, 312, 313, 314, 315, 316, 317, 318, 319, 320, 321, 322, 323, 324, 325, 326, 327, 328, 329, 330, 331, 332, 333, 334, 335, 336, 337, 574, 575, 576, 577, 578, 579, 580, 581, 582, 583, 584, 585, 586, 587, 588, 589, 590, 591, 592, 593, 594, 595, 596, 597, 598, 599, 600, 601, 602, 603, 604, 605, 606, 607, 608, 609, 610, 611, 612, 613, 614, 615, 616, 617, 618, 619, 620, 621, 622, 623, 624, 625, 626, 627, 628, 629, 630, 631, 632, 633, 634, 635, 636, 637, 638, 639, 640, 641, 642, 643, 644, 645, 646, 647, 648, 649, 650, 651, 652, 653, 654, 655, 656, 657, 658, 659, 660, 661, 662, 663, 664, 665, 666, 667, 668, 669, 670, 671, 672, 673, 674, 675, 676, 677, 678, 679, 680, 681, 682, 683, 684, 685, 686, 687, 688, 689, 690, 691, 692, 693, 694, 695, 696, 697, 698, 699, 700, 701, 702, 703, 704, 705, 706, 707, 708, 709, 710, 711, 712, 713, 714, 715, 716, 717, 718, 719, 720, 721, 722, 723, 724, 725, 726, 727, 728, 729, 730, 731, 732, 733, 734, 735, 736, 737, 738, 739, 740, 741, 742, 743, 744, 745, 746, 747, 748, 749, 750, 751, 752, 753, 754, 755, 756, 757, 758, 759, 760, 761, 762, 763, 764, 765, 766, 767, 768, 769, 770, 771, 772, 773, 774, 775, 776, 777, 778, 779, 780, 781, 782, 783, 784, 785, 786, 787, 788, 789, 790, 791, 792, 793]","[277, 322, 736, 780]","[188, 189, 277, 350, 659, 660, 736, 805]","[0, 5, 7, 10, 14, 19, 20, 22, 24, 32, 33, 34, 37, 38, 40, 44, 46, 48, 49, 51, 56, 61, 63, 65, 67, 68, 73, 74, 75, 76, 79, 81, 82, 83, 85, 87, 88, 92, 93, 95, 96, 99, 100, 101, 115, 116, 124, 134, 142, 161, 167, 169, 170, 186, 202, 240, 244, 254, 260, 267, 277, 300, 303, 307, 310, 322, 331, 376, 485, 491, 493, 495, 499, 503, 504, 506, 508, 515, 518, 519, 521, 524, 526, 528, 533, 537, 539, 542, 543, 547, 548, 549, 550, 551, 553, 554, 556, 558, 559, 563, 564, 566, 567, 570, 571, 572, 586, 587, 595, 605, 613, 633, 639, 640, 641, 657, 672, 704, 717, 726, 736, 759, 761, 765, 768, 780, 788, 792, 826]","[277, 736]",[],7/6 successful match,True,[354],True,283,False,,0.8999999999999999,True,Royal Truck Stop,
C Colton ( 92324 ) Royal Truck Stop,7 909-825-5190 I-10 Exit 73 A ( Waterman South ),24 MOO,Colton,92324,Royal Truck Stop,909-825-5190,2014,Colton,CA,,( Waterman South ),I-10 Exit 73 A ,Exit,73,False,,False,I-10,,,,,"[736, 277]","[277, 322, 736, 780]","[277, 322, 736, 780]","[188, 189, 277, 350, 659, 660, 736, 805]","[103, 104, 105, 106, 107, 108, 109, 110, 111, 112, 113, 114, 115, 116, 117, 118, 119, 120, 121, 122, 123, 124, 125, 126, 127, 128, 129, 130, 131, 132, 133, 134, 135, 136, 137, 138, 139, 140, 141, 142, 143, 144, 145, 146, 147, 148, 149, 150, 151, 152, 153, 154, 155, 156, 157, 158, 159, 160, 161, 162, 163, 164, 165, 166, 167, 168, 169, 170, 171, 172, 173, 174, 175, 176, 177, 178, 179, 180, 181, 182, 183, 184, 185, 186, 187, 188, 189, 190, 191, 192, 193, 194, 195, 196, 197, 198, 199, 200, 201, 202, 203, 204, 205, 206, 207, 208, 209, 210, 211, 212, 213, 214, 215, 216, 217, 218, 219, 220, 221, 222, 223, 224, 225, 226, 227, 228, 229, 230, 231, 232, 233, 234, 235, 236, 237, 238, 239, 240, 241, 242, 243, 244, 245, 246, 247, 248, 249, 250, 251, 252, 253, 254, 255, 256, 257, 258, 259, 260, 261, 262, 263, 264, 265, 266, 267, 268, 269, 270, 271, 272, 273, 274, 275, 276, 277, 278, 279, 280, 281, 282, 283, 284, 285, 286, 287, 288, 289, 290, 291, 292, 293, 294, 295, 296, 297, 298, 299, 300, 301, 302, 303, 304, 305, 306, 307, 308, 309, 310, 311, 312, 313, 314, 315, 316, 317, 318, 319, 320, 321, 322, 323, 324, 325, 326, 327, 328, 329, 330, 331, 332, 333, 334, 335, 336, 337, 574, 575, 576, 577, 578, 579, 580, 581, 582, 583, 584, 585, 586, 587, 588, 589, 590, 591, 592, 593, 594, 595, 596, 597, 598, 599, 600, 601, 602, 603, 604, 605, 606, 607, 608, 609, 610, 611, 612, 613, 614, 615, 616, 617, 618, 619, 620, 621, 622, 623, 624, 625, 626, 627, 628, 629, 630, 631, 632, 633, 634, 635, 636, 637, 638, 639, 640, 641, 642, 643, 644, 645, 646, 647, 648, 649, 650, 651, 652, 653, 654, 655, 656, 657, 658, 659, 660, 661, 662, 663, 664, 665, 666, 667, 668, 669, 670, 671, 672, 673, 674, 675, 676, 677, 678, 679, 680, 681, 682, 683, 684, 685, 686, 687, 688, 689, 690, 691, 692, 693, 694, 695, 696, 697, 698, 699, 700, 701, 702, 703, 704, 705, 706, 707, 708, 709, 710, 711, 712, 713, 714, 715, 716, 717, 718, 719, 720, 721, 722, 723, 724, 725, 726, 727, 728, 729, 730, 731, 732, 733, 734, 735, 736, 737, 738, 739, 740, 741, 742, 743, 744, 745, 746, 747, 748, 749, 750, 751, 752, 753, 754, 755, 756, 757, 758, 759, 760, 761, 762, 763, 764, 765, 766, 767, 768, 769, 770, 771, 772, 773, 774, 775, 776, 777, 778, 779, 780, 781, 782, 783, 784, 785, 786, 787, 788, 789, 790, 791, 792, 793]","[0, 5, 7, 10, 14, 19, 20, 22, 24, 32, 33, 34, 37, 38, 40, 44, 46, 48, 49, 51, 56, 61, 63, 65, 67, 68, 73, 74, 75, 76, 79, 81, 82, 83, 85, 87, 88, 92, 93, 95, 96, 99, 100, 101, 115, 116, 124, 134, 142, 161, 167, 169, 170, 186, 202, 240, 244, 254, 260, 267, 277, 300, 303, 307, 310, 322, 331, 376, 485, 491, 493, 495, 499, 503, 504, 506, 508, 515, 518, 519, 521, 524, 526, 528, 533, 537, 539, 542, 543, 547, 548, 549, 550, 551, 553, 554, 556, 558, 559, 563, 564, 566, 567, 570, 571, 572, 586, 587, 595, 605, 613, 633, 639, 640, 641, 657, 672, 704, 717, 726, 736, 759, 761, 765, 768, 780, 788, 792, 826]",[],"[277, 736]","[0, 5, 7, 10, 14, 19, 20, 22, 24, 32, 33, 34, 37, 38, 40, 44, 46, 48, 49, 51, 56, 61, 63, 65, 67, 68, 73, 74, 75, 76, 79, 81, 82, 83, 85, 87, 88, 92, 93, 95, 96, 99, 100, 101, 103, 104, 105, 106, 107, 108, 109, 110, 111, 112, 113, 114, 115, 116, 117, 118, 119, 120, 121, 122, 123, 124, 125, 126, 127, 128, 129, 130, 131, 132, 133, 134, 135, 136, 137, 138, 139, 140, 141, 142, 143, 144, 145, 146, 147, 148, 149, 150, 151, 152, 153, 154, 155, 156, 157, 158, 159, 160, 161, 162, 163, 164, 165, 166, 167, 168, 169, 170, 171, 172, 173, 174, 175, 176, 177, 178, 179, 180, 181, 182, 183, 184, 185, 186, 187, 188, 189, 190, 191, 192, 193, 194, 195, 196, 197, 198, 199, 200, 201, 202, 203, 204, 205, 206, 207, 208, 209, 210, 211, 212, 213, 214, 215, 216, 217, 218, 219, 220, 221, 222, 223, 224, 225, 226, 227, 228, 229, 230, 231, 232, 233, 234, 235, 236, 237, 238, 239, 240, 241, 242, 243, 244, 245, 246, 247, 248, 249, 250, 251, 252, 253, 254, 255, 256, 257, 258, 259, 260, 261, 262, 263, 264, 265, 266, 267, 268, 269, 270, 271, 272, 273, 274, 275, 276, 277, 278, 279, 280, 281, 282, 283, 284, 285, 286, 287, 288, 289, 290, 291, 292, 293, 294, 295, 296, 297, 298, 299, 300, 301, 302, 303, 304, 305, 306, 307, 308, 309, 310, 311, 312, 313, 314, 315, 316, 317, 318, 319, 320, 321, 322, 323, 324, 325, 326, 327, 328, 329, 330, 331, 332, 333, 334, 335, 336, 337, 350, 376, 485, 491, 493, 495, 499, 503, 504, 506, 508, 515, 518, 519, 521, 524, 526, 528, 533, 537, 539, 542, 543, 547, 548, 549, 550, 551, 553, 554, 556, 558, 559, 563, 564, 566, 567, 570, 571, 572, 574, 575, 576, 577, 578, 579, 580, 581, 582, 583, 584, 585, 586, 587, 588, 589, 590, 591, 592, 593, 594, 595, 596, 597, 598, 599, 600, 601, 602, 603, 604, 605, 606, 607, 608, 609, 610, 611, 612, 613, 614, 615, 616, 617, 618, 619, 620, 621, 622, 623, 624, 625, 626, 627, 628, 629, 630, 631, 632, 633, 634, 635, 636, 637, 638, 639, 640, 641, 642, 643, 644, 645, 646, 647, 648, 649, 650, 651, 652, 653, 654, 655, 656, 657, 658, 659, 660, 661, 662, 663, 664, 665, 666, 667, 668, 669, 670, 671, 672, 673, 674, 675, 676, 677, 678, 679, 680, 681, 682, 683, 684, 685, 686, 687, 688, 689, 690, 691, 692, 693, 694, 695, 696, 697, 698, 699, 700, 701, 702, 703, 704, 705, 706, 707, 708, 709, 710, 711, 712, 713, 714, 715, 716, 717, 718, 719, 720, 721, 722, 723, 724, 725, 726, 727, 728, 729, 730, 731, 732, 733, 734, 735, 736, 737, 738, 739, 740, 741, 742, 743, 744, 745, 746, 747, 748, 749, 750, 751, 752, 753, 754, 755, 756, 757, 758, 759, 760, 761, 762, 763, 764, 765, 766, 767, 768, 769, 770, 771, 772, 773, 774, 775, 776, 777, 778, 779, 780, 781, 782, 783, 784, 785, 786, 787, 788, 789, 790, 791, 792, 793, 805, 826]",True,"[277, 322, 736, 780]","[103, 104, 105, 106, 107, 108, 109, 110, 111, 112, 113, 114, 115, 116, 117, 118, 119, 120, 121, 122, 123, 124, 125, 126, 127, 128, 129, 130, 131, 132, 133, 134, 135, 136, 137, 138, 139, 140, 141, 142, 143, 144, 145, 146, 147, 148, 149, 150, 151, 152, 153, 154, 155, 156, 157, 158, 159, 160, 161, 162, 163, 164, 165, 166, 167, 168, 169, 170, 171, 172, 173, 174, 175, 176, 177, 178, 179, 180, 181, 182, 183, 184, 185, 186, 187, 188, 189, 190, 191, 192, 193, 194, 195, 196, 197, 198, 199, 200, 201, 202, 203, 204, 205, 206, 207, 208, 209, 210, 211, 212, 213, 214, 215, 216, 217, 218, 219, 220, 221, 222, 223, 224, 225, 226, 227, 228, 229, 230, 231, 232, 233, 234, 235, 236, 237, 238, 239, 240, 241, 242, 243, 244, 245, 246, 247, 248, 249, 250, 251, 252, 253, 254, 255, 256, 257, 258, 259, 260, 261, 262, 263, 264, 265, 266, 267, 268, 269, 270, 271, 272, 273, 274, 275, 276, 277, 278, 279, 280, 281, 282, 283, 284, 285, 286, 287, 288, 289, 290, 291, 292, 293, 294, 295, 296, 297, 298, 299, 300, 301, 302, 303, 304, 305, 306, 307, 308, 309, 310, 311, 312, 313, 314, 315, 316, 317, 318, 319, 320, 321, 322, 323, 324, 325, 326, 327, 328, 329, 330, 331, 332, 333, 334, 335, 336, 337, 574, 575, 576, 577, 578, 579, 580, 581, 582, 583, 584, 585, 586, 587, 588, 589, 590, 591, 592, 593, 594, 595, 596, 597, 598, 599, 600, 601, 602, 603, 604, 605, 606, 607, 608, 609, 610, 611, 612, 613, 614, 615, 616, 617, 618, 619, 620, 621, 622, 623, 624, 625, 626, 627, 628, 629, 630, 631, 632, 633, 634, 635, 636, 637, 638, 639, 640, 641, 642, 643, 644, 645, 646, 647, 648, 649, 650, 651, 652, 653, 654, 655, 656, 657, 658, 659, 660, 661, 662, 663, 664, 665, 666, 667, 668, 669, 670, 671, 672, 673, 674, 675, 676, 677, 678, 679, 680, 681, 682, 683, 684, 685, 686, 687, 688, 689, 690, 691, 692, 693, 694, 695, 696, 697, 698, 699, 700, 701, 702, 703, 704, 705, 706, 707, 708, 709, 710, 711, 712, 713, 714, 715, 716, 717, 718, 719, 720, 721, 722, 723, 724, 725, 726, 727, 728, 729, 730, 731, 732, 733, 734, 735, 736, 737, 738, 739, 740, 741, 742, 743, 744, 745, 746, 747, 748, 749, 750, 751, 752, 753, 754, 755, 756, 757, 758, 759, 760, 761, 762, 763, 764, 765, 766, 767, 768, 769, 770, 771, 772, 773, 774, 775, 776, 777, 778, 779, 780, 781, 782, 783, 784, 785, 786, 787, 788, 789, 790, 791, 792, 793]","[277, 322, 736, 780]","[188, 189, 277, 350, 659, 660, 736, 805]","[0, 5, 7, 10, 14, 19, 20, 22, 24, 32, 33, 34, 37, 38, 40, 44, 46, 48, 49, 51, 56, 61, 63, 65, 67, 68, 73, 74, 75, 76, 79, 81, 82, 83, 85, 87, 88, 92, 93, 95, 96, 99, 100, 101, 115, 116, 124, 134, 142, 161, 167, 169, 170, 186, 202, 240, 244, 254, 260, 267, 277, 300, 303, 307, 310, 322, 331, 376, 485, 491, 493, 495, 499, 503, 504, 506, 508, 515, 518, 519, 521, 524, 526, 528, 533, 537, 539, 542, 543, 547, 548, 549, 550, 551, 553, 554, 556, 558, 559, 563, 564, 566, 567, 570, 571, 572, 586, 587, 595, 605, 613, 633, 639, 640, 641, 657, 672, 704, 717, 726, 736, 759, 761, 765, 768, 780, 788, 792, 826]","[277, 736]",[],7/6 successful match,True,[354],True,283,False,,0.8999999999999999,True,Royal Truck Stop,
Colton ( 92324 ) Royal Truck Stop,7 909-825-5190 I-10 Exit 73 A ( Waterman South ),24 M Su <U+25A1>,Colton,92324,Royal Truck Stop,909-825-5190,2015,Colton,CA,,( Waterman South ),I-10 Exit 73 A ,Exit,73,False,,False,I-10,,,,,"[736, 277]","[277, 322, 736, 780]","[277, 322, 736, 780]","[188, 189, 277, 350, 659, 660, 736, 805]","[103, 104, 105, 106, 107, 108, 109, 110, 111, 112, 113, 114, 115, 116, 117, 118, 119, 120, 121, 122, 123, 124, 125, 126, 127, 128, 129, 130, 131, 132, 133, 134, 135, 136, 137, 138, 139, 140, 141, 142, 143, 144, 145, 146, 147, 148, 149, 150, 151, 152, 153, 154, 155, 156, 157, 158, 159, 160, 161, 162, 163, 164, 165, 166, 167, 168, 169, 170, 171, 172, 173, 174, 175, 176, 177, 178, 179, 180, 181, 182, 183, 184, 185, 186, 187, 188, 189, 190, 191, 192, 193, 194, 195, 196, 197, 198, 199, 200, 201, 202, 203, 204, 205, 206, 207, 208, 209, 210, 211, 212, 213, 214, 215, 216, 217, 218, 219, 220, 221, 222, 223, 224, 225, 226, 227, 228, 229, 230, 231, 232, 233, 234, 235, 236, 237, 238, 239, 240, 241, 242, 243, 244, 245, 246, 247, 248, 249, 250, 251, 252, 253, 254, 255, 256, 257, 258, 259, 260, 261, 262, 263, 264, 265, 266, 267, 268, 269, 270, 271, 272, 273, 274, 275, 276, 277, 278, 279, 280, 281, 282, 283, 284, 285, 286, 287, 288, 289, 290, 291, 292, 293, 294, 295, 296, 297, 298, 299, 300, 301, 302, 303, 304, 305, 306, 307, 308, 309, 310, 311, 312, 313, 314, 315, 316, 317, 318, 319, 320, 321, 322, 323, 324, 325, 326, 327, 328, 329, 330, 331, 332, 333, 334, 335, 336, 337, 574, 575, 576, 577, 578, 579, 580, 581, 582, 583, 584, 585, 586, 587, 588, 589, 590, 591, 592, 593, 594, 595, 596, 597, 598, 599, 600, 601, 602, 603, 604, 605, 606, 607, 608, 609, 610, 611, 612, 613, 614, 615, 616, 617, 618, 619, 620, 621, 622, 623, 624, 625, 626, 627, 628, 629, 630, 631, 632, 633, 634, 635, 636, 637, 638, 639, 640, 641, 642, 643, 644, 645, 646, 647, 648, 649, 650, 651, 652, 653, 654, 655, 656, 657, 658, 659, 660, 661, 662, 663, 664, 665, 666, 667, 668, 669, 670, 671, 672, 673, 674, 675, 676, 677, 678, 679, 680, 681, 682, 683, 684, 685, 686, 687, 688, 689, 690, 691, 692, 693, 694, 695, 696, 697, 698, 699, 700, 701, 702, 703, 704, 705, 706, 707, 708, 709, 710, 711, 712, 713, 714, 715, 716, 717, 718, 719, 720, 721, 722, 723, 724, 725, 726, 727, 728, 729, 730, 731, 732, 733, 734, 735, 736, 737, 738, 739, 740, 741, 742, 743, 744, 745, 746, 747, 748, 749, 750, 751, 752, 753, 754, 755, 756, 757, 758, 759, 760, 761, 762, 763, 764, 765, 766, 767, 768, 769, 770, 771, 772, 773, 774, 775, 776, 777, 778, 779, 780, 781, 782, 783, 784, 785, 786, 787, 788, 789, 790, 791, 792, 793]","[0, 5, 7, 10, 14, 19, 20, 22, 24, 32, 33, 34, 37, 38, 40, 44, 46, 48, 49, 51, 56, 61, 63, 65, 67, 68, 73, 74, 75, 76, 79, 81, 82, 83, 85, 87, 88, 92, 93, 95, 96, 99, 100, 101, 115, 116, 124, 134, 142, 161, 167, 169, 170, 186, 202, 240, 244, 254, 260, 267, 277, 300, 303, 307, 310, 322, 331, 376, 485, 491, 493, 495, 499, 503, 504, 506, 508, 515, 518, 519, 521, 524, 526, 528, 533, 537, 539, 542, 543, 547, 548, 549, 550, 551, 553, 554, 556, 558, 559, 563, 564, 566, 567, 570, 571, 572, 586, 587, 595, 605, 613, 633, 639, 640, 641, 657, 672, 704, 717, 726, 736, 759, 761, 765, 768, 780, 788, 792, 826]",[],"[277, 736]","[0, 5, 7, 10, 14, 19, 20, 22, 24, 32, 33, 34, 37, 38, 40, 44, 46, 48, 49, 51, 56, 61, 63, 65, 67, 68, 73, 74, 75, 76, 79, 81, 82, 83, 85, 87, 88, 92, 93, 95, 96, 99, 100, 101, 103, 104, 105, 106, 107, 108, 109, 110, 111, 112, 113, 114, 115, 116, 117, 118, 119, 120, 121, 122, 123, 124, 125, 126, 127, 128, 129, 130, 131, 132, 133, 134, 135, 136, 137, 138, 139, 140, 141, 142, 143, 144, 145, 146, 147, 148, 149, 150, 151, 152, 153, 154, 155, 156, 157, 158, 159, 160, 161, 162, 163, 164, 165, 166, 167, 168, 169, 170, 171, 172, 173, 174, 175, 176, 177, 178, 179, 180, 181, 182, 183, 184, 185, 186, 187, 188, 189, 190, 191, 192, 193, 194, 195, 196, 197, 198, 199, 200, 201, 202, 203, 204, 205, 206, 207, 208, 209, 210, 211, 212, 213, 214, 215, 216, 217, 218, 219, 220, 221, 222, 223, 224, 225, 226, 227, 228, 229, 230, 231, 232, 233, 234, 235, 236, 237, 238, 239, 240, 241, 242, 243, 244, 245, 246, 247, 248, 249, 250, 251, 252, 253, 254, 255, 256, 257, 258, 259, 260, 261, 262, 263, 264, 265, 266, 267, 268, 269, 270, 271, 272, 273, 274, 275, 276, 277, 278, 279, 280, 281, 282, 283, 284, 285, 286, 287, 288, 289, 290, 291, 292, 293, 294, 295, 296, 297, 298, 299, 300, 301, 302, 303, 304, 305, 306, 307, 308, 309, 310, 311, 312, 313, 314, 315, 316, 317, 318, 319, 320, 321, 322, 323, 324, 325, 326, 327, 328, 329, 330, 331, 332, 333, 334, 335, 336, 337, 350, 376, 485, 491, 493, 495, 499, 503, 504, 506, 508, 515, 518, 519, 521, 524, 526, 528, 533, 537, 539, 542, 543, 547, 548, 549, 550, 551, 553, 554, 556, 558, 559, 563, 564, 566, 567, 570, 571, 572, 574, 575, 576, 577, 578, 579, 580, 581, 582, 583, 584, 585, 586, 587, 588, 589, 590, 591, 592, 593, 594, 595, 596, 597, 598, 599, 600, 601, 602, 603, 604, 605, 606, 607, 608, 609, 610, 611, 612, 613, 614, 615, 616, 617, 618, 619, 620, 621, 622, 623, 624, 625, 626, 627, 628, 629, 630, 631, 632, 633, 634, 635, 636, 637, 638, 639, 640, 641, 642, 643, 644, 645, 646, 647, 648, 649, 650, 651, 652, 653, 654, 655, 656, 657, 658, 659, 660, 661, 662, 663, 664, 665, 666, 667, 668, 669, 670, 671, 672, 673, 674, 675, 676, 677, 678, 679, 680, 681, 682, 683, 684, 685, 686, 687, 688, 689, 690, 691, 692, 693, 694, 695, 696, 697, 698, 699, 700, 701, 702, 703, 704, 705, 706, 707, 708, 709, 710, 711, 712, 713, 714, 715, 716, 717, 718, 719, 720, 721, 722, 723, 724, 725, 726, 727, 728, 729, 730, 731, 732, 733, 734, 735, 736, 737, 738, 739, 740, 741, 742, 743, 744, 745, 746, 747, 748, 749, 750, 751, 752, 753, 754, 755, 756, 757, 758, 759, 760, 761, 762, 763, 764, 765, 766, 767, 768, 769, 770, 771, 772, 773, 774, 775, 776, 777, 778, 779, 780, 781, 782, 783, 784, 785, 786, 787, 788, 789, 790, 791, 792, 793, 805, 826]",True,"[277, 322, 736, 780]","[103, 104, 105, 106, 107, 108, 109, 110, 111, 112, 113, 114, 115, 116, 117, 118, 119, 120, 121, 122, 123, 124, 125, 126, 127, 128, 129, 130, 131, 132, 133, 134, 135, 136, 137, 138, 139, 140, 141, 142, 143, 144, 145, 146, 147, 148, 149, 150, 151, 152, 153, 154, 155, 156, 157, 158, 159, 160, 161, 162, 163, 164, 165, 166, 167, 168, 169, 170, 171, 172, 173, 174, 175, 176, 177, 178, 179, 180, 181, 182, 183, 184, 185, 186, 187, 188, 189, 190, 191, 192, 193, 194, 195, 196, 197, 198, 199, 200, 201, 202, 203, 204, 205, 206, 207, 208, 209, 210, 211, 212, 213, 214, 215, 216, 217, 218, 219, 220, 221, 222, 223, 224, 225, 226, 227, 228, 229, 230, 231, 232, 233, 234, 235, 236, 237, 238, 239, 240, 241, 242, 243, 244, 245, 246, 247, 248, 249, 250, 251, 252, 253, 254, 255, 256, 257, 258, 259, 260, 261, 262, 263, 264, 265, 266, 267, 268, 269, 270, 271, 272, 273, 274, 275, 276, 277, 278, 279, 280, 281, 282, 283, 284, 285, 286, 287, 288, 289, 290, 291, 292, 293, 294, 295, 296, 297, 298, 299, 300, 301, 302, 303, 304, 305, 306, 307, 308, 309, 310, 311, 312, 313, 314, 315, 316, 317, 318, 319, 320, 321, 322, 323, 324, 325, 326, 327, 328, 329, 330, 331, 332, 333, 334, 335, 336, 337, 574, 575, 576, 577, 578, 579, 580, 581, 582, 583, 584, 585, 586, 587, 588, 589, 590, 591, 592, 593, 594, 595, 596, 597, 598, 599, 600, 601, 602, 603, 604, 605, 606, 607, 608, 609, 610, 611, 612, 613, 614, 615, 616, 617, 618, 619, 620, 621, 622, 623, 624, 625, 626, 627, 628, 629, 630, 631, 632, 633, 634, 635, 636, 637, 638, 639, 640, 641, 642, 643, 644, 645, 646, 647, 648, 649, 650, 651, 652, 653, 654, 655, 656, 657, 658, 659, 660, 661, 662, 663, 664, 665, 666, 667, 668, 669, 670, 671, 672, 673, 674, 675, 676, 677, 678, 679, 680, 681, 682, 683, 684, 685, 686, 687, 688, 689, 690, 691, 692, 693, 694, 695, 696, 697, 698, 699, 700, 701, 702, 703, 704, 705, 706, 707, 708, 709, 710, 711, 712, 713, 714, 715, 716, 717, 718, 719, 720, 721, 722, 723, 724, 725, 726, 727, 728, 729, 730, 731, 732, 733, 734, 735, 736, 737, 738, 739, 740, 741, 742, 743, 744, 745, 746, 747, 748, 749, 750, 751, 752, 753, 754, 755, 756, 757, 758, 759, 760, 761, 762, 763, 764, 765, 766, 767, 768, 769, 770, 771, 772, 773, 774, 775, 776, 777, 778, 779, 780, 781, 782, 783, 784, 785, 786, 787, 788, 789, 790, 791, 792, 793]","[277, 322, 736, 780]","[188, 189, 277, 350, 659, 660, 736, 805]","[0, 5, 7, 10, 14, 19, 20, 22, 24, 32, 33, 34, 37, 38, 40, 44, 46, 48, 49, 51, 56, 61, 63, 65, 67, 68, 73, 74, 75, 76, 79, 81, 82, 83, 85, 87, 88, 92, 93, 95, 96, 99, 100, 101, 115, 116, 124, 134, 142, 161, 167, 169, 170, 186, 202, 240, 244, 254, 260, 267, 277, 300, 303, 307, 310, 322, 331, 376, 485, 491, 493, 495, 499, 503, 504, 506, 508, 515, 518, 519, 521, 524, 526, 528, 533, 537, 539, 542, 543, 547, 548, 549, 550, 551, 553, 554, 556, 558, 559, 563, 564, 566, 567, 570, 571, 572, 586, 587, 595, 605, 613, 633, 639, 640, 641, 657, 672, 704, 717, 726, 736, 759, 761, 765, 768, 780, 788, 792, 826]","[277, 736]",[],7/6 successful match,True,[354],True,283,False,,0.8999999999999999,True,Royal Truck Stop,
Colton ( 92324 ) Royal Truck Stop,909-825-5190 I-10 Exit 73 A ( Waterman South ),24 M <U+2610>,Colton,92324,Royal Truck Stop,909-825-5190,2016,Colton,CA,,( Waterman South ),I-10 Exit 73 A ,Exit,73,False,,False,I-10,,,,,"[736, 277]","[277, 322, 736, 780]","[277, 322, 736, 780]","[188, 189, 277, 350, 659, 660, 736, 805]","[103, 104, 105, 106, 107, 108, 109, 110, 111, 112, 113, 114, 115, 116, 117, 118, 119, 120, 121, 122, 123, 124, 125, 126, 127, 128, 129, 130, 131, 132, 133, 134, 135, 136, 137, 138, 139, 140, 141, 142, 143, 144, 145, 146, 147, 148, 149, 150, 151, 152, 153, 154, 155, 156, 157, 158, 159, 160, 161, 162, 163, 164, 165, 166, 167, 168, 169, 170, 171, 172, 173, 174, 175, 176, 177, 178, 179, 180, 181, 182, 183, 184, 185, 186, 187, 188, 189, 190, 191, 192, 193, 194, 195, 196, 197, 198, 199, 200, 201, 202, 203, 204, 205, 206, 207, 208, 209, 210, 211, 212, 213, 214, 215, 216, 217, 218, 219, 220, 221, 222, 223, 224, 225, 226, 227, 228, 229, 230, 231, 232, 233, 234, 235, 236, 237, 238, 239, 240, 241, 242, 243, 244, 245, 246, 247, 248, 249, 250, 251, 252, 253, 254, 255, 256, 257, 258, 259, 260, 261, 262, 263, 264, 265, 266, 267, 268, 269, 270, 271, 272, 273, 274, 275, 276, 277, 278, 279, 280, 281, 282, 283, 284, 285, 286, 287, 288, 289, 290, 291, 292, 293, 294, 295, 296, 297, 298, 299, 300, 301, 302, 303, 304, 305, 306, 307, 308, 309, 310, 311, 312, 313, 314, 315, 316, 317, 318, 319, 320, 321, 322, 323, 324, 325, 326, 327, 328, 329, 330, 331, 332, 333, 334, 335, 336, 337, 574, 575, 576, 577, 578, 579, 580, 581, 582, 583, 584, 585, 586, 587, 588, 589, 590, 591, 592, 593, 594, 595, 596, 597, 598, 599, 600, 601, 602, 603, 604, 605, 606, 607, 608, 609, 610, 611, 612, 613, 614, 615, 616, 617, 618, 619, 620, 621, 622, 623, 624, 625, 626, 627, 628, 629, 630, 631, 632, 633, 634, 635, 636, 637, 638, 639, 640, 641, 642, 643, 644, 645, 646, 647, 648, 649, 650, 651, 652, 653, 654, 655, 656, 657, 658, 659, 660, 661, 662, 663, 664, 665, 666, 667, 668, 669, 670, 671, 672, 673, 674, 675, 676, 677, 678, 679, 680, 681, 682, 683, 684, 685, 686, 687, 688, 689, 690, 691, 692, 693, 694, 695, 696, 697, 698, 699, 700, 701, 702, 703, 704, 705, 706, 707, 708, 709, 710, 711, 712, 713, 714, 715, 716, 717, 718, 719, 720, 721, 722, 723, 724, 725, 726, 727, 728, 729, 730, 731, 732, 733, 734, 735, 736, 737, 738, 739, 740, 741, 742, 743, 744, 745, 746, 747, 748, 749, 750, 751, 752, 753, 754, 755, 756, 757, 758, 759, 760, 761, 762, 763, 764, 765, 766, 767, 768, 769, 770, 771, 772, 773, 774, 775, 776, 777, 778, 779, 780, 781, 782, 783, 784, 785, 786, 787, 788, 789, 790, 791, 792, 793]","[0, 5, 7, 10, 14, 19, 20, 22, 24, 32, 33, 34, 37, 38, 40, 44, 46, 48, 49, 51, 56, 61, 63, 65, 67, 68, 73, 74, 75, 76, 79, 81, 82, 83, 85, 87, 88, 92, 93, 95, 96, 99, 100, 101, 115, 116, 124, 134, 142, 161, 167, 169, 170, 186, 202, 240, 244, 254, 260, 267, 277, 300, 303, 307, 310, 322, 331, 376, 485, 491, 493, 495, 499, 503, 504, 506, 508, 515, 518, 519, 521, 524, 526, 528, 533, 537, 539, 542, 543, 547, 548, 549, 550, 551, 553, 554, 556, 558, 559, 563, 564, 566, 567, 570, 571, 572, 586, 587, 595, 605, 613, 633, 639, 640, 641, 657, 672, 704, 717, 726, 736, 759, 761, 765, 768, 780, 788, 792, 826]",[],"[277, 736]","[0, 5, 7, 10, 14, 19, 20, 22, 24, 32, 33, 34, 37, 38, 40, 44, 46, 48, 49, 51, 56, 61, 63, 65, 67, 68, 73, 74, 75, 76, 79, 81, 82, 83, 85, 87, 88, 92, 93, 95, 96, 99, 100, 101, 103, 104, 105, 106, 107, 108, 109, 110, 111, 112, 113, 114, 115, 116, 117, 118, 119, 120, 121, 122, 123, 124, 125, 126, 127, 128, 129, 130, 131, 132, 133, 134, 135, 136, 137, 138, 139, 140, 141, 142, 143, 144, 145, 146, 147, 148, 149, 150, 151, 152, 153, 154, 155, 156, 157, 158, 159, 160, 161, 162, 163, 164, 165, 166, 167, 168, 169, 170, 171, 172, 173, 174, 175, 176, 177, 178, 179, 180, 181, 182, 183, 184, 185, 186, 187, 188, 189, 190, 191, 192, 193, 194, 195, 196, 197, 198, 199, 200, 201, 202, 203, 204, 205, 206, 207, 208, 209, 210, 211, 212, 213, 214, 215, 216, 217, 218, 219, 220, 221, 222, 223, 224, 225, 226, 227, 228, 229, 230, 231, 232, 233, 234, 235, 236, 237, 238, 239, 240, 241, 242, 243, 244, 245, 246, 247, 248, 249, 250, 251, 252, 253, 254, 255, 256, 257, 258, 259, 260, 261, 262, 263, 264, 265, 266, 267, 268, 269, 270, 271, 272, 273, 274, 275, 276, 277, 278, 279, 280, 281, 282, 283, 284, 285, 286, 287, 288, 289, 290, 291, 292, 293, 294, 295, 296, 297, 298, 299, 300, 301, 302, 303, 304, 305, 306, 307, 308, 309, 310, 311, 312, 313, 314, 315, 316, 317, 318, 319, 320, 321, 322, 323, 324, 325, 326, 327, 328, 329, 330, 331, 332, 333, 334, 335, 336, 337, 350, 376, 485, 491, 493, 495, 499, 503, 504, 506, 508, 515, 518, 519, 521, 524, 526, 528, 533, 537, 539, 542, 543, 547, 548, 549, 550, 551, 553, 554, 556, 558, 559, 563, 564, 566, 567, 570, 571, 572, 574, 575, 576, 577, 578, 579, 580, 581, 582, 583, 584, 585, 586, 587, 588, 589, 590, 591, 592, 593, 594, 595, 596, 597, 598, 599, 600, 601, 602, 603, 604, 605, 606, 607, 608, 609, 610, 611, 612, 613, 614, 615, 616, 617, 618, 619, 620, 621, 622, 623, 624, 625, 626, 627, 628, 629, 630, 631, 632, 633, 634, 635, 636, 637, 638, 639, 640, 641, 642, 643, 644, 645, 646, 647, 648, 649, 650, 651, 652, 653, 654, 655, 656, 657, 658, 659, 660, 661, 662, 663, 664, 665, 666, 667, 668, 669, 670, 671, 672, 673, 674, 675, 676, 677, 678, 679, 680, 681, 682, 683, 684, 685, 686, 687, 688, 689, 690, 691, 692, 693, 694, 695, 696, 697, 698, 699, 700, 701, 702, 703, 704, 705, 706, 707, 708, 709, 710, 711, 712, 713, 714, 715, 716, 717, 718, 719, 720, 721, 722, 723, 724, 725, 726, 727, 728, 729, 730, 731, 732, 733, 734, 735, 736, 737, 738, 739, 740, 741, 742, 743, 744, 745, 746, 747, 748, 749, 750, 751, 752, 753, 754, 755, 756, 757, 758, 759, 760, 761, 762, 763, 764, 765, 766, 767, 768, 769, 770, 771, 772, 773, 774, 775, 776, 777, 778, 779, 780, 781, 782, 783, 784, 785, 786, 787, 788, 789, 790, 791, 792, 793, 805, 826]",True,"[277, 322, 736, 780]","[103, 104, 105, 106, 107, 108, 109, 110, 111, 112, 113, 114, 115, 116, 117, 118, 119, 120, 121, 122, 123, 124, 125, 126, 127, 128, 129, 130, 131, 132, 133, 134, 135, 136, 137, 138, 139, 140, 141, 142, 143, 144, 145, 146, 147, 148, 149, 150, 151, 152, 153, 154, 155, 156, 157, 158, 159, 160, 161, 162, 163, 164, 165, 166, 167, 168, 169, 170, 171, 172, 173, 174, 175, 176, 177, 178, 179, 180, 181, 182, 183, 184, 185, 186, 187, 188, 189, 190, 191, 192, 193, 194, 195, 196, 197, 198, 199, 200, 201, 202, 203, 204, 205, 206, 207, 208, 209, 210, 211, 212, 213, 214, 215, 216, 217, 218, 219, 220, 221, 222, 223, 224, 225, 226, 227, 228, 229, 230, 231, 232, 233, 234, 235, 236, 237, 238, 239, 240, 241, 242, 243, 244, 245, 246, 247, 248, 249, 250, 251, 252, 253, 254, 255, 256, 257, 258, 259, 260, 261, 262, 263, 264, 265, 266, 267, 268, 269, 270, 271, 272, 273, 274, 275, 276, 277, 278, 279, 280, 281, 282, 283, 284, 285, 286, 287, 288, 289, 290, 291, 292, 293, 294, 295, 296, 297, 298, 299, 300, 301, 302, 303, 304, 305, 306, 307, 308, 309, 310, 311, 312, 313, 314, 315, 316, 317, 318, 319, 320, 321, 322, 323, 324, 325, 326, 327, 328, 329, 330, 331, 332, 333, 334, 335, 336, 337, 574, 575, 576, 577, 578, 579, 580, 581, 582, 583, 584, 585, 586, 587, 588, 589, 590, 591, 592, 593, 594, 595, 596, 597, 598, 599, 600, 601, 602, 603, 604, 605, 606, 607, 608, 609, 610, 611, 612, 613, 614, 615, 616, 617, 618, 619, 620, 621, 622, 623, 624, 625, 626, 627, 628, 629, 630, 631, 632, 633, 634, 635, 636, 637, 638, 639, 640, 641, 642, 643, 644, 645, 646, 647, 648, 649, 650, 651, 652, 653, 654, 655, 656, 657, 658, 659, 660, 661, 662, 663, 664, 665, 666, 667, 668, 669, 670, 671, 672, 673, 674, 675, 676, 677, 678, 679, 680, 681, 682, 683, 684, 685, 686, 687, 688, 689, 690, 691, 692, 693, 694, 695, 696, 697, 698, 699, 700, 701, 702, 703, 704, 705, 706, 707, 708, 709, 710, 711, 712, 713, 714, 715, 716, 717, 718, 719, 720, 721, 722, 723, 724, 725, 726, 727, 728, 729, 730, 731, 732, 733, 734, 735, 736, 737, 738, 739, 740, 741, 742, 743, 744, 745, 746, 747, 748, 749, 750, 751, 752, 753, 754, 755, 756, 757, 758, 759, 760, 761, 762, 763, 764, 765, 766, 767, 768, 769, 770, 771, 772, 773, 774, 775, 776, 777, 778, 779, 780, 781, 782, 783, 784, 785, 786, 787, 788, 789, 790, 791, 792, 793]","[277, 322, 736, 780]","[188, 189, 277, 350, 659, 660, 736, 805]","[0, 5, 7, 10, 14, 19, 20, 22, 24, 32, 33, 34, 37, 38, 40, 44, 46, 48, 49, 51, 56, 61, 63, 65, 67, 68, 73, 74, 75, 76, 79, 81, 82, 83, 85, 87, 88, 92, 93, 95, 96, 99, 100, 101, 115, 116, 124, 134, 142, 161, 167, 169, 170, 186, 202, 240, 244, 254, 260, 267, 277, 300, 303, 307, 310, 322, 331, 376, 485, 491, 493, 495, 499, 503, 504, 506, 508, 515, 518, 519, 521, 524, 526, 528, 533, 537, 539, 542, 543, 547, 548, 549, 550, 551, 553, 554, 556, 558, 559, 563, 564, 566, 567, 570, 571, 572, 586, 587, 595, 605, 613, 633, 639, 640, 641, 657, 672, 704, 717, 726, 736, 759, 761, 765, 768, 780, 788, 792, 826]","[277, 736]",[],7/6 successful match,True,[354],True,283,False,,0.8999999999999999,True,Royal Truck Stop,
"Fontana , 92335 Fontana Truck Stop Center ( Chevron )","909-357-1167 I-10 Exit 61 ( Cherry N , 1 blkWon Valley )",) HRS 24 SOOO,Fontana,92335,Fontana Truck Stop Center ( Chevron ),909-357-1167,2006,Fontana,CA,Chevron,"( Cherry N , 1 blkWon Valley )",I-10 Exit 61 ,Exit,61,False,,False,I-10,,,,,"[641, 170]","[115, 116, 169, 170, 586, 587, 640, 641]","[115, 116, 161, 169, 170, 244, 303, 586, 587, 633, 640, 641, 761, 792]","[116, 118, 161, 169, 170, 174, 303, 587, 589, 633, 640, 641, 645, 761, 792]","[103, 104, 105, 106, 107, 108, 109, 110, 111, 112, 113, 114, 115, 116, 117, 118, 119, 120, 121, 122, 123, 124, 125, 126, 127, 128, 129, 130, 131, 132, 133, 134, 135, 136, 137, 138, 139, 140, 141, 142, 143, 144, 145, 146, 147, 148, 149, 150, 151, 152, 153, 154, 155, 156, 157, 158, 159, 160, 161, 162, 163, 164, 165, 166, 167, 168, 169, 170, 171, 172, 173, 174, 175, 176, 177, 178, 179, 180, 181, 182, 183, 184, 185, 186, 187, 188, 189, 190, 191, 192, 193, 194, 195, 196, 197, 198, 199, 200, 201, 202, 203, 204, 205, 206, 207, 208, 209, 210, 211, 212, 213, 214, 215, 216, 217, 218, 219, 220, 221, 222, 223, 224, 225, 226, 227, 228, 229, 230, 231, 232, 233, 234, 235, 236, 237, 238, 239, 240, 241, 242, 243, 244, 245, 246, 247, 248, 249, 250, 251, 252, 253, 254, 255, 256, 257, 258, 259, 260, 261, 262, 263, 264, 265, 266, 267, 268, 269, 270, 271, 272, 273, 274, 275, 276, 277, 278, 279, 280, 281, 282, 283, 284, 285, 286, 287, 288, 289, 290, 291, 292, 293, 294, 295, 296, 297, 298, 299, 300, 301, 302, 303, 304, 305, 306, 307, 308, 309, 310, 311, 312, 313, 314, 315, 316, 317, 318, 319, 320, 321, 322, 323, 324, 325, 326, 327, 328, 329, 330, 331, 332, 333, 334, 335, 336, 337, 574, 575, 576, 577, 578, 579, 580, 581, 582, 583, 584, 585, 586, 587, 588, 589, 590, 591, 592, 593, 594, 595, 596, 597, 598, 599, 600, 601, 602, 603, 604, 605, 606, 607, 608, 609, 610, 611, 612, 613, 614, 615, 616, 617, 618, 619, 620, 621, 622, 623, 624, 625, 626, 627, 628, 629, 630, 631, 632, 633, 634, 635, 636, 637, 638, 639, 640, 641, 642, 643, 644, 645, 646, 647, 648, 649, 650, 651, 652, 653, 654, 655, 656, 657, 658, 659, 660, 661, 662, 663, 664, 665, 666, 667, 668, 669, 670, 671, 672, 673, 674, 675, 676, 677, 678, 679, 680, 681, 682, 683, 684, 685, 686, 687, 688, 689, 690, 691, 692, 693, 694, 695, 696, 697, 698, 699, 700, 701, 702, 703, 704, 705, 706, 707, 708, 709, 710, 711, 712, 713, 714, 715, 716, 717, 718, 719, 720, 721, 722, 723, 724, 725, 726, 727, 728, 729, 730, 731, 732, 733, 734, 735, 736, 737, 738, 739, 740, 741, 742, 743, 744, 745, 746, 747, 748, 749, 750, 751, 752, 753, 754, 755, 756, 757, 758, 759, 760, 761, 762, 763, 764, 765, 766, 767, 768, 769, 770, 771, 772, 773, 774, 775, 776, 777, 778, 779, 780, 781, 782, 783, 784, 785, 786, 787, 788, 789, 790, 791, 792, 793]","[0, 5, 7, 10, 14, 19, 20, 22, 24, 32, 33, 34, 37, 38, 40, 44, 46, 48, 49, 51, 56, 61, 63, 65, 67, 68, 73, 74, 75, 76, 79, 81, 82, 83, 85, 87, 88, 92, 93, 95, 96, 99, 100, 101, 115, 116, 124, 134, 142, 161, 167, 169, 170, 186, 202, 240, 244, 254, 260, 267, 277, 300, 303, 307, 310, 322, 331, 376, 485, 491, 493, 495, 499, 503, 504, 506, 508, 515, 518, 519, 521, 524, 526, 528, 533, 537, 539, 542, 543, 547, 548, 549, 550, 551, 553, 554, 556, 558, 559, 563, 564, 566, 567, 570, 571, 572, 586, 587, 595, 605, 613, 633, 639, 640, 641, 657, 672, 704, 717, 726, 736, 759, 761, 765, 768, 780, 788, 792, 826]","[12, 24, 25, 28, 88, 100, 104, 119, 123, 129, 136, 137, 139, 140, 141, 148, 155, 169, 172, 179, 183, 185, 188, 196, 198, 217, 237, 267, 270, 278, 319, 321, 324, 325, 330, 334, 335, 354, 366, 369, 380, 383, 384, 386, 395, 407, 411, 423, 428, 436, 437, 452, 453, 456, 467, 471, 477, 478, 479, 497, 508, 511, 559, 571, 575, 590, 594, 600, 607, 608, 610, 611, 612, 619, 627, 640, 643, 650, 654, 656, 659, 667, 669, 685, 701, 726, 729, 737, 777, 779, 782, 783, 787, 790, 791, 809, 817, 819, 830, 833, 834, 836, 845, 856, 857, 860, 862, 875, 880, 887, 888, 899, 900, 914, 918, 921, 928, 929, 930]","[12, 24, 25, 28, 88, 100, 104, 119, 123, 129, 136, 137, 139, 140, 141, 148, 155, 169, 170, 172, 179, 183, 185, 188, 196, 198, 217, 237, 267, 270, 278, 319, 321, 324, 325, 330, 334, 335, 354, 366, 369, 380, 383, 384, 386, 395, 407, 411, 423, 428, 436, 437, 452, 453, 456, 467, 471, 477, 478, 479, 497, 508, 511, 559, 571, 575, 590, 594, 600, 607, 608, 610, 611, 612, 619, 627, 640, 641, 643, 650, 654, 656, 659, 667, 669, 685, 701, 726, 729, 737, 777, 779, 782, 783, 787, 790, 791, 809, 817, 819, 830, 833, 834, 836, 845, 856, 857, 860, 862, 875, 880, 887, 888, 899, 900, 914, 918, 921, 928, 929, 930]","[0, 5, 7, 10, 12, 14, 19, 20, 22, 24, 25, 28, 32, 33, 34, 37, 38, 40, 44, 46, 48, 49, 51, 56, 61, 63, 65, 67, 68, 73, 74, 75, 76, 79, 81, 82, 83, 85, 87, 88, 92, 93, 95, 96, 99, 100, 101, 103, 104, 105, 106, 107, 108, 109, 110, 111, 112, 113, 114, 115, 116, 117, 118, 119, 120, 121, 122, 123, 124, 125, 126, 127, 128, 129, 130, 131, 132, 133, 134, 135, 136, 137, 138, 139, 140, 141, 142, 143, 144, 145, 146, 147, 148, 149, 150, 151, 152, 153, 154, 155, 156, 157, 158, 159, 160, 161, 162, 163, 164, 165, 166, 167, 168, 169, 170, 171, 172, 173, 174, 175, 176, 177, 178, 179, 180, 181, 182, 183, 184, 185, 186, 187, 188, 189, 190, 191, 192, 193, 194, 195, 196, 197, 198, 199, 200, 201, 202, 203, 204, 205, 206, 207, 208, 209, 210, 211, 212, 213, 214, 215, 216, 217, 218, 219, 220, 221, 222, 223, 224, 225, 226, 227, 228, 229, 230, 231, 232, 233, 234, 235, 236, 237, 238, 239, 240, 241, 242, 243, 244, 245, 246, 247, 248, 249, 250, 251, 252, 253, 254, 255, 256, 257, 258, 259, 260, 261, 262, 263, 264, 265, 266, 267, 268, 269, 270, 271, 272, 273, 274, 275, 276, 277, 278, 279, 280, 281, 282, 283, 284, 285, 286, 287, 288, 289, 290, 291, 292, 293, 294, 295, 296, 297, 298, 299, 300, 301, 302, 303, 304, 305, 306, 307, 308, 309, 310, 311, 312, 313, 314, 315, 316, 317, 318, 319, 320, 321, 322, 323, 324, 325, 326, 327, 328, 329, 330, 331, 332, 333, 334, 335, 336, 337, 354, 366, 369, 376, 380, 383, 384, 386, 395, 407, 411, 423, 428, 436, 437, 452, 453, 456, 467, 471, 477, 478, 479, 485, 491, 493, 495, 497, 499, 503, 504, 506, 508, 511, 515, 518, 519, 521, 524, 526, 528, 533, 537, 539, 542, 543, 547, 548, 549, 550, 551, 553, 554, 556, 558, 559, 563, 564, 566, 567, 570, 571, 572, 574, 575, 576, 577, 578, 579, 580, 581, 582, 583, 584, 585, 586, 587, 588, 589, 590, 591, 592, 593, 594, 595, 596, 597, 598, 599, 600, 601, 602, 603, 604, 605, 606, 607, 608, 609, 610, 611, 612, 613, 614, 615, 616, 617, 618, 619, 620, 621, 622, 623, 624, 625, 626, 627, 628, 629, 630, 631, 632, 633, 634, 635, 636, 637, 638, 639, 640, 641, 642, 643, 644, 645, 646, 647, 648, 649, 650, 651, 652, 653, 654, 655, 656, 657, 658, 659, 660, 661, 662, 663, 664, 665, 666, 667, 668, 669, 670, 671, 672, 673, 674, 675, 676, 677, 678, 679, 680, 681, 682, 683, 684, 685, 686, 687, 688, 689, 690, 691, 692, 693, 694, 695, 696, 697, 698, 699, 700, 701, 702, 703, 704, 705, 706, 707, 708, 709, 710, 711, 712, 713, 714, 715, 716, 717, 718, 719, 720, 721, 722, 723, 724, 725, 726, 727, 728, 729, 730, 731, 732, 733, 734, 735, 736, 737, 738, 739, 740, 741, 742, 743, 744, 745, 746, 747, 748, 749, 750, 751, 752, 753, 754, 755, 756, 757, 758, 759, 760, 761, 762, 763, 764, 765, 766, 767, 768, 769, 770, 771, 772, 773, 774, 775, 776, 777, 778, 779, 780, 781, 782, 783, 784, 785, 786, 787, 788, 789, 790, 791, 792, 793, 809, 817, 819, 826, 830, 833, 834, 836, 845, 856, 857, 860, 862, 875, 880, 887, 888, 899, 900, 914, 918, 921, 928, 929, 930]",True,"[115, 116, 169, 170, 586, 587, 640, 641]","[103, 104, 105, 106, 107, 108, 109, 110, 111, 112, 113, 114, 115, 116, 117, 118, 119, 120, 121, 122, 123, 124, 125, 126, 127, 128, 129, 130, 131, 132, 133, 134, 135, 136, 137, 138, 139, 140, 141, 142, 143, 144, 145, 146, 147, 148, 149, 150, 151, 152, 153, 154, 155, 156, 157, 158, 159, 160, 161, 162, 163, 164, 165, 166, 167, 168, 169, 170, 171, 172, 173, 174, 175, 176, 177, 178, 179, 180, 181, 182, 183, 184, 185, 186, 187, 188, 189, 190, 191, 192, 193, 194, 195, 196, 197, 198, 199, 200, 201, 202, 203, 204, 205, 206, 207, 208, 209, 210, 211, 212, 213, 214, 215, 216, 217, 218, 219, 220, 221, 222, 223, 224, 225, 226, 227, 228, 229, 230, 231, 232, 233, 234, 235, 236, 237, 238, 239, 240, 241, 242, 243, 244, 245, 246, 247, 248, 249, 250, 251, 252, 253, 254, 255, 256, 257, 258, 259, 260, 261, 262, 263, 264, 265, 266, 267, 268, 269, 270, 271, 272, 273, 274, 275, 276, 277, 278, 279, 280, 281, 282, 283, 284, 285, 286, 287, 288, 289, 290, 291, 292, 293, 294, 295, 296, 297, 298, 299, 300, 301, 302, 303, 304, 305, 306, 307, 308, 309, 310, 311, 312, 313, 314, 315, 316, 317, 318, 319, 320, 321, 322, 323, 324, 325, 326, 327, 328, 329, 330, 331, 332, 333, 334, 335, 336, 337, 574, 575, 576, 577, 578, 579, 580, 581, 582, 583, 584, 585, 586, 587, 588, 589, 590, 591, 592, 593, 594, 595, 596, 597, 598, 599, 600, 601, 602, 603, 604, 605, 606, 607, 608, 609, 610, 611, 612, 613, 614, 615, 616, 617, 618, 619, 620, 621, 622, 623, 624, 625, 626, 627, 628, 629, 630, 631, 632, 633, 634, 635, 636, 637, 638, 639, 640, 641, 642, 643, 644, 645, 646, 647, 648, 649, 650, 651, 652, 653, 654, 655, 656, 657, 658, 659, 660, 661, 662, 663, 664, 665, 666, 667, 668, 669, 670, 671, 672, 673, 674, 675, 676, 677, 678, 679, 680, 681, 682, 683, 684, 685, 686, 687, 688, 689, 690, 691, 692, 693, 694, 695, 696, 697, 698, 699, 700, 701, 702, 703, 704, 705, 706, 707, 708, 709, 710, 711, 712, 713, 714, 715, 716, 717, 718, 719, 720, 721, 722, 723, 724, 725, 726, 727, 728, 729, 730, 731, 732, 733, 734, 735, 736, 737, 738, 739, 740, 741, 742, 743, 744, 745, 746, 747, 748, 749, 750, 751, 752, 753, 754, 755, 756, 757, 758, 759, 760, 761, 762, 763, 764, 765, 766, 767, 768, 769, 770, 771, 772, 773, 774, 775, 776, 777, 778, 779, 780, 781, 782, 783, 784, 785, 786, 787, 788, 789, 790, 791, 792, 793]","[115, 116, 161, 169, 170, 244, 303, 586, 587, 633, 640, 641, 761, 792]","[116, 118, 161, 169, 170, 174, 303, 587, 589, 633, 640, 641, 645, 761, 792]","[0, 5, 7, 10, 14, 19, 20, 22, 24, 32, 33, 34, 37, 38, 40, 44, 46, 48, 49, 51, 56, 61, 63, 65, 67, 68, 73, 74, 75, 76, 79, 81, 82, 83, 85, 87, 88, 92, 93, 95, 96, 99, 100, 101, 115, 116, 124, 134, 142, 161, 167, 169, 170, 186, 202, 240, 244, 254, 260, 267, 277, 300, 303, 307, 310, 322, 331, 376, 485, 491, 493, 495, 499, 503, 504, 506, 508, 515, 518, 519, 521, 524, 526, 528, 533, 537, 539, 542, 543, 547, 548, 549, 550, 551, 553, 554, 556, 558, 559, 563, 564, 566, 567, 570, 571, 572, 586, 587, 595, 605, 613, 633, 639, 640, 641, 657, 672, 704, 717, 726, 736, 759, 761, 765, 768, 780, 788, 792, 826]","[12, 24, 25, 28, 88, 100, 104, 119, 123, 129, 136, 137, 139, 140, 141, 148, 155, 169, 170, 172, 179, 183, 185, 188, 196, 198, 217, 237, 267, 270, 278, 319, 321, 324, 325, 330, 334, 335, 354, 366, 369, 380, 383, 384, 386, 395, 407, 411, 423, 428, 436, 437, 452, 453, 456, 467, 471, 477, 478, 479, 497, 508, 511, 559, 571, 575, 590, 594, 600, 607, 608, 610, 611, 612, 619, 627, 640, 641, 643, 650, 654, 656, 659, 667, 669, 685, 701, 726, 729, 737, 777, 779, 782, 783, 787, 790, 791, 809, 817, 819, 830, 833, 834, 836, 845, 856, 857, 860, 862, 875, 880, 887, 888, 899, 900, 914, 918, 921, 928, 929, 930]","[12, 24, 25, 28, 88, 100, 104, 119, 123, 129, 136, 137, 139, 140, 141, 148, 155, 169, 172, 179, 183, 185, 188, 196, 198, 217, 237, 267, 270, 278, 319, 321, 324, 325, 330, 334, 335, 354, 366, 369, 380, 383, 384, 386, 395, 407, 411, 423, 428, 436, 437, 452, 453, 456, 467, 471, 477, 478, 479, 497, 508, 511, 559, 571, 575, 590, 594, 600, 607, 608, 610, 611, 612, 619, 627, 640, 643, 650, 654, 656, 659, 667, 669, 685, 701, 726, 729, 737, 777, 779, 782, 783, 787, 790, 791, 809, 817, 819, 830, 833, 834, 836, 845, 856, 857, 860, 862, 875, 880, 887, 888, 899, 900, 914, 918, 921, 928, 929, 930]",7/6 successful match,True,[776],True,284,False,,,,,
"C Fontana , 92335 Fontana Truck Stop Center","909-357-1167 I-10 Exit 61 ( Cherry N , 1 blkWon Valley )",) HRS 24 HRS,Fontana,92335,Fontana Truck Stop Center,909-357-1167,2007,Fontana,CA,,"( Cherry N , 1 blkWon Valley )",I-10 Exit 61 ,Exit,61,False,,False,I-10,,,,,"[641, 170]","[115, 116, 169, 170, 586, 587, 640, 641]","[115, 116, 161, 169, 170, 244, 303, 586, 587, 633, 640, 641, 761, 792]","[116, 118, 161, 169, 170, 174, 303, 587, 589, 633, 640, 641, 645, 761, 792]","[103, 104, 105, 106, 107, 108, 109, 110, 111, 112, 113, 114, 115, 116, 117, 118, 119, 120, 121, 122, 123, 124, 125, 126, 127, 128, 129, 130, 131, 132, 133, 134, 135, 136, 137, 138, 139, 140, 141, 142, 143, 144, 145, 146, 147, 148, 149, 150, 151, 152, 153, 154, 155, 156, 157, 158, 159, 160, 161, 162, 163, 164, 165, 166, 167, 168, 169, 170, 171, 172, 173, 174, 175, 176, 177, 178, 179, 180, 181, 182, 183, 184, 185, 186, 187, 188, 189, 190, 191, 192, 193, 194, 195, 196, 197, 198, 199, 200, 201, 202, 203, 204, 205, 206, 207, 208, 209, 210, 211, 212, 213, 214, 215, 216, 217, 218, 219, 220, 221, 222, 223, 224, 225, 226, 227, 228, 229, 230, 231, 232, 233, 234, 235, 236, 237, 238, 239, 240, 241, 242, 243, 244, 245, 246, 247, 248, 249, 250, 251, 252, 253, 254, 255, 256, 257, 258, 259, 260, 261, 262, 263, 264, 265, 266, 267, 268, 269, 270, 271, 272, 273, 274, 275, 276, 277, 278, 279, 280, 281, 282, 283, 284, 285, 286, 287, 288, 289, 290, 291, 292, 293, 294, 295, 296, 297, 298, 299, 300, 301, 302, 303, 304, 305, 306, 307, 308, 309, 310, 311, 312, 313, 314, 315, 316, 317, 318, 319, 320, 321, 322, 323, 324, 325, 326, 327, 328, 329, 330, 331, 332, 333, 334, 335, 336, 337, 574, 575, 576, 577, 578, 579, 580, 581, 582, 583, 584, 585, 586, 587, 588, 589, 590, 591, 592, 593, 594, 595, 596, 597, 598, 599, 600, 601, 602, 603, 604, 605, 606, 607, 608, 609, 610, 611, 612, 613, 614, 615, 616, 617, 618, 619, 620, 621, 622, 623, 624, 625, 626, 627, 628, 629, 630, 631, 632, 633, 634, 635, 636, 637, 638, 639, 640, 641, 642, 643, 644, 645, 646, 647, 648, 649, 650, 651, 652, 653, 654, 655, 656, 657, 658, 659, 660, 661, 662, 663, 664, 665, 666, 667, 668, 669, 670, 671, 672, 673, 674, 675, 676, 677, 678, 679, 680, 681, 682, 683, 684, 685, 686, 687, 688, 689, 690, 691, 692, 693, 694, 695, 696, 697, 698, 699, 700, 701, 702, 703, 704, 705, 706, 707, 708, 709, 710, 711, 712, 713, 714, 715, 716, 717, 718, 719, 720, 721, 722, 723, 724, 725, 726, 727, 728, 729, 730, 731, 732, 733, 734, 735, 736, 737, 738, 739, 740, 741, 742, 743, 744, 745, 746, 747, 748, 749, 750, 751, 752, 753, 754, 755, 756, 757, 758, 759, 760, 761, 762, 763, 764, 765, 766, 767, 768, 769, 770, 771, 772, 773, 774, 775, 776, 777, 778, 779, 780, 781, 782, 783, 784, 785, 786, 787, 788, 789, 790, 791, 792, 793]","[0, 5, 7, 10, 14, 19, 20, 22, 24, 32, 33, 34, 37, 38, 40, 44, 46, 48, 49, 51, 56, 61, 63, 65, 67, 68, 73, 74, 75, 76, 79, 81, 82, 83, 85, 87, 88, 92, 93, 95, 96, 99, 100, 101, 115, 116, 124, 134, 142, 161, 167, 169, 170, 186, 202, 240, 244, 254, 260, 267, 277, 300, 303, 307, 310, 322, 331, 376, 485, 491, 493, 495, 499, 503, 504, 506, 508, 515, 518, 519, 521, 524, 526, 528, 533, 537, 539, 542, 543, 547, 548, 549, 550, 551, 553, 554, 556, 558, 559, 563, 564, 566, 567, 570, 571, 572, 586, 587, 595, 605, 613, 633, 639, 640, 641, 657, 672, 704, 717, 726, 736, 759, 761, 765, 768, 780, 788, 792, 826]",[],"[169, 170, 640, 641]","[0, 5, 7, 10, 14, 19, 20, 22, 24, 32, 33, 34, 37, 38, 40, 44, 46, 48, 49, 51, 56, 61, 63, 65, 67, 68, 73, 74, 75, 76, 79, 81, 82, 83, 85, 87, 88, 92, 93, 95, 96, 99, 100, 101, 103, 104, 105, 106, 107, 108, 109, 110, 111, 112, 113, 114, 115, 116, 117, 118, 119, 120, 121, 122, 123, 124, 125, 126, 127, 128, 129, 130, 131, 132, 133, 134, 135, 136, 137, 138, 139, 140, 141, 142, 143, 144, 145, 146, 147, 148, 149, 150, 151, 152, 153, 154, 155, 156, 157, 158, 159, 160, 161, 162, 163, 164, 165, 166, 167, 168, 169, 170, 171, 172, 173, 174, 175, 176, 177, 178, 179, 180, 181, 182, 183, 184, 185, 186, 187, 188, 189, 190, 191, 192, 193, 194, 195, 196, 197, 198, 199, 200, 201, 202, 203, 204, 205, 206, 207, 208, 209, 210, 211, 212, 213, 214, 215, 216, 217, 218, 219, 220, 221, 222, 223, 224, 225, 226, 227, 228, 229, 230, 231, 232, 233, 234, 235, 236, 237, 238, 239, 240, 241, 242, 243, 244, 245, 246, 247, 248, 249, 250, 251, 252, 253, 254, 255, 256, 257, 258, 259, 260, 261, 262, 263, 264, 265, 266, 267, 268, 269, 270, 271, 272, 273, 274, 275, 276, 277, 278, 279, 280, 281, 282, 283, 284, 285, 286, 287, 288, 289, 290, 291, 292, 293, 294, 295, 296, 297, 298, 299, 300, 301, 302, 303, 304, 305, 306, 307, 308, 309, 310, 311, 312, 313, 314, 315, 316, 317, 318, 319, 320, 321, 322, 323, 324, 325, 326, 327, 328, 329, 330, 331, 332, 333, 334, 335, 336, 337, 376, 485, 491, 493, 495, 499, 503, 504, 506, 508, 515, 518, 519, 521, 524, 526, 528, 533, 537, 539, 542, 543, 547, 548, 549, 550, 551, 553, 554, 556, 558, 559, 563, 564, 566, 567, 570, 571, 572, 574, 575, 576, 577, 578, 579, 580, 581, 582, 583, 584, 585, 586, 587, 588, 589, 590, 591, 592, 593, 594, 595, 596, 597, 598, 599, 600, 601, 602, 603, 604, 605, 606, 607, 608, 609, 610, 611, 612, 613, 614, 615, 616, 617, 618, 619, 620, 621, 622, 623, 624, 625, 626, 627, 628, 629, 630, 631, 632, 633, 634, 635, 636, 637, 638, 639, 640, 641, 642, 643, 644, 645, 646, 647, 648, 649, 650, 651, 652, 653, 654, 655, 656, 657, 658, 659, 660, 661, 662, 663, 664, 665, 666, 667, 668, 669, 670, 671, 672, 673, 674, 675, 676, 677, 678, 679, 680, 681, 682, 683, 684, 685, 686, 687, 688, 689, 690, 691, 692, 693, 694, 695, 696, 697, 698, 699, 700, 701, 702, 703, 704, 705, 706, 707, 708, 709, 710, 711, 712, 713, 714, 715, 716, 717, 718, 719, 720, 721, 722, 723, 724, 725, 726, 727, 728, 729, 730, 731, 732, 733, 734, 735, 736, 737, 738, 739, 740, 741, 742, 743, 744, 745, 746, 747, 748, 749, 750, 751, 752, 753, 754, 755, 756, 757, 758, 759, 760, 761, 762, 763, 764, 765, 766, 767, 768, 769, 770, 771, 772, 773, 774, 775, 776, 777, 778, 779, 780, 781, 782, 783, 784, 785, 786, 787, 788, 789, 790, 791, 792, 793, 826]",True,"[115, 116, 169, 170, 586, 587, 640, 641]","[103, 104, 105, 106, 107, 108, 109, 110, 111, 112, 113, 114, 115, 116, 117, 118, 119, 120, 121, 122, 123, 124, 125, 126, 127, 128, 129, 130, 131, 132, 133, 134, 135, 136, 137, 138, 139, 140, 141, 142, 143, 144, 145, 146, 147, 148, 149, 150, 151, 152, 153, 154, 155, 156, 157, 158, 159, 160, 161, 162, 163, 164, 165, 166, 167, 168, 169, 170, 171, 172, 173, 174, 175, 176, 177, 178, 179, 180, 181, 182, 183, 184, 185, 186, 187, 188, 189, 190, 191, 192, 193, 194, 195, 196, 197, 198, 199, 200, 201, 202, 203, 204, 205, 206, 207, 208, 209, 210, 211, 212, 213, 214, 215, 216, 217, 218, 219, 220, 221, 222, 223, 224, 225, 226, 227, 228, 229, 230, 231, 232, 233, 234, 235, 236, 237, 238, 239, 240, 241, 242, 243, 244, 245, 246, 247, 248, 249, 250, 251, 252, 253, 254, 255, 256, 257, 258, 259, 260, 261, 262, 263, 264, 265, 266, 267, 268, 269, 270, 271, 272, 273, 274, 275, 276, 277, 278, 279, 280, 281, 282, 283, 284, 285, 286, 287, 288, 289, 290, 291, 292, 293, 294, 295, 296, 297, 298, 299, 300, 301, 302, 303, 304, 305, 306, 307, 308, 309, 310, 311, 312, 313, 314, 315, 316, 317, 318, 319, 320, 321, 322, 323, 324, 325, 326, 327, 328, 329, 330, 331, 332, 333, 334, 335, 336, 337, 574, 575, 576, 577, 578, 579, 580, 581, 582, 583, 584, 585, 586, 587, 588, 589, 590, 591, 592, 593, 594, 595, 596, 597, 598, 599, 600, 601, 602, 603, 604, 605, 606, 607, 608, 609, 610, 611, 612, 613, 614, 615, 616, 617, 618, 619, 620, 621, 622, 623, 624, 625, 626, 627, 628, 629, 630, 631, 632, 633, 634, 635, 636, 637, 638, 639, 640, 641, 642, 643, 644, 645, 646, 647, 648, 649, 650, 651, 652, 653, 654, 655, 656, 657, 658, 659, 660, 661, 662, 663, 664, 665, 666, 667, 668, 669, 670, 671, 672, 673, 674, 675, 676, 677, 678, 679, 680, 681, 682, 683, 684, 685, 686, 687, 688, 689, 690, 691, 692, 693, 694, 695, 696, 697, 698, 699, 700, 701, 702, 703, 704, 705, 706, 707, 708, 709, 710, 711, 712, 713, 714, 715, 716, 717, 718, 719, 720, 721, 722, 723, 724, 725, 726, 727, 728, 729, 730, 731, 732, 733, 734, 735, 736, 737, 738, 739, 740, 741, 742, 743, 744, 745, 746, 747, 748, 749, 750, 751, 752, 753, 754, 755, 756, 757, 758, 759, 760, 761, 762, 763, 764, 765, 766, 767, 768, 769, 770, 771, 772, 773, 774, 775, 776, 777, 778, 779, 780, 781, 782, 783, 784, 785, 786, 787, 788, 789, 790, 791, 792, 793]","[115, 116, 161, 169, 170, 244, 303, 586, 587, 633, 640, 641, 761, 792]","[116, 118, 161, 169, 170, 174, 303, 587, 589, 633, 640, 641, 645, 761, 792]","[0, 5, 7, 10, 14, 19, 20, 22, 24, 32, 33, 34, 37, 38, 40, 44, 46, 48, 49, 51, 56, 61, 63, 65, 67, 68, 73, 74, 75, 76, 79, 81, 82, 83, 85, 87, 88, 92, 93, 95, 96, 99, 100, 101, 115, 116, 124, 134, 142, 161, 167, 169, 170, 186, 202, 240, 244, 254, 260, 267, 277, 300, 303, 307, 310, 322, 331, 376, 485, 491, 493, 495, 499, 503, 504, 506, 508, 515, 518, 519, 521, 524, 526, 528, 533, 537, 539, 542, 543, 547, 548, 549, 550, 551, 553, 554, 556, 558, 559, 563, 564, 566, 567, 570, 571, 572, 586, 587, 595, 605, 613, 633, 639, 640, 641, 657, 672, 704, 717, 726, 736, 759, 761, 765, 768, 780, 788, 792, 826]","[169, 170, 640, 641]",[],7/6 successful match,True,[776],True,284,False,,1.0,True,Fontana Truck Stop Center ( Chevron ),Chevron
"Fontana , 92335 Fontana Truck Stop","909-357-1167 I-10 Exit 61 ( N , 1 blk W on Valley )",24 HRS S 24 m,Fontana,92335,Fontana Truck Stop,909-357-1167,2008,Fontana,CA,,"( N , 1 blk W on Valley )",I-10 Exit 61 ,Exit,61,False,,False,I-10,,,,,"[641, 170]","[115, 116, 169, 170, 586, 587, 640, 641]","[115, 116, 161, 169, 170, 244, 303, 586, 587, 633, 640, 641, 761, 792]","[116, 118, 161, 169, 170, 174, 303, 587, 589, 633, 640, 641, 645, 761, 792]","[103, 104, 105, 106, 107, 108, 109, 110, 111, 112, 113, 114, 115, 116, 117, 118, 119, 120, 121, 122, 123, 124, 125, 126, 127, 128, 129, 130, 131, 132, 133, 134, 135, 136, 137, 138, 139, 140, 141, 142, 143, 144, 145, 146, 147, 148, 149, 150, 151, 152, 153, 154, 155, 156, 157, 158, 159, 160, 161, 162, 163, 164, 165, 166, 167, 168, 169, 170, 171, 172, 173, 174, 175, 176, 177, 178, 179, 180, 181, 182, 183, 184, 185, 186, 187, 188, 189, 190, 191, 192, 193, 194, 195, 196, 197, 198, 199, 200, 201, 202, 203, 204, 205, 206, 207, 208, 209, 210, 211, 212, 213, 214, 215, 216, 217, 218, 219, 220, 221, 222, 223, 224, 225, 226, 227, 228, 229, 230, 231, 232, 233, 234, 235, 236, 237, 238, 239, 240, 241, 242, 243, 244, 245, 246, 247, 248, 249, 250, 251, 252, 253, 254, 255, 256, 257, 258, 259, 260, 261, 262, 263, 264, 265, 266, 267, 268, 269, 270, 271, 272, 273, 274, 275, 276, 277, 278, 279, 280, 281, 282, 283, 284, 285, 286, 287, 288, 289, 290, 291, 292, 293, 294, 295, 296, 297, 298, 299, 300, 301, 302, 303, 304, 305, 306, 307, 308, 309, 310, 311, 312, 313, 314, 315, 316, 317, 318, 319, 320, 321, 322, 323, 324, 325, 326, 327, 328, 329, 330, 331, 332, 333, 334, 335, 336, 337, 574, 575, 576, 577, 578, 579, 580, 581, 582, 583, 584, 585, 586, 587, 588, 589, 590, 591, 592, 593, 594, 595, 596, 597, 598, 599, 600, 601, 602, 603, 604, 605, 606, 607, 608, 609, 610, 611, 612, 613, 614, 615, 616, 617, 618, 619, 620, 621, 622, 623, 624, 625, 626, 627, 628, 629, 630, 631, 632, 633, 634, 635, 636, 637, 638, 639, 640, 641, 642, 643, 644, 645, 646, 647, 648, 649, 650, 651, 652, 653, 654, 655, 656, 657, 658, 659, 660, 661, 662, 663, 664, 665, 666, 667, 668, 669, 670, 671, 672, 673, 674, 675, 676, 677, 678, 679, 680, 681, 682, 683, 684, 685, 686, 687, 688, 689, 690, 691, 692, 693, 694, 695, 696, 697, 698, 699, 700, 701, 702, 703, 704, 705, 706, 707, 708, 709, 710, 711, 712, 713, 714, 715, 716, 717, 718, 719, 720, 721, 722, 723, 724, 725, 726, 727, 728, 729, 730, 731, 732, 733, 734, 735, 736, 737, 738, 739, 740, 741, 742, 743, 744, 745, 746, 747, 748, 749, 750, 751, 752, 753, 754, 755, 756, 757, 758, 759, 760, 761, 762, 763, 764, 765, 766, 767, 768, 769, 770, 771, 772, 773, 774, 775, 776, 777, 778, 779, 780, 781, 782, 783, 784, 785, 786, 787, 788, 789, 790, 791, 792, 793]","[0, 5, 7, 10, 14, 19, 20, 22, 24, 32, 33, 34, 37, 38, 40, 44, 46, 48, 49, 51, 56, 61, 63, 65, 67, 68, 73, 74, 75, 76, 79, 81, 82, 83, 85, 87, 88, 92, 93, 95, 96, 99, 100, 101, 115, 116, 124, 134, 142, 161, 167, 169, 170, 186, 202, 240, 244, 254, 260, 267, 277, 300, 303, 307, 310, 322, 331, 376, 485, 491, 493, 495, 499, 503, 504, 506, 508, 515, 518, 519, 521, 524, 526, 528, 533, 537, 539, 542, 543, 547, 548, 549, 550, 551, 553, 554, 556, 558, 559, 563, 564, 566, 567, 570, 571, 572, 586, 587, 595, 605, 613, 633, 639, 640, 641, 657, 672, 704, 717, 726, 736, 759, 761, 765, 768, 780, 788, 792, 826]",[],"[169, 170, 640, 641]","[0, 5, 7, 10, 14, 19, 20, 22, 24, 32, 33, 34, 37, 38, 40, 44, 46, 48, 49, 51, 56, 61, 63, 65, 67, 68, 73, 74, 75, 76, 79, 81, 82, 83, 85, 87, 88, 92, 93, 95, 96, 99, 100, 101, 103, 104, 105, 106, 107, 108, 109, 110, 111, 112, 113, 114, 115, 116, 117, 118, 119, 120, 121, 122, 123, 124, 125, 126, 127, 128, 129, 130, 131, 132, 133, 134, 135, 136, 137, 138, 139, 140, 141, 142, 143, 144, 145, 146, 147, 148, 149, 150, 151, 152, 153, 154, 155, 156, 157, 158, 159, 160, 161, 162, 163, 164, 165, 166, 167, 168, 169, 170, 171, 172, 173, 174, 175, 176, 177, 178, 179, 180, 181, 182, 183, 184, 185, 186, 187, 188, 189, 190, 191, 192, 193, 194, 195, 196, 197, 198, 199, 200, 201, 202, 203, 204, 205, 206, 207, 208, 209, 210, 211, 212, 213, 214, 215, 216, 217, 218, 219, 220, 221, 222, 223, 224, 225, 226, 227, 228, 229, 230, 231, 232, 233, 234, 235, 236, 237, 238, 239, 240, 241, 242, 243, 244, 245, 246, 247, 248, 249, 250, 251, 252, 253, 254, 255, 256, 257, 258, 259, 260, 261, 262, 263, 264, 265, 266, 267, 268, 269, 270, 271, 272, 273, 274, 275, 276, 277, 278, 279, 280, 281, 282, 283, 284, 285, 286, 287, 288, 289, 290, 291, 292, 293, 294, 295, 296, 297, 298, 299, 300, 301, 302, 303, 304, 305, 306, 307, 308, 309, 310, 311, 312, 313, 314, 315, 316, 317, 318, 319, 320, 321, 322, 323, 324, 325, 326, 327, 328, 329, 330, 331, 332, 333, 334, 335, 336, 337, 376, 485, 491, 493, 495, 499, 503, 504, 506, 508, 515, 518, 519, 521, 524, 526, 528, 533, 537, 539, 542, 543, 547, 548, 549, 550, 551, 553, 554, 556, 558, 559, 563, 564, 566, 567, 570, 571, 572, 574, 575, 576, 577, 578, 579, 580, 581, 582, 583, 584, 585, 586, 587, 588, 589, 590, 591, 592, 593, 594, 595, 596, 597, 598, 599, 600, 601, 602, 603, 604, 605, 606, 607, 608, 609, 610, 611, 612, 613, 614, 615, 616, 617, 618, 619, 620, 621, 622, 623, 624, 625, 626, 627, 628, 629, 630, 631, 632, 633, 634, 635, 636, 637, 638, 639, 640, 641, 642, 643, 644, 645, 646, 647, 648, 649, 650, 651, 652, 653, 654, 655, 656, 657, 658, 659, 660, 661, 662, 663, 664, 665, 666, 667, 668, 669, 670, 671, 672, 673, 674, 675, 676, 677, 678, 679, 680, 681, 682, 683, 684, 685, 686, 687, 688, 689, 690, 691, 692, 693, 694, 695, 696, 697, 698, 699, 700, 701, 702, 703, 704, 705, 706, 707, 708, 709, 710, 711, 712, 713, 714, 715, 716, 717, 718, 719, 720, 721, 722, 723, 724, 725, 726, 727, 728, 729, 730, 731, 732, 733, 734, 735, 736, 737, 738, 739, 740, 741, 742, 743, 744, 745, 746, 747, 748, 749, 750, 751, 752, 753, 754, 755, 756, 757, 758, 759, 760, 761, 762, 763, 764, 765, 766, 767, 768, 769, 770, 771, 772, 773, 774, 775, 776, 777, 778, 779, 780, 781, 782, 783, 784, 785, 786, 787, 788, 789, 790, 791, 792, 793, 826]",True,"[115, 116, 169, 170, 586, 587, 640, 641]","[103, 104, 105, 106, 107, 108, 109, 110, 111, 112, 113, 114, 115, 116, 117, 118, 119, 120, 121, 122, 123, 124, 125, 126, 127, 128, 129, 130, 131, 132, 133, 134, 135, 136, 137, 138, 139, 140, 141, 142, 143, 144, 145, 146, 147, 148, 149, 150, 151, 152, 153, 154, 155, 156, 157, 158, 159, 160, 161, 162, 163, 164, 165, 166, 167, 168, 169, 170, 171, 172, 173, 174, 175, 176, 177, 178, 179, 180, 181, 182, 183, 184, 185, 186, 187, 188, 189, 190, 191, 192, 193, 194, 195, 196, 197, 198, 199, 200, 201, 202, 203, 204, 205, 206, 207, 208, 209, 210, 211, 212, 213, 214, 215, 216, 217, 218, 219, 220, 221, 222, 223, 224, 225, 226, 227, 228, 229, 230, 231, 232, 233, 234, 235, 236, 237, 238, 239, 240, 241, 242, 243, 244, 245, 246, 247, 248, 249, 250, 251, 252, 253, 254, 255, 256, 257, 258, 259, 260, 261, 262, 263, 264, 265, 266, 267, 268, 269, 270, 271, 272, 273, 274, 275, 276, 277, 278, 279, 280, 281, 282, 283, 284, 285, 286, 287, 288, 289, 290, 291, 292, 293, 294, 295, 296, 297, 298, 299, 300, 301, 302, 303, 304, 305, 306, 307, 308, 309, 310, 311, 312, 313, 314, 315, 316, 317, 318, 319, 320, 321, 322, 323, 324, 325, 326, 327, 328, 329, 330, 331, 332, 333, 334, 335, 336, 337, 574, 575, 576, 577, 578, 579, 580, 581, 582, 583, 584, 585, 586, 587, 588, 589, 590, 591, 592, 593, 594, 595, 596, 597, 598, 599, 600, 601, 602, 603, 604, 605, 606, 607, 608, 609, 610, 611, 612, 613, 614, 615, 616, 617, 618, 619, 620, 621, 622, 623, 624, 625, 626, 627, 628, 629, 630, 631, 632, 633, 634, 635, 636, 637, 638, 639, 640, 641, 642, 643, 644, 645, 646, 647, 648, 649, 650, 651, 652, 653, 654, 655, 656, 657, 658, 659, 660, 661, 662, 663, 664, 665, 666, 667, 668, 669, 670, 671, 672, 673, 674, 675, 676, 677, 678, 679, 680, 681, 682, 683, 684, 685, 686, 687, 688, 689, 690, 691, 692, 693, 694, 695, 696, 697, 698, 699, 700, 701, 702, 703, 704, 705, 706, 707, 708, 709, 710, 711, 712, 713, 714, 715, 716, 717, 718, 719, 720, 721, 722, 723, 724, 725, 726, 727, 728, 729, 730, 731, 732, 733, 734, 735, 736, 737, 738, 739, 740, 741, 742, 743, 744, 745, 746, 747, 748, 749, 750, 751, 752, 753, 754, 755, 756, 757, 758, 759, 760, 761, 762, 763, 764, 765, 766, 767, 768, 769, 770, 771, 772, 773, 774, 775, 776, 777, 778, 779, 780, 781, 782, 783, 784, 785, 786, 787, 788, 789, 790, 791, 792, 793]","[115, 116, 161, 169, 170, 244, 303, 586, 587, 633, 640, 641, 761, 792]","[116, 118, 161, 169, 170, 174, 303, 587, 589, 633, 640, 641, 645, 761, 792]","[0, 5, 7, 10, 14, 19, 20, 22, 24, 32, 33, 34, 37, 38, 40, 44, 46, 48, 49, 51, 56, 61, 63, 65, 67, 68, 73, 74, 75, 76, 79, 81, 82, 83, 85, 87, 88, 92, 93, 95, 96, 99, 100, 101, 115, 116, 124, 134, 142, 161, 167, 169, 170, 186, 202, 240, 244, 254, 260, 267, 277, 300, 303, 307, 310, 322, 331, 376, 485, 491, 493, 495, 499, 503, 504, 506, 508, 515, 518, 519, 521, 524, 526, 528, 533, 537, 539, 542, 543, 547, 548, 549, 550, 551, 553, 554, 556, 558, 559, 563, 564, 566, 567, 570, 571, 572, 586, 587, 595, 605, 613, 633, 639, 640, 641, 657, 672, 704, 717, 726, 736, 759, 761, 765, 768, 780, 788, 792, 826]","[169, 170, 640, 641]",[],7/6 successful match,True,[776],True,284,False,,0.6511627906976745,True,Fontana Truck Stop Center,
Fontana ( 92335 ) Fontana Truck Stop,"7 909-357-1167 I-10 Exit 61 ( N , 1 blk W on Valley )",24 m S O <U+25A1>,Fontana,92335,Fontana Truck Stop,909-357-1167,2014,Fontana,CA,,"( N , 1 blk W on Valley )",I-10 Exit 61 ,Exit,61,False,,False,I-10,,,,,"[641, 170]","[115, 116, 169, 170, 586, 587, 640, 641]","[115, 116, 161, 169, 170, 244, 303, 586, 587, 633, 640, 641, 761, 792]","[116, 118, 161, 169, 170, 174, 303, 587, 589, 633, 640, 641, 645, 761, 792]","[103, 104, 105, 106, 107, 108, 109, 110, 111, 112, 113, 114, 115, 116, 117, 118, 119, 120, 121, 122, 123, 124, 125, 126, 127, 128, 129, 130, 131, 132, 133, 134, 135, 136, 137, 138, 139, 140, 141, 142, 143, 144, 145, 146, 147, 148, 149, 150, 151, 152, 153, 154, 155, 156, 157, 158, 159, 160, 161, 162, 163, 164, 165, 166, 167, 168, 169, 170, 171, 172, 173, 174, 175, 176, 177, 178, 179, 180, 181, 182, 183, 184, 185, 186, 187, 188, 189, 190, 191, 192, 193, 194, 195, 196, 197, 198, 199, 200, 201, 202, 203, 204, 205, 206, 207, 208, 209, 210, 211, 212, 213, 214, 215, 216, 217, 218, 219, 220, 221, 222, 223, 224, 225, 226, 227, 228, 229, 230, 231, 232, 233, 234, 235, 236, 237, 238, 239, 240, 241, 242, 243, 244, 245, 246, 247, 248, 249, 250, 251, 252, 253, 254, 255, 256, 257, 258, 259, 260, 261, 262, 263, 264, 265, 266, 267, 268, 269, 270, 271, 272, 273, 274, 275, 276, 277, 278, 279, 280, 281, 282, 283, 284, 285, 286, 287, 288, 289, 290, 291, 292, 293, 294, 295, 296, 297, 298, 299, 300, 301, 302, 303, 304, 305, 306, 307, 308, 309, 310, 311, 312, 313, 314, 315, 316, 317, 318, 319, 320, 321, 322, 323, 324, 325, 326, 327, 328, 329, 330, 331, 332, 333, 334, 335, 336, 337, 574, 575, 576, 577, 578, 579, 580, 581, 582, 583, 584, 585, 586, 587, 588, 589, 590, 591, 592, 593, 594, 595, 596, 597, 598, 599, 600, 601, 602, 603, 604, 605, 606, 607, 608, 609, 610, 611, 612, 613, 614, 615, 616, 617, 618, 619, 620, 621, 622, 623, 624, 625, 626, 627, 628, 629, 630, 631, 632, 633, 634, 635, 636, 637, 638, 639, 640, 641, 642, 643, 644, 645, 646, 647, 648, 649, 650, 651, 652, 653, 654, 655, 656, 657, 658, 659, 660, 661, 662, 663, 664, 665, 666, 667, 668, 669, 670, 671, 672, 673, 674, 675, 676, 677, 678, 679, 680, 681, 682, 683, 684, 685, 686, 687, 688, 689, 690, 691, 692, 693, 694, 695, 696, 697, 698, 699, 700, 701, 702, 703, 704, 705, 706, 707, 708, 709, 710, 711, 712, 713, 714, 715, 716, 717, 718, 719, 720, 721, 722, 723, 724, 725, 726, 727, 728, 729, 730, 731, 732, 733, 734, 735, 736, 737, 738, 739, 740, 741, 742, 743, 744, 745, 746, 747, 748, 749, 750, 751, 752, 753, 754, 755, 756, 757, 758, 759, 760, 761, 762, 763, 764, 765, 766, 767, 768, 769, 770, 771, 772, 773, 774, 775, 776, 777, 778, 779, 780, 781, 782, 783, 784, 785, 786, 787, 788, 789, 790, 791, 792, 793]","[0, 5, 7, 10, 14, 19, 20, 22, 24, 32, 33, 34, 37, 38, 40, 44, 46, 48, 49, 51, 56, 61, 63, 65, 67, 68, 73, 74, 75, 76, 79, 81, 82, 83, 85, 87, 88, 92, 93, 95, 96, 99, 100, 101, 115, 116, 124, 134, 142, 161, 167, 169, 170, 186, 202, 240, 244, 254, 260, 267, 277, 300, 303, 307, 310, 322, 331, 376, 485, 491, 493, 495, 499, 503, 504, 506, 508, 515, 518, 519, 521, 524, 526, 528, 533, 537, 539, 542, 543, 547, 548, 549, 550, 551, 553, 554, 556, 558, 559, 563, 564, 566, 567, 570, 571, 572, 586, 587, 595, 605, 613, 633, 639, 640, 641, 657, 672, 704, 717, 726, 736, 759, 761, 765, 768, 780, 788, 792, 826]",[],"[169, 170, 640, 641]","[0, 5, 7, 10, 14, 19, 20, 22, 24, 32, 33, 34, 37, 38, 40, 44, 46, 48, 49, 51, 56, 61, 63, 65, 67, 68, 73, 74, 75, 76, 79, 81, 82, 83, 85, 87, 88, 92, 93, 95, 96, 99, 100, 101, 103, 104, 105, 106, 107, 108, 109, 110, 111, 112, 113, 114, 115, 116, 117, 118, 119, 120, 121, 122, 123, 124, 125, 126, 127, 128, 129, 130, 131, 132, 133, 134, 135, 136, 137, 138, 139, 140, 141, 142, 143, 144, 145, 146, 147, 148, 149, 150, 151, 152, 153, 154, 155, 156, 157, 158, 159, 160, 161, 162, 163, 164, 165, 166, 167, 168, 169, 170, 171, 172, 173, 174, 175, 176, 177, 178, 179, 180, 181, 182, 183, 184, 185, 186, 187, 188, 189, 190, 191, 192, 193, 194, 195, 196, 197, 198, 199, 200, 201, 202, 203, 204, 205, 206, 207, 208, 209, 210, 211, 212, 213, 214, 215, 216, 217, 218, 219, 220, 221, 222, 223, 224, 225, 226, 227, 228, 229, 230, 231, 232, 233, 234, 235, 236, 237, 238, 239, 240, 241, 242, 243, 244, 245, 246, 247, 248, 249, 250, 251, 252, 253, 254, 255, 256, 257, 258, 259, 260, 261, 262, 263, 264, 265, 266, 267, 268, 269, 270, 271, 272, 273, 274, 275, 276, 277, 278, 279, 280, 281, 282, 283, 284, 285, 286, 287, 288, 289, 290, 291, 292, 293, 294, 295, 296, 297, 298, 299, 300, 301, 302, 303, 304, 305, 306, 307, 308, 309, 310, 311, 312, 313, 314, 315, 316, 317, 318, 319, 320, 321, 322, 323, 324, 325, 326, 327, 328, 329, 330, 331, 332, 333, 334, 335, 336, 337, 376, 485, 491, 493, 495, 499, 503, 504, 506, 508, 515, 518, 519, 521, 524, 526, 528, 533, 537, 539, 542, 543, 547, 548, 549, 550, 551, 553, 554, 556, 558, 559, 563, 564, 566, 567, 570, 571, 572, 574, 575, 576, 577, 578, 579, 580, 581, 582, 583, 584, 585, 586, 587, 588, 589, 590, 591, 592, 593, 594, 595, 596, 597, 598, 599, 600, 601, 602, 603, 604, 605, 606, 607, 608, 609, 610, 611, 612, 613, 614, 615, 616, 617, 618, 619, 620, 621, 622, 623, 624, 625, 626, 627, 628, 629, 630, 631, 632, 633, 634, 635, 636, 637, 638, 639, 640, 641, 642, 643, 644, 645, 646, 647, 648, 649, 650, 651, 652, 653, 654, 655, 656, 657, 658, 659, 660, 661, 662, 663, 664, 665, 666, 667, 668, 669, 670, 671, 672, 673, 674, 675, 676, 677, 678, 679, 680, 681, 682, 683, 684, 685, 686, 687, 688, 689, 690, 691, 692, 693, 694, 695, 696, 697, 698, 699, 700, 701, 702, 703, 704, 705, 706, 707, 708, 709, 710, 711, 712, 713, 714, 715, 716, 717, 718, 719, 720, 721, 722, 723, 724, 725, 726, 727, 728, 729, 730, 731, 732, 733, 734, 735, 736, 737, 738, 739, 740, 741, 742, 743, 744, 745, 746, 747, 748, 749, 750, 751, 752, 753, 754, 755, 756, 757, 758, 759, 760, 761, 762, 763, 764, 765, 766, 767, 768, 769, 770, 771, 772, 773, 774, 775, 776, 777, 778, 779, 780, 781, 782, 783, 784, 785, 786, 787, 788, 789, 790, 791, 792, 793, 826]",True,"[115, 116, 169, 170, 586, 587, 640, 641]","[103, 104, 105, 106, 107, 108, 109, 110, 111, 112, 113, 114, 115, 116, 117, 118, 119, 120, 121, 122, 123, 124, 125, 126, 127, 128, 129, 130, 131, 132, 133, 134, 135, 136, 137, 138, 139, 140, 141, 142, 143, 144, 145, 146, 147, 148, 149, 150, 151, 152, 153, 154, 155, 156, 157, 158, 159, 160, 161, 162, 163, 164, 165, 166, 167, 168, 169, 170, 171, 172, 173, 174, 175, 176, 177, 178, 179, 180, 181, 182, 183, 184, 185, 186, 187, 188, 189, 190, 191, 192, 193, 194, 195, 196, 197, 198, 199, 200, 201, 202, 203, 204, 205, 206, 207, 208, 209, 210, 211, 212, 213, 214, 215, 216, 217, 218, 219, 220, 221, 222, 223, 224, 225, 226, 227, 228, 229, 230, 231, 232, 233, 234, 235, 236, 237, 238, 239, 240, 241, 242, 243, 244, 245, 246, 247, 248, 249, 250, 251, 252, 253, 254, 255, 256, 257, 258, 259, 260, 261, 262, 263, 264, 265, 266, 267, 268, 269, 270, 271, 272, 273, 274, 275, 276, 277, 278, 279, 280, 281, 282, 283, 284, 285, 286, 287, 288, 289, 290, 291, 292, 293, 294, 295, 296, 297, 298, 299, 300, 301, 302, 303, 304, 305, 306, 307, 308, 309, 310, 311, 312, 313, 314, 315, 316, 317, 318, 319, 320, 321, 322, 323, 324, 325, 326, 327, 328, 329, 330, 331, 332, 333, 334, 335, 336, 337, 574, 575, 576, 577, 578, 579, 580, 581, 582, 583, 584, 585, 586, 587, 588, 589, 590, 591, 592, 593, 594, 595, 596, 597, 598, 599, 600, 601, 602, 603, 604, 605, 606, 607, 608, 609, 610, 611, 612, 613, 614, 615, 616, 617, 618, 619, 620, 621, 622, 623, 624, 625, 626, 627, 628, 629, 630, 631, 632, 633, 634, 635, 636, 637, 638, 639, 640, 641, 642, 643, 644, 645, 646, 647, 648, 649, 650, 651, 652, 653, 654, 655, 656, 657, 658, 659, 660, 661, 662, 663, 664, 665, 666, 667, 668, 669, 670, 671, 672, 673, 674, 675, 676, 677, 678, 679, 680, 681, 682, 683, 684, 685, 686, 687, 688, 689, 690, 691, 692, 693, 694, 695, 696, 697, 698, 699, 700, 701, 702, 703, 704, 705, 706, 707, 708, 709, 710, 711, 712, 713, 714, 715, 716, 717, 718, 719, 720, 721, 722, 723, 724, 725, 726, 727, 728, 729, 730, 731, 732, 733, 734, 735, 736, 737, 738, 739, 740, 741, 742, 743, 744, 745, 746, 747, 748, 749, 750, 751, 752, 753, 754, 755, 756, 757, 758, 759, 760, 761, 762, 763, 764, 765, 766, 767, 768, 769, 770, 771, 772, 773, 774, 775, 776, 777, 778, 779, 780, 781, 782, 783, 784, 785, 786, 787, 788, 789, 790, 791, 792, 793]","[115, 116, 161, 169, 170, 244, 303, 586, 587, 633, 640, 641, 761, 792]","[116, 118, 161, 169, 170, 174, 303, 587, 589, 633, 640, 641, 645, 761, 792]","[0, 5, 7, 10, 14, 19, 20, 22, 24, 32, 33, 34, 37, 38, 40, 44, 46, 48, 49, 51, 56, 61, 63, 65, 67, 68, 73, 74, 75, 76, 79, 81, 82, 83, 85, 87, 88, 92, 93, 95, 96, 99, 100, 101, 115, 116, 124, 134, 142, 161, 167, 169, 170, 186, 202, 240, 244, 254, 260, 267, 277, 300, 303, 307, 310, 322, 331, 376, 485, 491, 493, 495, 499, 503, 504, 506, 508, 515, 518, 519, 521, 524, 526, 528, 533, 537, 539, 542, 543, 547, 548, 549, 550, 551, 553, 554, 556, 558, 559, 563, 564, 566, 567, 570, 571, 572, 586, 587, 595, 605, 613, 633, 639, 640, 641, 657, 672, 704, 717, 726, 736, 759, 761, 765, 768, 780, 788, 792, 826]","[169, 170, 640, 641]",[],7/6 successful match,True,[776],True,284,False,,0.8999999999999999,True,Fontana Truck Stop,
Fontana ( 92335 ) Fontana I-10 Exit Truck 61 ( Cherry Stop S to 14416 Slover ),909-357-1167 I-10 Exit 61 (,24 S <U+25A1> <U+2610>,Fontana,92335,Fontana I-10 Exit Truck 61 ( Cherry Stop S to 14416 Slover ),909-357-1167,2015,Fontana,CA,,(,I-10 Exit 61 ,Exit,61,False,,False,I-10,,,,,"[641, 170]","[115, 116, 169, 170, 586, 587, 640, 641]","[115, 116, 161, 169, 170, 244, 303, 586, 587, 633, 640, 641, 761, 792]","[116, 118, 161, 169, 170, 174, 303, 587, 589, 633, 640, 641, 645, 761, 792]","[103, 104, 105, 106, 107, 108, 109, 110, 111, 112, 113, 114, 115, 116, 117, 118, 119, 120, 121, 122, 123, 124, 125, 126, 127, 128, 129, 130, 131, 132, 133, 134, 135, 136, 137, 138, 139, 140, 141, 142, 143, 144, 145, 146, 147, 148, 149, 150, 151, 152, 153, 154, 155, 156, 157, 158, 159, 160, 161, 162, 163, 164, 165, 166, 167, 168, 169, 170, 171, 172, 173, 174, 175, 176, 177, 178, 179, 180, 181, 182, 183, 184, 185, 186, 187, 188, 189, 190, 191, 192, 193, 194, 195, 196, 197, 198, 199, 200, 201, 202, 203, 204, 205, 206, 207, 208, 209, 210, 211, 212, 213, 214, 215, 216, 217, 218, 219, 220, 221, 222, 223, 224, 225, 226, 227, 228, 229, 230, 231, 232, 233, 234, 235, 236, 237, 238, 239, 240, 241, 242, 243, 244, 245, 246, 247, 248, 249, 250, 251, 252, 253, 254, 255, 256, 257, 258, 259, 260, 261, 262, 263, 264, 265, 266, 267, 268, 269, 270, 271, 272, 273, 274, 275, 276, 277, 278, 279, 280, 281, 282, 283, 284, 285, 286, 287, 288, 289, 290, 291, 292, 293, 294, 295, 296, 297, 298, 299, 300, 301, 302, 303, 304, 305, 306, 307, 308, 309, 310, 311, 312, 313, 314, 315, 316, 317, 318, 319, 320, 321, 322, 323, 324, 325, 326, 327, 328, 329, 330, 331, 332, 333, 334, 335, 336, 337, 574, 575, 576, 577, 578, 579, 580, 581, 582, 583, 584, 585, 586, 587, 588, 589, 590, 591, 592, 593, 594, 595, 596, 597, 598, 599, 600, 601, 602, 603, 604, 605, 606, 607, 608, 609, 610, 611, 612, 613, 614, 615, 616, 617, 618, 619, 620, 621, 622, 623, 624, 625, 626, 627, 628, 629, 630, 631, 632, 633, 634, 635, 636, 637, 638, 639, 640, 641, 642, 643, 644, 645, 646, 647, 648, 649, 650, 651, 652, 653, 654, 655, 656, 657, 658, 659, 660, 661, 662, 663, 664, 665, 666, 667, 668, 669, 670, 671, 672, 673, 674, 675, 676, 677, 678, 679, 680, 681, 682, 683, 684, 685, 686, 687, 688, 689, 690, 691, 692, 693, 694, 695, 696, 697, 698, 699, 700, 701, 702, 703, 704, 705, 706, 707, 708, 709, 710, 711, 712, 713, 714, 715, 716, 717, 718, 719, 720, 721, 722, 723, 724, 725, 726, 727, 728, 729, 730, 731, 732, 733, 734, 735, 736, 737, 738, 739, 740, 741, 742, 743, 744, 745, 746, 747, 748, 749, 750, 751, 752, 753, 754, 755, 756, 757, 758, 759, 760, 761, 762, 763, 764, 765, 766, 767, 768, 769, 770, 771, 772, 773, 774, 775, 776, 777, 778, 779, 780, 781, 782, 783, 784, 785, 786, 787, 788, 789, 790, 791, 792, 793]","[0, 5, 7, 10, 14, 19, 20, 22, 24, 32, 33, 34, 37, 38, 40, 44, 46, 48, 49, 51, 56, 61, 63, 65, 67, 68, 73, 74, 75, 76, 79, 81, 82, 83, 85, 87, 88, 92, 93, 95, 96, 99, 100, 101, 115, 116, 124, 134, 142, 161, 167, 169, 170, 186, 202, 240, 244, 254, 260, 267, 277, 300, 303, 307, 310, 322, 331, 376, 485, 491, 493, 495, 499, 503, 504, 506, 508, 515, 518, 519, 521, 524, 526, 528, 533, 537, 539, 542, 543, 547, 548, 549, 550, 551, 553, 554, 556, 558, 559, 563, 564, 566, 567, 570, 571, 572, 586, 587, 595, 605, 613, 633, 639, 640, 641, 657, 672, 704, 717, 726, 736, 759, 761, 765, 768, 780, 788, 792, 826]",[],"[169, 170, 186, 640, 641, 657]","[0, 5, 7, 10, 14, 19, 20, 22, 24, 32, 33, 34, 37, 38, 40, 44, 46, 48, 49, 51, 56, 61, 63, 65, 67, 68, 73, 74, 75, 76, 79, 81, 82, 83, 85, 87, 88, 92, 93, 95, 96, 99, 100, 101, 103, 104, 105, 106, 107, 108, 109, 110, 111, 112, 113, 114, 115, 116, 117, 118, 119, 120, 121, 122, 123, 124, 125, 126, 127, 128, 129, 130, 131, 132, 133, 134, 135, 136, 137, 138, 139, 140, 141, 142, 143, 144, 145, 146, 147, 148, 149, 150, 151, 152, 153, 154, 155, 156, 157, 158, 159, 160, 161, 162, 163, 164, 165, 166, 167, 168, 169, 170, 171, 172, 173, 174, 175, 176, 177, 178, 179, 180, 181, 182, 183, 184, 185, 186, 187, 188, 189, 190, 191, 192, 193, 194, 195, 196, 197, 198, 199, 200, 201, 202, 203, 204, 205, 206, 207, 208, 209, 210, 211, 212, 213, 214, 215, 216, 217, 218, 219, 220, 221, 222, 223, 224, 225, 226, 227, 228, 229, 230, 231, 232, 233, 234, 235, 236, 237, 238, 239, 240, 241, 242, 243, 244, 245, 246, 247, 248, 249, 250, 251, 252, 253, 254, 255, 256, 257, 258, 259, 260, 261, 262, 263, 264, 265, 266, 267, 268, 269, 270, 271, 272, 273, 274, 275, 276, 277, 278, 279, 280, 281, 282, 283, 284, 285, 286, 287, 288, 289, 290, 291, 292, 293, 294, 295, 296, 297, 298, 299, 300, 301, 302, 303, 304, 305, 306, 307, 308, 309, 310, 311, 312, 313, 314, 315, 316, 317, 318, 319, 320, 321, 322, 323, 324, 325, 326, 327, 328, 329, 330, 331, 332, 333, 334, 335, 336, 337, 376, 485, 491, 493, 495, 499, 503, 504, 506, 508, 515, 518, 519, 521, 524, 526, 528, 533, 537, 539, 542, 543, 547, 548, 549, 550, 551, 553, 554, 556, 558, 559, 563, 564, 566, 567, 570, 571, 572, 574, 575, 576, 577, 578, 579, 580, 581, 582, 583, 584, 585, 586, 587, 588, 589, 590, 591, 592, 593, 594, 595, 596, 597, 598, 599, 600, 601, 602, 603, 604, 605, 606, 607, 608, 609, 610, 611, 612, 613, 614, 615, 616, 617, 618, 619, 620, 621, 622, 623, 624, 625, 626, 627, 628, 629, 630, 631, 632, 633, 634, 635, 636, 637, 638, 639, 640, 641, 642, 643, 644, 645, 646, 647, 648, 649, 650, 651, 652, 653, 654, 655, 656, 657, 658, 659, 660, 661, 662, 663, 664, 665, 666, 667, 668, 669, 670, 671, 672, 673, 674, 675, 676, 677, 678, 679, 680, 681, 682, 683, 684, 685, 686, 687, 688, 689, 690, 691, 692, 693, 694, 695, 696, 697, 698, 699, 700, 701, 702, 703, 704, 705, 706, 707, 708, 709, 710, 711, 712, 713, 714, 715, 716, 717, 718, 719, 720, 721, 722, 723, 724, 725, 726, 727, 728, 729, 730, 731, 732, 733, 734, 735, 736, 737, 738, 739, 740, 741, 742, 743, 744, 745, 746, 747, 748, 749, 750, 751, 752, 753, 754, 755, 756, 757, 758, 759, 760, 761, 762, 763, 764, 765, 766, 767, 768, 769, 770, 771, 772, 773, 774, 775, 776, 777, 778, 779, 780, 781, 782, 783, 784, 785, 786, 787, 788, 789, 790, 791, 792, 793, 826]",True,"[115, 116, 169, 170, 586, 587, 640, 641]","[103, 104, 105, 106, 107, 108, 109, 110, 111, 112, 113, 114, 115, 116, 117, 118, 119, 120, 121, 122, 123, 124, 125, 126, 127, 128, 129, 130, 131, 132, 133, 134, 135, 136, 137, 138, 139, 140, 141, 142, 143, 144, 145, 146, 147, 148, 149, 150, 151, 152, 153, 154, 155, 156, 157, 158, 159, 160, 161, 162, 163, 164, 165, 166, 167, 168, 169, 170, 171, 172, 173, 174, 175, 176, 177, 178, 179, 180, 181, 182, 183, 184, 185, 186, 187, 188, 189, 190, 191, 192, 193, 194, 195, 196, 197, 198, 199, 200, 201, 202, 203, 204, 205, 206, 207, 208, 209, 210, 211, 212, 213, 214, 215, 216, 217, 218, 219, 220, 221, 222, 223, 224, 225, 226, 227, 228, 229, 230, 231, 232, 233, 234, 235, 236, 237, 238, 239, 240, 241, 242, 243, 244, 245, 246, 247, 248, 249, 250, 251, 252, 253, 254, 255, 256, 257, 258, 259, 260, 261, 262, 263, 264, 265, 266, 267, 268, 269, 270, 271, 272, 273, 274, 275, 276, 277, 278, 279, 280, 281, 282, 283, 284, 285, 286, 287, 288, 289, 290, 291, 292, 293, 294, 295, 296, 297, 298, 299, 300, 301, 302, 303, 304, 305, 306, 307, 308, 309, 310, 311, 312, 313, 314, 315, 316, 317, 318, 319, 320, 321, 322, 323, 324, 325, 326, 327, 328, 329, 330, 331, 332, 333, 334, 335, 336, 337, 574, 575, 576, 577, 578, 579, 580, 581, 582, 583, 584, 585, 586, 587, 588, 589, 590, 591, 592, 593, 594, 595, 596, 597, 598, 599, 600, 601, 602, 603, 604, 605, 606, 607, 608, 609, 610, 611, 612, 613, 614, 615, 616, 617, 618, 619, 620, 621, 622, 623, 624, 625, 626, 627, 628, 629, 630, 631, 632, 633, 634, 635, 636, 637, 638, 639, 640, 641, 642, 643, 644, 645, 646, 647, 648, 649, 650, 651, 652, 653, 654, 655, 656, 657, 658, 659, 660, 661, 662, 663, 664, 665, 666, 667, 668, 669, 670, 671, 672, 673, 674, 675, 676, 677, 678, 679, 680, 681, 682, 683, 684, 685, 686, 687, 688, 689, 690, 691, 692, 693, 694, 695, 696, 697, 698, 699, 700, 701, 702, 703, 704, 705, 706, 707, 708, 709, 710, 711, 712, 713, 714, 715, 716, 717, 718, 719, 720, 721, 722, 723, 724, 725, 726, 727, 728, 729, 730, 731, 732, 733, 734, 735, 736, 737, 738, 739, 740, 741, 742, 743, 744, 745, 746, 747, 748, 749, 750, 751, 752, 753, 754, 755, 756, 757, 758, 759, 760, 761, 762, 763, 764, 765, 766, 767, 768, 769, 770, 771, 772, 773, 774, 775, 776, 777, 778, 779, 780, 781, 782, 783, 784, 785, 786, 787, 788, 789, 790, 791, 792, 793]","[115, 116, 161, 169, 170, 244, 303, 586, 587, 633, 640, 641, 761, 792]","[116, 118, 161, 169, 170, 174, 303, 587, 589, 633, 640, 641, 645, 761, 792]","[0, 5, 7, 10, 14, 19, 20, 22, 24, 32, 33, 34, 37, 38, 40, 44, 46, 48, 49, 51, 56, 61, 63, 65, 67, 68, 73, 74, 75, 76, 79, 81, 82, 83, 85, 87, 88, 92, 93, 95, 96, 99, 100, 101, 115, 116, 124, 134, 142, 161, 167, 169, 170, 186, 202, 240, 244, 254, 260, 267, 277, 300, 303, 307, 310, 322, 331, 376, 485, 491, 493, 495, 499, 503, 504, 506, 508, 515, 518, 519, 521, 524, 526, 528, 533, 537, 539, 542, 543, 547, 548, 549, 550, 551, 553, 554, 556, 558, 559, 563, 564, 566, 567, 570, 571, 572, 586, 587, 595, 605, 613, 633, 639, 640, 641, 657, 672, 704, 717, 726, 736, 759, 761, 765, 768, 780, 788, 792, 826]","[169, 170, 186, 640, 641, 657]",[],7/6 successful match,True,[776],True,284,False,,0.40512820512820513,True,Fontana Truck Stop,
Fontana ( 92335 ) Fontana I-10 Exit Truck 61 ( Cherry Stop S to 14416 Slover ),"909-357-1167 I-10 Exit 61 ( N , 1",24 XL S,Fontana,92335,Fontana I-10 Exit Truck 61 ( Cherry Stop S to 14416 Slover ),909-357-1167,2016,Fontana,CA,,"( N , 1",I-10 Exit 61 ,Exit,61,False,,False,I-10,,,,,"[641, 170]","[115, 116, 169, 170, 586, 587, 640, 641]","[115, 116, 161, 169, 170, 244, 303, 586, 587, 633, 640, 641, 761, 792]","[116, 118, 161, 169, 170, 174, 303, 587, 589, 633, 640, 641, 645, 761, 792]","[103, 104, 105, 106, 107, 108, 109, 110, 111, 112, 113, 114, 115, 116, 117, 118, 119, 120, 121, 122, 123, 124, 125, 126, 127, 128, 129, 130, 131, 132, 133, 134, 135, 136, 137, 138, 139, 140, 141, 142, 143, 144, 145, 146, 147, 148, 149, 150, 151, 152, 153, 154, 155, 156, 157, 158, 159, 160, 161, 162, 163, 164, 165, 166, 167, 168, 169, 170, 171, 172, 173, 174, 175, 176, 177, 178, 179, 180, 181, 182, 183, 184, 185, 186, 187, 188, 189, 190, 191, 192, 193, 194, 195, 196, 197, 198, 199, 200, 201, 202, 203, 204, 205, 206, 207, 208, 209, 210, 211, 212, 213, 214, 215, 216, 217, 218, 219, 220, 221, 222, 223, 224, 225, 226, 227, 228, 229, 230, 231, 232, 233, 234, 235, 236, 237, 238, 239, 240, 241, 242, 243, 244, 245, 246, 247, 248, 249, 250, 251, 252, 253, 254, 255, 256, 257, 258, 259, 260, 261, 262, 263, 264, 265, 266, 267, 268, 269, 270, 271, 272, 273, 274, 275, 276, 277, 278, 279, 280, 281, 282, 283, 284, 285, 286, 287, 288, 289, 290, 291, 292, 293, 294, 295, 296, 297, 298, 299, 300, 301, 302, 303, 304, 305, 306, 307, 308, 309, 310, 311, 312, 313, 314, 315, 316, 317, 318, 319, 320, 321, 322, 323, 324, 325, 326, 327, 328, 329, 330, 331, 332, 333, 334, 335, 336, 337, 574, 575, 576, 577, 578, 579, 580, 581, 582, 583, 584, 585, 586, 587, 588, 589, 590, 591, 592, 593, 594, 595, 596, 597, 598, 599, 600, 601, 602, 603, 604, 605, 606, 607, 608, 609, 610, 611, 612, 613, 614, 615, 616, 617, 618, 619, 620, 621, 622, 623, 624, 625, 626, 627, 628, 629, 630, 631, 632, 633, 634, 635, 636, 637, 638, 639, 640, 641, 642, 643, 644, 645, 646, 647, 648, 649, 650, 651, 652, 653, 654, 655, 656, 657, 658, 659, 660, 661, 662, 663, 664, 665, 666, 667, 668, 669, 670, 671, 672, 673, 674, 675, 676, 677, 678, 679, 680, 681, 682, 683, 684, 685, 686, 687, 688, 689, 690, 691, 692, 693, 694, 695, 696, 697, 698, 699, 700, 701, 702, 703, 704, 705, 706, 707, 708, 709, 710, 711, 712, 713, 714, 715, 716, 717, 718, 719, 720, 721, 722, 723, 724, 725, 726, 727, 728, 729, 730, 731, 732, 733, 734, 735, 736, 737, 738, 739, 740, 741, 742, 743, 744, 745, 746, 747, 748, 749, 750, 751, 752, 753, 754, 755, 756, 757, 758, 759, 760, 761, 762, 763, 764, 765, 766, 767, 768, 769, 770, 771, 772, 773, 774, 775, 776, 777, 778, 779, 780, 781, 782, 783, 784, 785, 786, 787, 788, 789, 790, 791, 792, 793]","[0, 5, 7, 10, 14, 19, 20, 22, 24, 32, 33, 34, 37, 38, 40, 44, 46, 48, 49, 51, 56, 61, 63, 65, 67, 68, 73, 74, 75, 76, 79, 81, 82, 83, 85, 87, 88, 92, 93, 95, 96, 99, 100, 101, 115, 116, 124, 134, 142, 161, 167, 169, 170, 186, 202, 240, 244, 254, 260, 267, 277, 300, 303, 307, 310, 322, 331, 376, 485, 491, 493, 495, 499, 503, 504, 506, 508, 515, 518, 519, 521, 524, 526, 528, 533, 537, 539, 542, 543, 547, 548, 549, 550, 551, 553, 554, 556, 558, 559, 563, 564, 566, 567, 570, 571, 572, 586, 587, 595, 605, 613, 633, 639, 640, 641, 657, 672, 704, 717, 726, 736, 759, 761, 765, 768, 780, 788, 792, 826]",[],"[169, 170, 186, 640, 641, 657]","[0, 5, 7, 10, 14, 19, 20, 22, 24, 32, 33, 34, 37, 38, 40, 44, 46, 48, 49, 51, 56, 61, 63, 65, 67, 68, 73, 74, 75, 76, 79, 81, 82, 83, 85, 87, 88, 92, 93, 95, 96, 99, 100, 101, 103, 104, 105, 106, 107, 108, 109, 110, 111, 112, 113, 114, 115, 116, 117, 118, 119, 120, 121, 122, 123, 124, 125, 126, 127, 128, 129, 130, 131, 132, 133, 134, 135, 136, 137, 138, 139, 140, 141, 142, 143, 144, 145, 146, 147, 148, 149, 150, 151, 152, 153, 154, 155, 156, 157, 158, 159, 160, 161, 162, 163, 164, 165, 166, 167, 168, 169, 170, 171, 172, 173, 174, 175, 176, 177, 178, 179, 180, 181, 182, 183, 184, 185, 186, 187, 188, 189, 190, 191, 192, 193, 194, 195, 196, 197, 198, 199, 200, 201, 202, 203, 204, 205, 206, 207, 208, 209, 210, 211, 212, 213, 214, 215, 216, 217, 218, 219, 220, 221, 222, 223, 224, 225, 226, 227, 228, 229, 230, 231, 232, 233, 234, 235, 236, 237, 238, 239, 240, 241, 242, 243, 244, 245, 246, 247, 248, 249, 250, 251, 252, 253, 254, 255, 256, 257, 258, 259, 260, 261, 262, 263, 264, 265, 266, 267, 268, 269, 270, 271, 272, 273, 274, 275, 276, 277, 278, 279, 280, 281, 282, 283, 284, 285, 286, 287, 288, 289, 290, 291, 292, 293, 294, 295, 296, 297, 298, 299, 300, 301, 302, 303, 304, 305, 306, 307, 308, 309, 310, 311, 312, 313, 314, 315, 316, 317, 318, 319, 320, 321, 322, 323, 324, 325, 326, 327, 328, 329, 330, 331, 332, 333, 334, 335, 336, 337, 376, 485, 491, 493, 495, 499, 503, 504, 506, 508, 515, 518, 519, 521, 524, 526, 528, 533, 537, 539, 542, 543, 547, 548, 549, 550, 551, 553, 554, 556, 558, 559, 563, 564, 566, 567, 570, 571, 572, 574, 575, 576, 577, 578, 579, 580, 581, 582, 583, 584, 585, 586, 587, 588, 589, 590, 591, 592, 593, 594, 595, 596, 597, 598, 599, 600, 601, 602, 603, 604, 605, 606, 607, 608, 609, 610, 611, 612, 613, 614, 615, 616, 617, 618, 619, 620, 621, 622, 623, 624, 625, 626, 627, 628, 629, 630, 631, 632, 633, 634, 635, 636, 637, 638, 639, 640, 641, 642, 643, 644, 645, 646, 647, 648, 649, 650, 651, 652, 653, 654, 655, 656, 657, 658, 659, 660, 661, 662, 663, 664, 665, 666, 667, 668, 669, 670, 671, 672, 673, 674, 675, 676, 677, 678, 679, 680, 681, 682, 683, 684, 685, 686, 687, 688, 689, 690, 691, 692, 693, 694, 695, 696, 697, 698, 699, 700, 701, 702, 703, 704, 705, 706, 707, 708, 709, 710, 711, 712, 713, 714, 715, 716, 717, 718, 719, 720, 721, 722, 723, 724, 725, 726, 727, 728, 729, 730, 731, 732, 733, 734, 735, 736, 737, 738, 739, 740, 741, 742, 743, 744, 745, 746, 747, 748, 749, 750, 751, 752, 753, 754, 755, 756, 757, 758, 759, 760, 761, 762, 763, 764, 765, 766, 767, 768, 769, 770, 771, 772, 773, 774, 775, 776, 777, 778, 779, 780, 781, 782, 783, 784, 785, 786, 787, 788, 789, 790, 791, 792, 793, 826]",True,"[115, 116, 169, 170, 586, 587, 640, 641]","[103, 104, 105, 106, 107, 108, 109, 110, 111, 112, 113, 114, 115, 116, 117, 118, 119, 120, 121, 122, 123, 124, 125, 126, 127, 128, 129, 130, 131, 132, 133, 134, 135, 136, 137, 138, 139, 140, 141, 142, 143, 144, 145, 146, 147, 148, 149, 150, 151, 152, 153, 154, 155, 156, 157, 158, 159, 160, 161, 162, 163, 164, 165, 166, 167, 168, 169, 170, 171, 172, 173, 174, 175, 176, 177, 178, 179, 180, 181, 182, 183, 184, 185, 186, 187, 188, 189, 190, 191, 192, 193, 194, 195, 196, 197, 198, 199, 200, 201, 202, 203, 204, 205, 206, 207, 208, 209, 210, 211, 212, 213, 214, 215, 216, 217, 218, 219, 220, 221, 222, 223, 224, 225, 226, 227, 228, 229, 230, 231, 232, 233, 234, 235, 236, 237, 238, 239, 240, 241, 242, 243, 244, 245, 246, 247, 248, 249, 250, 251, 252, 253, 254, 255, 256, 257, 258, 259, 260, 261, 262, 263, 264, 265, 266, 267, 268, 269, 270, 271, 272, 273, 274, 275, 276, 277, 278, 279, 280, 281, 282, 283, 284, 285, 286, 287, 288, 289, 290, 291, 292, 293, 294, 295, 296, 297, 298, 299, 300, 301, 302, 303, 304, 305, 306, 307, 308, 309, 310, 311, 312, 313, 314, 315, 316, 317, 318, 319, 320, 321, 322, 323, 324, 325, 326, 327, 328, 329, 330, 331, 332, 333, 334, 335, 336, 337, 574, 575, 576, 577, 578, 579, 580, 581, 582, 583, 584, 585, 586, 587, 588, 589, 590, 591, 592, 593, 594, 595, 596, 597, 598, 599, 600, 601, 602, 603, 604, 605, 606, 607, 608, 609, 610, 611, 612, 613, 614, 615, 616, 617, 618, 619, 620, 621, 622, 623, 624, 625, 626, 627, 628, 629, 630, 631, 632, 633, 634, 635, 636, 637, 638, 639, 640, 641, 642, 643, 644, 645, 646, 647, 648, 649, 650, 651, 652, 653, 654, 655, 656, 657, 658, 659, 660, 661, 662, 663, 664, 665, 666, 667, 668, 669, 670, 671, 672, 673, 674, 675, 676, 677, 678, 679, 680, 681, 682, 683, 684, 685, 686, 687, 688, 689, 690, 691, 692, 693, 694, 695, 696, 697, 698, 699, 700, 701, 702, 703, 704, 705, 706, 707, 708, 709, 710, 711, 712, 713, 714, 715, 716, 717, 718, 719, 720, 721, 722, 723, 724, 725, 726, 727, 728, 729, 730, 731, 732, 733, 734, 735, 736, 737, 738, 739, 740, 741, 742, 743, 744, 745, 746, 747, 748, 749, 750, 751, 752, 753, 754, 755, 756, 757, 758, 759, 760, 761, 762, 763, 764, 765, 766, 767, 768, 769, 770, 771, 772, 773, 774, 775, 776, 777, 778, 779, 780, 781, 782, 783, 784, 785, 786, 787, 788, 789, 790, 791, 792, 793]","[115, 116, 161, 169, 170, 244, 303, 586, 587, 633, 640, 641, 761, 792]","[116, 118, 161, 169, 170, 174, 303, 587, 589, 633, 640, 641, 645, 761, 792]","[0, 5, 7, 10, 14, 19, 20, 22, 24, 32, 33, 34, 37, 38, 40, 44, 46, 48, 49, 51, 56, 61, 63, 65, 67, 68, 73, 74, 75, 76, 79, 81, 82, 83, 85, 87, 88, 92, 93, 95, 96, 99, 100, 101, 115, 116, 124, 134, 142, 161, 167, 169, 170, 186, 202, 240, 244, 254, 260, 267, 277, 300, 303, 307, 310, 322, 331, 376, 485, 491, 493, 495, 499, 503, 504, 506, 508, 515, 518, 519, 521, 524, 526, 528, 533, 537, 539, 542, 543, 547, 548, 549, 550, 551, 553, 554, 556, 558, 559, 563, 564, 566, 567, 570, 571, 572, 586, 587, 595, 605, 613, 633, 639, 640, 641, 657, 672, 704, 717, 726, 736, 759, 761, 765, 768, 780, 788, 792, 826]","[169, 170, 186, 640, 641, 657]",[],7/6 successful match,True,[776],True,284,False,,1.0,True,Fontana I-10 Exit Truck 61 ( Cherry Stop S to 14416 Slover ),
"Fontana , 92335 EZ Truck Stop )",7 909-822-5599 I-10 Exit 63 ( Citrus N to 16111,FRS 24 000,Fontana,92335,EZ Truck Stop ),909-822-5599,2006,Fontana,CA,,( Citrus N to 16111,I-10 Exit 63 ,Exit,63,False,,False,I-10,,,,,"[586, 115]","[115, 116, 169, 170, 586, 587, 640, 641]","[115, 116, 161, 169, 170, 244, 303, 586, 587, 633, 640, 641, 761, 792]","[115, 586]","[103, 104, 105, 106, 107, 108, 109, 110, 111, 112, 113, 114, 115, 116, 117, 118, 119, 120, 121, 122, 123, 124, 125, 126, 127, 128, 129, 130, 131, 132, 133, 134, 135, 136, 137, 138, 139, 140, 141, 142, 143, 144, 145, 146, 147, 148, 149, 150, 151, 152, 153, 154, 155, 156, 157, 158, 159, 160, 161, 162, 163, 164, 165, 166, 167, 168, 169, 170, 171, 172, 173, 174, 175, 176, 177, 178, 179, 180, 181, 182, 183, 184, 185, 186, 187, 188, 189, 190, 191, 192, 193, 194, 195, 196, 197, 198, 199, 200, 201, 202, 203, 204, 205, 206, 207, 208, 209, 210, 211, 212, 213, 214, 215, 216, 217, 218, 219, 220, 221, 222, 223, 224, 225, 226, 227, 228, 229, 230, 231, 232, 233, 234, 235, 236, 237, 238, 239, 240, 241, 242, 243, 244, 245, 246, 247, 248, 249, 250, 251, 252, 253, 254, 255, 256, 257, 258, 259, 260, 261, 262, 263, 264, 265, 266, 267, 268, 269, 270, 271, 272, 273, 274, 275, 276, 277, 278, 279, 280, 281, 282, 283, 284, 285, 286, 287, 288, 289, 290, 291, 292, 293, 294, 295, 296, 297, 298, 299, 300, 301, 302, 303, 304, 305, 306, 307, 308, 309, 310, 311, 312, 313, 314, 315, 316, 317, 318, 319, 320, 321, 322, 323, 324, 325, 326, 327, 328, 329, 330, 331, 332, 333, 334, 335, 336, 337, 574, 575, 576, 577, 578, 579, 580, 581, 582, 583, 584, 585, 586, 587, 588, 589, 590, 591, 592, 593, 594, 595, 596, 597, 598, 599, 600, 601, 602, 603, 604, 605, 606, 607, 608, 609, 610, 611, 612, 613, 614, 615, 616, 617, 618, 619, 620, 621, 622, 623, 624, 625, 626, 627, 628, 629, 630, 631, 632, 633, 634, 635, 636, 637, 638, 639, 640, 641, 642, 643, 644, 645, 646, 647, 648, 649, 650, 651, 652, 653, 654, 655, 656, 657, 658, 659, 660, 661, 662, 663, 664, 665, 666, 667, 668, 669, 670, 671, 672, 673, 674, 675, 676, 677, 678, 679, 680, 681, 682, 683, 684, 685, 686, 687, 688, 689, 690, 691, 692, 693, 694, 695, 696, 697, 698, 699, 700, 701, 702, 703, 704, 705, 706, 707, 708, 709, 710, 711, 712, 713, 714, 715, 716, 717, 718, 719, 720, 721, 722, 723, 724, 725, 726, 727, 728, 729, 730, 731, 732, 733, 734, 735, 736, 737, 738, 739, 740, 741, 742, 743, 744, 745, 746, 747, 748, 749, 750, 751, 752, 753, 754, 755, 756, 757, 758, 759, 760, 761, 762, 763, 764, 765, 766, 767, 768, 769, 770, 771, 772, 773, 774, 775, 776, 777, 778, 779, 780, 781, 782, 783, 784, 785, 786, 787, 788, 789, 790, 791, 792, 793]","[0, 5, 7, 10, 14, 19, 20, 22, 24, 32, 33, 34, 37, 38, 40, 44, 46, 48, 49, 51, 56, 61, 63, 65, 67, 68, 73, 74, 75, 76, 79, 81, 82, 83, 85, 87, 88, 92, 93, 95, 96, 99, 100, 101, 115, 116, 124, 134, 142, 161, 167, 169, 170, 186, 202, 240, 244, 254, 260, 267, 277, 300, 303, 307, 310, 322, 331, 376, 485, 491, 493, 495, 499, 503, 504, 506, 508, 515, 518, 519, 521, 524, 526, 528, 533, 537, 539, 542, 543, 547, 548, 549, 550, 551, 553, 554, 556, 558, 559, 563, 564, 566, 567, 570, 571, 572, 586, 587, 595, 605, 613, 633, 639, 640, 641, 657, 672, 704, 717, 726, 736, 759, 761, 765, 768, 780, 788, 792, 826]",[],"[151, 152, 153, 622, 623, 624, 625]","[0, 5, 7, 10, 14, 19, 20, 22, 24, 32, 33, 34, 37, 38, 40, 44, 46, 48, 49, 51, 56, 61, 63, 65, 67, 68, 73, 74, 75, 76, 79, 81, 82, 83, 85, 87, 88, 92, 93, 95, 96, 99, 100, 101, 103, 104, 105, 106, 107, 108, 109, 110, 111, 112, 113, 114, 115, 116, 117, 118, 119, 120, 121, 122, 123, 124, 125, 126, 127, 128, 129, 130, 131, 132, 133, 134, 135, 136, 137, 138, 139, 140, 141, 142, 143, 144, 145, 146, 147, 148, 149, 150, 151, 152, 153, 154, 155, 156, 157, 158, 159, 160, 161, 162, 163, 164, 165, 166, 167, 168, 169, 170, 171, 172, 173, 174, 175, 176, 177, 178, 179, 180, 181, 182, 183, 184, 185, 186, 187, 188, 189, 190, 191, 192, 193, 194, 195, 196, 197, 198, 199, 200, 201, 202, 203, 204, 205, 206, 207, 208, 209, 210, 211, 212, 213, 214, 215, 216, 217, 218, 219, 220, 221, 222, 223, 224, 225, 226, 227, 228, 229, 230, 231, 232, 233, 234, 235, 236, 237, 238, 239, 240, 241, 242, 243, 244, 245, 246, 247, 248, 249, 250, 251, 252, 253, 254, 255, 256, 257, 258, 259, 260, 261, 262, 263, 264, 265, 266, 267, 268, 269, 270, 271, 272, 273, 274, 275, 276, 277, 278, 279, 280, 281, 282, 283, 284, 285, 286, 287, 288, 289, 290, 291, 292, 293, 294, 295, 296, 297, 298, 299, 300, 301, 302, 303, 304, 305, 306, 307, 308, 309, 310, 311, 312, 313, 314, 315, 316, 317, 318, 319, 320, 321, 322, 323, 324, 325, 326, 327, 328, 329, 330, 331, 332, 333, 334, 335, 336, 337, 376, 485, 491, 493, 495, 499, 503, 504, 506, 508, 515, 518, 519, 521, 524, 526, 528, 533, 537, 539, 542, 543, 547, 548, 549, 550, 551, 553, 554, 556, 558, 559, 563, 564, 566, 567, 570, 571, 572, 574, 575, 576, 577, 578, 579, 580, 581, 582, 583, 584, 585, 586, 587, 588, 589, 590, 591, 592, 593, 594, 595, 596, 597, 598, 599, 600, 601, 602, 603, 604, 605, 606, 607, 608, 609, 610, 611, 612, 613, 614, 615, 616, 617, 618, 619, 620, 621, 622, 623, 624, 625, 626, 627, 628, 629, 630, 631, 632, 633, 634, 635, 636, 637, 638, 639, 640, 641, 642, 643, 644, 645, 646, 647, 648, 649, 650, 651, 652, 653, 654, 655, 656, 657, 658, 659, 660, 661, 662, 663, 664, 665, 666, 667, 668, 669, 670, 671, 672, 673, 674, 675, 676, 677, 678, 679, 680, 681, 682, 683, 684, 685, 686, 687, 688, 689, 690, 691, 692, 693, 694, 695, 696, 697, 698, 699, 700, 701, 702, 703, 704, 705, 706, 707, 708, 709, 710, 711, 712, 713, 714, 715, 716, 717, 718, 719, 720, 721, 722, 723, 724, 725, 726, 727, 728, 729, 730, 731, 732, 733, 734, 735, 736, 737, 738, 739, 740, 741, 742, 743, 744, 745, 746, 747, 748, 749, 750, 751, 752, 753, 754, 755, 756, 757, 758, 759, 760, 761, 762, 763, 764, 765, 766, 767, 768, 769, 770, 771, 772, 773, 774, 775, 776, 777, 778, 779, 780, 781, 782, 783, 784, 785, 786, 787, 788, 789, 790, 791, 792, 793, 826]",True,"[115, 116, 169, 170, 586, 587, 640, 641]","[103, 104, 105, 106, 107, 108, 109, 110, 111, 112, 113, 114, 115, 116, 117, 118, 119, 120, 121, 122, 123, 124, 125, 126, 127, 128, 129, 130, 131, 132, 133, 134, 135, 136, 137, 138, 139, 140, 141, 142, 143, 144, 145, 146, 147, 148, 149, 150, 151, 152, 153, 154, 155, 156, 157, 158, 159, 160, 161, 162, 163, 164, 165, 166, 167, 168, 169, 170, 171, 172, 173, 174, 175, 176, 177, 178, 179, 180, 181, 182, 183, 184, 185, 186, 187, 188, 189, 190, 191, 192, 193, 194, 195, 196, 197, 198, 199, 200, 201, 202, 203, 204, 205, 206, 207, 208, 209, 210, 211, 212, 213, 214, 215, 216, 217, 218, 219, 220, 221, 222, 223, 224, 225, 226, 227, 228, 229, 230, 231, 232, 233, 234, 235, 236, 237, 238, 239, 240, 241, 242, 243, 244, 245, 246, 247, 248, 249, 250, 251, 252, 253, 254, 255, 256, 257, 258, 259, 260, 261, 262, 263, 264, 265, 266, 267, 268, 269, 270, 271, 272, 273, 274, 275, 276, 277, 278, 279, 280, 281, 282, 283, 284, 285, 286, 287, 288, 289, 290, 291, 292, 293, 294, 295, 296, 297, 298, 299, 300, 301, 302, 303, 304, 305, 306, 307, 308, 309, 310, 311, 312, 313, 314, 315, 316, 317, 318, 319, 320, 321, 322, 323, 324, 325, 326, 327, 328, 329, 330, 331, 332, 333, 334, 335, 336, 337, 574, 575, 576, 577, 578, 579, 580, 581, 582, 583, 584, 585, 586, 587, 588, 589, 590, 591, 592, 593, 594, 595, 596, 597, 598, 599, 600, 601, 602, 603, 604, 605, 606, 607, 608, 609, 610, 611, 612, 613, 614, 615, 616, 617, 618, 619, 620, 621, 622, 623, 624, 625, 626, 627, 628, 629, 630, 631, 632, 633, 634, 635, 636, 637, 638, 639, 640, 641, 642, 643, 644, 645, 646, 647, 648, 649, 650, 651, 652, 653, 654, 655, 656, 657, 658, 659, 660, 661, 662, 663, 664, 665, 666, 667, 668, 669, 670, 671, 672, 673, 674, 675, 676, 677, 678, 679, 680, 681, 682, 683, 684, 685, 686, 687, 688, 689, 690, 691, 692, 693, 694, 695, 696, 697, 698, 699, 700, 701, 702, 703, 704, 705, 706, 707, 708, 709, 710, 711, 712, 713, 714, 715, 716, 717, 718, 719, 720, 721, 722, 723, 724, 725, 726, 727, 728, 729, 730, 731, 732, 733, 734, 735, 736, 737, 738, 739, 740, 741, 742, 743, 744, 745, 746, 747, 748, 749, 750, 751, 752, 753, 754, 755, 756, 757, 758, 759, 760, 761, 762, 763, 764, 765, 766, 767, 768, 769, 770, 771, 772, 773, 774, 775, 776, 777, 778, 779, 780, 781, 782, 783, 784, 785, 786, 787, 788, 789, 790, 791, 792, 793]","[115, 116, 161, 169, 170, 244, 303, 586, 587, 633, 640, 641, 761, 792]","[115, 586]","[0, 5, 7, 10, 14, 19, 20, 22, 24, 32, 33, 34, 37, 38, 40, 44, 46, 48, 49, 51, 56, 61, 63, 65, 67, 68, 73, 74, 75, 76, 79, 81, 82, 83, 85, 87, 88, 92, 93, 95, 96, 99, 100, 101, 115, 116, 124, 134, 142, 161, 167, 169, 170, 186, 202, 240, 244, 254, 260, 267, 277, 300, 303, 307, 310, 322, 331, 376, 485, 491, 493, 495, 499, 503, 504, 506, 508, 515, 518, 519, 521, 524, 526, 528, 533, 537, 539, 542, 543, 547, 548, 549, 550, 551, 553, 554, 556, 558, 559, 563, 564, 566, 567, 570, 571, 572, 586, 587, 595, 605, 613, 633, 639, 640, 641, 657, 672, 704, 717, 726, 736, 759, 761, 765, 768, 780, 788, 792, 826]","[151, 152, 153, 622, 623, 624, 625]",[],5/6 successful match,True,,False,285,False,,,,,
"Fontana , 92335 EZ Truck Stop",909-822-5599 I-10 Exit 63 ( Citrus N to 16111 Valley ),) 24 000,Fontana,92335,EZ Truck Stop,909-822-5599,2007,Fontana,CA,,( Citrus N to 16111 Valley ),I-10 Exit 63 ,Exit,63,False,,False,I-10,,,,,"[586, 115]","[115, 116, 169, 170, 586, 587, 640, 641]","[115, 116, 161, 169, 170, 244, 303, 586, 587, 633, 640, 641, 761, 792]","[115, 586]","[103, 104, 105, 106, 107, 108, 109, 110, 111, 112, 113, 114, 115, 116, 117, 118, 119, 120, 121, 122, 123, 124, 125, 126, 127, 128, 129, 130, 131, 132, 133, 134, 135, 136, 137, 138, 139, 140, 141, 142, 143, 144, 145, 146, 147, 148, 149, 150, 151, 152, 153, 154, 155, 156, 157, 158, 159, 160, 161, 162, 163, 164, 165, 166, 167, 168, 169, 170, 171, 172, 173, 174, 175, 176, 177, 178, 179, 180, 181, 182, 183, 184, 185, 186, 187, 188, 189, 190, 191, 192, 193, 194, 195, 196, 197, 198, 199, 200, 201, 202, 203, 204, 205, 206, 207, 208, 209, 210, 211, 212, 213, 214, 215, 216, 217, 218, 219, 220, 221, 222, 223, 224, 225, 226, 227, 228, 229, 230, 231, 232, 233, 234, 235, 236, 237, 238, 239, 240, 241, 242, 243, 244, 245, 246, 247, 248, 249, 250, 251, 252, 253, 254, 255, 256, 257, 258, 259, 260, 261, 262, 263, 264, 265, 266, 267, 268, 269, 270, 271, 272, 273, 274, 275, 276, 277, 278, 279, 280, 281, 282, 283, 284, 285, 286, 287, 288, 289, 290, 291, 292, 293, 294, 295, 296, 297, 298, 299, 300, 301, 302, 303, 304, 305, 306, 307, 308, 309, 310, 311, 312, 313, 314, 315, 316, 317, 318, 319, 320, 321, 322, 323, 324, 325, 326, 327, 328, 329, 330, 331, 332, 333, 334, 335, 336, 337, 574, 575, 576, 577, 578, 579, 580, 581, 582, 583, 584, 585, 586, 587, 588, 589, 590, 591, 592, 593, 594, 595, 596, 597, 598, 599, 600, 601, 602, 603, 604, 605, 606, 607, 608, 609, 610, 611, 612, 613, 614, 615, 616, 617, 618, 619, 620, 621, 622, 623, 624, 625, 626, 627, 628, 629, 630, 631, 632, 633, 634, 635, 636, 637, 638, 639, 640, 641, 642, 643, 644, 645, 646, 647, 648, 649, 650, 651, 652, 653, 654, 655, 656, 657, 658, 659, 660, 661, 662, 663, 664, 665, 666, 667, 668, 669, 670, 671, 672, 673, 674, 675, 676, 677, 678, 679, 680, 681, 682, 683, 684, 685, 686, 687, 688, 689, 690, 691, 692, 693, 694, 695, 696, 697, 698, 699, 700, 701, 702, 703, 704, 705, 706, 707, 708, 709, 710, 711, 712, 713, 714, 715, 716, 717, 718, 719, 720, 721, 722, 723, 724, 725, 726, 727, 728, 729, 730, 731, 732, 733, 734, 735, 736, 737, 738, 739, 740, 741, 742, 743, 744, 745, 746, 747, 748, 749, 750, 751, 752, 753, 754, 755, 756, 757, 758, 759, 760, 761, 762, 763, 764, 765, 766, 767, 768, 769, 770, 771, 772, 773, 774, 775, 776, 777, 778, 779, 780, 781, 782, 783, 784, 785, 786, 787, 788, 789, 790, 791, 792, 793]","[0, 5, 7, 10, 14, 19, 20, 22, 24, 32, 33, 34, 37, 38, 40, 44, 46, 48, 49, 51, 56, 61, 63, 65, 67, 68, 73, 74, 75, 76, 79, 81, 82, 83, 85, 87, 88, 92, 93, 95, 96, 99, 100, 101, 115, 116, 124, 134, 142, 161, 167, 169, 170, 186, 202, 240, 244, 254, 260, 267, 277, 300, 303, 307, 310, 322, 331, 376, 485, 491, 493, 495, 499, 503, 504, 506, 508, 515, 518, 519, 521, 524, 526, 528, 533, 537, 539, 542, 543, 547, 548, 549, 550, 551, 553, 554, 556, 558, 559, 563, 564, 566, 567, 570, 571, 572, 586, 587, 595, 605, 613, 633, 639, 640, 641, 657, 672, 704, 717, 726, 736, 759, 761, 765, 768, 780, 788, 792, 826]",[],"[151, 152, 153, 622, 623, 624, 625]","[0, 5, 7, 10, 14, 19, 20, 22, 24, 32, 33, 34, 37, 38, 40, 44, 46, 48, 49, 51, 56, 61, 63, 65, 67, 68, 73, 74, 75, 76, 79, 81, 82, 83, 85, 87, 88, 92, 93, 95, 96, 99, 100, 101, 103, 104, 105, 106, 107, 108, 109, 110, 111, 112, 113, 114, 115, 116, 117, 118, 119, 120, 121, 122, 123, 124, 125, 126, 127, 128, 129, 130, 131, 132, 133, 134, 135, 136, 137, 138, 139, 140, 141, 142, 143, 144, 145, 146, 147, 148, 149, 150, 151, 152, 153, 154, 155, 156, 157, 158, 159, 160, 161, 162, 163, 164, 165, 166, 167, 168, 169, 170, 171, 172, 173, 174, 175, 176, 177, 178, 179, 180, 181, 182, 183, 184, 185, 186, 187, 188, 189, 190, 191, 192, 193, 194, 195, 196, 197, 198, 199, 200, 201, 202, 203, 204, 205, 206, 207, 208, 209, 210, 211, 212, 213, 214, 215, 216, 217, 218, 219, 220, 221, 222, 223, 224, 225, 226, 227, 228, 229, 230, 231, 232, 233, 234, 235, 236, 237, 238, 239, 240, 241, 242, 243, 244, 245, 246, 247, 248, 249, 250, 251, 252, 253, 254, 255, 256, 257, 258, 259, 260, 261, 262, 263, 264, 265, 266, 267, 268, 269, 270, 271, 272, 273, 274, 275, 276, 277, 278, 279, 280, 281, 282, 283, 284, 285, 286, 287, 288, 289, 290, 291, 292, 293, 294, 295, 296, 297, 298, 299, 300, 301, 302, 303, 304, 305, 306, 307, 308, 309, 310, 311, 312, 313, 314, 315, 316, 317, 318, 319, 320, 321, 322, 323, 324, 325, 326, 327, 328, 329, 330, 331, 332, 333, 334, 335, 336, 337, 376, 485, 491, 493, 495, 499, 503, 504, 506, 508, 515, 518, 519, 521, 524, 526, 528, 533, 537, 539, 542, 543, 547, 548, 549, 550, 551, 553, 554, 556, 558, 559, 563, 564, 566, 567, 570, 571, 572, 574, 575, 576, 577, 578, 579, 580, 581, 582, 583, 584, 585, 586, 587, 588, 589, 590, 591, 592, 593, 594, 595, 596, 597, 598, 599, 600, 601, 602, 603, 604, 605, 606, 607, 608, 609, 610, 611, 612, 613, 614, 615, 616, 617, 618, 619, 620, 621, 622, 623, 624, 625, 626, 627, 628, 629, 630, 631, 632, 633, 634, 635, 636, 637, 638, 639, 640, 641, 642, 643, 644, 645, 646, 647, 648, 649, 650, 651, 652, 653, 654, 655, 656, 657, 658, 659, 660, 661, 662, 663, 664, 665, 666, 667, 668, 669, 670, 671, 672, 673, 674, 675, 676, 677, 678, 679, 680, 681, 682, 683, 684, 685, 686, 687, 688, 689, 690, 691, 692, 693, 694, 695, 696, 697, 698, 699, 700, 701, 702, 703, 704, 705, 706, 707, 708, 709, 710, 711, 712, 713, 714, 715, 716, 717, 718, 719, 720, 721, 722, 723, 724, 725, 726, 727, 728, 729, 730, 731, 732, 733, 734, 735, 736, 737, 738, 739, 740, 741, 742, 743, 744, 745, 746, 747, 748, 749, 750, 751, 752, 753, 754, 755, 756, 757, 758, 759, 760, 761, 762, 763, 764, 765, 766, 767, 768, 769, 770, 771, 772, 773, 774, 775, 776, 777, 778, 779, 780, 781, 782, 783, 784, 785, 786, 787, 788, 789, 790, 791, 792, 793, 826]",True,"[115, 116, 169, 170, 586, 587, 640, 641]","[103, 104, 105, 106, 107, 108, 109, 110, 111, 112, 113, 114, 115, 116, 117, 118, 119, 120, 121, 122, 123, 124, 125, 126, 127, 128, 129, 130, 131, 132, 133, 134, 135, 136, 137, 138, 139, 140, 141, 142, 143, 144, 145, 146, 147, 148, 149, 150, 151, 152, 153, 154, 155, 156, 157, 158, 159, 160, 161, 162, 163, 164, 165, 166, 167, 168, 169, 170, 171, 172, 173, 174, 175, 176, 177, 178, 179, 180, 181, 182, 183, 184, 185, 186, 187, 188, 189, 190, 191, 192, 193, 194, 195, 196, 197, 198, 199, 200, 201, 202, 203, 204, 205, 206, 207, 208, 209, 210, 211, 212, 213, 214, 215, 216, 217, 218, 219, 220, 221, 222, 223, 224, 225, 226, 227, 228, 229, 230, 231, 232, 233, 234, 235, 236, 237, 238, 239, 240, 241, 242, 243, 244, 245, 246, 247, 248, 249, 250, 251, 252, 253, 254, 255, 256, 257, 258, 259, 260, 261, 262, 263, 264, 265, 266, 267, 268, 269, 270, 271, 272, 273, 274, 275, 276, 277, 278, 279, 280, 281, 282, 283, 284, 285, 286, 287, 288, 289, 290, 291, 292, 293, 294, 295, 296, 297, 298, 299, 300, 301, 302, 303, 304, 305, 306, 307, 308, 309, 310, 311, 312, 313, 314, 315, 316, 317, 318, 319, 320, 321, 322, 323, 324, 325, 326, 327, 328, 329, 330, 331, 332, 333, 334, 335, 336, 337, 574, 575, 576, 577, 578, 579, 580, 581, 582, 583, 584, 585, 586, 587, 588, 589, 590, 591, 592, 593, 594, 595, 596, 597, 598, 599, 600, 601, 602, 603, 604, 605, 606, 607, 608, 609, 610, 611, 612, 613, 614, 615, 616, 617, 618, 619, 620, 621, 622, 623, 624, 625, 626, 627, 628, 629, 630, 631, 632, 633, 634, 635, 636, 637, 638, 639, 640, 641, 642, 643, 644, 645, 646, 647, 648, 649, 650, 651, 652, 653, 654, 655, 656, 657, 658, 659, 660, 661, 662, 663, 664, 665, 666, 667, 668, 669, 670, 671, 672, 673, 674, 675, 676, 677, 678, 679, 680, 681, 682, 683, 684, 685, 686, 687, 688, 689, 690, 691, 692, 693, 694, 695, 696, 697, 698, 699, 700, 701, 702, 703, 704, 705, 706, 707, 708, 709, 710, 711, 712, 713, 714, 715, 716, 717, 718, 719, 720, 721, 722, 723, 724, 725, 726, 727, 728, 729, 730, 731, 732, 733, 734, 735, 736, 737, 738, 739, 740, 741, 742, 743, 744, 745, 746, 747, 748, 749, 750, 751, 752, 753, 754, 755, 756, 757, 758, 759, 760, 761, 762, 763, 764, 765, 766, 767, 768, 769, 770, 771, 772, 773, 774, 775, 776, 777, 778, 779, 780, 781, 782, 783, 784, 785, 786, 787, 788, 789, 790, 791, 792, 793]","[115, 116, 161, 169, 170, 244, 303, 586, 587, 633, 640, 641, 761, 792]","[115, 586]","[0, 5, 7, 10, 14, 19, 20, 22, 24, 32, 33, 34, 37, 38, 40, 44, 46, 48, 49, 51, 56, 61, 63, 65, 67, 68, 73, 74, 75, 76, 79, 81, 82, 83, 85, 87, 88, 92, 93, 95, 96, 99, 100, 101, 115, 116, 124, 134, 142, 161, 167, 169, 170, 186, 202, 240, 244, 254, 260, 267, 277, 300, 303, 307, 310, 322, 331, 376, 485, 491, 493, 495, 499, 503, 504, 506, 508, 515, 518, 519, 521, 524, 526, 528, 533, 537, 539, 542, 543, 547, 548, 549, 550, 551, 553, 554, 556, 558, 559, 563, 564, 566, 567, 570, 571, 572, 586, 587, 595, 605, 613, 633, 639, 640, 641, 657, 672, 704, 717, 726, 736, 759, 761, 765, 768, 780, 788, 792, 826]","[151, 152, 153, 622, 623, 624, 625]",[],5/6 successful match,True,,False,285,False,,0.9285714285714286,True,EZ Truck Stop ),
"Fontana , 92335 EZ Truck Stop",909-822-5599 I-10 Exit 63 ( Citrus N to 16111 Valley ),24 HRS <U+2610> <U+25A1> <U+25A1>,Fontana,92335,EZ Truck Stop,909-822-5599,2008,Fontana,CA,,( Citrus N to 16111 Valley ),I-10 Exit 63 ,Exit,63,False,,False,I-10,,,,,"[586, 115]","[115, 116, 169, 170, 586, 587, 640, 641]","[115, 116, 161, 169, 170, 244, 303, 586, 587, 633, 640, 641, 761, 792]","[115, 586]","[103, 104, 105, 106, 107, 108, 109, 110, 111, 112, 113, 114, 115, 116, 117, 118, 119, 120, 121, 122, 123, 124, 125, 126, 127, 128, 129, 130, 131, 132, 133, 134, 135, 136, 137, 138, 139, 140, 141, 142, 143, 144, 145, 146, 147, 148, 149, 150, 151, 152, 153, 154, 155, 156, 157, 158, 159, 160, 161, 162, 163, 164, 165, 166, 167, 168, 169, 170, 171, 172, 173, 174, 175, 176, 177, 178, 179, 180, 181, 182, 183, 184, 185, 186, 187, 188, 189, 190, 191, 192, 193, 194, 195, 196, 197, 198, 199, 200, 201, 202, 203, 204, 205, 206, 207, 208, 209, 210, 211, 212, 213, 214, 215, 216, 217, 218, 219, 220, 221, 222, 223, 224, 225, 226, 227, 228, 229, 230, 231, 232, 233, 234, 235, 236, 237, 238, 239, 240, 241, 242, 243, 244, 245, 246, 247, 248, 249, 250, 251, 252, 253, 254, 255, 256, 257, 258, 259, 260, 261, 262, 263, 264, 265, 266, 267, 268, 269, 270, 271, 272, 273, 274, 275, 276, 277, 278, 279, 280, 281, 282, 283, 284, 285, 286, 287, 288, 289, 290, 291, 292, 293, 294, 295, 296, 297, 298, 299, 300, 301, 302, 303, 304, 305, 306, 307, 308, 309, 310, 311, 312, 313, 314, 315, 316, 317, 318, 319, 320, 321, 322, 323, 324, 325, 326, 327, 328, 329, 330, 331, 332, 333, 334, 335, 336, 337, 574, 575, 576, 577, 578, 579, 580, 581, 582, 583, 584, 585, 586, 587, 588, 589, 590, 591, 592, 593, 594, 595, 596, 597, 598, 599, 600, 601, 602, 603, 604, 605, 606, 607, 608, 609, 610, 611, 612, 613, 614, 615, 616, 617, 618, 619, 620, 621, 622, 623, 624, 625, 626, 627, 628, 629, 630, 631, 632, 633, 634, 635, 636, 637, 638, 639, 640, 641, 642, 643, 644, 645, 646, 647, 648, 649, 650, 651, 652, 653, 654, 655, 656, 657, 658, 659, 660, 661, 662, 663, 664, 665, 666, 667, 668, 669, 670, 671, 672, 673, 674, 675, 676, 677, 678, 679, 680, 681, 682, 683, 684, 685, 686, 687, 688, 689, 690, 691, 692, 693, 694, 695, 696, 697, 698, 699, 700, 701, 702, 703, 704, 705, 706, 707, 708, 709, 710, 711, 712, 713, 714, 715, 716, 717, 718, 719, 720, 721, 722, 723, 724, 725, 726, 727, 728, 729, 730, 731, 732, 733, 734, 735, 736, 737, 738, 739, 740, 741, 742, 743, 744, 745, 746, 747, 748, 749, 750, 751, 752, 753, 754, 755, 756, 757, 758, 759, 760, 761, 762, 763, 764, 765, 766, 767, 768, 769, 770, 771, 772, 773, 774, 775, 776, 777, 778, 779, 780, 781, 782, 783, 784, 785, 786, 787, 788, 789, 790, 791, 792, 793]","[0, 5, 7, 10, 14, 19, 20, 22, 24, 32, 33, 34, 37, 38, 40, 44, 46, 48, 49, 51, 56, 61, 63, 65, 67, 68, 73, 74, 75, 76, 79, 81, 82, 83, 85, 87, 88, 92, 93, 95, 96, 99, 100, 101, 115, 116, 124, 134, 142, 161, 167, 169, 170, 186, 202, 240, 244, 254, 260, 267, 277, 300, 303, 307, 310, 322, 331, 376, 485, 491, 493, 495, 499, 503, 504, 506, 508, 515, 518, 519, 521, 524, 526, 528, 533, 537, 539, 542, 543, 547, 548, 549, 550, 551, 553, 554, 556, 558, 559, 563, 564, 566, 567, 570, 571, 572, 586, 587, 595, 605, 613, 633, 639, 640, 641, 657, 672, 704, 717, 726, 736, 759, 761, 765, 768, 780, 788, 792, 826]",[],"[151, 152, 153, 622, 623, 624, 625]","[0, 5, 7, 10, 14, 19, 20, 22, 24, 32, 33, 34, 37, 38, 40, 44, 46, 48, 49, 51, 56, 61, 63, 65, 67, 68, 73, 74, 75, 76, 79, 81, 82, 83, 85, 87, 88, 92, 93, 95, 96, 99, 100, 101, 103, 104, 105, 106, 107, 108, 109, 110, 111, 112, 113, 114, 115, 116, 117, 118, 119, 120, 121, 122, 123, 124, 125, 126, 127, 128, 129, 130, 131, 132, 133, 134, 135, 136, 137, 138, 139, 140, 141, 142, 143, 144, 145, 146, 147, 148, 149, 150, 151, 152, 153, 154, 155, 156, 157, 158, 159, 160, 161, 162, 163, 164, 165, 166, 167, 168, 169, 170, 171, 172, 173, 174, 175, 176, 177, 178, 179, 180, 181, 182, 183, 184, 185, 186, 187, 188, 189, 190, 191, 192, 193, 194, 195, 196, 197, 198, 199, 200, 201, 202, 203, 204, 205, 206, 207, 208, 209, 210, 211, 212, 213, 214, 215, 216, 217, 218, 219, 220, 221, 222, 223, 224, 225, 226, 227, 228, 229, 230, 231, 232, 233, 234, 235, 236, 237, 238, 239, 240, 241, 242, 243, 244, 245, 246, 247, 248, 249, 250, 251, 252, 253, 254, 255, 256, 257, 258, 259, 260, 261, 262, 263, 264, 265, 266, 267, 268, 269, 270, 271, 272, 273, 274, 275, 276, 277, 278, 279, 280, 281, 282, 283, 284, 285, 286, 287, 288, 289, 290, 291, 292, 293, 294, 295, 296, 297, 298, 299, 300, 301, 302, 303, 304, 305, 306, 307, 308, 309, 310, 311, 312, 313, 314, 315, 316, 317, 318, 319, 320, 321, 322, 323, 324, 325, 326, 327, 328, 329, 330, 331, 332, 333, 334, 335, 336, 337, 376, 485, 491, 493, 495, 499, 503, 504, 506, 508, 515, 518, 519, 521, 524, 526, 528, 533, 537, 539, 542, 543, 547, 548, 549, 550, 551, 553, 554, 556, 558, 559, 563, 564, 566, 567, 570, 571, 572, 574, 575, 576, 577, 578, 579, 580, 581, 582, 583, 584, 585, 586, 587, 588, 589, 590, 591, 592, 593, 594, 595, 596, 597, 598, 599, 600, 601, 602, 603, 604, 605, 606, 607, 608, 609, 610, 611, 612, 613, 614, 615, 616, 617, 618, 619, 620, 621, 622, 623, 624, 625, 626, 627, 628, 629, 630, 631, 632, 633, 634, 635, 636, 637, 638, 639, 640, 641, 642, 643, 644, 645, 646, 647, 648, 649, 650, 651, 652, 653, 654, 655, 656, 657, 658, 659, 660, 661, 662, 663, 664, 665, 666, 667, 668, 669, 670, 671, 672, 673, 674, 675, 676, 677, 678, 679, 680, 681, 682, 683, 684, 685, 686, 687, 688, 689, 690, 691, 692, 693, 694, 695, 696, 697, 698, 699, 700, 701, 702, 703, 704, 705, 706, 707, 708, 709, 710, 711, 712, 713, 714, 715, 716, 717, 718, 719, 720, 721, 722, 723, 724, 725, 726, 727, 728, 729, 730, 731, 732, 733, 734, 735, 736, 737, 738, 739, 740, 741, 742, 743, 744, 745, 746, 747, 748, 749, 750, 751, 752, 753, 754, 755, 756, 757, 758, 759, 760, 761, 762, 763, 764, 765, 766, 767, 768, 769, 770, 771, 772, 773, 774, 775, 776, 777, 778, 779, 780, 781, 782, 783, 784, 785, 786, 787, 788, 789, 790, 791, 792, 793, 826]",True,"[115, 116, 169, 170, 586, 587, 640, 641]","[103, 104, 105, 106, 107, 108, 109, 110, 111, 112, 113, 114, 115, 116, 117, 118, 119, 120, 121, 122, 123, 124, 125, 126, 127, 128, 129, 130, 131, 132, 133, 134, 135, 136, 137, 138, 139, 140, 141, 142, 143, 144, 145, 146, 147, 148, 149, 150, 151, 152, 153, 154, 155, 156, 157, 158, 159, 160, 161, 162, 163, 164, 165, 166, 167, 168, 169, 170, 171, 172, 173, 174, 175, 176, 177, 178, 179, 180, 181, 182, 183, 184, 185, 186, 187, 188, 189, 190, 191, 192, 193, 194, 195, 196, 197, 198, 199, 200, 201, 202, 203, 204, 205, 206, 207, 208, 209, 210, 211, 212, 213, 214, 215, 216, 217, 218, 219, 220, 221, 222, 223, 224, 225, 226, 227, 228, 229, 230, 231, 232, 233, 234, 235, 236, 237, 238, 239, 240, 241, 242, 243, 244, 245, 246, 247, 248, 249, 250, 251, 252, 253, 254, 255, 256, 257, 258, 259, 260, 261, 262, 263, 264, 265, 266, 267, 268, 269, 270, 271, 272, 273, 274, 275, 276, 277, 278, 279, 280, 281, 282, 283, 284, 285, 286, 287, 288, 289, 290, 291, 292, 293, 294, 295, 296, 297, 298, 299, 300, 301, 302, 303, 304, 305, 306, 307, 308, 309, 310, 311, 312, 313, 314, 315, 316, 317, 318, 319, 320, 321, 322, 323, 324, 325, 326, 327, 328, 329, 330, 331, 332, 333, 334, 335, 336, 337, 574, 575, 576, 577, 578, 579, 580, 581, 582, 583, 584, 585, 586, 587, 588, 589, 590, 591, 592, 593, 594, 595, 596, 597, 598, 599, 600, 601, 602, 603, 604, 605, 606, 607, 608, 609, 610, 611, 612, 613, 614, 615, 616, 617, 618, 619, 620, 621, 622, 623, 624, 625, 626, 627, 628, 629, 630, 631, 632, 633, 634, 635, 636, 637, 638, 639, 640, 641, 642, 643, 644, 645, 646, 647, 648, 649, 650, 651, 652, 653, 654, 655, 656, 657, 658, 659, 660, 661, 662, 663, 664, 665, 666, 667, 668, 669, 670, 671, 672, 673, 674, 675, 676, 677, 678, 679, 680, 681, 682, 683, 684, 685, 686, 687, 688, 689, 690, 691, 692, 693, 694, 695, 696, 697, 698, 699, 700, 701, 702, 703, 704, 705, 706, 707, 708, 709, 710, 711, 712, 713, 714, 715, 716, 717, 718, 719, 720, 721, 722, 723, 724, 725, 726, 727, 728, 729, 730, 731, 732, 733, 734, 735, 736, 737, 738, 739, 740, 741, 742, 743, 744, 745, 746, 747, 748, 749, 750, 751, 752, 753, 754, 755, 756, 757, 758, 759, 760, 761, 762, 763, 764, 765, 766, 767, 768, 769, 770, 771, 772, 773, 774, 775, 776, 777, 778, 779, 780, 781, 782, 783, 784, 785, 786, 787, 788, 789, 790, 791, 792, 793]","[115, 116, 161, 169, 170, 244, 303, 586, 587, 633, 640, 641, 761, 792]","[115, 586]","[0, 5, 7, 10, 14, 19, 20, 22, 24, 32, 33, 34, 37, 38, 40, 44, 46, 48, 49, 51, 56, 61, 63, 65, 67, 68, 73, 74, 75, 76, 79, 81, 82, 83, 85, 87, 88, 92, 93, 95, 96, 99, 100, 101, 115, 116, 124, 134, 142, 161, 167, 169, 170, 186, 202, 240, 244, 254, 260, 267, 277, 300, 303, 307, 310, 322, 331, 376, 485, 491, 493, 495, 499, 503, 504, 506, 508, 515, 518, 519, 521, 524, 526, 528, 533, 537, 539, 542, 543, 547, 548, 549, 550, 551, 553, 554, 556, 558, 559, 563, 564, 566, 567, 570, 571, 572, 586, 587, 595, 605, 613, 633, 639, 640, 641, 657, 672, 704, 717, 726, 736, 759, 761, 765, 768, 780, 788, 792, 826]","[151, 152, 153, 622, 623, 624, 625]",[],5/6 successful match,True,,False,285,False,,1.0,True,EZ Truck Stop,
C Fontana ( 92335 ) 76 Truck Stop,7 909-822-5599 I-10 Exit 63 ( Citrus N to 16111 Valley ),24 D <U+25A1>,Fontana,92335,76 Truck Stop,909-822-5599,2014,Fontana,CA,,( Citrus N to 16111 Valley ),I-10 Exit 63 ,Exit,63,False,,False,I-10,,,,,"[586, 115]","[115, 116, 169, 170, 586, 587, 640, 641]","[115, 116, 161, 169, 170, 244, 303, 586, 587, 633, 640, 641, 761, 792]","[115, 586]","[103, 104, 105, 106, 107, 108, 109, 110, 111, 112, 113, 114, 115, 116, 117, 118, 119, 120, 121, 122, 123, 124, 125, 126, 127, 128, 129, 130, 131, 132, 133, 134, 135, 136, 137, 138, 139, 140, 141, 142, 143, 144, 145, 146, 147, 148, 149, 150, 151, 152, 153, 154, 155, 156, 157, 158, 159, 160, 161, 162, 163, 164, 165, 166, 167, 168, 169, 170, 171, 172, 173, 174, 175, 176, 177, 178, 179, 180, 181, 182, 183, 184, 185, 186, 187, 188, 189, 190, 191, 192, 193, 194, 195, 196, 197, 198, 199, 200, 201, 202, 203, 204, 205, 206, 207, 208, 209, 210, 211, 212, 213, 214, 215, 216, 217, 218, 219, 220, 221, 222, 223, 224, 225, 226, 227, 228, 229, 230, 231, 232, 233, 234, 235, 236, 237, 238, 239, 240, 241, 242, 243, 244, 245, 246, 247, 248, 249, 250, 251, 252, 253, 254, 255, 256, 257, 258, 259, 260, 261, 262, 263, 264, 265, 266, 267, 268, 269, 270, 271, 272, 273, 274, 275, 276, 277, 278, 279, 280, 281, 282, 283, 284, 285, 286, 287, 288, 289, 290, 291, 292, 293, 294, 295, 296, 297, 298, 299, 300, 301, 302, 303, 304, 305, 306, 307, 308, 309, 310, 311, 312, 313, 314, 315, 316, 317, 318, 319, 320, 321, 322, 323, 324, 325, 326, 327, 328, 329, 330, 331, 332, 333, 334, 335, 336, 337, 574, 575, 576, 577, 578, 579, 580, 581, 582, 583, 584, 585, 586, 587, 588, 589, 590, 591, 592, 593, 594, 595, 596, 597, 598, 599, 600, 601, 602, 603, 604, 605, 606, 607, 608, 609, 610, 611, 612, 613, 614, 615, 616, 617, 618, 619, 620, 621, 622, 623, 624, 625, 626, 627, 628, 629, 630, 631, 632, 633, 634, 635, 636, 637, 638, 639, 640, 641, 642, 643, 644, 645, 646, 647, 648, 649, 650, 651, 652, 653, 654, 655, 656, 657, 658, 659, 660, 661, 662, 663, 664, 665, 666, 667, 668, 669, 670, 671, 672, 673, 674, 675, 676, 677, 678, 679, 680, 681, 682, 683, 684, 685, 686, 687, 688, 689, 690, 691, 692, 693, 694, 695, 696, 697, 698, 699, 700, 701, 702, 703, 704, 705, 706, 707, 708, 709, 710, 711, 712, 713, 714, 715, 716, 717, 718, 719, 720, 721, 722, 723, 724, 725, 726, 727, 728, 729, 730, 731, 732, 733, 734, 735, 736, 737, 738, 739, 740, 741, 742, 743, 744, 745, 746, 747, 748, 749, 750, 751, 752, 753, 754, 755, 756, 757, 758, 759, 760, 761, 762, 763, 764, 765, 766, 767, 768, 769, 770, 771, 772, 773, 774, 775, 776, 777, 778, 779, 780, 781, 782, 783, 784, 785, 786, 787, 788, 789, 790, 791, 792, 793]","[0, 5, 7, 10, 14, 19, 20, 22, 24, 32, 33, 34, 37, 38, 40, 44, 46, 48, 49, 51, 56, 61, 63, 65, 67, 68, 73, 74, 75, 76, 79, 81, 82, 83, 85, 87, 88, 92, 93, 95, 96, 99, 100, 101, 115, 116, 124, 134, 142, 161, 167, 169, 170, 186, 202, 240, 244, 254, 260, 267, 277, 300, 303, 307, 310, 322, 331, 376, 485, 491, 493, 495, 499, 503, 504, 506, 508, 515, 518, 519, 521, 524, 526, 528, 533, 537, 539, 542, 543, 547, 548, 549, 550, 551, 553, 554, 556, 558, 559, 563, 564, 566, 567, 570, 571, 572, 586, 587, 595, 605, 613, 633, 639, 640, 641, 657, 672, 704, 717, 726, 736, 759, 761, 765, 768, 780, 788, 792, 826]",[],"[84, 87, 89, 114, 115, 117, 124, 132, 135, 144, 152, 178, 239, 268, 281, 297, 318, 320, 327, 348, 394, 555, 558, 560, 585, 586, 588, 595, 603, 606, 615, 623, 649, 703, 727, 740, 756, 776, 778, 785, 803, 844]","[0, 5, 7, 10, 14, 19, 20, 22, 24, 32, 33, 34, 37, 38, 40, 44, 46, 48, 49, 51, 56, 61, 63, 65, 67, 68, 73, 74, 75, 76, 79, 81, 82, 83, 84, 85, 87, 88, 89, 92, 93, 95, 96, 99, 100, 101, 103, 104, 105, 106, 107, 108, 109, 110, 111, 112, 113, 114, 115, 116, 117, 118, 119, 120, 121, 122, 123, 124, 125, 126, 127, 128, 129, 130, 131, 132, 133, 134, 135, 136, 137, 138, 139, 140, 141, 142, 143, 144, 145, 146, 147, 148, 149, 150, 151, 152, 153, 154, 155, 156, 157, 158, 159, 160, 161, 162, 163, 164, 165, 166, 167, 168, 169, 170, 171, 172, 173, 174, 175, 176, 177, 178, 179, 180, 181, 182, 183, 184, 185, 186, 187, 188, 189, 190, 191, 192, 193, 194, 195, 196, 197, 198, 199, 200, 201, 202, 203, 204, 205, 206, 207, 208, 209, 210, 211, 212, 213, 214, 215, 216, 217, 218, 219, 220, 221, 222, 223, 224, 225, 226, 227, 228, 229, 230, 231, 232, 233, 234, 235, 236, 237, 238, 239, 240, 241, 242, 243, 244, 245, 246, 247, 248, 249, 250, 251, 252, 253, 254, 255, 256, 257, 258, 259, 260, 261, 262, 263, 264, 265, 266, 267, 268, 269, 270, 271, 272, 273, 274, 275, 276, 277, 278, 279, 280, 281, 282, 283, 284, 285, 286, 287, 288, 289, 290, 291, 292, 293, 294, 295, 296, 297, 298, 299, 300, 301, 302, 303, 304, 305, 306, 307, 308, 309, 310, 311, 312, 313, 314, 315, 316, 317, 318, 319, 320, 321, 322, 323, 324, 325, 326, 327, 328, 329, 330, 331, 332, 333, 334, 335, 336, 337, 348, 376, 394, 485, 491, 493, 495, 499, 503, 504, 506, 508, 515, 518, 519, 521, 524, 526, 528, 533, 537, 539, 542, 543, 547, 548, 549, 550, 551, 553, 554, 555, 556, 558, 559, 560, 563, 564, 566, 567, 570, 571, 572, 574, 575, 576, 577, 578, 579, 580, 581, 582, 583, 584, 585, 586, 587, 588, 589, 590, 591, 592, 593, 594, 595, 596, 597, 598, 599, 600, 601, 602, 603, 604, 605, 606, 607, 608, 609, 610, 611, 612, 613, 614, 615, 616, 617, 618, 619, 620, 621, 622, 623, 624, 625, 626, 627, 628, 629, 630, 631, 632, 633, 634, 635, 636, 637, 638, 639, 640, 641, 642, 643, 644, 645, 646, 647, 648, 649, 650, 651, 652, 653, 654, 655, 656, 657, 658, 659, 660, 661, 662, 663, 664, 665, 666, 667, 668, 669, 670, 671, 672, 673, 674, 675, 676, 677, 678, 679, 680, 681, 682, 683, 684, 685, 686, 687, 688, 689, 690, 691, 692, 693, 694, 695, 696, 697, 698, 699, 700, 701, 702, 703, 704, 705, 706, 707, 708, 709, 710, 711, 712, 713, 714, 715, 716, 717, 718, 719, 720, 721, 722, 723, 724, 725, 726, 727, 728, 729, 730, 731, 732, 733, 734, 735, 736, 737, 738, 739, 740, 741, 742, 743, 744, 745, 746, 747, 748, 749, 750, 751, 752, 753, 754, 755, 756, 757, 758, 759, 760, 761, 762, 763, 764, 765, 766, 767, 768, 769, 770, 771, 772, 773, 774, 775, 776, 777, 778, 779, 780, 781, 782, 783, 784, 785, 786, 787, 788, 789, 790, 791, 792, 793, 803, 826, 844]",True,"[115, 116, 169, 170, 586, 587, 640, 641]","[103, 104, 105, 106, 107, 108, 109, 110, 111, 112, 113, 114, 115, 116, 117, 118, 119, 120, 121, 122, 123, 124, 125, 126, 127, 128, 129, 130, 131, 132, 133, 134, 135, 136, 137, 138, 139, 140, 141, 142, 143, 144, 145, 146, 147, 148, 149, 150, 151, 152, 153, 154, 155, 156, 157, 158, 159, 160, 161, 162, 163, 164, 165, 166, 167, 168, 169, 170, 171, 172, 173, 174, 175, 176, 177, 178, 179, 180, 181, 182, 183, 184, 185, 186, 187, 188, 189, 190, 191, 192, 193, 194, 195, 196, 197, 198, 199, 200, 201, 202, 203, 204, 205, 206, 207, 208, 209, 210, 211, 212, 213, 214, 215, 216, 217, 218, 219, 220, 221, 222, 223, 224, 225, 226, 227, 228, 229, 230, 231, 232, 233, 234, 235, 236, 237, 238, 239, 240, 241, 242, 243, 244, 245, 246, 247, 248, 249, 250, 251, 252, 253, 254, 255, 256, 257, 258, 259, 260, 261, 262, 263, 264, 265, 266, 267, 268, 269, 270, 271, 272, 273, 274, 275, 276, 277, 278, 279, 280, 281, 282, 283, 284, 285, 286, 287, 288, 289, 290, 291, 292, 293, 294, 295, 296, 297, 298, 299, 300, 301, 302, 303, 304, 305, 306, 307, 308, 309, 310, 311, 312, 313, 314, 315, 316, 317, 318, 319, 320, 321, 322, 323, 324, 325, 326, 327, 328, 329, 330, 331, 332, 333, 334, 335, 336, 337, 574, 575, 576, 577, 578, 579, 580, 581, 582, 583, 584, 585, 586, 587, 588, 589, 590, 591, 592, 593, 594, 595, 596, 597, 598, 599, 600, 601, 602, 603, 604, 605, 606, 607, 608, 609, 610, 611, 612, 613, 614, 615, 616, 617, 618, 619, 620, 621, 622, 623, 624, 625, 626, 627, 628, 629, 630, 631, 632, 633, 634, 635, 636, 637, 638, 639, 640, 641, 642, 643, 644, 645, 646, 647, 648, 649, 650, 651, 652, 653, 654, 655, 656, 657, 658, 659, 660, 661, 662, 663, 664, 665, 666, 667, 668, 669, 670, 671, 672, 673, 674, 675, 676, 677, 678, 679, 680, 681, 682, 683, 684, 685, 686, 687, 688, 689, 690, 691, 692, 693, 694, 695, 696, 697, 698, 699, 700, 701, 702, 703, 704, 705, 706, 707, 708, 709, 710, 711, 712, 713, 714, 715, 716, 717, 718, 719, 720, 721, 722, 723, 724, 725, 726, 727, 728, 729, 730, 731, 732, 733, 734, 735, 736, 737, 738, 739, 740, 741, 742, 743, 744, 745, 746, 747, 748, 749, 750, 751, 752, 753, 754, 755, 756, 757, 758, 759, 760, 761, 762, 763, 764, 765, 766, 767, 768, 769, 770, 771, 772, 773, 774, 775, 776, 777, 778, 779, 780, 781, 782, 783, 784, 785, 786, 787, 788, 789, 790, 791, 792, 793]","[115, 116, 161, 169, 170, 244, 303, 586, 587, 633, 640, 641, 761, 792]","[115, 586]","[0, 5, 7, 10, 14, 19, 20, 22, 24, 32, 33, 34, 37, 38, 40, 44, 46, 48, 49, 51, 56, 61, 63, 65, 67, 68, 73, 74, 75, 76, 79, 81, 82, 83, 85, 87, 88, 92, 93, 95, 96, 99, 100, 101, 115, 116, 124, 134, 142, 161, 167, 169, 170, 186, 202, 240, 244, 254, 260, 267, 277, 300, 303, 307, 310, 322, 331, 376, 485, 491, 493, 495, 499, 503, 504, 506, 508, 515, 518, 519, 521, 524, 526, 528, 533, 537, 539, 542, 543, 547, 548, 549, 550, 551, 553, 554, 556, 558, 559, 563, 564, 566, 567, 570, 571, 572, 586, 587, 595, 605, 613, 633, 639, 640, 641, 657, 672, 704, 717, 726, 736, 759, 761, 765, 768, 780, 788, 792, 826]","[84, 87, 89, 114, 115, 117, 124, 132, 135, 144, 152, 178, 239, 268, 281, 297, 318, 320, 327, 348, 394, 555, 558, 560, 585, 586, 588, 595, 603, 606, 615, 623, 649, 703, 727, 740, 756, 776, 778, 785, 803, 844]",[],7/6 successful match,True,,False,285,False,,0.8461538461538461,True,EZ Truck Stop,
"Fontana ( 92335 ) 76 Truck Stop 61 ( N , 1 blk W on Valley )",909-822-5599 I-10 Exit 63 (,24 E D DO,Fontana,92335,"76 Truck Stop 61 ( N , 1 blk W on Valley )",909-822-5599,2015,Fontana,CA,,(,I-10 Exit 63 ,Exit,63,False,,False,I-10,,,,,"[586, 115]","[115, 116, 169, 170, 586, 587, 640, 641]","[115, 116, 161, 169, 170, 244, 303, 586, 587, 633, 640, 641, 761, 792]","[115, 586]","[103, 104, 105, 106, 107, 108, 109, 110, 111, 112, 113, 114, 115, 116, 117, 118, 119, 120, 121, 122, 123, 124, 125, 126, 127, 128, 129, 130, 131, 132, 133, 134, 135, 136, 137, 138, 139, 140, 141, 142, 143, 144, 145, 146, 147, 148, 149, 150, 151, 152, 153, 154, 155, 156, 157, 158, 159, 160, 161, 162, 163, 164, 165, 166, 167, 168, 169, 170, 171, 172, 173, 174, 175, 176, 177, 178, 179, 180, 181, 182, 183, 184, 185, 186, 187, 188, 189, 190, 191, 192, 193, 194, 195, 196, 197, 198, 199, 200, 201, 202, 203, 204, 205, 206, 207, 208, 209, 210, 211, 212, 213, 214, 215, 216, 217, 218, 219, 220, 221, 222, 223, 224, 225, 226, 227, 228, 229, 230, 231, 232, 233, 234, 235, 236, 237, 238, 239, 240, 241, 242, 243, 244, 245, 246, 247, 248, 249, 250, 251, 252, 253, 254, 255, 256, 257, 258, 259, 260, 261, 262, 263, 264, 265, 266, 267, 268, 269, 270, 271, 272, 273, 274, 275, 276, 277, 278, 279, 280, 281, 282, 283, 284, 285, 286, 287, 288, 289, 290, 291, 292, 293, 294, 295, 296, 297, 298, 299, 300, 301, 302, 303, 304, 305, 306, 307, 308, 309, 310, 311, 312, 313, 314, 315, 316, 317, 318, 319, 320, 321, 322, 323, 324, 325, 326, 327, 328, 329, 330, 331, 332, 333, 334, 335, 336, 337, 574, 575, 576, 577, 578, 579, 580, 581, 582, 583, 584, 585, 586, 587, 588, 589, 590, 591, 592, 593, 594, 595, 596, 597, 598, 599, 600, 601, 602, 603, 604, 605, 606, 607, 608, 609, 610, 611, 612, 613, 614, 615, 616, 617, 618, 619, 620, 621, 622, 623, 624, 625, 626, 627, 628, 629, 630, 631, 632, 633, 634, 635, 636, 637, 638, 639, 640, 641, 642, 643, 644, 645, 646, 647, 648, 649, 650, 651, 652, 653, 654, 655, 656, 657, 658, 659, 660, 661, 662, 663, 664, 665, 666, 667, 668, 669, 670, 671, 672, 673, 674, 675, 676, 677, 678, 679, 680, 681, 682, 683, 684, 685, 686, 687, 688, 689, 690, 691, 692, 693, 694, 695, 696, 697, 698, 699, 700, 701, 702, 703, 704, 705, 706, 707, 708, 709, 710, 711, 712, 713, 714, 715, 716, 717, 718, 719, 720, 721, 722, 723, 724, 725, 726, 727, 728, 729, 730, 731, 732, 733, 734, 735, 736, 737, 738, 739, 740, 741, 742, 743, 744, 745, 746, 747, 748, 749, 750, 751, 752, 753, 754, 755, 756, 757, 758, 759, 760, 761, 762, 763, 764, 765, 766, 767, 768, 769, 770, 771, 772, 773, 774, 775, 776, 777, 778, 779, 780, 781, 782, 783, 784, 785, 786, 787, 788, 789, 790, 791, 792, 793]","[0, 5, 7, 10, 14, 19, 20, 22, 24, 32, 33, 34, 37, 38, 40, 44, 46, 48, 49, 51, 56, 61, 63, 65, 67, 68, 73, 74, 75, 76, 79, 81, 82, 83, 85, 87, 88, 92, 93, 95, 96, 99, 100, 101, 115, 116, 124, 134, 142, 161, 167, 169, 170, 186, 202, 240, 244, 254, 260, 267, 277, 300, 303, 307, 310, 322, 331, 376, 485, 491, 493, 495, 499, 503, 504, 506, 508, 515, 518, 519, 521, 524, 526, 528, 533, 537, 539, 542, 543, 547, 548, 549, 550, 551, 553, 554, 556, 558, 559, 563, 564, 566, 567, 570, 571, 572, 586, 587, 595, 605, 613, 633, 639, 640, 641, 657, 672, 704, 717, 726, 736, 759, 761, 765, 768, 780, 788, 792, 826]",[],"[84, 87, 89, 114, 115, 117, 124, 132, 135, 144, 152, 154, 178, 218, 239, 268, 279, 281, 297, 318, 320, 321, 322, 323, 324, 325, 326, 327, 348, 394, 401, 555, 558, 560, 585, 586, 588, 595, 603, 606, 615, 623, 626, 649, 686, 703, 727, 738, 740, 756, 776, 778, 779, 780, 781, 782, 783, 784, 785, 803, 844, 850]","[0, 5, 7, 10, 14, 19, 20, 22, 24, 32, 33, 34, 37, 38, 40, 44, 46, 48, 49, 51, 56, 61, 63, 65, 67, 68, 73, 74, 75, 76, 79, 81, 82, 83, 84, 85, 87, 88, 89, 92, 93, 95, 96, 99, 100, 101, 103, 104, 105, 106, 107, 108, 109, 110, 111, 112, 113, 114, 115, 116, 117, 118, 119, 120, 121, 122, 123, 124, 125, 126, 127, 128, 129, 130, 131, 132, 133, 134, 135, 136, 137, 138, 139, 140, 141, 142, 143, 144, 145, 146, 147, 148, 149, 150, 151, 152, 153, 154, 155, 156, 157, 158, 159, 160, 161, 162, 163, 164, 165, 166, 167, 168, 169, 170, 171, 172, 173, 174, 175, 176, 177, 178, 179, 180, 181, 182, 183, 184, 185, 186, 187, 188, 189, 190, 191, 192, 193, 194, 195, 196, 197, 198, 199, 200, 201, 202, 203, 204, 205, 206, 207, 208, 209, 210, 211, 212, 213, 214, 215, 216, 217, 218, 219, 220, 221, 222, 223, 224, 225, 226, 227, 228, 229, 230, 231, 232, 233, 234, 235, 236, 237, 238, 239, 240, 241, 242, 243, 244, 245, 246, 247, 248, 249, 250, 251, 252, 253, 254, 255, 256, 257, 258, 259, 260, 261, 262, 263, 264, 265, 266, 267, 268, 269, 270, 271, 272, 273, 274, 275, 276, 277, 278, 279, 280, 281, 282, 283, 284, 285, 286, 287, 288, 289, 290, 291, 292, 293, 294, 295, 296, 297, 298, 299, 300, 301, 302, 303, 304, 305, 306, 307, 308, 309, 310, 311, 312, 313, 314, 315, 316, 317, 318, 319, 320, 321, 322, 323, 324, 325, 326, 327, 328, 329, 330, 331, 332, 333, 334, 335, 336, 337, 348, 376, 394, 401, 485, 491, 493, 495, 499, 503, 504, 506, 508, 515, 518, 519, 521, 524, 526, 528, 533, 537, 539, 542, 543, 547, 548, 549, 550, 551, 553, 554, 555, 556, 558, 559, 560, 563, 564, 566, 567, 570, 571, 572, 574, 575, 576, 577, 578, 579, 580, 581, 582, 583, 584, 585, 586, 587, 588, 589, 590, 591, 592, 593, 594, 595, 596, 597, 598, 599, 600, 601, 602, 603, 604, 605, 606, 607, 608, 609, 610, 611, 612, 613, 614, 615, 616, 617, 618, 619, 620, 621, 622, 623, 624, 625, 626, 627, 628, 629, 630, 631, 632, 633, 634, 635, 636, 637, 638, 639, 640, 641, 642, 643, 644, 645, 646, 647, 648, 649, 650, 651, 652, 653, 654, 655, 656, 657, 658, 659, 660, 661, 662, 663, 664, 665, 666, 667, 668, 669, 670, 671, 672, 673, 674, 675, 676, 677, 678, 679, 680, 681, 682, 683, 684, 685, 686, 687, 688, 689, 690, 691, 692, 693, 694, 695, 696, 697, 698, 699, 700, 701, 702, 703, 704, 705, 706, 707, 708, 709, 710, 711, 712, 713, 714, 715, 716, 717, 718, 719, 720, 721, 722, 723, 724, 725, 726, 727, 728, 729, 730, 731, 732, 733, 734, 735, 736, 737, 738, 739, 740, 741, 742, 743, 744, 745, 746, 747, 748, 749, 750, 751, 752, 753, 754, 755, 756, 757, 758, 759, 760, 761, 762, 763, 764, 765, 766, 767, 768, 769, 770, 771, 772, 773, 774, 775, 776, 777, 778, 779, 780, 781, 782, 783, 784, 785, 786, 787, 788, 789, 790, 791, 792, 793, 803, 826, 844, 850]",True,"[115, 116, 169, 170, 586, 587, 640, 641]","[103, 104, 105, 106, 107, 108, 109, 110, 111, 112, 113, 114, 115, 116, 117, 118, 119, 120, 121, 122, 123, 124, 125, 126, 127, 128, 129, 130, 131, 132, 133, 134, 135, 136, 137, 138, 139, 140, 141, 142, 143, 144, 145, 146, 147, 148, 149, 150, 151, 152, 153, 154, 155, 156, 157, 158, 159, 160, 161, 162, 163, 164, 165, 166, 167, 168, 169, 170, 171, 172, 173, 174, 175, 176, 177, 178, 179, 180, 181, 182, 183, 184, 185, 186, 187, 188, 189, 190, 191, 192, 193, 194, 195, 196, 197, 198, 199, 200, 201, 202, 203, 204, 205, 206, 207, 208, 209, 210, 211, 212, 213, 214, 215, 216, 217, 218, 219, 220, 221, 222, 223, 224, 225, 226, 227, 228, 229, 230, 231, 232, 233, 234, 235, 236, 237, 238, 239, 240, 241, 242, 243, 244, 245, 246, 247, 248, 249, 250, 251, 252, 253, 254, 255, 256, 257, 258, 259, 260, 261, 262, 263, 264, 265, 266, 267, 268, 269, 270, 271, 272, 273, 274, 275, 276, 277, 278, 279, 280, 281, 282, 283, 284, 285, 286, 287, 288, 289, 290, 291, 292, 293, 294, 295, 296, 297, 298, 299, 300, 301, 302, 303, 304, 305, 306, 307, 308, 309, 310, 311, 312, 313, 314, 315, 316, 317, 318, 319, 320, 321, 322, 323, 324, 325, 326, 327, 328, 329, 330, 331, 332, 333, 334, 335, 336, 337, 574, 575, 576, 577, 578, 579, 580, 581, 582, 583, 584, 585, 586, 587, 588, 589, 590, 591, 592, 593, 594, 595, 596, 597, 598, 599, 600, 601, 602, 603, 604, 605, 606, 607, 608, 609, 610, 611, 612, 613, 614, 615, 616, 617, 618, 619, 620, 621, 622, 623, 624, 625, 626, 627, 628, 629, 630, 631, 632, 633, 634, 635, 636, 637, 638, 639, 640, 641, 642, 643, 644, 645, 646, 647, 648, 649, 650, 651, 652, 653, 654, 655, 656, 657, 658, 659, 660, 661, 662, 663, 664, 665, 666, 667, 668, 669, 670, 671, 672, 673, 674, 675, 676, 677, 678, 679, 680, 681, 682, 683, 684, 685, 686, 687, 688, 689, 690, 691, 692, 693, 694, 695, 696, 697, 698, 699, 700, 701, 702, 703, 704, 705, 706, 707, 708, 709, 710, 711, 712, 713, 714, 715, 716, 717, 718, 719, 720, 721, 722, 723, 724, 725, 726, 727, 728, 729, 730, 731, 732, 733, 734, 735, 736, 737, 738, 739, 740, 741, 742, 743, 744, 745, 746, 747, 748, 749, 750, 751, 752, 753, 754, 755, 756, 757, 758, 759, 760, 761, 762, 763, 764, 765, 766, 767, 768, 769, 770, 771, 772, 773, 774, 775, 776, 777, 778, 779, 780, 781, 782, 783, 784, 785, 786, 787, 788, 789, 790, 791, 792, 793]","[115, 116, 161, 169, 170, 244, 303, 586, 587, 633, 640, 641, 761, 792]","[115, 586]","[0, 5, 7, 10, 14, 19, 20, 22, 24, 32, 33, 34, 37, 38, 40, 44, 46, 48, 49, 51, 56, 61, 63, 65, 67, 68, 73, 74, 75, 76, 79, 81, 82, 83, 85, 87, 88, 92, 93, 95, 96, 99, 100, 101, 115, 116, 124, 134, 142, 161, 167, 169, 170, 186, 202, 240, 244, 254, 260, 267, 277, 300, 303, 307, 310, 322, 331, 376, 485, 491, 493, 495, 499, 503, 504, 506, 508, 515, 518, 519, 521, 524, 526, 528, 533, 537, 539, 542, 543, 547, 548, 549, 550, 551, 553, 554, 556, 558, 559, 563, 564, 566, 567, 570, 571, 572, 586, 587, 595, 605, 613, 633, 639, 640, 641, 657, 672, 704, 717, 726, 736, 759, 761, 765, 768, 780, 788, 792, 826]","[84, 87, 89, 114, 115, 117, 124, 132, 135, 144, 152, 154, 178, 218, 239, 268, 279, 281, 297, 318, 320, 321, 322, 323, 324, 325, 326, 327, 348, 394, 401, 555, 558, 560, 585, 586, 588, 595, 603, 606, 615, 623, 626, 649, 686, 703, 727, 738, 740, 756, 776, 778, 779, 780, 781, 782, 783, 784, 785, 803, 844, 850]",[],7/6 successful match,True,,False,285,False,,0.44181818181818183,True,76 Truck Stop,
"Fontana ( 92335 ) 76 Truck Stop ( N , 1 blk W on Valley )",909-822-5599 I-10 Exit 63 ( Citrus N to,24,Fontana,92335,"76 Truck Stop ( N , 1 blk W on Valley )",909-822-5599,2016,Fontana,CA,,( Citrus N to,I-10 Exit 63 ,Exit,63,False,,False,I-10,,,,,"[586, 115]","[115, 116, 169, 170, 586, 587, 640, 641]","[115, 116, 161, 169, 170, 244, 303, 586, 587, 633, 640, 641, 761, 792]","[115, 586]","[103, 104, 105, 106, 107, 108, 109, 110, 111, 112, 113, 114, 115, 116, 117, 118, 119, 120, 121, 122, 123, 124, 125, 126, 127, 128, 129, 130, 131, 132, 133, 134, 135, 136, 137, 138, 139, 140, 141, 142, 143, 144, 145, 146, 147, 148, 149, 150, 151, 152, 153, 154, 155, 156, 157, 158, 159, 160, 161, 162, 163, 164, 165, 166, 167, 168, 169, 170, 171, 172, 173, 174, 175, 176, 177, 178, 179, 180, 181, 182, 183, 184, 185, 186, 187, 188, 189, 190, 191, 192, 193, 194, 195, 196, 197, 198, 199, 200, 201, 202, 203, 204, 205, 206, 207, 208, 209, 210, 211, 212, 213, 214, 215, 216, 217, 218, 219, 220, 221, 222, 223, 224, 225, 226, 227, 228, 229, 230, 231, 232, 233, 234, 235, 236, 237, 238, 239, 240, 241, 242, 243, 244, 245, 246, 247, 248, 249, 250, 251, 252, 253, 254, 255, 256, 257, 258, 259, 260, 261, 262, 263, 264, 265, 266, 267, 268, 269, 270, 271, 272, 273, 274, 275, 276, 277, 278, 279, 280, 281, 282, 283, 284, 285, 286, 287, 288, 289, 290, 291, 292, 293, 294, 295, 296, 297, 298, 299, 300, 301, 302, 303, 304, 305, 306, 307, 308, 309, 310, 311, 312, 313, 314, 315, 316, 317, 318, 319, 320, 321, 322, 323, 324, 325, 326, 327, 328, 329, 330, 331, 332, 333, 334, 335, 336, 337, 574, 575, 576, 577, 578, 579, 580, 581, 582, 583, 584, 585, 586, 587, 588, 589, 590, 591, 592, 593, 594, 595, 596, 597, 598, 599, 600, 601, 602, 603, 604, 605, 606, 607, 608, 609, 610, 611, 612, 613, 614, 615, 616, 617, 618, 619, 620, 621, 622, 623, 624, 625, 626, 627, 628, 629, 630, 631, 632, 633, 634, 635, 636, 637, 638, 639, 640, 641, 642, 643, 644, 645, 646, 647, 648, 649, 650, 651, 652, 653, 654, 655, 656, 657, 658, 659, 660, 661, 662, 663, 664, 665, 666, 667, 668, 669, 670, 671, 672, 673, 674, 675, 676, 677, 678, 679, 680, 681, 682, 683, 684, 685, 686, 687, 688, 689, 690, 691, 692, 693, 694, 695, 696, 697, 698, 699, 700, 701, 702, 703, 704, 705, 706, 707, 708, 709, 710, 711, 712, 713, 714, 715, 716, 717, 718, 719, 720, 721, 722, 723, 724, 725, 726, 727, 728, 729, 730, 731, 732, 733, 734, 735, 736, 737, 738, 739, 740, 741, 742, 743, 744, 745, 746, 747, 748, 749, 750, 751, 752, 753, 754, 755, 756, 757, 758, 759, 760, 761, 762, 763, 764, 765, 766, 767, 768, 769, 770, 771, 772, 773, 774, 775, 776, 777, 778, 779, 780, 781, 782, 783, 784, 785, 786, 787, 788, 789, 790, 791, 792, 793]","[0, 5, 7, 10, 14, 19, 20, 22, 24, 32, 33, 34, 37, 38, 40, 44, 46, 48, 49, 51, 56, 61, 63, 65, 67, 68, 73, 74, 75, 76, 79, 81, 82, 83, 85, 87, 88, 92, 93, 95, 96, 99, 100, 101, 115, 116, 124, 134, 142, 161, 167, 169, 170, 186, 202, 240, 244, 254, 260, 267, 277, 300, 303, 307, 310, 322, 331, 376, 485, 491, 493, 495, 499, 503, 504, 506, 508, 515, 518, 519, 521, 524, 526, 528, 533, 537, 539, 542, 543, 547, 548, 549, 550, 551, 553, 554, 556, 558, 559, 563, 564, 566, 567, 570, 571, 572, 586, 587, 595, 605, 613, 633, 639, 640, 641, 657, 672, 704, 717, 726, 736, 759, 761, 765, 768, 780, 788, 792, 826]",[],"[84, 87, 89, 114, 115, 117, 124, 132, 135, 144, 152, 154, 178, 218, 239, 268, 279, 281, 297, 318, 320, 321, 322, 323, 324, 325, 326, 327, 348, 394, 401, 555, 558, 560, 585, 586, 588, 595, 603, 606, 615, 623, 626, 649, 686, 703, 727, 738, 740, 756, 776, 778, 779, 780, 781, 782, 783, 784, 785, 803, 844, 850]","[0, 5, 7, 10, 14, 19, 20, 22, 24, 32, 33, 34, 37, 38, 40, 44, 46, 48, 49, 51, 56, 61, 63, 65, 67, 68, 73, 74, 75, 76, 79, 81, 82, 83, 84, 85, 87, 88, 89, 92, 93, 95, 96, 99, 100, 101, 103, 104, 105, 106, 107, 108, 109, 110, 111, 112, 113, 114, 115, 116, 117, 118, 119, 120, 121, 122, 123, 124, 125, 126, 127, 128, 129, 130, 131, 132, 133, 134, 135, 136, 137, 138, 139, 140, 141, 142, 143, 144, 145, 146, 147, 148, 149, 150, 151, 152, 153, 154, 155, 156, 157, 158, 159, 160, 161, 162, 163, 164, 165, 166, 167, 168, 169, 170, 171, 172, 173, 174, 175, 176, 177, 178, 179, 180, 181, 182, 183, 184, 185, 186, 187, 188, 189, 190, 191, 192, 193, 194, 195, 196, 197, 198, 199, 200, 201, 202, 203, 204, 205, 206, 207, 208, 209, 210, 211, 212, 213, 214, 215, 216, 217, 218, 219, 220, 221, 222, 223, 224, 225, 226, 227, 228, 229, 230, 231, 232, 233, 234, 235, 236, 237, 238, 239, 240, 241, 242, 243, 244, 245, 246, 247, 248, 249, 250, 251, 252, 253, 254, 255, 256, 257, 258, 259, 260, 261, 262, 263, 264, 265, 266, 267, 268, 269, 270, 271, 272, 273, 274, 275, 276, 277, 278, 279, 280, 281, 282, 283, 284, 285, 286, 287, 288, 289, 290, 291, 292, 293, 294, 295, 296, 297, 298, 299, 300, 301, 302, 303, 304, 305, 306, 307, 308, 309, 310, 311, 312, 313, 314, 315, 316, 317, 318, 319, 320, 321, 322, 323, 324, 325, 326, 327, 328, 329, 330, 331, 332, 333, 334, 335, 336, 337, 348, 376, 394, 401, 485, 491, 493, 495, 499, 503, 504, 506, 508, 515, 518, 519, 521, 524, 526, 528, 533, 537, 539, 542, 543, 547, 548, 549, 550, 551, 553, 554, 555, 556, 558, 559, 560, 563, 564, 566, 567, 570, 571, 572, 574, 575, 576, 577, 578, 579, 580, 581, 582, 583, 584, 585, 586, 587, 588, 589, 590, 591, 592, 593, 594, 595, 596, 597, 598, 599, 600, 601, 602, 603, 604, 605, 606, 607, 608, 609, 610, 611, 612, 613, 614, 615, 616, 617, 618, 619, 620, 621, 622, 623, 624, 625, 626, 627, 628, 629, 630, 631, 632, 633, 634, 635, 636, 637, 638, 639, 640, 641, 642, 643, 644, 645, 646, 647, 648, 649, 650, 651, 652, 653, 654, 655, 656, 657, 658, 659, 660, 661, 662, 663, 664, 665, 666, 667, 668, 669, 670, 671, 672, 673, 674, 675, 676, 677, 678, 679, 680, 681, 682, 683, 684, 685, 686, 687, 688, 689, 690, 691, 692, 693, 694, 695, 696, 697, 698, 699, 700, 701, 702, 703, 704, 705, 706, 707, 708, 709, 710, 711, 712, 713, 714, 715, 716, 717, 718, 719, 720, 721, 722, 723, 724, 725, 726, 727, 728, 729, 730, 731, 732, 733, 734, 735, 736, 737, 738, 739, 740, 741, 742, 743, 744, 745, 746, 747, 748, 749, 750, 751, 752, 753, 754, 755, 756, 757, 758, 759, 760, 761, 762, 763, 764, 765, 766, 767, 768, 769, 770, 771, 772, 773, 774, 775, 776, 777, 778, 779, 780, 781, 782, 783, 784, 785, 786, 787, 788, 789, 790, 791, 792, 793, 803, 826, 844, 850]",True,"[115, 116, 169, 170, 586, 587, 640, 641]","[103, 104, 105, 106, 107, 108, 109, 110, 111, 112, 113, 114, 115, 116, 117, 118, 119, 120, 121, 122, 123, 124, 125, 126, 127, 128, 129, 130, 131, 132, 133, 134, 135, 136, 137, 138, 139, 140, 141, 142, 143, 144, 145, 146, 147, 148, 149, 150, 151, 152, 153, 154, 155, 156, 157, 158, 159, 160, 161, 162, 163, 164, 165, 166, 167, 168, 169, 170, 171, 172, 173, 174, 175, 176, 177, 178, 179, 180, 181, 182, 183, 184, 185, 186, 187, 188, 189, 190, 191, 192, 193, 194, 195, 196, 197, 198, 199, 200, 201, 202, 203, 204, 205, 206, 207, 208, 209, 210, 211, 212, 213, 214, 215, 216, 217, 218, 219, 220, 221, 222, 223, 224, 225, 226, 227, 228, 229, 230, 231, 232, 233, 234, 235, 236, 237, 238, 239, 240, 241, 242, 243, 244, 245, 246, 247, 248, 249, 250, 251, 252, 253, 254, 255, 256, 257, 258, 259, 260, 261, 262, 263, 264, 265, 266, 267, 268, 269, 270, 271, 272, 273, 274, 275, 276, 277, 278, 279, 280, 281, 282, 283, 284, 285, 286, 287, 288, 289, 290, 291, 292, 293, 294, 295, 296, 297, 298, 299, 300, 301, 302, 303, 304, 305, 306, 307, 308, 309, 310, 311, 312, 313, 314, 315, 316, 317, 318, 319, 320, 321, 322, 323, 324, 325, 326, 327, 328, 329, 330, 331, 332, 333, 334, 335, 336, 337, 574, 575, 576, 577, 578, 579, 580, 581, 582, 583, 584, 585, 586, 587, 588, 589, 590, 591, 592, 593, 594, 595, 596, 597, 598, 599, 600, 601, 602, 603, 604, 605, 606, 607, 608, 609, 610, 611, 612, 613, 614, 615, 616, 617, 618, 619, 620, 621, 622, 623, 624, 625, 626, 627, 628, 629, 630, 631, 632, 633, 634, 635, 636, 637, 638, 639, 640, 641, 642, 643, 644, 645, 646, 647, 648, 649, 650, 651, 652, 653, 654, 655, 656, 657, 658, 659, 660, 661, 662, 663, 664, 665, 666, 667, 668, 669, 670, 671, 672, 673, 674, 675, 676, 677, 678, 679, 680, 681, 682, 683, 684, 685, 686, 687, 688, 689, 690, 691, 692, 693, 694, 695, 696, 697, 698, 699, 700, 701, 702, 703, 704, 705, 706, 707, 708, 709, 710, 711, 712, 713, 714, 715, 716, 717, 718, 719, 720, 721, 722, 723, 724, 725, 726, 727, 728, 729, 730, 731, 732, 733, 734, 735, 736, 737, 738, 739, 740, 741, 742, 743, 744, 745, 746, 747, 748, 749, 750, 751, 752, 753, 754, 755, 756, 757, 758, 759, 760, 761, 762, 763, 764, 765, 766, 767, 768, 769, 770, 771, 772, 773, 774, 775, 776, 777, 778, 779, 780, 781, 782, 783, 784, 785, 786, 787, 788, 789, 790, 791, 792, 793]","[115, 116, 161, 169, 170, 244, 303, 586, 587, 633, 640, 641, 761, 792]","[115, 586]","[0, 5, 7, 10, 14, 19, 20, 22, 24, 32, 33, 34, 37, 38, 40, 44, 46, 48, 49, 51, 56, 61, 63, 65, 67, 68, 73, 74, 75, 76, 79, 81, 82, 83, 85, 87, 88, 92, 93, 95, 96, 99, 100, 101, 115, 116, 124, 134, 142, 161, 167, 169, 170, 186, 202, 240, 244, 254, 260, 267, 277, 300, 303, 307, 310, 322, 331, 376, 485, 491, 493, 495, 499, 503, 504, 506, 508, 515, 518, 519, 521, 524, 526, 528, 533, 537, 539, 542, 543, 547, 548, 549, 550, 551, 553, 554, 556, 558, 559, 563, 564, 566, 567, 570, 571, 572, 586, 587, 595, 605, 613, 633, 639, 640, 641, 657, 672, 704, 717, 726, 736, 759, 761, 765, 768, 780, 788, 792, 826]","[84, 87, 89, 114, 115, 117, 124, 132, 135, 144, 152, 154, 178, 218, 239, 268, 279, 281, 297, 318, 320, 321, 322, 323, 324, 325, 326, 327, 348, 394, 401, 555, 558, 560, 585, 586, 588, 595, 603, 606, 615, 623, 626, 649, 686, 703, 727, 738, 740, 756, 776, 778, 779, 780, 781, 782, 783, 784, 785, 803, 844, 850]",[],7/6 successful match,True,,False,285,False,,1.0,True,"76 Truck Stop 61 ( N , 1 blk W on Valley )",
"C Fontana , 92337 North American Truck Stop )",909-350-3310 I-10 Exit 61 ( Cherry S to 14320 ),) 24 L $ 000,Fontana,92337,North American Truck Stop ),909-350-3310,2006,Fontana,CA,,( Cherry S to 14320 ),I-10 Exit 61 ,Exit,61,False,,False,I-10,,,,,"[792, 244]","[161, 244, 303, 633, 761, 792]","[115, 116, 161, 169, 170, 244, 303, 586, 587, 633, 640, 641, 761, 792]","[116, 118, 161, 169, 170, 174, 303, 587, 589, 633, 640, 641, 645, 761, 792]","[103, 104, 105, 106, 107, 108, 109, 110, 111, 112, 113, 114, 115, 116, 117, 118, 119, 120, 121, 122, 123, 124, 125, 126, 127, 128, 129, 130, 131, 132, 133, 134, 135, 136, 137, 138, 139, 140, 141, 142, 143, 144, 145, 146, 147, 148, 149, 150, 151, 152, 153, 154, 155, 156, 157, 158, 159, 160, 161, 162, 163, 164, 165, 166, 167, 168, 169, 170, 171, 172, 173, 174, 175, 176, 177, 178, 179, 180, 181, 182, 183, 184, 185, 186, 187, 188, 189, 190, 191, 192, 193, 194, 195, 196, 197, 198, 199, 200, 201, 202, 203, 204, 205, 206, 207, 208, 209, 210, 211, 212, 213, 214, 215, 216, 217, 218, 219, 220, 221, 222, 223, 224, 225, 226, 227, 228, 229, 230, 231, 232, 233, 234, 235, 236, 237, 238, 239, 240, 241, 242, 243, 244, 245, 246, 247, 248, 249, 250, 251, 252, 253, 254, 255, 256, 257, 258, 259, 260, 261, 262, 263, 264, 265, 266, 267, 268, 269, 270, 271, 272, 273, 274, 275, 276, 277, 278, 279, 280, 281, 282, 283, 284, 285, 286, 287, 288, 289, 290, 291, 292, 293, 294, 295, 296, 297, 298, 299, 300, 301, 302, 303, 304, 305, 306, 307, 308, 309, 310, 311, 312, 313, 314, 315, 316, 317, 318, 319, 320, 321, 322, 323, 324, 325, 326, 327, 328, 329, 330, 331, 332, 333, 334, 335, 336, 337, 574, 575, 576, 577, 578, 579, 580, 581, 582, 583, 584, 585, 586, 587, 588, 589, 590, 591, 592, 593, 594, 595, 596, 597, 598, 599, 600, 601, 602, 603, 604, 605, 606, 607, 608, 609, 610, 611, 612, 613, 614, 615, 616, 617, 618, 619, 620, 621, 622, 623, 624, 625, 626, 627, 628, 629, 630, 631, 632, 633, 634, 635, 636, 637, 638, 639, 640, 641, 642, 643, 644, 645, 646, 647, 648, 649, 650, 651, 652, 653, 654, 655, 656, 657, 658, 659, 660, 661, 662, 663, 664, 665, 666, 667, 668, 669, 670, 671, 672, 673, 674, 675, 676, 677, 678, 679, 680, 681, 682, 683, 684, 685, 686, 687, 688, 689, 690, 691, 692, 693, 694, 695, 696, 697, 698, 699, 700, 701, 702, 703, 704, 705, 706, 707, 708, 709, 710, 711, 712, 713, 714, 715, 716, 717, 718, 719, 720, 721, 722, 723, 724, 725, 726, 727, 728, 729, 730, 731, 732, 733, 734, 735, 736, 737, 738, 739, 740, 741, 742, 743, 744, 745, 746, 747, 748, 749, 750, 751, 752, 753, 754, 755, 756, 757, 758, 759, 760, 761, 762, 763, 764, 765, 766, 767, 768, 769, 770, 771, 772, 773, 774, 775, 776, 777, 778, 779, 780, 781, 782, 783, 784, 785, 786, 787, 788, 789, 790, 791, 792, 793]","[0, 5, 7, 10, 14, 19, 20, 22, 24, 32, 33, 34, 37, 38, 40, 44, 46, 48, 49, 51, 56, 61, 63, 65, 67, 68, 73, 74, 75, 76, 79, 81, 82, 83, 85, 87, 88, 92, 93, 95, 96, 99, 100, 101, 115, 116, 124, 134, 142, 161, 167, 169, 170, 186, 202, 240, 244, 254, 260, 267, 277, 300, 303, 307, 310, 322, 331, 376, 485, 491, 493, 495, 499, 503, 504, 506, 508, 515, 518, 519, 521, 524, 526, 528, 533, 537, 539, 542, 543, 547, 548, 549, 550, 551, 553, 554, 556, 558, 559, 563, 564, 566, 567, 570, 571, 572, 586, 587, 595, 605, 613, 633, 639, 640, 641, 657, 672, 704, 717, 726, 736, 759, 761, 765, 768, 780, 788, 792, 826]",[],[],"[0, 5, 7, 10, 14, 19, 20, 22, 24, 32, 33, 34, 37, 38, 40, 44, 46, 48, 49, 51, 56, 61, 63, 65, 67, 68, 73, 74, 75, 76, 79, 81, 82, 83, 85, 87, 88, 92, 93, 95, 96, 99, 100, 101, 103, 104, 105, 106, 107, 108, 109, 110, 111, 112, 113, 114, 115, 116, 117, 118, 119, 120, 121, 122, 123, 124, 125, 126, 127, 128, 129, 130, 131, 132, 133, 134, 135, 136, 137, 138, 139, 140, 141, 142, 143, 144, 145, 146, 147, 148, 149, 150, 151, 152, 153, 154, 155, 156, 157, 158, 159, 160, 161, 162, 163, 164, 165, 166, 167, 168, 169, 170, 171, 172, 173, 174, 175, 176, 177, 178, 179, 180, 181, 182, 183, 184, 185, 186, 187, 188, 189, 190, 191, 192, 193, 194, 195, 196, 197, 198, 199, 200, 201, 202, 203, 204, 205, 206, 207, 208, 209, 210, 211, 212, 213, 214, 215, 216, 217, 218, 219, 220, 221, 222, 223, 224, 225, 226, 227, 228, 229, 230, 231, 232, 233, 234, 235, 236, 237, 238, 239, 240, 241, 242, 243, 244, 245, 246, 247, 248, 249, 250, 251, 252, 253, 254, 255, 256, 257, 258, 259, 260, 261, 262, 263, 264, 265, 266, 267, 268, 269, 270, 271, 272, 273, 274, 275, 276, 277, 278, 279, 280, 281, 282, 283, 284, 285, 286, 287, 288, 289, 290, 291, 292, 293, 294, 295, 296, 297, 298, 299, 300, 301, 302, 303, 304, 305, 306, 307, 308, 309, 310, 311, 312, 313, 314, 315, 316, 317, 318, 319, 320, 321, 322, 323, 324, 325, 326, 327, 328, 329, 330, 331, 332, 333, 334, 335, 336, 337, 376, 485, 491, 493, 495, 499, 503, 504, 506, 508, 515, 518, 519, 521, 524, 526, 528, 533, 537, 539, 542, 543, 547, 548, 549, 550, 551, 553, 554, 556, 558, 559, 563, 564, 566, 567, 570, 571, 572, 574, 575, 576, 577, 578, 579, 580, 581, 582, 583, 584, 585, 586, 587, 588, 589, 590, 591, 592, 593, 594, 595, 596, 597, 598, 599, 600, 601, 602, 603, 604, 605, 606, 607, 608, 609, 610, 611, 612, 613, 614, 615, 616, 617, 618, 619, 620, 621, 622, 623, 624, 625, 626, 627, 628, 629, 630, 631, 632, 633, 634, 635, 636, 637, 638, 639, 640, 641, 642, 643, 644, 645, 646, 647, 648, 649, 650, 651, 652, 653, 654, 655, 656, 657, 658, 659, 660, 661, 662, 663, 664, 665, 666, 667, 668, 669, 670, 671, 672, 673, 674, 675, 676, 677, 678, 679, 680, 681, 682, 683, 684, 685, 686, 687, 688, 689, 690, 691, 692, 693, 694, 695, 696, 697, 698, 699, 700, 701, 702, 703, 704, 705, 706, 707, 708, 709, 710, 711, 712, 713, 714, 715, 716, 717, 718, 719, 720, 721, 722, 723, 724, 725, 726, 727, 728, 729, 730, 731, 732, 733, 734, 735, 736, 737, 738, 739, 740, 741, 742, 743, 744, 745, 746, 747, 748, 749, 750, 751, 752, 753, 754, 755, 756, 757, 758, 759, 760, 761, 762, 763, 764, 765, 766, 767, 768, 769, 770, 771, 772, 773, 774, 775, 776, 777, 778, 779, 780, 781, 782, 783, 784, 785, 786, 787, 788, 789, 790, 791, 792, 793, 826]",True,"[161, 244, 303, 633, 761, 792]","[103, 104, 105, 106, 107, 108, 109, 110, 111, 112, 113, 114, 115, 116, 117, 118, 119, 120, 121, 122, 123, 124, 125, 126, 127, 128, 129, 130, 131, 132, 133, 134, 135, 136, 137, 138, 139, 140, 141, 142, 143, 144, 145, 146, 147, 148, 149, 150, 151, 152, 153, 154, 155, 156, 157, 158, 159, 160, 161, 162, 163, 164, 165, 166, 167, 168, 169, 170, 171, 172, 173, 174, 175, 176, 177, 178, 179, 180, 181, 182, 183, 184, 185, 186, 187, 188, 189, 190, 191, 192, 193, 194, 195, 196, 197, 198, 199, 200, 201, 202, 203, 204, 205, 206, 207, 208, 209, 210, 211, 212, 213, 214, 215, 216, 217, 218, 219, 220, 221, 222, 223, 224, 225, 226, 227, 228, 229, 230, 231, 232, 233, 234, 235, 236, 237, 238, 239, 240, 241, 242, 243, 244, 245, 246, 247, 248, 249, 250, 251, 252, 253, 254, 255, 256, 257, 258, 259, 260, 261, 262, 263, 264, 265, 266, 267, 268, 269, 270, 271, 272, 273, 274, 275, 276, 277, 278, 279, 280, 281, 282, 283, 284, 285, 286, 287, 288, 289, 290, 291, 292, 293, 294, 295, 296, 297, 298, 299, 300, 301, 302, 303, 304, 305, 306, 307, 308, 309, 310, 311, 312, 313, 314, 315, 316, 317, 318, 319, 320, 321, 322, 323, 324, 325, 326, 327, 328, 329, 330, 331, 332, 333, 334, 335, 336, 337, 574, 575, 576, 577, 578, 579, 580, 581, 582, 583, 584, 585, 586, 587, 588, 589, 590, 591, 592, 593, 594, 595, 596, 597, 598, 599, 600, 601, 602, 603, 604, 605, 606, 607, 608, 609, 610, 611, 612, 613, 614, 615, 616, 617, 618, 619, 620, 621, 622, 623, 624, 625, 626, 627, 628, 629, 630, 631, 632, 633, 634, 635, 636, 637, 638, 639, 640, 641, 642, 643, 644, 645, 646, 647, 648, 649, 650, 651, 652, 653, 654, 655, 656, 657, 658, 659, 660, 661, 662, 663, 664, 665, 666, 667, 668, 669, 670, 671, 672, 673, 674, 675, 676, 677, 678, 679, 680, 681, 682, 683, 684, 685, 686, 687, 688, 689, 690, 691, 692, 693, 694, 695, 696, 697, 698, 699, 700, 701, 702, 703, 704, 705, 706, 707, 708, 709, 710, 711, 712, 713, 714, 715, 716, 717, 718, 719, 720, 721, 722, 723, 724, 725, 726, 727, 728, 729, 730, 731, 732, 733, 734, 735, 736, 737, 738, 739, 740, 741, 742, 743, 744, 745, 746, 747, 748, 749, 750, 751, 752, 753, 754, 755, 756, 757, 758, 759, 760, 761, 762, 763, 764, 765, 766, 767, 768, 769, 770, 771, 772, 773, 774, 775, 776, 777, 778, 779, 780, 781, 782, 783, 784, 785, 786, 787, 788, 789, 790, 791, 792, 793]","[115, 116, 161, 169, 170, 244, 303, 586, 587, 633, 640, 641, 761, 792]","[116, 118, 161, 169, 170, 174, 303, 587, 589, 633, 640, 641, 645, 761, 792]","[0, 5, 7, 10, 14, 19, 20, 22, 24, 32, 33, 34, 37, 38, 40, 44, 46, 48, 49, 51, 56, 61, 63, 65, 67, 68, 73, 74, 75, 76, 79, 81, 82, 83, 85, 87, 88, 92, 93, 95, 96, 99, 100, 101, 115, 116, 124, 134, 142, 161, 167, 169, 170, 186, 202, 240, 244, 254, 260, 267, 277, 300, 303, 307, 310, 322, 331, 376, 485, 491, 493, 495, 499, 503, 504, 506, 508, 515, 518, 519, 521, 524, 526, 528, 533, 537, 539, 542, 543, 547, 548, 549, 550, 551, 553, 554, 556, 558, 559, 563, 564, 566, 567, 570, 571, 572, 586, 587, 595, 605, 613, 633, 639, 640, 641, 657, 672, 704, 717, 726, 736, 759, 761, 765, 768, 780, 788, 792, 826]",[],[],7/6 successful match,True,[416],True,286,False,,,,,
"Fontana , 92337 North American Truck Stop",909-350-3310 I-10 Exit 61 ( Cherry S to 14320 Slover ),HRS 24 HRS,Fontana,92337,North American Truck Stop,909-350-3310,2007,Fontana,CA,,( Cherry S to 14320 Slover ),I-10 Exit 61 ,Exit,61,False,,False,I-10,,,,,"[792, 244]","[161, 244, 303, 633, 761, 792]","[115, 116, 161, 169, 170, 244, 303, 586, 587, 633, 640, 641, 761, 792]","[116, 118, 161, 169, 170, 174, 303, 587, 589, 633, 640, 641, 645, 761, 792]","[103, 104, 105, 106, 107, 108, 109, 110, 111, 112, 113, 114, 115, 116, 117, 118, 119, 120, 121, 122, 123, 124, 125, 126, 127, 128, 129, 130, 131, 132, 133, 134, 135, 136, 137, 138, 139, 140, 141, 142, 143, 144, 145, 146, 147, 148, 149, 150, 151, 152, 153, 154, 155, 156, 157, 158, 159, 160, 161, 162, 163, 164, 165, 166, 167, 168, 169, 170, 171, 172, 173, 174, 175, 176, 177, 178, 179, 180, 181, 182, 183, 184, 185, 186, 187, 188, 189, 190, 191, 192, 193, 194, 195, 196, 197, 198, 199, 200, 201, 202, 203, 204, 205, 206, 207, 208, 209, 210, 211, 212, 213, 214, 215, 216, 217, 218, 219, 220, 221, 222, 223, 224, 225, 226, 227, 228, 229, 230, 231, 232, 233, 234, 235, 236, 237, 238, 239, 240, 241, 242, 243, 244, 245, 246, 247, 248, 249, 250, 251, 252, 253, 254, 255, 256, 257, 258, 259, 260, 261, 262, 263, 264, 265, 266, 267, 268, 269, 270, 271, 272, 273, 274, 275, 276, 277, 278, 279, 280, 281, 282, 283, 284, 285, 286, 287, 288, 289, 290, 291, 292, 293, 294, 295, 296, 297, 298, 299, 300, 301, 302, 303, 304, 305, 306, 307, 308, 309, 310, 311, 312, 313, 314, 315, 316, 317, 318, 319, 320, 321, 322, 323, 324, 325, 326, 327, 328, 329, 330, 331, 332, 333, 334, 335, 336, 337, 574, 575, 576, 577, 578, 579, 580, 581, 582, 583, 584, 585, 586, 587, 588, 589, 590, 591, 592, 593, 594, 595, 596, 597, 598, 599, 600, 601, 602, 603, 604, 605, 606, 607, 608, 609, 610, 611, 612, 613, 614, 615, 616, 617, 618, 619, 620, 621, 622, 623, 624, 625, 626, 627, 628, 629, 630, 631, 632, 633, 634, 635, 636, 637, 638, 639, 640, 641, 642, 643, 644, 645, 646, 647, 648, 649, 650, 651, 652, 653, 654, 655, 656, 657, 658, 659, 660, 661, 662, 663, 664, 665, 666, 667, 668, 669, 670, 671, 672, 673, 674, 675, 676, 677, 678, 679, 680, 681, 682, 683, 684, 685, 686, 687, 688, 689, 690, 691, 692, 693, 694, 695, 696, 697, 698, 699, 700, 701, 702, 703, 704, 705, 706, 707, 708, 709, 710, 711, 712, 713, 714, 715, 716, 717, 718, 719, 720, 721, 722, 723, 724, 725, 726, 727, 728, 729, 730, 731, 732, 733, 734, 735, 736, 737, 738, 739, 740, 741, 742, 743, 744, 745, 746, 747, 748, 749, 750, 751, 752, 753, 754, 755, 756, 757, 758, 759, 760, 761, 762, 763, 764, 765, 766, 767, 768, 769, 770, 771, 772, 773, 774, 775, 776, 777, 778, 779, 780, 781, 782, 783, 784, 785, 786, 787, 788, 789, 790, 791, 792, 793]","[0, 5, 7, 10, 14, 19, 20, 22, 24, 32, 33, 34, 37, 38, 40, 44, 46, 48, 49, 51, 56, 61, 63, 65, 67, 68, 73, 74, 75, 76, 79, 81, 82, 83, 85, 87, 88, 92, 93, 95, 96, 99, 100, 101, 115, 116, 124, 134, 142, 161, 167, 169, 170, 186, 202, 240, 244, 254, 260, 267, 277, 300, 303, 307, 310, 322, 331, 376, 485, 491, 493, 495, 499, 503, 504, 506, 508, 515, 518, 519, 521, 524, 526, 528, 533, 537, 539, 542, 543, 547, 548, 549, 550, 551, 553, 554, 556, 558, 559, 563, 564, 566, 567, 570, 571, 572, 586, 587, 595, 605, 613, 633, 639, 640, 641, 657, 672, 704, 717, 726, 736, 759, 761, 765, 768, 780, 788, 792, 826]",[],[],"[0, 5, 7, 10, 14, 19, 20, 22, 24, 32, 33, 34, 37, 38, 40, 44, 46, 48, 49, 51, 56, 61, 63, 65, 67, 68, 73, 74, 75, 76, 79, 81, 82, 83, 85, 87, 88, 92, 93, 95, 96, 99, 100, 101, 103, 104, 105, 106, 107, 108, 109, 110, 111, 112, 113, 114, 115, 116, 117, 118, 119, 120, 121, 122, 123, 124, 125, 126, 127, 128, 129, 130, 131, 132, 133, 134, 135, 136, 137, 138, 139, 140, 141, 142, 143, 144, 145, 146, 147, 148, 149, 150, 151, 152, 153, 154, 155, 156, 157, 158, 159, 160, 161, 162, 163, 164, 165, 166, 167, 168, 169, 170, 171, 172, 173, 174, 175, 176, 177, 178, 179, 180, 181, 182, 183, 184, 185, 186, 187, 188, 189, 190, 191, 192, 193, 194, 195, 196, 197, 198, 199, 200, 201, 202, 203, 204, 205, 206, 207, 208, 209, 210, 211, 212, 213, 214, 215, 216, 217, 218, 219, 220, 221, 222, 223, 224, 225, 226, 227, 228, 229, 230, 231, 232, 233, 234, 235, 236, 237, 238, 239, 240, 241, 242, 243, 244, 245, 246, 247, 248, 249, 250, 251, 252, 253, 254, 255, 256, 257, 258, 259, 260, 261, 262, 263, 264, 265, 266, 267, 268, 269, 270, 271, 272, 273, 274, 275, 276, 277, 278, 279, 280, 281, 282, 283, 284, 285, 286, 287, 288, 289, 290, 291, 292, 293, 294, 295, 296, 297, 298, 299, 300, 301, 302, 303, 304, 305, 306, 307, 308, 309, 310, 311, 312, 313, 314, 315, 316, 317, 318, 319, 320, 321, 322, 323, 324, 325, 326, 327, 328, 329, 330, 331, 332, 333, 334, 335, 336, 337, 376, 485, 491, 493, 495, 499, 503, 504, 506, 508, 515, 518, 519, 521, 524, 526, 528, 533, 537, 539, 542, 543, 547, 548, 549, 550, 551, 553, 554, 556, 558, 559, 563, 564, 566, 567, 570, 571, 572, 574, 575, 576, 577, 578, 579, 580, 581, 582, 583, 584, 585, 586, 587, 588, 589, 590, 591, 592, 593, 594, 595, 596, 597, 598, 599, 600, 601, 602, 603, 604, 605, 606, 607, 608, 609, 610, 611, 612, 613, 614, 615, 616, 617, 618, 619, 620, 621, 622, 623, 624, 625, 626, 627, 628, 629, 630, 631, 632, 633, 634, 635, 636, 637, 638, 639, 640, 641, 642, 643, 644, 645, 646, 647, 648, 649, 650, 651, 652, 653, 654, 655, 656, 657, 658, 659, 660, 661, 662, 663, 664, 665, 666, 667, 668, 669, 670, 671, 672, 673, 674, 675, 676, 677, 678, 679, 680, 681, 682, 683, 684, 685, 686, 687, 688, 689, 690, 691, 692, 693, 694, 695, 696, 697, 698, 699, 700, 701, 702, 703, 704, 705, 706, 707, 708, 709, 710, 711, 712, 713, 714, 715, 716, 717, 718, 719, 720, 721, 722, 723, 724, 725, 726, 727, 728, 729, 730, 731, 732, 733, 734, 735, 736, 737, 738, 739, 740, 741, 742, 743, 744, 745, 746, 747, 748, 749, 750, 751, 752, 753, 754, 755, 756, 757, 758, 759, 760, 761, 762, 763, 764, 765, 766, 767, 768, 769, 770, 771, 772, 773, 774, 775, 776, 777, 778, 779, 780, 781, 782, 783, 784, 785, 786, 787, 788, 789, 790, 791, 792, 793, 826]",True,"[161, 244, 303, 633, 761, 792]","[103, 104, 105, 106, 107, 108, 109, 110, 111, 112, 113, 114, 115, 116, 117, 118, 119, 120, 121, 122, 123, 124, 125, 126, 127, 128, 129, 130, 131, 132, 133, 134, 135, 136, 137, 138, 139, 140, 141, 142, 143, 144, 145, 146, 147, 148, 149, 150, 151, 152, 153, 154, 155, 156, 157, 158, 159, 160, 161, 162, 163, 164, 165, 166, 167, 168, 169, 170, 171, 172, 173, 174, 175, 176, 177, 178, 179, 180, 181, 182, 183, 184, 185, 186, 187, 188, 189, 190, 191, 192, 193, 194, 195, 196, 197, 198, 199, 200, 201, 202, 203, 204, 205, 206, 207, 208, 209, 210, 211, 212, 213, 214, 215, 216, 217, 218, 219, 220, 221, 222, 223, 224, 225, 226, 227, 228, 229, 230, 231, 232, 233, 234, 235, 236, 237, 238, 239, 240, 241, 242, 243, 244, 245, 246, 247, 248, 249, 250, 251, 252, 253, 254, 255, 256, 257, 258, 259, 260, 261, 262, 263, 264, 265, 266, 267, 268, 269, 270, 271, 272, 273, 274, 275, 276, 277, 278, 279, 280, 281, 282, 283, 284, 285, 286, 287, 288, 289, 290, 291, 292, 293, 294, 295, 296, 297, 298, 299, 300, 301, 302, 303, 304, 305, 306, 307, 308, 309, 310, 311, 312, 313, 314, 315, 316, 317, 318, 319, 320, 321, 322, 323, 324, 325, 326, 327, 328, 329, 330, 331, 332, 333, 334, 335, 336, 337, 574, 575, 576, 577, 578, 579, 580, 581, 582, 583, 584, 585, 586, 587, 588, 589, 590, 591, 592, 593, 594, 595, 596, 597, 598, 599, 600, 601, 602, 603, 604, 605, 606, 607, 608, 609, 610, 611, 612, 613, 614, 615, 616, 617, 618, 619, 620, 621, 622, 623, 624, 625, 626, 627, 628, 629, 630, 631, 632, 633, 634, 635, 636, 637, 638, 639, 640, 641, 642, 643, 644, 645, 646, 647, 648, 649, 650, 651, 652, 653, 654, 655, 656, 657, 658, 659, 660, 661, 662, 663, 664, 665, 666, 667, 668, 669, 670, 671, 672, 673, 674, 675, 676, 677, 678, 679, 680, 681, 682, 683, 684, 685, 686, 687, 688, 689, 690, 691, 692, 693, 694, 695, 696, 697, 698, 699, 700, 701, 702, 703, 704, 705, 706, 707, 708, 709, 710, 711, 712, 713, 714, 715, 716, 717, 718, 719, 720, 721, 722, 723, 724, 725, 726, 727, 728, 729, 730, 731, 732, 733, 734, 735, 736, 737, 738, 739, 740, 741, 742, 743, 744, 745, 746, 747, 748, 749, 750, 751, 752, 753, 754, 755, 756, 757, 758, 759, 760, 761, 762, 763, 764, 765, 766, 767, 768, 769, 770, 771, 772, 773, 774, 775, 776, 777, 778, 779, 780, 781, 782, 783, 784, 785, 786, 787, 788, 789, 790, 791, 792, 793]","[115, 116, 161, 169, 170, 244, 303, 586, 587, 633, 640, 641, 761, 792]","[116, 118, 161, 169, 170, 174, 303, 587, 589, 633, 640, 641, 645, 761, 792]","[0, 5, 7, 10, 14, 19, 20, 22, 24, 32, 33, 34, 37, 38, 40, 44, 46, 48, 49, 51, 56, 61, 63, 65, 67, 68, 73, 74, 75, 76, 79, 81, 82, 83, 85, 87, 88, 92, 93, 95, 96, 99, 100, 101, 115, 116, 124, 134, 142, 161, 167, 169, 170, 186, 202, 240, 244, 254, 260, 267, 277, 300, 303, 307, 310, 322, 331, 376, 485, 491, 493, 495, 499, 503, 504, 506, 508, 515, 518, 519, 521, 524, 526, 528, 533, 537, 539, 542, 543, 547, 548, 549, 550, 551, 553, 554, 556, 558, 559, 563, 564, 566, 567, 570, 571, 572, 586, 587, 595, 605, 613, 633, 639, 640, 641, 657, 672, 704, 717, 726, 736, 759, 761, 765, 768, 780, 788, 792, 826]",[],[],7/6 successful match,True,[416],True,286,False,,1.0,True,North American Truck Stop ),
"Fontana , 92337 North American Truck Stop",909-350-3310 I-10 Exit 61 ( Cherry S to 14320 Slover ),24 HRS <U+2610> <U+2610>,Fontana,92337,North American Truck Stop,909-350-3310,2008,Fontana,CA,,( Cherry S to 14320 Slover ),I-10 Exit 61 ,Exit,61,False,,False,I-10,,,,,"[792, 244]","[161, 244, 303, 633, 761, 792]","[115, 116, 161, 169, 170, 244, 303, 586, 587, 633, 640, 641, 761, 792]","[116, 118, 161, 169, 170, 174, 303, 587, 589, 633, 640, 641, 645, 761, 792]","[103, 104, 105, 106, 107, 108, 109, 110, 111, 112, 113, 114, 115, 116, 117, 118, 119, 120, 121, 122, 123, 124, 125, 126, 127, 128, 129, 130, 131, 132, 133, 134, 135, 136, 137, 138, 139, 140, 141, 142, 143, 144, 145, 146, 147, 148, 149, 150, 151, 152, 153, 154, 155, 156, 157, 158, 159, 160, 161, 162, 163, 164, 165, 166, 167, 168, 169, 170, 171, 172, 173, 174, 175, 176, 177, 178, 179, 180, 181, 182, 183, 184, 185, 186, 187, 188, 189, 190, 191, 192, 193, 194, 195, 196, 197, 198, 199, 200, 201, 202, 203, 204, 205, 206, 207, 208, 209, 210, 211, 212, 213, 214, 215, 216, 217, 218, 219, 220, 221, 222, 223, 224, 225, 226, 227, 228, 229, 230, 231, 232, 233, 234, 235, 236, 237, 238, 239, 240, 241, 242, 243, 244, 245, 246, 247, 248, 249, 250, 251, 252, 253, 254, 255, 256, 257, 258, 259, 260, 261, 262, 263, 264, 265, 266, 267, 268, 269, 270, 271, 272, 273, 274, 275, 276, 277, 278, 279, 280, 281, 282, 283, 284, 285, 286, 287, 288, 289, 290, 291, 292, 293, 294, 295, 296, 297, 298, 299, 300, 301, 302, 303, 304, 305, 306, 307, 308, 309, 310, 311, 312, 313, 314, 315, 316, 317, 318, 319, 320, 321, 322, 323, 324, 325, 326, 327, 328, 329, 330, 331, 332, 333, 334, 335, 336, 337, 574, 575, 576, 577, 578, 579, 580, 581, 582, 583, 584, 585, 586, 587, 588, 589, 590, 591, 592, 593, 594, 595, 596, 597, 598, 599, 600, 601, 602, 603, 604, 605, 606, 607, 608, 609, 610, 611, 612, 613, 614, 615, 616, 617, 618, 619, 620, 621, 622, 623, 624, 625, 626, 627, 628, 629, 630, 631, 632, 633, 634, 635, 636, 637, 638, 639, 640, 641, 642, 643, 644, 645, 646, 647, 648, 649, 650, 651, 652, 653, 654, 655, 656, 657, 658, 659, 660, 661, 662, 663, 664, 665, 666, 667, 668, 669, 670, 671, 672, 673, 674, 675, 676, 677, 678, 679, 680, 681, 682, 683, 684, 685, 686, 687, 688, 689, 690, 691, 692, 693, 694, 695, 696, 697, 698, 699, 700, 701, 702, 703, 704, 705, 706, 707, 708, 709, 710, 711, 712, 713, 714, 715, 716, 717, 718, 719, 720, 721, 722, 723, 724, 725, 726, 727, 728, 729, 730, 731, 732, 733, 734, 735, 736, 737, 738, 739, 740, 741, 742, 743, 744, 745, 746, 747, 748, 749, 750, 751, 752, 753, 754, 755, 756, 757, 758, 759, 760, 761, 762, 763, 764, 765, 766, 767, 768, 769, 770, 771, 772, 773, 774, 775, 776, 777, 778, 779, 780, 781, 782, 783, 784, 785, 786, 787, 788, 789, 790, 791, 792, 793]","[0, 5, 7, 10, 14, 19, 20, 22, 24, 32, 33, 34, 37, 38, 40, 44, 46, 48, 49, 51, 56, 61, 63, 65, 67, 68, 73, 74, 75, 76, 79, 81, 82, 83, 85, 87, 88, 92, 93, 95, 96, 99, 100, 101, 115, 116, 124, 134, 142, 161, 167, 169, 170, 186, 202, 240, 244, 254, 260, 267, 277, 300, 303, 307, 310, 322, 331, 376, 485, 491, 493, 495, 499, 503, 504, 506, 508, 515, 518, 519, 521, 524, 526, 528, 533, 537, 539, 542, 543, 547, 548, 549, 550, 551, 553, 554, 556, 558, 559, 563, 564, 566, 567, 570, 571, 572, 586, 587, 595, 605, 613, 633, 639, 640, 641, 657, 672, 704, 717, 726, 736, 759, 761, 765, 768, 780, 788, 792, 826]",[],[],"[0, 5, 7, 10, 14, 19, 20, 22, 24, 32, 33, 34, 37, 38, 40, 44, 46, 48, 49, 51, 56, 61, 63, 65, 67, 68, 73, 74, 75, 76, 79, 81, 82, 83, 85, 87, 88, 92, 93, 95, 96, 99, 100, 101, 103, 104, 105, 106, 107, 108, 109, 110, 111, 112, 113, 114, 115, 116, 117, 118, 119, 120, 121, 122, 123, 124, 125, 126, 127, 128, 129, 130, 131, 132, 133, 134, 135, 136, 137, 138, 139, 140, 141, 142, 143, 144, 145, 146, 147, 148, 149, 150, 151, 152, 153, 154, 155, 156, 157, 158, 159, 160, 161, 162, 163, 164, 165, 166, 167, 168, 169, 170, 171, 172, 173, 174, 175, 176, 177, 178, 179, 180, 181, 182, 183, 184, 185, 186, 187, 188, 189, 190, 191, 192, 193, 194, 195, 196, 197, 198, 199, 200, 201, 202, 203, 204, 205, 206, 207, 208, 209, 210, 211, 212, 213, 214, 215, 216, 217, 218, 219, 220, 221, 222, 223, 224, 225, 226, 227, 228, 229, 230, 231, 232, 233, 234, 235, 236, 237, 238, 239, 240, 241, 242, 243, 244, 245, 246, 247, 248, 249, 250, 251, 252, 253, 254, 255, 256, 257, 258, 259, 260, 261, 262, 263, 264, 265, 266, 267, 268, 269, 270, 271, 272, 273, 274, 275, 276, 277, 278, 279, 280, 281, 282, 283, 284, 285, 286, 287, 288, 289, 290, 291, 292, 293, 294, 295, 296, 297, 298, 299, 300, 301, 302, 303, 304, 305, 306, 307, 308, 309, 310, 311, 312, 313, 314, 315, 316, 317, 318, 319, 320, 321, 322, 323, 324, 325, 326, 327, 328, 329, 330, 331, 332, 333, 334, 335, 336, 337, 376, 485, 491, 493, 495, 499, 503, 504, 506, 508, 515, 518, 519, 521, 524, 526, 528, 533, 537, 539, 542, 543, 547, 548, 549, 550, 551, 553, 554, 556, 558, 559, 563, 564, 566, 567, 570, 571, 572, 574, 575, 576, 577, 578, 579, 580, 581, 582, 583, 584, 585, 586, 587, 588, 589, 590, 591, 592, 593, 594, 595, 596, 597, 598, 599, 600, 601, 602, 603, 604, 605, 606, 607, 608, 609, 610, 611, 612, 613, 614, 615, 616, 617, 618, 619, 620, 621, 622, 623, 624, 625, 626, 627, 628, 629, 630, 631, 632, 633, 634, 635, 636, 637, 638, 639, 640, 641, 642, 643, 644, 645, 646, 647, 648, 649, 650, 651, 652, 653, 654, 655, 656, 657, 658, 659, 660, 661, 662, 663, 664, 665, 666, 667, 668, 669, 670, 671, 672, 673, 674, 675, 676, 677, 678, 679, 680, 681, 682, 683, 684, 685, 686, 687, 688, 689, 690, 691, 692, 693, 694, 695, 696, 697, 698, 699, 700, 701, 702, 703, 704, 705, 706, 707, 708, 709, 710, 711, 712, 713, 714, 715, 716, 717, 718, 719, 720, 721, 722, 723, 724, 725, 726, 727, 728, 729, 730, 731, 732, 733, 734, 735, 736, 737, 738, 739, 740, 741, 742, 743, 744, 745, 746, 747, 748, 749, 750, 751, 752, 753, 754, 755, 756, 757, 758, 759, 760, 761, 762, 763, 764, 765, 766, 767, 768, 769, 770, 771, 772, 773, 774, 775, 776, 777, 778, 779, 780, 781, 782, 783, 784, 785, 786, 787, 788, 789, 790, 791, 792, 793, 826]",True,"[161, 244, 303, 633, 761, 792]","[103, 104, 105, 106, 107, 108, 109, 110, 111, 112, 113, 114, 115, 116, 117, 118, 119, 120, 121, 122, 123, 124, 125, 126, 127, 128, 129, 130, 131, 132, 133, 134, 135, 136, 137, 138, 139, 140, 141, 142, 143, 144, 145, 146, 147, 148, 149, 150, 151, 152, 153, 154, 155, 156, 157, 158, 159, 160, 161, 162, 163, 164, 165, 166, 167, 168, 169, 170, 171, 172, 173, 174, 175, 176, 177, 178, 179, 180, 181, 182, 183, 184, 185, 186, 187, 188, 189, 190, 191, 192, 193, 194, 195, 196, 197, 198, 199, 200, 201, 202, 203, 204, 205, 206, 207, 208, 209, 210, 211, 212, 213, 214, 215, 216, 217, 218, 219, 220, 221, 222, 223, 224, 225, 226, 227, 228, 229, 230, 231, 232, 233, 234, 235, 236, 237, 238, 239, 240, 241, 242, 243, 244, 245, 246, 247, 248, 249, 250, 251, 252, 253, 254, 255, 256, 257, 258, 259, 260, 261, 262, 263, 264, 265, 266, 267, 268, 269, 270, 271, 272, 273, 274, 275, 276, 277, 278, 279, 280, 281, 282, 283, 284, 285, 286, 287, 288, 289, 290, 291, 292, 293, 294, 295, 296, 297, 298, 299, 300, 301, 302, 303, 304, 305, 306, 307, 308, 309, 310, 311, 312, 313, 314, 315, 316, 317, 318, 319, 320, 321, 322, 323, 324, 325, 326, 327, 328, 329, 330, 331, 332, 333, 334, 335, 336, 337, 574, 575, 576, 577, 578, 579, 580, 581, 582, 583, 584, 585, 586, 587, 588, 589, 590, 591, 592, 593, 594, 595, 596, 597, 598, 599, 600, 601, 602, 603, 604, 605, 606, 607, 608, 609, 610, 611, 612, 613, 614, 615, 616, 617, 618, 619, 620, 621, 622, 623, 624, 625, 626, 627, 628, 629, 630, 631, 632, 633, 634, 635, 636, 637, 638, 639, 640, 641, 642, 643, 644, 645, 646, 647, 648, 649, 650, 651, 652, 653, 654, 655, 656, 657, 658, 659, 660, 661, 662, 663, 664, 665, 666, 667, 668, 669, 670, 671, 672, 673, 674, 675, 676, 677, 678, 679, 680, 681, 682, 683, 684, 685, 686, 687, 688, 689, 690, 691, 692, 693, 694, 695, 696, 697, 698, 699, 700, 701, 702, 703, 704, 705, 706, 707, 708, 709, 710, 711, 712, 713, 714, 715, 716, 717, 718, 719, 720, 721, 722, 723, 724, 725, 726, 727, 728, 729, 730, 731, 732, 733, 734, 735, 736, 737, 738, 739, 740, 741, 742, 743, 744, 745, 746, 747, 748, 749, 750, 751, 752, 753, 754, 755, 756, 757, 758, 759, 760, 761, 762, 763, 764, 765, 766, 767, 768, 769, 770, 771, 772, 773, 774, 775, 776, 777, 778, 779, 780, 781, 782, 783, 784, 785, 786, 787, 788, 789, 790, 791, 792, 793]","[115, 116, 161, 169, 170, 244, 303, 586, 587, 633, 640, 641, 761, 792]","[116, 118, 161, 169, 170, 174, 303, 587, 589, 633, 640, 641, 645, 761, 792]","[0, 5, 7, 10, 14, 19, 20, 22, 24, 32, 33, 34, 37, 38, 40, 44, 46, 48, 49, 51, 56, 61, 63, 65, 67, 68, 73, 74, 75, 76, 79, 81, 82, 83, 85, 87, 88, 92, 93, 95, 96, 99, 100, 101, 115, 116, 124, 134, 142, 161, 167, 169, 170, 186, 202, 240, 244, 254, 260, 267, 277, 300, 303, 307, 310, 322, 331, 376, 485, 491, 493, 495, 499, 503, 504, 506, 508, 515, 518, 519, 521, 524, 526, 528, 533, 537, 539, 542, 543, 547, 548, 549, 550, 551, 553, 554, 556, 558, 559, 563, 564, 566, 567, 570, 571, 572, 586, 587, 595, 605, 613, 633, 639, 640, 641, 657, 672, 704, 717, 726, 736, 759, 761, 765, 768, 780, 788, 792, 826]",[],[],7/6 successful match,True,[416],True,286,False,,1.0,True,North American Truck Stop,
C Fontana ( 92337 ) North American Truck Stop,909-350-3310 I-10 Exit 61 ( Cherry S to 14320 Slover ),) 24 32 XL $ D D,Fontana,92337,North American Truck Stop,909-350-3310,2014,Fontana,CA,,( Cherry S to 14320 Slover ),I-10 Exit 61 ,Exit,61,False,,False,I-10,,,,,"[792, 244]","[161, 244, 303, 633, 761, 792]","[115, 116, 161, 169, 170, 244, 303, 586, 587, 633, 640, 641, 761, 792]","[116, 118, 161, 169, 170, 174, 303, 587, 589, 633, 640, 641, 645, 761, 792]","[103, 104, 105, 106, 107, 108, 109, 110, 111, 112, 113, 114, 115, 116, 117, 118, 119, 120, 121, 122, 123, 124, 125, 126, 127, 128, 129, 130, 131, 132, 133, 134, 135, 136, 137, 138, 139, 140, 141, 142, 143, 144, 145, 146, 147, 148, 149, 150, 151, 152, 153, 154, 155, 156, 157, 158, 159, 160, 161, 162, 163, 164, 165, 166, 167, 168, 169, 170, 171, 172, 173, 174, 175, 176, 177, 178, 179, 180, 181, 182, 183, 184, 185, 186, 187, 188, 189, 190, 191, 192, 193, 194, 195, 196, 197, 198, 199, 200, 201, 202, 203, 204, 205, 206, 207, 208, 209, 210, 211, 212, 213, 214, 215, 216, 217, 218, 219, 220, 221, 222, 223, 224, 225, 226, 227, 228, 229, 230, 231, 232, 233, 234, 235, 236, 237, 238, 239, 240, 241, 242, 243, 244, 245, 246, 247, 248, 249, 250, 251, 252, 253, 254, 255, 256, 257, 258, 259, 260, 261, 262, 263, 264, 265, 266, 267, 268, 269, 270, 271, 272, 273, 274, 275, 276, 277, 278, 279, 280, 281, 282, 283, 284, 285, 286, 287, 288, 289, 290, 291, 292, 293, 294, 295, 296, 297, 298, 299, 300, 301, 302, 303, 304, 305, 306, 307, 308, 309, 310, 311, 312, 313, 314, 315, 316, 317, 318, 319, 320, 321, 322, 323, 324, 325, 326, 327, 328, 329, 330, 331, 332, 333, 334, 335, 336, 337, 574, 575, 576, 577, 578, 579, 580, 581, 582, 583, 584, 585, 586, 587, 588, 589, 590, 591, 592, 593, 594, 595, 596, 597, 598, 599, 600, 601, 602, 603, 604, 605, 606, 607, 608, 609, 610, 611, 612, 613, 614, 615, 616, 617, 618, 619, 620, 621, 622, 623, 624, 625, 626, 627, 628, 629, 630, 631, 632, 633, 634, 635, 636, 637, 638, 639, 640, 641, 642, 643, 644, 645, 646, 647, 648, 649, 650, 651, 652, 653, 654, 655, 656, 657, 658, 659, 660, 661, 662, 663, 664, 665, 666, 667, 668, 669, 670, 671, 672, 673, 674, 675, 676, 677, 678, 679, 680, 681, 682, 683, 684, 685, 686, 687, 688, 689, 690, 691, 692, 693, 694, 695, 696, 697, 698, 699, 700, 701, 702, 703, 704, 705, 706, 707, 708, 709, 710, 711, 712, 713, 714, 715, 716, 717, 718, 719, 720, 721, 722, 723, 724, 725, 726, 727, 728, 729, 730, 731, 732, 733, 734, 735, 736, 737, 738, 739, 740, 741, 742, 743, 744, 745, 746, 747, 748, 749, 750, 751, 752, 753, 754, 755, 756, 757, 758, 759, 760, 761, 762, 763, 764, 765, 766, 767, 768, 769, 770, 771, 772, 773, 774, 775, 776, 777, 778, 779, 780, 781, 782, 783, 784, 785, 786, 787, 788, 789, 790, 791, 792, 793]","[0, 5, 7, 10, 14, 19, 20, 22, 24, 32, 33, 34, 37, 38, 40, 44, 46, 48, 49, 51, 56, 61, 63, 65, 67, 68, 73, 74, 75, 76, 79, 81, 82, 83, 85, 87, 88, 92, 93, 95, 96, 99, 100, 101, 115, 116, 124, 134, 142, 161, 167, 169, 170, 186, 202, 240, 244, 254, 260, 267, 277, 300, 303, 307, 310, 322, 331, 376, 485, 491, 493, 495, 499, 503, 504, 506, 508, 515, 518, 519, 521, 524, 526, 528, 533, 537, 539, 542, 543, 547, 548, 549, 550, 551, 553, 554, 556, 558, 559, 563, 564, 566, 567, 570, 571, 572, 586, 587, 595, 605, 613, 633, 639, 640, 641, 657, 672, 704, 717, 726, 736, 759, 761, 765, 768, 780, 788, 792, 826]",[],[],"[0, 5, 7, 10, 14, 19, 20, 22, 24, 32, 33, 34, 37, 38, 40, 44, 46, 48, 49, 51, 56, 61, 63, 65, 67, 68, 73, 74, 75, 76, 79, 81, 82, 83, 85, 87, 88, 92, 93, 95, 96, 99, 100, 101, 103, 104, 105, 106, 107, 108, 109, 110, 111, 112, 113, 114, 115, 116, 117, 118, 119, 120, 121, 122, 123, 124, 125, 126, 127, 128, 129, 130, 131, 132, 133, 134, 135, 136, 137, 138, 139, 140, 141, 142, 143, 144, 145, 146, 147, 148, 149, 150, 151, 152, 153, 154, 155, 156, 157, 158, 159, 160, 161, 162, 163, 164, 165, 166, 167, 168, 169, 170, 171, 172, 173, 174, 175, 176, 177, 178, 179, 180, 181, 182, 183, 184, 185, 186, 187, 188, 189, 190, 191, 192, 193, 194, 195, 196, 197, 198, 199, 200, 201, 202, 203, 204, 205, 206, 207, 208, 209, 210, 211, 212, 213, 214, 215, 216, 217, 218, 219, 220, 221, 222, 223, 224, 225, 226, 227, 228, 229, 230, 231, 232, 233, 234, 235, 236, 237, 238, 239, 240, 241, 242, 243, 244, 245, 246, 247, 248, 249, 250, 251, 252, 253, 254, 255, 256, 257, 258, 259, 260, 261, 262, 263, 264, 265, 266, 267, 268, 269, 270, 271, 272, 273, 274, 275, 276, 277, 278, 279, 280, 281, 282, 283, 284, 285, 286, 287, 288, 289, 290, 291, 292, 293, 294, 295, 296, 297, 298, 299, 300, 301, 302, 303, 304, 305, 306, 307, 308, 309, 310, 311, 312, 313, 314, 315, 316, 317, 318, 319, 320, 321, 322, 323, 324, 325, 326, 327, 328, 329, 330, 331, 332, 333, 334, 335, 336, 337, 376, 485, 491, 493, 495, 499, 503, 504, 506, 508, 515, 518, 519, 521, 524, 526, 528, 533, 537, 539, 542, 543, 547, 548, 549, 550, 551, 553, 554, 556, 558, 559, 563, 564, 566, 567, 570, 571, 572, 574, 575, 576, 577, 578, 579, 580, 581, 582, 583, 584, 585, 586, 587, 588, 589, 590, 591, 592, 593, 594, 595, 596, 597, 598, 599, 600, 601, 602, 603, 604, 605, 606, 607, 608, 609, 610, 611, 612, 613, 614, 615, 616, 617, 618, 619, 620, 621, 622, 623, 624, 625, 626, 627, 628, 629, 630, 631, 632, 633, 634, 635, 636, 637, 638, 639, 640, 641, 642, 643, 644, 645, 646, 647, 648, 649, 650, 651, 652, 653, 654, 655, 656, 657, 658, 659, 660, 661, 662, 663, 664, 665, 666, 667, 668, 669, 670, 671, 672, 673, 674, 675, 676, 677, 678, 679, 680, 681, 682, 683, 684, 685, 686, 687, 688, 689, 690, 691, 692, 693, 694, 695, 696, 697, 698, 699, 700, 701, 702, 703, 704, 705, 706, 707, 708, 709, 710, 711, 712, 713, 714, 715, 716, 717, 718, 719, 720, 721, 722, 723, 724, 725, 726, 727, 728, 729, 730, 731, 732, 733, 734, 735, 736, 737, 738, 739, 740, 741, 742, 743, 744, 745, 746, 747, 748, 749, 750, 751, 752, 753, 754, 755, 756, 757, 758, 759, 760, 761, 762, 763, 764, 765, 766, 767, 768, 769, 770, 771, 772, 773, 774, 775, 776, 777, 778, 779, 780, 781, 782, 783, 784, 785, 786, 787, 788, 789, 790, 791, 792, 793, 826]",True,"[161, 244, 303, 633, 761, 792]","[103, 104, 105, 106, 107, 108, 109, 110, 111, 112, 113, 114, 115, 116, 117, 118, 119, 120, 121, 122, 123, 124, 125, 126, 127, 128, 129, 130, 131, 132, 133, 134, 135, 136, 137, 138, 139, 140, 141, 142, 143, 144, 145, 146, 147, 148, 149, 150, 151, 152, 153, 154, 155, 156, 157, 158, 159, 160, 161, 162, 163, 164, 165, 166, 167, 168, 169, 170, 171, 172, 173, 174, 175, 176, 177, 178, 179, 180, 181, 182, 183, 184, 185, 186, 187, 188, 189, 190, 191, 192, 193, 194, 195, 196, 197, 198, 199, 200, 201, 202, 203, 204, 205, 206, 207, 208, 209, 210, 211, 212, 213, 214, 215, 216, 217, 218, 219, 220, 221, 222, 223, 224, 225, 226, 227, 228, 229, 230, 231, 232, 233, 234, 235, 236, 237, 238, 239, 240, 241, 242, 243, 244, 245, 246, 247, 248, 249, 250, 251, 252, 253, 254, 255, 256, 257, 258, 259, 260, 261, 262, 263, 264, 265, 266, 267, 268, 269, 270, 271, 272, 273, 274, 275, 276, 277, 278, 279, 280, 281, 282, 283, 284, 285, 286, 287, 288, 289, 290, 291, 292, 293, 294, 295, 296, 297, 298, 299, 300, 301, 302, 303, 304, 305, 306, 307, 308, 309, 310, 311, 312, 313, 314, 315, 316, 317, 318, 319, 320, 321, 322, 323, 324, 325, 326, 327, 328, 329, 330, 331, 332, 333, 334, 335, 336, 337, 574, 575, 576, 577, 578, 579, 580, 581, 582, 583, 584, 585, 586, 587, 588, 589, 590, 591, 592, 593, 594, 595, 596, 597, 598, 599, 600, 601, 602, 603, 604, 605, 606, 607, 608, 609, 610, 611, 612, 613, 614, 615, 616, 617, 618, 619, 620, 621, 622, 623, 624, 625, 626, 627, 628, 629, 630, 631, 632, 633, 634, 635, 636, 637, 638, 639, 640, 641, 642, 643, 644, 645, 646, 647, 648, 649, 650, 651, 652, 653, 654, 655, 656, 657, 658, 659, 660, 661, 662, 663, 664, 665, 666, 667, 668, 669, 670, 671, 672, 673, 674, 675, 676, 677, 678, 679, 680, 681, 682, 683, 684, 685, 686, 687, 688, 689, 690, 691, 692, 693, 694, 695, 696, 697, 698, 699, 700, 701, 702, 703, 704, 705, 706, 707, 708, 709, 710, 711, 712, 713, 714, 715, 716, 717, 718, 719, 720, 721, 722, 723, 724, 725, 726, 727, 728, 729, 730, 731, 732, 733, 734, 735, 736, 737, 738, 739, 740, 741, 742, 743, 744, 745, 746, 747, 748, 749, 750, 751, 752, 753, 754, 755, 756, 757, 758, 759, 760, 761, 762, 763, 764, 765, 766, 767, 768, 769, 770, 771, 772, 773, 774, 775, 776, 777, 778, 779, 780, 781, 782, 783, 784, 785, 786, 787, 788, 789, 790, 791, 792, 793]","[115, 116, 161, 169, 170, 244, 303, 586, 587, 633, 640, 641, 761, 792]","[116, 118, 161, 169, 170, 174, 303, 587, 589, 633, 640, 641, 645, 761, 792]","[0, 5, 7, 10, 14, 19, 20, 22, 24, 32, 33, 34, 37, 38, 40, 44, 46, 48, 49, 51, 56, 61, 63, 65, 67, 68, 73, 74, 75, 76, 79, 81, 82, 83, 85, 87, 88, 92, 93, 95, 96, 99, 100, 101, 115, 116, 124, 134, 142, 161, 167, 169, 170, 186, 202, 240, 244, 254, 260, 267, 277, 300, 303, 307, 310, 322, 331, 376, 485, 491, 493, 495, 499, 503, 504, 506, 508, 515, 518, 519, 521, 524, 526, 528, 533, 537, 539, 542, 543, 547, 548, 549, 550, 551, 553, 554, 556, 558, 559, 563, 564, 566, 567, 570, 571, 572, 586, 587, 595, 605, 613, 633, 639, 640, 641, 657, 672, 704, 717, 726, 736, 759, 761, 765, 768, 780, 788, 792, 826]",[],[],7/6 successful match,True,[416],True,286,False,,1.0,True,North American Truck Stop,
Fontana ( 92337 ) North Exit American 61 ( Cherry Truck 3/4 Stop mi N ),7 909-350-3310 I-10 Exit 61 (,24 XL <U+25A1>,Fontana,92337,North Exit American 61 ( Cherry Truck 3/4 Stop mi N ),909-350-3310,2015,Fontana,CA,,(,I-10 Exit 61 ,Exit,61,False,,False,I-10,,,,,"[792, 244]","[161, 244, 303, 633, 761, 792]","[115, 116, 161, 169, 170, 244, 303, 586, 587, 633, 640, 641, 761, 792]","[116, 118, 161, 169, 170, 174, 303, 587, 589, 633, 640, 641, 645, 761, 792]","[103, 104, 105, 106, 107, 108, 109, 110, 111, 112, 113, 114, 115, 116, 117, 118, 119, 120, 121, 122, 123, 124, 125, 126, 127, 128, 129, 130, 131, 132, 133, 134, 135, 136, 137, 138, 139, 140, 141, 142, 143, 144, 145, 146, 147, 148, 149, 150, 151, 152, 153, 154, 155, 156, 157, 158, 159, 160, 161, 162, 163, 164, 165, 166, 167, 168, 169, 170, 171, 172, 173, 174, 175, 176, 177, 178, 179, 180, 181, 182, 183, 184, 185, 186, 187, 188, 189, 190, 191, 192, 193, 194, 195, 196, 197, 198, 199, 200, 201, 202, 203, 204, 205, 206, 207, 208, 209, 210, 211, 212, 213, 214, 215, 216, 217, 218, 219, 220, 221, 222, 223, 224, 225, 226, 227, 228, 229, 230, 231, 232, 233, 234, 235, 236, 237, 238, 239, 240, 241, 242, 243, 244, 245, 246, 247, 248, 249, 250, 251, 252, 253, 254, 255, 256, 257, 258, 259, 260, 261, 262, 263, 264, 265, 266, 267, 268, 269, 270, 271, 272, 273, 274, 275, 276, 277, 278, 279, 280, 281, 282, 283, 284, 285, 286, 287, 288, 289, 290, 291, 292, 293, 294, 295, 296, 297, 298, 299, 300, 301, 302, 303, 304, 305, 306, 307, 308, 309, 310, 311, 312, 313, 314, 315, 316, 317, 318, 319, 320, 321, 322, 323, 324, 325, 326, 327, 328, 329, 330, 331, 332, 333, 334, 335, 336, 337, 574, 575, 576, 577, 578, 579, 580, 581, 582, 583, 584, 585, 586, 587, 588, 589, 590, 591, 592, 593, 594, 595, 596, 597, 598, 599, 600, 601, 602, 603, 604, 605, 606, 607, 608, 609, 610, 611, 612, 613, 614, 615, 616, 617, 618, 619, 620, 621, 622, 623, 624, 625, 626, 627, 628, 629, 630, 631, 632, 633, 634, 635, 636, 637, 638, 639, 640, 641, 642, 643, 644, 645, 646, 647, 648, 649, 650, 651, 652, 653, 654, 655, 656, 657, 658, 659, 660, 661, 662, 663, 664, 665, 666, 667, 668, 669, 670, 671, 672, 673, 674, 675, 676, 677, 678, 679, 680, 681, 682, 683, 684, 685, 686, 687, 688, 689, 690, 691, 692, 693, 694, 695, 696, 697, 698, 699, 700, 701, 702, 703, 704, 705, 706, 707, 708, 709, 710, 711, 712, 713, 714, 715, 716, 717, 718, 719, 720, 721, 722, 723, 724, 725, 726, 727, 728, 729, 730, 731, 732, 733, 734, 735, 736, 737, 738, 739, 740, 741, 742, 743, 744, 745, 746, 747, 748, 749, 750, 751, 752, 753, 754, 755, 756, 757, 758, 759, 760, 761, 762, 763, 764, 765, 766, 767, 768, 769, 770, 771, 772, 773, 774, 775, 776, 777, 778, 779, 780, 781, 782, 783, 784, 785, 786, 787, 788, 789, 790, 791, 792, 793]","[0, 5, 7, 10, 14, 19, 20, 22, 24, 32, 33, 34, 37, 38, 40, 44, 46, 48, 49, 51, 56, 61, 63, 65, 67, 68, 73, 74, 75, 76, 79, 81, 82, 83, 85, 87, 88, 92, 93, 95, 96, 99, 100, 101, 115, 116, 124, 134, 142, 161, 167, 169, 170, 186, 202, 240, 244, 254, 260, 267, 277, 300, 303, 307, 310, 322, 331, 376, 485, 491, 493, 495, 499, 503, 504, 506, 508, 515, 518, 519, 521, 524, 526, 528, 533, 537, 539, 542, 543, 547, 548, 549, 550, 551, 553, 554, 556, 558, 559, 563, 564, 566, 567, 570, 571, 572, 586, 587, 595, 605, 613, 633, 639, 640, 641, 657, 672, 704, 717, 726, 736, 759, 761, 765, 768, 780, 788, 792, 826]",[],[],"[0, 5, 7, 10, 14, 19, 20, 22, 24, 32, 33, 34, 37, 38, 40, 44, 46, 48, 49, 51, 56, 61, 63, 65, 67, 68, 73, 74, 75, 76, 79, 81, 82, 83, 85, 87, 88, 92, 93, 95, 96, 99, 100, 101, 103, 104, 105, 106, 107, 108, 109, 110, 111, 112, 113, 114, 115, 116, 117, 118, 119, 120, 121, 122, 123, 124, 125, 126, 127, 128, 129, 130, 131, 132, 133, 134, 135, 136, 137, 138, 139, 140, 141, 142, 143, 144, 145, 146, 147, 148, 149, 150, 151, 152, 153, 154, 155, 156, 157, 158, 159, 160, 161, 162, 163, 164, 165, 166, 167, 168, 169, 170, 171, 172, 173, 174, 175, 176, 177, 178, 179, 180, 181, 182, 183, 184, 185, 186, 187, 188, 189, 190, 191, 192, 193, 194, 195, 196, 197, 198, 199, 200, 201, 202, 203, 204, 205, 206, 207, 208, 209, 210, 211, 212, 213, 214, 215, 216, 217, 218, 219, 220, 221, 222, 223, 224, 225, 226, 227, 228, 229, 230, 231, 232, 233, 234, 235, 236, 237, 238, 239, 240, 241, 242, 243, 244, 245, 246, 247, 248, 249, 250, 251, 252, 253, 254, 255, 256, 257, 258, 259, 260, 261, 262, 263, 264, 265, 266, 267, 268, 269, 270, 271, 272, 273, 274, 275, 276, 277, 278, 279, 280, 281, 282, 283, 284, 285, 286, 287, 288, 289, 290, 291, 292, 293, 294, 295, 296, 297, 298, 299, 300, 301, 302, 303, 304, 305, 306, 307, 308, 309, 310, 311, 312, 313, 314, 315, 316, 317, 318, 319, 320, 321, 322, 323, 324, 325, 326, 327, 328, 329, 330, 331, 332, 333, 334, 335, 336, 337, 376, 485, 491, 493, 495, 499, 503, 504, 506, 508, 515, 518, 519, 521, 524, 526, 528, 533, 537, 539, 542, 543, 547, 548, 549, 550, 551, 553, 554, 556, 558, 559, 563, 564, 566, 567, 570, 571, 572, 574, 575, 576, 577, 578, 579, 580, 581, 582, 583, 584, 585, 586, 587, 588, 589, 590, 591, 592, 593, 594, 595, 596, 597, 598, 599, 600, 601, 602, 603, 604, 605, 606, 607, 608, 609, 610, 611, 612, 613, 614, 615, 616, 617, 618, 619, 620, 621, 622, 623, 624, 625, 626, 627, 628, 629, 630, 631, 632, 633, 634, 635, 636, 637, 638, 639, 640, 641, 642, 643, 644, 645, 646, 647, 648, 649, 650, 651, 652, 653, 654, 655, 656, 657, 658, 659, 660, 661, 662, 663, 664, 665, 666, 667, 668, 669, 670, 671, 672, 673, 674, 675, 676, 677, 678, 679, 680, 681, 682, 683, 684, 685, 686, 687, 688, 689, 690, 691, 692, 693, 694, 695, 696, 697, 698, 699, 700, 701, 702, 703, 704, 705, 706, 707, 708, 709, 710, 711, 712, 713, 714, 715, 716, 717, 718, 719, 720, 721, 722, 723, 724, 725, 726, 727, 728, 729, 730, 731, 732, 733, 734, 735, 736, 737, 738, 739, 740, 741, 742, 743, 744, 745, 746, 747, 748, 749, 750, 751, 752, 753, 754, 755, 756, 757, 758, 759, 760, 761, 762, 763, 764, 765, 766, 767, 768, 769, 770, 771, 772, 773, 774, 775, 776, 777, 778, 779, 780, 781, 782, 783, 784, 785, 786, 787, 788, 789, 790, 791, 792, 793, 826]",True,"[161, 244, 303, 633, 761, 792]","[103, 104, 105, 106, 107, 108, 109, 110, 111, 112, 113, 114, 115, 116, 117, 118, 119, 120, 121, 122, 123, 124, 125, 126, 127, 128, 129, 130, 131, 132, 133, 134, 135, 136, 137, 138, 139, 140, 141, 142, 143, 144, 145, 146, 147, 148, 149, 150, 151, 152, 153, 154, 155, 156, 157, 158, 159, 160, 161, 162, 163, 164, 165, 166, 167, 168, 169, 170, 171, 172, 173, 174, 175, 176, 177, 178, 179, 180, 181, 182, 183, 184, 185, 186, 187, 188, 189, 190, 191, 192, 193, 194, 195, 196, 197, 198, 199, 200, 201, 202, 203, 204, 205, 206, 207, 208, 209, 210, 211, 212, 213, 214, 215, 216, 217, 218, 219, 220, 221, 222, 223, 224, 225, 226, 227, 228, 229, 230, 231, 232, 233, 234, 235, 236, 237, 238, 239, 240, 241, 242, 243, 244, 245, 246, 247, 248, 249, 250, 251, 252, 253, 254, 255, 256, 257, 258, 259, 260, 261, 262, 263, 264, 265, 266, 267, 268, 269, 270, 271, 272, 273, 274, 275, 276, 277, 278, 279, 280, 281, 282, 283, 284, 285, 286, 287, 288, 289, 290, 291, 292, 293, 294, 295, 296, 297, 298, 299, 300, 301, 302, 303, 304, 305, 306, 307, 308, 309, 310, 311, 312, 313, 314, 315, 316, 317, 318, 319, 320, 321, 322, 323, 324, 325, 326, 327, 328, 329, 330, 331, 332, 333, 334, 335, 336, 337, 574, 575, 576, 577, 578, 579, 580, 581, 582, 583, 584, 585, 586, 587, 588, 589, 590, 591, 592, 593, 594, 595, 596, 597, 598, 599, 600, 601, 602, 603, 604, 605, 606, 607, 608, 609, 610, 611, 612, 613, 614, 615, 616, 617, 618, 619, 620, 621, 622, 623, 624, 625, 626, 627, 628, 629, 630, 631, 632, 633, 634, 635, 636, 637, 638, 639, 640, 641, 642, 643, 644, 645, 646, 647, 648, 649, 650, 651, 652, 653, 654, 655, 656, 657, 658, 659, 660, 661, 662, 663, 664, 665, 666, 667, 668, 669, 670, 671, 672, 673, 674, 675, 676, 677, 678, 679, 680, 681, 682, 683, 684, 685, 686, 687, 688, 689, 690, 691, 692, 693, 694, 695, 696, 697, 698, 699, 700, 701, 702, 703, 704, 705, 706, 707, 708, 709, 710, 711, 712, 713, 714, 715, 716, 717, 718, 719, 720, 721, 722, 723, 724, 725, 726, 727, 728, 729, 730, 731, 732, 733, 734, 735, 736, 737, 738, 739, 740, 741, 742, 743, 744, 745, 746, 747, 748, 749, 750, 751, 752, 753, 754, 755, 756, 757, 758, 759, 760, 761, 762, 763, 764, 765, 766, 767, 768, 769, 770, 771, 772, 773, 774, 775, 776, 777, 778, 779, 780, 781, 782, 783, 784, 785, 786, 787, 788, 789, 790, 791, 792, 793]","[115, 116, 161, 169, 170, 244, 303, 586, 587, 633, 640, 641, 761, 792]","[116, 118, 161, 169, 170, 174, 303, 587, 589, 633, 640, 641, 645, 761, 792]","[0, 5, 7, 10, 14, 19, 20, 22, 24, 32, 33, 34, 37, 38, 40, 44, 46, 48, 49, 51, 56, 61, 63, 65, 67, 68, 73, 74, 75, 76, 79, 81, 82, 83, 85, 87, 88, 92, 93, 95, 96, 99, 100, 101, 115, 116, 124, 134, 142, 161, 167, 169, 170, 186, 202, 240, 244, 254, 260, 267, 277, 300, 303, 307, 310, 322, 331, 376, 485, 491, 493, 495, 499, 503, 504, 506, 508, 515, 518, 519, 521, 524, 526, 528, 533, 537, 539, 542, 543, 547, 548, 549, 550, 551, 553, 554, 556, 558, 559, 563, 564, 566, 567, 570, 571, 572, 586, 587, 595, 605, 613, 633, 639, 640, 641, 657, 672, 704, 717, 726, 736, 759, 761, 765, 768, 780, 788, 792, 826]",[],[],7/6 successful match,True,[416],True,286,False,,0.8923076923076924,True,North American Truck Stop,
Fontana ( 92337 ) North American Truck Stop,909-350-3310 I-10 Exit 61 ( Cherry S to 14320 Slover ),24 <U+2610> X = <U+2610>,Fontana,92337,North American Truck Stop,909-350-3310,2016,Fontana,CA,,( Cherry S to 14320 Slover ),I-10 Exit 61 ,Exit,61,False,,False,I-10,,,,,"[792, 244]","[161, 244, 303, 633, 761, 792]","[115, 116, 161, 169, 170, 244, 303, 586, 587, 633, 640, 641, 761, 792]","[116, 118, 161, 169, 170, 174, 303, 587, 589, 633, 640, 641, 645, 761, 792]","[103, 104, 105, 106, 107, 108, 109, 110, 111, 112, 113, 114, 115, 116, 117, 118, 119, 120, 121, 122, 123, 124, 125, 126, 127, 128, 129, 130, 131, 132, 133, 134, 135, 136, 137, 138, 139, 140, 141, 142, 143, 144, 145, 146, 147, 148, 149, 150, 151, 152, 153, 154, 155, 156, 157, 158, 159, 160, 161, 162, 163, 164, 165, 166, 167, 168, 169, 170, 171, 172, 173, 174, 175, 176, 177, 178, 179, 180, 181, 182, 183, 184, 185, 186, 187, 188, 189, 190, 191, 192, 193, 194, 195, 196, 197, 198, 199, 200, 201, 202, 203, 204, 205, 206, 207, 208, 209, 210, 211, 212, 213, 214, 215, 216, 217, 218, 219, 220, 221, 222, 223, 224, 225, 226, 227, 228, 229, 230, 231, 232, 233, 234, 235, 236, 237, 238, 239, 240, 241, 242, 243, 244, 245, 246, 247, 248, 249, 250, 251, 252, 253, 254, 255, 256, 257, 258, 259, 260, 261, 262, 263, 264, 265, 266, 267, 268, 269, 270, 271, 272, 273, 274, 275, 276, 277, 278, 279, 280, 281, 282, 283, 284, 285, 286, 287, 288, 289, 290, 291, 292, 293, 294, 295, 296, 297, 298, 299, 300, 301, 302, 303, 304, 305, 306, 307, 308, 309, 310, 311, 312, 313, 314, 315, 316, 317, 318, 319, 320, 321, 322, 323, 324, 325, 326, 327, 328, 329, 330, 331, 332, 333, 334, 335, 336, 337, 574, 575, 576, 577, 578, 579, 580, 581, 582, 583, 584, 585, 586, 587, 588, 589, 590, 591, 592, 593, 594, 595, 596, 597, 598, 599, 600, 601, 602, 603, 604, 605, 606, 607, 608, 609, 610, 611, 612, 613, 614, 615, 616, 617, 618, 619, 620, 621, 622, 623, 624, 625, 626, 627, 628, 629, 630, 631, 632, 633, 634, 635, 636, 637, 638, 639, 640, 641, 642, 643, 644, 645, 646, 647, 648, 649, 650, 651, 652, 653, 654, 655, 656, 657, 658, 659, 660, 661, 662, 663, 664, 665, 666, 667, 668, 669, 670, 671, 672, 673, 674, 675, 676, 677, 678, 679, 680, 681, 682, 683, 684, 685, 686, 687, 688, 689, 690, 691, 692, 693, 694, 695, 696, 697, 698, 699, 700, 701, 702, 703, 704, 705, 706, 707, 708, 709, 710, 711, 712, 713, 714, 715, 716, 717, 718, 719, 720, 721, 722, 723, 724, 725, 726, 727, 728, 729, 730, 731, 732, 733, 734, 735, 736, 737, 738, 739, 740, 741, 742, 743, 744, 745, 746, 747, 748, 749, 750, 751, 752, 753, 754, 755, 756, 757, 758, 759, 760, 761, 762, 763, 764, 765, 766, 767, 768, 769, 770, 771, 772, 773, 774, 775, 776, 777, 778, 779, 780, 781, 782, 783, 784, 785, 786, 787, 788, 789, 790, 791, 792, 793]","[0, 5, 7, 10, 14, 19, 20, 22, 24, 32, 33, 34, 37, 38, 40, 44, 46, 48, 49, 51, 56, 61, 63, 65, 67, 68, 73, 74, 75, 76, 79, 81, 82, 83, 85, 87, 88, 92, 93, 95, 96, 99, 100, 101, 115, 116, 124, 134, 142, 161, 167, 169, 170, 186, 202, 240, 244, 254, 260, 267, 277, 300, 303, 307, 310, 322, 331, 376, 485, 491, 493, 495, 499, 503, 504, 506, 508, 515, 518, 519, 521, 524, 526, 528, 533, 537, 539, 542, 543, 547, 548, 549, 550, 551, 553, 554, 556, 558, 559, 563, 564, 566, 567, 570, 571, 572, 586, 587, 595, 605, 613, 633, 639, 640, 641, 657, 672, 704, 717, 726, 736, 759, 761, 765, 768, 780, 788, 792, 826]",[],[],"[0, 5, 7, 10, 14, 19, 20, 22, 24, 32, 33, 34, 37, 38, 40, 44, 46, 48, 49, 51, 56, 61, 63, 65, 67, 68, 73, 74, 75, 76, 79, 81, 82, 83, 85, 87, 88, 92, 93, 95, 96, 99, 100, 101, 103, 104, 105, 106, 107, 108, 109, 110, 111, 112, 113, 114, 115, 116, 117, 118, 119, 120, 121, 122, 123, 124, 125, 126, 127, 128, 129, 130, 131, 132, 133, 134, 135, 136, 137, 138, 139, 140, 141, 142, 143, 144, 145, 146, 147, 148, 149, 150, 151, 152, 153, 154, 155, 156, 157, 158, 159, 160, 161, 162, 163, 164, 165, 166, 167, 168, 169, 170, 171, 172, 173, 174, 175, 176, 177, 178, 179, 180, 181, 182, 183, 184, 185, 186, 187, 188, 189, 190, 191, 192, 193, 194, 195, 196, 197, 198, 199, 200, 201, 202, 203, 204, 205, 206, 207, 208, 209, 210, 211, 212, 213, 214, 215, 216, 217, 218, 219, 220, 221, 222, 223, 224, 225, 226, 227, 228, 229, 230, 231, 232, 233, 234, 235, 236, 237, 238, 239, 240, 241, 242, 243, 244, 245, 246, 247, 248, 249, 250, 251, 252, 253, 254, 255, 256, 257, 258, 259, 260, 261, 262, 263, 264, 265, 266, 267, 268, 269, 270, 271, 272, 273, 274, 275, 276, 277, 278, 279, 280, 281, 282, 283, 284, 285, 286, 287, 288, 289, 290, 291, 292, 293, 294, 295, 296, 297, 298, 299, 300, 301, 302, 303, 304, 305, 306, 307, 308, 309, 310, 311, 312, 313, 314, 315, 316, 317, 318, 319, 320, 321, 322, 323, 324, 325, 326, 327, 328, 329, 330, 331, 332, 333, 334, 335, 336, 337, 376, 485, 491, 493, 495, 499, 503, 504, 506, 508, 515, 518, 519, 521, 524, 526, 528, 533, 537, 539, 542, 543, 547, 548, 549, 550, 551, 553, 554, 556, 558, 559, 563, 564, 566, 567, 570, 571, 572, 574, 575, 576, 577, 578, 579, 580, 581, 582, 583, 584, 585, 586, 587, 588, 589, 590, 591, 592, 593, 594, 595, 596, 597, 598, 599, 600, 601, 602, 603, 604, 605, 606, 607, 608, 609, 610, 611, 612, 613, 614, 615, 616, 617, 618, 619, 620, 621, 622, 623, 624, 625, 626, 627, 628, 629, 630, 631, 632, 633, 634, 635, 636, 637, 638, 639, 640, 641, 642, 643, 644, 645, 646, 647, 648, 649, 650, 651, 652, 653, 654, 655, 656, 657, 658, 659, 660, 661, 662, 663, 664, 665, 666, 667, 668, 669, 670, 671, 672, 673, 674, 675, 676, 677, 678, 679, 680, 681, 682, 683, 684, 685, 686, 687, 688, 689, 690, 691, 692, 693, 694, 695, 696, 697, 698, 699, 700, 701, 702, 703, 704, 705, 706, 707, 708, 709, 710, 711, 712, 713, 714, 715, 716, 717, 718, 719, 720, 721, 722, 723, 724, 725, 726, 727, 728, 729, 730, 731, 732, 733, 734, 735, 736, 737, 738, 739, 740, 741, 742, 743, 744, 745, 746, 747, 748, 749, 750, 751, 752, 753, 754, 755, 756, 757, 758, 759, 760, 761, 762, 763, 764, 765, 766, 767, 768, 769, 770, 771, 772, 773, 774, 775, 776, 777, 778, 779, 780, 781, 782, 783, 784, 785, 786, 787, 788, 789, 790, 791, 792, 793, 826]",True,"[161, 244, 303, 633, 761, 792]","[103, 104, 105, 106, 107, 108, 109, 110, 111, 112, 113, 114, 115, 116, 117, 118, 119, 120, 121, 122, 123, 124, 125, 126, 127, 128, 129, 130, 131, 132, 133, 134, 135, 136, 137, 138, 139, 140, 141, 142, 143, 144, 145, 146, 147, 148, 149, 150, 151, 152, 153, 154, 155, 156, 157, 158, 159, 160, 161, 162, 163, 164, 165, 166, 167, 168, 169, 170, 171, 172, 173, 174, 175, 176, 177, 178, 179, 180, 181, 182, 183, 184, 185, 186, 187, 188, 189, 190, 191, 192, 193, 194, 195, 196, 197, 198, 199, 200, 201, 202, 203, 204, 205, 206, 207, 208, 209, 210, 211, 212, 213, 214, 215, 216, 217, 218, 219, 220, 221, 222, 223, 224, 225, 226, 227, 228, 229, 230, 231, 232, 233, 234, 235, 236, 237, 238, 239, 240, 241, 242, 243, 244, 245, 246, 247, 248, 249, 250, 251, 252, 253, 254, 255, 256, 257, 258, 259, 260, 261, 262, 263, 264, 265, 266, 267, 268, 269, 270, 271, 272, 273, 274, 275, 276, 277, 278, 279, 280, 281, 282, 283, 284, 285, 286, 287, 288, 289, 290, 291, 292, 293, 294, 295, 296, 297, 298, 299, 300, 301, 302, 303, 304, 305, 306, 307, 308, 309, 310, 311, 312, 313, 314, 315, 316, 317, 318, 319, 320, 321, 322, 323, 324, 325, 326, 327, 328, 329, 330, 331, 332, 333, 334, 335, 336, 337, 574, 575, 576, 577, 578, 579, 580, 581, 582, 583, 584, 585, 586, 587, 588, 589, 590, 591, 592, 593, 594, 595, 596, 597, 598, 599, 600, 601, 602, 603, 604, 605, 606, 607, 608, 609, 610, 611, 612, 613, 614, 615, 616, 617, 618, 619, 620, 621, 622, 623, 624, 625, 626, 627, 628, 629, 630, 631, 632, 633, 634, 635, 636, 637, 638, 639, 640, 641, 642, 643, 644, 645, 646, 647, 648, 649, 650, 651, 652, 653, 654, 655, 656, 657, 658, 659, 660, 661, 662, 663, 664, 665, 666, 667, 668, 669, 670, 671, 672, 673, 674, 675, 676, 677, 678, 679, 680, 681, 682, 683, 684, 685, 686, 687, 688, 689, 690, 691, 692, 693, 694, 695, 696, 697, 698, 699, 700, 701, 702, 703, 704, 705, 706, 707, 708, 709, 710, 711, 712, 713, 714, 715, 716, 717, 718, 719, 720, 721, 722, 723, 724, 725, 726, 727, 728, 729, 730, 731, 732, 733, 734, 735, 736, 737, 738, 739, 740, 741, 742, 743, 744, 745, 746, 747, 748, 749, 750, 751, 752, 753, 754, 755, 756, 757, 758, 759, 760, 761, 762, 763, 764, 765, 766, 767, 768, 769, 770, 771, 772, 773, 774, 775, 776, 777, 778, 779, 780, 781, 782, 783, 784, 785, 786, 787, 788, 789, 790, 791, 792, 793]","[115, 116, 161, 169, 170, 244, 303, 586, 587, 633, 640, 641, 761, 792]","[116, 118, 161, 169, 170, 174, 303, 587, 589, 633, 640, 641, 645, 761, 792]","[0, 5, 7, 10, 14, 19, 20, 22, 24, 32, 33, 34, 37, 38, 40, 44, 46, 48, 49, 51, 56, 61, 63, 65, 67, 68, 73, 74, 75, 76, 79, 81, 82, 83, 85, 87, 88, 92, 93, 95, 96, 99, 100, 101, 115, 116, 124, 134, 142, 161, 167, 169, 170, 186, 202, 240, 244, 254, 260, 267, 277, 300, 303, 307, 310, 322, 331, 376, 485, 491, 493, 495, 499, 503, 504, 506, 508, 515, 518, 519, 521, 524, 526, 528, 533, 537, 539, 542, 543, 547, 548, 549, 550, 551, 553, 554, 556, 558, 559, 563, 564, 566, 567, 570, 571, 572, 586, 587, 595, 605, 613, 633, 639, 640, 641, 657, 672, 704, 717, 726, 736, 759, 761, 765, 768, 780, 788, 792, 826]",[],[],7/6 successful match,True,[416],True,286,False,,0.8923076923076924,True,North Exit American 61 ( Cherry Truck 3/4 Stop mi N ),
"Fontana , 92337 Three Sisters Truck Stop )",909-822-4415 I-10 Exit 61 ( Cherry S to 14416 ),) 24,Fontana,92337,Three Sisters Truck Stop ),909-822-4415,2006,Fontana,CA,,( Cherry S to 14416 ),I-10 Exit 61 ,Exit,61,False,,False,I-10,,,,,"[761, 303]","[161, 244, 303, 633, 761, 792]","[115, 116, 161, 169, 170, 244, 303, 586, 587, 633, 640, 641, 761, 792]","[116, 118, 161, 169, 170, 174, 303, 587, 589, 633, 640, 641, 645, 761, 792]","[103, 104, 105, 106, 107, 108, 109, 110, 111, 112, 113, 114, 115, 116, 117, 118, 119, 120, 121, 122, 123, 124, 125, 126, 127, 128, 129, 130, 131, 132, 133, 134, 135, 136, 137, 138, 139, 140, 141, 142, 143, 144, 145, 146, 147, 148, 149, 150, 151, 152, 153, 154, 155, 156, 157, 158, 159, 160, 161, 162, 163, 164, 165, 166, 167, 168, 169, 170, 171, 172, 173, 174, 175, 176, 177, 178, 179, 180, 181, 182, 183, 184, 185, 186, 187, 188, 189, 190, 191, 192, 193, 194, 195, 196, 197, 198, 199, 200, 201, 202, 203, 204, 205, 206, 207, 208, 209, 210, 211, 212, 213, 214, 215, 216, 217, 218, 219, 220, 221, 222, 223, 224, 225, 226, 227, 228, 229, 230, 231, 232, 233, 234, 235, 236, 237, 238, 239, 240, 241, 242, 243, 244, 245, 246, 247, 248, 249, 250, 251, 252, 253, 254, 255, 256, 257, 258, 259, 260, 261, 262, 263, 264, 265, 266, 267, 268, 269, 270, 271, 272, 273, 274, 275, 276, 277, 278, 279, 280, 281, 282, 283, 284, 285, 286, 287, 288, 289, 290, 291, 292, 293, 294, 295, 296, 297, 298, 299, 300, 301, 302, 303, 304, 305, 306, 307, 308, 309, 310, 311, 312, 313, 314, 315, 316, 317, 318, 319, 320, 321, 322, 323, 324, 325, 326, 327, 328, 329, 330, 331, 332, 333, 334, 335, 336, 337, 574, 575, 576, 577, 578, 579, 580, 581, 582, 583, 584, 585, 586, 587, 588, 589, 590, 591, 592, 593, 594, 595, 596, 597, 598, 599, 600, 601, 602, 603, 604, 605, 606, 607, 608, 609, 610, 611, 612, 613, 614, 615, 616, 617, 618, 619, 620, 621, 622, 623, 624, 625, 626, 627, 628, 629, 630, 631, 632, 633, 634, 635, 636, 637, 638, 639, 640, 641, 642, 643, 644, 645, 646, 647, 648, 649, 650, 651, 652, 653, 654, 655, 656, 657, 658, 659, 660, 661, 662, 663, 664, 665, 666, 667, 668, 669, 670, 671, 672, 673, 674, 675, 676, 677, 678, 679, 680, 681, 682, 683, 684, 685, 686, 687, 688, 689, 690, 691, 692, 693, 694, 695, 696, 697, 698, 699, 700, 701, 702, 703, 704, 705, 706, 707, 708, 709, 710, 711, 712, 713, 714, 715, 716, 717, 718, 719, 720, 721, 722, 723, 724, 725, 726, 727, 728, 729, 730, 731, 732, 733, 734, 735, 736, 737, 738, 739, 740, 741, 742, 743, 744, 745, 746, 747, 748, 749, 750, 751, 752, 753, 754, 755, 756, 757, 758, 759, 760, 761, 762, 763, 764, 765, 766, 767, 768, 769, 770, 771, 772, 773, 774, 775, 776, 777, 778, 779, 780, 781, 782, 783, 784, 785, 786, 787, 788, 789, 790, 791, 792, 793]","[0, 5, 7, 10, 14, 19, 20, 22, 24, 32, 33, 34, 37, 38, 40, 44, 46, 48, 49, 51, 56, 61, 63, 65, 67, 68, 73, 74, 75, 76, 79, 81, 82, 83, 85, 87, 88, 92, 93, 95, 96, 99, 100, 101, 115, 116, 124, 134, 142, 161, 167, 169, 170, 186, 202, 240, 244, 254, 260, 267, 277, 300, 303, 307, 310, 322, 331, 376, 485, 491, 493, 495, 499, 503, 504, 506, 508, 515, 518, 519, 521, 524, 526, 528, 533, 537, 539, 542, 543, 547, 548, 549, 550, 551, 553, 554, 556, 558, 559, 563, 564, 566, 567, 570, 571, 572, 586, 587, 595, 605, 613, 633, 639, 640, 641, 657, 672, 704, 717, 726, 736, 759, 761, 765, 768, 780, 788, 792, 826]",[],"[303, 761]","[0, 5, 7, 10, 14, 19, 20, 22, 24, 32, 33, 34, 37, 38, 40, 44, 46, 48, 49, 51, 56, 61, 63, 65, 67, 68, 73, 74, 75, 76, 79, 81, 82, 83, 85, 87, 88, 92, 93, 95, 96, 99, 100, 101, 103, 104, 105, 106, 107, 108, 109, 110, 111, 112, 113, 114, 115, 116, 117, 118, 119, 120, 121, 122, 123, 124, 125, 126, 127, 128, 129, 130, 131, 132, 133, 134, 135, 136, 137, 138, 139, 140, 141, 142, 143, 144, 145, 146, 147, 148, 149, 150, 151, 152, 153, 154, 155, 156, 157, 158, 159, 160, 161, 162, 163, 164, 165, 166, 167, 168, 169, 170, 171, 172, 173, 174, 175, 176, 177, 178, 179, 180, 181, 182, 183, 184, 185, 186, 187, 188, 189, 190, 191, 192, 193, 194, 195, 196, 197, 198, 199, 200, 201, 202, 203, 204, 205, 206, 207, 208, 209, 210, 211, 212, 213, 214, 215, 216, 217, 218, 219, 220, 221, 222, 223, 224, 225, 226, 227, 228, 229, 230, 231, 232, 233, 234, 235, 236, 237, 238, 239, 240, 241, 242, 243, 244, 245, 246, 247, 248, 249, 250, 251, 252, 253, 254, 255, 256, 257, 258, 259, 260, 261, 262, 263, 264, 265, 266, 267, 268, 269, 270, 271, 272, 273, 274, 275, 276, 277, 278, 279, 280, 281, 282, 283, 284, 285, 286, 287, 288, 289, 290, 291, 292, 293, 294, 295, 296, 297, 298, 299, 300, 301, 302, 303, 304, 305, 306, 307, 308, 309, 310, 311, 312, 313, 314, 315, 316, 317, 318, 319, 320, 321, 322, 323, 324, 325, 326, 327, 328, 329, 330, 331, 332, 333, 334, 335, 336, 337, 376, 485, 491, 493, 495, 499, 503, 504, 506, 508, 515, 518, 519, 521, 524, 526, 528, 533, 537, 539, 542, 543, 547, 548, 549, 550, 551, 553, 554, 556, 558, 559, 563, 564, 566, 567, 570, 571, 572, 574, 575, 576, 577, 578, 579, 580, 581, 582, 583, 584, 585, 586, 587, 588, 589, 590, 591, 592, 593, 594, 595, 596, 597, 598, 599, 600, 601, 602, 603, 604, 605, 606, 607, 608, 609, 610, 611, 612, 613, 614, 615, 616, 617, 618, 619, 620, 621, 622, 623, 624, 625, 626, 627, 628, 629, 630, 631, 632, 633, 634, 635, 636, 637, 638, 639, 640, 641, 642, 643, 644, 645, 646, 647, 648, 649, 650, 651, 652, 653, 654, 655, 656, 657, 658, 659, 660, 661, 662, 663, 664, 665, 666, 667, 668, 669, 670, 671, 672, 673, 674, 675, 676, 677, 678, 679, 680, 681, 682, 683, 684, 685, 686, 687, 688, 689, 690, 691, 692, 693, 694, 695, 696, 697, 698, 699, 700, 701, 702, 703, 704, 705, 706, 707, 708, 709, 710, 711, 712, 713, 714, 715, 716, 717, 718, 719, 720, 721, 722, 723, 724, 725, 726, 727, 728, 729, 730, 731, 732, 733, 734, 735, 736, 737, 738, 739, 740, 741, 742, 743, 744, 745, 746, 747, 748, 749, 750, 751, 752, 753, 754, 755, 756, 757, 758, 759, 760, 761, 762, 763, 764, 765, 766, 767, 768, 769, 770, 771, 772, 773, 774, 775, 776, 777, 778, 779, 780, 781, 782, 783, 784, 785, 786, 787, 788, 789, 790, 791, 792, 793, 826]",True,"[161, 244, 303, 633, 761, 792]","[103, 104, 105, 106, 107, 108, 109, 110, 111, 112, 113, 114, 115, 116, 117, 118, 119, 120, 121, 122, 123, 124, 125, 126, 127, 128, 129, 130, 131, 132, 133, 134, 135, 136, 137, 138, 139, 140, 141, 142, 143, 144, 145, 146, 147, 148, 149, 150, 151, 152, 153, 154, 155, 156, 157, 158, 159, 160, 161, 162, 163, 164, 165, 166, 167, 168, 169, 170, 171, 172, 173, 174, 175, 176, 177, 178, 179, 180, 181, 182, 183, 184, 185, 186, 187, 188, 189, 190, 191, 192, 193, 194, 195, 196, 197, 198, 199, 200, 201, 202, 203, 204, 205, 206, 207, 208, 209, 210, 211, 212, 213, 214, 215, 216, 217, 218, 219, 220, 221, 222, 223, 224, 225, 226, 227, 228, 229, 230, 231, 232, 233, 234, 235, 236, 237, 238, 239, 240, 241, 242, 243, 244, 245, 246, 247, 248, 249, 250, 251, 252, 253, 254, 255, 256, 257, 258, 259, 260, 261, 262, 263, 264, 265, 266, 267, 268, 269, 270, 271, 272, 273, 274, 275, 276, 277, 278, 279, 280, 281, 282, 283, 284, 285, 286, 287, 288, 289, 290, 291, 292, 293, 294, 295, 296, 297, 298, 299, 300, 301, 302, 303, 304, 305, 306, 307, 308, 309, 310, 311, 312, 313, 314, 315, 316, 317, 318, 319, 320, 321, 322, 323, 324, 325, 326, 327, 328, 329, 330, 331, 332, 333, 334, 335, 336, 337, 574, 575, 576, 577, 578, 579, 580, 581, 582, 583, 584, 585, 586, 587, 588, 589, 590, 591, 592, 593, 594, 595, 596, 597, 598, 599, 600, 601, 602, 603, 604, 605, 606, 607, 608, 609, 610, 611, 612, 613, 614, 615, 616, 617, 618, 619, 620, 621, 622, 623, 624, 625, 626, 627, 628, 629, 630, 631, 632, 633, 634, 635, 636, 637, 638, 639, 640, 641, 642, 643, 644, 645, 646, 647, 648, 649, 650, 651, 652, 653, 654, 655, 656, 657, 658, 659, 660, 661, 662, 663, 664, 665, 666, 667, 668, 669, 670, 671, 672, 673, 674, 675, 676, 677, 678, 679, 680, 681, 682, 683, 684, 685, 686, 687, 688, 689, 690, 691, 692, 693, 694, 695, 696, 697, 698, 699, 700, 701, 702, 703, 704, 705, 706, 707, 708, 709, 710, 711, 712, 713, 714, 715, 716, 717, 718, 719, 720, 721, 722, 723, 724, 725, 726, 727, 728, 729, 730, 731, 732, 733, 734, 735, 736, 737, 738, 739, 740, 741, 742, 743, 744, 745, 746, 747, 748, 749, 750, 751, 752, 753, 754, 755, 756, 757, 758, 759, 760, 761, 762, 763, 764, 765, 766, 767, 768, 769, 770, 771, 772, 773, 774, 775, 776, 777, 778, 779, 780, 781, 782, 783, 784, 785, 786, 787, 788, 789, 790, 791, 792, 793]","[115, 116, 161, 169, 170, 244, 303, 586, 587, 633, 640, 641, 761, 792]","[116, 118, 161, 169, 170, 174, 303, 587, 589, 633, 640, 641, 645, 761, 792]","[0, 5, 7, 10, 14, 19, 20, 22, 24, 32, 33, 34, 37, 38, 40, 44, 46, 48, 49, 51, 56, 61, 63, 65, 67, 68, 73, 74, 75, 76, 79, 81, 82, 83, 85, 87, 88, 92, 93, 95, 96, 99, 100, 101, 115, 116, 124, 134, 142, 161, 167, 169, 170, 186, 202, 240, 244, 254, 260, 267, 277, 300, 303, 307, 310, 322, 331, 376, 485, 491, 493, 495, 499, 503, 504, 506, 508, 515, 518, 519, 521, 524, 526, 528, 533, 537, 539, 542, 543, 547, 548, 549, 550, 551, 553, 554, 556, 558, 559, 563, 564, 566, 567, 570, 571, 572, 586, 587, 595, 605, 613, 633, 639, 640, 641, 657, 672, 704, 717, 726, 736, 759, 761, 765, 768, 780, 788, 792, 826]","[303, 761]",[],7/6 successful match,True,[402],True,287,False,,,,,
"Fontana , 92337 Three Sisters Truck Stop",909-822-4415 I-10 Exit 61 ( Cherry S to 14416 Slover ),HRS 24 M,Fontana,92337,Three Sisters Truck Stop,909-822-4415,2007,Fontana,CA,,( Cherry S to 14416 Slover ),I-10 Exit 61 ,Exit,61,False,,False,I-10,,,,,"[761, 303]","[161, 244, 303, 633, 761, 792]","[115, 116, 161, 169, 170, 244, 303, 586, 587, 633, 640, 641, 761, 792]","[116, 118, 161, 169, 170, 174, 303, 587, 589, 633, 640, 641, 645, 761, 792]","[103, 104, 105, 106, 107, 108, 109, 110, 111, 112, 113, 114, 115, 116, 117, 118, 119, 120, 121, 122, 123, 124, 125, 126, 127, 128, 129, 130, 131, 132, 133, 134, 135, 136, 137, 138, 139, 140, 141, 142, 143, 144, 145, 146, 147, 148, 149, 150, 151, 152, 153, 154, 155, 156, 157, 158, 159, 160, 161, 162, 163, 164, 165, 166, 167, 168, 169, 170, 171, 172, 173, 174, 175, 176, 177, 178, 179, 180, 181, 182, 183, 184, 185, 186, 187, 188, 189, 190, 191, 192, 193, 194, 195, 196, 197, 198, 199, 200, 201, 202, 203, 204, 205, 206, 207, 208, 209, 210, 211, 212, 213, 214, 215, 216, 217, 218, 219, 220, 221, 222, 223, 224, 225, 226, 227, 228, 229, 230, 231, 232, 233, 234, 235, 236, 237, 238, 239, 240, 241, 242, 243, 244, 245, 246, 247, 248, 249, 250, 251, 252, 253, 254, 255, 256, 257, 258, 259, 260, 261, 262, 263, 264, 265, 266, 267, 268, 269, 270, 271, 272, 273, 274, 275, 276, 277, 278, 279, 280, 281, 282, 283, 284, 285, 286, 287, 288, 289, 290, 291, 292, 293, 294, 295, 296, 297, 298, 299, 300, 301, 302, 303, 304, 305, 306, 307, 308, 309, 310, 311, 312, 313, 314, 315, 316, 317, 318, 319, 320, 321, 322, 323, 324, 325, 326, 327, 328, 329, 330, 331, 332, 333, 334, 335, 336, 337, 574, 575, 576, 577, 578, 579, 580, 581, 582, 583, 584, 585, 586, 587, 588, 589, 590, 591, 592, 593, 594, 595, 596, 597, 598, 599, 600, 601, 602, 603, 604, 605, 606, 607, 608, 609, 610, 611, 612, 613, 614, 615, 616, 617, 618, 619, 620, 621, 622, 623, 624, 625, 626, 627, 628, 629, 630, 631, 632, 633, 634, 635, 636, 637, 638, 639, 640, 641, 642, 643, 644, 645, 646, 647, 648, 649, 650, 651, 652, 653, 654, 655, 656, 657, 658, 659, 660, 661, 662, 663, 664, 665, 666, 667, 668, 669, 670, 671, 672, 673, 674, 675, 676, 677, 678, 679, 680, 681, 682, 683, 684, 685, 686, 687, 688, 689, 690, 691, 692, 693, 694, 695, 696, 697, 698, 699, 700, 701, 702, 703, 704, 705, 706, 707, 708, 709, 710, 711, 712, 713, 714, 715, 716, 717, 718, 719, 720, 721, 722, 723, 724, 725, 726, 727, 728, 729, 730, 731, 732, 733, 734, 735, 736, 737, 738, 739, 740, 741, 742, 743, 744, 745, 746, 747, 748, 749, 750, 751, 752, 753, 754, 755, 756, 757, 758, 759, 760, 761, 762, 763, 764, 765, 766, 767, 768, 769, 770, 771, 772, 773, 774, 775, 776, 777, 778, 779, 780, 781, 782, 783, 784, 785, 786, 787, 788, 789, 790, 791, 792, 793]","[0, 5, 7, 10, 14, 19, 20, 22, 24, 32, 33, 34, 37, 38, 40, 44, 46, 48, 49, 51, 56, 61, 63, 65, 67, 68, 73, 74, 75, 76, 79, 81, 82, 83, 85, 87, 88, 92, 93, 95, 96, 99, 100, 101, 115, 116, 124, 134, 142, 161, 167, 169, 170, 186, 202, 240, 244, 254, 260, 267, 277, 300, 303, 307, 310, 322, 331, 376, 485, 491, 493, 495, 499, 503, 504, 506, 508, 515, 518, 519, 521, 524, 526, 528, 533, 537, 539, 542, 543, 547, 548, 549, 550, 551, 553, 554, 556, 558, 559, 563, 564, 566, 567, 570, 571, 572, 586, 587, 595, 605, 613, 633, 639, 640, 641, 657, 672, 704, 717, 726, 736, 759, 761, 765, 768, 780, 788, 792, 826]",[],"[303, 761]","[0, 5, 7, 10, 14, 19, 20, 22, 24, 32, 33, 34, 37, 38, 40, 44, 46, 48, 49, 51, 56, 61, 63, 65, 67, 68, 73, 74, 75, 76, 79, 81, 82, 83, 85, 87, 88, 92, 93, 95, 96, 99, 100, 101, 103, 104, 105, 106, 107, 108, 109, 110, 111, 112, 113, 114, 115, 116, 117, 118, 119, 120, 121, 122, 123, 124, 125, 126, 127, 128, 129, 130, 131, 132, 133, 134, 135, 136, 137, 138, 139, 140, 141, 142, 143, 144, 145, 146, 147, 148, 149, 150, 151, 152, 153, 154, 155, 156, 157, 158, 159, 160, 161, 162, 163, 164, 165, 166, 167, 168, 169, 170, 171, 172, 173, 174, 175, 176, 177, 178, 179, 180, 181, 182, 183, 184, 185, 186, 187, 188, 189, 190, 191, 192, 193, 194, 195, 196, 197, 198, 199, 200, 201, 202, 203, 204, 205, 206, 207, 208, 209, 210, 211, 212, 213, 214, 215, 216, 217, 218, 219, 220, 221, 222, 223, 224, 225, 226, 227, 228, 229, 230, 231, 232, 233, 234, 235, 236, 237, 238, 239, 240, 241, 242, 243, 244, 245, 246, 247, 248, 249, 250, 251, 252, 253, 254, 255, 256, 257, 258, 259, 260, 261, 262, 263, 264, 265, 266, 267, 268, 269, 270, 271, 272, 273, 274, 275, 276, 277, 278, 279, 280, 281, 282, 283, 284, 285, 286, 287, 288, 289, 290, 291, 292, 293, 294, 295, 296, 297, 298, 299, 300, 301, 302, 303, 304, 305, 306, 307, 308, 309, 310, 311, 312, 313, 314, 315, 316, 317, 318, 319, 320, 321, 322, 323, 324, 325, 326, 327, 328, 329, 330, 331, 332, 333, 334, 335, 336, 337, 376, 485, 491, 493, 495, 499, 503, 504, 506, 508, 515, 518, 519, 521, 524, 526, 528, 533, 537, 539, 542, 543, 547, 548, 549, 550, 551, 553, 554, 556, 558, 559, 563, 564, 566, 567, 570, 571, 572, 574, 575, 576, 577, 578, 579, 580, 581, 582, 583, 584, 585, 586, 587, 588, 589, 590, 591, 592, 593, 594, 595, 596, 597, 598, 599, 600, 601, 602, 603, 604, 605, 606, 607, 608, 609, 610, 611, 612, 613, 614, 615, 616, 617, 618, 619, 620, 621, 622, 623, 624, 625, 626, 627, 628, 629, 630, 631, 632, 633, 634, 635, 636, 637, 638, 639, 640, 641, 642, 643, 644, 645, 646, 647, 648, 649, 650, 651, 652, 653, 654, 655, 656, 657, 658, 659, 660, 661, 662, 663, 664, 665, 666, 667, 668, 669, 670, 671, 672, 673, 674, 675, 676, 677, 678, 679, 680, 681, 682, 683, 684, 685, 686, 687, 688, 689, 690, 691, 692, 693, 694, 695, 696, 697, 698, 699, 700, 701, 702, 703, 704, 705, 706, 707, 708, 709, 710, 711, 712, 713, 714, 715, 716, 717, 718, 719, 720, 721, 722, 723, 724, 725, 726, 727, 728, 729, 730, 731, 732, 733, 734, 735, 736, 737, 738, 739, 740, 741, 742, 743, 744, 745, 746, 747, 748, 749, 750, 751, 752, 753, 754, 755, 756, 757, 758, 759, 760, 761, 762, 763, 764, 765, 766, 767, 768, 769, 770, 771, 772, 773, 774, 775, 776, 777, 778, 779, 780, 781, 782, 783, 784, 785, 786, 787, 788, 789, 790, 791, 792, 793, 826]",True,"[161, 244, 303, 633, 761, 792]","[103, 104, 105, 106, 107, 108, 109, 110, 111, 112, 113, 114, 115, 116, 117, 118, 119, 120, 121, 122, 123, 124, 125, 126, 127, 128, 129, 130, 131, 132, 133, 134, 135, 136, 137, 138, 139, 140, 141, 142, 143, 144, 145, 146, 147, 148, 149, 150, 151, 152, 153, 154, 155, 156, 157, 158, 159, 160, 161, 162, 163, 164, 165, 166, 167, 168, 169, 170, 171, 172, 173, 174, 175, 176, 177, 178, 179, 180, 181, 182, 183, 184, 185, 186, 187, 188, 189, 190, 191, 192, 193, 194, 195, 196, 197, 198, 199, 200, 201, 202, 203, 204, 205, 206, 207, 208, 209, 210, 211, 212, 213, 214, 215, 216, 217, 218, 219, 220, 221, 222, 223, 224, 225, 226, 227, 228, 229, 230, 231, 232, 233, 234, 235, 236, 237, 238, 239, 240, 241, 242, 243, 244, 245, 246, 247, 248, 249, 250, 251, 252, 253, 254, 255, 256, 257, 258, 259, 260, 261, 262, 263, 264, 265, 266, 267, 268, 269, 270, 271, 272, 273, 274, 275, 276, 277, 278, 279, 280, 281, 282, 283, 284, 285, 286, 287, 288, 289, 290, 291, 292, 293, 294, 295, 296, 297, 298, 299, 300, 301, 302, 303, 304, 305, 306, 307, 308, 309, 310, 311, 312, 313, 314, 315, 316, 317, 318, 319, 320, 321, 322, 323, 324, 325, 326, 327, 328, 329, 330, 331, 332, 333, 334, 335, 336, 337, 574, 575, 576, 577, 578, 579, 580, 581, 582, 583, 584, 585, 586, 587, 588, 589, 590, 591, 592, 593, 594, 595, 596, 597, 598, 599, 600, 601, 602, 603, 604, 605, 606, 607, 608, 609, 610, 611, 612, 613, 614, 615, 616, 617, 618, 619, 620, 621, 622, 623, 624, 625, 626, 627, 628, 629, 630, 631, 632, 633, 634, 635, 636, 637, 638, 639, 640, 641, 642, 643, 644, 645, 646, 647, 648, 649, 650, 651, 652, 653, 654, 655, 656, 657, 658, 659, 660, 661, 662, 663, 664, 665, 666, 667, 668, 669, 670, 671, 672, 673, 674, 675, 676, 677, 678, 679, 680, 681, 682, 683, 684, 685, 686, 687, 688, 689, 690, 691, 692, 693, 694, 695, 696, 697, 698, 699, 700, 701, 702, 703, 704, 705, 706, 707, 708, 709, 710, 711, 712, 713, 714, 715, 716, 717, 718, 719, 720, 721, 722, 723, 724, 725, 726, 727, 728, 729, 730, 731, 732, 733, 734, 735, 736, 737, 738, 739, 740, 741, 742, 743, 744, 745, 746, 747, 748, 749, 750, 751, 752, 753, 754, 755, 756, 757, 758, 759, 760, 761, 762, 763, 764, 765, 766, 767, 768, 769, 770, 771, 772, 773, 774, 775, 776, 777, 778, 779, 780, 781, 782, 783, 784, 785, 786, 787, 788, 789, 790, 791, 792, 793]","[115, 116, 161, 169, 170, 244, 303, 586, 587, 633, 640, 641, 761, 792]","[116, 118, 161, 169, 170, 174, 303, 587, 589, 633, 640, 641, 645, 761, 792]","[0, 5, 7, 10, 14, 19, 20, 22, 24, 32, 33, 34, 37, 38, 40, 44, 46, 48, 49, 51, 56, 61, 63, 65, 67, 68, 73, 74, 75, 76, 79, 81, 82, 83, 85, 87, 88, 92, 93, 95, 96, 99, 100, 101, 115, 116, 124, 134, 142, 161, 167, 169, 170, 186, 202, 240, 244, 254, 260, 267, 277, 300, 303, 307, 310, 322, 331, 376, 485, 491, 493, 495, 499, 503, 504, 506, 508, 515, 518, 519, 521, 524, 526, 528, 533, 537, 539, 542, 543, 547, 548, 549, 550, 551, 553, 554, 556, 558, 559, 563, 564, 566, 567, 570, 571, 572, 586, 587, 595, 605, 613, 633, 639, 640, 641, 657, 672, 704, 717, 726, 736, 759, 761, 765, 768, 780, 788, 792, 826]","[303, 761]",[],7/6 successful match,True,[402],True,287,False,,1.0,True,Three Sisters Truck Stop ),
"Fontana , 92337 Three Sisters Truck Stop ( BP )",7 909-822-4415 I-10 Exit 61 ( Cherry S to 14416 Slover ),24 HRS M,Fontana,92337,Three Sisters Truck Stop ( BP ),909-822-4415,2008,Fontana,CA,BP,( Cherry S to 14416 Slover ),I-10 Exit 61 ,Exit,61,False,,False,I-10,,,,,"[761, 303]","[161, 244, 303, 633, 761, 792]","[115, 116, 161, 169, 170, 244, 303, 586, 587, 633, 640, 641, 761, 792]","[116, 118, 161, 169, 170, 174, 303, 587, 589, 633, 640, 641, 645, 761, 792]","[103, 104, 105, 106, 107, 108, 109, 110, 111, 112, 113, 114, 115, 116, 117, 118, 119, 120, 121, 122, 123, 124, 125, 126, 127, 128, 129, 130, 131, 132, 133, 134, 135, 136, 137, 138, 139, 140, 141, 142, 143, 144, 145, 146, 147, 148, 149, 150, 151, 152, 153, 154, 155, 156, 157, 158, 159, 160, 161, 162, 163, 164, 165, 166, 167, 168, 169, 170, 171, 172, 173, 174, 175, 176, 177, 178, 179, 180, 181, 182, 183, 184, 185, 186, 187, 188, 189, 190, 191, 192, 193, 194, 195, 196, 197, 198, 199, 200, 201, 202, 203, 204, 205, 206, 207, 208, 209, 210, 211, 212, 213, 214, 215, 216, 217, 218, 219, 220, 221, 222, 223, 224, 225, 226, 227, 228, 229, 230, 231, 232, 233, 234, 235, 236, 237, 238, 239, 240, 241, 242, 243, 244, 245, 246, 247, 248, 249, 250, 251, 252, 253, 254, 255, 256, 257, 258, 259, 260, 261, 262, 263, 264, 265, 266, 267, 268, 269, 270, 271, 272, 273, 274, 275, 276, 277, 278, 279, 280, 281, 282, 283, 284, 285, 286, 287, 288, 289, 290, 291, 292, 293, 294, 295, 296, 297, 298, 299, 300, 301, 302, 303, 304, 305, 306, 307, 308, 309, 310, 311, 312, 313, 314, 315, 316, 317, 318, 319, 320, 321, 322, 323, 324, 325, 326, 327, 328, 329, 330, 331, 332, 333, 334, 335, 336, 337, 574, 575, 576, 577, 578, 579, 580, 581, 582, 583, 584, 585, 586, 587, 588, 589, 590, 591, 592, 593, 594, 595, 596, 597, 598, 599, 600, 601, 602, 603, 604, 605, 606, 607, 608, 609, 610, 611, 612, 613, 614, 615, 616, 617, 618, 619, 620, 621, 622, 623, 624, 625, 626, 627, 628, 629, 630, 631, 632, 633, 634, 635, 636, 637, 638, 639, 640, 641, 642, 643, 644, 645, 646, 647, 648, 649, 650, 651, 652, 653, 654, 655, 656, 657, 658, 659, 660, 661, 662, 663, 664, 665, 666, 667, 668, 669, 670, 671, 672, 673, 674, 675, 676, 677, 678, 679, 680, 681, 682, 683, 684, 685, 686, 687, 688, 689, 690, 691, 692, 693, 694, 695, 696, 697, 698, 699, 700, 701, 702, 703, 704, 705, 706, 707, 708, 709, 710, 711, 712, 713, 714, 715, 716, 717, 718, 719, 720, 721, 722, 723, 724, 725, 726, 727, 728, 729, 730, 731, 732, 733, 734, 735, 736, 737, 738, 739, 740, 741, 742, 743, 744, 745, 746, 747, 748, 749, 750, 751, 752, 753, 754, 755, 756, 757, 758, 759, 760, 761, 762, 763, 764, 765, 766, 767, 768, 769, 770, 771, 772, 773, 774, 775, 776, 777, 778, 779, 780, 781, 782, 783, 784, 785, 786, 787, 788, 789, 790, 791, 792, 793]","[0, 5, 7, 10, 14, 19, 20, 22, 24, 32, 33, 34, 37, 38, 40, 44, 46, 48, 49, 51, 56, 61, 63, 65, 67, 68, 73, 74, 75, 76, 79, 81, 82, 83, 85, 87, 88, 92, 93, 95, 96, 99, 100, 101, 115, 116, 124, 134, 142, 161, 167, 169, 170, 186, 202, 240, 244, 254, 260, 267, 277, 300, 303, 307, 310, 322, 331, 376, 485, 491, 493, 495, 499, 503, 504, 506, 508, 515, 518, 519, 521, 524, 526, 528, 533, 537, 539, 542, 543, 547, 548, 549, 550, 551, 553, 554, 556, 558, 559, 563, 564, 566, 567, 570, 571, 572, 586, 587, 595, 605, 613, 633, 639, 640, 641, 657, 672, 704, 717, 726, 736, 759, 761, 765, 768, 780, 788, 792, 826]",[],"[303, 761]","[0, 5, 7, 10, 14, 19, 20, 22, 24, 32, 33, 34, 37, 38, 40, 44, 46, 48, 49, 51, 56, 61, 63, 65, 67, 68, 73, 74, 75, 76, 79, 81, 82, 83, 85, 87, 88, 92, 93, 95, 96, 99, 100, 101, 103, 104, 105, 106, 107, 108, 109, 110, 111, 112, 113, 114, 115, 116, 117, 118, 119, 120, 121, 122, 123, 124, 125, 126, 127, 128, 129, 130, 131, 132, 133, 134, 135, 136, 137, 138, 139, 140, 141, 142, 143, 144, 145, 146, 147, 148, 149, 150, 151, 152, 153, 154, 155, 156, 157, 158, 159, 160, 161, 162, 163, 164, 165, 166, 167, 168, 169, 170, 171, 172, 173, 174, 175, 176, 177, 178, 179, 180, 181, 182, 183, 184, 185, 186, 187, 188, 189, 190, 191, 192, 193, 194, 195, 196, 197, 198, 199, 200, 201, 202, 203, 204, 205, 206, 207, 208, 209, 210, 211, 212, 213, 214, 215, 216, 217, 218, 219, 220, 221, 222, 223, 224, 225, 226, 227, 228, 229, 230, 231, 232, 233, 234, 235, 236, 237, 238, 239, 240, 241, 242, 243, 244, 245, 246, 247, 248, 249, 250, 251, 252, 253, 254, 255, 256, 257, 258, 259, 260, 261, 262, 263, 264, 265, 266, 267, 268, 269, 270, 271, 272, 273, 274, 275, 276, 277, 278, 279, 280, 281, 282, 283, 284, 285, 286, 287, 288, 289, 290, 291, 292, 293, 294, 295, 296, 297, 298, 299, 300, 301, 302, 303, 304, 305, 306, 307, 308, 309, 310, 311, 312, 313, 314, 315, 316, 317, 318, 319, 320, 321, 322, 323, 324, 325, 326, 327, 328, 329, 330, 331, 332, 333, 334, 335, 336, 337, 376, 485, 491, 493, 495, 499, 503, 504, 506, 508, 515, 518, 519, 521, 524, 526, 528, 533, 537, 539, 542, 543, 547, 548, 549, 550, 551, 553, 554, 556, 558, 559, 563, 564, 566, 567, 570, 571, 572, 574, 575, 576, 577, 578, 579, 580, 581, 582, 583, 584, 585, 586, 587, 588, 589, 590, 591, 592, 593, 594, 595, 596, 597, 598, 599, 600, 601, 602, 603, 604, 605, 606, 607, 608, 609, 610, 611, 612, 613, 614, 615, 616, 617, 618, 619, 620, 621, 622, 623, 624, 625, 626, 627, 628, 629, 630, 631, 632, 633, 634, 635, 636, 637, 638, 639, 640, 641, 642, 643, 644, 645, 646, 647, 648, 649, 650, 651, 652, 653, 654, 655, 656, 657, 658, 659, 660, 661, 662, 663, 664, 665, 666, 667, 668, 669, 670, 671, 672, 673, 674, 675, 676, 677, 678, 679, 680, 681, 682, 683, 684, 685, 686, 687, 688, 689, 690, 691, 692, 693, 694, 695, 696, 697, 698, 699, 700, 701, 702, 703, 704, 705, 706, 707, 708, 709, 710, 711, 712, 713, 714, 715, 716, 717, 718, 719, 720, 721, 722, 723, 724, 725, 726, 727, 728, 729, 730, 731, 732, 733, 734, 735, 736, 737, 738, 739, 740, 741, 742, 743, 744, 745, 746, 747, 748, 749, 750, 751, 752, 753, 754, 755, 756, 757, 758, 759, 760, 761, 762, 763, 764, 765, 766, 767, 768, 769, 770, 771, 772, 773, 774, 775, 776, 777, 778, 779, 780, 781, 782, 783, 784, 785, 786, 787, 788, 789, 790, 791, 792, 793, 826]",True,"[161, 244, 303, 633, 761, 792]","[103, 104, 105, 106, 107, 108, 109, 110, 111, 112, 113, 114, 115, 116, 117, 118, 119, 120, 121, 122, 123, 124, 125, 126, 127, 128, 129, 130, 131, 132, 133, 134, 135, 136, 137, 138, 139, 140, 141, 142, 143, 144, 145, 146, 147, 148, 149, 150, 151, 152, 153, 154, 155, 156, 157, 158, 159, 160, 161, 162, 163, 164, 165, 166, 167, 168, 169, 170, 171, 172, 173, 174, 175, 176, 177, 178, 179, 180, 181, 182, 183, 184, 185, 186, 187, 188, 189, 190, 191, 192, 193, 194, 195, 196, 197, 198, 199, 200, 201, 202, 203, 204, 205, 206, 207, 208, 209, 210, 211, 212, 213, 214, 215, 216, 217, 218, 219, 220, 221, 222, 223, 224, 225, 226, 227, 228, 229, 230, 231, 232, 233, 234, 235, 236, 237, 238, 239, 240, 241, 242, 243, 244, 245, 246, 247, 248, 249, 250, 251, 252, 253, 254, 255, 256, 257, 258, 259, 260, 261, 262, 263, 264, 265, 266, 267, 268, 269, 270, 271, 272, 273, 274, 275, 276, 277, 278, 279, 280, 281, 282, 283, 284, 285, 286, 287, 288, 289, 290, 291, 292, 293, 294, 295, 296, 297, 298, 299, 300, 301, 302, 303, 304, 305, 306, 307, 308, 309, 310, 311, 312, 313, 314, 315, 316, 317, 318, 319, 320, 321, 322, 323, 324, 325, 326, 327, 328, 329, 330, 331, 332, 333, 334, 335, 336, 337, 574, 575, 576, 577, 578, 579, 580, 581, 582, 583, 584, 585, 586, 587, 588, 589, 590, 591, 592, 593, 594, 595, 596, 597, 598, 599, 600, 601, 602, 603, 604, 605, 606, 607, 608, 609, 610, 611, 612, 613, 614, 615, 616, 617, 618, 619, 620, 621, 622, 623, 624, 625, 626, 627, 628, 629, 630, 631, 632, 633, 634, 635, 636, 637, 638, 639, 640, 641, 642, 643, 644, 645, 646, 647, 648, 649, 650, 651, 652, 653, 654, 655, 656, 657, 658, 659, 660, 661, 662, 663, 664, 665, 666, 667, 668, 669, 670, 671, 672, 673, 674, 675, 676, 677, 678, 679, 680, 681, 682, 683, 684, 685, 686, 687, 688, 689, 690, 691, 692, 693, 694, 695, 696, 697, 698, 699, 700, 701, 702, 703, 704, 705, 706, 707, 708, 709, 710, 711, 712, 713, 714, 715, 716, 717, 718, 719, 720, 721, 722, 723, 724, 725, 726, 727, 728, 729, 730, 731, 732, 733, 734, 735, 736, 737, 738, 739, 740, 741, 742, 743, 744, 745, 746, 747, 748, 749, 750, 751, 752, 753, 754, 755, 756, 757, 758, 759, 760, 761, 762, 763, 764, 765, 766, 767, 768, 769, 770, 771, 772, 773, 774, 775, 776, 777, 778, 779, 780, 781, 782, 783, 784, 785, 786, 787, 788, 789, 790, 791, 792, 793]","[115, 116, 161, 169, 170, 244, 303, 586, 587, 633, 640, 641, 761, 792]","[116, 118, 161, 169, 170, 174, 303, 587, 589, 633, 640, 641, 645, 761, 792]","[0, 5, 7, 10, 14, 19, 20, 22, 24, 32, 33, 34, 37, 38, 40, 44, 46, 48, 49, 51, 56, 61, 63, 65, 67, 68, 73, 74, 75, 76, 79, 81, 82, 83, 85, 87, 88, 92, 93, 95, 96, 99, 100, 101, 115, 116, 124, 134, 142, 161, 167, 169, 170, 186, 202, 240, 244, 254, 260, 267, 277, 300, 303, 307, 310, 322, 331, 376, 485, 491, 493, 495, 499, 503, 504, 506, 508, 515, 518, 519, 521, 524, 526, 528, 533, 537, 539, 542, 543, 547, 548, 549, 550, 551, 553, 554, 556, 558, 559, 563, 564, 566, 567, 570, 571, 572, 586, 587, 595, 605, 613, 633, 639, 640, 641, 657, 672, 704, 717, 726, 736, 759, 761, 765, 768, 780, 788, 792, 826]","[303, 761]",[],7/6 successful match,True,[402],True,287,False,,1.0,True,Three Sisters Truck Stop,
C Fontana ( 92337 ) Three Sisters Truck Stop,7 909-822-4415 I-10 Exit 61 ( Cherry S to 14416 Slover ),24 3 D <U+25A1>,Fontana,92337,Three Sisters Truck Stop,909-822-4415,2014,Fontana,CA,,( Cherry S to 14416 Slover ),I-10 Exit 61 ,Exit,61,False,,False,I-10,,,,,"[761, 303]","[161, 244, 303, 633, 761, 792]","[115, 116, 161, 169, 170, 244, 303, 586, 587, 633, 640, 641, 761, 792]","[116, 118, 161, 169, 170, 174, 303, 587, 589, 633, 640, 641, 645, 761, 792]","[103, 104, 105, 106, 107, 108, 109, 110, 111, 112, 113, 114, 115, 116, 117, 118, 119, 120, 121, 122, 123, 124, 125, 126, 127, 128, 129, 130, 131, 132, 133, 134, 135, 136, 137, 138, 139, 140, 141, 142, 143, 144, 145, 146, 147, 148, 149, 150, 151, 152, 153, 154, 155, 156, 157, 158, 159, 160, 161, 162, 163, 164, 165, 166, 167, 168, 169, 170, 171, 172, 173, 174, 175, 176, 177, 178, 179, 180, 181, 182, 183, 184, 185, 186, 187, 188, 189, 190, 191, 192, 193, 194, 195, 196, 197, 198, 199, 200, 201, 202, 203, 204, 205, 206, 207, 208, 209, 210, 211, 212, 213, 214, 215, 216, 217, 218, 219, 220, 221, 222, 223, 224, 225, 226, 227, 228, 229, 230, 231, 232, 233, 234, 235, 236, 237, 238, 239, 240, 241, 242, 243, 244, 245, 246, 247, 248, 249, 250, 251, 252, 253, 254, 255, 256, 257, 258, 259, 260, 261, 262, 263, 264, 265, 266, 267, 268, 269, 270, 271, 272, 273, 274, 275, 276, 277, 278, 279, 280, 281, 282, 283, 284, 285, 286, 287, 288, 289, 290, 291, 292, 293, 294, 295, 296, 297, 298, 299, 300, 301, 302, 303, 304, 305, 306, 307, 308, 309, 310, 311, 312, 313, 314, 315, 316, 317, 318, 319, 320, 321, 322, 323, 324, 325, 326, 327, 328, 329, 330, 331, 332, 333, 334, 335, 336, 337, 574, 575, 576, 577, 578, 579, 580, 581, 582, 583, 584, 585, 586, 587, 588, 589, 590, 591, 592, 593, 594, 595, 596, 597, 598, 599, 600, 601, 602, 603, 604, 605, 606, 607, 608, 609, 610, 611, 612, 613, 614, 615, 616, 617, 618, 619, 620, 621, 622, 623, 624, 625, 626, 627, 628, 629, 630, 631, 632, 633, 634, 635, 636, 637, 638, 639, 640, 641, 642, 643, 644, 645, 646, 647, 648, 649, 650, 651, 652, 653, 654, 655, 656, 657, 658, 659, 660, 661, 662, 663, 664, 665, 666, 667, 668, 669, 670, 671, 672, 673, 674, 675, 676, 677, 678, 679, 680, 681, 682, 683, 684, 685, 686, 687, 688, 689, 690, 691, 692, 693, 694, 695, 696, 697, 698, 699, 700, 701, 702, 703, 704, 705, 706, 707, 708, 709, 710, 711, 712, 713, 714, 715, 716, 717, 718, 719, 720, 721, 722, 723, 724, 725, 726, 727, 728, 729, 730, 731, 732, 733, 734, 735, 736, 737, 738, 739, 740, 741, 742, 743, 744, 745, 746, 747, 748, 749, 750, 751, 752, 753, 754, 755, 756, 757, 758, 759, 760, 761, 762, 763, 764, 765, 766, 767, 768, 769, 770, 771, 772, 773, 774, 775, 776, 777, 778, 779, 780, 781, 782, 783, 784, 785, 786, 787, 788, 789, 790, 791, 792, 793]","[0, 5, 7, 10, 14, 19, 20, 22, 24, 32, 33, 34, 37, 38, 40, 44, 46, 48, 49, 51, 56, 61, 63, 65, 67, 68, 73, 74, 75, 76, 79, 81, 82, 83, 85, 87, 88, 92, 93, 95, 96, 99, 100, 101, 115, 116, 124, 134, 142, 161, 167, 169, 170, 186, 202, 240, 244, 254, 260, 267, 277, 300, 303, 307, 310, 322, 331, 376, 485, 491, 493, 495, 499, 503, 504, 506, 508, 515, 518, 519, 521, 524, 526, 528, 533, 537, 539, 542, 543, 547, 548, 549, 550, 551, 553, 554, 556, 558, 559, 563, 564, 566, 567, 570, 571, 572, 586, 587, 595, 605, 613, 633, 639, 640, 641, 657, 672, 704, 717, 726, 736, 759, 761, 765, 768, 780, 788, 792, 826]",[],"[303, 761]","[0, 5, 7, 10, 14, 19, 20, 22, 24, 32, 33, 34, 37, 38, 40, 44, 46, 48, 49, 51, 56, 61, 63, 65, 67, 68, 73, 74, 75, 76, 79, 81, 82, 83, 85, 87, 88, 92, 93, 95, 96, 99, 100, 101, 103, 104, 105, 106, 107, 108, 109, 110, 111, 112, 113, 114, 115, 116, 117, 118, 119, 120, 121, 122, 123, 124, 125, 126, 127, 128, 129, 130, 131, 132, 133, 134, 135, 136, 137, 138, 139, 140, 141, 142, 143, 144, 145, 146, 147, 148, 149, 150, 151, 152, 153, 154, 155, 156, 157, 158, 159, 160, 161, 162, 163, 164, 165, 166, 167, 168, 169, 170, 171, 172, 173, 174, 175, 176, 177, 178, 179, 180, 181, 182, 183, 184, 185, 186, 187, 188, 189, 190, 191, 192, 193, 194, 195, 196, 197, 198, 199, 200, 201, 202, 203, 204, 205, 206, 207, 208, 209, 210, 211, 212, 213, 214, 215, 216, 217, 218, 219, 220, 221, 222, 223, 224, 225, 226, 227, 228, 229, 230, 231, 232, 233, 234, 235, 236, 237, 238, 239, 240, 241, 242, 243, 244, 245, 246, 247, 248, 249, 250, 251, 252, 253, 254, 255, 256, 257, 258, 259, 260, 261, 262, 263, 264, 265, 266, 267, 268, 269, 270, 271, 272, 273, 274, 275, 276, 277, 278, 279, 280, 281, 282, 283, 284, 285, 286, 287, 288, 289, 290, 291, 292, 293, 294, 295, 296, 297, 298, 299, 300, 301, 302, 303, 304, 305, 306, 307, 308, 309, 310, 311, 312, 313, 314, 315, 316, 317, 318, 319, 320, 321, 322, 323, 324, 325, 326, 327, 328, 329, 330, 331, 332, 333, 334, 335, 336, 337, 376, 485, 491, 493, 495, 499, 503, 504, 506, 508, 515, 518, 519, 521, 524, 526, 528, 533, 537, 539, 542, 543, 547, 548, 549, 550, 551, 553, 554, 556, 558, 559, 563, 564, 566, 567, 570, 571, 572, 574, 575, 576, 577, 578, 579, 580, 581, 582, 583, 584, 585, 586, 587, 588, 589, 590, 591, 592, 593, 594, 595, 596, 597, 598, 599, 600, 601, 602, 603, 604, 605, 606, 607, 608, 609, 610, 611, 612, 613, 614, 615, 616, 617, 618, 619, 620, 621, 622, 623, 624, 625, 626, 627, 628, 629, 630, 631, 632, 633, 634, 635, 636, 637, 638, 639, 640, 641, 642, 643, 644, 645, 646, 647, 648, 649, 650, 651, 652, 653, 654, 655, 656, 657, 658, 659, 660, 661, 662, 663, 664, 665, 666, 667, 668, 669, 670, 671, 672, 673, 674, 675, 676, 677, 678, 679, 680, 681, 682, 683, 684, 685, 686, 687, 688, 689, 690, 691, 692, 693, 694, 695, 696, 697, 698, 699, 700, 701, 702, 703, 704, 705, 706, 707, 708, 709, 710, 711, 712, 713, 714, 715, 716, 717, 718, 719, 720, 721, 722, 723, 724, 725, 726, 727, 728, 729, 730, 731, 732, 733, 734, 735, 736, 737, 738, 739, 740, 741, 742, 743, 744, 745, 746, 747, 748, 749, 750, 751, 752, 753, 754, 755, 756, 757, 758, 759, 760, 761, 762, 763, 764, 765, 766, 767, 768, 769, 770, 771, 772, 773, 774, 775, 776, 777, 778, 779, 780, 781, 782, 783, 784, 785, 786, 787, 788, 789, 790, 791, 792, 793, 826]",True,"[161, 244, 303, 633, 761, 792]","[103, 104, 105, 106, 107, 108, 109, 110, 111, 112, 113, 114, 115, 116, 117, 118, 119, 120, 121, 122, 123, 124, 125, 126, 127, 128, 129, 130, 131, 132, 133, 134, 135, 136, 137, 138, 139, 140, 141, 142, 143, 144, 145, 146, 147, 148, 149, 150, 151, 152, 153, 154, 155, 156, 157, 158, 159, 160, 161, 162, 163, 164, 165, 166, 167, 168, 169, 170, 171, 172, 173, 174, 175, 176, 177, 178, 179, 180, 181, 182, 183, 184, 185, 186, 187, 188, 189, 190, 191, 192, 193, 194, 195, 196, 197, 198, 199, 200, 201, 202, 203, 204, 205, 206, 207, 208, 209, 210, 211, 212, 213, 214, 215, 216, 217, 218, 219, 220, 221, 222, 223, 224, 225, 226, 227, 228, 229, 230, 231, 232, 233, 234, 235, 236, 237, 238, 239, 240, 241, 242, 243, 244, 245, 246, 247, 248, 249, 250, 251, 252, 253, 254, 255, 256, 257, 258, 259, 260, 261, 262, 263, 264, 265, 266, 267, 268, 269, 270, 271, 272, 273, 274, 275, 276, 277, 278, 279, 280, 281, 282, 283, 284, 285, 286, 287, 288, 289, 290, 291, 292, 293, 294, 295, 296, 297, 298, 299, 300, 301, 302, 303, 304, 305, 306, 307, 308, 309, 310, 311, 312, 313, 314, 315, 316, 317, 318, 319, 320, 321, 322, 323, 324, 325, 326, 327, 328, 329, 330, 331, 332, 333, 334, 335, 336, 337, 574, 575, 576, 577, 578, 579, 580, 581, 582, 583, 584, 585, 586, 587, 588, 589, 590, 591, 592, 593, 594, 595, 596, 597, 598, 599, 600, 601, 602, 603, 604, 605, 606, 607, 608, 609, 610, 611, 612, 613, 614, 615, 616, 617, 618, 619, 620, 621, 622, 623, 624, 625, 626, 627, 628, 629, 630, 631, 632, 633, 634, 635, 636, 637, 638, 639, 640, 641, 642, 643, 644, 645, 646, 647, 648, 649, 650, 651, 652, 653, 654, 655, 656, 657, 658, 659, 660, 661, 662, 663, 664, 665, 666, 667, 668, 669, 670, 671, 672, 673, 674, 675, 676, 677, 678, 679, 680, 681, 682, 683, 684, 685, 686, 687, 688, 689, 690, 691, 692, 693, 694, 695, 696, 697, 698, 699, 700, 701, 702, 703, 704, 705, 706, 707, 708, 709, 710, 711, 712, 713, 714, 715, 716, 717, 718, 719, 720, 721, 722, 723, 724, 725, 726, 727, 728, 729, 730, 731, 732, 733, 734, 735, 736, 737, 738, 739, 740, 741, 742, 743, 744, 745, 746, 747, 748, 749, 750, 751, 752, 753, 754, 755, 756, 757, 758, 759, 760, 761, 762, 763, 764, 765, 766, 767, 768, 769, 770, 771, 772, 773, 774, 775, 776, 777, 778, 779, 780, 781, 782, 783, 784, 785, 786, 787, 788, 789, 790, 791, 792, 793]","[115, 116, 161, 169, 170, 244, 303, 586, 587, 633, 640, 641, 761, 792]","[116, 118, 161, 169, 170, 174, 303, 587, 589, 633, 640, 641, 645, 761, 792]","[0, 5, 7, 10, 14, 19, 20, 22, 24, 32, 33, 34, 37, 38, 40, 44, 46, 48, 49, 51, 56, 61, 63, 65, 67, 68, 73, 74, 75, 76, 79, 81, 82, 83, 85, 87, 88, 92, 93, 95, 96, 99, 100, 101, 115, 116, 124, 134, 142, 161, 167, 169, 170, 186, 202, 240, 244, 254, 260, 267, 277, 300, 303, 307, 310, 322, 331, 376, 485, 491, 493, 495, 499, 503, 504, 506, 508, 515, 518, 519, 521, 524, 526, 528, 533, 537, 539, 542, 543, 547, 548, 549, 550, 551, 553, 554, 556, 558, 559, 563, 564, 566, 567, 570, 571, 572, 586, 587, 595, 605, 613, 633, 639, 640, 641, 657, 672, 704, 717, 726, 736, 759, 761, 765, 768, 780, 788, 792, 826]","[303, 761]",[],7/6 successful match,True,[402],True,287,False,,1.0,True,Three Sisters Truck Stop ( BP ),BP
Fontana ( 92337 ) Three I-10 Exit Sisters 61 ( Cherry S to 14320 Slover ),909-822-4415 I-10 Exit Truck Stop,24 M <U+25A1> <U+25A1> <U+2610>,Fontana,92337,Three I-10 Exit Sisters 61 ( Cherry S to 14320 Slover ),909-822-4415,2015,Fontana,CA,,,I-10 Exit Truck Stop,Exit,,False,,False,I-10,,,,,"[761, 303]","[161, 244, 303, 633, 761, 792]","[115, 116, 161, 169, 170, 244, 303, 586, 587, 633, 640, 641, 761, 792]",[],"[103, 104, 105, 106, 107, 108, 109, 110, 111, 112, 113, 114, 115, 116, 117, 118, 119, 120, 121, 122, 123, 124, 125, 126, 127, 128, 129, 130, 131, 132, 133, 134, 135, 136, 137, 138, 139, 140, 141, 142, 143, 144, 145, 146, 147, 148, 149, 150, 151, 152, 153, 154, 155, 156, 157, 158, 159, 160, 161, 162, 163, 164, 165, 166, 167, 168, 169, 170, 171, 172, 173, 174, 175, 176, 177, 178, 179, 180, 181, 182, 183, 184, 185, 186, 187, 188, 189, 190, 191, 192, 193, 194, 195, 196, 197, 198, 199, 200, 201, 202, 203, 204, 205, 206, 207, 208, 209, 210, 211, 212, 213, 214, 215, 216, 217, 218, 219, 220, 221, 222, 223, 224, 225, 226, 227, 228, 229, 230, 231, 232, 233, 234, 235, 236, 237, 238, 239, 240, 241, 242, 243, 244, 245, 246, 247, 248, 249, 250, 251, 252, 253, 254, 255, 256, 257, 258, 259, 260, 261, 262, 263, 264, 265, 266, 267, 268, 269, 270, 271, 272, 273, 274, 275, 276, 277, 278, 279, 280, 281, 282, 283, 284, 285, 286, 287, 288, 289, 290, 291, 292, 293, 294, 295, 296, 297, 298, 299, 300, 301, 302, 303, 304, 305, 306, 307, 308, 309, 310, 311, 312, 313, 314, 315, 316, 317, 318, 319, 320, 321, 322, 323, 324, 325, 326, 327, 328, 329, 330, 331, 332, 333, 334, 335, 336, 337, 574, 575, 576, 577, 578, 579, 580, 581, 582, 583, 584, 585, 586, 587, 588, 589, 590, 591, 592, 593, 594, 595, 596, 597, 598, 599, 600, 601, 602, 603, 604, 605, 606, 607, 608, 609, 610, 611, 612, 613, 614, 615, 616, 617, 618, 619, 620, 621, 622, 623, 624, 625, 626, 627, 628, 629, 630, 631, 632, 633, 634, 635, 636, 637, 638, 639, 640, 641, 642, 643, 644, 645, 646, 647, 648, 649, 650, 651, 652, 653, 654, 655, 656, 657, 658, 659, 660, 661, 662, 663, 664, 665, 666, 667, 668, 669, 670, 671, 672, 673, 674, 675, 676, 677, 678, 679, 680, 681, 682, 683, 684, 685, 686, 687, 688, 689, 690, 691, 692, 693, 694, 695, 696, 697, 698, 699, 700, 701, 702, 703, 704, 705, 706, 707, 708, 709, 710, 711, 712, 713, 714, 715, 716, 717, 718, 719, 720, 721, 722, 723, 724, 725, 726, 727, 728, 729, 730, 731, 732, 733, 734, 735, 736, 737, 738, 739, 740, 741, 742, 743, 744, 745, 746, 747, 748, 749, 750, 751, 752, 753, 754, 755, 756, 757, 758, 759, 760, 761, 762, 763, 764, 765, 766, 767, 768, 769, 770, 771, 772, 773, 774, 775, 776, 777, 778, 779, 780, 781, 782, 783, 784, 785, 786, 787, 788, 789, 790, 791, 792, 793]","[0, 5, 7, 10, 14, 19, 20, 22, 24, 32, 33, 34, 37, 38, 40, 44, 46, 48, 49, 51, 56, 61, 63, 65, 67, 68, 73, 74, 75, 76, 79, 81, 82, 83, 85, 87, 88, 92, 93, 95, 96, 99, 100, 101, 115, 116, 124, 134, 142, 161, 167, 169, 170, 186, 202, 240, 244, 254, 260, 267, 277, 300, 303, 307, 310, 322, 331, 376, 485, 491, 493, 495, 499, 503, 504, 506, 508, 515, 518, 519, 521, 524, 526, 528, 533, 537, 539, 542, 543, 547, 548, 549, 550, 551, 553, 554, 556, 558, 559, 563, 564, 566, 567, 570, 571, 572, 586, 587, 595, 605, 613, 633, 639, 640, 641, 657, 672, 704, 717, 726, 736, 759, 761, 765, 768, 780, 788, 792, 826]",[],"[186, 303, 657, 761]","[0, 5, 7, 10, 14, 19, 20, 22, 24, 32, 33, 34, 37, 38, 40, 44, 46, 48, 49, 51, 56, 61, 63, 65, 67, 68, 73, 74, 75, 76, 79, 81, 82, 83, 85, 87, 88, 92, 93, 95, 96, 99, 100, 101, 103, 104, 105, 106, 107, 108, 109, 110, 111, 112, 113, 114, 115, 116, 117, 118, 119, 120, 121, 122, 123, 124, 125, 126, 127, 128, 129, 130, 131, 132, 133, 134, 135, 136, 137, 138, 139, 140, 141, 142, 143, 144, 145, 146, 147, 148, 149, 150, 151, 152, 153, 154, 155, 156, 157, 158, 159, 160, 161, 162, 163, 164, 165, 166, 167, 168, 169, 170, 171, 172, 173, 174, 175, 176, 177, 178, 179, 180, 181, 182, 183, 184, 185, 186, 187, 188, 189, 190, 191, 192, 193, 194, 195, 196, 197, 198, 199, 200, 201, 202, 203, 204, 205, 206, 207, 208, 209, 210, 211, 212, 213, 214, 215, 216, 217, 218, 219, 220, 221, 222, 223, 224, 225, 226, 227, 228, 229, 230, 231, 232, 233, 234, 235, 236, 237, 238, 239, 240, 241, 242, 243, 244, 245, 246, 247, 248, 249, 250, 251, 252, 253, 254, 255, 256, 257, 258, 259, 260, 261, 262, 263, 264, 265, 266, 267, 268, 269, 270, 271, 272, 273, 274, 275, 276, 277, 278, 279, 280, 281, 282, 283, 284, 285, 286, 287, 288, 289, 290, 291, 292, 293, 294, 295, 296, 297, 298, 299, 300, 301, 302, 303, 304, 305, 306, 307, 308, 309, 310, 311, 312, 313, 314, 315, 316, 317, 318, 319, 320, 321, 322, 323, 324, 325, 326, 327, 328, 329, 330, 331, 332, 333, 334, 335, 336, 337, 376, 485, 491, 493, 495, 499, 503, 504, 506, 508, 515, 518, 519, 521, 524, 526, 528, 533, 537, 539, 542, 543, 547, 548, 549, 550, 551, 553, 554, 556, 558, 559, 563, 564, 566, 567, 570, 571, 572, 574, 575, 576, 577, 578, 579, 580, 581, 582, 583, 584, 585, 586, 587, 588, 589, 590, 591, 592, 593, 594, 595, 596, 597, 598, 599, 600, 601, 602, 603, 604, 605, 606, 607, 608, 609, 610, 611, 612, 613, 614, 615, 616, 617, 618, 619, 620, 621, 622, 623, 624, 625, 626, 627, 628, 629, 630, 631, 632, 633, 634, 635, 636, 637, 638, 639, 640, 641, 642, 643, 644, 645, 646, 647, 648, 649, 650, 651, 652, 653, 654, 655, 656, 657, 658, 659, 660, 661, 662, 663, 664, 665, 666, 667, 668, 669, 670, 671, 672, 673, 674, 675, 676, 677, 678, 679, 680, 681, 682, 683, 684, 685, 686, 687, 688, 689, 690, 691, 692, 693, 694, 695, 696, 697, 698, 699, 700, 701, 702, 703, 704, 705, 706, 707, 708, 709, 710, 711, 712, 713, 714, 715, 716, 717, 718, 719, 720, 721, 722, 723, 724, 725, 726, 727, 728, 729, 730, 731, 732, 733, 734, 735, 736, 737, 738, 739, 740, 741, 742, 743, 744, 745, 746, 747, 748, 749, 750, 751, 752, 753, 754, 755, 756, 757, 758, 759, 760, 761, 762, 763, 764, 765, 766, 767, 768, 769, 770, 771, 772, 773, 774, 775, 776, 777, 778, 779, 780, 781, 782, 783, 784, 785, 786, 787, 788, 789, 790, 791, 792, 793, 826]",True,"[161, 244, 303, 633, 761, 792]","[103, 104, 105, 106, 107, 108, 109, 110, 111, 112, 113, 114, 115, 116, 117, 118, 119, 120, 121, 122, 123, 124, 125, 126, 127, 128, 129, 130, 131, 132, 133, 134, 135, 136, 137, 138, 139, 140, 141, 142, 143, 144, 145, 146, 147, 148, 149, 150, 151, 152, 153, 154, 155, 156, 157, 158, 159, 160, 161, 162, 163, 164, 165, 166, 167, 168, 169, 170, 171, 172, 173, 174, 175, 176, 177, 178, 179, 180, 181, 182, 183, 184, 185, 186, 187, 188, 189, 190, 191, 192, 193, 194, 195, 196, 197, 198, 199, 200, 201, 202, 203, 204, 205, 206, 207, 208, 209, 210, 211, 212, 213, 214, 215, 216, 217, 218, 219, 220, 221, 222, 223, 224, 225, 226, 227, 228, 229, 230, 231, 232, 233, 234, 235, 236, 237, 238, 239, 240, 241, 242, 243, 244, 245, 246, 247, 248, 249, 250, 251, 252, 253, 254, 255, 256, 257, 258, 259, 260, 261, 262, 263, 264, 265, 266, 267, 268, 269, 270, 271, 272, 273, 274, 275, 276, 277, 278, 279, 280, 281, 282, 283, 284, 285, 286, 287, 288, 289, 290, 291, 292, 293, 294, 295, 296, 297, 298, 299, 300, 301, 302, 303, 304, 305, 306, 307, 308, 309, 310, 311, 312, 313, 314, 315, 316, 317, 318, 319, 320, 321, 322, 323, 324, 325, 326, 327, 328, 329, 330, 331, 332, 333, 334, 335, 336, 337, 574, 575, 576, 577, 578, 579, 580, 581, 582, 583, 584, 585, 586, 587, 588, 589, 590, 591, 592, 593, 594, 595, 596, 597, 598, 599, 600, 601, 602, 603, 604, 605, 606, 607, 608, 609, 610, 611, 612, 613, 614, 615, 616, 617, 618, 619, 620, 621, 622, 623, 624, 625, 626, 627, 628, 629, 630, 631, 632, 633, 634, 635, 636, 637, 638, 639, 640, 641, 642, 643, 644, 645, 646, 647, 648, 649, 650, 651, 652, 653, 654, 655, 656, 657, 658, 659, 660, 661, 662, 663, 664, 665, 666, 667, 668, 669, 670, 671, 672, 673, 674, 675, 676, 677, 678, 679, 680, 681, 682, 683, 684, 685, 686, 687, 688, 689, 690, 691, 692, 693, 694, 695, 696, 697, 698, 699, 700, 701, 702, 703, 704, 705, 706, 707, 708, 709, 710, 711, 712, 713, 714, 715, 716, 717, 718, 719, 720, 721, 722, 723, 724, 725, 726, 727, 728, 729, 730, 731, 732, 733, 734, 735, 736, 737, 738, 739, 740, 741, 742, 743, 744, 745, 746, 747, 748, 749, 750, 751, 752, 753, 754, 755, 756, 757, 758, 759, 760, 761, 762, 763, 764, 765, 766, 767, 768, 769, 770, 771, 772, 773, 774, 775, 776, 777, 778, 779, 780, 781, 782, 783, 784, 785, 786, 787, 788, 789, 790, 791, 792, 793]","[115, 116, 161, 169, 170, 244, 303, 586, 587, 633, 640, 641, 761, 792]",[],"[0, 5, 7, 10, 14, 19, 20, 22, 24, 32, 33, 34, 37, 38, 40, 44, 46, 48, 49, 51, 56, 61, 63, 65, 67, 68, 73, 74, 75, 76, 79, 81, 82, 83, 85, 87, 88, 92, 93, 95, 96, 99, 100, 101, 115, 116, 124, 134, 142, 161, 167, 169, 170, 186, 202, 240, 244, 254, 260, 267, 277, 300, 303, 307, 310, 322, 331, 376, 485, 491, 493, 495, 499, 503, 504, 506, 508, 515, 518, 519, 521, 524, 526, 528, 533, 537, 539, 542, 543, 547, 548, 549, 550, 551, 553, 554, 556, 558, 559, 563, 564, 566, 567, 570, 571, 572, 586, 587, 595, 605, 613, 633, 639, 640, 641, 657, 672, 704, 717, 726, 736, 759, 761, 765, 768, 780, 788, 792, 826]","[186, 303, 657, 761]",[],7/6 successful match,True,[402],True,287,False,,0.7585895117540686,True,Three Sisters Truck Stop,
Fontana ( 92337 ) Three Sisters Truck Stop,909-822-4415 I-10 Exit 61 ( S,124 XL INT,Fontana,92337,Three Sisters Truck Stop,909-822-4415,2016,Fontana,CA,,( S,I-10 Exit 61 ,Exit,61,False,,False,I-10,,,,,"[761, 303]","[161, 244, 303, 633, 761, 792]","[115, 116, 161, 169, 170, 244, 303, 586, 587, 633, 640, 641, 761, 792]","[116, 118, 161, 169, 170, 174, 303, 587, 589, 633, 640, 641, 645, 761, 792]","[103, 104, 105, 106, 107, 108, 109, 110, 111, 112, 113, 114, 115, 116, 117, 118, 119, 120, 121, 122, 123, 124, 125, 126, 127, 128, 129, 130, 131, 132, 133, 134, 135, 136, 137, 138, 139, 140, 141, 142, 143, 144, 145, 146, 147, 148, 149, 150, 151, 152, 153, 154, 155, 156, 157, 158, 159, 160, 161, 162, 163, 164, 165, 166, 167, 168, 169, 170, 171, 172, 173, 174, 175, 176, 177, 178, 179, 180, 181, 182, 183, 184, 185, 186, 187, 188, 189, 190, 191, 192, 193, 194, 195, 196, 197, 198, 199, 200, 201, 202, 203, 204, 205, 206, 207, 208, 209, 210, 211, 212, 213, 214, 215, 216, 217, 218, 219, 220, 221, 222, 223, 224, 225, 226, 227, 228, 229, 230, 231, 232, 233, 234, 235, 236, 237, 238, 239, 240, 241, 242, 243, 244, 245, 246, 247, 248, 249, 250, 251, 252, 253, 254, 255, 256, 257, 258, 259, 260, 261, 262, 263, 264, 265, 266, 267, 268, 269, 270, 271, 272, 273, 274, 275, 276, 277, 278, 279, 280, 281, 282, 283, 284, 285, 286, 287, 288, 289, 290, 291, 292, 293, 294, 295, 296, 297, 298, 299, 300, 301, 302, 303, 304, 305, 306, 307, 308, 309, 310, 311, 312, 313, 314, 315, 316, 317, 318, 319, 320, 321, 322, 323, 324, 325, 326, 327, 328, 329, 330, 331, 332, 333, 334, 335, 336, 337, 574, 575, 576, 577, 578, 579, 580, 581, 582, 583, 584, 585, 586, 587, 588, 589, 590, 591, 592, 593, 594, 595, 596, 597, 598, 599, 600, 601, 602, 603, 604, 605, 606, 607, 608, 609, 610, 611, 612, 613, 614, 615, 616, 617, 618, 619, 620, 621, 622, 623, 624, 625, 626, 627, 628, 629, 630, 631, 632, 633, 634, 635, 636, 637, 638, 639, 640, 641, 642, 643, 644, 645, 646, 647, 648, 649, 650, 651, 652, 653, 654, 655, 656, 657, 658, 659, 660, 661, 662, 663, 664, 665, 666, 667, 668, 669, 670, 671, 672, 673, 674, 675, 676, 677, 678, 679, 680, 681, 682, 683, 684, 685, 686, 687, 688, 689, 690, 691, 692, 693, 694, 695, 696, 697, 698, 699, 700, 701, 702, 703, 704, 705, 706, 707, 708, 709, 710, 711, 712, 713, 714, 715, 716, 717, 718, 719, 720, 721, 722, 723, 724, 725, 726, 727, 728, 729, 730, 731, 732, 733, 734, 735, 736, 737, 738, 739, 740, 741, 742, 743, 744, 745, 746, 747, 748, 749, 750, 751, 752, 753, 754, 755, 756, 757, 758, 759, 760, 761, 762, 763, 764, 765, 766, 767, 768, 769, 770, 771, 772, 773, 774, 775, 776, 777, 778, 779, 780, 781, 782, 783, 784, 785, 786, 787, 788, 789, 790, 791, 792, 793]","[0, 5, 7, 10, 14, 19, 20, 22, 24, 32, 33, 34, 37, 38, 40, 44, 46, 48, 49, 51, 56, 61, 63, 65, 67, 68, 73, 74, 75, 76, 79, 81, 82, 83, 85, 87, 88, 92, 93, 95, 96, 99, 100, 101, 115, 116, 124, 134, 142, 161, 167, 169, 170, 186, 202, 240, 244, 254, 260, 267, 277, 300, 303, 307, 310, 322, 331, 376, 485, 491, 493, 495, 499, 503, 504, 506, 508, 515, 518, 519, 521, 524, 526, 528, 533, 537, 539, 542, 543, 547, 548, 549, 550, 551, 553, 554, 556, 558, 559, 563, 564, 566, 567, 570, 571, 572, 586, 587, 595, 605, 613, 633, 639, 640, 641, 657, 672, 704, 717, 726, 736, 759, 761, 765, 768, 780, 788, 792, 826]",[],"[303, 761]","[0, 5, 7, 10, 14, 19, 20, 22, 24, 32, 33, 34, 37, 38, 40, 44, 46, 48, 49, 51, 56, 61, 63, 65, 67, 68, 73, 74, 75, 76, 79, 81, 82, 83, 85, 87, 88, 92, 93, 95, 96, 99, 100, 101, 103, 104, 105, 106, 107, 108, 109, 110, 111, 112, 113, 114, 115, 116, 117, 118, 119, 120, 121, 122, 123, 124, 125, 126, 127, 128, 129, 130, 131, 132, 133, 134, 135, 136, 137, 138, 139, 140, 141, 142, 143, 144, 145, 146, 147, 148, 149, 150, 151, 152, 153, 154, 155, 156, 157, 158, 159, 160, 161, 162, 163, 164, 165, 166, 167, 168, 169, 170, 171, 172, 173, 174, 175, 176, 177, 178, 179, 180, 181, 182, 183, 184, 185, 186, 187, 188, 189, 190, 191, 192, 193, 194, 195, 196, 197, 198, 199, 200, 201, 202, 203, 204, 205, 206, 207, 208, 209, 210, 211, 212, 213, 214, 215, 216, 217, 218, 219, 220, 221, 222, 223, 224, 225, 226, 227, 228, 229, 230, 231, 232, 233, 234, 235, 236, 237, 238, 239, 240, 241, 242, 243, 244, 245, 246, 247, 248, 249, 250, 251, 252, 253, 254, 255, 256, 257, 258, 259, 260, 261, 262, 263, 264, 265, 266, 267, 268, 269, 270, 271, 272, 273, 274, 275, 276, 277, 278, 279, 280, 281, 282, 283, 284, 285, 286, 287, 288, 289, 290, 291, 292, 293, 294, 295, 296, 297, 298, 299, 300, 301, 302, 303, 304, 305, 306, 307, 308, 309, 310, 311, 312, 313, 314, 315, 316, 317, 318, 319, 320, 321, 322, 323, 324, 325, 326, 327, 328, 329, 330, 331, 332, 333, 334, 335, 336, 337, 376, 485, 491, 493, 495, 499, 503, 504, 506, 508, 515, 518, 519, 521, 524, 526, 528, 533, 537, 539, 542, 543, 547, 548, 549, 550, 551, 553, 554, 556, 558, 559, 563, 564, 566, 567, 570, 571, 572, 574, 575, 576, 577, 578, 579, 580, 581, 582, 583, 584, 585, 586, 587, 588, 589, 590, 591, 592, 593, 594, 595, 596, 597, 598, 599, 600, 601, 602, 603, 604, 605, 606, 607, 608, 609, 610, 611, 612, 613, 614, 615, 616, 617, 618, 619, 620, 621, 622, 623, 624, 625, 626, 627, 628, 629, 630, 631, 632, 633, 634, 635, 636, 637, 638, 639, 640, 641, 642, 643, 644, 645, 646, 647, 648, 649, 650, 651, 652, 653, 654, 655, 656, 657, 658, 659, 660, 661, 662, 663, 664, 665, 666, 667, 668, 669, 670, 671, 672, 673, 674, 675, 676, 677, 678, 679, 680, 681, 682, 683, 684, 685, 686, 687, 688, 689, 690, 691, 692, 693, 694, 695, 696, 697, 698, 699, 700, 701, 702, 703, 704, 705, 706, 707, 708, 709, 710, 711, 712, 713, 714, 715, 716, 717, 718, 719, 720, 721, 722, 723, 724, 725, 726, 727, 728, 729, 730, 731, 732, 733, 734, 735, 736, 737, 738, 739, 740, 741, 742, 743, 744, 745, 746, 747, 748, 749, 750, 751, 752, 753, 754, 755, 756, 757, 758, 759, 760, 761, 762, 763, 764, 765, 766, 767, 768, 769, 770, 771, 772, 773, 774, 775, 776, 777, 778, 779, 780, 781, 782, 783, 784, 785, 786, 787, 788, 789, 790, 791, 792, 793, 826]",True,"[161, 244, 303, 633, 761, 792]","[103, 104, 105, 106, 107, 108, 109, 110, 111, 112, 113, 114, 115, 116, 117, 118, 119, 120, 121, 122, 123, 124, 125, 126, 127, 128, 129, 130, 131, 132, 133, 134, 135, 136, 137, 138, 139, 140, 141, 142, 143, 144, 145, 146, 147, 148, 149, 150, 151, 152, 153, 154, 155, 156, 157, 158, 159, 160, 161, 162, 163, 164, 165, 166, 167, 168, 169, 170, 171, 172, 173, 174, 175, 176, 177, 178, 179, 180, 181, 182, 183, 184, 185, 186, 187, 188, 189, 190, 191, 192, 193, 194, 195, 196, 197, 198, 199, 200, 201, 202, 203, 204, 205, 206, 207, 208, 209, 210, 211, 212, 213, 214, 215, 216, 217, 218, 219, 220, 221, 222, 223, 224, 225, 226, 227, 228, 229, 230, 231, 232, 233, 234, 235, 236, 237, 238, 239, 240, 241, 242, 243, 244, 245, 246, 247, 248, 249, 250, 251, 252, 253, 254, 255, 256, 257, 258, 259, 260, 261, 262, 263, 264, 265, 266, 267, 268, 269, 270, 271, 272, 273, 274, 275, 276, 277, 278, 279, 280, 281, 282, 283, 284, 285, 286, 287, 288, 289, 290, 291, 292, 293, 294, 295, 296, 297, 298, 299, 300, 301, 302, 303, 304, 305, 306, 307, 308, 309, 310, 311, 312, 313, 314, 315, 316, 317, 318, 319, 320, 321, 322, 323, 324, 325, 326, 327, 328, 329, 330, 331, 332, 333, 334, 335, 336, 337, 574, 575, 576, 577, 578, 579, 580, 581, 582, 583, 584, 585, 586, 587, 588, 589, 590, 591, 592, 593, 594, 595, 596, 597, 598, 599, 600, 601, 602, 603, 604, 605, 606, 607, 608, 609, 610, 611, 612, 613, 614, 615, 616, 617, 618, 619, 620, 621, 622, 623, 624, 625, 626, 627, 628, 629, 630, 631, 632, 633, 634, 635, 636, 637, 638, 639, 640, 641, 642, 643, 644, 645, 646, 647, 648, 649, 650, 651, 652, 653, 654, 655, 656, 657, 658, 659, 660, 661, 662, 663, 664, 665, 666, 667, 668, 669, 670, 671, 672, 673, 674, 675, 676, 677, 678, 679, 680, 681, 682, 683, 684, 685, 686, 687, 688, 689, 690, 691, 692, 693, 694, 695, 696, 697, 698, 699, 700, 701, 702, 703, 704, 705, 706, 707, 708, 709, 710, 711, 712, 713, 714, 715, 716, 717, 718, 719, 720, 721, 722, 723, 724, 725, 726, 727, 728, 729, 730, 731, 732, 733, 734, 735, 736, 737, 738, 739, 740, 741, 742, 743, 744, 745, 746, 747, 748, 749, 750, 751, 752, 753, 754, 755, 756, 757, 758, 759, 760, 761, 762, 763, 764, 765, 766, 767, 768, 769, 770, 771, 772, 773, 774, 775, 776, 777, 778, 779, 780, 781, 782, 783, 784, 785, 786, 787, 788, 789, 790, 791, 792, 793]","[115, 116, 161, 169, 170, 244, 303, 586, 587, 633, 640, 641, 761, 792]","[116, 118, 161, 169, 170, 174, 303, 587, 589, 633, 640, 641, 645, 761, 792]","[0, 5, 7, 10, 14, 19, 20, 22, 24, 32, 33, 34, 37, 38, 40, 44, 46, 48, 49, 51, 56, 61, 63, 65, 67, 68, 73, 74, 75, 76, 79, 81, 82, 83, 85, 87, 88, 92, 93, 95, 96, 99, 100, 101, 115, 116, 124, 134, 142, 161, 167, 169, 170, 186, 202, 240, 244, 254, 260, 267, 277, 300, 303, 307, 310, 322, 331, 376, 485, 491, 493, 495, 499, 503, 504, 506, 508, 515, 518, 519, 521, 524, 526, 528, 533, 537, 539, 542, 543, 547, 548, 549, 550, 551, 553, 554, 556, 558, 559, 563, 564, 566, 567, 570, 571, 572, 586, 587, 595, 605, 613, 633, 639, 640, 641, 657, 672, 704, 717, 726, 736, 759, 761, 765, 768, 780, 788, 792, 826]","[303, 761]",[],7/6 successful match,True,[402],True,287,False,,0.7585895117540686,True,Three I-10 Exit Sisters 61 ( Cherry S to 14320 Slover ),
"Hesperia , 92345 Pilot Travel Center # 381",760-956-2844 I-15 Exit 141 ( US 395 N ),24 XL S <U+2610>,Hesperia,92345,Pilot Travel Center # 381,760-956-2844,2006,Hesperia,CA,Pilot,( US 395 N ),I-15 Exit 141 ,Exit,141,False,,False,I-15,,,,,"[720, 258]","[258, 720]","[258, 720]","[258, 334, 720, 790]","[103, 104, 105, 106, 107, 108, 109, 110, 111, 112, 113, 114, 115, 116, 117, 118, 119, 120, 121, 122, 123, 124, 125, 126, 127, 128, 129, 130, 131, 132, 133, 134, 135, 136, 137, 138, 139, 140, 141, 142, 143, 144, 145, 146, 147, 148, 149, 150, 151, 152, 153, 154, 155, 156, 157, 158, 159, 160, 161, 162, 163, 164, 165, 166, 167, 168, 169, 170, 171, 172, 173, 174, 175, 176, 177, 178, 179, 180, 181, 182, 183, 184, 185, 186, 187, 188, 189, 190, 191, 192, 193, 194, 195, 196, 197, 198, 199, 200, 201, 202, 203, 204, 205, 206, 207, 208, 209, 210, 211, 212, 213, 214, 215, 216, 217, 218, 219, 220, 221, 222, 223, 224, 225, 226, 227, 228, 229, 230, 231, 232, 233, 234, 235, 236, 237, 238, 239, 240, 241, 242, 243, 244, 245, 246, 247, 248, 249, 250, 251, 252, 253, 254, 255, 256, 257, 258, 259, 260, 261, 262, 263, 264, 265, 266, 267, 268, 269, 270, 271, 272, 273, 274, 275, 276, 277, 278, 279, 280, 281, 282, 283, 284, 285, 286, 287, 288, 289, 290, 291, 292, 293, 294, 295, 296, 297, 298, 299, 300, 301, 302, 303, 304, 305, 306, 307, 308, 309, 310, 311, 312, 313, 314, 315, 316, 317, 318, 319, 320, 321, 322, 323, 324, 325, 326, 327, 328, 329, 330, 331, 332, 333, 334, 335, 336, 337, 574, 575, 576, 577, 578, 579, 580, 581, 582, 583, 584, 585, 586, 587, 588, 589, 590, 591, 592, 593, 594, 595, 596, 597, 598, 599, 600, 601, 602, 603, 604, 605, 606, 607, 608, 609, 610, 611, 612, 613, 614, 615, 616, 617, 618, 619, 620, 621, 622, 623, 624, 625, 626, 627, 628, 629, 630, 631, 632, 633, 634, 635, 636, 637, 638, 639, 640, 641, 642, 643, 644, 645, 646, 647, 648, 649, 650, 651, 652, 653, 654, 655, 656, 657, 658, 659, 660, 661, 662, 663, 664, 665, 666, 667, 668, 669, 670, 671, 672, 673, 674, 675, 676, 677, 678, 679, 680, 681, 682, 683, 684, 685, 686, 687, 688, 689, 690, 691, 692, 693, 694, 695, 696, 697, 698, 699, 700, 701, 702, 703, 704, 705, 706, 707, 708, 709, 710, 711, 712, 713, 714, 715, 716, 717, 718, 719, 720, 721, 722, 723, 724, 725, 726, 727, 728, 729, 730, 731, 732, 733, 734, 735, 736, 737, 738, 739, 740, 741, 742, 743, 744, 745, 746, 747, 748, 749, 750, 751, 752, 753, 754, 755, 756, 757, 758, 759, 760, 761, 762, 763, 764, 765, 766, 767, 768, 769, 770, 771, 772, 773, 774, 775, 776, 777, 778, 779, 780, 781, 782, 783, 784, 785, 786, 787, 788, 789, 790, 791, 792, 793]","[16, 125, 156, 163, 168, 184, 205, 222, 229, 253, 258, 265, 313, 317, 336, 340, 341, 356, 363, 365, 366, 367, 370, 375, 388, 391, 394, 396, 402, 410, 411, 412, 413, 415, 416, 417, 418, 419, 425, 429, 431, 433, 435, 437, 440, 441, 442, 443, 451, 452, 456, 457, 458, 460, 461, 464, 471, 473, 474, 475, 481, 482, 501, 596, 628, 635, 655, 675, 693, 716, 720, 725, 771, 775, 793, 796, 797, 811, 817, 818, 820, 825, 838, 841, 844, 846, 851, 857, 861, 862, 863, 864, 866, 867, 868, 870, 871, 877, 881, 883, 885, 888, 891, 892, 893, 898, 899, 904, 905, 907, 908, 911, 918, 920, 921, 922, 923, 924, 926, 931, 933]","[15, 16, 65, 66, 67, 68, 69, 70, 71, 72, 73, 74, 75, 76, 80, 151, 245, 246, 247, 248, 249, 250, 251, 252, 253, 254, 255, 256, 257, 258, 259, 280, 340, 373, 374, 375, 376, 377, 459, 460, 461, 462, 500, 501, 539, 540, 541, 542, 543, 544, 545, 546, 547, 548, 549, 550, 552, 622, 708, 709, 710, 711, 712, 713, 714, 715, 716, 717, 718, 719, 720, 739, 796, 823, 824, 825, 826, 827, 906, 907, 908, 909]","[15, 16, 65, 66, 67, 68, 69, 70, 71, 72, 73, 74, 75, 76, 77, 78, 80, 151, 244, 245, 246, 247, 248, 249, 250, 251, 252, 253, 254, 255, 256, 257, 258, 259, 260, 280, 340, 373, 374, 375, 376, 377, 459, 460, 461, 462, 500, 501, 539, 540, 541, 542, 543, 544, 545, 546, 547, 548, 549, 550, 552, 622, 708, 709, 710, 711, 712, 713, 714, 715, 716, 717, 718, 719, 720, 739, 796, 823, 824, 825, 826, 827, 906, 907, 908, 909]","[15, 16, 65, 66, 67, 68, 69, 70, 71, 72, 73, 74, 75, 76, 77, 78, 80, 103, 104, 105, 106, 107, 108, 109, 110, 111, 112, 113, 114, 115, 116, 117, 118, 119, 120, 121, 122, 123, 124, 125, 126, 127, 128, 129, 130, 131, 132, 133, 134, 135, 136, 137, 138, 139, 140, 141, 142, 143, 144, 145, 146, 147, 148, 149, 150, 151, 152, 153, 154, 155, 156, 157, 158, 159, 160, 161, 162, 163, 164, 165, 166, 167, 168, 169, 170, 171, 172, 173, 174, 175, 176, 177, 178, 179, 180, 181, 182, 183, 184, 185, 186, 187, 188, 189, 190, 191, 192, 193, 194, 195, 196, 197, 198, 199, 200, 201, 202, 203, 204, 205, 206, 207, 208, 209, 210, 211, 212, 213, 214, 215, 216, 217, 218, 219, 220, 221, 222, 223, 224, 225, 226, 227, 228, 229, 230, 231, 232, 233, 234, 235, 236, 237, 238, 239, 240, 241, 242, 243, 244, 245, 246, 247, 248, 249, 250, 251, 252, 253, 254, 255, 256, 257, 258, 259, 260, 261, 262, 263, 264, 265, 266, 267, 268, 269, 270, 271, 272, 273, 274, 275, 276, 277, 278, 279, 280, 281, 282, 283, 284, 285, 286, 287, 288, 289, 290, 291, 292, 293, 294, 295, 296, 297, 298, 299, 300, 301, 302, 303, 304, 305, 306, 307, 308, 309, 310, 311, 312, 313, 314, 315, 316, 317, 318, 319, 320, 321, 322, 323, 324, 325, 326, 327, 328, 329, 330, 331, 332, 333, 334, 335, 336, 337, 340, 341, 356, 363, 365, 366, 367, 370, 373, 374, 375, 376, 377, 388, 391, 394, 396, 402, 410, 411, 412, 413, 415, 416, 417, 418, 419, 425, 429, 431, 433, 435, 437, 440, 441, 442, 443, 451, 452, 456, 457, 458, 459, 460, 461, 462, 464, 471, 473, 474, 475, 481, 482, 500, 501, 539, 540, 541, 542, 543, 544, 545, 546, 547, 548, 549, 550, 552, 574, 575, 576, 577, 578, 579, 580, 581, 582, 583, 584, 585, 586, 587, 588, 589, 590, 591, 592, 593, 594, 595, 596, 597, 598, 599, 600, 601, 602, 603, 604, 605, 606, 607, 608, 609, 610, 611, 612, 613, 614, 615, 616, 617, 618, 619, 620, 621, 622, 623, 624, 625, 626, 627, 628, 629, 630, 631, 632, 633, 634, 635, 636, 637, 638, 639, 640, 641, 642, 643, 644, 645, 646, 647, 648, 649, 650, 651, 652, 653, 654, 655, 656, 657, 658, 659, 660, 661, 662, 663, 664, 665, 666, 667, 668, 669, 670, 671, 672, 673, 674, 675, 676, 677, 678, 679, 680, 681, 682, 683, 684, 685, 686, 687, 688, 689, 690, 691, 692, 693, 694, 695, 696, 697, 698, 699, 700, 701, 702, 703, 704, 705, 706, 707, 708, 709, 710, 711, 712, 713, 714, 715, 716, 717, 718, 719, 720, 721, 722, 723, 724, 725, 726, 727, 728, 729, 730, 731, 732, 733, 734, 735, 736, 737, 738, 739, 740, 741, 742, 743, 744, 745, 746, 747, 748, 749, 750, 751, 752, 753, 754, 755, 756, 757, 758, 759, 760, 761, 762, 763, 764, 765, 766, 767, 768, 769, 770, 771, 772, 773, 774, 775, 776, 777, 778, 779, 780, 781, 782, 783, 784, 785, 786, 787, 788, 789, 790, 791, 792, 793, 796, 797, 811, 817, 818, 820, 823, 824, 825, 826, 827, 838, 841, 844, 846, 851, 857, 861, 862, 863, 864, 866, 867, 868, 870, 871, 877, 881, 883, 885, 888, 891, 892, 893, 898, 899, 904, 905, 906, 907, 908, 909, 911, 918, 920, 921, 922, 923, 924, 926, 931, 933]",True,"[258, 720]","[103, 104, 105, 106, 107, 108, 109, 110, 111, 112, 113, 114, 115, 116, 117, 118, 119, 120, 121, 122, 123, 124, 125, 126, 127, 128, 129, 130, 131, 132, 133, 134, 135, 136, 137, 138, 139, 140, 141, 142, 143, 144, 145, 146, 147, 148, 149, 150, 151, 152, 153, 154, 155, 156, 157, 158, 159, 160, 161, 162, 163, 164, 165, 166, 167, 168, 169, 170, 171, 172, 173, 174, 175, 176, 177, 178, 179, 180, 181, 182, 183, 184, 185, 186, 187, 188, 189, 190, 191, 192, 193, 194, 195, 196, 197, 198, 199, 200, 201, 202, 203, 204, 205, 206, 207, 208, 209, 210, 211, 212, 213, 214, 215, 216, 217, 218, 219, 220, 221, 222, 223, 224, 225, 226, 227, 228, 229, 230, 231, 232, 233, 234, 235, 236, 237, 238, 239, 240, 241, 242, 243, 244, 245, 246, 247, 248, 249, 250, 251, 252, 253, 254, 255, 256, 257, 258, 259, 260, 261, 262, 263, 264, 265, 266, 267, 268, 269, 270, 271, 272, 273, 274, 275, 276, 277, 278, 279, 280, 281, 282, 283, 284, 285, 286, 287, 288, 289, 290, 291, 292, 293, 294, 295, 296, 297, 298, 299, 300, 301, 302, 303, 304, 305, 306, 307, 308, 309, 310, 311, 312, 313, 314, 315, 316, 317, 318, 319, 320, 321, 322, 323, 324, 325, 326, 327, 328, 329, 330, 331, 332, 333, 334, 335, 336, 337, 574, 575, 576, 577, 578, 579, 580, 581, 582, 583, 584, 585, 586, 587, 588, 589, 590, 591, 592, 593, 594, 595, 596, 597, 598, 599, 600, 601, 602, 603, 604, 605, 606, 607, 608, 609, 610, 611, 612, 613, 614, 615, 616, 617, 618, 619, 620, 621, 622, 623, 624, 625, 626, 627, 628, 629, 630, 631, 632, 633, 634, 635, 636, 637, 638, 639, 640, 641, 642, 643, 644, 645, 646, 647, 648, 649, 650, 651, 652, 653, 654, 655, 656, 657, 658, 659, 660, 661, 662, 663, 664, 665, 666, 667, 668, 669, 670, 671, 672, 673, 674, 675, 676, 677, 678, 679, 680, 681, 682, 683, 684, 685, 686, 687, 688, 689, 690, 691, 692, 693, 694, 695, 696, 697, 698, 699, 700, 701, 702, 703, 704, 705, 706, 707, 708, 709, 710, 711, 712, 713, 714, 715, 716, 717, 718, 719, 720, 721, 722, 723, 724, 725, 726, 727, 728, 729, 730, 731, 732, 733, 734, 735, 736, 737, 738, 739, 740, 741, 742, 743, 744, 745, 746, 747, 748, 749, 750, 751, 752, 753, 754, 755, 756, 757, 758, 759, 760, 761, 762, 763, 764, 765, 766, 767, 768, 769, 770, 771, 772, 773, 774, 775, 776, 777, 778, 779, 780, 781, 782, 783, 784, 785, 786, 787, 788, 789, 790, 791, 792, 793]","[258, 720]","[258, 334, 720, 790]","[16, 125, 156, 163, 168, 184, 205, 222, 229, 253, 258, 265, 313, 317, 336, 340, 341, 356, 363, 365, 366, 367, 370, 375, 388, 391, 394, 396, 402, 410, 411, 412, 413, 415, 416, 417, 418, 419, 425, 429, 431, 433, 435, 437, 440, 441, 442, 443, 451, 452, 456, 457, 458, 460, 461, 464, 471, 473, 474, 475, 481, 482, 501, 596, 628, 635, 655, 675, 693, 716, 720, 725, 771, 775, 793, 796, 797, 811, 817, 818, 820, 825, 838, 841, 844, 846, 851, 857, 861, 862, 863, 864, 866, 867, 868, 870, 871, 877, 881, 883, 885, 888, 891, 892, 893, 898, 899, 904, 905, 907, 908, 911, 918, 920, 921, 922, 923, 924, 926, 931, 933]","[15, 16, 65, 66, 67, 68, 69, 70, 71, 72, 73, 74, 75, 76, 77, 78, 80, 151, 244, 245, 246, 247, 248, 249, 250, 251, 252, 253, 254, 255, 256, 257, 258, 259, 260, 280, 340, 373, 374, 375, 376, 377, 459, 460, 461, 462, 500, 501, 539, 540, 541, 542, 543, 544, 545, 546, 547, 548, 549, 550, 552, 622, 708, 709, 710, 711, 712, 713, 714, 715, 716, 717, 718, 719, 720, 739, 796, 823, 824, 825, 826, 827, 906, 907, 908, 909]","[15, 16, 65, 66, 67, 68, 69, 70, 71, 72, 73, 74, 75, 76, 80, 151, 245, 246, 247, 248, 249, 250, 251, 252, 253, 254, 255, 256, 257, 258, 259, 280, 340, 373, 374, 375, 376, 377, 459, 460, 461, 462, 500, 501, 539, 540, 541, 542, 543, 544, 545, 546, 547, 548, 549, 550, 552, 622, 708, 709, 710, 711, 712, 713, 714, 715, 716, 717, 718, 719, 720, 739, 796, 823, 824, 825, 826, 827, 906, 907, 908, 909]",7/6 successful match,True,[514],True,288,False,,,,,
"Hesperia , 92345 Pilot Travel Center # 381",760-956-2844 I-15 Exit 141 ( US 395 N ),24 XL,Hesperia,92345,Pilot Travel Center # 381,760-956-2844,2007,Hesperia,CA,Pilot,( US 395 N ),I-15 Exit 141 ,Exit,141,False,,False,I-15,,,,,"[720, 258]","[258, 720]","[258, 720]","[258, 334, 720, 790]","[103, 104, 105, 106, 107, 108, 109, 110, 111, 112, 113, 114, 115, 116, 117, 118, 119, 120, 121, 122, 123, 124, 125, 126, 127, 128, 129, 130, 131, 132, 133, 134, 135, 136, 137, 138, 139, 140, 141, 142, 143, 144, 145, 146, 147, 148, 149, 150, 151, 152, 153, 154, 155, 156, 157, 158, 159, 160, 161, 162, 163, 164, 165, 166, 167, 168, 169, 170, 171, 172, 173, 174, 175, 176, 177, 178, 179, 180, 181, 182, 183, 184, 185, 186, 187, 188, 189, 190, 191, 192, 193, 194, 195, 196, 197, 198, 199, 200, 201, 202, 203, 204, 205, 206, 207, 208, 209, 210, 211, 212, 213, 214, 215, 216, 217, 218, 219, 220, 221, 222, 223, 224, 225, 226, 227, 228, 229, 230, 231, 232, 233, 234, 235, 236, 237, 238, 239, 240, 241, 242, 243, 244, 245, 246, 247, 248, 249, 250, 251, 252, 253, 254, 255, 256, 257, 258, 259, 260, 261, 262, 263, 264, 265, 266, 267, 268, 269, 270, 271, 272, 273, 274, 275, 276, 277, 278, 279, 280, 281, 282, 283, 284, 285, 286, 287, 288, 289, 290, 291, 292, 293, 294, 295, 296, 297, 298, 299, 300, 301, 302, 303, 304, 305, 306, 307, 308, 309, 310, 311, 312, 313, 314, 315, 316, 317, 318, 319, 320, 321, 322, 323, 324, 325, 326, 327, 328, 329, 330, 331, 332, 333, 334, 335, 336, 337, 574, 575, 576, 577, 578, 579, 580, 581, 582, 583, 584, 585, 586, 587, 588, 589, 590, 591, 592, 593, 594, 595, 596, 597, 598, 599, 600, 601, 602, 603, 604, 605, 606, 607, 608, 609, 610, 611, 612, 613, 614, 615, 616, 617, 618, 619, 620, 621, 622, 623, 624, 625, 626, 627, 628, 629, 630, 631, 632, 633, 634, 635, 636, 637, 638, 639, 640, 641, 642, 643, 644, 645, 646, 647, 648, 649, 650, 651, 652, 653, 654, 655, 656, 657, 658, 659, 660, 661, 662, 663, 664, 665, 666, 667, 668, 669, 670, 671, 672, 673, 674, 675, 676, 677, 678, 679, 680, 681, 682, 683, 684, 685, 686, 687, 688, 689, 690, 691, 692, 693, 694, 695, 696, 697, 698, 699, 700, 701, 702, 703, 704, 705, 706, 707, 708, 709, 710, 711, 712, 713, 714, 715, 716, 717, 718, 719, 720, 721, 722, 723, 724, 725, 726, 727, 728, 729, 730, 731, 732, 733, 734, 735, 736, 737, 738, 739, 740, 741, 742, 743, 744, 745, 746, 747, 748, 749, 750, 751, 752, 753, 754, 755, 756, 757, 758, 759, 760, 761, 762, 763, 764, 765, 766, 767, 768, 769, 770, 771, 772, 773, 774, 775, 776, 777, 778, 779, 780, 781, 782, 783, 784, 785, 786, 787, 788, 789, 790, 791, 792, 793]","[16, 125, 156, 163, 168, 184, 205, 222, 229, 253, 258, 265, 313, 317, 336, 340, 341, 356, 363, 365, 366, 367, 370, 375, 388, 391, 394, 396, 402, 410, 411, 412, 413, 415, 416, 417, 418, 419, 425, 429, 431, 433, 435, 437, 440, 441, 442, 443, 451, 452, 456, 457, 458, 460, 461, 464, 471, 473, 474, 475, 481, 482, 501, 596, 628, 635, 655, 675, 693, 716, 720, 725, 771, 775, 793, 796, 797, 811, 817, 818, 820, 825, 838, 841, 844, 846, 851, 857, 861, 862, 863, 864, 866, 867, 868, 870, 871, 877, 881, 883, 885, 888, 891, 892, 893, 898, 899, 904, 905, 907, 908, 911, 918, 920, 921, 922, 923, 924, 926, 931, 933]","[15, 16, 65, 66, 67, 68, 69, 70, 71, 72, 73, 74, 75, 76, 80, 151, 245, 246, 247, 248, 249, 250, 251, 252, 253, 254, 255, 256, 257, 258, 259, 280, 340, 373, 374, 375, 376, 377, 459, 460, 461, 462, 500, 501, 539, 540, 541, 542, 543, 544, 545, 546, 547, 548, 549, 550, 552, 622, 708, 709, 710, 711, 712, 713, 714, 715, 716, 717, 718, 719, 720, 739, 796, 823, 824, 825, 826, 827, 906, 907, 908, 909]","[15, 16, 65, 66, 67, 68, 69, 70, 71, 72, 73, 74, 75, 76, 77, 78, 80, 151, 244, 245, 246, 247, 248, 249, 250, 251, 252, 253, 254, 255, 256, 257, 258, 259, 260, 280, 340, 373, 374, 375, 376, 377, 459, 460, 461, 462, 500, 501, 539, 540, 541, 542, 543, 544, 545, 546, 547, 548, 549, 550, 552, 622, 708, 709, 710, 711, 712, 713, 714, 715, 716, 717, 718, 719, 720, 739, 796, 823, 824, 825, 826, 827, 906, 907, 908, 909]","[15, 16, 65, 66, 67, 68, 69, 70, 71, 72, 73, 74, 75, 76, 77, 78, 80, 103, 104, 105, 106, 107, 108, 109, 110, 111, 112, 113, 114, 115, 116, 117, 118, 119, 120, 121, 122, 123, 124, 125, 126, 127, 128, 129, 130, 131, 132, 133, 134, 135, 136, 137, 138, 139, 140, 141, 142, 143, 144, 145, 146, 147, 148, 149, 150, 151, 152, 153, 154, 155, 156, 157, 158, 159, 160, 161, 162, 163, 164, 165, 166, 167, 168, 169, 170, 171, 172, 173, 174, 175, 176, 177, 178, 179, 180, 181, 182, 183, 184, 185, 186, 187, 188, 189, 190, 191, 192, 193, 194, 195, 196, 197, 198, 199, 200, 201, 202, 203, 204, 205, 206, 207, 208, 209, 210, 211, 212, 213, 214, 215, 216, 217, 218, 219, 220, 221, 222, 223, 224, 225, 226, 227, 228, 229, 230, 231, 232, 233, 234, 235, 236, 237, 238, 239, 240, 241, 242, 243, 244, 245, 246, 247, 248, 249, 250, 251, 252, 253, 254, 255, 256, 257, 258, 259, 260, 261, 262, 263, 264, 265, 266, 267, 268, 269, 270, 271, 272, 273, 274, 275, 276, 277, 278, 279, 280, 281, 282, 283, 284, 285, 286, 287, 288, 289, 290, 291, 292, 293, 294, 295, 296, 297, 298, 299, 300, 301, 302, 303, 304, 305, 306, 307, 308, 309, 310, 311, 312, 313, 314, 315, 316, 317, 318, 319, 320, 321, 322, 323, 324, 325, 326, 327, 328, 329, 330, 331, 332, 333, 334, 335, 336, 337, 340, 341, 356, 363, 365, 366, 367, 370, 373, 374, 375, 376, 377, 388, 391, 394, 396, 402, 410, 411, 412, 413, 415, 416, 417, 418, 419, 425, 429, 431, 433, 435, 437, 440, 441, 442, 443, 451, 452, 456, 457, 458, 459, 460, 461, 462, 464, 471, 473, 474, 475, 481, 482, 500, 501, 539, 540, 541, 542, 543, 544, 545, 546, 547, 548, 549, 550, 552, 574, 575, 576, 577, 578, 579, 580, 581, 582, 583, 584, 585, 586, 587, 588, 589, 590, 591, 592, 593, 594, 595, 596, 597, 598, 599, 600, 601, 602, 603, 604, 605, 606, 607, 608, 609, 610, 611, 612, 613, 614, 615, 616, 617, 618, 619, 620, 621, 622, 623, 624, 625, 626, 627, 628, 629, 630, 631, 632, 633, 634, 635, 636, 637, 638, 639, 640, 641, 642, 643, 644, 645, 646, 647, 648, 649, 650, 651, 652, 653, 654, 655, 656, 657, 658, 659, 660, 661, 662, 663, 664, 665, 666, 667, 668, 669, 670, 671, 672, 673, 674, 675, 676, 677, 678, 679, 680, 681, 682, 683, 684, 685, 686, 687, 688, 689, 690, 691, 692, 693, 694, 695, 696, 697, 698, 699, 700, 701, 702, 703, 704, 705, 706, 707, 708, 709, 710, 711, 712, 713, 714, 715, 716, 717, 718, 719, 720, 721, 722, 723, 724, 725, 726, 727, 728, 729, 730, 731, 732, 733, 734, 735, 736, 737, 738, 739, 740, 741, 742, 743, 744, 745, 746, 747, 748, 749, 750, 751, 752, 753, 754, 755, 756, 757, 758, 759, 760, 761, 762, 763, 764, 765, 766, 767, 768, 769, 770, 771, 772, 773, 774, 775, 776, 777, 778, 779, 780, 781, 782, 783, 784, 785, 786, 787, 788, 789, 790, 791, 792, 793, 796, 797, 811, 817, 818, 820, 823, 824, 825, 826, 827, 838, 841, 844, 846, 851, 857, 861, 862, 863, 864, 866, 867, 868, 870, 871, 877, 881, 883, 885, 888, 891, 892, 893, 898, 899, 904, 905, 906, 907, 908, 909, 911, 918, 920, 921, 922, 923, 924, 926, 931, 933]",True,"[258, 720]","[103, 104, 105, 106, 107, 108, 109, 110, 111, 112, 113, 114, 115, 116, 117, 118, 119, 120, 121, 122, 123, 124, 125, 126, 127, 128, 129, 130, 131, 132, 133, 134, 135, 136, 137, 138, 139, 140, 141, 142, 143, 144, 145, 146, 147, 148, 149, 150, 151, 152, 153, 154, 155, 156, 157, 158, 159, 160, 161, 162, 163, 164, 165, 166, 167, 168, 169, 170, 171, 172, 173, 174, 175, 176, 177, 178, 179, 180, 181, 182, 183, 184, 185, 186, 187, 188, 189, 190, 191, 192, 193, 194, 195, 196, 197, 198, 199, 200, 201, 202, 203, 204, 205, 206, 207, 208, 209, 210, 211, 212, 213, 214, 215, 216, 217, 218, 219, 220, 221, 222, 223, 224, 225, 226, 227, 228, 229, 230, 231, 232, 233, 234, 235, 236, 237, 238, 239, 240, 241, 242, 243, 244, 245, 246, 247, 248, 249, 250, 251, 252, 253, 254, 255, 256, 257, 258, 259, 260, 261, 262, 263, 264, 265, 266, 267, 268, 269, 270, 271, 272, 273, 274, 275, 276, 277, 278, 279, 280, 281, 282, 283, 284, 285, 286, 287, 288, 289, 290, 291, 292, 293, 294, 295, 296, 297, 298, 299, 300, 301, 302, 303, 304, 305, 306, 307, 308, 309, 310, 311, 312, 313, 314, 315, 316, 317, 318, 319, 320, 321, 322, 323, 324, 325, 326, 327, 328, 329, 330, 331, 332, 333, 334, 335, 336, 337, 574, 575, 576, 577, 578, 579, 580, 581, 582, 583, 584, 585, 586, 587, 588, 589, 590, 591, 592, 593, 594, 595, 596, 597, 598, 599, 600, 601, 602, 603, 604, 605, 606, 607, 608, 609, 610, 611, 612, 613, 614, 615, 616, 617, 618, 619, 620, 621, 622, 623, 624, 625, 626, 627, 628, 629, 630, 631, 632, 633, 634, 635, 636, 637, 638, 639, 640, 641, 642, 643, 644, 645, 646, 647, 648, 649, 650, 651, 652, 653, 654, 655, 656, 657, 658, 659, 660, 661, 662, 663, 664, 665, 666, 667, 668, 669, 670, 671, 672, 673, 674, 675, 676, 677, 678, 679, 680, 681, 682, 683, 684, 685, 686, 687, 688, 689, 690, 691, 692, 693, 694, 695, 696, 697, 698, 699, 700, 701, 702, 703, 704, 705, 706, 707, 708, 709, 710, 711, 712, 713, 714, 715, 716, 717, 718, 719, 720, 721, 722, 723, 724, 725, 726, 727, 728, 729, 730, 731, 732, 733, 734, 735, 736, 737, 738, 739, 740, 741, 742, 743, 744, 745, 746, 747, 748, 749, 750, 751, 752, 753, 754, 755, 756, 757, 758, 759, 760, 761, 762, 763, 764, 765, 766, 767, 768, 769, 770, 771, 772, 773, 774, 775, 776, 777, 778, 779, 780, 781, 782, 783, 784, 785, 786, 787, 788, 789, 790, 791, 792, 793]","[258, 720]","[258, 334, 720, 790]","[16, 125, 156, 163, 168, 184, 205, 222, 229, 253, 258, 265, 313, 317, 336, 340, 341, 356, 363, 365, 366, 367, 370, 375, 388, 391, 394, 396, 402, 410, 411, 412, 413, 415, 416, 417, 418, 419, 425, 429, 431, 433, 435, 437, 440, 441, 442, 443, 451, 452, 456, 457, 458, 460, 461, 464, 471, 473, 474, 475, 481, 482, 501, 596, 628, 635, 655, 675, 693, 716, 720, 725, 771, 775, 793, 796, 797, 811, 817, 818, 820, 825, 838, 841, 844, 846, 851, 857, 861, 862, 863, 864, 866, 867, 868, 870, 871, 877, 881, 883, 885, 888, 891, 892, 893, 898, 899, 904, 905, 907, 908, 911, 918, 920, 921, 922, 923, 924, 926, 931, 933]","[15, 16, 65, 66, 67, 68, 69, 70, 71, 72, 73, 74, 75, 76, 77, 78, 80, 151, 244, 245, 246, 247, 248, 249, 250, 251, 252, 253, 254, 255, 256, 257, 258, 259, 260, 280, 340, 373, 374, 375, 376, 377, 459, 460, 461, 462, 500, 501, 539, 540, 541, 542, 543, 544, 545, 546, 547, 548, 549, 550, 552, 622, 708, 709, 710, 711, 712, 713, 714, 715, 716, 717, 718, 719, 720, 739, 796, 823, 824, 825, 826, 827, 906, 907, 908, 909]","[15, 16, 65, 66, 67, 68, 69, 70, 71, 72, 73, 74, 75, 76, 80, 151, 245, 246, 247, 248, 249, 250, 251, 252, 253, 254, 255, 256, 257, 258, 259, 280, 340, 373, 374, 375, 376, 377, 459, 460, 461, 462, 500, 501, 539, 540, 541, 542, 543, 544, 545, 546, 547, 548, 549, 550, 552, 622, 708, 709, 710, 711, 712, 713, 714, 715, 716, 717, 718, 719, 720, 739, 796, 823, 824, 825, 826, 827, 906, 907, 908, 909]",7/6 successful match,True,[514],True,288,False,,1.0,True,Pilot Travel Center # 381,Pilot
"Hesperia , 92345 Pilot Travel 25 Center ( Industrial # 381 Pkwy W )",5 760-956-2844 I-15 Exit 141 ( US 395 N 24,24 XL,Hesperia,92345,Pilot Travel 25 Center ( Industrial # 381 Pkwy W ),760-956-2844,2008,Hesperia,CA,Pilot,( US 395 N 24,I-15 Exit 141 ,Exit,141,False,,False,I-15,,,,,"[720, 258]","[258, 720]","[258, 720]","[258, 334, 720, 790]","[103, 104, 105, 106, 107, 108, 109, 110, 111, 112, 113, 114, 115, 116, 117, 118, 119, 120, 121, 122, 123, 124, 125, 126, 127, 128, 129, 130, 131, 132, 133, 134, 135, 136, 137, 138, 139, 140, 141, 142, 143, 144, 145, 146, 147, 148, 149, 150, 151, 152, 153, 154, 155, 156, 157, 158, 159, 160, 161, 162, 163, 164, 165, 166, 167, 168, 169, 170, 171, 172, 173, 174, 175, 176, 177, 178, 179, 180, 181, 182, 183, 184, 185, 186, 187, 188, 189, 190, 191, 192, 193, 194, 195, 196, 197, 198, 199, 200, 201, 202, 203, 204, 205, 206, 207, 208, 209, 210, 211, 212, 213, 214, 215, 216, 217, 218, 219, 220, 221, 222, 223, 224, 225, 226, 227, 228, 229, 230, 231, 232, 233, 234, 235, 236, 237, 238, 239, 240, 241, 242, 243, 244, 245, 246, 247, 248, 249, 250, 251, 252, 253, 254, 255, 256, 257, 258, 259, 260, 261, 262, 263, 264, 265, 266, 267, 268, 269, 270, 271, 272, 273, 274, 275, 276, 277, 278, 279, 280, 281, 282, 283, 284, 285, 286, 287, 288, 289, 290, 291, 292, 293, 294, 295, 296, 297, 298, 299, 300, 301, 302, 303, 304, 305, 306, 307, 308, 309, 310, 311, 312, 313, 314, 315, 316, 317, 318, 319, 320, 321, 322, 323, 324, 325, 326, 327, 328, 329, 330, 331, 332, 333, 334, 335, 336, 337, 574, 575, 576, 577, 578, 579, 580, 581, 582, 583, 584, 585, 586, 587, 588, 589, 590, 591, 592, 593, 594, 595, 596, 597, 598, 599, 600, 601, 602, 603, 604, 605, 606, 607, 608, 609, 610, 611, 612, 613, 614, 615, 616, 617, 618, 619, 620, 621, 622, 623, 624, 625, 626, 627, 628, 629, 630, 631, 632, 633, 634, 635, 636, 637, 638, 639, 640, 641, 642, 643, 644, 645, 646, 647, 648, 649, 650, 651, 652, 653, 654, 655, 656, 657, 658, 659, 660, 661, 662, 663, 664, 665, 666, 667, 668, 669, 670, 671, 672, 673, 674, 675, 676, 677, 678, 679, 680, 681, 682, 683, 684, 685, 686, 687, 688, 689, 690, 691, 692, 693, 694, 695, 696, 697, 698, 699, 700, 701, 702, 703, 704, 705, 706, 707, 708, 709, 710, 711, 712, 713, 714, 715, 716, 717, 718, 719, 720, 721, 722, 723, 724, 725, 726, 727, 728, 729, 730, 731, 732, 733, 734, 735, 736, 737, 738, 739, 740, 741, 742, 743, 744, 745, 746, 747, 748, 749, 750, 751, 752, 753, 754, 755, 756, 757, 758, 759, 760, 761, 762, 763, 764, 765, 766, 767, 768, 769, 770, 771, 772, 773, 774, 775, 776, 777, 778, 779, 780, 781, 782, 783, 784, 785, 786, 787, 788, 789, 790, 791, 792, 793]","[16, 125, 156, 163, 168, 184, 205, 222, 229, 253, 258, 265, 313, 317, 336, 340, 341, 356, 363, 365, 366, 367, 370, 375, 388, 391, 394, 396, 402, 410, 411, 412, 413, 415, 416, 417, 418, 419, 425, 429, 431, 433, 435, 437, 440, 441, 442, 443, 451, 452, 456, 457, 458, 460, 461, 464, 471, 473, 474, 475, 481, 482, 501, 596, 628, 635, 655, 675, 693, 716, 720, 725, 771, 775, 793, 796, 797, 811, 817, 818, 820, 825, 838, 841, 844, 846, 851, 857, 861, 862, 863, 864, 866, 867, 868, 870, 871, 877, 881, 883, 885, 888, 891, 892, 893, 898, 899, 904, 905, 907, 908, 911, 918, 920, 921, 922, 923, 924, 926, 931, 933]","[15, 16, 65, 66, 67, 68, 69, 70, 71, 72, 73, 74, 75, 76, 80, 151, 245, 246, 247, 248, 249, 250, 251, 252, 253, 254, 255, 256, 257, 258, 259, 280, 340, 373, 374, 375, 376, 377, 459, 460, 461, 462, 500, 501, 539, 540, 541, 542, 543, 544, 545, 546, 547, 548, 549, 550, 552, 622, 708, 709, 710, 711, 712, 713, 714, 715, 716, 717, 718, 719, 720, 739, 796, 823, 824, 825, 826, 827, 906, 907, 908, 909]","[15, 16, 65, 66, 67, 68, 69, 70, 71, 72, 73, 74, 75, 76, 77, 78, 80, 151, 244, 245, 246, 247, 248, 249, 250, 251, 252, 253, 254, 255, 256, 257, 258, 259, 260, 280, 340, 373, 374, 375, 376, 377, 459, 460, 461, 462, 500, 501, 539, 540, 541, 542, 543, 544, 545, 546, 547, 548, 549, 550, 552, 622, 708, 709, 710, 711, 712, 713, 714, 715, 716, 717, 718, 719, 720, 739, 796, 823, 824, 825, 826, 827, 906, 907, 908, 909]","[15, 16, 65, 66, 67, 68, 69, 70, 71, 72, 73, 74, 75, 76, 77, 78, 80, 103, 104, 105, 106, 107, 108, 109, 110, 111, 112, 113, 114, 115, 116, 117, 118, 119, 120, 121, 122, 123, 124, 125, 126, 127, 128, 129, 130, 131, 132, 133, 134, 135, 136, 137, 138, 139, 140, 141, 142, 143, 144, 145, 146, 147, 148, 149, 150, 151, 152, 153, 154, 155, 156, 157, 158, 159, 160, 161, 162, 163, 164, 165, 166, 167, 168, 169, 170, 171, 172, 173, 174, 175, 176, 177, 178, 179, 180, 181, 182, 183, 184, 185, 186, 187, 188, 189, 190, 191, 192, 193, 194, 195, 196, 197, 198, 199, 200, 201, 202, 203, 204, 205, 206, 207, 208, 209, 210, 211, 212, 213, 214, 215, 216, 217, 218, 219, 220, 221, 222, 223, 224, 225, 226, 227, 228, 229, 230, 231, 232, 233, 234, 235, 236, 237, 238, 239, 240, 241, 242, 243, 244, 245, 246, 247, 248, 249, 250, 251, 252, 253, 254, 255, 256, 257, 258, 259, 260, 261, 262, 263, 264, 265, 266, 267, 268, 269, 270, 271, 272, 273, 274, 275, 276, 277, 278, 279, 280, 281, 282, 283, 284, 285, 286, 287, 288, 289, 290, 291, 292, 293, 294, 295, 296, 297, 298, 299, 300, 301, 302, 303, 304, 305, 306, 307, 308, 309, 310, 311, 312, 313, 314, 315, 316, 317, 318, 319, 320, 321, 322, 323, 324, 325, 326, 327, 328, 329, 330, 331, 332, 333, 334, 335, 336, 337, 340, 341, 356, 363, 365, 366, 367, 370, 373, 374, 375, 376, 377, 388, 391, 394, 396, 402, 410, 411, 412, 413, 415, 416, 417, 418, 419, 425, 429, 431, 433, 435, 437, 440, 441, 442, 443, 451, 452, 456, 457, 458, 459, 460, 461, 462, 464, 471, 473, 474, 475, 481, 482, 500, 501, 539, 540, 541, 542, 543, 544, 545, 546, 547, 548, 549, 550, 552, 574, 575, 576, 577, 578, 579, 580, 581, 582, 583, 584, 585, 586, 587, 588, 589, 590, 591, 592, 593, 594, 595, 596, 597, 598, 599, 600, 601, 602, 603, 604, 605, 606, 607, 608, 609, 610, 611, 612, 613, 614, 615, 616, 617, 618, 619, 620, 621, 622, 623, 624, 625, 626, 627, 628, 629, 630, 631, 632, 633, 634, 635, 636, 637, 638, 639, 640, 641, 642, 643, 644, 645, 646, 647, 648, 649, 650, 651, 652, 653, 654, 655, 656, 657, 658, 659, 660, 661, 662, 663, 664, 665, 666, 667, 668, 669, 670, 671, 672, 673, 674, 675, 676, 677, 678, 679, 680, 681, 682, 683, 684, 685, 686, 687, 688, 689, 690, 691, 692, 693, 694, 695, 696, 697, 698, 699, 700, 701, 702, 703, 704, 705, 706, 707, 708, 709, 710, 711, 712, 713, 714, 715, 716, 717, 718, 719, 720, 721, 722, 723, 724, 725, 726, 727, 728, 729, 730, 731, 732, 733, 734, 735, 736, 737, 738, 739, 740, 741, 742, 743, 744, 745, 746, 747, 748, 749, 750, 751, 752, 753, 754, 755, 756, 757, 758, 759, 760, 761, 762, 763, 764, 765, 766, 767, 768, 769, 770, 771, 772, 773, 774, 775, 776, 777, 778, 779, 780, 781, 782, 783, 784, 785, 786, 787, 788, 789, 790, 791, 792, 793, 796, 797, 811, 817, 818, 820, 823, 824, 825, 826, 827, 838, 841, 844, 846, 851, 857, 861, 862, 863, 864, 866, 867, 868, 870, 871, 877, 881, 883, 885, 888, 891, 892, 893, 898, 899, 904, 905, 906, 907, 908, 909, 911, 918, 920, 921, 922, 923, 924, 926, 931, 933]",True,"[258, 720]","[103, 104, 105, 106, 107, 108, 109, 110, 111, 112, 113, 114, 115, 116, 117, 118, 119, 120, 121, 122, 123, 124, 125, 126, 127, 128, 129, 130, 131, 132, 133, 134, 135, 136, 137, 138, 139, 140, 141, 142, 143, 144, 145, 146, 147, 148, 149, 150, 151, 152, 153, 154, 155, 156, 157, 158, 159, 160, 161, 162, 163, 164, 165, 166, 167, 168, 169, 170, 171, 172, 173, 174, 175, 176, 177, 178, 179, 180, 181, 182, 183, 184, 185, 186, 187, 188, 189, 190, 191, 192, 193, 194, 195, 196, 197, 198, 199, 200, 201, 202, 203, 204, 205, 206, 207, 208, 209, 210, 211, 212, 213, 214, 215, 216, 217, 218, 219, 220, 221, 222, 223, 224, 225, 226, 227, 228, 229, 230, 231, 232, 233, 234, 235, 236, 237, 238, 239, 240, 241, 242, 243, 244, 245, 246, 247, 248, 249, 250, 251, 252, 253, 254, 255, 256, 257, 258, 259, 260, 261, 262, 263, 264, 265, 266, 267, 268, 269, 270, 271, 272, 273, 274, 275, 276, 277, 278, 279, 280, 281, 282, 283, 284, 285, 286, 287, 288, 289, 290, 291, 292, 293, 294, 295, 296, 297, 298, 299, 300, 301, 302, 303, 304, 305, 306, 307, 308, 309, 310, 311, 312, 313, 314, 315, 316, 317, 318, 319, 320, 321, 322, 323, 324, 325, 326, 327, 328, 329, 330, 331, 332, 333, 334, 335, 336, 337, 574, 575, 576, 577, 578, 579, 580, 581, 582, 583, 584, 585, 586, 587, 588, 589, 590, 591, 592, 593, 594, 595, 596, 597, 598, 599, 600, 601, 602, 603, 604, 605, 606, 607, 608, 609, 610, 611, 612, 613, 614, 615, 616, 617, 618, 619, 620, 621, 622, 623, 624, 625, 626, 627, 628, 629, 630, 631, 632, 633, 634, 635, 636, 637, 638, 639, 640, 641, 642, 643, 644, 645, 646, 647, 648, 649, 650, 651, 652, 653, 654, 655, 656, 657, 658, 659, 660, 661, 662, 663, 664, 665, 666, 667, 668, 669, 670, 671, 672, 673, 674, 675, 676, 677, 678, 679, 680, 681, 682, 683, 684, 685, 686, 687, 688, 689, 690, 691, 692, 693, 694, 695, 696, 697, 698, 699, 700, 701, 702, 703, 704, 705, 706, 707, 708, 709, 710, 711, 712, 713, 714, 715, 716, 717, 718, 719, 720, 721, 722, 723, 724, 725, 726, 727, 728, 729, 730, 731, 732, 733, 734, 735, 736, 737, 738, 739, 740, 741, 742, 743, 744, 745, 746, 747, 748, 749, 750, 751, 752, 753, 754, 755, 756, 757, 758, 759, 760, 761, 762, 763, 764, 765, 766, 767, 768, 769, 770, 771, 772, 773, 774, 775, 776, 777, 778, 779, 780, 781, 782, 783, 784, 785, 786, 787, 788, 789, 790, 791, 792, 793]","[258, 720]","[258, 334, 720, 790]","[16, 125, 156, 163, 168, 184, 205, 222, 229, 253, 258, 265, 313, 317, 336, 340, 341, 356, 363, 365, 366, 367, 370, 375, 388, 391, 394, 396, 402, 410, 411, 412, 413, 415, 416, 417, 418, 419, 425, 429, 431, 433, 435, 437, 440, 441, 442, 443, 451, 452, 456, 457, 458, 460, 461, 464, 471, 473, 474, 475, 481, 482, 501, 596, 628, 635, 655, 675, 693, 716, 720, 725, 771, 775, 793, 796, 797, 811, 817, 818, 820, 825, 838, 841, 844, 846, 851, 857, 861, 862, 863, 864, 866, 867, 868, 870, 871, 877, 881, 883, 885, 888, 891, 892, 893, 898, 899, 904, 905, 907, 908, 911, 918, 920, 921, 922, 923, 924, 926, 931, 933]","[15, 16, 65, 66, 67, 68, 69, 70, 71, 72, 73, 74, 75, 76, 77, 78, 80, 151, 244, 245, 246, 247, 248, 249, 250, 251, 252, 253, 254, 255, 256, 257, 258, 259, 260, 280, 340, 373, 374, 375, 376, 377, 459, 460, 461, 462, 500, 501, 539, 540, 541, 542, 543, 544, 545, 546, 547, 548, 549, 550, 552, 622, 708, 709, 710, 711, 712, 713, 714, 715, 716, 717, 718, 719, 720, 739, 796, 823, 824, 825, 826, 827, 906, 907, 908, 909]","[15, 16, 65, 66, 67, 68, 69, 70, 71, 72, 73, 74, 75, 76, 80, 151, 245, 246, 247, 248, 249, 250, 251, 252, 253, 254, 255, 256, 257, 258, 259, 280, 340, 373, 374, 375, 376, 377, 459, 460, 461, 462, 500, 501, 539, 540, 541, 542, 543, 544, 545, 546, 547, 548, 549, 550, 552, 622, 708, 709, 710, 711, 712, 713, 714, 715, 716, 717, 718, 719, 720, 739, 796, 823, 824, 825, 826, 827, 906, 907, 908, 909]",7/6 successful match,True,[514],True,288,False,,0.9,True,Pilot Travel Center # 381,Pilot
Hesperia ( 92345 ) Pilot Travel Center # 381,760-956-2844 I-15 Exit 141 ( US 395 N ),Pilot 24 XL,Hesperia,92345,Pilot Travel Center # 381,760-956-2844,2014,Hesperia,CA,Pilot,( US 395 N ),I-15 Exit 141 ,Exit,141,False,,False,I-15,,,,,"[720, 258]","[258, 720]","[258, 720]","[258, 334, 720, 790]","[103, 104, 105, 106, 107, 108, 109, 110, 111, 112, 113, 114, 115, 116, 117, 118, 119, 120, 121, 122, 123, 124, 125, 126, 127, 128, 129, 130, 131, 132, 133, 134, 135, 136, 137, 138, 139, 140, 141, 142, 143, 144, 145, 146, 147, 148, 149, 150, 151, 152, 153, 154, 155, 156, 157, 158, 159, 160, 161, 162, 163, 164, 165, 166, 167, 168, 169, 170, 171, 172, 173, 174, 175, 176, 177, 178, 179, 180, 181, 182, 183, 184, 185, 186, 187, 188, 189, 190, 191, 192, 193, 194, 195, 196, 197, 198, 199, 200, 201, 202, 203, 204, 205, 206, 207, 208, 209, 210, 211, 212, 213, 214, 215, 216, 217, 218, 219, 220, 221, 222, 223, 224, 225, 226, 227, 228, 229, 230, 231, 232, 233, 234, 235, 236, 237, 238, 239, 240, 241, 242, 243, 244, 245, 246, 247, 248, 249, 250, 251, 252, 253, 254, 255, 256, 257, 258, 259, 260, 261, 262, 263, 264, 265, 266, 267, 268, 269, 270, 271, 272, 273, 274, 275, 276, 277, 278, 279, 280, 281, 282, 283, 284, 285, 286, 287, 288, 289, 290, 291, 292, 293, 294, 295, 296, 297, 298, 299, 300, 301, 302, 303, 304, 305, 306, 307, 308, 309, 310, 311, 312, 313, 314, 315, 316, 317, 318, 319, 320, 321, 322, 323, 324, 325, 326, 327, 328, 329, 330, 331, 332, 333, 334, 335, 336, 337, 574, 575, 576, 577, 578, 579, 580, 581, 582, 583, 584, 585, 586, 587, 588, 589, 590, 591, 592, 593, 594, 595, 596, 597, 598, 599, 600, 601, 602, 603, 604, 605, 606, 607, 608, 609, 610, 611, 612, 613, 614, 615, 616, 617, 618, 619, 620, 621, 622, 623, 624, 625, 626, 627, 628, 629, 630, 631, 632, 633, 634, 635, 636, 637, 638, 639, 640, 641, 642, 643, 644, 645, 646, 647, 648, 649, 650, 651, 652, 653, 654, 655, 656, 657, 658, 659, 660, 661, 662, 663, 664, 665, 666, 667, 668, 669, 670, 671, 672, 673, 674, 675, 676, 677, 678, 679, 680, 681, 682, 683, 684, 685, 686, 687, 688, 689, 690, 691, 692, 693, 694, 695, 696, 697, 698, 699, 700, 701, 702, 703, 704, 705, 706, 707, 708, 709, 710, 711, 712, 713, 714, 715, 716, 717, 718, 719, 720, 721, 722, 723, 724, 725, 726, 727, 728, 729, 730, 731, 732, 733, 734, 735, 736, 737, 738, 739, 740, 741, 742, 743, 744, 745, 746, 747, 748, 749, 750, 751, 752, 753, 754, 755, 756, 757, 758, 759, 760, 761, 762, 763, 764, 765, 766, 767, 768, 769, 770, 771, 772, 773, 774, 775, 776, 777, 778, 779, 780, 781, 782, 783, 784, 785, 786, 787, 788, 789, 790, 791, 792, 793]","[16, 125, 156, 163, 168, 184, 205, 222, 229, 253, 258, 265, 313, 317, 336, 340, 341, 356, 363, 365, 366, 367, 370, 375, 388, 391, 394, 396, 402, 410, 411, 412, 413, 415, 416, 417, 418, 419, 425, 429, 431, 433, 435, 437, 440, 441, 442, 443, 451, 452, 456, 457, 458, 460, 461, 464, 471, 473, 474, 475, 481, 482, 501, 596, 628, 635, 655, 675, 693, 716, 720, 725, 771, 775, 793, 796, 797, 811, 817, 818, 820, 825, 838, 841, 844, 846, 851, 857, 861, 862, 863, 864, 866, 867, 868, 870, 871, 877, 881, 883, 885, 888, 891, 892, 893, 898, 899, 904, 905, 907, 908, 911, 918, 920, 921, 922, 923, 924, 926, 931, 933]","[15, 16, 65, 66, 67, 68, 69, 70, 71, 72, 73, 74, 75, 76, 80, 151, 245, 246, 247, 248, 249, 250, 251, 252, 253, 254, 255, 256, 257, 258, 259, 280, 340, 373, 374, 375, 376, 377, 459, 460, 461, 462, 500, 501, 539, 540, 541, 542, 543, 544, 545, 546, 547, 548, 549, 550, 552, 622, 708, 709, 710, 711, 712, 713, 714, 715, 716, 717, 718, 719, 720, 739, 796, 823, 824, 825, 826, 827, 906, 907, 908, 909]","[15, 16, 65, 66, 67, 68, 69, 70, 71, 72, 73, 74, 75, 76, 77, 78, 80, 151, 244, 245, 246, 247, 248, 249, 250, 251, 252, 253, 254, 255, 256, 257, 258, 259, 260, 280, 340, 373, 374, 375, 376, 377, 459, 460, 461, 462, 500, 501, 539, 540, 541, 542, 543, 544, 545, 546, 547, 548, 549, 550, 552, 622, 708, 709, 710, 711, 712, 713, 714, 715, 716, 717, 718, 719, 720, 739, 796, 823, 824, 825, 826, 827, 906, 907, 908, 909]","[15, 16, 65, 66, 67, 68, 69, 70, 71, 72, 73, 74, 75, 76, 77, 78, 80, 103, 104, 105, 106, 107, 108, 109, 110, 111, 112, 113, 114, 115, 116, 117, 118, 119, 120, 121, 122, 123, 124, 125, 126, 127, 128, 129, 130, 131, 132, 133, 134, 135, 136, 137, 138, 139, 140, 141, 142, 143, 144, 145, 146, 147, 148, 149, 150, 151, 152, 153, 154, 155, 156, 157, 158, 159, 160, 161, 162, 163, 164, 165, 166, 167, 168, 169, 170, 171, 172, 173, 174, 175, 176, 177, 178, 179, 180, 181, 182, 183, 184, 185, 186, 187, 188, 189, 190, 191, 192, 193, 194, 195, 196, 197, 198, 199, 200, 201, 202, 203, 204, 205, 206, 207, 208, 209, 210, 211, 212, 213, 214, 215, 216, 217, 218, 219, 220, 221, 222, 223, 224, 225, 226, 227, 228, 229, 230, 231, 232, 233, 234, 235, 236, 237, 238, 239, 240, 241, 242, 243, 244, 245, 246, 247, 248, 249, 250, 251, 252, 253, 254, 255, 256, 257, 258, 259, 260, 261, 262, 263, 264, 265, 266, 267, 268, 269, 270, 271, 272, 273, 274, 275, 276, 277, 278, 279, 280, 281, 282, 283, 284, 285, 286, 287, 288, 289, 290, 291, 292, 293, 294, 295, 296, 297, 298, 299, 300, 301, 302, 303, 304, 305, 306, 307, 308, 309, 310, 311, 312, 313, 314, 315, 316, 317, 318, 319, 320, 321, 322, 323, 324, 325, 326, 327, 328, 329, 330, 331, 332, 333, 334, 335, 336, 337, 340, 341, 356, 363, 365, 366, 367, 370, 373, 374, 375, 376, 377, 388, 391, 394, 396, 402, 410, 411, 412, 413, 415, 416, 417, 418, 419, 425, 429, 431, 433, 435, 437, 440, 441, 442, 443, 451, 452, 456, 457, 458, 459, 460, 461, 462, 464, 471, 473, 474, 475, 481, 482, 500, 501, 539, 540, 541, 542, 543, 544, 545, 546, 547, 548, 549, 550, 552, 574, 575, 576, 577, 578, 579, 580, 581, 582, 583, 584, 585, 586, 587, 588, 589, 590, 591, 592, 593, 594, 595, 596, 597, 598, 599, 600, 601, 602, 603, 604, 605, 606, 607, 608, 609, 610, 611, 612, 613, 614, 615, 616, 617, 618, 619, 620, 621, 622, 623, 624, 625, 626, 627, 628, 629, 630, 631, 632, 633, 634, 635, 636, 637, 638, 639, 640, 641, 642, 643, 644, 645, 646, 647, 648, 649, 650, 651, 652, 653, 654, 655, 656, 657, 658, 659, 660, 661, 662, 663, 664, 665, 666, 667, 668, 669, 670, 671, 672, 673, 674, 675, 676, 677, 678, 679, 680, 681, 682, 683, 684, 685, 686, 687, 688, 689, 690, 691, 692, 693, 694, 695, 696, 697, 698, 699, 700, 701, 702, 703, 704, 705, 706, 707, 708, 709, 710, 711, 712, 713, 714, 715, 716, 717, 718, 719, 720, 721, 722, 723, 724, 725, 726, 727, 728, 729, 730, 731, 732, 733, 734, 735, 736, 737, 738, 739, 740, 741, 742, 743, 744, 745, 746, 747, 748, 749, 750, 751, 752, 753, 754, 755, 756, 757, 758, 759, 760, 761, 762, 763, 764, 765, 766, 767, 768, 769, 770, 771, 772, 773, 774, 775, 776, 777, 778, 779, 780, 781, 782, 783, 784, 785, 786, 787, 788, 789, 790, 791, 792, 793, 796, 797, 811, 817, 818, 820, 823, 824, 825, 826, 827, 838, 841, 844, 846, 851, 857, 861, 862, 863, 864, 866, 867, 868, 870, 871, 877, 881, 883, 885, 888, 891, 892, 893, 898, 899, 904, 905, 906, 907, 908, 909, 911, 918, 920, 921, 922, 923, 924, 926, 931, 933]",True,"[258, 720]","[103, 104, 105, 106, 107, 108, 109, 110, 111, 112, 113, 114, 115, 116, 117, 118, 119, 120, 121, 122, 123, 124, 125, 126, 127, 128, 129, 130, 131, 132, 133, 134, 135, 136, 137, 138, 139, 140, 141, 142, 143, 144, 145, 146, 147, 148, 149, 150, 151, 152, 153, 154, 155, 156, 157, 158, 159, 160, 161, 162, 163, 164, 165, 166, 167, 168, 169, 170, 171, 172, 173, 174, 175, 176, 177, 178, 179, 180, 181, 182, 183, 184, 185, 186, 187, 188, 189, 190, 191, 192, 193, 194, 195, 196, 197, 198, 199, 200, 201, 202, 203, 204, 205, 206, 207, 208, 209, 210, 211, 212, 213, 214, 215, 216, 217, 218, 219, 220, 221, 222, 223, 224, 225, 226, 227, 228, 229, 230, 231, 232, 233, 234, 235, 236, 237, 238, 239, 240, 241, 242, 243, 244, 245, 246, 247, 248, 249, 250, 251, 252, 253, 254, 255, 256, 257, 258, 259, 260, 261, 262, 263, 264, 265, 266, 267, 268, 269, 270, 271, 272, 273, 274, 275, 276, 277, 278, 279, 280, 281, 282, 283, 284, 285, 286, 287, 288, 289, 290, 291, 292, 293, 294, 295, 296, 297, 298, 299, 300, 301, 302, 303, 304, 305, 306, 307, 308, 309, 310, 311, 312, 313, 314, 315, 316, 317, 318, 319, 320, 321, 322, 323, 324, 325, 326, 327, 328, 329, 330, 331, 332, 333, 334, 335, 336, 337, 574, 575, 576, 577, 578, 579, 580, 581, 582, 583, 584, 585, 586, 587, 588, 589, 590, 591, 592, 593, 594, 595, 596, 597, 598, 599, 600, 601, 602, 603, 604, 605, 606, 607, 608, 609, 610, 611, 612, 613, 614, 615, 616, 617, 618, 619, 620, 621, 622, 623, 624, 625, 626, 627, 628, 629, 630, 631, 632, 633, 634, 635, 636, 637, 638, 639, 640, 641, 642, 643, 644, 645, 646, 647, 648, 649, 650, 651, 652, 653, 654, 655, 656, 657, 658, 659, 660, 661, 662, 663, 664, 665, 666, 667, 668, 669, 670, 671, 672, 673, 674, 675, 676, 677, 678, 679, 680, 681, 682, 683, 684, 685, 686, 687, 688, 689, 690, 691, 692, 693, 694, 695, 696, 697, 698, 699, 700, 701, 702, 703, 704, 705, 706, 707, 708, 709, 710, 711, 712, 713, 714, 715, 716, 717, 718, 719, 720, 721, 722, 723, 724, 725, 726, 727, 728, 729, 730, 731, 732, 733, 734, 735, 736, 737, 738, 739, 740, 741, 742, 743, 744, 745, 746, 747, 748, 749, 750, 751, 752, 753, 754, 755, 756, 757, 758, 759, 760, 761, 762, 763, 764, 765, 766, 767, 768, 769, 770, 771, 772, 773, 774, 775, 776, 777, 778, 779, 780, 781, 782, 783, 784, 785, 786, 787, 788, 789, 790, 791, 792, 793]","[258, 720]","[258, 334, 720, 790]","[16, 125, 156, 163, 168, 184, 205, 222, 229, 253, 258, 265, 313, 317, 336, 340, 341, 356, 363, 365, 366, 367, 370, 375, 388, 391, 394, 396, 402, 410, 411, 412, 413, 415, 416, 417, 418, 419, 425, 429, 431, 433, 435, 437, 440, 441, 442, 443, 451, 452, 456, 457, 458, 460, 461, 464, 471, 473, 474, 475, 481, 482, 501, 596, 628, 635, 655, 675, 693, 716, 720, 725, 771, 775, 793, 796, 797, 811, 817, 818, 820, 825, 838, 841, 844, 846, 851, 857, 861, 862, 863, 864, 866, 867, 868, 870, 871, 877, 881, 883, 885, 888, 891, 892, 893, 898, 899, 904, 905, 907, 908, 911, 918, 920, 921, 922, 923, 924, 926, 931, 933]","[15, 16, 65, 66, 67, 68, 69, 70, 71, 72, 73, 74, 75, 76, 77, 78, 80, 151, 244, 245, 246, 247, 248, 249, 250, 251, 252, 253, 254, 255, 256, 257, 258, 259, 260, 280, 340, 373, 374, 375, 376, 377, 459, 460, 461, 462, 500, 501, 539, 540, 541, 542, 543, 544, 545, 546, 547, 548, 549, 550, 552, 622, 708, 709, 710, 711, 712, 713, 714, 715, 716, 717, 718, 719, 720, 739, 796, 823, 824, 825, 826, 827, 906, 907, 908, 909]","[15, 16, 65, 66, 67, 68, 69, 70, 71, 72, 73, 74, 75, 76, 80, 151, 245, 246, 247, 248, 249, 250, 251, 252, 253, 254, 255, 256, 257, 258, 259, 280, 340, 373, 374, 375, 376, 377, 459, 460, 461, 462, 500, 501, 539, 540, 541, 542, 543, 544, 545, 546, 547, 548, 549, 550, 552, 622, 708, 709, 710, 711, 712, 713, 714, 715, 716, 717, 718, 719, 720, 739, 796, 823, 824, 825, 826, 827, 906, 907, 908, 909]",7/6 successful match,True,[514],True,288,False,,0.9,True,Pilot Travel 25 Center ( Industrial # 381 Pkwy W ),Pilot
Hesperia ( 92345 ) Pilot Travel Center # 381 on Indust 2 Ruus ),760-956-2844 I-15 Exit 141 ( US 395 N ) Plot,24 XL,Hesperia,92345,Pilot Travel Center # 381 on Indust 2 Ruus ),760-956-2844,2015,Hesperia,CA,Pilot,( US 395 N ) Plot,I-15 Exit 141 ,Exit,141,False,,False,I-15,,,,,"[720, 258]","[258, 720]","[258, 720]","[258, 334, 720, 790]","[103, 104, 105, 106, 107, 108, 109, 110, 111, 112, 113, 114, 115, 116, 117, 118, 119, 120, 121, 122, 123, 124, 125, 126, 127, 128, 129, 130, 131, 132, 133, 134, 135, 136, 137, 138, 139, 140, 141, 142, 143, 144, 145, 146, 147, 148, 149, 150, 151, 152, 153, 154, 155, 156, 157, 158, 159, 160, 161, 162, 163, 164, 165, 166, 167, 168, 169, 170, 171, 172, 173, 174, 175, 176, 177, 178, 179, 180, 181, 182, 183, 184, 185, 186, 187, 188, 189, 190, 191, 192, 193, 194, 195, 196, 197, 198, 199, 200, 201, 202, 203, 204, 205, 206, 207, 208, 209, 210, 211, 212, 213, 214, 215, 216, 217, 218, 219, 220, 221, 222, 223, 224, 225, 226, 227, 228, 229, 230, 231, 232, 233, 234, 235, 236, 237, 238, 239, 240, 241, 242, 243, 244, 245, 246, 247, 248, 249, 250, 251, 252, 253, 254, 255, 256, 257, 258, 259, 260, 261, 262, 263, 264, 265, 266, 267, 268, 269, 270, 271, 272, 273, 274, 275, 276, 277, 278, 279, 280, 281, 282, 283, 284, 285, 286, 287, 288, 289, 290, 291, 292, 293, 294, 295, 296, 297, 298, 299, 300, 301, 302, 303, 304, 305, 306, 307, 308, 309, 310, 311, 312, 313, 314, 315, 316, 317, 318, 319, 320, 321, 322, 323, 324, 325, 326, 327, 328, 329, 330, 331, 332, 333, 334, 335, 336, 337, 574, 575, 576, 577, 578, 579, 580, 581, 582, 583, 584, 585, 586, 587, 588, 589, 590, 591, 592, 593, 594, 595, 596, 597, 598, 599, 600, 601, 602, 603, 604, 605, 606, 607, 608, 609, 610, 611, 612, 613, 614, 615, 616, 617, 618, 619, 620, 621, 622, 623, 624, 625, 626, 627, 628, 629, 630, 631, 632, 633, 634, 635, 636, 637, 638, 639, 640, 641, 642, 643, 644, 645, 646, 647, 648, 649, 650, 651, 652, 653, 654, 655, 656, 657, 658, 659, 660, 661, 662, 663, 664, 665, 666, 667, 668, 669, 670, 671, 672, 673, 674, 675, 676, 677, 678, 679, 680, 681, 682, 683, 684, 685, 686, 687, 688, 689, 690, 691, 692, 693, 694, 695, 696, 697, 698, 699, 700, 701, 702, 703, 704, 705, 706, 707, 708, 709, 710, 711, 712, 713, 714, 715, 716, 717, 718, 719, 720, 721, 722, 723, 724, 725, 726, 727, 728, 729, 730, 731, 732, 733, 734, 735, 736, 737, 738, 739, 740, 741, 742, 743, 744, 745, 746, 747, 748, 749, 750, 751, 752, 753, 754, 755, 756, 757, 758, 759, 760, 761, 762, 763, 764, 765, 766, 767, 768, 769, 770, 771, 772, 773, 774, 775, 776, 777, 778, 779, 780, 781, 782, 783, 784, 785, 786, 787, 788, 789, 790, 791, 792, 793]","[16, 125, 156, 163, 168, 184, 205, 222, 229, 253, 258, 265, 313, 317, 336, 340, 341, 356, 363, 365, 366, 367, 370, 375, 388, 391, 394, 396, 402, 410, 411, 412, 413, 415, 416, 417, 418, 419, 425, 429, 431, 433, 435, 437, 440, 441, 442, 443, 451, 452, 456, 457, 458, 460, 461, 464, 471, 473, 474, 475, 481, 482, 501, 596, 628, 635, 655, 675, 693, 716, 720, 725, 771, 775, 793, 796, 797, 811, 817, 818, 820, 825, 838, 841, 844, 846, 851, 857, 861, 862, 863, 864, 866, 867, 868, 870, 871, 877, 881, 883, 885, 888, 891, 892, 893, 898, 899, 904, 905, 907, 908, 911, 918, 920, 921, 922, 923, 924, 926, 931, 933]","[15, 16, 65, 66, 67, 68, 69, 70, 71, 72, 73, 74, 75, 76, 80, 151, 245, 246, 247, 248, 249, 250, 251, 252, 253, 254, 255, 256, 257, 258, 259, 280, 340, 373, 374, 375, 376, 377, 459, 460, 461, 462, 500, 501, 539, 540, 541, 542, 543, 544, 545, 546, 547, 548, 549, 550, 552, 622, 708, 709, 710, 711, 712, 713, 714, 715, 716, 717, 718, 719, 720, 739, 796, 823, 824, 825, 826, 827, 906, 907, 908, 909]","[15, 16, 65, 66, 67, 68, 69, 70, 71, 72, 73, 74, 75, 76, 77, 78, 80, 151, 244, 245, 246, 247, 248, 249, 250, 251, 252, 253, 254, 255, 256, 257, 258, 259, 260, 280, 340, 373, 374, 375, 376, 377, 459, 460, 461, 462, 500, 501, 539, 540, 541, 542, 543, 544, 545, 546, 547, 548, 549, 550, 552, 622, 708, 709, 710, 711, 712, 713, 714, 715, 716, 717, 718, 719, 720, 739, 796, 823, 824, 825, 826, 827, 906, 907, 908, 909]","[15, 16, 65, 66, 67, 68, 69, 70, 71, 72, 73, 74, 75, 76, 77, 78, 80, 103, 104, 105, 106, 107, 108, 109, 110, 111, 112, 113, 114, 115, 116, 117, 118, 119, 120, 121, 122, 123, 124, 125, 126, 127, 128, 129, 130, 131, 132, 133, 134, 135, 136, 137, 138, 139, 140, 141, 142, 143, 144, 145, 146, 147, 148, 149, 150, 151, 152, 153, 154, 155, 156, 157, 158, 159, 160, 161, 162, 163, 164, 165, 166, 167, 168, 169, 170, 171, 172, 173, 174, 175, 176, 177, 178, 179, 180, 181, 182, 183, 184, 185, 186, 187, 188, 189, 190, 191, 192, 193, 194, 195, 196, 197, 198, 199, 200, 201, 202, 203, 204, 205, 206, 207, 208, 209, 210, 211, 212, 213, 214, 215, 216, 217, 218, 219, 220, 221, 222, 223, 224, 225, 226, 227, 228, 229, 230, 231, 232, 233, 234, 235, 236, 237, 238, 239, 240, 241, 242, 243, 244, 245, 246, 247, 248, 249, 250, 251, 252, 253, 254, 255, 256, 257, 258, 259, 260, 261, 262, 263, 264, 265, 266, 267, 268, 269, 270, 271, 272, 273, 274, 275, 276, 277, 278, 279, 280, 281, 282, 283, 284, 285, 286, 287, 288, 289, 290, 291, 292, 293, 294, 295, 296, 297, 298, 299, 300, 301, 302, 303, 304, 305, 306, 307, 308, 309, 310, 311, 312, 313, 314, 315, 316, 317, 318, 319, 320, 321, 322, 323, 324, 325, 326, 327, 328, 329, 330, 331, 332, 333, 334, 335, 336, 337, 340, 341, 356, 363, 365, 366, 367, 370, 373, 374, 375, 376, 377, 388, 391, 394, 396, 402, 410, 411, 412, 413, 415, 416, 417, 418, 419, 425, 429, 431, 433, 435, 437, 440, 441, 442, 443, 451, 452, 456, 457, 458, 459, 460, 461, 462, 464, 471, 473, 474, 475, 481, 482, 500, 501, 539, 540, 541, 542, 543, 544, 545, 546, 547, 548, 549, 550, 552, 574, 575, 576, 577, 578, 579, 580, 581, 582, 583, 584, 585, 586, 587, 588, 589, 590, 591, 592, 593, 594, 595, 596, 597, 598, 599, 600, 601, 602, 603, 604, 605, 606, 607, 608, 609, 610, 611, 612, 613, 614, 615, 616, 617, 618, 619, 620, 621, 622, 623, 624, 625, 626, 627, 628, 629, 630, 631, 632, 633, 634, 635, 636, 637, 638, 639, 640, 641, 642, 643, 644, 645, 646, 647, 648, 649, 650, 651, 652, 653, 654, 655, 656, 657, 658, 659, 660, 661, 662, 663, 664, 665, 666, 667, 668, 669, 670, 671, 672, 673, 674, 675, 676, 677, 678, 679, 680, 681, 682, 683, 684, 685, 686, 687, 688, 689, 690, 691, 692, 693, 694, 695, 696, 697, 698, 699, 700, 701, 702, 703, 704, 705, 706, 707, 708, 709, 710, 711, 712, 713, 714, 715, 716, 717, 718, 719, 720, 721, 722, 723, 724, 725, 726, 727, 728, 729, 730, 731, 732, 733, 734, 735, 736, 737, 738, 739, 740, 741, 742, 743, 744, 745, 746, 747, 748, 749, 750, 751, 752, 753, 754, 755, 756, 757, 758, 759, 760, 761, 762, 763, 764, 765, 766, 767, 768, 769, 770, 771, 772, 773, 774, 775, 776, 777, 778, 779, 780, 781, 782, 783, 784, 785, 786, 787, 788, 789, 790, 791, 792, 793, 796, 797, 811, 817, 818, 820, 823, 824, 825, 826, 827, 838, 841, 844, 846, 851, 857, 861, 862, 863, 864, 866, 867, 868, 870, 871, 877, 881, 883, 885, 888, 891, 892, 893, 898, 899, 904, 905, 906, 907, 908, 909, 911, 918, 920, 921, 922, 923, 924, 926, 931, 933]",True,"[258, 720]","[103, 104, 105, 106, 107, 108, 109, 110, 111, 112, 113, 114, 115, 116, 117, 118, 119, 120, 121, 122, 123, 124, 125, 126, 127, 128, 129, 130, 131, 132, 133, 134, 135, 136, 137, 138, 139, 140, 141, 142, 143, 144, 145, 146, 147, 148, 149, 150, 151, 152, 153, 154, 155, 156, 157, 158, 159, 160, 161, 162, 163, 164, 165, 166, 167, 168, 169, 170, 171, 172, 173, 174, 175, 176, 177, 178, 179, 180, 181, 182, 183, 184, 185, 186, 187, 188, 189, 190, 191, 192, 193, 194, 195, 196, 197, 198, 199, 200, 201, 202, 203, 204, 205, 206, 207, 208, 209, 210, 211, 212, 213, 214, 215, 216, 217, 218, 219, 220, 221, 222, 223, 224, 225, 226, 227, 228, 229, 230, 231, 232, 233, 234, 235, 236, 237, 238, 239, 240, 241, 242, 243, 244, 245, 246, 247, 248, 249, 250, 251, 252, 253, 254, 255, 256, 257, 258, 259, 260, 261, 262, 263, 264, 265, 266, 267, 268, 269, 270, 271, 272, 273, 274, 275, 276, 277, 278, 279, 280, 281, 282, 283, 284, 285, 286, 287, 288, 289, 290, 291, 292, 293, 294, 295, 296, 297, 298, 299, 300, 301, 302, 303, 304, 305, 306, 307, 308, 309, 310, 311, 312, 313, 314, 315, 316, 317, 318, 319, 320, 321, 322, 323, 324, 325, 326, 327, 328, 329, 330, 331, 332, 333, 334, 335, 336, 337, 574, 575, 576, 577, 578, 579, 580, 581, 582, 583, 584, 585, 586, 587, 588, 589, 590, 591, 592, 593, 594, 595, 596, 597, 598, 599, 600, 601, 602, 603, 604, 605, 606, 607, 608, 609, 610, 611, 612, 613, 614, 615, 616, 617, 618, 619, 620, 621, 622, 623, 624, 625, 626, 627, 628, 629, 630, 631, 632, 633, 634, 635, 636, 637, 638, 639, 640, 641, 642, 643, 644, 645, 646, 647, 648, 649, 650, 651, 652, 653, 654, 655, 656, 657, 658, 659, 660, 661, 662, 663, 664, 665, 666, 667, 668, 669, 670, 671, 672, 673, 674, 675, 676, 677, 678, 679, 680, 681, 682, 683, 684, 685, 686, 687, 688, 689, 690, 691, 692, 693, 694, 695, 696, 697, 698, 699, 700, 701, 702, 703, 704, 705, 706, 707, 708, 709, 710, 711, 712, 713, 714, 715, 716, 717, 718, 719, 720, 721, 722, 723, 724, 725, 726, 727, 728, 729, 730, 731, 732, 733, 734, 735, 736, 737, 738, 739, 740, 741, 742, 743, 744, 745, 746, 747, 748, 749, 750, 751, 752, 753, 754, 755, 756, 757, 758, 759, 760, 761, 762, 763, 764, 765, 766, 767, 768, 769, 770, 771, 772, 773, 774, 775, 776, 777, 778, 779, 780, 781, 782, 783, 784, 785, 786, 787, 788, 789, 790, 791, 792, 793]","[258, 720]","[258, 334, 720, 790]","[16, 125, 156, 163, 168, 184, 205, 222, 229, 253, 258, 265, 313, 317, 336, 340, 341, 356, 363, 365, 366, 367, 370, 375, 388, 391, 394, 396, 402, 410, 411, 412, 413, 415, 416, 417, 418, 419, 425, 429, 431, 433, 435, 437, 440, 441, 442, 443, 451, 452, 456, 457, 458, 460, 461, 464, 471, 473, 474, 475, 481, 482, 501, 596, 628, 635, 655, 675, 693, 716, 720, 725, 771, 775, 793, 796, 797, 811, 817, 818, 820, 825, 838, 841, 844, 846, 851, 857, 861, 862, 863, 864, 866, 867, 868, 870, 871, 877, 881, 883, 885, 888, 891, 892, 893, 898, 899, 904, 905, 907, 908, 911, 918, 920, 921, 922, 923, 924, 926, 931, 933]","[15, 16, 65, 66, 67, 68, 69, 70, 71, 72, 73, 74, 75, 76, 77, 78, 80, 151, 244, 245, 246, 247, 248, 249, 250, 251, 252, 253, 254, 255, 256, 257, 258, 259, 260, 280, 340, 373, 374, 375, 376, 377, 459, 460, 461, 462, 500, 501, 539, 540, 541, 542, 543, 544, 545, 546, 547, 548, 549, 550, 552, 622, 708, 709, 710, 711, 712, 713, 714, 715, 716, 717, 718, 719, 720, 739, 796, 823, 824, 825, 826, 827, 906, 907, 908, 909]","[15, 16, 65, 66, 67, 68, 69, 70, 71, 72, 73, 74, 75, 76, 80, 151, 245, 246, 247, 248, 249, 250, 251, 252, 253, 254, 255, 256, 257, 258, 259, 280, 340, 373, 374, 375, 376, 377, 459, 460, 461, 462, 500, 501, 539, 540, 541, 542, 543, 544, 545, 546, 547, 548, 549, 550, 552, 622, 708, 709, 710, 711, 712, 713, 714, 715, 716, 717, 718, 719, 720, 739, 796, 823, 824, 825, 826, 827, 906, 907, 908, 909]",7/6 successful match,True,[514],True,288,False,,0.957391304347826,True,Pilot Travel Center # 381,Pilot
H Hesperia ( 92345 ) Pilot Travel Center # 381 ( E on Indust 2 Ruus ),5 760-956-2844 I-15 Exit 141 ( US 395 N ) Pilat,) 24 XL 24,Hesperia,92345,Pilot Travel Center # 381 ( E on Indust 2 Ruus ),760-956-2844,2016,Hesperia,CA,Pilot,( US 395 N ) Pilat,I-15 Exit 141 ,Exit,141,False,,False,I-15,,,,,"[720, 258]","[258, 720]","[258, 720]","[258, 334, 720, 790]","[103, 104, 105, 106, 107, 108, 109, 110, 111, 112, 113, 114, 115, 116, 117, 118, 119, 120, 121, 122, 123, 124, 125, 126, 127, 128, 129, 130, 131, 132, 133, 134, 135, 136, 137, 138, 139, 140, 141, 142, 143, 144, 145, 146, 147, 148, 149, 150, 151, 152, 153, 154, 155, 156, 157, 158, 159, 160, 161, 162, 163, 164, 165, 166, 167, 168, 169, 170, 171, 172, 173, 174, 175, 176, 177, 178, 179, 180, 181, 182, 183, 184, 185, 186, 187, 188, 189, 190, 191, 192, 193, 194, 195, 196, 197, 198, 199, 200, 201, 202, 203, 204, 205, 206, 207, 208, 209, 210, 211, 212, 213, 214, 215, 216, 217, 218, 219, 220, 221, 222, 223, 224, 225, 226, 227, 228, 229, 230, 231, 232, 233, 234, 235, 236, 237, 238, 239, 240, 241, 242, 243, 244, 245, 246, 247, 248, 249, 250, 251, 252, 253, 254, 255, 256, 257, 258, 259, 260, 261, 262, 263, 264, 265, 266, 267, 268, 269, 270, 271, 272, 273, 274, 275, 276, 277, 278, 279, 280, 281, 282, 283, 284, 285, 286, 287, 288, 289, 290, 291, 292, 293, 294, 295, 296, 297, 298, 299, 300, 301, 302, 303, 304, 305, 306, 307, 308, 309, 310, 311, 312, 313, 314, 315, 316, 317, 318, 319, 320, 321, 322, 323, 324, 325, 326, 327, 328, 329, 330, 331, 332, 333, 334, 335, 336, 337, 574, 575, 576, 577, 578, 579, 580, 581, 582, 583, 584, 585, 586, 587, 588, 589, 590, 591, 592, 593, 594, 595, 596, 597, 598, 599, 600, 601, 602, 603, 604, 605, 606, 607, 608, 609, 610, 611, 612, 613, 614, 615, 616, 617, 618, 619, 620, 621, 622, 623, 624, 625, 626, 627, 628, 629, 630, 631, 632, 633, 634, 635, 636, 637, 638, 639, 640, 641, 642, 643, 644, 645, 646, 647, 648, 649, 650, 651, 652, 653, 654, 655, 656, 657, 658, 659, 660, 661, 662, 663, 664, 665, 666, 667, 668, 669, 670, 671, 672, 673, 674, 675, 676, 677, 678, 679, 680, 681, 682, 683, 684, 685, 686, 687, 688, 689, 690, 691, 692, 693, 694, 695, 696, 697, 698, 699, 700, 701, 702, 703, 704, 705, 706, 707, 708, 709, 710, 711, 712, 713, 714, 715, 716, 717, 718, 719, 720, 721, 722, 723, 724, 725, 726, 727, 728, 729, 730, 731, 732, 733, 734, 735, 736, 737, 738, 739, 740, 741, 742, 743, 744, 745, 746, 747, 748, 749, 750, 751, 752, 753, 754, 755, 756, 757, 758, 759, 760, 761, 762, 763, 764, 765, 766, 767, 768, 769, 770, 771, 772, 773, 774, 775, 776, 777, 778, 779, 780, 781, 782, 783, 784, 785, 786, 787, 788, 789, 790, 791, 792, 793]","[16, 125, 156, 163, 168, 184, 205, 222, 229, 253, 258, 265, 313, 317, 336, 340, 341, 356, 363, 365, 366, 367, 370, 375, 388, 391, 394, 396, 402, 410, 411, 412, 413, 415, 416, 417, 418, 419, 425, 429, 431, 433, 435, 437, 440, 441, 442, 443, 451, 452, 456, 457, 458, 460, 461, 464, 471, 473, 474, 475, 481, 482, 501, 596, 628, 635, 655, 675, 693, 716, 720, 725, 771, 775, 793, 796, 797, 811, 817, 818, 820, 825, 838, 841, 844, 846, 851, 857, 861, 862, 863, 864, 866, 867, 868, 870, 871, 877, 881, 883, 885, 888, 891, 892, 893, 898, 899, 904, 905, 907, 908, 911, 918, 920, 921, 922, 923, 924, 926, 931, 933]","[15, 16, 65, 66, 67, 68, 69, 70, 71, 72, 73, 74, 75, 76, 80, 151, 245, 246, 247, 248, 249, 250, 251, 252, 253, 254, 255, 256, 257, 258, 259, 280, 340, 373, 374, 375, 376, 377, 459, 460, 461, 462, 500, 501, 539, 540, 541, 542, 543, 544, 545, 546, 547, 548, 549, 550, 552, 622, 708, 709, 710, 711, 712, 713, 714, 715, 716, 717, 718, 719, 720, 739, 796, 823, 824, 825, 826, 827, 906, 907, 908, 909]","[15, 16, 65, 66, 67, 68, 69, 70, 71, 72, 73, 74, 75, 76, 77, 78, 80, 151, 244, 245, 246, 247, 248, 249, 250, 251, 252, 253, 254, 255, 256, 257, 258, 259, 260, 280, 340, 373, 374, 375, 376, 377, 459, 460, 461, 462, 500, 501, 539, 540, 541, 542, 543, 544, 545, 546, 547, 548, 549, 550, 552, 622, 708, 709, 710, 711, 712, 713, 714, 715, 716, 717, 718, 719, 720, 739, 796, 823, 824, 825, 826, 827, 906, 907, 908, 909]","[15, 16, 65, 66, 67, 68, 69, 70, 71, 72, 73, 74, 75, 76, 77, 78, 80, 103, 104, 105, 106, 107, 108, 109, 110, 111, 112, 113, 114, 115, 116, 117, 118, 119, 120, 121, 122, 123, 124, 125, 126, 127, 128, 129, 130, 131, 132, 133, 134, 135, 136, 137, 138, 139, 140, 141, 142, 143, 144, 145, 146, 147, 148, 149, 150, 151, 152, 153, 154, 155, 156, 157, 158, 159, 160, 161, 162, 163, 164, 165, 166, 167, 168, 169, 170, 171, 172, 173, 174, 175, 176, 177, 178, 179, 180, 181, 182, 183, 184, 185, 186, 187, 188, 189, 190, 191, 192, 193, 194, 195, 196, 197, 198, 199, 200, 201, 202, 203, 204, 205, 206, 207, 208, 209, 210, 211, 212, 213, 214, 215, 216, 217, 218, 219, 220, 221, 222, 223, 224, 225, 226, 227, 228, 229, 230, 231, 232, 233, 234, 235, 236, 237, 238, 239, 240, 241, 242, 243, 244, 245, 246, 247, 248, 249, 250, 251, 252, 253, 254, 255, 256, 257, 258, 259, 260, 261, 262, 263, 264, 265, 266, 267, 268, 269, 270, 271, 272, 273, 274, 275, 276, 277, 278, 279, 280, 281, 282, 283, 284, 285, 286, 287, 288, 289, 290, 291, 292, 293, 294, 295, 296, 297, 298, 299, 300, 301, 302, 303, 304, 305, 306, 307, 308, 309, 310, 311, 312, 313, 314, 315, 316, 317, 318, 319, 320, 321, 322, 323, 324, 325, 326, 327, 328, 329, 330, 331, 332, 333, 334, 335, 336, 337, 340, 341, 356, 363, 365, 366, 367, 370, 373, 374, 375, 376, 377, 388, 391, 394, 396, 402, 410, 411, 412, 413, 415, 416, 417, 418, 419, 425, 429, 431, 433, 435, 437, 440, 441, 442, 443, 451, 452, 456, 457, 458, 459, 460, 461, 462, 464, 471, 473, 474, 475, 481, 482, 500, 501, 539, 540, 541, 542, 543, 544, 545, 546, 547, 548, 549, 550, 552, 574, 575, 576, 577, 578, 579, 580, 581, 582, 583, 584, 585, 586, 587, 588, 589, 590, 591, 592, 593, 594, 595, 596, 597, 598, 599, 600, 601, 602, 603, 604, 605, 606, 607, 608, 609, 610, 611, 612, 613, 614, 615, 616, 617, 618, 619, 620, 621, 622, 623, 624, 625, 626, 627, 628, 629, 630, 631, 632, 633, 634, 635, 636, 637, 638, 639, 640, 641, 642, 643, 644, 645, 646, 647, 648, 649, 650, 651, 652, 653, 654, 655, 656, 657, 658, 659, 660, 661, 662, 663, 664, 665, 666, 667, 668, 669, 670, 671, 672, 673, 674, 675, 676, 677, 678, 679, 680, 681, 682, 683, 684, 685, 686, 687, 688, 689, 690, 691, 692, 693, 694, 695, 696, 697, 698, 699, 700, 701, 702, 703, 704, 705, 706, 707, 708, 709, 710, 711, 712, 713, 714, 715, 716, 717, 718, 719, 720, 721, 722, 723, 724, 725, 726, 727, 728, 729, 730, 731, 732, 733, 734, 735, 736, 737, 738, 739, 740, 741, 742, 743, 744, 745, 746, 747, 748, 749, 750, 751, 752, 753, 754, 755, 756, 757, 758, 759, 760, 761, 762, 763, 764, 765, 766, 767, 768, 769, 770, 771, 772, 773, 774, 775, 776, 777, 778, 779, 780, 781, 782, 783, 784, 785, 786, 787, 788, 789, 790, 791, 792, 793, 796, 797, 811, 817, 818, 820, 823, 824, 825, 826, 827, 838, 841, 844, 846, 851, 857, 861, 862, 863, 864, 866, 867, 868, 870, 871, 877, 881, 883, 885, 888, 891, 892, 893, 898, 899, 904, 905, 906, 907, 908, 909, 911, 918, 920, 921, 922, 923, 924, 926, 931, 933]",True,"[258, 720]","[103, 104, 105, 106, 107, 108, 109, 110, 111, 112, 113, 114, 115, 116, 117, 118, 119, 120, 121, 122, 123, 124, 125, 126, 127, 128, 129, 130, 131, 132, 133, 134, 135, 136, 137, 138, 139, 140, 141, 142, 143, 144, 145, 146, 147, 148, 149, 150, 151, 152, 153, 154, 155, 156, 157, 158, 159, 160, 161, 162, 163, 164, 165, 166, 167, 168, 169, 170, 171, 172, 173, 174, 175, 176, 177, 178, 179, 180, 181, 182, 183, 184, 185, 186, 187, 188, 189, 190, 191, 192, 193, 194, 195, 196, 197, 198, 199, 200, 201, 202, 203, 204, 205, 206, 207, 208, 209, 210, 211, 212, 213, 214, 215, 216, 217, 218, 219, 220, 221, 222, 223, 224, 225, 226, 227, 228, 229, 230, 231, 232, 233, 234, 235, 236, 237, 238, 239, 240, 241, 242, 243, 244, 245, 246, 247, 248, 249, 250, 251, 252, 253, 254, 255, 256, 257, 258, 259, 260, 261, 262, 263, 264, 265, 266, 267, 268, 269, 270, 271, 272, 273, 274, 275, 276, 277, 278, 279, 280, 281, 282, 283, 284, 285, 286, 287, 288, 289, 290, 291, 292, 293, 294, 295, 296, 297, 298, 299, 300, 301, 302, 303, 304, 305, 306, 307, 308, 309, 310, 311, 312, 313, 314, 315, 316, 317, 318, 319, 320, 321, 322, 323, 324, 325, 326, 327, 328, 329, 330, 331, 332, 333, 334, 335, 336, 337, 574, 575, 576, 577, 578, 579, 580, 581, 582, 583, 584, 585, 586, 587, 588, 589, 590, 591, 592, 593, 594, 595, 596, 597, 598, 599, 600, 601, 602, 603, 604, 605, 606, 607, 608, 609, 610, 611, 612, 613, 614, 615, 616, 617, 618, 619, 620, 621, 622, 623, 624, 625, 626, 627, 628, 629, 630, 631, 632, 633, 634, 635, 636, 637, 638, 639, 640, 641, 642, 643, 644, 645, 646, 647, 648, 649, 650, 651, 652, 653, 654, 655, 656, 657, 658, 659, 660, 661, 662, 663, 664, 665, 666, 667, 668, 669, 670, 671, 672, 673, 674, 675, 676, 677, 678, 679, 680, 681, 682, 683, 684, 685, 686, 687, 688, 689, 690, 691, 692, 693, 694, 695, 696, 697, 698, 699, 700, 701, 702, 703, 704, 705, 706, 707, 708, 709, 710, 711, 712, 713, 714, 715, 716, 717, 718, 719, 720, 721, 722, 723, 724, 725, 726, 727, 728, 729, 730, 731, 732, 733, 734, 735, 736, 737, 738, 739, 740, 741, 742, 743, 744, 745, 746, 747, 748, 749, 750, 751, 752, 753, 754, 755, 756, 757, 758, 759, 760, 761, 762, 763, 764, 765, 766, 767, 768, 769, 770, 771, 772, 773, 774, 775, 776, 777, 778, 779, 780, 781, 782, 783, 784, 785, 786, 787, 788, 789, 790, 791, 792, 793]","[258, 720]","[258, 334, 720, 790]","[16, 125, 156, 163, 168, 184, 205, 222, 229, 253, 258, 265, 313, 317, 336, 340, 341, 356, 363, 365, 366, 367, 370, 375, 388, 391, 394, 396, 402, 410, 411, 412, 413, 415, 416, 417, 418, 419, 425, 429, 431, 433, 435, 437, 440, 441, 442, 443, 451, 452, 456, 457, 458, 460, 461, 464, 471, 473, 474, 475, 481, 482, 501, 596, 628, 635, 655, 675, 693, 716, 720, 725, 771, 775, 793, 796, 797, 811, 817, 818, 820, 825, 838, 841, 844, 846, 851, 857, 861, 862, 863, 864, 866, 867, 868, 870, 871, 877, 881, 883, 885, 888, 891, 892, 893, 898, 899, 904, 905, 907, 908, 911, 918, 920, 921, 922, 923, 924, 926, 931, 933]","[15, 16, 65, 66, 67, 68, 69, 70, 71, 72, 73, 74, 75, 76, 77, 78, 80, 151, 244, 245, 246, 247, 248, 249, 250, 251, 252, 253, 254, 255, 256, 257, 258, 259, 260, 280, 340, 373, 374, 375, 376, 377, 459, 460, 461, 462, 500, 501, 539, 540, 541, 542, 543, 544, 545, 546, 547, 548, 549, 550, 552, 622, 708, 709, 710, 711, 712, 713, 714, 715, 716, 717, 718, 719, 720, 739, 796, 823, 824, 825, 826, 827, 906, 907, 908, 909]","[15, 16, 65, 66, 67, 68, 69, 70, 71, 72, 73, 74, 75, 76, 80, 151, 245, 246, 247, 248, 249, 250, 251, 252, 253, 254, 255, 256, 257, 258, 259, 280, 340, 373, 374, 375, 376, 377, 459, 460, 461, 462, 500, 501, 539, 540, 541, 542, 543, 544, 545, 546, 547, 548, 549, 550, 552, 622, 708, 709, 710, 711, 712, 713, 714, 715, 716, 717, 718, 719, 720, 739, 796, 823, 824, 825, 826, 827, 906, 907, 908, 909]",7/6 successful match,True,[514],True,288,False,,1.0,True,Pilot Travel Center # 381 on Indust 2 Ruus ),Pilot
"Needles , 92363 Westside Chevron",760-326-3048 I-40 Exit 141 ( W Broadway ),<U+2610>,Needles,92363,Westside Chevron,760-326-3048,2006,Needles,CA,Chevron,( W Broadway ),I-40 Exit 141 ,Exit,141,False,,False,I-40,,,,,"[334, 790]","[334, 790]","[334, 790]","[258, 334, 720, 790]","[103, 104, 105, 106, 107, 108, 109, 110, 111, 112, 113, 114, 115, 116, 117, 118, 119, 120, 121, 122, 123, 124, 125, 126, 127, 128, 129, 130, 131, 132, 133, 134, 135, 136, 137, 138, 139, 140, 141, 142, 143, 144, 145, 146, 147, 148, 149, 150, 151, 152, 153, 154, 155, 156, 157, 158, 159, 160, 161, 162, 163, 164, 165, 166, 167, 168, 169, 170, 171, 172, 173, 174, 175, 176, 177, 178, 179, 180, 181, 182, 183, 184, 185, 186, 187, 188, 189, 190, 191, 192, 193, 194, 195, 196, 197, 198, 199, 200, 201, 202, 203, 204, 205, 206, 207, 208, 209, 210, 211, 212, 213, 214, 215, 216, 217, 218, 219, 220, 221, 222, 223, 224, 225, 226, 227, 228, 229, 230, 231, 232, 233, 234, 235, 236, 237, 238, 239, 240, 241, 242, 243, 244, 245, 246, 247, 248, 249, 250, 251, 252, 253, 254, 255, 256, 257, 258, 259, 260, 261, 262, 263, 264, 265, 266, 267, 268, 269, 270, 271, 272, 273, 274, 275, 276, 277, 278, 279, 280, 281, 282, 283, 284, 285, 286, 287, 288, 289, 290, 291, 292, 293, 294, 295, 296, 297, 298, 299, 300, 301, 302, 303, 304, 305, 306, 307, 308, 309, 310, 311, 312, 313, 314, 315, 316, 317, 318, 319, 320, 321, 322, 323, 324, 325, 326, 327, 328, 329, 330, 331, 332, 333, 334, 335, 336, 337, 574, 575, 576, 577, 578, 579, 580, 581, 582, 583, 584, 585, 586, 587, 588, 589, 590, 591, 592, 593, 594, 595, 596, 597, 598, 599, 600, 601, 602, 603, 604, 605, 606, 607, 608, 609, 610, 611, 612, 613, 614, 615, 616, 617, 618, 619, 620, 621, 622, 623, 624, 625, 626, 627, 628, 629, 630, 631, 632, 633, 634, 635, 636, 637, 638, 639, 640, 641, 642, 643, 644, 645, 646, 647, 648, 649, 650, 651, 652, 653, 654, 655, 656, 657, 658, 659, 660, 661, 662, 663, 664, 665, 666, 667, 668, 669, 670, 671, 672, 673, 674, 675, 676, 677, 678, 679, 680, 681, 682, 683, 684, 685, 686, 687, 688, 689, 690, 691, 692, 693, 694, 695, 696, 697, 698, 699, 700, 701, 702, 703, 704, 705, 706, 707, 708, 709, 710, 711, 712, 713, 714, 715, 716, 717, 718, 719, 720, 721, 722, 723, 724, 725, 726, 727, 728, 729, 730, 731, 732, 733, 734, 735, 736, 737, 738, 739, 740, 741, 742, 743, 744, 745, 746, 747, 748, 749, 750, 751, 752, 753, 754, 755, 756, 757, 758, 759, 760, 761, 762, 763, 764, 765, 766, 767, 768, 769, 770, 771, 772, 773, 774, 775, 776, 777, 778, 779, 780, 781, 782, 783, 784, 785, 786, 787, 788, 789, 790, 791, 792, 793]","[4, 11, 18, 21, 23, 26, 27, 28, 31, 35, 36, 43, 45, 52, 55, 56, 60, 62, 64, 70, 71, 80, 90, 94, 97, 183, 197, 232, 334, 426, 455, 472, 477, 478, 480, 483, 484, 490, 496, 505, 507, 509, 510, 511, 514, 516, 517, 523, 525, 529, 532, 533, 536, 538, 545, 546, 552, 561, 565, 568, 654, 668, 696, 790, 857, 878, 902, 919, 928, 929, 932, 934, 935]","[12, 24, 25, 28, 88, 100, 104, 119, 123, 129, 136, 137, 139, 140, 141, 148, 155, 169, 172, 179, 183, 185, 188, 196, 198, 217, 237, 267, 270, 278, 319, 321, 324, 325, 330, 334, 335, 354, 366, 369, 380, 383, 384, 386, 395, 407, 411, 423, 428, 436, 437, 452, 453, 456, 467, 471, 477, 478, 479, 497, 508, 511, 559, 571, 575, 590, 594, 600, 607, 608, 610, 611, 612, 619, 627, 640, 643, 650, 654, 656, 659, 667, 669, 685, 701, 726, 729, 737, 777, 779, 782, 783, 787, 790, 791, 809, 817, 819, 830, 833, 834, 836, 845, 856, 857, 860, 862, 875, 880, 887, 888, 899, 900, 914, 918, 921, 928, 929, 930]","[12, 24, 25, 28, 88, 100, 104, 119, 123, 129, 136, 137, 139, 140, 141, 148, 155, 169, 172, 179, 183, 185, 188, 196, 198, 217, 237, 267, 270, 278, 319, 321, 324, 325, 330, 334, 335, 354, 366, 369, 380, 383, 384, 386, 395, 407, 411, 423, 428, 436, 437, 452, 453, 456, 467, 471, 477, 478, 479, 497, 508, 511, 559, 571, 575, 590, 594, 600, 607, 608, 610, 611, 612, 619, 627, 640, 643, 650, 654, 656, 659, 667, 669, 685, 701, 726, 729, 737, 777, 779, 782, 783, 787, 790, 791, 809, 817, 819, 830, 833, 834, 836, 845, 856, 857, 860, 862, 875, 880, 887, 888, 899, 900, 914, 918, 921, 928, 929, 930]","[4, 11, 12, 18, 21, 23, 24, 25, 26, 27, 28, 31, 35, 36, 43, 45, 52, 55, 56, 60, 62, 64, 70, 71, 80, 88, 90, 94, 97, 100, 103, 104, 105, 106, 107, 108, 109, 110, 111, 112, 113, 114, 115, 116, 117, 118, 119, 120, 121, 122, 123, 124, 125, 126, 127, 128, 129, 130, 131, 132, 133, 134, 135, 136, 137, 138, 139, 140, 141, 142, 143, 144, 145, 146, 147, 148, 149, 150, 151, 152, 153, 154, 155, 156, 157, 158, 159, 160, 161, 162, 163, 164, 165, 166, 167, 168, 169, 170, 171, 172, 173, 174, 175, 176, 177, 178, 179, 180, 181, 182, 183, 184, 185, 186, 187, 188, 189, 190, 191, 192, 193, 194, 195, 196, 197, 198, 199, 200, 201, 202, 203, 204, 205, 206, 207, 208, 209, 210, 211, 212, 213, 214, 215, 216, 217, 218, 219, 220, 221, 222, 223, 224, 225, 226, 227, 228, 229, 230, 231, 232, 233, 234, 235, 236, 237, 238, 239, 240, 241, 242, 243, 244, 245, 246, 247, 248, 249, 250, 251, 252, 253, 254, 255, 256, 257, 258, 259, 260, 261, 262, 263, 264, 265, 266, 267, 268, 269, 270, 271, 272, 273, 274, 275, 276, 277, 278, 279, 280, 281, 282, 283, 284, 285, 286, 287, 288, 289, 290, 291, 292, 293, 294, 295, 296, 297, 298, 299, 300, 301, 302, 303, 304, 305, 306, 307, 308, 309, 310, 311, 312, 313, 314, 315, 316, 317, 318, 319, 320, 321, 322, 323, 324, 325, 326, 327, 328, 329, 330, 331, 332, 333, 334, 335, 336, 337, 354, 366, 369, 380, 383, 384, 386, 395, 407, 411, 423, 426, 428, 436, 437, 452, 453, 455, 456, 467, 471, 472, 477, 478, 479, 480, 483, 484, 490, 496, 497, 505, 507, 508, 509, 510, 511, 514, 516, 517, 523, 525, 529, 532, 533, 536, 538, 545, 546, 552, 559, 561, 565, 568, 571, 574, 575, 576, 577, 578, 579, 580, 581, 582, 583, 584, 585, 586, 587, 588, 589, 590, 591, 592, 593, 594, 595, 596, 597, 598, 599, 600, 601, 602, 603, 604, 605, 606, 607, 608, 609, 610, 611, 612, 613, 614, 615, 616, 617, 618, 619, 620, 621, 622, 623, 624, 625, 626, 627, 628, 629, 630, 631, 632, 633, 634, 635, 636, 637, 638, 639, 640, 641, 642, 643, 644, 645, 646, 647, 648, 649, 650, 651, 652, 653, 654, 655, 656, 657, 658, 659, 660, 661, 662, 663, 664, 665, 666, 667, 668, 669, 670, 671, 672, 673, 674, 675, 676, 677, 678, 679, 680, 681, 682, 683, 684, 685, 686, 687, 688, 689, 690, 691, 692, 693, 694, 695, 696, 697, 698, 699, 700, 701, 702, 703, 704, 705, 706, 707, 708, 709, 710, 711, 712, 713, 714, 715, 716, 717, 718, 719, 720, 721, 722, 723, 724, 725, 726, 727, 728, 729, 730, 731, 732, 733, 734, 735, 736, 737, 738, 739, 740, 741, 742, 743, 744, 745, 746, 747, 748, 749, 750, 751, 752, 753, 754, 755, 756, 757, 758, 759, 760, 761, 762, 763, 764, 765, 766, 767, 768, 769, 770, 771, 772, 773, 774, 775, 776, 777, 778, 779, 780, 781, 782, 783, 784, 785, 786, 787, 788, 789, 790, 791, 792, 793, 809, 817, 819, 830, 833, 834, 836, 845, 856, 857, 860, 862, 875, 878, 880, 887, 888, 899, 900, 902, 914, 918, 919, 921, 928, 929, 930, 932, 934, 935]",True,"[334, 790]","[103, 104, 105, 106, 107, 108, 109, 110, 111, 112, 113, 114, 115, 116, 117, 118, 119, 120, 121, 122, 123, 124, 125, 126, 127, 128, 129, 130, 131, 132, 133, 134, 135, 136, 137, 138, 139, 140, 141, 142, 143, 144, 145, 146, 147, 148, 149, 150, 151, 152, 153, 154, 155, 156, 157, 158, 159, 160, 161, 162, 163, 164, 165, 166, 167, 168, 169, 170, 171, 172, 173, 174, 175, 176, 177, 178, 179, 180, 181, 182, 183, 184, 185, 186, 187, 188, 189, 190, 191, 192, 193, 194, 195, 196, 197, 198, 199, 200, 201, 202, 203, 204, 205, 206, 207, 208, 209, 210, 211, 212, 213, 214, 215, 216, 217, 218, 219, 220, 221, 222, 223, 224, 225, 226, 227, 228, 229, 230, 231, 232, 233, 234, 235, 236, 237, 238, 239, 240, 241, 242, 243, 244, 245, 246, 247, 248, 249, 250, 251, 252, 253, 254, 255, 256, 257, 258, 259, 260, 261, 262, 263, 264, 265, 266, 267, 268, 269, 270, 271, 272, 273, 274, 275, 276, 277, 278, 279, 280, 281, 282, 283, 284, 285, 286, 287, 288, 289, 290, 291, 292, 293, 294, 295, 296, 297, 298, 299, 300, 301, 302, 303, 304, 305, 306, 307, 308, 309, 310, 311, 312, 313, 314, 315, 316, 317, 318, 319, 320, 321, 322, 323, 324, 325, 326, 327, 328, 329, 330, 331, 332, 333, 334, 335, 336, 337, 574, 575, 576, 577, 578, 579, 580, 581, 582, 583, 584, 585, 586, 587, 588, 589, 590, 591, 592, 593, 594, 595, 596, 597, 598, 599, 600, 601, 602, 603, 604, 605, 606, 607, 608, 609, 610, 611, 612, 613, 614, 615, 616, 617, 618, 619, 620, 621, 622, 623, 624, 625, 626, 627, 628, 629, 630, 631, 632, 633, 634, 635, 636, 637, 638, 639, 640, 641, 642, 643, 644, 645, 646, 647, 648, 649, 650, 651, 652, 653, 654, 655, 656, 657, 658, 659, 660, 661, 662, 663, 664, 665, 666, 667, 668, 669, 670, 671, 672, 673, 674, 675, 676, 677, 678, 679, 680, 681, 682, 683, 684, 685, 686, 687, 688, 689, 690, 691, 692, 693, 694, 695, 696, 697, 698, 699, 700, 701, 702, 703, 704, 705, 706, 707, 708, 709, 710, 711, 712, 713, 714, 715, 716, 717, 718, 719, 720, 721, 722, 723, 724, 725, 726, 727, 728, 729, 730, 731, 732, 733, 734, 735, 736, 737, 738, 739, 740, 741, 742, 743, 744, 745, 746, 747, 748, 749, 750, 751, 752, 753, 754, 755, 756, 757, 758, 759, 760, 761, 762, 763, 764, 765, 766, 767, 768, 769, 770, 771, 772, 773, 774, 775, 776, 777, 778, 779, 780, 781, 782, 783, 784, 785, 786, 787, 788, 789, 790, 791, 792, 793]","[334, 790]","[258, 334, 720, 790]","[4, 11, 18, 21, 23, 26, 27, 28, 31, 35, 36, 43, 45, 52, 55, 56, 60, 62, 64, 70, 71, 80, 90, 94, 97, 183, 197, 232, 334, 426, 455, 472, 477, 478, 480, 483, 484, 490, 496, 505, 507, 509, 510, 511, 514, 516, 517, 523, 525, 529, 532, 533, 536, 538, 545, 546, 552, 561, 565, 568, 654, 668, 696, 790, 857, 878, 902, 919, 928, 929, 932, 934, 935]","[12, 24, 25, 28, 88, 100, 104, 119, 123, 129, 136, 137, 139, 140, 141, 148, 155, 169, 172, 179, 183, 185, 188, 196, 198, 217, 237, 267, 270, 278, 319, 321, 324, 325, 330, 334, 335, 354, 366, 369, 380, 383, 384, 386, 395, 407, 411, 423, 428, 436, 437, 452, 453, 456, 467, 471, 477, 478, 479, 497, 508, 511, 559, 571, 575, 590, 594, 600, 607, 608, 610, 611, 612, 619, 627, 640, 643, 650, 654, 656, 659, 667, 669, 685, 701, 726, 729, 737, 777, 779, 782, 783, 787, 790, 791, 809, 817, 819, 830, 833, 834, 836, 845, 856, 857, 860, 862, 875, 880, 887, 888, 899, 900, 914, 918, 921, 928, 929, 930]","[12, 24, 25, 28, 88, 100, 104, 119, 123, 129, 136, 137, 139, 140, 141, 148, 155, 169, 172, 179, 183, 185, 188, 196, 198, 217, 237, 267, 270, 278, 319, 321, 324, 325, 330, 334, 335, 354, 366, 369, 380, 383, 384, 386, 395, 407, 411, 423, 428, 436, 437, 452, 453, 456, 467, 471, 477, 478, 479, 497, 508, 511, 559, 571, 575, 590, 594, 600, 607, 608, 610, 611, 612, 619, 627, 640, 643, 650, 654, 656, 659, 667, 669, 685, 701, 726, 729, 737, 777, 779, 782, 783, 787, 790, 791, 809, 817, 819, 830, 833, 834, 836, 845, 856, 857, 860, 862, 875, 880, 887, 888, 899, 900, 914, 918, 921, 928, 929, 930]",7/6 successful match,True,"[742, 743]",True,289,False,,,,,
"Needles , 92363 Westside Chevron , 1/2 mi W )",760-326-3048 I-40 Exit 141 ( W,24 D,Needles Westside Chevron,92363,"Westside Chevron , 1/2 mi W )",760-326-3048,2007,Needles,CA,Chevron,( W,I-40 Exit 141 ,Exit,141,False,,False,I-40,,,,,"[334, 790]","[334, 790]","[334, 790]","[258, 334, 720, 790]","[103, 104, 105, 106, 107, 108, 109, 110, 111, 112, 113, 114, 115, 116, 117, 118, 119, 120, 121, 122, 123, 124, 125, 126, 127, 128, 129, 130, 131, 132, 133, 134, 135, 136, 137, 138, 139, 140, 141, 142, 143, 144, 145, 146, 147, 148, 149, 150, 151, 152, 153, 154, 155, 156, 157, 158, 159, 160, 161, 162, 163, 164, 165, 166, 167, 168, 169, 170, 171, 172, 173, 174, 175, 176, 177, 178, 179, 180, 181, 182, 183, 184, 185, 186, 187, 188, 189, 190, 191, 192, 193, 194, 195, 196, 197, 198, 199, 200, 201, 202, 203, 204, 205, 206, 207, 208, 209, 210, 211, 212, 213, 214, 215, 216, 217, 218, 219, 220, 221, 222, 223, 224, 225, 226, 227, 228, 229, 230, 231, 232, 233, 234, 235, 236, 237, 238, 239, 240, 241, 242, 243, 244, 245, 246, 247, 248, 249, 250, 251, 252, 253, 254, 255, 256, 257, 258, 259, 260, 261, 262, 263, 264, 265, 266, 267, 268, 269, 270, 271, 272, 273, 274, 275, 276, 277, 278, 279, 280, 281, 282, 283, 284, 285, 286, 287, 288, 289, 290, 291, 292, 293, 294, 295, 296, 297, 298, 299, 300, 301, 302, 303, 304, 305, 306, 307, 308, 309, 310, 311, 312, 313, 314, 315, 316, 317, 318, 319, 320, 321, 322, 323, 324, 325, 326, 327, 328, 329, 330, 331, 332, 333, 334, 335, 336, 337, 574, 575, 576, 577, 578, 579, 580, 581, 582, 583, 584, 585, 586, 587, 588, 589, 590, 591, 592, 593, 594, 595, 596, 597, 598, 599, 600, 601, 602, 603, 604, 605, 606, 607, 608, 609, 610, 611, 612, 613, 614, 615, 616, 617, 618, 619, 620, 621, 622, 623, 624, 625, 626, 627, 628, 629, 630, 631, 632, 633, 634, 635, 636, 637, 638, 639, 640, 641, 642, 643, 644, 645, 646, 647, 648, 649, 650, 651, 652, 653, 654, 655, 656, 657, 658, 659, 660, 661, 662, 663, 664, 665, 666, 667, 668, 669, 670, 671, 672, 673, 674, 675, 676, 677, 678, 679, 680, 681, 682, 683, 684, 685, 686, 687, 688, 689, 690, 691, 692, 693, 694, 695, 696, 697, 698, 699, 700, 701, 702, 703, 704, 705, 706, 707, 708, 709, 710, 711, 712, 713, 714, 715, 716, 717, 718, 719, 720, 721, 722, 723, 724, 725, 726, 727, 728, 729, 730, 731, 732, 733, 734, 735, 736, 737, 738, 739, 740, 741, 742, 743, 744, 745, 746, 747, 748, 749, 750, 751, 752, 753, 754, 755, 756, 757, 758, 759, 760, 761, 762, 763, 764, 765, 766, 767, 768, 769, 770, 771, 772, 773, 774, 775, 776, 777, 778, 779, 780, 781, 782, 783, 784, 785, 786, 787, 788, 789, 790, 791, 792, 793]","[4, 11, 18, 21, 23, 26, 27, 28, 31, 35, 36, 43, 45, 52, 55, 56, 60, 62, 64, 70, 71, 80, 90, 94, 97, 183, 197, 232, 334, 426, 455, 472, 477, 478, 480, 483, 484, 490, 496, 505, 507, 509, 510, 511, 514, 516, 517, 523, 525, 529, 532, 533, 536, 538, 545, 546, 552, 561, 565, 568, 654, 668, 696, 790, 857, 878, 902, 919, 928, 929, 932, 934, 935]","[12, 24, 25, 28, 88, 100, 104, 119, 123, 129, 136, 137, 139, 140, 141, 148, 155, 169, 172, 179, 183, 185, 188, 196, 198, 217, 237, 267, 270, 278, 319, 321, 324, 325, 330, 334, 335, 354, 366, 369, 380, 383, 384, 386, 395, 407, 411, 423, 428, 436, 437, 452, 453, 456, 467, 471, 477, 478, 479, 497, 508, 511, 559, 571, 575, 590, 594, 600, 607, 608, 610, 611, 612, 619, 627, 640, 643, 650, 654, 656, 659, 667, 669, 685, 701, 726, 729, 737, 777, 779, 782, 783, 787, 790, 791, 809, 817, 819, 830, 833, 834, 836, 845, 856, 857, 860, 862, 875, 880, 887, 888, 899, 900, 914, 918, 921, 928, 929, 930]","[12, 24, 25, 28, 88, 100, 104, 119, 123, 129, 136, 137, 139, 140, 141, 148, 155, 169, 172, 179, 183, 185, 188, 196, 198, 217, 237, 267, 270, 278, 319, 321, 324, 325, 330, 334, 335, 354, 366, 369, 380, 383, 384, 386, 395, 407, 411, 423, 428, 436, 437, 452, 453, 456, 467, 471, 477, 478, 479, 497, 508, 511, 559, 571, 575, 590, 594, 600, 607, 608, 610, 611, 612, 619, 627, 640, 643, 650, 654, 656, 659, 667, 669, 685, 701, 726, 729, 737, 777, 779, 782, 783, 787, 790, 791, 809, 817, 819, 830, 833, 834, 836, 845, 856, 857, 860, 862, 875, 880, 887, 888, 899, 900, 914, 918, 921, 928, 929, 930]","[4, 11, 12, 18, 21, 23, 24, 25, 26, 27, 28, 31, 35, 36, 43, 45, 52, 55, 56, 60, 62, 64, 70, 71, 80, 88, 90, 94, 97, 100, 103, 104, 105, 106, 107, 108, 109, 110, 111, 112, 113, 114, 115, 116, 117, 118, 119, 120, 121, 122, 123, 124, 125, 126, 127, 128, 129, 130, 131, 132, 133, 134, 135, 136, 137, 138, 139, 140, 141, 142, 143, 144, 145, 146, 147, 148, 149, 150, 151, 152, 153, 154, 155, 156, 157, 158, 159, 160, 161, 162, 163, 164, 165, 166, 167, 168, 169, 170, 171, 172, 173, 174, 175, 176, 177, 178, 179, 180, 181, 182, 183, 184, 185, 186, 187, 188, 189, 190, 191, 192, 193, 194, 195, 196, 197, 198, 199, 200, 201, 202, 203, 204, 205, 206, 207, 208, 209, 210, 211, 212, 213, 214, 215, 216, 217, 218, 219, 220, 221, 222, 223, 224, 225, 226, 227, 228, 229, 230, 231, 232, 233, 234, 235, 236, 237, 238, 239, 240, 241, 242, 243, 244, 245, 246, 247, 248, 249, 250, 251, 252, 253, 254, 255, 256, 257, 258, 259, 260, 261, 262, 263, 264, 265, 266, 267, 268, 269, 270, 271, 272, 273, 274, 275, 276, 277, 278, 279, 280, 281, 282, 283, 284, 285, 286, 287, 288, 289, 290, 291, 292, 293, 294, 295, 296, 297, 298, 299, 300, 301, 302, 303, 304, 305, 306, 307, 308, 309, 310, 311, 312, 313, 314, 315, 316, 317, 318, 319, 320, 321, 322, 323, 324, 325, 326, 327, 328, 329, 330, 331, 332, 333, 334, 335, 336, 337, 354, 366, 369, 380, 383, 384, 386, 395, 407, 411, 423, 426, 428, 436, 437, 452, 453, 455, 456, 467, 471, 472, 477, 478, 479, 480, 483, 484, 490, 496, 497, 505, 507, 508, 509, 510, 511, 514, 516, 517, 523, 525, 529, 532, 533, 536, 538, 545, 546, 552, 559, 561, 565, 568, 571, 574, 575, 576, 577, 578, 579, 580, 581, 582, 583, 584, 585, 586, 587, 588, 589, 590, 591, 592, 593, 594, 595, 596, 597, 598, 599, 600, 601, 602, 603, 604, 605, 606, 607, 608, 609, 610, 611, 612, 613, 614, 615, 616, 617, 618, 619, 620, 621, 622, 623, 624, 625, 626, 627, 628, 629, 630, 631, 632, 633, 634, 635, 636, 637, 638, 639, 640, 641, 642, 643, 644, 645, 646, 647, 648, 649, 650, 651, 652, 653, 654, 655, 656, 657, 658, 659, 660, 661, 662, 663, 664, 665, 666, 667, 668, 669, 670, 671, 672, 673, 674, 675, 676, 677, 678, 679, 680, 681, 682, 683, 684, 685, 686, 687, 688, 689, 690, 691, 692, 693, 694, 695, 696, 697, 698, 699, 700, 701, 702, 703, 704, 705, 706, 707, 708, 709, 710, 711, 712, 713, 714, 715, 716, 717, 718, 719, 720, 721, 722, 723, 724, 725, 726, 727, 728, 729, 730, 731, 732, 733, 734, 735, 736, 737, 738, 739, 740, 741, 742, 743, 744, 745, 746, 747, 748, 749, 750, 751, 752, 753, 754, 755, 756, 757, 758, 759, 760, 761, 762, 763, 764, 765, 766, 767, 768, 769, 770, 771, 772, 773, 774, 775, 776, 777, 778, 779, 780, 781, 782, 783, 784, 785, 786, 787, 788, 789, 790, 791, 792, 793, 809, 817, 819, 830, 833, 834, 836, 845, 856, 857, 860, 862, 875, 878, 880, 887, 888, 899, 900, 902, 914, 918, 919, 921, 928, 929, 930, 932, 934, 935]",True,"[334, 790]","[103, 104, 105, 106, 107, 108, 109, 110, 111, 112, 113, 114, 115, 116, 117, 118, 119, 120, 121, 122, 123, 124, 125, 126, 127, 128, 129, 130, 131, 132, 133, 134, 135, 136, 137, 138, 139, 140, 141, 142, 143, 144, 145, 146, 147, 148, 149, 150, 151, 152, 153, 154, 155, 156, 157, 158, 159, 160, 161, 162, 163, 164, 165, 166, 167, 168, 169, 170, 171, 172, 173, 174, 175, 176, 177, 178, 179, 180, 181, 182, 183, 184, 185, 186, 187, 188, 189, 190, 191, 192, 193, 194, 195, 196, 197, 198, 199, 200, 201, 202, 203, 204, 205, 206, 207, 208, 209, 210, 211, 212, 213, 214, 215, 216, 217, 218, 219, 220, 221, 222, 223, 224, 225, 226, 227, 228, 229, 230, 231, 232, 233, 234, 235, 236, 237, 238, 239, 240, 241, 242, 243, 244, 245, 246, 247, 248, 249, 250, 251, 252, 253, 254, 255, 256, 257, 258, 259, 260, 261, 262, 263, 264, 265, 266, 267, 268, 269, 270, 271, 272, 273, 274, 275, 276, 277, 278, 279, 280, 281, 282, 283, 284, 285, 286, 287, 288, 289, 290, 291, 292, 293, 294, 295, 296, 297, 298, 299, 300, 301, 302, 303, 304, 305, 306, 307, 308, 309, 310, 311, 312, 313, 314, 315, 316, 317, 318, 319, 320, 321, 322, 323, 324, 325, 326, 327, 328, 329, 330, 331, 332, 333, 334, 335, 336, 337, 574, 575, 576, 577, 578, 579, 580, 581, 582, 583, 584, 585, 586, 587, 588, 589, 590, 591, 592, 593, 594, 595, 596, 597, 598, 599, 600, 601, 602, 603, 604, 605, 606, 607, 608, 609, 610, 611, 612, 613, 614, 615, 616, 617, 618, 619, 620, 621, 622, 623, 624, 625, 626, 627, 628, 629, 630, 631, 632, 633, 634, 635, 636, 637, 638, 639, 640, 641, 642, 643, 644, 645, 646, 647, 648, 649, 650, 651, 652, 653, 654, 655, 656, 657, 658, 659, 660, 661, 662, 663, 664, 665, 666, 667, 668, 669, 670, 671, 672, 673, 674, 675, 676, 677, 678, 679, 680, 681, 682, 683, 684, 685, 686, 687, 688, 689, 690, 691, 692, 693, 694, 695, 696, 697, 698, 699, 700, 701, 702, 703, 704, 705, 706, 707, 708, 709, 710, 711, 712, 713, 714, 715, 716, 717, 718, 719, 720, 721, 722, 723, 724, 725, 726, 727, 728, 729, 730, 731, 732, 733, 734, 735, 736, 737, 738, 739, 740, 741, 742, 743, 744, 745, 746, 747, 748, 749, 750, 751, 752, 753, 754, 755, 756, 757, 758, 759, 760, 761, 762, 763, 764, 765, 766, 767, 768, 769, 770, 771, 772, 773, 774, 775, 776, 777, 778, 779, 780, 781, 782, 783, 784, 785, 786, 787, 788, 789, 790, 791, 792, 793]","[334, 790]","[258, 334, 720, 790]","[4, 11, 18, 21, 23, 26, 27, 28, 31, 35, 36, 43, 45, 52, 55, 56, 60, 62, 64, 70, 71, 80, 90, 94, 97, 183, 197, 232, 334, 426, 455, 472, 477, 478, 480, 483, 484, 490, 496, 505, 507, 509, 510, 511, 514, 516, 517, 523, 525, 529, 532, 533, 536, 538, 545, 546, 552, 561, 565, 568, 654, 668, 696, 790, 857, 878, 902, 919, 928, 929, 932, 934, 935]","[12, 24, 25, 28, 88, 100, 104, 119, 123, 129, 136, 137, 139, 140, 141, 148, 155, 169, 172, 179, 183, 185, 188, 196, 198, 217, 237, 267, 270, 278, 319, 321, 324, 325, 330, 334, 335, 354, 366, 369, 380, 383, 384, 386, 395, 407, 411, 423, 428, 436, 437, 452, 453, 456, 467, 471, 477, 478, 479, 497, 508, 511, 559, 571, 575, 590, 594, 600, 607, 608, 610, 611, 612, 619, 627, 640, 643, 650, 654, 656, 659, 667, 669, 685, 701, 726, 729, 737, 777, 779, 782, 783, 787, 790, 791, 809, 817, 819, 830, 833, 834, 836, 845, 856, 857, 860, 862, 875, 880, 887, 888, 899, 900, 914, 918, 921, 928, 929, 930]","[12, 24, 25, 28, 88, 100, 104, 119, 123, 129, 136, 137, 139, 140, 141, 148, 155, 169, 172, 179, 183, 185, 188, 196, 198, 217, 237, 267, 270, 278, 319, 321, 324, 325, 330, 334, 335, 354, 366, 369, 380, 383, 384, 386, 395, 407, 411, 423, 428, 436, 437, 452, 453, 456, 467, 471, 477, 478, 479, 497, 508, 511, 559, 571, 575, 590, 594, 600, 607, 608, 610, 611, 612, 619, 627, 640, 643, 650, 654, 656, 659, 667, 669, 685, 701, 726, 729, 737, 777, 779, 782, 783, 787, 790, 791, 809, 817, 819, 830, 833, 834, 836, 845, 856, 857, 860, 862, 875, 880, 887, 888, 899, 900, 914, 918, 921, 928, 929, 930]",7/6 successful match,True,"[742, 743]",True,289,False,,0.9133333333333333,True,Westside Chevron,Chevron
"Needles , 92363 Westside Chevron",7 760-326-3048 I-40 Exit 141 ( W Broadway ) .,24 <U+25A1> <U+25A1> <U+2610> <U+2610>,Needles,92363,Westside Chevron,760-326-3048,2008,Needles,CA,Chevron,( W Broadway ) .,I-40 Exit 141 ,Exit,141,False,,False,I-40,,,,,"[334, 790]","[334, 790]","[334, 790]","[258, 334, 720, 790]","[103, 104, 105, 106, 107, 108, 109, 110, 111, 112, 113, 114, 115, 116, 117, 118, 119, 120, 121, 122, 123, 124, 125, 126, 127, 128, 129, 130, 131, 132, 133, 134, 135, 136, 137, 138, 139, 140, 141, 142, 143, 144, 145, 146, 147, 148, 149, 150, 151, 152, 153, 154, 155, 156, 157, 158, 159, 160, 161, 162, 163, 164, 165, 166, 167, 168, 169, 170, 171, 172, 173, 174, 175, 176, 177, 178, 179, 180, 181, 182, 183, 184, 185, 186, 187, 188, 189, 190, 191, 192, 193, 194, 195, 196, 197, 198, 199, 200, 201, 202, 203, 204, 205, 206, 207, 208, 209, 210, 211, 212, 213, 214, 215, 216, 217, 218, 219, 220, 221, 222, 223, 224, 225, 226, 227, 228, 229, 230, 231, 232, 233, 234, 235, 236, 237, 238, 239, 240, 241, 242, 243, 244, 245, 246, 247, 248, 249, 250, 251, 252, 253, 254, 255, 256, 257, 258, 259, 260, 261, 262, 263, 264, 265, 266, 267, 268, 269, 270, 271, 272, 273, 274, 275, 276, 277, 278, 279, 280, 281, 282, 283, 284, 285, 286, 287, 288, 289, 290, 291, 292, 293, 294, 295, 296, 297, 298, 299, 300, 301, 302, 303, 304, 305, 306, 307, 308, 309, 310, 311, 312, 313, 314, 315, 316, 317, 318, 319, 320, 321, 322, 323, 324, 325, 326, 327, 328, 329, 330, 331, 332, 333, 334, 335, 336, 337, 574, 575, 576, 577, 578, 579, 580, 581, 582, 583, 584, 585, 586, 587, 588, 589, 590, 591, 592, 593, 594, 595, 596, 597, 598, 599, 600, 601, 602, 603, 604, 605, 606, 607, 608, 609, 610, 611, 612, 613, 614, 615, 616, 617, 618, 619, 620, 621, 622, 623, 624, 625, 626, 627, 628, 629, 630, 631, 632, 633, 634, 635, 636, 637, 638, 639, 640, 641, 642, 643, 644, 645, 646, 647, 648, 649, 650, 651, 652, 653, 654, 655, 656, 657, 658, 659, 660, 661, 662, 663, 664, 665, 666, 667, 668, 669, 670, 671, 672, 673, 674, 675, 676, 677, 678, 679, 680, 681, 682, 683, 684, 685, 686, 687, 688, 689, 690, 691, 692, 693, 694, 695, 696, 697, 698, 699, 700, 701, 702, 703, 704, 705, 706, 707, 708, 709, 710, 711, 712, 713, 714, 715, 716, 717, 718, 719, 720, 721, 722, 723, 724, 725, 726, 727, 728, 729, 730, 731, 732, 733, 734, 735, 736, 737, 738, 739, 740, 741, 742, 743, 744, 745, 746, 747, 748, 749, 750, 751, 752, 753, 754, 755, 756, 757, 758, 759, 760, 761, 762, 763, 764, 765, 766, 767, 768, 769, 770, 771, 772, 773, 774, 775, 776, 777, 778, 779, 780, 781, 782, 783, 784, 785, 786, 787, 788, 789, 790, 791, 792, 793]","[4, 11, 18, 21, 23, 26, 27, 28, 31, 35, 36, 43, 45, 52, 55, 56, 60, 62, 64, 70, 71, 80, 90, 94, 97, 183, 197, 232, 334, 426, 455, 472, 477, 478, 480, 483, 484, 490, 496, 505, 507, 509, 510, 511, 514, 516, 517, 523, 525, 529, 532, 533, 536, 538, 545, 546, 552, 561, 565, 568, 654, 668, 696, 790, 857, 878, 902, 919, 928, 929, 932, 934, 935]","[12, 24, 25, 28, 88, 100, 104, 119, 123, 129, 136, 137, 139, 140, 141, 148, 155, 169, 172, 179, 183, 185, 188, 196, 198, 217, 237, 267, 270, 278, 319, 321, 324, 325, 330, 334, 335, 354, 366, 369, 380, 383, 384, 386, 395, 407, 411, 423, 428, 436, 437, 452, 453, 456, 467, 471, 477, 478, 479, 497, 508, 511, 559, 571, 575, 590, 594, 600, 607, 608, 610, 611, 612, 619, 627, 640, 643, 650, 654, 656, 659, 667, 669, 685, 701, 726, 729, 737, 777, 779, 782, 783, 787, 790, 791, 809, 817, 819, 830, 833, 834, 836, 845, 856, 857, 860, 862, 875, 880, 887, 888, 899, 900, 914, 918, 921, 928, 929, 930]","[12, 24, 25, 28, 88, 100, 104, 119, 123, 129, 136, 137, 139, 140, 141, 148, 155, 169, 172, 179, 183, 185, 188, 196, 198, 217, 237, 267, 270, 278, 319, 321, 324, 325, 330, 334, 335, 354, 366, 369, 380, 383, 384, 386, 395, 407, 411, 423, 428, 436, 437, 452, 453, 456, 467, 471, 477, 478, 479, 497, 508, 511, 559, 571, 575, 590, 594, 600, 607, 608, 610, 611, 612, 619, 627, 640, 643, 650, 654, 656, 659, 667, 669, 685, 701, 726, 729, 737, 777, 779, 782, 783, 787, 790, 791, 809, 817, 819, 830, 833, 834, 836, 845, 856, 857, 860, 862, 875, 880, 887, 888, 899, 900, 914, 918, 921, 928, 929, 930]","[4, 11, 12, 18, 21, 23, 24, 25, 26, 27, 28, 31, 35, 36, 43, 45, 52, 55, 56, 60, 62, 64, 70, 71, 80, 88, 90, 94, 97, 100, 103, 104, 105, 106, 107, 108, 109, 110, 111, 112, 113, 114, 115, 116, 117, 118, 119, 120, 121, 122, 123, 124, 125, 126, 127, 128, 129, 130, 131, 132, 133, 134, 135, 136, 137, 138, 139, 140, 141, 142, 143, 144, 145, 146, 147, 148, 149, 150, 151, 152, 153, 154, 155, 156, 157, 158, 159, 160, 161, 162, 163, 164, 165, 166, 167, 168, 169, 170, 171, 172, 173, 174, 175, 176, 177, 178, 179, 180, 181, 182, 183, 184, 185, 186, 187, 188, 189, 190, 191, 192, 193, 194, 195, 196, 197, 198, 199, 200, 201, 202, 203, 204, 205, 206, 207, 208, 209, 210, 211, 212, 213, 214, 215, 216, 217, 218, 219, 220, 221, 222, 223, 224, 225, 226, 227, 228, 229, 230, 231, 232, 233, 234, 235, 236, 237, 238, 239, 240, 241, 242, 243, 244, 245, 246, 247, 248, 249, 250, 251, 252, 253, 254, 255, 256, 257, 258, 259, 260, 261, 262, 263, 264, 265, 266, 267, 268, 269, 270, 271, 272, 273, 274, 275, 276, 277, 278, 279, 280, 281, 282, 283, 284, 285, 286, 287, 288, 289, 290, 291, 292, 293, 294, 295, 296, 297, 298, 299, 300, 301, 302, 303, 304, 305, 306, 307, 308, 309, 310, 311, 312, 313, 314, 315, 316, 317, 318, 319, 320, 321, 322, 323, 324, 325, 326, 327, 328, 329, 330, 331, 332, 333, 334, 335, 336, 337, 354, 366, 369, 380, 383, 384, 386, 395, 407, 411, 423, 426, 428, 436, 437, 452, 453, 455, 456, 467, 471, 472, 477, 478, 479, 480, 483, 484, 490, 496, 497, 505, 507, 508, 509, 510, 511, 514, 516, 517, 523, 525, 529, 532, 533, 536, 538, 545, 546, 552, 559, 561, 565, 568, 571, 574, 575, 576, 577, 578, 579, 580, 581, 582, 583, 584, 585, 586, 587, 588, 589, 590, 591, 592, 593, 594, 595, 596, 597, 598, 599, 600, 601, 602, 603, 604, 605, 606, 607, 608, 609, 610, 611, 612, 613, 614, 615, 616, 617, 618, 619, 620, 621, 622, 623, 624, 625, 626, 627, 628, 629, 630, 631, 632, 633, 634, 635, 636, 637, 638, 639, 640, 641, 642, 643, 644, 645, 646, 647, 648, 649, 650, 651, 652, 653, 654, 655, 656, 657, 658, 659, 660, 661, 662, 663, 664, 665, 666, 667, 668, 669, 670, 671, 672, 673, 674, 675, 676, 677, 678, 679, 680, 681, 682, 683, 684, 685, 686, 687, 688, 689, 690, 691, 692, 693, 694, 695, 696, 697, 698, 699, 700, 701, 702, 703, 704, 705, 706, 707, 708, 709, 710, 711, 712, 713, 714, 715, 716, 717, 718, 719, 720, 721, 722, 723, 724, 725, 726, 727, 728, 729, 730, 731, 732, 733, 734, 735, 736, 737, 738, 739, 740, 741, 742, 743, 744, 745, 746, 747, 748, 749, 750, 751, 752, 753, 754, 755, 756, 757, 758, 759, 760, 761, 762, 763, 764, 765, 766, 767, 768, 769, 770, 771, 772, 773, 774, 775, 776, 777, 778, 779, 780, 781, 782, 783, 784, 785, 786, 787, 788, 789, 790, 791, 792, 793, 809, 817, 819, 830, 833, 834, 836, 845, 856, 857, 860, 862, 875, 878, 880, 887, 888, 899, 900, 902, 914, 918, 919, 921, 928, 929, 930, 932, 934, 935]",True,"[334, 790]","[103, 104, 105, 106, 107, 108, 109, 110, 111, 112, 113, 114, 115, 116, 117, 118, 119, 120, 121, 122, 123, 124, 125, 126, 127, 128, 129, 130, 131, 132, 133, 134, 135, 136, 137, 138, 139, 140, 141, 142, 143, 144, 145, 146, 147, 148, 149, 150, 151, 152, 153, 154, 155, 156, 157, 158, 159, 160, 161, 162, 163, 164, 165, 166, 167, 168, 169, 170, 171, 172, 173, 174, 175, 176, 177, 178, 179, 180, 181, 182, 183, 184, 185, 186, 187, 188, 189, 190, 191, 192, 193, 194, 195, 196, 197, 198, 199, 200, 201, 202, 203, 204, 205, 206, 207, 208, 209, 210, 211, 212, 213, 214, 215, 216, 217, 218, 219, 220, 221, 222, 223, 224, 225, 226, 227, 228, 229, 230, 231, 232, 233, 234, 235, 236, 237, 238, 239, 240, 241, 242, 243, 244, 245, 246, 247, 248, 249, 250, 251, 252, 253, 254, 255, 256, 257, 258, 259, 260, 261, 262, 263, 264, 265, 266, 267, 268, 269, 270, 271, 272, 273, 274, 275, 276, 277, 278, 279, 280, 281, 282, 283, 284, 285, 286, 287, 288, 289, 290, 291, 292, 293, 294, 295, 296, 297, 298, 299, 300, 301, 302, 303, 304, 305, 306, 307, 308, 309, 310, 311, 312, 313, 314, 315, 316, 317, 318, 319, 320, 321, 322, 323, 324, 325, 326, 327, 328, 329, 330, 331, 332, 333, 334, 335, 336, 337, 574, 575, 576, 577, 578, 579, 580, 581, 582, 583, 584, 585, 586, 587, 588, 589, 590, 591, 592, 593, 594, 595, 596, 597, 598, 599, 600, 601, 602, 603, 604, 605, 606, 607, 608, 609, 610, 611, 612, 613, 614, 615, 616, 617, 618, 619, 620, 621, 622, 623, 624, 625, 626, 627, 628, 629, 630, 631, 632, 633, 634, 635, 636, 637, 638, 639, 640, 641, 642, 643, 644, 645, 646, 647, 648, 649, 650, 651, 652, 653, 654, 655, 656, 657, 658, 659, 660, 661, 662, 663, 664, 665, 666, 667, 668, 669, 670, 671, 672, 673, 674, 675, 676, 677, 678, 679, 680, 681, 682, 683, 684, 685, 686, 687, 688, 689, 690, 691, 692, 693, 694, 695, 696, 697, 698, 699, 700, 701, 702, 703, 704, 705, 706, 707, 708, 709, 710, 711, 712, 713, 714, 715, 716, 717, 718, 719, 720, 721, 722, 723, 724, 725, 726, 727, 728, 729, 730, 731, 732, 733, 734, 735, 736, 737, 738, 739, 740, 741, 742, 743, 744, 745, 746, 747, 748, 749, 750, 751, 752, 753, 754, 755, 756, 757, 758, 759, 760, 761, 762, 763, 764, 765, 766, 767, 768, 769, 770, 771, 772, 773, 774, 775, 776, 777, 778, 779, 780, 781, 782, 783, 784, 785, 786, 787, 788, 789, 790, 791, 792, 793]","[334, 790]","[258, 334, 720, 790]","[4, 11, 18, 21, 23, 26, 27, 28, 31, 35, 36, 43, 45, 52, 55, 56, 60, 62, 64, 70, 71, 80, 90, 94, 97, 183, 197, 232, 334, 426, 455, 472, 477, 478, 480, 483, 484, 490, 496, 505, 507, 509, 510, 511, 514, 516, 517, 523, 525, 529, 532, 533, 536, 538, 545, 546, 552, 561, 565, 568, 654, 668, 696, 790, 857, 878, 902, 919, 928, 929, 932, 934, 935]","[12, 24, 25, 28, 88, 100, 104, 119, 123, 129, 136, 137, 139, 140, 141, 148, 155, 169, 172, 179, 183, 185, 188, 196, 198, 217, 237, 267, 270, 278, 319, 321, 324, 325, 330, 334, 335, 354, 366, 369, 380, 383, 384, 386, 395, 407, 411, 423, 428, 436, 437, 452, 453, 456, 467, 471, 477, 478, 479, 497, 508, 511, 559, 571, 575, 590, 594, 600, 607, 608, 610, 611, 612, 619, 627, 640, 643, 650, 654, 656, 659, 667, 669, 685, 701, 726, 729, 737, 777, 779, 782, 783, 787, 790, 791, 809, 817, 819, 830, 833, 834, 836, 845, 856, 857, 860, 862, 875, 880, 887, 888, 899, 900, 914, 918, 921, 928, 929, 930]","[12, 24, 25, 28, 88, 100, 104, 119, 123, 129, 136, 137, 139, 140, 141, 148, 155, 169, 172, 179, 183, 185, 188, 196, 198, 217, 237, 267, 270, 278, 319, 321, 324, 325, 330, 334, 335, 354, 366, 369, 380, 383, 384, 386, 395, 407, 411, 423, 428, 436, 437, 452, 453, 456, 467, 471, 477, 478, 479, 497, 508, 511, 559, 571, 575, 590, 594, 600, 607, 608, 610, 611, 612, 619, 627, 640, 643, 650, 654, 656, 659, 667, 669, 685, 701, 726, 729, 737, 777, 779, 782, 783, 787, 790, 791, 809, 817, 819, 830, 833, 834, 836, 845, 856, 857, 860, 862, 875, 880, 887, 888, 899, 900, 914, 918, 921, 928, 929, 930]",7/6 successful match,True,"[742, 743]",True,289,False,,0.9133333333333333,True,"Westside Chevron , 1/2 mi W )",Chevron
Needles ( 92363 ) Westside Chevron mi W ),7 760-326-3048 I-40 Exit 141 ( W Broadway ),24 <U+25A1>,Needles,92363,Westside Chevron mi W ),760-326-3048,2014,Needles,CA,Chevron,( W Broadway ),I-40 Exit 141 ,Exit,141,False,,False,I-40,,,,,"[334, 790]","[334, 790]","[334, 790]","[258, 334, 720, 790]","[103, 104, 105, 106, 107, 108, 109, 110, 111, 112, 113, 114, 115, 116, 117, 118, 119, 120, 121, 122, 123, 124, 125, 126, 127, 128, 129, 130, 131, 132, 133, 134, 135, 136, 137, 138, 139, 140, 141, 142, 143, 144, 145, 146, 147, 148, 149, 150, 151, 152, 153, 154, 155, 156, 157, 158, 159, 160, 161, 162, 163, 164, 165, 166, 167, 168, 169, 170, 171, 172, 173, 174, 175, 176, 177, 178, 179, 180, 181, 182, 183, 184, 185, 186, 187, 188, 189, 190, 191, 192, 193, 194, 195, 196, 197, 198, 199, 200, 201, 202, 203, 204, 205, 206, 207, 208, 209, 210, 211, 212, 213, 214, 215, 216, 217, 218, 219, 220, 221, 222, 223, 224, 225, 226, 227, 228, 229, 230, 231, 232, 233, 234, 235, 236, 237, 238, 239, 240, 241, 242, 243, 244, 245, 246, 247, 248, 249, 250, 251, 252, 253, 254, 255, 256, 257, 258, 259, 260, 261, 262, 263, 264, 265, 266, 267, 268, 269, 270, 271, 272, 273, 274, 275, 276, 277, 278, 279, 280, 281, 282, 283, 284, 285, 286, 287, 288, 289, 290, 291, 292, 293, 294, 295, 296, 297, 298, 299, 300, 301, 302, 303, 304, 305, 306, 307, 308, 309, 310, 311, 312, 313, 314, 315, 316, 317, 318, 319, 320, 321, 322, 323, 324, 325, 326, 327, 328, 329, 330, 331, 332, 333, 334, 335, 336, 337, 574, 575, 576, 577, 578, 579, 580, 581, 582, 583, 584, 585, 586, 587, 588, 589, 590, 591, 592, 593, 594, 595, 596, 597, 598, 599, 600, 601, 602, 603, 604, 605, 606, 607, 608, 609, 610, 611, 612, 613, 614, 615, 616, 617, 618, 619, 620, 621, 622, 623, 624, 625, 626, 627, 628, 629, 630, 631, 632, 633, 634, 635, 636, 637, 638, 639, 640, 641, 642, 643, 644, 645, 646, 647, 648, 649, 650, 651, 652, 653, 654, 655, 656, 657, 658, 659, 660, 661, 662, 663, 664, 665, 666, 667, 668, 669, 670, 671, 672, 673, 674, 675, 676, 677, 678, 679, 680, 681, 682, 683, 684, 685, 686, 687, 688, 689, 690, 691, 692, 693, 694, 695, 696, 697, 698, 699, 700, 701, 702, 703, 704, 705, 706, 707, 708, 709, 710, 711, 712, 713, 714, 715, 716, 717, 718, 719, 720, 721, 722, 723, 724, 725, 726, 727, 728, 729, 730, 731, 732, 733, 734, 735, 736, 737, 738, 739, 740, 741, 742, 743, 744, 745, 746, 747, 748, 749, 750, 751, 752, 753, 754, 755, 756, 757, 758, 759, 760, 761, 762, 763, 764, 765, 766, 767, 768, 769, 770, 771, 772, 773, 774, 775, 776, 777, 778, 779, 780, 781, 782, 783, 784, 785, 786, 787, 788, 789, 790, 791, 792, 793]","[4, 11, 18, 21, 23, 26, 27, 28, 31, 35, 36, 43, 45, 52, 55, 56, 60, 62, 64, 70, 71, 80, 90, 94, 97, 183, 197, 232, 334, 426, 455, 472, 477, 478, 480, 483, 484, 490, 496, 505, 507, 509, 510, 511, 514, 516, 517, 523, 525, 529, 532, 533, 536, 538, 545, 546, 552, 561, 565, 568, 654, 668, 696, 790, 857, 878, 902, 919, 928, 929, 932, 934, 935]","[12, 24, 25, 28, 88, 100, 104, 119, 123, 129, 136, 137, 139, 140, 141, 148, 155, 169, 172, 179, 183, 185, 188, 196, 198, 217, 237, 267, 270, 278, 319, 321, 324, 325, 330, 334, 335, 354, 366, 369, 380, 383, 384, 386, 395, 407, 411, 423, 428, 436, 437, 452, 453, 456, 467, 471, 477, 478, 479, 497, 508, 511, 559, 571, 575, 590, 594, 600, 607, 608, 610, 611, 612, 619, 627, 640, 643, 650, 654, 656, 659, 667, 669, 685, 701, 726, 729, 737, 777, 779, 782, 783, 787, 790, 791, 809, 817, 819, 830, 833, 834, 836, 845, 856, 857, 860, 862, 875, 880, 887, 888, 899, 900, 914, 918, 921, 928, 929, 930]","[12, 24, 25, 28, 88, 100, 104, 119, 123, 129, 136, 137, 139, 140, 141, 148, 155, 169, 172, 179, 183, 185, 188, 196, 198, 217, 237, 267, 270, 278, 319, 321, 324, 325, 330, 334, 335, 354, 366, 369, 380, 383, 384, 386, 395, 407, 411, 423, 428, 436, 437, 452, 453, 456, 467, 471, 477, 478, 479, 497, 508, 511, 559, 571, 575, 590, 594, 600, 607, 608, 610, 611, 612, 619, 627, 640, 643, 650, 654, 656, 659, 667, 669, 685, 701, 726, 729, 737, 777, 779, 782, 783, 787, 790, 791, 809, 817, 819, 830, 833, 834, 836, 845, 856, 857, 860, 862, 875, 880, 887, 888, 899, 900, 914, 918, 921, 928, 929, 930]","[4, 11, 12, 18, 21, 23, 24, 25, 26, 27, 28, 31, 35, 36, 43, 45, 52, 55, 56, 60, 62, 64, 70, 71, 80, 88, 90, 94, 97, 100, 103, 104, 105, 106, 107, 108, 109, 110, 111, 112, 113, 114, 115, 116, 117, 118, 119, 120, 121, 122, 123, 124, 125, 126, 127, 128, 129, 130, 131, 132, 133, 134, 135, 136, 137, 138, 139, 140, 141, 142, 143, 144, 145, 146, 147, 148, 149, 150, 151, 152, 153, 154, 155, 156, 157, 158, 159, 160, 161, 162, 163, 164, 165, 166, 167, 168, 169, 170, 171, 172, 173, 174, 175, 176, 177, 178, 179, 180, 181, 182, 183, 184, 185, 186, 187, 188, 189, 190, 191, 192, 193, 194, 195, 196, 197, 198, 199, 200, 201, 202, 203, 204, 205, 206, 207, 208, 209, 210, 211, 212, 213, 214, 215, 216, 217, 218, 219, 220, 221, 222, 223, 224, 225, 226, 227, 228, 229, 230, 231, 232, 233, 234, 235, 236, 237, 238, 239, 240, 241, 242, 243, 244, 245, 246, 247, 248, 249, 250, 251, 252, 253, 254, 255, 256, 257, 258, 259, 260, 261, 262, 263, 264, 265, 266, 267, 268, 269, 270, 271, 272, 273, 274, 275, 276, 277, 278, 279, 280, 281, 282, 283, 284, 285, 286, 287, 288, 289, 290, 291, 292, 293, 294, 295, 296, 297, 298, 299, 300, 301, 302, 303, 304, 305, 306, 307, 308, 309, 310, 311, 312, 313, 314, 315, 316, 317, 318, 319, 320, 321, 322, 323, 324, 325, 326, 327, 328, 329, 330, 331, 332, 333, 334, 335, 336, 337, 354, 366, 369, 380, 383, 384, 386, 395, 407, 411, 423, 426, 428, 436, 437, 452, 453, 455, 456, 467, 471, 472, 477, 478, 479, 480, 483, 484, 490, 496, 497, 505, 507, 508, 509, 510, 511, 514, 516, 517, 523, 525, 529, 532, 533, 536, 538, 545, 546, 552, 559, 561, 565, 568, 571, 574, 575, 576, 577, 578, 579, 580, 581, 582, 583, 584, 585, 586, 587, 588, 589, 590, 591, 592, 593, 594, 595, 596, 597, 598, 599, 600, 601, 602, 603, 604, 605, 606, 607, 608, 609, 610, 611, 612, 613, 614, 615, 616, 617, 618, 619, 620, 621, 622, 623, 624, 625, 626, 627, 628, 629, 630, 631, 632, 633, 634, 635, 636, 637, 638, 639, 640, 641, 642, 643, 644, 645, 646, 647, 648, 649, 650, 651, 652, 653, 654, 655, 656, 657, 658, 659, 660, 661, 662, 663, 664, 665, 666, 667, 668, 669, 670, 671, 672, 673, 674, 675, 676, 677, 678, 679, 680, 681, 682, 683, 684, 685, 686, 687, 688, 689, 690, 691, 692, 693, 694, 695, 696, 697, 698, 699, 700, 701, 702, 703, 704, 705, 706, 707, 708, 709, 710, 711, 712, 713, 714, 715, 716, 717, 718, 719, 720, 721, 722, 723, 724, 725, 726, 727, 728, 729, 730, 731, 732, 733, 734, 735, 736, 737, 738, 739, 740, 741, 742, 743, 744, 745, 746, 747, 748, 749, 750, 751, 752, 753, 754, 755, 756, 757, 758, 759, 760, 761, 762, 763, 764, 765, 766, 767, 768, 769, 770, 771, 772, 773, 774, 775, 776, 777, 778, 779, 780, 781, 782, 783, 784, 785, 786, 787, 788, 789, 790, 791, 792, 793, 809, 817, 819, 830, 833, 834, 836, 845, 856, 857, 860, 862, 875, 878, 880, 887, 888, 899, 900, 902, 914, 918, 919, 921, 928, 929, 930, 932, 934, 935]",True,"[334, 790]","[103, 104, 105, 106, 107, 108, 109, 110, 111, 112, 113, 114, 115, 116, 117, 118, 119, 120, 121, 122, 123, 124, 125, 126, 127, 128, 129, 130, 131, 132, 133, 134, 135, 136, 137, 138, 139, 140, 141, 142, 143, 144, 145, 146, 147, 148, 149, 150, 151, 152, 153, 154, 155, 156, 157, 158, 159, 160, 161, 162, 163, 164, 165, 166, 167, 168, 169, 170, 171, 172, 173, 174, 175, 176, 177, 178, 179, 180, 181, 182, 183, 184, 185, 186, 187, 188, 189, 190, 191, 192, 193, 194, 195, 196, 197, 198, 199, 200, 201, 202, 203, 204, 205, 206, 207, 208, 209, 210, 211, 212, 213, 214, 215, 216, 217, 218, 219, 220, 221, 222, 223, 224, 225, 226, 227, 228, 229, 230, 231, 232, 233, 234, 235, 236, 237, 238, 239, 240, 241, 242, 243, 244, 245, 246, 247, 248, 249, 250, 251, 252, 253, 254, 255, 256, 257, 258, 259, 260, 261, 262, 263, 264, 265, 266, 267, 268, 269, 270, 271, 272, 273, 274, 275, 276, 277, 278, 279, 280, 281, 282, 283, 284, 285, 286, 287, 288, 289, 290, 291, 292, 293, 294, 295, 296, 297, 298, 299, 300, 301, 302, 303, 304, 305, 306, 307, 308, 309, 310, 311, 312, 313, 314, 315, 316, 317, 318, 319, 320, 321, 322, 323, 324, 325, 326, 327, 328, 329, 330, 331, 332, 333, 334, 335, 336, 337, 574, 575, 576, 577, 578, 579, 580, 581, 582, 583, 584, 585, 586, 587, 588, 589, 590, 591, 592, 593, 594, 595, 596, 597, 598, 599, 600, 601, 602, 603, 604, 605, 606, 607, 608, 609, 610, 611, 612, 613, 614, 615, 616, 617, 618, 619, 620, 621, 622, 623, 624, 625, 626, 627, 628, 629, 630, 631, 632, 633, 634, 635, 636, 637, 638, 639, 640, 641, 642, 643, 644, 645, 646, 647, 648, 649, 650, 651, 652, 653, 654, 655, 656, 657, 658, 659, 660, 661, 662, 663, 664, 665, 666, 667, 668, 669, 670, 671, 672, 673, 674, 675, 676, 677, 678, 679, 680, 681, 682, 683, 684, 685, 686, 687, 688, 689, 690, 691, 692, 693, 694, 695, 696, 697, 698, 699, 700, 701, 702, 703, 704, 705, 706, 707, 708, 709, 710, 711, 712, 713, 714, 715, 716, 717, 718, 719, 720, 721, 722, 723, 724, 725, 726, 727, 728, 729, 730, 731, 732, 733, 734, 735, 736, 737, 738, 739, 740, 741, 742, 743, 744, 745, 746, 747, 748, 749, 750, 751, 752, 753, 754, 755, 756, 757, 758, 759, 760, 761, 762, 763, 764, 765, 766, 767, 768, 769, 770, 771, 772, 773, 774, 775, 776, 777, 778, 779, 780, 781, 782, 783, 784, 785, 786, 787, 788, 789, 790, 791, 792, 793]","[334, 790]","[258, 334, 720, 790]","[4, 11, 18, 21, 23, 26, 27, 28, 31, 35, 36, 43, 45, 52, 55, 56, 60, 62, 64, 70, 71, 80, 90, 94, 97, 183, 197, 232, 334, 426, 455, 472, 477, 478, 480, 483, 484, 490, 496, 505, 507, 509, 510, 511, 514, 516, 517, 523, 525, 529, 532, 533, 536, 538, 545, 546, 552, 561, 565, 568, 654, 668, 696, 790, 857, 878, 902, 919, 928, 929, 932, 934, 935]","[12, 24, 25, 28, 88, 100, 104, 119, 123, 129, 136, 137, 139, 140, 141, 148, 155, 169, 172, 179, 183, 185, 188, 196, 198, 217, 237, 267, 270, 278, 319, 321, 324, 325, 330, 334, 335, 354, 366, 369, 380, 383, 384, 386, 395, 407, 411, 423, 428, 436, 437, 452, 453, 456, 467, 471, 477, 478, 479, 497, 508, 511, 559, 571, 575, 590, 594, 600, 607, 608, 610, 611, 612, 619, 627, 640, 643, 650, 654, 656, 659, 667, 669, 685, 701, 726, 729, 737, 777, 779, 782, 783, 787, 790, 791, 809, 817, 819, 830, 833, 834, 836, 845, 856, 857, 860, 862, 875, 880, 887, 888, 899, 900, 914, 918, 921, 928, 929, 930]","[12, 24, 25, 28, 88, 100, 104, 119, 123, 129, 136, 137, 139, 140, 141, 148, 155, 169, 172, 179, 183, 185, 188, 196, 198, 217, 237, 267, 270, 278, 319, 321, 324, 325, 330, 334, 335, 354, 366, 369, 380, 383, 384, 386, 395, 407, 411, 423, 428, 436, 437, 452, 453, 456, 467, 471, 477, 478, 479, 497, 508, 511, 559, 571, 575, 590, 594, 600, 607, 608, 610, 611, 612, 619, 627, 640, 643, 650, 654, 656, 659, 667, 669, 685, 701, 726, 729, 737, 777, 779, 782, 783, 787, 790, 791, 809, 817, 819, 830, 833, 834, 836, 845, 856, 857, 860, 862, 875, 880, 887, 888, 899, 900, 914, 918, 921, 928, 929, 930]",7/6 successful match,True,"[742, 743]",True,289,False,,0.9461538461538461,True,Westside Chevron,Chevron
"Needles ( 92363 ) Westside Chevron Marina Dr , 1/2 mi W )",760-326-3048 I-40 Exit 141 ( W Broadway,24 D <U+25A1>,Needles,92363,"Westside Chevron Marina Dr , 1/2 mi W )",760-326-3048,2015,Needles,CA,Chevron,( W Broadway,I-40 Exit 141 ,Exit,141,False,,False,I-40,,,,,"[334, 790]","[334, 790]","[334, 790]","[258, 334, 720, 790]","[103, 104, 105, 106, 107, 108, 109, 110, 111, 112, 113, 114, 115, 116, 117, 118, 119, 120, 121, 122, 123, 124, 125, 126, 127, 128, 129, 130, 131, 132, 133, 134, 135, 136, 137, 138, 139, 140, 141, 142, 143, 144, 145, 146, 147, 148, 149, 150, 151, 152, 153, 154, 155, 156, 157, 158, 159, 160, 161, 162, 163, 164, 165, 166, 167, 168, 169, 170, 171, 172, 173, 174, 175, 176, 177, 178, 179, 180, 181, 182, 183, 184, 185, 186, 187, 188, 189, 190, 191, 192, 193, 194, 195, 196, 197, 198, 199, 200, 201, 202, 203, 204, 205, 206, 207, 208, 209, 210, 211, 212, 213, 214, 215, 216, 217, 218, 219, 220, 221, 222, 223, 224, 225, 226, 227, 228, 229, 230, 231, 232, 233, 234, 235, 236, 237, 238, 239, 240, 241, 242, 243, 244, 245, 246, 247, 248, 249, 250, 251, 252, 253, 254, 255, 256, 257, 258, 259, 260, 261, 262, 263, 264, 265, 266, 267, 268, 269, 270, 271, 272, 273, 274, 275, 276, 277, 278, 279, 280, 281, 282, 283, 284, 285, 286, 287, 288, 289, 290, 291, 292, 293, 294, 295, 296, 297, 298, 299, 300, 301, 302, 303, 304, 305, 306, 307, 308, 309, 310, 311, 312, 313, 314, 315, 316, 317, 318, 319, 320, 321, 322, 323, 324, 325, 326, 327, 328, 329, 330, 331, 332, 333, 334, 335, 336, 337, 574, 575, 576, 577, 578, 579, 580, 581, 582, 583, 584, 585, 586, 587, 588, 589, 590, 591, 592, 593, 594, 595, 596, 597, 598, 599, 600, 601, 602, 603, 604, 605, 606, 607, 608, 609, 610, 611, 612, 613, 614, 615, 616, 617, 618, 619, 620, 621, 622, 623, 624, 625, 626, 627, 628, 629, 630, 631, 632, 633, 634, 635, 636, 637, 638, 639, 640, 641, 642, 643, 644, 645, 646, 647, 648, 649, 650, 651, 652, 653, 654, 655, 656, 657, 658, 659, 660, 661, 662, 663, 664, 665, 666, 667, 668, 669, 670, 671, 672, 673, 674, 675, 676, 677, 678, 679, 680, 681, 682, 683, 684, 685, 686, 687, 688, 689, 690, 691, 692, 693, 694, 695, 696, 697, 698, 699, 700, 701, 702, 703, 704, 705, 706, 707, 708, 709, 710, 711, 712, 713, 714, 715, 716, 717, 718, 719, 720, 721, 722, 723, 724, 725, 726, 727, 728, 729, 730, 731, 732, 733, 734, 735, 736, 737, 738, 739, 740, 741, 742, 743, 744, 745, 746, 747, 748, 749, 750, 751, 752, 753, 754, 755, 756, 757, 758, 759, 760, 761, 762, 763, 764, 765, 766, 767, 768, 769, 770, 771, 772, 773, 774, 775, 776, 777, 778, 779, 780, 781, 782, 783, 784, 785, 786, 787, 788, 789, 790, 791, 792, 793]","[4, 11, 18, 21, 23, 26, 27, 28, 31, 35, 36, 43, 45, 52, 55, 56, 60, 62, 64, 70, 71, 80, 90, 94, 97, 183, 197, 232, 334, 426, 455, 472, 477, 478, 480, 483, 484, 490, 496, 505, 507, 509, 510, 511, 514, 516, 517, 523, 525, 529, 532, 533, 536, 538, 545, 546, 552, 561, 565, 568, 654, 668, 696, 790, 857, 878, 902, 919, 928, 929, 932, 934, 935]","[12, 24, 25, 28, 88, 100, 104, 119, 123, 129, 136, 137, 139, 140, 141, 148, 155, 169, 172, 179, 183, 185, 188, 196, 198, 217, 237, 267, 270, 278, 319, 321, 324, 325, 330, 334, 335, 354, 366, 369, 380, 383, 384, 386, 395, 407, 411, 423, 428, 436, 437, 452, 453, 456, 467, 471, 477, 478, 479, 497, 508, 511, 559, 571, 575, 590, 594, 600, 607, 608, 610, 611, 612, 619, 627, 640, 643, 650, 654, 656, 659, 667, 669, 685, 701, 726, 729, 737, 777, 779, 782, 783, 787, 790, 791, 809, 817, 819, 830, 833, 834, 836, 845, 856, 857, 860, 862, 875, 880, 887, 888, 899, 900, 914, 918, 921, 928, 929, 930]","[12, 24, 25, 28, 88, 100, 104, 119, 123, 129, 136, 137, 139, 140, 141, 148, 155, 169, 172, 179, 183, 185, 188, 196, 198, 217, 237, 267, 270, 278, 319, 321, 324, 325, 330, 334, 335, 354, 366, 369, 380, 383, 384, 386, 395, 407, 411, 423, 428, 436, 437, 452, 453, 456, 467, 471, 477, 478, 479, 497, 508, 511, 559, 571, 575, 590, 594, 600, 607, 608, 610, 611, 612, 619, 627, 640, 643, 650, 654, 656, 659, 667, 669, 685, 701, 726, 729, 737, 777, 779, 782, 783, 787, 790, 791, 809, 817, 819, 830, 833, 834, 836, 845, 856, 857, 860, 862, 875, 880, 887, 888, 899, 900, 914, 918, 921, 928, 929, 930]","[4, 11, 12, 18, 21, 23, 24, 25, 26, 27, 28, 31, 35, 36, 43, 45, 52, 55, 56, 60, 62, 64, 70, 71, 80, 88, 90, 94, 97, 100, 103, 104, 105, 106, 107, 108, 109, 110, 111, 112, 113, 114, 115, 116, 117, 118, 119, 120, 121, 122, 123, 124, 125, 126, 127, 128, 129, 130, 131, 132, 133, 134, 135, 136, 137, 138, 139, 140, 141, 142, 143, 144, 145, 146, 147, 148, 149, 150, 151, 152, 153, 154, 155, 156, 157, 158, 159, 160, 161, 162, 163, 164, 165, 166, 167, 168, 169, 170, 171, 172, 173, 174, 175, 176, 177, 178, 179, 180, 181, 182, 183, 184, 185, 186, 187, 188, 189, 190, 191, 192, 193, 194, 195, 196, 197, 198, 199, 200, 201, 202, 203, 204, 205, 206, 207, 208, 209, 210, 211, 212, 213, 214, 215, 216, 217, 218, 219, 220, 221, 222, 223, 224, 225, 226, 227, 228, 229, 230, 231, 232, 233, 234, 235, 236, 237, 238, 239, 240, 241, 242, 243, 244, 245, 246, 247, 248, 249, 250, 251, 252, 253, 254, 255, 256, 257, 258, 259, 260, 261, 262, 263, 264, 265, 266, 267, 268, 269, 270, 271, 272, 273, 274, 275, 276, 277, 278, 279, 280, 281, 282, 283, 284, 285, 286, 287, 288, 289, 290, 291, 292, 293, 294, 295, 296, 297, 298, 299, 300, 301, 302, 303, 304, 305, 306, 307, 308, 309, 310, 311, 312, 313, 314, 315, 316, 317, 318, 319, 320, 321, 322, 323, 324, 325, 326, 327, 328, 329, 330, 331, 332, 333, 334, 335, 336, 337, 354, 366, 369, 380, 383, 384, 386, 395, 407, 411, 423, 426, 428, 436, 437, 452, 453, 455, 456, 467, 471, 472, 477, 478, 479, 480, 483, 484, 490, 496, 497, 505, 507, 508, 509, 510, 511, 514, 516, 517, 523, 525, 529, 532, 533, 536, 538, 545, 546, 552, 559, 561, 565, 568, 571, 574, 575, 576, 577, 578, 579, 580, 581, 582, 583, 584, 585, 586, 587, 588, 589, 590, 591, 592, 593, 594, 595, 596, 597, 598, 599, 600, 601, 602, 603, 604, 605, 606, 607, 608, 609, 610, 611, 612, 613, 614, 615, 616, 617, 618, 619, 620, 621, 622, 623, 624, 625, 626, 627, 628, 629, 630, 631, 632, 633, 634, 635, 636, 637, 638, 639, 640, 641, 642, 643, 644, 645, 646, 647, 648, 649, 650, 651, 652, 653, 654, 655, 656, 657, 658, 659, 660, 661, 662, 663, 664, 665, 666, 667, 668, 669, 670, 671, 672, 673, 674, 675, 676, 677, 678, 679, 680, 681, 682, 683, 684, 685, 686, 687, 688, 689, 690, 691, 692, 693, 694, 695, 696, 697, 698, 699, 700, 701, 702, 703, 704, 705, 706, 707, 708, 709, 710, 711, 712, 713, 714, 715, 716, 717, 718, 719, 720, 721, 722, 723, 724, 725, 726, 727, 728, 729, 730, 731, 732, 733, 734, 735, 736, 737, 738, 739, 740, 741, 742, 743, 744, 745, 746, 747, 748, 749, 750, 751, 752, 753, 754, 755, 756, 757, 758, 759, 760, 761, 762, 763, 764, 765, 766, 767, 768, 769, 770, 771, 772, 773, 774, 775, 776, 777, 778, 779, 780, 781, 782, 783, 784, 785, 786, 787, 788, 789, 790, 791, 792, 793, 809, 817, 819, 830, 833, 834, 836, 845, 856, 857, 860, 862, 875, 878, 880, 887, 888, 899, 900, 902, 914, 918, 919, 921, 928, 929, 930, 932, 934, 935]",True,"[334, 790]","[103, 104, 105, 106, 107, 108, 109, 110, 111, 112, 113, 114, 115, 116, 117, 118, 119, 120, 121, 122, 123, 124, 125, 126, 127, 128, 129, 130, 131, 132, 133, 134, 135, 136, 137, 138, 139, 140, 141, 142, 143, 144, 145, 146, 147, 148, 149, 150, 151, 152, 153, 154, 155, 156, 157, 158, 159, 160, 161, 162, 163, 164, 165, 166, 167, 168, 169, 170, 171, 172, 173, 174, 175, 176, 177, 178, 179, 180, 181, 182, 183, 184, 185, 186, 187, 188, 189, 190, 191, 192, 193, 194, 195, 196, 197, 198, 199, 200, 201, 202, 203, 204, 205, 206, 207, 208, 209, 210, 211, 212, 213, 214, 215, 216, 217, 218, 219, 220, 221, 222, 223, 224, 225, 226, 227, 228, 229, 230, 231, 232, 233, 234, 235, 236, 237, 238, 239, 240, 241, 242, 243, 244, 245, 246, 247, 248, 249, 250, 251, 252, 253, 254, 255, 256, 257, 258, 259, 260, 261, 262, 263, 264, 265, 266, 267, 268, 269, 270, 271, 272, 273, 274, 275, 276, 277, 278, 279, 280, 281, 282, 283, 284, 285, 286, 287, 288, 289, 290, 291, 292, 293, 294, 295, 296, 297, 298, 299, 300, 301, 302, 303, 304, 305, 306, 307, 308, 309, 310, 311, 312, 313, 314, 315, 316, 317, 318, 319, 320, 321, 322, 323, 324, 325, 326, 327, 328, 329, 330, 331, 332, 333, 334, 335, 336, 337, 574, 575, 576, 577, 578, 579, 580, 581, 582, 583, 584, 585, 586, 587, 588, 589, 590, 591, 592, 593, 594, 595, 596, 597, 598, 599, 600, 601, 602, 603, 604, 605, 606, 607, 608, 609, 610, 611, 612, 613, 614, 615, 616, 617, 618, 619, 620, 621, 622, 623, 624, 625, 626, 627, 628, 629, 630, 631, 632, 633, 634, 635, 636, 637, 638, 639, 640, 641, 642, 643, 644, 645, 646, 647, 648, 649, 650, 651, 652, 653, 654, 655, 656, 657, 658, 659, 660, 661, 662, 663, 664, 665, 666, 667, 668, 669, 670, 671, 672, 673, 674, 675, 676, 677, 678, 679, 680, 681, 682, 683, 684, 685, 686, 687, 688, 689, 690, 691, 692, 693, 694, 695, 696, 697, 698, 699, 700, 701, 702, 703, 704, 705, 706, 707, 708, 709, 710, 711, 712, 713, 714, 715, 716, 717, 718, 719, 720, 721, 722, 723, 724, 725, 726, 727, 728, 729, 730, 731, 732, 733, 734, 735, 736, 737, 738, 739, 740, 741, 742, 743, 744, 745, 746, 747, 748, 749, 750, 751, 752, 753, 754, 755, 756, 757, 758, 759, 760, 761, 762, 763, 764, 765, 766, 767, 768, 769, 770, 771, 772, 773, 774, 775, 776, 777, 778, 779, 780, 781, 782, 783, 784, 785, 786, 787, 788, 789, 790, 791, 792, 793]","[334, 790]","[258, 334, 720, 790]","[4, 11, 18, 21, 23, 26, 27, 28, 31, 35, 36, 43, 45, 52, 55, 56, 60, 62, 64, 70, 71, 80, 90, 94, 97, 183, 197, 232, 334, 426, 455, 472, 477, 478, 480, 483, 484, 490, 496, 505, 507, 509, 510, 511, 514, 516, 517, 523, 525, 529, 532, 533, 536, 538, 545, 546, 552, 561, 565, 568, 654, 668, 696, 790, 857, 878, 902, 919, 928, 929, 932, 934, 935]","[12, 24, 25, 28, 88, 100, 104, 119, 123, 129, 136, 137, 139, 140, 141, 148, 155, 169, 172, 179, 183, 185, 188, 196, 198, 217, 237, 267, 270, 278, 319, 321, 324, 325, 330, 334, 335, 354, 366, 369, 380, 383, 384, 386, 395, 407, 411, 423, 428, 436, 437, 452, 453, 456, 467, 471, 477, 478, 479, 497, 508, 511, 559, 571, 575, 590, 594, 600, 607, 608, 610, 611, 612, 619, 627, 640, 643, 650, 654, 656, 659, 667, 669, 685, 701, 726, 729, 737, 777, 779, 782, 783, 787, 790, 791, 809, 817, 819, 830, 833, 834, 836, 845, 856, 857, 860, 862, 875, 880, 887, 888, 899, 900, 914, 918, 921, 928, 929, 930]","[12, 24, 25, 28, 88, 100, 104, 119, 123, 129, 136, 137, 139, 140, 141, 148, 155, 169, 172, 179, 183, 185, 188, 196, 198, 217, 237, 267, 270, 278, 319, 321, 324, 325, 330, 334, 335, 354, 366, 369, 380, 383, 384, 386, 395, 407, 411, 423, 428, 436, 437, 452, 453, 456, 467, 471, 477, 478, 479, 497, 508, 511, 559, 571, 575, 590, 594, 600, 607, 608, 610, 611, 612, 619, 627, 640, 643, 650, 654, 656, 659, 667, 669, 685, 701, 726, 729, 737, 777, 779, 782, 783, 787, 790, 791, 809, 817, 819, 830, 833, 834, 836, 845, 856, 857, 860, 862, 875, 880, 887, 888, 899, 900, 914, 918, 921, 928, 929, 930]",7/6 successful match,True,"[742, 743]",True,289,False,,0.7225806451612904,True,Westside Chevron mi W ),Chevron
"Needles ( 92363 ) Westside Chevron Dr , 1/2 mi W )",760-326-3048 I-40 Exit 141 ( W Broadway ),24 <U+25A1>,Needles,92363,"Westside Chevron Dr , 1/2 mi W )",760-326-3048,2016,Needles,CA,Chevron,( W Broadway ),I-40 Exit 141 ,Exit,141,False,,False,I-40,,,,,"[334, 790]","[334, 790]","[334, 790]","[258, 334, 720, 790]","[103, 104, 105, 106, 107, 108, 109, 110, 111, 112, 113, 114, 115, 116, 117, 118, 119, 120, 121, 122, 123, 124, 125, 126, 127, 128, 129, 130, 131, 132, 133, 134, 135, 136, 137, 138, 139, 140, 141, 142, 143, 144, 145, 146, 147, 148, 149, 150, 151, 152, 153, 154, 155, 156, 157, 158, 159, 160, 161, 162, 163, 164, 165, 166, 167, 168, 169, 170, 171, 172, 173, 174, 175, 176, 177, 178, 179, 180, 181, 182, 183, 184, 185, 186, 187, 188, 189, 190, 191, 192, 193, 194, 195, 196, 197, 198, 199, 200, 201, 202, 203, 204, 205, 206, 207, 208, 209, 210, 211, 212, 213, 214, 215, 216, 217, 218, 219, 220, 221, 222, 223, 224, 225, 226, 227, 228, 229, 230, 231, 232, 233, 234, 235, 236, 237, 238, 239, 240, 241, 242, 243, 244, 245, 246, 247, 248, 249, 250, 251, 252, 253, 254, 255, 256, 257, 258, 259, 260, 261, 262, 263, 264, 265, 266, 267, 268, 269, 270, 271, 272, 273, 274, 275, 276, 277, 278, 279, 280, 281, 282, 283, 284, 285, 286, 287, 288, 289, 290, 291, 292, 293, 294, 295, 296, 297, 298, 299, 300, 301, 302, 303, 304, 305, 306, 307, 308, 309, 310, 311, 312, 313, 314, 315, 316, 317, 318, 319, 320, 321, 322, 323, 324, 325, 326, 327, 328, 329, 330, 331, 332, 333, 334, 335, 336, 337, 574, 575, 576, 577, 578, 579, 580, 581, 582, 583, 584, 585, 586, 587, 588, 589, 590, 591, 592, 593, 594, 595, 596, 597, 598, 599, 600, 601, 602, 603, 604, 605, 606, 607, 608, 609, 610, 611, 612, 613, 614, 615, 616, 617, 618, 619, 620, 621, 622, 623, 624, 625, 626, 627, 628, 629, 630, 631, 632, 633, 634, 635, 636, 637, 638, 639, 640, 641, 642, 643, 644, 645, 646, 647, 648, 649, 650, 651, 652, 653, 654, 655, 656, 657, 658, 659, 660, 661, 662, 663, 664, 665, 666, 667, 668, 669, 670, 671, 672, 673, 674, 675, 676, 677, 678, 679, 680, 681, 682, 683, 684, 685, 686, 687, 688, 689, 690, 691, 692, 693, 694, 695, 696, 697, 698, 699, 700, 701, 702, 703, 704, 705, 706, 707, 708, 709, 710, 711, 712, 713, 714, 715, 716, 717, 718, 719, 720, 721, 722, 723, 724, 725, 726, 727, 728, 729, 730, 731, 732, 733, 734, 735, 736, 737, 738, 739, 740, 741, 742, 743, 744, 745, 746, 747, 748, 749, 750, 751, 752, 753, 754, 755, 756, 757, 758, 759, 760, 761, 762, 763, 764, 765, 766, 767, 768, 769, 770, 771, 772, 773, 774, 775, 776, 777, 778, 779, 780, 781, 782, 783, 784, 785, 786, 787, 788, 789, 790, 791, 792, 793]","[4, 11, 18, 21, 23, 26, 27, 28, 31, 35, 36, 43, 45, 52, 55, 56, 60, 62, 64, 70, 71, 80, 90, 94, 97, 183, 197, 232, 334, 426, 455, 472, 477, 478, 480, 483, 484, 490, 496, 505, 507, 509, 510, 511, 514, 516, 517, 523, 525, 529, 532, 533, 536, 538, 545, 546, 552, 561, 565, 568, 654, 668, 696, 790, 857, 878, 902, 919, 928, 929, 932, 934, 935]","[12, 24, 25, 28, 88, 100, 104, 119, 123, 129, 136, 137, 139, 140, 141, 148, 155, 169, 172, 179, 183, 185, 188, 196, 198, 217, 237, 267, 270, 278, 319, 321, 324, 325, 330, 334, 335, 354, 366, 369, 380, 383, 384, 386, 395, 407, 411, 423, 428, 436, 437, 452, 453, 456, 467, 471, 477, 478, 479, 497, 508, 511, 559, 571, 575, 590, 594, 600, 607, 608, 610, 611, 612, 619, 627, 640, 643, 650, 654, 656, 659, 667, 669, 685, 701, 726, 729, 737, 777, 779, 782, 783, 787, 790, 791, 809, 817, 819, 830, 833, 834, 836, 845, 856, 857, 860, 862, 875, 880, 887, 888, 899, 900, 914, 918, 921, 928, 929, 930]","[12, 24, 25, 28, 88, 100, 104, 119, 123, 129, 136, 137, 139, 140, 141, 148, 155, 169, 172, 179, 183, 185, 188, 196, 198, 217, 237, 267, 270, 278, 319, 321, 324, 325, 330, 334, 335, 354, 366, 369, 380, 383, 384, 386, 395, 407, 411, 423, 428, 436, 437, 452, 453, 456, 467, 471, 477, 478, 479, 497, 508, 511, 559, 571, 575, 590, 594, 600, 607, 608, 610, 611, 612, 619, 627, 640, 643, 650, 654, 656, 659, 667, 669, 685, 701, 726, 729, 737, 777, 779, 782, 783, 787, 790, 791, 809, 817, 819, 830, 833, 834, 836, 845, 856, 857, 860, 862, 875, 880, 887, 888, 899, 900, 914, 918, 921, 928, 929, 930]","[4, 11, 12, 18, 21, 23, 24, 25, 26, 27, 28, 31, 35, 36, 43, 45, 52, 55, 56, 60, 62, 64, 70, 71, 80, 88, 90, 94, 97, 100, 103, 104, 105, 106, 107, 108, 109, 110, 111, 112, 113, 114, 115, 116, 117, 118, 119, 120, 121, 122, 123, 124, 125, 126, 127, 128, 129, 130, 131, 132, 133, 134, 135, 136, 137, 138, 139, 140, 141, 142, 143, 144, 145, 146, 147, 148, 149, 150, 151, 152, 153, 154, 155, 156, 157, 158, 159, 160, 161, 162, 163, 164, 165, 166, 167, 168, 169, 170, 171, 172, 173, 174, 175, 176, 177, 178, 179, 180, 181, 182, 183, 184, 185, 186, 187, 188, 189, 190, 191, 192, 193, 194, 195, 196, 197, 198, 199, 200, 201, 202, 203, 204, 205, 206, 207, 208, 209, 210, 211, 212, 213, 214, 215, 216, 217, 218, 219, 220, 221, 222, 223, 224, 225, 226, 227, 228, 229, 230, 231, 232, 233, 234, 235, 236, 237, 238, 239, 240, 241, 242, 243, 244, 245, 246, 247, 248, 249, 250, 251, 252, 253, 254, 255, 256, 257, 258, 259, 260, 261, 262, 263, 264, 265, 266, 267, 268, 269, 270, 271, 272, 273, 274, 275, 276, 277, 278, 279, 280, 281, 282, 283, 284, 285, 286, 287, 288, 289, 290, 291, 292, 293, 294, 295, 296, 297, 298, 299, 300, 301, 302, 303, 304, 305, 306, 307, 308, 309, 310, 311, 312, 313, 314, 315, 316, 317, 318, 319, 320, 321, 322, 323, 324, 325, 326, 327, 328, 329, 330, 331, 332, 333, 334, 335, 336, 337, 354, 366, 369, 380, 383, 384, 386, 395, 407, 411, 423, 426, 428, 436, 437, 452, 453, 455, 456, 467, 471, 472, 477, 478, 479, 480, 483, 484, 490, 496, 497, 505, 507, 508, 509, 510, 511, 514, 516, 517, 523, 525, 529, 532, 533, 536, 538, 545, 546, 552, 559, 561, 565, 568, 571, 574, 575, 576, 577, 578, 579, 580, 581, 582, 583, 584, 585, 586, 587, 588, 589, 590, 591, 592, 593, 594, 595, 596, 597, 598, 599, 600, 601, 602, 603, 604, 605, 606, 607, 608, 609, 610, 611, 612, 613, 614, 615, 616, 617, 618, 619, 620, 621, 622, 623, 624, 625, 626, 627, 628, 629, 630, 631, 632, 633, 634, 635, 636, 637, 638, 639, 640, 641, 642, 643, 644, 645, 646, 647, 648, 649, 650, 651, 652, 653, 654, 655, 656, 657, 658, 659, 660, 661, 662, 663, 664, 665, 666, 667, 668, 669, 670, 671, 672, 673, 674, 675, 676, 677, 678, 679, 680, 681, 682, 683, 684, 685, 686, 687, 688, 689, 690, 691, 692, 693, 694, 695, 696, 697, 698, 699, 700, 701, 702, 703, 704, 705, 706, 707, 708, 709, 710, 711, 712, 713, 714, 715, 716, 717, 718, 719, 720, 721, 722, 723, 724, 725, 726, 727, 728, 729, 730, 731, 732, 733, 734, 735, 736, 737, 738, 739, 740, 741, 742, 743, 744, 745, 746, 747, 748, 749, 750, 751, 752, 753, 754, 755, 756, 757, 758, 759, 760, 761, 762, 763, 764, 765, 766, 767, 768, 769, 770, 771, 772, 773, 774, 775, 776, 777, 778, 779, 780, 781, 782, 783, 784, 785, 786, 787, 788, 789, 790, 791, 792, 793, 809, 817, 819, 830, 833, 834, 836, 845, 856, 857, 860, 862, 875, 878, 880, 887, 888, 899, 900, 902, 914, 918, 919, 921, 928, 929, 930, 932, 934, 935]",True,"[334, 790]","[103, 104, 105, 106, 107, 108, 109, 110, 111, 112, 113, 114, 115, 116, 117, 118, 119, 120, 121, 122, 123, 124, 125, 126, 127, 128, 129, 130, 131, 132, 133, 134, 135, 136, 137, 138, 139, 140, 141, 142, 143, 144, 145, 146, 147, 148, 149, 150, 151, 152, 153, 154, 155, 156, 157, 158, 159, 160, 161, 162, 163, 164, 165, 166, 167, 168, 169, 170, 171, 172, 173, 174, 175, 176, 177, 178, 179, 180, 181, 182, 183, 184, 185, 186, 187, 188, 189, 190, 191, 192, 193, 194, 195, 196, 197, 198, 199, 200, 201, 202, 203, 204, 205, 206, 207, 208, 209, 210, 211, 212, 213, 214, 215, 216, 217, 218, 219, 220, 221, 222, 223, 224, 225, 226, 227, 228, 229, 230, 231, 232, 233, 234, 235, 236, 237, 238, 239, 240, 241, 242, 243, 244, 245, 246, 247, 248, 249, 250, 251, 252, 253, 254, 255, 256, 257, 258, 259, 260, 261, 262, 263, 264, 265, 266, 267, 268, 269, 270, 271, 272, 273, 274, 275, 276, 277, 278, 279, 280, 281, 282, 283, 284, 285, 286, 287, 288, 289, 290, 291, 292, 293, 294, 295, 296, 297, 298, 299, 300, 301, 302, 303, 304, 305, 306, 307, 308, 309, 310, 311, 312, 313, 314, 315, 316, 317, 318, 319, 320, 321, 322, 323, 324, 325, 326, 327, 328, 329, 330, 331, 332, 333, 334, 335, 336, 337, 574, 575, 576, 577, 578, 579, 580, 581, 582, 583, 584, 585, 586, 587, 588, 589, 590, 591, 592, 593, 594, 595, 596, 597, 598, 599, 600, 601, 602, 603, 604, 605, 606, 607, 608, 609, 610, 611, 612, 613, 614, 615, 616, 617, 618, 619, 620, 621, 622, 623, 624, 625, 626, 627, 628, 629, 630, 631, 632, 633, 634, 635, 636, 637, 638, 639, 640, 641, 642, 643, 644, 645, 646, 647, 648, 649, 650, 651, 652, 653, 654, 655, 656, 657, 658, 659, 660, 661, 662, 663, 664, 665, 666, 667, 668, 669, 670, 671, 672, 673, 674, 675, 676, 677, 678, 679, 680, 681, 682, 683, 684, 685, 686, 687, 688, 689, 690, 691, 692, 693, 694, 695, 696, 697, 698, 699, 700, 701, 702, 703, 704, 705, 706, 707, 708, 709, 710, 711, 712, 713, 714, 715, 716, 717, 718, 719, 720, 721, 722, 723, 724, 725, 726, 727, 728, 729, 730, 731, 732, 733, 734, 735, 736, 737, 738, 739, 740, 741, 742, 743, 744, 745, 746, 747, 748, 749, 750, 751, 752, 753, 754, 755, 756, 757, 758, 759, 760, 761, 762, 763, 764, 765, 766, 767, 768, 769, 770, 771, 772, 773, 774, 775, 776, 777, 778, 779, 780, 781, 782, 783, 784, 785, 786, 787, 788, 789, 790, 791, 792, 793]","[334, 790]","[258, 334, 720, 790]","[4, 11, 18, 21, 23, 26, 27, 28, 31, 35, 36, 43, 45, 52, 55, 56, 60, 62, 64, 70, 71, 80, 90, 94, 97, 183, 197, 232, 334, 426, 455, 472, 477, 478, 480, 483, 484, 490, 496, 505, 507, 509, 510, 511, 514, 516, 517, 523, 525, 529, 532, 533, 536, 538, 545, 546, 552, 561, 565, 568, 654, 668, 696, 790, 857, 878, 902, 919, 928, 929, 932, 934, 935]","[12, 24, 25, 28, 88, 100, 104, 119, 123, 129, 136, 137, 139, 140, 141, 148, 155, 169, 172, 179, 183, 185, 188, 196, 198, 217, 237, 267, 270, 278, 319, 321, 324, 325, 330, 334, 335, 354, 366, 369, 380, 383, 384, 386, 395, 407, 411, 423, 428, 436, 437, 452, 453, 456, 467, 471, 477, 478, 479, 497, 508, 511, 559, 571, 575, 590, 594, 600, 607, 608, 610, 611, 612, 619, 627, 640, 643, 650, 654, 656, 659, 667, 669, 685, 701, 726, 729, 737, 777, 779, 782, 783, 787, 790, 791, 809, 817, 819, 830, 833, 834, 836, 845, 856, 857, 860, 862, 875, 880, 887, 888, 899, 900, 914, 918, 921, 928, 929, 930]","[12, 24, 25, 28, 88, 100, 104, 119, 123, 129, 136, 137, 139, 140, 141, 148, 155, 169, 172, 179, 183, 185, 188, 196, 198, 217, 237, 267, 270, 278, 319, 321, 324, 325, 330, 334, 335, 354, 366, 369, 380, 383, 384, 386, 395, 407, 411, 423, 428, 436, 437, 452, 453, 456, 467, 471, 477, 478, 479, 497, 508, 511, 559, 571, 575, 590, 594, 600, 607, 608, 610, 611, 612, 619, 627, 640, 643, 650, 654, 656, 659, 667, 669, 685, 701, 726, 729, 737, 777, 779, 782, 783, 787, 790, 791, 809, 817, 819, 830, 833, 834, 836, 845, 856, 857, 860, 862, 875, 880, 887, 888, 899, 900, 914, 918, 921, 928, 929, 930]",7/6 successful match,True,"[742, 743]",True,289,False,,0.7704225352112677,True,"Westside Chevron Marina Dr , 1/2 mi W )",Chevron
"Rialto , 92376 I-10 Truck Stop",909-877-1171 I-10 Exit 68 ( N to 195 E Valley ),000,Rialto,92376,I-10 Truck Stop,909-877-1171,2006,Rialto,CA,,( N to 195 E Valley ),I-10 Exit 68 ,Exit,68,False,,False,I-10,,,,,"[657, 186]","[186, 657]","[186, 247, 267, 657, 726]","[186, 247, 267, 657, 726]","[103, 104, 105, 106, 107, 108, 109, 110, 111, 112, 113, 114, 115, 116, 117, 118, 119, 120, 121, 122, 123, 124, 125, 126, 127, 128, 129, 130, 131, 132, 133, 134, 135, 136, 137, 138, 139, 140, 141, 142, 143, 144, 145, 146, 147, 148, 149, 150, 151, 152, 153, 154, 155, 156, 157, 158, 159, 160, 161, 162, 163, 164, 165, 166, 167, 168, 169, 170, 171, 172, 173, 174, 175, 176, 177, 178, 179, 180, 181, 182, 183, 184, 185, 186, 187, 188, 189, 190, 191, 192, 193, 194, 195, 196, 197, 198, 199, 200, 201, 202, 203, 204, 205, 206, 207, 208, 209, 210, 211, 212, 213, 214, 215, 216, 217, 218, 219, 220, 221, 222, 223, 224, 225, 226, 227, 228, 229, 230, 231, 232, 233, 234, 235, 236, 237, 238, 239, 240, 241, 242, 243, 244, 245, 246, 247, 248, 249, 250, 251, 252, 253, 254, 255, 256, 257, 258, 259, 260, 261, 262, 263, 264, 265, 266, 267, 268, 269, 270, 271, 272, 273, 274, 275, 276, 277, 278, 279, 280, 281, 282, 283, 284, 285, 286, 287, 288, 289, 290, 291, 292, 293, 294, 295, 296, 297, 298, 299, 300, 301, 302, 303, 304, 305, 306, 307, 308, 309, 310, 311, 312, 313, 314, 315, 316, 317, 318, 319, 320, 321, 322, 323, 324, 325, 326, 327, 328, 329, 330, 331, 332, 333, 334, 335, 336, 337, 574, 575, 576, 577, 578, 579, 580, 581, 582, 583, 584, 585, 586, 587, 588, 589, 590, 591, 592, 593, 594, 595, 596, 597, 598, 599, 600, 601, 602, 603, 604, 605, 606, 607, 608, 609, 610, 611, 612, 613, 614, 615, 616, 617, 618, 619, 620, 621, 622, 623, 624, 625, 626, 627, 628, 629, 630, 631, 632, 633, 634, 635, 636, 637, 638, 639, 640, 641, 642, 643, 644, 645, 646, 647, 648, 649, 650, 651, 652, 653, 654, 655, 656, 657, 658, 659, 660, 661, 662, 663, 664, 665, 666, 667, 668, 669, 670, 671, 672, 673, 674, 675, 676, 677, 678, 679, 680, 681, 682, 683, 684, 685, 686, 687, 688, 689, 690, 691, 692, 693, 694, 695, 696, 697, 698, 699, 700, 701, 702, 703, 704, 705, 706, 707, 708, 709, 710, 711, 712, 713, 714, 715, 716, 717, 718, 719, 720, 721, 722, 723, 724, 725, 726, 727, 728, 729, 730, 731, 732, 733, 734, 735, 736, 737, 738, 739, 740, 741, 742, 743, 744, 745, 746, 747, 748, 749, 750, 751, 752, 753, 754, 755, 756, 757, 758, 759, 760, 761, 762, 763, 764, 765, 766, 767, 768, 769, 770, 771, 772, 773, 774, 775, 776, 777, 778, 779, 780, 781, 782, 783, 784, 785, 786, 787, 788, 789, 790, 791, 792, 793]","[0, 5, 7, 10, 14, 19, 20, 22, 24, 32, 33, 34, 37, 38, 40, 44, 46, 48, 49, 51, 56, 61, 63, 65, 67, 68, 73, 74, 75, 76, 79, 81, 82, 83, 85, 87, 88, 92, 93, 95, 96, 99, 100, 101, 115, 116, 124, 134, 142, 161, 167, 169, 170, 186, 202, 240, 244, 254, 260, 267, 277, 300, 303, 307, 310, 322, 331, 376, 485, 491, 493, 495, 499, 503, 504, 506, 508, 515, 518, 519, 521, 524, 526, 528, 533, 537, 539, 542, 543, 547, 548, 549, 550, 551, 553, 554, 556, 558, 559, 563, 564, 566, 567, 570, 571, 572, 586, 587, 595, 605, 613, 633, 639, 640, 641, 657, 672, 704, 717, 726, 736, 759, 761, 765, 768, 780, 788, 792, 826]",[],"[186, 657]","[0, 5, 7, 10, 14, 19, 20, 22, 24, 32, 33, 34, 37, 38, 40, 44, 46, 48, 49, 51, 56, 61, 63, 65, 67, 68, 73, 74, 75, 76, 79, 81, 82, 83, 85, 87, 88, 92, 93, 95, 96, 99, 100, 101, 103, 104, 105, 106, 107, 108, 109, 110, 111, 112, 113, 114, 115, 116, 117, 118, 119, 120, 121, 122, 123, 124, 125, 126, 127, 128, 129, 130, 131, 132, 133, 134, 135, 136, 137, 138, 139, 140, 141, 142, 143, 144, 145, 146, 147, 148, 149, 150, 151, 152, 153, 154, 155, 156, 157, 158, 159, 160, 161, 162, 163, 164, 165, 166, 167, 168, 169, 170, 171, 172, 173, 174, 175, 176, 177, 178, 179, 180, 181, 182, 183, 184, 185, 186, 187, 188, 189, 190, 191, 192, 193, 194, 195, 196, 197, 198, 199, 200, 201, 202, 203, 204, 205, 206, 207, 208, 209, 210, 211, 212, 213, 214, 215, 216, 217, 218, 219, 220, 221, 222, 223, 224, 225, 226, 227, 228, 229, 230, 231, 232, 233, 234, 235, 236, 237, 238, 239, 240, 241, 242, 243, 244, 245, 246, 247, 248, 249, 250, 251, 252, 253, 254, 255, 256, 257, 258, 259, 260, 261, 262, 263, 264, 265, 266, 267, 268, 269, 270, 271, 272, 273, 274, 275, 276, 277, 278, 279, 280, 281, 282, 283, 284, 285, 286, 287, 288, 289, 290, 291, 292, 293, 294, 295, 296, 297, 298, 299, 300, 301, 302, 303, 304, 305, 306, 307, 308, 309, 310, 311, 312, 313, 314, 315, 316, 317, 318, 319, 320, 321, 322, 323, 324, 325, 326, 327, 328, 329, 330, 331, 332, 333, 334, 335, 336, 337, 376, 485, 491, 493, 495, 499, 503, 504, 506, 508, 515, 518, 519, 521, 524, 526, 528, 533, 537, 539, 542, 543, 547, 548, 549, 550, 551, 553, 554, 556, 558, 559, 563, 564, 566, 567, 570, 571, 572, 574, 575, 576, 577, 578, 579, 580, 581, 582, 583, 584, 585, 586, 587, 588, 589, 590, 591, 592, 593, 594, 595, 596, 597, 598, 599, 600, 601, 602, 603, 604, 605, 606, 607, 608, 609, 610, 611, 612, 613, 614, 615, 616, 617, 618, 619, 620, 621, 622, 623, 624, 625, 626, 627, 628, 629, 630, 631, 632, 633, 634, 635, 636, 637, 638, 639, 640, 641, 642, 643, 644, 645, 646, 647, 648, 649, 650, 651, 652, 653, 654, 655, 656, 657, 658, 659, 660, 661, 662, 663, 664, 665, 666, 667, 668, 669, 670, 671, 672, 673, 674, 675, 676, 677, 678, 679, 680, 681, 682, 683, 684, 685, 686, 687, 688, 689, 690, 691, 692, 693, 694, 695, 696, 697, 698, 699, 700, 701, 702, 703, 704, 705, 706, 707, 708, 709, 710, 711, 712, 713, 714, 715, 716, 717, 718, 719, 720, 721, 722, 723, 724, 725, 726, 727, 728, 729, 730, 731, 732, 733, 734, 735, 736, 737, 738, 739, 740, 741, 742, 743, 744, 745, 746, 747, 748, 749, 750, 751, 752, 753, 754, 755, 756, 757, 758, 759, 760, 761, 762, 763, 764, 765, 766, 767, 768, 769, 770, 771, 772, 773, 774, 775, 776, 777, 778, 779, 780, 781, 782, 783, 784, 785, 786, 787, 788, 789, 790, 791, 792, 793, 826]",True,"[186, 657]","[103, 104, 105, 106, 107, 108, 109, 110, 111, 112, 113, 114, 115, 116, 117, 118, 119, 120, 121, 122, 123, 124, 125, 126, 127, 128, 129, 130, 131, 132, 133, 134, 135, 136, 137, 138, 139, 140, 141, 142, 143, 144, 145, 146, 147, 148, 149, 150, 151, 152, 153, 154, 155, 156, 157, 158, 159, 160, 161, 162, 163, 164, 165, 166, 167, 168, 169, 170, 171, 172, 173, 174, 175, 176, 177, 178, 179, 180, 181, 182, 183, 184, 185, 186, 187, 188, 189, 190, 191, 192, 193, 194, 195, 196, 197, 198, 199, 200, 201, 202, 203, 204, 205, 206, 207, 208, 209, 210, 211, 212, 213, 214, 215, 216, 217, 218, 219, 220, 221, 222, 223, 224, 225, 226, 227, 228, 229, 230, 231, 232, 233, 234, 235, 236, 237, 238, 239, 240, 241, 242, 243, 244, 245, 246, 247, 248, 249, 250, 251, 252, 253, 254, 255, 256, 257, 258, 259, 260, 261, 262, 263, 264, 265, 266, 267, 268, 269, 270, 271, 272, 273, 274, 275, 276, 277, 278, 279, 280, 281, 282, 283, 284, 285, 286, 287, 288, 289, 290, 291, 292, 293, 294, 295, 296, 297, 298, 299, 300, 301, 302, 303, 304, 305, 306, 307, 308, 309, 310, 311, 312, 313, 314, 315, 316, 317, 318, 319, 320, 321, 322, 323, 324, 325, 326, 327, 328, 329, 330, 331, 332, 333, 334, 335, 336, 337, 574, 575, 576, 577, 578, 579, 580, 581, 582, 583, 584, 585, 586, 587, 588, 589, 590, 591, 592, 593, 594, 595, 596, 597, 598, 599, 600, 601, 602, 603, 604, 605, 606, 607, 608, 609, 610, 611, 612, 613, 614, 615, 616, 617, 618, 619, 620, 621, 622, 623, 624, 625, 626, 627, 628, 629, 630, 631, 632, 633, 634, 635, 636, 637, 638, 639, 640, 641, 642, 643, 644, 645, 646, 647, 648, 649, 650, 651, 652, 653, 654, 655, 656, 657, 658, 659, 660, 661, 662, 663, 664, 665, 666, 667, 668, 669, 670, 671, 672, 673, 674, 675, 676, 677, 678, 679, 680, 681, 682, 683, 684, 685, 686, 687, 688, 689, 690, 691, 692, 693, 694, 695, 696, 697, 698, 699, 700, 701, 702, 703, 704, 705, 706, 707, 708, 709, 710, 711, 712, 713, 714, 715, 716, 717, 718, 719, 720, 721, 722, 723, 724, 725, 726, 727, 728, 729, 730, 731, 732, 733, 734, 735, 736, 737, 738, 739, 740, 741, 742, 743, 744, 745, 746, 747, 748, 749, 750, 751, 752, 753, 754, 755, 756, 757, 758, 759, 760, 761, 762, 763, 764, 765, 766, 767, 768, 769, 770, 771, 772, 773, 774, 775, 776, 777, 778, 779, 780, 781, 782, 783, 784, 785, 786, 787, 788, 789, 790, 791, 792, 793]","[186, 247, 267, 657, 726]","[186, 247, 267, 657, 726]","[0, 5, 7, 10, 14, 19, 20, 22, 24, 32, 33, 34, 37, 38, 40, 44, 46, 48, 49, 51, 56, 61, 63, 65, 67, 68, 73, 74, 75, 76, 79, 81, 82, 83, 85, 87, 88, 92, 93, 95, 96, 99, 100, 101, 115, 116, 124, 134, 142, 161, 167, 169, 170, 186, 202, 240, 244, 254, 260, 267, 277, 300, 303, 307, 310, 322, 331, 376, 485, 491, 493, 495, 499, 503, 504, 506, 508, 515, 518, 519, 521, 524, 526, 528, 533, 537, 539, 542, 543, 547, 548, 549, 550, 551, 553, 554, 556, 558, 559, 563, 564, 566, 567, 570, 571, 572, 586, 587, 595, 605, 613, 633, 639, 640, 641, 657, 672, 704, 717, 726, 736, 759, 761, 765, 768, 780, 788, 792, 826]","[186, 657]",[],7/6 successful match,True,,False,290,False,,,,,
"Rialto , 92376 I-10 Truck Stop Mansa",909-877-1171 I-10 Exit 68 ( N to 195 E,HRS 24,Rialto,92376,I-10 Truck Stop Mansa,909-877-1171,2007,Rialto,CA,,( N to 195 E,I-10 Exit 68 ,Exit,68,False,,False,I-10,,,,,"[657, 186]","[186, 657]","[186, 247, 267, 657, 726]","[186, 247, 267, 657, 726]","[103, 104, 105, 106, 107, 108, 109, 110, 111, 112, 113, 114, 115, 116, 117, 118, 119, 120, 121, 122, 123, 124, 125, 126, 127, 128, 129, 130, 131, 132, 133, 134, 135, 136, 137, 138, 139, 140, 141, 142, 143, 144, 145, 146, 147, 148, 149, 150, 151, 152, 153, 154, 155, 156, 157, 158, 159, 160, 161, 162, 163, 164, 165, 166, 167, 168, 169, 170, 171, 172, 173, 174, 175, 176, 177, 178, 179, 180, 181, 182, 183, 184, 185, 186, 187, 188, 189, 190, 191, 192, 193, 194, 195, 196, 197, 198, 199, 200, 201, 202, 203, 204, 205, 206, 207, 208, 209, 210, 211, 212, 213, 214, 215, 216, 217, 218, 219, 220, 221, 222, 223, 224, 225, 226, 227, 228, 229, 230, 231, 232, 233, 234, 235, 236, 237, 238, 239, 240, 241, 242, 243, 244, 245, 246, 247, 248, 249, 250, 251, 252, 253, 254, 255, 256, 257, 258, 259, 260, 261, 262, 263, 264, 265, 266, 267, 268, 269, 270, 271, 272, 273, 274, 275, 276, 277, 278, 279, 280, 281, 282, 283, 284, 285, 286, 287, 288, 289, 290, 291, 292, 293, 294, 295, 296, 297, 298, 299, 300, 301, 302, 303, 304, 305, 306, 307, 308, 309, 310, 311, 312, 313, 314, 315, 316, 317, 318, 319, 320, 321, 322, 323, 324, 325, 326, 327, 328, 329, 330, 331, 332, 333, 334, 335, 336, 337, 574, 575, 576, 577, 578, 579, 580, 581, 582, 583, 584, 585, 586, 587, 588, 589, 590, 591, 592, 593, 594, 595, 596, 597, 598, 599, 600, 601, 602, 603, 604, 605, 606, 607, 608, 609, 610, 611, 612, 613, 614, 615, 616, 617, 618, 619, 620, 621, 622, 623, 624, 625, 626, 627, 628, 629, 630, 631, 632, 633, 634, 635, 636, 637, 638, 639, 640, 641, 642, 643, 644, 645, 646, 647, 648, 649, 650, 651, 652, 653, 654, 655, 656, 657, 658, 659, 660, 661, 662, 663, 664, 665, 666, 667, 668, 669, 670, 671, 672, 673, 674, 675, 676, 677, 678, 679, 680, 681, 682, 683, 684, 685, 686, 687, 688, 689, 690, 691, 692, 693, 694, 695, 696, 697, 698, 699, 700, 701, 702, 703, 704, 705, 706, 707, 708, 709, 710, 711, 712, 713, 714, 715, 716, 717, 718, 719, 720, 721, 722, 723, 724, 725, 726, 727, 728, 729, 730, 731, 732, 733, 734, 735, 736, 737, 738, 739, 740, 741, 742, 743, 744, 745, 746, 747, 748, 749, 750, 751, 752, 753, 754, 755, 756, 757, 758, 759, 760, 761, 762, 763, 764, 765, 766, 767, 768, 769, 770, 771, 772, 773, 774, 775, 776, 777, 778, 779, 780, 781, 782, 783, 784, 785, 786, 787, 788, 789, 790, 791, 792, 793]","[0, 5, 7, 10, 14, 19, 20, 22, 24, 32, 33, 34, 37, 38, 40, 44, 46, 48, 49, 51, 56, 61, 63, 65, 67, 68, 73, 74, 75, 76, 79, 81, 82, 83, 85, 87, 88, 92, 93, 95, 96, 99, 100, 101, 115, 116, 124, 134, 142, 161, 167, 169, 170, 186, 202, 240, 244, 254, 260, 267, 277, 300, 303, 307, 310, 322, 331, 376, 485, 491, 493, 495, 499, 503, 504, 506, 508, 515, 518, 519, 521, 524, 526, 528, 533, 537, 539, 542, 543, 547, 548, 549, 550, 551, 553, 554, 556, 558, 559, 563, 564, 566, 567, 570, 571, 572, 586, 587, 595, 605, 613, 633, 639, 640, 641, 657, 672, 704, 717, 726, 736, 759, 761, 765, 768, 780, 788, 792, 826]",[],"[186, 657]","[0, 5, 7, 10, 14, 19, 20, 22, 24, 32, 33, 34, 37, 38, 40, 44, 46, 48, 49, 51, 56, 61, 63, 65, 67, 68, 73, 74, 75, 76, 79, 81, 82, 83, 85, 87, 88, 92, 93, 95, 96, 99, 100, 101, 103, 104, 105, 106, 107, 108, 109, 110, 111, 112, 113, 114, 115, 116, 117, 118, 119, 120, 121, 122, 123, 124, 125, 126, 127, 128, 129, 130, 131, 132, 133, 134, 135, 136, 137, 138, 139, 140, 141, 142, 143, 144, 145, 146, 147, 148, 149, 150, 151, 152, 153, 154, 155, 156, 157, 158, 159, 160, 161, 162, 163, 164, 165, 166, 167, 168, 169, 170, 171, 172, 173, 174, 175, 176, 177, 178, 179, 180, 181, 182, 183, 184, 185, 186, 187, 188, 189, 190, 191, 192, 193, 194, 195, 196, 197, 198, 199, 200, 201, 202, 203, 204, 205, 206, 207, 208, 209, 210, 211, 212, 213, 214, 215, 216, 217, 218, 219, 220, 221, 222, 223, 224, 225, 226, 227, 228, 229, 230, 231, 232, 233, 234, 235, 236, 237, 238, 239, 240, 241, 242, 243, 244, 245, 246, 247, 248, 249, 250, 251, 252, 253, 254, 255, 256, 257, 258, 259, 260, 261, 262, 263, 264, 265, 266, 267, 268, 269, 270, 271, 272, 273, 274, 275, 276, 277, 278, 279, 280, 281, 282, 283, 284, 285, 286, 287, 288, 289, 290, 291, 292, 293, 294, 295, 296, 297, 298, 299, 300, 301, 302, 303, 304, 305, 306, 307, 308, 309, 310, 311, 312, 313, 314, 315, 316, 317, 318, 319, 320, 321, 322, 323, 324, 325, 326, 327, 328, 329, 330, 331, 332, 333, 334, 335, 336, 337, 376, 485, 491, 493, 495, 499, 503, 504, 506, 508, 515, 518, 519, 521, 524, 526, 528, 533, 537, 539, 542, 543, 547, 548, 549, 550, 551, 553, 554, 556, 558, 559, 563, 564, 566, 567, 570, 571, 572, 574, 575, 576, 577, 578, 579, 580, 581, 582, 583, 584, 585, 586, 587, 588, 589, 590, 591, 592, 593, 594, 595, 596, 597, 598, 599, 600, 601, 602, 603, 604, 605, 606, 607, 608, 609, 610, 611, 612, 613, 614, 615, 616, 617, 618, 619, 620, 621, 622, 623, 624, 625, 626, 627, 628, 629, 630, 631, 632, 633, 634, 635, 636, 637, 638, 639, 640, 641, 642, 643, 644, 645, 646, 647, 648, 649, 650, 651, 652, 653, 654, 655, 656, 657, 658, 659, 660, 661, 662, 663, 664, 665, 666, 667, 668, 669, 670, 671, 672, 673, 674, 675, 676, 677, 678, 679, 680, 681, 682, 683, 684, 685, 686, 687, 688, 689, 690, 691, 692, 693, 694, 695, 696, 697, 698, 699, 700, 701, 702, 703, 704, 705, 706, 707, 708, 709, 710, 711, 712, 713, 714, 715, 716, 717, 718, 719, 720, 721, 722, 723, 724, 725, 726, 727, 728, 729, 730, 731, 732, 733, 734, 735, 736, 737, 738, 739, 740, 741, 742, 743, 744, 745, 746, 747, 748, 749, 750, 751, 752, 753, 754, 755, 756, 757, 758, 759, 760, 761, 762, 763, 764, 765, 766, 767, 768, 769, 770, 771, 772, 773, 774, 775, 776, 777, 778, 779, 780, 781, 782, 783, 784, 785, 786, 787, 788, 789, 790, 791, 792, 793, 826]",True,"[186, 657]","[103, 104, 105, 106, 107, 108, 109, 110, 111, 112, 113, 114, 115, 116, 117, 118, 119, 120, 121, 122, 123, 124, 125, 126, 127, 128, 129, 130, 131, 132, 133, 134, 135, 136, 137, 138, 139, 140, 141, 142, 143, 144, 145, 146, 147, 148, 149, 150, 151, 152, 153, 154, 155, 156, 157, 158, 159, 160, 161, 162, 163, 164, 165, 166, 167, 168, 169, 170, 171, 172, 173, 174, 175, 176, 177, 178, 179, 180, 181, 182, 183, 184, 185, 186, 187, 188, 189, 190, 191, 192, 193, 194, 195, 196, 197, 198, 199, 200, 201, 202, 203, 204, 205, 206, 207, 208, 209, 210, 211, 212, 213, 214, 215, 216, 217, 218, 219, 220, 221, 222, 223, 224, 225, 226, 227, 228, 229, 230, 231, 232, 233, 234, 235, 236, 237, 238, 239, 240, 241, 242, 243, 244, 245, 246, 247, 248, 249, 250, 251, 252, 253, 254, 255, 256, 257, 258, 259, 260, 261, 262, 263, 264, 265, 266, 267, 268, 269, 270, 271, 272, 273, 274, 275, 276, 277, 278, 279, 280, 281, 282, 283, 284, 285, 286, 287, 288, 289, 290, 291, 292, 293, 294, 295, 296, 297, 298, 299, 300, 301, 302, 303, 304, 305, 306, 307, 308, 309, 310, 311, 312, 313, 314, 315, 316, 317, 318, 319, 320, 321, 322, 323, 324, 325, 326, 327, 328, 329, 330, 331, 332, 333, 334, 335, 336, 337, 574, 575, 576, 577, 578, 579, 580, 581, 582, 583, 584, 585, 586, 587, 588, 589, 590, 591, 592, 593, 594, 595, 596, 597, 598, 599, 600, 601, 602, 603, 604, 605, 606, 607, 608, 609, 610, 611, 612, 613, 614, 615, 616, 617, 618, 619, 620, 621, 622, 623, 624, 625, 626, 627, 628, 629, 630, 631, 632, 633, 634, 635, 636, 637, 638, 639, 640, 641, 642, 643, 644, 645, 646, 647, 648, 649, 650, 651, 652, 653, 654, 655, 656, 657, 658, 659, 660, 661, 662, 663, 664, 665, 666, 667, 668, 669, 670, 671, 672, 673, 674, 675, 676, 677, 678, 679, 680, 681, 682, 683, 684, 685, 686, 687, 688, 689, 690, 691, 692, 693, 694, 695, 696, 697, 698, 699, 700, 701, 702, 703, 704, 705, 706, 707, 708, 709, 710, 711, 712, 713, 714, 715, 716, 717, 718, 719, 720, 721, 722, 723, 724, 725, 726, 727, 728, 729, 730, 731, 732, 733, 734, 735, 736, 737, 738, 739, 740, 741, 742, 743, 744, 745, 746, 747, 748, 749, 750, 751, 752, 753, 754, 755, 756, 757, 758, 759, 760, 761, 762, 763, 764, 765, 766, 767, 768, 769, 770, 771, 772, 773, 774, 775, 776, 777, 778, 779, 780, 781, 782, 783, 784, 785, 786, 787, 788, 789, 790, 791, 792, 793]","[186, 247, 267, 657, 726]","[186, 247, 267, 657, 726]","[0, 5, 7, 10, 14, 19, 20, 22, 24, 32, 33, 34, 37, 38, 40, 44, 46, 48, 49, 51, 56, 61, 63, 65, 67, 68, 73, 74, 75, 76, 79, 81, 82, 83, 85, 87, 88, 92, 93, 95, 96, 99, 100, 101, 115, 116, 124, 134, 142, 161, 167, 169, 170, 186, 202, 240, 244, 254, 260, 267, 277, 300, 303, 307, 310, 322, 331, 376, 485, 491, 493, 495, 499, 503, 504, 506, 508, 515, 518, 519, 521, 524, 526, 528, 533, 537, 539, 542, 543, 547, 548, 549, 550, 551, 553, 554, 556, 558, 559, 563, 564, 566, 567, 570, 571, 572, 586, 587, 595, 605, 613, 633, 639, 640, 641, 657, 672, 704, 717, 726, 736, 759, 761, 765, 768, 780, 788, 792, 826]","[186, 657]",[],7/6 successful match,True,,False,290,False,,0.65,True,I-10 Truck Stop,
"Rialto , 92376 I-10 Truck Stop Oregon Trail )",7 909-877-1171 I-10 Exit 68 ( N to,24 M 240 <U+2610> <U+2610> <U+2610><U+2610><U+2610>,Rialto,92376,I-10 Truck Stop Oregon Trail ),909-877-1171,2008,Rialto,CA,,( N to,I-10 Exit 68 ,Exit,68,False,,False,I-10,,,,,"[657, 186]","[186, 657]","[186, 247, 267, 657, 726]","[186, 247, 267, 657, 726]","[103, 104, 105, 106, 107, 108, 109, 110, 111, 112, 113, 114, 115, 116, 117, 118, 119, 120, 121, 122, 123, 124, 125, 126, 127, 128, 129, 130, 131, 132, 133, 134, 135, 136, 137, 138, 139, 140, 141, 142, 143, 144, 145, 146, 147, 148, 149, 150, 151, 152, 153, 154, 155, 156, 157, 158, 159, 160, 161, 162, 163, 164, 165, 166, 167, 168, 169, 170, 171, 172, 173, 174, 175, 176, 177, 178, 179, 180, 181, 182, 183, 184, 185, 186, 187, 188, 189, 190, 191, 192, 193, 194, 195, 196, 197, 198, 199, 200, 201, 202, 203, 204, 205, 206, 207, 208, 209, 210, 211, 212, 213, 214, 215, 216, 217, 218, 219, 220, 221, 222, 223, 224, 225, 226, 227, 228, 229, 230, 231, 232, 233, 234, 235, 236, 237, 238, 239, 240, 241, 242, 243, 244, 245, 246, 247, 248, 249, 250, 251, 252, 253, 254, 255, 256, 257, 258, 259, 260, 261, 262, 263, 264, 265, 266, 267, 268, 269, 270, 271, 272, 273, 274, 275, 276, 277, 278, 279, 280, 281, 282, 283, 284, 285, 286, 287, 288, 289, 290, 291, 292, 293, 294, 295, 296, 297, 298, 299, 300, 301, 302, 303, 304, 305, 306, 307, 308, 309, 310, 311, 312, 313, 314, 315, 316, 317, 318, 319, 320, 321, 322, 323, 324, 325, 326, 327, 328, 329, 330, 331, 332, 333, 334, 335, 336, 337, 574, 575, 576, 577, 578, 579, 580, 581, 582, 583, 584, 585, 586, 587, 588, 589, 590, 591, 592, 593, 594, 595, 596, 597, 598, 599, 600, 601, 602, 603, 604, 605, 606, 607, 608, 609, 610, 611, 612, 613, 614, 615, 616, 617, 618, 619, 620, 621, 622, 623, 624, 625, 626, 627, 628, 629, 630, 631, 632, 633, 634, 635, 636, 637, 638, 639, 640, 641, 642, 643, 644, 645, 646, 647, 648, 649, 650, 651, 652, 653, 654, 655, 656, 657, 658, 659, 660, 661, 662, 663, 664, 665, 666, 667, 668, 669, 670, 671, 672, 673, 674, 675, 676, 677, 678, 679, 680, 681, 682, 683, 684, 685, 686, 687, 688, 689, 690, 691, 692, 693, 694, 695, 696, 697, 698, 699, 700, 701, 702, 703, 704, 705, 706, 707, 708, 709, 710, 711, 712, 713, 714, 715, 716, 717, 718, 719, 720, 721, 722, 723, 724, 725, 726, 727, 728, 729, 730, 731, 732, 733, 734, 735, 736, 737, 738, 739, 740, 741, 742, 743, 744, 745, 746, 747, 748, 749, 750, 751, 752, 753, 754, 755, 756, 757, 758, 759, 760, 761, 762, 763, 764, 765, 766, 767, 768, 769, 770, 771, 772, 773, 774, 775, 776, 777, 778, 779, 780, 781, 782, 783, 784, 785, 786, 787, 788, 789, 790, 791, 792, 793]","[0, 5, 7, 10, 14, 19, 20, 22, 24, 32, 33, 34, 37, 38, 40, 44, 46, 48, 49, 51, 56, 61, 63, 65, 67, 68, 73, 74, 75, 76, 79, 81, 82, 83, 85, 87, 88, 92, 93, 95, 96, 99, 100, 101, 115, 116, 124, 134, 142, 161, 167, 169, 170, 186, 202, 240, 244, 254, 260, 267, 277, 300, 303, 307, 310, 322, 331, 376, 485, 491, 493, 495, 499, 503, 504, 506, 508, 515, 518, 519, 521, 524, 526, 528, 533, 537, 539, 542, 543, 547, 548, 549, 550, 551, 553, 554, 556, 558, 559, 563, 564, 566, 567, 570, 571, 572, 586, 587, 595, 605, 613, 633, 639, 640, 641, 657, 672, 704, 717, 726, 736, 759, 761, 765, 768, 780, 788, 792, 826]",[],"[186, 657]","[0, 5, 7, 10, 14, 19, 20, 22, 24, 32, 33, 34, 37, 38, 40, 44, 46, 48, 49, 51, 56, 61, 63, 65, 67, 68, 73, 74, 75, 76, 79, 81, 82, 83, 85, 87, 88, 92, 93, 95, 96, 99, 100, 101, 103, 104, 105, 106, 107, 108, 109, 110, 111, 112, 113, 114, 115, 116, 117, 118, 119, 120, 121, 122, 123, 124, 125, 126, 127, 128, 129, 130, 131, 132, 133, 134, 135, 136, 137, 138, 139, 140, 141, 142, 143, 144, 145, 146, 147, 148, 149, 150, 151, 152, 153, 154, 155, 156, 157, 158, 159, 160, 161, 162, 163, 164, 165, 166, 167, 168, 169, 170, 171, 172, 173, 174, 175, 176, 177, 178, 179, 180, 181, 182, 183, 184, 185, 186, 187, 188, 189, 190, 191, 192, 193, 194, 195, 196, 197, 198, 199, 200, 201, 202, 203, 204, 205, 206, 207, 208, 209, 210, 211, 212, 213, 214, 215, 216, 217, 218, 219, 220, 221, 222, 223, 224, 225, 226, 227, 228, 229, 230, 231, 232, 233, 234, 235, 236, 237, 238, 239, 240, 241, 242, 243, 244, 245, 246, 247, 248, 249, 250, 251, 252, 253, 254, 255, 256, 257, 258, 259, 260, 261, 262, 263, 264, 265, 266, 267, 268, 269, 270, 271, 272, 273, 274, 275, 276, 277, 278, 279, 280, 281, 282, 283, 284, 285, 286, 287, 288, 289, 290, 291, 292, 293, 294, 295, 296, 297, 298, 299, 300, 301, 302, 303, 304, 305, 306, 307, 308, 309, 310, 311, 312, 313, 314, 315, 316, 317, 318, 319, 320, 321, 322, 323, 324, 325, 326, 327, 328, 329, 330, 331, 332, 333, 334, 335, 336, 337, 376, 485, 491, 493, 495, 499, 503, 504, 506, 508, 515, 518, 519, 521, 524, 526, 528, 533, 537, 539, 542, 543, 547, 548, 549, 550, 551, 553, 554, 556, 558, 559, 563, 564, 566, 567, 570, 571, 572, 574, 575, 576, 577, 578, 579, 580, 581, 582, 583, 584, 585, 586, 587, 588, 589, 590, 591, 592, 593, 594, 595, 596, 597, 598, 599, 600, 601, 602, 603, 604, 605, 606, 607, 608, 609, 610, 611, 612, 613, 614, 615, 616, 617, 618, 619, 620, 621, 622, 623, 624, 625, 626, 627, 628, 629, 630, 631, 632, 633, 634, 635, 636, 637, 638, 639, 640, 641, 642, 643, 644, 645, 646, 647, 648, 649, 650, 651, 652, 653, 654, 655, 656, 657, 658, 659, 660, 661, 662, 663, 664, 665, 666, 667, 668, 669, 670, 671, 672, 673, 674, 675, 676, 677, 678, 679, 680, 681, 682, 683, 684, 685, 686, 687, 688, 689, 690, 691, 692, 693, 694, 695, 696, 697, 698, 699, 700, 701, 702, 703, 704, 705, 706, 707, 708, 709, 710, 711, 712, 713, 714, 715, 716, 717, 718, 719, 720, 721, 722, 723, 724, 725, 726, 727, 728, 729, 730, 731, 732, 733, 734, 735, 736, 737, 738, 739, 740, 741, 742, 743, 744, 745, 746, 747, 748, 749, 750, 751, 752, 753, 754, 755, 756, 757, 758, 759, 760, 761, 762, 763, 764, 765, 766, 767, 768, 769, 770, 771, 772, 773, 774, 775, 776, 777, 778, 779, 780, 781, 782, 783, 784, 785, 786, 787, 788, 789, 790, 791, 792, 793, 826]",True,"[186, 657]","[103, 104, 105, 106, 107, 108, 109, 110, 111, 112, 113, 114, 115, 116, 117, 118, 119, 120, 121, 122, 123, 124, 125, 126, 127, 128, 129, 130, 131, 132, 133, 134, 135, 136, 137, 138, 139, 140, 141, 142, 143, 144, 145, 146, 147, 148, 149, 150, 151, 152, 153, 154, 155, 156, 157, 158, 159, 160, 161, 162, 163, 164, 165, 166, 167, 168, 169, 170, 171, 172, 173, 174, 175, 176, 177, 178, 179, 180, 181, 182, 183, 184, 185, 186, 187, 188, 189, 190, 191, 192, 193, 194, 195, 196, 197, 198, 199, 200, 201, 202, 203, 204, 205, 206, 207, 208, 209, 210, 211, 212, 213, 214, 215, 216, 217, 218, 219, 220, 221, 222, 223, 224, 225, 226, 227, 228, 229, 230, 231, 232, 233, 234, 235, 236, 237, 238, 239, 240, 241, 242, 243, 244, 245, 246, 247, 248, 249, 250, 251, 252, 253, 254, 255, 256, 257, 258, 259, 260, 261, 262, 263, 264, 265, 266, 267, 268, 269, 270, 271, 272, 273, 274, 275, 276, 277, 278, 279, 280, 281, 282, 283, 284, 285, 286, 287, 288, 289, 290, 291, 292, 293, 294, 295, 296, 297, 298, 299, 300, 301, 302, 303, 304, 305, 306, 307, 308, 309, 310, 311, 312, 313, 314, 315, 316, 317, 318, 319, 320, 321, 322, 323, 324, 325, 326, 327, 328, 329, 330, 331, 332, 333, 334, 335, 336, 337, 574, 575, 576, 577, 578, 579, 580, 581, 582, 583, 584, 585, 586, 587, 588, 589, 590, 591, 592, 593, 594, 595, 596, 597, 598, 599, 600, 601, 602, 603, 604, 605, 606, 607, 608, 609, 610, 611, 612, 613, 614, 615, 616, 617, 618, 619, 620, 621, 622, 623, 624, 625, 626, 627, 628, 629, 630, 631, 632, 633, 634, 635, 636, 637, 638, 639, 640, 641, 642, 643, 644, 645, 646, 647, 648, 649, 650, 651, 652, 653, 654, 655, 656, 657, 658, 659, 660, 661, 662, 663, 664, 665, 666, 667, 668, 669, 670, 671, 672, 673, 674, 675, 676, 677, 678, 679, 680, 681, 682, 683, 684, 685, 686, 687, 688, 689, 690, 691, 692, 693, 694, 695, 696, 697, 698, 699, 700, 701, 702, 703, 704, 705, 706, 707, 708, 709, 710, 711, 712, 713, 714, 715, 716, 717, 718, 719, 720, 721, 722, 723, 724, 725, 726, 727, 728, 729, 730, 731, 732, 733, 734, 735, 736, 737, 738, 739, 740, 741, 742, 743, 744, 745, 746, 747, 748, 749, 750, 751, 752, 753, 754, 755, 756, 757, 758, 759, 760, 761, 762, 763, 764, 765, 766, 767, 768, 769, 770, 771, 772, 773, 774, 775, 776, 777, 778, 779, 780, 781, 782, 783, 784, 785, 786, 787, 788, 789, 790, 791, 792, 793]","[186, 247, 267, 657, 726]","[186, 247, 267, 657, 726]","[0, 5, 7, 10, 14, 19, 20, 22, 24, 32, 33, 34, 37, 38, 40, 44, 46, 48, 49, 51, 56, 61, 63, 65, 67, 68, 73, 74, 75, 76, 79, 81, 82, 83, 85, 87, 88, 92, 93, 95, 96, 99, 100, 101, 115, 116, 124, 134, 142, 161, 167, 169, 170, 186, 202, 240, 244, 254, 260, 267, 277, 300, 303, 307, 310, 322, 331, 376, 485, 491, 493, 495, 499, 503, 504, 506, 508, 515, 518, 519, 521, 524, 526, 528, 533, 537, 539, 542, 543, 547, 548, 549, 550, 551, 553, 554, 556, 558, 559, 563, 564, 566, 567, 570, 571, 572, 586, 587, 595, 605, 613, 633, 639, 640, 641, 657, 672, 704, 717, 726, 736, 759, 761, 765, 768, 780, 788, 792, 826]","[186, 657]",[],7/6 successful match,True,,False,290,False,,0.5117647058823529,True,I-10 Truck Stop Mansa,
Rialto ( 92376 ) I-10 Truck Stop ( Chevron ),7 909-877-1171 I-10 Exit 68 ( N to 195 E Valley ),24 <U+2610><U+2610> <U+2610>,Rialto,92376,I-10 Truck Stop ( Chevron ),909-877-1171,2014,Rialto,CA,Chevron,( N to 195 E Valley ),I-10 Exit 68 ,Exit,68,False,,False,I-10,,,,,"[657, 186]","[186, 657]","[186, 247, 267, 657, 726]","[186, 247, 267, 657, 726]","[103, 104, 105, 106, 107, 108, 109, 110, 111, 112, 113, 114, 115, 116, 117, 118, 119, 120, 121, 122, 123, 124, 125, 126, 127, 128, 129, 130, 131, 132, 133, 134, 135, 136, 137, 138, 139, 140, 141, 142, 143, 144, 145, 146, 147, 148, 149, 150, 151, 152, 153, 154, 155, 156, 157, 158, 159, 160, 161, 162, 163, 164, 165, 166, 167, 168, 169, 170, 171, 172, 173, 174, 175, 176, 177, 178, 179, 180, 181, 182, 183, 184, 185, 186, 187, 188, 189, 190, 191, 192, 193, 194, 195, 196, 197, 198, 199, 200, 201, 202, 203, 204, 205, 206, 207, 208, 209, 210, 211, 212, 213, 214, 215, 216, 217, 218, 219, 220, 221, 222, 223, 224, 225, 226, 227, 228, 229, 230, 231, 232, 233, 234, 235, 236, 237, 238, 239, 240, 241, 242, 243, 244, 245, 246, 247, 248, 249, 250, 251, 252, 253, 254, 255, 256, 257, 258, 259, 260, 261, 262, 263, 264, 265, 266, 267, 268, 269, 270, 271, 272, 273, 274, 275, 276, 277, 278, 279, 280, 281, 282, 283, 284, 285, 286, 287, 288, 289, 290, 291, 292, 293, 294, 295, 296, 297, 298, 299, 300, 301, 302, 303, 304, 305, 306, 307, 308, 309, 310, 311, 312, 313, 314, 315, 316, 317, 318, 319, 320, 321, 322, 323, 324, 325, 326, 327, 328, 329, 330, 331, 332, 333, 334, 335, 336, 337, 574, 575, 576, 577, 578, 579, 580, 581, 582, 583, 584, 585, 586, 587, 588, 589, 590, 591, 592, 593, 594, 595, 596, 597, 598, 599, 600, 601, 602, 603, 604, 605, 606, 607, 608, 609, 610, 611, 612, 613, 614, 615, 616, 617, 618, 619, 620, 621, 622, 623, 624, 625, 626, 627, 628, 629, 630, 631, 632, 633, 634, 635, 636, 637, 638, 639, 640, 641, 642, 643, 644, 645, 646, 647, 648, 649, 650, 651, 652, 653, 654, 655, 656, 657, 658, 659, 660, 661, 662, 663, 664, 665, 666, 667, 668, 669, 670, 671, 672, 673, 674, 675, 676, 677, 678, 679, 680, 681, 682, 683, 684, 685, 686, 687, 688, 689, 690, 691, 692, 693, 694, 695, 696, 697, 698, 699, 700, 701, 702, 703, 704, 705, 706, 707, 708, 709, 710, 711, 712, 713, 714, 715, 716, 717, 718, 719, 720, 721, 722, 723, 724, 725, 726, 727, 728, 729, 730, 731, 732, 733, 734, 735, 736, 737, 738, 739, 740, 741, 742, 743, 744, 745, 746, 747, 748, 749, 750, 751, 752, 753, 754, 755, 756, 757, 758, 759, 760, 761, 762, 763, 764, 765, 766, 767, 768, 769, 770, 771, 772, 773, 774, 775, 776, 777, 778, 779, 780, 781, 782, 783, 784, 785, 786, 787, 788, 789, 790, 791, 792, 793]","[0, 5, 7, 10, 14, 19, 20, 22, 24, 32, 33, 34, 37, 38, 40, 44, 46, 48, 49, 51, 56, 61, 63, 65, 67, 68, 73, 74, 75, 76, 79, 81, 82, 83, 85, 87, 88, 92, 93, 95, 96, 99, 100, 101, 115, 116, 124, 134, 142, 161, 167, 169, 170, 186, 202, 240, 244, 254, 260, 267, 277, 300, 303, 307, 310, 322, 331, 376, 485, 491, 493, 495, 499, 503, 504, 506, 508, 515, 518, 519, 521, 524, 526, 528, 533, 537, 539, 542, 543, 547, 548, 549, 550, 551, 553, 554, 556, 558, 559, 563, 564, 566, 567, 570, 571, 572, 586, 587, 595, 605, 613, 633, 639, 640, 641, 657, 672, 704, 717, 726, 736, 759, 761, 765, 768, 780, 788, 792, 826]","[12, 24, 25, 28, 88, 100, 104, 119, 123, 129, 136, 137, 139, 140, 141, 148, 155, 169, 172, 179, 183, 185, 188, 196, 198, 217, 237, 267, 270, 278, 319, 321, 324, 325, 330, 334, 335, 354, 366, 369, 380, 383, 384, 386, 395, 407, 411, 423, 428, 436, 437, 452, 453, 456, 467, 471, 477, 478, 479, 497, 508, 511, 559, 571, 575, 590, 594, 600, 607, 608, 610, 611, 612, 619, 627, 640, 643, 650, 654, 656, 659, 667, 669, 685, 701, 726, 729, 737, 777, 779, 782, 783, 787, 790, 791, 809, 817, 819, 830, 833, 834, 836, 845, 856, 857, 860, 862, 875, 880, 887, 888, 899, 900, 914, 918, 921, 928, 929, 930]","[12, 24, 25, 28, 88, 100, 104, 119, 123, 129, 136, 137, 139, 140, 141, 148, 155, 169, 172, 179, 183, 185, 186, 188, 196, 198, 217, 237, 267, 270, 278, 319, 321, 324, 325, 330, 334, 335, 354, 366, 369, 380, 383, 384, 386, 395, 407, 411, 423, 428, 436, 437, 452, 453, 456, 467, 471, 477, 478, 479, 497, 508, 511, 559, 571, 575, 590, 594, 600, 607, 608, 610, 611, 612, 619, 627, 640, 643, 650, 654, 656, 657, 659, 667, 669, 685, 701, 726, 729, 737, 777, 779, 782, 783, 787, 790, 791, 809, 817, 819, 830, 833, 834, 836, 845, 856, 857, 860, 862, 875, 880, 887, 888, 899, 900, 914, 918, 921, 928, 929, 930]","[0, 5, 7, 10, 12, 14, 19, 20, 22, 24, 25, 28, 32, 33, 34, 37, 38, 40, 44, 46, 48, 49, 51, 56, 61, 63, 65, 67, 68, 73, 74, 75, 76, 79, 81, 82, 83, 85, 87, 88, 92, 93, 95, 96, 99, 100, 101, 103, 104, 105, 106, 107, 108, 109, 110, 111, 112, 113, 114, 115, 116, 117, 118, 119, 120, 121, 122, 123, 124, 125, 126, 127, 128, 129, 130, 131, 132, 133, 134, 135, 136, 137, 138, 139, 140, 141, 142, 143, 144, 145, 146, 147, 148, 149, 150, 151, 152, 153, 154, 155, 156, 157, 158, 159, 160, 161, 162, 163, 164, 165, 166, 167, 168, 169, 170, 171, 172, 173, 174, 175, 176, 177, 178, 179, 180, 181, 182, 183, 184, 185, 186, 187, 188, 189, 190, 191, 192, 193, 194, 195, 196, 197, 198, 199, 200, 201, 202, 203, 204, 205, 206, 207, 208, 209, 210, 211, 212, 213, 214, 215, 216, 217, 218, 219, 220, 221, 222, 223, 224, 225, 226, 227, 228, 229, 230, 231, 232, 233, 234, 235, 236, 237, 238, 239, 240, 241, 242, 243, 244, 245, 246, 247, 248, 249, 250, 251, 252, 253, 254, 255, 256, 257, 258, 259, 260, 261, 262, 263, 264, 265, 266, 267, 268, 269, 270, 271, 272, 273, 274, 275, 276, 277, 278, 279, 280, 281, 282, 283, 284, 285, 286, 287, 288, 289, 290, 291, 292, 293, 294, 295, 296, 297, 298, 299, 300, 301, 302, 303, 304, 305, 306, 307, 308, 309, 310, 311, 312, 313, 314, 315, 316, 317, 318, 319, 320, 321, 322, 323, 324, 325, 326, 327, 328, 329, 330, 331, 332, 333, 334, 335, 336, 337, 354, 366, 369, 376, 380, 383, 384, 386, 395, 407, 411, 423, 428, 436, 437, 452, 453, 456, 467, 471, 477, 478, 479, 485, 491, 493, 495, 497, 499, 503, 504, 506, 508, 511, 515, 518, 519, 521, 524, 526, 528, 533, 537, 539, 542, 543, 547, 548, 549, 550, 551, 553, 554, 556, 558, 559, 563, 564, 566, 567, 570, 571, 572, 574, 575, 576, 577, 578, 579, 580, 581, 582, 583, 584, 585, 586, 587, 588, 589, 590, 591, 592, 593, 594, 595, 596, 597, 598, 599, 600, 601, 602, 603, 604, 605, 606, 607, 608, 609, 610, 611, 612, 613, 614, 615, 616, 617, 618, 619, 620, 621, 622, 623, 624, 625, 626, 627, 628, 629, 630, 631, 632, 633, 634, 635, 636, 637, 638, 639, 640, 641, 642, 643, 644, 645, 646, 647, 648, 649, 650, 651, 652, 653, 654, 655, 656, 657, 658, 659, 660, 661, 662, 663, 664, 665, 666, 667, 668, 669, 670, 671, 672, 673, 674, 675, 676, 677, 678, 679, 680, 681, 682, 683, 684, 685, 686, 687, 688, 689, 690, 691, 692, 693, 694, 695, 696, 697, 698, 699, 700, 701, 702, 703, 704, 705, 706, 707, 708, 709, 710, 711, 712, 713, 714, 715, 716, 717, 718, 719, 720, 721, 722, 723, 724, 725, 726, 727, 728, 729, 730, 731, 732, 733, 734, 735, 736, 737, 738, 739, 740, 741, 742, 743, 744, 745, 746, 747, 748, 749, 750, 751, 752, 753, 754, 755, 756, 757, 758, 759, 760, 761, 762, 763, 764, 765, 766, 767, 768, 769, 770, 771, 772, 773, 774, 775, 776, 777, 778, 779, 780, 781, 782, 783, 784, 785, 786, 787, 788, 789, 790, 791, 792, 793, 809, 817, 819, 826, 830, 833, 834, 836, 845, 856, 857, 860, 862, 875, 880, 887, 888, 899, 900, 914, 918, 921, 928, 929, 930]",True,"[186, 657]","[103, 104, 105, 106, 107, 108, 109, 110, 111, 112, 113, 114, 115, 116, 117, 118, 119, 120, 121, 122, 123, 124, 125, 126, 127, 128, 129, 130, 131, 132, 133, 134, 135, 136, 137, 138, 139, 140, 141, 142, 143, 144, 145, 146, 147, 148, 149, 150, 151, 152, 153, 154, 155, 156, 157, 158, 159, 160, 161, 162, 163, 164, 165, 166, 167, 168, 169, 170, 171, 172, 173, 174, 175, 176, 177, 178, 179, 180, 181, 182, 183, 184, 185, 186, 187, 188, 189, 190, 191, 192, 193, 194, 195, 196, 197, 198, 199, 200, 201, 202, 203, 204, 205, 206, 207, 208, 209, 210, 211, 212, 213, 214, 215, 216, 217, 218, 219, 220, 221, 222, 223, 224, 225, 226, 227, 228, 229, 230, 231, 232, 233, 234, 235, 236, 237, 238, 239, 240, 241, 242, 243, 244, 245, 246, 247, 248, 249, 250, 251, 252, 253, 254, 255, 256, 257, 258, 259, 260, 261, 262, 263, 264, 265, 266, 267, 268, 269, 270, 271, 272, 273, 274, 275, 276, 277, 278, 279, 280, 281, 282, 283, 284, 285, 286, 287, 288, 289, 290, 291, 292, 293, 294, 295, 296, 297, 298, 299, 300, 301, 302, 303, 304, 305, 306, 307, 308, 309, 310, 311, 312, 313, 314, 315, 316, 317, 318, 319, 320, 321, 322, 323, 324, 325, 326, 327, 328, 329, 330, 331, 332, 333, 334, 335, 336, 337, 574, 575, 576, 577, 578, 579, 580, 581, 582, 583, 584, 585, 586, 587, 588, 589, 590, 591, 592, 593, 594, 595, 596, 597, 598, 599, 600, 601, 602, 603, 604, 605, 606, 607, 608, 609, 610, 611, 612, 613, 614, 615, 616, 617, 618, 619, 620, 621, 622, 623, 624, 625, 626, 627, 628, 629, 630, 631, 632, 633, 634, 635, 636, 637, 638, 639, 640, 641, 642, 643, 644, 645, 646, 647, 648, 649, 650, 651, 652, 653, 654, 655, 656, 657, 658, 659, 660, 661, 662, 663, 664, 665, 666, 667, 668, 669, 670, 671, 672, 673, 674, 675, 676, 677, 678, 679, 680, 681, 682, 683, 684, 685, 686, 687, 688, 689, 690, 691, 692, 693, 694, 695, 696, 697, 698, 699, 700, 701, 702, 703, 704, 705, 706, 707, 708, 709, 710, 711, 712, 713, 714, 715, 716, 717, 718, 719, 720, 721, 722, 723, 724, 725, 726, 727, 728, 729, 730, 731, 732, 733, 734, 735, 736, 737, 738, 739, 740, 741, 742, 743, 744, 745, 746, 747, 748, 749, 750, 751, 752, 753, 754, 755, 756, 757, 758, 759, 760, 761, 762, 763, 764, 765, 766, 767, 768, 769, 770, 771, 772, 773, 774, 775, 776, 777, 778, 779, 780, 781, 782, 783, 784, 785, 786, 787, 788, 789, 790, 791, 792, 793]","[186, 247, 267, 657, 726]","[186, 247, 267, 657, 726]","[0, 5, 7, 10, 14, 19, 20, 22, 24, 32, 33, 34, 37, 38, 40, 44, 46, 48, 49, 51, 56, 61, 63, 65, 67, 68, 73, 74, 75, 76, 79, 81, 82, 83, 85, 87, 88, 92, 93, 95, 96, 99, 100, 101, 115, 116, 124, 134, 142, 161, 167, 169, 170, 186, 202, 240, 244, 254, 260, 267, 277, 300, 303, 307, 310, 322, 331, 376, 485, 491, 493, 495, 499, 503, 504, 506, 508, 515, 518, 519, 521, 524, 526, 528, 533, 537, 539, 542, 543, 547, 548, 549, 550, 551, 553, 554, 556, 558, 559, 563, 564, 566, 567, 570, 571, 572, 586, 587, 595, 605, 613, 633, 639, 640, 641, 657, 672, 704, 717, 726, 736, 759, 761, 765, 768, 780, 788, 792, 826]","[12, 24, 25, 28, 88, 100, 104, 119, 123, 129, 136, 137, 139, 140, 141, 148, 155, 169, 172, 179, 183, 185, 186, 188, 196, 198, 217, 237, 267, 270, 278, 319, 321, 324, 325, 330, 334, 335, 354, 366, 369, 380, 383, 384, 386, 395, 407, 411, 423, 428, 436, 437, 452, 453, 456, 467, 471, 477, 478, 479, 497, 508, 511, 559, 571, 575, 590, 594, 600, 607, 608, 610, 611, 612, 619, 627, 640, 643, 650, 654, 656, 657, 659, 667, 669, 685, 701, 726, 729, 737, 777, 779, 782, 783, 787, 790, 791, 809, 817, 819, 830, 833, 834, 836, 845, 856, 857, 860, 862, 875, 880, 887, 888, 899, 900, 914, 918, 921, 928, 929, 930]","[12, 24, 25, 28, 88, 100, 104, 119, 123, 129, 136, 137, 139, 140, 141, 148, 155, 169, 172, 179, 183, 185, 188, 196, 198, 217, 237, 267, 270, 278, 319, 321, 324, 325, 330, 334, 335, 354, 366, 369, 380, 383, 384, 386, 395, 407, 411, 423, 428, 436, 437, 452, 453, 456, 467, 471, 477, 478, 479, 497, 508, 511, 559, 571, 575, 590, 594, 600, 607, 608, 610, 611, 612, 619, 627, 640, 643, 650, 654, 656, 659, 667, 669, 685, 701, 726, 729, 737, 777, 779, 782, 783, 787, 790, 791, 809, 817, 819, 830, 833, 834, 836, 845, 856, 857, 860, 862, 875, 880, 887, 888, 899, 900, 914, 918, 921, 928, 929, 930]",7/6 successful match,True,,False,290,False,,0.5543859649122806,True,I-10 Truck Stop Oregon Trail ),
Rialto ( 92376 ) I-10 Truck Stop,7 909-877-1171 I-10 Exit 68 ( N to 195 E Valley ),24 MO<U+2610> <U+2610>,Rialto,92376,I-10 Truck Stop,909-877-1171,2015,Rialto,CA,,( N to 195 E Valley ),I-10 Exit 68 ,Exit,68,False,,False,I-10,,,,,"[657, 186]","[186, 657]","[186, 247, 267, 657, 726]","[186, 247, 267, 657, 726]","[103, 104, 105, 106, 107, 108, 109, 110, 111, 112, 113, 114, 115, 116, 117, 118, 119, 120, 121, 122, 123, 124, 125, 126, 127, 128, 129, 130, 131, 132, 133, 134, 135, 136, 137, 138, 139, 140, 141, 142, 143, 144, 145, 146, 147, 148, 149, 150, 151, 152, 153, 154, 155, 156, 157, 158, 159, 160, 161, 162, 163, 164, 165, 166, 167, 168, 169, 170, 171, 172, 173, 174, 175, 176, 177, 178, 179, 180, 181, 182, 183, 184, 185, 186, 187, 188, 189, 190, 191, 192, 193, 194, 195, 196, 197, 198, 199, 200, 201, 202, 203, 204, 205, 206, 207, 208, 209, 210, 211, 212, 213, 214, 215, 216, 217, 218, 219, 220, 221, 222, 223, 224, 225, 226, 227, 228, 229, 230, 231, 232, 233, 234, 235, 236, 237, 238, 239, 240, 241, 242, 243, 244, 245, 246, 247, 248, 249, 250, 251, 252, 253, 254, 255, 256, 257, 258, 259, 260, 261, 262, 263, 264, 265, 266, 267, 268, 269, 270, 271, 272, 273, 274, 275, 276, 277, 278, 279, 280, 281, 282, 283, 284, 285, 286, 287, 288, 289, 290, 291, 292, 293, 294, 295, 296, 297, 298, 299, 300, 301, 302, 303, 304, 305, 306, 307, 308, 309, 310, 311, 312, 313, 314, 315, 316, 317, 318, 319, 320, 321, 322, 323, 324, 325, 326, 327, 328, 329, 330, 331, 332, 333, 334, 335, 336, 337, 574, 575, 576, 577, 578, 579, 580, 581, 582, 583, 584, 585, 586, 587, 588, 589, 590, 591, 592, 593, 594, 595, 596, 597, 598, 599, 600, 601, 602, 603, 604, 605, 606, 607, 608, 609, 610, 611, 612, 613, 614, 615, 616, 617, 618, 619, 620, 621, 622, 623, 624, 625, 626, 627, 628, 629, 630, 631, 632, 633, 634, 635, 636, 637, 638, 639, 640, 641, 642, 643, 644, 645, 646, 647, 648, 649, 650, 651, 652, 653, 654, 655, 656, 657, 658, 659, 660, 661, 662, 663, 664, 665, 666, 667, 668, 669, 670, 671, 672, 673, 674, 675, 676, 677, 678, 679, 680, 681, 682, 683, 684, 685, 686, 687, 688, 689, 690, 691, 692, 693, 694, 695, 696, 697, 698, 699, 700, 701, 702, 703, 704, 705, 706, 707, 708, 709, 710, 711, 712, 713, 714, 715, 716, 717, 718, 719, 720, 721, 722, 723, 724, 725, 726, 727, 728, 729, 730, 731, 732, 733, 734, 735, 736, 737, 738, 739, 740, 741, 742, 743, 744, 745, 746, 747, 748, 749, 750, 751, 752, 753, 754, 755, 756, 757, 758, 759, 760, 761, 762, 763, 764, 765, 766, 767, 768, 769, 770, 771, 772, 773, 774, 775, 776, 777, 778, 779, 780, 781, 782, 783, 784, 785, 786, 787, 788, 789, 790, 791, 792, 793]","[0, 5, 7, 10, 14, 19, 20, 22, 24, 32, 33, 34, 37, 38, 40, 44, 46, 48, 49, 51, 56, 61, 63, 65, 67, 68, 73, 74, 75, 76, 79, 81, 82, 83, 85, 87, 88, 92, 93, 95, 96, 99, 100, 101, 115, 116, 124, 134, 142, 161, 167, 169, 170, 186, 202, 240, 244, 254, 260, 267, 277, 300, 303, 307, 310, 322, 331, 376, 485, 491, 493, 495, 499, 503, 504, 506, 508, 515, 518, 519, 521, 524, 526, 528, 533, 537, 539, 542, 543, 547, 548, 549, 550, 551, 553, 554, 556, 558, 559, 563, 564, 566, 567, 570, 571, 572, 586, 587, 595, 605, 613, 633, 639, 640, 641, 657, 672, 704, 717, 726, 736, 759, 761, 765, 768, 780, 788, 792, 826]",[],"[186, 657]","[0, 5, 7, 10, 14, 19, 20, 22, 24, 32, 33, 34, 37, 38, 40, 44, 46, 48, 49, 51, 56, 61, 63, 65, 67, 68, 73, 74, 75, 76, 79, 81, 82, 83, 85, 87, 88, 92, 93, 95, 96, 99, 100, 101, 103, 104, 105, 106, 107, 108, 109, 110, 111, 112, 113, 114, 115, 116, 117, 118, 119, 120, 121, 122, 123, 124, 125, 126, 127, 128, 129, 130, 131, 132, 133, 134, 135, 136, 137, 138, 139, 140, 141, 142, 143, 144, 145, 146, 147, 148, 149, 150, 151, 152, 153, 154, 155, 156, 157, 158, 159, 160, 161, 162, 163, 164, 165, 166, 167, 168, 169, 170, 171, 172, 173, 174, 175, 176, 177, 178, 179, 180, 181, 182, 183, 184, 185, 186, 187, 188, 189, 190, 191, 192, 193, 194, 195, 196, 197, 198, 199, 200, 201, 202, 203, 204, 205, 206, 207, 208, 209, 210, 211, 212, 213, 214, 215, 216, 217, 218, 219, 220, 221, 222, 223, 224, 225, 226, 227, 228, 229, 230, 231, 232, 233, 234, 235, 236, 237, 238, 239, 240, 241, 242, 243, 244, 245, 246, 247, 248, 249, 250, 251, 252, 253, 254, 255, 256, 257, 258, 259, 260, 261, 262, 263, 264, 265, 266, 267, 268, 269, 270, 271, 272, 273, 274, 275, 276, 277, 278, 279, 280, 281, 282, 283, 284, 285, 286, 287, 288, 289, 290, 291, 292, 293, 294, 295, 296, 297, 298, 299, 300, 301, 302, 303, 304, 305, 306, 307, 308, 309, 310, 311, 312, 313, 314, 315, 316, 317, 318, 319, 320, 321, 322, 323, 324, 325, 326, 327, 328, 329, 330, 331, 332, 333, 334, 335, 336, 337, 376, 485, 491, 493, 495, 499, 503, 504, 506, 508, 515, 518, 519, 521, 524, 526, 528, 533, 537, 539, 542, 543, 547, 548, 549, 550, 551, 553, 554, 556, 558, 559, 563, 564, 566, 567, 570, 571, 572, 574, 575, 576, 577, 578, 579, 580, 581, 582, 583, 584, 585, 586, 587, 588, 589, 590, 591, 592, 593, 594, 595, 596, 597, 598, 599, 600, 601, 602, 603, 604, 605, 606, 607, 608, 609, 610, 611, 612, 613, 614, 615, 616, 617, 618, 619, 620, 621, 622, 623, 624, 625, 626, 627, 628, 629, 630, 631, 632, 633, 634, 635, 636, 637, 638, 639, 640, 641, 642, 643, 644, 645, 646, 647, 648, 649, 650, 651, 652, 653, 654, 655, 656, 657, 658, 659, 660, 661, 662, 663, 664, 665, 666, 667, 668, 669, 670, 671, 672, 673, 674, 675, 676, 677, 678, 679, 680, 681, 682, 683, 684, 685, 686, 687, 688, 689, 690, 691, 692, 693, 694, 695, 696, 697, 698, 699, 700, 701, 702, 703, 704, 705, 706, 707, 708, 709, 710, 711, 712, 713, 714, 715, 716, 717, 718, 719, 720, 721, 722, 723, 724, 725, 726, 727, 728, 729, 730, 731, 732, 733, 734, 735, 736, 737, 738, 739, 740, 741, 742, 743, 744, 745, 746, 747, 748, 749, 750, 751, 752, 753, 754, 755, 756, 757, 758, 759, 760, 761, 762, 763, 764, 765, 766, 767, 768, 769, 770, 771, 772, 773, 774, 775, 776, 777, 778, 779, 780, 781, 782, 783, 784, 785, 786, 787, 788, 789, 790, 791, 792, 793, 826]",True,"[186, 657]","[103, 104, 105, 106, 107, 108, 109, 110, 111, 112, 113, 114, 115, 116, 117, 118, 119, 120, 121, 122, 123, 124, 125, 126, 127, 128, 129, 130, 131, 132, 133, 134, 135, 136, 137, 138, 139, 140, 141, 142, 143, 144, 145, 146, 147, 148, 149, 150, 151, 152, 153, 154, 155, 156, 157, 158, 159, 160, 161, 162, 163, 164, 165, 166, 167, 168, 169, 170, 171, 172, 173, 174, 175, 176, 177, 178, 179, 180, 181, 182, 183, 184, 185, 186, 187, 188, 189, 190, 191, 192, 193, 194, 195, 196, 197, 198, 199, 200, 201, 202, 203, 204, 205, 206, 207, 208, 209, 210, 211, 212, 213, 214, 215, 216, 217, 218, 219, 220, 221, 222, 223, 224, 225, 226, 227, 228, 229, 230, 231, 232, 233, 234, 235, 236, 237, 238, 239, 240, 241, 242, 243, 244, 245, 246, 247, 248, 249, 250, 251, 252, 253, 254, 255, 256, 257, 258, 259, 260, 261, 262, 263, 264, 265, 266, 267, 268, 269, 270, 271, 272, 273, 274, 275, 276, 277, 278, 279, 280, 281, 282, 283, 284, 285, 286, 287, 288, 289, 290, 291, 292, 293, 294, 295, 296, 297, 298, 299, 300, 301, 302, 303, 304, 305, 306, 307, 308, 309, 310, 311, 312, 313, 314, 315, 316, 317, 318, 319, 320, 321, 322, 323, 324, 325, 326, 327, 328, 329, 330, 331, 332, 333, 334, 335, 336, 337, 574, 575, 576, 577, 578, 579, 580, 581, 582, 583, 584, 585, 586, 587, 588, 589, 590, 591, 592, 593, 594, 595, 596, 597, 598, 599, 600, 601, 602, 603, 604, 605, 606, 607, 608, 609, 610, 611, 612, 613, 614, 615, 616, 617, 618, 619, 620, 621, 622, 623, 624, 625, 626, 627, 628, 629, 630, 631, 632, 633, 634, 635, 636, 637, 638, 639, 640, 641, 642, 643, 644, 645, 646, 647, 648, 649, 650, 651, 652, 653, 654, 655, 656, 657, 658, 659, 660, 661, 662, 663, 664, 665, 666, 667, 668, 669, 670, 671, 672, 673, 674, 675, 676, 677, 678, 679, 680, 681, 682, 683, 684, 685, 686, 687, 688, 689, 690, 691, 692, 693, 694, 695, 696, 697, 698, 699, 700, 701, 702, 703, 704, 705, 706, 707, 708, 709, 710, 711, 712, 713, 714, 715, 716, 717, 718, 719, 720, 721, 722, 723, 724, 725, 726, 727, 728, 729, 730, 731, 732, 733, 734, 735, 736, 737, 738, 739, 740, 741, 742, 743, 744, 745, 746, 747, 748, 749, 750, 751, 752, 753, 754, 755, 756, 757, 758, 759, 760, 761, 762, 763, 764, 765, 766, 767, 768, 769, 770, 771, 772, 773, 774, 775, 776, 777, 778, 779, 780, 781, 782, 783, 784, 785, 786, 787, 788, 789, 790, 791, 792, 793]","[186, 247, 267, 657, 726]","[186, 247, 267, 657, 726]","[0, 5, 7, 10, 14, 19, 20, 22, 24, 32, 33, 34, 37, 38, 40, 44, 46, 48, 49, 51, 56, 61, 63, 65, 67, 68, 73, 74, 75, 76, 79, 81, 82, 83, 85, 87, 88, 92, 93, 95, 96, 99, 100, 101, 115, 116, 124, 134, 142, 161, 167, 169, 170, 186, 202, 240, 244, 254, 260, 267, 277, 300, 303, 307, 310, 322, 331, 376, 485, 491, 493, 495, 499, 503, 504, 506, 508, 515, 518, 519, 521, 524, 526, 528, 533, 537, 539, 542, 543, 547, 548, 549, 550, 551, 553, 554, 556, 558, 559, 563, 564, 566, 567, 570, 571, 572, 586, 587, 595, 605, 613, 633, 639, 640, 641, 657, 672, 704, 717, 726, 736, 759, 761, 765, 768, 780, 788, 792, 826]","[186, 657]",[],7/6 successful match,True,,False,290,False,,0.8142857142857143,True,I-10 Truck Stop ( Chevron ),Chevron
Rialto ( 92376 ) I-10 Truck Stop,909-877-1171 I-10 Exit 68 ( N to 195 E Valley ),3 . D,Rialto,92376,I-10 Truck Stop,909-877-1171,2016,Rialto,CA,,( N to 195 E Valley ),I-10 Exit 68 ,Exit,68,False,,False,I-10,,,,,"[657, 186]","[186, 657]","[186, 247, 267, 657, 726]","[186, 247, 267, 657, 726]","[103, 104, 105, 106, 107, 108, 109, 110, 111, 112, 113, 114, 115, 116, 117, 118, 119, 120, 121, 122, 123, 124, 125, 126, 127, 128, 129, 130, 131, 132, 133, 134, 135, 136, 137, 138, 139, 140, 141, 142, 143, 144, 145, 146, 147, 148, 149, 150, 151, 152, 153, 154, 155, 156, 157, 158, 159, 160, 161, 162, 163, 164, 165, 166, 167, 168, 169, 170, 171, 172, 173, 174, 175, 176, 177, 178, 179, 180, 181, 182, 183, 184, 185, 186, 187, 188, 189, 190, 191, 192, 193, 194, 195, 196, 197, 198, 199, 200, 201, 202, 203, 204, 205, 206, 207, 208, 209, 210, 211, 212, 213, 214, 215, 216, 217, 218, 219, 220, 221, 222, 223, 224, 225, 226, 227, 228, 229, 230, 231, 232, 233, 234, 235, 236, 237, 238, 239, 240, 241, 242, 243, 244, 245, 246, 247, 248, 249, 250, 251, 252, 253, 254, 255, 256, 257, 258, 259, 260, 261, 262, 263, 264, 265, 266, 267, 268, 269, 270, 271, 272, 273, 274, 275, 276, 277, 278, 279, 280, 281, 282, 283, 284, 285, 286, 287, 288, 289, 290, 291, 292, 293, 294, 295, 296, 297, 298, 299, 300, 301, 302, 303, 304, 305, 306, 307, 308, 309, 310, 311, 312, 313, 314, 315, 316, 317, 318, 319, 320, 321, 322, 323, 324, 325, 326, 327, 328, 329, 330, 331, 332, 333, 334, 335, 336, 337, 574, 575, 576, 577, 578, 579, 580, 581, 582, 583, 584, 585, 586, 587, 588, 589, 590, 591, 592, 593, 594, 595, 596, 597, 598, 599, 600, 601, 602, 603, 604, 605, 606, 607, 608, 609, 610, 611, 612, 613, 614, 615, 616, 617, 618, 619, 620, 621, 622, 623, 624, 625, 626, 627, 628, 629, 630, 631, 632, 633, 634, 635, 636, 637, 638, 639, 640, 641, 642, 643, 644, 645, 646, 647, 648, 649, 650, 651, 652, 653, 654, 655, 656, 657, 658, 659, 660, 661, 662, 663, 664, 665, 666, 667, 668, 669, 670, 671, 672, 673, 674, 675, 676, 677, 678, 679, 680, 681, 682, 683, 684, 685, 686, 687, 688, 689, 690, 691, 692, 693, 694, 695, 696, 697, 698, 699, 700, 701, 702, 703, 704, 705, 706, 707, 708, 709, 710, 711, 712, 713, 714, 715, 716, 717, 718, 719, 720, 721, 722, 723, 724, 725, 726, 727, 728, 729, 730, 731, 732, 733, 734, 735, 736, 737, 738, 739, 740, 741, 742, 743, 744, 745, 746, 747, 748, 749, 750, 751, 752, 753, 754, 755, 756, 757, 758, 759, 760, 761, 762, 763, 764, 765, 766, 767, 768, 769, 770, 771, 772, 773, 774, 775, 776, 777, 778, 779, 780, 781, 782, 783, 784, 785, 786, 787, 788, 789, 790, 791, 792, 793]","[0, 5, 7, 10, 14, 19, 20, 22, 24, 32, 33, 34, 37, 38, 40, 44, 46, 48, 49, 51, 56, 61, 63, 65, 67, 68, 73, 74, 75, 76, 79, 81, 82, 83, 85, 87, 88, 92, 93, 95, 96, 99, 100, 101, 115, 116, 124, 134, 142, 161, 167, 169, 170, 186, 202, 240, 244, 254, 260, 267, 277, 300, 303, 307, 310, 322, 331, 376, 485, 491, 493, 495, 499, 503, 504, 506, 508, 515, 518, 519, 521, 524, 526, 528, 533, 537, 539, 542, 543, 547, 548, 549, 550, 551, 553, 554, 556, 558, 559, 563, 564, 566, 567, 570, 571, 572, 586, 587, 595, 605, 613, 633, 639, 640, 641, 657, 672, 704, 717, 726, 736, 759, 761, 765, 768, 780, 788, 792, 826]",[],"[186, 657]","[0, 5, 7, 10, 14, 19, 20, 22, 24, 32, 33, 34, 37, 38, 40, 44, 46, 48, 49, 51, 56, 61, 63, 65, 67, 68, 73, 74, 75, 76, 79, 81, 82, 83, 85, 87, 88, 92, 93, 95, 96, 99, 100, 101, 103, 104, 105, 106, 107, 108, 109, 110, 111, 112, 113, 114, 115, 116, 117, 118, 119, 120, 121, 122, 123, 124, 125, 126, 127, 128, 129, 130, 131, 132, 133, 134, 135, 136, 137, 138, 139, 140, 141, 142, 143, 144, 145, 146, 147, 148, 149, 150, 151, 152, 153, 154, 155, 156, 157, 158, 159, 160, 161, 162, 163, 164, 165, 166, 167, 168, 169, 170, 171, 172, 173, 174, 175, 176, 177, 178, 179, 180, 181, 182, 183, 184, 185, 186, 187, 188, 189, 190, 191, 192, 193, 194, 195, 196, 197, 198, 199, 200, 201, 202, 203, 204, 205, 206, 207, 208, 209, 210, 211, 212, 213, 214, 215, 216, 217, 218, 219, 220, 221, 222, 223, 224, 225, 226, 227, 228, 229, 230, 231, 232, 233, 234, 235, 236, 237, 238, 239, 240, 241, 242, 243, 244, 245, 246, 247, 248, 249, 250, 251, 252, 253, 254, 255, 256, 257, 258, 259, 260, 261, 262, 263, 264, 265, 266, 267, 268, 269, 270, 271, 272, 273, 274, 275, 276, 277, 278, 279, 280, 281, 282, 283, 284, 285, 286, 287, 288, 289, 290, 291, 292, 293, 294, 295, 296, 297, 298, 299, 300, 301, 302, 303, 304, 305, 306, 307, 308, 309, 310, 311, 312, 313, 314, 315, 316, 317, 318, 319, 320, 321, 322, 323, 324, 325, 326, 327, 328, 329, 330, 331, 332, 333, 334, 335, 336, 337, 376, 485, 491, 493, 495, 499, 503, 504, 506, 508, 515, 518, 519, 521, 524, 526, 528, 533, 537, 539, 542, 543, 547, 548, 549, 550, 551, 553, 554, 556, 558, 559, 563, 564, 566, 567, 570, 571, 572, 574, 575, 576, 577, 578, 579, 580, 581, 582, 583, 584, 585, 586, 587, 588, 589, 590, 591, 592, 593, 594, 595, 596, 597, 598, 599, 600, 601, 602, 603, 604, 605, 606, 607, 608, 609, 610, 611, 612, 613, 614, 615, 616, 617, 618, 619, 620, 621, 622, 623, 624, 625, 626, 627, 628, 629, 630, 631, 632, 633, 634, 635, 636, 637, 638, 639, 640, 641, 642, 643, 644, 645, 646, 647, 648, 649, 650, 651, 652, 653, 654, 655, 656, 657, 658, 659, 660, 661, 662, 663, 664, 665, 666, 667, 668, 669, 670, 671, 672, 673, 674, 675, 676, 677, 678, 679, 680, 681, 682, 683, 684, 685, 686, 687, 688, 689, 690, 691, 692, 693, 694, 695, 696, 697, 698, 699, 700, 701, 702, 703, 704, 705, 706, 707, 708, 709, 710, 711, 712, 713, 714, 715, 716, 717, 718, 719, 720, 721, 722, 723, 724, 725, 726, 727, 728, 729, 730, 731, 732, 733, 734, 735, 736, 737, 738, 739, 740, 741, 742, 743, 744, 745, 746, 747, 748, 749, 750, 751, 752, 753, 754, 755, 756, 757, 758, 759, 760, 761, 762, 763, 764, 765, 766, 767, 768, 769, 770, 771, 772, 773, 774, 775, 776, 777, 778, 779, 780, 781, 782, 783, 784, 785, 786, 787, 788, 789, 790, 791, 792, 793, 826]",True,"[186, 657]","[103, 104, 105, 106, 107, 108, 109, 110, 111, 112, 113, 114, 115, 116, 117, 118, 119, 120, 121, 122, 123, 124, 125, 126, 127, 128, 129, 130, 131, 132, 133, 134, 135, 136, 137, 138, 139, 140, 141, 142, 143, 144, 145, 146, 147, 148, 149, 150, 151, 152, 153, 154, 155, 156, 157, 158, 159, 160, 161, 162, 163, 164, 165, 166, 167, 168, 169, 170, 171, 172, 173, 174, 175, 176, 177, 178, 179, 180, 181, 182, 183, 184, 185, 186, 187, 188, 189, 190, 191, 192, 193, 194, 195, 196, 197, 198, 199, 200, 201, 202, 203, 204, 205, 206, 207, 208, 209, 210, 211, 212, 213, 214, 215, 216, 217, 218, 219, 220, 221, 222, 223, 224, 225, 226, 227, 228, 229, 230, 231, 232, 233, 234, 235, 236, 237, 238, 239, 240, 241, 242, 243, 244, 245, 246, 247, 248, 249, 250, 251, 252, 253, 254, 255, 256, 257, 258, 259, 260, 261, 262, 263, 264, 265, 266, 267, 268, 269, 270, 271, 272, 273, 274, 275, 276, 277, 278, 279, 280, 281, 282, 283, 284, 285, 286, 287, 288, 289, 290, 291, 292, 293, 294, 295, 296, 297, 298, 299, 300, 301, 302, 303, 304, 305, 306, 307, 308, 309, 310, 311, 312, 313, 314, 315, 316, 317, 318, 319, 320, 321, 322, 323, 324, 325, 326, 327, 328, 329, 330, 331, 332, 333, 334, 335, 336, 337, 574, 575, 576, 577, 578, 579, 580, 581, 582, 583, 584, 585, 586, 587, 588, 589, 590, 591, 592, 593, 594, 595, 596, 597, 598, 599, 600, 601, 602, 603, 604, 605, 606, 607, 608, 609, 610, 611, 612, 613, 614, 615, 616, 617, 618, 619, 620, 621, 622, 623, 624, 625, 626, 627, 628, 629, 630, 631, 632, 633, 634, 635, 636, 637, 638, 639, 640, 641, 642, 643, 644, 645, 646, 647, 648, 649, 650, 651, 652, 653, 654, 655, 656, 657, 658, 659, 660, 661, 662, 663, 664, 665, 666, 667, 668, 669, 670, 671, 672, 673, 674, 675, 676, 677, 678, 679, 680, 681, 682, 683, 684, 685, 686, 687, 688, 689, 690, 691, 692, 693, 694, 695, 696, 697, 698, 699, 700, 701, 702, 703, 704, 705, 706, 707, 708, 709, 710, 711, 712, 713, 714, 715, 716, 717, 718, 719, 720, 721, 722, 723, 724, 725, 726, 727, 728, 729, 730, 731, 732, 733, 734, 735, 736, 737, 738, 739, 740, 741, 742, 743, 744, 745, 746, 747, 748, 749, 750, 751, 752, 753, 754, 755, 756, 757, 758, 759, 760, 761, 762, 763, 764, 765, 766, 767, 768, 769, 770, 771, 772, 773, 774, 775, 776, 777, 778, 779, 780, 781, 782, 783, 784, 785, 786, 787, 788, 789, 790, 791, 792, 793]","[186, 247, 267, 657, 726]","[186, 247, 267, 657, 726]","[0, 5, 7, 10, 14, 19, 20, 22, 24, 32, 33, 34, 37, 38, 40, 44, 46, 48, 49, 51, 56, 61, 63, 65, 67, 68, 73, 74, 75, 76, 79, 81, 82, 83, 85, 87, 88, 92, 93, 95, 96, 99, 100, 101, 115, 116, 124, 134, 142, 161, 167, 169, 170, 186, 202, 240, 244, 254, 260, 267, 277, 300, 303, 307, 310, 322, 331, 376, 485, 491, 493, 495, 499, 503, 504, 506, 508, 515, 518, 519, 521, 524, 526, 528, 533, 537, 539, 542, 543, 547, 548, 549, 550, 551, 553, 554, 556, 558, 559, 563, 564, 566, 567, 570, 571, 572, 586, 587, 595, 605, 613, 633, 639, 640, 641, 657, 672, 704, 717, 726, 736, 759, 761, 765, 768, 780, 788, 792, 826]","[186, 657]",[],7/6 successful match,True,,False,290,False,,0.8999999999999999,True,I-10 Truck Stop,
"Lakeview , 92567 Fuel",951-928-9788 Galaxy Ramona Expwy W & Lakeview Ave,000 <U+2610>,Lakeview,92567,Fuel,951-928-9788,2006,Nuevo,CA,,,Galaxy Ramona Expwy W & Lakeview Ave,empty,,False,,False,Galaxy Ramona,Lakeview Ave,,,,"[670, 199]","[199, 670]","[199, 670]",[],"[103, 104, 105, 106, 107, 108, 109, 110, 111, 112, 113, 114, 115, 116, 117, 118, 119, 120, 121, 122, 123, 124, 125, 126, 127, 128, 129, 130, 131, 132, 133, 134, 135, 136, 137, 138, 139, 140, 141, 142, 143, 144, 145, 146, 147, 148, 149, 150, 151, 152, 153, 154, 155, 156, 157, 158, 159, 160, 161, 162, 163, 164, 165, 166, 167, 168, 169, 170, 171, 172, 173, 174, 175, 176, 177, 178, 179, 180, 181, 182, 183, 184, 185, 186, 187, 188, 189, 190, 191, 192, 193, 194, 195, 196, 197, 198, 199, 200, 201, 202, 203, 204, 205, 206, 207, 208, 209, 210, 211, 212, 213, 214, 215, 216, 217, 218, 219, 220, 221, 222, 223, 224, 225, 226, 227, 228, 229, 230, 231, 232, 233, 234, 235, 236, 237, 238, 239, 240, 241, 242, 243, 244, 245, 246, 247, 248, 249, 250, 251, 252, 253, 254, 255, 256, 257, 258, 259, 260, 261, 262, 263, 264, 265, 266, 267, 268, 269, 270, 271, 272, 273, 274, 275, 276, 277, 278, 279, 280, 281, 282, 283, 284, 285, 286, 287, 288, 289, 290, 291, 292, 293, 294, 295, 296, 297, 298, 299, 300, 301, 302, 303, 304, 305, 306, 307, 308, 309, 310, 311, 312, 313, 314, 315, 316, 317, 318, 319, 320, 321, 322, 323, 324, 325, 326, 327, 328, 329, 330, 331, 332, 333, 334, 335, 336, 337, 574, 575, 576, 577, 578, 579, 580, 581, 582, 583, 584, 585, 586, 587, 588, 589, 590, 591, 592, 593, 594, 595, 596, 597, 598, 599, 600, 601, 602, 603, 604, 605, 606, 607, 608, 609, 610, 611, 612, 613, 614, 615, 616, 617, 618, 619, 620, 621, 622, 623, 624, 625, 626, 627, 628, 629, 630, 631, 632, 633, 634, 635, 636, 637, 638, 639, 640, 641, 642, 643, 644, 645, 646, 647, 648, 649, 650, 651, 652, 653, 654, 655, 656, 657, 658, 659, 660, 661, 662, 663, 664, 665, 666, 667, 668, 669, 670, 671, 672, 673, 674, 675, 676, 677, 678, 679, 680, 681, 682, 683, 684, 685, 686, 687, 688, 689, 690, 691, 692, 693, 694, 695, 696, 697, 698, 699, 700, 701, 702, 703, 704, 705, 706, 707, 708, 709, 710, 711, 712, 713, 714, 715, 716, 717, 718, 719, 720, 721, 722, 723, 724, 725, 726, 727, 728, 729, 730, 731, 732, 733, 734, 735, 736, 737, 738, 739, 740, 741, 742, 743, 744, 745, 746, 747, 748, 749, 750, 751, 752, 753, 754, 755, 756, 757, 758, 759, 760, 761, 762, 763, 764, 765, 766, 767, 768, 769, 770, 771, 772, 773, 774, 775, 776, 777, 778, 779, 780, 781, 782, 783, 784, 785, 786, 787, 788, 789, 790, 791, 792, 793]","[140, 199, 611, 670]",[],[],"[103, 104, 105, 106, 107, 108, 109, 110, 111, 112, 113, 114, 115, 116, 117, 118, 119, 120, 121, 122, 123, 124, 125, 126, 127, 128, 129, 130, 131, 132, 133, 134, 135, 136, 137, 138, 139, 140, 141, 142, 143, 144, 145, 146, 147, 148, 149, 150, 151, 152, 153, 154, 155, 156, 157, 158, 159, 160, 161, 162, 163, 164, 165, 166, 167, 168, 169, 170, 171, 172, 173, 174, 175, 176, 177, 178, 179, 180, 181, 182, 183, 184, 185, 186, 187, 188, 189, 190, 191, 192, 193, 194, 195, 196, 197, 198, 199, 200, 201, 202, 203, 204, 205, 206, 207, 208, 209, 210, 211, 212, 213, 214, 215, 216, 217, 218, 219, 220, 221, 222, 223, 224, 225, 226, 227, 228, 229, 230, 231, 232, 233, 234, 235, 236, 237, 238, 239, 240, 241, 242, 243, 244, 245, 246, 247, 248, 249, 250, 251, 252, 253, 254, 255, 256, 257, 258, 259, 260, 261, 262, 263, 264, 265, 266, 267, 268, 269, 270, 271, 272, 273, 274, 275, 276, 277, 278, 279, 280, 281, 282, 283, 284, 285, 286, 287, 288, 289, 290, 291, 292, 293, 294, 295, 296, 297, 298, 299, 300, 301, 302, 303, 304, 305, 306, 307, 308, 309, 310, 311, 312, 313, 314, 315, 316, 317, 318, 319, 320, 321, 322, 323, 324, 325, 326, 327, 328, 329, 330, 331, 332, 333, 334, 335, 336, 337, 574, 575, 576, 577, 578, 579, 580, 581, 582, 583, 584, 585, 586, 587, 588, 589, 590, 591, 592, 593, 594, 595, 596, 597, 598, 599, 600, 601, 602, 603, 604, 605, 606, 607, 608, 609, 610, 611, 612, 613, 614, 615, 616, 617, 618, 619, 620, 621, 622, 623, 624, 625, 626, 627, 628, 629, 630, 631, 632, 633, 634, 635, 636, 637, 638, 639, 640, 641, 642, 643, 644, 645, 646, 647, 648, 649, 650, 651, 652, 653, 654, 655, 656, 657, 658, 659, 660, 661, 662, 663, 664, 665, 666, 667, 668, 669, 670, 671, 672, 673, 674, 675, 676, 677, 678, 679, 680, 681, 682, 683, 684, 685, 686, 687, 688, 689, 690, 691, 692, 693, 694, 695, 696, 697, 698, 699, 700, 701, 702, 703, 704, 705, 706, 707, 708, 709, 710, 711, 712, 713, 714, 715, 716, 717, 718, 719, 720, 721, 722, 723, 724, 725, 726, 727, 728, 729, 730, 731, 732, 733, 734, 735, 736, 737, 738, 739, 740, 741, 742, 743, 744, 745, 746, 747, 748, 749, 750, 751, 752, 753, 754, 755, 756, 757, 758, 759, 760, 761, 762, 763, 764, 765, 766, 767, 768, 769, 770, 771, 772, 773, 774, 775, 776, 777, 778, 779, 780, 781, 782, 783, 784, 785, 786, 787, 788, 789, 790, 791, 792, 793]",True,"[199, 670]","[103, 104, 105, 106, 107, 108, 109, 110, 111, 112, 113, 114, 115, 116, 117, 118, 119, 120, 121, 122, 123, 124, 125, 126, 127, 128, 129, 130, 131, 132, 133, 134, 135, 136, 137, 138, 139, 140, 141, 142, 143, 144, 145, 146, 147, 148, 149, 150, 151, 152, 153, 154, 155, 156, 157, 158, 159, 160, 161, 162, 163, 164, 165, 166, 167, 168, 169, 170, 171, 172, 173, 174, 175, 176, 177, 178, 179, 180, 181, 182, 183, 184, 185, 186, 187, 188, 189, 190, 191, 192, 193, 194, 195, 196, 197, 198, 199, 200, 201, 202, 203, 204, 205, 206, 207, 208, 209, 210, 211, 212, 213, 214, 215, 216, 217, 218, 219, 220, 221, 222, 223, 224, 225, 226, 227, 228, 229, 230, 231, 232, 233, 234, 235, 236, 237, 238, 239, 240, 241, 242, 243, 244, 245, 246, 247, 248, 249, 250, 251, 252, 253, 254, 255, 256, 257, 258, 259, 260, 261, 262, 263, 264, 265, 266, 267, 268, 269, 270, 271, 272, 273, 274, 275, 276, 277, 278, 279, 280, 281, 282, 283, 284, 285, 286, 287, 288, 289, 290, 291, 292, 293, 294, 295, 296, 297, 298, 299, 300, 301, 302, 303, 304, 305, 306, 307, 308, 309, 310, 311, 312, 313, 314, 315, 316, 317, 318, 319, 320, 321, 322, 323, 324, 325, 326, 327, 328, 329, 330, 331, 332, 333, 334, 335, 336, 337, 574, 575, 576, 577, 578, 579, 580, 581, 582, 583, 584, 585, 586, 587, 588, 589, 590, 591, 592, 593, 594, 595, 596, 597, 598, 599, 600, 601, 602, 603, 604, 605, 606, 607, 608, 609, 610, 611, 612, 613, 614, 615, 616, 617, 618, 619, 620, 621, 622, 623, 624, 625, 626, 627, 628, 629, 630, 631, 632, 633, 634, 635, 636, 637, 638, 639, 640, 641, 642, 643, 644, 645, 646, 647, 648, 649, 650, 651, 652, 653, 654, 655, 656, 657, 658, 659, 660, 661, 662, 663, 664, 665, 666, 667, 668, 669, 670, 671, 672, 673, 674, 675, 676, 677, 678, 679, 680, 681, 682, 683, 684, 685, 686, 687, 688, 689, 690, 691, 692, 693, 694, 695, 696, 697, 698, 699, 700, 701, 702, 703, 704, 705, 706, 707, 708, 709, 710, 711, 712, 713, 714, 715, 716, 717, 718, 719, 720, 721, 722, 723, 724, 725, 726, 727, 728, 729, 730, 731, 732, 733, 734, 735, 736, 737, 738, 739, 740, 741, 742, 743, 744, 745, 746, 747, 748, 749, 750, 751, 752, 753, 754, 755, 756, 757, 758, 759, 760, 761, 762, 763, 764, 765, 766, 767, 768, 769, 770, 771, 772, 773, 774, 775, 776, 777, 778, 779, 780, 781, 782, 783, 784, 785, 786, 787, 788, 789, 790, 791, 792, 793]","[199, 670]",[],"[140, 199, 611, 670]",[],[],7/6 successful match,True,[335],True,291,False,,,,,
"Lakeview , 92567 Galaxy Valero",951-928-9788 Ramona Expwy W & Lakeview Ave,<U+2610>,Lakeview,92567,Galaxy Valero,951-928-9788,2007,Nuevo,CA,Valero,,Ramona Expwy W & Lakeview Ave,empty,,False,,False,Ramona Expwy,Lakeview Ave,,,,"[670, 199]","[199, 670]","[199, 670]",[],"[103, 104, 105, 106, 107, 108, 109, 110, 111, 112, 113, 114, 115, 116, 117, 118, 119, 120, 121, 122, 123, 124, 125, 126, 127, 128, 129, 130, 131, 132, 133, 134, 135, 136, 137, 138, 139, 140, 141, 142, 143, 144, 145, 146, 147, 148, 149, 150, 151, 152, 153, 154, 155, 156, 157, 158, 159, 160, 161, 162, 163, 164, 165, 166, 167, 168, 169, 170, 171, 172, 173, 174, 175, 176, 177, 178, 179, 180, 181, 182, 183, 184, 185, 186, 187, 188, 189, 190, 191, 192, 193, 194, 195, 196, 197, 198, 199, 200, 201, 202, 203, 204, 205, 206, 207, 208, 209, 210, 211, 212, 213, 214, 215, 216, 217, 218, 219, 220, 221, 222, 223, 224, 225, 226, 227, 228, 229, 230, 231, 232, 233, 234, 235, 236, 237, 238, 239, 240, 241, 242, 243, 244, 245, 246, 247, 248, 249, 250, 251, 252, 253, 254, 255, 256, 257, 258, 259, 260, 261, 262, 263, 264, 265, 266, 267, 268, 269, 270, 271, 272, 273, 274, 275, 276, 277, 278, 279, 280, 281, 282, 283, 284, 285, 286, 287, 288, 289, 290, 291, 292, 293, 294, 295, 296, 297, 298, 299, 300, 301, 302, 303, 304, 305, 306, 307, 308, 309, 310, 311, 312, 313, 314, 315, 316, 317, 318, 319, 320, 321, 322, 323, 324, 325, 326, 327, 328, 329, 330, 331, 332, 333, 334, 335, 336, 337, 574, 575, 576, 577, 578, 579, 580, 581, 582, 583, 584, 585, 586, 587, 588, 589, 590, 591, 592, 593, 594, 595, 596, 597, 598, 599, 600, 601, 602, 603, 604, 605, 606, 607, 608, 609, 610, 611, 612, 613, 614, 615, 616, 617, 618, 619, 620, 621, 622, 623, 624, 625, 626, 627, 628, 629, 630, 631, 632, 633, 634, 635, 636, 637, 638, 639, 640, 641, 642, 643, 644, 645, 646, 647, 648, 649, 650, 651, 652, 653, 654, 655, 656, 657, 658, 659, 660, 661, 662, 663, 664, 665, 666, 667, 668, 669, 670, 671, 672, 673, 674, 675, 676, 677, 678, 679, 680, 681, 682, 683, 684, 685, 686, 687, 688, 689, 690, 691, 692, 693, 694, 695, 696, 697, 698, 699, 700, 701, 702, 703, 704, 705, 706, 707, 708, 709, 710, 711, 712, 713, 714, 715, 716, 717, 718, 719, 720, 721, 722, 723, 724, 725, 726, 727, 728, 729, 730, 731, 732, 733, 734, 735, 736, 737, 738, 739, 740, 741, 742, 743, 744, 745, 746, 747, 748, 749, 750, 751, 752, 753, 754, 755, 756, 757, 758, 759, 760, 761, 762, 763, 764, 765, 766, 767, 768, 769, 770, 771, 772, 773, 774, 775, 776, 777, 778, 779, 780, 781, 782, 783, 784, 785, 786, 787, 788, 789, 790, 791, 792, 793]","[140, 199, 611, 670]","[2, 9, 10, 82, 111, 112, 113, 199, 279, 284, 285, 300, 488, 494, 495, 553, 581, 582, 583, 670, 738, 743, 744, 759, 818]","[2, 9, 10, 82, 111, 112, 113, 199, 279, 284, 285, 300, 488, 494, 495, 553, 581, 582, 583, 670, 738, 743, 744, 759, 818]","[2, 9, 10, 82, 103, 104, 105, 106, 107, 108, 109, 110, 111, 112, 113, 114, 115, 116, 117, 118, 119, 120, 121, 122, 123, 124, 125, 126, 127, 128, 129, 130, 131, 132, 133, 134, 135, 136, 137, 138, 139, 140, 141, 142, 143, 144, 145, 146, 147, 148, 149, 150, 151, 152, 153, 154, 155, 156, 157, 158, 159, 160, 161, 162, 163, 164, 165, 166, 167, 168, 169, 170, 171, 172, 173, 174, 175, 176, 177, 178, 179, 180, 181, 182, 183, 184, 185, 186, 187, 188, 189, 190, 191, 192, 193, 194, 195, 196, 197, 198, 199, 200, 201, 202, 203, 204, 205, 206, 207, 208, 209, 210, 211, 212, 213, 214, 215, 216, 217, 218, 219, 220, 221, 222, 223, 224, 225, 226, 227, 228, 229, 230, 231, 232, 233, 234, 235, 236, 237, 238, 239, 240, 241, 242, 243, 244, 245, 246, 247, 248, 249, 250, 251, 252, 253, 254, 255, 256, 257, 258, 259, 260, 261, 262, 263, 264, 265, 266, 267, 268, 269, 270, 271, 272, 273, 274, 275, 276, 277, 278, 279, 280, 281, 282, 283, 284, 285, 286, 287, 288, 289, 290, 291, 292, 293, 294, 295, 296, 297, 298, 299, 300, 301, 302, 303, 304, 305, 306, 307, 308, 309, 310, 311, 312, 313, 314, 315, 316, 317, 318, 319, 320, 321, 322, 323, 324, 325, 326, 327, 328, 329, 330, 331, 332, 333, 334, 335, 336, 337, 488, 494, 495, 553, 574, 575, 576, 577, 578, 579, 580, 581, 582, 583, 584, 585, 586, 587, 588, 589, 590, 591, 592, 593, 594, 595, 596, 597, 598, 599, 600, 601, 602, 603, 604, 605, 606, 607, 608, 609, 610, 611, 612, 613, 614, 615, 616, 617, 618, 619, 620, 621, 622, 623, 624, 625, 626, 627, 628, 629, 630, 631, 632, 633, 634, 635, 636, 637, 638, 639, 640, 641, 642, 643, 644, 645, 646, 647, 648, 649, 650, 651, 652, 653, 654, 655, 656, 657, 658, 659, 660, 661, 662, 663, 664, 665, 666, 667, 668, 669, 670, 671, 672, 673, 674, 675, 676, 677, 678, 679, 680, 681, 682, 683, 684, 685, 686, 687, 688, 689, 690, 691, 692, 693, 694, 695, 696, 697, 698, 699, 700, 701, 702, 703, 704, 705, 706, 707, 708, 709, 710, 711, 712, 713, 714, 715, 716, 717, 718, 719, 720, 721, 722, 723, 724, 725, 726, 727, 728, 729, 730, 731, 732, 733, 734, 735, 736, 737, 738, 739, 740, 741, 742, 743, 744, 745, 746, 747, 748, 749, 750, 751, 752, 753, 754, 755, 756, 757, 758, 759, 760, 761, 762, 763, 764, 765, 766, 767, 768, 769, 770, 771, 772, 773, 774, 775, 776, 777, 778, 779, 780, 781, 782, 783, 784, 785, 786, 787, 788, 789, 790, 791, 792, 793, 818]",True,"[199, 670]","[103, 104, 105, 106, 107, 108, 109, 110, 111, 112, 113, 114, 115, 116, 117, 118, 119, 120, 121, 122, 123, 124, 125, 126, 127, 128, 129, 130, 131, 132, 133, 134, 135, 136, 137, 138, 139, 140, 141, 142, 143, 144, 145, 146, 147, 148, 149, 150, 151, 152, 153, 154, 155, 156, 157, 158, 159, 160, 161, 162, 163, 164, 165, 166, 167, 168, 169, 170, 171, 172, 173, 174, 175, 176, 177, 178, 179, 180, 181, 182, 183, 184, 185, 186, 187, 188, 189, 190, 191, 192, 193, 194, 195, 196, 197, 198, 199, 200, 201, 202, 203, 204, 205, 206, 207, 208, 209, 210, 211, 212, 213, 214, 215, 216, 217, 218, 219, 220, 221, 222, 223, 224, 225, 226, 227, 228, 229, 230, 231, 232, 233, 234, 235, 236, 237, 238, 239, 240, 241, 242, 243, 244, 245, 246, 247, 248, 249, 250, 251, 252, 253, 254, 255, 256, 257, 258, 259, 260, 261, 262, 263, 264, 265, 266, 267, 268, 269, 270, 271, 272, 273, 274, 275, 276, 277, 278, 279, 280, 281, 282, 283, 284, 285, 286, 287, 288, 289, 290, 291, 292, 293, 294, 295, 296, 297, 298, 299, 300, 301, 302, 303, 304, 305, 306, 307, 308, 309, 310, 311, 312, 313, 314, 315, 316, 317, 318, 319, 320, 321, 322, 323, 324, 325, 326, 327, 328, 329, 330, 331, 332, 333, 334, 335, 336, 337, 574, 575, 576, 577, 578, 579, 580, 581, 582, 583, 584, 585, 586, 587, 588, 589, 590, 591, 592, 593, 594, 595, 596, 597, 598, 599, 600, 601, 602, 603, 604, 605, 606, 607, 608, 609, 610, 611, 612, 613, 614, 615, 616, 617, 618, 619, 620, 621, 622, 623, 624, 625, 626, 627, 628, 629, 630, 631, 632, 633, 634, 635, 636, 637, 638, 639, 640, 641, 642, 643, 644, 645, 646, 647, 648, 649, 650, 651, 652, 653, 654, 655, 656, 657, 658, 659, 660, 661, 662, 663, 664, 665, 666, 667, 668, 669, 670, 671, 672, 673, 674, 675, 676, 677, 678, 679, 680, 681, 682, 683, 684, 685, 686, 687, 688, 689, 690, 691, 692, 693, 694, 695, 696, 697, 698, 699, 700, 701, 702, 703, 704, 705, 706, 707, 708, 709, 710, 711, 712, 713, 714, 715, 716, 717, 718, 719, 720, 721, 722, 723, 724, 725, 726, 727, 728, 729, 730, 731, 732, 733, 734, 735, 736, 737, 738, 739, 740, 741, 742, 743, 744, 745, 746, 747, 748, 749, 750, 751, 752, 753, 754, 755, 756, 757, 758, 759, 760, 761, 762, 763, 764, 765, 766, 767, 768, 769, 770, 771, 772, 773, 774, 775, 776, 777, 778, 779, 780, 781, 782, 783, 784, 785, 786, 787, 788, 789, 790, 791, 792, 793]","[199, 670]",[],"[140, 199, 611, 670]","[2, 9, 10, 82, 111, 112, 113, 199, 279, 284, 285, 300, 488, 494, 495, 553, 581, 582, 583, 670, 738, 743, 744, 759, 818]","[2, 9, 10, 82, 111, 112, 113, 199, 279, 284, 285, 300, 488, 494, 495, 553, 581, 582, 583, 670, 738, 743, 744, 759, 818]",7/6 successful match,True,[335],True,291,True,2007,0.11764705882352941,True,Fuel,
"Lakeview , 92567 Galaxy Valero 24",7 951-928-9788 Ramona Expwy W & Lakeview HRS,HRS 24,Lakeview,92567,Galaxy Valero 24,951-928-9788,2008,Nuevo,CA,Valero,,Ramona Expwy W & Lakeview HRS,empty,,False,,False,Ramona Expwy,Lakeview HRS,,,,"[670, 199]","[199, 670]","[199, 670]",[],"[103, 104, 105, 106, 107, 108, 109, 110, 111, 112, 113, 114, 115, 116, 117, 118, 119, 120, 121, 122, 123, 124, 125, 126, 127, 128, 129, 130, 131, 132, 133, 134, 135, 136, 137, 138, 139, 140, 141, 142, 143, 144, 145, 146, 147, 148, 149, 150, 151, 152, 153, 154, 155, 156, 157, 158, 159, 160, 161, 162, 163, 164, 165, 166, 167, 168, 169, 170, 171, 172, 173, 174, 175, 176, 177, 178, 179, 180, 181, 182, 183, 184, 185, 186, 187, 188, 189, 190, 191, 192, 193, 194, 195, 196, 197, 198, 199, 200, 201, 202, 203, 204, 205, 206, 207, 208, 209, 210, 211, 212, 213, 214, 215, 216, 217, 218, 219, 220, 221, 222, 223, 224, 225, 226, 227, 228, 229, 230, 231, 232, 233, 234, 235, 236, 237, 238, 239, 240, 241, 242, 243, 244, 245, 246, 247, 248, 249, 250, 251, 252, 253, 254, 255, 256, 257, 258, 259, 260, 261, 262, 263, 264, 265, 266, 267, 268, 269, 270, 271, 272, 273, 274, 275, 276, 277, 278, 279, 280, 281, 282, 283, 284, 285, 286, 287, 288, 289, 290, 291, 292, 293, 294, 295, 296, 297, 298, 299, 300, 301, 302, 303, 304, 305, 306, 307, 308, 309, 310, 311, 312, 313, 314, 315, 316, 317, 318, 319, 320, 321, 322, 323, 324, 325, 326, 327, 328, 329, 330, 331, 332, 333, 334, 335, 336, 337, 574, 575, 576, 577, 578, 579, 580, 581, 582, 583, 584, 585, 586, 587, 588, 589, 590, 591, 592, 593, 594, 595, 596, 597, 598, 599, 600, 601, 602, 603, 604, 605, 606, 607, 608, 609, 610, 611, 612, 613, 614, 615, 616, 617, 618, 619, 620, 621, 622, 623, 624, 625, 626, 627, 628, 629, 630, 631, 632, 633, 634, 635, 636, 637, 638, 639, 640, 641, 642, 643, 644, 645, 646, 647, 648, 649, 650, 651, 652, 653, 654, 655, 656, 657, 658, 659, 660, 661, 662, 663, 664, 665, 666, 667, 668, 669, 670, 671, 672, 673, 674, 675, 676, 677, 678, 679, 680, 681, 682, 683, 684, 685, 686, 687, 688, 689, 690, 691, 692, 693, 694, 695, 696, 697, 698, 699, 700, 701, 702, 703, 704, 705, 706, 707, 708, 709, 710, 711, 712, 713, 714, 715, 716, 717, 718, 719, 720, 721, 722, 723, 724, 725, 726, 727, 728, 729, 730, 731, 732, 733, 734, 735, 736, 737, 738, 739, 740, 741, 742, 743, 744, 745, 746, 747, 748, 749, 750, 751, 752, 753, 754, 755, 756, 757, 758, 759, 760, 761, 762, 763, 764, 765, 766, 767, 768, 769, 770, 771, 772, 773, 774, 775, 776, 777, 778, 779, 780, 781, 782, 783, 784, 785, 786, 787, 788, 789, 790, 791, 792, 793]","[140, 199, 611, 670]","[2, 9, 10, 82, 111, 112, 113, 199, 279, 284, 285, 300, 488, 494, 495, 553, 581, 582, 583, 670, 738, 743, 744, 759, 818]","[2, 9, 10, 82, 103, 111, 112, 113, 199, 279, 284, 285, 300, 488, 494, 495, 553, 574, 581, 582, 583, 670, 738, 743, 744, 759, 818]","[2, 9, 10, 82, 103, 104, 105, 106, 107, 108, 109, 110, 111, 112, 113, 114, 115, 116, 117, 118, 119, 120, 121, 122, 123, 124, 125, 126, 127, 128, 129, 130, 131, 132, 133, 134, 135, 136, 137, 138, 139, 140, 141, 142, 143, 144, 145, 146, 147, 148, 149, 150, 151, 152, 153, 154, 155, 156, 157, 158, 159, 160, 161, 162, 163, 164, 165, 166, 167, 168, 169, 170, 171, 172, 173, 174, 175, 176, 177, 178, 179, 180, 181, 182, 183, 184, 185, 186, 187, 188, 189, 190, 191, 192, 193, 194, 195, 196, 197, 198, 199, 200, 201, 202, 203, 204, 205, 206, 207, 208, 209, 210, 211, 212, 213, 214, 215, 216, 217, 218, 219, 220, 221, 222, 223, 224, 225, 226, 227, 228, 229, 230, 231, 232, 233, 234, 235, 236, 237, 238, 239, 240, 241, 242, 243, 244, 245, 246, 247, 248, 249, 250, 251, 252, 253, 254, 255, 256, 257, 258, 259, 260, 261, 262, 263, 264, 265, 266, 267, 268, 269, 270, 271, 272, 273, 274, 275, 276, 277, 278, 279, 280, 281, 282, 283, 284, 285, 286, 287, 288, 289, 290, 291, 292, 293, 294, 295, 296, 297, 298, 299, 300, 301, 302, 303, 304, 305, 306, 307, 308, 309, 310, 311, 312, 313, 314, 315, 316, 317, 318, 319, 320, 321, 322, 323, 324, 325, 326, 327, 328, 329, 330, 331, 332, 333, 334, 335, 336, 337, 488, 494, 495, 553, 574, 575, 576, 577, 578, 579, 580, 581, 582, 583, 584, 585, 586, 587, 588, 589, 590, 591, 592, 593, 594, 595, 596, 597, 598, 599, 600, 601, 602, 603, 604, 605, 606, 607, 608, 609, 610, 611, 612, 613, 614, 615, 616, 617, 618, 619, 620, 621, 622, 623, 624, 625, 626, 627, 628, 629, 630, 631, 632, 633, 634, 635, 636, 637, 638, 639, 640, 641, 642, 643, 644, 645, 646, 647, 648, 649, 650, 651, 652, 653, 654, 655, 656, 657, 658, 659, 660, 661, 662, 663, 664, 665, 666, 667, 668, 669, 670, 671, 672, 673, 674, 675, 676, 677, 678, 679, 680, 681, 682, 683, 684, 685, 686, 687, 688, 689, 690, 691, 692, 693, 694, 695, 696, 697, 698, 699, 700, 701, 702, 703, 704, 705, 706, 707, 708, 709, 710, 711, 712, 713, 714, 715, 716, 717, 718, 719, 720, 721, 722, 723, 724, 725, 726, 727, 728, 729, 730, 731, 732, 733, 734, 735, 736, 737, 738, 739, 740, 741, 742, 743, 744, 745, 746, 747, 748, 749, 750, 751, 752, 753, 754, 755, 756, 757, 758, 759, 760, 761, 762, 763, 764, 765, 766, 767, 768, 769, 770, 771, 772, 773, 774, 775, 776, 777, 778, 779, 780, 781, 782, 783, 784, 785, 786, 787, 788, 789, 790, 791, 792, 793, 818]",True,"[199, 670]","[103, 104, 105, 106, 107, 108, 109, 110, 111, 112, 113, 114, 115, 116, 117, 118, 119, 120, 121, 122, 123, 124, 125, 126, 127, 128, 129, 130, 131, 132, 133, 134, 135, 136, 137, 138, 139, 140, 141, 142, 143, 144, 145, 146, 147, 148, 149, 150, 151, 152, 153, 154, 155, 156, 157, 158, 159, 160, 161, 162, 163, 164, 165, 166, 167, 168, 169, 170, 171, 172, 173, 174, 175, 176, 177, 178, 179, 180, 181, 182, 183, 184, 185, 186, 187, 188, 189, 190, 191, 192, 193, 194, 195, 196, 197, 198, 199, 200, 201, 202, 203, 204, 205, 206, 207, 208, 209, 210, 211, 212, 213, 214, 215, 216, 217, 218, 219, 220, 221, 222, 223, 224, 225, 226, 227, 228, 229, 230, 231, 232, 233, 234, 235, 236, 237, 238, 239, 240, 241, 242, 243, 244, 245, 246, 247, 248, 249, 250, 251, 252, 253, 254, 255, 256, 257, 258, 259, 260, 261, 262, 263, 264, 265, 266, 267, 268, 269, 270, 271, 272, 273, 274, 275, 276, 277, 278, 279, 280, 281, 282, 283, 284, 285, 286, 287, 288, 289, 290, 291, 292, 293, 294, 295, 296, 297, 298, 299, 300, 301, 302, 303, 304, 305, 306, 307, 308, 309, 310, 311, 312, 313, 314, 315, 316, 317, 318, 319, 320, 321, 322, 323, 324, 325, 326, 327, 328, 329, 330, 331, 332, 333, 334, 335, 336, 337, 574, 575, 576, 577, 578, 579, 580, 581, 582, 583, 584, 585, 586, 587, 588, 589, 590, 591, 592, 593, 594, 595, 596, 597, 598, 599, 600, 601, 602, 603, 604, 605, 606, 607, 608, 609, 610, 611, 612, 613, 614, 615, 616, 617, 618, 619, 620, 621, 622, 623, 624, 625, 626, 627, 628, 629, 630, 631, 632, 633, 634, 635, 636, 637, 638, 639, 640, 641, 642, 643, 644, 645, 646, 647, 648, 649, 650, 651, 652, 653, 654, 655, 656, 657, 658, 659, 660, 661, 662, 663, 664, 665, 666, 667, 668, 669, 670, 671, 672, 673, 674, 675, 676, 677, 678, 679, 680, 681, 682, 683, 684, 685, 686, 687, 688, 689, 690, 691, 692, 693, 694, 695, 696, 697, 698, 699, 700, 701, 702, 703, 704, 705, 706, 707, 708, 709, 710, 711, 712, 713, 714, 715, 716, 717, 718, 719, 720, 721, 722, 723, 724, 725, 726, 727, 728, 729, 730, 731, 732, 733, 734, 735, 736, 737, 738, 739, 740, 741, 742, 743, 744, 745, 746, 747, 748, 749, 750, 751, 752, 753, 754, 755, 756, 757, 758, 759, 760, 761, 762, 763, 764, 765, 766, 767, 768, 769, 770, 771, 772, 773, 774, 775, 776, 777, 778, 779, 780, 781, 782, 783, 784, 785, 786, 787, 788, 789, 790, 791, 792, 793]","[199, 670]",[],"[140, 199, 611, 670]","[2, 9, 10, 82, 103, 111, 112, 113, 199, 279, 284, 285, 300, 488, 494, 495, 553, 574, 581, 582, 583, 670, 738, 743, 744, 759, 818]","[2, 9, 10, 82, 111, 112, 113, 199, 279, 284, 285, 300, 488, 494, 495, 553, 581, 582, 583, 670, 738, 743, 744, 759, 818]",7/6 successful match,True,[335],True,291,False,,1.0,True,Galaxy Valero,Valero
Lakeview ( 92567 ) Lakeview Valero,951-928-9788 Ramona Expwy W & Lakeview Ave,24 <U+2610> <U+2610>,Lakeview,92567,Lakeview Valero,951-928-9788,2014,Nuevo,CA,Valero,,Ramona Expwy W & Lakeview Ave,empty,,False,,False,Ramona Expwy,Lakeview Ave,,,,"[670, 199]","[199, 670]","[199, 670]",[],"[103, 104, 105, 106, 107, 108, 109, 110, 111, 112, 113, 114, 115, 116, 117, 118, 119, 120, 121, 122, 123, 124, 125, 126, 127, 128, 129, 130, 131, 132, 133, 134, 135, 136, 137, 138, 139, 140, 141, 142, 143, 144, 145, 146, 147, 148, 149, 150, 151, 152, 153, 154, 155, 156, 157, 158, 159, 160, 161, 162, 163, 164, 165, 166, 167, 168, 169, 170, 171, 172, 173, 174, 175, 176, 177, 178, 179, 180, 181, 182, 183, 184, 185, 186, 187, 188, 189, 190, 191, 192, 193, 194, 195, 196, 197, 198, 199, 200, 201, 202, 203, 204, 205, 206, 207, 208, 209, 210, 211, 212, 213, 214, 215, 216, 217, 218, 219, 220, 221, 222, 223, 224, 225, 226, 227, 228, 229, 230, 231, 232, 233, 234, 235, 236, 237, 238, 239, 240, 241, 242, 243, 244, 245, 246, 247, 248, 249, 250, 251, 252, 253, 254, 255, 256, 257, 258, 259, 260, 261, 262, 263, 264, 265, 266, 267, 268, 269, 270, 271, 272, 273, 274, 275, 276, 277, 278, 279, 280, 281, 282, 283, 284, 285, 286, 287, 288, 289, 290, 291, 292, 293, 294, 295, 296, 297, 298, 299, 300, 301, 302, 303, 304, 305, 306, 307, 308, 309, 310, 311, 312, 313, 314, 315, 316, 317, 318, 319, 320, 321, 322, 323, 324, 325, 326, 327, 328, 329, 330, 331, 332, 333, 334, 335, 336, 337, 574, 575, 576, 577, 578, 579, 580, 581, 582, 583, 584, 585, 586, 587, 588, 589, 590, 591, 592, 593, 594, 595, 596, 597, 598, 599, 600, 601, 602, 603, 604, 605, 606, 607, 608, 609, 610, 611, 612, 613, 614, 615, 616, 617, 618, 619, 620, 621, 622, 623, 624, 625, 626, 627, 628, 629, 630, 631, 632, 633, 634, 635, 636, 637, 638, 639, 640, 641, 642, 643, 644, 645, 646, 647, 648, 649, 650, 651, 652, 653, 654, 655, 656, 657, 658, 659, 660, 661, 662, 663, 664, 665, 666, 667, 668, 669, 670, 671, 672, 673, 674, 675, 676, 677, 678, 679, 680, 681, 682, 683, 684, 685, 686, 687, 688, 689, 690, 691, 692, 693, 694, 695, 696, 697, 698, 699, 700, 701, 702, 703, 704, 705, 706, 707, 708, 709, 710, 711, 712, 713, 714, 715, 716, 717, 718, 719, 720, 721, 722, 723, 724, 725, 726, 727, 728, 729, 730, 731, 732, 733, 734, 735, 736, 737, 738, 739, 740, 741, 742, 743, 744, 745, 746, 747, 748, 749, 750, 751, 752, 753, 754, 755, 756, 757, 758, 759, 760, 761, 762, 763, 764, 765, 766, 767, 768, 769, 770, 771, 772, 773, 774, 775, 776, 777, 778, 779, 780, 781, 782, 783, 784, 785, 786, 787, 788, 789, 790, 791, 792, 793]","[140, 199, 611, 670]","[2, 9, 10, 82, 111, 112, 113, 199, 279, 284, 285, 300, 488, 494, 495, 553, 581, 582, 583, 670, 738, 743, 744, 759, 818]","[2, 9, 10, 82, 111, 112, 113, 199, 279, 284, 285, 300, 488, 494, 495, 553, 581, 582, 583, 670, 738, 743, 744, 759, 818]","[2, 9, 10, 82, 103, 104, 105, 106, 107, 108, 109, 110, 111, 112, 113, 114, 115, 116, 117, 118, 119, 120, 121, 122, 123, 124, 125, 126, 127, 128, 129, 130, 131, 132, 133, 134, 135, 136, 137, 138, 139, 140, 141, 142, 143, 144, 145, 146, 147, 148, 149, 150, 151, 152, 153, 154, 155, 156, 157, 158, 159, 160, 161, 162, 163, 164, 165, 166, 167, 168, 169, 170, 171, 172, 173, 174, 175, 176, 177, 178, 179, 180, 181, 182, 183, 184, 185, 186, 187, 188, 189, 190, 191, 192, 193, 194, 195, 196, 197, 198, 199, 200, 201, 202, 203, 204, 205, 206, 207, 208, 209, 210, 211, 212, 213, 214, 215, 216, 217, 218, 219, 220, 221, 222, 223, 224, 225, 226, 227, 228, 229, 230, 231, 232, 233, 234, 235, 236, 237, 238, 239, 240, 241, 242, 243, 244, 245, 246, 247, 248, 249, 250, 251, 252, 253, 254, 255, 256, 257, 258, 259, 260, 261, 262, 263, 264, 265, 266, 267, 268, 269, 270, 271, 272, 273, 274, 275, 276, 277, 278, 279, 280, 281, 282, 283, 284, 285, 286, 287, 288, 289, 290, 291, 292, 293, 294, 295, 296, 297, 298, 299, 300, 301, 302, 303, 304, 305, 306, 307, 308, 309, 310, 311, 312, 313, 314, 315, 316, 317, 318, 319, 320, 321, 322, 323, 324, 325, 326, 327, 328, 329, 330, 331, 332, 333, 334, 335, 336, 337, 488, 494, 495, 553, 574, 575, 576, 577, 578, 579, 580, 581, 582, 583, 584, 585, 586, 587, 588, 589, 590, 591, 592, 593, 594, 595, 596, 597, 598, 599, 600, 601, 602, 603, 604, 605, 606, 607, 608, 609, 610, 611, 612, 613, 614, 615, 616, 617, 618, 619, 620, 621, 622, 623, 624, 625, 626, 627, 628, 629, 630, 631, 632, 633, 634, 635, 636, 637, 638, 639, 640, 641, 642, 643, 644, 645, 646, 647, 648, 649, 650, 651, 652, 653, 654, 655, 656, 657, 658, 659, 660, 661, 662, 663, 664, 665, 666, 667, 668, 669, 670, 671, 672, 673, 674, 675, 676, 677, 678, 679, 680, 681, 682, 683, 684, 685, 686, 687, 688, 689, 690, 691, 692, 693, 694, 695, 696, 697, 698, 699, 700, 701, 702, 703, 704, 705, 706, 707, 708, 709, 710, 711, 712, 713, 714, 715, 716, 717, 718, 719, 720, 721, 722, 723, 724, 725, 726, 727, 728, 729, 730, 731, 732, 733, 734, 735, 736, 737, 738, 739, 740, 741, 742, 743, 744, 745, 746, 747, 748, 749, 750, 751, 752, 753, 754, 755, 756, 757, 758, 759, 760, 761, 762, 763, 764, 765, 766, 767, 768, 769, 770, 771, 772, 773, 774, 775, 776, 777, 778, 779, 780, 781, 782, 783, 784, 785, 786, 787, 788, 789, 790, 791, 792, 793, 818]",True,"[199, 670]","[103, 104, 105, 106, 107, 108, 109, 110, 111, 112, 113, 114, 115, 116, 117, 118, 119, 120, 121, 122, 123, 124, 125, 126, 127, 128, 129, 130, 131, 132, 133, 134, 135, 136, 137, 138, 139, 140, 141, 142, 143, 144, 145, 146, 147, 148, 149, 150, 151, 152, 153, 154, 155, 156, 157, 158, 159, 160, 161, 162, 163, 164, 165, 166, 167, 168, 169, 170, 171, 172, 173, 174, 175, 176, 177, 178, 179, 180, 181, 182, 183, 184, 185, 186, 187, 188, 189, 190, 191, 192, 193, 194, 195, 196, 197, 198, 199, 200, 201, 202, 203, 204, 205, 206, 207, 208, 209, 210, 211, 212, 213, 214, 215, 216, 217, 218, 219, 220, 221, 222, 223, 224, 225, 226, 227, 228, 229, 230, 231, 232, 233, 234, 235, 236, 237, 238, 239, 240, 241, 242, 243, 244, 245, 246, 247, 248, 249, 250, 251, 252, 253, 254, 255, 256, 257, 258, 259, 260, 261, 262, 263, 264, 265, 266, 267, 268, 269, 270, 271, 272, 273, 274, 275, 276, 277, 278, 279, 280, 281, 282, 283, 284, 285, 286, 287, 288, 289, 290, 291, 292, 293, 294, 295, 296, 297, 298, 299, 300, 301, 302, 303, 304, 305, 306, 307, 308, 309, 310, 311, 312, 313, 314, 315, 316, 317, 318, 319, 320, 321, 322, 323, 324, 325, 326, 327, 328, 329, 330, 331, 332, 333, 334, 335, 336, 337, 574, 575, 576, 577, 578, 579, 580, 581, 582, 583, 584, 585, 586, 587, 588, 589, 590, 591, 592, 593, 594, 595, 596, 597, 598, 599, 600, 601, 602, 603, 604, 605, 606, 607, 608, 609, 610, 611, 612, 613, 614, 615, 616, 617, 618, 619, 620, 621, 622, 623, 624, 625, 626, 627, 628, 629, 630, 631, 632, 633, 634, 635, 636, 637, 638, 639, 640, 641, 642, 643, 644, 645, 646, 647, 648, 649, 650, 651, 652, 653, 654, 655, 656, 657, 658, 659, 660, 661, 662, 663, 664, 665, 666, 667, 668, 669, 670, 671, 672, 673, 674, 675, 676, 677, 678, 679, 680, 681, 682, 683, 684, 685, 686, 687, 688, 689, 690, 691, 692, 693, 694, 695, 696, 697, 698, 699, 700, 701, 702, 703, 704, 705, 706, 707, 708, 709, 710, 711, 712, 713, 714, 715, 716, 717, 718, 719, 720, 721, 722, 723, 724, 725, 726, 727, 728, 729, 730, 731, 732, 733, 734, 735, 736, 737, 738, 739, 740, 741, 742, 743, 744, 745, 746, 747, 748, 749, 750, 751, 752, 753, 754, 755, 756, 757, 758, 759, 760, 761, 762, 763, 764, 765, 766, 767, 768, 769, 770, 771, 772, 773, 774, 775, 776, 777, 778, 779, 780, 781, 782, 783, 784, 785, 786, 787, 788, 789, 790, 791, 792, 793]","[199, 670]",[],"[140, 199, 611, 670]","[2, 9, 10, 82, 111, 112, 113, 199, 279, 284, 285, 300, 488, 494, 495, 553, 581, 582, 583, 670, 738, 743, 744, 759, 818]","[2, 9, 10, 82, 111, 112, 113, 199, 279, 284, 285, 300, 488, 494, 495, 553, 581, 582, 583, 670, 738, 743, 744, 759, 818]",7/6 successful match,True,[335],True,291,False,,0.47419354838709676,True,Galaxy Valero 24,Valero
Lakeview ( 92567 ) Lakeview Valero,7 951-928-9788 Ramona Expwy W & Lakeview Ave,24 <U+2610>,Lakeview,92567,Lakeview Valero,951-928-9788,2015,Nuevo,CA,Valero,,Ramona Expwy W & Lakeview Ave,empty,,False,,False,Ramona Expwy,Lakeview Ave,,,,"[670, 199]","[199, 670]","[199, 670]",[],"[103, 104, 105, 106, 107, 108, 109, 110, 111, 112, 113, 114, 115, 116, 117, 118, 119, 120, 121, 122, 123, 124, 125, 126, 127, 128, 129, 130, 131, 132, 133, 134, 135, 136, 137, 138, 139, 140, 141, 142, 143, 144, 145, 146, 147, 148, 149, 150, 151, 152, 153, 154, 155, 156, 157, 158, 159, 160, 161, 162, 163, 164, 165, 166, 167, 168, 169, 170, 171, 172, 173, 174, 175, 176, 177, 178, 179, 180, 181, 182, 183, 184, 185, 186, 187, 188, 189, 190, 191, 192, 193, 194, 195, 196, 197, 198, 199, 200, 201, 202, 203, 204, 205, 206, 207, 208, 209, 210, 211, 212, 213, 214, 215, 216, 217, 218, 219, 220, 221, 222, 223, 224, 225, 226, 227, 228, 229, 230, 231, 232, 233, 234, 235, 236, 237, 238, 239, 240, 241, 242, 243, 244, 245, 246, 247, 248, 249, 250, 251, 252, 253, 254, 255, 256, 257, 258, 259, 260, 261, 262, 263, 264, 265, 266, 267, 268, 269, 270, 271, 272, 273, 274, 275, 276, 277, 278, 279, 280, 281, 282, 283, 284, 285, 286, 287, 288, 289, 290, 291, 292, 293, 294, 295, 296, 297, 298, 299, 300, 301, 302, 303, 304, 305, 306, 307, 308, 309, 310, 311, 312, 313, 314, 315, 316, 317, 318, 319, 320, 321, 322, 323, 324, 325, 326, 327, 328, 329, 330, 331, 332, 333, 334, 335, 336, 337, 574, 575, 576, 577, 578, 579, 580, 581, 582, 583, 584, 585, 586, 587, 588, 589, 590, 591, 592, 593, 594, 595, 596, 597, 598, 599, 600, 601, 602, 603, 604, 605, 606, 607, 608, 609, 610, 611, 612, 613, 614, 615, 616, 617, 618, 619, 620, 621, 622, 623, 624, 625, 626, 627, 628, 629, 630, 631, 632, 633, 634, 635, 636, 637, 638, 639, 640, 641, 642, 643, 644, 645, 646, 647, 648, 649, 650, 651, 652, 653, 654, 655, 656, 657, 658, 659, 660, 661, 662, 663, 664, 665, 666, 667, 668, 669, 670, 671, 672, 673, 674, 675, 676, 677, 678, 679, 680, 681, 682, 683, 684, 685, 686, 687, 688, 689, 690, 691, 692, 693, 694, 695, 696, 697, 698, 699, 700, 701, 702, 703, 704, 705, 706, 707, 708, 709, 710, 711, 712, 713, 714, 715, 716, 717, 718, 719, 720, 721, 722, 723, 724, 725, 726, 727, 728, 729, 730, 731, 732, 733, 734, 735, 736, 737, 738, 739, 740, 741, 742, 743, 744, 745, 746, 747, 748, 749, 750, 751, 752, 753, 754, 755, 756, 757, 758, 759, 760, 761, 762, 763, 764, 765, 766, 767, 768, 769, 770, 771, 772, 773, 774, 775, 776, 777, 778, 779, 780, 781, 782, 783, 784, 785, 786, 787, 788, 789, 790, 791, 792, 793]","[140, 199, 611, 670]","[2, 9, 10, 82, 111, 112, 113, 199, 279, 284, 285, 300, 488, 494, 495, 553, 581, 582, 583, 670, 738, 743, 744, 759, 818]","[2, 9, 10, 82, 111, 112, 113, 199, 279, 284, 285, 300, 488, 494, 495, 553, 581, 582, 583, 670, 738, 743, 744, 759, 818]","[2, 9, 10, 82, 103, 104, 105, 106, 107, 108, 109, 110, 111, 112, 113, 114, 115, 116, 117, 118, 119, 120, 121, 122, 123, 124, 125, 126, 127, 128, 129, 130, 131, 132, 133, 134, 135, 136, 137, 138, 139, 140, 141, 142, 143, 144, 145, 146, 147, 148, 149, 150, 151, 152, 153, 154, 155, 156, 157, 158, 159, 160, 161, 162, 163, 164, 165, 166, 167, 168, 169, 170, 171, 172, 173, 174, 175, 176, 177, 178, 179, 180, 181, 182, 183, 184, 185, 186, 187, 188, 189, 190, 191, 192, 193, 194, 195, 196, 197, 198, 199, 200, 201, 202, 203, 204, 205, 206, 207, 208, 209, 210, 211, 212, 213, 214, 215, 216, 217, 218, 219, 220, 221, 222, 223, 224, 225, 226, 227, 228, 229, 230, 231, 232, 233, 234, 235, 236, 237, 238, 239, 240, 241, 242, 243, 244, 245, 246, 247, 248, 249, 250, 251, 252, 253, 254, 255, 256, 257, 258, 259, 260, 261, 262, 263, 264, 265, 266, 267, 268, 269, 270, 271, 272, 273, 274, 275, 276, 277, 278, 279, 280, 281, 282, 283, 284, 285, 286, 287, 288, 289, 290, 291, 292, 293, 294, 295, 296, 297, 298, 299, 300, 301, 302, 303, 304, 305, 306, 307, 308, 309, 310, 311, 312, 313, 314, 315, 316, 317, 318, 319, 320, 321, 322, 323, 324, 325, 326, 327, 328, 329, 330, 331, 332, 333, 334, 335, 336, 337, 488, 494, 495, 553, 574, 575, 576, 577, 578, 579, 580, 581, 582, 583, 584, 585, 586, 587, 588, 589, 590, 591, 592, 593, 594, 595, 596, 597, 598, 599, 600, 601, 602, 603, 604, 605, 606, 607, 608, 609, 610, 611, 612, 613, 614, 615, 616, 617, 618, 619, 620, 621, 622, 623, 624, 625, 626, 627, 628, 629, 630, 631, 632, 633, 634, 635, 636, 637, 638, 639, 640, 641, 642, 643, 644, 645, 646, 647, 648, 649, 650, 651, 652, 653, 654, 655, 656, 657, 658, 659, 660, 661, 662, 663, 664, 665, 666, 667, 668, 669, 670, 671, 672, 673, 674, 675, 676, 677, 678, 679, 680, 681, 682, 683, 684, 685, 686, 687, 688, 689, 690, 691, 692, 693, 694, 695, 696, 697, 698, 699, 700, 701, 702, 703, 704, 705, 706, 707, 708, 709, 710, 711, 712, 713, 714, 715, 716, 717, 718, 719, 720, 721, 722, 723, 724, 725, 726, 727, 728, 729, 730, 731, 732, 733, 734, 735, 736, 737, 738, 739, 740, 741, 742, 743, 744, 745, 746, 747, 748, 749, 750, 751, 752, 753, 754, 755, 756, 757, 758, 759, 760, 761, 762, 763, 764, 765, 766, 767, 768, 769, 770, 771, 772, 773, 774, 775, 776, 777, 778, 779, 780, 781, 782, 783, 784, 785, 786, 787, 788, 789, 790, 791, 792, 793, 818]",True,"[199, 670]","[103, 104, 105, 106, 107, 108, 109, 110, 111, 112, 113, 114, 115, 116, 117, 118, 119, 120, 121, 122, 123, 124, 125, 126, 127, 128, 129, 130, 131, 132, 133, 134, 135, 136, 137, 138, 139, 140, 141, 142, 143, 144, 145, 146, 147, 148, 149, 150, 151, 152, 153, 154, 155, 156, 157, 158, 159, 160, 161, 162, 163, 164, 165, 166, 167, 168, 169, 170, 171, 172, 173, 174, 175, 176, 177, 178, 179, 180, 181, 182, 183, 184, 185, 186, 187, 188, 189, 190, 191, 192, 193, 194, 195, 196, 197, 198, 199, 200, 201, 202, 203, 204, 205, 206, 207, 208, 209, 210, 211, 212, 213, 214, 215, 216, 217, 218, 219, 220, 221, 222, 223, 224, 225, 226, 227, 228, 229, 230, 231, 232, 233, 234, 235, 236, 237, 238, 239, 240, 241, 242, 243, 244, 245, 246, 247, 248, 249, 250, 251, 252, 253, 254, 255, 256, 257, 258, 259, 260, 261, 262, 263, 264, 265, 266, 267, 268, 269, 270, 271, 272, 273, 274, 275, 276, 277, 278, 279, 280, 281, 282, 283, 284, 285, 286, 287, 288, 289, 290, 291, 292, 293, 294, 295, 296, 297, 298, 299, 300, 301, 302, 303, 304, 305, 306, 307, 308, 309, 310, 311, 312, 313, 314, 315, 316, 317, 318, 319, 320, 321, 322, 323, 324, 325, 326, 327, 328, 329, 330, 331, 332, 333, 334, 335, 336, 337, 574, 575, 576, 577, 578, 579, 580, 581, 582, 583, 584, 585, 586, 587, 588, 589, 590, 591, 592, 593, 594, 595, 596, 597, 598, 599, 600, 601, 602, 603, 604, 605, 606, 607, 608, 609, 610, 611, 612, 613, 614, 615, 616, 617, 618, 619, 620, 621, 622, 623, 624, 625, 626, 627, 628, 629, 630, 631, 632, 633, 634, 635, 636, 637, 638, 639, 640, 641, 642, 643, 644, 645, 646, 647, 648, 649, 650, 651, 652, 653, 654, 655, 656, 657, 658, 659, 660, 661, 662, 663, 664, 665, 666, 667, 668, 669, 670, 671, 672, 673, 674, 675, 676, 677, 678, 679, 680, 681, 682, 683, 684, 685, 686, 687, 688, 689, 690, 691, 692, 693, 694, 695, 696, 697, 698, 699, 700, 701, 702, 703, 704, 705, 706, 707, 708, 709, 710, 711, 712, 713, 714, 715, 716, 717, 718, 719, 720, 721, 722, 723, 724, 725, 726, 727, 728, 729, 730, 731, 732, 733, 734, 735, 736, 737, 738, 739, 740, 741, 742, 743, 744, 745, 746, 747, 748, 749, 750, 751, 752, 753, 754, 755, 756, 757, 758, 759, 760, 761, 762, 763, 764, 765, 766, 767, 768, 769, 770, 771, 772, 773, 774, 775, 776, 777, 778, 779, 780, 781, 782, 783, 784, 785, 786, 787, 788, 789, 790, 791, 792, 793]","[199, 670]",[],"[140, 199, 611, 670]","[2, 9, 10, 82, 111, 112, 113, 199, 279, 284, 285, 300, 488, 494, 495, 553, 581, 582, 583, 670, 738, 743, 744, 759, 818]","[2, 9, 10, 82, 111, 112, 113, 199, 279, 284, 285, 300, 488, 494, 495, 553, 581, 582, 583, 670, 738, 743, 744, 759, 818]",7/6 successful match,True,[335],True,291,False,,1.0,True,Lakeview Valero,Valero
Lakeview ( 92567 ) Lakeview Valero,951-928-9788 Ramona Expwy W & Lakeview Ave,24 22 <U+2610><U+2610>,Lakeview,92567,Lakeview Valero,951-928-9788,2016,Nuevo,CA,Valero,,Ramona Expwy W & Lakeview Ave,empty,,False,,False,Ramona Expwy,Lakeview Ave,,,,"[670, 199]","[199, 670]","[199, 670]",[],"[103, 104, 105, 106, 107, 108, 109, 110, 111, 112, 113, 114, 115, 116, 117, 118, 119, 120, 121, 122, 123, 124, 125, 126, 127, 128, 129, 130, 131, 132, 133, 134, 135, 136, 137, 138, 139, 140, 141, 142, 143, 144, 145, 146, 147, 148, 149, 150, 151, 152, 153, 154, 155, 156, 157, 158, 159, 160, 161, 162, 163, 164, 165, 166, 167, 168, 169, 170, 171, 172, 173, 174, 175, 176, 177, 178, 179, 180, 181, 182, 183, 184, 185, 186, 187, 188, 189, 190, 191, 192, 193, 194, 195, 196, 197, 198, 199, 200, 201, 202, 203, 204, 205, 206, 207, 208, 209, 210, 211, 212, 213, 214, 215, 216, 217, 218, 219, 220, 221, 222, 223, 224, 225, 226, 227, 228, 229, 230, 231, 232, 233, 234, 235, 236, 237, 238, 239, 240, 241, 242, 243, 244, 245, 246, 247, 248, 249, 250, 251, 252, 253, 254, 255, 256, 257, 258, 259, 260, 261, 262, 263, 264, 265, 266, 267, 268, 269, 270, 271, 272, 273, 274, 275, 276, 277, 278, 279, 280, 281, 282, 283, 284, 285, 286, 287, 288, 289, 290, 291, 292, 293, 294, 295, 296, 297, 298, 299, 300, 301, 302, 303, 304, 305, 306, 307, 308, 309, 310, 311, 312, 313, 314, 315, 316, 317, 318, 319, 320, 321, 322, 323, 324, 325, 326, 327, 328, 329, 330, 331, 332, 333, 334, 335, 336, 337, 574, 575, 576, 577, 578, 579, 580, 581, 582, 583, 584, 585, 586, 587, 588, 589, 590, 591, 592, 593, 594, 595, 596, 597, 598, 599, 600, 601, 602, 603, 604, 605, 606, 607, 608, 609, 610, 611, 612, 613, 614, 615, 616, 617, 618, 619, 620, 621, 622, 623, 624, 625, 626, 627, 628, 629, 630, 631, 632, 633, 634, 635, 636, 637, 638, 639, 640, 641, 642, 643, 644, 645, 646, 647, 648, 649, 650, 651, 652, 653, 654, 655, 656, 657, 658, 659, 660, 661, 662, 663, 664, 665, 666, 667, 668, 669, 670, 671, 672, 673, 674, 675, 676, 677, 678, 679, 680, 681, 682, 683, 684, 685, 686, 687, 688, 689, 690, 691, 692, 693, 694, 695, 696, 697, 698, 699, 700, 701, 702, 703, 704, 705, 706, 707, 708, 709, 710, 711, 712, 713, 714, 715, 716, 717, 718, 719, 720, 721, 722, 723, 724, 725, 726, 727, 728, 729, 730, 731, 732, 733, 734, 735, 736, 737, 738, 739, 740, 741, 742, 743, 744, 745, 746, 747, 748, 749, 750, 751, 752, 753, 754, 755, 756, 757, 758, 759, 760, 761, 762, 763, 764, 765, 766, 767, 768, 769, 770, 771, 772, 773, 774, 775, 776, 777, 778, 779, 780, 781, 782, 783, 784, 785, 786, 787, 788, 789, 790, 791, 792, 793]","[140, 199, 611, 670]","[2, 9, 10, 82, 111, 112, 113, 199, 279, 284, 285, 300, 488, 494, 495, 553, 581, 582, 583, 670, 738, 743, 744, 759, 818]","[2, 9, 10, 82, 111, 112, 113, 199, 279, 284, 285, 300, 488, 494, 495, 553, 581, 582, 583, 670, 738, 743, 744, 759, 818]","[2, 9, 10, 82, 103, 104, 105, 106, 107, 108, 109, 110, 111, 112, 113, 114, 115, 116, 117, 118, 119, 120, 121, 122, 123, 124, 125, 126, 127, 128, 129, 130, 131, 132, 133, 134, 135, 136, 137, 138, 139, 140, 141, 142, 143, 144, 145, 146, 147, 148, 149, 150, 151, 152, 153, 154, 155, 156, 157, 158, 159, 160, 161, 162, 163, 164, 165, 166, 167, 168, 169, 170, 171, 172, 173, 174, 175, 176, 177, 178, 179, 180, 181, 182, 183, 184, 185, 186, 187, 188, 189, 190, 191, 192, 193, 194, 195, 196, 197, 198, 199, 200, 201, 202, 203, 204, 205, 206, 207, 208, 209, 210, 211, 212, 213, 214, 215, 216, 217, 218, 219, 220, 221, 222, 223, 224, 225, 226, 227, 228, 229, 230, 231, 232, 233, 234, 235, 236, 237, 238, 239, 240, 241, 242, 243, 244, 245, 246, 247, 248, 249, 250, 251, 252, 253, 254, 255, 256, 257, 258, 259, 260, 261, 262, 263, 264, 265, 266, 267, 268, 269, 270, 271, 272, 273, 274, 275, 276, 277, 278, 279, 280, 281, 282, 283, 284, 285, 286, 287, 288, 289, 290, 291, 292, 293, 294, 295, 296, 297, 298, 299, 300, 301, 302, 303, 304, 305, 306, 307, 308, 309, 310, 311, 312, 313, 314, 315, 316, 317, 318, 319, 320, 321, 322, 323, 324, 325, 326, 327, 328, 329, 330, 331, 332, 333, 334, 335, 336, 337, 488, 494, 495, 553, 574, 575, 576, 577, 578, 579, 580, 581, 582, 583, 584, 585, 586, 587, 588, 589, 590, 591, 592, 593, 594, 595, 596, 597, 598, 599, 600, 601, 602, 603, 604, 605, 606, 607, 608, 609, 610, 611, 612, 613, 614, 615, 616, 617, 618, 619, 620, 621, 622, 623, 624, 625, 626, 627, 628, 629, 630, 631, 632, 633, 634, 635, 636, 637, 638, 639, 640, 641, 642, 643, 644, 645, 646, 647, 648, 649, 650, 651, 652, 653, 654, 655, 656, 657, 658, 659, 660, 661, 662, 663, 664, 665, 666, 667, 668, 669, 670, 671, 672, 673, 674, 675, 676, 677, 678, 679, 680, 681, 682, 683, 684, 685, 686, 687, 688, 689, 690, 691, 692, 693, 694, 695, 696, 697, 698, 699, 700, 701, 702, 703, 704, 705, 706, 707, 708, 709, 710, 711, 712, 713, 714, 715, 716, 717, 718, 719, 720, 721, 722, 723, 724, 725, 726, 727, 728, 729, 730, 731, 732, 733, 734, 735, 736, 737, 738, 739, 740, 741, 742, 743, 744, 745, 746, 747, 748, 749, 750, 751, 752, 753, 754, 755, 756, 757, 758, 759, 760, 761, 762, 763, 764, 765, 766, 767, 768, 769, 770, 771, 772, 773, 774, 775, 776, 777, 778, 779, 780, 781, 782, 783, 784, 785, 786, 787, 788, 789, 790, 791, 792, 793, 818]",True,"[199, 670]","[103, 104, 105, 106, 107, 108, 109, 110, 111, 112, 113, 114, 115, 116, 117, 118, 119, 120, 121, 122, 123, 124, 125, 126, 127, 128, 129, 130, 131, 132, 133, 134, 135, 136, 137, 138, 139, 140, 141, 142, 143, 144, 145, 146, 147, 148, 149, 150, 151, 152, 153, 154, 155, 156, 157, 158, 159, 160, 161, 162, 163, 164, 165, 166, 167, 168, 169, 170, 171, 172, 173, 174, 175, 176, 177, 178, 179, 180, 181, 182, 183, 184, 185, 186, 187, 188, 189, 190, 191, 192, 193, 194, 195, 196, 197, 198, 199, 200, 201, 202, 203, 204, 205, 206, 207, 208, 209, 210, 211, 212, 213, 214, 215, 216, 217, 218, 219, 220, 221, 222, 223, 224, 225, 226, 227, 228, 229, 230, 231, 232, 233, 234, 235, 236, 237, 238, 239, 240, 241, 242, 243, 244, 245, 246, 247, 248, 249, 250, 251, 252, 253, 254, 255, 256, 257, 258, 259, 260, 261, 262, 263, 264, 265, 266, 267, 268, 269, 270, 271, 272, 273, 274, 275, 276, 277, 278, 279, 280, 281, 282, 283, 284, 285, 286, 287, 288, 289, 290, 291, 292, 293, 294, 295, 296, 297, 298, 299, 300, 301, 302, 303, 304, 305, 306, 307, 308, 309, 310, 311, 312, 313, 314, 315, 316, 317, 318, 319, 320, 321, 322, 323, 324, 325, 326, 327, 328, 329, 330, 331, 332, 333, 334, 335, 336, 337, 574, 575, 576, 577, 578, 579, 580, 581, 582, 583, 584, 585, 586, 587, 588, 589, 590, 591, 592, 593, 594, 595, 596, 597, 598, 599, 600, 601, 602, 603, 604, 605, 606, 607, 608, 609, 610, 611, 612, 613, 614, 615, 616, 617, 618, 619, 620, 621, 622, 623, 624, 625, 626, 627, 628, 629, 630, 631, 632, 633, 634, 635, 636, 637, 638, 639, 640, 641, 642, 643, 644, 645, 646, 647, 648, 649, 650, 651, 652, 653, 654, 655, 656, 657, 658, 659, 660, 661, 662, 663, 664, 665, 666, 667, 668, 669, 670, 671, 672, 673, 674, 675, 676, 677, 678, 679, 680, 681, 682, 683, 684, 685, 686, 687, 688, 689, 690, 691, 692, 693, 694, 695, 696, 697, 698, 699, 700, 701, 702, 703, 704, 705, 706, 707, 708, 709, 710, 711, 712, 713, 714, 715, 716, 717, 718, 719, 720, 721, 722, 723, 724, 725, 726, 727, 728, 729, 730, 731, 732, 733, 734, 735, 736, 737, 738, 739, 740, 741, 742, 743, 744, 745, 746, 747, 748, 749, 750, 751, 752, 753, 754, 755, 756, 757, 758, 759, 760, 761, 762, 763, 764, 765, 766, 767, 768, 769, 770, 771, 772, 773, 774, 775, 776, 777, 778, 779, 780, 781, 782, 783, 784, 785, 786, 787, 788, 789, 790, 791, 792, 793]","[199, 670]",[],"[140, 199, 611, 670]","[2, 9, 10, 82, 111, 112, 113, 199, 279, 284, 285, 300, 488, 494, 495, 553, 581, 582, 583, 670, 738, 743, 744, 759, 818]","[2, 9, 10, 82, 111, 112, 113, 199, 279, 284, 285, 300, 488, 494, 495, 553, 581, 582, 583, 670, 738, 743, 744, 759, 818]",7/6 successful match,True,[335],True,291,False,,1.0,True,Lakeview Valero,Valero
"Wheeler Ridge , 93203 TravelCenters of America Rd )",4 661-858-2804 I-5 Exit 219A ( Laval Rd ),24 HRS XL OO,Wheeler Ridge,93203,TravelCenters of America Rd ),661-858-2804,2006,Arvin,CA,TravelCenters,( Laval Rd ),I-5 Exit 219A ,Exit,219A,False,,False,I-5,,,,,"[314, 772]","[314, 772]","[242, 314, 706, 772]","[242, 314, 706, 772]","[103, 104, 105, 106, 107, 108, 109, 110, 111, 112, 113, 114, 115, 116, 117, 118, 119, 120, 121, 122, 123, 124, 125, 126, 127, 128, 129, 130, 131, 132, 133, 134, 135, 136, 137, 138, 139, 140, 141, 142, 143, 144, 145, 146, 147, 148, 149, 150, 151, 152, 153, 154, 155, 156, 157, 158, 159, 160, 161, 162, 163, 164, 165, 166, 167, 168, 169, 170, 171, 172, 173, 174, 175, 176, 177, 178, 179, 180, 181, 182, 183, 184, 185, 186, 187, 188, 189, 190, 191, 192, 193, 194, 195, 196, 197, 198, 199, 200, 201, 202, 203, 204, 205, 206, 207, 208, 209, 210, 211, 212, 213, 214, 215, 216, 217, 218, 219, 220, 221, 222, 223, 224, 225, 226, 227, 228, 229, 230, 231, 232, 233, 234, 235, 236, 237, 238, 239, 240, 241, 242, 243, 244, 245, 246, 247, 248, 249, 250, 251, 252, 253, 254, 255, 256, 257, 258, 259, 260, 261, 262, 263, 264, 265, 266, 267, 268, 269, 270, 271, 272, 273, 274, 275, 276, 277, 278, 279, 280, 281, 282, 283, 284, 285, 286, 287, 288, 289, 290, 291, 292, 293, 294, 295, 296, 297, 298, 299, 300, 301, 302, 303, 304, 305, 306, 307, 308, 309, 310, 311, 312, 313, 314, 315, 316, 317, 318, 319, 320, 321, 322, 323, 324, 325, 326, 327, 328, 329, 330, 331, 332, 333, 334, 335, 336, 337, 574, 575, 576, 577, 578, 579, 580, 581, 582, 583, 584, 585, 586, 587, 588, 589, 590, 591, 592, 593, 594, 595, 596, 597, 598, 599, 600, 601, 602, 603, 604, 605, 606, 607, 608, 609, 610, 611, 612, 613, 614, 615, 616, 617, 618, 619, 620, 621, 622, 623, 624, 625, 626, 627, 628, 629, 630, 631, 632, 633, 634, 635, 636, 637, 638, 639, 640, 641, 642, 643, 644, 645, 646, 647, 648, 649, 650, 651, 652, 653, 654, 655, 656, 657, 658, 659, 660, 661, 662, 663, 664, 665, 666, 667, 668, 669, 670, 671, 672, 673, 674, 675, 676, 677, 678, 679, 680, 681, 682, 683, 684, 685, 686, 687, 688, 689, 690, 691, 692, 693, 694, 695, 696, 697, 698, 699, 700, 701, 702, 703, 704, 705, 706, 707, 708, 709, 710, 711, 712, 713, 714, 715, 716, 717, 718, 719, 720, 721, 722, 723, 724, 725, 726, 727, 728, 729, 730, 731, 732, 733, 734, 735, 736, 737, 738, 739, 740, 741, 742, 743, 744, 745, 746, 747, 748, 749, 750, 751, 752, 753, 754, 755, 756, 757, 758, 759, 760, 761, 762, 763, 764, 765, 766, 767, 768, 769, 770, 771, 772, 773, 774, 775, 776, 777, 778, 779, 780, 781, 782, 783, 784, 785, 786, 787, 788, 789, 790, 791, 792, 793]","[105, 114, 138, 141, 152, 153, 154, 155, 157, 159, 164, 165, 176, 182, 191, 192, 194, 195, 196, 200, 204, 208, 209, 210, 211, 215, 226, 228, 241, 242, 243, 245, 248, 249, 250, 257, 261, 270, 271, 282, 287, 289, 291, 294, 296, 298, 306, 308, 309, 311, 314, 327, 333, 335, 337, 576, 585, 609, 612, 623, 624, 626, 627, 629, 631, 636, 637, 647, 653, 662, 663, 665, 666, 667, 671, 674, 678, 679, 680, 681, 690, 692, 705, 706, 707, 709, 711, 712, 713, 719, 721, 729, 730, 741, 746, 748, 750, 753, 755, 757, 764, 766, 767, 769, 772, 785, 791]","[98, 476, 481, 569, 924, 925]",[],"[98, 103, 104, 105, 106, 107, 108, 109, 110, 111, 112, 113, 114, 115, 116, 117, 118, 119, 120, 121, 122, 123, 124, 125, 126, 127, 128, 129, 130, 131, 132, 133, 134, 135, 136, 137, 138, 139, 140, 141, 142, 143, 144, 145, 146, 147, 148, 149, 150, 151, 152, 153, 154, 155, 156, 157, 158, 159, 160, 161, 162, 163, 164, 165, 166, 167, 168, 169, 170, 171, 172, 173, 174, 175, 176, 177, 178, 179, 180, 181, 182, 183, 184, 185, 186, 187, 188, 189, 190, 191, 192, 193, 194, 195, 196, 197, 198, 199, 200, 201, 202, 203, 204, 205, 206, 207, 208, 209, 210, 211, 212, 213, 214, 215, 216, 217, 218, 219, 220, 221, 222, 223, 224, 225, 226, 227, 228, 229, 230, 231, 232, 233, 234, 235, 236, 237, 238, 239, 240, 241, 242, 243, 244, 245, 246, 247, 248, 249, 250, 251, 252, 253, 254, 255, 256, 257, 258, 259, 260, 261, 262, 263, 264, 265, 266, 267, 268, 269, 270, 271, 272, 273, 274, 275, 276, 277, 278, 279, 280, 281, 282, 283, 284, 285, 286, 287, 288, 289, 290, 291, 292, 293, 294, 295, 296, 297, 298, 299, 300, 301, 302, 303, 304, 305, 306, 307, 308, 309, 310, 311, 312, 313, 314, 315, 316, 317, 318, 319, 320, 321, 322, 323, 324, 325, 326, 327, 328, 329, 330, 331, 332, 333, 334, 335, 336, 337, 476, 481, 569, 574, 575, 576, 577, 578, 579, 580, 581, 582, 583, 584, 585, 586, 587, 588, 589, 590, 591, 592, 593, 594, 595, 596, 597, 598, 599, 600, 601, 602, 603, 604, 605, 606, 607, 608, 609, 610, 611, 612, 613, 614, 615, 616, 617, 618, 619, 620, 621, 622, 623, 624, 625, 626, 627, 628, 629, 630, 631, 632, 633, 634, 635, 636, 637, 638, 639, 640, 641, 642, 643, 644, 645, 646, 647, 648, 649, 650, 651, 652, 653, 654, 655, 656, 657, 658, 659, 660, 661, 662, 663, 664, 665, 666, 667, 668, 669, 670, 671, 672, 673, 674, 675, 676, 677, 678, 679, 680, 681, 682, 683, 684, 685, 686, 687, 688, 689, 690, 691, 692, 693, 694, 695, 696, 697, 698, 699, 700, 701, 702, 703, 704, 705, 706, 707, 708, 709, 710, 711, 712, 713, 714, 715, 716, 717, 718, 719, 720, 721, 722, 723, 724, 725, 726, 727, 728, 729, 730, 731, 732, 733, 734, 735, 736, 737, 738, 739, 740, 741, 742, 743, 744, 745, 746, 747, 748, 749, 750, 751, 752, 753, 754, 755, 756, 757, 758, 759, 760, 761, 762, 763, 764, 765, 766, 767, 768, 769, 770, 771, 772, 773, 774, 775, 776, 777, 778, 779, 780, 781, 782, 783, 784, 785, 786, 787, 788, 789, 790, 791, 792, 793, 924, 925]",True,"[314, 772]","[103, 104, 105, 106, 107, 108, 109, 110, 111, 112, 113, 114, 115, 116, 117, 118, 119, 120, 121, 122, 123, 124, 125, 126, 127, 128, 129, 130, 131, 132, 133, 134, 135, 136, 137, 138, 139, 140, 141, 142, 143, 144, 145, 146, 147, 148, 149, 150, 151, 152, 153, 154, 155, 156, 157, 158, 159, 160, 161, 162, 163, 164, 165, 166, 167, 168, 169, 170, 171, 172, 173, 174, 175, 176, 177, 178, 179, 180, 181, 182, 183, 184, 185, 186, 187, 188, 189, 190, 191, 192, 193, 194, 195, 196, 197, 198, 199, 200, 201, 202, 203, 204, 205, 206, 207, 208, 209, 210, 211, 212, 213, 214, 215, 216, 217, 218, 219, 220, 221, 222, 223, 224, 225, 226, 227, 228, 229, 230, 231, 232, 233, 234, 235, 236, 237, 238, 239, 240, 241, 242, 243, 244, 245, 246, 247, 248, 249, 250, 251, 252, 253, 254, 255, 256, 257, 258, 259, 260, 261, 262, 263, 264, 265, 266, 267, 268, 269, 270, 271, 272, 273, 274, 275, 276, 277, 278, 279, 280, 281, 282, 283, 284, 285, 286, 287, 288, 289, 290, 291, 292, 293, 294, 295, 296, 297, 298, 299, 300, 301, 302, 303, 304, 305, 306, 307, 308, 309, 310, 311, 312, 313, 314, 315, 316, 317, 318, 319, 320, 321, 322, 323, 324, 325, 326, 327, 328, 329, 330, 331, 332, 333, 334, 335, 336, 337, 574, 575, 576, 577, 578, 579, 580, 581, 582, 583, 584, 585, 586, 587, 588, 589, 590, 591, 592, 593, 594, 595, 596, 597, 598, 599, 600, 601, 602, 603, 604, 605, 606, 607, 608, 609, 610, 611, 612, 613, 614, 615, 616, 617, 618, 619, 620, 621, 622, 623, 624, 625, 626, 627, 628, 629, 630, 631, 632, 633, 634, 635, 636, 637, 638, 639, 640, 641, 642, 643, 644, 645, 646, 647, 648, 649, 650, 651, 652, 653, 654, 655, 656, 657, 658, 659, 660, 661, 662, 663, 664, 665, 666, 667, 668, 669, 670, 671, 672, 673, 674, 675, 676, 677, 678, 679, 680, 681, 682, 683, 684, 685, 686, 687, 688, 689, 690, 691, 692, 693, 694, 695, 696, 697, 698, 699, 700, 701, 702, 703, 704, 705, 706, 707, 708, 709, 710, 711, 712, 713, 714, 715, 716, 717, 718, 719, 720, 721, 722, 723, 724, 725, 726, 727, 728, 729, 730, 731, 732, 733, 734, 735, 736, 737, 738, 739, 740, 741, 742, 743, 744, 745, 746, 747, 748, 749, 750, 751, 752, 753, 754, 755, 756, 757, 758, 759, 760, 761, 762, 763, 764, 765, 766, 767, 768, 769, 770, 771, 772, 773, 774, 775, 776, 777, 778, 779, 780, 781, 782, 783, 784, 785, 786, 787, 788, 789, 790, 791, 792, 793]","[242, 314, 706, 772]","[242, 314, 706, 772]","[105, 114, 138, 141, 152, 153, 154, 155, 157, 159, 164, 165, 176, 182, 191, 192, 194, 195, 196, 200, 204, 208, 209, 210, 211, 215, 226, 228, 241, 242, 243, 245, 248, 249, 250, 257, 261, 270, 271, 282, 287, 289, 291, 294, 296, 298, 306, 308, 309, 311, 314, 327, 333, 335, 337, 576, 585, 609, 612, 623, 624, 626, 627, 629, 631, 636, 637, 647, 653, 662, 663, 665, 666, 667, 671, 674, 678, 679, 680, 681, 690, 692, 705, 706, 707, 709, 711, 712, 713, 719, 721, 729, 730, 741, 746, 748, 750, 753, 755, 757, 764, 766, 767, 769, 772, 785, 791]",[],"[98, 476, 481, 569, 924, 925]",6/6 successful match,True,"[279, 280, 281, 282, 283, 284, 285, 286, 287, 288]",True,292,False,,,,,
,"GWheeler 4661-858-2804 Ridge , 93203 Travexit I-5 219 A ( Laval Rd E E ) Ridge",A 24 HRS XLO,,93203,,661-858-2804,2007,Arvin,CA,,( Laval Rd E E ) Ridge,"Ridge, Travexit I-5 219 A",Exit,,False,,False,I-5,,,,,"[314, 772]","[314, 772]",[],[],"[103, 104, 105, 106, 107, 108, 109, 110, 111, 112, 113, 114, 115, 116, 117, 118, 119, 120, 121, 122, 123, 124, 125, 126, 127, 128, 129, 130, 131, 132, 133, 134, 135, 136, 137, 138, 139, 140, 141, 142, 143, 144, 145, 146, 147, 148, 149, 150, 151, 152, 153, 154, 155, 156, 157, 158, 159, 160, 161, 162, 163, 164, 165, 166, 167, 168, 169, 170, 171, 172, 173, 174, 175, 176, 177, 178, 179, 180, 181, 182, 183, 184, 185, 186, 187, 188, 189, 190, 191, 192, 193, 194, 195, 196, 197, 198, 199, 200, 201, 202, 203, 204, 205, 206, 207, 208, 209, 210, 211, 212, 213, 214, 215, 216, 217, 218, 219, 220, 221, 222, 223, 224, 225, 226, 227, 228, 229, 230, 231, 232, 233, 234, 235, 236, 237, 238, 239, 240, 241, 242, 243, 244, 245, 246, 247, 248, 249, 250, 251, 252, 253, 254, 255, 256, 257, 258, 259, 260, 261, 262, 263, 264, 265, 266, 267, 268, 269, 270, 271, 272, 273, 274, 275, 276, 277, 278, 279, 280, 281, 282, 283, 284, 285, 286, 287, 288, 289, 290, 291, 292, 293, 294, 295, 296, 297, 298, 299, 300, 301, 302, 303, 304, 305, 306, 307, 308, 309, 310, 311, 312, 313, 314, 315, 316, 317, 318, 319, 320, 321, 322, 323, 324, 325, 326, 327, 328, 329, 330, 331, 332, 333, 334, 335, 336, 337, 574, 575, 576, 577, 578, 579, 580, 581, 582, 583, 584, 585, 586, 587, 588, 589, 590, 591, 592, 593, 594, 595, 596, 597, 598, 599, 600, 601, 602, 603, 604, 605, 606, 607, 608, 609, 610, 611, 612, 613, 614, 615, 616, 617, 618, 619, 620, 621, 622, 623, 624, 625, 626, 627, 628, 629, 630, 631, 632, 633, 634, 635, 636, 637, 638, 639, 640, 641, 642, 643, 644, 645, 646, 647, 648, 649, 650, 651, 652, 653, 654, 655, 656, 657, 658, 659, 660, 661, 662, 663, 664, 665, 666, 667, 668, 669, 670, 671, 672, 673, 674, 675, 676, 677, 678, 679, 680, 681, 682, 683, 684, 685, 686, 687, 688, 689, 690, 691, 692, 693, 694, 695, 696, 697, 698, 699, 700, 701, 702, 703, 704, 705, 706, 707, 708, 709, 710, 711, 712, 713, 714, 715, 716, 717, 718, 719, 720, 721, 722, 723, 724, 725, 726, 727, 728, 729, 730, 731, 732, 733, 734, 735, 736, 737, 738, 739, 740, 741, 742, 743, 744, 745, 746, 747, 748, 749, 750, 751, 752, 753, 754, 755, 756, 757, 758, 759, 760, 761, 762, 763, 764, 765, 766, 767, 768, 769, 770, 771, 772, 773, 774, 775, 776, 777, 778, 779, 780, 781, 782, 783, 784, 785, 786, 787, 788, 789, 790, 791, 792, 793]","[105, 114, 138, 141, 152, 153, 154, 155, 157, 159, 164, 165, 176, 182, 191, 192, 194, 195, 196, 200, 204, 208, 209, 210, 211, 215, 226, 228, 241, 242, 243, 245, 248, 249, 250, 257, 261, 270, 271, 282, 287, 289, 291, 294, 296, 298, 306, 308, 309, 311, 314, 327, 333, 335, 337, 576, 585, 609, 612, 623, 624, 626, 627, 629, 631, 636, 637, 647, 653, 662, 663, 665, 666, 667, 671, 674, 678, 679, 680, 681, 690, 692, 705, 706, 707, 709, 711, 712, 713, 719, 721, 729, 730, 741, 746, 748, 750, 753, 755, 757, 764, 766, 767, 769, 772, 785, 791]",[],[],"[103, 104, 105, 106, 107, 108, 109, 110, 111, 112, 113, 114, 115, 116, 117, 118, 119, 120, 121, 122, 123, 124, 125, 126, 127, 128, 129, 130, 131, 132, 133, 134, 135, 136, 137, 138, 139, 140, 141, 142, 143, 144, 145, 146, 147, 148, 149, 150, 151, 152, 153, 154, 155, 156, 157, 158, 159, 160, 161, 162, 163, 164, 165, 166, 167, 168, 169, 170, 171, 172, 173, 174, 175, 176, 177, 178, 179, 180, 181, 182, 183, 184, 185, 186, 187, 188, 189, 190, 191, 192, 193, 194, 195, 196, 197, 198, 199, 200, 201, 202, 203, 204, 205, 206, 207, 208, 209, 210, 211, 212, 213, 214, 215, 216, 217, 218, 219, 220, 221, 222, 223, 224, 225, 226, 227, 228, 229, 230, 231, 232, 233, 234, 235, 236, 237, 238, 239, 240, 241, 242, 243, 244, 245, 246, 247, 248, 249, 250, 251, 252, 253, 254, 255, 256, 257, 258, 259, 260, 261, 262, 263, 264, 265, 266, 267, 268, 269, 270, 271, 272, 273, 274, 275, 276, 277, 278, 279, 280, 281, 282, 283, 284, 285, 286, 287, 288, 289, 290, 291, 292, 293, 294, 295, 296, 297, 298, 299, 300, 301, 302, 303, 304, 305, 306, 307, 308, 309, 310, 311, 312, 313, 314, 315, 316, 317, 318, 319, 320, 321, 322, 323, 324, 325, 326, 327, 328, 329, 330, 331, 332, 333, 334, 335, 336, 337, 574, 575, 576, 577, 578, 579, 580, 581, 582, 583, 584, 585, 586, 587, 588, 589, 590, 591, 592, 593, 594, 595, 596, 597, 598, 599, 600, 601, 602, 603, 604, 605, 606, 607, 608, 609, 610, 611, 612, 613, 614, 615, 616, 617, 618, 619, 620, 621, 622, 623, 624, 625, 626, 627, 628, 629, 630, 631, 632, 633, 634, 635, 636, 637, 638, 639, 640, 641, 642, 643, 644, 645, 646, 647, 648, 649, 650, 651, 652, 653, 654, 655, 656, 657, 658, 659, 660, 661, 662, 663, 664, 665, 666, 667, 668, 669, 670, 671, 672, 673, 674, 675, 676, 677, 678, 679, 680, 681, 682, 683, 684, 685, 686, 687, 688, 689, 690, 691, 692, 693, 694, 695, 696, 697, 698, 699, 700, 701, 702, 703, 704, 705, 706, 707, 708, 709, 710, 711, 712, 713, 714, 715, 716, 717, 718, 719, 720, 721, 722, 723, 724, 725, 726, 727, 728, 729, 730, 731, 732, 733, 734, 735, 736, 737, 738, 739, 740, 741, 742, 743, 744, 745, 746, 747, 748, 749, 750, 751, 752, 753, 754, 755, 756, 757, 758, 759, 760, 761, 762, 763, 764, 765, 766, 767, 768, 769, 770, 771, 772, 773, 774, 775, 776, 777, 778, 779, 780, 781, 782, 783, 784, 785, 786, 787, 788, 789, 790, 791, 792, 793]",True,"[314, 772]","[103, 104, 105, 106, 107, 108, 109, 110, 111, 112, 113, 114, 115, 116, 117, 118, 119, 120, 121, 122, 123, 124, 125, 126, 127, 128, 129, 130, 131, 132, 133, 134, 135, 136, 137, 138, 139, 140, 141, 142, 143, 144, 145, 146, 147, 148, 149, 150, 151, 152, 153, 154, 155, 156, 157, 158, 159, 160, 161, 162, 163, 164, 165, 166, 167, 168, 169, 170, 171, 172, 173, 174, 175, 176, 177, 178, 179, 180, 181, 182, 183, 184, 185, 186, 187, 188, 189, 190, 191, 192, 193, 194, 195, 196, 197, 198, 199, 200, 201, 202, 203, 204, 205, 206, 207, 208, 209, 210, 211, 212, 213, 214, 215, 216, 217, 218, 219, 220, 221, 222, 223, 224, 225, 226, 227, 228, 229, 230, 231, 232, 233, 234, 235, 236, 237, 238, 239, 240, 241, 242, 243, 244, 245, 246, 247, 248, 249, 250, 251, 252, 253, 254, 255, 256, 257, 258, 259, 260, 261, 262, 263, 264, 265, 266, 267, 268, 269, 270, 271, 272, 273, 274, 275, 276, 277, 278, 279, 280, 281, 282, 283, 284, 285, 286, 287, 288, 289, 290, 291, 292, 293, 294, 295, 296, 297, 298, 299, 300, 301, 302, 303, 304, 305, 306, 307, 308, 309, 310, 311, 312, 313, 314, 315, 316, 317, 318, 319, 320, 321, 322, 323, 324, 325, 326, 327, 328, 329, 330, 331, 332, 333, 334, 335, 336, 337, 574, 575, 576, 577, 578, 579, 580, 581, 582, 583, 584, 585, 586, 587, 588, 589, 590, 591, 592, 593, 594, 595, 596, 597, 598, 599, 600, 601, 602, 603, 604, 605, 606, 607, 608, 609, 610, 611, 612, 613, 614, 615, 616, 617, 618, 619, 620, 621, 622, 623, 624, 625, 626, 627, 628, 629, 630, 631, 632, 633, 634, 635, 636, 637, 638, 639, 640, 641, 642, 643, 644, 645, 646, 647, 648, 649, 650, 651, 652, 653, 654, 655, 656, 657, 658, 659, 660, 661, 662, 663, 664, 665, 666, 667, 668, 669, 670, 671, 672, 673, 674, 675, 676, 677, 678, 679, 680, 681, 682, 683, 684, 685, 686, 687, 688, 689, 690, 691, 692, 693, 694, 695, 696, 697, 698, 699, 700, 701, 702, 703, 704, 705, 706, 707, 708, 709, 710, 711, 712, 713, 714, 715, 716, 717, 718, 719, 720, 721, 722, 723, 724, 725, 726, 727, 728, 729, 730, 731, 732, 733, 734, 735, 736, 737, 738, 739, 740, 741, 742, 743, 744, 745, 746, 747, 748, 749, 750, 751, 752, 753, 754, 755, 756, 757, 758, 759, 760, 761, 762, 763, 764, 765, 766, 767, 768, 769, 770, 771, 772, 773, 774, 775, 776, 777, 778, 779, 780, 781, 782, 783, 784, 785, 786, 787, 788, 789, 790, 791, 792, 793]",[],[],"[105, 114, 138, 141, 152, 153, 154, 155, 157, 159, 164, 165, 176, 182, 191, 192, 194, 195, 196, 200, 204, 208, 209, 210, 211, 215, 226, 228, 241, 242, 243, 245, 248, 249, 250, 257, 261, 270, 271, 282, 287, 289, 291, 294, 296, 298, 306, 308, 309, 311, 314, 327, 333, 335, 337, 576, 585, 609, 612, 623, 624, 626, 627, 629, 631, 636, 637, 647, 653, 662, 663, 665, 666, 667, 671, 674, 678, 679, 680, 681, 690, 692, 705, 706, 707, 709, 711, 712, 713, 719, 721, 729, 730, 741, 746, 748, 750, 753, 755, 757, 764, 766, 767, 769, 772, 785, 791]",[],[],7/6 successful match,True,"[279, 280, 281, 282, 283, 284, 285, 286, 287, 288]",True,292,True,2007,0.0,True,TravelCenters of America Rd ),TravelCenters
"Wheeler Ridge , 93203 TA - Wheeler ( NE Ridge to ( McCracken Rd )",4 661-858-2804 I-5 Exit 219 A ( Chevron ) 24,24 L,Wheeler Ridge,93203,TA - Wheeler ( NE Ridge to ( McCracken Rd ),661-858-2804,2008,Arvin,CA,,( Chevron ) 24,I-5 Exit 219 A ,Exit,219,False,,False,I-5,,,,,"[314, 772]","[314, 772]","[242, 314, 706, 772]","[242, 314, 706, 772]","[103, 104, 105, 106, 107, 108, 109, 110, 111, 112, 113, 114, 115, 116, 117, 118, 119, 120, 121, 122, 123, 124, 125, 126, 127, 128, 129, 130, 131, 132, 133, 134, 135, 136, 137, 138, 139, 140, 141, 142, 143, 144, 145, 146, 147, 148, 149, 150, 151, 152, 153, 154, 155, 156, 157, 158, 159, 160, 161, 162, 163, 164, 165, 166, 167, 168, 169, 170, 171, 172, 173, 174, 175, 176, 177, 178, 179, 180, 181, 182, 183, 184, 185, 186, 187, 188, 189, 190, 191, 192, 193, 194, 195, 196, 197, 198, 199, 200, 201, 202, 203, 204, 205, 206, 207, 208, 209, 210, 211, 212, 213, 214, 215, 216, 217, 218, 219, 220, 221, 222, 223, 224, 225, 226, 227, 228, 229, 230, 231, 232, 233, 234, 235, 236, 237, 238, 239, 240, 241, 242, 243, 244, 245, 246, 247, 248, 249, 250, 251, 252, 253, 254, 255, 256, 257, 258, 259, 260, 261, 262, 263, 264, 265, 266, 267, 268, 269, 270, 271, 272, 273, 274, 275, 276, 277, 278, 279, 280, 281, 282, 283, 284, 285, 286, 287, 288, 289, 290, 291, 292, 293, 294, 295, 296, 297, 298, 299, 300, 301, 302, 303, 304, 305, 306, 307, 308, 309, 310, 311, 312, 313, 314, 315, 316, 317, 318, 319, 320, 321, 322, 323, 324, 325, 326, 327, 328, 329, 330, 331, 332, 333, 334, 335, 336, 337, 574, 575, 576, 577, 578, 579, 580, 581, 582, 583, 584, 585, 586, 587, 588, 589, 590, 591, 592, 593, 594, 595, 596, 597, 598, 599, 600, 601, 602, 603, 604, 605, 606, 607, 608, 609, 610, 611, 612, 613, 614, 615, 616, 617, 618, 619, 620, 621, 622, 623, 624, 625, 626, 627, 628, 629, 630, 631, 632, 633, 634, 635, 636, 637, 638, 639, 640, 641, 642, 643, 644, 645, 646, 647, 648, 649, 650, 651, 652, 653, 654, 655, 656, 657, 658, 659, 660, 661, 662, 663, 664, 665, 666, 667, 668, 669, 670, 671, 672, 673, 674, 675, 676, 677, 678, 679, 680, 681, 682, 683, 684, 685, 686, 687, 688, 689, 690, 691, 692, 693, 694, 695, 696, 697, 698, 699, 700, 701, 702, 703, 704, 705, 706, 707, 708, 709, 710, 711, 712, 713, 714, 715, 716, 717, 718, 719, 720, 721, 722, 723, 724, 725, 726, 727, 728, 729, 730, 731, 732, 733, 734, 735, 736, 737, 738, 739, 740, 741, 742, 743, 744, 745, 746, 747, 748, 749, 750, 751, 752, 753, 754, 755, 756, 757, 758, 759, 760, 761, 762, 763, 764, 765, 766, 767, 768, 769, 770, 771, 772, 773, 774, 775, 776, 777, 778, 779, 780, 781, 782, 783, 784, 785, 786, 787, 788, 789, 790, 791, 792, 793]","[105, 114, 138, 141, 152, 153, 154, 155, 157, 159, 164, 165, 176, 182, 191, 192, 194, 195, 196, 200, 204, 208, 209, 210, 211, 215, 226, 228, 241, 242, 243, 245, 248, 249, 250, 257, 261, 270, 271, 282, 287, 289, 291, 294, 296, 298, 306, 308, 309, 311, 314, 327, 333, 335, 337, 576, 585, 609, 612, 623, 624, 626, 627, 629, 631, 636, 637, 647, 653, 662, 663, 665, 666, 667, 671, 674, 678, 679, 680, 681, 690, 692, 705, 706, 707, 709, 711, 712, 713, 719, 721, 729, 730, 741, 746, 748, 750, 753, 755, 757, 764, 766, 767, 769, 772, 785, 791]",[],"[301, 476, 924, 925]","[103, 104, 105, 106, 107, 108, 109, 110, 111, 112, 113, 114, 115, 116, 117, 118, 119, 120, 121, 122, 123, 124, 125, 126, 127, 128, 129, 130, 131, 132, 133, 134, 135, 136, 137, 138, 139, 140, 141, 142, 143, 144, 145, 146, 147, 148, 149, 150, 151, 152, 153, 154, 155, 156, 157, 158, 159, 160, 161, 162, 163, 164, 165, 166, 167, 168, 169, 170, 171, 172, 173, 174, 175, 176, 177, 178, 179, 180, 181, 182, 183, 184, 185, 186, 187, 188, 189, 190, 191, 192, 193, 194, 195, 196, 197, 198, 199, 200, 201, 202, 203, 204, 205, 206, 207, 208, 209, 210, 211, 212, 213, 214, 215, 216, 217, 218, 219, 220, 221, 222, 223, 224, 225, 226, 227, 228, 229, 230, 231, 232, 233, 234, 235, 236, 237, 238, 239, 240, 241, 242, 243, 244, 245, 246, 247, 248, 249, 250, 251, 252, 253, 254, 255, 256, 257, 258, 259, 260, 261, 262, 263, 264, 265, 266, 267, 268, 269, 270, 271, 272, 273, 274, 275, 276, 277, 278, 279, 280, 281, 282, 283, 284, 285, 286, 287, 288, 289, 290, 291, 292, 293, 294, 295, 296, 297, 298, 299, 300, 301, 302, 303, 304, 305, 306, 307, 308, 309, 310, 311, 312, 313, 314, 315, 316, 317, 318, 319, 320, 321, 322, 323, 324, 325, 326, 327, 328, 329, 330, 331, 332, 333, 334, 335, 336, 337, 476, 574, 575, 576, 577, 578, 579, 580, 581, 582, 583, 584, 585, 586, 587, 588, 589, 590, 591, 592, 593, 594, 595, 596, 597, 598, 599, 600, 601, 602, 603, 604, 605, 606, 607, 608, 609, 610, 611, 612, 613, 614, 615, 616, 617, 618, 619, 620, 621, 622, 623, 624, 625, 626, 627, 628, 629, 630, 631, 632, 633, 634, 635, 636, 637, 638, 639, 640, 641, 642, 643, 644, 645, 646, 647, 648, 649, 650, 651, 652, 653, 654, 655, 656, 657, 658, 659, 660, 661, 662, 663, 664, 665, 666, 667, 668, 669, 670, 671, 672, 673, 674, 675, 676, 677, 678, 679, 680, 681, 682, 683, 684, 685, 686, 687, 688, 689, 690, 691, 692, 693, 694, 695, 696, 697, 698, 699, 700, 701, 702, 703, 704, 705, 706, 707, 708, 709, 710, 711, 712, 713, 714, 715, 716, 717, 718, 719, 720, 721, 722, 723, 724, 725, 726, 727, 728, 729, 730, 731, 732, 733, 734, 735, 736, 737, 738, 739, 740, 741, 742, 743, 744, 745, 746, 747, 748, 749, 750, 751, 752, 753, 754, 755, 756, 757, 758, 759, 760, 761, 762, 763, 764, 765, 766, 767, 768, 769, 770, 771, 772, 773, 774, 775, 776, 777, 778, 779, 780, 781, 782, 783, 784, 785, 786, 787, 788, 789, 790, 791, 792, 793, 924, 925]",True,"[314, 772]","[103, 104, 105, 106, 107, 108, 109, 110, 111, 112, 113, 114, 115, 116, 117, 118, 119, 120, 121, 122, 123, 124, 125, 126, 127, 128, 129, 130, 131, 132, 133, 134, 135, 136, 137, 138, 139, 140, 141, 142, 143, 144, 145, 146, 147, 148, 149, 150, 151, 152, 153, 154, 155, 156, 157, 158, 159, 160, 161, 162, 163, 164, 165, 166, 167, 168, 169, 170, 171, 172, 173, 174, 175, 176, 177, 178, 179, 180, 181, 182, 183, 184, 185, 186, 187, 188, 189, 190, 191, 192, 193, 194, 195, 196, 197, 198, 199, 200, 201, 202, 203, 204, 205, 206, 207, 208, 209, 210, 211, 212, 213, 214, 215, 216, 217, 218, 219, 220, 221, 222, 223, 224, 225, 226, 227, 228, 229, 230, 231, 232, 233, 234, 235, 236, 237, 238, 239, 240, 241, 242, 243, 244, 245, 246, 247, 248, 249, 250, 251, 252, 253, 254, 255, 256, 257, 258, 259, 260, 261, 262, 263, 264, 265, 266, 267, 268, 269, 270, 271, 272, 273, 274, 275, 276, 277, 278, 279, 280, 281, 282, 283, 284, 285, 286, 287, 288, 289, 290, 291, 292, 293, 294, 295, 296, 297, 298, 299, 300, 301, 302, 303, 304, 305, 306, 307, 308, 309, 310, 311, 312, 313, 314, 315, 316, 317, 318, 319, 320, 321, 322, 323, 324, 325, 326, 327, 328, 329, 330, 331, 332, 333, 334, 335, 336, 337, 574, 575, 576, 577, 578, 579, 580, 581, 582, 583, 584, 585, 586, 587, 588, 589, 590, 591, 592, 593, 594, 595, 596, 597, 598, 599, 600, 601, 602, 603, 604, 605, 606, 607, 608, 609, 610, 611, 612, 613, 614, 615, 616, 617, 618, 619, 620, 621, 622, 623, 624, 625, 626, 627, 628, 629, 630, 631, 632, 633, 634, 635, 636, 637, 638, 639, 640, 641, 642, 643, 644, 645, 646, 647, 648, 649, 650, 651, 652, 653, 654, 655, 656, 657, 658, 659, 660, 661, 662, 663, 664, 665, 666, 667, 668, 669, 670, 671, 672, 673, 674, 675, 676, 677, 678, 679, 680, 681, 682, 683, 684, 685, 686, 687, 688, 689, 690, 691, 692, 693, 694, 695, 696, 697, 698, 699, 700, 701, 702, 703, 704, 705, 706, 707, 708, 709, 710, 711, 712, 713, 714, 715, 716, 717, 718, 719, 720, 721, 722, 723, 724, 725, 726, 727, 728, 729, 730, 731, 732, 733, 734, 735, 736, 737, 738, 739, 740, 741, 742, 743, 744, 745, 746, 747, 748, 749, 750, 751, 752, 753, 754, 755, 756, 757, 758, 759, 760, 761, 762, 763, 764, 765, 766, 767, 768, 769, 770, 771, 772, 773, 774, 775, 776, 777, 778, 779, 780, 781, 782, 783, 784, 785, 786, 787, 788, 789, 790, 791, 792, 793]","[242, 314, 706, 772]","[242, 314, 706, 772]","[105, 114, 138, 141, 152, 153, 154, 155, 157, 159, 164, 165, 176, 182, 191, 192, 194, 195, 196, 200, 204, 208, 209, 210, 211, 215, 226, 228, 241, 242, 243, 245, 248, 249, 250, 257, 261, 270, 271, 282, 287, 289, 291, 294, 296, 298, 306, 308, 309, 311, 314, 327, 333, 335, 337, 576, 585, 609, 612, 623, 624, 626, 627, 629, 631, 636, 637, 647, 653, 662, 663, 665, 666, 667, 671, 674, 678, 679, 680, 681, 690, 692, 705, 706, 707, 709, 711, 712, 713, 719, 721, 729, 730, 741, 746, 748, 750, 753, 755, 757, 764, 766, 767, 769, 772, 785, 791]","[301, 476, 924, 925]",[],5/6 successful match,True,"[279, 280, 281, 282, 283, 284, 285, 286, 287, 288]",True,292,True,2008,0.0,True,,
Wheeler Ridge ( 93203 ) TA Wheeler Ridge # 239 ( Shell ),4 661-858-2804 I-5 Exit 219 A ( Laval Rd E ),24 <U+25A1> XL,Wheeler Ridge,93203,TA Wheeler Ridge # 239 ( Shell ),661-858-2804,2014,Arvin,CA,Shell,( Laval Rd E ),I-5 Exit 219 A ,Exit,219,False,,False,I-5,,,,,"[314, 772]","[314, 772]","[242, 314, 706, 772]","[242, 314, 706, 772]","[103, 104, 105, 106, 107, 108, 109, 110, 111, 112, 113, 114, 115, 116, 117, 118, 119, 120, 121, 122, 123, 124, 125, 126, 127, 128, 129, 130, 131, 132, 133, 134, 135, 136, 137, 138, 139, 140, 141, 142, 143, 144, 145, 146, 147, 148, 149, 150, 151, 152, 153, 154, 155, 156, 157, 158, 159, 160, 161, 162, 163, 164, 165, 166, 167, 168, 169, 170, 171, 172, 173, 174, 175, 176, 177, 178, 179, 180, 181, 182, 183, 184, 185, 186, 187, 188, 189, 190, 191, 192, 193, 194, 195, 196, 197, 198, 199, 200, 201, 202, 203, 204, 205, 206, 207, 208, 209, 210, 211, 212, 213, 214, 215, 216, 217, 218, 219, 220, 221, 222, 223, 224, 225, 226, 227, 228, 229, 230, 231, 232, 233, 234, 235, 236, 237, 238, 239, 240, 241, 242, 243, 244, 245, 246, 247, 248, 249, 250, 251, 252, 253, 254, 255, 256, 257, 258, 259, 260, 261, 262, 263, 264, 265, 266, 267, 268, 269, 270, 271, 272, 273, 274, 275, 276, 277, 278, 279, 280, 281, 282, 283, 284, 285, 286, 287, 288, 289, 290, 291, 292, 293, 294, 295, 296, 297, 298, 299, 300, 301, 302, 303, 304, 305, 306, 307, 308, 309, 310, 311, 312, 313, 314, 315, 316, 317, 318, 319, 320, 321, 322, 323, 324, 325, 326, 327, 328, 329, 330, 331, 332, 333, 334, 335, 336, 337, 574, 575, 576, 577, 578, 579, 580, 581, 582, 583, 584, 585, 586, 587, 588, 589, 590, 591, 592, 593, 594, 595, 596, 597, 598, 599, 600, 601, 602, 603, 604, 605, 606, 607, 608, 609, 610, 611, 612, 613, 614, 615, 616, 617, 618, 619, 620, 621, 622, 623, 624, 625, 626, 627, 628, 629, 630, 631, 632, 633, 634, 635, 636, 637, 638, 639, 640, 641, 642, 643, 644, 645, 646, 647, 648, 649, 650, 651, 652, 653, 654, 655, 656, 657, 658, 659, 660, 661, 662, 663, 664, 665, 666, 667, 668, 669, 670, 671, 672, 673, 674, 675, 676, 677, 678, 679, 680, 681, 682, 683, 684, 685, 686, 687, 688, 689, 690, 691, 692, 693, 694, 695, 696, 697, 698, 699, 700, 701, 702, 703, 704, 705, 706, 707, 708, 709, 710, 711, 712, 713, 714, 715, 716, 717, 718, 719, 720, 721, 722, 723, 724, 725, 726, 727, 728, 729, 730, 731, 732, 733, 734, 735, 736, 737, 738, 739, 740, 741, 742, 743, 744, 745, 746, 747, 748, 749, 750, 751, 752, 753, 754, 755, 756, 757, 758, 759, 760, 761, 762, 763, 764, 765, 766, 767, 768, 769, 770, 771, 772, 773, 774, 775, 776, 777, 778, 779, 780, 781, 782, 783, 784, 785, 786, 787, 788, 789, 790, 791, 792, 793]","[105, 114, 138, 141, 152, 153, 154, 155, 157, 159, 164, 165, 176, 182, 191, 192, 194, 195, 196, 200, 204, 208, 209, 210, 211, 215, 226, 228, 241, 242, 243, 245, 248, 249, 250, 257, 261, 270, 271, 282, 287, 289, 291, 294, 296, 298, 306, 308, 309, 311, 314, 327, 333, 335, 337, 576, 585, 609, 612, 623, 624, 626, 627, 629, 631, 636, 637, 647, 653, 662, 663, 665, 666, 667, 671, 674, 678, 679, 680, 681, 690, 692, 705, 706, 707, 709, 711, 712, 713, 719, 721, 729, 730, 741, 746, 748, 750, 753, 755, 757, 764, 766, 767, 769, 772, 785, 791]","[1, 13, 14, 29, 54, 55, 56, 57, 58, 60, 102, 118, 125, 127, 130, 134, 146, 149, 153, 175, 182, 187, 189, 191, 197, 225, 230, 238, 264, 265, 266, 286, 302, 317, 336, 379, 388, 389, 425, 454, 458, 463, 475, 487, 498, 499, 512, 530, 531, 532, 533, 534, 536, 573, 589, 596, 598, 601, 605, 617, 620, 624, 646, 653, 658, 660, 662, 668, 689, 694, 702, 724, 725, 745, 760, 775, 793, 829, 838, 839, 877, 901, 903, 905, 910, 923]","[1, 13, 14, 29, 54, 55, 56, 57, 58, 60, 102, 118, 125, 127, 130, 134, 146, 149, 153, 175, 182, 187, 189, 191, 197, 225, 230, 238, 264, 265, 266, 286, 301, 302, 314, 317, 336, 354, 379, 388, 389, 425, 454, 458, 463, 475, 476, 487, 498, 499, 512, 530, 531, 532, 533, 534, 536, 573, 589, 596, 598, 601, 605, 617, 620, 624, 646, 653, 658, 660, 662, 668, 689, 694, 702, 724, 725, 745, 760, 772, 775, 793, 809, 829, 838, 839, 877, 901, 903, 905, 910, 923, 924, 925]","[1, 13, 14, 29, 54, 55, 56, 57, 58, 60, 102, 103, 104, 105, 106, 107, 108, 109, 110, 111, 112, 113, 114, 115, 116, 117, 118, 119, 120, 121, 122, 123, 124, 125, 126, 127, 128, 129, 130, 131, 132, 133, 134, 135, 136, 137, 138, 139, 140, 141, 142, 143, 144, 145, 146, 147, 148, 149, 150, 151, 152, 153, 154, 155, 156, 157, 158, 159, 160, 161, 162, 163, 164, 165, 166, 167, 168, 169, 170, 171, 172, 173, 174, 175, 176, 177, 178, 179, 180, 181, 182, 183, 184, 185, 186, 187, 188, 189, 190, 191, 192, 193, 194, 195, 196, 197, 198, 199, 200, 201, 202, 203, 204, 205, 206, 207, 208, 209, 210, 211, 212, 213, 214, 215, 216, 217, 218, 219, 220, 221, 222, 223, 224, 225, 226, 227, 228, 229, 230, 231, 232, 233, 234, 235, 236, 237, 238, 239, 240, 241, 242, 243, 244, 245, 246, 247, 248, 249, 250, 251, 252, 253, 254, 255, 256, 257, 258, 259, 260, 261, 262, 263, 264, 265, 266, 267, 268, 269, 270, 271, 272, 273, 274, 275, 276, 277, 278, 279, 280, 281, 282, 283, 284, 285, 286, 287, 288, 289, 290, 291, 292, 293, 294, 295, 296, 297, 298, 299, 300, 301, 302, 303, 304, 305, 306, 307, 308, 309, 310, 311, 312, 313, 314, 315, 316, 317, 318, 319, 320, 321, 322, 323, 324, 325, 326, 327, 328, 329, 330, 331, 332, 333, 334, 335, 336, 337, 354, 379, 388, 389, 425, 454, 458, 463, 475, 476, 487, 498, 499, 512, 530, 531, 532, 533, 534, 536, 573, 574, 575, 576, 577, 578, 579, 580, 581, 582, 583, 584, 585, 586, 587, 588, 589, 590, 591, 592, 593, 594, 595, 596, 597, 598, 599, 600, 601, 602, 603, 604, 605, 606, 607, 608, 609, 610, 611, 612, 613, 614, 615, 616, 617, 618, 619, 620, 621, 622, 623, 624, 625, 626, 627, 628, 629, 630, 631, 632, 633, 634, 635, 636, 637, 638, 639, 640, 641, 642, 643, 644, 645, 646, 647, 648, 649, 650, 651, 652, 653, 654, 655, 656, 657, 658, 659, 660, 661, 662, 663, 664, 665, 666, 667, 668, 669, 670, 671, 672, 673, 674, 675, 676, 677, 678, 679, 680, 681, 682, 683, 684, 685, 686, 687, 688, 689, 690, 691, 692, 693, 694, 695, 696, 697, 698, 699, 700, 701, 702, 703, 704, 705, 706, 707, 708, 709, 710, 711, 712, 713, 714, 715, 716, 717, 718, 719, 720, 721, 722, 723, 724, 725, 726, 727, 728, 729, 730, 731, 732, 733, 734, 735, 736, 737, 738, 739, 740, 741, 742, 743, 744, 745, 746, 747, 748, 749, 750, 751, 752, 753, 754, 755, 756, 757, 758, 759, 760, 761, 762, 763, 764, 765, 766, 767, 768, 769, 770, 771, 772, 773, 774, 775, 776, 777, 778, 779, 780, 781, 782, 783, 784, 785, 786, 787, 788, 789, 790, 791, 792, 793, 809, 829, 838, 839, 877, 901, 903, 905, 910, 923, 924, 925]",True,"[314, 772]","[103, 104, 105, 106, 107, 108, 109, 110, 111, 112, 113, 114, 115, 116, 117, 118, 119, 120, 121, 122, 123, 124, 125, 126, 127, 128, 129, 130, 131, 132, 133, 134, 135, 136, 137, 138, 139, 140, 141, 142, 143, 144, 145, 146, 147, 148, 149, 150, 151, 152, 153, 154, 155, 156, 157, 158, 159, 160, 161, 162, 163, 164, 165, 166, 167, 168, 169, 170, 171, 172, 173, 174, 175, 176, 177, 178, 179, 180, 181, 182, 183, 184, 185, 186, 187, 188, 189, 190, 191, 192, 193, 194, 195, 196, 197, 198, 199, 200, 201, 202, 203, 204, 205, 206, 207, 208, 209, 210, 211, 212, 213, 214, 215, 216, 217, 218, 219, 220, 221, 222, 223, 224, 225, 226, 227, 228, 229, 230, 231, 232, 233, 234, 235, 236, 237, 238, 239, 240, 241, 242, 243, 244, 245, 246, 247, 248, 249, 250, 251, 252, 253, 254, 255, 256, 257, 258, 259, 260, 261, 262, 263, 264, 265, 266, 267, 268, 269, 270, 271, 272, 273, 274, 275, 276, 277, 278, 279, 280, 281, 282, 283, 284, 285, 286, 287, 288, 289, 290, 291, 292, 293, 294, 295, 296, 297, 298, 299, 300, 301, 302, 303, 304, 305, 306, 307, 308, 309, 310, 311, 312, 313, 314, 315, 316, 317, 318, 319, 320, 321, 322, 323, 324, 325, 326, 327, 328, 329, 330, 331, 332, 333, 334, 335, 336, 337, 574, 575, 576, 577, 578, 579, 580, 581, 582, 583, 584, 585, 586, 587, 588, 589, 590, 591, 592, 593, 594, 595, 596, 597, 598, 599, 600, 601, 602, 603, 604, 605, 606, 607, 608, 609, 610, 611, 612, 613, 614, 615, 616, 617, 618, 619, 620, 621, 622, 623, 624, 625, 626, 627, 628, 629, 630, 631, 632, 633, 634, 635, 636, 637, 638, 639, 640, 641, 642, 643, 644, 645, 646, 647, 648, 649, 650, 651, 652, 653, 654, 655, 656, 657, 658, 659, 660, 661, 662, 663, 664, 665, 666, 667, 668, 669, 670, 671, 672, 673, 674, 675, 676, 677, 678, 679, 680, 681, 682, 683, 684, 685, 686, 687, 688, 689, 690, 691, 692, 693, 694, 695, 696, 697, 698, 699, 700, 701, 702, 703, 704, 705, 706, 707, 708, 709, 710, 711, 712, 713, 714, 715, 716, 717, 718, 719, 720, 721, 722, 723, 724, 725, 726, 727, 728, 729, 730, 731, 732, 733, 734, 735, 736, 737, 738, 739, 740, 741, 742, 743, 744, 745, 746, 747, 748, 749, 750, 751, 752, 753, 754, 755, 756, 757, 758, 759, 760, 761, 762, 763, 764, 765, 766, 767, 768, 769, 770, 771, 772, 773, 774, 775, 776, 777, 778, 779, 780, 781, 782, 783, 784, 785, 786, 787, 788, 789, 790, 791, 792, 793]","[242, 314, 706, 772]","[242, 314, 706, 772]","[105, 114, 138, 141, 152, 153, 154, 155, 157, 159, 164, 165, 176, 182, 191, 192, 194, 195, 196, 200, 204, 208, 209, 210, 211, 215, 226, 228, 241, 242, 243, 245, 248, 249, 250, 257, 261, 270, 271, 282, 287, 289, 291, 294, 296, 298, 306, 308, 309, 311, 314, 327, 333, 335, 337, 576, 585, 609, 612, 623, 624, 626, 627, 629, 631, 636, 637, 647, 653, 662, 663, 665, 666, 667, 671, 674, 678, 679, 680, 681, 690, 692, 705, 706, 707, 709, 711, 712, 713, 719, 721, 729, 730, 741, 746, 748, 750, 753, 755, 757, 764, 766, 767, 769, 772, 785, 791]","[1, 13, 14, 29, 54, 55, 56, 57, 58, 60, 102, 118, 125, 127, 130, 134, 146, 149, 153, 175, 182, 187, 189, 191, 197, 225, 230, 238, 264, 265, 266, 286, 301, 302, 314, 317, 336, 354, 379, 388, 389, 425, 454, 458, 463, 475, 476, 487, 498, 499, 512, 530, 531, 532, 533, 534, 536, 573, 589, 596, 598, 601, 605, 617, 620, 624, 646, 653, 658, 660, 662, 668, 689, 694, 702, 724, 725, 745, 760, 772, 775, 793, 809, 829, 838, 839, 877, 901, 903, 905, 910, 923, 924, 925]","[1, 13, 14, 29, 54, 55, 56, 57, 58, 60, 102, 118, 125, 127, 130, 134, 146, 149, 153, 175, 182, 187, 189, 191, 197, 225, 230, 238, 264, 265, 266, 286, 302, 317, 336, 379, 388, 389, 425, 454, 458, 463, 475, 487, 498, 499, 512, 530, 531, 532, 533, 534, 536, 573, 589, 596, 598, 601, 605, 617, 620, 624, 646, 653, 658, 660, 662, 668, 689, 694, 702, 724, 725, 745, 760, 775, 793, 829, 838, 839, 877, 901, 903, 905, 910, 923]",6/6 successful match,True,"[279, 280, 281, 282, 283, 284, 285, 286, 287, 288]",True,292,False,,0.884,True,TA - Wheeler ( NE Ridge to ( McCracken Rd ),
Wheeler Ridge ( 93203 ) TA Wheeler Ridge # 239 ( Shell ) Rd ),661-858-2804 I-5 Exit 219 A ( Laval,A 24 <U+25A1> XL <U+2610> <U+2610> <U+2610>,Wheeler Ridge,93203,TA Wheeler Ridge # 239 ( Shell ) Rd ),661-858-2804,2015,Arvin,CA,Shell,( Laval,I-5 Exit 219 A ,Exit,219,False,,False,I-5,,,,,"[314, 772]","[314, 772]","[242, 314, 706, 772]","[242, 314, 706, 772]","[103, 104, 105, 106, 107, 108, 109, 110, 111, 112, 113, 114, 115, 116, 117, 118, 119, 120, 121, 122, 123, 124, 125, 126, 127, 128, 129, 130, 131, 132, 133, 134, 135, 136, 137, 138, 139, 140, 141, 142, 143, 144, 145, 146, 147, 148, 149, 150, 151, 152, 153, 154, 155, 156, 157, 158, 159, 160, 161, 162, 163, 164, 165, 166, 167, 168, 169, 170, 171, 172, 173, 174, 175, 176, 177, 178, 179, 180, 181, 182, 183, 184, 185, 186, 187, 188, 189, 190, 191, 192, 193, 194, 195, 196, 197, 198, 199, 200, 201, 202, 203, 204, 205, 206, 207, 208, 209, 210, 211, 212, 213, 214, 215, 216, 217, 218, 219, 220, 221, 222, 223, 224, 225, 226, 227, 228, 229, 230, 231, 232, 233, 234, 235, 236, 237, 238, 239, 240, 241, 242, 243, 244, 245, 246, 247, 248, 249, 250, 251, 252, 253, 254, 255, 256, 257, 258, 259, 260, 261, 262, 263, 264, 265, 266, 267, 268, 269, 270, 271, 272, 273, 274, 275, 276, 277, 278, 279, 280, 281, 282, 283, 284, 285, 286, 287, 288, 289, 290, 291, 292, 293, 294, 295, 296, 297, 298, 299, 300, 301, 302, 303, 304, 305, 306, 307, 308, 309, 310, 311, 312, 313, 314, 315, 316, 317, 318, 319, 320, 321, 322, 323, 324, 325, 326, 327, 328, 329, 330, 331, 332, 333, 334, 335, 336, 337, 574, 575, 576, 577, 578, 579, 580, 581, 582, 583, 584, 585, 586, 587, 588, 589, 590, 591, 592, 593, 594, 595, 596, 597, 598, 599, 600, 601, 602, 603, 604, 605, 606, 607, 608, 609, 610, 611, 612, 613, 614, 615, 616, 617, 618, 619, 620, 621, 622, 623, 624, 625, 626, 627, 628, 629, 630, 631, 632, 633, 634, 635, 636, 637, 638, 639, 640, 641, 642, 643, 644, 645, 646, 647, 648, 649, 650, 651, 652, 653, 654, 655, 656, 657, 658, 659, 660, 661, 662, 663, 664, 665, 666, 667, 668, 669, 670, 671, 672, 673, 674, 675, 676, 677, 678, 679, 680, 681, 682, 683, 684, 685, 686, 687, 688, 689, 690, 691, 692, 693, 694, 695, 696, 697, 698, 699, 700, 701, 702, 703, 704, 705, 706, 707, 708, 709, 710, 711, 712, 713, 714, 715, 716, 717, 718, 719, 720, 721, 722, 723, 724, 725, 726, 727, 728, 729, 730, 731, 732, 733, 734, 735, 736, 737, 738, 739, 740, 741, 742, 743, 744, 745, 746, 747, 748, 749, 750, 751, 752, 753, 754, 755, 756, 757, 758, 759, 760, 761, 762, 763, 764, 765, 766, 767, 768, 769, 770, 771, 772, 773, 774, 775, 776, 777, 778, 779, 780, 781, 782, 783, 784, 785, 786, 787, 788, 789, 790, 791, 792, 793]","[105, 114, 138, 141, 152, 153, 154, 155, 157, 159, 164, 165, 176, 182, 191, 192, 194, 195, 196, 200, 204, 208, 209, 210, 211, 215, 226, 228, 241, 242, 243, 245, 248, 249, 250, 257, 261, 270, 271, 282, 287, 289, 291, 294, 296, 298, 306, 308, 309, 311, 314, 327, 333, 335, 337, 576, 585, 609, 612, 623, 624, 626, 627, 629, 631, 636, 637, 647, 653, 662, 663, 665, 666, 667, 671, 674, 678, 679, 680, 681, 690, 692, 705, 706, 707, 709, 711, 712, 713, 719, 721, 729, 730, 741, 746, 748, 750, 753, 755, 757, 764, 766, 767, 769, 772, 785, 791]","[1, 13, 14, 29, 54, 55, 56, 57, 58, 60, 102, 118, 125, 127, 130, 134, 146, 149, 153, 175, 182, 187, 189, 191, 197, 225, 230, 238, 264, 265, 266, 286, 302, 317, 336, 379, 388, 389, 425, 454, 458, 463, 475, 487, 498, 499, 512, 530, 531, 532, 533, 534, 536, 573, 589, 596, 598, 601, 605, 617, 620, 624, 646, 653, 658, 660, 662, 668, 689, 694, 702, 724, 725, 745, 760, 775, 793, 829, 838, 839, 877, 901, 903, 905, 910, 923]","[1, 13, 14, 29, 54, 55, 56, 57, 58, 60, 102, 118, 125, 127, 130, 134, 146, 149, 153, 175, 182, 187, 189, 191, 197, 225, 230, 238, 264, 265, 266, 286, 301, 302, 314, 317, 336, 354, 379, 388, 389, 425, 454, 458, 463, 475, 476, 487, 498, 499, 512, 530, 531, 532, 533, 534, 536, 573, 589, 596, 598, 601, 605, 617, 620, 624, 646, 653, 658, 660, 662, 668, 689, 694, 702, 724, 725, 745, 760, 772, 775, 793, 809, 829, 838, 839, 877, 901, 903, 905, 910, 923, 924, 925]","[1, 13, 14, 29, 54, 55, 56, 57, 58, 60, 102, 103, 104, 105, 106, 107, 108, 109, 110, 111, 112, 113, 114, 115, 116, 117, 118, 119, 120, 121, 122, 123, 124, 125, 126, 127, 128, 129, 130, 131, 132, 133, 134, 135, 136, 137, 138, 139, 140, 141, 142, 143, 144, 145, 146, 147, 148, 149, 150, 151, 152, 153, 154, 155, 156, 157, 158, 159, 160, 161, 162, 163, 164, 165, 166, 167, 168, 169, 170, 171, 172, 173, 174, 175, 176, 177, 178, 179, 180, 181, 182, 183, 184, 185, 186, 187, 188, 189, 190, 191, 192, 193, 194, 195, 196, 197, 198, 199, 200, 201, 202, 203, 204, 205, 206, 207, 208, 209, 210, 211, 212, 213, 214, 215, 216, 217, 218, 219, 220, 221, 222, 223, 224, 225, 226, 227, 228, 229, 230, 231, 232, 233, 234, 235, 236, 237, 238, 239, 240, 241, 242, 243, 244, 245, 246, 247, 248, 249, 250, 251, 252, 253, 254, 255, 256, 257, 258, 259, 260, 261, 262, 263, 264, 265, 266, 267, 268, 269, 270, 271, 272, 273, 274, 275, 276, 277, 278, 279, 280, 281, 282, 283, 284, 285, 286, 287, 288, 289, 290, 291, 292, 293, 294, 295, 296, 297, 298, 299, 300, 301, 302, 303, 304, 305, 306, 307, 308, 309, 310, 311, 312, 313, 314, 315, 316, 317, 318, 319, 320, 321, 322, 323, 324, 325, 326, 327, 328, 329, 330, 331, 332, 333, 334, 335, 336, 337, 354, 379, 388, 389, 425, 454, 458, 463, 475, 476, 487, 498, 499, 512, 530, 531, 532, 533, 534, 536, 573, 574, 575, 576, 577, 578, 579, 580, 581, 582, 583, 584, 585, 586, 587, 588, 589, 590, 591, 592, 593, 594, 595, 596, 597, 598, 599, 600, 601, 602, 603, 604, 605, 606, 607, 608, 609, 610, 611, 612, 613, 614, 615, 616, 617, 618, 619, 620, 621, 622, 623, 624, 625, 626, 627, 628, 629, 630, 631, 632, 633, 634, 635, 636, 637, 638, 639, 640, 641, 642, 643, 644, 645, 646, 647, 648, 649, 650, 651, 652, 653, 654, 655, 656, 657, 658, 659, 660, 661, 662, 663, 664, 665, 666, 667, 668, 669, 670, 671, 672, 673, 674, 675, 676, 677, 678, 679, 680, 681, 682, 683, 684, 685, 686, 687, 688, 689, 690, 691, 692, 693, 694, 695, 696, 697, 698, 699, 700, 701, 702, 703, 704, 705, 706, 707, 708, 709, 710, 711, 712, 713, 714, 715, 716, 717, 718, 719, 720, 721, 722, 723, 724, 725, 726, 727, 728, 729, 730, 731, 732, 733, 734, 735, 736, 737, 738, 739, 740, 741, 742, 743, 744, 745, 746, 747, 748, 749, 750, 751, 752, 753, 754, 755, 756, 757, 758, 759, 760, 761, 762, 763, 764, 765, 766, 767, 768, 769, 770, 771, 772, 773, 774, 775, 776, 777, 778, 779, 780, 781, 782, 783, 784, 785, 786, 787, 788, 789, 790, 791, 792, 793, 809, 829, 838, 839, 877, 901, 903, 905, 910, 923, 924, 925]",True,"[314, 772]","[103, 104, 105, 106, 107, 108, 109, 110, 111, 112, 113, 114, 115, 116, 117, 118, 119, 120, 121, 122, 123, 124, 125, 126, 127, 128, 129, 130, 131, 132, 133, 134, 135, 136, 137, 138, 139, 140, 141, 142, 143, 144, 145, 146, 147, 148, 149, 150, 151, 152, 153, 154, 155, 156, 157, 158, 159, 160, 161, 162, 163, 164, 165, 166, 167, 168, 169, 170, 171, 172, 173, 174, 175, 176, 177, 178, 179, 180, 181, 182, 183, 184, 185, 186, 187, 188, 189, 190, 191, 192, 193, 194, 195, 196, 197, 198, 199, 200, 201, 202, 203, 204, 205, 206, 207, 208, 209, 210, 211, 212, 213, 214, 215, 216, 217, 218, 219, 220, 221, 222, 223, 224, 225, 226, 227, 228, 229, 230, 231, 232, 233, 234, 235, 236, 237, 238, 239, 240, 241, 242, 243, 244, 245, 246, 247, 248, 249, 250, 251, 252, 253, 254, 255, 256, 257, 258, 259, 260, 261, 262, 263, 264, 265, 266, 267, 268, 269, 270, 271, 272, 273, 274, 275, 276, 277, 278, 279, 280, 281, 282, 283, 284, 285, 286, 287, 288, 289, 290, 291, 292, 293, 294, 295, 296, 297, 298, 299, 300, 301, 302, 303, 304, 305, 306, 307, 308, 309, 310, 311, 312, 313, 314, 315, 316, 317, 318, 319, 320, 321, 322, 323, 324, 325, 326, 327, 328, 329, 330, 331, 332, 333, 334, 335, 336, 337, 574, 575, 576, 577, 578, 579, 580, 581, 582, 583, 584, 585, 586, 587, 588, 589, 590, 591, 592, 593, 594, 595, 596, 597, 598, 599, 600, 601, 602, 603, 604, 605, 606, 607, 608, 609, 610, 611, 612, 613, 614, 615, 616, 617, 618, 619, 620, 621, 622, 623, 624, 625, 626, 627, 628, 629, 630, 631, 632, 633, 634, 635, 636, 637, 638, 639, 640, 641, 642, 643, 644, 645, 646, 647, 648, 649, 650, 651, 652, 653, 654, 655, 656, 657, 658, 659, 660, 661, 662, 663, 664, 665, 666, 667, 668, 669, 670, 671, 672, 673, 674, 675, 676, 677, 678, 679, 680, 681, 682, 683, 684, 685, 686, 687, 688, 689, 690, 691, 692, 693, 694, 695, 696, 697, 698, 699, 700, 701, 702, 703, 704, 705, 706, 707, 708, 709, 710, 711, 712, 713, 714, 715, 716, 717, 718, 719, 720, 721, 722, 723, 724, 725, 726, 727, 728, 729, 730, 731, 732, 733, 734, 735, 736, 737, 738, 739, 740, 741, 742, 743, 744, 745, 746, 747, 748, 749, 750, 751, 752, 753, 754, 755, 756, 757, 758, 759, 760, 761, 762, 763, 764, 765, 766, 767, 768, 769, 770, 771, 772, 773, 774, 775, 776, 777, 778, 779, 780, 781, 782, 783, 784, 785, 786, 787, 788, 789, 790, 791, 792, 793]","[242, 314, 706, 772]","[242, 314, 706, 772]","[105, 114, 138, 141, 152, 153, 154, 155, 157, 159, 164, 165, 176, 182, 191, 192, 194, 195, 196, 200, 204, 208, 209, 210, 211, 215, 226, 228, 241, 242, 243, 245, 248, 249, 250, 257, 261, 270, 271, 282, 287, 289, 291, 294, 296, 298, 306, 308, 309, 311, 314, 327, 333, 335, 337, 576, 585, 609, 612, 623, 624, 626, 627, 629, 631, 636, 637, 647, 653, 662, 663, 665, 666, 667, 671, 674, 678, 679, 680, 681, 690, 692, 705, 706, 707, 709, 711, 712, 713, 719, 721, 729, 730, 741, 746, 748, 750, 753, 755, 757, 764, 766, 767, 769, 772, 785, 791]","[1, 13, 14, 29, 54, 55, 56, 57, 58, 60, 102, 118, 125, 127, 130, 134, 146, 149, 153, 175, 182, 187, 189, 191, 197, 225, 230, 238, 264, 265, 266, 286, 301, 302, 314, 317, 336, 354, 379, 388, 389, 425, 454, 458, 463, 475, 476, 487, 498, 499, 512, 530, 531, 532, 533, 534, 536, 573, 589, 596, 598, 601, 605, 617, 620, 624, 646, 653, 658, 660, 662, 668, 689, 694, 702, 724, 725, 745, 760, 772, 775, 793, 809, 829, 838, 839, 877, 901, 903, 905, 910, 923, 924, 925]","[1, 13, 14, 29, 54, 55, 56, 57, 58, 60, 102, 118, 125, 127, 130, 134, 146, 149, 153, 175, 182, 187, 189, 191, 197, 225, 230, 238, 264, 265, 266, 286, 302, 317, 336, 379, 388, 389, 425, 454, 458, 463, 475, 487, 498, 499, 512, 530, 531, 532, 533, 534, 536, 573, 589, 596, 598, 601, 605, 617, 620, 624, 646, 653, 658, 660, 662, 668, 689, 694, 702, 724, 725, 745, 760, 775, 793, 829, 838, 839, 877, 901, 903, 905, 910, 923]",6/6 successful match,True,"[279, 280, 281, 282, 283, 284, 285, 286, 287, 288]",True,292,False,,1.0,True,TA Wheeler Ridge # 239 ( Shell ),Shell
Wheeler Ridge ( 93203 ) TA Wheeler Ridge # 239 ( Shell ) ),661-858-2804 I-5 Exit 219 A ( Laval Rd E ) A,A 24 <U+2610> XL 24,Wheeler Ridge,93203,TA Wheeler Ridge # 239 ( Shell ) ),661-858-2804,2016,Arvin,CA,Shell,( Laval Rd E ) A,I-5 Exit 219 A ,Exit,219,False,,False,I-5,,,,,"[314, 772]","[314, 772]","[242, 314, 706, 772]","[242, 314, 706, 772]","[103, 104, 105, 106, 107, 108, 109, 110, 111, 112, 113, 114, 115, 116, 117, 118, 119, 120, 121, 122, 123, 124, 125, 126, 127, 128, 129, 130, 131, 132, 133, 134, 135, 136, 137, 138, 139, 140, 141, 142, 143, 144, 145, 146, 147, 148, 149, 150, 151, 152, 153, 154, 155, 156, 157, 158, 159, 160, 161, 162, 163, 164, 165, 166, 167, 168, 169, 170, 171, 172, 173, 174, 175, 176, 177, 178, 179, 180, 181, 182, 183, 184, 185, 186, 187, 188, 189, 190, 191, 192, 193, 194, 195, 196, 197, 198, 199, 200, 201, 202, 203, 204, 205, 206, 207, 208, 209, 210, 211, 212, 213, 214, 215, 216, 217, 218, 219, 220, 221, 222, 223, 224, 225, 226, 227, 228, 229, 230, 231, 232, 233, 234, 235, 236, 237, 238, 239, 240, 241, 242, 243, 244, 245, 246, 247, 248, 249, 250, 251, 252, 253, 254, 255, 256, 257, 258, 259, 260, 261, 262, 263, 264, 265, 266, 267, 268, 269, 270, 271, 272, 273, 274, 275, 276, 277, 278, 279, 280, 281, 282, 283, 284, 285, 286, 287, 288, 289, 290, 291, 292, 293, 294, 295, 296, 297, 298, 299, 300, 301, 302, 303, 304, 305, 306, 307, 308, 309, 310, 311, 312, 313, 314, 315, 316, 317, 318, 319, 320, 321, 322, 323, 324, 325, 326, 327, 328, 329, 330, 331, 332, 333, 334, 335, 336, 337, 574, 575, 576, 577, 578, 579, 580, 581, 582, 583, 584, 585, 586, 587, 588, 589, 590, 591, 592, 593, 594, 595, 596, 597, 598, 599, 600, 601, 602, 603, 604, 605, 606, 607, 608, 609, 610, 611, 612, 613, 614, 615, 616, 617, 618, 619, 620, 621, 622, 623, 624, 625, 626, 627, 628, 629, 630, 631, 632, 633, 634, 635, 636, 637, 638, 639, 640, 641, 642, 643, 644, 645, 646, 647, 648, 649, 650, 651, 652, 653, 654, 655, 656, 657, 658, 659, 660, 661, 662, 663, 664, 665, 666, 667, 668, 669, 670, 671, 672, 673, 674, 675, 676, 677, 678, 679, 680, 681, 682, 683, 684, 685, 686, 687, 688, 689, 690, 691, 692, 693, 694, 695, 696, 697, 698, 699, 700, 701, 702, 703, 704, 705, 706, 707, 708, 709, 710, 711, 712, 713, 714, 715, 716, 717, 718, 719, 720, 721, 722, 723, 724, 725, 726, 727, 728, 729, 730, 731, 732, 733, 734, 735, 736, 737, 738, 739, 740, 741, 742, 743, 744, 745, 746, 747, 748, 749, 750, 751, 752, 753, 754, 755, 756, 757, 758, 759, 760, 761, 762, 763, 764, 765, 766, 767, 768, 769, 770, 771, 772, 773, 774, 775, 776, 777, 778, 779, 780, 781, 782, 783, 784, 785, 786, 787, 788, 789, 790, 791, 792, 793]","[105, 114, 138, 141, 152, 153, 154, 155, 157, 159, 164, 165, 176, 182, 191, 192, 194, 195, 196, 200, 204, 208, 209, 210, 211, 215, 226, 228, 241, 242, 243, 245, 248, 249, 250, 257, 261, 270, 271, 282, 287, 289, 291, 294, 296, 298, 306, 308, 309, 311, 314, 327, 333, 335, 337, 576, 585, 609, 612, 623, 624, 626, 627, 629, 631, 636, 637, 647, 653, 662, 663, 665, 666, 667, 671, 674, 678, 679, 680, 681, 690, 692, 705, 706, 707, 709, 711, 712, 713, 719, 721, 729, 730, 741, 746, 748, 750, 753, 755, 757, 764, 766, 767, 769, 772, 785, 791]","[1, 13, 14, 29, 54, 55, 56, 57, 58, 60, 102, 118, 125, 127, 130, 134, 146, 149, 153, 175, 182, 187, 189, 191, 197, 225, 230, 238, 264, 265, 266, 286, 302, 317, 336, 379, 388, 389, 425, 454, 458, 463, 475, 487, 498, 499, 512, 530, 531, 532, 533, 534, 536, 573, 589, 596, 598, 601, 605, 617, 620, 624, 646, 653, 658, 660, 662, 668, 689, 694, 702, 724, 725, 745, 760, 775, 793, 829, 838, 839, 877, 901, 903, 905, 910, 923]","[1, 13, 14, 29, 54, 55, 56, 57, 58, 60, 102, 118, 125, 127, 130, 134, 146, 149, 153, 175, 182, 187, 189, 191, 197, 225, 230, 238, 264, 265, 266, 286, 301, 302, 314, 317, 336, 354, 379, 388, 389, 425, 454, 458, 463, 475, 476, 487, 498, 499, 512, 530, 531, 532, 533, 534, 536, 573, 589, 596, 598, 601, 605, 617, 620, 624, 646, 653, 658, 660, 662, 668, 689, 694, 702, 724, 725, 745, 760, 772, 775, 793, 809, 829, 838, 839, 877, 901, 903, 905, 910, 923, 924, 925]","[1, 13, 14, 29, 54, 55, 56, 57, 58, 60, 102, 103, 104, 105, 106, 107, 108, 109, 110, 111, 112, 113, 114, 115, 116, 117, 118, 119, 120, 121, 122, 123, 124, 125, 126, 127, 128, 129, 130, 131, 132, 133, 134, 135, 136, 137, 138, 139, 140, 141, 142, 143, 144, 145, 146, 147, 148, 149, 150, 151, 152, 153, 154, 155, 156, 157, 158, 159, 160, 161, 162, 163, 164, 165, 166, 167, 168, 169, 170, 171, 172, 173, 174, 175, 176, 177, 178, 179, 180, 181, 182, 183, 184, 185, 186, 187, 188, 189, 190, 191, 192, 193, 194, 195, 196, 197, 198, 199, 200, 201, 202, 203, 204, 205, 206, 207, 208, 209, 210, 211, 212, 213, 214, 215, 216, 217, 218, 219, 220, 221, 222, 223, 224, 225, 226, 227, 228, 229, 230, 231, 232, 233, 234, 235, 236, 237, 238, 239, 240, 241, 242, 243, 244, 245, 246, 247, 248, 249, 250, 251, 252, 253, 254, 255, 256, 257, 258, 259, 260, 261, 262, 263, 264, 265, 266, 267, 268, 269, 270, 271, 272, 273, 274, 275, 276, 277, 278, 279, 280, 281, 282, 283, 284, 285, 286, 287, 288, 289, 290, 291, 292, 293, 294, 295, 296, 297, 298, 299, 300, 301, 302, 303, 304, 305, 306, 307, 308, 309, 310, 311, 312, 313, 314, 315, 316, 317, 318, 319, 320, 321, 322, 323, 324, 325, 326, 327, 328, 329, 330, 331, 332, 333, 334, 335, 336, 337, 354, 379, 388, 389, 425, 454, 458, 463, 475, 476, 487, 498, 499, 512, 530, 531, 532, 533, 534, 536, 573, 574, 575, 576, 577, 578, 579, 580, 581, 582, 583, 584, 585, 586, 587, 588, 589, 590, 591, 592, 593, 594, 595, 596, 597, 598, 599, 600, 601, 602, 603, 604, 605, 606, 607, 608, 609, 610, 611, 612, 613, 614, 615, 616, 617, 618, 619, 620, 621, 622, 623, 624, 625, 626, 627, 628, 629, 630, 631, 632, 633, 634, 635, 636, 637, 638, 639, 640, 641, 642, 643, 644, 645, 646, 647, 648, 649, 650, 651, 652, 653, 654, 655, 656, 657, 658, 659, 660, 661, 662, 663, 664, 665, 666, 667, 668, 669, 670, 671, 672, 673, 674, 675, 676, 677, 678, 679, 680, 681, 682, 683, 684, 685, 686, 687, 688, 689, 690, 691, 692, 693, 694, 695, 696, 697, 698, 699, 700, 701, 702, 703, 704, 705, 706, 707, 708, 709, 710, 711, 712, 713, 714, 715, 716, 717, 718, 719, 720, 721, 722, 723, 724, 725, 726, 727, 728, 729, 730, 731, 732, 733, 734, 735, 736, 737, 738, 739, 740, 741, 742, 743, 744, 745, 746, 747, 748, 749, 750, 751, 752, 753, 754, 755, 756, 757, 758, 759, 760, 761, 762, 763, 764, 765, 766, 767, 768, 769, 770, 771, 772, 773, 774, 775, 776, 777, 778, 779, 780, 781, 782, 783, 784, 785, 786, 787, 788, 789, 790, 791, 792, 793, 809, 829, 838, 839, 877, 901, 903, 905, 910, 923, 924, 925]",True,"[314, 772]","[103, 104, 105, 106, 107, 108, 109, 110, 111, 112, 113, 114, 115, 116, 117, 118, 119, 120, 121, 122, 123, 124, 125, 126, 127, 128, 129, 130, 131, 132, 133, 134, 135, 136, 137, 138, 139, 140, 141, 142, 143, 144, 145, 146, 147, 148, 149, 150, 151, 152, 153, 154, 155, 156, 157, 158, 159, 160, 161, 162, 163, 164, 165, 166, 167, 168, 169, 170, 171, 172, 173, 174, 175, 176, 177, 178, 179, 180, 181, 182, 183, 184, 185, 186, 187, 188, 189, 190, 191, 192, 193, 194, 195, 196, 197, 198, 199, 200, 201, 202, 203, 204, 205, 206, 207, 208, 209, 210, 211, 212, 213, 214, 215, 216, 217, 218, 219, 220, 221, 222, 223, 224, 225, 226, 227, 228, 229, 230, 231, 232, 233, 234, 235, 236, 237, 238, 239, 240, 241, 242, 243, 244, 245, 246, 247, 248, 249, 250, 251, 252, 253, 254, 255, 256, 257, 258, 259, 260, 261, 262, 263, 264, 265, 266, 267, 268, 269, 270, 271, 272, 273, 274, 275, 276, 277, 278, 279, 280, 281, 282, 283, 284, 285, 286, 287, 288, 289, 290, 291, 292, 293, 294, 295, 296, 297, 298, 299, 300, 301, 302, 303, 304, 305, 306, 307, 308, 309, 310, 311, 312, 313, 314, 315, 316, 317, 318, 319, 320, 321, 322, 323, 324, 325, 326, 327, 328, 329, 330, 331, 332, 333, 334, 335, 336, 337, 574, 575, 576, 577, 578, 579, 580, 581, 582, 583, 584, 585, 586, 587, 588, 589, 590, 591, 592, 593, 594, 595, 596, 597, 598, 599, 600, 601, 602, 603, 604, 605, 606, 607, 608, 609, 610, 611, 612, 613, 614, 615, 616, 617, 618, 619, 620, 621, 622, 623, 624, 625, 626, 627, 628, 629, 630, 631, 632, 633, 634, 635, 636, 637, 638, 639, 640, 641, 642, 643, 644, 645, 646, 647, 648, 649, 650, 651, 652, 653, 654, 655, 656, 657, 658, 659, 660, 661, 662, 663, 664, 665, 666, 667, 668, 669, 670, 671, 672, 673, 674, 675, 676, 677, 678, 679, 680, 681, 682, 683, 684, 685, 686, 687, 688, 689, 690, 691, 692, 693, 694, 695, 696, 697, 698, 699, 700, 701, 702, 703, 704, 705, 706, 707, 708, 709, 710, 711, 712, 713, 714, 715, 716, 717, 718, 719, 720, 721, 722, 723, 724, 725, 726, 727, 728, 729, 730, 731, 732, 733, 734, 735, 736, 737, 738, 739, 740, 741, 742, 743, 744, 745, 746, 747, 748, 749, 750, 751, 752, 753, 754, 755, 756, 757, 758, 759, 760, 761, 762, 763, 764, 765, 766, 767, 768, 769, 770, 771, 772, 773, 774, 775, 776, 777, 778, 779, 780, 781, 782, 783, 784, 785, 786, 787, 788, 789, 790, 791, 792, 793]","[242, 314, 706, 772]","[242, 314, 706, 772]","[105, 114, 138, 141, 152, 153, 154, 155, 157, 159, 164, 165, 176, 182, 191, 192, 194, 195, 196, 200, 204, 208, 209, 210, 211, 215, 226, 228, 241, 242, 243, 245, 248, 249, 250, 257, 261, 270, 271, 282, 287, 289, 291, 294, 296, 298, 306, 308, 309, 311, 314, 327, 333, 335, 337, 576, 585, 609, 612, 623, 624, 626, 627, 629, 631, 636, 637, 647, 653, 662, 663, 665, 666, 667, 671, 674, 678, 679, 680, 681, 690, 692, 705, 706, 707, 709, 711, 712, 713, 719, 721, 729, 730, 741, 746, 748, 750, 753, 755, 757, 764, 766, 767, 769, 772, 785, 791]","[1, 13, 14, 29, 54, 55, 56, 57, 58, 60, 102, 118, 125, 127, 130, 134, 146, 149, 153, 175, 182, 187, 189, 191, 197, 225, 230, 238, 264, 265, 266, 286, 301, 302, 314, 317, 336, 354, 379, 388, 389, 425, 454, 458, 463, 475, 476, 487, 498, 499, 512, 530, 531, 532, 533, 534, 536, 573, 589, 596, 598, 601, 605, 617, 620, 624, 646, 653, 658, 660, 662, 668, 689, 694, 702, 724, 725, 745, 760, 772, 775, 793, 809, 829, 838, 839, 877, 901, 903, 905, 910, 923, 924, 925]","[1, 13, 14, 29, 54, 55, 56, 57, 58, 60, 102, 118, 125, 127, 130, 134, 146, 149, 153, 175, 182, 187, 189, 191, 197, 225, 230, 238, 264, 265, 266, 286, 302, 317, 336, 379, 388, 389, 425, 454, 458, 463, 475, 487, 498, 499, 512, 530, 531, 532, 533, 534, 536, 573, 589, 596, 598, 601, 605, 617, 620, 624, 646, 653, 658, 660, 662, 668, 689, 694, 702, 724, 725, 745, 760, 775, 793, 829, 838, 839, 877, 901, 903, 905, 910, 923]",6/6 successful match,True,"[279, 280, 281, 282, 283, 284, 285, 286, 287, 288]",True,292,False,,1.0,True,TA Wheeler Ridge # 239 ( Shell ) Rd ),Shell
"Buttonwillow , 93206 TravelCenters of America ( 76 )",661-764-5266 I-5 Exit 257 ( CA 58 ) TA,HRS 24 25 D,Buttonwillow,93206,TravelCenters of America ( 76 ),661-764-5266,2006,Buttonwillow,CA,TravelCenters,( CA 58 ) TA,I-5 Exit 257 ,Exit,257,False,,False,I-5,,,,,"[309, 767]","[192, 296, 309, 663, 755, 767]","[192, 296, 309, 663, 755, 767]","[192, 296, 309, 663, 755, 767]","[103, 104, 105, 106, 107, 108, 109, 110, 111, 112, 113, 114, 115, 116, 117, 118, 119, 120, 121, 122, 123, 124, 125, 126, 127, 128, 129, 130, 131, 132, 133, 134, 135, 136, 137, 138, 139, 140, 141, 142, 143, 144, 145, 146, 147, 148, 149, 150, 151, 152, 153, 154, 155, 156, 157, 158, 159, 160, 161, 162, 163, 164, 165, 166, 167, 168, 169, 170, 171, 172, 173, 174, 175, 176, 177, 178, 179, 180, 181, 182, 183, 184, 185, 186, 187, 188, 189, 190, 191, 192, 193, 194, 195, 196, 197, 198, 199, 200, 201, 202, 203, 204, 205, 206, 207, 208, 209, 210, 211, 212, 213, 214, 215, 216, 217, 218, 219, 220, 221, 222, 223, 224, 225, 226, 227, 228, 229, 230, 231, 232, 233, 234, 235, 236, 237, 238, 239, 240, 241, 242, 243, 244, 245, 246, 247, 248, 249, 250, 251, 252, 253, 254, 255, 256, 257, 258, 259, 260, 261, 262, 263, 264, 265, 266, 267, 268, 269, 270, 271, 272, 273, 274, 275, 276, 277, 278, 279, 280, 281, 282, 283, 284, 285, 286, 287, 288, 289, 290, 291, 292, 293, 294, 295, 296, 297, 298, 299, 300, 301, 302, 303, 304, 305, 306, 307, 308, 309, 310, 311, 312, 313, 314, 315, 316, 317, 318, 319, 320, 321, 322, 323, 324, 325, 326, 327, 328, 329, 330, 331, 332, 333, 334, 335, 336, 337, 574, 575, 576, 577, 578, 579, 580, 581, 582, 583, 584, 585, 586, 587, 588, 589, 590, 591, 592, 593, 594, 595, 596, 597, 598, 599, 600, 601, 602, 603, 604, 605, 606, 607, 608, 609, 610, 611, 612, 613, 614, 615, 616, 617, 618, 619, 620, 621, 622, 623, 624, 625, 626, 627, 628, 629, 630, 631, 632, 633, 634, 635, 636, 637, 638, 639, 640, 641, 642, 643, 644, 645, 646, 647, 648, 649, 650, 651, 652, 653, 654, 655, 656, 657, 658, 659, 660, 661, 662, 663, 664, 665, 666, 667, 668, 669, 670, 671, 672, 673, 674, 675, 676, 677, 678, 679, 680, 681, 682, 683, 684, 685, 686, 687, 688, 689, 690, 691, 692, 693, 694, 695, 696, 697, 698, 699, 700, 701, 702, 703, 704, 705, 706, 707, 708, 709, 710, 711, 712, 713, 714, 715, 716, 717, 718, 719, 720, 721, 722, 723, 724, 725, 726, 727, 728, 729, 730, 731, 732, 733, 734, 735, 736, 737, 738, 739, 740, 741, 742, 743, 744, 745, 746, 747, 748, 749, 750, 751, 752, 753, 754, 755, 756, 757, 758, 759, 760, 761, 762, 763, 764, 765, 766, 767, 768, 769, 770, 771, 772, 773, 774, 775, 776, 777, 778, 779, 780, 781, 782, 783, 784, 785, 786, 787, 788, 789, 790, 791, 792, 793]","[105, 114, 138, 141, 152, 153, 154, 155, 157, 159, 164, 165, 176, 182, 191, 192, 194, 195, 196, 200, 204, 208, 209, 210, 211, 215, 226, 228, 241, 242, 243, 245, 248, 249, 250, 257, 261, 270, 271, 282, 287, 289, 291, 294, 296, 298, 306, 308, 309, 311, 314, 327, 333, 335, 337, 576, 585, 609, 612, 623, 624, 626, 627, 629, 631, 636, 637, 647, 653, 662, 663, 665, 666, 667, 671, 674, 678, 679, 680, 681, 690, 692, 705, 706, 707, 709, 711, 712, 713, 719, 721, 729, 730, 741, 746, 748, 750, 753, 755, 757, 764, 766, 767, 769, 772, 785, 791]","[98, 476, 481, 569, 924, 925]","[84, 87, 89, 114, 115, 117, 124, 132, 135, 144, 152, 178, 239, 268, 281, 297, 318, 320, 327, 348, 394, 555, 558, 560, 585, 586, 588, 595, 603, 606, 615, 623, 649, 703, 727, 740, 756, 776, 778, 785, 803, 844]","[84, 87, 89, 98, 103, 104, 105, 106, 107, 108, 109, 110, 111, 112, 113, 114, 115, 116, 117, 118, 119, 120, 121, 122, 123, 124, 125, 126, 127, 128, 129, 130, 131, 132, 133, 134, 135, 136, 137, 138, 139, 140, 141, 142, 143, 144, 145, 146, 147, 148, 149, 150, 151, 152, 153, 154, 155, 156, 157, 158, 159, 160, 161, 162, 163, 164, 165, 166, 167, 168, 169, 170, 171, 172, 173, 174, 175, 176, 177, 178, 179, 180, 181, 182, 183, 184, 185, 186, 187, 188, 189, 190, 191, 192, 193, 194, 195, 196, 197, 198, 199, 200, 201, 202, 203, 204, 205, 206, 207, 208, 209, 210, 211, 212, 213, 214, 215, 216, 217, 218, 219, 220, 221, 222, 223, 224, 225, 226, 227, 228, 229, 230, 231, 232, 233, 234, 235, 236, 237, 238, 239, 240, 241, 242, 243, 244, 245, 246, 247, 248, 249, 250, 251, 252, 253, 254, 255, 256, 257, 258, 259, 260, 261, 262, 263, 264, 265, 266, 267, 268, 269, 270, 271, 272, 273, 274, 275, 276, 277, 278, 279, 280, 281, 282, 283, 284, 285, 286, 287, 288, 289, 290, 291, 292, 293, 294, 295, 296, 297, 298, 299, 300, 301, 302, 303, 304, 305, 306, 307, 308, 309, 310, 311, 312, 313, 314, 315, 316, 317, 318, 319, 320, 321, 322, 323, 324, 325, 326, 327, 328, 329, 330, 331, 332, 333, 334, 335, 336, 337, 348, 394, 476, 481, 555, 558, 560, 569, 574, 575, 576, 577, 578, 579, 580, 581, 582, 583, 584, 585, 586, 587, 588, 589, 590, 591, 592, 593, 594, 595, 596, 597, 598, 599, 600, 601, 602, 603, 604, 605, 606, 607, 608, 609, 610, 611, 612, 613, 614, 615, 616, 617, 618, 619, 620, 621, 622, 623, 624, 625, 626, 627, 628, 629, 630, 631, 632, 633, 634, 635, 636, 637, 638, 639, 640, 641, 642, 643, 644, 645, 646, 647, 648, 649, 650, 651, 652, 653, 654, 655, 656, 657, 658, 659, 660, 661, 662, 663, 664, 665, 666, 667, 668, 669, 670, 671, 672, 673, 674, 675, 676, 677, 678, 679, 680, 681, 682, 683, 684, 685, 686, 687, 688, 689, 690, 691, 692, 693, 694, 695, 696, 697, 698, 699, 700, 701, 702, 703, 704, 705, 706, 707, 708, 709, 710, 711, 712, 713, 714, 715, 716, 717, 718, 719, 720, 721, 722, 723, 724, 725, 726, 727, 728, 729, 730, 731, 732, 733, 734, 735, 736, 737, 738, 739, 740, 741, 742, 743, 744, 745, 746, 747, 748, 749, 750, 751, 752, 753, 754, 755, 756, 757, 758, 759, 760, 761, 762, 763, 764, 765, 766, 767, 768, 769, 770, 771, 772, 773, 774, 775, 776, 777, 778, 779, 780, 781, 782, 783, 784, 785, 786, 787, 788, 789, 790, 791, 792, 793, 803, 844, 924, 925]",True,"[192, 296, 309, 663, 755, 767]","[103, 104, 105, 106, 107, 108, 109, 110, 111, 112, 113, 114, 115, 116, 117, 118, 119, 120, 121, 122, 123, 124, 125, 126, 127, 128, 129, 130, 131, 132, 133, 134, 135, 136, 137, 138, 139, 140, 141, 142, 143, 144, 145, 146, 147, 148, 149, 150, 151, 152, 153, 154, 155, 156, 157, 158, 159, 160, 161, 162, 163, 164, 165, 166, 167, 168, 169, 170, 171, 172, 173, 174, 175, 176, 177, 178, 179, 180, 181, 182, 183, 184, 185, 186, 187, 188, 189, 190, 191, 192, 193, 194, 195, 196, 197, 198, 199, 200, 201, 202, 203, 204, 205, 206, 207, 208, 209, 210, 211, 212, 213, 214, 215, 216, 217, 218, 219, 220, 221, 222, 223, 224, 225, 226, 227, 228, 229, 230, 231, 232, 233, 234, 235, 236, 237, 238, 239, 240, 241, 242, 243, 244, 245, 246, 247, 248, 249, 250, 251, 252, 253, 254, 255, 256, 257, 258, 259, 260, 261, 262, 263, 264, 265, 266, 267, 268, 269, 270, 271, 272, 273, 274, 275, 276, 277, 278, 279, 280, 281, 282, 283, 284, 285, 286, 287, 288, 289, 290, 291, 292, 293, 294, 295, 296, 297, 298, 299, 300, 301, 302, 303, 304, 305, 306, 307, 308, 309, 310, 311, 312, 313, 314, 315, 316, 317, 318, 319, 320, 321, 322, 323, 324, 325, 326, 327, 328, 329, 330, 331, 332, 333, 334, 335, 336, 337, 574, 575, 576, 577, 578, 579, 580, 581, 582, 583, 584, 585, 586, 587, 588, 589, 590, 591, 592, 593, 594, 595, 596, 597, 598, 599, 600, 601, 602, 603, 604, 605, 606, 607, 608, 609, 610, 611, 612, 613, 614, 615, 616, 617, 618, 619, 620, 621, 622, 623, 624, 625, 626, 627, 628, 629, 630, 631, 632, 633, 634, 635, 636, 637, 638, 639, 640, 641, 642, 643, 644, 645, 646, 647, 648, 649, 650, 651, 652, 653, 654, 655, 656, 657, 658, 659, 660, 661, 662, 663, 664, 665, 666, 667, 668, 669, 670, 671, 672, 673, 674, 675, 676, 677, 678, 679, 680, 681, 682, 683, 684, 685, 686, 687, 688, 689, 690, 691, 692, 693, 694, 695, 696, 697, 698, 699, 700, 701, 702, 703, 704, 705, 706, 707, 708, 709, 710, 711, 712, 713, 714, 715, 716, 717, 718, 719, 720, 721, 722, 723, 724, 725, 726, 727, 728, 729, 730, 731, 732, 733, 734, 735, 736, 737, 738, 739, 740, 741, 742, 743, 744, 745, 746, 747, 748, 749, 750, 751, 752, 753, 754, 755, 756, 757, 758, 759, 760, 761, 762, 763, 764, 765, 766, 767, 768, 769, 770, 771, 772, 773, 774, 775, 776, 777, 778, 779, 780, 781, 782, 783, 784, 785, 786, 787, 788, 789, 790, 791, 792, 793]","[192, 296, 309, 663, 755, 767]","[192, 296, 309, 663, 755, 767]","[105, 114, 138, 141, 152, 153, 154, 155, 157, 159, 164, 165, 176, 182, 191, 192, 194, 195, 196, 200, 204, 208, 209, 210, 211, 215, 226, 228, 241, 242, 243, 245, 248, 249, 250, 257, 261, 270, 271, 282, 287, 289, 291, 294, 296, 298, 306, 308, 309, 311, 314, 327, 333, 335, 337, 576, 585, 609, 612, 623, 624, 626, 627, 629, 631, 636, 637, 647, 653, 662, 663, 665, 666, 667, 671, 674, 678, 679, 680, 681, 690, 692, 705, 706, 707, 709, 711, 712, 713, 719, 721, 729, 730, 741, 746, 748, 750, 753, 755, 757, 764, 766, 767, 769, 772, 785, 791]","[84, 87, 89, 114, 115, 117, 124, 132, 135, 144, 152, 178, 239, 268, 281, 297, 318, 320, 327, 348, 394, 555, 558, 560, 585, 586, 588, 595, 603, 606, 615, 623, 649, 703, 727, 740, 756, 776, 778, 785, 803, 844]","[98, 476, 481, 569, 924, 925]",5/6 successful match,True,"[657, 658, 659, 660, 661, 662, 663, 664]",True,293,False,,,,,
"Buttonwillow , 93206 TravelCenters of America ( 76 )",661-764-5266 I-5 Exit 257 ( CA 58 E ) TA,XL,Buttonwillow,93206,TravelCenters of America ( 76 ),661-764-5266,2007,Buttonwillow,CA,TravelCenters,( CA 58 E ) TA,I-5 Exit 257 ,Exit,257,False,,False,I-5,,,,,"[309, 767]","[192, 296, 309, 663, 755, 767]","[192, 296, 309, 663, 755, 767]","[192, 296, 309, 663, 755, 767]","[103, 104, 105, 106, 107, 108, 109, 110, 111, 112, 113, 114, 115, 116, 117, 118, 119, 120, 121, 122, 123, 124, 125, 126, 127, 128, 129, 130, 131, 132, 133, 134, 135, 136, 137, 138, 139, 140, 141, 142, 143, 144, 145, 146, 147, 148, 149, 150, 151, 152, 153, 154, 155, 156, 157, 158, 159, 160, 161, 162, 163, 164, 165, 166, 167, 168, 169, 170, 171, 172, 173, 174, 175, 176, 177, 178, 179, 180, 181, 182, 183, 184, 185, 186, 187, 188, 189, 190, 191, 192, 193, 194, 195, 196, 197, 198, 199, 200, 201, 202, 203, 204, 205, 206, 207, 208, 209, 210, 211, 212, 213, 214, 215, 216, 217, 218, 219, 220, 221, 222, 223, 224, 225, 226, 227, 228, 229, 230, 231, 232, 233, 234, 235, 236, 237, 238, 239, 240, 241, 242, 243, 244, 245, 246, 247, 248, 249, 250, 251, 252, 253, 254, 255, 256, 257, 258, 259, 260, 261, 262, 263, 264, 265, 266, 267, 268, 269, 270, 271, 272, 273, 274, 275, 276, 277, 278, 279, 280, 281, 282, 283, 284, 285, 286, 287, 288, 289, 290, 291, 292, 293, 294, 295, 296, 297, 298, 299, 300, 301, 302, 303, 304, 305, 306, 307, 308, 309, 310, 311, 312, 313, 314, 315, 316, 317, 318, 319, 320, 321, 322, 323, 324, 325, 326, 327, 328, 329, 330, 331, 332, 333, 334, 335, 336, 337, 574, 575, 576, 577, 578, 579, 580, 581, 582, 583, 584, 585, 586, 587, 588, 589, 590, 591, 592, 593, 594, 595, 596, 597, 598, 599, 600, 601, 602, 603, 604, 605, 606, 607, 608, 609, 610, 611, 612, 613, 614, 615, 616, 617, 618, 619, 620, 621, 622, 623, 624, 625, 626, 627, 628, 629, 630, 631, 632, 633, 634, 635, 636, 637, 638, 639, 640, 641, 642, 643, 644, 645, 646, 647, 648, 649, 650, 651, 652, 653, 654, 655, 656, 657, 658, 659, 660, 661, 662, 663, 664, 665, 666, 667, 668, 669, 670, 671, 672, 673, 674, 675, 676, 677, 678, 679, 680, 681, 682, 683, 684, 685, 686, 687, 688, 689, 690, 691, 692, 693, 694, 695, 696, 697, 698, 699, 700, 701, 702, 703, 704, 705, 706, 707, 708, 709, 710, 711, 712, 713, 714, 715, 716, 717, 718, 719, 720, 721, 722, 723, 724, 725, 726, 727, 728, 729, 730, 731, 732, 733, 734, 735, 736, 737, 738, 739, 740, 741, 742, 743, 744, 745, 746, 747, 748, 749, 750, 751, 752, 753, 754, 755, 756, 757, 758, 759, 760, 761, 762, 763, 764, 765, 766, 767, 768, 769, 770, 771, 772, 773, 774, 775, 776, 777, 778, 779, 780, 781, 782, 783, 784, 785, 786, 787, 788, 789, 790, 791, 792, 793]","[105, 114, 138, 141, 152, 153, 154, 155, 157, 159, 164, 165, 176, 182, 191, 192, 194, 195, 196, 200, 204, 208, 209, 210, 211, 215, 226, 228, 241, 242, 243, 245, 248, 249, 250, 257, 261, 270, 271, 282, 287, 289, 291, 294, 296, 298, 306, 308, 309, 311, 314, 327, 333, 335, 337, 576, 585, 609, 612, 623, 624, 626, 627, 629, 631, 636, 637, 647, 653, 662, 663, 665, 666, 667, 671, 674, 678, 679, 680, 681, 690, 692, 705, 706, 707, 709, 711, 712, 713, 719, 721, 729, 730, 741, 746, 748, 750, 753, 755, 757, 764, 766, 767, 769, 772, 785, 791]","[98, 476, 481, 569, 924, 925]","[84, 87, 89, 114, 115, 117, 124, 132, 135, 144, 152, 178, 239, 268, 281, 297, 318, 320, 327, 348, 394, 555, 558, 560, 585, 586, 588, 595, 603, 606, 615, 623, 649, 703, 727, 740, 756, 776, 778, 785, 803, 844]","[84, 87, 89, 98, 103, 104, 105, 106, 107, 108, 109, 110, 111, 112, 113, 114, 115, 116, 117, 118, 119, 120, 121, 122, 123, 124, 125, 126, 127, 128, 129, 130, 131, 132, 133, 134, 135, 136, 137, 138, 139, 140, 141, 142, 143, 144, 145, 146, 147, 148, 149, 150, 151, 152, 153, 154, 155, 156, 157, 158, 159, 160, 161, 162, 163, 164, 165, 166, 167, 168, 169, 170, 171, 172, 173, 174, 175, 176, 177, 178, 179, 180, 181, 182, 183, 184, 185, 186, 187, 188, 189, 190, 191, 192, 193, 194, 195, 196, 197, 198, 199, 200, 201, 202, 203, 204, 205, 206, 207, 208, 209, 210, 211, 212, 213, 214, 215, 216, 217, 218, 219, 220, 221, 222, 223, 224, 225, 226, 227, 228, 229, 230, 231, 232, 233, 234, 235, 236, 237, 238, 239, 240, 241, 242, 243, 244, 245, 246, 247, 248, 249, 250, 251, 252, 253, 254, 255, 256, 257, 258, 259, 260, 261, 262, 263, 264, 265, 266, 267, 268, 269, 270, 271, 272, 273, 274, 275, 276, 277, 278, 279, 280, 281, 282, 283, 284, 285, 286, 287, 288, 289, 290, 291, 292, 293, 294, 295, 296, 297, 298, 299, 300, 301, 302, 303, 304, 305, 306, 307, 308, 309, 310, 311, 312, 313, 314, 315, 316, 317, 318, 319, 320, 321, 322, 323, 324, 325, 326, 327, 328, 329, 330, 331, 332, 333, 334, 335, 336, 337, 348, 394, 476, 481, 555, 558, 560, 569, 574, 575, 576, 577, 578, 579, 580, 581, 582, 583, 584, 585, 586, 587, 588, 589, 590, 591, 592, 593, 594, 595, 596, 597, 598, 599, 600, 601, 602, 603, 604, 605, 606, 607, 608, 609, 610, 611, 612, 613, 614, 615, 616, 617, 618, 619, 620, 621, 622, 623, 624, 625, 626, 627, 628, 629, 630, 631, 632, 633, 634, 635, 636, 637, 638, 639, 640, 641, 642, 643, 644, 645, 646, 647, 648, 649, 650, 651, 652, 653, 654, 655, 656, 657, 658, 659, 660, 661, 662, 663, 664, 665, 666, 667, 668, 669, 670, 671, 672, 673, 674, 675, 676, 677, 678, 679, 680, 681, 682, 683, 684, 685, 686, 687, 688, 689, 690, 691, 692, 693, 694, 695, 696, 697, 698, 699, 700, 701, 702, 703, 704, 705, 706, 707, 708, 709, 710, 711, 712, 713, 714, 715, 716, 717, 718, 719, 720, 721, 722, 723, 724, 725, 726, 727, 728, 729, 730, 731, 732, 733, 734, 735, 736, 737, 738, 739, 740, 741, 742, 743, 744, 745, 746, 747, 748, 749, 750, 751, 752, 753, 754, 755, 756, 757, 758, 759, 760, 761, 762, 763, 764, 765, 766, 767, 768, 769, 770, 771, 772, 773, 774, 775, 776, 777, 778, 779, 780, 781, 782, 783, 784, 785, 786, 787, 788, 789, 790, 791, 792, 793, 803, 844, 924, 925]",True,"[192, 296, 309, 663, 755, 767]","[103, 104, 105, 106, 107, 108, 109, 110, 111, 112, 113, 114, 115, 116, 117, 118, 119, 120, 121, 122, 123, 124, 125, 126, 127, 128, 129, 130, 131, 132, 133, 134, 135, 136, 137, 138, 139, 140, 141, 142, 143, 144, 145, 146, 147, 148, 149, 150, 151, 152, 153, 154, 155, 156, 157, 158, 159, 160, 161, 162, 163, 164, 165, 166, 167, 168, 169, 170, 171, 172, 173, 174, 175, 176, 177, 178, 179, 180, 181, 182, 183, 184, 185, 186, 187, 188, 189, 190, 191, 192, 193, 194, 195, 196, 197, 198, 199, 200, 201, 202, 203, 204, 205, 206, 207, 208, 209, 210, 211, 212, 213, 214, 215, 216, 217, 218, 219, 220, 221, 222, 223, 224, 225, 226, 227, 228, 229, 230, 231, 232, 233, 234, 235, 236, 237, 238, 239, 240, 241, 242, 243, 244, 245, 246, 247, 248, 249, 250, 251, 252, 253, 254, 255, 256, 257, 258, 259, 260, 261, 262, 263, 264, 265, 266, 267, 268, 269, 270, 271, 272, 273, 274, 275, 276, 277, 278, 279, 280, 281, 282, 283, 284, 285, 286, 287, 288, 289, 290, 291, 292, 293, 294, 295, 296, 297, 298, 299, 300, 301, 302, 303, 304, 305, 306, 307, 308, 309, 310, 311, 312, 313, 314, 315, 316, 317, 318, 319, 320, 321, 322, 323, 324, 325, 326, 327, 328, 329, 330, 331, 332, 333, 334, 335, 336, 337, 574, 575, 576, 577, 578, 579, 580, 581, 582, 583, 584, 585, 586, 587, 588, 589, 590, 591, 592, 593, 594, 595, 596, 597, 598, 599, 600, 601, 602, 603, 604, 605, 606, 607, 608, 609, 610, 611, 612, 613, 614, 615, 616, 617, 618, 619, 620, 621, 622, 623, 624, 625, 626, 627, 628, 629, 630, 631, 632, 633, 634, 635, 636, 637, 638, 639, 640, 641, 642, 643, 644, 645, 646, 647, 648, 649, 650, 651, 652, 653, 654, 655, 656, 657, 658, 659, 660, 661, 662, 663, 664, 665, 666, 667, 668, 669, 670, 671, 672, 673, 674, 675, 676, 677, 678, 679, 680, 681, 682, 683, 684, 685, 686, 687, 688, 689, 690, 691, 692, 693, 694, 695, 696, 697, 698, 699, 700, 701, 702, 703, 704, 705, 706, 707, 708, 709, 710, 711, 712, 713, 714, 715, 716, 717, 718, 719, 720, 721, 722, 723, 724, 725, 726, 727, 728, 729, 730, 731, 732, 733, 734, 735, 736, 737, 738, 739, 740, 741, 742, 743, 744, 745, 746, 747, 748, 749, 750, 751, 752, 753, 754, 755, 756, 757, 758, 759, 760, 761, 762, 763, 764, 765, 766, 767, 768, 769, 770, 771, 772, 773, 774, 775, 776, 777, 778, 779, 780, 781, 782, 783, 784, 785, 786, 787, 788, 789, 790, 791, 792, 793]","[192, 296, 309, 663, 755, 767]","[192, 296, 309, 663, 755, 767]","[105, 114, 138, 141, 152, 153, 154, 155, 157, 159, 164, 165, 176, 182, 191, 192, 194, 195, 196, 200, 204, 208, 209, 210, 211, 215, 226, 228, 241, 242, 243, 245, 248, 249, 250, 257, 261, 270, 271, 282, 287, 289, 291, 294, 296, 298, 306, 308, 309, 311, 314, 327, 333, 335, 337, 576, 585, 609, 612, 623, 624, 626, 627, 629, 631, 636, 637, 647, 653, 662, 663, 665, 666, 667, 671, 674, 678, 679, 680, 681, 690, 692, 705, 706, 707, 709, 711, 712, 713, 719, 721, 729, 730, 741, 746, 748, 750, 753, 755, 757, 764, 766, 767, 769, 772, 785, 791]","[84, 87, 89, 114, 115, 117, 124, 132, 135, 144, 152, 178, 239, 268, 281, 297, 318, 320, 327, 348, 394, 555, 558, 560, 585, 586, 588, 595, 603, 606, 615, 623, 649, 703, 727, 740, 756, 776, 778, 785, 803, 844]","[98, 476, 481, 569, 924, 925]",5/6 successful match,True,"[657, 658, 659, 660, 661, 662, 663, 664]",True,293,False,,1.0,True,TravelCenters of America ( 76 ),TravelCenters
"Buttonwillow , 93206 TravelCenters of America ( 76 )",4 661-764-5266 I-5 Exit 257 ( CA 58 E ) TA,24 XL 24,Buttonwillow,93206,TravelCenters of America ( 76 ),661-764-5266,2008,Buttonwillow,CA,TravelCenters,( CA 58 E ) TA,I-5 Exit 257 ,Exit,257,False,,False,I-5,,,,,"[309, 767]","[192, 296, 309, 663, 755, 767]","[192, 296, 309, 663, 755, 767]","[192, 296, 309, 663, 755, 767]","[103, 104, 105, 106, 107, 108, 109, 110, 111, 112, 113, 114, 115, 116, 117, 118, 119, 120, 121, 122, 123, 124, 125, 126, 127, 128, 129, 130, 131, 132, 133, 134, 135, 136, 137, 138, 139, 140, 141, 142, 143, 144, 145, 146, 147, 148, 149, 150, 151, 152, 153, 154, 155, 156, 157, 158, 159, 160, 161, 162, 163, 164, 165, 166, 167, 168, 169, 170, 171, 172, 173, 174, 175, 176, 177, 178, 179, 180, 181, 182, 183, 184, 185, 186, 187, 188, 189, 190, 191, 192, 193, 194, 195, 196, 197, 198, 199, 200, 201, 202, 203, 204, 205, 206, 207, 208, 209, 210, 211, 212, 213, 214, 215, 216, 217, 218, 219, 220, 221, 222, 223, 224, 225, 226, 227, 228, 229, 230, 231, 232, 233, 234, 235, 236, 237, 238, 239, 240, 241, 242, 243, 244, 245, 246, 247, 248, 249, 250, 251, 252, 253, 254, 255, 256, 257, 258, 259, 260, 261, 262, 263, 264, 265, 266, 267, 268, 269, 270, 271, 272, 273, 274, 275, 276, 277, 278, 279, 280, 281, 282, 283, 284, 285, 286, 287, 288, 289, 290, 291, 292, 293, 294, 295, 296, 297, 298, 299, 300, 301, 302, 303, 304, 305, 306, 307, 308, 309, 310, 311, 312, 313, 314, 315, 316, 317, 318, 319, 320, 321, 322, 323, 324, 325, 326, 327, 328, 329, 330, 331, 332, 333, 334, 335, 336, 337, 574, 575, 576, 577, 578, 579, 580, 581, 582, 583, 584, 585, 586, 587, 588, 589, 590, 591, 592, 593, 594, 595, 596, 597, 598, 599, 600, 601, 602, 603, 604, 605, 606, 607, 608, 609, 610, 611, 612, 613, 614, 615, 616, 617, 618, 619, 620, 621, 622, 623, 624, 625, 626, 627, 628, 629, 630, 631, 632, 633, 634, 635, 636, 637, 638, 639, 640, 641, 642, 643, 644, 645, 646, 647, 648, 649, 650, 651, 652, 653, 654, 655, 656, 657, 658, 659, 660, 661, 662, 663, 664, 665, 666, 667, 668, 669, 670, 671, 672, 673, 674, 675, 676, 677, 678, 679, 680, 681, 682, 683, 684, 685, 686, 687, 688, 689, 690, 691, 692, 693, 694, 695, 696, 697, 698, 699, 700, 701, 702, 703, 704, 705, 706, 707, 708, 709, 710, 711, 712, 713, 714, 715, 716, 717, 718, 719, 720, 721, 722, 723, 724, 725, 726, 727, 728, 729, 730, 731, 732, 733, 734, 735, 736, 737, 738, 739, 740, 741, 742, 743, 744, 745, 746, 747, 748, 749, 750, 751, 752, 753, 754, 755, 756, 757, 758, 759, 760, 761, 762, 763, 764, 765, 766, 767, 768, 769, 770, 771, 772, 773, 774, 775, 776, 777, 778, 779, 780, 781, 782, 783, 784, 785, 786, 787, 788, 789, 790, 791, 792, 793]","[105, 114, 138, 141, 152, 153, 154, 155, 157, 159, 164, 165, 176, 182, 191, 192, 194, 195, 196, 200, 204, 208, 209, 210, 211, 215, 226, 228, 241, 242, 243, 245, 248, 249, 250, 257, 261, 270, 271, 282, 287, 289, 291, 294, 296, 298, 306, 308, 309, 311, 314, 327, 333, 335, 337, 576, 585, 609, 612, 623, 624, 626, 627, 629, 631, 636, 637, 647, 653, 662, 663, 665, 666, 667, 671, 674, 678, 679, 680, 681, 690, 692, 705, 706, 707, 709, 711, 712, 713, 719, 721, 729, 730, 741, 746, 748, 750, 753, 755, 757, 764, 766, 767, 769, 772, 785, 791]","[98, 476, 481, 569, 924, 925]","[84, 87, 89, 114, 115, 117, 124, 132, 135, 144, 152, 178, 239, 268, 281, 297, 318, 320, 327, 348, 394, 555, 558, 560, 585, 586, 588, 595, 603, 606, 615, 623, 649, 703, 727, 740, 756, 776, 778, 785, 803, 844]","[84, 87, 89, 98, 103, 104, 105, 106, 107, 108, 109, 110, 111, 112, 113, 114, 115, 116, 117, 118, 119, 120, 121, 122, 123, 124, 125, 126, 127, 128, 129, 130, 131, 132, 133, 134, 135, 136, 137, 138, 139, 140, 141, 142, 143, 144, 145, 146, 147, 148, 149, 150, 151, 152, 153, 154, 155, 156, 157, 158, 159, 160, 161, 162, 163, 164, 165, 166, 167, 168, 169, 170, 171, 172, 173, 174, 175, 176, 177, 178, 179, 180, 181, 182, 183, 184, 185, 186, 187, 188, 189, 190, 191, 192, 193, 194, 195, 196, 197, 198, 199, 200, 201, 202, 203, 204, 205, 206, 207, 208, 209, 210, 211, 212, 213, 214, 215, 216, 217, 218, 219, 220, 221, 222, 223, 224, 225, 226, 227, 228, 229, 230, 231, 232, 233, 234, 235, 236, 237, 238, 239, 240, 241, 242, 243, 244, 245, 246, 247, 248, 249, 250, 251, 252, 253, 254, 255, 256, 257, 258, 259, 260, 261, 262, 263, 264, 265, 266, 267, 268, 269, 270, 271, 272, 273, 274, 275, 276, 277, 278, 279, 280, 281, 282, 283, 284, 285, 286, 287, 288, 289, 290, 291, 292, 293, 294, 295, 296, 297, 298, 299, 300, 301, 302, 303, 304, 305, 306, 307, 308, 309, 310, 311, 312, 313, 314, 315, 316, 317, 318, 319, 320, 321, 322, 323, 324, 325, 326, 327, 328, 329, 330, 331, 332, 333, 334, 335, 336, 337, 348, 394, 476, 481, 555, 558, 560, 569, 574, 575, 576, 577, 578, 579, 580, 581, 582, 583, 584, 585, 586, 587, 588, 589, 590, 591, 592, 593, 594, 595, 596, 597, 598, 599, 600, 601, 602, 603, 604, 605, 606, 607, 608, 609, 610, 611, 612, 613, 614, 615, 616, 617, 618, 619, 620, 621, 622, 623, 624, 625, 626, 627, 628, 629, 630, 631, 632, 633, 634, 635, 636, 637, 638, 639, 640, 641, 642, 643, 644, 645, 646, 647, 648, 649, 650, 651, 652, 653, 654, 655, 656, 657, 658, 659, 660, 661, 662, 663, 664, 665, 666, 667, 668, 669, 670, 671, 672, 673, 674, 675, 676, 677, 678, 679, 680, 681, 682, 683, 684, 685, 686, 687, 688, 689, 690, 691, 692, 693, 694, 695, 696, 697, 698, 699, 700, 701, 702, 703, 704, 705, 706, 707, 708, 709, 710, 711, 712, 713, 714, 715, 716, 717, 718, 719, 720, 721, 722, 723, 724, 725, 726, 727, 728, 729, 730, 731, 732, 733, 734, 735, 736, 737, 738, 739, 740, 741, 742, 743, 744, 745, 746, 747, 748, 749, 750, 751, 752, 753, 754, 755, 756, 757, 758, 759, 760, 761, 762, 763, 764, 765, 766, 767, 768, 769, 770, 771, 772, 773, 774, 775, 776, 777, 778, 779, 780, 781, 782, 783, 784, 785, 786, 787, 788, 789, 790, 791, 792, 793, 803, 844, 924, 925]",True,"[192, 296, 309, 663, 755, 767]","[103, 104, 105, 106, 107, 108, 109, 110, 111, 112, 113, 114, 115, 116, 117, 118, 119, 120, 121, 122, 123, 124, 125, 126, 127, 128, 129, 130, 131, 132, 133, 134, 135, 136, 137, 138, 139, 140, 141, 142, 143, 144, 145, 146, 147, 148, 149, 150, 151, 152, 153, 154, 155, 156, 157, 158, 159, 160, 161, 162, 163, 164, 165, 166, 167, 168, 169, 170, 171, 172, 173, 174, 175, 176, 177, 178, 179, 180, 181, 182, 183, 184, 185, 186, 187, 188, 189, 190, 191, 192, 193, 194, 195, 196, 197, 198, 199, 200, 201, 202, 203, 204, 205, 206, 207, 208, 209, 210, 211, 212, 213, 214, 215, 216, 217, 218, 219, 220, 221, 222, 223, 224, 225, 226, 227, 228, 229, 230, 231, 232, 233, 234, 235, 236, 237, 238, 239, 240, 241, 242, 243, 244, 245, 246, 247, 248, 249, 250, 251, 252, 253, 254, 255, 256, 257, 258, 259, 260, 261, 262, 263, 264, 265, 266, 267, 268, 269, 270, 271, 272, 273, 274, 275, 276, 277, 278, 279, 280, 281, 282, 283, 284, 285, 286, 287, 288, 289, 290, 291, 292, 293, 294, 295, 296, 297, 298, 299, 300, 301, 302, 303, 304, 305, 306, 307, 308, 309, 310, 311, 312, 313, 314, 315, 316, 317, 318, 319, 320, 321, 322, 323, 324, 325, 326, 327, 328, 329, 330, 331, 332, 333, 334, 335, 336, 337, 574, 575, 576, 577, 578, 579, 580, 581, 582, 583, 584, 585, 586, 587, 588, 589, 590, 591, 592, 593, 594, 595, 596, 597, 598, 599, 600, 601, 602, 603, 604, 605, 606, 607, 608, 609, 610, 611, 612, 613, 614, 615, 616, 617, 618, 619, 620, 621, 622, 623, 624, 625, 626, 627, 628, 629, 630, 631, 632, 633, 634, 635, 636, 637, 638, 639, 640, 641, 642, 643, 644, 645, 646, 647, 648, 649, 650, 651, 652, 653, 654, 655, 656, 657, 658, 659, 660, 661, 662, 663, 664, 665, 666, 667, 668, 669, 670, 671, 672, 673, 674, 675, 676, 677, 678, 679, 680, 681, 682, 683, 684, 685, 686, 687, 688, 689, 690, 691, 692, 693, 694, 695, 696, 697, 698, 699, 700, 701, 702, 703, 704, 705, 706, 707, 708, 709, 710, 711, 712, 713, 714, 715, 716, 717, 718, 719, 720, 721, 722, 723, 724, 725, 726, 727, 728, 729, 730, 731, 732, 733, 734, 735, 736, 737, 738, 739, 740, 741, 742, 743, 744, 745, 746, 747, 748, 749, 750, 751, 752, 753, 754, 755, 756, 757, 758, 759, 760, 761, 762, 763, 764, 765, 766, 767, 768, 769, 770, 771, 772, 773, 774, 775, 776, 777, 778, 779, 780, 781, 782, 783, 784, 785, 786, 787, 788, 789, 790, 791, 792, 793]","[192, 296, 309, 663, 755, 767]","[192, 296, 309, 663, 755, 767]","[105, 114, 138, 141, 152, 153, 154, 155, 157, 159, 164, 165, 176, 182, 191, 192, 194, 195, 196, 200, 204, 208, 209, 210, 211, 215, 226, 228, 241, 242, 243, 245, 248, 249, 250, 257, 261, 270, 271, 282, 287, 289, 291, 294, 296, 298, 306, 308, 309, 311, 314, 327, 333, 335, 337, 576, 585, 609, 612, 623, 624, 626, 627, 629, 631, 636, 637, 647, 653, 662, 663, 665, 666, 667, 671, 674, 678, 679, 680, 681, 690, 692, 705, 706, 707, 709, 711, 712, 713, 719, 721, 729, 730, 741, 746, 748, 750, 753, 755, 757, 764, 766, 767, 769, 772, 785, 791]","[84, 87, 89, 114, 115, 117, 124, 132, 135, 144, 152, 178, 239, 268, 281, 297, 318, 320, 327, 348, 394, 555, 558, 560, 585, 586, 588, 595, 603, 606, 615, 623, 649, 703, 727, 740, 756, 776, 778, 785, 803, 844]","[98, 476, 481, 569, 924, 925]",5/6 successful match,True,"[657, 658, 659, 660, 661, 662, 663, 664]",True,293,False,,1.0,True,TravelCenters of America ( 76 ),TravelCenters
G Buttonwillow ( 93206 ) TA Buttonwillow # 160,4 661-764-5266 I-5 Exit 257 ( CA 58 E ),24 XL,Buttonwillow,93206,TA Buttonwillow # 160,661-764-5266,2014,Buttonwillow,CA,,( CA 58 E ),I-5 Exit 257 ,Exit,257,False,,False,I-5,,,,,"[309, 767]","[192, 296, 309, 663, 755, 767]","[192, 296, 309, 663, 755, 767]","[192, 296, 309, 663, 755, 767]","[103, 104, 105, 106, 107, 108, 109, 110, 111, 112, 113, 114, 115, 116, 117, 118, 119, 120, 121, 122, 123, 124, 125, 126, 127, 128, 129, 130, 131, 132, 133, 134, 135, 136, 137, 138, 139, 140, 141, 142, 143, 144, 145, 146, 147, 148, 149, 150, 151, 152, 153, 154, 155, 156, 157, 158, 159, 160, 161, 162, 163, 164, 165, 166, 167, 168, 169, 170, 171, 172, 173, 174, 175, 176, 177, 178, 179, 180, 181, 182, 183, 184, 185, 186, 187, 188, 189, 190, 191, 192, 193, 194, 195, 196, 197, 198, 199, 200, 201, 202, 203, 204, 205, 206, 207, 208, 209, 210, 211, 212, 213, 214, 215, 216, 217, 218, 219, 220, 221, 222, 223, 224, 225, 226, 227, 228, 229, 230, 231, 232, 233, 234, 235, 236, 237, 238, 239, 240, 241, 242, 243, 244, 245, 246, 247, 248, 249, 250, 251, 252, 253, 254, 255, 256, 257, 258, 259, 260, 261, 262, 263, 264, 265, 266, 267, 268, 269, 270, 271, 272, 273, 274, 275, 276, 277, 278, 279, 280, 281, 282, 283, 284, 285, 286, 287, 288, 289, 290, 291, 292, 293, 294, 295, 296, 297, 298, 299, 300, 301, 302, 303, 304, 305, 306, 307, 308, 309, 310, 311, 312, 313, 314, 315, 316, 317, 318, 319, 320, 321, 322, 323, 324, 325, 326, 327, 328, 329, 330, 331, 332, 333, 334, 335, 336, 337, 574, 575, 576, 577, 578, 579, 580, 581, 582, 583, 584, 585, 586, 587, 588, 589, 590, 591, 592, 593, 594, 595, 596, 597, 598, 599, 600, 601, 602, 603, 604, 605, 606, 607, 608, 609, 610, 611, 612, 613, 614, 615, 616, 617, 618, 619, 620, 621, 622, 623, 624, 625, 626, 627, 628, 629, 630, 631, 632, 633, 634, 635, 636, 637, 638, 639, 640, 641, 642, 643, 644, 645, 646, 647, 648, 649, 650, 651, 652, 653, 654, 655, 656, 657, 658, 659, 660, 661, 662, 663, 664, 665, 666, 667, 668, 669, 670, 671, 672, 673, 674, 675, 676, 677, 678, 679, 680, 681, 682, 683, 684, 685, 686, 687, 688, 689, 690, 691, 692, 693, 694, 695, 696, 697, 698, 699, 700, 701, 702, 703, 704, 705, 706, 707, 708, 709, 710, 711, 712, 713, 714, 715, 716, 717, 718, 719, 720, 721, 722, 723, 724, 725, 726, 727, 728, 729, 730, 731, 732, 733, 734, 735, 736, 737, 738, 739, 740, 741, 742, 743, 744, 745, 746, 747, 748, 749, 750, 751, 752, 753, 754, 755, 756, 757, 758, 759, 760, 761, 762, 763, 764, 765, 766, 767, 768, 769, 770, 771, 772, 773, 774, 775, 776, 777, 778, 779, 780, 781, 782, 783, 784, 785, 786, 787, 788, 789, 790, 791, 792, 793]","[105, 114, 138, 141, 152, 153, 154, 155, 157, 159, 164, 165, 176, 182, 191, 192, 194, 195, 196, 200, 204, 208, 209, 210, 211, 215, 226, 228, 241, 242, 243, 245, 248, 249, 250, 257, 261, 270, 271, 282, 287, 289, 291, 294, 296, 298, 306, 308, 309, 311, 314, 327, 333, 335, 337, 576, 585, 609, 612, 623, 624, 626, 627, 629, 631, 636, 637, 647, 653, 662, 663, 665, 666, 667, 671, 674, 678, 679, 680, 681, 690, 692, 705, 706, 707, 709, 711, 712, 713, 719, 721, 729, 730, 741, 746, 748, 750, 753, 755, 757, 764, 766, 767, 769, 772, 785, 791]",[],"[301, 309, 476, 767, 924, 925]","[103, 104, 105, 106, 107, 108, 109, 110, 111, 112, 113, 114, 115, 116, 117, 118, 119, 120, 121, 122, 123, 124, 125, 126, 127, 128, 129, 130, 131, 132, 133, 134, 135, 136, 137, 138, 139, 140, 141, 142, 143, 144, 145, 146, 147, 148, 149, 150, 151, 152, 153, 154, 155, 156, 157, 158, 159, 160, 161, 162, 163, 164, 165, 166, 167, 168, 169, 170, 171, 172, 173, 174, 175, 176, 177, 178, 179, 180, 181, 182, 183, 184, 185, 186, 187, 188, 189, 190, 191, 192, 193, 194, 195, 196, 197, 198, 199, 200, 201, 202, 203, 204, 205, 206, 207, 208, 209, 210, 211, 212, 213, 214, 215, 216, 217, 218, 219, 220, 221, 222, 223, 224, 225, 226, 227, 228, 229, 230, 231, 232, 233, 234, 235, 236, 237, 238, 239, 240, 241, 242, 243, 244, 245, 246, 247, 248, 249, 250, 251, 252, 253, 254, 255, 256, 257, 258, 259, 260, 261, 262, 263, 264, 265, 266, 267, 268, 269, 270, 271, 272, 273, 274, 275, 276, 277, 278, 279, 280, 281, 282, 283, 284, 285, 286, 287, 288, 289, 290, 291, 292, 293, 294, 295, 296, 297, 298, 299, 300, 301, 302, 303, 304, 305, 306, 307, 308, 309, 310, 311, 312, 313, 314, 315, 316, 317, 318, 319, 320, 321, 322, 323, 324, 325, 326, 327, 328, 329, 330, 331, 332, 333, 334, 335, 336, 337, 476, 574, 575, 576, 577, 578, 579, 580, 581, 582, 583, 584, 585, 586, 587, 588, 589, 590, 591, 592, 593, 594, 595, 596, 597, 598, 599, 600, 601, 602, 603, 604, 605, 606, 607, 608, 609, 610, 611, 612, 613, 614, 615, 616, 617, 618, 619, 620, 621, 622, 623, 624, 625, 626, 627, 628, 629, 630, 631, 632, 633, 634, 635, 636, 637, 638, 639, 640, 641, 642, 643, 644, 645, 646, 647, 648, 649, 650, 651, 652, 653, 654, 655, 656, 657, 658, 659, 660, 661, 662, 663, 664, 665, 666, 667, 668, 669, 670, 671, 672, 673, 674, 675, 676, 677, 678, 679, 680, 681, 682, 683, 684, 685, 686, 687, 688, 689, 690, 691, 692, 693, 694, 695, 696, 697, 698, 699, 700, 701, 702, 703, 704, 705, 706, 707, 708, 709, 710, 711, 712, 713, 714, 715, 716, 717, 718, 719, 720, 721, 722, 723, 724, 725, 726, 727, 728, 729, 730, 731, 732, 733, 734, 735, 736, 737, 738, 739, 740, 741, 742, 743, 744, 745, 746, 747, 748, 749, 750, 751, 752, 753, 754, 755, 756, 757, 758, 759, 760, 761, 762, 763, 764, 765, 766, 767, 768, 769, 770, 771, 772, 773, 774, 775, 776, 777, 778, 779, 780, 781, 782, 783, 784, 785, 786, 787, 788, 789, 790, 791, 792, 793, 924, 925]",True,"[192, 296, 309, 663, 755, 767]","[103, 104, 105, 106, 107, 108, 109, 110, 111, 112, 113, 114, 115, 116, 117, 118, 119, 120, 121, 122, 123, 124, 125, 126, 127, 128, 129, 130, 131, 132, 133, 134, 135, 136, 137, 138, 139, 140, 141, 142, 143, 144, 145, 146, 147, 148, 149, 150, 151, 152, 153, 154, 155, 156, 157, 158, 159, 160, 161, 162, 163, 164, 165, 166, 167, 168, 169, 170, 171, 172, 173, 174, 175, 176, 177, 178, 179, 180, 181, 182, 183, 184, 185, 186, 187, 188, 189, 190, 191, 192, 193, 194, 195, 196, 197, 198, 199, 200, 201, 202, 203, 204, 205, 206, 207, 208, 209, 210, 211, 212, 213, 214, 215, 216, 217, 218, 219, 220, 221, 222, 223, 224, 225, 226, 227, 228, 229, 230, 231, 232, 233, 234, 235, 236, 237, 238, 239, 240, 241, 242, 243, 244, 245, 246, 247, 248, 249, 250, 251, 252, 253, 254, 255, 256, 257, 258, 259, 260, 261, 262, 263, 264, 265, 266, 267, 268, 269, 270, 271, 272, 273, 274, 275, 276, 277, 278, 279, 280, 281, 282, 283, 284, 285, 286, 287, 288, 289, 290, 291, 292, 293, 294, 295, 296, 297, 298, 299, 300, 301, 302, 303, 304, 305, 306, 307, 308, 309, 310, 311, 312, 313, 314, 315, 316, 317, 318, 319, 320, 321, 322, 323, 324, 325, 326, 327, 328, 329, 330, 331, 332, 333, 334, 335, 336, 337, 574, 575, 576, 577, 578, 579, 580, 581, 582, 583, 584, 585, 586, 587, 588, 589, 590, 591, 592, 593, 594, 595, 596, 597, 598, 599, 600, 601, 602, 603, 604, 605, 606, 607, 608, 609, 610, 611, 612, 613, 614, 615, 616, 617, 618, 619, 620, 621, 622, 623, 624, 625, 626, 627, 628, 629, 630, 631, 632, 633, 634, 635, 636, 637, 638, 639, 640, 641, 642, 643, 644, 645, 646, 647, 648, 649, 650, 651, 652, 653, 654, 655, 656, 657, 658, 659, 660, 661, 662, 663, 664, 665, 666, 667, 668, 669, 670, 671, 672, 673, 674, 675, 676, 677, 678, 679, 680, 681, 682, 683, 684, 685, 686, 687, 688, 689, 690, 691, 692, 693, 694, 695, 696, 697, 698, 699, 700, 701, 702, 703, 704, 705, 706, 707, 708, 709, 710, 711, 712, 713, 714, 715, 716, 717, 718, 719, 720, 721, 722, 723, 724, 725, 726, 727, 728, 729, 730, 731, 732, 733, 734, 735, 736, 737, 738, 739, 740, 741, 742, 743, 744, 745, 746, 747, 748, 749, 750, 751, 752, 753, 754, 755, 756, 757, 758, 759, 760, 761, 762, 763, 764, 765, 766, 767, 768, 769, 770, 771, 772, 773, 774, 775, 776, 777, 778, 779, 780, 781, 782, 783, 784, 785, 786, 787, 788, 789, 790, 791, 792, 793]","[192, 296, 309, 663, 755, 767]","[192, 296, 309, 663, 755, 767]","[105, 114, 138, 141, 152, 153, 154, 155, 157, 159, 164, 165, 176, 182, 191, 192, 194, 195, 196, 200, 204, 208, 209, 210, 211, 215, 226, 228, 241, 242, 243, 245, 248, 249, 250, 257, 261, 270, 271, 282, 287, 289, 291, 294, 296, 298, 306, 308, 309, 311, 314, 327, 333, 335, 337, 576, 585, 609, 612, 623, 624, 626, 627, 629, 631, 636, 637, 647, 653, 662, 663, 665, 666, 667, 671, 674, 678, 679, 680, 681, 690, 692, 705, 706, 707, 709, 711, 712, 713, 719, 721, 729, 730, 741, 746, 748, 750, 753, 755, 757, 764, 766, 767, 769, 772, 785, 791]","[301, 309, 476, 767, 924, 925]",[],7/6 successful match,True,"[657, 658, 659, 660, 661, 662, 663, 664]",True,293,True,2014,0.09615384615384616,True,TravelCenters of America ( 76 ),TravelCenters
G Buttonwillow ( 93206 ) TA Buttonwillow # 160,661-764-5266 I-5 Exit 257 ( CA,A24 XL,Buttonwillow,93206,TA Buttonwillow # 160,661-764-5266,2015,Buttonwillow,CA,,( CA,I-5 Exit 257 ,Exit,257,False,,False,I-5,,,,,"[309, 767]","[192, 296, 309, 663, 755, 767]","[192, 296, 309, 663, 755, 767]","[192, 296, 309, 663, 755, 767]","[103, 104, 105, 106, 107, 108, 109, 110, 111, 112, 113, 114, 115, 116, 117, 118, 119, 120, 121, 122, 123, 124, 125, 126, 127, 128, 129, 130, 131, 132, 133, 134, 135, 136, 137, 138, 139, 140, 141, 142, 143, 144, 145, 146, 147, 148, 149, 150, 151, 152, 153, 154, 155, 156, 157, 158, 159, 160, 161, 162, 163, 164, 165, 166, 167, 168, 169, 170, 171, 172, 173, 174, 175, 176, 177, 178, 179, 180, 181, 182, 183, 184, 185, 186, 187, 188, 189, 190, 191, 192, 193, 194, 195, 196, 197, 198, 199, 200, 201, 202, 203, 204, 205, 206, 207, 208, 209, 210, 211, 212, 213, 214, 215, 216, 217, 218, 219, 220, 221, 222, 223, 224, 225, 226, 227, 228, 229, 230, 231, 232, 233, 234, 235, 236, 237, 238, 239, 240, 241, 242, 243, 244, 245, 246, 247, 248, 249, 250, 251, 252, 253, 254, 255, 256, 257, 258, 259, 260, 261, 262, 263, 264, 265, 266, 267, 268, 269, 270, 271, 272, 273, 274, 275, 276, 277, 278, 279, 280, 281, 282, 283, 284, 285, 286, 287, 288, 289, 290, 291, 292, 293, 294, 295, 296, 297, 298, 299, 300, 301, 302, 303, 304, 305, 306, 307, 308, 309, 310, 311, 312, 313, 314, 315, 316, 317, 318, 319, 320, 321, 322, 323, 324, 325, 326, 327, 328, 329, 330, 331, 332, 333, 334, 335, 336, 337, 574, 575, 576, 577, 578, 579, 580, 581, 582, 583, 584, 585, 586, 587, 588, 589, 590, 591, 592, 593, 594, 595, 596, 597, 598, 599, 600, 601, 602, 603, 604, 605, 606, 607, 608, 609, 610, 611, 612, 613, 614, 615, 616, 617, 618, 619, 620, 621, 622, 623, 624, 625, 626, 627, 628, 629, 630, 631, 632, 633, 634, 635, 636, 637, 638, 639, 640, 641, 642, 643, 644, 645, 646, 647, 648, 649, 650, 651, 652, 653, 654, 655, 656, 657, 658, 659, 660, 661, 662, 663, 664, 665, 666, 667, 668, 669, 670, 671, 672, 673, 674, 675, 676, 677, 678, 679, 680, 681, 682, 683, 684, 685, 686, 687, 688, 689, 690, 691, 692, 693, 694, 695, 696, 697, 698, 699, 700, 701, 702, 703, 704, 705, 706, 707, 708, 709, 710, 711, 712, 713, 714, 715, 716, 717, 718, 719, 720, 721, 722, 723, 724, 725, 726, 727, 728, 729, 730, 731, 732, 733, 734, 735, 736, 737, 738, 739, 740, 741, 742, 743, 744, 745, 746, 747, 748, 749, 750, 751, 752, 753, 754, 755, 756, 757, 758, 759, 760, 761, 762, 763, 764, 765, 766, 767, 768, 769, 770, 771, 772, 773, 774, 775, 776, 777, 778, 779, 780, 781, 782, 783, 784, 785, 786, 787, 788, 789, 790, 791, 792, 793]","[105, 114, 138, 141, 152, 153, 154, 155, 157, 159, 164, 165, 176, 182, 191, 192, 194, 195, 196, 200, 204, 208, 209, 210, 211, 215, 226, 228, 241, 242, 243, 245, 248, 249, 250, 257, 261, 270, 271, 282, 287, 289, 291, 294, 296, 298, 306, 308, 309, 311, 314, 327, 333, 335, 337, 576, 585, 609, 612, 623, 624, 626, 627, 629, 631, 636, 637, 647, 653, 662, 663, 665, 666, 667, 671, 674, 678, 679, 680, 681, 690, 692, 705, 706, 707, 709, 711, 712, 713, 719, 721, 729, 730, 741, 746, 748, 750, 753, 755, 757, 764, 766, 767, 769, 772, 785, 791]",[],"[301, 309, 476, 767, 924, 925]","[103, 104, 105, 106, 107, 108, 109, 110, 111, 112, 113, 114, 115, 116, 117, 118, 119, 120, 121, 122, 123, 124, 125, 126, 127, 128, 129, 130, 131, 132, 133, 134, 135, 136, 137, 138, 139, 140, 141, 142, 143, 144, 145, 146, 147, 148, 149, 150, 151, 152, 153, 154, 155, 156, 157, 158, 159, 160, 161, 162, 163, 164, 165, 166, 167, 168, 169, 170, 171, 172, 173, 174, 175, 176, 177, 178, 179, 180, 181, 182, 183, 184, 185, 186, 187, 188, 189, 190, 191, 192, 193, 194, 195, 196, 197, 198, 199, 200, 201, 202, 203, 204, 205, 206, 207, 208, 209, 210, 211, 212, 213, 214, 215, 216, 217, 218, 219, 220, 221, 222, 223, 224, 225, 226, 227, 228, 229, 230, 231, 232, 233, 234, 235, 236, 237, 238, 239, 240, 241, 242, 243, 244, 245, 246, 247, 248, 249, 250, 251, 252, 253, 254, 255, 256, 257, 258, 259, 260, 261, 262, 263, 264, 265, 266, 267, 268, 269, 270, 271, 272, 273, 274, 275, 276, 277, 278, 279, 280, 281, 282, 283, 284, 285, 286, 287, 288, 289, 290, 291, 292, 293, 294, 295, 296, 297, 298, 299, 300, 301, 302, 303, 304, 305, 306, 307, 308, 309, 310, 311, 312, 313, 314, 315, 316, 317, 318, 319, 320, 321, 322, 323, 324, 325, 326, 327, 328, 329, 330, 331, 332, 333, 334, 335, 336, 337, 476, 574, 575, 576, 577, 578, 579, 580, 581, 582, 583, 584, 585, 586, 587, 588, 589, 590, 591, 592, 593, 594, 595, 596, 597, 598, 599, 600, 601, 602, 603, 604, 605, 606, 607, 608, 609, 610, 611, 612, 613, 614, 615, 616, 617, 618, 619, 620, 621, 622, 623, 624, 625, 626, 627, 628, 629, 630, 631, 632, 633, 634, 635, 636, 637, 638, 639, 640, 641, 642, 643, 644, 645, 646, 647, 648, 649, 650, 651, 652, 653, 654, 655, 656, 657, 658, 659, 660, 661, 662, 663, 664, 665, 666, 667, 668, 669, 670, 671, 672, 673, 674, 675, 676, 677, 678, 679, 680, 681, 682, 683, 684, 685, 686, 687, 688, 689, 690, 691, 692, 693, 694, 695, 696, 697, 698, 699, 700, 701, 702, 703, 704, 705, 706, 707, 708, 709, 710, 711, 712, 713, 714, 715, 716, 717, 718, 719, 720, 721, 722, 723, 724, 725, 726, 727, 728, 729, 730, 731, 732, 733, 734, 735, 736, 737, 738, 739, 740, 741, 742, 743, 744, 745, 746, 747, 748, 749, 750, 751, 752, 753, 754, 755, 756, 757, 758, 759, 760, 761, 762, 763, 764, 765, 766, 767, 768, 769, 770, 771, 772, 773, 774, 775, 776, 777, 778, 779, 780, 781, 782, 783, 784, 785, 786, 787, 788, 789, 790, 791, 792, 793, 924, 925]",True,"[192, 296, 309, 663, 755, 767]","[103, 104, 105, 106, 107, 108, 109, 110, 111, 112, 113, 114, 115, 116, 117, 118, 119, 120, 121, 122, 123, 124, 125, 126, 127, 128, 129, 130, 131, 132, 133, 134, 135, 136, 137, 138, 139, 140, 141, 142, 143, 144, 145, 146, 147, 148, 149, 150, 151, 152, 153, 154, 155, 156, 157, 158, 159, 160, 161, 162, 163, 164, 165, 166, 167, 168, 169, 170, 171, 172, 173, 174, 175, 176, 177, 178, 179, 180, 181, 182, 183, 184, 185, 186, 187, 188, 189, 190, 191, 192, 193, 194, 195, 196, 197, 198, 199, 200, 201, 202, 203, 204, 205, 206, 207, 208, 209, 210, 211, 212, 213, 214, 215, 216, 217, 218, 219, 220, 221, 222, 223, 224, 225, 226, 227, 228, 229, 230, 231, 232, 233, 234, 235, 236, 237, 238, 239, 240, 241, 242, 243, 244, 245, 246, 247, 248, 249, 250, 251, 252, 253, 254, 255, 256, 257, 258, 259, 260, 261, 262, 263, 264, 265, 266, 267, 268, 269, 270, 271, 272, 273, 274, 275, 276, 277, 278, 279, 280, 281, 282, 283, 284, 285, 286, 287, 288, 289, 290, 291, 292, 293, 294, 295, 296, 297, 298, 299, 300, 301, 302, 303, 304, 305, 306, 307, 308, 309, 310, 311, 312, 313, 314, 315, 316, 317, 318, 319, 320, 321, 322, 323, 324, 325, 326, 327, 328, 329, 330, 331, 332, 333, 334, 335, 336, 337, 574, 575, 576, 577, 578, 579, 580, 581, 582, 583, 584, 585, 586, 587, 588, 589, 590, 591, 592, 593, 594, 595, 596, 597, 598, 599, 600, 601, 602, 603, 604, 605, 606, 607, 608, 609, 610, 611, 612, 613, 614, 615, 616, 617, 618, 619, 620, 621, 622, 623, 624, 625, 626, 627, 628, 629, 630, 631, 632, 633, 634, 635, 636, 637, 638, 639, 640, 641, 642, 643, 644, 645, 646, 647, 648, 649, 650, 651, 652, 653, 654, 655, 656, 657, 658, 659, 660, 661, 662, 663, 664, 665, 666, 667, 668, 669, 670, 671, 672, 673, 674, 675, 676, 677, 678, 679, 680, 681, 682, 683, 684, 685, 686, 687, 688, 689, 690, 691, 692, 693, 694, 695, 696, 697, 698, 699, 700, 701, 702, 703, 704, 705, 706, 707, 708, 709, 710, 711, 712, 713, 714, 715, 716, 717, 718, 719, 720, 721, 722, 723, 724, 725, 726, 727, 728, 729, 730, 731, 732, 733, 734, 735, 736, 737, 738, 739, 740, 741, 742, 743, 744, 745, 746, 747, 748, 749, 750, 751, 752, 753, 754, 755, 756, 757, 758, 759, 760, 761, 762, 763, 764, 765, 766, 767, 768, 769, 770, 771, 772, 773, 774, 775, 776, 777, 778, 779, 780, 781, 782, 783, 784, 785, 786, 787, 788, 789, 790, 791, 792, 793]","[192, 296, 309, 663, 755, 767]","[192, 296, 309, 663, 755, 767]","[105, 114, 138, 141, 152, 153, 154, 155, 157, 159, 164, 165, 176, 182, 191, 192, 194, 195, 196, 200, 204, 208, 209, 210, 211, 215, 226, 228, 241, 242, 243, 245, 248, 249, 250, 257, 261, 270, 271, 282, 287, 289, 291, 294, 296, 298, 306, 308, 309, 311, 314, 327, 333, 335, 337, 576, 585, 609, 612, 623, 624, 626, 627, 629, 631, 636, 637, 647, 653, 662, 663, 665, 666, 667, 671, 674, 678, 679, 680, 681, 690, 692, 705, 706, 707, 709, 711, 712, 713, 719, 721, 729, 730, 741, 746, 748, 750, 753, 755, 757, 764, 766, 767, 769, 772, 785, 791]","[301, 309, 476, 767, 924, 925]",[],7/6 successful match,True,"[657, 658, 659, 660, 661, 662, 663, 664]",True,293,False,,1.0,True,TA Buttonwillow # 160,
G Buttonwillow ( 93206 ) TA Buttonwillow # 160 ( Mobil ),4 661-764-5266 I-5 Exit 257 ( CA 58 E ) A,A XL,Buttonwillow,93206,TA Buttonwillow # 160 ( Mobil ),661-764-5266,2016,Buttonwillow,CA,Mobil,( CA 58 E ) A,I-5 Exit 257 ,Exit,257,False,,False,I-5,,,,,"[309, 767]","[192, 296, 309, 663, 755, 767]","[192, 296, 309, 663, 755, 767]","[192, 296, 309, 663, 755, 767]","[103, 104, 105, 106, 107, 108, 109, 110, 111, 112, 113, 114, 115, 116, 117, 118, 119, 120, 121, 122, 123, 124, 125, 126, 127, 128, 129, 130, 131, 132, 133, 134, 135, 136, 137, 138, 139, 140, 141, 142, 143, 144, 145, 146, 147, 148, 149, 150, 151, 152, 153, 154, 155, 156, 157, 158, 159, 160, 161, 162, 163, 164, 165, 166, 167, 168, 169, 170, 171, 172, 173, 174, 175, 176, 177, 178, 179, 180, 181, 182, 183, 184, 185, 186, 187, 188, 189, 190, 191, 192, 193, 194, 195, 196, 197, 198, 199, 200, 201, 202, 203, 204, 205, 206, 207, 208, 209, 210, 211, 212, 213, 214, 215, 216, 217, 218, 219, 220, 221, 222, 223, 224, 225, 226, 227, 228, 229, 230, 231, 232, 233, 234, 235, 236, 237, 238, 239, 240, 241, 242, 243, 244, 245, 246, 247, 248, 249, 250, 251, 252, 253, 254, 255, 256, 257, 258, 259, 260, 261, 262, 263, 264, 265, 266, 267, 268, 269, 270, 271, 272, 273, 274, 275, 276, 277, 278, 279, 280, 281, 282, 283, 284, 285, 286, 287, 288, 289, 290, 291, 292, 293, 294, 295, 296, 297, 298, 299, 300, 301, 302, 303, 304, 305, 306, 307, 308, 309, 310, 311, 312, 313, 314, 315, 316, 317, 318, 319, 320, 321, 322, 323, 324, 325, 326, 327, 328, 329, 330, 331, 332, 333, 334, 335, 336, 337, 574, 575, 576, 577, 578, 579, 580, 581, 582, 583, 584, 585, 586, 587, 588, 589, 590, 591, 592, 593, 594, 595, 596, 597, 598, 599, 600, 601, 602, 603, 604, 605, 606, 607, 608, 609, 610, 611, 612, 613, 614, 615, 616, 617, 618, 619, 620, 621, 622, 623, 624, 625, 626, 627, 628, 629, 630, 631, 632, 633, 634, 635, 636, 637, 638, 639, 640, 641, 642, 643, 644, 645, 646, 647, 648, 649, 650, 651, 652, 653, 654, 655, 656, 657, 658, 659, 660, 661, 662, 663, 664, 665, 666, 667, 668, 669, 670, 671, 672, 673, 674, 675, 676, 677, 678, 679, 680, 681, 682, 683, 684, 685, 686, 687, 688, 689, 690, 691, 692, 693, 694, 695, 696, 697, 698, 699, 700, 701, 702, 703, 704, 705, 706, 707, 708, 709, 710, 711, 712, 713, 714, 715, 716, 717, 718, 719, 720, 721, 722, 723, 724, 725, 726, 727, 728, 729, 730, 731, 732, 733, 734, 735, 736, 737, 738, 739, 740, 741, 742, 743, 744, 745, 746, 747, 748, 749, 750, 751, 752, 753, 754, 755, 756, 757, 758, 759, 760, 761, 762, 763, 764, 765, 766, 767, 768, 769, 770, 771, 772, 773, 774, 775, 776, 777, 778, 779, 780, 781, 782, 783, 784, 785, 786, 787, 788, 789, 790, 791, 792, 793]","[105, 114, 138, 141, 152, 153, 154, 155, 157, 159, 164, 165, 176, 182, 191, 192, 194, 195, 196, 200, 204, 208, 209, 210, 211, 215, 226, 228, 241, 242, 243, 245, 248, 249, 250, 257, 261, 270, 271, 282, 287, 289, 291, 294, 296, 298, 306, 308, 309, 311, 314, 327, 333, 335, 337, 576, 585, 609, 612, 623, 624, 626, 627, 629, 631, 636, 637, 647, 653, 662, 663, 665, 666, 667, 671, 674, 678, 679, 680, 681, 690, 692, 705, 706, 707, 709, 711, 712, 713, 719, 721, 729, 730, 741, 746, 748, 750, 753, 755, 757, 764, 766, 767, 769, 772, 785, 791]","[4, 59, 232, 269, 299, 490, 535, 696, 728, 758]","[4, 59, 232, 269, 299, 301, 309, 476, 490, 535, 696, 728, 758, 767, 924, 925]","[4, 59, 103, 104, 105, 106, 107, 108, 109, 110, 111, 112, 113, 114, 115, 116, 117, 118, 119, 120, 121, 122, 123, 124, 125, 126, 127, 128, 129, 130, 131, 132, 133, 134, 135, 136, 137, 138, 139, 140, 141, 142, 143, 144, 145, 146, 147, 148, 149, 150, 151, 152, 153, 154, 155, 156, 157, 158, 159, 160, 161, 162, 163, 164, 165, 166, 167, 168, 169, 170, 171, 172, 173, 174, 175, 176, 177, 178, 179, 180, 181, 182, 183, 184, 185, 186, 187, 188, 189, 190, 191, 192, 193, 194, 195, 196, 197, 198, 199, 200, 201, 202, 203, 204, 205, 206, 207, 208, 209, 210, 211, 212, 213, 214, 215, 216, 217, 218, 219, 220, 221, 222, 223, 224, 225, 226, 227, 228, 229, 230, 231, 232, 233, 234, 235, 236, 237, 238, 239, 240, 241, 242, 243, 244, 245, 246, 247, 248, 249, 250, 251, 252, 253, 254, 255, 256, 257, 258, 259, 260, 261, 262, 263, 264, 265, 266, 267, 268, 269, 270, 271, 272, 273, 274, 275, 276, 277, 278, 279, 280, 281, 282, 283, 284, 285, 286, 287, 288, 289, 290, 291, 292, 293, 294, 295, 296, 297, 298, 299, 300, 301, 302, 303, 304, 305, 306, 307, 308, 309, 310, 311, 312, 313, 314, 315, 316, 317, 318, 319, 320, 321, 322, 323, 324, 325, 326, 327, 328, 329, 330, 331, 332, 333, 334, 335, 336, 337, 476, 490, 535, 574, 575, 576, 577, 578, 579, 580, 581, 582, 583, 584, 585, 586, 587, 588, 589, 590, 591, 592, 593, 594, 595, 596, 597, 598, 599, 600, 601, 602, 603, 604, 605, 606, 607, 608, 609, 610, 611, 612, 613, 614, 615, 616, 617, 618, 619, 620, 621, 622, 623, 624, 625, 626, 627, 628, 629, 630, 631, 632, 633, 634, 635, 636, 637, 638, 639, 640, 641, 642, 643, 644, 645, 646, 647, 648, 649, 650, 651, 652, 653, 654, 655, 656, 657, 658, 659, 660, 661, 662, 663, 664, 665, 666, 667, 668, 669, 670, 671, 672, 673, 674, 675, 676, 677, 678, 679, 680, 681, 682, 683, 684, 685, 686, 687, 688, 689, 690, 691, 692, 693, 694, 695, 696, 697, 698, 699, 700, 701, 702, 703, 704, 705, 706, 707, 708, 709, 710, 711, 712, 713, 714, 715, 716, 717, 718, 719, 720, 721, 722, 723, 724, 725, 726, 727, 728, 729, 730, 731, 732, 733, 734, 735, 736, 737, 738, 739, 740, 741, 742, 743, 744, 745, 746, 747, 748, 749, 750, 751, 752, 753, 754, 755, 756, 757, 758, 759, 760, 761, 762, 763, 764, 765, 766, 767, 768, 769, 770, 771, 772, 773, 774, 775, 776, 777, 778, 779, 780, 781, 782, 783, 784, 785, 786, 787, 788, 789, 790, 791, 792, 793, 924, 925]",True,"[192, 296, 309, 663, 755, 767]","[103, 104, 105, 106, 107, 108, 109, 110, 111, 112, 113, 114, 115, 116, 117, 118, 119, 120, 121, 122, 123, 124, 125, 126, 127, 128, 129, 130, 131, 132, 133, 134, 135, 136, 137, 138, 139, 140, 141, 142, 143, 144, 145, 146, 147, 148, 149, 150, 151, 152, 153, 154, 155, 156, 157, 158, 159, 160, 161, 162, 163, 164, 165, 166, 167, 168, 169, 170, 171, 172, 173, 174, 175, 176, 177, 178, 179, 180, 181, 182, 183, 184, 185, 186, 187, 188, 189, 190, 191, 192, 193, 194, 195, 196, 197, 198, 199, 200, 201, 202, 203, 204, 205, 206, 207, 208, 209, 210, 211, 212, 213, 214, 215, 216, 217, 218, 219, 220, 221, 222, 223, 224, 225, 226, 227, 228, 229, 230, 231, 232, 233, 234, 235, 236, 237, 238, 239, 240, 241, 242, 243, 244, 245, 246, 247, 248, 249, 250, 251, 252, 253, 254, 255, 256, 257, 258, 259, 260, 261, 262, 263, 264, 265, 266, 267, 268, 269, 270, 271, 272, 273, 274, 275, 276, 277, 278, 279, 280, 281, 282, 283, 284, 285, 286, 287, 288, 289, 290, 291, 292, 293, 294, 295, 296, 297, 298, 299, 300, 301, 302, 303, 304, 305, 306, 307, 308, 309, 310, 311, 312, 313, 314, 315, 316, 317, 318, 319, 320, 321, 322, 323, 324, 325, 326, 327, 328, 329, 330, 331, 332, 333, 334, 335, 336, 337, 574, 575, 576, 577, 578, 579, 580, 581, 582, 583, 584, 585, 586, 587, 588, 589, 590, 591, 592, 593, 594, 595, 596, 597, 598, 599, 600, 601, 602, 603, 604, 605, 606, 607, 608, 609, 610, 611, 612, 613, 614, 615, 616, 617, 618, 619, 620, 621, 622, 623, 624, 625, 626, 627, 628, 629, 630, 631, 632, 633, 634, 635, 636, 637, 638, 639, 640, 641, 642, 643, 644, 645, 646, 647, 648, 649, 650, 651, 652, 653, 654, 655, 656, 657, 658, 659, 660, 661, 662, 663, 664, 665, 666, 667, 668, 669, 670, 671, 672, 673, 674, 675, 676, 677, 678, 679, 680, 681, 682, 683, 684, 685, 686, 687, 688, 689, 690, 691, 692, 693, 694, 695, 696, 697, 698, 699, 700, 701, 702, 703, 704, 705, 706, 707, 708, 709, 710, 711, 712, 713, 714, 715, 716, 717, 718, 719, 720, 721, 722, 723, 724, 725, 726, 727, 728, 729, 730, 731, 732, 733, 734, 735, 736, 737, 738, 739, 740, 741, 742, 743, 744, 745, 746, 747, 748, 749, 750, 751, 752, 753, 754, 755, 756, 757, 758, 759, 760, 761, 762, 763, 764, 765, 766, 767, 768, 769, 770, 771, 772, 773, 774, 775, 776, 777, 778, 779, 780, 781, 782, 783, 784, 785, 786, 787, 788, 789, 790, 791, 792, 793]","[192, 296, 309, 663, 755, 767]","[192, 296, 309, 663, 755, 767]","[105, 114, 138, 141, 152, 153, 154, 155, 157, 159, 164, 165, 176, 182, 191, 192, 194, 195, 196, 200, 204, 208, 209, 210, 211, 215, 226, 228, 241, 242, 243, 245, 248, 249, 250, 257, 261, 270, 271, 282, 287, 289, 291, 294, 296, 298, 306, 308, 309, 311, 314, 327, 333, 335, 337, 576, 585, 609, 612, 623, 624, 626, 627, 629, 631, 636, 637, 647, 653, 662, 663, 665, 666, 667, 671, 674, 678, 679, 680, 681, 690, 692, 705, 706, 707, 709, 711, 712, 713, 719, 721, 729, 730, 741, 746, 748, 750, 753, 755, 757, 764, 766, 767, 769, 772, 785, 791]","[4, 59, 232, 269, 299, 301, 309, 476, 490, 535, 696, 728, 758, 767, 924, 925]","[4, 59, 232, 269, 299, 490, 535, 696, 728, 758]",6/6 successful match,True,"[657, 658, 659, 660, 661, 662, 663, 664]",True,293,False,,1.0,True,TA Buttonwillow # 160,
"Delano , 93215 Akal Travel Plaza ( Shell )",661-725-5525 CA 99 Exit 61 NB / 60 SB,M,Delano,93215,Akal Travel Plaza ( Shell ),661-725-5525,2006,Delano,CA,Shell,,CA 99 Exit 61 NB / 60 SB,Exit,61,False,,False,CA 99,,60,,,"[589, 118]","[118, 589]","[118, 589]","[116, 118, 161, 169, 170, 174, 303, 587, 589, 633, 640, 641, 645, 761, 792]","[103, 104, 105, 106, 107, 108, 109, 110, 111, 112, 113, 114, 115, 116, 117, 118, 119, 120, 121, 122, 123, 124, 125, 126, 127, 128, 129, 130, 131, 132, 133, 134, 135, 136, 137, 138, 139, 140, 141, 142, 143, 144, 145, 146, 147, 148, 149, 150, 151, 152, 153, 154, 155, 156, 157, 158, 159, 160, 161, 162, 163, 164, 165, 166, 167, 168, 169, 170, 171, 172, 173, 174, 175, 176, 177, 178, 179, 180, 181, 182, 183, 184, 185, 186, 187, 188, 189, 190, 191, 192, 193, 194, 195, 196, 197, 198, 199, 200, 201, 202, 203, 204, 205, 206, 207, 208, 209, 210, 211, 212, 213, 214, 215, 216, 217, 218, 219, 220, 221, 222, 223, 224, 225, 226, 227, 228, 229, 230, 231, 232, 233, 234, 235, 236, 237, 238, 239, 240, 241, 242, 243, 244, 245, 246, 247, 248, 249, 250, 251, 252, 253, 254, 255, 256, 257, 258, 259, 260, 261, 262, 263, 264, 265, 266, 267, 268, 269, 270, 271, 272, 273, 274, 275, 276, 277, 278, 279, 280, 281, 282, 283, 284, 285, 286, 287, 288, 289, 290, 291, 292, 293, 294, 295, 296, 297, 298, 299, 300, 301, 302, 303, 304, 305, 306, 307, 308, 309, 310, 311, 312, 313, 314, 315, 316, 317, 318, 319, 320, 321, 322, 323, 324, 325, 326, 327, 328, 329, 330, 331, 332, 333, 334, 335, 336, 337, 574, 575, 576, 577, 578, 579, 580, 581, 582, 583, 584, 585, 586, 587, 588, 589, 590, 591, 592, 593, 594, 595, 596, 597, 598, 599, 600, 601, 602, 603, 604, 605, 606, 607, 608, 609, 610, 611, 612, 613, 614, 615, 616, 617, 618, 619, 620, 621, 622, 623, 624, 625, 626, 627, 628, 629, 630, 631, 632, 633, 634, 635, 636, 637, 638, 639, 640, 641, 642, 643, 644, 645, 646, 647, 648, 649, 650, 651, 652, 653, 654, 655, 656, 657, 658, 659, 660, 661, 662, 663, 664, 665, 666, 667, 668, 669, 670, 671, 672, 673, 674, 675, 676, 677, 678, 679, 680, 681, 682, 683, 684, 685, 686, 687, 688, 689, 690, 691, 692, 693, 694, 695, 696, 697, 698, 699, 700, 701, 702, 703, 704, 705, 706, 707, 708, 709, 710, 711, 712, 713, 714, 715, 716, 717, 718, 719, 720, 721, 722, 723, 724, 725, 726, 727, 728, 729, 730, 731, 732, 733, 734, 735, 736, 737, 738, 739, 740, 741, 742, 743, 744, 745, 746, 747, 748, 749, 750, 751, 752, 753, 754, 755, 756, 757, 758, 759, 760, 761, 762, 763, 764, 765, 766, 767, 768, 769, 770, 771, 772, 773, 774, 775, 776, 777, 778, 779, 780, 781, 782, 783, 784, 785, 786, 787, 788, 789, 790, 791, 792, 793]","[10, 75, 103, 104, 106, 117, 118, 120, 127, 128, 129, 131, 133, 135, 136, 137, 139, 146, 147, 148, 149, 151, 158, 160, 162, 166, 173, 178, 179, 185, 190, 192, 198, 201, 203, 204, 206, 207, 212, 213, 214, 219, 223, 224, 225, 227, 230, 235, 237, 246, 247, 256, 259, 262, 263, 266, 268, 269, 271, 272, 278, 279, 284, 285, 288, 290, 292, 304, 306, 312, 316, 319, 320, 323, 324, 329, 332, 335, 495, 549, 574, 575, 577, 588, 589, 591, 598, 599, 600, 602, 604, 606, 607, 608, 610, 617, 618, 619, 620, 622, 625, 630, 632, 634, 638, 644, 649, 650, 656, 661, 663, 669, 673, 674, 676, 677, 682, 683, 684, 687, 688, 689, 691, 694, 699, 701, 710, 718, 722, 723, 727, 728, 730, 731, 737, 738, 743, 744, 747, 749, 751, 762, 764, 770, 774, 777, 778, 781, 782, 789, 791]","[1, 13, 14, 29, 54, 55, 56, 57, 58, 60, 102, 118, 125, 127, 130, 134, 146, 149, 153, 175, 182, 187, 189, 191, 197, 225, 230, 238, 264, 265, 266, 286, 302, 317, 336, 379, 388, 389, 425, 454, 458, 463, 475, 487, 498, 499, 512, 530, 531, 532, 533, 534, 536, 573, 589, 596, 598, 601, 605, 617, 620, 624, 646, 653, 658, 660, 662, 668, 689, 694, 702, 724, 725, 745, 760, 775, 793, 829, 838, 839, 877, 901, 903, 905, 910, 923]","[1, 13, 14, 29, 54, 55, 56, 57, 58, 60, 102, 118, 125, 127, 130, 134, 146, 149, 153, 175, 182, 187, 189, 191, 197, 225, 230, 238, 264, 265, 266, 286, 302, 317, 336, 354, 379, 388, 389, 425, 454, 458, 463, 475, 487, 498, 499, 512, 530, 531, 532, 533, 534, 536, 573, 589, 596, 598, 601, 605, 617, 620, 624, 646, 653, 658, 660, 662, 668, 689, 694, 702, 724, 725, 745, 760, 775, 793, 809, 829, 838, 839, 877, 901, 903, 905, 910, 923]","[1, 10, 13, 14, 29, 54, 55, 56, 57, 58, 60, 75, 102, 103, 104, 105, 106, 107, 108, 109, 110, 111, 112, 113, 114, 115, 116, 117, 118, 119, 120, 121, 122, 123, 124, 125, 126, 127, 128, 129, 130, 131, 132, 133, 134, 135, 136, 137, 138, 139, 140, 141, 142, 143, 144, 145, 146, 147, 148, 149, 150, 151, 152, 153, 154, 155, 156, 157, 158, 159, 160, 161, 162, 163, 164, 165, 166, 167, 168, 169, 170, 171, 172, 173, 174, 175, 176, 177, 178, 179, 180, 181, 182, 183, 184, 185, 186, 187, 188, 189, 190, 191, 192, 193, 194, 195, 196, 197, 198, 199, 200, 201, 202, 203, 204, 205, 206, 207, 208, 209, 210, 211, 212, 213, 214, 215, 216, 217, 218, 219, 220, 221, 222, 223, 224, 225, 226, 227, 228, 229, 230, 231, 232, 233, 234, 235, 236, 237, 238, 239, 240, 241, 242, 243, 244, 245, 246, 247, 248, 249, 250, 251, 252, 253, 254, 255, 256, 257, 258, 259, 260, 261, 262, 263, 264, 265, 266, 267, 268, 269, 270, 271, 272, 273, 274, 275, 276, 277, 278, 279, 280, 281, 282, 283, 284, 285, 286, 287, 288, 289, 290, 291, 292, 293, 294, 295, 296, 297, 298, 299, 300, 301, 302, 303, 304, 305, 306, 307, 308, 309, 310, 311, 312, 313, 314, 315, 316, 317, 318, 319, 320, 321, 322, 323, 324, 325, 326, 327, 328, 329, 330, 331, 332, 333, 334, 335, 336, 337, 354, 379, 388, 389, 425, 454, 458, 463, 475, 487, 495, 498, 499, 512, 530, 531, 532, 533, 534, 536, 549, 573, 574, 575, 576, 577, 578, 579, 580, 581, 582, 583, 584, 585, 586, 587, 588, 589, 590, 591, 592, 593, 594, 595, 596, 597, 598, 599, 600, 601, 602, 603, 604, 605, 606, 607, 608, 609, 610, 611, 612, 613, 614, 615, 616, 617, 618, 619, 620, 621, 622, 623, 624, 625, 626, 627, 628, 629, 630, 631, 632, 633, 634, 635, 636, 637, 638, 639, 640, 641, 642, 643, 644, 645, 646, 647, 648, 649, 650, 651, 652, 653, 654, 655, 656, 657, 658, 659, 660, 661, 662, 663, 664, 665, 666, 667, 668, 669, 670, 671, 672, 673, 674, 675, 676, 677, 678, 679, 680, 681, 682, 683, 684, 685, 686, 687, 688, 689, 690, 691, 692, 693, 694, 695, 696, 697, 698, 699, 700, 701, 702, 703, 704, 705, 706, 707, 708, 709, 710, 711, 712, 713, 714, 715, 716, 717, 718, 719, 720, 721, 722, 723, 724, 725, 726, 727, 728, 729, 730, 731, 732, 733, 734, 735, 736, 737, 738, 739, 740, 741, 742, 743, 744, 745, 746, 747, 748, 749, 750, 751, 752, 753, 754, 755, 756, 757, 758, 759, 760, 761, 762, 763, 764, 765, 766, 767, 768, 769, 770, 771, 772, 773, 774, 775, 776, 777, 778, 779, 780, 781, 782, 783, 784, 785, 786, 787, 788, 789, 790, 791, 792, 793, 809, 829, 838, 839, 877, 901, 903, 905, 910, 923]",True,"[118, 589]","[103, 104, 105, 106, 107, 108, 109, 110, 111, 112, 113, 114, 115, 116, 117, 118, 119, 120, 121, 122, 123, 124, 125, 126, 127, 128, 129, 130, 131, 132, 133, 134, 135, 136, 137, 138, 139, 140, 141, 142, 143, 144, 145, 146, 147, 148, 149, 150, 151, 152, 153, 154, 155, 156, 157, 158, 159, 160, 161, 162, 163, 164, 165, 166, 167, 168, 169, 170, 171, 172, 173, 174, 175, 176, 177, 178, 179, 180, 181, 182, 183, 184, 185, 186, 187, 188, 189, 190, 191, 192, 193, 194, 195, 196, 197, 198, 199, 200, 201, 202, 203, 204, 205, 206, 207, 208, 209, 210, 211, 212, 213, 214, 215, 216, 217, 218, 219, 220, 221, 222, 223, 224, 225, 226, 227, 228, 229, 230, 231, 232, 233, 234, 235, 236, 237, 238, 239, 240, 241, 242, 243, 244, 245, 246, 247, 248, 249, 250, 251, 252, 253, 254, 255, 256, 257, 258, 259, 260, 261, 262, 263, 264, 265, 266, 267, 268, 269, 270, 271, 272, 273, 274, 275, 276, 277, 278, 279, 280, 281, 282, 283, 284, 285, 286, 287, 288, 289, 290, 291, 292, 293, 294, 295, 296, 297, 298, 299, 300, 301, 302, 303, 304, 305, 306, 307, 308, 309, 310, 311, 312, 313, 314, 315, 316, 317, 318, 319, 320, 321, 322, 323, 324, 325, 326, 327, 328, 329, 330, 331, 332, 333, 334, 335, 336, 337, 574, 575, 576, 577, 578, 579, 580, 581, 582, 583, 584, 585, 586, 587, 588, 589, 590, 591, 592, 593, 594, 595, 596, 597, 598, 599, 600, 601, 602, 603, 604, 605, 606, 607, 608, 609, 610, 611, 612, 613, 614, 615, 616, 617, 618, 619, 620, 621, 622, 623, 624, 625, 626, 627, 628, 629, 630, 631, 632, 633, 634, 635, 636, 637, 638, 639, 640, 641, 642, 643, 644, 645, 646, 647, 648, 649, 650, 651, 652, 653, 654, 655, 656, 657, 658, 659, 660, 661, 662, 663, 664, 665, 666, 667, 668, 669, 670, 671, 672, 673, 674, 675, 676, 677, 678, 679, 680, 681, 682, 683, 684, 685, 686, 687, 688, 689, 690, 691, 692, 693, 694, 695, 696, 697, 698, 699, 700, 701, 702, 703, 704, 705, 706, 707, 708, 709, 710, 711, 712, 713, 714, 715, 716, 717, 718, 719, 720, 721, 722, 723, 724, 725, 726, 727, 728, 729, 730, 731, 732, 733, 734, 735, 736, 737, 738, 739, 740, 741, 742, 743, 744, 745, 746, 747, 748, 749, 750, 751, 752, 753, 754, 755, 756, 757, 758, 759, 760, 761, 762, 763, 764, 765, 766, 767, 768, 769, 770, 771, 772, 773, 774, 775, 776, 777, 778, 779, 780, 781, 782, 783, 784, 785, 786, 787, 788, 789, 790, 791, 792, 793]","[118, 589]","[116, 118, 161, 169, 170, 174, 303, 587, 589, 633, 640, 641, 645, 761, 792]","[10, 75, 103, 104, 106, 117, 118, 120, 127, 128, 129, 131, 133, 135, 136, 137, 139, 146, 147, 148, 149, 151, 158, 160, 162, 166, 173, 178, 179, 185, 190, 192, 198, 201, 203, 204, 206, 207, 212, 213, 214, 219, 223, 224, 225, 227, 230, 235, 237, 246, 247, 256, 259, 262, 263, 266, 268, 269, 271, 272, 278, 279, 284, 285, 288, 290, 292, 304, 306, 312, 316, 319, 320, 323, 324, 329, 332, 335, 495, 549, 574, 575, 577, 588, 589, 591, 598, 599, 600, 602, 604, 606, 607, 608, 610, 617, 618, 619, 620, 622, 625, 630, 632, 634, 638, 644, 649, 650, 656, 661, 663, 669, 673, 674, 676, 677, 682, 683, 684, 687, 688, 689, 691, 694, 699, 701, 710, 718, 722, 723, 727, 728, 730, 731, 737, 738, 743, 744, 747, 749, 751, 762, 764, 770, 774, 777, 778, 781, 782, 789, 791]","[1, 13, 14, 29, 54, 55, 56, 57, 58, 60, 102, 118, 125, 127, 130, 134, 146, 149, 153, 175, 182, 187, 189, 191, 197, 225, 230, 238, 264, 265, 266, 286, 302, 317, 336, 354, 379, 388, 389, 425, 454, 458, 463, 475, 487, 498, 499, 512, 530, 531, 532, 533, 534, 536, 573, 589, 596, 598, 601, 605, 617, 620, 624, 646, 653, 658, 660, 662, 668, 689, 694, 702, 724, 725, 745, 760, 775, 793, 809, 829, 838, 839, 877, 901, 903, 905, 910, 923]","[1, 13, 14, 29, 54, 55, 56, 57, 58, 60, 102, 118, 125, 127, 130, 134, 146, 149, 153, 175, 182, 187, 189, 191, 197, 225, 230, 238, 264, 265, 266, 286, 302, 317, 336, 379, 388, 389, 425, 454, 458, 463, 475, 487, 498, 499, 512, 530, 531, 532, 533, 534, 536, 573, 589, 596, 598, 601, 605, 617, 620, 624, 646, 653, 658, 660, 662, 668, 689, 694, 702, 724, 725, 745, 760, 775, 793, 829, 838, 839, 877, 901, 903, 905, 910, 923]",7/6 successful match,True,"[202, 203, 204]",True,294,False,,,,,
"Delano , 93215 Akal Travel Plaza ( Shell )",661-725-5525 CA 99 Exit 60 SB ( Ave 16 ) / 61 NB ( Ave 24 ),24 M,Delano,93215,Akal Travel Plaza ( Shell ),661-725-5525,2007,Delano,CA,Shell,( Ave 16 ) / 61 NB ( Ave 24 ),CA 99 Exit 60 SB ,Exit,60,False,,False,CA 99,,,,,"[589, 118]","[118, 589]","[118, 589]",[],"[103, 104, 105, 106, 107, 108, 109, 110, 111, 112, 113, 114, 115, 116, 117, 118, 119, 120, 121, 122, 123, 124, 125, 126, 127, 128, 129, 130, 131, 132, 133, 134, 135, 136, 137, 138, 139, 140, 141, 142, 143, 144, 145, 146, 147, 148, 149, 150, 151, 152, 153, 154, 155, 156, 157, 158, 159, 160, 161, 162, 163, 164, 165, 166, 167, 168, 169, 170, 171, 172, 173, 174, 175, 176, 177, 178, 179, 180, 181, 182, 183, 184, 185, 186, 187, 188, 189, 190, 191, 192, 193, 194, 195, 196, 197, 198, 199, 200, 201, 202, 203, 204, 205, 206, 207, 208, 209, 210, 211, 212, 213, 214, 215, 216, 217, 218, 219, 220, 221, 222, 223, 224, 225, 226, 227, 228, 229, 230, 231, 232, 233, 234, 235, 236, 237, 238, 239, 240, 241, 242, 243, 244, 245, 246, 247, 248, 249, 250, 251, 252, 253, 254, 255, 256, 257, 258, 259, 260, 261, 262, 263, 264, 265, 266, 267, 268, 269, 270, 271, 272, 273, 274, 275, 276, 277, 278, 279, 280, 281, 282, 283, 284, 285, 286, 287, 288, 289, 290, 291, 292, 293, 294, 295, 296, 297, 298, 299, 300, 301, 302, 303, 304, 305, 306, 307, 308, 309, 310, 311, 312, 313, 314, 315, 316, 317, 318, 319, 320, 321, 322, 323, 324, 325, 326, 327, 328, 329, 330, 331, 332, 333, 334, 335, 336, 337, 574, 575, 576, 577, 578, 579, 580, 581, 582, 583, 584, 585, 586, 587, 588, 589, 590, 591, 592, 593, 594, 595, 596, 597, 598, 599, 600, 601, 602, 603, 604, 605, 606, 607, 608, 609, 610, 611, 612, 613, 614, 615, 616, 617, 618, 619, 620, 621, 622, 623, 624, 625, 626, 627, 628, 629, 630, 631, 632, 633, 634, 635, 636, 637, 638, 639, 640, 641, 642, 643, 644, 645, 646, 647, 648, 649, 650, 651, 652, 653, 654, 655, 656, 657, 658, 659, 660, 661, 662, 663, 664, 665, 666, 667, 668, 669, 670, 671, 672, 673, 674, 675, 676, 677, 678, 679, 680, 681, 682, 683, 684, 685, 686, 687, 688, 689, 690, 691, 692, 693, 694, 695, 696, 697, 698, 699, 700, 701, 702, 703, 704, 705, 706, 707, 708, 709, 710, 711, 712, 713, 714, 715, 716, 717, 718, 719, 720, 721, 722, 723, 724, 725, 726, 727, 728, 729, 730, 731, 732, 733, 734, 735, 736, 737, 738, 739, 740, 741, 742, 743, 744, 745, 746, 747, 748, 749, 750, 751, 752, 753, 754, 755, 756, 757, 758, 759, 760, 761, 762, 763, 764, 765, 766, 767, 768, 769, 770, 771, 772, 773, 774, 775, 776, 777, 778, 779, 780, 781, 782, 783, 784, 785, 786, 787, 788, 789, 790, 791, 792, 793]","[10, 75, 103, 104, 106, 117, 118, 120, 127, 128, 129, 131, 133, 135, 136, 137, 139, 146, 147, 148, 149, 151, 158, 160, 162, 166, 173, 178, 179, 185, 190, 192, 198, 201, 203, 204, 206, 207, 212, 213, 214, 219, 223, 224, 225, 227, 230, 235, 237, 246, 247, 256, 259, 262, 263, 266, 268, 269, 271, 272, 278, 279, 284, 285, 288, 290, 292, 304, 306, 312, 316, 319, 320, 323, 324, 329, 332, 335, 495, 549, 574, 575, 577, 588, 589, 591, 598, 599, 600, 602, 604, 606, 607, 608, 610, 617, 618, 619, 620, 622, 625, 630, 632, 634, 638, 644, 649, 650, 656, 661, 663, 669, 673, 674, 676, 677, 682, 683, 684, 687, 688, 689, 691, 694, 699, 701, 710, 718, 722, 723, 727, 728, 730, 731, 737, 738, 743, 744, 747, 749, 751, 762, 764, 770, 774, 777, 778, 781, 782, 789, 791]","[1, 13, 14, 29, 54, 55, 56, 57, 58, 60, 102, 118, 125, 127, 130, 134, 146, 149, 153, 175, 182, 187, 189, 191, 197, 225, 230, 238, 264, 265, 266, 286, 302, 317, 336, 379, 388, 389, 425, 454, 458, 463, 475, 487, 498, 499, 512, 530, 531, 532, 533, 534, 536, 573, 589, 596, 598, 601, 605, 617, 620, 624, 646, 653, 658, 660, 662, 668, 689, 694, 702, 724, 725, 745, 760, 775, 793, 829, 838, 839, 877, 901, 903, 905, 910, 923]","[1, 13, 14, 29, 54, 55, 56, 57, 58, 60, 102, 118, 125, 127, 130, 134, 146, 149, 153, 175, 182, 187, 189, 191, 197, 225, 230, 238, 264, 265, 266, 286, 302, 317, 336, 354, 379, 388, 389, 425, 454, 458, 463, 475, 487, 498, 499, 512, 530, 531, 532, 533, 534, 536, 573, 589, 596, 598, 601, 605, 617, 620, 624, 646, 653, 658, 660, 662, 668, 689, 694, 702, 724, 725, 745, 760, 775, 793, 809, 829, 838, 839, 877, 901, 903, 905, 910, 923]","[1, 10, 13, 14, 29, 54, 55, 56, 57, 58, 60, 75, 102, 103, 104, 105, 106, 107, 108, 109, 110, 111, 112, 113, 114, 115, 116, 117, 118, 119, 120, 121, 122, 123, 124, 125, 126, 127, 128, 129, 130, 131, 132, 133, 134, 135, 136, 137, 138, 139, 140, 141, 142, 143, 144, 145, 146, 147, 148, 149, 150, 151, 152, 153, 154, 155, 156, 157, 158, 159, 160, 161, 162, 163, 164, 165, 166, 167, 168, 169, 170, 171, 172, 173, 174, 175, 176, 177, 178, 179, 180, 181, 182, 183, 184, 185, 186, 187, 188, 189, 190, 191, 192, 193, 194, 195, 196, 197, 198, 199, 200, 201, 202, 203, 204, 205, 206, 207, 208, 209, 210, 211, 212, 213, 214, 215, 216, 217, 218, 219, 220, 221, 222, 223, 224, 225, 226, 227, 228, 229, 230, 231, 232, 233, 234, 235, 236, 237, 238, 239, 240, 241, 242, 243, 244, 245, 246, 247, 248, 249, 250, 251, 252, 253, 254, 255, 256, 257, 258, 259, 260, 261, 262, 263, 264, 265, 266, 267, 268, 269, 270, 271, 272, 273, 274, 275, 276, 277, 278, 279, 280, 281, 282, 283, 284, 285, 286, 287, 288, 289, 290, 291, 292, 293, 294, 295, 296, 297, 298, 299, 300, 301, 302, 303, 304, 305, 306, 307, 308, 309, 310, 311, 312, 313, 314, 315, 316, 317, 318, 319, 320, 321, 322, 323, 324, 325, 326, 327, 328, 329, 330, 331, 332, 333, 334, 335, 336, 337, 354, 379, 388, 389, 425, 454, 458, 463, 475, 487, 495, 498, 499, 512, 530, 531, 532, 533, 534, 536, 549, 573, 574, 575, 576, 577, 578, 579, 580, 581, 582, 583, 584, 585, 586, 587, 588, 589, 590, 591, 592, 593, 594, 595, 596, 597, 598, 599, 600, 601, 602, 603, 604, 605, 606, 607, 608, 609, 610, 611, 612, 613, 614, 615, 616, 617, 618, 619, 620, 621, 622, 623, 624, 625, 626, 627, 628, 629, 630, 631, 632, 633, 634, 635, 636, 637, 638, 639, 640, 641, 642, 643, 644, 645, 646, 647, 648, 649, 650, 651, 652, 653, 654, 655, 656, 657, 658, 659, 660, 661, 662, 663, 664, 665, 666, 667, 668, 669, 670, 671, 672, 673, 674, 675, 676, 677, 678, 679, 680, 681, 682, 683, 684, 685, 686, 687, 688, 689, 690, 691, 692, 693, 694, 695, 696, 697, 698, 699, 700, 701, 702, 703, 704, 705, 706, 707, 708, 709, 710, 711, 712, 713, 714, 715, 716, 717, 718, 719, 720, 721, 722, 723, 724, 725, 726, 727, 728, 729, 730, 731, 732, 733, 734, 735, 736, 737, 738, 739, 740, 741, 742, 743, 744, 745, 746, 747, 748, 749, 750, 751, 752, 753, 754, 755, 756, 757, 758, 759, 760, 761, 762, 763, 764, 765, 766, 767, 768, 769, 770, 771, 772, 773, 774, 775, 776, 777, 778, 779, 780, 781, 782, 783, 784, 785, 786, 787, 788, 789, 790, 791, 792, 793, 809, 829, 838, 839, 877, 901, 903, 905, 910, 923]",True,"[118, 589]","[103, 104, 105, 106, 107, 108, 109, 110, 111, 112, 113, 114, 115, 116, 117, 118, 119, 120, 121, 122, 123, 124, 125, 126, 127, 128, 129, 130, 131, 132, 133, 134, 135, 136, 137, 138, 139, 140, 141, 142, 143, 144, 145, 146, 147, 148, 149, 150, 151, 152, 153, 154, 155, 156, 157, 158, 159, 160, 161, 162, 163, 164, 165, 166, 167, 168, 169, 170, 171, 172, 173, 174, 175, 176, 177, 178, 179, 180, 181, 182, 183, 184, 185, 186, 187, 188, 189, 190, 191, 192, 193, 194, 195, 196, 197, 198, 199, 200, 201, 202, 203, 204, 205, 206, 207, 208, 209, 210, 211, 212, 213, 214, 215, 216, 217, 218, 219, 220, 221, 222, 223, 224, 225, 226, 227, 228, 229, 230, 231, 232, 233, 234, 235, 236, 237, 238, 239, 240, 241, 242, 243, 244, 245, 246, 247, 248, 249, 250, 251, 252, 253, 254, 255, 256, 257, 258, 259, 260, 261, 262, 263, 264, 265, 266, 267, 268, 269, 270, 271, 272, 273, 274, 275, 276, 277, 278, 279, 280, 281, 282, 283, 284, 285, 286, 287, 288, 289, 290, 291, 292, 293, 294, 295, 296, 297, 298, 299, 300, 301, 302, 303, 304, 305, 306, 307, 308, 309, 310, 311, 312, 313, 314, 315, 316, 317, 318, 319, 320, 321, 322, 323, 324, 325, 326, 327, 328, 329, 330, 331, 332, 333, 334, 335, 336, 337, 574, 575, 576, 577, 578, 579, 580, 581, 582, 583, 584, 585, 586, 587, 588, 589, 590, 591, 592, 593, 594, 595, 596, 597, 598, 599, 600, 601, 602, 603, 604, 605, 606, 607, 608, 609, 610, 611, 612, 613, 614, 615, 616, 617, 618, 619, 620, 621, 622, 623, 624, 625, 626, 627, 628, 629, 630, 631, 632, 633, 634, 635, 636, 637, 638, 639, 640, 641, 642, 643, 644, 645, 646, 647, 648, 649, 650, 651, 652, 653, 654, 655, 656, 657, 658, 659, 660, 661, 662, 663, 664, 665, 666, 667, 668, 669, 670, 671, 672, 673, 674, 675, 676, 677, 678, 679, 680, 681, 682, 683, 684, 685, 686, 687, 688, 689, 690, 691, 692, 693, 694, 695, 696, 697, 698, 699, 700, 701, 702, 703, 704, 705, 706, 707, 708, 709, 710, 711, 712, 713, 714, 715, 716, 717, 718, 719, 720, 721, 722, 723, 724, 725, 726, 727, 728, 729, 730, 731, 732, 733, 734, 735, 736, 737, 738, 739, 740, 741, 742, 743, 744, 745, 746, 747, 748, 749, 750, 751, 752, 753, 754, 755, 756, 757, 758, 759, 760, 761, 762, 763, 764, 765, 766, 767, 768, 769, 770, 771, 772, 773, 774, 775, 776, 777, 778, 779, 780, 781, 782, 783, 784, 785, 786, 787, 788, 789, 790, 791, 792, 793]","[118, 589]",[],"[10, 75, 103, 104, 106, 117, 118, 120, 127, 128, 129, 131, 133, 135, 136, 137, 139, 146, 147, 148, 149, 151, 158, 160, 162, 166, 173, 178, 179, 185, 190, 192, 198, 201, 203, 204, 206, 207, 212, 213, 214, 219, 223, 224, 225, 227, 230, 235, 237, 246, 247, 256, 259, 262, 263, 266, 268, 269, 271, 272, 278, 279, 284, 285, 288, 290, 292, 304, 306, 312, 316, 319, 320, 323, 324, 329, 332, 335, 495, 549, 574, 575, 577, 588, 589, 591, 598, 599, 600, 602, 604, 606, 607, 608, 610, 617, 618, 619, 620, 622, 625, 630, 632, 634, 638, 644, 649, 650, 656, 661, 663, 669, 673, 674, 676, 677, 682, 683, 684, 687, 688, 689, 691, 694, 699, 701, 710, 718, 722, 723, 727, 728, 730, 731, 737, 738, 743, 744, 747, 749, 751, 762, 764, 770, 774, 777, 778, 781, 782, 789, 791]","[1, 13, 14, 29, 54, 55, 56, 57, 58, 60, 102, 118, 125, 127, 130, 134, 146, 149, 153, 175, 182, 187, 189, 191, 197, 225, 230, 238, 264, 265, 266, 286, 302, 317, 336, 354, 379, 388, 389, 425, 454, 458, 463, 475, 487, 498, 499, 512, 530, 531, 532, 533, 534, 536, 573, 589, 596, 598, 601, 605, 617, 620, 624, 646, 653, 658, 660, 662, 668, 689, 694, 702, 724, 725, 745, 760, 775, 793, 809, 829, 838, 839, 877, 901, 903, 905, 910, 923]","[1, 13, 14, 29, 54, 55, 56, 57, 58, 60, 102, 118, 125, 127, 130, 134, 146, 149, 153, 175, 182, 187, 189, 191, 197, 225, 230, 238, 264, 265, 266, 286, 302, 317, 336, 379, 388, 389, 425, 454, 458, 463, 475, 487, 498, 499, 512, 530, 531, 532, 533, 534, 536, 573, 589, 596, 598, 601, 605, 617, 620, 624, 646, 653, 658, 660, 662, 668, 689, 694, 702, 724, 725, 745, 760, 775, 793, 829, 838, 839, 877, 901, 903, 905, 910, 923]",7/6 successful match,True,"[202, 203, 204]",True,294,False,,1.0,True,Akal Travel Plaza ( Shell ),Shell
"Delano , 93215 Akal Travel Plaza ( Shell )",4 661-725-5525 CA 99 - Exit 60 SB ( Ave 16 ) / 61 NB ( Ave 24 ),) HRS 24 M <U+2610> O,Delano,93215,Akal Travel Plaza ( Shell ),661-725-5525,2008,Delano,CA,Shell,( Ave 16 ) / 61 NB ( Ave 24 ),CA 99 - Exit 60 SB ,Exit,60,False,,False,CA 99,,,,,"[589, 118]","[118, 589]","[118, 589]",[],"[103, 104, 105, 106, 107, 108, 109, 110, 111, 112, 113, 114, 115, 116, 117, 118, 119, 120, 121, 122, 123, 124, 125, 126, 127, 128, 129, 130, 131, 132, 133, 134, 135, 136, 137, 138, 139, 140, 141, 142, 143, 144, 145, 146, 147, 148, 149, 150, 151, 152, 153, 154, 155, 156, 157, 158, 159, 160, 161, 162, 163, 164, 165, 166, 167, 168, 169, 170, 171, 172, 173, 174, 175, 176, 177, 178, 179, 180, 181, 182, 183, 184, 185, 186, 187, 188, 189, 190, 191, 192, 193, 194, 195, 196, 197, 198, 199, 200, 201, 202, 203, 204, 205, 206, 207, 208, 209, 210, 211, 212, 213, 214, 215, 216, 217, 218, 219, 220, 221, 222, 223, 224, 225, 226, 227, 228, 229, 230, 231, 232, 233, 234, 235, 236, 237, 238, 239, 240, 241, 242, 243, 244, 245, 246, 247, 248, 249, 250, 251, 252, 253, 254, 255, 256, 257, 258, 259, 260, 261, 262, 263, 264, 265, 266, 267, 268, 269, 270, 271, 272, 273, 274, 275, 276, 277, 278, 279, 280, 281, 282, 283, 284, 285, 286, 287, 288, 289, 290, 291, 292, 293, 294, 295, 296, 297, 298, 299, 300, 301, 302, 303, 304, 305, 306, 307, 308, 309, 310, 311, 312, 313, 314, 315, 316, 317, 318, 319, 320, 321, 322, 323, 324, 325, 326, 327, 328, 329, 330, 331, 332, 333, 334, 335, 336, 337, 574, 575, 576, 577, 578, 579, 580, 581, 582, 583, 584, 585, 586, 587, 588, 589, 590, 591, 592, 593, 594, 595, 596, 597, 598, 599, 600, 601, 602, 603, 604, 605, 606, 607, 608, 609, 610, 611, 612, 613, 614, 615, 616, 617, 618, 619, 620, 621, 622, 623, 624, 625, 626, 627, 628, 629, 630, 631, 632, 633, 634, 635, 636, 637, 638, 639, 640, 641, 642, 643, 644, 645, 646, 647, 648, 649, 650, 651, 652, 653, 654, 655, 656, 657, 658, 659, 660, 661, 662, 663, 664, 665, 666, 667, 668, 669, 670, 671, 672, 673, 674, 675, 676, 677, 678, 679, 680, 681, 682, 683, 684, 685, 686, 687, 688, 689, 690, 691, 692, 693, 694, 695, 696, 697, 698, 699, 700, 701, 702, 703, 704, 705, 706, 707, 708, 709, 710, 711, 712, 713, 714, 715, 716, 717, 718, 719, 720, 721, 722, 723, 724, 725, 726, 727, 728, 729, 730, 731, 732, 733, 734, 735, 736, 737, 738, 739, 740, 741, 742, 743, 744, 745, 746, 747, 748, 749, 750, 751, 752, 753, 754, 755, 756, 757, 758, 759, 760, 761, 762, 763, 764, 765, 766, 767, 768, 769, 770, 771, 772, 773, 774, 775, 776, 777, 778, 779, 780, 781, 782, 783, 784, 785, 786, 787, 788, 789, 790, 791, 792, 793]","[10, 75, 103, 104, 106, 117, 118, 120, 127, 128, 129, 131, 133, 135, 136, 137, 139, 146, 147, 148, 149, 151, 158, 160, 162, 166, 173, 178, 179, 185, 190, 192, 198, 201, 203, 204, 206, 207, 212, 213, 214, 219, 223, 224, 225, 227, 230, 235, 237, 246, 247, 256, 259, 262, 263, 266, 268, 269, 271, 272, 278, 279, 284, 285, 288, 290, 292, 304, 306, 312, 316, 319, 320, 323, 324, 329, 332, 335, 495, 549, 574, 575, 577, 588, 589, 591, 598, 599, 600, 602, 604, 606, 607, 608, 610, 617, 618, 619, 620, 622, 625, 630, 632, 634, 638, 644, 649, 650, 656, 661, 663, 669, 673, 674, 676, 677, 682, 683, 684, 687, 688, 689, 691, 694, 699, 701, 710, 718, 722, 723, 727, 728, 730, 731, 737, 738, 743, 744, 747, 749, 751, 762, 764, 770, 774, 777, 778, 781, 782, 789, 791]","[1, 13, 14, 29, 54, 55, 56, 57, 58, 60, 102, 118, 125, 127, 130, 134, 146, 149, 153, 175, 182, 187, 189, 191, 197, 225, 230, 238, 264, 265, 266, 286, 302, 317, 336, 379, 388, 389, 425, 454, 458, 463, 475, 487, 498, 499, 512, 530, 531, 532, 533, 534, 536, 573, 589, 596, 598, 601, 605, 617, 620, 624, 646, 653, 658, 660, 662, 668, 689, 694, 702, 724, 725, 745, 760, 775, 793, 829, 838, 839, 877, 901, 903, 905, 910, 923]","[1, 13, 14, 29, 54, 55, 56, 57, 58, 60, 102, 118, 125, 127, 130, 134, 146, 149, 153, 175, 182, 187, 189, 191, 197, 225, 230, 238, 264, 265, 266, 286, 302, 317, 336, 354, 379, 388, 389, 425, 454, 458, 463, 475, 487, 498, 499, 512, 530, 531, 532, 533, 534, 536, 573, 589, 596, 598, 601, 605, 617, 620, 624, 646, 653, 658, 660, 662, 668, 689, 694, 702, 724, 725, 745, 760, 775, 793, 809, 829, 838, 839, 877, 901, 903, 905, 910, 923]","[1, 10, 13, 14, 29, 54, 55, 56, 57, 58, 60, 75, 102, 103, 104, 105, 106, 107, 108, 109, 110, 111, 112, 113, 114, 115, 116, 117, 118, 119, 120, 121, 122, 123, 124, 125, 126, 127, 128, 129, 130, 131, 132, 133, 134, 135, 136, 137, 138, 139, 140, 141, 142, 143, 144, 145, 146, 147, 148, 149, 150, 151, 152, 153, 154, 155, 156, 157, 158, 159, 160, 161, 162, 163, 164, 165, 166, 167, 168, 169, 170, 171, 172, 173, 174, 175, 176, 177, 178, 179, 180, 181, 182, 183, 184, 185, 186, 187, 188, 189, 190, 191, 192, 193, 194, 195, 196, 197, 198, 199, 200, 201, 202, 203, 204, 205, 206, 207, 208, 209, 210, 211, 212, 213, 214, 215, 216, 217, 218, 219, 220, 221, 222, 223, 224, 225, 226, 227, 228, 229, 230, 231, 232, 233, 234, 235, 236, 237, 238, 239, 240, 241, 242, 243, 244, 245, 246, 247, 248, 249, 250, 251, 252, 253, 254, 255, 256, 257, 258, 259, 260, 261, 262, 263, 264, 265, 266, 267, 268, 269, 270, 271, 272, 273, 274, 275, 276, 277, 278, 279, 280, 281, 282, 283, 284, 285, 286, 287, 288, 289, 290, 291, 292, 293, 294, 295, 296, 297, 298, 299, 300, 301, 302, 303, 304, 305, 306, 307, 308, 309, 310, 311, 312, 313, 314, 315, 316, 317, 318, 319, 320, 321, 322, 323, 324, 325, 326, 327, 328, 329, 330, 331, 332, 333, 334, 335, 336, 337, 354, 379, 388, 389, 425, 454, 458, 463, 475, 487, 495, 498, 499, 512, 530, 531, 532, 533, 534, 536, 549, 573, 574, 575, 576, 577, 578, 579, 580, 581, 582, 583, 584, 585, 586, 587, 588, 589, 590, 591, 592, 593, 594, 595, 596, 597, 598, 599, 600, 601, 602, 603, 604, 605, 606, 607, 608, 609, 610, 611, 612, 613, 614, 615, 616, 617, 618, 619, 620, 621, 622, 623, 624, 625, 626, 627, 628, 629, 630, 631, 632, 633, 634, 635, 636, 637, 638, 639, 640, 641, 642, 643, 644, 645, 646, 647, 648, 649, 650, 651, 652, 653, 654, 655, 656, 657, 658, 659, 660, 661, 662, 663, 664, 665, 666, 667, 668, 669, 670, 671, 672, 673, 674, 675, 676, 677, 678, 679, 680, 681, 682, 683, 684, 685, 686, 687, 688, 689, 690, 691, 692, 693, 694, 695, 696, 697, 698, 699, 700, 701, 702, 703, 704, 705, 706, 707, 708, 709, 710, 711, 712, 713, 714, 715, 716, 717, 718, 719, 720, 721, 722, 723, 724, 725, 726, 727, 728, 729, 730, 731, 732, 733, 734, 735, 736, 737, 738, 739, 740, 741, 742, 743, 744, 745, 746, 747, 748, 749, 750, 751, 752, 753, 754, 755, 756, 757, 758, 759, 760, 761, 762, 763, 764, 765, 766, 767, 768, 769, 770, 771, 772, 773, 774, 775, 776, 777, 778, 779, 780, 781, 782, 783, 784, 785, 786, 787, 788, 789, 790, 791, 792, 793, 809, 829, 838, 839, 877, 901, 903, 905, 910, 923]",True,"[118, 589]","[103, 104, 105, 106, 107, 108, 109, 110, 111, 112, 113, 114, 115, 116, 117, 118, 119, 120, 121, 122, 123, 124, 125, 126, 127, 128, 129, 130, 131, 132, 133, 134, 135, 136, 137, 138, 139, 140, 141, 142, 143, 144, 145, 146, 147, 148, 149, 150, 151, 152, 153, 154, 155, 156, 157, 158, 159, 160, 161, 162, 163, 164, 165, 166, 167, 168, 169, 170, 171, 172, 173, 174, 175, 176, 177, 178, 179, 180, 181, 182, 183, 184, 185, 186, 187, 188, 189, 190, 191, 192, 193, 194, 195, 196, 197, 198, 199, 200, 201, 202, 203, 204, 205, 206, 207, 208, 209, 210, 211, 212, 213, 214, 215, 216, 217, 218, 219, 220, 221, 222, 223, 224, 225, 226, 227, 228, 229, 230, 231, 232, 233, 234, 235, 236, 237, 238, 239, 240, 241, 242, 243, 244, 245, 246, 247, 248, 249, 250, 251, 252, 253, 254, 255, 256, 257, 258, 259, 260, 261, 262, 263, 264, 265, 266, 267, 268, 269, 270, 271, 272, 273, 274, 275, 276, 277, 278, 279, 280, 281, 282, 283, 284, 285, 286, 287, 288, 289, 290, 291, 292, 293, 294, 295, 296, 297, 298, 299, 300, 301, 302, 303, 304, 305, 306, 307, 308, 309, 310, 311, 312, 313, 314, 315, 316, 317, 318, 319, 320, 321, 322, 323, 324, 325, 326, 327, 328, 329, 330, 331, 332, 333, 334, 335, 336, 337, 574, 575, 576, 577, 578, 579, 580, 581, 582, 583, 584, 585, 586, 587, 588, 589, 590, 591, 592, 593, 594, 595, 596, 597, 598, 599, 600, 601, 602, 603, 604, 605, 606, 607, 608, 609, 610, 611, 612, 613, 614, 615, 616, 617, 618, 619, 620, 621, 622, 623, 624, 625, 626, 627, 628, 629, 630, 631, 632, 633, 634, 635, 636, 637, 638, 639, 640, 641, 642, 643, 644, 645, 646, 647, 648, 649, 650, 651, 652, 653, 654, 655, 656, 657, 658, 659, 660, 661, 662, 663, 664, 665, 666, 667, 668, 669, 670, 671, 672, 673, 674, 675, 676, 677, 678, 679, 680, 681, 682, 683, 684, 685, 686, 687, 688, 689, 690, 691, 692, 693, 694, 695, 696, 697, 698, 699, 700, 701, 702, 703, 704, 705, 706, 707, 708, 709, 710, 711, 712, 713, 714, 715, 716, 717, 718, 719, 720, 721, 722, 723, 724, 725, 726, 727, 728, 729, 730, 731, 732, 733, 734, 735, 736, 737, 738, 739, 740, 741, 742, 743, 744, 745, 746, 747, 748, 749, 750, 751, 752, 753, 754, 755, 756, 757, 758, 759, 760, 761, 762, 763, 764, 765, 766, 767, 768, 769, 770, 771, 772, 773, 774, 775, 776, 777, 778, 779, 780, 781, 782, 783, 784, 785, 786, 787, 788, 789, 790, 791, 792, 793]","[118, 589]",[],"[10, 75, 103, 104, 106, 117, 118, 120, 127, 128, 129, 131, 133, 135, 136, 137, 139, 146, 147, 148, 149, 151, 158, 160, 162, 166, 173, 178, 179, 185, 190, 192, 198, 201, 203, 204, 206, 207, 212, 213, 214, 219, 223, 224, 225, 227, 230, 235, 237, 246, 247, 256, 259, 262, 263, 266, 268, 269, 271, 272, 278, 279, 284, 285, 288, 290, 292, 304, 306, 312, 316, 319, 320, 323, 324, 329, 332, 335, 495, 549, 574, 575, 577, 588, 589, 591, 598, 599, 600, 602, 604, 606, 607, 608, 610, 617, 618, 619, 620, 622, 625, 630, 632, 634, 638, 644, 649, 650, 656, 661, 663, 669, 673, 674, 676, 677, 682, 683, 684, 687, 688, 689, 691, 694, 699, 701, 710, 718, 722, 723, 727, 728, 730, 731, 737, 738, 743, 744, 747, 749, 751, 762, 764, 770, 774, 777, 778, 781, 782, 789, 791]","[1, 13, 14, 29, 54, 55, 56, 57, 58, 60, 102, 118, 125, 127, 130, 134, 146, 149, 153, 175, 182, 187, 189, 191, 197, 225, 230, 238, 264, 265, 266, 286, 302, 317, 336, 354, 379, 388, 389, 425, 454, 458, 463, 475, 487, 498, 499, 512, 530, 531, 532, 533, 534, 536, 573, 589, 596, 598, 601, 605, 617, 620, 624, 646, 653, 658, 660, 662, 668, 689, 694, 702, 724, 725, 745, 760, 775, 793, 809, 829, 838, 839, 877, 901, 903, 905, 910, 923]","[1, 13, 14, 29, 54, 55, 56, 57, 58, 60, 102, 118, 125, 127, 130, 134, 146, 149, 153, 175, 182, 187, 189, 191, 197, 225, 230, 238, 264, 265, 266, 286, 302, 317, 336, 379, 388, 389, 425, 454, 458, 463, 475, 487, 498, 499, 512, 530, 531, 532, 533, 534, 536, 573, 589, 596, 598, 601, 605, 617, 620, 624, 646, 653, 658, 660, 662, 668, 689, 694, 702, 724, 725, 745, 760, 775, 793, 829, 838, 839, 877, 901, 903, 905, 910, 923]",7/6 successful match,True,"[202, 203, 204]",True,294,False,,1.0,True,Akal Travel Plaza ( Shell ),Shell
G Delano ( 93215 ) Akal Travel Plaza ( Shell ),"4,661-725-5525 CA 99 Exit 61 NB ( Ave 24 ) / 60 SB ( Ave",Ave 16 ) 24 M,Delano,93215,Akal Travel Plaza ( Shell ),661-725-5525,2014,Delano,CA,Shell,( Ave 24 ) / 60 SB ( Ave,CA 99 Exit 61 NB ,Exit,61,False,,False,CA 99,,,,,"[589, 118]","[118, 589]","[118, 589]","[116, 118, 161, 169, 170, 174, 303, 587, 589, 633, 640, 641, 645, 761, 792]","[103, 104, 105, 106, 107, 108, 109, 110, 111, 112, 113, 114, 115, 116, 117, 118, 119, 120, 121, 122, 123, 124, 125, 126, 127, 128, 129, 130, 131, 132, 133, 134, 135, 136, 137, 138, 139, 140, 141, 142, 143, 144, 145, 146, 147, 148, 149, 150, 151, 152, 153, 154, 155, 156, 157, 158, 159, 160, 161, 162, 163, 164, 165, 166, 167, 168, 169, 170, 171, 172, 173, 174, 175, 176, 177, 178, 179, 180, 181, 182, 183, 184, 185, 186, 187, 188, 189, 190, 191, 192, 193, 194, 195, 196, 197, 198, 199, 200, 201, 202, 203, 204, 205, 206, 207, 208, 209, 210, 211, 212, 213, 214, 215, 216, 217, 218, 219, 220, 221, 222, 223, 224, 225, 226, 227, 228, 229, 230, 231, 232, 233, 234, 235, 236, 237, 238, 239, 240, 241, 242, 243, 244, 245, 246, 247, 248, 249, 250, 251, 252, 253, 254, 255, 256, 257, 258, 259, 260, 261, 262, 263, 264, 265, 266, 267, 268, 269, 270, 271, 272, 273, 274, 275, 276, 277, 278, 279, 280, 281, 282, 283, 284, 285, 286, 287, 288, 289, 290, 291, 292, 293, 294, 295, 296, 297, 298, 299, 300, 301, 302, 303, 304, 305, 306, 307, 308, 309, 310, 311, 312, 313, 314, 315, 316, 317, 318, 319, 320, 321, 322, 323, 324, 325, 326, 327, 328, 329, 330, 331, 332, 333, 334, 335, 336, 337, 574, 575, 576, 577, 578, 579, 580, 581, 582, 583, 584, 585, 586, 587, 588, 589, 590, 591, 592, 593, 594, 595, 596, 597, 598, 599, 600, 601, 602, 603, 604, 605, 606, 607, 608, 609, 610, 611, 612, 613, 614, 615, 616, 617, 618, 619, 620, 621, 622, 623, 624, 625, 626, 627, 628, 629, 630, 631, 632, 633, 634, 635, 636, 637, 638, 639, 640, 641, 642, 643, 644, 645, 646, 647, 648, 649, 650, 651, 652, 653, 654, 655, 656, 657, 658, 659, 660, 661, 662, 663, 664, 665, 666, 667, 668, 669, 670, 671, 672, 673, 674, 675, 676, 677, 678, 679, 680, 681, 682, 683, 684, 685, 686, 687, 688, 689, 690, 691, 692, 693, 694, 695, 696, 697, 698, 699, 700, 701, 702, 703, 704, 705, 706, 707, 708, 709, 710, 711, 712, 713, 714, 715, 716, 717, 718, 719, 720, 721, 722, 723, 724, 725, 726, 727, 728, 729, 730, 731, 732, 733, 734, 735, 736, 737, 738, 739, 740, 741, 742, 743, 744, 745, 746, 747, 748, 749, 750, 751, 752, 753, 754, 755, 756, 757, 758, 759, 760, 761, 762, 763, 764, 765, 766, 767, 768, 769, 770, 771, 772, 773, 774, 775, 776, 777, 778, 779, 780, 781, 782, 783, 784, 785, 786, 787, 788, 789, 790, 791, 792, 793]","[10, 75, 103, 104, 106, 117, 118, 120, 127, 128, 129, 131, 133, 135, 136, 137, 139, 146, 147, 148, 149, 151, 158, 160, 162, 166, 173, 178, 179, 185, 190, 192, 198, 201, 203, 204, 206, 207, 212, 213, 214, 219, 223, 224, 225, 227, 230, 235, 237, 246, 247, 256, 259, 262, 263, 266, 268, 269, 271, 272, 278, 279, 284, 285, 288, 290, 292, 304, 306, 312, 316, 319, 320, 323, 324, 329, 332, 335, 495, 549, 574, 575, 577, 588, 589, 591, 598, 599, 600, 602, 604, 606, 607, 608, 610, 617, 618, 619, 620, 622, 625, 630, 632, 634, 638, 644, 649, 650, 656, 661, 663, 669, 673, 674, 676, 677, 682, 683, 684, 687, 688, 689, 691, 694, 699, 701, 710, 718, 722, 723, 727, 728, 730, 731, 737, 738, 743, 744, 747, 749, 751, 762, 764, 770, 774, 777, 778, 781, 782, 789, 791]","[1, 13, 14, 29, 54, 55, 56, 57, 58, 60, 102, 118, 125, 127, 130, 134, 146, 149, 153, 175, 182, 187, 189, 191, 197, 225, 230, 238, 264, 265, 266, 286, 302, 317, 336, 379, 388, 389, 425, 454, 458, 463, 475, 487, 498, 499, 512, 530, 531, 532, 533, 534, 536, 573, 589, 596, 598, 601, 605, 617, 620, 624, 646, 653, 658, 660, 662, 668, 689, 694, 702, 724, 725, 745, 760, 775, 793, 829, 838, 839, 877, 901, 903, 905, 910, 923]","[1, 13, 14, 29, 54, 55, 56, 57, 58, 60, 102, 118, 125, 127, 130, 134, 146, 149, 153, 175, 182, 187, 189, 191, 197, 225, 230, 238, 264, 265, 266, 286, 302, 317, 336, 354, 379, 388, 389, 425, 454, 458, 463, 475, 487, 498, 499, 512, 530, 531, 532, 533, 534, 536, 573, 589, 596, 598, 601, 605, 617, 620, 624, 646, 653, 658, 660, 662, 668, 689, 694, 702, 724, 725, 745, 760, 775, 793, 809, 829, 838, 839, 877, 901, 903, 905, 910, 923]","[1, 10, 13, 14, 29, 54, 55, 56, 57, 58, 60, 75, 102, 103, 104, 105, 106, 107, 108, 109, 110, 111, 112, 113, 114, 115, 116, 117, 118, 119, 120, 121, 122, 123, 124, 125, 126, 127, 128, 129, 130, 131, 132, 133, 134, 135, 136, 137, 138, 139, 140, 141, 142, 143, 144, 145, 146, 147, 148, 149, 150, 151, 152, 153, 154, 155, 156, 157, 158, 159, 160, 161, 162, 163, 164, 165, 166, 167, 168, 169, 170, 171, 172, 173, 174, 175, 176, 177, 178, 179, 180, 181, 182, 183, 184, 185, 186, 187, 188, 189, 190, 191, 192, 193, 194, 195, 196, 197, 198, 199, 200, 201, 202, 203, 204, 205, 206, 207, 208, 209, 210, 211, 212, 213, 214, 215, 216, 217, 218, 219, 220, 221, 222, 223, 224, 225, 226, 227, 228, 229, 230, 231, 232, 233, 234, 235, 236, 237, 238, 239, 240, 241, 242, 243, 244, 245, 246, 247, 248, 249, 250, 251, 252, 253, 254, 255, 256, 257, 258, 259, 260, 261, 262, 263, 264, 265, 266, 267, 268, 269, 270, 271, 272, 273, 274, 275, 276, 277, 278, 279, 280, 281, 282, 283, 284, 285, 286, 287, 288, 289, 290, 291, 292, 293, 294, 295, 296, 297, 298, 299, 300, 301, 302, 303, 304, 305, 306, 307, 308, 309, 310, 311, 312, 313, 314, 315, 316, 317, 318, 319, 320, 321, 322, 323, 324, 325, 326, 327, 328, 329, 330, 331, 332, 333, 334, 335, 336, 337, 354, 379, 388, 389, 425, 454, 458, 463, 475, 487, 495, 498, 499, 512, 530, 531, 532, 533, 534, 536, 549, 573, 574, 575, 576, 577, 578, 579, 580, 581, 582, 583, 584, 585, 586, 587, 588, 589, 590, 591, 592, 593, 594, 595, 596, 597, 598, 599, 600, 601, 602, 603, 604, 605, 606, 607, 608, 609, 610, 611, 612, 613, 614, 615, 616, 617, 618, 619, 620, 621, 622, 623, 624, 625, 626, 627, 628, 629, 630, 631, 632, 633, 634, 635, 636, 637, 638, 639, 640, 641, 642, 643, 644, 645, 646, 647, 648, 649, 650, 651, 652, 653, 654, 655, 656, 657, 658, 659, 660, 661, 662, 663, 664, 665, 666, 667, 668, 669, 670, 671, 672, 673, 674, 675, 676, 677, 678, 679, 680, 681, 682, 683, 684, 685, 686, 687, 688, 689, 690, 691, 692, 693, 694, 695, 696, 697, 698, 699, 700, 701, 702, 703, 704, 705, 706, 707, 708, 709, 710, 711, 712, 713, 714, 715, 716, 717, 718, 719, 720, 721, 722, 723, 724, 725, 726, 727, 728, 729, 730, 731, 732, 733, 734, 735, 736, 737, 738, 739, 740, 741, 742, 743, 744, 745, 746, 747, 748, 749, 750, 751, 752, 753, 754, 755, 756, 757, 758, 759, 760, 761, 762, 763, 764, 765, 766, 767, 768, 769, 770, 771, 772, 773, 774, 775, 776, 777, 778, 779, 780, 781, 782, 783, 784, 785, 786, 787, 788, 789, 790, 791, 792, 793, 809, 829, 838, 839, 877, 901, 903, 905, 910, 923]",True,"[118, 589]","[103, 104, 105, 106, 107, 108, 109, 110, 111, 112, 113, 114, 115, 116, 117, 118, 119, 120, 121, 122, 123, 124, 125, 126, 127, 128, 129, 130, 131, 132, 133, 134, 135, 136, 137, 138, 139, 140, 141, 142, 143, 144, 145, 146, 147, 148, 149, 150, 151, 152, 153, 154, 155, 156, 157, 158, 159, 160, 161, 162, 163, 164, 165, 166, 167, 168, 169, 170, 171, 172, 173, 174, 175, 176, 177, 178, 179, 180, 181, 182, 183, 184, 185, 186, 187, 188, 189, 190, 191, 192, 193, 194, 195, 196, 197, 198, 199, 200, 201, 202, 203, 204, 205, 206, 207, 208, 209, 210, 211, 212, 213, 214, 215, 216, 217, 218, 219, 220, 221, 222, 223, 224, 225, 226, 227, 228, 229, 230, 231, 232, 233, 234, 235, 236, 237, 238, 239, 240, 241, 242, 243, 244, 245, 246, 247, 248, 249, 250, 251, 252, 253, 254, 255, 256, 257, 258, 259, 260, 261, 262, 263, 264, 265, 266, 267, 268, 269, 270, 271, 272, 273, 274, 275, 276, 277, 278, 279, 280, 281, 282, 283, 284, 285, 286, 287, 288, 289, 290, 291, 292, 293, 294, 295, 296, 297, 298, 299, 300, 301, 302, 303, 304, 305, 306, 307, 308, 309, 310, 311, 312, 313, 314, 315, 316, 317, 318, 319, 320, 321, 322, 323, 324, 325, 326, 327, 328, 329, 330, 331, 332, 333, 334, 335, 336, 337, 574, 575, 576, 577, 578, 579, 580, 581, 582, 583, 584, 585, 586, 587, 588, 589, 590, 591, 592, 593, 594, 595, 596, 597, 598, 599, 600, 601, 602, 603, 604, 605, 606, 607, 608, 609, 610, 611, 612, 613, 614, 615, 616, 617, 618, 619, 620, 621, 622, 623, 624, 625, 626, 627, 628, 629, 630, 631, 632, 633, 634, 635, 636, 637, 638, 639, 640, 641, 642, 643, 644, 645, 646, 647, 648, 649, 650, 651, 652, 653, 654, 655, 656, 657, 658, 659, 660, 661, 662, 663, 664, 665, 666, 667, 668, 669, 670, 671, 672, 673, 674, 675, 676, 677, 678, 679, 680, 681, 682, 683, 684, 685, 686, 687, 688, 689, 690, 691, 692, 693, 694, 695, 696, 697, 698, 699, 700, 701, 702, 703, 704, 705, 706, 707, 708, 709, 710, 711, 712, 713, 714, 715, 716, 717, 718, 719, 720, 721, 722, 723, 724, 725, 726, 727, 728, 729, 730, 731, 732, 733, 734, 735, 736, 737, 738, 739, 740, 741, 742, 743, 744, 745, 746, 747, 748, 749, 750, 751, 752, 753, 754, 755, 756, 757, 758, 759, 760, 761, 762, 763, 764, 765, 766, 767, 768, 769, 770, 771, 772, 773, 774, 775, 776, 777, 778, 779, 780, 781, 782, 783, 784, 785, 786, 787, 788, 789, 790, 791, 792, 793]","[118, 589]","[116, 118, 161, 169, 170, 174, 303, 587, 589, 633, 640, 641, 645, 761, 792]","[10, 75, 103, 104, 106, 117, 118, 120, 127, 128, 129, 131, 133, 135, 136, 137, 139, 146, 147, 148, 149, 151, 158, 160, 162, 166, 173, 178, 179, 185, 190, 192, 198, 201, 203, 204, 206, 207, 212, 213, 214, 219, 223, 224, 225, 227, 230, 235, 237, 246, 247, 256, 259, 262, 263, 266, 268, 269, 271, 272, 278, 279, 284, 285, 288, 290, 292, 304, 306, 312, 316, 319, 320, 323, 324, 329, 332, 335, 495, 549, 574, 575, 577, 588, 589, 591, 598, 599, 600, 602, 604, 606, 607, 608, 610, 617, 618, 619, 620, 622, 625, 630, 632, 634, 638, 644, 649, 650, 656, 661, 663, 669, 673, 674, 676, 677, 682, 683, 684, 687, 688, 689, 691, 694, 699, 701, 710, 718, 722, 723, 727, 728, 730, 731, 737, 738, 743, 744, 747, 749, 751, 762, 764, 770, 774, 777, 778, 781, 782, 789, 791]","[1, 13, 14, 29, 54, 55, 56, 57, 58, 60, 102, 118, 125, 127, 130, 134, 146, 149, 153, 175, 182, 187, 189, 191, 197, 225, 230, 238, 264, 265, 266, 286, 302, 317, 336, 354, 379, 388, 389, 425, 454, 458, 463, 475, 487, 498, 499, 512, 530, 531, 532, 533, 534, 536, 573, 589, 596, 598, 601, 605, 617, 620, 624, 646, 653, 658, 660, 662, 668, 689, 694, 702, 724, 725, 745, 760, 775, 793, 809, 829, 838, 839, 877, 901, 903, 905, 910, 923]","[1, 13, 14, 29, 54, 55, 56, 57, 58, 60, 102, 118, 125, 127, 130, 134, 146, 149, 153, 175, 182, 187, 189, 191, 197, 225, 230, 238, 264, 265, 266, 286, 302, 317, 336, 379, 388, 389, 425, 454, 458, 463, 475, 487, 498, 499, 512, 530, 531, 532, 533, 534, 536, 573, 589, 596, 598, 601, 605, 617, 620, 624, 646, 653, 658, 660, 662, 668, 689, 694, 702, 724, 725, 745, 760, 775, 793, 829, 838, 839, 877, 901, 903, 905, 910, 923]",7/6 successful match,True,"[202, 203, 204]",True,294,False,,1.0,True,Akal Travel Plaza ( Shell ),Shell
G Delano ( 93215 ) Akal Travel Plaza ( Shell ),4 661-725-5525 CA 99 Exit 61 NB ( Ave 24 ) / 60 SB ( Ave 16 ),16 ) 24 MO,Delano,93215,Akal Travel Plaza ( Shell ),661-725-5525,2015,Delano,CA,Shell,( Ave 24 ) / 60 SB ( Ave 16 ),CA 99 Exit 61 NB ,Exit,61,False,,False,CA 99,,,,,"[589, 118]","[118, 589]","[118, 589]","[116, 118, 161, 169, 170, 174, 303, 587, 589, 633, 640, 641, 645, 761, 792]","[103, 104, 105, 106, 107, 108, 109, 110, 111, 112, 113, 114, 115, 116, 117, 118, 119, 120, 121, 122, 123, 124, 125, 126, 127, 128, 129, 130, 131, 132, 133, 134, 135, 136, 137, 138, 139, 140, 141, 142, 143, 144, 145, 146, 147, 148, 149, 150, 151, 152, 153, 154, 155, 156, 157, 158, 159, 160, 161, 162, 163, 164, 165, 166, 167, 168, 169, 170, 171, 172, 173, 174, 175, 176, 177, 178, 179, 180, 181, 182, 183, 184, 185, 186, 187, 188, 189, 190, 191, 192, 193, 194, 195, 196, 197, 198, 199, 200, 201, 202, 203, 204, 205, 206, 207, 208, 209, 210, 211, 212, 213, 214, 215, 216, 217, 218, 219, 220, 221, 222, 223, 224, 225, 226, 227, 228, 229, 230, 231, 232, 233, 234, 235, 236, 237, 238, 239, 240, 241, 242, 243, 244, 245, 246, 247, 248, 249, 250, 251, 252, 253, 254, 255, 256, 257, 258, 259, 260, 261, 262, 263, 264, 265, 266, 267, 268, 269, 270, 271, 272, 273, 274, 275, 276, 277, 278, 279, 280, 281, 282, 283, 284, 285, 286, 287, 288, 289, 290, 291, 292, 293, 294, 295, 296, 297, 298, 299, 300, 301, 302, 303, 304, 305, 306, 307, 308, 309, 310, 311, 312, 313, 314, 315, 316, 317, 318, 319, 320, 321, 322, 323, 324, 325, 326, 327, 328, 329, 330, 331, 332, 333, 334, 335, 336, 337, 574, 575, 576, 577, 578, 579, 580, 581, 582, 583, 584, 585, 586, 587, 588, 589, 590, 591, 592, 593, 594, 595, 596, 597, 598, 599, 600, 601, 602, 603, 604, 605, 606, 607, 608, 609, 610, 611, 612, 613, 614, 615, 616, 617, 618, 619, 620, 621, 622, 623, 624, 625, 626, 627, 628, 629, 630, 631, 632, 633, 634, 635, 636, 637, 638, 639, 640, 641, 642, 643, 644, 645, 646, 647, 648, 649, 650, 651, 652, 653, 654, 655, 656, 657, 658, 659, 660, 661, 662, 663, 664, 665, 666, 667, 668, 669, 670, 671, 672, 673, 674, 675, 676, 677, 678, 679, 680, 681, 682, 683, 684, 685, 686, 687, 688, 689, 690, 691, 692, 693, 694, 695, 696, 697, 698, 699, 700, 701, 702, 703, 704, 705, 706, 707, 708, 709, 710, 711, 712, 713, 714, 715, 716, 717, 718, 719, 720, 721, 722, 723, 724, 725, 726, 727, 728, 729, 730, 731, 732, 733, 734, 735, 736, 737, 738, 739, 740, 741, 742, 743, 744, 745, 746, 747, 748, 749, 750, 751, 752, 753, 754, 755, 756, 757, 758, 759, 760, 761, 762, 763, 764, 765, 766, 767, 768, 769, 770, 771, 772, 773, 774, 775, 776, 777, 778, 779, 780, 781, 782, 783, 784, 785, 786, 787, 788, 789, 790, 791, 792, 793]","[10, 75, 103, 104, 106, 117, 118, 120, 127, 128, 129, 131, 133, 135, 136, 137, 139, 146, 147, 148, 149, 151, 158, 160, 162, 166, 173, 178, 179, 185, 190, 192, 198, 201, 203, 204, 206, 207, 212, 213, 214, 219, 223, 224, 225, 227, 230, 235, 237, 246, 247, 256, 259, 262, 263, 266, 268, 269, 271, 272, 278, 279, 284, 285, 288, 290, 292, 304, 306, 312, 316, 319, 320, 323, 324, 329, 332, 335, 495, 549, 574, 575, 577, 588, 589, 591, 598, 599, 600, 602, 604, 606, 607, 608, 610, 617, 618, 619, 620, 622, 625, 630, 632, 634, 638, 644, 649, 650, 656, 661, 663, 669, 673, 674, 676, 677, 682, 683, 684, 687, 688, 689, 691, 694, 699, 701, 710, 718, 722, 723, 727, 728, 730, 731, 737, 738, 743, 744, 747, 749, 751, 762, 764, 770, 774, 777, 778, 781, 782, 789, 791]","[1, 13, 14, 29, 54, 55, 56, 57, 58, 60, 102, 118, 125, 127, 130, 134, 146, 149, 153, 175, 182, 187, 189, 191, 197, 225, 230, 238, 264, 265, 266, 286, 302, 317, 336, 379, 388, 389, 425, 454, 458, 463, 475, 487, 498, 499, 512, 530, 531, 532, 533, 534, 536, 573, 589, 596, 598, 601, 605, 617, 620, 624, 646, 653, 658, 660, 662, 668, 689, 694, 702, 724, 725, 745, 760, 775, 793, 829, 838, 839, 877, 901, 903, 905, 910, 923]","[1, 13, 14, 29, 54, 55, 56, 57, 58, 60, 102, 118, 125, 127, 130, 134, 146, 149, 153, 175, 182, 187, 189, 191, 197, 225, 230, 238, 264, 265, 266, 286, 302, 317, 336, 354, 379, 388, 389, 425, 454, 458, 463, 475, 487, 498, 499, 512, 530, 531, 532, 533, 534, 536, 573, 589, 596, 598, 601, 605, 617, 620, 624, 646, 653, 658, 660, 662, 668, 689, 694, 702, 724, 725, 745, 760, 775, 793, 809, 829, 838, 839, 877, 901, 903, 905, 910, 923]","[1, 10, 13, 14, 29, 54, 55, 56, 57, 58, 60, 75, 102, 103, 104, 105, 106, 107, 108, 109, 110, 111, 112, 113, 114, 115, 116, 117, 118, 119, 120, 121, 122, 123, 124, 125, 126, 127, 128, 129, 130, 131, 132, 133, 134, 135, 136, 137, 138, 139, 140, 141, 142, 143, 144, 145, 146, 147, 148, 149, 150, 151, 152, 153, 154, 155, 156, 157, 158, 159, 160, 161, 162, 163, 164, 165, 166, 167, 168, 169, 170, 171, 172, 173, 174, 175, 176, 177, 178, 179, 180, 181, 182, 183, 184, 185, 186, 187, 188, 189, 190, 191, 192, 193, 194, 195, 196, 197, 198, 199, 200, 201, 202, 203, 204, 205, 206, 207, 208, 209, 210, 211, 212, 213, 214, 215, 216, 217, 218, 219, 220, 221, 222, 223, 224, 225, 226, 227, 228, 229, 230, 231, 232, 233, 234, 235, 236, 237, 238, 239, 240, 241, 242, 243, 244, 245, 246, 247, 248, 249, 250, 251, 252, 253, 254, 255, 256, 257, 258, 259, 260, 261, 262, 263, 264, 265, 266, 267, 268, 269, 270, 271, 272, 273, 274, 275, 276, 277, 278, 279, 280, 281, 282, 283, 284, 285, 286, 287, 288, 289, 290, 291, 292, 293, 294, 295, 296, 297, 298, 299, 300, 301, 302, 303, 304, 305, 306, 307, 308, 309, 310, 311, 312, 313, 314, 315, 316, 317, 318, 319, 320, 321, 322, 323, 324, 325, 326, 327, 328, 329, 330, 331, 332, 333, 334, 335, 336, 337, 354, 379, 388, 389, 425, 454, 458, 463, 475, 487, 495, 498, 499, 512, 530, 531, 532, 533, 534, 536, 549, 573, 574, 575, 576, 577, 578, 579, 580, 581, 582, 583, 584, 585, 586, 587, 588, 589, 590, 591, 592, 593, 594, 595, 596, 597, 598, 599, 600, 601, 602, 603, 604, 605, 606, 607, 608, 609, 610, 611, 612, 613, 614, 615, 616, 617, 618, 619, 620, 621, 622, 623, 624, 625, 626, 627, 628, 629, 630, 631, 632, 633, 634, 635, 636, 637, 638, 639, 640, 641, 642, 643, 644, 645, 646, 647, 648, 649, 650, 651, 652, 653, 654, 655, 656, 657, 658, 659, 660, 661, 662, 663, 664, 665, 666, 667, 668, 669, 670, 671, 672, 673, 674, 675, 676, 677, 678, 679, 680, 681, 682, 683, 684, 685, 686, 687, 688, 689, 690, 691, 692, 693, 694, 695, 696, 697, 698, 699, 700, 701, 702, 703, 704, 705, 706, 707, 708, 709, 710, 711, 712, 713, 714, 715, 716, 717, 718, 719, 720, 721, 722, 723, 724, 725, 726, 727, 728, 729, 730, 731, 732, 733, 734, 735, 736, 737, 738, 739, 740, 741, 742, 743, 744, 745, 746, 747, 748, 749, 750, 751, 752, 753, 754, 755, 756, 757, 758, 759, 760, 761, 762, 763, 764, 765, 766, 767, 768, 769, 770, 771, 772, 773, 774, 775, 776, 777, 778, 779, 780, 781, 782, 783, 784, 785, 786, 787, 788, 789, 790, 791, 792, 793, 809, 829, 838, 839, 877, 901, 903, 905, 910, 923]",True,"[118, 589]","[103, 104, 105, 106, 107, 108, 109, 110, 111, 112, 113, 114, 115, 116, 117, 118, 119, 120, 121, 122, 123, 124, 125, 126, 127, 128, 129, 130, 131, 132, 133, 134, 135, 136, 137, 138, 139, 140, 141, 142, 143, 144, 145, 146, 147, 148, 149, 150, 151, 152, 153, 154, 155, 156, 157, 158, 159, 160, 161, 162, 163, 164, 165, 166, 167, 168, 169, 170, 171, 172, 173, 174, 175, 176, 177, 178, 179, 180, 181, 182, 183, 184, 185, 186, 187, 188, 189, 190, 191, 192, 193, 194, 195, 196, 197, 198, 199, 200, 201, 202, 203, 204, 205, 206, 207, 208, 209, 210, 211, 212, 213, 214, 215, 216, 217, 218, 219, 220, 221, 222, 223, 224, 225, 226, 227, 228, 229, 230, 231, 232, 233, 234, 235, 236, 237, 238, 239, 240, 241, 242, 243, 244, 245, 246, 247, 248, 249, 250, 251, 252, 253, 254, 255, 256, 257, 258, 259, 260, 261, 262, 263, 264, 265, 266, 267, 268, 269, 270, 271, 272, 273, 274, 275, 276, 277, 278, 279, 280, 281, 282, 283, 284, 285, 286, 287, 288, 289, 290, 291, 292, 293, 294, 295, 296, 297, 298, 299, 300, 301, 302, 303, 304, 305, 306, 307, 308, 309, 310, 311, 312, 313, 314, 315, 316, 317, 318, 319, 320, 321, 322, 323, 324, 325, 326, 327, 328, 329, 330, 331, 332, 333, 334, 335, 336, 337, 574, 575, 576, 577, 578, 579, 580, 581, 582, 583, 584, 585, 586, 587, 588, 589, 590, 591, 592, 593, 594, 595, 596, 597, 598, 599, 600, 601, 602, 603, 604, 605, 606, 607, 608, 609, 610, 611, 612, 613, 614, 615, 616, 617, 618, 619, 620, 621, 622, 623, 624, 625, 626, 627, 628, 629, 630, 631, 632, 633, 634, 635, 636, 637, 638, 639, 640, 641, 642, 643, 644, 645, 646, 647, 648, 649, 650, 651, 652, 653, 654, 655, 656, 657, 658, 659, 660, 661, 662, 663, 664, 665, 666, 667, 668, 669, 670, 671, 672, 673, 674, 675, 676, 677, 678, 679, 680, 681, 682, 683, 684, 685, 686, 687, 688, 689, 690, 691, 692, 693, 694, 695, 696, 697, 698, 699, 700, 701, 702, 703, 704, 705, 706, 707, 708, 709, 710, 711, 712, 713, 714, 715, 716, 717, 718, 719, 720, 721, 722, 723, 724, 725, 726, 727, 728, 729, 730, 731, 732, 733, 734, 735, 736, 737, 738, 739, 740, 741, 742, 743, 744, 745, 746, 747, 748, 749, 750, 751, 752, 753, 754, 755, 756, 757, 758, 759, 760, 761, 762, 763, 764, 765, 766, 767, 768, 769, 770, 771, 772, 773, 774, 775, 776, 777, 778, 779, 780, 781, 782, 783, 784, 785, 786, 787, 788, 789, 790, 791, 792, 793]","[118, 589]","[116, 118, 161, 169, 170, 174, 303, 587, 589, 633, 640, 641, 645, 761, 792]","[10, 75, 103, 104, 106, 117, 118, 120, 127, 128, 129, 131, 133, 135, 136, 137, 139, 146, 147, 148, 149, 151, 158, 160, 162, 166, 173, 178, 179, 185, 190, 192, 198, 201, 203, 204, 206, 207, 212, 213, 214, 219, 223, 224, 225, 227, 230, 235, 237, 246, 247, 256, 259, 262, 263, 266, 268, 269, 271, 272, 278, 279, 284, 285, 288, 290, 292, 304, 306, 312, 316, 319, 320, 323, 324, 329, 332, 335, 495, 549, 574, 575, 577, 588, 589, 591, 598, 599, 600, 602, 604, 606, 607, 608, 610, 617, 618, 619, 620, 622, 625, 630, 632, 634, 638, 644, 649, 650, 656, 661, 663, 669, 673, 674, 676, 677, 682, 683, 684, 687, 688, 689, 691, 694, 699, 701, 710, 718, 722, 723, 727, 728, 730, 731, 737, 738, 743, 744, 747, 749, 751, 762, 764, 770, 774, 777, 778, 781, 782, 789, 791]","[1, 13, 14, 29, 54, 55, 56, 57, 58, 60, 102, 118, 125, 127, 130, 134, 146, 149, 153, 175, 182, 187, 189, 191, 197, 225, 230, 238, 264, 265, 266, 286, 302, 317, 336, 354, 379, 388, 389, 425, 454, 458, 463, 475, 487, 498, 499, 512, 530, 531, 532, 533, 534, 536, 573, 589, 596, 598, 601, 605, 617, 620, 624, 646, 653, 658, 660, 662, 668, 689, 694, 702, 724, 725, 745, 760, 775, 793, 809, 829, 838, 839, 877, 901, 903, 905, 910, 923]","[1, 13, 14, 29, 54, 55, 56, 57, 58, 60, 102, 118, 125, 127, 130, 134, 146, 149, 153, 175, 182, 187, 189, 191, 197, 225, 230, 238, 264, 265, 266, 286, 302, 317, 336, 379, 388, 389, 425, 454, 458, 463, 475, 487, 498, 499, 512, 530, 531, 532, 533, 534, 536, 573, 589, 596, 598, 601, 605, 617, 620, 624, 646, 653, 658, 660, 662, 668, 689, 694, 702, 724, 725, 745, 760, 775, 793, 829, 838, 839, 877, 901, 903, 905, 910, 923]",7/6 successful match,True,"[202, 203, 204]",True,294,False,,1.0,True,Akal Travel Plaza ( Shell ),Shell
Delano ( 93215 ) Akal Travel Plaza ( Shell ),661-725-5525 CA 99 Exit 61 NB ( Ave 24 ) / 60 SB ( Ave 16 ),16 ) FRS 24 MO,Delano,93215,Akal Travel Plaza ( Shell ),661-725-5525,2016,Delano,CA,Shell,( Ave 24 ) / 60 SB ( Ave 16 ),CA 99 Exit 61 NB ,Exit,61,False,,False,CA 99,,,,,"[589, 118]","[118, 589]","[118, 589]","[116, 118, 161, 169, 170, 174, 303, 587, 589, 633, 640, 641, 645, 761, 792]","[103, 104, 105, 106, 107, 108, 109, 110, 111, 112, 113, 114, 115, 116, 117, 118, 119, 120, 121, 122, 123, 124, 125, 126, 127, 128, 129, 130, 131, 132, 133, 134, 135, 136, 137, 138, 139, 140, 141, 142, 143, 144, 145, 146, 147, 148, 149, 150, 151, 152, 153, 154, 155, 156, 157, 158, 159, 160, 161, 162, 163, 164, 165, 166, 167, 168, 169, 170, 171, 172, 173, 174, 175, 176, 177, 178, 179, 180, 181, 182, 183, 184, 185, 186, 187, 188, 189, 190, 191, 192, 193, 194, 195, 196, 197, 198, 199, 200, 201, 202, 203, 204, 205, 206, 207, 208, 209, 210, 211, 212, 213, 214, 215, 216, 217, 218, 219, 220, 221, 222, 223, 224, 225, 226, 227, 228, 229, 230, 231, 232, 233, 234, 235, 236, 237, 238, 239, 240, 241, 242, 243, 244, 245, 246, 247, 248, 249, 250, 251, 252, 253, 254, 255, 256, 257, 258, 259, 260, 261, 262, 263, 264, 265, 266, 267, 268, 269, 270, 271, 272, 273, 274, 275, 276, 277, 278, 279, 280, 281, 282, 283, 284, 285, 286, 287, 288, 289, 290, 291, 292, 293, 294, 295, 296, 297, 298, 299, 300, 301, 302, 303, 304, 305, 306, 307, 308, 309, 310, 311, 312, 313, 314, 315, 316, 317, 318, 319, 320, 321, 322, 323, 324, 325, 326, 327, 328, 329, 330, 331, 332, 333, 334, 335, 336, 337, 574, 575, 576, 577, 578, 579, 580, 581, 582, 583, 584, 585, 586, 587, 588, 589, 590, 591, 592, 593, 594, 595, 596, 597, 598, 599, 600, 601, 602, 603, 604, 605, 606, 607, 608, 609, 610, 611, 612, 613, 614, 615, 616, 617, 618, 619, 620, 621, 622, 623, 624, 625, 626, 627, 628, 629, 630, 631, 632, 633, 634, 635, 636, 637, 638, 639, 640, 641, 642, 643, 644, 645, 646, 647, 648, 649, 650, 651, 652, 653, 654, 655, 656, 657, 658, 659, 660, 661, 662, 663, 664, 665, 666, 667, 668, 669, 670, 671, 672, 673, 674, 675, 676, 677, 678, 679, 680, 681, 682, 683, 684, 685, 686, 687, 688, 689, 690, 691, 692, 693, 694, 695, 696, 697, 698, 699, 700, 701, 702, 703, 704, 705, 706, 707, 708, 709, 710, 711, 712, 713, 714, 715, 716, 717, 718, 719, 720, 721, 722, 723, 724, 725, 726, 727, 728, 729, 730, 731, 732, 733, 734, 735, 736, 737, 738, 739, 740, 741, 742, 743, 744, 745, 746, 747, 748, 749, 750, 751, 752, 753, 754, 755, 756, 757, 758, 759, 760, 761, 762, 763, 764, 765, 766, 767, 768, 769, 770, 771, 772, 773, 774, 775, 776, 777, 778, 779, 780, 781, 782, 783, 784, 785, 786, 787, 788, 789, 790, 791, 792, 793]","[10, 75, 103, 104, 106, 117, 118, 120, 127, 128, 129, 131, 133, 135, 136, 137, 139, 146, 147, 148, 149, 151, 158, 160, 162, 166, 173, 178, 179, 185, 190, 192, 198, 201, 203, 204, 206, 207, 212, 213, 214, 219, 223, 224, 225, 227, 230, 235, 237, 246, 247, 256, 259, 262, 263, 266, 268, 269, 271, 272, 278, 279, 284, 285, 288, 290, 292, 304, 306, 312, 316, 319, 320, 323, 324, 329, 332, 335, 495, 549, 574, 575, 577, 588, 589, 591, 598, 599, 600, 602, 604, 606, 607, 608, 610, 617, 618, 619, 620, 622, 625, 630, 632, 634, 638, 644, 649, 650, 656, 661, 663, 669, 673, 674, 676, 677, 682, 683, 684, 687, 688, 689, 691, 694, 699, 701, 710, 718, 722, 723, 727, 728, 730, 731, 737, 738, 743, 744, 747, 749, 751, 762, 764, 770, 774, 777, 778, 781, 782, 789, 791]","[1, 13, 14, 29, 54, 55, 56, 57, 58, 60, 102, 118, 125, 127, 130, 134, 146, 149, 153, 175, 182, 187, 189, 191, 197, 225, 230, 238, 264, 265, 266, 286, 302, 317, 336, 379, 388, 389, 425, 454, 458, 463, 475, 487, 498, 499, 512, 530, 531, 532, 533, 534, 536, 573, 589, 596, 598, 601, 605, 617, 620, 624, 646, 653, 658, 660, 662, 668, 689, 694, 702, 724, 725, 745, 760, 775, 793, 829, 838, 839, 877, 901, 903, 905, 910, 923]","[1, 13, 14, 29, 54, 55, 56, 57, 58, 60, 102, 118, 125, 127, 130, 134, 146, 149, 153, 175, 182, 187, 189, 191, 197, 225, 230, 238, 264, 265, 266, 286, 302, 317, 336, 354, 379, 388, 389, 425, 454, 458, 463, 475, 487, 498, 499, 512, 530, 531, 532, 533, 534, 536, 573, 589, 596, 598, 601, 605, 617, 620, 624, 646, 653, 658, 660, 662, 668, 689, 694, 702, 724, 725, 745, 760, 775, 793, 809, 829, 838, 839, 877, 901, 903, 905, 910, 923]","[1, 10, 13, 14, 29, 54, 55, 56, 57, 58, 60, 75, 102, 103, 104, 105, 106, 107, 108, 109, 110, 111, 112, 113, 114, 115, 116, 117, 118, 119, 120, 121, 122, 123, 124, 125, 126, 127, 128, 129, 130, 131, 132, 133, 134, 135, 136, 137, 138, 139, 140, 141, 142, 143, 144, 145, 146, 147, 148, 149, 150, 151, 152, 153, 154, 155, 156, 157, 158, 159, 160, 161, 162, 163, 164, 165, 166, 167, 168, 169, 170, 171, 172, 173, 174, 175, 176, 177, 178, 179, 180, 181, 182, 183, 184, 185, 186, 187, 188, 189, 190, 191, 192, 193, 194, 195, 196, 197, 198, 199, 200, 201, 202, 203, 204, 205, 206, 207, 208, 209, 210, 211, 212, 213, 214, 215, 216, 217, 218, 219, 220, 221, 222, 223, 224, 225, 226, 227, 228, 229, 230, 231, 232, 233, 234, 235, 236, 237, 238, 239, 240, 241, 242, 243, 244, 245, 246, 247, 248, 249, 250, 251, 252, 253, 254, 255, 256, 257, 258, 259, 260, 261, 262, 263, 264, 265, 266, 267, 268, 269, 270, 271, 272, 273, 274, 275, 276, 277, 278, 279, 280, 281, 282, 283, 284, 285, 286, 287, 288, 289, 290, 291, 292, 293, 294, 295, 296, 297, 298, 299, 300, 301, 302, 303, 304, 305, 306, 307, 308, 309, 310, 311, 312, 313, 314, 315, 316, 317, 318, 319, 320, 321, 322, 323, 324, 325, 326, 327, 328, 329, 330, 331, 332, 333, 334, 335, 336, 337, 354, 379, 388, 389, 425, 454, 458, 463, 475, 487, 495, 498, 499, 512, 530, 531, 532, 533, 534, 536, 549, 573, 574, 575, 576, 577, 578, 579, 580, 581, 582, 583, 584, 585, 586, 587, 588, 589, 590, 591, 592, 593, 594, 595, 596, 597, 598, 599, 600, 601, 602, 603, 604, 605, 606, 607, 608, 609, 610, 611, 612, 613, 614, 615, 616, 617, 618, 619, 620, 621, 622, 623, 624, 625, 626, 627, 628, 629, 630, 631, 632, 633, 634, 635, 636, 637, 638, 639, 640, 641, 642, 643, 644, 645, 646, 647, 648, 649, 650, 651, 652, 653, 654, 655, 656, 657, 658, 659, 660, 661, 662, 663, 664, 665, 666, 667, 668, 669, 670, 671, 672, 673, 674, 675, 676, 677, 678, 679, 680, 681, 682, 683, 684, 685, 686, 687, 688, 689, 690, 691, 692, 693, 694, 695, 696, 697, 698, 699, 700, 701, 702, 703, 704, 705, 706, 707, 708, 709, 710, 711, 712, 713, 714, 715, 716, 717, 718, 719, 720, 721, 722, 723, 724, 725, 726, 727, 728, 729, 730, 731, 732, 733, 734, 735, 736, 737, 738, 739, 740, 741, 742, 743, 744, 745, 746, 747, 748, 749, 750, 751, 752, 753, 754, 755, 756, 757, 758, 759, 760, 761, 762, 763, 764, 765, 766, 767, 768, 769, 770, 771, 772, 773, 774, 775, 776, 777, 778, 779, 780, 781, 782, 783, 784, 785, 786, 787, 788, 789, 790, 791, 792, 793, 809, 829, 838, 839, 877, 901, 903, 905, 910, 923]",True,"[118, 589]","[103, 104, 105, 106, 107, 108, 109, 110, 111, 112, 113, 114, 115, 116, 117, 118, 119, 120, 121, 122, 123, 124, 125, 126, 127, 128, 129, 130, 131, 132, 133, 134, 135, 136, 137, 138, 139, 140, 141, 142, 143, 144, 145, 146, 147, 148, 149, 150, 151, 152, 153, 154, 155, 156, 157, 158, 159, 160, 161, 162, 163, 164, 165, 166, 167, 168, 169, 170, 171, 172, 173, 174, 175, 176, 177, 178, 179, 180, 181, 182, 183, 184, 185, 186, 187, 188, 189, 190, 191, 192, 193, 194, 195, 196, 197, 198, 199, 200, 201, 202, 203, 204, 205, 206, 207, 208, 209, 210, 211, 212, 213, 214, 215, 216, 217, 218, 219, 220, 221, 222, 223, 224, 225, 226, 227, 228, 229, 230, 231, 232, 233, 234, 235, 236, 237, 238, 239, 240, 241, 242, 243, 244, 245, 246, 247, 248, 249, 250, 251, 252, 253, 254, 255, 256, 257, 258, 259, 260, 261, 262, 263, 264, 265, 266, 267, 268, 269, 270, 271, 272, 273, 274, 275, 276, 277, 278, 279, 280, 281, 282, 283, 284, 285, 286, 287, 288, 289, 290, 291, 292, 293, 294, 295, 296, 297, 298, 299, 300, 301, 302, 303, 304, 305, 306, 307, 308, 309, 310, 311, 312, 313, 314, 315, 316, 317, 318, 319, 320, 321, 322, 323, 324, 325, 326, 327, 328, 329, 330, 331, 332, 333, 334, 335, 336, 337, 574, 575, 576, 577, 578, 579, 580, 581, 582, 583, 584, 585, 586, 587, 588, 589, 590, 591, 592, 593, 594, 595, 596, 597, 598, 599, 600, 601, 602, 603, 604, 605, 606, 607, 608, 609, 610, 611, 612, 613, 614, 615, 616, 617, 618, 619, 620, 621, 622, 623, 624, 625, 626, 627, 628, 629, 630, 631, 632, 633, 634, 635, 636, 637, 638, 639, 640, 641, 642, 643, 644, 645, 646, 647, 648, 649, 650, 651, 652, 653, 654, 655, 656, 657, 658, 659, 660, 661, 662, 663, 664, 665, 666, 667, 668, 669, 670, 671, 672, 673, 674, 675, 676, 677, 678, 679, 680, 681, 682, 683, 684, 685, 686, 687, 688, 689, 690, 691, 692, 693, 694, 695, 696, 697, 698, 699, 700, 701, 702, 703, 704, 705, 706, 707, 708, 709, 710, 711, 712, 713, 714, 715, 716, 717, 718, 719, 720, 721, 722, 723, 724, 725, 726, 727, 728, 729, 730, 731, 732, 733, 734, 735, 736, 737, 738, 739, 740, 741, 742, 743, 744, 745, 746, 747, 748, 749, 750, 751, 752, 753, 754, 755, 756, 757, 758, 759, 760, 761, 762, 763, 764, 765, 766, 767, 768, 769, 770, 771, 772, 773, 774, 775, 776, 777, 778, 779, 780, 781, 782, 783, 784, 785, 786, 787, 788, 789, 790, 791, 792, 793]","[118, 589]","[116, 118, 161, 169, 170, 174, 303, 587, 589, 633, 640, 641, 645, 761, 792]","[10, 75, 103, 104, 106, 117, 118, 120, 127, 128, 129, 131, 133, 135, 136, 137, 139, 146, 147, 148, 149, 151, 158, 160, 162, 166, 173, 178, 179, 185, 190, 192, 198, 201, 203, 204, 206, 207, 212, 213, 214, 219, 223, 224, 225, 227, 230, 235, 237, 246, 247, 256, 259, 262, 263, 266, 268, 269, 271, 272, 278, 279, 284, 285, 288, 290, 292, 304, 306, 312, 316, 319, 320, 323, 324, 329, 332, 335, 495, 549, 574, 575, 577, 588, 589, 591, 598, 599, 600, 602, 604, 606, 607, 608, 610, 617, 618, 619, 620, 622, 625, 630, 632, 634, 638, 644, 649, 650, 656, 661, 663, 669, 673, 674, 676, 677, 682, 683, 684, 687, 688, 689, 691, 694, 699, 701, 710, 718, 722, 723, 727, 728, 730, 731, 737, 738, 743, 744, 747, 749, 751, 762, 764, 770, 774, 777, 778, 781, 782, 789, 791]","[1, 13, 14, 29, 54, 55, 56, 57, 58, 60, 102, 118, 125, 127, 130, 134, 146, 149, 153, 175, 182, 187, 189, 191, 197, 225, 230, 238, 264, 265, 266, 286, 302, 317, 336, 354, 379, 388, 389, 425, 454, 458, 463, 475, 487, 498, 499, 512, 530, 531, 532, 533, 534, 536, 573, 589, 596, 598, 601, 605, 617, 620, 624, 646, 653, 658, 660, 662, 668, 689, 694, 702, 724, 725, 745, 760, 775, 793, 809, 829, 838, 839, 877, 901, 903, 905, 910, 923]","[1, 13, 14, 29, 54, 55, 56, 57, 58, 60, 102, 118, 125, 127, 130, 134, 146, 149, 153, 175, 182, 187, 189, 191, 197, 225, 230, 238, 264, 265, 266, 286, 302, 317, 336, 379, 388, 389, 425, 454, 458, 463, 475, 487, 498, 499, 512, 530, 531, 532, 533, 534, 536, 573, 589, 596, 598, 601, 605, 617, 620, 624, 646, 653, 658, 660, 662, 668, 689, 694, 702, 724, 725, 745, 760, 775, 793, 829, 838, 839, 877, 901, 903, 905, 910, 923]",7/6 successful match,True,"[202, 203, 204]",True,294,False,,1.0,True,Akal Travel Plaza ( Shell ),Shell
"Ducor , 93218 A & A Shell # 2",559-534-2500 Hwy 65 & 56th Ave ( 13 mi E of CA 99 ),24,Ducor,93218,A & A Shell # 2,559-534-2500,2006,Ducor,CA,Shell,( 13 mi E of CA 99 ),Hwy 65 & 56th Ave,empty,,False,,False,Hwy 65,56th Ave,,,,"[620, 149]","[149, 620]","[149, 620]",[],"[103, 104, 105, 106, 107, 108, 109, 110, 111, 112, 113, 114, 115, 116, 117, 118, 119, 120, 121, 122, 123, 124, 125, 126, 127, 128, 129, 130, 131, 132, 133, 134, 135, 136, 137, 138, 139, 140, 141, 142, 143, 144, 145, 146, 147, 148, 149, 150, 151, 152, 153, 154, 155, 156, 157, 158, 159, 160, 161, 162, 163, 164, 165, 166, 167, 168, 169, 170, 171, 172, 173, 174, 175, 176, 177, 178, 179, 180, 181, 182, 183, 184, 185, 186, 187, 188, 189, 190, 191, 192, 193, 194, 195, 196, 197, 198, 199, 200, 201, 202, 203, 204, 205, 206, 207, 208, 209, 210, 211, 212, 213, 214, 215, 216, 217, 218, 219, 220, 221, 222, 223, 224, 225, 226, 227, 228, 229, 230, 231, 232, 233, 234, 235, 236, 237, 238, 239, 240, 241, 242, 243, 244, 245, 246, 247, 248, 249, 250, 251, 252, 253, 254, 255, 256, 257, 258, 259, 260, 261, 262, 263, 264, 265, 266, 267, 268, 269, 270, 271, 272, 273, 274, 275, 276, 277, 278, 279, 280, 281, 282, 283, 284, 285, 286, 287, 288, 289, 290, 291, 292, 293, 294, 295, 296, 297, 298, 299, 300, 301, 302, 303, 304, 305, 306, 307, 308, 309, 310, 311, 312, 313, 314, 315, 316, 317, 318, 319, 320, 321, 322, 323, 324, 325, 326, 327, 328, 329, 330, 331, 332, 333, 334, 335, 336, 337, 574, 575, 576, 577, 578, 579, 580, 581, 582, 583, 584, 585, 586, 587, 588, 589, 590, 591, 592, 593, 594, 595, 596, 597, 598, 599, 600, 601, 602, 603, 604, 605, 606, 607, 608, 609, 610, 611, 612, 613, 614, 615, 616, 617, 618, 619, 620, 621, 622, 623, 624, 625, 626, 627, 628, 629, 630, 631, 632, 633, 634, 635, 636, 637, 638, 639, 640, 641, 642, 643, 644, 645, 646, 647, 648, 649, 650, 651, 652, 653, 654, 655, 656, 657, 658, 659, 660, 661, 662, 663, 664, 665, 666, 667, 668, 669, 670, 671, 672, 673, 674, 675, 676, 677, 678, 679, 680, 681, 682, 683, 684, 685, 686, 687, 688, 689, 690, 691, 692, 693, 694, 695, 696, 697, 698, 699, 700, 701, 702, 703, 704, 705, 706, 707, 708, 709, 710, 711, 712, 713, 714, 715, 716, 717, 718, 719, 720, 721, 722, 723, 724, 725, 726, 727, 728, 729, 730, 731, 732, 733, 734, 735, 736, 737, 738, 739, 740, 741, 742, 743, 744, 745, 746, 747, 748, 749, 750, 751, 752, 753, 754, 755, 756, 757, 758, 759, 760, 761, 762, 763, 764, 765, 766, 767, 768, 769, 770, 771, 772, 773, 774, 775, 776, 777, 778, 779, 780, 781, 782, 783, 784, 785, 786, 787, 788, 789, 790, 791, 792, 793]","[149, 620]","[1, 13, 14, 29, 54, 55, 56, 57, 58, 60, 102, 118, 125, 127, 130, 134, 146, 149, 153, 175, 182, 187, 189, 191, 197, 225, 230, 238, 264, 265, 266, 286, 302, 317, 336, 379, 388, 389, 425, 454, 458, 463, 475, 487, 498, 499, 512, 530, 531, 532, 533, 534, 536, 573, 589, 596, 598, 601, 605, 617, 620, 624, 646, 653, 658, 660, 662, 668, 689, 694, 702, 724, 725, 745, 760, 775, 793, 829, 838, 839, 877, 901, 903, 905, 910, 923]","[1, 13, 14, 29, 54, 55, 56, 57, 58, 60, 102, 118, 125, 127, 130, 134, 146, 149, 153, 175, 182, 187, 189, 191, 197, 225, 230, 238, 264, 265, 266, 286, 302, 317, 336, 354, 379, 388, 389, 425, 454, 458, 463, 475, 487, 498, 499, 512, 530, 531, 532, 533, 534, 536, 573, 589, 596, 598, 601, 605, 617, 620, 624, 646, 653, 658, 660, 662, 668, 689, 694, 702, 724, 725, 745, 760, 775, 793, 809, 829, 838, 839, 877, 901, 903, 905, 910, 923]","[1, 13, 14, 29, 54, 55, 56, 57, 58, 60, 102, 103, 104, 105, 106, 107, 108, 109, 110, 111, 112, 113, 114, 115, 116, 117, 118, 119, 120, 121, 122, 123, 124, 125, 126, 127, 128, 129, 130, 131, 132, 133, 134, 135, 136, 137, 138, 139, 140, 141, 142, 143, 144, 145, 146, 147, 148, 149, 150, 151, 152, 153, 154, 155, 156, 157, 158, 159, 160, 161, 162, 163, 164, 165, 166, 167, 168, 169, 170, 171, 172, 173, 174, 175, 176, 177, 178, 179, 180, 181, 182, 183, 184, 185, 186, 187, 188, 189, 190, 191, 192, 193, 194, 195, 196, 197, 198, 199, 200, 201, 202, 203, 204, 205, 206, 207, 208, 209, 210, 211, 212, 213, 214, 215, 216, 217, 218, 219, 220, 221, 222, 223, 224, 225, 226, 227, 228, 229, 230, 231, 232, 233, 234, 235, 236, 237, 238, 239, 240, 241, 242, 243, 244, 245, 246, 247, 248, 249, 250, 251, 252, 253, 254, 255, 256, 257, 258, 259, 260, 261, 262, 263, 264, 265, 266, 267, 268, 269, 270, 271, 272, 273, 274, 275, 276, 277, 278, 279, 280, 281, 282, 283, 284, 285, 286, 287, 288, 289, 290, 291, 292, 293, 294, 295, 296, 297, 298, 299, 300, 301, 302, 303, 304, 305, 306, 307, 308, 309, 310, 311, 312, 313, 314, 315, 316, 317, 318, 319, 320, 321, 322, 323, 324, 325, 326, 327, 328, 329, 330, 331, 332, 333, 334, 335, 336, 337, 354, 379, 388, 389, 425, 454, 458, 463, 475, 487, 498, 499, 512, 530, 531, 532, 533, 534, 536, 573, 574, 575, 576, 577, 578, 579, 580, 581, 582, 583, 584, 585, 586, 587, 588, 589, 590, 591, 592, 593, 594, 595, 596, 597, 598, 599, 600, 601, 602, 603, 604, 605, 606, 607, 608, 609, 610, 611, 612, 613, 614, 615, 616, 617, 618, 619, 620, 621, 622, 623, 624, 625, 626, 627, 628, 629, 630, 631, 632, 633, 634, 635, 636, 637, 638, 639, 640, 641, 642, 643, 644, 645, 646, 647, 648, 649, 650, 651, 652, 653, 654, 655, 656, 657, 658, 659, 660, 661, 662, 663, 664, 665, 666, 667, 668, 669, 670, 671, 672, 673, 674, 675, 676, 677, 678, 679, 680, 681, 682, 683, 684, 685, 686, 687, 688, 689, 690, 691, 692, 693, 694, 695, 696, 697, 698, 699, 700, 701, 702, 703, 704, 705, 706, 707, 708, 709, 710, 711, 712, 713, 714, 715, 716, 717, 718, 719, 720, 721, 722, 723, 724, 725, 726, 727, 728, 729, 730, 731, 732, 733, 734, 735, 736, 737, 738, 739, 740, 741, 742, 743, 744, 745, 746, 747, 748, 749, 750, 751, 752, 753, 754, 755, 756, 757, 758, 759, 760, 761, 762, 763, 764, 765, 766, 767, 768, 769, 770, 771, 772, 773, 774, 775, 776, 777, 778, 779, 780, 781, 782, 783, 784, 785, 786, 787, 788, 789, 790, 791, 792, 793, 809, 829, 838, 839, 877, 901, 903, 905, 910, 923]",True,"[149, 620]","[103, 104, 105, 106, 107, 108, 109, 110, 111, 112, 113, 114, 115, 116, 117, 118, 119, 120, 121, 122, 123, 124, 125, 126, 127, 128, 129, 130, 131, 132, 133, 134, 135, 136, 137, 138, 139, 140, 141, 142, 143, 144, 145, 146, 147, 148, 149, 150, 151, 152, 153, 154, 155, 156, 157, 158, 159, 160, 161, 162, 163, 164, 165, 166, 167, 168, 169, 170, 171, 172, 173, 174, 175, 176, 177, 178, 179, 180, 181, 182, 183, 184, 185, 186, 187, 188, 189, 190, 191, 192, 193, 194, 195, 196, 197, 198, 199, 200, 201, 202, 203, 204, 205, 206, 207, 208, 209, 210, 211, 212, 213, 214, 215, 216, 217, 218, 219, 220, 221, 222, 223, 224, 225, 226, 227, 228, 229, 230, 231, 232, 233, 234, 235, 236, 237, 238, 239, 240, 241, 242, 243, 244, 245, 246, 247, 248, 249, 250, 251, 252, 253, 254, 255, 256, 257, 258, 259, 260, 261, 262, 263, 264, 265, 266, 267, 268, 269, 270, 271, 272, 273, 274, 275, 276, 277, 278, 279, 280, 281, 282, 283, 284, 285, 286, 287, 288, 289, 290, 291, 292, 293, 294, 295, 296, 297, 298, 299, 300, 301, 302, 303, 304, 305, 306, 307, 308, 309, 310, 311, 312, 313, 314, 315, 316, 317, 318, 319, 320, 321, 322, 323, 324, 325, 326, 327, 328, 329, 330, 331, 332, 333, 334, 335, 336, 337, 574, 575, 576, 577, 578, 579, 580, 581, 582, 583, 584, 585, 586, 587, 588, 589, 590, 591, 592, 593, 594, 595, 596, 597, 598, 599, 600, 601, 602, 603, 604, 605, 606, 607, 608, 609, 610, 611, 612, 613, 614, 615, 616, 617, 618, 619, 620, 621, 622, 623, 624, 625, 626, 627, 628, 629, 630, 631, 632, 633, 634, 635, 636, 637, 638, 639, 640, 641, 642, 643, 644, 645, 646, 647, 648, 649, 650, 651, 652, 653, 654, 655, 656, 657, 658, 659, 660, 661, 662, 663, 664, 665, 666, 667, 668, 669, 670, 671, 672, 673, 674, 675, 676, 677, 678, 679, 680, 681, 682, 683, 684, 685, 686, 687, 688, 689, 690, 691, 692, 693, 694, 695, 696, 697, 698, 699, 700, 701, 702, 703, 704, 705, 706, 707, 708, 709, 710, 711, 712, 713, 714, 715, 716, 717, 718, 719, 720, 721, 722, 723, 724, 725, 726, 727, 728, 729, 730, 731, 732, 733, 734, 735, 736, 737, 738, 739, 740, 741, 742, 743, 744, 745, 746, 747, 748, 749, 750, 751, 752, 753, 754, 755, 756, 757, 758, 759, 760, 761, 762, 763, 764, 765, 766, 767, 768, 769, 770, 771, 772, 773, 774, 775, 776, 777, 778, 779, 780, 781, 782, 783, 784, 785, 786, 787, 788, 789, 790, 791, 792, 793]","[149, 620]",[],"[149, 620]","[1, 13, 14, 29, 54, 55, 56, 57, 58, 60, 102, 118, 125, 127, 130, 134, 146, 149, 153, 175, 182, 187, 189, 191, 197, 225, 230, 238, 264, 265, 266, 286, 302, 317, 336, 354, 379, 388, 389, 425, 454, 458, 463, 475, 487, 498, 499, 512, 530, 531, 532, 533, 534, 536, 573, 589, 596, 598, 601, 605, 617, 620, 624, 646, 653, 658, 660, 662, 668, 689, 694, 702, 724, 725, 745, 760, 775, 793, 809, 829, 838, 839, 877, 901, 903, 905, 910, 923]","[1, 13, 14, 29, 54, 55, 56, 57, 58, 60, 102, 118, 125, 127, 130, 134, 146, 149, 153, 175, 182, 187, 189, 191, 197, 225, 230, 238, 264, 265, 266, 286, 302, 317, 336, 379, 388, 389, 425, 454, 458, 463, 475, 487, 498, 499, 512, 530, 531, 532, 533, 534, 536, 573, 589, 596, 598, 601, 605, 617, 620, 624, 646, 653, 658, 660, 662, 668, 689, 694, 702, 724, 725, 745, 760, 775, 793, 829, 838, 839, 877, 901, 903, 905, 910, 923]",7/6 successful match,True,[640],True,295,False,,,,,
"Ducor , 93218 A & A Shell # 2",559-534-2500 Hwy 65 & 56th Ave ( 13 mi E of CA 99 ),24 RS M,Ducor,93218,A & A Shell # 2,559-534-2500,2007,Ducor,CA,Shell,( 13 mi E of CA 99 ),Hwy 65 & 56th Ave,empty,,False,,False,Hwy 65,56th Ave,,,,"[620, 149]","[149, 620]","[149, 620]",[],"[103, 104, 105, 106, 107, 108, 109, 110, 111, 112, 113, 114, 115, 116, 117, 118, 119, 120, 121, 122, 123, 124, 125, 126, 127, 128, 129, 130, 131, 132, 133, 134, 135, 136, 137, 138, 139, 140, 141, 142, 143, 144, 145, 146, 147, 148, 149, 150, 151, 152, 153, 154, 155, 156, 157, 158, 159, 160, 161, 162, 163, 164, 165, 166, 167, 168, 169, 170, 171, 172, 173, 174, 175, 176, 177, 178, 179, 180, 181, 182, 183, 184, 185, 186, 187, 188, 189, 190, 191, 192, 193, 194, 195, 196, 197, 198, 199, 200, 201, 202, 203, 204, 205, 206, 207, 208, 209, 210, 211, 212, 213, 214, 215, 216, 217, 218, 219, 220, 221, 222, 223, 224, 225, 226, 227, 228, 229, 230, 231, 232, 233, 234, 235, 236, 237, 238, 239, 240, 241, 242, 243, 244, 245, 246, 247, 248, 249, 250, 251, 252, 253, 254, 255, 256, 257, 258, 259, 260, 261, 262, 263, 264, 265, 266, 267, 268, 269, 270, 271, 272, 273, 274, 275, 276, 277, 278, 279, 280, 281, 282, 283, 284, 285, 286, 287, 288, 289, 290, 291, 292, 293, 294, 295, 296, 297, 298, 299, 300, 301, 302, 303, 304, 305, 306, 307, 308, 309, 310, 311, 312, 313, 314, 315, 316, 317, 318, 319, 320, 321, 322, 323, 324, 325, 326, 327, 328, 329, 330, 331, 332, 333, 334, 335, 336, 337, 574, 575, 576, 577, 578, 579, 580, 581, 582, 583, 584, 585, 586, 587, 588, 589, 590, 591, 592, 593, 594, 595, 596, 597, 598, 599, 600, 601, 602, 603, 604, 605, 606, 607, 608, 609, 610, 611, 612, 613, 614, 615, 616, 617, 618, 619, 620, 621, 622, 623, 624, 625, 626, 627, 628, 629, 630, 631, 632, 633, 634, 635, 636, 637, 638, 639, 640, 641, 642, 643, 644, 645, 646, 647, 648, 649, 650, 651, 652, 653, 654, 655, 656, 657, 658, 659, 660, 661, 662, 663, 664, 665, 666, 667, 668, 669, 670, 671, 672, 673, 674, 675, 676, 677, 678, 679, 680, 681, 682, 683, 684, 685, 686, 687, 688, 689, 690, 691, 692, 693, 694, 695, 696, 697, 698, 699, 700, 701, 702, 703, 704, 705, 706, 707, 708, 709, 710, 711, 712, 713, 714, 715, 716, 717, 718, 719, 720, 721, 722, 723, 724, 725, 726, 727, 728, 729, 730, 731, 732, 733, 734, 735, 736, 737, 738, 739, 740, 741, 742, 743, 744, 745, 746, 747, 748, 749, 750, 751, 752, 753, 754, 755, 756, 757, 758, 759, 760, 761, 762, 763, 764, 765, 766, 767, 768, 769, 770, 771, 772, 773, 774, 775, 776, 777, 778, 779, 780, 781, 782, 783, 784, 785, 786, 787, 788, 789, 790, 791, 792, 793]","[149, 620]","[1, 13, 14, 29, 54, 55, 56, 57, 58, 60, 102, 118, 125, 127, 130, 134, 146, 149, 153, 175, 182, 187, 189, 191, 197, 225, 230, 238, 264, 265, 266, 286, 302, 317, 336, 379, 388, 389, 425, 454, 458, 463, 475, 487, 498, 499, 512, 530, 531, 532, 533, 534, 536, 573, 589, 596, 598, 601, 605, 617, 620, 624, 646, 653, 658, 660, 662, 668, 689, 694, 702, 724, 725, 745, 760, 775, 793, 829, 838, 839, 877, 901, 903, 905, 910, 923]","[1, 13, 14, 29, 54, 55, 56, 57, 58, 60, 102, 118, 125, 127, 130, 134, 146, 149, 153, 175, 182, 187, 189, 191, 197, 225, 230, 238, 264, 265, 266, 286, 302, 317, 336, 354, 379, 388, 389, 425, 454, 458, 463, 475, 487, 498, 499, 512, 530, 531, 532, 533, 534, 536, 573, 589, 596, 598, 601, 605, 617, 620, 624, 646, 653, 658, 660, 662, 668, 689, 694, 702, 724, 725, 745, 760, 775, 793, 809, 829, 838, 839, 877, 901, 903, 905, 910, 923]","[1, 13, 14, 29, 54, 55, 56, 57, 58, 60, 102, 103, 104, 105, 106, 107, 108, 109, 110, 111, 112, 113, 114, 115, 116, 117, 118, 119, 120, 121, 122, 123, 124, 125, 126, 127, 128, 129, 130, 131, 132, 133, 134, 135, 136, 137, 138, 139, 140, 141, 142, 143, 144, 145, 146, 147, 148, 149, 150, 151, 152, 153, 154, 155, 156, 157, 158, 159, 160, 161, 162, 163, 164, 165, 166, 167, 168, 169, 170, 171, 172, 173, 174, 175, 176, 177, 178, 179, 180, 181, 182, 183, 184, 185, 186, 187, 188, 189, 190, 191, 192, 193, 194, 195, 196, 197, 198, 199, 200, 201, 202, 203, 204, 205, 206, 207, 208, 209, 210, 211, 212, 213, 214, 215, 216, 217, 218, 219, 220, 221, 222, 223, 224, 225, 226, 227, 228, 229, 230, 231, 232, 233, 234, 235, 236, 237, 238, 239, 240, 241, 242, 243, 244, 245, 246, 247, 248, 249, 250, 251, 252, 253, 254, 255, 256, 257, 258, 259, 260, 261, 262, 263, 264, 265, 266, 267, 268, 269, 270, 271, 272, 273, 274, 275, 276, 277, 278, 279, 280, 281, 282, 283, 284, 285, 286, 287, 288, 289, 290, 291, 292, 293, 294, 295, 296, 297, 298, 299, 300, 301, 302, 303, 304, 305, 306, 307, 308, 309, 310, 311, 312, 313, 314, 315, 316, 317, 318, 319, 320, 321, 322, 323, 324, 325, 326, 327, 328, 329, 330, 331, 332, 333, 334, 335, 336, 337, 354, 379, 388, 389, 425, 454, 458, 463, 475, 487, 498, 499, 512, 530, 531, 532, 533, 534, 536, 573, 574, 575, 576, 577, 578, 579, 580, 581, 582, 583, 584, 585, 586, 587, 588, 589, 590, 591, 592, 593, 594, 595, 596, 597, 598, 599, 600, 601, 602, 603, 604, 605, 606, 607, 608, 609, 610, 611, 612, 613, 614, 615, 616, 617, 618, 619, 620, 621, 622, 623, 624, 625, 626, 627, 628, 629, 630, 631, 632, 633, 634, 635, 636, 637, 638, 639, 640, 641, 642, 643, 644, 645, 646, 647, 648, 649, 650, 651, 652, 653, 654, 655, 656, 657, 658, 659, 660, 661, 662, 663, 664, 665, 666, 667, 668, 669, 670, 671, 672, 673, 674, 675, 676, 677, 678, 679, 680, 681, 682, 683, 684, 685, 686, 687, 688, 689, 690, 691, 692, 693, 694, 695, 696, 697, 698, 699, 700, 701, 702, 703, 704, 705, 706, 707, 708, 709, 710, 711, 712, 713, 714, 715, 716, 717, 718, 719, 720, 721, 722, 723, 724, 725, 726, 727, 728, 729, 730, 731, 732, 733, 734, 735, 736, 737, 738, 739, 740, 741, 742, 743, 744, 745, 746, 747, 748, 749, 750, 751, 752, 753, 754, 755, 756, 757, 758, 759, 760, 761, 762, 763, 764, 765, 766, 767, 768, 769, 770, 771, 772, 773, 774, 775, 776, 777, 778, 779, 780, 781, 782, 783, 784, 785, 786, 787, 788, 789, 790, 791, 792, 793, 809, 829, 838, 839, 877, 901, 903, 905, 910, 923]",True,"[149, 620]","[103, 104, 105, 106, 107, 108, 109, 110, 111, 112, 113, 114, 115, 116, 117, 118, 119, 120, 121, 122, 123, 124, 125, 126, 127, 128, 129, 130, 131, 132, 133, 134, 135, 136, 137, 138, 139, 140, 141, 142, 143, 144, 145, 146, 147, 148, 149, 150, 151, 152, 153, 154, 155, 156, 157, 158, 159, 160, 161, 162, 163, 164, 165, 166, 167, 168, 169, 170, 171, 172, 173, 174, 175, 176, 177, 178, 179, 180, 181, 182, 183, 184, 185, 186, 187, 188, 189, 190, 191, 192, 193, 194, 195, 196, 197, 198, 199, 200, 201, 202, 203, 204, 205, 206, 207, 208, 209, 210, 211, 212, 213, 214, 215, 216, 217, 218, 219, 220, 221, 222, 223, 224, 225, 226, 227, 228, 229, 230, 231, 232, 233, 234, 235, 236, 237, 238, 239, 240, 241, 242, 243, 244, 245, 246, 247, 248, 249, 250, 251, 252, 253, 254, 255, 256, 257, 258, 259, 260, 261, 262, 263, 264, 265, 266, 267, 268, 269, 270, 271, 272, 273, 274, 275, 276, 277, 278, 279, 280, 281, 282, 283, 284, 285, 286, 287, 288, 289, 290, 291, 292, 293, 294, 295, 296, 297, 298, 299, 300, 301, 302, 303, 304, 305, 306, 307, 308, 309, 310, 311, 312, 313, 314, 315, 316, 317, 318, 319, 320, 321, 322, 323, 324, 325, 326, 327, 328, 329, 330, 331, 332, 333, 334, 335, 336, 337, 574, 575, 576, 577, 578, 579, 580, 581, 582, 583, 584, 585, 586, 587, 588, 589, 590, 591, 592, 593, 594, 595, 596, 597, 598, 599, 600, 601, 602, 603, 604, 605, 606, 607, 608, 609, 610, 611, 612, 613, 614, 615, 616, 617, 618, 619, 620, 621, 622, 623, 624, 625, 626, 627, 628, 629, 630, 631, 632, 633, 634, 635, 636, 637, 638, 639, 640, 641, 642, 643, 644, 645, 646, 647, 648, 649, 650, 651, 652, 653, 654, 655, 656, 657, 658, 659, 660, 661, 662, 663, 664, 665, 666, 667, 668, 669, 670, 671, 672, 673, 674, 675, 676, 677, 678, 679, 680, 681, 682, 683, 684, 685, 686, 687, 688, 689, 690, 691, 692, 693, 694, 695, 696, 697, 698, 699, 700, 701, 702, 703, 704, 705, 706, 707, 708, 709, 710, 711, 712, 713, 714, 715, 716, 717, 718, 719, 720, 721, 722, 723, 724, 725, 726, 727, 728, 729, 730, 731, 732, 733, 734, 735, 736, 737, 738, 739, 740, 741, 742, 743, 744, 745, 746, 747, 748, 749, 750, 751, 752, 753, 754, 755, 756, 757, 758, 759, 760, 761, 762, 763, 764, 765, 766, 767, 768, 769, 770, 771, 772, 773, 774, 775, 776, 777, 778, 779, 780, 781, 782, 783, 784, 785, 786, 787, 788, 789, 790, 791, 792, 793]","[149, 620]",[],"[149, 620]","[1, 13, 14, 29, 54, 55, 56, 57, 58, 60, 102, 118, 125, 127, 130, 134, 146, 149, 153, 175, 182, 187, 189, 191, 197, 225, 230, 238, 264, 265, 266, 286, 302, 317, 336, 354, 379, 388, 389, 425, 454, 458, 463, 475, 487, 498, 499, 512, 530, 531, 532, 533, 534, 536, 573, 589, 596, 598, 601, 605, 617, 620, 624, 646, 653, 658, 660, 662, 668, 689, 694, 702, 724, 725, 745, 760, 775, 793, 809, 829, 838, 839, 877, 901, 903, 905, 910, 923]","[1, 13, 14, 29, 54, 55, 56, 57, 58, 60, 102, 118, 125, 127, 130, 134, 146, 149, 153, 175, 182, 187, 189, 191, 197, 225, 230, 238, 264, 265, 266, 286, 302, 317, 336, 379, 388, 389, 425, 454, 458, 463, 475, 487, 498, 499, 512, 530, 531, 532, 533, 534, 536, 573, 589, 596, 598, 601, 605, 617, 620, 624, 646, 653, 658, 660, 662, 668, 689, 694, 702, 724, 725, 745, 760, 775, 793, 829, 838, 839, 877, 901, 903, 905, 910, 923]",7/6 successful match,True,[640],True,295,False,,1.0,True,A & A Shell # 2,Shell
"Ducor , 93218 A & A Shell # 2",4 559-534-2500 Hwy 65 & 56th Ave ( 13 mi E of CA 99 ),24 HRS M <U+2610>,Ducor,93218,A & A Shell # 2,559-534-2500,2008,Ducor,CA,Shell,( 13 mi E of CA 99 ),Hwy 65 & 56th Ave,empty,,False,,False,Hwy 65,56th Ave,,,,"[620, 149]","[149, 620]","[149, 620]",[],"[103, 104, 105, 106, 107, 108, 109, 110, 111, 112, 113, 114, 115, 116, 117, 118, 119, 120, 121, 122, 123, 124, 125, 126, 127, 128, 129, 130, 131, 132, 133, 134, 135, 136, 137, 138, 139, 140, 141, 142, 143, 144, 145, 146, 147, 148, 149, 150, 151, 152, 153, 154, 155, 156, 157, 158, 159, 160, 161, 162, 163, 164, 165, 166, 167, 168, 169, 170, 171, 172, 173, 174, 175, 176, 177, 178, 179, 180, 181, 182, 183, 184, 185, 186, 187, 188, 189, 190, 191, 192, 193, 194, 195, 196, 197, 198, 199, 200, 201, 202, 203, 204, 205, 206, 207, 208, 209, 210, 211, 212, 213, 214, 215, 216, 217, 218, 219, 220, 221, 222, 223, 224, 225, 226, 227, 228, 229, 230, 231, 232, 233, 234, 235, 236, 237, 238, 239, 240, 241, 242, 243, 244, 245, 246, 247, 248, 249, 250, 251, 252, 253, 254, 255, 256, 257, 258, 259, 260, 261, 262, 263, 264, 265, 266, 267, 268, 269, 270, 271, 272, 273, 274, 275, 276, 277, 278, 279, 280, 281, 282, 283, 284, 285, 286, 287, 288, 289, 290, 291, 292, 293, 294, 295, 296, 297, 298, 299, 300, 301, 302, 303, 304, 305, 306, 307, 308, 309, 310, 311, 312, 313, 314, 315, 316, 317, 318, 319, 320, 321, 322, 323, 324, 325, 326, 327, 328, 329, 330, 331, 332, 333, 334, 335, 336, 337, 574, 575, 576, 577, 578, 579, 580, 581, 582, 583, 584, 585, 586, 587, 588, 589, 590, 591, 592, 593, 594, 595, 596, 597, 598, 599, 600, 601, 602, 603, 604, 605, 606, 607, 608, 609, 610, 611, 612, 613, 614, 615, 616, 617, 618, 619, 620, 621, 622, 623, 624, 625, 626, 627, 628, 629, 630, 631, 632, 633, 634, 635, 636, 637, 638, 639, 640, 641, 642, 643, 644, 645, 646, 647, 648, 649, 650, 651, 652, 653, 654, 655, 656, 657, 658, 659, 660, 661, 662, 663, 664, 665, 666, 667, 668, 669, 670, 671, 672, 673, 674, 675, 676, 677, 678, 679, 680, 681, 682, 683, 684, 685, 686, 687, 688, 689, 690, 691, 692, 693, 694, 695, 696, 697, 698, 699, 700, 701, 702, 703, 704, 705, 706, 707, 708, 709, 710, 711, 712, 713, 714, 715, 716, 717, 718, 719, 720, 721, 722, 723, 724, 725, 726, 727, 728, 729, 730, 731, 732, 733, 734, 735, 736, 737, 738, 739, 740, 741, 742, 743, 744, 745, 746, 747, 748, 749, 750, 751, 752, 753, 754, 755, 756, 757, 758, 759, 760, 761, 762, 763, 764, 765, 766, 767, 768, 769, 770, 771, 772, 773, 774, 775, 776, 777, 778, 779, 780, 781, 782, 783, 784, 785, 786, 787, 788, 789, 790, 791, 792, 793]","[149, 620]","[1, 13, 14, 29, 54, 55, 56, 57, 58, 60, 102, 118, 125, 127, 130, 134, 146, 149, 153, 175, 182, 187, 189, 191, 197, 225, 230, 238, 264, 265, 266, 286, 302, 317, 336, 379, 388, 389, 425, 454, 458, 463, 475, 487, 498, 499, 512, 530, 531, 532, 533, 534, 536, 573, 589, 596, 598, 601, 605, 617, 620, 624, 646, 653, 658, 660, 662, 668, 689, 694, 702, 724, 725, 745, 760, 775, 793, 829, 838, 839, 877, 901, 903, 905, 910, 923]","[1, 13, 14, 29, 54, 55, 56, 57, 58, 60, 102, 118, 125, 127, 130, 134, 146, 149, 153, 175, 182, 187, 189, 191, 197, 225, 230, 238, 264, 265, 266, 286, 302, 317, 336, 354, 379, 388, 389, 425, 454, 458, 463, 475, 487, 498, 499, 512, 530, 531, 532, 533, 534, 536, 573, 589, 596, 598, 601, 605, 617, 620, 624, 646, 653, 658, 660, 662, 668, 689, 694, 702, 724, 725, 745, 760, 775, 793, 809, 829, 838, 839, 877, 901, 903, 905, 910, 923]","[1, 13, 14, 29, 54, 55, 56, 57, 58, 60, 102, 103, 104, 105, 106, 107, 108, 109, 110, 111, 112, 113, 114, 115, 116, 117, 118, 119, 120, 121, 122, 123, 124, 125, 126, 127, 128, 129, 130, 131, 132, 133, 134, 135, 136, 137, 138, 139, 140, 141, 142, 143, 144, 145, 146, 147, 148, 149, 150, 151, 152, 153, 154, 155, 156, 157, 158, 159, 160, 161, 162, 163, 164, 165, 166, 167, 168, 169, 170, 171, 172, 173, 174, 175, 176, 177, 178, 179, 180, 181, 182, 183, 184, 185, 186, 187, 188, 189, 190, 191, 192, 193, 194, 195, 196, 197, 198, 199, 200, 201, 202, 203, 204, 205, 206, 207, 208, 209, 210, 211, 212, 213, 214, 215, 216, 217, 218, 219, 220, 221, 222, 223, 224, 225, 226, 227, 228, 229, 230, 231, 232, 233, 234, 235, 236, 237, 238, 239, 240, 241, 242, 243, 244, 245, 246, 247, 248, 249, 250, 251, 252, 253, 254, 255, 256, 257, 258, 259, 260, 261, 262, 263, 264, 265, 266, 267, 268, 269, 270, 271, 272, 273, 274, 275, 276, 277, 278, 279, 280, 281, 282, 283, 284, 285, 286, 287, 288, 289, 290, 291, 292, 293, 294, 295, 296, 297, 298, 299, 300, 301, 302, 303, 304, 305, 306, 307, 308, 309, 310, 311, 312, 313, 314, 315, 316, 317, 318, 319, 320, 321, 322, 323, 324, 325, 326, 327, 328, 329, 330, 331, 332, 333, 334, 335, 336, 337, 354, 379, 388, 389, 425, 454, 458, 463, 475, 487, 498, 499, 512, 530, 531, 532, 533, 534, 536, 573, 574, 575, 576, 577, 578, 579, 580, 581, 582, 583, 584, 585, 586, 587, 588, 589, 590, 591, 592, 593, 594, 595, 596, 597, 598, 599, 600, 601, 602, 603, 604, 605, 606, 607, 608, 609, 610, 611, 612, 613, 614, 615, 616, 617, 618, 619, 620, 621, 622, 623, 624, 625, 626, 627, 628, 629, 630, 631, 632, 633, 634, 635, 636, 637, 638, 639, 640, 641, 642, 643, 644, 645, 646, 647, 648, 649, 650, 651, 652, 653, 654, 655, 656, 657, 658, 659, 660, 661, 662, 663, 664, 665, 666, 667, 668, 669, 670, 671, 672, 673, 674, 675, 676, 677, 678, 679, 680, 681, 682, 683, 684, 685, 686, 687, 688, 689, 690, 691, 692, 693, 694, 695, 696, 697, 698, 699, 700, 701, 702, 703, 704, 705, 706, 707, 708, 709, 710, 711, 712, 713, 714, 715, 716, 717, 718, 719, 720, 721, 722, 723, 724, 725, 726, 727, 728, 729, 730, 731, 732, 733, 734, 735, 736, 737, 738, 739, 740, 741, 742, 743, 744, 745, 746, 747, 748, 749, 750, 751, 752, 753, 754, 755, 756, 757, 758, 759, 760, 761, 762, 763, 764, 765, 766, 767, 768, 769, 770, 771, 772, 773, 774, 775, 776, 777, 778, 779, 780, 781, 782, 783, 784, 785, 786, 787, 788, 789, 790, 791, 792, 793, 809, 829, 838, 839, 877, 901, 903, 905, 910, 923]",True,"[149, 620]","[103, 104, 105, 106, 107, 108, 109, 110, 111, 112, 113, 114, 115, 116, 117, 118, 119, 120, 121, 122, 123, 124, 125, 126, 127, 128, 129, 130, 131, 132, 133, 134, 135, 136, 137, 138, 139, 140, 141, 142, 143, 144, 145, 146, 147, 148, 149, 150, 151, 152, 153, 154, 155, 156, 157, 158, 159, 160, 161, 162, 163, 164, 165, 166, 167, 168, 169, 170, 171, 172, 173, 174, 175, 176, 177, 178, 179, 180, 181, 182, 183, 184, 185, 186, 187, 188, 189, 190, 191, 192, 193, 194, 195, 196, 197, 198, 199, 200, 201, 202, 203, 204, 205, 206, 207, 208, 209, 210, 211, 212, 213, 214, 215, 216, 217, 218, 219, 220, 221, 222, 223, 224, 225, 226, 227, 228, 229, 230, 231, 232, 233, 234, 235, 236, 237, 238, 239, 240, 241, 242, 243, 244, 245, 246, 247, 248, 249, 250, 251, 252, 253, 254, 255, 256, 257, 258, 259, 260, 261, 262, 263, 264, 265, 266, 267, 268, 269, 270, 271, 272, 273, 274, 275, 276, 277, 278, 279, 280, 281, 282, 283, 284, 285, 286, 287, 288, 289, 290, 291, 292, 293, 294, 295, 296, 297, 298, 299, 300, 301, 302, 303, 304, 305, 306, 307, 308, 309, 310, 311, 312, 313, 314, 315, 316, 317, 318, 319, 320, 321, 322, 323, 324, 325, 326, 327, 328, 329, 330, 331, 332, 333, 334, 335, 336, 337, 574, 575, 576, 577, 578, 579, 580, 581, 582, 583, 584, 585, 586, 587, 588, 589, 590, 591, 592, 593, 594, 595, 596, 597, 598, 599, 600, 601, 602, 603, 604, 605, 606, 607, 608, 609, 610, 611, 612, 613, 614, 615, 616, 617, 618, 619, 620, 621, 622, 623, 624, 625, 626, 627, 628, 629, 630, 631, 632, 633, 634, 635, 636, 637, 638, 639, 640, 641, 642, 643, 644, 645, 646, 647, 648, 649, 650, 651, 652, 653, 654, 655, 656, 657, 658, 659, 660, 661, 662, 663, 664, 665, 666, 667, 668, 669, 670, 671, 672, 673, 674, 675, 676, 677, 678, 679, 680, 681, 682, 683, 684, 685, 686, 687, 688, 689, 690, 691, 692, 693, 694, 695, 696, 697, 698, 699, 700, 701, 702, 703, 704, 705, 706, 707, 708, 709, 710, 711, 712, 713, 714, 715, 716, 717, 718, 719, 720, 721, 722, 723, 724, 725, 726, 727, 728, 729, 730, 731, 732, 733, 734, 735, 736, 737, 738, 739, 740, 741, 742, 743, 744, 745, 746, 747, 748, 749, 750, 751, 752, 753, 754, 755, 756, 757, 758, 759, 760, 761, 762, 763, 764, 765, 766, 767, 768, 769, 770, 771, 772, 773, 774, 775, 776, 777, 778, 779, 780, 781, 782, 783, 784, 785, 786, 787, 788, 789, 790, 791, 792, 793]","[149, 620]",[],"[149, 620]","[1, 13, 14, 29, 54, 55, 56, 57, 58, 60, 102, 118, 125, 127, 130, 134, 146, 149, 153, 175, 182, 187, 189, 191, 197, 225, 230, 238, 264, 265, 266, 286, 302, 317, 336, 354, 379, 388, 389, 425, 454, 458, 463, 475, 487, 498, 499, 512, 530, 531, 532, 533, 534, 536, 573, 589, 596, 598, 601, 605, 617, 620, 624, 646, 653, 658, 660, 662, 668, 689, 694, 702, 724, 725, 745, 760, 775, 793, 809, 829, 838, 839, 877, 901, 903, 905, 910, 923]","[1, 13, 14, 29, 54, 55, 56, 57, 58, 60, 102, 118, 125, 127, 130, 134, 146, 149, 153, 175, 182, 187, 189, 191, 197, 225, 230, 238, 264, 265, 266, 286, 302, 317, 336, 379, 388, 389, 425, 454, 458, 463, 475, 487, 498, 499, 512, 530, 531, 532, 533, 534, 536, 573, 589, 596, 598, 601, 605, 617, 620, 624, 646, 653, 658, 660, 662, 668, 689, 694, 702, 724, 725, 745, 760, 775, 793, 829, 838, 839, 877, 901, 903, 905, 910, 923]",7/6 successful match,True,[640],True,295,False,,1.0,True,A & A Shell # 2,Shell
Ducor ( 93218 ) Handy Market ( Shell ),559-534-2500 CA 65 & Ave 56,124 MO,Ducor,93218,Handy Market ( Shell ),559-534-2500,2014,Ducor,CA,Shell,,CA 65 & Ave 56,empty,,False,,False,CA 65,Ave 56,,,,"[620, 149]","[149, 620]","[149, 620]",[],"[103, 104, 105, 106, 107, 108, 109, 110, 111, 112, 113, 114, 115, 116, 117, 118, 119, 120, 121, 122, 123, 124, 125, 126, 127, 128, 129, 130, 131, 132, 133, 134, 135, 136, 137, 138, 139, 140, 141, 142, 143, 144, 145, 146, 147, 148, 149, 150, 151, 152, 153, 154, 155, 156, 157, 158, 159, 160, 161, 162, 163, 164, 165, 166, 167, 168, 169, 170, 171, 172, 173, 174, 175, 176, 177, 178, 179, 180, 181, 182, 183, 184, 185, 186, 187, 188, 189, 190, 191, 192, 193, 194, 195, 196, 197, 198, 199, 200, 201, 202, 203, 204, 205, 206, 207, 208, 209, 210, 211, 212, 213, 214, 215, 216, 217, 218, 219, 220, 221, 222, 223, 224, 225, 226, 227, 228, 229, 230, 231, 232, 233, 234, 235, 236, 237, 238, 239, 240, 241, 242, 243, 244, 245, 246, 247, 248, 249, 250, 251, 252, 253, 254, 255, 256, 257, 258, 259, 260, 261, 262, 263, 264, 265, 266, 267, 268, 269, 270, 271, 272, 273, 274, 275, 276, 277, 278, 279, 280, 281, 282, 283, 284, 285, 286, 287, 288, 289, 290, 291, 292, 293, 294, 295, 296, 297, 298, 299, 300, 301, 302, 303, 304, 305, 306, 307, 308, 309, 310, 311, 312, 313, 314, 315, 316, 317, 318, 319, 320, 321, 322, 323, 324, 325, 326, 327, 328, 329, 330, 331, 332, 333, 334, 335, 336, 337, 574, 575, 576, 577, 578, 579, 580, 581, 582, 583, 584, 585, 586, 587, 588, 589, 590, 591, 592, 593, 594, 595, 596, 597, 598, 599, 600, 601, 602, 603, 604, 605, 606, 607, 608, 609, 610, 611, 612, 613, 614, 615, 616, 617, 618, 619, 620, 621, 622, 623, 624, 625, 626, 627, 628, 629, 630, 631, 632, 633, 634, 635, 636, 637, 638, 639, 640, 641, 642, 643, 644, 645, 646, 647, 648, 649, 650, 651, 652, 653, 654, 655, 656, 657, 658, 659, 660, 661, 662, 663, 664, 665, 666, 667, 668, 669, 670, 671, 672, 673, 674, 675, 676, 677, 678, 679, 680, 681, 682, 683, 684, 685, 686, 687, 688, 689, 690, 691, 692, 693, 694, 695, 696, 697, 698, 699, 700, 701, 702, 703, 704, 705, 706, 707, 708, 709, 710, 711, 712, 713, 714, 715, 716, 717, 718, 719, 720, 721, 722, 723, 724, 725, 726, 727, 728, 729, 730, 731, 732, 733, 734, 735, 736, 737, 738, 739, 740, 741, 742, 743, 744, 745, 746, 747, 748, 749, 750, 751, 752, 753, 754, 755, 756, 757, 758, 759, 760, 761, 762, 763, 764, 765, 766, 767, 768, 769, 770, 771, 772, 773, 774, 775, 776, 777, 778, 779, 780, 781, 782, 783, 784, 785, 786, 787, 788, 789, 790, 791, 792, 793]","[103, 104, 106, 117, 118, 120, 127, 128, 129, 131, 133, 135, 136, 137, 139, 146, 147, 148, 149, 151, 158, 160, 162, 166, 173, 178, 179, 185, 190, 192, 198, 201, 203, 204, 206, 207, 212, 213, 214, 219, 223, 224, 225, 227, 230, 235, 237, 246, 247, 256, 259, 262, 263, 266, 268, 269, 271, 272, 278, 279, 284, 285, 288, 290, 292, 304, 312, 316, 319, 320, 323, 324, 332, 574, 575, 588, 591, 607, 608, 610, 618, 619, 620, 622, 632, 644, 649, 650, 656, 661, 663, 669, 674, 677, 683, 684, 687, 688, 689, 701, 710, 723, 730, 731, 738, 747, 751, 762, 774, 778, 789]","[1, 13, 14, 29, 54, 55, 56, 57, 58, 60, 102, 118, 125, 127, 130, 134, 146, 149, 153, 175, 182, 187, 189, 191, 197, 225, 230, 238, 264, 265, 266, 286, 302, 317, 336, 379, 388, 389, 425, 454, 458, 463, 475, 487, 498, 499, 512, 530, 531, 532, 533, 534, 536, 573, 589, 596, 598, 601, 605, 617, 620, 624, 646, 653, 658, 660, 662, 668, 689, 694, 702, 724, 725, 745, 760, 775, 793, 829, 838, 839, 877, 901, 903, 905, 910, 923]","[1, 13, 14, 29, 54, 55, 56, 57, 58, 60, 102, 118, 125, 127, 130, 134, 146, 149, 153, 175, 182, 187, 189, 191, 197, 225, 230, 238, 264, 265, 266, 286, 302, 317, 336, 354, 379, 388, 389, 425, 454, 458, 463, 475, 487, 498, 499, 512, 530, 531, 532, 533, 534, 536, 573, 589, 596, 598, 601, 605, 617, 620, 624, 646, 653, 658, 660, 662, 668, 689, 694, 702, 724, 725, 745, 760, 775, 793, 809, 829, 838, 839, 877, 901, 903, 905, 910, 923]","[1, 13, 14, 29, 54, 55, 56, 57, 58, 60, 102, 103, 104, 105, 106, 107, 108, 109, 110, 111, 112, 113, 114, 115, 116, 117, 118, 119, 120, 121, 122, 123, 124, 125, 126, 127, 128, 129, 130, 131, 132, 133, 134, 135, 136, 137, 138, 139, 140, 141, 142, 143, 144, 145, 146, 147, 148, 149, 150, 151, 152, 153, 154, 155, 156, 157, 158, 159, 160, 161, 162, 163, 164, 165, 166, 167, 168, 169, 170, 171, 172, 173, 174, 175, 176, 177, 178, 179, 180, 181, 182, 183, 184, 185, 186, 187, 188, 189, 190, 191, 192, 193, 194, 195, 196, 197, 198, 199, 200, 201, 202, 203, 204, 205, 206, 207, 208, 209, 210, 211, 212, 213, 214, 215, 216, 217, 218, 219, 220, 221, 222, 223, 224, 225, 226, 227, 228, 229, 230, 231, 232, 233, 234, 235, 236, 237, 238, 239, 240, 241, 242, 243, 244, 245, 246, 247, 248, 249, 250, 251, 252, 253, 254, 255, 256, 257, 258, 259, 260, 261, 262, 263, 264, 265, 266, 267, 268, 269, 270, 271, 272, 273, 274, 275, 276, 277, 278, 279, 280, 281, 282, 283, 284, 285, 286, 287, 288, 289, 290, 291, 292, 293, 294, 295, 296, 297, 298, 299, 300, 301, 302, 303, 304, 305, 306, 307, 308, 309, 310, 311, 312, 313, 314, 315, 316, 317, 318, 319, 320, 321, 322, 323, 324, 325, 326, 327, 328, 329, 330, 331, 332, 333, 334, 335, 336, 337, 354, 379, 388, 389, 425, 454, 458, 463, 475, 487, 498, 499, 512, 530, 531, 532, 533, 534, 536, 573, 574, 575, 576, 577, 578, 579, 580, 581, 582, 583, 584, 585, 586, 587, 588, 589, 590, 591, 592, 593, 594, 595, 596, 597, 598, 599, 600, 601, 602, 603, 604, 605, 606, 607, 608, 609, 610, 611, 612, 613, 614, 615, 616, 617, 618, 619, 620, 621, 622, 623, 624, 625, 626, 627, 628, 629, 630, 631, 632, 633, 634, 635, 636, 637, 638, 639, 640, 641, 642, 643, 644, 645, 646, 647, 648, 649, 650, 651, 652, 653, 654, 655, 656, 657, 658, 659, 660, 661, 662, 663, 664, 665, 666, 667, 668, 669, 670, 671, 672, 673, 674, 675, 676, 677, 678, 679, 680, 681, 682, 683, 684, 685, 686, 687, 688, 689, 690, 691, 692, 693, 694, 695, 696, 697, 698, 699, 700, 701, 702, 703, 704, 705, 706, 707, 708, 709, 710, 711, 712, 713, 714, 715, 716, 717, 718, 719, 720, 721, 722, 723, 724, 725, 726, 727, 728, 729, 730, 731, 732, 733, 734, 735, 736, 737, 738, 739, 740, 741, 742, 743, 744, 745, 746, 747, 748, 749, 750, 751, 752, 753, 754, 755, 756, 757, 758, 759, 760, 761, 762, 763, 764, 765, 766, 767, 768, 769, 770, 771, 772, 773, 774, 775, 776, 777, 778, 779, 780, 781, 782, 783, 784, 785, 786, 787, 788, 789, 790, 791, 792, 793, 809, 829, 838, 839, 877, 901, 903, 905, 910, 923]",True,"[149, 620]","[103, 104, 105, 106, 107, 108, 109, 110, 111, 112, 113, 114, 115, 116, 117, 118, 119, 120, 121, 122, 123, 124, 125, 126, 127, 128, 129, 130, 131, 132, 133, 134, 135, 136, 137, 138, 139, 140, 141, 142, 143, 144, 145, 146, 147, 148, 149, 150, 151, 152, 153, 154, 155, 156, 157, 158, 159, 160, 161, 162, 163, 164, 165, 166, 167, 168, 169, 170, 171, 172, 173, 174, 175, 176, 177, 178, 179, 180, 181, 182, 183, 184, 185, 186, 187, 188, 189, 190, 191, 192, 193, 194, 195, 196, 197, 198, 199, 200, 201, 202, 203, 204, 205, 206, 207, 208, 209, 210, 211, 212, 213, 214, 215, 216, 217, 218, 219, 220, 221, 222, 223, 224, 225, 226, 227, 228, 229, 230, 231, 232, 233, 234, 235, 236, 237, 238, 239, 240, 241, 242, 243, 244, 245, 246, 247, 248, 249, 250, 251, 252, 253, 254, 255, 256, 257, 258, 259, 260, 261, 262, 263, 264, 265, 266, 267, 268, 269, 270, 271, 272, 273, 274, 275, 276, 277, 278, 279, 280, 281, 282, 283, 284, 285, 286, 287, 288, 289, 290, 291, 292, 293, 294, 295, 296, 297, 298, 299, 300, 301, 302, 303, 304, 305, 306, 307, 308, 309, 310, 311, 312, 313, 314, 315, 316, 317, 318, 319, 320, 321, 322, 323, 324, 325, 326, 327, 328, 329, 330, 331, 332, 333, 334, 335, 336, 337, 574, 575, 576, 577, 578, 579, 580, 581, 582, 583, 584, 585, 586, 587, 588, 589, 590, 591, 592, 593, 594, 595, 596, 597, 598, 599, 600, 601, 602, 603, 604, 605, 606, 607, 608, 609, 610, 611, 612, 613, 614, 615, 616, 617, 618, 619, 620, 621, 622, 623, 624, 625, 626, 627, 628, 629, 630, 631, 632, 633, 634, 635, 636, 637, 638, 639, 640, 641, 642, 643, 644, 645, 646, 647, 648, 649, 650, 651, 652, 653, 654, 655, 656, 657, 658, 659, 660, 661, 662, 663, 664, 665, 666, 667, 668, 669, 670, 671, 672, 673, 674, 675, 676, 677, 678, 679, 680, 681, 682, 683, 684, 685, 686, 687, 688, 689, 690, 691, 692, 693, 694, 695, 696, 697, 698, 699, 700, 701, 702, 703, 704, 705, 706, 707, 708, 709, 710, 711, 712, 713, 714, 715, 716, 717, 718, 719, 720, 721, 722, 723, 724, 725, 726, 727, 728, 729, 730, 731, 732, 733, 734, 735, 736, 737, 738, 739, 740, 741, 742, 743, 744, 745, 746, 747, 748, 749, 750, 751, 752, 753, 754, 755, 756, 757, 758, 759, 760, 761, 762, 763, 764, 765, 766, 767, 768, 769, 770, 771, 772, 773, 774, 775, 776, 777, 778, 779, 780, 781, 782, 783, 784, 785, 786, 787, 788, 789, 790, 791, 792, 793]","[149, 620]",[],"[103, 104, 106, 117, 118, 120, 127, 128, 129, 131, 133, 135, 136, 137, 139, 146, 147, 148, 149, 151, 158, 160, 162, 166, 173, 178, 179, 185, 190, 192, 198, 201, 203, 204, 206, 207, 212, 213, 214, 219, 223, 224, 225, 227, 230, 235, 237, 246, 247, 256, 259, 262, 263, 266, 268, 269, 271, 272, 278, 279, 284, 285, 288, 290, 292, 304, 312, 316, 319, 320, 323, 324, 332, 574, 575, 588, 591, 607, 608, 610, 618, 619, 620, 622, 632, 644, 649, 650, 656, 661, 663, 669, 674, 677, 683, 684, 687, 688, 689, 701, 710, 723, 730, 731, 738, 747, 751, 762, 774, 778, 789]","[1, 13, 14, 29, 54, 55, 56, 57, 58, 60, 102, 118, 125, 127, 130, 134, 146, 149, 153, 175, 182, 187, 189, 191, 197, 225, 230, 238, 264, 265, 266, 286, 302, 317, 336, 354, 379, 388, 389, 425, 454, 458, 463, 475, 487, 498, 499, 512, 530, 531, 532, 533, 534, 536, 573, 589, 596, 598, 601, 605, 617, 620, 624, 646, 653, 658, 660, 662, 668, 689, 694, 702, 724, 725, 745, 760, 775, 793, 809, 829, 838, 839, 877, 901, 903, 905, 910, 923]","[1, 13, 14, 29, 54, 55, 56, 57, 58, 60, 102, 118, 125, 127, 130, 134, 146, 149, 153, 175, 182, 187, 189, 191, 197, 225, 230, 238, 264, 265, 266, 286, 302, 317, 336, 379, 388, 389, 425, 454, 458, 463, 475, 487, 498, 499, 512, 530, 531, 532, 533, 534, 536, 573, 589, 596, 598, 601, 605, 617, 620, 624, 646, 653, 658, 660, 662, 668, 689, 694, 702, 724, 725, 745, 760, 775, 793, 829, 838, 839, 877, 901, 903, 905, 910, 923]",7/6 successful match,True,[640],True,295,False,,0.7702702702702703,True,A & A Shell # 2,Shell
G Ducor ( 93218 ) Handy Market ( Shell ),4 559-534-2500 CA 65 & Ave 56,24 M,Ducor,93218,Handy Market ( Shell ),559-534-2500,2015,Ducor,CA,Shell,,CA 65 & Ave 56,empty,,False,,False,CA 65,Ave 56,,,,"[620, 149]","[149, 620]","[149, 620]",[],"[103, 104, 105, 106, 107, 108, 109, 110, 111, 112, 113, 114, 115, 116, 117, 118, 119, 120, 121, 122, 123, 124, 125, 126, 127, 128, 129, 130, 131, 132, 133, 134, 135, 136, 137, 138, 139, 140, 141, 142, 143, 144, 145, 146, 147, 148, 149, 150, 151, 152, 153, 154, 155, 156, 157, 158, 159, 160, 161, 162, 163, 164, 165, 166, 167, 168, 169, 170, 171, 172, 173, 174, 175, 176, 177, 178, 179, 180, 181, 182, 183, 184, 185, 186, 187, 188, 189, 190, 191, 192, 193, 194, 195, 196, 197, 198, 199, 200, 201, 202, 203, 204, 205, 206, 207, 208, 209, 210, 211, 212, 213, 214, 215, 216, 217, 218, 219, 220, 221, 222, 223, 224, 225, 226, 227, 228, 229, 230, 231, 232, 233, 234, 235, 236, 237, 238, 239, 240, 241, 242, 243, 244, 245, 246, 247, 248, 249, 250, 251, 252, 253, 254, 255, 256, 257, 258, 259, 260, 261, 262, 263, 264, 265, 266, 267, 268, 269, 270, 271, 272, 273, 274, 275, 276, 277, 278, 279, 280, 281, 282, 283, 284, 285, 286, 287, 288, 289, 290, 291, 292, 293, 294, 295, 296, 297, 298, 299, 300, 301, 302, 303, 304, 305, 306, 307, 308, 309, 310, 311, 312, 313, 314, 315, 316, 317, 318, 319, 320, 321, 322, 323, 324, 325, 326, 327, 328, 329, 330, 331, 332, 333, 334, 335, 336, 337, 574, 575, 576, 577, 578, 579, 580, 581, 582, 583, 584, 585, 586, 587, 588, 589, 590, 591, 592, 593, 594, 595, 596, 597, 598, 599, 600, 601, 602, 603, 604, 605, 606, 607, 608, 609, 610, 611, 612, 613, 614, 615, 616, 617, 618, 619, 620, 621, 622, 623, 624, 625, 626, 627, 628, 629, 630, 631, 632, 633, 634, 635, 636, 637, 638, 639, 640, 641, 642, 643, 644, 645, 646, 647, 648, 649, 650, 651, 652, 653, 654, 655, 656, 657, 658, 659, 660, 661, 662, 663, 664, 665, 666, 667, 668, 669, 670, 671, 672, 673, 674, 675, 676, 677, 678, 679, 680, 681, 682, 683, 684, 685, 686, 687, 688, 689, 690, 691, 692, 693, 694, 695, 696, 697, 698, 699, 700, 701, 702, 703, 704, 705, 706, 707, 708, 709, 710, 711, 712, 713, 714, 715, 716, 717, 718, 719, 720, 721, 722, 723, 724, 725, 726, 727, 728, 729, 730, 731, 732, 733, 734, 735, 736, 737, 738, 739, 740, 741, 742, 743, 744, 745, 746, 747, 748, 749, 750, 751, 752, 753, 754, 755, 756, 757, 758, 759, 760, 761, 762, 763, 764, 765, 766, 767, 768, 769, 770, 771, 772, 773, 774, 775, 776, 777, 778, 779, 780, 781, 782, 783, 784, 785, 786, 787, 788, 789, 790, 791, 792, 793]","[103, 104, 106, 117, 118, 120, 127, 128, 129, 131, 133, 135, 136, 137, 139, 146, 147, 148, 149, 151, 158, 160, 162, 166, 173, 178, 179, 185, 190, 192, 198, 201, 203, 204, 206, 207, 212, 213, 214, 219, 223, 224, 225, 227, 230, 235, 237, 246, 247, 256, 259, 262, 263, 266, 268, 269, 271, 272, 278, 279, 284, 285, 288, 290, 292, 304, 312, 316, 319, 320, 323, 324, 332, 574, 575, 588, 591, 607, 608, 610, 618, 619, 620, 622, 632, 644, 649, 650, 656, 661, 663, 669, 674, 677, 683, 684, 687, 688, 689, 701, 710, 723, 730, 731, 738, 747, 751, 762, 774, 778, 789]","[1, 13, 14, 29, 54, 55, 56, 57, 58, 60, 102, 118, 125, 127, 130, 134, 146, 149, 153, 175, 182, 187, 189, 191, 197, 225, 230, 238, 264, 265, 266, 286, 302, 317, 336, 379, 388, 389, 425, 454, 458, 463, 475, 487, 498, 499, 512, 530, 531, 532, 533, 534, 536, 573, 589, 596, 598, 601, 605, 617, 620, 624, 646, 653, 658, 660, 662, 668, 689, 694, 702, 724, 725, 745, 760, 775, 793, 829, 838, 839, 877, 901, 903, 905, 910, 923]","[1, 13, 14, 29, 54, 55, 56, 57, 58, 60, 102, 118, 125, 127, 130, 134, 146, 149, 153, 175, 182, 187, 189, 191, 197, 225, 230, 238, 264, 265, 266, 286, 302, 317, 336, 354, 379, 388, 389, 425, 454, 458, 463, 475, 487, 498, 499, 512, 530, 531, 532, 533, 534, 536, 573, 589, 596, 598, 601, 605, 617, 620, 624, 646, 653, 658, 660, 662, 668, 689, 694, 702, 724, 725, 745, 760, 775, 793, 809, 829, 838, 839, 877, 901, 903, 905, 910, 923]","[1, 13, 14, 29, 54, 55, 56, 57, 58, 60, 102, 103, 104, 105, 106, 107, 108, 109, 110, 111, 112, 113, 114, 115, 116, 117, 118, 119, 120, 121, 122, 123, 124, 125, 126, 127, 128, 129, 130, 131, 132, 133, 134, 135, 136, 137, 138, 139, 140, 141, 142, 143, 144, 145, 146, 147, 148, 149, 150, 151, 152, 153, 154, 155, 156, 157, 158, 159, 160, 161, 162, 163, 164, 165, 166, 167, 168, 169, 170, 171, 172, 173, 174, 175, 176, 177, 178, 179, 180, 181, 182, 183, 184, 185, 186, 187, 188, 189, 190, 191, 192, 193, 194, 195, 196, 197, 198, 199, 200, 201, 202, 203, 204, 205, 206, 207, 208, 209, 210, 211, 212, 213, 214, 215, 216, 217, 218, 219, 220, 221, 222, 223, 224, 225, 226, 227, 228, 229, 230, 231, 232, 233, 234, 235, 236, 237, 238, 239, 240, 241, 242, 243, 244, 245, 246, 247, 248, 249, 250, 251, 252, 253, 254, 255, 256, 257, 258, 259, 260, 261, 262, 263, 264, 265, 266, 267, 268, 269, 270, 271, 272, 273, 274, 275, 276, 277, 278, 279, 280, 281, 282, 283, 284, 285, 286, 287, 288, 289, 290, 291, 292, 293, 294, 295, 296, 297, 298, 299, 300, 301, 302, 303, 304, 305, 306, 307, 308, 309, 310, 311, 312, 313, 314, 315, 316, 317, 318, 319, 320, 321, 322, 323, 324, 325, 326, 327, 328, 329, 330, 331, 332, 333, 334, 335, 336, 337, 354, 379, 388, 389, 425, 454, 458, 463, 475, 487, 498, 499, 512, 530, 531, 532, 533, 534, 536, 573, 574, 575, 576, 577, 578, 579, 580, 581, 582, 583, 584, 585, 586, 587, 588, 589, 590, 591, 592, 593, 594, 595, 596, 597, 598, 599, 600, 601, 602, 603, 604, 605, 606, 607, 608, 609, 610, 611, 612, 613, 614, 615, 616, 617, 618, 619, 620, 621, 622, 623, 624, 625, 626, 627, 628, 629, 630, 631, 632, 633, 634, 635, 636, 637, 638, 639, 640, 641, 642, 643, 644, 645, 646, 647, 648, 649, 650, 651, 652, 653, 654, 655, 656, 657, 658, 659, 660, 661, 662, 663, 664, 665, 666, 667, 668, 669, 670, 671, 672, 673, 674, 675, 676, 677, 678, 679, 680, 681, 682, 683, 684, 685, 686, 687, 688, 689, 690, 691, 692, 693, 694, 695, 696, 697, 698, 699, 700, 701, 702, 703, 704, 705, 706, 707, 708, 709, 710, 711, 712, 713, 714, 715, 716, 717, 718, 719, 720, 721, 722, 723, 724, 725, 726, 727, 728, 729, 730, 731, 732, 733, 734, 735, 736, 737, 738, 739, 740, 741, 742, 743, 744, 745, 746, 747, 748, 749, 750, 751, 752, 753, 754, 755, 756, 757, 758, 759, 760, 761, 762, 763, 764, 765, 766, 767, 768, 769, 770, 771, 772, 773, 774, 775, 776, 777, 778, 779, 780, 781, 782, 783, 784, 785, 786, 787, 788, 789, 790, 791, 792, 793, 809, 829, 838, 839, 877, 901, 903, 905, 910, 923]",True,"[149, 620]","[103, 104, 105, 106, 107, 108, 109, 110, 111, 112, 113, 114, 115, 116, 117, 118, 119, 120, 121, 122, 123, 124, 125, 126, 127, 128, 129, 130, 131, 132, 133, 134, 135, 136, 137, 138, 139, 140, 141, 142, 143, 144, 145, 146, 147, 148, 149, 150, 151, 152, 153, 154, 155, 156, 157, 158, 159, 160, 161, 162, 163, 164, 165, 166, 167, 168, 169, 170, 171, 172, 173, 174, 175, 176, 177, 178, 179, 180, 181, 182, 183, 184, 185, 186, 187, 188, 189, 190, 191, 192, 193, 194, 195, 196, 197, 198, 199, 200, 201, 202, 203, 204, 205, 206, 207, 208, 209, 210, 211, 212, 213, 214, 215, 216, 217, 218, 219, 220, 221, 222, 223, 224, 225, 226, 227, 228, 229, 230, 231, 232, 233, 234, 235, 236, 237, 238, 239, 240, 241, 242, 243, 244, 245, 246, 247, 248, 249, 250, 251, 252, 253, 254, 255, 256, 257, 258, 259, 260, 261, 262, 263, 264, 265, 266, 267, 268, 269, 270, 271, 272, 273, 274, 275, 276, 277, 278, 279, 280, 281, 282, 283, 284, 285, 286, 287, 288, 289, 290, 291, 292, 293, 294, 295, 296, 297, 298, 299, 300, 301, 302, 303, 304, 305, 306, 307, 308, 309, 310, 311, 312, 313, 314, 315, 316, 317, 318, 319, 320, 321, 322, 323, 324, 325, 326, 327, 328, 329, 330, 331, 332, 333, 334, 335, 336, 337, 574, 575, 576, 577, 578, 579, 580, 581, 582, 583, 584, 585, 586, 587, 588, 589, 590, 591, 592, 593, 594, 595, 596, 597, 598, 599, 600, 601, 602, 603, 604, 605, 606, 607, 608, 609, 610, 611, 612, 613, 614, 615, 616, 617, 618, 619, 620, 621, 622, 623, 624, 625, 626, 627, 628, 629, 630, 631, 632, 633, 634, 635, 636, 637, 638, 639, 640, 641, 642, 643, 644, 645, 646, 647, 648, 649, 650, 651, 652, 653, 654, 655, 656, 657, 658, 659, 660, 661, 662, 663, 664, 665, 666, 667, 668, 669, 670, 671, 672, 673, 674, 675, 676, 677, 678, 679, 680, 681, 682, 683, 684, 685, 686, 687, 688, 689, 690, 691, 692, 693, 694, 695, 696, 697, 698, 699, 700, 701, 702, 703, 704, 705, 706, 707, 708, 709, 710, 711, 712, 713, 714, 715, 716, 717, 718, 719, 720, 721, 722, 723, 724, 725, 726, 727, 728, 729, 730, 731, 732, 733, 734, 735, 736, 737, 738, 739, 740, 741, 742, 743, 744, 745, 746, 747, 748, 749, 750, 751, 752, 753, 754, 755, 756, 757, 758, 759, 760, 761, 762, 763, 764, 765, 766, 767, 768, 769, 770, 771, 772, 773, 774, 775, 776, 777, 778, 779, 780, 781, 782, 783, 784, 785, 786, 787, 788, 789, 790, 791, 792, 793]","[149, 620]",[],"[103, 104, 106, 117, 118, 120, 127, 128, 129, 131, 133, 135, 136, 137, 139, 146, 147, 148, 149, 151, 158, 160, 162, 166, 173, 178, 179, 185, 190, 192, 198, 201, 203, 204, 206, 207, 212, 213, 214, 219, 223, 224, 225, 227, 230, 235, 237, 246, 247, 256, 259, 262, 263, 266, 268, 269, 271, 272, 278, 279, 284, 285, 288, 290, 292, 304, 312, 316, 319, 320, 323, 324, 332, 574, 575, 588, 591, 607, 608, 610, 618, 619, 620, 622, 632, 644, 649, 650, 656, 661, 663, 669, 674, 677, 683, 684, 687, 688, 689, 701, 710, 723, 730, 731, 738, 747, 751, 762, 774, 778, 789]","[1, 13, 14, 29, 54, 55, 56, 57, 58, 60, 102, 118, 125, 127, 130, 134, 146, 149, 153, 175, 182, 187, 189, 191, 197, 225, 230, 238, 264, 265, 266, 286, 302, 317, 336, 354, 379, 388, 389, 425, 454, 458, 463, 475, 487, 498, 499, 512, 530, 531, 532, 533, 534, 536, 573, 589, 596, 598, 601, 605, 617, 620, 624, 646, 653, 658, 660, 662, 668, 689, 694, 702, 724, 725, 745, 760, 775, 793, 809, 829, 838, 839, 877, 901, 903, 905, 910, 923]","[1, 13, 14, 29, 54, 55, 56, 57, 58, 60, 102, 118, 125, 127, 130, 134, 146, 149, 153, 175, 182, 187, 189, 191, 197, 225, 230, 238, 264, 265, 266, 286, 302, 317, 336, 379, 388, 389, 425, 454, 458, 463, 475, 487, 498, 499, 512, 530, 531, 532, 533, 534, 536, 573, 589, 596, 598, 601, 605, 617, 620, 624, 646, 653, 658, 660, 662, 668, 689, 694, 702, 724, 725, 745, 760, 775, 793, 829, 838, 839, 877, 901, 903, 905, 910, 923]",7/6 successful match,True,[640],True,295,False,,1.0,True,Handy Market ( Shell ),Shell
Ducor ( 93218 ) Handy Market ( Shell ),559-534-2500 CA 65 & Ave 56,24,Ducor,93218,Handy Market ( Shell ),559-534-2500,2016,Ducor,CA,Shell,,CA 65 & Ave 56,empty,,False,,False,CA 65,Ave 56,,,,"[620, 149]","[149, 620]","[149, 620]",[],"[103, 104, 105, 106, 107, 108, 109, 110, 111, 112, 113, 114, 115, 116, 117, 118, 119, 120, 121, 122, 123, 124, 125, 126, 127, 128, 129, 130, 131, 132, 133, 134, 135, 136, 137, 138, 139, 140, 141, 142, 143, 144, 145, 146, 147, 148, 149, 150, 151, 152, 153, 154, 155, 156, 157, 158, 159, 160, 161, 162, 163, 164, 165, 166, 167, 168, 169, 170, 171, 172, 173, 174, 175, 176, 177, 178, 179, 180, 181, 182, 183, 184, 185, 186, 187, 188, 189, 190, 191, 192, 193, 194, 195, 196, 197, 198, 199, 200, 201, 202, 203, 204, 205, 206, 207, 208, 209, 210, 211, 212, 213, 214, 215, 216, 217, 218, 219, 220, 221, 222, 223, 224, 225, 226, 227, 228, 229, 230, 231, 232, 233, 234, 235, 236, 237, 238, 239, 240, 241, 242, 243, 244, 245, 246, 247, 248, 249, 250, 251, 252, 253, 254, 255, 256, 257, 258, 259, 260, 261, 262, 263, 264, 265, 266, 267, 268, 269, 270, 271, 272, 273, 274, 275, 276, 277, 278, 279, 280, 281, 282, 283, 284, 285, 286, 287, 288, 289, 290, 291, 292, 293, 294, 295, 296, 297, 298, 299, 300, 301, 302, 303, 304, 305, 306, 307, 308, 309, 310, 311, 312, 313, 314, 315, 316, 317, 318, 319, 320, 321, 322, 323, 324, 325, 326, 327, 328, 329, 330, 331, 332, 333, 334, 335, 336, 337, 574, 575, 576, 577, 578, 579, 580, 581, 582, 583, 584, 585, 586, 587, 588, 589, 590, 591, 592, 593, 594, 595, 596, 597, 598, 599, 600, 601, 602, 603, 604, 605, 606, 607, 608, 609, 610, 611, 612, 613, 614, 615, 616, 617, 618, 619, 620, 621, 622, 623, 624, 625, 626, 627, 628, 629, 630, 631, 632, 633, 634, 635, 636, 637, 638, 639, 640, 641, 642, 643, 644, 645, 646, 647, 648, 649, 650, 651, 652, 653, 654, 655, 656, 657, 658, 659, 660, 661, 662, 663, 664, 665, 666, 667, 668, 669, 670, 671, 672, 673, 674, 675, 676, 677, 678, 679, 680, 681, 682, 683, 684, 685, 686, 687, 688, 689, 690, 691, 692, 693, 694, 695, 696, 697, 698, 699, 700, 701, 702, 703, 704, 705, 706, 707, 708, 709, 710, 711, 712, 713, 714, 715, 716, 717, 718, 719, 720, 721, 722, 723, 724, 725, 726, 727, 728, 729, 730, 731, 732, 733, 734, 735, 736, 737, 738, 739, 740, 741, 742, 743, 744, 745, 746, 747, 748, 749, 750, 751, 752, 753, 754, 755, 756, 757, 758, 759, 760, 761, 762, 763, 764, 765, 766, 767, 768, 769, 770, 771, 772, 773, 774, 775, 776, 777, 778, 779, 780, 781, 782, 783, 784, 785, 786, 787, 788, 789, 790, 791, 792, 793]","[103, 104, 106, 117, 118, 120, 127, 128, 129, 131, 133, 135, 136, 137, 139, 146, 147, 148, 149, 151, 158, 160, 162, 166, 173, 178, 179, 185, 190, 192, 198, 201, 203, 204, 206, 207, 212, 213, 214, 219, 223, 224, 225, 227, 230, 235, 237, 246, 247, 256, 259, 262, 263, 266, 268, 269, 271, 272, 278, 279, 284, 285, 288, 290, 292, 304, 312, 316, 319, 320, 323, 324, 332, 574, 575, 588, 591, 607, 608, 610, 618, 619, 620, 622, 632, 644, 649, 650, 656, 661, 663, 669, 674, 677, 683, 684, 687, 688, 689, 701, 710, 723, 730, 731, 738, 747, 751, 762, 774, 778, 789]","[1, 13, 14, 29, 54, 55, 56, 57, 58, 60, 102, 118, 125, 127, 130, 134, 146, 149, 153, 175, 182, 187, 189, 191, 197, 225, 230, 238, 264, 265, 266, 286, 302, 317, 336, 379, 388, 389, 425, 454, 458, 463, 475, 487, 498, 499, 512, 530, 531, 532, 533, 534, 536, 573, 589, 596, 598, 601, 605, 617, 620, 624, 646, 653, 658, 660, 662, 668, 689, 694, 702, 724, 725, 745, 760, 775, 793, 829, 838, 839, 877, 901, 903, 905, 910, 923]","[1, 13, 14, 29, 54, 55, 56, 57, 58, 60, 102, 118, 125, 127, 130, 134, 146, 149, 153, 175, 182, 187, 189, 191, 197, 225, 230, 238, 264, 265, 266, 286, 302, 317, 336, 354, 379, 388, 389, 425, 454, 458, 463, 475, 487, 498, 499, 512, 530, 531, 532, 533, 534, 536, 573, 589, 596, 598, 601, 605, 617, 620, 624, 646, 653, 658, 660, 662, 668, 689, 694, 702, 724, 725, 745, 760, 775, 793, 809, 829, 838, 839, 877, 901, 903, 905, 910, 923]","[1, 13, 14, 29, 54, 55, 56, 57, 58, 60, 102, 103, 104, 105, 106, 107, 108, 109, 110, 111, 112, 113, 114, 115, 116, 117, 118, 119, 120, 121, 122, 123, 124, 125, 126, 127, 128, 129, 130, 131, 132, 133, 134, 135, 136, 137, 138, 139, 140, 141, 142, 143, 144, 145, 146, 147, 148, 149, 150, 151, 152, 153, 154, 155, 156, 157, 158, 159, 160, 161, 162, 163, 164, 165, 166, 167, 168, 169, 170, 171, 172, 173, 174, 175, 176, 177, 178, 179, 180, 181, 182, 183, 184, 185, 186, 187, 188, 189, 190, 191, 192, 193, 194, 195, 196, 197, 198, 199, 200, 201, 202, 203, 204, 205, 206, 207, 208, 209, 210, 211, 212, 213, 214, 215, 216, 217, 218, 219, 220, 221, 222, 223, 224, 225, 226, 227, 228, 229, 230, 231, 232, 233, 234, 235, 236, 237, 238, 239, 240, 241, 242, 243, 244, 245, 246, 247, 248, 249, 250, 251, 252, 253, 254, 255, 256, 257, 258, 259, 260, 261, 262, 263, 264, 265, 266, 267, 268, 269, 270, 271, 272, 273, 274, 275, 276, 277, 278, 279, 280, 281, 282, 283, 284, 285, 286, 287, 288, 289, 290, 291, 292, 293, 294, 295, 296, 297, 298, 299, 300, 301, 302, 303, 304, 305, 306, 307, 308, 309, 310, 311, 312, 313, 314, 315, 316, 317, 318, 319, 320, 321, 322, 323, 324, 325, 326, 327, 328, 329, 330, 331, 332, 333, 334, 335, 336, 337, 354, 379, 388, 389, 425, 454, 458, 463, 475, 487, 498, 499, 512, 530, 531, 532, 533, 534, 536, 573, 574, 575, 576, 577, 578, 579, 580, 581, 582, 583, 584, 585, 586, 587, 588, 589, 590, 591, 592, 593, 594, 595, 596, 597, 598, 599, 600, 601, 602, 603, 604, 605, 606, 607, 608, 609, 610, 611, 612, 613, 614, 615, 616, 617, 618, 619, 620, 621, 622, 623, 624, 625, 626, 627, 628, 629, 630, 631, 632, 633, 634, 635, 636, 637, 638, 639, 640, 641, 642, 643, 644, 645, 646, 647, 648, 649, 650, 651, 652, 653, 654, 655, 656, 657, 658, 659, 660, 661, 662, 663, 664, 665, 666, 667, 668, 669, 670, 671, 672, 673, 674, 675, 676, 677, 678, 679, 680, 681, 682, 683, 684, 685, 686, 687, 688, 689, 690, 691, 692, 693, 694, 695, 696, 697, 698, 699, 700, 701, 702, 703, 704, 705, 706, 707, 708, 709, 710, 711, 712, 713, 714, 715, 716, 717, 718, 719, 720, 721, 722, 723, 724, 725, 726, 727, 728, 729, 730, 731, 732, 733, 734, 735, 736, 737, 738, 739, 740, 741, 742, 743, 744, 745, 746, 747, 748, 749, 750, 751, 752, 753, 754, 755, 756, 757, 758, 759, 760, 761, 762, 763, 764, 765, 766, 767, 768, 769, 770, 771, 772, 773, 774, 775, 776, 777, 778, 779, 780, 781, 782, 783, 784, 785, 786, 787, 788, 789, 790, 791, 792, 793, 809, 829, 838, 839, 877, 901, 903, 905, 910, 923]",True,"[149, 620]","[103, 104, 105, 106, 107, 108, 109, 110, 111, 112, 113, 114, 115, 116, 117, 118, 119, 120, 121, 122, 123, 124, 125, 126, 127, 128, 129, 130, 131, 132, 133, 134, 135, 136, 137, 138, 139, 140, 141, 142, 143, 144, 145, 146, 147, 148, 149, 150, 151, 152, 153, 154, 155, 156, 157, 158, 159, 160, 161, 162, 163, 164, 165, 166, 167, 168, 169, 170, 171, 172, 173, 174, 175, 176, 177, 178, 179, 180, 181, 182, 183, 184, 185, 186, 187, 188, 189, 190, 191, 192, 193, 194, 195, 196, 197, 198, 199, 200, 201, 202, 203, 204, 205, 206, 207, 208, 209, 210, 211, 212, 213, 214, 215, 216, 217, 218, 219, 220, 221, 222, 223, 224, 225, 226, 227, 228, 229, 230, 231, 232, 233, 234, 235, 236, 237, 238, 239, 240, 241, 242, 243, 244, 245, 246, 247, 248, 249, 250, 251, 252, 253, 254, 255, 256, 257, 258, 259, 260, 261, 262, 263, 264, 265, 266, 267, 268, 269, 270, 271, 272, 273, 274, 275, 276, 277, 278, 279, 280, 281, 282, 283, 284, 285, 286, 287, 288, 289, 290, 291, 292, 293, 294, 295, 296, 297, 298, 299, 300, 301, 302, 303, 304, 305, 306, 307, 308, 309, 310, 311, 312, 313, 314, 315, 316, 317, 318, 319, 320, 321, 322, 323, 324, 325, 326, 327, 328, 329, 330, 331, 332, 333, 334, 335, 336, 337, 574, 575, 576, 577, 578, 579, 580, 581, 582, 583, 584, 585, 586, 587, 588, 589, 590, 591, 592, 593, 594, 595, 596, 597, 598, 599, 600, 601, 602, 603, 604, 605, 606, 607, 608, 609, 610, 611, 612, 613, 614, 615, 616, 617, 618, 619, 620, 621, 622, 623, 624, 625, 626, 627, 628, 629, 630, 631, 632, 633, 634, 635, 636, 637, 638, 639, 640, 641, 642, 643, 644, 645, 646, 647, 648, 649, 650, 651, 652, 653, 654, 655, 656, 657, 658, 659, 660, 661, 662, 663, 664, 665, 666, 667, 668, 669, 670, 671, 672, 673, 674, 675, 676, 677, 678, 679, 680, 681, 682, 683, 684, 685, 686, 687, 688, 689, 690, 691, 692, 693, 694, 695, 696, 697, 698, 699, 700, 701, 702, 703, 704, 705, 706, 707, 708, 709, 710, 711, 712, 713, 714, 715, 716, 717, 718, 719, 720, 721, 722, 723, 724, 725, 726, 727, 728, 729, 730, 731, 732, 733, 734, 735, 736, 737, 738, 739, 740, 741, 742, 743, 744, 745, 746, 747, 748, 749, 750, 751, 752, 753, 754, 755, 756, 757, 758, 759, 760, 761, 762, 763, 764, 765, 766, 767, 768, 769, 770, 771, 772, 773, 774, 775, 776, 777, 778, 779, 780, 781, 782, 783, 784, 785, 786, 787, 788, 789, 790, 791, 792, 793]","[149, 620]",[],"[103, 104, 106, 117, 118, 120, 127, 128, 129, 131, 133, 135, 136, 137, 139, 146, 147, 148, 149, 151, 158, 160, 162, 166, 173, 178, 179, 185, 190, 192, 198, 201, 203, 204, 206, 207, 212, 213, 214, 219, 223, 224, 225, 227, 230, 235, 237, 246, 247, 256, 259, 262, 263, 266, 268, 269, 271, 272, 278, 279, 284, 285, 288, 290, 292, 304, 312, 316, 319, 320, 323, 324, 332, 574, 575, 588, 591, 607, 608, 610, 618, 619, 620, 622, 632, 644, 649, 650, 656, 661, 663, 669, 674, 677, 683, 684, 687, 688, 689, 701, 710, 723, 730, 731, 738, 747, 751, 762, 774, 778, 789]","[1, 13, 14, 29, 54, 55, 56, 57, 58, 60, 102, 118, 125, 127, 130, 134, 146, 149, 153, 175, 182, 187, 189, 191, 197, 225, 230, 238, 264, 265, 266, 286, 302, 317, 336, 354, 379, 388, 389, 425, 454, 458, 463, 475, 487, 498, 499, 512, 530, 531, 532, 533, 534, 536, 573, 589, 596, 598, 601, 605, 617, 620, 624, 646, 653, 658, 660, 662, 668, 689, 694, 702, 724, 725, 745, 760, 775, 793, 809, 829, 838, 839, 877, 901, 903, 905, 910, 923]","[1, 13, 14, 29, 54, 55, 56, 57, 58, 60, 102, 118, 125, 127, 130, 134, 146, 149, 153, 175, 182, 187, 189, 191, 197, 225, 230, 238, 264, 265, 266, 286, 302, 317, 336, 379, 388, 389, 425, 454, 458, 463, 475, 487, 498, 499, 512, 530, 531, 532, 533, 534, 536, 573, 589, 596, 598, 601, 605, 617, 620, 624, 646, 653, 658, 660, 662, 668, 689, 694, 702, 724, 725, 745, 760, 775, 793, 829, 838, 839, 877, 901, 903, 905, 910, 923]",7/6 successful match,True,[640],True,295,False,,1.0,True,Handy Market ( Shell ),Shell
"F Goshen , 93227 Goshen Travel Plaza ( Arco )",559-651-1006 CA 99 Exit 98 B ( Betty Dr ),FRS 24 M M <U+2610> <U+2610>,Goshen,93227,Goshen Travel Plaza ( Arco ),559-651-1006,2006,Goshen,CA,,( Betty Dr ),CA 99 Exit 98 B ,Exit,98,False,,False,CA 99,,,,,"[618, 147]","[147, 618]","[147, 618]","[147, 324, 618, 782]","[103, 104, 105, 106, 107, 108, 109, 110, 111, 112, 113, 114, 115, 116, 117, 118, 119, 120, 121, 122, 123, 124, 125, 126, 127, 128, 129, 130, 131, 132, 133, 134, 135, 136, 137, 138, 139, 140, 141, 142, 143, 144, 145, 146, 147, 148, 149, 150, 151, 152, 153, 154, 155, 156, 157, 158, 159, 160, 161, 162, 163, 164, 165, 166, 167, 168, 169, 170, 171, 172, 173, 174, 175, 176, 177, 178, 179, 180, 181, 182, 183, 184, 185, 186, 187, 188, 189, 190, 191, 192, 193, 194, 195, 196, 197, 198, 199, 200, 201, 202, 203, 204, 205, 206, 207, 208, 209, 210, 211, 212, 213, 214, 215, 216, 217, 218, 219, 220, 221, 222, 223, 224, 225, 226, 227, 228, 229, 230, 231, 232, 233, 234, 235, 236, 237, 238, 239, 240, 241, 242, 243, 244, 245, 246, 247, 248, 249, 250, 251, 252, 253, 254, 255, 256, 257, 258, 259, 260, 261, 262, 263, 264, 265, 266, 267, 268, 269, 270, 271, 272, 273, 274, 275, 276, 277, 278, 279, 280, 281, 282, 283, 284, 285, 286, 287, 288, 289, 290, 291, 292, 293, 294, 295, 296, 297, 298, 299, 300, 301, 302, 303, 304, 305, 306, 307, 308, 309, 310, 311, 312, 313, 314, 315, 316, 317, 318, 319, 320, 321, 322, 323, 324, 325, 326, 327, 328, 329, 330, 331, 332, 333, 334, 335, 336, 337, 574, 575, 576, 577, 578, 579, 580, 581, 582, 583, 584, 585, 586, 587, 588, 589, 590, 591, 592, 593, 594, 595, 596, 597, 598, 599, 600, 601, 602, 603, 604, 605, 606, 607, 608, 609, 610, 611, 612, 613, 614, 615, 616, 617, 618, 619, 620, 621, 622, 623, 624, 625, 626, 627, 628, 629, 630, 631, 632, 633, 634, 635, 636, 637, 638, 639, 640, 641, 642, 643, 644, 645, 646, 647, 648, 649, 650, 651, 652, 653, 654, 655, 656, 657, 658, 659, 660, 661, 662, 663, 664, 665, 666, 667, 668, 669, 670, 671, 672, 673, 674, 675, 676, 677, 678, 679, 680, 681, 682, 683, 684, 685, 686, 687, 688, 689, 690, 691, 692, 693, 694, 695, 696, 697, 698, 699, 700, 701, 702, 703, 704, 705, 706, 707, 708, 709, 710, 711, 712, 713, 714, 715, 716, 717, 718, 719, 720, 721, 722, 723, 724, 725, 726, 727, 728, 729, 730, 731, 732, 733, 734, 735, 736, 737, 738, 739, 740, 741, 742, 743, 744, 745, 746, 747, 748, 749, 750, 751, 752, 753, 754, 755, 756, 757, 758, 759, 760, 761, 762, 763, 764, 765, 766, 767, 768, 769, 770, 771, 772, 773, 774, 775, 776, 777, 778, 779, 780, 781, 782, 783, 784, 785, 786, 787, 788, 789, 790, 791, 792, 793]","[10, 75, 103, 104, 106, 117, 118, 120, 127, 128, 129, 131, 133, 135, 136, 137, 139, 146, 147, 148, 149, 151, 158, 160, 162, 166, 173, 178, 179, 185, 190, 192, 198, 201, 203, 204, 206, 207, 212, 213, 214, 219, 223, 224, 225, 227, 230, 235, 237, 246, 247, 256, 259, 262, 263, 266, 268, 269, 271, 272, 278, 279, 284, 285, 288, 290, 292, 304, 306, 312, 316, 319, 320, 323, 324, 329, 332, 335, 495, 549, 574, 575, 577, 588, 589, 591, 598, 599, 600, 602, 604, 606, 607, 608, 610, 617, 618, 619, 620, 622, 625, 630, 632, 634, 638, 644, 649, 650, 656, 661, 663, 669, 673, 674, 676, 677, 682, 683, 684, 687, 688, 689, 691, 694, 699, 701, 710, 718, 722, 723, 727, 728, 730, 731, 737, 738, 743, 744, 747, 749, 751, 762, 764, 770, 774, 777, 778, 781, 782, 789, 791]",[],"[0, 120, 122, 200, 223, 226, 315, 382, 485, 591, 593, 625, 671, 687, 690, 773, 832]","[0, 10, 75, 103, 104, 105, 106, 107, 108, 109, 110, 111, 112, 113, 114, 115, 116, 117, 118, 119, 120, 121, 122, 123, 124, 125, 126, 127, 128, 129, 130, 131, 132, 133, 134, 135, 136, 137, 138, 139, 140, 141, 142, 143, 144, 145, 146, 147, 148, 149, 150, 151, 152, 153, 154, 155, 156, 157, 158, 159, 160, 161, 162, 163, 164, 165, 166, 167, 168, 169, 170, 171, 172, 173, 174, 175, 176, 177, 178, 179, 180, 181, 182, 183, 184, 185, 186, 187, 188, 189, 190, 191, 192, 193, 194, 195, 196, 197, 198, 199, 200, 201, 202, 203, 204, 205, 206, 207, 208, 209, 210, 211, 212, 213, 214, 215, 216, 217, 218, 219, 220, 221, 222, 223, 224, 225, 226, 227, 228, 229, 230, 231, 232, 233, 234, 235, 236, 237, 238, 239, 240, 241, 242, 243, 244, 245, 246, 247, 248, 249, 250, 251, 252, 253, 254, 255, 256, 257, 258, 259, 260, 261, 262, 263, 264, 265, 266, 267, 268, 269, 270, 271, 272, 273, 274, 275, 276, 277, 278, 279, 280, 281, 282, 283, 284, 285, 286, 287, 288, 289, 290, 291, 292, 293, 294, 295, 296, 297, 298, 299, 300, 301, 302, 303, 304, 305, 306, 307, 308, 309, 310, 311, 312, 313, 314, 315, 316, 317, 318, 319, 320, 321, 322, 323, 324, 325, 326, 327, 328, 329, 330, 331, 332, 333, 334, 335, 336, 337, 382, 485, 495, 549, 574, 575, 576, 577, 578, 579, 580, 581, 582, 583, 584, 585, 586, 587, 588, 589, 590, 591, 592, 593, 594, 595, 596, 597, 598, 599, 600, 601, 602, 603, 604, 605, 606, 607, 608, 609, 610, 611, 612, 613, 614, 615, 616, 617, 618, 619, 620, 621, 622, 623, 624, 625, 626, 627, 628, 629, 630, 631, 632, 633, 634, 635, 636, 637, 638, 639, 640, 641, 642, 643, 644, 645, 646, 647, 648, 649, 650, 651, 652, 653, 654, 655, 656, 657, 658, 659, 660, 661, 662, 663, 664, 665, 666, 667, 668, 669, 670, 671, 672, 673, 674, 675, 676, 677, 678, 679, 680, 681, 682, 683, 684, 685, 686, 687, 688, 689, 690, 691, 692, 693, 694, 695, 696, 697, 698, 699, 700, 701, 702, 703, 704, 705, 706, 707, 708, 709, 710, 711, 712, 713, 714, 715, 716, 717, 718, 719, 720, 721, 722, 723, 724, 725, 726, 727, 728, 729, 730, 731, 732, 733, 734, 735, 736, 737, 738, 739, 740, 741, 742, 743, 744, 745, 746, 747, 748, 749, 750, 751, 752, 753, 754, 755, 756, 757, 758, 759, 760, 761, 762, 763, 764, 765, 766, 767, 768, 769, 770, 771, 772, 773, 774, 775, 776, 777, 778, 779, 780, 781, 782, 783, 784, 785, 786, 787, 788, 789, 790, 791, 792, 793, 832]",True,"[147, 618]","[103, 104, 105, 106, 107, 108, 109, 110, 111, 112, 113, 114, 115, 116, 117, 118, 119, 120, 121, 122, 123, 124, 125, 126, 127, 128, 129, 130, 131, 132, 133, 134, 135, 136, 137, 138, 139, 140, 141, 142, 143, 144, 145, 146, 147, 148, 149, 150, 151, 152, 153, 154, 155, 156, 157, 158, 159, 160, 161, 162, 163, 164, 165, 166, 167, 168, 169, 170, 171, 172, 173, 174, 175, 176, 177, 178, 179, 180, 181, 182, 183, 184, 185, 186, 187, 188, 189, 190, 191, 192, 193, 194, 195, 196, 197, 198, 199, 200, 201, 202, 203, 204, 205, 206, 207, 208, 209, 210, 211, 212, 213, 214, 215, 216, 217, 218, 219, 220, 221, 222, 223, 224, 225, 226, 227, 228, 229, 230, 231, 232, 233, 234, 235, 236, 237, 238, 239, 240, 241, 242, 243, 244, 245, 246, 247, 248, 249, 250, 251, 252, 253, 254, 255, 256, 257, 258, 259, 260, 261, 262, 263, 264, 265, 266, 267, 268, 269, 270, 271, 272, 273, 274, 275, 276, 277, 278, 279, 280, 281, 282, 283, 284, 285, 286, 287, 288, 289, 290, 291, 292, 293, 294, 295, 296, 297, 298, 299, 300, 301, 302, 303, 304, 305, 306, 307, 308, 309, 310, 311, 312, 313, 314, 315, 316, 317, 318, 319, 320, 321, 322, 323, 324, 325, 326, 327, 328, 329, 330, 331, 332, 333, 334, 335, 336, 337, 574, 575, 576, 577, 578, 579, 580, 581, 582, 583, 584, 585, 586, 587, 588, 589, 590, 591, 592, 593, 594, 595, 596, 597, 598, 599, 600, 601, 602, 603, 604, 605, 606, 607, 608, 609, 610, 611, 612, 613, 614, 615, 616, 617, 618, 619, 620, 621, 622, 623, 624, 625, 626, 627, 628, 629, 630, 631, 632, 633, 634, 635, 636, 637, 638, 639, 640, 641, 642, 643, 644, 645, 646, 647, 648, 649, 650, 651, 652, 653, 654, 655, 656, 657, 658, 659, 660, 661, 662, 663, 664, 665, 666, 667, 668, 669, 670, 671, 672, 673, 674, 675, 676, 677, 678, 679, 680, 681, 682, 683, 684, 685, 686, 687, 688, 689, 690, 691, 692, 693, 694, 695, 696, 697, 698, 699, 700, 701, 702, 703, 704, 705, 706, 707, 708, 709, 710, 711, 712, 713, 714, 715, 716, 717, 718, 719, 720, 721, 722, 723, 724, 725, 726, 727, 728, 729, 730, 731, 732, 733, 734, 735, 736, 737, 738, 739, 740, 741, 742, 743, 744, 745, 746, 747, 748, 749, 750, 751, 752, 753, 754, 755, 756, 757, 758, 759, 760, 761, 762, 763, 764, 765, 766, 767, 768, 769, 770, 771, 772, 773, 774, 775, 776, 777, 778, 779, 780, 781, 782, 783, 784, 785, 786, 787, 788, 789, 790, 791, 792, 793]","[147, 618]","[147, 324, 618, 782]","[10, 75, 103, 104, 106, 117, 118, 120, 127, 128, 129, 131, 133, 135, 136, 137, 139, 146, 147, 148, 149, 151, 158, 160, 162, 166, 173, 178, 179, 185, 190, 192, 198, 201, 203, 204, 206, 207, 212, 213, 214, 219, 223, 224, 225, 227, 230, 235, 237, 246, 247, 256, 259, 262, 263, 266, 268, 269, 271, 272, 278, 279, 284, 285, 288, 290, 292, 304, 306, 312, 316, 319, 320, 323, 324, 329, 332, 335, 495, 549, 574, 575, 577, 588, 589, 591, 598, 599, 600, 602, 604, 606, 607, 608, 610, 617, 618, 619, 620, 622, 625, 630, 632, 634, 638, 644, 649, 650, 656, 661, 663, 669, 673, 674, 676, 677, 682, 683, 684, 687, 688, 689, 691, 694, 699, 701, 710, 718, 722, 723, 727, 728, 730, 731, 737, 738, 743, 744, 747, 749, 751, 762, 764, 770, 774, 777, 778, 781, 782, 789, 791]","[0, 120, 122, 200, 223, 226, 315, 382, 485, 591, 593, 625, 671, 687, 690, 773, 832]",[],5/6 successful match,True,[137],True,296,False,,,,,
"F Goshen , 93227 Goshen Travel Plaza ( Arco )",559-651-1006 CA 99 Exit 98 B ( Betty Dr ),24 M,Goshen,93227,Goshen Travel Plaza ( Arco ),559-651-1006,2007,Goshen,CA,,( Betty Dr ),CA 99 Exit 98 B ,Exit,98,False,,False,CA 99,,,,,"[618, 147]","[147, 618]","[147, 618]","[147, 324, 618, 782]","[103, 104, 105, 106, 107, 108, 109, 110, 111, 112, 113, 114, 115, 116, 117, 118, 119, 120, 121, 122, 123, 124, 125, 126, 127, 128, 129, 130, 131, 132, 133, 134, 135, 136, 137, 138, 139, 140, 141, 142, 143, 144, 145, 146, 147, 148, 149, 150, 151, 152, 153, 154, 155, 156, 157, 158, 159, 160, 161, 162, 163, 164, 165, 166, 167, 168, 169, 170, 171, 172, 173, 174, 175, 176, 177, 178, 179, 180, 181, 182, 183, 184, 185, 186, 187, 188, 189, 190, 191, 192, 193, 194, 195, 196, 197, 198, 199, 200, 201, 202, 203, 204, 205, 206, 207, 208, 209, 210, 211, 212, 213, 214, 215, 216, 217, 218, 219, 220, 221, 222, 223, 224, 225, 226, 227, 228, 229, 230, 231, 232, 233, 234, 235, 236, 237, 238, 239, 240, 241, 242, 243, 244, 245, 246, 247, 248, 249, 250, 251, 252, 253, 254, 255, 256, 257, 258, 259, 260, 261, 262, 263, 264, 265, 266, 267, 268, 269, 270, 271, 272, 273, 274, 275, 276, 277, 278, 279, 280, 281, 282, 283, 284, 285, 286, 287, 288, 289, 290, 291, 292, 293, 294, 295, 296, 297, 298, 299, 300, 301, 302, 303, 304, 305, 306, 307, 308, 309, 310, 311, 312, 313, 314, 315, 316, 317, 318, 319, 320, 321, 322, 323, 324, 325, 326, 327, 328, 329, 330, 331, 332, 333, 334, 335, 336, 337, 574, 575, 576, 577, 578, 579, 580, 581, 582, 583, 584, 585, 586, 587, 588, 589, 590, 591, 592, 593, 594, 595, 596, 597, 598, 599, 600, 601, 602, 603, 604, 605, 606, 607, 608, 609, 610, 611, 612, 613, 614, 615, 616, 617, 618, 619, 620, 621, 622, 623, 624, 625, 626, 627, 628, 629, 630, 631, 632, 633, 634, 635, 636, 637, 638, 639, 640, 641, 642, 643, 644, 645, 646, 647, 648, 649, 650, 651, 652, 653, 654, 655, 656, 657, 658, 659, 660, 661, 662, 663, 664, 665, 666, 667, 668, 669, 670, 671, 672, 673, 674, 675, 676, 677, 678, 679, 680, 681, 682, 683, 684, 685, 686, 687, 688, 689, 690, 691, 692, 693, 694, 695, 696, 697, 698, 699, 700, 701, 702, 703, 704, 705, 706, 707, 708, 709, 710, 711, 712, 713, 714, 715, 716, 717, 718, 719, 720, 721, 722, 723, 724, 725, 726, 727, 728, 729, 730, 731, 732, 733, 734, 735, 736, 737, 738, 739, 740, 741, 742, 743, 744, 745, 746, 747, 748, 749, 750, 751, 752, 753, 754, 755, 756, 757, 758, 759, 760, 761, 762, 763, 764, 765, 766, 767, 768, 769, 770, 771, 772, 773, 774, 775, 776, 777, 778, 779, 780, 781, 782, 783, 784, 785, 786, 787, 788, 789, 790, 791, 792, 793]","[10, 75, 103, 104, 106, 117, 118, 120, 127, 128, 129, 131, 133, 135, 136, 137, 139, 146, 147, 148, 149, 151, 158, 160, 162, 166, 173, 178, 179, 185, 190, 192, 198, 201, 203, 204, 206, 207, 212, 213, 214, 219, 223, 224, 225, 227, 230, 235, 237, 246, 247, 256, 259, 262, 263, 266, 268, 269, 271, 272, 278, 279, 284, 285, 288, 290, 292, 304, 306, 312, 316, 319, 320, 323, 324, 329, 332, 335, 495, 549, 574, 575, 577, 588, 589, 591, 598, 599, 600, 602, 604, 606, 607, 608, 610, 617, 618, 619, 620, 622, 625, 630, 632, 634, 638, 644, 649, 650, 656, 661, 663, 669, 673, 674, 676, 677, 682, 683, 684, 687, 688, 689, 691, 694, 699, 701, 710, 718, 722, 723, 727, 728, 730, 731, 737, 738, 743, 744, 747, 749, 751, 762, 764, 770, 774, 777, 778, 781, 782, 789, 791]",[],"[0, 120, 122, 200, 223, 226, 315, 382, 485, 591, 593, 625, 671, 687, 690, 773, 832]","[0, 10, 75, 103, 104, 105, 106, 107, 108, 109, 110, 111, 112, 113, 114, 115, 116, 117, 118, 119, 120, 121, 122, 123, 124, 125, 126, 127, 128, 129, 130, 131, 132, 133, 134, 135, 136, 137, 138, 139, 140, 141, 142, 143, 144, 145, 146, 147, 148, 149, 150, 151, 152, 153, 154, 155, 156, 157, 158, 159, 160, 161, 162, 163, 164, 165, 166, 167, 168, 169, 170, 171, 172, 173, 174, 175, 176, 177, 178, 179, 180, 181, 182, 183, 184, 185, 186, 187, 188, 189, 190, 191, 192, 193, 194, 195, 196, 197, 198, 199, 200, 201, 202, 203, 204, 205, 206, 207, 208, 209, 210, 211, 212, 213, 214, 215, 216, 217, 218, 219, 220, 221, 222, 223, 224, 225, 226, 227, 228, 229, 230, 231, 232, 233, 234, 235, 236, 237, 238, 239, 240, 241, 242, 243, 244, 245, 246, 247, 248, 249, 250, 251, 252, 253, 254, 255, 256, 257, 258, 259, 260, 261, 262, 263, 264, 265, 266, 267, 268, 269, 270, 271, 272, 273, 274, 275, 276, 277, 278, 279, 280, 281, 282, 283, 284, 285, 286, 287, 288, 289, 290, 291, 292, 293, 294, 295, 296, 297, 298, 299, 300, 301, 302, 303, 304, 305, 306, 307, 308, 309, 310, 311, 312, 313, 314, 315, 316, 317, 318, 319, 320, 321, 322, 323, 324, 325, 326, 327, 328, 329, 330, 331, 332, 333, 334, 335, 336, 337, 382, 485, 495, 549, 574, 575, 576, 577, 578, 579, 580, 581, 582, 583, 584, 585, 586, 587, 588, 589, 590, 591, 592, 593, 594, 595, 596, 597, 598, 599, 600, 601, 602, 603, 604, 605, 606, 607, 608, 609, 610, 611, 612, 613, 614, 615, 616, 617, 618, 619, 620, 621, 622, 623, 624, 625, 626, 627, 628, 629, 630, 631, 632, 633, 634, 635, 636, 637, 638, 639, 640, 641, 642, 643, 644, 645, 646, 647, 648, 649, 650, 651, 652, 653, 654, 655, 656, 657, 658, 659, 660, 661, 662, 663, 664, 665, 666, 667, 668, 669, 670, 671, 672, 673, 674, 675, 676, 677, 678, 679, 680, 681, 682, 683, 684, 685, 686, 687, 688, 689, 690, 691, 692, 693, 694, 695, 696, 697, 698, 699, 700, 701, 702, 703, 704, 705, 706, 707, 708, 709, 710, 711, 712, 713, 714, 715, 716, 717, 718, 719, 720, 721, 722, 723, 724, 725, 726, 727, 728, 729, 730, 731, 732, 733, 734, 735, 736, 737, 738, 739, 740, 741, 742, 743, 744, 745, 746, 747, 748, 749, 750, 751, 752, 753, 754, 755, 756, 757, 758, 759, 760, 761, 762, 763, 764, 765, 766, 767, 768, 769, 770, 771, 772, 773, 774, 775, 776, 777, 778, 779, 780, 781, 782, 783, 784, 785, 786, 787, 788, 789, 790, 791, 792, 793, 832]",True,"[147, 618]","[103, 104, 105, 106, 107, 108, 109, 110, 111, 112, 113, 114, 115, 116, 117, 118, 119, 120, 121, 122, 123, 124, 125, 126, 127, 128, 129, 130, 131, 132, 133, 134, 135, 136, 137, 138, 139, 140, 141, 142, 143, 144, 145, 146, 147, 148, 149, 150, 151, 152, 153, 154, 155, 156, 157, 158, 159, 160, 161, 162, 163, 164, 165, 166, 167, 168, 169, 170, 171, 172, 173, 174, 175, 176, 177, 178, 179, 180, 181, 182, 183, 184, 185, 186, 187, 188, 189, 190, 191, 192, 193, 194, 195, 196, 197, 198, 199, 200, 201, 202, 203, 204, 205, 206, 207, 208, 209, 210, 211, 212, 213, 214, 215, 216, 217, 218, 219, 220, 221, 222, 223, 224, 225, 226, 227, 228, 229, 230, 231, 232, 233, 234, 235, 236, 237, 238, 239, 240, 241, 242, 243, 244, 245, 246, 247, 248, 249, 250, 251, 252, 253, 254, 255, 256, 257, 258, 259, 260, 261, 262, 263, 264, 265, 266, 267, 268, 269, 270, 271, 272, 273, 274, 275, 276, 277, 278, 279, 280, 281, 282, 283, 284, 285, 286, 287, 288, 289, 290, 291, 292, 293, 294, 295, 296, 297, 298, 299, 300, 301, 302, 303, 304, 305, 306, 307, 308, 309, 310, 311, 312, 313, 314, 315, 316, 317, 318, 319, 320, 321, 322, 323, 324, 325, 326, 327, 328, 329, 330, 331, 332, 333, 334, 335, 336, 337, 574, 575, 576, 577, 578, 579, 580, 581, 582, 583, 584, 585, 586, 587, 588, 589, 590, 591, 592, 593, 594, 595, 596, 597, 598, 599, 600, 601, 602, 603, 604, 605, 606, 607, 608, 609, 610, 611, 612, 613, 614, 615, 616, 617, 618, 619, 620, 621, 622, 623, 624, 625, 626, 627, 628, 629, 630, 631, 632, 633, 634, 635, 636, 637, 638, 639, 640, 641, 642, 643, 644, 645, 646, 647, 648, 649, 650, 651, 652, 653, 654, 655, 656, 657, 658, 659, 660, 661, 662, 663, 664, 665, 666, 667, 668, 669, 670, 671, 672, 673, 674, 675, 676, 677, 678, 679, 680, 681, 682, 683, 684, 685, 686, 687, 688, 689, 690, 691, 692, 693, 694, 695, 696, 697, 698, 699, 700, 701, 702, 703, 704, 705, 706, 707, 708, 709, 710, 711, 712, 713, 714, 715, 716, 717, 718, 719, 720, 721, 722, 723, 724, 725, 726, 727, 728, 729, 730, 731, 732, 733, 734, 735, 736, 737, 738, 739, 740, 741, 742, 743, 744, 745, 746, 747, 748, 749, 750, 751, 752, 753, 754, 755, 756, 757, 758, 759, 760, 761, 762, 763, 764, 765, 766, 767, 768, 769, 770, 771, 772, 773, 774, 775, 776, 777, 778, 779, 780, 781, 782, 783, 784, 785, 786, 787, 788, 789, 790, 791, 792, 793]","[147, 618]","[147, 324, 618, 782]","[10, 75, 103, 104, 106, 117, 118, 120, 127, 128, 129, 131, 133, 135, 136, 137, 139, 146, 147, 148, 149, 151, 158, 160, 162, 166, 173, 178, 179, 185, 190, 192, 198, 201, 203, 204, 206, 207, 212, 213, 214, 219, 223, 224, 225, 227, 230, 235, 237, 246, 247, 256, 259, 262, 263, 266, 268, 269, 271, 272, 278, 279, 284, 285, 288, 290, 292, 304, 306, 312, 316, 319, 320, 323, 324, 329, 332, 335, 495, 549, 574, 575, 577, 588, 589, 591, 598, 599, 600, 602, 604, 606, 607, 608, 610, 617, 618, 619, 620, 622, 625, 630, 632, 634, 638, 644, 649, 650, 656, 661, 663, 669, 673, 674, 676, 677, 682, 683, 684, 687, 688, 689, 691, 694, 699, 701, 710, 718, 722, 723, 727, 728, 730, 731, 737, 738, 743, 744, 747, 749, 751, 762, 764, 770, 774, 777, 778, 781, 782, 789, 791]","[0, 120, 122, 200, 223, 226, 315, 382, 485, 591, 593, 625, 671, 687, 690, 773, 832]",[],5/6 successful match,True,[137],True,296,False,,1.0,True,Goshen Travel Plaza ( Arco ),
"Goshen , 93227 Goshen Travel Plaza ( Arco )",4 559-651-1006 CA 99 Exit 98 B ( Betty Dr ),HRS 24 M,Goshen,93227,Goshen Travel Plaza ( Arco ),559-651-1006,2008,Goshen,CA,,( Betty Dr ),CA 99 Exit 98 B ,Exit,98,False,,False,CA 99,,,,,"[618, 147]","[147, 618]","[147, 618]","[147, 324, 618, 782]","[103, 104, 105, 106, 107, 108, 109, 110, 111, 112, 113, 114, 115, 116, 117, 118, 119, 120, 121, 122, 123, 124, 125, 126, 127, 128, 129, 130, 131, 132, 133, 134, 135, 136, 137, 138, 139, 140, 141, 142, 143, 144, 145, 146, 147, 148, 149, 150, 151, 152, 153, 154, 155, 156, 157, 158, 159, 160, 161, 162, 163, 164, 165, 166, 167, 168, 169, 170, 171, 172, 173, 174, 175, 176, 177, 178, 179, 180, 181, 182, 183, 184, 185, 186, 187, 188, 189, 190, 191, 192, 193, 194, 195, 196, 197, 198, 199, 200, 201, 202, 203, 204, 205, 206, 207, 208, 209, 210, 211, 212, 213, 214, 215, 216, 217, 218, 219, 220, 221, 222, 223, 224, 225, 226, 227, 228, 229, 230, 231, 232, 233, 234, 235, 236, 237, 238, 239, 240, 241, 242, 243, 244, 245, 246, 247, 248, 249, 250, 251, 252, 253, 254, 255, 256, 257, 258, 259, 260, 261, 262, 263, 264, 265, 266, 267, 268, 269, 270, 271, 272, 273, 274, 275, 276, 277, 278, 279, 280, 281, 282, 283, 284, 285, 286, 287, 288, 289, 290, 291, 292, 293, 294, 295, 296, 297, 298, 299, 300, 301, 302, 303, 304, 305, 306, 307, 308, 309, 310, 311, 312, 313, 314, 315, 316, 317, 318, 319, 320, 321, 322, 323, 324, 325, 326, 327, 328, 329, 330, 331, 332, 333, 334, 335, 336, 337, 574, 575, 576, 577, 578, 579, 580, 581, 582, 583, 584, 585, 586, 587, 588, 589, 590, 591, 592, 593, 594, 595, 596, 597, 598, 599, 600, 601, 602, 603, 604, 605, 606, 607, 608, 609, 610, 611, 612, 613, 614, 615, 616, 617, 618, 619, 620, 621, 622, 623, 624, 625, 626, 627, 628, 629, 630, 631, 632, 633, 634, 635, 636, 637, 638, 639, 640, 641, 642, 643, 644, 645, 646, 647, 648, 649, 650, 651, 652, 653, 654, 655, 656, 657, 658, 659, 660, 661, 662, 663, 664, 665, 666, 667, 668, 669, 670, 671, 672, 673, 674, 675, 676, 677, 678, 679, 680, 681, 682, 683, 684, 685, 686, 687, 688, 689, 690, 691, 692, 693, 694, 695, 696, 697, 698, 699, 700, 701, 702, 703, 704, 705, 706, 707, 708, 709, 710, 711, 712, 713, 714, 715, 716, 717, 718, 719, 720, 721, 722, 723, 724, 725, 726, 727, 728, 729, 730, 731, 732, 733, 734, 735, 736, 737, 738, 739, 740, 741, 742, 743, 744, 745, 746, 747, 748, 749, 750, 751, 752, 753, 754, 755, 756, 757, 758, 759, 760, 761, 762, 763, 764, 765, 766, 767, 768, 769, 770, 771, 772, 773, 774, 775, 776, 777, 778, 779, 780, 781, 782, 783, 784, 785, 786, 787, 788, 789, 790, 791, 792, 793]","[10, 75, 103, 104, 106, 117, 118, 120, 127, 128, 129, 131, 133, 135, 136, 137, 139, 146, 147, 148, 149, 151, 158, 160, 162, 166, 173, 178, 179, 185, 190, 192, 198, 201, 203, 204, 206, 207, 212, 213, 214, 219, 223, 224, 225, 227, 230, 235, 237, 246, 247, 256, 259, 262, 263, 266, 268, 269, 271, 272, 278, 279, 284, 285, 288, 290, 292, 304, 306, 312, 316, 319, 320, 323, 324, 329, 332, 335, 495, 549, 574, 575, 577, 588, 589, 591, 598, 599, 600, 602, 604, 606, 607, 608, 610, 617, 618, 619, 620, 622, 625, 630, 632, 634, 638, 644, 649, 650, 656, 661, 663, 669, 673, 674, 676, 677, 682, 683, 684, 687, 688, 689, 691, 694, 699, 701, 710, 718, 722, 723, 727, 728, 730, 731, 737, 738, 743, 744, 747, 749, 751, 762, 764, 770, 774, 777, 778, 781, 782, 789, 791]",[],"[0, 120, 122, 200, 223, 226, 315, 382, 485, 591, 593, 625, 671, 687, 690, 773, 832]","[0, 10, 75, 103, 104, 105, 106, 107, 108, 109, 110, 111, 112, 113, 114, 115, 116, 117, 118, 119, 120, 121, 122, 123, 124, 125, 126, 127, 128, 129, 130, 131, 132, 133, 134, 135, 136, 137, 138, 139, 140, 141, 142, 143, 144, 145, 146, 147, 148, 149, 150, 151, 152, 153, 154, 155, 156, 157, 158, 159, 160, 161, 162, 163, 164, 165, 166, 167, 168, 169, 170, 171, 172, 173, 174, 175, 176, 177, 178, 179, 180, 181, 182, 183, 184, 185, 186, 187, 188, 189, 190, 191, 192, 193, 194, 195, 196, 197, 198, 199, 200, 201, 202, 203, 204, 205, 206, 207, 208, 209, 210, 211, 212, 213, 214, 215, 216, 217, 218, 219, 220, 221, 222, 223, 224, 225, 226, 227, 228, 229, 230, 231, 232, 233, 234, 235, 236, 237, 238, 239, 240, 241, 242, 243, 244, 245, 246, 247, 248, 249, 250, 251, 252, 253, 254, 255, 256, 257, 258, 259, 260, 261, 262, 263, 264, 265, 266, 267, 268, 269, 270, 271, 272, 273, 274, 275, 276, 277, 278, 279, 280, 281, 282, 283, 284, 285, 286, 287, 288, 289, 290, 291, 292, 293, 294, 295, 296, 297, 298, 299, 300, 301, 302, 303, 304, 305, 306, 307, 308, 309, 310, 311, 312, 313, 314, 315, 316, 317, 318, 319, 320, 321, 322, 323, 324, 325, 326, 327, 328, 329, 330, 331, 332, 333, 334, 335, 336, 337, 382, 485, 495, 549, 574, 575, 576, 577, 578, 579, 580, 581, 582, 583, 584, 585, 586, 587, 588, 589, 590, 591, 592, 593, 594, 595, 596, 597, 598, 599, 600, 601, 602, 603, 604, 605, 606, 607, 608, 609, 610, 611, 612, 613, 614, 615, 616, 617, 618, 619, 620, 621, 622, 623, 624, 625, 626, 627, 628, 629, 630, 631, 632, 633, 634, 635, 636, 637, 638, 639, 640, 641, 642, 643, 644, 645, 646, 647, 648, 649, 650, 651, 652, 653, 654, 655, 656, 657, 658, 659, 660, 661, 662, 663, 664, 665, 666, 667, 668, 669, 670, 671, 672, 673, 674, 675, 676, 677, 678, 679, 680, 681, 682, 683, 684, 685, 686, 687, 688, 689, 690, 691, 692, 693, 694, 695, 696, 697, 698, 699, 700, 701, 702, 703, 704, 705, 706, 707, 708, 709, 710, 711, 712, 713, 714, 715, 716, 717, 718, 719, 720, 721, 722, 723, 724, 725, 726, 727, 728, 729, 730, 731, 732, 733, 734, 735, 736, 737, 738, 739, 740, 741, 742, 743, 744, 745, 746, 747, 748, 749, 750, 751, 752, 753, 754, 755, 756, 757, 758, 759, 760, 761, 762, 763, 764, 765, 766, 767, 768, 769, 770, 771, 772, 773, 774, 775, 776, 777, 778, 779, 780, 781, 782, 783, 784, 785, 786, 787, 788, 789, 790, 791, 792, 793, 832]",True,"[147, 618]","[103, 104, 105, 106, 107, 108, 109, 110, 111, 112, 113, 114, 115, 116, 117, 118, 119, 120, 121, 122, 123, 124, 125, 126, 127, 128, 129, 130, 131, 132, 133, 134, 135, 136, 137, 138, 139, 140, 141, 142, 143, 144, 145, 146, 147, 148, 149, 150, 151, 152, 153, 154, 155, 156, 157, 158, 159, 160, 161, 162, 163, 164, 165, 166, 167, 168, 169, 170, 171, 172, 173, 174, 175, 176, 177, 178, 179, 180, 181, 182, 183, 184, 185, 186, 187, 188, 189, 190, 191, 192, 193, 194, 195, 196, 197, 198, 199, 200, 201, 202, 203, 204, 205, 206, 207, 208, 209, 210, 211, 212, 213, 214, 215, 216, 217, 218, 219, 220, 221, 222, 223, 224, 225, 226, 227, 228, 229, 230, 231, 232, 233, 234, 235, 236, 237, 238, 239, 240, 241, 242, 243, 244, 245, 246, 247, 248, 249, 250, 251, 252, 253, 254, 255, 256, 257, 258, 259, 260, 261, 262, 263, 264, 265, 266, 267, 268, 269, 270, 271, 272, 273, 274, 275, 276, 277, 278, 279, 280, 281, 282, 283, 284, 285, 286, 287, 288, 289, 290, 291, 292, 293, 294, 295, 296, 297, 298, 299, 300, 301, 302, 303, 304, 305, 306, 307, 308, 309, 310, 311, 312, 313, 314, 315, 316, 317, 318, 319, 320, 321, 322, 323, 324, 325, 326, 327, 328, 329, 330, 331, 332, 333, 334, 335, 336, 337, 574, 575, 576, 577, 578, 579, 580, 581, 582, 583, 584, 585, 586, 587, 588, 589, 590, 591, 592, 593, 594, 595, 596, 597, 598, 599, 600, 601, 602, 603, 604, 605, 606, 607, 608, 609, 610, 611, 612, 613, 614, 615, 616, 617, 618, 619, 620, 621, 622, 623, 624, 625, 626, 627, 628, 629, 630, 631, 632, 633, 634, 635, 636, 637, 638, 639, 640, 641, 642, 643, 644, 645, 646, 647, 648, 649, 650, 651, 652, 653, 654, 655, 656, 657, 658, 659, 660, 661, 662, 663, 664, 665, 666, 667, 668, 669, 670, 671, 672, 673, 674, 675, 676, 677, 678, 679, 680, 681, 682, 683, 684, 685, 686, 687, 688, 689, 690, 691, 692, 693, 694, 695, 696, 697, 698, 699, 700, 701, 702, 703, 704, 705, 706, 707, 708, 709, 710, 711, 712, 713, 714, 715, 716, 717, 718, 719, 720, 721, 722, 723, 724, 725, 726, 727, 728, 729, 730, 731, 732, 733, 734, 735, 736, 737, 738, 739, 740, 741, 742, 743, 744, 745, 746, 747, 748, 749, 750, 751, 752, 753, 754, 755, 756, 757, 758, 759, 760, 761, 762, 763, 764, 765, 766, 767, 768, 769, 770, 771, 772, 773, 774, 775, 776, 777, 778, 779, 780, 781, 782, 783, 784, 785, 786, 787, 788, 789, 790, 791, 792, 793]","[147, 618]","[147, 324, 618, 782]","[10, 75, 103, 104, 106, 117, 118, 120, 127, 128, 129, 131, 133, 135, 136, 137, 139, 146, 147, 148, 149, 151, 158, 160, 162, 166, 173, 178, 179, 185, 190, 192, 198, 201, 203, 204, 206, 207, 212, 213, 214, 219, 223, 224, 225, 227, 230, 235, 237, 246, 247, 256, 259, 262, 263, 266, 268, 269, 271, 272, 278, 279, 284, 285, 288, 290, 292, 304, 306, 312, 316, 319, 320, 323, 324, 329, 332, 335, 495, 549, 574, 575, 577, 588, 589, 591, 598, 599, 600, 602, 604, 606, 607, 608, 610, 617, 618, 619, 620, 622, 625, 630, 632, 634, 638, 644, 649, 650, 656, 661, 663, 669, 673, 674, 676, 677, 682, 683, 684, 687, 688, 689, 691, 694, 699, 701, 710, 718, 722, 723, 727, 728, 730, 731, 737, 738, 743, 744, 747, 749, 751, 762, 764, 770, 774, 777, 778, 781, 782, 789, 791]","[0, 120, 122, 200, 223, 226, 315, 382, 485, 591, 593, 625, 671, 687, 690, 773, 832]",[],5/6 successful match,True,[137],True,296,False,,1.0,True,Goshen Travel Plaza ( Arco ),
F Goshen ( 93227 ) Goshen Travel Plaza ( Arco ) 152 ),4 559-651-1006 CA 99 Exit 98 B ( Betty Dr ),24 M <U+25A1> <U+2610>,Goshen,93227,Goshen Travel Plaza ( Arco ) 152 ),559-651-1006,2014,Goshen,CA,,( Betty Dr ),CA 99 Exit 98 B ,Exit,98,False,,False,CA 99,,,,,"[618, 147]","[147, 618]","[147, 618]","[147, 324, 618, 782]","[103, 104, 105, 106, 107, 108, 109, 110, 111, 112, 113, 114, 115, 116, 117, 118, 119, 120, 121, 122, 123, 124, 125, 126, 127, 128, 129, 130, 131, 132, 133, 134, 135, 136, 137, 138, 139, 140, 141, 142, 143, 144, 145, 146, 147, 148, 149, 150, 151, 152, 153, 154, 155, 156, 157, 158, 159, 160, 161, 162, 163, 164, 165, 166, 167, 168, 169, 170, 171, 172, 173, 174, 175, 176, 177, 178, 179, 180, 181, 182, 183, 184, 185, 186, 187, 188, 189, 190, 191, 192, 193, 194, 195, 196, 197, 198, 199, 200, 201, 202, 203, 204, 205, 206, 207, 208, 209, 210, 211, 212, 213, 214, 215, 216, 217, 218, 219, 220, 221, 222, 223, 224, 225, 226, 227, 228, 229, 230, 231, 232, 233, 234, 235, 236, 237, 238, 239, 240, 241, 242, 243, 244, 245, 246, 247, 248, 249, 250, 251, 252, 253, 254, 255, 256, 257, 258, 259, 260, 261, 262, 263, 264, 265, 266, 267, 268, 269, 270, 271, 272, 273, 274, 275, 276, 277, 278, 279, 280, 281, 282, 283, 284, 285, 286, 287, 288, 289, 290, 291, 292, 293, 294, 295, 296, 297, 298, 299, 300, 301, 302, 303, 304, 305, 306, 307, 308, 309, 310, 311, 312, 313, 314, 315, 316, 317, 318, 319, 320, 321, 322, 323, 324, 325, 326, 327, 328, 329, 330, 331, 332, 333, 334, 335, 336, 337, 574, 575, 576, 577, 578, 579, 580, 581, 582, 583, 584, 585, 586, 587, 588, 589, 590, 591, 592, 593, 594, 595, 596, 597, 598, 599, 600, 601, 602, 603, 604, 605, 606, 607, 608, 609, 610, 611, 612, 613, 614, 615, 616, 617, 618, 619, 620, 621, 622, 623, 624, 625, 626, 627, 628, 629, 630, 631, 632, 633, 634, 635, 636, 637, 638, 639, 640, 641, 642, 643, 644, 645, 646, 647, 648, 649, 650, 651, 652, 653, 654, 655, 656, 657, 658, 659, 660, 661, 662, 663, 664, 665, 666, 667, 668, 669, 670, 671, 672, 673, 674, 675, 676, 677, 678, 679, 680, 681, 682, 683, 684, 685, 686, 687, 688, 689, 690, 691, 692, 693, 694, 695, 696, 697, 698, 699, 700, 701, 702, 703, 704, 705, 706, 707, 708, 709, 710, 711, 712, 713, 714, 715, 716, 717, 718, 719, 720, 721, 722, 723, 724, 725, 726, 727, 728, 729, 730, 731, 732, 733, 734, 735, 736, 737, 738, 739, 740, 741, 742, 743, 744, 745, 746, 747, 748, 749, 750, 751, 752, 753, 754, 755, 756, 757, 758, 759, 760, 761, 762, 763, 764, 765, 766, 767, 768, 769, 770, 771, 772, 773, 774, 775, 776, 777, 778, 779, 780, 781, 782, 783, 784, 785, 786, 787, 788, 789, 790, 791, 792, 793]","[10, 75, 103, 104, 106, 117, 118, 120, 127, 128, 129, 131, 133, 135, 136, 137, 139, 146, 147, 148, 149, 151, 158, 160, 162, 166, 173, 178, 179, 185, 190, 192, 198, 201, 203, 204, 206, 207, 212, 213, 214, 219, 223, 224, 225, 227, 230, 235, 237, 246, 247, 256, 259, 262, 263, 266, 268, 269, 271, 272, 278, 279, 284, 285, 288, 290, 292, 304, 306, 312, 316, 319, 320, 323, 324, 329, 332, 335, 495, 549, 574, 575, 577, 588, 589, 591, 598, 599, 600, 602, 604, 606, 607, 608, 610, 617, 618, 619, 620, 622, 625, 630, 632, 634, 638, 644, 649, 650, 656, 661, 663, 669, 673, 674, 676, 677, 682, 683, 684, 687, 688, 689, 691, 694, 699, 701, 710, 718, 722, 723, 727, 728, 730, 731, 737, 738, 743, 744, 747, 749, 751, 762, 764, 770, 774, 777, 778, 781, 782, 789, 791]",[],"[0, 120, 122, 200, 223, 226, 315, 382, 485, 591, 593, 625, 671, 687, 690, 773, 832]","[0, 10, 75, 103, 104, 105, 106, 107, 108, 109, 110, 111, 112, 113, 114, 115, 116, 117, 118, 119, 120, 121, 122, 123, 124, 125, 126, 127, 128, 129, 130, 131, 132, 133, 134, 135, 136, 137, 138, 139, 140, 141, 142, 143, 144, 145, 146, 147, 148, 149, 150, 151, 152, 153, 154, 155, 156, 157, 158, 159, 160, 161, 162, 163, 164, 165, 166, 167, 168, 169, 170, 171, 172, 173, 174, 175, 176, 177, 178, 179, 180, 181, 182, 183, 184, 185, 186, 187, 188, 189, 190, 191, 192, 193, 194, 195, 196, 197, 198, 199, 200, 201, 202, 203, 204, 205, 206, 207, 208, 209, 210, 211, 212, 213, 214, 215, 216, 217, 218, 219, 220, 221, 222, 223, 224, 225, 226, 227, 228, 229, 230, 231, 232, 233, 234, 235, 236, 237, 238, 239, 240, 241, 242, 243, 244, 245, 246, 247, 248, 249, 250, 251, 252, 253, 254, 255, 256, 257, 258, 259, 260, 261, 262, 263, 264, 265, 266, 267, 268, 269, 270, 271, 272, 273, 274, 275, 276, 277, 278, 279, 280, 281, 282, 283, 284, 285, 286, 287, 288, 289, 290, 291, 292, 293, 294, 295, 296, 297, 298, 299, 300, 301, 302, 303, 304, 305, 306, 307, 308, 309, 310, 311, 312, 313, 314, 315, 316, 317, 318, 319, 320, 321, 322, 323, 324, 325, 326, 327, 328, 329, 330, 331, 332, 333, 334, 335, 336, 337, 382, 485, 495, 549, 574, 575, 576, 577, 578, 579, 580, 581, 582, 583, 584, 585, 586, 587, 588, 589, 590, 591, 592, 593, 594, 595, 596, 597, 598, 599, 600, 601, 602, 603, 604, 605, 606, 607, 608, 609, 610, 611, 612, 613, 614, 615, 616, 617, 618, 619, 620, 621, 622, 623, 624, 625, 626, 627, 628, 629, 630, 631, 632, 633, 634, 635, 636, 637, 638, 639, 640, 641, 642, 643, 644, 645, 646, 647, 648, 649, 650, 651, 652, 653, 654, 655, 656, 657, 658, 659, 660, 661, 662, 663, 664, 665, 666, 667, 668, 669, 670, 671, 672, 673, 674, 675, 676, 677, 678, 679, 680, 681, 682, 683, 684, 685, 686, 687, 688, 689, 690, 691, 692, 693, 694, 695, 696, 697, 698, 699, 700, 701, 702, 703, 704, 705, 706, 707, 708, 709, 710, 711, 712, 713, 714, 715, 716, 717, 718, 719, 720, 721, 722, 723, 724, 725, 726, 727, 728, 729, 730, 731, 732, 733, 734, 735, 736, 737, 738, 739, 740, 741, 742, 743, 744, 745, 746, 747, 748, 749, 750, 751, 752, 753, 754, 755, 756, 757, 758, 759, 760, 761, 762, 763, 764, 765, 766, 767, 768, 769, 770, 771, 772, 773, 774, 775, 776, 777, 778, 779, 780, 781, 782, 783, 784, 785, 786, 787, 788, 789, 790, 791, 792, 793, 832]",True,"[147, 618]","[103, 104, 105, 106, 107, 108, 109, 110, 111, 112, 113, 114, 115, 116, 117, 118, 119, 120, 121, 122, 123, 124, 125, 126, 127, 128, 129, 130, 131, 132, 133, 134, 135, 136, 137, 138, 139, 140, 141, 142, 143, 144, 145, 146, 147, 148, 149, 150, 151, 152, 153, 154, 155, 156, 157, 158, 159, 160, 161, 162, 163, 164, 165, 166, 167, 168, 169, 170, 171, 172, 173, 174, 175, 176, 177, 178, 179, 180, 181, 182, 183, 184, 185, 186, 187, 188, 189, 190, 191, 192, 193, 194, 195, 196, 197, 198, 199, 200, 201, 202, 203, 204, 205, 206, 207, 208, 209, 210, 211, 212, 213, 214, 215, 216, 217, 218, 219, 220, 221, 222, 223, 224, 225, 226, 227, 228, 229, 230, 231, 232, 233, 234, 235, 236, 237, 238, 239, 240, 241, 242, 243, 244, 245, 246, 247, 248, 249, 250, 251, 252, 253, 254, 255, 256, 257, 258, 259, 260, 261, 262, 263, 264, 265, 266, 267, 268, 269, 270, 271, 272, 273, 274, 275, 276, 277, 278, 279, 280, 281, 282, 283, 284, 285, 286, 287, 288, 289, 290, 291, 292, 293, 294, 295, 296, 297, 298, 299, 300, 301, 302, 303, 304, 305, 306, 307, 308, 309, 310, 311, 312, 313, 314, 315, 316, 317, 318, 319, 320, 321, 322, 323, 324, 325, 326, 327, 328, 329, 330, 331, 332, 333, 334, 335, 336, 337, 574, 575, 576, 577, 578, 579, 580, 581, 582, 583, 584, 585, 586, 587, 588, 589, 590, 591, 592, 593, 594, 595, 596, 597, 598, 599, 600, 601, 602, 603, 604, 605, 606, 607, 608, 609, 610, 611, 612, 613, 614, 615, 616, 617, 618, 619, 620, 621, 622, 623, 624, 625, 626, 627, 628, 629, 630, 631, 632, 633, 634, 635, 636, 637, 638, 639, 640, 641, 642, 643, 644, 645, 646, 647, 648, 649, 650, 651, 652, 653, 654, 655, 656, 657, 658, 659, 660, 661, 662, 663, 664, 665, 666, 667, 668, 669, 670, 671, 672, 673, 674, 675, 676, 677, 678, 679, 680, 681, 682, 683, 684, 685, 686, 687, 688, 689, 690, 691, 692, 693, 694, 695, 696, 697, 698, 699, 700, 701, 702, 703, 704, 705, 706, 707, 708, 709, 710, 711, 712, 713, 714, 715, 716, 717, 718, 719, 720, 721, 722, 723, 724, 725, 726, 727, 728, 729, 730, 731, 732, 733, 734, 735, 736, 737, 738, 739, 740, 741, 742, 743, 744, 745, 746, 747, 748, 749, 750, 751, 752, 753, 754, 755, 756, 757, 758, 759, 760, 761, 762, 763, 764, 765, 766, 767, 768, 769, 770, 771, 772, 773, 774, 775, 776, 777, 778, 779, 780, 781, 782, 783, 784, 785, 786, 787, 788, 789, 790, 791, 792, 793]","[147, 618]","[147, 324, 618, 782]","[10, 75, 103, 104, 106, 117, 118, 120, 127, 128, 129, 131, 133, 135, 136, 137, 139, 146, 147, 148, 149, 151, 158, 160, 162, 166, 173, 178, 179, 185, 190, 192, 198, 201, 203, 204, 206, 207, 212, 213, 214, 219, 223, 224, 225, 227, 230, 235, 237, 246, 247, 256, 259, 262, 263, 266, 268, 269, 271, 272, 278, 279, 284, 285, 288, 290, 292, 304, 306, 312, 316, 319, 320, 323, 324, 329, 332, 335, 495, 549, 574, 575, 577, 588, 589, 591, 598, 599, 600, 602, 604, 606, 607, 608, 610, 617, 618, 619, 620, 622, 625, 630, 632, 634, 638, 644, 649, 650, 656, 661, 663, 669, 673, 674, 676, 677, 682, 683, 684, 687, 688, 689, 691, 694, 699, 701, 710, 718, 722, 723, 727, 728, 730, 731, 737, 738, 743, 744, 747, 749, 751, 762, 764, 770, 774, 777, 778, 781, 782, 789, 791]","[0, 120, 122, 200, 223, 226, 315, 382, 485, 591, 593, 625, 671, 687, 690, 773, 832]",[],5/6 successful match,True,[137],True,296,False,,1.0,True,Goshen Travel Plaza ( Arco ),
Goshen ( 93227 ) Goshen Travel Plaza ( Arco ) ),559-651-1006 CA 99 Exit 98 B ( Betty Dr ),M <U+2610> <U+2610> <U+2610>,Goshen,93227,Goshen Travel Plaza ( Arco ) ),559-651-1006,2015,Goshen,CA,,( Betty Dr ),CA 99 Exit 98 B ,Exit,98,False,,False,CA 99,,,,,"[618, 147]","[147, 618]","[147, 618]","[147, 324, 618, 782]","[103, 104, 105, 106, 107, 108, 109, 110, 111, 112, 113, 114, 115, 116, 117, 118, 119, 120, 121, 122, 123, 124, 125, 126, 127, 128, 129, 130, 131, 132, 133, 134, 135, 136, 137, 138, 139, 140, 141, 142, 143, 144, 145, 146, 147, 148, 149, 150, 151, 152, 153, 154, 155, 156, 157, 158, 159, 160, 161, 162, 163, 164, 165, 166, 167, 168, 169, 170, 171, 172, 173, 174, 175, 176, 177, 178, 179, 180, 181, 182, 183, 184, 185, 186, 187, 188, 189, 190, 191, 192, 193, 194, 195, 196, 197, 198, 199, 200, 201, 202, 203, 204, 205, 206, 207, 208, 209, 210, 211, 212, 213, 214, 215, 216, 217, 218, 219, 220, 221, 222, 223, 224, 225, 226, 227, 228, 229, 230, 231, 232, 233, 234, 235, 236, 237, 238, 239, 240, 241, 242, 243, 244, 245, 246, 247, 248, 249, 250, 251, 252, 253, 254, 255, 256, 257, 258, 259, 260, 261, 262, 263, 264, 265, 266, 267, 268, 269, 270, 271, 272, 273, 274, 275, 276, 277, 278, 279, 280, 281, 282, 283, 284, 285, 286, 287, 288, 289, 290, 291, 292, 293, 294, 295, 296, 297, 298, 299, 300, 301, 302, 303, 304, 305, 306, 307, 308, 309, 310, 311, 312, 313, 314, 315, 316, 317, 318, 319, 320, 321, 322, 323, 324, 325, 326, 327, 328, 329, 330, 331, 332, 333, 334, 335, 336, 337, 574, 575, 576, 577, 578, 579, 580, 581, 582, 583, 584, 585, 586, 587, 588, 589, 590, 591, 592, 593, 594, 595, 596, 597, 598, 599, 600, 601, 602, 603, 604, 605, 606, 607, 608, 609, 610, 611, 612, 613, 614, 615, 616, 617, 618, 619, 620, 621, 622, 623, 624, 625, 626, 627, 628, 629, 630, 631, 632, 633, 634, 635, 636, 637, 638, 639, 640, 641, 642, 643, 644, 645, 646, 647, 648, 649, 650, 651, 652, 653, 654, 655, 656, 657, 658, 659, 660, 661, 662, 663, 664, 665, 666, 667, 668, 669, 670, 671, 672, 673, 674, 675, 676, 677, 678, 679, 680, 681, 682, 683, 684, 685, 686, 687, 688, 689, 690, 691, 692, 693, 694, 695, 696, 697, 698, 699, 700, 701, 702, 703, 704, 705, 706, 707, 708, 709, 710, 711, 712, 713, 714, 715, 716, 717, 718, 719, 720, 721, 722, 723, 724, 725, 726, 727, 728, 729, 730, 731, 732, 733, 734, 735, 736, 737, 738, 739, 740, 741, 742, 743, 744, 745, 746, 747, 748, 749, 750, 751, 752, 753, 754, 755, 756, 757, 758, 759, 760, 761, 762, 763, 764, 765, 766, 767, 768, 769, 770, 771, 772, 773, 774, 775, 776, 777, 778, 779, 780, 781, 782, 783, 784, 785, 786, 787, 788, 789, 790, 791, 792, 793]","[10, 75, 103, 104, 106, 117, 118, 120, 127, 128, 129, 131, 133, 135, 136, 137, 139, 146, 147, 148, 149, 151, 158, 160, 162, 166, 173, 178, 179, 185, 190, 192, 198, 201, 203, 204, 206, 207, 212, 213, 214, 219, 223, 224, 225, 227, 230, 235, 237, 246, 247, 256, 259, 262, 263, 266, 268, 269, 271, 272, 278, 279, 284, 285, 288, 290, 292, 304, 306, 312, 316, 319, 320, 323, 324, 329, 332, 335, 495, 549, 574, 575, 577, 588, 589, 591, 598, 599, 600, 602, 604, 606, 607, 608, 610, 617, 618, 619, 620, 622, 625, 630, 632, 634, 638, 644, 649, 650, 656, 661, 663, 669, 673, 674, 676, 677, 682, 683, 684, 687, 688, 689, 691, 694, 699, 701, 710, 718, 722, 723, 727, 728, 730, 731, 737, 738, 743, 744, 747, 749, 751, 762, 764, 770, 774, 777, 778, 781, 782, 789, 791]",[],"[0, 120, 122, 200, 223, 226, 315, 382, 485, 591, 593, 625, 671, 687, 690, 773, 832]","[0, 10, 75, 103, 104, 105, 106, 107, 108, 109, 110, 111, 112, 113, 114, 115, 116, 117, 118, 119, 120, 121, 122, 123, 124, 125, 126, 127, 128, 129, 130, 131, 132, 133, 134, 135, 136, 137, 138, 139, 140, 141, 142, 143, 144, 145, 146, 147, 148, 149, 150, 151, 152, 153, 154, 155, 156, 157, 158, 159, 160, 161, 162, 163, 164, 165, 166, 167, 168, 169, 170, 171, 172, 173, 174, 175, 176, 177, 178, 179, 180, 181, 182, 183, 184, 185, 186, 187, 188, 189, 190, 191, 192, 193, 194, 195, 196, 197, 198, 199, 200, 201, 202, 203, 204, 205, 206, 207, 208, 209, 210, 211, 212, 213, 214, 215, 216, 217, 218, 219, 220, 221, 222, 223, 224, 225, 226, 227, 228, 229, 230, 231, 232, 233, 234, 235, 236, 237, 238, 239, 240, 241, 242, 243, 244, 245, 246, 247, 248, 249, 250, 251, 252, 253, 254, 255, 256, 257, 258, 259, 260, 261, 262, 263, 264, 265, 266, 267, 268, 269, 270, 271, 272, 273, 274, 275, 276, 277, 278, 279, 280, 281, 282, 283, 284, 285, 286, 287, 288, 289, 290, 291, 292, 293, 294, 295, 296, 297, 298, 299, 300, 301, 302, 303, 304, 305, 306, 307, 308, 309, 310, 311, 312, 313, 314, 315, 316, 317, 318, 319, 320, 321, 322, 323, 324, 325, 326, 327, 328, 329, 330, 331, 332, 333, 334, 335, 336, 337, 382, 485, 495, 549, 574, 575, 576, 577, 578, 579, 580, 581, 582, 583, 584, 585, 586, 587, 588, 589, 590, 591, 592, 593, 594, 595, 596, 597, 598, 599, 600, 601, 602, 603, 604, 605, 606, 607, 608, 609, 610, 611, 612, 613, 614, 615, 616, 617, 618, 619, 620, 621, 622, 623, 624, 625, 626, 627, 628, 629, 630, 631, 632, 633, 634, 635, 636, 637, 638, 639, 640, 641, 642, 643, 644, 645, 646, 647, 648, 649, 650, 651, 652, 653, 654, 655, 656, 657, 658, 659, 660, 661, 662, 663, 664, 665, 666, 667, 668, 669, 670, 671, 672, 673, 674, 675, 676, 677, 678, 679, 680, 681, 682, 683, 684, 685, 686, 687, 688, 689, 690, 691, 692, 693, 694, 695, 696, 697, 698, 699, 700, 701, 702, 703, 704, 705, 706, 707, 708, 709, 710, 711, 712, 713, 714, 715, 716, 717, 718, 719, 720, 721, 722, 723, 724, 725, 726, 727, 728, 729, 730, 731, 732, 733, 734, 735, 736, 737, 738, 739, 740, 741, 742, 743, 744, 745, 746, 747, 748, 749, 750, 751, 752, 753, 754, 755, 756, 757, 758, 759, 760, 761, 762, 763, 764, 765, 766, 767, 768, 769, 770, 771, 772, 773, 774, 775, 776, 777, 778, 779, 780, 781, 782, 783, 784, 785, 786, 787, 788, 789, 790, 791, 792, 793, 832]",True,"[147, 618]","[103, 104, 105, 106, 107, 108, 109, 110, 111, 112, 113, 114, 115, 116, 117, 118, 119, 120, 121, 122, 123, 124, 125, 126, 127, 128, 129, 130, 131, 132, 133, 134, 135, 136, 137, 138, 139, 140, 141, 142, 143, 144, 145, 146, 147, 148, 149, 150, 151, 152, 153, 154, 155, 156, 157, 158, 159, 160, 161, 162, 163, 164, 165, 166, 167, 168, 169, 170, 171, 172, 173, 174, 175, 176, 177, 178, 179, 180, 181, 182, 183, 184, 185, 186, 187, 188, 189, 190, 191, 192, 193, 194, 195, 196, 197, 198, 199, 200, 201, 202, 203, 204, 205, 206, 207, 208, 209, 210, 211, 212, 213, 214, 215, 216, 217, 218, 219, 220, 221, 222, 223, 224, 225, 226, 227, 228, 229, 230, 231, 232, 233, 234, 235, 236, 237, 238, 239, 240, 241, 242, 243, 244, 245, 246, 247, 248, 249, 250, 251, 252, 253, 254, 255, 256, 257, 258, 259, 260, 261, 262, 263, 264, 265, 266, 267, 268, 269, 270, 271, 272, 273, 274, 275, 276, 277, 278, 279, 280, 281, 282, 283, 284, 285, 286, 287, 288, 289, 290, 291, 292, 293, 294, 295, 296, 297, 298, 299, 300, 301, 302, 303, 304, 305, 306, 307, 308, 309, 310, 311, 312, 313, 314, 315, 316, 317, 318, 319, 320, 321, 322, 323, 324, 325, 326, 327, 328, 329, 330, 331, 332, 333, 334, 335, 336, 337, 574, 575, 576, 577, 578, 579, 580, 581, 582, 583, 584, 585, 586, 587, 588, 589, 590, 591, 592, 593, 594, 595, 596, 597, 598, 599, 600, 601, 602, 603, 604, 605, 606, 607, 608, 609, 610, 611, 612, 613, 614, 615, 616, 617, 618, 619, 620, 621, 622, 623, 624, 625, 626, 627, 628, 629, 630, 631, 632, 633, 634, 635, 636, 637, 638, 639, 640, 641, 642, 643, 644, 645, 646, 647, 648, 649, 650, 651, 652, 653, 654, 655, 656, 657, 658, 659, 660, 661, 662, 663, 664, 665, 666, 667, 668, 669, 670, 671, 672, 673, 674, 675, 676, 677, 678, 679, 680, 681, 682, 683, 684, 685, 686, 687, 688, 689, 690, 691, 692, 693, 694, 695, 696, 697, 698, 699, 700, 701, 702, 703, 704, 705, 706, 707, 708, 709, 710, 711, 712, 713, 714, 715, 716, 717, 718, 719, 720, 721, 722, 723, 724, 725, 726, 727, 728, 729, 730, 731, 732, 733, 734, 735, 736, 737, 738, 739, 740, 741, 742, 743, 744, 745, 746, 747, 748, 749, 750, 751, 752, 753, 754, 755, 756, 757, 758, 759, 760, 761, 762, 763, 764, 765, 766, 767, 768, 769, 770, 771, 772, 773, 774, 775, 776, 777, 778, 779, 780, 781, 782, 783, 784, 785, 786, 787, 788, 789, 790, 791, 792, 793]","[147, 618]","[147, 324, 618, 782]","[10, 75, 103, 104, 106, 117, 118, 120, 127, 128, 129, 131, 133, 135, 136, 137, 139, 146, 147, 148, 149, 151, 158, 160, 162, 166, 173, 178, 179, 185, 190, 192, 198, 201, 203, 204, 206, 207, 212, 213, 214, 219, 223, 224, 225, 227, 230, 235, 237, 246, 247, 256, 259, 262, 263, 266, 268, 269, 271, 272, 278, 279, 284, 285, 288, 290, 292, 304, 306, 312, 316, 319, 320, 323, 324, 329, 332, 335, 495, 549, 574, 575, 577, 588, 589, 591, 598, 599, 600, 602, 604, 606, 607, 608, 610, 617, 618, 619, 620, 622, 625, 630, 632, 634, 638, 644, 649, 650, 656, 661, 663, 669, 673, 674, 676, 677, 682, 683, 684, 687, 688, 689, 691, 694, 699, 701, 710, 718, 722, 723, 727, 728, 730, 731, 737, 738, 743, 744, 747, 749, 751, 762, 764, 770, 774, 777, 778, 781, 782, 789, 791]","[0, 120, 122, 200, 223, 226, 315, 382, 485, 591, 593, 625, 671, 687, 690, 773, 832]",[],5/6 successful match,True,[137],True,296,False,,1.0,True,Goshen Travel Plaza ( Arco ) 152 ),
Goshen ( 93227 ) Goshen Travel Plaza Rd ( S of CA 152 ),559-651-1006 CA 99 Exit 98 B (,24 RS M <U+25A1>,Goshen,93227,Goshen Travel Plaza Rd ( S of CA 152 ),559-651-1006,2016,Goshen,CA,,(,CA 99 Exit 98 B ,Exit,98,False,,False,CA 99,,,,,"[618, 147]","[147, 618]","[147, 618]","[147, 324, 618, 782]","[103, 104, 105, 106, 107, 108, 109, 110, 111, 112, 113, 114, 115, 116, 117, 118, 119, 120, 121, 122, 123, 124, 125, 126, 127, 128, 129, 130, 131, 132, 133, 134, 135, 136, 137, 138, 139, 140, 141, 142, 143, 144, 145, 146, 147, 148, 149, 150, 151, 152, 153, 154, 155, 156, 157, 158, 159, 160, 161, 162, 163, 164, 165, 166, 167, 168, 169, 170, 171, 172, 173, 174, 175, 176, 177, 178, 179, 180, 181, 182, 183, 184, 185, 186, 187, 188, 189, 190, 191, 192, 193, 194, 195, 196, 197, 198, 199, 200, 201, 202, 203, 204, 205, 206, 207, 208, 209, 210, 211, 212, 213, 214, 215, 216, 217, 218, 219, 220, 221, 222, 223, 224, 225, 226, 227, 228, 229, 230, 231, 232, 233, 234, 235, 236, 237, 238, 239, 240, 241, 242, 243, 244, 245, 246, 247, 248, 249, 250, 251, 252, 253, 254, 255, 256, 257, 258, 259, 260, 261, 262, 263, 264, 265, 266, 267, 268, 269, 270, 271, 272, 273, 274, 275, 276, 277, 278, 279, 280, 281, 282, 283, 284, 285, 286, 287, 288, 289, 290, 291, 292, 293, 294, 295, 296, 297, 298, 299, 300, 301, 302, 303, 304, 305, 306, 307, 308, 309, 310, 311, 312, 313, 314, 315, 316, 317, 318, 319, 320, 321, 322, 323, 324, 325, 326, 327, 328, 329, 330, 331, 332, 333, 334, 335, 336, 337, 574, 575, 576, 577, 578, 579, 580, 581, 582, 583, 584, 585, 586, 587, 588, 589, 590, 591, 592, 593, 594, 595, 596, 597, 598, 599, 600, 601, 602, 603, 604, 605, 606, 607, 608, 609, 610, 611, 612, 613, 614, 615, 616, 617, 618, 619, 620, 621, 622, 623, 624, 625, 626, 627, 628, 629, 630, 631, 632, 633, 634, 635, 636, 637, 638, 639, 640, 641, 642, 643, 644, 645, 646, 647, 648, 649, 650, 651, 652, 653, 654, 655, 656, 657, 658, 659, 660, 661, 662, 663, 664, 665, 666, 667, 668, 669, 670, 671, 672, 673, 674, 675, 676, 677, 678, 679, 680, 681, 682, 683, 684, 685, 686, 687, 688, 689, 690, 691, 692, 693, 694, 695, 696, 697, 698, 699, 700, 701, 702, 703, 704, 705, 706, 707, 708, 709, 710, 711, 712, 713, 714, 715, 716, 717, 718, 719, 720, 721, 722, 723, 724, 725, 726, 727, 728, 729, 730, 731, 732, 733, 734, 735, 736, 737, 738, 739, 740, 741, 742, 743, 744, 745, 746, 747, 748, 749, 750, 751, 752, 753, 754, 755, 756, 757, 758, 759, 760, 761, 762, 763, 764, 765, 766, 767, 768, 769, 770, 771, 772, 773, 774, 775, 776, 777, 778, 779, 780, 781, 782, 783, 784, 785, 786, 787, 788, 789, 790, 791, 792, 793]","[10, 75, 103, 104, 106, 117, 118, 120, 127, 128, 129, 131, 133, 135, 136, 137, 139, 146, 147, 148, 149, 151, 158, 160, 162, 166, 173, 178, 179, 185, 190, 192, 198, 201, 203, 204, 206, 207, 212, 213, 214, 219, 223, 224, 225, 227, 230, 235, 237, 246, 247, 256, 259, 262, 263, 266, 268, 269, 271, 272, 278, 279, 284, 285, 288, 290, 292, 304, 306, 312, 316, 319, 320, 323, 324, 329, 332, 335, 495, 549, 574, 575, 577, 588, 589, 591, 598, 599, 600, 602, 604, 606, 607, 608, 610, 617, 618, 619, 620, 622, 625, 630, 632, 634, 638, 644, 649, 650, 656, 661, 663, 669, 673, 674, 676, 677, 682, 683, 684, 687, 688, 689, 691, 694, 699, 701, 710, 718, 722, 723, 727, 728, 730, 731, 737, 738, 743, 744, 747, 749, 751, 762, 764, 770, 774, 777, 778, 781, 782, 789, 791]",[],[],"[10, 75, 103, 104, 105, 106, 107, 108, 109, 110, 111, 112, 113, 114, 115, 116, 117, 118, 119, 120, 121, 122, 123, 124, 125, 126, 127, 128, 129, 130, 131, 132, 133, 134, 135, 136, 137, 138, 139, 140, 141, 142, 143, 144, 145, 146, 147, 148, 149, 150, 151, 152, 153, 154, 155, 156, 157, 158, 159, 160, 161, 162, 163, 164, 165, 166, 167, 168, 169, 170, 171, 172, 173, 174, 175, 176, 177, 178, 179, 180, 181, 182, 183, 184, 185, 186, 187, 188, 189, 190, 191, 192, 193, 194, 195, 196, 197, 198, 199, 200, 201, 202, 203, 204, 205, 206, 207, 208, 209, 210, 211, 212, 213, 214, 215, 216, 217, 218, 219, 220, 221, 222, 223, 224, 225, 226, 227, 228, 229, 230, 231, 232, 233, 234, 235, 236, 237, 238, 239, 240, 241, 242, 243, 244, 245, 246, 247, 248, 249, 250, 251, 252, 253, 254, 255, 256, 257, 258, 259, 260, 261, 262, 263, 264, 265, 266, 267, 268, 269, 270, 271, 272, 273, 274, 275, 276, 277, 278, 279, 280, 281, 282, 283, 284, 285, 286, 287, 288, 289, 290, 291, 292, 293, 294, 295, 296, 297, 298, 299, 300, 301, 302, 303, 304, 305, 306, 307, 308, 309, 310, 311, 312, 313, 314, 315, 316, 317, 318, 319, 320, 321, 322, 323, 324, 325, 326, 327, 328, 329, 330, 331, 332, 333, 334, 335, 336, 337, 495, 549, 574, 575, 576, 577, 578, 579, 580, 581, 582, 583, 584, 585, 586, 587, 588, 589, 590, 591, 592, 593, 594, 595, 596, 597, 598, 599, 600, 601, 602, 603, 604, 605, 606, 607, 608, 609, 610, 611, 612, 613, 614, 615, 616, 617, 618, 619, 620, 621, 622, 623, 624, 625, 626, 627, 628, 629, 630, 631, 632, 633, 634, 635, 636, 637, 638, 639, 640, 641, 642, 643, 644, 645, 646, 647, 648, 649, 650, 651, 652, 653, 654, 655, 656, 657, 658, 659, 660, 661, 662, 663, 664, 665, 666, 667, 668, 669, 670, 671, 672, 673, 674, 675, 676, 677, 678, 679, 680, 681, 682, 683, 684, 685, 686, 687, 688, 689, 690, 691, 692, 693, 694, 695, 696, 697, 698, 699, 700, 701, 702, 703, 704, 705, 706, 707, 708, 709, 710, 711, 712, 713, 714, 715, 716, 717, 718, 719, 720, 721, 722, 723, 724, 725, 726, 727, 728, 729, 730, 731, 732, 733, 734, 735, 736, 737, 738, 739, 740, 741, 742, 743, 744, 745, 746, 747, 748, 749, 750, 751, 752, 753, 754, 755, 756, 757, 758, 759, 760, 761, 762, 763, 764, 765, 766, 767, 768, 769, 770, 771, 772, 773, 774, 775, 776, 777, 778, 779, 780, 781, 782, 783, 784, 785, 786, 787, 788, 789, 790, 791, 792, 793]",True,"[147, 618]","[103, 104, 105, 106, 107, 108, 109, 110, 111, 112, 113, 114, 115, 116, 117, 118, 119, 120, 121, 122, 123, 124, 125, 126, 127, 128, 129, 130, 131, 132, 133, 134, 135, 136, 137, 138, 139, 140, 141, 142, 143, 144, 145, 146, 147, 148, 149, 150, 151, 152, 153, 154, 155, 156, 157, 158, 159, 160, 161, 162, 163, 164, 165, 166, 167, 168, 169, 170, 171, 172, 173, 174, 175, 176, 177, 178, 179, 180, 181, 182, 183, 184, 185, 186, 187, 188, 189, 190, 191, 192, 193, 194, 195, 196, 197, 198, 199, 200, 201, 202, 203, 204, 205, 206, 207, 208, 209, 210, 211, 212, 213, 214, 215, 216, 217, 218, 219, 220, 221, 222, 223, 224, 225, 226, 227, 228, 229, 230, 231, 232, 233, 234, 235, 236, 237, 238, 239, 240, 241, 242, 243, 244, 245, 246, 247, 248, 249, 250, 251, 252, 253, 254, 255, 256, 257, 258, 259, 260, 261, 262, 263, 264, 265, 266, 267, 268, 269, 270, 271, 272, 273, 274, 275, 276, 277, 278, 279, 280, 281, 282, 283, 284, 285, 286, 287, 288, 289, 290, 291, 292, 293, 294, 295, 296, 297, 298, 299, 300, 301, 302, 303, 304, 305, 306, 307, 308, 309, 310, 311, 312, 313, 314, 315, 316, 317, 318, 319, 320, 321, 322, 323, 324, 325, 326, 327, 328, 329, 330, 331, 332, 333, 334, 335, 336, 337, 574, 575, 576, 577, 578, 579, 580, 581, 582, 583, 584, 585, 586, 587, 588, 589, 590, 591, 592, 593, 594, 595, 596, 597, 598, 599, 600, 601, 602, 603, 604, 605, 606, 607, 608, 609, 610, 611, 612, 613, 614, 615, 616, 617, 618, 619, 620, 621, 622, 623, 624, 625, 626, 627, 628, 629, 630, 631, 632, 633, 634, 635, 636, 637, 638, 639, 640, 641, 642, 643, 644, 645, 646, 647, 648, 649, 650, 651, 652, 653, 654, 655, 656, 657, 658, 659, 660, 661, 662, 663, 664, 665, 666, 667, 668, 669, 670, 671, 672, 673, 674, 675, 676, 677, 678, 679, 680, 681, 682, 683, 684, 685, 686, 687, 688, 689, 690, 691, 692, 693, 694, 695, 696, 697, 698, 699, 700, 701, 702, 703, 704, 705, 706, 707, 708, 709, 710, 711, 712, 713, 714, 715, 716, 717, 718, 719, 720, 721, 722, 723, 724, 725, 726, 727, 728, 729, 730, 731, 732, 733, 734, 735, 736, 737, 738, 739, 740, 741, 742, 743, 744, 745, 746, 747, 748, 749, 750, 751, 752, 753, 754, 755, 756, 757, 758, 759, 760, 761, 762, 763, 764, 765, 766, 767, 768, 769, 770, 771, 772, 773, 774, 775, 776, 777, 778, 779, 780, 781, 782, 783, 784, 785, 786, 787, 788, 789, 790, 791, 792, 793]","[147, 618]","[147, 324, 618, 782]","[10, 75, 103, 104, 106, 117, 118, 120, 127, 128, 129, 131, 133, 135, 136, 137, 139, 146, 147, 148, 149, 151, 158, 160, 162, 166, 173, 178, 179, 185, 190, 192, 198, 201, 203, 204, 206, 207, 212, 213, 214, 219, 223, 224, 225, 227, 230, 235, 237, 246, 247, 256, 259, 262, 263, 266, 268, 269, 271, 272, 278, 279, 284, 285, 288, 290, 292, 304, 306, 312, 316, 319, 320, 323, 324, 329, 332, 335, 495, 549, 574, 575, 577, 588, 589, 591, 598, 599, 600, 602, 604, 606, 607, 608, 610, 617, 618, 619, 620, 622, 625, 630, 632, 634, 638, 644, 649, 650, 656, 661, 663, 669, 673, 674, 676, 677, 682, 683, 684, 687, 688, 689, 691, 694, 699, 701, 710, 718, 722, 723, 727, 728, 730, 731, 737, 738, 743, 744, 747, 749, 751, 762, 764, 770, 774, 777, 778, 781, 782, 789, 791]",[],[],7/6 successful match,True,[137],True,296,False,,0.553921568627451,True,Goshen Travel Plaza ( Arco ) ),
"Kettleman City , 93239 Valero Truck Stop",559-386-9076 I-5 Exit 309 ( CA 41 ),24 SO,Kettleman City,93239,Valero Truck Stop,559-386-9076,2006,Kettleman City,CA,Valero,( CA 41 ),I-5 Exit 309 ,Exit,309,False,,False,I-5,,,,,[],"[112, 582]","[112, 582]",[],"[103, 104, 105, 106, 107, 108, 109, 110, 111, 112, 113, 114, 115, 116, 117, 118, 119, 120, 121, 122, 123, 124, 125, 126, 127, 128, 129, 130, 131, 132, 133, 134, 135, 136, 137, 138, 139, 140, 141, 142, 143, 144, 145, 146, 147, 148, 149, 150, 151, 152, 153, 154, 155, 156, 157, 158, 159, 160, 161, 162, 163, 164, 165, 166, 167, 168, 169, 170, 171, 172, 173, 174, 175, 176, 177, 178, 179, 180, 181, 182, 183, 184, 185, 186, 187, 188, 189, 190, 191, 192, 193, 194, 195, 196, 197, 198, 199, 200, 201, 202, 203, 204, 205, 206, 207, 208, 209, 210, 211, 212, 213, 214, 215, 216, 217, 218, 219, 220, 221, 222, 223, 224, 225, 226, 227, 228, 229, 230, 231, 232, 233, 234, 235, 236, 237, 238, 239, 240, 241, 242, 243, 244, 245, 246, 247, 248, 249, 250, 251, 252, 253, 254, 255, 256, 257, 258, 259, 260, 261, 262, 263, 264, 265, 266, 267, 268, 269, 270, 271, 272, 273, 274, 275, 276, 277, 278, 279, 280, 281, 282, 283, 284, 285, 286, 287, 288, 289, 290, 291, 292, 293, 294, 295, 296, 297, 298, 299, 300, 301, 302, 303, 304, 305, 306, 307, 308, 309, 310, 311, 312, 313, 314, 315, 316, 317, 318, 319, 320, 321, 322, 323, 324, 325, 326, 327, 328, 329, 330, 331, 332, 333, 334, 335, 336, 337, 574, 575, 576, 577, 578, 579, 580, 581, 582, 583, 584, 585, 586, 587, 588, 589, 590, 591, 592, 593, 594, 595, 596, 597, 598, 599, 600, 601, 602, 603, 604, 605, 606, 607, 608, 609, 610, 611, 612, 613, 614, 615, 616, 617, 618, 619, 620, 621, 622, 623, 624, 625, 626, 627, 628, 629, 630, 631, 632, 633, 634, 635, 636, 637, 638, 639, 640, 641, 642, 643, 644, 645, 646, 647, 648, 649, 650, 651, 652, 653, 654, 655, 656, 657, 658, 659, 660, 661, 662, 663, 664, 665, 666, 667, 668, 669, 670, 671, 672, 673, 674, 675, 676, 677, 678, 679, 680, 681, 682, 683, 684, 685, 686, 687, 688, 689, 690, 691, 692, 693, 694, 695, 696, 697, 698, 699, 700, 701, 702, 703, 704, 705, 706, 707, 708, 709, 710, 711, 712, 713, 714, 715, 716, 717, 718, 719, 720, 721, 722, 723, 724, 725, 726, 727, 728, 729, 730, 731, 732, 733, 734, 735, 736, 737, 738, 739, 740, 741, 742, 743, 744, 745, 746, 747, 748, 749, 750, 751, 752, 753, 754, 755, 756, 757, 758, 759, 760, 761, 762, 763, 764, 765, 766, 767, 768, 769, 770, 771, 772, 773, 774, 775, 776, 777, 778, 779, 780, 781, 782, 783, 784, 785, 786, 787, 788, 789, 790, 791, 792, 793]","[105, 114, 138, 141, 152, 153, 154, 155, 157, 159, 164, 165, 176, 182, 191, 192, 194, 195, 196, 200, 204, 208, 209, 210, 211, 215, 226, 228, 241, 242, 243, 245, 248, 249, 250, 257, 261, 270, 271, 282, 287, 289, 291, 294, 296, 298, 306, 308, 309, 311, 314, 327, 333, 335, 337, 576, 585, 609, 612, 623, 624, 626, 627, 629, 631, 636, 637, 647, 653, 662, 663, 665, 666, 667, 671, 674, 678, 679, 680, 681, 690, 692, 705, 706, 707, 709, 711, 712, 713, 719, 721, 729, 730, 741, 746, 748, 750, 753, 755, 757, 764, 766, 767, 769, 772, 785, 791]","[2, 9, 10, 82, 111, 112, 113, 199, 279, 284, 285, 300, 488, 494, 495, 553, 581, 582, 583, 670, 738, 743, 744, 759, 818]","[2, 9, 10, 82, 111, 112, 113, 199, 279, 284, 285, 300, 488, 494, 495, 553, 581, 582, 583, 670, 738, 743, 744, 759, 818]","[2, 9, 10, 82, 103, 104, 105, 106, 107, 108, 109, 110, 111, 112, 113, 114, 115, 116, 117, 118, 119, 120, 121, 122, 123, 124, 125, 126, 127, 128, 129, 130, 131, 132, 133, 134, 135, 136, 137, 138, 139, 140, 141, 142, 143, 144, 145, 146, 147, 148, 149, 150, 151, 152, 153, 154, 155, 156, 157, 158, 159, 160, 161, 162, 163, 164, 165, 166, 167, 168, 169, 170, 171, 172, 173, 174, 175, 176, 177, 178, 179, 180, 181, 182, 183, 184, 185, 186, 187, 188, 189, 190, 191, 192, 193, 194, 195, 196, 197, 198, 199, 200, 201, 202, 203, 204, 205, 206, 207, 208, 209, 210, 211, 212, 213, 214, 215, 216, 217, 218, 219, 220, 221, 222, 223, 224, 225, 226, 227, 228, 229, 230, 231, 232, 233, 234, 235, 236, 237, 238, 239, 240, 241, 242, 243, 244, 245, 246, 247, 248, 249, 250, 251, 252, 253, 254, 255, 256, 257, 258, 259, 260, 261, 262, 263, 264, 265, 266, 267, 268, 269, 270, 271, 272, 273, 274, 275, 276, 277, 278, 279, 280, 281, 282, 283, 284, 285, 286, 287, 288, 289, 290, 291, 292, 293, 294, 295, 296, 297, 298, 299, 300, 301, 302, 303, 304, 305, 306, 307, 308, 309, 310, 311, 312, 313, 314, 315, 316, 317, 318, 319, 320, 321, 322, 323, 324, 325, 326, 327, 328, 329, 330, 331, 332, 333, 334, 335, 336, 337, 488, 494, 495, 553, 574, 575, 576, 577, 578, 579, 580, 581, 582, 583, 584, 585, 586, 587, 588, 589, 590, 591, 592, 593, 594, 595, 596, 597, 598, 599, 600, 601, 602, 603, 604, 605, 606, 607, 608, 609, 610, 611, 612, 613, 614, 615, 616, 617, 618, 619, 620, 621, 622, 623, 624, 625, 626, 627, 628, 629, 630, 631, 632, 633, 634, 635, 636, 637, 638, 639, 640, 641, 642, 643, 644, 645, 646, 647, 648, 649, 650, 651, 652, 653, 654, 655, 656, 657, 658, 659, 660, 661, 662, 663, 664, 665, 666, 667, 668, 669, 670, 671, 672, 673, 674, 675, 676, 677, 678, 679, 680, 681, 682, 683, 684, 685, 686, 687, 688, 689, 690, 691, 692, 693, 694, 695, 696, 697, 698, 699, 700, 701, 702, 703, 704, 705, 706, 707, 708, 709, 710, 711, 712, 713, 714, 715, 716, 717, 718, 719, 720, 721, 722, 723, 724, 725, 726, 727, 728, 729, 730, 731, 732, 733, 734, 735, 736, 737, 738, 739, 740, 741, 742, 743, 744, 745, 746, 747, 748, 749, 750, 751, 752, 753, 754, 755, 756, 757, 758, 759, 760, 761, 762, 763, 764, 765, 766, 767, 768, 769, 770, 771, 772, 773, 774, 775, 776, 777, 778, 779, 780, 781, 782, 783, 784, 785, 786, 787, 788, 789, 790, 791, 792, 793, 818]",False,"[112, 582]","[103, 104, 105, 106, 107, 108, 109, 110, 111, 112, 113, 114, 115, 116, 117, 118, 119, 120, 121, 122, 123, 124, 125, 126, 127, 128, 129, 130, 131, 132, 133, 134, 135, 136, 137, 138, 139, 140, 141, 142, 143, 144, 145, 146, 147, 148, 149, 150, 151, 152, 153, 154, 155, 156, 157, 158, 159, 160, 161, 162, 163, 164, 165, 166, 167, 168, 169, 170, 171, 172, 173, 174, 175, 176, 177, 178, 179, 180, 181, 182, 183, 184, 185, 186, 187, 188, 189, 190, 191, 192, 193, 194, 195, 196, 197, 198, 199, 200, 201, 202, 203, 204, 205, 206, 207, 208, 209, 210, 211, 212, 213, 214, 215, 216, 217, 218, 219, 220, 221, 222, 223, 224, 225, 226, 227, 228, 229, 230, 231, 232, 233, 234, 235, 236, 237, 238, 239, 240, 241, 242, 243, 244, 245, 246, 247, 248, 249, 250, 251, 252, 253, 254, 255, 256, 257, 258, 259, 260, 261, 262, 263, 264, 265, 266, 267, 268, 269, 270, 271, 272, 273, 274, 275, 276, 277, 278, 279, 280, 281, 282, 283, 284, 285, 286, 287, 288, 289, 290, 291, 292, 293, 294, 295, 296, 297, 298, 299, 300, 301, 302, 303, 304, 305, 306, 307, 308, 309, 310, 311, 312, 313, 314, 315, 316, 317, 318, 319, 320, 321, 322, 323, 324, 325, 326, 327, 328, 329, 330, 331, 332, 333, 334, 335, 336, 337, 574, 575, 576, 577, 578, 579, 580, 581, 582, 583, 584, 585, 586, 587, 588, 589, 590, 591, 592, 593, 594, 595, 596, 597, 598, 599, 600, 601, 602, 603, 604, 605, 606, 607, 608, 609, 610, 611, 612, 613, 614, 615, 616, 617, 618, 619, 620, 621, 622, 623, 624, 625, 626, 627, 628, 629, 630, 631, 632, 633, 634, 635, 636, 637, 638, 639, 640, 641, 642, 643, 644, 645, 646, 647, 648, 649, 650, 651, 652, 653, 654, 655, 656, 657, 658, 659, 660, 661, 662, 663, 664, 665, 666, 667, 668, 669, 670, 671, 672, 673, 674, 675, 676, 677, 678, 679, 680, 681, 682, 683, 684, 685, 686, 687, 688, 689, 690, 691, 692, 693, 694, 695, 696, 697, 698, 699, 700, 701, 702, 703, 704, 705, 706, 707, 708, 709, 710, 711, 712, 713, 714, 715, 716, 717, 718, 719, 720, 721, 722, 723, 724, 725, 726, 727, 728, 729, 730, 731, 732, 733, 734, 735, 736, 737, 738, 739, 740, 741, 742, 743, 744, 745, 746, 747, 748, 749, 750, 751, 752, 753, 754, 755, 756, 757, 758, 759, 760, 761, 762, 763, 764, 765, 766, 767, 768, 769, 770, 771, 772, 773, 774, 775, 776, 777, 778, 779, 780, 781, 782, 783, 784, 785, 786, 787, 788, 789, 790, 791, 792, 793]","[112, 582]",[],"[105, 114, 138, 141, 152, 153, 154, 155, 157, 159, 164, 165, 176, 182, 191, 192, 194, 195, 196, 200, 204, 208, 209, 210, 211, 215, 226, 228, 241, 242, 243, 245, 248, 249, 250, 257, 261, 270, 271, 282, 287, 289, 291, 294, 296, 298, 306, 308, 309, 311, 314, 327, 333, 335, 337, 576, 585, 609, 612, 623, 624, 626, 627, 629, 631, 636, 637, 647, 653, 662, 663, 665, 666, 667, 671, 674, 678, 679, 680, 681, 690, 692, 705, 706, 707, 709, 711, 712, 713, 719, 721, 729, 730, 741, 746, 748, 750, 753, 755, 757, 764, 766, 767, 769, 772, 785, 791]","[2, 9, 10, 82, 111, 112, 113, 199, 279, 284, 285, 300, 488, 494, 495, 553, 581, 582, 583, 670, 738, 743, 744, 759, 818]","[2, 9, 10, 82, 111, 112, 113, 199, 279, 284, 285, 300, 488, 494, 495, 553, 581, 582, 583, 670, 738, 743, 744, 759, 818]",4/6 successful match,False,[523],True,297,False,,,,,
"Kettleman City , 93239 Valero Truck Stop # 3006",559-386-9076 I-5 Exit 309 ( CA 41 ),24 HRS,Kettleman City,93239,Valero Truck Stop # 3006,559-386-9076,2007,Kettleman City,CA,Valero,( CA 41 ),I-5 Exit 309 ,Exit,309,False,,False,I-5,,,,,[],"[112, 582]","[112, 582]",[],"[103, 104, 105, 106, 107, 108, 109, 110, 111, 112, 113, 114, 115, 116, 117, 118, 119, 120, 121, 122, 123, 124, 125, 126, 127, 128, 129, 130, 131, 132, 133, 134, 135, 136, 137, 138, 139, 140, 141, 142, 143, 144, 145, 146, 147, 148, 149, 150, 151, 152, 153, 154, 155, 156, 157, 158, 159, 160, 161, 162, 163, 164, 165, 166, 167, 168, 169, 170, 171, 172, 173, 174, 175, 176, 177, 178, 179, 180, 181, 182, 183, 184, 185, 186, 187, 188, 189, 190, 191, 192, 193, 194, 195, 196, 197, 198, 199, 200, 201, 202, 203, 204, 205, 206, 207, 208, 209, 210, 211, 212, 213, 214, 215, 216, 217, 218, 219, 220, 221, 222, 223, 224, 225, 226, 227, 228, 229, 230, 231, 232, 233, 234, 235, 236, 237, 238, 239, 240, 241, 242, 243, 244, 245, 246, 247, 248, 249, 250, 251, 252, 253, 254, 255, 256, 257, 258, 259, 260, 261, 262, 263, 264, 265, 266, 267, 268, 269, 270, 271, 272, 273, 274, 275, 276, 277, 278, 279, 280, 281, 282, 283, 284, 285, 286, 287, 288, 289, 290, 291, 292, 293, 294, 295, 296, 297, 298, 299, 300, 301, 302, 303, 304, 305, 306, 307, 308, 309, 310, 311, 312, 313, 314, 315, 316, 317, 318, 319, 320, 321, 322, 323, 324, 325, 326, 327, 328, 329, 330, 331, 332, 333, 334, 335, 336, 337, 574, 575, 576, 577, 578, 579, 580, 581, 582, 583, 584, 585, 586, 587, 588, 589, 590, 591, 592, 593, 594, 595, 596, 597, 598, 599, 600, 601, 602, 603, 604, 605, 606, 607, 608, 609, 610, 611, 612, 613, 614, 615, 616, 617, 618, 619, 620, 621, 622, 623, 624, 625, 626, 627, 628, 629, 630, 631, 632, 633, 634, 635, 636, 637, 638, 639, 640, 641, 642, 643, 644, 645, 646, 647, 648, 649, 650, 651, 652, 653, 654, 655, 656, 657, 658, 659, 660, 661, 662, 663, 664, 665, 666, 667, 668, 669, 670, 671, 672, 673, 674, 675, 676, 677, 678, 679, 680, 681, 682, 683, 684, 685, 686, 687, 688, 689, 690, 691, 692, 693, 694, 695, 696, 697, 698, 699, 700, 701, 702, 703, 704, 705, 706, 707, 708, 709, 710, 711, 712, 713, 714, 715, 716, 717, 718, 719, 720, 721, 722, 723, 724, 725, 726, 727, 728, 729, 730, 731, 732, 733, 734, 735, 736, 737, 738, 739, 740, 741, 742, 743, 744, 745, 746, 747, 748, 749, 750, 751, 752, 753, 754, 755, 756, 757, 758, 759, 760, 761, 762, 763, 764, 765, 766, 767, 768, 769, 770, 771, 772, 773, 774, 775, 776, 777, 778, 779, 780, 781, 782, 783, 784, 785, 786, 787, 788, 789, 790, 791, 792, 793]","[105, 114, 138, 141, 152, 153, 154, 155, 157, 159, 164, 165, 176, 182, 191, 192, 194, 195, 196, 200, 204, 208, 209, 210, 211, 215, 226, 228, 241, 242, 243, 245, 248, 249, 250, 257, 261, 270, 271, 282, 287, 289, 291, 294, 296, 298, 306, 308, 309, 311, 314, 327, 333, 335, 337, 576, 585, 609, 612, 623, 624, 626, 627, 629, 631, 636, 637, 647, 653, 662, 663, 665, 666, 667, 671, 674, 678, 679, 680, 681, 690, 692, 705, 706, 707, 709, 711, 712, 713, 719, 721, 729, 730, 741, 746, 748, 750, 753, 755, 757, 764, 766, 767, 769, 772, 785, 791]","[2, 9, 10, 82, 111, 112, 113, 199, 279, 284, 285, 300, 488, 494, 495, 553, 581, 582, 583, 670, 738, 743, 744, 759, 818]","[2, 9, 10, 82, 111, 112, 113, 199, 279, 284, 285, 300, 488, 494, 495, 553, 581, 582, 583, 670, 738, 743, 744, 759, 818]","[2, 9, 10, 82, 103, 104, 105, 106, 107, 108, 109, 110, 111, 112, 113, 114, 115, 116, 117, 118, 119, 120, 121, 122, 123, 124, 125, 126, 127, 128, 129, 130, 131, 132, 133, 134, 135, 136, 137, 138, 139, 140, 141, 142, 143, 144, 145, 146, 147, 148, 149, 150, 151, 152, 153, 154, 155, 156, 157, 158, 159, 160, 161, 162, 163, 164, 165, 166, 167, 168, 169, 170, 171, 172, 173, 174, 175, 176, 177, 178, 179, 180, 181, 182, 183, 184, 185, 186, 187, 188, 189, 190, 191, 192, 193, 194, 195, 196, 197, 198, 199, 200, 201, 202, 203, 204, 205, 206, 207, 208, 209, 210, 211, 212, 213, 214, 215, 216, 217, 218, 219, 220, 221, 222, 223, 224, 225, 226, 227, 228, 229, 230, 231, 232, 233, 234, 235, 236, 237, 238, 239, 240, 241, 242, 243, 244, 245, 246, 247, 248, 249, 250, 251, 252, 253, 254, 255, 256, 257, 258, 259, 260, 261, 262, 263, 264, 265, 266, 267, 268, 269, 270, 271, 272, 273, 274, 275, 276, 277, 278, 279, 280, 281, 282, 283, 284, 285, 286, 287, 288, 289, 290, 291, 292, 293, 294, 295, 296, 297, 298, 299, 300, 301, 302, 303, 304, 305, 306, 307, 308, 309, 310, 311, 312, 313, 314, 315, 316, 317, 318, 319, 320, 321, 322, 323, 324, 325, 326, 327, 328, 329, 330, 331, 332, 333, 334, 335, 336, 337, 488, 494, 495, 553, 574, 575, 576, 577, 578, 579, 580, 581, 582, 583, 584, 585, 586, 587, 588, 589, 590, 591, 592, 593, 594, 595, 596, 597, 598, 599, 600, 601, 602, 603, 604, 605, 606, 607, 608, 609, 610, 611, 612, 613, 614, 615, 616, 617, 618, 619, 620, 621, 622, 623, 624, 625, 626, 627, 628, 629, 630, 631, 632, 633, 634, 635, 636, 637, 638, 639, 640, 641, 642, 643, 644, 645, 646, 647, 648, 649, 650, 651, 652, 653, 654, 655, 656, 657, 658, 659, 660, 661, 662, 663, 664, 665, 666, 667, 668, 669, 670, 671, 672, 673, 674, 675, 676, 677, 678, 679, 680, 681, 682, 683, 684, 685, 686, 687, 688, 689, 690, 691, 692, 693, 694, 695, 696, 697, 698, 699, 700, 701, 702, 703, 704, 705, 706, 707, 708, 709, 710, 711, 712, 713, 714, 715, 716, 717, 718, 719, 720, 721, 722, 723, 724, 725, 726, 727, 728, 729, 730, 731, 732, 733, 734, 735, 736, 737, 738, 739, 740, 741, 742, 743, 744, 745, 746, 747, 748, 749, 750, 751, 752, 753, 754, 755, 756, 757, 758, 759, 760, 761, 762, 763, 764, 765, 766, 767, 768, 769, 770, 771, 772, 773, 774, 775, 776, 777, 778, 779, 780, 781, 782, 783, 784, 785, 786, 787, 788, 789, 790, 791, 792, 793, 818]",False,"[112, 582]","[103, 104, 105, 106, 107, 108, 109, 110, 111, 112, 113, 114, 115, 116, 117, 118, 119, 120, 121, 122, 123, 124, 125, 126, 127, 128, 129, 130, 131, 132, 133, 134, 135, 136, 137, 138, 139, 140, 141, 142, 143, 144, 145, 146, 147, 148, 149, 150, 151, 152, 153, 154, 155, 156, 157, 158, 159, 160, 161, 162, 163, 164, 165, 166, 167, 168, 169, 170, 171, 172, 173, 174, 175, 176, 177, 178, 179, 180, 181, 182, 183, 184, 185, 186, 187, 188, 189, 190, 191, 192, 193, 194, 195, 196, 197, 198, 199, 200, 201, 202, 203, 204, 205, 206, 207, 208, 209, 210, 211, 212, 213, 214, 215, 216, 217, 218, 219, 220, 221, 222, 223, 224, 225, 226, 227, 228, 229, 230, 231, 232, 233, 234, 235, 236, 237, 238, 239, 240, 241, 242, 243, 244, 245, 246, 247, 248, 249, 250, 251, 252, 253, 254, 255, 256, 257, 258, 259, 260, 261, 262, 263, 264, 265, 266, 267, 268, 269, 270, 271, 272, 273, 274, 275, 276, 277, 278, 279, 280, 281, 282, 283, 284, 285, 286, 287, 288, 289, 290, 291, 292, 293, 294, 295, 296, 297, 298, 299, 300, 301, 302, 303, 304, 305, 306, 307, 308, 309, 310, 311, 312, 313, 314, 315, 316, 317, 318, 319, 320, 321, 322, 323, 324, 325, 326, 327, 328, 329, 330, 331, 332, 333, 334, 335, 336, 337, 574, 575, 576, 577, 578, 579, 580, 581, 582, 583, 584, 585, 586, 587, 588, 589, 590, 591, 592, 593, 594, 595, 596, 597, 598, 599, 600, 601, 602, 603, 604, 605, 606, 607, 608, 609, 610, 611, 612, 613, 614, 615, 616, 617, 618, 619, 620, 621, 622, 623, 624, 625, 626, 627, 628, 629, 630, 631, 632, 633, 634, 635, 636, 637, 638, 639, 640, 641, 642, 643, 644, 645, 646, 647, 648, 649, 650, 651, 652, 653, 654, 655, 656, 657, 658, 659, 660, 661, 662, 663, 664, 665, 666, 667, 668, 669, 670, 671, 672, 673, 674, 675, 676, 677, 678, 679, 680, 681, 682, 683, 684, 685, 686, 687, 688, 689, 690, 691, 692, 693, 694, 695, 696, 697, 698, 699, 700, 701, 702, 703, 704, 705, 706, 707, 708, 709, 710, 711, 712, 713, 714, 715, 716, 717, 718, 719, 720, 721, 722, 723, 724, 725, 726, 727, 728, 729, 730, 731, 732, 733, 734, 735, 736, 737, 738, 739, 740, 741, 742, 743, 744, 745, 746, 747, 748, 749, 750, 751, 752, 753, 754, 755, 756, 757, 758, 759, 760, 761, 762, 763, 764, 765, 766, 767, 768, 769, 770, 771, 772, 773, 774, 775, 776, 777, 778, 779, 780, 781, 782, 783, 784, 785, 786, 787, 788, 789, 790, 791, 792, 793]","[112, 582]",[],"[105, 114, 138, 141, 152, 153, 154, 155, 157, 159, 164, 165, 176, 182, 191, 192, 194, 195, 196, 200, 204, 208, 209, 210, 211, 215, 226, 228, 241, 242, 243, 245, 248, 249, 250, 257, 261, 270, 271, 282, 287, 289, 291, 294, 296, 298, 306, 308, 309, 311, 314, 327, 333, 335, 337, 576, 585, 609, 612, 623, 624, 626, 627, 629, 631, 636, 637, 647, 653, 662, 663, 665, 666, 667, 671, 674, 678, 679, 680, 681, 690, 692, 705, 706, 707, 709, 711, 712, 713, 719, 721, 729, 730, 741, 746, 748, 750, 753, 755, 757, 764, 766, 767, 769, 772, 785, 791]","[2, 9, 10, 82, 111, 112, 113, 199, 279, 284, 285, 300, 488, 494, 495, 553, 581, 582, 583, 670, 738, 743, 744, 759, 818]","[2, 9, 10, 82, 111, 112, 113, 199, 279, 284, 285, 300, 488, 494, 495, 553, 581, 582, 583, 670, 738, 743, 744, 759, 818]",4/6 successful match,False,[523],True,297,False,,0.648780487804878,True,Valero Truck Stop,Valero
"Kettleman City , 93239 Valero Truck Stop # 3006 Hwy E )",559-386-9076 I-5 Exit 309 ( CA 41 ),HRS 24 S 00,Kettleman City,93239,Valero Truck Stop # 3006 Hwy E ),559-386-9076,2008,Kettleman City,CA,Valero,( CA 41 ),I-5 Exit 309 ,Exit,309,False,,False,I-5,,,,,[],"[112, 582]","[112, 582]",[],"[103, 104, 105, 106, 107, 108, 109, 110, 111, 112, 113, 114, 115, 116, 117, 118, 119, 120, 121, 122, 123, 124, 125, 126, 127, 128, 129, 130, 131, 132, 133, 134, 135, 136, 137, 138, 139, 140, 141, 142, 143, 144, 145, 146, 147, 148, 149, 150, 151, 152, 153, 154, 155, 156, 157, 158, 159, 160, 161, 162, 163, 164, 165, 166, 167, 168, 169, 170, 171, 172, 173, 174, 175, 176, 177, 178, 179, 180, 181, 182, 183, 184, 185, 186, 187, 188, 189, 190, 191, 192, 193, 194, 195, 196, 197, 198, 199, 200, 201, 202, 203, 204, 205, 206, 207, 208, 209, 210, 211, 212, 213, 214, 215, 216, 217, 218, 219, 220, 221, 222, 223, 224, 225, 226, 227, 228, 229, 230, 231, 232, 233, 234, 235, 236, 237, 238, 239, 240, 241, 242, 243, 244, 245, 246, 247, 248, 249, 250, 251, 252, 253, 254, 255, 256, 257, 258, 259, 260, 261, 262, 263, 264, 265, 266, 267, 268, 269, 270, 271, 272, 273, 274, 275, 276, 277, 278, 279, 280, 281, 282, 283, 284, 285, 286, 287, 288, 289, 290, 291, 292, 293, 294, 295, 296, 297, 298, 299, 300, 301, 302, 303, 304, 305, 306, 307, 308, 309, 310, 311, 312, 313, 314, 315, 316, 317, 318, 319, 320, 321, 322, 323, 324, 325, 326, 327, 328, 329, 330, 331, 332, 333, 334, 335, 336, 337, 574, 575, 576, 577, 578, 579, 580, 581, 582, 583, 584, 585, 586, 587, 588, 589, 590, 591, 592, 593, 594, 595, 596, 597, 598, 599, 600, 601, 602, 603, 604, 605, 606, 607, 608, 609, 610, 611, 612, 613, 614, 615, 616, 617, 618, 619, 620, 621, 622, 623, 624, 625, 626, 627, 628, 629, 630, 631, 632, 633, 634, 635, 636, 637, 638, 639, 640, 641, 642, 643, 644, 645, 646, 647, 648, 649, 650, 651, 652, 653, 654, 655, 656, 657, 658, 659, 660, 661, 662, 663, 664, 665, 666, 667, 668, 669, 670, 671, 672, 673, 674, 675, 676, 677, 678, 679, 680, 681, 682, 683, 684, 685, 686, 687, 688, 689, 690, 691, 692, 693, 694, 695, 696, 697, 698, 699, 700, 701, 702, 703, 704, 705, 706, 707, 708, 709, 710, 711, 712, 713, 714, 715, 716, 717, 718, 719, 720, 721, 722, 723, 724, 725, 726, 727, 728, 729, 730, 731, 732, 733, 734, 735, 736, 737, 738, 739, 740, 741, 742, 743, 744, 745, 746, 747, 748, 749, 750, 751, 752, 753, 754, 755, 756, 757, 758, 759, 760, 761, 762, 763, 764, 765, 766, 767, 768, 769, 770, 771, 772, 773, 774, 775, 776, 777, 778, 779, 780, 781, 782, 783, 784, 785, 786, 787, 788, 789, 790, 791, 792, 793]","[105, 114, 138, 141, 152, 153, 154, 155, 157, 159, 164, 165, 176, 182, 191, 192, 194, 195, 196, 200, 204, 208, 209, 210, 211, 215, 226, 228, 241, 242, 243, 245, 248, 249, 250, 257, 261, 270, 271, 282, 287, 289, 291, 294, 296, 298, 306, 308, 309, 311, 314, 327, 333, 335, 337, 576, 585, 609, 612, 623, 624, 626, 627, 629, 631, 636, 637, 647, 653, 662, 663, 665, 666, 667, 671, 674, 678, 679, 680, 681, 690, 692, 705, 706, 707, 709, 711, 712, 713, 719, 721, 729, 730, 741, 746, 748, 750, 753, 755, 757, 764, 766, 767, 769, 772, 785, 791]","[2, 9, 10, 82, 111, 112, 113, 199, 279, 284, 285, 300, 488, 494, 495, 553, 581, 582, 583, 670, 738, 743, 744, 759, 818]","[2, 9, 10, 82, 111, 112, 113, 199, 279, 284, 285, 300, 488, 494, 495, 553, 581, 582, 583, 670, 738, 743, 744, 759, 818]","[2, 9, 10, 82, 103, 104, 105, 106, 107, 108, 109, 110, 111, 112, 113, 114, 115, 116, 117, 118, 119, 120, 121, 122, 123, 124, 125, 126, 127, 128, 129, 130, 131, 132, 133, 134, 135, 136, 137, 138, 139, 140, 141, 142, 143, 144, 145, 146, 147, 148, 149, 150, 151, 152, 153, 154, 155, 156, 157, 158, 159, 160, 161, 162, 163, 164, 165, 166, 167, 168, 169, 170, 171, 172, 173, 174, 175, 176, 177, 178, 179, 180, 181, 182, 183, 184, 185, 186, 187, 188, 189, 190, 191, 192, 193, 194, 195, 196, 197, 198, 199, 200, 201, 202, 203, 204, 205, 206, 207, 208, 209, 210, 211, 212, 213, 214, 215, 216, 217, 218, 219, 220, 221, 222, 223, 224, 225, 226, 227, 228, 229, 230, 231, 232, 233, 234, 235, 236, 237, 238, 239, 240, 241, 242, 243, 244, 245, 246, 247, 248, 249, 250, 251, 252, 253, 254, 255, 256, 257, 258, 259, 260, 261, 262, 263, 264, 265, 266, 267, 268, 269, 270, 271, 272, 273, 274, 275, 276, 277, 278, 279, 280, 281, 282, 283, 284, 285, 286, 287, 288, 289, 290, 291, 292, 293, 294, 295, 296, 297, 298, 299, 300, 301, 302, 303, 304, 305, 306, 307, 308, 309, 310, 311, 312, 313, 314, 315, 316, 317, 318, 319, 320, 321, 322, 323, 324, 325, 326, 327, 328, 329, 330, 331, 332, 333, 334, 335, 336, 337, 488, 494, 495, 553, 574, 575, 576, 577, 578, 579, 580, 581, 582, 583, 584, 585, 586, 587, 588, 589, 590, 591, 592, 593, 594, 595, 596, 597, 598, 599, 600, 601, 602, 603, 604, 605, 606, 607, 608, 609, 610, 611, 612, 613, 614, 615, 616, 617, 618, 619, 620, 621, 622, 623, 624, 625, 626, 627, 628, 629, 630, 631, 632, 633, 634, 635, 636, 637, 638, 639, 640, 641, 642, 643, 644, 645, 646, 647, 648, 649, 650, 651, 652, 653, 654, 655, 656, 657, 658, 659, 660, 661, 662, 663, 664, 665, 666, 667, 668, 669, 670, 671, 672, 673, 674, 675, 676, 677, 678, 679, 680, 681, 682, 683, 684, 685, 686, 687, 688, 689, 690, 691, 692, 693, 694, 695, 696, 697, 698, 699, 700, 701, 702, 703, 704, 705, 706, 707, 708, 709, 710, 711, 712, 713, 714, 715, 716, 717, 718, 719, 720, 721, 722, 723, 724, 725, 726, 727, 728, 729, 730, 731, 732, 733, 734, 735, 736, 737, 738, 739, 740, 741, 742, 743, 744, 745, 746, 747, 748, 749, 750, 751, 752, 753, 754, 755, 756, 757, 758, 759, 760, 761, 762, 763, 764, 765, 766, 767, 768, 769, 770, 771, 772, 773, 774, 775, 776, 777, 778, 779, 780, 781, 782, 783, 784, 785, 786, 787, 788, 789, 790, 791, 792, 793, 818]",False,"[112, 582]","[103, 104, 105, 106, 107, 108, 109, 110, 111, 112, 113, 114, 115, 116, 117, 118, 119, 120, 121, 122, 123, 124, 125, 126, 127, 128, 129, 130, 131, 132, 133, 134, 135, 136, 137, 138, 139, 140, 141, 142, 143, 144, 145, 146, 147, 148, 149, 150, 151, 152, 153, 154, 155, 156, 157, 158, 159, 160, 161, 162, 163, 164, 165, 166, 167, 168, 169, 170, 171, 172, 173, 174, 175, 176, 177, 178, 179, 180, 181, 182, 183, 184, 185, 186, 187, 188, 189, 190, 191, 192, 193, 194, 195, 196, 197, 198, 199, 200, 201, 202, 203, 204, 205, 206, 207, 208, 209, 210, 211, 212, 213, 214, 215, 216, 217, 218, 219, 220, 221, 222, 223, 224, 225, 226, 227, 228, 229, 230, 231, 232, 233, 234, 235, 236, 237, 238, 239, 240, 241, 242, 243, 244, 245, 246, 247, 248, 249, 250, 251, 252, 253, 254, 255, 256, 257, 258, 259, 260, 261, 262, 263, 264, 265, 266, 267, 268, 269, 270, 271, 272, 273, 274, 275, 276, 277, 278, 279, 280, 281, 282, 283, 284, 285, 286, 287, 288, 289, 290, 291, 292, 293, 294, 295, 296, 297, 298, 299, 300, 301, 302, 303, 304, 305, 306, 307, 308, 309, 310, 311, 312, 313, 314, 315, 316, 317, 318, 319, 320, 321, 322, 323, 324, 325, 326, 327, 328, 329, 330, 331, 332, 333, 334, 335, 336, 337, 574, 575, 576, 577, 578, 579, 580, 581, 582, 583, 584, 585, 586, 587, 588, 589, 590, 591, 592, 593, 594, 595, 596, 597, 598, 599, 600, 601, 602, 603, 604, 605, 606, 607, 608, 609, 610, 611, 612, 613, 614, 615, 616, 617, 618, 619, 620, 621, 622, 623, 624, 625, 626, 627, 628, 629, 630, 631, 632, 633, 634, 635, 636, 637, 638, 639, 640, 641, 642, 643, 644, 645, 646, 647, 648, 649, 650, 651, 652, 653, 654, 655, 656, 657, 658, 659, 660, 661, 662, 663, 664, 665, 666, 667, 668, 669, 670, 671, 672, 673, 674, 675, 676, 677, 678, 679, 680, 681, 682, 683, 684, 685, 686, 687, 688, 689, 690, 691, 692, 693, 694, 695, 696, 697, 698, 699, 700, 701, 702, 703, 704, 705, 706, 707, 708, 709, 710, 711, 712, 713, 714, 715, 716, 717, 718, 719, 720, 721, 722, 723, 724, 725, 726, 727, 728, 729, 730, 731, 732, 733, 734, 735, 736, 737, 738, 739, 740, 741, 742, 743, 744, 745, 746, 747, 748, 749, 750, 751, 752, 753, 754, 755, 756, 757, 758, 759, 760, 761, 762, 763, 764, 765, 766, 767, 768, 769, 770, 771, 772, 773, 774, 775, 776, 777, 778, 779, 780, 781, 782, 783, 784, 785, 786, 787, 788, 789, 790, 791, 792, 793]","[112, 582]",[],"[105, 114, 138, 141, 152, 153, 154, 155, 157, 159, 164, 165, 176, 182, 191, 192, 194, 195, 196, 200, 204, 208, 209, 210, 211, 215, 226, 228, 241, 242, 243, 245, 248, 249, 250, 257, 261, 270, 271, 282, 287, 289, 291, 294, 296, 298, 306, 308, 309, 311, 314, 327, 333, 335, 337, 576, 585, 609, 612, 623, 624, 626, 627, 629, 631, 636, 637, 647, 653, 662, 663, 665, 666, 667, 671, 674, 678, 679, 680, 681, 690, 692, 705, 706, 707, 709, 711, 712, 713, 719, 721, 729, 730, 741, 746, 748, 750, 753, 755, 757, 764, 766, 767, 769, 772, 785, 791]","[2, 9, 10, 82, 111, 112, 113, 199, 279, 284, 285, 300, 488, 494, 495, 553, 581, 582, 583, 670, 738, 743, 744, 759, 818]","[2, 9, 10, 82, 111, 112, 113, 199, 279, 284, 285, 300, 488, 494, 495, 553, 581, 582, 583, 670, 738, 743, 744, 759, 818]",4/6 successful match,False,[523],True,297,False,,1.0,True,Valero Truck Stop # 3006,Valero
G Kettleman City ( 93239 ) Valero Truck Stop # 3006,3 559-386-9076 I-5 Exit 309 ( CA 41 E ),S D,Kettleman City,93239,Valero Truck Stop # 3006,559-386-9076,2014,Kettleman City,CA,Valero,( CA 41 E ),I-5 Exit 309 ,Exit,309,False,,False,I-5,,,,,[],"[112, 582]","[112, 582]",[],"[103, 104, 105, 106, 107, 108, 109, 110, 111, 112, 113, 114, 115, 116, 117, 118, 119, 120, 121, 122, 123, 124, 125, 126, 127, 128, 129, 130, 131, 132, 133, 134, 135, 136, 137, 138, 139, 140, 141, 142, 143, 144, 145, 146, 147, 148, 149, 150, 151, 152, 153, 154, 155, 156, 157, 158, 159, 160, 161, 162, 163, 164, 165, 166, 167, 168, 169, 170, 171, 172, 173, 174, 175, 176, 177, 178, 179, 180, 181, 182, 183, 184, 185, 186, 187, 188, 189, 190, 191, 192, 193, 194, 195, 196, 197, 198, 199, 200, 201, 202, 203, 204, 205, 206, 207, 208, 209, 210, 211, 212, 213, 214, 215, 216, 217, 218, 219, 220, 221, 222, 223, 224, 225, 226, 227, 228, 229, 230, 231, 232, 233, 234, 235, 236, 237, 238, 239, 240, 241, 242, 243, 244, 245, 246, 247, 248, 249, 250, 251, 252, 253, 254, 255, 256, 257, 258, 259, 260, 261, 262, 263, 264, 265, 266, 267, 268, 269, 270, 271, 272, 273, 274, 275, 276, 277, 278, 279, 280, 281, 282, 283, 284, 285, 286, 287, 288, 289, 290, 291, 292, 293, 294, 295, 296, 297, 298, 299, 300, 301, 302, 303, 304, 305, 306, 307, 308, 309, 310, 311, 312, 313, 314, 315, 316, 317, 318, 319, 320, 321, 322, 323, 324, 325, 326, 327, 328, 329, 330, 331, 332, 333, 334, 335, 336, 337, 574, 575, 576, 577, 578, 579, 580, 581, 582, 583, 584, 585, 586, 587, 588, 589, 590, 591, 592, 593, 594, 595, 596, 597, 598, 599, 600, 601, 602, 603, 604, 605, 606, 607, 608, 609, 610, 611, 612, 613, 614, 615, 616, 617, 618, 619, 620, 621, 622, 623, 624, 625, 626, 627, 628, 629, 630, 631, 632, 633, 634, 635, 636, 637, 638, 639, 640, 641, 642, 643, 644, 645, 646, 647, 648, 649, 650, 651, 652, 653, 654, 655, 656, 657, 658, 659, 660, 661, 662, 663, 664, 665, 666, 667, 668, 669, 670, 671, 672, 673, 674, 675, 676, 677, 678, 679, 680, 681, 682, 683, 684, 685, 686, 687, 688, 689, 690, 691, 692, 693, 694, 695, 696, 697, 698, 699, 700, 701, 702, 703, 704, 705, 706, 707, 708, 709, 710, 711, 712, 713, 714, 715, 716, 717, 718, 719, 720, 721, 722, 723, 724, 725, 726, 727, 728, 729, 730, 731, 732, 733, 734, 735, 736, 737, 738, 739, 740, 741, 742, 743, 744, 745, 746, 747, 748, 749, 750, 751, 752, 753, 754, 755, 756, 757, 758, 759, 760, 761, 762, 763, 764, 765, 766, 767, 768, 769, 770, 771, 772, 773, 774, 775, 776, 777, 778, 779, 780, 781, 782, 783, 784, 785, 786, 787, 788, 789, 790, 791, 792, 793]","[105, 114, 138, 141, 152, 153, 154, 155, 157, 159, 164, 165, 176, 182, 191, 192, 194, 195, 196, 200, 204, 208, 209, 210, 211, 215, 226, 228, 241, 242, 243, 245, 248, 249, 250, 257, 261, 270, 271, 282, 287, 289, 291, 294, 296, 298, 306, 308, 309, 311, 314, 327, 333, 335, 337, 576, 585, 609, 612, 623, 624, 626, 627, 629, 631, 636, 637, 647, 653, 662, 663, 665, 666, 667, 671, 674, 678, 679, 680, 681, 690, 692, 705, 706, 707, 709, 711, 712, 713, 719, 721, 729, 730, 741, 746, 748, 750, 753, 755, 757, 764, 766, 767, 769, 772, 785, 791]","[2, 9, 10, 82, 111, 112, 113, 199, 279, 284, 285, 300, 488, 494, 495, 553, 581, 582, 583, 670, 738, 743, 744, 759, 818]","[2, 9, 10, 82, 111, 112, 113, 199, 279, 284, 285, 300, 488, 494, 495, 553, 581, 582, 583, 670, 738, 743, 744, 759, 818]","[2, 9, 10, 82, 103, 104, 105, 106, 107, 108, 109, 110, 111, 112, 113, 114, 115, 116, 117, 118, 119, 120, 121, 122, 123, 124, 125, 126, 127, 128, 129, 130, 131, 132, 133, 134, 135, 136, 137, 138, 139, 140, 141, 142, 143, 144, 145, 146, 147, 148, 149, 150, 151, 152, 153, 154, 155, 156, 157, 158, 159, 160, 161, 162, 163, 164, 165, 166, 167, 168, 169, 170, 171, 172, 173, 174, 175, 176, 177, 178, 179, 180, 181, 182, 183, 184, 185, 186, 187, 188, 189, 190, 191, 192, 193, 194, 195, 196, 197, 198, 199, 200, 201, 202, 203, 204, 205, 206, 207, 208, 209, 210, 211, 212, 213, 214, 215, 216, 217, 218, 219, 220, 221, 222, 223, 224, 225, 226, 227, 228, 229, 230, 231, 232, 233, 234, 235, 236, 237, 238, 239, 240, 241, 242, 243, 244, 245, 246, 247, 248, 249, 250, 251, 252, 253, 254, 255, 256, 257, 258, 259, 260, 261, 262, 263, 264, 265, 266, 267, 268, 269, 270, 271, 272, 273, 274, 275, 276, 277, 278, 279, 280, 281, 282, 283, 284, 285, 286, 287, 288, 289, 290, 291, 292, 293, 294, 295, 296, 297, 298, 299, 300, 301, 302, 303, 304, 305, 306, 307, 308, 309, 310, 311, 312, 313, 314, 315, 316, 317, 318, 319, 320, 321, 322, 323, 324, 325, 326, 327, 328, 329, 330, 331, 332, 333, 334, 335, 336, 337, 488, 494, 495, 553, 574, 575, 576, 577, 578, 579, 580, 581, 582, 583, 584, 585, 586, 587, 588, 589, 590, 591, 592, 593, 594, 595, 596, 597, 598, 599, 600, 601, 602, 603, 604, 605, 606, 607, 608, 609, 610, 611, 612, 613, 614, 615, 616, 617, 618, 619, 620, 621, 622, 623, 624, 625, 626, 627, 628, 629, 630, 631, 632, 633, 634, 635, 636, 637, 638, 639, 640, 641, 642, 643, 644, 645, 646, 647, 648, 649, 650, 651, 652, 653, 654, 655, 656, 657, 658, 659, 660, 661, 662, 663, 664, 665, 666, 667, 668, 669, 670, 671, 672, 673, 674, 675, 676, 677, 678, 679, 680, 681, 682, 683, 684, 685, 686, 687, 688, 689, 690, 691, 692, 693, 694, 695, 696, 697, 698, 699, 700, 701, 702, 703, 704, 705, 706, 707, 708, 709, 710, 711, 712, 713, 714, 715, 716, 717, 718, 719, 720, 721, 722, 723, 724, 725, 726, 727, 728, 729, 730, 731, 732, 733, 734, 735, 736, 737, 738, 739, 740, 741, 742, 743, 744, 745, 746, 747, 748, 749, 750, 751, 752, 753, 754, 755, 756, 757, 758, 759, 760, 761, 762, 763, 764, 765, 766, 767, 768, 769, 770, 771, 772, 773, 774, 775, 776, 777, 778, 779, 780, 781, 782, 783, 784, 785, 786, 787, 788, 789, 790, 791, 792, 793, 818]",False,"[112, 582]","[103, 104, 105, 106, 107, 108, 109, 110, 111, 112, 113, 114, 115, 116, 117, 118, 119, 120, 121, 122, 123, 124, 125, 126, 127, 128, 129, 130, 131, 132, 133, 134, 135, 136, 137, 138, 139, 140, 141, 142, 143, 144, 145, 146, 147, 148, 149, 150, 151, 152, 153, 154, 155, 156, 157, 158, 159, 160, 161, 162, 163, 164, 165, 166, 167, 168, 169, 170, 171, 172, 173, 174, 175, 176, 177, 178, 179, 180, 181, 182, 183, 184, 185, 186, 187, 188, 189, 190, 191, 192, 193, 194, 195, 196, 197, 198, 199, 200, 201, 202, 203, 204, 205, 206, 207, 208, 209, 210, 211, 212, 213, 214, 215, 216, 217, 218, 219, 220, 221, 222, 223, 224, 225, 226, 227, 228, 229, 230, 231, 232, 233, 234, 235, 236, 237, 238, 239, 240, 241, 242, 243, 244, 245, 246, 247, 248, 249, 250, 251, 252, 253, 254, 255, 256, 257, 258, 259, 260, 261, 262, 263, 264, 265, 266, 267, 268, 269, 270, 271, 272, 273, 274, 275, 276, 277, 278, 279, 280, 281, 282, 283, 284, 285, 286, 287, 288, 289, 290, 291, 292, 293, 294, 295, 296, 297, 298, 299, 300, 301, 302, 303, 304, 305, 306, 307, 308, 309, 310, 311, 312, 313, 314, 315, 316, 317, 318, 319, 320, 321, 322, 323, 324, 325, 326, 327, 328, 329, 330, 331, 332, 333, 334, 335, 336, 337, 574, 575, 576, 577, 578, 579, 580, 581, 582, 583, 584, 585, 586, 587, 588, 589, 590, 591, 592, 593, 594, 595, 596, 597, 598, 599, 600, 601, 602, 603, 604, 605, 606, 607, 608, 609, 610, 611, 612, 613, 614, 615, 616, 617, 618, 619, 620, 621, 622, 623, 624, 625, 626, 627, 628, 629, 630, 631, 632, 633, 634, 635, 636, 637, 638, 639, 640, 641, 642, 643, 644, 645, 646, 647, 648, 649, 650, 651, 652, 653, 654, 655, 656, 657, 658, 659, 660, 661, 662, 663, 664, 665, 666, 667, 668, 669, 670, 671, 672, 673, 674, 675, 676, 677, 678, 679, 680, 681, 682, 683, 684, 685, 686, 687, 688, 689, 690, 691, 692, 693, 694, 695, 696, 697, 698, 699, 700, 701, 702, 703, 704, 705, 706, 707, 708, 709, 710, 711, 712, 713, 714, 715, 716, 717, 718, 719, 720, 721, 722, 723, 724, 725, 726, 727, 728, 729, 730, 731, 732, 733, 734, 735, 736, 737, 738, 739, 740, 741, 742, 743, 744, 745, 746, 747, 748, 749, 750, 751, 752, 753, 754, 755, 756, 757, 758, 759, 760, 761, 762, 763, 764, 765, 766, 767, 768, 769, 770, 771, 772, 773, 774, 775, 776, 777, 778, 779, 780, 781, 782, 783, 784, 785, 786, 787, 788, 789, 790, 791, 792, 793]","[112, 582]",[],"[105, 114, 138, 141, 152, 153, 154, 155, 157, 159, 164, 165, 176, 182, 191, 192, 194, 195, 196, 200, 204, 208, 209, 210, 211, 215, 226, 228, 241, 242, 243, 245, 248, 249, 250, 257, 261, 270, 271, 282, 287, 289, 291, 294, 296, 298, 306, 308, 309, 311, 314, 327, 333, 335, 337, 576, 585, 609, 612, 623, 624, 626, 627, 629, 631, 636, 637, 647, 653, 662, 663, 665, 666, 667, 671, 674, 678, 679, 680, 681, 690, 692, 705, 706, 707, 709, 711, 712, 713, 719, 721, 729, 730, 741, 746, 748, 750, 753, 755, 757, 764, 766, 767, 769, 772, 785, 791]","[2, 9, 10, 82, 111, 112, 113, 199, 279, 284, 285, 300, 488, 494, 495, 553, 581, 582, 583, 670, 738, 743, 744, 759, 818]","[2, 9, 10, 82, 111, 112, 113, 199, 279, 284, 285, 300, 488, 494, 495, 553, 581, 582, 583, 670, 738, 743, 744, 759, 818]",4/6 successful match,False,[523],True,297,False,,1.0,True,Valero Truck Stop # 3006 Hwy E ),Valero
G Kettleman City ( 93239 ) Corner Store # 3006 ( Valero ),559-386-9076 I-5 Exit 309 ( CA 41 E ),S D,Kettleman City,93239,Corner Store # 3006 ( Valero ),559-386-9076,2015,Kettleman City,CA,Valero,( CA 41 E ),I-5 Exit 309 ,Exit,309,False,,False,I-5,,,,,[],"[112, 582]","[112, 582]",[],"[103, 104, 105, 106, 107, 108, 109, 110, 111, 112, 113, 114, 115, 116, 117, 118, 119, 120, 121, 122, 123, 124, 125, 126, 127, 128, 129, 130, 131, 132, 133, 134, 135, 136, 137, 138, 139, 140, 141, 142, 143, 144, 145, 146, 147, 148, 149, 150, 151, 152, 153, 154, 155, 156, 157, 158, 159, 160, 161, 162, 163, 164, 165, 166, 167, 168, 169, 170, 171, 172, 173, 174, 175, 176, 177, 178, 179, 180, 181, 182, 183, 184, 185, 186, 187, 188, 189, 190, 191, 192, 193, 194, 195, 196, 197, 198, 199, 200, 201, 202, 203, 204, 205, 206, 207, 208, 209, 210, 211, 212, 213, 214, 215, 216, 217, 218, 219, 220, 221, 222, 223, 224, 225, 226, 227, 228, 229, 230, 231, 232, 233, 234, 235, 236, 237, 238, 239, 240, 241, 242, 243, 244, 245, 246, 247, 248, 249, 250, 251, 252, 253, 254, 255, 256, 257, 258, 259, 260, 261, 262, 263, 264, 265, 266, 267, 268, 269, 270, 271, 272, 273, 274, 275, 276, 277, 278, 279, 280, 281, 282, 283, 284, 285, 286, 287, 288, 289, 290, 291, 292, 293, 294, 295, 296, 297, 298, 299, 300, 301, 302, 303, 304, 305, 306, 307, 308, 309, 310, 311, 312, 313, 314, 315, 316, 317, 318, 319, 320, 321, 322, 323, 324, 325, 326, 327, 328, 329, 330, 331, 332, 333, 334, 335, 336, 337, 574, 575, 576, 577, 578, 579, 580, 581, 582, 583, 584, 585, 586, 587, 588, 589, 590, 591, 592, 593, 594, 595, 596, 597, 598, 599, 600, 601, 602, 603, 604, 605, 606, 607, 608, 609, 610, 611, 612, 613, 614, 615, 616, 617, 618, 619, 620, 621, 622, 623, 624, 625, 626, 627, 628, 629, 630, 631, 632, 633, 634, 635, 636, 637, 638, 639, 640, 641, 642, 643, 644, 645, 646, 647, 648, 649, 650, 651, 652, 653, 654, 655, 656, 657, 658, 659, 660, 661, 662, 663, 664, 665, 666, 667, 668, 669, 670, 671, 672, 673, 674, 675, 676, 677, 678, 679, 680, 681, 682, 683, 684, 685, 686, 687, 688, 689, 690, 691, 692, 693, 694, 695, 696, 697, 698, 699, 700, 701, 702, 703, 704, 705, 706, 707, 708, 709, 710, 711, 712, 713, 714, 715, 716, 717, 718, 719, 720, 721, 722, 723, 724, 725, 726, 727, 728, 729, 730, 731, 732, 733, 734, 735, 736, 737, 738, 739, 740, 741, 742, 743, 744, 745, 746, 747, 748, 749, 750, 751, 752, 753, 754, 755, 756, 757, 758, 759, 760, 761, 762, 763, 764, 765, 766, 767, 768, 769, 770, 771, 772, 773, 774, 775, 776, 777, 778, 779, 780, 781, 782, 783, 784, 785, 786, 787, 788, 789, 790, 791, 792, 793]","[105, 114, 138, 141, 152, 153, 154, 155, 157, 159, 164, 165, 176, 182, 191, 192, 194, 195, 196, 200, 204, 208, 209, 210, 211, 215, 226, 228, 241, 242, 243, 245, 248, 249, 250, 257, 261, 270, 271, 282, 287, 289, 291, 294, 296, 298, 306, 308, 309, 311, 314, 327, 333, 335, 337, 576, 585, 609, 612, 623, 624, 626, 627, 629, 631, 636, 637, 647, 653, 662, 663, 665, 666, 667, 671, 674, 678, 679, 680, 681, 690, 692, 705, 706, 707, 709, 711, 712, 713, 719, 721, 729, 730, 741, 746, 748, 750, 753, 755, 757, 764, 766, 767, 769, 772, 785, 791]","[2, 9, 10, 82, 111, 112, 113, 199, 279, 284, 285, 300, 488, 494, 495, 553, 581, 582, 583, 670, 738, 743, 744, 759, 818]","[2, 9, 10, 82, 111, 112, 113, 196, 199, 279, 284, 285, 300, 397, 488, 494, 495, 553, 581, 582, 583, 667, 670, 738, 743, 744, 759, 818, 847]","[2, 9, 10, 82, 103, 104, 105, 106, 107, 108, 109, 110, 111, 112, 113, 114, 115, 116, 117, 118, 119, 120, 121, 122, 123, 124, 125, 126, 127, 128, 129, 130, 131, 132, 133, 134, 135, 136, 137, 138, 139, 140, 141, 142, 143, 144, 145, 146, 147, 148, 149, 150, 151, 152, 153, 154, 155, 156, 157, 158, 159, 160, 161, 162, 163, 164, 165, 166, 167, 168, 169, 170, 171, 172, 173, 174, 175, 176, 177, 178, 179, 180, 181, 182, 183, 184, 185, 186, 187, 188, 189, 190, 191, 192, 193, 194, 195, 196, 197, 198, 199, 200, 201, 202, 203, 204, 205, 206, 207, 208, 209, 210, 211, 212, 213, 214, 215, 216, 217, 218, 219, 220, 221, 222, 223, 224, 225, 226, 227, 228, 229, 230, 231, 232, 233, 234, 235, 236, 237, 238, 239, 240, 241, 242, 243, 244, 245, 246, 247, 248, 249, 250, 251, 252, 253, 254, 255, 256, 257, 258, 259, 260, 261, 262, 263, 264, 265, 266, 267, 268, 269, 270, 271, 272, 273, 274, 275, 276, 277, 278, 279, 280, 281, 282, 283, 284, 285, 286, 287, 288, 289, 290, 291, 292, 293, 294, 295, 296, 297, 298, 299, 300, 301, 302, 303, 304, 305, 306, 307, 308, 309, 310, 311, 312, 313, 314, 315, 316, 317, 318, 319, 320, 321, 322, 323, 324, 325, 326, 327, 328, 329, 330, 331, 332, 333, 334, 335, 336, 337, 397, 488, 494, 495, 553, 574, 575, 576, 577, 578, 579, 580, 581, 582, 583, 584, 585, 586, 587, 588, 589, 590, 591, 592, 593, 594, 595, 596, 597, 598, 599, 600, 601, 602, 603, 604, 605, 606, 607, 608, 609, 610, 611, 612, 613, 614, 615, 616, 617, 618, 619, 620, 621, 622, 623, 624, 625, 626, 627, 628, 629, 630, 631, 632, 633, 634, 635, 636, 637, 638, 639, 640, 641, 642, 643, 644, 645, 646, 647, 648, 649, 650, 651, 652, 653, 654, 655, 656, 657, 658, 659, 660, 661, 662, 663, 664, 665, 666, 667, 668, 669, 670, 671, 672, 673, 674, 675, 676, 677, 678, 679, 680, 681, 682, 683, 684, 685, 686, 687, 688, 689, 690, 691, 692, 693, 694, 695, 696, 697, 698, 699, 700, 701, 702, 703, 704, 705, 706, 707, 708, 709, 710, 711, 712, 713, 714, 715, 716, 717, 718, 719, 720, 721, 722, 723, 724, 725, 726, 727, 728, 729, 730, 731, 732, 733, 734, 735, 736, 737, 738, 739, 740, 741, 742, 743, 744, 745, 746, 747, 748, 749, 750, 751, 752, 753, 754, 755, 756, 757, 758, 759, 760, 761, 762, 763, 764, 765, 766, 767, 768, 769, 770, 771, 772, 773, 774, 775, 776, 777, 778, 779, 780, 781, 782, 783, 784, 785, 786, 787, 788, 789, 790, 791, 792, 793, 818, 847]",False,"[112, 582]","[103, 104, 105, 106, 107, 108, 109, 110, 111, 112, 113, 114, 115, 116, 117, 118, 119, 120, 121, 122, 123, 124, 125, 126, 127, 128, 129, 130, 131, 132, 133, 134, 135, 136, 137, 138, 139, 140, 141, 142, 143, 144, 145, 146, 147, 148, 149, 150, 151, 152, 153, 154, 155, 156, 157, 158, 159, 160, 161, 162, 163, 164, 165, 166, 167, 168, 169, 170, 171, 172, 173, 174, 175, 176, 177, 178, 179, 180, 181, 182, 183, 184, 185, 186, 187, 188, 189, 190, 191, 192, 193, 194, 195, 196, 197, 198, 199, 200, 201, 202, 203, 204, 205, 206, 207, 208, 209, 210, 211, 212, 213, 214, 215, 216, 217, 218, 219, 220, 221, 222, 223, 224, 225, 226, 227, 228, 229, 230, 231, 232, 233, 234, 235, 236, 237, 238, 239, 240, 241, 242, 243, 244, 245, 246, 247, 248, 249, 250, 251, 252, 253, 254, 255, 256, 257, 258, 259, 260, 261, 262, 263, 264, 265, 266, 267, 268, 269, 270, 271, 272, 273, 274, 275, 276, 277, 278, 279, 280, 281, 282, 283, 284, 285, 286, 287, 288, 289, 290, 291, 292, 293, 294, 295, 296, 297, 298, 299, 300, 301, 302, 303, 304, 305, 306, 307, 308, 309, 310, 311, 312, 313, 314, 315, 316, 317, 318, 319, 320, 321, 322, 323, 324, 325, 326, 327, 328, 329, 330, 331, 332, 333, 334, 335, 336, 337, 574, 575, 576, 577, 578, 579, 580, 581, 582, 583, 584, 585, 586, 587, 588, 589, 590, 591, 592, 593, 594, 595, 596, 597, 598, 599, 600, 601, 602, 603, 604, 605, 606, 607, 608, 609, 610, 611, 612, 613, 614, 615, 616, 617, 618, 619, 620, 621, 622, 623, 624, 625, 626, 627, 628, 629, 630, 631, 632, 633, 634, 635, 636, 637, 638, 639, 640, 641, 642, 643, 644, 645, 646, 647, 648, 649, 650, 651, 652, 653, 654, 655, 656, 657, 658, 659, 660, 661, 662, 663, 664, 665, 666, 667, 668, 669, 670, 671, 672, 673, 674, 675, 676, 677, 678, 679, 680, 681, 682, 683, 684, 685, 686, 687, 688, 689, 690, 691, 692, 693, 694, 695, 696, 697, 698, 699, 700, 701, 702, 703, 704, 705, 706, 707, 708, 709, 710, 711, 712, 713, 714, 715, 716, 717, 718, 719, 720, 721, 722, 723, 724, 725, 726, 727, 728, 729, 730, 731, 732, 733, 734, 735, 736, 737, 738, 739, 740, 741, 742, 743, 744, 745, 746, 747, 748, 749, 750, 751, 752, 753, 754, 755, 756, 757, 758, 759, 760, 761, 762, 763, 764, 765, 766, 767, 768, 769, 770, 771, 772, 773, 774, 775, 776, 777, 778, 779, 780, 781, 782, 783, 784, 785, 786, 787, 788, 789, 790, 791, 792, 793]","[112, 582]",[],"[105, 114, 138, 141, 152, 153, 154, 155, 157, 159, 164, 165, 176, 182, 191, 192, 194, 195, 196, 200, 204, 208, 209, 210, 211, 215, 226, 228, 241, 242, 243, 245, 248, 249, 250, 257, 261, 270, 271, 282, 287, 289, 291, 294, 296, 298, 306, 308, 309, 311, 314, 327, 333, 335, 337, 576, 585, 609, 612, 623, 624, 626, 627, 629, 631, 636, 637, 647, 653, 662, 663, 665, 666, 667, 671, 674, 678, 679, 680, 681, 690, 692, 705, 706, 707, 709, 711, 712, 713, 719, 721, 729, 730, 741, 746, 748, 750, 753, 755, 757, 764, 766, 767, 769, 772, 785, 791]","[2, 9, 10, 82, 111, 112, 113, 196, 199, 279, 284, 285, 300, 397, 488, 494, 495, 553, 581, 582, 583, 667, 670, 738, 743, 744, 759, 818, 847]","[2, 9, 10, 82, 111, 112, 113, 199, 279, 284, 285, 300, 488, 494, 495, 553, 581, 582, 583, 670, 738, 743, 744, 759, 818]",4/6 successful match,False,[523],True,297,False,,0.8444444444444444,True,Valero Truck Stop # 3006,Valero
Kettleman City ( 93239 ) Corner Store ( Stockdale # 3006 ( Valero Hwy E ),559-386-9076 I-5 Exit 309 ( ),S 0,Kettleman City,93239,Corner Store ( Stockdale # 3006 ( Valero Hwy E ),559-386-9076,2016,Kettleman City,CA,Valero,( ),I-5 Exit 309 ,Exit,309,False,,False,I-5,,,,,[],"[112, 582]","[112, 582]",[],"[103, 104, 105, 106, 107, 108, 109, 110, 111, 112, 113, 114, 115, 116, 117, 118, 119, 120, 121, 122, 123, 124, 125, 126, 127, 128, 129, 130, 131, 132, 133, 134, 135, 136, 137, 138, 139, 140, 141, 142, 143, 144, 145, 146, 147, 148, 149, 150, 151, 152, 153, 154, 155, 156, 157, 158, 159, 160, 161, 162, 163, 164, 165, 166, 167, 168, 169, 170, 171, 172, 173, 174, 175, 176, 177, 178, 179, 180, 181, 182, 183, 184, 185, 186, 187, 188, 189, 190, 191, 192, 193, 194, 195, 196, 197, 198, 199, 200, 201, 202, 203, 204, 205, 206, 207, 208, 209, 210, 211, 212, 213, 214, 215, 216, 217, 218, 219, 220, 221, 222, 223, 224, 225, 226, 227, 228, 229, 230, 231, 232, 233, 234, 235, 236, 237, 238, 239, 240, 241, 242, 243, 244, 245, 246, 247, 248, 249, 250, 251, 252, 253, 254, 255, 256, 257, 258, 259, 260, 261, 262, 263, 264, 265, 266, 267, 268, 269, 270, 271, 272, 273, 274, 275, 276, 277, 278, 279, 280, 281, 282, 283, 284, 285, 286, 287, 288, 289, 290, 291, 292, 293, 294, 295, 296, 297, 298, 299, 300, 301, 302, 303, 304, 305, 306, 307, 308, 309, 310, 311, 312, 313, 314, 315, 316, 317, 318, 319, 320, 321, 322, 323, 324, 325, 326, 327, 328, 329, 330, 331, 332, 333, 334, 335, 336, 337, 574, 575, 576, 577, 578, 579, 580, 581, 582, 583, 584, 585, 586, 587, 588, 589, 590, 591, 592, 593, 594, 595, 596, 597, 598, 599, 600, 601, 602, 603, 604, 605, 606, 607, 608, 609, 610, 611, 612, 613, 614, 615, 616, 617, 618, 619, 620, 621, 622, 623, 624, 625, 626, 627, 628, 629, 630, 631, 632, 633, 634, 635, 636, 637, 638, 639, 640, 641, 642, 643, 644, 645, 646, 647, 648, 649, 650, 651, 652, 653, 654, 655, 656, 657, 658, 659, 660, 661, 662, 663, 664, 665, 666, 667, 668, 669, 670, 671, 672, 673, 674, 675, 676, 677, 678, 679, 680, 681, 682, 683, 684, 685, 686, 687, 688, 689, 690, 691, 692, 693, 694, 695, 696, 697, 698, 699, 700, 701, 702, 703, 704, 705, 706, 707, 708, 709, 710, 711, 712, 713, 714, 715, 716, 717, 718, 719, 720, 721, 722, 723, 724, 725, 726, 727, 728, 729, 730, 731, 732, 733, 734, 735, 736, 737, 738, 739, 740, 741, 742, 743, 744, 745, 746, 747, 748, 749, 750, 751, 752, 753, 754, 755, 756, 757, 758, 759, 760, 761, 762, 763, 764, 765, 766, 767, 768, 769, 770, 771, 772, 773, 774, 775, 776, 777, 778, 779, 780, 781, 782, 783, 784, 785, 786, 787, 788, 789, 790, 791, 792, 793]","[105, 114, 138, 141, 152, 153, 154, 155, 157, 159, 164, 165, 176, 182, 191, 192, 194, 195, 196, 200, 204, 208, 209, 210, 211, 215, 226, 228, 241, 242, 243, 245, 248, 249, 250, 257, 261, 270, 271, 282, 287, 289, 291, 294, 296, 298, 306, 308, 309, 311, 314, 327, 333, 335, 337, 576, 585, 609, 612, 623, 624, 626, 627, 629, 631, 636, 637, 647, 653, 662, 663, 665, 666, 667, 671, 674, 678, 679, 680, 681, 690, 692, 705, 706, 707, 709, 711, 712, 713, 719, 721, 729, 730, 741, 746, 748, 750, 753, 755, 757, 764, 766, 767, 769, 772, 785, 791]","[2, 9, 10, 82, 111, 112, 113, 199, 279, 284, 285, 300, 488, 494, 495, 553, 581, 582, 583, 670, 738, 743, 744, 759, 818]","[2, 9, 10, 82, 111, 112, 113, 196, 199, 279, 284, 285, 300, 397, 488, 494, 495, 553, 581, 582, 583, 667, 670, 738, 743, 744, 759, 818, 847]","[2, 9, 10, 82, 103, 104, 105, 106, 107, 108, 109, 110, 111, 112, 113, 114, 115, 116, 117, 118, 119, 120, 121, 122, 123, 124, 125, 126, 127, 128, 129, 130, 131, 132, 133, 134, 135, 136, 137, 138, 139, 140, 141, 142, 143, 144, 145, 146, 147, 148, 149, 150, 151, 152, 153, 154, 155, 156, 157, 158, 159, 160, 161, 162, 163, 164, 165, 166, 167, 168, 169, 170, 171, 172, 173, 174, 175, 176, 177, 178, 179, 180, 181, 182, 183, 184, 185, 186, 187, 188, 189, 190, 191, 192, 193, 194, 195, 196, 197, 198, 199, 200, 201, 202, 203, 204, 205, 206, 207, 208, 209, 210, 211, 212, 213, 214, 215, 216, 217, 218, 219, 220, 221, 222, 223, 224, 225, 226, 227, 228, 229, 230, 231, 232, 233, 234, 235, 236, 237, 238, 239, 240, 241, 242, 243, 244, 245, 246, 247, 248, 249, 250, 251, 252, 253, 254, 255, 256, 257, 258, 259, 260, 261, 262, 263, 264, 265, 266, 267, 268, 269, 270, 271, 272, 273, 274, 275, 276, 277, 278, 279, 280, 281, 282, 283, 284, 285, 286, 287, 288, 289, 290, 291, 292, 293, 294, 295, 296, 297, 298, 299, 300, 301, 302, 303, 304, 305, 306, 307, 308, 309, 310, 311, 312, 313, 314, 315, 316, 317, 318, 319, 320, 321, 322, 323, 324, 325, 326, 327, 328, 329, 330, 331, 332, 333, 334, 335, 336, 337, 397, 488, 494, 495, 553, 574, 575, 576, 577, 578, 579, 580, 581, 582, 583, 584, 585, 586, 587, 588, 589, 590, 591, 592, 593, 594, 595, 596, 597, 598, 599, 600, 601, 602, 603, 604, 605, 606, 607, 608, 609, 610, 611, 612, 613, 614, 615, 616, 617, 618, 619, 620, 621, 622, 623, 624, 625, 626, 627, 628, 629, 630, 631, 632, 633, 634, 635, 636, 637, 638, 639, 640, 641, 642, 643, 644, 645, 646, 647, 648, 649, 650, 651, 652, 653, 654, 655, 656, 657, 658, 659, 660, 661, 662, 663, 664, 665, 666, 667, 668, 669, 670, 671, 672, 673, 674, 675, 676, 677, 678, 679, 680, 681, 682, 683, 684, 685, 686, 687, 688, 689, 690, 691, 692, 693, 694, 695, 696, 697, 698, 699, 700, 701, 702, 703, 704, 705, 706, 707, 708, 709, 710, 711, 712, 713, 714, 715, 716, 717, 718, 719, 720, 721, 722, 723, 724, 725, 726, 727, 728, 729, 730, 731, 732, 733, 734, 735, 736, 737, 738, 739, 740, 741, 742, 743, 744, 745, 746, 747, 748, 749, 750, 751, 752, 753, 754, 755, 756, 757, 758, 759, 760, 761, 762, 763, 764, 765, 766, 767, 768, 769, 770, 771, 772, 773, 774, 775, 776, 777, 778, 779, 780, 781, 782, 783, 784, 785, 786, 787, 788, 789, 790, 791, 792, 793, 818, 847]",False,"[112, 582]","[103, 104, 105, 106, 107, 108, 109, 110, 111, 112, 113, 114, 115, 116, 117, 118, 119, 120, 121, 122, 123, 124, 125, 126, 127, 128, 129, 130, 131, 132, 133, 134, 135, 136, 137, 138, 139, 140, 141, 142, 143, 144, 145, 146, 147, 148, 149, 150, 151, 152, 153, 154, 155, 156, 157, 158, 159, 160, 161, 162, 163, 164, 165, 166, 167, 168, 169, 170, 171, 172, 173, 174, 175, 176, 177, 178, 179, 180, 181, 182, 183, 184, 185, 186, 187, 188, 189, 190, 191, 192, 193, 194, 195, 196, 197, 198, 199, 200, 201, 202, 203, 204, 205, 206, 207, 208, 209, 210, 211, 212, 213, 214, 215, 216, 217, 218, 219, 220, 221, 222, 223, 224, 225, 226, 227, 228, 229, 230, 231, 232, 233, 234, 235, 236, 237, 238, 239, 240, 241, 242, 243, 244, 245, 246, 247, 248, 249, 250, 251, 252, 253, 254, 255, 256, 257, 258, 259, 260, 261, 262, 263, 264, 265, 266, 267, 268, 269, 270, 271, 272, 273, 274, 275, 276, 277, 278, 279, 280, 281, 282, 283, 284, 285, 286, 287, 288, 289, 290, 291, 292, 293, 294, 295, 296, 297, 298, 299, 300, 301, 302, 303, 304, 305, 306, 307, 308, 309, 310, 311, 312, 313, 314, 315, 316, 317, 318, 319, 320, 321, 322, 323, 324, 325, 326, 327, 328, 329, 330, 331, 332, 333, 334, 335, 336, 337, 574, 575, 576, 577, 578, 579, 580, 581, 582, 583, 584, 585, 586, 587, 588, 589, 590, 591, 592, 593, 594, 595, 596, 597, 598, 599, 600, 601, 602, 603, 604, 605, 606, 607, 608, 609, 610, 611, 612, 613, 614, 615, 616, 617, 618, 619, 620, 621, 622, 623, 624, 625, 626, 627, 628, 629, 630, 631, 632, 633, 634, 635, 636, 637, 638, 639, 640, 641, 642, 643, 644, 645, 646, 647, 648, 649, 650, 651, 652, 653, 654, 655, 656, 657, 658, 659, 660, 661, 662, 663, 664, 665, 666, 667, 668, 669, 670, 671, 672, 673, 674, 675, 676, 677, 678, 679, 680, 681, 682, 683, 684, 685, 686, 687, 688, 689, 690, 691, 692, 693, 694, 695, 696, 697, 698, 699, 700, 701, 702, 703, 704, 705, 706, 707, 708, 709, 710, 711, 712, 713, 714, 715, 716, 717, 718, 719, 720, 721, 722, 723, 724, 725, 726, 727, 728, 729, 730, 731, 732, 733, 734, 735, 736, 737, 738, 739, 740, 741, 742, 743, 744, 745, 746, 747, 748, 749, 750, 751, 752, 753, 754, 755, 756, 757, 758, 759, 760, 761, 762, 763, 764, 765, 766, 767, 768, 769, 770, 771, 772, 773, 774, 775, 776, 777, 778, 779, 780, 781, 782, 783, 784, 785, 786, 787, 788, 789, 790, 791, 792, 793]","[112, 582]",[],"[105, 114, 138, 141, 152, 153, 154, 155, 157, 159, 164, 165, 176, 182, 191, 192, 194, 195, 196, 200, 204, 208, 209, 210, 211, 215, 226, 228, 241, 242, 243, 245, 248, 249, 250, 257, 261, 270, 271, 282, 287, 289, 291, 294, 296, 298, 306, 308, 309, 311, 314, 327, 333, 335, 337, 576, 585, 609, 612, 623, 624, 626, 627, 629, 631, 636, 637, 647, 653, 662, 663, 665, 666, 667, 671, 674, 678, 679, 680, 681, 690, 692, 705, 706, 707, 709, 711, 712, 713, 719, 721, 729, 730, 741, 746, 748, 750, 753, 755, 757, 764, 766, 767, 769, 772, 785, 791]","[2, 9, 10, 82, 111, 112, 113, 196, 199, 279, 284, 285, 300, 397, 488, 494, 495, 553, 581, 582, 583, 667, 670, 738, 743, 744, 759, 818, 847]","[2, 9, 10, 82, 111, 112, 113, 199, 279, 284, 285, 300, 488, 494, 495, 553, 581, 582, 583, 670, 738, 743, 744, 759, 818]",4/6 successful match,False,[523],True,297,False,,0.9974358974358974,True,Corner Store # 3006 ( Valero ),Valero
"Frazier Park , 93243 Flying J Travel Plaza # 0500055 )",661-248-2600 I-5 Exit 205 ( Frazier Park ) A,A FRS 24 XL,Frazier Park,93243,Flying J Travel Plaza # 0500055 ),661-248-2600,2006,Lebec,CA,Flying J,( Frazier Park ) A,I-5 Exit 205 ,Exit,205,False,,False,I-5,,,,,[],"[164, 242, 289, 636, 706, 748]","[164, 289, 636, 748]","[164, 289, 636, 748]","[103, 104, 105, 106, 107, 108, 109, 110, 111, 112, 113, 114, 115, 116, 117, 118, 119, 120, 121, 122, 123, 124, 125, 126, 127, 128, 129, 130, 131, 132, 133, 134, 135, 136, 137, 138, 139, 140, 141, 142, 143, 144, 145, 146, 147, 148, 149, 150, 151, 152, 153, 154, 155, 156, 157, 158, 159, 160, 161, 162, 163, 164, 165, 166, 167, 168, 169, 170, 171, 172, 173, 174, 175, 176, 177, 178, 179, 180, 181, 182, 183, 184, 185, 186, 187, 188, 189, 190, 191, 192, 193, 194, 195, 196, 197, 198, 199, 200, 201, 202, 203, 204, 205, 206, 207, 208, 209, 210, 211, 212, 213, 214, 215, 216, 217, 218, 219, 220, 221, 222, 223, 224, 225, 226, 227, 228, 229, 230, 231, 232, 233, 234, 235, 236, 237, 238, 239, 240, 241, 242, 243, 244, 245, 246, 247, 248, 249, 250, 251, 252, 253, 254, 255, 256, 257, 258, 259, 260, 261, 262, 263, 264, 265, 266, 267, 268, 269, 270, 271, 272, 273, 274, 275, 276, 277, 278, 279, 280, 281, 282, 283, 284, 285, 286, 287, 288, 289, 290, 291, 292, 293, 294, 295, 296, 297, 298, 299, 300, 301, 302, 303, 304, 305, 306, 307, 308, 309, 310, 311, 312, 313, 314, 315, 316, 317, 318, 319, 320, 321, 322, 323, 324, 325, 326, 327, 328, 329, 330, 331, 332, 333, 334, 335, 336, 337, 574, 575, 576, 577, 578, 579, 580, 581, 582, 583, 584, 585, 586, 587, 588, 589, 590, 591, 592, 593, 594, 595, 596, 597, 598, 599, 600, 601, 602, 603, 604, 605, 606, 607, 608, 609, 610, 611, 612, 613, 614, 615, 616, 617, 618, 619, 620, 621, 622, 623, 624, 625, 626, 627, 628, 629, 630, 631, 632, 633, 634, 635, 636, 637, 638, 639, 640, 641, 642, 643, 644, 645, 646, 647, 648, 649, 650, 651, 652, 653, 654, 655, 656, 657, 658, 659, 660, 661, 662, 663, 664, 665, 666, 667, 668, 669, 670, 671, 672, 673, 674, 675, 676, 677, 678, 679, 680, 681, 682, 683, 684, 685, 686, 687, 688, 689, 690, 691, 692, 693, 694, 695, 696, 697, 698, 699, 700, 701, 702, 703, 704, 705, 706, 707, 708, 709, 710, 711, 712, 713, 714, 715, 716, 717, 718, 719, 720, 721, 722, 723, 724, 725, 726, 727, 728, 729, 730, 731, 732, 733, 734, 735, 736, 737, 738, 739, 740, 741, 742, 743, 744, 745, 746, 747, 748, 749, 750, 751, 752, 753, 754, 755, 756, 757, 758, 759, 760, 761, 762, 763, 764, 765, 766, 767, 768, 769, 770, 771, 772, 773, 774, 775, 776, 777, 778, 779, 780, 781, 782, 783, 784, 785, 786, 787, 788, 789, 790, 791, 792, 793]","[105, 114, 138, 141, 152, 153, 154, 155, 157, 159, 164, 165, 176, 182, 191, 192, 194, 195, 196, 200, 204, 208, 209, 210, 211, 215, 226, 228, 241, 242, 243, 245, 248, 249, 250, 257, 261, 270, 271, 282, 287, 289, 291, 294, 296, 298, 306, 308, 309, 311, 314, 327, 333, 335, 337, 576, 585, 609, 612, 623, 624, 626, 627, 629, 631, 636, 637, 647, 653, 662, 663, 665, 666, 667, 671, 674, 678, 679, 680, 681, 690, 692, 705, 706, 707, 709, 711, 712, 713, 719, 721, 729, 730, 741, 746, 748, 750, 753, 755, 757, 764, 766, 767, 769, 772, 785, 791]","[17, 18, 19, 20, 21, 22, 23, 156, 157, 158, 159, 160, 161, 162, 163, 164, 165, 166, 167, 341, 342, 343, 344, 345, 412, 413, 414, 415, 416, 417, 418, 419, 420, 421, 422, 502, 503, 504, 505, 506, 507, 628, 629, 630, 631, 632, 633, 634, 635, 636, 637, 638, 639, 792, 797, 798, 799, 800, 801, 863, 864, 865, 866, 867, 868, 869, 870, 871, 872, 873, 874]","[17, 18, 19, 20, 21, 22, 23, 156, 157, 158, 159, 160, 161, 162, 163, 164, 165, 166, 167, 168, 340, 341, 342, 343, 344, 345, 346, 412, 413, 414, 415, 416, 417, 418, 419, 420, 421, 422, 502, 503, 504, 505, 506, 507, 628, 629, 630, 631, 632, 633, 634, 635, 636, 637, 638, 639, 792, 796, 797, 798, 799, 800, 801, 863, 864, 865, 866, 867, 868, 869, 870, 871, 872, 873, 874]","[17, 18, 19, 20, 21, 22, 23, 103, 104, 105, 106, 107, 108, 109, 110, 111, 112, 113, 114, 115, 116, 117, 118, 119, 120, 121, 122, 123, 124, 125, 126, 127, 128, 129, 130, 131, 132, 133, 134, 135, 136, 137, 138, 139, 140, 141, 142, 143, 144, 145, 146, 147, 148, 149, 150, 151, 152, 153, 154, 155, 156, 157, 158, 159, 160, 161, 162, 163, 164, 165, 166, 167, 168, 169, 170, 171, 172, 173, 174, 175, 176, 177, 178, 179, 180, 181, 182, 183, 184, 185, 186, 187, 188, 189, 190, 191, 192, 193, 194, 195, 196, 197, 198, 199, 200, 201, 202, 203, 204, 205, 206, 207, 208, 209, 210, 211, 212, 213, 214, 215, 216, 217, 218, 219, 220, 221, 222, 223, 224, 225, 226, 227, 228, 229, 230, 231, 232, 233, 234, 235, 236, 237, 238, 239, 240, 241, 242, 243, 244, 245, 246, 247, 248, 249, 250, 251, 252, 253, 254, 255, 256, 257, 258, 259, 260, 261, 262, 263, 264, 265, 266, 267, 268, 269, 270, 271, 272, 273, 274, 275, 276, 277, 278, 279, 280, 281, 282, 283, 284, 285, 286, 287, 288, 289, 290, 291, 292, 293, 294, 295, 296, 297, 298, 299, 300, 301, 302, 303, 304, 305, 306, 307, 308, 309, 310, 311, 312, 313, 314, 315, 316, 317, 318, 319, 320, 321, 322, 323, 324, 325, 326, 327, 328, 329, 330, 331, 332, 333, 334, 335, 336, 337, 340, 341, 342, 343, 344, 345, 346, 412, 413, 414, 415, 416, 417, 418, 419, 420, 421, 422, 502, 503, 504, 505, 506, 507, 574, 575, 576, 577, 578, 579, 580, 581, 582, 583, 584, 585, 586, 587, 588, 589, 590, 591, 592, 593, 594, 595, 596, 597, 598, 599, 600, 601, 602, 603, 604, 605, 606, 607, 608, 609, 610, 611, 612, 613, 614, 615, 616, 617, 618, 619, 620, 621, 622, 623, 624, 625, 626, 627, 628, 629, 630, 631, 632, 633, 634, 635, 636, 637, 638, 639, 640, 641, 642, 643, 644, 645, 646, 647, 648, 649, 650, 651, 652, 653, 654, 655, 656, 657, 658, 659, 660, 661, 662, 663, 664, 665, 666, 667, 668, 669, 670, 671, 672, 673, 674, 675, 676, 677, 678, 679, 680, 681, 682, 683, 684, 685, 686, 687, 688, 689, 690, 691, 692, 693, 694, 695, 696, 697, 698, 699, 700, 701, 702, 703, 704, 705, 706, 707, 708, 709, 710, 711, 712, 713, 714, 715, 716, 717, 718, 719, 720, 721, 722, 723, 724, 725, 726, 727, 728, 729, 730, 731, 732, 733, 734, 735, 736, 737, 738, 739, 740, 741, 742, 743, 744, 745, 746, 747, 748, 749, 750, 751, 752, 753, 754, 755, 756, 757, 758, 759, 760, 761, 762, 763, 764, 765, 766, 767, 768, 769, 770, 771, 772, 773, 774, 775, 776, 777, 778, 779, 780, 781, 782, 783, 784, 785, 786, 787, 788, 789, 790, 791, 792, 793, 796, 797, 798, 799, 800, 801, 863, 864, 865, 866, 867, 868, 869, 870, 871, 872, 873, 874]",False,"[164, 242, 289, 636, 706, 748]","[103, 104, 105, 106, 107, 108, 109, 110, 111, 112, 113, 114, 115, 116, 117, 118, 119, 120, 121, 122, 123, 124, 125, 126, 127, 128, 129, 130, 131, 132, 133, 134, 135, 136, 137, 138, 139, 140, 141, 142, 143, 144, 145, 146, 147, 148, 149, 150, 151, 152, 153, 154, 155, 156, 157, 158, 159, 160, 161, 162, 163, 164, 165, 166, 167, 168, 169, 170, 171, 172, 173, 174, 175, 176, 177, 178, 179, 180, 181, 182, 183, 184, 185, 186, 187, 188, 189, 190, 191, 192, 193, 194, 195, 196, 197, 198, 199, 200, 201, 202, 203, 204, 205, 206, 207, 208, 209, 210, 211, 212, 213, 214, 215, 216, 217, 218, 219, 220, 221, 222, 223, 224, 225, 226, 227, 228, 229, 230, 231, 232, 233, 234, 235, 236, 237, 238, 239, 240, 241, 242, 243, 244, 245, 246, 247, 248, 249, 250, 251, 252, 253, 254, 255, 256, 257, 258, 259, 260, 261, 262, 263, 264, 265, 266, 267, 268, 269, 270, 271, 272, 273, 274, 275, 276, 277, 278, 279, 280, 281, 282, 283, 284, 285, 286, 287, 288, 289, 290, 291, 292, 293, 294, 295, 296, 297, 298, 299, 300, 301, 302, 303, 304, 305, 306, 307, 308, 309, 310, 311, 312, 313, 314, 315, 316, 317, 318, 319, 320, 321, 322, 323, 324, 325, 326, 327, 328, 329, 330, 331, 332, 333, 334, 335, 336, 337, 574, 575, 576, 577, 578, 579, 580, 581, 582, 583, 584, 585, 586, 587, 588, 589, 590, 591, 592, 593, 594, 595, 596, 597, 598, 599, 600, 601, 602, 603, 604, 605, 606, 607, 608, 609, 610, 611, 612, 613, 614, 615, 616, 617, 618, 619, 620, 621, 622, 623, 624, 625, 626, 627, 628, 629, 630, 631, 632, 633, 634, 635, 636, 637, 638, 639, 640, 641, 642, 643, 644, 645, 646, 647, 648, 649, 650, 651, 652, 653, 654, 655, 656, 657, 658, 659, 660, 661, 662, 663, 664, 665, 666, 667, 668, 669, 670, 671, 672, 673, 674, 675, 676, 677, 678, 679, 680, 681, 682, 683, 684, 685, 686, 687, 688, 689, 690, 691, 692, 693, 694, 695, 696, 697, 698, 699, 700, 701, 702, 703, 704, 705, 706, 707, 708, 709, 710, 711, 712, 713, 714, 715, 716, 717, 718, 719, 720, 721, 722, 723, 724, 725, 726, 727, 728, 729, 730, 731, 732, 733, 734, 735, 736, 737, 738, 739, 740, 741, 742, 743, 744, 745, 746, 747, 748, 749, 750, 751, 752, 753, 754, 755, 756, 757, 758, 759, 760, 761, 762, 763, 764, 765, 766, 767, 768, 769, 770, 771, 772, 773, 774, 775, 776, 777, 778, 779, 780, 781, 782, 783, 784, 785, 786, 787, 788, 789, 790, 791, 792, 793]","[164, 289, 636, 748]","[164, 289, 636, 748]","[105, 114, 138, 141, 152, 153, 154, 155, 157, 159, 164, 165, 176, 182, 191, 192, 194, 195, 196, 200, 204, 208, 209, 210, 211, 215, 226, 228, 241, 242, 243, 245, 248, 249, 250, 257, 261, 270, 271, 282, 287, 289, 291, 294, 296, 298, 306, 308, 309, 311, 314, 327, 333, 335, 337, 576, 585, 609, 612, 623, 624, 626, 627, 629, 631, 636, 637, 647, 653, 662, 663, 665, 666, 667, 671, 674, 678, 679, 680, 681, 690, 692, 705, 706, 707, 709, 711, 712, 713, 719, 721, 729, 730, 741, 746, 748, 750, 753, 755, 757, 764, 766, 767, 769, 772, 785, 791]","[17, 18, 19, 20, 21, 22, 23, 156, 157, 158, 159, 160, 161, 162, 163, 164, 165, 166, 167, 168, 340, 341, 342, 343, 344, 345, 346, 412, 413, 414, 415, 416, 417, 418, 419, 420, 421, 422, 502, 503, 504, 505, 506, 507, 628, 629, 630, 631, 632, 633, 634, 635, 636, 637, 638, 639, 792, 796, 797, 798, 799, 800, 801, 863, 864, 865, 866, 867, 868, 869, 870, 871, 872, 873, 874]","[17, 18, 19, 20, 21, 22, 23, 156, 157, 158, 159, 160, 161, 162, 163, 164, 165, 166, 167, 341, 342, 343, 344, 345, 412, 413, 414, 415, 416, 417, 418, 419, 420, 421, 422, 502, 503, 504, 505, 506, 507, 628, 629, 630, 631, 632, 633, 634, 635, 636, 637, 638, 639, 792, 797, 798, 799, 800, 801, 863, 864, 865, 866, 867, 868, 869, 870, 871, 872, 873, 874]",7/6 successful match,False,"[516, 517]",True,298,False,,,,,
"Frazier Park , 93243 Flying J Travel Plaza # 0500055",661-248-2600 I-5 Exit 205 ( Frazier Park ),24,Frazier Park,93243,Flying J Travel Plaza # 0500055,661-248-2600,2007,Lebec,CA,Flying J,( Frazier Park ),I-5 Exit 205 ,Exit,205,False,,False,I-5,,,,,[],"[164, 242, 289, 636, 706, 748]","[164, 289, 636, 748]","[164, 289, 636, 748]","[103, 104, 105, 106, 107, 108, 109, 110, 111, 112, 113, 114, 115, 116, 117, 118, 119, 120, 121, 122, 123, 124, 125, 126, 127, 128, 129, 130, 131, 132, 133, 134, 135, 136, 137, 138, 139, 140, 141, 142, 143, 144, 145, 146, 147, 148, 149, 150, 151, 152, 153, 154, 155, 156, 157, 158, 159, 160, 161, 162, 163, 164, 165, 166, 167, 168, 169, 170, 171, 172, 173, 174, 175, 176, 177, 178, 179, 180, 181, 182, 183, 184, 185, 186, 187, 188, 189, 190, 191, 192, 193, 194, 195, 196, 197, 198, 199, 200, 201, 202, 203, 204, 205, 206, 207, 208, 209, 210, 211, 212, 213, 214, 215, 216, 217, 218, 219, 220, 221, 222, 223, 224, 225, 226, 227, 228, 229, 230, 231, 232, 233, 234, 235, 236, 237, 238, 239, 240, 241, 242, 243, 244, 245, 246, 247, 248, 249, 250, 251, 252, 253, 254, 255, 256, 257, 258, 259, 260, 261, 262, 263, 264, 265, 266, 267, 268, 269, 270, 271, 272, 273, 274, 275, 276, 277, 278, 279, 280, 281, 282, 283, 284, 285, 286, 287, 288, 289, 290, 291, 292, 293, 294, 295, 296, 297, 298, 299, 300, 301, 302, 303, 304, 305, 306, 307, 308, 309, 310, 311, 312, 313, 314, 315, 316, 317, 318, 319, 320, 321, 322, 323, 324, 325, 326, 327, 328, 329, 330, 331, 332, 333, 334, 335, 336, 337, 574, 575, 576, 577, 578, 579, 580, 581, 582, 583, 584, 585, 586, 587, 588, 589, 590, 591, 592, 593, 594, 595, 596, 597, 598, 599, 600, 601, 602, 603, 604, 605, 606, 607, 608, 609, 610, 611, 612, 613, 614, 615, 616, 617, 618, 619, 620, 621, 622, 623, 624, 625, 626, 627, 628, 629, 630, 631, 632, 633, 634, 635, 636, 637, 638, 639, 640, 641, 642, 643, 644, 645, 646, 647, 648, 649, 650, 651, 652, 653, 654, 655, 656, 657, 658, 659, 660, 661, 662, 663, 664, 665, 666, 667, 668, 669, 670, 671, 672, 673, 674, 675, 676, 677, 678, 679, 680, 681, 682, 683, 684, 685, 686, 687, 688, 689, 690, 691, 692, 693, 694, 695, 696, 697, 698, 699, 700, 701, 702, 703, 704, 705, 706, 707, 708, 709, 710, 711, 712, 713, 714, 715, 716, 717, 718, 719, 720, 721, 722, 723, 724, 725, 726, 727, 728, 729, 730, 731, 732, 733, 734, 735, 736, 737, 738, 739, 740, 741, 742, 743, 744, 745, 746, 747, 748, 749, 750, 751, 752, 753, 754, 755, 756, 757, 758, 759, 760, 761, 762, 763, 764, 765, 766, 767, 768, 769, 770, 771, 772, 773, 774, 775, 776, 777, 778, 779, 780, 781, 782, 783, 784, 785, 786, 787, 788, 789, 790, 791, 792, 793]","[105, 114, 138, 141, 152, 153, 154, 155, 157, 159, 164, 165, 176, 182, 191, 192, 194, 195, 196, 200, 204, 208, 209, 210, 211, 215, 226, 228, 241, 242, 243, 245, 248, 249, 250, 257, 261, 270, 271, 282, 287, 289, 291, 294, 296, 298, 306, 308, 309, 311, 314, 327, 333, 335, 337, 576, 585, 609, 612, 623, 624, 626, 627, 629, 631, 636, 637, 647, 653, 662, 663, 665, 666, 667, 671, 674, 678, 679, 680, 681, 690, 692, 705, 706, 707, 709, 711, 712, 713, 719, 721, 729, 730, 741, 746, 748, 750, 753, 755, 757, 764, 766, 767, 769, 772, 785, 791]","[17, 18, 19, 20, 21, 22, 23, 156, 157, 158, 159, 160, 161, 162, 163, 164, 165, 166, 167, 341, 342, 343, 344, 345, 412, 413, 414, 415, 416, 417, 418, 419, 420, 421, 422, 502, 503, 504, 505, 506, 507, 628, 629, 630, 631, 632, 633, 634, 635, 636, 637, 638, 639, 792, 797, 798, 799, 800, 801, 863, 864, 865, 866, 867, 868, 869, 870, 871, 872, 873, 874]","[17, 18, 19, 20, 21, 22, 23, 156, 157, 158, 159, 160, 161, 162, 163, 164, 165, 166, 167, 168, 340, 341, 342, 343, 344, 345, 346, 412, 413, 414, 415, 416, 417, 418, 419, 420, 421, 422, 502, 503, 504, 505, 506, 507, 628, 629, 630, 631, 632, 633, 634, 635, 636, 637, 638, 639, 792, 796, 797, 798, 799, 800, 801, 863, 864, 865, 866, 867, 868, 869, 870, 871, 872, 873, 874]","[17, 18, 19, 20, 21, 22, 23, 103, 104, 105, 106, 107, 108, 109, 110, 111, 112, 113, 114, 115, 116, 117, 118, 119, 120, 121, 122, 123, 124, 125, 126, 127, 128, 129, 130, 131, 132, 133, 134, 135, 136, 137, 138, 139, 140, 141, 142, 143, 144, 145, 146, 147, 148, 149, 150, 151, 152, 153, 154, 155, 156, 157, 158, 159, 160, 161, 162, 163, 164, 165, 166, 167, 168, 169, 170, 171, 172, 173, 174, 175, 176, 177, 178, 179, 180, 181, 182, 183, 184, 185, 186, 187, 188, 189, 190, 191, 192, 193, 194, 195, 196, 197, 198, 199, 200, 201, 202, 203, 204, 205, 206, 207, 208, 209, 210, 211, 212, 213, 214, 215, 216, 217, 218, 219, 220, 221, 222, 223, 224, 225, 226, 227, 228, 229, 230, 231, 232, 233, 234, 235, 236, 237, 238, 239, 240, 241, 242, 243, 244, 245, 246, 247, 248, 249, 250, 251, 252, 253, 254, 255, 256, 257, 258, 259, 260, 261, 262, 263, 264, 265, 266, 267, 268, 269, 270, 271, 272, 273, 274, 275, 276, 277, 278, 279, 280, 281, 282, 283, 284, 285, 286, 287, 288, 289, 290, 291, 292, 293, 294, 295, 296, 297, 298, 299, 300, 301, 302, 303, 304, 305, 306, 307, 308, 309, 310, 311, 312, 313, 314, 315, 316, 317, 318, 319, 320, 321, 322, 323, 324, 325, 326, 327, 328, 329, 330, 331, 332, 333, 334, 335, 336, 337, 340, 341, 342, 343, 344, 345, 346, 412, 413, 414, 415, 416, 417, 418, 419, 420, 421, 422, 502, 503, 504, 505, 506, 507, 574, 575, 576, 577, 578, 579, 580, 581, 582, 583, 584, 585, 586, 587, 588, 589, 590, 591, 592, 593, 594, 595, 596, 597, 598, 599, 600, 601, 602, 603, 604, 605, 606, 607, 608, 609, 610, 611, 612, 613, 614, 615, 616, 617, 618, 619, 620, 621, 622, 623, 624, 625, 626, 627, 628, 629, 630, 631, 632, 633, 634, 635, 636, 637, 638, 639, 640, 641, 642, 643, 644, 645, 646, 647, 648, 649, 650, 651, 652, 653, 654, 655, 656, 657, 658, 659, 660, 661, 662, 663, 664, 665, 666, 667, 668, 669, 670, 671, 672, 673, 674, 675, 676, 677, 678, 679, 680, 681, 682, 683, 684, 685, 686, 687, 688, 689, 690, 691, 692, 693, 694, 695, 696, 697, 698, 699, 700, 701, 702, 703, 704, 705, 706, 707, 708, 709, 710, 711, 712, 713, 714, 715, 716, 717, 718, 719, 720, 721, 722, 723, 724, 725, 726, 727, 728, 729, 730, 731, 732, 733, 734, 735, 736, 737, 738, 739, 740, 741, 742, 743, 744, 745, 746, 747, 748, 749, 750, 751, 752, 753, 754, 755, 756, 757, 758, 759, 760, 761, 762, 763, 764, 765, 766, 767, 768, 769, 770, 771, 772, 773, 774, 775, 776, 777, 778, 779, 780, 781, 782, 783, 784, 785, 786, 787, 788, 789, 790, 791, 792, 793, 796, 797, 798, 799, 800, 801, 863, 864, 865, 866, 867, 868, 869, 870, 871, 872, 873, 874]",False,"[164, 242, 289, 636, 706, 748]","[103, 104, 105, 106, 107, 108, 109, 110, 111, 112, 113, 114, 115, 116, 117, 118, 119, 120, 121, 122, 123, 124, 125, 126, 127, 128, 129, 130, 131, 132, 133, 134, 135, 136, 137, 138, 139, 140, 141, 142, 143, 144, 145, 146, 147, 148, 149, 150, 151, 152, 153, 154, 155, 156, 157, 158, 159, 160, 161, 162, 163, 164, 165, 166, 167, 168, 169, 170, 171, 172, 173, 174, 175, 176, 177, 178, 179, 180, 181, 182, 183, 184, 185, 186, 187, 188, 189, 190, 191, 192, 193, 194, 195, 196, 197, 198, 199, 200, 201, 202, 203, 204, 205, 206, 207, 208, 209, 210, 211, 212, 213, 214, 215, 216, 217, 218, 219, 220, 221, 222, 223, 224, 225, 226, 227, 228, 229, 230, 231, 232, 233, 234, 235, 236, 237, 238, 239, 240, 241, 242, 243, 244, 245, 246, 247, 248, 249, 250, 251, 252, 253, 254, 255, 256, 257, 258, 259, 260, 261, 262, 263, 264, 265, 266, 267, 268, 269, 270, 271, 272, 273, 274, 275, 276, 277, 278, 279, 280, 281, 282, 283, 284, 285, 286, 287, 288, 289, 290, 291, 292, 293, 294, 295, 296, 297, 298, 299, 300, 301, 302, 303, 304, 305, 306, 307, 308, 309, 310, 311, 312, 313, 314, 315, 316, 317, 318, 319, 320, 321, 322, 323, 324, 325, 326, 327, 328, 329, 330, 331, 332, 333, 334, 335, 336, 337, 574, 575, 576, 577, 578, 579, 580, 581, 582, 583, 584, 585, 586, 587, 588, 589, 590, 591, 592, 593, 594, 595, 596, 597, 598, 599, 600, 601, 602, 603, 604, 605, 606, 607, 608, 609, 610, 611, 612, 613, 614, 615, 616, 617, 618, 619, 620, 621, 622, 623, 624, 625, 626, 627, 628, 629, 630, 631, 632, 633, 634, 635, 636, 637, 638, 639, 640, 641, 642, 643, 644, 645, 646, 647, 648, 649, 650, 651, 652, 653, 654, 655, 656, 657, 658, 659, 660, 661, 662, 663, 664, 665, 666, 667, 668, 669, 670, 671, 672, 673, 674, 675, 676, 677, 678, 679, 680, 681, 682, 683, 684, 685, 686, 687, 688, 689, 690, 691, 692, 693, 694, 695, 696, 697, 698, 699, 700, 701, 702, 703, 704, 705, 706, 707, 708, 709, 710, 711, 712, 713, 714, 715, 716, 717, 718, 719, 720, 721, 722, 723, 724, 725, 726, 727, 728, 729, 730, 731, 732, 733, 734, 735, 736, 737, 738, 739, 740, 741, 742, 743, 744, 745, 746, 747, 748, 749, 750, 751, 752, 753, 754, 755, 756, 757, 758, 759, 760, 761, 762, 763, 764, 765, 766, 767, 768, 769, 770, 771, 772, 773, 774, 775, 776, 777, 778, 779, 780, 781, 782, 783, 784, 785, 786, 787, 788, 789, 790, 791, 792, 793]","[164, 289, 636, 748]","[164, 289, 636, 748]","[105, 114, 138, 141, 152, 153, 154, 155, 157, 159, 164, 165, 176, 182, 191, 192, 194, 195, 196, 200, 204, 208, 209, 210, 211, 215, 226, 228, 241, 242, 243, 245, 248, 249, 250, 257, 261, 270, 271, 282, 287, 289, 291, 294, 296, 298, 306, 308, 309, 311, 314, 327, 333, 335, 337, 576, 585, 609, 612, 623, 624, 626, 627, 629, 631, 636, 637, 647, 653, 662, 663, 665, 666, 667, 671, 674, 678, 679, 680, 681, 690, 692, 705, 706, 707, 709, 711, 712, 713, 719, 721, 729, 730, 741, 746, 748, 750, 753, 755, 757, 764, 766, 767, 769, 772, 785, 791]","[17, 18, 19, 20, 21, 22, 23, 156, 157, 158, 159, 160, 161, 162, 163, 164, 165, 166, 167, 168, 340, 341, 342, 343, 344, 345, 346, 412, 413, 414, 415, 416, 417, 418, 419, 420, 421, 422, 502, 503, 504, 505, 506, 507, 628, 629, 630, 631, 632, 633, 634, 635, 636, 637, 638, 639, 792, 796, 797, 798, 799, 800, 801, 863, 864, 865, 866, 867, 868, 869, 870, 871, 872, 873, 874]","[17, 18, 19, 20, 21, 22, 23, 156, 157, 158, 159, 160, 161, 162, 163, 164, 165, 166, 167, 341, 342, 343, 344, 345, 412, 413, 414, 415, 416, 417, 418, 419, 420, 421, 422, 502, 503, 504, 505, 506, 507, 628, 629, 630, 631, 632, 633, 634, 635, 636, 637, 638, 639, 792, 797, 798, 799, 800, 801, 863, 864, 865, 866, 867, 868, 869, 870, 871, 872, 873, 874]",7/6 successful match,False,"[516, 517]",True,298,False,,1.0,True,Flying J Travel Plaza # 0500055 ),Flying J
"Frazier Park , 93243 Flying J Travel Plaza # 0500055",4 661-248-2600 I-5 Exit 205 ( Frazier Park ),HRS 24 <U+25A0><U+25A0> XL 24 HRS,Frazier Park,93243,Flying J Travel Plaza # 0500055,661-248-2600,2008,Lebec,CA,Flying J,( Frazier Park ),I-5 Exit 205 ,Exit,205,False,,False,I-5,,,,,[],"[164, 242, 289, 636, 706, 748]","[164, 289, 636, 748]","[164, 289, 636, 748]","[103, 104, 105, 106, 107, 108, 109, 110, 111, 112, 113, 114, 115, 116, 117, 118, 119, 120, 121, 122, 123, 124, 125, 126, 127, 128, 129, 130, 131, 132, 133, 134, 135, 136, 137, 138, 139, 140, 141, 142, 143, 144, 145, 146, 147, 148, 149, 150, 151, 152, 153, 154, 155, 156, 157, 158, 159, 160, 161, 162, 163, 164, 165, 166, 167, 168, 169, 170, 171, 172, 173, 174, 175, 176, 177, 178, 179, 180, 181, 182, 183, 184, 185, 186, 187, 188, 189, 190, 191, 192, 193, 194, 195, 196, 197, 198, 199, 200, 201, 202, 203, 204, 205, 206, 207, 208, 209, 210, 211, 212, 213, 214, 215, 216, 217, 218, 219, 220, 221, 222, 223, 224, 225, 226, 227, 228, 229, 230, 231, 232, 233, 234, 235, 236, 237, 238, 239, 240, 241, 242, 243, 244, 245, 246, 247, 248, 249, 250, 251, 252, 253, 254, 255, 256, 257, 258, 259, 260, 261, 262, 263, 264, 265, 266, 267, 268, 269, 270, 271, 272, 273, 274, 275, 276, 277, 278, 279, 280, 281, 282, 283, 284, 285, 286, 287, 288, 289, 290, 291, 292, 293, 294, 295, 296, 297, 298, 299, 300, 301, 302, 303, 304, 305, 306, 307, 308, 309, 310, 311, 312, 313, 314, 315, 316, 317, 318, 319, 320, 321, 322, 323, 324, 325, 326, 327, 328, 329, 330, 331, 332, 333, 334, 335, 336, 337, 574, 575, 576, 577, 578, 579, 580, 581, 582, 583, 584, 585, 586, 587, 588, 589, 590, 591, 592, 593, 594, 595, 596, 597, 598, 599, 600, 601, 602, 603, 604, 605, 606, 607, 608, 609, 610, 611, 612, 613, 614, 615, 616, 617, 618, 619, 620, 621, 622, 623, 624, 625, 626, 627, 628, 629, 630, 631, 632, 633, 634, 635, 636, 637, 638, 639, 640, 641, 642, 643, 644, 645, 646, 647, 648, 649, 650, 651, 652, 653, 654, 655, 656, 657, 658, 659, 660, 661, 662, 663, 664, 665, 666, 667, 668, 669, 670, 671, 672, 673, 674, 675, 676, 677, 678, 679, 680, 681, 682, 683, 684, 685, 686, 687, 688, 689, 690, 691, 692, 693, 694, 695, 696, 697, 698, 699, 700, 701, 702, 703, 704, 705, 706, 707, 708, 709, 710, 711, 712, 713, 714, 715, 716, 717, 718, 719, 720, 721, 722, 723, 724, 725, 726, 727, 728, 729, 730, 731, 732, 733, 734, 735, 736, 737, 738, 739, 740, 741, 742, 743, 744, 745, 746, 747, 748, 749, 750, 751, 752, 753, 754, 755, 756, 757, 758, 759, 760, 761, 762, 763, 764, 765, 766, 767, 768, 769, 770, 771, 772, 773, 774, 775, 776, 777, 778, 779, 780, 781, 782, 783, 784, 785, 786, 787, 788, 789, 790, 791, 792, 793]","[105, 114, 138, 141, 152, 153, 154, 155, 157, 159, 164, 165, 176, 182, 191, 192, 194, 195, 196, 200, 204, 208, 209, 210, 211, 215, 226, 228, 241, 242, 243, 245, 248, 249, 250, 257, 261, 270, 271, 282, 287, 289, 291, 294, 296, 298, 306, 308, 309, 311, 314, 327, 333, 335, 337, 576, 585, 609, 612, 623, 624, 626, 627, 629, 631, 636, 637, 647, 653, 662, 663, 665, 666, 667, 671, 674, 678, 679, 680, 681, 690, 692, 705, 706, 707, 709, 711, 712, 713, 719, 721, 729, 730, 741, 746, 748, 750, 753, 755, 757, 764, 766, 767, 769, 772, 785, 791]","[17, 18, 19, 20, 21, 22, 23, 156, 157, 158, 159, 160, 161, 162, 163, 164, 165, 166, 167, 341, 342, 343, 344, 345, 412, 413, 414, 415, 416, 417, 418, 419, 420, 421, 422, 502, 503, 504, 505, 506, 507, 628, 629, 630, 631, 632, 633, 634, 635, 636, 637, 638, 639, 792, 797, 798, 799, 800, 801, 863, 864, 865, 866, 867, 868, 869, 870, 871, 872, 873, 874]","[17, 18, 19, 20, 21, 22, 23, 156, 157, 158, 159, 160, 161, 162, 163, 164, 165, 166, 167, 168, 340, 341, 342, 343, 344, 345, 346, 412, 413, 414, 415, 416, 417, 418, 419, 420, 421, 422, 502, 503, 504, 505, 506, 507, 628, 629, 630, 631, 632, 633, 634, 635, 636, 637, 638, 639, 792, 796, 797, 798, 799, 800, 801, 863, 864, 865, 866, 867, 868, 869, 870, 871, 872, 873, 874]","[17, 18, 19, 20, 21, 22, 23, 103, 104, 105, 106, 107, 108, 109, 110, 111, 112, 113, 114, 115, 116, 117, 118, 119, 120, 121, 122, 123, 124, 125, 126, 127, 128, 129, 130, 131, 132, 133, 134, 135, 136, 137, 138, 139, 140, 141, 142, 143, 144, 145, 146, 147, 148, 149, 150, 151, 152, 153, 154, 155, 156, 157, 158, 159, 160, 161, 162, 163, 164, 165, 166, 167, 168, 169, 170, 171, 172, 173, 174, 175, 176, 177, 178, 179, 180, 181, 182, 183, 184, 185, 186, 187, 188, 189, 190, 191, 192, 193, 194, 195, 196, 197, 198, 199, 200, 201, 202, 203, 204, 205, 206, 207, 208, 209, 210, 211, 212, 213, 214, 215, 216, 217, 218, 219, 220, 221, 222, 223, 224, 225, 226, 227, 228, 229, 230, 231, 232, 233, 234, 235, 236, 237, 238, 239, 240, 241, 242, 243, 244, 245, 246, 247, 248, 249, 250, 251, 252, 253, 254, 255, 256, 257, 258, 259, 260, 261, 262, 263, 264, 265, 266, 267, 268, 269, 270, 271, 272, 273, 274, 275, 276, 277, 278, 279, 280, 281, 282, 283, 284, 285, 286, 287, 288, 289, 290, 291, 292, 293, 294, 295, 296, 297, 298, 299, 300, 301, 302, 303, 304, 305, 306, 307, 308, 309, 310, 311, 312, 313, 314, 315, 316, 317, 318, 319, 320, 321, 322, 323, 324, 325, 326, 327, 328, 329, 330, 331, 332, 333, 334, 335, 336, 337, 340, 341, 342, 343, 344, 345, 346, 412, 413, 414, 415, 416, 417, 418, 419, 420, 421, 422, 502, 503, 504, 505, 506, 507, 574, 575, 576, 577, 578, 579, 580, 581, 582, 583, 584, 585, 586, 587, 588, 589, 590, 591, 592, 593, 594, 595, 596, 597, 598, 599, 600, 601, 602, 603, 604, 605, 606, 607, 608, 609, 610, 611, 612, 613, 614, 615, 616, 617, 618, 619, 620, 621, 622, 623, 624, 625, 626, 627, 628, 629, 630, 631, 632, 633, 634, 635, 636, 637, 638, 639, 640, 641, 642, 643, 644, 645, 646, 647, 648, 649, 650, 651, 652, 653, 654, 655, 656, 657, 658, 659, 660, 661, 662, 663, 664, 665, 666, 667, 668, 669, 670, 671, 672, 673, 674, 675, 676, 677, 678, 679, 680, 681, 682, 683, 684, 685, 686, 687, 688, 689, 690, 691, 692, 693, 694, 695, 696, 697, 698, 699, 700, 701, 702, 703, 704, 705, 706, 707, 708, 709, 710, 711, 712, 713, 714, 715, 716, 717, 718, 719, 720, 721, 722, 723, 724, 725, 726, 727, 728, 729, 730, 731, 732, 733, 734, 735, 736, 737, 738, 739, 740, 741, 742, 743, 744, 745, 746, 747, 748, 749, 750, 751, 752, 753, 754, 755, 756, 757, 758, 759, 760, 761, 762, 763, 764, 765, 766, 767, 768, 769, 770, 771, 772, 773, 774, 775, 776, 777, 778, 779, 780, 781, 782, 783, 784, 785, 786, 787, 788, 789, 790, 791, 792, 793, 796, 797, 798, 799, 800, 801, 863, 864, 865, 866, 867, 868, 869, 870, 871, 872, 873, 874]",False,"[164, 242, 289, 636, 706, 748]","[103, 104, 105, 106, 107, 108, 109, 110, 111, 112, 113, 114, 115, 116, 117, 118, 119, 120, 121, 122, 123, 124, 125, 126, 127, 128, 129, 130, 131, 132, 133, 134, 135, 136, 137, 138, 139, 140, 141, 142, 143, 144, 145, 146, 147, 148, 149, 150, 151, 152, 153, 154, 155, 156, 157, 158, 159, 160, 161, 162, 163, 164, 165, 166, 167, 168, 169, 170, 171, 172, 173, 174, 175, 176, 177, 178, 179, 180, 181, 182, 183, 184, 185, 186, 187, 188, 189, 190, 191, 192, 193, 194, 195, 196, 197, 198, 199, 200, 201, 202, 203, 204, 205, 206, 207, 208, 209, 210, 211, 212, 213, 214, 215, 216, 217, 218, 219, 220, 221, 222, 223, 224, 225, 226, 227, 228, 229, 230, 231, 232, 233, 234, 235, 236, 237, 238, 239, 240, 241, 242, 243, 244, 245, 246, 247, 248, 249, 250, 251, 252, 253, 254, 255, 256, 257, 258, 259, 260, 261, 262, 263, 264, 265, 266, 267, 268, 269, 270, 271, 272, 273, 274, 275, 276, 277, 278, 279, 280, 281, 282, 283, 284, 285, 286, 287, 288, 289, 290, 291, 292, 293, 294, 295, 296, 297, 298, 299, 300, 301, 302, 303, 304, 305, 306, 307, 308, 309, 310, 311, 312, 313, 314, 315, 316, 317, 318, 319, 320, 321, 322, 323, 324, 325, 326, 327, 328, 329, 330, 331, 332, 333, 334, 335, 336, 337, 574, 575, 576, 577, 578, 579, 580, 581, 582, 583, 584, 585, 586, 587, 588, 589, 590, 591, 592, 593, 594, 595, 596, 597, 598, 599, 600, 601, 602, 603, 604, 605, 606, 607, 608, 609, 610, 611, 612, 613, 614, 615, 616, 617, 618, 619, 620, 621, 622, 623, 624, 625, 626, 627, 628, 629, 630, 631, 632, 633, 634, 635, 636, 637, 638, 639, 640, 641, 642, 643, 644, 645, 646, 647, 648, 649, 650, 651, 652, 653, 654, 655, 656, 657, 658, 659, 660, 661, 662, 663, 664, 665, 666, 667, 668, 669, 670, 671, 672, 673, 674, 675, 676, 677, 678, 679, 680, 681, 682, 683, 684, 685, 686, 687, 688, 689, 690, 691, 692, 693, 694, 695, 696, 697, 698, 699, 700, 701, 702, 703, 704, 705, 706, 707, 708, 709, 710, 711, 712, 713, 714, 715, 716, 717, 718, 719, 720, 721, 722, 723, 724, 725, 726, 727, 728, 729, 730, 731, 732, 733, 734, 735, 736, 737, 738, 739, 740, 741, 742, 743, 744, 745, 746, 747, 748, 749, 750, 751, 752, 753, 754, 755, 756, 757, 758, 759, 760, 761, 762, 763, 764, 765, 766, 767, 768, 769, 770, 771, 772, 773, 774, 775, 776, 777, 778, 779, 780, 781, 782, 783, 784, 785, 786, 787, 788, 789, 790, 791, 792, 793]","[164, 289, 636, 748]","[164, 289, 636, 748]","[105, 114, 138, 141, 152, 153, 154, 155, 157, 159, 164, 165, 176, 182, 191, 192, 194, 195, 196, 200, 204, 208, 209, 210, 211, 215, 226, 228, 241, 242, 243, 245, 248, 249, 250, 257, 261, 270, 271, 282, 287, 289, 291, 294, 296, 298, 306, 308, 309, 311, 314, 327, 333, 335, 337, 576, 585, 609, 612, 623, 624, 626, 627, 629, 631, 636, 637, 647, 653, 662, 663, 665, 666, 667, 671, 674, 678, 679, 680, 681, 690, 692, 705, 706, 707, 709, 711, 712, 713, 719, 721, 729, 730, 741, 746, 748, 750, 753, 755, 757, 764, 766, 767, 769, 772, 785, 791]","[17, 18, 19, 20, 21, 22, 23, 156, 157, 158, 159, 160, 161, 162, 163, 164, 165, 166, 167, 168, 340, 341, 342, 343, 344, 345, 346, 412, 413, 414, 415, 416, 417, 418, 419, 420, 421, 422, 502, 503, 504, 505, 506, 507, 628, 629, 630, 631, 632, 633, 634, 635, 636, 637, 638, 639, 792, 796, 797, 798, 799, 800, 801, 863, 864, 865, 866, 867, 868, 869, 870, 871, 872, 873, 874]","[17, 18, 19, 20, 21, 22, 23, 156, 157, 158, 159, 160, 161, 162, 163, 164, 165, 166, 167, 341, 342, 343, 344, 345, 412, 413, 414, 415, 416, 417, 418, 419, 420, 421, 422, 502, 503, 504, 505, 506, 507, 628, 629, 630, 631, 632, 633, 634, 635, 636, 637, 638, 639, 792, 797, 798, 799, 800, 801, 863, 864, 865, 866, 867, 868, 869, 870, 871, 872, 873, 874]",7/6 successful match,False,"[516, 517]",True,298,False,,1.0,True,Flying J Travel Plaza # 0500055,Flying J
H Frazier Park ( 93243 ) Flying J Travel Plaza # 616,4 661-248-2600 I-5 Exit 205 ( Frazier Park ),24 XL,Frazier Park,93243,Flying J Travel Plaza # 616,661-248-2600,2014,Lebec,CA,Flying J,( Frazier Park ),I-5 Exit 205 ,Exit,205,False,,False,I-5,,,,,[],"[164, 242, 289, 636, 706, 748]","[164, 289, 636, 748]","[164, 289, 636, 748]","[103, 104, 105, 106, 107, 108, 109, 110, 111, 112, 113, 114, 115, 116, 117, 118, 119, 120, 121, 122, 123, 124, 125, 126, 127, 128, 129, 130, 131, 132, 133, 134, 135, 136, 137, 138, 139, 140, 141, 142, 143, 144, 145, 146, 147, 148, 149, 150, 151, 152, 153, 154, 155, 156, 157, 158, 159, 160, 161, 162, 163, 164, 165, 166, 167, 168, 169, 170, 171, 172, 173, 174, 175, 176, 177, 178, 179, 180, 181, 182, 183, 184, 185, 186, 187, 188, 189, 190, 191, 192, 193, 194, 195, 196, 197, 198, 199, 200, 201, 202, 203, 204, 205, 206, 207, 208, 209, 210, 211, 212, 213, 214, 215, 216, 217, 218, 219, 220, 221, 222, 223, 224, 225, 226, 227, 228, 229, 230, 231, 232, 233, 234, 235, 236, 237, 238, 239, 240, 241, 242, 243, 244, 245, 246, 247, 248, 249, 250, 251, 252, 253, 254, 255, 256, 257, 258, 259, 260, 261, 262, 263, 264, 265, 266, 267, 268, 269, 270, 271, 272, 273, 274, 275, 276, 277, 278, 279, 280, 281, 282, 283, 284, 285, 286, 287, 288, 289, 290, 291, 292, 293, 294, 295, 296, 297, 298, 299, 300, 301, 302, 303, 304, 305, 306, 307, 308, 309, 310, 311, 312, 313, 314, 315, 316, 317, 318, 319, 320, 321, 322, 323, 324, 325, 326, 327, 328, 329, 330, 331, 332, 333, 334, 335, 336, 337, 574, 575, 576, 577, 578, 579, 580, 581, 582, 583, 584, 585, 586, 587, 588, 589, 590, 591, 592, 593, 594, 595, 596, 597, 598, 599, 600, 601, 602, 603, 604, 605, 606, 607, 608, 609, 610, 611, 612, 613, 614, 615, 616, 617, 618, 619, 620, 621, 622, 623, 624, 625, 626, 627, 628, 629, 630, 631, 632, 633, 634, 635, 636, 637, 638, 639, 640, 641, 642, 643, 644, 645, 646, 647, 648, 649, 650, 651, 652, 653, 654, 655, 656, 657, 658, 659, 660, 661, 662, 663, 664, 665, 666, 667, 668, 669, 670, 671, 672, 673, 674, 675, 676, 677, 678, 679, 680, 681, 682, 683, 684, 685, 686, 687, 688, 689, 690, 691, 692, 693, 694, 695, 696, 697, 698, 699, 700, 701, 702, 703, 704, 705, 706, 707, 708, 709, 710, 711, 712, 713, 714, 715, 716, 717, 718, 719, 720, 721, 722, 723, 724, 725, 726, 727, 728, 729, 730, 731, 732, 733, 734, 735, 736, 737, 738, 739, 740, 741, 742, 743, 744, 745, 746, 747, 748, 749, 750, 751, 752, 753, 754, 755, 756, 757, 758, 759, 760, 761, 762, 763, 764, 765, 766, 767, 768, 769, 770, 771, 772, 773, 774, 775, 776, 777, 778, 779, 780, 781, 782, 783, 784, 785, 786, 787, 788, 789, 790, 791, 792, 793]","[105, 114, 138, 141, 152, 153, 154, 155, 157, 159, 164, 165, 176, 182, 191, 192, 194, 195, 196, 200, 204, 208, 209, 210, 211, 215, 226, 228, 241, 242, 243, 245, 248, 249, 250, 257, 261, 270, 271, 282, 287, 289, 291, 294, 296, 298, 306, 308, 309, 311, 314, 327, 333, 335, 337, 576, 585, 609, 612, 623, 624, 626, 627, 629, 631, 636, 637, 647, 653, 662, 663, 665, 666, 667, 671, 674, 678, 679, 680, 681, 690, 692, 705, 706, 707, 709, 711, 712, 713, 719, 721, 729, 730, 741, 746, 748, 750, 753, 755, 757, 764, 766, 767, 769, 772, 785, 791]","[17, 18, 19, 20, 21, 22, 23, 156, 157, 158, 159, 160, 161, 162, 163, 164, 165, 166, 167, 341, 342, 343, 344, 345, 412, 413, 414, 415, 416, 417, 418, 419, 420, 421, 422, 502, 503, 504, 505, 506, 507, 628, 629, 630, 631, 632, 633, 634, 635, 636, 637, 638, 639, 792, 797, 798, 799, 800, 801, 863, 864, 865, 866, 867, 868, 869, 870, 871, 872, 873, 874]","[17, 18, 19, 20, 21, 22, 23, 156, 157, 158, 159, 160, 161, 162, 163, 164, 165, 166, 167, 168, 340, 341, 342, 343, 344, 345, 346, 412, 413, 414, 415, 416, 417, 418, 419, 420, 421, 422, 502, 503, 504, 505, 506, 507, 628, 629, 630, 631, 632, 633, 634, 635, 636, 637, 638, 639, 792, 796, 797, 798, 799, 800, 801, 863, 864, 865, 866, 867, 868, 869, 870, 871, 872, 873, 874]","[17, 18, 19, 20, 21, 22, 23, 103, 104, 105, 106, 107, 108, 109, 110, 111, 112, 113, 114, 115, 116, 117, 118, 119, 120, 121, 122, 123, 124, 125, 126, 127, 128, 129, 130, 131, 132, 133, 134, 135, 136, 137, 138, 139, 140, 141, 142, 143, 144, 145, 146, 147, 148, 149, 150, 151, 152, 153, 154, 155, 156, 157, 158, 159, 160, 161, 162, 163, 164, 165, 166, 167, 168, 169, 170, 171, 172, 173, 174, 175, 176, 177, 178, 179, 180, 181, 182, 183, 184, 185, 186, 187, 188, 189, 190, 191, 192, 193, 194, 195, 196, 197, 198, 199, 200, 201, 202, 203, 204, 205, 206, 207, 208, 209, 210, 211, 212, 213, 214, 215, 216, 217, 218, 219, 220, 221, 222, 223, 224, 225, 226, 227, 228, 229, 230, 231, 232, 233, 234, 235, 236, 237, 238, 239, 240, 241, 242, 243, 244, 245, 246, 247, 248, 249, 250, 251, 252, 253, 254, 255, 256, 257, 258, 259, 260, 261, 262, 263, 264, 265, 266, 267, 268, 269, 270, 271, 272, 273, 274, 275, 276, 277, 278, 279, 280, 281, 282, 283, 284, 285, 286, 287, 288, 289, 290, 291, 292, 293, 294, 295, 296, 297, 298, 299, 300, 301, 302, 303, 304, 305, 306, 307, 308, 309, 310, 311, 312, 313, 314, 315, 316, 317, 318, 319, 320, 321, 322, 323, 324, 325, 326, 327, 328, 329, 330, 331, 332, 333, 334, 335, 336, 337, 340, 341, 342, 343, 344, 345, 346, 412, 413, 414, 415, 416, 417, 418, 419, 420, 421, 422, 502, 503, 504, 505, 506, 507, 574, 575, 576, 577, 578, 579, 580, 581, 582, 583, 584, 585, 586, 587, 588, 589, 590, 591, 592, 593, 594, 595, 596, 597, 598, 599, 600, 601, 602, 603, 604, 605, 606, 607, 608, 609, 610, 611, 612, 613, 614, 615, 616, 617, 618, 619, 620, 621, 622, 623, 624, 625, 626, 627, 628, 629, 630, 631, 632, 633, 634, 635, 636, 637, 638, 639, 640, 641, 642, 643, 644, 645, 646, 647, 648, 649, 650, 651, 652, 653, 654, 655, 656, 657, 658, 659, 660, 661, 662, 663, 664, 665, 666, 667, 668, 669, 670, 671, 672, 673, 674, 675, 676, 677, 678, 679, 680, 681, 682, 683, 684, 685, 686, 687, 688, 689, 690, 691, 692, 693, 694, 695, 696, 697, 698, 699, 700, 701, 702, 703, 704, 705, 706, 707, 708, 709, 710, 711, 712, 713, 714, 715, 716, 717, 718, 719, 720, 721, 722, 723, 724, 725, 726, 727, 728, 729, 730, 731, 732, 733, 734, 735, 736, 737, 738, 739, 740, 741, 742, 743, 744, 745, 746, 747, 748, 749, 750, 751, 752, 753, 754, 755, 756, 757, 758, 759, 760, 761, 762, 763, 764, 765, 766, 767, 768, 769, 770, 771, 772, 773, 774, 775, 776, 777, 778, 779, 780, 781, 782, 783, 784, 785, 786, 787, 788, 789, 790, 791, 792, 793, 796, 797, 798, 799, 800, 801, 863, 864, 865, 866, 867, 868, 869, 870, 871, 872, 873, 874]",False,"[164, 242, 289, 636, 706, 748]","[103, 104, 105, 106, 107, 108, 109, 110, 111, 112, 113, 114, 115, 116, 117, 118, 119, 120, 121, 122, 123, 124, 125, 126, 127, 128, 129, 130, 131, 132, 133, 134, 135, 136, 137, 138, 139, 140, 141, 142, 143, 144, 145, 146, 147, 148, 149, 150, 151, 152, 153, 154, 155, 156, 157, 158, 159, 160, 161, 162, 163, 164, 165, 166, 167, 168, 169, 170, 171, 172, 173, 174, 175, 176, 177, 178, 179, 180, 181, 182, 183, 184, 185, 186, 187, 188, 189, 190, 191, 192, 193, 194, 195, 196, 197, 198, 199, 200, 201, 202, 203, 204, 205, 206, 207, 208, 209, 210, 211, 212, 213, 214, 215, 216, 217, 218, 219, 220, 221, 222, 223, 224, 225, 226, 227, 228, 229, 230, 231, 232, 233, 234, 235, 236, 237, 238, 239, 240, 241, 242, 243, 244, 245, 246, 247, 248, 249, 250, 251, 252, 253, 254, 255, 256, 257, 258, 259, 260, 261, 262, 263, 264, 265, 266, 267, 268, 269, 270, 271, 272, 273, 274, 275, 276, 277, 278, 279, 280, 281, 282, 283, 284, 285, 286, 287, 288, 289, 290, 291, 292, 293, 294, 295, 296, 297, 298, 299, 300, 301, 302, 303, 304, 305, 306, 307, 308, 309, 310, 311, 312, 313, 314, 315, 316, 317, 318, 319, 320, 321, 322, 323, 324, 325, 326, 327, 328, 329, 330, 331, 332, 333, 334, 335, 336, 337, 574, 575, 576, 577, 578, 579, 580, 581, 582, 583, 584, 585, 586, 587, 588, 589, 590, 591, 592, 593, 594, 595, 596, 597, 598, 599, 600, 601, 602, 603, 604, 605, 606, 607, 608, 609, 610, 611, 612, 613, 614, 615, 616, 617, 618, 619, 620, 621, 622, 623, 624, 625, 626, 627, 628, 629, 630, 631, 632, 633, 634, 635, 636, 637, 638, 639, 640, 641, 642, 643, 644, 645, 646, 647, 648, 649, 650, 651, 652, 653, 654, 655, 656, 657, 658, 659, 660, 661, 662, 663, 664, 665, 666, 667, 668, 669, 670, 671, 672, 673, 674, 675, 676, 677, 678, 679, 680, 681, 682, 683, 684, 685, 686, 687, 688, 689, 690, 691, 692, 693, 694, 695, 696, 697, 698, 699, 700, 701, 702, 703, 704, 705, 706, 707, 708, 709, 710, 711, 712, 713, 714, 715, 716, 717, 718, 719, 720, 721, 722, 723, 724, 725, 726, 727, 728, 729, 730, 731, 732, 733, 734, 735, 736, 737, 738, 739, 740, 741, 742, 743, 744, 745, 746, 747, 748, 749, 750, 751, 752, 753, 754, 755, 756, 757, 758, 759, 760, 761, 762, 763, 764, 765, 766, 767, 768, 769, 770, 771, 772, 773, 774, 775, 776, 777, 778, 779, 780, 781, 782, 783, 784, 785, 786, 787, 788, 789, 790, 791, 792, 793]","[164, 289, 636, 748]","[164, 289, 636, 748]","[105, 114, 138, 141, 152, 153, 154, 155, 157, 159, 164, 165, 176, 182, 191, 192, 194, 195, 196, 200, 204, 208, 209, 210, 211, 215, 226, 228, 241, 242, 243, 245, 248, 249, 250, 257, 261, 270, 271, 282, 287, 289, 291, 294, 296, 298, 306, 308, 309, 311, 314, 327, 333, 335, 337, 576, 585, 609, 612, 623, 624, 626, 627, 629, 631, 636, 637, 647, 653, 662, 663, 665, 666, 667, 671, 674, 678, 679, 680, 681, 690, 692, 705, 706, 707, 709, 711, 712, 713, 719, 721, 729, 730, 741, 746, 748, 750, 753, 755, 757, 764, 766, 767, 769, 772, 785, 791]","[17, 18, 19, 20, 21, 22, 23, 156, 157, 158, 159, 160, 161, 162, 163, 164, 165, 166, 167, 168, 340, 341, 342, 343, 344, 345, 346, 412, 413, 414, 415, 416, 417, 418, 419, 420, 421, 422, 502, 503, 504, 505, 506, 507, 628, 629, 630, 631, 632, 633, 634, 635, 636, 637, 638, 639, 792, 796, 797, 798, 799, 800, 801, 863, 864, 865, 866, 867, 868, 869, 870, 871, 872, 873, 874]","[17, 18, 19, 20, 21, 22, 23, 156, 157, 158, 159, 160, 161, 162, 163, 164, 165, 166, 167, 341, 342, 343, 344, 345, 412, 413, 414, 415, 416, 417, 418, 419, 420, 421, 422, 502, 503, 504, 505, 506, 507, 628, 629, 630, 631, 632, 633, 634, 635, 636, 637, 638, 639, 792, 797, 798, 799, 800, 801, 863, 864, 865, 866, 867, 868, 869, 870, 871, 872, 873, 874]",7/6 successful match,False,"[516, 517]",True,298,False,,0.5816091954022988,True,Flying J Travel Plaza # 0500055,Flying J
Frazier Park ( 93243 ) Flying 99 J Exit Travel 121 Plaza ( Manning # 616 Ave ),661-248-2600 I-5 Exit 205 (,"FLYING J 24 XL "" D <U+2610>",Frazier Park,93243,Flying 99 J Exit Travel 121 Plaza ( Manning # 616 Ave ),661-248-2600,2015,Lebec,CA,,(,I-5 Exit 205 ,Exit,205,False,,False,I-5,,,,,[],"[164, 242, 289, 636, 706, 748]","[164, 289, 636, 748]","[164, 289, 636, 748]","[103, 104, 105, 106, 107, 108, 109, 110, 111, 112, 113, 114, 115, 116, 117, 118, 119, 120, 121, 122, 123, 124, 125, 126, 127, 128, 129, 130, 131, 132, 133, 134, 135, 136, 137, 138, 139, 140, 141, 142, 143, 144, 145, 146, 147, 148, 149, 150, 151, 152, 153, 154, 155, 156, 157, 158, 159, 160, 161, 162, 163, 164, 165, 166, 167, 168, 169, 170, 171, 172, 173, 174, 175, 176, 177, 178, 179, 180, 181, 182, 183, 184, 185, 186, 187, 188, 189, 190, 191, 192, 193, 194, 195, 196, 197, 198, 199, 200, 201, 202, 203, 204, 205, 206, 207, 208, 209, 210, 211, 212, 213, 214, 215, 216, 217, 218, 219, 220, 221, 222, 223, 224, 225, 226, 227, 228, 229, 230, 231, 232, 233, 234, 235, 236, 237, 238, 239, 240, 241, 242, 243, 244, 245, 246, 247, 248, 249, 250, 251, 252, 253, 254, 255, 256, 257, 258, 259, 260, 261, 262, 263, 264, 265, 266, 267, 268, 269, 270, 271, 272, 273, 274, 275, 276, 277, 278, 279, 280, 281, 282, 283, 284, 285, 286, 287, 288, 289, 290, 291, 292, 293, 294, 295, 296, 297, 298, 299, 300, 301, 302, 303, 304, 305, 306, 307, 308, 309, 310, 311, 312, 313, 314, 315, 316, 317, 318, 319, 320, 321, 322, 323, 324, 325, 326, 327, 328, 329, 330, 331, 332, 333, 334, 335, 336, 337, 574, 575, 576, 577, 578, 579, 580, 581, 582, 583, 584, 585, 586, 587, 588, 589, 590, 591, 592, 593, 594, 595, 596, 597, 598, 599, 600, 601, 602, 603, 604, 605, 606, 607, 608, 609, 610, 611, 612, 613, 614, 615, 616, 617, 618, 619, 620, 621, 622, 623, 624, 625, 626, 627, 628, 629, 630, 631, 632, 633, 634, 635, 636, 637, 638, 639, 640, 641, 642, 643, 644, 645, 646, 647, 648, 649, 650, 651, 652, 653, 654, 655, 656, 657, 658, 659, 660, 661, 662, 663, 664, 665, 666, 667, 668, 669, 670, 671, 672, 673, 674, 675, 676, 677, 678, 679, 680, 681, 682, 683, 684, 685, 686, 687, 688, 689, 690, 691, 692, 693, 694, 695, 696, 697, 698, 699, 700, 701, 702, 703, 704, 705, 706, 707, 708, 709, 710, 711, 712, 713, 714, 715, 716, 717, 718, 719, 720, 721, 722, 723, 724, 725, 726, 727, 728, 729, 730, 731, 732, 733, 734, 735, 736, 737, 738, 739, 740, 741, 742, 743, 744, 745, 746, 747, 748, 749, 750, 751, 752, 753, 754, 755, 756, 757, 758, 759, 760, 761, 762, 763, 764, 765, 766, 767, 768, 769, 770, 771, 772, 773, 774, 775, 776, 777, 778, 779, 780, 781, 782, 783, 784, 785, 786, 787, 788, 789, 790, 791, 792, 793]","[105, 114, 138, 141, 152, 153, 154, 155, 157, 159, 164, 165, 176, 182, 191, 192, 194, 195, 196, 200, 204, 208, 209, 210, 211, 215, 226, 228, 241, 242, 243, 245, 248, 249, 250, 257, 261, 270, 271, 282, 287, 289, 291, 294, 296, 298, 306, 308, 309, 311, 314, 327, 333, 335, 337, 576, 585, 609, 612, 623, 624, 626, 627, 629, 631, 636, 637, 647, 653, 662, 663, 665, 666, 667, 671, 674, 678, 679, 680, 681, 690, 692, 705, 706, 707, 709, 711, 712, 713, 719, 721, 729, 730, 741, 746, 748, 750, 753, 755, 757, 764, 766, 767, 769, 772, 785, 791]",[],"[17, 18, 19, 20, 21, 22, 23, 156, 157, 158, 159, 160, 161, 162, 163, 164, 165, 166, 167, 168, 185, 340, 341, 342, 343, 344, 345, 346, 412, 413, 414, 415, 416, 417, 418, 419, 420, 421, 422, 502, 503, 504, 505, 506, 507, 628, 629, 630, 631, 632, 633, 634, 635, 636, 637, 638, 639, 656, 792, 796, 797, 798, 799, 800, 801, 863, 864, 865, 866, 867, 868, 869, 870, 871, 872, 873, 874]","[17, 18, 19, 20, 21, 22, 23, 103, 104, 105, 106, 107, 108, 109, 110, 111, 112, 113, 114, 115, 116, 117, 118, 119, 120, 121, 122, 123, 124, 125, 126, 127, 128, 129, 130, 131, 132, 133, 134, 135, 136, 137, 138, 139, 140, 141, 142, 143, 144, 145, 146, 147, 148, 149, 150, 151, 152, 153, 154, 155, 156, 157, 158, 159, 160, 161, 162, 163, 164, 165, 166, 167, 168, 169, 170, 171, 172, 173, 174, 175, 176, 177, 178, 179, 180, 181, 182, 183, 184, 185, 186, 187, 188, 189, 190, 191, 192, 193, 194, 195, 196, 197, 198, 199, 200, 201, 202, 203, 204, 205, 206, 207, 208, 209, 210, 211, 212, 213, 214, 215, 216, 217, 218, 219, 220, 221, 222, 223, 224, 225, 226, 227, 228, 229, 230, 231, 232, 233, 234, 235, 236, 237, 238, 239, 240, 241, 242, 243, 244, 245, 246, 247, 248, 249, 250, 251, 252, 253, 254, 255, 256, 257, 258, 259, 260, 261, 262, 263, 264, 265, 266, 267, 268, 269, 270, 271, 272, 273, 274, 275, 276, 277, 278, 279, 280, 281, 282, 283, 284, 285, 286, 287, 288, 289, 290, 291, 292, 293, 294, 295, 296, 297, 298, 299, 300, 301, 302, 303, 304, 305, 306, 307, 308, 309, 310, 311, 312, 313, 314, 315, 316, 317, 318, 319, 320, 321, 322, 323, 324, 325, 326, 327, 328, 329, 330, 331, 332, 333, 334, 335, 336, 337, 340, 341, 342, 343, 344, 345, 346, 412, 413, 414, 415, 416, 417, 418, 419, 420, 421, 422, 502, 503, 504, 505, 506, 507, 574, 575, 576, 577, 578, 579, 580, 581, 582, 583, 584, 585, 586, 587, 588, 589, 590, 591, 592, 593, 594, 595, 596, 597, 598, 599, 600, 601, 602, 603, 604, 605, 606, 607, 608, 609, 610, 611, 612, 613, 614, 615, 616, 617, 618, 619, 620, 621, 622, 623, 624, 625, 626, 627, 628, 629, 630, 631, 632, 633, 634, 635, 636, 637, 638, 639, 640, 641, 642, 643, 644, 645, 646, 647, 648, 649, 650, 651, 652, 653, 654, 655, 656, 657, 658, 659, 660, 661, 662, 663, 664, 665, 666, 667, 668, 669, 670, 671, 672, 673, 674, 675, 676, 677, 678, 679, 680, 681, 682, 683, 684, 685, 686, 687, 688, 689, 690, 691, 692, 693, 694, 695, 696, 697, 698, 699, 700, 701, 702, 703, 704, 705, 706, 707, 708, 709, 710, 711, 712, 713, 714, 715, 716, 717, 718, 719, 720, 721, 722, 723, 724, 725, 726, 727, 728, 729, 730, 731, 732, 733, 734, 735, 736, 737, 738, 739, 740, 741, 742, 743, 744, 745, 746, 747, 748, 749, 750, 751, 752, 753, 754, 755, 756, 757, 758, 759, 760, 761, 762, 763, 764, 765, 766, 767, 768, 769, 770, 771, 772, 773, 774, 775, 776, 777, 778, 779, 780, 781, 782, 783, 784, 785, 786, 787, 788, 789, 790, 791, 792, 793, 796, 797, 798, 799, 800, 801, 863, 864, 865, 866, 867, 868, 869, 870, 871, 872, 873, 874]",False,"[164, 242, 289, 636, 706, 748]","[103, 104, 105, 106, 107, 108, 109, 110, 111, 112, 113, 114, 115, 116, 117, 118, 119, 120, 121, 122, 123, 124, 125, 126, 127, 128, 129, 130, 131, 132, 133, 134, 135, 136, 137, 138, 139, 140, 141, 142, 143, 144, 145, 146, 147, 148, 149, 150, 151, 152, 153, 154, 155, 156, 157, 158, 159, 160, 161, 162, 163, 164, 165, 166, 167, 168, 169, 170, 171, 172, 173, 174, 175, 176, 177, 178, 179, 180, 181, 182, 183, 184, 185, 186, 187, 188, 189, 190, 191, 192, 193, 194, 195, 196, 197, 198, 199, 200, 201, 202, 203, 204, 205, 206, 207, 208, 209, 210, 211, 212, 213, 214, 215, 216, 217, 218, 219, 220, 221, 222, 223, 224, 225, 226, 227, 228, 229, 230, 231, 232, 233, 234, 235, 236, 237, 238, 239, 240, 241, 242, 243, 244, 245, 246, 247, 248, 249, 250, 251, 252, 253, 254, 255, 256, 257, 258, 259, 260, 261, 262, 263, 264, 265, 266, 267, 268, 269, 270, 271, 272, 273, 274, 275, 276, 277, 278, 279, 280, 281, 282, 283, 284, 285, 286, 287, 288, 289, 290, 291, 292, 293, 294, 295, 296, 297, 298, 299, 300, 301, 302, 303, 304, 305, 306, 307, 308, 309, 310, 311, 312, 313, 314, 315, 316, 317, 318, 319, 320, 321, 322, 323, 324, 325, 326, 327, 328, 329, 330, 331, 332, 333, 334, 335, 336, 337, 574, 575, 576, 577, 578, 579, 580, 581, 582, 583, 584, 585, 586, 587, 588, 589, 590, 591, 592, 593, 594, 595, 596, 597, 598, 599, 600, 601, 602, 603, 604, 605, 606, 607, 608, 609, 610, 611, 612, 613, 614, 615, 616, 617, 618, 619, 620, 621, 622, 623, 624, 625, 626, 627, 628, 629, 630, 631, 632, 633, 634, 635, 636, 637, 638, 639, 640, 641, 642, 643, 644, 645, 646, 647, 648, 649, 650, 651, 652, 653, 654, 655, 656, 657, 658, 659, 660, 661, 662, 663, 664, 665, 666, 667, 668, 669, 670, 671, 672, 673, 674, 675, 676, 677, 678, 679, 680, 681, 682, 683, 684, 685, 686, 687, 688, 689, 690, 691, 692, 693, 694, 695, 696, 697, 698, 699, 700, 701, 702, 703, 704, 705, 706, 707, 708, 709, 710, 711, 712, 713, 714, 715, 716, 717, 718, 719, 720, 721, 722, 723, 724, 725, 726, 727, 728, 729, 730, 731, 732, 733, 734, 735, 736, 737, 738, 739, 740, 741, 742, 743, 744, 745, 746, 747, 748, 749, 750, 751, 752, 753, 754, 755, 756, 757, 758, 759, 760, 761, 762, 763, 764, 765, 766, 767, 768, 769, 770, 771, 772, 773, 774, 775, 776, 777, 778, 779, 780, 781, 782, 783, 784, 785, 786, 787, 788, 789, 790, 791, 792, 793]","[164, 289, 636, 748]","[164, 289, 636, 748]","[105, 114, 138, 141, 152, 153, 154, 155, 157, 159, 164, 165, 176, 182, 191, 192, 194, 195, 196, 200, 204, 208, 209, 210, 211, 215, 226, 228, 241, 242, 243, 245, 248, 249, 250, 257, 261, 270, 271, 282, 287, 289, 291, 294, 296, 298, 306, 308, 309, 311, 314, 327, 333, 335, 337, 576, 585, 609, 612, 623, 624, 626, 627, 629, 631, 636, 637, 647, 653, 662, 663, 665, 666, 667, 671, 674, 678, 679, 680, 681, 690, 692, 705, 706, 707, 709, 711, 712, 713, 719, 721, 729, 730, 741, 746, 748, 750, 753, 755, 757, 764, 766, 767, 769, 772, 785, 791]","[17, 18, 19, 20, 21, 22, 23, 156, 157, 158, 159, 160, 161, 162, 163, 164, 165, 166, 167, 168, 185, 340, 341, 342, 343, 344, 345, 346, 412, 413, 414, 415, 416, 417, 418, 419, 420, 421, 422, 502, 503, 504, 505, 506, 507, 628, 629, 630, 631, 632, 633, 634, 635, 636, 637, 638, 639, 656, 792, 796, 797, 798, 799, 800, 801, 863, 864, 865, 866, 867, 868, 869, 870, 871, 872, 873, 874]",[],7/6 successful match,False,"[516, 517]",True,298,False,,0.8575609756097562,True,Flying J Travel Plaza # 616,Flying J
Frazier Park ( 93243 ) Flying J 205 Travel ( Frazier Plaza # Park 616 ),4 661-248-2600 I-5 Exit 205 ( FLYING,24 X D,Frazier Park,93243,Flying J 205 Travel ( Frazier Plaza # Park 616 ),661-248-2600,2016,Lebec,CA,Flying J,( FLYING,I-5 Exit 205 ,Exit,205,False,,False,I-5,,,,,[],"[164, 242, 289, 636, 706, 748]","[164, 289, 636, 748]","[164, 289, 636, 748]","[103, 104, 105, 106, 107, 108, 109, 110, 111, 112, 113, 114, 115, 116, 117, 118, 119, 120, 121, 122, 123, 124, 125, 126, 127, 128, 129, 130, 131, 132, 133, 134, 135, 136, 137, 138, 139, 140, 141, 142, 143, 144, 145, 146, 147, 148, 149, 150, 151, 152, 153, 154, 155, 156, 157, 158, 159, 160, 161, 162, 163, 164, 165, 166, 167, 168, 169, 170, 171, 172, 173, 174, 175, 176, 177, 178, 179, 180, 181, 182, 183, 184, 185, 186, 187, 188, 189, 190, 191, 192, 193, 194, 195, 196, 197, 198, 199, 200, 201, 202, 203, 204, 205, 206, 207, 208, 209, 210, 211, 212, 213, 214, 215, 216, 217, 218, 219, 220, 221, 222, 223, 224, 225, 226, 227, 228, 229, 230, 231, 232, 233, 234, 235, 236, 237, 238, 239, 240, 241, 242, 243, 244, 245, 246, 247, 248, 249, 250, 251, 252, 253, 254, 255, 256, 257, 258, 259, 260, 261, 262, 263, 264, 265, 266, 267, 268, 269, 270, 271, 272, 273, 274, 275, 276, 277, 278, 279, 280, 281, 282, 283, 284, 285, 286, 287, 288, 289, 290, 291, 292, 293, 294, 295, 296, 297, 298, 299, 300, 301, 302, 303, 304, 305, 306, 307, 308, 309, 310, 311, 312, 313, 314, 315, 316, 317, 318, 319, 320, 321, 322, 323, 324, 325, 326, 327, 328, 329, 330, 331, 332, 333, 334, 335, 336, 337, 574, 575, 576, 577, 578, 579, 580, 581, 582, 583, 584, 585, 586, 587, 588, 589, 590, 591, 592, 593, 594, 595, 596, 597, 598, 599, 600, 601, 602, 603, 604, 605, 606, 607, 608, 609, 610, 611, 612, 613, 614, 615, 616, 617, 618, 619, 620, 621, 622, 623, 624, 625, 626, 627, 628, 629, 630, 631, 632, 633, 634, 635, 636, 637, 638, 639, 640, 641, 642, 643, 644, 645, 646, 647, 648, 649, 650, 651, 652, 653, 654, 655, 656, 657, 658, 659, 660, 661, 662, 663, 664, 665, 666, 667, 668, 669, 670, 671, 672, 673, 674, 675, 676, 677, 678, 679, 680, 681, 682, 683, 684, 685, 686, 687, 688, 689, 690, 691, 692, 693, 694, 695, 696, 697, 698, 699, 700, 701, 702, 703, 704, 705, 706, 707, 708, 709, 710, 711, 712, 713, 714, 715, 716, 717, 718, 719, 720, 721, 722, 723, 724, 725, 726, 727, 728, 729, 730, 731, 732, 733, 734, 735, 736, 737, 738, 739, 740, 741, 742, 743, 744, 745, 746, 747, 748, 749, 750, 751, 752, 753, 754, 755, 756, 757, 758, 759, 760, 761, 762, 763, 764, 765, 766, 767, 768, 769, 770, 771, 772, 773, 774, 775, 776, 777, 778, 779, 780, 781, 782, 783, 784, 785, 786, 787, 788, 789, 790, 791, 792, 793]","[105, 114, 138, 141, 152, 153, 154, 155, 157, 159, 164, 165, 176, 182, 191, 192, 194, 195, 196, 200, 204, 208, 209, 210, 211, 215, 226, 228, 241, 242, 243, 245, 248, 249, 250, 257, 261, 270, 271, 282, 287, 289, 291, 294, 296, 298, 306, 308, 309, 311, 314, 327, 333, 335, 337, 576, 585, 609, 612, 623, 624, 626, 627, 629, 631, 636, 637, 647, 653, 662, 663, 665, 666, 667, 671, 674, 678, 679, 680, 681, 690, 692, 705, 706, 707, 709, 711, 712, 713, 719, 721, 729, 730, 741, 746, 748, 750, 753, 755, 757, 764, 766, 767, 769, 772, 785, 791]","[17, 18, 19, 20, 21, 22, 23, 156, 157, 158, 159, 160, 161, 162, 163, 164, 165, 166, 167, 341, 342, 343, 344, 345, 412, 413, 414, 415, 416, 417, 418, 419, 420, 421, 422, 502, 503, 504, 505, 506, 507, 628, 629, 630, 631, 632, 633, 634, 635, 636, 637, 638, 639, 792, 797, 798, 799, 800, 801, 863, 864, 865, 866, 867, 868, 869, 870, 871, 872, 873, 874]","[17, 18, 19, 20, 21, 22, 23, 156, 157, 158, 159, 160, 161, 162, 163, 164, 165, 166, 167, 168, 319, 340, 341, 342, 343, 344, 345, 346, 412, 413, 414, 415, 416, 417, 418, 419, 420, 421, 422, 424, 458, 502, 503, 504, 505, 506, 507, 628, 629, 630, 631, 632, 633, 634, 635, 636, 637, 638, 639, 777, 792, 796, 797, 798, 799, 800, 801, 863, 864, 865, 866, 867, 868, 869, 870, 871, 872, 873, 874, 876, 904, 905]","[17, 18, 19, 20, 21, 22, 23, 103, 104, 105, 106, 107, 108, 109, 110, 111, 112, 113, 114, 115, 116, 117, 118, 119, 120, 121, 122, 123, 124, 125, 126, 127, 128, 129, 130, 131, 132, 133, 134, 135, 136, 137, 138, 139, 140, 141, 142, 143, 144, 145, 146, 147, 148, 149, 150, 151, 152, 153, 154, 155, 156, 157, 158, 159, 160, 161, 162, 163, 164, 165, 166, 167, 168, 169, 170, 171, 172, 173, 174, 175, 176, 177, 178, 179, 180, 181, 182, 183, 184, 185, 186, 187, 188, 189, 190, 191, 192, 193, 194, 195, 196, 197, 198, 199, 200, 201, 202, 203, 204, 205, 206, 207, 208, 209, 210, 211, 212, 213, 214, 215, 216, 217, 218, 219, 220, 221, 222, 223, 224, 225, 226, 227, 228, 229, 230, 231, 232, 233, 234, 235, 236, 237, 238, 239, 240, 241, 242, 243, 244, 245, 246, 247, 248, 249, 250, 251, 252, 253, 254, 255, 256, 257, 258, 259, 260, 261, 262, 263, 264, 265, 266, 267, 268, 269, 270, 271, 272, 273, 274, 275, 276, 277, 278, 279, 280, 281, 282, 283, 284, 285, 286, 287, 288, 289, 290, 291, 292, 293, 294, 295, 296, 297, 298, 299, 300, 301, 302, 303, 304, 305, 306, 307, 308, 309, 310, 311, 312, 313, 314, 315, 316, 317, 318, 319, 320, 321, 322, 323, 324, 325, 326, 327, 328, 329, 330, 331, 332, 333, 334, 335, 336, 337, 340, 341, 342, 343, 344, 345, 346, 412, 413, 414, 415, 416, 417, 418, 419, 420, 421, 422, 424, 458, 502, 503, 504, 505, 506, 507, 574, 575, 576, 577, 578, 579, 580, 581, 582, 583, 584, 585, 586, 587, 588, 589, 590, 591, 592, 593, 594, 595, 596, 597, 598, 599, 600, 601, 602, 603, 604, 605, 606, 607, 608, 609, 610, 611, 612, 613, 614, 615, 616, 617, 618, 619, 620, 621, 622, 623, 624, 625, 626, 627, 628, 629, 630, 631, 632, 633, 634, 635, 636, 637, 638, 639, 640, 641, 642, 643, 644, 645, 646, 647, 648, 649, 650, 651, 652, 653, 654, 655, 656, 657, 658, 659, 660, 661, 662, 663, 664, 665, 666, 667, 668, 669, 670, 671, 672, 673, 674, 675, 676, 677, 678, 679, 680, 681, 682, 683, 684, 685, 686, 687, 688, 689, 690, 691, 692, 693, 694, 695, 696, 697, 698, 699, 700, 701, 702, 703, 704, 705, 706, 707, 708, 709, 710, 711, 712, 713, 714, 715, 716, 717, 718, 719, 720, 721, 722, 723, 724, 725, 726, 727, 728, 729, 730, 731, 732, 733, 734, 735, 736, 737, 738, 739, 740, 741, 742, 743, 744, 745, 746, 747, 748, 749, 750, 751, 752, 753, 754, 755, 756, 757, 758, 759, 760, 761, 762, 763, 764, 765, 766, 767, 768, 769, 770, 771, 772, 773, 774, 775, 776, 777, 778, 779, 780, 781, 782, 783, 784, 785, 786, 787, 788, 789, 790, 791, 792, 793, 796, 797, 798, 799, 800, 801, 863, 864, 865, 866, 867, 868, 869, 870, 871, 872, 873, 874, 876, 904, 905]",False,"[164, 242, 289, 636, 706, 748]","[103, 104, 105, 106, 107, 108, 109, 110, 111, 112, 113, 114, 115, 116, 117, 118, 119, 120, 121, 122, 123, 124, 125, 126, 127, 128, 129, 130, 131, 132, 133, 134, 135, 136, 137, 138, 139, 140, 141, 142, 143, 144, 145, 146, 147, 148, 149, 150, 151, 152, 153, 154, 155, 156, 157, 158, 159, 160, 161, 162, 163, 164, 165, 166, 167, 168, 169, 170, 171, 172, 173, 174, 175, 176, 177, 178, 179, 180, 181, 182, 183, 184, 185, 186, 187, 188, 189, 190, 191, 192, 193, 194, 195, 196, 197, 198, 199, 200, 201, 202, 203, 204, 205, 206, 207, 208, 209, 210, 211, 212, 213, 214, 215, 216, 217, 218, 219, 220, 221, 222, 223, 224, 225, 226, 227, 228, 229, 230, 231, 232, 233, 234, 235, 236, 237, 238, 239, 240, 241, 242, 243, 244, 245, 246, 247, 248, 249, 250, 251, 252, 253, 254, 255, 256, 257, 258, 259, 260, 261, 262, 263, 264, 265, 266, 267, 268, 269, 270, 271, 272, 273, 274, 275, 276, 277, 278, 279, 280, 281, 282, 283, 284, 285, 286, 287, 288, 289, 290, 291, 292, 293, 294, 295, 296, 297, 298, 299, 300, 301, 302, 303, 304, 305, 306, 307, 308, 309, 310, 311, 312, 313, 314, 315, 316, 317, 318, 319, 320, 321, 322, 323, 324, 325, 326, 327, 328, 329, 330, 331, 332, 333, 334, 335, 336, 337, 574, 575, 576, 577, 578, 579, 580, 581, 582, 583, 584, 585, 586, 587, 588, 589, 590, 591, 592, 593, 594, 595, 596, 597, 598, 599, 600, 601, 602, 603, 604, 605, 606, 607, 608, 609, 610, 611, 612, 613, 614, 615, 616, 617, 618, 619, 620, 621, 622, 623, 624, 625, 626, 627, 628, 629, 630, 631, 632, 633, 634, 635, 636, 637, 638, 639, 640, 641, 642, 643, 644, 645, 646, 647, 648, 649, 650, 651, 652, 653, 654, 655, 656, 657, 658, 659, 660, 661, 662, 663, 664, 665, 666, 667, 668, 669, 670, 671, 672, 673, 674, 675, 676, 677, 678, 679, 680, 681, 682, 683, 684, 685, 686, 687, 688, 689, 690, 691, 692, 693, 694, 695, 696, 697, 698, 699, 700, 701, 702, 703, 704, 705, 706, 707, 708, 709, 710, 711, 712, 713, 714, 715, 716, 717, 718, 719, 720, 721, 722, 723, 724, 725, 726, 727, 728, 729, 730, 731, 732, 733, 734, 735, 736, 737, 738, 739, 740, 741, 742, 743, 744, 745, 746, 747, 748, 749, 750, 751, 752, 753, 754, 755, 756, 757, 758, 759, 760, 761, 762, 763, 764, 765, 766, 767, 768, 769, 770, 771, 772, 773, 774, 775, 776, 777, 778, 779, 780, 781, 782, 783, 784, 785, 786, 787, 788, 789, 790, 791, 792, 793]","[164, 289, 636, 748]","[164, 289, 636, 748]","[105, 114, 138, 141, 152, 153, 154, 155, 157, 159, 164, 165, 176, 182, 191, 192, 194, 195, 196, 200, 204, 208, 209, 210, 211, 215, 226, 228, 241, 242, 243, 245, 248, 249, 250, 257, 261, 270, 271, 282, 287, 289, 291, 294, 296, 298, 306, 308, 309, 311, 314, 327, 333, 335, 337, 576, 585, 609, 612, 623, 624, 626, 627, 629, 631, 636, 637, 647, 653, 662, 663, 665, 666, 667, 671, 674, 678, 679, 680, 681, 690, 692, 705, 706, 707, 709, 711, 712, 713, 719, 721, 729, 730, 741, 746, 748, 750, 753, 755, 757, 764, 766, 767, 769, 772, 785, 791]","[17, 18, 19, 20, 21, 22, 23, 156, 157, 158, 159, 160, 161, 162, 163, 164, 165, 166, 167, 168, 319, 340, 341, 342, 343, 344, 345, 346, 412, 413, 414, 415, 416, 417, 418, 419, 420, 421, 422, 424, 458, 502, 503, 504, 505, 506, 507, 628, 629, 630, 631, 632, 633, 634, 635, 636, 637, 638, 639, 777, 792, 796, 797, 798, 799, 800, 801, 863, 864, 865, 866, 867, 868, 869, 870, 871, 872, 873, 874, 876, 904, 905]","[17, 18, 19, 20, 21, 22, 23, 156, 157, 158, 159, 160, 161, 162, 163, 164, 165, 166, 167, 341, 342, 343, 344, 345, 412, 413, 414, 415, 416, 417, 418, 419, 420, 421, 422, 502, 503, 504, 505, 506, 507, 628, 629, 630, 631, 632, 633, 634, 635, 636, 637, 638, 639, 792, 797, 798, 799, 800, 801, 863, 864, 865, 866, 867, 868, 869, 870, 871, 872, 873, 874]",7/6 successful match,False,"[516, 517]",True,298,False,,0.7805825242718447,True,Flying 99 J Exit Travel 121 Plaza ( Manning # 616 Ave ),
"Frazier Park , 93243 Frazier Park Fuel Stop Ave )",4 661-248-6478 I-5 Exit 205 ( Frazier Park ),HRS 24 SOO O,Frazier Park,93243,Frazier Park Fuel Stop Ave ),661-248-6478,2006,Lebec,CA,,( Frazier Park ),I-5 Exit 205 ,Exit,205,False,,False,I-5,,,,,"[289, 748]","[164, 242, 289, 636, 706, 748]","[164, 289, 636, 748]","[164, 289, 636, 748]","[103, 104, 105, 106, 107, 108, 109, 110, 111, 112, 113, 114, 115, 116, 117, 118, 119, 120, 121, 122, 123, 124, 125, 126, 127, 128, 129, 130, 131, 132, 133, 134, 135, 136, 137, 138, 139, 140, 141, 142, 143, 144, 145, 146, 147, 148, 149, 150, 151, 152, 153, 154, 155, 156, 157, 158, 159, 160, 161, 162, 163, 164, 165, 166, 167, 168, 169, 170, 171, 172, 173, 174, 175, 176, 177, 178, 179, 180, 181, 182, 183, 184, 185, 186, 187, 188, 189, 190, 191, 192, 193, 194, 195, 196, 197, 198, 199, 200, 201, 202, 203, 204, 205, 206, 207, 208, 209, 210, 211, 212, 213, 214, 215, 216, 217, 218, 219, 220, 221, 222, 223, 224, 225, 226, 227, 228, 229, 230, 231, 232, 233, 234, 235, 236, 237, 238, 239, 240, 241, 242, 243, 244, 245, 246, 247, 248, 249, 250, 251, 252, 253, 254, 255, 256, 257, 258, 259, 260, 261, 262, 263, 264, 265, 266, 267, 268, 269, 270, 271, 272, 273, 274, 275, 276, 277, 278, 279, 280, 281, 282, 283, 284, 285, 286, 287, 288, 289, 290, 291, 292, 293, 294, 295, 296, 297, 298, 299, 300, 301, 302, 303, 304, 305, 306, 307, 308, 309, 310, 311, 312, 313, 314, 315, 316, 317, 318, 319, 320, 321, 322, 323, 324, 325, 326, 327, 328, 329, 330, 331, 332, 333, 334, 335, 336, 337, 574, 575, 576, 577, 578, 579, 580, 581, 582, 583, 584, 585, 586, 587, 588, 589, 590, 591, 592, 593, 594, 595, 596, 597, 598, 599, 600, 601, 602, 603, 604, 605, 606, 607, 608, 609, 610, 611, 612, 613, 614, 615, 616, 617, 618, 619, 620, 621, 622, 623, 624, 625, 626, 627, 628, 629, 630, 631, 632, 633, 634, 635, 636, 637, 638, 639, 640, 641, 642, 643, 644, 645, 646, 647, 648, 649, 650, 651, 652, 653, 654, 655, 656, 657, 658, 659, 660, 661, 662, 663, 664, 665, 666, 667, 668, 669, 670, 671, 672, 673, 674, 675, 676, 677, 678, 679, 680, 681, 682, 683, 684, 685, 686, 687, 688, 689, 690, 691, 692, 693, 694, 695, 696, 697, 698, 699, 700, 701, 702, 703, 704, 705, 706, 707, 708, 709, 710, 711, 712, 713, 714, 715, 716, 717, 718, 719, 720, 721, 722, 723, 724, 725, 726, 727, 728, 729, 730, 731, 732, 733, 734, 735, 736, 737, 738, 739, 740, 741, 742, 743, 744, 745, 746, 747, 748, 749, 750, 751, 752, 753, 754, 755, 756, 757, 758, 759, 760, 761, 762, 763, 764, 765, 766, 767, 768, 769, 770, 771, 772, 773, 774, 775, 776, 777, 778, 779, 780, 781, 782, 783, 784, 785, 786, 787, 788, 789, 790, 791, 792, 793]","[105, 114, 138, 141, 152, 153, 154, 155, 157, 159, 164, 165, 176, 182, 191, 192, 194, 195, 196, 200, 204, 208, 209, 210, 211, 215, 226, 228, 241, 242, 243, 245, 248, 249, 250, 257, 261, 270, 271, 282, 287, 289, 291, 294, 296, 298, 306, 308, 309, 311, 314, 327, 333, 335, 337, 576, 585, 609, 612, 623, 624, 626, 627, 629, 631, 636, 637, 647, 653, 662, 663, 665, 666, 667, 671, 674, 678, 679, 680, 681, 690, 692, 705, 706, 707, 709, 711, 712, 713, 719, 721, 729, 730, 741, 746, 748, 750, 753, 755, 757, 764, 766, 767, 769, 772, 785, 791]",[],"[319, 424, 458, 777, 876, 904, 905]","[103, 104, 105, 106, 107, 108, 109, 110, 111, 112, 113, 114, 115, 116, 117, 118, 119, 120, 121, 122, 123, 124, 125, 126, 127, 128, 129, 130, 131, 132, 133, 134, 135, 136, 137, 138, 139, 140, 141, 142, 143, 144, 145, 146, 147, 148, 149, 150, 151, 152, 153, 154, 155, 156, 157, 158, 159, 160, 161, 162, 163, 164, 165, 166, 167, 168, 169, 170, 171, 172, 173, 174, 175, 176, 177, 178, 179, 180, 181, 182, 183, 184, 185, 186, 187, 188, 189, 190, 191, 192, 193, 194, 195, 196, 197, 198, 199, 200, 201, 202, 203, 204, 205, 206, 207, 208, 209, 210, 211, 212, 213, 214, 215, 216, 217, 218, 219, 220, 221, 222, 223, 224, 225, 226, 227, 228, 229, 230, 231, 232, 233, 234, 235, 236, 237, 238, 239, 240, 241, 242, 243, 244, 245, 246, 247, 248, 249, 250, 251, 252, 253, 254, 255, 256, 257, 258, 259, 260, 261, 262, 263, 264, 265, 266, 267, 268, 269, 270, 271, 272, 273, 274, 275, 276, 277, 278, 279, 280, 281, 282, 283, 284, 285, 286, 287, 288, 289, 290, 291, 292, 293, 294, 295, 296, 297, 298, 299, 300, 301, 302, 303, 304, 305, 306, 307, 308, 309, 310, 311, 312, 313, 314, 315, 316, 317, 318, 319, 320, 321, 322, 323, 324, 325, 326, 327, 328, 329, 330, 331, 332, 333, 334, 335, 336, 337, 424, 458, 574, 575, 576, 577, 578, 579, 580, 581, 582, 583, 584, 585, 586, 587, 588, 589, 590, 591, 592, 593, 594, 595, 596, 597, 598, 599, 600, 601, 602, 603, 604, 605, 606, 607, 608, 609, 610, 611, 612, 613, 614, 615, 616, 617, 618, 619, 620, 621, 622, 623, 624, 625, 626, 627, 628, 629, 630, 631, 632, 633, 634, 635, 636, 637, 638, 639, 640, 641, 642, 643, 644, 645, 646, 647, 648, 649, 650, 651, 652, 653, 654, 655, 656, 657, 658, 659, 660, 661, 662, 663, 664, 665, 666, 667, 668, 669, 670, 671, 672, 673, 674, 675, 676, 677, 678, 679, 680, 681, 682, 683, 684, 685, 686, 687, 688, 689, 690, 691, 692, 693, 694, 695, 696, 697, 698, 699, 700, 701, 702, 703, 704, 705, 706, 707, 708, 709, 710, 711, 712, 713, 714, 715, 716, 717, 718, 719, 720, 721, 722, 723, 724, 725, 726, 727, 728, 729, 730, 731, 732, 733, 734, 735, 736, 737, 738, 739, 740, 741, 742, 743, 744, 745, 746, 747, 748, 749, 750, 751, 752, 753, 754, 755, 756, 757, 758, 759, 760, 761, 762, 763, 764, 765, 766, 767, 768, 769, 770, 771, 772, 773, 774, 775, 776, 777, 778, 779, 780, 781, 782, 783, 784, 785, 786, 787, 788, 789, 790, 791, 792, 793, 876, 904, 905]",True,"[164, 242, 289, 636, 706, 748]","[103, 104, 105, 106, 107, 108, 109, 110, 111, 112, 113, 114, 115, 116, 117, 118, 119, 120, 121, 122, 123, 124, 125, 126, 127, 128, 129, 130, 131, 132, 133, 134, 135, 136, 137, 138, 139, 140, 141, 142, 143, 144, 145, 146, 147, 148, 149, 150, 151, 152, 153, 154, 155, 156, 157, 158, 159, 160, 161, 162, 163, 164, 165, 166, 167, 168, 169, 170, 171, 172, 173, 174, 175, 176, 177, 178, 179, 180, 181, 182, 183, 184, 185, 186, 187, 188, 189, 190, 191, 192, 193, 194, 195, 196, 197, 198, 199, 200, 201, 202, 203, 204, 205, 206, 207, 208, 209, 210, 211, 212, 213, 214, 215, 216, 217, 218, 219, 220, 221, 222, 223, 224, 225, 226, 227, 228, 229, 230, 231, 232, 233, 234, 235, 236, 237, 238, 239, 240, 241, 242, 243, 244, 245, 246, 247, 248, 249, 250, 251, 252, 253, 254, 255, 256, 257, 258, 259, 260, 261, 262, 263, 264, 265, 266, 267, 268, 269, 270, 271, 272, 273, 274, 275, 276, 277, 278, 279, 280, 281, 282, 283, 284, 285, 286, 287, 288, 289, 290, 291, 292, 293, 294, 295, 296, 297, 298, 299, 300, 301, 302, 303, 304, 305, 306, 307, 308, 309, 310, 311, 312, 313, 314, 315, 316, 317, 318, 319, 320, 321, 322, 323, 324, 325, 326, 327, 328, 329, 330, 331, 332, 333, 334, 335, 336, 337, 574, 575, 576, 577, 578, 579, 580, 581, 582, 583, 584, 585, 586, 587, 588, 589, 590, 591, 592, 593, 594, 595, 596, 597, 598, 599, 600, 601, 602, 603, 604, 605, 606, 607, 608, 609, 610, 611, 612, 613, 614, 615, 616, 617, 618, 619, 620, 621, 622, 623, 624, 625, 626, 627, 628, 629, 630, 631, 632, 633, 634, 635, 636, 637, 638, 639, 640, 641, 642, 643, 644, 645, 646, 647, 648, 649, 650, 651, 652, 653, 654, 655, 656, 657, 658, 659, 660, 661, 662, 663, 664, 665, 666, 667, 668, 669, 670, 671, 672, 673, 674, 675, 676, 677, 678, 679, 680, 681, 682, 683, 684, 685, 686, 687, 688, 689, 690, 691, 692, 693, 694, 695, 696, 697, 698, 699, 700, 701, 702, 703, 704, 705, 706, 707, 708, 709, 710, 711, 712, 713, 714, 715, 716, 717, 718, 719, 720, 721, 722, 723, 724, 725, 726, 727, 728, 729, 730, 731, 732, 733, 734, 735, 736, 737, 738, 739, 740, 741, 742, 743, 744, 745, 746, 747, 748, 749, 750, 751, 752, 753, 754, 755, 756, 757, 758, 759, 760, 761, 762, 763, 764, 765, 766, 767, 768, 769, 770, 771, 772, 773, 774, 775, 776, 777, 778, 779, 780, 781, 782, 783, 784, 785, 786, 787, 788, 789, 790, 791, 792, 793]","[164, 289, 636, 748]","[164, 289, 636, 748]","[105, 114, 138, 141, 152, 153, 154, 155, 157, 159, 164, 165, 176, 182, 191, 192, 194, 195, 196, 200, 204, 208, 209, 210, 211, 215, 226, 228, 241, 242, 243, 245, 248, 249, 250, 257, 261, 270, 271, 282, 287, 289, 291, 294, 296, 298, 306, 308, 309, 311, 314, 327, 333, 335, 337, 576, 585, 609, 612, 623, 624, 626, 627, 629, 631, 636, 637, 647, 653, 662, 663, 665, 666, 667, 671, 674, 678, 679, 680, 681, 690, 692, 705, 706, 707, 709, 711, 712, 713, 719, 721, 729, 730, 741, 746, 748, 750, 753, 755, 757, 764, 766, 767, 769, 772, 785, 791]","[319, 424, 458, 777, 876, 904, 905]",[],5/6 successful match,True,"[235, 236]",True,299,False,,,,,
"Frazier Park , 93243 Frazier Park Chevron",661-248-6478 I-5 Exit 205 ( Frazier Park ),43 S <U+2610>,Frazier Park,93243,Frazier Park Chevron,661-248-6478,2007,Lebec,CA,Chevron,( Frazier Park ),I-5 Exit 205 ,Exit,205,False,,False,I-5,,,,,"[289, 748]","[164, 242, 289, 636, 706, 748]","[164, 289, 636, 748]","[164, 289, 636, 748]","[103, 104, 105, 106, 107, 108, 109, 110, 111, 112, 113, 114, 115, 116, 117, 118, 119, 120, 121, 122, 123, 124, 125, 126, 127, 128, 129, 130, 131, 132, 133, 134, 135, 136, 137, 138, 139, 140, 141, 142, 143, 144, 145, 146, 147, 148, 149, 150, 151, 152, 153, 154, 155, 156, 157, 158, 159, 160, 161, 162, 163, 164, 165, 166, 167, 168, 169, 170, 171, 172, 173, 174, 175, 176, 177, 178, 179, 180, 181, 182, 183, 184, 185, 186, 187, 188, 189, 190, 191, 192, 193, 194, 195, 196, 197, 198, 199, 200, 201, 202, 203, 204, 205, 206, 207, 208, 209, 210, 211, 212, 213, 214, 215, 216, 217, 218, 219, 220, 221, 222, 223, 224, 225, 226, 227, 228, 229, 230, 231, 232, 233, 234, 235, 236, 237, 238, 239, 240, 241, 242, 243, 244, 245, 246, 247, 248, 249, 250, 251, 252, 253, 254, 255, 256, 257, 258, 259, 260, 261, 262, 263, 264, 265, 266, 267, 268, 269, 270, 271, 272, 273, 274, 275, 276, 277, 278, 279, 280, 281, 282, 283, 284, 285, 286, 287, 288, 289, 290, 291, 292, 293, 294, 295, 296, 297, 298, 299, 300, 301, 302, 303, 304, 305, 306, 307, 308, 309, 310, 311, 312, 313, 314, 315, 316, 317, 318, 319, 320, 321, 322, 323, 324, 325, 326, 327, 328, 329, 330, 331, 332, 333, 334, 335, 336, 337, 574, 575, 576, 577, 578, 579, 580, 581, 582, 583, 584, 585, 586, 587, 588, 589, 590, 591, 592, 593, 594, 595, 596, 597, 598, 599, 600, 601, 602, 603, 604, 605, 606, 607, 608, 609, 610, 611, 612, 613, 614, 615, 616, 617, 618, 619, 620, 621, 622, 623, 624, 625, 626, 627, 628, 629, 630, 631, 632, 633, 634, 635, 636, 637, 638, 639, 640, 641, 642, 643, 644, 645, 646, 647, 648, 649, 650, 651, 652, 653, 654, 655, 656, 657, 658, 659, 660, 661, 662, 663, 664, 665, 666, 667, 668, 669, 670, 671, 672, 673, 674, 675, 676, 677, 678, 679, 680, 681, 682, 683, 684, 685, 686, 687, 688, 689, 690, 691, 692, 693, 694, 695, 696, 697, 698, 699, 700, 701, 702, 703, 704, 705, 706, 707, 708, 709, 710, 711, 712, 713, 714, 715, 716, 717, 718, 719, 720, 721, 722, 723, 724, 725, 726, 727, 728, 729, 730, 731, 732, 733, 734, 735, 736, 737, 738, 739, 740, 741, 742, 743, 744, 745, 746, 747, 748, 749, 750, 751, 752, 753, 754, 755, 756, 757, 758, 759, 760, 761, 762, 763, 764, 765, 766, 767, 768, 769, 770, 771, 772, 773, 774, 775, 776, 777, 778, 779, 780, 781, 782, 783, 784, 785, 786, 787, 788, 789, 790, 791, 792, 793]","[105, 114, 138, 141, 152, 153, 154, 155, 157, 159, 164, 165, 176, 182, 191, 192, 194, 195, 196, 200, 204, 208, 209, 210, 211, 215, 226, 228, 241, 242, 243, 245, 248, 249, 250, 257, 261, 270, 271, 282, 287, 289, 291, 294, 296, 298, 306, 308, 309, 311, 314, 327, 333, 335, 337, 576, 585, 609, 612, 623, 624, 626, 627, 629, 631, 636, 637, 647, 653, 662, 663, 665, 666, 667, 671, 674, 678, 679, 680, 681, 690, 692, 705, 706, 707, 709, 711, 712, 713, 719, 721, 729, 730, 741, 746, 748, 750, 753, 755, 757, 764, 766, 767, 769, 772, 785, 791]","[12, 24, 25, 28, 88, 100, 104, 119, 123, 129, 136, 137, 139, 140, 141, 148, 155, 169, 172, 179, 183, 185, 188, 196, 198, 217, 237, 267, 270, 278, 319, 321, 324, 325, 330, 334, 335, 354, 366, 369, 380, 383, 384, 386, 395, 407, 411, 423, 428, 436, 437, 452, 453, 456, 467, 471, 477, 478, 479, 497, 508, 511, 559, 571, 575, 590, 594, 600, 607, 608, 610, 611, 612, 619, 627, 640, 643, 650, 654, 656, 659, 667, 669, 685, 701, 726, 729, 737, 777, 779, 782, 783, 787, 790, 791, 809, 817, 819, 830, 833, 834, 836, 845, 856, 857, 860, 862, 875, 880, 887, 888, 899, 900, 914, 918, 921, 928, 929, 930]","[12, 24, 25, 28, 88, 100, 104, 119, 123, 129, 136, 137, 139, 140, 141, 148, 155, 169, 172, 179, 183, 185, 188, 196, 198, 217, 237, 267, 270, 278, 319, 321, 324, 325, 330, 334, 335, 354, 366, 369, 380, 383, 384, 386, 395, 407, 411, 423, 424, 428, 436, 437, 452, 453, 456, 458, 467, 471, 477, 478, 479, 497, 508, 511, 559, 571, 575, 590, 594, 600, 607, 608, 610, 611, 612, 619, 627, 640, 643, 650, 654, 656, 659, 667, 669, 685, 701, 726, 729, 737, 777, 779, 782, 783, 787, 790, 791, 809, 817, 819, 830, 833, 834, 836, 845, 856, 857, 860, 862, 875, 876, 880, 887, 888, 899, 900, 904, 905, 914, 918, 921, 928, 929, 930]","[12, 24, 25, 28, 88, 100, 103, 104, 105, 106, 107, 108, 109, 110, 111, 112, 113, 114, 115, 116, 117, 118, 119, 120, 121, 122, 123, 124, 125, 126, 127, 128, 129, 130, 131, 132, 133, 134, 135, 136, 137, 138, 139, 140, 141, 142, 143, 144, 145, 146, 147, 148, 149, 150, 151, 152, 153, 154, 155, 156, 157, 158, 159, 160, 161, 162, 163, 164, 165, 166, 167, 168, 169, 170, 171, 172, 173, 174, 175, 176, 177, 178, 179, 180, 181, 182, 183, 184, 185, 186, 187, 188, 189, 190, 191, 192, 193, 194, 195, 196, 197, 198, 199, 200, 201, 202, 203, 204, 205, 206, 207, 208, 209, 210, 211, 212, 213, 214, 215, 216, 217, 218, 219, 220, 221, 222, 223, 224, 225, 226, 227, 228, 229, 230, 231, 232, 233, 234, 235, 236, 237, 238, 239, 240, 241, 242, 243, 244, 245, 246, 247, 248, 249, 250, 251, 252, 253, 254, 255, 256, 257, 258, 259, 260, 261, 262, 263, 264, 265, 266, 267, 268, 269, 270, 271, 272, 273, 274, 275, 276, 277, 278, 279, 280, 281, 282, 283, 284, 285, 286, 287, 288, 289, 290, 291, 292, 293, 294, 295, 296, 297, 298, 299, 300, 301, 302, 303, 304, 305, 306, 307, 308, 309, 310, 311, 312, 313, 314, 315, 316, 317, 318, 319, 320, 321, 322, 323, 324, 325, 326, 327, 328, 329, 330, 331, 332, 333, 334, 335, 336, 337, 354, 366, 369, 380, 383, 384, 386, 395, 407, 411, 423, 424, 428, 436, 437, 452, 453, 456, 458, 467, 471, 477, 478, 479, 497, 508, 511, 559, 571, 574, 575, 576, 577, 578, 579, 580, 581, 582, 583, 584, 585, 586, 587, 588, 589, 590, 591, 592, 593, 594, 595, 596, 597, 598, 599, 600, 601, 602, 603, 604, 605, 606, 607, 608, 609, 610, 611, 612, 613, 614, 615, 616, 617, 618, 619, 620, 621, 622, 623, 624, 625, 626, 627, 628, 629, 630, 631, 632, 633, 634, 635, 636, 637, 638, 639, 640, 641, 642, 643, 644, 645, 646, 647, 648, 649, 650, 651, 652, 653, 654, 655, 656, 657, 658, 659, 660, 661, 662, 663, 664, 665, 666, 667, 668, 669, 670, 671, 672, 673, 674, 675, 676, 677, 678, 679, 680, 681, 682, 683, 684, 685, 686, 687, 688, 689, 690, 691, 692, 693, 694, 695, 696, 697, 698, 699, 700, 701, 702, 703, 704, 705, 706, 707, 708, 709, 710, 711, 712, 713, 714, 715, 716, 717, 718, 719, 720, 721, 722, 723, 724, 725, 726, 727, 728, 729, 730, 731, 732, 733, 734, 735, 736, 737, 738, 739, 740, 741, 742, 743, 744, 745, 746, 747, 748, 749, 750, 751, 752, 753, 754, 755, 756, 757, 758, 759, 760, 761, 762, 763, 764, 765, 766, 767, 768, 769, 770, 771, 772, 773, 774, 775, 776, 777, 778, 779, 780, 781, 782, 783, 784, 785, 786, 787, 788, 789, 790, 791, 792, 793, 809, 817, 819, 830, 833, 834, 836, 845, 856, 857, 860, 862, 875, 876, 880, 887, 888, 899, 900, 904, 905, 914, 918, 921, 928, 929, 930]",True,"[164, 242, 289, 636, 706, 748]","[103, 104, 105, 106, 107, 108, 109, 110, 111, 112, 113, 114, 115, 116, 117, 118, 119, 120, 121, 122, 123, 124, 125, 126, 127, 128, 129, 130, 131, 132, 133, 134, 135, 136, 137, 138, 139, 140, 141, 142, 143, 144, 145, 146, 147, 148, 149, 150, 151, 152, 153, 154, 155, 156, 157, 158, 159, 160, 161, 162, 163, 164, 165, 166, 167, 168, 169, 170, 171, 172, 173, 174, 175, 176, 177, 178, 179, 180, 181, 182, 183, 184, 185, 186, 187, 188, 189, 190, 191, 192, 193, 194, 195, 196, 197, 198, 199, 200, 201, 202, 203, 204, 205, 206, 207, 208, 209, 210, 211, 212, 213, 214, 215, 216, 217, 218, 219, 220, 221, 222, 223, 224, 225, 226, 227, 228, 229, 230, 231, 232, 233, 234, 235, 236, 237, 238, 239, 240, 241, 242, 243, 244, 245, 246, 247, 248, 249, 250, 251, 252, 253, 254, 255, 256, 257, 258, 259, 260, 261, 262, 263, 264, 265, 266, 267, 268, 269, 270, 271, 272, 273, 274, 275, 276, 277, 278, 279, 280, 281, 282, 283, 284, 285, 286, 287, 288, 289, 290, 291, 292, 293, 294, 295, 296, 297, 298, 299, 300, 301, 302, 303, 304, 305, 306, 307, 308, 309, 310, 311, 312, 313, 314, 315, 316, 317, 318, 319, 320, 321, 322, 323, 324, 325, 326, 327, 328, 329, 330, 331, 332, 333, 334, 335, 336, 337, 574, 575, 576, 577, 578, 579, 580, 581, 582, 583, 584, 585, 586, 587, 588, 589, 590, 591, 592, 593, 594, 595, 596, 597, 598, 599, 600, 601, 602, 603, 604, 605, 606, 607, 608, 609, 610, 611, 612, 613, 614, 615, 616, 617, 618, 619, 620, 621, 622, 623, 624, 625, 626, 627, 628, 629, 630, 631, 632, 633, 634, 635, 636, 637, 638, 639, 640, 641, 642, 643, 644, 645, 646, 647, 648, 649, 650, 651, 652, 653, 654, 655, 656, 657, 658, 659, 660, 661, 662, 663, 664, 665, 666, 667, 668, 669, 670, 671, 672, 673, 674, 675, 676, 677, 678, 679, 680, 681, 682, 683, 684, 685, 686, 687, 688, 689, 690, 691, 692, 693, 694, 695, 696, 697, 698, 699, 700, 701, 702, 703, 704, 705, 706, 707, 708, 709, 710, 711, 712, 713, 714, 715, 716, 717, 718, 719, 720, 721, 722, 723, 724, 725, 726, 727, 728, 729, 730, 731, 732, 733, 734, 735, 736, 737, 738, 739, 740, 741, 742, 743, 744, 745, 746, 747, 748, 749, 750, 751, 752, 753, 754, 755, 756, 757, 758, 759, 760, 761, 762, 763, 764, 765, 766, 767, 768, 769, 770, 771, 772, 773, 774, 775, 776, 777, 778, 779, 780, 781, 782, 783, 784, 785, 786, 787, 788, 789, 790, 791, 792, 793]","[164, 289, 636, 748]","[164, 289, 636, 748]","[105, 114, 138, 141, 152, 153, 154, 155, 157, 159, 164, 165, 176, 182, 191, 192, 194, 195, 196, 200, 204, 208, 209, 210, 211, 215, 226, 228, 241, 242, 243, 245, 248, 249, 250, 257, 261, 270, 271, 282, 287, 289, 291, 294, 296, 298, 306, 308, 309, 311, 314, 327, 333, 335, 337, 576, 585, 609, 612, 623, 624, 626, 627, 629, 631, 636, 637, 647, 653, 662, 663, 665, 666, 667, 671, 674, 678, 679, 680, 681, 690, 692, 705, 706, 707, 709, 711, 712, 713, 719, 721, 729, 730, 741, 746, 748, 750, 753, 755, 757, 764, 766, 767, 769, 772, 785, 791]","[12, 24, 25, 28, 88, 100, 104, 119, 123, 129, 136, 137, 139, 140, 141, 148, 155, 169, 172, 179, 183, 185, 188, 196, 198, 217, 237, 267, 270, 278, 319, 321, 324, 325, 330, 334, 335, 354, 366, 369, 380, 383, 384, 386, 395, 407, 411, 423, 424, 428, 436, 437, 452, 453, 456, 458, 467, 471, 477, 478, 479, 497, 508, 511, 559, 571, 575, 590, 594, 600, 607, 608, 610, 611, 612, 619, 627, 640, 643, 650, 654, 656, 659, 667, 669, 685, 701, 726, 729, 737, 777, 779, 782, 783, 787, 790, 791, 809, 817, 819, 830, 833, 834, 836, 845, 856, 857, 860, 862, 875, 876, 880, 887, 888, 899, 900, 904, 905, 914, 918, 921, 928, 929, 930]","[12, 24, 25, 28, 88, 100, 104, 119, 123, 129, 136, 137, 139, 140, 141, 148, 155, 169, 172, 179, 183, 185, 188, 196, 198, 217, 237, 267, 270, 278, 319, 321, 324, 325, 330, 334, 335, 354, 366, 369, 380, 383, 384, 386, 395, 407, 411, 423, 428, 436, 437, 452, 453, 456, 467, 471, 477, 478, 479, 497, 508, 511, 559, 571, 575, 590, 594, 600, 607, 608, 610, 611, 612, 619, 627, 640, 643, 650, 654, 656, 659, 667, 669, 685, 701, 726, 729, 737, 777, 779, 782, 783, 787, 790, 791, 809, 817, 819, 830, 833, 834, 836, 845, 856, 857, 860, 862, 875, 880, 887, 888, 899, 900, 914, 918, 921, 928, 929, 930]",5/6 successful match,True,"[235, 236]",True,299,False,,1.0,True,Frazier Park Fuel Stop Ave ),
"Frazier Park , 93243 Frazier Park Chevron",4 661-248-6478 I-5 Exit 205 ( Frazier Park ),HRS 24 S <U+2610>,Frazier Park,93243,Frazier Park Chevron,661-248-6478,2008,Lebec,CA,Chevron,( Frazier Park ),I-5 Exit 205 ,Exit,205,False,,False,I-5,,,,,"[289, 748]","[164, 242, 289, 636, 706, 748]","[164, 289, 636, 748]","[164, 289, 636, 748]","[103, 104, 105, 106, 107, 108, 109, 110, 111, 112, 113, 114, 115, 116, 117, 118, 119, 120, 121, 122, 123, 124, 125, 126, 127, 128, 129, 130, 131, 132, 133, 134, 135, 136, 137, 138, 139, 140, 141, 142, 143, 144, 145, 146, 147, 148, 149, 150, 151, 152, 153, 154, 155, 156, 157, 158, 159, 160, 161, 162, 163, 164, 165, 166, 167, 168, 169, 170, 171, 172, 173, 174, 175, 176, 177, 178, 179, 180, 181, 182, 183, 184, 185, 186, 187, 188, 189, 190, 191, 192, 193, 194, 195, 196, 197, 198, 199, 200, 201, 202, 203, 204, 205, 206, 207, 208, 209, 210, 211, 212, 213, 214, 215, 216, 217, 218, 219, 220, 221, 222, 223, 224, 225, 226, 227, 228, 229, 230, 231, 232, 233, 234, 235, 236, 237, 238, 239, 240, 241, 242, 243, 244, 245, 246, 247, 248, 249, 250, 251, 252, 253, 254, 255, 256, 257, 258, 259, 260, 261, 262, 263, 264, 265, 266, 267, 268, 269, 270, 271, 272, 273, 274, 275, 276, 277, 278, 279, 280, 281, 282, 283, 284, 285, 286, 287, 288, 289, 290, 291, 292, 293, 294, 295, 296, 297, 298, 299, 300, 301, 302, 303, 304, 305, 306, 307, 308, 309, 310, 311, 312, 313, 314, 315, 316, 317, 318, 319, 320, 321, 322, 323, 324, 325, 326, 327, 328, 329, 330, 331, 332, 333, 334, 335, 336, 337, 574, 575, 576, 577, 578, 579, 580, 581, 582, 583, 584, 585, 586, 587, 588, 589, 590, 591, 592, 593, 594, 595, 596, 597, 598, 599, 600, 601, 602, 603, 604, 605, 606, 607, 608, 609, 610, 611, 612, 613, 614, 615, 616, 617, 618, 619, 620, 621, 622, 623, 624, 625, 626, 627, 628, 629, 630, 631, 632, 633, 634, 635, 636, 637, 638, 639, 640, 641, 642, 643, 644, 645, 646, 647, 648, 649, 650, 651, 652, 653, 654, 655, 656, 657, 658, 659, 660, 661, 662, 663, 664, 665, 666, 667, 668, 669, 670, 671, 672, 673, 674, 675, 676, 677, 678, 679, 680, 681, 682, 683, 684, 685, 686, 687, 688, 689, 690, 691, 692, 693, 694, 695, 696, 697, 698, 699, 700, 701, 702, 703, 704, 705, 706, 707, 708, 709, 710, 711, 712, 713, 714, 715, 716, 717, 718, 719, 720, 721, 722, 723, 724, 725, 726, 727, 728, 729, 730, 731, 732, 733, 734, 735, 736, 737, 738, 739, 740, 741, 742, 743, 744, 745, 746, 747, 748, 749, 750, 751, 752, 753, 754, 755, 756, 757, 758, 759, 760, 761, 762, 763, 764, 765, 766, 767, 768, 769, 770, 771, 772, 773, 774, 775, 776, 777, 778, 779, 780, 781, 782, 783, 784, 785, 786, 787, 788, 789, 790, 791, 792, 793]","[105, 114, 138, 141, 152, 153, 154, 155, 157, 159, 164, 165, 176, 182, 191, 192, 194, 195, 196, 200, 204, 208, 209, 210, 211, 215, 226, 228, 241, 242, 243, 245, 248, 249, 250, 257, 261, 270, 271, 282, 287, 289, 291, 294, 296, 298, 306, 308, 309, 311, 314, 327, 333, 335, 337, 576, 585, 609, 612, 623, 624, 626, 627, 629, 631, 636, 637, 647, 653, 662, 663, 665, 666, 667, 671, 674, 678, 679, 680, 681, 690, 692, 705, 706, 707, 709, 711, 712, 713, 719, 721, 729, 730, 741, 746, 748, 750, 753, 755, 757, 764, 766, 767, 769, 772, 785, 791]","[12, 24, 25, 28, 88, 100, 104, 119, 123, 129, 136, 137, 139, 140, 141, 148, 155, 169, 172, 179, 183, 185, 188, 196, 198, 217, 237, 267, 270, 278, 319, 321, 324, 325, 330, 334, 335, 354, 366, 369, 380, 383, 384, 386, 395, 407, 411, 423, 428, 436, 437, 452, 453, 456, 467, 471, 477, 478, 479, 497, 508, 511, 559, 571, 575, 590, 594, 600, 607, 608, 610, 611, 612, 619, 627, 640, 643, 650, 654, 656, 659, 667, 669, 685, 701, 726, 729, 737, 777, 779, 782, 783, 787, 790, 791, 809, 817, 819, 830, 833, 834, 836, 845, 856, 857, 860, 862, 875, 880, 887, 888, 899, 900, 914, 918, 921, 928, 929, 930]","[12, 24, 25, 28, 88, 100, 104, 119, 123, 129, 136, 137, 139, 140, 141, 148, 155, 169, 172, 179, 183, 185, 188, 196, 198, 217, 237, 267, 270, 278, 319, 321, 324, 325, 330, 334, 335, 354, 366, 369, 380, 383, 384, 386, 395, 407, 411, 423, 424, 428, 436, 437, 452, 453, 456, 458, 467, 471, 477, 478, 479, 497, 508, 511, 559, 571, 575, 590, 594, 600, 607, 608, 610, 611, 612, 619, 627, 640, 643, 650, 654, 656, 659, 667, 669, 685, 701, 726, 729, 737, 777, 779, 782, 783, 787, 790, 791, 809, 817, 819, 830, 833, 834, 836, 845, 856, 857, 860, 862, 875, 876, 880, 887, 888, 899, 900, 904, 905, 914, 918, 921, 928, 929, 930]","[12, 24, 25, 28, 88, 100, 103, 104, 105, 106, 107, 108, 109, 110, 111, 112, 113, 114, 115, 116, 117, 118, 119, 120, 121, 122, 123, 124, 125, 126, 127, 128, 129, 130, 131, 132, 133, 134, 135, 136, 137, 138, 139, 140, 141, 142, 143, 144, 145, 146, 147, 148, 149, 150, 151, 152, 153, 154, 155, 156, 157, 158, 159, 160, 161, 162, 163, 164, 165, 166, 167, 168, 169, 170, 171, 172, 173, 174, 175, 176, 177, 178, 179, 180, 181, 182, 183, 184, 185, 186, 187, 188, 189, 190, 191, 192, 193, 194, 195, 196, 197, 198, 199, 200, 201, 202, 203, 204, 205, 206, 207, 208, 209, 210, 211, 212, 213, 214, 215, 216, 217, 218, 219, 220, 221, 222, 223, 224, 225, 226, 227, 228, 229, 230, 231, 232, 233, 234, 235, 236, 237, 238, 239, 240, 241, 242, 243, 244, 245, 246, 247, 248, 249, 250, 251, 252, 253, 254, 255, 256, 257, 258, 259, 260, 261, 262, 263, 264, 265, 266, 267, 268, 269, 270, 271, 272, 273, 274, 275, 276, 277, 278, 279, 280, 281, 282, 283, 284, 285, 286, 287, 288, 289, 290, 291, 292, 293, 294, 295, 296, 297, 298, 299, 300, 301, 302, 303, 304, 305, 306, 307, 308, 309, 310, 311, 312, 313, 314, 315, 316, 317, 318, 319, 320, 321, 322, 323, 324, 325, 326, 327, 328, 329, 330, 331, 332, 333, 334, 335, 336, 337, 354, 366, 369, 380, 383, 384, 386, 395, 407, 411, 423, 424, 428, 436, 437, 452, 453, 456, 458, 467, 471, 477, 478, 479, 497, 508, 511, 559, 571, 574, 575, 576, 577, 578, 579, 580, 581, 582, 583, 584, 585, 586, 587, 588, 589, 590, 591, 592, 593, 594, 595, 596, 597, 598, 599, 600, 601, 602, 603, 604, 605, 606, 607, 608, 609, 610, 611, 612, 613, 614, 615, 616, 617, 618, 619, 620, 621, 622, 623, 624, 625, 626, 627, 628, 629, 630, 631, 632, 633, 634, 635, 636, 637, 638, 639, 640, 641, 642, 643, 644, 645, 646, 647, 648, 649, 650, 651, 652, 653, 654, 655, 656, 657, 658, 659, 660, 661, 662, 663, 664, 665, 666, 667, 668, 669, 670, 671, 672, 673, 674, 675, 676, 677, 678, 679, 680, 681, 682, 683, 684, 685, 686, 687, 688, 689, 690, 691, 692, 693, 694, 695, 696, 697, 698, 699, 700, 701, 702, 703, 704, 705, 706, 707, 708, 709, 710, 711, 712, 713, 714, 715, 716, 717, 718, 719, 720, 721, 722, 723, 724, 725, 726, 727, 728, 729, 730, 731, 732, 733, 734, 735, 736, 737, 738, 739, 740, 741, 742, 743, 744, 745, 746, 747, 748, 749, 750, 751, 752, 753, 754, 755, 756, 757, 758, 759, 760, 761, 762, 763, 764, 765, 766, 767, 768, 769, 770, 771, 772, 773, 774, 775, 776, 777, 778, 779, 780, 781, 782, 783, 784, 785, 786, 787, 788, 789, 790, 791, 792, 793, 809, 817, 819, 830, 833, 834, 836, 845, 856, 857, 860, 862, 875, 876, 880, 887, 888, 899, 900, 904, 905, 914, 918, 921, 928, 929, 930]",True,"[164, 242, 289, 636, 706, 748]","[103, 104, 105, 106, 107, 108, 109, 110, 111, 112, 113, 114, 115, 116, 117, 118, 119, 120, 121, 122, 123, 124, 125, 126, 127, 128, 129, 130, 131, 132, 133, 134, 135, 136, 137, 138, 139, 140, 141, 142, 143, 144, 145, 146, 147, 148, 149, 150, 151, 152, 153, 154, 155, 156, 157, 158, 159, 160, 161, 162, 163, 164, 165, 166, 167, 168, 169, 170, 171, 172, 173, 174, 175, 176, 177, 178, 179, 180, 181, 182, 183, 184, 185, 186, 187, 188, 189, 190, 191, 192, 193, 194, 195, 196, 197, 198, 199, 200, 201, 202, 203, 204, 205, 206, 207, 208, 209, 210, 211, 212, 213, 214, 215, 216, 217, 218, 219, 220, 221, 222, 223, 224, 225, 226, 227, 228, 229, 230, 231, 232, 233, 234, 235, 236, 237, 238, 239, 240, 241, 242, 243, 244, 245, 246, 247, 248, 249, 250, 251, 252, 253, 254, 255, 256, 257, 258, 259, 260, 261, 262, 263, 264, 265, 266, 267, 268, 269, 270, 271, 272, 273, 274, 275, 276, 277, 278, 279, 280, 281, 282, 283, 284, 285, 286, 287, 288, 289, 290, 291, 292, 293, 294, 295, 296, 297, 298, 299, 300, 301, 302, 303, 304, 305, 306, 307, 308, 309, 310, 311, 312, 313, 314, 315, 316, 317, 318, 319, 320, 321, 322, 323, 324, 325, 326, 327, 328, 329, 330, 331, 332, 333, 334, 335, 336, 337, 574, 575, 576, 577, 578, 579, 580, 581, 582, 583, 584, 585, 586, 587, 588, 589, 590, 591, 592, 593, 594, 595, 596, 597, 598, 599, 600, 601, 602, 603, 604, 605, 606, 607, 608, 609, 610, 611, 612, 613, 614, 615, 616, 617, 618, 619, 620, 621, 622, 623, 624, 625, 626, 627, 628, 629, 630, 631, 632, 633, 634, 635, 636, 637, 638, 639, 640, 641, 642, 643, 644, 645, 646, 647, 648, 649, 650, 651, 652, 653, 654, 655, 656, 657, 658, 659, 660, 661, 662, 663, 664, 665, 666, 667, 668, 669, 670, 671, 672, 673, 674, 675, 676, 677, 678, 679, 680, 681, 682, 683, 684, 685, 686, 687, 688, 689, 690, 691, 692, 693, 694, 695, 696, 697, 698, 699, 700, 701, 702, 703, 704, 705, 706, 707, 708, 709, 710, 711, 712, 713, 714, 715, 716, 717, 718, 719, 720, 721, 722, 723, 724, 725, 726, 727, 728, 729, 730, 731, 732, 733, 734, 735, 736, 737, 738, 739, 740, 741, 742, 743, 744, 745, 746, 747, 748, 749, 750, 751, 752, 753, 754, 755, 756, 757, 758, 759, 760, 761, 762, 763, 764, 765, 766, 767, 768, 769, 770, 771, 772, 773, 774, 775, 776, 777, 778, 779, 780, 781, 782, 783, 784, 785, 786, 787, 788, 789, 790, 791, 792, 793]","[164, 289, 636, 748]","[164, 289, 636, 748]","[105, 114, 138, 141, 152, 153, 154, 155, 157, 159, 164, 165, 176, 182, 191, 192, 194, 195, 196, 200, 204, 208, 209, 210, 211, 215, 226, 228, 241, 242, 243, 245, 248, 249, 250, 257, 261, 270, 271, 282, 287, 289, 291, 294, 296, 298, 306, 308, 309, 311, 314, 327, 333, 335, 337, 576, 585, 609, 612, 623, 624, 626, 627, 629, 631, 636, 637, 647, 653, 662, 663, 665, 666, 667, 671, 674, 678, 679, 680, 681, 690, 692, 705, 706, 707, 709, 711, 712, 713, 719, 721, 729, 730, 741, 746, 748, 750, 753, 755, 757, 764, 766, 767, 769, 772, 785, 791]","[12, 24, 25, 28, 88, 100, 104, 119, 123, 129, 136, 137, 139, 140, 141, 148, 155, 169, 172, 179, 183, 185, 188, 196, 198, 217, 237, 267, 270, 278, 319, 321, 324, 325, 330, 334, 335, 354, 366, 369, 380, 383, 384, 386, 395, 407, 411, 423, 424, 428, 436, 437, 452, 453, 456, 458, 467, 471, 477, 478, 479, 497, 508, 511, 559, 571, 575, 590, 594, 600, 607, 608, 610, 611, 612, 619, 627, 640, 643, 650, 654, 656, 659, 667, 669, 685, 701, 726, 729, 737, 777, 779, 782, 783, 787, 790, 791, 809, 817, 819, 830, 833, 834, 836, 845, 856, 857, 860, 862, 875, 876, 880, 887, 888, 899, 900, 904, 905, 914, 918, 921, 928, 929, 930]","[12, 24, 25, 28, 88, 100, 104, 119, 123, 129, 136, 137, 139, 140, 141, 148, 155, 169, 172, 179, 183, 185, 188, 196, 198, 217, 237, 267, 270, 278, 319, 321, 324, 325, 330, 334, 335, 354, 366, 369, 380, 383, 384, 386, 395, 407, 411, 423, 428, 436, 437, 452, 453, 456, 467, 471, 477, 478, 479, 497, 508, 511, 559, 571, 575, 590, 594, 600, 607, 608, 610, 611, 612, 619, 627, 640, 643, 650, 654, 656, 659, 667, 669, 685, 701, 726, 729, 737, 777, 779, 782, 783, 787, 790, 791, 809, 817, 819, 830, 833, 834, 836, 845, 856, 857, 860, 862, 875, 880, 887, 888, 899, 900, 914, 918, 921, 928, 929, 930]",5/6 successful match,True,"[235, 236]",True,299,False,,1.0,True,Frazier Park Chevron,Chevron
Frazier Park ( 93243 ) Frazier Park Chevron,4 661-248-6478 I-5 Exit 205 ( Frazier Park ),24 <U+2610>,Frazier Park,93243,Frazier Park Chevron,661-248-6478,2014,Lebec,CA,Chevron,( Frazier Park ),I-5 Exit 205 ,Exit,205,False,,False,I-5,,,,,"[289, 748]","[164, 242, 289, 636, 706, 748]","[164, 289, 636, 748]","[164, 289, 636, 748]","[103, 104, 105, 106, 107, 108, 109, 110, 111, 112, 113, 114, 115, 116, 117, 118, 119, 120, 121, 122, 123, 124, 125, 126, 127, 128, 129, 130, 131, 132, 133, 134, 135, 136, 137, 138, 139, 140, 141, 142, 143, 144, 145, 146, 147, 148, 149, 150, 151, 152, 153, 154, 155, 156, 157, 158, 159, 160, 161, 162, 163, 164, 165, 166, 167, 168, 169, 170, 171, 172, 173, 174, 175, 176, 177, 178, 179, 180, 181, 182, 183, 184, 185, 186, 187, 188, 189, 190, 191, 192, 193, 194, 195, 196, 197, 198, 199, 200, 201, 202, 203, 204, 205, 206, 207, 208, 209, 210, 211, 212, 213, 214, 215, 216, 217, 218, 219, 220, 221, 222, 223, 224, 225, 226, 227, 228, 229, 230, 231, 232, 233, 234, 235, 236, 237, 238, 239, 240, 241, 242, 243, 244, 245, 246, 247, 248, 249, 250, 251, 252, 253, 254, 255, 256, 257, 258, 259, 260, 261, 262, 263, 264, 265, 266, 267, 268, 269, 270, 271, 272, 273, 274, 275, 276, 277, 278, 279, 280, 281, 282, 283, 284, 285, 286, 287, 288, 289, 290, 291, 292, 293, 294, 295, 296, 297, 298, 299, 300, 301, 302, 303, 304, 305, 306, 307, 308, 309, 310, 311, 312, 313, 314, 315, 316, 317, 318, 319, 320, 321, 322, 323, 324, 325, 326, 327, 328, 329, 330, 331, 332, 333, 334, 335, 336, 337, 574, 575, 576, 577, 578, 579, 580, 581, 582, 583, 584, 585, 586, 587, 588, 589, 590, 591, 592, 593, 594, 595, 596, 597, 598, 599, 600, 601, 602, 603, 604, 605, 606, 607, 608, 609, 610, 611, 612, 613, 614, 615, 616, 617, 618, 619, 620, 621, 622, 623, 624, 625, 626, 627, 628, 629, 630, 631, 632, 633, 634, 635, 636, 637, 638, 639, 640, 641, 642, 643, 644, 645, 646, 647, 648, 649, 650, 651, 652, 653, 654, 655, 656, 657, 658, 659, 660, 661, 662, 663, 664, 665, 666, 667, 668, 669, 670, 671, 672, 673, 674, 675, 676, 677, 678, 679, 680, 681, 682, 683, 684, 685, 686, 687, 688, 689, 690, 691, 692, 693, 694, 695, 696, 697, 698, 699, 700, 701, 702, 703, 704, 705, 706, 707, 708, 709, 710, 711, 712, 713, 714, 715, 716, 717, 718, 719, 720, 721, 722, 723, 724, 725, 726, 727, 728, 729, 730, 731, 732, 733, 734, 735, 736, 737, 738, 739, 740, 741, 742, 743, 744, 745, 746, 747, 748, 749, 750, 751, 752, 753, 754, 755, 756, 757, 758, 759, 760, 761, 762, 763, 764, 765, 766, 767, 768, 769, 770, 771, 772, 773, 774, 775, 776, 777, 778, 779, 780, 781, 782, 783, 784, 785, 786, 787, 788, 789, 790, 791, 792, 793]","[105, 114, 138, 141, 152, 153, 154, 155, 157, 159, 164, 165, 176, 182, 191, 192, 194, 195, 196, 200, 204, 208, 209, 210, 211, 215, 226, 228, 241, 242, 243, 245, 248, 249, 250, 257, 261, 270, 271, 282, 287, 289, 291, 294, 296, 298, 306, 308, 309, 311, 314, 327, 333, 335, 337, 576, 585, 609, 612, 623, 624, 626, 627, 629, 631, 636, 637, 647, 653, 662, 663, 665, 666, 667, 671, 674, 678, 679, 680, 681, 690, 692, 705, 706, 707, 709, 711, 712, 713, 719, 721, 729, 730, 741, 746, 748, 750, 753, 755, 757, 764, 766, 767, 769, 772, 785, 791]","[12, 24, 25, 28, 88, 100, 104, 119, 123, 129, 136, 137, 139, 140, 141, 148, 155, 169, 172, 179, 183, 185, 188, 196, 198, 217, 237, 267, 270, 278, 319, 321, 324, 325, 330, 334, 335, 354, 366, 369, 380, 383, 384, 386, 395, 407, 411, 423, 428, 436, 437, 452, 453, 456, 467, 471, 477, 478, 479, 497, 508, 511, 559, 571, 575, 590, 594, 600, 607, 608, 610, 611, 612, 619, 627, 640, 643, 650, 654, 656, 659, 667, 669, 685, 701, 726, 729, 737, 777, 779, 782, 783, 787, 790, 791, 809, 817, 819, 830, 833, 834, 836, 845, 856, 857, 860, 862, 875, 880, 887, 888, 899, 900, 914, 918, 921, 928, 929, 930]","[12, 24, 25, 28, 88, 100, 104, 119, 123, 129, 136, 137, 139, 140, 141, 148, 155, 169, 172, 179, 183, 185, 188, 196, 198, 217, 237, 267, 270, 278, 319, 321, 324, 325, 330, 334, 335, 354, 366, 369, 380, 383, 384, 386, 395, 407, 411, 423, 424, 428, 436, 437, 452, 453, 456, 458, 467, 471, 477, 478, 479, 497, 508, 511, 559, 571, 575, 590, 594, 600, 607, 608, 610, 611, 612, 619, 627, 640, 643, 650, 654, 656, 659, 667, 669, 685, 701, 726, 729, 737, 777, 779, 782, 783, 787, 790, 791, 809, 817, 819, 830, 833, 834, 836, 845, 856, 857, 860, 862, 875, 876, 880, 887, 888, 899, 900, 904, 905, 914, 918, 921, 928, 929, 930]","[12, 24, 25, 28, 88, 100, 103, 104, 105, 106, 107, 108, 109, 110, 111, 112, 113, 114, 115, 116, 117, 118, 119, 120, 121, 122, 123, 124, 125, 126, 127, 128, 129, 130, 131, 132, 133, 134, 135, 136, 137, 138, 139, 140, 141, 142, 143, 144, 145, 146, 147, 148, 149, 150, 151, 152, 153, 154, 155, 156, 157, 158, 159, 160, 161, 162, 163, 164, 165, 166, 167, 168, 169, 170, 171, 172, 173, 174, 175, 176, 177, 178, 179, 180, 181, 182, 183, 184, 185, 186, 187, 188, 189, 190, 191, 192, 193, 194, 195, 196, 197, 198, 199, 200, 201, 202, 203, 204, 205, 206, 207, 208, 209, 210, 211, 212, 213, 214, 215, 216, 217, 218, 219, 220, 221, 222, 223, 224, 225, 226, 227, 228, 229, 230, 231, 232, 233, 234, 235, 236, 237, 238, 239, 240, 241, 242, 243, 244, 245, 246, 247, 248, 249, 250, 251, 252, 253, 254, 255, 256, 257, 258, 259, 260, 261, 262, 263, 264, 265, 266, 267, 268, 269, 270, 271, 272, 273, 274, 275, 276, 277, 278, 279, 280, 281, 282, 283, 284, 285, 286, 287, 288, 289, 290, 291, 292, 293, 294, 295, 296, 297, 298, 299, 300, 301, 302, 303, 304, 305, 306, 307, 308, 309, 310, 311, 312, 313, 314, 315, 316, 317, 318, 319, 320, 321, 322, 323, 324, 325, 326, 327, 328, 329, 330, 331, 332, 333, 334, 335, 336, 337, 354, 366, 369, 380, 383, 384, 386, 395, 407, 411, 423, 424, 428, 436, 437, 452, 453, 456, 458, 467, 471, 477, 478, 479, 497, 508, 511, 559, 571, 574, 575, 576, 577, 578, 579, 580, 581, 582, 583, 584, 585, 586, 587, 588, 589, 590, 591, 592, 593, 594, 595, 596, 597, 598, 599, 600, 601, 602, 603, 604, 605, 606, 607, 608, 609, 610, 611, 612, 613, 614, 615, 616, 617, 618, 619, 620, 621, 622, 623, 624, 625, 626, 627, 628, 629, 630, 631, 632, 633, 634, 635, 636, 637, 638, 639, 640, 641, 642, 643, 644, 645, 646, 647, 648, 649, 650, 651, 652, 653, 654, 655, 656, 657, 658, 659, 660, 661, 662, 663, 664, 665, 666, 667, 668, 669, 670, 671, 672, 673, 674, 675, 676, 677, 678, 679, 680, 681, 682, 683, 684, 685, 686, 687, 688, 689, 690, 691, 692, 693, 694, 695, 696, 697, 698, 699, 700, 701, 702, 703, 704, 705, 706, 707, 708, 709, 710, 711, 712, 713, 714, 715, 716, 717, 718, 719, 720, 721, 722, 723, 724, 725, 726, 727, 728, 729, 730, 731, 732, 733, 734, 735, 736, 737, 738, 739, 740, 741, 742, 743, 744, 745, 746, 747, 748, 749, 750, 751, 752, 753, 754, 755, 756, 757, 758, 759, 760, 761, 762, 763, 764, 765, 766, 767, 768, 769, 770, 771, 772, 773, 774, 775, 776, 777, 778, 779, 780, 781, 782, 783, 784, 785, 786, 787, 788, 789, 790, 791, 792, 793, 809, 817, 819, 830, 833, 834, 836, 845, 856, 857, 860, 862, 875, 876, 880, 887, 888, 899, 900, 904, 905, 914, 918, 921, 928, 929, 930]",True,"[164, 242, 289, 636, 706, 748]","[103, 104, 105, 106, 107, 108, 109, 110, 111, 112, 113, 114, 115, 116, 117, 118, 119, 120, 121, 122, 123, 124, 125, 126, 127, 128, 129, 130, 131, 132, 133, 134, 135, 136, 137, 138, 139, 140, 141, 142, 143, 144, 145, 146, 147, 148, 149, 150, 151, 152, 153, 154, 155, 156, 157, 158, 159, 160, 161, 162, 163, 164, 165, 166, 167, 168, 169, 170, 171, 172, 173, 174, 175, 176, 177, 178, 179, 180, 181, 182, 183, 184, 185, 186, 187, 188, 189, 190, 191, 192, 193, 194, 195, 196, 197, 198, 199, 200, 201, 202, 203, 204, 205, 206, 207, 208, 209, 210, 211, 212, 213, 214, 215, 216, 217, 218, 219, 220, 221, 222, 223, 224, 225, 226, 227, 228, 229, 230, 231, 232, 233, 234, 235, 236, 237, 238, 239, 240, 241, 242, 243, 244, 245, 246, 247, 248, 249, 250, 251, 252, 253, 254, 255, 256, 257, 258, 259, 260, 261, 262, 263, 264, 265, 266, 267, 268, 269, 270, 271, 272, 273, 274, 275, 276, 277, 278, 279, 280, 281, 282, 283, 284, 285, 286, 287, 288, 289, 290, 291, 292, 293, 294, 295, 296, 297, 298, 299, 300, 301, 302, 303, 304, 305, 306, 307, 308, 309, 310, 311, 312, 313, 314, 315, 316, 317, 318, 319, 320, 321, 322, 323, 324, 325, 326, 327, 328, 329, 330, 331, 332, 333, 334, 335, 336, 337, 574, 575, 576, 577, 578, 579, 580, 581, 582, 583, 584, 585, 586, 587, 588, 589, 590, 591, 592, 593, 594, 595, 596, 597, 598, 599, 600, 601, 602, 603, 604, 605, 606, 607, 608, 609, 610, 611, 612, 613, 614, 615, 616, 617, 618, 619, 620, 621, 622, 623, 624, 625, 626, 627, 628, 629, 630, 631, 632, 633, 634, 635, 636, 637, 638, 639, 640, 641, 642, 643, 644, 645, 646, 647, 648, 649, 650, 651, 652, 653, 654, 655, 656, 657, 658, 659, 660, 661, 662, 663, 664, 665, 666, 667, 668, 669, 670, 671, 672, 673, 674, 675, 676, 677, 678, 679, 680, 681, 682, 683, 684, 685, 686, 687, 688, 689, 690, 691, 692, 693, 694, 695, 696, 697, 698, 699, 700, 701, 702, 703, 704, 705, 706, 707, 708, 709, 710, 711, 712, 713, 714, 715, 716, 717, 718, 719, 720, 721, 722, 723, 724, 725, 726, 727, 728, 729, 730, 731, 732, 733, 734, 735, 736, 737, 738, 739, 740, 741, 742, 743, 744, 745, 746, 747, 748, 749, 750, 751, 752, 753, 754, 755, 756, 757, 758, 759, 760, 761, 762, 763, 764, 765, 766, 767, 768, 769, 770, 771, 772, 773, 774, 775, 776, 777, 778, 779, 780, 781, 782, 783, 784, 785, 786, 787, 788, 789, 790, 791, 792, 793]","[164, 289, 636, 748]","[164, 289, 636, 748]","[105, 114, 138, 141, 152, 153, 154, 155, 157, 159, 164, 165, 176, 182, 191, 192, 194, 195, 196, 200, 204, 208, 209, 210, 211, 215, 226, 228, 241, 242, 243, 245, 248, 249, 250, 257, 261, 270, 271, 282, 287, 289, 291, 294, 296, 298, 306, 308, 309, 311, 314, 327, 333, 335, 337, 576, 585, 609, 612, 623, 624, 626, 627, 629, 631, 636, 637, 647, 653, 662, 663, 665, 666, 667, 671, 674, 678, 679, 680, 681, 690, 692, 705, 706, 707, 709, 711, 712, 713, 719, 721, 729, 730, 741, 746, 748, 750, 753, 755, 757, 764, 766, 767, 769, 772, 785, 791]","[12, 24, 25, 28, 88, 100, 104, 119, 123, 129, 136, 137, 139, 140, 141, 148, 155, 169, 172, 179, 183, 185, 188, 196, 198, 217, 237, 267, 270, 278, 319, 321, 324, 325, 330, 334, 335, 354, 366, 369, 380, 383, 384, 386, 395, 407, 411, 423, 424, 428, 436, 437, 452, 453, 456, 458, 467, 471, 477, 478, 479, 497, 508, 511, 559, 571, 575, 590, 594, 600, 607, 608, 610, 611, 612, 619, 627, 640, 643, 650, 654, 656, 659, 667, 669, 685, 701, 726, 729, 737, 777, 779, 782, 783, 787, 790, 791, 809, 817, 819, 830, 833, 834, 836, 845, 856, 857, 860, 862, 875, 876, 880, 887, 888, 899, 900, 904, 905, 914, 918, 921, 928, 929, 930]","[12, 24, 25, 28, 88, 100, 104, 119, 123, 129, 136, 137, 139, 140, 141, 148, 155, 169, 172, 179, 183, 185, 188, 196, 198, 217, 237, 267, 270, 278, 319, 321, 324, 325, 330, 334, 335, 354, 366, 369, 380, 383, 384, 386, 395, 407, 411, 423, 428, 436, 437, 452, 453, 456, 467, 471, 477, 478, 479, 497, 508, 511, 559, 571, 575, 590, 594, 600, 607, 608, 610, 611, 612, 619, 627, 640, 643, 650, 654, 656, 659, 667, 669, 685, 701, 726, 729, 737, 777, 779, 782, 783, 787, 790, 791, 809, 817, 819, 830, 833, 834, 836, 845, 856, 857, 860, 862, 875, 880, 887, 888, 899, 900, 914, 918, 921, 928, 929, 930]",5/6 successful match,True,"[235, 236]",True,299,False,,1.0,True,Frazier Park Chevron,Chevron
Frazier Park ( 93243 ) Frazier Park 205 ( Chevron Frazier Park ) FLYING,661-248-6478 I-5 Exit 205 (,"<U+2610> "" O",Frazier Park,93243,Frazier Park 205 ( Chevron Frazier Park ) FLYING,661-248-6478,2015,Lebec,CA,Chevron,(,I-5 Exit 205 ,Exit,205,False,,False,I-5,,,,,"[289, 748]","[164, 242, 289, 636, 706, 748]","[164, 289, 636, 748]","[164, 289, 636, 748]","[103, 104, 105, 106, 107, 108, 109, 110, 111, 112, 113, 114, 115, 116, 117, 118, 119, 120, 121, 122, 123, 124, 125, 126, 127, 128, 129, 130, 131, 132, 133, 134, 135, 136, 137, 138, 139, 140, 141, 142, 143, 144, 145, 146, 147, 148, 149, 150, 151, 152, 153, 154, 155, 156, 157, 158, 159, 160, 161, 162, 163, 164, 165, 166, 167, 168, 169, 170, 171, 172, 173, 174, 175, 176, 177, 178, 179, 180, 181, 182, 183, 184, 185, 186, 187, 188, 189, 190, 191, 192, 193, 194, 195, 196, 197, 198, 199, 200, 201, 202, 203, 204, 205, 206, 207, 208, 209, 210, 211, 212, 213, 214, 215, 216, 217, 218, 219, 220, 221, 222, 223, 224, 225, 226, 227, 228, 229, 230, 231, 232, 233, 234, 235, 236, 237, 238, 239, 240, 241, 242, 243, 244, 245, 246, 247, 248, 249, 250, 251, 252, 253, 254, 255, 256, 257, 258, 259, 260, 261, 262, 263, 264, 265, 266, 267, 268, 269, 270, 271, 272, 273, 274, 275, 276, 277, 278, 279, 280, 281, 282, 283, 284, 285, 286, 287, 288, 289, 290, 291, 292, 293, 294, 295, 296, 297, 298, 299, 300, 301, 302, 303, 304, 305, 306, 307, 308, 309, 310, 311, 312, 313, 314, 315, 316, 317, 318, 319, 320, 321, 322, 323, 324, 325, 326, 327, 328, 329, 330, 331, 332, 333, 334, 335, 336, 337, 574, 575, 576, 577, 578, 579, 580, 581, 582, 583, 584, 585, 586, 587, 588, 589, 590, 591, 592, 593, 594, 595, 596, 597, 598, 599, 600, 601, 602, 603, 604, 605, 606, 607, 608, 609, 610, 611, 612, 613, 614, 615, 616, 617, 618, 619, 620, 621, 622, 623, 624, 625, 626, 627, 628, 629, 630, 631, 632, 633, 634, 635, 636, 637, 638, 639, 640, 641, 642, 643, 644, 645, 646, 647, 648, 649, 650, 651, 652, 653, 654, 655, 656, 657, 658, 659, 660, 661, 662, 663, 664, 665, 666, 667, 668, 669, 670, 671, 672, 673, 674, 675, 676, 677, 678, 679, 680, 681, 682, 683, 684, 685, 686, 687, 688, 689, 690, 691, 692, 693, 694, 695, 696, 697, 698, 699, 700, 701, 702, 703, 704, 705, 706, 707, 708, 709, 710, 711, 712, 713, 714, 715, 716, 717, 718, 719, 720, 721, 722, 723, 724, 725, 726, 727, 728, 729, 730, 731, 732, 733, 734, 735, 736, 737, 738, 739, 740, 741, 742, 743, 744, 745, 746, 747, 748, 749, 750, 751, 752, 753, 754, 755, 756, 757, 758, 759, 760, 761, 762, 763, 764, 765, 766, 767, 768, 769, 770, 771, 772, 773, 774, 775, 776, 777, 778, 779, 780, 781, 782, 783, 784, 785, 786, 787, 788, 789, 790, 791, 792, 793]","[105, 114, 138, 141, 152, 153, 154, 155, 157, 159, 164, 165, 176, 182, 191, 192, 194, 195, 196, 200, 204, 208, 209, 210, 211, 215, 226, 228, 241, 242, 243, 245, 248, 249, 250, 257, 261, 270, 271, 282, 287, 289, 291, 294, 296, 298, 306, 308, 309, 311, 314, 327, 333, 335, 337, 576, 585, 609, 612, 623, 624, 626, 627, 629, 631, 636, 637, 647, 653, 662, 663, 665, 666, 667, 671, 674, 678, 679, 680, 681, 690, 692, 705, 706, 707, 709, 711, 712, 713, 719, 721, 729, 730, 741, 746, 748, 750, 753, 755, 757, 764, 766, 767, 769, 772, 785, 791]","[12, 24, 25, 28, 88, 100, 104, 119, 123, 129, 136, 137, 139, 140, 141, 148, 155, 169, 172, 179, 183, 185, 188, 196, 198, 217, 237, 267, 270, 278, 319, 321, 324, 325, 330, 334, 335, 354, 366, 369, 380, 383, 384, 386, 395, 407, 411, 423, 428, 436, 437, 452, 453, 456, 467, 471, 477, 478, 479, 497, 508, 511, 559, 571, 575, 590, 594, 600, 607, 608, 610, 611, 612, 619, 627, 640, 643, 650, 654, 656, 659, 667, 669, 685, 701, 726, 729, 737, 777, 779, 782, 783, 787, 790, 791, 809, 817, 819, 830, 833, 834, 836, 845, 856, 857, 860, 862, 875, 880, 887, 888, 899, 900, 914, 918, 921, 928, 929, 930]","[12, 17, 18, 19, 20, 21, 22, 23, 24, 25, 28, 88, 100, 104, 119, 123, 129, 136, 137, 139, 140, 141, 148, 155, 156, 157, 158, 159, 160, 161, 162, 163, 164, 165, 166, 167, 168, 169, 172, 179, 183, 185, 188, 196, 198, 217, 237, 267, 270, 278, 319, 321, 324, 325, 330, 334, 335, 340, 341, 342, 343, 344, 345, 346, 354, 366, 369, 380, 383, 384, 386, 395, 407, 411, 412, 413, 414, 415, 416, 417, 418, 419, 420, 421, 422, 423, 424, 428, 436, 437, 452, 453, 456, 458, 467, 471, 477, 478, 479, 497, 502, 503, 504, 505, 506, 507, 508, 511, 559, 571, 575, 590, 594, 600, 607, 608, 610, 611, 612, 619, 627, 628, 629, 630, 631, 632, 633, 634, 635, 636, 637, 638, 639, 640, 643, 650, 654, 656, 659, 667, 669, 685, 701, 726, 729, 737, 777, 779, 782, 783, 787, 790, 791, 792, 796, 797, 798, 799, 800, 801, 809, 817, 819, 830, 833, 834, 836, 845, 856, 857, 860, 862, 863, 864, 865, 866, 867, 868, 869, 870, 871, 872, 873, 874, 875, 876, 880, 887, 888, 899, 900, 904, 905, 914, 918, 921, 928, 929, 930]","[12, 17, 18, 19, 20, 21, 22, 23, 24, 25, 28, 88, 100, 103, 104, 105, 106, 107, 108, 109, 110, 111, 112, 113, 114, 115, 116, 117, 118, 119, 120, 121, 122, 123, 124, 125, 126, 127, 128, 129, 130, 131, 132, 133, 134, 135, 136, 137, 138, 139, 140, 141, 142, 143, 144, 145, 146, 147, 148, 149, 150, 151, 152, 153, 154, 155, 156, 157, 158, 159, 160, 161, 162, 163, 164, 165, 166, 167, 168, 169, 170, 171, 172, 173, 174, 175, 176, 177, 178, 179, 180, 181, 182, 183, 184, 185, 186, 187, 188, 189, 190, 191, 192, 193, 194, 195, 196, 197, 198, 199, 200, 201, 202, 203, 204, 205, 206, 207, 208, 209, 210, 211, 212, 213, 214, 215, 216, 217, 218, 219, 220, 221, 222, 223, 224, 225, 226, 227, 228, 229, 230, 231, 232, 233, 234, 235, 236, 237, 238, 239, 240, 241, 242, 243, 244, 245, 246, 247, 248, 249, 250, 251, 252, 253, 254, 255, 256, 257, 258, 259, 260, 261, 262, 263, 264, 265, 266, 267, 268, 269, 270, 271, 272, 273, 274, 275, 276, 277, 278, 279, 280, 281, 282, 283, 284, 285, 286, 287, 288, 289, 290, 291, 292, 293, 294, 295, 296, 297, 298, 299, 300, 301, 302, 303, 304, 305, 306, 307, 308, 309, 310, 311, 312, 313, 314, 315, 316, 317, 318, 319, 320, 321, 322, 323, 324, 325, 326, 327, 328, 329, 330, 331, 332, 333, 334, 335, 336, 337, 340, 341, 342, 343, 344, 345, 346, 354, 366, 369, 380, 383, 384, 386, 395, 407, 411, 412, 413, 414, 415, 416, 417, 418, 419, 420, 421, 422, 423, 424, 428, 436, 437, 452, 453, 456, 458, 467, 471, 477, 478, 479, 497, 502, 503, 504, 505, 506, 507, 508, 511, 559, 571, 574, 575, 576, 577, 578, 579, 580, 581, 582, 583, 584, 585, 586, 587, 588, 589, 590, 591, 592, 593, 594, 595, 596, 597, 598, 599, 600, 601, 602, 603, 604, 605, 606, 607, 608, 609, 610, 611, 612, 613, 614, 615, 616, 617, 618, 619, 620, 621, 622, 623, 624, 625, 626, 627, 628, 629, 630, 631, 632, 633, 634, 635, 636, 637, 638, 639, 640, 641, 642, 643, 644, 645, 646, 647, 648, 649, 650, 651, 652, 653, 654, 655, 656, 657, 658, 659, 660, 661, 662, 663, 664, 665, 666, 667, 668, 669, 670, 671, 672, 673, 674, 675, 676, 677, 678, 679, 680, 681, 682, 683, 684, 685, 686, 687, 688, 689, 690, 691, 692, 693, 694, 695, 696, 697, 698, 699, 700, 701, 702, 703, 704, 705, 706, 707, 708, 709, 710, 711, 712, 713, 714, 715, 716, 717, 718, 719, 720, 721, 722, 723, 724, 725, 726, 727, 728, 729, 730, 731, 732, 733, 734, 735, 736, 737, 738, 739, 740, 741, 742, 743, 744, 745, 746, 747, 748, 749, 750, 751, 752, 753, 754, 755, 756, 757, 758, 759, 760, 761, 762, 763, 764, 765, 766, 767, 768, 769, 770, 771, 772, 773, 774, 775, 776, 777, 778, 779, 780, 781, 782, 783, 784, 785, 786, 787, 788, 789, 790, 791, 792, 793, 796, 797, 798, 799, 800, 801, 809, 817, 819, 830, 833, 834, 836, 845, 856, 857, 860, 862, 863, 864, 865, 866, 867, 868, 869, 870, 871, 872, 873, 874, 875, 876, 880, 887, 888, 899, 900, 904, 905, 914, 918, 921, 928, 929, 930]",True,"[164, 242, 289, 636, 706, 748]","[103, 104, 105, 106, 107, 108, 109, 110, 111, 112, 113, 114, 115, 116, 117, 118, 119, 120, 121, 122, 123, 124, 125, 126, 127, 128, 129, 130, 131, 132, 133, 134, 135, 136, 137, 138, 139, 140, 141, 142, 143, 144, 145, 146, 147, 148, 149, 150, 151, 152, 153, 154, 155, 156, 157, 158, 159, 160, 161, 162, 163, 164, 165, 166, 167, 168, 169, 170, 171, 172, 173, 174, 175, 176, 177, 178, 179, 180, 181, 182, 183, 184, 185, 186, 187, 188, 189, 190, 191, 192, 193, 194, 195, 196, 197, 198, 199, 200, 201, 202, 203, 204, 205, 206, 207, 208, 209, 210, 211, 212, 213, 214, 215, 216, 217, 218, 219, 220, 221, 222, 223, 224, 225, 226, 227, 228, 229, 230, 231, 232, 233, 234, 235, 236, 237, 238, 239, 240, 241, 242, 243, 244, 245, 246, 247, 248, 249, 250, 251, 252, 253, 254, 255, 256, 257, 258, 259, 260, 261, 262, 263, 264, 265, 266, 267, 268, 269, 270, 271, 272, 273, 274, 275, 276, 277, 278, 279, 280, 281, 282, 283, 284, 285, 286, 287, 288, 289, 290, 291, 292, 293, 294, 295, 296, 297, 298, 299, 300, 301, 302, 303, 304, 305, 306, 307, 308, 309, 310, 311, 312, 313, 314, 315, 316, 317, 318, 319, 320, 321, 322, 323, 324, 325, 326, 327, 328, 329, 330, 331, 332, 333, 334, 335, 336, 337, 574, 575, 576, 577, 578, 579, 580, 581, 582, 583, 584, 585, 586, 587, 588, 589, 590, 591, 592, 593, 594, 595, 596, 597, 598, 599, 600, 601, 602, 603, 604, 605, 606, 607, 608, 609, 610, 611, 612, 613, 614, 615, 616, 617, 618, 619, 620, 621, 622, 623, 624, 625, 626, 627, 628, 629, 630, 631, 632, 633, 634, 635, 636, 637, 638, 639, 640, 641, 642, 643, 644, 645, 646, 647, 648, 649, 650, 651, 652, 653, 654, 655, 656, 657, 658, 659, 660, 661, 662, 663, 664, 665, 666, 667, 668, 669, 670, 671, 672, 673, 674, 675, 676, 677, 678, 679, 680, 681, 682, 683, 684, 685, 686, 687, 688, 689, 690, 691, 692, 693, 694, 695, 696, 697, 698, 699, 700, 701, 702, 703, 704, 705, 706, 707, 708, 709, 710, 711, 712, 713, 714, 715, 716, 717, 718, 719, 720, 721, 722, 723, 724, 725, 726, 727, 728, 729, 730, 731, 732, 733, 734, 735, 736, 737, 738, 739, 740, 741, 742, 743, 744, 745, 746, 747, 748, 749, 750, 751, 752, 753, 754, 755, 756, 757, 758, 759, 760, 761, 762, 763, 764, 765, 766, 767, 768, 769, 770, 771, 772, 773, 774, 775, 776, 777, 778, 779, 780, 781, 782, 783, 784, 785, 786, 787, 788, 789, 790, 791, 792, 793]","[164, 289, 636, 748]","[164, 289, 636, 748]","[105, 114, 138, 141, 152, 153, 154, 155, 157, 159, 164, 165, 176, 182, 191, 192, 194, 195, 196, 200, 204, 208, 209, 210, 211, 215, 226, 228, 241, 242, 243, 245, 248, 249, 250, 257, 261, 270, 271, 282, 287, 289, 291, 294, 296, 298, 306, 308, 309, 311, 314, 327, 333, 335, 337, 576, 585, 609, 612, 623, 624, 626, 627, 629, 631, 636, 637, 647, 653, 662, 663, 665, 666, 667, 671, 674, 678, 679, 680, 681, 690, 692, 705, 706, 707, 709, 711, 712, 713, 719, 721, 729, 730, 741, 746, 748, 750, 753, 755, 757, 764, 766, 767, 769, 772, 785, 791]","[12, 17, 18, 19, 20, 21, 22, 23, 24, 25, 28, 88, 100, 104, 119, 123, 129, 136, 137, 139, 140, 141, 148, 155, 156, 157, 158, 159, 160, 161, 162, 163, 164, 165, 166, 167, 168, 169, 172, 179, 183, 185, 188, 196, 198, 217, 237, 267, 270, 278, 319, 321, 324, 325, 330, 334, 335, 340, 341, 342, 343, 344, 345, 346, 354, 366, 369, 380, 383, 384, 386, 395, 407, 411, 412, 413, 414, 415, 416, 417, 418, 419, 420, 421, 422, 423, 424, 428, 436, 437, 452, 453, 456, 458, 467, 471, 477, 478, 479, 497, 502, 503, 504, 505, 506, 507, 508, 511, 559, 571, 575, 590, 594, 600, 607, 608, 610, 611, 612, 619, 627, 628, 629, 630, 631, 632, 633, 634, 635, 636, 637, 638, 639, 640, 643, 650, 654, 656, 659, 667, 669, 685, 701, 726, 729, 737, 777, 779, 782, 783, 787, 790, 791, 792, 796, 797, 798, 799, 800, 801, 809, 817, 819, 830, 833, 834, 836, 845, 856, 857, 860, 862, 863, 864, 865, 866, 867, 868, 869, 870, 871, 872, 873, 874, 875, 876, 880, 887, 888, 899, 900, 904, 905, 914, 918, 921, 928, 929, 930]","[12, 24, 25, 28, 88, 100, 104, 119, 123, 129, 136, 137, 139, 140, 141, 148, 155, 169, 172, 179, 183, 185, 188, 196, 198, 217, 237, 267, 270, 278, 319, 321, 324, 325, 330, 334, 335, 354, 366, 369, 380, 383, 384, 386, 395, 407, 411, 423, 428, 436, 437, 452, 453, 456, 467, 471, 477, 478, 479, 497, 508, 511, 559, 571, 575, 590, 594, 600, 607, 608, 610, 611, 612, 619, 627, 640, 643, 650, 654, 656, 659, 667, 669, 685, 701, 726, 729, 737, 777, 779, 782, 783, 787, 790, 791, 809, 817, 819, 830, 833, 834, 836, 845, 856, 857, 860, 862, 875, 880, 887, 888, 899, 900, 914, 918, 921, 928, 929, 930]",6/6 successful match,True,"[235, 236]",True,299,False,,0.9764705882352941,True,Frazier Park Chevron,Chevron
Frazier Park ( 93243 ) Chevron # 221 121 ( Manning Ave ),4 661-248-6478 I-5 Exit 205 ( 24,24 <U+25A1>,Frazier Park,93243,Chevron # 221 121 ( Manning Ave ),661-248-6478,2016,Lebec,CA,Chevron,( 24,I-5 Exit 205 ,Exit,205,False,,False,I-5,,,,,"[289, 748]","[164, 242, 289, 636, 706, 748]","[164, 289, 636, 748]","[164, 289, 636, 748]","[103, 104, 105, 106, 107, 108, 109, 110, 111, 112, 113, 114, 115, 116, 117, 118, 119, 120, 121, 122, 123, 124, 125, 126, 127, 128, 129, 130, 131, 132, 133, 134, 135, 136, 137, 138, 139, 140, 141, 142, 143, 144, 145, 146, 147, 148, 149, 150, 151, 152, 153, 154, 155, 156, 157, 158, 159, 160, 161, 162, 163, 164, 165, 166, 167, 168, 169, 170, 171, 172, 173, 174, 175, 176, 177, 178, 179, 180, 181, 182, 183, 184, 185, 186, 187, 188, 189, 190, 191, 192, 193, 194, 195, 196, 197, 198, 199, 200, 201, 202, 203, 204, 205, 206, 207, 208, 209, 210, 211, 212, 213, 214, 215, 216, 217, 218, 219, 220, 221, 222, 223, 224, 225, 226, 227, 228, 229, 230, 231, 232, 233, 234, 235, 236, 237, 238, 239, 240, 241, 242, 243, 244, 245, 246, 247, 248, 249, 250, 251, 252, 253, 254, 255, 256, 257, 258, 259, 260, 261, 262, 263, 264, 265, 266, 267, 268, 269, 270, 271, 272, 273, 274, 275, 276, 277, 278, 279, 280, 281, 282, 283, 284, 285, 286, 287, 288, 289, 290, 291, 292, 293, 294, 295, 296, 297, 298, 299, 300, 301, 302, 303, 304, 305, 306, 307, 308, 309, 310, 311, 312, 313, 314, 315, 316, 317, 318, 319, 320, 321, 322, 323, 324, 325, 326, 327, 328, 329, 330, 331, 332, 333, 334, 335, 336, 337, 574, 575, 576, 577, 578, 579, 580, 581, 582, 583, 584, 585, 586, 587, 588, 589, 590, 591, 592, 593, 594, 595, 596, 597, 598, 599, 600, 601, 602, 603, 604, 605, 606, 607, 608, 609, 610, 611, 612, 613, 614, 615, 616, 617, 618, 619, 620, 621, 622, 623, 624, 625, 626, 627, 628, 629, 630, 631, 632, 633, 634, 635, 636, 637, 638, 639, 640, 641, 642, 643, 644, 645, 646, 647, 648, 649, 650, 651, 652, 653, 654, 655, 656, 657, 658, 659, 660, 661, 662, 663, 664, 665, 666, 667, 668, 669, 670, 671, 672, 673, 674, 675, 676, 677, 678, 679, 680, 681, 682, 683, 684, 685, 686, 687, 688, 689, 690, 691, 692, 693, 694, 695, 696, 697, 698, 699, 700, 701, 702, 703, 704, 705, 706, 707, 708, 709, 710, 711, 712, 713, 714, 715, 716, 717, 718, 719, 720, 721, 722, 723, 724, 725, 726, 727, 728, 729, 730, 731, 732, 733, 734, 735, 736, 737, 738, 739, 740, 741, 742, 743, 744, 745, 746, 747, 748, 749, 750, 751, 752, 753, 754, 755, 756, 757, 758, 759, 760, 761, 762, 763, 764, 765, 766, 767, 768, 769, 770, 771, 772, 773, 774, 775, 776, 777, 778, 779, 780, 781, 782, 783, 784, 785, 786, 787, 788, 789, 790, 791, 792, 793]","[105, 114, 138, 141, 152, 153, 154, 155, 157, 159, 164, 165, 176, 182, 191, 192, 194, 195, 196, 200, 204, 208, 209, 210, 211, 215, 226, 228, 241, 242, 243, 245, 248, 249, 250, 257, 261, 270, 271, 282, 287, 289, 291, 294, 296, 298, 306, 308, 309, 311, 314, 327, 333, 335, 337, 576, 585, 609, 612, 623, 624, 626, 627, 629, 631, 636, 637, 647, 653, 662, 663, 665, 666, 667, 671, 674, 678, 679, 680, 681, 690, 692, 705, 706, 707, 709, 711, 712, 713, 719, 721, 729, 730, 741, 746, 748, 750, 753, 755, 757, 764, 766, 767, 769, 772, 785, 791]","[12, 24, 25, 28, 88, 100, 104, 119, 123, 129, 136, 137, 139, 140, 141, 148, 155, 169, 172, 179, 183, 185, 188, 196, 198, 217, 237, 267, 270, 278, 319, 321, 324, 325, 330, 334, 335, 354, 366, 369, 380, 383, 384, 386, 395, 407, 411, 423, 428, 436, 437, 452, 453, 456, 467, 471, 477, 478, 479, 497, 508, 511, 559, 571, 575, 590, 594, 600, 607, 608, 610, 611, 612, 619, 627, 640, 643, 650, 654, 656, 659, 667, 669, 685, 701, 726, 729, 737, 777, 779, 782, 783, 787, 790, 791, 809, 817, 819, 830, 833, 834, 836, 845, 856, 857, 860, 862, 875, 880, 887, 888, 899, 900, 914, 918, 921, 928, 929, 930]","[12, 24, 25, 28, 88, 100, 104, 119, 123, 129, 136, 137, 139, 140, 141, 148, 155, 169, 172, 179, 183, 185, 188, 196, 198, 217, 237, 267, 270, 278, 319, 321, 324, 325, 330, 334, 335, 354, 366, 369, 380, 383, 384, 386, 395, 407, 411, 423, 428, 436, 437, 452, 453, 456, 467, 471, 477, 478, 479, 497, 508, 511, 559, 571, 575, 590, 594, 600, 607, 608, 610, 611, 612, 619, 627, 640, 643, 650, 654, 656, 659, 667, 669, 685, 701, 726, 729, 737, 777, 779, 782, 783, 787, 790, 791, 809, 817, 819, 830, 833, 834, 836, 845, 856, 857, 860, 862, 875, 880, 887, 888, 899, 900, 914, 918, 921, 928, 929, 930]","[12, 24, 25, 28, 88, 100, 103, 104, 105, 106, 107, 108, 109, 110, 111, 112, 113, 114, 115, 116, 117, 118, 119, 120, 121, 122, 123, 124, 125, 126, 127, 128, 129, 130, 131, 132, 133, 134, 135, 136, 137, 138, 139, 140, 141, 142, 143, 144, 145, 146, 147, 148, 149, 150, 151, 152, 153, 154, 155, 156, 157, 158, 159, 160, 161, 162, 163, 164, 165, 166, 167, 168, 169, 170, 171, 172, 173, 174, 175, 176, 177, 178, 179, 180, 181, 182, 183, 184, 185, 186, 187, 188, 189, 190, 191, 192, 193, 194, 195, 196, 197, 198, 199, 200, 201, 202, 203, 204, 205, 206, 207, 208, 209, 210, 211, 212, 213, 214, 215, 216, 217, 218, 219, 220, 221, 222, 223, 224, 225, 226, 227, 228, 229, 230, 231, 232, 233, 234, 235, 236, 237, 238, 239, 240, 241, 242, 243, 244, 245, 246, 247, 248, 249, 250, 251, 252, 253, 254, 255, 256, 257, 258, 259, 260, 261, 262, 263, 264, 265, 266, 267, 268, 269, 270, 271, 272, 273, 274, 275, 276, 277, 278, 279, 280, 281, 282, 283, 284, 285, 286, 287, 288, 289, 290, 291, 292, 293, 294, 295, 296, 297, 298, 299, 300, 301, 302, 303, 304, 305, 306, 307, 308, 309, 310, 311, 312, 313, 314, 315, 316, 317, 318, 319, 320, 321, 322, 323, 324, 325, 326, 327, 328, 329, 330, 331, 332, 333, 334, 335, 336, 337, 354, 366, 369, 380, 383, 384, 386, 395, 407, 411, 423, 428, 436, 437, 452, 453, 456, 467, 471, 477, 478, 479, 497, 508, 511, 559, 571, 574, 575, 576, 577, 578, 579, 580, 581, 582, 583, 584, 585, 586, 587, 588, 589, 590, 591, 592, 593, 594, 595, 596, 597, 598, 599, 600, 601, 602, 603, 604, 605, 606, 607, 608, 609, 610, 611, 612, 613, 614, 615, 616, 617, 618, 619, 620, 621, 622, 623, 624, 625, 626, 627, 628, 629, 630, 631, 632, 633, 634, 635, 636, 637, 638, 639, 640, 641, 642, 643, 644, 645, 646, 647, 648, 649, 650, 651, 652, 653, 654, 655, 656, 657, 658, 659, 660, 661, 662, 663, 664, 665, 666, 667, 668, 669, 670, 671, 672, 673, 674, 675, 676, 677, 678, 679, 680, 681, 682, 683, 684, 685, 686, 687, 688, 689, 690, 691, 692, 693, 694, 695, 696, 697, 698, 699, 700, 701, 702, 703, 704, 705, 706, 707, 708, 709, 710, 711, 712, 713, 714, 715, 716, 717, 718, 719, 720, 721, 722, 723, 724, 725, 726, 727, 728, 729, 730, 731, 732, 733, 734, 735, 736, 737, 738, 739, 740, 741, 742, 743, 744, 745, 746, 747, 748, 749, 750, 751, 752, 753, 754, 755, 756, 757, 758, 759, 760, 761, 762, 763, 764, 765, 766, 767, 768, 769, 770, 771, 772, 773, 774, 775, 776, 777, 778, 779, 780, 781, 782, 783, 784, 785, 786, 787, 788, 789, 790, 791, 792, 793, 809, 817, 819, 830, 833, 834, 836, 845, 856, 857, 860, 862, 875, 880, 887, 888, 899, 900, 914, 918, 921, 928, 929, 930]",True,"[164, 242, 289, 636, 706, 748]","[103, 104, 105, 106, 107, 108, 109, 110, 111, 112, 113, 114, 115, 116, 117, 118, 119, 120, 121, 122, 123, 124, 125, 126, 127, 128, 129, 130, 131, 132, 133, 134, 135, 136, 137, 138, 139, 140, 141, 142, 143, 144, 145, 146, 147, 148, 149, 150, 151, 152, 153, 154, 155, 156, 157, 158, 159, 160, 161, 162, 163, 164, 165, 166, 167, 168, 169, 170, 171, 172, 173, 174, 175, 176, 177, 178, 179, 180, 181, 182, 183, 184, 185, 186, 187, 188, 189, 190, 191, 192, 193, 194, 195, 196, 197, 198, 199, 200, 201, 202, 203, 204, 205, 206, 207, 208, 209, 210, 211, 212, 213, 214, 215, 216, 217, 218, 219, 220, 221, 222, 223, 224, 225, 226, 227, 228, 229, 230, 231, 232, 233, 234, 235, 236, 237, 238, 239, 240, 241, 242, 243, 244, 245, 246, 247, 248, 249, 250, 251, 252, 253, 254, 255, 256, 257, 258, 259, 260, 261, 262, 263, 264, 265, 266, 267, 268, 269, 270, 271, 272, 273, 274, 275, 276, 277, 278, 279, 280, 281, 282, 283, 284, 285, 286, 287, 288, 289, 290, 291, 292, 293, 294, 295, 296, 297, 298, 299, 300, 301, 302, 303, 304, 305, 306, 307, 308, 309, 310, 311, 312, 313, 314, 315, 316, 317, 318, 319, 320, 321, 322, 323, 324, 325, 326, 327, 328, 329, 330, 331, 332, 333, 334, 335, 336, 337, 574, 575, 576, 577, 578, 579, 580, 581, 582, 583, 584, 585, 586, 587, 588, 589, 590, 591, 592, 593, 594, 595, 596, 597, 598, 599, 600, 601, 602, 603, 604, 605, 606, 607, 608, 609, 610, 611, 612, 613, 614, 615, 616, 617, 618, 619, 620, 621, 622, 623, 624, 625, 626, 627, 628, 629, 630, 631, 632, 633, 634, 635, 636, 637, 638, 639, 640, 641, 642, 643, 644, 645, 646, 647, 648, 649, 650, 651, 652, 653, 654, 655, 656, 657, 658, 659, 660, 661, 662, 663, 664, 665, 666, 667, 668, 669, 670, 671, 672, 673, 674, 675, 676, 677, 678, 679, 680, 681, 682, 683, 684, 685, 686, 687, 688, 689, 690, 691, 692, 693, 694, 695, 696, 697, 698, 699, 700, 701, 702, 703, 704, 705, 706, 707, 708, 709, 710, 711, 712, 713, 714, 715, 716, 717, 718, 719, 720, 721, 722, 723, 724, 725, 726, 727, 728, 729, 730, 731, 732, 733, 734, 735, 736, 737, 738, 739, 740, 741, 742, 743, 744, 745, 746, 747, 748, 749, 750, 751, 752, 753, 754, 755, 756, 757, 758, 759, 760, 761, 762, 763, 764, 765, 766, 767, 768, 769, 770, 771, 772, 773, 774, 775, 776, 777, 778, 779, 780, 781, 782, 783, 784, 785, 786, 787, 788, 789, 790, 791, 792, 793]","[164, 289, 636, 748]","[164, 289, 636, 748]","[105, 114, 138, 141, 152, 153, 154, 155, 157, 159, 164, 165, 176, 182, 191, 192, 194, 195, 196, 200, 204, 208, 209, 210, 211, 215, 226, 228, 241, 242, 243, 245, 248, 249, 250, 257, 261, 270, 271, 282, 287, 289, 291, 294, 296, 298, 306, 308, 309, 311, 314, 327, 333, 335, 337, 576, 585, 609, 612, 623, 624, 626, 627, 629, 631, 636, 637, 647, 653, 662, 663, 665, 666, 667, 671, 674, 678, 679, 680, 681, 690, 692, 705, 706, 707, 709, 711, 712, 713, 719, 721, 729, 730, 741, 746, 748, 750, 753, 755, 757, 764, 766, 767, 769, 772, 785, 791]","[12, 24, 25, 28, 88, 100, 104, 119, 123, 129, 136, 137, 139, 140, 141, 148, 155, 169, 172, 179, 183, 185, 188, 196, 198, 217, 237, 267, 270, 278, 319, 321, 324, 325, 330, 334, 335, 354, 366, 369, 380, 383, 384, 386, 395, 407, 411, 423, 428, 436, 437, 452, 453, 456, 467, 471, 477, 478, 479, 497, 508, 511, 559, 571, 575, 590, 594, 600, 607, 608, 610, 611, 612, 619, 627, 640, 643, 650, 654, 656, 659, 667, 669, 685, 701, 726, 729, 737, 777, 779, 782, 783, 787, 790, 791, 809, 817, 819, 830, 833, 834, 836, 845, 856, 857, 860, 862, 875, 880, 887, 888, 899, 900, 914, 918, 921, 928, 929, 930]","[12, 24, 25, 28, 88, 100, 104, 119, 123, 129, 136, 137, 139, 140, 141, 148, 155, 169, 172, 179, 183, 185, 188, 196, 198, 217, 237, 267, 270, 278, 319, 321, 324, 325, 330, 334, 335, 354, 366, 369, 380, 383, 384, 386, 395, 407, 411, 423, 428, 436, 437, 452, 453, 456, 467, 471, 477, 478, 479, 497, 508, 511, 559, 571, 575, 590, 594, 600, 607, 608, 610, 611, 612, 619, 627, 640, 643, 650, 654, 656, 659, 667, 669, 685, 701, 726, 729, 737, 777, 779, 782, 783, 787, 790, 791, 809, 817, 819, 830, 833, 834, 836, 845, 856, 857, 860, 862, 875, 880, 887, 888, 899, 900, 914, 918, 921, 928, 929, 930]",5/6 successful match,True,"[235, 236]",True,299,False,,0.6728395061728395,True,Frazier Park 205 ( Chevron Frazier Park ) FLYING,Chevron
"Wheeler Ridge , 93243 Petro Stopping )",661-663-4341 I-5 Exit 219A ( Wheeler Center # 27,24 XL,Wheeler Ridge,93243,Petro Stopping ),661-663-4341,2006,Lebec,CA,,( Wheeler Center # 27,I-5 Exit 219A ,Exit,219A,False,,False,I-5,,,,,"[706, 242]","[164, 242, 289, 636, 706, 748]","[164, 242, 314, 636, 706, 772]","[242, 314, 706, 772]","[103, 104, 105, 106, 107, 108, 109, 110, 111, 112, 113, 114, 115, 116, 117, 118, 119, 120, 121, 122, 123, 124, 125, 126, 127, 128, 129, 130, 131, 132, 133, 134, 135, 136, 137, 138, 139, 140, 141, 142, 143, 144, 145, 146, 147, 148, 149, 150, 151, 152, 153, 154, 155, 156, 157, 158, 159, 160, 161, 162, 163, 164, 165, 166, 167, 168, 169, 170, 171, 172, 173, 174, 175, 176, 177, 178, 179, 180, 181, 182, 183, 184, 185, 186, 187, 188, 189, 190, 191, 192, 193, 194, 195, 196, 197, 198, 199, 200, 201, 202, 203, 204, 205, 206, 207, 208, 209, 210, 211, 212, 213, 214, 215, 216, 217, 218, 219, 220, 221, 222, 223, 224, 225, 226, 227, 228, 229, 230, 231, 232, 233, 234, 235, 236, 237, 238, 239, 240, 241, 242, 243, 244, 245, 246, 247, 248, 249, 250, 251, 252, 253, 254, 255, 256, 257, 258, 259, 260, 261, 262, 263, 264, 265, 266, 267, 268, 269, 270, 271, 272, 273, 274, 275, 276, 277, 278, 279, 280, 281, 282, 283, 284, 285, 286, 287, 288, 289, 290, 291, 292, 293, 294, 295, 296, 297, 298, 299, 300, 301, 302, 303, 304, 305, 306, 307, 308, 309, 310, 311, 312, 313, 314, 315, 316, 317, 318, 319, 320, 321, 322, 323, 324, 325, 326, 327, 328, 329, 330, 331, 332, 333, 334, 335, 336, 337, 574, 575, 576, 577, 578, 579, 580, 581, 582, 583, 584, 585, 586, 587, 588, 589, 590, 591, 592, 593, 594, 595, 596, 597, 598, 599, 600, 601, 602, 603, 604, 605, 606, 607, 608, 609, 610, 611, 612, 613, 614, 615, 616, 617, 618, 619, 620, 621, 622, 623, 624, 625, 626, 627, 628, 629, 630, 631, 632, 633, 634, 635, 636, 637, 638, 639, 640, 641, 642, 643, 644, 645, 646, 647, 648, 649, 650, 651, 652, 653, 654, 655, 656, 657, 658, 659, 660, 661, 662, 663, 664, 665, 666, 667, 668, 669, 670, 671, 672, 673, 674, 675, 676, 677, 678, 679, 680, 681, 682, 683, 684, 685, 686, 687, 688, 689, 690, 691, 692, 693, 694, 695, 696, 697, 698, 699, 700, 701, 702, 703, 704, 705, 706, 707, 708, 709, 710, 711, 712, 713, 714, 715, 716, 717, 718, 719, 720, 721, 722, 723, 724, 725, 726, 727, 728, 729, 730, 731, 732, 733, 734, 735, 736, 737, 738, 739, 740, 741, 742, 743, 744, 745, 746, 747, 748, 749, 750, 751, 752, 753, 754, 755, 756, 757, 758, 759, 760, 761, 762, 763, 764, 765, 766, 767, 768, 769, 770, 771, 772, 773, 774, 775, 776, 777, 778, 779, 780, 781, 782, 783, 784, 785, 786, 787, 788, 789, 790, 791, 792, 793]","[105, 114, 138, 141, 152, 153, 154, 155, 157, 159, 164, 165, 176, 182, 191, 192, 194, 195, 196, 200, 204, 208, 209, 210, 211, 215, 226, 228, 241, 242, 243, 245, 248, 249, 250, 257, 261, 270, 271, 282, 287, 289, 291, 294, 296, 298, 306, 308, 309, 311, 314, 327, 333, 335, 337, 576, 585, 609, 612, 623, 624, 626, 627, 629, 631, 636, 637, 647, 653, 662, 663, 665, 666, 667, 671, 674, 678, 679, 680, 681, 690, 692, 705, 706, 707, 709, 711, 712, 713, 719, 721, 729, 730, 741, 746, 748, 750, 753, 755, 757, 764, 766, 767, 769, 772, 785, 791]",[],"[63, 64, 240, 241, 242, 243, 370, 371, 372, 537, 538, 704, 705, 706, 707, 820, 821, 822]","[63, 64, 103, 104, 105, 106, 107, 108, 109, 110, 111, 112, 113, 114, 115, 116, 117, 118, 119, 120, 121, 122, 123, 124, 125, 126, 127, 128, 129, 130, 131, 132, 133, 134, 135, 136, 137, 138, 139, 140, 141, 142, 143, 144, 145, 146, 147, 148, 149, 150, 151, 152, 153, 154, 155, 156, 157, 158, 159, 160, 161, 162, 163, 164, 165, 166, 167, 168, 169, 170, 171, 172, 173, 174, 175, 176, 177, 178, 179, 180, 181, 182, 183, 184, 185, 186, 187, 188, 189, 190, 191, 192, 193, 194, 195, 196, 197, 198, 199, 200, 201, 202, 203, 204, 205, 206, 207, 208, 209, 210, 211, 212, 213, 214, 215, 216, 217, 218, 219, 220, 221, 222, 223, 224, 225, 226, 227, 228, 229, 230, 231, 232, 233, 234, 235, 236, 237, 238, 239, 240, 241, 242, 243, 244, 245, 246, 247, 248, 249, 250, 251, 252, 253, 254, 255, 256, 257, 258, 259, 260, 261, 262, 263, 264, 265, 266, 267, 268, 269, 270, 271, 272, 273, 274, 275, 276, 277, 278, 279, 280, 281, 282, 283, 284, 285, 286, 287, 288, 289, 290, 291, 292, 293, 294, 295, 296, 297, 298, 299, 300, 301, 302, 303, 304, 305, 306, 307, 308, 309, 310, 311, 312, 313, 314, 315, 316, 317, 318, 319, 320, 321, 322, 323, 324, 325, 326, 327, 328, 329, 330, 331, 332, 333, 334, 335, 336, 337, 370, 371, 372, 537, 538, 574, 575, 576, 577, 578, 579, 580, 581, 582, 583, 584, 585, 586, 587, 588, 589, 590, 591, 592, 593, 594, 595, 596, 597, 598, 599, 600, 601, 602, 603, 604, 605, 606, 607, 608, 609, 610, 611, 612, 613, 614, 615, 616, 617, 618, 619, 620, 621, 622, 623, 624, 625, 626, 627, 628, 629, 630, 631, 632, 633, 634, 635, 636, 637, 638, 639, 640, 641, 642, 643, 644, 645, 646, 647, 648, 649, 650, 651, 652, 653, 654, 655, 656, 657, 658, 659, 660, 661, 662, 663, 664, 665, 666, 667, 668, 669, 670, 671, 672, 673, 674, 675, 676, 677, 678, 679, 680, 681, 682, 683, 684, 685, 686, 687, 688, 689, 690, 691, 692, 693, 694, 695, 696, 697, 698, 699, 700, 701, 702, 703, 704, 705, 706, 707, 708, 709, 710, 711, 712, 713, 714, 715, 716, 717, 718, 719, 720, 721, 722, 723, 724, 725, 726, 727, 728, 729, 730, 731, 732, 733, 734, 735, 736, 737, 738, 739, 740, 741, 742, 743, 744, 745, 746, 747, 748, 749, 750, 751, 752, 753, 754, 755, 756, 757, 758, 759, 760, 761, 762, 763, 764, 765, 766, 767, 768, 769, 770, 771, 772, 773, 774, 775, 776, 777, 778, 779, 780, 781, 782, 783, 784, 785, 786, 787, 788, 789, 790, 791, 792, 793, 820, 821, 822]",True,"[164, 242, 289, 636, 706, 748]","[103, 104, 105, 106, 107, 108, 109, 110, 111, 112, 113, 114, 115, 116, 117, 118, 119, 120, 121, 122, 123, 124, 125, 126, 127, 128, 129, 130, 131, 132, 133, 134, 135, 136, 137, 138, 139, 140, 141, 142, 143, 144, 145, 146, 147, 148, 149, 150, 151, 152, 153, 154, 155, 156, 157, 158, 159, 160, 161, 162, 163, 164, 165, 166, 167, 168, 169, 170, 171, 172, 173, 174, 175, 176, 177, 178, 179, 180, 181, 182, 183, 184, 185, 186, 187, 188, 189, 190, 191, 192, 193, 194, 195, 196, 197, 198, 199, 200, 201, 202, 203, 204, 205, 206, 207, 208, 209, 210, 211, 212, 213, 214, 215, 216, 217, 218, 219, 220, 221, 222, 223, 224, 225, 226, 227, 228, 229, 230, 231, 232, 233, 234, 235, 236, 237, 238, 239, 240, 241, 242, 243, 244, 245, 246, 247, 248, 249, 250, 251, 252, 253, 254, 255, 256, 257, 258, 259, 260, 261, 262, 263, 264, 265, 266, 267, 268, 269, 270, 271, 272, 273, 274, 275, 276, 277, 278, 279, 280, 281, 282, 283, 284, 285, 286, 287, 288, 289, 290, 291, 292, 293, 294, 295, 296, 297, 298, 299, 300, 301, 302, 303, 304, 305, 306, 307, 308, 309, 310, 311, 312, 313, 314, 315, 316, 317, 318, 319, 320, 321, 322, 323, 324, 325, 326, 327, 328, 329, 330, 331, 332, 333, 334, 335, 336, 337, 574, 575, 576, 577, 578, 579, 580, 581, 582, 583, 584, 585, 586, 587, 588, 589, 590, 591, 592, 593, 594, 595, 596, 597, 598, 599, 600, 601, 602, 603, 604, 605, 606, 607, 608, 609, 610, 611, 612, 613, 614, 615, 616, 617, 618, 619, 620, 621, 622, 623, 624, 625, 626, 627, 628, 629, 630, 631, 632, 633, 634, 635, 636, 637, 638, 639, 640, 641, 642, 643, 644, 645, 646, 647, 648, 649, 650, 651, 652, 653, 654, 655, 656, 657, 658, 659, 660, 661, 662, 663, 664, 665, 666, 667, 668, 669, 670, 671, 672, 673, 674, 675, 676, 677, 678, 679, 680, 681, 682, 683, 684, 685, 686, 687, 688, 689, 690, 691, 692, 693, 694, 695, 696, 697, 698, 699, 700, 701, 702, 703, 704, 705, 706, 707, 708, 709, 710, 711, 712, 713, 714, 715, 716, 717, 718, 719, 720, 721, 722, 723, 724, 725, 726, 727, 728, 729, 730, 731, 732, 733, 734, 735, 736, 737, 738, 739, 740, 741, 742, 743, 744, 745, 746, 747, 748, 749, 750, 751, 752, 753, 754, 755, 756, 757, 758, 759, 760, 761, 762, 763, 764, 765, 766, 767, 768, 769, 770, 771, 772, 773, 774, 775, 776, 777, 778, 779, 780, 781, 782, 783, 784, 785, 786, 787, 788, 789, 790, 791, 792, 793]","[164, 242, 314, 636, 706, 772]","[242, 314, 706, 772]","[105, 114, 138, 141, 152, 153, 154, 155, 157, 159, 164, 165, 176, 182, 191, 192, 194, 195, 196, 200, 204, 208, 209, 210, 211, 215, 226, 228, 241, 242, 243, 245, 248, 249, 250, 257, 261, 270, 271, 282, 287, 289, 291, 294, 296, 298, 306, 308, 309, 311, 314, 327, 333, 335, 337, 576, 585, 609, 612, 623, 624, 626, 627, 629, 631, 636, 637, 647, 653, 662, 663, 665, 666, 667, 671, 674, 678, 679, 680, 681, 690, 692, 705, 706, 707, 709, 711, 712, 713, 719, 721, 729, 730, 741, 746, 748, 750, 753, 755, 757, 764, 766, 767, 769, 772, 785, 791]","[63, 64, 240, 241, 242, 243, 370, 371, 372, 537, 538, 704, 705, 706, 707, 820, 821, 822]",[],7/6 successful match,True,"[403, 404, 405, 406, 407, 408]",True,300,False,,,,,
"Wheeler Ridge , 93243 Petro Stopping Center # 27",661-663-4341 I-5 Exit 219 B ( Laval Rd W ),24 XL - 481,Wheeler Ridge,93243,Petro Stopping Center # 27,661-663-4341,2007,Lebec,CA,,( Laval Rd W ),I-5 Exit 219 B ,Exit,219,False,,False,I-5,,,,,"[706, 242]","[164, 242, 289, 636, 706, 748]","[164, 242, 314, 636, 706, 772]","[242, 314, 706, 772]","[103, 104, 105, 106, 107, 108, 109, 110, 111, 112, 113, 114, 115, 116, 117, 118, 119, 120, 121, 122, 123, 124, 125, 126, 127, 128, 129, 130, 131, 132, 133, 134, 135, 136, 137, 138, 139, 140, 141, 142, 143, 144, 145, 146, 147, 148, 149, 150, 151, 152, 153, 154, 155, 156, 157, 158, 159, 160, 161, 162, 163, 164, 165, 166, 167, 168, 169, 170, 171, 172, 173, 174, 175, 176, 177, 178, 179, 180, 181, 182, 183, 184, 185, 186, 187, 188, 189, 190, 191, 192, 193, 194, 195, 196, 197, 198, 199, 200, 201, 202, 203, 204, 205, 206, 207, 208, 209, 210, 211, 212, 213, 214, 215, 216, 217, 218, 219, 220, 221, 222, 223, 224, 225, 226, 227, 228, 229, 230, 231, 232, 233, 234, 235, 236, 237, 238, 239, 240, 241, 242, 243, 244, 245, 246, 247, 248, 249, 250, 251, 252, 253, 254, 255, 256, 257, 258, 259, 260, 261, 262, 263, 264, 265, 266, 267, 268, 269, 270, 271, 272, 273, 274, 275, 276, 277, 278, 279, 280, 281, 282, 283, 284, 285, 286, 287, 288, 289, 290, 291, 292, 293, 294, 295, 296, 297, 298, 299, 300, 301, 302, 303, 304, 305, 306, 307, 308, 309, 310, 311, 312, 313, 314, 315, 316, 317, 318, 319, 320, 321, 322, 323, 324, 325, 326, 327, 328, 329, 330, 331, 332, 333, 334, 335, 336, 337, 574, 575, 576, 577, 578, 579, 580, 581, 582, 583, 584, 585, 586, 587, 588, 589, 590, 591, 592, 593, 594, 595, 596, 597, 598, 599, 600, 601, 602, 603, 604, 605, 606, 607, 608, 609, 610, 611, 612, 613, 614, 615, 616, 617, 618, 619, 620, 621, 622, 623, 624, 625, 626, 627, 628, 629, 630, 631, 632, 633, 634, 635, 636, 637, 638, 639, 640, 641, 642, 643, 644, 645, 646, 647, 648, 649, 650, 651, 652, 653, 654, 655, 656, 657, 658, 659, 660, 661, 662, 663, 664, 665, 666, 667, 668, 669, 670, 671, 672, 673, 674, 675, 676, 677, 678, 679, 680, 681, 682, 683, 684, 685, 686, 687, 688, 689, 690, 691, 692, 693, 694, 695, 696, 697, 698, 699, 700, 701, 702, 703, 704, 705, 706, 707, 708, 709, 710, 711, 712, 713, 714, 715, 716, 717, 718, 719, 720, 721, 722, 723, 724, 725, 726, 727, 728, 729, 730, 731, 732, 733, 734, 735, 736, 737, 738, 739, 740, 741, 742, 743, 744, 745, 746, 747, 748, 749, 750, 751, 752, 753, 754, 755, 756, 757, 758, 759, 760, 761, 762, 763, 764, 765, 766, 767, 768, 769, 770, 771, 772, 773, 774, 775, 776, 777, 778, 779, 780, 781, 782, 783, 784, 785, 786, 787, 788, 789, 790, 791, 792, 793]","[105, 114, 138, 141, 152, 153, 154, 155, 157, 159, 164, 165, 176, 182, 191, 192, 194, 195, 196, 200, 204, 208, 209, 210, 211, 215, 226, 228, 241, 242, 243, 245, 248, 249, 250, 257, 261, 270, 271, 282, 287, 289, 291, 294, 296, 298, 306, 308, 309, 311, 314, 327, 333, 335, 337, 576, 585, 609, 612, 623, 624, 626, 627, 629, 631, 636, 637, 647, 653, 662, 663, 665, 666, 667, 671, 674, 678, 679, 680, 681, 690, 692, 705, 706, 707, 709, 711, 712, 713, 719, 721, 729, 730, 741, 746, 748, 750, 753, 755, 757, 764, 766, 767, 769, 772, 785, 791]",[],"[63, 64, 240, 241, 242, 243, 370, 371, 372, 537, 538, 704, 705, 706, 707, 820, 821, 822]","[63, 64, 103, 104, 105, 106, 107, 108, 109, 110, 111, 112, 113, 114, 115, 116, 117, 118, 119, 120, 121, 122, 123, 124, 125, 126, 127, 128, 129, 130, 131, 132, 133, 134, 135, 136, 137, 138, 139, 140, 141, 142, 143, 144, 145, 146, 147, 148, 149, 150, 151, 152, 153, 154, 155, 156, 157, 158, 159, 160, 161, 162, 163, 164, 165, 166, 167, 168, 169, 170, 171, 172, 173, 174, 175, 176, 177, 178, 179, 180, 181, 182, 183, 184, 185, 186, 187, 188, 189, 190, 191, 192, 193, 194, 195, 196, 197, 198, 199, 200, 201, 202, 203, 204, 205, 206, 207, 208, 209, 210, 211, 212, 213, 214, 215, 216, 217, 218, 219, 220, 221, 222, 223, 224, 225, 226, 227, 228, 229, 230, 231, 232, 233, 234, 235, 236, 237, 238, 239, 240, 241, 242, 243, 244, 245, 246, 247, 248, 249, 250, 251, 252, 253, 254, 255, 256, 257, 258, 259, 260, 261, 262, 263, 264, 265, 266, 267, 268, 269, 270, 271, 272, 273, 274, 275, 276, 277, 278, 279, 280, 281, 282, 283, 284, 285, 286, 287, 288, 289, 290, 291, 292, 293, 294, 295, 296, 297, 298, 299, 300, 301, 302, 303, 304, 305, 306, 307, 308, 309, 310, 311, 312, 313, 314, 315, 316, 317, 318, 319, 320, 321, 322, 323, 324, 325, 326, 327, 328, 329, 330, 331, 332, 333, 334, 335, 336, 337, 370, 371, 372, 537, 538, 574, 575, 576, 577, 578, 579, 580, 581, 582, 583, 584, 585, 586, 587, 588, 589, 590, 591, 592, 593, 594, 595, 596, 597, 598, 599, 600, 601, 602, 603, 604, 605, 606, 607, 608, 609, 610, 611, 612, 613, 614, 615, 616, 617, 618, 619, 620, 621, 622, 623, 624, 625, 626, 627, 628, 629, 630, 631, 632, 633, 634, 635, 636, 637, 638, 639, 640, 641, 642, 643, 644, 645, 646, 647, 648, 649, 650, 651, 652, 653, 654, 655, 656, 657, 658, 659, 660, 661, 662, 663, 664, 665, 666, 667, 668, 669, 670, 671, 672, 673, 674, 675, 676, 677, 678, 679, 680, 681, 682, 683, 684, 685, 686, 687, 688, 689, 690, 691, 692, 693, 694, 695, 696, 697, 698, 699, 700, 701, 702, 703, 704, 705, 706, 707, 708, 709, 710, 711, 712, 713, 714, 715, 716, 717, 718, 719, 720, 721, 722, 723, 724, 725, 726, 727, 728, 729, 730, 731, 732, 733, 734, 735, 736, 737, 738, 739, 740, 741, 742, 743, 744, 745, 746, 747, 748, 749, 750, 751, 752, 753, 754, 755, 756, 757, 758, 759, 760, 761, 762, 763, 764, 765, 766, 767, 768, 769, 770, 771, 772, 773, 774, 775, 776, 777, 778, 779, 780, 781, 782, 783, 784, 785, 786, 787, 788, 789, 790, 791, 792, 793, 820, 821, 822]",True,"[164, 242, 289, 636, 706, 748]","[103, 104, 105, 106, 107, 108, 109, 110, 111, 112, 113, 114, 115, 116, 117, 118, 119, 120, 121, 122, 123, 124, 125, 126, 127, 128, 129, 130, 131, 132, 133, 134, 135, 136, 137, 138, 139, 140, 141, 142, 143, 144, 145, 146, 147, 148, 149, 150, 151, 152, 153, 154, 155, 156, 157, 158, 159, 160, 161, 162, 163, 164, 165, 166, 167, 168, 169, 170, 171, 172, 173, 174, 175, 176, 177, 178, 179, 180, 181, 182, 183, 184, 185, 186, 187, 188, 189, 190, 191, 192, 193, 194, 195, 196, 197, 198, 199, 200, 201, 202, 203, 204, 205, 206, 207, 208, 209, 210, 211, 212, 213, 214, 215, 216, 217, 218, 219, 220, 221, 222, 223, 224, 225, 226, 227, 228, 229, 230, 231, 232, 233, 234, 235, 236, 237, 238, 239, 240, 241, 242, 243, 244, 245, 246, 247, 248, 249, 250, 251, 252, 253, 254, 255, 256, 257, 258, 259, 260, 261, 262, 263, 264, 265, 266, 267, 268, 269, 270, 271, 272, 273, 274, 275, 276, 277, 278, 279, 280, 281, 282, 283, 284, 285, 286, 287, 288, 289, 290, 291, 292, 293, 294, 295, 296, 297, 298, 299, 300, 301, 302, 303, 304, 305, 306, 307, 308, 309, 310, 311, 312, 313, 314, 315, 316, 317, 318, 319, 320, 321, 322, 323, 324, 325, 326, 327, 328, 329, 330, 331, 332, 333, 334, 335, 336, 337, 574, 575, 576, 577, 578, 579, 580, 581, 582, 583, 584, 585, 586, 587, 588, 589, 590, 591, 592, 593, 594, 595, 596, 597, 598, 599, 600, 601, 602, 603, 604, 605, 606, 607, 608, 609, 610, 611, 612, 613, 614, 615, 616, 617, 618, 619, 620, 621, 622, 623, 624, 625, 626, 627, 628, 629, 630, 631, 632, 633, 634, 635, 636, 637, 638, 639, 640, 641, 642, 643, 644, 645, 646, 647, 648, 649, 650, 651, 652, 653, 654, 655, 656, 657, 658, 659, 660, 661, 662, 663, 664, 665, 666, 667, 668, 669, 670, 671, 672, 673, 674, 675, 676, 677, 678, 679, 680, 681, 682, 683, 684, 685, 686, 687, 688, 689, 690, 691, 692, 693, 694, 695, 696, 697, 698, 699, 700, 701, 702, 703, 704, 705, 706, 707, 708, 709, 710, 711, 712, 713, 714, 715, 716, 717, 718, 719, 720, 721, 722, 723, 724, 725, 726, 727, 728, 729, 730, 731, 732, 733, 734, 735, 736, 737, 738, 739, 740, 741, 742, 743, 744, 745, 746, 747, 748, 749, 750, 751, 752, 753, 754, 755, 756, 757, 758, 759, 760, 761, 762, 763, 764, 765, 766, 767, 768, 769, 770, 771, 772, 773, 774, 775, 776, 777, 778, 779, 780, 781, 782, 783, 784, 785, 786, 787, 788, 789, 790, 791, 792, 793]","[164, 242, 314, 636, 706, 772]","[242, 314, 706, 772]","[105, 114, 138, 141, 152, 153, 154, 155, 157, 159, 164, 165, 176, 182, 191, 192, 194, 195, 196, 200, 204, 208, 209, 210, 211, 215, 226, 228, 241, 242, 243, 245, 248, 249, 250, 257, 261, 270, 271, 282, 287, 289, 291, 294, 296, 298, 306, 308, 309, 311, 314, 327, 333, 335, 337, 576, 585, 609, 612, 623, 624, 626, 627, 629, 631, 636, 637, 647, 653, 662, 663, 665, 666, 667, 671, 674, 678, 679, 680, 681, 690, 692, 705, 706, 707, 709, 711, 712, 713, 719, 721, 729, 730, 741, 746, 748, 750, 753, 755, 757, 764, 766, 767, 769, 772, 785, 791]","[63, 64, 240, 241, 242, 243, 370, 371, 372, 537, 538, 704, 705, 706, 707, 820, 821, 822]",[],7/6 successful match,True,"[403, 404, 405, 406, 407, 408]",True,300,False,,0.9142857142857143,True,Petro Stopping ),
"4 GWheeler 661-663-4341 Ridge , 93243 Petro Stopping Center ( Laval Rd # 27 E )",I-5 Exit 219 B ( Laval Rd PETRO 24 HRO,24 HRO X,Wheeler Ridge,93243,Petro Stopping Center ( Laval Rd # 27 E ),661-663-4341,2008,Lebec,CA,,( Laval Rd PETRO 24 HRO,I-5 Exit 219 B ,Exit,219,False,,False,I-5,,,,,"[706, 242]","[164, 242, 289, 636, 706, 748]","[164, 242, 314, 636, 706, 772]","[242, 314, 706, 772]","[103, 104, 105, 106, 107, 108, 109, 110, 111, 112, 113, 114, 115, 116, 117, 118, 119, 120, 121, 122, 123, 124, 125, 126, 127, 128, 129, 130, 131, 132, 133, 134, 135, 136, 137, 138, 139, 140, 141, 142, 143, 144, 145, 146, 147, 148, 149, 150, 151, 152, 153, 154, 155, 156, 157, 158, 159, 160, 161, 162, 163, 164, 165, 166, 167, 168, 169, 170, 171, 172, 173, 174, 175, 176, 177, 178, 179, 180, 181, 182, 183, 184, 185, 186, 187, 188, 189, 190, 191, 192, 193, 194, 195, 196, 197, 198, 199, 200, 201, 202, 203, 204, 205, 206, 207, 208, 209, 210, 211, 212, 213, 214, 215, 216, 217, 218, 219, 220, 221, 222, 223, 224, 225, 226, 227, 228, 229, 230, 231, 232, 233, 234, 235, 236, 237, 238, 239, 240, 241, 242, 243, 244, 245, 246, 247, 248, 249, 250, 251, 252, 253, 254, 255, 256, 257, 258, 259, 260, 261, 262, 263, 264, 265, 266, 267, 268, 269, 270, 271, 272, 273, 274, 275, 276, 277, 278, 279, 280, 281, 282, 283, 284, 285, 286, 287, 288, 289, 290, 291, 292, 293, 294, 295, 296, 297, 298, 299, 300, 301, 302, 303, 304, 305, 306, 307, 308, 309, 310, 311, 312, 313, 314, 315, 316, 317, 318, 319, 320, 321, 322, 323, 324, 325, 326, 327, 328, 329, 330, 331, 332, 333, 334, 335, 336, 337, 574, 575, 576, 577, 578, 579, 580, 581, 582, 583, 584, 585, 586, 587, 588, 589, 590, 591, 592, 593, 594, 595, 596, 597, 598, 599, 600, 601, 602, 603, 604, 605, 606, 607, 608, 609, 610, 611, 612, 613, 614, 615, 616, 617, 618, 619, 620, 621, 622, 623, 624, 625, 626, 627, 628, 629, 630, 631, 632, 633, 634, 635, 636, 637, 638, 639, 640, 641, 642, 643, 644, 645, 646, 647, 648, 649, 650, 651, 652, 653, 654, 655, 656, 657, 658, 659, 660, 661, 662, 663, 664, 665, 666, 667, 668, 669, 670, 671, 672, 673, 674, 675, 676, 677, 678, 679, 680, 681, 682, 683, 684, 685, 686, 687, 688, 689, 690, 691, 692, 693, 694, 695, 696, 697, 698, 699, 700, 701, 702, 703, 704, 705, 706, 707, 708, 709, 710, 711, 712, 713, 714, 715, 716, 717, 718, 719, 720, 721, 722, 723, 724, 725, 726, 727, 728, 729, 730, 731, 732, 733, 734, 735, 736, 737, 738, 739, 740, 741, 742, 743, 744, 745, 746, 747, 748, 749, 750, 751, 752, 753, 754, 755, 756, 757, 758, 759, 760, 761, 762, 763, 764, 765, 766, 767, 768, 769, 770, 771, 772, 773, 774, 775, 776, 777, 778, 779, 780, 781, 782, 783, 784, 785, 786, 787, 788, 789, 790, 791, 792, 793]","[105, 114, 138, 141, 152, 153, 154, 155, 157, 159, 164, 165, 176, 182, 191, 192, 194, 195, 196, 200, 204, 208, 209, 210, 211, 215, 226, 228, 241, 242, 243, 245, 248, 249, 250, 257, 261, 270, 271, 282, 287, 289, 291, 294, 296, 298, 306, 308, 309, 311, 314, 327, 333, 335, 337, 576, 585, 609, 612, 623, 624, 626, 627, 629, 631, 636, 637, 647, 653, 662, 663, 665, 666, 667, 671, 674, 678, 679, 680, 681, 690, 692, 705, 706, 707, 709, 711, 712, 713, 719, 721, 729, 730, 741, 746, 748, 750, 753, 755, 757, 764, 766, 767, 769, 772, 785, 791]",[],"[63, 64, 240, 241, 242, 243, 370, 371, 372, 537, 538, 704, 705, 706, 707, 820, 821, 822]","[63, 64, 103, 104, 105, 106, 107, 108, 109, 110, 111, 112, 113, 114, 115, 116, 117, 118, 119, 120, 121, 122, 123, 124, 125, 126, 127, 128, 129, 130, 131, 132, 133, 134, 135, 136, 137, 138, 139, 140, 141, 142, 143, 144, 145, 146, 147, 148, 149, 150, 151, 152, 153, 154, 155, 156, 157, 158, 159, 160, 161, 162, 163, 164, 165, 166, 167, 168, 169, 170, 171, 172, 173, 174, 175, 176, 177, 178, 179, 180, 181, 182, 183, 184, 185, 186, 187, 188, 189, 190, 191, 192, 193, 194, 195, 196, 197, 198, 199, 200, 201, 202, 203, 204, 205, 206, 207, 208, 209, 210, 211, 212, 213, 214, 215, 216, 217, 218, 219, 220, 221, 222, 223, 224, 225, 226, 227, 228, 229, 230, 231, 232, 233, 234, 235, 236, 237, 238, 239, 240, 241, 242, 243, 244, 245, 246, 247, 248, 249, 250, 251, 252, 253, 254, 255, 256, 257, 258, 259, 260, 261, 262, 263, 264, 265, 266, 267, 268, 269, 270, 271, 272, 273, 274, 275, 276, 277, 278, 279, 280, 281, 282, 283, 284, 285, 286, 287, 288, 289, 290, 291, 292, 293, 294, 295, 296, 297, 298, 299, 300, 301, 302, 303, 304, 305, 306, 307, 308, 309, 310, 311, 312, 313, 314, 315, 316, 317, 318, 319, 320, 321, 322, 323, 324, 325, 326, 327, 328, 329, 330, 331, 332, 333, 334, 335, 336, 337, 370, 371, 372, 537, 538, 574, 575, 576, 577, 578, 579, 580, 581, 582, 583, 584, 585, 586, 587, 588, 589, 590, 591, 592, 593, 594, 595, 596, 597, 598, 599, 600, 601, 602, 603, 604, 605, 606, 607, 608, 609, 610, 611, 612, 613, 614, 615, 616, 617, 618, 619, 620, 621, 622, 623, 624, 625, 626, 627, 628, 629, 630, 631, 632, 633, 634, 635, 636, 637, 638, 639, 640, 641, 642, 643, 644, 645, 646, 647, 648, 649, 650, 651, 652, 653, 654, 655, 656, 657, 658, 659, 660, 661, 662, 663, 664, 665, 666, 667, 668, 669, 670, 671, 672, 673, 674, 675, 676, 677, 678, 679, 680, 681, 682, 683, 684, 685, 686, 687, 688, 689, 690, 691, 692, 693, 694, 695, 696, 697, 698, 699, 700, 701, 702, 703, 704, 705, 706, 707, 708, 709, 710, 711, 712, 713, 714, 715, 716, 717, 718, 719, 720, 721, 722, 723, 724, 725, 726, 727, 728, 729, 730, 731, 732, 733, 734, 735, 736, 737, 738, 739, 740, 741, 742, 743, 744, 745, 746, 747, 748, 749, 750, 751, 752, 753, 754, 755, 756, 757, 758, 759, 760, 761, 762, 763, 764, 765, 766, 767, 768, 769, 770, 771, 772, 773, 774, 775, 776, 777, 778, 779, 780, 781, 782, 783, 784, 785, 786, 787, 788, 789, 790, 791, 792, 793, 820, 821, 822]",True,"[164, 242, 289, 636, 706, 748]","[103, 104, 105, 106, 107, 108, 109, 110, 111, 112, 113, 114, 115, 116, 117, 118, 119, 120, 121, 122, 123, 124, 125, 126, 127, 128, 129, 130, 131, 132, 133, 134, 135, 136, 137, 138, 139, 140, 141, 142, 143, 144, 145, 146, 147, 148, 149, 150, 151, 152, 153, 154, 155, 156, 157, 158, 159, 160, 161, 162, 163, 164, 165, 166, 167, 168, 169, 170, 171, 172, 173, 174, 175, 176, 177, 178, 179, 180, 181, 182, 183, 184, 185, 186, 187, 188, 189, 190, 191, 192, 193, 194, 195, 196, 197, 198, 199, 200, 201, 202, 203, 204, 205, 206, 207, 208, 209, 210, 211, 212, 213, 214, 215, 216, 217, 218, 219, 220, 221, 222, 223, 224, 225, 226, 227, 228, 229, 230, 231, 232, 233, 234, 235, 236, 237, 238, 239, 240, 241, 242, 243, 244, 245, 246, 247, 248, 249, 250, 251, 252, 253, 254, 255, 256, 257, 258, 259, 260, 261, 262, 263, 264, 265, 266, 267, 268, 269, 270, 271, 272, 273, 274, 275, 276, 277, 278, 279, 280, 281, 282, 283, 284, 285, 286, 287, 288, 289, 290, 291, 292, 293, 294, 295, 296, 297, 298, 299, 300, 301, 302, 303, 304, 305, 306, 307, 308, 309, 310, 311, 312, 313, 314, 315, 316, 317, 318, 319, 320, 321, 322, 323, 324, 325, 326, 327, 328, 329, 330, 331, 332, 333, 334, 335, 336, 337, 574, 575, 576, 577, 578, 579, 580, 581, 582, 583, 584, 585, 586, 587, 588, 589, 590, 591, 592, 593, 594, 595, 596, 597, 598, 599, 600, 601, 602, 603, 604, 605, 606, 607, 608, 609, 610, 611, 612, 613, 614, 615, 616, 617, 618, 619, 620, 621, 622, 623, 624, 625, 626, 627, 628, 629, 630, 631, 632, 633, 634, 635, 636, 637, 638, 639, 640, 641, 642, 643, 644, 645, 646, 647, 648, 649, 650, 651, 652, 653, 654, 655, 656, 657, 658, 659, 660, 661, 662, 663, 664, 665, 666, 667, 668, 669, 670, 671, 672, 673, 674, 675, 676, 677, 678, 679, 680, 681, 682, 683, 684, 685, 686, 687, 688, 689, 690, 691, 692, 693, 694, 695, 696, 697, 698, 699, 700, 701, 702, 703, 704, 705, 706, 707, 708, 709, 710, 711, 712, 713, 714, 715, 716, 717, 718, 719, 720, 721, 722, 723, 724, 725, 726, 727, 728, 729, 730, 731, 732, 733, 734, 735, 736, 737, 738, 739, 740, 741, 742, 743, 744, 745, 746, 747, 748, 749, 750, 751, 752, 753, 754, 755, 756, 757, 758, 759, 760, 761, 762, 763, 764, 765, 766, 767, 768, 769, 770, 771, 772, 773, 774, 775, 776, 777, 778, 779, 780, 781, 782, 783, 784, 785, 786, 787, 788, 789, 790, 791, 792, 793]","[164, 242, 314, 636, 706, 772]","[242, 314, 706, 772]","[105, 114, 138, 141, 152, 153, 154, 155, 157, 159, 164, 165, 176, 182, 191, 192, 194, 195, 196, 200, 204, 208, 209, 210, 211, 215, 226, 228, 241, 242, 243, 245, 248, 249, 250, 257, 261, 270, 271, 282, 287, 289, 291, 294, 296, 298, 306, 308, 309, 311, 314, 327, 333, 335, 337, 576, 585, 609, 612, 623, 624, 626, 627, 629, 631, 636, 637, 647, 653, 662, 663, 665, 666, 667, 671, 674, 678, 679, 680, 681, 690, 692, 705, 706, 707, 709, 711, 712, 713, 719, 721, 729, 730, 741, 746, 748, 750, 753, 755, 757, 764, 766, 767, 769, 772, 785, 791]","[63, 64, 240, 241, 242, 243, 370, 371, 372, 537, 538, 704, 705, 706, 707, 820, 821, 822]",[],7/6 successful match,True,"[403, 404, 405, 406, 407, 408]",True,300,False,,1.0,True,Petro Stopping Center # 27,
Wheeler Ridge ( 93243 ) Petro Wheeler Ridge # 327 ( Mobil ),661-663-4341 I-5 Exit 219 B ( Laval Rd W ),PETRO 22 <U+2610> XLO 24,Wheeler Ridge,93243,Petro Wheeler Ridge # 327 ( Mobil ),661-663-4341,2014,Lebec,CA,Mobil,( Laval Rd W ),I-5 Exit 219 B ,Exit,219,False,,False,I-5,,,,,"[706, 242]","[164, 242, 289, 636, 706, 748]","[164, 242, 314, 636, 706, 772]","[242, 314, 706, 772]","[103, 104, 105, 106, 107, 108, 109, 110, 111, 112, 113, 114, 115, 116, 117, 118, 119, 120, 121, 122, 123, 124, 125, 126, 127, 128, 129, 130, 131, 132, 133, 134, 135, 136, 137, 138, 139, 140, 141, 142, 143, 144, 145, 146, 147, 148, 149, 150, 151, 152, 153, 154, 155, 156, 157, 158, 159, 160, 161, 162, 163, 164, 165, 166, 167, 168, 169, 170, 171, 172, 173, 174, 175, 176, 177, 178, 179, 180, 181, 182, 183, 184, 185, 186, 187, 188, 189, 190, 191, 192, 193, 194, 195, 196, 197, 198, 199, 200, 201, 202, 203, 204, 205, 206, 207, 208, 209, 210, 211, 212, 213, 214, 215, 216, 217, 218, 219, 220, 221, 222, 223, 224, 225, 226, 227, 228, 229, 230, 231, 232, 233, 234, 235, 236, 237, 238, 239, 240, 241, 242, 243, 244, 245, 246, 247, 248, 249, 250, 251, 252, 253, 254, 255, 256, 257, 258, 259, 260, 261, 262, 263, 264, 265, 266, 267, 268, 269, 270, 271, 272, 273, 274, 275, 276, 277, 278, 279, 280, 281, 282, 283, 284, 285, 286, 287, 288, 289, 290, 291, 292, 293, 294, 295, 296, 297, 298, 299, 300, 301, 302, 303, 304, 305, 306, 307, 308, 309, 310, 311, 312, 313, 314, 315, 316, 317, 318, 319, 320, 321, 322, 323, 324, 325, 326, 327, 328, 329, 330, 331, 332, 333, 334, 335, 336, 337, 574, 575, 576, 577, 578, 579, 580, 581, 582, 583, 584, 585, 586, 587, 588, 589, 590, 591, 592, 593, 594, 595, 596, 597, 598, 599, 600, 601, 602, 603, 604, 605, 606, 607, 608, 609, 610, 611, 612, 613, 614, 615, 616, 617, 618, 619, 620, 621, 622, 623, 624, 625, 626, 627, 628, 629, 630, 631, 632, 633, 634, 635, 636, 637, 638, 639, 640, 641, 642, 643, 644, 645, 646, 647, 648, 649, 650, 651, 652, 653, 654, 655, 656, 657, 658, 659, 660, 661, 662, 663, 664, 665, 666, 667, 668, 669, 670, 671, 672, 673, 674, 675, 676, 677, 678, 679, 680, 681, 682, 683, 684, 685, 686, 687, 688, 689, 690, 691, 692, 693, 694, 695, 696, 697, 698, 699, 700, 701, 702, 703, 704, 705, 706, 707, 708, 709, 710, 711, 712, 713, 714, 715, 716, 717, 718, 719, 720, 721, 722, 723, 724, 725, 726, 727, 728, 729, 730, 731, 732, 733, 734, 735, 736, 737, 738, 739, 740, 741, 742, 743, 744, 745, 746, 747, 748, 749, 750, 751, 752, 753, 754, 755, 756, 757, 758, 759, 760, 761, 762, 763, 764, 765, 766, 767, 768, 769, 770, 771, 772, 773, 774, 775, 776, 777, 778, 779, 780, 781, 782, 783, 784, 785, 786, 787, 788, 789, 790, 791, 792, 793]","[105, 114, 138, 141, 152, 153, 154, 155, 157, 159, 164, 165, 176, 182, 191, 192, 194, 195, 196, 200, 204, 208, 209, 210, 211, 215, 226, 228, 241, 242, 243, 245, 248, 249, 250, 257, 261, 270, 271, 282, 287, 289, 291, 294, 296, 298, 306, 308, 309, 311, 314, 327, 333, 335, 337, 576, 585, 609, 612, 623, 624, 626, 627, 629, 631, 636, 637, 647, 653, 662, 663, 665, 666, 667, 671, 674, 678, 679, 680, 681, 690, 692, 705, 706, 707, 709, 711, 712, 713, 719, 721, 729, 730, 741, 746, 748, 750, 753, 755, 757, 764, 766, 767, 769, 772, 785, 791]","[4, 59, 232, 269, 299, 490, 535, 696, 728, 758]","[4, 59, 63, 64, 232, 240, 241, 242, 243, 269, 299, 370, 371, 372, 490, 535, 537, 538, 696, 704, 705, 706, 707, 728, 758, 820, 821, 822]","[4, 59, 63, 64, 103, 104, 105, 106, 107, 108, 109, 110, 111, 112, 113, 114, 115, 116, 117, 118, 119, 120, 121, 122, 123, 124, 125, 126, 127, 128, 129, 130, 131, 132, 133, 134, 135, 136, 137, 138, 139, 140, 141, 142, 143, 144, 145, 146, 147, 148, 149, 150, 151, 152, 153, 154, 155, 156, 157, 158, 159, 160, 161, 162, 163, 164, 165, 166, 167, 168, 169, 170, 171, 172, 173, 174, 175, 176, 177, 178, 179, 180, 181, 182, 183, 184, 185, 186, 187, 188, 189, 190, 191, 192, 193, 194, 195, 196, 197, 198, 199, 200, 201, 202, 203, 204, 205, 206, 207, 208, 209, 210, 211, 212, 213, 214, 215, 216, 217, 218, 219, 220, 221, 222, 223, 224, 225, 226, 227, 228, 229, 230, 231, 232, 233, 234, 235, 236, 237, 238, 239, 240, 241, 242, 243, 244, 245, 246, 247, 248, 249, 250, 251, 252, 253, 254, 255, 256, 257, 258, 259, 260, 261, 262, 263, 264, 265, 266, 267, 268, 269, 270, 271, 272, 273, 274, 275, 276, 277, 278, 279, 280, 281, 282, 283, 284, 285, 286, 287, 288, 289, 290, 291, 292, 293, 294, 295, 296, 297, 298, 299, 300, 301, 302, 303, 304, 305, 306, 307, 308, 309, 310, 311, 312, 313, 314, 315, 316, 317, 318, 319, 320, 321, 322, 323, 324, 325, 326, 327, 328, 329, 330, 331, 332, 333, 334, 335, 336, 337, 370, 371, 372, 490, 535, 537, 538, 574, 575, 576, 577, 578, 579, 580, 581, 582, 583, 584, 585, 586, 587, 588, 589, 590, 591, 592, 593, 594, 595, 596, 597, 598, 599, 600, 601, 602, 603, 604, 605, 606, 607, 608, 609, 610, 611, 612, 613, 614, 615, 616, 617, 618, 619, 620, 621, 622, 623, 624, 625, 626, 627, 628, 629, 630, 631, 632, 633, 634, 635, 636, 637, 638, 639, 640, 641, 642, 643, 644, 645, 646, 647, 648, 649, 650, 651, 652, 653, 654, 655, 656, 657, 658, 659, 660, 661, 662, 663, 664, 665, 666, 667, 668, 669, 670, 671, 672, 673, 674, 675, 676, 677, 678, 679, 680, 681, 682, 683, 684, 685, 686, 687, 688, 689, 690, 691, 692, 693, 694, 695, 696, 697, 698, 699, 700, 701, 702, 703, 704, 705, 706, 707, 708, 709, 710, 711, 712, 713, 714, 715, 716, 717, 718, 719, 720, 721, 722, 723, 724, 725, 726, 727, 728, 729, 730, 731, 732, 733, 734, 735, 736, 737, 738, 739, 740, 741, 742, 743, 744, 745, 746, 747, 748, 749, 750, 751, 752, 753, 754, 755, 756, 757, 758, 759, 760, 761, 762, 763, 764, 765, 766, 767, 768, 769, 770, 771, 772, 773, 774, 775, 776, 777, 778, 779, 780, 781, 782, 783, 784, 785, 786, 787, 788, 789, 790, 791, 792, 793, 820, 821, 822]",True,"[164, 242, 289, 636, 706, 748]","[103, 104, 105, 106, 107, 108, 109, 110, 111, 112, 113, 114, 115, 116, 117, 118, 119, 120, 121, 122, 123, 124, 125, 126, 127, 128, 129, 130, 131, 132, 133, 134, 135, 136, 137, 138, 139, 140, 141, 142, 143, 144, 145, 146, 147, 148, 149, 150, 151, 152, 153, 154, 155, 156, 157, 158, 159, 160, 161, 162, 163, 164, 165, 166, 167, 168, 169, 170, 171, 172, 173, 174, 175, 176, 177, 178, 179, 180, 181, 182, 183, 184, 185, 186, 187, 188, 189, 190, 191, 192, 193, 194, 195, 196, 197, 198, 199, 200, 201, 202, 203, 204, 205, 206, 207, 208, 209, 210, 211, 212, 213, 214, 215, 216, 217, 218, 219, 220, 221, 222, 223, 224, 225, 226, 227, 228, 229, 230, 231, 232, 233, 234, 235, 236, 237, 238, 239, 240, 241, 242, 243, 244, 245, 246, 247, 248, 249, 250, 251, 252, 253, 254, 255, 256, 257, 258, 259, 260, 261, 262, 263, 264, 265, 266, 267, 268, 269, 270, 271, 272, 273, 274, 275, 276, 277, 278, 279, 280, 281, 282, 283, 284, 285, 286, 287, 288, 289, 290, 291, 292, 293, 294, 295, 296, 297, 298, 299, 300, 301, 302, 303, 304, 305, 306, 307, 308, 309, 310, 311, 312, 313, 314, 315, 316, 317, 318, 319, 320, 321, 322, 323, 324, 325, 326, 327, 328, 329, 330, 331, 332, 333, 334, 335, 336, 337, 574, 575, 576, 577, 578, 579, 580, 581, 582, 583, 584, 585, 586, 587, 588, 589, 590, 591, 592, 593, 594, 595, 596, 597, 598, 599, 600, 601, 602, 603, 604, 605, 606, 607, 608, 609, 610, 611, 612, 613, 614, 615, 616, 617, 618, 619, 620, 621, 622, 623, 624, 625, 626, 627, 628, 629, 630, 631, 632, 633, 634, 635, 636, 637, 638, 639, 640, 641, 642, 643, 644, 645, 646, 647, 648, 649, 650, 651, 652, 653, 654, 655, 656, 657, 658, 659, 660, 661, 662, 663, 664, 665, 666, 667, 668, 669, 670, 671, 672, 673, 674, 675, 676, 677, 678, 679, 680, 681, 682, 683, 684, 685, 686, 687, 688, 689, 690, 691, 692, 693, 694, 695, 696, 697, 698, 699, 700, 701, 702, 703, 704, 705, 706, 707, 708, 709, 710, 711, 712, 713, 714, 715, 716, 717, 718, 719, 720, 721, 722, 723, 724, 725, 726, 727, 728, 729, 730, 731, 732, 733, 734, 735, 736, 737, 738, 739, 740, 741, 742, 743, 744, 745, 746, 747, 748, 749, 750, 751, 752, 753, 754, 755, 756, 757, 758, 759, 760, 761, 762, 763, 764, 765, 766, 767, 768, 769, 770, 771, 772, 773, 774, 775, 776, 777, 778, 779, 780, 781, 782, 783, 784, 785, 786, 787, 788, 789, 790, 791, 792, 793]","[164, 242, 314, 636, 706, 772]","[242, 314, 706, 772]","[105, 114, 138, 141, 152, 153, 154, 155, 157, 159, 164, 165, 176, 182, 191, 192, 194, 195, 196, 200, 204, 208, 209, 210, 211, 215, 226, 228, 241, 242, 243, 245, 248, 249, 250, 257, 261, 270, 271, 282, 287, 289, 291, 294, 296, 298, 306, 308, 309, 311, 314, 327, 333, 335, 337, 576, 585, 609, 612, 623, 624, 626, 627, 629, 631, 636, 637, 647, 653, 662, 663, 665, 666, 667, 671, 674, 678, 679, 680, 681, 690, 692, 705, 706, 707, 709, 711, 712, 713, 719, 721, 729, 730, 741, 746, 748, 750, 753, 755, 757, 764, 766, 767, 769, 772, 785, 791]","[4, 59, 63, 64, 232, 240, 241, 242, 243, 269, 299, 370, 371, 372, 490, 535, 537, 538, 696, 704, 705, 706, 707, 728, 758, 820, 821, 822]","[4, 59, 232, 269, 299, 490, 535, 696, 728, 758]",6/6 successful match,True,"[403, 404, 405, 406, 407, 408]",True,300,False,,0.40789473684210525,True,Petro Stopping Center ( Laval Rd # 27 E ),
Wheeler Ridge ( 93243 ) Petro Wheeler Ridge # Rd 327 E ),661-663-4341 I-5 Exit 219 B,PETRO 24 RS <U+2610> XL 24,Wheeler Ridge,93243,Petro Wheeler Ridge # Rd 327 E ),661-663-4341,2015,Lebec,CA,,,I-5 Exit 219 B,Exit,219,False,,False,I-5,,,,,"[706, 242]","[164, 242, 289, 636, 706, 748]","[164, 242, 314, 636, 706, 772]","[242, 314, 706, 772]","[103, 104, 105, 106, 107, 108, 109, 110, 111, 112, 113, 114, 115, 116, 117, 118, 119, 120, 121, 122, 123, 124, 125, 126, 127, 128, 129, 130, 131, 132, 133, 134, 135, 136, 137, 138, 139, 140, 141, 142, 143, 144, 145, 146, 147, 148, 149, 150, 151, 152, 153, 154, 155, 156, 157, 158, 159, 160, 161, 162, 163, 164, 165, 166, 167, 168, 169, 170, 171, 172, 173, 174, 175, 176, 177, 178, 179, 180, 181, 182, 183, 184, 185, 186, 187, 188, 189, 190, 191, 192, 193, 194, 195, 196, 197, 198, 199, 200, 201, 202, 203, 204, 205, 206, 207, 208, 209, 210, 211, 212, 213, 214, 215, 216, 217, 218, 219, 220, 221, 222, 223, 224, 225, 226, 227, 228, 229, 230, 231, 232, 233, 234, 235, 236, 237, 238, 239, 240, 241, 242, 243, 244, 245, 246, 247, 248, 249, 250, 251, 252, 253, 254, 255, 256, 257, 258, 259, 260, 261, 262, 263, 264, 265, 266, 267, 268, 269, 270, 271, 272, 273, 274, 275, 276, 277, 278, 279, 280, 281, 282, 283, 284, 285, 286, 287, 288, 289, 290, 291, 292, 293, 294, 295, 296, 297, 298, 299, 300, 301, 302, 303, 304, 305, 306, 307, 308, 309, 310, 311, 312, 313, 314, 315, 316, 317, 318, 319, 320, 321, 322, 323, 324, 325, 326, 327, 328, 329, 330, 331, 332, 333, 334, 335, 336, 337, 574, 575, 576, 577, 578, 579, 580, 581, 582, 583, 584, 585, 586, 587, 588, 589, 590, 591, 592, 593, 594, 595, 596, 597, 598, 599, 600, 601, 602, 603, 604, 605, 606, 607, 608, 609, 610, 611, 612, 613, 614, 615, 616, 617, 618, 619, 620, 621, 622, 623, 624, 625, 626, 627, 628, 629, 630, 631, 632, 633, 634, 635, 636, 637, 638, 639, 640, 641, 642, 643, 644, 645, 646, 647, 648, 649, 650, 651, 652, 653, 654, 655, 656, 657, 658, 659, 660, 661, 662, 663, 664, 665, 666, 667, 668, 669, 670, 671, 672, 673, 674, 675, 676, 677, 678, 679, 680, 681, 682, 683, 684, 685, 686, 687, 688, 689, 690, 691, 692, 693, 694, 695, 696, 697, 698, 699, 700, 701, 702, 703, 704, 705, 706, 707, 708, 709, 710, 711, 712, 713, 714, 715, 716, 717, 718, 719, 720, 721, 722, 723, 724, 725, 726, 727, 728, 729, 730, 731, 732, 733, 734, 735, 736, 737, 738, 739, 740, 741, 742, 743, 744, 745, 746, 747, 748, 749, 750, 751, 752, 753, 754, 755, 756, 757, 758, 759, 760, 761, 762, 763, 764, 765, 766, 767, 768, 769, 770, 771, 772, 773, 774, 775, 776, 777, 778, 779, 780, 781, 782, 783, 784, 785, 786, 787, 788, 789, 790, 791, 792, 793]","[105, 114, 138, 141, 152, 153, 154, 155, 157, 159, 164, 165, 176, 182, 191, 192, 194, 195, 196, 200, 204, 208, 209, 210, 211, 215, 226, 228, 241, 242, 243, 245, 248, 249, 250, 257, 261, 270, 271, 282, 287, 289, 291, 294, 296, 298, 306, 308, 309, 311, 314, 327, 333, 335, 337, 576, 585, 609, 612, 623, 624, 626, 627, 629, 631, 636, 637, 647, 653, 662, 663, 665, 666, 667, 671, 674, 678, 679, 680, 681, 690, 692, 705, 706, 707, 709, 711, 712, 713, 719, 721, 729, 730, 741, 746, 748, 750, 753, 755, 757, 764, 766, 767, 769, 772, 785, 791]",[],"[63, 64, 240, 241, 242, 243, 370, 371, 372, 537, 538, 704, 705, 706, 707, 820, 821, 822]","[63, 64, 103, 104, 105, 106, 107, 108, 109, 110, 111, 112, 113, 114, 115, 116, 117, 118, 119, 120, 121, 122, 123, 124, 125, 126, 127, 128, 129, 130, 131, 132, 133, 134, 135, 136, 137, 138, 139, 140, 141, 142, 143, 144, 145, 146, 147, 148, 149, 150, 151, 152, 153, 154, 155, 156, 157, 158, 159, 160, 161, 162, 163, 164, 165, 166, 167, 168, 169, 170, 171, 172, 173, 174, 175, 176, 177, 178, 179, 180, 181, 182, 183, 184, 185, 186, 187, 188, 189, 190, 191, 192, 193, 194, 195, 196, 197, 198, 199, 200, 201, 202, 203, 204, 205, 206, 207, 208, 209, 210, 211, 212, 213, 214, 215, 216, 217, 218, 219, 220, 221, 222, 223, 224, 225, 226, 227, 228, 229, 230, 231, 232, 233, 234, 235, 236, 237, 238, 239, 240, 241, 242, 243, 244, 245, 246, 247, 248, 249, 250, 251, 252, 253, 254, 255, 256, 257, 258, 259, 260, 261, 262, 263, 264, 265, 266, 267, 268, 269, 270, 271, 272, 273, 274, 275, 276, 277, 278, 279, 280, 281, 282, 283, 284, 285, 286, 287, 288, 289, 290, 291, 292, 293, 294, 295, 296, 297, 298, 299, 300, 301, 302, 303, 304, 305, 306, 307, 308, 309, 310, 311, 312, 313, 314, 315, 316, 317, 318, 319, 320, 321, 322, 323, 324, 325, 326, 327, 328, 329, 330, 331, 332, 333, 334, 335, 336, 337, 370, 371, 372, 537, 538, 574, 575, 576, 577, 578, 579, 580, 581, 582, 583, 584, 585, 586, 587, 588, 589, 590, 591, 592, 593, 594, 595, 596, 597, 598, 599, 600, 601, 602, 603, 604, 605, 606, 607, 608, 609, 610, 611, 612, 613, 614, 615, 616, 617, 618, 619, 620, 621, 622, 623, 624, 625, 626, 627, 628, 629, 630, 631, 632, 633, 634, 635, 636, 637, 638, 639, 640, 641, 642, 643, 644, 645, 646, 647, 648, 649, 650, 651, 652, 653, 654, 655, 656, 657, 658, 659, 660, 661, 662, 663, 664, 665, 666, 667, 668, 669, 670, 671, 672, 673, 674, 675, 676, 677, 678, 679, 680, 681, 682, 683, 684, 685, 686, 687, 688, 689, 690, 691, 692, 693, 694, 695, 696, 697, 698, 699, 700, 701, 702, 703, 704, 705, 706, 707, 708, 709, 710, 711, 712, 713, 714, 715, 716, 717, 718, 719, 720, 721, 722, 723, 724, 725, 726, 727, 728, 729, 730, 731, 732, 733, 734, 735, 736, 737, 738, 739, 740, 741, 742, 743, 744, 745, 746, 747, 748, 749, 750, 751, 752, 753, 754, 755, 756, 757, 758, 759, 760, 761, 762, 763, 764, 765, 766, 767, 768, 769, 770, 771, 772, 773, 774, 775, 776, 777, 778, 779, 780, 781, 782, 783, 784, 785, 786, 787, 788, 789, 790, 791, 792, 793, 820, 821, 822]",True,"[164, 242, 289, 636, 706, 748]","[103, 104, 105, 106, 107, 108, 109, 110, 111, 112, 113, 114, 115, 116, 117, 118, 119, 120, 121, 122, 123, 124, 125, 126, 127, 128, 129, 130, 131, 132, 133, 134, 135, 136, 137, 138, 139, 140, 141, 142, 143, 144, 145, 146, 147, 148, 149, 150, 151, 152, 153, 154, 155, 156, 157, 158, 159, 160, 161, 162, 163, 164, 165, 166, 167, 168, 169, 170, 171, 172, 173, 174, 175, 176, 177, 178, 179, 180, 181, 182, 183, 184, 185, 186, 187, 188, 189, 190, 191, 192, 193, 194, 195, 196, 197, 198, 199, 200, 201, 202, 203, 204, 205, 206, 207, 208, 209, 210, 211, 212, 213, 214, 215, 216, 217, 218, 219, 220, 221, 222, 223, 224, 225, 226, 227, 228, 229, 230, 231, 232, 233, 234, 235, 236, 237, 238, 239, 240, 241, 242, 243, 244, 245, 246, 247, 248, 249, 250, 251, 252, 253, 254, 255, 256, 257, 258, 259, 260, 261, 262, 263, 264, 265, 266, 267, 268, 269, 270, 271, 272, 273, 274, 275, 276, 277, 278, 279, 280, 281, 282, 283, 284, 285, 286, 287, 288, 289, 290, 291, 292, 293, 294, 295, 296, 297, 298, 299, 300, 301, 302, 303, 304, 305, 306, 307, 308, 309, 310, 311, 312, 313, 314, 315, 316, 317, 318, 319, 320, 321, 322, 323, 324, 325, 326, 327, 328, 329, 330, 331, 332, 333, 334, 335, 336, 337, 574, 575, 576, 577, 578, 579, 580, 581, 582, 583, 584, 585, 586, 587, 588, 589, 590, 591, 592, 593, 594, 595, 596, 597, 598, 599, 600, 601, 602, 603, 604, 605, 606, 607, 608, 609, 610, 611, 612, 613, 614, 615, 616, 617, 618, 619, 620, 621, 622, 623, 624, 625, 626, 627, 628, 629, 630, 631, 632, 633, 634, 635, 636, 637, 638, 639, 640, 641, 642, 643, 644, 645, 646, 647, 648, 649, 650, 651, 652, 653, 654, 655, 656, 657, 658, 659, 660, 661, 662, 663, 664, 665, 666, 667, 668, 669, 670, 671, 672, 673, 674, 675, 676, 677, 678, 679, 680, 681, 682, 683, 684, 685, 686, 687, 688, 689, 690, 691, 692, 693, 694, 695, 696, 697, 698, 699, 700, 701, 702, 703, 704, 705, 706, 707, 708, 709, 710, 711, 712, 713, 714, 715, 716, 717, 718, 719, 720, 721, 722, 723, 724, 725, 726, 727, 728, 729, 730, 731, 732, 733, 734, 735, 736, 737, 738, 739, 740, 741, 742, 743, 744, 745, 746, 747, 748, 749, 750, 751, 752, 753, 754, 755, 756, 757, 758, 759, 760, 761, 762, 763, 764, 765, 766, 767, 768, 769, 770, 771, 772, 773, 774, 775, 776, 777, 778, 779, 780, 781, 782, 783, 784, 785, 786, 787, 788, 789, 790, 791, 792, 793]","[164, 242, 314, 636, 706, 772]","[242, 314, 706, 772]","[105, 114, 138, 141, 152, 153, 154, 155, 157, 159, 164, 165, 176, 182, 191, 192, 194, 195, 196, 200, 204, 208, 209, 210, 211, 215, 226, 228, 241, 242, 243, 245, 248, 249, 250, 257, 261, 270, 271, 282, 287, 289, 291, 294, 296, 298, 306, 308, 309, 311, 314, 327, 333, 335, 337, 576, 585, 609, 612, 623, 624, 626, 627, 629, 631, 636, 637, 647, 653, 662, 663, 665, 666, 667, 671, 674, 678, 679, 680, 681, 690, 692, 705, 706, 707, 709, 711, 712, 713, 719, 721, 729, 730, 741, 746, 748, 750, 753, 755, 757, 764, 766, 767, 769, 772, 785, 791]","[63, 64, 240, 241, 242, 243, 370, 371, 372, 537, 538, 704, 705, 706, 707, 820, 821, 822]",[],7/6 successful match,True,"[403, 404, 405, 406, 407, 408]",True,300,False,,1.0,True,Petro Wheeler Ridge # 327 ( Mobil ),Mobil
Wheeler Ridge ( 93243 ) Petro Wheeler Ridge # 327,661-663-4341 I-5 Exit 219 B ( Laval Rd W ),PETRO 24 XL 24,Wheeler Ridge,93243,Petro Wheeler Ridge # 327,661-663-4341,2016,Lebec,CA,,( Laval Rd W ),I-5 Exit 219 B ,Exit,219,False,,False,I-5,,,,,"[706, 242]","[164, 242, 289, 636, 706, 748]","[164, 242, 314, 636, 706, 772]","[242, 314, 706, 772]","[103, 104, 105, 106, 107, 108, 109, 110, 111, 112, 113, 114, 115, 116, 117, 118, 119, 120, 121, 122, 123, 124, 125, 126, 127, 128, 129, 130, 131, 132, 133, 134, 135, 136, 137, 138, 139, 140, 141, 142, 143, 144, 145, 146, 147, 148, 149, 150, 151, 152, 153, 154, 155, 156, 157, 158, 159, 160, 161, 162, 163, 164, 165, 166, 167, 168, 169, 170, 171, 172, 173, 174, 175, 176, 177, 178, 179, 180, 181, 182, 183, 184, 185, 186, 187, 188, 189, 190, 191, 192, 193, 194, 195, 196, 197, 198, 199, 200, 201, 202, 203, 204, 205, 206, 207, 208, 209, 210, 211, 212, 213, 214, 215, 216, 217, 218, 219, 220, 221, 222, 223, 224, 225, 226, 227, 228, 229, 230, 231, 232, 233, 234, 235, 236, 237, 238, 239, 240, 241, 242, 243, 244, 245, 246, 247, 248, 249, 250, 251, 252, 253, 254, 255, 256, 257, 258, 259, 260, 261, 262, 263, 264, 265, 266, 267, 268, 269, 270, 271, 272, 273, 274, 275, 276, 277, 278, 279, 280, 281, 282, 283, 284, 285, 286, 287, 288, 289, 290, 291, 292, 293, 294, 295, 296, 297, 298, 299, 300, 301, 302, 303, 304, 305, 306, 307, 308, 309, 310, 311, 312, 313, 314, 315, 316, 317, 318, 319, 320, 321, 322, 323, 324, 325, 326, 327, 328, 329, 330, 331, 332, 333, 334, 335, 336, 337, 574, 575, 576, 577, 578, 579, 580, 581, 582, 583, 584, 585, 586, 587, 588, 589, 590, 591, 592, 593, 594, 595, 596, 597, 598, 599, 600, 601, 602, 603, 604, 605, 606, 607, 608, 609, 610, 611, 612, 613, 614, 615, 616, 617, 618, 619, 620, 621, 622, 623, 624, 625, 626, 627, 628, 629, 630, 631, 632, 633, 634, 635, 636, 637, 638, 639, 640, 641, 642, 643, 644, 645, 646, 647, 648, 649, 650, 651, 652, 653, 654, 655, 656, 657, 658, 659, 660, 661, 662, 663, 664, 665, 666, 667, 668, 669, 670, 671, 672, 673, 674, 675, 676, 677, 678, 679, 680, 681, 682, 683, 684, 685, 686, 687, 688, 689, 690, 691, 692, 693, 694, 695, 696, 697, 698, 699, 700, 701, 702, 703, 704, 705, 706, 707, 708, 709, 710, 711, 712, 713, 714, 715, 716, 717, 718, 719, 720, 721, 722, 723, 724, 725, 726, 727, 728, 729, 730, 731, 732, 733, 734, 735, 736, 737, 738, 739, 740, 741, 742, 743, 744, 745, 746, 747, 748, 749, 750, 751, 752, 753, 754, 755, 756, 757, 758, 759, 760, 761, 762, 763, 764, 765, 766, 767, 768, 769, 770, 771, 772, 773, 774, 775, 776, 777, 778, 779, 780, 781, 782, 783, 784, 785, 786, 787, 788, 789, 790, 791, 792, 793]","[105, 114, 138, 141, 152, 153, 154, 155, 157, 159, 164, 165, 176, 182, 191, 192, 194, 195, 196, 200, 204, 208, 209, 210, 211, 215, 226, 228, 241, 242, 243, 245, 248, 249, 250, 257, 261, 270, 271, 282, 287, 289, 291, 294, 296, 298, 306, 308, 309, 311, 314, 327, 333, 335, 337, 576, 585, 609, 612, 623, 624, 626, 627, 629, 631, 636, 637, 647, 653, 662, 663, 665, 666, 667, 671, 674, 678, 679, 680, 681, 690, 692, 705, 706, 707, 709, 711, 712, 713, 719, 721, 729, 730, 741, 746, 748, 750, 753, 755, 757, 764, 766, 767, 769, 772, 785, 791]",[],"[63, 64, 240, 241, 242, 243, 370, 371, 372, 537, 538, 704, 705, 706, 707, 820, 821, 822]","[63, 64, 103, 104, 105, 106, 107, 108, 109, 110, 111, 112, 113, 114, 115, 116, 117, 118, 119, 120, 121, 122, 123, 124, 125, 126, 127, 128, 129, 130, 131, 132, 133, 134, 135, 136, 137, 138, 139, 140, 141, 142, 143, 144, 145, 146, 147, 148, 149, 150, 151, 152, 153, 154, 155, 156, 157, 158, 159, 160, 161, 162, 163, 164, 165, 166, 167, 168, 169, 170, 171, 172, 173, 174, 175, 176, 177, 178, 179, 180, 181, 182, 183, 184, 185, 186, 187, 188, 189, 190, 191, 192, 193, 194, 195, 196, 197, 198, 199, 200, 201, 202, 203, 204, 205, 206, 207, 208, 209, 210, 211, 212, 213, 214, 215, 216, 217, 218, 219, 220, 221, 222, 223, 224, 225, 226, 227, 228, 229, 230, 231, 232, 233, 234, 235, 236, 237, 238, 239, 240, 241, 242, 243, 244, 245, 246, 247, 248, 249, 250, 251, 252, 253, 254, 255, 256, 257, 258, 259, 260, 261, 262, 263, 264, 265, 266, 267, 268, 269, 270, 271, 272, 273, 274, 275, 276, 277, 278, 279, 280, 281, 282, 283, 284, 285, 286, 287, 288, 289, 290, 291, 292, 293, 294, 295, 296, 297, 298, 299, 300, 301, 302, 303, 304, 305, 306, 307, 308, 309, 310, 311, 312, 313, 314, 315, 316, 317, 318, 319, 320, 321, 322, 323, 324, 325, 326, 327, 328, 329, 330, 331, 332, 333, 334, 335, 336, 337, 370, 371, 372, 537, 538, 574, 575, 576, 577, 578, 579, 580, 581, 582, 583, 584, 585, 586, 587, 588, 589, 590, 591, 592, 593, 594, 595, 596, 597, 598, 599, 600, 601, 602, 603, 604, 605, 606, 607, 608, 609, 610, 611, 612, 613, 614, 615, 616, 617, 618, 619, 620, 621, 622, 623, 624, 625, 626, 627, 628, 629, 630, 631, 632, 633, 634, 635, 636, 637, 638, 639, 640, 641, 642, 643, 644, 645, 646, 647, 648, 649, 650, 651, 652, 653, 654, 655, 656, 657, 658, 659, 660, 661, 662, 663, 664, 665, 666, 667, 668, 669, 670, 671, 672, 673, 674, 675, 676, 677, 678, 679, 680, 681, 682, 683, 684, 685, 686, 687, 688, 689, 690, 691, 692, 693, 694, 695, 696, 697, 698, 699, 700, 701, 702, 703, 704, 705, 706, 707, 708, 709, 710, 711, 712, 713, 714, 715, 716, 717, 718, 719, 720, 721, 722, 723, 724, 725, 726, 727, 728, 729, 730, 731, 732, 733, 734, 735, 736, 737, 738, 739, 740, 741, 742, 743, 744, 745, 746, 747, 748, 749, 750, 751, 752, 753, 754, 755, 756, 757, 758, 759, 760, 761, 762, 763, 764, 765, 766, 767, 768, 769, 770, 771, 772, 773, 774, 775, 776, 777, 778, 779, 780, 781, 782, 783, 784, 785, 786, 787, 788, 789, 790, 791, 792, 793, 820, 821, 822]",True,"[164, 242, 289, 636, 706, 748]","[103, 104, 105, 106, 107, 108, 109, 110, 111, 112, 113, 114, 115, 116, 117, 118, 119, 120, 121, 122, 123, 124, 125, 126, 127, 128, 129, 130, 131, 132, 133, 134, 135, 136, 137, 138, 139, 140, 141, 142, 143, 144, 145, 146, 147, 148, 149, 150, 151, 152, 153, 154, 155, 156, 157, 158, 159, 160, 161, 162, 163, 164, 165, 166, 167, 168, 169, 170, 171, 172, 173, 174, 175, 176, 177, 178, 179, 180, 181, 182, 183, 184, 185, 186, 187, 188, 189, 190, 191, 192, 193, 194, 195, 196, 197, 198, 199, 200, 201, 202, 203, 204, 205, 206, 207, 208, 209, 210, 211, 212, 213, 214, 215, 216, 217, 218, 219, 220, 221, 222, 223, 224, 225, 226, 227, 228, 229, 230, 231, 232, 233, 234, 235, 236, 237, 238, 239, 240, 241, 242, 243, 244, 245, 246, 247, 248, 249, 250, 251, 252, 253, 254, 255, 256, 257, 258, 259, 260, 261, 262, 263, 264, 265, 266, 267, 268, 269, 270, 271, 272, 273, 274, 275, 276, 277, 278, 279, 280, 281, 282, 283, 284, 285, 286, 287, 288, 289, 290, 291, 292, 293, 294, 295, 296, 297, 298, 299, 300, 301, 302, 303, 304, 305, 306, 307, 308, 309, 310, 311, 312, 313, 314, 315, 316, 317, 318, 319, 320, 321, 322, 323, 324, 325, 326, 327, 328, 329, 330, 331, 332, 333, 334, 335, 336, 337, 574, 575, 576, 577, 578, 579, 580, 581, 582, 583, 584, 585, 586, 587, 588, 589, 590, 591, 592, 593, 594, 595, 596, 597, 598, 599, 600, 601, 602, 603, 604, 605, 606, 607, 608, 609, 610, 611, 612, 613, 614, 615, 616, 617, 618, 619, 620, 621, 622, 623, 624, 625, 626, 627, 628, 629, 630, 631, 632, 633, 634, 635, 636, 637, 638, 639, 640, 641, 642, 643, 644, 645, 646, 647, 648, 649, 650, 651, 652, 653, 654, 655, 656, 657, 658, 659, 660, 661, 662, 663, 664, 665, 666, 667, 668, 669, 670, 671, 672, 673, 674, 675, 676, 677, 678, 679, 680, 681, 682, 683, 684, 685, 686, 687, 688, 689, 690, 691, 692, 693, 694, 695, 696, 697, 698, 699, 700, 701, 702, 703, 704, 705, 706, 707, 708, 709, 710, 711, 712, 713, 714, 715, 716, 717, 718, 719, 720, 721, 722, 723, 724, 725, 726, 727, 728, 729, 730, 731, 732, 733, 734, 735, 736, 737, 738, 739, 740, 741, 742, 743, 744, 745, 746, 747, 748, 749, 750, 751, 752, 753, 754, 755, 756, 757, 758, 759, 760, 761, 762, 763, 764, 765, 766, 767, 768, 769, 770, 771, 772, 773, 774, 775, 776, 777, 778, 779, 780, 781, 782, 783, 784, 785, 786, 787, 788, 789, 790, 791, 792, 793]","[164, 242, 314, 636, 706, 772]","[242, 314, 706, 772]","[105, 114, 138, 141, 152, 153, 154, 155, 157, 159, 164, 165, 176, 182, 191, 192, 194, 195, 196, 200, 204, 208, 209, 210, 211, 215, 226, 228, 241, 242, 243, 245, 248, 249, 250, 257, 261, 270, 271, 282, 287, 289, 291, 294, 296, 298, 306, 308, 309, 311, 314, 327, 333, 335, 337, 576, 585, 609, 612, 623, 624, 626, 627, 629, 631, 636, 637, 647, 653, 662, 663, 665, 666, 667, 671, 674, 678, 679, 680, 681, 690, 692, 705, 706, 707, 709, 711, 712, 713, 719, 721, 729, 730, 741, 746, 748, 750, 753, 755, 757, 764, 766, 767, 769, 772, 785, 791]","[63, 64, 240, 241, 242, 243, 370, 371, 372, 537, 538, 704, 705, 706, 707, 820, 821, 822]",[],7/6 successful match,True,"[403, 404, 405, 406, 407, 408]",True,300,False,,1.0,True,Petro Wheeler Ridge # Rd 327 E ),
"Lost Hills , 93249 Love's Travel Stop # 230",661-797-1800 I-5 Exit 282 ( CA 46 ),,Lost Hills,93249,Love's Travel Stop # 230,661-797-1800,2006,Lost Hills,CA,Love's,( CA 46 ),I-5 Exit 282 ,Exit,282,False,,False,I-5,,,,,"[674, 204]","[200, 204, 249, 671, 674, 712]","[30, 98, 200, 204, 249, 513, 531, 569, 671, 674, 712]",[],"[103, 104, 105, 106, 107, 108, 109, 110, 111, 112, 113, 114, 115, 116, 117, 118, 119, 120, 121, 122, 123, 124, 125, 126, 127, 128, 129, 130, 131, 132, 133, 134, 135, 136, 137, 138, 139, 140, 141, 142, 143, 144, 145, 146, 147, 148, 149, 150, 151, 152, 153, 154, 155, 156, 157, 158, 159, 160, 161, 162, 163, 164, 165, 166, 167, 168, 169, 170, 171, 172, 173, 174, 175, 176, 177, 178, 179, 180, 181, 182, 183, 184, 185, 186, 187, 188, 189, 190, 191, 192, 193, 194, 195, 196, 197, 198, 199, 200, 201, 202, 203, 204, 205, 206, 207, 208, 209, 210, 211, 212, 213, 214, 215, 216, 217, 218, 219, 220, 221, 222, 223, 224, 225, 226, 227, 228, 229, 230, 231, 232, 233, 234, 235, 236, 237, 238, 239, 240, 241, 242, 243, 244, 245, 246, 247, 248, 249, 250, 251, 252, 253, 254, 255, 256, 257, 258, 259, 260, 261, 262, 263, 264, 265, 266, 267, 268, 269, 270, 271, 272, 273, 274, 275, 276, 277, 278, 279, 280, 281, 282, 283, 284, 285, 286, 287, 288, 289, 290, 291, 292, 293, 294, 295, 296, 297, 298, 299, 300, 301, 302, 303, 304, 305, 306, 307, 308, 309, 310, 311, 312, 313, 314, 315, 316, 317, 318, 319, 320, 321, 322, 323, 324, 325, 326, 327, 328, 329, 330, 331, 332, 333, 334, 335, 336, 337, 574, 575, 576, 577, 578, 579, 580, 581, 582, 583, 584, 585, 586, 587, 588, 589, 590, 591, 592, 593, 594, 595, 596, 597, 598, 599, 600, 601, 602, 603, 604, 605, 606, 607, 608, 609, 610, 611, 612, 613, 614, 615, 616, 617, 618, 619, 620, 621, 622, 623, 624, 625, 626, 627, 628, 629, 630, 631, 632, 633, 634, 635, 636, 637, 638, 639, 640, 641, 642, 643, 644, 645, 646, 647, 648, 649, 650, 651, 652, 653, 654, 655, 656, 657, 658, 659, 660, 661, 662, 663, 664, 665, 666, 667, 668, 669, 670, 671, 672, 673, 674, 675, 676, 677, 678, 679, 680, 681, 682, 683, 684, 685, 686, 687, 688, 689, 690, 691, 692, 693, 694, 695, 696, 697, 698, 699, 700, 701, 702, 703, 704, 705, 706, 707, 708, 709, 710, 711, 712, 713, 714, 715, 716, 717, 718, 719, 720, 721, 722, 723, 724, 725, 726, 727, 728, 729, 730, 731, 732, 733, 734, 735, 736, 737, 738, 739, 740, 741, 742, 743, 744, 745, 746, 747, 748, 749, 750, 751, 752, 753, 754, 755, 756, 757, 758, 759, 760, 761, 762, 763, 764, 765, 766, 767, 768, 769, 770, 771, 772, 773, 774, 775, 776, 777, 778, 779, 780, 781, 782, 783, 784, 785, 786, 787, 788, 789, 790, 791, 792, 793]","[105, 114, 138, 141, 152, 153, 154, 155, 157, 159, 164, 165, 176, 182, 191, 192, 194, 195, 196, 200, 204, 208, 209, 210, 211, 215, 226, 228, 241, 242, 243, 245, 248, 249, 250, 257, 261, 270, 271, 282, 287, 289, 291, 294, 296, 298, 306, 308, 309, 311, 314, 327, 333, 335, 337, 576, 585, 609, 612, 623, 624, 626, 627, 629, 631, 636, 637, 647, 653, 662, 663, 665, 666, 667, 671, 674, 678, 679, 680, 681, 690, 692, 705, 706, 707, 709, 711, 712, 713, 719, 721, 729, 730, 741, 746, 748, 750, 753, 755, 757, 764, 766, 767, 769, 772, 785, 791]","[34, 35, 36, 37, 38, 39, 40, 41, 42, 43, 44, 45, 46, 47, 48, 201, 202, 203, 204, 205, 206, 207, 208, 209, 210, 211, 212, 213, 214, 215, 216, 355, 356, 357, 358, 359, 360, 361, 429, 430, 431, 432, 433, 434, 435, 515, 516, 517, 518, 519, 520, 521, 522, 523, 524, 525, 526, 527, 672, 673, 674, 675, 676, 677, 678, 679, 680, 681, 682, 683, 684, 810, 811, 812, 813, 814, 881, 882, 883, 884, 885, 886]","[32, 33, 34, 35, 36, 37, 38, 39, 40, 41, 42, 43, 44, 45, 46, 47, 48, 201, 202, 203, 204, 205, 206, 207, 208, 209, 210, 211, 212, 213, 214, 215, 216, 355, 356, 357, 358, 359, 360, 361, 429, 430, 431, 432, 433, 434, 435, 515, 516, 517, 518, 519, 520, 521, 522, 523, 524, 525, 526, 527, 672, 673, 674, 675, 676, 677, 678, 679, 680, 681, 682, 683, 684, 810, 811, 812, 813, 814, 881, 882, 883, 884, 885, 886]","[30, 32, 33, 34, 35, 36, 37, 38, 39, 40, 41, 42, 43, 44, 45, 46, 47, 48, 98, 103, 104, 105, 106, 107, 108, 109, 110, 111, 112, 113, 114, 115, 116, 117, 118, 119, 120, 121, 122, 123, 124, 125, 126, 127, 128, 129, 130, 131, 132, 133, 134, 135, 136, 137, 138, 139, 140, 141, 142, 143, 144, 145, 146, 147, 148, 149, 150, 151, 152, 153, 154, 155, 156, 157, 158, 159, 160, 161, 162, 163, 164, 165, 166, 167, 168, 169, 170, 171, 172, 173, 174, 175, 176, 177, 178, 179, 180, 181, 182, 183, 184, 185, 186, 187, 188, 189, 190, 191, 192, 193, 194, 195, 196, 197, 198, 199, 200, 201, 202, 203, 204, 205, 206, 207, 208, 209, 210, 211, 212, 213, 214, 215, 216, 217, 218, 219, 220, 221, 222, 223, 224, 225, 226, 227, 228, 229, 230, 231, 232, 233, 234, 235, 236, 237, 238, 239, 240, 241, 242, 243, 244, 245, 246, 247, 248, 249, 250, 251, 252, 253, 254, 255, 256, 257, 258, 259, 260, 261, 262, 263, 264, 265, 266, 267, 268, 269, 270, 271, 272, 273, 274, 275, 276, 277, 278, 279, 280, 281, 282, 283, 284, 285, 286, 287, 288, 289, 290, 291, 292, 293, 294, 295, 296, 297, 298, 299, 300, 301, 302, 303, 304, 305, 306, 307, 308, 309, 310, 311, 312, 313, 314, 315, 316, 317, 318, 319, 320, 321, 322, 323, 324, 325, 326, 327, 328, 329, 330, 331, 332, 333, 334, 335, 336, 337, 355, 356, 357, 358, 359, 360, 361, 429, 430, 431, 432, 433, 434, 435, 513, 515, 516, 517, 518, 519, 520, 521, 522, 523, 524, 525, 526, 527, 531, 569, 574, 575, 576, 577, 578, 579, 580, 581, 582, 583, 584, 585, 586, 587, 588, 589, 590, 591, 592, 593, 594, 595, 596, 597, 598, 599, 600, 601, 602, 603, 604, 605, 606, 607, 608, 609, 610, 611, 612, 613, 614, 615, 616, 617, 618, 619, 620, 621, 622, 623, 624, 625, 626, 627, 628, 629, 630, 631, 632, 633, 634, 635, 636, 637, 638, 639, 640, 641, 642, 643, 644, 645, 646, 647, 648, 649, 650, 651, 652, 653, 654, 655, 656, 657, 658, 659, 660, 661, 662, 663, 664, 665, 666, 667, 668, 669, 670, 671, 672, 673, 674, 675, 676, 677, 678, 679, 680, 681, 682, 683, 684, 685, 686, 687, 688, 689, 690, 691, 692, 693, 694, 695, 696, 697, 698, 699, 700, 701, 702, 703, 704, 705, 706, 707, 708, 709, 710, 711, 712, 713, 714, 715, 716, 717, 718, 719, 720, 721, 722, 723, 724, 725, 726, 727, 728, 729, 730, 731, 732, 733, 734, 735, 736, 737, 738, 739, 740, 741, 742, 743, 744, 745, 746, 747, 748, 749, 750, 751, 752, 753, 754, 755, 756, 757, 758, 759, 760, 761, 762, 763, 764, 765, 766, 767, 768, 769, 770, 771, 772, 773, 774, 775, 776, 777, 778, 779, 780, 781, 782, 783, 784, 785, 786, 787, 788, 789, 790, 791, 792, 793, 810, 811, 812, 813, 814, 881, 882, 883, 884, 885, 886]",True,"[200, 204, 249, 671, 674, 712]","[103, 104, 105, 106, 107, 108, 109, 110, 111, 112, 113, 114, 115, 116, 117, 118, 119, 120, 121, 122, 123, 124, 125, 126, 127, 128, 129, 130, 131, 132, 133, 134, 135, 136, 137, 138, 139, 140, 141, 142, 143, 144, 145, 146, 147, 148, 149, 150, 151, 152, 153, 154, 155, 156, 157, 158, 159, 160, 161, 162, 163, 164, 165, 166, 167, 168, 169, 170, 171, 172, 173, 174, 175, 176, 177, 178, 179, 180, 181, 182, 183, 184, 185, 186, 187, 188, 189, 190, 191, 192, 193, 194, 195, 196, 197, 198, 199, 200, 201, 202, 203, 204, 205, 206, 207, 208, 209, 210, 211, 212, 213, 214, 215, 216, 217, 218, 219, 220, 221, 222, 223, 224, 225, 226, 227, 228, 229, 230, 231, 232, 233, 234, 235, 236, 237, 238, 239, 240, 241, 242, 243, 244, 245, 246, 247, 248, 249, 250, 251, 252, 253, 254, 255, 256, 257, 258, 259, 260, 261, 262, 263, 264, 265, 266, 267, 268, 269, 270, 271, 272, 273, 274, 275, 276, 277, 278, 279, 280, 281, 282, 283, 284, 285, 286, 287, 288, 289, 290, 291, 292, 293, 294, 295, 296, 297, 298, 299, 300, 301, 302, 303, 304, 305, 306, 307, 308, 309, 310, 311, 312, 313, 314, 315, 316, 317, 318, 319, 320, 321, 322, 323, 324, 325, 326, 327, 328, 329, 330, 331, 332, 333, 334, 335, 336, 337, 574, 575, 576, 577, 578, 579, 580, 581, 582, 583, 584, 585, 586, 587, 588, 589, 590, 591, 592, 593, 594, 595, 596, 597, 598, 599, 600, 601, 602, 603, 604, 605, 606, 607, 608, 609, 610, 611, 612, 613, 614, 615, 616, 617, 618, 619, 620, 621, 622, 623, 624, 625, 626, 627, 628, 629, 630, 631, 632, 633, 634, 635, 636, 637, 638, 639, 640, 641, 642, 643, 644, 645, 646, 647, 648, 649, 650, 651, 652, 653, 654, 655, 656, 657, 658, 659, 660, 661, 662, 663, 664, 665, 666, 667, 668, 669, 670, 671, 672, 673, 674, 675, 676, 677, 678, 679, 680, 681, 682, 683, 684, 685, 686, 687, 688, 689, 690, 691, 692, 693, 694, 695, 696, 697, 698, 699, 700, 701, 702, 703, 704, 705, 706, 707, 708, 709, 710, 711, 712, 713, 714, 715, 716, 717, 718, 719, 720, 721, 722, 723, 724, 725, 726, 727, 728, 729, 730, 731, 732, 733, 734, 735, 736, 737, 738, 739, 740, 741, 742, 743, 744, 745, 746, 747, 748, 749, 750, 751, 752, 753, 754, 755, 756, 757, 758, 759, 760, 761, 762, 763, 764, 765, 766, 767, 768, 769, 770, 771, 772, 773, 774, 775, 776, 777, 778, 779, 780, 781, 782, 783, 784, 785, 786, 787, 788, 789, 790, 791, 792, 793]","[30, 98, 200, 204, 249, 513, 531, 569, 671, 674, 712]",[],"[105, 114, 138, 141, 152, 153, 154, 155, 157, 159, 164, 165, 176, 182, 191, 192, 194, 195, 196, 200, 204, 208, 209, 210, 211, 215, 226, 228, 241, 242, 243, 245, 248, 249, 250, 257, 261, 270, 271, 282, 287, 289, 291, 294, 296, 298, 306, 308, 309, 311, 314, 327, 333, 335, 337, 576, 585, 609, 612, 623, 624, 626, 627, 629, 631, 636, 637, 647, 653, 662, 663, 665, 666, 667, 671, 674, 678, 679, 680, 681, 690, 692, 705, 706, 707, 709, 711, 712, 713, 719, 721, 729, 730, 741, 746, 748, 750, 753, 755, 757, 764, 766, 767, 769, 772, 785, 791]","[32, 33, 34, 35, 36, 37, 38, 39, 40, 41, 42, 43, 44, 45, 46, 47, 48, 201, 202, 203, 204, 205, 206, 207, 208, 209, 210, 211, 212, 213, 214, 215, 216, 355, 356, 357, 358, 359, 360, 361, 429, 430, 431, 432, 433, 434, 435, 515, 516, 517, 518, 519, 520, 521, 522, 523, 524, 525, 526, 527, 672, 673, 674, 675, 676, 677, 678, 679, 680, 681, 682, 683, 684, 810, 811, 812, 813, 814, 881, 882, 883, 884, 885, 886]","[34, 35, 36, 37, 38, 39, 40, 41, 42, 43, 44, 45, 46, 47, 48, 201, 202, 203, 204, 205, 206, 207, 208, 209, 210, 211, 212, 213, 214, 215, 216, 355, 356, 357, 358, 359, 360, 361, 429, 430, 431, 432, 433, 434, 435, 515, 516, 517, 518, 519, 520, 521, 522, 523, 524, 525, 526, 527, 672, 673, 674, 675, 676, 677, 678, 679, 680, 681, 682, 683, 684, 810, 811, 812, 813, 814, 881, 882, 883, 884, 885, 886]",7/6 successful match,True,[353],True,301,False,,,,,
"Lost Hills , 93249 Love's Travel Stop # 230",661-797-1800 I-5 Exit 278 ( CA 46 ),24 M O,Lost Hills,93249,Love's Travel Stop # 230,661-797-1800,2007,Lost Hills,CA,Love's,( CA 46 ),I-5 Exit 278 ,Exit,278,False,,False,I-5,,,,,"[674, 204]","[200, 204, 249, 671, 674, 712]","[30, 98, 200, 204, 249, 513, 531, 569, 671, 674, 712]","[53, 113, 200, 204, 249, 583, 671, 674, 712]","[103, 104, 105, 106, 107, 108, 109, 110, 111, 112, 113, 114, 115, 116, 117, 118, 119, 120, 121, 122, 123, 124, 125, 126, 127, 128, 129, 130, 131, 132, 133, 134, 135, 136, 137, 138, 139, 140, 141, 142, 143, 144, 145, 146, 147, 148, 149, 150, 151, 152, 153, 154, 155, 156, 157, 158, 159, 160, 161, 162, 163, 164, 165, 166, 167, 168, 169, 170, 171, 172, 173, 174, 175, 176, 177, 178, 179, 180, 181, 182, 183, 184, 185, 186, 187, 188, 189, 190, 191, 192, 193, 194, 195, 196, 197, 198, 199, 200, 201, 202, 203, 204, 205, 206, 207, 208, 209, 210, 211, 212, 213, 214, 215, 216, 217, 218, 219, 220, 221, 222, 223, 224, 225, 226, 227, 228, 229, 230, 231, 232, 233, 234, 235, 236, 237, 238, 239, 240, 241, 242, 243, 244, 245, 246, 247, 248, 249, 250, 251, 252, 253, 254, 255, 256, 257, 258, 259, 260, 261, 262, 263, 264, 265, 266, 267, 268, 269, 270, 271, 272, 273, 274, 275, 276, 277, 278, 279, 280, 281, 282, 283, 284, 285, 286, 287, 288, 289, 290, 291, 292, 293, 294, 295, 296, 297, 298, 299, 300, 301, 302, 303, 304, 305, 306, 307, 308, 309, 310, 311, 312, 313, 314, 315, 316, 317, 318, 319, 320, 321, 322, 323, 324, 325, 326, 327, 328, 329, 330, 331, 332, 333, 334, 335, 336, 337, 574, 575, 576, 577, 578, 579, 580, 581, 582, 583, 584, 585, 586, 587, 588, 589, 590, 591, 592, 593, 594, 595, 596, 597, 598, 599, 600, 601, 602, 603, 604, 605, 606, 607, 608, 609, 610, 611, 612, 613, 614, 615, 616, 617, 618, 619, 620, 621, 622, 623, 624, 625, 626, 627, 628, 629, 630, 631, 632, 633, 634, 635, 636, 637, 638, 639, 640, 641, 642, 643, 644, 645, 646, 647, 648, 649, 650, 651, 652, 653, 654, 655, 656, 657, 658, 659, 660, 661, 662, 663, 664, 665, 666, 667, 668, 669, 670, 671, 672, 673, 674, 675, 676, 677, 678, 679, 680, 681, 682, 683, 684, 685, 686, 687, 688, 689, 690, 691, 692, 693, 694, 695, 696, 697, 698, 699, 700, 701, 702, 703, 704, 705, 706, 707, 708, 709, 710, 711, 712, 713, 714, 715, 716, 717, 718, 719, 720, 721, 722, 723, 724, 725, 726, 727, 728, 729, 730, 731, 732, 733, 734, 735, 736, 737, 738, 739, 740, 741, 742, 743, 744, 745, 746, 747, 748, 749, 750, 751, 752, 753, 754, 755, 756, 757, 758, 759, 760, 761, 762, 763, 764, 765, 766, 767, 768, 769, 770, 771, 772, 773, 774, 775, 776, 777, 778, 779, 780, 781, 782, 783, 784, 785, 786, 787, 788, 789, 790, 791, 792, 793]","[105, 114, 138, 141, 152, 153, 154, 155, 157, 159, 164, 165, 176, 182, 191, 192, 194, 195, 196, 200, 204, 208, 209, 210, 211, 215, 226, 228, 241, 242, 243, 245, 248, 249, 250, 257, 261, 270, 271, 282, 287, 289, 291, 294, 296, 298, 306, 308, 309, 311, 314, 327, 333, 335, 337, 576, 585, 609, 612, 623, 624, 626, 627, 629, 631, 636, 637, 647, 653, 662, 663, 665, 666, 667, 671, 674, 678, 679, 680, 681, 690, 692, 705, 706, 707, 709, 711, 712, 713, 719, 721, 729, 730, 741, 746, 748, 750, 753, 755, 757, 764, 766, 767, 769, 772, 785, 791]","[34, 35, 36, 37, 38, 39, 40, 41, 42, 43, 44, 45, 46, 47, 48, 201, 202, 203, 204, 205, 206, 207, 208, 209, 210, 211, 212, 213, 214, 215, 216, 355, 356, 357, 358, 359, 360, 361, 429, 430, 431, 432, 433, 434, 435, 515, 516, 517, 518, 519, 520, 521, 522, 523, 524, 525, 526, 527, 672, 673, 674, 675, 676, 677, 678, 679, 680, 681, 682, 683, 684, 810, 811, 812, 813, 814, 881, 882, 883, 884, 885, 886]","[32, 33, 34, 35, 36, 37, 38, 39, 40, 41, 42, 43, 44, 45, 46, 47, 48, 201, 202, 203, 204, 205, 206, 207, 208, 209, 210, 211, 212, 213, 214, 215, 216, 355, 356, 357, 358, 359, 360, 361, 429, 430, 431, 432, 433, 434, 435, 515, 516, 517, 518, 519, 520, 521, 522, 523, 524, 525, 526, 527, 672, 673, 674, 675, 676, 677, 678, 679, 680, 681, 682, 683, 684, 810, 811, 812, 813, 814, 881, 882, 883, 884, 885, 886]","[30, 32, 33, 34, 35, 36, 37, 38, 39, 40, 41, 42, 43, 44, 45, 46, 47, 48, 53, 98, 103, 104, 105, 106, 107, 108, 109, 110, 111, 112, 113, 114, 115, 116, 117, 118, 119, 120, 121, 122, 123, 124, 125, 126, 127, 128, 129, 130, 131, 132, 133, 134, 135, 136, 137, 138, 139, 140, 141, 142, 143, 144, 145, 146, 147, 148, 149, 150, 151, 152, 153, 154, 155, 156, 157, 158, 159, 160, 161, 162, 163, 164, 165, 166, 167, 168, 169, 170, 171, 172, 173, 174, 175, 176, 177, 178, 179, 180, 181, 182, 183, 184, 185, 186, 187, 188, 189, 190, 191, 192, 193, 194, 195, 196, 197, 198, 199, 200, 201, 202, 203, 204, 205, 206, 207, 208, 209, 210, 211, 212, 213, 214, 215, 216, 217, 218, 219, 220, 221, 222, 223, 224, 225, 226, 227, 228, 229, 230, 231, 232, 233, 234, 235, 236, 237, 238, 239, 240, 241, 242, 243, 244, 245, 246, 247, 248, 249, 250, 251, 252, 253, 254, 255, 256, 257, 258, 259, 260, 261, 262, 263, 264, 265, 266, 267, 268, 269, 270, 271, 272, 273, 274, 275, 276, 277, 278, 279, 280, 281, 282, 283, 284, 285, 286, 287, 288, 289, 290, 291, 292, 293, 294, 295, 296, 297, 298, 299, 300, 301, 302, 303, 304, 305, 306, 307, 308, 309, 310, 311, 312, 313, 314, 315, 316, 317, 318, 319, 320, 321, 322, 323, 324, 325, 326, 327, 328, 329, 330, 331, 332, 333, 334, 335, 336, 337, 355, 356, 357, 358, 359, 360, 361, 429, 430, 431, 432, 433, 434, 435, 513, 515, 516, 517, 518, 519, 520, 521, 522, 523, 524, 525, 526, 527, 531, 569, 574, 575, 576, 577, 578, 579, 580, 581, 582, 583, 584, 585, 586, 587, 588, 589, 590, 591, 592, 593, 594, 595, 596, 597, 598, 599, 600, 601, 602, 603, 604, 605, 606, 607, 608, 609, 610, 611, 612, 613, 614, 615, 616, 617, 618, 619, 620, 621, 622, 623, 624, 625, 626, 627, 628, 629, 630, 631, 632, 633, 634, 635, 636, 637, 638, 639, 640, 641, 642, 643, 644, 645, 646, 647, 648, 649, 650, 651, 652, 653, 654, 655, 656, 657, 658, 659, 660, 661, 662, 663, 664, 665, 666, 667, 668, 669, 670, 671, 672, 673, 674, 675, 676, 677, 678, 679, 680, 681, 682, 683, 684, 685, 686, 687, 688, 689, 690, 691, 692, 693, 694, 695, 696, 697, 698, 699, 700, 701, 702, 703, 704, 705, 706, 707, 708, 709, 710, 711, 712, 713, 714, 715, 716, 717, 718, 719, 720, 721, 722, 723, 724, 725, 726, 727, 728, 729, 730, 731, 732, 733, 734, 735, 736, 737, 738, 739, 740, 741, 742, 743, 744, 745, 746, 747, 748, 749, 750, 751, 752, 753, 754, 755, 756, 757, 758, 759, 760, 761, 762, 763, 764, 765, 766, 767, 768, 769, 770, 771, 772, 773, 774, 775, 776, 777, 778, 779, 780, 781, 782, 783, 784, 785, 786, 787, 788, 789, 790, 791, 792, 793, 810, 811, 812, 813, 814, 881, 882, 883, 884, 885, 886]",True,"[200, 204, 249, 671, 674, 712]","[103, 104, 105, 106, 107, 108, 109, 110, 111, 112, 113, 114, 115, 116, 117, 118, 119, 120, 121, 122, 123, 124, 125, 126, 127, 128, 129, 130, 131, 132, 133, 134, 135, 136, 137, 138, 139, 140, 141, 142, 143, 144, 145, 146, 147, 148, 149, 150, 151, 152, 153, 154, 155, 156, 157, 158, 159, 160, 161, 162, 163, 164, 165, 166, 167, 168, 169, 170, 171, 172, 173, 174, 175, 176, 177, 178, 179, 180, 181, 182, 183, 184, 185, 186, 187, 188, 189, 190, 191, 192, 193, 194, 195, 196, 197, 198, 199, 200, 201, 202, 203, 204, 205, 206, 207, 208, 209, 210, 211, 212, 213, 214, 215, 216, 217, 218, 219, 220, 221, 222, 223, 224, 225, 226, 227, 228, 229, 230, 231, 232, 233, 234, 235, 236, 237, 238, 239, 240, 241, 242, 243, 244, 245, 246, 247, 248, 249, 250, 251, 252, 253, 254, 255, 256, 257, 258, 259, 260, 261, 262, 263, 264, 265, 266, 267, 268, 269, 270, 271, 272, 273, 274, 275, 276, 277, 278, 279, 280, 281, 282, 283, 284, 285, 286, 287, 288, 289, 290, 291, 292, 293, 294, 295, 296, 297, 298, 299, 300, 301, 302, 303, 304, 305, 306, 307, 308, 309, 310, 311, 312, 313, 314, 315, 316, 317, 318, 319, 320, 321, 322, 323, 324, 325, 326, 327, 328, 329, 330, 331, 332, 333, 334, 335, 336, 337, 574, 575, 576, 577, 578, 579, 580, 581, 582, 583, 584, 585, 586, 587, 588, 589, 590, 591, 592, 593, 594, 595, 596, 597, 598, 599, 600, 601, 602, 603, 604, 605, 606, 607, 608, 609, 610, 611, 612, 613, 614, 615, 616, 617, 618, 619, 620, 621, 622, 623, 624, 625, 626, 627, 628, 629, 630, 631, 632, 633, 634, 635, 636, 637, 638, 639, 640, 641, 642, 643, 644, 645, 646, 647, 648, 649, 650, 651, 652, 653, 654, 655, 656, 657, 658, 659, 660, 661, 662, 663, 664, 665, 666, 667, 668, 669, 670, 671, 672, 673, 674, 675, 676, 677, 678, 679, 680, 681, 682, 683, 684, 685, 686, 687, 688, 689, 690, 691, 692, 693, 694, 695, 696, 697, 698, 699, 700, 701, 702, 703, 704, 705, 706, 707, 708, 709, 710, 711, 712, 713, 714, 715, 716, 717, 718, 719, 720, 721, 722, 723, 724, 725, 726, 727, 728, 729, 730, 731, 732, 733, 734, 735, 736, 737, 738, 739, 740, 741, 742, 743, 744, 745, 746, 747, 748, 749, 750, 751, 752, 753, 754, 755, 756, 757, 758, 759, 760, 761, 762, 763, 764, 765, 766, 767, 768, 769, 770, 771, 772, 773, 774, 775, 776, 777, 778, 779, 780, 781, 782, 783, 784, 785, 786, 787, 788, 789, 790, 791, 792, 793]","[30, 98, 200, 204, 249, 513, 531, 569, 671, 674, 712]","[53, 113, 200, 204, 249, 583, 671, 674, 712]","[105, 114, 138, 141, 152, 153, 154, 155, 157, 159, 164, 165, 176, 182, 191, 192, 194, 195, 196, 200, 204, 208, 209, 210, 211, 215, 226, 228, 241, 242, 243, 245, 248, 249, 250, 257, 261, 270, 271, 282, 287, 289, 291, 294, 296, 298, 306, 308, 309, 311, 314, 327, 333, 335, 337, 576, 585, 609, 612, 623, 624, 626, 627, 629, 631, 636, 637, 647, 653, 662, 663, 665, 666, 667, 671, 674, 678, 679, 680, 681, 690, 692, 705, 706, 707, 709, 711, 712, 713, 719, 721, 729, 730, 741, 746, 748, 750, 753, 755, 757, 764, 766, 767, 769, 772, 785, 791]","[32, 33, 34, 35, 36, 37, 38, 39, 40, 41, 42, 43, 44, 45, 46, 47, 48, 201, 202, 203, 204, 205, 206, 207, 208, 209, 210, 211, 212, 213, 214, 215, 216, 355, 356, 357, 358, 359, 360, 361, 429, 430, 431, 432, 433, 434, 435, 515, 516, 517, 518, 519, 520, 521, 522, 523, 524, 525, 526, 527, 672, 673, 674, 675, 676, 677, 678, 679, 680, 681, 682, 683, 684, 810, 811, 812, 813, 814, 881, 882, 883, 884, 885, 886]","[34, 35, 36, 37, 38, 39, 40, 41, 42, 43, 44, 45, 46, 47, 48, 201, 202, 203, 204, 205, 206, 207, 208, 209, 210, 211, 212, 213, 214, 215, 216, 355, 356, 357, 358, 359, 360, 361, 429, 430, 431, 432, 433, 434, 435, 515, 516, 517, 518, 519, 520, 521, 522, 523, 524, 525, 526, 527, 672, 673, 674, 675, 676, 677, 678, 679, 680, 681, 682, 683, 684, 810, 811, 812, 813, 814, 881, 882, 883, 884, 885, 886]",7/6 successful match,True,[353],True,301,False,,1.0,True,Love's Travel Stop # 230,Love's
"Lost Hills , 93249 Love's Travel Stop # 230",3 661-797-1800 I-5 Exit 278 ( CA 46 ),24 M <U+2610><U+2610><U+2610> <U+2610> <U+2610> <U+2610>,Lost Hills,93249,Love's Travel Stop # 230,661-797-1800,2008,Lost Hills,CA,Love's,( CA 46 ),I-5 Exit 278 ,Exit,278,False,,False,I-5,,,,,"[674, 204]","[200, 204, 249, 671, 674, 712]","[30, 98, 200, 204, 249, 513, 531, 569, 671, 674, 712]","[53, 113, 200, 204, 249, 583, 671, 674, 712]","[103, 104, 105, 106, 107, 108, 109, 110, 111, 112, 113, 114, 115, 116, 117, 118, 119, 120, 121, 122, 123, 124, 125, 126, 127, 128, 129, 130, 131, 132, 133, 134, 135, 136, 137, 138, 139, 140, 141, 142, 143, 144, 145, 146, 147, 148, 149, 150, 151, 152, 153, 154, 155, 156, 157, 158, 159, 160, 161, 162, 163, 164, 165, 166, 167, 168, 169, 170, 171, 172, 173, 174, 175, 176, 177, 178, 179, 180, 181, 182, 183, 184, 185, 186, 187, 188, 189, 190, 191, 192, 193, 194, 195, 196, 197, 198, 199, 200, 201, 202, 203, 204, 205, 206, 207, 208, 209, 210, 211, 212, 213, 214, 215, 216, 217, 218, 219, 220, 221, 222, 223, 224, 225, 226, 227, 228, 229, 230, 231, 232, 233, 234, 235, 236, 237, 238, 239, 240, 241, 242, 243, 244, 245, 246, 247, 248, 249, 250, 251, 252, 253, 254, 255, 256, 257, 258, 259, 260, 261, 262, 263, 264, 265, 266, 267, 268, 269, 270, 271, 272, 273, 274, 275, 276, 277, 278, 279, 280, 281, 282, 283, 284, 285, 286, 287, 288, 289, 290, 291, 292, 293, 294, 295, 296, 297, 298, 299, 300, 301, 302, 303, 304, 305, 306, 307, 308, 309, 310, 311, 312, 313, 314, 315, 316, 317, 318, 319, 320, 321, 322, 323, 324, 325, 326, 327, 328, 329, 330, 331, 332, 333, 334, 335, 336, 337, 574, 575, 576, 577, 578, 579, 580, 581, 582, 583, 584, 585, 586, 587, 588, 589, 590, 591, 592, 593, 594, 595, 596, 597, 598, 599, 600, 601, 602, 603, 604, 605, 606, 607, 608, 609, 610, 611, 612, 613, 614, 615, 616, 617, 618, 619, 620, 621, 622, 623, 624, 625, 626, 627, 628, 629, 630, 631, 632, 633, 634, 635, 636, 637, 638, 639, 640, 641, 642, 643, 644, 645, 646, 647, 648, 649, 650, 651, 652, 653, 654, 655, 656, 657, 658, 659, 660, 661, 662, 663, 664, 665, 666, 667, 668, 669, 670, 671, 672, 673, 674, 675, 676, 677, 678, 679, 680, 681, 682, 683, 684, 685, 686, 687, 688, 689, 690, 691, 692, 693, 694, 695, 696, 697, 698, 699, 700, 701, 702, 703, 704, 705, 706, 707, 708, 709, 710, 711, 712, 713, 714, 715, 716, 717, 718, 719, 720, 721, 722, 723, 724, 725, 726, 727, 728, 729, 730, 731, 732, 733, 734, 735, 736, 737, 738, 739, 740, 741, 742, 743, 744, 745, 746, 747, 748, 749, 750, 751, 752, 753, 754, 755, 756, 757, 758, 759, 760, 761, 762, 763, 764, 765, 766, 767, 768, 769, 770, 771, 772, 773, 774, 775, 776, 777, 778, 779, 780, 781, 782, 783, 784, 785, 786, 787, 788, 789, 790, 791, 792, 793]","[105, 114, 138, 141, 152, 153, 154, 155, 157, 159, 164, 165, 176, 182, 191, 192, 194, 195, 196, 200, 204, 208, 209, 210, 211, 215, 226, 228, 241, 242, 243, 245, 248, 249, 250, 257, 261, 270, 271, 282, 287, 289, 291, 294, 296, 298, 306, 308, 309, 311, 314, 327, 333, 335, 337, 576, 585, 609, 612, 623, 624, 626, 627, 629, 631, 636, 637, 647, 653, 662, 663, 665, 666, 667, 671, 674, 678, 679, 680, 681, 690, 692, 705, 706, 707, 709, 711, 712, 713, 719, 721, 729, 730, 741, 746, 748, 750, 753, 755, 757, 764, 766, 767, 769, 772, 785, 791]","[34, 35, 36, 37, 38, 39, 40, 41, 42, 43, 44, 45, 46, 47, 48, 201, 202, 203, 204, 205, 206, 207, 208, 209, 210, 211, 212, 213, 214, 215, 216, 355, 356, 357, 358, 359, 360, 361, 429, 430, 431, 432, 433, 434, 435, 515, 516, 517, 518, 519, 520, 521, 522, 523, 524, 525, 526, 527, 672, 673, 674, 675, 676, 677, 678, 679, 680, 681, 682, 683, 684, 810, 811, 812, 813, 814, 881, 882, 883, 884, 885, 886]","[32, 33, 34, 35, 36, 37, 38, 39, 40, 41, 42, 43, 44, 45, 46, 47, 48, 201, 202, 203, 204, 205, 206, 207, 208, 209, 210, 211, 212, 213, 214, 215, 216, 355, 356, 357, 358, 359, 360, 361, 429, 430, 431, 432, 433, 434, 435, 515, 516, 517, 518, 519, 520, 521, 522, 523, 524, 525, 526, 527, 672, 673, 674, 675, 676, 677, 678, 679, 680, 681, 682, 683, 684, 810, 811, 812, 813, 814, 881, 882, 883, 884, 885, 886]","[30, 32, 33, 34, 35, 36, 37, 38, 39, 40, 41, 42, 43, 44, 45, 46, 47, 48, 53, 98, 103, 104, 105, 106, 107, 108, 109, 110, 111, 112, 113, 114, 115, 116, 117, 118, 119, 120, 121, 122, 123, 124, 125, 126, 127, 128, 129, 130, 131, 132, 133, 134, 135, 136, 137, 138, 139, 140, 141, 142, 143, 144, 145, 146, 147, 148, 149, 150, 151, 152, 153, 154, 155, 156, 157, 158, 159, 160, 161, 162, 163, 164, 165, 166, 167, 168, 169, 170, 171, 172, 173, 174, 175, 176, 177, 178, 179, 180, 181, 182, 183, 184, 185, 186, 187, 188, 189, 190, 191, 192, 193, 194, 195, 196, 197, 198, 199, 200, 201, 202, 203, 204, 205, 206, 207, 208, 209, 210, 211, 212, 213, 214, 215, 216, 217, 218, 219, 220, 221, 222, 223, 224, 225, 226, 227, 228, 229, 230, 231, 232, 233, 234, 235, 236, 237, 238, 239, 240, 241, 242, 243, 244, 245, 246, 247, 248, 249, 250, 251, 252, 253, 254, 255, 256, 257, 258, 259, 260, 261, 262, 263, 264, 265, 266, 267, 268, 269, 270, 271, 272, 273, 274, 275, 276, 277, 278, 279, 280, 281, 282, 283, 284, 285, 286, 287, 288, 289, 290, 291, 292, 293, 294, 295, 296, 297, 298, 299, 300, 301, 302, 303, 304, 305, 306, 307, 308, 309, 310, 311, 312, 313, 314, 315, 316, 317, 318, 319, 320, 321, 322, 323, 324, 325, 326, 327, 328, 329, 330, 331, 332, 333, 334, 335, 336, 337, 355, 356, 357, 358, 359, 360, 361, 429, 430, 431, 432, 433, 434, 435, 513, 515, 516, 517, 518, 519, 520, 521, 522, 523, 524, 525, 526, 527, 531, 569, 574, 575, 576, 577, 578, 579, 580, 581, 582, 583, 584, 585, 586, 587, 588, 589, 590, 591, 592, 593, 594, 595, 596, 597, 598, 599, 600, 601, 602, 603, 604, 605, 606, 607, 608, 609, 610, 611, 612, 613, 614, 615, 616, 617, 618, 619, 620, 621, 622, 623, 624, 625, 626, 627, 628, 629, 630, 631, 632, 633, 634, 635, 636, 637, 638, 639, 640, 641, 642, 643, 644, 645, 646, 647, 648, 649, 650, 651, 652, 653, 654, 655, 656, 657, 658, 659, 660, 661, 662, 663, 664, 665, 666, 667, 668, 669, 670, 671, 672, 673, 674, 675, 676, 677, 678, 679, 680, 681, 682, 683, 684, 685, 686, 687, 688, 689, 690, 691, 692, 693, 694, 695, 696, 697, 698, 699, 700, 701, 702, 703, 704, 705, 706, 707, 708, 709, 710, 711, 712, 713, 714, 715, 716, 717, 718, 719, 720, 721, 722, 723, 724, 725, 726, 727, 728, 729, 730, 731, 732, 733, 734, 735, 736, 737, 738, 739, 740, 741, 742, 743, 744, 745, 746, 747, 748, 749, 750, 751, 752, 753, 754, 755, 756, 757, 758, 759, 760, 761, 762, 763, 764, 765, 766, 767, 768, 769, 770, 771, 772, 773, 774, 775, 776, 777, 778, 779, 780, 781, 782, 783, 784, 785, 786, 787, 788, 789, 790, 791, 792, 793, 810, 811, 812, 813, 814, 881, 882, 883, 884, 885, 886]",True,"[200, 204, 249, 671, 674, 712]","[103, 104, 105, 106, 107, 108, 109, 110, 111, 112, 113, 114, 115, 116, 117, 118, 119, 120, 121, 122, 123, 124, 125, 126, 127, 128, 129, 130, 131, 132, 133, 134, 135, 136, 137, 138, 139, 140, 141, 142, 143, 144, 145, 146, 147, 148, 149, 150, 151, 152, 153, 154, 155, 156, 157, 158, 159, 160, 161, 162, 163, 164, 165, 166, 167, 168, 169, 170, 171, 172, 173, 174, 175, 176, 177, 178, 179, 180, 181, 182, 183, 184, 185, 186, 187, 188, 189, 190, 191, 192, 193, 194, 195, 196, 197, 198, 199, 200, 201, 202, 203, 204, 205, 206, 207, 208, 209, 210, 211, 212, 213, 214, 215, 216, 217, 218, 219, 220, 221, 222, 223, 224, 225, 226, 227, 228, 229, 230, 231, 232, 233, 234, 235, 236, 237, 238, 239, 240, 241, 242, 243, 244, 245, 246, 247, 248, 249, 250, 251, 252, 253, 254, 255, 256, 257, 258, 259, 260, 261, 262, 263, 264, 265, 266, 267, 268, 269, 270, 271, 272, 273, 274, 275, 276, 277, 278, 279, 280, 281, 282, 283, 284, 285, 286, 287, 288, 289, 290, 291, 292, 293, 294, 295, 296, 297, 298, 299, 300, 301, 302, 303, 304, 305, 306, 307, 308, 309, 310, 311, 312, 313, 314, 315, 316, 317, 318, 319, 320, 321, 322, 323, 324, 325, 326, 327, 328, 329, 330, 331, 332, 333, 334, 335, 336, 337, 574, 575, 576, 577, 578, 579, 580, 581, 582, 583, 584, 585, 586, 587, 588, 589, 590, 591, 592, 593, 594, 595, 596, 597, 598, 599, 600, 601, 602, 603, 604, 605, 606, 607, 608, 609, 610, 611, 612, 613, 614, 615, 616, 617, 618, 619, 620, 621, 622, 623, 624, 625, 626, 627, 628, 629, 630, 631, 632, 633, 634, 635, 636, 637, 638, 639, 640, 641, 642, 643, 644, 645, 646, 647, 648, 649, 650, 651, 652, 653, 654, 655, 656, 657, 658, 659, 660, 661, 662, 663, 664, 665, 666, 667, 668, 669, 670, 671, 672, 673, 674, 675, 676, 677, 678, 679, 680, 681, 682, 683, 684, 685, 686, 687, 688, 689, 690, 691, 692, 693, 694, 695, 696, 697, 698, 699, 700, 701, 702, 703, 704, 705, 706, 707, 708, 709, 710, 711, 712, 713, 714, 715, 716, 717, 718, 719, 720, 721, 722, 723, 724, 725, 726, 727, 728, 729, 730, 731, 732, 733, 734, 735, 736, 737, 738, 739, 740, 741, 742, 743, 744, 745, 746, 747, 748, 749, 750, 751, 752, 753, 754, 755, 756, 757, 758, 759, 760, 761, 762, 763, 764, 765, 766, 767, 768, 769, 770, 771, 772, 773, 774, 775, 776, 777, 778, 779, 780, 781, 782, 783, 784, 785, 786, 787, 788, 789, 790, 791, 792, 793]","[30, 98, 200, 204, 249, 513, 531, 569, 671, 674, 712]","[53, 113, 200, 204, 249, 583, 671, 674, 712]","[105, 114, 138, 141, 152, 153, 154, 155, 157, 159, 164, 165, 176, 182, 191, 192, 194, 195, 196, 200, 204, 208, 209, 210, 211, 215, 226, 228, 241, 242, 243, 245, 248, 249, 250, 257, 261, 270, 271, 282, 287, 289, 291, 294, 296, 298, 306, 308, 309, 311, 314, 327, 333, 335, 337, 576, 585, 609, 612, 623, 624, 626, 627, 629, 631, 636, 637, 647, 653, 662, 663, 665, 666, 667, 671, 674, 678, 679, 680, 681, 690, 692, 705, 706, 707, 709, 711, 712, 713, 719, 721, 729, 730, 741, 746, 748, 750, 753, 755, 757, 764, 766, 767, 769, 772, 785, 791]","[32, 33, 34, 35, 36, 37, 38, 39, 40, 41, 42, 43, 44, 45, 46, 47, 48, 201, 202, 203, 204, 205, 206, 207, 208, 209, 210, 211, 212, 213, 214, 215, 216, 355, 356, 357, 358, 359, 360, 361, 429, 430, 431, 432, 433, 434, 435, 515, 516, 517, 518, 519, 520, 521, 522, 523, 524, 525, 526, 527, 672, 673, 674, 675, 676, 677, 678, 679, 680, 681, 682, 683, 684, 810, 811, 812, 813, 814, 881, 882, 883, 884, 885, 886]","[34, 35, 36, 37, 38, 39, 40, 41, 42, 43, 44, 45, 46, 47, 48, 201, 202, 203, 204, 205, 206, 207, 208, 209, 210, 211, 212, 213, 214, 215, 216, 355, 356, 357, 358, 359, 360, 361, 429, 430, 431, 432, 433, 434, 435, 515, 516, 517, 518, 519, 520, 521, 522, 523, 524, 525, 526, 527, 672, 673, 674, 675, 676, 677, 678, 679, 680, 681, 682, 683, 684, 810, 811, 812, 813, 814, 881, 882, 883, 884, 885, 886]",7/6 successful match,True,[353],True,301,False,,1.0,True,Love's Travel Stop # 230,Love's
G Lost Hills ( 93249 ) Love's Travel Stop # 230,661-797-1800 I-5 Exit 278 ( CA 46 W ),24 M,Lost Hills,93249,Love's Travel Stop # 230,661-797-1800,2014,Lost Hills,CA,Love's,( CA 46 W ),I-5 Exit 278 ,Exit,278,False,,False,I-5,,,,,"[674, 204]","[200, 204, 249, 671, 674, 712]","[30, 98, 200, 204, 249, 513, 531, 569, 671, 674, 712]","[53, 113, 200, 204, 249, 583, 671, 674, 712]","[103, 104, 105, 106, 107, 108, 109, 110, 111, 112, 113, 114, 115, 116, 117, 118, 119, 120, 121, 122, 123, 124, 125, 126, 127, 128, 129, 130, 131, 132, 133, 134, 135, 136, 137, 138, 139, 140, 141, 142, 143, 144, 145, 146, 147, 148, 149, 150, 151, 152, 153, 154, 155, 156, 157, 158, 159, 160, 161, 162, 163, 164, 165, 166, 167, 168, 169, 170, 171, 172, 173, 174, 175, 176, 177, 178, 179, 180, 181, 182, 183, 184, 185, 186, 187, 188, 189, 190, 191, 192, 193, 194, 195, 196, 197, 198, 199, 200, 201, 202, 203, 204, 205, 206, 207, 208, 209, 210, 211, 212, 213, 214, 215, 216, 217, 218, 219, 220, 221, 222, 223, 224, 225, 226, 227, 228, 229, 230, 231, 232, 233, 234, 235, 236, 237, 238, 239, 240, 241, 242, 243, 244, 245, 246, 247, 248, 249, 250, 251, 252, 253, 254, 255, 256, 257, 258, 259, 260, 261, 262, 263, 264, 265, 266, 267, 268, 269, 270, 271, 272, 273, 274, 275, 276, 277, 278, 279, 280, 281, 282, 283, 284, 285, 286, 287, 288, 289, 290, 291, 292, 293, 294, 295, 296, 297, 298, 299, 300, 301, 302, 303, 304, 305, 306, 307, 308, 309, 310, 311, 312, 313, 314, 315, 316, 317, 318, 319, 320, 321, 322, 323, 324, 325, 326, 327, 328, 329, 330, 331, 332, 333, 334, 335, 336, 337, 574, 575, 576, 577, 578, 579, 580, 581, 582, 583, 584, 585, 586, 587, 588, 589, 590, 591, 592, 593, 594, 595, 596, 597, 598, 599, 600, 601, 602, 603, 604, 605, 606, 607, 608, 609, 610, 611, 612, 613, 614, 615, 616, 617, 618, 619, 620, 621, 622, 623, 624, 625, 626, 627, 628, 629, 630, 631, 632, 633, 634, 635, 636, 637, 638, 639, 640, 641, 642, 643, 644, 645, 646, 647, 648, 649, 650, 651, 652, 653, 654, 655, 656, 657, 658, 659, 660, 661, 662, 663, 664, 665, 666, 667, 668, 669, 670, 671, 672, 673, 674, 675, 676, 677, 678, 679, 680, 681, 682, 683, 684, 685, 686, 687, 688, 689, 690, 691, 692, 693, 694, 695, 696, 697, 698, 699, 700, 701, 702, 703, 704, 705, 706, 707, 708, 709, 710, 711, 712, 713, 714, 715, 716, 717, 718, 719, 720, 721, 722, 723, 724, 725, 726, 727, 728, 729, 730, 731, 732, 733, 734, 735, 736, 737, 738, 739, 740, 741, 742, 743, 744, 745, 746, 747, 748, 749, 750, 751, 752, 753, 754, 755, 756, 757, 758, 759, 760, 761, 762, 763, 764, 765, 766, 767, 768, 769, 770, 771, 772, 773, 774, 775, 776, 777, 778, 779, 780, 781, 782, 783, 784, 785, 786, 787, 788, 789, 790, 791, 792, 793]","[105, 114, 138, 141, 152, 153, 154, 155, 157, 159, 164, 165, 176, 182, 191, 192, 194, 195, 196, 200, 204, 208, 209, 210, 211, 215, 226, 228, 241, 242, 243, 245, 248, 249, 250, 257, 261, 270, 271, 282, 287, 289, 291, 294, 296, 298, 306, 308, 309, 311, 314, 327, 333, 335, 337, 576, 585, 609, 612, 623, 624, 626, 627, 629, 631, 636, 637, 647, 653, 662, 663, 665, 666, 667, 671, 674, 678, 679, 680, 681, 690, 692, 705, 706, 707, 709, 711, 712, 713, 719, 721, 729, 730, 741, 746, 748, 750, 753, 755, 757, 764, 766, 767, 769, 772, 785, 791]","[34, 35, 36, 37, 38, 39, 40, 41, 42, 43, 44, 45, 46, 47, 48, 201, 202, 203, 204, 205, 206, 207, 208, 209, 210, 211, 212, 213, 214, 215, 216, 355, 356, 357, 358, 359, 360, 361, 429, 430, 431, 432, 433, 434, 435, 515, 516, 517, 518, 519, 520, 521, 522, 523, 524, 525, 526, 527, 672, 673, 674, 675, 676, 677, 678, 679, 680, 681, 682, 683, 684, 810, 811, 812, 813, 814, 881, 882, 883, 884, 885, 886]","[32, 33, 34, 35, 36, 37, 38, 39, 40, 41, 42, 43, 44, 45, 46, 47, 48, 201, 202, 203, 204, 205, 206, 207, 208, 209, 210, 211, 212, 213, 214, 215, 216, 355, 356, 357, 358, 359, 360, 361, 429, 430, 431, 432, 433, 434, 435, 515, 516, 517, 518, 519, 520, 521, 522, 523, 524, 525, 526, 527, 672, 673, 674, 675, 676, 677, 678, 679, 680, 681, 682, 683, 684, 810, 811, 812, 813, 814, 881, 882, 883, 884, 885, 886]","[30, 32, 33, 34, 35, 36, 37, 38, 39, 40, 41, 42, 43, 44, 45, 46, 47, 48, 53, 98, 103, 104, 105, 106, 107, 108, 109, 110, 111, 112, 113, 114, 115, 116, 117, 118, 119, 120, 121, 122, 123, 124, 125, 126, 127, 128, 129, 130, 131, 132, 133, 134, 135, 136, 137, 138, 139, 140, 141, 142, 143, 144, 145, 146, 147, 148, 149, 150, 151, 152, 153, 154, 155, 156, 157, 158, 159, 160, 161, 162, 163, 164, 165, 166, 167, 168, 169, 170, 171, 172, 173, 174, 175, 176, 177, 178, 179, 180, 181, 182, 183, 184, 185, 186, 187, 188, 189, 190, 191, 192, 193, 194, 195, 196, 197, 198, 199, 200, 201, 202, 203, 204, 205, 206, 207, 208, 209, 210, 211, 212, 213, 214, 215, 216, 217, 218, 219, 220, 221, 222, 223, 224, 225, 226, 227, 228, 229, 230, 231, 232, 233, 234, 235, 236, 237, 238, 239, 240, 241, 242, 243, 244, 245, 246, 247, 248, 249, 250, 251, 252, 253, 254, 255, 256, 257, 258, 259, 260, 261, 262, 263, 264, 265, 266, 267, 268, 269, 270, 271, 272, 273, 274, 275, 276, 277, 278, 279, 280, 281, 282, 283, 284, 285, 286, 287, 288, 289, 290, 291, 292, 293, 294, 295, 296, 297, 298, 299, 300, 301, 302, 303, 304, 305, 306, 307, 308, 309, 310, 311, 312, 313, 314, 315, 316, 317, 318, 319, 320, 321, 322, 323, 324, 325, 326, 327, 328, 329, 330, 331, 332, 333, 334, 335, 336, 337, 355, 356, 357, 358, 359, 360, 361, 429, 430, 431, 432, 433, 434, 435, 513, 515, 516, 517, 518, 519, 520, 521, 522, 523, 524, 525, 526, 527, 531, 569, 574, 575, 576, 577, 578, 579, 580, 581, 582, 583, 584, 585, 586, 587, 588, 589, 590, 591, 592, 593, 594, 595, 596, 597, 598, 599, 600, 601, 602, 603, 604, 605, 606, 607, 608, 609, 610, 611, 612, 613, 614, 615, 616, 617, 618, 619, 620, 621, 622, 623, 624, 625, 626, 627, 628, 629, 630, 631, 632, 633, 634, 635, 636, 637, 638, 639, 640, 641, 642, 643, 644, 645, 646, 647, 648, 649, 650, 651, 652, 653, 654, 655, 656, 657, 658, 659, 660, 661, 662, 663, 664, 665, 666, 667, 668, 669, 670, 671, 672, 673, 674, 675, 676, 677, 678, 679, 680, 681, 682, 683, 684, 685, 686, 687, 688, 689, 690, 691, 692, 693, 694, 695, 696, 697, 698, 699, 700, 701, 702, 703, 704, 705, 706, 707, 708, 709, 710, 711, 712, 713, 714, 715, 716, 717, 718, 719, 720, 721, 722, 723, 724, 725, 726, 727, 728, 729, 730, 731, 732, 733, 734, 735, 736, 737, 738, 739, 740, 741, 742, 743, 744, 745, 746, 747, 748, 749, 750, 751, 752, 753, 754, 755, 756, 757, 758, 759, 760, 761, 762, 763, 764, 765, 766, 767, 768, 769, 770, 771, 772, 773, 774, 775, 776, 777, 778, 779, 780, 781, 782, 783, 784, 785, 786, 787, 788, 789, 790, 791, 792, 793, 810, 811, 812, 813, 814, 881, 882, 883, 884, 885, 886]",True,"[200, 204, 249, 671, 674, 712]","[103, 104, 105, 106, 107, 108, 109, 110, 111, 112, 113, 114, 115, 116, 117, 118, 119, 120, 121, 122, 123, 124, 125, 126, 127, 128, 129, 130, 131, 132, 133, 134, 135, 136, 137, 138, 139, 140, 141, 142, 143, 144, 145, 146, 147, 148, 149, 150, 151, 152, 153, 154, 155, 156, 157, 158, 159, 160, 161, 162, 163, 164, 165, 166, 167, 168, 169, 170, 171, 172, 173, 174, 175, 176, 177, 178, 179, 180, 181, 182, 183, 184, 185, 186, 187, 188, 189, 190, 191, 192, 193, 194, 195, 196, 197, 198, 199, 200, 201, 202, 203, 204, 205, 206, 207, 208, 209, 210, 211, 212, 213, 214, 215, 216, 217, 218, 219, 220, 221, 222, 223, 224, 225, 226, 227, 228, 229, 230, 231, 232, 233, 234, 235, 236, 237, 238, 239, 240, 241, 242, 243, 244, 245, 246, 247, 248, 249, 250, 251, 252, 253, 254, 255, 256, 257, 258, 259, 260, 261, 262, 263, 264, 265, 266, 267, 268, 269, 270, 271, 272, 273, 274, 275, 276, 277, 278, 279, 280, 281, 282, 283, 284, 285, 286, 287, 288, 289, 290, 291, 292, 293, 294, 295, 296, 297, 298, 299, 300, 301, 302, 303, 304, 305, 306, 307, 308, 309, 310, 311, 312, 313, 314, 315, 316, 317, 318, 319, 320, 321, 322, 323, 324, 325, 326, 327, 328, 329, 330, 331, 332, 333, 334, 335, 336, 337, 574, 575, 576, 577, 578, 579, 580, 581, 582, 583, 584, 585, 586, 587, 588, 589, 590, 591, 592, 593, 594, 595, 596, 597, 598, 599, 600, 601, 602, 603, 604, 605, 606, 607, 608, 609, 610, 611, 612, 613, 614, 615, 616, 617, 618, 619, 620, 621, 622, 623, 624, 625, 626, 627, 628, 629, 630, 631, 632, 633, 634, 635, 636, 637, 638, 639, 640, 641, 642, 643, 644, 645, 646, 647, 648, 649, 650, 651, 652, 653, 654, 655, 656, 657, 658, 659, 660, 661, 662, 663, 664, 665, 666, 667, 668, 669, 670, 671, 672, 673, 674, 675, 676, 677, 678, 679, 680, 681, 682, 683, 684, 685, 686, 687, 688, 689, 690, 691, 692, 693, 694, 695, 696, 697, 698, 699, 700, 701, 702, 703, 704, 705, 706, 707, 708, 709, 710, 711, 712, 713, 714, 715, 716, 717, 718, 719, 720, 721, 722, 723, 724, 725, 726, 727, 728, 729, 730, 731, 732, 733, 734, 735, 736, 737, 738, 739, 740, 741, 742, 743, 744, 745, 746, 747, 748, 749, 750, 751, 752, 753, 754, 755, 756, 757, 758, 759, 760, 761, 762, 763, 764, 765, 766, 767, 768, 769, 770, 771, 772, 773, 774, 775, 776, 777, 778, 779, 780, 781, 782, 783, 784, 785, 786, 787, 788, 789, 790, 791, 792, 793]","[30, 98, 200, 204, 249, 513, 531, 569, 671, 674, 712]","[53, 113, 200, 204, 249, 583, 671, 674, 712]","[105, 114, 138, 141, 152, 153, 154, 155, 157, 159, 164, 165, 176, 182, 191, 192, 194, 195, 196, 200, 204, 208, 209, 210, 211, 215, 226, 228, 241, 242, 243, 245, 248, 249, 250, 257, 261, 270, 271, 282, 287, 289, 291, 294, 296, 298, 306, 308, 309, 311, 314, 327, 333, 335, 337, 576, 585, 609, 612, 623, 624, 626, 627, 629, 631, 636, 637, 647, 653, 662, 663, 665, 666, 667, 671, 674, 678, 679, 680, 681, 690, 692, 705, 706, 707, 709, 711, 712, 713, 719, 721, 729, 730, 741, 746, 748, 750, 753, 755, 757, 764, 766, 767, 769, 772, 785, 791]","[32, 33, 34, 35, 36, 37, 38, 39, 40, 41, 42, 43, 44, 45, 46, 47, 48, 201, 202, 203, 204, 205, 206, 207, 208, 209, 210, 211, 212, 213, 214, 215, 216, 355, 356, 357, 358, 359, 360, 361, 429, 430, 431, 432, 433, 434, 435, 515, 516, 517, 518, 519, 520, 521, 522, 523, 524, 525, 526, 527, 672, 673, 674, 675, 676, 677, 678, 679, 680, 681, 682, 683, 684, 810, 811, 812, 813, 814, 881, 882, 883, 884, 885, 886]","[34, 35, 36, 37, 38, 39, 40, 41, 42, 43, 44, 45, 46, 47, 48, 201, 202, 203, 204, 205, 206, 207, 208, 209, 210, 211, 212, 213, 214, 215, 216, 355, 356, 357, 358, 359, 360, 361, 429, 430, 431, 432, 433, 434, 435, 515, 516, 517, 518, 519, 520, 521, 522, 523, 524, 525, 526, 527, 672, 673, 674, 675, 676, 677, 678, 679, 680, 681, 682, 683, 684, 810, 811, 812, 813, 814, 881, 882, 883, 884, 885, 886]",7/6 successful match,True,[353],True,301,False,,1.0,True,Love's Travel Stop # 230,Love's
Lost Hills ( 93249 ) Love's Travel Stop # 230,3 661-797-1800 I-5 Exit 278 ( CA 46 W ),24 <U+2610> M,Lost Hills,93249,Love's Travel Stop # 230,661-797-1800,2015,Lost Hills,CA,Love's,( CA 46 W ),I-5 Exit 278 ,Exit,278,False,,False,I-5,,,,,"[674, 204]","[200, 204, 249, 671, 674, 712]","[30, 98, 200, 204, 249, 513, 531, 569, 671, 674, 712]","[53, 113, 200, 204, 249, 583, 671, 674, 712]","[103, 104, 105, 106, 107, 108, 109, 110, 111, 112, 113, 114, 115, 116, 117, 118, 119, 120, 121, 122, 123, 124, 125, 126, 127, 128, 129, 130, 131, 132, 133, 134, 135, 136, 137, 138, 139, 140, 141, 142, 143, 144, 145, 146, 147, 148, 149, 150, 151, 152, 153, 154, 155, 156, 157, 158, 159, 160, 161, 162, 163, 164, 165, 166, 167, 168, 169, 170, 171, 172, 173, 174, 175, 176, 177, 178, 179, 180, 181, 182, 183, 184, 185, 186, 187, 188, 189, 190, 191, 192, 193, 194, 195, 196, 197, 198, 199, 200, 201, 202, 203, 204, 205, 206, 207, 208, 209, 210, 211, 212, 213, 214, 215, 216, 217, 218, 219, 220, 221, 222, 223, 224, 225, 226, 227, 228, 229, 230, 231, 232, 233, 234, 235, 236, 237, 238, 239, 240, 241, 242, 243, 244, 245, 246, 247, 248, 249, 250, 251, 252, 253, 254, 255, 256, 257, 258, 259, 260, 261, 262, 263, 264, 265, 266, 267, 268, 269, 270, 271, 272, 273, 274, 275, 276, 277, 278, 279, 280, 281, 282, 283, 284, 285, 286, 287, 288, 289, 290, 291, 292, 293, 294, 295, 296, 297, 298, 299, 300, 301, 302, 303, 304, 305, 306, 307, 308, 309, 310, 311, 312, 313, 314, 315, 316, 317, 318, 319, 320, 321, 322, 323, 324, 325, 326, 327, 328, 329, 330, 331, 332, 333, 334, 335, 336, 337, 574, 575, 576, 577, 578, 579, 580, 581, 582, 583, 584, 585, 586, 587, 588, 589, 590, 591, 592, 593, 594, 595, 596, 597, 598, 599, 600, 601, 602, 603, 604, 605, 606, 607, 608, 609, 610, 611, 612, 613, 614, 615, 616, 617, 618, 619, 620, 621, 622, 623, 624, 625, 626, 627, 628, 629, 630, 631, 632, 633, 634, 635, 636, 637, 638, 639, 640, 641, 642, 643, 644, 645, 646, 647, 648, 649, 650, 651, 652, 653, 654, 655, 656, 657, 658, 659, 660, 661, 662, 663, 664, 665, 666, 667, 668, 669, 670, 671, 672, 673, 674, 675, 676, 677, 678, 679, 680, 681, 682, 683, 684, 685, 686, 687, 688, 689, 690, 691, 692, 693, 694, 695, 696, 697, 698, 699, 700, 701, 702, 703, 704, 705, 706, 707, 708, 709, 710, 711, 712, 713, 714, 715, 716, 717, 718, 719, 720, 721, 722, 723, 724, 725, 726, 727, 728, 729, 730, 731, 732, 733, 734, 735, 736, 737, 738, 739, 740, 741, 742, 743, 744, 745, 746, 747, 748, 749, 750, 751, 752, 753, 754, 755, 756, 757, 758, 759, 760, 761, 762, 763, 764, 765, 766, 767, 768, 769, 770, 771, 772, 773, 774, 775, 776, 777, 778, 779, 780, 781, 782, 783, 784, 785, 786, 787, 788, 789, 790, 791, 792, 793]","[105, 114, 138, 141, 152, 153, 154, 155, 157, 159, 164, 165, 176, 182, 191, 192, 194, 195, 196, 200, 204, 208, 209, 210, 211, 215, 226, 228, 241, 242, 243, 245, 248, 249, 250, 257, 261, 270, 271, 282, 287, 289, 291, 294, 296, 298, 306, 308, 309, 311, 314, 327, 333, 335, 337, 576, 585, 609, 612, 623, 624, 626, 627, 629, 631, 636, 637, 647, 653, 662, 663, 665, 666, 667, 671, 674, 678, 679, 680, 681, 690, 692, 705, 706, 707, 709, 711, 712, 713, 719, 721, 729, 730, 741, 746, 748, 750, 753, 755, 757, 764, 766, 767, 769, 772, 785, 791]","[34, 35, 36, 37, 38, 39, 40, 41, 42, 43, 44, 45, 46, 47, 48, 201, 202, 203, 204, 205, 206, 207, 208, 209, 210, 211, 212, 213, 214, 215, 216, 355, 356, 357, 358, 359, 360, 361, 429, 430, 431, 432, 433, 434, 435, 515, 516, 517, 518, 519, 520, 521, 522, 523, 524, 525, 526, 527, 672, 673, 674, 675, 676, 677, 678, 679, 680, 681, 682, 683, 684, 810, 811, 812, 813, 814, 881, 882, 883, 884, 885, 886]","[32, 33, 34, 35, 36, 37, 38, 39, 40, 41, 42, 43, 44, 45, 46, 47, 48, 201, 202, 203, 204, 205, 206, 207, 208, 209, 210, 211, 212, 213, 214, 215, 216, 355, 356, 357, 358, 359, 360, 361, 429, 430, 431, 432, 433, 434, 435, 515, 516, 517, 518, 519, 520, 521, 522, 523, 524, 525, 526, 527, 672, 673, 674, 675, 676, 677, 678, 679, 680, 681, 682, 683, 684, 810, 811, 812, 813, 814, 881, 882, 883, 884, 885, 886]","[30, 32, 33, 34, 35, 36, 37, 38, 39, 40, 41, 42, 43, 44, 45, 46, 47, 48, 53, 98, 103, 104, 105, 106, 107, 108, 109, 110, 111, 112, 113, 114, 115, 116, 117, 118, 119, 120, 121, 122, 123, 124, 125, 126, 127, 128, 129, 130, 131, 132, 133, 134, 135, 136, 137, 138, 139, 140, 141, 142, 143, 144, 145, 146, 147, 148, 149, 150, 151, 152, 153, 154, 155, 156, 157, 158, 159, 160, 161, 162, 163, 164, 165, 166, 167, 168, 169, 170, 171, 172, 173, 174, 175, 176, 177, 178, 179, 180, 181, 182, 183, 184, 185, 186, 187, 188, 189, 190, 191, 192, 193, 194, 195, 196, 197, 198, 199, 200, 201, 202, 203, 204, 205, 206, 207, 208, 209, 210, 211, 212, 213, 214, 215, 216, 217, 218, 219, 220, 221, 222, 223, 224, 225, 226, 227, 228, 229, 230, 231, 232, 233, 234, 235, 236, 237, 238, 239, 240, 241, 242, 243, 244, 245, 246, 247, 248, 249, 250, 251, 252, 253, 254, 255, 256, 257, 258, 259, 260, 261, 262, 263, 264, 265, 266, 267, 268, 269, 270, 271, 272, 273, 274, 275, 276, 277, 278, 279, 280, 281, 282, 283, 284, 285, 286, 287, 288, 289, 290, 291, 292, 293, 294, 295, 296, 297, 298, 299, 300, 301, 302, 303, 304, 305, 306, 307, 308, 309, 310, 311, 312, 313, 314, 315, 316, 317, 318, 319, 320, 321, 322, 323, 324, 325, 326, 327, 328, 329, 330, 331, 332, 333, 334, 335, 336, 337, 355, 356, 357, 358, 359, 360, 361, 429, 430, 431, 432, 433, 434, 435, 513, 515, 516, 517, 518, 519, 520, 521, 522, 523, 524, 525, 526, 527, 531, 569, 574, 575, 576, 577, 578, 579, 580, 581, 582, 583, 584, 585, 586, 587, 588, 589, 590, 591, 592, 593, 594, 595, 596, 597, 598, 599, 600, 601, 602, 603, 604, 605, 606, 607, 608, 609, 610, 611, 612, 613, 614, 615, 616, 617, 618, 619, 620, 621, 622, 623, 624, 625, 626, 627, 628, 629, 630, 631, 632, 633, 634, 635, 636, 637, 638, 639, 640, 641, 642, 643, 644, 645, 646, 647, 648, 649, 650, 651, 652, 653, 654, 655, 656, 657, 658, 659, 660, 661, 662, 663, 664, 665, 666, 667, 668, 669, 670, 671, 672, 673, 674, 675, 676, 677, 678, 679, 680, 681, 682, 683, 684, 685, 686, 687, 688, 689, 690, 691, 692, 693, 694, 695, 696, 697, 698, 699, 700, 701, 702, 703, 704, 705, 706, 707, 708, 709, 710, 711, 712, 713, 714, 715, 716, 717, 718, 719, 720, 721, 722, 723, 724, 725, 726, 727, 728, 729, 730, 731, 732, 733, 734, 735, 736, 737, 738, 739, 740, 741, 742, 743, 744, 745, 746, 747, 748, 749, 750, 751, 752, 753, 754, 755, 756, 757, 758, 759, 760, 761, 762, 763, 764, 765, 766, 767, 768, 769, 770, 771, 772, 773, 774, 775, 776, 777, 778, 779, 780, 781, 782, 783, 784, 785, 786, 787, 788, 789, 790, 791, 792, 793, 810, 811, 812, 813, 814, 881, 882, 883, 884, 885, 886]",True,"[200, 204, 249, 671, 674, 712]","[103, 104, 105, 106, 107, 108, 109, 110, 111, 112, 113, 114, 115, 116, 117, 118, 119, 120, 121, 122, 123, 124, 125, 126, 127, 128, 129, 130, 131, 132, 133, 134, 135, 136, 137, 138, 139, 140, 141, 142, 143, 144, 145, 146, 147, 148, 149, 150, 151, 152, 153, 154, 155, 156, 157, 158, 159, 160, 161, 162, 163, 164, 165, 166, 167, 168, 169, 170, 171, 172, 173, 174, 175, 176, 177, 178, 179, 180, 181, 182, 183, 184, 185, 186, 187, 188, 189, 190, 191, 192, 193, 194, 195, 196, 197, 198, 199, 200, 201, 202, 203, 204, 205, 206, 207, 208, 209, 210, 211, 212, 213, 214, 215, 216, 217, 218, 219, 220, 221, 222, 223, 224, 225, 226, 227, 228, 229, 230, 231, 232, 233, 234, 235, 236, 237, 238, 239, 240, 241, 242, 243, 244, 245, 246, 247, 248, 249, 250, 251, 252, 253, 254, 255, 256, 257, 258, 259, 260, 261, 262, 263, 264, 265, 266, 267, 268, 269, 270, 271, 272, 273, 274, 275, 276, 277, 278, 279, 280, 281, 282, 283, 284, 285, 286, 287, 288, 289, 290, 291, 292, 293, 294, 295, 296, 297, 298, 299, 300, 301, 302, 303, 304, 305, 306, 307, 308, 309, 310, 311, 312, 313, 314, 315, 316, 317, 318, 319, 320, 321, 322, 323, 324, 325, 326, 327, 328, 329, 330, 331, 332, 333, 334, 335, 336, 337, 574, 575, 576, 577, 578, 579, 580, 581, 582, 583, 584, 585, 586, 587, 588, 589, 590, 591, 592, 593, 594, 595, 596, 597, 598, 599, 600, 601, 602, 603, 604, 605, 606, 607, 608, 609, 610, 611, 612, 613, 614, 615, 616, 617, 618, 619, 620, 621, 622, 623, 624, 625, 626, 627, 628, 629, 630, 631, 632, 633, 634, 635, 636, 637, 638, 639, 640, 641, 642, 643, 644, 645, 646, 647, 648, 649, 650, 651, 652, 653, 654, 655, 656, 657, 658, 659, 660, 661, 662, 663, 664, 665, 666, 667, 668, 669, 670, 671, 672, 673, 674, 675, 676, 677, 678, 679, 680, 681, 682, 683, 684, 685, 686, 687, 688, 689, 690, 691, 692, 693, 694, 695, 696, 697, 698, 699, 700, 701, 702, 703, 704, 705, 706, 707, 708, 709, 710, 711, 712, 713, 714, 715, 716, 717, 718, 719, 720, 721, 722, 723, 724, 725, 726, 727, 728, 729, 730, 731, 732, 733, 734, 735, 736, 737, 738, 739, 740, 741, 742, 743, 744, 745, 746, 747, 748, 749, 750, 751, 752, 753, 754, 755, 756, 757, 758, 759, 760, 761, 762, 763, 764, 765, 766, 767, 768, 769, 770, 771, 772, 773, 774, 775, 776, 777, 778, 779, 780, 781, 782, 783, 784, 785, 786, 787, 788, 789, 790, 791, 792, 793]","[30, 98, 200, 204, 249, 513, 531, 569, 671, 674, 712]","[53, 113, 200, 204, 249, 583, 671, 674, 712]","[105, 114, 138, 141, 152, 153, 154, 155, 157, 159, 164, 165, 176, 182, 191, 192, 194, 195, 196, 200, 204, 208, 209, 210, 211, 215, 226, 228, 241, 242, 243, 245, 248, 249, 250, 257, 261, 270, 271, 282, 287, 289, 291, 294, 296, 298, 306, 308, 309, 311, 314, 327, 333, 335, 337, 576, 585, 609, 612, 623, 624, 626, 627, 629, 631, 636, 637, 647, 653, 662, 663, 665, 666, 667, 671, 674, 678, 679, 680, 681, 690, 692, 705, 706, 707, 709, 711, 712, 713, 719, 721, 729, 730, 741, 746, 748, 750, 753, 755, 757, 764, 766, 767, 769, 772, 785, 791]","[32, 33, 34, 35, 36, 37, 38, 39, 40, 41, 42, 43, 44, 45, 46, 47, 48, 201, 202, 203, 204, 205, 206, 207, 208, 209, 210, 211, 212, 213, 214, 215, 216, 355, 356, 357, 358, 359, 360, 361, 429, 430, 431, 432, 433, 434, 435, 515, 516, 517, 518, 519, 520, 521, 522, 523, 524, 525, 526, 527, 672, 673, 674, 675, 676, 677, 678, 679, 680, 681, 682, 683, 684, 810, 811, 812, 813, 814, 881, 882, 883, 884, 885, 886]","[34, 35, 36, 37, 38, 39, 40, 41, 42, 43, 44, 45, 46, 47, 48, 201, 202, 203, 204, 205, 206, 207, 208, 209, 210, 211, 212, 213, 214, 215, 216, 355, 356, 357, 358, 359, 360, 361, 429, 430, 431, 432, 433, 434, 435, 515, 516, 517, 518, 519, 520, 521, 522, 523, 524, 525, 526, 527, 672, 673, 674, 675, 676, 677, 678, 679, 680, 681, 682, 683, 684, 810, 811, 812, 813, 814, 881, 882, 883, 884, 885, 886]",7/6 successful match,True,[353],True,301,False,,1.0,True,Love's Travel Stop # 230,Love's
Lost Hills ( 93249 ) Love's Travel Stop # 230,3 661-797-1800 I-5 Exit 278 ( CA 46 W ),24 MO 24,Lost Hills,93249,Love's Travel Stop # 230,661-797-1800,2016,Lost Hills,CA,Love's,( CA 46 W ),I-5 Exit 278 ,Exit,278,False,,False,I-5,,,,,"[674, 204]","[200, 204, 249, 671, 674, 712]","[30, 98, 200, 204, 249, 513, 531, 569, 671, 674, 712]","[53, 113, 200, 204, 249, 583, 671, 674, 712]","[103, 104, 105, 106, 107, 108, 109, 110, 111, 112, 113, 114, 115, 116, 117, 118, 119, 120, 121, 122, 123, 124, 125, 126, 127, 128, 129, 130, 131, 132, 133, 134, 135, 136, 137, 138, 139, 140, 141, 142, 143, 144, 145, 146, 147, 148, 149, 150, 151, 152, 153, 154, 155, 156, 157, 158, 159, 160, 161, 162, 163, 164, 165, 166, 167, 168, 169, 170, 171, 172, 173, 174, 175, 176, 177, 178, 179, 180, 181, 182, 183, 184, 185, 186, 187, 188, 189, 190, 191, 192, 193, 194, 195, 196, 197, 198, 199, 200, 201, 202, 203, 204, 205, 206, 207, 208, 209, 210, 211, 212, 213, 214, 215, 216, 217, 218, 219, 220, 221, 222, 223, 224, 225, 226, 227, 228, 229, 230, 231, 232, 233, 234, 235, 236, 237, 238, 239, 240, 241, 242, 243, 244, 245, 246, 247, 248, 249, 250, 251, 252, 253, 254, 255, 256, 257, 258, 259, 260, 261, 262, 263, 264, 265, 266, 267, 268, 269, 270, 271, 272, 273, 274, 275, 276, 277, 278, 279, 280, 281, 282, 283, 284, 285, 286, 287, 288, 289, 290, 291, 292, 293, 294, 295, 296, 297, 298, 299, 300, 301, 302, 303, 304, 305, 306, 307, 308, 309, 310, 311, 312, 313, 314, 315, 316, 317, 318, 319, 320, 321, 322, 323, 324, 325, 326, 327, 328, 329, 330, 331, 332, 333, 334, 335, 336, 337, 574, 575, 576, 577, 578, 579, 580, 581, 582, 583, 584, 585, 586, 587, 588, 589, 590, 591, 592, 593, 594, 595, 596, 597, 598, 599, 600, 601, 602, 603, 604, 605, 606, 607, 608, 609, 610, 611, 612, 613, 614, 615, 616, 617, 618, 619, 620, 621, 622, 623, 624, 625, 626, 627, 628, 629, 630, 631, 632, 633, 634, 635, 636, 637, 638, 639, 640, 641, 642, 643, 644, 645, 646, 647, 648, 649, 650, 651, 652, 653, 654, 655, 656, 657, 658, 659, 660, 661, 662, 663, 664, 665, 666, 667, 668, 669, 670, 671, 672, 673, 674, 675, 676, 677, 678, 679, 680, 681, 682, 683, 684, 685, 686, 687, 688, 689, 690, 691, 692, 693, 694, 695, 696, 697, 698, 699, 700, 701, 702, 703, 704, 705, 706, 707, 708, 709, 710, 711, 712, 713, 714, 715, 716, 717, 718, 719, 720, 721, 722, 723, 724, 725, 726, 727, 728, 729, 730, 731, 732, 733, 734, 735, 736, 737, 738, 739, 740, 741, 742, 743, 744, 745, 746, 747, 748, 749, 750, 751, 752, 753, 754, 755, 756, 757, 758, 759, 760, 761, 762, 763, 764, 765, 766, 767, 768, 769, 770, 771, 772, 773, 774, 775, 776, 777, 778, 779, 780, 781, 782, 783, 784, 785, 786, 787, 788, 789, 790, 791, 792, 793]","[105, 114, 138, 141, 152, 153, 154, 155, 157, 159, 164, 165, 176, 182, 191, 192, 194, 195, 196, 200, 204, 208, 209, 210, 211, 215, 226, 228, 241, 242, 243, 245, 248, 249, 250, 257, 261, 270, 271, 282, 287, 289, 291, 294, 296, 298, 306, 308, 309, 311, 314, 327, 333, 335, 337, 576, 585, 609, 612, 623, 624, 626, 627, 629, 631, 636, 637, 647, 653, 662, 663, 665, 666, 667, 671, 674, 678, 679, 680, 681, 690, 692, 705, 706, 707, 709, 711, 712, 713, 719, 721, 729, 730, 741, 746, 748, 750, 753, 755, 757, 764, 766, 767, 769, 772, 785, 791]","[34, 35, 36, 37, 38, 39, 40, 41, 42, 43, 44, 45, 46, 47, 48, 201, 202, 203, 204, 205, 206, 207, 208, 209, 210, 211, 212, 213, 214, 215, 216, 355, 356, 357, 358, 359, 360, 361, 429, 430, 431, 432, 433, 434, 435, 515, 516, 517, 518, 519, 520, 521, 522, 523, 524, 525, 526, 527, 672, 673, 674, 675, 676, 677, 678, 679, 680, 681, 682, 683, 684, 810, 811, 812, 813, 814, 881, 882, 883, 884, 885, 886]","[32, 33, 34, 35, 36, 37, 38, 39, 40, 41, 42, 43, 44, 45, 46, 47, 48, 201, 202, 203, 204, 205, 206, 207, 208, 209, 210, 211, 212, 213, 214, 215, 216, 355, 356, 357, 358, 359, 360, 361, 429, 430, 431, 432, 433, 434, 435, 515, 516, 517, 518, 519, 520, 521, 522, 523, 524, 525, 526, 527, 672, 673, 674, 675, 676, 677, 678, 679, 680, 681, 682, 683, 684, 810, 811, 812, 813, 814, 881, 882, 883, 884, 885, 886]","[30, 32, 33, 34, 35, 36, 37, 38, 39, 40, 41, 42, 43, 44, 45, 46, 47, 48, 53, 98, 103, 104, 105, 106, 107, 108, 109, 110, 111, 112, 113, 114, 115, 116, 117, 118, 119, 120, 121, 122, 123, 124, 125, 126, 127, 128, 129, 130, 131, 132, 133, 134, 135, 136, 137, 138, 139, 140, 141, 142, 143, 144, 145, 146, 147, 148, 149, 150, 151, 152, 153, 154, 155, 156, 157, 158, 159, 160, 161, 162, 163, 164, 165, 166, 167, 168, 169, 170, 171, 172, 173, 174, 175, 176, 177, 178, 179, 180, 181, 182, 183, 184, 185, 186, 187, 188, 189, 190, 191, 192, 193, 194, 195, 196, 197, 198, 199, 200, 201, 202, 203, 204, 205, 206, 207, 208, 209, 210, 211, 212, 213, 214, 215, 216, 217, 218, 219, 220, 221, 222, 223, 224, 225, 226, 227, 228, 229, 230, 231, 232, 233, 234, 235, 236, 237, 238, 239, 240, 241, 242, 243, 244, 245, 246, 247, 248, 249, 250, 251, 252, 253, 254, 255, 256, 257, 258, 259, 260, 261, 262, 263, 264, 265, 266, 267, 268, 269, 270, 271, 272, 273, 274, 275, 276, 277, 278, 279, 280, 281, 282, 283, 284, 285, 286, 287, 288, 289, 290, 291, 292, 293, 294, 295, 296, 297, 298, 299, 300, 301, 302, 303, 304, 305, 306, 307, 308, 309, 310, 311, 312, 313, 314, 315, 316, 317, 318, 319, 320, 321, 322, 323, 324, 325, 326, 327, 328, 329, 330, 331, 332, 333, 334, 335, 336, 337, 355, 356, 357, 358, 359, 360, 361, 429, 430, 431, 432, 433, 434, 435, 513, 515, 516, 517, 518, 519, 520, 521, 522, 523, 524, 525, 526, 527, 531, 569, 574, 575, 576, 577, 578, 579, 580, 581, 582, 583, 584, 585, 586, 587, 588, 589, 590, 591, 592, 593, 594, 595, 596, 597, 598, 599, 600, 601, 602, 603, 604, 605, 606, 607, 608, 609, 610, 611, 612, 613, 614, 615, 616, 617, 618, 619, 620, 621, 622, 623, 624, 625, 626, 627, 628, 629, 630, 631, 632, 633, 634, 635, 636, 637, 638, 639, 640, 641, 642, 643, 644, 645, 646, 647, 648, 649, 650, 651, 652, 653, 654, 655, 656, 657, 658, 659, 660, 661, 662, 663, 664, 665, 666, 667, 668, 669, 670, 671, 672, 673, 674, 675, 676, 677, 678, 679, 680, 681, 682, 683, 684, 685, 686, 687, 688, 689, 690, 691, 692, 693, 694, 695, 696, 697, 698, 699, 700, 701, 702, 703, 704, 705, 706, 707, 708, 709, 710, 711, 712, 713, 714, 715, 716, 717, 718, 719, 720, 721, 722, 723, 724, 725, 726, 727, 728, 729, 730, 731, 732, 733, 734, 735, 736, 737, 738, 739, 740, 741, 742, 743, 744, 745, 746, 747, 748, 749, 750, 751, 752, 753, 754, 755, 756, 757, 758, 759, 760, 761, 762, 763, 764, 765, 766, 767, 768, 769, 770, 771, 772, 773, 774, 775, 776, 777, 778, 779, 780, 781, 782, 783, 784, 785, 786, 787, 788, 789, 790, 791, 792, 793, 810, 811, 812, 813, 814, 881, 882, 883, 884, 885, 886]",True,"[200, 204, 249, 671, 674, 712]","[103, 104, 105, 106, 107, 108, 109, 110, 111, 112, 113, 114, 115, 116, 117, 118, 119, 120, 121, 122, 123, 124, 125, 126, 127, 128, 129, 130, 131, 132, 133, 134, 135, 136, 137, 138, 139, 140, 141, 142, 143, 144, 145, 146, 147, 148, 149, 150, 151, 152, 153, 154, 155, 156, 157, 158, 159, 160, 161, 162, 163, 164, 165, 166, 167, 168, 169, 170, 171, 172, 173, 174, 175, 176, 177, 178, 179, 180, 181, 182, 183, 184, 185, 186, 187, 188, 189, 190, 191, 192, 193, 194, 195, 196, 197, 198, 199, 200, 201, 202, 203, 204, 205, 206, 207, 208, 209, 210, 211, 212, 213, 214, 215, 216, 217, 218, 219, 220, 221, 222, 223, 224, 225, 226, 227, 228, 229, 230, 231, 232, 233, 234, 235, 236, 237, 238, 239, 240, 241, 242, 243, 244, 245, 246, 247, 248, 249, 250, 251, 252, 253, 254, 255, 256, 257, 258, 259, 260, 261, 262, 263, 264, 265, 266, 267, 268, 269, 270, 271, 272, 273, 274, 275, 276, 277, 278, 279, 280, 281, 282, 283, 284, 285, 286, 287, 288, 289, 290, 291, 292, 293, 294, 295, 296, 297, 298, 299, 300, 301, 302, 303, 304, 305, 306, 307, 308, 309, 310, 311, 312, 313, 314, 315, 316, 317, 318, 319, 320, 321, 322, 323, 324, 325, 326, 327, 328, 329, 330, 331, 332, 333, 334, 335, 336, 337, 574, 575, 576, 577, 578, 579, 580, 581, 582, 583, 584, 585, 586, 587, 588, 589, 590, 591, 592, 593, 594, 595, 596, 597, 598, 599, 600, 601, 602, 603, 604, 605, 606, 607, 608, 609, 610, 611, 612, 613, 614, 615, 616, 617, 618, 619, 620, 621, 622, 623, 624, 625, 626, 627, 628, 629, 630, 631, 632, 633, 634, 635, 636, 637, 638, 639, 640, 641, 642, 643, 644, 645, 646, 647, 648, 649, 650, 651, 652, 653, 654, 655, 656, 657, 658, 659, 660, 661, 662, 663, 664, 665, 666, 667, 668, 669, 670, 671, 672, 673, 674, 675, 676, 677, 678, 679, 680, 681, 682, 683, 684, 685, 686, 687, 688, 689, 690, 691, 692, 693, 694, 695, 696, 697, 698, 699, 700, 701, 702, 703, 704, 705, 706, 707, 708, 709, 710, 711, 712, 713, 714, 715, 716, 717, 718, 719, 720, 721, 722, 723, 724, 725, 726, 727, 728, 729, 730, 731, 732, 733, 734, 735, 736, 737, 738, 739, 740, 741, 742, 743, 744, 745, 746, 747, 748, 749, 750, 751, 752, 753, 754, 755, 756, 757, 758, 759, 760, 761, 762, 763, 764, 765, 766, 767, 768, 769, 770, 771, 772, 773, 774, 775, 776, 777, 778, 779, 780, 781, 782, 783, 784, 785, 786, 787, 788, 789, 790, 791, 792, 793]","[30, 98, 200, 204, 249, 513, 531, 569, 671, 674, 712]","[53, 113, 200, 204, 249, 583, 671, 674, 712]","[105, 114, 138, 141, 152, 153, 154, 155, 157, 159, 164, 165, 176, 182, 191, 192, 194, 195, 196, 200, 204, 208, 209, 210, 211, 215, 226, 228, 241, 242, 243, 245, 248, 249, 250, 257, 261, 270, 271, 282, 287, 289, 291, 294, 296, 298, 306, 308, 309, 311, 314, 327, 333, 335, 337, 576, 585, 609, 612, 623, 624, 626, 627, 629, 631, 636, 637, 647, 653, 662, 663, 665, 666, 667, 671, 674, 678, 679, 680, 681, 690, 692, 705, 706, 707, 709, 711, 712, 713, 719, 721, 729, 730, 741, 746, 748, 750, 753, 755, 757, 764, 766, 767, 769, 772, 785, 791]","[32, 33, 34, 35, 36, 37, 38, 39, 40, 41, 42, 43, 44, 45, 46, 47, 48, 201, 202, 203, 204, 205, 206, 207, 208, 209, 210, 211, 212, 213, 214, 215, 216, 355, 356, 357, 358, 359, 360, 361, 429, 430, 431, 432, 433, 434, 435, 515, 516, 517, 518, 519, 520, 521, 522, 523, 524, 525, 526, 527, 672, 673, 674, 675, 676, 677, 678, 679, 680, 681, 682, 683, 684, 810, 811, 812, 813, 814, 881, 882, 883, 884, 885, 886]","[34, 35, 36, 37, 38, 39, 40, 41, 42, 43, 44, 45, 46, 47, 48, 201, 202, 203, 204, 205, 206, 207, 208, 209, 210, 211, 212, 213, 214, 215, 216, 355, 356, 357, 358, 359, 360, 361, 429, 430, 431, 432, 433, 434, 435, 515, 516, 517, 518, 519, 520, 521, 522, 523, 524, 525, 526, 527, 672, 673, 674, 675, 676, 677, 678, 679, 680, 681, 682, 683, 684, 810, 811, 812, 813, 814, 881, 882, 883, 884, 885, 886]",7/6 successful match,True,[353],True,301,False,,1.0,True,Love's Travel Stop # 230,Love's
"Lost Hills , 93249 Pilot Travel Center # 154",661-797-2122 I-5 Exit 278 ( CA 46 ),HRS <U+2610>,Lost Hills,93249,Pilot Travel Center # 154,661-797-2122,2006,Lost Hills,CA,Pilot,( CA 46 ),I-5 Exit 278 ,Exit,278,False,,False,I-5,,,,,"[712, 249]","[200, 204, 249, 671, 674, 712]","[30, 98, 200, 204, 249, 513, 531, 569, 671, 674, 712]","[53, 113, 200, 204, 249, 583, 671, 674, 712]","[103, 104, 105, 106, 107, 108, 109, 110, 111, 112, 113, 114, 115, 116, 117, 118, 119, 120, 121, 122, 123, 124, 125, 126, 127, 128, 129, 130, 131, 132, 133, 134, 135, 136, 137, 138, 139, 140, 141, 142, 143, 144, 145, 146, 147, 148, 149, 150, 151, 152, 153, 154, 155, 156, 157, 158, 159, 160, 161, 162, 163, 164, 165, 166, 167, 168, 169, 170, 171, 172, 173, 174, 175, 176, 177, 178, 179, 180, 181, 182, 183, 184, 185, 186, 187, 188, 189, 190, 191, 192, 193, 194, 195, 196, 197, 198, 199, 200, 201, 202, 203, 204, 205, 206, 207, 208, 209, 210, 211, 212, 213, 214, 215, 216, 217, 218, 219, 220, 221, 222, 223, 224, 225, 226, 227, 228, 229, 230, 231, 232, 233, 234, 235, 236, 237, 238, 239, 240, 241, 242, 243, 244, 245, 246, 247, 248, 249, 250, 251, 252, 253, 254, 255, 256, 257, 258, 259, 260, 261, 262, 263, 264, 265, 266, 267, 268, 269, 270, 271, 272, 273, 274, 275, 276, 277, 278, 279, 280, 281, 282, 283, 284, 285, 286, 287, 288, 289, 290, 291, 292, 293, 294, 295, 296, 297, 298, 299, 300, 301, 302, 303, 304, 305, 306, 307, 308, 309, 310, 311, 312, 313, 314, 315, 316, 317, 318, 319, 320, 321, 322, 323, 324, 325, 326, 327, 328, 329, 330, 331, 332, 333, 334, 335, 336, 337, 574, 575, 576, 577, 578, 579, 580, 581, 582, 583, 584, 585, 586, 587, 588, 589, 590, 591, 592, 593, 594, 595, 596, 597, 598, 599, 600, 601, 602, 603, 604, 605, 606, 607, 608, 609, 610, 611, 612, 613, 614, 615, 616, 617, 618, 619, 620, 621, 622, 623, 624, 625, 626, 627, 628, 629, 630, 631, 632, 633, 634, 635, 636, 637, 638, 639, 640, 641, 642, 643, 644, 645, 646, 647, 648, 649, 650, 651, 652, 653, 654, 655, 656, 657, 658, 659, 660, 661, 662, 663, 664, 665, 666, 667, 668, 669, 670, 671, 672, 673, 674, 675, 676, 677, 678, 679, 680, 681, 682, 683, 684, 685, 686, 687, 688, 689, 690, 691, 692, 693, 694, 695, 696, 697, 698, 699, 700, 701, 702, 703, 704, 705, 706, 707, 708, 709, 710, 711, 712, 713, 714, 715, 716, 717, 718, 719, 720, 721, 722, 723, 724, 725, 726, 727, 728, 729, 730, 731, 732, 733, 734, 735, 736, 737, 738, 739, 740, 741, 742, 743, 744, 745, 746, 747, 748, 749, 750, 751, 752, 753, 754, 755, 756, 757, 758, 759, 760, 761, 762, 763, 764, 765, 766, 767, 768, 769, 770, 771, 772, 773, 774, 775, 776, 777, 778, 779, 780, 781, 782, 783, 784, 785, 786, 787, 788, 789, 790, 791, 792, 793]","[105, 114, 138, 141, 152, 153, 154, 155, 157, 159, 164, 165, 176, 182, 191, 192, 194, 195, 196, 200, 204, 208, 209, 210, 211, 215, 226, 228, 241, 242, 243, 245, 248, 249, 250, 257, 261, 270, 271, 282, 287, 289, 291, 294, 296, 298, 306, 308, 309, 311, 314, 327, 333, 335, 337, 576, 585, 609, 612, 623, 624, 626, 627, 629, 631, 636, 637, 647, 653, 662, 663, 665, 666, 667, 671, 674, 678, 679, 680, 681, 690, 692, 705, 706, 707, 709, 711, 712, 713, 719, 721, 729, 730, 741, 746, 748, 750, 753, 755, 757, 764, 766, 767, 769, 772, 785, 791]","[15, 16, 65, 66, 67, 68, 69, 70, 71, 72, 73, 74, 75, 76, 80, 151, 245, 246, 247, 248, 249, 250, 251, 252, 253, 254, 255, 256, 257, 258, 259, 280, 340, 373, 374, 375, 376, 377, 459, 460, 461, 462, 500, 501, 539, 540, 541, 542, 543, 544, 545, 546, 547, 548, 549, 550, 552, 622, 708, 709, 710, 711, 712, 713, 714, 715, 716, 717, 718, 719, 720, 739, 796, 823, 824, 825, 826, 827, 906, 907, 908, 909]","[15, 16, 65, 66, 67, 68, 69, 70, 71, 72, 73, 74, 75, 76, 77, 78, 80, 151, 244, 245, 246, 247, 248, 249, 250, 251, 252, 253, 254, 255, 256, 257, 258, 259, 260, 280, 340, 373, 374, 375, 376, 377, 459, 460, 461, 462, 500, 501, 539, 540, 541, 542, 543, 544, 545, 546, 547, 548, 549, 550, 552, 622, 708, 709, 710, 711, 712, 713, 714, 715, 716, 717, 718, 719, 720, 739, 796, 823, 824, 825, 826, 827, 906, 907, 908, 909]","[15, 16, 30, 53, 65, 66, 67, 68, 69, 70, 71, 72, 73, 74, 75, 76, 77, 78, 80, 98, 103, 104, 105, 106, 107, 108, 109, 110, 111, 112, 113, 114, 115, 116, 117, 118, 119, 120, 121, 122, 123, 124, 125, 126, 127, 128, 129, 130, 131, 132, 133, 134, 135, 136, 137, 138, 139, 140, 141, 142, 143, 144, 145, 146, 147, 148, 149, 150, 151, 152, 153, 154, 155, 156, 157, 158, 159, 160, 161, 162, 163, 164, 165, 166, 167, 168, 169, 170, 171, 172, 173, 174, 175, 176, 177, 178, 179, 180, 181, 182, 183, 184, 185, 186, 187, 188, 189, 190, 191, 192, 193, 194, 195, 196, 197, 198, 199, 200, 201, 202, 203, 204, 205, 206, 207, 208, 209, 210, 211, 212, 213, 214, 215, 216, 217, 218, 219, 220, 221, 222, 223, 224, 225, 226, 227, 228, 229, 230, 231, 232, 233, 234, 235, 236, 237, 238, 239, 240, 241, 242, 243, 244, 245, 246, 247, 248, 249, 250, 251, 252, 253, 254, 255, 256, 257, 258, 259, 260, 261, 262, 263, 264, 265, 266, 267, 268, 269, 270, 271, 272, 273, 274, 275, 276, 277, 278, 279, 280, 281, 282, 283, 284, 285, 286, 287, 288, 289, 290, 291, 292, 293, 294, 295, 296, 297, 298, 299, 300, 301, 302, 303, 304, 305, 306, 307, 308, 309, 310, 311, 312, 313, 314, 315, 316, 317, 318, 319, 320, 321, 322, 323, 324, 325, 326, 327, 328, 329, 330, 331, 332, 333, 334, 335, 336, 337, 340, 373, 374, 375, 376, 377, 459, 460, 461, 462, 500, 501, 513, 531, 539, 540, 541, 542, 543, 544, 545, 546, 547, 548, 549, 550, 552, 569, 574, 575, 576, 577, 578, 579, 580, 581, 582, 583, 584, 585, 586, 587, 588, 589, 590, 591, 592, 593, 594, 595, 596, 597, 598, 599, 600, 601, 602, 603, 604, 605, 606, 607, 608, 609, 610, 611, 612, 613, 614, 615, 616, 617, 618, 619, 620, 621, 622, 623, 624, 625, 626, 627, 628, 629, 630, 631, 632, 633, 634, 635, 636, 637, 638, 639, 640, 641, 642, 643, 644, 645, 646, 647, 648, 649, 650, 651, 652, 653, 654, 655, 656, 657, 658, 659, 660, 661, 662, 663, 664, 665, 666, 667, 668, 669, 670, 671, 672, 673, 674, 675, 676, 677, 678, 679, 680, 681, 682, 683, 684, 685, 686, 687, 688, 689, 690, 691, 692, 693, 694, 695, 696, 697, 698, 699, 700, 701, 702, 703, 704, 705, 706, 707, 708, 709, 710, 711, 712, 713, 714, 715, 716, 717, 718, 719, 720, 721, 722, 723, 724, 725, 726, 727, 728, 729, 730, 731, 732, 733, 734, 735, 736, 737, 738, 739, 740, 741, 742, 743, 744, 745, 746, 747, 748, 749, 750, 751, 752, 753, 754, 755, 756, 757, 758, 759, 760, 761, 762, 763, 764, 765, 766, 767, 768, 769, 770, 771, 772, 773, 774, 775, 776, 777, 778, 779, 780, 781, 782, 783, 784, 785, 786, 787, 788, 789, 790, 791, 792, 793, 796, 823, 824, 825, 826, 827, 906, 907, 908, 909]",True,"[200, 204, 249, 671, 674, 712]","[103, 104, 105, 106, 107, 108, 109, 110, 111, 112, 113, 114, 115, 116, 117, 118, 119, 120, 121, 122, 123, 124, 125, 126, 127, 128, 129, 130, 131, 132, 133, 134, 135, 136, 137, 138, 139, 140, 141, 142, 143, 144, 145, 146, 147, 148, 149, 150, 151, 152, 153, 154, 155, 156, 157, 158, 159, 160, 161, 162, 163, 164, 165, 166, 167, 168, 169, 170, 171, 172, 173, 174, 175, 176, 177, 178, 179, 180, 181, 182, 183, 184, 185, 186, 187, 188, 189, 190, 191, 192, 193, 194, 195, 196, 197, 198, 199, 200, 201, 202, 203, 204, 205, 206, 207, 208, 209, 210, 211, 212, 213, 214, 215, 216, 217, 218, 219, 220, 221, 222, 223, 224, 225, 226, 227, 228, 229, 230, 231, 232, 233, 234, 235, 236, 237, 238, 239, 240, 241, 242, 243, 244, 245, 246, 247, 248, 249, 250, 251, 252, 253, 254, 255, 256, 257, 258, 259, 260, 261, 262, 263, 264, 265, 266, 267, 268, 269, 270, 271, 272, 273, 274, 275, 276, 277, 278, 279, 280, 281, 282, 283, 284, 285, 286, 287, 288, 289, 290, 291, 292, 293, 294, 295, 296, 297, 298, 299, 300, 301, 302, 303, 304, 305, 306, 307, 308, 309, 310, 311, 312, 313, 314, 315, 316, 317, 318, 319, 320, 321, 322, 323, 324, 325, 326, 327, 328, 329, 330, 331, 332, 333, 334, 335, 336, 337, 574, 575, 576, 577, 578, 579, 580, 581, 582, 583, 584, 585, 586, 587, 588, 589, 590, 591, 592, 593, 594, 595, 596, 597, 598, 599, 600, 601, 602, 603, 604, 605, 606, 607, 608, 609, 610, 611, 612, 613, 614, 615, 616, 617, 618, 619, 620, 621, 622, 623, 624, 625, 626, 627, 628, 629, 630, 631, 632, 633, 634, 635, 636, 637, 638, 639, 640, 641, 642, 643, 644, 645, 646, 647, 648, 649, 650, 651, 652, 653, 654, 655, 656, 657, 658, 659, 660, 661, 662, 663, 664, 665, 666, 667, 668, 669, 670, 671, 672, 673, 674, 675, 676, 677, 678, 679, 680, 681, 682, 683, 684, 685, 686, 687, 688, 689, 690, 691, 692, 693, 694, 695, 696, 697, 698, 699, 700, 701, 702, 703, 704, 705, 706, 707, 708, 709, 710, 711, 712, 713, 714, 715, 716, 717, 718, 719, 720, 721, 722, 723, 724, 725, 726, 727, 728, 729, 730, 731, 732, 733, 734, 735, 736, 737, 738, 739, 740, 741, 742, 743, 744, 745, 746, 747, 748, 749, 750, 751, 752, 753, 754, 755, 756, 757, 758, 759, 760, 761, 762, 763, 764, 765, 766, 767, 768, 769, 770, 771, 772, 773, 774, 775, 776, 777, 778, 779, 780, 781, 782, 783, 784, 785, 786, 787, 788, 789, 790, 791, 792, 793]","[30, 98, 200, 204, 249, 513, 531, 569, 671, 674, 712]","[53, 113, 200, 204, 249, 583, 671, 674, 712]","[105, 114, 138, 141, 152, 153, 154, 155, 157, 159, 164, 165, 176, 182, 191, 192, 194, 195, 196, 200, 204, 208, 209, 210, 211, 215, 226, 228, 241, 242, 243, 245, 248, 249, 250, 257, 261, 270, 271, 282, 287, 289, 291, 294, 296, 298, 306, 308, 309, 311, 314, 327, 333, 335, 337, 576, 585, 609, 612, 623, 624, 626, 627, 629, 631, 636, 637, 647, 653, 662, 663, 665, 666, 667, 671, 674, 678, 679, 680, 681, 690, 692, 705, 706, 707, 709, 711, 712, 713, 719, 721, 729, 730, 741, 746, 748, 750, 753, 755, 757, 764, 766, 767, 769, 772, 785, 791]","[15, 16, 65, 66, 67, 68, 69, 70, 71, 72, 73, 74, 75, 76, 77, 78, 80, 151, 244, 245, 246, 247, 248, 249, 250, 251, 252, 253, 254, 255, 256, 257, 258, 259, 260, 280, 340, 373, 374, 375, 376, 377, 459, 460, 461, 462, 500, 501, 539, 540, 541, 542, 543, 544, 545, 546, 547, 548, 549, 550, 552, 622, 708, 709, 710, 711, 712, 713, 714, 715, 716, 717, 718, 719, 720, 739, 796, 823, 824, 825, 826, 827, 906, 907, 908, 909]","[15, 16, 65, 66, 67, 68, 69, 70, 71, 72, 73, 74, 75, 76, 80, 151, 245, 246, 247, 248, 249, 250, 251, 252, 253, 254, 255, 256, 257, 258, 259, 280, 340, 373, 374, 375, 376, 377, 459, 460, 461, 462, 500, 501, 539, 540, 541, 542, 543, 544, 545, 546, 547, 548, 549, 550, 552, 622, 708, 709, 710, 711, 712, 713, 714, 715, 716, 717, 718, 719, 720, 739, 796, 823, 824, 825, 826, 827, 906, 907, 908, 909]",7/6 successful match,True,[478],True,302,False,,,,,
"Lost Hills , 93249 Pilot Travel Center # 154",661-797-2122 I-5 Exit 278 ( CA 46 ),24 M <U+2610>,Lost Hills,93249,Pilot Travel Center # 154,661-797-2122,2007,Lost Hills,CA,Pilot,( CA 46 ),I-5 Exit 278 ,Exit,278,False,,False,I-5,,,,,"[712, 249]","[200, 204, 249, 671, 674, 712]","[30, 98, 200, 204, 249, 513, 531, 569, 671, 674, 712]","[53, 113, 200, 204, 249, 583, 671, 674, 712]","[103, 104, 105, 106, 107, 108, 109, 110, 111, 112, 113, 114, 115, 116, 117, 118, 119, 120, 121, 122, 123, 124, 125, 126, 127, 128, 129, 130, 131, 132, 133, 134, 135, 136, 137, 138, 139, 140, 141, 142, 143, 144, 145, 146, 147, 148, 149, 150, 151, 152, 153, 154, 155, 156, 157, 158, 159, 160, 161, 162, 163, 164, 165, 166, 167, 168, 169, 170, 171, 172, 173, 174, 175, 176, 177, 178, 179, 180, 181, 182, 183, 184, 185, 186, 187, 188, 189, 190, 191, 192, 193, 194, 195, 196, 197, 198, 199, 200, 201, 202, 203, 204, 205, 206, 207, 208, 209, 210, 211, 212, 213, 214, 215, 216, 217, 218, 219, 220, 221, 222, 223, 224, 225, 226, 227, 228, 229, 230, 231, 232, 233, 234, 235, 236, 237, 238, 239, 240, 241, 242, 243, 244, 245, 246, 247, 248, 249, 250, 251, 252, 253, 254, 255, 256, 257, 258, 259, 260, 261, 262, 263, 264, 265, 266, 267, 268, 269, 270, 271, 272, 273, 274, 275, 276, 277, 278, 279, 280, 281, 282, 283, 284, 285, 286, 287, 288, 289, 290, 291, 292, 293, 294, 295, 296, 297, 298, 299, 300, 301, 302, 303, 304, 305, 306, 307, 308, 309, 310, 311, 312, 313, 314, 315, 316, 317, 318, 319, 320, 321, 322, 323, 324, 325, 326, 327, 328, 329, 330, 331, 332, 333, 334, 335, 336, 337, 574, 575, 576, 577, 578, 579, 580, 581, 582, 583, 584, 585, 586, 587, 588, 589, 590, 591, 592, 593, 594, 595, 596, 597, 598, 599, 600, 601, 602, 603, 604, 605, 606, 607, 608, 609, 610, 611, 612, 613, 614, 615, 616, 617, 618, 619, 620, 621, 622, 623, 624, 625, 626, 627, 628, 629, 630, 631, 632, 633, 634, 635, 636, 637, 638, 639, 640, 641, 642, 643, 644, 645, 646, 647, 648, 649, 650, 651, 652, 653, 654, 655, 656, 657, 658, 659, 660, 661, 662, 663, 664, 665, 666, 667, 668, 669, 670, 671, 672, 673, 674, 675, 676, 677, 678, 679, 680, 681, 682, 683, 684, 685, 686, 687, 688, 689, 690, 691, 692, 693, 694, 695, 696, 697, 698, 699, 700, 701, 702, 703, 704, 705, 706, 707, 708, 709, 710, 711, 712, 713, 714, 715, 716, 717, 718, 719, 720, 721, 722, 723, 724, 725, 726, 727, 728, 729, 730, 731, 732, 733, 734, 735, 736, 737, 738, 739, 740, 741, 742, 743, 744, 745, 746, 747, 748, 749, 750, 751, 752, 753, 754, 755, 756, 757, 758, 759, 760, 761, 762, 763, 764, 765, 766, 767, 768, 769, 770, 771, 772, 773, 774, 775, 776, 777, 778, 779, 780, 781, 782, 783, 784, 785, 786, 787, 788, 789, 790, 791, 792, 793]","[105, 114, 138, 141, 152, 153, 154, 155, 157, 159, 164, 165, 176, 182, 191, 192, 194, 195, 196, 200, 204, 208, 209, 210, 211, 215, 226, 228, 241, 242, 243, 245, 248, 249, 250, 257, 261, 270, 271, 282, 287, 289, 291, 294, 296, 298, 306, 308, 309, 311, 314, 327, 333, 335, 337, 576, 585, 609, 612, 623, 624, 626, 627, 629, 631, 636, 637, 647, 653, 662, 663, 665, 666, 667, 671, 674, 678, 679, 680, 681, 690, 692, 705, 706, 707, 709, 711, 712, 713, 719, 721, 729, 730, 741, 746, 748, 750, 753, 755, 757, 764, 766, 767, 769, 772, 785, 791]","[15, 16, 65, 66, 67, 68, 69, 70, 71, 72, 73, 74, 75, 76, 80, 151, 245, 246, 247, 248, 249, 250, 251, 252, 253, 254, 255, 256, 257, 258, 259, 280, 340, 373, 374, 375, 376, 377, 459, 460, 461, 462, 500, 501, 539, 540, 541, 542, 543, 544, 545, 546, 547, 548, 549, 550, 552, 622, 708, 709, 710, 711, 712, 713, 714, 715, 716, 717, 718, 719, 720, 739, 796, 823, 824, 825, 826, 827, 906, 907, 908, 909]","[15, 16, 65, 66, 67, 68, 69, 70, 71, 72, 73, 74, 75, 76, 77, 78, 80, 151, 244, 245, 246, 247, 248, 249, 250, 251, 252, 253, 254, 255, 256, 257, 258, 259, 260, 280, 340, 373, 374, 375, 376, 377, 459, 460, 461, 462, 500, 501, 539, 540, 541, 542, 543, 544, 545, 546, 547, 548, 549, 550, 552, 622, 708, 709, 710, 711, 712, 713, 714, 715, 716, 717, 718, 719, 720, 739, 796, 823, 824, 825, 826, 827, 906, 907, 908, 909]","[15, 16, 30, 53, 65, 66, 67, 68, 69, 70, 71, 72, 73, 74, 75, 76, 77, 78, 80, 98, 103, 104, 105, 106, 107, 108, 109, 110, 111, 112, 113, 114, 115, 116, 117, 118, 119, 120, 121, 122, 123, 124, 125, 126, 127, 128, 129, 130, 131, 132, 133, 134, 135, 136, 137, 138, 139, 140, 141, 142, 143, 144, 145, 146, 147, 148, 149, 150, 151, 152, 153, 154, 155, 156, 157, 158, 159, 160, 161, 162, 163, 164, 165, 166, 167, 168, 169, 170, 171, 172, 173, 174, 175, 176, 177, 178, 179, 180, 181, 182, 183, 184, 185, 186, 187, 188, 189, 190, 191, 192, 193, 194, 195, 196, 197, 198, 199, 200, 201, 202, 203, 204, 205, 206, 207, 208, 209, 210, 211, 212, 213, 214, 215, 216, 217, 218, 219, 220, 221, 222, 223, 224, 225, 226, 227, 228, 229, 230, 231, 232, 233, 234, 235, 236, 237, 238, 239, 240, 241, 242, 243, 244, 245, 246, 247, 248, 249, 250, 251, 252, 253, 254, 255, 256, 257, 258, 259, 260, 261, 262, 263, 264, 265, 266, 267, 268, 269, 270, 271, 272, 273, 274, 275, 276, 277, 278, 279, 280, 281, 282, 283, 284, 285, 286, 287, 288, 289, 290, 291, 292, 293, 294, 295, 296, 297, 298, 299, 300, 301, 302, 303, 304, 305, 306, 307, 308, 309, 310, 311, 312, 313, 314, 315, 316, 317, 318, 319, 320, 321, 322, 323, 324, 325, 326, 327, 328, 329, 330, 331, 332, 333, 334, 335, 336, 337, 340, 373, 374, 375, 376, 377, 459, 460, 461, 462, 500, 501, 513, 531, 539, 540, 541, 542, 543, 544, 545, 546, 547, 548, 549, 550, 552, 569, 574, 575, 576, 577, 578, 579, 580, 581, 582, 583, 584, 585, 586, 587, 588, 589, 590, 591, 592, 593, 594, 595, 596, 597, 598, 599, 600, 601, 602, 603, 604, 605, 606, 607, 608, 609, 610, 611, 612, 613, 614, 615, 616, 617, 618, 619, 620, 621, 622, 623, 624, 625, 626, 627, 628, 629, 630, 631, 632, 633, 634, 635, 636, 637, 638, 639, 640, 641, 642, 643, 644, 645, 646, 647, 648, 649, 650, 651, 652, 653, 654, 655, 656, 657, 658, 659, 660, 661, 662, 663, 664, 665, 666, 667, 668, 669, 670, 671, 672, 673, 674, 675, 676, 677, 678, 679, 680, 681, 682, 683, 684, 685, 686, 687, 688, 689, 690, 691, 692, 693, 694, 695, 696, 697, 698, 699, 700, 701, 702, 703, 704, 705, 706, 707, 708, 709, 710, 711, 712, 713, 714, 715, 716, 717, 718, 719, 720, 721, 722, 723, 724, 725, 726, 727, 728, 729, 730, 731, 732, 733, 734, 735, 736, 737, 738, 739, 740, 741, 742, 743, 744, 745, 746, 747, 748, 749, 750, 751, 752, 753, 754, 755, 756, 757, 758, 759, 760, 761, 762, 763, 764, 765, 766, 767, 768, 769, 770, 771, 772, 773, 774, 775, 776, 777, 778, 779, 780, 781, 782, 783, 784, 785, 786, 787, 788, 789, 790, 791, 792, 793, 796, 823, 824, 825, 826, 827, 906, 907, 908, 909]",True,"[200, 204, 249, 671, 674, 712]","[103, 104, 105, 106, 107, 108, 109, 110, 111, 112, 113, 114, 115, 116, 117, 118, 119, 120, 121, 122, 123, 124, 125, 126, 127, 128, 129, 130, 131, 132, 133, 134, 135, 136, 137, 138, 139, 140, 141, 142, 143, 144, 145, 146, 147, 148, 149, 150, 151, 152, 153, 154, 155, 156, 157, 158, 159, 160, 161, 162, 163, 164, 165, 166, 167, 168, 169, 170, 171, 172, 173, 174, 175, 176, 177, 178, 179, 180, 181, 182, 183, 184, 185, 186, 187, 188, 189, 190, 191, 192, 193, 194, 195, 196, 197, 198, 199, 200, 201, 202, 203, 204, 205, 206, 207, 208, 209, 210, 211, 212, 213, 214, 215, 216, 217, 218, 219, 220, 221, 222, 223, 224, 225, 226, 227, 228, 229, 230, 231, 232, 233, 234, 235, 236, 237, 238, 239, 240, 241, 242, 243, 244, 245, 246, 247, 248, 249, 250, 251, 252, 253, 254, 255, 256, 257, 258, 259, 260, 261, 262, 263, 264, 265, 266, 267, 268, 269, 270, 271, 272, 273, 274, 275, 276, 277, 278, 279, 280, 281, 282, 283, 284, 285, 286, 287, 288, 289, 290, 291, 292, 293, 294, 295, 296, 297, 298, 299, 300, 301, 302, 303, 304, 305, 306, 307, 308, 309, 310, 311, 312, 313, 314, 315, 316, 317, 318, 319, 320, 321, 322, 323, 324, 325, 326, 327, 328, 329, 330, 331, 332, 333, 334, 335, 336, 337, 574, 575, 576, 577, 578, 579, 580, 581, 582, 583, 584, 585, 586, 587, 588, 589, 590, 591, 592, 593, 594, 595, 596, 597, 598, 599, 600, 601, 602, 603, 604, 605, 606, 607, 608, 609, 610, 611, 612, 613, 614, 615, 616, 617, 618, 619, 620, 621, 622, 623, 624, 625, 626, 627, 628, 629, 630, 631, 632, 633, 634, 635, 636, 637, 638, 639, 640, 641, 642, 643, 644, 645, 646, 647, 648, 649, 650, 651, 652, 653, 654, 655, 656, 657, 658, 659, 660, 661, 662, 663, 664, 665, 666, 667, 668, 669, 670, 671, 672, 673, 674, 675, 676, 677, 678, 679, 680, 681, 682, 683, 684, 685, 686, 687, 688, 689, 690, 691, 692, 693, 694, 695, 696, 697, 698, 699, 700, 701, 702, 703, 704, 705, 706, 707, 708, 709, 710, 711, 712, 713, 714, 715, 716, 717, 718, 719, 720, 721, 722, 723, 724, 725, 726, 727, 728, 729, 730, 731, 732, 733, 734, 735, 736, 737, 738, 739, 740, 741, 742, 743, 744, 745, 746, 747, 748, 749, 750, 751, 752, 753, 754, 755, 756, 757, 758, 759, 760, 761, 762, 763, 764, 765, 766, 767, 768, 769, 770, 771, 772, 773, 774, 775, 776, 777, 778, 779, 780, 781, 782, 783, 784, 785, 786, 787, 788, 789, 790, 791, 792, 793]","[30, 98, 200, 204, 249, 513, 531, 569, 671, 674, 712]","[53, 113, 200, 204, 249, 583, 671, 674, 712]","[105, 114, 138, 141, 152, 153, 154, 155, 157, 159, 164, 165, 176, 182, 191, 192, 194, 195, 196, 200, 204, 208, 209, 210, 211, 215, 226, 228, 241, 242, 243, 245, 248, 249, 250, 257, 261, 270, 271, 282, 287, 289, 291, 294, 296, 298, 306, 308, 309, 311, 314, 327, 333, 335, 337, 576, 585, 609, 612, 623, 624, 626, 627, 629, 631, 636, 637, 647, 653, 662, 663, 665, 666, 667, 671, 674, 678, 679, 680, 681, 690, 692, 705, 706, 707, 709, 711, 712, 713, 719, 721, 729, 730, 741, 746, 748, 750, 753, 755, 757, 764, 766, 767, 769, 772, 785, 791]","[15, 16, 65, 66, 67, 68, 69, 70, 71, 72, 73, 74, 75, 76, 77, 78, 80, 151, 244, 245, 246, 247, 248, 249, 250, 251, 252, 253, 254, 255, 256, 257, 258, 259, 260, 280, 340, 373, 374, 375, 376, 377, 459, 460, 461, 462, 500, 501, 539, 540, 541, 542, 543, 544, 545, 546, 547, 548, 549, 550, 552, 622, 708, 709, 710, 711, 712, 713, 714, 715, 716, 717, 718, 719, 720, 739, 796, 823, 824, 825, 826, 827, 906, 907, 908, 909]","[15, 16, 65, 66, 67, 68, 69, 70, 71, 72, 73, 74, 75, 76, 80, 151, 245, 246, 247, 248, 249, 250, 251, 252, 253, 254, 255, 256, 257, 258, 259, 280, 340, 373, 374, 375, 376, 377, 459, 460, 461, 462, 500, 501, 539, 540, 541, 542, 543, 544, 545, 546, 547, 548, 549, 550, 552, 622, 708, 709, 710, 711, 712, 713, 714, 715, 716, 717, 718, 719, 720, 739, 796, 823, 824, 825, 826, 827, 906, 907, 908, 909]",7/6 successful match,True,[478],True,302,False,,1.0,True,Pilot Travel Center # 154,Pilot
"Lost Hills , 93249 Pilot Travel Center # 154",3 661-797-2122 I-5 Exit 278 ( CA 46 ),24 HRS M,Lost Hills,93249,Pilot Travel Center # 154,661-797-2122,2008,Lost Hills,CA,Pilot,( CA 46 ),I-5 Exit 278 ,Exit,278,False,,False,I-5,,,,,"[712, 249]","[200, 204, 249, 671, 674, 712]","[30, 98, 200, 204, 249, 513, 531, 569, 671, 674, 712]","[53, 113, 200, 204, 249, 583, 671, 674, 712]","[103, 104, 105, 106, 107, 108, 109, 110, 111, 112, 113, 114, 115, 116, 117, 118, 119, 120, 121, 122, 123, 124, 125, 126, 127, 128, 129, 130, 131, 132, 133, 134, 135, 136, 137, 138, 139, 140, 141, 142, 143, 144, 145, 146, 147, 148, 149, 150, 151, 152, 153, 154, 155, 156, 157, 158, 159, 160, 161, 162, 163, 164, 165, 166, 167, 168, 169, 170, 171, 172, 173, 174, 175, 176, 177, 178, 179, 180, 181, 182, 183, 184, 185, 186, 187, 188, 189, 190, 191, 192, 193, 194, 195, 196, 197, 198, 199, 200, 201, 202, 203, 204, 205, 206, 207, 208, 209, 210, 211, 212, 213, 214, 215, 216, 217, 218, 219, 220, 221, 222, 223, 224, 225, 226, 227, 228, 229, 230, 231, 232, 233, 234, 235, 236, 237, 238, 239, 240, 241, 242, 243, 244, 245, 246, 247, 248, 249, 250, 251, 252, 253, 254, 255, 256, 257, 258, 259, 260, 261, 262, 263, 264, 265, 266, 267, 268, 269, 270, 271, 272, 273, 274, 275, 276, 277, 278, 279, 280, 281, 282, 283, 284, 285, 286, 287, 288, 289, 290, 291, 292, 293, 294, 295, 296, 297, 298, 299, 300, 301, 302, 303, 304, 305, 306, 307, 308, 309, 310, 311, 312, 313, 314, 315, 316, 317, 318, 319, 320, 321, 322, 323, 324, 325, 326, 327, 328, 329, 330, 331, 332, 333, 334, 335, 336, 337, 574, 575, 576, 577, 578, 579, 580, 581, 582, 583, 584, 585, 586, 587, 588, 589, 590, 591, 592, 593, 594, 595, 596, 597, 598, 599, 600, 601, 602, 603, 604, 605, 606, 607, 608, 609, 610, 611, 612, 613, 614, 615, 616, 617, 618, 619, 620, 621, 622, 623, 624, 625, 626, 627, 628, 629, 630, 631, 632, 633, 634, 635, 636, 637, 638, 639, 640, 641, 642, 643, 644, 645, 646, 647, 648, 649, 650, 651, 652, 653, 654, 655, 656, 657, 658, 659, 660, 661, 662, 663, 664, 665, 666, 667, 668, 669, 670, 671, 672, 673, 674, 675, 676, 677, 678, 679, 680, 681, 682, 683, 684, 685, 686, 687, 688, 689, 690, 691, 692, 693, 694, 695, 696, 697, 698, 699, 700, 701, 702, 703, 704, 705, 706, 707, 708, 709, 710, 711, 712, 713, 714, 715, 716, 717, 718, 719, 720, 721, 722, 723, 724, 725, 726, 727, 728, 729, 730, 731, 732, 733, 734, 735, 736, 737, 738, 739, 740, 741, 742, 743, 744, 745, 746, 747, 748, 749, 750, 751, 752, 753, 754, 755, 756, 757, 758, 759, 760, 761, 762, 763, 764, 765, 766, 767, 768, 769, 770, 771, 772, 773, 774, 775, 776, 777, 778, 779, 780, 781, 782, 783, 784, 785, 786, 787, 788, 789, 790, 791, 792, 793]","[105, 114, 138, 141, 152, 153, 154, 155, 157, 159, 164, 165, 176, 182, 191, 192, 194, 195, 196, 200, 204, 208, 209, 210, 211, 215, 226, 228, 241, 242, 243, 245, 248, 249, 250, 257, 261, 270, 271, 282, 287, 289, 291, 294, 296, 298, 306, 308, 309, 311, 314, 327, 333, 335, 337, 576, 585, 609, 612, 623, 624, 626, 627, 629, 631, 636, 637, 647, 653, 662, 663, 665, 666, 667, 671, 674, 678, 679, 680, 681, 690, 692, 705, 706, 707, 709, 711, 712, 713, 719, 721, 729, 730, 741, 746, 748, 750, 753, 755, 757, 764, 766, 767, 769, 772, 785, 791]","[15, 16, 65, 66, 67, 68, 69, 70, 71, 72, 73, 74, 75, 76, 80, 151, 245, 246, 247, 248, 249, 250, 251, 252, 253, 254, 255, 256, 257, 258, 259, 280, 340, 373, 374, 375, 376, 377, 459, 460, 461, 462, 500, 501, 539, 540, 541, 542, 543, 544, 545, 546, 547, 548, 549, 550, 552, 622, 708, 709, 710, 711, 712, 713, 714, 715, 716, 717, 718, 719, 720, 739, 796, 823, 824, 825, 826, 827, 906, 907, 908, 909]","[15, 16, 65, 66, 67, 68, 69, 70, 71, 72, 73, 74, 75, 76, 77, 78, 80, 151, 244, 245, 246, 247, 248, 249, 250, 251, 252, 253, 254, 255, 256, 257, 258, 259, 260, 280, 340, 373, 374, 375, 376, 377, 459, 460, 461, 462, 500, 501, 539, 540, 541, 542, 543, 544, 545, 546, 547, 548, 549, 550, 552, 622, 708, 709, 710, 711, 712, 713, 714, 715, 716, 717, 718, 719, 720, 739, 796, 823, 824, 825, 826, 827, 906, 907, 908, 909]","[15, 16, 30, 53, 65, 66, 67, 68, 69, 70, 71, 72, 73, 74, 75, 76, 77, 78, 80, 98, 103, 104, 105, 106, 107, 108, 109, 110, 111, 112, 113, 114, 115, 116, 117, 118, 119, 120, 121, 122, 123, 124, 125, 126, 127, 128, 129, 130, 131, 132, 133, 134, 135, 136, 137, 138, 139, 140, 141, 142, 143, 144, 145, 146, 147, 148, 149, 150, 151, 152, 153, 154, 155, 156, 157, 158, 159, 160, 161, 162, 163, 164, 165, 166, 167, 168, 169, 170, 171, 172, 173, 174, 175, 176, 177, 178, 179, 180, 181, 182, 183, 184, 185, 186, 187, 188, 189, 190, 191, 192, 193, 194, 195, 196, 197, 198, 199, 200, 201, 202, 203, 204, 205, 206, 207, 208, 209, 210, 211, 212, 213, 214, 215, 216, 217, 218, 219, 220, 221, 222, 223, 224, 225, 226, 227, 228, 229, 230, 231, 232, 233, 234, 235, 236, 237, 238, 239, 240, 241, 242, 243, 244, 245, 246, 247, 248, 249, 250, 251, 252, 253, 254, 255, 256, 257, 258, 259, 260, 261, 262, 263, 264, 265, 266, 267, 268, 269, 270, 271, 272, 273, 274, 275, 276, 277, 278, 279, 280, 281, 282, 283, 284, 285, 286, 287, 288, 289, 290, 291, 292, 293, 294, 295, 296, 297, 298, 299, 300, 301, 302, 303, 304, 305, 306, 307, 308, 309, 310, 311, 312, 313, 314, 315, 316, 317, 318, 319, 320, 321, 322, 323, 324, 325, 326, 327, 328, 329, 330, 331, 332, 333, 334, 335, 336, 337, 340, 373, 374, 375, 376, 377, 459, 460, 461, 462, 500, 501, 513, 531, 539, 540, 541, 542, 543, 544, 545, 546, 547, 548, 549, 550, 552, 569, 574, 575, 576, 577, 578, 579, 580, 581, 582, 583, 584, 585, 586, 587, 588, 589, 590, 591, 592, 593, 594, 595, 596, 597, 598, 599, 600, 601, 602, 603, 604, 605, 606, 607, 608, 609, 610, 611, 612, 613, 614, 615, 616, 617, 618, 619, 620, 621, 622, 623, 624, 625, 626, 627, 628, 629, 630, 631, 632, 633, 634, 635, 636, 637, 638, 639, 640, 641, 642, 643, 644, 645, 646, 647, 648, 649, 650, 651, 652, 653, 654, 655, 656, 657, 658, 659, 660, 661, 662, 663, 664, 665, 666, 667, 668, 669, 670, 671, 672, 673, 674, 675, 676, 677, 678, 679, 680, 681, 682, 683, 684, 685, 686, 687, 688, 689, 690, 691, 692, 693, 694, 695, 696, 697, 698, 699, 700, 701, 702, 703, 704, 705, 706, 707, 708, 709, 710, 711, 712, 713, 714, 715, 716, 717, 718, 719, 720, 721, 722, 723, 724, 725, 726, 727, 728, 729, 730, 731, 732, 733, 734, 735, 736, 737, 738, 739, 740, 741, 742, 743, 744, 745, 746, 747, 748, 749, 750, 751, 752, 753, 754, 755, 756, 757, 758, 759, 760, 761, 762, 763, 764, 765, 766, 767, 768, 769, 770, 771, 772, 773, 774, 775, 776, 777, 778, 779, 780, 781, 782, 783, 784, 785, 786, 787, 788, 789, 790, 791, 792, 793, 796, 823, 824, 825, 826, 827, 906, 907, 908, 909]",True,"[200, 204, 249, 671, 674, 712]","[103, 104, 105, 106, 107, 108, 109, 110, 111, 112, 113, 114, 115, 116, 117, 118, 119, 120, 121, 122, 123, 124, 125, 126, 127, 128, 129, 130, 131, 132, 133, 134, 135, 136, 137, 138, 139, 140, 141, 142, 143, 144, 145, 146, 147, 148, 149, 150, 151, 152, 153, 154, 155, 156, 157, 158, 159, 160, 161, 162, 163, 164, 165, 166, 167, 168, 169, 170, 171, 172, 173, 174, 175, 176, 177, 178, 179, 180, 181, 182, 183, 184, 185, 186, 187, 188, 189, 190, 191, 192, 193, 194, 195, 196, 197, 198, 199, 200, 201, 202, 203, 204, 205, 206, 207, 208, 209, 210, 211, 212, 213, 214, 215, 216, 217, 218, 219, 220, 221, 222, 223, 224, 225, 226, 227, 228, 229, 230, 231, 232, 233, 234, 235, 236, 237, 238, 239, 240, 241, 242, 243, 244, 245, 246, 247, 248, 249, 250, 251, 252, 253, 254, 255, 256, 257, 258, 259, 260, 261, 262, 263, 264, 265, 266, 267, 268, 269, 270, 271, 272, 273, 274, 275, 276, 277, 278, 279, 280, 281, 282, 283, 284, 285, 286, 287, 288, 289, 290, 291, 292, 293, 294, 295, 296, 297, 298, 299, 300, 301, 302, 303, 304, 305, 306, 307, 308, 309, 310, 311, 312, 313, 314, 315, 316, 317, 318, 319, 320, 321, 322, 323, 324, 325, 326, 327, 328, 329, 330, 331, 332, 333, 334, 335, 336, 337, 574, 575, 576, 577, 578, 579, 580, 581, 582, 583, 584, 585, 586, 587, 588, 589, 590, 591, 592, 593, 594, 595, 596, 597, 598, 599, 600, 601, 602, 603, 604, 605, 606, 607, 608, 609, 610, 611, 612, 613, 614, 615, 616, 617, 618, 619, 620, 621, 622, 623, 624, 625, 626, 627, 628, 629, 630, 631, 632, 633, 634, 635, 636, 637, 638, 639, 640, 641, 642, 643, 644, 645, 646, 647, 648, 649, 650, 651, 652, 653, 654, 655, 656, 657, 658, 659, 660, 661, 662, 663, 664, 665, 666, 667, 668, 669, 670, 671, 672, 673, 674, 675, 676, 677, 678, 679, 680, 681, 682, 683, 684, 685, 686, 687, 688, 689, 690, 691, 692, 693, 694, 695, 696, 697, 698, 699, 700, 701, 702, 703, 704, 705, 706, 707, 708, 709, 710, 711, 712, 713, 714, 715, 716, 717, 718, 719, 720, 721, 722, 723, 724, 725, 726, 727, 728, 729, 730, 731, 732, 733, 734, 735, 736, 737, 738, 739, 740, 741, 742, 743, 744, 745, 746, 747, 748, 749, 750, 751, 752, 753, 754, 755, 756, 757, 758, 759, 760, 761, 762, 763, 764, 765, 766, 767, 768, 769, 770, 771, 772, 773, 774, 775, 776, 777, 778, 779, 780, 781, 782, 783, 784, 785, 786, 787, 788, 789, 790, 791, 792, 793]","[30, 98, 200, 204, 249, 513, 531, 569, 671, 674, 712]","[53, 113, 200, 204, 249, 583, 671, 674, 712]","[105, 114, 138, 141, 152, 153, 154, 155, 157, 159, 164, 165, 176, 182, 191, 192, 194, 195, 196, 200, 204, 208, 209, 210, 211, 215, 226, 228, 241, 242, 243, 245, 248, 249, 250, 257, 261, 270, 271, 282, 287, 289, 291, 294, 296, 298, 306, 308, 309, 311, 314, 327, 333, 335, 337, 576, 585, 609, 612, 623, 624, 626, 627, 629, 631, 636, 637, 647, 653, 662, 663, 665, 666, 667, 671, 674, 678, 679, 680, 681, 690, 692, 705, 706, 707, 709, 711, 712, 713, 719, 721, 729, 730, 741, 746, 748, 750, 753, 755, 757, 764, 766, 767, 769, 772, 785, 791]","[15, 16, 65, 66, 67, 68, 69, 70, 71, 72, 73, 74, 75, 76, 77, 78, 80, 151, 244, 245, 246, 247, 248, 249, 250, 251, 252, 253, 254, 255, 256, 257, 258, 259, 260, 280, 340, 373, 374, 375, 376, 377, 459, 460, 461, 462, 500, 501, 539, 540, 541, 542, 543, 544, 545, 546, 547, 548, 549, 550, 552, 622, 708, 709, 710, 711, 712, 713, 714, 715, 716, 717, 718, 719, 720, 739, 796, 823, 824, 825, 826, 827, 906, 907, 908, 909]","[15, 16, 65, 66, 67, 68, 69, 70, 71, 72, 73, 74, 75, 76, 80, 151, 245, 246, 247, 248, 249, 250, 251, 252, 253, 254, 255, 256, 257, 258, 259, 280, 340, 373, 374, 375, 376, 377, 459, 460, 461, 462, 500, 501, 539, 540, 541, 542, 543, 544, 545, 546, 547, 548, 549, 550, 552, 622, 708, 709, 710, 711, 712, 713, 714, 715, 716, 717, 718, 719, 720, 739, 796, 823, 824, 825, 826, 827, 906, 907, 908, 909]",7/6 successful match,True,[478],True,302,False,,1.0,True,Pilot Travel Center # 154,Pilot
Lost Hills ( 93249 ) Pilot Travel Center # 154,3 661-797-2122 I-5 Exit 278 ( CA 46 W ),24 <U+2610> M,Lost Hills,93249,Pilot Travel Center # 154,661-797-2122,2014,Lost Hills,CA,Pilot,( CA 46 W ),I-5 Exit 278 ,Exit,278,False,,False,I-5,,,,,"[712, 249]","[200, 204, 249, 671, 674, 712]","[30, 98, 200, 204, 249, 513, 531, 569, 671, 674, 712]","[53, 113, 200, 204, 249, 583, 671, 674, 712]","[103, 104, 105, 106, 107, 108, 109, 110, 111, 112, 113, 114, 115, 116, 117, 118, 119, 120, 121, 122, 123, 124, 125, 126, 127, 128, 129, 130, 131, 132, 133, 134, 135, 136, 137, 138, 139, 140, 141, 142, 143, 144, 145, 146, 147, 148, 149, 150, 151, 152, 153, 154, 155, 156, 157, 158, 159, 160, 161, 162, 163, 164, 165, 166, 167, 168, 169, 170, 171, 172, 173, 174, 175, 176, 177, 178, 179, 180, 181, 182, 183, 184, 185, 186, 187, 188, 189, 190, 191, 192, 193, 194, 195, 196, 197, 198, 199, 200, 201, 202, 203, 204, 205, 206, 207, 208, 209, 210, 211, 212, 213, 214, 215, 216, 217, 218, 219, 220, 221, 222, 223, 224, 225, 226, 227, 228, 229, 230, 231, 232, 233, 234, 235, 236, 237, 238, 239, 240, 241, 242, 243, 244, 245, 246, 247, 248, 249, 250, 251, 252, 253, 254, 255, 256, 257, 258, 259, 260, 261, 262, 263, 264, 265, 266, 267, 268, 269, 270, 271, 272, 273, 274, 275, 276, 277, 278, 279, 280, 281, 282, 283, 284, 285, 286, 287, 288, 289, 290, 291, 292, 293, 294, 295, 296, 297, 298, 299, 300, 301, 302, 303, 304, 305, 306, 307, 308, 309, 310, 311, 312, 313, 314, 315, 316, 317, 318, 319, 320, 321, 322, 323, 324, 325, 326, 327, 328, 329, 330, 331, 332, 333, 334, 335, 336, 337, 574, 575, 576, 577, 578, 579, 580, 581, 582, 583, 584, 585, 586, 587, 588, 589, 590, 591, 592, 593, 594, 595, 596, 597, 598, 599, 600, 601, 602, 603, 604, 605, 606, 607, 608, 609, 610, 611, 612, 613, 614, 615, 616, 617, 618, 619, 620, 621, 622, 623, 624, 625, 626, 627, 628, 629, 630, 631, 632, 633, 634, 635, 636, 637, 638, 639, 640, 641, 642, 643, 644, 645, 646, 647, 648, 649, 650, 651, 652, 653, 654, 655, 656, 657, 658, 659, 660, 661, 662, 663, 664, 665, 666, 667, 668, 669, 670, 671, 672, 673, 674, 675, 676, 677, 678, 679, 680, 681, 682, 683, 684, 685, 686, 687, 688, 689, 690, 691, 692, 693, 694, 695, 696, 697, 698, 699, 700, 701, 702, 703, 704, 705, 706, 707, 708, 709, 710, 711, 712, 713, 714, 715, 716, 717, 718, 719, 720, 721, 722, 723, 724, 725, 726, 727, 728, 729, 730, 731, 732, 733, 734, 735, 736, 737, 738, 739, 740, 741, 742, 743, 744, 745, 746, 747, 748, 749, 750, 751, 752, 753, 754, 755, 756, 757, 758, 759, 760, 761, 762, 763, 764, 765, 766, 767, 768, 769, 770, 771, 772, 773, 774, 775, 776, 777, 778, 779, 780, 781, 782, 783, 784, 785, 786, 787, 788, 789, 790, 791, 792, 793]","[105, 114, 138, 141, 152, 153, 154, 155, 157, 159, 164, 165, 176, 182, 191, 192, 194, 195, 196, 200, 204, 208, 209, 210, 211, 215, 226, 228, 241, 242, 243, 245, 248, 249, 250, 257, 261, 270, 271, 282, 287, 289, 291, 294, 296, 298, 306, 308, 309, 311, 314, 327, 333, 335, 337, 576, 585, 609, 612, 623, 624, 626, 627, 629, 631, 636, 637, 647, 653, 662, 663, 665, 666, 667, 671, 674, 678, 679, 680, 681, 690, 692, 705, 706, 707, 709, 711, 712, 713, 719, 721, 729, 730, 741, 746, 748, 750, 753, 755, 757, 764, 766, 767, 769, 772, 785, 791]","[15, 16, 65, 66, 67, 68, 69, 70, 71, 72, 73, 74, 75, 76, 80, 151, 245, 246, 247, 248, 249, 250, 251, 252, 253, 254, 255, 256, 257, 258, 259, 280, 340, 373, 374, 375, 376, 377, 459, 460, 461, 462, 500, 501, 539, 540, 541, 542, 543, 544, 545, 546, 547, 548, 549, 550, 552, 622, 708, 709, 710, 711, 712, 713, 714, 715, 716, 717, 718, 719, 720, 739, 796, 823, 824, 825, 826, 827, 906, 907, 908, 909]","[15, 16, 65, 66, 67, 68, 69, 70, 71, 72, 73, 74, 75, 76, 77, 78, 80, 151, 244, 245, 246, 247, 248, 249, 250, 251, 252, 253, 254, 255, 256, 257, 258, 259, 260, 280, 340, 373, 374, 375, 376, 377, 459, 460, 461, 462, 500, 501, 539, 540, 541, 542, 543, 544, 545, 546, 547, 548, 549, 550, 552, 622, 708, 709, 710, 711, 712, 713, 714, 715, 716, 717, 718, 719, 720, 739, 796, 823, 824, 825, 826, 827, 906, 907, 908, 909]","[15, 16, 30, 53, 65, 66, 67, 68, 69, 70, 71, 72, 73, 74, 75, 76, 77, 78, 80, 98, 103, 104, 105, 106, 107, 108, 109, 110, 111, 112, 113, 114, 115, 116, 117, 118, 119, 120, 121, 122, 123, 124, 125, 126, 127, 128, 129, 130, 131, 132, 133, 134, 135, 136, 137, 138, 139, 140, 141, 142, 143, 144, 145, 146, 147, 148, 149, 150, 151, 152, 153, 154, 155, 156, 157, 158, 159, 160, 161, 162, 163, 164, 165, 166, 167, 168, 169, 170, 171, 172, 173, 174, 175, 176, 177, 178, 179, 180, 181, 182, 183, 184, 185, 186, 187, 188, 189, 190, 191, 192, 193, 194, 195, 196, 197, 198, 199, 200, 201, 202, 203, 204, 205, 206, 207, 208, 209, 210, 211, 212, 213, 214, 215, 216, 217, 218, 219, 220, 221, 222, 223, 224, 225, 226, 227, 228, 229, 230, 231, 232, 233, 234, 235, 236, 237, 238, 239, 240, 241, 242, 243, 244, 245, 246, 247, 248, 249, 250, 251, 252, 253, 254, 255, 256, 257, 258, 259, 260, 261, 262, 263, 264, 265, 266, 267, 268, 269, 270, 271, 272, 273, 274, 275, 276, 277, 278, 279, 280, 281, 282, 283, 284, 285, 286, 287, 288, 289, 290, 291, 292, 293, 294, 295, 296, 297, 298, 299, 300, 301, 302, 303, 304, 305, 306, 307, 308, 309, 310, 311, 312, 313, 314, 315, 316, 317, 318, 319, 320, 321, 322, 323, 324, 325, 326, 327, 328, 329, 330, 331, 332, 333, 334, 335, 336, 337, 340, 373, 374, 375, 376, 377, 459, 460, 461, 462, 500, 501, 513, 531, 539, 540, 541, 542, 543, 544, 545, 546, 547, 548, 549, 550, 552, 569, 574, 575, 576, 577, 578, 579, 580, 581, 582, 583, 584, 585, 586, 587, 588, 589, 590, 591, 592, 593, 594, 595, 596, 597, 598, 599, 600, 601, 602, 603, 604, 605, 606, 607, 608, 609, 610, 611, 612, 613, 614, 615, 616, 617, 618, 619, 620, 621, 622, 623, 624, 625, 626, 627, 628, 629, 630, 631, 632, 633, 634, 635, 636, 637, 638, 639, 640, 641, 642, 643, 644, 645, 646, 647, 648, 649, 650, 651, 652, 653, 654, 655, 656, 657, 658, 659, 660, 661, 662, 663, 664, 665, 666, 667, 668, 669, 670, 671, 672, 673, 674, 675, 676, 677, 678, 679, 680, 681, 682, 683, 684, 685, 686, 687, 688, 689, 690, 691, 692, 693, 694, 695, 696, 697, 698, 699, 700, 701, 702, 703, 704, 705, 706, 707, 708, 709, 710, 711, 712, 713, 714, 715, 716, 717, 718, 719, 720, 721, 722, 723, 724, 725, 726, 727, 728, 729, 730, 731, 732, 733, 734, 735, 736, 737, 738, 739, 740, 741, 742, 743, 744, 745, 746, 747, 748, 749, 750, 751, 752, 753, 754, 755, 756, 757, 758, 759, 760, 761, 762, 763, 764, 765, 766, 767, 768, 769, 770, 771, 772, 773, 774, 775, 776, 777, 778, 779, 780, 781, 782, 783, 784, 785, 786, 787, 788, 789, 790, 791, 792, 793, 796, 823, 824, 825, 826, 827, 906, 907, 908, 909]",True,"[200, 204, 249, 671, 674, 712]","[103, 104, 105, 106, 107, 108, 109, 110, 111, 112, 113, 114, 115, 116, 117, 118, 119, 120, 121, 122, 123, 124, 125, 126, 127, 128, 129, 130, 131, 132, 133, 134, 135, 136, 137, 138, 139, 140, 141, 142, 143, 144, 145, 146, 147, 148, 149, 150, 151, 152, 153, 154, 155, 156, 157, 158, 159, 160, 161, 162, 163, 164, 165, 166, 167, 168, 169, 170, 171, 172, 173, 174, 175, 176, 177, 178, 179, 180, 181, 182, 183, 184, 185, 186, 187, 188, 189, 190, 191, 192, 193, 194, 195, 196, 197, 198, 199, 200, 201, 202, 203, 204, 205, 206, 207, 208, 209, 210, 211, 212, 213, 214, 215, 216, 217, 218, 219, 220, 221, 222, 223, 224, 225, 226, 227, 228, 229, 230, 231, 232, 233, 234, 235, 236, 237, 238, 239, 240, 241, 242, 243, 244, 245, 246, 247, 248, 249, 250, 251, 252, 253, 254, 255, 256, 257, 258, 259, 260, 261, 262, 263, 264, 265, 266, 267, 268, 269, 270, 271, 272, 273, 274, 275, 276, 277, 278, 279, 280, 281, 282, 283, 284, 285, 286, 287, 288, 289, 290, 291, 292, 293, 294, 295, 296, 297, 298, 299, 300, 301, 302, 303, 304, 305, 306, 307, 308, 309, 310, 311, 312, 313, 314, 315, 316, 317, 318, 319, 320, 321, 322, 323, 324, 325, 326, 327, 328, 329, 330, 331, 332, 333, 334, 335, 336, 337, 574, 575, 576, 577, 578, 579, 580, 581, 582, 583, 584, 585, 586, 587, 588, 589, 590, 591, 592, 593, 594, 595, 596, 597, 598, 599, 600, 601, 602, 603, 604, 605, 606, 607, 608, 609, 610, 611, 612, 613, 614, 615, 616, 617, 618, 619, 620, 621, 622, 623, 624, 625, 626, 627, 628, 629, 630, 631, 632, 633, 634, 635, 636, 637, 638, 639, 640, 641, 642, 643, 644, 645, 646, 647, 648, 649, 650, 651, 652, 653, 654, 655, 656, 657, 658, 659, 660, 661, 662, 663, 664, 665, 666, 667, 668, 669, 670, 671, 672, 673, 674, 675, 676, 677, 678, 679, 680, 681, 682, 683, 684, 685, 686, 687, 688, 689, 690, 691, 692, 693, 694, 695, 696, 697, 698, 699, 700, 701, 702, 703, 704, 705, 706, 707, 708, 709, 710, 711, 712, 713, 714, 715, 716, 717, 718, 719, 720, 721, 722, 723, 724, 725, 726, 727, 728, 729, 730, 731, 732, 733, 734, 735, 736, 737, 738, 739, 740, 741, 742, 743, 744, 745, 746, 747, 748, 749, 750, 751, 752, 753, 754, 755, 756, 757, 758, 759, 760, 761, 762, 763, 764, 765, 766, 767, 768, 769, 770, 771, 772, 773, 774, 775, 776, 777, 778, 779, 780, 781, 782, 783, 784, 785, 786, 787, 788, 789, 790, 791, 792, 793]","[30, 98, 200, 204, 249, 513, 531, 569, 671, 674, 712]","[53, 113, 200, 204, 249, 583, 671, 674, 712]","[105, 114, 138, 141, 152, 153, 154, 155, 157, 159, 164, 165, 176, 182, 191, 192, 194, 195, 196, 200, 204, 208, 209, 210, 211, 215, 226, 228, 241, 242, 243, 245, 248, 249, 250, 257, 261, 270, 271, 282, 287, 289, 291, 294, 296, 298, 306, 308, 309, 311, 314, 327, 333, 335, 337, 576, 585, 609, 612, 623, 624, 626, 627, 629, 631, 636, 637, 647, 653, 662, 663, 665, 666, 667, 671, 674, 678, 679, 680, 681, 690, 692, 705, 706, 707, 709, 711, 712, 713, 719, 721, 729, 730, 741, 746, 748, 750, 753, 755, 757, 764, 766, 767, 769, 772, 785, 791]","[15, 16, 65, 66, 67, 68, 69, 70, 71, 72, 73, 74, 75, 76, 77, 78, 80, 151, 244, 245, 246, 247, 248, 249, 250, 251, 252, 253, 254, 255, 256, 257, 258, 259, 260, 280, 340, 373, 374, 375, 376, 377, 459, 460, 461, 462, 500, 501, 539, 540, 541, 542, 543, 544, 545, 546, 547, 548, 549, 550, 552, 622, 708, 709, 710, 711, 712, 713, 714, 715, 716, 717, 718, 719, 720, 739, 796, 823, 824, 825, 826, 827, 906, 907, 908, 909]","[15, 16, 65, 66, 67, 68, 69, 70, 71, 72, 73, 74, 75, 76, 80, 151, 245, 246, 247, 248, 249, 250, 251, 252, 253, 254, 255, 256, 257, 258, 259, 280, 340, 373, 374, 375, 376, 377, 459, 460, 461, 462, 500, 501, 539, 540, 541, 542, 543, 544, 545, 546, 547, 548, 549, 550, 552, 622, 708, 709, 710, 711, 712, 713, 714, 715, 716, 717, 718, 719, 720, 739, 796, 823, 824, 825, 826, 827, 906, 907, 908, 909]",7/6 successful match,True,[478],True,302,False,,1.0,True,Pilot Travel Center # 154,Pilot
G Lost Hills ( 93249 ) Pilot Travel Center # 154,3 661-797-2122 I-5 Exit 278 ( CA 46 W ) pilat,24 m MO 24,Lost Hills,93249,Pilot Travel Center # 154,661-797-2122,2015,Lost Hills,CA,Pilot,( CA 46 W ) pilat,I-5 Exit 278 ,Exit,278,False,,False,I-5,,,,,"[712, 249]","[200, 204, 249, 671, 674, 712]","[30, 98, 200, 204, 249, 513, 531, 569, 671, 674, 712]","[53, 113, 200, 204, 249, 583, 671, 674, 712]","[103, 104, 105, 106, 107, 108, 109, 110, 111, 112, 113, 114, 115, 116, 117, 118, 119, 120, 121, 122, 123, 124, 125, 126, 127, 128, 129, 130, 131, 132, 133, 134, 135, 136, 137, 138, 139, 140, 141, 142, 143, 144, 145, 146, 147, 148, 149, 150, 151, 152, 153, 154, 155, 156, 157, 158, 159, 160, 161, 162, 163, 164, 165, 166, 167, 168, 169, 170, 171, 172, 173, 174, 175, 176, 177, 178, 179, 180, 181, 182, 183, 184, 185, 186, 187, 188, 189, 190, 191, 192, 193, 194, 195, 196, 197, 198, 199, 200, 201, 202, 203, 204, 205, 206, 207, 208, 209, 210, 211, 212, 213, 214, 215, 216, 217, 218, 219, 220, 221, 222, 223, 224, 225, 226, 227, 228, 229, 230, 231, 232, 233, 234, 235, 236, 237, 238, 239, 240, 241, 242, 243, 244, 245, 246, 247, 248, 249, 250, 251, 252, 253, 254, 255, 256, 257, 258, 259, 260, 261, 262, 263, 264, 265, 266, 267, 268, 269, 270, 271, 272, 273, 274, 275, 276, 277, 278, 279, 280, 281, 282, 283, 284, 285, 286, 287, 288, 289, 290, 291, 292, 293, 294, 295, 296, 297, 298, 299, 300, 301, 302, 303, 304, 305, 306, 307, 308, 309, 310, 311, 312, 313, 314, 315, 316, 317, 318, 319, 320, 321, 322, 323, 324, 325, 326, 327, 328, 329, 330, 331, 332, 333, 334, 335, 336, 337, 574, 575, 576, 577, 578, 579, 580, 581, 582, 583, 584, 585, 586, 587, 588, 589, 590, 591, 592, 593, 594, 595, 596, 597, 598, 599, 600, 601, 602, 603, 604, 605, 606, 607, 608, 609, 610, 611, 612, 613, 614, 615, 616, 617, 618, 619, 620, 621, 622, 623, 624, 625, 626, 627, 628, 629, 630, 631, 632, 633, 634, 635, 636, 637, 638, 639, 640, 641, 642, 643, 644, 645, 646, 647, 648, 649, 650, 651, 652, 653, 654, 655, 656, 657, 658, 659, 660, 661, 662, 663, 664, 665, 666, 667, 668, 669, 670, 671, 672, 673, 674, 675, 676, 677, 678, 679, 680, 681, 682, 683, 684, 685, 686, 687, 688, 689, 690, 691, 692, 693, 694, 695, 696, 697, 698, 699, 700, 701, 702, 703, 704, 705, 706, 707, 708, 709, 710, 711, 712, 713, 714, 715, 716, 717, 718, 719, 720, 721, 722, 723, 724, 725, 726, 727, 728, 729, 730, 731, 732, 733, 734, 735, 736, 737, 738, 739, 740, 741, 742, 743, 744, 745, 746, 747, 748, 749, 750, 751, 752, 753, 754, 755, 756, 757, 758, 759, 760, 761, 762, 763, 764, 765, 766, 767, 768, 769, 770, 771, 772, 773, 774, 775, 776, 777, 778, 779, 780, 781, 782, 783, 784, 785, 786, 787, 788, 789, 790, 791, 792, 793]","[105, 114, 138, 141, 152, 153, 154, 155, 157, 159, 164, 165, 176, 182, 191, 192, 194, 195, 196, 200, 204, 208, 209, 210, 211, 215, 226, 228, 241, 242, 243, 245, 248, 249, 250, 257, 261, 270, 271, 282, 287, 289, 291, 294, 296, 298, 306, 308, 309, 311, 314, 327, 333, 335, 337, 576, 585, 609, 612, 623, 624, 626, 627, 629, 631, 636, 637, 647, 653, 662, 663, 665, 666, 667, 671, 674, 678, 679, 680, 681, 690, 692, 705, 706, 707, 709, 711, 712, 713, 719, 721, 729, 730, 741, 746, 748, 750, 753, 755, 757, 764, 766, 767, 769, 772, 785, 791]","[15, 16, 65, 66, 67, 68, 69, 70, 71, 72, 73, 74, 75, 76, 80, 151, 245, 246, 247, 248, 249, 250, 251, 252, 253, 254, 255, 256, 257, 258, 259, 280, 340, 373, 374, 375, 376, 377, 459, 460, 461, 462, 500, 501, 539, 540, 541, 542, 543, 544, 545, 546, 547, 548, 549, 550, 552, 622, 708, 709, 710, 711, 712, 713, 714, 715, 716, 717, 718, 719, 720, 739, 796, 823, 824, 825, 826, 827, 906, 907, 908, 909]","[15, 16, 65, 66, 67, 68, 69, 70, 71, 72, 73, 74, 75, 76, 77, 78, 80, 151, 244, 245, 246, 247, 248, 249, 250, 251, 252, 253, 254, 255, 256, 257, 258, 259, 260, 280, 340, 373, 374, 375, 376, 377, 459, 460, 461, 462, 500, 501, 539, 540, 541, 542, 543, 544, 545, 546, 547, 548, 549, 550, 552, 622, 708, 709, 710, 711, 712, 713, 714, 715, 716, 717, 718, 719, 720, 739, 796, 823, 824, 825, 826, 827, 906, 907, 908, 909]","[15, 16, 30, 53, 65, 66, 67, 68, 69, 70, 71, 72, 73, 74, 75, 76, 77, 78, 80, 98, 103, 104, 105, 106, 107, 108, 109, 110, 111, 112, 113, 114, 115, 116, 117, 118, 119, 120, 121, 122, 123, 124, 125, 126, 127, 128, 129, 130, 131, 132, 133, 134, 135, 136, 137, 138, 139, 140, 141, 142, 143, 144, 145, 146, 147, 148, 149, 150, 151, 152, 153, 154, 155, 156, 157, 158, 159, 160, 161, 162, 163, 164, 165, 166, 167, 168, 169, 170, 171, 172, 173, 174, 175, 176, 177, 178, 179, 180, 181, 182, 183, 184, 185, 186, 187, 188, 189, 190, 191, 192, 193, 194, 195, 196, 197, 198, 199, 200, 201, 202, 203, 204, 205, 206, 207, 208, 209, 210, 211, 212, 213, 214, 215, 216, 217, 218, 219, 220, 221, 222, 223, 224, 225, 226, 227, 228, 229, 230, 231, 232, 233, 234, 235, 236, 237, 238, 239, 240, 241, 242, 243, 244, 245, 246, 247, 248, 249, 250, 251, 252, 253, 254, 255, 256, 257, 258, 259, 260, 261, 262, 263, 264, 265, 266, 267, 268, 269, 270, 271, 272, 273, 274, 275, 276, 277, 278, 279, 280, 281, 282, 283, 284, 285, 286, 287, 288, 289, 290, 291, 292, 293, 294, 295, 296, 297, 298, 299, 300, 301, 302, 303, 304, 305, 306, 307, 308, 309, 310, 311, 312, 313, 314, 315, 316, 317, 318, 319, 320, 321, 322, 323, 324, 325, 326, 327, 328, 329, 330, 331, 332, 333, 334, 335, 336, 337, 340, 373, 374, 375, 376, 377, 459, 460, 461, 462, 500, 501, 513, 531, 539, 540, 541, 542, 543, 544, 545, 546, 547, 548, 549, 550, 552, 569, 574, 575, 576, 577, 578, 579, 580, 581, 582, 583, 584, 585, 586, 587, 588, 589, 590, 591, 592, 593, 594, 595, 596, 597, 598, 599, 600, 601, 602, 603, 604, 605, 606, 607, 608, 609, 610, 611, 612, 613, 614, 615, 616, 617, 618, 619, 620, 621, 622, 623, 624, 625, 626, 627, 628, 629, 630, 631, 632, 633, 634, 635, 636, 637, 638, 639, 640, 641, 642, 643, 644, 645, 646, 647, 648, 649, 650, 651, 652, 653, 654, 655, 656, 657, 658, 659, 660, 661, 662, 663, 664, 665, 666, 667, 668, 669, 670, 671, 672, 673, 674, 675, 676, 677, 678, 679, 680, 681, 682, 683, 684, 685, 686, 687, 688, 689, 690, 691, 692, 693, 694, 695, 696, 697, 698, 699, 700, 701, 702, 703, 704, 705, 706, 707, 708, 709, 710, 711, 712, 713, 714, 715, 716, 717, 718, 719, 720, 721, 722, 723, 724, 725, 726, 727, 728, 729, 730, 731, 732, 733, 734, 735, 736, 737, 738, 739, 740, 741, 742, 743, 744, 745, 746, 747, 748, 749, 750, 751, 752, 753, 754, 755, 756, 757, 758, 759, 760, 761, 762, 763, 764, 765, 766, 767, 768, 769, 770, 771, 772, 773, 774, 775, 776, 777, 778, 779, 780, 781, 782, 783, 784, 785, 786, 787, 788, 789, 790, 791, 792, 793, 796, 823, 824, 825, 826, 827, 906, 907, 908, 909]",True,"[200, 204, 249, 671, 674, 712]","[103, 104, 105, 106, 107, 108, 109, 110, 111, 112, 113, 114, 115, 116, 117, 118, 119, 120, 121, 122, 123, 124, 125, 126, 127, 128, 129, 130, 131, 132, 133, 134, 135, 136, 137, 138, 139, 140, 141, 142, 143, 144, 145, 146, 147, 148, 149, 150, 151, 152, 153, 154, 155, 156, 157, 158, 159, 160, 161, 162, 163, 164, 165, 166, 167, 168, 169, 170, 171, 172, 173, 174, 175, 176, 177, 178, 179, 180, 181, 182, 183, 184, 185, 186, 187, 188, 189, 190, 191, 192, 193, 194, 195, 196, 197, 198, 199, 200, 201, 202, 203, 204, 205, 206, 207, 208, 209, 210, 211, 212, 213, 214, 215, 216, 217, 218, 219, 220, 221, 222, 223, 224, 225, 226, 227, 228, 229, 230, 231, 232, 233, 234, 235, 236, 237, 238, 239, 240, 241, 242, 243, 244, 245, 246, 247, 248, 249, 250, 251, 252, 253, 254, 255, 256, 257, 258, 259, 260, 261, 262, 263, 264, 265, 266, 267, 268, 269, 270, 271, 272, 273, 274, 275, 276, 277, 278, 279, 280, 281, 282, 283, 284, 285, 286, 287, 288, 289, 290, 291, 292, 293, 294, 295, 296, 297, 298, 299, 300, 301, 302, 303, 304, 305, 306, 307, 308, 309, 310, 311, 312, 313, 314, 315, 316, 317, 318, 319, 320, 321, 322, 323, 324, 325, 326, 327, 328, 329, 330, 331, 332, 333, 334, 335, 336, 337, 574, 575, 576, 577, 578, 579, 580, 581, 582, 583, 584, 585, 586, 587, 588, 589, 590, 591, 592, 593, 594, 595, 596, 597, 598, 599, 600, 601, 602, 603, 604, 605, 606, 607, 608, 609, 610, 611, 612, 613, 614, 615, 616, 617, 618, 619, 620, 621, 622, 623, 624, 625, 626, 627, 628, 629, 630, 631, 632, 633, 634, 635, 636, 637, 638, 639, 640, 641, 642, 643, 644, 645, 646, 647, 648, 649, 650, 651, 652, 653, 654, 655, 656, 657, 658, 659, 660, 661, 662, 663, 664, 665, 666, 667, 668, 669, 670, 671, 672, 673, 674, 675, 676, 677, 678, 679, 680, 681, 682, 683, 684, 685, 686, 687, 688, 689, 690, 691, 692, 693, 694, 695, 696, 697, 698, 699, 700, 701, 702, 703, 704, 705, 706, 707, 708, 709, 710, 711, 712, 713, 714, 715, 716, 717, 718, 719, 720, 721, 722, 723, 724, 725, 726, 727, 728, 729, 730, 731, 732, 733, 734, 735, 736, 737, 738, 739, 740, 741, 742, 743, 744, 745, 746, 747, 748, 749, 750, 751, 752, 753, 754, 755, 756, 757, 758, 759, 760, 761, 762, 763, 764, 765, 766, 767, 768, 769, 770, 771, 772, 773, 774, 775, 776, 777, 778, 779, 780, 781, 782, 783, 784, 785, 786, 787, 788, 789, 790, 791, 792, 793]","[30, 98, 200, 204, 249, 513, 531, 569, 671, 674, 712]","[53, 113, 200, 204, 249, 583, 671, 674, 712]","[105, 114, 138, 141, 152, 153, 154, 155, 157, 159, 164, 165, 176, 182, 191, 192, 194, 195, 196, 200, 204, 208, 209, 210, 211, 215, 226, 228, 241, 242, 243, 245, 248, 249, 250, 257, 261, 270, 271, 282, 287, 289, 291, 294, 296, 298, 306, 308, 309, 311, 314, 327, 333, 335, 337, 576, 585, 609, 612, 623, 624, 626, 627, 629, 631, 636, 637, 647, 653, 662, 663, 665, 666, 667, 671, 674, 678, 679, 680, 681, 690, 692, 705, 706, 707, 709, 711, 712, 713, 719, 721, 729, 730, 741, 746, 748, 750, 753, 755, 757, 764, 766, 767, 769, 772, 785, 791]","[15, 16, 65, 66, 67, 68, 69, 70, 71, 72, 73, 74, 75, 76, 77, 78, 80, 151, 244, 245, 246, 247, 248, 249, 250, 251, 252, 253, 254, 255, 256, 257, 258, 259, 260, 280, 340, 373, 374, 375, 376, 377, 459, 460, 461, 462, 500, 501, 539, 540, 541, 542, 543, 544, 545, 546, 547, 548, 549, 550, 552, 622, 708, 709, 710, 711, 712, 713, 714, 715, 716, 717, 718, 719, 720, 739, 796, 823, 824, 825, 826, 827, 906, 907, 908, 909]","[15, 16, 65, 66, 67, 68, 69, 70, 71, 72, 73, 74, 75, 76, 80, 151, 245, 246, 247, 248, 249, 250, 251, 252, 253, 254, 255, 256, 257, 258, 259, 280, 340, 373, 374, 375, 376, 377, 459, 460, 461, 462, 500, 501, 539, 540, 541, 542, 543, 544, 545, 546, 547, 548, 549, 550, 552, 622, 708, 709, 710, 711, 712, 713, 714, 715, 716, 717, 718, 719, 720, 739, 796, 823, 824, 825, 826, 827, 906, 907, 908, 909]",7/6 successful match,True,[478],True,302,False,,1.0,True,Pilot Travel Center # 154,Pilot
Lost Hills ( 93249 ) Pilot Travel Center # 154 Filot,661-797-2122 I-5 Exit 278 ( CA 46 W ),24 M 02,Lost Hills,93249,Pilot Travel Center # 154 Filot,661-797-2122,2016,Lost Hills,CA,Pilot,( CA 46 W ),I-5 Exit 278 ,Exit,278,False,,False,I-5,,,,,"[712, 249]","[200, 204, 249, 671, 674, 712]","[30, 98, 200, 204, 249, 513, 531, 569, 671, 674, 712]","[53, 113, 200, 204, 249, 583, 671, 674, 712]","[103, 104, 105, 106, 107, 108, 109, 110, 111, 112, 113, 114, 115, 116, 117, 118, 119, 120, 121, 122, 123, 124, 125, 126, 127, 128, 129, 130, 131, 132, 133, 134, 135, 136, 137, 138, 139, 140, 141, 142, 143, 144, 145, 146, 147, 148, 149, 150, 151, 152, 153, 154, 155, 156, 157, 158, 159, 160, 161, 162, 163, 164, 165, 166, 167, 168, 169, 170, 171, 172, 173, 174, 175, 176, 177, 178, 179, 180, 181, 182, 183, 184, 185, 186, 187, 188, 189, 190, 191, 192, 193, 194, 195, 196, 197, 198, 199, 200, 201, 202, 203, 204, 205, 206, 207, 208, 209, 210, 211, 212, 213, 214, 215, 216, 217, 218, 219, 220, 221, 222, 223, 224, 225, 226, 227, 228, 229, 230, 231, 232, 233, 234, 235, 236, 237, 238, 239, 240, 241, 242, 243, 244, 245, 246, 247, 248, 249, 250, 251, 252, 253, 254, 255, 256, 257, 258, 259, 260, 261, 262, 263, 264, 265, 266, 267, 268, 269, 270, 271, 272, 273, 274, 275, 276, 277, 278, 279, 280, 281, 282, 283, 284, 285, 286, 287, 288, 289, 290, 291, 292, 293, 294, 295, 296, 297, 298, 299, 300, 301, 302, 303, 304, 305, 306, 307, 308, 309, 310, 311, 312, 313, 314, 315, 316, 317, 318, 319, 320, 321, 322, 323, 324, 325, 326, 327, 328, 329, 330, 331, 332, 333, 334, 335, 336, 337, 574, 575, 576, 577, 578, 579, 580, 581, 582, 583, 584, 585, 586, 587, 588, 589, 590, 591, 592, 593, 594, 595, 596, 597, 598, 599, 600, 601, 602, 603, 604, 605, 606, 607, 608, 609, 610, 611, 612, 613, 614, 615, 616, 617, 618, 619, 620, 621, 622, 623, 624, 625, 626, 627, 628, 629, 630, 631, 632, 633, 634, 635, 636, 637, 638, 639, 640, 641, 642, 643, 644, 645, 646, 647, 648, 649, 650, 651, 652, 653, 654, 655, 656, 657, 658, 659, 660, 661, 662, 663, 664, 665, 666, 667, 668, 669, 670, 671, 672, 673, 674, 675, 676, 677, 678, 679, 680, 681, 682, 683, 684, 685, 686, 687, 688, 689, 690, 691, 692, 693, 694, 695, 696, 697, 698, 699, 700, 701, 702, 703, 704, 705, 706, 707, 708, 709, 710, 711, 712, 713, 714, 715, 716, 717, 718, 719, 720, 721, 722, 723, 724, 725, 726, 727, 728, 729, 730, 731, 732, 733, 734, 735, 736, 737, 738, 739, 740, 741, 742, 743, 744, 745, 746, 747, 748, 749, 750, 751, 752, 753, 754, 755, 756, 757, 758, 759, 760, 761, 762, 763, 764, 765, 766, 767, 768, 769, 770, 771, 772, 773, 774, 775, 776, 777, 778, 779, 780, 781, 782, 783, 784, 785, 786, 787, 788, 789, 790, 791, 792, 793]","[105, 114, 138, 141, 152, 153, 154, 155, 157, 159, 164, 165, 176, 182, 191, 192, 194, 195, 196, 200, 204, 208, 209, 210, 211, 215, 226, 228, 241, 242, 243, 245, 248, 249, 250, 257, 261, 270, 271, 282, 287, 289, 291, 294, 296, 298, 306, 308, 309, 311, 314, 327, 333, 335, 337, 576, 585, 609, 612, 623, 624, 626, 627, 629, 631, 636, 637, 647, 653, 662, 663, 665, 666, 667, 671, 674, 678, 679, 680, 681, 690, 692, 705, 706, 707, 709, 711, 712, 713, 719, 721, 729, 730, 741, 746, 748, 750, 753, 755, 757, 764, 766, 767, 769, 772, 785, 791]","[15, 16, 65, 66, 67, 68, 69, 70, 71, 72, 73, 74, 75, 76, 80, 151, 245, 246, 247, 248, 249, 250, 251, 252, 253, 254, 255, 256, 257, 258, 259, 280, 340, 373, 374, 375, 376, 377, 459, 460, 461, 462, 500, 501, 539, 540, 541, 542, 543, 544, 545, 546, 547, 548, 549, 550, 552, 622, 708, 709, 710, 711, 712, 713, 714, 715, 716, 717, 718, 719, 720, 739, 796, 823, 824, 825, 826, 827, 906, 907, 908, 909]","[15, 16, 65, 66, 67, 68, 69, 70, 71, 72, 73, 74, 75, 76, 77, 78, 80, 151, 244, 245, 246, 247, 248, 249, 250, 251, 252, 253, 254, 255, 256, 257, 258, 259, 260, 280, 340, 373, 374, 375, 376, 377, 459, 460, 461, 462, 500, 501, 539, 540, 541, 542, 543, 544, 545, 546, 547, 548, 549, 550, 552, 622, 708, 709, 710, 711, 712, 713, 714, 715, 716, 717, 718, 719, 720, 739, 796, 823, 824, 825, 826, 827, 906, 907, 908, 909]","[15, 16, 30, 53, 65, 66, 67, 68, 69, 70, 71, 72, 73, 74, 75, 76, 77, 78, 80, 98, 103, 104, 105, 106, 107, 108, 109, 110, 111, 112, 113, 114, 115, 116, 117, 118, 119, 120, 121, 122, 123, 124, 125, 126, 127, 128, 129, 130, 131, 132, 133, 134, 135, 136, 137, 138, 139, 140, 141, 142, 143, 144, 145, 146, 147, 148, 149, 150, 151, 152, 153, 154, 155, 156, 157, 158, 159, 160, 161, 162, 163, 164, 165, 166, 167, 168, 169, 170, 171, 172, 173, 174, 175, 176, 177, 178, 179, 180, 181, 182, 183, 184, 185, 186, 187, 188, 189, 190, 191, 192, 193, 194, 195, 196, 197, 198, 199, 200, 201, 202, 203, 204, 205, 206, 207, 208, 209, 210, 211, 212, 213, 214, 215, 216, 217, 218, 219, 220, 221, 222, 223, 224, 225, 226, 227, 228, 229, 230, 231, 232, 233, 234, 235, 236, 237, 238, 239, 240, 241, 242, 243, 244, 245, 246, 247, 248, 249, 250, 251, 252, 253, 254, 255, 256, 257, 258, 259, 260, 261, 262, 263, 264, 265, 266, 267, 268, 269, 270, 271, 272, 273, 274, 275, 276, 277, 278, 279, 280, 281, 282, 283, 284, 285, 286, 287, 288, 289, 290, 291, 292, 293, 294, 295, 296, 297, 298, 299, 300, 301, 302, 303, 304, 305, 306, 307, 308, 309, 310, 311, 312, 313, 314, 315, 316, 317, 318, 319, 320, 321, 322, 323, 324, 325, 326, 327, 328, 329, 330, 331, 332, 333, 334, 335, 336, 337, 340, 373, 374, 375, 376, 377, 459, 460, 461, 462, 500, 501, 513, 531, 539, 540, 541, 542, 543, 544, 545, 546, 547, 548, 549, 550, 552, 569, 574, 575, 576, 577, 578, 579, 580, 581, 582, 583, 584, 585, 586, 587, 588, 589, 590, 591, 592, 593, 594, 595, 596, 597, 598, 599, 600, 601, 602, 603, 604, 605, 606, 607, 608, 609, 610, 611, 612, 613, 614, 615, 616, 617, 618, 619, 620, 621, 622, 623, 624, 625, 626, 627, 628, 629, 630, 631, 632, 633, 634, 635, 636, 637, 638, 639, 640, 641, 642, 643, 644, 645, 646, 647, 648, 649, 650, 651, 652, 653, 654, 655, 656, 657, 658, 659, 660, 661, 662, 663, 664, 665, 666, 667, 668, 669, 670, 671, 672, 673, 674, 675, 676, 677, 678, 679, 680, 681, 682, 683, 684, 685, 686, 687, 688, 689, 690, 691, 692, 693, 694, 695, 696, 697, 698, 699, 700, 701, 702, 703, 704, 705, 706, 707, 708, 709, 710, 711, 712, 713, 714, 715, 716, 717, 718, 719, 720, 721, 722, 723, 724, 725, 726, 727, 728, 729, 730, 731, 732, 733, 734, 735, 736, 737, 738, 739, 740, 741, 742, 743, 744, 745, 746, 747, 748, 749, 750, 751, 752, 753, 754, 755, 756, 757, 758, 759, 760, 761, 762, 763, 764, 765, 766, 767, 768, 769, 770, 771, 772, 773, 774, 775, 776, 777, 778, 779, 780, 781, 782, 783, 784, 785, 786, 787, 788, 789, 790, 791, 792, 793, 796, 823, 824, 825, 826, 827, 906, 907, 908, 909]",True,"[200, 204, 249, 671, 674, 712]","[103, 104, 105, 106, 107, 108, 109, 110, 111, 112, 113, 114, 115, 116, 117, 118, 119, 120, 121, 122, 123, 124, 125, 126, 127, 128, 129, 130, 131, 132, 133, 134, 135, 136, 137, 138, 139, 140, 141, 142, 143, 144, 145, 146, 147, 148, 149, 150, 151, 152, 153, 154, 155, 156, 157, 158, 159, 160, 161, 162, 163, 164, 165, 166, 167, 168, 169, 170, 171, 172, 173, 174, 175, 176, 177, 178, 179, 180, 181, 182, 183, 184, 185, 186, 187, 188, 189, 190, 191, 192, 193, 194, 195, 196, 197, 198, 199, 200, 201, 202, 203, 204, 205, 206, 207, 208, 209, 210, 211, 212, 213, 214, 215, 216, 217, 218, 219, 220, 221, 222, 223, 224, 225, 226, 227, 228, 229, 230, 231, 232, 233, 234, 235, 236, 237, 238, 239, 240, 241, 242, 243, 244, 245, 246, 247, 248, 249, 250, 251, 252, 253, 254, 255, 256, 257, 258, 259, 260, 261, 262, 263, 264, 265, 266, 267, 268, 269, 270, 271, 272, 273, 274, 275, 276, 277, 278, 279, 280, 281, 282, 283, 284, 285, 286, 287, 288, 289, 290, 291, 292, 293, 294, 295, 296, 297, 298, 299, 300, 301, 302, 303, 304, 305, 306, 307, 308, 309, 310, 311, 312, 313, 314, 315, 316, 317, 318, 319, 320, 321, 322, 323, 324, 325, 326, 327, 328, 329, 330, 331, 332, 333, 334, 335, 336, 337, 574, 575, 576, 577, 578, 579, 580, 581, 582, 583, 584, 585, 586, 587, 588, 589, 590, 591, 592, 593, 594, 595, 596, 597, 598, 599, 600, 601, 602, 603, 604, 605, 606, 607, 608, 609, 610, 611, 612, 613, 614, 615, 616, 617, 618, 619, 620, 621, 622, 623, 624, 625, 626, 627, 628, 629, 630, 631, 632, 633, 634, 635, 636, 637, 638, 639, 640, 641, 642, 643, 644, 645, 646, 647, 648, 649, 650, 651, 652, 653, 654, 655, 656, 657, 658, 659, 660, 661, 662, 663, 664, 665, 666, 667, 668, 669, 670, 671, 672, 673, 674, 675, 676, 677, 678, 679, 680, 681, 682, 683, 684, 685, 686, 687, 688, 689, 690, 691, 692, 693, 694, 695, 696, 697, 698, 699, 700, 701, 702, 703, 704, 705, 706, 707, 708, 709, 710, 711, 712, 713, 714, 715, 716, 717, 718, 719, 720, 721, 722, 723, 724, 725, 726, 727, 728, 729, 730, 731, 732, 733, 734, 735, 736, 737, 738, 739, 740, 741, 742, 743, 744, 745, 746, 747, 748, 749, 750, 751, 752, 753, 754, 755, 756, 757, 758, 759, 760, 761, 762, 763, 764, 765, 766, 767, 768, 769, 770, 771, 772, 773, 774, 775, 776, 777, 778, 779, 780, 781, 782, 783, 784, 785, 786, 787, 788, 789, 790, 791, 792, 793]","[30, 98, 200, 204, 249, 513, 531, 569, 671, 674, 712]","[53, 113, 200, 204, 249, 583, 671, 674, 712]","[105, 114, 138, 141, 152, 153, 154, 155, 157, 159, 164, 165, 176, 182, 191, 192, 194, 195, 196, 200, 204, 208, 209, 210, 211, 215, 226, 228, 241, 242, 243, 245, 248, 249, 250, 257, 261, 270, 271, 282, 287, 289, 291, 294, 296, 298, 306, 308, 309, 311, 314, 327, 333, 335, 337, 576, 585, 609, 612, 623, 624, 626, 627, 629, 631, 636, 637, 647, 653, 662, 663, 665, 666, 667, 671, 674, 678, 679, 680, 681, 690, 692, 705, 706, 707, 709, 711, 712, 713, 719, 721, 729, 730, 741, 746, 748, 750, 753, 755, 757, 764, 766, 767, 769, 772, 785, 791]","[15, 16, 65, 66, 67, 68, 69, 70, 71, 72, 73, 74, 75, 76, 77, 78, 80, 151, 244, 245, 246, 247, 248, 249, 250, 251, 252, 253, 254, 255, 256, 257, 258, 259, 260, 280, 340, 373, 374, 375, 376, 377, 459, 460, 461, 462, 500, 501, 539, 540, 541, 542, 543, 544, 545, 546, 547, 548, 549, 550, 552, 622, 708, 709, 710, 711, 712, 713, 714, 715, 716, 717, 718, 719, 720, 739, 796, 823, 824, 825, 826, 827, 906, 907, 908, 909]","[15, 16, 65, 66, 67, 68, 69, 70, 71, 72, 73, 74, 75, 76, 80, 151, 245, 246, 247, 248, 249, 250, 251, 252, 253, 254, 255, 256, 257, 258, 259, 280, 340, 373, 374, 375, 376, 377, 459, 460, 461, 462, 500, 501, 539, 540, 541, 542, 543, 544, 545, 546, 547, 548, 549, 550, 552, 622, 708, 709, 710, 711, 712, 713, 714, 715, 716, 717, 718, 719, 720, 739, 796, 823, 824, 825, 826, 827, 906, 907, 908, 909]",7/6 successful match,True,[478],True,302,False,,1.0,True,Pilot Travel Center # 154,Pilot
"Lost Hills , 93249 Lost Hills Travel Center ( Arco )",661-797-2354 I-5 Exit 278 ( CA 46 ),,Lost Hills,93249,Lost Hills Travel Center ( Arco ),661-797-2354,2006,Lost Hills,CA,,( CA 46 ),I-5 Exit 278 ,Exit,278,False,,False,I-5,,,,,"[200, 671]","[200, 204, 249, 671, 674, 712]","[30, 98, 200, 204, 249, 513, 531, 569, 671, 674, 712]","[53, 113, 200, 204, 249, 583, 671, 674, 712]","[103, 104, 105, 106, 107, 108, 109, 110, 111, 112, 113, 114, 115, 116, 117, 118, 119, 120, 121, 122, 123, 124, 125, 126, 127, 128, 129, 130, 131, 132, 133, 134, 135, 136, 137, 138, 139, 140, 141, 142, 143, 144, 145, 146, 147, 148, 149, 150, 151, 152, 153, 154, 155, 156, 157, 158, 159, 160, 161, 162, 163, 164, 165, 166, 167, 168, 169, 170, 171, 172, 173, 174, 175, 176, 177, 178, 179, 180, 181, 182, 183, 184, 185, 186, 187, 188, 189, 190, 191, 192, 193, 194, 195, 196, 197, 198, 199, 200, 201, 202, 203, 204, 205, 206, 207, 208, 209, 210, 211, 212, 213, 214, 215, 216, 217, 218, 219, 220, 221, 222, 223, 224, 225, 226, 227, 228, 229, 230, 231, 232, 233, 234, 235, 236, 237, 238, 239, 240, 241, 242, 243, 244, 245, 246, 247, 248, 249, 250, 251, 252, 253, 254, 255, 256, 257, 258, 259, 260, 261, 262, 263, 264, 265, 266, 267, 268, 269, 270, 271, 272, 273, 274, 275, 276, 277, 278, 279, 280, 281, 282, 283, 284, 285, 286, 287, 288, 289, 290, 291, 292, 293, 294, 295, 296, 297, 298, 299, 300, 301, 302, 303, 304, 305, 306, 307, 308, 309, 310, 311, 312, 313, 314, 315, 316, 317, 318, 319, 320, 321, 322, 323, 324, 325, 326, 327, 328, 329, 330, 331, 332, 333, 334, 335, 336, 337, 574, 575, 576, 577, 578, 579, 580, 581, 582, 583, 584, 585, 586, 587, 588, 589, 590, 591, 592, 593, 594, 595, 596, 597, 598, 599, 600, 601, 602, 603, 604, 605, 606, 607, 608, 609, 610, 611, 612, 613, 614, 615, 616, 617, 618, 619, 620, 621, 622, 623, 624, 625, 626, 627, 628, 629, 630, 631, 632, 633, 634, 635, 636, 637, 638, 639, 640, 641, 642, 643, 644, 645, 646, 647, 648, 649, 650, 651, 652, 653, 654, 655, 656, 657, 658, 659, 660, 661, 662, 663, 664, 665, 666, 667, 668, 669, 670, 671, 672, 673, 674, 675, 676, 677, 678, 679, 680, 681, 682, 683, 684, 685, 686, 687, 688, 689, 690, 691, 692, 693, 694, 695, 696, 697, 698, 699, 700, 701, 702, 703, 704, 705, 706, 707, 708, 709, 710, 711, 712, 713, 714, 715, 716, 717, 718, 719, 720, 721, 722, 723, 724, 725, 726, 727, 728, 729, 730, 731, 732, 733, 734, 735, 736, 737, 738, 739, 740, 741, 742, 743, 744, 745, 746, 747, 748, 749, 750, 751, 752, 753, 754, 755, 756, 757, 758, 759, 760, 761, 762, 763, 764, 765, 766, 767, 768, 769, 770, 771, 772, 773, 774, 775, 776, 777, 778, 779, 780, 781, 782, 783, 784, 785, 786, 787, 788, 789, 790, 791, 792, 793]","[105, 114, 138, 141, 152, 153, 154, 155, 157, 159, 164, 165, 176, 182, 191, 192, 194, 195, 196, 200, 204, 208, 209, 210, 211, 215, 226, 228, 241, 242, 243, 245, 248, 249, 250, 257, 261, 270, 271, 282, 287, 289, 291, 294, 296, 298, 306, 308, 309, 311, 314, 327, 333, 335, 337, 576, 585, 609, 612, 623, 624, 626, 627, 629, 631, 636, 637, 647, 653, 662, 663, 665, 666, 667, 671, 674, 678, 679, 680, 681, 690, 692, 705, 706, 707, 709, 711, 712, 713, 719, 721, 729, 730, 741, 746, 748, 750, 753, 755, 757, 764, 766, 767, 769, 772, 785, 791]",[],"[0, 120, 122, 200, 223, 226, 270, 315, 382, 424, 485, 591, 593, 625, 671, 687, 690, 729, 773, 832, 876]","[0, 30, 53, 98, 103, 104, 105, 106, 107, 108, 109, 110, 111, 112, 113, 114, 115, 116, 117, 118, 119, 120, 121, 122, 123, 124, 125, 126, 127, 128, 129, 130, 131, 132, 133, 134, 135, 136, 137, 138, 139, 140, 141, 142, 143, 144, 145, 146, 147, 148, 149, 150, 151, 152, 153, 154, 155, 156, 157, 158, 159, 160, 161, 162, 163, 164, 165, 166, 167, 168, 169, 170, 171, 172, 173, 174, 175, 176, 177, 178, 179, 180, 181, 182, 183, 184, 185, 186, 187, 188, 189, 190, 191, 192, 193, 194, 195, 196, 197, 198, 199, 200, 201, 202, 203, 204, 205, 206, 207, 208, 209, 210, 211, 212, 213, 214, 215, 216, 217, 218, 219, 220, 221, 222, 223, 224, 225, 226, 227, 228, 229, 230, 231, 232, 233, 234, 235, 236, 237, 238, 239, 240, 241, 242, 243, 244, 245, 246, 247, 248, 249, 250, 251, 252, 253, 254, 255, 256, 257, 258, 259, 260, 261, 262, 263, 264, 265, 266, 267, 268, 269, 270, 271, 272, 273, 274, 275, 276, 277, 278, 279, 280, 281, 282, 283, 284, 285, 286, 287, 288, 289, 290, 291, 292, 293, 294, 295, 296, 297, 298, 299, 300, 301, 302, 303, 304, 305, 306, 307, 308, 309, 310, 311, 312, 313, 314, 315, 316, 317, 318, 319, 320, 321, 322, 323, 324, 325, 326, 327, 328, 329, 330, 331, 332, 333, 334, 335, 336, 337, 382, 424, 485, 513, 531, 569, 574, 575, 576, 577, 578, 579, 580, 581, 582, 583, 584, 585, 586, 587, 588, 589, 590, 591, 592, 593, 594, 595, 596, 597, 598, 599, 600, 601, 602, 603, 604, 605, 606, 607, 608, 609, 610, 611, 612, 613, 614, 615, 616, 617, 618, 619, 620, 621, 622, 623, 624, 625, 626, 627, 628, 629, 630, 631, 632, 633, 634, 635, 636, 637, 638, 639, 640, 641, 642, 643, 644, 645, 646, 647, 648, 649, 650, 651, 652, 653, 654, 655, 656, 657, 658, 659, 660, 661, 662, 663, 664, 665, 666, 667, 668, 669, 670, 671, 672, 673, 674, 675, 676, 677, 678, 679, 680, 681, 682, 683, 684, 685, 686, 687, 688, 689, 690, 691, 692, 693, 694, 695, 696, 697, 698, 699, 700, 701, 702, 703, 704, 705, 706, 707, 708, 709, 710, 711, 712, 713, 714, 715, 716, 717, 718, 719, 720, 721, 722, 723, 724, 725, 726, 727, 728, 729, 730, 731, 732, 733, 734, 735, 736, 737, 738, 739, 740, 741, 742, 743, 744, 745, 746, 747, 748, 749, 750, 751, 752, 753, 754, 755, 756, 757, 758, 759, 760, 761, 762, 763, 764, 765, 766, 767, 768, 769, 770, 771, 772, 773, 774, 775, 776, 777, 778, 779, 780, 781, 782, 783, 784, 785, 786, 787, 788, 789, 790, 791, 792, 793, 832, 876]",True,"[200, 204, 249, 671, 674, 712]","[103, 104, 105, 106, 107, 108, 109, 110, 111, 112, 113, 114, 115, 116, 117, 118, 119, 120, 121, 122, 123, 124, 125, 126, 127, 128, 129, 130, 131, 132, 133, 134, 135, 136, 137, 138, 139, 140, 141, 142, 143, 144, 145, 146, 147, 148, 149, 150, 151, 152, 153, 154, 155, 156, 157, 158, 159, 160, 161, 162, 163, 164, 165, 166, 167, 168, 169, 170, 171, 172, 173, 174, 175, 176, 177, 178, 179, 180, 181, 182, 183, 184, 185, 186, 187, 188, 189, 190, 191, 192, 193, 194, 195, 196, 197, 198, 199, 200, 201, 202, 203, 204, 205, 206, 207, 208, 209, 210, 211, 212, 213, 214, 215, 216, 217, 218, 219, 220, 221, 222, 223, 224, 225, 226, 227, 228, 229, 230, 231, 232, 233, 234, 235, 236, 237, 238, 239, 240, 241, 242, 243, 244, 245, 246, 247, 248, 249, 250, 251, 252, 253, 254, 255, 256, 257, 258, 259, 260, 261, 262, 263, 264, 265, 266, 267, 268, 269, 270, 271, 272, 273, 274, 275, 276, 277, 278, 279, 280, 281, 282, 283, 284, 285, 286, 287, 288, 289, 290, 291, 292, 293, 294, 295, 296, 297, 298, 299, 300, 301, 302, 303, 304, 305, 306, 307, 308, 309, 310, 311, 312, 313, 314, 315, 316, 317, 318, 319, 320, 321, 322, 323, 324, 325, 326, 327, 328, 329, 330, 331, 332, 333, 334, 335, 336, 337, 574, 575, 576, 577, 578, 579, 580, 581, 582, 583, 584, 585, 586, 587, 588, 589, 590, 591, 592, 593, 594, 595, 596, 597, 598, 599, 600, 601, 602, 603, 604, 605, 606, 607, 608, 609, 610, 611, 612, 613, 614, 615, 616, 617, 618, 619, 620, 621, 622, 623, 624, 625, 626, 627, 628, 629, 630, 631, 632, 633, 634, 635, 636, 637, 638, 639, 640, 641, 642, 643, 644, 645, 646, 647, 648, 649, 650, 651, 652, 653, 654, 655, 656, 657, 658, 659, 660, 661, 662, 663, 664, 665, 666, 667, 668, 669, 670, 671, 672, 673, 674, 675, 676, 677, 678, 679, 680, 681, 682, 683, 684, 685, 686, 687, 688, 689, 690, 691, 692, 693, 694, 695, 696, 697, 698, 699, 700, 701, 702, 703, 704, 705, 706, 707, 708, 709, 710, 711, 712, 713, 714, 715, 716, 717, 718, 719, 720, 721, 722, 723, 724, 725, 726, 727, 728, 729, 730, 731, 732, 733, 734, 735, 736, 737, 738, 739, 740, 741, 742, 743, 744, 745, 746, 747, 748, 749, 750, 751, 752, 753, 754, 755, 756, 757, 758, 759, 760, 761, 762, 763, 764, 765, 766, 767, 768, 769, 770, 771, 772, 773, 774, 775, 776, 777, 778, 779, 780, 781, 782, 783, 784, 785, 786, 787, 788, 789, 790, 791, 792, 793]","[30, 98, 200, 204, 249, 513, 531, 569, 671, 674, 712]","[53, 113, 200, 204, 249, 583, 671, 674, 712]","[105, 114, 138, 141, 152, 153, 154, 155, 157, 159, 164, 165, 176, 182, 191, 192, 194, 195, 196, 200, 204, 208, 209, 210, 211, 215, 226, 228, 241, 242, 243, 245, 248, 249, 250, 257, 261, 270, 271, 282, 287, 289, 291, 294, 296, 298, 306, 308, 309, 311, 314, 327, 333, 335, 337, 576, 585, 609, 612, 623, 624, 626, 627, 629, 631, 636, 637, 647, 653, 662, 663, 665, 666, 667, 671, 674, 678, 679, 680, 681, 690, 692, 705, 706, 707, 709, 711, 712, 713, 719, 721, 729, 730, 741, 746, 748, 750, 753, 755, 757, 764, 766, 767, 769, 772, 785, 791]","[0, 120, 122, 200, 223, 226, 270, 315, 382, 424, 485, 591, 593, 625, 671, 687, 690, 729, 773, 832, 876]",[],7/6 successful match,True,"[217, 218, 219]",True,303,False,,,,,
"Lost Hills , 93249 Lost Hills Travel Center ( Arco )",661-797-2354 I-5 Exit 278 ( CA 46 ),124,Lost Hills,93249,Lost Hills Travel Center ( Arco ),661-797-2354,2007,Lost Hills,CA,,( CA 46 ),I-5 Exit 278 ,Exit,278,False,,False,I-5,,,,,"[200, 671]","[200, 204, 249, 671, 674, 712]","[30, 98, 200, 204, 249, 513, 531, 569, 671, 674, 712]","[53, 113, 200, 204, 249, 583, 671, 674, 712]","[103, 104, 105, 106, 107, 108, 109, 110, 111, 112, 113, 114, 115, 116, 117, 118, 119, 120, 121, 122, 123, 124, 125, 126, 127, 128, 129, 130, 131, 132, 133, 134, 135, 136, 137, 138, 139, 140, 141, 142, 143, 144, 145, 146, 147, 148, 149, 150, 151, 152, 153, 154, 155, 156, 157, 158, 159, 160, 161, 162, 163, 164, 165, 166, 167, 168, 169, 170, 171, 172, 173, 174, 175, 176, 177, 178, 179, 180, 181, 182, 183, 184, 185, 186, 187, 188, 189, 190, 191, 192, 193, 194, 195, 196, 197, 198, 199, 200, 201, 202, 203, 204, 205, 206, 207, 208, 209, 210, 211, 212, 213, 214, 215, 216, 217, 218, 219, 220, 221, 222, 223, 224, 225, 226, 227, 228, 229, 230, 231, 232, 233, 234, 235, 236, 237, 238, 239, 240, 241, 242, 243, 244, 245, 246, 247, 248, 249, 250, 251, 252, 253, 254, 255, 256, 257, 258, 259, 260, 261, 262, 263, 264, 265, 266, 267, 268, 269, 270, 271, 272, 273, 274, 275, 276, 277, 278, 279, 280, 281, 282, 283, 284, 285, 286, 287, 288, 289, 290, 291, 292, 293, 294, 295, 296, 297, 298, 299, 300, 301, 302, 303, 304, 305, 306, 307, 308, 309, 310, 311, 312, 313, 314, 315, 316, 317, 318, 319, 320, 321, 322, 323, 324, 325, 326, 327, 328, 329, 330, 331, 332, 333, 334, 335, 336, 337, 574, 575, 576, 577, 578, 579, 580, 581, 582, 583, 584, 585, 586, 587, 588, 589, 590, 591, 592, 593, 594, 595, 596, 597, 598, 599, 600, 601, 602, 603, 604, 605, 606, 607, 608, 609, 610, 611, 612, 613, 614, 615, 616, 617, 618, 619, 620, 621, 622, 623, 624, 625, 626, 627, 628, 629, 630, 631, 632, 633, 634, 635, 636, 637, 638, 639, 640, 641, 642, 643, 644, 645, 646, 647, 648, 649, 650, 651, 652, 653, 654, 655, 656, 657, 658, 659, 660, 661, 662, 663, 664, 665, 666, 667, 668, 669, 670, 671, 672, 673, 674, 675, 676, 677, 678, 679, 680, 681, 682, 683, 684, 685, 686, 687, 688, 689, 690, 691, 692, 693, 694, 695, 696, 697, 698, 699, 700, 701, 702, 703, 704, 705, 706, 707, 708, 709, 710, 711, 712, 713, 714, 715, 716, 717, 718, 719, 720, 721, 722, 723, 724, 725, 726, 727, 728, 729, 730, 731, 732, 733, 734, 735, 736, 737, 738, 739, 740, 741, 742, 743, 744, 745, 746, 747, 748, 749, 750, 751, 752, 753, 754, 755, 756, 757, 758, 759, 760, 761, 762, 763, 764, 765, 766, 767, 768, 769, 770, 771, 772, 773, 774, 775, 776, 777, 778, 779, 780, 781, 782, 783, 784, 785, 786, 787, 788, 789, 790, 791, 792, 793]","[105, 114, 138, 141, 152, 153, 154, 155, 157, 159, 164, 165, 176, 182, 191, 192, 194, 195, 196, 200, 204, 208, 209, 210, 211, 215, 226, 228, 241, 242, 243, 245, 248, 249, 250, 257, 261, 270, 271, 282, 287, 289, 291, 294, 296, 298, 306, 308, 309, 311, 314, 327, 333, 335, 337, 576, 585, 609, 612, 623, 624, 626, 627, 629, 631, 636, 637, 647, 653, 662, 663, 665, 666, 667, 671, 674, 678, 679, 680, 681, 690, 692, 705, 706, 707, 709, 711, 712, 713, 719, 721, 729, 730, 741, 746, 748, 750, 753, 755, 757, 764, 766, 767, 769, 772, 785, 791]",[],"[0, 120, 122, 200, 223, 226, 270, 315, 382, 424, 485, 591, 593, 625, 671, 687, 690, 729, 773, 832, 876]","[0, 30, 53, 98, 103, 104, 105, 106, 107, 108, 109, 110, 111, 112, 113, 114, 115, 116, 117, 118, 119, 120, 121, 122, 123, 124, 125, 126, 127, 128, 129, 130, 131, 132, 133, 134, 135, 136, 137, 138, 139, 140, 141, 142, 143, 144, 145, 146, 147, 148, 149, 150, 151, 152, 153, 154, 155, 156, 157, 158, 159, 160, 161, 162, 163, 164, 165, 166, 167, 168, 169, 170, 171, 172, 173, 174, 175, 176, 177, 178, 179, 180, 181, 182, 183, 184, 185, 186, 187, 188, 189, 190, 191, 192, 193, 194, 195, 196, 197, 198, 199, 200, 201, 202, 203, 204, 205, 206, 207, 208, 209, 210, 211, 212, 213, 214, 215, 216, 217, 218, 219, 220, 221, 222, 223, 224, 225, 226, 227, 228, 229, 230, 231, 232, 233, 234, 235, 236, 237, 238, 239, 240, 241, 242, 243, 244, 245, 246, 247, 248, 249, 250, 251, 252, 253, 254, 255, 256, 257, 258, 259, 260, 261, 262, 263, 264, 265, 266, 267, 268, 269, 270, 271, 272, 273, 274, 275, 276, 277, 278, 279, 280, 281, 282, 283, 284, 285, 286, 287, 288, 289, 290, 291, 292, 293, 294, 295, 296, 297, 298, 299, 300, 301, 302, 303, 304, 305, 306, 307, 308, 309, 310, 311, 312, 313, 314, 315, 316, 317, 318, 319, 320, 321, 322, 323, 324, 325, 326, 327, 328, 329, 330, 331, 332, 333, 334, 335, 336, 337, 382, 424, 485, 513, 531, 569, 574, 575, 576, 577, 578, 579, 580, 581, 582, 583, 584, 585, 586, 587, 588, 589, 590, 591, 592, 593, 594, 595, 596, 597, 598, 599, 600, 601, 602, 603, 604, 605, 606, 607, 608, 609, 610, 611, 612, 613, 614, 615, 616, 617, 618, 619, 620, 621, 622, 623, 624, 625, 626, 627, 628, 629, 630, 631, 632, 633, 634, 635, 636, 637, 638, 639, 640, 641, 642, 643, 644, 645, 646, 647, 648, 649, 650, 651, 652, 653, 654, 655, 656, 657, 658, 659, 660, 661, 662, 663, 664, 665, 666, 667, 668, 669, 670, 671, 672, 673, 674, 675, 676, 677, 678, 679, 680, 681, 682, 683, 684, 685, 686, 687, 688, 689, 690, 691, 692, 693, 694, 695, 696, 697, 698, 699, 700, 701, 702, 703, 704, 705, 706, 707, 708, 709, 710, 711, 712, 713, 714, 715, 716, 717, 718, 719, 720, 721, 722, 723, 724, 725, 726, 727, 728, 729, 730, 731, 732, 733, 734, 735, 736, 737, 738, 739, 740, 741, 742, 743, 744, 745, 746, 747, 748, 749, 750, 751, 752, 753, 754, 755, 756, 757, 758, 759, 760, 761, 762, 763, 764, 765, 766, 767, 768, 769, 770, 771, 772, 773, 774, 775, 776, 777, 778, 779, 780, 781, 782, 783, 784, 785, 786, 787, 788, 789, 790, 791, 792, 793, 832, 876]",True,"[200, 204, 249, 671, 674, 712]","[103, 104, 105, 106, 107, 108, 109, 110, 111, 112, 113, 114, 115, 116, 117, 118, 119, 120, 121, 122, 123, 124, 125, 126, 127, 128, 129, 130, 131, 132, 133, 134, 135, 136, 137, 138, 139, 140, 141, 142, 143, 144, 145, 146, 147, 148, 149, 150, 151, 152, 153, 154, 155, 156, 157, 158, 159, 160, 161, 162, 163, 164, 165, 166, 167, 168, 169, 170, 171, 172, 173, 174, 175, 176, 177, 178, 179, 180, 181, 182, 183, 184, 185, 186, 187, 188, 189, 190, 191, 192, 193, 194, 195, 196, 197, 198, 199, 200, 201, 202, 203, 204, 205, 206, 207, 208, 209, 210, 211, 212, 213, 214, 215, 216, 217, 218, 219, 220, 221, 222, 223, 224, 225, 226, 227, 228, 229, 230, 231, 232, 233, 234, 235, 236, 237, 238, 239, 240, 241, 242, 243, 244, 245, 246, 247, 248, 249, 250, 251, 252, 253, 254, 255, 256, 257, 258, 259, 260, 261, 262, 263, 264, 265, 266, 267, 268, 269, 270, 271, 272, 273, 274, 275, 276, 277, 278, 279, 280, 281, 282, 283, 284, 285, 286, 287, 288, 289, 290, 291, 292, 293, 294, 295, 296, 297, 298, 299, 300, 301, 302, 303, 304, 305, 306, 307, 308, 309, 310, 311, 312, 313, 314, 315, 316, 317, 318, 319, 320, 321, 322, 323, 324, 325, 326, 327, 328, 329, 330, 331, 332, 333, 334, 335, 336, 337, 574, 575, 576, 577, 578, 579, 580, 581, 582, 583, 584, 585, 586, 587, 588, 589, 590, 591, 592, 593, 594, 595, 596, 597, 598, 599, 600, 601, 602, 603, 604, 605, 606, 607, 608, 609, 610, 611, 612, 613, 614, 615, 616, 617, 618, 619, 620, 621, 622, 623, 624, 625, 626, 627, 628, 629, 630, 631, 632, 633, 634, 635, 636, 637, 638, 639, 640, 641, 642, 643, 644, 645, 646, 647, 648, 649, 650, 651, 652, 653, 654, 655, 656, 657, 658, 659, 660, 661, 662, 663, 664, 665, 666, 667, 668, 669, 670, 671, 672, 673, 674, 675, 676, 677, 678, 679, 680, 681, 682, 683, 684, 685, 686, 687, 688, 689, 690, 691, 692, 693, 694, 695, 696, 697, 698, 699, 700, 701, 702, 703, 704, 705, 706, 707, 708, 709, 710, 711, 712, 713, 714, 715, 716, 717, 718, 719, 720, 721, 722, 723, 724, 725, 726, 727, 728, 729, 730, 731, 732, 733, 734, 735, 736, 737, 738, 739, 740, 741, 742, 743, 744, 745, 746, 747, 748, 749, 750, 751, 752, 753, 754, 755, 756, 757, 758, 759, 760, 761, 762, 763, 764, 765, 766, 767, 768, 769, 770, 771, 772, 773, 774, 775, 776, 777, 778, 779, 780, 781, 782, 783, 784, 785, 786, 787, 788, 789, 790, 791, 792, 793]","[30, 98, 200, 204, 249, 513, 531, 569, 671, 674, 712]","[53, 113, 200, 204, 249, 583, 671, 674, 712]","[105, 114, 138, 141, 152, 153, 154, 155, 157, 159, 164, 165, 176, 182, 191, 192, 194, 195, 196, 200, 204, 208, 209, 210, 211, 215, 226, 228, 241, 242, 243, 245, 248, 249, 250, 257, 261, 270, 271, 282, 287, 289, 291, 294, 296, 298, 306, 308, 309, 311, 314, 327, 333, 335, 337, 576, 585, 609, 612, 623, 624, 626, 627, 629, 631, 636, 637, 647, 653, 662, 663, 665, 666, 667, 671, 674, 678, 679, 680, 681, 690, 692, 705, 706, 707, 709, 711, 712, 713, 719, 721, 729, 730, 741, 746, 748, 750, 753, 755, 757, 764, 766, 767, 769, 772, 785, 791]","[0, 120, 122, 200, 223, 226, 270, 315, 382, 424, 485, 591, 593, 625, 671, 687, 690, 729, 773, 832, 876]",[],7/6 successful match,True,"[217, 218, 219]",True,303,False,,1.0,True,Lost Hills Travel Center ( Arco ),
"Lost Hills , 93249 Lost Hills Travel Center ( Arco )",661-797-2354 I-5 Exit 278 ( CA 46 ),2 <U+2610><U+2610> <U+2610> <U+2610> <U+2610>,Lost Hills,93249,Lost Hills Travel Center ( Arco ),661-797-2354,2008,Lost Hills,CA,,( CA 46 ),I-5 Exit 278 ,Exit,278,False,,False,I-5,,,,,"[200, 671]","[200, 204, 249, 671, 674, 712]","[30, 98, 200, 204, 249, 513, 531, 569, 671, 674, 712]","[53, 113, 200, 204, 249, 583, 671, 674, 712]","[103, 104, 105, 106, 107, 108, 109, 110, 111, 112, 113, 114, 115, 116, 117, 118, 119, 120, 121, 122, 123, 124, 125, 126, 127, 128, 129, 130, 131, 132, 133, 134, 135, 136, 137, 138, 139, 140, 141, 142, 143, 144, 145, 146, 147, 148, 149, 150, 151, 152, 153, 154, 155, 156, 157, 158, 159, 160, 161, 162, 163, 164, 165, 166, 167, 168, 169, 170, 171, 172, 173, 174, 175, 176, 177, 178, 179, 180, 181, 182, 183, 184, 185, 186, 187, 188, 189, 190, 191, 192, 193, 194, 195, 196, 197, 198, 199, 200, 201, 202, 203, 204, 205, 206, 207, 208, 209, 210, 211, 212, 213, 214, 215, 216, 217, 218, 219, 220, 221, 222, 223, 224, 225, 226, 227, 228, 229, 230, 231, 232, 233, 234, 235, 236, 237, 238, 239, 240, 241, 242, 243, 244, 245, 246, 247, 248, 249, 250, 251, 252, 253, 254, 255, 256, 257, 258, 259, 260, 261, 262, 263, 264, 265, 266, 267, 268, 269, 270, 271, 272, 273, 274, 275, 276, 277, 278, 279, 280, 281, 282, 283, 284, 285, 286, 287, 288, 289, 290, 291, 292, 293, 294, 295, 296, 297, 298, 299, 300, 301, 302, 303, 304, 305, 306, 307, 308, 309, 310, 311, 312, 313, 314, 315, 316, 317, 318, 319, 320, 321, 322, 323, 324, 325, 326, 327, 328, 329, 330, 331, 332, 333, 334, 335, 336, 337, 574, 575, 576, 577, 578, 579, 580, 581, 582, 583, 584, 585, 586, 587, 588, 589, 590, 591, 592, 593, 594, 595, 596, 597, 598, 599, 600, 601, 602, 603, 604, 605, 606, 607, 608, 609, 610, 611, 612, 613, 614, 615, 616, 617, 618, 619, 620, 621, 622, 623, 624, 625, 626, 627, 628, 629, 630, 631, 632, 633, 634, 635, 636, 637, 638, 639, 640, 641, 642, 643, 644, 645, 646, 647, 648, 649, 650, 651, 652, 653, 654, 655, 656, 657, 658, 659, 660, 661, 662, 663, 664, 665, 666, 667, 668, 669, 670, 671, 672, 673, 674, 675, 676, 677, 678, 679, 680, 681, 682, 683, 684, 685, 686, 687, 688, 689, 690, 691, 692, 693, 694, 695, 696, 697, 698, 699, 700, 701, 702, 703, 704, 705, 706, 707, 708, 709, 710, 711, 712, 713, 714, 715, 716, 717, 718, 719, 720, 721, 722, 723, 724, 725, 726, 727, 728, 729, 730, 731, 732, 733, 734, 735, 736, 737, 738, 739, 740, 741, 742, 743, 744, 745, 746, 747, 748, 749, 750, 751, 752, 753, 754, 755, 756, 757, 758, 759, 760, 761, 762, 763, 764, 765, 766, 767, 768, 769, 770, 771, 772, 773, 774, 775, 776, 777, 778, 779, 780, 781, 782, 783, 784, 785, 786, 787, 788, 789, 790, 791, 792, 793]","[105, 114, 138, 141, 152, 153, 154, 155, 157, 159, 164, 165, 176, 182, 191, 192, 194, 195, 196, 200, 204, 208, 209, 210, 211, 215, 226, 228, 241, 242, 243, 245, 248, 249, 250, 257, 261, 270, 271, 282, 287, 289, 291, 294, 296, 298, 306, 308, 309, 311, 314, 327, 333, 335, 337, 576, 585, 609, 612, 623, 624, 626, 627, 629, 631, 636, 637, 647, 653, 662, 663, 665, 666, 667, 671, 674, 678, 679, 680, 681, 690, 692, 705, 706, 707, 709, 711, 712, 713, 719, 721, 729, 730, 741, 746, 748, 750, 753, 755, 757, 764, 766, 767, 769, 772, 785, 791]",[],"[0, 120, 122, 200, 223, 226, 270, 315, 382, 424, 485, 591, 593, 625, 671, 687, 690, 729, 773, 832, 876]","[0, 30, 53, 98, 103, 104, 105, 106, 107, 108, 109, 110, 111, 112, 113, 114, 115, 116, 117, 118, 119, 120, 121, 122, 123, 124, 125, 126, 127, 128, 129, 130, 131, 132, 133, 134, 135, 136, 137, 138, 139, 140, 141, 142, 143, 144, 145, 146, 147, 148, 149, 150, 151, 152, 153, 154, 155, 156, 157, 158, 159, 160, 161, 162, 163, 164, 165, 166, 167, 168, 169, 170, 171, 172, 173, 174, 175, 176, 177, 178, 179, 180, 181, 182, 183, 184, 185, 186, 187, 188, 189, 190, 191, 192, 193, 194, 195, 196, 197, 198, 199, 200, 201, 202, 203, 204, 205, 206, 207, 208, 209, 210, 211, 212, 213, 214, 215, 216, 217, 218, 219, 220, 221, 222, 223, 224, 225, 226, 227, 228, 229, 230, 231, 232, 233, 234, 235, 236, 237, 238, 239, 240, 241, 242, 243, 244, 245, 246, 247, 248, 249, 250, 251, 252, 253, 254, 255, 256, 257, 258, 259, 260, 261, 262, 263, 264, 265, 266, 267, 268, 269, 270, 271, 272, 273, 274, 275, 276, 277, 278, 279, 280, 281, 282, 283, 284, 285, 286, 287, 288, 289, 290, 291, 292, 293, 294, 295, 296, 297, 298, 299, 300, 301, 302, 303, 304, 305, 306, 307, 308, 309, 310, 311, 312, 313, 314, 315, 316, 317, 318, 319, 320, 321, 322, 323, 324, 325, 326, 327, 328, 329, 330, 331, 332, 333, 334, 335, 336, 337, 382, 424, 485, 513, 531, 569, 574, 575, 576, 577, 578, 579, 580, 581, 582, 583, 584, 585, 586, 587, 588, 589, 590, 591, 592, 593, 594, 595, 596, 597, 598, 599, 600, 601, 602, 603, 604, 605, 606, 607, 608, 609, 610, 611, 612, 613, 614, 615, 616, 617, 618, 619, 620, 621, 622, 623, 624, 625, 626, 627, 628, 629, 630, 631, 632, 633, 634, 635, 636, 637, 638, 639, 640, 641, 642, 643, 644, 645, 646, 647, 648, 649, 650, 651, 652, 653, 654, 655, 656, 657, 658, 659, 660, 661, 662, 663, 664, 665, 666, 667, 668, 669, 670, 671, 672, 673, 674, 675, 676, 677, 678, 679, 680, 681, 682, 683, 684, 685, 686, 687, 688, 689, 690, 691, 692, 693, 694, 695, 696, 697, 698, 699, 700, 701, 702, 703, 704, 705, 706, 707, 708, 709, 710, 711, 712, 713, 714, 715, 716, 717, 718, 719, 720, 721, 722, 723, 724, 725, 726, 727, 728, 729, 730, 731, 732, 733, 734, 735, 736, 737, 738, 739, 740, 741, 742, 743, 744, 745, 746, 747, 748, 749, 750, 751, 752, 753, 754, 755, 756, 757, 758, 759, 760, 761, 762, 763, 764, 765, 766, 767, 768, 769, 770, 771, 772, 773, 774, 775, 776, 777, 778, 779, 780, 781, 782, 783, 784, 785, 786, 787, 788, 789, 790, 791, 792, 793, 832, 876]",True,"[200, 204, 249, 671, 674, 712]","[103, 104, 105, 106, 107, 108, 109, 110, 111, 112, 113, 114, 115, 116, 117, 118, 119, 120, 121, 122, 123, 124, 125, 126, 127, 128, 129, 130, 131, 132, 133, 134, 135, 136, 137, 138, 139, 140, 141, 142, 143, 144, 145, 146, 147, 148, 149, 150, 151, 152, 153, 154, 155, 156, 157, 158, 159, 160, 161, 162, 163, 164, 165, 166, 167, 168, 169, 170, 171, 172, 173, 174, 175, 176, 177, 178, 179, 180, 181, 182, 183, 184, 185, 186, 187, 188, 189, 190, 191, 192, 193, 194, 195, 196, 197, 198, 199, 200, 201, 202, 203, 204, 205, 206, 207, 208, 209, 210, 211, 212, 213, 214, 215, 216, 217, 218, 219, 220, 221, 222, 223, 224, 225, 226, 227, 228, 229, 230, 231, 232, 233, 234, 235, 236, 237, 238, 239, 240, 241, 242, 243, 244, 245, 246, 247, 248, 249, 250, 251, 252, 253, 254, 255, 256, 257, 258, 259, 260, 261, 262, 263, 264, 265, 266, 267, 268, 269, 270, 271, 272, 273, 274, 275, 276, 277, 278, 279, 280, 281, 282, 283, 284, 285, 286, 287, 288, 289, 290, 291, 292, 293, 294, 295, 296, 297, 298, 299, 300, 301, 302, 303, 304, 305, 306, 307, 308, 309, 310, 311, 312, 313, 314, 315, 316, 317, 318, 319, 320, 321, 322, 323, 324, 325, 326, 327, 328, 329, 330, 331, 332, 333, 334, 335, 336, 337, 574, 575, 576, 577, 578, 579, 580, 581, 582, 583, 584, 585, 586, 587, 588, 589, 590, 591, 592, 593, 594, 595, 596, 597, 598, 599, 600, 601, 602, 603, 604, 605, 606, 607, 608, 609, 610, 611, 612, 613, 614, 615, 616, 617, 618, 619, 620, 621, 622, 623, 624, 625, 626, 627, 628, 629, 630, 631, 632, 633, 634, 635, 636, 637, 638, 639, 640, 641, 642, 643, 644, 645, 646, 647, 648, 649, 650, 651, 652, 653, 654, 655, 656, 657, 658, 659, 660, 661, 662, 663, 664, 665, 666, 667, 668, 669, 670, 671, 672, 673, 674, 675, 676, 677, 678, 679, 680, 681, 682, 683, 684, 685, 686, 687, 688, 689, 690, 691, 692, 693, 694, 695, 696, 697, 698, 699, 700, 701, 702, 703, 704, 705, 706, 707, 708, 709, 710, 711, 712, 713, 714, 715, 716, 717, 718, 719, 720, 721, 722, 723, 724, 725, 726, 727, 728, 729, 730, 731, 732, 733, 734, 735, 736, 737, 738, 739, 740, 741, 742, 743, 744, 745, 746, 747, 748, 749, 750, 751, 752, 753, 754, 755, 756, 757, 758, 759, 760, 761, 762, 763, 764, 765, 766, 767, 768, 769, 770, 771, 772, 773, 774, 775, 776, 777, 778, 779, 780, 781, 782, 783, 784, 785, 786, 787, 788, 789, 790, 791, 792, 793]","[30, 98, 200, 204, 249, 513, 531, 569, 671, 674, 712]","[53, 113, 200, 204, 249, 583, 671, 674, 712]","[105, 114, 138, 141, 152, 153, 154, 155, 157, 159, 164, 165, 176, 182, 191, 192, 194, 195, 196, 200, 204, 208, 209, 210, 211, 215, 226, 228, 241, 242, 243, 245, 248, 249, 250, 257, 261, 270, 271, 282, 287, 289, 291, 294, 296, 298, 306, 308, 309, 311, 314, 327, 333, 335, 337, 576, 585, 609, 612, 623, 624, 626, 627, 629, 631, 636, 637, 647, 653, 662, 663, 665, 666, 667, 671, 674, 678, 679, 680, 681, 690, 692, 705, 706, 707, 709, 711, 712, 713, 719, 721, 729, 730, 741, 746, 748, 750, 753, 755, 757, 764, 766, 767, 769, 772, 785, 791]","[0, 120, 122, 200, 223, 226, 270, 315, 382, 424, 485, 591, 593, 625, 671, 687, 690, 729, 773, 832, 876]",[],7/6 successful match,True,"[217, 218, 219]",True,303,False,,1.0,True,Lost Hills Travel Center ( Arco ),
G Lost Hills ( 93249 ) Lost Hills Travel Center ( Arco ),3 661-797-2354 I-5 Exit 278 ( CA 46 W ),24 <U+2610>,Lost Hills,93249,Lost Hills Travel Center ( Arco ),661-797-2354,2014,Lost Hills,CA,,( CA 46 W ),I-5 Exit 278 ,Exit,278,False,,False,I-5,,,,,"[200, 671]","[200, 204, 249, 671, 674, 712]","[30, 98, 200, 204, 249, 513, 531, 569, 671, 674, 712]","[53, 113, 200, 204, 249, 583, 671, 674, 712]","[103, 104, 105, 106, 107, 108, 109, 110, 111, 112, 113, 114, 115, 116, 117, 118, 119, 120, 121, 122, 123, 124, 125, 126, 127, 128, 129, 130, 131, 132, 133, 134, 135, 136, 137, 138, 139, 140, 141, 142, 143, 144, 145, 146, 147, 148, 149, 150, 151, 152, 153, 154, 155, 156, 157, 158, 159, 160, 161, 162, 163, 164, 165, 166, 167, 168, 169, 170, 171, 172, 173, 174, 175, 176, 177, 178, 179, 180, 181, 182, 183, 184, 185, 186, 187, 188, 189, 190, 191, 192, 193, 194, 195, 196, 197, 198, 199, 200, 201, 202, 203, 204, 205, 206, 207, 208, 209, 210, 211, 212, 213, 214, 215, 216, 217, 218, 219, 220, 221, 222, 223, 224, 225, 226, 227, 228, 229, 230, 231, 232, 233, 234, 235, 236, 237, 238, 239, 240, 241, 242, 243, 244, 245, 246, 247, 248, 249, 250, 251, 252, 253, 254, 255, 256, 257, 258, 259, 260, 261, 262, 263, 264, 265, 266, 267, 268, 269, 270, 271, 272, 273, 274, 275, 276, 277, 278, 279, 280, 281, 282, 283, 284, 285, 286, 287, 288, 289, 290, 291, 292, 293, 294, 295, 296, 297, 298, 299, 300, 301, 302, 303, 304, 305, 306, 307, 308, 309, 310, 311, 312, 313, 314, 315, 316, 317, 318, 319, 320, 321, 322, 323, 324, 325, 326, 327, 328, 329, 330, 331, 332, 333, 334, 335, 336, 337, 574, 575, 576, 577, 578, 579, 580, 581, 582, 583, 584, 585, 586, 587, 588, 589, 590, 591, 592, 593, 594, 595, 596, 597, 598, 599, 600, 601, 602, 603, 604, 605, 606, 607, 608, 609, 610, 611, 612, 613, 614, 615, 616, 617, 618, 619, 620, 621, 622, 623, 624, 625, 626, 627, 628, 629, 630, 631, 632, 633, 634, 635, 636, 637, 638, 639, 640, 641, 642, 643, 644, 645, 646, 647, 648, 649, 650, 651, 652, 653, 654, 655, 656, 657, 658, 659, 660, 661, 662, 663, 664, 665, 666, 667, 668, 669, 670, 671, 672, 673, 674, 675, 676, 677, 678, 679, 680, 681, 682, 683, 684, 685, 686, 687, 688, 689, 690, 691, 692, 693, 694, 695, 696, 697, 698, 699, 700, 701, 702, 703, 704, 705, 706, 707, 708, 709, 710, 711, 712, 713, 714, 715, 716, 717, 718, 719, 720, 721, 722, 723, 724, 725, 726, 727, 728, 729, 730, 731, 732, 733, 734, 735, 736, 737, 738, 739, 740, 741, 742, 743, 744, 745, 746, 747, 748, 749, 750, 751, 752, 753, 754, 755, 756, 757, 758, 759, 760, 761, 762, 763, 764, 765, 766, 767, 768, 769, 770, 771, 772, 773, 774, 775, 776, 777, 778, 779, 780, 781, 782, 783, 784, 785, 786, 787, 788, 789, 790, 791, 792, 793]","[105, 114, 138, 141, 152, 153, 154, 155, 157, 159, 164, 165, 176, 182, 191, 192, 194, 195, 196, 200, 204, 208, 209, 210, 211, 215, 226, 228, 241, 242, 243, 245, 248, 249, 250, 257, 261, 270, 271, 282, 287, 289, 291, 294, 296, 298, 306, 308, 309, 311, 314, 327, 333, 335, 337, 576, 585, 609, 612, 623, 624, 626, 627, 629, 631, 636, 637, 647, 653, 662, 663, 665, 666, 667, 671, 674, 678, 679, 680, 681, 690, 692, 705, 706, 707, 709, 711, 712, 713, 719, 721, 729, 730, 741, 746, 748, 750, 753, 755, 757, 764, 766, 767, 769, 772, 785, 791]",[],"[0, 120, 122, 200, 223, 226, 270, 315, 382, 424, 485, 591, 593, 625, 671, 687, 690, 729, 773, 832, 876]","[0, 30, 53, 98, 103, 104, 105, 106, 107, 108, 109, 110, 111, 112, 113, 114, 115, 116, 117, 118, 119, 120, 121, 122, 123, 124, 125, 126, 127, 128, 129, 130, 131, 132, 133, 134, 135, 136, 137, 138, 139, 140, 141, 142, 143, 144, 145, 146, 147, 148, 149, 150, 151, 152, 153, 154, 155, 156, 157, 158, 159, 160, 161, 162, 163, 164, 165, 166, 167, 168, 169, 170, 171, 172, 173, 174, 175, 176, 177, 178, 179, 180, 181, 182, 183, 184, 185, 186, 187, 188, 189, 190, 191, 192, 193, 194, 195, 196, 197, 198, 199, 200, 201, 202, 203, 204, 205, 206, 207, 208, 209, 210, 211, 212, 213, 214, 215, 216, 217, 218, 219, 220, 221, 222, 223, 224, 225, 226, 227, 228, 229, 230, 231, 232, 233, 234, 235, 236, 237, 238, 239, 240, 241, 242, 243, 244, 245, 246, 247, 248, 249, 250, 251, 252, 253, 254, 255, 256, 257, 258, 259, 260, 261, 262, 263, 264, 265, 266, 267, 268, 269, 270, 271, 272, 273, 274, 275, 276, 277, 278, 279, 280, 281, 282, 283, 284, 285, 286, 287, 288, 289, 290, 291, 292, 293, 294, 295, 296, 297, 298, 299, 300, 301, 302, 303, 304, 305, 306, 307, 308, 309, 310, 311, 312, 313, 314, 315, 316, 317, 318, 319, 320, 321, 322, 323, 324, 325, 326, 327, 328, 329, 330, 331, 332, 333, 334, 335, 336, 337, 382, 424, 485, 513, 531, 569, 574, 575, 576, 577, 578, 579, 580, 581, 582, 583, 584, 585, 586, 587, 588, 589, 590, 591, 592, 593, 594, 595, 596, 597, 598, 599, 600, 601, 602, 603, 604, 605, 606, 607, 608, 609, 610, 611, 612, 613, 614, 615, 616, 617, 618, 619, 620, 621, 622, 623, 624, 625, 626, 627, 628, 629, 630, 631, 632, 633, 634, 635, 636, 637, 638, 639, 640, 641, 642, 643, 644, 645, 646, 647, 648, 649, 650, 651, 652, 653, 654, 655, 656, 657, 658, 659, 660, 661, 662, 663, 664, 665, 666, 667, 668, 669, 670, 671, 672, 673, 674, 675, 676, 677, 678, 679, 680, 681, 682, 683, 684, 685, 686, 687, 688, 689, 690, 691, 692, 693, 694, 695, 696, 697, 698, 699, 700, 701, 702, 703, 704, 705, 706, 707, 708, 709, 710, 711, 712, 713, 714, 715, 716, 717, 718, 719, 720, 721, 722, 723, 724, 725, 726, 727, 728, 729, 730, 731, 732, 733, 734, 735, 736, 737, 738, 739, 740, 741, 742, 743, 744, 745, 746, 747, 748, 749, 750, 751, 752, 753, 754, 755, 756, 757, 758, 759, 760, 761, 762, 763, 764, 765, 766, 767, 768, 769, 770, 771, 772, 773, 774, 775, 776, 777, 778, 779, 780, 781, 782, 783, 784, 785, 786, 787, 788, 789, 790, 791, 792, 793, 832, 876]",True,"[200, 204, 249, 671, 674, 712]","[103, 104, 105, 106, 107, 108, 109, 110, 111, 112, 113, 114, 115, 116, 117, 118, 119, 120, 121, 122, 123, 124, 125, 126, 127, 128, 129, 130, 131, 132, 133, 134, 135, 136, 137, 138, 139, 140, 141, 142, 143, 144, 145, 146, 147, 148, 149, 150, 151, 152, 153, 154, 155, 156, 157, 158, 159, 160, 161, 162, 163, 164, 165, 166, 167, 168, 169, 170, 171, 172, 173, 174, 175, 176, 177, 178, 179, 180, 181, 182, 183, 184, 185, 186, 187, 188, 189, 190, 191, 192, 193, 194, 195, 196, 197, 198, 199, 200, 201, 202, 203, 204, 205, 206, 207, 208, 209, 210, 211, 212, 213, 214, 215, 216, 217, 218, 219, 220, 221, 222, 223, 224, 225, 226, 227, 228, 229, 230, 231, 232, 233, 234, 235, 236, 237, 238, 239, 240, 241, 242, 243, 244, 245, 246, 247, 248, 249, 250, 251, 252, 253, 254, 255, 256, 257, 258, 259, 260, 261, 262, 263, 264, 265, 266, 267, 268, 269, 270, 271, 272, 273, 274, 275, 276, 277, 278, 279, 280, 281, 282, 283, 284, 285, 286, 287, 288, 289, 290, 291, 292, 293, 294, 295, 296, 297, 298, 299, 300, 301, 302, 303, 304, 305, 306, 307, 308, 309, 310, 311, 312, 313, 314, 315, 316, 317, 318, 319, 320, 321, 322, 323, 324, 325, 326, 327, 328, 329, 330, 331, 332, 333, 334, 335, 336, 337, 574, 575, 576, 577, 578, 579, 580, 581, 582, 583, 584, 585, 586, 587, 588, 589, 590, 591, 592, 593, 594, 595, 596, 597, 598, 599, 600, 601, 602, 603, 604, 605, 606, 607, 608, 609, 610, 611, 612, 613, 614, 615, 616, 617, 618, 619, 620, 621, 622, 623, 624, 625, 626, 627, 628, 629, 630, 631, 632, 633, 634, 635, 636, 637, 638, 639, 640, 641, 642, 643, 644, 645, 646, 647, 648, 649, 650, 651, 652, 653, 654, 655, 656, 657, 658, 659, 660, 661, 662, 663, 664, 665, 666, 667, 668, 669, 670, 671, 672, 673, 674, 675, 676, 677, 678, 679, 680, 681, 682, 683, 684, 685, 686, 687, 688, 689, 690, 691, 692, 693, 694, 695, 696, 697, 698, 699, 700, 701, 702, 703, 704, 705, 706, 707, 708, 709, 710, 711, 712, 713, 714, 715, 716, 717, 718, 719, 720, 721, 722, 723, 724, 725, 726, 727, 728, 729, 730, 731, 732, 733, 734, 735, 736, 737, 738, 739, 740, 741, 742, 743, 744, 745, 746, 747, 748, 749, 750, 751, 752, 753, 754, 755, 756, 757, 758, 759, 760, 761, 762, 763, 764, 765, 766, 767, 768, 769, 770, 771, 772, 773, 774, 775, 776, 777, 778, 779, 780, 781, 782, 783, 784, 785, 786, 787, 788, 789, 790, 791, 792, 793]","[30, 98, 200, 204, 249, 513, 531, 569, 671, 674, 712]","[53, 113, 200, 204, 249, 583, 671, 674, 712]","[105, 114, 138, 141, 152, 153, 154, 155, 157, 159, 164, 165, 176, 182, 191, 192, 194, 195, 196, 200, 204, 208, 209, 210, 211, 215, 226, 228, 241, 242, 243, 245, 248, 249, 250, 257, 261, 270, 271, 282, 287, 289, 291, 294, 296, 298, 306, 308, 309, 311, 314, 327, 333, 335, 337, 576, 585, 609, 612, 623, 624, 626, 627, 629, 631, 636, 637, 647, 653, 662, 663, 665, 666, 667, 671, 674, 678, 679, 680, 681, 690, 692, 705, 706, 707, 709, 711, 712, 713, 719, 721, 729, 730, 741, 746, 748, 750, 753, 755, 757, 764, 766, 767, 769, 772, 785, 791]","[0, 120, 122, 200, 223, 226, 270, 315, 382, 424, 485, 591, 593, 625, 671, 687, 690, 729, 773, 832, 876]",[],7/6 successful match,True,"[217, 218, 219]",True,303,False,,1.0,True,Lost Hills Travel Center ( Arco ),
Lost Hills ( 93249 ) Lost Hills Travel Center ( Arco ),3 661-797-2354 I-5 Exit 278 ( CA 46 W ),24 O,Lost Hills,93249,Lost Hills Travel Center ( Arco ),661-797-2354,2015,Lost Hills,CA,,( CA 46 W ),I-5 Exit 278 ,Exit,278,False,,False,I-5,,,,,"[200, 671]","[200, 204, 249, 671, 674, 712]","[30, 98, 200, 204, 249, 513, 531, 569, 671, 674, 712]","[53, 113, 200, 204, 249, 583, 671, 674, 712]","[103, 104, 105, 106, 107, 108, 109, 110, 111, 112, 113, 114, 115, 116, 117, 118, 119, 120, 121, 122, 123, 124, 125, 126, 127, 128, 129, 130, 131, 132, 133, 134, 135, 136, 137, 138, 139, 140, 141, 142, 143, 144, 145, 146, 147, 148, 149, 150, 151, 152, 153, 154, 155, 156, 157, 158, 159, 160, 161, 162, 163, 164, 165, 166, 167, 168, 169, 170, 171, 172, 173, 174, 175, 176, 177, 178, 179, 180, 181, 182, 183, 184, 185, 186, 187, 188, 189, 190, 191, 192, 193, 194, 195, 196, 197, 198, 199, 200, 201, 202, 203, 204, 205, 206, 207, 208, 209, 210, 211, 212, 213, 214, 215, 216, 217, 218, 219, 220, 221, 222, 223, 224, 225, 226, 227, 228, 229, 230, 231, 232, 233, 234, 235, 236, 237, 238, 239, 240, 241, 242, 243, 244, 245, 246, 247, 248, 249, 250, 251, 252, 253, 254, 255, 256, 257, 258, 259, 260, 261, 262, 263, 264, 265, 266, 267, 268, 269, 270, 271, 272, 273, 274, 275, 276, 277, 278, 279, 280, 281, 282, 283, 284, 285, 286, 287, 288, 289, 290, 291, 292, 293, 294, 295, 296, 297, 298, 299, 300, 301, 302, 303, 304, 305, 306, 307, 308, 309, 310, 311, 312, 313, 314, 315, 316, 317, 318, 319, 320, 321, 322, 323, 324, 325, 326, 327, 328, 329, 330, 331, 332, 333, 334, 335, 336, 337, 574, 575, 576, 577, 578, 579, 580, 581, 582, 583, 584, 585, 586, 587, 588, 589, 590, 591, 592, 593, 594, 595, 596, 597, 598, 599, 600, 601, 602, 603, 604, 605, 606, 607, 608, 609, 610, 611, 612, 613, 614, 615, 616, 617, 618, 619, 620, 621, 622, 623, 624, 625, 626, 627, 628, 629, 630, 631, 632, 633, 634, 635, 636, 637, 638, 639, 640, 641, 642, 643, 644, 645, 646, 647, 648, 649, 650, 651, 652, 653, 654, 655, 656, 657, 658, 659, 660, 661, 662, 663, 664, 665, 666, 667, 668, 669, 670, 671, 672, 673, 674, 675, 676, 677, 678, 679, 680, 681, 682, 683, 684, 685, 686, 687, 688, 689, 690, 691, 692, 693, 694, 695, 696, 697, 698, 699, 700, 701, 702, 703, 704, 705, 706, 707, 708, 709, 710, 711, 712, 713, 714, 715, 716, 717, 718, 719, 720, 721, 722, 723, 724, 725, 726, 727, 728, 729, 730, 731, 732, 733, 734, 735, 736, 737, 738, 739, 740, 741, 742, 743, 744, 745, 746, 747, 748, 749, 750, 751, 752, 753, 754, 755, 756, 757, 758, 759, 760, 761, 762, 763, 764, 765, 766, 767, 768, 769, 770, 771, 772, 773, 774, 775, 776, 777, 778, 779, 780, 781, 782, 783, 784, 785, 786, 787, 788, 789, 790, 791, 792, 793]","[105, 114, 138, 141, 152, 153, 154, 155, 157, 159, 164, 165, 176, 182, 191, 192, 194, 195, 196, 200, 204, 208, 209, 210, 211, 215, 226, 228, 241, 242, 243, 245, 248, 249, 250, 257, 261, 270, 271, 282, 287, 289, 291, 294, 296, 298, 306, 308, 309, 311, 314, 327, 333, 335, 337, 576, 585, 609, 612, 623, 624, 626, 627, 629, 631, 636, 637, 647, 653, 662, 663, 665, 666, 667, 671, 674, 678, 679, 680, 681, 690, 692, 705, 706, 707, 709, 711, 712, 713, 719, 721, 729, 730, 741, 746, 748, 750, 753, 755, 757, 764, 766, 767, 769, 772, 785, 791]",[],"[0, 120, 122, 200, 223, 226, 270, 315, 382, 424, 485, 591, 593, 625, 671, 687, 690, 729, 773, 832, 876]","[0, 30, 53, 98, 103, 104, 105, 106, 107, 108, 109, 110, 111, 112, 113, 114, 115, 116, 117, 118, 119, 120, 121, 122, 123, 124, 125, 126, 127, 128, 129, 130, 131, 132, 133, 134, 135, 136, 137, 138, 139, 140, 141, 142, 143, 144, 145, 146, 147, 148, 149, 150, 151, 152, 153, 154, 155, 156, 157, 158, 159, 160, 161, 162, 163, 164, 165, 166, 167, 168, 169, 170, 171, 172, 173, 174, 175, 176, 177, 178, 179, 180, 181, 182, 183, 184, 185, 186, 187, 188, 189, 190, 191, 192, 193, 194, 195, 196, 197, 198, 199, 200, 201, 202, 203, 204, 205, 206, 207, 208, 209, 210, 211, 212, 213, 214, 215, 216, 217, 218, 219, 220, 221, 222, 223, 224, 225, 226, 227, 228, 229, 230, 231, 232, 233, 234, 235, 236, 237, 238, 239, 240, 241, 242, 243, 244, 245, 246, 247, 248, 249, 250, 251, 252, 253, 254, 255, 256, 257, 258, 259, 260, 261, 262, 263, 264, 265, 266, 267, 268, 269, 270, 271, 272, 273, 274, 275, 276, 277, 278, 279, 280, 281, 282, 283, 284, 285, 286, 287, 288, 289, 290, 291, 292, 293, 294, 295, 296, 297, 298, 299, 300, 301, 302, 303, 304, 305, 306, 307, 308, 309, 310, 311, 312, 313, 314, 315, 316, 317, 318, 319, 320, 321, 322, 323, 324, 325, 326, 327, 328, 329, 330, 331, 332, 333, 334, 335, 336, 337, 382, 424, 485, 513, 531, 569, 574, 575, 576, 577, 578, 579, 580, 581, 582, 583, 584, 585, 586, 587, 588, 589, 590, 591, 592, 593, 594, 595, 596, 597, 598, 599, 600, 601, 602, 603, 604, 605, 606, 607, 608, 609, 610, 611, 612, 613, 614, 615, 616, 617, 618, 619, 620, 621, 622, 623, 624, 625, 626, 627, 628, 629, 630, 631, 632, 633, 634, 635, 636, 637, 638, 639, 640, 641, 642, 643, 644, 645, 646, 647, 648, 649, 650, 651, 652, 653, 654, 655, 656, 657, 658, 659, 660, 661, 662, 663, 664, 665, 666, 667, 668, 669, 670, 671, 672, 673, 674, 675, 676, 677, 678, 679, 680, 681, 682, 683, 684, 685, 686, 687, 688, 689, 690, 691, 692, 693, 694, 695, 696, 697, 698, 699, 700, 701, 702, 703, 704, 705, 706, 707, 708, 709, 710, 711, 712, 713, 714, 715, 716, 717, 718, 719, 720, 721, 722, 723, 724, 725, 726, 727, 728, 729, 730, 731, 732, 733, 734, 735, 736, 737, 738, 739, 740, 741, 742, 743, 744, 745, 746, 747, 748, 749, 750, 751, 752, 753, 754, 755, 756, 757, 758, 759, 760, 761, 762, 763, 764, 765, 766, 767, 768, 769, 770, 771, 772, 773, 774, 775, 776, 777, 778, 779, 780, 781, 782, 783, 784, 785, 786, 787, 788, 789, 790, 791, 792, 793, 832, 876]",True,"[200, 204, 249, 671, 674, 712]","[103, 104, 105, 106, 107, 108, 109, 110, 111, 112, 113, 114, 115, 116, 117, 118, 119, 120, 121, 122, 123, 124, 125, 126, 127, 128, 129, 130, 131, 132, 133, 134, 135, 136, 137, 138, 139, 140, 141, 142, 143, 144, 145, 146, 147, 148, 149, 150, 151, 152, 153, 154, 155, 156, 157, 158, 159, 160, 161, 162, 163, 164, 165, 166, 167, 168, 169, 170, 171, 172, 173, 174, 175, 176, 177, 178, 179, 180, 181, 182, 183, 184, 185, 186, 187, 188, 189, 190, 191, 192, 193, 194, 195, 196, 197, 198, 199, 200, 201, 202, 203, 204, 205, 206, 207, 208, 209, 210, 211, 212, 213, 214, 215, 216, 217, 218, 219, 220, 221, 222, 223, 224, 225, 226, 227, 228, 229, 230, 231, 232, 233, 234, 235, 236, 237, 238, 239, 240, 241, 242, 243, 244, 245, 246, 247, 248, 249, 250, 251, 252, 253, 254, 255, 256, 257, 258, 259, 260, 261, 262, 263, 264, 265, 266, 267, 268, 269, 270, 271, 272, 273, 274, 275, 276, 277, 278, 279, 280, 281, 282, 283, 284, 285, 286, 287, 288, 289, 290, 291, 292, 293, 294, 295, 296, 297, 298, 299, 300, 301, 302, 303, 304, 305, 306, 307, 308, 309, 310, 311, 312, 313, 314, 315, 316, 317, 318, 319, 320, 321, 322, 323, 324, 325, 326, 327, 328, 329, 330, 331, 332, 333, 334, 335, 336, 337, 574, 575, 576, 577, 578, 579, 580, 581, 582, 583, 584, 585, 586, 587, 588, 589, 590, 591, 592, 593, 594, 595, 596, 597, 598, 599, 600, 601, 602, 603, 604, 605, 606, 607, 608, 609, 610, 611, 612, 613, 614, 615, 616, 617, 618, 619, 620, 621, 622, 623, 624, 625, 626, 627, 628, 629, 630, 631, 632, 633, 634, 635, 636, 637, 638, 639, 640, 641, 642, 643, 644, 645, 646, 647, 648, 649, 650, 651, 652, 653, 654, 655, 656, 657, 658, 659, 660, 661, 662, 663, 664, 665, 666, 667, 668, 669, 670, 671, 672, 673, 674, 675, 676, 677, 678, 679, 680, 681, 682, 683, 684, 685, 686, 687, 688, 689, 690, 691, 692, 693, 694, 695, 696, 697, 698, 699, 700, 701, 702, 703, 704, 705, 706, 707, 708, 709, 710, 711, 712, 713, 714, 715, 716, 717, 718, 719, 720, 721, 722, 723, 724, 725, 726, 727, 728, 729, 730, 731, 732, 733, 734, 735, 736, 737, 738, 739, 740, 741, 742, 743, 744, 745, 746, 747, 748, 749, 750, 751, 752, 753, 754, 755, 756, 757, 758, 759, 760, 761, 762, 763, 764, 765, 766, 767, 768, 769, 770, 771, 772, 773, 774, 775, 776, 777, 778, 779, 780, 781, 782, 783, 784, 785, 786, 787, 788, 789, 790, 791, 792, 793]","[30, 98, 200, 204, 249, 513, 531, 569, 671, 674, 712]","[53, 113, 200, 204, 249, 583, 671, 674, 712]","[105, 114, 138, 141, 152, 153, 154, 155, 157, 159, 164, 165, 176, 182, 191, 192, 194, 195, 196, 200, 204, 208, 209, 210, 211, 215, 226, 228, 241, 242, 243, 245, 248, 249, 250, 257, 261, 270, 271, 282, 287, 289, 291, 294, 296, 298, 306, 308, 309, 311, 314, 327, 333, 335, 337, 576, 585, 609, 612, 623, 624, 626, 627, 629, 631, 636, 637, 647, 653, 662, 663, 665, 666, 667, 671, 674, 678, 679, 680, 681, 690, 692, 705, 706, 707, 709, 711, 712, 713, 719, 721, 729, 730, 741, 746, 748, 750, 753, 755, 757, 764, 766, 767, 769, 772, 785, 791]","[0, 120, 122, 200, 223, 226, 270, 315, 382, 424, 485, 591, 593, 625, 671, 687, 690, 729, 773, 832, 876]",[],7/6 successful match,True,"[217, 218, 219]",True,303,False,,1.0,True,Lost Hills Travel Center ( Arco ),
Lost Hills ( 93249 ) Lost Hills Travel Center ( Arco ),661-797-2354 I-5 Exit 278 ( CA 46 W ),38 <U+25A1>,Lost Hills,93249,Lost Hills Travel Center ( Arco ),661-797-2354,2016,Lost Hills,CA,,( CA 46 W ),I-5 Exit 278 ,Exit,278,False,,False,I-5,,,,,"[200, 671]","[200, 204, 249, 671, 674, 712]","[30, 98, 200, 204, 249, 513, 531, 569, 671, 674, 712]","[53, 113, 200, 204, 249, 583, 671, 674, 712]","[103, 104, 105, 106, 107, 108, 109, 110, 111, 112, 113, 114, 115, 116, 117, 118, 119, 120, 121, 122, 123, 124, 125, 126, 127, 128, 129, 130, 131, 132, 133, 134, 135, 136, 137, 138, 139, 140, 141, 142, 143, 144, 145, 146, 147, 148, 149, 150, 151, 152, 153, 154, 155, 156, 157, 158, 159, 160, 161, 162, 163, 164, 165, 166, 167, 168, 169, 170, 171, 172, 173, 174, 175, 176, 177, 178, 179, 180, 181, 182, 183, 184, 185, 186, 187, 188, 189, 190, 191, 192, 193, 194, 195, 196, 197, 198, 199, 200, 201, 202, 203, 204, 205, 206, 207, 208, 209, 210, 211, 212, 213, 214, 215, 216, 217, 218, 219, 220, 221, 222, 223, 224, 225, 226, 227, 228, 229, 230, 231, 232, 233, 234, 235, 236, 237, 238, 239, 240, 241, 242, 243, 244, 245, 246, 247, 248, 249, 250, 251, 252, 253, 254, 255, 256, 257, 258, 259, 260, 261, 262, 263, 264, 265, 266, 267, 268, 269, 270, 271, 272, 273, 274, 275, 276, 277, 278, 279, 280, 281, 282, 283, 284, 285, 286, 287, 288, 289, 290, 291, 292, 293, 294, 295, 296, 297, 298, 299, 300, 301, 302, 303, 304, 305, 306, 307, 308, 309, 310, 311, 312, 313, 314, 315, 316, 317, 318, 319, 320, 321, 322, 323, 324, 325, 326, 327, 328, 329, 330, 331, 332, 333, 334, 335, 336, 337, 574, 575, 576, 577, 578, 579, 580, 581, 582, 583, 584, 585, 586, 587, 588, 589, 590, 591, 592, 593, 594, 595, 596, 597, 598, 599, 600, 601, 602, 603, 604, 605, 606, 607, 608, 609, 610, 611, 612, 613, 614, 615, 616, 617, 618, 619, 620, 621, 622, 623, 624, 625, 626, 627, 628, 629, 630, 631, 632, 633, 634, 635, 636, 637, 638, 639, 640, 641, 642, 643, 644, 645, 646, 647, 648, 649, 650, 651, 652, 653, 654, 655, 656, 657, 658, 659, 660, 661, 662, 663, 664, 665, 666, 667, 668, 669, 670, 671, 672, 673, 674, 675, 676, 677, 678, 679, 680, 681, 682, 683, 684, 685, 686, 687, 688, 689, 690, 691, 692, 693, 694, 695, 696, 697, 698, 699, 700, 701, 702, 703, 704, 705, 706, 707, 708, 709, 710, 711, 712, 713, 714, 715, 716, 717, 718, 719, 720, 721, 722, 723, 724, 725, 726, 727, 728, 729, 730, 731, 732, 733, 734, 735, 736, 737, 738, 739, 740, 741, 742, 743, 744, 745, 746, 747, 748, 749, 750, 751, 752, 753, 754, 755, 756, 757, 758, 759, 760, 761, 762, 763, 764, 765, 766, 767, 768, 769, 770, 771, 772, 773, 774, 775, 776, 777, 778, 779, 780, 781, 782, 783, 784, 785, 786, 787, 788, 789, 790, 791, 792, 793]","[105, 114, 138, 141, 152, 153, 154, 155, 157, 159, 164, 165, 176, 182, 191, 192, 194, 195, 196, 200, 204, 208, 209, 210, 211, 215, 226, 228, 241, 242, 243, 245, 248, 249, 250, 257, 261, 270, 271, 282, 287, 289, 291, 294, 296, 298, 306, 308, 309, 311, 314, 327, 333, 335, 337, 576, 585, 609, 612, 623, 624, 626, 627, 629, 631, 636, 637, 647, 653, 662, 663, 665, 666, 667, 671, 674, 678, 679, 680, 681, 690, 692, 705, 706, 707, 709, 711, 712, 713, 719, 721, 729, 730, 741, 746, 748, 750, 753, 755, 757, 764, 766, 767, 769, 772, 785, 791]",[],"[0, 120, 122, 200, 223, 226, 270, 315, 382, 424, 485, 591, 593, 625, 671, 687, 690, 729, 773, 832, 876]","[0, 30, 53, 98, 103, 104, 105, 106, 107, 108, 109, 110, 111, 112, 113, 114, 115, 116, 117, 118, 119, 120, 121, 122, 123, 124, 125, 126, 127, 128, 129, 130, 131, 132, 133, 134, 135, 136, 137, 138, 139, 140, 141, 142, 143, 144, 145, 146, 147, 148, 149, 150, 151, 152, 153, 154, 155, 156, 157, 158, 159, 160, 161, 162, 163, 164, 165, 166, 167, 168, 169, 170, 171, 172, 173, 174, 175, 176, 177, 178, 179, 180, 181, 182, 183, 184, 185, 186, 187, 188, 189, 190, 191, 192, 193, 194, 195, 196, 197, 198, 199, 200, 201, 202, 203, 204, 205, 206, 207, 208, 209, 210, 211, 212, 213, 214, 215, 216, 217, 218, 219, 220, 221, 222, 223, 224, 225, 226, 227, 228, 229, 230, 231, 232, 233, 234, 235, 236, 237, 238, 239, 240, 241, 242, 243, 244, 245, 246, 247, 248, 249, 250, 251, 252, 253, 254, 255, 256, 257, 258, 259, 260, 261, 262, 263, 264, 265, 266, 267, 268, 269, 270, 271, 272, 273, 274, 275, 276, 277, 278, 279, 280, 281, 282, 283, 284, 285, 286, 287, 288, 289, 290, 291, 292, 293, 294, 295, 296, 297, 298, 299, 300, 301, 302, 303, 304, 305, 306, 307, 308, 309, 310, 311, 312, 313, 314, 315, 316, 317, 318, 319, 320, 321, 322, 323, 324, 325, 326, 327, 328, 329, 330, 331, 332, 333, 334, 335, 336, 337, 382, 424, 485, 513, 531, 569, 574, 575, 576, 577, 578, 579, 580, 581, 582, 583, 584, 585, 586, 587, 588, 589, 590, 591, 592, 593, 594, 595, 596, 597, 598, 599, 600, 601, 602, 603, 604, 605, 606, 607, 608, 609, 610, 611, 612, 613, 614, 615, 616, 617, 618, 619, 620, 621, 622, 623, 624, 625, 626, 627, 628, 629, 630, 631, 632, 633, 634, 635, 636, 637, 638, 639, 640, 641, 642, 643, 644, 645, 646, 647, 648, 649, 650, 651, 652, 653, 654, 655, 656, 657, 658, 659, 660, 661, 662, 663, 664, 665, 666, 667, 668, 669, 670, 671, 672, 673, 674, 675, 676, 677, 678, 679, 680, 681, 682, 683, 684, 685, 686, 687, 688, 689, 690, 691, 692, 693, 694, 695, 696, 697, 698, 699, 700, 701, 702, 703, 704, 705, 706, 707, 708, 709, 710, 711, 712, 713, 714, 715, 716, 717, 718, 719, 720, 721, 722, 723, 724, 725, 726, 727, 728, 729, 730, 731, 732, 733, 734, 735, 736, 737, 738, 739, 740, 741, 742, 743, 744, 745, 746, 747, 748, 749, 750, 751, 752, 753, 754, 755, 756, 757, 758, 759, 760, 761, 762, 763, 764, 765, 766, 767, 768, 769, 770, 771, 772, 773, 774, 775, 776, 777, 778, 779, 780, 781, 782, 783, 784, 785, 786, 787, 788, 789, 790, 791, 792, 793, 832, 876]",True,"[200, 204, 249, 671, 674, 712]","[103, 104, 105, 106, 107, 108, 109, 110, 111, 112, 113, 114, 115, 116, 117, 118, 119, 120, 121, 122, 123, 124, 125, 126, 127, 128, 129, 130, 131, 132, 133, 134, 135, 136, 137, 138, 139, 140, 141, 142, 143, 144, 145, 146, 147, 148, 149, 150, 151, 152, 153, 154, 155, 156, 157, 158, 159, 160, 161, 162, 163, 164, 165, 166, 167, 168, 169, 170, 171, 172, 173, 174, 175, 176, 177, 178, 179, 180, 181, 182, 183, 184, 185, 186, 187, 188, 189, 190, 191, 192, 193, 194, 195, 196, 197, 198, 199, 200, 201, 202, 203, 204, 205, 206, 207, 208, 209, 210, 211, 212, 213, 214, 215, 216, 217, 218, 219, 220, 221, 222, 223, 224, 225, 226, 227, 228, 229, 230, 231, 232, 233, 234, 235, 236, 237, 238, 239, 240, 241, 242, 243, 244, 245, 246, 247, 248, 249, 250, 251, 252, 253, 254, 255, 256, 257, 258, 259, 260, 261, 262, 263, 264, 265, 266, 267, 268, 269, 270, 271, 272, 273, 274, 275, 276, 277, 278, 279, 280, 281, 282, 283, 284, 285, 286, 287, 288, 289, 290, 291, 292, 293, 294, 295, 296, 297, 298, 299, 300, 301, 302, 303, 304, 305, 306, 307, 308, 309, 310, 311, 312, 313, 314, 315, 316, 317, 318, 319, 320, 321, 322, 323, 324, 325, 326, 327, 328, 329, 330, 331, 332, 333, 334, 335, 336, 337, 574, 575, 576, 577, 578, 579, 580, 581, 582, 583, 584, 585, 586, 587, 588, 589, 590, 591, 592, 593, 594, 595, 596, 597, 598, 599, 600, 601, 602, 603, 604, 605, 606, 607, 608, 609, 610, 611, 612, 613, 614, 615, 616, 617, 618, 619, 620, 621, 622, 623, 624, 625, 626, 627, 628, 629, 630, 631, 632, 633, 634, 635, 636, 637, 638, 639, 640, 641, 642, 643, 644, 645, 646, 647, 648, 649, 650, 651, 652, 653, 654, 655, 656, 657, 658, 659, 660, 661, 662, 663, 664, 665, 666, 667, 668, 669, 670, 671, 672, 673, 674, 675, 676, 677, 678, 679, 680, 681, 682, 683, 684, 685, 686, 687, 688, 689, 690, 691, 692, 693, 694, 695, 696, 697, 698, 699, 700, 701, 702, 703, 704, 705, 706, 707, 708, 709, 710, 711, 712, 713, 714, 715, 716, 717, 718, 719, 720, 721, 722, 723, 724, 725, 726, 727, 728, 729, 730, 731, 732, 733, 734, 735, 736, 737, 738, 739, 740, 741, 742, 743, 744, 745, 746, 747, 748, 749, 750, 751, 752, 753, 754, 755, 756, 757, 758, 759, 760, 761, 762, 763, 764, 765, 766, 767, 768, 769, 770, 771, 772, 773, 774, 775, 776, 777, 778, 779, 780, 781, 782, 783, 784, 785, 786, 787, 788, 789, 790, 791, 792, 793]","[30, 98, 200, 204, 249, 513, 531, 569, 671, 674, 712]","[53, 113, 200, 204, 249, 583, 671, 674, 712]","[105, 114, 138, 141, 152, 153, 154, 155, 157, 159, 164, 165, 176, 182, 191, 192, 194, 195, 196, 200, 204, 208, 209, 210, 211, 215, 226, 228, 241, 242, 243, 245, 248, 249, 250, 257, 261, 270, 271, 282, 287, 289, 291, 294, 296, 298, 306, 308, 309, 311, 314, 327, 333, 335, 337, 576, 585, 609, 612, 623, 624, 626, 627, 629, 631, 636, 637, 647, 653, 662, 663, 665, 666, 667, 671, 674, 678, 679, 680, 681, 690, 692, 705, 706, 707, 709, 711, 712, 713, 719, 721, 729, 730, 741, 746, 748, 750, 753, 755, 757, 764, 766, 767, 769, 772, 785, 791]","[0, 120, 122, 200, 223, 226, 270, 315, 382, 424, 485, 591, 593, 625, 671, 687, 690, 729, 773, 832, 876]",[],7/6 successful match,True,"[217, 218, 219]",True,303,False,,1.0,True,Lost Hills Travel Center ( Arco ),
"Pixley , 93256 Best Truck Stop ( Texaco ) City E )","559-757-3044 CA 99 Exit 70 B ( Court St E , 415 N )",) 24 S,Pixley,93256,Best Truck Stop ( Texaco ) City E ),559-757-3044,2006,Pixley,CA,Texaco,"( Court St E , 415 N )",CA 99 Exit 70 B ,Exit,70,False,,False,CA 99,,,,,"[128, 599]","[128, 131, 599, 602]","[128, 131, 599, 602]","[128, 131, 179, 409, 599, 602, 650, 859]","[103, 104, 105, 106, 107, 108, 109, 110, 111, 112, 113, 114, 115, 116, 117, 118, 119, 120, 121, 122, 123, 124, 125, 126, 127, 128, 129, 130, 131, 132, 133, 134, 135, 136, 137, 138, 139, 140, 141, 142, 143, 144, 145, 146, 147, 148, 149, 150, 151, 152, 153, 154, 155, 156, 157, 158, 159, 160, 161, 162, 163, 164, 165, 166, 167, 168, 169, 170, 171, 172, 173, 174, 175, 176, 177, 178, 179, 180, 181, 182, 183, 184, 185, 186, 187, 188, 189, 190, 191, 192, 193, 194, 195, 196, 197, 198, 199, 200, 201, 202, 203, 204, 205, 206, 207, 208, 209, 210, 211, 212, 213, 214, 215, 216, 217, 218, 219, 220, 221, 222, 223, 224, 225, 226, 227, 228, 229, 230, 231, 232, 233, 234, 235, 236, 237, 238, 239, 240, 241, 242, 243, 244, 245, 246, 247, 248, 249, 250, 251, 252, 253, 254, 255, 256, 257, 258, 259, 260, 261, 262, 263, 264, 265, 266, 267, 268, 269, 270, 271, 272, 273, 274, 275, 276, 277, 278, 279, 280, 281, 282, 283, 284, 285, 286, 287, 288, 289, 290, 291, 292, 293, 294, 295, 296, 297, 298, 299, 300, 301, 302, 303, 304, 305, 306, 307, 308, 309, 310, 311, 312, 313, 314, 315, 316, 317, 318, 319, 320, 321, 322, 323, 324, 325, 326, 327, 328, 329, 330, 331, 332, 333, 334, 335, 336, 337, 574, 575, 576, 577, 578, 579, 580, 581, 582, 583, 584, 585, 586, 587, 588, 589, 590, 591, 592, 593, 594, 595, 596, 597, 598, 599, 600, 601, 602, 603, 604, 605, 606, 607, 608, 609, 610, 611, 612, 613, 614, 615, 616, 617, 618, 619, 620, 621, 622, 623, 624, 625, 626, 627, 628, 629, 630, 631, 632, 633, 634, 635, 636, 637, 638, 639, 640, 641, 642, 643, 644, 645, 646, 647, 648, 649, 650, 651, 652, 653, 654, 655, 656, 657, 658, 659, 660, 661, 662, 663, 664, 665, 666, 667, 668, 669, 670, 671, 672, 673, 674, 675, 676, 677, 678, 679, 680, 681, 682, 683, 684, 685, 686, 687, 688, 689, 690, 691, 692, 693, 694, 695, 696, 697, 698, 699, 700, 701, 702, 703, 704, 705, 706, 707, 708, 709, 710, 711, 712, 713, 714, 715, 716, 717, 718, 719, 720, 721, 722, 723, 724, 725, 726, 727, 728, 729, 730, 731, 732, 733, 734, 735, 736, 737, 738, 739, 740, 741, 742, 743, 744, 745, 746, 747, 748, 749, 750, 751, 752, 753, 754, 755, 756, 757, 758, 759, 760, 761, 762, 763, 764, 765, 766, 767, 768, 769, 770, 771, 772, 773, 774, 775, 776, 777, 778, 779, 780, 781, 782, 783, 784, 785, 786, 787, 788, 789, 790, 791, 792, 793]","[10, 75, 103, 104, 106, 117, 118, 120, 127, 128, 129, 131, 133, 135, 136, 137, 139, 146, 147, 148, 149, 151, 158, 160, 162, 166, 173, 178, 179, 185, 190, 192, 198, 201, 203, 204, 206, 207, 212, 213, 214, 219, 223, 224, 225, 227, 230, 235, 237, 246, 247, 256, 259, 262, 263, 266, 268, 269, 271, 272, 278, 279, 284, 285, 288, 290, 292, 304, 306, 312, 316, 319, 320, 323, 324, 329, 332, 335, 495, 549, 574, 575, 577, 588, 589, 591, 598, 599, 600, 602, 604, 606, 607, 608, 610, 617, 618, 619, 620, 622, 625, 630, 632, 634, 638, 644, 649, 650, 656, 661, 663, 669, 673, 674, 676, 677, 682, 683, 684, 687, 688, 689, 691, 694, 699, 701, 710, 718, 722, 723, 727, 728, 730, 731, 737, 738, 743, 744, 747, 749, 751, 762, 764, 770, 774, 777, 778, 781, 782, 789, 791]","[26, 390, 474, 486, 509, 840, 922, 926]","[26, 390, 474, 486, 509, 840, 922, 926]","[10, 26, 75, 103, 104, 105, 106, 107, 108, 109, 110, 111, 112, 113, 114, 115, 116, 117, 118, 119, 120, 121, 122, 123, 124, 125, 126, 127, 128, 129, 130, 131, 132, 133, 134, 135, 136, 137, 138, 139, 140, 141, 142, 143, 144, 145, 146, 147, 148, 149, 150, 151, 152, 153, 154, 155, 156, 157, 158, 159, 160, 161, 162, 163, 164, 165, 166, 167, 168, 169, 170, 171, 172, 173, 174, 175, 176, 177, 178, 179, 180, 181, 182, 183, 184, 185, 186, 187, 188, 189, 190, 191, 192, 193, 194, 195, 196, 197, 198, 199, 200, 201, 202, 203, 204, 205, 206, 207, 208, 209, 210, 211, 212, 213, 214, 215, 216, 217, 218, 219, 220, 221, 222, 223, 224, 225, 226, 227, 228, 229, 230, 231, 232, 233, 234, 235, 236, 237, 238, 239, 240, 241, 242, 243, 244, 245, 246, 247, 248, 249, 250, 251, 252, 253, 254, 255, 256, 257, 258, 259, 260, 261, 262, 263, 264, 265, 266, 267, 268, 269, 270, 271, 272, 273, 274, 275, 276, 277, 278, 279, 280, 281, 282, 283, 284, 285, 286, 287, 288, 289, 290, 291, 292, 293, 294, 295, 296, 297, 298, 299, 300, 301, 302, 303, 304, 305, 306, 307, 308, 309, 310, 311, 312, 313, 314, 315, 316, 317, 318, 319, 320, 321, 322, 323, 324, 325, 326, 327, 328, 329, 330, 331, 332, 333, 334, 335, 336, 337, 390, 409, 474, 486, 495, 509, 549, 574, 575, 576, 577, 578, 579, 580, 581, 582, 583, 584, 585, 586, 587, 588, 589, 590, 591, 592, 593, 594, 595, 596, 597, 598, 599, 600, 601, 602, 603, 604, 605, 606, 607, 608, 609, 610, 611, 612, 613, 614, 615, 616, 617, 618, 619, 620, 621, 622, 623, 624, 625, 626, 627, 628, 629, 630, 631, 632, 633, 634, 635, 636, 637, 638, 639, 640, 641, 642, 643, 644, 645, 646, 647, 648, 649, 650, 651, 652, 653, 654, 655, 656, 657, 658, 659, 660, 661, 662, 663, 664, 665, 666, 667, 668, 669, 670, 671, 672, 673, 674, 675, 676, 677, 678, 679, 680, 681, 682, 683, 684, 685, 686, 687, 688, 689, 690, 691, 692, 693, 694, 695, 696, 697, 698, 699, 700, 701, 702, 703, 704, 705, 706, 707, 708, 709, 710, 711, 712, 713, 714, 715, 716, 717, 718, 719, 720, 721, 722, 723, 724, 725, 726, 727, 728, 729, 730, 731, 732, 733, 734, 735, 736, 737, 738, 739, 740, 741, 742, 743, 744, 745, 746, 747, 748, 749, 750, 751, 752, 753, 754, 755, 756, 757, 758, 759, 760, 761, 762, 763, 764, 765, 766, 767, 768, 769, 770, 771, 772, 773, 774, 775, 776, 777, 778, 779, 780, 781, 782, 783, 784, 785, 786, 787, 788, 789, 790, 791, 792, 793, 840, 859, 922, 926]",True,"[128, 131, 599, 602]","[103, 104, 105, 106, 107, 108, 109, 110, 111, 112, 113, 114, 115, 116, 117, 118, 119, 120, 121, 122, 123, 124, 125, 126, 127, 128, 129, 130, 131, 132, 133, 134, 135, 136, 137, 138, 139, 140, 141, 142, 143, 144, 145, 146, 147, 148, 149, 150, 151, 152, 153, 154, 155, 156, 157, 158, 159, 160, 161, 162, 163, 164, 165, 166, 167, 168, 169, 170, 171, 172, 173, 174, 175, 176, 177, 178, 179, 180, 181, 182, 183, 184, 185, 186, 187, 188, 189, 190, 191, 192, 193, 194, 195, 196, 197, 198, 199, 200, 201, 202, 203, 204, 205, 206, 207, 208, 209, 210, 211, 212, 213, 214, 215, 216, 217, 218, 219, 220, 221, 222, 223, 224, 225, 226, 227, 228, 229, 230, 231, 232, 233, 234, 235, 236, 237, 238, 239, 240, 241, 242, 243, 244, 245, 246, 247, 248, 249, 250, 251, 252, 253, 254, 255, 256, 257, 258, 259, 260, 261, 262, 263, 264, 265, 266, 267, 268, 269, 270, 271, 272, 273, 274, 275, 276, 277, 278, 279, 280, 281, 282, 283, 284, 285, 286, 287, 288, 289, 290, 291, 292, 293, 294, 295, 296, 297, 298, 299, 300, 301, 302, 303, 304, 305, 306, 307, 308, 309, 310, 311, 312, 313, 314, 315, 316, 317, 318, 319, 320, 321, 322, 323, 324, 325, 326, 327, 328, 329, 330, 331, 332, 333, 334, 335, 336, 337, 574, 575, 576, 577, 578, 579, 580, 581, 582, 583, 584, 585, 586, 587, 588, 589, 590, 591, 592, 593, 594, 595, 596, 597, 598, 599, 600, 601, 602, 603, 604, 605, 606, 607, 608, 609, 610, 611, 612, 613, 614, 615, 616, 617, 618, 619, 620, 621, 622, 623, 624, 625, 626, 627, 628, 629, 630, 631, 632, 633, 634, 635, 636, 637, 638, 639, 640, 641, 642, 643, 644, 645, 646, 647, 648, 649, 650, 651, 652, 653, 654, 655, 656, 657, 658, 659, 660, 661, 662, 663, 664, 665, 666, 667, 668, 669, 670, 671, 672, 673, 674, 675, 676, 677, 678, 679, 680, 681, 682, 683, 684, 685, 686, 687, 688, 689, 690, 691, 692, 693, 694, 695, 696, 697, 698, 699, 700, 701, 702, 703, 704, 705, 706, 707, 708, 709, 710, 711, 712, 713, 714, 715, 716, 717, 718, 719, 720, 721, 722, 723, 724, 725, 726, 727, 728, 729, 730, 731, 732, 733, 734, 735, 736, 737, 738, 739, 740, 741, 742, 743, 744, 745, 746, 747, 748, 749, 750, 751, 752, 753, 754, 755, 756, 757, 758, 759, 760, 761, 762, 763, 764, 765, 766, 767, 768, 769, 770, 771, 772, 773, 774, 775, 776, 777, 778, 779, 780, 781, 782, 783, 784, 785, 786, 787, 788, 789, 790, 791, 792, 793]","[128, 131, 599, 602]","[128, 131, 179, 409, 599, 602, 650, 859]","[10, 75, 103, 104, 106, 117, 118, 120, 127, 128, 129, 131, 133, 135, 136, 137, 139, 146, 147, 148, 149, 151, 158, 160, 162, 166, 173, 178, 179, 185, 190, 192, 198, 201, 203, 204, 206, 207, 212, 213, 214, 219, 223, 224, 225, 227, 230, 235, 237, 246, 247, 256, 259, 262, 263, 266, 268, 269, 271, 272, 278, 279, 284, 285, 288, 290, 292, 304, 306, 312, 316, 319, 320, 323, 324, 329, 332, 335, 495, 549, 574, 575, 577, 588, 589, 591, 598, 599, 600, 602, 604, 606, 607, 608, 610, 617, 618, 619, 620, 622, 625, 630, 632, 634, 638, 644, 649, 650, 656, 661, 663, 669, 673, 674, 676, 677, 682, 683, 684, 687, 688, 689, 691, 694, 699, 701, 710, 718, 722, 723, 727, 728, 730, 731, 737, 738, 743, 744, 747, 749, 751, 762, 764, 770, 774, 777, 778, 781, 782, 789, 791]","[26, 390, 474, 486, 509, 840, 922, 926]","[26, 390, 474, 486, 509, 840, 922, 926]",5/6 successful match,True,[2],True,304,False,,,,,
"Pixley , 93256 Best Truck Stop ( ( Pismo City E )",559-757-3044 CA 99 Exit 70 B ( Texaco ),) RS S,Pixley,93256,Best Truck Stop ( ( Pismo City E ),559-757-3044,2007,Pixley,CA,,( Texaco ),CA 99 Exit 70 B ,Exit,70,False,,False,CA 99,,,,,"[128, 599]","[128, 131, 599, 602]","[128, 131, 599, 602]","[128, 131, 179, 409, 599, 602, 650, 859]","[103, 104, 105, 106, 107, 108, 109, 110, 111, 112, 113, 114, 115, 116, 117, 118, 119, 120, 121, 122, 123, 124, 125, 126, 127, 128, 129, 130, 131, 132, 133, 134, 135, 136, 137, 138, 139, 140, 141, 142, 143, 144, 145, 146, 147, 148, 149, 150, 151, 152, 153, 154, 155, 156, 157, 158, 159, 160, 161, 162, 163, 164, 165, 166, 167, 168, 169, 170, 171, 172, 173, 174, 175, 176, 177, 178, 179, 180, 181, 182, 183, 184, 185, 186, 187, 188, 189, 190, 191, 192, 193, 194, 195, 196, 197, 198, 199, 200, 201, 202, 203, 204, 205, 206, 207, 208, 209, 210, 211, 212, 213, 214, 215, 216, 217, 218, 219, 220, 221, 222, 223, 224, 225, 226, 227, 228, 229, 230, 231, 232, 233, 234, 235, 236, 237, 238, 239, 240, 241, 242, 243, 244, 245, 246, 247, 248, 249, 250, 251, 252, 253, 254, 255, 256, 257, 258, 259, 260, 261, 262, 263, 264, 265, 266, 267, 268, 269, 270, 271, 272, 273, 274, 275, 276, 277, 278, 279, 280, 281, 282, 283, 284, 285, 286, 287, 288, 289, 290, 291, 292, 293, 294, 295, 296, 297, 298, 299, 300, 301, 302, 303, 304, 305, 306, 307, 308, 309, 310, 311, 312, 313, 314, 315, 316, 317, 318, 319, 320, 321, 322, 323, 324, 325, 326, 327, 328, 329, 330, 331, 332, 333, 334, 335, 336, 337, 574, 575, 576, 577, 578, 579, 580, 581, 582, 583, 584, 585, 586, 587, 588, 589, 590, 591, 592, 593, 594, 595, 596, 597, 598, 599, 600, 601, 602, 603, 604, 605, 606, 607, 608, 609, 610, 611, 612, 613, 614, 615, 616, 617, 618, 619, 620, 621, 622, 623, 624, 625, 626, 627, 628, 629, 630, 631, 632, 633, 634, 635, 636, 637, 638, 639, 640, 641, 642, 643, 644, 645, 646, 647, 648, 649, 650, 651, 652, 653, 654, 655, 656, 657, 658, 659, 660, 661, 662, 663, 664, 665, 666, 667, 668, 669, 670, 671, 672, 673, 674, 675, 676, 677, 678, 679, 680, 681, 682, 683, 684, 685, 686, 687, 688, 689, 690, 691, 692, 693, 694, 695, 696, 697, 698, 699, 700, 701, 702, 703, 704, 705, 706, 707, 708, 709, 710, 711, 712, 713, 714, 715, 716, 717, 718, 719, 720, 721, 722, 723, 724, 725, 726, 727, 728, 729, 730, 731, 732, 733, 734, 735, 736, 737, 738, 739, 740, 741, 742, 743, 744, 745, 746, 747, 748, 749, 750, 751, 752, 753, 754, 755, 756, 757, 758, 759, 760, 761, 762, 763, 764, 765, 766, 767, 768, 769, 770, 771, 772, 773, 774, 775, 776, 777, 778, 779, 780, 781, 782, 783, 784, 785, 786, 787, 788, 789, 790, 791, 792, 793]","[10, 75, 103, 104, 106, 117, 118, 120, 127, 128, 129, 131, 133, 135, 136, 137, 139, 146, 147, 148, 149, 151, 158, 160, 162, 166, 173, 178, 179, 185, 190, 192, 198, 201, 203, 204, 206, 207, 212, 213, 214, 219, 223, 224, 225, 227, 230, 235, 237, 246, 247, 256, 259, 262, 263, 266, 268, 269, 271, 272, 278, 279, 284, 285, 288, 290, 292, 304, 306, 312, 316, 319, 320, 323, 324, 329, 332, 335, 495, 549, 574, 575, 577, 588, 589, 591, 598, 599, 600, 602, 604, 606, 607, 608, 610, 617, 618, 619, 620, 622, 625, 630, 632, 634, 638, 644, 649, 650, 656, 661, 663, 669, 673, 674, 676, 677, 682, 683, 684, 687, 688, 689, 691, 694, 699, 701, 710, 718, 722, 723, 727, 728, 730, 731, 737, 738, 743, 744, 747, 749, 751, 762, 764, 770, 774, 777, 778, 781, 782, 789, 791]",[],[],"[10, 75, 103, 104, 105, 106, 107, 108, 109, 110, 111, 112, 113, 114, 115, 116, 117, 118, 119, 120, 121, 122, 123, 124, 125, 126, 127, 128, 129, 130, 131, 132, 133, 134, 135, 136, 137, 138, 139, 140, 141, 142, 143, 144, 145, 146, 147, 148, 149, 150, 151, 152, 153, 154, 155, 156, 157, 158, 159, 160, 161, 162, 163, 164, 165, 166, 167, 168, 169, 170, 171, 172, 173, 174, 175, 176, 177, 178, 179, 180, 181, 182, 183, 184, 185, 186, 187, 188, 189, 190, 191, 192, 193, 194, 195, 196, 197, 198, 199, 200, 201, 202, 203, 204, 205, 206, 207, 208, 209, 210, 211, 212, 213, 214, 215, 216, 217, 218, 219, 220, 221, 222, 223, 224, 225, 226, 227, 228, 229, 230, 231, 232, 233, 234, 235, 236, 237, 238, 239, 240, 241, 242, 243, 244, 245, 246, 247, 248, 249, 250, 251, 252, 253, 254, 255, 256, 257, 258, 259, 260, 261, 262, 263, 264, 265, 266, 267, 268, 269, 270, 271, 272, 273, 274, 275, 276, 277, 278, 279, 280, 281, 282, 283, 284, 285, 286, 287, 288, 289, 290, 291, 292, 293, 294, 295, 296, 297, 298, 299, 300, 301, 302, 303, 304, 305, 306, 307, 308, 309, 310, 311, 312, 313, 314, 315, 316, 317, 318, 319, 320, 321, 322, 323, 324, 325, 326, 327, 328, 329, 330, 331, 332, 333, 334, 335, 336, 337, 409, 495, 549, 574, 575, 576, 577, 578, 579, 580, 581, 582, 583, 584, 585, 586, 587, 588, 589, 590, 591, 592, 593, 594, 595, 596, 597, 598, 599, 600, 601, 602, 603, 604, 605, 606, 607, 608, 609, 610, 611, 612, 613, 614, 615, 616, 617, 618, 619, 620, 621, 622, 623, 624, 625, 626, 627, 628, 629, 630, 631, 632, 633, 634, 635, 636, 637, 638, 639, 640, 641, 642, 643, 644, 645, 646, 647, 648, 649, 650, 651, 652, 653, 654, 655, 656, 657, 658, 659, 660, 661, 662, 663, 664, 665, 666, 667, 668, 669, 670, 671, 672, 673, 674, 675, 676, 677, 678, 679, 680, 681, 682, 683, 684, 685, 686, 687, 688, 689, 690, 691, 692, 693, 694, 695, 696, 697, 698, 699, 700, 701, 702, 703, 704, 705, 706, 707, 708, 709, 710, 711, 712, 713, 714, 715, 716, 717, 718, 719, 720, 721, 722, 723, 724, 725, 726, 727, 728, 729, 730, 731, 732, 733, 734, 735, 736, 737, 738, 739, 740, 741, 742, 743, 744, 745, 746, 747, 748, 749, 750, 751, 752, 753, 754, 755, 756, 757, 758, 759, 760, 761, 762, 763, 764, 765, 766, 767, 768, 769, 770, 771, 772, 773, 774, 775, 776, 777, 778, 779, 780, 781, 782, 783, 784, 785, 786, 787, 788, 789, 790, 791, 792, 793, 859]",True,"[128, 131, 599, 602]","[103, 104, 105, 106, 107, 108, 109, 110, 111, 112, 113, 114, 115, 116, 117, 118, 119, 120, 121, 122, 123, 124, 125, 126, 127, 128, 129, 130, 131, 132, 133, 134, 135, 136, 137, 138, 139, 140, 141, 142, 143, 144, 145, 146, 147, 148, 149, 150, 151, 152, 153, 154, 155, 156, 157, 158, 159, 160, 161, 162, 163, 164, 165, 166, 167, 168, 169, 170, 171, 172, 173, 174, 175, 176, 177, 178, 179, 180, 181, 182, 183, 184, 185, 186, 187, 188, 189, 190, 191, 192, 193, 194, 195, 196, 197, 198, 199, 200, 201, 202, 203, 204, 205, 206, 207, 208, 209, 210, 211, 212, 213, 214, 215, 216, 217, 218, 219, 220, 221, 222, 223, 224, 225, 226, 227, 228, 229, 230, 231, 232, 233, 234, 235, 236, 237, 238, 239, 240, 241, 242, 243, 244, 245, 246, 247, 248, 249, 250, 251, 252, 253, 254, 255, 256, 257, 258, 259, 260, 261, 262, 263, 264, 265, 266, 267, 268, 269, 270, 271, 272, 273, 274, 275, 276, 277, 278, 279, 280, 281, 282, 283, 284, 285, 286, 287, 288, 289, 290, 291, 292, 293, 294, 295, 296, 297, 298, 299, 300, 301, 302, 303, 304, 305, 306, 307, 308, 309, 310, 311, 312, 313, 314, 315, 316, 317, 318, 319, 320, 321, 322, 323, 324, 325, 326, 327, 328, 329, 330, 331, 332, 333, 334, 335, 336, 337, 574, 575, 576, 577, 578, 579, 580, 581, 582, 583, 584, 585, 586, 587, 588, 589, 590, 591, 592, 593, 594, 595, 596, 597, 598, 599, 600, 601, 602, 603, 604, 605, 606, 607, 608, 609, 610, 611, 612, 613, 614, 615, 616, 617, 618, 619, 620, 621, 622, 623, 624, 625, 626, 627, 628, 629, 630, 631, 632, 633, 634, 635, 636, 637, 638, 639, 640, 641, 642, 643, 644, 645, 646, 647, 648, 649, 650, 651, 652, 653, 654, 655, 656, 657, 658, 659, 660, 661, 662, 663, 664, 665, 666, 667, 668, 669, 670, 671, 672, 673, 674, 675, 676, 677, 678, 679, 680, 681, 682, 683, 684, 685, 686, 687, 688, 689, 690, 691, 692, 693, 694, 695, 696, 697, 698, 699, 700, 701, 702, 703, 704, 705, 706, 707, 708, 709, 710, 711, 712, 713, 714, 715, 716, 717, 718, 719, 720, 721, 722, 723, 724, 725, 726, 727, 728, 729, 730, 731, 732, 733, 734, 735, 736, 737, 738, 739, 740, 741, 742, 743, 744, 745, 746, 747, 748, 749, 750, 751, 752, 753, 754, 755, 756, 757, 758, 759, 760, 761, 762, 763, 764, 765, 766, 767, 768, 769, 770, 771, 772, 773, 774, 775, 776, 777, 778, 779, 780, 781, 782, 783, 784, 785, 786, 787, 788, 789, 790, 791, 792, 793]","[128, 131, 599, 602]","[128, 131, 179, 409, 599, 602, 650, 859]","[10, 75, 103, 104, 106, 117, 118, 120, 127, 128, 129, 131, 133, 135, 136, 137, 139, 146, 147, 148, 149, 151, 158, 160, 162, 166, 173, 178, 179, 185, 190, 192, 198, 201, 203, 204, 206, 207, 212, 213, 214, 219, 223, 224, 225, 227, 230, 235, 237, 246, 247, 256, 259, 262, 263, 266, 268, 269, 271, 272, 278, 279, 284, 285, 288, 290, 292, 304, 306, 312, 316, 319, 320, 323, 324, 329, 332, 335, 495, 549, 574, 575, 577, 588, 589, 591, 598, 599, 600, 602, 604, 606, 607, 608, 610, 617, 618, 619, 620, 622, 625, 630, 632, 634, 638, 644, 649, 650, 656, 661, 663, 669, 673, 674, 676, 677, 682, 683, 684, 687, 688, 689, 691, 694, 699, 701, 710, 718, 722, 723, 727, 728, 730, 731, 737, 738, 743, 744, 747, 749, 751, 762, 764, 770, 774, 777, 778, 781, 782, 789, 791]",[],[],7/6 successful match,True,[2],True,304,False,,1.0,True,Best Truck Stop ( Texaco ) City E ),Texaco
"Pixley , 93256 Best Truck Stop B ( ( Texaco Court St ) E )","559-757-3044 CA 99 Exit 70 B ( Court St E ,",Park ) <U+2610> S 00 <U+2610><U+2610>,Pixley,93256,Best Truck Stop B ( ( Texaco Court St ) E ),559-757-3044,2008,Pixley,CA,Texaco,"( Court St E ,",CA 99 Exit 70 B ,Exit,70,False,,False,CA 99,,,,,"[128, 599]","[128, 131, 599, 602]","[128, 131, 599, 602]","[128, 131, 179, 409, 599, 602, 650, 859]","[103, 104, 105, 106, 107, 108, 109, 110, 111, 112, 113, 114, 115, 116, 117, 118, 119, 120, 121, 122, 123, 124, 125, 126, 127, 128, 129, 130, 131, 132, 133, 134, 135, 136, 137, 138, 139, 140, 141, 142, 143, 144, 145, 146, 147, 148, 149, 150, 151, 152, 153, 154, 155, 156, 157, 158, 159, 160, 161, 162, 163, 164, 165, 166, 167, 168, 169, 170, 171, 172, 173, 174, 175, 176, 177, 178, 179, 180, 181, 182, 183, 184, 185, 186, 187, 188, 189, 190, 191, 192, 193, 194, 195, 196, 197, 198, 199, 200, 201, 202, 203, 204, 205, 206, 207, 208, 209, 210, 211, 212, 213, 214, 215, 216, 217, 218, 219, 220, 221, 222, 223, 224, 225, 226, 227, 228, 229, 230, 231, 232, 233, 234, 235, 236, 237, 238, 239, 240, 241, 242, 243, 244, 245, 246, 247, 248, 249, 250, 251, 252, 253, 254, 255, 256, 257, 258, 259, 260, 261, 262, 263, 264, 265, 266, 267, 268, 269, 270, 271, 272, 273, 274, 275, 276, 277, 278, 279, 280, 281, 282, 283, 284, 285, 286, 287, 288, 289, 290, 291, 292, 293, 294, 295, 296, 297, 298, 299, 300, 301, 302, 303, 304, 305, 306, 307, 308, 309, 310, 311, 312, 313, 314, 315, 316, 317, 318, 319, 320, 321, 322, 323, 324, 325, 326, 327, 328, 329, 330, 331, 332, 333, 334, 335, 336, 337, 574, 575, 576, 577, 578, 579, 580, 581, 582, 583, 584, 585, 586, 587, 588, 589, 590, 591, 592, 593, 594, 595, 596, 597, 598, 599, 600, 601, 602, 603, 604, 605, 606, 607, 608, 609, 610, 611, 612, 613, 614, 615, 616, 617, 618, 619, 620, 621, 622, 623, 624, 625, 626, 627, 628, 629, 630, 631, 632, 633, 634, 635, 636, 637, 638, 639, 640, 641, 642, 643, 644, 645, 646, 647, 648, 649, 650, 651, 652, 653, 654, 655, 656, 657, 658, 659, 660, 661, 662, 663, 664, 665, 666, 667, 668, 669, 670, 671, 672, 673, 674, 675, 676, 677, 678, 679, 680, 681, 682, 683, 684, 685, 686, 687, 688, 689, 690, 691, 692, 693, 694, 695, 696, 697, 698, 699, 700, 701, 702, 703, 704, 705, 706, 707, 708, 709, 710, 711, 712, 713, 714, 715, 716, 717, 718, 719, 720, 721, 722, 723, 724, 725, 726, 727, 728, 729, 730, 731, 732, 733, 734, 735, 736, 737, 738, 739, 740, 741, 742, 743, 744, 745, 746, 747, 748, 749, 750, 751, 752, 753, 754, 755, 756, 757, 758, 759, 760, 761, 762, 763, 764, 765, 766, 767, 768, 769, 770, 771, 772, 773, 774, 775, 776, 777, 778, 779, 780, 781, 782, 783, 784, 785, 786, 787, 788, 789, 790, 791, 792, 793]","[10, 75, 103, 104, 106, 117, 118, 120, 127, 128, 129, 131, 133, 135, 136, 137, 139, 146, 147, 148, 149, 151, 158, 160, 162, 166, 173, 178, 179, 185, 190, 192, 198, 201, 203, 204, 206, 207, 212, 213, 214, 219, 223, 224, 225, 227, 230, 235, 237, 246, 247, 256, 259, 262, 263, 266, 268, 269, 271, 272, 278, 279, 284, 285, 288, 290, 292, 304, 306, 312, 316, 319, 320, 323, 324, 329, 332, 335, 495, 549, 574, 575, 577, 588, 589, 591, 598, 599, 600, 602, 604, 606, 607, 608, 610, 617, 618, 619, 620, 622, 625, 630, 632, 634, 638, 644, 649, 650, 656, 661, 663, 669, 673, 674, 676, 677, 682, 683, 684, 687, 688, 689, 691, 694, 699, 701, 710, 718, 722, 723, 727, 728, 730, 731, 737, 738, 743, 744, 747, 749, 751, 762, 764, 770, 774, 777, 778, 781, 782, 789, 791]","[26, 390, 474, 486, 509, 840, 922, 926]","[26, 390, 474, 486, 509, 840, 922, 926]","[10, 26, 75, 103, 104, 105, 106, 107, 108, 109, 110, 111, 112, 113, 114, 115, 116, 117, 118, 119, 120, 121, 122, 123, 124, 125, 126, 127, 128, 129, 130, 131, 132, 133, 134, 135, 136, 137, 138, 139, 140, 141, 142, 143, 144, 145, 146, 147, 148, 149, 150, 151, 152, 153, 154, 155, 156, 157, 158, 159, 160, 161, 162, 163, 164, 165, 166, 167, 168, 169, 170, 171, 172, 173, 174, 175, 176, 177, 178, 179, 180, 181, 182, 183, 184, 185, 186, 187, 188, 189, 190, 191, 192, 193, 194, 195, 196, 197, 198, 199, 200, 201, 202, 203, 204, 205, 206, 207, 208, 209, 210, 211, 212, 213, 214, 215, 216, 217, 218, 219, 220, 221, 222, 223, 224, 225, 226, 227, 228, 229, 230, 231, 232, 233, 234, 235, 236, 237, 238, 239, 240, 241, 242, 243, 244, 245, 246, 247, 248, 249, 250, 251, 252, 253, 254, 255, 256, 257, 258, 259, 260, 261, 262, 263, 264, 265, 266, 267, 268, 269, 270, 271, 272, 273, 274, 275, 276, 277, 278, 279, 280, 281, 282, 283, 284, 285, 286, 287, 288, 289, 290, 291, 292, 293, 294, 295, 296, 297, 298, 299, 300, 301, 302, 303, 304, 305, 306, 307, 308, 309, 310, 311, 312, 313, 314, 315, 316, 317, 318, 319, 320, 321, 322, 323, 324, 325, 326, 327, 328, 329, 330, 331, 332, 333, 334, 335, 336, 337, 390, 409, 474, 486, 495, 509, 549, 574, 575, 576, 577, 578, 579, 580, 581, 582, 583, 584, 585, 586, 587, 588, 589, 590, 591, 592, 593, 594, 595, 596, 597, 598, 599, 600, 601, 602, 603, 604, 605, 606, 607, 608, 609, 610, 611, 612, 613, 614, 615, 616, 617, 618, 619, 620, 621, 622, 623, 624, 625, 626, 627, 628, 629, 630, 631, 632, 633, 634, 635, 636, 637, 638, 639, 640, 641, 642, 643, 644, 645, 646, 647, 648, 649, 650, 651, 652, 653, 654, 655, 656, 657, 658, 659, 660, 661, 662, 663, 664, 665, 666, 667, 668, 669, 670, 671, 672, 673, 674, 675, 676, 677, 678, 679, 680, 681, 682, 683, 684, 685, 686, 687, 688, 689, 690, 691, 692, 693, 694, 695, 696, 697, 698, 699, 700, 701, 702, 703, 704, 705, 706, 707, 708, 709, 710, 711, 712, 713, 714, 715, 716, 717, 718, 719, 720, 721, 722, 723, 724, 725, 726, 727, 728, 729, 730, 731, 732, 733, 734, 735, 736, 737, 738, 739, 740, 741, 742, 743, 744, 745, 746, 747, 748, 749, 750, 751, 752, 753, 754, 755, 756, 757, 758, 759, 760, 761, 762, 763, 764, 765, 766, 767, 768, 769, 770, 771, 772, 773, 774, 775, 776, 777, 778, 779, 780, 781, 782, 783, 784, 785, 786, 787, 788, 789, 790, 791, 792, 793, 840, 859, 922, 926]",True,"[128, 131, 599, 602]","[103, 104, 105, 106, 107, 108, 109, 110, 111, 112, 113, 114, 115, 116, 117, 118, 119, 120, 121, 122, 123, 124, 125, 126, 127, 128, 129, 130, 131, 132, 133, 134, 135, 136, 137, 138, 139, 140, 141, 142, 143, 144, 145, 146, 147, 148, 149, 150, 151, 152, 153, 154, 155, 156, 157, 158, 159, 160, 161, 162, 163, 164, 165, 166, 167, 168, 169, 170, 171, 172, 173, 174, 175, 176, 177, 178, 179, 180, 181, 182, 183, 184, 185, 186, 187, 188, 189, 190, 191, 192, 193, 194, 195, 196, 197, 198, 199, 200, 201, 202, 203, 204, 205, 206, 207, 208, 209, 210, 211, 212, 213, 214, 215, 216, 217, 218, 219, 220, 221, 222, 223, 224, 225, 226, 227, 228, 229, 230, 231, 232, 233, 234, 235, 236, 237, 238, 239, 240, 241, 242, 243, 244, 245, 246, 247, 248, 249, 250, 251, 252, 253, 254, 255, 256, 257, 258, 259, 260, 261, 262, 263, 264, 265, 266, 267, 268, 269, 270, 271, 272, 273, 274, 275, 276, 277, 278, 279, 280, 281, 282, 283, 284, 285, 286, 287, 288, 289, 290, 291, 292, 293, 294, 295, 296, 297, 298, 299, 300, 301, 302, 303, 304, 305, 306, 307, 308, 309, 310, 311, 312, 313, 314, 315, 316, 317, 318, 319, 320, 321, 322, 323, 324, 325, 326, 327, 328, 329, 330, 331, 332, 333, 334, 335, 336, 337, 574, 575, 576, 577, 578, 579, 580, 581, 582, 583, 584, 585, 586, 587, 588, 589, 590, 591, 592, 593, 594, 595, 596, 597, 598, 599, 600, 601, 602, 603, 604, 605, 606, 607, 608, 609, 610, 611, 612, 613, 614, 615, 616, 617, 618, 619, 620, 621, 622, 623, 624, 625, 626, 627, 628, 629, 630, 631, 632, 633, 634, 635, 636, 637, 638, 639, 640, 641, 642, 643, 644, 645, 646, 647, 648, 649, 650, 651, 652, 653, 654, 655, 656, 657, 658, 659, 660, 661, 662, 663, 664, 665, 666, 667, 668, 669, 670, 671, 672, 673, 674, 675, 676, 677, 678, 679, 680, 681, 682, 683, 684, 685, 686, 687, 688, 689, 690, 691, 692, 693, 694, 695, 696, 697, 698, 699, 700, 701, 702, 703, 704, 705, 706, 707, 708, 709, 710, 711, 712, 713, 714, 715, 716, 717, 718, 719, 720, 721, 722, 723, 724, 725, 726, 727, 728, 729, 730, 731, 732, 733, 734, 735, 736, 737, 738, 739, 740, 741, 742, 743, 744, 745, 746, 747, 748, 749, 750, 751, 752, 753, 754, 755, 756, 757, 758, 759, 760, 761, 762, 763, 764, 765, 766, 767, 768, 769, 770, 771, 772, 773, 774, 775, 776, 777, 778, 779, 780, 781, 782, 783, 784, 785, 786, 787, 788, 789, 790, 791, 792, 793]","[128, 131, 599, 602]","[128, 131, 179, 409, 599, 602, 650, 859]","[10, 75, 103, 104, 106, 117, 118, 120, 127, 128, 129, 131, 133, 135, 136, 137, 139, 146, 147, 148, 149, 151, 158, 160, 162, 166, 173, 178, 179, 185, 190, 192, 198, 201, 203, 204, 206, 207, 212, 213, 214, 219, 223, 224, 225, 227, 230, 235, 237, 246, 247, 256, 259, 262, 263, 266, 268, 269, 271, 272, 278, 279, 284, 285, 288, 290, 292, 304, 306, 312, 316, 319, 320, 323, 324, 329, 332, 335, 495, 549, 574, 575, 577, 588, 589, 591, 598, 599, 600, 602, 604, 606, 607, 608, 610, 617, 618, 619, 620, 622, 625, 630, 632, 634, 638, 644, 649, 650, 656, 661, 663, 669, 673, 674, 676, 677, 682, 683, 684, 687, 688, 689, 691, 694, 699, 701, 710, 718, 722, 723, 727, 728, 730, 731, 737, 738, 743, 744, 747, 749, 751, 762, 764, 770, 774, 777, 778, 781, 782, 789, 791]","[26, 390, 474, 486, 509, 840, 922, 926]","[26, 390, 474, 486, 509, 840, 922, 926]",5/6 successful match,True,[2],True,304,False,,0.5181818181818182,True,Best Truck Stop ( ( Pismo City E ),
Pixley ( 93256 ) Best Truck Stop St E ),"4 559-757-3044 CA 99 Exit 70 B ( Court St E , 415 N Park )",) L SO <U+2610> <U+25A1> <U+25A1>,Pixley,93256,Best Truck Stop St E ),559-757-3044,2014,Pixley,CA,,"( Court St E , 415 N Park )",CA 99 Exit 70 B ,Exit,70,False,,False,CA 99,,,,,"[128, 599]","[128, 131, 599, 602]","[128, 131, 599, 602]","[128, 131, 179, 409, 599, 602, 650, 859]","[103, 104, 105, 106, 107, 108, 109, 110, 111, 112, 113, 114, 115, 116, 117, 118, 119, 120, 121, 122, 123, 124, 125, 126, 127, 128, 129, 130, 131, 132, 133, 134, 135, 136, 137, 138, 139, 140, 141, 142, 143, 144, 145, 146, 147, 148, 149, 150, 151, 152, 153, 154, 155, 156, 157, 158, 159, 160, 161, 162, 163, 164, 165, 166, 167, 168, 169, 170, 171, 172, 173, 174, 175, 176, 177, 178, 179, 180, 181, 182, 183, 184, 185, 186, 187, 188, 189, 190, 191, 192, 193, 194, 195, 196, 197, 198, 199, 200, 201, 202, 203, 204, 205, 206, 207, 208, 209, 210, 211, 212, 213, 214, 215, 216, 217, 218, 219, 220, 221, 222, 223, 224, 225, 226, 227, 228, 229, 230, 231, 232, 233, 234, 235, 236, 237, 238, 239, 240, 241, 242, 243, 244, 245, 246, 247, 248, 249, 250, 251, 252, 253, 254, 255, 256, 257, 258, 259, 260, 261, 262, 263, 264, 265, 266, 267, 268, 269, 270, 271, 272, 273, 274, 275, 276, 277, 278, 279, 280, 281, 282, 283, 284, 285, 286, 287, 288, 289, 290, 291, 292, 293, 294, 295, 296, 297, 298, 299, 300, 301, 302, 303, 304, 305, 306, 307, 308, 309, 310, 311, 312, 313, 314, 315, 316, 317, 318, 319, 320, 321, 322, 323, 324, 325, 326, 327, 328, 329, 330, 331, 332, 333, 334, 335, 336, 337, 574, 575, 576, 577, 578, 579, 580, 581, 582, 583, 584, 585, 586, 587, 588, 589, 590, 591, 592, 593, 594, 595, 596, 597, 598, 599, 600, 601, 602, 603, 604, 605, 606, 607, 608, 609, 610, 611, 612, 613, 614, 615, 616, 617, 618, 619, 620, 621, 622, 623, 624, 625, 626, 627, 628, 629, 630, 631, 632, 633, 634, 635, 636, 637, 638, 639, 640, 641, 642, 643, 644, 645, 646, 647, 648, 649, 650, 651, 652, 653, 654, 655, 656, 657, 658, 659, 660, 661, 662, 663, 664, 665, 666, 667, 668, 669, 670, 671, 672, 673, 674, 675, 676, 677, 678, 679, 680, 681, 682, 683, 684, 685, 686, 687, 688, 689, 690, 691, 692, 693, 694, 695, 696, 697, 698, 699, 700, 701, 702, 703, 704, 705, 706, 707, 708, 709, 710, 711, 712, 713, 714, 715, 716, 717, 718, 719, 720, 721, 722, 723, 724, 725, 726, 727, 728, 729, 730, 731, 732, 733, 734, 735, 736, 737, 738, 739, 740, 741, 742, 743, 744, 745, 746, 747, 748, 749, 750, 751, 752, 753, 754, 755, 756, 757, 758, 759, 760, 761, 762, 763, 764, 765, 766, 767, 768, 769, 770, 771, 772, 773, 774, 775, 776, 777, 778, 779, 780, 781, 782, 783, 784, 785, 786, 787, 788, 789, 790, 791, 792, 793]","[10, 75, 103, 104, 106, 117, 118, 120, 127, 128, 129, 131, 133, 135, 136, 137, 139, 146, 147, 148, 149, 151, 158, 160, 162, 166, 173, 178, 179, 185, 190, 192, 198, 201, 203, 204, 206, 207, 212, 213, 214, 219, 223, 224, 225, 227, 230, 235, 237, 246, 247, 256, 259, 262, 263, 266, 268, 269, 271, 272, 278, 279, 284, 285, 288, 290, 292, 304, 306, 312, 316, 319, 320, 323, 324, 329, 332, 335, 495, 549, 574, 575, 577, 588, 589, 591, 598, 599, 600, 602, 604, 606, 607, 608, 610, 617, 618, 619, 620, 622, 625, 630, 632, 634, 638, 644, 649, 650, 656, 661, 663, 669, 673, 674, 676, 677, 682, 683, 684, 687, 688, 689, 691, 694, 699, 701, 710, 718, 722, 723, 727, 728, 730, 731, 737, 738, 743, 744, 747, 749, 751, 762, 764, 770, 774, 777, 778, 781, 782, 789, 791]",[],[],"[10, 75, 103, 104, 105, 106, 107, 108, 109, 110, 111, 112, 113, 114, 115, 116, 117, 118, 119, 120, 121, 122, 123, 124, 125, 126, 127, 128, 129, 130, 131, 132, 133, 134, 135, 136, 137, 138, 139, 140, 141, 142, 143, 144, 145, 146, 147, 148, 149, 150, 151, 152, 153, 154, 155, 156, 157, 158, 159, 160, 161, 162, 163, 164, 165, 166, 167, 168, 169, 170, 171, 172, 173, 174, 175, 176, 177, 178, 179, 180, 181, 182, 183, 184, 185, 186, 187, 188, 189, 190, 191, 192, 193, 194, 195, 196, 197, 198, 199, 200, 201, 202, 203, 204, 205, 206, 207, 208, 209, 210, 211, 212, 213, 214, 215, 216, 217, 218, 219, 220, 221, 222, 223, 224, 225, 226, 227, 228, 229, 230, 231, 232, 233, 234, 235, 236, 237, 238, 239, 240, 241, 242, 243, 244, 245, 246, 247, 248, 249, 250, 251, 252, 253, 254, 255, 256, 257, 258, 259, 260, 261, 262, 263, 264, 265, 266, 267, 268, 269, 270, 271, 272, 273, 274, 275, 276, 277, 278, 279, 280, 281, 282, 283, 284, 285, 286, 287, 288, 289, 290, 291, 292, 293, 294, 295, 296, 297, 298, 299, 300, 301, 302, 303, 304, 305, 306, 307, 308, 309, 310, 311, 312, 313, 314, 315, 316, 317, 318, 319, 320, 321, 322, 323, 324, 325, 326, 327, 328, 329, 330, 331, 332, 333, 334, 335, 336, 337, 409, 495, 549, 574, 575, 576, 577, 578, 579, 580, 581, 582, 583, 584, 585, 586, 587, 588, 589, 590, 591, 592, 593, 594, 595, 596, 597, 598, 599, 600, 601, 602, 603, 604, 605, 606, 607, 608, 609, 610, 611, 612, 613, 614, 615, 616, 617, 618, 619, 620, 621, 622, 623, 624, 625, 626, 627, 628, 629, 630, 631, 632, 633, 634, 635, 636, 637, 638, 639, 640, 641, 642, 643, 644, 645, 646, 647, 648, 649, 650, 651, 652, 653, 654, 655, 656, 657, 658, 659, 660, 661, 662, 663, 664, 665, 666, 667, 668, 669, 670, 671, 672, 673, 674, 675, 676, 677, 678, 679, 680, 681, 682, 683, 684, 685, 686, 687, 688, 689, 690, 691, 692, 693, 694, 695, 696, 697, 698, 699, 700, 701, 702, 703, 704, 705, 706, 707, 708, 709, 710, 711, 712, 713, 714, 715, 716, 717, 718, 719, 720, 721, 722, 723, 724, 725, 726, 727, 728, 729, 730, 731, 732, 733, 734, 735, 736, 737, 738, 739, 740, 741, 742, 743, 744, 745, 746, 747, 748, 749, 750, 751, 752, 753, 754, 755, 756, 757, 758, 759, 760, 761, 762, 763, 764, 765, 766, 767, 768, 769, 770, 771, 772, 773, 774, 775, 776, 777, 778, 779, 780, 781, 782, 783, 784, 785, 786, 787, 788, 789, 790, 791, 792, 793, 859]",True,"[128, 131, 599, 602]","[103, 104, 105, 106, 107, 108, 109, 110, 111, 112, 113, 114, 115, 116, 117, 118, 119, 120, 121, 122, 123, 124, 125, 126, 127, 128, 129, 130, 131, 132, 133, 134, 135, 136, 137, 138, 139, 140, 141, 142, 143, 144, 145, 146, 147, 148, 149, 150, 151, 152, 153, 154, 155, 156, 157, 158, 159, 160, 161, 162, 163, 164, 165, 166, 167, 168, 169, 170, 171, 172, 173, 174, 175, 176, 177, 178, 179, 180, 181, 182, 183, 184, 185, 186, 187, 188, 189, 190, 191, 192, 193, 194, 195, 196, 197, 198, 199, 200, 201, 202, 203, 204, 205, 206, 207, 208, 209, 210, 211, 212, 213, 214, 215, 216, 217, 218, 219, 220, 221, 222, 223, 224, 225, 226, 227, 228, 229, 230, 231, 232, 233, 234, 235, 236, 237, 238, 239, 240, 241, 242, 243, 244, 245, 246, 247, 248, 249, 250, 251, 252, 253, 254, 255, 256, 257, 258, 259, 260, 261, 262, 263, 264, 265, 266, 267, 268, 269, 270, 271, 272, 273, 274, 275, 276, 277, 278, 279, 280, 281, 282, 283, 284, 285, 286, 287, 288, 289, 290, 291, 292, 293, 294, 295, 296, 297, 298, 299, 300, 301, 302, 303, 304, 305, 306, 307, 308, 309, 310, 311, 312, 313, 314, 315, 316, 317, 318, 319, 320, 321, 322, 323, 324, 325, 326, 327, 328, 329, 330, 331, 332, 333, 334, 335, 336, 337, 574, 575, 576, 577, 578, 579, 580, 581, 582, 583, 584, 585, 586, 587, 588, 589, 590, 591, 592, 593, 594, 595, 596, 597, 598, 599, 600, 601, 602, 603, 604, 605, 606, 607, 608, 609, 610, 611, 612, 613, 614, 615, 616, 617, 618, 619, 620, 621, 622, 623, 624, 625, 626, 627, 628, 629, 630, 631, 632, 633, 634, 635, 636, 637, 638, 639, 640, 641, 642, 643, 644, 645, 646, 647, 648, 649, 650, 651, 652, 653, 654, 655, 656, 657, 658, 659, 660, 661, 662, 663, 664, 665, 666, 667, 668, 669, 670, 671, 672, 673, 674, 675, 676, 677, 678, 679, 680, 681, 682, 683, 684, 685, 686, 687, 688, 689, 690, 691, 692, 693, 694, 695, 696, 697, 698, 699, 700, 701, 702, 703, 704, 705, 706, 707, 708, 709, 710, 711, 712, 713, 714, 715, 716, 717, 718, 719, 720, 721, 722, 723, 724, 725, 726, 727, 728, 729, 730, 731, 732, 733, 734, 735, 736, 737, 738, 739, 740, 741, 742, 743, 744, 745, 746, 747, 748, 749, 750, 751, 752, 753, 754, 755, 756, 757, 758, 759, 760, 761, 762, 763, 764, 765, 766, 767, 768, 769, 770, 771, 772, 773, 774, 775, 776, 777, 778, 779, 780, 781, 782, 783, 784, 785, 786, 787, 788, 789, 790, 791, 792, 793]","[128, 131, 599, 602]","[128, 131, 179, 409, 599, 602, 650, 859]","[10, 75, 103, 104, 106, 117, 118, 120, 127, 128, 129, 131, 133, 135, 136, 137, 139, 146, 147, 148, 149, 151, 158, 160, 162, 166, 173, 178, 179, 185, 190, 192, 198, 201, 203, 204, 206, 207, 212, 213, 214, 219, 223, 224, 225, 227, 230, 235, 237, 246, 247, 256, 259, 262, 263, 266, 268, 269, 271, 272, 278, 279, 284, 285, 288, 290, 292, 304, 306, 312, 316, 319, 320, 323, 324, 329, 332, 335, 495, 549, 574, 575, 577, 588, 589, 591, 598, 599, 600, 602, 604, 606, 607, 608, 610, 617, 618, 619, 620, 622, 625, 630, 632, 634, 638, 644, 649, 650, 656, 661, 663, 669, 673, 674, 676, 677, 682, 683, 684, 687, 688, 689, 691, 694, 699, 701, 710, 718, 722, 723, 727, 728, 730, 731, 737, 738, 743, 744, 747, 749, 751, 762, 764, 770, 774, 777, 778, 781, 782, 789, 791]",[],[],7/6 successful match,True,[2],True,304,False,,0.6030769230769231,True,Best Truck Stop B ( ( Texaco Court St ) E ),Texaco
Pixley ( 93256 ) Best Truck Exit Stop 70 B ( Court St E ),"4 559-757-3044 CA 99 Exit 70 B ( Court St E , 415 N Park )",<U+25A1> S,Pixley,93256,Best Truck Exit Stop 70 B ( Court St E ),559-757-3044,2015,Pixley,CA,,"( Court St E , 415 N Park )",CA 99 Exit 70 B ,Exit,70,False,,False,CA 99,,,,,"[128, 599]","[128, 131, 599, 602]","[128, 131, 599, 602]","[128, 131, 179, 409, 599, 602, 650, 859]","[103, 104, 105, 106, 107, 108, 109, 110, 111, 112, 113, 114, 115, 116, 117, 118, 119, 120, 121, 122, 123, 124, 125, 126, 127, 128, 129, 130, 131, 132, 133, 134, 135, 136, 137, 138, 139, 140, 141, 142, 143, 144, 145, 146, 147, 148, 149, 150, 151, 152, 153, 154, 155, 156, 157, 158, 159, 160, 161, 162, 163, 164, 165, 166, 167, 168, 169, 170, 171, 172, 173, 174, 175, 176, 177, 178, 179, 180, 181, 182, 183, 184, 185, 186, 187, 188, 189, 190, 191, 192, 193, 194, 195, 196, 197, 198, 199, 200, 201, 202, 203, 204, 205, 206, 207, 208, 209, 210, 211, 212, 213, 214, 215, 216, 217, 218, 219, 220, 221, 222, 223, 224, 225, 226, 227, 228, 229, 230, 231, 232, 233, 234, 235, 236, 237, 238, 239, 240, 241, 242, 243, 244, 245, 246, 247, 248, 249, 250, 251, 252, 253, 254, 255, 256, 257, 258, 259, 260, 261, 262, 263, 264, 265, 266, 267, 268, 269, 270, 271, 272, 273, 274, 275, 276, 277, 278, 279, 280, 281, 282, 283, 284, 285, 286, 287, 288, 289, 290, 291, 292, 293, 294, 295, 296, 297, 298, 299, 300, 301, 302, 303, 304, 305, 306, 307, 308, 309, 310, 311, 312, 313, 314, 315, 316, 317, 318, 319, 320, 321, 322, 323, 324, 325, 326, 327, 328, 329, 330, 331, 332, 333, 334, 335, 336, 337, 574, 575, 576, 577, 578, 579, 580, 581, 582, 583, 584, 585, 586, 587, 588, 589, 590, 591, 592, 593, 594, 595, 596, 597, 598, 599, 600, 601, 602, 603, 604, 605, 606, 607, 608, 609, 610, 611, 612, 613, 614, 615, 616, 617, 618, 619, 620, 621, 622, 623, 624, 625, 626, 627, 628, 629, 630, 631, 632, 633, 634, 635, 636, 637, 638, 639, 640, 641, 642, 643, 644, 645, 646, 647, 648, 649, 650, 651, 652, 653, 654, 655, 656, 657, 658, 659, 660, 661, 662, 663, 664, 665, 666, 667, 668, 669, 670, 671, 672, 673, 674, 675, 676, 677, 678, 679, 680, 681, 682, 683, 684, 685, 686, 687, 688, 689, 690, 691, 692, 693, 694, 695, 696, 697, 698, 699, 700, 701, 702, 703, 704, 705, 706, 707, 708, 709, 710, 711, 712, 713, 714, 715, 716, 717, 718, 719, 720, 721, 722, 723, 724, 725, 726, 727, 728, 729, 730, 731, 732, 733, 734, 735, 736, 737, 738, 739, 740, 741, 742, 743, 744, 745, 746, 747, 748, 749, 750, 751, 752, 753, 754, 755, 756, 757, 758, 759, 760, 761, 762, 763, 764, 765, 766, 767, 768, 769, 770, 771, 772, 773, 774, 775, 776, 777, 778, 779, 780, 781, 782, 783, 784, 785, 786, 787, 788, 789, 790, 791, 792, 793]","[10, 75, 103, 104, 106, 117, 118, 120, 127, 128, 129, 131, 133, 135, 136, 137, 139, 146, 147, 148, 149, 151, 158, 160, 162, 166, 173, 178, 179, 185, 190, 192, 198, 201, 203, 204, 206, 207, 212, 213, 214, 219, 223, 224, 225, 227, 230, 235, 237, 246, 247, 256, 259, 262, 263, 266, 268, 269, 271, 272, 278, 279, 284, 285, 288, 290, 292, 304, 306, 312, 316, 319, 320, 323, 324, 329, 332, 335, 495, 549, 574, 575, 577, 588, 589, 591, 598, 599, 600, 602, 604, 606, 607, 608, 610, 617, 618, 619, 620, 622, 625, 630, 632, 634, 638, 644, 649, 650, 656, 661, 663, 669, 673, 674, 676, 677, 682, 683, 684, 687, 688, 689, 691, 694, 699, 701, 710, 718, 722, 723, 727, 728, 730, 731, 737, 738, 743, 744, 747, 749, 751, 762, 764, 770, 774, 777, 778, 781, 782, 789, 791]",[],[],"[10, 75, 103, 104, 105, 106, 107, 108, 109, 110, 111, 112, 113, 114, 115, 116, 117, 118, 119, 120, 121, 122, 123, 124, 125, 126, 127, 128, 129, 130, 131, 132, 133, 134, 135, 136, 137, 138, 139, 140, 141, 142, 143, 144, 145, 146, 147, 148, 149, 150, 151, 152, 153, 154, 155, 156, 157, 158, 159, 160, 161, 162, 163, 164, 165, 166, 167, 168, 169, 170, 171, 172, 173, 174, 175, 176, 177, 178, 179, 180, 181, 182, 183, 184, 185, 186, 187, 188, 189, 190, 191, 192, 193, 194, 195, 196, 197, 198, 199, 200, 201, 202, 203, 204, 205, 206, 207, 208, 209, 210, 211, 212, 213, 214, 215, 216, 217, 218, 219, 220, 221, 222, 223, 224, 225, 226, 227, 228, 229, 230, 231, 232, 233, 234, 235, 236, 237, 238, 239, 240, 241, 242, 243, 244, 245, 246, 247, 248, 249, 250, 251, 252, 253, 254, 255, 256, 257, 258, 259, 260, 261, 262, 263, 264, 265, 266, 267, 268, 269, 270, 271, 272, 273, 274, 275, 276, 277, 278, 279, 280, 281, 282, 283, 284, 285, 286, 287, 288, 289, 290, 291, 292, 293, 294, 295, 296, 297, 298, 299, 300, 301, 302, 303, 304, 305, 306, 307, 308, 309, 310, 311, 312, 313, 314, 315, 316, 317, 318, 319, 320, 321, 322, 323, 324, 325, 326, 327, 328, 329, 330, 331, 332, 333, 334, 335, 336, 337, 409, 495, 549, 574, 575, 576, 577, 578, 579, 580, 581, 582, 583, 584, 585, 586, 587, 588, 589, 590, 591, 592, 593, 594, 595, 596, 597, 598, 599, 600, 601, 602, 603, 604, 605, 606, 607, 608, 609, 610, 611, 612, 613, 614, 615, 616, 617, 618, 619, 620, 621, 622, 623, 624, 625, 626, 627, 628, 629, 630, 631, 632, 633, 634, 635, 636, 637, 638, 639, 640, 641, 642, 643, 644, 645, 646, 647, 648, 649, 650, 651, 652, 653, 654, 655, 656, 657, 658, 659, 660, 661, 662, 663, 664, 665, 666, 667, 668, 669, 670, 671, 672, 673, 674, 675, 676, 677, 678, 679, 680, 681, 682, 683, 684, 685, 686, 687, 688, 689, 690, 691, 692, 693, 694, 695, 696, 697, 698, 699, 700, 701, 702, 703, 704, 705, 706, 707, 708, 709, 710, 711, 712, 713, 714, 715, 716, 717, 718, 719, 720, 721, 722, 723, 724, 725, 726, 727, 728, 729, 730, 731, 732, 733, 734, 735, 736, 737, 738, 739, 740, 741, 742, 743, 744, 745, 746, 747, 748, 749, 750, 751, 752, 753, 754, 755, 756, 757, 758, 759, 760, 761, 762, 763, 764, 765, 766, 767, 768, 769, 770, 771, 772, 773, 774, 775, 776, 777, 778, 779, 780, 781, 782, 783, 784, 785, 786, 787, 788, 789, 790, 791, 792, 793, 859]",True,"[128, 131, 599, 602]","[103, 104, 105, 106, 107, 108, 109, 110, 111, 112, 113, 114, 115, 116, 117, 118, 119, 120, 121, 122, 123, 124, 125, 126, 127, 128, 129, 130, 131, 132, 133, 134, 135, 136, 137, 138, 139, 140, 141, 142, 143, 144, 145, 146, 147, 148, 149, 150, 151, 152, 153, 154, 155, 156, 157, 158, 159, 160, 161, 162, 163, 164, 165, 166, 167, 168, 169, 170, 171, 172, 173, 174, 175, 176, 177, 178, 179, 180, 181, 182, 183, 184, 185, 186, 187, 188, 189, 190, 191, 192, 193, 194, 195, 196, 197, 198, 199, 200, 201, 202, 203, 204, 205, 206, 207, 208, 209, 210, 211, 212, 213, 214, 215, 216, 217, 218, 219, 220, 221, 222, 223, 224, 225, 226, 227, 228, 229, 230, 231, 232, 233, 234, 235, 236, 237, 238, 239, 240, 241, 242, 243, 244, 245, 246, 247, 248, 249, 250, 251, 252, 253, 254, 255, 256, 257, 258, 259, 260, 261, 262, 263, 264, 265, 266, 267, 268, 269, 270, 271, 272, 273, 274, 275, 276, 277, 278, 279, 280, 281, 282, 283, 284, 285, 286, 287, 288, 289, 290, 291, 292, 293, 294, 295, 296, 297, 298, 299, 300, 301, 302, 303, 304, 305, 306, 307, 308, 309, 310, 311, 312, 313, 314, 315, 316, 317, 318, 319, 320, 321, 322, 323, 324, 325, 326, 327, 328, 329, 330, 331, 332, 333, 334, 335, 336, 337, 574, 575, 576, 577, 578, 579, 580, 581, 582, 583, 584, 585, 586, 587, 588, 589, 590, 591, 592, 593, 594, 595, 596, 597, 598, 599, 600, 601, 602, 603, 604, 605, 606, 607, 608, 609, 610, 611, 612, 613, 614, 615, 616, 617, 618, 619, 620, 621, 622, 623, 624, 625, 626, 627, 628, 629, 630, 631, 632, 633, 634, 635, 636, 637, 638, 639, 640, 641, 642, 643, 644, 645, 646, 647, 648, 649, 650, 651, 652, 653, 654, 655, 656, 657, 658, 659, 660, 661, 662, 663, 664, 665, 666, 667, 668, 669, 670, 671, 672, 673, 674, 675, 676, 677, 678, 679, 680, 681, 682, 683, 684, 685, 686, 687, 688, 689, 690, 691, 692, 693, 694, 695, 696, 697, 698, 699, 700, 701, 702, 703, 704, 705, 706, 707, 708, 709, 710, 711, 712, 713, 714, 715, 716, 717, 718, 719, 720, 721, 722, 723, 724, 725, 726, 727, 728, 729, 730, 731, 732, 733, 734, 735, 736, 737, 738, 739, 740, 741, 742, 743, 744, 745, 746, 747, 748, 749, 750, 751, 752, 753, 754, 755, 756, 757, 758, 759, 760, 761, 762, 763, 764, 765, 766, 767, 768, 769, 770, 771, 772, 773, 774, 775, 776, 777, 778, 779, 780, 781, 782, 783, 784, 785, 786, 787, 788, 789, 790, 791, 792, 793]","[128, 131, 599, 602]","[128, 131, 179, 409, 599, 602, 650, 859]","[10, 75, 103, 104, 106, 117, 118, 120, 127, 128, 129, 131, 133, 135, 136, 137, 139, 146, 147, 148, 149, 151, 158, 160, 162, 166, 173, 178, 179, 185, 190, 192, 198, 201, 203, 204, 206, 207, 212, 213, 214, 219, 223, 224, 225, 227, 230, 235, 237, 246, 247, 256, 259, 262, 263, 266, 268, 269, 271, 272, 278, 279, 284, 285, 288, 290, 292, 304, 306, 312, 316, 319, 320, 323, 324, 329, 332, 335, 495, 549, 574, 575, 577, 588, 589, 591, 598, 599, 600, 602, 604, 606, 607, 608, 610, 617, 618, 619, 620, 622, 625, 630, 632, 634, 638, 644, 649, 650, 656, 661, 663, 669, 673, 674, 676, 677, 682, 683, 684, 687, 688, 689, 691, 694, 699, 701, 710, 718, 722, 723, 727, 728, 730, 731, 737, 738, 743, 744, 747, 749, 751, 762, 764, 770, 774, 777, 778, 781, 782, 789, 791]",[],[],7/6 successful match,True,[2],True,304,False,,0.546236559139785,True,Best Truck Stop St E ),
Pixley ( 93256 ) Best Truck Stop ),559-757-3044 CA 99 Exit 70 B (,<U+2610> S <U+25A1>,Pixley,93256,Best Truck Stop ),559-757-3044,2016,Pixley,CA,,(,CA 99 Exit 70 B ,Exit,70,False,,False,CA 99,,,,,"[128, 599]","[128, 131, 599, 602]","[128, 131, 599, 602]","[128, 131, 179, 409, 599, 602, 650, 859]","[103, 104, 105, 106, 107, 108, 109, 110, 111, 112, 113, 114, 115, 116, 117, 118, 119, 120, 121, 122, 123, 124, 125, 126, 127, 128, 129, 130, 131, 132, 133, 134, 135, 136, 137, 138, 139, 140, 141, 142, 143, 144, 145, 146, 147, 148, 149, 150, 151, 152, 153, 154, 155, 156, 157, 158, 159, 160, 161, 162, 163, 164, 165, 166, 167, 168, 169, 170, 171, 172, 173, 174, 175, 176, 177, 178, 179, 180, 181, 182, 183, 184, 185, 186, 187, 188, 189, 190, 191, 192, 193, 194, 195, 196, 197, 198, 199, 200, 201, 202, 203, 204, 205, 206, 207, 208, 209, 210, 211, 212, 213, 214, 215, 216, 217, 218, 219, 220, 221, 222, 223, 224, 225, 226, 227, 228, 229, 230, 231, 232, 233, 234, 235, 236, 237, 238, 239, 240, 241, 242, 243, 244, 245, 246, 247, 248, 249, 250, 251, 252, 253, 254, 255, 256, 257, 258, 259, 260, 261, 262, 263, 264, 265, 266, 267, 268, 269, 270, 271, 272, 273, 274, 275, 276, 277, 278, 279, 280, 281, 282, 283, 284, 285, 286, 287, 288, 289, 290, 291, 292, 293, 294, 295, 296, 297, 298, 299, 300, 301, 302, 303, 304, 305, 306, 307, 308, 309, 310, 311, 312, 313, 314, 315, 316, 317, 318, 319, 320, 321, 322, 323, 324, 325, 326, 327, 328, 329, 330, 331, 332, 333, 334, 335, 336, 337, 574, 575, 576, 577, 578, 579, 580, 581, 582, 583, 584, 585, 586, 587, 588, 589, 590, 591, 592, 593, 594, 595, 596, 597, 598, 599, 600, 601, 602, 603, 604, 605, 606, 607, 608, 609, 610, 611, 612, 613, 614, 615, 616, 617, 618, 619, 620, 621, 622, 623, 624, 625, 626, 627, 628, 629, 630, 631, 632, 633, 634, 635, 636, 637, 638, 639, 640, 641, 642, 643, 644, 645, 646, 647, 648, 649, 650, 651, 652, 653, 654, 655, 656, 657, 658, 659, 660, 661, 662, 663, 664, 665, 666, 667, 668, 669, 670, 671, 672, 673, 674, 675, 676, 677, 678, 679, 680, 681, 682, 683, 684, 685, 686, 687, 688, 689, 690, 691, 692, 693, 694, 695, 696, 697, 698, 699, 700, 701, 702, 703, 704, 705, 706, 707, 708, 709, 710, 711, 712, 713, 714, 715, 716, 717, 718, 719, 720, 721, 722, 723, 724, 725, 726, 727, 728, 729, 730, 731, 732, 733, 734, 735, 736, 737, 738, 739, 740, 741, 742, 743, 744, 745, 746, 747, 748, 749, 750, 751, 752, 753, 754, 755, 756, 757, 758, 759, 760, 761, 762, 763, 764, 765, 766, 767, 768, 769, 770, 771, 772, 773, 774, 775, 776, 777, 778, 779, 780, 781, 782, 783, 784, 785, 786, 787, 788, 789, 790, 791, 792, 793]","[10, 75, 103, 104, 106, 117, 118, 120, 127, 128, 129, 131, 133, 135, 136, 137, 139, 146, 147, 148, 149, 151, 158, 160, 162, 166, 173, 178, 179, 185, 190, 192, 198, 201, 203, 204, 206, 207, 212, 213, 214, 219, 223, 224, 225, 227, 230, 235, 237, 246, 247, 256, 259, 262, 263, 266, 268, 269, 271, 272, 278, 279, 284, 285, 288, 290, 292, 304, 306, 312, 316, 319, 320, 323, 324, 329, 332, 335, 495, 549, 574, 575, 577, 588, 589, 591, 598, 599, 600, 602, 604, 606, 607, 608, 610, 617, 618, 619, 620, 622, 625, 630, 632, 634, 638, 644, 649, 650, 656, 661, 663, 669, 673, 674, 676, 677, 682, 683, 684, 687, 688, 689, 691, 694, 699, 701, 710, 718, 722, 723, 727, 728, 730, 731, 737, 738, 743, 744, 747, 749, 751, 762, 764, 770, 774, 777, 778, 781, 782, 789, 791]",[],[],"[10, 75, 103, 104, 105, 106, 107, 108, 109, 110, 111, 112, 113, 114, 115, 116, 117, 118, 119, 120, 121, 122, 123, 124, 125, 126, 127, 128, 129, 130, 131, 132, 133, 134, 135, 136, 137, 138, 139, 140, 141, 142, 143, 144, 145, 146, 147, 148, 149, 150, 151, 152, 153, 154, 155, 156, 157, 158, 159, 160, 161, 162, 163, 164, 165, 166, 167, 168, 169, 170, 171, 172, 173, 174, 175, 176, 177, 178, 179, 180, 181, 182, 183, 184, 185, 186, 187, 188, 189, 190, 191, 192, 193, 194, 195, 196, 197, 198, 199, 200, 201, 202, 203, 204, 205, 206, 207, 208, 209, 210, 211, 212, 213, 214, 215, 216, 217, 218, 219, 220, 221, 222, 223, 224, 225, 226, 227, 228, 229, 230, 231, 232, 233, 234, 235, 236, 237, 238, 239, 240, 241, 242, 243, 244, 245, 246, 247, 248, 249, 250, 251, 252, 253, 254, 255, 256, 257, 258, 259, 260, 261, 262, 263, 264, 265, 266, 267, 268, 269, 270, 271, 272, 273, 274, 275, 276, 277, 278, 279, 280, 281, 282, 283, 284, 285, 286, 287, 288, 289, 290, 291, 292, 293, 294, 295, 296, 297, 298, 299, 300, 301, 302, 303, 304, 305, 306, 307, 308, 309, 310, 311, 312, 313, 314, 315, 316, 317, 318, 319, 320, 321, 322, 323, 324, 325, 326, 327, 328, 329, 330, 331, 332, 333, 334, 335, 336, 337, 409, 495, 549, 574, 575, 576, 577, 578, 579, 580, 581, 582, 583, 584, 585, 586, 587, 588, 589, 590, 591, 592, 593, 594, 595, 596, 597, 598, 599, 600, 601, 602, 603, 604, 605, 606, 607, 608, 609, 610, 611, 612, 613, 614, 615, 616, 617, 618, 619, 620, 621, 622, 623, 624, 625, 626, 627, 628, 629, 630, 631, 632, 633, 634, 635, 636, 637, 638, 639, 640, 641, 642, 643, 644, 645, 646, 647, 648, 649, 650, 651, 652, 653, 654, 655, 656, 657, 658, 659, 660, 661, 662, 663, 664, 665, 666, 667, 668, 669, 670, 671, 672, 673, 674, 675, 676, 677, 678, 679, 680, 681, 682, 683, 684, 685, 686, 687, 688, 689, 690, 691, 692, 693, 694, 695, 696, 697, 698, 699, 700, 701, 702, 703, 704, 705, 706, 707, 708, 709, 710, 711, 712, 713, 714, 715, 716, 717, 718, 719, 720, 721, 722, 723, 724, 725, 726, 727, 728, 729, 730, 731, 732, 733, 734, 735, 736, 737, 738, 739, 740, 741, 742, 743, 744, 745, 746, 747, 748, 749, 750, 751, 752, 753, 754, 755, 756, 757, 758, 759, 760, 761, 762, 763, 764, 765, 766, 767, 768, 769, 770, 771, 772, 773, 774, 775, 776, 777, 778, 779, 780, 781, 782, 783, 784, 785, 786, 787, 788, 789, 790, 791, 792, 793, 859]",True,"[128, 131, 599, 602]","[103, 104, 105, 106, 107, 108, 109, 110, 111, 112, 113, 114, 115, 116, 117, 118, 119, 120, 121, 122, 123, 124, 125, 126, 127, 128, 129, 130, 131, 132, 133, 134, 135, 136, 137, 138, 139, 140, 141, 142, 143, 144, 145, 146, 147, 148, 149, 150, 151, 152, 153, 154, 155, 156, 157, 158, 159, 160, 161, 162, 163, 164, 165, 166, 167, 168, 169, 170, 171, 172, 173, 174, 175, 176, 177, 178, 179, 180, 181, 182, 183, 184, 185, 186, 187, 188, 189, 190, 191, 192, 193, 194, 195, 196, 197, 198, 199, 200, 201, 202, 203, 204, 205, 206, 207, 208, 209, 210, 211, 212, 213, 214, 215, 216, 217, 218, 219, 220, 221, 222, 223, 224, 225, 226, 227, 228, 229, 230, 231, 232, 233, 234, 235, 236, 237, 238, 239, 240, 241, 242, 243, 244, 245, 246, 247, 248, 249, 250, 251, 252, 253, 254, 255, 256, 257, 258, 259, 260, 261, 262, 263, 264, 265, 266, 267, 268, 269, 270, 271, 272, 273, 274, 275, 276, 277, 278, 279, 280, 281, 282, 283, 284, 285, 286, 287, 288, 289, 290, 291, 292, 293, 294, 295, 296, 297, 298, 299, 300, 301, 302, 303, 304, 305, 306, 307, 308, 309, 310, 311, 312, 313, 314, 315, 316, 317, 318, 319, 320, 321, 322, 323, 324, 325, 326, 327, 328, 329, 330, 331, 332, 333, 334, 335, 336, 337, 574, 575, 576, 577, 578, 579, 580, 581, 582, 583, 584, 585, 586, 587, 588, 589, 590, 591, 592, 593, 594, 595, 596, 597, 598, 599, 600, 601, 602, 603, 604, 605, 606, 607, 608, 609, 610, 611, 612, 613, 614, 615, 616, 617, 618, 619, 620, 621, 622, 623, 624, 625, 626, 627, 628, 629, 630, 631, 632, 633, 634, 635, 636, 637, 638, 639, 640, 641, 642, 643, 644, 645, 646, 647, 648, 649, 650, 651, 652, 653, 654, 655, 656, 657, 658, 659, 660, 661, 662, 663, 664, 665, 666, 667, 668, 669, 670, 671, 672, 673, 674, 675, 676, 677, 678, 679, 680, 681, 682, 683, 684, 685, 686, 687, 688, 689, 690, 691, 692, 693, 694, 695, 696, 697, 698, 699, 700, 701, 702, 703, 704, 705, 706, 707, 708, 709, 710, 711, 712, 713, 714, 715, 716, 717, 718, 719, 720, 721, 722, 723, 724, 725, 726, 727, 728, 729, 730, 731, 732, 733, 734, 735, 736, 737, 738, 739, 740, 741, 742, 743, 744, 745, 746, 747, 748, 749, 750, 751, 752, 753, 754, 755, 756, 757, 758, 759, 760, 761, 762, 763, 764, 765, 766, 767, 768, 769, 770, 771, 772, 773, 774, 775, 776, 777, 778, 779, 780, 781, 782, 783, 784, 785, 786, 787, 788, 789, 790, 791, 792, 793]","[128, 131, 599, 602]","[128, 131, 179, 409, 599, 602, 650, 859]","[10, 75, 103, 104, 106, 117, 118, 120, 127, 128, 129, 131, 133, 135, 136, 137, 139, 146, 147, 148, 149, 151, 158, 160, 162, 166, 173, 178, 179, 185, 190, 192, 198, 201, 203, 204, 206, 207, 212, 213, 214, 219, 223, 224, 225, 227, 230, 235, 237, 246, 247, 256, 259, 262, 263, 266, 268, 269, 271, 272, 278, 279, 284, 285, 288, 290, 292, 304, 306, 312, 316, 319, 320, 323, 324, 329, 332, 335, 495, 549, 574, 575, 577, 588, 589, 591, 598, 599, 600, 602, 604, 606, 607, 608, 610, 617, 618, 619, 620, 622, 625, 630, 632, 634, 638, 644, 649, 650, 656, 661, 663, 669, 673, 674, 676, 677, 682, 683, 684, 687, 688, 689, 691, 694, 699, 701, 710, 718, 722, 723, 727, 728, 730, 731, 737, 738, 743, 744, 747, 749, 751, 762, 764, 770, 774, 777, 778, 781, 782, 789, 791]",[],[],7/6 successful match,True,[2],True,304,False,,0.512280701754386,True,Best Truck Exit Stop 70 B ( Court St E ),
"Pixley , 93256 Chevron Truck Stop )",559-757-3360 CA 99 Exit 70 B ( Court St E ),24 S,Pixley,93256,Chevron Truck Stop ),559-757-3360,2006,Pixley,CA,Chevron,( Court St E ),CA 99 Exit 70 B ,Exit,70,False,,False,CA 99,,,,,"[602, 131]","[128, 131, 599, 602]","[128, 131, 599, 602]","[128, 131, 179, 409, 599, 602, 650, 859]","[103, 104, 105, 106, 107, 108, 109, 110, 111, 112, 113, 114, 115, 116, 117, 118, 119, 120, 121, 122, 123, 124, 125, 126, 127, 128, 129, 130, 131, 132, 133, 134, 135, 136, 137, 138, 139, 140, 141, 142, 143, 144, 145, 146, 147, 148, 149, 150, 151, 152, 153, 154, 155, 156, 157, 158, 159, 160, 161, 162, 163, 164, 165, 166, 167, 168, 169, 170, 171, 172, 173, 174, 175, 176, 177, 178, 179, 180, 181, 182, 183, 184, 185, 186, 187, 188, 189, 190, 191, 192, 193, 194, 195, 196, 197, 198, 199, 200, 201, 202, 203, 204, 205, 206, 207, 208, 209, 210, 211, 212, 213, 214, 215, 216, 217, 218, 219, 220, 221, 222, 223, 224, 225, 226, 227, 228, 229, 230, 231, 232, 233, 234, 235, 236, 237, 238, 239, 240, 241, 242, 243, 244, 245, 246, 247, 248, 249, 250, 251, 252, 253, 254, 255, 256, 257, 258, 259, 260, 261, 262, 263, 264, 265, 266, 267, 268, 269, 270, 271, 272, 273, 274, 275, 276, 277, 278, 279, 280, 281, 282, 283, 284, 285, 286, 287, 288, 289, 290, 291, 292, 293, 294, 295, 296, 297, 298, 299, 300, 301, 302, 303, 304, 305, 306, 307, 308, 309, 310, 311, 312, 313, 314, 315, 316, 317, 318, 319, 320, 321, 322, 323, 324, 325, 326, 327, 328, 329, 330, 331, 332, 333, 334, 335, 336, 337, 574, 575, 576, 577, 578, 579, 580, 581, 582, 583, 584, 585, 586, 587, 588, 589, 590, 591, 592, 593, 594, 595, 596, 597, 598, 599, 600, 601, 602, 603, 604, 605, 606, 607, 608, 609, 610, 611, 612, 613, 614, 615, 616, 617, 618, 619, 620, 621, 622, 623, 624, 625, 626, 627, 628, 629, 630, 631, 632, 633, 634, 635, 636, 637, 638, 639, 640, 641, 642, 643, 644, 645, 646, 647, 648, 649, 650, 651, 652, 653, 654, 655, 656, 657, 658, 659, 660, 661, 662, 663, 664, 665, 666, 667, 668, 669, 670, 671, 672, 673, 674, 675, 676, 677, 678, 679, 680, 681, 682, 683, 684, 685, 686, 687, 688, 689, 690, 691, 692, 693, 694, 695, 696, 697, 698, 699, 700, 701, 702, 703, 704, 705, 706, 707, 708, 709, 710, 711, 712, 713, 714, 715, 716, 717, 718, 719, 720, 721, 722, 723, 724, 725, 726, 727, 728, 729, 730, 731, 732, 733, 734, 735, 736, 737, 738, 739, 740, 741, 742, 743, 744, 745, 746, 747, 748, 749, 750, 751, 752, 753, 754, 755, 756, 757, 758, 759, 760, 761, 762, 763, 764, 765, 766, 767, 768, 769, 770, 771, 772, 773, 774, 775, 776, 777, 778, 779, 780, 781, 782, 783, 784, 785, 786, 787, 788, 789, 790, 791, 792, 793]","[10, 75, 103, 104, 106, 117, 118, 120, 127, 128, 129, 131, 133, 135, 136, 137, 139, 146, 147, 148, 149, 151, 158, 160, 162, 166, 173, 178, 179, 185, 190, 192, 198, 201, 203, 204, 206, 207, 212, 213, 214, 219, 223, 224, 225, 227, 230, 235, 237, 246, 247, 256, 259, 262, 263, 266, 268, 269, 271, 272, 278, 279, 284, 285, 288, 290, 292, 304, 306, 312, 316, 319, 320, 323, 324, 329, 332, 335, 495, 549, 574, 575, 577, 588, 589, 591, 598, 599, 600, 602, 604, 606, 607, 608, 610, 617, 618, 619, 620, 622, 625, 630, 632, 634, 638, 644, 649, 650, 656, 661, 663, 669, 673, 674, 676, 677, 682, 683, 684, 687, 688, 689, 691, 694, 699, 701, 710, 718, 722, 723, 727, 728, 730, 731, 737, 738, 743, 744, 747, 749, 751, 762, 764, 770, 774, 777, 778, 781, 782, 789, 791]","[12, 24, 25, 28, 88, 100, 104, 119, 123, 129, 136, 137, 139, 140, 141, 148, 155, 169, 172, 179, 183, 185, 188, 196, 198, 217, 237, 267, 270, 278, 319, 321, 324, 325, 330, 334, 335, 354, 366, 369, 380, 383, 384, 386, 395, 407, 411, 423, 428, 436, 437, 452, 453, 456, 467, 471, 477, 478, 479, 497, 508, 511, 559, 571, 575, 590, 594, 600, 607, 608, 610, 611, 612, 619, 627, 640, 643, 650, 654, 656, 659, 667, 669, 685, 701, 726, 729, 737, 777, 779, 782, 783, 787, 790, 791, 809, 817, 819, 830, 833, 834, 836, 845, 856, 857, 860, 862, 875, 880, 887, 888, 899, 900, 914, 918, 921, 928, 929, 930]","[12, 24, 25, 28, 88, 100, 104, 119, 123, 129, 136, 137, 139, 140, 141, 148, 155, 169, 172, 179, 183, 185, 188, 196, 198, 217, 237, 267, 270, 278, 319, 321, 324, 325, 330, 334, 335, 354, 366, 369, 380, 383, 384, 386, 395, 407, 411, 423, 428, 436, 437, 452, 453, 456, 467, 471, 477, 478, 479, 497, 508, 511, 559, 571, 575, 590, 594, 600, 607, 608, 610, 611, 612, 619, 627, 640, 643, 650, 654, 656, 659, 667, 669, 685, 701, 726, 729, 737, 777, 779, 782, 783, 787, 790, 791, 809, 817, 819, 830, 833, 834, 836, 845, 856, 857, 860, 862, 875, 880, 887, 888, 899, 900, 914, 918, 921, 928, 929, 930]","[10, 12, 24, 25, 28, 75, 88, 100, 103, 104, 105, 106, 107, 108, 109, 110, 111, 112, 113, 114, 115, 116, 117, 118, 119, 120, 121, 122, 123, 124, 125, 126, 127, 128, 129, 130, 131, 132, 133, 134, 135, 136, 137, 138, 139, 140, 141, 142, 143, 144, 145, 146, 147, 148, 149, 150, 151, 152, 153, 154, 155, 156, 157, 158, 159, 160, 161, 162, 163, 164, 165, 166, 167, 168, 169, 170, 171, 172, 173, 174, 175, 176, 177, 178, 179, 180, 181, 182, 183, 184, 185, 186, 187, 188, 189, 190, 191, 192, 193, 194, 195, 196, 197, 198, 199, 200, 201, 202, 203, 204, 205, 206, 207, 208, 209, 210, 211, 212, 213, 214, 215, 216, 217, 218, 219, 220, 221, 222, 223, 224, 225, 226, 227, 228, 229, 230, 231, 232, 233, 234, 235, 236, 237, 238, 239, 240, 241, 242, 243, 244, 245, 246, 247, 248, 249, 250, 251, 252, 253, 254, 255, 256, 257, 258, 259, 260, 261, 262, 263, 264, 265, 266, 267, 268, 269, 270, 271, 272, 273, 274, 275, 276, 277, 278, 279, 280, 281, 282, 283, 284, 285, 286, 287, 288, 289, 290, 291, 292, 293, 294, 295, 296, 297, 298, 299, 300, 301, 302, 303, 304, 305, 306, 307, 308, 309, 310, 311, 312, 313, 314, 315, 316, 317, 318, 319, 320, 321, 322, 323, 324, 325, 326, 327, 328, 329, 330, 331, 332, 333, 334, 335, 336, 337, 354, 366, 369, 380, 383, 384, 386, 395, 407, 409, 411, 423, 428, 436, 437, 452, 453, 456, 467, 471, 477, 478, 479, 495, 497, 508, 511, 549, 559, 571, 574, 575, 576, 577, 578, 579, 580, 581, 582, 583, 584, 585, 586, 587, 588, 589, 590, 591, 592, 593, 594, 595, 596, 597, 598, 599, 600, 601, 602, 603, 604, 605, 606, 607, 608, 609, 610, 611, 612, 613, 614, 615, 616, 617, 618, 619, 620, 621, 622, 623, 624, 625, 626, 627, 628, 629, 630, 631, 632, 633, 634, 635, 636, 637, 638, 639, 640, 641, 642, 643, 644, 645, 646, 647, 648, 649, 650, 651, 652, 653, 654, 655, 656, 657, 658, 659, 660, 661, 662, 663, 664, 665, 666, 667, 668, 669, 670, 671, 672, 673, 674, 675, 676, 677, 678, 679, 680, 681, 682, 683, 684, 685, 686, 687, 688, 689, 690, 691, 692, 693, 694, 695, 696, 697, 698, 699, 700, 701, 702, 703, 704, 705, 706, 707, 708, 709, 710, 711, 712, 713, 714, 715, 716, 717, 718, 719, 720, 721, 722, 723, 724, 725, 726, 727, 728, 729, 730, 731, 732, 733, 734, 735, 736, 737, 738, 739, 740, 741, 742, 743, 744, 745, 746, 747, 748, 749, 750, 751, 752, 753, 754, 755, 756, 757, 758, 759, 760, 761, 762, 763, 764, 765, 766, 767, 768, 769, 770, 771, 772, 773, 774, 775, 776, 777, 778, 779, 780, 781, 782, 783, 784, 785, 786, 787, 788, 789, 790, 791, 792, 793, 809, 817, 819, 830, 833, 834, 836, 845, 856, 857, 859, 860, 862, 875, 880, 887, 888, 899, 900, 914, 918, 921, 928, 929, 930]",True,"[128, 131, 599, 602]","[103, 104, 105, 106, 107, 108, 109, 110, 111, 112, 113, 114, 115, 116, 117, 118, 119, 120, 121, 122, 123, 124, 125, 126, 127, 128, 129, 130, 131, 132, 133, 134, 135, 136, 137, 138, 139, 140, 141, 142, 143, 144, 145, 146, 147, 148, 149, 150, 151, 152, 153, 154, 155, 156, 157, 158, 159, 160, 161, 162, 163, 164, 165, 166, 167, 168, 169, 170, 171, 172, 173, 174, 175, 176, 177, 178, 179, 180, 181, 182, 183, 184, 185, 186, 187, 188, 189, 190, 191, 192, 193, 194, 195, 196, 197, 198, 199, 200, 201, 202, 203, 204, 205, 206, 207, 208, 209, 210, 211, 212, 213, 214, 215, 216, 217, 218, 219, 220, 221, 222, 223, 224, 225, 226, 227, 228, 229, 230, 231, 232, 233, 234, 235, 236, 237, 238, 239, 240, 241, 242, 243, 244, 245, 246, 247, 248, 249, 250, 251, 252, 253, 254, 255, 256, 257, 258, 259, 260, 261, 262, 263, 264, 265, 266, 267, 268, 269, 270, 271, 272, 273, 274, 275, 276, 277, 278, 279, 280, 281, 282, 283, 284, 285, 286, 287, 288, 289, 290, 291, 292, 293, 294, 295, 296, 297, 298, 299, 300, 301, 302, 303, 304, 305, 306, 307, 308, 309, 310, 311, 312, 313, 314, 315, 316, 317, 318, 319, 320, 321, 322, 323, 324, 325, 326, 327, 328, 329, 330, 331, 332, 333, 334, 335, 336, 337, 574, 575, 576, 577, 578, 579, 580, 581, 582, 583, 584, 585, 586, 587, 588, 589, 590, 591, 592, 593, 594, 595, 596, 597, 598, 599, 600, 601, 602, 603, 604, 605, 606, 607, 608, 609, 610, 611, 612, 613, 614, 615, 616, 617, 618, 619, 620, 621, 622, 623, 624, 625, 626, 627, 628, 629, 630, 631, 632, 633, 634, 635, 636, 637, 638, 639, 640, 641, 642, 643, 644, 645, 646, 647, 648, 649, 650, 651, 652, 653, 654, 655, 656, 657, 658, 659, 660, 661, 662, 663, 664, 665, 666, 667, 668, 669, 670, 671, 672, 673, 674, 675, 676, 677, 678, 679, 680, 681, 682, 683, 684, 685, 686, 687, 688, 689, 690, 691, 692, 693, 694, 695, 696, 697, 698, 699, 700, 701, 702, 703, 704, 705, 706, 707, 708, 709, 710, 711, 712, 713, 714, 715, 716, 717, 718, 719, 720, 721, 722, 723, 724, 725, 726, 727, 728, 729, 730, 731, 732, 733, 734, 735, 736, 737, 738, 739, 740, 741, 742, 743, 744, 745, 746, 747, 748, 749, 750, 751, 752, 753, 754, 755, 756, 757, 758, 759, 760, 761, 762, 763, 764, 765, 766, 767, 768, 769, 770, 771, 772, 773, 774, 775, 776, 777, 778, 779, 780, 781, 782, 783, 784, 785, 786, 787, 788, 789, 790, 791, 792, 793]","[128, 131, 599, 602]","[128, 131, 179, 409, 599, 602, 650, 859]","[10, 75, 103, 104, 106, 117, 118, 120, 127, 128, 129, 131, 133, 135, 136, 137, 139, 146, 147, 148, 149, 151, 158, 160, 162, 166, 173, 178, 179, 185, 190, 192, 198, 201, 203, 204, 206, 207, 212, 213, 214, 219, 223, 224, 225, 227, 230, 235, 237, 246, 247, 256, 259, 262, 263, 266, 268, 269, 271, 272, 278, 279, 284, 285, 288, 290, 292, 304, 306, 312, 316, 319, 320, 323, 324, 329, 332, 335, 495, 549, 574, 575, 577, 588, 589, 591, 598, 599, 600, 602, 604, 606, 607, 608, 610, 617, 618, 619, 620, 622, 625, 630, 632, 634, 638, 644, 649, 650, 656, 661, 663, 669, 673, 674, 676, 677, 682, 683, 684, 687, 688, 689, 691, 694, 699, 701, 710, 718, 722, 723, 727, 728, 730, 731, 737, 738, 743, 744, 747, 749, 751, 762, 764, 770, 774, 777, 778, 781, 782, 789, 791]","[12, 24, 25, 28, 88, 100, 104, 119, 123, 129, 136, 137, 139, 140, 141, 148, 155, 169, 172, 179, 183, 185, 188, 196, 198, 217, 237, 267, 270, 278, 319, 321, 324, 325, 330, 334, 335, 354, 366, 369, 380, 383, 384, 386, 395, 407, 411, 423, 428, 436, 437, 452, 453, 456, 467, 471, 477, 478, 479, 497, 508, 511, 559, 571, 575, 590, 594, 600, 607, 608, 610, 611, 612, 619, 627, 640, 643, 650, 654, 656, 659, 667, 669, 685, 701, 726, 729, 737, 777, 779, 782, 783, 787, 790, 791, 809, 817, 819, 830, 833, 834, 836, 845, 856, 857, 860, 862, 875, 880, 887, 888, 899, 900, 914, 918, 921, 928, 929, 930]","[12, 24, 25, 28, 88, 100, 104, 119, 123, 129, 136, 137, 139, 140, 141, 148, 155, 169, 172, 179, 183, 185, 188, 196, 198, 217, 237, 267, 270, 278, 319, 321, 324, 325, 330, 334, 335, 354, 366, 369, 380, 383, 384, 386, 395, 407, 411, 423, 428, 436, 437, 452, 453, 456, 467, 471, 477, 478, 479, 497, 508, 511, 559, 571, 575, 590, 594, 600, 607, 608, 610, 611, 612, 619, 627, 640, 643, 650, 654, 656, 659, 667, 669, 685, 701, 726, 729, 737, 777, 779, 782, 783, 787, 790, 791, 809, 817, 819, 830, 833, 834, 836, 845, 856, 857, 860, 862, 875, 880, 887, 888, 899, 900, 914, 918, 921, 928, 929, 930]",7/6 successful match,True,[410],True,305,False,,,,,
"Pixley , 93256 Chevron Truck Stop .",559-757-3360 CA 99 Exit 70 B (,HRS S 0,Pixley,93256,Chevron Truck Stop .,559-757-3360,2007,Pixley,CA,Chevron,(,CA 99 Exit 70 B ,Exit,70,False,,False,CA 99,,,,,"[602, 131]","[128, 131, 599, 602]","[128, 131, 599, 602]","[128, 131, 179, 409, 599, 602, 650, 859]","[103, 104, 105, 106, 107, 108, 109, 110, 111, 112, 113, 114, 115, 116, 117, 118, 119, 120, 121, 122, 123, 124, 125, 126, 127, 128, 129, 130, 131, 132, 133, 134, 135, 136, 137, 138, 139, 140, 141, 142, 143, 144, 145, 146, 147, 148, 149, 150, 151, 152, 153, 154, 155, 156, 157, 158, 159, 160, 161, 162, 163, 164, 165, 166, 167, 168, 169, 170, 171, 172, 173, 174, 175, 176, 177, 178, 179, 180, 181, 182, 183, 184, 185, 186, 187, 188, 189, 190, 191, 192, 193, 194, 195, 196, 197, 198, 199, 200, 201, 202, 203, 204, 205, 206, 207, 208, 209, 210, 211, 212, 213, 214, 215, 216, 217, 218, 219, 220, 221, 222, 223, 224, 225, 226, 227, 228, 229, 230, 231, 232, 233, 234, 235, 236, 237, 238, 239, 240, 241, 242, 243, 244, 245, 246, 247, 248, 249, 250, 251, 252, 253, 254, 255, 256, 257, 258, 259, 260, 261, 262, 263, 264, 265, 266, 267, 268, 269, 270, 271, 272, 273, 274, 275, 276, 277, 278, 279, 280, 281, 282, 283, 284, 285, 286, 287, 288, 289, 290, 291, 292, 293, 294, 295, 296, 297, 298, 299, 300, 301, 302, 303, 304, 305, 306, 307, 308, 309, 310, 311, 312, 313, 314, 315, 316, 317, 318, 319, 320, 321, 322, 323, 324, 325, 326, 327, 328, 329, 330, 331, 332, 333, 334, 335, 336, 337, 574, 575, 576, 577, 578, 579, 580, 581, 582, 583, 584, 585, 586, 587, 588, 589, 590, 591, 592, 593, 594, 595, 596, 597, 598, 599, 600, 601, 602, 603, 604, 605, 606, 607, 608, 609, 610, 611, 612, 613, 614, 615, 616, 617, 618, 619, 620, 621, 622, 623, 624, 625, 626, 627, 628, 629, 630, 631, 632, 633, 634, 635, 636, 637, 638, 639, 640, 641, 642, 643, 644, 645, 646, 647, 648, 649, 650, 651, 652, 653, 654, 655, 656, 657, 658, 659, 660, 661, 662, 663, 664, 665, 666, 667, 668, 669, 670, 671, 672, 673, 674, 675, 676, 677, 678, 679, 680, 681, 682, 683, 684, 685, 686, 687, 688, 689, 690, 691, 692, 693, 694, 695, 696, 697, 698, 699, 700, 701, 702, 703, 704, 705, 706, 707, 708, 709, 710, 711, 712, 713, 714, 715, 716, 717, 718, 719, 720, 721, 722, 723, 724, 725, 726, 727, 728, 729, 730, 731, 732, 733, 734, 735, 736, 737, 738, 739, 740, 741, 742, 743, 744, 745, 746, 747, 748, 749, 750, 751, 752, 753, 754, 755, 756, 757, 758, 759, 760, 761, 762, 763, 764, 765, 766, 767, 768, 769, 770, 771, 772, 773, 774, 775, 776, 777, 778, 779, 780, 781, 782, 783, 784, 785, 786, 787, 788, 789, 790, 791, 792, 793]","[10, 75, 103, 104, 106, 117, 118, 120, 127, 128, 129, 131, 133, 135, 136, 137, 139, 146, 147, 148, 149, 151, 158, 160, 162, 166, 173, 178, 179, 185, 190, 192, 198, 201, 203, 204, 206, 207, 212, 213, 214, 219, 223, 224, 225, 227, 230, 235, 237, 246, 247, 256, 259, 262, 263, 266, 268, 269, 271, 272, 278, 279, 284, 285, 288, 290, 292, 304, 306, 312, 316, 319, 320, 323, 324, 329, 332, 335, 495, 549, 574, 575, 577, 588, 589, 591, 598, 599, 600, 602, 604, 606, 607, 608, 610, 617, 618, 619, 620, 622, 625, 630, 632, 634, 638, 644, 649, 650, 656, 661, 663, 669, 673, 674, 676, 677, 682, 683, 684, 687, 688, 689, 691, 694, 699, 701, 710, 718, 722, 723, 727, 728, 730, 731, 737, 738, 743, 744, 747, 749, 751, 762, 764, 770, 774, 777, 778, 781, 782, 789, 791]","[12, 24, 25, 28, 88, 100, 104, 119, 123, 129, 136, 137, 139, 140, 141, 148, 155, 169, 172, 179, 183, 185, 188, 196, 198, 217, 237, 267, 270, 278, 319, 321, 324, 325, 330, 334, 335, 354, 366, 369, 380, 383, 384, 386, 395, 407, 411, 423, 428, 436, 437, 452, 453, 456, 467, 471, 477, 478, 479, 497, 508, 511, 559, 571, 575, 590, 594, 600, 607, 608, 610, 611, 612, 619, 627, 640, 643, 650, 654, 656, 659, 667, 669, 685, 701, 726, 729, 737, 777, 779, 782, 783, 787, 790, 791, 809, 817, 819, 830, 833, 834, 836, 845, 856, 857, 860, 862, 875, 880, 887, 888, 899, 900, 914, 918, 921, 928, 929, 930]","[12, 24, 25, 28, 88, 100, 104, 119, 123, 129, 136, 137, 139, 140, 141, 148, 155, 169, 172, 179, 183, 185, 188, 196, 198, 217, 237, 267, 270, 278, 319, 321, 324, 325, 330, 334, 335, 354, 366, 369, 380, 383, 384, 386, 395, 407, 411, 423, 428, 436, 437, 452, 453, 456, 467, 471, 477, 478, 479, 497, 508, 511, 559, 571, 575, 590, 594, 600, 607, 608, 610, 611, 612, 619, 627, 640, 643, 650, 654, 656, 659, 667, 669, 685, 701, 726, 729, 737, 777, 779, 782, 783, 787, 790, 791, 809, 817, 819, 830, 833, 834, 836, 845, 856, 857, 860, 862, 875, 880, 887, 888, 899, 900, 914, 918, 921, 928, 929, 930]","[10, 12, 24, 25, 28, 75, 88, 100, 103, 104, 105, 106, 107, 108, 109, 110, 111, 112, 113, 114, 115, 116, 117, 118, 119, 120, 121, 122, 123, 124, 125, 126, 127, 128, 129, 130, 131, 132, 133, 134, 135, 136, 137, 138, 139, 140, 141, 142, 143, 144, 145, 146, 147, 148, 149, 150, 151, 152, 153, 154, 155, 156, 157, 158, 159, 160, 161, 162, 163, 164, 165, 166, 167, 168, 169, 170, 171, 172, 173, 174, 175, 176, 177, 178, 179, 180, 181, 182, 183, 184, 185, 186, 187, 188, 189, 190, 191, 192, 193, 194, 195, 196, 197, 198, 199, 200, 201, 202, 203, 204, 205, 206, 207, 208, 209, 210, 211, 212, 213, 214, 215, 216, 217, 218, 219, 220, 221, 222, 223, 224, 225, 226, 227, 228, 229, 230, 231, 232, 233, 234, 235, 236, 237, 238, 239, 240, 241, 242, 243, 244, 245, 246, 247, 248, 249, 250, 251, 252, 253, 254, 255, 256, 257, 258, 259, 260, 261, 262, 263, 264, 265, 266, 267, 268, 269, 270, 271, 272, 273, 274, 275, 276, 277, 278, 279, 280, 281, 282, 283, 284, 285, 286, 287, 288, 289, 290, 291, 292, 293, 294, 295, 296, 297, 298, 299, 300, 301, 302, 303, 304, 305, 306, 307, 308, 309, 310, 311, 312, 313, 314, 315, 316, 317, 318, 319, 320, 321, 322, 323, 324, 325, 326, 327, 328, 329, 330, 331, 332, 333, 334, 335, 336, 337, 354, 366, 369, 380, 383, 384, 386, 395, 407, 409, 411, 423, 428, 436, 437, 452, 453, 456, 467, 471, 477, 478, 479, 495, 497, 508, 511, 549, 559, 571, 574, 575, 576, 577, 578, 579, 580, 581, 582, 583, 584, 585, 586, 587, 588, 589, 590, 591, 592, 593, 594, 595, 596, 597, 598, 599, 600, 601, 602, 603, 604, 605, 606, 607, 608, 609, 610, 611, 612, 613, 614, 615, 616, 617, 618, 619, 620, 621, 622, 623, 624, 625, 626, 627, 628, 629, 630, 631, 632, 633, 634, 635, 636, 637, 638, 639, 640, 641, 642, 643, 644, 645, 646, 647, 648, 649, 650, 651, 652, 653, 654, 655, 656, 657, 658, 659, 660, 661, 662, 663, 664, 665, 666, 667, 668, 669, 670, 671, 672, 673, 674, 675, 676, 677, 678, 679, 680, 681, 682, 683, 684, 685, 686, 687, 688, 689, 690, 691, 692, 693, 694, 695, 696, 697, 698, 699, 700, 701, 702, 703, 704, 705, 706, 707, 708, 709, 710, 711, 712, 713, 714, 715, 716, 717, 718, 719, 720, 721, 722, 723, 724, 725, 726, 727, 728, 729, 730, 731, 732, 733, 734, 735, 736, 737, 738, 739, 740, 741, 742, 743, 744, 745, 746, 747, 748, 749, 750, 751, 752, 753, 754, 755, 756, 757, 758, 759, 760, 761, 762, 763, 764, 765, 766, 767, 768, 769, 770, 771, 772, 773, 774, 775, 776, 777, 778, 779, 780, 781, 782, 783, 784, 785, 786, 787, 788, 789, 790, 791, 792, 793, 809, 817, 819, 830, 833, 834, 836, 845, 856, 857, 859, 860, 862, 875, 880, 887, 888, 899, 900, 914, 918, 921, 928, 929, 930]",True,"[128, 131, 599, 602]","[103, 104, 105, 106, 107, 108, 109, 110, 111, 112, 113, 114, 115, 116, 117, 118, 119, 120, 121, 122, 123, 124, 125, 126, 127, 128, 129, 130, 131, 132, 133, 134, 135, 136, 137, 138, 139, 140, 141, 142, 143, 144, 145, 146, 147, 148, 149, 150, 151, 152, 153, 154, 155, 156, 157, 158, 159, 160, 161, 162, 163, 164, 165, 166, 167, 168, 169, 170, 171, 172, 173, 174, 175, 176, 177, 178, 179, 180, 181, 182, 183, 184, 185, 186, 187, 188, 189, 190, 191, 192, 193, 194, 195, 196, 197, 198, 199, 200, 201, 202, 203, 204, 205, 206, 207, 208, 209, 210, 211, 212, 213, 214, 215, 216, 217, 218, 219, 220, 221, 222, 223, 224, 225, 226, 227, 228, 229, 230, 231, 232, 233, 234, 235, 236, 237, 238, 239, 240, 241, 242, 243, 244, 245, 246, 247, 248, 249, 250, 251, 252, 253, 254, 255, 256, 257, 258, 259, 260, 261, 262, 263, 264, 265, 266, 267, 268, 269, 270, 271, 272, 273, 274, 275, 276, 277, 278, 279, 280, 281, 282, 283, 284, 285, 286, 287, 288, 289, 290, 291, 292, 293, 294, 295, 296, 297, 298, 299, 300, 301, 302, 303, 304, 305, 306, 307, 308, 309, 310, 311, 312, 313, 314, 315, 316, 317, 318, 319, 320, 321, 322, 323, 324, 325, 326, 327, 328, 329, 330, 331, 332, 333, 334, 335, 336, 337, 574, 575, 576, 577, 578, 579, 580, 581, 582, 583, 584, 585, 586, 587, 588, 589, 590, 591, 592, 593, 594, 595, 596, 597, 598, 599, 600, 601, 602, 603, 604, 605, 606, 607, 608, 609, 610, 611, 612, 613, 614, 615, 616, 617, 618, 619, 620, 621, 622, 623, 624, 625, 626, 627, 628, 629, 630, 631, 632, 633, 634, 635, 636, 637, 638, 639, 640, 641, 642, 643, 644, 645, 646, 647, 648, 649, 650, 651, 652, 653, 654, 655, 656, 657, 658, 659, 660, 661, 662, 663, 664, 665, 666, 667, 668, 669, 670, 671, 672, 673, 674, 675, 676, 677, 678, 679, 680, 681, 682, 683, 684, 685, 686, 687, 688, 689, 690, 691, 692, 693, 694, 695, 696, 697, 698, 699, 700, 701, 702, 703, 704, 705, 706, 707, 708, 709, 710, 711, 712, 713, 714, 715, 716, 717, 718, 719, 720, 721, 722, 723, 724, 725, 726, 727, 728, 729, 730, 731, 732, 733, 734, 735, 736, 737, 738, 739, 740, 741, 742, 743, 744, 745, 746, 747, 748, 749, 750, 751, 752, 753, 754, 755, 756, 757, 758, 759, 760, 761, 762, 763, 764, 765, 766, 767, 768, 769, 770, 771, 772, 773, 774, 775, 776, 777, 778, 779, 780, 781, 782, 783, 784, 785, 786, 787, 788, 789, 790, 791, 792, 793]","[128, 131, 599, 602]","[128, 131, 179, 409, 599, 602, 650, 859]","[10, 75, 103, 104, 106, 117, 118, 120, 127, 128, 129, 131, 133, 135, 136, 137, 139, 146, 147, 148, 149, 151, 158, 160, 162, 166, 173, 178, 179, 185, 190, 192, 198, 201, 203, 204, 206, 207, 212, 213, 214, 219, 223, 224, 225, 227, 230, 235, 237, 246, 247, 256, 259, 262, 263, 266, 268, 269, 271, 272, 278, 279, 284, 285, 288, 290, 292, 304, 306, 312, 316, 319, 320, 323, 324, 329, 332, 335, 495, 549, 574, 575, 577, 588, 589, 591, 598, 599, 600, 602, 604, 606, 607, 608, 610, 617, 618, 619, 620, 622, 625, 630, 632, 634, 638, 644, 649, 650, 656, 661, 663, 669, 673, 674, 676, 677, 682, 683, 684, 687, 688, 689, 691, 694, 699, 701, 710, 718, 722, 723, 727, 728, 730, 731, 737, 738, 743, 744, 747, 749, 751, 762, 764, 770, 774, 777, 778, 781, 782, 789, 791]","[12, 24, 25, 28, 88, 100, 104, 119, 123, 129, 136, 137, 139, 140, 141, 148, 155, 169, 172, 179, 183, 185, 188, 196, 198, 217, 237, 267, 270, 278, 319, 321, 324, 325, 330, 334, 335, 354, 366, 369, 380, 383, 384, 386, 395, 407, 411, 423, 428, 436, 437, 452, 453, 456, 467, 471, 477, 478, 479, 497, 508, 511, 559, 571, 575, 590, 594, 600, 607, 608, 610, 611, 612, 619, 627, 640, 643, 650, 654, 656, 659, 667, 669, 685, 701, 726, 729, 737, 777, 779, 782, 783, 787, 790, 791, 809, 817, 819, 830, 833, 834, 836, 845, 856, 857, 860, 862, 875, 880, 887, 888, 899, 900, 914, 918, 921, 928, 929, 930]","[12, 24, 25, 28, 88, 100, 104, 119, 123, 129, 136, 137, 139, 140, 141, 148, 155, 169, 172, 179, 183, 185, 188, 196, 198, 217, 237, 267, 270, 278, 319, 321, 324, 325, 330, 334, 335, 354, 366, 369, 380, 383, 384, 386, 395, 407, 411, 423, 428, 436, 437, 452, 453, 456, 467, 471, 477, 478, 479, 497, 508, 511, 559, 571, 575, 590, 594, 600, 607, 608, 610, 611, 612, 619, 627, 640, 643, 650, 654, 656, 659, 667, 669, 685, 701, 726, 729, 737, 777, 779, 782, 783, 787, 790, 791, 809, 817, 819, 830, 833, 834, 836, 845, 856, 857, 860, 862, 875, 880, 887, 888, 899, 900, 914, 918, 921, 928, 929, 930]",7/6 successful match,True,[410],True,305,False,,0.975,True,Chevron Truck Stop ),Chevron
"Pixley , 93256 Chevron Truck St Stop ( Pismo City E )",559-757-3360 CA 99 Exit 70 B (,24 S O D,Pixley,93256,Chevron Truck St Stop ( Pismo City E ),559-757-3360,2008,Pixley,CA,Chevron,(,CA 99 Exit 70 B ,Exit,70,False,,False,CA 99,,,,,"[602, 131]","[128, 131, 599, 602]","[128, 131, 599, 602]","[128, 131, 179, 409, 599, 602, 650, 859]","[103, 104, 105, 106, 107, 108, 109, 110, 111, 112, 113, 114, 115, 116, 117, 118, 119, 120, 121, 122, 123, 124, 125, 126, 127, 128, 129, 130, 131, 132, 133, 134, 135, 136, 137, 138, 139, 140, 141, 142, 143, 144, 145, 146, 147, 148, 149, 150, 151, 152, 153, 154, 155, 156, 157, 158, 159, 160, 161, 162, 163, 164, 165, 166, 167, 168, 169, 170, 171, 172, 173, 174, 175, 176, 177, 178, 179, 180, 181, 182, 183, 184, 185, 186, 187, 188, 189, 190, 191, 192, 193, 194, 195, 196, 197, 198, 199, 200, 201, 202, 203, 204, 205, 206, 207, 208, 209, 210, 211, 212, 213, 214, 215, 216, 217, 218, 219, 220, 221, 222, 223, 224, 225, 226, 227, 228, 229, 230, 231, 232, 233, 234, 235, 236, 237, 238, 239, 240, 241, 242, 243, 244, 245, 246, 247, 248, 249, 250, 251, 252, 253, 254, 255, 256, 257, 258, 259, 260, 261, 262, 263, 264, 265, 266, 267, 268, 269, 270, 271, 272, 273, 274, 275, 276, 277, 278, 279, 280, 281, 282, 283, 284, 285, 286, 287, 288, 289, 290, 291, 292, 293, 294, 295, 296, 297, 298, 299, 300, 301, 302, 303, 304, 305, 306, 307, 308, 309, 310, 311, 312, 313, 314, 315, 316, 317, 318, 319, 320, 321, 322, 323, 324, 325, 326, 327, 328, 329, 330, 331, 332, 333, 334, 335, 336, 337, 574, 575, 576, 577, 578, 579, 580, 581, 582, 583, 584, 585, 586, 587, 588, 589, 590, 591, 592, 593, 594, 595, 596, 597, 598, 599, 600, 601, 602, 603, 604, 605, 606, 607, 608, 609, 610, 611, 612, 613, 614, 615, 616, 617, 618, 619, 620, 621, 622, 623, 624, 625, 626, 627, 628, 629, 630, 631, 632, 633, 634, 635, 636, 637, 638, 639, 640, 641, 642, 643, 644, 645, 646, 647, 648, 649, 650, 651, 652, 653, 654, 655, 656, 657, 658, 659, 660, 661, 662, 663, 664, 665, 666, 667, 668, 669, 670, 671, 672, 673, 674, 675, 676, 677, 678, 679, 680, 681, 682, 683, 684, 685, 686, 687, 688, 689, 690, 691, 692, 693, 694, 695, 696, 697, 698, 699, 700, 701, 702, 703, 704, 705, 706, 707, 708, 709, 710, 711, 712, 713, 714, 715, 716, 717, 718, 719, 720, 721, 722, 723, 724, 725, 726, 727, 728, 729, 730, 731, 732, 733, 734, 735, 736, 737, 738, 739, 740, 741, 742, 743, 744, 745, 746, 747, 748, 749, 750, 751, 752, 753, 754, 755, 756, 757, 758, 759, 760, 761, 762, 763, 764, 765, 766, 767, 768, 769, 770, 771, 772, 773, 774, 775, 776, 777, 778, 779, 780, 781, 782, 783, 784, 785, 786, 787, 788, 789, 790, 791, 792, 793]","[10, 75, 103, 104, 106, 117, 118, 120, 127, 128, 129, 131, 133, 135, 136, 137, 139, 146, 147, 148, 149, 151, 158, 160, 162, 166, 173, 178, 179, 185, 190, 192, 198, 201, 203, 204, 206, 207, 212, 213, 214, 219, 223, 224, 225, 227, 230, 235, 237, 246, 247, 256, 259, 262, 263, 266, 268, 269, 271, 272, 278, 279, 284, 285, 288, 290, 292, 304, 306, 312, 316, 319, 320, 323, 324, 329, 332, 335, 495, 549, 574, 575, 577, 588, 589, 591, 598, 599, 600, 602, 604, 606, 607, 608, 610, 617, 618, 619, 620, 622, 625, 630, 632, 634, 638, 644, 649, 650, 656, 661, 663, 669, 673, 674, 676, 677, 682, 683, 684, 687, 688, 689, 691, 694, 699, 701, 710, 718, 722, 723, 727, 728, 730, 731, 737, 738, 743, 744, 747, 749, 751, 762, 764, 770, 774, 777, 778, 781, 782, 789, 791]","[12, 24, 25, 28, 88, 100, 104, 119, 123, 129, 136, 137, 139, 140, 141, 148, 155, 169, 172, 179, 183, 185, 188, 196, 198, 217, 237, 267, 270, 278, 319, 321, 324, 325, 330, 334, 335, 354, 366, 369, 380, 383, 384, 386, 395, 407, 411, 423, 428, 436, 437, 452, 453, 456, 467, 471, 477, 478, 479, 497, 508, 511, 559, 571, 575, 590, 594, 600, 607, 608, 610, 611, 612, 619, 627, 640, 643, 650, 654, 656, 659, 667, 669, 685, 701, 726, 729, 737, 777, 779, 782, 783, 787, 790, 791, 809, 817, 819, 830, 833, 834, 836, 845, 856, 857, 860, 862, 875, 880, 887, 888, 899, 900, 914, 918, 921, 928, 929, 930]","[12, 24, 25, 28, 88, 100, 104, 119, 123, 129, 136, 137, 139, 140, 141, 148, 155, 169, 172, 179, 183, 185, 188, 196, 198, 217, 237, 267, 270, 278, 319, 321, 324, 325, 330, 334, 335, 354, 366, 369, 380, 383, 384, 386, 395, 407, 411, 423, 428, 436, 437, 452, 453, 456, 467, 471, 477, 478, 479, 497, 508, 511, 559, 571, 575, 590, 594, 600, 607, 608, 610, 611, 612, 619, 627, 640, 643, 650, 654, 656, 659, 667, 669, 685, 701, 726, 729, 737, 777, 779, 782, 783, 787, 790, 791, 809, 817, 819, 830, 833, 834, 836, 845, 856, 857, 860, 862, 875, 880, 887, 888, 899, 900, 914, 918, 921, 928, 929, 930]","[10, 12, 24, 25, 28, 75, 88, 100, 103, 104, 105, 106, 107, 108, 109, 110, 111, 112, 113, 114, 115, 116, 117, 118, 119, 120, 121, 122, 123, 124, 125, 126, 127, 128, 129, 130, 131, 132, 133, 134, 135, 136, 137, 138, 139, 140, 141, 142, 143, 144, 145, 146, 147, 148, 149, 150, 151, 152, 153, 154, 155, 156, 157, 158, 159, 160, 161, 162, 163, 164, 165, 166, 167, 168, 169, 170, 171, 172, 173, 174, 175, 176, 177, 178, 179, 180, 181, 182, 183, 184, 185, 186, 187, 188, 189, 190, 191, 192, 193, 194, 195, 196, 197, 198, 199, 200, 201, 202, 203, 204, 205, 206, 207, 208, 209, 210, 211, 212, 213, 214, 215, 216, 217, 218, 219, 220, 221, 222, 223, 224, 225, 226, 227, 228, 229, 230, 231, 232, 233, 234, 235, 236, 237, 238, 239, 240, 241, 242, 243, 244, 245, 246, 247, 248, 249, 250, 251, 252, 253, 254, 255, 256, 257, 258, 259, 260, 261, 262, 263, 264, 265, 266, 267, 268, 269, 270, 271, 272, 273, 274, 275, 276, 277, 278, 279, 280, 281, 282, 283, 284, 285, 286, 287, 288, 289, 290, 291, 292, 293, 294, 295, 296, 297, 298, 299, 300, 301, 302, 303, 304, 305, 306, 307, 308, 309, 310, 311, 312, 313, 314, 315, 316, 317, 318, 319, 320, 321, 322, 323, 324, 325, 326, 327, 328, 329, 330, 331, 332, 333, 334, 335, 336, 337, 354, 366, 369, 380, 383, 384, 386, 395, 407, 409, 411, 423, 428, 436, 437, 452, 453, 456, 467, 471, 477, 478, 479, 495, 497, 508, 511, 549, 559, 571, 574, 575, 576, 577, 578, 579, 580, 581, 582, 583, 584, 585, 586, 587, 588, 589, 590, 591, 592, 593, 594, 595, 596, 597, 598, 599, 600, 601, 602, 603, 604, 605, 606, 607, 608, 609, 610, 611, 612, 613, 614, 615, 616, 617, 618, 619, 620, 621, 622, 623, 624, 625, 626, 627, 628, 629, 630, 631, 632, 633, 634, 635, 636, 637, 638, 639, 640, 641, 642, 643, 644, 645, 646, 647, 648, 649, 650, 651, 652, 653, 654, 655, 656, 657, 658, 659, 660, 661, 662, 663, 664, 665, 666, 667, 668, 669, 670, 671, 672, 673, 674, 675, 676, 677, 678, 679, 680, 681, 682, 683, 684, 685, 686, 687, 688, 689, 690, 691, 692, 693, 694, 695, 696, 697, 698, 699, 700, 701, 702, 703, 704, 705, 706, 707, 708, 709, 710, 711, 712, 713, 714, 715, 716, 717, 718, 719, 720, 721, 722, 723, 724, 725, 726, 727, 728, 729, 730, 731, 732, 733, 734, 735, 736, 737, 738, 739, 740, 741, 742, 743, 744, 745, 746, 747, 748, 749, 750, 751, 752, 753, 754, 755, 756, 757, 758, 759, 760, 761, 762, 763, 764, 765, 766, 767, 768, 769, 770, 771, 772, 773, 774, 775, 776, 777, 778, 779, 780, 781, 782, 783, 784, 785, 786, 787, 788, 789, 790, 791, 792, 793, 809, 817, 819, 830, 833, 834, 836, 845, 856, 857, 859, 860, 862, 875, 880, 887, 888, 899, 900, 914, 918, 921, 928, 929, 930]",True,"[128, 131, 599, 602]","[103, 104, 105, 106, 107, 108, 109, 110, 111, 112, 113, 114, 115, 116, 117, 118, 119, 120, 121, 122, 123, 124, 125, 126, 127, 128, 129, 130, 131, 132, 133, 134, 135, 136, 137, 138, 139, 140, 141, 142, 143, 144, 145, 146, 147, 148, 149, 150, 151, 152, 153, 154, 155, 156, 157, 158, 159, 160, 161, 162, 163, 164, 165, 166, 167, 168, 169, 170, 171, 172, 173, 174, 175, 176, 177, 178, 179, 180, 181, 182, 183, 184, 185, 186, 187, 188, 189, 190, 191, 192, 193, 194, 195, 196, 197, 198, 199, 200, 201, 202, 203, 204, 205, 206, 207, 208, 209, 210, 211, 212, 213, 214, 215, 216, 217, 218, 219, 220, 221, 222, 223, 224, 225, 226, 227, 228, 229, 230, 231, 232, 233, 234, 235, 236, 237, 238, 239, 240, 241, 242, 243, 244, 245, 246, 247, 248, 249, 250, 251, 252, 253, 254, 255, 256, 257, 258, 259, 260, 261, 262, 263, 264, 265, 266, 267, 268, 269, 270, 271, 272, 273, 274, 275, 276, 277, 278, 279, 280, 281, 282, 283, 284, 285, 286, 287, 288, 289, 290, 291, 292, 293, 294, 295, 296, 297, 298, 299, 300, 301, 302, 303, 304, 305, 306, 307, 308, 309, 310, 311, 312, 313, 314, 315, 316, 317, 318, 319, 320, 321, 322, 323, 324, 325, 326, 327, 328, 329, 330, 331, 332, 333, 334, 335, 336, 337, 574, 575, 576, 577, 578, 579, 580, 581, 582, 583, 584, 585, 586, 587, 588, 589, 590, 591, 592, 593, 594, 595, 596, 597, 598, 599, 600, 601, 602, 603, 604, 605, 606, 607, 608, 609, 610, 611, 612, 613, 614, 615, 616, 617, 618, 619, 620, 621, 622, 623, 624, 625, 626, 627, 628, 629, 630, 631, 632, 633, 634, 635, 636, 637, 638, 639, 640, 641, 642, 643, 644, 645, 646, 647, 648, 649, 650, 651, 652, 653, 654, 655, 656, 657, 658, 659, 660, 661, 662, 663, 664, 665, 666, 667, 668, 669, 670, 671, 672, 673, 674, 675, 676, 677, 678, 679, 680, 681, 682, 683, 684, 685, 686, 687, 688, 689, 690, 691, 692, 693, 694, 695, 696, 697, 698, 699, 700, 701, 702, 703, 704, 705, 706, 707, 708, 709, 710, 711, 712, 713, 714, 715, 716, 717, 718, 719, 720, 721, 722, 723, 724, 725, 726, 727, 728, 729, 730, 731, 732, 733, 734, 735, 736, 737, 738, 739, 740, 741, 742, 743, 744, 745, 746, 747, 748, 749, 750, 751, 752, 753, 754, 755, 756, 757, 758, 759, 760, 761, 762, 763, 764, 765, 766, 767, 768, 769, 770, 771, 772, 773, 774, 775, 776, 777, 778, 779, 780, 781, 782, 783, 784, 785, 786, 787, 788, 789, 790, 791, 792, 793]","[128, 131, 599, 602]","[128, 131, 179, 409, 599, 602, 650, 859]","[10, 75, 103, 104, 106, 117, 118, 120, 127, 128, 129, 131, 133, 135, 136, 137, 139, 146, 147, 148, 149, 151, 158, 160, 162, 166, 173, 178, 179, 185, 190, 192, 198, 201, 203, 204, 206, 207, 212, 213, 214, 219, 223, 224, 225, 227, 230, 235, 237, 246, 247, 256, 259, 262, 263, 266, 268, 269, 271, 272, 278, 279, 284, 285, 288, 290, 292, 304, 306, 312, 316, 319, 320, 323, 324, 329, 332, 335, 495, 549, 574, 575, 577, 588, 589, 591, 598, 599, 600, 602, 604, 606, 607, 608, 610, 617, 618, 619, 620, 622, 625, 630, 632, 634, 638, 644, 649, 650, 656, 661, 663, 669, 673, 674, 676, 677, 682, 683, 684, 687, 688, 689, 691, 694, 699, 701, 710, 718, 722, 723, 727, 728, 730, 731, 737, 738, 743, 744, 747, 749, 751, 762, 764, 770, 774, 777, 778, 781, 782, 789, 791]","[12, 24, 25, 28, 88, 100, 104, 119, 123, 129, 136, 137, 139, 140, 141, 148, 155, 169, 172, 179, 183, 185, 188, 196, 198, 217, 237, 267, 270, 278, 319, 321, 324, 325, 330, 334, 335, 354, 366, 369, 380, 383, 384, 386, 395, 407, 411, 423, 428, 436, 437, 452, 453, 456, 467, 471, 477, 478, 479, 497, 508, 511, 559, 571, 575, 590, 594, 600, 607, 608, 610, 611, 612, 619, 627, 640, 643, 650, 654, 656, 659, 667, 669, 685, 701, 726, 729, 737, 777, 779, 782, 783, 787, 790, 791, 809, 817, 819, 830, 833, 834, 836, 845, 856, 857, 860, 862, 875, 880, 887, 888, 899, 900, 914, 918, 921, 928, 929, 930]","[12, 24, 25, 28, 88, 100, 104, 119, 123, 129, 136, 137, 139, 140, 141, 148, 155, 169, 172, 179, 183, 185, 188, 196, 198, 217, 237, 267, 270, 278, 319, 321, 324, 325, 330, 334, 335, 354, 366, 369, 380, 383, 384, 386, 395, 407, 411, 423, 428, 436, 437, 452, 453, 456, 467, 471, 477, 478, 479, 497, 508, 511, 559, 571, 575, 590, 594, 600, 607, 608, 610, 611, 612, 619, 627, 640, 643, 650, 654, 656, 659, 667, 669, 685, 701, 726, 729, 737, 777, 779, 782, 783, 787, 790, 791, 809, 817, 819, 830, 833, 834, 836, 845, 856, 857, 860, 862, 875, 880, 887, 888, 899, 900, 914, 918, 921, 928, 929, 930]",7/6 successful match,True,[410],True,305,False,,0.8275862068965517,True,Chevron Truck Stop .,Chevron
Pixley ( 93256 ) Bob's Truck Stop,4 559-757-3360 CA 99 Exit 70 B ( Court St E ),24 <U+25A1>,Pixley,93256,Bob's Truck Stop,559-757-3360,2014,Pixley,CA,,( Court St E ),CA 99 Exit 70 B ,Exit,70,False,,False,CA 99,,,,,"[602, 131]","[128, 131, 599, 602]","[128, 131, 599, 602]","[128, 131, 179, 409, 599, 602, 650, 859]","[103, 104, 105, 106, 107, 108, 109, 110, 111, 112, 113, 114, 115, 116, 117, 118, 119, 120, 121, 122, 123, 124, 125, 126, 127, 128, 129, 130, 131, 132, 133, 134, 135, 136, 137, 138, 139, 140, 141, 142, 143, 144, 145, 146, 147, 148, 149, 150, 151, 152, 153, 154, 155, 156, 157, 158, 159, 160, 161, 162, 163, 164, 165, 166, 167, 168, 169, 170, 171, 172, 173, 174, 175, 176, 177, 178, 179, 180, 181, 182, 183, 184, 185, 186, 187, 188, 189, 190, 191, 192, 193, 194, 195, 196, 197, 198, 199, 200, 201, 202, 203, 204, 205, 206, 207, 208, 209, 210, 211, 212, 213, 214, 215, 216, 217, 218, 219, 220, 221, 222, 223, 224, 225, 226, 227, 228, 229, 230, 231, 232, 233, 234, 235, 236, 237, 238, 239, 240, 241, 242, 243, 244, 245, 246, 247, 248, 249, 250, 251, 252, 253, 254, 255, 256, 257, 258, 259, 260, 261, 262, 263, 264, 265, 266, 267, 268, 269, 270, 271, 272, 273, 274, 275, 276, 277, 278, 279, 280, 281, 282, 283, 284, 285, 286, 287, 288, 289, 290, 291, 292, 293, 294, 295, 296, 297, 298, 299, 300, 301, 302, 303, 304, 305, 306, 307, 308, 309, 310, 311, 312, 313, 314, 315, 316, 317, 318, 319, 320, 321, 322, 323, 324, 325, 326, 327, 328, 329, 330, 331, 332, 333, 334, 335, 336, 337, 574, 575, 576, 577, 578, 579, 580, 581, 582, 583, 584, 585, 586, 587, 588, 589, 590, 591, 592, 593, 594, 595, 596, 597, 598, 599, 600, 601, 602, 603, 604, 605, 606, 607, 608, 609, 610, 611, 612, 613, 614, 615, 616, 617, 618, 619, 620, 621, 622, 623, 624, 625, 626, 627, 628, 629, 630, 631, 632, 633, 634, 635, 636, 637, 638, 639, 640, 641, 642, 643, 644, 645, 646, 647, 648, 649, 650, 651, 652, 653, 654, 655, 656, 657, 658, 659, 660, 661, 662, 663, 664, 665, 666, 667, 668, 669, 670, 671, 672, 673, 674, 675, 676, 677, 678, 679, 680, 681, 682, 683, 684, 685, 686, 687, 688, 689, 690, 691, 692, 693, 694, 695, 696, 697, 698, 699, 700, 701, 702, 703, 704, 705, 706, 707, 708, 709, 710, 711, 712, 713, 714, 715, 716, 717, 718, 719, 720, 721, 722, 723, 724, 725, 726, 727, 728, 729, 730, 731, 732, 733, 734, 735, 736, 737, 738, 739, 740, 741, 742, 743, 744, 745, 746, 747, 748, 749, 750, 751, 752, 753, 754, 755, 756, 757, 758, 759, 760, 761, 762, 763, 764, 765, 766, 767, 768, 769, 770, 771, 772, 773, 774, 775, 776, 777, 778, 779, 780, 781, 782, 783, 784, 785, 786, 787, 788, 789, 790, 791, 792, 793]","[10, 75, 103, 104, 106, 117, 118, 120, 127, 128, 129, 131, 133, 135, 136, 137, 139, 146, 147, 148, 149, 151, 158, 160, 162, 166, 173, 178, 179, 185, 190, 192, 198, 201, 203, 204, 206, 207, 212, 213, 214, 219, 223, 224, 225, 227, 230, 235, 237, 246, 247, 256, 259, 262, 263, 266, 268, 269, 271, 272, 278, 279, 284, 285, 288, 290, 292, 304, 306, 312, 316, 319, 320, 323, 324, 329, 332, 335, 495, 549, 574, 575, 577, 588, 589, 591, 598, 599, 600, 602, 604, 606, 607, 608, 610, 617, 618, 619, 620, 622, 625, 630, 632, 634, 638, 644, 649, 650, 656, 661, 663, 669, 673, 674, 676, 677, 682, 683, 684, 687, 688, 689, 691, 694, 699, 701, 710, 718, 722, 723, 727, 728, 730, 731, 737, 738, 743, 744, 747, 749, 751, 762, 764, 770, 774, 777, 778, 781, 782, 789, 791]",[],"[131, 370, 602, 820]","[10, 75, 103, 104, 105, 106, 107, 108, 109, 110, 111, 112, 113, 114, 115, 116, 117, 118, 119, 120, 121, 122, 123, 124, 125, 126, 127, 128, 129, 130, 131, 132, 133, 134, 135, 136, 137, 138, 139, 140, 141, 142, 143, 144, 145, 146, 147, 148, 149, 150, 151, 152, 153, 154, 155, 156, 157, 158, 159, 160, 161, 162, 163, 164, 165, 166, 167, 168, 169, 170, 171, 172, 173, 174, 175, 176, 177, 178, 179, 180, 181, 182, 183, 184, 185, 186, 187, 188, 189, 190, 191, 192, 193, 194, 195, 196, 197, 198, 199, 200, 201, 202, 203, 204, 205, 206, 207, 208, 209, 210, 211, 212, 213, 214, 215, 216, 217, 218, 219, 220, 221, 222, 223, 224, 225, 226, 227, 228, 229, 230, 231, 232, 233, 234, 235, 236, 237, 238, 239, 240, 241, 242, 243, 244, 245, 246, 247, 248, 249, 250, 251, 252, 253, 254, 255, 256, 257, 258, 259, 260, 261, 262, 263, 264, 265, 266, 267, 268, 269, 270, 271, 272, 273, 274, 275, 276, 277, 278, 279, 280, 281, 282, 283, 284, 285, 286, 287, 288, 289, 290, 291, 292, 293, 294, 295, 296, 297, 298, 299, 300, 301, 302, 303, 304, 305, 306, 307, 308, 309, 310, 311, 312, 313, 314, 315, 316, 317, 318, 319, 320, 321, 322, 323, 324, 325, 326, 327, 328, 329, 330, 331, 332, 333, 334, 335, 336, 337, 370, 409, 495, 549, 574, 575, 576, 577, 578, 579, 580, 581, 582, 583, 584, 585, 586, 587, 588, 589, 590, 591, 592, 593, 594, 595, 596, 597, 598, 599, 600, 601, 602, 603, 604, 605, 606, 607, 608, 609, 610, 611, 612, 613, 614, 615, 616, 617, 618, 619, 620, 621, 622, 623, 624, 625, 626, 627, 628, 629, 630, 631, 632, 633, 634, 635, 636, 637, 638, 639, 640, 641, 642, 643, 644, 645, 646, 647, 648, 649, 650, 651, 652, 653, 654, 655, 656, 657, 658, 659, 660, 661, 662, 663, 664, 665, 666, 667, 668, 669, 670, 671, 672, 673, 674, 675, 676, 677, 678, 679, 680, 681, 682, 683, 684, 685, 686, 687, 688, 689, 690, 691, 692, 693, 694, 695, 696, 697, 698, 699, 700, 701, 702, 703, 704, 705, 706, 707, 708, 709, 710, 711, 712, 713, 714, 715, 716, 717, 718, 719, 720, 721, 722, 723, 724, 725, 726, 727, 728, 729, 730, 731, 732, 733, 734, 735, 736, 737, 738, 739, 740, 741, 742, 743, 744, 745, 746, 747, 748, 749, 750, 751, 752, 753, 754, 755, 756, 757, 758, 759, 760, 761, 762, 763, 764, 765, 766, 767, 768, 769, 770, 771, 772, 773, 774, 775, 776, 777, 778, 779, 780, 781, 782, 783, 784, 785, 786, 787, 788, 789, 790, 791, 792, 793, 820, 859]",True,"[128, 131, 599, 602]","[103, 104, 105, 106, 107, 108, 109, 110, 111, 112, 113, 114, 115, 116, 117, 118, 119, 120, 121, 122, 123, 124, 125, 126, 127, 128, 129, 130, 131, 132, 133, 134, 135, 136, 137, 138, 139, 140, 141, 142, 143, 144, 145, 146, 147, 148, 149, 150, 151, 152, 153, 154, 155, 156, 157, 158, 159, 160, 161, 162, 163, 164, 165, 166, 167, 168, 169, 170, 171, 172, 173, 174, 175, 176, 177, 178, 179, 180, 181, 182, 183, 184, 185, 186, 187, 188, 189, 190, 191, 192, 193, 194, 195, 196, 197, 198, 199, 200, 201, 202, 203, 204, 205, 206, 207, 208, 209, 210, 211, 212, 213, 214, 215, 216, 217, 218, 219, 220, 221, 222, 223, 224, 225, 226, 227, 228, 229, 230, 231, 232, 233, 234, 235, 236, 237, 238, 239, 240, 241, 242, 243, 244, 245, 246, 247, 248, 249, 250, 251, 252, 253, 254, 255, 256, 257, 258, 259, 260, 261, 262, 263, 264, 265, 266, 267, 268, 269, 270, 271, 272, 273, 274, 275, 276, 277, 278, 279, 280, 281, 282, 283, 284, 285, 286, 287, 288, 289, 290, 291, 292, 293, 294, 295, 296, 297, 298, 299, 300, 301, 302, 303, 304, 305, 306, 307, 308, 309, 310, 311, 312, 313, 314, 315, 316, 317, 318, 319, 320, 321, 322, 323, 324, 325, 326, 327, 328, 329, 330, 331, 332, 333, 334, 335, 336, 337, 574, 575, 576, 577, 578, 579, 580, 581, 582, 583, 584, 585, 586, 587, 588, 589, 590, 591, 592, 593, 594, 595, 596, 597, 598, 599, 600, 601, 602, 603, 604, 605, 606, 607, 608, 609, 610, 611, 612, 613, 614, 615, 616, 617, 618, 619, 620, 621, 622, 623, 624, 625, 626, 627, 628, 629, 630, 631, 632, 633, 634, 635, 636, 637, 638, 639, 640, 641, 642, 643, 644, 645, 646, 647, 648, 649, 650, 651, 652, 653, 654, 655, 656, 657, 658, 659, 660, 661, 662, 663, 664, 665, 666, 667, 668, 669, 670, 671, 672, 673, 674, 675, 676, 677, 678, 679, 680, 681, 682, 683, 684, 685, 686, 687, 688, 689, 690, 691, 692, 693, 694, 695, 696, 697, 698, 699, 700, 701, 702, 703, 704, 705, 706, 707, 708, 709, 710, 711, 712, 713, 714, 715, 716, 717, 718, 719, 720, 721, 722, 723, 724, 725, 726, 727, 728, 729, 730, 731, 732, 733, 734, 735, 736, 737, 738, 739, 740, 741, 742, 743, 744, 745, 746, 747, 748, 749, 750, 751, 752, 753, 754, 755, 756, 757, 758, 759, 760, 761, 762, 763, 764, 765, 766, 767, 768, 769, 770, 771, 772, 773, 774, 775, 776, 777, 778, 779, 780, 781, 782, 783, 784, 785, 786, 787, 788, 789, 790, 791, 792, 793]","[128, 131, 599, 602]","[128, 131, 179, 409, 599, 602, 650, 859]","[10, 75, 103, 104, 106, 117, 118, 120, 127, 128, 129, 131, 133, 135, 136, 137, 139, 146, 147, 148, 149, 151, 158, 160, 162, 166, 173, 178, 179, 185, 190, 192, 198, 201, 203, 204, 206, 207, 212, 213, 214, 219, 223, 224, 225, 227, 230, 235, 237, 246, 247, 256, 259, 262, 263, 266, 268, 269, 271, 272, 278, 279, 284, 285, 288, 290, 292, 304, 306, 312, 316, 319, 320, 323, 324, 329, 332, 335, 495, 549, 574, 575, 577, 588, 589, 591, 598, 599, 600, 602, 604, 606, 607, 608, 610, 617, 618, 619, 620, 622, 625, 630, 632, 634, 638, 644, 649, 650, 656, 661, 663, 669, 673, 674, 676, 677, 682, 683, 684, 687, 688, 689, 691, 694, 699, 701, 710, 718, 722, 723, 727, 728, 730, 731, 737, 738, 743, 744, 747, 749, 751, 762, 764, 770, 774, 777, 778, 781, 782, 789, 791]","[131, 370, 602, 820]",[],7/6 successful match,True,[410],True,305,False,,0.2222222222222222,True,Chevron Truck St Stop ( Pismo City E ),Chevron
Pixley ( 93256 ) Bob's Truck Stop Expwy E ),559-757-3360 CA 99 Exit 70 B ( Court,24 <U+2610><U+2610>,Pixley,93256,Bob's Truck Stop Expwy E ),559-757-3360,2015,Pixley,CA,,( Court,CA 99 Exit 70 B ,Exit,70,False,,False,CA 99,,,,,"[602, 131]","[128, 131, 599, 602]","[128, 131, 599, 602]","[128, 131, 179, 409, 599, 602, 650, 859]","[103, 104, 105, 106, 107, 108, 109, 110, 111, 112, 113, 114, 115, 116, 117, 118, 119, 120, 121, 122, 123, 124, 125, 126, 127, 128, 129, 130, 131, 132, 133, 134, 135, 136, 137, 138, 139, 140, 141, 142, 143, 144, 145, 146, 147, 148, 149, 150, 151, 152, 153, 154, 155, 156, 157, 158, 159, 160, 161, 162, 163, 164, 165, 166, 167, 168, 169, 170, 171, 172, 173, 174, 175, 176, 177, 178, 179, 180, 181, 182, 183, 184, 185, 186, 187, 188, 189, 190, 191, 192, 193, 194, 195, 196, 197, 198, 199, 200, 201, 202, 203, 204, 205, 206, 207, 208, 209, 210, 211, 212, 213, 214, 215, 216, 217, 218, 219, 220, 221, 222, 223, 224, 225, 226, 227, 228, 229, 230, 231, 232, 233, 234, 235, 236, 237, 238, 239, 240, 241, 242, 243, 244, 245, 246, 247, 248, 249, 250, 251, 252, 253, 254, 255, 256, 257, 258, 259, 260, 261, 262, 263, 264, 265, 266, 267, 268, 269, 270, 271, 272, 273, 274, 275, 276, 277, 278, 279, 280, 281, 282, 283, 284, 285, 286, 287, 288, 289, 290, 291, 292, 293, 294, 295, 296, 297, 298, 299, 300, 301, 302, 303, 304, 305, 306, 307, 308, 309, 310, 311, 312, 313, 314, 315, 316, 317, 318, 319, 320, 321, 322, 323, 324, 325, 326, 327, 328, 329, 330, 331, 332, 333, 334, 335, 336, 337, 574, 575, 576, 577, 578, 579, 580, 581, 582, 583, 584, 585, 586, 587, 588, 589, 590, 591, 592, 593, 594, 595, 596, 597, 598, 599, 600, 601, 602, 603, 604, 605, 606, 607, 608, 609, 610, 611, 612, 613, 614, 615, 616, 617, 618, 619, 620, 621, 622, 623, 624, 625, 626, 627, 628, 629, 630, 631, 632, 633, 634, 635, 636, 637, 638, 639, 640, 641, 642, 643, 644, 645, 646, 647, 648, 649, 650, 651, 652, 653, 654, 655, 656, 657, 658, 659, 660, 661, 662, 663, 664, 665, 666, 667, 668, 669, 670, 671, 672, 673, 674, 675, 676, 677, 678, 679, 680, 681, 682, 683, 684, 685, 686, 687, 688, 689, 690, 691, 692, 693, 694, 695, 696, 697, 698, 699, 700, 701, 702, 703, 704, 705, 706, 707, 708, 709, 710, 711, 712, 713, 714, 715, 716, 717, 718, 719, 720, 721, 722, 723, 724, 725, 726, 727, 728, 729, 730, 731, 732, 733, 734, 735, 736, 737, 738, 739, 740, 741, 742, 743, 744, 745, 746, 747, 748, 749, 750, 751, 752, 753, 754, 755, 756, 757, 758, 759, 760, 761, 762, 763, 764, 765, 766, 767, 768, 769, 770, 771, 772, 773, 774, 775, 776, 777, 778, 779, 780, 781, 782, 783, 784, 785, 786, 787, 788, 789, 790, 791, 792, 793]","[10, 75, 103, 104, 106, 117, 118, 120, 127, 128, 129, 131, 133, 135, 136, 137, 139, 146, 147, 148, 149, 151, 158, 160, 162, 166, 173, 178, 179, 185, 190, 192, 198, 201, 203, 204, 206, 207, 212, 213, 214, 219, 223, 224, 225, 227, 230, 235, 237, 246, 247, 256, 259, 262, 263, 266, 268, 269, 271, 272, 278, 279, 284, 285, 288, 290, 292, 304, 306, 312, 316, 319, 320, 323, 324, 329, 332, 335, 495, 549, 574, 575, 577, 588, 589, 591, 598, 599, 600, 602, 604, 606, 607, 608, 610, 617, 618, 619, 620, 622, 625, 630, 632, 634, 638, 644, 649, 650, 656, 661, 663, 669, 673, 674, 676, 677, 682, 683, 684, 687, 688, 689, 691, 694, 699, 701, 710, 718, 722, 723, 727, 728, 730, 731, 737, 738, 743, 744, 747, 749, 751, 762, 764, 770, 774, 777, 778, 781, 782, 789, 791]",[],"[131, 370, 602, 820]","[10, 75, 103, 104, 105, 106, 107, 108, 109, 110, 111, 112, 113, 114, 115, 116, 117, 118, 119, 120, 121, 122, 123, 124, 125, 126, 127, 128, 129, 130, 131, 132, 133, 134, 135, 136, 137, 138, 139, 140, 141, 142, 143, 144, 145, 146, 147, 148, 149, 150, 151, 152, 153, 154, 155, 156, 157, 158, 159, 160, 161, 162, 163, 164, 165, 166, 167, 168, 169, 170, 171, 172, 173, 174, 175, 176, 177, 178, 179, 180, 181, 182, 183, 184, 185, 186, 187, 188, 189, 190, 191, 192, 193, 194, 195, 196, 197, 198, 199, 200, 201, 202, 203, 204, 205, 206, 207, 208, 209, 210, 211, 212, 213, 214, 215, 216, 217, 218, 219, 220, 221, 222, 223, 224, 225, 226, 227, 228, 229, 230, 231, 232, 233, 234, 235, 236, 237, 238, 239, 240, 241, 242, 243, 244, 245, 246, 247, 248, 249, 250, 251, 252, 253, 254, 255, 256, 257, 258, 259, 260, 261, 262, 263, 264, 265, 266, 267, 268, 269, 270, 271, 272, 273, 274, 275, 276, 277, 278, 279, 280, 281, 282, 283, 284, 285, 286, 287, 288, 289, 290, 291, 292, 293, 294, 295, 296, 297, 298, 299, 300, 301, 302, 303, 304, 305, 306, 307, 308, 309, 310, 311, 312, 313, 314, 315, 316, 317, 318, 319, 320, 321, 322, 323, 324, 325, 326, 327, 328, 329, 330, 331, 332, 333, 334, 335, 336, 337, 370, 409, 495, 549, 574, 575, 576, 577, 578, 579, 580, 581, 582, 583, 584, 585, 586, 587, 588, 589, 590, 591, 592, 593, 594, 595, 596, 597, 598, 599, 600, 601, 602, 603, 604, 605, 606, 607, 608, 609, 610, 611, 612, 613, 614, 615, 616, 617, 618, 619, 620, 621, 622, 623, 624, 625, 626, 627, 628, 629, 630, 631, 632, 633, 634, 635, 636, 637, 638, 639, 640, 641, 642, 643, 644, 645, 646, 647, 648, 649, 650, 651, 652, 653, 654, 655, 656, 657, 658, 659, 660, 661, 662, 663, 664, 665, 666, 667, 668, 669, 670, 671, 672, 673, 674, 675, 676, 677, 678, 679, 680, 681, 682, 683, 684, 685, 686, 687, 688, 689, 690, 691, 692, 693, 694, 695, 696, 697, 698, 699, 700, 701, 702, 703, 704, 705, 706, 707, 708, 709, 710, 711, 712, 713, 714, 715, 716, 717, 718, 719, 720, 721, 722, 723, 724, 725, 726, 727, 728, 729, 730, 731, 732, 733, 734, 735, 736, 737, 738, 739, 740, 741, 742, 743, 744, 745, 746, 747, 748, 749, 750, 751, 752, 753, 754, 755, 756, 757, 758, 759, 760, 761, 762, 763, 764, 765, 766, 767, 768, 769, 770, 771, 772, 773, 774, 775, 776, 777, 778, 779, 780, 781, 782, 783, 784, 785, 786, 787, 788, 789, 790, 791, 792, 793, 820, 859]",True,"[128, 131, 599, 602]","[103, 104, 105, 106, 107, 108, 109, 110, 111, 112, 113, 114, 115, 116, 117, 118, 119, 120, 121, 122, 123, 124, 125, 126, 127, 128, 129, 130, 131, 132, 133, 134, 135, 136, 137, 138, 139, 140, 141, 142, 143, 144, 145, 146, 147, 148, 149, 150, 151, 152, 153, 154, 155, 156, 157, 158, 159, 160, 161, 162, 163, 164, 165, 166, 167, 168, 169, 170, 171, 172, 173, 174, 175, 176, 177, 178, 179, 180, 181, 182, 183, 184, 185, 186, 187, 188, 189, 190, 191, 192, 193, 194, 195, 196, 197, 198, 199, 200, 201, 202, 203, 204, 205, 206, 207, 208, 209, 210, 211, 212, 213, 214, 215, 216, 217, 218, 219, 220, 221, 222, 223, 224, 225, 226, 227, 228, 229, 230, 231, 232, 233, 234, 235, 236, 237, 238, 239, 240, 241, 242, 243, 244, 245, 246, 247, 248, 249, 250, 251, 252, 253, 254, 255, 256, 257, 258, 259, 260, 261, 262, 263, 264, 265, 266, 267, 268, 269, 270, 271, 272, 273, 274, 275, 276, 277, 278, 279, 280, 281, 282, 283, 284, 285, 286, 287, 288, 289, 290, 291, 292, 293, 294, 295, 296, 297, 298, 299, 300, 301, 302, 303, 304, 305, 306, 307, 308, 309, 310, 311, 312, 313, 314, 315, 316, 317, 318, 319, 320, 321, 322, 323, 324, 325, 326, 327, 328, 329, 330, 331, 332, 333, 334, 335, 336, 337, 574, 575, 576, 577, 578, 579, 580, 581, 582, 583, 584, 585, 586, 587, 588, 589, 590, 591, 592, 593, 594, 595, 596, 597, 598, 599, 600, 601, 602, 603, 604, 605, 606, 607, 608, 609, 610, 611, 612, 613, 614, 615, 616, 617, 618, 619, 620, 621, 622, 623, 624, 625, 626, 627, 628, 629, 630, 631, 632, 633, 634, 635, 636, 637, 638, 639, 640, 641, 642, 643, 644, 645, 646, 647, 648, 649, 650, 651, 652, 653, 654, 655, 656, 657, 658, 659, 660, 661, 662, 663, 664, 665, 666, 667, 668, 669, 670, 671, 672, 673, 674, 675, 676, 677, 678, 679, 680, 681, 682, 683, 684, 685, 686, 687, 688, 689, 690, 691, 692, 693, 694, 695, 696, 697, 698, 699, 700, 701, 702, 703, 704, 705, 706, 707, 708, 709, 710, 711, 712, 713, 714, 715, 716, 717, 718, 719, 720, 721, 722, 723, 724, 725, 726, 727, 728, 729, 730, 731, 732, 733, 734, 735, 736, 737, 738, 739, 740, 741, 742, 743, 744, 745, 746, 747, 748, 749, 750, 751, 752, 753, 754, 755, 756, 757, 758, 759, 760, 761, 762, 763, 764, 765, 766, 767, 768, 769, 770, 771, 772, 773, 774, 775, 776, 777, 778, 779, 780, 781, 782, 783, 784, 785, 786, 787, 788, 789, 790, 791, 792, 793]","[128, 131, 599, 602]","[128, 131, 179, 409, 599, 602, 650, 859]","[10, 75, 103, 104, 106, 117, 118, 120, 127, 128, 129, 131, 133, 135, 136, 137, 139, 146, 147, 148, 149, 151, 158, 160, 162, 166, 173, 178, 179, 185, 190, 192, 198, 201, 203, 204, 206, 207, 212, 213, 214, 219, 223, 224, 225, 227, 230, 235, 237, 246, 247, 256, 259, 262, 263, 266, 268, 269, 271, 272, 278, 279, 284, 285, 288, 290, 292, 304, 306, 312, 316, 319, 320, 323, 324, 329, 332, 335, 495, 549, 574, 575, 577, 588, 589, 591, 598, 599, 600, 602, 604, 606, 607, 608, 610, 617, 618, 619, 620, 622, 625, 630, 632, 634, 638, 644, 649, 650, 656, 661, 663, 669, 673, 674, 676, 677, 682, 683, 684, 687, 688, 689, 691, 694, 699, 701, 710, 718, 722, 723, 727, 728, 730, 731, 737, 738, 743, 744, 747, 749, 751, 762, 764, 770, 774, 777, 778, 781, 782, 789, 791]","[131, 370, 602, 820]",[],7/6 successful match,True,[410],True,305,False,,0.6285714285714286,True,Bob's Truck Stop,
Pixley ( 93256 ) Bob's Truck Stop E ),559-757-3360 CA 99 Exit 70 B ( Court St E ),24 O <U+2610>,Pixley,93256,Bob's Truck Stop E ),559-757-3360,2016,Pixley,CA,,( Court St E ),CA 99 Exit 70 B ,Exit,70,False,,False,CA 99,,,,,"[602, 131]","[128, 131, 599, 602]","[128, 131, 599, 602]","[128, 131, 179, 409, 599, 602, 650, 859]","[103, 104, 105, 106, 107, 108, 109, 110, 111, 112, 113, 114, 115, 116, 117, 118, 119, 120, 121, 122, 123, 124, 125, 126, 127, 128, 129, 130, 131, 132, 133, 134, 135, 136, 137, 138, 139, 140, 141, 142, 143, 144, 145, 146, 147, 148, 149, 150, 151, 152, 153, 154, 155, 156, 157, 158, 159, 160, 161, 162, 163, 164, 165, 166, 167, 168, 169, 170, 171, 172, 173, 174, 175, 176, 177, 178, 179, 180, 181, 182, 183, 184, 185, 186, 187, 188, 189, 190, 191, 192, 193, 194, 195, 196, 197, 198, 199, 200, 201, 202, 203, 204, 205, 206, 207, 208, 209, 210, 211, 212, 213, 214, 215, 216, 217, 218, 219, 220, 221, 222, 223, 224, 225, 226, 227, 228, 229, 230, 231, 232, 233, 234, 235, 236, 237, 238, 239, 240, 241, 242, 243, 244, 245, 246, 247, 248, 249, 250, 251, 252, 253, 254, 255, 256, 257, 258, 259, 260, 261, 262, 263, 264, 265, 266, 267, 268, 269, 270, 271, 272, 273, 274, 275, 276, 277, 278, 279, 280, 281, 282, 283, 284, 285, 286, 287, 288, 289, 290, 291, 292, 293, 294, 295, 296, 297, 298, 299, 300, 301, 302, 303, 304, 305, 306, 307, 308, 309, 310, 311, 312, 313, 314, 315, 316, 317, 318, 319, 320, 321, 322, 323, 324, 325, 326, 327, 328, 329, 330, 331, 332, 333, 334, 335, 336, 337, 574, 575, 576, 577, 578, 579, 580, 581, 582, 583, 584, 585, 586, 587, 588, 589, 590, 591, 592, 593, 594, 595, 596, 597, 598, 599, 600, 601, 602, 603, 604, 605, 606, 607, 608, 609, 610, 611, 612, 613, 614, 615, 616, 617, 618, 619, 620, 621, 622, 623, 624, 625, 626, 627, 628, 629, 630, 631, 632, 633, 634, 635, 636, 637, 638, 639, 640, 641, 642, 643, 644, 645, 646, 647, 648, 649, 650, 651, 652, 653, 654, 655, 656, 657, 658, 659, 660, 661, 662, 663, 664, 665, 666, 667, 668, 669, 670, 671, 672, 673, 674, 675, 676, 677, 678, 679, 680, 681, 682, 683, 684, 685, 686, 687, 688, 689, 690, 691, 692, 693, 694, 695, 696, 697, 698, 699, 700, 701, 702, 703, 704, 705, 706, 707, 708, 709, 710, 711, 712, 713, 714, 715, 716, 717, 718, 719, 720, 721, 722, 723, 724, 725, 726, 727, 728, 729, 730, 731, 732, 733, 734, 735, 736, 737, 738, 739, 740, 741, 742, 743, 744, 745, 746, 747, 748, 749, 750, 751, 752, 753, 754, 755, 756, 757, 758, 759, 760, 761, 762, 763, 764, 765, 766, 767, 768, 769, 770, 771, 772, 773, 774, 775, 776, 777, 778, 779, 780, 781, 782, 783, 784, 785, 786, 787, 788, 789, 790, 791, 792, 793]","[10, 75, 103, 104, 106, 117, 118, 120, 127, 128, 129, 131, 133, 135, 136, 137, 139, 146, 147, 148, 149, 151, 158, 160, 162, 166, 173, 178, 179, 185, 190, 192, 198, 201, 203, 204, 206, 207, 212, 213, 214, 219, 223, 224, 225, 227, 230, 235, 237, 246, 247, 256, 259, 262, 263, 266, 268, 269, 271, 272, 278, 279, 284, 285, 288, 290, 292, 304, 306, 312, 316, 319, 320, 323, 324, 329, 332, 335, 495, 549, 574, 575, 577, 588, 589, 591, 598, 599, 600, 602, 604, 606, 607, 608, 610, 617, 618, 619, 620, 622, 625, 630, 632, 634, 638, 644, 649, 650, 656, 661, 663, 669, 673, 674, 676, 677, 682, 683, 684, 687, 688, 689, 691, 694, 699, 701, 710, 718, 722, 723, 727, 728, 730, 731, 737, 738, 743, 744, 747, 749, 751, 762, 764, 770, 774, 777, 778, 781, 782, 789, 791]",[],"[131, 370, 602, 820]","[10, 75, 103, 104, 105, 106, 107, 108, 109, 110, 111, 112, 113, 114, 115, 116, 117, 118, 119, 120, 121, 122, 123, 124, 125, 126, 127, 128, 129, 130, 131, 132, 133, 134, 135, 136, 137, 138, 139, 140, 141, 142, 143, 144, 145, 146, 147, 148, 149, 150, 151, 152, 153, 154, 155, 156, 157, 158, 159, 160, 161, 162, 163, 164, 165, 166, 167, 168, 169, 170, 171, 172, 173, 174, 175, 176, 177, 178, 179, 180, 181, 182, 183, 184, 185, 186, 187, 188, 189, 190, 191, 192, 193, 194, 195, 196, 197, 198, 199, 200, 201, 202, 203, 204, 205, 206, 207, 208, 209, 210, 211, 212, 213, 214, 215, 216, 217, 218, 219, 220, 221, 222, 223, 224, 225, 226, 227, 228, 229, 230, 231, 232, 233, 234, 235, 236, 237, 238, 239, 240, 241, 242, 243, 244, 245, 246, 247, 248, 249, 250, 251, 252, 253, 254, 255, 256, 257, 258, 259, 260, 261, 262, 263, 264, 265, 266, 267, 268, 269, 270, 271, 272, 273, 274, 275, 276, 277, 278, 279, 280, 281, 282, 283, 284, 285, 286, 287, 288, 289, 290, 291, 292, 293, 294, 295, 296, 297, 298, 299, 300, 301, 302, 303, 304, 305, 306, 307, 308, 309, 310, 311, 312, 313, 314, 315, 316, 317, 318, 319, 320, 321, 322, 323, 324, 325, 326, 327, 328, 329, 330, 331, 332, 333, 334, 335, 336, 337, 370, 409, 495, 549, 574, 575, 576, 577, 578, 579, 580, 581, 582, 583, 584, 585, 586, 587, 588, 589, 590, 591, 592, 593, 594, 595, 596, 597, 598, 599, 600, 601, 602, 603, 604, 605, 606, 607, 608, 609, 610, 611, 612, 613, 614, 615, 616, 617, 618, 619, 620, 621, 622, 623, 624, 625, 626, 627, 628, 629, 630, 631, 632, 633, 634, 635, 636, 637, 638, 639, 640, 641, 642, 643, 644, 645, 646, 647, 648, 649, 650, 651, 652, 653, 654, 655, 656, 657, 658, 659, 660, 661, 662, 663, 664, 665, 666, 667, 668, 669, 670, 671, 672, 673, 674, 675, 676, 677, 678, 679, 680, 681, 682, 683, 684, 685, 686, 687, 688, 689, 690, 691, 692, 693, 694, 695, 696, 697, 698, 699, 700, 701, 702, 703, 704, 705, 706, 707, 708, 709, 710, 711, 712, 713, 714, 715, 716, 717, 718, 719, 720, 721, 722, 723, 724, 725, 726, 727, 728, 729, 730, 731, 732, 733, 734, 735, 736, 737, 738, 739, 740, 741, 742, 743, 744, 745, 746, 747, 748, 749, 750, 751, 752, 753, 754, 755, 756, 757, 758, 759, 760, 761, 762, 763, 764, 765, 766, 767, 768, 769, 770, 771, 772, 773, 774, 775, 776, 777, 778, 779, 780, 781, 782, 783, 784, 785, 786, 787, 788, 789, 790, 791, 792, 793, 820, 859]",True,"[128, 131, 599, 602]","[103, 104, 105, 106, 107, 108, 109, 110, 111, 112, 113, 114, 115, 116, 117, 118, 119, 120, 121, 122, 123, 124, 125, 126, 127, 128, 129, 130, 131, 132, 133, 134, 135, 136, 137, 138, 139, 140, 141, 142, 143, 144, 145, 146, 147, 148, 149, 150, 151, 152, 153, 154, 155, 156, 157, 158, 159, 160, 161, 162, 163, 164, 165, 166, 167, 168, 169, 170, 171, 172, 173, 174, 175, 176, 177, 178, 179, 180, 181, 182, 183, 184, 185, 186, 187, 188, 189, 190, 191, 192, 193, 194, 195, 196, 197, 198, 199, 200, 201, 202, 203, 204, 205, 206, 207, 208, 209, 210, 211, 212, 213, 214, 215, 216, 217, 218, 219, 220, 221, 222, 223, 224, 225, 226, 227, 228, 229, 230, 231, 232, 233, 234, 235, 236, 237, 238, 239, 240, 241, 242, 243, 244, 245, 246, 247, 248, 249, 250, 251, 252, 253, 254, 255, 256, 257, 258, 259, 260, 261, 262, 263, 264, 265, 266, 267, 268, 269, 270, 271, 272, 273, 274, 275, 276, 277, 278, 279, 280, 281, 282, 283, 284, 285, 286, 287, 288, 289, 290, 291, 292, 293, 294, 295, 296, 297, 298, 299, 300, 301, 302, 303, 304, 305, 306, 307, 308, 309, 310, 311, 312, 313, 314, 315, 316, 317, 318, 319, 320, 321, 322, 323, 324, 325, 326, 327, 328, 329, 330, 331, 332, 333, 334, 335, 336, 337, 574, 575, 576, 577, 578, 579, 580, 581, 582, 583, 584, 585, 586, 587, 588, 589, 590, 591, 592, 593, 594, 595, 596, 597, 598, 599, 600, 601, 602, 603, 604, 605, 606, 607, 608, 609, 610, 611, 612, 613, 614, 615, 616, 617, 618, 619, 620, 621, 622, 623, 624, 625, 626, 627, 628, 629, 630, 631, 632, 633, 634, 635, 636, 637, 638, 639, 640, 641, 642, 643, 644, 645, 646, 647, 648, 649, 650, 651, 652, 653, 654, 655, 656, 657, 658, 659, 660, 661, 662, 663, 664, 665, 666, 667, 668, 669, 670, 671, 672, 673, 674, 675, 676, 677, 678, 679, 680, 681, 682, 683, 684, 685, 686, 687, 688, 689, 690, 691, 692, 693, 694, 695, 696, 697, 698, 699, 700, 701, 702, 703, 704, 705, 706, 707, 708, 709, 710, 711, 712, 713, 714, 715, 716, 717, 718, 719, 720, 721, 722, 723, 724, 725, 726, 727, 728, 729, 730, 731, 732, 733, 734, 735, 736, 737, 738, 739, 740, 741, 742, 743, 744, 745, 746, 747, 748, 749, 750, 751, 752, 753, 754, 755, 756, 757, 758, 759, 760, 761, 762, 763, 764, 765, 766, 767, 768, 769, 770, 771, 772, 773, 774, 775, 776, 777, 778, 779, 780, 781, 782, 783, 784, 785, 786, 787, 788, 789, 790, 791, 792, 793]","[128, 131, 599, 602]","[128, 131, 179, 409, 599, 602, 650, 859]","[10, 75, 103, 104, 106, 117, 118, 120, 127, 128, 129, 131, 133, 135, 136, 137, 139, 146, 147, 148, 149, 151, 158, 160, 162, 166, 173, 178, 179, 185, 190, 192, 198, 201, 203, 204, 206, 207, 212, 213, 214, 219, 223, 224, 225, 227, 230, 235, 237, 246, 247, 256, 259, 262, 263, 266, 268, 269, 271, 272, 278, 279, 284, 285, 288, 290, 292, 304, 306, 312, 316, 319, 320, 323, 324, 329, 332, 335, 495, 549, 574, 575, 577, 588, 589, 591, 598, 599, 600, 602, 604, 606, 607, 608, 610, 617, 618, 619, 620, 622, 625, 630, 632, 634, 638, 644, 649, 650, 656, 661, 663, 669, 673, 674, 676, 677, 682, 683, 684, 687, 688, 689, 691, 694, 699, 701, 710, 718, 722, 723, 727, 728, 730, 731, 737, 738, 743, 744, 747, 749, 751, 762, 764, 770, 774, 777, 778, 781, 782, 789, 791]","[131, 370, 602, 820]",[],7/6 successful match,True,[410],True,305,False,,0.6608695652173913,True,Bob's Truck Stop Expwy E ),
"F Tipton , 93272 Convenience Corner ( Texaco )",559-752-4905 US 99 & CA 190 W,<U+2610> D <U+2610>,Tipton,93272,Convenience Corner ( Texaco ),559-752-4905,2006,Tipton,CA,Texaco,,US 99 & CA 190 W,empty,,False,,False,US 99,CA 190,,,,"[323, 781]","[323, 781]","[323, 781]",[],"[103, 104, 105, 106, 107, 108, 109, 110, 111, 112, 113, 114, 115, 116, 117, 118, 119, 120, 121, 122, 123, 124, 125, 126, 127, 128, 129, 130, 131, 132, 133, 134, 135, 136, 137, 138, 139, 140, 141, 142, 143, 144, 145, 146, 147, 148, 149, 150, 151, 152, 153, 154, 155, 156, 157, 158, 159, 160, 161, 162, 163, 164, 165, 166, 167, 168, 169, 170, 171, 172, 173, 174, 175, 176, 177, 178, 179, 180, 181, 182, 183, 184, 185, 186, 187, 188, 189, 190, 191, 192, 193, 194, 195, 196, 197, 198, 199, 200, 201, 202, 203, 204, 205, 206, 207, 208, 209, 210, 211, 212, 213, 214, 215, 216, 217, 218, 219, 220, 221, 222, 223, 224, 225, 226, 227, 228, 229, 230, 231, 232, 233, 234, 235, 236, 237, 238, 239, 240, 241, 242, 243, 244, 245, 246, 247, 248, 249, 250, 251, 252, 253, 254, 255, 256, 257, 258, 259, 260, 261, 262, 263, 264, 265, 266, 267, 268, 269, 270, 271, 272, 273, 274, 275, 276, 277, 278, 279, 280, 281, 282, 283, 284, 285, 286, 287, 288, 289, 290, 291, 292, 293, 294, 295, 296, 297, 298, 299, 300, 301, 302, 303, 304, 305, 306, 307, 308, 309, 310, 311, 312, 313, 314, 315, 316, 317, 318, 319, 320, 321, 322, 323, 324, 325, 326, 327, 328, 329, 330, 331, 332, 333, 334, 335, 336, 337, 574, 575, 576, 577, 578, 579, 580, 581, 582, 583, 584, 585, 586, 587, 588, 589, 590, 591, 592, 593, 594, 595, 596, 597, 598, 599, 600, 601, 602, 603, 604, 605, 606, 607, 608, 609, 610, 611, 612, 613, 614, 615, 616, 617, 618, 619, 620, 621, 622, 623, 624, 625, 626, 627, 628, 629, 630, 631, 632, 633, 634, 635, 636, 637, 638, 639, 640, 641, 642, 643, 644, 645, 646, 647, 648, 649, 650, 651, 652, 653, 654, 655, 656, 657, 658, 659, 660, 661, 662, 663, 664, 665, 666, 667, 668, 669, 670, 671, 672, 673, 674, 675, 676, 677, 678, 679, 680, 681, 682, 683, 684, 685, 686, 687, 688, 689, 690, 691, 692, 693, 694, 695, 696, 697, 698, 699, 700, 701, 702, 703, 704, 705, 706, 707, 708, 709, 710, 711, 712, 713, 714, 715, 716, 717, 718, 719, 720, 721, 722, 723, 724, 725, 726, 727, 728, 729, 730, 731, 732, 733, 734, 735, 736, 737, 738, 739, 740, 741, 742, 743, 744, 745, 746, 747, 748, 749, 750, 751, 752, 753, 754, 755, 756, 757, 758, 759, 760, 761, 762, 763, 764, 765, 766, 767, 768, 769, 770, 771, 772, 773, 774, 775, 776, 777, 778, 779, 780, 781, 782, 783, 784, 785, 786, 787, 788, 789, 790, 791, 792, 793]","[10, 75, 103, 104, 106, 117, 118, 120, 127, 128, 129, 131, 133, 135, 136, 137, 139, 146, 147, 148, 149, 151, 158, 160, 162, 166, 173, 178, 179, 185, 190, 192, 198, 201, 203, 204, 206, 207, 212, 213, 214, 219, 223, 224, 225, 227, 230, 235, 237, 246, 247, 256, 259, 262, 263, 266, 268, 269, 271, 272, 278, 279, 284, 285, 288, 290, 292, 304, 306, 312, 316, 319, 320, 323, 324, 329, 332, 335, 495, 549, 574, 575, 577, 588, 589, 591, 598, 599, 600, 602, 604, 606, 607, 608, 610, 617, 618, 619, 620, 622, 625, 630, 632, 634, 638, 644, 649, 650, 656, 661, 663, 669, 673, 674, 676, 677, 682, 683, 684, 687, 688, 689, 691, 694, 699, 701, 710, 718, 722, 723, 727, 728, 730, 731, 737, 738, 743, 744, 747, 749, 751, 762, 764, 770, 774, 777, 778, 781, 782, 789, 791]","[26, 390, 474, 486, 509, 840, 922, 926]","[9, 10, 26, 29, 196, 390, 397, 474, 486, 494, 495, 509, 512, 667, 840, 847, 922, 926]","[9, 10, 26, 29, 75, 103, 104, 105, 106, 107, 108, 109, 110, 111, 112, 113, 114, 115, 116, 117, 118, 119, 120, 121, 122, 123, 124, 125, 126, 127, 128, 129, 130, 131, 132, 133, 134, 135, 136, 137, 138, 139, 140, 141, 142, 143, 144, 145, 146, 147, 148, 149, 150, 151, 152, 153, 154, 155, 156, 157, 158, 159, 160, 161, 162, 163, 164, 165, 166, 167, 168, 169, 170, 171, 172, 173, 174, 175, 176, 177, 178, 179, 180, 181, 182, 183, 184, 185, 186, 187, 188, 189, 190, 191, 192, 193, 194, 195, 196, 197, 198, 199, 200, 201, 202, 203, 204, 205, 206, 207, 208, 209, 210, 211, 212, 213, 214, 215, 216, 217, 218, 219, 220, 221, 222, 223, 224, 225, 226, 227, 228, 229, 230, 231, 232, 233, 234, 235, 236, 237, 238, 239, 240, 241, 242, 243, 244, 245, 246, 247, 248, 249, 250, 251, 252, 253, 254, 255, 256, 257, 258, 259, 260, 261, 262, 263, 264, 265, 266, 267, 268, 269, 270, 271, 272, 273, 274, 275, 276, 277, 278, 279, 280, 281, 282, 283, 284, 285, 286, 287, 288, 289, 290, 291, 292, 293, 294, 295, 296, 297, 298, 299, 300, 301, 302, 303, 304, 305, 306, 307, 308, 309, 310, 311, 312, 313, 314, 315, 316, 317, 318, 319, 320, 321, 322, 323, 324, 325, 326, 327, 328, 329, 330, 331, 332, 333, 334, 335, 336, 337, 390, 397, 474, 486, 494, 495, 509, 512, 549, 574, 575, 576, 577, 578, 579, 580, 581, 582, 583, 584, 585, 586, 587, 588, 589, 590, 591, 592, 593, 594, 595, 596, 597, 598, 599, 600, 601, 602, 603, 604, 605, 606, 607, 608, 609, 610, 611, 612, 613, 614, 615, 616, 617, 618, 619, 620, 621, 622, 623, 624, 625, 626, 627, 628, 629, 630, 631, 632, 633, 634, 635, 636, 637, 638, 639, 640, 641, 642, 643, 644, 645, 646, 647, 648, 649, 650, 651, 652, 653, 654, 655, 656, 657, 658, 659, 660, 661, 662, 663, 664, 665, 666, 667, 668, 669, 670, 671, 672, 673, 674, 675, 676, 677, 678, 679, 680, 681, 682, 683, 684, 685, 686, 687, 688, 689, 690, 691, 692, 693, 694, 695, 696, 697, 698, 699, 700, 701, 702, 703, 704, 705, 706, 707, 708, 709, 710, 711, 712, 713, 714, 715, 716, 717, 718, 719, 720, 721, 722, 723, 724, 725, 726, 727, 728, 729, 730, 731, 732, 733, 734, 735, 736, 737, 738, 739, 740, 741, 742, 743, 744, 745, 746, 747, 748, 749, 750, 751, 752, 753, 754, 755, 756, 757, 758, 759, 760, 761, 762, 763, 764, 765, 766, 767, 768, 769, 770, 771, 772, 773, 774, 775, 776, 777, 778, 779, 780, 781, 782, 783, 784, 785, 786, 787, 788, 789, 790, 791, 792, 793, 840, 847, 922, 926]",True,"[323, 781]","[103, 104, 105, 106, 107, 108, 109, 110, 111, 112, 113, 114, 115, 116, 117, 118, 119, 120, 121, 122, 123, 124, 125, 126, 127, 128, 129, 130, 131, 132, 133, 134, 135, 136, 137, 138, 139, 140, 141, 142, 143, 144, 145, 146, 147, 148, 149, 150, 151, 152, 153, 154, 155, 156, 157, 158, 159, 160, 161, 162, 163, 164, 165, 166, 167, 168, 169, 170, 171, 172, 173, 174, 175, 176, 177, 178, 179, 180, 181, 182, 183, 184, 185, 186, 187, 188, 189, 190, 191, 192, 193, 194, 195, 196, 197, 198, 199, 200, 201, 202, 203, 204, 205, 206, 207, 208, 209, 210, 211, 212, 213, 214, 215, 216, 217, 218, 219, 220, 221, 222, 223, 224, 225, 226, 227, 228, 229, 230, 231, 232, 233, 234, 235, 236, 237, 238, 239, 240, 241, 242, 243, 244, 245, 246, 247, 248, 249, 250, 251, 252, 253, 254, 255, 256, 257, 258, 259, 260, 261, 262, 263, 264, 265, 266, 267, 268, 269, 270, 271, 272, 273, 274, 275, 276, 277, 278, 279, 280, 281, 282, 283, 284, 285, 286, 287, 288, 289, 290, 291, 292, 293, 294, 295, 296, 297, 298, 299, 300, 301, 302, 303, 304, 305, 306, 307, 308, 309, 310, 311, 312, 313, 314, 315, 316, 317, 318, 319, 320, 321, 322, 323, 324, 325, 326, 327, 328, 329, 330, 331, 332, 333, 334, 335, 336, 337, 574, 575, 576, 577, 578, 579, 580, 581, 582, 583, 584, 585, 586, 587, 588, 589, 590, 591, 592, 593, 594, 595, 596, 597, 598, 599, 600, 601, 602, 603, 604, 605, 606, 607, 608, 609, 610, 611, 612, 613, 614, 615, 616, 617, 618, 619, 620, 621, 622, 623, 624, 625, 626, 627, 628, 629, 630, 631, 632, 633, 634, 635, 636, 637, 638, 639, 640, 641, 642, 643, 644, 645, 646, 647, 648, 649, 650, 651, 652, 653, 654, 655, 656, 657, 658, 659, 660, 661, 662, 663, 664, 665, 666, 667, 668, 669, 670, 671, 672, 673, 674, 675, 676, 677, 678, 679, 680, 681, 682, 683, 684, 685, 686, 687, 688, 689, 690, 691, 692, 693, 694, 695, 696, 697, 698, 699, 700, 701, 702, 703, 704, 705, 706, 707, 708, 709, 710, 711, 712, 713, 714, 715, 716, 717, 718, 719, 720, 721, 722, 723, 724, 725, 726, 727, 728, 729, 730, 731, 732, 733, 734, 735, 736, 737, 738, 739, 740, 741, 742, 743, 744, 745, 746, 747, 748, 749, 750, 751, 752, 753, 754, 755, 756, 757, 758, 759, 760, 761, 762, 763, 764, 765, 766, 767, 768, 769, 770, 771, 772, 773, 774, 775, 776, 777, 778, 779, 780, 781, 782, 783, 784, 785, 786, 787, 788, 789, 790, 791, 792, 793]","[323, 781]",[],"[10, 75, 103, 104, 106, 117, 118, 120, 127, 128, 129, 131, 133, 135, 136, 137, 139, 146, 147, 148, 149, 151, 158, 160, 162, 166, 173, 178, 179, 185, 190, 192, 198, 201, 203, 204, 206, 207, 212, 213, 214, 219, 223, 224, 225, 227, 230, 235, 237, 246, 247, 256, 259, 262, 263, 266, 268, 269, 271, 272, 278, 279, 284, 285, 288, 290, 292, 304, 306, 312, 316, 319, 320, 323, 324, 329, 332, 335, 495, 549, 574, 575, 577, 588, 589, 591, 598, 599, 600, 602, 604, 606, 607, 608, 610, 617, 618, 619, 620, 622, 625, 630, 632, 634, 638, 644, 649, 650, 656, 661, 663, 669, 673, 674, 676, 677, 682, 683, 684, 687, 688, 689, 691, 694, 699, 701, 710, 718, 722, 723, 727, 728, 730, 731, 737, 738, 743, 744, 747, 749, 751, 762, 764, 770, 774, 777, 778, 781, 782, 789, 791]","[9, 10, 26, 29, 196, 390, 397, 474, 486, 494, 495, 509, 512, 667, 840, 847, 922, 926]","[26, 390, 474, 486, 509, 840, 922, 926]",5/6 successful match,True,[650],True,306,False,,,,,
"Tipton , 93272 Convenience Corner",4 559-752-4905 US 99 & CA 190 W,<U+25A1>,Tipton,93272,Convenience Corner,559-752-4905,2007,Tipton,CA,,,US 99 & CA 190 W,empty,,False,,False,US 99,CA 190,,,,"[323, 781]","[323, 781]","[323, 781]",[],"[103, 104, 105, 106, 107, 108, 109, 110, 111, 112, 113, 114, 115, 116, 117, 118, 119, 120, 121, 122, 123, 124, 125, 126, 127, 128, 129, 130, 131, 132, 133, 134, 135, 136, 137, 138, 139, 140, 141, 142, 143, 144, 145, 146, 147, 148, 149, 150, 151, 152, 153, 154, 155, 156, 157, 158, 159, 160, 161, 162, 163, 164, 165, 166, 167, 168, 169, 170, 171, 172, 173, 174, 175, 176, 177, 178, 179, 180, 181, 182, 183, 184, 185, 186, 187, 188, 189, 190, 191, 192, 193, 194, 195, 196, 197, 198, 199, 200, 201, 202, 203, 204, 205, 206, 207, 208, 209, 210, 211, 212, 213, 214, 215, 216, 217, 218, 219, 220, 221, 222, 223, 224, 225, 226, 227, 228, 229, 230, 231, 232, 233, 234, 235, 236, 237, 238, 239, 240, 241, 242, 243, 244, 245, 246, 247, 248, 249, 250, 251, 252, 253, 254, 255, 256, 257, 258, 259, 260, 261, 262, 263, 264, 265, 266, 267, 268, 269, 270, 271, 272, 273, 274, 275, 276, 277, 278, 279, 280, 281, 282, 283, 284, 285, 286, 287, 288, 289, 290, 291, 292, 293, 294, 295, 296, 297, 298, 299, 300, 301, 302, 303, 304, 305, 306, 307, 308, 309, 310, 311, 312, 313, 314, 315, 316, 317, 318, 319, 320, 321, 322, 323, 324, 325, 326, 327, 328, 329, 330, 331, 332, 333, 334, 335, 336, 337, 574, 575, 576, 577, 578, 579, 580, 581, 582, 583, 584, 585, 586, 587, 588, 589, 590, 591, 592, 593, 594, 595, 596, 597, 598, 599, 600, 601, 602, 603, 604, 605, 606, 607, 608, 609, 610, 611, 612, 613, 614, 615, 616, 617, 618, 619, 620, 621, 622, 623, 624, 625, 626, 627, 628, 629, 630, 631, 632, 633, 634, 635, 636, 637, 638, 639, 640, 641, 642, 643, 644, 645, 646, 647, 648, 649, 650, 651, 652, 653, 654, 655, 656, 657, 658, 659, 660, 661, 662, 663, 664, 665, 666, 667, 668, 669, 670, 671, 672, 673, 674, 675, 676, 677, 678, 679, 680, 681, 682, 683, 684, 685, 686, 687, 688, 689, 690, 691, 692, 693, 694, 695, 696, 697, 698, 699, 700, 701, 702, 703, 704, 705, 706, 707, 708, 709, 710, 711, 712, 713, 714, 715, 716, 717, 718, 719, 720, 721, 722, 723, 724, 725, 726, 727, 728, 729, 730, 731, 732, 733, 734, 735, 736, 737, 738, 739, 740, 741, 742, 743, 744, 745, 746, 747, 748, 749, 750, 751, 752, 753, 754, 755, 756, 757, 758, 759, 760, 761, 762, 763, 764, 765, 766, 767, 768, 769, 770, 771, 772, 773, 774, 775, 776, 777, 778, 779, 780, 781, 782, 783, 784, 785, 786, 787, 788, 789, 790, 791, 792, 793]","[10, 75, 103, 104, 106, 117, 118, 120, 127, 128, 129, 131, 133, 135, 136, 137, 139, 146, 147, 148, 149, 151, 158, 160, 162, 166, 173, 178, 179, 185, 190, 192, 198, 201, 203, 204, 206, 207, 212, 213, 214, 219, 223, 224, 225, 227, 230, 235, 237, 246, 247, 256, 259, 262, 263, 266, 268, 269, 271, 272, 278, 279, 284, 285, 288, 290, 292, 304, 306, 312, 316, 319, 320, 323, 324, 329, 332, 335, 495, 549, 574, 575, 577, 588, 589, 591, 598, 599, 600, 602, 604, 606, 607, 608, 610, 617, 618, 619, 620, 622, 625, 630, 632, 634, 638, 644, 649, 650, 656, 661, 663, 669, 673, 674, 676, 677, 682, 683, 684, 687, 688, 689, 691, 694, 699, 701, 710, 718, 722, 723, 727, 728, 730, 731, 737, 738, 743, 744, 747, 749, 751, 762, 764, 770, 774, 777, 778, 781, 782, 789, 791]",[],"[9, 10, 29, 196, 397, 494, 495, 512, 667, 847]","[9, 10, 29, 75, 103, 104, 105, 106, 107, 108, 109, 110, 111, 112, 113, 114, 115, 116, 117, 118, 119, 120, 121, 122, 123, 124, 125, 126, 127, 128, 129, 130, 131, 132, 133, 134, 135, 136, 137, 138, 139, 140, 141, 142, 143, 144, 145, 146, 147, 148, 149, 150, 151, 152, 153, 154, 155, 156, 157, 158, 159, 160, 161, 162, 163, 164, 165, 166, 167, 168, 169, 170, 171, 172, 173, 174, 175, 176, 177, 178, 179, 180, 181, 182, 183, 184, 185, 186, 187, 188, 189, 190, 191, 192, 193, 194, 195, 196, 197, 198, 199, 200, 201, 202, 203, 204, 205, 206, 207, 208, 209, 210, 211, 212, 213, 214, 215, 216, 217, 218, 219, 220, 221, 222, 223, 224, 225, 226, 227, 228, 229, 230, 231, 232, 233, 234, 235, 236, 237, 238, 239, 240, 241, 242, 243, 244, 245, 246, 247, 248, 249, 250, 251, 252, 253, 254, 255, 256, 257, 258, 259, 260, 261, 262, 263, 264, 265, 266, 267, 268, 269, 270, 271, 272, 273, 274, 275, 276, 277, 278, 279, 280, 281, 282, 283, 284, 285, 286, 287, 288, 289, 290, 291, 292, 293, 294, 295, 296, 297, 298, 299, 300, 301, 302, 303, 304, 305, 306, 307, 308, 309, 310, 311, 312, 313, 314, 315, 316, 317, 318, 319, 320, 321, 322, 323, 324, 325, 326, 327, 328, 329, 330, 331, 332, 333, 334, 335, 336, 337, 397, 494, 495, 512, 549, 574, 575, 576, 577, 578, 579, 580, 581, 582, 583, 584, 585, 586, 587, 588, 589, 590, 591, 592, 593, 594, 595, 596, 597, 598, 599, 600, 601, 602, 603, 604, 605, 606, 607, 608, 609, 610, 611, 612, 613, 614, 615, 616, 617, 618, 619, 620, 621, 622, 623, 624, 625, 626, 627, 628, 629, 630, 631, 632, 633, 634, 635, 636, 637, 638, 639, 640, 641, 642, 643, 644, 645, 646, 647, 648, 649, 650, 651, 652, 653, 654, 655, 656, 657, 658, 659, 660, 661, 662, 663, 664, 665, 666, 667, 668, 669, 670, 671, 672, 673, 674, 675, 676, 677, 678, 679, 680, 681, 682, 683, 684, 685, 686, 687, 688, 689, 690, 691, 692, 693, 694, 695, 696, 697, 698, 699, 700, 701, 702, 703, 704, 705, 706, 707, 708, 709, 710, 711, 712, 713, 714, 715, 716, 717, 718, 719, 720, 721, 722, 723, 724, 725, 726, 727, 728, 729, 730, 731, 732, 733, 734, 735, 736, 737, 738, 739, 740, 741, 742, 743, 744, 745, 746, 747, 748, 749, 750, 751, 752, 753, 754, 755, 756, 757, 758, 759, 760, 761, 762, 763, 764, 765, 766, 767, 768, 769, 770, 771, 772, 773, 774, 775, 776, 777, 778, 779, 780, 781, 782, 783, 784, 785, 786, 787, 788, 789, 790, 791, 792, 793, 847]",True,"[323, 781]","[103, 104, 105, 106, 107, 108, 109, 110, 111, 112, 113, 114, 115, 116, 117, 118, 119, 120, 121, 122, 123, 124, 125, 126, 127, 128, 129, 130, 131, 132, 133, 134, 135, 136, 137, 138, 139, 140, 141, 142, 143, 144, 145, 146, 147, 148, 149, 150, 151, 152, 153, 154, 155, 156, 157, 158, 159, 160, 161, 162, 163, 164, 165, 166, 167, 168, 169, 170, 171, 172, 173, 174, 175, 176, 177, 178, 179, 180, 181, 182, 183, 184, 185, 186, 187, 188, 189, 190, 191, 192, 193, 194, 195, 196, 197, 198, 199, 200, 201, 202, 203, 204, 205, 206, 207, 208, 209, 210, 211, 212, 213, 214, 215, 216, 217, 218, 219, 220, 221, 222, 223, 224, 225, 226, 227, 228, 229, 230, 231, 232, 233, 234, 235, 236, 237, 238, 239, 240, 241, 242, 243, 244, 245, 246, 247, 248, 249, 250, 251, 252, 253, 254, 255, 256, 257, 258, 259, 260, 261, 262, 263, 264, 265, 266, 267, 268, 269, 270, 271, 272, 273, 274, 275, 276, 277, 278, 279, 280, 281, 282, 283, 284, 285, 286, 287, 288, 289, 290, 291, 292, 293, 294, 295, 296, 297, 298, 299, 300, 301, 302, 303, 304, 305, 306, 307, 308, 309, 310, 311, 312, 313, 314, 315, 316, 317, 318, 319, 320, 321, 322, 323, 324, 325, 326, 327, 328, 329, 330, 331, 332, 333, 334, 335, 336, 337, 574, 575, 576, 577, 578, 579, 580, 581, 582, 583, 584, 585, 586, 587, 588, 589, 590, 591, 592, 593, 594, 595, 596, 597, 598, 599, 600, 601, 602, 603, 604, 605, 606, 607, 608, 609, 610, 611, 612, 613, 614, 615, 616, 617, 618, 619, 620, 621, 622, 623, 624, 625, 626, 627, 628, 629, 630, 631, 632, 633, 634, 635, 636, 637, 638, 639, 640, 641, 642, 643, 644, 645, 646, 647, 648, 649, 650, 651, 652, 653, 654, 655, 656, 657, 658, 659, 660, 661, 662, 663, 664, 665, 666, 667, 668, 669, 670, 671, 672, 673, 674, 675, 676, 677, 678, 679, 680, 681, 682, 683, 684, 685, 686, 687, 688, 689, 690, 691, 692, 693, 694, 695, 696, 697, 698, 699, 700, 701, 702, 703, 704, 705, 706, 707, 708, 709, 710, 711, 712, 713, 714, 715, 716, 717, 718, 719, 720, 721, 722, 723, 724, 725, 726, 727, 728, 729, 730, 731, 732, 733, 734, 735, 736, 737, 738, 739, 740, 741, 742, 743, 744, 745, 746, 747, 748, 749, 750, 751, 752, 753, 754, 755, 756, 757, 758, 759, 760, 761, 762, 763, 764, 765, 766, 767, 768, 769, 770, 771, 772, 773, 774, 775, 776, 777, 778, 779, 780, 781, 782, 783, 784, 785, 786, 787, 788, 789, 790, 791, 792, 793]","[323, 781]",[],"[10, 75, 103, 104, 106, 117, 118, 120, 127, 128, 129, 131, 133, 135, 136, 137, 139, 146, 147, 148, 149, 151, 158, 160, 162, 166, 173, 178, 179, 185, 190, 192, 198, 201, 203, 204, 206, 207, 212, 213, 214, 219, 223, 224, 225, 227, 230, 235, 237, 246, 247, 256, 259, 262, 263, 266, 268, 269, 271, 272, 278, 279, 284, 285, 288, 290, 292, 304, 306, 312, 316, 319, 320, 323, 324, 329, 332, 335, 495, 549, 574, 575, 577, 588, 589, 591, 598, 599, 600, 602, 604, 606, 607, 608, 610, 617, 618, 619, 620, 622, 625, 630, 632, 634, 638, 644, 649, 650, 656, 661, 663, 669, 673, 674, 676, 677, 682, 683, 684, 687, 688, 689, 691, 694, 699, 701, 710, 718, 722, 723, 727, 728, 730, 731, 737, 738, 743, 744, 747, 749, 751, 762, 764, 770, 774, 777, 778, 781, 782, 789, 791]","[9, 10, 29, 196, 397, 494, 495, 512, 667, 847]",[],5/6 successful match,True,[650],True,306,False,,1.0,True,Convenience Corner ( Texaco ),Texaco
"Tipton , 93272 Town & Country Market",41559-752-4905 US 99 & CA 190 W,HIRS 24 S <U+2610> <U+2610>,Tipton,93272,Town & Country Market,559-752-4905,2008,Tipton,CA,,,US 99 & CA 190 W,empty,,False,,False,US 99,CA 190,,,,"[323, 781]","[323, 781]","[323, 781]",[],"[103, 104, 105, 106, 107, 108, 109, 110, 111, 112, 113, 114, 115, 116, 117, 118, 119, 120, 121, 122, 123, 124, 125, 126, 127, 128, 129, 130, 131, 132, 133, 134, 135, 136, 137, 138, 139, 140, 141, 142, 143, 144, 145, 146, 147, 148, 149, 150, 151, 152, 153, 154, 155, 156, 157, 158, 159, 160, 161, 162, 163, 164, 165, 166, 167, 168, 169, 170, 171, 172, 173, 174, 175, 176, 177, 178, 179, 180, 181, 182, 183, 184, 185, 186, 187, 188, 189, 190, 191, 192, 193, 194, 195, 196, 197, 198, 199, 200, 201, 202, 203, 204, 205, 206, 207, 208, 209, 210, 211, 212, 213, 214, 215, 216, 217, 218, 219, 220, 221, 222, 223, 224, 225, 226, 227, 228, 229, 230, 231, 232, 233, 234, 235, 236, 237, 238, 239, 240, 241, 242, 243, 244, 245, 246, 247, 248, 249, 250, 251, 252, 253, 254, 255, 256, 257, 258, 259, 260, 261, 262, 263, 264, 265, 266, 267, 268, 269, 270, 271, 272, 273, 274, 275, 276, 277, 278, 279, 280, 281, 282, 283, 284, 285, 286, 287, 288, 289, 290, 291, 292, 293, 294, 295, 296, 297, 298, 299, 300, 301, 302, 303, 304, 305, 306, 307, 308, 309, 310, 311, 312, 313, 314, 315, 316, 317, 318, 319, 320, 321, 322, 323, 324, 325, 326, 327, 328, 329, 330, 331, 332, 333, 334, 335, 336, 337, 574, 575, 576, 577, 578, 579, 580, 581, 582, 583, 584, 585, 586, 587, 588, 589, 590, 591, 592, 593, 594, 595, 596, 597, 598, 599, 600, 601, 602, 603, 604, 605, 606, 607, 608, 609, 610, 611, 612, 613, 614, 615, 616, 617, 618, 619, 620, 621, 622, 623, 624, 625, 626, 627, 628, 629, 630, 631, 632, 633, 634, 635, 636, 637, 638, 639, 640, 641, 642, 643, 644, 645, 646, 647, 648, 649, 650, 651, 652, 653, 654, 655, 656, 657, 658, 659, 660, 661, 662, 663, 664, 665, 666, 667, 668, 669, 670, 671, 672, 673, 674, 675, 676, 677, 678, 679, 680, 681, 682, 683, 684, 685, 686, 687, 688, 689, 690, 691, 692, 693, 694, 695, 696, 697, 698, 699, 700, 701, 702, 703, 704, 705, 706, 707, 708, 709, 710, 711, 712, 713, 714, 715, 716, 717, 718, 719, 720, 721, 722, 723, 724, 725, 726, 727, 728, 729, 730, 731, 732, 733, 734, 735, 736, 737, 738, 739, 740, 741, 742, 743, 744, 745, 746, 747, 748, 749, 750, 751, 752, 753, 754, 755, 756, 757, 758, 759, 760, 761, 762, 763, 764, 765, 766, 767, 768, 769, 770, 771, 772, 773, 774, 775, 776, 777, 778, 779, 780, 781, 782, 783, 784, 785, 786, 787, 788, 789, 790, 791, 792, 793]","[10, 75, 103, 104, 106, 117, 118, 120, 127, 128, 129, 131, 133, 135, 136, 137, 139, 146, 147, 148, 149, 151, 158, 160, 162, 166, 173, 178, 179, 185, 190, 192, 198, 201, 203, 204, 206, 207, 212, 213, 214, 219, 223, 224, 225, 227, 230, 235, 237, 246, 247, 256, 259, 262, 263, 266, 268, 269, 271, 272, 278, 279, 284, 285, 288, 290, 292, 304, 306, 312, 316, 319, 320, 323, 324, 329, 332, 335, 495, 549, 574, 575, 577, 588, 589, 591, 598, 599, 600, 602, 604, 606, 607, 608, 610, 617, 618, 619, 620, 622, 625, 630, 632, 634, 638, 644, 649, 650, 656, 661, 663, 669, 673, 674, 676, 677, 682, 683, 684, 687, 688, 689, 691, 694, 699, 701, 710, 718, 722, 723, 727, 728, 730, 731, 737, 738, 743, 744, 747, 749, 751, 762, 764, 770, 774, 777, 778, 781, 782, 789, 791]",[],[],"[10, 75, 103, 104, 105, 106, 107, 108, 109, 110, 111, 112, 113, 114, 115, 116, 117, 118, 119, 120, 121, 122, 123, 124, 125, 126, 127, 128, 129, 130, 131, 132, 133, 134, 135, 136, 137, 138, 139, 140, 141, 142, 143, 144, 145, 146, 147, 148, 149, 150, 151, 152, 153, 154, 155, 156, 157, 158, 159, 160, 161, 162, 163, 164, 165, 166, 167, 168, 169, 170, 171, 172, 173, 174, 175, 176, 177, 178, 179, 180, 181, 182, 183, 184, 185, 186, 187, 188, 189, 190, 191, 192, 193, 194, 195, 196, 197, 198, 199, 200, 201, 202, 203, 204, 205, 206, 207, 208, 209, 210, 211, 212, 213, 214, 215, 216, 217, 218, 219, 220, 221, 222, 223, 224, 225, 226, 227, 228, 229, 230, 231, 232, 233, 234, 235, 236, 237, 238, 239, 240, 241, 242, 243, 244, 245, 246, 247, 248, 249, 250, 251, 252, 253, 254, 255, 256, 257, 258, 259, 260, 261, 262, 263, 264, 265, 266, 267, 268, 269, 270, 271, 272, 273, 274, 275, 276, 277, 278, 279, 280, 281, 282, 283, 284, 285, 286, 287, 288, 289, 290, 291, 292, 293, 294, 295, 296, 297, 298, 299, 300, 301, 302, 303, 304, 305, 306, 307, 308, 309, 310, 311, 312, 313, 314, 315, 316, 317, 318, 319, 320, 321, 322, 323, 324, 325, 326, 327, 328, 329, 330, 331, 332, 333, 334, 335, 336, 337, 495, 549, 574, 575, 576, 577, 578, 579, 580, 581, 582, 583, 584, 585, 586, 587, 588, 589, 590, 591, 592, 593, 594, 595, 596, 597, 598, 599, 600, 601, 602, 603, 604, 605, 606, 607, 608, 609, 610, 611, 612, 613, 614, 615, 616, 617, 618, 619, 620, 621, 622, 623, 624, 625, 626, 627, 628, 629, 630, 631, 632, 633, 634, 635, 636, 637, 638, 639, 640, 641, 642, 643, 644, 645, 646, 647, 648, 649, 650, 651, 652, 653, 654, 655, 656, 657, 658, 659, 660, 661, 662, 663, 664, 665, 666, 667, 668, 669, 670, 671, 672, 673, 674, 675, 676, 677, 678, 679, 680, 681, 682, 683, 684, 685, 686, 687, 688, 689, 690, 691, 692, 693, 694, 695, 696, 697, 698, 699, 700, 701, 702, 703, 704, 705, 706, 707, 708, 709, 710, 711, 712, 713, 714, 715, 716, 717, 718, 719, 720, 721, 722, 723, 724, 725, 726, 727, 728, 729, 730, 731, 732, 733, 734, 735, 736, 737, 738, 739, 740, 741, 742, 743, 744, 745, 746, 747, 748, 749, 750, 751, 752, 753, 754, 755, 756, 757, 758, 759, 760, 761, 762, 763, 764, 765, 766, 767, 768, 769, 770, 771, 772, 773, 774, 775, 776, 777, 778, 779, 780, 781, 782, 783, 784, 785, 786, 787, 788, 789, 790, 791, 792, 793]",True,"[323, 781]","[103, 104, 105, 106, 107, 108, 109, 110, 111, 112, 113, 114, 115, 116, 117, 118, 119, 120, 121, 122, 123, 124, 125, 126, 127, 128, 129, 130, 131, 132, 133, 134, 135, 136, 137, 138, 139, 140, 141, 142, 143, 144, 145, 146, 147, 148, 149, 150, 151, 152, 153, 154, 155, 156, 157, 158, 159, 160, 161, 162, 163, 164, 165, 166, 167, 168, 169, 170, 171, 172, 173, 174, 175, 176, 177, 178, 179, 180, 181, 182, 183, 184, 185, 186, 187, 188, 189, 190, 191, 192, 193, 194, 195, 196, 197, 198, 199, 200, 201, 202, 203, 204, 205, 206, 207, 208, 209, 210, 211, 212, 213, 214, 215, 216, 217, 218, 219, 220, 221, 222, 223, 224, 225, 226, 227, 228, 229, 230, 231, 232, 233, 234, 235, 236, 237, 238, 239, 240, 241, 242, 243, 244, 245, 246, 247, 248, 249, 250, 251, 252, 253, 254, 255, 256, 257, 258, 259, 260, 261, 262, 263, 264, 265, 266, 267, 268, 269, 270, 271, 272, 273, 274, 275, 276, 277, 278, 279, 280, 281, 282, 283, 284, 285, 286, 287, 288, 289, 290, 291, 292, 293, 294, 295, 296, 297, 298, 299, 300, 301, 302, 303, 304, 305, 306, 307, 308, 309, 310, 311, 312, 313, 314, 315, 316, 317, 318, 319, 320, 321, 322, 323, 324, 325, 326, 327, 328, 329, 330, 331, 332, 333, 334, 335, 336, 337, 574, 575, 576, 577, 578, 579, 580, 581, 582, 583, 584, 585, 586, 587, 588, 589, 590, 591, 592, 593, 594, 595, 596, 597, 598, 599, 600, 601, 602, 603, 604, 605, 606, 607, 608, 609, 610, 611, 612, 613, 614, 615, 616, 617, 618, 619, 620, 621, 622, 623, 624, 625, 626, 627, 628, 629, 630, 631, 632, 633, 634, 635, 636, 637, 638, 639, 640, 641, 642, 643, 644, 645, 646, 647, 648, 649, 650, 651, 652, 653, 654, 655, 656, 657, 658, 659, 660, 661, 662, 663, 664, 665, 666, 667, 668, 669, 670, 671, 672, 673, 674, 675, 676, 677, 678, 679, 680, 681, 682, 683, 684, 685, 686, 687, 688, 689, 690, 691, 692, 693, 694, 695, 696, 697, 698, 699, 700, 701, 702, 703, 704, 705, 706, 707, 708, 709, 710, 711, 712, 713, 714, 715, 716, 717, 718, 719, 720, 721, 722, 723, 724, 725, 726, 727, 728, 729, 730, 731, 732, 733, 734, 735, 736, 737, 738, 739, 740, 741, 742, 743, 744, 745, 746, 747, 748, 749, 750, 751, 752, 753, 754, 755, 756, 757, 758, 759, 760, 761, 762, 763, 764, 765, 766, 767, 768, 769, 770, 771, 772, 773, 774, 775, 776, 777, 778, 779, 780, 781, 782, 783, 784, 785, 786, 787, 788, 789, 790, 791, 792, 793]","[323, 781]",[],"[10, 75, 103, 104, 106, 117, 118, 120, 127, 128, 129, 131, 133, 135, 136, 137, 139, 146, 147, 148, 149, 151, 158, 160, 162, 166, 173, 178, 179, 185, 190, 192, 198, 201, 203, 204, 206, 207, 212, 213, 214, 219, 223, 224, 225, 227, 230, 235, 237, 246, 247, 256, 259, 262, 263, 266, 268, 269, 271, 272, 278, 279, 284, 285, 288, 290, 292, 304, 306, 312, 316, 319, 320, 323, 324, 329, 332, 335, 495, 549, 574, 575, 577, 588, 589, 591, 598, 599, 600, 602, 604, 606, 607, 608, 610, 617, 618, 619, 620, 622, 625, 630, 632, 634, 638, 644, 649, 650, 656, 661, 663, 669, 673, 674, 676, 677, 682, 683, 684, 687, 688, 689, 691, 694, 699, 701, 710, 718, 722, 723, 727, 728, 730, 731, 737, 738, 743, 744, 747, 749, 751, 762, 764, 770, 774, 777, 778, 781, 782, 789, 791]",[],[],7/6 successful match,True,[650],True,306,True,2008,0.1794871794871795,True,Convenience Corner,
Tipton ( 93272 ) Town & Country Market E ),559-752-4905 US 99 & CA 190 W,S <U+25A1>,Tipton,93272,Town & Country Market E ),559-752-4905,2014,Tipton,CA,,,US 99 & CA 190 W,empty,,False,,False,US 99,CA 190,,,,"[323, 781]","[323, 781]","[323, 781]",[],"[103, 104, 105, 106, 107, 108, 109, 110, 111, 112, 113, 114, 115, 116, 117, 118, 119, 120, 121, 122, 123, 124, 125, 126, 127, 128, 129, 130, 131, 132, 133, 134, 135, 136, 137, 138, 139, 140, 141, 142, 143, 144, 145, 146, 147, 148, 149, 150, 151, 152, 153, 154, 155, 156, 157, 158, 159, 160, 161, 162, 163, 164, 165, 166, 167, 168, 169, 170, 171, 172, 173, 174, 175, 176, 177, 178, 179, 180, 181, 182, 183, 184, 185, 186, 187, 188, 189, 190, 191, 192, 193, 194, 195, 196, 197, 198, 199, 200, 201, 202, 203, 204, 205, 206, 207, 208, 209, 210, 211, 212, 213, 214, 215, 216, 217, 218, 219, 220, 221, 222, 223, 224, 225, 226, 227, 228, 229, 230, 231, 232, 233, 234, 235, 236, 237, 238, 239, 240, 241, 242, 243, 244, 245, 246, 247, 248, 249, 250, 251, 252, 253, 254, 255, 256, 257, 258, 259, 260, 261, 262, 263, 264, 265, 266, 267, 268, 269, 270, 271, 272, 273, 274, 275, 276, 277, 278, 279, 280, 281, 282, 283, 284, 285, 286, 287, 288, 289, 290, 291, 292, 293, 294, 295, 296, 297, 298, 299, 300, 301, 302, 303, 304, 305, 306, 307, 308, 309, 310, 311, 312, 313, 314, 315, 316, 317, 318, 319, 320, 321, 322, 323, 324, 325, 326, 327, 328, 329, 330, 331, 332, 333, 334, 335, 336, 337, 574, 575, 576, 577, 578, 579, 580, 581, 582, 583, 584, 585, 586, 587, 588, 589, 590, 591, 592, 593, 594, 595, 596, 597, 598, 599, 600, 601, 602, 603, 604, 605, 606, 607, 608, 609, 610, 611, 612, 613, 614, 615, 616, 617, 618, 619, 620, 621, 622, 623, 624, 625, 626, 627, 628, 629, 630, 631, 632, 633, 634, 635, 636, 637, 638, 639, 640, 641, 642, 643, 644, 645, 646, 647, 648, 649, 650, 651, 652, 653, 654, 655, 656, 657, 658, 659, 660, 661, 662, 663, 664, 665, 666, 667, 668, 669, 670, 671, 672, 673, 674, 675, 676, 677, 678, 679, 680, 681, 682, 683, 684, 685, 686, 687, 688, 689, 690, 691, 692, 693, 694, 695, 696, 697, 698, 699, 700, 701, 702, 703, 704, 705, 706, 707, 708, 709, 710, 711, 712, 713, 714, 715, 716, 717, 718, 719, 720, 721, 722, 723, 724, 725, 726, 727, 728, 729, 730, 731, 732, 733, 734, 735, 736, 737, 738, 739, 740, 741, 742, 743, 744, 745, 746, 747, 748, 749, 750, 751, 752, 753, 754, 755, 756, 757, 758, 759, 760, 761, 762, 763, 764, 765, 766, 767, 768, 769, 770, 771, 772, 773, 774, 775, 776, 777, 778, 779, 780, 781, 782, 783, 784, 785, 786, 787, 788, 789, 790, 791, 792, 793]","[10, 75, 103, 104, 106, 117, 118, 120, 127, 128, 129, 131, 133, 135, 136, 137, 139, 146, 147, 148, 149, 151, 158, 160, 162, 166, 173, 178, 179, 185, 190, 192, 198, 201, 203, 204, 206, 207, 212, 213, 214, 219, 223, 224, 225, 227, 230, 235, 237, 246, 247, 256, 259, 262, 263, 266, 268, 269, 271, 272, 278, 279, 284, 285, 288, 290, 292, 304, 306, 312, 316, 319, 320, 323, 324, 329, 332, 335, 495, 549, 574, 575, 577, 588, 589, 591, 598, 599, 600, 602, 604, 606, 607, 608, 610, 617, 618, 619, 620, 622, 625, 630, 632, 634, 638, 644, 649, 650, 656, 661, 663, 669, 673, 674, 676, 677, 682, 683, 684, 687, 688, 689, 691, 694, 699, 701, 710, 718, 722, 723, 727, 728, 730, 731, 737, 738, 743, 744, 747, 749, 751, 762, 764, 770, 774, 777, 778, 781, 782, 789, 791]",[],[],"[10, 75, 103, 104, 105, 106, 107, 108, 109, 110, 111, 112, 113, 114, 115, 116, 117, 118, 119, 120, 121, 122, 123, 124, 125, 126, 127, 128, 129, 130, 131, 132, 133, 134, 135, 136, 137, 138, 139, 140, 141, 142, 143, 144, 145, 146, 147, 148, 149, 150, 151, 152, 153, 154, 155, 156, 157, 158, 159, 160, 161, 162, 163, 164, 165, 166, 167, 168, 169, 170, 171, 172, 173, 174, 175, 176, 177, 178, 179, 180, 181, 182, 183, 184, 185, 186, 187, 188, 189, 190, 191, 192, 193, 194, 195, 196, 197, 198, 199, 200, 201, 202, 203, 204, 205, 206, 207, 208, 209, 210, 211, 212, 213, 214, 215, 216, 217, 218, 219, 220, 221, 222, 223, 224, 225, 226, 227, 228, 229, 230, 231, 232, 233, 234, 235, 236, 237, 238, 239, 240, 241, 242, 243, 244, 245, 246, 247, 248, 249, 250, 251, 252, 253, 254, 255, 256, 257, 258, 259, 260, 261, 262, 263, 264, 265, 266, 267, 268, 269, 270, 271, 272, 273, 274, 275, 276, 277, 278, 279, 280, 281, 282, 283, 284, 285, 286, 287, 288, 289, 290, 291, 292, 293, 294, 295, 296, 297, 298, 299, 300, 301, 302, 303, 304, 305, 306, 307, 308, 309, 310, 311, 312, 313, 314, 315, 316, 317, 318, 319, 320, 321, 322, 323, 324, 325, 326, 327, 328, 329, 330, 331, 332, 333, 334, 335, 336, 337, 495, 549, 574, 575, 576, 577, 578, 579, 580, 581, 582, 583, 584, 585, 586, 587, 588, 589, 590, 591, 592, 593, 594, 595, 596, 597, 598, 599, 600, 601, 602, 603, 604, 605, 606, 607, 608, 609, 610, 611, 612, 613, 614, 615, 616, 617, 618, 619, 620, 621, 622, 623, 624, 625, 626, 627, 628, 629, 630, 631, 632, 633, 634, 635, 636, 637, 638, 639, 640, 641, 642, 643, 644, 645, 646, 647, 648, 649, 650, 651, 652, 653, 654, 655, 656, 657, 658, 659, 660, 661, 662, 663, 664, 665, 666, 667, 668, 669, 670, 671, 672, 673, 674, 675, 676, 677, 678, 679, 680, 681, 682, 683, 684, 685, 686, 687, 688, 689, 690, 691, 692, 693, 694, 695, 696, 697, 698, 699, 700, 701, 702, 703, 704, 705, 706, 707, 708, 709, 710, 711, 712, 713, 714, 715, 716, 717, 718, 719, 720, 721, 722, 723, 724, 725, 726, 727, 728, 729, 730, 731, 732, 733, 734, 735, 736, 737, 738, 739, 740, 741, 742, 743, 744, 745, 746, 747, 748, 749, 750, 751, 752, 753, 754, 755, 756, 757, 758, 759, 760, 761, 762, 763, 764, 765, 766, 767, 768, 769, 770, 771, 772, 773, 774, 775, 776, 777, 778, 779, 780, 781, 782, 783, 784, 785, 786, 787, 788, 789, 790, 791, 792, 793]",True,"[323, 781]","[103, 104, 105, 106, 107, 108, 109, 110, 111, 112, 113, 114, 115, 116, 117, 118, 119, 120, 121, 122, 123, 124, 125, 126, 127, 128, 129, 130, 131, 132, 133, 134, 135, 136, 137, 138, 139, 140, 141, 142, 143, 144, 145, 146, 147, 148, 149, 150, 151, 152, 153, 154, 155, 156, 157, 158, 159, 160, 161, 162, 163, 164, 165, 166, 167, 168, 169, 170, 171, 172, 173, 174, 175, 176, 177, 178, 179, 180, 181, 182, 183, 184, 185, 186, 187, 188, 189, 190, 191, 192, 193, 194, 195, 196, 197, 198, 199, 200, 201, 202, 203, 204, 205, 206, 207, 208, 209, 210, 211, 212, 213, 214, 215, 216, 217, 218, 219, 220, 221, 222, 223, 224, 225, 226, 227, 228, 229, 230, 231, 232, 233, 234, 235, 236, 237, 238, 239, 240, 241, 242, 243, 244, 245, 246, 247, 248, 249, 250, 251, 252, 253, 254, 255, 256, 257, 258, 259, 260, 261, 262, 263, 264, 265, 266, 267, 268, 269, 270, 271, 272, 273, 274, 275, 276, 277, 278, 279, 280, 281, 282, 283, 284, 285, 286, 287, 288, 289, 290, 291, 292, 293, 294, 295, 296, 297, 298, 299, 300, 301, 302, 303, 304, 305, 306, 307, 308, 309, 310, 311, 312, 313, 314, 315, 316, 317, 318, 319, 320, 321, 322, 323, 324, 325, 326, 327, 328, 329, 330, 331, 332, 333, 334, 335, 336, 337, 574, 575, 576, 577, 578, 579, 580, 581, 582, 583, 584, 585, 586, 587, 588, 589, 590, 591, 592, 593, 594, 595, 596, 597, 598, 599, 600, 601, 602, 603, 604, 605, 606, 607, 608, 609, 610, 611, 612, 613, 614, 615, 616, 617, 618, 619, 620, 621, 622, 623, 624, 625, 626, 627, 628, 629, 630, 631, 632, 633, 634, 635, 636, 637, 638, 639, 640, 641, 642, 643, 644, 645, 646, 647, 648, 649, 650, 651, 652, 653, 654, 655, 656, 657, 658, 659, 660, 661, 662, 663, 664, 665, 666, 667, 668, 669, 670, 671, 672, 673, 674, 675, 676, 677, 678, 679, 680, 681, 682, 683, 684, 685, 686, 687, 688, 689, 690, 691, 692, 693, 694, 695, 696, 697, 698, 699, 700, 701, 702, 703, 704, 705, 706, 707, 708, 709, 710, 711, 712, 713, 714, 715, 716, 717, 718, 719, 720, 721, 722, 723, 724, 725, 726, 727, 728, 729, 730, 731, 732, 733, 734, 735, 736, 737, 738, 739, 740, 741, 742, 743, 744, 745, 746, 747, 748, 749, 750, 751, 752, 753, 754, 755, 756, 757, 758, 759, 760, 761, 762, 763, 764, 765, 766, 767, 768, 769, 770, 771, 772, 773, 774, 775, 776, 777, 778, 779, 780, 781, 782, 783, 784, 785, 786, 787, 788, 789, 790, 791, 792, 793]","[323, 781]",[],"[10, 75, 103, 104, 106, 117, 118, 120, 127, 128, 129, 131, 133, 135, 136, 137, 139, 146, 147, 148, 149, 151, 158, 160, 162, 166, 173, 178, 179, 185, 190, 192, 198, 201, 203, 204, 206, 207, 212, 213, 214, 219, 223, 224, 225, 227, 230, 235, 237, 246, 247, 256, 259, 262, 263, 266, 268, 269, 271, 272, 278, 279, 284, 285, 288, 290, 292, 304, 306, 312, 316, 319, 320, 323, 324, 329, 332, 335, 495, 549, 574, 575, 577, 588, 589, 591, 598, 599, 600, 602, 604, 606, 607, 608, 610, 617, 618, 619, 620, 622, 625, 630, 632, 634, 638, 644, 649, 650, 656, 661, 663, 669, 673, 674, 676, 677, 682, 683, 684, 687, 688, 689, 691, 694, 699, 701, 710, 718, 722, 723, 727, 728, 730, 731, 737, 738, 743, 744, 747, 749, 751, 762, 764, 770, 774, 777, 778, 781, 782, 789, 791]",[],[],7/6 successful match,True,[650],True,306,False,,1.0,True,Town & Country Market,
Tipton ( 93272 ) Town & Country Market N to Varner E ) FLYING,4 559-752-4905 US 99 & CA 190 W,S,Tipton,93272,Town & Country Market N to Varner E ) FLYING,559-752-4905,2015,Tipton,CA,,,US 99 & CA 190 W,empty,,False,,False,US 99,CA 190,,,,"[323, 781]","[323, 781]","[323, 781]",[],"[103, 104, 105, 106, 107, 108, 109, 110, 111, 112, 113, 114, 115, 116, 117, 118, 119, 120, 121, 122, 123, 124, 125, 126, 127, 128, 129, 130, 131, 132, 133, 134, 135, 136, 137, 138, 139, 140, 141, 142, 143, 144, 145, 146, 147, 148, 149, 150, 151, 152, 153, 154, 155, 156, 157, 158, 159, 160, 161, 162, 163, 164, 165, 166, 167, 168, 169, 170, 171, 172, 173, 174, 175, 176, 177, 178, 179, 180, 181, 182, 183, 184, 185, 186, 187, 188, 189, 190, 191, 192, 193, 194, 195, 196, 197, 198, 199, 200, 201, 202, 203, 204, 205, 206, 207, 208, 209, 210, 211, 212, 213, 214, 215, 216, 217, 218, 219, 220, 221, 222, 223, 224, 225, 226, 227, 228, 229, 230, 231, 232, 233, 234, 235, 236, 237, 238, 239, 240, 241, 242, 243, 244, 245, 246, 247, 248, 249, 250, 251, 252, 253, 254, 255, 256, 257, 258, 259, 260, 261, 262, 263, 264, 265, 266, 267, 268, 269, 270, 271, 272, 273, 274, 275, 276, 277, 278, 279, 280, 281, 282, 283, 284, 285, 286, 287, 288, 289, 290, 291, 292, 293, 294, 295, 296, 297, 298, 299, 300, 301, 302, 303, 304, 305, 306, 307, 308, 309, 310, 311, 312, 313, 314, 315, 316, 317, 318, 319, 320, 321, 322, 323, 324, 325, 326, 327, 328, 329, 330, 331, 332, 333, 334, 335, 336, 337, 574, 575, 576, 577, 578, 579, 580, 581, 582, 583, 584, 585, 586, 587, 588, 589, 590, 591, 592, 593, 594, 595, 596, 597, 598, 599, 600, 601, 602, 603, 604, 605, 606, 607, 608, 609, 610, 611, 612, 613, 614, 615, 616, 617, 618, 619, 620, 621, 622, 623, 624, 625, 626, 627, 628, 629, 630, 631, 632, 633, 634, 635, 636, 637, 638, 639, 640, 641, 642, 643, 644, 645, 646, 647, 648, 649, 650, 651, 652, 653, 654, 655, 656, 657, 658, 659, 660, 661, 662, 663, 664, 665, 666, 667, 668, 669, 670, 671, 672, 673, 674, 675, 676, 677, 678, 679, 680, 681, 682, 683, 684, 685, 686, 687, 688, 689, 690, 691, 692, 693, 694, 695, 696, 697, 698, 699, 700, 701, 702, 703, 704, 705, 706, 707, 708, 709, 710, 711, 712, 713, 714, 715, 716, 717, 718, 719, 720, 721, 722, 723, 724, 725, 726, 727, 728, 729, 730, 731, 732, 733, 734, 735, 736, 737, 738, 739, 740, 741, 742, 743, 744, 745, 746, 747, 748, 749, 750, 751, 752, 753, 754, 755, 756, 757, 758, 759, 760, 761, 762, 763, 764, 765, 766, 767, 768, 769, 770, 771, 772, 773, 774, 775, 776, 777, 778, 779, 780, 781, 782, 783, 784, 785, 786, 787, 788, 789, 790, 791, 792, 793]","[10, 75, 103, 104, 106, 117, 118, 120, 127, 128, 129, 131, 133, 135, 136, 137, 139, 146, 147, 148, 149, 151, 158, 160, 162, 166, 173, 178, 179, 185, 190, 192, 198, 201, 203, 204, 206, 207, 212, 213, 214, 219, 223, 224, 225, 227, 230, 235, 237, 246, 247, 256, 259, 262, 263, 266, 268, 269, 271, 272, 278, 279, 284, 285, 288, 290, 292, 304, 306, 312, 316, 319, 320, 323, 324, 329, 332, 335, 495, 549, 574, 575, 577, 588, 589, 591, 598, 599, 600, 602, 604, 606, 607, 608, 610, 617, 618, 619, 620, 622, 625, 630, 632, 634, 638, 644, 649, 650, 656, 661, 663, 669, 673, 674, 676, 677, 682, 683, 684, 687, 688, 689, 691, 694, 699, 701, 710, 718, 722, 723, 727, 728, 730, 731, 737, 738, 743, 744, 747, 749, 751, 762, 764, 770, 774, 777, 778, 781, 782, 789, 791]",[],"[17, 18, 19, 20, 21, 22, 23, 156, 157, 158, 159, 160, 161, 162, 163, 164, 165, 166, 167, 168, 340, 341, 342, 343, 344, 345, 346, 412, 413, 414, 415, 416, 417, 418, 419, 420, 421, 422, 502, 503, 504, 505, 506, 507, 628, 629, 630, 631, 632, 633, 634, 635, 636, 637, 638, 639, 792, 796, 797, 798, 799, 800, 801, 863, 864, 865, 866, 867, 868, 869, 870, 871, 872, 873, 874]","[10, 17, 18, 19, 20, 21, 22, 23, 75, 103, 104, 105, 106, 107, 108, 109, 110, 111, 112, 113, 114, 115, 116, 117, 118, 119, 120, 121, 122, 123, 124, 125, 126, 127, 128, 129, 130, 131, 132, 133, 134, 135, 136, 137, 138, 139, 140, 141, 142, 143, 144, 145, 146, 147, 148, 149, 150, 151, 152, 153, 154, 155, 156, 157, 158, 159, 160, 161, 162, 163, 164, 165, 166, 167, 168, 169, 170, 171, 172, 173, 174, 175, 176, 177, 178, 179, 180, 181, 182, 183, 184, 185, 186, 187, 188, 189, 190, 191, 192, 193, 194, 195, 196, 197, 198, 199, 200, 201, 202, 203, 204, 205, 206, 207, 208, 209, 210, 211, 212, 213, 214, 215, 216, 217, 218, 219, 220, 221, 222, 223, 224, 225, 226, 227, 228, 229, 230, 231, 232, 233, 234, 235, 236, 237, 238, 239, 240, 241, 242, 243, 244, 245, 246, 247, 248, 249, 250, 251, 252, 253, 254, 255, 256, 257, 258, 259, 260, 261, 262, 263, 264, 265, 266, 267, 268, 269, 270, 271, 272, 273, 274, 275, 276, 277, 278, 279, 280, 281, 282, 283, 284, 285, 286, 287, 288, 289, 290, 291, 292, 293, 294, 295, 296, 297, 298, 299, 300, 301, 302, 303, 304, 305, 306, 307, 308, 309, 310, 311, 312, 313, 314, 315, 316, 317, 318, 319, 320, 321, 322, 323, 324, 325, 326, 327, 328, 329, 330, 331, 332, 333, 334, 335, 336, 337, 340, 341, 342, 343, 344, 345, 346, 412, 413, 414, 415, 416, 417, 418, 419, 420, 421, 422, 495, 502, 503, 504, 505, 506, 507, 549, 574, 575, 576, 577, 578, 579, 580, 581, 582, 583, 584, 585, 586, 587, 588, 589, 590, 591, 592, 593, 594, 595, 596, 597, 598, 599, 600, 601, 602, 603, 604, 605, 606, 607, 608, 609, 610, 611, 612, 613, 614, 615, 616, 617, 618, 619, 620, 621, 622, 623, 624, 625, 626, 627, 628, 629, 630, 631, 632, 633, 634, 635, 636, 637, 638, 639, 640, 641, 642, 643, 644, 645, 646, 647, 648, 649, 650, 651, 652, 653, 654, 655, 656, 657, 658, 659, 660, 661, 662, 663, 664, 665, 666, 667, 668, 669, 670, 671, 672, 673, 674, 675, 676, 677, 678, 679, 680, 681, 682, 683, 684, 685, 686, 687, 688, 689, 690, 691, 692, 693, 694, 695, 696, 697, 698, 699, 700, 701, 702, 703, 704, 705, 706, 707, 708, 709, 710, 711, 712, 713, 714, 715, 716, 717, 718, 719, 720, 721, 722, 723, 724, 725, 726, 727, 728, 729, 730, 731, 732, 733, 734, 735, 736, 737, 738, 739, 740, 741, 742, 743, 744, 745, 746, 747, 748, 749, 750, 751, 752, 753, 754, 755, 756, 757, 758, 759, 760, 761, 762, 763, 764, 765, 766, 767, 768, 769, 770, 771, 772, 773, 774, 775, 776, 777, 778, 779, 780, 781, 782, 783, 784, 785, 786, 787, 788, 789, 790, 791, 792, 793, 796, 797, 798, 799, 800, 801, 863, 864, 865, 866, 867, 868, 869, 870, 871, 872, 873, 874]",True,"[323, 781]","[103, 104, 105, 106, 107, 108, 109, 110, 111, 112, 113, 114, 115, 116, 117, 118, 119, 120, 121, 122, 123, 124, 125, 126, 127, 128, 129, 130, 131, 132, 133, 134, 135, 136, 137, 138, 139, 140, 141, 142, 143, 144, 145, 146, 147, 148, 149, 150, 151, 152, 153, 154, 155, 156, 157, 158, 159, 160, 161, 162, 163, 164, 165, 166, 167, 168, 169, 170, 171, 172, 173, 174, 175, 176, 177, 178, 179, 180, 181, 182, 183, 184, 185, 186, 187, 188, 189, 190, 191, 192, 193, 194, 195, 196, 197, 198, 199, 200, 201, 202, 203, 204, 205, 206, 207, 208, 209, 210, 211, 212, 213, 214, 215, 216, 217, 218, 219, 220, 221, 222, 223, 224, 225, 226, 227, 228, 229, 230, 231, 232, 233, 234, 235, 236, 237, 238, 239, 240, 241, 242, 243, 244, 245, 246, 247, 248, 249, 250, 251, 252, 253, 254, 255, 256, 257, 258, 259, 260, 261, 262, 263, 264, 265, 266, 267, 268, 269, 270, 271, 272, 273, 274, 275, 276, 277, 278, 279, 280, 281, 282, 283, 284, 285, 286, 287, 288, 289, 290, 291, 292, 293, 294, 295, 296, 297, 298, 299, 300, 301, 302, 303, 304, 305, 306, 307, 308, 309, 310, 311, 312, 313, 314, 315, 316, 317, 318, 319, 320, 321, 322, 323, 324, 325, 326, 327, 328, 329, 330, 331, 332, 333, 334, 335, 336, 337, 574, 575, 576, 577, 578, 579, 580, 581, 582, 583, 584, 585, 586, 587, 588, 589, 590, 591, 592, 593, 594, 595, 596, 597, 598, 599, 600, 601, 602, 603, 604, 605, 606, 607, 608, 609, 610, 611, 612, 613, 614, 615, 616, 617, 618, 619, 620, 621, 622, 623, 624, 625, 626, 627, 628, 629, 630, 631, 632, 633, 634, 635, 636, 637, 638, 639, 640, 641, 642, 643, 644, 645, 646, 647, 648, 649, 650, 651, 652, 653, 654, 655, 656, 657, 658, 659, 660, 661, 662, 663, 664, 665, 666, 667, 668, 669, 670, 671, 672, 673, 674, 675, 676, 677, 678, 679, 680, 681, 682, 683, 684, 685, 686, 687, 688, 689, 690, 691, 692, 693, 694, 695, 696, 697, 698, 699, 700, 701, 702, 703, 704, 705, 706, 707, 708, 709, 710, 711, 712, 713, 714, 715, 716, 717, 718, 719, 720, 721, 722, 723, 724, 725, 726, 727, 728, 729, 730, 731, 732, 733, 734, 735, 736, 737, 738, 739, 740, 741, 742, 743, 744, 745, 746, 747, 748, 749, 750, 751, 752, 753, 754, 755, 756, 757, 758, 759, 760, 761, 762, 763, 764, 765, 766, 767, 768, 769, 770, 771, 772, 773, 774, 775, 776, 777, 778, 779, 780, 781, 782, 783, 784, 785, 786, 787, 788, 789, 790, 791, 792, 793]","[323, 781]",[],"[10, 75, 103, 104, 106, 117, 118, 120, 127, 128, 129, 131, 133, 135, 136, 137, 139, 146, 147, 148, 149, 151, 158, 160, 162, 166, 173, 178, 179, 185, 190, 192, 198, 201, 203, 204, 206, 207, 212, 213, 214, 219, 223, 224, 225, 227, 230, 235, 237, 246, 247, 256, 259, 262, 263, 266, 268, 269, 271, 272, 278, 279, 284, 285, 288, 290, 292, 304, 306, 312, 316, 319, 320, 323, 324, 329, 332, 335, 495, 549, 574, 575, 577, 588, 589, 591, 598, 599, 600, 602, 604, 606, 607, 608, 610, 617, 618, 619, 620, 622, 625, 630, 632, 634, 638, 644, 649, 650, 656, 661, 663, 669, 673, 674, 676, 677, 682, 683, 684, 687, 688, 689, 691, 694, 699, 701, 710, 718, 722, 723, 727, 728, 730, 731, 737, 738, 743, 744, 747, 749, 751, 762, 764, 770, 774, 777, 778, 781, 782, 789, 791]","[17, 18, 19, 20, 21, 22, 23, 156, 157, 158, 159, 160, 161, 162, 163, 164, 165, 166, 167, 168, 340, 341, 342, 343, 344, 345, 346, 412, 413, 414, 415, 416, 417, 418, 419, 420, 421, 422, 502, 503, 504, 505, 506, 507, 628, 629, 630, 631, 632, 633, 634, 635, 636, 637, 638, 639, 792, 796, 797, 798, 799, 800, 801, 863, 864, 865, 866, 867, 868, 869, 870, 871, 872, 873, 874]",[],5/6 successful match,True,[650],True,306,False,,0.957391304347826,True,Town & Country Market E ),
Tipton ( 93272 ) Town & Country Market Hope N to Varner E ),4 / 559-752-4905 US 99 & CA 190 W,<U+25A1> BS <U+2610> D,Tipton,93272,Town & Country Market Hope N to Varner E ),559-752-4905,2016,Tipton,CA,,,US 99 & CA 190 W,empty,,False,,False,US 99,CA 190,,,,"[323, 781]","[323, 781]","[323, 781]",[],"[103, 104, 105, 106, 107, 108, 109, 110, 111, 112, 113, 114, 115, 116, 117, 118, 119, 120, 121, 122, 123, 124, 125, 126, 127, 128, 129, 130, 131, 132, 133, 134, 135, 136, 137, 138, 139, 140, 141, 142, 143, 144, 145, 146, 147, 148, 149, 150, 151, 152, 153, 154, 155, 156, 157, 158, 159, 160, 161, 162, 163, 164, 165, 166, 167, 168, 169, 170, 171, 172, 173, 174, 175, 176, 177, 178, 179, 180, 181, 182, 183, 184, 185, 186, 187, 188, 189, 190, 191, 192, 193, 194, 195, 196, 197, 198, 199, 200, 201, 202, 203, 204, 205, 206, 207, 208, 209, 210, 211, 212, 213, 214, 215, 216, 217, 218, 219, 220, 221, 222, 223, 224, 225, 226, 227, 228, 229, 230, 231, 232, 233, 234, 235, 236, 237, 238, 239, 240, 241, 242, 243, 244, 245, 246, 247, 248, 249, 250, 251, 252, 253, 254, 255, 256, 257, 258, 259, 260, 261, 262, 263, 264, 265, 266, 267, 268, 269, 270, 271, 272, 273, 274, 275, 276, 277, 278, 279, 280, 281, 282, 283, 284, 285, 286, 287, 288, 289, 290, 291, 292, 293, 294, 295, 296, 297, 298, 299, 300, 301, 302, 303, 304, 305, 306, 307, 308, 309, 310, 311, 312, 313, 314, 315, 316, 317, 318, 319, 320, 321, 322, 323, 324, 325, 326, 327, 328, 329, 330, 331, 332, 333, 334, 335, 336, 337, 574, 575, 576, 577, 578, 579, 580, 581, 582, 583, 584, 585, 586, 587, 588, 589, 590, 591, 592, 593, 594, 595, 596, 597, 598, 599, 600, 601, 602, 603, 604, 605, 606, 607, 608, 609, 610, 611, 612, 613, 614, 615, 616, 617, 618, 619, 620, 621, 622, 623, 624, 625, 626, 627, 628, 629, 630, 631, 632, 633, 634, 635, 636, 637, 638, 639, 640, 641, 642, 643, 644, 645, 646, 647, 648, 649, 650, 651, 652, 653, 654, 655, 656, 657, 658, 659, 660, 661, 662, 663, 664, 665, 666, 667, 668, 669, 670, 671, 672, 673, 674, 675, 676, 677, 678, 679, 680, 681, 682, 683, 684, 685, 686, 687, 688, 689, 690, 691, 692, 693, 694, 695, 696, 697, 698, 699, 700, 701, 702, 703, 704, 705, 706, 707, 708, 709, 710, 711, 712, 713, 714, 715, 716, 717, 718, 719, 720, 721, 722, 723, 724, 725, 726, 727, 728, 729, 730, 731, 732, 733, 734, 735, 736, 737, 738, 739, 740, 741, 742, 743, 744, 745, 746, 747, 748, 749, 750, 751, 752, 753, 754, 755, 756, 757, 758, 759, 760, 761, 762, 763, 764, 765, 766, 767, 768, 769, 770, 771, 772, 773, 774, 775, 776, 777, 778, 779, 780, 781, 782, 783, 784, 785, 786, 787, 788, 789, 790, 791, 792, 793]","[10, 75, 103, 104, 106, 117, 118, 120, 127, 128, 129, 131, 133, 135, 136, 137, 139, 146, 147, 148, 149, 151, 158, 160, 162, 166, 173, 178, 179, 185, 190, 192, 198, 201, 203, 204, 206, 207, 212, 213, 214, 219, 223, 224, 225, 227, 230, 235, 237, 246, 247, 256, 259, 262, 263, 266, 268, 269, 271, 272, 278, 279, 284, 285, 288, 290, 292, 304, 306, 312, 316, 319, 320, 323, 324, 329, 332, 335, 495, 549, 574, 575, 577, 588, 589, 591, 598, 599, 600, 602, 604, 606, 607, 608, 610, 617, 618, 619, 620, 622, 625, 630, 632, 634, 638, 644, 649, 650, 656, 661, 663, 669, 673, 674, 676, 677, 682, 683, 684, 687, 688, 689, 691, 694, 699, 701, 710, 718, 722, 723, 727, 728, 730, 731, 737, 738, 743, 744, 747, 749, 751, 762, 764, 770, 774, 777, 778, 781, 782, 789, 791]",[],[],"[10, 75, 103, 104, 105, 106, 107, 108, 109, 110, 111, 112, 113, 114, 115, 116, 117, 118, 119, 120, 121, 122, 123, 124, 125, 126, 127, 128, 129, 130, 131, 132, 133, 134, 135, 136, 137, 138, 139, 140, 141, 142, 143, 144, 145, 146, 147, 148, 149, 150, 151, 152, 153, 154, 155, 156, 157, 158, 159, 160, 161, 162, 163, 164, 165, 166, 167, 168, 169, 170, 171, 172, 173, 174, 175, 176, 177, 178, 179, 180, 181, 182, 183, 184, 185, 186, 187, 188, 189, 190, 191, 192, 193, 194, 195, 196, 197, 198, 199, 200, 201, 202, 203, 204, 205, 206, 207, 208, 209, 210, 211, 212, 213, 214, 215, 216, 217, 218, 219, 220, 221, 222, 223, 224, 225, 226, 227, 228, 229, 230, 231, 232, 233, 234, 235, 236, 237, 238, 239, 240, 241, 242, 243, 244, 245, 246, 247, 248, 249, 250, 251, 252, 253, 254, 255, 256, 257, 258, 259, 260, 261, 262, 263, 264, 265, 266, 267, 268, 269, 270, 271, 272, 273, 274, 275, 276, 277, 278, 279, 280, 281, 282, 283, 284, 285, 286, 287, 288, 289, 290, 291, 292, 293, 294, 295, 296, 297, 298, 299, 300, 301, 302, 303, 304, 305, 306, 307, 308, 309, 310, 311, 312, 313, 314, 315, 316, 317, 318, 319, 320, 321, 322, 323, 324, 325, 326, 327, 328, 329, 330, 331, 332, 333, 334, 335, 336, 337, 495, 549, 574, 575, 576, 577, 578, 579, 580, 581, 582, 583, 584, 585, 586, 587, 588, 589, 590, 591, 592, 593, 594, 595, 596, 597, 598, 599, 600, 601, 602, 603, 604, 605, 606, 607, 608, 609, 610, 611, 612, 613, 614, 615, 616, 617, 618, 619, 620, 621, 622, 623, 624, 625, 626, 627, 628, 629, 630, 631, 632, 633, 634, 635, 636, 637, 638, 639, 640, 641, 642, 643, 644, 645, 646, 647, 648, 649, 650, 651, 652, 653, 654, 655, 656, 657, 658, 659, 660, 661, 662, 663, 664, 665, 666, 667, 668, 669, 670, 671, 672, 673, 674, 675, 676, 677, 678, 679, 680, 681, 682, 683, 684, 685, 686, 687, 688, 689, 690, 691, 692, 693, 694, 695, 696, 697, 698, 699, 700, 701, 702, 703, 704, 705, 706, 707, 708, 709, 710, 711, 712, 713, 714, 715, 716, 717, 718, 719, 720, 721, 722, 723, 724, 725, 726, 727, 728, 729, 730, 731, 732, 733, 734, 735, 736, 737, 738, 739, 740, 741, 742, 743, 744, 745, 746, 747, 748, 749, 750, 751, 752, 753, 754, 755, 756, 757, 758, 759, 760, 761, 762, 763, 764, 765, 766, 767, 768, 769, 770, 771, 772, 773, 774, 775, 776, 777, 778, 779, 780, 781, 782, 783, 784, 785, 786, 787, 788, 789, 790, 791, 792, 793]",True,"[323, 781]","[103, 104, 105, 106, 107, 108, 109, 110, 111, 112, 113, 114, 115, 116, 117, 118, 119, 120, 121, 122, 123, 124, 125, 126, 127, 128, 129, 130, 131, 132, 133, 134, 135, 136, 137, 138, 139, 140, 141, 142, 143, 144, 145, 146, 147, 148, 149, 150, 151, 152, 153, 154, 155, 156, 157, 158, 159, 160, 161, 162, 163, 164, 165, 166, 167, 168, 169, 170, 171, 172, 173, 174, 175, 176, 177, 178, 179, 180, 181, 182, 183, 184, 185, 186, 187, 188, 189, 190, 191, 192, 193, 194, 195, 196, 197, 198, 199, 200, 201, 202, 203, 204, 205, 206, 207, 208, 209, 210, 211, 212, 213, 214, 215, 216, 217, 218, 219, 220, 221, 222, 223, 224, 225, 226, 227, 228, 229, 230, 231, 232, 233, 234, 235, 236, 237, 238, 239, 240, 241, 242, 243, 244, 245, 246, 247, 248, 249, 250, 251, 252, 253, 254, 255, 256, 257, 258, 259, 260, 261, 262, 263, 264, 265, 266, 267, 268, 269, 270, 271, 272, 273, 274, 275, 276, 277, 278, 279, 280, 281, 282, 283, 284, 285, 286, 287, 288, 289, 290, 291, 292, 293, 294, 295, 296, 297, 298, 299, 300, 301, 302, 303, 304, 305, 306, 307, 308, 309, 310, 311, 312, 313, 314, 315, 316, 317, 318, 319, 320, 321, 322, 323, 324, 325, 326, 327, 328, 329, 330, 331, 332, 333, 334, 335, 336, 337, 574, 575, 576, 577, 578, 579, 580, 581, 582, 583, 584, 585, 586, 587, 588, 589, 590, 591, 592, 593, 594, 595, 596, 597, 598, 599, 600, 601, 602, 603, 604, 605, 606, 607, 608, 609, 610, 611, 612, 613, 614, 615, 616, 617, 618, 619, 620, 621, 622, 623, 624, 625, 626, 627, 628, 629, 630, 631, 632, 633, 634, 635, 636, 637, 638, 639, 640, 641, 642, 643, 644, 645, 646, 647, 648, 649, 650, 651, 652, 653, 654, 655, 656, 657, 658, 659, 660, 661, 662, 663, 664, 665, 666, 667, 668, 669, 670, 671, 672, 673, 674, 675, 676, 677, 678, 679, 680, 681, 682, 683, 684, 685, 686, 687, 688, 689, 690, 691, 692, 693, 694, 695, 696, 697, 698, 699, 700, 701, 702, 703, 704, 705, 706, 707, 708, 709, 710, 711, 712, 713, 714, 715, 716, 717, 718, 719, 720, 721, 722, 723, 724, 725, 726, 727, 728, 729, 730, 731, 732, 733, 734, 735, 736, 737, 738, 739, 740, 741, 742, 743, 744, 745, 746, 747, 748, 749, 750, 751, 752, 753, 754, 755, 756, 757, 758, 759, 760, 761, 762, 763, 764, 765, 766, 767, 768, 769, 770, 771, 772, 773, 774, 775, 776, 777, 778, 779, 780, 781, 782, 783, 784, 785, 786, 787, 788, 789, 790, 791, 792, 793]","[323, 781]",[],"[10, 75, 103, 104, 106, 117, 118, 120, 127, 128, 129, 131, 133, 135, 136, 137, 139, 146, 147, 148, 149, 151, 158, 160, 162, 166, 173, 178, 179, 185, 190, 192, 198, 201, 203, 204, 206, 207, 212, 213, 214, 219, 223, 224, 225, 227, 230, 235, 237, 246, 247, 256, 259, 262, 263, 266, 268, 269, 271, 272, 278, 279, 284, 285, 288, 290, 292, 304, 306, 312, 316, 319, 320, 323, 324, 329, 332, 335, 495, 549, 574, 575, 577, 588, 589, 591, 598, 599, 600, 602, 604, 606, 607, 608, 610, 617, 618, 619, 620, 622, 625, 630, 632, 634, 638, 644, 649, 650, 656, 661, 663, 669, 673, 674, 676, 677, 682, 683, 684, 687, 688, 689, 691, 694, 699, 701, 710, 718, 722, 723, 727, 728, 730, 731, 737, 738, 743, 744, 747, 749, 751, 762, 764, 770, 774, 777, 778, 781, 782, 789, 791]",[],[],7/6 successful match,True,[650],True,306,False,,1.0,True,Town & Country Market N to Varner E ) FLYING,
"Bakersfield , 93301 Valero Truck Stop",661-324-9481 CA 99 Exit 26 B NB / 26 SB ( Buck Owens N ),XL,Bakersfield,93301,Valero Truck Stop,661-324-9481,2006,Bakersfield,CA,Valero,( Buck Owens N ),CA 99 Exit 26 B NB / 26 SB ,Exit,26,False,,False,CA 99,,26,,,[],[],"[103, 111, 127, 153, 162, 201, 226, 292, 574, 581, 598, 624, 634, 690, 751]",[],"[103, 104, 105, 106, 107, 108, 109, 110, 111, 112, 113, 114, 115, 116, 117, 118, 119, 120, 121, 122, 123, 124, 125, 126, 127, 128, 129, 130, 131, 132, 133, 134, 135, 136, 137, 138, 139, 140, 141, 142, 143, 144, 145, 146, 147, 148, 149, 150, 151, 152, 153, 154, 155, 156, 157, 158, 159, 160, 161, 162, 163, 164, 165, 166, 167, 168, 169, 170, 171, 172, 173, 174, 175, 176, 177, 178, 179, 180, 181, 182, 183, 184, 185, 186, 187, 188, 189, 190, 191, 192, 193, 194, 195, 196, 197, 198, 199, 200, 201, 202, 203, 204, 205, 206, 207, 208, 209, 210, 211, 212, 213, 214, 215, 216, 217, 218, 219, 220, 221, 222, 223, 224, 225, 226, 227, 228, 229, 230, 231, 232, 233, 234, 235, 236, 237, 238, 239, 240, 241, 242, 243, 244, 245, 246, 247, 248, 249, 250, 251, 252, 253, 254, 255, 256, 257, 258, 259, 260, 261, 262, 263, 264, 265, 266, 267, 268, 269, 270, 271, 272, 273, 274, 275, 276, 277, 278, 279, 280, 281, 282, 283, 284, 285, 286, 287, 288, 289, 290, 291, 292, 293, 294, 295, 296, 297, 298, 299, 300, 301, 302, 303, 304, 305, 306, 307, 308, 309, 310, 311, 312, 313, 314, 315, 316, 317, 318, 319, 320, 321, 322, 323, 324, 325, 326, 327, 328, 329, 330, 331, 332, 333, 334, 335, 336, 337, 574, 575, 576, 577, 578, 579, 580, 581, 582, 583, 584, 585, 586, 587, 588, 589, 590, 591, 592, 593, 594, 595, 596, 597, 598, 599, 600, 601, 602, 603, 604, 605, 606, 607, 608, 609, 610, 611, 612, 613, 614, 615, 616, 617, 618, 619, 620, 621, 622, 623, 624, 625, 626, 627, 628, 629, 630, 631, 632, 633, 634, 635, 636, 637, 638, 639, 640, 641, 642, 643, 644, 645, 646, 647, 648, 649, 650, 651, 652, 653, 654, 655, 656, 657, 658, 659, 660, 661, 662, 663, 664, 665, 666, 667, 668, 669, 670, 671, 672, 673, 674, 675, 676, 677, 678, 679, 680, 681, 682, 683, 684, 685, 686, 687, 688, 689, 690, 691, 692, 693, 694, 695, 696, 697, 698, 699, 700, 701, 702, 703, 704, 705, 706, 707, 708, 709, 710, 711, 712, 713, 714, 715, 716, 717, 718, 719, 720, 721, 722, 723, 724, 725, 726, 727, 728, 729, 730, 731, 732, 733, 734, 735, 736, 737, 738, 739, 740, 741, 742, 743, 744, 745, 746, 747, 748, 749, 750, 751, 752, 753, 754, 755, 756, 757, 758, 759, 760, 761, 762, 763, 764, 765, 766, 767, 768, 769, 770, 771, 772, 773, 774, 775, 776, 777, 778, 779, 780, 781, 782, 783, 784, 785, 786, 787, 788, 789, 790, 791, 792, 793]","[10, 75, 103, 104, 106, 117, 118, 120, 127, 128, 129, 131, 133, 135, 136, 137, 139, 146, 147, 148, 149, 151, 158, 160, 162, 166, 173, 178, 179, 185, 190, 192, 198, 201, 203, 204, 206, 207, 212, 213, 214, 219, 223, 224, 225, 227, 230, 235, 237, 246, 247, 256, 259, 262, 263, 266, 268, 269, 271, 272, 278, 279, 284, 285, 288, 290, 292, 304, 306, 312, 316, 319, 320, 323, 324, 329, 332, 335, 495, 549, 574, 575, 577, 588, 589, 591, 598, 599, 600, 602, 604, 606, 607, 608, 610, 617, 618, 619, 620, 622, 625, 630, 632, 634, 638, 644, 649, 650, 656, 661, 663, 669, 673, 674, 676, 677, 682, 683, 684, 687, 688, 689, 691, 694, 699, 701, 710, 718, 722, 723, 727, 728, 730, 731, 737, 738, 743, 744, 747, 749, 751, 762, 764, 770, 774, 777, 778, 781, 782, 789, 791]","[2, 9, 10, 82, 111, 112, 113, 199, 279, 284, 285, 300, 488, 494, 495, 553, 581, 582, 583, 670, 738, 743, 744, 759, 818]","[2, 9, 10, 82, 111, 112, 113, 199, 279, 284, 285, 300, 488, 494, 495, 553, 581, 582, 583, 670, 738, 743, 744, 759, 818]","[2, 9, 10, 75, 82, 103, 104, 105, 106, 107, 108, 109, 110, 111, 112, 113, 114, 115, 116, 117, 118, 119, 120, 121, 122, 123, 124, 125, 126, 127, 128, 129, 130, 131, 132, 133, 134, 135, 136, 137, 138, 139, 140, 141, 142, 143, 144, 145, 146, 147, 148, 149, 150, 151, 152, 153, 154, 155, 156, 157, 158, 159, 160, 161, 162, 163, 164, 165, 166, 167, 168, 169, 170, 171, 172, 173, 174, 175, 176, 177, 178, 179, 180, 181, 182, 183, 184, 185, 186, 187, 188, 189, 190, 191, 192, 193, 194, 195, 196, 197, 198, 199, 200, 201, 202, 203, 204, 205, 206, 207, 208, 209, 210, 211, 212, 213, 214, 215, 216, 217, 218, 219, 220, 221, 222, 223, 224, 225, 226, 227, 228, 229, 230, 231, 232, 233, 234, 235, 236, 237, 238, 239, 240, 241, 242, 243, 244, 245, 246, 247, 248, 249, 250, 251, 252, 253, 254, 255, 256, 257, 258, 259, 260, 261, 262, 263, 264, 265, 266, 267, 268, 269, 270, 271, 272, 273, 274, 275, 276, 277, 278, 279, 280, 281, 282, 283, 284, 285, 286, 287, 288, 289, 290, 291, 292, 293, 294, 295, 296, 297, 298, 299, 300, 301, 302, 303, 304, 305, 306, 307, 308, 309, 310, 311, 312, 313, 314, 315, 316, 317, 318, 319, 320, 321, 322, 323, 324, 325, 326, 327, 328, 329, 330, 331, 332, 333, 334, 335, 336, 337, 488, 494, 495, 549, 553, 574, 575, 576, 577, 578, 579, 580, 581, 582, 583, 584, 585, 586, 587, 588, 589, 590, 591, 592, 593, 594, 595, 596, 597, 598, 599, 600, 601, 602, 603, 604, 605, 606, 607, 608, 609, 610, 611, 612, 613, 614, 615, 616, 617, 618, 619, 620, 621, 622, 623, 624, 625, 626, 627, 628, 629, 630, 631, 632, 633, 634, 635, 636, 637, 638, 639, 640, 641, 642, 643, 644, 645, 646, 647, 648, 649, 650, 651, 652, 653, 654, 655, 656, 657, 658, 659, 660, 661, 662, 663, 664, 665, 666, 667, 668, 669, 670, 671, 672, 673, 674, 675, 676, 677, 678, 679, 680, 681, 682, 683, 684, 685, 686, 687, 688, 689, 690, 691, 692, 693, 694, 695, 696, 697, 698, 699, 700, 701, 702, 703, 704, 705, 706, 707, 708, 709, 710, 711, 712, 713, 714, 715, 716, 717, 718, 719, 720, 721, 722, 723, 724, 725, 726, 727, 728, 729, 730, 731, 732, 733, 734, 735, 736, 737, 738, 739, 740, 741, 742, 743, 744, 745, 746, 747, 748, 749, 750, 751, 752, 753, 754, 755, 756, 757, 758, 759, 760, 761, 762, 763, 764, 765, 766, 767, 768, 769, 770, 771, 772, 773, 774, 775, 776, 777, 778, 779, 780, 781, 782, 783, 784, 785, 786, 787, 788, 789, 790, 791, 792, 793, 818]",False,[],"[103, 104, 105, 106, 107, 108, 109, 110, 111, 112, 113, 114, 115, 116, 117, 118, 119, 120, 121, 122, 123, 124, 125, 126, 127, 128, 129, 130, 131, 132, 133, 134, 135, 136, 137, 138, 139, 140, 141, 142, 143, 144, 145, 146, 147, 148, 149, 150, 151, 152, 153, 154, 155, 156, 157, 158, 159, 160, 161, 162, 163, 164, 165, 166, 167, 168, 169, 170, 171, 172, 173, 174, 175, 176, 177, 178, 179, 180, 181, 182, 183, 184, 185, 186, 187, 188, 189, 190, 191, 192, 193, 194, 195, 196, 197, 198, 199, 200, 201, 202, 203, 204, 205, 206, 207, 208, 209, 210, 211, 212, 213, 214, 215, 216, 217, 218, 219, 220, 221, 222, 223, 224, 225, 226, 227, 228, 229, 230, 231, 232, 233, 234, 235, 236, 237, 238, 239, 240, 241, 242, 243, 244, 245, 246, 247, 248, 249, 250, 251, 252, 253, 254, 255, 256, 257, 258, 259, 260, 261, 262, 263, 264, 265, 266, 267, 268, 269, 270, 271, 272, 273, 274, 275, 276, 277, 278, 279, 280, 281, 282, 283, 284, 285, 286, 287, 288, 289, 290, 291, 292, 293, 294, 295, 296, 297, 298, 299, 300, 301, 302, 303, 304, 305, 306, 307, 308, 309, 310, 311, 312, 313, 314, 315, 316, 317, 318, 319, 320, 321, 322, 323, 324, 325, 326, 327, 328, 329, 330, 331, 332, 333, 334, 335, 336, 337, 574, 575, 576, 577, 578, 579, 580, 581, 582, 583, 584, 585, 586, 587, 588, 589, 590, 591, 592, 593, 594, 595, 596, 597, 598, 599, 600, 601, 602, 603, 604, 605, 606, 607, 608, 609, 610, 611, 612, 613, 614, 615, 616, 617, 618, 619, 620, 621, 622, 623, 624, 625, 626, 627, 628, 629, 630, 631, 632, 633, 634, 635, 636, 637, 638, 639, 640, 641, 642, 643, 644, 645, 646, 647, 648, 649, 650, 651, 652, 653, 654, 655, 656, 657, 658, 659, 660, 661, 662, 663, 664, 665, 666, 667, 668, 669, 670, 671, 672, 673, 674, 675, 676, 677, 678, 679, 680, 681, 682, 683, 684, 685, 686, 687, 688, 689, 690, 691, 692, 693, 694, 695, 696, 697, 698, 699, 700, 701, 702, 703, 704, 705, 706, 707, 708, 709, 710, 711, 712, 713, 714, 715, 716, 717, 718, 719, 720, 721, 722, 723, 724, 725, 726, 727, 728, 729, 730, 731, 732, 733, 734, 735, 736, 737, 738, 739, 740, 741, 742, 743, 744, 745, 746, 747, 748, 749, 750, 751, 752, 753, 754, 755, 756, 757, 758, 759, 760, 761, 762, 763, 764, 765, 766, 767, 768, 769, 770, 771, 772, 773, 774, 775, 776, 777, 778, 779, 780, 781, 782, 783, 784, 785, 786, 787, 788, 789, 790, 791, 792, 793]","[103, 111, 127, 153, 162, 201, 226, 292, 574, 581, 598, 624, 634, 690, 751]",[],"[10, 75, 103, 104, 106, 117, 118, 120, 127, 128, 129, 131, 133, 135, 136, 137, 139, 146, 147, 148, 149, 151, 158, 160, 162, 166, 173, 178, 179, 185, 190, 192, 198, 201, 203, 204, 206, 207, 212, 213, 214, 219, 223, 224, 225, 227, 230, 235, 237, 246, 247, 256, 259, 262, 263, 266, 268, 269, 271, 272, 278, 279, 284, 285, 288, 290, 292, 304, 306, 312, 316, 319, 320, 323, 324, 329, 332, 335, 495, 549, 574, 575, 577, 588, 589, 591, 598, 599, 600, 602, 604, 606, 607, 608, 610, 617, 618, 619, 620, 622, 625, 630, 632, 634, 638, 644, 649, 650, 656, 661, 663, 669, 673, 674, 676, 677, 682, 683, 684, 687, 688, 689, 691, 694, 699, 701, 710, 718, 722, 723, 727, 728, 730, 731, 737, 738, 743, 744, 747, 749, 751, 762, 764, 770, 774, 777, 778, 781, 782, 789, 791]","[2, 9, 10, 82, 111, 112, 113, 199, 279, 284, 285, 300, 488, 494, 495, 553, 581, 582, 583, 670, 738, 743, 744, 759, 818]","[2, 9, 10, 82, 111, 112, 113, 199, 279, 284, 285, 300, 488, 494, 495, 553, 581, 582, 583, 670, 738, 743, 744, 759, 818]",5/6 successful match,False,[145],True,307,False,,,,,
"Bakersfield , 93301 Valero Truck Stop # 3074 Hwy S )",661-324-9481 CA 99 Exit 26 B NB / 26 SB ( Buck,NRS 24 2400,Bakersfield,93301,Valero Truck Stop # 3074 Hwy S ),661-324-9481,2007,Bakersfield,CA,Valero,( Buck,CA 99 Exit 26 B NB / 26 SB ,Exit,26,False,,False,CA 99,,26,,,[],[],"[103, 111, 127, 153, 162, 201, 226, 292, 574, 581, 598, 624, 634, 690, 751]",[],"[103, 104, 105, 106, 107, 108, 109, 110, 111, 112, 113, 114, 115, 116, 117, 118, 119, 120, 121, 122, 123, 124, 125, 126, 127, 128, 129, 130, 131, 132, 133, 134, 135, 136, 137, 138, 139, 140, 141, 142, 143, 144, 145, 146, 147, 148, 149, 150, 151, 152, 153, 154, 155, 156, 157, 158, 159, 160, 161, 162, 163, 164, 165, 166, 167, 168, 169, 170, 171, 172, 173, 174, 175, 176, 177, 178, 179, 180, 181, 182, 183, 184, 185, 186, 187, 188, 189, 190, 191, 192, 193, 194, 195, 196, 197, 198, 199, 200, 201, 202, 203, 204, 205, 206, 207, 208, 209, 210, 211, 212, 213, 214, 215, 216, 217, 218, 219, 220, 221, 222, 223, 224, 225, 226, 227, 228, 229, 230, 231, 232, 233, 234, 235, 236, 237, 238, 239, 240, 241, 242, 243, 244, 245, 246, 247, 248, 249, 250, 251, 252, 253, 254, 255, 256, 257, 258, 259, 260, 261, 262, 263, 264, 265, 266, 267, 268, 269, 270, 271, 272, 273, 274, 275, 276, 277, 278, 279, 280, 281, 282, 283, 284, 285, 286, 287, 288, 289, 290, 291, 292, 293, 294, 295, 296, 297, 298, 299, 300, 301, 302, 303, 304, 305, 306, 307, 308, 309, 310, 311, 312, 313, 314, 315, 316, 317, 318, 319, 320, 321, 322, 323, 324, 325, 326, 327, 328, 329, 330, 331, 332, 333, 334, 335, 336, 337, 574, 575, 576, 577, 578, 579, 580, 581, 582, 583, 584, 585, 586, 587, 588, 589, 590, 591, 592, 593, 594, 595, 596, 597, 598, 599, 600, 601, 602, 603, 604, 605, 606, 607, 608, 609, 610, 611, 612, 613, 614, 615, 616, 617, 618, 619, 620, 621, 622, 623, 624, 625, 626, 627, 628, 629, 630, 631, 632, 633, 634, 635, 636, 637, 638, 639, 640, 641, 642, 643, 644, 645, 646, 647, 648, 649, 650, 651, 652, 653, 654, 655, 656, 657, 658, 659, 660, 661, 662, 663, 664, 665, 666, 667, 668, 669, 670, 671, 672, 673, 674, 675, 676, 677, 678, 679, 680, 681, 682, 683, 684, 685, 686, 687, 688, 689, 690, 691, 692, 693, 694, 695, 696, 697, 698, 699, 700, 701, 702, 703, 704, 705, 706, 707, 708, 709, 710, 711, 712, 713, 714, 715, 716, 717, 718, 719, 720, 721, 722, 723, 724, 725, 726, 727, 728, 729, 730, 731, 732, 733, 734, 735, 736, 737, 738, 739, 740, 741, 742, 743, 744, 745, 746, 747, 748, 749, 750, 751, 752, 753, 754, 755, 756, 757, 758, 759, 760, 761, 762, 763, 764, 765, 766, 767, 768, 769, 770, 771, 772, 773, 774, 775, 776, 777, 778, 779, 780, 781, 782, 783, 784, 785, 786, 787, 788, 789, 790, 791, 792, 793]","[10, 75, 103, 104, 106, 117, 118, 120, 127, 128, 129, 131, 133, 135, 136, 137, 139, 146, 147, 148, 149, 151, 158, 160, 162, 166, 173, 178, 179, 185, 190, 192, 198, 201, 203, 204, 206, 207, 212, 213, 214, 219, 223, 224, 225, 227, 230, 235, 237, 246, 247, 256, 259, 262, 263, 266, 268, 269, 271, 272, 278, 279, 284, 285, 288, 290, 292, 304, 306, 312, 316, 319, 320, 323, 324, 329, 332, 335, 495, 549, 574, 575, 577, 588, 589, 591, 598, 599, 600, 602, 604, 606, 607, 608, 610, 617, 618, 619, 620, 622, 625, 630, 632, 634, 638, 644, 649, 650, 656, 661, 663, 669, 673, 674, 676, 677, 682, 683, 684, 687, 688, 689, 691, 694, 699, 701, 710, 718, 722, 723, 727, 728, 730, 731, 737, 738, 743, 744, 747, 749, 751, 762, 764, 770, 774, 777, 778, 781, 782, 789, 791]","[2, 9, 10, 82, 111, 112, 113, 199, 279, 284, 285, 300, 488, 494, 495, 553, 581, 582, 583, 670, 738, 743, 744, 759, 818]","[2, 9, 10, 82, 111, 112, 113, 199, 279, 284, 285, 300, 488, 494, 495, 553, 581, 582, 583, 670, 738, 743, 744, 759, 818]","[2, 9, 10, 75, 82, 103, 104, 105, 106, 107, 108, 109, 110, 111, 112, 113, 114, 115, 116, 117, 118, 119, 120, 121, 122, 123, 124, 125, 126, 127, 128, 129, 130, 131, 132, 133, 134, 135, 136, 137, 138, 139, 140, 141, 142, 143, 144, 145, 146, 147, 148, 149, 150, 151, 152, 153, 154, 155, 156, 157, 158, 159, 160, 161, 162, 163, 164, 165, 166, 167, 168, 169, 170, 171, 172, 173, 174, 175, 176, 177, 178, 179, 180, 181, 182, 183, 184, 185, 186, 187, 188, 189, 190, 191, 192, 193, 194, 195, 196, 197, 198, 199, 200, 201, 202, 203, 204, 205, 206, 207, 208, 209, 210, 211, 212, 213, 214, 215, 216, 217, 218, 219, 220, 221, 222, 223, 224, 225, 226, 227, 228, 229, 230, 231, 232, 233, 234, 235, 236, 237, 238, 239, 240, 241, 242, 243, 244, 245, 246, 247, 248, 249, 250, 251, 252, 253, 254, 255, 256, 257, 258, 259, 260, 261, 262, 263, 264, 265, 266, 267, 268, 269, 270, 271, 272, 273, 274, 275, 276, 277, 278, 279, 280, 281, 282, 283, 284, 285, 286, 287, 288, 289, 290, 291, 292, 293, 294, 295, 296, 297, 298, 299, 300, 301, 302, 303, 304, 305, 306, 307, 308, 309, 310, 311, 312, 313, 314, 315, 316, 317, 318, 319, 320, 321, 322, 323, 324, 325, 326, 327, 328, 329, 330, 331, 332, 333, 334, 335, 336, 337, 488, 494, 495, 549, 553, 574, 575, 576, 577, 578, 579, 580, 581, 582, 583, 584, 585, 586, 587, 588, 589, 590, 591, 592, 593, 594, 595, 596, 597, 598, 599, 600, 601, 602, 603, 604, 605, 606, 607, 608, 609, 610, 611, 612, 613, 614, 615, 616, 617, 618, 619, 620, 621, 622, 623, 624, 625, 626, 627, 628, 629, 630, 631, 632, 633, 634, 635, 636, 637, 638, 639, 640, 641, 642, 643, 644, 645, 646, 647, 648, 649, 650, 651, 652, 653, 654, 655, 656, 657, 658, 659, 660, 661, 662, 663, 664, 665, 666, 667, 668, 669, 670, 671, 672, 673, 674, 675, 676, 677, 678, 679, 680, 681, 682, 683, 684, 685, 686, 687, 688, 689, 690, 691, 692, 693, 694, 695, 696, 697, 698, 699, 700, 701, 702, 703, 704, 705, 706, 707, 708, 709, 710, 711, 712, 713, 714, 715, 716, 717, 718, 719, 720, 721, 722, 723, 724, 725, 726, 727, 728, 729, 730, 731, 732, 733, 734, 735, 736, 737, 738, 739, 740, 741, 742, 743, 744, 745, 746, 747, 748, 749, 750, 751, 752, 753, 754, 755, 756, 757, 758, 759, 760, 761, 762, 763, 764, 765, 766, 767, 768, 769, 770, 771, 772, 773, 774, 775, 776, 777, 778, 779, 780, 781, 782, 783, 784, 785, 786, 787, 788, 789, 790, 791, 792, 793, 818]",False,[],"[103, 104, 105, 106, 107, 108, 109, 110, 111, 112, 113, 114, 115, 116, 117, 118, 119, 120, 121, 122, 123, 124, 125, 126, 127, 128, 129, 130, 131, 132, 133, 134, 135, 136, 137, 138, 139, 140, 141, 142, 143, 144, 145, 146, 147, 148, 149, 150, 151, 152, 153, 154, 155, 156, 157, 158, 159, 160, 161, 162, 163, 164, 165, 166, 167, 168, 169, 170, 171, 172, 173, 174, 175, 176, 177, 178, 179, 180, 181, 182, 183, 184, 185, 186, 187, 188, 189, 190, 191, 192, 193, 194, 195, 196, 197, 198, 199, 200, 201, 202, 203, 204, 205, 206, 207, 208, 209, 210, 211, 212, 213, 214, 215, 216, 217, 218, 219, 220, 221, 222, 223, 224, 225, 226, 227, 228, 229, 230, 231, 232, 233, 234, 235, 236, 237, 238, 239, 240, 241, 242, 243, 244, 245, 246, 247, 248, 249, 250, 251, 252, 253, 254, 255, 256, 257, 258, 259, 260, 261, 262, 263, 264, 265, 266, 267, 268, 269, 270, 271, 272, 273, 274, 275, 276, 277, 278, 279, 280, 281, 282, 283, 284, 285, 286, 287, 288, 289, 290, 291, 292, 293, 294, 295, 296, 297, 298, 299, 300, 301, 302, 303, 304, 305, 306, 307, 308, 309, 310, 311, 312, 313, 314, 315, 316, 317, 318, 319, 320, 321, 322, 323, 324, 325, 326, 327, 328, 329, 330, 331, 332, 333, 334, 335, 336, 337, 574, 575, 576, 577, 578, 579, 580, 581, 582, 583, 584, 585, 586, 587, 588, 589, 590, 591, 592, 593, 594, 595, 596, 597, 598, 599, 600, 601, 602, 603, 604, 605, 606, 607, 608, 609, 610, 611, 612, 613, 614, 615, 616, 617, 618, 619, 620, 621, 622, 623, 624, 625, 626, 627, 628, 629, 630, 631, 632, 633, 634, 635, 636, 637, 638, 639, 640, 641, 642, 643, 644, 645, 646, 647, 648, 649, 650, 651, 652, 653, 654, 655, 656, 657, 658, 659, 660, 661, 662, 663, 664, 665, 666, 667, 668, 669, 670, 671, 672, 673, 674, 675, 676, 677, 678, 679, 680, 681, 682, 683, 684, 685, 686, 687, 688, 689, 690, 691, 692, 693, 694, 695, 696, 697, 698, 699, 700, 701, 702, 703, 704, 705, 706, 707, 708, 709, 710, 711, 712, 713, 714, 715, 716, 717, 718, 719, 720, 721, 722, 723, 724, 725, 726, 727, 728, 729, 730, 731, 732, 733, 734, 735, 736, 737, 738, 739, 740, 741, 742, 743, 744, 745, 746, 747, 748, 749, 750, 751, 752, 753, 754, 755, 756, 757, 758, 759, 760, 761, 762, 763, 764, 765, 766, 767, 768, 769, 770, 771, 772, 773, 774, 775, 776, 777, 778, 779, 780, 781, 782, 783, 784, 785, 786, 787, 788, 789, 790, 791, 792, 793]","[103, 111, 127, 153, 162, 201, 226, 292, 574, 581, 598, 624, 634, 690, 751]",[],"[10, 75, 103, 104, 106, 117, 118, 120, 127, 128, 129, 131, 133, 135, 136, 137, 139, 146, 147, 148, 149, 151, 158, 160, 162, 166, 173, 178, 179, 185, 190, 192, 198, 201, 203, 204, 206, 207, 212, 213, 214, 219, 223, 224, 225, 227, 230, 235, 237, 246, 247, 256, 259, 262, 263, 266, 268, 269, 271, 272, 278, 279, 284, 285, 288, 290, 292, 304, 306, 312, 316, 319, 320, 323, 324, 329, 332, 335, 495, 549, 574, 575, 577, 588, 589, 591, 598, 599, 600, 602, 604, 606, 607, 608, 610, 617, 618, 619, 620, 622, 625, 630, 632, 634, 638, 644, 649, 650, 656, 661, 663, 669, 673, 674, 676, 677, 682, 683, 684, 687, 688, 689, 691, 694, 699, 701, 710, 718, 722, 723, 727, 728, 730, 731, 737, 738, 743, 744, 747, 749, 751, 762, 764, 770, 774, 777, 778, 781, 782, 789, 791]","[2, 9, 10, 82, 111, 112, 113, 199, 279, 284, 285, 300, 488, 494, 495, 553, 581, 582, 583, 670, 738, 743, 744, 759, 818]","[2, 9, 10, 82, 111, 112, 113, 199, 279, 284, 285, 300, 488, 494, 495, 553, 581, 582, 583, 670, 738, 743, 744, 759, 818]",5/6 successful match,False,[145],True,307,False,,0.5414965986394558,True,Valero Truck Stop,Valero
"Bakersfield , 93301 Valero Truck Stop # 3074",4 661-324-9481 CA 99 Exit 26 B NB / 26 SB ( Buck Owens N,N 24 <U+2610> 24,Bakersfield,93301,Valero Truck Stop # 3074,661-324-9481,2008,Bakersfield,CA,Valero,( Buck Owens N,CA 99 Exit 26 B NB / 26 SB ,Exit,26,False,,False,CA 99,,26,,,[],[],"[103, 111, 127, 153, 162, 201, 226, 292, 574, 581, 598, 624, 634, 690, 751]",[],"[103, 104, 105, 106, 107, 108, 109, 110, 111, 112, 113, 114, 115, 116, 117, 118, 119, 120, 121, 122, 123, 124, 125, 126, 127, 128, 129, 130, 131, 132, 133, 134, 135, 136, 137, 138, 139, 140, 141, 142, 143, 144, 145, 146, 147, 148, 149, 150, 151, 152, 153, 154, 155, 156, 157, 158, 159, 160, 161, 162, 163, 164, 165, 166, 167, 168, 169, 170, 171, 172, 173, 174, 175, 176, 177, 178, 179, 180, 181, 182, 183, 184, 185, 186, 187, 188, 189, 190, 191, 192, 193, 194, 195, 196, 197, 198, 199, 200, 201, 202, 203, 204, 205, 206, 207, 208, 209, 210, 211, 212, 213, 214, 215, 216, 217, 218, 219, 220, 221, 222, 223, 224, 225, 226, 227, 228, 229, 230, 231, 232, 233, 234, 235, 236, 237, 238, 239, 240, 241, 242, 243, 244, 245, 246, 247, 248, 249, 250, 251, 252, 253, 254, 255, 256, 257, 258, 259, 260, 261, 262, 263, 264, 265, 266, 267, 268, 269, 270, 271, 272, 273, 274, 275, 276, 277, 278, 279, 280, 281, 282, 283, 284, 285, 286, 287, 288, 289, 290, 291, 292, 293, 294, 295, 296, 297, 298, 299, 300, 301, 302, 303, 304, 305, 306, 307, 308, 309, 310, 311, 312, 313, 314, 315, 316, 317, 318, 319, 320, 321, 322, 323, 324, 325, 326, 327, 328, 329, 330, 331, 332, 333, 334, 335, 336, 337, 574, 575, 576, 577, 578, 579, 580, 581, 582, 583, 584, 585, 586, 587, 588, 589, 590, 591, 592, 593, 594, 595, 596, 597, 598, 599, 600, 601, 602, 603, 604, 605, 606, 607, 608, 609, 610, 611, 612, 613, 614, 615, 616, 617, 618, 619, 620, 621, 622, 623, 624, 625, 626, 627, 628, 629, 630, 631, 632, 633, 634, 635, 636, 637, 638, 639, 640, 641, 642, 643, 644, 645, 646, 647, 648, 649, 650, 651, 652, 653, 654, 655, 656, 657, 658, 659, 660, 661, 662, 663, 664, 665, 666, 667, 668, 669, 670, 671, 672, 673, 674, 675, 676, 677, 678, 679, 680, 681, 682, 683, 684, 685, 686, 687, 688, 689, 690, 691, 692, 693, 694, 695, 696, 697, 698, 699, 700, 701, 702, 703, 704, 705, 706, 707, 708, 709, 710, 711, 712, 713, 714, 715, 716, 717, 718, 719, 720, 721, 722, 723, 724, 725, 726, 727, 728, 729, 730, 731, 732, 733, 734, 735, 736, 737, 738, 739, 740, 741, 742, 743, 744, 745, 746, 747, 748, 749, 750, 751, 752, 753, 754, 755, 756, 757, 758, 759, 760, 761, 762, 763, 764, 765, 766, 767, 768, 769, 770, 771, 772, 773, 774, 775, 776, 777, 778, 779, 780, 781, 782, 783, 784, 785, 786, 787, 788, 789, 790, 791, 792, 793]","[10, 75, 103, 104, 106, 117, 118, 120, 127, 128, 129, 131, 133, 135, 136, 137, 139, 146, 147, 148, 149, 151, 158, 160, 162, 166, 173, 178, 179, 185, 190, 192, 198, 201, 203, 204, 206, 207, 212, 213, 214, 219, 223, 224, 225, 227, 230, 235, 237, 246, 247, 256, 259, 262, 263, 266, 268, 269, 271, 272, 278, 279, 284, 285, 288, 290, 292, 304, 306, 312, 316, 319, 320, 323, 324, 329, 332, 335, 495, 549, 574, 575, 577, 588, 589, 591, 598, 599, 600, 602, 604, 606, 607, 608, 610, 617, 618, 619, 620, 622, 625, 630, 632, 634, 638, 644, 649, 650, 656, 661, 663, 669, 673, 674, 676, 677, 682, 683, 684, 687, 688, 689, 691, 694, 699, 701, 710, 718, 722, 723, 727, 728, 730, 731, 737, 738, 743, 744, 747, 749, 751, 762, 764, 770, 774, 777, 778, 781, 782, 789, 791]","[2, 9, 10, 82, 111, 112, 113, 199, 279, 284, 285, 300, 488, 494, 495, 553, 581, 582, 583, 670, 738, 743, 744, 759, 818]","[2, 9, 10, 82, 111, 112, 113, 199, 279, 284, 285, 300, 488, 494, 495, 553, 581, 582, 583, 670, 738, 743, 744, 759, 818]","[2, 9, 10, 75, 82, 103, 104, 105, 106, 107, 108, 109, 110, 111, 112, 113, 114, 115, 116, 117, 118, 119, 120, 121, 122, 123, 124, 125, 126, 127, 128, 129, 130, 131, 132, 133, 134, 135, 136, 137, 138, 139, 140, 141, 142, 143, 144, 145, 146, 147, 148, 149, 150, 151, 152, 153, 154, 155, 156, 157, 158, 159, 160, 161, 162, 163, 164, 165, 166, 167, 168, 169, 170, 171, 172, 173, 174, 175, 176, 177, 178, 179, 180, 181, 182, 183, 184, 185, 186, 187, 188, 189, 190, 191, 192, 193, 194, 195, 196, 197, 198, 199, 200, 201, 202, 203, 204, 205, 206, 207, 208, 209, 210, 211, 212, 213, 214, 215, 216, 217, 218, 219, 220, 221, 222, 223, 224, 225, 226, 227, 228, 229, 230, 231, 232, 233, 234, 235, 236, 237, 238, 239, 240, 241, 242, 243, 244, 245, 246, 247, 248, 249, 250, 251, 252, 253, 254, 255, 256, 257, 258, 259, 260, 261, 262, 263, 264, 265, 266, 267, 268, 269, 270, 271, 272, 273, 274, 275, 276, 277, 278, 279, 280, 281, 282, 283, 284, 285, 286, 287, 288, 289, 290, 291, 292, 293, 294, 295, 296, 297, 298, 299, 300, 301, 302, 303, 304, 305, 306, 307, 308, 309, 310, 311, 312, 313, 314, 315, 316, 317, 318, 319, 320, 321, 322, 323, 324, 325, 326, 327, 328, 329, 330, 331, 332, 333, 334, 335, 336, 337, 488, 494, 495, 549, 553, 574, 575, 576, 577, 578, 579, 580, 581, 582, 583, 584, 585, 586, 587, 588, 589, 590, 591, 592, 593, 594, 595, 596, 597, 598, 599, 600, 601, 602, 603, 604, 605, 606, 607, 608, 609, 610, 611, 612, 613, 614, 615, 616, 617, 618, 619, 620, 621, 622, 623, 624, 625, 626, 627, 628, 629, 630, 631, 632, 633, 634, 635, 636, 637, 638, 639, 640, 641, 642, 643, 644, 645, 646, 647, 648, 649, 650, 651, 652, 653, 654, 655, 656, 657, 658, 659, 660, 661, 662, 663, 664, 665, 666, 667, 668, 669, 670, 671, 672, 673, 674, 675, 676, 677, 678, 679, 680, 681, 682, 683, 684, 685, 686, 687, 688, 689, 690, 691, 692, 693, 694, 695, 696, 697, 698, 699, 700, 701, 702, 703, 704, 705, 706, 707, 708, 709, 710, 711, 712, 713, 714, 715, 716, 717, 718, 719, 720, 721, 722, 723, 724, 725, 726, 727, 728, 729, 730, 731, 732, 733, 734, 735, 736, 737, 738, 739, 740, 741, 742, 743, 744, 745, 746, 747, 748, 749, 750, 751, 752, 753, 754, 755, 756, 757, 758, 759, 760, 761, 762, 763, 764, 765, 766, 767, 768, 769, 770, 771, 772, 773, 774, 775, 776, 777, 778, 779, 780, 781, 782, 783, 784, 785, 786, 787, 788, 789, 790, 791, 792, 793, 818]",False,[],"[103, 104, 105, 106, 107, 108, 109, 110, 111, 112, 113, 114, 115, 116, 117, 118, 119, 120, 121, 122, 123, 124, 125, 126, 127, 128, 129, 130, 131, 132, 133, 134, 135, 136, 137, 138, 139, 140, 141, 142, 143, 144, 145, 146, 147, 148, 149, 150, 151, 152, 153, 154, 155, 156, 157, 158, 159, 160, 161, 162, 163, 164, 165, 166, 167, 168, 169, 170, 171, 172, 173, 174, 175, 176, 177, 178, 179, 180, 181, 182, 183, 184, 185, 186, 187, 188, 189, 190, 191, 192, 193, 194, 195, 196, 197, 198, 199, 200, 201, 202, 203, 204, 205, 206, 207, 208, 209, 210, 211, 212, 213, 214, 215, 216, 217, 218, 219, 220, 221, 222, 223, 224, 225, 226, 227, 228, 229, 230, 231, 232, 233, 234, 235, 236, 237, 238, 239, 240, 241, 242, 243, 244, 245, 246, 247, 248, 249, 250, 251, 252, 253, 254, 255, 256, 257, 258, 259, 260, 261, 262, 263, 264, 265, 266, 267, 268, 269, 270, 271, 272, 273, 274, 275, 276, 277, 278, 279, 280, 281, 282, 283, 284, 285, 286, 287, 288, 289, 290, 291, 292, 293, 294, 295, 296, 297, 298, 299, 300, 301, 302, 303, 304, 305, 306, 307, 308, 309, 310, 311, 312, 313, 314, 315, 316, 317, 318, 319, 320, 321, 322, 323, 324, 325, 326, 327, 328, 329, 330, 331, 332, 333, 334, 335, 336, 337, 574, 575, 576, 577, 578, 579, 580, 581, 582, 583, 584, 585, 586, 587, 588, 589, 590, 591, 592, 593, 594, 595, 596, 597, 598, 599, 600, 601, 602, 603, 604, 605, 606, 607, 608, 609, 610, 611, 612, 613, 614, 615, 616, 617, 618, 619, 620, 621, 622, 623, 624, 625, 626, 627, 628, 629, 630, 631, 632, 633, 634, 635, 636, 637, 638, 639, 640, 641, 642, 643, 644, 645, 646, 647, 648, 649, 650, 651, 652, 653, 654, 655, 656, 657, 658, 659, 660, 661, 662, 663, 664, 665, 666, 667, 668, 669, 670, 671, 672, 673, 674, 675, 676, 677, 678, 679, 680, 681, 682, 683, 684, 685, 686, 687, 688, 689, 690, 691, 692, 693, 694, 695, 696, 697, 698, 699, 700, 701, 702, 703, 704, 705, 706, 707, 708, 709, 710, 711, 712, 713, 714, 715, 716, 717, 718, 719, 720, 721, 722, 723, 724, 725, 726, 727, 728, 729, 730, 731, 732, 733, 734, 735, 736, 737, 738, 739, 740, 741, 742, 743, 744, 745, 746, 747, 748, 749, 750, 751, 752, 753, 754, 755, 756, 757, 758, 759, 760, 761, 762, 763, 764, 765, 766, 767, 768, 769, 770, 771, 772, 773, 774, 775, 776, 777, 778, 779, 780, 781, 782, 783, 784, 785, 786, 787, 788, 789, 790, 791, 792, 793]","[103, 111, 127, 153, 162, 201, 226, 292, 574, 581, 598, 624, 634, 690, 751]",[],"[10, 75, 103, 104, 106, 117, 118, 120, 127, 128, 129, 131, 133, 135, 136, 137, 139, 146, 147, 148, 149, 151, 158, 160, 162, 166, 173, 178, 179, 185, 190, 192, 198, 201, 203, 204, 206, 207, 212, 213, 214, 219, 223, 224, 225, 227, 230, 235, 237, 246, 247, 256, 259, 262, 263, 266, 268, 269, 271, 272, 278, 279, 284, 285, 288, 290, 292, 304, 306, 312, 316, 319, 320, 323, 324, 329, 332, 335, 495, 549, 574, 575, 577, 588, 589, 591, 598, 599, 600, 602, 604, 606, 607, 608, 610, 617, 618, 619, 620, 622, 625, 630, 632, 634, 638, 644, 649, 650, 656, 661, 663, 669, 673, 674, 676, 677, 682, 683, 684, 687, 688, 689, 691, 694, 699, 701, 710, 718, 722, 723, 727, 728, 730, 731, 737, 738, 743, 744, 747, 749, 751, 762, 764, 770, 774, 777, 778, 781, 782, 789, 791]","[2, 9, 10, 82, 111, 112, 113, 199, 279, 284, 285, 300, 488, 494, 495, 553, 581, 582, 583, 670, 738, 743, 744, 759, 818]","[2, 9, 10, 82, 111, 112, 113, 199, 279, 284, 285, 300, 488, 494, 495, 553, 581, 582, 583, 670, 738, 743, 744, 759, 818]",5/6 successful match,False,[145],True,307,False,,1.0,True,Valero Truck Stop # 3074 Hwy S ),Valero
4 G 661-324-9481 Bakersfield ( 93301 ) Corner CA 99 Exit Store 26 # B 3074 NB / ( 26 Valero SB ) ( Buck Owens N N,,N N ) 24 22,Bakersfield,93301,Corner CA 99 Exit Store 26 # B 3074 NB / ( 26 Valero SB ) ( Buck Owens N N,661-324-9481,2014,Bakersfield,CA,Valero,,,empty,,False,,False,,,,,,[],[],"[103, 111, 127, 153, 162, 201, 226, 292, 574, 581, 598, 624, 634, 690, 751]",[],"[103, 104, 105, 106, 107, 108, 109, 110, 111, 112, 113, 114, 115, 116, 117, 118, 119, 120, 121, 122, 123, 124, 125, 126, 127, 128, 129, 130, 131, 132, 133, 134, 135, 136, 137, 138, 139, 140, 141, 142, 143, 144, 145, 146, 147, 148, 149, 150, 151, 152, 153, 154, 155, 156, 157, 158, 159, 160, 161, 162, 163, 164, 165, 166, 167, 168, 169, 170, 171, 172, 173, 174, 175, 176, 177, 178, 179, 180, 181, 182, 183, 184, 185, 186, 187, 188, 189, 190, 191, 192, 193, 194, 195, 196, 197, 198, 199, 200, 201, 202, 203, 204, 205, 206, 207, 208, 209, 210, 211, 212, 213, 214, 215, 216, 217, 218, 219, 220, 221, 222, 223, 224, 225, 226, 227, 228, 229, 230, 231, 232, 233, 234, 235, 236, 237, 238, 239, 240, 241, 242, 243, 244, 245, 246, 247, 248, 249, 250, 251, 252, 253, 254, 255, 256, 257, 258, 259, 260, 261, 262, 263, 264, 265, 266, 267, 268, 269, 270, 271, 272, 273, 274, 275, 276, 277, 278, 279, 280, 281, 282, 283, 284, 285, 286, 287, 288, 289, 290, 291, 292, 293, 294, 295, 296, 297, 298, 299, 300, 301, 302, 303, 304, 305, 306, 307, 308, 309, 310, 311, 312, 313, 314, 315, 316, 317, 318, 319, 320, 321, 322, 323, 324, 325, 326, 327, 328, 329, 330, 331, 332, 333, 334, 335, 336, 337, 574, 575, 576, 577, 578, 579, 580, 581, 582, 583, 584, 585, 586, 587, 588, 589, 590, 591, 592, 593, 594, 595, 596, 597, 598, 599, 600, 601, 602, 603, 604, 605, 606, 607, 608, 609, 610, 611, 612, 613, 614, 615, 616, 617, 618, 619, 620, 621, 622, 623, 624, 625, 626, 627, 628, 629, 630, 631, 632, 633, 634, 635, 636, 637, 638, 639, 640, 641, 642, 643, 644, 645, 646, 647, 648, 649, 650, 651, 652, 653, 654, 655, 656, 657, 658, 659, 660, 661, 662, 663, 664, 665, 666, 667, 668, 669, 670, 671, 672, 673, 674, 675, 676, 677, 678, 679, 680, 681, 682, 683, 684, 685, 686, 687, 688, 689, 690, 691, 692, 693, 694, 695, 696, 697, 698, 699, 700, 701, 702, 703, 704, 705, 706, 707, 708, 709, 710, 711, 712, 713, 714, 715, 716, 717, 718, 719, 720, 721, 722, 723, 724, 725, 726, 727, 728, 729, 730, 731, 732, 733, 734, 735, 736, 737, 738, 739, 740, 741, 742, 743, 744, 745, 746, 747, 748, 749, 750, 751, 752, 753, 754, 755, 756, 757, 758, 759, 760, 761, 762, 763, 764, 765, 766, 767, 768, 769, 770, 771, 772, 773, 774, 775, 776, 777, 778, 779, 780, 781, 782, 783, 784, 785, 786, 787, 788, 789, 790, 791, 792, 793]",[],"[2, 9, 10, 82, 111, 112, 113, 199, 279, 284, 285, 300, 488, 494, 495, 553, 581, 582, 583, 670, 738, 743, 744, 759, 818]","[2, 9, 10, 82, 111, 112, 113, 185, 196, 199, 279, 284, 285, 300, 397, 488, 494, 495, 553, 581, 582, 583, 656, 667, 670, 738, 743, 744, 759, 818, 847]","[2, 9, 10, 82, 103, 104, 105, 106, 107, 108, 109, 110, 111, 112, 113, 114, 115, 116, 117, 118, 119, 120, 121, 122, 123, 124, 125, 126, 127, 128, 129, 130, 131, 132, 133, 134, 135, 136, 137, 138, 139, 140, 141, 142, 143, 144, 145, 146, 147, 148, 149, 150, 151, 152, 153, 154, 155, 156, 157, 158, 159, 160, 161, 162, 163, 164, 165, 166, 167, 168, 169, 170, 171, 172, 173, 174, 175, 176, 177, 178, 179, 180, 181, 182, 183, 184, 185, 186, 187, 188, 189, 190, 191, 192, 193, 194, 195, 196, 197, 198, 199, 200, 201, 202, 203, 204, 205, 206, 207, 208, 209, 210, 211, 212, 213, 214, 215, 216, 217, 218, 219, 220, 221, 222, 223, 224, 225, 226, 227, 228, 229, 230, 231, 232, 233, 234, 235, 236, 237, 238, 239, 240, 241, 242, 243, 244, 245, 246, 247, 248, 249, 250, 251, 252, 253, 254, 255, 256, 257, 258, 259, 260, 261, 262, 263, 264, 265, 266, 267, 268, 269, 270, 271, 272, 273, 274, 275, 276, 277, 278, 279, 280, 281, 282, 283, 284, 285, 286, 287, 288, 289, 290, 291, 292, 293, 294, 295, 296, 297, 298, 299, 300, 301, 302, 303, 304, 305, 306, 307, 308, 309, 310, 311, 312, 313, 314, 315, 316, 317, 318, 319, 320, 321, 322, 323, 324, 325, 326, 327, 328, 329, 330, 331, 332, 333, 334, 335, 336, 337, 397, 488, 494, 495, 553, 574, 575, 576, 577, 578, 579, 580, 581, 582, 583, 584, 585, 586, 587, 588, 589, 590, 591, 592, 593, 594, 595, 596, 597, 598, 599, 600, 601, 602, 603, 604, 605, 606, 607, 608, 609, 610, 611, 612, 613, 614, 615, 616, 617, 618, 619, 620, 621, 622, 623, 624, 625, 626, 627, 628, 629, 630, 631, 632, 633, 634, 635, 636, 637, 638, 639, 640, 641, 642, 643, 644, 645, 646, 647, 648, 649, 650, 651, 652, 653, 654, 655, 656, 657, 658, 659, 660, 661, 662, 663, 664, 665, 666, 667, 668, 669, 670, 671, 672, 673, 674, 675, 676, 677, 678, 679, 680, 681, 682, 683, 684, 685, 686, 687, 688, 689, 690, 691, 692, 693, 694, 695, 696, 697, 698, 699, 700, 701, 702, 703, 704, 705, 706, 707, 708, 709, 710, 711, 712, 713, 714, 715, 716, 717, 718, 719, 720, 721, 722, 723, 724, 725, 726, 727, 728, 729, 730, 731, 732, 733, 734, 735, 736, 737, 738, 739, 740, 741, 742, 743, 744, 745, 746, 747, 748, 749, 750, 751, 752, 753, 754, 755, 756, 757, 758, 759, 760, 761, 762, 763, 764, 765, 766, 767, 768, 769, 770, 771, 772, 773, 774, 775, 776, 777, 778, 779, 780, 781, 782, 783, 784, 785, 786, 787, 788, 789, 790, 791, 792, 793, 818, 847]",False,[],"[103, 104, 105, 106, 107, 108, 109, 110, 111, 112, 113, 114, 115, 116, 117, 118, 119, 120, 121, 122, 123, 124, 125, 126, 127, 128, 129, 130, 131, 132, 133, 134, 135, 136, 137, 138, 139, 140, 141, 142, 143, 144, 145, 146, 147, 148, 149, 150, 151, 152, 153, 154, 155, 156, 157, 158, 159, 160, 161, 162, 163, 164, 165, 166, 167, 168, 169, 170, 171, 172, 173, 174, 175, 176, 177, 178, 179, 180, 181, 182, 183, 184, 185, 186, 187, 188, 189, 190, 191, 192, 193, 194, 195, 196, 197, 198, 199, 200, 201, 202, 203, 204, 205, 206, 207, 208, 209, 210, 211, 212, 213, 214, 215, 216, 217, 218, 219, 220, 221, 222, 223, 224, 225, 226, 227, 228, 229, 230, 231, 232, 233, 234, 235, 236, 237, 238, 239, 240, 241, 242, 243, 244, 245, 246, 247, 248, 249, 250, 251, 252, 253, 254, 255, 256, 257, 258, 259, 260, 261, 262, 263, 264, 265, 266, 267, 268, 269, 270, 271, 272, 273, 274, 275, 276, 277, 278, 279, 280, 281, 282, 283, 284, 285, 286, 287, 288, 289, 290, 291, 292, 293, 294, 295, 296, 297, 298, 299, 300, 301, 302, 303, 304, 305, 306, 307, 308, 309, 310, 311, 312, 313, 314, 315, 316, 317, 318, 319, 320, 321, 322, 323, 324, 325, 326, 327, 328, 329, 330, 331, 332, 333, 334, 335, 336, 337, 574, 575, 576, 577, 578, 579, 580, 581, 582, 583, 584, 585, 586, 587, 588, 589, 590, 591, 592, 593, 594, 595, 596, 597, 598, 599, 600, 601, 602, 603, 604, 605, 606, 607, 608, 609, 610, 611, 612, 613, 614, 615, 616, 617, 618, 619, 620, 621, 622, 623, 624, 625, 626, 627, 628, 629, 630, 631, 632, 633, 634, 635, 636, 637, 638, 639, 640, 641, 642, 643, 644, 645, 646, 647, 648, 649, 650, 651, 652, 653, 654, 655, 656, 657, 658, 659, 660, 661, 662, 663, 664, 665, 666, 667, 668, 669, 670, 671, 672, 673, 674, 675, 676, 677, 678, 679, 680, 681, 682, 683, 684, 685, 686, 687, 688, 689, 690, 691, 692, 693, 694, 695, 696, 697, 698, 699, 700, 701, 702, 703, 704, 705, 706, 707, 708, 709, 710, 711, 712, 713, 714, 715, 716, 717, 718, 719, 720, 721, 722, 723, 724, 725, 726, 727, 728, 729, 730, 731, 732, 733, 734, 735, 736, 737, 738, 739, 740, 741, 742, 743, 744, 745, 746, 747, 748, 749, 750, 751, 752, 753, 754, 755, 756, 757, 758, 759, 760, 761, 762, 763, 764, 765, 766, 767, 768, 769, 770, 771, 772, 773, 774, 775, 776, 777, 778, 779, 780, 781, 782, 783, 784, 785, 786, 787, 788, 789, 790, 791, 792, 793]","[103, 111, 127, 153, 162, 201, 226, 292, 574, 581, 598, 624, 634, 690, 751]",[],[],"[2, 9, 10, 82, 111, 112, 113, 185, 196, 199, 279, 284, 285, 300, 397, 488, 494, 495, 553, 581, 582, 583, 656, 667, 670, 738, 743, 744, 759, 818, 847]","[2, 9, 10, 82, 111, 112, 113, 199, 279, 284, 285, 300, 488, 494, 495, 553, 581, 582, 583, 670, 738, 743, 744, 759, 818]",7/6 successful match,False,[145],True,307,False,,0.6857142857142857,True,Valero Truck Stop # 3074,Valero
G Bakersfield ( 93301 ) Corner Store # 3074 ( CA 184 ( Valero S ) ),4 661-324-9481 CA 99 Exit 26 B NB / 26 SB ( Buck N ),N ) 24 <U+2610> 1,Bakersfield,93301,Corner Store # 3074 ( CA 184 ( Valero S ) ),661-324-9481,2015,Bakersfield,CA,Valero,( Buck N ),CA 99 Exit 26 B NB / 26 SB ,Exit,26,False,,False,CA 99,,26,,,[],[],"[103, 111, 127, 153, 162, 201, 226, 292, 574, 581, 598, 624, 634, 690, 751]",[],"[103, 104, 105, 106, 107, 108, 109, 110, 111, 112, 113, 114, 115, 116, 117, 118, 119, 120, 121, 122, 123, 124, 125, 126, 127, 128, 129, 130, 131, 132, 133, 134, 135, 136, 137, 138, 139, 140, 141, 142, 143, 144, 145, 146, 147, 148, 149, 150, 151, 152, 153, 154, 155, 156, 157, 158, 159, 160, 161, 162, 163, 164, 165, 166, 167, 168, 169, 170, 171, 172, 173, 174, 175, 176, 177, 178, 179, 180, 181, 182, 183, 184, 185, 186, 187, 188, 189, 190, 191, 192, 193, 194, 195, 196, 197, 198, 199, 200, 201, 202, 203, 204, 205, 206, 207, 208, 209, 210, 211, 212, 213, 214, 215, 216, 217, 218, 219, 220, 221, 222, 223, 224, 225, 226, 227, 228, 229, 230, 231, 232, 233, 234, 235, 236, 237, 238, 239, 240, 241, 242, 243, 244, 245, 246, 247, 248, 249, 250, 251, 252, 253, 254, 255, 256, 257, 258, 259, 260, 261, 262, 263, 264, 265, 266, 267, 268, 269, 270, 271, 272, 273, 274, 275, 276, 277, 278, 279, 280, 281, 282, 283, 284, 285, 286, 287, 288, 289, 290, 291, 292, 293, 294, 295, 296, 297, 298, 299, 300, 301, 302, 303, 304, 305, 306, 307, 308, 309, 310, 311, 312, 313, 314, 315, 316, 317, 318, 319, 320, 321, 322, 323, 324, 325, 326, 327, 328, 329, 330, 331, 332, 333, 334, 335, 336, 337, 574, 575, 576, 577, 578, 579, 580, 581, 582, 583, 584, 585, 586, 587, 588, 589, 590, 591, 592, 593, 594, 595, 596, 597, 598, 599, 600, 601, 602, 603, 604, 605, 606, 607, 608, 609, 610, 611, 612, 613, 614, 615, 616, 617, 618, 619, 620, 621, 622, 623, 624, 625, 626, 627, 628, 629, 630, 631, 632, 633, 634, 635, 636, 637, 638, 639, 640, 641, 642, 643, 644, 645, 646, 647, 648, 649, 650, 651, 652, 653, 654, 655, 656, 657, 658, 659, 660, 661, 662, 663, 664, 665, 666, 667, 668, 669, 670, 671, 672, 673, 674, 675, 676, 677, 678, 679, 680, 681, 682, 683, 684, 685, 686, 687, 688, 689, 690, 691, 692, 693, 694, 695, 696, 697, 698, 699, 700, 701, 702, 703, 704, 705, 706, 707, 708, 709, 710, 711, 712, 713, 714, 715, 716, 717, 718, 719, 720, 721, 722, 723, 724, 725, 726, 727, 728, 729, 730, 731, 732, 733, 734, 735, 736, 737, 738, 739, 740, 741, 742, 743, 744, 745, 746, 747, 748, 749, 750, 751, 752, 753, 754, 755, 756, 757, 758, 759, 760, 761, 762, 763, 764, 765, 766, 767, 768, 769, 770, 771, 772, 773, 774, 775, 776, 777, 778, 779, 780, 781, 782, 783, 784, 785, 786, 787, 788, 789, 790, 791, 792, 793]","[10, 75, 103, 104, 106, 117, 118, 120, 127, 128, 129, 131, 133, 135, 136, 137, 139, 146, 147, 148, 149, 151, 158, 160, 162, 166, 173, 178, 179, 185, 190, 192, 198, 201, 203, 204, 206, 207, 212, 213, 214, 219, 223, 224, 225, 227, 230, 235, 237, 246, 247, 256, 259, 262, 263, 266, 268, 269, 271, 272, 278, 279, 284, 285, 288, 290, 292, 304, 306, 312, 316, 319, 320, 323, 324, 329, 332, 335, 495, 549, 574, 575, 577, 588, 589, 591, 598, 599, 600, 602, 604, 606, 607, 608, 610, 617, 618, 619, 620, 622, 625, 630, 632, 634, 638, 644, 649, 650, 656, 661, 663, 669, 673, 674, 676, 677, 682, 683, 684, 687, 688, 689, 691, 694, 699, 701, 710, 718, 722, 723, 727, 728, 730, 731, 737, 738, 743, 744, 747, 749, 751, 762, 764, 770, 774, 777, 778, 781, 782, 789, 791]","[2, 9, 10, 82, 111, 112, 113, 199, 279, 284, 285, 300, 488, 494, 495, 553, 581, 582, 583, 670, 738, 743, 744, 759, 818]","[2, 9, 10, 82, 111, 112, 113, 196, 199, 279, 284, 285, 300, 397, 488, 494, 495, 553, 581, 582, 583, 667, 670, 738, 743, 744, 759, 818, 847]","[2, 9, 10, 75, 82, 103, 104, 105, 106, 107, 108, 109, 110, 111, 112, 113, 114, 115, 116, 117, 118, 119, 120, 121, 122, 123, 124, 125, 126, 127, 128, 129, 130, 131, 132, 133, 134, 135, 136, 137, 138, 139, 140, 141, 142, 143, 144, 145, 146, 147, 148, 149, 150, 151, 152, 153, 154, 155, 156, 157, 158, 159, 160, 161, 162, 163, 164, 165, 166, 167, 168, 169, 170, 171, 172, 173, 174, 175, 176, 177, 178, 179, 180, 181, 182, 183, 184, 185, 186, 187, 188, 189, 190, 191, 192, 193, 194, 195, 196, 197, 198, 199, 200, 201, 202, 203, 204, 205, 206, 207, 208, 209, 210, 211, 212, 213, 214, 215, 216, 217, 218, 219, 220, 221, 222, 223, 224, 225, 226, 227, 228, 229, 230, 231, 232, 233, 234, 235, 236, 237, 238, 239, 240, 241, 242, 243, 244, 245, 246, 247, 248, 249, 250, 251, 252, 253, 254, 255, 256, 257, 258, 259, 260, 261, 262, 263, 264, 265, 266, 267, 268, 269, 270, 271, 272, 273, 274, 275, 276, 277, 278, 279, 280, 281, 282, 283, 284, 285, 286, 287, 288, 289, 290, 291, 292, 293, 294, 295, 296, 297, 298, 299, 300, 301, 302, 303, 304, 305, 306, 307, 308, 309, 310, 311, 312, 313, 314, 315, 316, 317, 318, 319, 320, 321, 322, 323, 324, 325, 326, 327, 328, 329, 330, 331, 332, 333, 334, 335, 336, 337, 397, 488, 494, 495, 549, 553, 574, 575, 576, 577, 578, 579, 580, 581, 582, 583, 584, 585, 586, 587, 588, 589, 590, 591, 592, 593, 594, 595, 596, 597, 598, 599, 600, 601, 602, 603, 604, 605, 606, 607, 608, 609, 610, 611, 612, 613, 614, 615, 616, 617, 618, 619, 620, 621, 622, 623, 624, 625, 626, 627, 628, 629, 630, 631, 632, 633, 634, 635, 636, 637, 638, 639, 640, 641, 642, 643, 644, 645, 646, 647, 648, 649, 650, 651, 652, 653, 654, 655, 656, 657, 658, 659, 660, 661, 662, 663, 664, 665, 666, 667, 668, 669, 670, 671, 672, 673, 674, 675, 676, 677, 678, 679, 680, 681, 682, 683, 684, 685, 686, 687, 688, 689, 690, 691, 692, 693, 694, 695, 696, 697, 698, 699, 700, 701, 702, 703, 704, 705, 706, 707, 708, 709, 710, 711, 712, 713, 714, 715, 716, 717, 718, 719, 720, 721, 722, 723, 724, 725, 726, 727, 728, 729, 730, 731, 732, 733, 734, 735, 736, 737, 738, 739, 740, 741, 742, 743, 744, 745, 746, 747, 748, 749, 750, 751, 752, 753, 754, 755, 756, 757, 758, 759, 760, 761, 762, 763, 764, 765, 766, 767, 768, 769, 770, 771, 772, 773, 774, 775, 776, 777, 778, 779, 780, 781, 782, 783, 784, 785, 786, 787, 788, 789, 790, 791, 792, 793, 818, 847]",False,[],"[103, 104, 105, 106, 107, 108, 109, 110, 111, 112, 113, 114, 115, 116, 117, 118, 119, 120, 121, 122, 123, 124, 125, 126, 127, 128, 129, 130, 131, 132, 133, 134, 135, 136, 137, 138, 139, 140, 141, 142, 143, 144, 145, 146, 147, 148, 149, 150, 151, 152, 153, 154, 155, 156, 157, 158, 159, 160, 161, 162, 163, 164, 165, 166, 167, 168, 169, 170, 171, 172, 173, 174, 175, 176, 177, 178, 179, 180, 181, 182, 183, 184, 185, 186, 187, 188, 189, 190, 191, 192, 193, 194, 195, 196, 197, 198, 199, 200, 201, 202, 203, 204, 205, 206, 207, 208, 209, 210, 211, 212, 213, 214, 215, 216, 217, 218, 219, 220, 221, 222, 223, 224, 225, 226, 227, 228, 229, 230, 231, 232, 233, 234, 235, 236, 237, 238, 239, 240, 241, 242, 243, 244, 245, 246, 247, 248, 249, 250, 251, 252, 253, 254, 255, 256, 257, 258, 259, 260, 261, 262, 263, 264, 265, 266, 267, 268, 269, 270, 271, 272, 273, 274, 275, 276, 277, 278, 279, 280, 281, 282, 283, 284, 285, 286, 287, 288, 289, 290, 291, 292, 293, 294, 295, 296, 297, 298, 299, 300, 301, 302, 303, 304, 305, 306, 307, 308, 309, 310, 311, 312, 313, 314, 315, 316, 317, 318, 319, 320, 321, 322, 323, 324, 325, 326, 327, 328, 329, 330, 331, 332, 333, 334, 335, 336, 337, 574, 575, 576, 577, 578, 579, 580, 581, 582, 583, 584, 585, 586, 587, 588, 589, 590, 591, 592, 593, 594, 595, 596, 597, 598, 599, 600, 601, 602, 603, 604, 605, 606, 607, 608, 609, 610, 611, 612, 613, 614, 615, 616, 617, 618, 619, 620, 621, 622, 623, 624, 625, 626, 627, 628, 629, 630, 631, 632, 633, 634, 635, 636, 637, 638, 639, 640, 641, 642, 643, 644, 645, 646, 647, 648, 649, 650, 651, 652, 653, 654, 655, 656, 657, 658, 659, 660, 661, 662, 663, 664, 665, 666, 667, 668, 669, 670, 671, 672, 673, 674, 675, 676, 677, 678, 679, 680, 681, 682, 683, 684, 685, 686, 687, 688, 689, 690, 691, 692, 693, 694, 695, 696, 697, 698, 699, 700, 701, 702, 703, 704, 705, 706, 707, 708, 709, 710, 711, 712, 713, 714, 715, 716, 717, 718, 719, 720, 721, 722, 723, 724, 725, 726, 727, 728, 729, 730, 731, 732, 733, 734, 735, 736, 737, 738, 739, 740, 741, 742, 743, 744, 745, 746, 747, 748, 749, 750, 751, 752, 753, 754, 755, 756, 757, 758, 759, 760, 761, 762, 763, 764, 765, 766, 767, 768, 769, 770, 771, 772, 773, 774, 775, 776, 777, 778, 779, 780, 781, 782, 783, 784, 785, 786, 787, 788, 789, 790, 791, 792, 793]","[103, 111, 127, 153, 162, 201, 226, 292, 574, 581, 598, 624, 634, 690, 751]",[],"[10, 75, 103, 104, 106, 117, 118, 120, 127, 128, 129, 131, 133, 135, 136, 137, 139, 146, 147, 148, 149, 151, 158, 160, 162, 166, 173, 178, 179, 185, 190, 192, 198, 201, 203, 204, 206, 207, 212, 213, 214, 219, 223, 224, 225, 227, 230, 235, 237, 246, 247, 256, 259, 262, 263, 266, 268, 269, 271, 272, 278, 279, 284, 285, 288, 290, 292, 304, 306, 312, 316, 319, 320, 323, 324, 329, 332, 335, 495, 549, 574, 575, 577, 588, 589, 591, 598, 599, 600, 602, 604, 606, 607, 608, 610, 617, 618, 619, 620, 622, 625, 630, 632, 634, 638, 644, 649, 650, 656, 661, 663, 669, 673, 674, 676, 677, 682, 683, 684, 687, 688, 689, 691, 694, 699, 701, 710, 718, 722, 723, 727, 728, 730, 731, 737, 738, 743, 744, 747, 749, 751, 762, 764, 770, 774, 777, 778, 781, 782, 789, 791]","[2, 9, 10, 82, 111, 112, 113, 196, 199, 279, 284, 285, 300, 397, 488, 494, 495, 553, 581, 582, 583, 667, 670, 738, 743, 744, 759, 818, 847]","[2, 9, 10, 82, 111, 112, 113, 199, 279, 284, 285, 300, 488, 494, 495, 553, 581, 582, 583, 670, 738, 743, 744, 759, 818]",5/6 successful match,False,[145],True,307,False,,0.8521367521367522,True,Corner CA 99 Exit Store 26 # B 3074 NB / ( 26 Valero SB ) ( Buck Owens N N,Valero
Bakersfield ( 93301 ) Corner Store # 3074 ( Valero ),661-324-9481 CA 99 Exit 26 B NB / 26 SB ( Buck Owens N,N ) . 24,Bakersfield,93301,Corner Store # 3074 ( Valero ),661-324-9481,2016,Bakersfield,CA,Valero,( Buck Owens N,CA 99 Exit 26 B NB / 26 SB ,Exit,26,False,,False,CA 99,,26,,,[],[],"[103, 111, 127, 153, 162, 201, 226, 292, 574, 581, 598, 624, 634, 690, 751]",[],"[103, 104, 105, 106, 107, 108, 109, 110, 111, 112, 113, 114, 115, 116, 117, 118, 119, 120, 121, 122, 123, 124, 125, 126, 127, 128, 129, 130, 131, 132, 133, 134, 135, 136, 137, 138, 139, 140, 141, 142, 143, 144, 145, 146, 147, 148, 149, 150, 151, 152, 153, 154, 155, 156, 157, 158, 159, 160, 161, 162, 163, 164, 165, 166, 167, 168, 169, 170, 171, 172, 173, 174, 175, 176, 177, 178, 179, 180, 181, 182, 183, 184, 185, 186, 187, 188, 189, 190, 191, 192, 193, 194, 195, 196, 197, 198, 199, 200, 201, 202, 203, 204, 205, 206, 207, 208, 209, 210, 211, 212, 213, 214, 215, 216, 217, 218, 219, 220, 221, 222, 223, 224, 225, 226, 227, 228, 229, 230, 231, 232, 233, 234, 235, 236, 237, 238, 239, 240, 241, 242, 243, 244, 245, 246, 247, 248, 249, 250, 251, 252, 253, 254, 255, 256, 257, 258, 259, 260, 261, 262, 263, 264, 265, 266, 267, 268, 269, 270, 271, 272, 273, 274, 275, 276, 277, 278, 279, 280, 281, 282, 283, 284, 285, 286, 287, 288, 289, 290, 291, 292, 293, 294, 295, 296, 297, 298, 299, 300, 301, 302, 303, 304, 305, 306, 307, 308, 309, 310, 311, 312, 313, 314, 315, 316, 317, 318, 319, 320, 321, 322, 323, 324, 325, 326, 327, 328, 329, 330, 331, 332, 333, 334, 335, 336, 337, 574, 575, 576, 577, 578, 579, 580, 581, 582, 583, 584, 585, 586, 587, 588, 589, 590, 591, 592, 593, 594, 595, 596, 597, 598, 599, 600, 601, 602, 603, 604, 605, 606, 607, 608, 609, 610, 611, 612, 613, 614, 615, 616, 617, 618, 619, 620, 621, 622, 623, 624, 625, 626, 627, 628, 629, 630, 631, 632, 633, 634, 635, 636, 637, 638, 639, 640, 641, 642, 643, 644, 645, 646, 647, 648, 649, 650, 651, 652, 653, 654, 655, 656, 657, 658, 659, 660, 661, 662, 663, 664, 665, 666, 667, 668, 669, 670, 671, 672, 673, 674, 675, 676, 677, 678, 679, 680, 681, 682, 683, 684, 685, 686, 687, 688, 689, 690, 691, 692, 693, 694, 695, 696, 697, 698, 699, 700, 701, 702, 703, 704, 705, 706, 707, 708, 709, 710, 711, 712, 713, 714, 715, 716, 717, 718, 719, 720, 721, 722, 723, 724, 725, 726, 727, 728, 729, 730, 731, 732, 733, 734, 735, 736, 737, 738, 739, 740, 741, 742, 743, 744, 745, 746, 747, 748, 749, 750, 751, 752, 753, 754, 755, 756, 757, 758, 759, 760, 761, 762, 763, 764, 765, 766, 767, 768, 769, 770, 771, 772, 773, 774, 775, 776, 777, 778, 779, 780, 781, 782, 783, 784, 785, 786, 787, 788, 789, 790, 791, 792, 793]","[10, 75, 103, 104, 106, 117, 118, 120, 127, 128, 129, 131, 133, 135, 136, 137, 139, 146, 147, 148, 149, 151, 158, 160, 162, 166, 173, 178, 179, 185, 190, 192, 198, 201, 203, 204, 206, 207, 212, 213, 214, 219, 223, 224, 225, 227, 230, 235, 237, 246, 247, 256, 259, 262, 263, 266, 268, 269, 271, 272, 278, 279, 284, 285, 288, 290, 292, 304, 306, 312, 316, 319, 320, 323, 324, 329, 332, 335, 495, 549, 574, 575, 577, 588, 589, 591, 598, 599, 600, 602, 604, 606, 607, 608, 610, 617, 618, 619, 620, 622, 625, 630, 632, 634, 638, 644, 649, 650, 656, 661, 663, 669, 673, 674, 676, 677, 682, 683, 684, 687, 688, 689, 691, 694, 699, 701, 710, 718, 722, 723, 727, 728, 730, 731, 737, 738, 743, 744, 747, 749, 751, 762, 764, 770, 774, 777, 778, 781, 782, 789, 791]","[2, 9, 10, 82, 111, 112, 113, 199, 279, 284, 285, 300, 488, 494, 495, 553, 581, 582, 583, 670, 738, 743, 744, 759, 818]","[2, 9, 10, 82, 111, 112, 113, 196, 199, 279, 284, 285, 300, 397, 488, 494, 495, 553, 581, 582, 583, 667, 670, 738, 743, 744, 759, 818, 847]","[2, 9, 10, 75, 82, 103, 104, 105, 106, 107, 108, 109, 110, 111, 112, 113, 114, 115, 116, 117, 118, 119, 120, 121, 122, 123, 124, 125, 126, 127, 128, 129, 130, 131, 132, 133, 134, 135, 136, 137, 138, 139, 140, 141, 142, 143, 144, 145, 146, 147, 148, 149, 150, 151, 152, 153, 154, 155, 156, 157, 158, 159, 160, 161, 162, 163, 164, 165, 166, 167, 168, 169, 170, 171, 172, 173, 174, 175, 176, 177, 178, 179, 180, 181, 182, 183, 184, 185, 186, 187, 188, 189, 190, 191, 192, 193, 194, 195, 196, 197, 198, 199, 200, 201, 202, 203, 204, 205, 206, 207, 208, 209, 210, 211, 212, 213, 214, 215, 216, 217, 218, 219, 220, 221, 222, 223, 224, 225, 226, 227, 228, 229, 230, 231, 232, 233, 234, 235, 236, 237, 238, 239, 240, 241, 242, 243, 244, 245, 246, 247, 248, 249, 250, 251, 252, 253, 254, 255, 256, 257, 258, 259, 260, 261, 262, 263, 264, 265, 266, 267, 268, 269, 270, 271, 272, 273, 274, 275, 276, 277, 278, 279, 280, 281, 282, 283, 284, 285, 286, 287, 288, 289, 290, 291, 292, 293, 294, 295, 296, 297, 298, 299, 300, 301, 302, 303, 304, 305, 306, 307, 308, 309, 310, 311, 312, 313, 314, 315, 316, 317, 318, 319, 320, 321, 322, 323, 324, 325, 326, 327, 328, 329, 330, 331, 332, 333, 334, 335, 336, 337, 397, 488, 494, 495, 549, 553, 574, 575, 576, 577, 578, 579, 580, 581, 582, 583, 584, 585, 586, 587, 588, 589, 590, 591, 592, 593, 594, 595, 596, 597, 598, 599, 600, 601, 602, 603, 604, 605, 606, 607, 608, 609, 610, 611, 612, 613, 614, 615, 616, 617, 618, 619, 620, 621, 622, 623, 624, 625, 626, 627, 628, 629, 630, 631, 632, 633, 634, 635, 636, 637, 638, 639, 640, 641, 642, 643, 644, 645, 646, 647, 648, 649, 650, 651, 652, 653, 654, 655, 656, 657, 658, 659, 660, 661, 662, 663, 664, 665, 666, 667, 668, 669, 670, 671, 672, 673, 674, 675, 676, 677, 678, 679, 680, 681, 682, 683, 684, 685, 686, 687, 688, 689, 690, 691, 692, 693, 694, 695, 696, 697, 698, 699, 700, 701, 702, 703, 704, 705, 706, 707, 708, 709, 710, 711, 712, 713, 714, 715, 716, 717, 718, 719, 720, 721, 722, 723, 724, 725, 726, 727, 728, 729, 730, 731, 732, 733, 734, 735, 736, 737, 738, 739, 740, 741, 742, 743, 744, 745, 746, 747, 748, 749, 750, 751, 752, 753, 754, 755, 756, 757, 758, 759, 760, 761, 762, 763, 764, 765, 766, 767, 768, 769, 770, 771, 772, 773, 774, 775, 776, 777, 778, 779, 780, 781, 782, 783, 784, 785, 786, 787, 788, 789, 790, 791, 792, 793, 818, 847]",False,[],"[103, 104, 105, 106, 107, 108, 109, 110, 111, 112, 113, 114, 115, 116, 117, 118, 119, 120, 121, 122, 123, 124, 125, 126, 127, 128, 129, 130, 131, 132, 133, 134, 135, 136, 137, 138, 139, 140, 141, 142, 143, 144, 145, 146, 147, 148, 149, 150, 151, 152, 153, 154, 155, 156, 157, 158, 159, 160, 161, 162, 163, 164, 165, 166, 167, 168, 169, 170, 171, 172, 173, 174, 175, 176, 177, 178, 179, 180, 181, 182, 183, 184, 185, 186, 187, 188, 189, 190, 191, 192, 193, 194, 195, 196, 197, 198, 199, 200, 201, 202, 203, 204, 205, 206, 207, 208, 209, 210, 211, 212, 213, 214, 215, 216, 217, 218, 219, 220, 221, 222, 223, 224, 225, 226, 227, 228, 229, 230, 231, 232, 233, 234, 235, 236, 237, 238, 239, 240, 241, 242, 243, 244, 245, 246, 247, 248, 249, 250, 251, 252, 253, 254, 255, 256, 257, 258, 259, 260, 261, 262, 263, 264, 265, 266, 267, 268, 269, 270, 271, 272, 273, 274, 275, 276, 277, 278, 279, 280, 281, 282, 283, 284, 285, 286, 287, 288, 289, 290, 291, 292, 293, 294, 295, 296, 297, 298, 299, 300, 301, 302, 303, 304, 305, 306, 307, 308, 309, 310, 311, 312, 313, 314, 315, 316, 317, 318, 319, 320, 321, 322, 323, 324, 325, 326, 327, 328, 329, 330, 331, 332, 333, 334, 335, 336, 337, 574, 575, 576, 577, 578, 579, 580, 581, 582, 583, 584, 585, 586, 587, 588, 589, 590, 591, 592, 593, 594, 595, 596, 597, 598, 599, 600, 601, 602, 603, 604, 605, 606, 607, 608, 609, 610, 611, 612, 613, 614, 615, 616, 617, 618, 619, 620, 621, 622, 623, 624, 625, 626, 627, 628, 629, 630, 631, 632, 633, 634, 635, 636, 637, 638, 639, 640, 641, 642, 643, 644, 645, 646, 647, 648, 649, 650, 651, 652, 653, 654, 655, 656, 657, 658, 659, 660, 661, 662, 663, 664, 665, 666, 667, 668, 669, 670, 671, 672, 673, 674, 675, 676, 677, 678, 679, 680, 681, 682, 683, 684, 685, 686, 687, 688, 689, 690, 691, 692, 693, 694, 695, 696, 697, 698, 699, 700, 701, 702, 703, 704, 705, 706, 707, 708, 709, 710, 711, 712, 713, 714, 715, 716, 717, 718, 719, 720, 721, 722, 723, 724, 725, 726, 727, 728, 729, 730, 731, 732, 733, 734, 735, 736, 737, 738, 739, 740, 741, 742, 743, 744, 745, 746, 747, 748, 749, 750, 751, 752, 753, 754, 755, 756, 757, 758, 759, 760, 761, 762, 763, 764, 765, 766, 767, 768, 769, 770, 771, 772, 773, 774, 775, 776, 777, 778, 779, 780, 781, 782, 783, 784, 785, 786, 787, 788, 789, 790, 791, 792, 793]","[103, 111, 127, 153, 162, 201, 226, 292, 574, 581, 598, 624, 634, 690, 751]",[],"[10, 75, 103, 104, 106, 117, 118, 120, 127, 128, 129, 131, 133, 135, 136, 137, 139, 146, 147, 148, 149, 151, 158, 160, 162, 166, 173, 178, 179, 185, 190, 192, 198, 201, 203, 204, 206, 207, 212, 213, 214, 219, 223, 224, 225, 227, 230, 235, 237, 246, 247, 256, 259, 262, 263, 266, 268, 269, 271, 272, 278, 279, 284, 285, 288, 290, 292, 304, 306, 312, 316, 319, 320, 323, 324, 329, 332, 335, 495, 549, 574, 575, 577, 588, 589, 591, 598, 599, 600, 602, 604, 606, 607, 608, 610, 617, 618, 619, 620, 622, 625, 630, 632, 634, 638, 644, 649, 650, 656, 661, 663, 669, 673, 674, 676, 677, 682, 683, 684, 687, 688, 689, 691, 694, 699, 701, 710, 718, 722, 723, 727, 728, 730, 731, 737, 738, 743, 744, 747, 749, 751, 762, 764, 770, 774, 777, 778, 781, 782, 789, 791]","[2, 9, 10, 82, 111, 112, 113, 196, 199, 279, 284, 285, 300, 397, 488, 494, 495, 553, 581, 582, 583, 667, 670, 738, 743, 744, 759, 818, 847]","[2, 9, 10, 82, 111, 112, 113, 199, 279, 284, 285, 300, 488, 494, 495, 553, 581, 582, 583, 670, 738, 743, 744, 759, 818]",5/6 successful match,False,[145],True,307,False,,1.0,True,Corner Store # 3074 ( CA 184 ( Valero S ) ),Valero
"Bakersfield , 93307 24 X 7 Travel Plaza",661-364-0630 CA 58 & CA 184 ( Weedpatch Hwy N ),MOOD,Bakersfield,93307,24 X 7 Travel Plaza,661-364-0630,2006,Bakersfield,CA,,( Weedpatch Hwy N ),CA 58 & CA 184,empty,7,False,,False,CA 58,CA 184,,,,"[574, 103]","[103, 201, 292, 574, 751]","[103, 111, 127, 153, 162, 201, 226, 292, 574, 581, 598, 624, 634, 690, 751]","[198, 266, 316, 378, 422, 669, 774, 828, 874]","[103, 104, 105, 106, 107, 108, 109, 110, 111, 112, 113, 114, 115, 116, 117, 118, 119, 120, 121, 122, 123, 124, 125, 126, 127, 128, 129, 130, 131, 132, 133, 134, 135, 136, 137, 138, 139, 140, 141, 142, 143, 144, 145, 146, 147, 148, 149, 150, 151, 152, 153, 154, 155, 156, 157, 158, 159, 160, 161, 162, 163, 164, 165, 166, 167, 168, 169, 170, 171, 172, 173, 174, 175, 176, 177, 178, 179, 180, 181, 182, 183, 184, 185, 186, 187, 188, 189, 190, 191, 192, 193, 194, 195, 196, 197, 198, 199, 200, 201, 202, 203, 204, 205, 206, 207, 208, 209, 210, 211, 212, 213, 214, 215, 216, 217, 218, 219, 220, 221, 222, 223, 224, 225, 226, 227, 228, 229, 230, 231, 232, 233, 234, 235, 236, 237, 238, 239, 240, 241, 242, 243, 244, 245, 246, 247, 248, 249, 250, 251, 252, 253, 254, 255, 256, 257, 258, 259, 260, 261, 262, 263, 264, 265, 266, 267, 268, 269, 270, 271, 272, 273, 274, 275, 276, 277, 278, 279, 280, 281, 282, 283, 284, 285, 286, 287, 288, 289, 290, 291, 292, 293, 294, 295, 296, 297, 298, 299, 300, 301, 302, 303, 304, 305, 306, 307, 308, 309, 310, 311, 312, 313, 314, 315, 316, 317, 318, 319, 320, 321, 322, 323, 324, 325, 326, 327, 328, 329, 330, 331, 332, 333, 334, 335, 336, 337, 574, 575, 576, 577, 578, 579, 580, 581, 582, 583, 584, 585, 586, 587, 588, 589, 590, 591, 592, 593, 594, 595, 596, 597, 598, 599, 600, 601, 602, 603, 604, 605, 606, 607, 608, 609, 610, 611, 612, 613, 614, 615, 616, 617, 618, 619, 620, 621, 622, 623, 624, 625, 626, 627, 628, 629, 630, 631, 632, 633, 634, 635, 636, 637, 638, 639, 640, 641, 642, 643, 644, 645, 646, 647, 648, 649, 650, 651, 652, 653, 654, 655, 656, 657, 658, 659, 660, 661, 662, 663, 664, 665, 666, 667, 668, 669, 670, 671, 672, 673, 674, 675, 676, 677, 678, 679, 680, 681, 682, 683, 684, 685, 686, 687, 688, 689, 690, 691, 692, 693, 694, 695, 696, 697, 698, 699, 700, 701, 702, 703, 704, 705, 706, 707, 708, 709, 710, 711, 712, 713, 714, 715, 716, 717, 718, 719, 720, 721, 722, 723, 724, 725, 726, 727, 728, 729, 730, 731, 732, 733, 734, 735, 736, 737, 738, 739, 740, 741, 742, 743, 744, 745, 746, 747, 748, 749, 750, 751, 752, 753, 754, 755, 756, 757, 758, 759, 760, 761, 762, 763, 764, 765, 766, 767, 768, 769, 770, 771, 772, 773, 774, 775, 776, 777, 778, 779, 780, 781, 782, 783, 784, 785, 786, 787, 788, 789, 790, 791, 792, 793]","[103, 104, 106, 117, 118, 120, 121, 127, 128, 129, 131, 133, 135, 136, 137, 139, 146, 147, 148, 149, 151, 158, 160, 162, 166, 173, 178, 179, 185, 190, 192, 198, 201, 203, 204, 206, 207, 212, 213, 214, 219, 223, 224, 225, 227, 230, 235, 237, 246, 247, 251, 256, 259, 262, 263, 266, 268, 269, 271, 272, 278, 279, 284, 285, 288, 290, 292, 304, 312, 316, 319, 320, 323, 324, 332, 574, 575, 588, 591, 592, 607, 608, 610, 618, 619, 620, 622, 632, 644, 649, 650, 656, 661, 663, 669, 674, 677, 683, 684, 687, 688, 689, 701, 710, 714, 723, 730, 731, 738, 747, 751, 762, 774, 778, 789]",[],"[103, 574]","[103, 104, 105, 106, 107, 108, 109, 110, 111, 112, 113, 114, 115, 116, 117, 118, 119, 120, 121, 122, 123, 124, 125, 126, 127, 128, 129, 130, 131, 132, 133, 134, 135, 136, 137, 138, 139, 140, 141, 142, 143, 144, 145, 146, 147, 148, 149, 150, 151, 152, 153, 154, 155, 156, 157, 158, 159, 160, 161, 162, 163, 164, 165, 166, 167, 168, 169, 170, 171, 172, 173, 174, 175, 176, 177, 178, 179, 180, 181, 182, 183, 184, 185, 186, 187, 188, 189, 190, 191, 192, 193, 194, 195, 196, 197, 198, 199, 200, 201, 202, 203, 204, 205, 206, 207, 208, 209, 210, 211, 212, 213, 214, 215, 216, 217, 218, 219, 220, 221, 222, 223, 224, 225, 226, 227, 228, 229, 230, 231, 232, 233, 234, 235, 236, 237, 238, 239, 240, 241, 242, 243, 244, 245, 246, 247, 248, 249, 250, 251, 252, 253, 254, 255, 256, 257, 258, 259, 260, 261, 262, 263, 264, 265, 266, 267, 268, 269, 270, 271, 272, 273, 274, 275, 276, 277, 278, 279, 280, 281, 282, 283, 284, 285, 286, 287, 288, 289, 290, 291, 292, 293, 294, 295, 296, 297, 298, 299, 300, 301, 302, 303, 304, 305, 306, 307, 308, 309, 310, 311, 312, 313, 314, 315, 316, 317, 318, 319, 320, 321, 322, 323, 324, 325, 326, 327, 328, 329, 330, 331, 332, 333, 334, 335, 336, 337, 378, 422, 574, 575, 576, 577, 578, 579, 580, 581, 582, 583, 584, 585, 586, 587, 588, 589, 590, 591, 592, 593, 594, 595, 596, 597, 598, 599, 600, 601, 602, 603, 604, 605, 606, 607, 608, 609, 610, 611, 612, 613, 614, 615, 616, 617, 618, 619, 620, 621, 622, 623, 624, 625, 626, 627, 628, 629, 630, 631, 632, 633, 634, 635, 636, 637, 638, 639, 640, 641, 642, 643, 644, 645, 646, 647, 648, 649, 650, 651, 652, 653, 654, 655, 656, 657, 658, 659, 660, 661, 662, 663, 664, 665, 666, 667, 668, 669, 670, 671, 672, 673, 674, 675, 676, 677, 678, 679, 680, 681, 682, 683, 684, 685, 686, 687, 688, 689, 690, 691, 692, 693, 694, 695, 696, 697, 698, 699, 700, 701, 702, 703, 704, 705, 706, 707, 708, 709, 710, 711, 712, 713, 714, 715, 716, 717, 718, 719, 720, 721, 722, 723, 724, 725, 726, 727, 728, 729, 730, 731, 732, 733, 734, 735, 736, 737, 738, 739, 740, 741, 742, 743, 744, 745, 746, 747, 748, 749, 750, 751, 752, 753, 754, 755, 756, 757, 758, 759, 760, 761, 762, 763, 764, 765, 766, 767, 768, 769, 770, 771, 772, 773, 774, 775, 776, 777, 778, 779, 780, 781, 782, 783, 784, 785, 786, 787, 788, 789, 790, 791, 792, 793, 828, 874]",True,"[103, 201, 292, 574, 751]","[103, 104, 105, 106, 107, 108, 109, 110, 111, 112, 113, 114, 115, 116, 117, 118, 119, 120, 121, 122, 123, 124, 125, 126, 127, 128, 129, 130, 131, 132, 133, 134, 135, 136, 137, 138, 139, 140, 141, 142, 143, 144, 145, 146, 147, 148, 149, 150, 151, 152, 153, 154, 155, 156, 157, 158, 159, 160, 161, 162, 163, 164, 165, 166, 167, 168, 169, 170, 171, 172, 173, 174, 175, 176, 177, 178, 179, 180, 181, 182, 183, 184, 185, 186, 187, 188, 189, 190, 191, 192, 193, 194, 195, 196, 197, 198, 199, 200, 201, 202, 203, 204, 205, 206, 207, 208, 209, 210, 211, 212, 213, 214, 215, 216, 217, 218, 219, 220, 221, 222, 223, 224, 225, 226, 227, 228, 229, 230, 231, 232, 233, 234, 235, 236, 237, 238, 239, 240, 241, 242, 243, 244, 245, 246, 247, 248, 249, 250, 251, 252, 253, 254, 255, 256, 257, 258, 259, 260, 261, 262, 263, 264, 265, 266, 267, 268, 269, 270, 271, 272, 273, 274, 275, 276, 277, 278, 279, 280, 281, 282, 283, 284, 285, 286, 287, 288, 289, 290, 291, 292, 293, 294, 295, 296, 297, 298, 299, 300, 301, 302, 303, 304, 305, 306, 307, 308, 309, 310, 311, 312, 313, 314, 315, 316, 317, 318, 319, 320, 321, 322, 323, 324, 325, 326, 327, 328, 329, 330, 331, 332, 333, 334, 335, 336, 337, 574, 575, 576, 577, 578, 579, 580, 581, 582, 583, 584, 585, 586, 587, 588, 589, 590, 591, 592, 593, 594, 595, 596, 597, 598, 599, 600, 601, 602, 603, 604, 605, 606, 607, 608, 609, 610, 611, 612, 613, 614, 615, 616, 617, 618, 619, 620, 621, 622, 623, 624, 625, 626, 627, 628, 629, 630, 631, 632, 633, 634, 635, 636, 637, 638, 639, 640, 641, 642, 643, 644, 645, 646, 647, 648, 649, 650, 651, 652, 653, 654, 655, 656, 657, 658, 659, 660, 661, 662, 663, 664, 665, 666, 667, 668, 669, 670, 671, 672, 673, 674, 675, 676, 677, 678, 679, 680, 681, 682, 683, 684, 685, 686, 687, 688, 689, 690, 691, 692, 693, 694, 695, 696, 697, 698, 699, 700, 701, 702, 703, 704, 705, 706, 707, 708, 709, 710, 711, 712, 713, 714, 715, 716, 717, 718, 719, 720, 721, 722, 723, 724, 725, 726, 727, 728, 729, 730, 731, 732, 733, 734, 735, 736, 737, 738, 739, 740, 741, 742, 743, 744, 745, 746, 747, 748, 749, 750, 751, 752, 753, 754, 755, 756, 757, 758, 759, 760, 761, 762, 763, 764, 765, 766, 767, 768, 769, 770, 771, 772, 773, 774, 775, 776, 777, 778, 779, 780, 781, 782, 783, 784, 785, 786, 787, 788, 789, 790, 791, 792, 793]","[103, 111, 127, 153, 162, 201, 226, 292, 574, 581, 598, 624, 634, 690, 751]","[198, 266, 316, 378, 422, 669, 774, 828, 874]","[103, 104, 106, 117, 118, 120, 121, 127, 128, 129, 131, 133, 135, 136, 137, 139, 146, 147, 148, 149, 151, 158, 160, 162, 166, 173, 178, 179, 185, 190, 192, 198, 201, 203, 204, 206, 207, 212, 213, 214, 219, 223, 224, 225, 227, 230, 235, 237, 246, 247, 251, 256, 259, 262, 263, 266, 268, 269, 271, 272, 278, 279, 284, 285, 288, 290, 292, 304, 312, 316, 319, 320, 323, 324, 332, 574, 575, 588, 591, 592, 607, 608, 610, 618, 619, 620, 622, 632, 644, 649, 650, 656, 661, 663, 669, 674, 677, 683, 684, 687, 688, 689, 701, 710, 714, 723, 730, 731, 738, 747, 751, 762, 774, 778, 789]","[103, 574]",[],7/6 successful match,True,"[289, 290]",True,308,False,,,,,
"Bakersfield , 93307 24 X 7 Travel Plaza N )",661-364-0630 CA 58 & CA 184 ( Weedpatch,) 24 465,Bakersfield,93307,24 X 7 Travel Plaza N ),661-364-0630,2007,Bakersfield,CA,,( Weedpatch,CA 58 & CA 184,empty,7,False,,False,CA 58,CA 184,,,,"[574, 103]","[103, 201, 292, 574, 751]","[103, 111, 127, 153, 162, 201, 226, 292, 574, 581, 598, 624, 634, 690, 751]","[198, 266, 316, 378, 422, 669, 774, 828, 874]","[103, 104, 105, 106, 107, 108, 109, 110, 111, 112, 113, 114, 115, 116, 117, 118, 119, 120, 121, 122, 123, 124, 125, 126, 127, 128, 129, 130, 131, 132, 133, 134, 135, 136, 137, 138, 139, 140, 141, 142, 143, 144, 145, 146, 147, 148, 149, 150, 151, 152, 153, 154, 155, 156, 157, 158, 159, 160, 161, 162, 163, 164, 165, 166, 167, 168, 169, 170, 171, 172, 173, 174, 175, 176, 177, 178, 179, 180, 181, 182, 183, 184, 185, 186, 187, 188, 189, 190, 191, 192, 193, 194, 195, 196, 197, 198, 199, 200, 201, 202, 203, 204, 205, 206, 207, 208, 209, 210, 211, 212, 213, 214, 215, 216, 217, 218, 219, 220, 221, 222, 223, 224, 225, 226, 227, 228, 229, 230, 231, 232, 233, 234, 235, 236, 237, 238, 239, 240, 241, 242, 243, 244, 245, 246, 247, 248, 249, 250, 251, 252, 253, 254, 255, 256, 257, 258, 259, 260, 261, 262, 263, 264, 265, 266, 267, 268, 269, 270, 271, 272, 273, 274, 275, 276, 277, 278, 279, 280, 281, 282, 283, 284, 285, 286, 287, 288, 289, 290, 291, 292, 293, 294, 295, 296, 297, 298, 299, 300, 301, 302, 303, 304, 305, 306, 307, 308, 309, 310, 311, 312, 313, 314, 315, 316, 317, 318, 319, 320, 321, 322, 323, 324, 325, 326, 327, 328, 329, 330, 331, 332, 333, 334, 335, 336, 337, 574, 575, 576, 577, 578, 579, 580, 581, 582, 583, 584, 585, 586, 587, 588, 589, 590, 591, 592, 593, 594, 595, 596, 597, 598, 599, 600, 601, 602, 603, 604, 605, 606, 607, 608, 609, 610, 611, 612, 613, 614, 615, 616, 617, 618, 619, 620, 621, 622, 623, 624, 625, 626, 627, 628, 629, 630, 631, 632, 633, 634, 635, 636, 637, 638, 639, 640, 641, 642, 643, 644, 645, 646, 647, 648, 649, 650, 651, 652, 653, 654, 655, 656, 657, 658, 659, 660, 661, 662, 663, 664, 665, 666, 667, 668, 669, 670, 671, 672, 673, 674, 675, 676, 677, 678, 679, 680, 681, 682, 683, 684, 685, 686, 687, 688, 689, 690, 691, 692, 693, 694, 695, 696, 697, 698, 699, 700, 701, 702, 703, 704, 705, 706, 707, 708, 709, 710, 711, 712, 713, 714, 715, 716, 717, 718, 719, 720, 721, 722, 723, 724, 725, 726, 727, 728, 729, 730, 731, 732, 733, 734, 735, 736, 737, 738, 739, 740, 741, 742, 743, 744, 745, 746, 747, 748, 749, 750, 751, 752, 753, 754, 755, 756, 757, 758, 759, 760, 761, 762, 763, 764, 765, 766, 767, 768, 769, 770, 771, 772, 773, 774, 775, 776, 777, 778, 779, 780, 781, 782, 783, 784, 785, 786, 787, 788, 789, 790, 791, 792, 793]","[103, 104, 106, 117, 118, 120, 121, 127, 128, 129, 131, 133, 135, 136, 137, 139, 146, 147, 148, 149, 151, 158, 160, 162, 166, 173, 178, 179, 185, 190, 192, 198, 201, 203, 204, 206, 207, 212, 213, 214, 219, 223, 224, 225, 227, 230, 235, 237, 246, 247, 251, 256, 259, 262, 263, 266, 268, 269, 271, 272, 278, 279, 284, 285, 288, 290, 292, 304, 312, 316, 319, 320, 323, 324, 332, 574, 575, 588, 591, 592, 607, 608, 610, 618, 619, 620, 622, 632, 644, 649, 650, 656, 661, 663, 669, 674, 677, 683, 684, 687, 688, 689, 701, 710, 714, 723, 730, 731, 738, 747, 751, 762, 774, 778, 789]",[],"[103, 574]","[103, 104, 105, 106, 107, 108, 109, 110, 111, 112, 113, 114, 115, 116, 117, 118, 119, 120, 121, 122, 123, 124, 125, 126, 127, 128, 129, 130, 131, 132, 133, 134, 135, 136, 137, 138, 139, 140, 141, 142, 143, 144, 145, 146, 147, 148, 149, 150, 151, 152, 153, 154, 155, 156, 157, 158, 159, 160, 161, 162, 163, 164, 165, 166, 167, 168, 169, 170, 171, 172, 173, 174, 175, 176, 177, 178, 179, 180, 181, 182, 183, 184, 185, 186, 187, 188, 189, 190, 191, 192, 193, 194, 195, 196, 197, 198, 199, 200, 201, 202, 203, 204, 205, 206, 207, 208, 209, 210, 211, 212, 213, 214, 215, 216, 217, 218, 219, 220, 221, 222, 223, 224, 225, 226, 227, 228, 229, 230, 231, 232, 233, 234, 235, 236, 237, 238, 239, 240, 241, 242, 243, 244, 245, 246, 247, 248, 249, 250, 251, 252, 253, 254, 255, 256, 257, 258, 259, 260, 261, 262, 263, 264, 265, 266, 267, 268, 269, 270, 271, 272, 273, 274, 275, 276, 277, 278, 279, 280, 281, 282, 283, 284, 285, 286, 287, 288, 289, 290, 291, 292, 293, 294, 295, 296, 297, 298, 299, 300, 301, 302, 303, 304, 305, 306, 307, 308, 309, 310, 311, 312, 313, 314, 315, 316, 317, 318, 319, 320, 321, 322, 323, 324, 325, 326, 327, 328, 329, 330, 331, 332, 333, 334, 335, 336, 337, 378, 422, 574, 575, 576, 577, 578, 579, 580, 581, 582, 583, 584, 585, 586, 587, 588, 589, 590, 591, 592, 593, 594, 595, 596, 597, 598, 599, 600, 601, 602, 603, 604, 605, 606, 607, 608, 609, 610, 611, 612, 613, 614, 615, 616, 617, 618, 619, 620, 621, 622, 623, 624, 625, 626, 627, 628, 629, 630, 631, 632, 633, 634, 635, 636, 637, 638, 639, 640, 641, 642, 643, 644, 645, 646, 647, 648, 649, 650, 651, 652, 653, 654, 655, 656, 657, 658, 659, 660, 661, 662, 663, 664, 665, 666, 667, 668, 669, 670, 671, 672, 673, 674, 675, 676, 677, 678, 679, 680, 681, 682, 683, 684, 685, 686, 687, 688, 689, 690, 691, 692, 693, 694, 695, 696, 697, 698, 699, 700, 701, 702, 703, 704, 705, 706, 707, 708, 709, 710, 711, 712, 713, 714, 715, 716, 717, 718, 719, 720, 721, 722, 723, 724, 725, 726, 727, 728, 729, 730, 731, 732, 733, 734, 735, 736, 737, 738, 739, 740, 741, 742, 743, 744, 745, 746, 747, 748, 749, 750, 751, 752, 753, 754, 755, 756, 757, 758, 759, 760, 761, 762, 763, 764, 765, 766, 767, 768, 769, 770, 771, 772, 773, 774, 775, 776, 777, 778, 779, 780, 781, 782, 783, 784, 785, 786, 787, 788, 789, 790, 791, 792, 793, 828, 874]",True,"[103, 201, 292, 574, 751]","[103, 104, 105, 106, 107, 108, 109, 110, 111, 112, 113, 114, 115, 116, 117, 118, 119, 120, 121, 122, 123, 124, 125, 126, 127, 128, 129, 130, 131, 132, 133, 134, 135, 136, 137, 138, 139, 140, 141, 142, 143, 144, 145, 146, 147, 148, 149, 150, 151, 152, 153, 154, 155, 156, 157, 158, 159, 160, 161, 162, 163, 164, 165, 166, 167, 168, 169, 170, 171, 172, 173, 174, 175, 176, 177, 178, 179, 180, 181, 182, 183, 184, 185, 186, 187, 188, 189, 190, 191, 192, 193, 194, 195, 196, 197, 198, 199, 200, 201, 202, 203, 204, 205, 206, 207, 208, 209, 210, 211, 212, 213, 214, 215, 216, 217, 218, 219, 220, 221, 222, 223, 224, 225, 226, 227, 228, 229, 230, 231, 232, 233, 234, 235, 236, 237, 238, 239, 240, 241, 242, 243, 244, 245, 246, 247, 248, 249, 250, 251, 252, 253, 254, 255, 256, 257, 258, 259, 260, 261, 262, 263, 264, 265, 266, 267, 268, 269, 270, 271, 272, 273, 274, 275, 276, 277, 278, 279, 280, 281, 282, 283, 284, 285, 286, 287, 288, 289, 290, 291, 292, 293, 294, 295, 296, 297, 298, 299, 300, 301, 302, 303, 304, 305, 306, 307, 308, 309, 310, 311, 312, 313, 314, 315, 316, 317, 318, 319, 320, 321, 322, 323, 324, 325, 326, 327, 328, 329, 330, 331, 332, 333, 334, 335, 336, 337, 574, 575, 576, 577, 578, 579, 580, 581, 582, 583, 584, 585, 586, 587, 588, 589, 590, 591, 592, 593, 594, 595, 596, 597, 598, 599, 600, 601, 602, 603, 604, 605, 606, 607, 608, 609, 610, 611, 612, 613, 614, 615, 616, 617, 618, 619, 620, 621, 622, 623, 624, 625, 626, 627, 628, 629, 630, 631, 632, 633, 634, 635, 636, 637, 638, 639, 640, 641, 642, 643, 644, 645, 646, 647, 648, 649, 650, 651, 652, 653, 654, 655, 656, 657, 658, 659, 660, 661, 662, 663, 664, 665, 666, 667, 668, 669, 670, 671, 672, 673, 674, 675, 676, 677, 678, 679, 680, 681, 682, 683, 684, 685, 686, 687, 688, 689, 690, 691, 692, 693, 694, 695, 696, 697, 698, 699, 700, 701, 702, 703, 704, 705, 706, 707, 708, 709, 710, 711, 712, 713, 714, 715, 716, 717, 718, 719, 720, 721, 722, 723, 724, 725, 726, 727, 728, 729, 730, 731, 732, 733, 734, 735, 736, 737, 738, 739, 740, 741, 742, 743, 744, 745, 746, 747, 748, 749, 750, 751, 752, 753, 754, 755, 756, 757, 758, 759, 760, 761, 762, 763, 764, 765, 766, 767, 768, 769, 770, 771, 772, 773, 774, 775, 776, 777, 778, 779, 780, 781, 782, 783, 784, 785, 786, 787, 788, 789, 790, 791, 792, 793]","[103, 111, 127, 153, 162, 201, 226, 292, 574, 581, 598, 624, 634, 690, 751]","[198, 266, 316, 378, 422, 669, 774, 828, 874]","[103, 104, 106, 117, 118, 120, 121, 127, 128, 129, 131, 133, 135, 136, 137, 139, 146, 147, 148, 149, 151, 158, 160, 162, 166, 173, 178, 179, 185, 190, 192, 198, 201, 203, 204, 206, 207, 212, 213, 214, 219, 223, 224, 225, 227, 230, 235, 237, 246, 247, 251, 256, 259, 262, 263, 266, 268, 269, 271, 272, 278, 279, 284, 285, 288, 290, 292, 304, 312, 316, 319, 320, 323, 324, 332, 574, 575, 588, 591, 592, 607, 608, 610, 618, 619, 620, 622, 632, 644, 649, 650, 656, 661, 663, 669, 674, 677, 683, 684, 687, 688, 689, 701, 710, 714, 723, 730, 731, 738, 747, 751, 762, 774, 778, 789]","[103, 574]",[],7/6 successful match,True,"[289, 290]",True,308,False,,0.8714285714285714,True,24 X 7 Travel Plaza,
"Bakersfield , 93307 24 X 7 Travel Plaza",4 661-364-0630 CA 58 & CA 184 ( Weedpatch Hwy N ),HRS 24 <U+2610> <U+2610> <U+2610> <U+2610> <U+2610><U+2610>,Bakersfield,93307,24 X 7 Travel Plaza,661-364-0630,2008,Bakersfield,CA,,( Weedpatch Hwy N ),CA 58 & CA 184,empty,7,False,,False,CA 58,CA 184,,,,"[574, 103]","[103, 201, 292, 574, 751]","[103, 111, 127, 153, 162, 201, 226, 292, 574, 581, 598, 624, 634, 690, 751]","[198, 266, 316, 378, 422, 669, 774, 828, 874]","[103, 104, 105, 106, 107, 108, 109, 110, 111, 112, 113, 114, 115, 116, 117, 118, 119, 120, 121, 122, 123, 124, 125, 126, 127, 128, 129, 130, 131, 132, 133, 134, 135, 136, 137, 138, 139, 140, 141, 142, 143, 144, 145, 146, 147, 148, 149, 150, 151, 152, 153, 154, 155, 156, 157, 158, 159, 160, 161, 162, 163, 164, 165, 166, 167, 168, 169, 170, 171, 172, 173, 174, 175, 176, 177, 178, 179, 180, 181, 182, 183, 184, 185, 186, 187, 188, 189, 190, 191, 192, 193, 194, 195, 196, 197, 198, 199, 200, 201, 202, 203, 204, 205, 206, 207, 208, 209, 210, 211, 212, 213, 214, 215, 216, 217, 218, 219, 220, 221, 222, 223, 224, 225, 226, 227, 228, 229, 230, 231, 232, 233, 234, 235, 236, 237, 238, 239, 240, 241, 242, 243, 244, 245, 246, 247, 248, 249, 250, 251, 252, 253, 254, 255, 256, 257, 258, 259, 260, 261, 262, 263, 264, 265, 266, 267, 268, 269, 270, 271, 272, 273, 274, 275, 276, 277, 278, 279, 280, 281, 282, 283, 284, 285, 286, 287, 288, 289, 290, 291, 292, 293, 294, 295, 296, 297, 298, 299, 300, 301, 302, 303, 304, 305, 306, 307, 308, 309, 310, 311, 312, 313, 314, 315, 316, 317, 318, 319, 320, 321, 322, 323, 324, 325, 326, 327, 328, 329, 330, 331, 332, 333, 334, 335, 336, 337, 574, 575, 576, 577, 578, 579, 580, 581, 582, 583, 584, 585, 586, 587, 588, 589, 590, 591, 592, 593, 594, 595, 596, 597, 598, 599, 600, 601, 602, 603, 604, 605, 606, 607, 608, 609, 610, 611, 612, 613, 614, 615, 616, 617, 618, 619, 620, 621, 622, 623, 624, 625, 626, 627, 628, 629, 630, 631, 632, 633, 634, 635, 636, 637, 638, 639, 640, 641, 642, 643, 644, 645, 646, 647, 648, 649, 650, 651, 652, 653, 654, 655, 656, 657, 658, 659, 660, 661, 662, 663, 664, 665, 666, 667, 668, 669, 670, 671, 672, 673, 674, 675, 676, 677, 678, 679, 680, 681, 682, 683, 684, 685, 686, 687, 688, 689, 690, 691, 692, 693, 694, 695, 696, 697, 698, 699, 700, 701, 702, 703, 704, 705, 706, 707, 708, 709, 710, 711, 712, 713, 714, 715, 716, 717, 718, 719, 720, 721, 722, 723, 724, 725, 726, 727, 728, 729, 730, 731, 732, 733, 734, 735, 736, 737, 738, 739, 740, 741, 742, 743, 744, 745, 746, 747, 748, 749, 750, 751, 752, 753, 754, 755, 756, 757, 758, 759, 760, 761, 762, 763, 764, 765, 766, 767, 768, 769, 770, 771, 772, 773, 774, 775, 776, 777, 778, 779, 780, 781, 782, 783, 784, 785, 786, 787, 788, 789, 790, 791, 792, 793]","[103, 104, 106, 117, 118, 120, 121, 127, 128, 129, 131, 133, 135, 136, 137, 139, 146, 147, 148, 149, 151, 158, 160, 162, 166, 173, 178, 179, 185, 190, 192, 198, 201, 203, 204, 206, 207, 212, 213, 214, 219, 223, 224, 225, 227, 230, 235, 237, 246, 247, 251, 256, 259, 262, 263, 266, 268, 269, 271, 272, 278, 279, 284, 285, 288, 290, 292, 304, 312, 316, 319, 320, 323, 324, 332, 574, 575, 588, 591, 592, 607, 608, 610, 618, 619, 620, 622, 632, 644, 649, 650, 656, 661, 663, 669, 674, 677, 683, 684, 687, 688, 689, 701, 710, 714, 723, 730, 731, 738, 747, 751, 762, 774, 778, 789]",[],"[103, 574]","[103, 104, 105, 106, 107, 108, 109, 110, 111, 112, 113, 114, 115, 116, 117, 118, 119, 120, 121, 122, 123, 124, 125, 126, 127, 128, 129, 130, 131, 132, 133, 134, 135, 136, 137, 138, 139, 140, 141, 142, 143, 144, 145, 146, 147, 148, 149, 150, 151, 152, 153, 154, 155, 156, 157, 158, 159, 160, 161, 162, 163, 164, 165, 166, 167, 168, 169, 170, 171, 172, 173, 174, 175, 176, 177, 178, 179, 180, 181, 182, 183, 184, 185, 186, 187, 188, 189, 190, 191, 192, 193, 194, 195, 196, 197, 198, 199, 200, 201, 202, 203, 204, 205, 206, 207, 208, 209, 210, 211, 212, 213, 214, 215, 216, 217, 218, 219, 220, 221, 222, 223, 224, 225, 226, 227, 228, 229, 230, 231, 232, 233, 234, 235, 236, 237, 238, 239, 240, 241, 242, 243, 244, 245, 246, 247, 248, 249, 250, 251, 252, 253, 254, 255, 256, 257, 258, 259, 260, 261, 262, 263, 264, 265, 266, 267, 268, 269, 270, 271, 272, 273, 274, 275, 276, 277, 278, 279, 280, 281, 282, 283, 284, 285, 286, 287, 288, 289, 290, 291, 292, 293, 294, 295, 296, 297, 298, 299, 300, 301, 302, 303, 304, 305, 306, 307, 308, 309, 310, 311, 312, 313, 314, 315, 316, 317, 318, 319, 320, 321, 322, 323, 324, 325, 326, 327, 328, 329, 330, 331, 332, 333, 334, 335, 336, 337, 378, 422, 574, 575, 576, 577, 578, 579, 580, 581, 582, 583, 584, 585, 586, 587, 588, 589, 590, 591, 592, 593, 594, 595, 596, 597, 598, 599, 600, 601, 602, 603, 604, 605, 606, 607, 608, 609, 610, 611, 612, 613, 614, 615, 616, 617, 618, 619, 620, 621, 622, 623, 624, 625, 626, 627, 628, 629, 630, 631, 632, 633, 634, 635, 636, 637, 638, 639, 640, 641, 642, 643, 644, 645, 646, 647, 648, 649, 650, 651, 652, 653, 654, 655, 656, 657, 658, 659, 660, 661, 662, 663, 664, 665, 666, 667, 668, 669, 670, 671, 672, 673, 674, 675, 676, 677, 678, 679, 680, 681, 682, 683, 684, 685, 686, 687, 688, 689, 690, 691, 692, 693, 694, 695, 696, 697, 698, 699, 700, 701, 702, 703, 704, 705, 706, 707, 708, 709, 710, 711, 712, 713, 714, 715, 716, 717, 718, 719, 720, 721, 722, 723, 724, 725, 726, 727, 728, 729, 730, 731, 732, 733, 734, 735, 736, 737, 738, 739, 740, 741, 742, 743, 744, 745, 746, 747, 748, 749, 750, 751, 752, 753, 754, 755, 756, 757, 758, 759, 760, 761, 762, 763, 764, 765, 766, 767, 768, 769, 770, 771, 772, 773, 774, 775, 776, 777, 778, 779, 780, 781, 782, 783, 784, 785, 786, 787, 788, 789, 790, 791, 792, 793, 828, 874]",True,"[103, 201, 292, 574, 751]","[103, 104, 105, 106, 107, 108, 109, 110, 111, 112, 113, 114, 115, 116, 117, 118, 119, 120, 121, 122, 123, 124, 125, 126, 127, 128, 129, 130, 131, 132, 133, 134, 135, 136, 137, 138, 139, 140, 141, 142, 143, 144, 145, 146, 147, 148, 149, 150, 151, 152, 153, 154, 155, 156, 157, 158, 159, 160, 161, 162, 163, 164, 165, 166, 167, 168, 169, 170, 171, 172, 173, 174, 175, 176, 177, 178, 179, 180, 181, 182, 183, 184, 185, 186, 187, 188, 189, 190, 191, 192, 193, 194, 195, 196, 197, 198, 199, 200, 201, 202, 203, 204, 205, 206, 207, 208, 209, 210, 211, 212, 213, 214, 215, 216, 217, 218, 219, 220, 221, 222, 223, 224, 225, 226, 227, 228, 229, 230, 231, 232, 233, 234, 235, 236, 237, 238, 239, 240, 241, 242, 243, 244, 245, 246, 247, 248, 249, 250, 251, 252, 253, 254, 255, 256, 257, 258, 259, 260, 261, 262, 263, 264, 265, 266, 267, 268, 269, 270, 271, 272, 273, 274, 275, 276, 277, 278, 279, 280, 281, 282, 283, 284, 285, 286, 287, 288, 289, 290, 291, 292, 293, 294, 295, 296, 297, 298, 299, 300, 301, 302, 303, 304, 305, 306, 307, 308, 309, 310, 311, 312, 313, 314, 315, 316, 317, 318, 319, 320, 321, 322, 323, 324, 325, 326, 327, 328, 329, 330, 331, 332, 333, 334, 335, 336, 337, 574, 575, 576, 577, 578, 579, 580, 581, 582, 583, 584, 585, 586, 587, 588, 589, 590, 591, 592, 593, 594, 595, 596, 597, 598, 599, 600, 601, 602, 603, 604, 605, 606, 607, 608, 609, 610, 611, 612, 613, 614, 615, 616, 617, 618, 619, 620, 621, 622, 623, 624, 625, 626, 627, 628, 629, 630, 631, 632, 633, 634, 635, 636, 637, 638, 639, 640, 641, 642, 643, 644, 645, 646, 647, 648, 649, 650, 651, 652, 653, 654, 655, 656, 657, 658, 659, 660, 661, 662, 663, 664, 665, 666, 667, 668, 669, 670, 671, 672, 673, 674, 675, 676, 677, 678, 679, 680, 681, 682, 683, 684, 685, 686, 687, 688, 689, 690, 691, 692, 693, 694, 695, 696, 697, 698, 699, 700, 701, 702, 703, 704, 705, 706, 707, 708, 709, 710, 711, 712, 713, 714, 715, 716, 717, 718, 719, 720, 721, 722, 723, 724, 725, 726, 727, 728, 729, 730, 731, 732, 733, 734, 735, 736, 737, 738, 739, 740, 741, 742, 743, 744, 745, 746, 747, 748, 749, 750, 751, 752, 753, 754, 755, 756, 757, 758, 759, 760, 761, 762, 763, 764, 765, 766, 767, 768, 769, 770, 771, 772, 773, 774, 775, 776, 777, 778, 779, 780, 781, 782, 783, 784, 785, 786, 787, 788, 789, 790, 791, 792, 793]","[103, 111, 127, 153, 162, 201, 226, 292, 574, 581, 598, 624, 634, 690, 751]","[198, 266, 316, 378, 422, 669, 774, 828, 874]","[103, 104, 106, 117, 118, 120, 121, 127, 128, 129, 131, 133, 135, 136, 137, 139, 146, 147, 148, 149, 151, 158, 160, 162, 166, 173, 178, 179, 185, 190, 192, 198, 201, 203, 204, 206, 207, 212, 213, 214, 219, 223, 224, 225, 227, 230, 235, 237, 246, 247, 251, 256, 259, 262, 263, 266, 268, 269, 271, 272, 278, 279, 284, 285, 288, 290, 292, 304, 312, 316, 319, 320, 323, 324, 332, 574, 575, 588, 591, 592, 607, 608, 610, 618, 619, 620, 622, 632, 644, 649, 650, 656, 661, 663, 669, 674, 677, 683, 684, 687, 688, 689, 701, 710, 714, 723, 730, 731, 738, 747, 751, 762, 774, 778, 789]","[103, 574]",[],7/6 successful match,True,"[289, 290]",True,308,False,,0.8714285714285714,True,24 X 7 Travel Plaza N ),
G Bakersfield ( 93307 ) 24 X 7 Travel Plaza,4 661-364-0630 CA 58 Exit 117 ( CA 184 N ),24 LO,Bakersfield,93307,24 X 7 Travel Plaza,661-364-0630,2014,Bakersfield,CA,,( CA 184 N ),CA 58 Exit 117 ,Exit,117,False,,False,CA 58,,,,,"[574, 103]","[103, 201, 292, 574, 751]","[103, 111, 127, 153, 162, 201, 226, 292, 574, 581, 598, 624, 634, 690, 751]","[103, 292, 574, 751]","[103, 104, 105, 106, 107, 108, 109, 110, 111, 112, 113, 114, 115, 116, 117, 118, 119, 120, 121, 122, 123, 124, 125, 126, 127, 128, 129, 130, 131, 132, 133, 134, 135, 136, 137, 138, 139, 140, 141, 142, 143, 144, 145, 146, 147, 148, 149, 150, 151, 152, 153, 154, 155, 156, 157, 158, 159, 160, 161, 162, 163, 164, 165, 166, 167, 168, 169, 170, 171, 172, 173, 174, 175, 176, 177, 178, 179, 180, 181, 182, 183, 184, 185, 186, 187, 188, 189, 190, 191, 192, 193, 194, 195, 196, 197, 198, 199, 200, 201, 202, 203, 204, 205, 206, 207, 208, 209, 210, 211, 212, 213, 214, 215, 216, 217, 218, 219, 220, 221, 222, 223, 224, 225, 226, 227, 228, 229, 230, 231, 232, 233, 234, 235, 236, 237, 238, 239, 240, 241, 242, 243, 244, 245, 246, 247, 248, 249, 250, 251, 252, 253, 254, 255, 256, 257, 258, 259, 260, 261, 262, 263, 264, 265, 266, 267, 268, 269, 270, 271, 272, 273, 274, 275, 276, 277, 278, 279, 280, 281, 282, 283, 284, 285, 286, 287, 288, 289, 290, 291, 292, 293, 294, 295, 296, 297, 298, 299, 300, 301, 302, 303, 304, 305, 306, 307, 308, 309, 310, 311, 312, 313, 314, 315, 316, 317, 318, 319, 320, 321, 322, 323, 324, 325, 326, 327, 328, 329, 330, 331, 332, 333, 334, 335, 336, 337, 574, 575, 576, 577, 578, 579, 580, 581, 582, 583, 584, 585, 586, 587, 588, 589, 590, 591, 592, 593, 594, 595, 596, 597, 598, 599, 600, 601, 602, 603, 604, 605, 606, 607, 608, 609, 610, 611, 612, 613, 614, 615, 616, 617, 618, 619, 620, 621, 622, 623, 624, 625, 626, 627, 628, 629, 630, 631, 632, 633, 634, 635, 636, 637, 638, 639, 640, 641, 642, 643, 644, 645, 646, 647, 648, 649, 650, 651, 652, 653, 654, 655, 656, 657, 658, 659, 660, 661, 662, 663, 664, 665, 666, 667, 668, 669, 670, 671, 672, 673, 674, 675, 676, 677, 678, 679, 680, 681, 682, 683, 684, 685, 686, 687, 688, 689, 690, 691, 692, 693, 694, 695, 696, 697, 698, 699, 700, 701, 702, 703, 704, 705, 706, 707, 708, 709, 710, 711, 712, 713, 714, 715, 716, 717, 718, 719, 720, 721, 722, 723, 724, 725, 726, 727, 728, 729, 730, 731, 732, 733, 734, 735, 736, 737, 738, 739, 740, 741, 742, 743, 744, 745, 746, 747, 748, 749, 750, 751, 752, 753, 754, 755, 756, 757, 758, 759, 760, 761, 762, 763, 764, 765, 766, 767, 768, 769, 770, 771, 772, 773, 774, 775, 776, 777, 778, 779, 780, 781, 782, 783, 784, 785, 786, 787, 788, 789, 790, 791, 792, 793]","[103, 104, 106, 117, 118, 120, 121, 127, 128, 129, 131, 133, 135, 136, 137, 139, 146, 147, 148, 149, 151, 158, 160, 162, 166, 173, 178, 179, 185, 190, 192, 198, 201, 203, 204, 206, 207, 212, 213, 214, 219, 223, 224, 225, 227, 230, 235, 237, 246, 247, 251, 256, 259, 262, 263, 266, 268, 269, 271, 272, 278, 279, 284, 285, 288, 290, 292, 304, 312, 316, 319, 320, 323, 324, 332, 574, 575, 588, 591, 592, 607, 608, 610, 618, 619, 620, 622, 632, 644, 649, 650, 656, 661, 663, 669, 674, 677, 683, 684, 687, 688, 689, 701, 710, 714, 723, 730, 731, 738, 747, 751, 762, 774, 778, 789]",[],"[103, 574]","[103, 104, 105, 106, 107, 108, 109, 110, 111, 112, 113, 114, 115, 116, 117, 118, 119, 120, 121, 122, 123, 124, 125, 126, 127, 128, 129, 130, 131, 132, 133, 134, 135, 136, 137, 138, 139, 140, 141, 142, 143, 144, 145, 146, 147, 148, 149, 150, 151, 152, 153, 154, 155, 156, 157, 158, 159, 160, 161, 162, 163, 164, 165, 166, 167, 168, 169, 170, 171, 172, 173, 174, 175, 176, 177, 178, 179, 180, 181, 182, 183, 184, 185, 186, 187, 188, 189, 190, 191, 192, 193, 194, 195, 196, 197, 198, 199, 200, 201, 202, 203, 204, 205, 206, 207, 208, 209, 210, 211, 212, 213, 214, 215, 216, 217, 218, 219, 220, 221, 222, 223, 224, 225, 226, 227, 228, 229, 230, 231, 232, 233, 234, 235, 236, 237, 238, 239, 240, 241, 242, 243, 244, 245, 246, 247, 248, 249, 250, 251, 252, 253, 254, 255, 256, 257, 258, 259, 260, 261, 262, 263, 264, 265, 266, 267, 268, 269, 270, 271, 272, 273, 274, 275, 276, 277, 278, 279, 280, 281, 282, 283, 284, 285, 286, 287, 288, 289, 290, 291, 292, 293, 294, 295, 296, 297, 298, 299, 300, 301, 302, 303, 304, 305, 306, 307, 308, 309, 310, 311, 312, 313, 314, 315, 316, 317, 318, 319, 320, 321, 322, 323, 324, 325, 326, 327, 328, 329, 330, 331, 332, 333, 334, 335, 336, 337, 574, 575, 576, 577, 578, 579, 580, 581, 582, 583, 584, 585, 586, 587, 588, 589, 590, 591, 592, 593, 594, 595, 596, 597, 598, 599, 600, 601, 602, 603, 604, 605, 606, 607, 608, 609, 610, 611, 612, 613, 614, 615, 616, 617, 618, 619, 620, 621, 622, 623, 624, 625, 626, 627, 628, 629, 630, 631, 632, 633, 634, 635, 636, 637, 638, 639, 640, 641, 642, 643, 644, 645, 646, 647, 648, 649, 650, 651, 652, 653, 654, 655, 656, 657, 658, 659, 660, 661, 662, 663, 664, 665, 666, 667, 668, 669, 670, 671, 672, 673, 674, 675, 676, 677, 678, 679, 680, 681, 682, 683, 684, 685, 686, 687, 688, 689, 690, 691, 692, 693, 694, 695, 696, 697, 698, 699, 700, 701, 702, 703, 704, 705, 706, 707, 708, 709, 710, 711, 712, 713, 714, 715, 716, 717, 718, 719, 720, 721, 722, 723, 724, 725, 726, 727, 728, 729, 730, 731, 732, 733, 734, 735, 736, 737, 738, 739, 740, 741, 742, 743, 744, 745, 746, 747, 748, 749, 750, 751, 752, 753, 754, 755, 756, 757, 758, 759, 760, 761, 762, 763, 764, 765, 766, 767, 768, 769, 770, 771, 772, 773, 774, 775, 776, 777, 778, 779, 780, 781, 782, 783, 784, 785, 786, 787, 788, 789, 790, 791, 792, 793]",True,"[103, 201, 292, 574, 751]","[103, 104, 105, 106, 107, 108, 109, 110, 111, 112, 113, 114, 115, 116, 117, 118, 119, 120, 121, 122, 123, 124, 125, 126, 127, 128, 129, 130, 131, 132, 133, 134, 135, 136, 137, 138, 139, 140, 141, 142, 143, 144, 145, 146, 147, 148, 149, 150, 151, 152, 153, 154, 155, 156, 157, 158, 159, 160, 161, 162, 163, 164, 165, 166, 167, 168, 169, 170, 171, 172, 173, 174, 175, 176, 177, 178, 179, 180, 181, 182, 183, 184, 185, 186, 187, 188, 189, 190, 191, 192, 193, 194, 195, 196, 197, 198, 199, 200, 201, 202, 203, 204, 205, 206, 207, 208, 209, 210, 211, 212, 213, 214, 215, 216, 217, 218, 219, 220, 221, 222, 223, 224, 225, 226, 227, 228, 229, 230, 231, 232, 233, 234, 235, 236, 237, 238, 239, 240, 241, 242, 243, 244, 245, 246, 247, 248, 249, 250, 251, 252, 253, 254, 255, 256, 257, 258, 259, 260, 261, 262, 263, 264, 265, 266, 267, 268, 269, 270, 271, 272, 273, 274, 275, 276, 277, 278, 279, 280, 281, 282, 283, 284, 285, 286, 287, 288, 289, 290, 291, 292, 293, 294, 295, 296, 297, 298, 299, 300, 301, 302, 303, 304, 305, 306, 307, 308, 309, 310, 311, 312, 313, 314, 315, 316, 317, 318, 319, 320, 321, 322, 323, 324, 325, 326, 327, 328, 329, 330, 331, 332, 333, 334, 335, 336, 337, 574, 575, 576, 577, 578, 579, 580, 581, 582, 583, 584, 585, 586, 587, 588, 589, 590, 591, 592, 593, 594, 595, 596, 597, 598, 599, 600, 601, 602, 603, 604, 605, 606, 607, 608, 609, 610, 611, 612, 613, 614, 615, 616, 617, 618, 619, 620, 621, 622, 623, 624, 625, 626, 627, 628, 629, 630, 631, 632, 633, 634, 635, 636, 637, 638, 639, 640, 641, 642, 643, 644, 645, 646, 647, 648, 649, 650, 651, 652, 653, 654, 655, 656, 657, 658, 659, 660, 661, 662, 663, 664, 665, 666, 667, 668, 669, 670, 671, 672, 673, 674, 675, 676, 677, 678, 679, 680, 681, 682, 683, 684, 685, 686, 687, 688, 689, 690, 691, 692, 693, 694, 695, 696, 697, 698, 699, 700, 701, 702, 703, 704, 705, 706, 707, 708, 709, 710, 711, 712, 713, 714, 715, 716, 717, 718, 719, 720, 721, 722, 723, 724, 725, 726, 727, 728, 729, 730, 731, 732, 733, 734, 735, 736, 737, 738, 739, 740, 741, 742, 743, 744, 745, 746, 747, 748, 749, 750, 751, 752, 753, 754, 755, 756, 757, 758, 759, 760, 761, 762, 763, 764, 765, 766, 767, 768, 769, 770, 771, 772, 773, 774, 775, 776, 777, 778, 779, 780, 781, 782, 783, 784, 785, 786, 787, 788, 789, 790, 791, 792, 793]","[103, 111, 127, 153, 162, 201, 226, 292, 574, 581, 598, 624, 634, 690, 751]","[103, 292, 574, 751]","[103, 104, 106, 117, 118, 120, 121, 127, 128, 129, 131, 133, 135, 136, 137, 139, 146, 147, 148, 149, 151, 158, 160, 162, 166, 173, 178, 179, 185, 190, 192, 198, 201, 203, 204, 206, 207, 212, 213, 214, 219, 223, 224, 225, 227, 230, 235, 237, 246, 247, 251, 256, 259, 262, 263, 266, 268, 269, 271, 272, 278, 279, 284, 285, 288, 290, 292, 304, 312, 316, 319, 320, 323, 324, 332, 574, 575, 588, 591, 592, 607, 608, 610, 618, 619, 620, 622, 632, 644, 649, 650, 656, 661, 663, 669, 674, 677, 683, 684, 687, 688, 689, 701, 710, 714, 723, 730, 731, 738, 747, 751, 762, 774, 778, 789]","[103, 574]",[],7/6 successful match,True,"[289, 290]",True,308,False,,0.8999999999999999,True,24 X 7 Travel Plaza,
G Bakersfield ( 93307 ) 24 X 7 Travel Plaza S ),4 661-364-0630 CA 58 Exit 117 ( CA 184 N ),23 24,Bakersfield,93307,24 X 7 Travel Plaza S ),661-364-0630,2015,Bakersfield,CA,,( CA 184 N ),CA 58 Exit 117 ,Exit,117,False,,False,CA 58,,,,,"[574, 103]","[103, 201, 292, 574, 751]","[103, 111, 127, 153, 162, 201, 226, 292, 574, 581, 598, 624, 634, 690, 751]","[103, 292, 574, 751]","[103, 104, 105, 106, 107, 108, 109, 110, 111, 112, 113, 114, 115, 116, 117, 118, 119, 120, 121, 122, 123, 124, 125, 126, 127, 128, 129, 130, 131, 132, 133, 134, 135, 136, 137, 138, 139, 140, 141, 142, 143, 144, 145, 146, 147, 148, 149, 150, 151, 152, 153, 154, 155, 156, 157, 158, 159, 160, 161, 162, 163, 164, 165, 166, 167, 168, 169, 170, 171, 172, 173, 174, 175, 176, 177, 178, 179, 180, 181, 182, 183, 184, 185, 186, 187, 188, 189, 190, 191, 192, 193, 194, 195, 196, 197, 198, 199, 200, 201, 202, 203, 204, 205, 206, 207, 208, 209, 210, 211, 212, 213, 214, 215, 216, 217, 218, 219, 220, 221, 222, 223, 224, 225, 226, 227, 228, 229, 230, 231, 232, 233, 234, 235, 236, 237, 238, 239, 240, 241, 242, 243, 244, 245, 246, 247, 248, 249, 250, 251, 252, 253, 254, 255, 256, 257, 258, 259, 260, 261, 262, 263, 264, 265, 266, 267, 268, 269, 270, 271, 272, 273, 274, 275, 276, 277, 278, 279, 280, 281, 282, 283, 284, 285, 286, 287, 288, 289, 290, 291, 292, 293, 294, 295, 296, 297, 298, 299, 300, 301, 302, 303, 304, 305, 306, 307, 308, 309, 310, 311, 312, 313, 314, 315, 316, 317, 318, 319, 320, 321, 322, 323, 324, 325, 326, 327, 328, 329, 330, 331, 332, 333, 334, 335, 336, 337, 574, 575, 576, 577, 578, 579, 580, 581, 582, 583, 584, 585, 586, 587, 588, 589, 590, 591, 592, 593, 594, 595, 596, 597, 598, 599, 600, 601, 602, 603, 604, 605, 606, 607, 608, 609, 610, 611, 612, 613, 614, 615, 616, 617, 618, 619, 620, 621, 622, 623, 624, 625, 626, 627, 628, 629, 630, 631, 632, 633, 634, 635, 636, 637, 638, 639, 640, 641, 642, 643, 644, 645, 646, 647, 648, 649, 650, 651, 652, 653, 654, 655, 656, 657, 658, 659, 660, 661, 662, 663, 664, 665, 666, 667, 668, 669, 670, 671, 672, 673, 674, 675, 676, 677, 678, 679, 680, 681, 682, 683, 684, 685, 686, 687, 688, 689, 690, 691, 692, 693, 694, 695, 696, 697, 698, 699, 700, 701, 702, 703, 704, 705, 706, 707, 708, 709, 710, 711, 712, 713, 714, 715, 716, 717, 718, 719, 720, 721, 722, 723, 724, 725, 726, 727, 728, 729, 730, 731, 732, 733, 734, 735, 736, 737, 738, 739, 740, 741, 742, 743, 744, 745, 746, 747, 748, 749, 750, 751, 752, 753, 754, 755, 756, 757, 758, 759, 760, 761, 762, 763, 764, 765, 766, 767, 768, 769, 770, 771, 772, 773, 774, 775, 776, 777, 778, 779, 780, 781, 782, 783, 784, 785, 786, 787, 788, 789, 790, 791, 792, 793]","[103, 104, 106, 117, 118, 120, 121, 127, 128, 129, 131, 133, 135, 136, 137, 139, 146, 147, 148, 149, 151, 158, 160, 162, 166, 173, 178, 179, 185, 190, 192, 198, 201, 203, 204, 206, 207, 212, 213, 214, 219, 223, 224, 225, 227, 230, 235, 237, 246, 247, 251, 256, 259, 262, 263, 266, 268, 269, 271, 272, 278, 279, 284, 285, 288, 290, 292, 304, 312, 316, 319, 320, 323, 324, 332, 574, 575, 588, 591, 592, 607, 608, 610, 618, 619, 620, 622, 632, 644, 649, 650, 656, 661, 663, 669, 674, 677, 683, 684, 687, 688, 689, 701, 710, 714, 723, 730, 731, 738, 747, 751, 762, 774, 778, 789]",[],"[103, 574]","[103, 104, 105, 106, 107, 108, 109, 110, 111, 112, 113, 114, 115, 116, 117, 118, 119, 120, 121, 122, 123, 124, 125, 126, 127, 128, 129, 130, 131, 132, 133, 134, 135, 136, 137, 138, 139, 140, 141, 142, 143, 144, 145, 146, 147, 148, 149, 150, 151, 152, 153, 154, 155, 156, 157, 158, 159, 160, 161, 162, 163, 164, 165, 166, 167, 168, 169, 170, 171, 172, 173, 174, 175, 176, 177, 178, 179, 180, 181, 182, 183, 184, 185, 186, 187, 188, 189, 190, 191, 192, 193, 194, 195, 196, 197, 198, 199, 200, 201, 202, 203, 204, 205, 206, 207, 208, 209, 210, 211, 212, 213, 214, 215, 216, 217, 218, 219, 220, 221, 222, 223, 224, 225, 226, 227, 228, 229, 230, 231, 232, 233, 234, 235, 236, 237, 238, 239, 240, 241, 242, 243, 244, 245, 246, 247, 248, 249, 250, 251, 252, 253, 254, 255, 256, 257, 258, 259, 260, 261, 262, 263, 264, 265, 266, 267, 268, 269, 270, 271, 272, 273, 274, 275, 276, 277, 278, 279, 280, 281, 282, 283, 284, 285, 286, 287, 288, 289, 290, 291, 292, 293, 294, 295, 296, 297, 298, 299, 300, 301, 302, 303, 304, 305, 306, 307, 308, 309, 310, 311, 312, 313, 314, 315, 316, 317, 318, 319, 320, 321, 322, 323, 324, 325, 326, 327, 328, 329, 330, 331, 332, 333, 334, 335, 336, 337, 574, 575, 576, 577, 578, 579, 580, 581, 582, 583, 584, 585, 586, 587, 588, 589, 590, 591, 592, 593, 594, 595, 596, 597, 598, 599, 600, 601, 602, 603, 604, 605, 606, 607, 608, 609, 610, 611, 612, 613, 614, 615, 616, 617, 618, 619, 620, 621, 622, 623, 624, 625, 626, 627, 628, 629, 630, 631, 632, 633, 634, 635, 636, 637, 638, 639, 640, 641, 642, 643, 644, 645, 646, 647, 648, 649, 650, 651, 652, 653, 654, 655, 656, 657, 658, 659, 660, 661, 662, 663, 664, 665, 666, 667, 668, 669, 670, 671, 672, 673, 674, 675, 676, 677, 678, 679, 680, 681, 682, 683, 684, 685, 686, 687, 688, 689, 690, 691, 692, 693, 694, 695, 696, 697, 698, 699, 700, 701, 702, 703, 704, 705, 706, 707, 708, 709, 710, 711, 712, 713, 714, 715, 716, 717, 718, 719, 720, 721, 722, 723, 724, 725, 726, 727, 728, 729, 730, 731, 732, 733, 734, 735, 736, 737, 738, 739, 740, 741, 742, 743, 744, 745, 746, 747, 748, 749, 750, 751, 752, 753, 754, 755, 756, 757, 758, 759, 760, 761, 762, 763, 764, 765, 766, 767, 768, 769, 770, 771, 772, 773, 774, 775, 776, 777, 778, 779, 780, 781, 782, 783, 784, 785, 786, 787, 788, 789, 790, 791, 792, 793]",True,"[103, 201, 292, 574, 751]","[103, 104, 105, 106, 107, 108, 109, 110, 111, 112, 113, 114, 115, 116, 117, 118, 119, 120, 121, 122, 123, 124, 125, 126, 127, 128, 129, 130, 131, 132, 133, 134, 135, 136, 137, 138, 139, 140, 141, 142, 143, 144, 145, 146, 147, 148, 149, 150, 151, 152, 153, 154, 155, 156, 157, 158, 159, 160, 161, 162, 163, 164, 165, 166, 167, 168, 169, 170, 171, 172, 173, 174, 175, 176, 177, 178, 179, 180, 181, 182, 183, 184, 185, 186, 187, 188, 189, 190, 191, 192, 193, 194, 195, 196, 197, 198, 199, 200, 201, 202, 203, 204, 205, 206, 207, 208, 209, 210, 211, 212, 213, 214, 215, 216, 217, 218, 219, 220, 221, 222, 223, 224, 225, 226, 227, 228, 229, 230, 231, 232, 233, 234, 235, 236, 237, 238, 239, 240, 241, 242, 243, 244, 245, 246, 247, 248, 249, 250, 251, 252, 253, 254, 255, 256, 257, 258, 259, 260, 261, 262, 263, 264, 265, 266, 267, 268, 269, 270, 271, 272, 273, 274, 275, 276, 277, 278, 279, 280, 281, 282, 283, 284, 285, 286, 287, 288, 289, 290, 291, 292, 293, 294, 295, 296, 297, 298, 299, 300, 301, 302, 303, 304, 305, 306, 307, 308, 309, 310, 311, 312, 313, 314, 315, 316, 317, 318, 319, 320, 321, 322, 323, 324, 325, 326, 327, 328, 329, 330, 331, 332, 333, 334, 335, 336, 337, 574, 575, 576, 577, 578, 579, 580, 581, 582, 583, 584, 585, 586, 587, 588, 589, 590, 591, 592, 593, 594, 595, 596, 597, 598, 599, 600, 601, 602, 603, 604, 605, 606, 607, 608, 609, 610, 611, 612, 613, 614, 615, 616, 617, 618, 619, 620, 621, 622, 623, 624, 625, 626, 627, 628, 629, 630, 631, 632, 633, 634, 635, 636, 637, 638, 639, 640, 641, 642, 643, 644, 645, 646, 647, 648, 649, 650, 651, 652, 653, 654, 655, 656, 657, 658, 659, 660, 661, 662, 663, 664, 665, 666, 667, 668, 669, 670, 671, 672, 673, 674, 675, 676, 677, 678, 679, 680, 681, 682, 683, 684, 685, 686, 687, 688, 689, 690, 691, 692, 693, 694, 695, 696, 697, 698, 699, 700, 701, 702, 703, 704, 705, 706, 707, 708, 709, 710, 711, 712, 713, 714, 715, 716, 717, 718, 719, 720, 721, 722, 723, 724, 725, 726, 727, 728, 729, 730, 731, 732, 733, 734, 735, 736, 737, 738, 739, 740, 741, 742, 743, 744, 745, 746, 747, 748, 749, 750, 751, 752, 753, 754, 755, 756, 757, 758, 759, 760, 761, 762, 763, 764, 765, 766, 767, 768, 769, 770, 771, 772, 773, 774, 775, 776, 777, 778, 779, 780, 781, 782, 783, 784, 785, 786, 787, 788, 789, 790, 791, 792, 793]","[103, 111, 127, 153, 162, 201, 226, 292, 574, 581, 598, 624, 634, 690, 751]","[103, 292, 574, 751]","[103, 104, 106, 117, 118, 120, 121, 127, 128, 129, 131, 133, 135, 136, 137, 139, 146, 147, 148, 149, 151, 158, 160, 162, 166, 173, 178, 179, 185, 190, 192, 198, 201, 203, 204, 206, 207, 212, 213, 214, 219, 223, 224, 225, 227, 230, 235, 237, 246, 247, 251, 256, 259, 262, 263, 266, 268, 269, 271, 272, 278, 279, 284, 285, 288, 290, 292, 304, 312, 316, 319, 320, 323, 324, 332, 574, 575, 588, 591, 592, 607, 608, 610, 618, 619, 620, 622, 632, 644, 649, 650, 656, 661, 663, 669, 674, 677, 683, 684, 687, 688, 689, 701, 710, 714, 723, 730, 731, 738, 747, 751, 762, 774, 778, 789]","[103, 574]",[],7/6 successful match,True,"[289, 290]",True,308,False,,0.8714285714285714,True,24 X 7 Travel Plaza,
G Bakersfield ( 93307 ) 24 X 7 Travel Plaza,4 661-364-0630 CA 58 Exit 117 ( CA 184 N ),24 <U+2610> <U+25A1>,Bakersfield,93307,24 X 7 Travel Plaza,661-364-0630,2016,Bakersfield,CA,,( CA 184 N ),CA 58 Exit 117 ,Exit,117,False,,False,CA 58,,,,,"[574, 103]","[103, 201, 292, 574, 751]","[103, 111, 127, 153, 162, 201, 226, 292, 574, 581, 598, 624, 634, 690, 751]","[103, 292, 574, 751]","[103, 104, 105, 106, 107, 108, 109, 110, 111, 112, 113, 114, 115, 116, 117, 118, 119, 120, 121, 122, 123, 124, 125, 126, 127, 128, 129, 130, 131, 132, 133, 134, 135, 136, 137, 138, 139, 140, 141, 142, 143, 144, 145, 146, 147, 148, 149, 150, 151, 152, 153, 154, 155, 156, 157, 158, 159, 160, 161, 162, 163, 164, 165, 166, 167, 168, 169, 170, 171, 172, 173, 174, 175, 176, 177, 178, 179, 180, 181, 182, 183, 184, 185, 186, 187, 188, 189, 190, 191, 192, 193, 194, 195, 196, 197, 198, 199, 200, 201, 202, 203, 204, 205, 206, 207, 208, 209, 210, 211, 212, 213, 214, 215, 216, 217, 218, 219, 220, 221, 222, 223, 224, 225, 226, 227, 228, 229, 230, 231, 232, 233, 234, 235, 236, 237, 238, 239, 240, 241, 242, 243, 244, 245, 246, 247, 248, 249, 250, 251, 252, 253, 254, 255, 256, 257, 258, 259, 260, 261, 262, 263, 264, 265, 266, 267, 268, 269, 270, 271, 272, 273, 274, 275, 276, 277, 278, 279, 280, 281, 282, 283, 284, 285, 286, 287, 288, 289, 290, 291, 292, 293, 294, 295, 296, 297, 298, 299, 300, 301, 302, 303, 304, 305, 306, 307, 308, 309, 310, 311, 312, 313, 314, 315, 316, 317, 318, 319, 320, 321, 322, 323, 324, 325, 326, 327, 328, 329, 330, 331, 332, 333, 334, 335, 336, 337, 574, 575, 576, 577, 578, 579, 580, 581, 582, 583, 584, 585, 586, 587, 588, 589, 590, 591, 592, 593, 594, 595, 596, 597, 598, 599, 600, 601, 602, 603, 604, 605, 606, 607, 608, 609, 610, 611, 612, 613, 614, 615, 616, 617, 618, 619, 620, 621, 622, 623, 624, 625, 626, 627, 628, 629, 630, 631, 632, 633, 634, 635, 636, 637, 638, 639, 640, 641, 642, 643, 644, 645, 646, 647, 648, 649, 650, 651, 652, 653, 654, 655, 656, 657, 658, 659, 660, 661, 662, 663, 664, 665, 666, 667, 668, 669, 670, 671, 672, 673, 674, 675, 676, 677, 678, 679, 680, 681, 682, 683, 684, 685, 686, 687, 688, 689, 690, 691, 692, 693, 694, 695, 696, 697, 698, 699, 700, 701, 702, 703, 704, 705, 706, 707, 708, 709, 710, 711, 712, 713, 714, 715, 716, 717, 718, 719, 720, 721, 722, 723, 724, 725, 726, 727, 728, 729, 730, 731, 732, 733, 734, 735, 736, 737, 738, 739, 740, 741, 742, 743, 744, 745, 746, 747, 748, 749, 750, 751, 752, 753, 754, 755, 756, 757, 758, 759, 760, 761, 762, 763, 764, 765, 766, 767, 768, 769, 770, 771, 772, 773, 774, 775, 776, 777, 778, 779, 780, 781, 782, 783, 784, 785, 786, 787, 788, 789, 790, 791, 792, 793]","[103, 104, 106, 117, 118, 120, 121, 127, 128, 129, 131, 133, 135, 136, 137, 139, 146, 147, 148, 149, 151, 158, 160, 162, 166, 173, 178, 179, 185, 190, 192, 198, 201, 203, 204, 206, 207, 212, 213, 214, 219, 223, 224, 225, 227, 230, 235, 237, 246, 247, 251, 256, 259, 262, 263, 266, 268, 269, 271, 272, 278, 279, 284, 285, 288, 290, 292, 304, 312, 316, 319, 320, 323, 324, 332, 574, 575, 588, 591, 592, 607, 608, 610, 618, 619, 620, 622, 632, 644, 649, 650, 656, 661, 663, 669, 674, 677, 683, 684, 687, 688, 689, 701, 710, 714, 723, 730, 731, 738, 747, 751, 762, 774, 778, 789]",[],"[103, 574]","[103, 104, 105, 106, 107, 108, 109, 110, 111, 112, 113, 114, 115, 116, 117, 118, 119, 120, 121, 122, 123, 124, 125, 126, 127, 128, 129, 130, 131, 132, 133, 134, 135, 136, 137, 138, 139, 140, 141, 142, 143, 144, 145, 146, 147, 148, 149, 150, 151, 152, 153, 154, 155, 156, 157, 158, 159, 160, 161, 162, 163, 164, 165, 166, 167, 168, 169, 170, 171, 172, 173, 174, 175, 176, 177, 178, 179, 180, 181, 182, 183, 184, 185, 186, 187, 188, 189, 190, 191, 192, 193, 194, 195, 196, 197, 198, 199, 200, 201, 202, 203, 204, 205, 206, 207, 208, 209, 210, 211, 212, 213, 214, 215, 216, 217, 218, 219, 220, 221, 222, 223, 224, 225, 226, 227, 228, 229, 230, 231, 232, 233, 234, 235, 236, 237, 238, 239, 240, 241, 242, 243, 244, 245, 246, 247, 248, 249, 250, 251, 252, 253, 254, 255, 256, 257, 258, 259, 260, 261, 262, 263, 264, 265, 266, 267, 268, 269, 270, 271, 272, 273, 274, 275, 276, 277, 278, 279, 280, 281, 282, 283, 284, 285, 286, 287, 288, 289, 290, 291, 292, 293, 294, 295, 296, 297, 298, 299, 300, 301, 302, 303, 304, 305, 306, 307, 308, 309, 310, 311, 312, 313, 314, 315, 316, 317, 318, 319, 320, 321, 322, 323, 324, 325, 326, 327, 328, 329, 330, 331, 332, 333, 334, 335, 336, 337, 574, 575, 576, 577, 578, 579, 580, 581, 582, 583, 584, 585, 586, 587, 588, 589, 590, 591, 592, 593, 594, 595, 596, 597, 598, 599, 600, 601, 602, 603, 604, 605, 606, 607, 608, 609, 610, 611, 612, 613, 614, 615, 616, 617, 618, 619, 620, 621, 622, 623, 624, 625, 626, 627, 628, 629, 630, 631, 632, 633, 634, 635, 636, 637, 638, 639, 640, 641, 642, 643, 644, 645, 646, 647, 648, 649, 650, 651, 652, 653, 654, 655, 656, 657, 658, 659, 660, 661, 662, 663, 664, 665, 666, 667, 668, 669, 670, 671, 672, 673, 674, 675, 676, 677, 678, 679, 680, 681, 682, 683, 684, 685, 686, 687, 688, 689, 690, 691, 692, 693, 694, 695, 696, 697, 698, 699, 700, 701, 702, 703, 704, 705, 706, 707, 708, 709, 710, 711, 712, 713, 714, 715, 716, 717, 718, 719, 720, 721, 722, 723, 724, 725, 726, 727, 728, 729, 730, 731, 732, 733, 734, 735, 736, 737, 738, 739, 740, 741, 742, 743, 744, 745, 746, 747, 748, 749, 750, 751, 752, 753, 754, 755, 756, 757, 758, 759, 760, 761, 762, 763, 764, 765, 766, 767, 768, 769, 770, 771, 772, 773, 774, 775, 776, 777, 778, 779, 780, 781, 782, 783, 784, 785, 786, 787, 788, 789, 790, 791, 792, 793]",True,"[103, 201, 292, 574, 751]","[103, 104, 105, 106, 107, 108, 109, 110, 111, 112, 113, 114, 115, 116, 117, 118, 119, 120, 121, 122, 123, 124, 125, 126, 127, 128, 129, 130, 131, 132, 133, 134, 135, 136, 137, 138, 139, 140, 141, 142, 143, 144, 145, 146, 147, 148, 149, 150, 151, 152, 153, 154, 155, 156, 157, 158, 159, 160, 161, 162, 163, 164, 165, 166, 167, 168, 169, 170, 171, 172, 173, 174, 175, 176, 177, 178, 179, 180, 181, 182, 183, 184, 185, 186, 187, 188, 189, 190, 191, 192, 193, 194, 195, 196, 197, 198, 199, 200, 201, 202, 203, 204, 205, 206, 207, 208, 209, 210, 211, 212, 213, 214, 215, 216, 217, 218, 219, 220, 221, 222, 223, 224, 225, 226, 227, 228, 229, 230, 231, 232, 233, 234, 235, 236, 237, 238, 239, 240, 241, 242, 243, 244, 245, 246, 247, 248, 249, 250, 251, 252, 253, 254, 255, 256, 257, 258, 259, 260, 261, 262, 263, 264, 265, 266, 267, 268, 269, 270, 271, 272, 273, 274, 275, 276, 277, 278, 279, 280, 281, 282, 283, 284, 285, 286, 287, 288, 289, 290, 291, 292, 293, 294, 295, 296, 297, 298, 299, 300, 301, 302, 303, 304, 305, 306, 307, 308, 309, 310, 311, 312, 313, 314, 315, 316, 317, 318, 319, 320, 321, 322, 323, 324, 325, 326, 327, 328, 329, 330, 331, 332, 333, 334, 335, 336, 337, 574, 575, 576, 577, 578, 579, 580, 581, 582, 583, 584, 585, 586, 587, 588, 589, 590, 591, 592, 593, 594, 595, 596, 597, 598, 599, 600, 601, 602, 603, 604, 605, 606, 607, 608, 609, 610, 611, 612, 613, 614, 615, 616, 617, 618, 619, 620, 621, 622, 623, 624, 625, 626, 627, 628, 629, 630, 631, 632, 633, 634, 635, 636, 637, 638, 639, 640, 641, 642, 643, 644, 645, 646, 647, 648, 649, 650, 651, 652, 653, 654, 655, 656, 657, 658, 659, 660, 661, 662, 663, 664, 665, 666, 667, 668, 669, 670, 671, 672, 673, 674, 675, 676, 677, 678, 679, 680, 681, 682, 683, 684, 685, 686, 687, 688, 689, 690, 691, 692, 693, 694, 695, 696, 697, 698, 699, 700, 701, 702, 703, 704, 705, 706, 707, 708, 709, 710, 711, 712, 713, 714, 715, 716, 717, 718, 719, 720, 721, 722, 723, 724, 725, 726, 727, 728, 729, 730, 731, 732, 733, 734, 735, 736, 737, 738, 739, 740, 741, 742, 743, 744, 745, 746, 747, 748, 749, 750, 751, 752, 753, 754, 755, 756, 757, 758, 759, 760, 761, 762, 763, 764, 765, 766, 767, 768, 769, 770, 771, 772, 773, 774, 775, 776, 777, 778, 779, 780, 781, 782, 783, 784, 785, 786, 787, 788, 789, 790, 791, 792, 793]","[103, 111, 127, 153, 162, 201, 226, 292, 574, 581, 598, 624, 634, 690, 751]","[103, 292, 574, 751]","[103, 104, 106, 117, 118, 120, 121, 127, 128, 129, 131, 133, 135, 136, 137, 139, 146, 147, 148, 149, 151, 158, 160, 162, 166, 173, 178, 179, 185, 190, 192, 198, 201, 203, 204, 206, 207, 212, 213, 214, 219, 223, 224, 225, 227, 230, 235, 237, 246, 247, 251, 256, 259, 262, 263, 266, 268, 269, 271, 272, 278, 279, 284, 285, 288, 290, 292, 304, 312, 316, 319, 320, 323, 324, 332, 574, 575, 588, 591, 592, 607, 608, 610, 618, 619, 620, 622, 632, 644, 649, 650, 656, 661, 663, 669, 674, 677, 683, 684, 687, 688, 689, 701, 710, 714, 723, 730, 731, 738, 747, 751, 762, 774, 778, 789]","[103, 574]",[],7/6 successful match,True,"[289, 290]",True,308,False,,0.8714285714285714,True,24 X 7 Travel Plaza S ),
"Bakersfield , 93307 Kimber Renegade ( Shell )",661-366-1860 CA 58 & CA 184 ( Weedpatch Hwy S ),N ) FRS 2400,Bakersfield,93307,Kimber Renegade ( Shell ),661-366-1860,2006,Bakersfield,CA,Shell,( Weedpatch Hwy S ),CA 58 & CA 184,empty,,False,,False,CA 58,CA 184,,,,"[292, 751]","[103, 201, 292, 574, 751]","[103, 111, 127, 153, 162, 201, 226, 292, 574, 581, 598, 624, 634, 690, 751]",[],"[103, 104, 105, 106, 107, 108, 109, 110, 111, 112, 113, 114, 115, 116, 117, 118, 119, 120, 121, 122, 123, 124, 125, 126, 127, 128, 129, 130, 131, 132, 133, 134, 135, 136, 137, 138, 139, 140, 141, 142, 143, 144, 145, 146, 147, 148, 149, 150, 151, 152, 153, 154, 155, 156, 157, 158, 159, 160, 161, 162, 163, 164, 165, 166, 167, 168, 169, 170, 171, 172, 173, 174, 175, 176, 177, 178, 179, 180, 181, 182, 183, 184, 185, 186, 187, 188, 189, 190, 191, 192, 193, 194, 195, 196, 197, 198, 199, 200, 201, 202, 203, 204, 205, 206, 207, 208, 209, 210, 211, 212, 213, 214, 215, 216, 217, 218, 219, 220, 221, 222, 223, 224, 225, 226, 227, 228, 229, 230, 231, 232, 233, 234, 235, 236, 237, 238, 239, 240, 241, 242, 243, 244, 245, 246, 247, 248, 249, 250, 251, 252, 253, 254, 255, 256, 257, 258, 259, 260, 261, 262, 263, 264, 265, 266, 267, 268, 269, 270, 271, 272, 273, 274, 275, 276, 277, 278, 279, 280, 281, 282, 283, 284, 285, 286, 287, 288, 289, 290, 291, 292, 293, 294, 295, 296, 297, 298, 299, 300, 301, 302, 303, 304, 305, 306, 307, 308, 309, 310, 311, 312, 313, 314, 315, 316, 317, 318, 319, 320, 321, 322, 323, 324, 325, 326, 327, 328, 329, 330, 331, 332, 333, 334, 335, 336, 337, 574, 575, 576, 577, 578, 579, 580, 581, 582, 583, 584, 585, 586, 587, 588, 589, 590, 591, 592, 593, 594, 595, 596, 597, 598, 599, 600, 601, 602, 603, 604, 605, 606, 607, 608, 609, 610, 611, 612, 613, 614, 615, 616, 617, 618, 619, 620, 621, 622, 623, 624, 625, 626, 627, 628, 629, 630, 631, 632, 633, 634, 635, 636, 637, 638, 639, 640, 641, 642, 643, 644, 645, 646, 647, 648, 649, 650, 651, 652, 653, 654, 655, 656, 657, 658, 659, 660, 661, 662, 663, 664, 665, 666, 667, 668, 669, 670, 671, 672, 673, 674, 675, 676, 677, 678, 679, 680, 681, 682, 683, 684, 685, 686, 687, 688, 689, 690, 691, 692, 693, 694, 695, 696, 697, 698, 699, 700, 701, 702, 703, 704, 705, 706, 707, 708, 709, 710, 711, 712, 713, 714, 715, 716, 717, 718, 719, 720, 721, 722, 723, 724, 725, 726, 727, 728, 729, 730, 731, 732, 733, 734, 735, 736, 737, 738, 739, 740, 741, 742, 743, 744, 745, 746, 747, 748, 749, 750, 751, 752, 753, 754, 755, 756, 757, 758, 759, 760, 761, 762, 763, 764, 765, 766, 767, 768, 769, 770, 771, 772, 773, 774, 775, 776, 777, 778, 779, 780, 781, 782, 783, 784, 785, 786, 787, 788, 789, 790, 791, 792, 793]","[103, 104, 106, 117, 118, 120, 121, 127, 128, 129, 131, 133, 135, 136, 137, 139, 146, 147, 148, 149, 151, 158, 160, 162, 166, 173, 178, 179, 185, 190, 192, 198, 201, 203, 204, 206, 207, 212, 213, 214, 219, 223, 224, 225, 227, 230, 235, 237, 246, 247, 251, 256, 259, 262, 263, 266, 268, 269, 271, 272, 278, 279, 284, 285, 288, 290, 292, 304, 312, 316, 319, 320, 323, 324, 332, 574, 575, 588, 591, 592, 607, 608, 610, 618, 619, 620, 622, 632, 644, 649, 650, 656, 661, 663, 669, 674, 677, 683, 684, 687, 688, 689, 701, 710, 714, 723, 730, 731, 738, 747, 751, 762, 774, 778, 789]","[1, 13, 14, 29, 54, 55, 56, 57, 58, 60, 102, 118, 125, 127, 130, 134, 146, 149, 153, 175, 182, 187, 189, 191, 197, 225, 230, 238, 264, 265, 266, 286, 302, 317, 336, 379, 388, 389, 425, 454, 458, 463, 475, 487, 498, 499, 512, 530, 531, 532, 533, 534, 536, 573, 589, 596, 598, 601, 605, 617, 620, 624, 646, 653, 658, 660, 662, 668, 689, 694, 702, 724, 725, 745, 760, 775, 793, 829, 838, 839, 877, 901, 903, 905, 910, 923]","[1, 13, 14, 29, 54, 55, 56, 57, 58, 60, 102, 118, 125, 127, 130, 134, 146, 149, 153, 175, 182, 187, 189, 191, 197, 225, 230, 238, 264, 265, 266, 286, 302, 317, 336, 354, 379, 388, 389, 425, 454, 458, 463, 475, 487, 498, 499, 512, 530, 531, 532, 533, 534, 536, 573, 589, 596, 598, 601, 605, 617, 620, 624, 646, 653, 658, 660, 662, 668, 689, 694, 702, 724, 725, 745, 760, 775, 793, 809, 829, 838, 839, 877, 901, 903, 905, 910, 923]","[1, 13, 14, 29, 54, 55, 56, 57, 58, 60, 102, 103, 104, 105, 106, 107, 108, 109, 110, 111, 112, 113, 114, 115, 116, 117, 118, 119, 120, 121, 122, 123, 124, 125, 126, 127, 128, 129, 130, 131, 132, 133, 134, 135, 136, 137, 138, 139, 140, 141, 142, 143, 144, 145, 146, 147, 148, 149, 150, 151, 152, 153, 154, 155, 156, 157, 158, 159, 160, 161, 162, 163, 164, 165, 166, 167, 168, 169, 170, 171, 172, 173, 174, 175, 176, 177, 178, 179, 180, 181, 182, 183, 184, 185, 186, 187, 188, 189, 190, 191, 192, 193, 194, 195, 196, 197, 198, 199, 200, 201, 202, 203, 204, 205, 206, 207, 208, 209, 210, 211, 212, 213, 214, 215, 216, 217, 218, 219, 220, 221, 222, 223, 224, 225, 226, 227, 228, 229, 230, 231, 232, 233, 234, 235, 236, 237, 238, 239, 240, 241, 242, 243, 244, 245, 246, 247, 248, 249, 250, 251, 252, 253, 254, 255, 256, 257, 258, 259, 260, 261, 262, 263, 264, 265, 266, 267, 268, 269, 270, 271, 272, 273, 274, 275, 276, 277, 278, 279, 280, 281, 282, 283, 284, 285, 286, 287, 288, 289, 290, 291, 292, 293, 294, 295, 296, 297, 298, 299, 300, 301, 302, 303, 304, 305, 306, 307, 308, 309, 310, 311, 312, 313, 314, 315, 316, 317, 318, 319, 320, 321, 322, 323, 324, 325, 326, 327, 328, 329, 330, 331, 332, 333, 334, 335, 336, 337, 354, 379, 388, 389, 425, 454, 458, 463, 475, 487, 498, 499, 512, 530, 531, 532, 533, 534, 536, 573, 574, 575, 576, 577, 578, 579, 580, 581, 582, 583, 584, 585, 586, 587, 588, 589, 590, 591, 592, 593, 594, 595, 596, 597, 598, 599, 600, 601, 602, 603, 604, 605, 606, 607, 608, 609, 610, 611, 612, 613, 614, 615, 616, 617, 618, 619, 620, 621, 622, 623, 624, 625, 626, 627, 628, 629, 630, 631, 632, 633, 634, 635, 636, 637, 638, 639, 640, 641, 642, 643, 644, 645, 646, 647, 648, 649, 650, 651, 652, 653, 654, 655, 656, 657, 658, 659, 660, 661, 662, 663, 664, 665, 666, 667, 668, 669, 670, 671, 672, 673, 674, 675, 676, 677, 678, 679, 680, 681, 682, 683, 684, 685, 686, 687, 688, 689, 690, 691, 692, 693, 694, 695, 696, 697, 698, 699, 700, 701, 702, 703, 704, 705, 706, 707, 708, 709, 710, 711, 712, 713, 714, 715, 716, 717, 718, 719, 720, 721, 722, 723, 724, 725, 726, 727, 728, 729, 730, 731, 732, 733, 734, 735, 736, 737, 738, 739, 740, 741, 742, 743, 744, 745, 746, 747, 748, 749, 750, 751, 752, 753, 754, 755, 756, 757, 758, 759, 760, 761, 762, 763, 764, 765, 766, 767, 768, 769, 770, 771, 772, 773, 774, 775, 776, 777, 778, 779, 780, 781, 782, 783, 784, 785, 786, 787, 788, 789, 790, 791, 792, 793, 809, 829, 838, 839, 877, 901, 903, 905, 910, 923]",True,"[103, 201, 292, 574, 751]","[103, 104, 105, 106, 107, 108, 109, 110, 111, 112, 113, 114, 115, 116, 117, 118, 119, 120, 121, 122, 123, 124, 125, 126, 127, 128, 129, 130, 131, 132, 133, 134, 135, 136, 137, 138, 139, 140, 141, 142, 143, 144, 145, 146, 147, 148, 149, 150, 151, 152, 153, 154, 155, 156, 157, 158, 159, 160, 161, 162, 163, 164, 165, 166, 167, 168, 169, 170, 171, 172, 173, 174, 175, 176, 177, 178, 179, 180, 181, 182, 183, 184, 185, 186, 187, 188, 189, 190, 191, 192, 193, 194, 195, 196, 197, 198, 199, 200, 201, 202, 203, 204, 205, 206, 207, 208, 209, 210, 211, 212, 213, 214, 215, 216, 217, 218, 219, 220, 221, 222, 223, 224, 225, 226, 227, 228, 229, 230, 231, 232, 233, 234, 235, 236, 237, 238, 239, 240, 241, 242, 243, 244, 245, 246, 247, 248, 249, 250, 251, 252, 253, 254, 255, 256, 257, 258, 259, 260, 261, 262, 263, 264, 265, 266, 267, 268, 269, 270, 271, 272, 273, 274, 275, 276, 277, 278, 279, 280, 281, 282, 283, 284, 285, 286, 287, 288, 289, 290, 291, 292, 293, 294, 295, 296, 297, 298, 299, 300, 301, 302, 303, 304, 305, 306, 307, 308, 309, 310, 311, 312, 313, 314, 315, 316, 317, 318, 319, 320, 321, 322, 323, 324, 325, 326, 327, 328, 329, 330, 331, 332, 333, 334, 335, 336, 337, 574, 575, 576, 577, 578, 579, 580, 581, 582, 583, 584, 585, 586, 587, 588, 589, 590, 591, 592, 593, 594, 595, 596, 597, 598, 599, 600, 601, 602, 603, 604, 605, 606, 607, 608, 609, 610, 611, 612, 613, 614, 615, 616, 617, 618, 619, 620, 621, 622, 623, 624, 625, 626, 627, 628, 629, 630, 631, 632, 633, 634, 635, 636, 637, 638, 639, 640, 641, 642, 643, 644, 645, 646, 647, 648, 649, 650, 651, 652, 653, 654, 655, 656, 657, 658, 659, 660, 661, 662, 663, 664, 665, 666, 667, 668, 669, 670, 671, 672, 673, 674, 675, 676, 677, 678, 679, 680, 681, 682, 683, 684, 685, 686, 687, 688, 689, 690, 691, 692, 693, 694, 695, 696, 697, 698, 699, 700, 701, 702, 703, 704, 705, 706, 707, 708, 709, 710, 711, 712, 713, 714, 715, 716, 717, 718, 719, 720, 721, 722, 723, 724, 725, 726, 727, 728, 729, 730, 731, 732, 733, 734, 735, 736, 737, 738, 739, 740, 741, 742, 743, 744, 745, 746, 747, 748, 749, 750, 751, 752, 753, 754, 755, 756, 757, 758, 759, 760, 761, 762, 763, 764, 765, 766, 767, 768, 769, 770, 771, 772, 773, 774, 775, 776, 777, 778, 779, 780, 781, 782, 783, 784, 785, 786, 787, 788, 789, 790, 791, 792, 793]","[103, 111, 127, 153, 162, 201, 226, 292, 574, 581, 598, 624, 634, 690, 751]",[],"[103, 104, 106, 117, 118, 120, 121, 127, 128, 129, 131, 133, 135, 136, 137, 139, 146, 147, 148, 149, 151, 158, 160, 162, 166, 173, 178, 179, 185, 190, 192, 198, 201, 203, 204, 206, 207, 212, 213, 214, 219, 223, 224, 225, 227, 230, 235, 237, 246, 247, 251, 256, 259, 262, 263, 266, 268, 269, 271, 272, 278, 279, 284, 285, 288, 290, 292, 304, 312, 316, 319, 320, 323, 324, 332, 574, 575, 588, 591, 592, 607, 608, 610, 618, 619, 620, 622, 632, 644, 649, 650, 656, 661, 663, 669, 674, 677, 683, 684, 687, 688, 689, 701, 710, 714, 723, 730, 731, 738, 747, 751, 762, 774, 778, 789]","[1, 13, 14, 29, 54, 55, 56, 57, 58, 60, 102, 118, 125, 127, 130, 134, 146, 149, 153, 175, 182, 187, 189, 191, 197, 225, 230, 238, 264, 265, 266, 286, 302, 317, 336, 354, 379, 388, 389, 425, 454, 458, 463, 475, 487, 498, 499, 512, 530, 531, 532, 533, 534, 536, 573, 589, 596, 598, 601, 605, 617, 620, 624, 646, 653, 658, 660, 662, 668, 689, 694, 702, 724, 725, 745, 760, 775, 793, 809, 829, 838, 839, 877, 901, 903, 905, 910, 923]","[1, 13, 14, 29, 54, 55, 56, 57, 58, 60, 102, 118, 125, 127, 130, 134, 146, 149, 153, 175, 182, 187, 189, 191, 197, 225, 230, 238, 264, 265, 266, 286, 302, 317, 336, 379, 388, 389, 425, 454, 458, 463, 475, 487, 498, 499, 512, 530, 531, 532, 533, 534, 536, 573, 589, 596, 598, 601, 605, 617, 620, 624, 646, 653, 658, 660, 662, 668, 689, 694, 702, 724, 725, 745, 760, 775, 793, 829, 838, 839, 877, 901, 903, 905, 910, 923]",7/6 successful match,True,"[621, 622]",True,309,False,,,,,
"Bakersfield , 93307 Kimber Renegade ( Shell ) N )",661-366-1860 CA 58 & CA 184 ( Weedpatch S,) 24 RS M,Bakersfield,93307,Kimber Renegade ( Shell ) N ),661-366-1860,2007,Bakersfield,CA,Shell,( Weedpatch S,CA 58 & CA 184,empty,,False,,False,CA 58,CA 184,,,,"[292, 751]","[103, 201, 292, 574, 751]","[103, 111, 127, 153, 162, 201, 226, 292, 574, 581, 598, 624, 634, 690, 751]",[],"[103, 104, 105, 106, 107, 108, 109, 110, 111, 112, 113, 114, 115, 116, 117, 118, 119, 120, 121, 122, 123, 124, 125, 126, 127, 128, 129, 130, 131, 132, 133, 134, 135, 136, 137, 138, 139, 140, 141, 142, 143, 144, 145, 146, 147, 148, 149, 150, 151, 152, 153, 154, 155, 156, 157, 158, 159, 160, 161, 162, 163, 164, 165, 166, 167, 168, 169, 170, 171, 172, 173, 174, 175, 176, 177, 178, 179, 180, 181, 182, 183, 184, 185, 186, 187, 188, 189, 190, 191, 192, 193, 194, 195, 196, 197, 198, 199, 200, 201, 202, 203, 204, 205, 206, 207, 208, 209, 210, 211, 212, 213, 214, 215, 216, 217, 218, 219, 220, 221, 222, 223, 224, 225, 226, 227, 228, 229, 230, 231, 232, 233, 234, 235, 236, 237, 238, 239, 240, 241, 242, 243, 244, 245, 246, 247, 248, 249, 250, 251, 252, 253, 254, 255, 256, 257, 258, 259, 260, 261, 262, 263, 264, 265, 266, 267, 268, 269, 270, 271, 272, 273, 274, 275, 276, 277, 278, 279, 280, 281, 282, 283, 284, 285, 286, 287, 288, 289, 290, 291, 292, 293, 294, 295, 296, 297, 298, 299, 300, 301, 302, 303, 304, 305, 306, 307, 308, 309, 310, 311, 312, 313, 314, 315, 316, 317, 318, 319, 320, 321, 322, 323, 324, 325, 326, 327, 328, 329, 330, 331, 332, 333, 334, 335, 336, 337, 574, 575, 576, 577, 578, 579, 580, 581, 582, 583, 584, 585, 586, 587, 588, 589, 590, 591, 592, 593, 594, 595, 596, 597, 598, 599, 600, 601, 602, 603, 604, 605, 606, 607, 608, 609, 610, 611, 612, 613, 614, 615, 616, 617, 618, 619, 620, 621, 622, 623, 624, 625, 626, 627, 628, 629, 630, 631, 632, 633, 634, 635, 636, 637, 638, 639, 640, 641, 642, 643, 644, 645, 646, 647, 648, 649, 650, 651, 652, 653, 654, 655, 656, 657, 658, 659, 660, 661, 662, 663, 664, 665, 666, 667, 668, 669, 670, 671, 672, 673, 674, 675, 676, 677, 678, 679, 680, 681, 682, 683, 684, 685, 686, 687, 688, 689, 690, 691, 692, 693, 694, 695, 696, 697, 698, 699, 700, 701, 702, 703, 704, 705, 706, 707, 708, 709, 710, 711, 712, 713, 714, 715, 716, 717, 718, 719, 720, 721, 722, 723, 724, 725, 726, 727, 728, 729, 730, 731, 732, 733, 734, 735, 736, 737, 738, 739, 740, 741, 742, 743, 744, 745, 746, 747, 748, 749, 750, 751, 752, 753, 754, 755, 756, 757, 758, 759, 760, 761, 762, 763, 764, 765, 766, 767, 768, 769, 770, 771, 772, 773, 774, 775, 776, 777, 778, 779, 780, 781, 782, 783, 784, 785, 786, 787, 788, 789, 790, 791, 792, 793]","[103, 104, 106, 117, 118, 120, 121, 127, 128, 129, 131, 133, 135, 136, 137, 139, 146, 147, 148, 149, 151, 158, 160, 162, 166, 173, 178, 179, 185, 190, 192, 198, 201, 203, 204, 206, 207, 212, 213, 214, 219, 223, 224, 225, 227, 230, 235, 237, 246, 247, 251, 256, 259, 262, 263, 266, 268, 269, 271, 272, 278, 279, 284, 285, 288, 290, 292, 304, 312, 316, 319, 320, 323, 324, 332, 574, 575, 588, 591, 592, 607, 608, 610, 618, 619, 620, 622, 632, 644, 649, 650, 656, 661, 663, 669, 674, 677, 683, 684, 687, 688, 689, 701, 710, 714, 723, 730, 731, 738, 747, 751, 762, 774, 778, 789]","[1, 13, 14, 29, 54, 55, 56, 57, 58, 60, 102, 118, 125, 127, 130, 134, 146, 149, 153, 175, 182, 187, 189, 191, 197, 225, 230, 238, 264, 265, 266, 286, 302, 317, 336, 379, 388, 389, 425, 454, 458, 463, 475, 487, 498, 499, 512, 530, 531, 532, 533, 534, 536, 573, 589, 596, 598, 601, 605, 617, 620, 624, 646, 653, 658, 660, 662, 668, 689, 694, 702, 724, 725, 745, 760, 775, 793, 829, 838, 839, 877, 901, 903, 905, 910, 923]","[1, 13, 14, 29, 54, 55, 56, 57, 58, 60, 102, 118, 125, 127, 130, 134, 146, 149, 153, 175, 182, 187, 189, 191, 197, 225, 230, 238, 264, 265, 266, 286, 302, 317, 336, 354, 379, 388, 389, 425, 454, 458, 463, 475, 487, 498, 499, 512, 530, 531, 532, 533, 534, 536, 573, 589, 596, 598, 601, 605, 617, 620, 624, 646, 653, 658, 660, 662, 668, 689, 694, 702, 724, 725, 745, 760, 775, 793, 809, 829, 838, 839, 877, 901, 903, 905, 910, 923]","[1, 13, 14, 29, 54, 55, 56, 57, 58, 60, 102, 103, 104, 105, 106, 107, 108, 109, 110, 111, 112, 113, 114, 115, 116, 117, 118, 119, 120, 121, 122, 123, 124, 125, 126, 127, 128, 129, 130, 131, 132, 133, 134, 135, 136, 137, 138, 139, 140, 141, 142, 143, 144, 145, 146, 147, 148, 149, 150, 151, 152, 153, 154, 155, 156, 157, 158, 159, 160, 161, 162, 163, 164, 165, 166, 167, 168, 169, 170, 171, 172, 173, 174, 175, 176, 177, 178, 179, 180, 181, 182, 183, 184, 185, 186, 187, 188, 189, 190, 191, 192, 193, 194, 195, 196, 197, 198, 199, 200, 201, 202, 203, 204, 205, 206, 207, 208, 209, 210, 211, 212, 213, 214, 215, 216, 217, 218, 219, 220, 221, 222, 223, 224, 225, 226, 227, 228, 229, 230, 231, 232, 233, 234, 235, 236, 237, 238, 239, 240, 241, 242, 243, 244, 245, 246, 247, 248, 249, 250, 251, 252, 253, 254, 255, 256, 257, 258, 259, 260, 261, 262, 263, 264, 265, 266, 267, 268, 269, 270, 271, 272, 273, 274, 275, 276, 277, 278, 279, 280, 281, 282, 283, 284, 285, 286, 287, 288, 289, 290, 291, 292, 293, 294, 295, 296, 297, 298, 299, 300, 301, 302, 303, 304, 305, 306, 307, 308, 309, 310, 311, 312, 313, 314, 315, 316, 317, 318, 319, 320, 321, 322, 323, 324, 325, 326, 327, 328, 329, 330, 331, 332, 333, 334, 335, 336, 337, 354, 379, 388, 389, 425, 454, 458, 463, 475, 487, 498, 499, 512, 530, 531, 532, 533, 534, 536, 573, 574, 575, 576, 577, 578, 579, 580, 581, 582, 583, 584, 585, 586, 587, 588, 589, 590, 591, 592, 593, 594, 595, 596, 597, 598, 599, 600, 601, 602, 603, 604, 605, 606, 607, 608, 609, 610, 611, 612, 613, 614, 615, 616, 617, 618, 619, 620, 621, 622, 623, 624, 625, 626, 627, 628, 629, 630, 631, 632, 633, 634, 635, 636, 637, 638, 639, 640, 641, 642, 643, 644, 645, 646, 647, 648, 649, 650, 651, 652, 653, 654, 655, 656, 657, 658, 659, 660, 661, 662, 663, 664, 665, 666, 667, 668, 669, 670, 671, 672, 673, 674, 675, 676, 677, 678, 679, 680, 681, 682, 683, 684, 685, 686, 687, 688, 689, 690, 691, 692, 693, 694, 695, 696, 697, 698, 699, 700, 701, 702, 703, 704, 705, 706, 707, 708, 709, 710, 711, 712, 713, 714, 715, 716, 717, 718, 719, 720, 721, 722, 723, 724, 725, 726, 727, 728, 729, 730, 731, 732, 733, 734, 735, 736, 737, 738, 739, 740, 741, 742, 743, 744, 745, 746, 747, 748, 749, 750, 751, 752, 753, 754, 755, 756, 757, 758, 759, 760, 761, 762, 763, 764, 765, 766, 767, 768, 769, 770, 771, 772, 773, 774, 775, 776, 777, 778, 779, 780, 781, 782, 783, 784, 785, 786, 787, 788, 789, 790, 791, 792, 793, 809, 829, 838, 839, 877, 901, 903, 905, 910, 923]",True,"[103, 201, 292, 574, 751]","[103, 104, 105, 106, 107, 108, 109, 110, 111, 112, 113, 114, 115, 116, 117, 118, 119, 120, 121, 122, 123, 124, 125, 126, 127, 128, 129, 130, 131, 132, 133, 134, 135, 136, 137, 138, 139, 140, 141, 142, 143, 144, 145, 146, 147, 148, 149, 150, 151, 152, 153, 154, 155, 156, 157, 158, 159, 160, 161, 162, 163, 164, 165, 166, 167, 168, 169, 170, 171, 172, 173, 174, 175, 176, 177, 178, 179, 180, 181, 182, 183, 184, 185, 186, 187, 188, 189, 190, 191, 192, 193, 194, 195, 196, 197, 198, 199, 200, 201, 202, 203, 204, 205, 206, 207, 208, 209, 210, 211, 212, 213, 214, 215, 216, 217, 218, 219, 220, 221, 222, 223, 224, 225, 226, 227, 228, 229, 230, 231, 232, 233, 234, 235, 236, 237, 238, 239, 240, 241, 242, 243, 244, 245, 246, 247, 248, 249, 250, 251, 252, 253, 254, 255, 256, 257, 258, 259, 260, 261, 262, 263, 264, 265, 266, 267, 268, 269, 270, 271, 272, 273, 274, 275, 276, 277, 278, 279, 280, 281, 282, 283, 284, 285, 286, 287, 288, 289, 290, 291, 292, 293, 294, 295, 296, 297, 298, 299, 300, 301, 302, 303, 304, 305, 306, 307, 308, 309, 310, 311, 312, 313, 314, 315, 316, 317, 318, 319, 320, 321, 322, 323, 324, 325, 326, 327, 328, 329, 330, 331, 332, 333, 334, 335, 336, 337, 574, 575, 576, 577, 578, 579, 580, 581, 582, 583, 584, 585, 586, 587, 588, 589, 590, 591, 592, 593, 594, 595, 596, 597, 598, 599, 600, 601, 602, 603, 604, 605, 606, 607, 608, 609, 610, 611, 612, 613, 614, 615, 616, 617, 618, 619, 620, 621, 622, 623, 624, 625, 626, 627, 628, 629, 630, 631, 632, 633, 634, 635, 636, 637, 638, 639, 640, 641, 642, 643, 644, 645, 646, 647, 648, 649, 650, 651, 652, 653, 654, 655, 656, 657, 658, 659, 660, 661, 662, 663, 664, 665, 666, 667, 668, 669, 670, 671, 672, 673, 674, 675, 676, 677, 678, 679, 680, 681, 682, 683, 684, 685, 686, 687, 688, 689, 690, 691, 692, 693, 694, 695, 696, 697, 698, 699, 700, 701, 702, 703, 704, 705, 706, 707, 708, 709, 710, 711, 712, 713, 714, 715, 716, 717, 718, 719, 720, 721, 722, 723, 724, 725, 726, 727, 728, 729, 730, 731, 732, 733, 734, 735, 736, 737, 738, 739, 740, 741, 742, 743, 744, 745, 746, 747, 748, 749, 750, 751, 752, 753, 754, 755, 756, 757, 758, 759, 760, 761, 762, 763, 764, 765, 766, 767, 768, 769, 770, 771, 772, 773, 774, 775, 776, 777, 778, 779, 780, 781, 782, 783, 784, 785, 786, 787, 788, 789, 790, 791, 792, 793]","[103, 111, 127, 153, 162, 201, 226, 292, 574, 581, 598, 624, 634, 690, 751]",[],"[103, 104, 106, 117, 118, 120, 121, 127, 128, 129, 131, 133, 135, 136, 137, 139, 146, 147, 148, 149, 151, 158, 160, 162, 166, 173, 178, 179, 185, 190, 192, 198, 201, 203, 204, 206, 207, 212, 213, 214, 219, 223, 224, 225, 227, 230, 235, 237, 246, 247, 251, 256, 259, 262, 263, 266, 268, 269, 271, 272, 278, 279, 284, 285, 288, 290, 292, 304, 312, 316, 319, 320, 323, 324, 332, 574, 575, 588, 591, 592, 607, 608, 610, 618, 619, 620, 622, 632, 644, 649, 650, 656, 661, 663, 669, 674, 677, 683, 684, 687, 688, 689, 701, 710, 714, 723, 730, 731, 738, 747, 751, 762, 774, 778, 789]","[1, 13, 14, 29, 54, 55, 56, 57, 58, 60, 102, 118, 125, 127, 130, 134, 146, 149, 153, 175, 182, 187, 189, 191, 197, 225, 230, 238, 264, 265, 266, 286, 302, 317, 336, 354, 379, 388, 389, 425, 454, 458, 463, 475, 487, 498, 499, 512, 530, 531, 532, 533, 534, 536, 573, 589, 596, 598, 601, 605, 617, 620, 624, 646, 653, 658, 660, 662, 668, 689, 694, 702, 724, 725, 745, 760, 775, 793, 809, 829, 838, 839, 877, 901, 903, 905, 910, 923]","[1, 13, 14, 29, 54, 55, 56, 57, 58, 60, 102, 118, 125, 127, 130, 134, 146, 149, 153, 175, 182, 187, 189, 191, 197, 225, 230, 238, 264, 265, 266, 286, 302, 317, 336, 379, 388, 389, 425, 454, 458, 463, 475, 487, 498, 499, 512, 530, 531, 532, 533, 534, 536, 573, 589, 596, 598, 601, 605, 617, 620, 624, 646, 653, 658, 660, 662, 668, 689, 694, 702, 724, 725, 745, 760, 775, 793, 829, 838, 839, 877, 901, 903, 905, 910, 923]",7/6 successful match,True,"[621, 622]",True,309,False,,1.0,True,Kimber Renegade ( Shell ),Shell
"Bakersfield , 93307 Kimber Renegade ( Shell )",661-366-1860 CA 58 & CA 184 ( Weedpatch Hwy S ),S ) 24 M 00,Bakersfield,93307,Kimber Renegade ( Shell ),661-366-1860,2008,Bakersfield,CA,Shell,( Weedpatch Hwy S ),CA 58 & CA 184,empty,,False,,False,CA 58,CA 184,,,,"[292, 751]","[103, 201, 292, 574, 751]","[103, 111, 127, 153, 162, 201, 226, 292, 574, 581, 598, 624, 634, 690, 751]",[],"[103, 104, 105, 106, 107, 108, 109, 110, 111, 112, 113, 114, 115, 116, 117, 118, 119, 120, 121, 122, 123, 124, 125, 126, 127, 128, 129, 130, 131, 132, 133, 134, 135, 136, 137, 138, 139, 140, 141, 142, 143, 144, 145, 146, 147, 148, 149, 150, 151, 152, 153, 154, 155, 156, 157, 158, 159, 160, 161, 162, 163, 164, 165, 166, 167, 168, 169, 170, 171, 172, 173, 174, 175, 176, 177, 178, 179, 180, 181, 182, 183, 184, 185, 186, 187, 188, 189, 190, 191, 192, 193, 194, 195, 196, 197, 198, 199, 200, 201, 202, 203, 204, 205, 206, 207, 208, 209, 210, 211, 212, 213, 214, 215, 216, 217, 218, 219, 220, 221, 222, 223, 224, 225, 226, 227, 228, 229, 230, 231, 232, 233, 234, 235, 236, 237, 238, 239, 240, 241, 242, 243, 244, 245, 246, 247, 248, 249, 250, 251, 252, 253, 254, 255, 256, 257, 258, 259, 260, 261, 262, 263, 264, 265, 266, 267, 268, 269, 270, 271, 272, 273, 274, 275, 276, 277, 278, 279, 280, 281, 282, 283, 284, 285, 286, 287, 288, 289, 290, 291, 292, 293, 294, 295, 296, 297, 298, 299, 300, 301, 302, 303, 304, 305, 306, 307, 308, 309, 310, 311, 312, 313, 314, 315, 316, 317, 318, 319, 320, 321, 322, 323, 324, 325, 326, 327, 328, 329, 330, 331, 332, 333, 334, 335, 336, 337, 574, 575, 576, 577, 578, 579, 580, 581, 582, 583, 584, 585, 586, 587, 588, 589, 590, 591, 592, 593, 594, 595, 596, 597, 598, 599, 600, 601, 602, 603, 604, 605, 606, 607, 608, 609, 610, 611, 612, 613, 614, 615, 616, 617, 618, 619, 620, 621, 622, 623, 624, 625, 626, 627, 628, 629, 630, 631, 632, 633, 634, 635, 636, 637, 638, 639, 640, 641, 642, 643, 644, 645, 646, 647, 648, 649, 650, 651, 652, 653, 654, 655, 656, 657, 658, 659, 660, 661, 662, 663, 664, 665, 666, 667, 668, 669, 670, 671, 672, 673, 674, 675, 676, 677, 678, 679, 680, 681, 682, 683, 684, 685, 686, 687, 688, 689, 690, 691, 692, 693, 694, 695, 696, 697, 698, 699, 700, 701, 702, 703, 704, 705, 706, 707, 708, 709, 710, 711, 712, 713, 714, 715, 716, 717, 718, 719, 720, 721, 722, 723, 724, 725, 726, 727, 728, 729, 730, 731, 732, 733, 734, 735, 736, 737, 738, 739, 740, 741, 742, 743, 744, 745, 746, 747, 748, 749, 750, 751, 752, 753, 754, 755, 756, 757, 758, 759, 760, 761, 762, 763, 764, 765, 766, 767, 768, 769, 770, 771, 772, 773, 774, 775, 776, 777, 778, 779, 780, 781, 782, 783, 784, 785, 786, 787, 788, 789, 790, 791, 792, 793]","[103, 104, 106, 117, 118, 120, 121, 127, 128, 129, 131, 133, 135, 136, 137, 139, 146, 147, 148, 149, 151, 158, 160, 162, 166, 173, 178, 179, 185, 190, 192, 198, 201, 203, 204, 206, 207, 212, 213, 214, 219, 223, 224, 225, 227, 230, 235, 237, 246, 247, 251, 256, 259, 262, 263, 266, 268, 269, 271, 272, 278, 279, 284, 285, 288, 290, 292, 304, 312, 316, 319, 320, 323, 324, 332, 574, 575, 588, 591, 592, 607, 608, 610, 618, 619, 620, 622, 632, 644, 649, 650, 656, 661, 663, 669, 674, 677, 683, 684, 687, 688, 689, 701, 710, 714, 723, 730, 731, 738, 747, 751, 762, 774, 778, 789]","[1, 13, 14, 29, 54, 55, 56, 57, 58, 60, 102, 118, 125, 127, 130, 134, 146, 149, 153, 175, 182, 187, 189, 191, 197, 225, 230, 238, 264, 265, 266, 286, 302, 317, 336, 379, 388, 389, 425, 454, 458, 463, 475, 487, 498, 499, 512, 530, 531, 532, 533, 534, 536, 573, 589, 596, 598, 601, 605, 617, 620, 624, 646, 653, 658, 660, 662, 668, 689, 694, 702, 724, 725, 745, 760, 775, 793, 829, 838, 839, 877, 901, 903, 905, 910, 923]","[1, 13, 14, 29, 54, 55, 56, 57, 58, 60, 102, 118, 125, 127, 130, 134, 146, 149, 153, 175, 182, 187, 189, 191, 197, 225, 230, 238, 264, 265, 266, 286, 302, 317, 336, 354, 379, 388, 389, 425, 454, 458, 463, 475, 487, 498, 499, 512, 530, 531, 532, 533, 534, 536, 573, 589, 596, 598, 601, 605, 617, 620, 624, 646, 653, 658, 660, 662, 668, 689, 694, 702, 724, 725, 745, 760, 775, 793, 809, 829, 838, 839, 877, 901, 903, 905, 910, 923]","[1, 13, 14, 29, 54, 55, 56, 57, 58, 60, 102, 103, 104, 105, 106, 107, 108, 109, 110, 111, 112, 113, 114, 115, 116, 117, 118, 119, 120, 121, 122, 123, 124, 125, 126, 127, 128, 129, 130, 131, 132, 133, 134, 135, 136, 137, 138, 139, 140, 141, 142, 143, 144, 145, 146, 147, 148, 149, 150, 151, 152, 153, 154, 155, 156, 157, 158, 159, 160, 161, 162, 163, 164, 165, 166, 167, 168, 169, 170, 171, 172, 173, 174, 175, 176, 177, 178, 179, 180, 181, 182, 183, 184, 185, 186, 187, 188, 189, 190, 191, 192, 193, 194, 195, 196, 197, 198, 199, 200, 201, 202, 203, 204, 205, 206, 207, 208, 209, 210, 211, 212, 213, 214, 215, 216, 217, 218, 219, 220, 221, 222, 223, 224, 225, 226, 227, 228, 229, 230, 231, 232, 233, 234, 235, 236, 237, 238, 239, 240, 241, 242, 243, 244, 245, 246, 247, 248, 249, 250, 251, 252, 253, 254, 255, 256, 257, 258, 259, 260, 261, 262, 263, 264, 265, 266, 267, 268, 269, 270, 271, 272, 273, 274, 275, 276, 277, 278, 279, 280, 281, 282, 283, 284, 285, 286, 287, 288, 289, 290, 291, 292, 293, 294, 295, 296, 297, 298, 299, 300, 301, 302, 303, 304, 305, 306, 307, 308, 309, 310, 311, 312, 313, 314, 315, 316, 317, 318, 319, 320, 321, 322, 323, 324, 325, 326, 327, 328, 329, 330, 331, 332, 333, 334, 335, 336, 337, 354, 379, 388, 389, 425, 454, 458, 463, 475, 487, 498, 499, 512, 530, 531, 532, 533, 534, 536, 573, 574, 575, 576, 577, 578, 579, 580, 581, 582, 583, 584, 585, 586, 587, 588, 589, 590, 591, 592, 593, 594, 595, 596, 597, 598, 599, 600, 601, 602, 603, 604, 605, 606, 607, 608, 609, 610, 611, 612, 613, 614, 615, 616, 617, 618, 619, 620, 621, 622, 623, 624, 625, 626, 627, 628, 629, 630, 631, 632, 633, 634, 635, 636, 637, 638, 639, 640, 641, 642, 643, 644, 645, 646, 647, 648, 649, 650, 651, 652, 653, 654, 655, 656, 657, 658, 659, 660, 661, 662, 663, 664, 665, 666, 667, 668, 669, 670, 671, 672, 673, 674, 675, 676, 677, 678, 679, 680, 681, 682, 683, 684, 685, 686, 687, 688, 689, 690, 691, 692, 693, 694, 695, 696, 697, 698, 699, 700, 701, 702, 703, 704, 705, 706, 707, 708, 709, 710, 711, 712, 713, 714, 715, 716, 717, 718, 719, 720, 721, 722, 723, 724, 725, 726, 727, 728, 729, 730, 731, 732, 733, 734, 735, 736, 737, 738, 739, 740, 741, 742, 743, 744, 745, 746, 747, 748, 749, 750, 751, 752, 753, 754, 755, 756, 757, 758, 759, 760, 761, 762, 763, 764, 765, 766, 767, 768, 769, 770, 771, 772, 773, 774, 775, 776, 777, 778, 779, 780, 781, 782, 783, 784, 785, 786, 787, 788, 789, 790, 791, 792, 793, 809, 829, 838, 839, 877, 901, 903, 905, 910, 923]",True,"[103, 201, 292, 574, 751]","[103, 104, 105, 106, 107, 108, 109, 110, 111, 112, 113, 114, 115, 116, 117, 118, 119, 120, 121, 122, 123, 124, 125, 126, 127, 128, 129, 130, 131, 132, 133, 134, 135, 136, 137, 138, 139, 140, 141, 142, 143, 144, 145, 146, 147, 148, 149, 150, 151, 152, 153, 154, 155, 156, 157, 158, 159, 160, 161, 162, 163, 164, 165, 166, 167, 168, 169, 170, 171, 172, 173, 174, 175, 176, 177, 178, 179, 180, 181, 182, 183, 184, 185, 186, 187, 188, 189, 190, 191, 192, 193, 194, 195, 196, 197, 198, 199, 200, 201, 202, 203, 204, 205, 206, 207, 208, 209, 210, 211, 212, 213, 214, 215, 216, 217, 218, 219, 220, 221, 222, 223, 224, 225, 226, 227, 228, 229, 230, 231, 232, 233, 234, 235, 236, 237, 238, 239, 240, 241, 242, 243, 244, 245, 246, 247, 248, 249, 250, 251, 252, 253, 254, 255, 256, 257, 258, 259, 260, 261, 262, 263, 264, 265, 266, 267, 268, 269, 270, 271, 272, 273, 274, 275, 276, 277, 278, 279, 280, 281, 282, 283, 284, 285, 286, 287, 288, 289, 290, 291, 292, 293, 294, 295, 296, 297, 298, 299, 300, 301, 302, 303, 304, 305, 306, 307, 308, 309, 310, 311, 312, 313, 314, 315, 316, 317, 318, 319, 320, 321, 322, 323, 324, 325, 326, 327, 328, 329, 330, 331, 332, 333, 334, 335, 336, 337, 574, 575, 576, 577, 578, 579, 580, 581, 582, 583, 584, 585, 586, 587, 588, 589, 590, 591, 592, 593, 594, 595, 596, 597, 598, 599, 600, 601, 602, 603, 604, 605, 606, 607, 608, 609, 610, 611, 612, 613, 614, 615, 616, 617, 618, 619, 620, 621, 622, 623, 624, 625, 626, 627, 628, 629, 630, 631, 632, 633, 634, 635, 636, 637, 638, 639, 640, 641, 642, 643, 644, 645, 646, 647, 648, 649, 650, 651, 652, 653, 654, 655, 656, 657, 658, 659, 660, 661, 662, 663, 664, 665, 666, 667, 668, 669, 670, 671, 672, 673, 674, 675, 676, 677, 678, 679, 680, 681, 682, 683, 684, 685, 686, 687, 688, 689, 690, 691, 692, 693, 694, 695, 696, 697, 698, 699, 700, 701, 702, 703, 704, 705, 706, 707, 708, 709, 710, 711, 712, 713, 714, 715, 716, 717, 718, 719, 720, 721, 722, 723, 724, 725, 726, 727, 728, 729, 730, 731, 732, 733, 734, 735, 736, 737, 738, 739, 740, 741, 742, 743, 744, 745, 746, 747, 748, 749, 750, 751, 752, 753, 754, 755, 756, 757, 758, 759, 760, 761, 762, 763, 764, 765, 766, 767, 768, 769, 770, 771, 772, 773, 774, 775, 776, 777, 778, 779, 780, 781, 782, 783, 784, 785, 786, 787, 788, 789, 790, 791, 792, 793]","[103, 111, 127, 153, 162, 201, 226, 292, 574, 581, 598, 624, 634, 690, 751]",[],"[103, 104, 106, 117, 118, 120, 121, 127, 128, 129, 131, 133, 135, 136, 137, 139, 146, 147, 148, 149, 151, 158, 160, 162, 166, 173, 178, 179, 185, 190, 192, 198, 201, 203, 204, 206, 207, 212, 213, 214, 219, 223, 224, 225, 227, 230, 235, 237, 246, 247, 251, 256, 259, 262, 263, 266, 268, 269, 271, 272, 278, 279, 284, 285, 288, 290, 292, 304, 312, 316, 319, 320, 323, 324, 332, 574, 575, 588, 591, 592, 607, 608, 610, 618, 619, 620, 622, 632, 644, 649, 650, 656, 661, 663, 669, 674, 677, 683, 684, 687, 688, 689, 701, 710, 714, 723, 730, 731, 738, 747, 751, 762, 774, 778, 789]","[1, 13, 14, 29, 54, 55, 56, 57, 58, 60, 102, 118, 125, 127, 130, 134, 146, 149, 153, 175, 182, 187, 189, 191, 197, 225, 230, 238, 264, 265, 266, 286, 302, 317, 336, 354, 379, 388, 389, 425, 454, 458, 463, 475, 487, 498, 499, 512, 530, 531, 532, 533, 534, 536, 573, 589, 596, 598, 601, 605, 617, 620, 624, 646, 653, 658, 660, 662, 668, 689, 694, 702, 724, 725, 745, 760, 775, 793, 809, 829, 838, 839, 877, 901, 903, 905, 910, 923]","[1, 13, 14, 29, 54, 55, 56, 57, 58, 60, 102, 118, 125, 127, 130, 134, 146, 149, 153, 175, 182, 187, 189, 191, 197, 225, 230, 238, 264, 265, 266, 286, 302, 317, 336, 379, 388, 389, 425, 454, 458, 463, 475, 487, 498, 499, 512, 530, 531, 532, 533, 534, 536, 573, 589, 596, 598, 601, 605, 617, 620, 624, 646, 653, 658, 660, 662, 668, 689, 694, 702, 724, 725, 745, 760, 775, 793, 829, 838, 839, 877, 901, 903, 905, 910, 923]",7/6 successful match,True,"[621, 622]",True,309,False,,1.0,True,Kimber Renegade ( Shell ) N ),Shell
G Bakersfield ( 93307 ) Renegade Flyers ( Shell ),4 661-366-1860 CA 58 Exit 117 ( CA 184 S ),24 D,Bakersfield,93307,Renegade Flyers ( Shell ),661-366-1860,2014,Bakersfield,CA,Shell,( CA 184 S ),CA 58 Exit 117 ,Exit,117,False,,False,CA 58,,,,,"[292, 751]","[103, 201, 292, 574, 751]","[103, 111, 127, 153, 162, 201, 226, 292, 574, 581, 598, 624, 634, 690, 751]","[103, 292, 574, 751]","[103, 104, 105, 106, 107, 108, 109, 110, 111, 112, 113, 114, 115, 116, 117, 118, 119, 120, 121, 122, 123, 124, 125, 126, 127, 128, 129, 130, 131, 132, 133, 134, 135, 136, 137, 138, 139, 140, 141, 142, 143, 144, 145, 146, 147, 148, 149, 150, 151, 152, 153, 154, 155, 156, 157, 158, 159, 160, 161, 162, 163, 164, 165, 166, 167, 168, 169, 170, 171, 172, 173, 174, 175, 176, 177, 178, 179, 180, 181, 182, 183, 184, 185, 186, 187, 188, 189, 190, 191, 192, 193, 194, 195, 196, 197, 198, 199, 200, 201, 202, 203, 204, 205, 206, 207, 208, 209, 210, 211, 212, 213, 214, 215, 216, 217, 218, 219, 220, 221, 222, 223, 224, 225, 226, 227, 228, 229, 230, 231, 232, 233, 234, 235, 236, 237, 238, 239, 240, 241, 242, 243, 244, 245, 246, 247, 248, 249, 250, 251, 252, 253, 254, 255, 256, 257, 258, 259, 260, 261, 262, 263, 264, 265, 266, 267, 268, 269, 270, 271, 272, 273, 274, 275, 276, 277, 278, 279, 280, 281, 282, 283, 284, 285, 286, 287, 288, 289, 290, 291, 292, 293, 294, 295, 296, 297, 298, 299, 300, 301, 302, 303, 304, 305, 306, 307, 308, 309, 310, 311, 312, 313, 314, 315, 316, 317, 318, 319, 320, 321, 322, 323, 324, 325, 326, 327, 328, 329, 330, 331, 332, 333, 334, 335, 336, 337, 574, 575, 576, 577, 578, 579, 580, 581, 582, 583, 584, 585, 586, 587, 588, 589, 590, 591, 592, 593, 594, 595, 596, 597, 598, 599, 600, 601, 602, 603, 604, 605, 606, 607, 608, 609, 610, 611, 612, 613, 614, 615, 616, 617, 618, 619, 620, 621, 622, 623, 624, 625, 626, 627, 628, 629, 630, 631, 632, 633, 634, 635, 636, 637, 638, 639, 640, 641, 642, 643, 644, 645, 646, 647, 648, 649, 650, 651, 652, 653, 654, 655, 656, 657, 658, 659, 660, 661, 662, 663, 664, 665, 666, 667, 668, 669, 670, 671, 672, 673, 674, 675, 676, 677, 678, 679, 680, 681, 682, 683, 684, 685, 686, 687, 688, 689, 690, 691, 692, 693, 694, 695, 696, 697, 698, 699, 700, 701, 702, 703, 704, 705, 706, 707, 708, 709, 710, 711, 712, 713, 714, 715, 716, 717, 718, 719, 720, 721, 722, 723, 724, 725, 726, 727, 728, 729, 730, 731, 732, 733, 734, 735, 736, 737, 738, 739, 740, 741, 742, 743, 744, 745, 746, 747, 748, 749, 750, 751, 752, 753, 754, 755, 756, 757, 758, 759, 760, 761, 762, 763, 764, 765, 766, 767, 768, 769, 770, 771, 772, 773, 774, 775, 776, 777, 778, 779, 780, 781, 782, 783, 784, 785, 786, 787, 788, 789, 790, 791, 792, 793]","[103, 104, 106, 117, 118, 120, 121, 127, 128, 129, 131, 133, 135, 136, 137, 139, 146, 147, 148, 149, 151, 158, 160, 162, 166, 173, 178, 179, 185, 190, 192, 198, 201, 203, 204, 206, 207, 212, 213, 214, 219, 223, 224, 225, 227, 230, 235, 237, 246, 247, 251, 256, 259, 262, 263, 266, 268, 269, 271, 272, 278, 279, 284, 285, 288, 290, 292, 304, 312, 316, 319, 320, 323, 324, 332, 574, 575, 588, 591, 592, 607, 608, 610, 618, 619, 620, 622, 632, 644, 649, 650, 656, 661, 663, 669, 674, 677, 683, 684, 687, 688, 689, 701, 710, 714, 723, 730, 731, 738, 747, 751, 762, 774, 778, 789]","[1, 13, 14, 29, 54, 55, 56, 57, 58, 60, 102, 118, 125, 127, 130, 134, 146, 149, 153, 175, 182, 187, 189, 191, 197, 225, 230, 238, 264, 265, 266, 286, 302, 317, 336, 379, 388, 389, 425, 454, 458, 463, 475, 487, 498, 499, 512, 530, 531, 532, 533, 534, 536, 573, 589, 596, 598, 601, 605, 617, 620, 624, 646, 653, 658, 660, 662, 668, 689, 694, 702, 724, 725, 745, 760, 775, 793, 829, 838, 839, 877, 901, 903, 905, 910, 923]","[1, 13, 14, 29, 54, 55, 56, 57, 58, 60, 102, 118, 125, 127, 130, 134, 146, 149, 153, 175, 182, 187, 189, 191, 197, 225, 230, 238, 264, 265, 266, 286, 302, 317, 336, 354, 379, 388, 389, 425, 454, 458, 463, 475, 487, 498, 499, 512, 530, 531, 532, 533, 534, 536, 573, 589, 596, 598, 601, 605, 617, 620, 624, 646, 653, 658, 660, 662, 668, 689, 694, 702, 724, 725, 745, 760, 775, 793, 809, 829, 838, 839, 877, 901, 903, 905, 910, 923]","[1, 13, 14, 29, 54, 55, 56, 57, 58, 60, 102, 103, 104, 105, 106, 107, 108, 109, 110, 111, 112, 113, 114, 115, 116, 117, 118, 119, 120, 121, 122, 123, 124, 125, 126, 127, 128, 129, 130, 131, 132, 133, 134, 135, 136, 137, 138, 139, 140, 141, 142, 143, 144, 145, 146, 147, 148, 149, 150, 151, 152, 153, 154, 155, 156, 157, 158, 159, 160, 161, 162, 163, 164, 165, 166, 167, 168, 169, 170, 171, 172, 173, 174, 175, 176, 177, 178, 179, 180, 181, 182, 183, 184, 185, 186, 187, 188, 189, 190, 191, 192, 193, 194, 195, 196, 197, 198, 199, 200, 201, 202, 203, 204, 205, 206, 207, 208, 209, 210, 211, 212, 213, 214, 215, 216, 217, 218, 219, 220, 221, 222, 223, 224, 225, 226, 227, 228, 229, 230, 231, 232, 233, 234, 235, 236, 237, 238, 239, 240, 241, 242, 243, 244, 245, 246, 247, 248, 249, 250, 251, 252, 253, 254, 255, 256, 257, 258, 259, 260, 261, 262, 263, 264, 265, 266, 267, 268, 269, 270, 271, 272, 273, 274, 275, 276, 277, 278, 279, 280, 281, 282, 283, 284, 285, 286, 287, 288, 289, 290, 291, 292, 293, 294, 295, 296, 297, 298, 299, 300, 301, 302, 303, 304, 305, 306, 307, 308, 309, 310, 311, 312, 313, 314, 315, 316, 317, 318, 319, 320, 321, 322, 323, 324, 325, 326, 327, 328, 329, 330, 331, 332, 333, 334, 335, 336, 337, 354, 379, 388, 389, 425, 454, 458, 463, 475, 487, 498, 499, 512, 530, 531, 532, 533, 534, 536, 573, 574, 575, 576, 577, 578, 579, 580, 581, 582, 583, 584, 585, 586, 587, 588, 589, 590, 591, 592, 593, 594, 595, 596, 597, 598, 599, 600, 601, 602, 603, 604, 605, 606, 607, 608, 609, 610, 611, 612, 613, 614, 615, 616, 617, 618, 619, 620, 621, 622, 623, 624, 625, 626, 627, 628, 629, 630, 631, 632, 633, 634, 635, 636, 637, 638, 639, 640, 641, 642, 643, 644, 645, 646, 647, 648, 649, 650, 651, 652, 653, 654, 655, 656, 657, 658, 659, 660, 661, 662, 663, 664, 665, 666, 667, 668, 669, 670, 671, 672, 673, 674, 675, 676, 677, 678, 679, 680, 681, 682, 683, 684, 685, 686, 687, 688, 689, 690, 691, 692, 693, 694, 695, 696, 697, 698, 699, 700, 701, 702, 703, 704, 705, 706, 707, 708, 709, 710, 711, 712, 713, 714, 715, 716, 717, 718, 719, 720, 721, 722, 723, 724, 725, 726, 727, 728, 729, 730, 731, 732, 733, 734, 735, 736, 737, 738, 739, 740, 741, 742, 743, 744, 745, 746, 747, 748, 749, 750, 751, 752, 753, 754, 755, 756, 757, 758, 759, 760, 761, 762, 763, 764, 765, 766, 767, 768, 769, 770, 771, 772, 773, 774, 775, 776, 777, 778, 779, 780, 781, 782, 783, 784, 785, 786, 787, 788, 789, 790, 791, 792, 793, 809, 829, 838, 839, 877, 901, 903, 905, 910, 923]",True,"[103, 201, 292, 574, 751]","[103, 104, 105, 106, 107, 108, 109, 110, 111, 112, 113, 114, 115, 116, 117, 118, 119, 120, 121, 122, 123, 124, 125, 126, 127, 128, 129, 130, 131, 132, 133, 134, 135, 136, 137, 138, 139, 140, 141, 142, 143, 144, 145, 146, 147, 148, 149, 150, 151, 152, 153, 154, 155, 156, 157, 158, 159, 160, 161, 162, 163, 164, 165, 166, 167, 168, 169, 170, 171, 172, 173, 174, 175, 176, 177, 178, 179, 180, 181, 182, 183, 184, 185, 186, 187, 188, 189, 190, 191, 192, 193, 194, 195, 196, 197, 198, 199, 200, 201, 202, 203, 204, 205, 206, 207, 208, 209, 210, 211, 212, 213, 214, 215, 216, 217, 218, 219, 220, 221, 222, 223, 224, 225, 226, 227, 228, 229, 230, 231, 232, 233, 234, 235, 236, 237, 238, 239, 240, 241, 242, 243, 244, 245, 246, 247, 248, 249, 250, 251, 252, 253, 254, 255, 256, 257, 258, 259, 260, 261, 262, 263, 264, 265, 266, 267, 268, 269, 270, 271, 272, 273, 274, 275, 276, 277, 278, 279, 280, 281, 282, 283, 284, 285, 286, 287, 288, 289, 290, 291, 292, 293, 294, 295, 296, 297, 298, 299, 300, 301, 302, 303, 304, 305, 306, 307, 308, 309, 310, 311, 312, 313, 314, 315, 316, 317, 318, 319, 320, 321, 322, 323, 324, 325, 326, 327, 328, 329, 330, 331, 332, 333, 334, 335, 336, 337, 574, 575, 576, 577, 578, 579, 580, 581, 582, 583, 584, 585, 586, 587, 588, 589, 590, 591, 592, 593, 594, 595, 596, 597, 598, 599, 600, 601, 602, 603, 604, 605, 606, 607, 608, 609, 610, 611, 612, 613, 614, 615, 616, 617, 618, 619, 620, 621, 622, 623, 624, 625, 626, 627, 628, 629, 630, 631, 632, 633, 634, 635, 636, 637, 638, 639, 640, 641, 642, 643, 644, 645, 646, 647, 648, 649, 650, 651, 652, 653, 654, 655, 656, 657, 658, 659, 660, 661, 662, 663, 664, 665, 666, 667, 668, 669, 670, 671, 672, 673, 674, 675, 676, 677, 678, 679, 680, 681, 682, 683, 684, 685, 686, 687, 688, 689, 690, 691, 692, 693, 694, 695, 696, 697, 698, 699, 700, 701, 702, 703, 704, 705, 706, 707, 708, 709, 710, 711, 712, 713, 714, 715, 716, 717, 718, 719, 720, 721, 722, 723, 724, 725, 726, 727, 728, 729, 730, 731, 732, 733, 734, 735, 736, 737, 738, 739, 740, 741, 742, 743, 744, 745, 746, 747, 748, 749, 750, 751, 752, 753, 754, 755, 756, 757, 758, 759, 760, 761, 762, 763, 764, 765, 766, 767, 768, 769, 770, 771, 772, 773, 774, 775, 776, 777, 778, 779, 780, 781, 782, 783, 784, 785, 786, 787, 788, 789, 790, 791, 792, 793]","[103, 111, 127, 153, 162, 201, 226, 292, 574, 581, 598, 624, 634, 690, 751]","[103, 292, 574, 751]","[103, 104, 106, 117, 118, 120, 121, 127, 128, 129, 131, 133, 135, 136, 137, 139, 146, 147, 148, 149, 151, 158, 160, 162, 166, 173, 178, 179, 185, 190, 192, 198, 201, 203, 204, 206, 207, 212, 213, 214, 219, 223, 224, 225, 227, 230, 235, 237, 246, 247, 251, 256, 259, 262, 263, 266, 268, 269, 271, 272, 278, 279, 284, 285, 288, 290, 292, 304, 312, 316, 319, 320, 323, 324, 332, 574, 575, 588, 591, 592, 607, 608, 610, 618, 619, 620, 622, 632, 644, 649, 650, 656, 661, 663, 669, 674, 677, 683, 684, 687, 688, 689, 701, 710, 714, 723, 730, 731, 738, 747, 751, 762, 774, 778, 789]","[1, 13, 14, 29, 54, 55, 56, 57, 58, 60, 102, 118, 125, 127, 130, 134, 146, 149, 153, 175, 182, 187, 189, 191, 197, 225, 230, 238, 264, 265, 266, 286, 302, 317, 336, 354, 379, 388, 389, 425, 454, 458, 463, 475, 487, 498, 499, 512, 530, 531, 532, 533, 534, 536, 573, 589, 596, 598, 601, 605, 617, 620, 624, 646, 653, 658, 660, 662, 668, 689, 694, 702, 724, 725, 745, 760, 775, 793, 809, 829, 838, 839, 877, 901, 903, 905, 910, 923]","[1, 13, 14, 29, 54, 55, 56, 57, 58, 60, 102, 118, 125, 127, 130, 134, 146, 149, 153, 175, 182, 187, 189, 191, 197, 225, 230, 238, 264, 265, 266, 286, 302, 317, 336, 379, 388, 389, 425, 454, 458, 463, 475, 487, 498, 499, 512, 530, 531, 532, 533, 534, 536, 573, 589, 596, 598, 601, 605, 617, 620, 624, 646, 653, 658, 660, 662, 668, 689, 694, 702, 724, 725, 745, 760, 775, 793, 829, 838, 839, 877, 901, 903, 905, 910, 923]",7/6 successful match,True,"[621, 622]",True,309,False,,0.6493333333333333,True,Kimber Renegade ( Shell ),Shell
G Bakersfield ( 93307 ) Renegade Flyers ( Shell ) ),661-366-1860 CA 58 Exit 117 ( CA 184 S ),24,Bakersfield,93307,Renegade Flyers ( Shell ) ),661-366-1860,2015,Bakersfield,CA,Shell,( CA 184 S ),CA 58 Exit 117 ,Exit,117,False,,False,CA 58,,,,,"[292, 751]","[103, 201, 292, 574, 751]","[103, 111, 127, 153, 162, 201, 226, 292, 574, 581, 598, 624, 634, 690, 751]","[103, 292, 574, 751]","[103, 104, 105, 106, 107, 108, 109, 110, 111, 112, 113, 114, 115, 116, 117, 118, 119, 120, 121, 122, 123, 124, 125, 126, 127, 128, 129, 130, 131, 132, 133, 134, 135, 136, 137, 138, 139, 140, 141, 142, 143, 144, 145, 146, 147, 148, 149, 150, 151, 152, 153, 154, 155, 156, 157, 158, 159, 160, 161, 162, 163, 164, 165, 166, 167, 168, 169, 170, 171, 172, 173, 174, 175, 176, 177, 178, 179, 180, 181, 182, 183, 184, 185, 186, 187, 188, 189, 190, 191, 192, 193, 194, 195, 196, 197, 198, 199, 200, 201, 202, 203, 204, 205, 206, 207, 208, 209, 210, 211, 212, 213, 214, 215, 216, 217, 218, 219, 220, 221, 222, 223, 224, 225, 226, 227, 228, 229, 230, 231, 232, 233, 234, 235, 236, 237, 238, 239, 240, 241, 242, 243, 244, 245, 246, 247, 248, 249, 250, 251, 252, 253, 254, 255, 256, 257, 258, 259, 260, 261, 262, 263, 264, 265, 266, 267, 268, 269, 270, 271, 272, 273, 274, 275, 276, 277, 278, 279, 280, 281, 282, 283, 284, 285, 286, 287, 288, 289, 290, 291, 292, 293, 294, 295, 296, 297, 298, 299, 300, 301, 302, 303, 304, 305, 306, 307, 308, 309, 310, 311, 312, 313, 314, 315, 316, 317, 318, 319, 320, 321, 322, 323, 324, 325, 326, 327, 328, 329, 330, 331, 332, 333, 334, 335, 336, 337, 574, 575, 576, 577, 578, 579, 580, 581, 582, 583, 584, 585, 586, 587, 588, 589, 590, 591, 592, 593, 594, 595, 596, 597, 598, 599, 600, 601, 602, 603, 604, 605, 606, 607, 608, 609, 610, 611, 612, 613, 614, 615, 616, 617, 618, 619, 620, 621, 622, 623, 624, 625, 626, 627, 628, 629, 630, 631, 632, 633, 634, 635, 636, 637, 638, 639, 640, 641, 642, 643, 644, 645, 646, 647, 648, 649, 650, 651, 652, 653, 654, 655, 656, 657, 658, 659, 660, 661, 662, 663, 664, 665, 666, 667, 668, 669, 670, 671, 672, 673, 674, 675, 676, 677, 678, 679, 680, 681, 682, 683, 684, 685, 686, 687, 688, 689, 690, 691, 692, 693, 694, 695, 696, 697, 698, 699, 700, 701, 702, 703, 704, 705, 706, 707, 708, 709, 710, 711, 712, 713, 714, 715, 716, 717, 718, 719, 720, 721, 722, 723, 724, 725, 726, 727, 728, 729, 730, 731, 732, 733, 734, 735, 736, 737, 738, 739, 740, 741, 742, 743, 744, 745, 746, 747, 748, 749, 750, 751, 752, 753, 754, 755, 756, 757, 758, 759, 760, 761, 762, 763, 764, 765, 766, 767, 768, 769, 770, 771, 772, 773, 774, 775, 776, 777, 778, 779, 780, 781, 782, 783, 784, 785, 786, 787, 788, 789, 790, 791, 792, 793]","[103, 104, 106, 117, 118, 120, 121, 127, 128, 129, 131, 133, 135, 136, 137, 139, 146, 147, 148, 149, 151, 158, 160, 162, 166, 173, 178, 179, 185, 190, 192, 198, 201, 203, 204, 206, 207, 212, 213, 214, 219, 223, 224, 225, 227, 230, 235, 237, 246, 247, 251, 256, 259, 262, 263, 266, 268, 269, 271, 272, 278, 279, 284, 285, 288, 290, 292, 304, 312, 316, 319, 320, 323, 324, 332, 574, 575, 588, 591, 592, 607, 608, 610, 618, 619, 620, 622, 632, 644, 649, 650, 656, 661, 663, 669, 674, 677, 683, 684, 687, 688, 689, 701, 710, 714, 723, 730, 731, 738, 747, 751, 762, 774, 778, 789]","[1, 13, 14, 29, 54, 55, 56, 57, 58, 60, 102, 118, 125, 127, 130, 134, 146, 149, 153, 175, 182, 187, 189, 191, 197, 225, 230, 238, 264, 265, 266, 286, 302, 317, 336, 379, 388, 389, 425, 454, 458, 463, 475, 487, 498, 499, 512, 530, 531, 532, 533, 534, 536, 573, 589, 596, 598, 601, 605, 617, 620, 624, 646, 653, 658, 660, 662, 668, 689, 694, 702, 724, 725, 745, 760, 775, 793, 829, 838, 839, 877, 901, 903, 905, 910, 923]","[1, 13, 14, 29, 54, 55, 56, 57, 58, 60, 102, 118, 125, 127, 130, 134, 146, 149, 153, 175, 182, 187, 189, 191, 197, 225, 230, 238, 264, 265, 266, 286, 302, 317, 336, 354, 379, 388, 389, 425, 454, 458, 463, 475, 487, 498, 499, 512, 530, 531, 532, 533, 534, 536, 573, 589, 596, 598, 601, 605, 617, 620, 624, 646, 653, 658, 660, 662, 668, 689, 694, 702, 724, 725, 745, 760, 775, 793, 809, 829, 838, 839, 877, 901, 903, 905, 910, 923]","[1, 13, 14, 29, 54, 55, 56, 57, 58, 60, 102, 103, 104, 105, 106, 107, 108, 109, 110, 111, 112, 113, 114, 115, 116, 117, 118, 119, 120, 121, 122, 123, 124, 125, 126, 127, 128, 129, 130, 131, 132, 133, 134, 135, 136, 137, 138, 139, 140, 141, 142, 143, 144, 145, 146, 147, 148, 149, 150, 151, 152, 153, 154, 155, 156, 157, 158, 159, 160, 161, 162, 163, 164, 165, 166, 167, 168, 169, 170, 171, 172, 173, 174, 175, 176, 177, 178, 179, 180, 181, 182, 183, 184, 185, 186, 187, 188, 189, 190, 191, 192, 193, 194, 195, 196, 197, 198, 199, 200, 201, 202, 203, 204, 205, 206, 207, 208, 209, 210, 211, 212, 213, 214, 215, 216, 217, 218, 219, 220, 221, 222, 223, 224, 225, 226, 227, 228, 229, 230, 231, 232, 233, 234, 235, 236, 237, 238, 239, 240, 241, 242, 243, 244, 245, 246, 247, 248, 249, 250, 251, 252, 253, 254, 255, 256, 257, 258, 259, 260, 261, 262, 263, 264, 265, 266, 267, 268, 269, 270, 271, 272, 273, 274, 275, 276, 277, 278, 279, 280, 281, 282, 283, 284, 285, 286, 287, 288, 289, 290, 291, 292, 293, 294, 295, 296, 297, 298, 299, 300, 301, 302, 303, 304, 305, 306, 307, 308, 309, 310, 311, 312, 313, 314, 315, 316, 317, 318, 319, 320, 321, 322, 323, 324, 325, 326, 327, 328, 329, 330, 331, 332, 333, 334, 335, 336, 337, 354, 379, 388, 389, 425, 454, 458, 463, 475, 487, 498, 499, 512, 530, 531, 532, 533, 534, 536, 573, 574, 575, 576, 577, 578, 579, 580, 581, 582, 583, 584, 585, 586, 587, 588, 589, 590, 591, 592, 593, 594, 595, 596, 597, 598, 599, 600, 601, 602, 603, 604, 605, 606, 607, 608, 609, 610, 611, 612, 613, 614, 615, 616, 617, 618, 619, 620, 621, 622, 623, 624, 625, 626, 627, 628, 629, 630, 631, 632, 633, 634, 635, 636, 637, 638, 639, 640, 641, 642, 643, 644, 645, 646, 647, 648, 649, 650, 651, 652, 653, 654, 655, 656, 657, 658, 659, 660, 661, 662, 663, 664, 665, 666, 667, 668, 669, 670, 671, 672, 673, 674, 675, 676, 677, 678, 679, 680, 681, 682, 683, 684, 685, 686, 687, 688, 689, 690, 691, 692, 693, 694, 695, 696, 697, 698, 699, 700, 701, 702, 703, 704, 705, 706, 707, 708, 709, 710, 711, 712, 713, 714, 715, 716, 717, 718, 719, 720, 721, 722, 723, 724, 725, 726, 727, 728, 729, 730, 731, 732, 733, 734, 735, 736, 737, 738, 739, 740, 741, 742, 743, 744, 745, 746, 747, 748, 749, 750, 751, 752, 753, 754, 755, 756, 757, 758, 759, 760, 761, 762, 763, 764, 765, 766, 767, 768, 769, 770, 771, 772, 773, 774, 775, 776, 777, 778, 779, 780, 781, 782, 783, 784, 785, 786, 787, 788, 789, 790, 791, 792, 793, 809, 829, 838, 839, 877, 901, 903, 905, 910, 923]",True,"[103, 201, 292, 574, 751]","[103, 104, 105, 106, 107, 108, 109, 110, 111, 112, 113, 114, 115, 116, 117, 118, 119, 120, 121, 122, 123, 124, 125, 126, 127, 128, 129, 130, 131, 132, 133, 134, 135, 136, 137, 138, 139, 140, 141, 142, 143, 144, 145, 146, 147, 148, 149, 150, 151, 152, 153, 154, 155, 156, 157, 158, 159, 160, 161, 162, 163, 164, 165, 166, 167, 168, 169, 170, 171, 172, 173, 174, 175, 176, 177, 178, 179, 180, 181, 182, 183, 184, 185, 186, 187, 188, 189, 190, 191, 192, 193, 194, 195, 196, 197, 198, 199, 200, 201, 202, 203, 204, 205, 206, 207, 208, 209, 210, 211, 212, 213, 214, 215, 216, 217, 218, 219, 220, 221, 222, 223, 224, 225, 226, 227, 228, 229, 230, 231, 232, 233, 234, 235, 236, 237, 238, 239, 240, 241, 242, 243, 244, 245, 246, 247, 248, 249, 250, 251, 252, 253, 254, 255, 256, 257, 258, 259, 260, 261, 262, 263, 264, 265, 266, 267, 268, 269, 270, 271, 272, 273, 274, 275, 276, 277, 278, 279, 280, 281, 282, 283, 284, 285, 286, 287, 288, 289, 290, 291, 292, 293, 294, 295, 296, 297, 298, 299, 300, 301, 302, 303, 304, 305, 306, 307, 308, 309, 310, 311, 312, 313, 314, 315, 316, 317, 318, 319, 320, 321, 322, 323, 324, 325, 326, 327, 328, 329, 330, 331, 332, 333, 334, 335, 336, 337, 574, 575, 576, 577, 578, 579, 580, 581, 582, 583, 584, 585, 586, 587, 588, 589, 590, 591, 592, 593, 594, 595, 596, 597, 598, 599, 600, 601, 602, 603, 604, 605, 606, 607, 608, 609, 610, 611, 612, 613, 614, 615, 616, 617, 618, 619, 620, 621, 622, 623, 624, 625, 626, 627, 628, 629, 630, 631, 632, 633, 634, 635, 636, 637, 638, 639, 640, 641, 642, 643, 644, 645, 646, 647, 648, 649, 650, 651, 652, 653, 654, 655, 656, 657, 658, 659, 660, 661, 662, 663, 664, 665, 666, 667, 668, 669, 670, 671, 672, 673, 674, 675, 676, 677, 678, 679, 680, 681, 682, 683, 684, 685, 686, 687, 688, 689, 690, 691, 692, 693, 694, 695, 696, 697, 698, 699, 700, 701, 702, 703, 704, 705, 706, 707, 708, 709, 710, 711, 712, 713, 714, 715, 716, 717, 718, 719, 720, 721, 722, 723, 724, 725, 726, 727, 728, 729, 730, 731, 732, 733, 734, 735, 736, 737, 738, 739, 740, 741, 742, 743, 744, 745, 746, 747, 748, 749, 750, 751, 752, 753, 754, 755, 756, 757, 758, 759, 760, 761, 762, 763, 764, 765, 766, 767, 768, 769, 770, 771, 772, 773, 774, 775, 776, 777, 778, 779, 780, 781, 782, 783, 784, 785, 786, 787, 788, 789, 790, 791, 792, 793]","[103, 111, 127, 153, 162, 201, 226, 292, 574, 581, 598, 624, 634, 690, 751]","[103, 292, 574, 751]","[103, 104, 106, 117, 118, 120, 121, 127, 128, 129, 131, 133, 135, 136, 137, 139, 146, 147, 148, 149, 151, 158, 160, 162, 166, 173, 178, 179, 185, 190, 192, 198, 201, 203, 204, 206, 207, 212, 213, 214, 219, 223, 224, 225, 227, 230, 235, 237, 246, 247, 251, 256, 259, 262, 263, 266, 268, 269, 271, 272, 278, 279, 284, 285, 288, 290, 292, 304, 312, 316, 319, 320, 323, 324, 332, 574, 575, 588, 591, 592, 607, 608, 610, 618, 619, 620, 622, 632, 644, 649, 650, 656, 661, 663, 669, 674, 677, 683, 684, 687, 688, 689, 701, 710, 714, 723, 730, 731, 738, 747, 751, 762, 774, 778, 789]","[1, 13, 14, 29, 54, 55, 56, 57, 58, 60, 102, 118, 125, 127, 130, 134, 146, 149, 153, 175, 182, 187, 189, 191, 197, 225, 230, 238, 264, 265, 266, 286, 302, 317, 336, 354, 379, 388, 389, 425, 454, 458, 463, 475, 487, 498, 499, 512, 530, 531, 532, 533, 534, 536, 573, 589, 596, 598, 601, 605, 617, 620, 624, 646, 653, 658, 660, 662, 668, 689, 694, 702, 724, 725, 745, 760, 775, 793, 809, 829, 838, 839, 877, 901, 903, 905, 910, 923]","[1, 13, 14, 29, 54, 55, 56, 57, 58, 60, 102, 118, 125, 127, 130, 134, 146, 149, 153, 175, 182, 187, 189, 191, 197, 225, 230, 238, 264, 265, 266, 286, 302, 317, 336, 379, 388, 389, 425, 454, 458, 463, 475, 487, 498, 499, 512, 530, 531, 532, 533, 534, 536, 573, 589, 596, 598, 601, 605, 617, 620, 624, 646, 653, 658, 660, 662, 668, 689, 694, 702, 724, 725, 745, 760, 775, 793, 829, 838, 839, 877, 901, 903, 905, 910, 923]",7/6 successful match,True,"[621, 622]",True,309,False,,1.0,True,Renegade Flyers ( Shell ),Shell
Bakersfield ( 93307 ) Flyers # 222 ( Shell ),661-366-1860 CA 58 Exit 117 ( CA 184 S ),24 MO,Bakersfield,93307,Flyers # 222 ( Shell ),661-366-1860,2016,Bakersfield,CA,Shell,( CA 184 S ),CA 58 Exit 117 ,Exit,117,False,,False,CA 58,,,,,"[292, 751]","[103, 201, 292, 574, 751]","[103, 111, 127, 153, 162, 201, 226, 292, 574, 581, 598, 624, 634, 690, 751]","[103, 292, 574, 751]","[103, 104, 105, 106, 107, 108, 109, 110, 111, 112, 113, 114, 115, 116, 117, 118, 119, 120, 121, 122, 123, 124, 125, 126, 127, 128, 129, 130, 131, 132, 133, 134, 135, 136, 137, 138, 139, 140, 141, 142, 143, 144, 145, 146, 147, 148, 149, 150, 151, 152, 153, 154, 155, 156, 157, 158, 159, 160, 161, 162, 163, 164, 165, 166, 167, 168, 169, 170, 171, 172, 173, 174, 175, 176, 177, 178, 179, 180, 181, 182, 183, 184, 185, 186, 187, 188, 189, 190, 191, 192, 193, 194, 195, 196, 197, 198, 199, 200, 201, 202, 203, 204, 205, 206, 207, 208, 209, 210, 211, 212, 213, 214, 215, 216, 217, 218, 219, 220, 221, 222, 223, 224, 225, 226, 227, 228, 229, 230, 231, 232, 233, 234, 235, 236, 237, 238, 239, 240, 241, 242, 243, 244, 245, 246, 247, 248, 249, 250, 251, 252, 253, 254, 255, 256, 257, 258, 259, 260, 261, 262, 263, 264, 265, 266, 267, 268, 269, 270, 271, 272, 273, 274, 275, 276, 277, 278, 279, 280, 281, 282, 283, 284, 285, 286, 287, 288, 289, 290, 291, 292, 293, 294, 295, 296, 297, 298, 299, 300, 301, 302, 303, 304, 305, 306, 307, 308, 309, 310, 311, 312, 313, 314, 315, 316, 317, 318, 319, 320, 321, 322, 323, 324, 325, 326, 327, 328, 329, 330, 331, 332, 333, 334, 335, 336, 337, 574, 575, 576, 577, 578, 579, 580, 581, 582, 583, 584, 585, 586, 587, 588, 589, 590, 591, 592, 593, 594, 595, 596, 597, 598, 599, 600, 601, 602, 603, 604, 605, 606, 607, 608, 609, 610, 611, 612, 613, 614, 615, 616, 617, 618, 619, 620, 621, 622, 623, 624, 625, 626, 627, 628, 629, 630, 631, 632, 633, 634, 635, 636, 637, 638, 639, 640, 641, 642, 643, 644, 645, 646, 647, 648, 649, 650, 651, 652, 653, 654, 655, 656, 657, 658, 659, 660, 661, 662, 663, 664, 665, 666, 667, 668, 669, 670, 671, 672, 673, 674, 675, 676, 677, 678, 679, 680, 681, 682, 683, 684, 685, 686, 687, 688, 689, 690, 691, 692, 693, 694, 695, 696, 697, 698, 699, 700, 701, 702, 703, 704, 705, 706, 707, 708, 709, 710, 711, 712, 713, 714, 715, 716, 717, 718, 719, 720, 721, 722, 723, 724, 725, 726, 727, 728, 729, 730, 731, 732, 733, 734, 735, 736, 737, 738, 739, 740, 741, 742, 743, 744, 745, 746, 747, 748, 749, 750, 751, 752, 753, 754, 755, 756, 757, 758, 759, 760, 761, 762, 763, 764, 765, 766, 767, 768, 769, 770, 771, 772, 773, 774, 775, 776, 777, 778, 779, 780, 781, 782, 783, 784, 785, 786, 787, 788, 789, 790, 791, 792, 793]","[103, 104, 106, 117, 118, 120, 121, 127, 128, 129, 131, 133, 135, 136, 137, 139, 146, 147, 148, 149, 151, 158, 160, 162, 166, 173, 178, 179, 185, 190, 192, 198, 201, 203, 204, 206, 207, 212, 213, 214, 219, 223, 224, 225, 227, 230, 235, 237, 246, 247, 251, 256, 259, 262, 263, 266, 268, 269, 271, 272, 278, 279, 284, 285, 288, 290, 292, 304, 312, 316, 319, 320, 323, 324, 332, 574, 575, 588, 591, 592, 607, 608, 610, 618, 619, 620, 622, 632, 644, 649, 650, 656, 661, 663, 669, 674, 677, 683, 684, 687, 688, 689, 701, 710, 714, 723, 730, 731, 738, 747, 751, 762, 774, 778, 789]","[1, 13, 14, 29, 54, 55, 56, 57, 58, 60, 102, 118, 125, 127, 130, 134, 146, 149, 153, 175, 182, 187, 189, 191, 197, 225, 230, 238, 264, 265, 266, 286, 302, 317, 336, 379, 388, 389, 425, 454, 458, 463, 475, 487, 498, 499, 512, 530, 531, 532, 533, 534, 536, 573, 589, 596, 598, 601, 605, 617, 620, 624, 646, 653, 658, 660, 662, 668, 689, 694, 702, 724, 725, 745, 760, 775, 793, 829, 838, 839, 877, 901, 903, 905, 910, 923]","[1, 13, 14, 29, 54, 55, 56, 57, 58, 60, 102, 118, 125, 127, 130, 134, 146, 149, 153, 175, 182, 187, 189, 191, 197, 225, 230, 238, 264, 265, 266, 286, 302, 317, 336, 354, 379, 388, 389, 425, 454, 458, 463, 475, 487, 498, 499, 512, 530, 531, 532, 533, 534, 536, 573, 589, 596, 598, 601, 605, 617, 620, 624, 646, 653, 658, 660, 662, 668, 689, 694, 702, 724, 725, 745, 760, 775, 793, 809, 829, 838, 839, 877, 901, 903, 905, 910, 923]","[1, 13, 14, 29, 54, 55, 56, 57, 58, 60, 102, 103, 104, 105, 106, 107, 108, 109, 110, 111, 112, 113, 114, 115, 116, 117, 118, 119, 120, 121, 122, 123, 124, 125, 126, 127, 128, 129, 130, 131, 132, 133, 134, 135, 136, 137, 138, 139, 140, 141, 142, 143, 144, 145, 146, 147, 148, 149, 150, 151, 152, 153, 154, 155, 156, 157, 158, 159, 160, 161, 162, 163, 164, 165, 166, 167, 168, 169, 170, 171, 172, 173, 174, 175, 176, 177, 178, 179, 180, 181, 182, 183, 184, 185, 186, 187, 188, 189, 190, 191, 192, 193, 194, 195, 196, 197, 198, 199, 200, 201, 202, 203, 204, 205, 206, 207, 208, 209, 210, 211, 212, 213, 214, 215, 216, 217, 218, 219, 220, 221, 222, 223, 224, 225, 226, 227, 228, 229, 230, 231, 232, 233, 234, 235, 236, 237, 238, 239, 240, 241, 242, 243, 244, 245, 246, 247, 248, 249, 250, 251, 252, 253, 254, 255, 256, 257, 258, 259, 260, 261, 262, 263, 264, 265, 266, 267, 268, 269, 270, 271, 272, 273, 274, 275, 276, 277, 278, 279, 280, 281, 282, 283, 284, 285, 286, 287, 288, 289, 290, 291, 292, 293, 294, 295, 296, 297, 298, 299, 300, 301, 302, 303, 304, 305, 306, 307, 308, 309, 310, 311, 312, 313, 314, 315, 316, 317, 318, 319, 320, 321, 322, 323, 324, 325, 326, 327, 328, 329, 330, 331, 332, 333, 334, 335, 336, 337, 354, 379, 388, 389, 425, 454, 458, 463, 475, 487, 498, 499, 512, 530, 531, 532, 533, 534, 536, 573, 574, 575, 576, 577, 578, 579, 580, 581, 582, 583, 584, 585, 586, 587, 588, 589, 590, 591, 592, 593, 594, 595, 596, 597, 598, 599, 600, 601, 602, 603, 604, 605, 606, 607, 608, 609, 610, 611, 612, 613, 614, 615, 616, 617, 618, 619, 620, 621, 622, 623, 624, 625, 626, 627, 628, 629, 630, 631, 632, 633, 634, 635, 636, 637, 638, 639, 640, 641, 642, 643, 644, 645, 646, 647, 648, 649, 650, 651, 652, 653, 654, 655, 656, 657, 658, 659, 660, 661, 662, 663, 664, 665, 666, 667, 668, 669, 670, 671, 672, 673, 674, 675, 676, 677, 678, 679, 680, 681, 682, 683, 684, 685, 686, 687, 688, 689, 690, 691, 692, 693, 694, 695, 696, 697, 698, 699, 700, 701, 702, 703, 704, 705, 706, 707, 708, 709, 710, 711, 712, 713, 714, 715, 716, 717, 718, 719, 720, 721, 722, 723, 724, 725, 726, 727, 728, 729, 730, 731, 732, 733, 734, 735, 736, 737, 738, 739, 740, 741, 742, 743, 744, 745, 746, 747, 748, 749, 750, 751, 752, 753, 754, 755, 756, 757, 758, 759, 760, 761, 762, 763, 764, 765, 766, 767, 768, 769, 770, 771, 772, 773, 774, 775, 776, 777, 778, 779, 780, 781, 782, 783, 784, 785, 786, 787, 788, 789, 790, 791, 792, 793, 809, 829, 838, 839, 877, 901, 903, 905, 910, 923]",True,"[103, 201, 292, 574, 751]","[103, 104, 105, 106, 107, 108, 109, 110, 111, 112, 113, 114, 115, 116, 117, 118, 119, 120, 121, 122, 123, 124, 125, 126, 127, 128, 129, 130, 131, 132, 133, 134, 135, 136, 137, 138, 139, 140, 141, 142, 143, 144, 145, 146, 147, 148, 149, 150, 151, 152, 153, 154, 155, 156, 157, 158, 159, 160, 161, 162, 163, 164, 165, 166, 167, 168, 169, 170, 171, 172, 173, 174, 175, 176, 177, 178, 179, 180, 181, 182, 183, 184, 185, 186, 187, 188, 189, 190, 191, 192, 193, 194, 195, 196, 197, 198, 199, 200, 201, 202, 203, 204, 205, 206, 207, 208, 209, 210, 211, 212, 213, 214, 215, 216, 217, 218, 219, 220, 221, 222, 223, 224, 225, 226, 227, 228, 229, 230, 231, 232, 233, 234, 235, 236, 237, 238, 239, 240, 241, 242, 243, 244, 245, 246, 247, 248, 249, 250, 251, 252, 253, 254, 255, 256, 257, 258, 259, 260, 261, 262, 263, 264, 265, 266, 267, 268, 269, 270, 271, 272, 273, 274, 275, 276, 277, 278, 279, 280, 281, 282, 283, 284, 285, 286, 287, 288, 289, 290, 291, 292, 293, 294, 295, 296, 297, 298, 299, 300, 301, 302, 303, 304, 305, 306, 307, 308, 309, 310, 311, 312, 313, 314, 315, 316, 317, 318, 319, 320, 321, 322, 323, 324, 325, 326, 327, 328, 329, 330, 331, 332, 333, 334, 335, 336, 337, 574, 575, 576, 577, 578, 579, 580, 581, 582, 583, 584, 585, 586, 587, 588, 589, 590, 591, 592, 593, 594, 595, 596, 597, 598, 599, 600, 601, 602, 603, 604, 605, 606, 607, 608, 609, 610, 611, 612, 613, 614, 615, 616, 617, 618, 619, 620, 621, 622, 623, 624, 625, 626, 627, 628, 629, 630, 631, 632, 633, 634, 635, 636, 637, 638, 639, 640, 641, 642, 643, 644, 645, 646, 647, 648, 649, 650, 651, 652, 653, 654, 655, 656, 657, 658, 659, 660, 661, 662, 663, 664, 665, 666, 667, 668, 669, 670, 671, 672, 673, 674, 675, 676, 677, 678, 679, 680, 681, 682, 683, 684, 685, 686, 687, 688, 689, 690, 691, 692, 693, 694, 695, 696, 697, 698, 699, 700, 701, 702, 703, 704, 705, 706, 707, 708, 709, 710, 711, 712, 713, 714, 715, 716, 717, 718, 719, 720, 721, 722, 723, 724, 725, 726, 727, 728, 729, 730, 731, 732, 733, 734, 735, 736, 737, 738, 739, 740, 741, 742, 743, 744, 745, 746, 747, 748, 749, 750, 751, 752, 753, 754, 755, 756, 757, 758, 759, 760, 761, 762, 763, 764, 765, 766, 767, 768, 769, 770, 771, 772, 773, 774, 775, 776, 777, 778, 779, 780, 781, 782, 783, 784, 785, 786, 787, 788, 789, 790, 791, 792, 793]","[103, 111, 127, 153, 162, 201, 226, 292, 574, 581, 598, 624, 634, 690, 751]","[103, 292, 574, 751]","[103, 104, 106, 117, 118, 120, 121, 127, 128, 129, 131, 133, 135, 136, 137, 139, 146, 147, 148, 149, 151, 158, 160, 162, 166, 173, 178, 179, 185, 190, 192, 198, 201, 203, 204, 206, 207, 212, 213, 214, 219, 223, 224, 225, 227, 230, 235, 237, 246, 247, 251, 256, 259, 262, 263, 266, 268, 269, 271, 272, 278, 279, 284, 285, 288, 290, 292, 304, 312, 316, 319, 320, 323, 324, 332, 574, 575, 588, 591, 592, 607, 608, 610, 618, 619, 620, 622, 632, 644, 649, 650, 656, 661, 663, 669, 674, 677, 683, 684, 687, 688, 689, 701, 710, 714, 723, 730, 731, 738, 747, 751, 762, 774, 778, 789]","[1, 13, 14, 29, 54, 55, 56, 57, 58, 60, 102, 118, 125, 127, 130, 134, 146, 149, 153, 175, 182, 187, 189, 191, 197, 225, 230, 238, 264, 265, 266, 286, 302, 317, 336, 354, 379, 388, 389, 425, 454, 458, 463, 475, 487, 498, 499, 512, 530, 531, 532, 533, 534, 536, 573, 589, 596, 598, 601, 605, 617, 620, 624, 646, 653, 658, 660, 662, 668, 689, 694, 702, 724, 725, 745, 760, 775, 793, 809, 829, 838, 839, 877, 901, 903, 905, 910, 923]","[1, 13, 14, 29, 54, 55, 56, 57, 58, 60, 102, 118, 125, 127, 130, 134, 146, 149, 153, 175, 182, 187, 189, 191, 197, 225, 230, 238, 264, 265, 266, 286, 302, 317, 336, 379, 388, 389, 425, 454, 458, 463, 475, 487, 498, 499, 512, 530, 531, 532, 533, 534, 536, 573, 589, 596, 598, 601, 605, 617, 620, 624, 646, 653, 658, 660, 662, 668, 689, 694, 702, 724, 725, 745, 760, 775, 793, 829, 838, 839, 877, 901, 903, 905, 910, 923]",7/6 successful match,True,"[621, 622]",True,309,False,,0.629251700680272,True,Renegade Flyers ( Shell ) ),Shell
"Bakersfield , 93308 Flying J Travel Plaza # 0500320",661-392-5300 CA 99 Exit 39 ( Merced Ave ),000,Bakersfield,93308,Flying J Travel Plaza # 0500320,661-392-5300,2006,Bakersfield,CA,Flying J,( Merced Ave ),CA 99 Exit 39 ,Exit,39,False,,False,CA 99,,,,,"[162, 634]","[111, 162, 581, 634]","[103, 111, 127, 153, 162, 201, 226, 292, 574, 581, 598, 624, 634, 690, 751]","[162, 634]","[103, 104, 105, 106, 107, 108, 109, 110, 111, 112, 113, 114, 115, 116, 117, 118, 119, 120, 121, 122, 123, 124, 125, 126, 127, 128, 129, 130, 131, 132, 133, 134, 135, 136, 137, 138, 139, 140, 141, 142, 143, 144, 145, 146, 147, 148, 149, 150, 151, 152, 153, 154, 155, 156, 157, 158, 159, 160, 161, 162, 163, 164, 165, 166, 167, 168, 169, 170, 171, 172, 173, 174, 175, 176, 177, 178, 179, 180, 181, 182, 183, 184, 185, 186, 187, 188, 189, 190, 191, 192, 193, 194, 195, 196, 197, 198, 199, 200, 201, 202, 203, 204, 205, 206, 207, 208, 209, 210, 211, 212, 213, 214, 215, 216, 217, 218, 219, 220, 221, 222, 223, 224, 225, 226, 227, 228, 229, 230, 231, 232, 233, 234, 235, 236, 237, 238, 239, 240, 241, 242, 243, 244, 245, 246, 247, 248, 249, 250, 251, 252, 253, 254, 255, 256, 257, 258, 259, 260, 261, 262, 263, 264, 265, 266, 267, 268, 269, 270, 271, 272, 273, 274, 275, 276, 277, 278, 279, 280, 281, 282, 283, 284, 285, 286, 287, 288, 289, 290, 291, 292, 293, 294, 295, 296, 297, 298, 299, 300, 301, 302, 303, 304, 305, 306, 307, 308, 309, 310, 311, 312, 313, 314, 315, 316, 317, 318, 319, 320, 321, 322, 323, 324, 325, 326, 327, 328, 329, 330, 331, 332, 333, 334, 335, 336, 337, 574, 575, 576, 577, 578, 579, 580, 581, 582, 583, 584, 585, 586, 587, 588, 589, 590, 591, 592, 593, 594, 595, 596, 597, 598, 599, 600, 601, 602, 603, 604, 605, 606, 607, 608, 609, 610, 611, 612, 613, 614, 615, 616, 617, 618, 619, 620, 621, 622, 623, 624, 625, 626, 627, 628, 629, 630, 631, 632, 633, 634, 635, 636, 637, 638, 639, 640, 641, 642, 643, 644, 645, 646, 647, 648, 649, 650, 651, 652, 653, 654, 655, 656, 657, 658, 659, 660, 661, 662, 663, 664, 665, 666, 667, 668, 669, 670, 671, 672, 673, 674, 675, 676, 677, 678, 679, 680, 681, 682, 683, 684, 685, 686, 687, 688, 689, 690, 691, 692, 693, 694, 695, 696, 697, 698, 699, 700, 701, 702, 703, 704, 705, 706, 707, 708, 709, 710, 711, 712, 713, 714, 715, 716, 717, 718, 719, 720, 721, 722, 723, 724, 725, 726, 727, 728, 729, 730, 731, 732, 733, 734, 735, 736, 737, 738, 739, 740, 741, 742, 743, 744, 745, 746, 747, 748, 749, 750, 751, 752, 753, 754, 755, 756, 757, 758, 759, 760, 761, 762, 763, 764, 765, 766, 767, 768, 769, 770, 771, 772, 773, 774, 775, 776, 777, 778, 779, 780, 781, 782, 783, 784, 785, 786, 787, 788, 789, 790, 791, 792, 793]","[10, 75, 103, 104, 106, 117, 118, 120, 127, 128, 129, 131, 133, 135, 136, 137, 139, 146, 147, 148, 149, 151, 158, 160, 162, 166, 173, 178, 179, 185, 190, 192, 198, 201, 203, 204, 206, 207, 212, 213, 214, 219, 223, 224, 225, 227, 230, 235, 237, 246, 247, 256, 259, 262, 263, 266, 268, 269, 271, 272, 278, 279, 284, 285, 288, 290, 292, 304, 306, 312, 316, 319, 320, 323, 324, 329, 332, 335, 495, 549, 574, 575, 577, 588, 589, 591, 598, 599, 600, 602, 604, 606, 607, 608, 610, 617, 618, 619, 620, 622, 625, 630, 632, 634, 638, 644, 649, 650, 656, 661, 663, 669, 673, 674, 676, 677, 682, 683, 684, 687, 688, 689, 691, 694, 699, 701, 710, 718, 722, 723, 727, 728, 730, 731, 737, 738, 743, 744, 747, 749, 751, 762, 764, 770, 774, 777, 778, 781, 782, 789, 791]","[17, 18, 19, 20, 21, 22, 23, 156, 157, 158, 159, 160, 161, 162, 163, 164, 165, 166, 167, 341, 342, 343, 344, 345, 412, 413, 414, 415, 416, 417, 418, 419, 420, 421, 422, 502, 503, 504, 505, 506, 507, 628, 629, 630, 631, 632, 633, 634, 635, 636, 637, 638, 639, 792, 797, 798, 799, 800, 801, 863, 864, 865, 866, 867, 868, 869, 870, 871, 872, 873, 874]","[17, 18, 19, 20, 21, 22, 23, 156, 157, 158, 159, 160, 161, 162, 163, 164, 165, 166, 167, 168, 340, 341, 342, 343, 344, 345, 346, 412, 413, 414, 415, 416, 417, 418, 419, 420, 421, 422, 502, 503, 504, 505, 506, 507, 628, 629, 630, 631, 632, 633, 634, 635, 636, 637, 638, 639, 792, 796, 797, 798, 799, 800, 801, 863, 864, 865, 866, 867, 868, 869, 870, 871, 872, 873, 874]","[10, 17, 18, 19, 20, 21, 22, 23, 75, 103, 104, 105, 106, 107, 108, 109, 110, 111, 112, 113, 114, 115, 116, 117, 118, 119, 120, 121, 122, 123, 124, 125, 126, 127, 128, 129, 130, 131, 132, 133, 134, 135, 136, 137, 138, 139, 140, 141, 142, 143, 144, 145, 146, 147, 148, 149, 150, 151, 152, 153, 154, 155, 156, 157, 158, 159, 160, 161, 162, 163, 164, 165, 166, 167, 168, 169, 170, 171, 172, 173, 174, 175, 176, 177, 178, 179, 180, 181, 182, 183, 184, 185, 186, 187, 188, 189, 190, 191, 192, 193, 194, 195, 196, 197, 198, 199, 200, 201, 202, 203, 204, 205, 206, 207, 208, 209, 210, 211, 212, 213, 214, 215, 216, 217, 218, 219, 220, 221, 222, 223, 224, 225, 226, 227, 228, 229, 230, 231, 232, 233, 234, 235, 236, 237, 238, 239, 240, 241, 242, 243, 244, 245, 246, 247, 248, 249, 250, 251, 252, 253, 254, 255, 256, 257, 258, 259, 260, 261, 262, 263, 264, 265, 266, 267, 268, 269, 270, 271, 272, 273, 274, 275, 276, 277, 278, 279, 280, 281, 282, 283, 284, 285, 286, 287, 288, 289, 290, 291, 292, 293, 294, 295, 296, 297, 298, 299, 300, 301, 302, 303, 304, 305, 306, 307, 308, 309, 310, 311, 312, 313, 314, 315, 316, 317, 318, 319, 320, 321, 322, 323, 324, 325, 326, 327, 328, 329, 330, 331, 332, 333, 334, 335, 336, 337, 340, 341, 342, 343, 344, 345, 346, 412, 413, 414, 415, 416, 417, 418, 419, 420, 421, 422, 495, 502, 503, 504, 505, 506, 507, 549, 574, 575, 576, 577, 578, 579, 580, 581, 582, 583, 584, 585, 586, 587, 588, 589, 590, 591, 592, 593, 594, 595, 596, 597, 598, 599, 600, 601, 602, 603, 604, 605, 606, 607, 608, 609, 610, 611, 612, 613, 614, 615, 616, 617, 618, 619, 620, 621, 622, 623, 624, 625, 626, 627, 628, 629, 630, 631, 632, 633, 634, 635, 636, 637, 638, 639, 640, 641, 642, 643, 644, 645, 646, 647, 648, 649, 650, 651, 652, 653, 654, 655, 656, 657, 658, 659, 660, 661, 662, 663, 664, 665, 666, 667, 668, 669, 670, 671, 672, 673, 674, 675, 676, 677, 678, 679, 680, 681, 682, 683, 684, 685, 686, 687, 688, 689, 690, 691, 692, 693, 694, 695, 696, 697, 698, 699, 700, 701, 702, 703, 704, 705, 706, 707, 708, 709, 710, 711, 712, 713, 714, 715, 716, 717, 718, 719, 720, 721, 722, 723, 724, 725, 726, 727, 728, 729, 730, 731, 732, 733, 734, 735, 736, 737, 738, 739, 740, 741, 742, 743, 744, 745, 746, 747, 748, 749, 750, 751, 752, 753, 754, 755, 756, 757, 758, 759, 760, 761, 762, 763, 764, 765, 766, 767, 768, 769, 770, 771, 772, 773, 774, 775, 776, 777, 778, 779, 780, 781, 782, 783, 784, 785, 786, 787, 788, 789, 790, 791, 792, 793, 796, 797, 798, 799, 800, 801, 863, 864, 865, 866, 867, 868, 869, 870, 871, 872, 873, 874]",True,"[111, 162, 581, 634]","[103, 104, 105, 106, 107, 108, 109, 110, 111, 112, 113, 114, 115, 116, 117, 118, 119, 120, 121, 122, 123, 124, 125, 126, 127, 128, 129, 130, 131, 132, 133, 134, 135, 136, 137, 138, 139, 140, 141, 142, 143, 144, 145, 146, 147, 148, 149, 150, 151, 152, 153, 154, 155, 156, 157, 158, 159, 160, 161, 162, 163, 164, 165, 166, 167, 168, 169, 170, 171, 172, 173, 174, 175, 176, 177, 178, 179, 180, 181, 182, 183, 184, 185, 186, 187, 188, 189, 190, 191, 192, 193, 194, 195, 196, 197, 198, 199, 200, 201, 202, 203, 204, 205, 206, 207, 208, 209, 210, 211, 212, 213, 214, 215, 216, 217, 218, 219, 220, 221, 222, 223, 224, 225, 226, 227, 228, 229, 230, 231, 232, 233, 234, 235, 236, 237, 238, 239, 240, 241, 242, 243, 244, 245, 246, 247, 248, 249, 250, 251, 252, 253, 254, 255, 256, 257, 258, 259, 260, 261, 262, 263, 264, 265, 266, 267, 268, 269, 270, 271, 272, 273, 274, 275, 276, 277, 278, 279, 280, 281, 282, 283, 284, 285, 286, 287, 288, 289, 290, 291, 292, 293, 294, 295, 296, 297, 298, 299, 300, 301, 302, 303, 304, 305, 306, 307, 308, 309, 310, 311, 312, 313, 314, 315, 316, 317, 318, 319, 320, 321, 322, 323, 324, 325, 326, 327, 328, 329, 330, 331, 332, 333, 334, 335, 336, 337, 574, 575, 576, 577, 578, 579, 580, 581, 582, 583, 584, 585, 586, 587, 588, 589, 590, 591, 592, 593, 594, 595, 596, 597, 598, 599, 600, 601, 602, 603, 604, 605, 606, 607, 608, 609, 610, 611, 612, 613, 614, 615, 616, 617, 618, 619, 620, 621, 622, 623, 624, 625, 626, 627, 628, 629, 630, 631, 632, 633, 634, 635, 636, 637, 638, 639, 640, 641, 642, 643, 644, 645, 646, 647, 648, 649, 650, 651, 652, 653, 654, 655, 656, 657, 658, 659, 660, 661, 662, 663, 664, 665, 666, 667, 668, 669, 670, 671, 672, 673, 674, 675, 676, 677, 678, 679, 680, 681, 682, 683, 684, 685, 686, 687, 688, 689, 690, 691, 692, 693, 694, 695, 696, 697, 698, 699, 700, 701, 702, 703, 704, 705, 706, 707, 708, 709, 710, 711, 712, 713, 714, 715, 716, 717, 718, 719, 720, 721, 722, 723, 724, 725, 726, 727, 728, 729, 730, 731, 732, 733, 734, 735, 736, 737, 738, 739, 740, 741, 742, 743, 744, 745, 746, 747, 748, 749, 750, 751, 752, 753, 754, 755, 756, 757, 758, 759, 760, 761, 762, 763, 764, 765, 766, 767, 768, 769, 770, 771, 772, 773, 774, 775, 776, 777, 778, 779, 780, 781, 782, 783, 784, 785, 786, 787, 788, 789, 790, 791, 792, 793]","[103, 111, 127, 153, 162, 201, 226, 292, 574, 581, 598, 624, 634, 690, 751]","[162, 634]","[10, 75, 103, 104, 106, 117, 118, 120, 127, 128, 129, 131, 133, 135, 136, 137, 139, 146, 147, 148, 149, 151, 158, 160, 162, 166, 173, 178, 179, 185, 190, 192, 198, 201, 203, 204, 206, 207, 212, 213, 214, 219, 223, 224, 225, 227, 230, 235, 237, 246, 247, 256, 259, 262, 263, 266, 268, 269, 271, 272, 278, 279, 284, 285, 288, 290, 292, 304, 306, 312, 316, 319, 320, 323, 324, 329, 332, 335, 495, 549, 574, 575, 577, 588, 589, 591, 598, 599, 600, 602, 604, 606, 607, 608, 610, 617, 618, 619, 620, 622, 625, 630, 632, 634, 638, 644, 649, 650, 656, 661, 663, 669, 673, 674, 676, 677, 682, 683, 684, 687, 688, 689, 691, 694, 699, 701, 710, 718, 722, 723, 727, 728, 730, 731, 737, 738, 743, 744, 747, 749, 751, 762, 764, 770, 774, 777, 778, 781, 782, 789, 791]","[17, 18, 19, 20, 21, 22, 23, 156, 157, 158, 159, 160, 161, 162, 163, 164, 165, 166, 167, 168, 340, 341, 342, 343, 344, 345, 346, 412, 413, 414, 415, 416, 417, 418, 419, 420, 421, 422, 502, 503, 504, 505, 506, 507, 628, 629, 630, 631, 632, 633, 634, 635, 636, 637, 638, 639, 792, 796, 797, 798, 799, 800, 801, 863, 864, 865, 866, 867, 868, 869, 870, 871, 872, 873, 874]","[17, 18, 19, 20, 21, 22, 23, 156, 157, 158, 159, 160, 161, 162, 163, 164, 165, 166, 167, 341, 342, 343, 344, 345, 412, 413, 414, 415, 416, 417, 418, 419, 420, 421, 422, 502, 503, 504, 505, 506, 507, 628, 629, 630, 631, 632, 633, 634, 635, 636, 637, 638, 639, 792, 797, 798, 799, 800, 801, 863, 864, 865, 866, 867, 868, 869, 870, 871, 872, 873, 874]",7/6 successful match,True,"[97, 98]",True,310,False,,,,,
"Bakersfield , 93308 Flying J Travel Plaza # 0500320",661-392-5300 CA 99 Exit 39 ( Merced Ave ) #,XL 24,Bakersfield,93308,Flying J Travel Plaza # 0500320,661-392-5300,2007,Bakersfield,CA,Flying J,( Merced Ave ) #,CA 99 Exit 39 ,Exit,39,False,,False,CA 99,,,,,"[162, 634]","[111, 162, 581, 634]","[103, 111, 127, 153, 162, 201, 226, 292, 574, 581, 598, 624, 634, 690, 751]","[162, 634]","[103, 104, 105, 106, 107, 108, 109, 110, 111, 112, 113, 114, 115, 116, 117, 118, 119, 120, 121, 122, 123, 124, 125, 126, 127, 128, 129, 130, 131, 132, 133, 134, 135, 136, 137, 138, 139, 140, 141, 142, 143, 144, 145, 146, 147, 148, 149, 150, 151, 152, 153, 154, 155, 156, 157, 158, 159, 160, 161, 162, 163, 164, 165, 166, 167, 168, 169, 170, 171, 172, 173, 174, 175, 176, 177, 178, 179, 180, 181, 182, 183, 184, 185, 186, 187, 188, 189, 190, 191, 192, 193, 194, 195, 196, 197, 198, 199, 200, 201, 202, 203, 204, 205, 206, 207, 208, 209, 210, 211, 212, 213, 214, 215, 216, 217, 218, 219, 220, 221, 222, 223, 224, 225, 226, 227, 228, 229, 230, 231, 232, 233, 234, 235, 236, 237, 238, 239, 240, 241, 242, 243, 244, 245, 246, 247, 248, 249, 250, 251, 252, 253, 254, 255, 256, 257, 258, 259, 260, 261, 262, 263, 264, 265, 266, 267, 268, 269, 270, 271, 272, 273, 274, 275, 276, 277, 278, 279, 280, 281, 282, 283, 284, 285, 286, 287, 288, 289, 290, 291, 292, 293, 294, 295, 296, 297, 298, 299, 300, 301, 302, 303, 304, 305, 306, 307, 308, 309, 310, 311, 312, 313, 314, 315, 316, 317, 318, 319, 320, 321, 322, 323, 324, 325, 326, 327, 328, 329, 330, 331, 332, 333, 334, 335, 336, 337, 574, 575, 576, 577, 578, 579, 580, 581, 582, 583, 584, 585, 586, 587, 588, 589, 590, 591, 592, 593, 594, 595, 596, 597, 598, 599, 600, 601, 602, 603, 604, 605, 606, 607, 608, 609, 610, 611, 612, 613, 614, 615, 616, 617, 618, 619, 620, 621, 622, 623, 624, 625, 626, 627, 628, 629, 630, 631, 632, 633, 634, 635, 636, 637, 638, 639, 640, 641, 642, 643, 644, 645, 646, 647, 648, 649, 650, 651, 652, 653, 654, 655, 656, 657, 658, 659, 660, 661, 662, 663, 664, 665, 666, 667, 668, 669, 670, 671, 672, 673, 674, 675, 676, 677, 678, 679, 680, 681, 682, 683, 684, 685, 686, 687, 688, 689, 690, 691, 692, 693, 694, 695, 696, 697, 698, 699, 700, 701, 702, 703, 704, 705, 706, 707, 708, 709, 710, 711, 712, 713, 714, 715, 716, 717, 718, 719, 720, 721, 722, 723, 724, 725, 726, 727, 728, 729, 730, 731, 732, 733, 734, 735, 736, 737, 738, 739, 740, 741, 742, 743, 744, 745, 746, 747, 748, 749, 750, 751, 752, 753, 754, 755, 756, 757, 758, 759, 760, 761, 762, 763, 764, 765, 766, 767, 768, 769, 770, 771, 772, 773, 774, 775, 776, 777, 778, 779, 780, 781, 782, 783, 784, 785, 786, 787, 788, 789, 790, 791, 792, 793]","[10, 75, 103, 104, 106, 117, 118, 120, 127, 128, 129, 131, 133, 135, 136, 137, 139, 146, 147, 148, 149, 151, 158, 160, 162, 166, 173, 178, 179, 185, 190, 192, 198, 201, 203, 204, 206, 207, 212, 213, 214, 219, 223, 224, 225, 227, 230, 235, 237, 246, 247, 256, 259, 262, 263, 266, 268, 269, 271, 272, 278, 279, 284, 285, 288, 290, 292, 304, 306, 312, 316, 319, 320, 323, 324, 329, 332, 335, 495, 549, 574, 575, 577, 588, 589, 591, 598, 599, 600, 602, 604, 606, 607, 608, 610, 617, 618, 619, 620, 622, 625, 630, 632, 634, 638, 644, 649, 650, 656, 661, 663, 669, 673, 674, 676, 677, 682, 683, 684, 687, 688, 689, 691, 694, 699, 701, 710, 718, 722, 723, 727, 728, 730, 731, 737, 738, 743, 744, 747, 749, 751, 762, 764, 770, 774, 777, 778, 781, 782, 789, 791]","[17, 18, 19, 20, 21, 22, 23, 156, 157, 158, 159, 160, 161, 162, 163, 164, 165, 166, 167, 341, 342, 343, 344, 345, 412, 413, 414, 415, 416, 417, 418, 419, 420, 421, 422, 502, 503, 504, 505, 506, 507, 628, 629, 630, 631, 632, 633, 634, 635, 636, 637, 638, 639, 792, 797, 798, 799, 800, 801, 863, 864, 865, 866, 867, 868, 869, 870, 871, 872, 873, 874]","[17, 18, 19, 20, 21, 22, 23, 156, 157, 158, 159, 160, 161, 162, 163, 164, 165, 166, 167, 168, 340, 341, 342, 343, 344, 345, 346, 412, 413, 414, 415, 416, 417, 418, 419, 420, 421, 422, 502, 503, 504, 505, 506, 507, 628, 629, 630, 631, 632, 633, 634, 635, 636, 637, 638, 639, 792, 796, 797, 798, 799, 800, 801, 863, 864, 865, 866, 867, 868, 869, 870, 871, 872, 873, 874]","[10, 17, 18, 19, 20, 21, 22, 23, 75, 103, 104, 105, 106, 107, 108, 109, 110, 111, 112, 113, 114, 115, 116, 117, 118, 119, 120, 121, 122, 123, 124, 125, 126, 127, 128, 129, 130, 131, 132, 133, 134, 135, 136, 137, 138, 139, 140, 141, 142, 143, 144, 145, 146, 147, 148, 149, 150, 151, 152, 153, 154, 155, 156, 157, 158, 159, 160, 161, 162, 163, 164, 165, 166, 167, 168, 169, 170, 171, 172, 173, 174, 175, 176, 177, 178, 179, 180, 181, 182, 183, 184, 185, 186, 187, 188, 189, 190, 191, 192, 193, 194, 195, 196, 197, 198, 199, 200, 201, 202, 203, 204, 205, 206, 207, 208, 209, 210, 211, 212, 213, 214, 215, 216, 217, 218, 219, 220, 221, 222, 223, 224, 225, 226, 227, 228, 229, 230, 231, 232, 233, 234, 235, 236, 237, 238, 239, 240, 241, 242, 243, 244, 245, 246, 247, 248, 249, 250, 251, 252, 253, 254, 255, 256, 257, 258, 259, 260, 261, 262, 263, 264, 265, 266, 267, 268, 269, 270, 271, 272, 273, 274, 275, 276, 277, 278, 279, 280, 281, 282, 283, 284, 285, 286, 287, 288, 289, 290, 291, 292, 293, 294, 295, 296, 297, 298, 299, 300, 301, 302, 303, 304, 305, 306, 307, 308, 309, 310, 311, 312, 313, 314, 315, 316, 317, 318, 319, 320, 321, 322, 323, 324, 325, 326, 327, 328, 329, 330, 331, 332, 333, 334, 335, 336, 337, 340, 341, 342, 343, 344, 345, 346, 412, 413, 414, 415, 416, 417, 418, 419, 420, 421, 422, 495, 502, 503, 504, 505, 506, 507, 549, 574, 575, 576, 577, 578, 579, 580, 581, 582, 583, 584, 585, 586, 587, 588, 589, 590, 591, 592, 593, 594, 595, 596, 597, 598, 599, 600, 601, 602, 603, 604, 605, 606, 607, 608, 609, 610, 611, 612, 613, 614, 615, 616, 617, 618, 619, 620, 621, 622, 623, 624, 625, 626, 627, 628, 629, 630, 631, 632, 633, 634, 635, 636, 637, 638, 639, 640, 641, 642, 643, 644, 645, 646, 647, 648, 649, 650, 651, 652, 653, 654, 655, 656, 657, 658, 659, 660, 661, 662, 663, 664, 665, 666, 667, 668, 669, 670, 671, 672, 673, 674, 675, 676, 677, 678, 679, 680, 681, 682, 683, 684, 685, 686, 687, 688, 689, 690, 691, 692, 693, 694, 695, 696, 697, 698, 699, 700, 701, 702, 703, 704, 705, 706, 707, 708, 709, 710, 711, 712, 713, 714, 715, 716, 717, 718, 719, 720, 721, 722, 723, 724, 725, 726, 727, 728, 729, 730, 731, 732, 733, 734, 735, 736, 737, 738, 739, 740, 741, 742, 743, 744, 745, 746, 747, 748, 749, 750, 751, 752, 753, 754, 755, 756, 757, 758, 759, 760, 761, 762, 763, 764, 765, 766, 767, 768, 769, 770, 771, 772, 773, 774, 775, 776, 777, 778, 779, 780, 781, 782, 783, 784, 785, 786, 787, 788, 789, 790, 791, 792, 793, 796, 797, 798, 799, 800, 801, 863, 864, 865, 866, 867, 868, 869, 870, 871, 872, 873, 874]",True,"[111, 162, 581, 634]","[103, 104, 105, 106, 107, 108, 109, 110, 111, 112, 113, 114, 115, 116, 117, 118, 119, 120, 121, 122, 123, 124, 125, 126, 127, 128, 129, 130, 131, 132, 133, 134, 135, 136, 137, 138, 139, 140, 141, 142, 143, 144, 145, 146, 147, 148, 149, 150, 151, 152, 153, 154, 155, 156, 157, 158, 159, 160, 161, 162, 163, 164, 165, 166, 167, 168, 169, 170, 171, 172, 173, 174, 175, 176, 177, 178, 179, 180, 181, 182, 183, 184, 185, 186, 187, 188, 189, 190, 191, 192, 193, 194, 195, 196, 197, 198, 199, 200, 201, 202, 203, 204, 205, 206, 207, 208, 209, 210, 211, 212, 213, 214, 215, 216, 217, 218, 219, 220, 221, 222, 223, 224, 225, 226, 227, 228, 229, 230, 231, 232, 233, 234, 235, 236, 237, 238, 239, 240, 241, 242, 243, 244, 245, 246, 247, 248, 249, 250, 251, 252, 253, 254, 255, 256, 257, 258, 259, 260, 261, 262, 263, 264, 265, 266, 267, 268, 269, 270, 271, 272, 273, 274, 275, 276, 277, 278, 279, 280, 281, 282, 283, 284, 285, 286, 287, 288, 289, 290, 291, 292, 293, 294, 295, 296, 297, 298, 299, 300, 301, 302, 303, 304, 305, 306, 307, 308, 309, 310, 311, 312, 313, 314, 315, 316, 317, 318, 319, 320, 321, 322, 323, 324, 325, 326, 327, 328, 329, 330, 331, 332, 333, 334, 335, 336, 337, 574, 575, 576, 577, 578, 579, 580, 581, 582, 583, 584, 585, 586, 587, 588, 589, 590, 591, 592, 593, 594, 595, 596, 597, 598, 599, 600, 601, 602, 603, 604, 605, 606, 607, 608, 609, 610, 611, 612, 613, 614, 615, 616, 617, 618, 619, 620, 621, 622, 623, 624, 625, 626, 627, 628, 629, 630, 631, 632, 633, 634, 635, 636, 637, 638, 639, 640, 641, 642, 643, 644, 645, 646, 647, 648, 649, 650, 651, 652, 653, 654, 655, 656, 657, 658, 659, 660, 661, 662, 663, 664, 665, 666, 667, 668, 669, 670, 671, 672, 673, 674, 675, 676, 677, 678, 679, 680, 681, 682, 683, 684, 685, 686, 687, 688, 689, 690, 691, 692, 693, 694, 695, 696, 697, 698, 699, 700, 701, 702, 703, 704, 705, 706, 707, 708, 709, 710, 711, 712, 713, 714, 715, 716, 717, 718, 719, 720, 721, 722, 723, 724, 725, 726, 727, 728, 729, 730, 731, 732, 733, 734, 735, 736, 737, 738, 739, 740, 741, 742, 743, 744, 745, 746, 747, 748, 749, 750, 751, 752, 753, 754, 755, 756, 757, 758, 759, 760, 761, 762, 763, 764, 765, 766, 767, 768, 769, 770, 771, 772, 773, 774, 775, 776, 777, 778, 779, 780, 781, 782, 783, 784, 785, 786, 787, 788, 789, 790, 791, 792, 793]","[103, 111, 127, 153, 162, 201, 226, 292, 574, 581, 598, 624, 634, 690, 751]","[162, 634]","[10, 75, 103, 104, 106, 117, 118, 120, 127, 128, 129, 131, 133, 135, 136, 137, 139, 146, 147, 148, 149, 151, 158, 160, 162, 166, 173, 178, 179, 185, 190, 192, 198, 201, 203, 204, 206, 207, 212, 213, 214, 219, 223, 224, 225, 227, 230, 235, 237, 246, 247, 256, 259, 262, 263, 266, 268, 269, 271, 272, 278, 279, 284, 285, 288, 290, 292, 304, 306, 312, 316, 319, 320, 323, 324, 329, 332, 335, 495, 549, 574, 575, 577, 588, 589, 591, 598, 599, 600, 602, 604, 606, 607, 608, 610, 617, 618, 619, 620, 622, 625, 630, 632, 634, 638, 644, 649, 650, 656, 661, 663, 669, 673, 674, 676, 677, 682, 683, 684, 687, 688, 689, 691, 694, 699, 701, 710, 718, 722, 723, 727, 728, 730, 731, 737, 738, 743, 744, 747, 749, 751, 762, 764, 770, 774, 777, 778, 781, 782, 789, 791]","[17, 18, 19, 20, 21, 22, 23, 156, 157, 158, 159, 160, 161, 162, 163, 164, 165, 166, 167, 168, 340, 341, 342, 343, 344, 345, 346, 412, 413, 414, 415, 416, 417, 418, 419, 420, 421, 422, 502, 503, 504, 505, 506, 507, 628, 629, 630, 631, 632, 633, 634, 635, 636, 637, 638, 639, 792, 796, 797, 798, 799, 800, 801, 863, 864, 865, 866, 867, 868, 869, 870, 871, 872, 873, 874]","[17, 18, 19, 20, 21, 22, 23, 156, 157, 158, 159, 160, 161, 162, 163, 164, 165, 166, 167, 341, 342, 343, 344, 345, 412, 413, 414, 415, 416, 417, 418, 419, 420, 421, 422, 502, 503, 504, 505, 506, 507, 628, 629, 630, 631, 632, 633, 634, 635, 636, 637, 638, 639, 792, 797, 798, 799, 800, 801, 863, 864, 865, 866, 867, 868, 869, 870, 871, 872, 873, 874]",7/6 successful match,True,"[97, 98]",True,310,False,,1.0,True,Flying J Travel Plaza # 0500320,Flying J
"Bakersfield , 93308 Flying J Travel Plaza # 0500320",4 661-392-5300 CA 99 Exit 39 ( Merced Ave ) .,24 XL 24,Bakersfield,93308,Flying J Travel Plaza # 0500320,661-392-5300,2008,Bakersfield,CA,Flying J,( Merced Ave ) .,CA 99 Exit 39 ,Exit,39,False,,False,CA 99,,,,,"[162, 634]","[111, 162, 581, 634]","[103, 111, 127, 153, 162, 201, 226, 292, 574, 581, 598, 624, 634, 690, 751]","[162, 634]","[103, 104, 105, 106, 107, 108, 109, 110, 111, 112, 113, 114, 115, 116, 117, 118, 119, 120, 121, 122, 123, 124, 125, 126, 127, 128, 129, 130, 131, 132, 133, 134, 135, 136, 137, 138, 139, 140, 141, 142, 143, 144, 145, 146, 147, 148, 149, 150, 151, 152, 153, 154, 155, 156, 157, 158, 159, 160, 161, 162, 163, 164, 165, 166, 167, 168, 169, 170, 171, 172, 173, 174, 175, 176, 177, 178, 179, 180, 181, 182, 183, 184, 185, 186, 187, 188, 189, 190, 191, 192, 193, 194, 195, 196, 197, 198, 199, 200, 201, 202, 203, 204, 205, 206, 207, 208, 209, 210, 211, 212, 213, 214, 215, 216, 217, 218, 219, 220, 221, 222, 223, 224, 225, 226, 227, 228, 229, 230, 231, 232, 233, 234, 235, 236, 237, 238, 239, 240, 241, 242, 243, 244, 245, 246, 247, 248, 249, 250, 251, 252, 253, 254, 255, 256, 257, 258, 259, 260, 261, 262, 263, 264, 265, 266, 267, 268, 269, 270, 271, 272, 273, 274, 275, 276, 277, 278, 279, 280, 281, 282, 283, 284, 285, 286, 287, 288, 289, 290, 291, 292, 293, 294, 295, 296, 297, 298, 299, 300, 301, 302, 303, 304, 305, 306, 307, 308, 309, 310, 311, 312, 313, 314, 315, 316, 317, 318, 319, 320, 321, 322, 323, 324, 325, 326, 327, 328, 329, 330, 331, 332, 333, 334, 335, 336, 337, 574, 575, 576, 577, 578, 579, 580, 581, 582, 583, 584, 585, 586, 587, 588, 589, 590, 591, 592, 593, 594, 595, 596, 597, 598, 599, 600, 601, 602, 603, 604, 605, 606, 607, 608, 609, 610, 611, 612, 613, 614, 615, 616, 617, 618, 619, 620, 621, 622, 623, 624, 625, 626, 627, 628, 629, 630, 631, 632, 633, 634, 635, 636, 637, 638, 639, 640, 641, 642, 643, 644, 645, 646, 647, 648, 649, 650, 651, 652, 653, 654, 655, 656, 657, 658, 659, 660, 661, 662, 663, 664, 665, 666, 667, 668, 669, 670, 671, 672, 673, 674, 675, 676, 677, 678, 679, 680, 681, 682, 683, 684, 685, 686, 687, 688, 689, 690, 691, 692, 693, 694, 695, 696, 697, 698, 699, 700, 701, 702, 703, 704, 705, 706, 707, 708, 709, 710, 711, 712, 713, 714, 715, 716, 717, 718, 719, 720, 721, 722, 723, 724, 725, 726, 727, 728, 729, 730, 731, 732, 733, 734, 735, 736, 737, 738, 739, 740, 741, 742, 743, 744, 745, 746, 747, 748, 749, 750, 751, 752, 753, 754, 755, 756, 757, 758, 759, 760, 761, 762, 763, 764, 765, 766, 767, 768, 769, 770, 771, 772, 773, 774, 775, 776, 777, 778, 779, 780, 781, 782, 783, 784, 785, 786, 787, 788, 789, 790, 791, 792, 793]","[10, 75, 103, 104, 106, 117, 118, 120, 127, 128, 129, 131, 133, 135, 136, 137, 139, 146, 147, 148, 149, 151, 158, 160, 162, 166, 173, 178, 179, 185, 190, 192, 198, 201, 203, 204, 206, 207, 212, 213, 214, 219, 223, 224, 225, 227, 230, 235, 237, 246, 247, 256, 259, 262, 263, 266, 268, 269, 271, 272, 278, 279, 284, 285, 288, 290, 292, 304, 306, 312, 316, 319, 320, 323, 324, 329, 332, 335, 495, 549, 574, 575, 577, 588, 589, 591, 598, 599, 600, 602, 604, 606, 607, 608, 610, 617, 618, 619, 620, 622, 625, 630, 632, 634, 638, 644, 649, 650, 656, 661, 663, 669, 673, 674, 676, 677, 682, 683, 684, 687, 688, 689, 691, 694, 699, 701, 710, 718, 722, 723, 727, 728, 730, 731, 737, 738, 743, 744, 747, 749, 751, 762, 764, 770, 774, 777, 778, 781, 782, 789, 791]","[17, 18, 19, 20, 21, 22, 23, 156, 157, 158, 159, 160, 161, 162, 163, 164, 165, 166, 167, 341, 342, 343, 344, 345, 412, 413, 414, 415, 416, 417, 418, 419, 420, 421, 422, 502, 503, 504, 505, 506, 507, 628, 629, 630, 631, 632, 633, 634, 635, 636, 637, 638, 639, 792, 797, 798, 799, 800, 801, 863, 864, 865, 866, 867, 868, 869, 870, 871, 872, 873, 874]","[17, 18, 19, 20, 21, 22, 23, 156, 157, 158, 159, 160, 161, 162, 163, 164, 165, 166, 167, 168, 340, 341, 342, 343, 344, 345, 346, 412, 413, 414, 415, 416, 417, 418, 419, 420, 421, 422, 502, 503, 504, 505, 506, 507, 628, 629, 630, 631, 632, 633, 634, 635, 636, 637, 638, 639, 792, 796, 797, 798, 799, 800, 801, 863, 864, 865, 866, 867, 868, 869, 870, 871, 872, 873, 874]","[10, 17, 18, 19, 20, 21, 22, 23, 75, 103, 104, 105, 106, 107, 108, 109, 110, 111, 112, 113, 114, 115, 116, 117, 118, 119, 120, 121, 122, 123, 124, 125, 126, 127, 128, 129, 130, 131, 132, 133, 134, 135, 136, 137, 138, 139, 140, 141, 142, 143, 144, 145, 146, 147, 148, 149, 150, 151, 152, 153, 154, 155, 156, 157, 158, 159, 160, 161, 162, 163, 164, 165, 166, 167, 168, 169, 170, 171, 172, 173, 174, 175, 176, 177, 178, 179, 180, 181, 182, 183, 184, 185, 186, 187, 188, 189, 190, 191, 192, 193, 194, 195, 196, 197, 198, 199, 200, 201, 202, 203, 204, 205, 206, 207, 208, 209, 210, 211, 212, 213, 214, 215, 216, 217, 218, 219, 220, 221, 222, 223, 224, 225, 226, 227, 228, 229, 230, 231, 232, 233, 234, 235, 236, 237, 238, 239, 240, 241, 242, 243, 244, 245, 246, 247, 248, 249, 250, 251, 252, 253, 254, 255, 256, 257, 258, 259, 260, 261, 262, 263, 264, 265, 266, 267, 268, 269, 270, 271, 272, 273, 274, 275, 276, 277, 278, 279, 280, 281, 282, 283, 284, 285, 286, 287, 288, 289, 290, 291, 292, 293, 294, 295, 296, 297, 298, 299, 300, 301, 302, 303, 304, 305, 306, 307, 308, 309, 310, 311, 312, 313, 314, 315, 316, 317, 318, 319, 320, 321, 322, 323, 324, 325, 326, 327, 328, 329, 330, 331, 332, 333, 334, 335, 336, 337, 340, 341, 342, 343, 344, 345, 346, 412, 413, 414, 415, 416, 417, 418, 419, 420, 421, 422, 495, 502, 503, 504, 505, 506, 507, 549, 574, 575, 576, 577, 578, 579, 580, 581, 582, 583, 584, 585, 586, 587, 588, 589, 590, 591, 592, 593, 594, 595, 596, 597, 598, 599, 600, 601, 602, 603, 604, 605, 606, 607, 608, 609, 610, 611, 612, 613, 614, 615, 616, 617, 618, 619, 620, 621, 622, 623, 624, 625, 626, 627, 628, 629, 630, 631, 632, 633, 634, 635, 636, 637, 638, 639, 640, 641, 642, 643, 644, 645, 646, 647, 648, 649, 650, 651, 652, 653, 654, 655, 656, 657, 658, 659, 660, 661, 662, 663, 664, 665, 666, 667, 668, 669, 670, 671, 672, 673, 674, 675, 676, 677, 678, 679, 680, 681, 682, 683, 684, 685, 686, 687, 688, 689, 690, 691, 692, 693, 694, 695, 696, 697, 698, 699, 700, 701, 702, 703, 704, 705, 706, 707, 708, 709, 710, 711, 712, 713, 714, 715, 716, 717, 718, 719, 720, 721, 722, 723, 724, 725, 726, 727, 728, 729, 730, 731, 732, 733, 734, 735, 736, 737, 738, 739, 740, 741, 742, 743, 744, 745, 746, 747, 748, 749, 750, 751, 752, 753, 754, 755, 756, 757, 758, 759, 760, 761, 762, 763, 764, 765, 766, 767, 768, 769, 770, 771, 772, 773, 774, 775, 776, 777, 778, 779, 780, 781, 782, 783, 784, 785, 786, 787, 788, 789, 790, 791, 792, 793, 796, 797, 798, 799, 800, 801, 863, 864, 865, 866, 867, 868, 869, 870, 871, 872, 873, 874]",True,"[111, 162, 581, 634]","[103, 104, 105, 106, 107, 108, 109, 110, 111, 112, 113, 114, 115, 116, 117, 118, 119, 120, 121, 122, 123, 124, 125, 126, 127, 128, 129, 130, 131, 132, 133, 134, 135, 136, 137, 138, 139, 140, 141, 142, 143, 144, 145, 146, 147, 148, 149, 150, 151, 152, 153, 154, 155, 156, 157, 158, 159, 160, 161, 162, 163, 164, 165, 166, 167, 168, 169, 170, 171, 172, 173, 174, 175, 176, 177, 178, 179, 180, 181, 182, 183, 184, 185, 186, 187, 188, 189, 190, 191, 192, 193, 194, 195, 196, 197, 198, 199, 200, 201, 202, 203, 204, 205, 206, 207, 208, 209, 210, 211, 212, 213, 214, 215, 216, 217, 218, 219, 220, 221, 222, 223, 224, 225, 226, 227, 228, 229, 230, 231, 232, 233, 234, 235, 236, 237, 238, 239, 240, 241, 242, 243, 244, 245, 246, 247, 248, 249, 250, 251, 252, 253, 254, 255, 256, 257, 258, 259, 260, 261, 262, 263, 264, 265, 266, 267, 268, 269, 270, 271, 272, 273, 274, 275, 276, 277, 278, 279, 280, 281, 282, 283, 284, 285, 286, 287, 288, 289, 290, 291, 292, 293, 294, 295, 296, 297, 298, 299, 300, 301, 302, 303, 304, 305, 306, 307, 308, 309, 310, 311, 312, 313, 314, 315, 316, 317, 318, 319, 320, 321, 322, 323, 324, 325, 326, 327, 328, 329, 330, 331, 332, 333, 334, 335, 336, 337, 574, 575, 576, 577, 578, 579, 580, 581, 582, 583, 584, 585, 586, 587, 588, 589, 590, 591, 592, 593, 594, 595, 596, 597, 598, 599, 600, 601, 602, 603, 604, 605, 606, 607, 608, 609, 610, 611, 612, 613, 614, 615, 616, 617, 618, 619, 620, 621, 622, 623, 624, 625, 626, 627, 628, 629, 630, 631, 632, 633, 634, 635, 636, 637, 638, 639, 640, 641, 642, 643, 644, 645, 646, 647, 648, 649, 650, 651, 652, 653, 654, 655, 656, 657, 658, 659, 660, 661, 662, 663, 664, 665, 666, 667, 668, 669, 670, 671, 672, 673, 674, 675, 676, 677, 678, 679, 680, 681, 682, 683, 684, 685, 686, 687, 688, 689, 690, 691, 692, 693, 694, 695, 696, 697, 698, 699, 700, 701, 702, 703, 704, 705, 706, 707, 708, 709, 710, 711, 712, 713, 714, 715, 716, 717, 718, 719, 720, 721, 722, 723, 724, 725, 726, 727, 728, 729, 730, 731, 732, 733, 734, 735, 736, 737, 738, 739, 740, 741, 742, 743, 744, 745, 746, 747, 748, 749, 750, 751, 752, 753, 754, 755, 756, 757, 758, 759, 760, 761, 762, 763, 764, 765, 766, 767, 768, 769, 770, 771, 772, 773, 774, 775, 776, 777, 778, 779, 780, 781, 782, 783, 784, 785, 786, 787, 788, 789, 790, 791, 792, 793]","[103, 111, 127, 153, 162, 201, 226, 292, 574, 581, 598, 624, 634, 690, 751]","[162, 634]","[10, 75, 103, 104, 106, 117, 118, 120, 127, 128, 129, 131, 133, 135, 136, 137, 139, 146, 147, 148, 149, 151, 158, 160, 162, 166, 173, 178, 179, 185, 190, 192, 198, 201, 203, 204, 206, 207, 212, 213, 214, 219, 223, 224, 225, 227, 230, 235, 237, 246, 247, 256, 259, 262, 263, 266, 268, 269, 271, 272, 278, 279, 284, 285, 288, 290, 292, 304, 306, 312, 316, 319, 320, 323, 324, 329, 332, 335, 495, 549, 574, 575, 577, 588, 589, 591, 598, 599, 600, 602, 604, 606, 607, 608, 610, 617, 618, 619, 620, 622, 625, 630, 632, 634, 638, 644, 649, 650, 656, 661, 663, 669, 673, 674, 676, 677, 682, 683, 684, 687, 688, 689, 691, 694, 699, 701, 710, 718, 722, 723, 727, 728, 730, 731, 737, 738, 743, 744, 747, 749, 751, 762, 764, 770, 774, 777, 778, 781, 782, 789, 791]","[17, 18, 19, 20, 21, 22, 23, 156, 157, 158, 159, 160, 161, 162, 163, 164, 165, 166, 167, 168, 340, 341, 342, 343, 344, 345, 346, 412, 413, 414, 415, 416, 417, 418, 419, 420, 421, 422, 502, 503, 504, 505, 506, 507, 628, 629, 630, 631, 632, 633, 634, 635, 636, 637, 638, 639, 792, 796, 797, 798, 799, 800, 801, 863, 864, 865, 866, 867, 868, 869, 870, 871, 872, 873, 874]","[17, 18, 19, 20, 21, 22, 23, 156, 157, 158, 159, 160, 161, 162, 163, 164, 165, 166, 167, 341, 342, 343, 344, 345, 412, 413, 414, 415, 416, 417, 418, 419, 420, 421, 422, 502, 503, 504, 505, 506, 507, 628, 629, 630, 631, 632, 633, 634, 635, 636, 637, 638, 639, 792, 797, 798, 799, 800, 801, 863, 864, 865, 866, 867, 868, 869, 870, 871, 872, 873, 874]",7/6 successful match,True,"[97, 98]",True,310,False,,1.0,True,Flying J Travel Plaza # 0500320,Flying J
G Bakersfield ( 93308 ) Flying J Travel Plaza # 613,4 661-392-5300 CA 99 Exit 39 ( Merced Ave ),XL 24,Bakersfield,93308,Flying J Travel Plaza # 613,661-392-5300,2014,Bakersfield,CA,Flying J,( Merced Ave ),CA 99 Exit 39 ,Exit,39,False,,False,CA 99,,,,,"[162, 634]","[111, 162, 581, 634]","[103, 111, 127, 153, 162, 201, 226, 292, 574, 581, 598, 624, 634, 690, 751]","[162, 634]","[103, 104, 105, 106, 107, 108, 109, 110, 111, 112, 113, 114, 115, 116, 117, 118, 119, 120, 121, 122, 123, 124, 125, 126, 127, 128, 129, 130, 131, 132, 133, 134, 135, 136, 137, 138, 139, 140, 141, 142, 143, 144, 145, 146, 147, 148, 149, 150, 151, 152, 153, 154, 155, 156, 157, 158, 159, 160, 161, 162, 163, 164, 165, 166, 167, 168, 169, 170, 171, 172, 173, 174, 175, 176, 177, 178, 179, 180, 181, 182, 183, 184, 185, 186, 187, 188, 189, 190, 191, 192, 193, 194, 195, 196, 197, 198, 199, 200, 201, 202, 203, 204, 205, 206, 207, 208, 209, 210, 211, 212, 213, 214, 215, 216, 217, 218, 219, 220, 221, 222, 223, 224, 225, 226, 227, 228, 229, 230, 231, 232, 233, 234, 235, 236, 237, 238, 239, 240, 241, 242, 243, 244, 245, 246, 247, 248, 249, 250, 251, 252, 253, 254, 255, 256, 257, 258, 259, 260, 261, 262, 263, 264, 265, 266, 267, 268, 269, 270, 271, 272, 273, 274, 275, 276, 277, 278, 279, 280, 281, 282, 283, 284, 285, 286, 287, 288, 289, 290, 291, 292, 293, 294, 295, 296, 297, 298, 299, 300, 301, 302, 303, 304, 305, 306, 307, 308, 309, 310, 311, 312, 313, 314, 315, 316, 317, 318, 319, 320, 321, 322, 323, 324, 325, 326, 327, 328, 329, 330, 331, 332, 333, 334, 335, 336, 337, 574, 575, 576, 577, 578, 579, 580, 581, 582, 583, 584, 585, 586, 587, 588, 589, 590, 591, 592, 593, 594, 595, 596, 597, 598, 599, 600, 601, 602, 603, 604, 605, 606, 607, 608, 609, 610, 611, 612, 613, 614, 615, 616, 617, 618, 619, 620, 621, 622, 623, 624, 625, 626, 627, 628, 629, 630, 631, 632, 633, 634, 635, 636, 637, 638, 639, 640, 641, 642, 643, 644, 645, 646, 647, 648, 649, 650, 651, 652, 653, 654, 655, 656, 657, 658, 659, 660, 661, 662, 663, 664, 665, 666, 667, 668, 669, 670, 671, 672, 673, 674, 675, 676, 677, 678, 679, 680, 681, 682, 683, 684, 685, 686, 687, 688, 689, 690, 691, 692, 693, 694, 695, 696, 697, 698, 699, 700, 701, 702, 703, 704, 705, 706, 707, 708, 709, 710, 711, 712, 713, 714, 715, 716, 717, 718, 719, 720, 721, 722, 723, 724, 725, 726, 727, 728, 729, 730, 731, 732, 733, 734, 735, 736, 737, 738, 739, 740, 741, 742, 743, 744, 745, 746, 747, 748, 749, 750, 751, 752, 753, 754, 755, 756, 757, 758, 759, 760, 761, 762, 763, 764, 765, 766, 767, 768, 769, 770, 771, 772, 773, 774, 775, 776, 777, 778, 779, 780, 781, 782, 783, 784, 785, 786, 787, 788, 789, 790, 791, 792, 793]","[10, 75, 103, 104, 106, 117, 118, 120, 127, 128, 129, 131, 133, 135, 136, 137, 139, 146, 147, 148, 149, 151, 158, 160, 162, 166, 173, 178, 179, 185, 190, 192, 198, 201, 203, 204, 206, 207, 212, 213, 214, 219, 223, 224, 225, 227, 230, 235, 237, 246, 247, 256, 259, 262, 263, 266, 268, 269, 271, 272, 278, 279, 284, 285, 288, 290, 292, 304, 306, 312, 316, 319, 320, 323, 324, 329, 332, 335, 495, 549, 574, 575, 577, 588, 589, 591, 598, 599, 600, 602, 604, 606, 607, 608, 610, 617, 618, 619, 620, 622, 625, 630, 632, 634, 638, 644, 649, 650, 656, 661, 663, 669, 673, 674, 676, 677, 682, 683, 684, 687, 688, 689, 691, 694, 699, 701, 710, 718, 722, 723, 727, 728, 730, 731, 737, 738, 743, 744, 747, 749, 751, 762, 764, 770, 774, 777, 778, 781, 782, 789, 791]","[17, 18, 19, 20, 21, 22, 23, 156, 157, 158, 159, 160, 161, 162, 163, 164, 165, 166, 167, 341, 342, 343, 344, 345, 412, 413, 414, 415, 416, 417, 418, 419, 420, 421, 422, 502, 503, 504, 505, 506, 507, 628, 629, 630, 631, 632, 633, 634, 635, 636, 637, 638, 639, 792, 797, 798, 799, 800, 801, 863, 864, 865, 866, 867, 868, 869, 870, 871, 872, 873, 874]","[17, 18, 19, 20, 21, 22, 23, 156, 157, 158, 159, 160, 161, 162, 163, 164, 165, 166, 167, 168, 340, 341, 342, 343, 344, 345, 346, 412, 413, 414, 415, 416, 417, 418, 419, 420, 421, 422, 502, 503, 504, 505, 506, 507, 628, 629, 630, 631, 632, 633, 634, 635, 636, 637, 638, 639, 792, 796, 797, 798, 799, 800, 801, 863, 864, 865, 866, 867, 868, 869, 870, 871, 872, 873, 874]","[10, 17, 18, 19, 20, 21, 22, 23, 75, 103, 104, 105, 106, 107, 108, 109, 110, 111, 112, 113, 114, 115, 116, 117, 118, 119, 120, 121, 122, 123, 124, 125, 126, 127, 128, 129, 130, 131, 132, 133, 134, 135, 136, 137, 138, 139, 140, 141, 142, 143, 144, 145, 146, 147, 148, 149, 150, 151, 152, 153, 154, 155, 156, 157, 158, 159, 160, 161, 162, 163, 164, 165, 166, 167, 168, 169, 170, 171, 172, 173, 174, 175, 176, 177, 178, 179, 180, 181, 182, 183, 184, 185, 186, 187, 188, 189, 190, 191, 192, 193, 194, 195, 196, 197, 198, 199, 200, 201, 202, 203, 204, 205, 206, 207, 208, 209, 210, 211, 212, 213, 214, 215, 216, 217, 218, 219, 220, 221, 222, 223, 224, 225, 226, 227, 228, 229, 230, 231, 232, 233, 234, 235, 236, 237, 238, 239, 240, 241, 242, 243, 244, 245, 246, 247, 248, 249, 250, 251, 252, 253, 254, 255, 256, 257, 258, 259, 260, 261, 262, 263, 264, 265, 266, 267, 268, 269, 270, 271, 272, 273, 274, 275, 276, 277, 278, 279, 280, 281, 282, 283, 284, 285, 286, 287, 288, 289, 290, 291, 292, 293, 294, 295, 296, 297, 298, 299, 300, 301, 302, 303, 304, 305, 306, 307, 308, 309, 310, 311, 312, 313, 314, 315, 316, 317, 318, 319, 320, 321, 322, 323, 324, 325, 326, 327, 328, 329, 330, 331, 332, 333, 334, 335, 336, 337, 340, 341, 342, 343, 344, 345, 346, 412, 413, 414, 415, 416, 417, 418, 419, 420, 421, 422, 495, 502, 503, 504, 505, 506, 507, 549, 574, 575, 576, 577, 578, 579, 580, 581, 582, 583, 584, 585, 586, 587, 588, 589, 590, 591, 592, 593, 594, 595, 596, 597, 598, 599, 600, 601, 602, 603, 604, 605, 606, 607, 608, 609, 610, 611, 612, 613, 614, 615, 616, 617, 618, 619, 620, 621, 622, 623, 624, 625, 626, 627, 628, 629, 630, 631, 632, 633, 634, 635, 636, 637, 638, 639, 640, 641, 642, 643, 644, 645, 646, 647, 648, 649, 650, 651, 652, 653, 654, 655, 656, 657, 658, 659, 660, 661, 662, 663, 664, 665, 666, 667, 668, 669, 670, 671, 672, 673, 674, 675, 676, 677, 678, 679, 680, 681, 682, 683, 684, 685, 686, 687, 688, 689, 690, 691, 692, 693, 694, 695, 696, 697, 698, 699, 700, 701, 702, 703, 704, 705, 706, 707, 708, 709, 710, 711, 712, 713, 714, 715, 716, 717, 718, 719, 720, 721, 722, 723, 724, 725, 726, 727, 728, 729, 730, 731, 732, 733, 734, 735, 736, 737, 738, 739, 740, 741, 742, 743, 744, 745, 746, 747, 748, 749, 750, 751, 752, 753, 754, 755, 756, 757, 758, 759, 760, 761, 762, 763, 764, 765, 766, 767, 768, 769, 770, 771, 772, 773, 774, 775, 776, 777, 778, 779, 780, 781, 782, 783, 784, 785, 786, 787, 788, 789, 790, 791, 792, 793, 796, 797, 798, 799, 800, 801, 863, 864, 865, 866, 867, 868, 869, 870, 871, 872, 873, 874]",True,"[111, 162, 581, 634]","[103, 104, 105, 106, 107, 108, 109, 110, 111, 112, 113, 114, 115, 116, 117, 118, 119, 120, 121, 122, 123, 124, 125, 126, 127, 128, 129, 130, 131, 132, 133, 134, 135, 136, 137, 138, 139, 140, 141, 142, 143, 144, 145, 146, 147, 148, 149, 150, 151, 152, 153, 154, 155, 156, 157, 158, 159, 160, 161, 162, 163, 164, 165, 166, 167, 168, 169, 170, 171, 172, 173, 174, 175, 176, 177, 178, 179, 180, 181, 182, 183, 184, 185, 186, 187, 188, 189, 190, 191, 192, 193, 194, 195, 196, 197, 198, 199, 200, 201, 202, 203, 204, 205, 206, 207, 208, 209, 210, 211, 212, 213, 214, 215, 216, 217, 218, 219, 220, 221, 222, 223, 224, 225, 226, 227, 228, 229, 230, 231, 232, 233, 234, 235, 236, 237, 238, 239, 240, 241, 242, 243, 244, 245, 246, 247, 248, 249, 250, 251, 252, 253, 254, 255, 256, 257, 258, 259, 260, 261, 262, 263, 264, 265, 266, 267, 268, 269, 270, 271, 272, 273, 274, 275, 276, 277, 278, 279, 280, 281, 282, 283, 284, 285, 286, 287, 288, 289, 290, 291, 292, 293, 294, 295, 296, 297, 298, 299, 300, 301, 302, 303, 304, 305, 306, 307, 308, 309, 310, 311, 312, 313, 314, 315, 316, 317, 318, 319, 320, 321, 322, 323, 324, 325, 326, 327, 328, 329, 330, 331, 332, 333, 334, 335, 336, 337, 574, 575, 576, 577, 578, 579, 580, 581, 582, 583, 584, 585, 586, 587, 588, 589, 590, 591, 592, 593, 594, 595, 596, 597, 598, 599, 600, 601, 602, 603, 604, 605, 606, 607, 608, 609, 610, 611, 612, 613, 614, 615, 616, 617, 618, 619, 620, 621, 622, 623, 624, 625, 626, 627, 628, 629, 630, 631, 632, 633, 634, 635, 636, 637, 638, 639, 640, 641, 642, 643, 644, 645, 646, 647, 648, 649, 650, 651, 652, 653, 654, 655, 656, 657, 658, 659, 660, 661, 662, 663, 664, 665, 666, 667, 668, 669, 670, 671, 672, 673, 674, 675, 676, 677, 678, 679, 680, 681, 682, 683, 684, 685, 686, 687, 688, 689, 690, 691, 692, 693, 694, 695, 696, 697, 698, 699, 700, 701, 702, 703, 704, 705, 706, 707, 708, 709, 710, 711, 712, 713, 714, 715, 716, 717, 718, 719, 720, 721, 722, 723, 724, 725, 726, 727, 728, 729, 730, 731, 732, 733, 734, 735, 736, 737, 738, 739, 740, 741, 742, 743, 744, 745, 746, 747, 748, 749, 750, 751, 752, 753, 754, 755, 756, 757, 758, 759, 760, 761, 762, 763, 764, 765, 766, 767, 768, 769, 770, 771, 772, 773, 774, 775, 776, 777, 778, 779, 780, 781, 782, 783, 784, 785, 786, 787, 788, 789, 790, 791, 792, 793]","[103, 111, 127, 153, 162, 201, 226, 292, 574, 581, 598, 624, 634, 690, 751]","[162, 634]","[10, 75, 103, 104, 106, 117, 118, 120, 127, 128, 129, 131, 133, 135, 136, 137, 139, 146, 147, 148, 149, 151, 158, 160, 162, 166, 173, 178, 179, 185, 190, 192, 198, 201, 203, 204, 206, 207, 212, 213, 214, 219, 223, 224, 225, 227, 230, 235, 237, 246, 247, 256, 259, 262, 263, 266, 268, 269, 271, 272, 278, 279, 284, 285, 288, 290, 292, 304, 306, 312, 316, 319, 320, 323, 324, 329, 332, 335, 495, 549, 574, 575, 577, 588, 589, 591, 598, 599, 600, 602, 604, 606, 607, 608, 610, 617, 618, 619, 620, 622, 625, 630, 632, 634, 638, 644, 649, 650, 656, 661, 663, 669, 673, 674, 676, 677, 682, 683, 684, 687, 688, 689, 691, 694, 699, 701, 710, 718, 722, 723, 727, 728, 730, 731, 737, 738, 743, 744, 747, 749, 751, 762, 764, 770, 774, 777, 778, 781, 782, 789, 791]","[17, 18, 19, 20, 21, 22, 23, 156, 157, 158, 159, 160, 161, 162, 163, 164, 165, 166, 167, 168, 340, 341, 342, 343, 344, 345, 346, 412, 413, 414, 415, 416, 417, 418, 419, 420, 421, 422, 502, 503, 504, 505, 506, 507, 628, 629, 630, 631, 632, 633, 634, 635, 636, 637, 638, 639, 792, 796, 797, 798, 799, 800, 801, 863, 864, 865, 866, 867, 868, 869, 870, 871, 872, 873, 874]","[17, 18, 19, 20, 21, 22, 23, 156, 157, 158, 159, 160, 161, 162, 163, 164, 165, 166, 167, 341, 342, 343, 344, 345, 412, 413, 414, 415, 416, 417, 418, 419, 420, 421, 422, 502, 503, 504, 505, 506, 507, 628, 629, 630, 631, 632, 633, 634, 635, 636, 637, 638, 639, 792, 797, 798, 799, 800, 801, 863, 864, 865, 866, 867, 868, 869, 870, 871, 872, 873, 874]",7/6 successful match,True,"[97, 98]",True,310,False,,0.5919540229885056,True,Flying J Travel Plaza # 0500320,Flying J
G Bakersfield ( 93308 ) Flying J Travel Plaza / 26 # 613 SB ( Buck Owens N ),661-392-5300 CA 99 Exit 39 ( Merced Ave ) FLYING J,FLYING J X 24,Bakersfield,93308,Flying J Travel Plaza / 26 # 613 SB ( Buck Owens N ),661-392-5300,2015,Bakersfield,CA,Flying J,( Merced Ave ) FLYING J,CA 99 Exit 39 ,Exit,39,False,,False,CA 99,,,,,"[162, 634]","[111, 162, 581, 634]","[103, 111, 127, 153, 162, 201, 226, 292, 574, 581, 598, 624, 634, 690, 751]","[162, 634]","[103, 104, 105, 106, 107, 108, 109, 110, 111, 112, 113, 114, 115, 116, 117, 118, 119, 120, 121, 122, 123, 124, 125, 126, 127, 128, 129, 130, 131, 132, 133, 134, 135, 136, 137, 138, 139, 140, 141, 142, 143, 144, 145, 146, 147, 148, 149, 150, 151, 152, 153, 154, 155, 156, 157, 158, 159, 160, 161, 162, 163, 164, 165, 166, 167, 168, 169, 170, 171, 172, 173, 174, 175, 176, 177, 178, 179, 180, 181, 182, 183, 184, 185, 186, 187, 188, 189, 190, 191, 192, 193, 194, 195, 196, 197, 198, 199, 200, 201, 202, 203, 204, 205, 206, 207, 208, 209, 210, 211, 212, 213, 214, 215, 216, 217, 218, 219, 220, 221, 222, 223, 224, 225, 226, 227, 228, 229, 230, 231, 232, 233, 234, 235, 236, 237, 238, 239, 240, 241, 242, 243, 244, 245, 246, 247, 248, 249, 250, 251, 252, 253, 254, 255, 256, 257, 258, 259, 260, 261, 262, 263, 264, 265, 266, 267, 268, 269, 270, 271, 272, 273, 274, 275, 276, 277, 278, 279, 280, 281, 282, 283, 284, 285, 286, 287, 288, 289, 290, 291, 292, 293, 294, 295, 296, 297, 298, 299, 300, 301, 302, 303, 304, 305, 306, 307, 308, 309, 310, 311, 312, 313, 314, 315, 316, 317, 318, 319, 320, 321, 322, 323, 324, 325, 326, 327, 328, 329, 330, 331, 332, 333, 334, 335, 336, 337, 574, 575, 576, 577, 578, 579, 580, 581, 582, 583, 584, 585, 586, 587, 588, 589, 590, 591, 592, 593, 594, 595, 596, 597, 598, 599, 600, 601, 602, 603, 604, 605, 606, 607, 608, 609, 610, 611, 612, 613, 614, 615, 616, 617, 618, 619, 620, 621, 622, 623, 624, 625, 626, 627, 628, 629, 630, 631, 632, 633, 634, 635, 636, 637, 638, 639, 640, 641, 642, 643, 644, 645, 646, 647, 648, 649, 650, 651, 652, 653, 654, 655, 656, 657, 658, 659, 660, 661, 662, 663, 664, 665, 666, 667, 668, 669, 670, 671, 672, 673, 674, 675, 676, 677, 678, 679, 680, 681, 682, 683, 684, 685, 686, 687, 688, 689, 690, 691, 692, 693, 694, 695, 696, 697, 698, 699, 700, 701, 702, 703, 704, 705, 706, 707, 708, 709, 710, 711, 712, 713, 714, 715, 716, 717, 718, 719, 720, 721, 722, 723, 724, 725, 726, 727, 728, 729, 730, 731, 732, 733, 734, 735, 736, 737, 738, 739, 740, 741, 742, 743, 744, 745, 746, 747, 748, 749, 750, 751, 752, 753, 754, 755, 756, 757, 758, 759, 760, 761, 762, 763, 764, 765, 766, 767, 768, 769, 770, 771, 772, 773, 774, 775, 776, 777, 778, 779, 780, 781, 782, 783, 784, 785, 786, 787, 788, 789, 790, 791, 792, 793]","[10, 75, 103, 104, 106, 117, 118, 120, 127, 128, 129, 131, 133, 135, 136, 137, 139, 146, 147, 148, 149, 151, 158, 160, 162, 166, 173, 178, 179, 185, 190, 192, 198, 201, 203, 204, 206, 207, 212, 213, 214, 219, 223, 224, 225, 227, 230, 235, 237, 246, 247, 256, 259, 262, 263, 266, 268, 269, 271, 272, 278, 279, 284, 285, 288, 290, 292, 304, 306, 312, 316, 319, 320, 323, 324, 329, 332, 335, 495, 549, 574, 575, 577, 588, 589, 591, 598, 599, 600, 602, 604, 606, 607, 608, 610, 617, 618, 619, 620, 622, 625, 630, 632, 634, 638, 644, 649, 650, 656, 661, 663, 669, 673, 674, 676, 677, 682, 683, 684, 687, 688, 689, 691, 694, 699, 701, 710, 718, 722, 723, 727, 728, 730, 731, 737, 738, 743, 744, 747, 749, 751, 762, 764, 770, 774, 777, 778, 781, 782, 789, 791]","[17, 18, 19, 20, 21, 22, 23, 156, 157, 158, 159, 160, 161, 162, 163, 164, 165, 166, 167, 341, 342, 343, 344, 345, 412, 413, 414, 415, 416, 417, 418, 419, 420, 421, 422, 502, 503, 504, 505, 506, 507, 628, 629, 630, 631, 632, 633, 634, 635, 636, 637, 638, 639, 792, 797, 798, 799, 800, 801, 863, 864, 865, 866, 867, 868, 869, 870, 871, 872, 873, 874]","[17, 18, 19, 20, 21, 22, 23, 156, 157, 158, 159, 160, 161, 162, 163, 164, 165, 166, 167, 168, 340, 341, 342, 343, 344, 345, 346, 412, 413, 414, 415, 416, 417, 418, 419, 420, 421, 422, 502, 503, 504, 505, 506, 507, 628, 629, 630, 631, 632, 633, 634, 635, 636, 637, 638, 639, 792, 796, 797, 798, 799, 800, 801, 863, 864, 865, 866, 867, 868, 869, 870, 871, 872, 873, 874]","[10, 17, 18, 19, 20, 21, 22, 23, 75, 103, 104, 105, 106, 107, 108, 109, 110, 111, 112, 113, 114, 115, 116, 117, 118, 119, 120, 121, 122, 123, 124, 125, 126, 127, 128, 129, 130, 131, 132, 133, 134, 135, 136, 137, 138, 139, 140, 141, 142, 143, 144, 145, 146, 147, 148, 149, 150, 151, 152, 153, 154, 155, 156, 157, 158, 159, 160, 161, 162, 163, 164, 165, 166, 167, 168, 169, 170, 171, 172, 173, 174, 175, 176, 177, 178, 179, 180, 181, 182, 183, 184, 185, 186, 187, 188, 189, 190, 191, 192, 193, 194, 195, 196, 197, 198, 199, 200, 201, 202, 203, 204, 205, 206, 207, 208, 209, 210, 211, 212, 213, 214, 215, 216, 217, 218, 219, 220, 221, 222, 223, 224, 225, 226, 227, 228, 229, 230, 231, 232, 233, 234, 235, 236, 237, 238, 239, 240, 241, 242, 243, 244, 245, 246, 247, 248, 249, 250, 251, 252, 253, 254, 255, 256, 257, 258, 259, 260, 261, 262, 263, 264, 265, 266, 267, 268, 269, 270, 271, 272, 273, 274, 275, 276, 277, 278, 279, 280, 281, 282, 283, 284, 285, 286, 287, 288, 289, 290, 291, 292, 293, 294, 295, 296, 297, 298, 299, 300, 301, 302, 303, 304, 305, 306, 307, 308, 309, 310, 311, 312, 313, 314, 315, 316, 317, 318, 319, 320, 321, 322, 323, 324, 325, 326, 327, 328, 329, 330, 331, 332, 333, 334, 335, 336, 337, 340, 341, 342, 343, 344, 345, 346, 412, 413, 414, 415, 416, 417, 418, 419, 420, 421, 422, 495, 502, 503, 504, 505, 506, 507, 549, 574, 575, 576, 577, 578, 579, 580, 581, 582, 583, 584, 585, 586, 587, 588, 589, 590, 591, 592, 593, 594, 595, 596, 597, 598, 599, 600, 601, 602, 603, 604, 605, 606, 607, 608, 609, 610, 611, 612, 613, 614, 615, 616, 617, 618, 619, 620, 621, 622, 623, 624, 625, 626, 627, 628, 629, 630, 631, 632, 633, 634, 635, 636, 637, 638, 639, 640, 641, 642, 643, 644, 645, 646, 647, 648, 649, 650, 651, 652, 653, 654, 655, 656, 657, 658, 659, 660, 661, 662, 663, 664, 665, 666, 667, 668, 669, 670, 671, 672, 673, 674, 675, 676, 677, 678, 679, 680, 681, 682, 683, 684, 685, 686, 687, 688, 689, 690, 691, 692, 693, 694, 695, 696, 697, 698, 699, 700, 701, 702, 703, 704, 705, 706, 707, 708, 709, 710, 711, 712, 713, 714, 715, 716, 717, 718, 719, 720, 721, 722, 723, 724, 725, 726, 727, 728, 729, 730, 731, 732, 733, 734, 735, 736, 737, 738, 739, 740, 741, 742, 743, 744, 745, 746, 747, 748, 749, 750, 751, 752, 753, 754, 755, 756, 757, 758, 759, 760, 761, 762, 763, 764, 765, 766, 767, 768, 769, 770, 771, 772, 773, 774, 775, 776, 777, 778, 779, 780, 781, 782, 783, 784, 785, 786, 787, 788, 789, 790, 791, 792, 793, 796, 797, 798, 799, 800, 801, 863, 864, 865, 866, 867, 868, 869, 870, 871, 872, 873, 874]",True,"[111, 162, 581, 634]","[103, 104, 105, 106, 107, 108, 109, 110, 111, 112, 113, 114, 115, 116, 117, 118, 119, 120, 121, 122, 123, 124, 125, 126, 127, 128, 129, 130, 131, 132, 133, 134, 135, 136, 137, 138, 139, 140, 141, 142, 143, 144, 145, 146, 147, 148, 149, 150, 151, 152, 153, 154, 155, 156, 157, 158, 159, 160, 161, 162, 163, 164, 165, 166, 167, 168, 169, 170, 171, 172, 173, 174, 175, 176, 177, 178, 179, 180, 181, 182, 183, 184, 185, 186, 187, 188, 189, 190, 191, 192, 193, 194, 195, 196, 197, 198, 199, 200, 201, 202, 203, 204, 205, 206, 207, 208, 209, 210, 211, 212, 213, 214, 215, 216, 217, 218, 219, 220, 221, 222, 223, 224, 225, 226, 227, 228, 229, 230, 231, 232, 233, 234, 235, 236, 237, 238, 239, 240, 241, 242, 243, 244, 245, 246, 247, 248, 249, 250, 251, 252, 253, 254, 255, 256, 257, 258, 259, 260, 261, 262, 263, 264, 265, 266, 267, 268, 269, 270, 271, 272, 273, 274, 275, 276, 277, 278, 279, 280, 281, 282, 283, 284, 285, 286, 287, 288, 289, 290, 291, 292, 293, 294, 295, 296, 297, 298, 299, 300, 301, 302, 303, 304, 305, 306, 307, 308, 309, 310, 311, 312, 313, 314, 315, 316, 317, 318, 319, 320, 321, 322, 323, 324, 325, 326, 327, 328, 329, 330, 331, 332, 333, 334, 335, 336, 337, 574, 575, 576, 577, 578, 579, 580, 581, 582, 583, 584, 585, 586, 587, 588, 589, 590, 591, 592, 593, 594, 595, 596, 597, 598, 599, 600, 601, 602, 603, 604, 605, 606, 607, 608, 609, 610, 611, 612, 613, 614, 615, 616, 617, 618, 619, 620, 621, 622, 623, 624, 625, 626, 627, 628, 629, 630, 631, 632, 633, 634, 635, 636, 637, 638, 639, 640, 641, 642, 643, 644, 645, 646, 647, 648, 649, 650, 651, 652, 653, 654, 655, 656, 657, 658, 659, 660, 661, 662, 663, 664, 665, 666, 667, 668, 669, 670, 671, 672, 673, 674, 675, 676, 677, 678, 679, 680, 681, 682, 683, 684, 685, 686, 687, 688, 689, 690, 691, 692, 693, 694, 695, 696, 697, 698, 699, 700, 701, 702, 703, 704, 705, 706, 707, 708, 709, 710, 711, 712, 713, 714, 715, 716, 717, 718, 719, 720, 721, 722, 723, 724, 725, 726, 727, 728, 729, 730, 731, 732, 733, 734, 735, 736, 737, 738, 739, 740, 741, 742, 743, 744, 745, 746, 747, 748, 749, 750, 751, 752, 753, 754, 755, 756, 757, 758, 759, 760, 761, 762, 763, 764, 765, 766, 767, 768, 769, 770, 771, 772, 773, 774, 775, 776, 777, 778, 779, 780, 781, 782, 783, 784, 785, 786, 787, 788, 789, 790, 791, 792, 793]","[103, 111, 127, 153, 162, 201, 226, 292, 574, 581, 598, 624, 634, 690, 751]","[162, 634]","[10, 75, 103, 104, 106, 117, 118, 120, 127, 128, 129, 131, 133, 135, 136, 137, 139, 146, 147, 148, 149, 151, 158, 160, 162, 166, 173, 178, 179, 185, 190, 192, 198, 201, 203, 204, 206, 207, 212, 213, 214, 219, 223, 224, 225, 227, 230, 235, 237, 246, 247, 256, 259, 262, 263, 266, 268, 269, 271, 272, 278, 279, 284, 285, 288, 290, 292, 304, 306, 312, 316, 319, 320, 323, 324, 329, 332, 335, 495, 549, 574, 575, 577, 588, 589, 591, 598, 599, 600, 602, 604, 606, 607, 608, 610, 617, 618, 619, 620, 622, 625, 630, 632, 634, 638, 644, 649, 650, 656, 661, 663, 669, 673, 674, 676, 677, 682, 683, 684, 687, 688, 689, 691, 694, 699, 701, 710, 718, 722, 723, 727, 728, 730, 731, 737, 738, 743, 744, 747, 749, 751, 762, 764, 770, 774, 777, 778, 781, 782, 789, 791]","[17, 18, 19, 20, 21, 22, 23, 156, 157, 158, 159, 160, 161, 162, 163, 164, 165, 166, 167, 168, 340, 341, 342, 343, 344, 345, 346, 412, 413, 414, 415, 416, 417, 418, 419, 420, 421, 422, 502, 503, 504, 505, 506, 507, 628, 629, 630, 631, 632, 633, 634, 635, 636, 637, 638, 639, 792, 796, 797, 798, 799, 800, 801, 863, 864, 865, 866, 867, 868, 869, 870, 871, 872, 873, 874]","[17, 18, 19, 20, 21, 22, 23, 156, 157, 158, 159, 160, 161, 162, 163, 164, 165, 166, 167, 341, 342, 343, 344, 345, 412, 413, 414, 415, 416, 417, 418, 419, 420, 421, 422, 502, 503, 504, 505, 506, 507, 628, 629, 630, 631, 632, 633, 634, 635, 636, 637, 638, 639, 792, 797, 798, 799, 800, 801, 863, 864, 865, 866, 867, 868, 869, 870, 871, 872, 873, 874]",7/6 successful match,True,"[97, 98]",True,310,False,,0.8650632911392405,True,Flying J Travel Plaza # 613,Flying J
Bakersfield ( 93308 ) Flying J Travel Plaza # 613,4 661-392-5300 CA 99 Exit 39 ( Merced Ave ) FLYING J,J 24 X 24 24 FORS,Bakersfield,93308,Flying J Travel Plaza # 613,661-392-5300,2016,Bakersfield,CA,Flying J,( Merced Ave ) FLYING J,CA 99 Exit 39 ,Exit,39,False,,False,CA 99,,,,,"[162, 634]","[111, 162, 581, 634]","[103, 111, 127, 153, 162, 201, 226, 292, 574, 581, 598, 624, 634, 690, 751]","[162, 634]","[103, 104, 105, 106, 107, 108, 109, 110, 111, 112, 113, 114, 115, 116, 117, 118, 119, 120, 121, 122, 123, 124, 125, 126, 127, 128, 129, 130, 131, 132, 133, 134, 135, 136, 137, 138, 139, 140, 141, 142, 143, 144, 145, 146, 147, 148, 149, 150, 151, 152, 153, 154, 155, 156, 157, 158, 159, 160, 161, 162, 163, 164, 165, 166, 167, 168, 169, 170, 171, 172, 173, 174, 175, 176, 177, 178, 179, 180, 181, 182, 183, 184, 185, 186, 187, 188, 189, 190, 191, 192, 193, 194, 195, 196, 197, 198, 199, 200, 201, 202, 203, 204, 205, 206, 207, 208, 209, 210, 211, 212, 213, 214, 215, 216, 217, 218, 219, 220, 221, 222, 223, 224, 225, 226, 227, 228, 229, 230, 231, 232, 233, 234, 235, 236, 237, 238, 239, 240, 241, 242, 243, 244, 245, 246, 247, 248, 249, 250, 251, 252, 253, 254, 255, 256, 257, 258, 259, 260, 261, 262, 263, 264, 265, 266, 267, 268, 269, 270, 271, 272, 273, 274, 275, 276, 277, 278, 279, 280, 281, 282, 283, 284, 285, 286, 287, 288, 289, 290, 291, 292, 293, 294, 295, 296, 297, 298, 299, 300, 301, 302, 303, 304, 305, 306, 307, 308, 309, 310, 311, 312, 313, 314, 315, 316, 317, 318, 319, 320, 321, 322, 323, 324, 325, 326, 327, 328, 329, 330, 331, 332, 333, 334, 335, 336, 337, 574, 575, 576, 577, 578, 579, 580, 581, 582, 583, 584, 585, 586, 587, 588, 589, 590, 591, 592, 593, 594, 595, 596, 597, 598, 599, 600, 601, 602, 603, 604, 605, 606, 607, 608, 609, 610, 611, 612, 613, 614, 615, 616, 617, 618, 619, 620, 621, 622, 623, 624, 625, 626, 627, 628, 629, 630, 631, 632, 633, 634, 635, 636, 637, 638, 639, 640, 641, 642, 643, 644, 645, 646, 647, 648, 649, 650, 651, 652, 653, 654, 655, 656, 657, 658, 659, 660, 661, 662, 663, 664, 665, 666, 667, 668, 669, 670, 671, 672, 673, 674, 675, 676, 677, 678, 679, 680, 681, 682, 683, 684, 685, 686, 687, 688, 689, 690, 691, 692, 693, 694, 695, 696, 697, 698, 699, 700, 701, 702, 703, 704, 705, 706, 707, 708, 709, 710, 711, 712, 713, 714, 715, 716, 717, 718, 719, 720, 721, 722, 723, 724, 725, 726, 727, 728, 729, 730, 731, 732, 733, 734, 735, 736, 737, 738, 739, 740, 741, 742, 743, 744, 745, 746, 747, 748, 749, 750, 751, 752, 753, 754, 755, 756, 757, 758, 759, 760, 761, 762, 763, 764, 765, 766, 767, 768, 769, 770, 771, 772, 773, 774, 775, 776, 777, 778, 779, 780, 781, 782, 783, 784, 785, 786, 787, 788, 789, 790, 791, 792, 793]","[10, 75, 103, 104, 106, 117, 118, 120, 127, 128, 129, 131, 133, 135, 136, 137, 139, 146, 147, 148, 149, 151, 158, 160, 162, 166, 173, 178, 179, 185, 190, 192, 198, 201, 203, 204, 206, 207, 212, 213, 214, 219, 223, 224, 225, 227, 230, 235, 237, 246, 247, 256, 259, 262, 263, 266, 268, 269, 271, 272, 278, 279, 284, 285, 288, 290, 292, 304, 306, 312, 316, 319, 320, 323, 324, 329, 332, 335, 495, 549, 574, 575, 577, 588, 589, 591, 598, 599, 600, 602, 604, 606, 607, 608, 610, 617, 618, 619, 620, 622, 625, 630, 632, 634, 638, 644, 649, 650, 656, 661, 663, 669, 673, 674, 676, 677, 682, 683, 684, 687, 688, 689, 691, 694, 699, 701, 710, 718, 722, 723, 727, 728, 730, 731, 737, 738, 743, 744, 747, 749, 751, 762, 764, 770, 774, 777, 778, 781, 782, 789, 791]","[17, 18, 19, 20, 21, 22, 23, 156, 157, 158, 159, 160, 161, 162, 163, 164, 165, 166, 167, 341, 342, 343, 344, 345, 412, 413, 414, 415, 416, 417, 418, 419, 420, 421, 422, 502, 503, 504, 505, 506, 507, 628, 629, 630, 631, 632, 633, 634, 635, 636, 637, 638, 639, 792, 797, 798, 799, 800, 801, 863, 864, 865, 866, 867, 868, 869, 870, 871, 872, 873, 874]","[17, 18, 19, 20, 21, 22, 23, 156, 157, 158, 159, 160, 161, 162, 163, 164, 165, 166, 167, 168, 340, 341, 342, 343, 344, 345, 346, 412, 413, 414, 415, 416, 417, 418, 419, 420, 421, 422, 502, 503, 504, 505, 506, 507, 628, 629, 630, 631, 632, 633, 634, 635, 636, 637, 638, 639, 792, 796, 797, 798, 799, 800, 801, 863, 864, 865, 866, 867, 868, 869, 870, 871, 872, 873, 874]","[10, 17, 18, 19, 20, 21, 22, 23, 75, 103, 104, 105, 106, 107, 108, 109, 110, 111, 112, 113, 114, 115, 116, 117, 118, 119, 120, 121, 122, 123, 124, 125, 126, 127, 128, 129, 130, 131, 132, 133, 134, 135, 136, 137, 138, 139, 140, 141, 142, 143, 144, 145, 146, 147, 148, 149, 150, 151, 152, 153, 154, 155, 156, 157, 158, 159, 160, 161, 162, 163, 164, 165, 166, 167, 168, 169, 170, 171, 172, 173, 174, 175, 176, 177, 178, 179, 180, 181, 182, 183, 184, 185, 186, 187, 188, 189, 190, 191, 192, 193, 194, 195, 196, 197, 198, 199, 200, 201, 202, 203, 204, 205, 206, 207, 208, 209, 210, 211, 212, 213, 214, 215, 216, 217, 218, 219, 220, 221, 222, 223, 224, 225, 226, 227, 228, 229, 230, 231, 232, 233, 234, 235, 236, 237, 238, 239, 240, 241, 242, 243, 244, 245, 246, 247, 248, 249, 250, 251, 252, 253, 254, 255, 256, 257, 258, 259, 260, 261, 262, 263, 264, 265, 266, 267, 268, 269, 270, 271, 272, 273, 274, 275, 276, 277, 278, 279, 280, 281, 282, 283, 284, 285, 286, 287, 288, 289, 290, 291, 292, 293, 294, 295, 296, 297, 298, 299, 300, 301, 302, 303, 304, 305, 306, 307, 308, 309, 310, 311, 312, 313, 314, 315, 316, 317, 318, 319, 320, 321, 322, 323, 324, 325, 326, 327, 328, 329, 330, 331, 332, 333, 334, 335, 336, 337, 340, 341, 342, 343, 344, 345, 346, 412, 413, 414, 415, 416, 417, 418, 419, 420, 421, 422, 495, 502, 503, 504, 505, 506, 507, 549, 574, 575, 576, 577, 578, 579, 580, 581, 582, 583, 584, 585, 586, 587, 588, 589, 590, 591, 592, 593, 594, 595, 596, 597, 598, 599, 600, 601, 602, 603, 604, 605, 606, 607, 608, 609, 610, 611, 612, 613, 614, 615, 616, 617, 618, 619, 620, 621, 622, 623, 624, 625, 626, 627, 628, 629, 630, 631, 632, 633, 634, 635, 636, 637, 638, 639, 640, 641, 642, 643, 644, 645, 646, 647, 648, 649, 650, 651, 652, 653, 654, 655, 656, 657, 658, 659, 660, 661, 662, 663, 664, 665, 666, 667, 668, 669, 670, 671, 672, 673, 674, 675, 676, 677, 678, 679, 680, 681, 682, 683, 684, 685, 686, 687, 688, 689, 690, 691, 692, 693, 694, 695, 696, 697, 698, 699, 700, 701, 702, 703, 704, 705, 706, 707, 708, 709, 710, 711, 712, 713, 714, 715, 716, 717, 718, 719, 720, 721, 722, 723, 724, 725, 726, 727, 728, 729, 730, 731, 732, 733, 734, 735, 736, 737, 738, 739, 740, 741, 742, 743, 744, 745, 746, 747, 748, 749, 750, 751, 752, 753, 754, 755, 756, 757, 758, 759, 760, 761, 762, 763, 764, 765, 766, 767, 768, 769, 770, 771, 772, 773, 774, 775, 776, 777, 778, 779, 780, 781, 782, 783, 784, 785, 786, 787, 788, 789, 790, 791, 792, 793, 796, 797, 798, 799, 800, 801, 863, 864, 865, 866, 867, 868, 869, 870, 871, 872, 873, 874]",True,"[111, 162, 581, 634]","[103, 104, 105, 106, 107, 108, 109, 110, 111, 112, 113, 114, 115, 116, 117, 118, 119, 120, 121, 122, 123, 124, 125, 126, 127, 128, 129, 130, 131, 132, 133, 134, 135, 136, 137, 138, 139, 140, 141, 142, 143, 144, 145, 146, 147, 148, 149, 150, 151, 152, 153, 154, 155, 156, 157, 158, 159, 160, 161, 162, 163, 164, 165, 166, 167, 168, 169, 170, 171, 172, 173, 174, 175, 176, 177, 178, 179, 180, 181, 182, 183, 184, 185, 186, 187, 188, 189, 190, 191, 192, 193, 194, 195, 196, 197, 198, 199, 200, 201, 202, 203, 204, 205, 206, 207, 208, 209, 210, 211, 212, 213, 214, 215, 216, 217, 218, 219, 220, 221, 222, 223, 224, 225, 226, 227, 228, 229, 230, 231, 232, 233, 234, 235, 236, 237, 238, 239, 240, 241, 242, 243, 244, 245, 246, 247, 248, 249, 250, 251, 252, 253, 254, 255, 256, 257, 258, 259, 260, 261, 262, 263, 264, 265, 266, 267, 268, 269, 270, 271, 272, 273, 274, 275, 276, 277, 278, 279, 280, 281, 282, 283, 284, 285, 286, 287, 288, 289, 290, 291, 292, 293, 294, 295, 296, 297, 298, 299, 300, 301, 302, 303, 304, 305, 306, 307, 308, 309, 310, 311, 312, 313, 314, 315, 316, 317, 318, 319, 320, 321, 322, 323, 324, 325, 326, 327, 328, 329, 330, 331, 332, 333, 334, 335, 336, 337, 574, 575, 576, 577, 578, 579, 580, 581, 582, 583, 584, 585, 586, 587, 588, 589, 590, 591, 592, 593, 594, 595, 596, 597, 598, 599, 600, 601, 602, 603, 604, 605, 606, 607, 608, 609, 610, 611, 612, 613, 614, 615, 616, 617, 618, 619, 620, 621, 622, 623, 624, 625, 626, 627, 628, 629, 630, 631, 632, 633, 634, 635, 636, 637, 638, 639, 640, 641, 642, 643, 644, 645, 646, 647, 648, 649, 650, 651, 652, 653, 654, 655, 656, 657, 658, 659, 660, 661, 662, 663, 664, 665, 666, 667, 668, 669, 670, 671, 672, 673, 674, 675, 676, 677, 678, 679, 680, 681, 682, 683, 684, 685, 686, 687, 688, 689, 690, 691, 692, 693, 694, 695, 696, 697, 698, 699, 700, 701, 702, 703, 704, 705, 706, 707, 708, 709, 710, 711, 712, 713, 714, 715, 716, 717, 718, 719, 720, 721, 722, 723, 724, 725, 726, 727, 728, 729, 730, 731, 732, 733, 734, 735, 736, 737, 738, 739, 740, 741, 742, 743, 744, 745, 746, 747, 748, 749, 750, 751, 752, 753, 754, 755, 756, 757, 758, 759, 760, 761, 762, 763, 764, 765, 766, 767, 768, 769, 770, 771, 772, 773, 774, 775, 776, 777, 778, 779, 780, 781, 782, 783, 784, 785, 786, 787, 788, 789, 790, 791, 792, 793]","[103, 111, 127, 153, 162, 201, 226, 292, 574, 581, 598, 624, 634, 690, 751]","[162, 634]","[10, 75, 103, 104, 106, 117, 118, 120, 127, 128, 129, 131, 133, 135, 136, 137, 139, 146, 147, 148, 149, 151, 158, 160, 162, 166, 173, 178, 179, 185, 190, 192, 198, 201, 203, 204, 206, 207, 212, 213, 214, 219, 223, 224, 225, 227, 230, 235, 237, 246, 247, 256, 259, 262, 263, 266, 268, 269, 271, 272, 278, 279, 284, 285, 288, 290, 292, 304, 306, 312, 316, 319, 320, 323, 324, 329, 332, 335, 495, 549, 574, 575, 577, 588, 589, 591, 598, 599, 600, 602, 604, 606, 607, 608, 610, 617, 618, 619, 620, 622, 625, 630, 632, 634, 638, 644, 649, 650, 656, 661, 663, 669, 673, 674, 676, 677, 682, 683, 684, 687, 688, 689, 691, 694, 699, 701, 710, 718, 722, 723, 727, 728, 730, 731, 737, 738, 743, 744, 747, 749, 751, 762, 764, 770, 774, 777, 778, 781, 782, 789, 791]","[17, 18, 19, 20, 21, 22, 23, 156, 157, 158, 159, 160, 161, 162, 163, 164, 165, 166, 167, 168, 340, 341, 342, 343, 344, 345, 346, 412, 413, 414, 415, 416, 417, 418, 419, 420, 421, 422, 502, 503, 504, 505, 506, 507, 628, 629, 630, 631, 632, 633, 634, 635, 636, 637, 638, 639, 792, 796, 797, 798, 799, 800, 801, 863, 864, 865, 866, 867, 868, 869, 870, 871, 872, 873, 874]","[17, 18, 19, 20, 21, 22, 23, 156, 157, 158, 159, 160, 161, 162, 163, 164, 165, 166, 167, 341, 342, 343, 344, 345, 412, 413, 414, 415, 416, 417, 418, 419, 420, 421, 422, 502, 503, 504, 505, 506, 507, 628, 629, 630, 631, 632, 633, 634, 635, 636, 637, 638, 639, 792, 797, 798, 799, 800, 801, 863, 864, 865, 866, 867, 868, 869, 870, 871, 872, 873, 874]",7/6 successful match,True,"[97, 98]",True,310,False,,0.8650632911392405,True,Flying J Travel Plaza / 26 # 613 SB ( Buck Owens N ),Flying J
"Kern City , 93312 E - Z Trip",661-764-5217 I-5 Exit 253 ( Stockdale Hwy E ),24 48 SO,Kern City,93312,E - Z Trip,661-764-5217,2006,Bakersfield,CA,,( Stockdale Hwy E ),I-5 Exit 253 ,Exit,253,False,,False,I-5,,,,,[],[],"[103, 111, 127, 153, 162, 201, 226, 292, 574, 581, 598, 624, 634, 690, 751]","[153, 624]","[103, 104, 105, 106, 107, 108, 109, 110, 111, 112, 113, 114, 115, 116, 117, 118, 119, 120, 121, 122, 123, 124, 125, 126, 127, 128, 129, 130, 131, 132, 133, 134, 135, 136, 137, 138, 139, 140, 141, 142, 143, 144, 145, 146, 147, 148, 149, 150, 151, 152, 153, 154, 155, 156, 157, 158, 159, 160, 161, 162, 163, 164, 165, 166, 167, 168, 169, 170, 171, 172, 173, 174, 175, 176, 177, 178, 179, 180, 181, 182, 183, 184, 185, 186, 187, 188, 189, 190, 191, 192, 193, 194, 195, 196, 197, 198, 199, 200, 201, 202, 203, 204, 205, 206, 207, 208, 209, 210, 211, 212, 213, 214, 215, 216, 217, 218, 219, 220, 221, 222, 223, 224, 225, 226, 227, 228, 229, 230, 231, 232, 233, 234, 235, 236, 237, 238, 239, 240, 241, 242, 243, 244, 245, 246, 247, 248, 249, 250, 251, 252, 253, 254, 255, 256, 257, 258, 259, 260, 261, 262, 263, 264, 265, 266, 267, 268, 269, 270, 271, 272, 273, 274, 275, 276, 277, 278, 279, 280, 281, 282, 283, 284, 285, 286, 287, 288, 289, 290, 291, 292, 293, 294, 295, 296, 297, 298, 299, 300, 301, 302, 303, 304, 305, 306, 307, 308, 309, 310, 311, 312, 313, 314, 315, 316, 317, 318, 319, 320, 321, 322, 323, 324, 325, 326, 327, 328, 329, 330, 331, 332, 333, 334, 335, 336, 337, 574, 575, 576, 577, 578, 579, 580, 581, 582, 583, 584, 585, 586, 587, 588, 589, 590, 591, 592, 593, 594, 595, 596, 597, 598, 599, 600, 601, 602, 603, 604, 605, 606, 607, 608, 609, 610, 611, 612, 613, 614, 615, 616, 617, 618, 619, 620, 621, 622, 623, 624, 625, 626, 627, 628, 629, 630, 631, 632, 633, 634, 635, 636, 637, 638, 639, 640, 641, 642, 643, 644, 645, 646, 647, 648, 649, 650, 651, 652, 653, 654, 655, 656, 657, 658, 659, 660, 661, 662, 663, 664, 665, 666, 667, 668, 669, 670, 671, 672, 673, 674, 675, 676, 677, 678, 679, 680, 681, 682, 683, 684, 685, 686, 687, 688, 689, 690, 691, 692, 693, 694, 695, 696, 697, 698, 699, 700, 701, 702, 703, 704, 705, 706, 707, 708, 709, 710, 711, 712, 713, 714, 715, 716, 717, 718, 719, 720, 721, 722, 723, 724, 725, 726, 727, 728, 729, 730, 731, 732, 733, 734, 735, 736, 737, 738, 739, 740, 741, 742, 743, 744, 745, 746, 747, 748, 749, 750, 751, 752, 753, 754, 755, 756, 757, 758, 759, 760, 761, 762, 763, 764, 765, 766, 767, 768, 769, 770, 771, 772, 773, 774, 775, 776, 777, 778, 779, 780, 781, 782, 783, 784, 785, 786, 787, 788, 789, 790, 791, 792, 793]","[105, 114, 138, 141, 152, 153, 154, 155, 157, 159, 164, 165, 176, 182, 191, 192, 194, 195, 196, 200, 204, 208, 209, 210, 211, 215, 226, 228, 241, 242, 243, 245, 248, 249, 250, 257, 261, 270, 271, 282, 287, 289, 291, 294, 296, 298, 306, 308, 309, 311, 314, 327, 333, 335, 337, 576, 585, 609, 612, 623, 624, 626, 627, 629, 631, 636, 637, 647, 653, 662, 663, 665, 666, 667, 671, 674, 678, 679, 680, 681, 690, 692, 705, 706, 707, 709, 711, 712, 713, 719, 721, 729, 730, 741, 746, 748, 750, 753, 755, 757, 764, 766, 767, 769, 772, 785, 791]",[],"[83, 85, 151, 152, 153, 554, 556, 622, 623, 624, 625]","[83, 85, 103, 104, 105, 106, 107, 108, 109, 110, 111, 112, 113, 114, 115, 116, 117, 118, 119, 120, 121, 122, 123, 124, 125, 126, 127, 128, 129, 130, 131, 132, 133, 134, 135, 136, 137, 138, 139, 140, 141, 142, 143, 144, 145, 146, 147, 148, 149, 150, 151, 152, 153, 154, 155, 156, 157, 158, 159, 160, 161, 162, 163, 164, 165, 166, 167, 168, 169, 170, 171, 172, 173, 174, 175, 176, 177, 178, 179, 180, 181, 182, 183, 184, 185, 186, 187, 188, 189, 190, 191, 192, 193, 194, 195, 196, 197, 198, 199, 200, 201, 202, 203, 204, 205, 206, 207, 208, 209, 210, 211, 212, 213, 214, 215, 216, 217, 218, 219, 220, 221, 222, 223, 224, 225, 226, 227, 228, 229, 230, 231, 232, 233, 234, 235, 236, 237, 238, 239, 240, 241, 242, 243, 244, 245, 246, 247, 248, 249, 250, 251, 252, 253, 254, 255, 256, 257, 258, 259, 260, 261, 262, 263, 264, 265, 266, 267, 268, 269, 270, 271, 272, 273, 274, 275, 276, 277, 278, 279, 280, 281, 282, 283, 284, 285, 286, 287, 288, 289, 290, 291, 292, 293, 294, 295, 296, 297, 298, 299, 300, 301, 302, 303, 304, 305, 306, 307, 308, 309, 310, 311, 312, 313, 314, 315, 316, 317, 318, 319, 320, 321, 322, 323, 324, 325, 326, 327, 328, 329, 330, 331, 332, 333, 334, 335, 336, 337, 554, 556, 574, 575, 576, 577, 578, 579, 580, 581, 582, 583, 584, 585, 586, 587, 588, 589, 590, 591, 592, 593, 594, 595, 596, 597, 598, 599, 600, 601, 602, 603, 604, 605, 606, 607, 608, 609, 610, 611, 612, 613, 614, 615, 616, 617, 618, 619, 620, 621, 622, 623, 624, 625, 626, 627, 628, 629, 630, 631, 632, 633, 634, 635, 636, 637, 638, 639, 640, 641, 642, 643, 644, 645, 646, 647, 648, 649, 650, 651, 652, 653, 654, 655, 656, 657, 658, 659, 660, 661, 662, 663, 664, 665, 666, 667, 668, 669, 670, 671, 672, 673, 674, 675, 676, 677, 678, 679, 680, 681, 682, 683, 684, 685, 686, 687, 688, 689, 690, 691, 692, 693, 694, 695, 696, 697, 698, 699, 700, 701, 702, 703, 704, 705, 706, 707, 708, 709, 710, 711, 712, 713, 714, 715, 716, 717, 718, 719, 720, 721, 722, 723, 724, 725, 726, 727, 728, 729, 730, 731, 732, 733, 734, 735, 736, 737, 738, 739, 740, 741, 742, 743, 744, 745, 746, 747, 748, 749, 750, 751, 752, 753, 754, 755, 756, 757, 758, 759, 760, 761, 762, 763, 764, 765, 766, 767, 768, 769, 770, 771, 772, 773, 774, 775, 776, 777, 778, 779, 780, 781, 782, 783, 784, 785, 786, 787, 788, 789, 790, 791, 792, 793]",False,[],"[103, 104, 105, 106, 107, 108, 109, 110, 111, 112, 113, 114, 115, 116, 117, 118, 119, 120, 121, 122, 123, 124, 125, 126, 127, 128, 129, 130, 131, 132, 133, 134, 135, 136, 137, 138, 139, 140, 141, 142, 143, 144, 145, 146, 147, 148, 149, 150, 151, 152, 153, 154, 155, 156, 157, 158, 159, 160, 161, 162, 163, 164, 165, 166, 167, 168, 169, 170, 171, 172, 173, 174, 175, 176, 177, 178, 179, 180, 181, 182, 183, 184, 185, 186, 187, 188, 189, 190, 191, 192, 193, 194, 195, 196, 197, 198, 199, 200, 201, 202, 203, 204, 205, 206, 207, 208, 209, 210, 211, 212, 213, 214, 215, 216, 217, 218, 219, 220, 221, 222, 223, 224, 225, 226, 227, 228, 229, 230, 231, 232, 233, 234, 235, 236, 237, 238, 239, 240, 241, 242, 243, 244, 245, 246, 247, 248, 249, 250, 251, 252, 253, 254, 255, 256, 257, 258, 259, 260, 261, 262, 263, 264, 265, 266, 267, 268, 269, 270, 271, 272, 273, 274, 275, 276, 277, 278, 279, 280, 281, 282, 283, 284, 285, 286, 287, 288, 289, 290, 291, 292, 293, 294, 295, 296, 297, 298, 299, 300, 301, 302, 303, 304, 305, 306, 307, 308, 309, 310, 311, 312, 313, 314, 315, 316, 317, 318, 319, 320, 321, 322, 323, 324, 325, 326, 327, 328, 329, 330, 331, 332, 333, 334, 335, 336, 337, 574, 575, 576, 577, 578, 579, 580, 581, 582, 583, 584, 585, 586, 587, 588, 589, 590, 591, 592, 593, 594, 595, 596, 597, 598, 599, 600, 601, 602, 603, 604, 605, 606, 607, 608, 609, 610, 611, 612, 613, 614, 615, 616, 617, 618, 619, 620, 621, 622, 623, 624, 625, 626, 627, 628, 629, 630, 631, 632, 633, 634, 635, 636, 637, 638, 639, 640, 641, 642, 643, 644, 645, 646, 647, 648, 649, 650, 651, 652, 653, 654, 655, 656, 657, 658, 659, 660, 661, 662, 663, 664, 665, 666, 667, 668, 669, 670, 671, 672, 673, 674, 675, 676, 677, 678, 679, 680, 681, 682, 683, 684, 685, 686, 687, 688, 689, 690, 691, 692, 693, 694, 695, 696, 697, 698, 699, 700, 701, 702, 703, 704, 705, 706, 707, 708, 709, 710, 711, 712, 713, 714, 715, 716, 717, 718, 719, 720, 721, 722, 723, 724, 725, 726, 727, 728, 729, 730, 731, 732, 733, 734, 735, 736, 737, 738, 739, 740, 741, 742, 743, 744, 745, 746, 747, 748, 749, 750, 751, 752, 753, 754, 755, 756, 757, 758, 759, 760, 761, 762, 763, 764, 765, 766, 767, 768, 769, 770, 771, 772, 773, 774, 775, 776, 777, 778, 779, 780, 781, 782, 783, 784, 785, 786, 787, 788, 789, 790, 791, 792, 793]","[103, 111, 127, 153, 162, 201, 226, 292, 574, 581, 598, 624, 634, 690, 751]","[153, 624]","[105, 114, 138, 141, 152, 153, 154, 155, 157, 159, 164, 165, 176, 182, 191, 192, 194, 195, 196, 200, 204, 208, 209, 210, 211, 215, 226, 228, 241, 242, 243, 245, 248, 249, 250, 257, 261, 270, 271, 282, 287, 289, 291, 294, 296, 298, 306, 308, 309, 311, 314, 327, 333, 335, 337, 576, 585, 609, 612, 623, 624, 626, 627, 629, 631, 636, 637, 647, 653, 662, 663, 665, 666, 667, 671, 674, 678, 679, 680, 681, 690, 692, 705, 706, 707, 709, 711, 712, 713, 719, 721, 729, 730, 741, 746, 748, 750, 753, 755, 757, 764, 766, 767, 769, 772, 785, 791]","[83, 85, 151, 152, 153, 554, 556, 622, 623, 624, 625]",[],7/6 successful match,False,,False,311,False,,,,,
"Kern City , E - Z Trip ( Shell )",661-764-5217 93312 I-5 Exit 253 ( Stockdale Hwy E ),24,Kern City,93312,,661-764-5217,2007,Bakersfield,CA,,( Stockdale Hwy E ),I-5 Exit 253,Exit,253,False,,False,I-5,,,,,[],[],"[103, 111, 127, 153, 162, 201, 226, 292, 574, 581, 598, 624, 634, 690, 751]","[153, 624]","[103, 104, 105, 106, 107, 108, 109, 110, 111, 112, 113, 114, 115, 116, 117, 118, 119, 120, 121, 122, 123, 124, 125, 126, 127, 128, 129, 130, 131, 132, 133, 134, 135, 136, 137, 138, 139, 140, 141, 142, 143, 144, 145, 146, 147, 148, 149, 150, 151, 152, 153, 154, 155, 156, 157, 158, 159, 160, 161, 162, 163, 164, 165, 166, 167, 168, 169, 170, 171, 172, 173, 174, 175, 176, 177, 178, 179, 180, 181, 182, 183, 184, 185, 186, 187, 188, 189, 190, 191, 192, 193, 194, 195, 196, 197, 198, 199, 200, 201, 202, 203, 204, 205, 206, 207, 208, 209, 210, 211, 212, 213, 214, 215, 216, 217, 218, 219, 220, 221, 222, 223, 224, 225, 226, 227, 228, 229, 230, 231, 232, 233, 234, 235, 236, 237, 238, 239, 240, 241, 242, 243, 244, 245, 246, 247, 248, 249, 250, 251, 252, 253, 254, 255, 256, 257, 258, 259, 260, 261, 262, 263, 264, 265, 266, 267, 268, 269, 270, 271, 272, 273, 274, 275, 276, 277, 278, 279, 280, 281, 282, 283, 284, 285, 286, 287, 288, 289, 290, 291, 292, 293, 294, 295, 296, 297, 298, 299, 300, 301, 302, 303, 304, 305, 306, 307, 308, 309, 310, 311, 312, 313, 314, 315, 316, 317, 318, 319, 320, 321, 322, 323, 324, 325, 326, 327, 328, 329, 330, 331, 332, 333, 334, 335, 336, 337, 574, 575, 576, 577, 578, 579, 580, 581, 582, 583, 584, 585, 586, 587, 588, 589, 590, 591, 592, 593, 594, 595, 596, 597, 598, 599, 600, 601, 602, 603, 604, 605, 606, 607, 608, 609, 610, 611, 612, 613, 614, 615, 616, 617, 618, 619, 620, 621, 622, 623, 624, 625, 626, 627, 628, 629, 630, 631, 632, 633, 634, 635, 636, 637, 638, 639, 640, 641, 642, 643, 644, 645, 646, 647, 648, 649, 650, 651, 652, 653, 654, 655, 656, 657, 658, 659, 660, 661, 662, 663, 664, 665, 666, 667, 668, 669, 670, 671, 672, 673, 674, 675, 676, 677, 678, 679, 680, 681, 682, 683, 684, 685, 686, 687, 688, 689, 690, 691, 692, 693, 694, 695, 696, 697, 698, 699, 700, 701, 702, 703, 704, 705, 706, 707, 708, 709, 710, 711, 712, 713, 714, 715, 716, 717, 718, 719, 720, 721, 722, 723, 724, 725, 726, 727, 728, 729, 730, 731, 732, 733, 734, 735, 736, 737, 738, 739, 740, 741, 742, 743, 744, 745, 746, 747, 748, 749, 750, 751, 752, 753, 754, 755, 756, 757, 758, 759, 760, 761, 762, 763, 764, 765, 766, 767, 768, 769, 770, 771, 772, 773, 774, 775, 776, 777, 778, 779, 780, 781, 782, 783, 784, 785, 786, 787, 788, 789, 790, 791, 792, 793]","[105, 114, 138, 141, 152, 153, 154, 155, 157, 159, 164, 165, 176, 182, 191, 192, 194, 195, 196, 200, 204, 208, 209, 210, 211, 215, 226, 228, 241, 242, 243, 245, 248, 249, 250, 257, 261, 270, 271, 282, 287, 289, 291, 294, 296, 298, 306, 308, 309, 311, 314, 327, 333, 335, 337, 576, 585, 609, 612, 623, 624, 626, 627, 629, 631, 636, 637, 647, 653, 662, 663, 665, 666, 667, 671, 674, 678, 679, 680, 681, 690, 692, 705, 706, 707, 709, 711, 712, 713, 719, 721, 729, 730, 741, 746, 748, 750, 753, 755, 757, 764, 766, 767, 769, 772, 785, 791]",[],[],"[103, 104, 105, 106, 107, 108, 109, 110, 111, 112, 113, 114, 115, 116, 117, 118, 119, 120, 121, 122, 123, 124, 125, 126, 127, 128, 129, 130, 131, 132, 133, 134, 135, 136, 137, 138, 139, 140, 141, 142, 143, 144, 145, 146, 147, 148, 149, 150, 151, 152, 153, 154, 155, 156, 157, 158, 159, 160, 161, 162, 163, 164, 165, 166, 167, 168, 169, 170, 171, 172, 173, 174, 175, 176, 177, 178, 179, 180, 181, 182, 183, 184, 185, 186, 187, 188, 189, 190, 191, 192, 193, 194, 195, 196, 197, 198, 199, 200, 201, 202, 203, 204, 205, 206, 207, 208, 209, 210, 211, 212, 213, 214, 215, 216, 217, 218, 219, 220, 221, 222, 223, 224, 225, 226, 227, 228, 229, 230, 231, 232, 233, 234, 235, 236, 237, 238, 239, 240, 241, 242, 243, 244, 245, 246, 247, 248, 249, 250, 251, 252, 253, 254, 255, 256, 257, 258, 259, 260, 261, 262, 263, 264, 265, 266, 267, 268, 269, 270, 271, 272, 273, 274, 275, 276, 277, 278, 279, 280, 281, 282, 283, 284, 285, 286, 287, 288, 289, 290, 291, 292, 293, 294, 295, 296, 297, 298, 299, 300, 301, 302, 303, 304, 305, 306, 307, 308, 309, 310, 311, 312, 313, 314, 315, 316, 317, 318, 319, 320, 321, 322, 323, 324, 325, 326, 327, 328, 329, 330, 331, 332, 333, 334, 335, 336, 337, 574, 575, 576, 577, 578, 579, 580, 581, 582, 583, 584, 585, 586, 587, 588, 589, 590, 591, 592, 593, 594, 595, 596, 597, 598, 599, 600, 601, 602, 603, 604, 605, 606, 607, 608, 609, 610, 611, 612, 613, 614, 615, 616, 617, 618, 619, 620, 621, 622, 623, 624, 625, 626, 627, 628, 629, 630, 631, 632, 633, 634, 635, 636, 637, 638, 639, 640, 641, 642, 643, 644, 645, 646, 647, 648, 649, 650, 651, 652, 653, 654, 655, 656, 657, 658, 659, 660, 661, 662, 663, 664, 665, 666, 667, 668, 669, 670, 671, 672, 673, 674, 675, 676, 677, 678, 679, 680, 681, 682, 683, 684, 685, 686, 687, 688, 689, 690, 691, 692, 693, 694, 695, 696, 697, 698, 699, 700, 701, 702, 703, 704, 705, 706, 707, 708, 709, 710, 711, 712, 713, 714, 715, 716, 717, 718, 719, 720, 721, 722, 723, 724, 725, 726, 727, 728, 729, 730, 731, 732, 733, 734, 735, 736, 737, 738, 739, 740, 741, 742, 743, 744, 745, 746, 747, 748, 749, 750, 751, 752, 753, 754, 755, 756, 757, 758, 759, 760, 761, 762, 763, 764, 765, 766, 767, 768, 769, 770, 771, 772, 773, 774, 775, 776, 777, 778, 779, 780, 781, 782, 783, 784, 785, 786, 787, 788, 789, 790, 791, 792, 793]",False,[],"[103, 104, 105, 106, 107, 108, 109, 110, 111, 112, 113, 114, 115, 116, 117, 118, 119, 120, 121, 122, 123, 124, 125, 126, 127, 128, 129, 130, 131, 132, 133, 134, 135, 136, 137, 138, 139, 140, 141, 142, 143, 144, 145, 146, 147, 148, 149, 150, 151, 152, 153, 154, 155, 156, 157, 158, 159, 160, 161, 162, 163, 164, 165, 166, 167, 168, 169, 170, 171, 172, 173, 174, 175, 176, 177, 178, 179, 180, 181, 182, 183, 184, 185, 186, 187, 188, 189, 190, 191, 192, 193, 194, 195, 196, 197, 198, 199, 200, 201, 202, 203, 204, 205, 206, 207, 208, 209, 210, 211, 212, 213, 214, 215, 216, 217, 218, 219, 220, 221, 222, 223, 224, 225, 226, 227, 228, 229, 230, 231, 232, 233, 234, 235, 236, 237, 238, 239, 240, 241, 242, 243, 244, 245, 246, 247, 248, 249, 250, 251, 252, 253, 254, 255, 256, 257, 258, 259, 260, 261, 262, 263, 264, 265, 266, 267, 268, 269, 270, 271, 272, 273, 274, 275, 276, 277, 278, 279, 280, 281, 282, 283, 284, 285, 286, 287, 288, 289, 290, 291, 292, 293, 294, 295, 296, 297, 298, 299, 300, 301, 302, 303, 304, 305, 306, 307, 308, 309, 310, 311, 312, 313, 314, 315, 316, 317, 318, 319, 320, 321, 322, 323, 324, 325, 326, 327, 328, 329, 330, 331, 332, 333, 334, 335, 336, 337, 574, 575, 576, 577, 578, 579, 580, 581, 582, 583, 584, 585, 586, 587, 588, 589, 590, 591, 592, 593, 594, 595, 596, 597, 598, 599, 600, 601, 602, 603, 604, 605, 606, 607, 608, 609, 610, 611, 612, 613, 614, 615, 616, 617, 618, 619, 620, 621, 622, 623, 624, 625, 626, 627, 628, 629, 630, 631, 632, 633, 634, 635, 636, 637, 638, 639, 640, 641, 642, 643, 644, 645, 646, 647, 648, 649, 650, 651, 652, 653, 654, 655, 656, 657, 658, 659, 660, 661, 662, 663, 664, 665, 666, 667, 668, 669, 670, 671, 672, 673, 674, 675, 676, 677, 678, 679, 680, 681, 682, 683, 684, 685, 686, 687, 688, 689, 690, 691, 692, 693, 694, 695, 696, 697, 698, 699, 700, 701, 702, 703, 704, 705, 706, 707, 708, 709, 710, 711, 712, 713, 714, 715, 716, 717, 718, 719, 720, 721, 722, 723, 724, 725, 726, 727, 728, 729, 730, 731, 732, 733, 734, 735, 736, 737, 738, 739, 740, 741, 742, 743, 744, 745, 746, 747, 748, 749, 750, 751, 752, 753, 754, 755, 756, 757, 758, 759, 760, 761, 762, 763, 764, 765, 766, 767, 768, 769, 770, 771, 772, 773, 774, 775, 776, 777, 778, 779, 780, 781, 782, 783, 784, 785, 786, 787, 788, 789, 790, 791, 792, 793]","[103, 111, 127, 153, 162, 201, 226, 292, 574, 581, 598, 624, 634, 690, 751]","[153, 624]","[105, 114, 138, 141, 152, 153, 154, 155, 157, 159, 164, 165, 176, 182, 191, 192, 194, 195, 196, 200, 204, 208, 209, 210, 211, 215, 226, 228, 241, 242, 243, 245, 248, 249, 250, 257, 261, 270, 271, 282, 287, 289, 291, 294, 296, 298, 306, 308, 309, 311, 314, 327, 333, 335, 337, 576, 585, 609, 612, 623, 624, 626, 627, 629, 631, 636, 637, 647, 653, 662, 663, 665, 666, 667, 671, 674, 678, 679, 680, 681, 690, 692, 705, 706, 707, 709, 711, 712, 713, 719, 721, 729, 730, 741, 746, 748, 750, 753, 755, 757, 764, 766, 767, 769, 772, 785, 791]",[],[],7/6 successful match,False,,False,311,True,2007,0.0,True,E - Z Trip,
"Kern City , 93312 E - Z Trip ( Shell )",661-764-5217 I-5 Exit 253 ( Stockdale Hwy E ),24 S 00,Kern City,93312,E - Z Trip ( Shell ),661-764-5217,2008,Bakersfield,CA,Shell,( Stockdale Hwy E ),I-5 Exit 253 ,Exit,253,False,,False,I-5,,,,,[],[],"[103, 111, 127, 153, 162, 201, 226, 292, 574, 581, 598, 624, 634, 690, 751]","[153, 624]","[103, 104, 105, 106, 107, 108, 109, 110, 111, 112, 113, 114, 115, 116, 117, 118, 119, 120, 121, 122, 123, 124, 125, 126, 127, 128, 129, 130, 131, 132, 133, 134, 135, 136, 137, 138, 139, 140, 141, 142, 143, 144, 145, 146, 147, 148, 149, 150, 151, 152, 153, 154, 155, 156, 157, 158, 159, 160, 161, 162, 163, 164, 165, 166, 167, 168, 169, 170, 171, 172, 173, 174, 175, 176, 177, 178, 179, 180, 181, 182, 183, 184, 185, 186, 187, 188, 189, 190, 191, 192, 193, 194, 195, 196, 197, 198, 199, 200, 201, 202, 203, 204, 205, 206, 207, 208, 209, 210, 211, 212, 213, 214, 215, 216, 217, 218, 219, 220, 221, 222, 223, 224, 225, 226, 227, 228, 229, 230, 231, 232, 233, 234, 235, 236, 237, 238, 239, 240, 241, 242, 243, 244, 245, 246, 247, 248, 249, 250, 251, 252, 253, 254, 255, 256, 257, 258, 259, 260, 261, 262, 263, 264, 265, 266, 267, 268, 269, 270, 271, 272, 273, 274, 275, 276, 277, 278, 279, 280, 281, 282, 283, 284, 285, 286, 287, 288, 289, 290, 291, 292, 293, 294, 295, 296, 297, 298, 299, 300, 301, 302, 303, 304, 305, 306, 307, 308, 309, 310, 311, 312, 313, 314, 315, 316, 317, 318, 319, 320, 321, 322, 323, 324, 325, 326, 327, 328, 329, 330, 331, 332, 333, 334, 335, 336, 337, 574, 575, 576, 577, 578, 579, 580, 581, 582, 583, 584, 585, 586, 587, 588, 589, 590, 591, 592, 593, 594, 595, 596, 597, 598, 599, 600, 601, 602, 603, 604, 605, 606, 607, 608, 609, 610, 611, 612, 613, 614, 615, 616, 617, 618, 619, 620, 621, 622, 623, 624, 625, 626, 627, 628, 629, 630, 631, 632, 633, 634, 635, 636, 637, 638, 639, 640, 641, 642, 643, 644, 645, 646, 647, 648, 649, 650, 651, 652, 653, 654, 655, 656, 657, 658, 659, 660, 661, 662, 663, 664, 665, 666, 667, 668, 669, 670, 671, 672, 673, 674, 675, 676, 677, 678, 679, 680, 681, 682, 683, 684, 685, 686, 687, 688, 689, 690, 691, 692, 693, 694, 695, 696, 697, 698, 699, 700, 701, 702, 703, 704, 705, 706, 707, 708, 709, 710, 711, 712, 713, 714, 715, 716, 717, 718, 719, 720, 721, 722, 723, 724, 725, 726, 727, 728, 729, 730, 731, 732, 733, 734, 735, 736, 737, 738, 739, 740, 741, 742, 743, 744, 745, 746, 747, 748, 749, 750, 751, 752, 753, 754, 755, 756, 757, 758, 759, 760, 761, 762, 763, 764, 765, 766, 767, 768, 769, 770, 771, 772, 773, 774, 775, 776, 777, 778, 779, 780, 781, 782, 783, 784, 785, 786, 787, 788, 789, 790, 791, 792, 793]","[105, 114, 138, 141, 152, 153, 154, 155, 157, 159, 164, 165, 176, 182, 191, 192, 194, 195, 196, 200, 204, 208, 209, 210, 211, 215, 226, 228, 241, 242, 243, 245, 248, 249, 250, 257, 261, 270, 271, 282, 287, 289, 291, 294, 296, 298, 306, 308, 309, 311, 314, 327, 333, 335, 337, 576, 585, 609, 612, 623, 624, 626, 627, 629, 631, 636, 637, 647, 653, 662, 663, 665, 666, 667, 671, 674, 678, 679, 680, 681, 690, 692, 705, 706, 707, 709, 711, 712, 713, 719, 721, 729, 730, 741, 746, 748, 750, 753, 755, 757, 764, 766, 767, 769, 772, 785, 791]","[1, 13, 14, 29, 54, 55, 56, 57, 58, 60, 102, 118, 125, 127, 130, 134, 146, 149, 153, 175, 182, 187, 189, 191, 197, 225, 230, 238, 264, 265, 266, 286, 302, 317, 336, 379, 388, 389, 425, 454, 458, 463, 475, 487, 498, 499, 512, 530, 531, 532, 533, 534, 536, 573, 589, 596, 598, 601, 605, 617, 620, 624, 646, 653, 658, 660, 662, 668, 689, 694, 702, 724, 725, 745, 760, 775, 793, 829, 838, 839, 877, 901, 903, 905, 910, 923]","[1, 13, 14, 29, 54, 55, 56, 57, 58, 60, 83, 85, 102, 118, 125, 127, 130, 134, 146, 149, 151, 152, 153, 175, 182, 187, 189, 191, 197, 225, 230, 238, 264, 265, 266, 286, 302, 317, 336, 354, 379, 388, 389, 425, 454, 458, 463, 475, 487, 498, 499, 512, 530, 531, 532, 533, 534, 536, 554, 556, 573, 589, 596, 598, 601, 605, 617, 620, 622, 623, 624, 625, 646, 653, 658, 660, 662, 668, 689, 694, 702, 724, 725, 745, 760, 775, 793, 809, 829, 838, 839, 877, 901, 903, 905, 910, 923]","[1, 13, 14, 29, 54, 55, 56, 57, 58, 60, 83, 85, 102, 103, 104, 105, 106, 107, 108, 109, 110, 111, 112, 113, 114, 115, 116, 117, 118, 119, 120, 121, 122, 123, 124, 125, 126, 127, 128, 129, 130, 131, 132, 133, 134, 135, 136, 137, 138, 139, 140, 141, 142, 143, 144, 145, 146, 147, 148, 149, 150, 151, 152, 153, 154, 155, 156, 157, 158, 159, 160, 161, 162, 163, 164, 165, 166, 167, 168, 169, 170, 171, 172, 173, 174, 175, 176, 177, 178, 179, 180, 181, 182, 183, 184, 185, 186, 187, 188, 189, 190, 191, 192, 193, 194, 195, 196, 197, 198, 199, 200, 201, 202, 203, 204, 205, 206, 207, 208, 209, 210, 211, 212, 213, 214, 215, 216, 217, 218, 219, 220, 221, 222, 223, 224, 225, 226, 227, 228, 229, 230, 231, 232, 233, 234, 235, 236, 237, 238, 239, 240, 241, 242, 243, 244, 245, 246, 247, 248, 249, 250, 251, 252, 253, 254, 255, 256, 257, 258, 259, 260, 261, 262, 263, 264, 265, 266, 267, 268, 269, 270, 271, 272, 273, 274, 275, 276, 277, 278, 279, 280, 281, 282, 283, 284, 285, 286, 287, 288, 289, 290, 291, 292, 293, 294, 295, 296, 297, 298, 299, 300, 301, 302, 303, 304, 305, 306, 307, 308, 309, 310, 311, 312, 313, 314, 315, 316, 317, 318, 319, 320, 321, 322, 323, 324, 325, 326, 327, 328, 329, 330, 331, 332, 333, 334, 335, 336, 337, 354, 379, 388, 389, 425, 454, 458, 463, 475, 487, 498, 499, 512, 530, 531, 532, 533, 534, 536, 554, 556, 573, 574, 575, 576, 577, 578, 579, 580, 581, 582, 583, 584, 585, 586, 587, 588, 589, 590, 591, 592, 593, 594, 595, 596, 597, 598, 599, 600, 601, 602, 603, 604, 605, 606, 607, 608, 609, 610, 611, 612, 613, 614, 615, 616, 617, 618, 619, 620, 621, 622, 623, 624, 625, 626, 627, 628, 629, 630, 631, 632, 633, 634, 635, 636, 637, 638, 639, 640, 641, 642, 643, 644, 645, 646, 647, 648, 649, 650, 651, 652, 653, 654, 655, 656, 657, 658, 659, 660, 661, 662, 663, 664, 665, 666, 667, 668, 669, 670, 671, 672, 673, 674, 675, 676, 677, 678, 679, 680, 681, 682, 683, 684, 685, 686, 687, 688, 689, 690, 691, 692, 693, 694, 695, 696, 697, 698, 699, 700, 701, 702, 703, 704, 705, 706, 707, 708, 709, 710, 711, 712, 713, 714, 715, 716, 717, 718, 719, 720, 721, 722, 723, 724, 725, 726, 727, 728, 729, 730, 731, 732, 733, 734, 735, 736, 737, 738, 739, 740, 741, 742, 743, 744, 745, 746, 747, 748, 749, 750, 751, 752, 753, 754, 755, 756, 757, 758, 759, 760, 761, 762, 763, 764, 765, 766, 767, 768, 769, 770, 771, 772, 773, 774, 775, 776, 777, 778, 779, 780, 781, 782, 783, 784, 785, 786, 787, 788, 789, 790, 791, 792, 793, 809, 829, 838, 839, 877, 901, 903, 905, 910, 923]",False,[],"[103, 104, 105, 106, 107, 108, 109, 110, 111, 112, 113, 114, 115, 116, 117, 118, 119, 120, 121, 122, 123, 124, 125, 126, 127, 128, 129, 130, 131, 132, 133, 134, 135, 136, 137, 138, 139, 140, 141, 142, 143, 144, 145, 146, 147, 148, 149, 150, 151, 152, 153, 154, 155, 156, 157, 158, 159, 160, 161, 162, 163, 164, 165, 166, 167, 168, 169, 170, 171, 172, 173, 174, 175, 176, 177, 178, 179, 180, 181, 182, 183, 184, 185, 186, 187, 188, 189, 190, 191, 192, 193, 194, 195, 196, 197, 198, 199, 200, 201, 202, 203, 204, 205, 206, 207, 208, 209, 210, 211, 212, 213, 214, 215, 216, 217, 218, 219, 220, 221, 222, 223, 224, 225, 226, 227, 228, 229, 230, 231, 232, 233, 234, 235, 236, 237, 238, 239, 240, 241, 242, 243, 244, 245, 246, 247, 248, 249, 250, 251, 252, 253, 254, 255, 256, 257, 258, 259, 260, 261, 262, 263, 264, 265, 266, 267, 268, 269, 270, 271, 272, 273, 274, 275, 276, 277, 278, 279, 280, 281, 282, 283, 284, 285, 286, 287, 288, 289, 290, 291, 292, 293, 294, 295, 296, 297, 298, 299, 300, 301, 302, 303, 304, 305, 306, 307, 308, 309, 310, 311, 312, 313, 314, 315, 316, 317, 318, 319, 320, 321, 322, 323, 324, 325, 326, 327, 328, 329, 330, 331, 332, 333, 334, 335, 336, 337, 574, 575, 576, 577, 578, 579, 580, 581, 582, 583, 584, 585, 586, 587, 588, 589, 590, 591, 592, 593, 594, 595, 596, 597, 598, 599, 600, 601, 602, 603, 604, 605, 606, 607, 608, 609, 610, 611, 612, 613, 614, 615, 616, 617, 618, 619, 620, 621, 622, 623, 624, 625, 626, 627, 628, 629, 630, 631, 632, 633, 634, 635, 636, 637, 638, 639, 640, 641, 642, 643, 644, 645, 646, 647, 648, 649, 650, 651, 652, 653, 654, 655, 656, 657, 658, 659, 660, 661, 662, 663, 664, 665, 666, 667, 668, 669, 670, 671, 672, 673, 674, 675, 676, 677, 678, 679, 680, 681, 682, 683, 684, 685, 686, 687, 688, 689, 690, 691, 692, 693, 694, 695, 696, 697, 698, 699, 700, 701, 702, 703, 704, 705, 706, 707, 708, 709, 710, 711, 712, 713, 714, 715, 716, 717, 718, 719, 720, 721, 722, 723, 724, 725, 726, 727, 728, 729, 730, 731, 732, 733, 734, 735, 736, 737, 738, 739, 740, 741, 742, 743, 744, 745, 746, 747, 748, 749, 750, 751, 752, 753, 754, 755, 756, 757, 758, 759, 760, 761, 762, 763, 764, 765, 766, 767, 768, 769, 770, 771, 772, 773, 774, 775, 776, 777, 778, 779, 780, 781, 782, 783, 784, 785, 786, 787, 788, 789, 790, 791, 792, 793]","[103, 111, 127, 153, 162, 201, 226, 292, 574, 581, 598, 624, 634, 690, 751]","[153, 624]","[105, 114, 138, 141, 152, 153, 154, 155, 157, 159, 164, 165, 176, 182, 191, 192, 194, 195, 196, 200, 204, 208, 209, 210, 211, 215, 226, 228, 241, 242, 243, 245, 248, 249, 250, 257, 261, 270, 271, 282, 287, 289, 291, 294, 296, 298, 306, 308, 309, 311, 314, 327, 333, 335, 337, 576, 585, 609, 612, 623, 624, 626, 627, 629, 631, 636, 637, 647, 653, 662, 663, 665, 666, 667, 671, 674, 678, 679, 680, 681, 690, 692, 705, 706, 707, 709, 711, 712, 713, 719, 721, 729, 730, 741, 746, 748, 750, 753, 755, 757, 764, 766, 767, 769, 772, 785, 791]","[1, 13, 14, 29, 54, 55, 56, 57, 58, 60, 83, 85, 102, 118, 125, 127, 130, 134, 146, 149, 151, 152, 153, 175, 182, 187, 189, 191, 197, 225, 230, 238, 264, 265, 266, 286, 302, 317, 336, 354, 379, 388, 389, 425, 454, 458, 463, 475, 487, 498, 499, 512, 530, 531, 532, 533, 534, 536, 554, 556, 573, 589, 596, 598, 601, 605, 617, 620, 622, 623, 624, 625, 646, 653, 658, 660, 662, 668, 689, 694, 702, 724, 725, 745, 760, 775, 793, 809, 829, 838, 839, 877, 901, 903, 905, 910, 923]","[1, 13, 14, 29, 54, 55, 56, 57, 58, 60, 102, 118, 125, 127, 130, 134, 146, 149, 153, 175, 182, 187, 189, 191, 197, 225, 230, 238, 264, 265, 266, 286, 302, 317, 336, 379, 388, 389, 425, 454, 458, 463, 475, 487, 498, 499, 512, 530, 531, 532, 533, 534, 536, 573, 589, 596, 598, 601, 605, 617, 620, 624, 646, 653, 658, 660, 662, 668, 689, 694, 702, 724, 725, 745, 760, 775, 793, 829, 838, 839, 877, 901, 903, 905, 910, 923]",7/6 successful match,False,,False,311,True,2008,0.0,True,,
Kern City ( 93312 ) 7990 E - Z Trip Hwy ( Shell 29 ),4 661-764-5217 . I-5 Exit 253 ( Stockdale Hwy E ),24,Kern City,93312,7990 E - Z Trip Hwy ( Shell 29 ),661-764-5217,2014,Bakersfield,CA,Shell,( Stockdale Hwy E ),. I-5 Exit 253 ,Exit,253,False,,False,I-5,,,,,[],[],"[103, 111, 127, 153, 162, 201, 226, 292, 574, 581, 598, 624, 634, 690, 751]","[153, 624]","[103, 104, 105, 106, 107, 108, 109, 110, 111, 112, 113, 114, 115, 116, 117, 118, 119, 120, 121, 122, 123, 124, 125, 126, 127, 128, 129, 130, 131, 132, 133, 134, 135, 136, 137, 138, 139, 140, 141, 142, 143, 144, 145, 146, 147, 148, 149, 150, 151, 152, 153, 154, 155, 156, 157, 158, 159, 160, 161, 162, 163, 164, 165, 166, 167, 168, 169, 170, 171, 172, 173, 174, 175, 176, 177, 178, 179, 180, 181, 182, 183, 184, 185, 186, 187, 188, 189, 190, 191, 192, 193, 194, 195, 196, 197, 198, 199, 200, 201, 202, 203, 204, 205, 206, 207, 208, 209, 210, 211, 212, 213, 214, 215, 216, 217, 218, 219, 220, 221, 222, 223, 224, 225, 226, 227, 228, 229, 230, 231, 232, 233, 234, 235, 236, 237, 238, 239, 240, 241, 242, 243, 244, 245, 246, 247, 248, 249, 250, 251, 252, 253, 254, 255, 256, 257, 258, 259, 260, 261, 262, 263, 264, 265, 266, 267, 268, 269, 270, 271, 272, 273, 274, 275, 276, 277, 278, 279, 280, 281, 282, 283, 284, 285, 286, 287, 288, 289, 290, 291, 292, 293, 294, 295, 296, 297, 298, 299, 300, 301, 302, 303, 304, 305, 306, 307, 308, 309, 310, 311, 312, 313, 314, 315, 316, 317, 318, 319, 320, 321, 322, 323, 324, 325, 326, 327, 328, 329, 330, 331, 332, 333, 334, 335, 336, 337, 574, 575, 576, 577, 578, 579, 580, 581, 582, 583, 584, 585, 586, 587, 588, 589, 590, 591, 592, 593, 594, 595, 596, 597, 598, 599, 600, 601, 602, 603, 604, 605, 606, 607, 608, 609, 610, 611, 612, 613, 614, 615, 616, 617, 618, 619, 620, 621, 622, 623, 624, 625, 626, 627, 628, 629, 630, 631, 632, 633, 634, 635, 636, 637, 638, 639, 640, 641, 642, 643, 644, 645, 646, 647, 648, 649, 650, 651, 652, 653, 654, 655, 656, 657, 658, 659, 660, 661, 662, 663, 664, 665, 666, 667, 668, 669, 670, 671, 672, 673, 674, 675, 676, 677, 678, 679, 680, 681, 682, 683, 684, 685, 686, 687, 688, 689, 690, 691, 692, 693, 694, 695, 696, 697, 698, 699, 700, 701, 702, 703, 704, 705, 706, 707, 708, 709, 710, 711, 712, 713, 714, 715, 716, 717, 718, 719, 720, 721, 722, 723, 724, 725, 726, 727, 728, 729, 730, 731, 732, 733, 734, 735, 736, 737, 738, 739, 740, 741, 742, 743, 744, 745, 746, 747, 748, 749, 750, 751, 752, 753, 754, 755, 756, 757, 758, 759, 760, 761, 762, 763, 764, 765, 766, 767, 768, 769, 770, 771, 772, 773, 774, 775, 776, 777, 778, 779, 780, 781, 782, 783, 784, 785, 786, 787, 788, 789, 790, 791, 792, 793]","[105, 114, 138, 141, 152, 153, 154, 155, 157, 159, 164, 165, 176, 182, 191, 192, 194, 195, 196, 200, 204, 208, 209, 210, 211, 215, 226, 228, 241, 242, 243, 245, 248, 249, 250, 257, 261, 270, 271, 282, 287, 289, 291, 294, 296, 298, 306, 308, 309, 311, 314, 327, 333, 335, 337, 576, 585, 609, 612, 623, 624, 626, 627, 629, 631, 636, 637, 647, 653, 662, 663, 665, 666, 667, 671, 674, 678, 679, 680, 681, 690, 692, 705, 706, 707, 709, 711, 712, 713, 719, 721, 729, 730, 741, 746, 748, 750, 753, 755, 757, 764, 766, 767, 769, 772, 785, 791]","[1, 13, 14, 29, 54, 55, 56, 57, 58, 60, 102, 118, 125, 127, 130, 134, 146, 149, 153, 175, 182, 187, 189, 191, 197, 225, 230, 238, 264, 265, 266, 286, 302, 317, 336, 379, 388, 389, 425, 454, 458, 463, 475, 487, 498, 499, 512, 530, 531, 532, 533, 534, 536, 573, 589, 596, 598, 601, 605, 617, 620, 624, 646, 653, 658, 660, 662, 668, 689, 694, 702, 724, 725, 745, 760, 775, 793, 829, 838, 839, 877, 901, 903, 905, 910, 923]","[1, 13, 14, 29, 54, 55, 56, 57, 58, 60, 83, 85, 102, 118, 125, 127, 130, 134, 146, 149, 151, 152, 153, 175, 182, 187, 189, 191, 197, 225, 230, 238, 264, 265, 266, 286, 302, 317, 336, 354, 379, 388, 389, 425, 454, 458, 463, 475, 487, 498, 499, 512, 530, 531, 532, 533, 534, 536, 554, 556, 573, 589, 596, 598, 601, 605, 617, 620, 622, 623, 624, 625, 646, 653, 658, 660, 662, 668, 689, 694, 702, 724, 725, 745, 760, 775, 793, 809, 829, 838, 839, 877, 901, 903, 905, 910, 923]","[1, 13, 14, 29, 54, 55, 56, 57, 58, 60, 83, 85, 102, 103, 104, 105, 106, 107, 108, 109, 110, 111, 112, 113, 114, 115, 116, 117, 118, 119, 120, 121, 122, 123, 124, 125, 126, 127, 128, 129, 130, 131, 132, 133, 134, 135, 136, 137, 138, 139, 140, 141, 142, 143, 144, 145, 146, 147, 148, 149, 150, 151, 152, 153, 154, 155, 156, 157, 158, 159, 160, 161, 162, 163, 164, 165, 166, 167, 168, 169, 170, 171, 172, 173, 174, 175, 176, 177, 178, 179, 180, 181, 182, 183, 184, 185, 186, 187, 188, 189, 190, 191, 192, 193, 194, 195, 196, 197, 198, 199, 200, 201, 202, 203, 204, 205, 206, 207, 208, 209, 210, 211, 212, 213, 214, 215, 216, 217, 218, 219, 220, 221, 222, 223, 224, 225, 226, 227, 228, 229, 230, 231, 232, 233, 234, 235, 236, 237, 238, 239, 240, 241, 242, 243, 244, 245, 246, 247, 248, 249, 250, 251, 252, 253, 254, 255, 256, 257, 258, 259, 260, 261, 262, 263, 264, 265, 266, 267, 268, 269, 270, 271, 272, 273, 274, 275, 276, 277, 278, 279, 280, 281, 282, 283, 284, 285, 286, 287, 288, 289, 290, 291, 292, 293, 294, 295, 296, 297, 298, 299, 300, 301, 302, 303, 304, 305, 306, 307, 308, 309, 310, 311, 312, 313, 314, 315, 316, 317, 318, 319, 320, 321, 322, 323, 324, 325, 326, 327, 328, 329, 330, 331, 332, 333, 334, 335, 336, 337, 354, 379, 388, 389, 425, 454, 458, 463, 475, 487, 498, 499, 512, 530, 531, 532, 533, 534, 536, 554, 556, 573, 574, 575, 576, 577, 578, 579, 580, 581, 582, 583, 584, 585, 586, 587, 588, 589, 590, 591, 592, 593, 594, 595, 596, 597, 598, 599, 600, 601, 602, 603, 604, 605, 606, 607, 608, 609, 610, 611, 612, 613, 614, 615, 616, 617, 618, 619, 620, 621, 622, 623, 624, 625, 626, 627, 628, 629, 630, 631, 632, 633, 634, 635, 636, 637, 638, 639, 640, 641, 642, 643, 644, 645, 646, 647, 648, 649, 650, 651, 652, 653, 654, 655, 656, 657, 658, 659, 660, 661, 662, 663, 664, 665, 666, 667, 668, 669, 670, 671, 672, 673, 674, 675, 676, 677, 678, 679, 680, 681, 682, 683, 684, 685, 686, 687, 688, 689, 690, 691, 692, 693, 694, 695, 696, 697, 698, 699, 700, 701, 702, 703, 704, 705, 706, 707, 708, 709, 710, 711, 712, 713, 714, 715, 716, 717, 718, 719, 720, 721, 722, 723, 724, 725, 726, 727, 728, 729, 730, 731, 732, 733, 734, 735, 736, 737, 738, 739, 740, 741, 742, 743, 744, 745, 746, 747, 748, 749, 750, 751, 752, 753, 754, 755, 756, 757, 758, 759, 760, 761, 762, 763, 764, 765, 766, 767, 768, 769, 770, 771, 772, 773, 774, 775, 776, 777, 778, 779, 780, 781, 782, 783, 784, 785, 786, 787, 788, 789, 790, 791, 792, 793, 809, 829, 838, 839, 877, 901, 903, 905, 910, 923]",False,[],"[103, 104, 105, 106, 107, 108, 109, 110, 111, 112, 113, 114, 115, 116, 117, 118, 119, 120, 121, 122, 123, 124, 125, 126, 127, 128, 129, 130, 131, 132, 133, 134, 135, 136, 137, 138, 139, 140, 141, 142, 143, 144, 145, 146, 147, 148, 149, 150, 151, 152, 153, 154, 155, 156, 157, 158, 159, 160, 161, 162, 163, 164, 165, 166, 167, 168, 169, 170, 171, 172, 173, 174, 175, 176, 177, 178, 179, 180, 181, 182, 183, 184, 185, 186, 187, 188, 189, 190, 191, 192, 193, 194, 195, 196, 197, 198, 199, 200, 201, 202, 203, 204, 205, 206, 207, 208, 209, 210, 211, 212, 213, 214, 215, 216, 217, 218, 219, 220, 221, 222, 223, 224, 225, 226, 227, 228, 229, 230, 231, 232, 233, 234, 235, 236, 237, 238, 239, 240, 241, 242, 243, 244, 245, 246, 247, 248, 249, 250, 251, 252, 253, 254, 255, 256, 257, 258, 259, 260, 261, 262, 263, 264, 265, 266, 267, 268, 269, 270, 271, 272, 273, 274, 275, 276, 277, 278, 279, 280, 281, 282, 283, 284, 285, 286, 287, 288, 289, 290, 291, 292, 293, 294, 295, 296, 297, 298, 299, 300, 301, 302, 303, 304, 305, 306, 307, 308, 309, 310, 311, 312, 313, 314, 315, 316, 317, 318, 319, 320, 321, 322, 323, 324, 325, 326, 327, 328, 329, 330, 331, 332, 333, 334, 335, 336, 337, 574, 575, 576, 577, 578, 579, 580, 581, 582, 583, 584, 585, 586, 587, 588, 589, 590, 591, 592, 593, 594, 595, 596, 597, 598, 599, 600, 601, 602, 603, 604, 605, 606, 607, 608, 609, 610, 611, 612, 613, 614, 615, 616, 617, 618, 619, 620, 621, 622, 623, 624, 625, 626, 627, 628, 629, 630, 631, 632, 633, 634, 635, 636, 637, 638, 639, 640, 641, 642, 643, 644, 645, 646, 647, 648, 649, 650, 651, 652, 653, 654, 655, 656, 657, 658, 659, 660, 661, 662, 663, 664, 665, 666, 667, 668, 669, 670, 671, 672, 673, 674, 675, 676, 677, 678, 679, 680, 681, 682, 683, 684, 685, 686, 687, 688, 689, 690, 691, 692, 693, 694, 695, 696, 697, 698, 699, 700, 701, 702, 703, 704, 705, 706, 707, 708, 709, 710, 711, 712, 713, 714, 715, 716, 717, 718, 719, 720, 721, 722, 723, 724, 725, 726, 727, 728, 729, 730, 731, 732, 733, 734, 735, 736, 737, 738, 739, 740, 741, 742, 743, 744, 745, 746, 747, 748, 749, 750, 751, 752, 753, 754, 755, 756, 757, 758, 759, 760, 761, 762, 763, 764, 765, 766, 767, 768, 769, 770, 771, 772, 773, 774, 775, 776, 777, 778, 779, 780, 781, 782, 783, 784, 785, 786, 787, 788, 789, 790, 791, 792, 793]","[103, 111, 127, 153, 162, 201, 226, 292, 574, 581, 598, 624, 634, 690, 751]","[153, 624]","[105, 114, 138, 141, 152, 153, 154, 155, 157, 159, 164, 165, 176, 182, 191, 192, 194, 195, 196, 200, 204, 208, 209, 210, 211, 215, 226, 228, 241, 242, 243, 245, 248, 249, 250, 257, 261, 270, 271, 282, 287, 289, 291, 294, 296, 298, 306, 308, 309, 311, 314, 327, 333, 335, 337, 576, 585, 609, 612, 623, 624, 626, 627, 629, 631, 636, 637, 647, 653, 662, 663, 665, 666, 667, 671, 674, 678, 679, 680, 681, 690, 692, 705, 706, 707, 709, 711, 712, 713, 719, 721, 729, 730, 741, 746, 748, 750, 753, 755, 757, 764, 766, 767, 769, 772, 785, 791]","[1, 13, 14, 29, 54, 55, 56, 57, 58, 60, 83, 85, 102, 118, 125, 127, 130, 134, 146, 149, 151, 152, 153, 175, 182, 187, 189, 191, 197, 225, 230, 238, 264, 265, 266, 286, 302, 317, 336, 354, 379, 388, 389, 425, 454, 458, 463, 475, 487, 498, 499, 512, 530, 531, 532, 533, 534, 536, 554, 556, 573, 589, 596, 598, 601, 605, 617, 620, 622, 623, 624, 625, 646, 653, 658, 660, 662, 668, 689, 694, 702, 724, 725, 745, 760, 775, 793, 809, 829, 838, 839, 877, 901, 903, 905, 910, 923]","[1, 13, 14, 29, 54, 55, 56, 57, 58, 60, 102, 118, 125, 127, 130, 134, 146, 149, 153, 175, 182, 187, 189, 191, 197, 225, 230, 238, 264, 265, 266, 286, 302, 317, 336, 379, 388, 389, 425, 454, 458, 463, 475, 487, 498, 499, 512, 530, 531, 532, 533, 534, 536, 573, 589, 596, 598, 601, 605, 617, 620, 624, 646, 653, 658, 660, 662, 668, 689, 694, 702, 724, 725, 745, 760, 775, 793, 829, 838, 839, 877, 901, 903, 905, 910, 923]",7/6 successful match,False,,False,311,False,,0.6307692307692307,True,E - Z Trip ( Shell ),Shell
Kern City ( 93312 ) 7990 E - Z Trip Hwy ( Shell 29 ),661-764-5217 I-5 Exit 253 ( Stockdale ACEST,24 S <U+2610><U+2610>,Kern City,93312,7990 E - Z Trip Hwy ( Shell 29 ),661-764-5217,2015,Bakersfield,CA,Shell,( Stockdale ACEST,I-5 Exit 253 ,Exit,253,False,,False,I-5,,,,,[],[],"[103, 111, 127, 153, 162, 201, 226, 292, 574, 581, 598, 624, 634, 690, 751]","[153, 624]","[103, 104, 105, 106, 107, 108, 109, 110, 111, 112, 113, 114, 115, 116, 117, 118, 119, 120, 121, 122, 123, 124, 125, 126, 127, 128, 129, 130, 131, 132, 133, 134, 135, 136, 137, 138, 139, 140, 141, 142, 143, 144, 145, 146, 147, 148, 149, 150, 151, 152, 153, 154, 155, 156, 157, 158, 159, 160, 161, 162, 163, 164, 165, 166, 167, 168, 169, 170, 171, 172, 173, 174, 175, 176, 177, 178, 179, 180, 181, 182, 183, 184, 185, 186, 187, 188, 189, 190, 191, 192, 193, 194, 195, 196, 197, 198, 199, 200, 201, 202, 203, 204, 205, 206, 207, 208, 209, 210, 211, 212, 213, 214, 215, 216, 217, 218, 219, 220, 221, 222, 223, 224, 225, 226, 227, 228, 229, 230, 231, 232, 233, 234, 235, 236, 237, 238, 239, 240, 241, 242, 243, 244, 245, 246, 247, 248, 249, 250, 251, 252, 253, 254, 255, 256, 257, 258, 259, 260, 261, 262, 263, 264, 265, 266, 267, 268, 269, 270, 271, 272, 273, 274, 275, 276, 277, 278, 279, 280, 281, 282, 283, 284, 285, 286, 287, 288, 289, 290, 291, 292, 293, 294, 295, 296, 297, 298, 299, 300, 301, 302, 303, 304, 305, 306, 307, 308, 309, 310, 311, 312, 313, 314, 315, 316, 317, 318, 319, 320, 321, 322, 323, 324, 325, 326, 327, 328, 329, 330, 331, 332, 333, 334, 335, 336, 337, 574, 575, 576, 577, 578, 579, 580, 581, 582, 583, 584, 585, 586, 587, 588, 589, 590, 591, 592, 593, 594, 595, 596, 597, 598, 599, 600, 601, 602, 603, 604, 605, 606, 607, 608, 609, 610, 611, 612, 613, 614, 615, 616, 617, 618, 619, 620, 621, 622, 623, 624, 625, 626, 627, 628, 629, 630, 631, 632, 633, 634, 635, 636, 637, 638, 639, 640, 641, 642, 643, 644, 645, 646, 647, 648, 649, 650, 651, 652, 653, 654, 655, 656, 657, 658, 659, 660, 661, 662, 663, 664, 665, 666, 667, 668, 669, 670, 671, 672, 673, 674, 675, 676, 677, 678, 679, 680, 681, 682, 683, 684, 685, 686, 687, 688, 689, 690, 691, 692, 693, 694, 695, 696, 697, 698, 699, 700, 701, 702, 703, 704, 705, 706, 707, 708, 709, 710, 711, 712, 713, 714, 715, 716, 717, 718, 719, 720, 721, 722, 723, 724, 725, 726, 727, 728, 729, 730, 731, 732, 733, 734, 735, 736, 737, 738, 739, 740, 741, 742, 743, 744, 745, 746, 747, 748, 749, 750, 751, 752, 753, 754, 755, 756, 757, 758, 759, 760, 761, 762, 763, 764, 765, 766, 767, 768, 769, 770, 771, 772, 773, 774, 775, 776, 777, 778, 779, 780, 781, 782, 783, 784, 785, 786, 787, 788, 789, 790, 791, 792, 793]","[105, 114, 138, 141, 152, 153, 154, 155, 157, 159, 164, 165, 176, 182, 191, 192, 194, 195, 196, 200, 204, 208, 209, 210, 211, 215, 226, 228, 241, 242, 243, 245, 248, 249, 250, 257, 261, 270, 271, 282, 287, 289, 291, 294, 296, 298, 306, 308, 309, 311, 314, 327, 333, 335, 337, 576, 585, 609, 612, 623, 624, 626, 627, 629, 631, 636, 637, 647, 653, 662, 663, 665, 666, 667, 671, 674, 678, 679, 680, 681, 690, 692, 705, 706, 707, 709, 711, 712, 713, 719, 721, 729, 730, 741, 746, 748, 750, 753, 755, 757, 764, 766, 767, 769, 772, 785, 791]","[1, 13, 14, 29, 54, 55, 56, 57, 58, 60, 102, 118, 125, 127, 130, 134, 146, 149, 153, 175, 182, 187, 189, 191, 197, 225, 230, 238, 264, 265, 266, 286, 302, 317, 336, 379, 388, 389, 425, 454, 458, 463, 475, 487, 498, 499, 512, 530, 531, 532, 533, 534, 536, 573, 589, 596, 598, 601, 605, 617, 620, 624, 646, 653, 658, 660, 662, 668, 689, 694, 702, 724, 725, 745, 760, 775, 793, 829, 838, 839, 877, 901, 903, 905, 910, 923]","[1, 13, 14, 29, 54, 55, 56, 57, 58, 60, 83, 85, 102, 118, 125, 127, 130, 134, 146, 149, 151, 152, 153, 175, 182, 187, 189, 191, 197, 225, 230, 238, 264, 265, 266, 286, 302, 317, 336, 354, 379, 388, 389, 425, 454, 458, 463, 475, 487, 498, 499, 512, 530, 531, 532, 533, 534, 536, 554, 556, 573, 589, 596, 598, 601, 605, 617, 620, 622, 623, 624, 625, 646, 653, 658, 660, 662, 668, 689, 694, 702, 724, 725, 745, 760, 775, 793, 809, 829, 838, 839, 877, 901, 903, 905, 910, 923]","[1, 13, 14, 29, 54, 55, 56, 57, 58, 60, 83, 85, 102, 103, 104, 105, 106, 107, 108, 109, 110, 111, 112, 113, 114, 115, 116, 117, 118, 119, 120, 121, 122, 123, 124, 125, 126, 127, 128, 129, 130, 131, 132, 133, 134, 135, 136, 137, 138, 139, 140, 141, 142, 143, 144, 145, 146, 147, 148, 149, 150, 151, 152, 153, 154, 155, 156, 157, 158, 159, 160, 161, 162, 163, 164, 165, 166, 167, 168, 169, 170, 171, 172, 173, 174, 175, 176, 177, 178, 179, 180, 181, 182, 183, 184, 185, 186, 187, 188, 189, 190, 191, 192, 193, 194, 195, 196, 197, 198, 199, 200, 201, 202, 203, 204, 205, 206, 207, 208, 209, 210, 211, 212, 213, 214, 215, 216, 217, 218, 219, 220, 221, 222, 223, 224, 225, 226, 227, 228, 229, 230, 231, 232, 233, 234, 235, 236, 237, 238, 239, 240, 241, 242, 243, 244, 245, 246, 247, 248, 249, 250, 251, 252, 253, 254, 255, 256, 257, 258, 259, 260, 261, 262, 263, 264, 265, 266, 267, 268, 269, 270, 271, 272, 273, 274, 275, 276, 277, 278, 279, 280, 281, 282, 283, 284, 285, 286, 287, 288, 289, 290, 291, 292, 293, 294, 295, 296, 297, 298, 299, 300, 301, 302, 303, 304, 305, 306, 307, 308, 309, 310, 311, 312, 313, 314, 315, 316, 317, 318, 319, 320, 321, 322, 323, 324, 325, 326, 327, 328, 329, 330, 331, 332, 333, 334, 335, 336, 337, 354, 379, 388, 389, 425, 454, 458, 463, 475, 487, 498, 499, 512, 530, 531, 532, 533, 534, 536, 554, 556, 573, 574, 575, 576, 577, 578, 579, 580, 581, 582, 583, 584, 585, 586, 587, 588, 589, 590, 591, 592, 593, 594, 595, 596, 597, 598, 599, 600, 601, 602, 603, 604, 605, 606, 607, 608, 609, 610, 611, 612, 613, 614, 615, 616, 617, 618, 619, 620, 621, 622, 623, 624, 625, 626, 627, 628, 629, 630, 631, 632, 633, 634, 635, 636, 637, 638, 639, 640, 641, 642, 643, 644, 645, 646, 647, 648, 649, 650, 651, 652, 653, 654, 655, 656, 657, 658, 659, 660, 661, 662, 663, 664, 665, 666, 667, 668, 669, 670, 671, 672, 673, 674, 675, 676, 677, 678, 679, 680, 681, 682, 683, 684, 685, 686, 687, 688, 689, 690, 691, 692, 693, 694, 695, 696, 697, 698, 699, 700, 701, 702, 703, 704, 705, 706, 707, 708, 709, 710, 711, 712, 713, 714, 715, 716, 717, 718, 719, 720, 721, 722, 723, 724, 725, 726, 727, 728, 729, 730, 731, 732, 733, 734, 735, 736, 737, 738, 739, 740, 741, 742, 743, 744, 745, 746, 747, 748, 749, 750, 751, 752, 753, 754, 755, 756, 757, 758, 759, 760, 761, 762, 763, 764, 765, 766, 767, 768, 769, 770, 771, 772, 773, 774, 775, 776, 777, 778, 779, 780, 781, 782, 783, 784, 785, 786, 787, 788, 789, 790, 791, 792, 793, 809, 829, 838, 839, 877, 901, 903, 905, 910, 923]",False,[],"[103, 104, 105, 106, 107, 108, 109, 110, 111, 112, 113, 114, 115, 116, 117, 118, 119, 120, 121, 122, 123, 124, 125, 126, 127, 128, 129, 130, 131, 132, 133, 134, 135, 136, 137, 138, 139, 140, 141, 142, 143, 144, 145, 146, 147, 148, 149, 150, 151, 152, 153, 154, 155, 156, 157, 158, 159, 160, 161, 162, 163, 164, 165, 166, 167, 168, 169, 170, 171, 172, 173, 174, 175, 176, 177, 178, 179, 180, 181, 182, 183, 184, 185, 186, 187, 188, 189, 190, 191, 192, 193, 194, 195, 196, 197, 198, 199, 200, 201, 202, 203, 204, 205, 206, 207, 208, 209, 210, 211, 212, 213, 214, 215, 216, 217, 218, 219, 220, 221, 222, 223, 224, 225, 226, 227, 228, 229, 230, 231, 232, 233, 234, 235, 236, 237, 238, 239, 240, 241, 242, 243, 244, 245, 246, 247, 248, 249, 250, 251, 252, 253, 254, 255, 256, 257, 258, 259, 260, 261, 262, 263, 264, 265, 266, 267, 268, 269, 270, 271, 272, 273, 274, 275, 276, 277, 278, 279, 280, 281, 282, 283, 284, 285, 286, 287, 288, 289, 290, 291, 292, 293, 294, 295, 296, 297, 298, 299, 300, 301, 302, 303, 304, 305, 306, 307, 308, 309, 310, 311, 312, 313, 314, 315, 316, 317, 318, 319, 320, 321, 322, 323, 324, 325, 326, 327, 328, 329, 330, 331, 332, 333, 334, 335, 336, 337, 574, 575, 576, 577, 578, 579, 580, 581, 582, 583, 584, 585, 586, 587, 588, 589, 590, 591, 592, 593, 594, 595, 596, 597, 598, 599, 600, 601, 602, 603, 604, 605, 606, 607, 608, 609, 610, 611, 612, 613, 614, 615, 616, 617, 618, 619, 620, 621, 622, 623, 624, 625, 626, 627, 628, 629, 630, 631, 632, 633, 634, 635, 636, 637, 638, 639, 640, 641, 642, 643, 644, 645, 646, 647, 648, 649, 650, 651, 652, 653, 654, 655, 656, 657, 658, 659, 660, 661, 662, 663, 664, 665, 666, 667, 668, 669, 670, 671, 672, 673, 674, 675, 676, 677, 678, 679, 680, 681, 682, 683, 684, 685, 686, 687, 688, 689, 690, 691, 692, 693, 694, 695, 696, 697, 698, 699, 700, 701, 702, 703, 704, 705, 706, 707, 708, 709, 710, 711, 712, 713, 714, 715, 716, 717, 718, 719, 720, 721, 722, 723, 724, 725, 726, 727, 728, 729, 730, 731, 732, 733, 734, 735, 736, 737, 738, 739, 740, 741, 742, 743, 744, 745, 746, 747, 748, 749, 750, 751, 752, 753, 754, 755, 756, 757, 758, 759, 760, 761, 762, 763, 764, 765, 766, 767, 768, 769, 770, 771, 772, 773, 774, 775, 776, 777, 778, 779, 780, 781, 782, 783, 784, 785, 786, 787, 788, 789, 790, 791, 792, 793]","[103, 111, 127, 153, 162, 201, 226, 292, 574, 581, 598, 624, 634, 690, 751]","[153, 624]","[105, 114, 138, 141, 152, 153, 154, 155, 157, 159, 164, 165, 176, 182, 191, 192, 194, 195, 196, 200, 204, 208, 209, 210, 211, 215, 226, 228, 241, 242, 243, 245, 248, 249, 250, 257, 261, 270, 271, 282, 287, 289, 291, 294, 296, 298, 306, 308, 309, 311, 314, 327, 333, 335, 337, 576, 585, 609, 612, 623, 624, 626, 627, 629, 631, 636, 637, 647, 653, 662, 663, 665, 666, 667, 671, 674, 678, 679, 680, 681, 690, 692, 705, 706, 707, 709, 711, 712, 713, 719, 721, 729, 730, 741, 746, 748, 750, 753, 755, 757, 764, 766, 767, 769, 772, 785, 791]","[1, 13, 14, 29, 54, 55, 56, 57, 58, 60, 83, 85, 102, 118, 125, 127, 130, 134, 146, 149, 151, 152, 153, 175, 182, 187, 189, 191, 197, 225, 230, 238, 264, 265, 266, 286, 302, 317, 336, 354, 379, 388, 389, 425, 454, 458, 463, 475, 487, 498, 499, 512, 530, 531, 532, 533, 534, 536, 554, 556, 573, 589, 596, 598, 601, 605, 617, 620, 622, 623, 624, 625, 646, 653, 658, 660, 662, 668, 689, 694, 702, 724, 725, 745, 760, 775, 793, 809, 829, 838, 839, 877, 901, 903, 905, 910, 923]","[1, 13, 14, 29, 54, 55, 56, 57, 58, 60, 102, 118, 125, 127, 130, 134, 146, 149, 153, 175, 182, 187, 189, 191, 197, 225, 230, 238, 264, 265, 266, 286, 302, 317, 336, 379, 388, 389, 425, 454, 458, 463, 475, 487, 498, 499, 512, 530, 531, 532, 533, 534, 536, 573, 589, 596, 598, 601, 605, 617, 620, 624, 646, 653, 658, 660, 662, 668, 689, 694, 702, 724, 725, 745, 760, 775, 793, 829, 838, 839, 877, 901, 903, 905, 910, 923]",7/6 successful match,False,,False,311,False,,1.0,True,7990 E - Z Trip Hwy ( Shell 29 ),Shell
Kern City ( 93312 ) E - Z Trip ( Shell 29,661-764-5217 I-5 Exit ),24 S <U+25A1>,Kern City,93312,E - Z Trip ( Shell 29,661-764-5217,2016,Bakersfield,CA,Shell,,I-5 Exit ,Exit,,False,,False,I-5,,,,,[],[],"[103, 111, 127, 153, 162, 201, 226, 292, 574, 581, 598, 624, 634, 690, 751]",[],"[103, 104, 105, 106, 107, 108, 109, 110, 111, 112, 113, 114, 115, 116, 117, 118, 119, 120, 121, 122, 123, 124, 125, 126, 127, 128, 129, 130, 131, 132, 133, 134, 135, 136, 137, 138, 139, 140, 141, 142, 143, 144, 145, 146, 147, 148, 149, 150, 151, 152, 153, 154, 155, 156, 157, 158, 159, 160, 161, 162, 163, 164, 165, 166, 167, 168, 169, 170, 171, 172, 173, 174, 175, 176, 177, 178, 179, 180, 181, 182, 183, 184, 185, 186, 187, 188, 189, 190, 191, 192, 193, 194, 195, 196, 197, 198, 199, 200, 201, 202, 203, 204, 205, 206, 207, 208, 209, 210, 211, 212, 213, 214, 215, 216, 217, 218, 219, 220, 221, 222, 223, 224, 225, 226, 227, 228, 229, 230, 231, 232, 233, 234, 235, 236, 237, 238, 239, 240, 241, 242, 243, 244, 245, 246, 247, 248, 249, 250, 251, 252, 253, 254, 255, 256, 257, 258, 259, 260, 261, 262, 263, 264, 265, 266, 267, 268, 269, 270, 271, 272, 273, 274, 275, 276, 277, 278, 279, 280, 281, 282, 283, 284, 285, 286, 287, 288, 289, 290, 291, 292, 293, 294, 295, 296, 297, 298, 299, 300, 301, 302, 303, 304, 305, 306, 307, 308, 309, 310, 311, 312, 313, 314, 315, 316, 317, 318, 319, 320, 321, 322, 323, 324, 325, 326, 327, 328, 329, 330, 331, 332, 333, 334, 335, 336, 337, 574, 575, 576, 577, 578, 579, 580, 581, 582, 583, 584, 585, 586, 587, 588, 589, 590, 591, 592, 593, 594, 595, 596, 597, 598, 599, 600, 601, 602, 603, 604, 605, 606, 607, 608, 609, 610, 611, 612, 613, 614, 615, 616, 617, 618, 619, 620, 621, 622, 623, 624, 625, 626, 627, 628, 629, 630, 631, 632, 633, 634, 635, 636, 637, 638, 639, 640, 641, 642, 643, 644, 645, 646, 647, 648, 649, 650, 651, 652, 653, 654, 655, 656, 657, 658, 659, 660, 661, 662, 663, 664, 665, 666, 667, 668, 669, 670, 671, 672, 673, 674, 675, 676, 677, 678, 679, 680, 681, 682, 683, 684, 685, 686, 687, 688, 689, 690, 691, 692, 693, 694, 695, 696, 697, 698, 699, 700, 701, 702, 703, 704, 705, 706, 707, 708, 709, 710, 711, 712, 713, 714, 715, 716, 717, 718, 719, 720, 721, 722, 723, 724, 725, 726, 727, 728, 729, 730, 731, 732, 733, 734, 735, 736, 737, 738, 739, 740, 741, 742, 743, 744, 745, 746, 747, 748, 749, 750, 751, 752, 753, 754, 755, 756, 757, 758, 759, 760, 761, 762, 763, 764, 765, 766, 767, 768, 769, 770, 771, 772, 773, 774, 775, 776, 777, 778, 779, 780, 781, 782, 783, 784, 785, 786, 787, 788, 789, 790, 791, 792, 793]","[105, 114, 138, 141, 152, 153, 154, 155, 157, 159, 164, 165, 176, 182, 191, 192, 194, 195, 196, 200, 204, 208, 209, 210, 211, 215, 226, 228, 241, 242, 243, 245, 248, 249, 250, 257, 261, 270, 271, 282, 287, 289, 291, 294, 296, 298, 306, 308, 309, 311, 314, 327, 333, 335, 337, 576, 585, 609, 612, 623, 624, 626, 627, 629, 631, 636, 637, 647, 653, 662, 663, 665, 666, 667, 671, 674, 678, 679, 680, 681, 690, 692, 705, 706, 707, 709, 711, 712, 713, 719, 721, 729, 730, 741, 746, 748, 750, 753, 755, 757, 764, 766, 767, 769, 772, 785, 791]","[1, 13, 14, 29, 54, 55, 56, 57, 58, 60, 102, 118, 125, 127, 130, 134, 146, 149, 153, 175, 182, 187, 189, 191, 197, 225, 230, 238, 264, 265, 266, 286, 302, 317, 336, 379, 388, 389, 425, 454, 458, 463, 475, 487, 498, 499, 512, 530, 531, 532, 533, 534, 536, 573, 589, 596, 598, 601, 605, 617, 620, 624, 646, 653, 658, 660, 662, 668, 689, 694, 702, 724, 725, 745, 760, 775, 793, 829, 838, 839, 877, 901, 903, 905, 910, 923]","[1, 13, 14, 29, 54, 55, 56, 57, 58, 60, 83, 85, 102, 118, 125, 127, 130, 134, 146, 149, 151, 152, 153, 175, 182, 187, 189, 191, 197, 225, 230, 238, 264, 265, 266, 286, 302, 317, 336, 354, 379, 388, 389, 425, 454, 458, 463, 475, 487, 498, 499, 512, 530, 531, 532, 533, 534, 536, 554, 556, 573, 589, 596, 598, 601, 605, 617, 620, 622, 623, 624, 625, 646, 653, 658, 660, 662, 668, 689, 694, 702, 724, 725, 745, 760, 775, 793, 809, 829, 838, 839, 877, 901, 903, 905, 910, 923]","[1, 13, 14, 29, 54, 55, 56, 57, 58, 60, 83, 85, 102, 103, 104, 105, 106, 107, 108, 109, 110, 111, 112, 113, 114, 115, 116, 117, 118, 119, 120, 121, 122, 123, 124, 125, 126, 127, 128, 129, 130, 131, 132, 133, 134, 135, 136, 137, 138, 139, 140, 141, 142, 143, 144, 145, 146, 147, 148, 149, 150, 151, 152, 153, 154, 155, 156, 157, 158, 159, 160, 161, 162, 163, 164, 165, 166, 167, 168, 169, 170, 171, 172, 173, 174, 175, 176, 177, 178, 179, 180, 181, 182, 183, 184, 185, 186, 187, 188, 189, 190, 191, 192, 193, 194, 195, 196, 197, 198, 199, 200, 201, 202, 203, 204, 205, 206, 207, 208, 209, 210, 211, 212, 213, 214, 215, 216, 217, 218, 219, 220, 221, 222, 223, 224, 225, 226, 227, 228, 229, 230, 231, 232, 233, 234, 235, 236, 237, 238, 239, 240, 241, 242, 243, 244, 245, 246, 247, 248, 249, 250, 251, 252, 253, 254, 255, 256, 257, 258, 259, 260, 261, 262, 263, 264, 265, 266, 267, 268, 269, 270, 271, 272, 273, 274, 275, 276, 277, 278, 279, 280, 281, 282, 283, 284, 285, 286, 287, 288, 289, 290, 291, 292, 293, 294, 295, 296, 297, 298, 299, 300, 301, 302, 303, 304, 305, 306, 307, 308, 309, 310, 311, 312, 313, 314, 315, 316, 317, 318, 319, 320, 321, 322, 323, 324, 325, 326, 327, 328, 329, 330, 331, 332, 333, 334, 335, 336, 337, 354, 379, 388, 389, 425, 454, 458, 463, 475, 487, 498, 499, 512, 530, 531, 532, 533, 534, 536, 554, 556, 573, 574, 575, 576, 577, 578, 579, 580, 581, 582, 583, 584, 585, 586, 587, 588, 589, 590, 591, 592, 593, 594, 595, 596, 597, 598, 599, 600, 601, 602, 603, 604, 605, 606, 607, 608, 609, 610, 611, 612, 613, 614, 615, 616, 617, 618, 619, 620, 621, 622, 623, 624, 625, 626, 627, 628, 629, 630, 631, 632, 633, 634, 635, 636, 637, 638, 639, 640, 641, 642, 643, 644, 645, 646, 647, 648, 649, 650, 651, 652, 653, 654, 655, 656, 657, 658, 659, 660, 661, 662, 663, 664, 665, 666, 667, 668, 669, 670, 671, 672, 673, 674, 675, 676, 677, 678, 679, 680, 681, 682, 683, 684, 685, 686, 687, 688, 689, 690, 691, 692, 693, 694, 695, 696, 697, 698, 699, 700, 701, 702, 703, 704, 705, 706, 707, 708, 709, 710, 711, 712, 713, 714, 715, 716, 717, 718, 719, 720, 721, 722, 723, 724, 725, 726, 727, 728, 729, 730, 731, 732, 733, 734, 735, 736, 737, 738, 739, 740, 741, 742, 743, 744, 745, 746, 747, 748, 749, 750, 751, 752, 753, 754, 755, 756, 757, 758, 759, 760, 761, 762, 763, 764, 765, 766, 767, 768, 769, 770, 771, 772, 773, 774, 775, 776, 777, 778, 779, 780, 781, 782, 783, 784, 785, 786, 787, 788, 789, 790, 791, 792, 793, 809, 829, 838, 839, 877, 901, 903, 905, 910, 923]",False,[],"[103, 104, 105, 106, 107, 108, 109, 110, 111, 112, 113, 114, 115, 116, 117, 118, 119, 120, 121, 122, 123, 124, 125, 126, 127, 128, 129, 130, 131, 132, 133, 134, 135, 136, 137, 138, 139, 140, 141, 142, 143, 144, 145, 146, 147, 148, 149, 150, 151, 152, 153, 154, 155, 156, 157, 158, 159, 160, 161, 162, 163, 164, 165, 166, 167, 168, 169, 170, 171, 172, 173, 174, 175, 176, 177, 178, 179, 180, 181, 182, 183, 184, 185, 186, 187, 188, 189, 190, 191, 192, 193, 194, 195, 196, 197, 198, 199, 200, 201, 202, 203, 204, 205, 206, 207, 208, 209, 210, 211, 212, 213, 214, 215, 216, 217, 218, 219, 220, 221, 222, 223, 224, 225, 226, 227, 228, 229, 230, 231, 232, 233, 234, 235, 236, 237, 238, 239, 240, 241, 242, 243, 244, 245, 246, 247, 248, 249, 250, 251, 252, 253, 254, 255, 256, 257, 258, 259, 260, 261, 262, 263, 264, 265, 266, 267, 268, 269, 270, 271, 272, 273, 274, 275, 276, 277, 278, 279, 280, 281, 282, 283, 284, 285, 286, 287, 288, 289, 290, 291, 292, 293, 294, 295, 296, 297, 298, 299, 300, 301, 302, 303, 304, 305, 306, 307, 308, 309, 310, 311, 312, 313, 314, 315, 316, 317, 318, 319, 320, 321, 322, 323, 324, 325, 326, 327, 328, 329, 330, 331, 332, 333, 334, 335, 336, 337, 574, 575, 576, 577, 578, 579, 580, 581, 582, 583, 584, 585, 586, 587, 588, 589, 590, 591, 592, 593, 594, 595, 596, 597, 598, 599, 600, 601, 602, 603, 604, 605, 606, 607, 608, 609, 610, 611, 612, 613, 614, 615, 616, 617, 618, 619, 620, 621, 622, 623, 624, 625, 626, 627, 628, 629, 630, 631, 632, 633, 634, 635, 636, 637, 638, 639, 640, 641, 642, 643, 644, 645, 646, 647, 648, 649, 650, 651, 652, 653, 654, 655, 656, 657, 658, 659, 660, 661, 662, 663, 664, 665, 666, 667, 668, 669, 670, 671, 672, 673, 674, 675, 676, 677, 678, 679, 680, 681, 682, 683, 684, 685, 686, 687, 688, 689, 690, 691, 692, 693, 694, 695, 696, 697, 698, 699, 700, 701, 702, 703, 704, 705, 706, 707, 708, 709, 710, 711, 712, 713, 714, 715, 716, 717, 718, 719, 720, 721, 722, 723, 724, 725, 726, 727, 728, 729, 730, 731, 732, 733, 734, 735, 736, 737, 738, 739, 740, 741, 742, 743, 744, 745, 746, 747, 748, 749, 750, 751, 752, 753, 754, 755, 756, 757, 758, 759, 760, 761, 762, 763, 764, 765, 766, 767, 768, 769, 770, 771, 772, 773, 774, 775, 776, 777, 778, 779, 780, 781, 782, 783, 784, 785, 786, 787, 788, 789, 790, 791, 792, 793]","[103, 111, 127, 153, 162, 201, 226, 292, 574, 581, 598, 624, 634, 690, 751]",[],"[105, 114, 138, 141, 152, 153, 154, 155, 157, 159, 164, 165, 176, 182, 191, 192, 194, 195, 196, 200, 204, 208, 209, 210, 211, 215, 226, 228, 241, 242, 243, 245, 248, 249, 250, 257, 261, 270, 271, 282, 287, 289, 291, 294, 296, 298, 306, 308, 309, 311, 314, 327, 333, 335, 337, 576, 585, 609, 612, 623, 624, 626, 627, 629, 631, 636, 637, 647, 653, 662, 663, 665, 666, 667, 671, 674, 678, 679, 680, 681, 690, 692, 705, 706, 707, 709, 711, 712, 713, 719, 721, 729, 730, 741, 746, 748, 750, 753, 755, 757, 764, 766, 767, 769, 772, 785, 791]","[1, 13, 14, 29, 54, 55, 56, 57, 58, 60, 83, 85, 102, 118, 125, 127, 130, 134, 146, 149, 151, 152, 153, 175, 182, 187, 189, 191, 197, 225, 230, 238, 264, 265, 266, 286, 302, 317, 336, 354, 379, 388, 389, 425, 454, 458, 463, 475, 487, 498, 499, 512, 530, 531, 532, 533, 534, 536, 554, 556, 573, 589, 596, 598, 601, 605, 617, 620, 622, 623, 624, 625, 646, 653, 658, 660, 662, 668, 689, 694, 702, 724, 725, 745, 760, 775, 793, 809, 829, 838, 839, 877, 901, 903, 905, 910, 923]","[1, 13, 14, 29, 54, 55, 56, 57, 58, 60, 102, 118, 125, 127, 130, 134, 146, 149, 153, 175, 182, 187, 189, 191, 197, 225, 230, 238, 264, 265, 266, 286, 302, 317, 336, 379, 388, 389, 425, 454, 458, 463, 475, 487, 498, 499, 512, 530, 531, 532, 533, 534, 536, 573, 589, 596, 598, 601, 605, 617, 620, 624, 646, 653, 658, 660, 662, 668, 689, 694, 702, 724, 725, 745, 760, 775, 793, 829, 838, 839, 877, 901, 903, 905, 910, 923]",7/6 successful match,False,,False,311,False,,1.0,True,7990 E - Z Trip Hwy ( Shell 29 ),Shell
"Pumpkin Ctr ( S ) , 93313 Bear Mountain Travel Stop ( Shell )","661-834-5733 CA 99 Exit 13 ( CA 223 , Bear Mt Blvd )",HRS XL,Pumpkin Ctr,93313,Bear Mountain Travel Stop ( Shell ),661-834-5733,2006,Bakersfield,CA,Shell,"( CA 223 , Bear Mt Blvd )",CA 99 Exit 13 ,Exit,13,False,,False,CA 99,,,,,"[598, 127]","[127, 290, 598, 749]","[103, 111, 127, 153, 162, 201, 226, 292, 574, 581, 598, 624, 634, 690, 751]","[127, 145, 401, 598, 616, 850]","[103, 104, 105, 106, 107, 108, 109, 110, 111, 112, 113, 114, 115, 116, 117, 118, 119, 120, 121, 122, 123, 124, 125, 126, 127, 128, 129, 130, 131, 132, 133, 134, 135, 136, 137, 138, 139, 140, 141, 142, 143, 144, 145, 146, 147, 148, 149, 150, 151, 152, 153, 154, 155, 156, 157, 158, 159, 160, 161, 162, 163, 164, 165, 166, 167, 168, 169, 170, 171, 172, 173, 174, 175, 176, 177, 178, 179, 180, 181, 182, 183, 184, 185, 186, 187, 188, 189, 190, 191, 192, 193, 194, 195, 196, 197, 198, 199, 200, 201, 202, 203, 204, 205, 206, 207, 208, 209, 210, 211, 212, 213, 214, 215, 216, 217, 218, 219, 220, 221, 222, 223, 224, 225, 226, 227, 228, 229, 230, 231, 232, 233, 234, 235, 236, 237, 238, 239, 240, 241, 242, 243, 244, 245, 246, 247, 248, 249, 250, 251, 252, 253, 254, 255, 256, 257, 258, 259, 260, 261, 262, 263, 264, 265, 266, 267, 268, 269, 270, 271, 272, 273, 274, 275, 276, 277, 278, 279, 280, 281, 282, 283, 284, 285, 286, 287, 288, 289, 290, 291, 292, 293, 294, 295, 296, 297, 298, 299, 300, 301, 302, 303, 304, 305, 306, 307, 308, 309, 310, 311, 312, 313, 314, 315, 316, 317, 318, 319, 320, 321, 322, 323, 324, 325, 326, 327, 328, 329, 330, 331, 332, 333, 334, 335, 336, 337, 574, 575, 576, 577, 578, 579, 580, 581, 582, 583, 584, 585, 586, 587, 588, 589, 590, 591, 592, 593, 594, 595, 596, 597, 598, 599, 600, 601, 602, 603, 604, 605, 606, 607, 608, 609, 610, 611, 612, 613, 614, 615, 616, 617, 618, 619, 620, 621, 622, 623, 624, 625, 626, 627, 628, 629, 630, 631, 632, 633, 634, 635, 636, 637, 638, 639, 640, 641, 642, 643, 644, 645, 646, 647, 648, 649, 650, 651, 652, 653, 654, 655, 656, 657, 658, 659, 660, 661, 662, 663, 664, 665, 666, 667, 668, 669, 670, 671, 672, 673, 674, 675, 676, 677, 678, 679, 680, 681, 682, 683, 684, 685, 686, 687, 688, 689, 690, 691, 692, 693, 694, 695, 696, 697, 698, 699, 700, 701, 702, 703, 704, 705, 706, 707, 708, 709, 710, 711, 712, 713, 714, 715, 716, 717, 718, 719, 720, 721, 722, 723, 724, 725, 726, 727, 728, 729, 730, 731, 732, 733, 734, 735, 736, 737, 738, 739, 740, 741, 742, 743, 744, 745, 746, 747, 748, 749, 750, 751, 752, 753, 754, 755, 756, 757, 758, 759, 760, 761, 762, 763, 764, 765, 766, 767, 768, 769, 770, 771, 772, 773, 774, 775, 776, 777, 778, 779, 780, 781, 782, 783, 784, 785, 786, 787, 788, 789, 790, 791, 792, 793]","[10, 75, 103, 104, 106, 117, 118, 120, 127, 128, 129, 131, 133, 135, 136, 137, 139, 146, 147, 148, 149, 151, 158, 160, 162, 166, 173, 178, 179, 185, 190, 192, 198, 201, 203, 204, 206, 207, 212, 213, 214, 219, 223, 224, 225, 227, 230, 235, 237, 246, 247, 256, 259, 262, 263, 266, 268, 269, 271, 272, 278, 279, 284, 285, 288, 290, 292, 304, 306, 312, 316, 319, 320, 323, 324, 329, 332, 335, 495, 549, 574, 575, 577, 588, 589, 591, 598, 599, 600, 602, 604, 606, 607, 608, 610, 617, 618, 619, 620, 622, 625, 630, 632, 634, 638, 644, 649, 650, 656, 661, 663, 669, 673, 674, 676, 677, 682, 683, 684, 687, 688, 689, 691, 694, 699, 701, 710, 718, 722, 723, 727, 728, 730, 731, 737, 738, 743, 744, 747, 749, 751, 762, 764, 770, 774, 777, 778, 781, 782, 789, 791]","[1, 13, 14, 29, 54, 55, 56, 57, 58, 60, 102, 118, 125, 127, 130, 134, 146, 149, 153, 175, 182, 187, 189, 191, 197, 225, 230, 238, 264, 265, 266, 286, 302, 317, 336, 379, 388, 389, 425, 454, 458, 463, 475, 487, 498, 499, 512, 530, 531, 532, 533, 534, 536, 573, 589, 596, 598, 601, 605, 617, 620, 624, 646, 653, 658, 660, 662, 668, 689, 694, 702, 724, 725, 745, 760, 775, 793, 829, 838, 839, 877, 901, 903, 905, 910, 923]","[1, 13, 14, 29, 54, 55, 56, 57, 58, 60, 102, 118, 125, 127, 130, 134, 146, 149, 153, 175, 182, 187, 189, 191, 197, 225, 230, 238, 264, 265, 266, 286, 302, 317, 336, 354, 379, 388, 389, 401, 425, 454, 458, 463, 472, 475, 487, 498, 499, 512, 530, 531, 532, 533, 534, 536, 573, 589, 596, 598, 601, 605, 617, 620, 624, 646, 653, 658, 660, 662, 668, 689, 694, 702, 724, 725, 745, 760, 775, 793, 809, 829, 838, 839, 850, 877, 901, 903, 905, 910, 919, 923]","[1, 10, 13, 14, 29, 54, 55, 56, 57, 58, 60, 75, 102, 103, 104, 105, 106, 107, 108, 109, 110, 111, 112, 113, 114, 115, 116, 117, 118, 119, 120, 121, 122, 123, 124, 125, 126, 127, 128, 129, 130, 131, 132, 133, 134, 135, 136, 137, 138, 139, 140, 141, 142, 143, 144, 145, 146, 147, 148, 149, 150, 151, 152, 153, 154, 155, 156, 157, 158, 159, 160, 161, 162, 163, 164, 165, 166, 167, 168, 169, 170, 171, 172, 173, 174, 175, 176, 177, 178, 179, 180, 181, 182, 183, 184, 185, 186, 187, 188, 189, 190, 191, 192, 193, 194, 195, 196, 197, 198, 199, 200, 201, 202, 203, 204, 205, 206, 207, 208, 209, 210, 211, 212, 213, 214, 215, 216, 217, 218, 219, 220, 221, 222, 223, 224, 225, 226, 227, 228, 229, 230, 231, 232, 233, 234, 235, 236, 237, 238, 239, 240, 241, 242, 243, 244, 245, 246, 247, 248, 249, 250, 251, 252, 253, 254, 255, 256, 257, 258, 259, 260, 261, 262, 263, 264, 265, 266, 267, 268, 269, 270, 271, 272, 273, 274, 275, 276, 277, 278, 279, 280, 281, 282, 283, 284, 285, 286, 287, 288, 289, 290, 291, 292, 293, 294, 295, 296, 297, 298, 299, 300, 301, 302, 303, 304, 305, 306, 307, 308, 309, 310, 311, 312, 313, 314, 315, 316, 317, 318, 319, 320, 321, 322, 323, 324, 325, 326, 327, 328, 329, 330, 331, 332, 333, 334, 335, 336, 337, 354, 379, 388, 389, 401, 425, 454, 458, 463, 472, 475, 487, 495, 498, 499, 512, 530, 531, 532, 533, 534, 536, 549, 573, 574, 575, 576, 577, 578, 579, 580, 581, 582, 583, 584, 585, 586, 587, 588, 589, 590, 591, 592, 593, 594, 595, 596, 597, 598, 599, 600, 601, 602, 603, 604, 605, 606, 607, 608, 609, 610, 611, 612, 613, 614, 615, 616, 617, 618, 619, 620, 621, 622, 623, 624, 625, 626, 627, 628, 629, 630, 631, 632, 633, 634, 635, 636, 637, 638, 639, 640, 641, 642, 643, 644, 645, 646, 647, 648, 649, 650, 651, 652, 653, 654, 655, 656, 657, 658, 659, 660, 661, 662, 663, 664, 665, 666, 667, 668, 669, 670, 671, 672, 673, 674, 675, 676, 677, 678, 679, 680, 681, 682, 683, 684, 685, 686, 687, 688, 689, 690, 691, 692, 693, 694, 695, 696, 697, 698, 699, 700, 701, 702, 703, 704, 705, 706, 707, 708, 709, 710, 711, 712, 713, 714, 715, 716, 717, 718, 719, 720, 721, 722, 723, 724, 725, 726, 727, 728, 729, 730, 731, 732, 733, 734, 735, 736, 737, 738, 739, 740, 741, 742, 743, 744, 745, 746, 747, 748, 749, 750, 751, 752, 753, 754, 755, 756, 757, 758, 759, 760, 761, 762, 763, 764, 765, 766, 767, 768, 769, 770, 771, 772, 773, 774, 775, 776, 777, 778, 779, 780, 781, 782, 783, 784, 785, 786, 787, 788, 789, 790, 791, 792, 793, 809, 829, 838, 839, 850, 877, 901, 903, 905, 910, 919, 923]",True,"[127, 290, 598, 749]","[103, 104, 105, 106, 107, 108, 109, 110, 111, 112, 113, 114, 115, 116, 117, 118, 119, 120, 121, 122, 123, 124, 125, 126, 127, 128, 129, 130, 131, 132, 133, 134, 135, 136, 137, 138, 139, 140, 141, 142, 143, 144, 145, 146, 147, 148, 149, 150, 151, 152, 153, 154, 155, 156, 157, 158, 159, 160, 161, 162, 163, 164, 165, 166, 167, 168, 169, 170, 171, 172, 173, 174, 175, 176, 177, 178, 179, 180, 181, 182, 183, 184, 185, 186, 187, 188, 189, 190, 191, 192, 193, 194, 195, 196, 197, 198, 199, 200, 201, 202, 203, 204, 205, 206, 207, 208, 209, 210, 211, 212, 213, 214, 215, 216, 217, 218, 219, 220, 221, 222, 223, 224, 225, 226, 227, 228, 229, 230, 231, 232, 233, 234, 235, 236, 237, 238, 239, 240, 241, 242, 243, 244, 245, 246, 247, 248, 249, 250, 251, 252, 253, 254, 255, 256, 257, 258, 259, 260, 261, 262, 263, 264, 265, 266, 267, 268, 269, 270, 271, 272, 273, 274, 275, 276, 277, 278, 279, 280, 281, 282, 283, 284, 285, 286, 287, 288, 289, 290, 291, 292, 293, 294, 295, 296, 297, 298, 299, 300, 301, 302, 303, 304, 305, 306, 307, 308, 309, 310, 311, 312, 313, 314, 315, 316, 317, 318, 319, 320, 321, 322, 323, 324, 325, 326, 327, 328, 329, 330, 331, 332, 333, 334, 335, 336, 337, 574, 575, 576, 577, 578, 579, 580, 581, 582, 583, 584, 585, 586, 587, 588, 589, 590, 591, 592, 593, 594, 595, 596, 597, 598, 599, 600, 601, 602, 603, 604, 605, 606, 607, 608, 609, 610, 611, 612, 613, 614, 615, 616, 617, 618, 619, 620, 621, 622, 623, 624, 625, 626, 627, 628, 629, 630, 631, 632, 633, 634, 635, 636, 637, 638, 639, 640, 641, 642, 643, 644, 645, 646, 647, 648, 649, 650, 651, 652, 653, 654, 655, 656, 657, 658, 659, 660, 661, 662, 663, 664, 665, 666, 667, 668, 669, 670, 671, 672, 673, 674, 675, 676, 677, 678, 679, 680, 681, 682, 683, 684, 685, 686, 687, 688, 689, 690, 691, 692, 693, 694, 695, 696, 697, 698, 699, 700, 701, 702, 703, 704, 705, 706, 707, 708, 709, 710, 711, 712, 713, 714, 715, 716, 717, 718, 719, 720, 721, 722, 723, 724, 725, 726, 727, 728, 729, 730, 731, 732, 733, 734, 735, 736, 737, 738, 739, 740, 741, 742, 743, 744, 745, 746, 747, 748, 749, 750, 751, 752, 753, 754, 755, 756, 757, 758, 759, 760, 761, 762, 763, 764, 765, 766, 767, 768, 769, 770, 771, 772, 773, 774, 775, 776, 777, 778, 779, 780, 781, 782, 783, 784, 785, 786, 787, 788, 789, 790, 791, 792, 793]","[103, 111, 127, 153, 162, 201, 226, 292, 574, 581, 598, 624, 634, 690, 751]","[127, 145, 401, 598, 616, 850]","[10, 75, 103, 104, 106, 117, 118, 120, 127, 128, 129, 131, 133, 135, 136, 137, 139, 146, 147, 148, 149, 151, 158, 160, 162, 166, 173, 178, 179, 185, 190, 192, 198, 201, 203, 204, 206, 207, 212, 213, 214, 219, 223, 224, 225, 227, 230, 235, 237, 246, 247, 256, 259, 262, 263, 266, 268, 269, 271, 272, 278, 279, 284, 285, 288, 290, 292, 304, 306, 312, 316, 319, 320, 323, 324, 329, 332, 335, 495, 549, 574, 575, 577, 588, 589, 591, 598, 599, 600, 602, 604, 606, 607, 608, 610, 617, 618, 619, 620, 622, 625, 630, 632, 634, 638, 644, 649, 650, 656, 661, 663, 669, 673, 674, 676, 677, 682, 683, 684, 687, 688, 689, 691, 694, 699, 701, 710, 718, 722, 723, 727, 728, 730, 731, 737, 738, 743, 744, 747, 749, 751, 762, 764, 770, 774, 777, 778, 781, 782, 789, 791]","[1, 13, 14, 29, 54, 55, 56, 57, 58, 60, 102, 118, 125, 127, 130, 134, 146, 149, 153, 175, 182, 187, 189, 191, 197, 225, 230, 238, 264, 265, 266, 286, 302, 317, 336, 354, 379, 388, 389, 401, 425, 454, 458, 463, 472, 475, 487, 498, 499, 512, 530, 531, 532, 533, 534, 536, 573, 589, 596, 598, 601, 605, 617, 620, 624, 646, 653, 658, 660, 662, 668, 689, 694, 702, 724, 725, 745, 760, 775, 793, 809, 829, 838, 839, 850, 877, 901, 903, 905, 910, 919, 923]","[1, 13, 14, 29, 54, 55, 56, 57, 58, 60, 102, 118, 125, 127, 130, 134, 146, 149, 153, 175, 182, 187, 189, 191, 197, 225, 230, 238, 264, 265, 266, 286, 302, 317, 336, 379, 388, 389, 425, 454, 458, 463, 475, 487, 498, 499, 512, 530, 531, 532, 533, 534, 536, 573, 589, 596, 598, 601, 605, 617, 620, 624, 646, 653, 658, 660, 662, 668, 689, 694, 702, 724, 725, 745, 760, 775, 793, 829, 838, 839, 877, 901, 903, 905, 910, 923]",7/6 successful match,True,[509],True,312,False,,,,,
"Pumpkin Ctr ( S ) , 93313 Bear Mountain Travel Stop (","661-834-5733 CA 99 Exit 13 ( CA 223 , Bear Shell )",) HRS 24 MO,Pumpkin Ctr,93313,Bear Mountain Travel Stop (,661-834-5733,2007,Bakersfield,CA,,"( CA 223 , Bear Shell )",CA 99 Exit 13 ,Exit,13,False,,False,CA 99,,,,,"[598, 127]","[127, 290, 598, 749]","[103, 111, 127, 153, 162, 201, 226, 292, 574, 581, 598, 624, 634, 690, 751]","[127, 145, 401, 598, 616, 850]","[103, 104, 105, 106, 107, 108, 109, 110, 111, 112, 113, 114, 115, 116, 117, 118, 119, 120, 121, 122, 123, 124, 125, 126, 127, 128, 129, 130, 131, 132, 133, 134, 135, 136, 137, 138, 139, 140, 141, 142, 143, 144, 145, 146, 147, 148, 149, 150, 151, 152, 153, 154, 155, 156, 157, 158, 159, 160, 161, 162, 163, 164, 165, 166, 167, 168, 169, 170, 171, 172, 173, 174, 175, 176, 177, 178, 179, 180, 181, 182, 183, 184, 185, 186, 187, 188, 189, 190, 191, 192, 193, 194, 195, 196, 197, 198, 199, 200, 201, 202, 203, 204, 205, 206, 207, 208, 209, 210, 211, 212, 213, 214, 215, 216, 217, 218, 219, 220, 221, 222, 223, 224, 225, 226, 227, 228, 229, 230, 231, 232, 233, 234, 235, 236, 237, 238, 239, 240, 241, 242, 243, 244, 245, 246, 247, 248, 249, 250, 251, 252, 253, 254, 255, 256, 257, 258, 259, 260, 261, 262, 263, 264, 265, 266, 267, 268, 269, 270, 271, 272, 273, 274, 275, 276, 277, 278, 279, 280, 281, 282, 283, 284, 285, 286, 287, 288, 289, 290, 291, 292, 293, 294, 295, 296, 297, 298, 299, 300, 301, 302, 303, 304, 305, 306, 307, 308, 309, 310, 311, 312, 313, 314, 315, 316, 317, 318, 319, 320, 321, 322, 323, 324, 325, 326, 327, 328, 329, 330, 331, 332, 333, 334, 335, 336, 337, 574, 575, 576, 577, 578, 579, 580, 581, 582, 583, 584, 585, 586, 587, 588, 589, 590, 591, 592, 593, 594, 595, 596, 597, 598, 599, 600, 601, 602, 603, 604, 605, 606, 607, 608, 609, 610, 611, 612, 613, 614, 615, 616, 617, 618, 619, 620, 621, 622, 623, 624, 625, 626, 627, 628, 629, 630, 631, 632, 633, 634, 635, 636, 637, 638, 639, 640, 641, 642, 643, 644, 645, 646, 647, 648, 649, 650, 651, 652, 653, 654, 655, 656, 657, 658, 659, 660, 661, 662, 663, 664, 665, 666, 667, 668, 669, 670, 671, 672, 673, 674, 675, 676, 677, 678, 679, 680, 681, 682, 683, 684, 685, 686, 687, 688, 689, 690, 691, 692, 693, 694, 695, 696, 697, 698, 699, 700, 701, 702, 703, 704, 705, 706, 707, 708, 709, 710, 711, 712, 713, 714, 715, 716, 717, 718, 719, 720, 721, 722, 723, 724, 725, 726, 727, 728, 729, 730, 731, 732, 733, 734, 735, 736, 737, 738, 739, 740, 741, 742, 743, 744, 745, 746, 747, 748, 749, 750, 751, 752, 753, 754, 755, 756, 757, 758, 759, 760, 761, 762, 763, 764, 765, 766, 767, 768, 769, 770, 771, 772, 773, 774, 775, 776, 777, 778, 779, 780, 781, 782, 783, 784, 785, 786, 787, 788, 789, 790, 791, 792, 793]","[10, 75, 103, 104, 106, 117, 118, 120, 127, 128, 129, 131, 133, 135, 136, 137, 139, 146, 147, 148, 149, 151, 158, 160, 162, 166, 173, 178, 179, 185, 190, 192, 198, 201, 203, 204, 206, 207, 212, 213, 214, 219, 223, 224, 225, 227, 230, 235, 237, 246, 247, 256, 259, 262, 263, 266, 268, 269, 271, 272, 278, 279, 284, 285, 288, 290, 292, 304, 306, 312, 316, 319, 320, 323, 324, 329, 332, 335, 495, 549, 574, 575, 577, 588, 589, 591, 598, 599, 600, 602, 604, 606, 607, 608, 610, 617, 618, 619, 620, 622, 625, 630, 632, 634, 638, 644, 649, 650, 656, 661, 663, 669, 673, 674, 676, 677, 682, 683, 684, 687, 688, 689, 691, 694, 699, 701, 710, 718, 722, 723, 727, 728, 730, 731, 737, 738, 743, 744, 747, 749, 751, 762, 764, 770, 774, 777, 778, 781, 782, 789, 791]",[],"[127, 230, 401, 472, 598, 694, 850, 919]","[10, 75, 103, 104, 105, 106, 107, 108, 109, 110, 111, 112, 113, 114, 115, 116, 117, 118, 119, 120, 121, 122, 123, 124, 125, 126, 127, 128, 129, 130, 131, 132, 133, 134, 135, 136, 137, 138, 139, 140, 141, 142, 143, 144, 145, 146, 147, 148, 149, 150, 151, 152, 153, 154, 155, 156, 157, 158, 159, 160, 161, 162, 163, 164, 165, 166, 167, 168, 169, 170, 171, 172, 173, 174, 175, 176, 177, 178, 179, 180, 181, 182, 183, 184, 185, 186, 187, 188, 189, 190, 191, 192, 193, 194, 195, 196, 197, 198, 199, 200, 201, 202, 203, 204, 205, 206, 207, 208, 209, 210, 211, 212, 213, 214, 215, 216, 217, 218, 219, 220, 221, 222, 223, 224, 225, 226, 227, 228, 229, 230, 231, 232, 233, 234, 235, 236, 237, 238, 239, 240, 241, 242, 243, 244, 245, 246, 247, 248, 249, 250, 251, 252, 253, 254, 255, 256, 257, 258, 259, 260, 261, 262, 263, 264, 265, 266, 267, 268, 269, 270, 271, 272, 273, 274, 275, 276, 277, 278, 279, 280, 281, 282, 283, 284, 285, 286, 287, 288, 289, 290, 291, 292, 293, 294, 295, 296, 297, 298, 299, 300, 301, 302, 303, 304, 305, 306, 307, 308, 309, 310, 311, 312, 313, 314, 315, 316, 317, 318, 319, 320, 321, 322, 323, 324, 325, 326, 327, 328, 329, 330, 331, 332, 333, 334, 335, 336, 337, 401, 472, 495, 549, 574, 575, 576, 577, 578, 579, 580, 581, 582, 583, 584, 585, 586, 587, 588, 589, 590, 591, 592, 593, 594, 595, 596, 597, 598, 599, 600, 601, 602, 603, 604, 605, 606, 607, 608, 609, 610, 611, 612, 613, 614, 615, 616, 617, 618, 619, 620, 621, 622, 623, 624, 625, 626, 627, 628, 629, 630, 631, 632, 633, 634, 635, 636, 637, 638, 639, 640, 641, 642, 643, 644, 645, 646, 647, 648, 649, 650, 651, 652, 653, 654, 655, 656, 657, 658, 659, 660, 661, 662, 663, 664, 665, 666, 667, 668, 669, 670, 671, 672, 673, 674, 675, 676, 677, 678, 679, 680, 681, 682, 683, 684, 685, 686, 687, 688, 689, 690, 691, 692, 693, 694, 695, 696, 697, 698, 699, 700, 701, 702, 703, 704, 705, 706, 707, 708, 709, 710, 711, 712, 713, 714, 715, 716, 717, 718, 719, 720, 721, 722, 723, 724, 725, 726, 727, 728, 729, 730, 731, 732, 733, 734, 735, 736, 737, 738, 739, 740, 741, 742, 743, 744, 745, 746, 747, 748, 749, 750, 751, 752, 753, 754, 755, 756, 757, 758, 759, 760, 761, 762, 763, 764, 765, 766, 767, 768, 769, 770, 771, 772, 773, 774, 775, 776, 777, 778, 779, 780, 781, 782, 783, 784, 785, 786, 787, 788, 789, 790, 791, 792, 793, 850, 919]",True,"[127, 290, 598, 749]","[103, 104, 105, 106, 107, 108, 109, 110, 111, 112, 113, 114, 115, 116, 117, 118, 119, 120, 121, 122, 123, 124, 125, 126, 127, 128, 129, 130, 131, 132, 133, 134, 135, 136, 137, 138, 139, 140, 141, 142, 143, 144, 145, 146, 147, 148, 149, 150, 151, 152, 153, 154, 155, 156, 157, 158, 159, 160, 161, 162, 163, 164, 165, 166, 167, 168, 169, 170, 171, 172, 173, 174, 175, 176, 177, 178, 179, 180, 181, 182, 183, 184, 185, 186, 187, 188, 189, 190, 191, 192, 193, 194, 195, 196, 197, 198, 199, 200, 201, 202, 203, 204, 205, 206, 207, 208, 209, 210, 211, 212, 213, 214, 215, 216, 217, 218, 219, 220, 221, 222, 223, 224, 225, 226, 227, 228, 229, 230, 231, 232, 233, 234, 235, 236, 237, 238, 239, 240, 241, 242, 243, 244, 245, 246, 247, 248, 249, 250, 251, 252, 253, 254, 255, 256, 257, 258, 259, 260, 261, 262, 263, 264, 265, 266, 267, 268, 269, 270, 271, 272, 273, 274, 275, 276, 277, 278, 279, 280, 281, 282, 283, 284, 285, 286, 287, 288, 289, 290, 291, 292, 293, 294, 295, 296, 297, 298, 299, 300, 301, 302, 303, 304, 305, 306, 307, 308, 309, 310, 311, 312, 313, 314, 315, 316, 317, 318, 319, 320, 321, 322, 323, 324, 325, 326, 327, 328, 329, 330, 331, 332, 333, 334, 335, 336, 337, 574, 575, 576, 577, 578, 579, 580, 581, 582, 583, 584, 585, 586, 587, 588, 589, 590, 591, 592, 593, 594, 595, 596, 597, 598, 599, 600, 601, 602, 603, 604, 605, 606, 607, 608, 609, 610, 611, 612, 613, 614, 615, 616, 617, 618, 619, 620, 621, 622, 623, 624, 625, 626, 627, 628, 629, 630, 631, 632, 633, 634, 635, 636, 637, 638, 639, 640, 641, 642, 643, 644, 645, 646, 647, 648, 649, 650, 651, 652, 653, 654, 655, 656, 657, 658, 659, 660, 661, 662, 663, 664, 665, 666, 667, 668, 669, 670, 671, 672, 673, 674, 675, 676, 677, 678, 679, 680, 681, 682, 683, 684, 685, 686, 687, 688, 689, 690, 691, 692, 693, 694, 695, 696, 697, 698, 699, 700, 701, 702, 703, 704, 705, 706, 707, 708, 709, 710, 711, 712, 713, 714, 715, 716, 717, 718, 719, 720, 721, 722, 723, 724, 725, 726, 727, 728, 729, 730, 731, 732, 733, 734, 735, 736, 737, 738, 739, 740, 741, 742, 743, 744, 745, 746, 747, 748, 749, 750, 751, 752, 753, 754, 755, 756, 757, 758, 759, 760, 761, 762, 763, 764, 765, 766, 767, 768, 769, 770, 771, 772, 773, 774, 775, 776, 777, 778, 779, 780, 781, 782, 783, 784, 785, 786, 787, 788, 789, 790, 791, 792, 793]","[103, 111, 127, 153, 162, 201, 226, 292, 574, 581, 598, 624, 634, 690, 751]","[127, 145, 401, 598, 616, 850]","[10, 75, 103, 104, 106, 117, 118, 120, 127, 128, 129, 131, 133, 135, 136, 137, 139, 146, 147, 148, 149, 151, 158, 160, 162, 166, 173, 178, 179, 185, 190, 192, 198, 201, 203, 204, 206, 207, 212, 213, 214, 219, 223, 224, 225, 227, 230, 235, 237, 246, 247, 256, 259, 262, 263, 266, 268, 269, 271, 272, 278, 279, 284, 285, 288, 290, 292, 304, 306, 312, 316, 319, 320, 323, 324, 329, 332, 335, 495, 549, 574, 575, 577, 588, 589, 591, 598, 599, 600, 602, 604, 606, 607, 608, 610, 617, 618, 619, 620, 622, 625, 630, 632, 634, 638, 644, 649, 650, 656, 661, 663, 669, 673, 674, 676, 677, 682, 683, 684, 687, 688, 689, 691, 694, 699, 701, 710, 718, 722, 723, 727, 728, 730, 731, 737, 738, 743, 744, 747, 749, 751, 762, 764, 770, 774, 777, 778, 781, 782, 789, 791]","[127, 230, 401, 472, 598, 694, 850, 919]",[],7/6 successful match,True,[509],True,312,False,,1.0,True,Bear Mountain Travel Stop ( Shell ),Shell
"Pumpkin Ctr ( S ) , 93313 Bear Mountain 18 Travel ( CA 119 W )",4 661-834-5733 CA 99 Exit 13 ( Stop ( Shell ),24 M <U+25A1> <U+25A1> <U+25A1>,Pumpkin Ctr,93313,Bear Mountain 18 Travel ( CA 119 W ),661-834-5733,2008,Bakersfield,CA,,( Stop ( Shell ),CA 99 Exit 13 ,Exit,13,False,,False,CA 99,,,,,"[598, 127]","[127, 290, 598, 749]","[103, 111, 127, 153, 162, 201, 226, 292, 574, 581, 598, 624, 634, 690, 751]","[127, 145, 401, 598, 616, 850]","[103, 104, 105, 106, 107, 108, 109, 110, 111, 112, 113, 114, 115, 116, 117, 118, 119, 120, 121, 122, 123, 124, 125, 126, 127, 128, 129, 130, 131, 132, 133, 134, 135, 136, 137, 138, 139, 140, 141, 142, 143, 144, 145, 146, 147, 148, 149, 150, 151, 152, 153, 154, 155, 156, 157, 158, 159, 160, 161, 162, 163, 164, 165, 166, 167, 168, 169, 170, 171, 172, 173, 174, 175, 176, 177, 178, 179, 180, 181, 182, 183, 184, 185, 186, 187, 188, 189, 190, 191, 192, 193, 194, 195, 196, 197, 198, 199, 200, 201, 202, 203, 204, 205, 206, 207, 208, 209, 210, 211, 212, 213, 214, 215, 216, 217, 218, 219, 220, 221, 222, 223, 224, 225, 226, 227, 228, 229, 230, 231, 232, 233, 234, 235, 236, 237, 238, 239, 240, 241, 242, 243, 244, 245, 246, 247, 248, 249, 250, 251, 252, 253, 254, 255, 256, 257, 258, 259, 260, 261, 262, 263, 264, 265, 266, 267, 268, 269, 270, 271, 272, 273, 274, 275, 276, 277, 278, 279, 280, 281, 282, 283, 284, 285, 286, 287, 288, 289, 290, 291, 292, 293, 294, 295, 296, 297, 298, 299, 300, 301, 302, 303, 304, 305, 306, 307, 308, 309, 310, 311, 312, 313, 314, 315, 316, 317, 318, 319, 320, 321, 322, 323, 324, 325, 326, 327, 328, 329, 330, 331, 332, 333, 334, 335, 336, 337, 574, 575, 576, 577, 578, 579, 580, 581, 582, 583, 584, 585, 586, 587, 588, 589, 590, 591, 592, 593, 594, 595, 596, 597, 598, 599, 600, 601, 602, 603, 604, 605, 606, 607, 608, 609, 610, 611, 612, 613, 614, 615, 616, 617, 618, 619, 620, 621, 622, 623, 624, 625, 626, 627, 628, 629, 630, 631, 632, 633, 634, 635, 636, 637, 638, 639, 640, 641, 642, 643, 644, 645, 646, 647, 648, 649, 650, 651, 652, 653, 654, 655, 656, 657, 658, 659, 660, 661, 662, 663, 664, 665, 666, 667, 668, 669, 670, 671, 672, 673, 674, 675, 676, 677, 678, 679, 680, 681, 682, 683, 684, 685, 686, 687, 688, 689, 690, 691, 692, 693, 694, 695, 696, 697, 698, 699, 700, 701, 702, 703, 704, 705, 706, 707, 708, 709, 710, 711, 712, 713, 714, 715, 716, 717, 718, 719, 720, 721, 722, 723, 724, 725, 726, 727, 728, 729, 730, 731, 732, 733, 734, 735, 736, 737, 738, 739, 740, 741, 742, 743, 744, 745, 746, 747, 748, 749, 750, 751, 752, 753, 754, 755, 756, 757, 758, 759, 760, 761, 762, 763, 764, 765, 766, 767, 768, 769, 770, 771, 772, 773, 774, 775, 776, 777, 778, 779, 780, 781, 782, 783, 784, 785, 786, 787, 788, 789, 790, 791, 792, 793]","[10, 75, 103, 104, 106, 117, 118, 120, 127, 128, 129, 131, 133, 135, 136, 137, 139, 146, 147, 148, 149, 151, 158, 160, 162, 166, 173, 178, 179, 185, 190, 192, 198, 201, 203, 204, 206, 207, 212, 213, 214, 219, 223, 224, 225, 227, 230, 235, 237, 246, 247, 256, 259, 262, 263, 266, 268, 269, 271, 272, 278, 279, 284, 285, 288, 290, 292, 304, 306, 312, 316, 319, 320, 323, 324, 329, 332, 335, 495, 549, 574, 575, 577, 588, 589, 591, 598, 599, 600, 602, 604, 606, 607, 608, 610, 617, 618, 619, 620, 622, 625, 630, 632, 634, 638, 644, 649, 650, 656, 661, 663, 669, 673, 674, 676, 677, 682, 683, 684, 687, 688, 689, 691, 694, 699, 701, 710, 718, 722, 723, 727, 728, 730, 731, 737, 738, 743, 744, 747, 749, 751, 762, 764, 770, 774, 777, 778, 781, 782, 789, 791]",[],"[127, 230, 401, 472, 598, 694, 850, 919]","[10, 75, 103, 104, 105, 106, 107, 108, 109, 110, 111, 112, 113, 114, 115, 116, 117, 118, 119, 120, 121, 122, 123, 124, 125, 126, 127, 128, 129, 130, 131, 132, 133, 134, 135, 136, 137, 138, 139, 140, 141, 142, 143, 144, 145, 146, 147, 148, 149, 150, 151, 152, 153, 154, 155, 156, 157, 158, 159, 160, 161, 162, 163, 164, 165, 166, 167, 168, 169, 170, 171, 172, 173, 174, 175, 176, 177, 178, 179, 180, 181, 182, 183, 184, 185, 186, 187, 188, 189, 190, 191, 192, 193, 194, 195, 196, 197, 198, 199, 200, 201, 202, 203, 204, 205, 206, 207, 208, 209, 210, 211, 212, 213, 214, 215, 216, 217, 218, 219, 220, 221, 222, 223, 224, 225, 226, 227, 228, 229, 230, 231, 232, 233, 234, 235, 236, 237, 238, 239, 240, 241, 242, 243, 244, 245, 246, 247, 248, 249, 250, 251, 252, 253, 254, 255, 256, 257, 258, 259, 260, 261, 262, 263, 264, 265, 266, 267, 268, 269, 270, 271, 272, 273, 274, 275, 276, 277, 278, 279, 280, 281, 282, 283, 284, 285, 286, 287, 288, 289, 290, 291, 292, 293, 294, 295, 296, 297, 298, 299, 300, 301, 302, 303, 304, 305, 306, 307, 308, 309, 310, 311, 312, 313, 314, 315, 316, 317, 318, 319, 320, 321, 322, 323, 324, 325, 326, 327, 328, 329, 330, 331, 332, 333, 334, 335, 336, 337, 401, 472, 495, 549, 574, 575, 576, 577, 578, 579, 580, 581, 582, 583, 584, 585, 586, 587, 588, 589, 590, 591, 592, 593, 594, 595, 596, 597, 598, 599, 600, 601, 602, 603, 604, 605, 606, 607, 608, 609, 610, 611, 612, 613, 614, 615, 616, 617, 618, 619, 620, 621, 622, 623, 624, 625, 626, 627, 628, 629, 630, 631, 632, 633, 634, 635, 636, 637, 638, 639, 640, 641, 642, 643, 644, 645, 646, 647, 648, 649, 650, 651, 652, 653, 654, 655, 656, 657, 658, 659, 660, 661, 662, 663, 664, 665, 666, 667, 668, 669, 670, 671, 672, 673, 674, 675, 676, 677, 678, 679, 680, 681, 682, 683, 684, 685, 686, 687, 688, 689, 690, 691, 692, 693, 694, 695, 696, 697, 698, 699, 700, 701, 702, 703, 704, 705, 706, 707, 708, 709, 710, 711, 712, 713, 714, 715, 716, 717, 718, 719, 720, 721, 722, 723, 724, 725, 726, 727, 728, 729, 730, 731, 732, 733, 734, 735, 736, 737, 738, 739, 740, 741, 742, 743, 744, 745, 746, 747, 748, 749, 750, 751, 752, 753, 754, 755, 756, 757, 758, 759, 760, 761, 762, 763, 764, 765, 766, 767, 768, 769, 770, 771, 772, 773, 774, 775, 776, 777, 778, 779, 780, 781, 782, 783, 784, 785, 786, 787, 788, 789, 790, 791, 792, 793, 850, 919]",True,"[127, 290, 598, 749]","[103, 104, 105, 106, 107, 108, 109, 110, 111, 112, 113, 114, 115, 116, 117, 118, 119, 120, 121, 122, 123, 124, 125, 126, 127, 128, 129, 130, 131, 132, 133, 134, 135, 136, 137, 138, 139, 140, 141, 142, 143, 144, 145, 146, 147, 148, 149, 150, 151, 152, 153, 154, 155, 156, 157, 158, 159, 160, 161, 162, 163, 164, 165, 166, 167, 168, 169, 170, 171, 172, 173, 174, 175, 176, 177, 178, 179, 180, 181, 182, 183, 184, 185, 186, 187, 188, 189, 190, 191, 192, 193, 194, 195, 196, 197, 198, 199, 200, 201, 202, 203, 204, 205, 206, 207, 208, 209, 210, 211, 212, 213, 214, 215, 216, 217, 218, 219, 220, 221, 222, 223, 224, 225, 226, 227, 228, 229, 230, 231, 232, 233, 234, 235, 236, 237, 238, 239, 240, 241, 242, 243, 244, 245, 246, 247, 248, 249, 250, 251, 252, 253, 254, 255, 256, 257, 258, 259, 260, 261, 262, 263, 264, 265, 266, 267, 268, 269, 270, 271, 272, 273, 274, 275, 276, 277, 278, 279, 280, 281, 282, 283, 284, 285, 286, 287, 288, 289, 290, 291, 292, 293, 294, 295, 296, 297, 298, 299, 300, 301, 302, 303, 304, 305, 306, 307, 308, 309, 310, 311, 312, 313, 314, 315, 316, 317, 318, 319, 320, 321, 322, 323, 324, 325, 326, 327, 328, 329, 330, 331, 332, 333, 334, 335, 336, 337, 574, 575, 576, 577, 578, 579, 580, 581, 582, 583, 584, 585, 586, 587, 588, 589, 590, 591, 592, 593, 594, 595, 596, 597, 598, 599, 600, 601, 602, 603, 604, 605, 606, 607, 608, 609, 610, 611, 612, 613, 614, 615, 616, 617, 618, 619, 620, 621, 622, 623, 624, 625, 626, 627, 628, 629, 630, 631, 632, 633, 634, 635, 636, 637, 638, 639, 640, 641, 642, 643, 644, 645, 646, 647, 648, 649, 650, 651, 652, 653, 654, 655, 656, 657, 658, 659, 660, 661, 662, 663, 664, 665, 666, 667, 668, 669, 670, 671, 672, 673, 674, 675, 676, 677, 678, 679, 680, 681, 682, 683, 684, 685, 686, 687, 688, 689, 690, 691, 692, 693, 694, 695, 696, 697, 698, 699, 700, 701, 702, 703, 704, 705, 706, 707, 708, 709, 710, 711, 712, 713, 714, 715, 716, 717, 718, 719, 720, 721, 722, 723, 724, 725, 726, 727, 728, 729, 730, 731, 732, 733, 734, 735, 736, 737, 738, 739, 740, 741, 742, 743, 744, 745, 746, 747, 748, 749, 750, 751, 752, 753, 754, 755, 756, 757, 758, 759, 760, 761, 762, 763, 764, 765, 766, 767, 768, 769, 770, 771, 772, 773, 774, 775, 776, 777, 778, 779, 780, 781, 782, 783, 784, 785, 786, 787, 788, 789, 790, 791, 792, 793]","[103, 111, 127, 153, 162, 201, 226, 292, 574, 581, 598, 624, 634, 690, 751]","[127, 145, 401, 598, 616, 850]","[10, 75, 103, 104, 106, 117, 118, 120, 127, 128, 129, 131, 133, 135, 136, 137, 139, 146, 147, 148, 149, 151, 158, 160, 162, 166, 173, 178, 179, 185, 190, 192, 198, 201, 203, 204, 206, 207, 212, 213, 214, 219, 223, 224, 225, 227, 230, 235, 237, 246, 247, 256, 259, 262, 263, 266, 268, 269, 271, 272, 278, 279, 284, 285, 288, 290, 292, 304, 306, 312, 316, 319, 320, 323, 324, 329, 332, 335, 495, 549, 574, 575, 577, 588, 589, 591, 598, 599, 600, 602, 604, 606, 607, 608, 610, 617, 618, 619, 620, 622, 625, 630, 632, 634, 638, 644, 649, 650, 656, 661, 663, 669, 673, 674, 676, 677, 682, 683, 684, 687, 688, 689, 691, 694, 699, 701, 710, 718, 722, 723, 727, 728, 730, 731, 737, 738, 743, 744, 747, 749, 751, 762, 764, 770, 774, 777, 778, 781, 782, 789, 791]","[127, 230, 401, 472, 598, 694, 850, 919]",[],7/6 successful match,True,[509],True,312,False,,0.9095238095238095,True,Bear Mountain Travel Stop (,
G Pumpkin Center ( S ) ( 93313 ) Bear Mountain Travel Stop ( Shell ),4 661-834-5733 CA 99 Exit 13 ( CA 223 W ),224 M <U+25A1> <U+25A1>,Pumpkin Center,93313,Bear Mountain Travel Stop ( Shell ),661-834-5733,2014,Bakersfield,CA,Shell,( CA 223 W ),CA 99 Exit 13 ,Exit,13,False,,False,CA 99,,,,,"[598, 127]","[127, 290, 598, 749]","[103, 111, 127, 153, 162, 201, 226, 292, 574, 581, 598, 624, 634, 690, 751]","[127, 145, 401, 598, 616, 850]","[103, 104, 105, 106, 107, 108, 109, 110, 111, 112, 113, 114, 115, 116, 117, 118, 119, 120, 121, 122, 123, 124, 125, 126, 127, 128, 129, 130, 131, 132, 133, 134, 135, 136, 137, 138, 139, 140, 141, 142, 143, 144, 145, 146, 147, 148, 149, 150, 151, 152, 153, 154, 155, 156, 157, 158, 159, 160, 161, 162, 163, 164, 165, 166, 167, 168, 169, 170, 171, 172, 173, 174, 175, 176, 177, 178, 179, 180, 181, 182, 183, 184, 185, 186, 187, 188, 189, 190, 191, 192, 193, 194, 195, 196, 197, 198, 199, 200, 201, 202, 203, 204, 205, 206, 207, 208, 209, 210, 211, 212, 213, 214, 215, 216, 217, 218, 219, 220, 221, 222, 223, 224, 225, 226, 227, 228, 229, 230, 231, 232, 233, 234, 235, 236, 237, 238, 239, 240, 241, 242, 243, 244, 245, 246, 247, 248, 249, 250, 251, 252, 253, 254, 255, 256, 257, 258, 259, 260, 261, 262, 263, 264, 265, 266, 267, 268, 269, 270, 271, 272, 273, 274, 275, 276, 277, 278, 279, 280, 281, 282, 283, 284, 285, 286, 287, 288, 289, 290, 291, 292, 293, 294, 295, 296, 297, 298, 299, 300, 301, 302, 303, 304, 305, 306, 307, 308, 309, 310, 311, 312, 313, 314, 315, 316, 317, 318, 319, 320, 321, 322, 323, 324, 325, 326, 327, 328, 329, 330, 331, 332, 333, 334, 335, 336, 337, 574, 575, 576, 577, 578, 579, 580, 581, 582, 583, 584, 585, 586, 587, 588, 589, 590, 591, 592, 593, 594, 595, 596, 597, 598, 599, 600, 601, 602, 603, 604, 605, 606, 607, 608, 609, 610, 611, 612, 613, 614, 615, 616, 617, 618, 619, 620, 621, 622, 623, 624, 625, 626, 627, 628, 629, 630, 631, 632, 633, 634, 635, 636, 637, 638, 639, 640, 641, 642, 643, 644, 645, 646, 647, 648, 649, 650, 651, 652, 653, 654, 655, 656, 657, 658, 659, 660, 661, 662, 663, 664, 665, 666, 667, 668, 669, 670, 671, 672, 673, 674, 675, 676, 677, 678, 679, 680, 681, 682, 683, 684, 685, 686, 687, 688, 689, 690, 691, 692, 693, 694, 695, 696, 697, 698, 699, 700, 701, 702, 703, 704, 705, 706, 707, 708, 709, 710, 711, 712, 713, 714, 715, 716, 717, 718, 719, 720, 721, 722, 723, 724, 725, 726, 727, 728, 729, 730, 731, 732, 733, 734, 735, 736, 737, 738, 739, 740, 741, 742, 743, 744, 745, 746, 747, 748, 749, 750, 751, 752, 753, 754, 755, 756, 757, 758, 759, 760, 761, 762, 763, 764, 765, 766, 767, 768, 769, 770, 771, 772, 773, 774, 775, 776, 777, 778, 779, 780, 781, 782, 783, 784, 785, 786, 787, 788, 789, 790, 791, 792, 793]","[10, 75, 103, 104, 106, 117, 118, 120, 127, 128, 129, 131, 133, 135, 136, 137, 139, 146, 147, 148, 149, 151, 158, 160, 162, 166, 173, 178, 179, 185, 190, 192, 198, 201, 203, 204, 206, 207, 212, 213, 214, 219, 223, 224, 225, 227, 230, 235, 237, 246, 247, 256, 259, 262, 263, 266, 268, 269, 271, 272, 278, 279, 284, 285, 288, 290, 292, 304, 306, 312, 316, 319, 320, 323, 324, 329, 332, 335, 495, 549, 574, 575, 577, 588, 589, 591, 598, 599, 600, 602, 604, 606, 607, 608, 610, 617, 618, 619, 620, 622, 625, 630, 632, 634, 638, 644, 649, 650, 656, 661, 663, 669, 673, 674, 676, 677, 682, 683, 684, 687, 688, 689, 691, 694, 699, 701, 710, 718, 722, 723, 727, 728, 730, 731, 737, 738, 743, 744, 747, 749, 751, 762, 764, 770, 774, 777, 778, 781, 782, 789, 791]","[1, 13, 14, 29, 54, 55, 56, 57, 58, 60, 102, 118, 125, 127, 130, 134, 146, 149, 153, 175, 182, 187, 189, 191, 197, 225, 230, 238, 264, 265, 266, 286, 302, 317, 336, 379, 388, 389, 425, 454, 458, 463, 475, 487, 498, 499, 512, 530, 531, 532, 533, 534, 536, 573, 589, 596, 598, 601, 605, 617, 620, 624, 646, 653, 658, 660, 662, 668, 689, 694, 702, 724, 725, 745, 760, 775, 793, 829, 838, 839, 877, 901, 903, 905, 910, 923]","[1, 13, 14, 29, 54, 55, 56, 57, 58, 60, 102, 118, 125, 127, 130, 134, 146, 149, 153, 175, 182, 187, 189, 191, 197, 225, 230, 238, 264, 265, 266, 286, 302, 317, 336, 354, 379, 388, 389, 401, 425, 454, 458, 463, 472, 475, 487, 498, 499, 512, 530, 531, 532, 533, 534, 536, 573, 589, 596, 598, 601, 605, 617, 620, 624, 646, 653, 658, 660, 662, 668, 689, 694, 702, 724, 725, 745, 760, 775, 793, 809, 829, 838, 839, 850, 877, 901, 903, 905, 910, 919, 923]","[1, 10, 13, 14, 29, 54, 55, 56, 57, 58, 60, 75, 102, 103, 104, 105, 106, 107, 108, 109, 110, 111, 112, 113, 114, 115, 116, 117, 118, 119, 120, 121, 122, 123, 124, 125, 126, 127, 128, 129, 130, 131, 132, 133, 134, 135, 136, 137, 138, 139, 140, 141, 142, 143, 144, 145, 146, 147, 148, 149, 150, 151, 152, 153, 154, 155, 156, 157, 158, 159, 160, 161, 162, 163, 164, 165, 166, 167, 168, 169, 170, 171, 172, 173, 174, 175, 176, 177, 178, 179, 180, 181, 182, 183, 184, 185, 186, 187, 188, 189, 190, 191, 192, 193, 194, 195, 196, 197, 198, 199, 200, 201, 202, 203, 204, 205, 206, 207, 208, 209, 210, 211, 212, 213, 214, 215, 216, 217, 218, 219, 220, 221, 222, 223, 224, 225, 226, 227, 228, 229, 230, 231, 232, 233, 234, 235, 236, 237, 238, 239, 240, 241, 242, 243, 244, 245, 246, 247, 248, 249, 250, 251, 252, 253, 254, 255, 256, 257, 258, 259, 260, 261, 262, 263, 264, 265, 266, 267, 268, 269, 270, 271, 272, 273, 274, 275, 276, 277, 278, 279, 280, 281, 282, 283, 284, 285, 286, 287, 288, 289, 290, 291, 292, 293, 294, 295, 296, 297, 298, 299, 300, 301, 302, 303, 304, 305, 306, 307, 308, 309, 310, 311, 312, 313, 314, 315, 316, 317, 318, 319, 320, 321, 322, 323, 324, 325, 326, 327, 328, 329, 330, 331, 332, 333, 334, 335, 336, 337, 354, 379, 388, 389, 401, 425, 454, 458, 463, 472, 475, 487, 495, 498, 499, 512, 530, 531, 532, 533, 534, 536, 549, 573, 574, 575, 576, 577, 578, 579, 580, 581, 582, 583, 584, 585, 586, 587, 588, 589, 590, 591, 592, 593, 594, 595, 596, 597, 598, 599, 600, 601, 602, 603, 604, 605, 606, 607, 608, 609, 610, 611, 612, 613, 614, 615, 616, 617, 618, 619, 620, 621, 622, 623, 624, 625, 626, 627, 628, 629, 630, 631, 632, 633, 634, 635, 636, 637, 638, 639, 640, 641, 642, 643, 644, 645, 646, 647, 648, 649, 650, 651, 652, 653, 654, 655, 656, 657, 658, 659, 660, 661, 662, 663, 664, 665, 666, 667, 668, 669, 670, 671, 672, 673, 674, 675, 676, 677, 678, 679, 680, 681, 682, 683, 684, 685, 686, 687, 688, 689, 690, 691, 692, 693, 694, 695, 696, 697, 698, 699, 700, 701, 702, 703, 704, 705, 706, 707, 708, 709, 710, 711, 712, 713, 714, 715, 716, 717, 718, 719, 720, 721, 722, 723, 724, 725, 726, 727, 728, 729, 730, 731, 732, 733, 734, 735, 736, 737, 738, 739, 740, 741, 742, 743, 744, 745, 746, 747, 748, 749, 750, 751, 752, 753, 754, 755, 756, 757, 758, 759, 760, 761, 762, 763, 764, 765, 766, 767, 768, 769, 770, 771, 772, 773, 774, 775, 776, 777, 778, 779, 780, 781, 782, 783, 784, 785, 786, 787, 788, 789, 790, 791, 792, 793, 809, 829, 838, 839, 850, 877, 901, 903, 905, 910, 919, 923]",True,"[127, 290, 598, 749]","[103, 104, 105, 106, 107, 108, 109, 110, 111, 112, 113, 114, 115, 116, 117, 118, 119, 120, 121, 122, 123, 124, 125, 126, 127, 128, 129, 130, 131, 132, 133, 134, 135, 136, 137, 138, 139, 140, 141, 142, 143, 144, 145, 146, 147, 148, 149, 150, 151, 152, 153, 154, 155, 156, 157, 158, 159, 160, 161, 162, 163, 164, 165, 166, 167, 168, 169, 170, 171, 172, 173, 174, 175, 176, 177, 178, 179, 180, 181, 182, 183, 184, 185, 186, 187, 188, 189, 190, 191, 192, 193, 194, 195, 196, 197, 198, 199, 200, 201, 202, 203, 204, 205, 206, 207, 208, 209, 210, 211, 212, 213, 214, 215, 216, 217, 218, 219, 220, 221, 222, 223, 224, 225, 226, 227, 228, 229, 230, 231, 232, 233, 234, 235, 236, 237, 238, 239, 240, 241, 242, 243, 244, 245, 246, 247, 248, 249, 250, 251, 252, 253, 254, 255, 256, 257, 258, 259, 260, 261, 262, 263, 264, 265, 266, 267, 268, 269, 270, 271, 272, 273, 274, 275, 276, 277, 278, 279, 280, 281, 282, 283, 284, 285, 286, 287, 288, 289, 290, 291, 292, 293, 294, 295, 296, 297, 298, 299, 300, 301, 302, 303, 304, 305, 306, 307, 308, 309, 310, 311, 312, 313, 314, 315, 316, 317, 318, 319, 320, 321, 322, 323, 324, 325, 326, 327, 328, 329, 330, 331, 332, 333, 334, 335, 336, 337, 574, 575, 576, 577, 578, 579, 580, 581, 582, 583, 584, 585, 586, 587, 588, 589, 590, 591, 592, 593, 594, 595, 596, 597, 598, 599, 600, 601, 602, 603, 604, 605, 606, 607, 608, 609, 610, 611, 612, 613, 614, 615, 616, 617, 618, 619, 620, 621, 622, 623, 624, 625, 626, 627, 628, 629, 630, 631, 632, 633, 634, 635, 636, 637, 638, 639, 640, 641, 642, 643, 644, 645, 646, 647, 648, 649, 650, 651, 652, 653, 654, 655, 656, 657, 658, 659, 660, 661, 662, 663, 664, 665, 666, 667, 668, 669, 670, 671, 672, 673, 674, 675, 676, 677, 678, 679, 680, 681, 682, 683, 684, 685, 686, 687, 688, 689, 690, 691, 692, 693, 694, 695, 696, 697, 698, 699, 700, 701, 702, 703, 704, 705, 706, 707, 708, 709, 710, 711, 712, 713, 714, 715, 716, 717, 718, 719, 720, 721, 722, 723, 724, 725, 726, 727, 728, 729, 730, 731, 732, 733, 734, 735, 736, 737, 738, 739, 740, 741, 742, 743, 744, 745, 746, 747, 748, 749, 750, 751, 752, 753, 754, 755, 756, 757, 758, 759, 760, 761, 762, 763, 764, 765, 766, 767, 768, 769, 770, 771, 772, 773, 774, 775, 776, 777, 778, 779, 780, 781, 782, 783, 784, 785, 786, 787, 788, 789, 790, 791, 792, 793]","[103, 111, 127, 153, 162, 201, 226, 292, 574, 581, 598, 624, 634, 690, 751]","[127, 145, 401, 598, 616, 850]","[10, 75, 103, 104, 106, 117, 118, 120, 127, 128, 129, 131, 133, 135, 136, 137, 139, 146, 147, 148, 149, 151, 158, 160, 162, 166, 173, 178, 179, 185, 190, 192, 198, 201, 203, 204, 206, 207, 212, 213, 214, 219, 223, 224, 225, 227, 230, 235, 237, 246, 247, 256, 259, 262, 263, 266, 268, 269, 271, 272, 278, 279, 284, 285, 288, 290, 292, 304, 306, 312, 316, 319, 320, 323, 324, 329, 332, 335, 495, 549, 574, 575, 577, 588, 589, 591, 598, 599, 600, 602, 604, 606, 607, 608, 610, 617, 618, 619, 620, 622, 625, 630, 632, 634, 638, 644, 649, 650, 656, 661, 663, 669, 673, 674, 676, 677, 682, 683, 684, 687, 688, 689, 691, 694, 699, 701, 710, 718, 722, 723, 727, 728, 730, 731, 737, 738, 743, 744, 747, 749, 751, 762, 764, 770, 774, 777, 778, 781, 782, 789, 791]","[1, 13, 14, 29, 54, 55, 56, 57, 58, 60, 102, 118, 125, 127, 130, 134, 146, 149, 153, 175, 182, 187, 189, 191, 197, 225, 230, 238, 264, 265, 266, 286, 302, 317, 336, 354, 379, 388, 389, 401, 425, 454, 458, 463, 472, 475, 487, 498, 499, 512, 530, 531, 532, 533, 534, 536, 573, 589, 596, 598, 601, 605, 617, 620, 624, 646, 653, 658, 660, 662, 668, 689, 694, 702, 724, 725, 745, 760, 775, 793, 809, 829, 838, 839, 850, 877, 901, 903, 905, 910, 919, 923]","[1, 13, 14, 29, 54, 55, 56, 57, 58, 60, 102, 118, 125, 127, 130, 134, 146, 149, 153, 175, 182, 187, 189, 191, 197, 225, 230, 238, 264, 265, 266, 286, 302, 317, 336, 379, 388, 389, 425, 454, 458, 463, 475, 487, 498, 499, 512, 530, 531, 532, 533, 534, 536, 573, 589, 596, 598, 601, 605, 617, 620, 624, 646, 653, 658, 660, 662, 668, 689, 694, 702, 724, 725, 745, 760, 775, 793, 829, 838, 839, 877, 901, 903, 905, 910, 923]",7/6 successful match,True,[509],True,312,False,,0.9112676056338028,True,Bear Mountain 18 Travel ( CA 119 W ),
Pumpkin Center ( S ) ( 93313 ) Bear Mountain Travel Stop ( Shell ),4 661-834-5733 CA 99 Exit 13 ( CA 223 W ),24 MO <U+25A1> <U+25A1>,Pumpkin Center,93313,Bear Mountain Travel Stop ( Shell ),661-834-5733,2015,Bakersfield,CA,Shell,( CA 223 W ),CA 99 Exit 13 ,Exit,13,False,,False,CA 99,,,,,"[598, 127]","[127, 290, 598, 749]","[103, 111, 127, 153, 162, 201, 226, 292, 574, 581, 598, 624, 634, 690, 751]","[127, 145, 401, 598, 616, 850]","[103, 104, 105, 106, 107, 108, 109, 110, 111, 112, 113, 114, 115, 116, 117, 118, 119, 120, 121, 122, 123, 124, 125, 126, 127, 128, 129, 130, 131, 132, 133, 134, 135, 136, 137, 138, 139, 140, 141, 142, 143, 144, 145, 146, 147, 148, 149, 150, 151, 152, 153, 154, 155, 156, 157, 158, 159, 160, 161, 162, 163, 164, 165, 166, 167, 168, 169, 170, 171, 172, 173, 174, 175, 176, 177, 178, 179, 180, 181, 182, 183, 184, 185, 186, 187, 188, 189, 190, 191, 192, 193, 194, 195, 196, 197, 198, 199, 200, 201, 202, 203, 204, 205, 206, 207, 208, 209, 210, 211, 212, 213, 214, 215, 216, 217, 218, 219, 220, 221, 222, 223, 224, 225, 226, 227, 228, 229, 230, 231, 232, 233, 234, 235, 236, 237, 238, 239, 240, 241, 242, 243, 244, 245, 246, 247, 248, 249, 250, 251, 252, 253, 254, 255, 256, 257, 258, 259, 260, 261, 262, 263, 264, 265, 266, 267, 268, 269, 270, 271, 272, 273, 274, 275, 276, 277, 278, 279, 280, 281, 282, 283, 284, 285, 286, 287, 288, 289, 290, 291, 292, 293, 294, 295, 296, 297, 298, 299, 300, 301, 302, 303, 304, 305, 306, 307, 308, 309, 310, 311, 312, 313, 314, 315, 316, 317, 318, 319, 320, 321, 322, 323, 324, 325, 326, 327, 328, 329, 330, 331, 332, 333, 334, 335, 336, 337, 574, 575, 576, 577, 578, 579, 580, 581, 582, 583, 584, 585, 586, 587, 588, 589, 590, 591, 592, 593, 594, 595, 596, 597, 598, 599, 600, 601, 602, 603, 604, 605, 606, 607, 608, 609, 610, 611, 612, 613, 614, 615, 616, 617, 618, 619, 620, 621, 622, 623, 624, 625, 626, 627, 628, 629, 630, 631, 632, 633, 634, 635, 636, 637, 638, 639, 640, 641, 642, 643, 644, 645, 646, 647, 648, 649, 650, 651, 652, 653, 654, 655, 656, 657, 658, 659, 660, 661, 662, 663, 664, 665, 666, 667, 668, 669, 670, 671, 672, 673, 674, 675, 676, 677, 678, 679, 680, 681, 682, 683, 684, 685, 686, 687, 688, 689, 690, 691, 692, 693, 694, 695, 696, 697, 698, 699, 700, 701, 702, 703, 704, 705, 706, 707, 708, 709, 710, 711, 712, 713, 714, 715, 716, 717, 718, 719, 720, 721, 722, 723, 724, 725, 726, 727, 728, 729, 730, 731, 732, 733, 734, 735, 736, 737, 738, 739, 740, 741, 742, 743, 744, 745, 746, 747, 748, 749, 750, 751, 752, 753, 754, 755, 756, 757, 758, 759, 760, 761, 762, 763, 764, 765, 766, 767, 768, 769, 770, 771, 772, 773, 774, 775, 776, 777, 778, 779, 780, 781, 782, 783, 784, 785, 786, 787, 788, 789, 790, 791, 792, 793]","[10, 75, 103, 104, 106, 117, 118, 120, 127, 128, 129, 131, 133, 135, 136, 137, 139, 146, 147, 148, 149, 151, 158, 160, 162, 166, 173, 178, 179, 185, 190, 192, 198, 201, 203, 204, 206, 207, 212, 213, 214, 219, 223, 224, 225, 227, 230, 235, 237, 246, 247, 256, 259, 262, 263, 266, 268, 269, 271, 272, 278, 279, 284, 285, 288, 290, 292, 304, 306, 312, 316, 319, 320, 323, 324, 329, 332, 335, 495, 549, 574, 575, 577, 588, 589, 591, 598, 599, 600, 602, 604, 606, 607, 608, 610, 617, 618, 619, 620, 622, 625, 630, 632, 634, 638, 644, 649, 650, 656, 661, 663, 669, 673, 674, 676, 677, 682, 683, 684, 687, 688, 689, 691, 694, 699, 701, 710, 718, 722, 723, 727, 728, 730, 731, 737, 738, 743, 744, 747, 749, 751, 762, 764, 770, 774, 777, 778, 781, 782, 789, 791]","[1, 13, 14, 29, 54, 55, 56, 57, 58, 60, 102, 118, 125, 127, 130, 134, 146, 149, 153, 175, 182, 187, 189, 191, 197, 225, 230, 238, 264, 265, 266, 286, 302, 317, 336, 379, 388, 389, 425, 454, 458, 463, 475, 487, 498, 499, 512, 530, 531, 532, 533, 534, 536, 573, 589, 596, 598, 601, 605, 617, 620, 624, 646, 653, 658, 660, 662, 668, 689, 694, 702, 724, 725, 745, 760, 775, 793, 829, 838, 839, 877, 901, 903, 905, 910, 923]","[1, 13, 14, 29, 54, 55, 56, 57, 58, 60, 102, 118, 125, 127, 130, 134, 146, 149, 153, 175, 182, 187, 189, 191, 197, 225, 230, 238, 264, 265, 266, 286, 302, 317, 336, 354, 379, 388, 389, 401, 425, 454, 458, 463, 472, 475, 487, 498, 499, 512, 530, 531, 532, 533, 534, 536, 573, 589, 596, 598, 601, 605, 617, 620, 624, 646, 653, 658, 660, 662, 668, 689, 694, 702, 724, 725, 745, 760, 775, 793, 809, 829, 838, 839, 850, 877, 901, 903, 905, 910, 919, 923]","[1, 10, 13, 14, 29, 54, 55, 56, 57, 58, 60, 75, 102, 103, 104, 105, 106, 107, 108, 109, 110, 111, 112, 113, 114, 115, 116, 117, 118, 119, 120, 121, 122, 123, 124, 125, 126, 127, 128, 129, 130, 131, 132, 133, 134, 135, 136, 137, 138, 139, 140, 141, 142, 143, 144, 145, 146, 147, 148, 149, 150, 151, 152, 153, 154, 155, 156, 157, 158, 159, 160, 161, 162, 163, 164, 165, 166, 167, 168, 169, 170, 171, 172, 173, 174, 175, 176, 177, 178, 179, 180, 181, 182, 183, 184, 185, 186, 187, 188, 189, 190, 191, 192, 193, 194, 195, 196, 197, 198, 199, 200, 201, 202, 203, 204, 205, 206, 207, 208, 209, 210, 211, 212, 213, 214, 215, 216, 217, 218, 219, 220, 221, 222, 223, 224, 225, 226, 227, 228, 229, 230, 231, 232, 233, 234, 235, 236, 237, 238, 239, 240, 241, 242, 243, 244, 245, 246, 247, 248, 249, 250, 251, 252, 253, 254, 255, 256, 257, 258, 259, 260, 261, 262, 263, 264, 265, 266, 267, 268, 269, 270, 271, 272, 273, 274, 275, 276, 277, 278, 279, 280, 281, 282, 283, 284, 285, 286, 287, 288, 289, 290, 291, 292, 293, 294, 295, 296, 297, 298, 299, 300, 301, 302, 303, 304, 305, 306, 307, 308, 309, 310, 311, 312, 313, 314, 315, 316, 317, 318, 319, 320, 321, 322, 323, 324, 325, 326, 327, 328, 329, 330, 331, 332, 333, 334, 335, 336, 337, 354, 379, 388, 389, 401, 425, 454, 458, 463, 472, 475, 487, 495, 498, 499, 512, 530, 531, 532, 533, 534, 536, 549, 573, 574, 575, 576, 577, 578, 579, 580, 581, 582, 583, 584, 585, 586, 587, 588, 589, 590, 591, 592, 593, 594, 595, 596, 597, 598, 599, 600, 601, 602, 603, 604, 605, 606, 607, 608, 609, 610, 611, 612, 613, 614, 615, 616, 617, 618, 619, 620, 621, 622, 623, 624, 625, 626, 627, 628, 629, 630, 631, 632, 633, 634, 635, 636, 637, 638, 639, 640, 641, 642, 643, 644, 645, 646, 647, 648, 649, 650, 651, 652, 653, 654, 655, 656, 657, 658, 659, 660, 661, 662, 663, 664, 665, 666, 667, 668, 669, 670, 671, 672, 673, 674, 675, 676, 677, 678, 679, 680, 681, 682, 683, 684, 685, 686, 687, 688, 689, 690, 691, 692, 693, 694, 695, 696, 697, 698, 699, 700, 701, 702, 703, 704, 705, 706, 707, 708, 709, 710, 711, 712, 713, 714, 715, 716, 717, 718, 719, 720, 721, 722, 723, 724, 725, 726, 727, 728, 729, 730, 731, 732, 733, 734, 735, 736, 737, 738, 739, 740, 741, 742, 743, 744, 745, 746, 747, 748, 749, 750, 751, 752, 753, 754, 755, 756, 757, 758, 759, 760, 761, 762, 763, 764, 765, 766, 767, 768, 769, 770, 771, 772, 773, 774, 775, 776, 777, 778, 779, 780, 781, 782, 783, 784, 785, 786, 787, 788, 789, 790, 791, 792, 793, 809, 829, 838, 839, 850, 877, 901, 903, 905, 910, 919, 923]",True,"[127, 290, 598, 749]","[103, 104, 105, 106, 107, 108, 109, 110, 111, 112, 113, 114, 115, 116, 117, 118, 119, 120, 121, 122, 123, 124, 125, 126, 127, 128, 129, 130, 131, 132, 133, 134, 135, 136, 137, 138, 139, 140, 141, 142, 143, 144, 145, 146, 147, 148, 149, 150, 151, 152, 153, 154, 155, 156, 157, 158, 159, 160, 161, 162, 163, 164, 165, 166, 167, 168, 169, 170, 171, 172, 173, 174, 175, 176, 177, 178, 179, 180, 181, 182, 183, 184, 185, 186, 187, 188, 189, 190, 191, 192, 193, 194, 195, 196, 197, 198, 199, 200, 201, 202, 203, 204, 205, 206, 207, 208, 209, 210, 211, 212, 213, 214, 215, 216, 217, 218, 219, 220, 221, 222, 223, 224, 225, 226, 227, 228, 229, 230, 231, 232, 233, 234, 235, 236, 237, 238, 239, 240, 241, 242, 243, 244, 245, 246, 247, 248, 249, 250, 251, 252, 253, 254, 255, 256, 257, 258, 259, 260, 261, 262, 263, 264, 265, 266, 267, 268, 269, 270, 271, 272, 273, 274, 275, 276, 277, 278, 279, 280, 281, 282, 283, 284, 285, 286, 287, 288, 289, 290, 291, 292, 293, 294, 295, 296, 297, 298, 299, 300, 301, 302, 303, 304, 305, 306, 307, 308, 309, 310, 311, 312, 313, 314, 315, 316, 317, 318, 319, 320, 321, 322, 323, 324, 325, 326, 327, 328, 329, 330, 331, 332, 333, 334, 335, 336, 337, 574, 575, 576, 577, 578, 579, 580, 581, 582, 583, 584, 585, 586, 587, 588, 589, 590, 591, 592, 593, 594, 595, 596, 597, 598, 599, 600, 601, 602, 603, 604, 605, 606, 607, 608, 609, 610, 611, 612, 613, 614, 615, 616, 617, 618, 619, 620, 621, 622, 623, 624, 625, 626, 627, 628, 629, 630, 631, 632, 633, 634, 635, 636, 637, 638, 639, 640, 641, 642, 643, 644, 645, 646, 647, 648, 649, 650, 651, 652, 653, 654, 655, 656, 657, 658, 659, 660, 661, 662, 663, 664, 665, 666, 667, 668, 669, 670, 671, 672, 673, 674, 675, 676, 677, 678, 679, 680, 681, 682, 683, 684, 685, 686, 687, 688, 689, 690, 691, 692, 693, 694, 695, 696, 697, 698, 699, 700, 701, 702, 703, 704, 705, 706, 707, 708, 709, 710, 711, 712, 713, 714, 715, 716, 717, 718, 719, 720, 721, 722, 723, 724, 725, 726, 727, 728, 729, 730, 731, 732, 733, 734, 735, 736, 737, 738, 739, 740, 741, 742, 743, 744, 745, 746, 747, 748, 749, 750, 751, 752, 753, 754, 755, 756, 757, 758, 759, 760, 761, 762, 763, 764, 765, 766, 767, 768, 769, 770, 771, 772, 773, 774, 775, 776, 777, 778, 779, 780, 781, 782, 783, 784, 785, 786, 787, 788, 789, 790, 791, 792, 793]","[103, 111, 127, 153, 162, 201, 226, 292, 574, 581, 598, 624, 634, 690, 751]","[127, 145, 401, 598, 616, 850]","[10, 75, 103, 104, 106, 117, 118, 120, 127, 128, 129, 131, 133, 135, 136, 137, 139, 146, 147, 148, 149, 151, 158, 160, 162, 166, 173, 178, 179, 185, 190, 192, 198, 201, 203, 204, 206, 207, 212, 213, 214, 219, 223, 224, 225, 227, 230, 235, 237, 246, 247, 256, 259, 262, 263, 266, 268, 269, 271, 272, 278, 279, 284, 285, 288, 290, 292, 304, 306, 312, 316, 319, 320, 323, 324, 329, 332, 335, 495, 549, 574, 575, 577, 588, 589, 591, 598, 599, 600, 602, 604, 606, 607, 608, 610, 617, 618, 619, 620, 622, 625, 630, 632, 634, 638, 644, 649, 650, 656, 661, 663, 669, 673, 674, 676, 677, 682, 683, 684, 687, 688, 689, 691, 694, 699, 701, 710, 718, 722, 723, 727, 728, 730, 731, 737, 738, 743, 744, 747, 749, 751, 762, 764, 770, 774, 777, 778, 781, 782, 789, 791]","[1, 13, 14, 29, 54, 55, 56, 57, 58, 60, 102, 118, 125, 127, 130, 134, 146, 149, 153, 175, 182, 187, 189, 191, 197, 225, 230, 238, 264, 265, 266, 286, 302, 317, 336, 354, 379, 388, 389, 401, 425, 454, 458, 463, 472, 475, 487, 498, 499, 512, 530, 531, 532, 533, 534, 536, 573, 589, 596, 598, 601, 605, 617, 620, 624, 646, 653, 658, 660, 662, 668, 689, 694, 702, 724, 725, 745, 760, 775, 793, 809, 829, 838, 839, 850, 877, 901, 903, 905, 910, 919, 923]","[1, 13, 14, 29, 54, 55, 56, 57, 58, 60, 102, 118, 125, 127, 130, 134, 146, 149, 153, 175, 182, 187, 189, 191, 197, 225, 230, 238, 264, 265, 266, 286, 302, 317, 336, 379, 388, 389, 425, 454, 458, 463, 475, 487, 498, 499, 512, 530, 531, 532, 533, 534, 536, 573, 589, 596, 598, 601, 605, 617, 620, 624, 646, 653, 658, 660, 662, 668, 689, 694, 702, 724, 725, 745, 760, 775, 793, 829, 838, 839, 877, 901, 903, 905, 910, 923]",7/6 successful match,True,[509],True,312,False,,1.0,True,Bear Mountain Travel Stop ( Shell ),Shell
G Pumpkin Center ( S ) ( 93313 ) Bear Mountain Travel Stop ( Shell ),4 661-834-5733 CA 99 Exit 13 ( CA 223 W ),24 SLB- M FRS 24,Pumpkin Center,93313,Bear Mountain Travel Stop ( Shell ),661-834-5733,2016,Bakersfield,CA,Shell,( CA 223 W ),CA 99 Exit 13 ,Exit,13,False,,False,CA 99,,,,,"[598, 127]","[127, 290, 598, 749]","[103, 111, 127, 153, 162, 201, 226, 292, 574, 581, 598, 624, 634, 690, 751]","[127, 145, 401, 598, 616, 850]","[103, 104, 105, 106, 107, 108, 109, 110, 111, 112, 113, 114, 115, 116, 117, 118, 119, 120, 121, 122, 123, 124, 125, 126, 127, 128, 129, 130, 131, 132, 133, 134, 135, 136, 137, 138, 139, 140, 141, 142, 143, 144, 145, 146, 147, 148, 149, 150, 151, 152, 153, 154, 155, 156, 157, 158, 159, 160, 161, 162, 163, 164, 165, 166, 167, 168, 169, 170, 171, 172, 173, 174, 175, 176, 177, 178, 179, 180, 181, 182, 183, 184, 185, 186, 187, 188, 189, 190, 191, 192, 193, 194, 195, 196, 197, 198, 199, 200, 201, 202, 203, 204, 205, 206, 207, 208, 209, 210, 211, 212, 213, 214, 215, 216, 217, 218, 219, 220, 221, 222, 223, 224, 225, 226, 227, 228, 229, 230, 231, 232, 233, 234, 235, 236, 237, 238, 239, 240, 241, 242, 243, 244, 245, 246, 247, 248, 249, 250, 251, 252, 253, 254, 255, 256, 257, 258, 259, 260, 261, 262, 263, 264, 265, 266, 267, 268, 269, 270, 271, 272, 273, 274, 275, 276, 277, 278, 279, 280, 281, 282, 283, 284, 285, 286, 287, 288, 289, 290, 291, 292, 293, 294, 295, 296, 297, 298, 299, 300, 301, 302, 303, 304, 305, 306, 307, 308, 309, 310, 311, 312, 313, 314, 315, 316, 317, 318, 319, 320, 321, 322, 323, 324, 325, 326, 327, 328, 329, 330, 331, 332, 333, 334, 335, 336, 337, 574, 575, 576, 577, 578, 579, 580, 581, 582, 583, 584, 585, 586, 587, 588, 589, 590, 591, 592, 593, 594, 595, 596, 597, 598, 599, 600, 601, 602, 603, 604, 605, 606, 607, 608, 609, 610, 611, 612, 613, 614, 615, 616, 617, 618, 619, 620, 621, 622, 623, 624, 625, 626, 627, 628, 629, 630, 631, 632, 633, 634, 635, 636, 637, 638, 639, 640, 641, 642, 643, 644, 645, 646, 647, 648, 649, 650, 651, 652, 653, 654, 655, 656, 657, 658, 659, 660, 661, 662, 663, 664, 665, 666, 667, 668, 669, 670, 671, 672, 673, 674, 675, 676, 677, 678, 679, 680, 681, 682, 683, 684, 685, 686, 687, 688, 689, 690, 691, 692, 693, 694, 695, 696, 697, 698, 699, 700, 701, 702, 703, 704, 705, 706, 707, 708, 709, 710, 711, 712, 713, 714, 715, 716, 717, 718, 719, 720, 721, 722, 723, 724, 725, 726, 727, 728, 729, 730, 731, 732, 733, 734, 735, 736, 737, 738, 739, 740, 741, 742, 743, 744, 745, 746, 747, 748, 749, 750, 751, 752, 753, 754, 755, 756, 757, 758, 759, 760, 761, 762, 763, 764, 765, 766, 767, 768, 769, 770, 771, 772, 773, 774, 775, 776, 777, 778, 779, 780, 781, 782, 783, 784, 785, 786, 787, 788, 789, 790, 791, 792, 793]","[10, 75, 103, 104, 106, 117, 118, 120, 127, 128, 129, 131, 133, 135, 136, 137, 139, 146, 147, 148, 149, 151, 158, 160, 162, 166, 173, 178, 179, 185, 190, 192, 198, 201, 203, 204, 206, 207, 212, 213, 214, 219, 223, 224, 225, 227, 230, 235, 237, 246, 247, 256, 259, 262, 263, 266, 268, 269, 271, 272, 278, 279, 284, 285, 288, 290, 292, 304, 306, 312, 316, 319, 320, 323, 324, 329, 332, 335, 495, 549, 574, 575, 577, 588, 589, 591, 598, 599, 600, 602, 604, 606, 607, 608, 610, 617, 618, 619, 620, 622, 625, 630, 632, 634, 638, 644, 649, 650, 656, 661, 663, 669, 673, 674, 676, 677, 682, 683, 684, 687, 688, 689, 691, 694, 699, 701, 710, 718, 722, 723, 727, 728, 730, 731, 737, 738, 743, 744, 747, 749, 751, 762, 764, 770, 774, 777, 778, 781, 782, 789, 791]","[1, 13, 14, 29, 54, 55, 56, 57, 58, 60, 102, 118, 125, 127, 130, 134, 146, 149, 153, 175, 182, 187, 189, 191, 197, 225, 230, 238, 264, 265, 266, 286, 302, 317, 336, 379, 388, 389, 425, 454, 458, 463, 475, 487, 498, 499, 512, 530, 531, 532, 533, 534, 536, 573, 589, 596, 598, 601, 605, 617, 620, 624, 646, 653, 658, 660, 662, 668, 689, 694, 702, 724, 725, 745, 760, 775, 793, 829, 838, 839, 877, 901, 903, 905, 910, 923]","[1, 13, 14, 29, 54, 55, 56, 57, 58, 60, 102, 118, 125, 127, 130, 134, 146, 149, 153, 175, 182, 187, 189, 191, 197, 225, 230, 238, 264, 265, 266, 286, 302, 317, 336, 354, 379, 388, 389, 401, 425, 454, 458, 463, 472, 475, 487, 498, 499, 512, 530, 531, 532, 533, 534, 536, 573, 589, 596, 598, 601, 605, 617, 620, 624, 646, 653, 658, 660, 662, 668, 689, 694, 702, 724, 725, 745, 760, 775, 793, 809, 829, 838, 839, 850, 877, 901, 903, 905, 910, 919, 923]","[1, 10, 13, 14, 29, 54, 55, 56, 57, 58, 60, 75, 102, 103, 104, 105, 106, 107, 108, 109, 110, 111, 112, 113, 114, 115, 116, 117, 118, 119, 120, 121, 122, 123, 124, 125, 126, 127, 128, 129, 130, 131, 132, 133, 134, 135, 136, 137, 138, 139, 140, 141, 142, 143, 144, 145, 146, 147, 148, 149, 150, 151, 152, 153, 154, 155, 156, 157, 158, 159, 160, 161, 162, 163, 164, 165, 166, 167, 168, 169, 170, 171, 172, 173, 174, 175, 176, 177, 178, 179, 180, 181, 182, 183, 184, 185, 186, 187, 188, 189, 190, 191, 192, 193, 194, 195, 196, 197, 198, 199, 200, 201, 202, 203, 204, 205, 206, 207, 208, 209, 210, 211, 212, 213, 214, 215, 216, 217, 218, 219, 220, 221, 222, 223, 224, 225, 226, 227, 228, 229, 230, 231, 232, 233, 234, 235, 236, 237, 238, 239, 240, 241, 242, 243, 244, 245, 246, 247, 248, 249, 250, 251, 252, 253, 254, 255, 256, 257, 258, 259, 260, 261, 262, 263, 264, 265, 266, 267, 268, 269, 270, 271, 272, 273, 274, 275, 276, 277, 278, 279, 280, 281, 282, 283, 284, 285, 286, 287, 288, 289, 290, 291, 292, 293, 294, 295, 296, 297, 298, 299, 300, 301, 302, 303, 304, 305, 306, 307, 308, 309, 310, 311, 312, 313, 314, 315, 316, 317, 318, 319, 320, 321, 322, 323, 324, 325, 326, 327, 328, 329, 330, 331, 332, 333, 334, 335, 336, 337, 354, 379, 388, 389, 401, 425, 454, 458, 463, 472, 475, 487, 495, 498, 499, 512, 530, 531, 532, 533, 534, 536, 549, 573, 574, 575, 576, 577, 578, 579, 580, 581, 582, 583, 584, 585, 586, 587, 588, 589, 590, 591, 592, 593, 594, 595, 596, 597, 598, 599, 600, 601, 602, 603, 604, 605, 606, 607, 608, 609, 610, 611, 612, 613, 614, 615, 616, 617, 618, 619, 620, 621, 622, 623, 624, 625, 626, 627, 628, 629, 630, 631, 632, 633, 634, 635, 636, 637, 638, 639, 640, 641, 642, 643, 644, 645, 646, 647, 648, 649, 650, 651, 652, 653, 654, 655, 656, 657, 658, 659, 660, 661, 662, 663, 664, 665, 666, 667, 668, 669, 670, 671, 672, 673, 674, 675, 676, 677, 678, 679, 680, 681, 682, 683, 684, 685, 686, 687, 688, 689, 690, 691, 692, 693, 694, 695, 696, 697, 698, 699, 700, 701, 702, 703, 704, 705, 706, 707, 708, 709, 710, 711, 712, 713, 714, 715, 716, 717, 718, 719, 720, 721, 722, 723, 724, 725, 726, 727, 728, 729, 730, 731, 732, 733, 734, 735, 736, 737, 738, 739, 740, 741, 742, 743, 744, 745, 746, 747, 748, 749, 750, 751, 752, 753, 754, 755, 756, 757, 758, 759, 760, 761, 762, 763, 764, 765, 766, 767, 768, 769, 770, 771, 772, 773, 774, 775, 776, 777, 778, 779, 780, 781, 782, 783, 784, 785, 786, 787, 788, 789, 790, 791, 792, 793, 809, 829, 838, 839, 850, 877, 901, 903, 905, 910, 919, 923]",True,"[127, 290, 598, 749]","[103, 104, 105, 106, 107, 108, 109, 110, 111, 112, 113, 114, 115, 116, 117, 118, 119, 120, 121, 122, 123, 124, 125, 126, 127, 128, 129, 130, 131, 132, 133, 134, 135, 136, 137, 138, 139, 140, 141, 142, 143, 144, 145, 146, 147, 148, 149, 150, 151, 152, 153, 154, 155, 156, 157, 158, 159, 160, 161, 162, 163, 164, 165, 166, 167, 168, 169, 170, 171, 172, 173, 174, 175, 176, 177, 178, 179, 180, 181, 182, 183, 184, 185, 186, 187, 188, 189, 190, 191, 192, 193, 194, 195, 196, 197, 198, 199, 200, 201, 202, 203, 204, 205, 206, 207, 208, 209, 210, 211, 212, 213, 214, 215, 216, 217, 218, 219, 220, 221, 222, 223, 224, 225, 226, 227, 228, 229, 230, 231, 232, 233, 234, 235, 236, 237, 238, 239, 240, 241, 242, 243, 244, 245, 246, 247, 248, 249, 250, 251, 252, 253, 254, 255, 256, 257, 258, 259, 260, 261, 262, 263, 264, 265, 266, 267, 268, 269, 270, 271, 272, 273, 274, 275, 276, 277, 278, 279, 280, 281, 282, 283, 284, 285, 286, 287, 288, 289, 290, 291, 292, 293, 294, 295, 296, 297, 298, 299, 300, 301, 302, 303, 304, 305, 306, 307, 308, 309, 310, 311, 312, 313, 314, 315, 316, 317, 318, 319, 320, 321, 322, 323, 324, 325, 326, 327, 328, 329, 330, 331, 332, 333, 334, 335, 336, 337, 574, 575, 576, 577, 578, 579, 580, 581, 582, 583, 584, 585, 586, 587, 588, 589, 590, 591, 592, 593, 594, 595, 596, 597, 598, 599, 600, 601, 602, 603, 604, 605, 606, 607, 608, 609, 610, 611, 612, 613, 614, 615, 616, 617, 618, 619, 620, 621, 622, 623, 624, 625, 626, 627, 628, 629, 630, 631, 632, 633, 634, 635, 636, 637, 638, 639, 640, 641, 642, 643, 644, 645, 646, 647, 648, 649, 650, 651, 652, 653, 654, 655, 656, 657, 658, 659, 660, 661, 662, 663, 664, 665, 666, 667, 668, 669, 670, 671, 672, 673, 674, 675, 676, 677, 678, 679, 680, 681, 682, 683, 684, 685, 686, 687, 688, 689, 690, 691, 692, 693, 694, 695, 696, 697, 698, 699, 700, 701, 702, 703, 704, 705, 706, 707, 708, 709, 710, 711, 712, 713, 714, 715, 716, 717, 718, 719, 720, 721, 722, 723, 724, 725, 726, 727, 728, 729, 730, 731, 732, 733, 734, 735, 736, 737, 738, 739, 740, 741, 742, 743, 744, 745, 746, 747, 748, 749, 750, 751, 752, 753, 754, 755, 756, 757, 758, 759, 760, 761, 762, 763, 764, 765, 766, 767, 768, 769, 770, 771, 772, 773, 774, 775, 776, 777, 778, 779, 780, 781, 782, 783, 784, 785, 786, 787, 788, 789, 790, 791, 792, 793]","[103, 111, 127, 153, 162, 201, 226, 292, 574, 581, 598, 624, 634, 690, 751]","[127, 145, 401, 598, 616, 850]","[10, 75, 103, 104, 106, 117, 118, 120, 127, 128, 129, 131, 133, 135, 136, 137, 139, 146, 147, 148, 149, 151, 158, 160, 162, 166, 173, 178, 179, 185, 190, 192, 198, 201, 203, 204, 206, 207, 212, 213, 214, 219, 223, 224, 225, 227, 230, 235, 237, 246, 247, 256, 259, 262, 263, 266, 268, 269, 271, 272, 278, 279, 284, 285, 288, 290, 292, 304, 306, 312, 316, 319, 320, 323, 324, 329, 332, 335, 495, 549, 574, 575, 577, 588, 589, 591, 598, 599, 600, 602, 604, 606, 607, 608, 610, 617, 618, 619, 620, 622, 625, 630, 632, 634, 638, 644, 649, 650, 656, 661, 663, 669, 673, 674, 676, 677, 682, 683, 684, 687, 688, 689, 691, 694, 699, 701, 710, 718, 722, 723, 727, 728, 730, 731, 737, 738, 743, 744, 747, 749, 751, 762, 764, 770, 774, 777, 778, 781, 782, 789, 791]","[1, 13, 14, 29, 54, 55, 56, 57, 58, 60, 102, 118, 125, 127, 130, 134, 146, 149, 153, 175, 182, 187, 189, 191, 197, 225, 230, 238, 264, 265, 266, 286, 302, 317, 336, 354, 379, 388, 389, 401, 425, 454, 458, 463, 472, 475, 487, 498, 499, 512, 530, 531, 532, 533, 534, 536, 573, 589, 596, 598, 601, 605, 617, 620, 624, 646, 653, 658, 660, 662, 668, 689, 694, 702, 724, 725, 745, 760, 775, 793, 809, 829, 838, 839, 850, 877, 901, 903, 905, 910, 919, 923]","[1, 13, 14, 29, 54, 55, 56, 57, 58, 60, 102, 118, 125, 127, 130, 134, 146, 149, 153, 175, 182, 187, 189, 191, 197, 225, 230, 238, 264, 265, 266, 286, 302, 317, 336, 379, 388, 389, 425, 454, 458, 463, 475, 487, 498, 499, 512, 530, 531, 532, 533, 534, 536, 573, 589, 596, 598, 601, 605, 617, 620, 624, 646, 653, 658, 660, 662, 668, 689, 694, 702, 724, 725, 745, 760, 775, 793, 829, 838, 839, 877, 901, 903, 905, 910, 923]",7/6 successful match,True,[509],True,312,False,,1.0,True,Bear Mountain Travel Stop ( Shell ),Shell
"Mettler , 93381 Renegade Truck Stop ( Shell )",661-858-2703 CA 99 Exit 3 ( CA 166 ),-,Mettler,93381,Renegade Truck Stop ( Shell ),661-858-2703,2006,Bakersfield,CA,Shell,( CA 166 ),CA 99 Exit 3 ,Exit,3,False,,False,CA 99,,,,,"[290, 749]",[],"[103, 111, 127, 153, 162, 201, 226, 290, 292, 574, 581, 598, 624, 634, 690, 749, 751]","[41, 234, 267, 290, 522, 698, 726, 749]","[103, 104, 105, 106, 107, 108, 109, 110, 111, 112, 113, 114, 115, 116, 117, 118, 119, 120, 121, 122, 123, 124, 125, 126, 127, 128, 129, 130, 131, 132, 133, 134, 135, 136, 137, 138, 139, 140, 141, 142, 143, 144, 145, 146, 147, 148, 149, 150, 151, 152, 153, 154, 155, 156, 157, 158, 159, 160, 161, 162, 163, 164, 165, 166, 167, 168, 169, 170, 171, 172, 173, 174, 175, 176, 177, 178, 179, 180, 181, 182, 183, 184, 185, 186, 187, 188, 189, 190, 191, 192, 193, 194, 195, 196, 197, 198, 199, 200, 201, 202, 203, 204, 205, 206, 207, 208, 209, 210, 211, 212, 213, 214, 215, 216, 217, 218, 219, 220, 221, 222, 223, 224, 225, 226, 227, 228, 229, 230, 231, 232, 233, 234, 235, 236, 237, 238, 239, 240, 241, 242, 243, 244, 245, 246, 247, 248, 249, 250, 251, 252, 253, 254, 255, 256, 257, 258, 259, 260, 261, 262, 263, 264, 265, 266, 267, 268, 269, 270, 271, 272, 273, 274, 275, 276, 277, 278, 279, 280, 281, 282, 283, 284, 285, 286, 287, 288, 289, 290, 291, 292, 293, 294, 295, 296, 297, 298, 299, 300, 301, 302, 303, 304, 305, 306, 307, 308, 309, 310, 311, 312, 313, 314, 315, 316, 317, 318, 319, 320, 321, 322, 323, 324, 325, 326, 327, 328, 329, 330, 331, 332, 333, 334, 335, 336, 337, 574, 575, 576, 577, 578, 579, 580, 581, 582, 583, 584, 585, 586, 587, 588, 589, 590, 591, 592, 593, 594, 595, 596, 597, 598, 599, 600, 601, 602, 603, 604, 605, 606, 607, 608, 609, 610, 611, 612, 613, 614, 615, 616, 617, 618, 619, 620, 621, 622, 623, 624, 625, 626, 627, 628, 629, 630, 631, 632, 633, 634, 635, 636, 637, 638, 639, 640, 641, 642, 643, 644, 645, 646, 647, 648, 649, 650, 651, 652, 653, 654, 655, 656, 657, 658, 659, 660, 661, 662, 663, 664, 665, 666, 667, 668, 669, 670, 671, 672, 673, 674, 675, 676, 677, 678, 679, 680, 681, 682, 683, 684, 685, 686, 687, 688, 689, 690, 691, 692, 693, 694, 695, 696, 697, 698, 699, 700, 701, 702, 703, 704, 705, 706, 707, 708, 709, 710, 711, 712, 713, 714, 715, 716, 717, 718, 719, 720, 721, 722, 723, 724, 725, 726, 727, 728, 729, 730, 731, 732, 733, 734, 735, 736, 737, 738, 739, 740, 741, 742, 743, 744, 745, 746, 747, 748, 749, 750, 751, 752, 753, 754, 755, 756, 757, 758, 759, 760, 761, 762, 763, 764, 765, 766, 767, 768, 769, 770, 771, 772, 773, 774, 775, 776, 777, 778, 779, 780, 781, 782, 783, 784, 785, 786, 787, 788, 789, 790, 791, 792, 793]","[10, 75, 103, 104, 106, 117, 118, 120, 127, 128, 129, 131, 133, 135, 136, 137, 139, 146, 147, 148, 149, 151, 158, 160, 162, 166, 173, 178, 179, 185, 190, 192, 198, 201, 203, 204, 206, 207, 212, 213, 214, 219, 223, 224, 225, 227, 230, 235, 237, 246, 247, 256, 259, 262, 263, 266, 268, 269, 271, 272, 278, 279, 284, 285, 288, 290, 292, 304, 306, 312, 316, 319, 320, 323, 324, 329, 332, 335, 495, 549, 574, 575, 577, 588, 589, 591, 598, 599, 600, 602, 604, 606, 607, 608, 610, 617, 618, 619, 620, 622, 625, 630, 632, 634, 638, 644, 649, 650, 656, 661, 663, 669, 673, 674, 676, 677, 682, 683, 684, 687, 688, 689, 691, 694, 699, 701, 710, 718, 722, 723, 727, 728, 730, 731, 737, 738, 743, 744, 747, 749, 751, 762, 764, 770, 774, 777, 778, 781, 782, 789, 791]","[1, 13, 14, 29, 54, 55, 56, 57, 58, 60, 102, 118, 125, 127, 130, 134, 146, 149, 153, 175, 182, 187, 189, 191, 197, 225, 230, 238, 264, 265, 266, 286, 302, 317, 336, 379, 388, 389, 425, 454, 458, 463, 475, 487, 498, 499, 512, 530, 531, 532, 533, 534, 536, 573, 589, 596, 598, 601, 605, 617, 620, 624, 646, 653, 658, 660, 662, 668, 689, 694, 702, 724, 725, 745, 760, 775, 793, 829, 838, 839, 877, 901, 903, 905, 910, 923]","[1, 13, 14, 29, 54, 55, 56, 57, 58, 60, 102, 118, 125, 127, 130, 134, 146, 149, 153, 175, 182, 187, 189, 191, 197, 225, 230, 238, 264, 265, 266, 286, 302, 317, 336, 354, 379, 388, 389, 425, 454, 458, 463, 475, 487, 498, 499, 512, 530, 531, 532, 533, 534, 536, 573, 589, 596, 598, 601, 605, 617, 620, 624, 646, 653, 658, 660, 662, 668, 689, 694, 702, 724, 725, 745, 760, 775, 793, 809, 829, 838, 839, 877, 901, 903, 905, 910, 923]","[1, 10, 13, 14, 29, 41, 54, 55, 56, 57, 58, 60, 75, 102, 103, 104, 105, 106, 107, 108, 109, 110, 111, 112, 113, 114, 115, 116, 117, 118, 119, 120, 121, 122, 123, 124, 125, 126, 127, 128, 129, 130, 131, 132, 133, 134, 135, 136, 137, 138, 139, 140, 141, 142, 143, 144, 145, 146, 147, 148, 149, 150, 151, 152, 153, 154, 155, 156, 157, 158, 159, 160, 161, 162, 163, 164, 165, 166, 167, 168, 169, 170, 171, 172, 173, 174, 175, 176, 177, 178, 179, 180, 181, 182, 183, 184, 185, 186, 187, 188, 189, 190, 191, 192, 193, 194, 195, 196, 197, 198, 199, 200, 201, 202, 203, 204, 205, 206, 207, 208, 209, 210, 211, 212, 213, 214, 215, 216, 217, 218, 219, 220, 221, 222, 223, 224, 225, 226, 227, 228, 229, 230, 231, 232, 233, 234, 235, 236, 237, 238, 239, 240, 241, 242, 243, 244, 245, 246, 247, 248, 249, 250, 251, 252, 253, 254, 255, 256, 257, 258, 259, 260, 261, 262, 263, 264, 265, 266, 267, 268, 269, 270, 271, 272, 273, 274, 275, 276, 277, 278, 279, 280, 281, 282, 283, 284, 285, 286, 287, 288, 289, 290, 291, 292, 293, 294, 295, 296, 297, 298, 299, 300, 301, 302, 303, 304, 305, 306, 307, 308, 309, 310, 311, 312, 313, 314, 315, 316, 317, 318, 319, 320, 321, 322, 323, 324, 325, 326, 327, 328, 329, 330, 331, 332, 333, 334, 335, 336, 337, 354, 379, 388, 389, 425, 454, 458, 463, 475, 487, 495, 498, 499, 512, 522, 530, 531, 532, 533, 534, 536, 549, 573, 574, 575, 576, 577, 578, 579, 580, 581, 582, 583, 584, 585, 586, 587, 588, 589, 590, 591, 592, 593, 594, 595, 596, 597, 598, 599, 600, 601, 602, 603, 604, 605, 606, 607, 608, 609, 610, 611, 612, 613, 614, 615, 616, 617, 618, 619, 620, 621, 622, 623, 624, 625, 626, 627, 628, 629, 630, 631, 632, 633, 634, 635, 636, 637, 638, 639, 640, 641, 642, 643, 644, 645, 646, 647, 648, 649, 650, 651, 652, 653, 654, 655, 656, 657, 658, 659, 660, 661, 662, 663, 664, 665, 666, 667, 668, 669, 670, 671, 672, 673, 674, 675, 676, 677, 678, 679, 680, 681, 682, 683, 684, 685, 686, 687, 688, 689, 690, 691, 692, 693, 694, 695, 696, 697, 698, 699, 700, 701, 702, 703, 704, 705, 706, 707, 708, 709, 710, 711, 712, 713, 714, 715, 716, 717, 718, 719, 720, 721, 722, 723, 724, 725, 726, 727, 728, 729, 730, 731, 732, 733, 734, 735, 736, 737, 738, 739, 740, 741, 742, 743, 744, 745, 746, 747, 748, 749, 750, 751, 752, 753, 754, 755, 756, 757, 758, 759, 760, 761, 762, 763, 764, 765, 766, 767, 768, 769, 770, 771, 772, 773, 774, 775, 776, 777, 778, 779, 780, 781, 782, 783, 784, 785, 786, 787, 788, 789, 790, 791, 792, 793, 809, 829, 838, 839, 877, 901, 903, 905, 910, 923]",True,[],"[103, 104, 105, 106, 107, 108, 109, 110, 111, 112, 113, 114, 115, 116, 117, 118, 119, 120, 121, 122, 123, 124, 125, 126, 127, 128, 129, 130, 131, 132, 133, 134, 135, 136, 137, 138, 139, 140, 141, 142, 143, 144, 145, 146, 147, 148, 149, 150, 151, 152, 153, 154, 155, 156, 157, 158, 159, 160, 161, 162, 163, 164, 165, 166, 167, 168, 169, 170, 171, 172, 173, 174, 175, 176, 177, 178, 179, 180, 181, 182, 183, 184, 185, 186, 187, 188, 189, 190, 191, 192, 193, 194, 195, 196, 197, 198, 199, 200, 201, 202, 203, 204, 205, 206, 207, 208, 209, 210, 211, 212, 213, 214, 215, 216, 217, 218, 219, 220, 221, 222, 223, 224, 225, 226, 227, 228, 229, 230, 231, 232, 233, 234, 235, 236, 237, 238, 239, 240, 241, 242, 243, 244, 245, 246, 247, 248, 249, 250, 251, 252, 253, 254, 255, 256, 257, 258, 259, 260, 261, 262, 263, 264, 265, 266, 267, 268, 269, 270, 271, 272, 273, 274, 275, 276, 277, 278, 279, 280, 281, 282, 283, 284, 285, 286, 287, 288, 289, 290, 291, 292, 293, 294, 295, 296, 297, 298, 299, 300, 301, 302, 303, 304, 305, 306, 307, 308, 309, 310, 311, 312, 313, 314, 315, 316, 317, 318, 319, 320, 321, 322, 323, 324, 325, 326, 327, 328, 329, 330, 331, 332, 333, 334, 335, 336, 337, 574, 575, 576, 577, 578, 579, 580, 581, 582, 583, 584, 585, 586, 587, 588, 589, 590, 591, 592, 593, 594, 595, 596, 597, 598, 599, 600, 601, 602, 603, 604, 605, 606, 607, 608, 609, 610, 611, 612, 613, 614, 615, 616, 617, 618, 619, 620, 621, 622, 623, 624, 625, 626, 627, 628, 629, 630, 631, 632, 633, 634, 635, 636, 637, 638, 639, 640, 641, 642, 643, 644, 645, 646, 647, 648, 649, 650, 651, 652, 653, 654, 655, 656, 657, 658, 659, 660, 661, 662, 663, 664, 665, 666, 667, 668, 669, 670, 671, 672, 673, 674, 675, 676, 677, 678, 679, 680, 681, 682, 683, 684, 685, 686, 687, 688, 689, 690, 691, 692, 693, 694, 695, 696, 697, 698, 699, 700, 701, 702, 703, 704, 705, 706, 707, 708, 709, 710, 711, 712, 713, 714, 715, 716, 717, 718, 719, 720, 721, 722, 723, 724, 725, 726, 727, 728, 729, 730, 731, 732, 733, 734, 735, 736, 737, 738, 739, 740, 741, 742, 743, 744, 745, 746, 747, 748, 749, 750, 751, 752, 753, 754, 755, 756, 757, 758, 759, 760, 761, 762, 763, 764, 765, 766, 767, 768, 769, 770, 771, 772, 773, 774, 775, 776, 777, 778, 779, 780, 781, 782, 783, 784, 785, 786, 787, 788, 789, 790, 791, 792, 793]","[103, 111, 127, 153, 162, 201, 226, 290, 292, 574, 581, 598, 624, 634, 690, 749, 751]","[41, 234, 267, 290, 522, 698, 726, 749]","[10, 75, 103, 104, 106, 117, 118, 120, 127, 128, 129, 131, 133, 135, 136, 137, 139, 146, 147, 148, 149, 151, 158, 160, 162, 166, 173, 178, 179, 185, 190, 192, 198, 201, 203, 204, 206, 207, 212, 213, 214, 219, 223, 224, 225, 227, 230, 235, 237, 246, 247, 256, 259, 262, 263, 266, 268, 269, 271, 272, 278, 279, 284, 285, 288, 290, 292, 304, 306, 312, 316, 319, 320, 323, 324, 329, 332, 335, 495, 549, 574, 575, 577, 588, 589, 591, 598, 599, 600, 602, 604, 606, 607, 608, 610, 617, 618, 619, 620, 622, 625, 630, 632, 634, 638, 644, 649, 650, 656, 661, 663, 669, 673, 674, 676, 677, 682, 683, 684, 687, 688, 689, 691, 694, 699, 701, 710, 718, 722, 723, 727, 728, 730, 731, 737, 738, 743, 744, 747, 749, 751, 762, 764, 770, 774, 777, 778, 781, 782, 789, 791]","[1, 13, 14, 29, 54, 55, 56, 57, 58, 60, 102, 118, 125, 127, 130, 134, 146, 149, 153, 175, 182, 187, 189, 191, 197, 225, 230, 238, 264, 265, 266, 286, 302, 317, 336, 354, 379, 388, 389, 425, 454, 458, 463, 475, 487, 498, 499, 512, 530, 531, 532, 533, 534, 536, 573, 589, 596, 598, 601, 605, 617, 620, 624, 646, 653, 658, 660, 662, 668, 689, 694, 702, 724, 725, 745, 760, 775, 793, 809, 829, 838, 839, 877, 901, 903, 905, 910, 923]","[1, 13, 14, 29, 54, 55, 56, 57, 58, 60, 102, 118, 125, 127, 130, 134, 146, 149, 153, 175, 182, 187, 189, 191, 197, 225, 230, 238, 264, 265, 266, 286, 302, 317, 336, 379, 388, 389, 425, 454, 458, 463, 475, 487, 498, 499, 512, 530, 531, 532, 533, 534, 536, 573, 589, 596, 598, 601, 605, 617, 620, 624, 646, 653, 658, 660, 662, 668, 689, 694, 702, 724, 725, 745, 760, 775, 793, 829, 838, 839, 877, 901, 903, 905, 910, 923]",7/6 successful match,True,"[422, 423]",True,313,False,,,,,
"Mettler , 93381 Renegade Truck Stop ( Shell )",4 661-858-2703 CA 99 Exit 3 ( CA 166 ),RS S,Mettler,93381,Renegade Truck Stop ( Shell ),661-858-2703,2007,Bakersfield,CA,Shell,( CA 166 ),CA 99 Exit 3 ,Exit,3,False,,False,CA 99,,,,,"[290, 749]",[],"[103, 111, 127, 153, 162, 201, 226, 290, 292, 574, 581, 598, 624, 634, 690, 749, 751]","[41, 234, 267, 290, 522, 698, 726, 749]","[103, 104, 105, 106, 107, 108, 109, 110, 111, 112, 113, 114, 115, 116, 117, 118, 119, 120, 121, 122, 123, 124, 125, 126, 127, 128, 129, 130, 131, 132, 133, 134, 135, 136, 137, 138, 139, 140, 141, 142, 143, 144, 145, 146, 147, 148, 149, 150, 151, 152, 153, 154, 155, 156, 157, 158, 159, 160, 161, 162, 163, 164, 165, 166, 167, 168, 169, 170, 171, 172, 173, 174, 175, 176, 177, 178, 179, 180, 181, 182, 183, 184, 185, 186, 187, 188, 189, 190, 191, 192, 193, 194, 195, 196, 197, 198, 199, 200, 201, 202, 203, 204, 205, 206, 207, 208, 209, 210, 211, 212, 213, 214, 215, 216, 217, 218, 219, 220, 221, 222, 223, 224, 225, 226, 227, 228, 229, 230, 231, 232, 233, 234, 235, 236, 237, 238, 239, 240, 241, 242, 243, 244, 245, 246, 247, 248, 249, 250, 251, 252, 253, 254, 255, 256, 257, 258, 259, 260, 261, 262, 263, 264, 265, 266, 267, 268, 269, 270, 271, 272, 273, 274, 275, 276, 277, 278, 279, 280, 281, 282, 283, 284, 285, 286, 287, 288, 289, 290, 291, 292, 293, 294, 295, 296, 297, 298, 299, 300, 301, 302, 303, 304, 305, 306, 307, 308, 309, 310, 311, 312, 313, 314, 315, 316, 317, 318, 319, 320, 321, 322, 323, 324, 325, 326, 327, 328, 329, 330, 331, 332, 333, 334, 335, 336, 337, 574, 575, 576, 577, 578, 579, 580, 581, 582, 583, 584, 585, 586, 587, 588, 589, 590, 591, 592, 593, 594, 595, 596, 597, 598, 599, 600, 601, 602, 603, 604, 605, 606, 607, 608, 609, 610, 611, 612, 613, 614, 615, 616, 617, 618, 619, 620, 621, 622, 623, 624, 625, 626, 627, 628, 629, 630, 631, 632, 633, 634, 635, 636, 637, 638, 639, 640, 641, 642, 643, 644, 645, 646, 647, 648, 649, 650, 651, 652, 653, 654, 655, 656, 657, 658, 659, 660, 661, 662, 663, 664, 665, 666, 667, 668, 669, 670, 671, 672, 673, 674, 675, 676, 677, 678, 679, 680, 681, 682, 683, 684, 685, 686, 687, 688, 689, 690, 691, 692, 693, 694, 695, 696, 697, 698, 699, 700, 701, 702, 703, 704, 705, 706, 707, 708, 709, 710, 711, 712, 713, 714, 715, 716, 717, 718, 719, 720, 721, 722, 723, 724, 725, 726, 727, 728, 729, 730, 731, 732, 733, 734, 735, 736, 737, 738, 739, 740, 741, 742, 743, 744, 745, 746, 747, 748, 749, 750, 751, 752, 753, 754, 755, 756, 757, 758, 759, 760, 761, 762, 763, 764, 765, 766, 767, 768, 769, 770, 771, 772, 773, 774, 775, 776, 777, 778, 779, 780, 781, 782, 783, 784, 785, 786, 787, 788, 789, 790, 791, 792, 793]","[10, 75, 103, 104, 106, 117, 118, 120, 127, 128, 129, 131, 133, 135, 136, 137, 139, 146, 147, 148, 149, 151, 158, 160, 162, 166, 173, 178, 179, 185, 190, 192, 198, 201, 203, 204, 206, 207, 212, 213, 214, 219, 223, 224, 225, 227, 230, 235, 237, 246, 247, 256, 259, 262, 263, 266, 268, 269, 271, 272, 278, 279, 284, 285, 288, 290, 292, 304, 306, 312, 316, 319, 320, 323, 324, 329, 332, 335, 495, 549, 574, 575, 577, 588, 589, 591, 598, 599, 600, 602, 604, 606, 607, 608, 610, 617, 618, 619, 620, 622, 625, 630, 632, 634, 638, 644, 649, 650, 656, 661, 663, 669, 673, 674, 676, 677, 682, 683, 684, 687, 688, 689, 691, 694, 699, 701, 710, 718, 722, 723, 727, 728, 730, 731, 737, 738, 743, 744, 747, 749, 751, 762, 764, 770, 774, 777, 778, 781, 782, 789, 791]","[1, 13, 14, 29, 54, 55, 56, 57, 58, 60, 102, 118, 125, 127, 130, 134, 146, 149, 153, 175, 182, 187, 189, 191, 197, 225, 230, 238, 264, 265, 266, 286, 302, 317, 336, 379, 388, 389, 425, 454, 458, 463, 475, 487, 498, 499, 512, 530, 531, 532, 533, 534, 536, 573, 589, 596, 598, 601, 605, 617, 620, 624, 646, 653, 658, 660, 662, 668, 689, 694, 702, 724, 725, 745, 760, 775, 793, 829, 838, 839, 877, 901, 903, 905, 910, 923]","[1, 13, 14, 29, 54, 55, 56, 57, 58, 60, 102, 118, 125, 127, 130, 134, 146, 149, 153, 175, 182, 187, 189, 191, 197, 225, 230, 238, 264, 265, 266, 286, 302, 317, 336, 354, 379, 388, 389, 425, 454, 458, 463, 475, 487, 498, 499, 512, 530, 531, 532, 533, 534, 536, 573, 589, 596, 598, 601, 605, 617, 620, 624, 646, 653, 658, 660, 662, 668, 689, 694, 702, 724, 725, 745, 760, 775, 793, 809, 829, 838, 839, 877, 901, 903, 905, 910, 923]","[1, 10, 13, 14, 29, 41, 54, 55, 56, 57, 58, 60, 75, 102, 103, 104, 105, 106, 107, 108, 109, 110, 111, 112, 113, 114, 115, 116, 117, 118, 119, 120, 121, 122, 123, 124, 125, 126, 127, 128, 129, 130, 131, 132, 133, 134, 135, 136, 137, 138, 139, 140, 141, 142, 143, 144, 145, 146, 147, 148, 149, 150, 151, 152, 153, 154, 155, 156, 157, 158, 159, 160, 161, 162, 163, 164, 165, 166, 167, 168, 169, 170, 171, 172, 173, 174, 175, 176, 177, 178, 179, 180, 181, 182, 183, 184, 185, 186, 187, 188, 189, 190, 191, 192, 193, 194, 195, 196, 197, 198, 199, 200, 201, 202, 203, 204, 205, 206, 207, 208, 209, 210, 211, 212, 213, 214, 215, 216, 217, 218, 219, 220, 221, 222, 223, 224, 225, 226, 227, 228, 229, 230, 231, 232, 233, 234, 235, 236, 237, 238, 239, 240, 241, 242, 243, 244, 245, 246, 247, 248, 249, 250, 251, 252, 253, 254, 255, 256, 257, 258, 259, 260, 261, 262, 263, 264, 265, 266, 267, 268, 269, 270, 271, 272, 273, 274, 275, 276, 277, 278, 279, 280, 281, 282, 283, 284, 285, 286, 287, 288, 289, 290, 291, 292, 293, 294, 295, 296, 297, 298, 299, 300, 301, 302, 303, 304, 305, 306, 307, 308, 309, 310, 311, 312, 313, 314, 315, 316, 317, 318, 319, 320, 321, 322, 323, 324, 325, 326, 327, 328, 329, 330, 331, 332, 333, 334, 335, 336, 337, 354, 379, 388, 389, 425, 454, 458, 463, 475, 487, 495, 498, 499, 512, 522, 530, 531, 532, 533, 534, 536, 549, 573, 574, 575, 576, 577, 578, 579, 580, 581, 582, 583, 584, 585, 586, 587, 588, 589, 590, 591, 592, 593, 594, 595, 596, 597, 598, 599, 600, 601, 602, 603, 604, 605, 606, 607, 608, 609, 610, 611, 612, 613, 614, 615, 616, 617, 618, 619, 620, 621, 622, 623, 624, 625, 626, 627, 628, 629, 630, 631, 632, 633, 634, 635, 636, 637, 638, 639, 640, 641, 642, 643, 644, 645, 646, 647, 648, 649, 650, 651, 652, 653, 654, 655, 656, 657, 658, 659, 660, 661, 662, 663, 664, 665, 666, 667, 668, 669, 670, 671, 672, 673, 674, 675, 676, 677, 678, 679, 680, 681, 682, 683, 684, 685, 686, 687, 688, 689, 690, 691, 692, 693, 694, 695, 696, 697, 698, 699, 700, 701, 702, 703, 704, 705, 706, 707, 708, 709, 710, 711, 712, 713, 714, 715, 716, 717, 718, 719, 720, 721, 722, 723, 724, 725, 726, 727, 728, 729, 730, 731, 732, 733, 734, 735, 736, 737, 738, 739, 740, 741, 742, 743, 744, 745, 746, 747, 748, 749, 750, 751, 752, 753, 754, 755, 756, 757, 758, 759, 760, 761, 762, 763, 764, 765, 766, 767, 768, 769, 770, 771, 772, 773, 774, 775, 776, 777, 778, 779, 780, 781, 782, 783, 784, 785, 786, 787, 788, 789, 790, 791, 792, 793, 809, 829, 838, 839, 877, 901, 903, 905, 910, 923]",True,[],"[103, 104, 105, 106, 107, 108, 109, 110, 111, 112, 113, 114, 115, 116, 117, 118, 119, 120, 121, 122, 123, 124, 125, 126, 127, 128, 129, 130, 131, 132, 133, 134, 135, 136, 137, 138, 139, 140, 141, 142, 143, 144, 145, 146, 147, 148, 149, 150, 151, 152, 153, 154, 155, 156, 157, 158, 159, 160, 161, 162, 163, 164, 165, 166, 167, 168, 169, 170, 171, 172, 173, 174, 175, 176, 177, 178, 179, 180, 181, 182, 183, 184, 185, 186, 187, 188, 189, 190, 191, 192, 193, 194, 195, 196, 197, 198, 199, 200, 201, 202, 203, 204, 205, 206, 207, 208, 209, 210, 211, 212, 213, 214, 215, 216, 217, 218, 219, 220, 221, 222, 223, 224, 225, 226, 227, 228, 229, 230, 231, 232, 233, 234, 235, 236, 237, 238, 239, 240, 241, 242, 243, 244, 245, 246, 247, 248, 249, 250, 251, 252, 253, 254, 255, 256, 257, 258, 259, 260, 261, 262, 263, 264, 265, 266, 267, 268, 269, 270, 271, 272, 273, 274, 275, 276, 277, 278, 279, 280, 281, 282, 283, 284, 285, 286, 287, 288, 289, 290, 291, 292, 293, 294, 295, 296, 297, 298, 299, 300, 301, 302, 303, 304, 305, 306, 307, 308, 309, 310, 311, 312, 313, 314, 315, 316, 317, 318, 319, 320, 321, 322, 323, 324, 325, 326, 327, 328, 329, 330, 331, 332, 333, 334, 335, 336, 337, 574, 575, 576, 577, 578, 579, 580, 581, 582, 583, 584, 585, 586, 587, 588, 589, 590, 591, 592, 593, 594, 595, 596, 597, 598, 599, 600, 601, 602, 603, 604, 605, 606, 607, 608, 609, 610, 611, 612, 613, 614, 615, 616, 617, 618, 619, 620, 621, 622, 623, 624, 625, 626, 627, 628, 629, 630, 631, 632, 633, 634, 635, 636, 637, 638, 639, 640, 641, 642, 643, 644, 645, 646, 647, 648, 649, 650, 651, 652, 653, 654, 655, 656, 657, 658, 659, 660, 661, 662, 663, 664, 665, 666, 667, 668, 669, 670, 671, 672, 673, 674, 675, 676, 677, 678, 679, 680, 681, 682, 683, 684, 685, 686, 687, 688, 689, 690, 691, 692, 693, 694, 695, 696, 697, 698, 699, 700, 701, 702, 703, 704, 705, 706, 707, 708, 709, 710, 711, 712, 713, 714, 715, 716, 717, 718, 719, 720, 721, 722, 723, 724, 725, 726, 727, 728, 729, 730, 731, 732, 733, 734, 735, 736, 737, 738, 739, 740, 741, 742, 743, 744, 745, 746, 747, 748, 749, 750, 751, 752, 753, 754, 755, 756, 757, 758, 759, 760, 761, 762, 763, 764, 765, 766, 767, 768, 769, 770, 771, 772, 773, 774, 775, 776, 777, 778, 779, 780, 781, 782, 783, 784, 785, 786, 787, 788, 789, 790, 791, 792, 793]","[103, 111, 127, 153, 162, 201, 226, 290, 292, 574, 581, 598, 624, 634, 690, 749, 751]","[41, 234, 267, 290, 522, 698, 726, 749]","[10, 75, 103, 104, 106, 117, 118, 120, 127, 128, 129, 131, 133, 135, 136, 137, 139, 146, 147, 148, 149, 151, 158, 160, 162, 166, 173, 178, 179, 185, 190, 192, 198, 201, 203, 204, 206, 207, 212, 213, 214, 219, 223, 224, 225, 227, 230, 235, 237, 246, 247, 256, 259, 262, 263, 266, 268, 269, 271, 272, 278, 279, 284, 285, 288, 290, 292, 304, 306, 312, 316, 319, 320, 323, 324, 329, 332, 335, 495, 549, 574, 575, 577, 588, 589, 591, 598, 599, 600, 602, 604, 606, 607, 608, 610, 617, 618, 619, 620, 622, 625, 630, 632, 634, 638, 644, 649, 650, 656, 661, 663, 669, 673, 674, 676, 677, 682, 683, 684, 687, 688, 689, 691, 694, 699, 701, 710, 718, 722, 723, 727, 728, 730, 731, 737, 738, 743, 744, 747, 749, 751, 762, 764, 770, 774, 777, 778, 781, 782, 789, 791]","[1, 13, 14, 29, 54, 55, 56, 57, 58, 60, 102, 118, 125, 127, 130, 134, 146, 149, 153, 175, 182, 187, 189, 191, 197, 225, 230, 238, 264, 265, 266, 286, 302, 317, 336, 354, 379, 388, 389, 425, 454, 458, 463, 475, 487, 498, 499, 512, 530, 531, 532, 533, 534, 536, 573, 589, 596, 598, 601, 605, 617, 620, 624, 646, 653, 658, 660, 662, 668, 689, 694, 702, 724, 725, 745, 760, 775, 793, 809, 829, 838, 839, 877, 901, 903, 905, 910, 923]","[1, 13, 14, 29, 54, 55, 56, 57, 58, 60, 102, 118, 125, 127, 130, 134, 146, 149, 153, 175, 182, 187, 189, 191, 197, 225, 230, 238, 264, 265, 266, 286, 302, 317, 336, 379, 388, 389, 425, 454, 458, 463, 475, 487, 498, 499, 512, 530, 531, 532, 533, 534, 536, 573, 589, 596, 598, 601, 605, 617, 620, 624, 646, 653, 658, 660, 662, 668, 689, 694, 702, 724, 725, 745, 760, 775, 793, 829, 838, 839, 877, 901, 903, 905, 910, 923]",7/6 successful match,True,"[422, 423]",True,313,False,,1.0,True,Renegade Truck Stop ( Shell ),Shell
"Mettler , 93381 Renegade Truck Stop ( Shell )",4 661-858-2703 CA 99 Exit 3 ( CA 166 ),24 S <U+2610>,Mettler,93381,Renegade Truck Stop ( Shell ),661-858-2703,2008,Bakersfield,CA,Shell,( CA 166 ),CA 99 Exit 3 ,Exit,3,False,,False,CA 99,,,,,"[290, 749]",[],"[103, 111, 127, 153, 162, 201, 226, 290, 292, 574, 581, 598, 624, 634, 690, 749, 751]","[41, 234, 267, 290, 522, 698, 726, 749]","[103, 104, 105, 106, 107, 108, 109, 110, 111, 112, 113, 114, 115, 116, 117, 118, 119, 120, 121, 122, 123, 124, 125, 126, 127, 128, 129, 130, 131, 132, 133, 134, 135, 136, 137, 138, 139, 140, 141, 142, 143, 144, 145, 146, 147, 148, 149, 150, 151, 152, 153, 154, 155, 156, 157, 158, 159, 160, 161, 162, 163, 164, 165, 166, 167, 168, 169, 170, 171, 172, 173, 174, 175, 176, 177, 178, 179, 180, 181, 182, 183, 184, 185, 186, 187, 188, 189, 190, 191, 192, 193, 194, 195, 196, 197, 198, 199, 200, 201, 202, 203, 204, 205, 206, 207, 208, 209, 210, 211, 212, 213, 214, 215, 216, 217, 218, 219, 220, 221, 222, 223, 224, 225, 226, 227, 228, 229, 230, 231, 232, 233, 234, 235, 236, 237, 238, 239, 240, 241, 242, 243, 244, 245, 246, 247, 248, 249, 250, 251, 252, 253, 254, 255, 256, 257, 258, 259, 260, 261, 262, 263, 264, 265, 266, 267, 268, 269, 270, 271, 272, 273, 274, 275, 276, 277, 278, 279, 280, 281, 282, 283, 284, 285, 286, 287, 288, 289, 290, 291, 292, 293, 294, 295, 296, 297, 298, 299, 300, 301, 302, 303, 304, 305, 306, 307, 308, 309, 310, 311, 312, 313, 314, 315, 316, 317, 318, 319, 320, 321, 322, 323, 324, 325, 326, 327, 328, 329, 330, 331, 332, 333, 334, 335, 336, 337, 574, 575, 576, 577, 578, 579, 580, 581, 582, 583, 584, 585, 586, 587, 588, 589, 590, 591, 592, 593, 594, 595, 596, 597, 598, 599, 600, 601, 602, 603, 604, 605, 606, 607, 608, 609, 610, 611, 612, 613, 614, 615, 616, 617, 618, 619, 620, 621, 622, 623, 624, 625, 626, 627, 628, 629, 630, 631, 632, 633, 634, 635, 636, 637, 638, 639, 640, 641, 642, 643, 644, 645, 646, 647, 648, 649, 650, 651, 652, 653, 654, 655, 656, 657, 658, 659, 660, 661, 662, 663, 664, 665, 666, 667, 668, 669, 670, 671, 672, 673, 674, 675, 676, 677, 678, 679, 680, 681, 682, 683, 684, 685, 686, 687, 688, 689, 690, 691, 692, 693, 694, 695, 696, 697, 698, 699, 700, 701, 702, 703, 704, 705, 706, 707, 708, 709, 710, 711, 712, 713, 714, 715, 716, 717, 718, 719, 720, 721, 722, 723, 724, 725, 726, 727, 728, 729, 730, 731, 732, 733, 734, 735, 736, 737, 738, 739, 740, 741, 742, 743, 744, 745, 746, 747, 748, 749, 750, 751, 752, 753, 754, 755, 756, 757, 758, 759, 760, 761, 762, 763, 764, 765, 766, 767, 768, 769, 770, 771, 772, 773, 774, 775, 776, 777, 778, 779, 780, 781, 782, 783, 784, 785, 786, 787, 788, 789, 790, 791, 792, 793]","[10, 75, 103, 104, 106, 117, 118, 120, 127, 128, 129, 131, 133, 135, 136, 137, 139, 146, 147, 148, 149, 151, 158, 160, 162, 166, 173, 178, 179, 185, 190, 192, 198, 201, 203, 204, 206, 207, 212, 213, 214, 219, 223, 224, 225, 227, 230, 235, 237, 246, 247, 256, 259, 262, 263, 266, 268, 269, 271, 272, 278, 279, 284, 285, 288, 290, 292, 304, 306, 312, 316, 319, 320, 323, 324, 329, 332, 335, 495, 549, 574, 575, 577, 588, 589, 591, 598, 599, 600, 602, 604, 606, 607, 608, 610, 617, 618, 619, 620, 622, 625, 630, 632, 634, 638, 644, 649, 650, 656, 661, 663, 669, 673, 674, 676, 677, 682, 683, 684, 687, 688, 689, 691, 694, 699, 701, 710, 718, 722, 723, 727, 728, 730, 731, 737, 738, 743, 744, 747, 749, 751, 762, 764, 770, 774, 777, 778, 781, 782, 789, 791]","[1, 13, 14, 29, 54, 55, 56, 57, 58, 60, 102, 118, 125, 127, 130, 134, 146, 149, 153, 175, 182, 187, 189, 191, 197, 225, 230, 238, 264, 265, 266, 286, 302, 317, 336, 379, 388, 389, 425, 454, 458, 463, 475, 487, 498, 499, 512, 530, 531, 532, 533, 534, 536, 573, 589, 596, 598, 601, 605, 617, 620, 624, 646, 653, 658, 660, 662, 668, 689, 694, 702, 724, 725, 745, 760, 775, 793, 829, 838, 839, 877, 901, 903, 905, 910, 923]","[1, 13, 14, 29, 54, 55, 56, 57, 58, 60, 102, 118, 125, 127, 130, 134, 146, 149, 153, 175, 182, 187, 189, 191, 197, 225, 230, 238, 264, 265, 266, 286, 302, 317, 336, 354, 379, 388, 389, 425, 454, 458, 463, 475, 487, 498, 499, 512, 530, 531, 532, 533, 534, 536, 573, 589, 596, 598, 601, 605, 617, 620, 624, 646, 653, 658, 660, 662, 668, 689, 694, 702, 724, 725, 745, 760, 775, 793, 809, 829, 838, 839, 877, 901, 903, 905, 910, 923]","[1, 10, 13, 14, 29, 41, 54, 55, 56, 57, 58, 60, 75, 102, 103, 104, 105, 106, 107, 108, 109, 110, 111, 112, 113, 114, 115, 116, 117, 118, 119, 120, 121, 122, 123, 124, 125, 126, 127, 128, 129, 130, 131, 132, 133, 134, 135, 136, 137, 138, 139, 140, 141, 142, 143, 144, 145, 146, 147, 148, 149, 150, 151, 152, 153, 154, 155, 156, 157, 158, 159, 160, 161, 162, 163, 164, 165, 166, 167, 168, 169, 170, 171, 172, 173, 174, 175, 176, 177, 178, 179, 180, 181, 182, 183, 184, 185, 186, 187, 188, 189, 190, 191, 192, 193, 194, 195, 196, 197, 198, 199, 200, 201, 202, 203, 204, 205, 206, 207, 208, 209, 210, 211, 212, 213, 214, 215, 216, 217, 218, 219, 220, 221, 222, 223, 224, 225, 226, 227, 228, 229, 230, 231, 232, 233, 234, 235, 236, 237, 238, 239, 240, 241, 242, 243, 244, 245, 246, 247, 248, 249, 250, 251, 252, 253, 254, 255, 256, 257, 258, 259, 260, 261, 262, 263, 264, 265, 266, 267, 268, 269, 270, 271, 272, 273, 274, 275, 276, 277, 278, 279, 280, 281, 282, 283, 284, 285, 286, 287, 288, 289, 290, 291, 292, 293, 294, 295, 296, 297, 298, 299, 300, 301, 302, 303, 304, 305, 306, 307, 308, 309, 310, 311, 312, 313, 314, 315, 316, 317, 318, 319, 320, 321, 322, 323, 324, 325, 326, 327, 328, 329, 330, 331, 332, 333, 334, 335, 336, 337, 354, 379, 388, 389, 425, 454, 458, 463, 475, 487, 495, 498, 499, 512, 522, 530, 531, 532, 533, 534, 536, 549, 573, 574, 575, 576, 577, 578, 579, 580, 581, 582, 583, 584, 585, 586, 587, 588, 589, 590, 591, 592, 593, 594, 595, 596, 597, 598, 599, 600, 601, 602, 603, 604, 605, 606, 607, 608, 609, 610, 611, 612, 613, 614, 615, 616, 617, 618, 619, 620, 621, 622, 623, 624, 625, 626, 627, 628, 629, 630, 631, 632, 633, 634, 635, 636, 637, 638, 639, 640, 641, 642, 643, 644, 645, 646, 647, 648, 649, 650, 651, 652, 653, 654, 655, 656, 657, 658, 659, 660, 661, 662, 663, 664, 665, 666, 667, 668, 669, 670, 671, 672, 673, 674, 675, 676, 677, 678, 679, 680, 681, 682, 683, 684, 685, 686, 687, 688, 689, 690, 691, 692, 693, 694, 695, 696, 697, 698, 699, 700, 701, 702, 703, 704, 705, 706, 707, 708, 709, 710, 711, 712, 713, 714, 715, 716, 717, 718, 719, 720, 721, 722, 723, 724, 725, 726, 727, 728, 729, 730, 731, 732, 733, 734, 735, 736, 737, 738, 739, 740, 741, 742, 743, 744, 745, 746, 747, 748, 749, 750, 751, 752, 753, 754, 755, 756, 757, 758, 759, 760, 761, 762, 763, 764, 765, 766, 767, 768, 769, 770, 771, 772, 773, 774, 775, 776, 777, 778, 779, 780, 781, 782, 783, 784, 785, 786, 787, 788, 789, 790, 791, 792, 793, 809, 829, 838, 839, 877, 901, 903, 905, 910, 923]",True,[],"[103, 104, 105, 106, 107, 108, 109, 110, 111, 112, 113, 114, 115, 116, 117, 118, 119, 120, 121, 122, 123, 124, 125, 126, 127, 128, 129, 130, 131, 132, 133, 134, 135, 136, 137, 138, 139, 140, 141, 142, 143, 144, 145, 146, 147, 148, 149, 150, 151, 152, 153, 154, 155, 156, 157, 158, 159, 160, 161, 162, 163, 164, 165, 166, 167, 168, 169, 170, 171, 172, 173, 174, 175, 176, 177, 178, 179, 180, 181, 182, 183, 184, 185, 186, 187, 188, 189, 190, 191, 192, 193, 194, 195, 196, 197, 198, 199, 200, 201, 202, 203, 204, 205, 206, 207, 208, 209, 210, 211, 212, 213, 214, 215, 216, 217, 218, 219, 220, 221, 222, 223, 224, 225, 226, 227, 228, 229, 230, 231, 232, 233, 234, 235, 236, 237, 238, 239, 240, 241, 242, 243, 244, 245, 246, 247, 248, 249, 250, 251, 252, 253, 254, 255, 256, 257, 258, 259, 260, 261, 262, 263, 264, 265, 266, 267, 268, 269, 270, 271, 272, 273, 274, 275, 276, 277, 278, 279, 280, 281, 282, 283, 284, 285, 286, 287, 288, 289, 290, 291, 292, 293, 294, 295, 296, 297, 298, 299, 300, 301, 302, 303, 304, 305, 306, 307, 308, 309, 310, 311, 312, 313, 314, 315, 316, 317, 318, 319, 320, 321, 322, 323, 324, 325, 326, 327, 328, 329, 330, 331, 332, 333, 334, 335, 336, 337, 574, 575, 576, 577, 578, 579, 580, 581, 582, 583, 584, 585, 586, 587, 588, 589, 590, 591, 592, 593, 594, 595, 596, 597, 598, 599, 600, 601, 602, 603, 604, 605, 606, 607, 608, 609, 610, 611, 612, 613, 614, 615, 616, 617, 618, 619, 620, 621, 622, 623, 624, 625, 626, 627, 628, 629, 630, 631, 632, 633, 634, 635, 636, 637, 638, 639, 640, 641, 642, 643, 644, 645, 646, 647, 648, 649, 650, 651, 652, 653, 654, 655, 656, 657, 658, 659, 660, 661, 662, 663, 664, 665, 666, 667, 668, 669, 670, 671, 672, 673, 674, 675, 676, 677, 678, 679, 680, 681, 682, 683, 684, 685, 686, 687, 688, 689, 690, 691, 692, 693, 694, 695, 696, 697, 698, 699, 700, 701, 702, 703, 704, 705, 706, 707, 708, 709, 710, 711, 712, 713, 714, 715, 716, 717, 718, 719, 720, 721, 722, 723, 724, 725, 726, 727, 728, 729, 730, 731, 732, 733, 734, 735, 736, 737, 738, 739, 740, 741, 742, 743, 744, 745, 746, 747, 748, 749, 750, 751, 752, 753, 754, 755, 756, 757, 758, 759, 760, 761, 762, 763, 764, 765, 766, 767, 768, 769, 770, 771, 772, 773, 774, 775, 776, 777, 778, 779, 780, 781, 782, 783, 784, 785, 786, 787, 788, 789, 790, 791, 792, 793]","[103, 111, 127, 153, 162, 201, 226, 290, 292, 574, 581, 598, 624, 634, 690, 749, 751]","[41, 234, 267, 290, 522, 698, 726, 749]","[10, 75, 103, 104, 106, 117, 118, 120, 127, 128, 129, 131, 133, 135, 136, 137, 139, 146, 147, 148, 149, 151, 158, 160, 162, 166, 173, 178, 179, 185, 190, 192, 198, 201, 203, 204, 206, 207, 212, 213, 214, 219, 223, 224, 225, 227, 230, 235, 237, 246, 247, 256, 259, 262, 263, 266, 268, 269, 271, 272, 278, 279, 284, 285, 288, 290, 292, 304, 306, 312, 316, 319, 320, 323, 324, 329, 332, 335, 495, 549, 574, 575, 577, 588, 589, 591, 598, 599, 600, 602, 604, 606, 607, 608, 610, 617, 618, 619, 620, 622, 625, 630, 632, 634, 638, 644, 649, 650, 656, 661, 663, 669, 673, 674, 676, 677, 682, 683, 684, 687, 688, 689, 691, 694, 699, 701, 710, 718, 722, 723, 727, 728, 730, 731, 737, 738, 743, 744, 747, 749, 751, 762, 764, 770, 774, 777, 778, 781, 782, 789, 791]","[1, 13, 14, 29, 54, 55, 56, 57, 58, 60, 102, 118, 125, 127, 130, 134, 146, 149, 153, 175, 182, 187, 189, 191, 197, 225, 230, 238, 264, 265, 266, 286, 302, 317, 336, 354, 379, 388, 389, 425, 454, 458, 463, 475, 487, 498, 499, 512, 530, 531, 532, 533, 534, 536, 573, 589, 596, 598, 601, 605, 617, 620, 624, 646, 653, 658, 660, 662, 668, 689, 694, 702, 724, 725, 745, 760, 775, 793, 809, 829, 838, 839, 877, 901, 903, 905, 910, 923]","[1, 13, 14, 29, 54, 55, 56, 57, 58, 60, 102, 118, 125, 127, 130, 134, 146, 149, 153, 175, 182, 187, 189, 191, 197, 225, 230, 238, 264, 265, 266, 286, 302, 317, 336, 379, 388, 389, 425, 454, 458, 463, 475, 487, 498, 499, 512, 530, 531, 532, 533, 534, 536, 573, 589, 596, 598, 601, 605, 617, 620, 624, 646, 653, 658, 660, 662, 668, 689, 694, 702, 724, 725, 745, 760, 775, 793, 829, 838, 839, 877, 901, 903, 905, 910, 923]",7/6 successful match,True,"[422, 423]",True,313,False,,1.0,True,Renegade Truck Stop ( Shell ),Shell
G Mettler ( 93381 ) Renegade Flyers ( Shell ),4 661-858-2703 CA 99 Exit 3 ( CA 166 W ),24 M,Mettler,93381,Renegade Flyers ( Shell ),661-858-2703,2014,Bakersfield,CA,Shell,( CA 166 W ),CA 99 Exit 3 ,Exit,3,False,,False,CA 99,,,,,"[290, 749]",[],"[103, 111, 127, 153, 162, 201, 226, 290, 292, 574, 581, 598, 624, 634, 690, 749, 751]","[41, 234, 267, 290, 522, 698, 726, 749]","[103, 104, 105, 106, 107, 108, 109, 110, 111, 112, 113, 114, 115, 116, 117, 118, 119, 120, 121, 122, 123, 124, 125, 126, 127, 128, 129, 130, 131, 132, 133, 134, 135, 136, 137, 138, 139, 140, 141, 142, 143, 144, 145, 146, 147, 148, 149, 150, 151, 152, 153, 154, 155, 156, 157, 158, 159, 160, 161, 162, 163, 164, 165, 166, 167, 168, 169, 170, 171, 172, 173, 174, 175, 176, 177, 178, 179, 180, 181, 182, 183, 184, 185, 186, 187, 188, 189, 190, 191, 192, 193, 194, 195, 196, 197, 198, 199, 200, 201, 202, 203, 204, 205, 206, 207, 208, 209, 210, 211, 212, 213, 214, 215, 216, 217, 218, 219, 220, 221, 222, 223, 224, 225, 226, 227, 228, 229, 230, 231, 232, 233, 234, 235, 236, 237, 238, 239, 240, 241, 242, 243, 244, 245, 246, 247, 248, 249, 250, 251, 252, 253, 254, 255, 256, 257, 258, 259, 260, 261, 262, 263, 264, 265, 266, 267, 268, 269, 270, 271, 272, 273, 274, 275, 276, 277, 278, 279, 280, 281, 282, 283, 284, 285, 286, 287, 288, 289, 290, 291, 292, 293, 294, 295, 296, 297, 298, 299, 300, 301, 302, 303, 304, 305, 306, 307, 308, 309, 310, 311, 312, 313, 314, 315, 316, 317, 318, 319, 320, 321, 322, 323, 324, 325, 326, 327, 328, 329, 330, 331, 332, 333, 334, 335, 336, 337, 574, 575, 576, 577, 578, 579, 580, 581, 582, 583, 584, 585, 586, 587, 588, 589, 590, 591, 592, 593, 594, 595, 596, 597, 598, 599, 600, 601, 602, 603, 604, 605, 606, 607, 608, 609, 610, 611, 612, 613, 614, 615, 616, 617, 618, 619, 620, 621, 622, 623, 624, 625, 626, 627, 628, 629, 630, 631, 632, 633, 634, 635, 636, 637, 638, 639, 640, 641, 642, 643, 644, 645, 646, 647, 648, 649, 650, 651, 652, 653, 654, 655, 656, 657, 658, 659, 660, 661, 662, 663, 664, 665, 666, 667, 668, 669, 670, 671, 672, 673, 674, 675, 676, 677, 678, 679, 680, 681, 682, 683, 684, 685, 686, 687, 688, 689, 690, 691, 692, 693, 694, 695, 696, 697, 698, 699, 700, 701, 702, 703, 704, 705, 706, 707, 708, 709, 710, 711, 712, 713, 714, 715, 716, 717, 718, 719, 720, 721, 722, 723, 724, 725, 726, 727, 728, 729, 730, 731, 732, 733, 734, 735, 736, 737, 738, 739, 740, 741, 742, 743, 744, 745, 746, 747, 748, 749, 750, 751, 752, 753, 754, 755, 756, 757, 758, 759, 760, 761, 762, 763, 764, 765, 766, 767, 768, 769, 770, 771, 772, 773, 774, 775, 776, 777, 778, 779, 780, 781, 782, 783, 784, 785, 786, 787, 788, 789, 790, 791, 792, 793]","[10, 75, 103, 104, 106, 117, 118, 120, 127, 128, 129, 131, 133, 135, 136, 137, 139, 146, 147, 148, 149, 151, 158, 160, 162, 166, 173, 178, 179, 185, 190, 192, 198, 201, 203, 204, 206, 207, 212, 213, 214, 219, 223, 224, 225, 227, 230, 235, 237, 246, 247, 256, 259, 262, 263, 266, 268, 269, 271, 272, 278, 279, 284, 285, 288, 290, 292, 304, 306, 312, 316, 319, 320, 323, 324, 329, 332, 335, 495, 549, 574, 575, 577, 588, 589, 591, 598, 599, 600, 602, 604, 606, 607, 608, 610, 617, 618, 619, 620, 622, 625, 630, 632, 634, 638, 644, 649, 650, 656, 661, 663, 669, 673, 674, 676, 677, 682, 683, 684, 687, 688, 689, 691, 694, 699, 701, 710, 718, 722, 723, 727, 728, 730, 731, 737, 738, 743, 744, 747, 749, 751, 762, 764, 770, 774, 777, 778, 781, 782, 789, 791]","[1, 13, 14, 29, 54, 55, 56, 57, 58, 60, 102, 118, 125, 127, 130, 134, 146, 149, 153, 175, 182, 187, 189, 191, 197, 225, 230, 238, 264, 265, 266, 286, 302, 317, 336, 379, 388, 389, 425, 454, 458, 463, 475, 487, 498, 499, 512, 530, 531, 532, 533, 534, 536, 573, 589, 596, 598, 601, 605, 617, 620, 624, 646, 653, 658, 660, 662, 668, 689, 694, 702, 724, 725, 745, 760, 775, 793, 829, 838, 839, 877, 901, 903, 905, 910, 923]","[1, 13, 14, 29, 54, 55, 56, 57, 58, 60, 102, 118, 125, 127, 130, 134, 146, 149, 153, 175, 182, 187, 189, 191, 197, 225, 230, 238, 264, 265, 266, 286, 302, 317, 336, 354, 379, 388, 389, 425, 454, 458, 463, 475, 487, 498, 499, 512, 530, 531, 532, 533, 534, 536, 573, 589, 596, 598, 601, 605, 617, 620, 624, 646, 653, 658, 660, 662, 668, 689, 694, 702, 724, 725, 745, 760, 775, 793, 809, 829, 838, 839, 877, 901, 903, 905, 910, 923]","[1, 10, 13, 14, 29, 41, 54, 55, 56, 57, 58, 60, 75, 102, 103, 104, 105, 106, 107, 108, 109, 110, 111, 112, 113, 114, 115, 116, 117, 118, 119, 120, 121, 122, 123, 124, 125, 126, 127, 128, 129, 130, 131, 132, 133, 134, 135, 136, 137, 138, 139, 140, 141, 142, 143, 144, 145, 146, 147, 148, 149, 150, 151, 152, 153, 154, 155, 156, 157, 158, 159, 160, 161, 162, 163, 164, 165, 166, 167, 168, 169, 170, 171, 172, 173, 174, 175, 176, 177, 178, 179, 180, 181, 182, 183, 184, 185, 186, 187, 188, 189, 190, 191, 192, 193, 194, 195, 196, 197, 198, 199, 200, 201, 202, 203, 204, 205, 206, 207, 208, 209, 210, 211, 212, 213, 214, 215, 216, 217, 218, 219, 220, 221, 222, 223, 224, 225, 226, 227, 228, 229, 230, 231, 232, 233, 234, 235, 236, 237, 238, 239, 240, 241, 242, 243, 244, 245, 246, 247, 248, 249, 250, 251, 252, 253, 254, 255, 256, 257, 258, 259, 260, 261, 262, 263, 264, 265, 266, 267, 268, 269, 270, 271, 272, 273, 274, 275, 276, 277, 278, 279, 280, 281, 282, 283, 284, 285, 286, 287, 288, 289, 290, 291, 292, 293, 294, 295, 296, 297, 298, 299, 300, 301, 302, 303, 304, 305, 306, 307, 308, 309, 310, 311, 312, 313, 314, 315, 316, 317, 318, 319, 320, 321, 322, 323, 324, 325, 326, 327, 328, 329, 330, 331, 332, 333, 334, 335, 336, 337, 354, 379, 388, 389, 425, 454, 458, 463, 475, 487, 495, 498, 499, 512, 522, 530, 531, 532, 533, 534, 536, 549, 573, 574, 575, 576, 577, 578, 579, 580, 581, 582, 583, 584, 585, 586, 587, 588, 589, 590, 591, 592, 593, 594, 595, 596, 597, 598, 599, 600, 601, 602, 603, 604, 605, 606, 607, 608, 609, 610, 611, 612, 613, 614, 615, 616, 617, 618, 619, 620, 621, 622, 623, 624, 625, 626, 627, 628, 629, 630, 631, 632, 633, 634, 635, 636, 637, 638, 639, 640, 641, 642, 643, 644, 645, 646, 647, 648, 649, 650, 651, 652, 653, 654, 655, 656, 657, 658, 659, 660, 661, 662, 663, 664, 665, 666, 667, 668, 669, 670, 671, 672, 673, 674, 675, 676, 677, 678, 679, 680, 681, 682, 683, 684, 685, 686, 687, 688, 689, 690, 691, 692, 693, 694, 695, 696, 697, 698, 699, 700, 701, 702, 703, 704, 705, 706, 707, 708, 709, 710, 711, 712, 713, 714, 715, 716, 717, 718, 719, 720, 721, 722, 723, 724, 725, 726, 727, 728, 729, 730, 731, 732, 733, 734, 735, 736, 737, 738, 739, 740, 741, 742, 743, 744, 745, 746, 747, 748, 749, 750, 751, 752, 753, 754, 755, 756, 757, 758, 759, 760, 761, 762, 763, 764, 765, 766, 767, 768, 769, 770, 771, 772, 773, 774, 775, 776, 777, 778, 779, 780, 781, 782, 783, 784, 785, 786, 787, 788, 789, 790, 791, 792, 793, 809, 829, 838, 839, 877, 901, 903, 905, 910, 923]",True,[],"[103, 104, 105, 106, 107, 108, 109, 110, 111, 112, 113, 114, 115, 116, 117, 118, 119, 120, 121, 122, 123, 124, 125, 126, 127, 128, 129, 130, 131, 132, 133, 134, 135, 136, 137, 138, 139, 140, 141, 142, 143, 144, 145, 146, 147, 148, 149, 150, 151, 152, 153, 154, 155, 156, 157, 158, 159, 160, 161, 162, 163, 164, 165, 166, 167, 168, 169, 170, 171, 172, 173, 174, 175, 176, 177, 178, 179, 180, 181, 182, 183, 184, 185, 186, 187, 188, 189, 190, 191, 192, 193, 194, 195, 196, 197, 198, 199, 200, 201, 202, 203, 204, 205, 206, 207, 208, 209, 210, 211, 212, 213, 214, 215, 216, 217, 218, 219, 220, 221, 222, 223, 224, 225, 226, 227, 228, 229, 230, 231, 232, 233, 234, 235, 236, 237, 238, 239, 240, 241, 242, 243, 244, 245, 246, 247, 248, 249, 250, 251, 252, 253, 254, 255, 256, 257, 258, 259, 260, 261, 262, 263, 264, 265, 266, 267, 268, 269, 270, 271, 272, 273, 274, 275, 276, 277, 278, 279, 280, 281, 282, 283, 284, 285, 286, 287, 288, 289, 290, 291, 292, 293, 294, 295, 296, 297, 298, 299, 300, 301, 302, 303, 304, 305, 306, 307, 308, 309, 310, 311, 312, 313, 314, 315, 316, 317, 318, 319, 320, 321, 322, 323, 324, 325, 326, 327, 328, 329, 330, 331, 332, 333, 334, 335, 336, 337, 574, 575, 576, 577, 578, 579, 580, 581, 582, 583, 584, 585, 586, 587, 588, 589, 590, 591, 592, 593, 594, 595, 596, 597, 598, 599, 600, 601, 602, 603, 604, 605, 606, 607, 608, 609, 610, 611, 612, 613, 614, 615, 616, 617, 618, 619, 620, 621, 622, 623, 624, 625, 626, 627, 628, 629, 630, 631, 632, 633, 634, 635, 636, 637, 638, 639, 640, 641, 642, 643, 644, 645, 646, 647, 648, 649, 650, 651, 652, 653, 654, 655, 656, 657, 658, 659, 660, 661, 662, 663, 664, 665, 666, 667, 668, 669, 670, 671, 672, 673, 674, 675, 676, 677, 678, 679, 680, 681, 682, 683, 684, 685, 686, 687, 688, 689, 690, 691, 692, 693, 694, 695, 696, 697, 698, 699, 700, 701, 702, 703, 704, 705, 706, 707, 708, 709, 710, 711, 712, 713, 714, 715, 716, 717, 718, 719, 720, 721, 722, 723, 724, 725, 726, 727, 728, 729, 730, 731, 732, 733, 734, 735, 736, 737, 738, 739, 740, 741, 742, 743, 744, 745, 746, 747, 748, 749, 750, 751, 752, 753, 754, 755, 756, 757, 758, 759, 760, 761, 762, 763, 764, 765, 766, 767, 768, 769, 770, 771, 772, 773, 774, 775, 776, 777, 778, 779, 780, 781, 782, 783, 784, 785, 786, 787, 788, 789, 790, 791, 792, 793]","[103, 111, 127, 153, 162, 201, 226, 290, 292, 574, 581, 598, 624, 634, 690, 749, 751]","[41, 234, 267, 290, 522, 698, 726, 749]","[10, 75, 103, 104, 106, 117, 118, 120, 127, 128, 129, 131, 133, 135, 136, 137, 139, 146, 147, 148, 149, 151, 158, 160, 162, 166, 173, 178, 179, 185, 190, 192, 198, 201, 203, 204, 206, 207, 212, 213, 214, 219, 223, 224, 225, 227, 230, 235, 237, 246, 247, 256, 259, 262, 263, 266, 268, 269, 271, 272, 278, 279, 284, 285, 288, 290, 292, 304, 306, 312, 316, 319, 320, 323, 324, 329, 332, 335, 495, 549, 574, 575, 577, 588, 589, 591, 598, 599, 600, 602, 604, 606, 607, 608, 610, 617, 618, 619, 620, 622, 625, 630, 632, 634, 638, 644, 649, 650, 656, 661, 663, 669, 673, 674, 676, 677, 682, 683, 684, 687, 688, 689, 691, 694, 699, 701, 710, 718, 722, 723, 727, 728, 730, 731, 737, 738, 743, 744, 747, 749, 751, 762, 764, 770, 774, 777, 778, 781, 782, 789, 791]","[1, 13, 14, 29, 54, 55, 56, 57, 58, 60, 102, 118, 125, 127, 130, 134, 146, 149, 153, 175, 182, 187, 189, 191, 197, 225, 230, 238, 264, 265, 266, 286, 302, 317, 336, 354, 379, 388, 389, 425, 454, 458, 463, 475, 487, 498, 499, 512, 530, 531, 532, 533, 534, 536, 573, 589, 596, 598, 601, 605, 617, 620, 624, 646, 653, 658, 660, 662, 668, 689, 694, 702, 724, 725, 745, 760, 775, 793, 809, 829, 838, 839, 877, 901, 903, 905, 910, 923]","[1, 13, 14, 29, 54, 55, 56, 57, 58, 60, 102, 118, 125, 127, 130, 134, 146, 149, 153, 175, 182, 187, 189, 191, 197, 225, 230, 238, 264, 265, 266, 286, 302, 317, 336, 379, 388, 389, 425, 454, 458, 463, 475, 487, 498, 499, 512, 530, 531, 532, 533, 534, 536, 573, 589, 596, 598, 601, 605, 617, 620, 624, 646, 653, 658, 660, 662, 668, 689, 694, 702, 724, 725, 745, 760, 775, 793, 829, 838, 839, 877, 901, 903, 905, 910, 923]",7/6 successful match,True,"[422, 423]",True,313,False,,0.7333333333333334,True,Renegade Truck Stop ( Shell ),Shell
G Mettler ( 93381 ) Renegade Flyers ( Shell ),661-858-2703 CA 99 Exit 3 ( CA 166 W ),24 M,Mettler,93381,Renegade Flyers ( Shell ),661-858-2703,2015,Bakersfield,CA,Shell,( CA 166 W ),CA 99 Exit 3 ,Exit,3,False,,False,CA 99,,,,,"[290, 749]",[],"[103, 111, 127, 153, 162, 201, 226, 290, 292, 574, 581, 598, 624, 634, 690, 749, 751]","[41, 234, 267, 290, 522, 698, 726, 749]","[103, 104, 105, 106, 107, 108, 109, 110, 111, 112, 113, 114, 115, 116, 117, 118, 119, 120, 121, 122, 123, 124, 125, 126, 127, 128, 129, 130, 131, 132, 133, 134, 135, 136, 137, 138, 139, 140, 141, 142, 143, 144, 145, 146, 147, 148, 149, 150, 151, 152, 153, 154, 155, 156, 157, 158, 159, 160, 161, 162, 163, 164, 165, 166, 167, 168, 169, 170, 171, 172, 173, 174, 175, 176, 177, 178, 179, 180, 181, 182, 183, 184, 185, 186, 187, 188, 189, 190, 191, 192, 193, 194, 195, 196, 197, 198, 199, 200, 201, 202, 203, 204, 205, 206, 207, 208, 209, 210, 211, 212, 213, 214, 215, 216, 217, 218, 219, 220, 221, 222, 223, 224, 225, 226, 227, 228, 229, 230, 231, 232, 233, 234, 235, 236, 237, 238, 239, 240, 241, 242, 243, 244, 245, 246, 247, 248, 249, 250, 251, 252, 253, 254, 255, 256, 257, 258, 259, 260, 261, 262, 263, 264, 265, 266, 267, 268, 269, 270, 271, 272, 273, 274, 275, 276, 277, 278, 279, 280, 281, 282, 283, 284, 285, 286, 287, 288, 289, 290, 291, 292, 293, 294, 295, 296, 297, 298, 299, 300, 301, 302, 303, 304, 305, 306, 307, 308, 309, 310, 311, 312, 313, 314, 315, 316, 317, 318, 319, 320, 321, 322, 323, 324, 325, 326, 327, 328, 329, 330, 331, 332, 333, 334, 335, 336, 337, 574, 575, 576, 577, 578, 579, 580, 581, 582, 583, 584, 585, 586, 587, 588, 589, 590, 591, 592, 593, 594, 595, 596, 597, 598, 599, 600, 601, 602, 603, 604, 605, 606, 607, 608, 609, 610, 611, 612, 613, 614, 615, 616, 617, 618, 619, 620, 621, 622, 623, 624, 625, 626, 627, 628, 629, 630, 631, 632, 633, 634, 635, 636, 637, 638, 639, 640, 641, 642, 643, 644, 645, 646, 647, 648, 649, 650, 651, 652, 653, 654, 655, 656, 657, 658, 659, 660, 661, 662, 663, 664, 665, 666, 667, 668, 669, 670, 671, 672, 673, 674, 675, 676, 677, 678, 679, 680, 681, 682, 683, 684, 685, 686, 687, 688, 689, 690, 691, 692, 693, 694, 695, 696, 697, 698, 699, 700, 701, 702, 703, 704, 705, 706, 707, 708, 709, 710, 711, 712, 713, 714, 715, 716, 717, 718, 719, 720, 721, 722, 723, 724, 725, 726, 727, 728, 729, 730, 731, 732, 733, 734, 735, 736, 737, 738, 739, 740, 741, 742, 743, 744, 745, 746, 747, 748, 749, 750, 751, 752, 753, 754, 755, 756, 757, 758, 759, 760, 761, 762, 763, 764, 765, 766, 767, 768, 769, 770, 771, 772, 773, 774, 775, 776, 777, 778, 779, 780, 781, 782, 783, 784, 785, 786, 787, 788, 789, 790, 791, 792, 793]","[10, 75, 103, 104, 106, 117, 118, 120, 127, 128, 129, 131, 133, 135, 136, 137, 139, 146, 147, 148, 149, 151, 158, 160, 162, 166, 173, 178, 179, 185, 190, 192, 198, 201, 203, 204, 206, 207, 212, 213, 214, 219, 223, 224, 225, 227, 230, 235, 237, 246, 247, 256, 259, 262, 263, 266, 268, 269, 271, 272, 278, 279, 284, 285, 288, 290, 292, 304, 306, 312, 316, 319, 320, 323, 324, 329, 332, 335, 495, 549, 574, 575, 577, 588, 589, 591, 598, 599, 600, 602, 604, 606, 607, 608, 610, 617, 618, 619, 620, 622, 625, 630, 632, 634, 638, 644, 649, 650, 656, 661, 663, 669, 673, 674, 676, 677, 682, 683, 684, 687, 688, 689, 691, 694, 699, 701, 710, 718, 722, 723, 727, 728, 730, 731, 737, 738, 743, 744, 747, 749, 751, 762, 764, 770, 774, 777, 778, 781, 782, 789, 791]","[1, 13, 14, 29, 54, 55, 56, 57, 58, 60, 102, 118, 125, 127, 130, 134, 146, 149, 153, 175, 182, 187, 189, 191, 197, 225, 230, 238, 264, 265, 266, 286, 302, 317, 336, 379, 388, 389, 425, 454, 458, 463, 475, 487, 498, 499, 512, 530, 531, 532, 533, 534, 536, 573, 589, 596, 598, 601, 605, 617, 620, 624, 646, 653, 658, 660, 662, 668, 689, 694, 702, 724, 725, 745, 760, 775, 793, 829, 838, 839, 877, 901, 903, 905, 910, 923]","[1, 13, 14, 29, 54, 55, 56, 57, 58, 60, 102, 118, 125, 127, 130, 134, 146, 149, 153, 175, 182, 187, 189, 191, 197, 225, 230, 238, 264, 265, 266, 286, 302, 317, 336, 354, 379, 388, 389, 425, 454, 458, 463, 475, 487, 498, 499, 512, 530, 531, 532, 533, 534, 536, 573, 589, 596, 598, 601, 605, 617, 620, 624, 646, 653, 658, 660, 662, 668, 689, 694, 702, 724, 725, 745, 760, 775, 793, 809, 829, 838, 839, 877, 901, 903, 905, 910, 923]","[1, 10, 13, 14, 29, 41, 54, 55, 56, 57, 58, 60, 75, 102, 103, 104, 105, 106, 107, 108, 109, 110, 111, 112, 113, 114, 115, 116, 117, 118, 119, 120, 121, 122, 123, 124, 125, 126, 127, 128, 129, 130, 131, 132, 133, 134, 135, 136, 137, 138, 139, 140, 141, 142, 143, 144, 145, 146, 147, 148, 149, 150, 151, 152, 153, 154, 155, 156, 157, 158, 159, 160, 161, 162, 163, 164, 165, 166, 167, 168, 169, 170, 171, 172, 173, 174, 175, 176, 177, 178, 179, 180, 181, 182, 183, 184, 185, 186, 187, 188, 189, 190, 191, 192, 193, 194, 195, 196, 197, 198, 199, 200, 201, 202, 203, 204, 205, 206, 207, 208, 209, 210, 211, 212, 213, 214, 215, 216, 217, 218, 219, 220, 221, 222, 223, 224, 225, 226, 227, 228, 229, 230, 231, 232, 233, 234, 235, 236, 237, 238, 239, 240, 241, 242, 243, 244, 245, 246, 247, 248, 249, 250, 251, 252, 253, 254, 255, 256, 257, 258, 259, 260, 261, 262, 263, 264, 265, 266, 267, 268, 269, 270, 271, 272, 273, 274, 275, 276, 277, 278, 279, 280, 281, 282, 283, 284, 285, 286, 287, 288, 289, 290, 291, 292, 293, 294, 295, 296, 297, 298, 299, 300, 301, 302, 303, 304, 305, 306, 307, 308, 309, 310, 311, 312, 313, 314, 315, 316, 317, 318, 319, 320, 321, 322, 323, 324, 325, 326, 327, 328, 329, 330, 331, 332, 333, 334, 335, 336, 337, 354, 379, 388, 389, 425, 454, 458, 463, 475, 487, 495, 498, 499, 512, 522, 530, 531, 532, 533, 534, 536, 549, 573, 574, 575, 576, 577, 578, 579, 580, 581, 582, 583, 584, 585, 586, 587, 588, 589, 590, 591, 592, 593, 594, 595, 596, 597, 598, 599, 600, 601, 602, 603, 604, 605, 606, 607, 608, 609, 610, 611, 612, 613, 614, 615, 616, 617, 618, 619, 620, 621, 622, 623, 624, 625, 626, 627, 628, 629, 630, 631, 632, 633, 634, 635, 636, 637, 638, 639, 640, 641, 642, 643, 644, 645, 646, 647, 648, 649, 650, 651, 652, 653, 654, 655, 656, 657, 658, 659, 660, 661, 662, 663, 664, 665, 666, 667, 668, 669, 670, 671, 672, 673, 674, 675, 676, 677, 678, 679, 680, 681, 682, 683, 684, 685, 686, 687, 688, 689, 690, 691, 692, 693, 694, 695, 696, 697, 698, 699, 700, 701, 702, 703, 704, 705, 706, 707, 708, 709, 710, 711, 712, 713, 714, 715, 716, 717, 718, 719, 720, 721, 722, 723, 724, 725, 726, 727, 728, 729, 730, 731, 732, 733, 734, 735, 736, 737, 738, 739, 740, 741, 742, 743, 744, 745, 746, 747, 748, 749, 750, 751, 752, 753, 754, 755, 756, 757, 758, 759, 760, 761, 762, 763, 764, 765, 766, 767, 768, 769, 770, 771, 772, 773, 774, 775, 776, 777, 778, 779, 780, 781, 782, 783, 784, 785, 786, 787, 788, 789, 790, 791, 792, 793, 809, 829, 838, 839, 877, 901, 903, 905, 910, 923]",True,[],"[103, 104, 105, 106, 107, 108, 109, 110, 111, 112, 113, 114, 115, 116, 117, 118, 119, 120, 121, 122, 123, 124, 125, 126, 127, 128, 129, 130, 131, 132, 133, 134, 135, 136, 137, 138, 139, 140, 141, 142, 143, 144, 145, 146, 147, 148, 149, 150, 151, 152, 153, 154, 155, 156, 157, 158, 159, 160, 161, 162, 163, 164, 165, 166, 167, 168, 169, 170, 171, 172, 173, 174, 175, 176, 177, 178, 179, 180, 181, 182, 183, 184, 185, 186, 187, 188, 189, 190, 191, 192, 193, 194, 195, 196, 197, 198, 199, 200, 201, 202, 203, 204, 205, 206, 207, 208, 209, 210, 211, 212, 213, 214, 215, 216, 217, 218, 219, 220, 221, 222, 223, 224, 225, 226, 227, 228, 229, 230, 231, 232, 233, 234, 235, 236, 237, 238, 239, 240, 241, 242, 243, 244, 245, 246, 247, 248, 249, 250, 251, 252, 253, 254, 255, 256, 257, 258, 259, 260, 261, 262, 263, 264, 265, 266, 267, 268, 269, 270, 271, 272, 273, 274, 275, 276, 277, 278, 279, 280, 281, 282, 283, 284, 285, 286, 287, 288, 289, 290, 291, 292, 293, 294, 295, 296, 297, 298, 299, 300, 301, 302, 303, 304, 305, 306, 307, 308, 309, 310, 311, 312, 313, 314, 315, 316, 317, 318, 319, 320, 321, 322, 323, 324, 325, 326, 327, 328, 329, 330, 331, 332, 333, 334, 335, 336, 337, 574, 575, 576, 577, 578, 579, 580, 581, 582, 583, 584, 585, 586, 587, 588, 589, 590, 591, 592, 593, 594, 595, 596, 597, 598, 599, 600, 601, 602, 603, 604, 605, 606, 607, 608, 609, 610, 611, 612, 613, 614, 615, 616, 617, 618, 619, 620, 621, 622, 623, 624, 625, 626, 627, 628, 629, 630, 631, 632, 633, 634, 635, 636, 637, 638, 639, 640, 641, 642, 643, 644, 645, 646, 647, 648, 649, 650, 651, 652, 653, 654, 655, 656, 657, 658, 659, 660, 661, 662, 663, 664, 665, 666, 667, 668, 669, 670, 671, 672, 673, 674, 675, 676, 677, 678, 679, 680, 681, 682, 683, 684, 685, 686, 687, 688, 689, 690, 691, 692, 693, 694, 695, 696, 697, 698, 699, 700, 701, 702, 703, 704, 705, 706, 707, 708, 709, 710, 711, 712, 713, 714, 715, 716, 717, 718, 719, 720, 721, 722, 723, 724, 725, 726, 727, 728, 729, 730, 731, 732, 733, 734, 735, 736, 737, 738, 739, 740, 741, 742, 743, 744, 745, 746, 747, 748, 749, 750, 751, 752, 753, 754, 755, 756, 757, 758, 759, 760, 761, 762, 763, 764, 765, 766, 767, 768, 769, 770, 771, 772, 773, 774, 775, 776, 777, 778, 779, 780, 781, 782, 783, 784, 785, 786, 787, 788, 789, 790, 791, 792, 793]","[103, 111, 127, 153, 162, 201, 226, 290, 292, 574, 581, 598, 624, 634, 690, 749, 751]","[41, 234, 267, 290, 522, 698, 726, 749]","[10, 75, 103, 104, 106, 117, 118, 120, 127, 128, 129, 131, 133, 135, 136, 137, 139, 146, 147, 148, 149, 151, 158, 160, 162, 166, 173, 178, 179, 185, 190, 192, 198, 201, 203, 204, 206, 207, 212, 213, 214, 219, 223, 224, 225, 227, 230, 235, 237, 246, 247, 256, 259, 262, 263, 266, 268, 269, 271, 272, 278, 279, 284, 285, 288, 290, 292, 304, 306, 312, 316, 319, 320, 323, 324, 329, 332, 335, 495, 549, 574, 575, 577, 588, 589, 591, 598, 599, 600, 602, 604, 606, 607, 608, 610, 617, 618, 619, 620, 622, 625, 630, 632, 634, 638, 644, 649, 650, 656, 661, 663, 669, 673, 674, 676, 677, 682, 683, 684, 687, 688, 689, 691, 694, 699, 701, 710, 718, 722, 723, 727, 728, 730, 731, 737, 738, 743, 744, 747, 749, 751, 762, 764, 770, 774, 777, 778, 781, 782, 789, 791]","[1, 13, 14, 29, 54, 55, 56, 57, 58, 60, 102, 118, 125, 127, 130, 134, 146, 149, 153, 175, 182, 187, 189, 191, 197, 225, 230, 238, 264, 265, 266, 286, 302, 317, 336, 354, 379, 388, 389, 425, 454, 458, 463, 475, 487, 498, 499, 512, 530, 531, 532, 533, 534, 536, 573, 589, 596, 598, 601, 605, 617, 620, 624, 646, 653, 658, 660, 662, 668, 689, 694, 702, 724, 725, 745, 760, 775, 793, 809, 829, 838, 839, 877, 901, 903, 905, 910, 923]","[1, 13, 14, 29, 54, 55, 56, 57, 58, 60, 102, 118, 125, 127, 130, 134, 146, 149, 153, 175, 182, 187, 189, 191, 197, 225, 230, 238, 264, 265, 266, 286, 302, 317, 336, 379, 388, 389, 425, 454, 458, 463, 475, 487, 498, 499, 512, 530, 531, 532, 533, 534, 536, 573, 589, 596, 598, 601, 605, 617, 620, 624, 646, 653, 658, 660, 662, 668, 689, 694, 702, 724, 725, 745, 760, 775, 793, 829, 838, 839, 877, 901, 903, 905, 910, 923]",7/6 successful match,True,"[422, 423]",True,313,False,,1.0,True,Renegade Flyers ( Shell ),Shell
Mettler ( 93381 ) Flyers # 223 ( Shell ),661-858-2703 CA 99 Exit 3 ( CA 166 W ),24 M S,Mettler,93381,Flyers # 223 ( Shell ),661-858-2703,2016,Bakersfield,CA,Shell,( CA 166 W ),CA 99 Exit 3 ,Exit,3,False,,False,CA 99,,,,,"[290, 749]",[],"[103, 111, 127, 153, 162, 201, 226, 290, 292, 574, 581, 598, 624, 634, 690, 749, 751]","[41, 234, 267, 290, 522, 698, 726, 749]","[103, 104, 105, 106, 107, 108, 109, 110, 111, 112, 113, 114, 115, 116, 117, 118, 119, 120, 121, 122, 123, 124, 125, 126, 127, 128, 129, 130, 131, 132, 133, 134, 135, 136, 137, 138, 139, 140, 141, 142, 143, 144, 145, 146, 147, 148, 149, 150, 151, 152, 153, 154, 155, 156, 157, 158, 159, 160, 161, 162, 163, 164, 165, 166, 167, 168, 169, 170, 171, 172, 173, 174, 175, 176, 177, 178, 179, 180, 181, 182, 183, 184, 185, 186, 187, 188, 189, 190, 191, 192, 193, 194, 195, 196, 197, 198, 199, 200, 201, 202, 203, 204, 205, 206, 207, 208, 209, 210, 211, 212, 213, 214, 215, 216, 217, 218, 219, 220, 221, 222, 223, 224, 225, 226, 227, 228, 229, 230, 231, 232, 233, 234, 235, 236, 237, 238, 239, 240, 241, 242, 243, 244, 245, 246, 247, 248, 249, 250, 251, 252, 253, 254, 255, 256, 257, 258, 259, 260, 261, 262, 263, 264, 265, 266, 267, 268, 269, 270, 271, 272, 273, 274, 275, 276, 277, 278, 279, 280, 281, 282, 283, 284, 285, 286, 287, 288, 289, 290, 291, 292, 293, 294, 295, 296, 297, 298, 299, 300, 301, 302, 303, 304, 305, 306, 307, 308, 309, 310, 311, 312, 313, 314, 315, 316, 317, 318, 319, 320, 321, 322, 323, 324, 325, 326, 327, 328, 329, 330, 331, 332, 333, 334, 335, 336, 337, 574, 575, 576, 577, 578, 579, 580, 581, 582, 583, 584, 585, 586, 587, 588, 589, 590, 591, 592, 593, 594, 595, 596, 597, 598, 599, 600, 601, 602, 603, 604, 605, 606, 607, 608, 609, 610, 611, 612, 613, 614, 615, 616, 617, 618, 619, 620, 621, 622, 623, 624, 625, 626, 627, 628, 629, 630, 631, 632, 633, 634, 635, 636, 637, 638, 639, 640, 641, 642, 643, 644, 645, 646, 647, 648, 649, 650, 651, 652, 653, 654, 655, 656, 657, 658, 659, 660, 661, 662, 663, 664, 665, 666, 667, 668, 669, 670, 671, 672, 673, 674, 675, 676, 677, 678, 679, 680, 681, 682, 683, 684, 685, 686, 687, 688, 689, 690, 691, 692, 693, 694, 695, 696, 697, 698, 699, 700, 701, 702, 703, 704, 705, 706, 707, 708, 709, 710, 711, 712, 713, 714, 715, 716, 717, 718, 719, 720, 721, 722, 723, 724, 725, 726, 727, 728, 729, 730, 731, 732, 733, 734, 735, 736, 737, 738, 739, 740, 741, 742, 743, 744, 745, 746, 747, 748, 749, 750, 751, 752, 753, 754, 755, 756, 757, 758, 759, 760, 761, 762, 763, 764, 765, 766, 767, 768, 769, 770, 771, 772, 773, 774, 775, 776, 777, 778, 779, 780, 781, 782, 783, 784, 785, 786, 787, 788, 789, 790, 791, 792, 793]","[10, 75, 103, 104, 106, 117, 118, 120, 127, 128, 129, 131, 133, 135, 136, 137, 139, 146, 147, 148, 149, 151, 158, 160, 162, 166, 173, 178, 179, 185, 190, 192, 198, 201, 203, 204, 206, 207, 212, 213, 214, 219, 223, 224, 225, 227, 230, 235, 237, 246, 247, 256, 259, 262, 263, 266, 268, 269, 271, 272, 278, 279, 284, 285, 288, 290, 292, 304, 306, 312, 316, 319, 320, 323, 324, 329, 332, 335, 495, 549, 574, 575, 577, 588, 589, 591, 598, 599, 600, 602, 604, 606, 607, 608, 610, 617, 618, 619, 620, 622, 625, 630, 632, 634, 638, 644, 649, 650, 656, 661, 663, 669, 673, 674, 676, 677, 682, 683, 684, 687, 688, 689, 691, 694, 699, 701, 710, 718, 722, 723, 727, 728, 730, 731, 737, 738, 743, 744, 747, 749, 751, 762, 764, 770, 774, 777, 778, 781, 782, 789, 791]","[1, 13, 14, 29, 54, 55, 56, 57, 58, 60, 102, 118, 125, 127, 130, 134, 146, 149, 153, 175, 182, 187, 189, 191, 197, 225, 230, 238, 264, 265, 266, 286, 302, 317, 336, 379, 388, 389, 425, 454, 458, 463, 475, 487, 498, 499, 512, 530, 531, 532, 533, 534, 536, 573, 589, 596, 598, 601, 605, 617, 620, 624, 646, 653, 658, 660, 662, 668, 689, 694, 702, 724, 725, 745, 760, 775, 793, 829, 838, 839, 877, 901, 903, 905, 910, 923]","[1, 13, 14, 29, 54, 55, 56, 57, 58, 60, 102, 118, 125, 127, 130, 134, 146, 149, 153, 175, 182, 187, 189, 191, 197, 203, 225, 230, 238, 264, 265, 266, 286, 302, 317, 336, 354, 379, 388, 389, 425, 454, 458, 463, 475, 487, 498, 499, 512, 530, 531, 532, 533, 534, 536, 573, 589, 596, 598, 601, 605, 617, 620, 624, 646, 653, 658, 660, 662, 668, 673, 689, 694, 702, 724, 725, 745, 760, 775, 793, 809, 829, 838, 839, 877, 901, 903, 905, 910, 923]","[1, 10, 13, 14, 29, 41, 54, 55, 56, 57, 58, 60, 75, 102, 103, 104, 105, 106, 107, 108, 109, 110, 111, 112, 113, 114, 115, 116, 117, 118, 119, 120, 121, 122, 123, 124, 125, 126, 127, 128, 129, 130, 131, 132, 133, 134, 135, 136, 137, 138, 139, 140, 141, 142, 143, 144, 145, 146, 147, 148, 149, 150, 151, 152, 153, 154, 155, 156, 157, 158, 159, 160, 161, 162, 163, 164, 165, 166, 167, 168, 169, 170, 171, 172, 173, 174, 175, 176, 177, 178, 179, 180, 181, 182, 183, 184, 185, 186, 187, 188, 189, 190, 191, 192, 193, 194, 195, 196, 197, 198, 199, 200, 201, 202, 203, 204, 205, 206, 207, 208, 209, 210, 211, 212, 213, 214, 215, 216, 217, 218, 219, 220, 221, 222, 223, 224, 225, 226, 227, 228, 229, 230, 231, 232, 233, 234, 235, 236, 237, 238, 239, 240, 241, 242, 243, 244, 245, 246, 247, 248, 249, 250, 251, 252, 253, 254, 255, 256, 257, 258, 259, 260, 261, 262, 263, 264, 265, 266, 267, 268, 269, 270, 271, 272, 273, 274, 275, 276, 277, 278, 279, 280, 281, 282, 283, 284, 285, 286, 287, 288, 289, 290, 291, 292, 293, 294, 295, 296, 297, 298, 299, 300, 301, 302, 303, 304, 305, 306, 307, 308, 309, 310, 311, 312, 313, 314, 315, 316, 317, 318, 319, 320, 321, 322, 323, 324, 325, 326, 327, 328, 329, 330, 331, 332, 333, 334, 335, 336, 337, 354, 379, 388, 389, 425, 454, 458, 463, 475, 487, 495, 498, 499, 512, 522, 530, 531, 532, 533, 534, 536, 549, 573, 574, 575, 576, 577, 578, 579, 580, 581, 582, 583, 584, 585, 586, 587, 588, 589, 590, 591, 592, 593, 594, 595, 596, 597, 598, 599, 600, 601, 602, 603, 604, 605, 606, 607, 608, 609, 610, 611, 612, 613, 614, 615, 616, 617, 618, 619, 620, 621, 622, 623, 624, 625, 626, 627, 628, 629, 630, 631, 632, 633, 634, 635, 636, 637, 638, 639, 640, 641, 642, 643, 644, 645, 646, 647, 648, 649, 650, 651, 652, 653, 654, 655, 656, 657, 658, 659, 660, 661, 662, 663, 664, 665, 666, 667, 668, 669, 670, 671, 672, 673, 674, 675, 676, 677, 678, 679, 680, 681, 682, 683, 684, 685, 686, 687, 688, 689, 690, 691, 692, 693, 694, 695, 696, 697, 698, 699, 700, 701, 702, 703, 704, 705, 706, 707, 708, 709, 710, 711, 712, 713, 714, 715, 716, 717, 718, 719, 720, 721, 722, 723, 724, 725, 726, 727, 728, 729, 730, 731, 732, 733, 734, 735, 736, 737, 738, 739, 740, 741, 742, 743, 744, 745, 746, 747, 748, 749, 750, 751, 752, 753, 754, 755, 756, 757, 758, 759, 760, 761, 762, 763, 764, 765, 766, 767, 768, 769, 770, 771, 772, 773, 774, 775, 776, 777, 778, 779, 780, 781, 782, 783, 784, 785, 786, 787, 788, 789, 790, 791, 792, 793, 809, 829, 838, 839, 877, 901, 903, 905, 910, 923]",True,[],"[103, 104, 105, 106, 107, 108, 109, 110, 111, 112, 113, 114, 115, 116, 117, 118, 119, 120, 121, 122, 123, 124, 125, 126, 127, 128, 129, 130, 131, 132, 133, 134, 135, 136, 137, 138, 139, 140, 141, 142, 143, 144, 145, 146, 147, 148, 149, 150, 151, 152, 153, 154, 155, 156, 157, 158, 159, 160, 161, 162, 163, 164, 165, 166, 167, 168, 169, 170, 171, 172, 173, 174, 175, 176, 177, 178, 179, 180, 181, 182, 183, 184, 185, 186, 187, 188, 189, 190, 191, 192, 193, 194, 195, 196, 197, 198, 199, 200, 201, 202, 203, 204, 205, 206, 207, 208, 209, 210, 211, 212, 213, 214, 215, 216, 217, 218, 219, 220, 221, 222, 223, 224, 225, 226, 227, 228, 229, 230, 231, 232, 233, 234, 235, 236, 237, 238, 239, 240, 241, 242, 243, 244, 245, 246, 247, 248, 249, 250, 251, 252, 253, 254, 255, 256, 257, 258, 259, 260, 261, 262, 263, 264, 265, 266, 267, 268, 269, 270, 271, 272, 273, 274, 275, 276, 277, 278, 279, 280, 281, 282, 283, 284, 285, 286, 287, 288, 289, 290, 291, 292, 293, 294, 295, 296, 297, 298, 299, 300, 301, 302, 303, 304, 305, 306, 307, 308, 309, 310, 311, 312, 313, 314, 315, 316, 317, 318, 319, 320, 321, 322, 323, 324, 325, 326, 327, 328, 329, 330, 331, 332, 333, 334, 335, 336, 337, 574, 575, 576, 577, 578, 579, 580, 581, 582, 583, 584, 585, 586, 587, 588, 589, 590, 591, 592, 593, 594, 595, 596, 597, 598, 599, 600, 601, 602, 603, 604, 605, 606, 607, 608, 609, 610, 611, 612, 613, 614, 615, 616, 617, 618, 619, 620, 621, 622, 623, 624, 625, 626, 627, 628, 629, 630, 631, 632, 633, 634, 635, 636, 637, 638, 639, 640, 641, 642, 643, 644, 645, 646, 647, 648, 649, 650, 651, 652, 653, 654, 655, 656, 657, 658, 659, 660, 661, 662, 663, 664, 665, 666, 667, 668, 669, 670, 671, 672, 673, 674, 675, 676, 677, 678, 679, 680, 681, 682, 683, 684, 685, 686, 687, 688, 689, 690, 691, 692, 693, 694, 695, 696, 697, 698, 699, 700, 701, 702, 703, 704, 705, 706, 707, 708, 709, 710, 711, 712, 713, 714, 715, 716, 717, 718, 719, 720, 721, 722, 723, 724, 725, 726, 727, 728, 729, 730, 731, 732, 733, 734, 735, 736, 737, 738, 739, 740, 741, 742, 743, 744, 745, 746, 747, 748, 749, 750, 751, 752, 753, 754, 755, 756, 757, 758, 759, 760, 761, 762, 763, 764, 765, 766, 767, 768, 769, 770, 771, 772, 773, 774, 775, 776, 777, 778, 779, 780, 781, 782, 783, 784, 785, 786, 787, 788, 789, 790, 791, 792, 793]","[103, 111, 127, 153, 162, 201, 226, 290, 292, 574, 581, 598, 624, 634, 690, 749, 751]","[41, 234, 267, 290, 522, 698, 726, 749]","[10, 75, 103, 104, 106, 117, 118, 120, 127, 128, 129, 131, 133, 135, 136, 137, 139, 146, 147, 148, 149, 151, 158, 160, 162, 166, 173, 178, 179, 185, 190, 192, 198, 201, 203, 204, 206, 207, 212, 213, 214, 219, 223, 224, 225, 227, 230, 235, 237, 246, 247, 256, 259, 262, 263, 266, 268, 269, 271, 272, 278, 279, 284, 285, 288, 290, 292, 304, 306, 312, 316, 319, 320, 323, 324, 329, 332, 335, 495, 549, 574, 575, 577, 588, 589, 591, 598, 599, 600, 602, 604, 606, 607, 608, 610, 617, 618, 619, 620, 622, 625, 630, 632, 634, 638, 644, 649, 650, 656, 661, 663, 669, 673, 674, 676, 677, 682, 683, 684, 687, 688, 689, 691, 694, 699, 701, 710, 718, 722, 723, 727, 728, 730, 731, 737, 738, 743, 744, 747, 749, 751, 762, 764, 770, 774, 777, 778, 781, 782, 789, 791]","[1, 13, 14, 29, 54, 55, 56, 57, 58, 60, 102, 118, 125, 127, 130, 134, 146, 149, 153, 175, 182, 187, 189, 191, 197, 203, 225, 230, 238, 264, 265, 266, 286, 302, 317, 336, 354, 379, 388, 389, 425, 454, 458, 463, 475, 487, 498, 499, 512, 530, 531, 532, 533, 534, 536, 573, 589, 596, 598, 601, 605, 617, 620, 624, 646, 653, 658, 660, 662, 668, 673, 689, 694, 702, 724, 725, 745, 760, 775, 793, 809, 829, 838, 839, 877, 901, 903, 905, 910, 923]","[1, 13, 14, 29, 54, 55, 56, 57, 58, 60, 102, 118, 125, 127, 130, 134, 146, 149, 153, 175, 182, 187, 189, 191, 197, 225, 230, 238, 264, 265, 266, 286, 302, 317, 336, 379, 388, 389, 425, 454, 458, 463, 475, 487, 498, 499, 512, 530, 531, 532, 533, 534, 536, 573, 589, 596, 598, 601, 605, 617, 620, 624, 646, 653, 658, 660, 662, 668, 689, 694, 702, 724, 725, 745, 760, 775, 793, 829, 838, 839, 877, 901, 903, 905, 910, 923]",7/6 successful match,True,"[422, 423]",True,313,False,,0.6375886524822696,True,Renegade Flyers ( Shell ),Shell
"Santa Rosa , 93422 Valley Pacific Enterprises ( Chevron )",805-462-0659 US 101 & Santa Rosa Exit,FRS,Santa Rosa,93422,Valley Pacific Enterprises ( Chevron ),805-462-0659,2006,Atascadero,CA,Chevron,,US 101 & Santa Rosa Exit,Exit,,False,,False,US 101,Santa Rosa,,,,"[594, 123]","[123, 594]","[123, 209, 243, 273, 275, 311, 325, 594, 679, 707, 732, 734, 769, 783]",[],"[103, 104, 105, 106, 107, 108, 109, 110, 111, 112, 113, 114, 115, 116, 117, 118, 119, 120, 121, 122, 123, 124, 125, 126, 127, 128, 129, 130, 131, 132, 133, 134, 135, 136, 137, 138, 139, 140, 141, 142, 143, 144, 145, 146, 147, 148, 149, 150, 151, 152, 153, 154, 155, 156, 157, 158, 159, 160, 161, 162, 163, 164, 165, 166, 167, 168, 169, 170, 171, 172, 173, 174, 175, 176, 177, 178, 179, 180, 181, 182, 183, 184, 185, 186, 187, 188, 189, 190, 191, 192, 193, 194, 195, 196, 197, 198, 199, 200, 201, 202, 203, 204, 205, 206, 207, 208, 209, 210, 211, 212, 213, 214, 215, 216, 217, 218, 219, 220, 221, 222, 223, 224, 225, 226, 227, 228, 229, 230, 231, 232, 233, 234, 235, 236, 237, 238, 239, 240, 241, 242, 243, 244, 245, 246, 247, 248, 249, 250, 251, 252, 253, 254, 255, 256, 257, 258, 259, 260, 261, 262, 263, 264, 265, 266, 267, 268, 269, 270, 271, 272, 273, 274, 275, 276, 277, 278, 279, 280, 281, 282, 283, 284, 285, 286, 287, 288, 289, 290, 291, 292, 293, 294, 295, 296, 297, 298, 299, 300, 301, 302, 303, 304, 305, 306, 307, 308, 309, 310, 311, 312, 313, 314, 315, 316, 317, 318, 319, 320, 321, 322, 323, 324, 325, 326, 327, 328, 329, 330, 331, 332, 333, 334, 335, 336, 337, 574, 575, 576, 577, 578, 579, 580, 581, 582, 583, 584, 585, 586, 587, 588, 589, 590, 591, 592, 593, 594, 595, 596, 597, 598, 599, 600, 601, 602, 603, 604, 605, 606, 607, 608, 609, 610, 611, 612, 613, 614, 615, 616, 617, 618, 619, 620, 621, 622, 623, 624, 625, 626, 627, 628, 629, 630, 631, 632, 633, 634, 635, 636, 637, 638, 639, 640, 641, 642, 643, 644, 645, 646, 647, 648, 649, 650, 651, 652, 653, 654, 655, 656, 657, 658, 659, 660, 661, 662, 663, 664, 665, 666, 667, 668, 669, 670, 671, 672, 673, 674, 675, 676, 677, 678, 679, 680, 681, 682, 683, 684, 685, 686, 687, 688, 689, 690, 691, 692, 693, 694, 695, 696, 697, 698, 699, 700, 701, 702, 703, 704, 705, 706, 707, 708, 709, 710, 711, 712, 713, 714, 715, 716, 717, 718, 719, 720, 721, 722, 723, 724, 725, 726, 727, 728, 729, 730, 731, 732, 733, 734, 735, 736, 737, 738, 739, 740, 741, 742, 743, 744, 745, 746, 747, 748, 749, 750, 751, 752, 753, 754, 755, 756, 757, 758, 759, 760, 761, 762, 763, 764, 765, 766, 767, 768, 769, 770, 771, 772, 773, 774, 775, 776, 777, 778, 779, 780, 781, 782, 783, 784, 785, 786, 787, 788, 789, 790, 791, 792, 793]","[15, 91, 107, 110, 113, 123, 132, 136, 193, 216, 218, 252, 274, 275, 281, 286, 293, 302, 325, 326, 500, 562, 578, 580, 583, 594, 603, 607, 664, 686, 715, 733, 734, 740, 745, 752, 760, 783, 784]","[12, 24, 25, 28, 88, 100, 104, 119, 123, 129, 136, 137, 139, 140, 141, 148, 155, 169, 172, 179, 183, 185, 188, 196, 198, 217, 237, 267, 270, 278, 319, 321, 324, 325, 330, 334, 335, 354, 366, 369, 380, 383, 384, 386, 395, 407, 411, 423, 428, 436, 437, 452, 453, 456, 467, 471, 477, 478, 479, 497, 508, 511, 559, 571, 575, 590, 594, 600, 607, 608, 610, 611, 612, 619, 627, 640, 643, 650, 654, 656, 659, 667, 669, 685, 701, 726, 729, 737, 777, 779, 782, 783, 787, 790, 791, 809, 817, 819, 830, 833, 834, 836, 845, 856, 857, 860, 862, 875, 880, 887, 888, 899, 900, 914, 918, 921, 928, 929, 930]","[12, 24, 25, 28, 88, 100, 104, 119, 123, 129, 136, 137, 139, 140, 141, 148, 154, 155, 169, 172, 179, 183, 185, 188, 196, 198, 217, 218, 237, 267, 270, 278, 279, 319, 321, 322, 323, 324, 325, 326, 330, 334, 335, 354, 366, 369, 380, 383, 384, 386, 394, 395, 401, 407, 411, 423, 428, 436, 437, 452, 453, 456, 467, 471, 477, 478, 479, 497, 508, 511, 559, 571, 575, 590, 594, 600, 607, 608, 610, 611, 612, 619, 626, 627, 640, 643, 650, 654, 656, 659, 667, 669, 685, 686, 701, 726, 729, 737, 738, 777, 779, 780, 781, 782, 783, 784, 787, 790, 791, 809, 817, 819, 830, 833, 834, 836, 844, 845, 850, 856, 857, 860, 862, 875, 880, 887, 888, 899, 900, 914, 918, 921, 928, 929, 930]","[12, 15, 24, 25, 28, 88, 91, 100, 103, 104, 105, 106, 107, 108, 109, 110, 111, 112, 113, 114, 115, 116, 117, 118, 119, 120, 121, 122, 123, 124, 125, 126, 127, 128, 129, 130, 131, 132, 133, 134, 135, 136, 137, 138, 139, 140, 141, 142, 143, 144, 145, 146, 147, 148, 149, 150, 151, 152, 153, 154, 155, 156, 157, 158, 159, 160, 161, 162, 163, 164, 165, 166, 167, 168, 169, 170, 171, 172, 173, 174, 175, 176, 177, 178, 179, 180, 181, 182, 183, 184, 185, 186, 187, 188, 189, 190, 191, 192, 193, 194, 195, 196, 197, 198, 199, 200, 201, 202, 203, 204, 205, 206, 207, 208, 209, 210, 211, 212, 213, 214, 215, 216, 217, 218, 219, 220, 221, 222, 223, 224, 225, 226, 227, 228, 229, 230, 231, 232, 233, 234, 235, 236, 237, 238, 239, 240, 241, 242, 243, 244, 245, 246, 247, 248, 249, 250, 251, 252, 253, 254, 255, 256, 257, 258, 259, 260, 261, 262, 263, 264, 265, 266, 267, 268, 269, 270, 271, 272, 273, 274, 275, 276, 277, 278, 279, 280, 281, 282, 283, 284, 285, 286, 287, 288, 289, 290, 291, 292, 293, 294, 295, 296, 297, 298, 299, 300, 301, 302, 303, 304, 305, 306, 307, 308, 309, 310, 311, 312, 313, 314, 315, 316, 317, 318, 319, 320, 321, 322, 323, 324, 325, 326, 327, 328, 329, 330, 331, 332, 333, 334, 335, 336, 337, 354, 366, 369, 380, 383, 384, 386, 394, 395, 401, 407, 411, 423, 428, 436, 437, 452, 453, 456, 467, 471, 477, 478, 479, 497, 500, 508, 511, 559, 562, 571, 574, 575, 576, 577, 578, 579, 580, 581, 582, 583, 584, 585, 586, 587, 588, 589, 590, 591, 592, 593, 594, 595, 596, 597, 598, 599, 600, 601, 602, 603, 604, 605, 606, 607, 608, 609, 610, 611, 612, 613, 614, 615, 616, 617, 618, 619, 620, 621, 622, 623, 624, 625, 626, 627, 628, 629, 630, 631, 632, 633, 634, 635, 636, 637, 638, 639, 640, 641, 642, 643, 644, 645, 646, 647, 648, 649, 650, 651, 652, 653, 654, 655, 656, 657, 658, 659, 660, 661, 662, 663, 664, 665, 666, 667, 668, 669, 670, 671, 672, 673, 674, 675, 676, 677, 678, 679, 680, 681, 682, 683, 684, 685, 686, 687, 688, 689, 690, 691, 692, 693, 694, 695, 696, 697, 698, 699, 700, 701, 702, 703, 704, 705, 706, 707, 708, 709, 710, 711, 712, 713, 714, 715, 716, 717, 718, 719, 720, 721, 722, 723, 724, 725, 726, 727, 728, 729, 730, 731, 732, 733, 734, 735, 736, 737, 738, 739, 740, 741, 742, 743, 744, 745, 746, 747, 748, 749, 750, 751, 752, 753, 754, 755, 756, 757, 758, 759, 760, 761, 762, 763, 764, 765, 766, 767, 768, 769, 770, 771, 772, 773, 774, 775, 776, 777, 778, 779, 780, 781, 782, 783, 784, 785, 786, 787, 788, 789, 790, 791, 792, 793, 809, 817, 819, 830, 833, 834, 836, 844, 845, 850, 856, 857, 860, 862, 875, 880, 887, 888, 899, 900, 914, 918, 921, 928, 929, 930]",True,"[123, 594]","[103, 104, 105, 106, 107, 108, 109, 110, 111, 112, 113, 114, 115, 116, 117, 118, 119, 120, 121, 122, 123, 124, 125, 126, 127, 128, 129, 130, 131, 132, 133, 134, 135, 136, 137, 138, 139, 140, 141, 142, 143, 144, 145, 146, 147, 148, 149, 150, 151, 152, 153, 154, 155, 156, 157, 158, 159, 160, 161, 162, 163, 164, 165, 166, 167, 168, 169, 170, 171, 172, 173, 174, 175, 176, 177, 178, 179, 180, 181, 182, 183, 184, 185, 186, 187, 188, 189, 190, 191, 192, 193, 194, 195, 196, 197, 198, 199, 200, 201, 202, 203, 204, 205, 206, 207, 208, 209, 210, 211, 212, 213, 214, 215, 216, 217, 218, 219, 220, 221, 222, 223, 224, 225, 226, 227, 228, 229, 230, 231, 232, 233, 234, 235, 236, 237, 238, 239, 240, 241, 242, 243, 244, 245, 246, 247, 248, 249, 250, 251, 252, 253, 254, 255, 256, 257, 258, 259, 260, 261, 262, 263, 264, 265, 266, 267, 268, 269, 270, 271, 272, 273, 274, 275, 276, 277, 278, 279, 280, 281, 282, 283, 284, 285, 286, 287, 288, 289, 290, 291, 292, 293, 294, 295, 296, 297, 298, 299, 300, 301, 302, 303, 304, 305, 306, 307, 308, 309, 310, 311, 312, 313, 314, 315, 316, 317, 318, 319, 320, 321, 322, 323, 324, 325, 326, 327, 328, 329, 330, 331, 332, 333, 334, 335, 336, 337, 574, 575, 576, 577, 578, 579, 580, 581, 582, 583, 584, 585, 586, 587, 588, 589, 590, 591, 592, 593, 594, 595, 596, 597, 598, 599, 600, 601, 602, 603, 604, 605, 606, 607, 608, 609, 610, 611, 612, 613, 614, 615, 616, 617, 618, 619, 620, 621, 622, 623, 624, 625, 626, 627, 628, 629, 630, 631, 632, 633, 634, 635, 636, 637, 638, 639, 640, 641, 642, 643, 644, 645, 646, 647, 648, 649, 650, 651, 652, 653, 654, 655, 656, 657, 658, 659, 660, 661, 662, 663, 664, 665, 666, 667, 668, 669, 670, 671, 672, 673, 674, 675, 676, 677, 678, 679, 680, 681, 682, 683, 684, 685, 686, 687, 688, 689, 690, 691, 692, 693, 694, 695, 696, 697, 698, 699, 700, 701, 702, 703, 704, 705, 706, 707, 708, 709, 710, 711, 712, 713, 714, 715, 716, 717, 718, 719, 720, 721, 722, 723, 724, 725, 726, 727, 728, 729, 730, 731, 732, 733, 734, 735, 736, 737, 738, 739, 740, 741, 742, 743, 744, 745, 746, 747, 748, 749, 750, 751, 752, 753, 754, 755, 756, 757, 758, 759, 760, 761, 762, 763, 764, 765, 766, 767, 768, 769, 770, 771, 772, 773, 774, 775, 776, 777, 778, 779, 780, 781, 782, 783, 784, 785, 786, 787, 788, 789, 790, 791, 792, 793]","[123, 209, 243, 273, 275, 311, 325, 594, 679, 707, 732, 734, 769, 783]",[],"[15, 91, 107, 110, 113, 123, 132, 136, 193, 216, 218, 252, 274, 275, 281, 286, 293, 302, 325, 326, 500, 562, 578, 580, 583, 594, 603, 607, 664, 686, 715, 733, 734, 740, 745, 752, 760, 783, 784]","[12, 24, 25, 28, 88, 100, 104, 119, 123, 129, 136, 137, 139, 140, 141, 148, 154, 155, 169, 172, 179, 183, 185, 188, 196, 198, 217, 218, 237, 267, 270, 278, 279, 319, 321, 322, 323, 324, 325, 326, 330, 334, 335, 354, 366, 369, 380, 383, 384, 386, 394, 395, 401, 407, 411, 423, 428, 436, 437, 452, 453, 456, 467, 471, 477, 478, 479, 497, 508, 511, 559, 571, 575, 590, 594, 600, 607, 608, 610, 611, 612, 619, 626, 627, 640, 643, 650, 654, 656, 659, 667, 669, 685, 686, 701, 726, 729, 737, 738, 777, 779, 780, 781, 782, 783, 784, 787, 790, 791, 809, 817, 819, 830, 833, 834, 836, 844, 845, 850, 856, 857, 860, 862, 875, 880, 887, 888, 899, 900, 914, 918, 921, 928, 929, 930]","[12, 24, 25, 28, 88, 100, 104, 119, 123, 129, 136, 137, 139, 140, 141, 148, 155, 169, 172, 179, 183, 185, 188, 196, 198, 217, 237, 267, 270, 278, 319, 321, 324, 325, 330, 334, 335, 354, 366, 369, 380, 383, 384, 386, 395, 407, 411, 423, 428, 436, 437, 452, 453, 456, 467, 471, 477, 478, 479, 497, 508, 511, 559, 571, 575, 590, 594, 600, 607, 608, 610, 611, 612, 619, 627, 640, 643, 650, 654, 656, 659, 667, 669, 685, 701, 726, 729, 737, 777, 779, 782, 783, 787, 790, 791, 809, 817, 819, 830, 833, 834, 836, 845, 856, 857, 860, 862, 875, 880, 887, 888, 899, 900, 914, 918, 921, 928, 929, 930]",7/6 successful match,True,"[473, 474]",True,314,False,,,,,
"Atascadero , 93422 Valley Pacific Petroleum",805-462-0659 US 101 & Santa Rosa ( Chevron ),<U+25A1> <U+25A1>,Atascadero,93422,Valley Pacific Petroleum,805-462-0659,2007,Atascadero,CA,,( Chevron ),US 101 & Santa Rosa,empty,,False,,False,US 101,Santa Rosa,,,,"[594, 123]","[123, 594]","[123, 594]",[],"[103, 104, 105, 106, 107, 108, 109, 110, 111, 112, 113, 114, 115, 116, 117, 118, 119, 120, 121, 122, 123, 124, 125, 126, 127, 128, 129, 130, 131, 132, 133, 134, 135, 136, 137, 138, 139, 140, 141, 142, 143, 144, 145, 146, 147, 148, 149, 150, 151, 152, 153, 154, 155, 156, 157, 158, 159, 160, 161, 162, 163, 164, 165, 166, 167, 168, 169, 170, 171, 172, 173, 174, 175, 176, 177, 178, 179, 180, 181, 182, 183, 184, 185, 186, 187, 188, 189, 190, 191, 192, 193, 194, 195, 196, 197, 198, 199, 200, 201, 202, 203, 204, 205, 206, 207, 208, 209, 210, 211, 212, 213, 214, 215, 216, 217, 218, 219, 220, 221, 222, 223, 224, 225, 226, 227, 228, 229, 230, 231, 232, 233, 234, 235, 236, 237, 238, 239, 240, 241, 242, 243, 244, 245, 246, 247, 248, 249, 250, 251, 252, 253, 254, 255, 256, 257, 258, 259, 260, 261, 262, 263, 264, 265, 266, 267, 268, 269, 270, 271, 272, 273, 274, 275, 276, 277, 278, 279, 280, 281, 282, 283, 284, 285, 286, 287, 288, 289, 290, 291, 292, 293, 294, 295, 296, 297, 298, 299, 300, 301, 302, 303, 304, 305, 306, 307, 308, 309, 310, 311, 312, 313, 314, 315, 316, 317, 318, 319, 320, 321, 322, 323, 324, 325, 326, 327, 328, 329, 330, 331, 332, 333, 334, 335, 336, 337, 574, 575, 576, 577, 578, 579, 580, 581, 582, 583, 584, 585, 586, 587, 588, 589, 590, 591, 592, 593, 594, 595, 596, 597, 598, 599, 600, 601, 602, 603, 604, 605, 606, 607, 608, 609, 610, 611, 612, 613, 614, 615, 616, 617, 618, 619, 620, 621, 622, 623, 624, 625, 626, 627, 628, 629, 630, 631, 632, 633, 634, 635, 636, 637, 638, 639, 640, 641, 642, 643, 644, 645, 646, 647, 648, 649, 650, 651, 652, 653, 654, 655, 656, 657, 658, 659, 660, 661, 662, 663, 664, 665, 666, 667, 668, 669, 670, 671, 672, 673, 674, 675, 676, 677, 678, 679, 680, 681, 682, 683, 684, 685, 686, 687, 688, 689, 690, 691, 692, 693, 694, 695, 696, 697, 698, 699, 700, 701, 702, 703, 704, 705, 706, 707, 708, 709, 710, 711, 712, 713, 714, 715, 716, 717, 718, 719, 720, 721, 722, 723, 724, 725, 726, 727, 728, 729, 730, 731, 732, 733, 734, 735, 736, 737, 738, 739, 740, 741, 742, 743, 744, 745, 746, 747, 748, 749, 750, 751, 752, 753, 754, 755, 756, 757, 758, 759, 760, 761, 762, 763, 764, 765, 766, 767, 768, 769, 770, 771, 772, 773, 774, 775, 776, 777, 778, 779, 780, 781, 782, 783, 784, 785, 786, 787, 788, 789, 790, 791, 792, 793]","[15, 91, 107, 110, 113, 123, 132, 136, 193, 216, 218, 252, 274, 275, 281, 286, 293, 302, 325, 326, 500, 562, 578, 580, 583, 594, 603, 607, 664, 686, 715, 733, 734, 740, 745, 752, 760, 783, 784]",[],"[154, 176, 177, 218, 279, 321, 322, 323, 324, 325, 326, 332, 394, 401, 467, 483, 484, 626, 647, 648, 686, 738, 779, 780, 781, 782, 783, 784, 789, 844, 850, 914, 927, 934, 935]","[15, 91, 103, 104, 105, 106, 107, 108, 109, 110, 111, 112, 113, 114, 115, 116, 117, 118, 119, 120, 121, 122, 123, 124, 125, 126, 127, 128, 129, 130, 131, 132, 133, 134, 135, 136, 137, 138, 139, 140, 141, 142, 143, 144, 145, 146, 147, 148, 149, 150, 151, 152, 153, 154, 155, 156, 157, 158, 159, 160, 161, 162, 163, 164, 165, 166, 167, 168, 169, 170, 171, 172, 173, 174, 175, 176, 177, 178, 179, 180, 181, 182, 183, 184, 185, 186, 187, 188, 189, 190, 191, 192, 193, 194, 195, 196, 197, 198, 199, 200, 201, 202, 203, 204, 205, 206, 207, 208, 209, 210, 211, 212, 213, 214, 215, 216, 217, 218, 219, 220, 221, 222, 223, 224, 225, 226, 227, 228, 229, 230, 231, 232, 233, 234, 235, 236, 237, 238, 239, 240, 241, 242, 243, 244, 245, 246, 247, 248, 249, 250, 251, 252, 253, 254, 255, 256, 257, 258, 259, 260, 261, 262, 263, 264, 265, 266, 267, 268, 269, 270, 271, 272, 273, 274, 275, 276, 277, 278, 279, 280, 281, 282, 283, 284, 285, 286, 287, 288, 289, 290, 291, 292, 293, 294, 295, 296, 297, 298, 299, 300, 301, 302, 303, 304, 305, 306, 307, 308, 309, 310, 311, 312, 313, 314, 315, 316, 317, 318, 319, 320, 321, 322, 323, 324, 325, 326, 327, 328, 329, 330, 331, 332, 333, 334, 335, 336, 337, 394, 401, 467, 483, 484, 500, 562, 574, 575, 576, 577, 578, 579, 580, 581, 582, 583, 584, 585, 586, 587, 588, 589, 590, 591, 592, 593, 594, 595, 596, 597, 598, 599, 600, 601, 602, 603, 604, 605, 606, 607, 608, 609, 610, 611, 612, 613, 614, 615, 616, 617, 618, 619, 620, 621, 622, 623, 624, 625, 626, 627, 628, 629, 630, 631, 632, 633, 634, 635, 636, 637, 638, 639, 640, 641, 642, 643, 644, 645, 646, 647, 648, 649, 650, 651, 652, 653, 654, 655, 656, 657, 658, 659, 660, 661, 662, 663, 664, 665, 666, 667, 668, 669, 670, 671, 672, 673, 674, 675, 676, 677, 678, 679, 680, 681, 682, 683, 684, 685, 686, 687, 688, 689, 690, 691, 692, 693, 694, 695, 696, 697, 698, 699, 700, 701, 702, 703, 704, 705, 706, 707, 708, 709, 710, 711, 712, 713, 714, 715, 716, 717, 718, 719, 720, 721, 722, 723, 724, 725, 726, 727, 728, 729, 730, 731, 732, 733, 734, 735, 736, 737, 738, 739, 740, 741, 742, 743, 744, 745, 746, 747, 748, 749, 750, 751, 752, 753, 754, 755, 756, 757, 758, 759, 760, 761, 762, 763, 764, 765, 766, 767, 768, 769, 770, 771, 772, 773, 774, 775, 776, 777, 778, 779, 780, 781, 782, 783, 784, 785, 786, 787, 788, 789, 790, 791, 792, 793, 844, 850, 914, 927, 934, 935]",True,"[123, 594]","[103, 104, 105, 106, 107, 108, 109, 110, 111, 112, 113, 114, 115, 116, 117, 118, 119, 120, 121, 122, 123, 124, 125, 126, 127, 128, 129, 130, 131, 132, 133, 134, 135, 136, 137, 138, 139, 140, 141, 142, 143, 144, 145, 146, 147, 148, 149, 150, 151, 152, 153, 154, 155, 156, 157, 158, 159, 160, 161, 162, 163, 164, 165, 166, 167, 168, 169, 170, 171, 172, 173, 174, 175, 176, 177, 178, 179, 180, 181, 182, 183, 184, 185, 186, 187, 188, 189, 190, 191, 192, 193, 194, 195, 196, 197, 198, 199, 200, 201, 202, 203, 204, 205, 206, 207, 208, 209, 210, 211, 212, 213, 214, 215, 216, 217, 218, 219, 220, 221, 222, 223, 224, 225, 226, 227, 228, 229, 230, 231, 232, 233, 234, 235, 236, 237, 238, 239, 240, 241, 242, 243, 244, 245, 246, 247, 248, 249, 250, 251, 252, 253, 254, 255, 256, 257, 258, 259, 260, 261, 262, 263, 264, 265, 266, 267, 268, 269, 270, 271, 272, 273, 274, 275, 276, 277, 278, 279, 280, 281, 282, 283, 284, 285, 286, 287, 288, 289, 290, 291, 292, 293, 294, 295, 296, 297, 298, 299, 300, 301, 302, 303, 304, 305, 306, 307, 308, 309, 310, 311, 312, 313, 314, 315, 316, 317, 318, 319, 320, 321, 322, 323, 324, 325, 326, 327, 328, 329, 330, 331, 332, 333, 334, 335, 336, 337, 574, 575, 576, 577, 578, 579, 580, 581, 582, 583, 584, 585, 586, 587, 588, 589, 590, 591, 592, 593, 594, 595, 596, 597, 598, 599, 600, 601, 602, 603, 604, 605, 606, 607, 608, 609, 610, 611, 612, 613, 614, 615, 616, 617, 618, 619, 620, 621, 622, 623, 624, 625, 626, 627, 628, 629, 630, 631, 632, 633, 634, 635, 636, 637, 638, 639, 640, 641, 642, 643, 644, 645, 646, 647, 648, 649, 650, 651, 652, 653, 654, 655, 656, 657, 658, 659, 660, 661, 662, 663, 664, 665, 666, 667, 668, 669, 670, 671, 672, 673, 674, 675, 676, 677, 678, 679, 680, 681, 682, 683, 684, 685, 686, 687, 688, 689, 690, 691, 692, 693, 694, 695, 696, 697, 698, 699, 700, 701, 702, 703, 704, 705, 706, 707, 708, 709, 710, 711, 712, 713, 714, 715, 716, 717, 718, 719, 720, 721, 722, 723, 724, 725, 726, 727, 728, 729, 730, 731, 732, 733, 734, 735, 736, 737, 738, 739, 740, 741, 742, 743, 744, 745, 746, 747, 748, 749, 750, 751, 752, 753, 754, 755, 756, 757, 758, 759, 760, 761, 762, 763, 764, 765, 766, 767, 768, 769, 770, 771, 772, 773, 774, 775, 776, 777, 778, 779, 780, 781, 782, 783, 784, 785, 786, 787, 788, 789, 790, 791, 792, 793]","[123, 594]",[],"[15, 91, 107, 110, 113, 123, 132, 136, 193, 216, 218, 252, 274, 275, 281, 286, 293, 302, 325, 326, 500, 562, 578, 580, 583, 594, 603, 607, 664, 686, 715, 733, 734, 740, 745, 752, 760, 783, 784]","[154, 176, 177, 218, 279, 321, 322, 323, 324, 325, 326, 332, 394, 401, 467, 483, 484, 626, 647, 648, 686, 738, 779, 780, 781, 782, 783, 784, 789, 844, 850, 914, 927, 934, 935]",[],5/6 successful match,True,"[473, 474]",True,314,False,,0.8838709677419355,True,Valley Pacific Enterprises ( Chevron ),Chevron
"Atascadero , 93422 Valley Pacific Petroleum ( Chevron )",3 805-462-0659 US 101 & Santa Rosa,<U+2610> DO,Atascadero,93422,Valley Pacific Petroleum ( Chevron ),805-462-0659,2008,Atascadero,CA,Chevron,,US 101 & Santa Rosa,empty,,False,,False,US 101,Santa Rosa,,,,"[594, 123]","[123, 594]","[123, 594]",[],"[103, 104, 105, 106, 107, 108, 109, 110, 111, 112, 113, 114, 115, 116, 117, 118, 119, 120, 121, 122, 123, 124, 125, 126, 127, 128, 129, 130, 131, 132, 133, 134, 135, 136, 137, 138, 139, 140, 141, 142, 143, 144, 145, 146, 147, 148, 149, 150, 151, 152, 153, 154, 155, 156, 157, 158, 159, 160, 161, 162, 163, 164, 165, 166, 167, 168, 169, 170, 171, 172, 173, 174, 175, 176, 177, 178, 179, 180, 181, 182, 183, 184, 185, 186, 187, 188, 189, 190, 191, 192, 193, 194, 195, 196, 197, 198, 199, 200, 201, 202, 203, 204, 205, 206, 207, 208, 209, 210, 211, 212, 213, 214, 215, 216, 217, 218, 219, 220, 221, 222, 223, 224, 225, 226, 227, 228, 229, 230, 231, 232, 233, 234, 235, 236, 237, 238, 239, 240, 241, 242, 243, 244, 245, 246, 247, 248, 249, 250, 251, 252, 253, 254, 255, 256, 257, 258, 259, 260, 261, 262, 263, 264, 265, 266, 267, 268, 269, 270, 271, 272, 273, 274, 275, 276, 277, 278, 279, 280, 281, 282, 283, 284, 285, 286, 287, 288, 289, 290, 291, 292, 293, 294, 295, 296, 297, 298, 299, 300, 301, 302, 303, 304, 305, 306, 307, 308, 309, 310, 311, 312, 313, 314, 315, 316, 317, 318, 319, 320, 321, 322, 323, 324, 325, 326, 327, 328, 329, 330, 331, 332, 333, 334, 335, 336, 337, 574, 575, 576, 577, 578, 579, 580, 581, 582, 583, 584, 585, 586, 587, 588, 589, 590, 591, 592, 593, 594, 595, 596, 597, 598, 599, 600, 601, 602, 603, 604, 605, 606, 607, 608, 609, 610, 611, 612, 613, 614, 615, 616, 617, 618, 619, 620, 621, 622, 623, 624, 625, 626, 627, 628, 629, 630, 631, 632, 633, 634, 635, 636, 637, 638, 639, 640, 641, 642, 643, 644, 645, 646, 647, 648, 649, 650, 651, 652, 653, 654, 655, 656, 657, 658, 659, 660, 661, 662, 663, 664, 665, 666, 667, 668, 669, 670, 671, 672, 673, 674, 675, 676, 677, 678, 679, 680, 681, 682, 683, 684, 685, 686, 687, 688, 689, 690, 691, 692, 693, 694, 695, 696, 697, 698, 699, 700, 701, 702, 703, 704, 705, 706, 707, 708, 709, 710, 711, 712, 713, 714, 715, 716, 717, 718, 719, 720, 721, 722, 723, 724, 725, 726, 727, 728, 729, 730, 731, 732, 733, 734, 735, 736, 737, 738, 739, 740, 741, 742, 743, 744, 745, 746, 747, 748, 749, 750, 751, 752, 753, 754, 755, 756, 757, 758, 759, 760, 761, 762, 763, 764, 765, 766, 767, 768, 769, 770, 771, 772, 773, 774, 775, 776, 777, 778, 779, 780, 781, 782, 783, 784, 785, 786, 787, 788, 789, 790, 791, 792, 793]","[15, 91, 107, 110, 113, 123, 132, 136, 193, 216, 218, 252, 274, 275, 281, 286, 293, 302, 325, 326, 500, 562, 578, 580, 583, 594, 603, 607, 664, 686, 715, 733, 734, 740, 745, 752, 760, 783, 784]","[12, 24, 25, 28, 88, 100, 104, 119, 123, 129, 136, 137, 139, 140, 141, 148, 155, 169, 172, 179, 183, 185, 188, 196, 198, 217, 237, 267, 270, 278, 319, 321, 324, 325, 330, 334, 335, 354, 366, 369, 380, 383, 384, 386, 395, 407, 411, 423, 428, 436, 437, 452, 453, 456, 467, 471, 477, 478, 479, 497, 508, 511, 559, 571, 575, 590, 594, 600, 607, 608, 610, 611, 612, 619, 627, 640, 643, 650, 654, 656, 659, 667, 669, 685, 701, 726, 729, 737, 777, 779, 782, 783, 787, 790, 791, 809, 817, 819, 830, 833, 834, 836, 845, 856, 857, 860, 862, 875, 880, 887, 888, 899, 900, 914, 918, 921, 928, 929, 930]","[12, 24, 25, 28, 88, 100, 104, 119, 123, 129, 136, 137, 139, 140, 141, 148, 154, 155, 169, 172, 176, 177, 179, 183, 185, 188, 196, 198, 217, 218, 237, 267, 270, 278, 279, 319, 321, 322, 323, 324, 325, 326, 330, 332, 334, 335, 354, 366, 369, 380, 383, 384, 386, 394, 395, 401, 407, 411, 423, 428, 436, 437, 452, 453, 456, 467, 471, 477, 478, 479, 483, 484, 497, 508, 511, 559, 571, 575, 590, 594, 600, 607, 608, 610, 611, 612, 619, 626, 627, 640, 643, 647, 648, 650, 654, 656, 659, 667, 669, 685, 686, 701, 726, 729, 737, 738, 777, 779, 780, 781, 782, 783, 784, 787, 789, 790, 791, 809, 817, 819, 830, 833, 834, 836, 844, 845, 850, 856, 857, 860, 862, 875, 880, 887, 888, 899, 900, 914, 918, 921, 927, 928, 929, 930, 934, 935]","[12, 15, 24, 25, 28, 88, 91, 100, 103, 104, 105, 106, 107, 108, 109, 110, 111, 112, 113, 114, 115, 116, 117, 118, 119, 120, 121, 122, 123, 124, 125, 126, 127, 128, 129, 130, 131, 132, 133, 134, 135, 136, 137, 138, 139, 140, 141, 142, 143, 144, 145, 146, 147, 148, 149, 150, 151, 152, 153, 154, 155, 156, 157, 158, 159, 160, 161, 162, 163, 164, 165, 166, 167, 168, 169, 170, 171, 172, 173, 174, 175, 176, 177, 178, 179, 180, 181, 182, 183, 184, 185, 186, 187, 188, 189, 190, 191, 192, 193, 194, 195, 196, 197, 198, 199, 200, 201, 202, 203, 204, 205, 206, 207, 208, 209, 210, 211, 212, 213, 214, 215, 216, 217, 218, 219, 220, 221, 222, 223, 224, 225, 226, 227, 228, 229, 230, 231, 232, 233, 234, 235, 236, 237, 238, 239, 240, 241, 242, 243, 244, 245, 246, 247, 248, 249, 250, 251, 252, 253, 254, 255, 256, 257, 258, 259, 260, 261, 262, 263, 264, 265, 266, 267, 268, 269, 270, 271, 272, 273, 274, 275, 276, 277, 278, 279, 280, 281, 282, 283, 284, 285, 286, 287, 288, 289, 290, 291, 292, 293, 294, 295, 296, 297, 298, 299, 300, 301, 302, 303, 304, 305, 306, 307, 308, 309, 310, 311, 312, 313, 314, 315, 316, 317, 318, 319, 320, 321, 322, 323, 324, 325, 326, 327, 328, 329, 330, 331, 332, 333, 334, 335, 336, 337, 354, 366, 369, 380, 383, 384, 386, 394, 395, 401, 407, 411, 423, 428, 436, 437, 452, 453, 456, 467, 471, 477, 478, 479, 483, 484, 497, 500, 508, 511, 559, 562, 571, 574, 575, 576, 577, 578, 579, 580, 581, 582, 583, 584, 585, 586, 587, 588, 589, 590, 591, 592, 593, 594, 595, 596, 597, 598, 599, 600, 601, 602, 603, 604, 605, 606, 607, 608, 609, 610, 611, 612, 613, 614, 615, 616, 617, 618, 619, 620, 621, 622, 623, 624, 625, 626, 627, 628, 629, 630, 631, 632, 633, 634, 635, 636, 637, 638, 639, 640, 641, 642, 643, 644, 645, 646, 647, 648, 649, 650, 651, 652, 653, 654, 655, 656, 657, 658, 659, 660, 661, 662, 663, 664, 665, 666, 667, 668, 669, 670, 671, 672, 673, 674, 675, 676, 677, 678, 679, 680, 681, 682, 683, 684, 685, 686, 687, 688, 689, 690, 691, 692, 693, 694, 695, 696, 697, 698, 699, 700, 701, 702, 703, 704, 705, 706, 707, 708, 709, 710, 711, 712, 713, 714, 715, 716, 717, 718, 719, 720, 721, 722, 723, 724, 725, 726, 727, 728, 729, 730, 731, 732, 733, 734, 735, 736, 737, 738, 739, 740, 741, 742, 743, 744, 745, 746, 747, 748, 749, 750, 751, 752, 753, 754, 755, 756, 757, 758, 759, 760, 761, 762, 763, 764, 765, 766, 767, 768, 769, 770, 771, 772, 773, 774, 775, 776, 777, 778, 779, 780, 781, 782, 783, 784, 785, 786, 787, 788, 789, 790, 791, 792, 793, 809, 817, 819, 830, 833, 834, 836, 844, 845, 850, 856, 857, 860, 862, 875, 880, 887, 888, 899, 900, 914, 918, 921, 927, 928, 929, 930, 934, 935]",True,"[123, 594]","[103, 104, 105, 106, 107, 108, 109, 110, 111, 112, 113, 114, 115, 116, 117, 118, 119, 120, 121, 122, 123, 124, 125, 126, 127, 128, 129, 130, 131, 132, 133, 134, 135, 136, 137, 138, 139, 140, 141, 142, 143, 144, 145, 146, 147, 148, 149, 150, 151, 152, 153, 154, 155, 156, 157, 158, 159, 160, 161, 162, 163, 164, 165, 166, 167, 168, 169, 170, 171, 172, 173, 174, 175, 176, 177, 178, 179, 180, 181, 182, 183, 184, 185, 186, 187, 188, 189, 190, 191, 192, 193, 194, 195, 196, 197, 198, 199, 200, 201, 202, 203, 204, 205, 206, 207, 208, 209, 210, 211, 212, 213, 214, 215, 216, 217, 218, 219, 220, 221, 222, 223, 224, 225, 226, 227, 228, 229, 230, 231, 232, 233, 234, 235, 236, 237, 238, 239, 240, 241, 242, 243, 244, 245, 246, 247, 248, 249, 250, 251, 252, 253, 254, 255, 256, 257, 258, 259, 260, 261, 262, 263, 264, 265, 266, 267, 268, 269, 270, 271, 272, 273, 274, 275, 276, 277, 278, 279, 280, 281, 282, 283, 284, 285, 286, 287, 288, 289, 290, 291, 292, 293, 294, 295, 296, 297, 298, 299, 300, 301, 302, 303, 304, 305, 306, 307, 308, 309, 310, 311, 312, 313, 314, 315, 316, 317, 318, 319, 320, 321, 322, 323, 324, 325, 326, 327, 328, 329, 330, 331, 332, 333, 334, 335, 336, 337, 574, 575, 576, 577, 578, 579, 580, 581, 582, 583, 584, 585, 586, 587, 588, 589, 590, 591, 592, 593, 594, 595, 596, 597, 598, 599, 600, 601, 602, 603, 604, 605, 606, 607, 608, 609, 610, 611, 612, 613, 614, 615, 616, 617, 618, 619, 620, 621, 622, 623, 624, 625, 626, 627, 628, 629, 630, 631, 632, 633, 634, 635, 636, 637, 638, 639, 640, 641, 642, 643, 644, 645, 646, 647, 648, 649, 650, 651, 652, 653, 654, 655, 656, 657, 658, 659, 660, 661, 662, 663, 664, 665, 666, 667, 668, 669, 670, 671, 672, 673, 674, 675, 676, 677, 678, 679, 680, 681, 682, 683, 684, 685, 686, 687, 688, 689, 690, 691, 692, 693, 694, 695, 696, 697, 698, 699, 700, 701, 702, 703, 704, 705, 706, 707, 708, 709, 710, 711, 712, 713, 714, 715, 716, 717, 718, 719, 720, 721, 722, 723, 724, 725, 726, 727, 728, 729, 730, 731, 732, 733, 734, 735, 736, 737, 738, 739, 740, 741, 742, 743, 744, 745, 746, 747, 748, 749, 750, 751, 752, 753, 754, 755, 756, 757, 758, 759, 760, 761, 762, 763, 764, 765, 766, 767, 768, 769, 770, 771, 772, 773, 774, 775, 776, 777, 778, 779, 780, 781, 782, 783, 784, 785, 786, 787, 788, 789, 790, 791, 792, 793]","[123, 594]",[],"[15, 91, 107, 110, 113, 123, 132, 136, 193, 216, 218, 252, 274, 275, 281, 286, 293, 302, 325, 326, 500, 562, 578, 580, 583, 594, 603, 607, 664, 686, 715, 733, 734, 740, 745, 752, 760, 783, 784]","[12, 24, 25, 28, 88, 100, 104, 119, 123, 129, 136, 137, 139, 140, 141, 148, 154, 155, 169, 172, 176, 177, 179, 183, 185, 188, 196, 198, 217, 218, 237, 267, 270, 278, 279, 319, 321, 322, 323, 324, 325, 326, 330, 332, 334, 335, 354, 366, 369, 380, 383, 384, 386, 394, 395, 401, 407, 411, 423, 428, 436, 437, 452, 453, 456, 467, 471, 477, 478, 479, 483, 484, 497, 508, 511, 559, 571, 575, 590, 594, 600, 607, 608, 610, 611, 612, 619, 626, 627, 640, 643, 647, 648, 650, 654, 656, 659, 667, 669, 685, 686, 701, 726, 729, 737, 738, 777, 779, 780, 781, 782, 783, 784, 787, 789, 790, 791, 809, 817, 819, 830, 833, 834, 836, 844, 845, 850, 856, 857, 860, 862, 875, 880, 887, 888, 899, 900, 914, 918, 921, 927, 928, 929, 930, 934, 935]","[12, 24, 25, 28, 88, 100, 104, 119, 123, 129, 136, 137, 139, 140, 141, 148, 155, 169, 172, 179, 183, 185, 188, 196, 198, 217, 237, 267, 270, 278, 319, 321, 324, 325, 330, 334, 335, 354, 366, 369, 380, 383, 384, 386, 395, 407, 411, 423, 428, 436, 437, 452, 453, 456, 467, 471, 477, 478, 479, 497, 508, 511, 559, 571, 575, 590, 594, 600, 607, 608, 610, 611, 612, 619, 627, 640, 643, 650, 654, 656, 659, 667, 669, 685, 701, 726, 729, 737, 777, 779, 782, 783, 787, 790, 791, 809, 817, 819, 830, 833, 834, 836, 845, 856, 857, 860, 862, 875, 880, 887, 888, 899, 900, 914, 918, 921, 928, 929, 930]",7/6 successful match,True,"[473, 474]",True,314,False,,1.0,True,Valley Pacific Petroleum,
Atascadero ( 93422 ) Valley Pacific Petroleum ( Chevron ),805-462-0659 US 101 & Santa Rosa,<U+2610> <U+2610><U+2610> <U+25A1>,Atascadero,93422,Valley Pacific Petroleum ( Chevron ),805-462-0659,2014,Atascadero,CA,Chevron,,US 101 & Santa Rosa,empty,,False,,False,US 101,Santa Rosa,,,,"[594, 123]","[123, 594]","[123, 594]",[],"[103, 104, 105, 106, 107, 108, 109, 110, 111, 112, 113, 114, 115, 116, 117, 118, 119, 120, 121, 122, 123, 124, 125, 126, 127, 128, 129, 130, 131, 132, 133, 134, 135, 136, 137, 138, 139, 140, 141, 142, 143, 144, 145, 146, 147, 148, 149, 150, 151, 152, 153, 154, 155, 156, 157, 158, 159, 160, 161, 162, 163, 164, 165, 166, 167, 168, 169, 170, 171, 172, 173, 174, 175, 176, 177, 178, 179, 180, 181, 182, 183, 184, 185, 186, 187, 188, 189, 190, 191, 192, 193, 194, 195, 196, 197, 198, 199, 200, 201, 202, 203, 204, 205, 206, 207, 208, 209, 210, 211, 212, 213, 214, 215, 216, 217, 218, 219, 220, 221, 222, 223, 224, 225, 226, 227, 228, 229, 230, 231, 232, 233, 234, 235, 236, 237, 238, 239, 240, 241, 242, 243, 244, 245, 246, 247, 248, 249, 250, 251, 252, 253, 254, 255, 256, 257, 258, 259, 260, 261, 262, 263, 264, 265, 266, 267, 268, 269, 270, 271, 272, 273, 274, 275, 276, 277, 278, 279, 280, 281, 282, 283, 284, 285, 286, 287, 288, 289, 290, 291, 292, 293, 294, 295, 296, 297, 298, 299, 300, 301, 302, 303, 304, 305, 306, 307, 308, 309, 310, 311, 312, 313, 314, 315, 316, 317, 318, 319, 320, 321, 322, 323, 324, 325, 326, 327, 328, 329, 330, 331, 332, 333, 334, 335, 336, 337, 574, 575, 576, 577, 578, 579, 580, 581, 582, 583, 584, 585, 586, 587, 588, 589, 590, 591, 592, 593, 594, 595, 596, 597, 598, 599, 600, 601, 602, 603, 604, 605, 606, 607, 608, 609, 610, 611, 612, 613, 614, 615, 616, 617, 618, 619, 620, 621, 622, 623, 624, 625, 626, 627, 628, 629, 630, 631, 632, 633, 634, 635, 636, 637, 638, 639, 640, 641, 642, 643, 644, 645, 646, 647, 648, 649, 650, 651, 652, 653, 654, 655, 656, 657, 658, 659, 660, 661, 662, 663, 664, 665, 666, 667, 668, 669, 670, 671, 672, 673, 674, 675, 676, 677, 678, 679, 680, 681, 682, 683, 684, 685, 686, 687, 688, 689, 690, 691, 692, 693, 694, 695, 696, 697, 698, 699, 700, 701, 702, 703, 704, 705, 706, 707, 708, 709, 710, 711, 712, 713, 714, 715, 716, 717, 718, 719, 720, 721, 722, 723, 724, 725, 726, 727, 728, 729, 730, 731, 732, 733, 734, 735, 736, 737, 738, 739, 740, 741, 742, 743, 744, 745, 746, 747, 748, 749, 750, 751, 752, 753, 754, 755, 756, 757, 758, 759, 760, 761, 762, 763, 764, 765, 766, 767, 768, 769, 770, 771, 772, 773, 774, 775, 776, 777, 778, 779, 780, 781, 782, 783, 784, 785, 786, 787, 788, 789, 790, 791, 792, 793]","[15, 91, 107, 110, 113, 123, 132, 136, 193, 216, 218, 252, 274, 275, 281, 286, 293, 302, 325, 326, 500, 562, 578, 580, 583, 594, 603, 607, 664, 686, 715, 733, 734, 740, 745, 752, 760, 783, 784]","[12, 24, 25, 28, 88, 100, 104, 119, 123, 129, 136, 137, 139, 140, 141, 148, 155, 169, 172, 179, 183, 185, 188, 196, 198, 217, 237, 267, 270, 278, 319, 321, 324, 325, 330, 334, 335, 354, 366, 369, 380, 383, 384, 386, 395, 407, 411, 423, 428, 436, 437, 452, 453, 456, 467, 471, 477, 478, 479, 497, 508, 511, 559, 571, 575, 590, 594, 600, 607, 608, 610, 611, 612, 619, 627, 640, 643, 650, 654, 656, 659, 667, 669, 685, 701, 726, 729, 737, 777, 779, 782, 783, 787, 790, 791, 809, 817, 819, 830, 833, 834, 836, 845, 856, 857, 860, 862, 875, 880, 887, 888, 899, 900, 914, 918, 921, 928, 929, 930]","[12, 24, 25, 28, 88, 100, 104, 119, 123, 129, 136, 137, 139, 140, 141, 148, 154, 155, 169, 172, 176, 177, 179, 183, 185, 188, 196, 198, 217, 218, 237, 267, 270, 278, 279, 319, 321, 322, 323, 324, 325, 326, 330, 332, 334, 335, 354, 366, 369, 380, 383, 384, 386, 394, 395, 401, 407, 411, 423, 428, 436, 437, 452, 453, 456, 467, 471, 477, 478, 479, 483, 484, 497, 508, 511, 559, 571, 575, 590, 594, 600, 607, 608, 610, 611, 612, 619, 626, 627, 640, 643, 647, 648, 650, 654, 656, 659, 667, 669, 685, 686, 701, 726, 729, 737, 738, 777, 779, 780, 781, 782, 783, 784, 787, 789, 790, 791, 809, 817, 819, 830, 833, 834, 836, 844, 845, 850, 856, 857, 860, 862, 875, 880, 887, 888, 899, 900, 914, 918, 921, 927, 928, 929, 930, 934, 935]","[12, 15, 24, 25, 28, 88, 91, 100, 103, 104, 105, 106, 107, 108, 109, 110, 111, 112, 113, 114, 115, 116, 117, 118, 119, 120, 121, 122, 123, 124, 125, 126, 127, 128, 129, 130, 131, 132, 133, 134, 135, 136, 137, 138, 139, 140, 141, 142, 143, 144, 145, 146, 147, 148, 149, 150, 151, 152, 153, 154, 155, 156, 157, 158, 159, 160, 161, 162, 163, 164, 165, 166, 167, 168, 169, 170, 171, 172, 173, 174, 175, 176, 177, 178, 179, 180, 181, 182, 183, 184, 185, 186, 187, 188, 189, 190, 191, 192, 193, 194, 195, 196, 197, 198, 199, 200, 201, 202, 203, 204, 205, 206, 207, 208, 209, 210, 211, 212, 213, 214, 215, 216, 217, 218, 219, 220, 221, 222, 223, 224, 225, 226, 227, 228, 229, 230, 231, 232, 233, 234, 235, 236, 237, 238, 239, 240, 241, 242, 243, 244, 245, 246, 247, 248, 249, 250, 251, 252, 253, 254, 255, 256, 257, 258, 259, 260, 261, 262, 263, 264, 265, 266, 267, 268, 269, 270, 271, 272, 273, 274, 275, 276, 277, 278, 279, 280, 281, 282, 283, 284, 285, 286, 287, 288, 289, 290, 291, 292, 293, 294, 295, 296, 297, 298, 299, 300, 301, 302, 303, 304, 305, 306, 307, 308, 309, 310, 311, 312, 313, 314, 315, 316, 317, 318, 319, 320, 321, 322, 323, 324, 325, 326, 327, 328, 329, 330, 331, 332, 333, 334, 335, 336, 337, 354, 366, 369, 380, 383, 384, 386, 394, 395, 401, 407, 411, 423, 428, 436, 437, 452, 453, 456, 467, 471, 477, 478, 479, 483, 484, 497, 500, 508, 511, 559, 562, 571, 574, 575, 576, 577, 578, 579, 580, 581, 582, 583, 584, 585, 586, 587, 588, 589, 590, 591, 592, 593, 594, 595, 596, 597, 598, 599, 600, 601, 602, 603, 604, 605, 606, 607, 608, 609, 610, 611, 612, 613, 614, 615, 616, 617, 618, 619, 620, 621, 622, 623, 624, 625, 626, 627, 628, 629, 630, 631, 632, 633, 634, 635, 636, 637, 638, 639, 640, 641, 642, 643, 644, 645, 646, 647, 648, 649, 650, 651, 652, 653, 654, 655, 656, 657, 658, 659, 660, 661, 662, 663, 664, 665, 666, 667, 668, 669, 670, 671, 672, 673, 674, 675, 676, 677, 678, 679, 680, 681, 682, 683, 684, 685, 686, 687, 688, 689, 690, 691, 692, 693, 694, 695, 696, 697, 698, 699, 700, 701, 702, 703, 704, 705, 706, 707, 708, 709, 710, 711, 712, 713, 714, 715, 716, 717, 718, 719, 720, 721, 722, 723, 724, 725, 726, 727, 728, 729, 730, 731, 732, 733, 734, 735, 736, 737, 738, 739, 740, 741, 742, 743, 744, 745, 746, 747, 748, 749, 750, 751, 752, 753, 754, 755, 756, 757, 758, 759, 760, 761, 762, 763, 764, 765, 766, 767, 768, 769, 770, 771, 772, 773, 774, 775, 776, 777, 778, 779, 780, 781, 782, 783, 784, 785, 786, 787, 788, 789, 790, 791, 792, 793, 809, 817, 819, 830, 833, 834, 836, 844, 845, 850, 856, 857, 860, 862, 875, 880, 887, 888, 899, 900, 914, 918, 921, 927, 928, 929, 930, 934, 935]",True,"[123, 594]","[103, 104, 105, 106, 107, 108, 109, 110, 111, 112, 113, 114, 115, 116, 117, 118, 119, 120, 121, 122, 123, 124, 125, 126, 127, 128, 129, 130, 131, 132, 133, 134, 135, 136, 137, 138, 139, 140, 141, 142, 143, 144, 145, 146, 147, 148, 149, 150, 151, 152, 153, 154, 155, 156, 157, 158, 159, 160, 161, 162, 163, 164, 165, 166, 167, 168, 169, 170, 171, 172, 173, 174, 175, 176, 177, 178, 179, 180, 181, 182, 183, 184, 185, 186, 187, 188, 189, 190, 191, 192, 193, 194, 195, 196, 197, 198, 199, 200, 201, 202, 203, 204, 205, 206, 207, 208, 209, 210, 211, 212, 213, 214, 215, 216, 217, 218, 219, 220, 221, 222, 223, 224, 225, 226, 227, 228, 229, 230, 231, 232, 233, 234, 235, 236, 237, 238, 239, 240, 241, 242, 243, 244, 245, 246, 247, 248, 249, 250, 251, 252, 253, 254, 255, 256, 257, 258, 259, 260, 261, 262, 263, 264, 265, 266, 267, 268, 269, 270, 271, 272, 273, 274, 275, 276, 277, 278, 279, 280, 281, 282, 283, 284, 285, 286, 287, 288, 289, 290, 291, 292, 293, 294, 295, 296, 297, 298, 299, 300, 301, 302, 303, 304, 305, 306, 307, 308, 309, 310, 311, 312, 313, 314, 315, 316, 317, 318, 319, 320, 321, 322, 323, 324, 325, 326, 327, 328, 329, 330, 331, 332, 333, 334, 335, 336, 337, 574, 575, 576, 577, 578, 579, 580, 581, 582, 583, 584, 585, 586, 587, 588, 589, 590, 591, 592, 593, 594, 595, 596, 597, 598, 599, 600, 601, 602, 603, 604, 605, 606, 607, 608, 609, 610, 611, 612, 613, 614, 615, 616, 617, 618, 619, 620, 621, 622, 623, 624, 625, 626, 627, 628, 629, 630, 631, 632, 633, 634, 635, 636, 637, 638, 639, 640, 641, 642, 643, 644, 645, 646, 647, 648, 649, 650, 651, 652, 653, 654, 655, 656, 657, 658, 659, 660, 661, 662, 663, 664, 665, 666, 667, 668, 669, 670, 671, 672, 673, 674, 675, 676, 677, 678, 679, 680, 681, 682, 683, 684, 685, 686, 687, 688, 689, 690, 691, 692, 693, 694, 695, 696, 697, 698, 699, 700, 701, 702, 703, 704, 705, 706, 707, 708, 709, 710, 711, 712, 713, 714, 715, 716, 717, 718, 719, 720, 721, 722, 723, 724, 725, 726, 727, 728, 729, 730, 731, 732, 733, 734, 735, 736, 737, 738, 739, 740, 741, 742, 743, 744, 745, 746, 747, 748, 749, 750, 751, 752, 753, 754, 755, 756, 757, 758, 759, 760, 761, 762, 763, 764, 765, 766, 767, 768, 769, 770, 771, 772, 773, 774, 775, 776, 777, 778, 779, 780, 781, 782, 783, 784, 785, 786, 787, 788, 789, 790, 791, 792, 793]","[123, 594]",[],"[15, 91, 107, 110, 113, 123, 132, 136, 193, 216, 218, 252, 274, 275, 281, 286, 293, 302, 325, 326, 500, 562, 578, 580, 583, 594, 603, 607, 664, 686, 715, 733, 734, 740, 745, 752, 760, 783, 784]","[12, 24, 25, 28, 88, 100, 104, 119, 123, 129, 136, 137, 139, 140, 141, 148, 154, 155, 169, 172, 176, 177, 179, 183, 185, 188, 196, 198, 217, 218, 237, 267, 270, 278, 279, 319, 321, 322, 323, 324, 325, 326, 330, 332, 334, 335, 354, 366, 369, 380, 383, 384, 386, 394, 395, 401, 407, 411, 423, 428, 436, 437, 452, 453, 456, 467, 471, 477, 478, 479, 483, 484, 497, 508, 511, 559, 571, 575, 590, 594, 600, 607, 608, 610, 611, 612, 619, 626, 627, 640, 643, 647, 648, 650, 654, 656, 659, 667, 669, 685, 686, 701, 726, 729, 737, 738, 777, 779, 780, 781, 782, 783, 784, 787, 789, 790, 791, 809, 817, 819, 830, 833, 834, 836, 844, 845, 850, 856, 857, 860, 862, 875, 880, 887, 888, 899, 900, 914, 918, 921, 927, 928, 929, 930, 934, 935]","[12, 24, 25, 28, 88, 100, 104, 119, 123, 129, 136, 137, 139, 140, 141, 148, 155, 169, 172, 179, 183, 185, 188, 196, 198, 217, 237, 267, 270, 278, 319, 321, 324, 325, 330, 334, 335, 354, 366, 369, 380, 383, 384, 386, 395, 407, 411, 423, 428, 436, 437, 452, 453, 456, 467, 471, 477, 478, 479, 497, 508, 511, 559, 571, 575, 590, 594, 600, 607, 608, 610, 611, 612, 619, 627, 640, 643, 650, 654, 656, 659, 667, 669, 685, 701, 726, 729, 737, 777, 779, 782, 783, 787, 790, 791, 809, 817, 819, 830, 833, 834, 836, 845, 856, 857, 860, 862, 875, 880, 887, 888, 899, 900, 914, 918, 921, 928, 929, 930]",7/6 successful match,True,"[473, 474]",True,314,False,,1.0,True,Valley Pacific Petroleum ( Chevron ),Chevron
Atascadero ( 93422 ) Valley Pacific Petroleum ( Chevron ),3 805-462-0659 US 101 Exit 218 A ( NB ),<U+2610>,Atascadero,93422,Valley Pacific Petroleum ( Chevron ),805-462-0659,2015,Atascadero,CA,Chevron,( NB ),US 101 Exit 218 A ,Exit,218,False,,False,US 101,,,,,"[594, 123]","[123, 594]","[123, 594]",[],"[103, 104, 105, 106, 107, 108, 109, 110, 111, 112, 113, 114, 115, 116, 117, 118, 119, 120, 121, 122, 123, 124, 125, 126, 127, 128, 129, 130, 131, 132, 133, 134, 135, 136, 137, 138, 139, 140, 141, 142, 143, 144, 145, 146, 147, 148, 149, 150, 151, 152, 153, 154, 155, 156, 157, 158, 159, 160, 161, 162, 163, 164, 165, 166, 167, 168, 169, 170, 171, 172, 173, 174, 175, 176, 177, 178, 179, 180, 181, 182, 183, 184, 185, 186, 187, 188, 189, 190, 191, 192, 193, 194, 195, 196, 197, 198, 199, 200, 201, 202, 203, 204, 205, 206, 207, 208, 209, 210, 211, 212, 213, 214, 215, 216, 217, 218, 219, 220, 221, 222, 223, 224, 225, 226, 227, 228, 229, 230, 231, 232, 233, 234, 235, 236, 237, 238, 239, 240, 241, 242, 243, 244, 245, 246, 247, 248, 249, 250, 251, 252, 253, 254, 255, 256, 257, 258, 259, 260, 261, 262, 263, 264, 265, 266, 267, 268, 269, 270, 271, 272, 273, 274, 275, 276, 277, 278, 279, 280, 281, 282, 283, 284, 285, 286, 287, 288, 289, 290, 291, 292, 293, 294, 295, 296, 297, 298, 299, 300, 301, 302, 303, 304, 305, 306, 307, 308, 309, 310, 311, 312, 313, 314, 315, 316, 317, 318, 319, 320, 321, 322, 323, 324, 325, 326, 327, 328, 329, 330, 331, 332, 333, 334, 335, 336, 337, 574, 575, 576, 577, 578, 579, 580, 581, 582, 583, 584, 585, 586, 587, 588, 589, 590, 591, 592, 593, 594, 595, 596, 597, 598, 599, 600, 601, 602, 603, 604, 605, 606, 607, 608, 609, 610, 611, 612, 613, 614, 615, 616, 617, 618, 619, 620, 621, 622, 623, 624, 625, 626, 627, 628, 629, 630, 631, 632, 633, 634, 635, 636, 637, 638, 639, 640, 641, 642, 643, 644, 645, 646, 647, 648, 649, 650, 651, 652, 653, 654, 655, 656, 657, 658, 659, 660, 661, 662, 663, 664, 665, 666, 667, 668, 669, 670, 671, 672, 673, 674, 675, 676, 677, 678, 679, 680, 681, 682, 683, 684, 685, 686, 687, 688, 689, 690, 691, 692, 693, 694, 695, 696, 697, 698, 699, 700, 701, 702, 703, 704, 705, 706, 707, 708, 709, 710, 711, 712, 713, 714, 715, 716, 717, 718, 719, 720, 721, 722, 723, 724, 725, 726, 727, 728, 729, 730, 731, 732, 733, 734, 735, 736, 737, 738, 739, 740, 741, 742, 743, 744, 745, 746, 747, 748, 749, 750, 751, 752, 753, 754, 755, 756, 757, 758, 759, 760, 761, 762, 763, 764, 765, 766, 767, 768, 769, 770, 771, 772, 773, 774, 775, 776, 777, 778, 779, 780, 781, 782, 783, 784, 785, 786, 787, 788, 789, 790, 791, 792, 793]","[15, 91, 107, 110, 113, 123, 132, 136, 193, 216, 218, 252, 274, 275, 281, 286, 293, 302, 325, 326, 500, 562, 578, 580, 583, 594, 603, 607, 664, 686, 715, 733, 734, 740, 745, 752, 760, 783, 784]","[12, 24, 25, 28, 88, 100, 104, 119, 123, 129, 136, 137, 139, 140, 141, 148, 155, 169, 172, 179, 183, 185, 188, 196, 198, 217, 237, 267, 270, 278, 319, 321, 324, 325, 330, 334, 335, 354, 366, 369, 380, 383, 384, 386, 395, 407, 411, 423, 428, 436, 437, 452, 453, 456, 467, 471, 477, 478, 479, 497, 508, 511, 559, 571, 575, 590, 594, 600, 607, 608, 610, 611, 612, 619, 627, 640, 643, 650, 654, 656, 659, 667, 669, 685, 701, 726, 729, 737, 777, 779, 782, 783, 787, 790, 791, 809, 817, 819, 830, 833, 834, 836, 845, 856, 857, 860, 862, 875, 880, 887, 888, 899, 900, 914, 918, 921, 928, 929, 930]","[12, 24, 25, 28, 88, 100, 104, 119, 123, 129, 136, 137, 139, 140, 141, 148, 154, 155, 169, 172, 176, 177, 179, 183, 185, 188, 196, 198, 217, 218, 237, 267, 270, 278, 279, 319, 321, 322, 323, 324, 325, 326, 330, 332, 334, 335, 354, 366, 369, 380, 383, 384, 386, 394, 395, 401, 407, 411, 423, 428, 436, 437, 452, 453, 456, 467, 471, 477, 478, 479, 483, 484, 497, 508, 511, 559, 571, 575, 590, 594, 600, 607, 608, 610, 611, 612, 619, 626, 627, 640, 643, 647, 648, 650, 654, 656, 659, 667, 669, 685, 686, 701, 726, 729, 737, 738, 777, 779, 780, 781, 782, 783, 784, 787, 789, 790, 791, 809, 817, 819, 830, 833, 834, 836, 844, 845, 850, 856, 857, 860, 862, 875, 880, 887, 888, 899, 900, 914, 918, 921, 927, 928, 929, 930, 934, 935]","[12, 15, 24, 25, 28, 88, 91, 100, 103, 104, 105, 106, 107, 108, 109, 110, 111, 112, 113, 114, 115, 116, 117, 118, 119, 120, 121, 122, 123, 124, 125, 126, 127, 128, 129, 130, 131, 132, 133, 134, 135, 136, 137, 138, 139, 140, 141, 142, 143, 144, 145, 146, 147, 148, 149, 150, 151, 152, 153, 154, 155, 156, 157, 158, 159, 160, 161, 162, 163, 164, 165, 166, 167, 168, 169, 170, 171, 172, 173, 174, 175, 176, 177, 178, 179, 180, 181, 182, 183, 184, 185, 186, 187, 188, 189, 190, 191, 192, 193, 194, 195, 196, 197, 198, 199, 200, 201, 202, 203, 204, 205, 206, 207, 208, 209, 210, 211, 212, 213, 214, 215, 216, 217, 218, 219, 220, 221, 222, 223, 224, 225, 226, 227, 228, 229, 230, 231, 232, 233, 234, 235, 236, 237, 238, 239, 240, 241, 242, 243, 244, 245, 246, 247, 248, 249, 250, 251, 252, 253, 254, 255, 256, 257, 258, 259, 260, 261, 262, 263, 264, 265, 266, 267, 268, 269, 270, 271, 272, 273, 274, 275, 276, 277, 278, 279, 280, 281, 282, 283, 284, 285, 286, 287, 288, 289, 290, 291, 292, 293, 294, 295, 296, 297, 298, 299, 300, 301, 302, 303, 304, 305, 306, 307, 308, 309, 310, 311, 312, 313, 314, 315, 316, 317, 318, 319, 320, 321, 322, 323, 324, 325, 326, 327, 328, 329, 330, 331, 332, 333, 334, 335, 336, 337, 354, 366, 369, 380, 383, 384, 386, 394, 395, 401, 407, 411, 423, 428, 436, 437, 452, 453, 456, 467, 471, 477, 478, 479, 483, 484, 497, 500, 508, 511, 559, 562, 571, 574, 575, 576, 577, 578, 579, 580, 581, 582, 583, 584, 585, 586, 587, 588, 589, 590, 591, 592, 593, 594, 595, 596, 597, 598, 599, 600, 601, 602, 603, 604, 605, 606, 607, 608, 609, 610, 611, 612, 613, 614, 615, 616, 617, 618, 619, 620, 621, 622, 623, 624, 625, 626, 627, 628, 629, 630, 631, 632, 633, 634, 635, 636, 637, 638, 639, 640, 641, 642, 643, 644, 645, 646, 647, 648, 649, 650, 651, 652, 653, 654, 655, 656, 657, 658, 659, 660, 661, 662, 663, 664, 665, 666, 667, 668, 669, 670, 671, 672, 673, 674, 675, 676, 677, 678, 679, 680, 681, 682, 683, 684, 685, 686, 687, 688, 689, 690, 691, 692, 693, 694, 695, 696, 697, 698, 699, 700, 701, 702, 703, 704, 705, 706, 707, 708, 709, 710, 711, 712, 713, 714, 715, 716, 717, 718, 719, 720, 721, 722, 723, 724, 725, 726, 727, 728, 729, 730, 731, 732, 733, 734, 735, 736, 737, 738, 739, 740, 741, 742, 743, 744, 745, 746, 747, 748, 749, 750, 751, 752, 753, 754, 755, 756, 757, 758, 759, 760, 761, 762, 763, 764, 765, 766, 767, 768, 769, 770, 771, 772, 773, 774, 775, 776, 777, 778, 779, 780, 781, 782, 783, 784, 785, 786, 787, 788, 789, 790, 791, 792, 793, 809, 817, 819, 830, 833, 834, 836, 844, 845, 850, 856, 857, 860, 862, 875, 880, 887, 888, 899, 900, 914, 918, 921, 927, 928, 929, 930, 934, 935]",True,"[123, 594]","[103, 104, 105, 106, 107, 108, 109, 110, 111, 112, 113, 114, 115, 116, 117, 118, 119, 120, 121, 122, 123, 124, 125, 126, 127, 128, 129, 130, 131, 132, 133, 134, 135, 136, 137, 138, 139, 140, 141, 142, 143, 144, 145, 146, 147, 148, 149, 150, 151, 152, 153, 154, 155, 156, 157, 158, 159, 160, 161, 162, 163, 164, 165, 166, 167, 168, 169, 170, 171, 172, 173, 174, 175, 176, 177, 178, 179, 180, 181, 182, 183, 184, 185, 186, 187, 188, 189, 190, 191, 192, 193, 194, 195, 196, 197, 198, 199, 200, 201, 202, 203, 204, 205, 206, 207, 208, 209, 210, 211, 212, 213, 214, 215, 216, 217, 218, 219, 220, 221, 222, 223, 224, 225, 226, 227, 228, 229, 230, 231, 232, 233, 234, 235, 236, 237, 238, 239, 240, 241, 242, 243, 244, 245, 246, 247, 248, 249, 250, 251, 252, 253, 254, 255, 256, 257, 258, 259, 260, 261, 262, 263, 264, 265, 266, 267, 268, 269, 270, 271, 272, 273, 274, 275, 276, 277, 278, 279, 280, 281, 282, 283, 284, 285, 286, 287, 288, 289, 290, 291, 292, 293, 294, 295, 296, 297, 298, 299, 300, 301, 302, 303, 304, 305, 306, 307, 308, 309, 310, 311, 312, 313, 314, 315, 316, 317, 318, 319, 320, 321, 322, 323, 324, 325, 326, 327, 328, 329, 330, 331, 332, 333, 334, 335, 336, 337, 574, 575, 576, 577, 578, 579, 580, 581, 582, 583, 584, 585, 586, 587, 588, 589, 590, 591, 592, 593, 594, 595, 596, 597, 598, 599, 600, 601, 602, 603, 604, 605, 606, 607, 608, 609, 610, 611, 612, 613, 614, 615, 616, 617, 618, 619, 620, 621, 622, 623, 624, 625, 626, 627, 628, 629, 630, 631, 632, 633, 634, 635, 636, 637, 638, 639, 640, 641, 642, 643, 644, 645, 646, 647, 648, 649, 650, 651, 652, 653, 654, 655, 656, 657, 658, 659, 660, 661, 662, 663, 664, 665, 666, 667, 668, 669, 670, 671, 672, 673, 674, 675, 676, 677, 678, 679, 680, 681, 682, 683, 684, 685, 686, 687, 688, 689, 690, 691, 692, 693, 694, 695, 696, 697, 698, 699, 700, 701, 702, 703, 704, 705, 706, 707, 708, 709, 710, 711, 712, 713, 714, 715, 716, 717, 718, 719, 720, 721, 722, 723, 724, 725, 726, 727, 728, 729, 730, 731, 732, 733, 734, 735, 736, 737, 738, 739, 740, 741, 742, 743, 744, 745, 746, 747, 748, 749, 750, 751, 752, 753, 754, 755, 756, 757, 758, 759, 760, 761, 762, 763, 764, 765, 766, 767, 768, 769, 770, 771, 772, 773, 774, 775, 776, 777, 778, 779, 780, 781, 782, 783, 784, 785, 786, 787, 788, 789, 790, 791, 792, 793]","[123, 594]",[],"[15, 91, 107, 110, 113, 123, 132, 136, 193, 216, 218, 252, 274, 275, 281, 286, 293, 302, 325, 326, 500, 562, 578, 580, 583, 594, 603, 607, 664, 686, 715, 733, 734, 740, 745, 752, 760, 783, 784]","[12, 24, 25, 28, 88, 100, 104, 119, 123, 129, 136, 137, 139, 140, 141, 148, 154, 155, 169, 172, 176, 177, 179, 183, 185, 188, 196, 198, 217, 218, 237, 267, 270, 278, 279, 319, 321, 322, 323, 324, 325, 326, 330, 332, 334, 335, 354, 366, 369, 380, 383, 384, 386, 394, 395, 401, 407, 411, 423, 428, 436, 437, 452, 453, 456, 467, 471, 477, 478, 479, 483, 484, 497, 508, 511, 559, 571, 575, 590, 594, 600, 607, 608, 610, 611, 612, 619, 626, 627, 640, 643, 647, 648, 650, 654, 656, 659, 667, 669, 685, 686, 701, 726, 729, 737, 738, 777, 779, 780, 781, 782, 783, 784, 787, 789, 790, 791, 809, 817, 819, 830, 833, 834, 836, 844, 845, 850, 856, 857, 860, 862, 875, 880, 887, 888, 899, 900, 914, 918, 921, 927, 928, 929, 930, 934, 935]","[12, 24, 25, 28, 88, 100, 104, 119, 123, 129, 136, 137, 139, 140, 141, 148, 155, 169, 172, 179, 183, 185, 188, 196, 198, 217, 237, 267, 270, 278, 319, 321, 324, 325, 330, 334, 335, 354, 366, 369, 380, 383, 384, 386, 395, 407, 411, 423, 428, 436, 437, 452, 453, 456, 467, 471, 477, 478, 479, 497, 508, 511, 559, 571, 575, 590, 594, 600, 607, 608, 610, 611, 612, 619, 627, 640, 643, 650, 654, 656, 659, 667, 669, 685, 701, 726, 729, 737, 777, 779, 782, 783, 787, 790, 791, 809, 817, 819, 830, 833, 834, 836, 845, 856, 857, 860, 862, 875, 880, 887, 888, 899, 900, 914, 918, 921, 928, 929, 930]",7/6 successful match,True,"[473, 474]",True,314,False,,1.0,True,Valley Pacific Petroleum ( Chevron ),Chevron
Atascadero ( 93422 ) Atascadero Chevron,805-462-0659 US 101 Exit 218 A ( NB ),<U+2610>,Atascadero,93422,Atascadero Chevron,805-462-0659,2016,Atascadero,CA,Chevron,( NB ),US 101 Exit 218 A ,Exit,218,False,,False,US 101,,,,,"[594, 123]","[123, 594]","[123, 594]",[],"[103, 104, 105, 106, 107, 108, 109, 110, 111, 112, 113, 114, 115, 116, 117, 118, 119, 120, 121, 122, 123, 124, 125, 126, 127, 128, 129, 130, 131, 132, 133, 134, 135, 136, 137, 138, 139, 140, 141, 142, 143, 144, 145, 146, 147, 148, 149, 150, 151, 152, 153, 154, 155, 156, 157, 158, 159, 160, 161, 162, 163, 164, 165, 166, 167, 168, 169, 170, 171, 172, 173, 174, 175, 176, 177, 178, 179, 180, 181, 182, 183, 184, 185, 186, 187, 188, 189, 190, 191, 192, 193, 194, 195, 196, 197, 198, 199, 200, 201, 202, 203, 204, 205, 206, 207, 208, 209, 210, 211, 212, 213, 214, 215, 216, 217, 218, 219, 220, 221, 222, 223, 224, 225, 226, 227, 228, 229, 230, 231, 232, 233, 234, 235, 236, 237, 238, 239, 240, 241, 242, 243, 244, 245, 246, 247, 248, 249, 250, 251, 252, 253, 254, 255, 256, 257, 258, 259, 260, 261, 262, 263, 264, 265, 266, 267, 268, 269, 270, 271, 272, 273, 274, 275, 276, 277, 278, 279, 280, 281, 282, 283, 284, 285, 286, 287, 288, 289, 290, 291, 292, 293, 294, 295, 296, 297, 298, 299, 300, 301, 302, 303, 304, 305, 306, 307, 308, 309, 310, 311, 312, 313, 314, 315, 316, 317, 318, 319, 320, 321, 322, 323, 324, 325, 326, 327, 328, 329, 330, 331, 332, 333, 334, 335, 336, 337, 574, 575, 576, 577, 578, 579, 580, 581, 582, 583, 584, 585, 586, 587, 588, 589, 590, 591, 592, 593, 594, 595, 596, 597, 598, 599, 600, 601, 602, 603, 604, 605, 606, 607, 608, 609, 610, 611, 612, 613, 614, 615, 616, 617, 618, 619, 620, 621, 622, 623, 624, 625, 626, 627, 628, 629, 630, 631, 632, 633, 634, 635, 636, 637, 638, 639, 640, 641, 642, 643, 644, 645, 646, 647, 648, 649, 650, 651, 652, 653, 654, 655, 656, 657, 658, 659, 660, 661, 662, 663, 664, 665, 666, 667, 668, 669, 670, 671, 672, 673, 674, 675, 676, 677, 678, 679, 680, 681, 682, 683, 684, 685, 686, 687, 688, 689, 690, 691, 692, 693, 694, 695, 696, 697, 698, 699, 700, 701, 702, 703, 704, 705, 706, 707, 708, 709, 710, 711, 712, 713, 714, 715, 716, 717, 718, 719, 720, 721, 722, 723, 724, 725, 726, 727, 728, 729, 730, 731, 732, 733, 734, 735, 736, 737, 738, 739, 740, 741, 742, 743, 744, 745, 746, 747, 748, 749, 750, 751, 752, 753, 754, 755, 756, 757, 758, 759, 760, 761, 762, 763, 764, 765, 766, 767, 768, 769, 770, 771, 772, 773, 774, 775, 776, 777, 778, 779, 780, 781, 782, 783, 784, 785, 786, 787, 788, 789, 790, 791, 792, 793]","[15, 91, 107, 110, 113, 123, 132, 136, 193, 216, 218, 252, 274, 275, 281, 286, 293, 302, 325, 326, 500, 562, 578, 580, 583, 594, 603, 607, 664, 686, 715, 733, 734, 740, 745, 752, 760, 783, 784]","[12, 24, 25, 28, 88, 100, 104, 119, 123, 129, 136, 137, 139, 140, 141, 148, 155, 169, 172, 179, 183, 185, 188, 196, 198, 217, 237, 267, 270, 278, 319, 321, 324, 325, 330, 334, 335, 354, 366, 369, 380, 383, 384, 386, 395, 407, 411, 423, 428, 436, 437, 452, 453, 456, 467, 471, 477, 478, 479, 497, 508, 511, 559, 571, 575, 590, 594, 600, 607, 608, 610, 611, 612, 619, 627, 640, 643, 650, 654, 656, 659, 667, 669, 685, 701, 726, 729, 737, 777, 779, 782, 783, 787, 790, 791, 809, 817, 819, 830, 833, 834, 836, 845, 856, 857, 860, 862, 875, 880, 887, 888, 899, 900, 914, 918, 921, 928, 929, 930]","[12, 24, 25, 28, 88, 100, 104, 119, 123, 129, 136, 137, 139, 140, 141, 148, 155, 169, 172, 179, 183, 185, 188, 196, 198, 217, 237, 267, 270, 278, 319, 321, 324, 325, 330, 334, 335, 354, 366, 369, 380, 383, 384, 386, 395, 407, 411, 423, 428, 436, 437, 452, 453, 456, 467, 471, 477, 478, 479, 497, 508, 511, 559, 571, 575, 590, 594, 600, 607, 608, 610, 611, 612, 619, 627, 640, 643, 650, 654, 656, 659, 667, 669, 685, 701, 726, 729, 737, 777, 779, 782, 783, 787, 790, 791, 809, 817, 819, 830, 833, 834, 836, 845, 856, 857, 860, 862, 875, 880, 887, 888, 899, 900, 914, 918, 921, 928, 929, 930]","[12, 15, 24, 25, 28, 88, 91, 100, 103, 104, 105, 106, 107, 108, 109, 110, 111, 112, 113, 114, 115, 116, 117, 118, 119, 120, 121, 122, 123, 124, 125, 126, 127, 128, 129, 130, 131, 132, 133, 134, 135, 136, 137, 138, 139, 140, 141, 142, 143, 144, 145, 146, 147, 148, 149, 150, 151, 152, 153, 154, 155, 156, 157, 158, 159, 160, 161, 162, 163, 164, 165, 166, 167, 168, 169, 170, 171, 172, 173, 174, 175, 176, 177, 178, 179, 180, 181, 182, 183, 184, 185, 186, 187, 188, 189, 190, 191, 192, 193, 194, 195, 196, 197, 198, 199, 200, 201, 202, 203, 204, 205, 206, 207, 208, 209, 210, 211, 212, 213, 214, 215, 216, 217, 218, 219, 220, 221, 222, 223, 224, 225, 226, 227, 228, 229, 230, 231, 232, 233, 234, 235, 236, 237, 238, 239, 240, 241, 242, 243, 244, 245, 246, 247, 248, 249, 250, 251, 252, 253, 254, 255, 256, 257, 258, 259, 260, 261, 262, 263, 264, 265, 266, 267, 268, 269, 270, 271, 272, 273, 274, 275, 276, 277, 278, 279, 280, 281, 282, 283, 284, 285, 286, 287, 288, 289, 290, 291, 292, 293, 294, 295, 296, 297, 298, 299, 300, 301, 302, 303, 304, 305, 306, 307, 308, 309, 310, 311, 312, 313, 314, 315, 316, 317, 318, 319, 320, 321, 322, 323, 324, 325, 326, 327, 328, 329, 330, 331, 332, 333, 334, 335, 336, 337, 354, 366, 369, 380, 383, 384, 386, 395, 407, 411, 423, 428, 436, 437, 452, 453, 456, 467, 471, 477, 478, 479, 497, 500, 508, 511, 559, 562, 571, 574, 575, 576, 577, 578, 579, 580, 581, 582, 583, 584, 585, 586, 587, 588, 589, 590, 591, 592, 593, 594, 595, 596, 597, 598, 599, 600, 601, 602, 603, 604, 605, 606, 607, 608, 609, 610, 611, 612, 613, 614, 615, 616, 617, 618, 619, 620, 621, 622, 623, 624, 625, 626, 627, 628, 629, 630, 631, 632, 633, 634, 635, 636, 637, 638, 639, 640, 641, 642, 643, 644, 645, 646, 647, 648, 649, 650, 651, 652, 653, 654, 655, 656, 657, 658, 659, 660, 661, 662, 663, 664, 665, 666, 667, 668, 669, 670, 671, 672, 673, 674, 675, 676, 677, 678, 679, 680, 681, 682, 683, 684, 685, 686, 687, 688, 689, 690, 691, 692, 693, 694, 695, 696, 697, 698, 699, 700, 701, 702, 703, 704, 705, 706, 707, 708, 709, 710, 711, 712, 713, 714, 715, 716, 717, 718, 719, 720, 721, 722, 723, 724, 725, 726, 727, 728, 729, 730, 731, 732, 733, 734, 735, 736, 737, 738, 739, 740, 741, 742, 743, 744, 745, 746, 747, 748, 749, 750, 751, 752, 753, 754, 755, 756, 757, 758, 759, 760, 761, 762, 763, 764, 765, 766, 767, 768, 769, 770, 771, 772, 773, 774, 775, 776, 777, 778, 779, 780, 781, 782, 783, 784, 785, 786, 787, 788, 789, 790, 791, 792, 793, 809, 817, 819, 830, 833, 834, 836, 845, 856, 857, 860, 862, 875, 880, 887, 888, 899, 900, 914, 918, 921, 928, 929, 930]",True,"[123, 594]","[103, 104, 105, 106, 107, 108, 109, 110, 111, 112, 113, 114, 115, 116, 117, 118, 119, 120, 121, 122, 123, 124, 125, 126, 127, 128, 129, 130, 131, 132, 133, 134, 135, 136, 137, 138, 139, 140, 141, 142, 143, 144, 145, 146, 147, 148, 149, 150, 151, 152, 153, 154, 155, 156, 157, 158, 159, 160, 161, 162, 163, 164, 165, 166, 167, 168, 169, 170, 171, 172, 173, 174, 175, 176, 177, 178, 179, 180, 181, 182, 183, 184, 185, 186, 187, 188, 189, 190, 191, 192, 193, 194, 195, 196, 197, 198, 199, 200, 201, 202, 203, 204, 205, 206, 207, 208, 209, 210, 211, 212, 213, 214, 215, 216, 217, 218, 219, 220, 221, 222, 223, 224, 225, 226, 227, 228, 229, 230, 231, 232, 233, 234, 235, 236, 237, 238, 239, 240, 241, 242, 243, 244, 245, 246, 247, 248, 249, 250, 251, 252, 253, 254, 255, 256, 257, 258, 259, 260, 261, 262, 263, 264, 265, 266, 267, 268, 269, 270, 271, 272, 273, 274, 275, 276, 277, 278, 279, 280, 281, 282, 283, 284, 285, 286, 287, 288, 289, 290, 291, 292, 293, 294, 295, 296, 297, 298, 299, 300, 301, 302, 303, 304, 305, 306, 307, 308, 309, 310, 311, 312, 313, 314, 315, 316, 317, 318, 319, 320, 321, 322, 323, 324, 325, 326, 327, 328, 329, 330, 331, 332, 333, 334, 335, 336, 337, 574, 575, 576, 577, 578, 579, 580, 581, 582, 583, 584, 585, 586, 587, 588, 589, 590, 591, 592, 593, 594, 595, 596, 597, 598, 599, 600, 601, 602, 603, 604, 605, 606, 607, 608, 609, 610, 611, 612, 613, 614, 615, 616, 617, 618, 619, 620, 621, 622, 623, 624, 625, 626, 627, 628, 629, 630, 631, 632, 633, 634, 635, 636, 637, 638, 639, 640, 641, 642, 643, 644, 645, 646, 647, 648, 649, 650, 651, 652, 653, 654, 655, 656, 657, 658, 659, 660, 661, 662, 663, 664, 665, 666, 667, 668, 669, 670, 671, 672, 673, 674, 675, 676, 677, 678, 679, 680, 681, 682, 683, 684, 685, 686, 687, 688, 689, 690, 691, 692, 693, 694, 695, 696, 697, 698, 699, 700, 701, 702, 703, 704, 705, 706, 707, 708, 709, 710, 711, 712, 713, 714, 715, 716, 717, 718, 719, 720, 721, 722, 723, 724, 725, 726, 727, 728, 729, 730, 731, 732, 733, 734, 735, 736, 737, 738, 739, 740, 741, 742, 743, 744, 745, 746, 747, 748, 749, 750, 751, 752, 753, 754, 755, 756, 757, 758, 759, 760, 761, 762, 763, 764, 765, 766, 767, 768, 769, 770, 771, 772, 773, 774, 775, 776, 777, 778, 779, 780, 781, 782, 783, 784, 785, 786, 787, 788, 789, 790, 791, 792, 793]","[123, 594]",[],"[15, 91, 107, 110, 113, 123, 132, 136, 193, 216, 218, 252, 274, 275, 281, 286, 293, 302, 325, 326, 500, 562, 578, 580, 583, 594, 603, 607, 664, 686, 715, 733, 734, 740, 745, 752, 760, 783, 784]","[12, 24, 25, 28, 88, 100, 104, 119, 123, 129, 136, 137, 139, 140, 141, 148, 155, 169, 172, 179, 183, 185, 188, 196, 198, 217, 237, 267, 270, 278, 319, 321, 324, 325, 330, 334, 335, 354, 366, 369, 380, 383, 384, 386, 395, 407, 411, 423, 428, 436, 437, 452, 453, 456, 467, 471, 477, 478, 479, 497, 508, 511, 559, 571, 575, 590, 594, 600, 607, 608, 610, 611, 612, 619, 627, 640, 643, 650, 654, 656, 659, 667, 669, 685, 701, 726, 729, 737, 777, 779, 782, 783, 787, 790, 791, 809, 817, 819, 830, 833, 834, 836, 845, 856, 857, 860, 862, 875, 880, 887, 888, 899, 900, 914, 918, 921, 928, 929, 930]","[12, 24, 25, 28, 88, 100, 104, 119, 123, 129, 136, 137, 139, 140, 141, 148, 155, 169, 172, 179, 183, 185, 188, 196, 198, 217, 237, 267, 270, 278, 319, 321, 324, 325, 330, 334, 335, 354, 366, 369, 380, 383, 384, 386, 395, 407, 411, 423, 428, 436, 437, 452, 453, 456, 467, 471, 477, 478, 479, 497, 508, 511, 559, 571, 575, 590, 594, 600, 607, 608, 610, 611, 612, 619, 627, 640, 643, 650, 654, 656, 659, 667, 669, 685, 701, 726, 729, 737, 777, 779, 782, 783, 787, 790, 791, 809, 817, 819, 830, 833, 834, 836, 845, 856, 857, 860, 862, 875, 880, 887, 888, 899, 900, 914, 918, 921, 928, 929, 930]",7/6 successful match,True,"[473, 474]",True,314,False,,0.7222222222222222,True,Valley Pacific Petroleum ( Chevron ),Chevron
"Santa Maria , 93456 Valley Pacific Petroleum Service ( Chevron",805-925-3664 US 101 & Betteravia Rd,MO <U+25A1> <U+2610>,Santa Maria,93456,Valley Pacific Petroleum Service ( Chevron,805-925-3664,2006,Santa Maria,CA,Chevron,,US 101 & Betteravia Rd,empty,,False,,False,US 101,Betteravia Rd,,,,"[325, 783]",[],"[209, 243, 273, 275, 311, 325, 679, 707, 732, 734, 769, 783]",[],"[103, 104, 105, 106, 107, 108, 109, 110, 111, 112, 113, 114, 115, 116, 117, 118, 119, 120, 121, 122, 123, 124, 125, 126, 127, 128, 129, 130, 131, 132, 133, 134, 135, 136, 137, 138, 139, 140, 141, 142, 143, 144, 145, 146, 147, 148, 149, 150, 151, 152, 153, 154, 155, 156, 157, 158, 159, 160, 161, 162, 163, 164, 165, 166, 167, 168, 169, 170, 171, 172, 173, 174, 175, 176, 177, 178, 179, 180, 181, 182, 183, 184, 185, 186, 187, 188, 189, 190, 191, 192, 193, 194, 195, 196, 197, 198, 199, 200, 201, 202, 203, 204, 205, 206, 207, 208, 209, 210, 211, 212, 213, 214, 215, 216, 217, 218, 219, 220, 221, 222, 223, 224, 225, 226, 227, 228, 229, 230, 231, 232, 233, 234, 235, 236, 237, 238, 239, 240, 241, 242, 243, 244, 245, 246, 247, 248, 249, 250, 251, 252, 253, 254, 255, 256, 257, 258, 259, 260, 261, 262, 263, 264, 265, 266, 267, 268, 269, 270, 271, 272, 273, 274, 275, 276, 277, 278, 279, 280, 281, 282, 283, 284, 285, 286, 287, 288, 289, 290, 291, 292, 293, 294, 295, 296, 297, 298, 299, 300, 301, 302, 303, 304, 305, 306, 307, 308, 309, 310, 311, 312, 313, 314, 315, 316, 317, 318, 319, 320, 321, 322, 323, 324, 325, 326, 327, 328, 329, 330, 331, 332, 333, 334, 335, 336, 337, 574, 575, 576, 577, 578, 579, 580, 581, 582, 583, 584, 585, 586, 587, 588, 589, 590, 591, 592, 593, 594, 595, 596, 597, 598, 599, 600, 601, 602, 603, 604, 605, 606, 607, 608, 609, 610, 611, 612, 613, 614, 615, 616, 617, 618, 619, 620, 621, 622, 623, 624, 625, 626, 627, 628, 629, 630, 631, 632, 633, 634, 635, 636, 637, 638, 639, 640, 641, 642, 643, 644, 645, 646, 647, 648, 649, 650, 651, 652, 653, 654, 655, 656, 657, 658, 659, 660, 661, 662, 663, 664, 665, 666, 667, 668, 669, 670, 671, 672, 673, 674, 675, 676, 677, 678, 679, 680, 681, 682, 683, 684, 685, 686, 687, 688, 689, 690, 691, 692, 693, 694, 695, 696, 697, 698, 699, 700, 701, 702, 703, 704, 705, 706, 707, 708, 709, 710, 711, 712, 713, 714, 715, 716, 717, 718, 719, 720, 721, 722, 723, 724, 725, 726, 727, 728, 729, 730, 731, 732, 733, 734, 735, 736, 737, 738, 739, 740, 741, 742, 743, 744, 745, 746, 747, 748, 749, 750, 751, 752, 753, 754, 755, 756, 757, 758, 759, 760, 761, 762, 763, 764, 765, 766, 767, 768, 769, 770, 771, 772, 773, 774, 775, 776, 777, 778, 779, 780, 781, 782, 783, 784, 785, 786, 787, 788, 789, 790, 791, 792, 793]","[15, 91, 107, 110, 113, 123, 132, 136, 193, 216, 218, 252, 274, 275, 281, 286, 293, 302, 325, 326, 500, 562, 578, 580, 583, 594, 603, 607, 664, 686, 715, 733, 734, 740, 745, 752, 760, 783, 784]","[12, 24, 25, 28, 88, 100, 104, 119, 123, 129, 136, 137, 139, 140, 141, 148, 155, 169, 172, 179, 183, 185, 188, 196, 198, 217, 237, 267, 270, 278, 319, 321, 324, 325, 330, 334, 335, 354, 366, 369, 380, 383, 384, 386, 395, 407, 411, 423, 428, 436, 437, 452, 453, 456, 467, 471, 477, 478, 479, 497, 508, 511, 559, 571, 575, 590, 594, 600, 607, 608, 610, 611, 612, 619, 627, 640, 643, 650, 654, 656, 659, 667, 669, 685, 701, 726, 729, 737, 777, 779, 782, 783, 787, 790, 791, 809, 817, 819, 830, 833, 834, 836, 845, 856, 857, 860, 862, 875, 880, 887, 888, 899, 900, 914, 918, 921, 928, 929, 930]","[12, 24, 25, 28, 88, 100, 104, 119, 123, 129, 136, 137, 139, 140, 141, 148, 154, 155, 169, 172, 176, 177, 179, 183, 185, 188, 196, 198, 217, 218, 237, 267, 270, 278, 279, 319, 321, 322, 323, 324, 325, 326, 330, 332, 334, 335, 354, 366, 369, 380, 383, 384, 386, 394, 395, 401, 407, 411, 423, 428, 436, 437, 452, 453, 456, 467, 471, 477, 478, 479, 483, 484, 497, 508, 511, 559, 571, 575, 590, 594, 600, 607, 608, 610, 611, 612, 619, 626, 627, 640, 643, 647, 648, 650, 654, 656, 659, 667, 669, 685, 686, 701, 726, 729, 737, 738, 777, 779, 780, 781, 782, 783, 784, 787, 789, 790, 791, 809, 817, 819, 830, 833, 834, 836, 844, 845, 850, 856, 857, 860, 862, 875, 880, 887, 888, 899, 900, 914, 918, 921, 927, 928, 929, 930, 934, 935]","[12, 15, 24, 25, 28, 88, 91, 100, 103, 104, 105, 106, 107, 108, 109, 110, 111, 112, 113, 114, 115, 116, 117, 118, 119, 120, 121, 122, 123, 124, 125, 126, 127, 128, 129, 130, 131, 132, 133, 134, 135, 136, 137, 138, 139, 140, 141, 142, 143, 144, 145, 146, 147, 148, 149, 150, 151, 152, 153, 154, 155, 156, 157, 158, 159, 160, 161, 162, 163, 164, 165, 166, 167, 168, 169, 170, 171, 172, 173, 174, 175, 176, 177, 178, 179, 180, 181, 182, 183, 184, 185, 186, 187, 188, 189, 190, 191, 192, 193, 194, 195, 196, 197, 198, 199, 200, 201, 202, 203, 204, 205, 206, 207, 208, 209, 210, 211, 212, 213, 214, 215, 216, 217, 218, 219, 220, 221, 222, 223, 224, 225, 226, 227, 228, 229, 230, 231, 232, 233, 234, 235, 236, 237, 238, 239, 240, 241, 242, 243, 244, 245, 246, 247, 248, 249, 250, 251, 252, 253, 254, 255, 256, 257, 258, 259, 260, 261, 262, 263, 264, 265, 266, 267, 268, 269, 270, 271, 272, 273, 274, 275, 276, 277, 278, 279, 280, 281, 282, 283, 284, 285, 286, 287, 288, 289, 290, 291, 292, 293, 294, 295, 296, 297, 298, 299, 300, 301, 302, 303, 304, 305, 306, 307, 308, 309, 310, 311, 312, 313, 314, 315, 316, 317, 318, 319, 320, 321, 322, 323, 324, 325, 326, 327, 328, 329, 330, 331, 332, 333, 334, 335, 336, 337, 354, 366, 369, 380, 383, 384, 386, 394, 395, 401, 407, 411, 423, 428, 436, 437, 452, 453, 456, 467, 471, 477, 478, 479, 483, 484, 497, 500, 508, 511, 559, 562, 571, 574, 575, 576, 577, 578, 579, 580, 581, 582, 583, 584, 585, 586, 587, 588, 589, 590, 591, 592, 593, 594, 595, 596, 597, 598, 599, 600, 601, 602, 603, 604, 605, 606, 607, 608, 609, 610, 611, 612, 613, 614, 615, 616, 617, 618, 619, 620, 621, 622, 623, 624, 625, 626, 627, 628, 629, 630, 631, 632, 633, 634, 635, 636, 637, 638, 639, 640, 641, 642, 643, 644, 645, 646, 647, 648, 649, 650, 651, 652, 653, 654, 655, 656, 657, 658, 659, 660, 661, 662, 663, 664, 665, 666, 667, 668, 669, 670, 671, 672, 673, 674, 675, 676, 677, 678, 679, 680, 681, 682, 683, 684, 685, 686, 687, 688, 689, 690, 691, 692, 693, 694, 695, 696, 697, 698, 699, 700, 701, 702, 703, 704, 705, 706, 707, 708, 709, 710, 711, 712, 713, 714, 715, 716, 717, 718, 719, 720, 721, 722, 723, 724, 725, 726, 727, 728, 729, 730, 731, 732, 733, 734, 735, 736, 737, 738, 739, 740, 741, 742, 743, 744, 745, 746, 747, 748, 749, 750, 751, 752, 753, 754, 755, 756, 757, 758, 759, 760, 761, 762, 763, 764, 765, 766, 767, 768, 769, 770, 771, 772, 773, 774, 775, 776, 777, 778, 779, 780, 781, 782, 783, 784, 785, 786, 787, 788, 789, 790, 791, 792, 793, 809, 817, 819, 830, 833, 834, 836, 844, 845, 850, 856, 857, 860, 862, 875, 880, 887, 888, 899, 900, 914, 918, 921, 927, 928, 929, 930, 934, 935]",True,[],"[103, 104, 105, 106, 107, 108, 109, 110, 111, 112, 113, 114, 115, 116, 117, 118, 119, 120, 121, 122, 123, 124, 125, 126, 127, 128, 129, 130, 131, 132, 133, 134, 135, 136, 137, 138, 139, 140, 141, 142, 143, 144, 145, 146, 147, 148, 149, 150, 151, 152, 153, 154, 155, 156, 157, 158, 159, 160, 161, 162, 163, 164, 165, 166, 167, 168, 169, 170, 171, 172, 173, 174, 175, 176, 177, 178, 179, 180, 181, 182, 183, 184, 185, 186, 187, 188, 189, 190, 191, 192, 193, 194, 195, 196, 197, 198, 199, 200, 201, 202, 203, 204, 205, 206, 207, 208, 209, 210, 211, 212, 213, 214, 215, 216, 217, 218, 219, 220, 221, 222, 223, 224, 225, 226, 227, 228, 229, 230, 231, 232, 233, 234, 235, 236, 237, 238, 239, 240, 241, 242, 243, 244, 245, 246, 247, 248, 249, 250, 251, 252, 253, 254, 255, 256, 257, 258, 259, 260, 261, 262, 263, 264, 265, 266, 267, 268, 269, 270, 271, 272, 273, 274, 275, 276, 277, 278, 279, 280, 281, 282, 283, 284, 285, 286, 287, 288, 289, 290, 291, 292, 293, 294, 295, 296, 297, 298, 299, 300, 301, 302, 303, 304, 305, 306, 307, 308, 309, 310, 311, 312, 313, 314, 315, 316, 317, 318, 319, 320, 321, 322, 323, 324, 325, 326, 327, 328, 329, 330, 331, 332, 333, 334, 335, 336, 337, 574, 575, 576, 577, 578, 579, 580, 581, 582, 583, 584, 585, 586, 587, 588, 589, 590, 591, 592, 593, 594, 595, 596, 597, 598, 599, 600, 601, 602, 603, 604, 605, 606, 607, 608, 609, 610, 611, 612, 613, 614, 615, 616, 617, 618, 619, 620, 621, 622, 623, 624, 625, 626, 627, 628, 629, 630, 631, 632, 633, 634, 635, 636, 637, 638, 639, 640, 641, 642, 643, 644, 645, 646, 647, 648, 649, 650, 651, 652, 653, 654, 655, 656, 657, 658, 659, 660, 661, 662, 663, 664, 665, 666, 667, 668, 669, 670, 671, 672, 673, 674, 675, 676, 677, 678, 679, 680, 681, 682, 683, 684, 685, 686, 687, 688, 689, 690, 691, 692, 693, 694, 695, 696, 697, 698, 699, 700, 701, 702, 703, 704, 705, 706, 707, 708, 709, 710, 711, 712, 713, 714, 715, 716, 717, 718, 719, 720, 721, 722, 723, 724, 725, 726, 727, 728, 729, 730, 731, 732, 733, 734, 735, 736, 737, 738, 739, 740, 741, 742, 743, 744, 745, 746, 747, 748, 749, 750, 751, 752, 753, 754, 755, 756, 757, 758, 759, 760, 761, 762, 763, 764, 765, 766, 767, 768, 769, 770, 771, 772, 773, 774, 775, 776, 777, 778, 779, 780, 781, 782, 783, 784, 785, 786, 787, 788, 789, 790, 791, 792, 793]","[209, 243, 273, 275, 311, 325, 679, 707, 732, 734, 769, 783]",[],"[15, 91, 107, 110, 113, 123, 132, 136, 193, 216, 218, 252, 274, 275, 281, 286, 293, 302, 325, 326, 500, 562, 578, 580, 583, 594, 603, 607, 664, 686, 715, 733, 734, 740, 745, 752, 760, 783, 784]","[12, 24, 25, 28, 88, 100, 104, 119, 123, 129, 136, 137, 139, 140, 141, 148, 154, 155, 169, 172, 176, 177, 179, 183, 185, 188, 196, 198, 217, 218, 237, 267, 270, 278, 279, 319, 321, 322, 323, 324, 325, 326, 330, 332, 334, 335, 354, 366, 369, 380, 383, 384, 386, 394, 395, 401, 407, 411, 423, 428, 436, 437, 452, 453, 456, 467, 471, 477, 478, 479, 483, 484, 497, 508, 511, 559, 571, 575, 590, 594, 600, 607, 608, 610, 611, 612, 619, 626, 627, 640, 643, 647, 648, 650, 654, 656, 659, 667, 669, 685, 686, 701, 726, 729, 737, 738, 777, 779, 780, 781, 782, 783, 784, 787, 789, 790, 791, 809, 817, 819, 830, 833, 834, 836, 844, 845, 850, 856, 857, 860, 862, 875, 880, 887, 888, 899, 900, 914, 918, 921, 927, 928, 929, 930, 934, 935]","[12, 24, 25, 28, 88, 100, 104, 119, 123, 129, 136, 137, 139, 140, 141, 148, 155, 169, 172, 179, 183, 185, 188, 196, 198, 217, 237, 267, 270, 278, 319, 321, 324, 325, 330, 334, 335, 354, 366, 369, 380, 383, 384, 386, 395, 407, 411, 423, 428, 436, 437, 452, 453, 456, 467, 471, 477, 478, 479, 497, 508, 511, 559, 571, 575, 590, 594, 600, 607, 608, 610, 611, 612, 619, 627, 640, 643, 650, 654, 656, 659, 667, 669, 685, 701, 726, 729, 737, 777, 779, 782, 783, 787, 790, 791, 809, 817, 819, 830, 833, 834, 836, 845, 856, 857, 860, 862, 875, 880, 887, 888, 899, 900, 914, 918, 921, 928, 929, 930]",7/6 successful match,True,"[755, 756]",True,315,False,,,,,
"Santa Maria , 93456 Valley Pacific Petroleum Service (",805-925-3664 US 101 & Betteravia Rd Chevron,24 M D,Santa Maria,93456,Valley Pacific Petroleum Service (,805-925-3664,2007,Santa Maria,CA,,,US 101 & Betteravia Rd Chevron,empty,,False,,False,US 101,Rd Chevron,,,,"[325, 783]",[],"[209, 243, 273, 275, 311, 325, 679, 707, 732, 734, 769, 783]",[],"[103, 104, 105, 106, 107, 108, 109, 110, 111, 112, 113, 114, 115, 116, 117, 118, 119, 120, 121, 122, 123, 124, 125, 126, 127, 128, 129, 130, 131, 132, 133, 134, 135, 136, 137, 138, 139, 140, 141, 142, 143, 144, 145, 146, 147, 148, 149, 150, 151, 152, 153, 154, 155, 156, 157, 158, 159, 160, 161, 162, 163, 164, 165, 166, 167, 168, 169, 170, 171, 172, 173, 174, 175, 176, 177, 178, 179, 180, 181, 182, 183, 184, 185, 186, 187, 188, 189, 190, 191, 192, 193, 194, 195, 196, 197, 198, 199, 200, 201, 202, 203, 204, 205, 206, 207, 208, 209, 210, 211, 212, 213, 214, 215, 216, 217, 218, 219, 220, 221, 222, 223, 224, 225, 226, 227, 228, 229, 230, 231, 232, 233, 234, 235, 236, 237, 238, 239, 240, 241, 242, 243, 244, 245, 246, 247, 248, 249, 250, 251, 252, 253, 254, 255, 256, 257, 258, 259, 260, 261, 262, 263, 264, 265, 266, 267, 268, 269, 270, 271, 272, 273, 274, 275, 276, 277, 278, 279, 280, 281, 282, 283, 284, 285, 286, 287, 288, 289, 290, 291, 292, 293, 294, 295, 296, 297, 298, 299, 300, 301, 302, 303, 304, 305, 306, 307, 308, 309, 310, 311, 312, 313, 314, 315, 316, 317, 318, 319, 320, 321, 322, 323, 324, 325, 326, 327, 328, 329, 330, 331, 332, 333, 334, 335, 336, 337, 574, 575, 576, 577, 578, 579, 580, 581, 582, 583, 584, 585, 586, 587, 588, 589, 590, 591, 592, 593, 594, 595, 596, 597, 598, 599, 600, 601, 602, 603, 604, 605, 606, 607, 608, 609, 610, 611, 612, 613, 614, 615, 616, 617, 618, 619, 620, 621, 622, 623, 624, 625, 626, 627, 628, 629, 630, 631, 632, 633, 634, 635, 636, 637, 638, 639, 640, 641, 642, 643, 644, 645, 646, 647, 648, 649, 650, 651, 652, 653, 654, 655, 656, 657, 658, 659, 660, 661, 662, 663, 664, 665, 666, 667, 668, 669, 670, 671, 672, 673, 674, 675, 676, 677, 678, 679, 680, 681, 682, 683, 684, 685, 686, 687, 688, 689, 690, 691, 692, 693, 694, 695, 696, 697, 698, 699, 700, 701, 702, 703, 704, 705, 706, 707, 708, 709, 710, 711, 712, 713, 714, 715, 716, 717, 718, 719, 720, 721, 722, 723, 724, 725, 726, 727, 728, 729, 730, 731, 732, 733, 734, 735, 736, 737, 738, 739, 740, 741, 742, 743, 744, 745, 746, 747, 748, 749, 750, 751, 752, 753, 754, 755, 756, 757, 758, 759, 760, 761, 762, 763, 764, 765, 766, 767, 768, 769, 770, 771, 772, 773, 774, 775, 776, 777, 778, 779, 780, 781, 782, 783, 784, 785, 786, 787, 788, 789, 790, 791, 792, 793]","[15, 91, 107, 110, 113, 123, 132, 136, 193, 216, 218, 252, 274, 275, 281, 286, 293, 302, 325, 326, 500, 562, 578, 580, 583, 594, 603, 607, 664, 686, 715, 733, 734, 740, 745, 752, 760, 783, 784]",[],"[154, 176, 177, 218, 279, 321, 322, 323, 324, 325, 326, 332, 394, 401, 467, 483, 484, 626, 647, 648, 686, 738, 779, 780, 781, 782, 783, 784, 789, 844, 850, 914, 927, 934, 935]","[15, 91, 103, 104, 105, 106, 107, 108, 109, 110, 111, 112, 113, 114, 115, 116, 117, 118, 119, 120, 121, 122, 123, 124, 125, 126, 127, 128, 129, 130, 131, 132, 133, 134, 135, 136, 137, 138, 139, 140, 141, 142, 143, 144, 145, 146, 147, 148, 149, 150, 151, 152, 153, 154, 155, 156, 157, 158, 159, 160, 161, 162, 163, 164, 165, 166, 167, 168, 169, 170, 171, 172, 173, 174, 175, 176, 177, 178, 179, 180, 181, 182, 183, 184, 185, 186, 187, 188, 189, 190, 191, 192, 193, 194, 195, 196, 197, 198, 199, 200, 201, 202, 203, 204, 205, 206, 207, 208, 209, 210, 211, 212, 213, 214, 215, 216, 217, 218, 219, 220, 221, 222, 223, 224, 225, 226, 227, 228, 229, 230, 231, 232, 233, 234, 235, 236, 237, 238, 239, 240, 241, 242, 243, 244, 245, 246, 247, 248, 249, 250, 251, 252, 253, 254, 255, 256, 257, 258, 259, 260, 261, 262, 263, 264, 265, 266, 267, 268, 269, 270, 271, 272, 273, 274, 275, 276, 277, 278, 279, 280, 281, 282, 283, 284, 285, 286, 287, 288, 289, 290, 291, 292, 293, 294, 295, 296, 297, 298, 299, 300, 301, 302, 303, 304, 305, 306, 307, 308, 309, 310, 311, 312, 313, 314, 315, 316, 317, 318, 319, 320, 321, 322, 323, 324, 325, 326, 327, 328, 329, 330, 331, 332, 333, 334, 335, 336, 337, 394, 401, 467, 483, 484, 500, 562, 574, 575, 576, 577, 578, 579, 580, 581, 582, 583, 584, 585, 586, 587, 588, 589, 590, 591, 592, 593, 594, 595, 596, 597, 598, 599, 600, 601, 602, 603, 604, 605, 606, 607, 608, 609, 610, 611, 612, 613, 614, 615, 616, 617, 618, 619, 620, 621, 622, 623, 624, 625, 626, 627, 628, 629, 630, 631, 632, 633, 634, 635, 636, 637, 638, 639, 640, 641, 642, 643, 644, 645, 646, 647, 648, 649, 650, 651, 652, 653, 654, 655, 656, 657, 658, 659, 660, 661, 662, 663, 664, 665, 666, 667, 668, 669, 670, 671, 672, 673, 674, 675, 676, 677, 678, 679, 680, 681, 682, 683, 684, 685, 686, 687, 688, 689, 690, 691, 692, 693, 694, 695, 696, 697, 698, 699, 700, 701, 702, 703, 704, 705, 706, 707, 708, 709, 710, 711, 712, 713, 714, 715, 716, 717, 718, 719, 720, 721, 722, 723, 724, 725, 726, 727, 728, 729, 730, 731, 732, 733, 734, 735, 736, 737, 738, 739, 740, 741, 742, 743, 744, 745, 746, 747, 748, 749, 750, 751, 752, 753, 754, 755, 756, 757, 758, 759, 760, 761, 762, 763, 764, 765, 766, 767, 768, 769, 770, 771, 772, 773, 774, 775, 776, 777, 778, 779, 780, 781, 782, 783, 784, 785, 786, 787, 788, 789, 790, 791, 792, 793, 844, 850, 914, 927, 934, 935]",True,[],"[103, 104, 105, 106, 107, 108, 109, 110, 111, 112, 113, 114, 115, 116, 117, 118, 119, 120, 121, 122, 123, 124, 125, 126, 127, 128, 129, 130, 131, 132, 133, 134, 135, 136, 137, 138, 139, 140, 141, 142, 143, 144, 145, 146, 147, 148, 149, 150, 151, 152, 153, 154, 155, 156, 157, 158, 159, 160, 161, 162, 163, 164, 165, 166, 167, 168, 169, 170, 171, 172, 173, 174, 175, 176, 177, 178, 179, 180, 181, 182, 183, 184, 185, 186, 187, 188, 189, 190, 191, 192, 193, 194, 195, 196, 197, 198, 199, 200, 201, 202, 203, 204, 205, 206, 207, 208, 209, 210, 211, 212, 213, 214, 215, 216, 217, 218, 219, 220, 221, 222, 223, 224, 225, 226, 227, 228, 229, 230, 231, 232, 233, 234, 235, 236, 237, 238, 239, 240, 241, 242, 243, 244, 245, 246, 247, 248, 249, 250, 251, 252, 253, 254, 255, 256, 257, 258, 259, 260, 261, 262, 263, 264, 265, 266, 267, 268, 269, 270, 271, 272, 273, 274, 275, 276, 277, 278, 279, 280, 281, 282, 283, 284, 285, 286, 287, 288, 289, 290, 291, 292, 293, 294, 295, 296, 297, 298, 299, 300, 301, 302, 303, 304, 305, 306, 307, 308, 309, 310, 311, 312, 313, 314, 315, 316, 317, 318, 319, 320, 321, 322, 323, 324, 325, 326, 327, 328, 329, 330, 331, 332, 333, 334, 335, 336, 337, 574, 575, 576, 577, 578, 579, 580, 581, 582, 583, 584, 585, 586, 587, 588, 589, 590, 591, 592, 593, 594, 595, 596, 597, 598, 599, 600, 601, 602, 603, 604, 605, 606, 607, 608, 609, 610, 611, 612, 613, 614, 615, 616, 617, 618, 619, 620, 621, 622, 623, 624, 625, 626, 627, 628, 629, 630, 631, 632, 633, 634, 635, 636, 637, 638, 639, 640, 641, 642, 643, 644, 645, 646, 647, 648, 649, 650, 651, 652, 653, 654, 655, 656, 657, 658, 659, 660, 661, 662, 663, 664, 665, 666, 667, 668, 669, 670, 671, 672, 673, 674, 675, 676, 677, 678, 679, 680, 681, 682, 683, 684, 685, 686, 687, 688, 689, 690, 691, 692, 693, 694, 695, 696, 697, 698, 699, 700, 701, 702, 703, 704, 705, 706, 707, 708, 709, 710, 711, 712, 713, 714, 715, 716, 717, 718, 719, 720, 721, 722, 723, 724, 725, 726, 727, 728, 729, 730, 731, 732, 733, 734, 735, 736, 737, 738, 739, 740, 741, 742, 743, 744, 745, 746, 747, 748, 749, 750, 751, 752, 753, 754, 755, 756, 757, 758, 759, 760, 761, 762, 763, 764, 765, 766, 767, 768, 769, 770, 771, 772, 773, 774, 775, 776, 777, 778, 779, 780, 781, 782, 783, 784, 785, 786, 787, 788, 789, 790, 791, 792, 793]","[209, 243, 273, 275, 311, 325, 679, 707, 732, 734, 769, 783]",[],"[15, 91, 107, 110, 113, 123, 132, 136, 193, 216, 218, 252, 274, 275, 281, 286, 293, 302, 325, 326, 500, 562, 578, 580, 583, 594, 603, 607, 664, 686, 715, 733, 734, 740, 745, 752, 760, 783, 784]","[154, 176, 177, 218, 279, 321, 322, 323, 324, 325, 326, 332, 394, 401, 467, 483, 484, 626, 647, 648, 686, 738, 779, 780, 781, 782, 783, 784, 789, 844, 850, 914, 927, 934, 935]",[],7/6 successful match,True,"[755, 756]",True,315,False,,1.0,True,Valley Pacific Petroleum Service ( Chevron,Chevron
"Santa Maria , 93456 Valley Pacific Petroleum St & Aldo Ave",3 805-925-3664 US 101 & Betteravia Rd Service ( Chevron,) HRS 24 M <U+25A1> <U+25A1>,Santa Maria,93456,Valley Pacific Petroleum St & Aldo Ave,805-925-3664,2008,Santa Maria,CA,,( Chevron,US 101 & Betteravia Rd Service,empty,,False,,False,US 101,Rd Service,,,,"[325, 783]",[],"[209, 243, 273, 275, 311, 325, 679, 707, 732, 734, 769, 783]",[],"[103, 104, 105, 106, 107, 108, 109, 110, 111, 112, 113, 114, 115, 116, 117, 118, 119, 120, 121, 122, 123, 124, 125, 126, 127, 128, 129, 130, 131, 132, 133, 134, 135, 136, 137, 138, 139, 140, 141, 142, 143, 144, 145, 146, 147, 148, 149, 150, 151, 152, 153, 154, 155, 156, 157, 158, 159, 160, 161, 162, 163, 164, 165, 166, 167, 168, 169, 170, 171, 172, 173, 174, 175, 176, 177, 178, 179, 180, 181, 182, 183, 184, 185, 186, 187, 188, 189, 190, 191, 192, 193, 194, 195, 196, 197, 198, 199, 200, 201, 202, 203, 204, 205, 206, 207, 208, 209, 210, 211, 212, 213, 214, 215, 216, 217, 218, 219, 220, 221, 222, 223, 224, 225, 226, 227, 228, 229, 230, 231, 232, 233, 234, 235, 236, 237, 238, 239, 240, 241, 242, 243, 244, 245, 246, 247, 248, 249, 250, 251, 252, 253, 254, 255, 256, 257, 258, 259, 260, 261, 262, 263, 264, 265, 266, 267, 268, 269, 270, 271, 272, 273, 274, 275, 276, 277, 278, 279, 280, 281, 282, 283, 284, 285, 286, 287, 288, 289, 290, 291, 292, 293, 294, 295, 296, 297, 298, 299, 300, 301, 302, 303, 304, 305, 306, 307, 308, 309, 310, 311, 312, 313, 314, 315, 316, 317, 318, 319, 320, 321, 322, 323, 324, 325, 326, 327, 328, 329, 330, 331, 332, 333, 334, 335, 336, 337, 574, 575, 576, 577, 578, 579, 580, 581, 582, 583, 584, 585, 586, 587, 588, 589, 590, 591, 592, 593, 594, 595, 596, 597, 598, 599, 600, 601, 602, 603, 604, 605, 606, 607, 608, 609, 610, 611, 612, 613, 614, 615, 616, 617, 618, 619, 620, 621, 622, 623, 624, 625, 626, 627, 628, 629, 630, 631, 632, 633, 634, 635, 636, 637, 638, 639, 640, 641, 642, 643, 644, 645, 646, 647, 648, 649, 650, 651, 652, 653, 654, 655, 656, 657, 658, 659, 660, 661, 662, 663, 664, 665, 666, 667, 668, 669, 670, 671, 672, 673, 674, 675, 676, 677, 678, 679, 680, 681, 682, 683, 684, 685, 686, 687, 688, 689, 690, 691, 692, 693, 694, 695, 696, 697, 698, 699, 700, 701, 702, 703, 704, 705, 706, 707, 708, 709, 710, 711, 712, 713, 714, 715, 716, 717, 718, 719, 720, 721, 722, 723, 724, 725, 726, 727, 728, 729, 730, 731, 732, 733, 734, 735, 736, 737, 738, 739, 740, 741, 742, 743, 744, 745, 746, 747, 748, 749, 750, 751, 752, 753, 754, 755, 756, 757, 758, 759, 760, 761, 762, 763, 764, 765, 766, 767, 768, 769, 770, 771, 772, 773, 774, 775, 776, 777, 778, 779, 780, 781, 782, 783, 784, 785, 786, 787, 788, 789, 790, 791, 792, 793]","[15, 91, 107, 110, 113, 123, 132, 136, 193, 216, 218, 252, 274, 275, 281, 286, 293, 302, 325, 326, 500, 562, 578, 580, 583, 594, 603, 607, 664, 686, 715, 733, 734, 740, 745, 752, 760, 783, 784]",[],"[154, 176, 177, 218, 279, 321, 322, 323, 324, 325, 326, 332, 394, 401, 467, 483, 484, 626, 647, 648, 686, 738, 779, 780, 781, 782, 783, 784, 789, 844, 850, 914, 927, 934, 935]","[15, 91, 103, 104, 105, 106, 107, 108, 109, 110, 111, 112, 113, 114, 115, 116, 117, 118, 119, 120, 121, 122, 123, 124, 125, 126, 127, 128, 129, 130, 131, 132, 133, 134, 135, 136, 137, 138, 139, 140, 141, 142, 143, 144, 145, 146, 147, 148, 149, 150, 151, 152, 153, 154, 155, 156, 157, 158, 159, 160, 161, 162, 163, 164, 165, 166, 167, 168, 169, 170, 171, 172, 173, 174, 175, 176, 177, 178, 179, 180, 181, 182, 183, 184, 185, 186, 187, 188, 189, 190, 191, 192, 193, 194, 195, 196, 197, 198, 199, 200, 201, 202, 203, 204, 205, 206, 207, 208, 209, 210, 211, 212, 213, 214, 215, 216, 217, 218, 219, 220, 221, 222, 223, 224, 225, 226, 227, 228, 229, 230, 231, 232, 233, 234, 235, 236, 237, 238, 239, 240, 241, 242, 243, 244, 245, 246, 247, 248, 249, 250, 251, 252, 253, 254, 255, 256, 257, 258, 259, 260, 261, 262, 263, 264, 265, 266, 267, 268, 269, 270, 271, 272, 273, 274, 275, 276, 277, 278, 279, 280, 281, 282, 283, 284, 285, 286, 287, 288, 289, 290, 291, 292, 293, 294, 295, 296, 297, 298, 299, 300, 301, 302, 303, 304, 305, 306, 307, 308, 309, 310, 311, 312, 313, 314, 315, 316, 317, 318, 319, 320, 321, 322, 323, 324, 325, 326, 327, 328, 329, 330, 331, 332, 333, 334, 335, 336, 337, 394, 401, 467, 483, 484, 500, 562, 574, 575, 576, 577, 578, 579, 580, 581, 582, 583, 584, 585, 586, 587, 588, 589, 590, 591, 592, 593, 594, 595, 596, 597, 598, 599, 600, 601, 602, 603, 604, 605, 606, 607, 608, 609, 610, 611, 612, 613, 614, 615, 616, 617, 618, 619, 620, 621, 622, 623, 624, 625, 626, 627, 628, 629, 630, 631, 632, 633, 634, 635, 636, 637, 638, 639, 640, 641, 642, 643, 644, 645, 646, 647, 648, 649, 650, 651, 652, 653, 654, 655, 656, 657, 658, 659, 660, 661, 662, 663, 664, 665, 666, 667, 668, 669, 670, 671, 672, 673, 674, 675, 676, 677, 678, 679, 680, 681, 682, 683, 684, 685, 686, 687, 688, 689, 690, 691, 692, 693, 694, 695, 696, 697, 698, 699, 700, 701, 702, 703, 704, 705, 706, 707, 708, 709, 710, 711, 712, 713, 714, 715, 716, 717, 718, 719, 720, 721, 722, 723, 724, 725, 726, 727, 728, 729, 730, 731, 732, 733, 734, 735, 736, 737, 738, 739, 740, 741, 742, 743, 744, 745, 746, 747, 748, 749, 750, 751, 752, 753, 754, 755, 756, 757, 758, 759, 760, 761, 762, 763, 764, 765, 766, 767, 768, 769, 770, 771, 772, 773, 774, 775, 776, 777, 778, 779, 780, 781, 782, 783, 784, 785, 786, 787, 788, 789, 790, 791, 792, 793, 844, 850, 914, 927, 934, 935]",True,[],"[103, 104, 105, 106, 107, 108, 109, 110, 111, 112, 113, 114, 115, 116, 117, 118, 119, 120, 121, 122, 123, 124, 125, 126, 127, 128, 129, 130, 131, 132, 133, 134, 135, 136, 137, 138, 139, 140, 141, 142, 143, 144, 145, 146, 147, 148, 149, 150, 151, 152, 153, 154, 155, 156, 157, 158, 159, 160, 161, 162, 163, 164, 165, 166, 167, 168, 169, 170, 171, 172, 173, 174, 175, 176, 177, 178, 179, 180, 181, 182, 183, 184, 185, 186, 187, 188, 189, 190, 191, 192, 193, 194, 195, 196, 197, 198, 199, 200, 201, 202, 203, 204, 205, 206, 207, 208, 209, 210, 211, 212, 213, 214, 215, 216, 217, 218, 219, 220, 221, 222, 223, 224, 225, 226, 227, 228, 229, 230, 231, 232, 233, 234, 235, 236, 237, 238, 239, 240, 241, 242, 243, 244, 245, 246, 247, 248, 249, 250, 251, 252, 253, 254, 255, 256, 257, 258, 259, 260, 261, 262, 263, 264, 265, 266, 267, 268, 269, 270, 271, 272, 273, 274, 275, 276, 277, 278, 279, 280, 281, 282, 283, 284, 285, 286, 287, 288, 289, 290, 291, 292, 293, 294, 295, 296, 297, 298, 299, 300, 301, 302, 303, 304, 305, 306, 307, 308, 309, 310, 311, 312, 313, 314, 315, 316, 317, 318, 319, 320, 321, 322, 323, 324, 325, 326, 327, 328, 329, 330, 331, 332, 333, 334, 335, 336, 337, 574, 575, 576, 577, 578, 579, 580, 581, 582, 583, 584, 585, 586, 587, 588, 589, 590, 591, 592, 593, 594, 595, 596, 597, 598, 599, 600, 601, 602, 603, 604, 605, 606, 607, 608, 609, 610, 611, 612, 613, 614, 615, 616, 617, 618, 619, 620, 621, 622, 623, 624, 625, 626, 627, 628, 629, 630, 631, 632, 633, 634, 635, 636, 637, 638, 639, 640, 641, 642, 643, 644, 645, 646, 647, 648, 649, 650, 651, 652, 653, 654, 655, 656, 657, 658, 659, 660, 661, 662, 663, 664, 665, 666, 667, 668, 669, 670, 671, 672, 673, 674, 675, 676, 677, 678, 679, 680, 681, 682, 683, 684, 685, 686, 687, 688, 689, 690, 691, 692, 693, 694, 695, 696, 697, 698, 699, 700, 701, 702, 703, 704, 705, 706, 707, 708, 709, 710, 711, 712, 713, 714, 715, 716, 717, 718, 719, 720, 721, 722, 723, 724, 725, 726, 727, 728, 729, 730, 731, 732, 733, 734, 735, 736, 737, 738, 739, 740, 741, 742, 743, 744, 745, 746, 747, 748, 749, 750, 751, 752, 753, 754, 755, 756, 757, 758, 759, 760, 761, 762, 763, 764, 765, 766, 767, 768, 769, 770, 771, 772, 773, 774, 775, 776, 777, 778, 779, 780, 781, 782, 783, 784, 785, 786, 787, 788, 789, 790, 791, 792, 793]","[209, 243, 273, 275, 311, 325, 679, 707, 732, 734, 769, 783]",[],"[15, 91, 107, 110, 113, 123, 132, 136, 193, 216, 218, 252, 274, 275, 281, 286, 293, 302, 325, 326, 500, 562, 578, 580, 583, 594, 603, 607, 664, 686, 715, 733, 734, 740, 745, 752, 760, 783, 784]","[154, 176, 177, 218, 279, 321, 322, 323, 324, 325, 326, 332, 394, 401, 467, 483, 484, 626, 647, 648, 686, 738, 779, 780, 781, 782, 783, 784, 789, 844, 850, 914, 927, 934, 935]",[],7/6 successful match,True,"[755, 756]",True,315,False,,0.965,True,Valley Pacific Petroleum Service (,
H Santa Maria ( 93456 ) Valley Pacific Petroleum Service ( Chevron ),3 805-925-3664 US 101 & Betteravia Rd,) 24 MO <U+25A1>,Santa Maria,93456,Valley Pacific Petroleum Service ( Chevron ),805-925-3664,2014,Santa Maria,CA,Chevron,,US 101 & Betteravia Rd,empty,,False,,False,US 101,Betteravia Rd,,,,"[325, 783]",[],"[209, 243, 273, 275, 311, 325, 679, 707, 732, 734, 769, 783]",[],"[103, 104, 105, 106, 107, 108, 109, 110, 111, 112, 113, 114, 115, 116, 117, 118, 119, 120, 121, 122, 123, 124, 125, 126, 127, 128, 129, 130, 131, 132, 133, 134, 135, 136, 137, 138, 139, 140, 141, 142, 143, 144, 145, 146, 147, 148, 149, 150, 151, 152, 153, 154, 155, 156, 157, 158, 159, 160, 161, 162, 163, 164, 165, 166, 167, 168, 169, 170, 171, 172, 173, 174, 175, 176, 177, 178, 179, 180, 181, 182, 183, 184, 185, 186, 187, 188, 189, 190, 191, 192, 193, 194, 195, 196, 197, 198, 199, 200, 201, 202, 203, 204, 205, 206, 207, 208, 209, 210, 211, 212, 213, 214, 215, 216, 217, 218, 219, 220, 221, 222, 223, 224, 225, 226, 227, 228, 229, 230, 231, 232, 233, 234, 235, 236, 237, 238, 239, 240, 241, 242, 243, 244, 245, 246, 247, 248, 249, 250, 251, 252, 253, 254, 255, 256, 257, 258, 259, 260, 261, 262, 263, 264, 265, 266, 267, 268, 269, 270, 271, 272, 273, 274, 275, 276, 277, 278, 279, 280, 281, 282, 283, 284, 285, 286, 287, 288, 289, 290, 291, 292, 293, 294, 295, 296, 297, 298, 299, 300, 301, 302, 303, 304, 305, 306, 307, 308, 309, 310, 311, 312, 313, 314, 315, 316, 317, 318, 319, 320, 321, 322, 323, 324, 325, 326, 327, 328, 329, 330, 331, 332, 333, 334, 335, 336, 337, 574, 575, 576, 577, 578, 579, 580, 581, 582, 583, 584, 585, 586, 587, 588, 589, 590, 591, 592, 593, 594, 595, 596, 597, 598, 599, 600, 601, 602, 603, 604, 605, 606, 607, 608, 609, 610, 611, 612, 613, 614, 615, 616, 617, 618, 619, 620, 621, 622, 623, 624, 625, 626, 627, 628, 629, 630, 631, 632, 633, 634, 635, 636, 637, 638, 639, 640, 641, 642, 643, 644, 645, 646, 647, 648, 649, 650, 651, 652, 653, 654, 655, 656, 657, 658, 659, 660, 661, 662, 663, 664, 665, 666, 667, 668, 669, 670, 671, 672, 673, 674, 675, 676, 677, 678, 679, 680, 681, 682, 683, 684, 685, 686, 687, 688, 689, 690, 691, 692, 693, 694, 695, 696, 697, 698, 699, 700, 701, 702, 703, 704, 705, 706, 707, 708, 709, 710, 711, 712, 713, 714, 715, 716, 717, 718, 719, 720, 721, 722, 723, 724, 725, 726, 727, 728, 729, 730, 731, 732, 733, 734, 735, 736, 737, 738, 739, 740, 741, 742, 743, 744, 745, 746, 747, 748, 749, 750, 751, 752, 753, 754, 755, 756, 757, 758, 759, 760, 761, 762, 763, 764, 765, 766, 767, 768, 769, 770, 771, 772, 773, 774, 775, 776, 777, 778, 779, 780, 781, 782, 783, 784, 785, 786, 787, 788, 789, 790, 791, 792, 793]","[15, 91, 107, 110, 113, 123, 132, 136, 193, 216, 218, 252, 274, 275, 281, 286, 293, 302, 325, 326, 500, 562, 578, 580, 583, 594, 603, 607, 664, 686, 715, 733, 734, 740, 745, 752, 760, 783, 784]","[12, 24, 25, 28, 88, 100, 104, 119, 123, 129, 136, 137, 139, 140, 141, 148, 155, 169, 172, 179, 183, 185, 188, 196, 198, 217, 237, 267, 270, 278, 319, 321, 324, 325, 330, 334, 335, 354, 366, 369, 380, 383, 384, 386, 395, 407, 411, 423, 428, 436, 437, 452, 453, 456, 467, 471, 477, 478, 479, 497, 508, 511, 559, 571, 575, 590, 594, 600, 607, 608, 610, 611, 612, 619, 627, 640, 643, 650, 654, 656, 659, 667, 669, 685, 701, 726, 729, 737, 777, 779, 782, 783, 787, 790, 791, 809, 817, 819, 830, 833, 834, 836, 845, 856, 857, 860, 862, 875, 880, 887, 888, 899, 900, 914, 918, 921, 928, 929, 930]","[12, 24, 25, 28, 88, 100, 104, 119, 123, 129, 136, 137, 139, 140, 141, 148, 154, 155, 169, 172, 176, 177, 179, 183, 185, 188, 196, 198, 217, 218, 237, 267, 270, 278, 279, 319, 321, 322, 323, 324, 325, 326, 330, 332, 334, 335, 354, 366, 369, 380, 383, 384, 386, 394, 395, 401, 407, 411, 423, 428, 436, 437, 452, 453, 456, 467, 471, 477, 478, 479, 483, 484, 497, 508, 511, 559, 571, 575, 590, 594, 600, 607, 608, 610, 611, 612, 619, 626, 627, 640, 643, 647, 648, 650, 654, 656, 659, 667, 669, 685, 686, 701, 726, 729, 737, 738, 777, 779, 780, 781, 782, 783, 784, 787, 789, 790, 791, 809, 817, 819, 830, 833, 834, 836, 844, 845, 850, 856, 857, 860, 862, 875, 880, 887, 888, 899, 900, 914, 918, 921, 927, 928, 929, 930, 934, 935]","[12, 15, 24, 25, 28, 88, 91, 100, 103, 104, 105, 106, 107, 108, 109, 110, 111, 112, 113, 114, 115, 116, 117, 118, 119, 120, 121, 122, 123, 124, 125, 126, 127, 128, 129, 130, 131, 132, 133, 134, 135, 136, 137, 138, 139, 140, 141, 142, 143, 144, 145, 146, 147, 148, 149, 150, 151, 152, 153, 154, 155, 156, 157, 158, 159, 160, 161, 162, 163, 164, 165, 166, 167, 168, 169, 170, 171, 172, 173, 174, 175, 176, 177, 178, 179, 180, 181, 182, 183, 184, 185, 186, 187, 188, 189, 190, 191, 192, 193, 194, 195, 196, 197, 198, 199, 200, 201, 202, 203, 204, 205, 206, 207, 208, 209, 210, 211, 212, 213, 214, 215, 216, 217, 218, 219, 220, 221, 222, 223, 224, 225, 226, 227, 228, 229, 230, 231, 232, 233, 234, 235, 236, 237, 238, 239, 240, 241, 242, 243, 244, 245, 246, 247, 248, 249, 250, 251, 252, 253, 254, 255, 256, 257, 258, 259, 260, 261, 262, 263, 264, 265, 266, 267, 268, 269, 270, 271, 272, 273, 274, 275, 276, 277, 278, 279, 280, 281, 282, 283, 284, 285, 286, 287, 288, 289, 290, 291, 292, 293, 294, 295, 296, 297, 298, 299, 300, 301, 302, 303, 304, 305, 306, 307, 308, 309, 310, 311, 312, 313, 314, 315, 316, 317, 318, 319, 320, 321, 322, 323, 324, 325, 326, 327, 328, 329, 330, 331, 332, 333, 334, 335, 336, 337, 354, 366, 369, 380, 383, 384, 386, 394, 395, 401, 407, 411, 423, 428, 436, 437, 452, 453, 456, 467, 471, 477, 478, 479, 483, 484, 497, 500, 508, 511, 559, 562, 571, 574, 575, 576, 577, 578, 579, 580, 581, 582, 583, 584, 585, 586, 587, 588, 589, 590, 591, 592, 593, 594, 595, 596, 597, 598, 599, 600, 601, 602, 603, 604, 605, 606, 607, 608, 609, 610, 611, 612, 613, 614, 615, 616, 617, 618, 619, 620, 621, 622, 623, 624, 625, 626, 627, 628, 629, 630, 631, 632, 633, 634, 635, 636, 637, 638, 639, 640, 641, 642, 643, 644, 645, 646, 647, 648, 649, 650, 651, 652, 653, 654, 655, 656, 657, 658, 659, 660, 661, 662, 663, 664, 665, 666, 667, 668, 669, 670, 671, 672, 673, 674, 675, 676, 677, 678, 679, 680, 681, 682, 683, 684, 685, 686, 687, 688, 689, 690, 691, 692, 693, 694, 695, 696, 697, 698, 699, 700, 701, 702, 703, 704, 705, 706, 707, 708, 709, 710, 711, 712, 713, 714, 715, 716, 717, 718, 719, 720, 721, 722, 723, 724, 725, 726, 727, 728, 729, 730, 731, 732, 733, 734, 735, 736, 737, 738, 739, 740, 741, 742, 743, 744, 745, 746, 747, 748, 749, 750, 751, 752, 753, 754, 755, 756, 757, 758, 759, 760, 761, 762, 763, 764, 765, 766, 767, 768, 769, 770, 771, 772, 773, 774, 775, 776, 777, 778, 779, 780, 781, 782, 783, 784, 785, 786, 787, 788, 789, 790, 791, 792, 793, 809, 817, 819, 830, 833, 834, 836, 844, 845, 850, 856, 857, 860, 862, 875, 880, 887, 888, 899, 900, 914, 918, 921, 927, 928, 929, 930, 934, 935]",True,[],"[103, 104, 105, 106, 107, 108, 109, 110, 111, 112, 113, 114, 115, 116, 117, 118, 119, 120, 121, 122, 123, 124, 125, 126, 127, 128, 129, 130, 131, 132, 133, 134, 135, 136, 137, 138, 139, 140, 141, 142, 143, 144, 145, 146, 147, 148, 149, 150, 151, 152, 153, 154, 155, 156, 157, 158, 159, 160, 161, 162, 163, 164, 165, 166, 167, 168, 169, 170, 171, 172, 173, 174, 175, 176, 177, 178, 179, 180, 181, 182, 183, 184, 185, 186, 187, 188, 189, 190, 191, 192, 193, 194, 195, 196, 197, 198, 199, 200, 201, 202, 203, 204, 205, 206, 207, 208, 209, 210, 211, 212, 213, 214, 215, 216, 217, 218, 219, 220, 221, 222, 223, 224, 225, 226, 227, 228, 229, 230, 231, 232, 233, 234, 235, 236, 237, 238, 239, 240, 241, 242, 243, 244, 245, 246, 247, 248, 249, 250, 251, 252, 253, 254, 255, 256, 257, 258, 259, 260, 261, 262, 263, 264, 265, 266, 267, 268, 269, 270, 271, 272, 273, 274, 275, 276, 277, 278, 279, 280, 281, 282, 283, 284, 285, 286, 287, 288, 289, 290, 291, 292, 293, 294, 295, 296, 297, 298, 299, 300, 301, 302, 303, 304, 305, 306, 307, 308, 309, 310, 311, 312, 313, 314, 315, 316, 317, 318, 319, 320, 321, 322, 323, 324, 325, 326, 327, 328, 329, 330, 331, 332, 333, 334, 335, 336, 337, 574, 575, 576, 577, 578, 579, 580, 581, 582, 583, 584, 585, 586, 587, 588, 589, 590, 591, 592, 593, 594, 595, 596, 597, 598, 599, 600, 601, 602, 603, 604, 605, 606, 607, 608, 609, 610, 611, 612, 613, 614, 615, 616, 617, 618, 619, 620, 621, 622, 623, 624, 625, 626, 627, 628, 629, 630, 631, 632, 633, 634, 635, 636, 637, 638, 639, 640, 641, 642, 643, 644, 645, 646, 647, 648, 649, 650, 651, 652, 653, 654, 655, 656, 657, 658, 659, 660, 661, 662, 663, 664, 665, 666, 667, 668, 669, 670, 671, 672, 673, 674, 675, 676, 677, 678, 679, 680, 681, 682, 683, 684, 685, 686, 687, 688, 689, 690, 691, 692, 693, 694, 695, 696, 697, 698, 699, 700, 701, 702, 703, 704, 705, 706, 707, 708, 709, 710, 711, 712, 713, 714, 715, 716, 717, 718, 719, 720, 721, 722, 723, 724, 725, 726, 727, 728, 729, 730, 731, 732, 733, 734, 735, 736, 737, 738, 739, 740, 741, 742, 743, 744, 745, 746, 747, 748, 749, 750, 751, 752, 753, 754, 755, 756, 757, 758, 759, 760, 761, 762, 763, 764, 765, 766, 767, 768, 769, 770, 771, 772, 773, 774, 775, 776, 777, 778, 779, 780, 781, 782, 783, 784, 785, 786, 787, 788, 789, 790, 791, 792, 793]","[209, 243, 273, 275, 311, 325, 679, 707, 732, 734, 769, 783]",[],"[15, 91, 107, 110, 113, 123, 132, 136, 193, 216, 218, 252, 274, 275, 281, 286, 293, 302, 325, 326, 500, 562, 578, 580, 583, 594, 603, 607, 664, 686, 715, 733, 734, 740, 745, 752, 760, 783, 784]","[12, 24, 25, 28, 88, 100, 104, 119, 123, 129, 136, 137, 139, 140, 141, 148, 154, 155, 169, 172, 176, 177, 179, 183, 185, 188, 196, 198, 217, 218, 237, 267, 270, 278, 279, 319, 321, 322, 323, 324, 325, 326, 330, 332, 334, 335, 354, 366, 369, 380, 383, 384, 386, 394, 395, 401, 407, 411, 423, 428, 436, 437, 452, 453, 456, 467, 471, 477, 478, 479, 483, 484, 497, 508, 511, 559, 571, 575, 590, 594, 600, 607, 608, 610, 611, 612, 619, 626, 627, 640, 643, 647, 648, 650, 654, 656, 659, 667, 669, 685, 686, 701, 726, 729, 737, 738, 777, 779, 780, 781, 782, 783, 784, 787, 789, 790, 791, 809, 817, 819, 830, 833, 834, 836, 844, 845, 850, 856, 857, 860, 862, 875, 880, 887, 888, 899, 900, 914, 918, 921, 927, 928, 929, 930, 934, 935]","[12, 24, 25, 28, 88, 100, 104, 119, 123, 129, 136, 137, 139, 140, 141, 148, 155, 169, 172, 179, 183, 185, 188, 196, 198, 217, 237, 267, 270, 278, 319, 321, 324, 325, 330, 334, 335, 354, 366, 369, 380, 383, 384, 386, 395, 407, 411, 423, 428, 436, 437, 452, 453, 456, 467, 471, 477, 478, 479, 497, 508, 511, 559, 571, 575, 590, 594, 600, 607, 608, 610, 611, 612, 619, 627, 640, 643, 650, 654, 656, 659, 667, 669, 685, 701, 726, 729, 737, 777, 779, 782, 783, 787, 790, 791, 809, 817, 819, 830, 833, 834, 836, 845, 856, 857, 860, 862, 875, 880, 887, 888, 899, 900, 914, 918, 921, 928, 929, 930]",7/6 successful match,True,"[755, 756]",True,315,False,,0.937560975609756,True,Valley Pacific Petroleum St & Aldo Ave,
H Santa Maria ( 93456 ) Valley Pacific Petroleum Service ( Chevron ),3 805-925-3664 US 101 & Betteravia Rd,) 24 2013 M <U+2610>,Santa Maria,93456,Valley Pacific Petroleum Service ( Chevron ),805-925-3664,2015,Santa Maria,CA,Chevron,,US 101 & Betteravia Rd,empty,,False,,False,US 101,Betteravia Rd,,,,"[325, 783]",[],"[209, 243, 273, 275, 311, 325, 679, 707, 732, 734, 769, 783]",[],"[103, 104, 105, 106, 107, 108, 109, 110, 111, 112, 113, 114, 115, 116, 117, 118, 119, 120, 121, 122, 123, 124, 125, 126, 127, 128, 129, 130, 131, 132, 133, 134, 135, 136, 137, 138, 139, 140, 141, 142, 143, 144, 145, 146, 147, 148, 149, 150, 151, 152, 153, 154, 155, 156, 157, 158, 159, 160, 161, 162, 163, 164, 165, 166, 167, 168, 169, 170, 171, 172, 173, 174, 175, 176, 177, 178, 179, 180, 181, 182, 183, 184, 185, 186, 187, 188, 189, 190, 191, 192, 193, 194, 195, 196, 197, 198, 199, 200, 201, 202, 203, 204, 205, 206, 207, 208, 209, 210, 211, 212, 213, 214, 215, 216, 217, 218, 219, 220, 221, 222, 223, 224, 225, 226, 227, 228, 229, 230, 231, 232, 233, 234, 235, 236, 237, 238, 239, 240, 241, 242, 243, 244, 245, 246, 247, 248, 249, 250, 251, 252, 253, 254, 255, 256, 257, 258, 259, 260, 261, 262, 263, 264, 265, 266, 267, 268, 269, 270, 271, 272, 273, 274, 275, 276, 277, 278, 279, 280, 281, 282, 283, 284, 285, 286, 287, 288, 289, 290, 291, 292, 293, 294, 295, 296, 297, 298, 299, 300, 301, 302, 303, 304, 305, 306, 307, 308, 309, 310, 311, 312, 313, 314, 315, 316, 317, 318, 319, 320, 321, 322, 323, 324, 325, 326, 327, 328, 329, 330, 331, 332, 333, 334, 335, 336, 337, 574, 575, 576, 577, 578, 579, 580, 581, 582, 583, 584, 585, 586, 587, 588, 589, 590, 591, 592, 593, 594, 595, 596, 597, 598, 599, 600, 601, 602, 603, 604, 605, 606, 607, 608, 609, 610, 611, 612, 613, 614, 615, 616, 617, 618, 619, 620, 621, 622, 623, 624, 625, 626, 627, 628, 629, 630, 631, 632, 633, 634, 635, 636, 637, 638, 639, 640, 641, 642, 643, 644, 645, 646, 647, 648, 649, 650, 651, 652, 653, 654, 655, 656, 657, 658, 659, 660, 661, 662, 663, 664, 665, 666, 667, 668, 669, 670, 671, 672, 673, 674, 675, 676, 677, 678, 679, 680, 681, 682, 683, 684, 685, 686, 687, 688, 689, 690, 691, 692, 693, 694, 695, 696, 697, 698, 699, 700, 701, 702, 703, 704, 705, 706, 707, 708, 709, 710, 711, 712, 713, 714, 715, 716, 717, 718, 719, 720, 721, 722, 723, 724, 725, 726, 727, 728, 729, 730, 731, 732, 733, 734, 735, 736, 737, 738, 739, 740, 741, 742, 743, 744, 745, 746, 747, 748, 749, 750, 751, 752, 753, 754, 755, 756, 757, 758, 759, 760, 761, 762, 763, 764, 765, 766, 767, 768, 769, 770, 771, 772, 773, 774, 775, 776, 777, 778, 779, 780, 781, 782, 783, 784, 785, 786, 787, 788, 789, 790, 791, 792, 793]","[15, 91, 107, 110, 113, 123, 132, 136, 193, 216, 218, 252, 274, 275, 281, 286, 293, 302, 325, 326, 500, 562, 578, 580, 583, 594, 603, 607, 664, 686, 715, 733, 734, 740, 745, 752, 760, 783, 784]","[12, 24, 25, 28, 88, 100, 104, 119, 123, 129, 136, 137, 139, 140, 141, 148, 155, 169, 172, 179, 183, 185, 188, 196, 198, 217, 237, 267, 270, 278, 319, 321, 324, 325, 330, 334, 335, 354, 366, 369, 380, 383, 384, 386, 395, 407, 411, 423, 428, 436, 437, 452, 453, 456, 467, 471, 477, 478, 479, 497, 508, 511, 559, 571, 575, 590, 594, 600, 607, 608, 610, 611, 612, 619, 627, 640, 643, 650, 654, 656, 659, 667, 669, 685, 701, 726, 729, 737, 777, 779, 782, 783, 787, 790, 791, 809, 817, 819, 830, 833, 834, 836, 845, 856, 857, 860, 862, 875, 880, 887, 888, 899, 900, 914, 918, 921, 928, 929, 930]","[12, 24, 25, 28, 88, 100, 104, 119, 123, 129, 136, 137, 139, 140, 141, 148, 154, 155, 169, 172, 176, 177, 179, 183, 185, 188, 196, 198, 217, 218, 237, 267, 270, 278, 279, 319, 321, 322, 323, 324, 325, 326, 330, 332, 334, 335, 354, 366, 369, 380, 383, 384, 386, 394, 395, 401, 407, 411, 423, 428, 436, 437, 452, 453, 456, 467, 471, 477, 478, 479, 483, 484, 497, 508, 511, 559, 571, 575, 590, 594, 600, 607, 608, 610, 611, 612, 619, 626, 627, 640, 643, 647, 648, 650, 654, 656, 659, 667, 669, 685, 686, 701, 726, 729, 737, 738, 777, 779, 780, 781, 782, 783, 784, 787, 789, 790, 791, 809, 817, 819, 830, 833, 834, 836, 844, 845, 850, 856, 857, 860, 862, 875, 880, 887, 888, 899, 900, 914, 918, 921, 927, 928, 929, 930, 934, 935]","[12, 15, 24, 25, 28, 88, 91, 100, 103, 104, 105, 106, 107, 108, 109, 110, 111, 112, 113, 114, 115, 116, 117, 118, 119, 120, 121, 122, 123, 124, 125, 126, 127, 128, 129, 130, 131, 132, 133, 134, 135, 136, 137, 138, 139, 140, 141, 142, 143, 144, 145, 146, 147, 148, 149, 150, 151, 152, 153, 154, 155, 156, 157, 158, 159, 160, 161, 162, 163, 164, 165, 166, 167, 168, 169, 170, 171, 172, 173, 174, 175, 176, 177, 178, 179, 180, 181, 182, 183, 184, 185, 186, 187, 188, 189, 190, 191, 192, 193, 194, 195, 196, 197, 198, 199, 200, 201, 202, 203, 204, 205, 206, 207, 208, 209, 210, 211, 212, 213, 214, 215, 216, 217, 218, 219, 220, 221, 222, 223, 224, 225, 226, 227, 228, 229, 230, 231, 232, 233, 234, 235, 236, 237, 238, 239, 240, 241, 242, 243, 244, 245, 246, 247, 248, 249, 250, 251, 252, 253, 254, 255, 256, 257, 258, 259, 260, 261, 262, 263, 264, 265, 266, 267, 268, 269, 270, 271, 272, 273, 274, 275, 276, 277, 278, 279, 280, 281, 282, 283, 284, 285, 286, 287, 288, 289, 290, 291, 292, 293, 294, 295, 296, 297, 298, 299, 300, 301, 302, 303, 304, 305, 306, 307, 308, 309, 310, 311, 312, 313, 314, 315, 316, 317, 318, 319, 320, 321, 322, 323, 324, 325, 326, 327, 328, 329, 330, 331, 332, 333, 334, 335, 336, 337, 354, 366, 369, 380, 383, 384, 386, 394, 395, 401, 407, 411, 423, 428, 436, 437, 452, 453, 456, 467, 471, 477, 478, 479, 483, 484, 497, 500, 508, 511, 559, 562, 571, 574, 575, 576, 577, 578, 579, 580, 581, 582, 583, 584, 585, 586, 587, 588, 589, 590, 591, 592, 593, 594, 595, 596, 597, 598, 599, 600, 601, 602, 603, 604, 605, 606, 607, 608, 609, 610, 611, 612, 613, 614, 615, 616, 617, 618, 619, 620, 621, 622, 623, 624, 625, 626, 627, 628, 629, 630, 631, 632, 633, 634, 635, 636, 637, 638, 639, 640, 641, 642, 643, 644, 645, 646, 647, 648, 649, 650, 651, 652, 653, 654, 655, 656, 657, 658, 659, 660, 661, 662, 663, 664, 665, 666, 667, 668, 669, 670, 671, 672, 673, 674, 675, 676, 677, 678, 679, 680, 681, 682, 683, 684, 685, 686, 687, 688, 689, 690, 691, 692, 693, 694, 695, 696, 697, 698, 699, 700, 701, 702, 703, 704, 705, 706, 707, 708, 709, 710, 711, 712, 713, 714, 715, 716, 717, 718, 719, 720, 721, 722, 723, 724, 725, 726, 727, 728, 729, 730, 731, 732, 733, 734, 735, 736, 737, 738, 739, 740, 741, 742, 743, 744, 745, 746, 747, 748, 749, 750, 751, 752, 753, 754, 755, 756, 757, 758, 759, 760, 761, 762, 763, 764, 765, 766, 767, 768, 769, 770, 771, 772, 773, 774, 775, 776, 777, 778, 779, 780, 781, 782, 783, 784, 785, 786, 787, 788, 789, 790, 791, 792, 793, 809, 817, 819, 830, 833, 834, 836, 844, 845, 850, 856, 857, 860, 862, 875, 880, 887, 888, 899, 900, 914, 918, 921, 927, 928, 929, 930, 934, 935]",True,[],"[103, 104, 105, 106, 107, 108, 109, 110, 111, 112, 113, 114, 115, 116, 117, 118, 119, 120, 121, 122, 123, 124, 125, 126, 127, 128, 129, 130, 131, 132, 133, 134, 135, 136, 137, 138, 139, 140, 141, 142, 143, 144, 145, 146, 147, 148, 149, 150, 151, 152, 153, 154, 155, 156, 157, 158, 159, 160, 161, 162, 163, 164, 165, 166, 167, 168, 169, 170, 171, 172, 173, 174, 175, 176, 177, 178, 179, 180, 181, 182, 183, 184, 185, 186, 187, 188, 189, 190, 191, 192, 193, 194, 195, 196, 197, 198, 199, 200, 201, 202, 203, 204, 205, 206, 207, 208, 209, 210, 211, 212, 213, 214, 215, 216, 217, 218, 219, 220, 221, 222, 223, 224, 225, 226, 227, 228, 229, 230, 231, 232, 233, 234, 235, 236, 237, 238, 239, 240, 241, 242, 243, 244, 245, 246, 247, 248, 249, 250, 251, 252, 253, 254, 255, 256, 257, 258, 259, 260, 261, 262, 263, 264, 265, 266, 267, 268, 269, 270, 271, 272, 273, 274, 275, 276, 277, 278, 279, 280, 281, 282, 283, 284, 285, 286, 287, 288, 289, 290, 291, 292, 293, 294, 295, 296, 297, 298, 299, 300, 301, 302, 303, 304, 305, 306, 307, 308, 309, 310, 311, 312, 313, 314, 315, 316, 317, 318, 319, 320, 321, 322, 323, 324, 325, 326, 327, 328, 329, 330, 331, 332, 333, 334, 335, 336, 337, 574, 575, 576, 577, 578, 579, 580, 581, 582, 583, 584, 585, 586, 587, 588, 589, 590, 591, 592, 593, 594, 595, 596, 597, 598, 599, 600, 601, 602, 603, 604, 605, 606, 607, 608, 609, 610, 611, 612, 613, 614, 615, 616, 617, 618, 619, 620, 621, 622, 623, 624, 625, 626, 627, 628, 629, 630, 631, 632, 633, 634, 635, 636, 637, 638, 639, 640, 641, 642, 643, 644, 645, 646, 647, 648, 649, 650, 651, 652, 653, 654, 655, 656, 657, 658, 659, 660, 661, 662, 663, 664, 665, 666, 667, 668, 669, 670, 671, 672, 673, 674, 675, 676, 677, 678, 679, 680, 681, 682, 683, 684, 685, 686, 687, 688, 689, 690, 691, 692, 693, 694, 695, 696, 697, 698, 699, 700, 701, 702, 703, 704, 705, 706, 707, 708, 709, 710, 711, 712, 713, 714, 715, 716, 717, 718, 719, 720, 721, 722, 723, 724, 725, 726, 727, 728, 729, 730, 731, 732, 733, 734, 735, 736, 737, 738, 739, 740, 741, 742, 743, 744, 745, 746, 747, 748, 749, 750, 751, 752, 753, 754, 755, 756, 757, 758, 759, 760, 761, 762, 763, 764, 765, 766, 767, 768, 769, 770, 771, 772, 773, 774, 775, 776, 777, 778, 779, 780, 781, 782, 783, 784, 785, 786, 787, 788, 789, 790, 791, 792, 793]","[209, 243, 273, 275, 311, 325, 679, 707, 732, 734, 769, 783]",[],"[15, 91, 107, 110, 113, 123, 132, 136, 193, 216, 218, 252, 274, 275, 281, 286, 293, 302, 325, 326, 500, 562, 578, 580, 583, 594, 603, 607, 664, 686, 715, 733, 734, 740, 745, 752, 760, 783, 784]","[12, 24, 25, 28, 88, 100, 104, 119, 123, 129, 136, 137, 139, 140, 141, 148, 154, 155, 169, 172, 176, 177, 179, 183, 185, 188, 196, 198, 217, 218, 237, 267, 270, 278, 279, 319, 321, 322, 323, 324, 325, 326, 330, 332, 334, 335, 354, 366, 369, 380, 383, 384, 386, 394, 395, 401, 407, 411, 423, 428, 436, 437, 452, 453, 456, 467, 471, 477, 478, 479, 483, 484, 497, 508, 511, 559, 571, 575, 590, 594, 600, 607, 608, 610, 611, 612, 619, 626, 627, 640, 643, 647, 648, 650, 654, 656, 659, 667, 669, 685, 686, 701, 726, 729, 737, 738, 777, 779, 780, 781, 782, 783, 784, 787, 789, 790, 791, 809, 817, 819, 830, 833, 834, 836, 844, 845, 850, 856, 857, 860, 862, 875, 880, 887, 888, 899, 900, 914, 918, 921, 927, 928, 929, 930, 934, 935]","[12, 24, 25, 28, 88, 100, 104, 119, 123, 129, 136, 137, 139, 140, 141, 148, 155, 169, 172, 179, 183, 185, 188, 196, 198, 217, 237, 267, 270, 278, 319, 321, 324, 325, 330, 334, 335, 354, 366, 369, 380, 383, 384, 386, 395, 407, 411, 423, 428, 436, 437, 452, 453, 456, 467, 471, 477, 478, 479, 497, 508, 511, 559, 571, 575, 590, 594, 600, 607, 608, 610, 611, 612, 619, 627, 640, 643, 650, 654, 656, 659, 667, 669, 685, 701, 726, 729, 737, 777, 779, 782, 783, 787, 790, 791, 809, 817, 819, 830, 833, 834, 836, 845, 856, 857, 860, 862, 875, 880, 887, 888, 899, 900, 914, 918, 921, 928, 929, 930]",7/6 successful match,True,"[755, 756]",True,315,False,,1.0,True,Valley Pacific Petroleum Service ( Chevron ),Chevron
Santa Maria ( 93456 ) Valley Pacific Petroleum Service (,3 805-925-3664 US 101 & Betteravia Rd,) 24 M <U+25A1>,Santa Maria,93456,Valley Pacific Petroleum Service (,805-925-3664,2016,Santa Maria,CA,,,US 101 & Betteravia Rd,empty,,False,,False,US 101,Betteravia Rd,,,,"[325, 783]",[],"[209, 243, 273, 275, 311, 325, 679, 707, 732, 734, 769, 783]",[],"[103, 104, 105, 106, 107, 108, 109, 110, 111, 112, 113, 114, 115, 116, 117, 118, 119, 120, 121, 122, 123, 124, 125, 126, 127, 128, 129, 130, 131, 132, 133, 134, 135, 136, 137, 138, 139, 140, 141, 142, 143, 144, 145, 146, 147, 148, 149, 150, 151, 152, 153, 154, 155, 156, 157, 158, 159, 160, 161, 162, 163, 164, 165, 166, 167, 168, 169, 170, 171, 172, 173, 174, 175, 176, 177, 178, 179, 180, 181, 182, 183, 184, 185, 186, 187, 188, 189, 190, 191, 192, 193, 194, 195, 196, 197, 198, 199, 200, 201, 202, 203, 204, 205, 206, 207, 208, 209, 210, 211, 212, 213, 214, 215, 216, 217, 218, 219, 220, 221, 222, 223, 224, 225, 226, 227, 228, 229, 230, 231, 232, 233, 234, 235, 236, 237, 238, 239, 240, 241, 242, 243, 244, 245, 246, 247, 248, 249, 250, 251, 252, 253, 254, 255, 256, 257, 258, 259, 260, 261, 262, 263, 264, 265, 266, 267, 268, 269, 270, 271, 272, 273, 274, 275, 276, 277, 278, 279, 280, 281, 282, 283, 284, 285, 286, 287, 288, 289, 290, 291, 292, 293, 294, 295, 296, 297, 298, 299, 300, 301, 302, 303, 304, 305, 306, 307, 308, 309, 310, 311, 312, 313, 314, 315, 316, 317, 318, 319, 320, 321, 322, 323, 324, 325, 326, 327, 328, 329, 330, 331, 332, 333, 334, 335, 336, 337, 574, 575, 576, 577, 578, 579, 580, 581, 582, 583, 584, 585, 586, 587, 588, 589, 590, 591, 592, 593, 594, 595, 596, 597, 598, 599, 600, 601, 602, 603, 604, 605, 606, 607, 608, 609, 610, 611, 612, 613, 614, 615, 616, 617, 618, 619, 620, 621, 622, 623, 624, 625, 626, 627, 628, 629, 630, 631, 632, 633, 634, 635, 636, 637, 638, 639, 640, 641, 642, 643, 644, 645, 646, 647, 648, 649, 650, 651, 652, 653, 654, 655, 656, 657, 658, 659, 660, 661, 662, 663, 664, 665, 666, 667, 668, 669, 670, 671, 672, 673, 674, 675, 676, 677, 678, 679, 680, 681, 682, 683, 684, 685, 686, 687, 688, 689, 690, 691, 692, 693, 694, 695, 696, 697, 698, 699, 700, 701, 702, 703, 704, 705, 706, 707, 708, 709, 710, 711, 712, 713, 714, 715, 716, 717, 718, 719, 720, 721, 722, 723, 724, 725, 726, 727, 728, 729, 730, 731, 732, 733, 734, 735, 736, 737, 738, 739, 740, 741, 742, 743, 744, 745, 746, 747, 748, 749, 750, 751, 752, 753, 754, 755, 756, 757, 758, 759, 760, 761, 762, 763, 764, 765, 766, 767, 768, 769, 770, 771, 772, 773, 774, 775, 776, 777, 778, 779, 780, 781, 782, 783, 784, 785, 786, 787, 788, 789, 790, 791, 792, 793]","[15, 91, 107, 110, 113, 123, 132, 136, 193, 216, 218, 252, 274, 275, 281, 286, 293, 302, 325, 326, 500, 562, 578, 580, 583, 594, 603, 607, 664, 686, 715, 733, 734, 740, 745, 752, 760, 783, 784]",[],"[154, 176, 177, 218, 279, 321, 322, 323, 324, 325, 326, 332, 394, 401, 467, 483, 484, 626, 647, 648, 686, 738, 779, 780, 781, 782, 783, 784, 789, 844, 850, 914, 927, 934, 935]","[15, 91, 103, 104, 105, 106, 107, 108, 109, 110, 111, 112, 113, 114, 115, 116, 117, 118, 119, 120, 121, 122, 123, 124, 125, 126, 127, 128, 129, 130, 131, 132, 133, 134, 135, 136, 137, 138, 139, 140, 141, 142, 143, 144, 145, 146, 147, 148, 149, 150, 151, 152, 153, 154, 155, 156, 157, 158, 159, 160, 161, 162, 163, 164, 165, 166, 167, 168, 169, 170, 171, 172, 173, 174, 175, 176, 177, 178, 179, 180, 181, 182, 183, 184, 185, 186, 187, 188, 189, 190, 191, 192, 193, 194, 195, 196, 197, 198, 199, 200, 201, 202, 203, 204, 205, 206, 207, 208, 209, 210, 211, 212, 213, 214, 215, 216, 217, 218, 219, 220, 221, 222, 223, 224, 225, 226, 227, 228, 229, 230, 231, 232, 233, 234, 235, 236, 237, 238, 239, 240, 241, 242, 243, 244, 245, 246, 247, 248, 249, 250, 251, 252, 253, 254, 255, 256, 257, 258, 259, 260, 261, 262, 263, 264, 265, 266, 267, 268, 269, 270, 271, 272, 273, 274, 275, 276, 277, 278, 279, 280, 281, 282, 283, 284, 285, 286, 287, 288, 289, 290, 291, 292, 293, 294, 295, 296, 297, 298, 299, 300, 301, 302, 303, 304, 305, 306, 307, 308, 309, 310, 311, 312, 313, 314, 315, 316, 317, 318, 319, 320, 321, 322, 323, 324, 325, 326, 327, 328, 329, 330, 331, 332, 333, 334, 335, 336, 337, 394, 401, 467, 483, 484, 500, 562, 574, 575, 576, 577, 578, 579, 580, 581, 582, 583, 584, 585, 586, 587, 588, 589, 590, 591, 592, 593, 594, 595, 596, 597, 598, 599, 600, 601, 602, 603, 604, 605, 606, 607, 608, 609, 610, 611, 612, 613, 614, 615, 616, 617, 618, 619, 620, 621, 622, 623, 624, 625, 626, 627, 628, 629, 630, 631, 632, 633, 634, 635, 636, 637, 638, 639, 640, 641, 642, 643, 644, 645, 646, 647, 648, 649, 650, 651, 652, 653, 654, 655, 656, 657, 658, 659, 660, 661, 662, 663, 664, 665, 666, 667, 668, 669, 670, 671, 672, 673, 674, 675, 676, 677, 678, 679, 680, 681, 682, 683, 684, 685, 686, 687, 688, 689, 690, 691, 692, 693, 694, 695, 696, 697, 698, 699, 700, 701, 702, 703, 704, 705, 706, 707, 708, 709, 710, 711, 712, 713, 714, 715, 716, 717, 718, 719, 720, 721, 722, 723, 724, 725, 726, 727, 728, 729, 730, 731, 732, 733, 734, 735, 736, 737, 738, 739, 740, 741, 742, 743, 744, 745, 746, 747, 748, 749, 750, 751, 752, 753, 754, 755, 756, 757, 758, 759, 760, 761, 762, 763, 764, 765, 766, 767, 768, 769, 770, 771, 772, 773, 774, 775, 776, 777, 778, 779, 780, 781, 782, 783, 784, 785, 786, 787, 788, 789, 790, 791, 792, 793, 844, 850, 914, 927, 934, 935]",True,[],"[103, 104, 105, 106, 107, 108, 109, 110, 111, 112, 113, 114, 115, 116, 117, 118, 119, 120, 121, 122, 123, 124, 125, 126, 127, 128, 129, 130, 131, 132, 133, 134, 135, 136, 137, 138, 139, 140, 141, 142, 143, 144, 145, 146, 147, 148, 149, 150, 151, 152, 153, 154, 155, 156, 157, 158, 159, 160, 161, 162, 163, 164, 165, 166, 167, 168, 169, 170, 171, 172, 173, 174, 175, 176, 177, 178, 179, 180, 181, 182, 183, 184, 185, 186, 187, 188, 189, 190, 191, 192, 193, 194, 195, 196, 197, 198, 199, 200, 201, 202, 203, 204, 205, 206, 207, 208, 209, 210, 211, 212, 213, 214, 215, 216, 217, 218, 219, 220, 221, 222, 223, 224, 225, 226, 227, 228, 229, 230, 231, 232, 233, 234, 235, 236, 237, 238, 239, 240, 241, 242, 243, 244, 245, 246, 247, 248, 249, 250, 251, 252, 253, 254, 255, 256, 257, 258, 259, 260, 261, 262, 263, 264, 265, 266, 267, 268, 269, 270, 271, 272, 273, 274, 275, 276, 277, 278, 279, 280, 281, 282, 283, 284, 285, 286, 287, 288, 289, 290, 291, 292, 293, 294, 295, 296, 297, 298, 299, 300, 301, 302, 303, 304, 305, 306, 307, 308, 309, 310, 311, 312, 313, 314, 315, 316, 317, 318, 319, 320, 321, 322, 323, 324, 325, 326, 327, 328, 329, 330, 331, 332, 333, 334, 335, 336, 337, 574, 575, 576, 577, 578, 579, 580, 581, 582, 583, 584, 585, 586, 587, 588, 589, 590, 591, 592, 593, 594, 595, 596, 597, 598, 599, 600, 601, 602, 603, 604, 605, 606, 607, 608, 609, 610, 611, 612, 613, 614, 615, 616, 617, 618, 619, 620, 621, 622, 623, 624, 625, 626, 627, 628, 629, 630, 631, 632, 633, 634, 635, 636, 637, 638, 639, 640, 641, 642, 643, 644, 645, 646, 647, 648, 649, 650, 651, 652, 653, 654, 655, 656, 657, 658, 659, 660, 661, 662, 663, 664, 665, 666, 667, 668, 669, 670, 671, 672, 673, 674, 675, 676, 677, 678, 679, 680, 681, 682, 683, 684, 685, 686, 687, 688, 689, 690, 691, 692, 693, 694, 695, 696, 697, 698, 699, 700, 701, 702, 703, 704, 705, 706, 707, 708, 709, 710, 711, 712, 713, 714, 715, 716, 717, 718, 719, 720, 721, 722, 723, 724, 725, 726, 727, 728, 729, 730, 731, 732, 733, 734, 735, 736, 737, 738, 739, 740, 741, 742, 743, 744, 745, 746, 747, 748, 749, 750, 751, 752, 753, 754, 755, 756, 757, 758, 759, 760, 761, 762, 763, 764, 765, 766, 767, 768, 769, 770, 771, 772, 773, 774, 775, 776, 777, 778, 779, 780, 781, 782, 783, 784, 785, 786, 787, 788, 789, 790, 791, 792, 793]","[209, 243, 273, 275, 311, 325, 679, 707, 732, 734, 769, 783]",[],"[15, 91, 107, 110, 113, 123, 132, 136, 193, 216, 218, 252, 274, 275, 281, 286, 293, 302, 325, 326, 500, 562, 578, 580, 583, 594, 603, 607, 664, 686, 715, 733, 734, 740, 745, 752, 760, 783, 784]","[154, 176, 177, 218, 279, 321, 322, 323, 324, 325, 326, 332, 394, 401, 467, 483, 484, 626, 647, 648, 686, 738, 779, 780, 781, 782, 783, 784, 789, 844, 850, 914, 927, 934, 935]",[],7/6 successful match,True,"[755, 756]",True,315,False,,1.0,True,Valley Pacific Petroleum Service ( Chevron ),Chevron
"Mojave , 93501 Oasis Truck Stop ( Gas America )",661-824-4675 CA 14-58 ( W jct ),<U+2610>,Mojave,93501,Oasis Truck Stop ( Gas America ),661-824-4675,2006,Mojave,CA,,( W jct ),CA 14-58,empty,,False,,False,CA 14-58,,,,,"[320, 778]","[121, 320, 592, 778]","[121, 320, 592, 778]",[],"[103, 104, 105, 106, 107, 108, 109, 110, 111, 112, 113, 114, 115, 116, 117, 118, 119, 120, 121, 122, 123, 124, 125, 126, 127, 128, 129, 130, 131, 132, 133, 134, 135, 136, 137, 138, 139, 140, 141, 142, 143, 144, 145, 146, 147, 148, 149, 150, 151, 152, 153, 154, 155, 156, 157, 158, 159, 160, 161, 162, 163, 164, 165, 166, 167, 168, 169, 170, 171, 172, 173, 174, 175, 176, 177, 178, 179, 180, 181, 182, 183, 184, 185, 186, 187, 188, 189, 190, 191, 192, 193, 194, 195, 196, 197, 198, 199, 200, 201, 202, 203, 204, 205, 206, 207, 208, 209, 210, 211, 212, 213, 214, 215, 216, 217, 218, 219, 220, 221, 222, 223, 224, 225, 226, 227, 228, 229, 230, 231, 232, 233, 234, 235, 236, 237, 238, 239, 240, 241, 242, 243, 244, 245, 246, 247, 248, 249, 250, 251, 252, 253, 254, 255, 256, 257, 258, 259, 260, 261, 262, 263, 264, 265, 266, 267, 268, 269, 270, 271, 272, 273, 274, 275, 276, 277, 278, 279, 280, 281, 282, 283, 284, 285, 286, 287, 288, 289, 290, 291, 292, 293, 294, 295, 296, 297, 298, 299, 300, 301, 302, 303, 304, 305, 306, 307, 308, 309, 310, 311, 312, 313, 314, 315, 316, 317, 318, 319, 320, 321, 322, 323, 324, 325, 326, 327, 328, 329, 330, 331, 332, 333, 334, 335, 336, 337, 574, 575, 576, 577, 578, 579, 580, 581, 582, 583, 584, 585, 586, 587, 588, 589, 590, 591, 592, 593, 594, 595, 596, 597, 598, 599, 600, 601, 602, 603, 604, 605, 606, 607, 608, 609, 610, 611, 612, 613, 614, 615, 616, 617, 618, 619, 620, 621, 622, 623, 624, 625, 626, 627, 628, 629, 630, 631, 632, 633, 634, 635, 636, 637, 638, 639, 640, 641, 642, 643, 644, 645, 646, 647, 648, 649, 650, 651, 652, 653, 654, 655, 656, 657, 658, 659, 660, 661, 662, 663, 664, 665, 666, 667, 668, 669, 670, 671, 672, 673, 674, 675, 676, 677, 678, 679, 680, 681, 682, 683, 684, 685, 686, 687, 688, 689, 690, 691, 692, 693, 694, 695, 696, 697, 698, 699, 700, 701, 702, 703, 704, 705, 706, 707, 708, 709, 710, 711, 712, 713, 714, 715, 716, 717, 718, 719, 720, 721, 722, 723, 724, 725, 726, 727, 728, 729, 730, 731, 732, 733, 734, 735, 736, 737, 738, 739, 740, 741, 742, 743, 744, 745, 746, 747, 748, 749, 750, 751, 752, 753, 754, 755, 756, 757, 758, 759, 760, 761, 762, 763, 764, 765, 766, 767, 768, 769, 770, 771, 772, 773, 774, 775, 776, 777, 778, 779, 780, 781, 782, 783, 784, 785, 786, 787, 788, 789, 790, 791, 792, 793]","[103, 104, 106, 117, 118, 120, 121, 127, 128, 129, 131, 133, 135, 136, 137, 139, 146, 147, 148, 149, 151, 158, 160, 162, 166, 173, 178, 179, 185, 190, 192, 198, 201, 203, 204, 206, 207, 212, 213, 214, 219, 223, 224, 225, 227, 230, 235, 237, 246, 247, 251, 256, 259, 262, 263, 266, 268, 269, 271, 272, 278, 279, 284, 285, 288, 290, 292, 304, 312, 316, 319, 320, 323, 324, 332, 574, 575, 588, 591, 592, 607, 608, 610, 618, 619, 620, 622, 632, 644, 649, 650, 656, 661, 663, 669, 674, 677, 683, 684, 687, 688, 689, 701, 710, 714, 723, 730, 731, 738, 747, 751, 762, 774, 778, 789]",[],"[183, 192, 654, 663]","[103, 104, 105, 106, 107, 108, 109, 110, 111, 112, 113, 114, 115, 116, 117, 118, 119, 120, 121, 122, 123, 124, 125, 126, 127, 128, 129, 130, 131, 132, 133, 134, 135, 136, 137, 138, 139, 140, 141, 142, 143, 144, 145, 146, 147, 148, 149, 150, 151, 152, 153, 154, 155, 156, 157, 158, 159, 160, 161, 162, 163, 164, 165, 166, 167, 168, 169, 170, 171, 172, 173, 174, 175, 176, 177, 178, 179, 180, 181, 182, 183, 184, 185, 186, 187, 188, 189, 190, 191, 192, 193, 194, 195, 196, 197, 198, 199, 200, 201, 202, 203, 204, 205, 206, 207, 208, 209, 210, 211, 212, 213, 214, 215, 216, 217, 218, 219, 220, 221, 222, 223, 224, 225, 226, 227, 228, 229, 230, 231, 232, 233, 234, 235, 236, 237, 238, 239, 240, 241, 242, 243, 244, 245, 246, 247, 248, 249, 250, 251, 252, 253, 254, 255, 256, 257, 258, 259, 260, 261, 262, 263, 264, 265, 266, 267, 268, 269, 270, 271, 272, 273, 274, 275, 276, 277, 278, 279, 280, 281, 282, 283, 284, 285, 286, 287, 288, 289, 290, 291, 292, 293, 294, 295, 296, 297, 298, 299, 300, 301, 302, 303, 304, 305, 306, 307, 308, 309, 310, 311, 312, 313, 314, 315, 316, 317, 318, 319, 320, 321, 322, 323, 324, 325, 326, 327, 328, 329, 330, 331, 332, 333, 334, 335, 336, 337, 574, 575, 576, 577, 578, 579, 580, 581, 582, 583, 584, 585, 586, 587, 588, 589, 590, 591, 592, 593, 594, 595, 596, 597, 598, 599, 600, 601, 602, 603, 604, 605, 606, 607, 608, 609, 610, 611, 612, 613, 614, 615, 616, 617, 618, 619, 620, 621, 622, 623, 624, 625, 626, 627, 628, 629, 630, 631, 632, 633, 634, 635, 636, 637, 638, 639, 640, 641, 642, 643, 644, 645, 646, 647, 648, 649, 650, 651, 652, 653, 654, 655, 656, 657, 658, 659, 660, 661, 662, 663, 664, 665, 666, 667, 668, 669, 670, 671, 672, 673, 674, 675, 676, 677, 678, 679, 680, 681, 682, 683, 684, 685, 686, 687, 688, 689, 690, 691, 692, 693, 694, 695, 696, 697, 698, 699, 700, 701, 702, 703, 704, 705, 706, 707, 708, 709, 710, 711, 712, 713, 714, 715, 716, 717, 718, 719, 720, 721, 722, 723, 724, 725, 726, 727, 728, 729, 730, 731, 732, 733, 734, 735, 736, 737, 738, 739, 740, 741, 742, 743, 744, 745, 746, 747, 748, 749, 750, 751, 752, 753, 754, 755, 756, 757, 758, 759, 760, 761, 762, 763, 764, 765, 766, 767, 768, 769, 770, 771, 772, 773, 774, 775, 776, 777, 778, 779, 780, 781, 782, 783, 784, 785, 786, 787, 788, 789, 790, 791, 792, 793]",True,"[121, 320, 592, 778]","[103, 104, 105, 106, 107, 108, 109, 110, 111, 112, 113, 114, 115, 116, 117, 118, 119, 120, 121, 122, 123, 124, 125, 126, 127, 128, 129, 130, 131, 132, 133, 134, 135, 136, 137, 138, 139, 140, 141, 142, 143, 144, 145, 146, 147, 148, 149, 150, 151, 152, 153, 154, 155, 156, 157, 158, 159, 160, 161, 162, 163, 164, 165, 166, 167, 168, 169, 170, 171, 172, 173, 174, 175, 176, 177, 178, 179, 180, 181, 182, 183, 184, 185, 186, 187, 188, 189, 190, 191, 192, 193, 194, 195, 196, 197, 198, 199, 200, 201, 202, 203, 204, 205, 206, 207, 208, 209, 210, 211, 212, 213, 214, 215, 216, 217, 218, 219, 220, 221, 222, 223, 224, 225, 226, 227, 228, 229, 230, 231, 232, 233, 234, 235, 236, 237, 238, 239, 240, 241, 242, 243, 244, 245, 246, 247, 248, 249, 250, 251, 252, 253, 254, 255, 256, 257, 258, 259, 260, 261, 262, 263, 264, 265, 266, 267, 268, 269, 270, 271, 272, 273, 274, 275, 276, 277, 278, 279, 280, 281, 282, 283, 284, 285, 286, 287, 288, 289, 290, 291, 292, 293, 294, 295, 296, 297, 298, 299, 300, 301, 302, 303, 304, 305, 306, 307, 308, 309, 310, 311, 312, 313, 314, 315, 316, 317, 318, 319, 320, 321, 322, 323, 324, 325, 326, 327, 328, 329, 330, 331, 332, 333, 334, 335, 336, 337, 574, 575, 576, 577, 578, 579, 580, 581, 582, 583, 584, 585, 586, 587, 588, 589, 590, 591, 592, 593, 594, 595, 596, 597, 598, 599, 600, 601, 602, 603, 604, 605, 606, 607, 608, 609, 610, 611, 612, 613, 614, 615, 616, 617, 618, 619, 620, 621, 622, 623, 624, 625, 626, 627, 628, 629, 630, 631, 632, 633, 634, 635, 636, 637, 638, 639, 640, 641, 642, 643, 644, 645, 646, 647, 648, 649, 650, 651, 652, 653, 654, 655, 656, 657, 658, 659, 660, 661, 662, 663, 664, 665, 666, 667, 668, 669, 670, 671, 672, 673, 674, 675, 676, 677, 678, 679, 680, 681, 682, 683, 684, 685, 686, 687, 688, 689, 690, 691, 692, 693, 694, 695, 696, 697, 698, 699, 700, 701, 702, 703, 704, 705, 706, 707, 708, 709, 710, 711, 712, 713, 714, 715, 716, 717, 718, 719, 720, 721, 722, 723, 724, 725, 726, 727, 728, 729, 730, 731, 732, 733, 734, 735, 736, 737, 738, 739, 740, 741, 742, 743, 744, 745, 746, 747, 748, 749, 750, 751, 752, 753, 754, 755, 756, 757, 758, 759, 760, 761, 762, 763, 764, 765, 766, 767, 768, 769, 770, 771, 772, 773, 774, 775, 776, 777, 778, 779, 780, 781, 782, 783, 784, 785, 786, 787, 788, 789, 790, 791, 792, 793]","[121, 320, 592, 778]",[],"[103, 104, 106, 117, 118, 120, 121, 127, 128, 129, 131, 133, 135, 136, 137, 139, 146, 147, 148, 149, 151, 158, 160, 162, 166, 173, 178, 179, 185, 190, 192, 198, 201, 203, 204, 206, 207, 212, 213, 214, 219, 223, 224, 225, 227, 230, 235, 237, 246, 247, 251, 256, 259, 262, 263, 266, 268, 269, 271, 272, 278, 279, 284, 285, 288, 290, 292, 304, 312, 316, 319, 320, 323, 324, 332, 574, 575, 588, 591, 592, 607, 608, 610, 618, 619, 620, 622, 632, 644, 649, 650, 656, 661, 663, 669, 674, 677, 683, 684, 687, 688, 689, 701, 710, 714, 723, 730, 731, 738, 747, 751, 762, 774, 778, 789]","[183, 192, 654, 663]",[],5/6 successful match,True,"[442, 443, 444]",True,316,False,,,,,
"Mojave , 93501 Oasis Truck Stop ( Gas America )",661-824-4675 CA 14-58 ( W jct ),24 HRS <U+2610>,Mojave,93501,Oasis Truck Stop ( Gas America ),661-824-4675,2007,Mojave,CA,,( W jct ),CA 14-58,empty,,False,,False,CA 14-58,,,,,"[320, 778]","[121, 320, 592, 778]","[121, 320, 592, 778]",[],"[103, 104, 105, 106, 107, 108, 109, 110, 111, 112, 113, 114, 115, 116, 117, 118, 119, 120, 121, 122, 123, 124, 125, 126, 127, 128, 129, 130, 131, 132, 133, 134, 135, 136, 137, 138, 139, 140, 141, 142, 143, 144, 145, 146, 147, 148, 149, 150, 151, 152, 153, 154, 155, 156, 157, 158, 159, 160, 161, 162, 163, 164, 165, 166, 167, 168, 169, 170, 171, 172, 173, 174, 175, 176, 177, 178, 179, 180, 181, 182, 183, 184, 185, 186, 187, 188, 189, 190, 191, 192, 193, 194, 195, 196, 197, 198, 199, 200, 201, 202, 203, 204, 205, 206, 207, 208, 209, 210, 211, 212, 213, 214, 215, 216, 217, 218, 219, 220, 221, 222, 223, 224, 225, 226, 227, 228, 229, 230, 231, 232, 233, 234, 235, 236, 237, 238, 239, 240, 241, 242, 243, 244, 245, 246, 247, 248, 249, 250, 251, 252, 253, 254, 255, 256, 257, 258, 259, 260, 261, 262, 263, 264, 265, 266, 267, 268, 269, 270, 271, 272, 273, 274, 275, 276, 277, 278, 279, 280, 281, 282, 283, 284, 285, 286, 287, 288, 289, 290, 291, 292, 293, 294, 295, 296, 297, 298, 299, 300, 301, 302, 303, 304, 305, 306, 307, 308, 309, 310, 311, 312, 313, 314, 315, 316, 317, 318, 319, 320, 321, 322, 323, 324, 325, 326, 327, 328, 329, 330, 331, 332, 333, 334, 335, 336, 337, 574, 575, 576, 577, 578, 579, 580, 581, 582, 583, 584, 585, 586, 587, 588, 589, 590, 591, 592, 593, 594, 595, 596, 597, 598, 599, 600, 601, 602, 603, 604, 605, 606, 607, 608, 609, 610, 611, 612, 613, 614, 615, 616, 617, 618, 619, 620, 621, 622, 623, 624, 625, 626, 627, 628, 629, 630, 631, 632, 633, 634, 635, 636, 637, 638, 639, 640, 641, 642, 643, 644, 645, 646, 647, 648, 649, 650, 651, 652, 653, 654, 655, 656, 657, 658, 659, 660, 661, 662, 663, 664, 665, 666, 667, 668, 669, 670, 671, 672, 673, 674, 675, 676, 677, 678, 679, 680, 681, 682, 683, 684, 685, 686, 687, 688, 689, 690, 691, 692, 693, 694, 695, 696, 697, 698, 699, 700, 701, 702, 703, 704, 705, 706, 707, 708, 709, 710, 711, 712, 713, 714, 715, 716, 717, 718, 719, 720, 721, 722, 723, 724, 725, 726, 727, 728, 729, 730, 731, 732, 733, 734, 735, 736, 737, 738, 739, 740, 741, 742, 743, 744, 745, 746, 747, 748, 749, 750, 751, 752, 753, 754, 755, 756, 757, 758, 759, 760, 761, 762, 763, 764, 765, 766, 767, 768, 769, 770, 771, 772, 773, 774, 775, 776, 777, 778, 779, 780, 781, 782, 783, 784, 785, 786, 787, 788, 789, 790, 791, 792, 793]","[103, 104, 106, 117, 118, 120, 121, 127, 128, 129, 131, 133, 135, 136, 137, 139, 146, 147, 148, 149, 151, 158, 160, 162, 166, 173, 178, 179, 185, 190, 192, 198, 201, 203, 204, 206, 207, 212, 213, 214, 219, 223, 224, 225, 227, 230, 235, 237, 246, 247, 251, 256, 259, 262, 263, 266, 268, 269, 271, 272, 278, 279, 284, 285, 288, 290, 292, 304, 312, 316, 319, 320, 323, 324, 332, 574, 575, 588, 591, 592, 607, 608, 610, 618, 619, 620, 622, 632, 644, 649, 650, 656, 661, 663, 669, 674, 677, 683, 684, 687, 688, 689, 701, 710, 714, 723, 730, 731, 738, 747, 751, 762, 774, 778, 789]",[],"[183, 192, 654, 663]","[103, 104, 105, 106, 107, 108, 109, 110, 111, 112, 113, 114, 115, 116, 117, 118, 119, 120, 121, 122, 123, 124, 125, 126, 127, 128, 129, 130, 131, 132, 133, 134, 135, 136, 137, 138, 139, 140, 141, 142, 143, 144, 145, 146, 147, 148, 149, 150, 151, 152, 153, 154, 155, 156, 157, 158, 159, 160, 161, 162, 163, 164, 165, 166, 167, 168, 169, 170, 171, 172, 173, 174, 175, 176, 177, 178, 179, 180, 181, 182, 183, 184, 185, 186, 187, 188, 189, 190, 191, 192, 193, 194, 195, 196, 197, 198, 199, 200, 201, 202, 203, 204, 205, 206, 207, 208, 209, 210, 211, 212, 213, 214, 215, 216, 217, 218, 219, 220, 221, 222, 223, 224, 225, 226, 227, 228, 229, 230, 231, 232, 233, 234, 235, 236, 237, 238, 239, 240, 241, 242, 243, 244, 245, 246, 247, 248, 249, 250, 251, 252, 253, 254, 255, 256, 257, 258, 259, 260, 261, 262, 263, 264, 265, 266, 267, 268, 269, 270, 271, 272, 273, 274, 275, 276, 277, 278, 279, 280, 281, 282, 283, 284, 285, 286, 287, 288, 289, 290, 291, 292, 293, 294, 295, 296, 297, 298, 299, 300, 301, 302, 303, 304, 305, 306, 307, 308, 309, 310, 311, 312, 313, 314, 315, 316, 317, 318, 319, 320, 321, 322, 323, 324, 325, 326, 327, 328, 329, 330, 331, 332, 333, 334, 335, 336, 337, 574, 575, 576, 577, 578, 579, 580, 581, 582, 583, 584, 585, 586, 587, 588, 589, 590, 591, 592, 593, 594, 595, 596, 597, 598, 599, 600, 601, 602, 603, 604, 605, 606, 607, 608, 609, 610, 611, 612, 613, 614, 615, 616, 617, 618, 619, 620, 621, 622, 623, 624, 625, 626, 627, 628, 629, 630, 631, 632, 633, 634, 635, 636, 637, 638, 639, 640, 641, 642, 643, 644, 645, 646, 647, 648, 649, 650, 651, 652, 653, 654, 655, 656, 657, 658, 659, 660, 661, 662, 663, 664, 665, 666, 667, 668, 669, 670, 671, 672, 673, 674, 675, 676, 677, 678, 679, 680, 681, 682, 683, 684, 685, 686, 687, 688, 689, 690, 691, 692, 693, 694, 695, 696, 697, 698, 699, 700, 701, 702, 703, 704, 705, 706, 707, 708, 709, 710, 711, 712, 713, 714, 715, 716, 717, 718, 719, 720, 721, 722, 723, 724, 725, 726, 727, 728, 729, 730, 731, 732, 733, 734, 735, 736, 737, 738, 739, 740, 741, 742, 743, 744, 745, 746, 747, 748, 749, 750, 751, 752, 753, 754, 755, 756, 757, 758, 759, 760, 761, 762, 763, 764, 765, 766, 767, 768, 769, 770, 771, 772, 773, 774, 775, 776, 777, 778, 779, 780, 781, 782, 783, 784, 785, 786, 787, 788, 789, 790, 791, 792, 793]",True,"[121, 320, 592, 778]","[103, 104, 105, 106, 107, 108, 109, 110, 111, 112, 113, 114, 115, 116, 117, 118, 119, 120, 121, 122, 123, 124, 125, 126, 127, 128, 129, 130, 131, 132, 133, 134, 135, 136, 137, 138, 139, 140, 141, 142, 143, 144, 145, 146, 147, 148, 149, 150, 151, 152, 153, 154, 155, 156, 157, 158, 159, 160, 161, 162, 163, 164, 165, 166, 167, 168, 169, 170, 171, 172, 173, 174, 175, 176, 177, 178, 179, 180, 181, 182, 183, 184, 185, 186, 187, 188, 189, 190, 191, 192, 193, 194, 195, 196, 197, 198, 199, 200, 201, 202, 203, 204, 205, 206, 207, 208, 209, 210, 211, 212, 213, 214, 215, 216, 217, 218, 219, 220, 221, 222, 223, 224, 225, 226, 227, 228, 229, 230, 231, 232, 233, 234, 235, 236, 237, 238, 239, 240, 241, 242, 243, 244, 245, 246, 247, 248, 249, 250, 251, 252, 253, 254, 255, 256, 257, 258, 259, 260, 261, 262, 263, 264, 265, 266, 267, 268, 269, 270, 271, 272, 273, 274, 275, 276, 277, 278, 279, 280, 281, 282, 283, 284, 285, 286, 287, 288, 289, 290, 291, 292, 293, 294, 295, 296, 297, 298, 299, 300, 301, 302, 303, 304, 305, 306, 307, 308, 309, 310, 311, 312, 313, 314, 315, 316, 317, 318, 319, 320, 321, 322, 323, 324, 325, 326, 327, 328, 329, 330, 331, 332, 333, 334, 335, 336, 337, 574, 575, 576, 577, 578, 579, 580, 581, 582, 583, 584, 585, 586, 587, 588, 589, 590, 591, 592, 593, 594, 595, 596, 597, 598, 599, 600, 601, 602, 603, 604, 605, 606, 607, 608, 609, 610, 611, 612, 613, 614, 615, 616, 617, 618, 619, 620, 621, 622, 623, 624, 625, 626, 627, 628, 629, 630, 631, 632, 633, 634, 635, 636, 637, 638, 639, 640, 641, 642, 643, 644, 645, 646, 647, 648, 649, 650, 651, 652, 653, 654, 655, 656, 657, 658, 659, 660, 661, 662, 663, 664, 665, 666, 667, 668, 669, 670, 671, 672, 673, 674, 675, 676, 677, 678, 679, 680, 681, 682, 683, 684, 685, 686, 687, 688, 689, 690, 691, 692, 693, 694, 695, 696, 697, 698, 699, 700, 701, 702, 703, 704, 705, 706, 707, 708, 709, 710, 711, 712, 713, 714, 715, 716, 717, 718, 719, 720, 721, 722, 723, 724, 725, 726, 727, 728, 729, 730, 731, 732, 733, 734, 735, 736, 737, 738, 739, 740, 741, 742, 743, 744, 745, 746, 747, 748, 749, 750, 751, 752, 753, 754, 755, 756, 757, 758, 759, 760, 761, 762, 763, 764, 765, 766, 767, 768, 769, 770, 771, 772, 773, 774, 775, 776, 777, 778, 779, 780, 781, 782, 783, 784, 785, 786, 787, 788, 789, 790, 791, 792, 793]","[121, 320, 592, 778]",[],"[103, 104, 106, 117, 118, 120, 121, 127, 128, 129, 131, 133, 135, 136, 137, 139, 146, 147, 148, 149, 151, 158, 160, 162, 166, 173, 178, 179, 185, 190, 192, 198, 201, 203, 204, 206, 207, 212, 213, 214, 219, 223, 224, 225, 227, 230, 235, 237, 246, 247, 251, 256, 259, 262, 263, 266, 268, 269, 271, 272, 278, 279, 284, 285, 288, 290, 292, 304, 312, 316, 319, 320, 323, 324, 332, 574, 575, 588, 591, 592, 607, 608, 610, 618, 619, 620, 622, 632, 644, 649, 650, 656, 661, 663, 669, 674, 677, 683, 684, 687, 688, 689, 701, 710, 714, 723, 730, 731, 738, 747, 751, 762, 774, 778, 789]","[183, 192, 654, 663]",[],5/6 successful match,True,"[442, 443, 444]",True,316,False,,1.0,True,Oasis Truck Stop ( Gas America ),
"Mojave , 93501 Oasis Truck Stop ( Gas America )",661-824-4675 CA 14-58 ( W jct ),FORS 24 S 00 <U+2610> <U+2610>,Mojave,93501,Oasis Truck Stop ( Gas America ),661-824-4675,2008,Mojave,CA,,( W jct ),CA 14-58,empty,,False,,False,CA 14-58,,,,,"[320, 778]","[121, 320, 592, 778]","[121, 320, 592, 778]",[],"[103, 104, 105, 106, 107, 108, 109, 110, 111, 112, 113, 114, 115, 116, 117, 118, 119, 120, 121, 122, 123, 124, 125, 126, 127, 128, 129, 130, 131, 132, 133, 134, 135, 136, 137, 138, 139, 140, 141, 142, 143, 144, 145, 146, 147, 148, 149, 150, 151, 152, 153, 154, 155, 156, 157, 158, 159, 160, 161, 162, 163, 164, 165, 166, 167, 168, 169, 170, 171, 172, 173, 174, 175, 176, 177, 178, 179, 180, 181, 182, 183, 184, 185, 186, 187, 188, 189, 190, 191, 192, 193, 194, 195, 196, 197, 198, 199, 200, 201, 202, 203, 204, 205, 206, 207, 208, 209, 210, 211, 212, 213, 214, 215, 216, 217, 218, 219, 220, 221, 222, 223, 224, 225, 226, 227, 228, 229, 230, 231, 232, 233, 234, 235, 236, 237, 238, 239, 240, 241, 242, 243, 244, 245, 246, 247, 248, 249, 250, 251, 252, 253, 254, 255, 256, 257, 258, 259, 260, 261, 262, 263, 264, 265, 266, 267, 268, 269, 270, 271, 272, 273, 274, 275, 276, 277, 278, 279, 280, 281, 282, 283, 284, 285, 286, 287, 288, 289, 290, 291, 292, 293, 294, 295, 296, 297, 298, 299, 300, 301, 302, 303, 304, 305, 306, 307, 308, 309, 310, 311, 312, 313, 314, 315, 316, 317, 318, 319, 320, 321, 322, 323, 324, 325, 326, 327, 328, 329, 330, 331, 332, 333, 334, 335, 336, 337, 574, 575, 576, 577, 578, 579, 580, 581, 582, 583, 584, 585, 586, 587, 588, 589, 590, 591, 592, 593, 594, 595, 596, 597, 598, 599, 600, 601, 602, 603, 604, 605, 606, 607, 608, 609, 610, 611, 612, 613, 614, 615, 616, 617, 618, 619, 620, 621, 622, 623, 624, 625, 626, 627, 628, 629, 630, 631, 632, 633, 634, 635, 636, 637, 638, 639, 640, 641, 642, 643, 644, 645, 646, 647, 648, 649, 650, 651, 652, 653, 654, 655, 656, 657, 658, 659, 660, 661, 662, 663, 664, 665, 666, 667, 668, 669, 670, 671, 672, 673, 674, 675, 676, 677, 678, 679, 680, 681, 682, 683, 684, 685, 686, 687, 688, 689, 690, 691, 692, 693, 694, 695, 696, 697, 698, 699, 700, 701, 702, 703, 704, 705, 706, 707, 708, 709, 710, 711, 712, 713, 714, 715, 716, 717, 718, 719, 720, 721, 722, 723, 724, 725, 726, 727, 728, 729, 730, 731, 732, 733, 734, 735, 736, 737, 738, 739, 740, 741, 742, 743, 744, 745, 746, 747, 748, 749, 750, 751, 752, 753, 754, 755, 756, 757, 758, 759, 760, 761, 762, 763, 764, 765, 766, 767, 768, 769, 770, 771, 772, 773, 774, 775, 776, 777, 778, 779, 780, 781, 782, 783, 784, 785, 786, 787, 788, 789, 790, 791, 792, 793]","[103, 104, 106, 117, 118, 120, 121, 127, 128, 129, 131, 133, 135, 136, 137, 139, 146, 147, 148, 149, 151, 158, 160, 162, 166, 173, 178, 179, 185, 190, 192, 198, 201, 203, 204, 206, 207, 212, 213, 214, 219, 223, 224, 225, 227, 230, 235, 237, 246, 247, 251, 256, 259, 262, 263, 266, 268, 269, 271, 272, 278, 279, 284, 285, 288, 290, 292, 304, 312, 316, 319, 320, 323, 324, 332, 574, 575, 588, 591, 592, 607, 608, 610, 618, 619, 620, 622, 632, 644, 649, 650, 656, 661, 663, 669, 674, 677, 683, 684, 687, 688, 689, 701, 710, 714, 723, 730, 731, 738, 747, 751, 762, 774, 778, 789]",[],"[183, 192, 654, 663]","[103, 104, 105, 106, 107, 108, 109, 110, 111, 112, 113, 114, 115, 116, 117, 118, 119, 120, 121, 122, 123, 124, 125, 126, 127, 128, 129, 130, 131, 132, 133, 134, 135, 136, 137, 138, 139, 140, 141, 142, 143, 144, 145, 146, 147, 148, 149, 150, 151, 152, 153, 154, 155, 156, 157, 158, 159, 160, 161, 162, 163, 164, 165, 166, 167, 168, 169, 170, 171, 172, 173, 174, 175, 176, 177, 178, 179, 180, 181, 182, 183, 184, 185, 186, 187, 188, 189, 190, 191, 192, 193, 194, 195, 196, 197, 198, 199, 200, 201, 202, 203, 204, 205, 206, 207, 208, 209, 210, 211, 212, 213, 214, 215, 216, 217, 218, 219, 220, 221, 222, 223, 224, 225, 226, 227, 228, 229, 230, 231, 232, 233, 234, 235, 236, 237, 238, 239, 240, 241, 242, 243, 244, 245, 246, 247, 248, 249, 250, 251, 252, 253, 254, 255, 256, 257, 258, 259, 260, 261, 262, 263, 264, 265, 266, 267, 268, 269, 270, 271, 272, 273, 274, 275, 276, 277, 278, 279, 280, 281, 282, 283, 284, 285, 286, 287, 288, 289, 290, 291, 292, 293, 294, 295, 296, 297, 298, 299, 300, 301, 302, 303, 304, 305, 306, 307, 308, 309, 310, 311, 312, 313, 314, 315, 316, 317, 318, 319, 320, 321, 322, 323, 324, 325, 326, 327, 328, 329, 330, 331, 332, 333, 334, 335, 336, 337, 574, 575, 576, 577, 578, 579, 580, 581, 582, 583, 584, 585, 586, 587, 588, 589, 590, 591, 592, 593, 594, 595, 596, 597, 598, 599, 600, 601, 602, 603, 604, 605, 606, 607, 608, 609, 610, 611, 612, 613, 614, 615, 616, 617, 618, 619, 620, 621, 622, 623, 624, 625, 626, 627, 628, 629, 630, 631, 632, 633, 634, 635, 636, 637, 638, 639, 640, 641, 642, 643, 644, 645, 646, 647, 648, 649, 650, 651, 652, 653, 654, 655, 656, 657, 658, 659, 660, 661, 662, 663, 664, 665, 666, 667, 668, 669, 670, 671, 672, 673, 674, 675, 676, 677, 678, 679, 680, 681, 682, 683, 684, 685, 686, 687, 688, 689, 690, 691, 692, 693, 694, 695, 696, 697, 698, 699, 700, 701, 702, 703, 704, 705, 706, 707, 708, 709, 710, 711, 712, 713, 714, 715, 716, 717, 718, 719, 720, 721, 722, 723, 724, 725, 726, 727, 728, 729, 730, 731, 732, 733, 734, 735, 736, 737, 738, 739, 740, 741, 742, 743, 744, 745, 746, 747, 748, 749, 750, 751, 752, 753, 754, 755, 756, 757, 758, 759, 760, 761, 762, 763, 764, 765, 766, 767, 768, 769, 770, 771, 772, 773, 774, 775, 776, 777, 778, 779, 780, 781, 782, 783, 784, 785, 786, 787, 788, 789, 790, 791, 792, 793]",True,"[121, 320, 592, 778]","[103, 104, 105, 106, 107, 108, 109, 110, 111, 112, 113, 114, 115, 116, 117, 118, 119, 120, 121, 122, 123, 124, 125, 126, 127, 128, 129, 130, 131, 132, 133, 134, 135, 136, 137, 138, 139, 140, 141, 142, 143, 144, 145, 146, 147, 148, 149, 150, 151, 152, 153, 154, 155, 156, 157, 158, 159, 160, 161, 162, 163, 164, 165, 166, 167, 168, 169, 170, 171, 172, 173, 174, 175, 176, 177, 178, 179, 180, 181, 182, 183, 184, 185, 186, 187, 188, 189, 190, 191, 192, 193, 194, 195, 196, 197, 198, 199, 200, 201, 202, 203, 204, 205, 206, 207, 208, 209, 210, 211, 212, 213, 214, 215, 216, 217, 218, 219, 220, 221, 222, 223, 224, 225, 226, 227, 228, 229, 230, 231, 232, 233, 234, 235, 236, 237, 238, 239, 240, 241, 242, 243, 244, 245, 246, 247, 248, 249, 250, 251, 252, 253, 254, 255, 256, 257, 258, 259, 260, 261, 262, 263, 264, 265, 266, 267, 268, 269, 270, 271, 272, 273, 274, 275, 276, 277, 278, 279, 280, 281, 282, 283, 284, 285, 286, 287, 288, 289, 290, 291, 292, 293, 294, 295, 296, 297, 298, 299, 300, 301, 302, 303, 304, 305, 306, 307, 308, 309, 310, 311, 312, 313, 314, 315, 316, 317, 318, 319, 320, 321, 322, 323, 324, 325, 326, 327, 328, 329, 330, 331, 332, 333, 334, 335, 336, 337, 574, 575, 576, 577, 578, 579, 580, 581, 582, 583, 584, 585, 586, 587, 588, 589, 590, 591, 592, 593, 594, 595, 596, 597, 598, 599, 600, 601, 602, 603, 604, 605, 606, 607, 608, 609, 610, 611, 612, 613, 614, 615, 616, 617, 618, 619, 620, 621, 622, 623, 624, 625, 626, 627, 628, 629, 630, 631, 632, 633, 634, 635, 636, 637, 638, 639, 640, 641, 642, 643, 644, 645, 646, 647, 648, 649, 650, 651, 652, 653, 654, 655, 656, 657, 658, 659, 660, 661, 662, 663, 664, 665, 666, 667, 668, 669, 670, 671, 672, 673, 674, 675, 676, 677, 678, 679, 680, 681, 682, 683, 684, 685, 686, 687, 688, 689, 690, 691, 692, 693, 694, 695, 696, 697, 698, 699, 700, 701, 702, 703, 704, 705, 706, 707, 708, 709, 710, 711, 712, 713, 714, 715, 716, 717, 718, 719, 720, 721, 722, 723, 724, 725, 726, 727, 728, 729, 730, 731, 732, 733, 734, 735, 736, 737, 738, 739, 740, 741, 742, 743, 744, 745, 746, 747, 748, 749, 750, 751, 752, 753, 754, 755, 756, 757, 758, 759, 760, 761, 762, 763, 764, 765, 766, 767, 768, 769, 770, 771, 772, 773, 774, 775, 776, 777, 778, 779, 780, 781, 782, 783, 784, 785, 786, 787, 788, 789, 790, 791, 792, 793]","[121, 320, 592, 778]",[],"[103, 104, 106, 117, 118, 120, 121, 127, 128, 129, 131, 133, 135, 136, 137, 139, 146, 147, 148, 149, 151, 158, 160, 162, 166, 173, 178, 179, 185, 190, 192, 198, 201, 203, 204, 206, 207, 212, 213, 214, 219, 223, 224, 225, 227, 230, 235, 237, 246, 247, 251, 256, 259, 262, 263, 266, 268, 269, 271, 272, 278, 279, 284, 285, 288, 290, 292, 304, 312, 316, 319, 320, 323, 324, 332, 574, 575, 588, 591, 592, 607, 608, 610, 618, 619, 620, 622, 632, 644, 649, 650, 656, 661, 663, 669, 674, 677, 683, 684, 687, 688, 689, 701, 710, 714, 723, 730, 731, 738, 747, 751, 762, 774, 778, 789]","[183, 192, 654, 663]",[],5/6 successful match,True,"[442, 443, 444]",True,316,False,,1.0,True,Oasis Truck Stop ( Gas America ),
Mojave ( 93501 ) Oasis Truck Stop ( 76 ),661-824-4675 CA 14-58 ( W jct ),24 <U+2610>,Mojave,93501,Oasis Truck Stop ( 76 ),661-824-4675,2014,Mojave,CA,,( W jct ),CA 14-58,empty,,False,,False,CA 14-58,,,,,"[320, 778]","[121, 320, 592, 778]","[121, 320, 592, 778]",[],"[103, 104, 105, 106, 107, 108, 109, 110, 111, 112, 113, 114, 115, 116, 117, 118, 119, 120, 121, 122, 123, 124, 125, 126, 127, 128, 129, 130, 131, 132, 133, 134, 135, 136, 137, 138, 139, 140, 141, 142, 143, 144, 145, 146, 147, 148, 149, 150, 151, 152, 153, 154, 155, 156, 157, 158, 159, 160, 161, 162, 163, 164, 165, 166, 167, 168, 169, 170, 171, 172, 173, 174, 175, 176, 177, 178, 179, 180, 181, 182, 183, 184, 185, 186, 187, 188, 189, 190, 191, 192, 193, 194, 195, 196, 197, 198, 199, 200, 201, 202, 203, 204, 205, 206, 207, 208, 209, 210, 211, 212, 213, 214, 215, 216, 217, 218, 219, 220, 221, 222, 223, 224, 225, 226, 227, 228, 229, 230, 231, 232, 233, 234, 235, 236, 237, 238, 239, 240, 241, 242, 243, 244, 245, 246, 247, 248, 249, 250, 251, 252, 253, 254, 255, 256, 257, 258, 259, 260, 261, 262, 263, 264, 265, 266, 267, 268, 269, 270, 271, 272, 273, 274, 275, 276, 277, 278, 279, 280, 281, 282, 283, 284, 285, 286, 287, 288, 289, 290, 291, 292, 293, 294, 295, 296, 297, 298, 299, 300, 301, 302, 303, 304, 305, 306, 307, 308, 309, 310, 311, 312, 313, 314, 315, 316, 317, 318, 319, 320, 321, 322, 323, 324, 325, 326, 327, 328, 329, 330, 331, 332, 333, 334, 335, 336, 337, 574, 575, 576, 577, 578, 579, 580, 581, 582, 583, 584, 585, 586, 587, 588, 589, 590, 591, 592, 593, 594, 595, 596, 597, 598, 599, 600, 601, 602, 603, 604, 605, 606, 607, 608, 609, 610, 611, 612, 613, 614, 615, 616, 617, 618, 619, 620, 621, 622, 623, 624, 625, 626, 627, 628, 629, 630, 631, 632, 633, 634, 635, 636, 637, 638, 639, 640, 641, 642, 643, 644, 645, 646, 647, 648, 649, 650, 651, 652, 653, 654, 655, 656, 657, 658, 659, 660, 661, 662, 663, 664, 665, 666, 667, 668, 669, 670, 671, 672, 673, 674, 675, 676, 677, 678, 679, 680, 681, 682, 683, 684, 685, 686, 687, 688, 689, 690, 691, 692, 693, 694, 695, 696, 697, 698, 699, 700, 701, 702, 703, 704, 705, 706, 707, 708, 709, 710, 711, 712, 713, 714, 715, 716, 717, 718, 719, 720, 721, 722, 723, 724, 725, 726, 727, 728, 729, 730, 731, 732, 733, 734, 735, 736, 737, 738, 739, 740, 741, 742, 743, 744, 745, 746, 747, 748, 749, 750, 751, 752, 753, 754, 755, 756, 757, 758, 759, 760, 761, 762, 763, 764, 765, 766, 767, 768, 769, 770, 771, 772, 773, 774, 775, 776, 777, 778, 779, 780, 781, 782, 783, 784, 785, 786, 787, 788, 789, 790, 791, 792, 793]","[103, 104, 106, 117, 118, 120, 121, 127, 128, 129, 131, 133, 135, 136, 137, 139, 146, 147, 148, 149, 151, 158, 160, 162, 166, 173, 178, 179, 185, 190, 192, 198, 201, 203, 204, 206, 207, 212, 213, 214, 219, 223, 224, 225, 227, 230, 235, 237, 246, 247, 251, 256, 259, 262, 263, 266, 268, 269, 271, 272, 278, 279, 284, 285, 288, 290, 292, 304, 312, 316, 319, 320, 323, 324, 332, 574, 575, 588, 591, 592, 607, 608, 610, 618, 619, 620, 622, 632, 644, 649, 650, 656, 661, 663, 669, 674, 677, 683, 684, 687, 688, 689, 701, 710, 714, 723, 730, 731, 738, 747, 751, 762, 774, 778, 789]",[],"[84, 87, 89, 114, 115, 117, 124, 132, 135, 144, 152, 178, 183, 192, 239, 268, 281, 297, 318, 320, 327, 348, 394, 555, 558, 560, 585, 586, 588, 595, 603, 606, 615, 623, 649, 654, 663, 703, 727, 740, 756, 776, 778, 785, 803, 844]","[84, 87, 89, 103, 104, 105, 106, 107, 108, 109, 110, 111, 112, 113, 114, 115, 116, 117, 118, 119, 120, 121, 122, 123, 124, 125, 126, 127, 128, 129, 130, 131, 132, 133, 134, 135, 136, 137, 138, 139, 140, 141, 142, 143, 144, 145, 146, 147, 148, 149, 150, 151, 152, 153, 154, 155, 156, 157, 158, 159, 160, 161, 162, 163, 164, 165, 166, 167, 168, 169, 170, 171, 172, 173, 174, 175, 176, 177, 178, 179, 180, 181, 182, 183, 184, 185, 186, 187, 188, 189, 190, 191, 192, 193, 194, 195, 196, 197, 198, 199, 200, 201, 202, 203, 204, 205, 206, 207, 208, 209, 210, 211, 212, 213, 214, 215, 216, 217, 218, 219, 220, 221, 222, 223, 224, 225, 226, 227, 228, 229, 230, 231, 232, 233, 234, 235, 236, 237, 238, 239, 240, 241, 242, 243, 244, 245, 246, 247, 248, 249, 250, 251, 252, 253, 254, 255, 256, 257, 258, 259, 260, 261, 262, 263, 264, 265, 266, 267, 268, 269, 270, 271, 272, 273, 274, 275, 276, 277, 278, 279, 280, 281, 282, 283, 284, 285, 286, 287, 288, 289, 290, 291, 292, 293, 294, 295, 296, 297, 298, 299, 300, 301, 302, 303, 304, 305, 306, 307, 308, 309, 310, 311, 312, 313, 314, 315, 316, 317, 318, 319, 320, 321, 322, 323, 324, 325, 326, 327, 328, 329, 330, 331, 332, 333, 334, 335, 336, 337, 348, 394, 555, 558, 560, 574, 575, 576, 577, 578, 579, 580, 581, 582, 583, 584, 585, 586, 587, 588, 589, 590, 591, 592, 593, 594, 595, 596, 597, 598, 599, 600, 601, 602, 603, 604, 605, 606, 607, 608, 609, 610, 611, 612, 613, 614, 615, 616, 617, 618, 619, 620, 621, 622, 623, 624, 625, 626, 627, 628, 629, 630, 631, 632, 633, 634, 635, 636, 637, 638, 639, 640, 641, 642, 643, 644, 645, 646, 647, 648, 649, 650, 651, 652, 653, 654, 655, 656, 657, 658, 659, 660, 661, 662, 663, 664, 665, 666, 667, 668, 669, 670, 671, 672, 673, 674, 675, 676, 677, 678, 679, 680, 681, 682, 683, 684, 685, 686, 687, 688, 689, 690, 691, 692, 693, 694, 695, 696, 697, 698, 699, 700, 701, 702, 703, 704, 705, 706, 707, 708, 709, 710, 711, 712, 713, 714, 715, 716, 717, 718, 719, 720, 721, 722, 723, 724, 725, 726, 727, 728, 729, 730, 731, 732, 733, 734, 735, 736, 737, 738, 739, 740, 741, 742, 743, 744, 745, 746, 747, 748, 749, 750, 751, 752, 753, 754, 755, 756, 757, 758, 759, 760, 761, 762, 763, 764, 765, 766, 767, 768, 769, 770, 771, 772, 773, 774, 775, 776, 777, 778, 779, 780, 781, 782, 783, 784, 785, 786, 787, 788, 789, 790, 791, 792, 793, 803, 844]",True,"[121, 320, 592, 778]","[103, 104, 105, 106, 107, 108, 109, 110, 111, 112, 113, 114, 115, 116, 117, 118, 119, 120, 121, 122, 123, 124, 125, 126, 127, 128, 129, 130, 131, 132, 133, 134, 135, 136, 137, 138, 139, 140, 141, 142, 143, 144, 145, 146, 147, 148, 149, 150, 151, 152, 153, 154, 155, 156, 157, 158, 159, 160, 161, 162, 163, 164, 165, 166, 167, 168, 169, 170, 171, 172, 173, 174, 175, 176, 177, 178, 179, 180, 181, 182, 183, 184, 185, 186, 187, 188, 189, 190, 191, 192, 193, 194, 195, 196, 197, 198, 199, 200, 201, 202, 203, 204, 205, 206, 207, 208, 209, 210, 211, 212, 213, 214, 215, 216, 217, 218, 219, 220, 221, 222, 223, 224, 225, 226, 227, 228, 229, 230, 231, 232, 233, 234, 235, 236, 237, 238, 239, 240, 241, 242, 243, 244, 245, 246, 247, 248, 249, 250, 251, 252, 253, 254, 255, 256, 257, 258, 259, 260, 261, 262, 263, 264, 265, 266, 267, 268, 269, 270, 271, 272, 273, 274, 275, 276, 277, 278, 279, 280, 281, 282, 283, 284, 285, 286, 287, 288, 289, 290, 291, 292, 293, 294, 295, 296, 297, 298, 299, 300, 301, 302, 303, 304, 305, 306, 307, 308, 309, 310, 311, 312, 313, 314, 315, 316, 317, 318, 319, 320, 321, 322, 323, 324, 325, 326, 327, 328, 329, 330, 331, 332, 333, 334, 335, 336, 337, 574, 575, 576, 577, 578, 579, 580, 581, 582, 583, 584, 585, 586, 587, 588, 589, 590, 591, 592, 593, 594, 595, 596, 597, 598, 599, 600, 601, 602, 603, 604, 605, 606, 607, 608, 609, 610, 611, 612, 613, 614, 615, 616, 617, 618, 619, 620, 621, 622, 623, 624, 625, 626, 627, 628, 629, 630, 631, 632, 633, 634, 635, 636, 637, 638, 639, 640, 641, 642, 643, 644, 645, 646, 647, 648, 649, 650, 651, 652, 653, 654, 655, 656, 657, 658, 659, 660, 661, 662, 663, 664, 665, 666, 667, 668, 669, 670, 671, 672, 673, 674, 675, 676, 677, 678, 679, 680, 681, 682, 683, 684, 685, 686, 687, 688, 689, 690, 691, 692, 693, 694, 695, 696, 697, 698, 699, 700, 701, 702, 703, 704, 705, 706, 707, 708, 709, 710, 711, 712, 713, 714, 715, 716, 717, 718, 719, 720, 721, 722, 723, 724, 725, 726, 727, 728, 729, 730, 731, 732, 733, 734, 735, 736, 737, 738, 739, 740, 741, 742, 743, 744, 745, 746, 747, 748, 749, 750, 751, 752, 753, 754, 755, 756, 757, 758, 759, 760, 761, 762, 763, 764, 765, 766, 767, 768, 769, 770, 771, 772, 773, 774, 775, 776, 777, 778, 779, 780, 781, 782, 783, 784, 785, 786, 787, 788, 789, 790, 791, 792, 793]","[121, 320, 592, 778]",[],"[103, 104, 106, 117, 118, 120, 121, 127, 128, 129, 131, 133, 135, 136, 137, 139, 146, 147, 148, 149, 151, 158, 160, 162, 166, 173, 178, 179, 185, 190, 192, 198, 201, 203, 204, 206, 207, 212, 213, 214, 219, 223, 224, 225, 227, 230, 235, 237, 246, 247, 251, 256, 259, 262, 263, 266, 268, 269, 271, 272, 278, 279, 284, 285, 288, 290, 292, 304, 312, 316, 319, 320, 323, 324, 332, 574, 575, 588, 591, 592, 607, 608, 610, 618, 619, 620, 622, 632, 644, 649, 650, 656, 661, 663, 669, 674, 677, 683, 684, 687, 688, 689, 701, 710, 714, 723, 730, 731, 738, 747, 751, 762, 774, 778, 789]","[84, 87, 89, 114, 115, 117, 124, 132, 135, 144, 152, 178, 183, 192, 239, 268, 281, 297, 318, 320, 327, 348, 394, 555, 558, 560, 585, 586, 588, 595, 603, 606, 615, 623, 649, 654, 663, 703, 727, 740, 756, 776, 778, 785, 803, 844]",[],7/6 successful match,True,"[442, 443, 444]",True,316,False,,0.5624242424242425,True,Oasis Truck Stop ( Gas America ),
Mojave ( 93501 ) US Hendy Oil 14-58 ( 76 ( ) N end ),661-824-4675 CA 14-58 ( W jct ),D O,Mojave,93501,US Hendy Oil 14-58 ( 76 ( ) N end ),661-824-4675,2015,Mojave,CA,,( W jct ),CA 14-58,empty,,False,,False,CA 14-58,,,,,"[320, 778]","[121, 320, 592, 778]","[121, 320, 592, 778]",[],"[103, 104, 105, 106, 107, 108, 109, 110, 111, 112, 113, 114, 115, 116, 117, 118, 119, 120, 121, 122, 123, 124, 125, 126, 127, 128, 129, 130, 131, 132, 133, 134, 135, 136, 137, 138, 139, 140, 141, 142, 143, 144, 145, 146, 147, 148, 149, 150, 151, 152, 153, 154, 155, 156, 157, 158, 159, 160, 161, 162, 163, 164, 165, 166, 167, 168, 169, 170, 171, 172, 173, 174, 175, 176, 177, 178, 179, 180, 181, 182, 183, 184, 185, 186, 187, 188, 189, 190, 191, 192, 193, 194, 195, 196, 197, 198, 199, 200, 201, 202, 203, 204, 205, 206, 207, 208, 209, 210, 211, 212, 213, 214, 215, 216, 217, 218, 219, 220, 221, 222, 223, 224, 225, 226, 227, 228, 229, 230, 231, 232, 233, 234, 235, 236, 237, 238, 239, 240, 241, 242, 243, 244, 245, 246, 247, 248, 249, 250, 251, 252, 253, 254, 255, 256, 257, 258, 259, 260, 261, 262, 263, 264, 265, 266, 267, 268, 269, 270, 271, 272, 273, 274, 275, 276, 277, 278, 279, 280, 281, 282, 283, 284, 285, 286, 287, 288, 289, 290, 291, 292, 293, 294, 295, 296, 297, 298, 299, 300, 301, 302, 303, 304, 305, 306, 307, 308, 309, 310, 311, 312, 313, 314, 315, 316, 317, 318, 319, 320, 321, 322, 323, 324, 325, 326, 327, 328, 329, 330, 331, 332, 333, 334, 335, 336, 337, 574, 575, 576, 577, 578, 579, 580, 581, 582, 583, 584, 585, 586, 587, 588, 589, 590, 591, 592, 593, 594, 595, 596, 597, 598, 599, 600, 601, 602, 603, 604, 605, 606, 607, 608, 609, 610, 611, 612, 613, 614, 615, 616, 617, 618, 619, 620, 621, 622, 623, 624, 625, 626, 627, 628, 629, 630, 631, 632, 633, 634, 635, 636, 637, 638, 639, 640, 641, 642, 643, 644, 645, 646, 647, 648, 649, 650, 651, 652, 653, 654, 655, 656, 657, 658, 659, 660, 661, 662, 663, 664, 665, 666, 667, 668, 669, 670, 671, 672, 673, 674, 675, 676, 677, 678, 679, 680, 681, 682, 683, 684, 685, 686, 687, 688, 689, 690, 691, 692, 693, 694, 695, 696, 697, 698, 699, 700, 701, 702, 703, 704, 705, 706, 707, 708, 709, 710, 711, 712, 713, 714, 715, 716, 717, 718, 719, 720, 721, 722, 723, 724, 725, 726, 727, 728, 729, 730, 731, 732, 733, 734, 735, 736, 737, 738, 739, 740, 741, 742, 743, 744, 745, 746, 747, 748, 749, 750, 751, 752, 753, 754, 755, 756, 757, 758, 759, 760, 761, 762, 763, 764, 765, 766, 767, 768, 769, 770, 771, 772, 773, 774, 775, 776, 777, 778, 779, 780, 781, 782, 783, 784, 785, 786, 787, 788, 789, 790, 791, 792, 793]","[103, 104, 106, 117, 118, 120, 121, 127, 128, 129, 131, 133, 135, 136, 137, 139, 146, 147, 148, 149, 151, 158, 160, 162, 166, 173, 178, 179, 185, 190, 192, 198, 201, 203, 204, 206, 207, 212, 213, 214, 219, 223, 224, 225, 227, 230, 235, 237, 246, 247, 251, 256, 259, 262, 263, 266, 268, 269, 271, 272, 278, 279, 284, 285, 288, 290, 292, 304, 312, 316, 319, 320, 323, 324, 332, 574, 575, 588, 591, 592, 607, 608, 610, 618, 619, 620, 622, 632, 644, 649, 650, 656, 661, 663, 669, 674, 677, 683, 684, 687, 688, 689, 701, 710, 714, 723, 730, 731, 738, 747, 751, 762, 774, 778, 789]",[],"[4, 31, 59, 84, 87, 89, 114, 115, 117, 124, 132, 135, 142, 144, 147, 152, 178, 180, 218, 229, 232, 239, 264, 268, 269, 281, 297, 299, 318, 320, 327, 331, 338, 348, 352, 367, 382, 387, 394, 403, 405, 408, 410, 455, 463, 465, 466, 468, 470, 472, 473, 483, 484, 490, 514, 535, 555, 558, 560, 585, 586, 588, 595, 603, 606, 613, 615, 618, 623, 649, 651, 686, 693, 696, 703, 724, 727, 728, 740, 756, 758, 776, 778, 785, 788, 794, 803, 807, 832, 837, 844, 852, 854, 858, 860, 861, 902, 910, 912, 913, 915, 917, 919, 920, 931, 934, 935]","[4, 31, 59, 84, 87, 89, 103, 104, 105, 106, 107, 108, 109, 110, 111, 112, 113, 114, 115, 116, 117, 118, 119, 120, 121, 122, 123, 124, 125, 126, 127, 128, 129, 130, 131, 132, 133, 134, 135, 136, 137, 138, 139, 140, 141, 142, 143, 144, 145, 146, 147, 148, 149, 150, 151, 152, 153, 154, 155, 156, 157, 158, 159, 160, 161, 162, 163, 164, 165, 166, 167, 168, 169, 170, 171, 172, 173, 174, 175, 176, 177, 178, 179, 180, 181, 182, 183, 184, 185, 186, 187, 188, 189, 190, 191, 192, 193, 194, 195, 196, 197, 198, 199, 200, 201, 202, 203, 204, 205, 206, 207, 208, 209, 210, 211, 212, 213, 214, 215, 216, 217, 218, 219, 220, 221, 222, 223, 224, 225, 226, 227, 228, 229, 230, 231, 232, 233, 234, 235, 236, 237, 238, 239, 240, 241, 242, 243, 244, 245, 246, 247, 248, 249, 250, 251, 252, 253, 254, 255, 256, 257, 258, 259, 260, 261, 262, 263, 264, 265, 266, 267, 268, 269, 270, 271, 272, 273, 274, 275, 276, 277, 278, 279, 280, 281, 282, 283, 284, 285, 286, 287, 288, 289, 290, 291, 292, 293, 294, 295, 296, 297, 298, 299, 300, 301, 302, 303, 304, 305, 306, 307, 308, 309, 310, 311, 312, 313, 314, 315, 316, 317, 318, 319, 320, 321, 322, 323, 324, 325, 326, 327, 328, 329, 330, 331, 332, 333, 334, 335, 336, 337, 338, 348, 352, 367, 382, 387, 394, 403, 405, 408, 410, 455, 463, 465, 466, 468, 470, 472, 473, 483, 484, 490, 514, 535, 555, 558, 560, 574, 575, 576, 577, 578, 579, 580, 581, 582, 583, 584, 585, 586, 587, 588, 589, 590, 591, 592, 593, 594, 595, 596, 597, 598, 599, 600, 601, 602, 603, 604, 605, 606, 607, 608, 609, 610, 611, 612, 613, 614, 615, 616, 617, 618, 619, 620, 621, 622, 623, 624, 625, 626, 627, 628, 629, 630, 631, 632, 633, 634, 635, 636, 637, 638, 639, 640, 641, 642, 643, 644, 645, 646, 647, 648, 649, 650, 651, 652, 653, 654, 655, 656, 657, 658, 659, 660, 661, 662, 663, 664, 665, 666, 667, 668, 669, 670, 671, 672, 673, 674, 675, 676, 677, 678, 679, 680, 681, 682, 683, 684, 685, 686, 687, 688, 689, 690, 691, 692, 693, 694, 695, 696, 697, 698, 699, 700, 701, 702, 703, 704, 705, 706, 707, 708, 709, 710, 711, 712, 713, 714, 715, 716, 717, 718, 719, 720, 721, 722, 723, 724, 725, 726, 727, 728, 729, 730, 731, 732, 733, 734, 735, 736, 737, 738, 739, 740, 741, 742, 743, 744, 745, 746, 747, 748, 749, 750, 751, 752, 753, 754, 755, 756, 757, 758, 759, 760, 761, 762, 763, 764, 765, 766, 767, 768, 769, 770, 771, 772, 773, 774, 775, 776, 777, 778, 779, 780, 781, 782, 783, 784, 785, 786, 787, 788, 789, 790, 791, 792, 793, 794, 803, 807, 832, 837, 844, 852, 854, 858, 860, 861, 902, 910, 912, 913, 915, 917, 919, 920, 931, 934, 935]",True,"[121, 320, 592, 778]","[103, 104, 105, 106, 107, 108, 109, 110, 111, 112, 113, 114, 115, 116, 117, 118, 119, 120, 121, 122, 123, 124, 125, 126, 127, 128, 129, 130, 131, 132, 133, 134, 135, 136, 137, 138, 139, 140, 141, 142, 143, 144, 145, 146, 147, 148, 149, 150, 151, 152, 153, 154, 155, 156, 157, 158, 159, 160, 161, 162, 163, 164, 165, 166, 167, 168, 169, 170, 171, 172, 173, 174, 175, 176, 177, 178, 179, 180, 181, 182, 183, 184, 185, 186, 187, 188, 189, 190, 191, 192, 193, 194, 195, 196, 197, 198, 199, 200, 201, 202, 203, 204, 205, 206, 207, 208, 209, 210, 211, 212, 213, 214, 215, 216, 217, 218, 219, 220, 221, 222, 223, 224, 225, 226, 227, 228, 229, 230, 231, 232, 233, 234, 235, 236, 237, 238, 239, 240, 241, 242, 243, 244, 245, 246, 247, 248, 249, 250, 251, 252, 253, 254, 255, 256, 257, 258, 259, 260, 261, 262, 263, 264, 265, 266, 267, 268, 269, 270, 271, 272, 273, 274, 275, 276, 277, 278, 279, 280, 281, 282, 283, 284, 285, 286, 287, 288, 289, 290, 291, 292, 293, 294, 295, 296, 297, 298, 299, 300, 301, 302, 303, 304, 305, 306, 307, 308, 309, 310, 311, 312, 313, 314, 315, 316, 317, 318, 319, 320, 321, 322, 323, 324, 325, 326, 327, 328, 329, 330, 331, 332, 333, 334, 335, 336, 337, 574, 575, 576, 577, 578, 579, 580, 581, 582, 583, 584, 585, 586, 587, 588, 589, 590, 591, 592, 593, 594, 595, 596, 597, 598, 599, 600, 601, 602, 603, 604, 605, 606, 607, 608, 609, 610, 611, 612, 613, 614, 615, 616, 617, 618, 619, 620, 621, 622, 623, 624, 625, 626, 627, 628, 629, 630, 631, 632, 633, 634, 635, 636, 637, 638, 639, 640, 641, 642, 643, 644, 645, 646, 647, 648, 649, 650, 651, 652, 653, 654, 655, 656, 657, 658, 659, 660, 661, 662, 663, 664, 665, 666, 667, 668, 669, 670, 671, 672, 673, 674, 675, 676, 677, 678, 679, 680, 681, 682, 683, 684, 685, 686, 687, 688, 689, 690, 691, 692, 693, 694, 695, 696, 697, 698, 699, 700, 701, 702, 703, 704, 705, 706, 707, 708, 709, 710, 711, 712, 713, 714, 715, 716, 717, 718, 719, 720, 721, 722, 723, 724, 725, 726, 727, 728, 729, 730, 731, 732, 733, 734, 735, 736, 737, 738, 739, 740, 741, 742, 743, 744, 745, 746, 747, 748, 749, 750, 751, 752, 753, 754, 755, 756, 757, 758, 759, 760, 761, 762, 763, 764, 765, 766, 767, 768, 769, 770, 771, 772, 773, 774, 775, 776, 777, 778, 779, 780, 781, 782, 783, 784, 785, 786, 787, 788, 789, 790, 791, 792, 793]","[121, 320, 592, 778]",[],"[103, 104, 106, 117, 118, 120, 121, 127, 128, 129, 131, 133, 135, 136, 137, 139, 146, 147, 148, 149, 151, 158, 160, 162, 166, 173, 178, 179, 185, 190, 192, 198, 201, 203, 204, 206, 207, 212, 213, 214, 219, 223, 224, 225, 227, 230, 235, 237, 246, 247, 251, 256, 259, 262, 263, 266, 268, 269, 271, 272, 278, 279, 284, 285, 288, 290, 292, 304, 312, 316, 319, 320, 323, 324, 332, 574, 575, 588, 591, 592, 607, 608, 610, 618, 619, 620, 622, 632, 644, 649, 650, 656, 661, 663, 669, 674, 677, 683, 684, 687, 688, 689, 701, 710, 714, 723, 730, 731, 738, 747, 751, 762, 774, 778, 789]","[4, 31, 59, 84, 87, 89, 114, 115, 117, 124, 132, 135, 142, 144, 147, 152, 178, 180, 218, 229, 232, 239, 264, 268, 269, 281, 297, 299, 318, 320, 327, 331, 338, 348, 352, 367, 382, 387, 394, 403, 405, 408, 410, 455, 463, 465, 466, 468, 470, 472, 473, 483, 484, 490, 514, 535, 555, 558, 560, 585, 586, 588, 595, 603, 606, 613, 615, 618, 623, 649, 651, 686, 693, 696, 703, 724, 727, 728, 740, 756, 758, 776, 778, 785, 788, 794, 803, 807, 832, 837, 844, 852, 854, 858, 860, 861, 902, 910, 912, 913, 915, 917, 919, 920, 931, 934, 935]",[],7/6 successful match,True,"[442, 443, 444]",True,316,False,,0.370935960591133,True,Oasis Truck Stop ( 76 ),
Mojave ( 93501 ) US Hendy Oil ( 76 ),661-824-4675 CA 14-58 ( W jct ),<U+2610> <U+2610> <U+25A1>,Mojave,93501,US Hendy Oil ( 76 ),661-824-4675,2016,Mojave,CA,,( W jct ),CA 14-58,empty,,False,,False,CA 14-58,,,,,"[320, 778]","[121, 320, 592, 778]","[121, 320, 592, 778]",[],"[103, 104, 105, 106, 107, 108, 109, 110, 111, 112, 113, 114, 115, 116, 117, 118, 119, 120, 121, 122, 123, 124, 125, 126, 127, 128, 129, 130, 131, 132, 133, 134, 135, 136, 137, 138, 139, 140, 141, 142, 143, 144, 145, 146, 147, 148, 149, 150, 151, 152, 153, 154, 155, 156, 157, 158, 159, 160, 161, 162, 163, 164, 165, 166, 167, 168, 169, 170, 171, 172, 173, 174, 175, 176, 177, 178, 179, 180, 181, 182, 183, 184, 185, 186, 187, 188, 189, 190, 191, 192, 193, 194, 195, 196, 197, 198, 199, 200, 201, 202, 203, 204, 205, 206, 207, 208, 209, 210, 211, 212, 213, 214, 215, 216, 217, 218, 219, 220, 221, 222, 223, 224, 225, 226, 227, 228, 229, 230, 231, 232, 233, 234, 235, 236, 237, 238, 239, 240, 241, 242, 243, 244, 245, 246, 247, 248, 249, 250, 251, 252, 253, 254, 255, 256, 257, 258, 259, 260, 261, 262, 263, 264, 265, 266, 267, 268, 269, 270, 271, 272, 273, 274, 275, 276, 277, 278, 279, 280, 281, 282, 283, 284, 285, 286, 287, 288, 289, 290, 291, 292, 293, 294, 295, 296, 297, 298, 299, 300, 301, 302, 303, 304, 305, 306, 307, 308, 309, 310, 311, 312, 313, 314, 315, 316, 317, 318, 319, 320, 321, 322, 323, 324, 325, 326, 327, 328, 329, 330, 331, 332, 333, 334, 335, 336, 337, 574, 575, 576, 577, 578, 579, 580, 581, 582, 583, 584, 585, 586, 587, 588, 589, 590, 591, 592, 593, 594, 595, 596, 597, 598, 599, 600, 601, 602, 603, 604, 605, 606, 607, 608, 609, 610, 611, 612, 613, 614, 615, 616, 617, 618, 619, 620, 621, 622, 623, 624, 625, 626, 627, 628, 629, 630, 631, 632, 633, 634, 635, 636, 637, 638, 639, 640, 641, 642, 643, 644, 645, 646, 647, 648, 649, 650, 651, 652, 653, 654, 655, 656, 657, 658, 659, 660, 661, 662, 663, 664, 665, 666, 667, 668, 669, 670, 671, 672, 673, 674, 675, 676, 677, 678, 679, 680, 681, 682, 683, 684, 685, 686, 687, 688, 689, 690, 691, 692, 693, 694, 695, 696, 697, 698, 699, 700, 701, 702, 703, 704, 705, 706, 707, 708, 709, 710, 711, 712, 713, 714, 715, 716, 717, 718, 719, 720, 721, 722, 723, 724, 725, 726, 727, 728, 729, 730, 731, 732, 733, 734, 735, 736, 737, 738, 739, 740, 741, 742, 743, 744, 745, 746, 747, 748, 749, 750, 751, 752, 753, 754, 755, 756, 757, 758, 759, 760, 761, 762, 763, 764, 765, 766, 767, 768, 769, 770, 771, 772, 773, 774, 775, 776, 777, 778, 779, 780, 781, 782, 783, 784, 785, 786, 787, 788, 789, 790, 791, 792, 793]","[103, 104, 106, 117, 118, 120, 121, 127, 128, 129, 131, 133, 135, 136, 137, 139, 146, 147, 148, 149, 151, 158, 160, 162, 166, 173, 178, 179, 185, 190, 192, 198, 201, 203, 204, 206, 207, 212, 213, 214, 219, 223, 224, 225, 227, 230, 235, 237, 246, 247, 251, 256, 259, 262, 263, 266, 268, 269, 271, 272, 278, 279, 284, 285, 288, 290, 292, 304, 312, 316, 319, 320, 323, 324, 332, 574, 575, 588, 591, 592, 607, 608, 610, 618, 619, 620, 622, 632, 644, 649, 650, 656, 661, 663, 669, 674, 677, 683, 684, 687, 688, 689, 701, 710, 714, 723, 730, 731, 738, 747, 751, 762, 774, 778, 789]",[],"[4, 31, 59, 84, 87, 89, 114, 115, 117, 124, 132, 135, 142, 144, 147, 152, 178, 180, 218, 229, 232, 239, 264, 268, 269, 281, 297, 299, 318, 320, 327, 331, 338, 348, 352, 367, 382, 387, 394, 403, 405, 408, 410, 455, 463, 465, 466, 468, 470, 472, 473, 483, 484, 490, 514, 535, 555, 558, 560, 585, 586, 588, 595, 603, 606, 613, 615, 618, 623, 649, 651, 686, 693, 696, 703, 724, 727, 728, 740, 756, 758, 776, 778, 785, 788, 794, 803, 807, 832, 837, 844, 852, 854, 858, 860, 861, 902, 910, 912, 913, 915, 917, 919, 920, 931, 934, 935]","[4, 31, 59, 84, 87, 89, 103, 104, 105, 106, 107, 108, 109, 110, 111, 112, 113, 114, 115, 116, 117, 118, 119, 120, 121, 122, 123, 124, 125, 126, 127, 128, 129, 130, 131, 132, 133, 134, 135, 136, 137, 138, 139, 140, 141, 142, 143, 144, 145, 146, 147, 148, 149, 150, 151, 152, 153, 154, 155, 156, 157, 158, 159, 160, 161, 162, 163, 164, 165, 166, 167, 168, 169, 170, 171, 172, 173, 174, 175, 176, 177, 178, 179, 180, 181, 182, 183, 184, 185, 186, 187, 188, 189, 190, 191, 192, 193, 194, 195, 196, 197, 198, 199, 200, 201, 202, 203, 204, 205, 206, 207, 208, 209, 210, 211, 212, 213, 214, 215, 216, 217, 218, 219, 220, 221, 222, 223, 224, 225, 226, 227, 228, 229, 230, 231, 232, 233, 234, 235, 236, 237, 238, 239, 240, 241, 242, 243, 244, 245, 246, 247, 248, 249, 250, 251, 252, 253, 254, 255, 256, 257, 258, 259, 260, 261, 262, 263, 264, 265, 266, 267, 268, 269, 270, 271, 272, 273, 274, 275, 276, 277, 278, 279, 280, 281, 282, 283, 284, 285, 286, 287, 288, 289, 290, 291, 292, 293, 294, 295, 296, 297, 298, 299, 300, 301, 302, 303, 304, 305, 306, 307, 308, 309, 310, 311, 312, 313, 314, 315, 316, 317, 318, 319, 320, 321, 322, 323, 324, 325, 326, 327, 328, 329, 330, 331, 332, 333, 334, 335, 336, 337, 338, 348, 352, 367, 382, 387, 394, 403, 405, 408, 410, 455, 463, 465, 466, 468, 470, 472, 473, 483, 484, 490, 514, 535, 555, 558, 560, 574, 575, 576, 577, 578, 579, 580, 581, 582, 583, 584, 585, 586, 587, 588, 589, 590, 591, 592, 593, 594, 595, 596, 597, 598, 599, 600, 601, 602, 603, 604, 605, 606, 607, 608, 609, 610, 611, 612, 613, 614, 615, 616, 617, 618, 619, 620, 621, 622, 623, 624, 625, 626, 627, 628, 629, 630, 631, 632, 633, 634, 635, 636, 637, 638, 639, 640, 641, 642, 643, 644, 645, 646, 647, 648, 649, 650, 651, 652, 653, 654, 655, 656, 657, 658, 659, 660, 661, 662, 663, 664, 665, 666, 667, 668, 669, 670, 671, 672, 673, 674, 675, 676, 677, 678, 679, 680, 681, 682, 683, 684, 685, 686, 687, 688, 689, 690, 691, 692, 693, 694, 695, 696, 697, 698, 699, 700, 701, 702, 703, 704, 705, 706, 707, 708, 709, 710, 711, 712, 713, 714, 715, 716, 717, 718, 719, 720, 721, 722, 723, 724, 725, 726, 727, 728, 729, 730, 731, 732, 733, 734, 735, 736, 737, 738, 739, 740, 741, 742, 743, 744, 745, 746, 747, 748, 749, 750, 751, 752, 753, 754, 755, 756, 757, 758, 759, 760, 761, 762, 763, 764, 765, 766, 767, 768, 769, 770, 771, 772, 773, 774, 775, 776, 777, 778, 779, 780, 781, 782, 783, 784, 785, 786, 787, 788, 789, 790, 791, 792, 793, 794, 803, 807, 832, 837, 844, 852, 854, 858, 860, 861, 902, 910, 912, 913, 915, 917, 919, 920, 931, 934, 935]",True,"[121, 320, 592, 778]","[103, 104, 105, 106, 107, 108, 109, 110, 111, 112, 113, 114, 115, 116, 117, 118, 119, 120, 121, 122, 123, 124, 125, 126, 127, 128, 129, 130, 131, 132, 133, 134, 135, 136, 137, 138, 139, 140, 141, 142, 143, 144, 145, 146, 147, 148, 149, 150, 151, 152, 153, 154, 155, 156, 157, 158, 159, 160, 161, 162, 163, 164, 165, 166, 167, 168, 169, 170, 171, 172, 173, 174, 175, 176, 177, 178, 179, 180, 181, 182, 183, 184, 185, 186, 187, 188, 189, 190, 191, 192, 193, 194, 195, 196, 197, 198, 199, 200, 201, 202, 203, 204, 205, 206, 207, 208, 209, 210, 211, 212, 213, 214, 215, 216, 217, 218, 219, 220, 221, 222, 223, 224, 225, 226, 227, 228, 229, 230, 231, 232, 233, 234, 235, 236, 237, 238, 239, 240, 241, 242, 243, 244, 245, 246, 247, 248, 249, 250, 251, 252, 253, 254, 255, 256, 257, 258, 259, 260, 261, 262, 263, 264, 265, 266, 267, 268, 269, 270, 271, 272, 273, 274, 275, 276, 277, 278, 279, 280, 281, 282, 283, 284, 285, 286, 287, 288, 289, 290, 291, 292, 293, 294, 295, 296, 297, 298, 299, 300, 301, 302, 303, 304, 305, 306, 307, 308, 309, 310, 311, 312, 313, 314, 315, 316, 317, 318, 319, 320, 321, 322, 323, 324, 325, 326, 327, 328, 329, 330, 331, 332, 333, 334, 335, 336, 337, 574, 575, 576, 577, 578, 579, 580, 581, 582, 583, 584, 585, 586, 587, 588, 589, 590, 591, 592, 593, 594, 595, 596, 597, 598, 599, 600, 601, 602, 603, 604, 605, 606, 607, 608, 609, 610, 611, 612, 613, 614, 615, 616, 617, 618, 619, 620, 621, 622, 623, 624, 625, 626, 627, 628, 629, 630, 631, 632, 633, 634, 635, 636, 637, 638, 639, 640, 641, 642, 643, 644, 645, 646, 647, 648, 649, 650, 651, 652, 653, 654, 655, 656, 657, 658, 659, 660, 661, 662, 663, 664, 665, 666, 667, 668, 669, 670, 671, 672, 673, 674, 675, 676, 677, 678, 679, 680, 681, 682, 683, 684, 685, 686, 687, 688, 689, 690, 691, 692, 693, 694, 695, 696, 697, 698, 699, 700, 701, 702, 703, 704, 705, 706, 707, 708, 709, 710, 711, 712, 713, 714, 715, 716, 717, 718, 719, 720, 721, 722, 723, 724, 725, 726, 727, 728, 729, 730, 731, 732, 733, 734, 735, 736, 737, 738, 739, 740, 741, 742, 743, 744, 745, 746, 747, 748, 749, 750, 751, 752, 753, 754, 755, 756, 757, 758, 759, 760, 761, 762, 763, 764, 765, 766, 767, 768, 769, 770, 771, 772, 773, 774, 775, 776, 777, 778, 779, 780, 781, 782, 783, 784, 785, 786, 787, 788, 789, 790, 791, 792, 793]","[121, 320, 592, 778]",[],"[103, 104, 106, 117, 118, 120, 121, 127, 128, 129, 131, 133, 135, 136, 137, 139, 146, 147, 148, 149, 151, 158, 160, 162, 166, 173, 178, 179, 185, 190, 192, 198, 201, 203, 204, 206, 207, 212, 213, 214, 219, 223, 224, 225, 227, 230, 235, 237, 246, 247, 251, 256, 259, 262, 263, 266, 268, 269, 271, 272, 278, 279, 284, 285, 288, 290, 292, 304, 312, 316, 319, 320, 323, 324, 332, 574, 575, 588, 591, 592, 607, 608, 610, 618, 619, 620, 622, 632, 644, 649, 650, 656, 661, 663, 669, 674, 677, 683, 684, 687, 688, 689, 701, 710, 714, 723, 730, 731, 738, 747, 751, 762, 774, 778, 789]","[4, 31, 59, 84, 87, 89, 114, 115, 117, 124, 132, 135, 142, 144, 147, 152, 178, 180, 218, 229, 232, 239, 264, 268, 269, 281, 297, 299, 318, 320, 327, 331, 338, 348, 352, 367, 382, 387, 394, 403, 405, 408, 410, 455, 463, 465, 466, 468, 470, 472, 473, 483, 484, 490, 514, 535, 555, 558, 560, 585, 586, 588, 595, 603, 606, 613, 615, 618, 623, 649, 651, 686, 693, 696, 703, 724, 727, 728, 740, 756, 758, 776, 778, 785, 788, 794, 803, 807, 832, 837, 844, 852, 854, 858, 860, 861, 902, 910, 912, 913, 915, 917, 919, 920, 931, 934, 935]",[],7/6 successful match,True,"[442, 443, 444]",True,316,False,,0.9111111111111111,True,US Hendy Oil 14-58 ( 76 ( ) N end ),
"Acton , 93510 Acton 76",661-269-0760 CA 14 & Crown Valley Rd N,,Acton,93510,Acton 76,661-269-0760,2006,Acton,CA,,,CA 14 & Crown Valley Rd N,empty,,False,,False,CA 14,Rd N,,,,"[588, 117]","[117, 588]","[117, 588]",[],"[103, 104, 105, 106, 107, 108, 109, 110, 111, 112, 113, 114, 115, 116, 117, 118, 119, 120, 121, 122, 123, 124, 125, 126, 127, 128, 129, 130, 131, 132, 133, 134, 135, 136, 137, 138, 139, 140, 141, 142, 143, 144, 145, 146, 147, 148, 149, 150, 151, 152, 153, 154, 155, 156, 157, 158, 159, 160, 161, 162, 163, 164, 165, 166, 167, 168, 169, 170, 171, 172, 173, 174, 175, 176, 177, 178, 179, 180, 181, 182, 183, 184, 185, 186, 187, 188, 189, 190, 191, 192, 193, 194, 195, 196, 197, 198, 199, 200, 201, 202, 203, 204, 205, 206, 207, 208, 209, 210, 211, 212, 213, 214, 215, 216, 217, 218, 219, 220, 221, 222, 223, 224, 225, 226, 227, 228, 229, 230, 231, 232, 233, 234, 235, 236, 237, 238, 239, 240, 241, 242, 243, 244, 245, 246, 247, 248, 249, 250, 251, 252, 253, 254, 255, 256, 257, 258, 259, 260, 261, 262, 263, 264, 265, 266, 267, 268, 269, 270, 271, 272, 273, 274, 275, 276, 277, 278, 279, 280, 281, 282, 283, 284, 285, 286, 287, 288, 289, 290, 291, 292, 293, 294, 295, 296, 297, 298, 299, 300, 301, 302, 303, 304, 305, 306, 307, 308, 309, 310, 311, 312, 313, 314, 315, 316, 317, 318, 319, 320, 321, 322, 323, 324, 325, 326, 327, 328, 329, 330, 331, 332, 333, 334, 335, 336, 337, 574, 575, 576, 577, 578, 579, 580, 581, 582, 583, 584, 585, 586, 587, 588, 589, 590, 591, 592, 593, 594, 595, 596, 597, 598, 599, 600, 601, 602, 603, 604, 605, 606, 607, 608, 609, 610, 611, 612, 613, 614, 615, 616, 617, 618, 619, 620, 621, 622, 623, 624, 625, 626, 627, 628, 629, 630, 631, 632, 633, 634, 635, 636, 637, 638, 639, 640, 641, 642, 643, 644, 645, 646, 647, 648, 649, 650, 651, 652, 653, 654, 655, 656, 657, 658, 659, 660, 661, 662, 663, 664, 665, 666, 667, 668, 669, 670, 671, 672, 673, 674, 675, 676, 677, 678, 679, 680, 681, 682, 683, 684, 685, 686, 687, 688, 689, 690, 691, 692, 693, 694, 695, 696, 697, 698, 699, 700, 701, 702, 703, 704, 705, 706, 707, 708, 709, 710, 711, 712, 713, 714, 715, 716, 717, 718, 719, 720, 721, 722, 723, 724, 725, 726, 727, 728, 729, 730, 731, 732, 733, 734, 735, 736, 737, 738, 739, 740, 741, 742, 743, 744, 745, 746, 747, 748, 749, 750, 751, 752, 753, 754, 755, 756, 757, 758, 759, 760, 761, 762, 763, 764, 765, 766, 767, 768, 769, 770, 771, 772, 773, 774, 775, 776, 777, 778, 779, 780, 781, 782, 783, 784, 785, 786, 787, 788, 789, 790, 791, 792, 793]","[103, 104, 106, 117, 118, 120, 127, 128, 129, 131, 133, 135, 136, 137, 139, 146, 147, 148, 149, 151, 158, 160, 162, 166, 173, 178, 179, 185, 190, 192, 198, 201, 203, 204, 206, 207, 212, 213, 214, 219, 223, 224, 225, 227, 230, 235, 237, 246, 247, 256, 259, 262, 263, 266, 268, 269, 271, 272, 278, 279, 284, 285, 288, 290, 292, 304, 312, 316, 319, 320, 323, 324, 332, 574, 575, 588, 591, 607, 608, 610, 618, 619, 620, 622, 632, 644, 649, 650, 656, 661, 663, 669, 674, 677, 683, 684, 687, 688, 689, 701, 710, 723, 730, 731, 738, 747, 751, 762, 774, 778, 789]",[],"[84, 87, 89, 114, 115, 117, 124, 132, 135, 144, 152, 178, 239, 268, 281, 297, 318, 320, 327, 348, 394, 555, 558, 560, 585, 586, 588, 595, 603, 606, 615, 623, 649, 703, 727, 740, 756, 776, 778, 785, 803, 844]","[84, 87, 89, 103, 104, 105, 106, 107, 108, 109, 110, 111, 112, 113, 114, 115, 116, 117, 118, 119, 120, 121, 122, 123, 124, 125, 126, 127, 128, 129, 130, 131, 132, 133, 134, 135, 136, 137, 138, 139, 140, 141, 142, 143, 144, 145, 146, 147, 148, 149, 150, 151, 152, 153, 154, 155, 156, 157, 158, 159, 160, 161, 162, 163, 164, 165, 166, 167, 168, 169, 170, 171, 172, 173, 174, 175, 176, 177, 178, 179, 180, 181, 182, 183, 184, 185, 186, 187, 188, 189, 190, 191, 192, 193, 194, 195, 196, 197, 198, 199, 200, 201, 202, 203, 204, 205, 206, 207, 208, 209, 210, 211, 212, 213, 214, 215, 216, 217, 218, 219, 220, 221, 222, 223, 224, 225, 226, 227, 228, 229, 230, 231, 232, 233, 234, 235, 236, 237, 238, 239, 240, 241, 242, 243, 244, 245, 246, 247, 248, 249, 250, 251, 252, 253, 254, 255, 256, 257, 258, 259, 260, 261, 262, 263, 264, 265, 266, 267, 268, 269, 270, 271, 272, 273, 274, 275, 276, 277, 278, 279, 280, 281, 282, 283, 284, 285, 286, 287, 288, 289, 290, 291, 292, 293, 294, 295, 296, 297, 298, 299, 300, 301, 302, 303, 304, 305, 306, 307, 308, 309, 310, 311, 312, 313, 314, 315, 316, 317, 318, 319, 320, 321, 322, 323, 324, 325, 326, 327, 328, 329, 330, 331, 332, 333, 334, 335, 336, 337, 348, 394, 555, 558, 560, 574, 575, 576, 577, 578, 579, 580, 581, 582, 583, 584, 585, 586, 587, 588, 589, 590, 591, 592, 593, 594, 595, 596, 597, 598, 599, 600, 601, 602, 603, 604, 605, 606, 607, 608, 609, 610, 611, 612, 613, 614, 615, 616, 617, 618, 619, 620, 621, 622, 623, 624, 625, 626, 627, 628, 629, 630, 631, 632, 633, 634, 635, 636, 637, 638, 639, 640, 641, 642, 643, 644, 645, 646, 647, 648, 649, 650, 651, 652, 653, 654, 655, 656, 657, 658, 659, 660, 661, 662, 663, 664, 665, 666, 667, 668, 669, 670, 671, 672, 673, 674, 675, 676, 677, 678, 679, 680, 681, 682, 683, 684, 685, 686, 687, 688, 689, 690, 691, 692, 693, 694, 695, 696, 697, 698, 699, 700, 701, 702, 703, 704, 705, 706, 707, 708, 709, 710, 711, 712, 713, 714, 715, 716, 717, 718, 719, 720, 721, 722, 723, 724, 725, 726, 727, 728, 729, 730, 731, 732, 733, 734, 735, 736, 737, 738, 739, 740, 741, 742, 743, 744, 745, 746, 747, 748, 749, 750, 751, 752, 753, 754, 755, 756, 757, 758, 759, 760, 761, 762, 763, 764, 765, 766, 767, 768, 769, 770, 771, 772, 773, 774, 775, 776, 777, 778, 779, 780, 781, 782, 783, 784, 785, 786, 787, 788, 789, 790, 791, 792, 793, 803, 844]",True,"[117, 588]","[103, 104, 105, 106, 107, 108, 109, 110, 111, 112, 113, 114, 115, 116, 117, 118, 119, 120, 121, 122, 123, 124, 125, 126, 127, 128, 129, 130, 131, 132, 133, 134, 135, 136, 137, 138, 139, 140, 141, 142, 143, 144, 145, 146, 147, 148, 149, 150, 151, 152, 153, 154, 155, 156, 157, 158, 159, 160, 161, 162, 163, 164, 165, 166, 167, 168, 169, 170, 171, 172, 173, 174, 175, 176, 177, 178, 179, 180, 181, 182, 183, 184, 185, 186, 187, 188, 189, 190, 191, 192, 193, 194, 195, 196, 197, 198, 199, 200, 201, 202, 203, 204, 205, 206, 207, 208, 209, 210, 211, 212, 213, 214, 215, 216, 217, 218, 219, 220, 221, 222, 223, 224, 225, 226, 227, 228, 229, 230, 231, 232, 233, 234, 235, 236, 237, 238, 239, 240, 241, 242, 243, 244, 245, 246, 247, 248, 249, 250, 251, 252, 253, 254, 255, 256, 257, 258, 259, 260, 261, 262, 263, 264, 265, 266, 267, 268, 269, 270, 271, 272, 273, 274, 275, 276, 277, 278, 279, 280, 281, 282, 283, 284, 285, 286, 287, 288, 289, 290, 291, 292, 293, 294, 295, 296, 297, 298, 299, 300, 301, 302, 303, 304, 305, 306, 307, 308, 309, 310, 311, 312, 313, 314, 315, 316, 317, 318, 319, 320, 321, 322, 323, 324, 325, 326, 327, 328, 329, 330, 331, 332, 333, 334, 335, 336, 337, 574, 575, 576, 577, 578, 579, 580, 581, 582, 583, 584, 585, 586, 587, 588, 589, 590, 591, 592, 593, 594, 595, 596, 597, 598, 599, 600, 601, 602, 603, 604, 605, 606, 607, 608, 609, 610, 611, 612, 613, 614, 615, 616, 617, 618, 619, 620, 621, 622, 623, 624, 625, 626, 627, 628, 629, 630, 631, 632, 633, 634, 635, 636, 637, 638, 639, 640, 641, 642, 643, 644, 645, 646, 647, 648, 649, 650, 651, 652, 653, 654, 655, 656, 657, 658, 659, 660, 661, 662, 663, 664, 665, 666, 667, 668, 669, 670, 671, 672, 673, 674, 675, 676, 677, 678, 679, 680, 681, 682, 683, 684, 685, 686, 687, 688, 689, 690, 691, 692, 693, 694, 695, 696, 697, 698, 699, 700, 701, 702, 703, 704, 705, 706, 707, 708, 709, 710, 711, 712, 713, 714, 715, 716, 717, 718, 719, 720, 721, 722, 723, 724, 725, 726, 727, 728, 729, 730, 731, 732, 733, 734, 735, 736, 737, 738, 739, 740, 741, 742, 743, 744, 745, 746, 747, 748, 749, 750, 751, 752, 753, 754, 755, 756, 757, 758, 759, 760, 761, 762, 763, 764, 765, 766, 767, 768, 769, 770, 771, 772, 773, 774, 775, 776, 777, 778, 779, 780, 781, 782, 783, 784, 785, 786, 787, 788, 789, 790, 791, 792, 793]","[117, 588]",[],"[103, 104, 106, 117, 118, 120, 127, 128, 129, 131, 133, 135, 136, 137, 139, 146, 147, 148, 149, 151, 158, 160, 162, 166, 173, 178, 179, 185, 190, 192, 198, 201, 203, 204, 206, 207, 212, 213, 214, 219, 223, 224, 225, 227, 230, 235, 237, 246, 247, 256, 259, 262, 263, 266, 268, 269, 271, 272, 278, 279, 284, 285, 288, 290, 292, 304, 312, 316, 319, 320, 323, 324, 332, 574, 575, 588, 591, 607, 608, 610, 618, 619, 620, 622, 632, 644, 649, 650, 656, 661, 663, 669, 674, 677, 683, 684, 687, 688, 689, 701, 710, 723, 730, 731, 738, 747, 751, 762, 774, 778, 789]","[84, 87, 89, 114, 115, 117, 124, 132, 135, 144, 152, 178, 239, 268, 281, 297, 318, 320, 327, 348, 394, 555, 558, 560, 585, 586, 588, 595, 603, 606, 615, 623, 649, 703, 727, 740, 756, 776, 778, 785, 803, 844]",[],7/6 successful match,True,"[123, 124]",True,317,False,,,,,
"Acton , 93510 Acton 76 Svc Rd )",661-269-0760 CA 14 & Crown,FIRS <U+2610>,Acton,93510,Acton 76 Svc Rd ),661-269-0760,2007,Acton,CA,,,CA 14 & Crown,empty,,False,,False,CA 14,Crown,,,,"[588, 117]","[117, 588]","[117, 588]",[],"[103, 104, 105, 106, 107, 108, 109, 110, 111, 112, 113, 114, 115, 116, 117, 118, 119, 120, 121, 122, 123, 124, 125, 126, 127, 128, 129, 130, 131, 132, 133, 134, 135, 136, 137, 138, 139, 140, 141, 142, 143, 144, 145, 146, 147, 148, 149, 150, 151, 152, 153, 154, 155, 156, 157, 158, 159, 160, 161, 162, 163, 164, 165, 166, 167, 168, 169, 170, 171, 172, 173, 174, 175, 176, 177, 178, 179, 180, 181, 182, 183, 184, 185, 186, 187, 188, 189, 190, 191, 192, 193, 194, 195, 196, 197, 198, 199, 200, 201, 202, 203, 204, 205, 206, 207, 208, 209, 210, 211, 212, 213, 214, 215, 216, 217, 218, 219, 220, 221, 222, 223, 224, 225, 226, 227, 228, 229, 230, 231, 232, 233, 234, 235, 236, 237, 238, 239, 240, 241, 242, 243, 244, 245, 246, 247, 248, 249, 250, 251, 252, 253, 254, 255, 256, 257, 258, 259, 260, 261, 262, 263, 264, 265, 266, 267, 268, 269, 270, 271, 272, 273, 274, 275, 276, 277, 278, 279, 280, 281, 282, 283, 284, 285, 286, 287, 288, 289, 290, 291, 292, 293, 294, 295, 296, 297, 298, 299, 300, 301, 302, 303, 304, 305, 306, 307, 308, 309, 310, 311, 312, 313, 314, 315, 316, 317, 318, 319, 320, 321, 322, 323, 324, 325, 326, 327, 328, 329, 330, 331, 332, 333, 334, 335, 336, 337, 574, 575, 576, 577, 578, 579, 580, 581, 582, 583, 584, 585, 586, 587, 588, 589, 590, 591, 592, 593, 594, 595, 596, 597, 598, 599, 600, 601, 602, 603, 604, 605, 606, 607, 608, 609, 610, 611, 612, 613, 614, 615, 616, 617, 618, 619, 620, 621, 622, 623, 624, 625, 626, 627, 628, 629, 630, 631, 632, 633, 634, 635, 636, 637, 638, 639, 640, 641, 642, 643, 644, 645, 646, 647, 648, 649, 650, 651, 652, 653, 654, 655, 656, 657, 658, 659, 660, 661, 662, 663, 664, 665, 666, 667, 668, 669, 670, 671, 672, 673, 674, 675, 676, 677, 678, 679, 680, 681, 682, 683, 684, 685, 686, 687, 688, 689, 690, 691, 692, 693, 694, 695, 696, 697, 698, 699, 700, 701, 702, 703, 704, 705, 706, 707, 708, 709, 710, 711, 712, 713, 714, 715, 716, 717, 718, 719, 720, 721, 722, 723, 724, 725, 726, 727, 728, 729, 730, 731, 732, 733, 734, 735, 736, 737, 738, 739, 740, 741, 742, 743, 744, 745, 746, 747, 748, 749, 750, 751, 752, 753, 754, 755, 756, 757, 758, 759, 760, 761, 762, 763, 764, 765, 766, 767, 768, 769, 770, 771, 772, 773, 774, 775, 776, 777, 778, 779, 780, 781, 782, 783, 784, 785, 786, 787, 788, 789, 790, 791, 792, 793]","[103, 104, 106, 117, 118, 120, 127, 128, 129, 131, 133, 135, 136, 137, 139, 146, 147, 148, 149, 151, 158, 160, 162, 166, 173, 178, 179, 185, 190, 192, 198, 201, 203, 204, 206, 207, 212, 213, 214, 219, 223, 224, 225, 227, 230, 235, 237, 246, 247, 256, 259, 262, 263, 266, 268, 269, 271, 272, 278, 279, 284, 285, 288, 290, 292, 304, 312, 316, 319, 320, 323, 324, 332, 574, 575, 588, 591, 607, 608, 610, 618, 619, 620, 622, 632, 644, 649, 650, 656, 661, 663, 669, 674, 677, 683, 684, 687, 688, 689, 701, 710, 723, 730, 731, 738, 747, 751, 762, 774, 778, 789]",[],"[84, 87, 89, 114, 115, 117, 124, 132, 135, 144, 152, 178, 239, 268, 281, 297, 318, 320, 327, 348, 394, 555, 558, 560, 585, 586, 588, 595, 603, 606, 615, 623, 649, 703, 727, 740, 756, 776, 778, 785, 803, 844]","[84, 87, 89, 103, 104, 105, 106, 107, 108, 109, 110, 111, 112, 113, 114, 115, 116, 117, 118, 119, 120, 121, 122, 123, 124, 125, 126, 127, 128, 129, 130, 131, 132, 133, 134, 135, 136, 137, 138, 139, 140, 141, 142, 143, 144, 145, 146, 147, 148, 149, 150, 151, 152, 153, 154, 155, 156, 157, 158, 159, 160, 161, 162, 163, 164, 165, 166, 167, 168, 169, 170, 171, 172, 173, 174, 175, 176, 177, 178, 179, 180, 181, 182, 183, 184, 185, 186, 187, 188, 189, 190, 191, 192, 193, 194, 195, 196, 197, 198, 199, 200, 201, 202, 203, 204, 205, 206, 207, 208, 209, 210, 211, 212, 213, 214, 215, 216, 217, 218, 219, 220, 221, 222, 223, 224, 225, 226, 227, 228, 229, 230, 231, 232, 233, 234, 235, 236, 237, 238, 239, 240, 241, 242, 243, 244, 245, 246, 247, 248, 249, 250, 251, 252, 253, 254, 255, 256, 257, 258, 259, 260, 261, 262, 263, 264, 265, 266, 267, 268, 269, 270, 271, 272, 273, 274, 275, 276, 277, 278, 279, 280, 281, 282, 283, 284, 285, 286, 287, 288, 289, 290, 291, 292, 293, 294, 295, 296, 297, 298, 299, 300, 301, 302, 303, 304, 305, 306, 307, 308, 309, 310, 311, 312, 313, 314, 315, 316, 317, 318, 319, 320, 321, 322, 323, 324, 325, 326, 327, 328, 329, 330, 331, 332, 333, 334, 335, 336, 337, 348, 394, 555, 558, 560, 574, 575, 576, 577, 578, 579, 580, 581, 582, 583, 584, 585, 586, 587, 588, 589, 590, 591, 592, 593, 594, 595, 596, 597, 598, 599, 600, 601, 602, 603, 604, 605, 606, 607, 608, 609, 610, 611, 612, 613, 614, 615, 616, 617, 618, 619, 620, 621, 622, 623, 624, 625, 626, 627, 628, 629, 630, 631, 632, 633, 634, 635, 636, 637, 638, 639, 640, 641, 642, 643, 644, 645, 646, 647, 648, 649, 650, 651, 652, 653, 654, 655, 656, 657, 658, 659, 660, 661, 662, 663, 664, 665, 666, 667, 668, 669, 670, 671, 672, 673, 674, 675, 676, 677, 678, 679, 680, 681, 682, 683, 684, 685, 686, 687, 688, 689, 690, 691, 692, 693, 694, 695, 696, 697, 698, 699, 700, 701, 702, 703, 704, 705, 706, 707, 708, 709, 710, 711, 712, 713, 714, 715, 716, 717, 718, 719, 720, 721, 722, 723, 724, 725, 726, 727, 728, 729, 730, 731, 732, 733, 734, 735, 736, 737, 738, 739, 740, 741, 742, 743, 744, 745, 746, 747, 748, 749, 750, 751, 752, 753, 754, 755, 756, 757, 758, 759, 760, 761, 762, 763, 764, 765, 766, 767, 768, 769, 770, 771, 772, 773, 774, 775, 776, 777, 778, 779, 780, 781, 782, 783, 784, 785, 786, 787, 788, 789, 790, 791, 792, 793, 803, 844]",True,"[117, 588]","[103, 104, 105, 106, 107, 108, 109, 110, 111, 112, 113, 114, 115, 116, 117, 118, 119, 120, 121, 122, 123, 124, 125, 126, 127, 128, 129, 130, 131, 132, 133, 134, 135, 136, 137, 138, 139, 140, 141, 142, 143, 144, 145, 146, 147, 148, 149, 150, 151, 152, 153, 154, 155, 156, 157, 158, 159, 160, 161, 162, 163, 164, 165, 166, 167, 168, 169, 170, 171, 172, 173, 174, 175, 176, 177, 178, 179, 180, 181, 182, 183, 184, 185, 186, 187, 188, 189, 190, 191, 192, 193, 194, 195, 196, 197, 198, 199, 200, 201, 202, 203, 204, 205, 206, 207, 208, 209, 210, 211, 212, 213, 214, 215, 216, 217, 218, 219, 220, 221, 222, 223, 224, 225, 226, 227, 228, 229, 230, 231, 232, 233, 234, 235, 236, 237, 238, 239, 240, 241, 242, 243, 244, 245, 246, 247, 248, 249, 250, 251, 252, 253, 254, 255, 256, 257, 258, 259, 260, 261, 262, 263, 264, 265, 266, 267, 268, 269, 270, 271, 272, 273, 274, 275, 276, 277, 278, 279, 280, 281, 282, 283, 284, 285, 286, 287, 288, 289, 290, 291, 292, 293, 294, 295, 296, 297, 298, 299, 300, 301, 302, 303, 304, 305, 306, 307, 308, 309, 310, 311, 312, 313, 314, 315, 316, 317, 318, 319, 320, 321, 322, 323, 324, 325, 326, 327, 328, 329, 330, 331, 332, 333, 334, 335, 336, 337, 574, 575, 576, 577, 578, 579, 580, 581, 582, 583, 584, 585, 586, 587, 588, 589, 590, 591, 592, 593, 594, 595, 596, 597, 598, 599, 600, 601, 602, 603, 604, 605, 606, 607, 608, 609, 610, 611, 612, 613, 614, 615, 616, 617, 618, 619, 620, 621, 622, 623, 624, 625, 626, 627, 628, 629, 630, 631, 632, 633, 634, 635, 636, 637, 638, 639, 640, 641, 642, 643, 644, 645, 646, 647, 648, 649, 650, 651, 652, 653, 654, 655, 656, 657, 658, 659, 660, 661, 662, 663, 664, 665, 666, 667, 668, 669, 670, 671, 672, 673, 674, 675, 676, 677, 678, 679, 680, 681, 682, 683, 684, 685, 686, 687, 688, 689, 690, 691, 692, 693, 694, 695, 696, 697, 698, 699, 700, 701, 702, 703, 704, 705, 706, 707, 708, 709, 710, 711, 712, 713, 714, 715, 716, 717, 718, 719, 720, 721, 722, 723, 724, 725, 726, 727, 728, 729, 730, 731, 732, 733, 734, 735, 736, 737, 738, 739, 740, 741, 742, 743, 744, 745, 746, 747, 748, 749, 750, 751, 752, 753, 754, 755, 756, 757, 758, 759, 760, 761, 762, 763, 764, 765, 766, 767, 768, 769, 770, 771, 772, 773, 774, 775, 776, 777, 778, 779, 780, 781, 782, 783, 784, 785, 786, 787, 788, 789, 790, 791, 792, 793]","[117, 588]",[],"[103, 104, 106, 117, 118, 120, 127, 128, 129, 131, 133, 135, 136, 137, 139, 146, 147, 148, 149, 151, 158, 160, 162, 166, 173, 178, 179, 185, 190, 192, 198, 201, 203, 204, 206, 207, 212, 213, 214, 219, 223, 224, 225, 227, 230, 235, 237, 246, 247, 256, 259, 262, 263, 266, 268, 269, 271, 272, 278, 279, 284, 285, 288, 290, 292, 304, 312, 316, 319, 320, 323, 324, 332, 574, 575, 588, 591, 607, 608, 610, 618, 619, 620, 622, 632, 644, 649, 650, 656, 661, 663, 669, 674, 677, 683, 684, 687, 688, 689, 701, 710, 723, 730, 731, 738, 747, 751, 762, 774, 778, 789]","[84, 87, 89, 114, 115, 117, 124, 132, 135, 144, 152, 178, 239, 268, 281, 297, 318, 320, 327, 348, 394, 555, 558, 560, 585, 586, 588, 595, 603, 606, 615, 623, 649, 703, 727, 740, 756, 776, 778, 785, 803, 844]",[],7/6 successful match,True,"[123, 124]",True,317,False,,0.9586666666666667,True,Acton 76,
"Acton , 93510 Acton 76",661-269-0760 CA 14 & Crown Valley Rd N,24 HORS <U+2610><U+2610> O,Acton,93510,Acton 76,661-269-0760,2008,Acton,CA,,,CA 14 & Crown Valley Rd N,empty,,False,,False,CA 14,Rd N,,,,"[588, 117]","[117, 588]","[117, 588]",[],"[103, 104, 105, 106, 107, 108, 109, 110, 111, 112, 113, 114, 115, 116, 117, 118, 119, 120, 121, 122, 123, 124, 125, 126, 127, 128, 129, 130, 131, 132, 133, 134, 135, 136, 137, 138, 139, 140, 141, 142, 143, 144, 145, 146, 147, 148, 149, 150, 151, 152, 153, 154, 155, 156, 157, 158, 159, 160, 161, 162, 163, 164, 165, 166, 167, 168, 169, 170, 171, 172, 173, 174, 175, 176, 177, 178, 179, 180, 181, 182, 183, 184, 185, 186, 187, 188, 189, 190, 191, 192, 193, 194, 195, 196, 197, 198, 199, 200, 201, 202, 203, 204, 205, 206, 207, 208, 209, 210, 211, 212, 213, 214, 215, 216, 217, 218, 219, 220, 221, 222, 223, 224, 225, 226, 227, 228, 229, 230, 231, 232, 233, 234, 235, 236, 237, 238, 239, 240, 241, 242, 243, 244, 245, 246, 247, 248, 249, 250, 251, 252, 253, 254, 255, 256, 257, 258, 259, 260, 261, 262, 263, 264, 265, 266, 267, 268, 269, 270, 271, 272, 273, 274, 275, 276, 277, 278, 279, 280, 281, 282, 283, 284, 285, 286, 287, 288, 289, 290, 291, 292, 293, 294, 295, 296, 297, 298, 299, 300, 301, 302, 303, 304, 305, 306, 307, 308, 309, 310, 311, 312, 313, 314, 315, 316, 317, 318, 319, 320, 321, 322, 323, 324, 325, 326, 327, 328, 329, 330, 331, 332, 333, 334, 335, 336, 337, 574, 575, 576, 577, 578, 579, 580, 581, 582, 583, 584, 585, 586, 587, 588, 589, 590, 591, 592, 593, 594, 595, 596, 597, 598, 599, 600, 601, 602, 603, 604, 605, 606, 607, 608, 609, 610, 611, 612, 613, 614, 615, 616, 617, 618, 619, 620, 621, 622, 623, 624, 625, 626, 627, 628, 629, 630, 631, 632, 633, 634, 635, 636, 637, 638, 639, 640, 641, 642, 643, 644, 645, 646, 647, 648, 649, 650, 651, 652, 653, 654, 655, 656, 657, 658, 659, 660, 661, 662, 663, 664, 665, 666, 667, 668, 669, 670, 671, 672, 673, 674, 675, 676, 677, 678, 679, 680, 681, 682, 683, 684, 685, 686, 687, 688, 689, 690, 691, 692, 693, 694, 695, 696, 697, 698, 699, 700, 701, 702, 703, 704, 705, 706, 707, 708, 709, 710, 711, 712, 713, 714, 715, 716, 717, 718, 719, 720, 721, 722, 723, 724, 725, 726, 727, 728, 729, 730, 731, 732, 733, 734, 735, 736, 737, 738, 739, 740, 741, 742, 743, 744, 745, 746, 747, 748, 749, 750, 751, 752, 753, 754, 755, 756, 757, 758, 759, 760, 761, 762, 763, 764, 765, 766, 767, 768, 769, 770, 771, 772, 773, 774, 775, 776, 777, 778, 779, 780, 781, 782, 783, 784, 785, 786, 787, 788, 789, 790, 791, 792, 793]","[103, 104, 106, 117, 118, 120, 127, 128, 129, 131, 133, 135, 136, 137, 139, 146, 147, 148, 149, 151, 158, 160, 162, 166, 173, 178, 179, 185, 190, 192, 198, 201, 203, 204, 206, 207, 212, 213, 214, 219, 223, 224, 225, 227, 230, 235, 237, 246, 247, 256, 259, 262, 263, 266, 268, 269, 271, 272, 278, 279, 284, 285, 288, 290, 292, 304, 312, 316, 319, 320, 323, 324, 332, 574, 575, 588, 591, 607, 608, 610, 618, 619, 620, 622, 632, 644, 649, 650, 656, 661, 663, 669, 674, 677, 683, 684, 687, 688, 689, 701, 710, 723, 730, 731, 738, 747, 751, 762, 774, 778, 789]",[],"[84, 87, 89, 114, 115, 117, 124, 132, 135, 144, 152, 178, 239, 268, 281, 297, 318, 320, 327, 348, 394, 555, 558, 560, 585, 586, 588, 595, 603, 606, 615, 623, 649, 703, 727, 740, 756, 776, 778, 785, 803, 844]","[84, 87, 89, 103, 104, 105, 106, 107, 108, 109, 110, 111, 112, 113, 114, 115, 116, 117, 118, 119, 120, 121, 122, 123, 124, 125, 126, 127, 128, 129, 130, 131, 132, 133, 134, 135, 136, 137, 138, 139, 140, 141, 142, 143, 144, 145, 146, 147, 148, 149, 150, 151, 152, 153, 154, 155, 156, 157, 158, 159, 160, 161, 162, 163, 164, 165, 166, 167, 168, 169, 170, 171, 172, 173, 174, 175, 176, 177, 178, 179, 180, 181, 182, 183, 184, 185, 186, 187, 188, 189, 190, 191, 192, 193, 194, 195, 196, 197, 198, 199, 200, 201, 202, 203, 204, 205, 206, 207, 208, 209, 210, 211, 212, 213, 214, 215, 216, 217, 218, 219, 220, 221, 222, 223, 224, 225, 226, 227, 228, 229, 230, 231, 232, 233, 234, 235, 236, 237, 238, 239, 240, 241, 242, 243, 244, 245, 246, 247, 248, 249, 250, 251, 252, 253, 254, 255, 256, 257, 258, 259, 260, 261, 262, 263, 264, 265, 266, 267, 268, 269, 270, 271, 272, 273, 274, 275, 276, 277, 278, 279, 280, 281, 282, 283, 284, 285, 286, 287, 288, 289, 290, 291, 292, 293, 294, 295, 296, 297, 298, 299, 300, 301, 302, 303, 304, 305, 306, 307, 308, 309, 310, 311, 312, 313, 314, 315, 316, 317, 318, 319, 320, 321, 322, 323, 324, 325, 326, 327, 328, 329, 330, 331, 332, 333, 334, 335, 336, 337, 348, 394, 555, 558, 560, 574, 575, 576, 577, 578, 579, 580, 581, 582, 583, 584, 585, 586, 587, 588, 589, 590, 591, 592, 593, 594, 595, 596, 597, 598, 599, 600, 601, 602, 603, 604, 605, 606, 607, 608, 609, 610, 611, 612, 613, 614, 615, 616, 617, 618, 619, 620, 621, 622, 623, 624, 625, 626, 627, 628, 629, 630, 631, 632, 633, 634, 635, 636, 637, 638, 639, 640, 641, 642, 643, 644, 645, 646, 647, 648, 649, 650, 651, 652, 653, 654, 655, 656, 657, 658, 659, 660, 661, 662, 663, 664, 665, 666, 667, 668, 669, 670, 671, 672, 673, 674, 675, 676, 677, 678, 679, 680, 681, 682, 683, 684, 685, 686, 687, 688, 689, 690, 691, 692, 693, 694, 695, 696, 697, 698, 699, 700, 701, 702, 703, 704, 705, 706, 707, 708, 709, 710, 711, 712, 713, 714, 715, 716, 717, 718, 719, 720, 721, 722, 723, 724, 725, 726, 727, 728, 729, 730, 731, 732, 733, 734, 735, 736, 737, 738, 739, 740, 741, 742, 743, 744, 745, 746, 747, 748, 749, 750, 751, 752, 753, 754, 755, 756, 757, 758, 759, 760, 761, 762, 763, 764, 765, 766, 767, 768, 769, 770, 771, 772, 773, 774, 775, 776, 777, 778, 779, 780, 781, 782, 783, 784, 785, 786, 787, 788, 789, 790, 791, 792, 793, 803, 844]",True,"[117, 588]","[103, 104, 105, 106, 107, 108, 109, 110, 111, 112, 113, 114, 115, 116, 117, 118, 119, 120, 121, 122, 123, 124, 125, 126, 127, 128, 129, 130, 131, 132, 133, 134, 135, 136, 137, 138, 139, 140, 141, 142, 143, 144, 145, 146, 147, 148, 149, 150, 151, 152, 153, 154, 155, 156, 157, 158, 159, 160, 161, 162, 163, 164, 165, 166, 167, 168, 169, 170, 171, 172, 173, 174, 175, 176, 177, 178, 179, 180, 181, 182, 183, 184, 185, 186, 187, 188, 189, 190, 191, 192, 193, 194, 195, 196, 197, 198, 199, 200, 201, 202, 203, 204, 205, 206, 207, 208, 209, 210, 211, 212, 213, 214, 215, 216, 217, 218, 219, 220, 221, 222, 223, 224, 225, 226, 227, 228, 229, 230, 231, 232, 233, 234, 235, 236, 237, 238, 239, 240, 241, 242, 243, 244, 245, 246, 247, 248, 249, 250, 251, 252, 253, 254, 255, 256, 257, 258, 259, 260, 261, 262, 263, 264, 265, 266, 267, 268, 269, 270, 271, 272, 273, 274, 275, 276, 277, 278, 279, 280, 281, 282, 283, 284, 285, 286, 287, 288, 289, 290, 291, 292, 293, 294, 295, 296, 297, 298, 299, 300, 301, 302, 303, 304, 305, 306, 307, 308, 309, 310, 311, 312, 313, 314, 315, 316, 317, 318, 319, 320, 321, 322, 323, 324, 325, 326, 327, 328, 329, 330, 331, 332, 333, 334, 335, 336, 337, 574, 575, 576, 577, 578, 579, 580, 581, 582, 583, 584, 585, 586, 587, 588, 589, 590, 591, 592, 593, 594, 595, 596, 597, 598, 599, 600, 601, 602, 603, 604, 605, 606, 607, 608, 609, 610, 611, 612, 613, 614, 615, 616, 617, 618, 619, 620, 621, 622, 623, 624, 625, 626, 627, 628, 629, 630, 631, 632, 633, 634, 635, 636, 637, 638, 639, 640, 641, 642, 643, 644, 645, 646, 647, 648, 649, 650, 651, 652, 653, 654, 655, 656, 657, 658, 659, 660, 661, 662, 663, 664, 665, 666, 667, 668, 669, 670, 671, 672, 673, 674, 675, 676, 677, 678, 679, 680, 681, 682, 683, 684, 685, 686, 687, 688, 689, 690, 691, 692, 693, 694, 695, 696, 697, 698, 699, 700, 701, 702, 703, 704, 705, 706, 707, 708, 709, 710, 711, 712, 713, 714, 715, 716, 717, 718, 719, 720, 721, 722, 723, 724, 725, 726, 727, 728, 729, 730, 731, 732, 733, 734, 735, 736, 737, 738, 739, 740, 741, 742, 743, 744, 745, 746, 747, 748, 749, 750, 751, 752, 753, 754, 755, 756, 757, 758, 759, 760, 761, 762, 763, 764, 765, 766, 767, 768, 769, 770, 771, 772, 773, 774, 775, 776, 777, 778, 779, 780, 781, 782, 783, 784, 785, 786, 787, 788, 789, 790, 791, 792, 793]","[117, 588]",[],"[103, 104, 106, 117, 118, 120, 127, 128, 129, 131, 133, 135, 136, 137, 139, 146, 147, 148, 149, 151, 158, 160, 162, 166, 173, 178, 179, 185, 190, 192, 198, 201, 203, 204, 206, 207, 212, 213, 214, 219, 223, 224, 225, 227, 230, 235, 237, 246, 247, 256, 259, 262, 263, 266, 268, 269, 271, 272, 278, 279, 284, 285, 288, 290, 292, 304, 312, 316, 319, 320, 323, 324, 332, 574, 575, 588, 591, 607, 608, 610, 618, 619, 620, 622, 632, 644, 649, 650, 656, 661, 663, 669, 674, 677, 683, 684, 687, 688, 689, 701, 710, 723, 730, 731, 738, 747, 751, 762, 774, 778, 789]","[84, 87, 89, 114, 115, 117, 124, 132, 135, 144, 152, 178, 239, 268, 281, 297, 318, 320, 327, 348, 394, 555, 558, 560, 585, 586, 588, 595, 603, 606, 615, 623, 649, 703, 727, 740, 756, 776, 778, 785, 803, 844]",[],7/6 successful match,True,"[123, 124]",True,317,False,,0.9586666666666667,True,Acton 76 Svc Rd ),
Acton ( 93510 ) Acton 76,4 661-269-0760 CA 14 & Crown Valley Rd N,24 <U+2610>,Acton,93510,Acton 76,661-269-0760,2014,Acton,CA,,,CA 14 & Crown Valley Rd N,empty,,False,,False,CA 14,Rd N,,,,"[588, 117]","[117, 588]","[117, 588]",[],"[103, 104, 105, 106, 107, 108, 109, 110, 111, 112, 113, 114, 115, 116, 117, 118, 119, 120, 121, 122, 123, 124, 125, 126, 127, 128, 129, 130, 131, 132, 133, 134, 135, 136, 137, 138, 139, 140, 141, 142, 143, 144, 145, 146, 147, 148, 149, 150, 151, 152, 153, 154, 155, 156, 157, 158, 159, 160, 161, 162, 163, 164, 165, 166, 167, 168, 169, 170, 171, 172, 173, 174, 175, 176, 177, 178, 179, 180, 181, 182, 183, 184, 185, 186, 187, 188, 189, 190, 191, 192, 193, 194, 195, 196, 197, 198, 199, 200, 201, 202, 203, 204, 205, 206, 207, 208, 209, 210, 211, 212, 213, 214, 215, 216, 217, 218, 219, 220, 221, 222, 223, 224, 225, 226, 227, 228, 229, 230, 231, 232, 233, 234, 235, 236, 237, 238, 239, 240, 241, 242, 243, 244, 245, 246, 247, 248, 249, 250, 251, 252, 253, 254, 255, 256, 257, 258, 259, 260, 261, 262, 263, 264, 265, 266, 267, 268, 269, 270, 271, 272, 273, 274, 275, 276, 277, 278, 279, 280, 281, 282, 283, 284, 285, 286, 287, 288, 289, 290, 291, 292, 293, 294, 295, 296, 297, 298, 299, 300, 301, 302, 303, 304, 305, 306, 307, 308, 309, 310, 311, 312, 313, 314, 315, 316, 317, 318, 319, 320, 321, 322, 323, 324, 325, 326, 327, 328, 329, 330, 331, 332, 333, 334, 335, 336, 337, 574, 575, 576, 577, 578, 579, 580, 581, 582, 583, 584, 585, 586, 587, 588, 589, 590, 591, 592, 593, 594, 595, 596, 597, 598, 599, 600, 601, 602, 603, 604, 605, 606, 607, 608, 609, 610, 611, 612, 613, 614, 615, 616, 617, 618, 619, 620, 621, 622, 623, 624, 625, 626, 627, 628, 629, 630, 631, 632, 633, 634, 635, 636, 637, 638, 639, 640, 641, 642, 643, 644, 645, 646, 647, 648, 649, 650, 651, 652, 653, 654, 655, 656, 657, 658, 659, 660, 661, 662, 663, 664, 665, 666, 667, 668, 669, 670, 671, 672, 673, 674, 675, 676, 677, 678, 679, 680, 681, 682, 683, 684, 685, 686, 687, 688, 689, 690, 691, 692, 693, 694, 695, 696, 697, 698, 699, 700, 701, 702, 703, 704, 705, 706, 707, 708, 709, 710, 711, 712, 713, 714, 715, 716, 717, 718, 719, 720, 721, 722, 723, 724, 725, 726, 727, 728, 729, 730, 731, 732, 733, 734, 735, 736, 737, 738, 739, 740, 741, 742, 743, 744, 745, 746, 747, 748, 749, 750, 751, 752, 753, 754, 755, 756, 757, 758, 759, 760, 761, 762, 763, 764, 765, 766, 767, 768, 769, 770, 771, 772, 773, 774, 775, 776, 777, 778, 779, 780, 781, 782, 783, 784, 785, 786, 787, 788, 789, 790, 791, 792, 793]","[103, 104, 106, 117, 118, 120, 127, 128, 129, 131, 133, 135, 136, 137, 139, 146, 147, 148, 149, 151, 158, 160, 162, 166, 173, 178, 179, 185, 190, 192, 198, 201, 203, 204, 206, 207, 212, 213, 214, 219, 223, 224, 225, 227, 230, 235, 237, 246, 247, 256, 259, 262, 263, 266, 268, 269, 271, 272, 278, 279, 284, 285, 288, 290, 292, 304, 312, 316, 319, 320, 323, 324, 332, 574, 575, 588, 591, 607, 608, 610, 618, 619, 620, 622, 632, 644, 649, 650, 656, 661, 663, 669, 674, 677, 683, 684, 687, 688, 689, 701, 710, 723, 730, 731, 738, 747, 751, 762, 774, 778, 789]",[],"[84, 87, 89, 114, 115, 117, 124, 132, 135, 144, 152, 178, 239, 268, 281, 297, 318, 320, 327, 348, 394, 555, 558, 560, 585, 586, 588, 595, 603, 606, 615, 623, 649, 703, 727, 740, 756, 776, 778, 785, 803, 844]","[84, 87, 89, 103, 104, 105, 106, 107, 108, 109, 110, 111, 112, 113, 114, 115, 116, 117, 118, 119, 120, 121, 122, 123, 124, 125, 126, 127, 128, 129, 130, 131, 132, 133, 134, 135, 136, 137, 138, 139, 140, 141, 142, 143, 144, 145, 146, 147, 148, 149, 150, 151, 152, 153, 154, 155, 156, 157, 158, 159, 160, 161, 162, 163, 164, 165, 166, 167, 168, 169, 170, 171, 172, 173, 174, 175, 176, 177, 178, 179, 180, 181, 182, 183, 184, 185, 186, 187, 188, 189, 190, 191, 192, 193, 194, 195, 196, 197, 198, 199, 200, 201, 202, 203, 204, 205, 206, 207, 208, 209, 210, 211, 212, 213, 214, 215, 216, 217, 218, 219, 220, 221, 222, 223, 224, 225, 226, 227, 228, 229, 230, 231, 232, 233, 234, 235, 236, 237, 238, 239, 240, 241, 242, 243, 244, 245, 246, 247, 248, 249, 250, 251, 252, 253, 254, 255, 256, 257, 258, 259, 260, 261, 262, 263, 264, 265, 266, 267, 268, 269, 270, 271, 272, 273, 274, 275, 276, 277, 278, 279, 280, 281, 282, 283, 284, 285, 286, 287, 288, 289, 290, 291, 292, 293, 294, 295, 296, 297, 298, 299, 300, 301, 302, 303, 304, 305, 306, 307, 308, 309, 310, 311, 312, 313, 314, 315, 316, 317, 318, 319, 320, 321, 322, 323, 324, 325, 326, 327, 328, 329, 330, 331, 332, 333, 334, 335, 336, 337, 348, 394, 555, 558, 560, 574, 575, 576, 577, 578, 579, 580, 581, 582, 583, 584, 585, 586, 587, 588, 589, 590, 591, 592, 593, 594, 595, 596, 597, 598, 599, 600, 601, 602, 603, 604, 605, 606, 607, 608, 609, 610, 611, 612, 613, 614, 615, 616, 617, 618, 619, 620, 621, 622, 623, 624, 625, 626, 627, 628, 629, 630, 631, 632, 633, 634, 635, 636, 637, 638, 639, 640, 641, 642, 643, 644, 645, 646, 647, 648, 649, 650, 651, 652, 653, 654, 655, 656, 657, 658, 659, 660, 661, 662, 663, 664, 665, 666, 667, 668, 669, 670, 671, 672, 673, 674, 675, 676, 677, 678, 679, 680, 681, 682, 683, 684, 685, 686, 687, 688, 689, 690, 691, 692, 693, 694, 695, 696, 697, 698, 699, 700, 701, 702, 703, 704, 705, 706, 707, 708, 709, 710, 711, 712, 713, 714, 715, 716, 717, 718, 719, 720, 721, 722, 723, 724, 725, 726, 727, 728, 729, 730, 731, 732, 733, 734, 735, 736, 737, 738, 739, 740, 741, 742, 743, 744, 745, 746, 747, 748, 749, 750, 751, 752, 753, 754, 755, 756, 757, 758, 759, 760, 761, 762, 763, 764, 765, 766, 767, 768, 769, 770, 771, 772, 773, 774, 775, 776, 777, 778, 779, 780, 781, 782, 783, 784, 785, 786, 787, 788, 789, 790, 791, 792, 793, 803, 844]",True,"[117, 588]","[103, 104, 105, 106, 107, 108, 109, 110, 111, 112, 113, 114, 115, 116, 117, 118, 119, 120, 121, 122, 123, 124, 125, 126, 127, 128, 129, 130, 131, 132, 133, 134, 135, 136, 137, 138, 139, 140, 141, 142, 143, 144, 145, 146, 147, 148, 149, 150, 151, 152, 153, 154, 155, 156, 157, 158, 159, 160, 161, 162, 163, 164, 165, 166, 167, 168, 169, 170, 171, 172, 173, 174, 175, 176, 177, 178, 179, 180, 181, 182, 183, 184, 185, 186, 187, 188, 189, 190, 191, 192, 193, 194, 195, 196, 197, 198, 199, 200, 201, 202, 203, 204, 205, 206, 207, 208, 209, 210, 211, 212, 213, 214, 215, 216, 217, 218, 219, 220, 221, 222, 223, 224, 225, 226, 227, 228, 229, 230, 231, 232, 233, 234, 235, 236, 237, 238, 239, 240, 241, 242, 243, 244, 245, 246, 247, 248, 249, 250, 251, 252, 253, 254, 255, 256, 257, 258, 259, 260, 261, 262, 263, 264, 265, 266, 267, 268, 269, 270, 271, 272, 273, 274, 275, 276, 277, 278, 279, 280, 281, 282, 283, 284, 285, 286, 287, 288, 289, 290, 291, 292, 293, 294, 295, 296, 297, 298, 299, 300, 301, 302, 303, 304, 305, 306, 307, 308, 309, 310, 311, 312, 313, 314, 315, 316, 317, 318, 319, 320, 321, 322, 323, 324, 325, 326, 327, 328, 329, 330, 331, 332, 333, 334, 335, 336, 337, 574, 575, 576, 577, 578, 579, 580, 581, 582, 583, 584, 585, 586, 587, 588, 589, 590, 591, 592, 593, 594, 595, 596, 597, 598, 599, 600, 601, 602, 603, 604, 605, 606, 607, 608, 609, 610, 611, 612, 613, 614, 615, 616, 617, 618, 619, 620, 621, 622, 623, 624, 625, 626, 627, 628, 629, 630, 631, 632, 633, 634, 635, 636, 637, 638, 639, 640, 641, 642, 643, 644, 645, 646, 647, 648, 649, 650, 651, 652, 653, 654, 655, 656, 657, 658, 659, 660, 661, 662, 663, 664, 665, 666, 667, 668, 669, 670, 671, 672, 673, 674, 675, 676, 677, 678, 679, 680, 681, 682, 683, 684, 685, 686, 687, 688, 689, 690, 691, 692, 693, 694, 695, 696, 697, 698, 699, 700, 701, 702, 703, 704, 705, 706, 707, 708, 709, 710, 711, 712, 713, 714, 715, 716, 717, 718, 719, 720, 721, 722, 723, 724, 725, 726, 727, 728, 729, 730, 731, 732, 733, 734, 735, 736, 737, 738, 739, 740, 741, 742, 743, 744, 745, 746, 747, 748, 749, 750, 751, 752, 753, 754, 755, 756, 757, 758, 759, 760, 761, 762, 763, 764, 765, 766, 767, 768, 769, 770, 771, 772, 773, 774, 775, 776, 777, 778, 779, 780, 781, 782, 783, 784, 785, 786, 787, 788, 789, 790, 791, 792, 793]","[117, 588]",[],"[103, 104, 106, 117, 118, 120, 127, 128, 129, 131, 133, 135, 136, 137, 139, 146, 147, 148, 149, 151, 158, 160, 162, 166, 173, 178, 179, 185, 190, 192, 198, 201, 203, 204, 206, 207, 212, 213, 214, 219, 223, 224, 225, 227, 230, 235, 237, 246, 247, 256, 259, 262, 263, 266, 268, 269, 271, 272, 278, 279, 284, 285, 288, 290, 292, 304, 312, 316, 319, 320, 323, 324, 332, 574, 575, 588, 591, 607, 608, 610, 618, 619, 620, 622, 632, 644, 649, 650, 656, 661, 663, 669, 674, 677, 683, 684, 687, 688, 689, 701, 710, 723, 730, 731, 738, 747, 751, 762, 774, 778, 789]","[84, 87, 89, 114, 115, 117, 124, 132, 135, 144, 152, 178, 239, 268, 281, 297, 318, 320, 327, 348, 394, 555, 558, 560, 585, 586, 588, 595, 603, 606, 615, 623, 649, 703, 727, 740, 756, 776, 778, 785, 803, 844]",[],7/6 successful match,True,"[123, 124]",True,317,False,,1.0,True,Acton 76,
Acton ( 93510 ) Acton 76 24,4 661-269-0760 CA 14 & Crown Valley Rd N,24 <U+25A1> D D,Acton,93510,Acton 76 24,661-269-0760,2015,Acton,CA,,,CA 14 & Crown Valley Rd N,empty,,False,,False,CA 14,Rd N,,,,"[588, 117]","[117, 588]","[117, 588]",[],"[103, 104, 105, 106, 107, 108, 109, 110, 111, 112, 113, 114, 115, 116, 117, 118, 119, 120, 121, 122, 123, 124, 125, 126, 127, 128, 129, 130, 131, 132, 133, 134, 135, 136, 137, 138, 139, 140, 141, 142, 143, 144, 145, 146, 147, 148, 149, 150, 151, 152, 153, 154, 155, 156, 157, 158, 159, 160, 161, 162, 163, 164, 165, 166, 167, 168, 169, 170, 171, 172, 173, 174, 175, 176, 177, 178, 179, 180, 181, 182, 183, 184, 185, 186, 187, 188, 189, 190, 191, 192, 193, 194, 195, 196, 197, 198, 199, 200, 201, 202, 203, 204, 205, 206, 207, 208, 209, 210, 211, 212, 213, 214, 215, 216, 217, 218, 219, 220, 221, 222, 223, 224, 225, 226, 227, 228, 229, 230, 231, 232, 233, 234, 235, 236, 237, 238, 239, 240, 241, 242, 243, 244, 245, 246, 247, 248, 249, 250, 251, 252, 253, 254, 255, 256, 257, 258, 259, 260, 261, 262, 263, 264, 265, 266, 267, 268, 269, 270, 271, 272, 273, 274, 275, 276, 277, 278, 279, 280, 281, 282, 283, 284, 285, 286, 287, 288, 289, 290, 291, 292, 293, 294, 295, 296, 297, 298, 299, 300, 301, 302, 303, 304, 305, 306, 307, 308, 309, 310, 311, 312, 313, 314, 315, 316, 317, 318, 319, 320, 321, 322, 323, 324, 325, 326, 327, 328, 329, 330, 331, 332, 333, 334, 335, 336, 337, 574, 575, 576, 577, 578, 579, 580, 581, 582, 583, 584, 585, 586, 587, 588, 589, 590, 591, 592, 593, 594, 595, 596, 597, 598, 599, 600, 601, 602, 603, 604, 605, 606, 607, 608, 609, 610, 611, 612, 613, 614, 615, 616, 617, 618, 619, 620, 621, 622, 623, 624, 625, 626, 627, 628, 629, 630, 631, 632, 633, 634, 635, 636, 637, 638, 639, 640, 641, 642, 643, 644, 645, 646, 647, 648, 649, 650, 651, 652, 653, 654, 655, 656, 657, 658, 659, 660, 661, 662, 663, 664, 665, 666, 667, 668, 669, 670, 671, 672, 673, 674, 675, 676, 677, 678, 679, 680, 681, 682, 683, 684, 685, 686, 687, 688, 689, 690, 691, 692, 693, 694, 695, 696, 697, 698, 699, 700, 701, 702, 703, 704, 705, 706, 707, 708, 709, 710, 711, 712, 713, 714, 715, 716, 717, 718, 719, 720, 721, 722, 723, 724, 725, 726, 727, 728, 729, 730, 731, 732, 733, 734, 735, 736, 737, 738, 739, 740, 741, 742, 743, 744, 745, 746, 747, 748, 749, 750, 751, 752, 753, 754, 755, 756, 757, 758, 759, 760, 761, 762, 763, 764, 765, 766, 767, 768, 769, 770, 771, 772, 773, 774, 775, 776, 777, 778, 779, 780, 781, 782, 783, 784, 785, 786, 787, 788, 789, 790, 791, 792, 793]","[103, 104, 106, 117, 118, 120, 127, 128, 129, 131, 133, 135, 136, 137, 139, 146, 147, 148, 149, 151, 158, 160, 162, 166, 173, 178, 179, 185, 190, 192, 198, 201, 203, 204, 206, 207, 212, 213, 214, 219, 223, 224, 225, 227, 230, 235, 237, 246, 247, 256, 259, 262, 263, 266, 268, 269, 271, 272, 278, 279, 284, 285, 288, 290, 292, 304, 312, 316, 319, 320, 323, 324, 332, 574, 575, 588, 591, 607, 608, 610, 618, 619, 620, 622, 632, 644, 649, 650, 656, 661, 663, 669, 674, 677, 683, 684, 687, 688, 689, 701, 710, 723, 730, 731, 738, 747, 751, 762, 774, 778, 789]",[],"[84, 87, 89, 103, 114, 115, 117, 124, 132, 135, 144, 152, 178, 239, 268, 281, 297, 318, 320, 327, 348, 394, 555, 558, 560, 574, 585, 586, 588, 595, 603, 606, 615, 623, 649, 703, 727, 740, 756, 776, 778, 785, 803, 844]","[84, 87, 89, 103, 104, 105, 106, 107, 108, 109, 110, 111, 112, 113, 114, 115, 116, 117, 118, 119, 120, 121, 122, 123, 124, 125, 126, 127, 128, 129, 130, 131, 132, 133, 134, 135, 136, 137, 138, 139, 140, 141, 142, 143, 144, 145, 146, 147, 148, 149, 150, 151, 152, 153, 154, 155, 156, 157, 158, 159, 160, 161, 162, 163, 164, 165, 166, 167, 168, 169, 170, 171, 172, 173, 174, 175, 176, 177, 178, 179, 180, 181, 182, 183, 184, 185, 186, 187, 188, 189, 190, 191, 192, 193, 194, 195, 196, 197, 198, 199, 200, 201, 202, 203, 204, 205, 206, 207, 208, 209, 210, 211, 212, 213, 214, 215, 216, 217, 218, 219, 220, 221, 222, 223, 224, 225, 226, 227, 228, 229, 230, 231, 232, 233, 234, 235, 236, 237, 238, 239, 240, 241, 242, 243, 244, 245, 246, 247, 248, 249, 250, 251, 252, 253, 254, 255, 256, 257, 258, 259, 260, 261, 262, 263, 264, 265, 266, 267, 268, 269, 270, 271, 272, 273, 274, 275, 276, 277, 278, 279, 280, 281, 282, 283, 284, 285, 286, 287, 288, 289, 290, 291, 292, 293, 294, 295, 296, 297, 298, 299, 300, 301, 302, 303, 304, 305, 306, 307, 308, 309, 310, 311, 312, 313, 314, 315, 316, 317, 318, 319, 320, 321, 322, 323, 324, 325, 326, 327, 328, 329, 330, 331, 332, 333, 334, 335, 336, 337, 348, 394, 555, 558, 560, 574, 575, 576, 577, 578, 579, 580, 581, 582, 583, 584, 585, 586, 587, 588, 589, 590, 591, 592, 593, 594, 595, 596, 597, 598, 599, 600, 601, 602, 603, 604, 605, 606, 607, 608, 609, 610, 611, 612, 613, 614, 615, 616, 617, 618, 619, 620, 621, 622, 623, 624, 625, 626, 627, 628, 629, 630, 631, 632, 633, 634, 635, 636, 637, 638, 639, 640, 641, 642, 643, 644, 645, 646, 647, 648, 649, 650, 651, 652, 653, 654, 655, 656, 657, 658, 659, 660, 661, 662, 663, 664, 665, 666, 667, 668, 669, 670, 671, 672, 673, 674, 675, 676, 677, 678, 679, 680, 681, 682, 683, 684, 685, 686, 687, 688, 689, 690, 691, 692, 693, 694, 695, 696, 697, 698, 699, 700, 701, 702, 703, 704, 705, 706, 707, 708, 709, 710, 711, 712, 713, 714, 715, 716, 717, 718, 719, 720, 721, 722, 723, 724, 725, 726, 727, 728, 729, 730, 731, 732, 733, 734, 735, 736, 737, 738, 739, 740, 741, 742, 743, 744, 745, 746, 747, 748, 749, 750, 751, 752, 753, 754, 755, 756, 757, 758, 759, 760, 761, 762, 763, 764, 765, 766, 767, 768, 769, 770, 771, 772, 773, 774, 775, 776, 777, 778, 779, 780, 781, 782, 783, 784, 785, 786, 787, 788, 789, 790, 791, 792, 793, 803, 844]",True,"[117, 588]","[103, 104, 105, 106, 107, 108, 109, 110, 111, 112, 113, 114, 115, 116, 117, 118, 119, 120, 121, 122, 123, 124, 125, 126, 127, 128, 129, 130, 131, 132, 133, 134, 135, 136, 137, 138, 139, 140, 141, 142, 143, 144, 145, 146, 147, 148, 149, 150, 151, 152, 153, 154, 155, 156, 157, 158, 159, 160, 161, 162, 163, 164, 165, 166, 167, 168, 169, 170, 171, 172, 173, 174, 175, 176, 177, 178, 179, 180, 181, 182, 183, 184, 185, 186, 187, 188, 189, 190, 191, 192, 193, 194, 195, 196, 197, 198, 199, 200, 201, 202, 203, 204, 205, 206, 207, 208, 209, 210, 211, 212, 213, 214, 215, 216, 217, 218, 219, 220, 221, 222, 223, 224, 225, 226, 227, 228, 229, 230, 231, 232, 233, 234, 235, 236, 237, 238, 239, 240, 241, 242, 243, 244, 245, 246, 247, 248, 249, 250, 251, 252, 253, 254, 255, 256, 257, 258, 259, 260, 261, 262, 263, 264, 265, 266, 267, 268, 269, 270, 271, 272, 273, 274, 275, 276, 277, 278, 279, 280, 281, 282, 283, 284, 285, 286, 287, 288, 289, 290, 291, 292, 293, 294, 295, 296, 297, 298, 299, 300, 301, 302, 303, 304, 305, 306, 307, 308, 309, 310, 311, 312, 313, 314, 315, 316, 317, 318, 319, 320, 321, 322, 323, 324, 325, 326, 327, 328, 329, 330, 331, 332, 333, 334, 335, 336, 337, 574, 575, 576, 577, 578, 579, 580, 581, 582, 583, 584, 585, 586, 587, 588, 589, 590, 591, 592, 593, 594, 595, 596, 597, 598, 599, 600, 601, 602, 603, 604, 605, 606, 607, 608, 609, 610, 611, 612, 613, 614, 615, 616, 617, 618, 619, 620, 621, 622, 623, 624, 625, 626, 627, 628, 629, 630, 631, 632, 633, 634, 635, 636, 637, 638, 639, 640, 641, 642, 643, 644, 645, 646, 647, 648, 649, 650, 651, 652, 653, 654, 655, 656, 657, 658, 659, 660, 661, 662, 663, 664, 665, 666, 667, 668, 669, 670, 671, 672, 673, 674, 675, 676, 677, 678, 679, 680, 681, 682, 683, 684, 685, 686, 687, 688, 689, 690, 691, 692, 693, 694, 695, 696, 697, 698, 699, 700, 701, 702, 703, 704, 705, 706, 707, 708, 709, 710, 711, 712, 713, 714, 715, 716, 717, 718, 719, 720, 721, 722, 723, 724, 725, 726, 727, 728, 729, 730, 731, 732, 733, 734, 735, 736, 737, 738, 739, 740, 741, 742, 743, 744, 745, 746, 747, 748, 749, 750, 751, 752, 753, 754, 755, 756, 757, 758, 759, 760, 761, 762, 763, 764, 765, 766, 767, 768, 769, 770, 771, 772, 773, 774, 775, 776, 777, 778, 779, 780, 781, 782, 783, 784, 785, 786, 787, 788, 789, 790, 791, 792, 793]","[117, 588]",[],"[103, 104, 106, 117, 118, 120, 127, 128, 129, 131, 133, 135, 136, 137, 139, 146, 147, 148, 149, 151, 158, 160, 162, 166, 173, 178, 179, 185, 190, 192, 198, 201, 203, 204, 206, 207, 212, 213, 214, 219, 223, 224, 225, 227, 230, 235, 237, 246, 247, 256, 259, 262, 263, 266, 268, 269, 271, 272, 278, 279, 284, 285, 288, 290, 292, 304, 312, 316, 319, 320, 323, 324, 332, 574, 575, 588, 591, 607, 608, 610, 618, 619, 620, 622, 632, 644, 649, 650, 656, 661, 663, 669, 674, 677, 683, 684, 687, 688, 689, 701, 710, 723, 730, 731, 738, 747, 751, 762, 774, 778, 789]","[84, 87, 89, 103, 114, 115, 117, 124, 132, 135, 144, 152, 178, 239, 268, 281, 297, 318, 320, 327, 348, 394, 555, 558, 560, 574, 585, 586, 588, 595, 603, 606, 615, 623, 649, 703, 727, 740, 756, 776, 778, 785, 803, 844]",[],7/6 successful match,True,"[123, 124]",True,317,False,,1.0,True,Acton 76,
Acton ( 93510 ) Acton 76,661-269-0760 CA 14 & Crown Valley Rd N,24,Acton,93510,Acton 76,661-269-0760,2016,Acton,CA,,,CA 14 & Crown Valley Rd N,empty,,False,,False,CA 14,Rd N,,,,"[588, 117]","[117, 588]","[117, 588]",[],"[103, 104, 105, 106, 107, 108, 109, 110, 111, 112, 113, 114, 115, 116, 117, 118, 119, 120, 121, 122, 123, 124, 125, 126, 127, 128, 129, 130, 131, 132, 133, 134, 135, 136, 137, 138, 139, 140, 141, 142, 143, 144, 145, 146, 147, 148, 149, 150, 151, 152, 153, 154, 155, 156, 157, 158, 159, 160, 161, 162, 163, 164, 165, 166, 167, 168, 169, 170, 171, 172, 173, 174, 175, 176, 177, 178, 179, 180, 181, 182, 183, 184, 185, 186, 187, 188, 189, 190, 191, 192, 193, 194, 195, 196, 197, 198, 199, 200, 201, 202, 203, 204, 205, 206, 207, 208, 209, 210, 211, 212, 213, 214, 215, 216, 217, 218, 219, 220, 221, 222, 223, 224, 225, 226, 227, 228, 229, 230, 231, 232, 233, 234, 235, 236, 237, 238, 239, 240, 241, 242, 243, 244, 245, 246, 247, 248, 249, 250, 251, 252, 253, 254, 255, 256, 257, 258, 259, 260, 261, 262, 263, 264, 265, 266, 267, 268, 269, 270, 271, 272, 273, 274, 275, 276, 277, 278, 279, 280, 281, 282, 283, 284, 285, 286, 287, 288, 289, 290, 291, 292, 293, 294, 295, 296, 297, 298, 299, 300, 301, 302, 303, 304, 305, 306, 307, 308, 309, 310, 311, 312, 313, 314, 315, 316, 317, 318, 319, 320, 321, 322, 323, 324, 325, 326, 327, 328, 329, 330, 331, 332, 333, 334, 335, 336, 337, 574, 575, 576, 577, 578, 579, 580, 581, 582, 583, 584, 585, 586, 587, 588, 589, 590, 591, 592, 593, 594, 595, 596, 597, 598, 599, 600, 601, 602, 603, 604, 605, 606, 607, 608, 609, 610, 611, 612, 613, 614, 615, 616, 617, 618, 619, 620, 621, 622, 623, 624, 625, 626, 627, 628, 629, 630, 631, 632, 633, 634, 635, 636, 637, 638, 639, 640, 641, 642, 643, 644, 645, 646, 647, 648, 649, 650, 651, 652, 653, 654, 655, 656, 657, 658, 659, 660, 661, 662, 663, 664, 665, 666, 667, 668, 669, 670, 671, 672, 673, 674, 675, 676, 677, 678, 679, 680, 681, 682, 683, 684, 685, 686, 687, 688, 689, 690, 691, 692, 693, 694, 695, 696, 697, 698, 699, 700, 701, 702, 703, 704, 705, 706, 707, 708, 709, 710, 711, 712, 713, 714, 715, 716, 717, 718, 719, 720, 721, 722, 723, 724, 725, 726, 727, 728, 729, 730, 731, 732, 733, 734, 735, 736, 737, 738, 739, 740, 741, 742, 743, 744, 745, 746, 747, 748, 749, 750, 751, 752, 753, 754, 755, 756, 757, 758, 759, 760, 761, 762, 763, 764, 765, 766, 767, 768, 769, 770, 771, 772, 773, 774, 775, 776, 777, 778, 779, 780, 781, 782, 783, 784, 785, 786, 787, 788, 789, 790, 791, 792, 793]","[103, 104, 106, 117, 118, 120, 127, 128, 129, 131, 133, 135, 136, 137, 139, 146, 147, 148, 149, 151, 158, 160, 162, 166, 173, 178, 179, 185, 190, 192, 198, 201, 203, 204, 206, 207, 212, 213, 214, 219, 223, 224, 225, 227, 230, 235, 237, 246, 247, 256, 259, 262, 263, 266, 268, 269, 271, 272, 278, 279, 284, 285, 288, 290, 292, 304, 312, 316, 319, 320, 323, 324, 332, 574, 575, 588, 591, 607, 608, 610, 618, 619, 620, 622, 632, 644, 649, 650, 656, 661, 663, 669, 674, 677, 683, 684, 687, 688, 689, 701, 710, 723, 730, 731, 738, 747, 751, 762, 774, 778, 789]",[],"[84, 87, 89, 114, 115, 117, 124, 132, 135, 144, 152, 178, 239, 268, 281, 297, 318, 320, 327, 348, 394, 555, 558, 560, 585, 586, 588, 595, 603, 606, 615, 623, 649, 703, 727, 740, 756, 776, 778, 785, 803, 844]","[84, 87, 89, 103, 104, 105, 106, 107, 108, 109, 110, 111, 112, 113, 114, 115, 116, 117, 118, 119, 120, 121, 122, 123, 124, 125, 126, 127, 128, 129, 130, 131, 132, 133, 134, 135, 136, 137, 138, 139, 140, 141, 142, 143, 144, 145, 146, 147, 148, 149, 150, 151, 152, 153, 154, 155, 156, 157, 158, 159, 160, 161, 162, 163, 164, 165, 166, 167, 168, 169, 170, 171, 172, 173, 174, 175, 176, 177, 178, 179, 180, 181, 182, 183, 184, 185, 186, 187, 188, 189, 190, 191, 192, 193, 194, 195, 196, 197, 198, 199, 200, 201, 202, 203, 204, 205, 206, 207, 208, 209, 210, 211, 212, 213, 214, 215, 216, 217, 218, 219, 220, 221, 222, 223, 224, 225, 226, 227, 228, 229, 230, 231, 232, 233, 234, 235, 236, 237, 238, 239, 240, 241, 242, 243, 244, 245, 246, 247, 248, 249, 250, 251, 252, 253, 254, 255, 256, 257, 258, 259, 260, 261, 262, 263, 264, 265, 266, 267, 268, 269, 270, 271, 272, 273, 274, 275, 276, 277, 278, 279, 280, 281, 282, 283, 284, 285, 286, 287, 288, 289, 290, 291, 292, 293, 294, 295, 296, 297, 298, 299, 300, 301, 302, 303, 304, 305, 306, 307, 308, 309, 310, 311, 312, 313, 314, 315, 316, 317, 318, 319, 320, 321, 322, 323, 324, 325, 326, 327, 328, 329, 330, 331, 332, 333, 334, 335, 336, 337, 348, 394, 555, 558, 560, 574, 575, 576, 577, 578, 579, 580, 581, 582, 583, 584, 585, 586, 587, 588, 589, 590, 591, 592, 593, 594, 595, 596, 597, 598, 599, 600, 601, 602, 603, 604, 605, 606, 607, 608, 609, 610, 611, 612, 613, 614, 615, 616, 617, 618, 619, 620, 621, 622, 623, 624, 625, 626, 627, 628, 629, 630, 631, 632, 633, 634, 635, 636, 637, 638, 639, 640, 641, 642, 643, 644, 645, 646, 647, 648, 649, 650, 651, 652, 653, 654, 655, 656, 657, 658, 659, 660, 661, 662, 663, 664, 665, 666, 667, 668, 669, 670, 671, 672, 673, 674, 675, 676, 677, 678, 679, 680, 681, 682, 683, 684, 685, 686, 687, 688, 689, 690, 691, 692, 693, 694, 695, 696, 697, 698, 699, 700, 701, 702, 703, 704, 705, 706, 707, 708, 709, 710, 711, 712, 713, 714, 715, 716, 717, 718, 719, 720, 721, 722, 723, 724, 725, 726, 727, 728, 729, 730, 731, 732, 733, 734, 735, 736, 737, 738, 739, 740, 741, 742, 743, 744, 745, 746, 747, 748, 749, 750, 751, 752, 753, 754, 755, 756, 757, 758, 759, 760, 761, 762, 763, 764, 765, 766, 767, 768, 769, 770, 771, 772, 773, 774, 775, 776, 777, 778, 779, 780, 781, 782, 783, 784, 785, 786, 787, 788, 789, 790, 791, 792, 793, 803, 844]",True,"[117, 588]","[103, 104, 105, 106, 107, 108, 109, 110, 111, 112, 113, 114, 115, 116, 117, 118, 119, 120, 121, 122, 123, 124, 125, 126, 127, 128, 129, 130, 131, 132, 133, 134, 135, 136, 137, 138, 139, 140, 141, 142, 143, 144, 145, 146, 147, 148, 149, 150, 151, 152, 153, 154, 155, 156, 157, 158, 159, 160, 161, 162, 163, 164, 165, 166, 167, 168, 169, 170, 171, 172, 173, 174, 175, 176, 177, 178, 179, 180, 181, 182, 183, 184, 185, 186, 187, 188, 189, 190, 191, 192, 193, 194, 195, 196, 197, 198, 199, 200, 201, 202, 203, 204, 205, 206, 207, 208, 209, 210, 211, 212, 213, 214, 215, 216, 217, 218, 219, 220, 221, 222, 223, 224, 225, 226, 227, 228, 229, 230, 231, 232, 233, 234, 235, 236, 237, 238, 239, 240, 241, 242, 243, 244, 245, 246, 247, 248, 249, 250, 251, 252, 253, 254, 255, 256, 257, 258, 259, 260, 261, 262, 263, 264, 265, 266, 267, 268, 269, 270, 271, 272, 273, 274, 275, 276, 277, 278, 279, 280, 281, 282, 283, 284, 285, 286, 287, 288, 289, 290, 291, 292, 293, 294, 295, 296, 297, 298, 299, 300, 301, 302, 303, 304, 305, 306, 307, 308, 309, 310, 311, 312, 313, 314, 315, 316, 317, 318, 319, 320, 321, 322, 323, 324, 325, 326, 327, 328, 329, 330, 331, 332, 333, 334, 335, 336, 337, 574, 575, 576, 577, 578, 579, 580, 581, 582, 583, 584, 585, 586, 587, 588, 589, 590, 591, 592, 593, 594, 595, 596, 597, 598, 599, 600, 601, 602, 603, 604, 605, 606, 607, 608, 609, 610, 611, 612, 613, 614, 615, 616, 617, 618, 619, 620, 621, 622, 623, 624, 625, 626, 627, 628, 629, 630, 631, 632, 633, 634, 635, 636, 637, 638, 639, 640, 641, 642, 643, 644, 645, 646, 647, 648, 649, 650, 651, 652, 653, 654, 655, 656, 657, 658, 659, 660, 661, 662, 663, 664, 665, 666, 667, 668, 669, 670, 671, 672, 673, 674, 675, 676, 677, 678, 679, 680, 681, 682, 683, 684, 685, 686, 687, 688, 689, 690, 691, 692, 693, 694, 695, 696, 697, 698, 699, 700, 701, 702, 703, 704, 705, 706, 707, 708, 709, 710, 711, 712, 713, 714, 715, 716, 717, 718, 719, 720, 721, 722, 723, 724, 725, 726, 727, 728, 729, 730, 731, 732, 733, 734, 735, 736, 737, 738, 739, 740, 741, 742, 743, 744, 745, 746, 747, 748, 749, 750, 751, 752, 753, 754, 755, 756, 757, 758, 759, 760, 761, 762, 763, 764, 765, 766, 767, 768, 769, 770, 771, 772, 773, 774, 775, 776, 777, 778, 779, 780, 781, 782, 783, 784, 785, 786, 787, 788, 789, 790, 791, 792, 793]","[117, 588]",[],"[103, 104, 106, 117, 118, 120, 127, 128, 129, 131, 133, 135, 136, 137, 139, 146, 147, 148, 149, 151, 158, 160, 162, 166, 173, 178, 179, 185, 190, 192, 198, 201, 203, 204, 206, 207, 212, 213, 214, 219, 223, 224, 225, 227, 230, 235, 237, 246, 247, 256, 259, 262, 263, 266, 268, 269, 271, 272, 278, 279, 284, 285, 288, 290, 292, 304, 312, 316, 319, 320, 323, 324, 332, 574, 575, 588, 591, 607, 608, 610, 618, 619, 620, 622, 632, 644, 649, 650, 656, 661, 663, 669, 674, 677, 683, 684, 687, 688, 689, 701, 710, 723, 730, 731, 738, 747, 751, 762, 774, 778, 789]","[84, 87, 89, 114, 115, 117, 124, 132, 135, 144, 152, 178, 239, 268, 281, 297, 318, 320, 327, 348, 394, 555, 558, 560, 585, 586, 588, 595, 603, 606, 615, 623, 649, 703, 727, 740, 756, 776, 778, 785, 803, 844]",[],7/6 successful match,True,"[123, 124]",True,317,False,,1.0,True,Acton 76 24,
"Big Pine , 93513 Big Pine 76",760-938-2100 109 US 395 S,S 000 O,Big Pine,93513,Big Pine 76,760-938-2100,2006,Big Pine,CA,,,109 US 395 S,Proper,,False,,False,US 395,,,,,"[601, 130]","[130, 601]","[130, 601]",[],"[103, 104, 105, 106, 107, 108, 109, 110, 111, 112, 113, 114, 115, 116, 117, 118, 119, 120, 121, 122, 123, 124, 125, 126, 127, 128, 129, 130, 131, 132, 133, 134, 135, 136, 137, 138, 139, 140, 141, 142, 143, 144, 145, 146, 147, 148, 149, 150, 151, 152, 153, 154, 155, 156, 157, 158, 159, 160, 161, 162, 163, 164, 165, 166, 167, 168, 169, 170, 171, 172, 173, 174, 175, 176, 177, 178, 179, 180, 181, 182, 183, 184, 185, 186, 187, 188, 189, 190, 191, 192, 193, 194, 195, 196, 197, 198, 199, 200, 201, 202, 203, 204, 205, 206, 207, 208, 209, 210, 211, 212, 213, 214, 215, 216, 217, 218, 219, 220, 221, 222, 223, 224, 225, 226, 227, 228, 229, 230, 231, 232, 233, 234, 235, 236, 237, 238, 239, 240, 241, 242, 243, 244, 245, 246, 247, 248, 249, 250, 251, 252, 253, 254, 255, 256, 257, 258, 259, 260, 261, 262, 263, 264, 265, 266, 267, 268, 269, 270, 271, 272, 273, 274, 275, 276, 277, 278, 279, 280, 281, 282, 283, 284, 285, 286, 287, 288, 289, 290, 291, 292, 293, 294, 295, 296, 297, 298, 299, 300, 301, 302, 303, 304, 305, 306, 307, 308, 309, 310, 311, 312, 313, 314, 315, 316, 317, 318, 319, 320, 321, 322, 323, 324, 325, 326, 327, 328, 329, 330, 331, 332, 333, 334, 335, 336, 337, 574, 575, 576, 577, 578, 579, 580, 581, 582, 583, 584, 585, 586, 587, 588, 589, 590, 591, 592, 593, 594, 595, 596, 597, 598, 599, 600, 601, 602, 603, 604, 605, 606, 607, 608, 609, 610, 611, 612, 613, 614, 615, 616, 617, 618, 619, 620, 621, 622, 623, 624, 625, 626, 627, 628, 629, 630, 631, 632, 633, 634, 635, 636, 637, 638, 639, 640, 641, 642, 643, 644, 645, 646, 647, 648, 649, 650, 651, 652, 653, 654, 655, 656, 657, 658, 659, 660, 661, 662, 663, 664, 665, 666, 667, 668, 669, 670, 671, 672, 673, 674, 675, 676, 677, 678, 679, 680, 681, 682, 683, 684, 685, 686, 687, 688, 689, 690, 691, 692, 693, 694, 695, 696, 697, 698, 699, 700, 701, 702, 703, 704, 705, 706, 707, 708, 709, 710, 711, 712, 713, 714, 715, 716, 717, 718, 719, 720, 721, 722, 723, 724, 725, 726, 727, 728, 729, 730, 731, 732, 733, 734, 735, 736, 737, 738, 739, 740, 741, 742, 743, 744, 745, 746, 747, 748, 749, 750, 751, 752, 753, 754, 755, 756, 757, 758, 759, 760, 761, 762, 763, 764, 765, 766, 767, 768, 769, 770, 771, 772, 773, 774, 775, 776, 777, 778, 779, 780, 781, 782, 783, 784, 785, 786, 787, 788, 789, 790, 791, 792, 793]","[122, 130, 171, 179, 184, 187, 238, 248, 251, 258, 301, 350, 362, 395, 397, 593, 601, 642, 650, 655, 658, 702, 711, 714, 720, 805, 815, 845, 847]",[],"[84, 87, 89, 114, 115, 117, 124, 130, 132, 135, 144, 152, 178, 239, 268, 281, 297, 318, 320, 327, 348, 394, 555, 558, 560, 585, 586, 588, 595, 601, 603, 606, 615, 623, 649, 703, 727, 740, 756, 776, 778, 785, 803, 844]","[84, 87, 89, 103, 104, 105, 106, 107, 108, 109, 110, 111, 112, 113, 114, 115, 116, 117, 118, 119, 120, 121, 122, 123, 124, 125, 126, 127, 128, 129, 130, 131, 132, 133, 134, 135, 136, 137, 138, 139, 140, 141, 142, 143, 144, 145, 146, 147, 148, 149, 150, 151, 152, 153, 154, 155, 156, 157, 158, 159, 160, 161, 162, 163, 164, 165, 166, 167, 168, 169, 170, 171, 172, 173, 174, 175, 176, 177, 178, 179, 180, 181, 182, 183, 184, 185, 186, 187, 188, 189, 190, 191, 192, 193, 194, 195, 196, 197, 198, 199, 200, 201, 202, 203, 204, 205, 206, 207, 208, 209, 210, 211, 212, 213, 214, 215, 216, 217, 218, 219, 220, 221, 222, 223, 224, 225, 226, 227, 228, 229, 230, 231, 232, 233, 234, 235, 236, 237, 238, 239, 240, 241, 242, 243, 244, 245, 246, 247, 248, 249, 250, 251, 252, 253, 254, 255, 256, 257, 258, 259, 260, 261, 262, 263, 264, 265, 266, 267, 268, 269, 270, 271, 272, 273, 274, 275, 276, 277, 278, 279, 280, 281, 282, 283, 284, 285, 286, 287, 288, 289, 290, 291, 292, 293, 294, 295, 296, 297, 298, 299, 300, 301, 302, 303, 304, 305, 306, 307, 308, 309, 310, 311, 312, 313, 314, 315, 316, 317, 318, 319, 320, 321, 322, 323, 324, 325, 326, 327, 328, 329, 330, 331, 332, 333, 334, 335, 336, 337, 348, 350, 362, 394, 395, 397, 555, 558, 560, 574, 575, 576, 577, 578, 579, 580, 581, 582, 583, 584, 585, 586, 587, 588, 589, 590, 591, 592, 593, 594, 595, 596, 597, 598, 599, 600, 601, 602, 603, 604, 605, 606, 607, 608, 609, 610, 611, 612, 613, 614, 615, 616, 617, 618, 619, 620, 621, 622, 623, 624, 625, 626, 627, 628, 629, 630, 631, 632, 633, 634, 635, 636, 637, 638, 639, 640, 641, 642, 643, 644, 645, 646, 647, 648, 649, 650, 651, 652, 653, 654, 655, 656, 657, 658, 659, 660, 661, 662, 663, 664, 665, 666, 667, 668, 669, 670, 671, 672, 673, 674, 675, 676, 677, 678, 679, 680, 681, 682, 683, 684, 685, 686, 687, 688, 689, 690, 691, 692, 693, 694, 695, 696, 697, 698, 699, 700, 701, 702, 703, 704, 705, 706, 707, 708, 709, 710, 711, 712, 713, 714, 715, 716, 717, 718, 719, 720, 721, 722, 723, 724, 725, 726, 727, 728, 729, 730, 731, 732, 733, 734, 735, 736, 737, 738, 739, 740, 741, 742, 743, 744, 745, 746, 747, 748, 749, 750, 751, 752, 753, 754, 755, 756, 757, 758, 759, 760, 761, 762, 763, 764, 765, 766, 767, 768, 769, 770, 771, 772, 773, 774, 775, 776, 777, 778, 779, 780, 781, 782, 783, 784, 785, 786, 787, 788, 789, 790, 791, 792, 793, 803, 805, 815, 844, 845, 847]",True,"[130, 601]","[103, 104, 105, 106, 107, 108, 109, 110, 111, 112, 113, 114, 115, 116, 117, 118, 119, 120, 121, 122, 123, 124, 125, 126, 127, 128, 129, 130, 131, 132, 133, 134, 135, 136, 137, 138, 139, 140, 141, 142, 143, 144, 145, 146, 147, 148, 149, 150, 151, 152, 153, 154, 155, 156, 157, 158, 159, 160, 161, 162, 163, 164, 165, 166, 167, 168, 169, 170, 171, 172, 173, 174, 175, 176, 177, 178, 179, 180, 181, 182, 183, 184, 185, 186, 187, 188, 189, 190, 191, 192, 193, 194, 195, 196, 197, 198, 199, 200, 201, 202, 203, 204, 205, 206, 207, 208, 209, 210, 211, 212, 213, 214, 215, 216, 217, 218, 219, 220, 221, 222, 223, 224, 225, 226, 227, 228, 229, 230, 231, 232, 233, 234, 235, 236, 237, 238, 239, 240, 241, 242, 243, 244, 245, 246, 247, 248, 249, 250, 251, 252, 253, 254, 255, 256, 257, 258, 259, 260, 261, 262, 263, 264, 265, 266, 267, 268, 269, 270, 271, 272, 273, 274, 275, 276, 277, 278, 279, 280, 281, 282, 283, 284, 285, 286, 287, 288, 289, 290, 291, 292, 293, 294, 295, 296, 297, 298, 299, 300, 301, 302, 303, 304, 305, 306, 307, 308, 309, 310, 311, 312, 313, 314, 315, 316, 317, 318, 319, 320, 321, 322, 323, 324, 325, 326, 327, 328, 329, 330, 331, 332, 333, 334, 335, 336, 337, 574, 575, 576, 577, 578, 579, 580, 581, 582, 583, 584, 585, 586, 587, 588, 589, 590, 591, 592, 593, 594, 595, 596, 597, 598, 599, 600, 601, 602, 603, 604, 605, 606, 607, 608, 609, 610, 611, 612, 613, 614, 615, 616, 617, 618, 619, 620, 621, 622, 623, 624, 625, 626, 627, 628, 629, 630, 631, 632, 633, 634, 635, 636, 637, 638, 639, 640, 641, 642, 643, 644, 645, 646, 647, 648, 649, 650, 651, 652, 653, 654, 655, 656, 657, 658, 659, 660, 661, 662, 663, 664, 665, 666, 667, 668, 669, 670, 671, 672, 673, 674, 675, 676, 677, 678, 679, 680, 681, 682, 683, 684, 685, 686, 687, 688, 689, 690, 691, 692, 693, 694, 695, 696, 697, 698, 699, 700, 701, 702, 703, 704, 705, 706, 707, 708, 709, 710, 711, 712, 713, 714, 715, 716, 717, 718, 719, 720, 721, 722, 723, 724, 725, 726, 727, 728, 729, 730, 731, 732, 733, 734, 735, 736, 737, 738, 739, 740, 741, 742, 743, 744, 745, 746, 747, 748, 749, 750, 751, 752, 753, 754, 755, 756, 757, 758, 759, 760, 761, 762, 763, 764, 765, 766, 767, 768, 769, 770, 771, 772, 773, 774, 775, 776, 777, 778, 779, 780, 781, 782, 783, 784, 785, 786, 787, 788, 789, 790, 791, 792, 793]","[130, 601]",[],"[122, 130, 171, 179, 184, 187, 238, 248, 251, 258, 301, 350, 362, 395, 397, 593, 601, 642, 650, 655, 658, 702, 711, 714, 720, 805, 815, 845, 847]","[84, 87, 89, 114, 115, 117, 124, 130, 132, 135, 144, 152, 178, 239, 268, 281, 297, 318, 320, 327, 348, 394, 555, 558, 560, 585, 586, 588, 595, 601, 603, 606, 615, 623, 649, 703, 727, 740, 756, 776, 778, 785, 803, 844]",[],7/6 successful match,True,[634],True,318,False,,,,,
"Big Pine , 93513 Big Pine 76",760-938-2100 109 US 395 S,- <U+25A1>,Big Pine,93513,Big Pine 76,760-938-2100,2007,Big Pine,CA,,,109 US 395 S,Proper,,False,,False,US 395,,,,,"[601, 130]","[130, 601]","[130, 601]",[],"[103, 104, 105, 106, 107, 108, 109, 110, 111, 112, 113, 114, 115, 116, 117, 118, 119, 120, 121, 122, 123, 124, 125, 126, 127, 128, 129, 130, 131, 132, 133, 134, 135, 136, 137, 138, 139, 140, 141, 142, 143, 144, 145, 146, 147, 148, 149, 150, 151, 152, 153, 154, 155, 156, 157, 158, 159, 160, 161, 162, 163, 164, 165, 166, 167, 168, 169, 170, 171, 172, 173, 174, 175, 176, 177, 178, 179, 180, 181, 182, 183, 184, 185, 186, 187, 188, 189, 190, 191, 192, 193, 194, 195, 196, 197, 198, 199, 200, 201, 202, 203, 204, 205, 206, 207, 208, 209, 210, 211, 212, 213, 214, 215, 216, 217, 218, 219, 220, 221, 222, 223, 224, 225, 226, 227, 228, 229, 230, 231, 232, 233, 234, 235, 236, 237, 238, 239, 240, 241, 242, 243, 244, 245, 246, 247, 248, 249, 250, 251, 252, 253, 254, 255, 256, 257, 258, 259, 260, 261, 262, 263, 264, 265, 266, 267, 268, 269, 270, 271, 272, 273, 274, 275, 276, 277, 278, 279, 280, 281, 282, 283, 284, 285, 286, 287, 288, 289, 290, 291, 292, 293, 294, 295, 296, 297, 298, 299, 300, 301, 302, 303, 304, 305, 306, 307, 308, 309, 310, 311, 312, 313, 314, 315, 316, 317, 318, 319, 320, 321, 322, 323, 324, 325, 326, 327, 328, 329, 330, 331, 332, 333, 334, 335, 336, 337, 574, 575, 576, 577, 578, 579, 580, 581, 582, 583, 584, 585, 586, 587, 588, 589, 590, 591, 592, 593, 594, 595, 596, 597, 598, 599, 600, 601, 602, 603, 604, 605, 606, 607, 608, 609, 610, 611, 612, 613, 614, 615, 616, 617, 618, 619, 620, 621, 622, 623, 624, 625, 626, 627, 628, 629, 630, 631, 632, 633, 634, 635, 636, 637, 638, 639, 640, 641, 642, 643, 644, 645, 646, 647, 648, 649, 650, 651, 652, 653, 654, 655, 656, 657, 658, 659, 660, 661, 662, 663, 664, 665, 666, 667, 668, 669, 670, 671, 672, 673, 674, 675, 676, 677, 678, 679, 680, 681, 682, 683, 684, 685, 686, 687, 688, 689, 690, 691, 692, 693, 694, 695, 696, 697, 698, 699, 700, 701, 702, 703, 704, 705, 706, 707, 708, 709, 710, 711, 712, 713, 714, 715, 716, 717, 718, 719, 720, 721, 722, 723, 724, 725, 726, 727, 728, 729, 730, 731, 732, 733, 734, 735, 736, 737, 738, 739, 740, 741, 742, 743, 744, 745, 746, 747, 748, 749, 750, 751, 752, 753, 754, 755, 756, 757, 758, 759, 760, 761, 762, 763, 764, 765, 766, 767, 768, 769, 770, 771, 772, 773, 774, 775, 776, 777, 778, 779, 780, 781, 782, 783, 784, 785, 786, 787, 788, 789, 790, 791, 792, 793]","[122, 130, 171, 179, 184, 187, 238, 248, 251, 258, 301, 350, 362, 395, 397, 593, 601, 642, 650, 655, 658, 702, 711, 714, 720, 805, 815, 845, 847]",[],"[84, 87, 89, 114, 115, 117, 124, 130, 132, 135, 144, 152, 178, 239, 268, 281, 297, 318, 320, 327, 348, 394, 555, 558, 560, 585, 586, 588, 595, 601, 603, 606, 615, 623, 649, 703, 727, 740, 756, 776, 778, 785, 803, 844]","[84, 87, 89, 103, 104, 105, 106, 107, 108, 109, 110, 111, 112, 113, 114, 115, 116, 117, 118, 119, 120, 121, 122, 123, 124, 125, 126, 127, 128, 129, 130, 131, 132, 133, 134, 135, 136, 137, 138, 139, 140, 141, 142, 143, 144, 145, 146, 147, 148, 149, 150, 151, 152, 153, 154, 155, 156, 157, 158, 159, 160, 161, 162, 163, 164, 165, 166, 167, 168, 169, 170, 171, 172, 173, 174, 175, 176, 177, 178, 179, 180, 181, 182, 183, 184, 185, 186, 187, 188, 189, 190, 191, 192, 193, 194, 195, 196, 197, 198, 199, 200, 201, 202, 203, 204, 205, 206, 207, 208, 209, 210, 211, 212, 213, 214, 215, 216, 217, 218, 219, 220, 221, 222, 223, 224, 225, 226, 227, 228, 229, 230, 231, 232, 233, 234, 235, 236, 237, 238, 239, 240, 241, 242, 243, 244, 245, 246, 247, 248, 249, 250, 251, 252, 253, 254, 255, 256, 257, 258, 259, 260, 261, 262, 263, 264, 265, 266, 267, 268, 269, 270, 271, 272, 273, 274, 275, 276, 277, 278, 279, 280, 281, 282, 283, 284, 285, 286, 287, 288, 289, 290, 291, 292, 293, 294, 295, 296, 297, 298, 299, 300, 301, 302, 303, 304, 305, 306, 307, 308, 309, 310, 311, 312, 313, 314, 315, 316, 317, 318, 319, 320, 321, 322, 323, 324, 325, 326, 327, 328, 329, 330, 331, 332, 333, 334, 335, 336, 337, 348, 350, 362, 394, 395, 397, 555, 558, 560, 574, 575, 576, 577, 578, 579, 580, 581, 582, 583, 584, 585, 586, 587, 588, 589, 590, 591, 592, 593, 594, 595, 596, 597, 598, 599, 600, 601, 602, 603, 604, 605, 606, 607, 608, 609, 610, 611, 612, 613, 614, 615, 616, 617, 618, 619, 620, 621, 622, 623, 624, 625, 626, 627, 628, 629, 630, 631, 632, 633, 634, 635, 636, 637, 638, 639, 640, 641, 642, 643, 644, 645, 646, 647, 648, 649, 650, 651, 652, 653, 654, 655, 656, 657, 658, 659, 660, 661, 662, 663, 664, 665, 666, 667, 668, 669, 670, 671, 672, 673, 674, 675, 676, 677, 678, 679, 680, 681, 682, 683, 684, 685, 686, 687, 688, 689, 690, 691, 692, 693, 694, 695, 696, 697, 698, 699, 700, 701, 702, 703, 704, 705, 706, 707, 708, 709, 710, 711, 712, 713, 714, 715, 716, 717, 718, 719, 720, 721, 722, 723, 724, 725, 726, 727, 728, 729, 730, 731, 732, 733, 734, 735, 736, 737, 738, 739, 740, 741, 742, 743, 744, 745, 746, 747, 748, 749, 750, 751, 752, 753, 754, 755, 756, 757, 758, 759, 760, 761, 762, 763, 764, 765, 766, 767, 768, 769, 770, 771, 772, 773, 774, 775, 776, 777, 778, 779, 780, 781, 782, 783, 784, 785, 786, 787, 788, 789, 790, 791, 792, 793, 803, 805, 815, 844, 845, 847]",True,"[130, 601]","[103, 104, 105, 106, 107, 108, 109, 110, 111, 112, 113, 114, 115, 116, 117, 118, 119, 120, 121, 122, 123, 124, 125, 126, 127, 128, 129, 130, 131, 132, 133, 134, 135, 136, 137, 138, 139, 140, 141, 142, 143, 144, 145, 146, 147, 148, 149, 150, 151, 152, 153, 154, 155, 156, 157, 158, 159, 160, 161, 162, 163, 164, 165, 166, 167, 168, 169, 170, 171, 172, 173, 174, 175, 176, 177, 178, 179, 180, 181, 182, 183, 184, 185, 186, 187, 188, 189, 190, 191, 192, 193, 194, 195, 196, 197, 198, 199, 200, 201, 202, 203, 204, 205, 206, 207, 208, 209, 210, 211, 212, 213, 214, 215, 216, 217, 218, 219, 220, 221, 222, 223, 224, 225, 226, 227, 228, 229, 230, 231, 232, 233, 234, 235, 236, 237, 238, 239, 240, 241, 242, 243, 244, 245, 246, 247, 248, 249, 250, 251, 252, 253, 254, 255, 256, 257, 258, 259, 260, 261, 262, 263, 264, 265, 266, 267, 268, 269, 270, 271, 272, 273, 274, 275, 276, 277, 278, 279, 280, 281, 282, 283, 284, 285, 286, 287, 288, 289, 290, 291, 292, 293, 294, 295, 296, 297, 298, 299, 300, 301, 302, 303, 304, 305, 306, 307, 308, 309, 310, 311, 312, 313, 314, 315, 316, 317, 318, 319, 320, 321, 322, 323, 324, 325, 326, 327, 328, 329, 330, 331, 332, 333, 334, 335, 336, 337, 574, 575, 576, 577, 578, 579, 580, 581, 582, 583, 584, 585, 586, 587, 588, 589, 590, 591, 592, 593, 594, 595, 596, 597, 598, 599, 600, 601, 602, 603, 604, 605, 606, 607, 608, 609, 610, 611, 612, 613, 614, 615, 616, 617, 618, 619, 620, 621, 622, 623, 624, 625, 626, 627, 628, 629, 630, 631, 632, 633, 634, 635, 636, 637, 638, 639, 640, 641, 642, 643, 644, 645, 646, 647, 648, 649, 650, 651, 652, 653, 654, 655, 656, 657, 658, 659, 660, 661, 662, 663, 664, 665, 666, 667, 668, 669, 670, 671, 672, 673, 674, 675, 676, 677, 678, 679, 680, 681, 682, 683, 684, 685, 686, 687, 688, 689, 690, 691, 692, 693, 694, 695, 696, 697, 698, 699, 700, 701, 702, 703, 704, 705, 706, 707, 708, 709, 710, 711, 712, 713, 714, 715, 716, 717, 718, 719, 720, 721, 722, 723, 724, 725, 726, 727, 728, 729, 730, 731, 732, 733, 734, 735, 736, 737, 738, 739, 740, 741, 742, 743, 744, 745, 746, 747, 748, 749, 750, 751, 752, 753, 754, 755, 756, 757, 758, 759, 760, 761, 762, 763, 764, 765, 766, 767, 768, 769, 770, 771, 772, 773, 774, 775, 776, 777, 778, 779, 780, 781, 782, 783, 784, 785, 786, 787, 788, 789, 790, 791, 792, 793]","[130, 601]",[],"[122, 130, 171, 179, 184, 187, 238, 248, 251, 258, 301, 350, 362, 395, 397, 593, 601, 642, 650, 655, 658, 702, 711, 714, 720, 805, 815, 845, 847]","[84, 87, 89, 114, 115, 117, 124, 130, 132, 135, 144, 152, 178, 239, 268, 281, 297, 318, 320, 327, 348, 394, 555, 558, 560, 585, 586, 588, 595, 601, 603, 606, 615, 623, 649, 703, 727, 740, 756, 776, 778, 785, 803, 844]",[],7/6 successful match,True,[634],True,318,False,,1.0,True,Big Pine 76,
"Big Pine , 93513 Big Pine 76",760-938-2100 109 US 395 S,<U+2610>,Big Pine,93513,Big Pine 76,760-938-2100,2008,Big Pine,CA,,,109 US 395 S,Proper,,False,,False,US 395,,,,,"[601, 130]","[130, 601]","[130, 601]",[],"[103, 104, 105, 106, 107, 108, 109, 110, 111, 112, 113, 114, 115, 116, 117, 118, 119, 120, 121, 122, 123, 124, 125, 126, 127, 128, 129, 130, 131, 132, 133, 134, 135, 136, 137, 138, 139, 140, 141, 142, 143, 144, 145, 146, 147, 148, 149, 150, 151, 152, 153, 154, 155, 156, 157, 158, 159, 160, 161, 162, 163, 164, 165, 166, 167, 168, 169, 170, 171, 172, 173, 174, 175, 176, 177, 178, 179, 180, 181, 182, 183, 184, 185, 186, 187, 188, 189, 190, 191, 192, 193, 194, 195, 196, 197, 198, 199, 200, 201, 202, 203, 204, 205, 206, 207, 208, 209, 210, 211, 212, 213, 214, 215, 216, 217, 218, 219, 220, 221, 222, 223, 224, 225, 226, 227, 228, 229, 230, 231, 232, 233, 234, 235, 236, 237, 238, 239, 240, 241, 242, 243, 244, 245, 246, 247, 248, 249, 250, 251, 252, 253, 254, 255, 256, 257, 258, 259, 260, 261, 262, 263, 264, 265, 266, 267, 268, 269, 270, 271, 272, 273, 274, 275, 276, 277, 278, 279, 280, 281, 282, 283, 284, 285, 286, 287, 288, 289, 290, 291, 292, 293, 294, 295, 296, 297, 298, 299, 300, 301, 302, 303, 304, 305, 306, 307, 308, 309, 310, 311, 312, 313, 314, 315, 316, 317, 318, 319, 320, 321, 322, 323, 324, 325, 326, 327, 328, 329, 330, 331, 332, 333, 334, 335, 336, 337, 574, 575, 576, 577, 578, 579, 580, 581, 582, 583, 584, 585, 586, 587, 588, 589, 590, 591, 592, 593, 594, 595, 596, 597, 598, 599, 600, 601, 602, 603, 604, 605, 606, 607, 608, 609, 610, 611, 612, 613, 614, 615, 616, 617, 618, 619, 620, 621, 622, 623, 624, 625, 626, 627, 628, 629, 630, 631, 632, 633, 634, 635, 636, 637, 638, 639, 640, 641, 642, 643, 644, 645, 646, 647, 648, 649, 650, 651, 652, 653, 654, 655, 656, 657, 658, 659, 660, 661, 662, 663, 664, 665, 666, 667, 668, 669, 670, 671, 672, 673, 674, 675, 676, 677, 678, 679, 680, 681, 682, 683, 684, 685, 686, 687, 688, 689, 690, 691, 692, 693, 694, 695, 696, 697, 698, 699, 700, 701, 702, 703, 704, 705, 706, 707, 708, 709, 710, 711, 712, 713, 714, 715, 716, 717, 718, 719, 720, 721, 722, 723, 724, 725, 726, 727, 728, 729, 730, 731, 732, 733, 734, 735, 736, 737, 738, 739, 740, 741, 742, 743, 744, 745, 746, 747, 748, 749, 750, 751, 752, 753, 754, 755, 756, 757, 758, 759, 760, 761, 762, 763, 764, 765, 766, 767, 768, 769, 770, 771, 772, 773, 774, 775, 776, 777, 778, 779, 780, 781, 782, 783, 784, 785, 786, 787, 788, 789, 790, 791, 792, 793]","[122, 130, 171, 179, 184, 187, 238, 248, 251, 258, 301, 350, 362, 395, 397, 593, 601, 642, 650, 655, 658, 702, 711, 714, 720, 805, 815, 845, 847]",[],"[84, 87, 89, 114, 115, 117, 124, 130, 132, 135, 144, 152, 178, 239, 268, 281, 297, 318, 320, 327, 348, 394, 555, 558, 560, 585, 586, 588, 595, 601, 603, 606, 615, 623, 649, 703, 727, 740, 756, 776, 778, 785, 803, 844]","[84, 87, 89, 103, 104, 105, 106, 107, 108, 109, 110, 111, 112, 113, 114, 115, 116, 117, 118, 119, 120, 121, 122, 123, 124, 125, 126, 127, 128, 129, 130, 131, 132, 133, 134, 135, 136, 137, 138, 139, 140, 141, 142, 143, 144, 145, 146, 147, 148, 149, 150, 151, 152, 153, 154, 155, 156, 157, 158, 159, 160, 161, 162, 163, 164, 165, 166, 167, 168, 169, 170, 171, 172, 173, 174, 175, 176, 177, 178, 179, 180, 181, 182, 183, 184, 185, 186, 187, 188, 189, 190, 191, 192, 193, 194, 195, 196, 197, 198, 199, 200, 201, 202, 203, 204, 205, 206, 207, 208, 209, 210, 211, 212, 213, 214, 215, 216, 217, 218, 219, 220, 221, 222, 223, 224, 225, 226, 227, 228, 229, 230, 231, 232, 233, 234, 235, 236, 237, 238, 239, 240, 241, 242, 243, 244, 245, 246, 247, 248, 249, 250, 251, 252, 253, 254, 255, 256, 257, 258, 259, 260, 261, 262, 263, 264, 265, 266, 267, 268, 269, 270, 271, 272, 273, 274, 275, 276, 277, 278, 279, 280, 281, 282, 283, 284, 285, 286, 287, 288, 289, 290, 291, 292, 293, 294, 295, 296, 297, 298, 299, 300, 301, 302, 303, 304, 305, 306, 307, 308, 309, 310, 311, 312, 313, 314, 315, 316, 317, 318, 319, 320, 321, 322, 323, 324, 325, 326, 327, 328, 329, 330, 331, 332, 333, 334, 335, 336, 337, 348, 350, 362, 394, 395, 397, 555, 558, 560, 574, 575, 576, 577, 578, 579, 580, 581, 582, 583, 584, 585, 586, 587, 588, 589, 590, 591, 592, 593, 594, 595, 596, 597, 598, 599, 600, 601, 602, 603, 604, 605, 606, 607, 608, 609, 610, 611, 612, 613, 614, 615, 616, 617, 618, 619, 620, 621, 622, 623, 624, 625, 626, 627, 628, 629, 630, 631, 632, 633, 634, 635, 636, 637, 638, 639, 640, 641, 642, 643, 644, 645, 646, 647, 648, 649, 650, 651, 652, 653, 654, 655, 656, 657, 658, 659, 660, 661, 662, 663, 664, 665, 666, 667, 668, 669, 670, 671, 672, 673, 674, 675, 676, 677, 678, 679, 680, 681, 682, 683, 684, 685, 686, 687, 688, 689, 690, 691, 692, 693, 694, 695, 696, 697, 698, 699, 700, 701, 702, 703, 704, 705, 706, 707, 708, 709, 710, 711, 712, 713, 714, 715, 716, 717, 718, 719, 720, 721, 722, 723, 724, 725, 726, 727, 728, 729, 730, 731, 732, 733, 734, 735, 736, 737, 738, 739, 740, 741, 742, 743, 744, 745, 746, 747, 748, 749, 750, 751, 752, 753, 754, 755, 756, 757, 758, 759, 760, 761, 762, 763, 764, 765, 766, 767, 768, 769, 770, 771, 772, 773, 774, 775, 776, 777, 778, 779, 780, 781, 782, 783, 784, 785, 786, 787, 788, 789, 790, 791, 792, 793, 803, 805, 815, 844, 845, 847]",True,"[130, 601]","[103, 104, 105, 106, 107, 108, 109, 110, 111, 112, 113, 114, 115, 116, 117, 118, 119, 120, 121, 122, 123, 124, 125, 126, 127, 128, 129, 130, 131, 132, 133, 134, 135, 136, 137, 138, 139, 140, 141, 142, 143, 144, 145, 146, 147, 148, 149, 150, 151, 152, 153, 154, 155, 156, 157, 158, 159, 160, 161, 162, 163, 164, 165, 166, 167, 168, 169, 170, 171, 172, 173, 174, 175, 176, 177, 178, 179, 180, 181, 182, 183, 184, 185, 186, 187, 188, 189, 190, 191, 192, 193, 194, 195, 196, 197, 198, 199, 200, 201, 202, 203, 204, 205, 206, 207, 208, 209, 210, 211, 212, 213, 214, 215, 216, 217, 218, 219, 220, 221, 222, 223, 224, 225, 226, 227, 228, 229, 230, 231, 232, 233, 234, 235, 236, 237, 238, 239, 240, 241, 242, 243, 244, 245, 246, 247, 248, 249, 250, 251, 252, 253, 254, 255, 256, 257, 258, 259, 260, 261, 262, 263, 264, 265, 266, 267, 268, 269, 270, 271, 272, 273, 274, 275, 276, 277, 278, 279, 280, 281, 282, 283, 284, 285, 286, 287, 288, 289, 290, 291, 292, 293, 294, 295, 296, 297, 298, 299, 300, 301, 302, 303, 304, 305, 306, 307, 308, 309, 310, 311, 312, 313, 314, 315, 316, 317, 318, 319, 320, 321, 322, 323, 324, 325, 326, 327, 328, 329, 330, 331, 332, 333, 334, 335, 336, 337, 574, 575, 576, 577, 578, 579, 580, 581, 582, 583, 584, 585, 586, 587, 588, 589, 590, 591, 592, 593, 594, 595, 596, 597, 598, 599, 600, 601, 602, 603, 604, 605, 606, 607, 608, 609, 610, 611, 612, 613, 614, 615, 616, 617, 618, 619, 620, 621, 622, 623, 624, 625, 626, 627, 628, 629, 630, 631, 632, 633, 634, 635, 636, 637, 638, 639, 640, 641, 642, 643, 644, 645, 646, 647, 648, 649, 650, 651, 652, 653, 654, 655, 656, 657, 658, 659, 660, 661, 662, 663, 664, 665, 666, 667, 668, 669, 670, 671, 672, 673, 674, 675, 676, 677, 678, 679, 680, 681, 682, 683, 684, 685, 686, 687, 688, 689, 690, 691, 692, 693, 694, 695, 696, 697, 698, 699, 700, 701, 702, 703, 704, 705, 706, 707, 708, 709, 710, 711, 712, 713, 714, 715, 716, 717, 718, 719, 720, 721, 722, 723, 724, 725, 726, 727, 728, 729, 730, 731, 732, 733, 734, 735, 736, 737, 738, 739, 740, 741, 742, 743, 744, 745, 746, 747, 748, 749, 750, 751, 752, 753, 754, 755, 756, 757, 758, 759, 760, 761, 762, 763, 764, 765, 766, 767, 768, 769, 770, 771, 772, 773, 774, 775, 776, 777, 778, 779, 780, 781, 782, 783, 784, 785, 786, 787, 788, 789, 790, 791, 792, 793]","[130, 601]",[],"[122, 130, 171, 179, 184, 187, 238, 248, 251, 258, 301, 350, 362, 395, 397, 593, 601, 642, 650, 655, 658, 702, 711, 714, 720, 805, 815, 845, 847]","[84, 87, 89, 114, 115, 117, 124, 130, 132, 135, 144, 152, 178, 239, 268, 281, 297, 318, 320, 327, 348, 394, 555, 558, 560, 585, 586, 588, 595, 601, 603, 606, 615, 623, 649, 703, 727, 740, 756, 776, 778, 785, 803, 844]",[],7/6 successful match,True,[634],True,318,False,,1.0,True,Big Pine 76,
E Big Pine ( 93513 ) Big Pine Shell,760-938-2100 109 US 395 S,<U+2610>,Big Pine,93513,Big Pine Shell,760-938-2100,2014,Big Pine,CA,Shell,,109 US 395 S,Proper,,False,,False,US 395,,,,,"[601, 130]","[130, 601]","[130, 601]",[],"[103, 104, 105, 106, 107, 108, 109, 110, 111, 112, 113, 114, 115, 116, 117, 118, 119, 120, 121, 122, 123, 124, 125, 126, 127, 128, 129, 130, 131, 132, 133, 134, 135, 136, 137, 138, 139, 140, 141, 142, 143, 144, 145, 146, 147, 148, 149, 150, 151, 152, 153, 154, 155, 156, 157, 158, 159, 160, 161, 162, 163, 164, 165, 166, 167, 168, 169, 170, 171, 172, 173, 174, 175, 176, 177, 178, 179, 180, 181, 182, 183, 184, 185, 186, 187, 188, 189, 190, 191, 192, 193, 194, 195, 196, 197, 198, 199, 200, 201, 202, 203, 204, 205, 206, 207, 208, 209, 210, 211, 212, 213, 214, 215, 216, 217, 218, 219, 220, 221, 222, 223, 224, 225, 226, 227, 228, 229, 230, 231, 232, 233, 234, 235, 236, 237, 238, 239, 240, 241, 242, 243, 244, 245, 246, 247, 248, 249, 250, 251, 252, 253, 254, 255, 256, 257, 258, 259, 260, 261, 262, 263, 264, 265, 266, 267, 268, 269, 270, 271, 272, 273, 274, 275, 276, 277, 278, 279, 280, 281, 282, 283, 284, 285, 286, 287, 288, 289, 290, 291, 292, 293, 294, 295, 296, 297, 298, 299, 300, 301, 302, 303, 304, 305, 306, 307, 308, 309, 310, 311, 312, 313, 314, 315, 316, 317, 318, 319, 320, 321, 322, 323, 324, 325, 326, 327, 328, 329, 330, 331, 332, 333, 334, 335, 336, 337, 574, 575, 576, 577, 578, 579, 580, 581, 582, 583, 584, 585, 586, 587, 588, 589, 590, 591, 592, 593, 594, 595, 596, 597, 598, 599, 600, 601, 602, 603, 604, 605, 606, 607, 608, 609, 610, 611, 612, 613, 614, 615, 616, 617, 618, 619, 620, 621, 622, 623, 624, 625, 626, 627, 628, 629, 630, 631, 632, 633, 634, 635, 636, 637, 638, 639, 640, 641, 642, 643, 644, 645, 646, 647, 648, 649, 650, 651, 652, 653, 654, 655, 656, 657, 658, 659, 660, 661, 662, 663, 664, 665, 666, 667, 668, 669, 670, 671, 672, 673, 674, 675, 676, 677, 678, 679, 680, 681, 682, 683, 684, 685, 686, 687, 688, 689, 690, 691, 692, 693, 694, 695, 696, 697, 698, 699, 700, 701, 702, 703, 704, 705, 706, 707, 708, 709, 710, 711, 712, 713, 714, 715, 716, 717, 718, 719, 720, 721, 722, 723, 724, 725, 726, 727, 728, 729, 730, 731, 732, 733, 734, 735, 736, 737, 738, 739, 740, 741, 742, 743, 744, 745, 746, 747, 748, 749, 750, 751, 752, 753, 754, 755, 756, 757, 758, 759, 760, 761, 762, 763, 764, 765, 766, 767, 768, 769, 770, 771, 772, 773, 774, 775, 776, 777, 778, 779, 780, 781, 782, 783, 784, 785, 786, 787, 788, 789, 790, 791, 792, 793]","[122, 130, 171, 179, 184, 187, 238, 248, 251, 258, 301, 350, 362, 395, 397, 593, 601, 642, 650, 655, 658, 702, 711, 714, 720, 805, 815, 845, 847]","[1, 13, 14, 29, 54, 55, 56, 57, 58, 60, 102, 118, 125, 127, 130, 134, 146, 149, 153, 175, 182, 187, 189, 191, 197, 225, 230, 238, 264, 265, 266, 286, 302, 317, 336, 379, 388, 389, 425, 454, 458, 463, 475, 487, 498, 499, 512, 530, 531, 532, 533, 534, 536, 573, 589, 596, 598, 601, 605, 617, 620, 624, 646, 653, 658, 660, 662, 668, 689, 694, 702, 724, 725, 745, 760, 775, 793, 829, 838, 839, 877, 901, 903, 905, 910, 923]","[1, 13, 14, 29, 54, 55, 56, 57, 58, 60, 102, 118, 125, 127, 130, 134, 146, 149, 153, 175, 182, 187, 189, 191, 197, 225, 230, 238, 264, 265, 266, 286, 302, 317, 336, 354, 379, 388, 389, 425, 454, 458, 463, 475, 487, 498, 499, 512, 530, 531, 532, 533, 534, 536, 573, 589, 596, 598, 601, 605, 617, 620, 624, 646, 653, 658, 660, 662, 668, 689, 694, 702, 724, 725, 745, 760, 775, 793, 809, 829, 838, 839, 877, 901, 903, 905, 910, 923]","[1, 13, 14, 29, 54, 55, 56, 57, 58, 60, 102, 103, 104, 105, 106, 107, 108, 109, 110, 111, 112, 113, 114, 115, 116, 117, 118, 119, 120, 121, 122, 123, 124, 125, 126, 127, 128, 129, 130, 131, 132, 133, 134, 135, 136, 137, 138, 139, 140, 141, 142, 143, 144, 145, 146, 147, 148, 149, 150, 151, 152, 153, 154, 155, 156, 157, 158, 159, 160, 161, 162, 163, 164, 165, 166, 167, 168, 169, 170, 171, 172, 173, 174, 175, 176, 177, 178, 179, 180, 181, 182, 183, 184, 185, 186, 187, 188, 189, 190, 191, 192, 193, 194, 195, 196, 197, 198, 199, 200, 201, 202, 203, 204, 205, 206, 207, 208, 209, 210, 211, 212, 213, 214, 215, 216, 217, 218, 219, 220, 221, 222, 223, 224, 225, 226, 227, 228, 229, 230, 231, 232, 233, 234, 235, 236, 237, 238, 239, 240, 241, 242, 243, 244, 245, 246, 247, 248, 249, 250, 251, 252, 253, 254, 255, 256, 257, 258, 259, 260, 261, 262, 263, 264, 265, 266, 267, 268, 269, 270, 271, 272, 273, 274, 275, 276, 277, 278, 279, 280, 281, 282, 283, 284, 285, 286, 287, 288, 289, 290, 291, 292, 293, 294, 295, 296, 297, 298, 299, 300, 301, 302, 303, 304, 305, 306, 307, 308, 309, 310, 311, 312, 313, 314, 315, 316, 317, 318, 319, 320, 321, 322, 323, 324, 325, 326, 327, 328, 329, 330, 331, 332, 333, 334, 335, 336, 337, 350, 354, 362, 379, 388, 389, 395, 397, 425, 454, 458, 463, 475, 487, 498, 499, 512, 530, 531, 532, 533, 534, 536, 573, 574, 575, 576, 577, 578, 579, 580, 581, 582, 583, 584, 585, 586, 587, 588, 589, 590, 591, 592, 593, 594, 595, 596, 597, 598, 599, 600, 601, 602, 603, 604, 605, 606, 607, 608, 609, 610, 611, 612, 613, 614, 615, 616, 617, 618, 619, 620, 621, 622, 623, 624, 625, 626, 627, 628, 629, 630, 631, 632, 633, 634, 635, 636, 637, 638, 639, 640, 641, 642, 643, 644, 645, 646, 647, 648, 649, 650, 651, 652, 653, 654, 655, 656, 657, 658, 659, 660, 661, 662, 663, 664, 665, 666, 667, 668, 669, 670, 671, 672, 673, 674, 675, 676, 677, 678, 679, 680, 681, 682, 683, 684, 685, 686, 687, 688, 689, 690, 691, 692, 693, 694, 695, 696, 697, 698, 699, 700, 701, 702, 703, 704, 705, 706, 707, 708, 709, 710, 711, 712, 713, 714, 715, 716, 717, 718, 719, 720, 721, 722, 723, 724, 725, 726, 727, 728, 729, 730, 731, 732, 733, 734, 735, 736, 737, 738, 739, 740, 741, 742, 743, 744, 745, 746, 747, 748, 749, 750, 751, 752, 753, 754, 755, 756, 757, 758, 759, 760, 761, 762, 763, 764, 765, 766, 767, 768, 769, 770, 771, 772, 773, 774, 775, 776, 777, 778, 779, 780, 781, 782, 783, 784, 785, 786, 787, 788, 789, 790, 791, 792, 793, 805, 809, 815, 829, 838, 839, 845, 847, 877, 901, 903, 905, 910, 923]",True,"[130, 601]","[103, 104, 105, 106, 107, 108, 109, 110, 111, 112, 113, 114, 115, 116, 117, 118, 119, 120, 121, 122, 123, 124, 125, 126, 127, 128, 129, 130, 131, 132, 133, 134, 135, 136, 137, 138, 139, 140, 141, 142, 143, 144, 145, 146, 147, 148, 149, 150, 151, 152, 153, 154, 155, 156, 157, 158, 159, 160, 161, 162, 163, 164, 165, 166, 167, 168, 169, 170, 171, 172, 173, 174, 175, 176, 177, 178, 179, 180, 181, 182, 183, 184, 185, 186, 187, 188, 189, 190, 191, 192, 193, 194, 195, 196, 197, 198, 199, 200, 201, 202, 203, 204, 205, 206, 207, 208, 209, 210, 211, 212, 213, 214, 215, 216, 217, 218, 219, 220, 221, 222, 223, 224, 225, 226, 227, 228, 229, 230, 231, 232, 233, 234, 235, 236, 237, 238, 239, 240, 241, 242, 243, 244, 245, 246, 247, 248, 249, 250, 251, 252, 253, 254, 255, 256, 257, 258, 259, 260, 261, 262, 263, 264, 265, 266, 267, 268, 269, 270, 271, 272, 273, 274, 275, 276, 277, 278, 279, 280, 281, 282, 283, 284, 285, 286, 287, 288, 289, 290, 291, 292, 293, 294, 295, 296, 297, 298, 299, 300, 301, 302, 303, 304, 305, 306, 307, 308, 309, 310, 311, 312, 313, 314, 315, 316, 317, 318, 319, 320, 321, 322, 323, 324, 325, 326, 327, 328, 329, 330, 331, 332, 333, 334, 335, 336, 337, 574, 575, 576, 577, 578, 579, 580, 581, 582, 583, 584, 585, 586, 587, 588, 589, 590, 591, 592, 593, 594, 595, 596, 597, 598, 599, 600, 601, 602, 603, 604, 605, 606, 607, 608, 609, 610, 611, 612, 613, 614, 615, 616, 617, 618, 619, 620, 621, 622, 623, 624, 625, 626, 627, 628, 629, 630, 631, 632, 633, 634, 635, 636, 637, 638, 639, 640, 641, 642, 643, 644, 645, 646, 647, 648, 649, 650, 651, 652, 653, 654, 655, 656, 657, 658, 659, 660, 661, 662, 663, 664, 665, 666, 667, 668, 669, 670, 671, 672, 673, 674, 675, 676, 677, 678, 679, 680, 681, 682, 683, 684, 685, 686, 687, 688, 689, 690, 691, 692, 693, 694, 695, 696, 697, 698, 699, 700, 701, 702, 703, 704, 705, 706, 707, 708, 709, 710, 711, 712, 713, 714, 715, 716, 717, 718, 719, 720, 721, 722, 723, 724, 725, 726, 727, 728, 729, 730, 731, 732, 733, 734, 735, 736, 737, 738, 739, 740, 741, 742, 743, 744, 745, 746, 747, 748, 749, 750, 751, 752, 753, 754, 755, 756, 757, 758, 759, 760, 761, 762, 763, 764, 765, 766, 767, 768, 769, 770, 771, 772, 773, 774, 775, 776, 777, 778, 779, 780, 781, 782, 783, 784, 785, 786, 787, 788, 789, 790, 791, 792, 793]","[130, 601]",[],"[122, 130, 171, 179, 184, 187, 238, 248, 251, 258, 301, 350, 362, 395, 397, 593, 601, 642, 650, 655, 658, 702, 711, 714, 720, 805, 815, 845, 847]","[1, 13, 14, 29, 54, 55, 56, 57, 58, 60, 102, 118, 125, 127, 130, 134, 146, 149, 153, 175, 182, 187, 189, 191, 197, 225, 230, 238, 264, 265, 266, 286, 302, 317, 336, 354, 379, 388, 389, 425, 454, 458, 463, 475, 487, 498, 499, 512, 530, 531, 532, 533, 534, 536, 573, 589, 596, 598, 601, 605, 617, 620, 624, 646, 653, 658, 660, 662, 668, 689, 694, 702, 724, 725, 745, 760, 775, 793, 809, 829, 838, 839, 877, 901, 903, 905, 910, 923]","[1, 13, 14, 29, 54, 55, 56, 57, 58, 60, 102, 118, 125, 127, 130, 134, 146, 149, 153, 175, 182, 187, 189, 191, 197, 225, 230, 238, 264, 265, 266, 286, 302, 317, 336, 379, 388, 389, 425, 454, 458, 463, 475, 487, 498, 499, 512, 530, 531, 532, 533, 534, 536, 573, 589, 596, 598, 601, 605, 617, 620, 624, 646, 653, 658, 660, 662, 668, 689, 694, 702, 724, 725, 745, 760, 775, 793, 829, 838, 839, 877, 901, 903, 905, 910, 923]",7/6 successful match,True,[634],True,318,False,,0.9826666666666667,True,Big Pine 76,
Big Pine ( 93513 ) Big Pine Shell to Gage ),760-938-2100 109 US 395 S,<U+2610> <U+2610> <U+2610>,Big Pine,93513,Big Pine Shell to Gage ),760-938-2100,2015,Big Pine,CA,Shell,,109 US 395 S,Proper,,False,,False,US 395,,,,,"[601, 130]","[130, 601]","[130, 601]",[],"[103, 104, 105, 106, 107, 108, 109, 110, 111, 112, 113, 114, 115, 116, 117, 118, 119, 120, 121, 122, 123, 124, 125, 126, 127, 128, 129, 130, 131, 132, 133, 134, 135, 136, 137, 138, 139, 140, 141, 142, 143, 144, 145, 146, 147, 148, 149, 150, 151, 152, 153, 154, 155, 156, 157, 158, 159, 160, 161, 162, 163, 164, 165, 166, 167, 168, 169, 170, 171, 172, 173, 174, 175, 176, 177, 178, 179, 180, 181, 182, 183, 184, 185, 186, 187, 188, 189, 190, 191, 192, 193, 194, 195, 196, 197, 198, 199, 200, 201, 202, 203, 204, 205, 206, 207, 208, 209, 210, 211, 212, 213, 214, 215, 216, 217, 218, 219, 220, 221, 222, 223, 224, 225, 226, 227, 228, 229, 230, 231, 232, 233, 234, 235, 236, 237, 238, 239, 240, 241, 242, 243, 244, 245, 246, 247, 248, 249, 250, 251, 252, 253, 254, 255, 256, 257, 258, 259, 260, 261, 262, 263, 264, 265, 266, 267, 268, 269, 270, 271, 272, 273, 274, 275, 276, 277, 278, 279, 280, 281, 282, 283, 284, 285, 286, 287, 288, 289, 290, 291, 292, 293, 294, 295, 296, 297, 298, 299, 300, 301, 302, 303, 304, 305, 306, 307, 308, 309, 310, 311, 312, 313, 314, 315, 316, 317, 318, 319, 320, 321, 322, 323, 324, 325, 326, 327, 328, 329, 330, 331, 332, 333, 334, 335, 336, 337, 574, 575, 576, 577, 578, 579, 580, 581, 582, 583, 584, 585, 586, 587, 588, 589, 590, 591, 592, 593, 594, 595, 596, 597, 598, 599, 600, 601, 602, 603, 604, 605, 606, 607, 608, 609, 610, 611, 612, 613, 614, 615, 616, 617, 618, 619, 620, 621, 622, 623, 624, 625, 626, 627, 628, 629, 630, 631, 632, 633, 634, 635, 636, 637, 638, 639, 640, 641, 642, 643, 644, 645, 646, 647, 648, 649, 650, 651, 652, 653, 654, 655, 656, 657, 658, 659, 660, 661, 662, 663, 664, 665, 666, 667, 668, 669, 670, 671, 672, 673, 674, 675, 676, 677, 678, 679, 680, 681, 682, 683, 684, 685, 686, 687, 688, 689, 690, 691, 692, 693, 694, 695, 696, 697, 698, 699, 700, 701, 702, 703, 704, 705, 706, 707, 708, 709, 710, 711, 712, 713, 714, 715, 716, 717, 718, 719, 720, 721, 722, 723, 724, 725, 726, 727, 728, 729, 730, 731, 732, 733, 734, 735, 736, 737, 738, 739, 740, 741, 742, 743, 744, 745, 746, 747, 748, 749, 750, 751, 752, 753, 754, 755, 756, 757, 758, 759, 760, 761, 762, 763, 764, 765, 766, 767, 768, 769, 770, 771, 772, 773, 774, 775, 776, 777, 778, 779, 780, 781, 782, 783, 784, 785, 786, 787, 788, 789, 790, 791, 792, 793]","[122, 130, 171, 179, 184, 187, 238, 248, 251, 258, 301, 350, 362, 395, 397, 593, 601, 642, 650, 655, 658, 702, 711, 714, 720, 805, 815, 845, 847]","[1, 13, 14, 29, 54, 55, 56, 57, 58, 60, 102, 118, 125, 127, 130, 134, 146, 149, 153, 175, 182, 187, 189, 191, 197, 225, 230, 238, 264, 265, 266, 286, 302, 317, 336, 379, 388, 389, 425, 454, 458, 463, 475, 487, 498, 499, 512, 530, 531, 532, 533, 534, 536, 573, 589, 596, 598, 601, 605, 617, 620, 624, 646, 653, 658, 660, 662, 668, 689, 694, 702, 724, 725, 745, 760, 775, 793, 829, 838, 839, 877, 901, 903, 905, 910, 923]","[1, 13, 14, 29, 54, 55, 56, 57, 58, 60, 102, 118, 125, 127, 130, 134, 146, 149, 153, 175, 182, 187, 189, 191, 197, 225, 230, 238, 264, 265, 266, 286, 302, 317, 336, 354, 379, 388, 389, 425, 454, 458, 463, 475, 487, 498, 499, 512, 530, 531, 532, 533, 534, 536, 573, 589, 596, 598, 601, 605, 617, 620, 624, 646, 653, 658, 660, 662, 668, 689, 694, 702, 724, 725, 745, 760, 775, 793, 809, 829, 838, 839, 877, 901, 903, 905, 910, 923]","[1, 13, 14, 29, 54, 55, 56, 57, 58, 60, 102, 103, 104, 105, 106, 107, 108, 109, 110, 111, 112, 113, 114, 115, 116, 117, 118, 119, 120, 121, 122, 123, 124, 125, 126, 127, 128, 129, 130, 131, 132, 133, 134, 135, 136, 137, 138, 139, 140, 141, 142, 143, 144, 145, 146, 147, 148, 149, 150, 151, 152, 153, 154, 155, 156, 157, 158, 159, 160, 161, 162, 163, 164, 165, 166, 167, 168, 169, 170, 171, 172, 173, 174, 175, 176, 177, 178, 179, 180, 181, 182, 183, 184, 185, 186, 187, 188, 189, 190, 191, 192, 193, 194, 195, 196, 197, 198, 199, 200, 201, 202, 203, 204, 205, 206, 207, 208, 209, 210, 211, 212, 213, 214, 215, 216, 217, 218, 219, 220, 221, 222, 223, 224, 225, 226, 227, 228, 229, 230, 231, 232, 233, 234, 235, 236, 237, 238, 239, 240, 241, 242, 243, 244, 245, 246, 247, 248, 249, 250, 251, 252, 253, 254, 255, 256, 257, 258, 259, 260, 261, 262, 263, 264, 265, 266, 267, 268, 269, 270, 271, 272, 273, 274, 275, 276, 277, 278, 279, 280, 281, 282, 283, 284, 285, 286, 287, 288, 289, 290, 291, 292, 293, 294, 295, 296, 297, 298, 299, 300, 301, 302, 303, 304, 305, 306, 307, 308, 309, 310, 311, 312, 313, 314, 315, 316, 317, 318, 319, 320, 321, 322, 323, 324, 325, 326, 327, 328, 329, 330, 331, 332, 333, 334, 335, 336, 337, 350, 354, 362, 379, 388, 389, 395, 397, 425, 454, 458, 463, 475, 487, 498, 499, 512, 530, 531, 532, 533, 534, 536, 573, 574, 575, 576, 577, 578, 579, 580, 581, 582, 583, 584, 585, 586, 587, 588, 589, 590, 591, 592, 593, 594, 595, 596, 597, 598, 599, 600, 601, 602, 603, 604, 605, 606, 607, 608, 609, 610, 611, 612, 613, 614, 615, 616, 617, 618, 619, 620, 621, 622, 623, 624, 625, 626, 627, 628, 629, 630, 631, 632, 633, 634, 635, 636, 637, 638, 639, 640, 641, 642, 643, 644, 645, 646, 647, 648, 649, 650, 651, 652, 653, 654, 655, 656, 657, 658, 659, 660, 661, 662, 663, 664, 665, 666, 667, 668, 669, 670, 671, 672, 673, 674, 675, 676, 677, 678, 679, 680, 681, 682, 683, 684, 685, 686, 687, 688, 689, 690, 691, 692, 693, 694, 695, 696, 697, 698, 699, 700, 701, 702, 703, 704, 705, 706, 707, 708, 709, 710, 711, 712, 713, 714, 715, 716, 717, 718, 719, 720, 721, 722, 723, 724, 725, 726, 727, 728, 729, 730, 731, 732, 733, 734, 735, 736, 737, 738, 739, 740, 741, 742, 743, 744, 745, 746, 747, 748, 749, 750, 751, 752, 753, 754, 755, 756, 757, 758, 759, 760, 761, 762, 763, 764, 765, 766, 767, 768, 769, 770, 771, 772, 773, 774, 775, 776, 777, 778, 779, 780, 781, 782, 783, 784, 785, 786, 787, 788, 789, 790, 791, 792, 793, 805, 809, 815, 829, 838, 839, 845, 847, 877, 901, 903, 905, 910, 923]",True,"[130, 601]","[103, 104, 105, 106, 107, 108, 109, 110, 111, 112, 113, 114, 115, 116, 117, 118, 119, 120, 121, 122, 123, 124, 125, 126, 127, 128, 129, 130, 131, 132, 133, 134, 135, 136, 137, 138, 139, 140, 141, 142, 143, 144, 145, 146, 147, 148, 149, 150, 151, 152, 153, 154, 155, 156, 157, 158, 159, 160, 161, 162, 163, 164, 165, 166, 167, 168, 169, 170, 171, 172, 173, 174, 175, 176, 177, 178, 179, 180, 181, 182, 183, 184, 185, 186, 187, 188, 189, 190, 191, 192, 193, 194, 195, 196, 197, 198, 199, 200, 201, 202, 203, 204, 205, 206, 207, 208, 209, 210, 211, 212, 213, 214, 215, 216, 217, 218, 219, 220, 221, 222, 223, 224, 225, 226, 227, 228, 229, 230, 231, 232, 233, 234, 235, 236, 237, 238, 239, 240, 241, 242, 243, 244, 245, 246, 247, 248, 249, 250, 251, 252, 253, 254, 255, 256, 257, 258, 259, 260, 261, 262, 263, 264, 265, 266, 267, 268, 269, 270, 271, 272, 273, 274, 275, 276, 277, 278, 279, 280, 281, 282, 283, 284, 285, 286, 287, 288, 289, 290, 291, 292, 293, 294, 295, 296, 297, 298, 299, 300, 301, 302, 303, 304, 305, 306, 307, 308, 309, 310, 311, 312, 313, 314, 315, 316, 317, 318, 319, 320, 321, 322, 323, 324, 325, 326, 327, 328, 329, 330, 331, 332, 333, 334, 335, 336, 337, 574, 575, 576, 577, 578, 579, 580, 581, 582, 583, 584, 585, 586, 587, 588, 589, 590, 591, 592, 593, 594, 595, 596, 597, 598, 599, 600, 601, 602, 603, 604, 605, 606, 607, 608, 609, 610, 611, 612, 613, 614, 615, 616, 617, 618, 619, 620, 621, 622, 623, 624, 625, 626, 627, 628, 629, 630, 631, 632, 633, 634, 635, 636, 637, 638, 639, 640, 641, 642, 643, 644, 645, 646, 647, 648, 649, 650, 651, 652, 653, 654, 655, 656, 657, 658, 659, 660, 661, 662, 663, 664, 665, 666, 667, 668, 669, 670, 671, 672, 673, 674, 675, 676, 677, 678, 679, 680, 681, 682, 683, 684, 685, 686, 687, 688, 689, 690, 691, 692, 693, 694, 695, 696, 697, 698, 699, 700, 701, 702, 703, 704, 705, 706, 707, 708, 709, 710, 711, 712, 713, 714, 715, 716, 717, 718, 719, 720, 721, 722, 723, 724, 725, 726, 727, 728, 729, 730, 731, 732, 733, 734, 735, 736, 737, 738, 739, 740, 741, 742, 743, 744, 745, 746, 747, 748, 749, 750, 751, 752, 753, 754, 755, 756, 757, 758, 759, 760, 761, 762, 763, 764, 765, 766, 767, 768, 769, 770, 771, 772, 773, 774, 775, 776, 777, 778, 779, 780, 781, 782, 783, 784, 785, 786, 787, 788, 789, 790, 791, 792, 793]","[130, 601]",[],"[122, 130, 171, 179, 184, 187, 238, 248, 251, 258, 301, 350, 362, 395, 397, 593, 601, 642, 650, 655, 658, 702, 711, 714, 720, 805, 815, 845, 847]","[1, 13, 14, 29, 54, 55, 56, 57, 58, 60, 102, 118, 125, 127, 130, 134, 146, 149, 153, 175, 182, 187, 189, 191, 197, 225, 230, 238, 264, 265, 266, 286, 302, 317, 336, 354, 379, 388, 389, 425, 454, 458, 463, 475, 487, 498, 499, 512, 530, 531, 532, 533, 534, 536, 573, 589, 596, 598, 601, 605, 617, 620, 624, 646, 653, 658, 660, 662, 668, 689, 694, 702, 724, 725, 745, 760, 775, 793, 809, 829, 838, 839, 877, 901, 903, 905, 910, 923]","[1, 13, 14, 29, 54, 55, 56, 57, 58, 60, 102, 118, 125, 127, 130, 134, 146, 149, 153, 175, 182, 187, 189, 191, 197, 225, 230, 238, 264, 265, 266, 286, 302, 317, 336, 379, 388, 389, 425, 454, 458, 463, 475, 487, 498, 499, 512, 530, 531, 532, 533, 534, 536, 573, 589, 596, 598, 601, 605, 617, 620, 624, 646, 653, 658, 660, 662, 668, 689, 694, 702, 724, 725, 745, 760, 775, 793, 829, 838, 839, 877, 901, 903, 905, 910, 923]",7/6 successful match,True,[634],True,318,False,,1.0,True,Big Pine Shell,Shell
Big Pine ( 93513 ) Big Pine Shell,760-938-2100 109 US 395 S,HRS <U+2610>,Big Pine,93513,Big Pine Shell,760-938-2100,2016,Big Pine,CA,Shell,,109 US 395 S,Proper,,False,,False,US 395,,,,,"[601, 130]","[130, 601]","[130, 601]",[],"[103, 104, 105, 106, 107, 108, 109, 110, 111, 112, 113, 114, 115, 116, 117, 118, 119, 120, 121, 122, 123, 124, 125, 126, 127, 128, 129, 130, 131, 132, 133, 134, 135, 136, 137, 138, 139, 140, 141, 142, 143, 144, 145, 146, 147, 148, 149, 150, 151, 152, 153, 154, 155, 156, 157, 158, 159, 160, 161, 162, 163, 164, 165, 166, 167, 168, 169, 170, 171, 172, 173, 174, 175, 176, 177, 178, 179, 180, 181, 182, 183, 184, 185, 186, 187, 188, 189, 190, 191, 192, 193, 194, 195, 196, 197, 198, 199, 200, 201, 202, 203, 204, 205, 206, 207, 208, 209, 210, 211, 212, 213, 214, 215, 216, 217, 218, 219, 220, 221, 222, 223, 224, 225, 226, 227, 228, 229, 230, 231, 232, 233, 234, 235, 236, 237, 238, 239, 240, 241, 242, 243, 244, 245, 246, 247, 248, 249, 250, 251, 252, 253, 254, 255, 256, 257, 258, 259, 260, 261, 262, 263, 264, 265, 266, 267, 268, 269, 270, 271, 272, 273, 274, 275, 276, 277, 278, 279, 280, 281, 282, 283, 284, 285, 286, 287, 288, 289, 290, 291, 292, 293, 294, 295, 296, 297, 298, 299, 300, 301, 302, 303, 304, 305, 306, 307, 308, 309, 310, 311, 312, 313, 314, 315, 316, 317, 318, 319, 320, 321, 322, 323, 324, 325, 326, 327, 328, 329, 330, 331, 332, 333, 334, 335, 336, 337, 574, 575, 576, 577, 578, 579, 580, 581, 582, 583, 584, 585, 586, 587, 588, 589, 590, 591, 592, 593, 594, 595, 596, 597, 598, 599, 600, 601, 602, 603, 604, 605, 606, 607, 608, 609, 610, 611, 612, 613, 614, 615, 616, 617, 618, 619, 620, 621, 622, 623, 624, 625, 626, 627, 628, 629, 630, 631, 632, 633, 634, 635, 636, 637, 638, 639, 640, 641, 642, 643, 644, 645, 646, 647, 648, 649, 650, 651, 652, 653, 654, 655, 656, 657, 658, 659, 660, 661, 662, 663, 664, 665, 666, 667, 668, 669, 670, 671, 672, 673, 674, 675, 676, 677, 678, 679, 680, 681, 682, 683, 684, 685, 686, 687, 688, 689, 690, 691, 692, 693, 694, 695, 696, 697, 698, 699, 700, 701, 702, 703, 704, 705, 706, 707, 708, 709, 710, 711, 712, 713, 714, 715, 716, 717, 718, 719, 720, 721, 722, 723, 724, 725, 726, 727, 728, 729, 730, 731, 732, 733, 734, 735, 736, 737, 738, 739, 740, 741, 742, 743, 744, 745, 746, 747, 748, 749, 750, 751, 752, 753, 754, 755, 756, 757, 758, 759, 760, 761, 762, 763, 764, 765, 766, 767, 768, 769, 770, 771, 772, 773, 774, 775, 776, 777, 778, 779, 780, 781, 782, 783, 784, 785, 786, 787, 788, 789, 790, 791, 792, 793]","[122, 130, 171, 179, 184, 187, 238, 248, 251, 258, 301, 350, 362, 395, 397, 593, 601, 642, 650, 655, 658, 702, 711, 714, 720, 805, 815, 845, 847]","[1, 13, 14, 29, 54, 55, 56, 57, 58, 60, 102, 118, 125, 127, 130, 134, 146, 149, 153, 175, 182, 187, 189, 191, 197, 225, 230, 238, 264, 265, 266, 286, 302, 317, 336, 379, 388, 389, 425, 454, 458, 463, 475, 487, 498, 499, 512, 530, 531, 532, 533, 534, 536, 573, 589, 596, 598, 601, 605, 617, 620, 624, 646, 653, 658, 660, 662, 668, 689, 694, 702, 724, 725, 745, 760, 775, 793, 829, 838, 839, 877, 901, 903, 905, 910, 923]","[1, 13, 14, 29, 54, 55, 56, 57, 58, 60, 102, 118, 125, 127, 130, 134, 146, 149, 153, 175, 182, 187, 189, 191, 197, 225, 230, 238, 264, 265, 266, 286, 302, 317, 336, 354, 379, 388, 389, 425, 454, 458, 463, 475, 487, 498, 499, 512, 530, 531, 532, 533, 534, 536, 573, 589, 596, 598, 601, 605, 617, 620, 624, 646, 653, 658, 660, 662, 668, 689, 694, 702, 724, 725, 745, 760, 775, 793, 809, 829, 838, 839, 877, 901, 903, 905, 910, 923]","[1, 13, 14, 29, 54, 55, 56, 57, 58, 60, 102, 103, 104, 105, 106, 107, 108, 109, 110, 111, 112, 113, 114, 115, 116, 117, 118, 119, 120, 121, 122, 123, 124, 125, 126, 127, 128, 129, 130, 131, 132, 133, 134, 135, 136, 137, 138, 139, 140, 141, 142, 143, 144, 145, 146, 147, 148, 149, 150, 151, 152, 153, 154, 155, 156, 157, 158, 159, 160, 161, 162, 163, 164, 165, 166, 167, 168, 169, 170, 171, 172, 173, 174, 175, 176, 177, 178, 179, 180, 181, 182, 183, 184, 185, 186, 187, 188, 189, 190, 191, 192, 193, 194, 195, 196, 197, 198, 199, 200, 201, 202, 203, 204, 205, 206, 207, 208, 209, 210, 211, 212, 213, 214, 215, 216, 217, 218, 219, 220, 221, 222, 223, 224, 225, 226, 227, 228, 229, 230, 231, 232, 233, 234, 235, 236, 237, 238, 239, 240, 241, 242, 243, 244, 245, 246, 247, 248, 249, 250, 251, 252, 253, 254, 255, 256, 257, 258, 259, 260, 261, 262, 263, 264, 265, 266, 267, 268, 269, 270, 271, 272, 273, 274, 275, 276, 277, 278, 279, 280, 281, 282, 283, 284, 285, 286, 287, 288, 289, 290, 291, 292, 293, 294, 295, 296, 297, 298, 299, 300, 301, 302, 303, 304, 305, 306, 307, 308, 309, 310, 311, 312, 313, 314, 315, 316, 317, 318, 319, 320, 321, 322, 323, 324, 325, 326, 327, 328, 329, 330, 331, 332, 333, 334, 335, 336, 337, 350, 354, 362, 379, 388, 389, 395, 397, 425, 454, 458, 463, 475, 487, 498, 499, 512, 530, 531, 532, 533, 534, 536, 573, 574, 575, 576, 577, 578, 579, 580, 581, 582, 583, 584, 585, 586, 587, 588, 589, 590, 591, 592, 593, 594, 595, 596, 597, 598, 599, 600, 601, 602, 603, 604, 605, 606, 607, 608, 609, 610, 611, 612, 613, 614, 615, 616, 617, 618, 619, 620, 621, 622, 623, 624, 625, 626, 627, 628, 629, 630, 631, 632, 633, 634, 635, 636, 637, 638, 639, 640, 641, 642, 643, 644, 645, 646, 647, 648, 649, 650, 651, 652, 653, 654, 655, 656, 657, 658, 659, 660, 661, 662, 663, 664, 665, 666, 667, 668, 669, 670, 671, 672, 673, 674, 675, 676, 677, 678, 679, 680, 681, 682, 683, 684, 685, 686, 687, 688, 689, 690, 691, 692, 693, 694, 695, 696, 697, 698, 699, 700, 701, 702, 703, 704, 705, 706, 707, 708, 709, 710, 711, 712, 713, 714, 715, 716, 717, 718, 719, 720, 721, 722, 723, 724, 725, 726, 727, 728, 729, 730, 731, 732, 733, 734, 735, 736, 737, 738, 739, 740, 741, 742, 743, 744, 745, 746, 747, 748, 749, 750, 751, 752, 753, 754, 755, 756, 757, 758, 759, 760, 761, 762, 763, 764, 765, 766, 767, 768, 769, 770, 771, 772, 773, 774, 775, 776, 777, 778, 779, 780, 781, 782, 783, 784, 785, 786, 787, 788, 789, 790, 791, 792, 793, 805, 809, 815, 829, 838, 839, 845, 847, 877, 901, 903, 905, 910, 923]",True,"[130, 601]","[103, 104, 105, 106, 107, 108, 109, 110, 111, 112, 113, 114, 115, 116, 117, 118, 119, 120, 121, 122, 123, 124, 125, 126, 127, 128, 129, 130, 131, 132, 133, 134, 135, 136, 137, 138, 139, 140, 141, 142, 143, 144, 145, 146, 147, 148, 149, 150, 151, 152, 153, 154, 155, 156, 157, 158, 159, 160, 161, 162, 163, 164, 165, 166, 167, 168, 169, 170, 171, 172, 173, 174, 175, 176, 177, 178, 179, 180, 181, 182, 183, 184, 185, 186, 187, 188, 189, 190, 191, 192, 193, 194, 195, 196, 197, 198, 199, 200, 201, 202, 203, 204, 205, 206, 207, 208, 209, 210, 211, 212, 213, 214, 215, 216, 217, 218, 219, 220, 221, 222, 223, 224, 225, 226, 227, 228, 229, 230, 231, 232, 233, 234, 235, 236, 237, 238, 239, 240, 241, 242, 243, 244, 245, 246, 247, 248, 249, 250, 251, 252, 253, 254, 255, 256, 257, 258, 259, 260, 261, 262, 263, 264, 265, 266, 267, 268, 269, 270, 271, 272, 273, 274, 275, 276, 277, 278, 279, 280, 281, 282, 283, 284, 285, 286, 287, 288, 289, 290, 291, 292, 293, 294, 295, 296, 297, 298, 299, 300, 301, 302, 303, 304, 305, 306, 307, 308, 309, 310, 311, 312, 313, 314, 315, 316, 317, 318, 319, 320, 321, 322, 323, 324, 325, 326, 327, 328, 329, 330, 331, 332, 333, 334, 335, 336, 337, 574, 575, 576, 577, 578, 579, 580, 581, 582, 583, 584, 585, 586, 587, 588, 589, 590, 591, 592, 593, 594, 595, 596, 597, 598, 599, 600, 601, 602, 603, 604, 605, 606, 607, 608, 609, 610, 611, 612, 613, 614, 615, 616, 617, 618, 619, 620, 621, 622, 623, 624, 625, 626, 627, 628, 629, 630, 631, 632, 633, 634, 635, 636, 637, 638, 639, 640, 641, 642, 643, 644, 645, 646, 647, 648, 649, 650, 651, 652, 653, 654, 655, 656, 657, 658, 659, 660, 661, 662, 663, 664, 665, 666, 667, 668, 669, 670, 671, 672, 673, 674, 675, 676, 677, 678, 679, 680, 681, 682, 683, 684, 685, 686, 687, 688, 689, 690, 691, 692, 693, 694, 695, 696, 697, 698, 699, 700, 701, 702, 703, 704, 705, 706, 707, 708, 709, 710, 711, 712, 713, 714, 715, 716, 717, 718, 719, 720, 721, 722, 723, 724, 725, 726, 727, 728, 729, 730, 731, 732, 733, 734, 735, 736, 737, 738, 739, 740, 741, 742, 743, 744, 745, 746, 747, 748, 749, 750, 751, 752, 753, 754, 755, 756, 757, 758, 759, 760, 761, 762, 763, 764, 765, 766, 767, 768, 769, 770, 771, 772, 773, 774, 775, 776, 777, 778, 779, 780, 781, 782, 783, 784, 785, 786, 787, 788, 789, 790, 791, 792, 793]","[130, 601]",[],"[122, 130, 171, 179, 184, 187, 238, 248, 251, 258, 301, 350, 362, 395, 397, 593, 601, 642, 650, 655, 658, 702, 711, 714, 720, 805, 815, 845, 847]","[1, 13, 14, 29, 54, 55, 56, 57, 58, 60, 102, 118, 125, 127, 130, 134, 146, 149, 153, 175, 182, 187, 189, 191, 197, 225, 230, 238, 264, 265, 266, 286, 302, 317, 336, 354, 379, 388, 389, 425, 454, 458, 463, 475, 487, 498, 499, 512, 530, 531, 532, 533, 534, 536, 573, 589, 596, 598, 601, 605, 617, 620, 624, 646, 653, 658, 660, 662, 668, 689, 694, 702, 724, 725, 745, 760, 775, 793, 809, 829, 838, 839, 877, 901, 903, 905, 910, 923]","[1, 13, 14, 29, 54, 55, 56, 57, 58, 60, 102, 118, 125, 127, 130, 134, 146, 149, 153, 175, 182, 187, 189, 191, 197, 225, 230, 238, 264, 265, 266, 286, 302, 317, 336, 379, 388, 389, 425, 454, 458, 463, 475, 487, 498, 499, 512, 530, 531, 532, 533, 534, 536, 573, 589, 596, 598, 601, 605, 617, 620, 624, 646, 653, 658, 660, 662, 668, 689, 694, 702, 724, 725, 745, 760, 775, 793, 829, 838, 839, 877, 901, 903, 905, 910, 923]",7/6 successful match,True,[634],True,318,False,,1.0,True,Big Pine Shell to Gage ),Shell
"Bishop , 93514 Inyo Shell Y - Mart",760-873-6335 US 6 & US 395,FIRS 24 XL,Bishop,93514,Inyo Shell Y - Mart,760-873-6335,2006,Bishop,CA,Shell,,US 6 & US 395,empty,,False,,False,US 6,US 395,,,,"[658, 187]","[122, 187, 593, 658]","[122, 187, 593, 658]",[],"[103, 104, 105, 106, 107, 108, 109, 110, 111, 112, 113, 114, 115, 116, 117, 118, 119, 120, 121, 122, 123, 124, 125, 126, 127, 128, 129, 130, 131, 132, 133, 134, 135, 136, 137, 138, 139, 140, 141, 142, 143, 144, 145, 146, 147, 148, 149, 150, 151, 152, 153, 154, 155, 156, 157, 158, 159, 160, 161, 162, 163, 164, 165, 166, 167, 168, 169, 170, 171, 172, 173, 174, 175, 176, 177, 178, 179, 180, 181, 182, 183, 184, 185, 186, 187, 188, 189, 190, 191, 192, 193, 194, 195, 196, 197, 198, 199, 200, 201, 202, 203, 204, 205, 206, 207, 208, 209, 210, 211, 212, 213, 214, 215, 216, 217, 218, 219, 220, 221, 222, 223, 224, 225, 226, 227, 228, 229, 230, 231, 232, 233, 234, 235, 236, 237, 238, 239, 240, 241, 242, 243, 244, 245, 246, 247, 248, 249, 250, 251, 252, 253, 254, 255, 256, 257, 258, 259, 260, 261, 262, 263, 264, 265, 266, 267, 268, 269, 270, 271, 272, 273, 274, 275, 276, 277, 278, 279, 280, 281, 282, 283, 284, 285, 286, 287, 288, 289, 290, 291, 292, 293, 294, 295, 296, 297, 298, 299, 300, 301, 302, 303, 304, 305, 306, 307, 308, 309, 310, 311, 312, 313, 314, 315, 316, 317, 318, 319, 320, 321, 322, 323, 324, 325, 326, 327, 328, 329, 330, 331, 332, 333, 334, 335, 336, 337, 574, 575, 576, 577, 578, 579, 580, 581, 582, 583, 584, 585, 586, 587, 588, 589, 590, 591, 592, 593, 594, 595, 596, 597, 598, 599, 600, 601, 602, 603, 604, 605, 606, 607, 608, 609, 610, 611, 612, 613, 614, 615, 616, 617, 618, 619, 620, 621, 622, 623, 624, 625, 626, 627, 628, 629, 630, 631, 632, 633, 634, 635, 636, 637, 638, 639, 640, 641, 642, 643, 644, 645, 646, 647, 648, 649, 650, 651, 652, 653, 654, 655, 656, 657, 658, 659, 660, 661, 662, 663, 664, 665, 666, 667, 668, 669, 670, 671, 672, 673, 674, 675, 676, 677, 678, 679, 680, 681, 682, 683, 684, 685, 686, 687, 688, 689, 690, 691, 692, 693, 694, 695, 696, 697, 698, 699, 700, 701, 702, 703, 704, 705, 706, 707, 708, 709, 710, 711, 712, 713, 714, 715, 716, 717, 718, 719, 720, 721, 722, 723, 724, 725, 726, 727, 728, 729, 730, 731, 732, 733, 734, 735, 736, 737, 738, 739, 740, 741, 742, 743, 744, 745, 746, 747, 748, 749, 750, 751, 752, 753, 754, 755, 756, 757, 758, 759, 760, 761, 762, 763, 764, 765, 766, 767, 768, 769, 770, 771, 772, 773, 774, 775, 776, 777, 778, 779, 780, 781, 782, 783, 784, 785, 786, 787, 788, 789, 790, 791, 792, 793]","[122, 130, 171, 179, 184, 187, 238, 248, 251, 258, 268, 285, 301, 350, 360, 362, 372, 386, 395, 397, 407, 453, 593, 601, 642, 650, 655, 658, 702, 711, 714, 720, 727, 744, 805, 815, 822, 836, 845, 847, 856, 900]","[1, 13, 14, 29, 54, 55, 56, 57, 58, 60, 102, 118, 125, 127, 130, 134, 146, 149, 153, 175, 182, 187, 189, 191, 197, 225, 230, 238, 264, 265, 266, 286, 302, 317, 336, 379, 388, 389, 425, 454, 458, 463, 475, 487, 498, 499, 512, 530, 531, 532, 533, 534, 536, 573, 589, 596, 598, 601, 605, 617, 620, 624, 646, 653, 658, 660, 662, 668, 689, 694, 702, 724, 725, 745, 760, 775, 793, 829, 838, 839, 877, 901, 903, 905, 910, 923]","[1, 13, 14, 29, 54, 55, 56, 57, 58, 60, 102, 118, 125, 127, 130, 134, 146, 149, 153, 175, 182, 187, 189, 191, 197, 225, 230, 238, 264, 265, 266, 286, 302, 317, 336, 354, 379, 388, 389, 425, 454, 458, 463, 475, 487, 498, 499, 512, 530, 531, 532, 533, 534, 536, 573, 589, 596, 598, 601, 605, 617, 620, 624, 646, 653, 658, 660, 662, 668, 689, 694, 702, 724, 725, 745, 760, 775, 793, 809, 829, 838, 839, 877, 901, 903, 905, 910, 923]","[1, 13, 14, 29, 54, 55, 56, 57, 58, 60, 102, 103, 104, 105, 106, 107, 108, 109, 110, 111, 112, 113, 114, 115, 116, 117, 118, 119, 120, 121, 122, 123, 124, 125, 126, 127, 128, 129, 130, 131, 132, 133, 134, 135, 136, 137, 138, 139, 140, 141, 142, 143, 144, 145, 146, 147, 148, 149, 150, 151, 152, 153, 154, 155, 156, 157, 158, 159, 160, 161, 162, 163, 164, 165, 166, 167, 168, 169, 170, 171, 172, 173, 174, 175, 176, 177, 178, 179, 180, 181, 182, 183, 184, 185, 186, 187, 188, 189, 190, 191, 192, 193, 194, 195, 196, 197, 198, 199, 200, 201, 202, 203, 204, 205, 206, 207, 208, 209, 210, 211, 212, 213, 214, 215, 216, 217, 218, 219, 220, 221, 222, 223, 224, 225, 226, 227, 228, 229, 230, 231, 232, 233, 234, 235, 236, 237, 238, 239, 240, 241, 242, 243, 244, 245, 246, 247, 248, 249, 250, 251, 252, 253, 254, 255, 256, 257, 258, 259, 260, 261, 262, 263, 264, 265, 266, 267, 268, 269, 270, 271, 272, 273, 274, 275, 276, 277, 278, 279, 280, 281, 282, 283, 284, 285, 286, 287, 288, 289, 290, 291, 292, 293, 294, 295, 296, 297, 298, 299, 300, 301, 302, 303, 304, 305, 306, 307, 308, 309, 310, 311, 312, 313, 314, 315, 316, 317, 318, 319, 320, 321, 322, 323, 324, 325, 326, 327, 328, 329, 330, 331, 332, 333, 334, 335, 336, 337, 350, 354, 360, 362, 372, 379, 386, 388, 389, 395, 397, 407, 425, 453, 454, 458, 463, 475, 487, 498, 499, 512, 530, 531, 532, 533, 534, 536, 573, 574, 575, 576, 577, 578, 579, 580, 581, 582, 583, 584, 585, 586, 587, 588, 589, 590, 591, 592, 593, 594, 595, 596, 597, 598, 599, 600, 601, 602, 603, 604, 605, 606, 607, 608, 609, 610, 611, 612, 613, 614, 615, 616, 617, 618, 619, 620, 621, 622, 623, 624, 625, 626, 627, 628, 629, 630, 631, 632, 633, 634, 635, 636, 637, 638, 639, 640, 641, 642, 643, 644, 645, 646, 647, 648, 649, 650, 651, 652, 653, 654, 655, 656, 657, 658, 659, 660, 661, 662, 663, 664, 665, 666, 667, 668, 669, 670, 671, 672, 673, 674, 675, 676, 677, 678, 679, 680, 681, 682, 683, 684, 685, 686, 687, 688, 689, 690, 691, 692, 693, 694, 695, 696, 697, 698, 699, 700, 701, 702, 703, 704, 705, 706, 707, 708, 709, 710, 711, 712, 713, 714, 715, 716, 717, 718, 719, 720, 721, 722, 723, 724, 725, 726, 727, 728, 729, 730, 731, 732, 733, 734, 735, 736, 737, 738, 739, 740, 741, 742, 743, 744, 745, 746, 747, 748, 749, 750, 751, 752, 753, 754, 755, 756, 757, 758, 759, 760, 761, 762, 763, 764, 765, 766, 767, 768, 769, 770, 771, 772, 773, 774, 775, 776, 777, 778, 779, 780, 781, 782, 783, 784, 785, 786, 787, 788, 789, 790, 791, 792, 793, 805, 809, 815, 822, 829, 836, 838, 839, 845, 847, 856, 877, 900, 901, 903, 905, 910, 923]",True,"[122, 187, 593, 658]","[103, 104, 105, 106, 107, 108, 109, 110, 111, 112, 113, 114, 115, 116, 117, 118, 119, 120, 121, 122, 123, 124, 125, 126, 127, 128, 129, 130, 131, 132, 133, 134, 135, 136, 137, 138, 139, 140, 141, 142, 143, 144, 145, 146, 147, 148, 149, 150, 151, 152, 153, 154, 155, 156, 157, 158, 159, 160, 161, 162, 163, 164, 165, 166, 167, 168, 169, 170, 171, 172, 173, 174, 175, 176, 177, 178, 179, 180, 181, 182, 183, 184, 185, 186, 187, 188, 189, 190, 191, 192, 193, 194, 195, 196, 197, 198, 199, 200, 201, 202, 203, 204, 205, 206, 207, 208, 209, 210, 211, 212, 213, 214, 215, 216, 217, 218, 219, 220, 221, 222, 223, 224, 225, 226, 227, 228, 229, 230, 231, 232, 233, 234, 235, 236, 237, 238, 239, 240, 241, 242, 243, 244, 245, 246, 247, 248, 249, 250, 251, 252, 253, 254, 255, 256, 257, 258, 259, 260, 261, 262, 263, 264, 265, 266, 267, 268, 269, 270, 271, 272, 273, 274, 275, 276, 277, 278, 279, 280, 281, 282, 283, 284, 285, 286, 287, 288, 289, 290, 291, 292, 293, 294, 295, 296, 297, 298, 299, 300, 301, 302, 303, 304, 305, 306, 307, 308, 309, 310, 311, 312, 313, 314, 315, 316, 317, 318, 319, 320, 321, 322, 323, 324, 325, 326, 327, 328, 329, 330, 331, 332, 333, 334, 335, 336, 337, 574, 575, 576, 577, 578, 579, 580, 581, 582, 583, 584, 585, 586, 587, 588, 589, 590, 591, 592, 593, 594, 595, 596, 597, 598, 599, 600, 601, 602, 603, 604, 605, 606, 607, 608, 609, 610, 611, 612, 613, 614, 615, 616, 617, 618, 619, 620, 621, 622, 623, 624, 625, 626, 627, 628, 629, 630, 631, 632, 633, 634, 635, 636, 637, 638, 639, 640, 641, 642, 643, 644, 645, 646, 647, 648, 649, 650, 651, 652, 653, 654, 655, 656, 657, 658, 659, 660, 661, 662, 663, 664, 665, 666, 667, 668, 669, 670, 671, 672, 673, 674, 675, 676, 677, 678, 679, 680, 681, 682, 683, 684, 685, 686, 687, 688, 689, 690, 691, 692, 693, 694, 695, 696, 697, 698, 699, 700, 701, 702, 703, 704, 705, 706, 707, 708, 709, 710, 711, 712, 713, 714, 715, 716, 717, 718, 719, 720, 721, 722, 723, 724, 725, 726, 727, 728, 729, 730, 731, 732, 733, 734, 735, 736, 737, 738, 739, 740, 741, 742, 743, 744, 745, 746, 747, 748, 749, 750, 751, 752, 753, 754, 755, 756, 757, 758, 759, 760, 761, 762, 763, 764, 765, 766, 767, 768, 769, 770, 771, 772, 773, 774, 775, 776, 777, 778, 779, 780, 781, 782, 783, 784, 785, 786, 787, 788, 789, 790, 791, 792, 793]","[122, 187, 593, 658]",[],"[122, 130, 171, 179, 184, 187, 238, 248, 251, 258, 268, 285, 301, 350, 360, 362, 372, 386, 395, 397, 407, 453, 593, 601, 642, 650, 655, 658, 702, 711, 714, 720, 727, 744, 805, 815, 822, 836, 845, 847, 856, 900]","[1, 13, 14, 29, 54, 55, 56, 57, 58, 60, 102, 118, 125, 127, 130, 134, 146, 149, 153, 175, 182, 187, 189, 191, 197, 225, 230, 238, 264, 265, 266, 286, 302, 317, 336, 354, 379, 388, 389, 425, 454, 458, 463, 475, 487, 498, 499, 512, 530, 531, 532, 533, 534, 536, 573, 589, 596, 598, 601, 605, 617, 620, 624, 646, 653, 658, 660, 662, 668, 689, 694, 702, 724, 725, 745, 760, 775, 793, 809, 829, 838, 839, 877, 901, 903, 905, 910, 923]","[1, 13, 14, 29, 54, 55, 56, 57, 58, 60, 102, 118, 125, 127, 130, 134, 146, 149, 153, 175, 182, 187, 189, 191, 197, 225, 230, 238, 264, 265, 266, 286, 302, 317, 336, 379, 388, 389, 425, 454, 458, 463, 475, 487, 498, 499, 512, 530, 531, 532, 533, 534, 536, 573, 589, 596, 598, 601, 605, 617, 620, 624, 646, 653, 658, 660, 662, 668, 689, 694, 702, 724, 725, 745, 760, 775, 793, 829, 838, 839, 877, 901, 903, 905, 910, 923]",7/6 successful match,True,[466],True,319,False,,,,,
"Bishop , 93514 Inyo Shell Y - Mart",760-873-6335 US 6 & US 395,24 484 -,Bishop,93514,Inyo Shell Y - Mart,760-873-6335,2007,Bishop,CA,Shell,,US 6 & US 395,empty,,False,,False,US 6,US 395,,,,"[658, 187]","[122, 187, 593, 658]","[122, 187, 593, 658]",[],"[103, 104, 105, 106, 107, 108, 109, 110, 111, 112, 113, 114, 115, 116, 117, 118, 119, 120, 121, 122, 123, 124, 125, 126, 127, 128, 129, 130, 131, 132, 133, 134, 135, 136, 137, 138, 139, 140, 141, 142, 143, 144, 145, 146, 147, 148, 149, 150, 151, 152, 153, 154, 155, 156, 157, 158, 159, 160, 161, 162, 163, 164, 165, 166, 167, 168, 169, 170, 171, 172, 173, 174, 175, 176, 177, 178, 179, 180, 181, 182, 183, 184, 185, 186, 187, 188, 189, 190, 191, 192, 193, 194, 195, 196, 197, 198, 199, 200, 201, 202, 203, 204, 205, 206, 207, 208, 209, 210, 211, 212, 213, 214, 215, 216, 217, 218, 219, 220, 221, 222, 223, 224, 225, 226, 227, 228, 229, 230, 231, 232, 233, 234, 235, 236, 237, 238, 239, 240, 241, 242, 243, 244, 245, 246, 247, 248, 249, 250, 251, 252, 253, 254, 255, 256, 257, 258, 259, 260, 261, 262, 263, 264, 265, 266, 267, 268, 269, 270, 271, 272, 273, 274, 275, 276, 277, 278, 279, 280, 281, 282, 283, 284, 285, 286, 287, 288, 289, 290, 291, 292, 293, 294, 295, 296, 297, 298, 299, 300, 301, 302, 303, 304, 305, 306, 307, 308, 309, 310, 311, 312, 313, 314, 315, 316, 317, 318, 319, 320, 321, 322, 323, 324, 325, 326, 327, 328, 329, 330, 331, 332, 333, 334, 335, 336, 337, 574, 575, 576, 577, 578, 579, 580, 581, 582, 583, 584, 585, 586, 587, 588, 589, 590, 591, 592, 593, 594, 595, 596, 597, 598, 599, 600, 601, 602, 603, 604, 605, 606, 607, 608, 609, 610, 611, 612, 613, 614, 615, 616, 617, 618, 619, 620, 621, 622, 623, 624, 625, 626, 627, 628, 629, 630, 631, 632, 633, 634, 635, 636, 637, 638, 639, 640, 641, 642, 643, 644, 645, 646, 647, 648, 649, 650, 651, 652, 653, 654, 655, 656, 657, 658, 659, 660, 661, 662, 663, 664, 665, 666, 667, 668, 669, 670, 671, 672, 673, 674, 675, 676, 677, 678, 679, 680, 681, 682, 683, 684, 685, 686, 687, 688, 689, 690, 691, 692, 693, 694, 695, 696, 697, 698, 699, 700, 701, 702, 703, 704, 705, 706, 707, 708, 709, 710, 711, 712, 713, 714, 715, 716, 717, 718, 719, 720, 721, 722, 723, 724, 725, 726, 727, 728, 729, 730, 731, 732, 733, 734, 735, 736, 737, 738, 739, 740, 741, 742, 743, 744, 745, 746, 747, 748, 749, 750, 751, 752, 753, 754, 755, 756, 757, 758, 759, 760, 761, 762, 763, 764, 765, 766, 767, 768, 769, 770, 771, 772, 773, 774, 775, 776, 777, 778, 779, 780, 781, 782, 783, 784, 785, 786, 787, 788, 789, 790, 791, 792, 793]","[122, 130, 171, 179, 184, 187, 238, 248, 251, 258, 268, 285, 301, 350, 360, 362, 372, 386, 395, 397, 407, 453, 593, 601, 642, 650, 655, 658, 702, 711, 714, 720, 727, 744, 805, 815, 822, 836, 845, 847, 856, 900]","[1, 13, 14, 29, 54, 55, 56, 57, 58, 60, 102, 118, 125, 127, 130, 134, 146, 149, 153, 175, 182, 187, 189, 191, 197, 225, 230, 238, 264, 265, 266, 286, 302, 317, 336, 379, 388, 389, 425, 454, 458, 463, 475, 487, 498, 499, 512, 530, 531, 532, 533, 534, 536, 573, 589, 596, 598, 601, 605, 617, 620, 624, 646, 653, 658, 660, 662, 668, 689, 694, 702, 724, 725, 745, 760, 775, 793, 829, 838, 839, 877, 901, 903, 905, 910, 923]","[1, 13, 14, 29, 54, 55, 56, 57, 58, 60, 102, 118, 125, 127, 130, 134, 146, 149, 153, 175, 182, 187, 189, 191, 197, 225, 230, 238, 264, 265, 266, 286, 302, 317, 336, 354, 379, 388, 389, 425, 454, 458, 463, 475, 487, 498, 499, 512, 530, 531, 532, 533, 534, 536, 573, 589, 596, 598, 601, 605, 617, 620, 624, 646, 653, 658, 660, 662, 668, 689, 694, 702, 724, 725, 745, 760, 775, 793, 809, 829, 838, 839, 877, 901, 903, 905, 910, 923]","[1, 13, 14, 29, 54, 55, 56, 57, 58, 60, 102, 103, 104, 105, 106, 107, 108, 109, 110, 111, 112, 113, 114, 115, 116, 117, 118, 119, 120, 121, 122, 123, 124, 125, 126, 127, 128, 129, 130, 131, 132, 133, 134, 135, 136, 137, 138, 139, 140, 141, 142, 143, 144, 145, 146, 147, 148, 149, 150, 151, 152, 153, 154, 155, 156, 157, 158, 159, 160, 161, 162, 163, 164, 165, 166, 167, 168, 169, 170, 171, 172, 173, 174, 175, 176, 177, 178, 179, 180, 181, 182, 183, 184, 185, 186, 187, 188, 189, 190, 191, 192, 193, 194, 195, 196, 197, 198, 199, 200, 201, 202, 203, 204, 205, 206, 207, 208, 209, 210, 211, 212, 213, 214, 215, 216, 217, 218, 219, 220, 221, 222, 223, 224, 225, 226, 227, 228, 229, 230, 231, 232, 233, 234, 235, 236, 237, 238, 239, 240, 241, 242, 243, 244, 245, 246, 247, 248, 249, 250, 251, 252, 253, 254, 255, 256, 257, 258, 259, 260, 261, 262, 263, 264, 265, 266, 267, 268, 269, 270, 271, 272, 273, 274, 275, 276, 277, 278, 279, 280, 281, 282, 283, 284, 285, 286, 287, 288, 289, 290, 291, 292, 293, 294, 295, 296, 297, 298, 299, 300, 301, 302, 303, 304, 305, 306, 307, 308, 309, 310, 311, 312, 313, 314, 315, 316, 317, 318, 319, 320, 321, 322, 323, 324, 325, 326, 327, 328, 329, 330, 331, 332, 333, 334, 335, 336, 337, 350, 354, 360, 362, 372, 379, 386, 388, 389, 395, 397, 407, 425, 453, 454, 458, 463, 475, 487, 498, 499, 512, 530, 531, 532, 533, 534, 536, 573, 574, 575, 576, 577, 578, 579, 580, 581, 582, 583, 584, 585, 586, 587, 588, 589, 590, 591, 592, 593, 594, 595, 596, 597, 598, 599, 600, 601, 602, 603, 604, 605, 606, 607, 608, 609, 610, 611, 612, 613, 614, 615, 616, 617, 618, 619, 620, 621, 622, 623, 624, 625, 626, 627, 628, 629, 630, 631, 632, 633, 634, 635, 636, 637, 638, 639, 640, 641, 642, 643, 644, 645, 646, 647, 648, 649, 650, 651, 652, 653, 654, 655, 656, 657, 658, 659, 660, 661, 662, 663, 664, 665, 666, 667, 668, 669, 670, 671, 672, 673, 674, 675, 676, 677, 678, 679, 680, 681, 682, 683, 684, 685, 686, 687, 688, 689, 690, 691, 692, 693, 694, 695, 696, 697, 698, 699, 700, 701, 702, 703, 704, 705, 706, 707, 708, 709, 710, 711, 712, 713, 714, 715, 716, 717, 718, 719, 720, 721, 722, 723, 724, 725, 726, 727, 728, 729, 730, 731, 732, 733, 734, 735, 736, 737, 738, 739, 740, 741, 742, 743, 744, 745, 746, 747, 748, 749, 750, 751, 752, 753, 754, 755, 756, 757, 758, 759, 760, 761, 762, 763, 764, 765, 766, 767, 768, 769, 770, 771, 772, 773, 774, 775, 776, 777, 778, 779, 780, 781, 782, 783, 784, 785, 786, 787, 788, 789, 790, 791, 792, 793, 805, 809, 815, 822, 829, 836, 838, 839, 845, 847, 856, 877, 900, 901, 903, 905, 910, 923]",True,"[122, 187, 593, 658]","[103, 104, 105, 106, 107, 108, 109, 110, 111, 112, 113, 114, 115, 116, 117, 118, 119, 120, 121, 122, 123, 124, 125, 126, 127, 128, 129, 130, 131, 132, 133, 134, 135, 136, 137, 138, 139, 140, 141, 142, 143, 144, 145, 146, 147, 148, 149, 150, 151, 152, 153, 154, 155, 156, 157, 158, 159, 160, 161, 162, 163, 164, 165, 166, 167, 168, 169, 170, 171, 172, 173, 174, 175, 176, 177, 178, 179, 180, 181, 182, 183, 184, 185, 186, 187, 188, 189, 190, 191, 192, 193, 194, 195, 196, 197, 198, 199, 200, 201, 202, 203, 204, 205, 206, 207, 208, 209, 210, 211, 212, 213, 214, 215, 216, 217, 218, 219, 220, 221, 222, 223, 224, 225, 226, 227, 228, 229, 230, 231, 232, 233, 234, 235, 236, 237, 238, 239, 240, 241, 242, 243, 244, 245, 246, 247, 248, 249, 250, 251, 252, 253, 254, 255, 256, 257, 258, 259, 260, 261, 262, 263, 264, 265, 266, 267, 268, 269, 270, 271, 272, 273, 274, 275, 276, 277, 278, 279, 280, 281, 282, 283, 284, 285, 286, 287, 288, 289, 290, 291, 292, 293, 294, 295, 296, 297, 298, 299, 300, 301, 302, 303, 304, 305, 306, 307, 308, 309, 310, 311, 312, 313, 314, 315, 316, 317, 318, 319, 320, 321, 322, 323, 324, 325, 326, 327, 328, 329, 330, 331, 332, 333, 334, 335, 336, 337, 574, 575, 576, 577, 578, 579, 580, 581, 582, 583, 584, 585, 586, 587, 588, 589, 590, 591, 592, 593, 594, 595, 596, 597, 598, 599, 600, 601, 602, 603, 604, 605, 606, 607, 608, 609, 610, 611, 612, 613, 614, 615, 616, 617, 618, 619, 620, 621, 622, 623, 624, 625, 626, 627, 628, 629, 630, 631, 632, 633, 634, 635, 636, 637, 638, 639, 640, 641, 642, 643, 644, 645, 646, 647, 648, 649, 650, 651, 652, 653, 654, 655, 656, 657, 658, 659, 660, 661, 662, 663, 664, 665, 666, 667, 668, 669, 670, 671, 672, 673, 674, 675, 676, 677, 678, 679, 680, 681, 682, 683, 684, 685, 686, 687, 688, 689, 690, 691, 692, 693, 694, 695, 696, 697, 698, 699, 700, 701, 702, 703, 704, 705, 706, 707, 708, 709, 710, 711, 712, 713, 714, 715, 716, 717, 718, 719, 720, 721, 722, 723, 724, 725, 726, 727, 728, 729, 730, 731, 732, 733, 734, 735, 736, 737, 738, 739, 740, 741, 742, 743, 744, 745, 746, 747, 748, 749, 750, 751, 752, 753, 754, 755, 756, 757, 758, 759, 760, 761, 762, 763, 764, 765, 766, 767, 768, 769, 770, 771, 772, 773, 774, 775, 776, 777, 778, 779, 780, 781, 782, 783, 784, 785, 786, 787, 788, 789, 790, 791, 792, 793]","[122, 187, 593, 658]",[],"[122, 130, 171, 179, 184, 187, 238, 248, 251, 258, 268, 285, 301, 350, 360, 362, 372, 386, 395, 397, 407, 453, 593, 601, 642, 650, 655, 658, 702, 711, 714, 720, 727, 744, 805, 815, 822, 836, 845, 847, 856, 900]","[1, 13, 14, 29, 54, 55, 56, 57, 58, 60, 102, 118, 125, 127, 130, 134, 146, 149, 153, 175, 182, 187, 189, 191, 197, 225, 230, 238, 264, 265, 266, 286, 302, 317, 336, 354, 379, 388, 389, 425, 454, 458, 463, 475, 487, 498, 499, 512, 530, 531, 532, 533, 534, 536, 573, 589, 596, 598, 601, 605, 617, 620, 624, 646, 653, 658, 660, 662, 668, 689, 694, 702, 724, 725, 745, 760, 775, 793, 809, 829, 838, 839, 877, 901, 903, 905, 910, 923]","[1, 13, 14, 29, 54, 55, 56, 57, 58, 60, 102, 118, 125, 127, 130, 134, 146, 149, 153, 175, 182, 187, 189, 191, 197, 225, 230, 238, 264, 265, 266, 286, 302, 317, 336, 379, 388, 389, 425, 454, 458, 463, 475, 487, 498, 499, 512, 530, 531, 532, 533, 534, 536, 573, 589, 596, 598, 601, 605, 617, 620, 624, 646, 653, 658, 660, 662, 668, 689, 694, 702, 724, 725, 745, 760, 775, 793, 829, 838, 839, 877, 901, 903, 905, 910, 923]",7/6 successful match,True,[466],True,319,False,,1.0,True,Inyo Shell Y - Mart,Shell
"Bishop , 93514 Inyo Shell Y - Mart",760-873-6335 US 6 & US 395,24,Bishop,93514,Inyo Shell Y - Mart,760-873-6335,2008,Bishop,CA,Shell,,US 6 & US 395,empty,,False,,False,US 6,US 395,,,,"[658, 187]","[122, 187, 593, 658]","[122, 187, 593, 658]",[],"[103, 104, 105, 106, 107, 108, 109, 110, 111, 112, 113, 114, 115, 116, 117, 118, 119, 120, 121, 122, 123, 124, 125, 126, 127, 128, 129, 130, 131, 132, 133, 134, 135, 136, 137, 138, 139, 140, 141, 142, 143, 144, 145, 146, 147, 148, 149, 150, 151, 152, 153, 154, 155, 156, 157, 158, 159, 160, 161, 162, 163, 164, 165, 166, 167, 168, 169, 170, 171, 172, 173, 174, 175, 176, 177, 178, 179, 180, 181, 182, 183, 184, 185, 186, 187, 188, 189, 190, 191, 192, 193, 194, 195, 196, 197, 198, 199, 200, 201, 202, 203, 204, 205, 206, 207, 208, 209, 210, 211, 212, 213, 214, 215, 216, 217, 218, 219, 220, 221, 222, 223, 224, 225, 226, 227, 228, 229, 230, 231, 232, 233, 234, 235, 236, 237, 238, 239, 240, 241, 242, 243, 244, 245, 246, 247, 248, 249, 250, 251, 252, 253, 254, 255, 256, 257, 258, 259, 260, 261, 262, 263, 264, 265, 266, 267, 268, 269, 270, 271, 272, 273, 274, 275, 276, 277, 278, 279, 280, 281, 282, 283, 284, 285, 286, 287, 288, 289, 290, 291, 292, 293, 294, 295, 296, 297, 298, 299, 300, 301, 302, 303, 304, 305, 306, 307, 308, 309, 310, 311, 312, 313, 314, 315, 316, 317, 318, 319, 320, 321, 322, 323, 324, 325, 326, 327, 328, 329, 330, 331, 332, 333, 334, 335, 336, 337, 574, 575, 576, 577, 578, 579, 580, 581, 582, 583, 584, 585, 586, 587, 588, 589, 590, 591, 592, 593, 594, 595, 596, 597, 598, 599, 600, 601, 602, 603, 604, 605, 606, 607, 608, 609, 610, 611, 612, 613, 614, 615, 616, 617, 618, 619, 620, 621, 622, 623, 624, 625, 626, 627, 628, 629, 630, 631, 632, 633, 634, 635, 636, 637, 638, 639, 640, 641, 642, 643, 644, 645, 646, 647, 648, 649, 650, 651, 652, 653, 654, 655, 656, 657, 658, 659, 660, 661, 662, 663, 664, 665, 666, 667, 668, 669, 670, 671, 672, 673, 674, 675, 676, 677, 678, 679, 680, 681, 682, 683, 684, 685, 686, 687, 688, 689, 690, 691, 692, 693, 694, 695, 696, 697, 698, 699, 700, 701, 702, 703, 704, 705, 706, 707, 708, 709, 710, 711, 712, 713, 714, 715, 716, 717, 718, 719, 720, 721, 722, 723, 724, 725, 726, 727, 728, 729, 730, 731, 732, 733, 734, 735, 736, 737, 738, 739, 740, 741, 742, 743, 744, 745, 746, 747, 748, 749, 750, 751, 752, 753, 754, 755, 756, 757, 758, 759, 760, 761, 762, 763, 764, 765, 766, 767, 768, 769, 770, 771, 772, 773, 774, 775, 776, 777, 778, 779, 780, 781, 782, 783, 784, 785, 786, 787, 788, 789, 790, 791, 792, 793]","[122, 130, 171, 179, 184, 187, 238, 248, 251, 258, 268, 285, 301, 350, 360, 362, 372, 386, 395, 397, 407, 453, 593, 601, 642, 650, 655, 658, 702, 711, 714, 720, 727, 744, 805, 815, 822, 836, 845, 847, 856, 900]","[1, 13, 14, 29, 54, 55, 56, 57, 58, 60, 102, 118, 125, 127, 130, 134, 146, 149, 153, 175, 182, 187, 189, 191, 197, 225, 230, 238, 264, 265, 266, 286, 302, 317, 336, 379, 388, 389, 425, 454, 458, 463, 475, 487, 498, 499, 512, 530, 531, 532, 533, 534, 536, 573, 589, 596, 598, 601, 605, 617, 620, 624, 646, 653, 658, 660, 662, 668, 689, 694, 702, 724, 725, 745, 760, 775, 793, 829, 838, 839, 877, 901, 903, 905, 910, 923]","[1, 13, 14, 29, 54, 55, 56, 57, 58, 60, 102, 118, 125, 127, 130, 134, 146, 149, 153, 175, 182, 187, 189, 191, 197, 225, 230, 238, 264, 265, 266, 286, 302, 317, 336, 354, 379, 388, 389, 425, 454, 458, 463, 475, 487, 498, 499, 512, 530, 531, 532, 533, 534, 536, 573, 589, 596, 598, 601, 605, 617, 620, 624, 646, 653, 658, 660, 662, 668, 689, 694, 702, 724, 725, 745, 760, 775, 793, 809, 829, 838, 839, 877, 901, 903, 905, 910, 923]","[1, 13, 14, 29, 54, 55, 56, 57, 58, 60, 102, 103, 104, 105, 106, 107, 108, 109, 110, 111, 112, 113, 114, 115, 116, 117, 118, 119, 120, 121, 122, 123, 124, 125, 126, 127, 128, 129, 130, 131, 132, 133, 134, 135, 136, 137, 138, 139, 140, 141, 142, 143, 144, 145, 146, 147, 148, 149, 150, 151, 152, 153, 154, 155, 156, 157, 158, 159, 160, 161, 162, 163, 164, 165, 166, 167, 168, 169, 170, 171, 172, 173, 174, 175, 176, 177, 178, 179, 180, 181, 182, 183, 184, 185, 186, 187, 188, 189, 190, 191, 192, 193, 194, 195, 196, 197, 198, 199, 200, 201, 202, 203, 204, 205, 206, 207, 208, 209, 210, 211, 212, 213, 214, 215, 216, 217, 218, 219, 220, 221, 222, 223, 224, 225, 226, 227, 228, 229, 230, 231, 232, 233, 234, 235, 236, 237, 238, 239, 240, 241, 242, 243, 244, 245, 246, 247, 248, 249, 250, 251, 252, 253, 254, 255, 256, 257, 258, 259, 260, 261, 262, 263, 264, 265, 266, 267, 268, 269, 270, 271, 272, 273, 274, 275, 276, 277, 278, 279, 280, 281, 282, 283, 284, 285, 286, 287, 288, 289, 290, 291, 292, 293, 294, 295, 296, 297, 298, 299, 300, 301, 302, 303, 304, 305, 306, 307, 308, 309, 310, 311, 312, 313, 314, 315, 316, 317, 318, 319, 320, 321, 322, 323, 324, 325, 326, 327, 328, 329, 330, 331, 332, 333, 334, 335, 336, 337, 350, 354, 360, 362, 372, 379, 386, 388, 389, 395, 397, 407, 425, 453, 454, 458, 463, 475, 487, 498, 499, 512, 530, 531, 532, 533, 534, 536, 573, 574, 575, 576, 577, 578, 579, 580, 581, 582, 583, 584, 585, 586, 587, 588, 589, 590, 591, 592, 593, 594, 595, 596, 597, 598, 599, 600, 601, 602, 603, 604, 605, 606, 607, 608, 609, 610, 611, 612, 613, 614, 615, 616, 617, 618, 619, 620, 621, 622, 623, 624, 625, 626, 627, 628, 629, 630, 631, 632, 633, 634, 635, 636, 637, 638, 639, 640, 641, 642, 643, 644, 645, 646, 647, 648, 649, 650, 651, 652, 653, 654, 655, 656, 657, 658, 659, 660, 661, 662, 663, 664, 665, 666, 667, 668, 669, 670, 671, 672, 673, 674, 675, 676, 677, 678, 679, 680, 681, 682, 683, 684, 685, 686, 687, 688, 689, 690, 691, 692, 693, 694, 695, 696, 697, 698, 699, 700, 701, 702, 703, 704, 705, 706, 707, 708, 709, 710, 711, 712, 713, 714, 715, 716, 717, 718, 719, 720, 721, 722, 723, 724, 725, 726, 727, 728, 729, 730, 731, 732, 733, 734, 735, 736, 737, 738, 739, 740, 741, 742, 743, 744, 745, 746, 747, 748, 749, 750, 751, 752, 753, 754, 755, 756, 757, 758, 759, 760, 761, 762, 763, 764, 765, 766, 767, 768, 769, 770, 771, 772, 773, 774, 775, 776, 777, 778, 779, 780, 781, 782, 783, 784, 785, 786, 787, 788, 789, 790, 791, 792, 793, 805, 809, 815, 822, 829, 836, 838, 839, 845, 847, 856, 877, 900, 901, 903, 905, 910, 923]",True,"[122, 187, 593, 658]","[103, 104, 105, 106, 107, 108, 109, 110, 111, 112, 113, 114, 115, 116, 117, 118, 119, 120, 121, 122, 123, 124, 125, 126, 127, 128, 129, 130, 131, 132, 133, 134, 135, 136, 137, 138, 139, 140, 141, 142, 143, 144, 145, 146, 147, 148, 149, 150, 151, 152, 153, 154, 155, 156, 157, 158, 159, 160, 161, 162, 163, 164, 165, 166, 167, 168, 169, 170, 171, 172, 173, 174, 175, 176, 177, 178, 179, 180, 181, 182, 183, 184, 185, 186, 187, 188, 189, 190, 191, 192, 193, 194, 195, 196, 197, 198, 199, 200, 201, 202, 203, 204, 205, 206, 207, 208, 209, 210, 211, 212, 213, 214, 215, 216, 217, 218, 219, 220, 221, 222, 223, 224, 225, 226, 227, 228, 229, 230, 231, 232, 233, 234, 235, 236, 237, 238, 239, 240, 241, 242, 243, 244, 245, 246, 247, 248, 249, 250, 251, 252, 253, 254, 255, 256, 257, 258, 259, 260, 261, 262, 263, 264, 265, 266, 267, 268, 269, 270, 271, 272, 273, 274, 275, 276, 277, 278, 279, 280, 281, 282, 283, 284, 285, 286, 287, 288, 289, 290, 291, 292, 293, 294, 295, 296, 297, 298, 299, 300, 301, 302, 303, 304, 305, 306, 307, 308, 309, 310, 311, 312, 313, 314, 315, 316, 317, 318, 319, 320, 321, 322, 323, 324, 325, 326, 327, 328, 329, 330, 331, 332, 333, 334, 335, 336, 337, 574, 575, 576, 577, 578, 579, 580, 581, 582, 583, 584, 585, 586, 587, 588, 589, 590, 591, 592, 593, 594, 595, 596, 597, 598, 599, 600, 601, 602, 603, 604, 605, 606, 607, 608, 609, 610, 611, 612, 613, 614, 615, 616, 617, 618, 619, 620, 621, 622, 623, 624, 625, 626, 627, 628, 629, 630, 631, 632, 633, 634, 635, 636, 637, 638, 639, 640, 641, 642, 643, 644, 645, 646, 647, 648, 649, 650, 651, 652, 653, 654, 655, 656, 657, 658, 659, 660, 661, 662, 663, 664, 665, 666, 667, 668, 669, 670, 671, 672, 673, 674, 675, 676, 677, 678, 679, 680, 681, 682, 683, 684, 685, 686, 687, 688, 689, 690, 691, 692, 693, 694, 695, 696, 697, 698, 699, 700, 701, 702, 703, 704, 705, 706, 707, 708, 709, 710, 711, 712, 713, 714, 715, 716, 717, 718, 719, 720, 721, 722, 723, 724, 725, 726, 727, 728, 729, 730, 731, 732, 733, 734, 735, 736, 737, 738, 739, 740, 741, 742, 743, 744, 745, 746, 747, 748, 749, 750, 751, 752, 753, 754, 755, 756, 757, 758, 759, 760, 761, 762, 763, 764, 765, 766, 767, 768, 769, 770, 771, 772, 773, 774, 775, 776, 777, 778, 779, 780, 781, 782, 783, 784, 785, 786, 787, 788, 789, 790, 791, 792, 793]","[122, 187, 593, 658]",[],"[122, 130, 171, 179, 184, 187, 238, 248, 251, 258, 268, 285, 301, 350, 360, 362, 372, 386, 395, 397, 407, 453, 593, 601, 642, 650, 655, 658, 702, 711, 714, 720, 727, 744, 805, 815, 822, 836, 845, 847, 856, 900]","[1, 13, 14, 29, 54, 55, 56, 57, 58, 60, 102, 118, 125, 127, 130, 134, 146, 149, 153, 175, 182, 187, 189, 191, 197, 225, 230, 238, 264, 265, 266, 286, 302, 317, 336, 354, 379, 388, 389, 425, 454, 458, 463, 475, 487, 498, 499, 512, 530, 531, 532, 533, 534, 536, 573, 589, 596, 598, 601, 605, 617, 620, 624, 646, 653, 658, 660, 662, 668, 689, 694, 702, 724, 725, 745, 760, 775, 793, 809, 829, 838, 839, 877, 901, 903, 905, 910, 923]","[1, 13, 14, 29, 54, 55, 56, 57, 58, 60, 102, 118, 125, 127, 130, 134, 146, 149, 153, 175, 182, 187, 189, 191, 197, 225, 230, 238, 264, 265, 266, 286, 302, 317, 336, 379, 388, 389, 425, 454, 458, 463, 475, 487, 498, 499, 512, 530, 531, 532, 533, 534, 536, 573, 589, 596, 598, 601, 605, 617, 620, 624, 646, 653, 658, 660, 662, 668, 689, 694, 702, 724, 725, 745, 760, 775, 793, 829, 838, 839, 877, 901, 903, 905, 910, 923]",7/6 successful match,True,[466],True,319,False,,1.0,True,Inyo Shell Y - Mart,Shell
E Bishop ( 93514 ) Inyo Shell Y - Mart,760-873-6335 US 6 & US 395,24 <U+2610> <U+2610>,Bishop,93514,Inyo Shell Y - Mart,760-873-6335,2014,Bishop,CA,Shell,,US 6 & US 395,empty,,False,,False,US 6,US 395,,,,"[658, 187]","[122, 187, 593, 658]","[122, 187, 593, 658]",[],"[103, 104, 105, 106, 107, 108, 109, 110, 111, 112, 113, 114, 115, 116, 117, 118, 119, 120, 121, 122, 123, 124, 125, 126, 127, 128, 129, 130, 131, 132, 133, 134, 135, 136, 137, 138, 139, 140, 141, 142, 143, 144, 145, 146, 147, 148, 149, 150, 151, 152, 153, 154, 155, 156, 157, 158, 159, 160, 161, 162, 163, 164, 165, 166, 167, 168, 169, 170, 171, 172, 173, 174, 175, 176, 177, 178, 179, 180, 181, 182, 183, 184, 185, 186, 187, 188, 189, 190, 191, 192, 193, 194, 195, 196, 197, 198, 199, 200, 201, 202, 203, 204, 205, 206, 207, 208, 209, 210, 211, 212, 213, 214, 215, 216, 217, 218, 219, 220, 221, 222, 223, 224, 225, 226, 227, 228, 229, 230, 231, 232, 233, 234, 235, 236, 237, 238, 239, 240, 241, 242, 243, 244, 245, 246, 247, 248, 249, 250, 251, 252, 253, 254, 255, 256, 257, 258, 259, 260, 261, 262, 263, 264, 265, 266, 267, 268, 269, 270, 271, 272, 273, 274, 275, 276, 277, 278, 279, 280, 281, 282, 283, 284, 285, 286, 287, 288, 289, 290, 291, 292, 293, 294, 295, 296, 297, 298, 299, 300, 301, 302, 303, 304, 305, 306, 307, 308, 309, 310, 311, 312, 313, 314, 315, 316, 317, 318, 319, 320, 321, 322, 323, 324, 325, 326, 327, 328, 329, 330, 331, 332, 333, 334, 335, 336, 337, 574, 575, 576, 577, 578, 579, 580, 581, 582, 583, 584, 585, 586, 587, 588, 589, 590, 591, 592, 593, 594, 595, 596, 597, 598, 599, 600, 601, 602, 603, 604, 605, 606, 607, 608, 609, 610, 611, 612, 613, 614, 615, 616, 617, 618, 619, 620, 621, 622, 623, 624, 625, 626, 627, 628, 629, 630, 631, 632, 633, 634, 635, 636, 637, 638, 639, 640, 641, 642, 643, 644, 645, 646, 647, 648, 649, 650, 651, 652, 653, 654, 655, 656, 657, 658, 659, 660, 661, 662, 663, 664, 665, 666, 667, 668, 669, 670, 671, 672, 673, 674, 675, 676, 677, 678, 679, 680, 681, 682, 683, 684, 685, 686, 687, 688, 689, 690, 691, 692, 693, 694, 695, 696, 697, 698, 699, 700, 701, 702, 703, 704, 705, 706, 707, 708, 709, 710, 711, 712, 713, 714, 715, 716, 717, 718, 719, 720, 721, 722, 723, 724, 725, 726, 727, 728, 729, 730, 731, 732, 733, 734, 735, 736, 737, 738, 739, 740, 741, 742, 743, 744, 745, 746, 747, 748, 749, 750, 751, 752, 753, 754, 755, 756, 757, 758, 759, 760, 761, 762, 763, 764, 765, 766, 767, 768, 769, 770, 771, 772, 773, 774, 775, 776, 777, 778, 779, 780, 781, 782, 783, 784, 785, 786, 787, 788, 789, 790, 791, 792, 793]","[122, 130, 171, 179, 184, 187, 238, 248, 251, 258, 268, 285, 301, 350, 360, 362, 372, 386, 395, 397, 407, 453, 593, 601, 642, 650, 655, 658, 702, 711, 714, 720, 727, 744, 805, 815, 822, 836, 845, 847, 856, 900]","[1, 13, 14, 29, 54, 55, 56, 57, 58, 60, 102, 118, 125, 127, 130, 134, 146, 149, 153, 175, 182, 187, 189, 191, 197, 225, 230, 238, 264, 265, 266, 286, 302, 317, 336, 379, 388, 389, 425, 454, 458, 463, 475, 487, 498, 499, 512, 530, 531, 532, 533, 534, 536, 573, 589, 596, 598, 601, 605, 617, 620, 624, 646, 653, 658, 660, 662, 668, 689, 694, 702, 724, 725, 745, 760, 775, 793, 829, 838, 839, 877, 901, 903, 905, 910, 923]","[1, 13, 14, 29, 54, 55, 56, 57, 58, 60, 102, 118, 125, 127, 130, 134, 146, 149, 153, 175, 182, 187, 189, 191, 197, 225, 230, 238, 264, 265, 266, 286, 302, 317, 336, 354, 379, 388, 389, 425, 454, 458, 463, 475, 487, 498, 499, 512, 530, 531, 532, 533, 534, 536, 573, 589, 596, 598, 601, 605, 617, 620, 624, 646, 653, 658, 660, 662, 668, 689, 694, 702, 724, 725, 745, 760, 775, 793, 809, 829, 838, 839, 877, 901, 903, 905, 910, 923]","[1, 13, 14, 29, 54, 55, 56, 57, 58, 60, 102, 103, 104, 105, 106, 107, 108, 109, 110, 111, 112, 113, 114, 115, 116, 117, 118, 119, 120, 121, 122, 123, 124, 125, 126, 127, 128, 129, 130, 131, 132, 133, 134, 135, 136, 137, 138, 139, 140, 141, 142, 143, 144, 145, 146, 147, 148, 149, 150, 151, 152, 153, 154, 155, 156, 157, 158, 159, 160, 161, 162, 163, 164, 165, 166, 167, 168, 169, 170, 171, 172, 173, 174, 175, 176, 177, 178, 179, 180, 181, 182, 183, 184, 185, 186, 187, 188, 189, 190, 191, 192, 193, 194, 195, 196, 197, 198, 199, 200, 201, 202, 203, 204, 205, 206, 207, 208, 209, 210, 211, 212, 213, 214, 215, 216, 217, 218, 219, 220, 221, 222, 223, 224, 225, 226, 227, 228, 229, 230, 231, 232, 233, 234, 235, 236, 237, 238, 239, 240, 241, 242, 243, 244, 245, 246, 247, 248, 249, 250, 251, 252, 253, 254, 255, 256, 257, 258, 259, 260, 261, 262, 263, 264, 265, 266, 267, 268, 269, 270, 271, 272, 273, 274, 275, 276, 277, 278, 279, 280, 281, 282, 283, 284, 285, 286, 287, 288, 289, 290, 291, 292, 293, 294, 295, 296, 297, 298, 299, 300, 301, 302, 303, 304, 305, 306, 307, 308, 309, 310, 311, 312, 313, 314, 315, 316, 317, 318, 319, 320, 321, 322, 323, 324, 325, 326, 327, 328, 329, 330, 331, 332, 333, 334, 335, 336, 337, 350, 354, 360, 362, 372, 379, 386, 388, 389, 395, 397, 407, 425, 453, 454, 458, 463, 475, 487, 498, 499, 512, 530, 531, 532, 533, 534, 536, 573, 574, 575, 576, 577, 578, 579, 580, 581, 582, 583, 584, 585, 586, 587, 588, 589, 590, 591, 592, 593, 594, 595, 596, 597, 598, 599, 600, 601, 602, 603, 604, 605, 606, 607, 608, 609, 610, 611, 612, 613, 614, 615, 616, 617, 618, 619, 620, 621, 622, 623, 624, 625, 626, 627, 628, 629, 630, 631, 632, 633, 634, 635, 636, 637, 638, 639, 640, 641, 642, 643, 644, 645, 646, 647, 648, 649, 650, 651, 652, 653, 654, 655, 656, 657, 658, 659, 660, 661, 662, 663, 664, 665, 666, 667, 668, 669, 670, 671, 672, 673, 674, 675, 676, 677, 678, 679, 680, 681, 682, 683, 684, 685, 686, 687, 688, 689, 690, 691, 692, 693, 694, 695, 696, 697, 698, 699, 700, 701, 702, 703, 704, 705, 706, 707, 708, 709, 710, 711, 712, 713, 714, 715, 716, 717, 718, 719, 720, 721, 722, 723, 724, 725, 726, 727, 728, 729, 730, 731, 732, 733, 734, 735, 736, 737, 738, 739, 740, 741, 742, 743, 744, 745, 746, 747, 748, 749, 750, 751, 752, 753, 754, 755, 756, 757, 758, 759, 760, 761, 762, 763, 764, 765, 766, 767, 768, 769, 770, 771, 772, 773, 774, 775, 776, 777, 778, 779, 780, 781, 782, 783, 784, 785, 786, 787, 788, 789, 790, 791, 792, 793, 805, 809, 815, 822, 829, 836, 838, 839, 845, 847, 856, 877, 900, 901, 903, 905, 910, 923]",True,"[122, 187, 593, 658]","[103, 104, 105, 106, 107, 108, 109, 110, 111, 112, 113, 114, 115, 116, 117, 118, 119, 120, 121, 122, 123, 124, 125, 126, 127, 128, 129, 130, 131, 132, 133, 134, 135, 136, 137, 138, 139, 140, 141, 142, 143, 144, 145, 146, 147, 148, 149, 150, 151, 152, 153, 154, 155, 156, 157, 158, 159, 160, 161, 162, 163, 164, 165, 166, 167, 168, 169, 170, 171, 172, 173, 174, 175, 176, 177, 178, 179, 180, 181, 182, 183, 184, 185, 186, 187, 188, 189, 190, 191, 192, 193, 194, 195, 196, 197, 198, 199, 200, 201, 202, 203, 204, 205, 206, 207, 208, 209, 210, 211, 212, 213, 214, 215, 216, 217, 218, 219, 220, 221, 222, 223, 224, 225, 226, 227, 228, 229, 230, 231, 232, 233, 234, 235, 236, 237, 238, 239, 240, 241, 242, 243, 244, 245, 246, 247, 248, 249, 250, 251, 252, 253, 254, 255, 256, 257, 258, 259, 260, 261, 262, 263, 264, 265, 266, 267, 268, 269, 270, 271, 272, 273, 274, 275, 276, 277, 278, 279, 280, 281, 282, 283, 284, 285, 286, 287, 288, 289, 290, 291, 292, 293, 294, 295, 296, 297, 298, 299, 300, 301, 302, 303, 304, 305, 306, 307, 308, 309, 310, 311, 312, 313, 314, 315, 316, 317, 318, 319, 320, 321, 322, 323, 324, 325, 326, 327, 328, 329, 330, 331, 332, 333, 334, 335, 336, 337, 574, 575, 576, 577, 578, 579, 580, 581, 582, 583, 584, 585, 586, 587, 588, 589, 590, 591, 592, 593, 594, 595, 596, 597, 598, 599, 600, 601, 602, 603, 604, 605, 606, 607, 608, 609, 610, 611, 612, 613, 614, 615, 616, 617, 618, 619, 620, 621, 622, 623, 624, 625, 626, 627, 628, 629, 630, 631, 632, 633, 634, 635, 636, 637, 638, 639, 640, 641, 642, 643, 644, 645, 646, 647, 648, 649, 650, 651, 652, 653, 654, 655, 656, 657, 658, 659, 660, 661, 662, 663, 664, 665, 666, 667, 668, 669, 670, 671, 672, 673, 674, 675, 676, 677, 678, 679, 680, 681, 682, 683, 684, 685, 686, 687, 688, 689, 690, 691, 692, 693, 694, 695, 696, 697, 698, 699, 700, 701, 702, 703, 704, 705, 706, 707, 708, 709, 710, 711, 712, 713, 714, 715, 716, 717, 718, 719, 720, 721, 722, 723, 724, 725, 726, 727, 728, 729, 730, 731, 732, 733, 734, 735, 736, 737, 738, 739, 740, 741, 742, 743, 744, 745, 746, 747, 748, 749, 750, 751, 752, 753, 754, 755, 756, 757, 758, 759, 760, 761, 762, 763, 764, 765, 766, 767, 768, 769, 770, 771, 772, 773, 774, 775, 776, 777, 778, 779, 780, 781, 782, 783, 784, 785, 786, 787, 788, 789, 790, 791, 792, 793]","[122, 187, 593, 658]",[],"[122, 130, 171, 179, 184, 187, 238, 248, 251, 258, 268, 285, 301, 350, 360, 362, 372, 386, 395, 397, 407, 453, 593, 601, 642, 650, 655, 658, 702, 711, 714, 720, 727, 744, 805, 815, 822, 836, 845, 847, 856, 900]","[1, 13, 14, 29, 54, 55, 56, 57, 58, 60, 102, 118, 125, 127, 130, 134, 146, 149, 153, 175, 182, 187, 189, 191, 197, 225, 230, 238, 264, 265, 266, 286, 302, 317, 336, 354, 379, 388, 389, 425, 454, 458, 463, 475, 487, 498, 499, 512, 530, 531, 532, 533, 534, 536, 573, 589, 596, 598, 601, 605, 617, 620, 624, 646, 653, 658, 660, 662, 668, 689, 694, 702, 724, 725, 745, 760, 775, 793, 809, 829, 838, 839, 877, 901, 903, 905, 910, 923]","[1, 13, 14, 29, 54, 55, 56, 57, 58, 60, 102, 118, 125, 127, 130, 134, 146, 149, 153, 175, 182, 187, 189, 191, 197, 225, 230, 238, 264, 265, 266, 286, 302, 317, 336, 379, 388, 389, 425, 454, 458, 463, 475, 487, 498, 499, 512, 530, 531, 532, 533, 534, 536, 573, 589, 596, 598, 601, 605, 617, 620, 624, 646, 653, 658, 660, 662, 668, 689, 694, 702, 724, 725, 745, 760, 775, 793, 829, 838, 839, 877, 901, 903, 905, 910, 923]",7/6 successful match,True,[466],True,319,False,,1.0,True,Inyo Shell Y - Mart,Shell
Bishop ( 93514 ) Inyo Shell Y - Mart,4 760-873-6335 US 6 & US 395,24 D <U+2610>,Bishop,93514,Inyo Shell Y - Mart,760-873-6335,2015,Bishop,CA,Shell,,US 6 & US 395,empty,,False,,False,US 6,US 395,,,,"[658, 187]","[122, 187, 593, 658]","[122, 187, 593, 658]",[],"[103, 104, 105, 106, 107, 108, 109, 110, 111, 112, 113, 114, 115, 116, 117, 118, 119, 120, 121, 122, 123, 124, 125, 126, 127, 128, 129, 130, 131, 132, 133, 134, 135, 136, 137, 138, 139, 140, 141, 142, 143, 144, 145, 146, 147, 148, 149, 150, 151, 152, 153, 154, 155, 156, 157, 158, 159, 160, 161, 162, 163, 164, 165, 166, 167, 168, 169, 170, 171, 172, 173, 174, 175, 176, 177, 178, 179, 180, 181, 182, 183, 184, 185, 186, 187, 188, 189, 190, 191, 192, 193, 194, 195, 196, 197, 198, 199, 200, 201, 202, 203, 204, 205, 206, 207, 208, 209, 210, 211, 212, 213, 214, 215, 216, 217, 218, 219, 220, 221, 222, 223, 224, 225, 226, 227, 228, 229, 230, 231, 232, 233, 234, 235, 236, 237, 238, 239, 240, 241, 242, 243, 244, 245, 246, 247, 248, 249, 250, 251, 252, 253, 254, 255, 256, 257, 258, 259, 260, 261, 262, 263, 264, 265, 266, 267, 268, 269, 270, 271, 272, 273, 274, 275, 276, 277, 278, 279, 280, 281, 282, 283, 284, 285, 286, 287, 288, 289, 290, 291, 292, 293, 294, 295, 296, 297, 298, 299, 300, 301, 302, 303, 304, 305, 306, 307, 308, 309, 310, 311, 312, 313, 314, 315, 316, 317, 318, 319, 320, 321, 322, 323, 324, 325, 326, 327, 328, 329, 330, 331, 332, 333, 334, 335, 336, 337, 574, 575, 576, 577, 578, 579, 580, 581, 582, 583, 584, 585, 586, 587, 588, 589, 590, 591, 592, 593, 594, 595, 596, 597, 598, 599, 600, 601, 602, 603, 604, 605, 606, 607, 608, 609, 610, 611, 612, 613, 614, 615, 616, 617, 618, 619, 620, 621, 622, 623, 624, 625, 626, 627, 628, 629, 630, 631, 632, 633, 634, 635, 636, 637, 638, 639, 640, 641, 642, 643, 644, 645, 646, 647, 648, 649, 650, 651, 652, 653, 654, 655, 656, 657, 658, 659, 660, 661, 662, 663, 664, 665, 666, 667, 668, 669, 670, 671, 672, 673, 674, 675, 676, 677, 678, 679, 680, 681, 682, 683, 684, 685, 686, 687, 688, 689, 690, 691, 692, 693, 694, 695, 696, 697, 698, 699, 700, 701, 702, 703, 704, 705, 706, 707, 708, 709, 710, 711, 712, 713, 714, 715, 716, 717, 718, 719, 720, 721, 722, 723, 724, 725, 726, 727, 728, 729, 730, 731, 732, 733, 734, 735, 736, 737, 738, 739, 740, 741, 742, 743, 744, 745, 746, 747, 748, 749, 750, 751, 752, 753, 754, 755, 756, 757, 758, 759, 760, 761, 762, 763, 764, 765, 766, 767, 768, 769, 770, 771, 772, 773, 774, 775, 776, 777, 778, 779, 780, 781, 782, 783, 784, 785, 786, 787, 788, 789, 790, 791, 792, 793]","[122, 130, 171, 179, 184, 187, 238, 248, 251, 258, 268, 285, 301, 350, 360, 362, 372, 386, 395, 397, 407, 453, 593, 601, 642, 650, 655, 658, 702, 711, 714, 720, 727, 744, 805, 815, 822, 836, 845, 847, 856, 900]","[1, 13, 14, 29, 54, 55, 56, 57, 58, 60, 102, 118, 125, 127, 130, 134, 146, 149, 153, 175, 182, 187, 189, 191, 197, 225, 230, 238, 264, 265, 266, 286, 302, 317, 336, 379, 388, 389, 425, 454, 458, 463, 475, 487, 498, 499, 512, 530, 531, 532, 533, 534, 536, 573, 589, 596, 598, 601, 605, 617, 620, 624, 646, 653, 658, 660, 662, 668, 689, 694, 702, 724, 725, 745, 760, 775, 793, 829, 838, 839, 877, 901, 903, 905, 910, 923]","[1, 13, 14, 29, 54, 55, 56, 57, 58, 60, 102, 118, 125, 127, 130, 134, 146, 149, 153, 175, 182, 187, 189, 191, 197, 225, 230, 238, 264, 265, 266, 286, 302, 317, 336, 354, 379, 388, 389, 425, 454, 458, 463, 475, 487, 498, 499, 512, 530, 531, 532, 533, 534, 536, 573, 589, 596, 598, 601, 605, 617, 620, 624, 646, 653, 658, 660, 662, 668, 689, 694, 702, 724, 725, 745, 760, 775, 793, 809, 829, 838, 839, 877, 901, 903, 905, 910, 923]","[1, 13, 14, 29, 54, 55, 56, 57, 58, 60, 102, 103, 104, 105, 106, 107, 108, 109, 110, 111, 112, 113, 114, 115, 116, 117, 118, 119, 120, 121, 122, 123, 124, 125, 126, 127, 128, 129, 130, 131, 132, 133, 134, 135, 136, 137, 138, 139, 140, 141, 142, 143, 144, 145, 146, 147, 148, 149, 150, 151, 152, 153, 154, 155, 156, 157, 158, 159, 160, 161, 162, 163, 164, 165, 166, 167, 168, 169, 170, 171, 172, 173, 174, 175, 176, 177, 178, 179, 180, 181, 182, 183, 184, 185, 186, 187, 188, 189, 190, 191, 192, 193, 194, 195, 196, 197, 198, 199, 200, 201, 202, 203, 204, 205, 206, 207, 208, 209, 210, 211, 212, 213, 214, 215, 216, 217, 218, 219, 220, 221, 222, 223, 224, 225, 226, 227, 228, 229, 230, 231, 232, 233, 234, 235, 236, 237, 238, 239, 240, 241, 242, 243, 244, 245, 246, 247, 248, 249, 250, 251, 252, 253, 254, 255, 256, 257, 258, 259, 260, 261, 262, 263, 264, 265, 266, 267, 268, 269, 270, 271, 272, 273, 274, 275, 276, 277, 278, 279, 280, 281, 282, 283, 284, 285, 286, 287, 288, 289, 290, 291, 292, 293, 294, 295, 296, 297, 298, 299, 300, 301, 302, 303, 304, 305, 306, 307, 308, 309, 310, 311, 312, 313, 314, 315, 316, 317, 318, 319, 320, 321, 322, 323, 324, 325, 326, 327, 328, 329, 330, 331, 332, 333, 334, 335, 336, 337, 350, 354, 360, 362, 372, 379, 386, 388, 389, 395, 397, 407, 425, 453, 454, 458, 463, 475, 487, 498, 499, 512, 530, 531, 532, 533, 534, 536, 573, 574, 575, 576, 577, 578, 579, 580, 581, 582, 583, 584, 585, 586, 587, 588, 589, 590, 591, 592, 593, 594, 595, 596, 597, 598, 599, 600, 601, 602, 603, 604, 605, 606, 607, 608, 609, 610, 611, 612, 613, 614, 615, 616, 617, 618, 619, 620, 621, 622, 623, 624, 625, 626, 627, 628, 629, 630, 631, 632, 633, 634, 635, 636, 637, 638, 639, 640, 641, 642, 643, 644, 645, 646, 647, 648, 649, 650, 651, 652, 653, 654, 655, 656, 657, 658, 659, 660, 661, 662, 663, 664, 665, 666, 667, 668, 669, 670, 671, 672, 673, 674, 675, 676, 677, 678, 679, 680, 681, 682, 683, 684, 685, 686, 687, 688, 689, 690, 691, 692, 693, 694, 695, 696, 697, 698, 699, 700, 701, 702, 703, 704, 705, 706, 707, 708, 709, 710, 711, 712, 713, 714, 715, 716, 717, 718, 719, 720, 721, 722, 723, 724, 725, 726, 727, 728, 729, 730, 731, 732, 733, 734, 735, 736, 737, 738, 739, 740, 741, 742, 743, 744, 745, 746, 747, 748, 749, 750, 751, 752, 753, 754, 755, 756, 757, 758, 759, 760, 761, 762, 763, 764, 765, 766, 767, 768, 769, 770, 771, 772, 773, 774, 775, 776, 777, 778, 779, 780, 781, 782, 783, 784, 785, 786, 787, 788, 789, 790, 791, 792, 793, 805, 809, 815, 822, 829, 836, 838, 839, 845, 847, 856, 877, 900, 901, 903, 905, 910, 923]",True,"[122, 187, 593, 658]","[103, 104, 105, 106, 107, 108, 109, 110, 111, 112, 113, 114, 115, 116, 117, 118, 119, 120, 121, 122, 123, 124, 125, 126, 127, 128, 129, 130, 131, 132, 133, 134, 135, 136, 137, 138, 139, 140, 141, 142, 143, 144, 145, 146, 147, 148, 149, 150, 151, 152, 153, 154, 155, 156, 157, 158, 159, 160, 161, 162, 163, 164, 165, 166, 167, 168, 169, 170, 171, 172, 173, 174, 175, 176, 177, 178, 179, 180, 181, 182, 183, 184, 185, 186, 187, 188, 189, 190, 191, 192, 193, 194, 195, 196, 197, 198, 199, 200, 201, 202, 203, 204, 205, 206, 207, 208, 209, 210, 211, 212, 213, 214, 215, 216, 217, 218, 219, 220, 221, 222, 223, 224, 225, 226, 227, 228, 229, 230, 231, 232, 233, 234, 235, 236, 237, 238, 239, 240, 241, 242, 243, 244, 245, 246, 247, 248, 249, 250, 251, 252, 253, 254, 255, 256, 257, 258, 259, 260, 261, 262, 263, 264, 265, 266, 267, 268, 269, 270, 271, 272, 273, 274, 275, 276, 277, 278, 279, 280, 281, 282, 283, 284, 285, 286, 287, 288, 289, 290, 291, 292, 293, 294, 295, 296, 297, 298, 299, 300, 301, 302, 303, 304, 305, 306, 307, 308, 309, 310, 311, 312, 313, 314, 315, 316, 317, 318, 319, 320, 321, 322, 323, 324, 325, 326, 327, 328, 329, 330, 331, 332, 333, 334, 335, 336, 337, 574, 575, 576, 577, 578, 579, 580, 581, 582, 583, 584, 585, 586, 587, 588, 589, 590, 591, 592, 593, 594, 595, 596, 597, 598, 599, 600, 601, 602, 603, 604, 605, 606, 607, 608, 609, 610, 611, 612, 613, 614, 615, 616, 617, 618, 619, 620, 621, 622, 623, 624, 625, 626, 627, 628, 629, 630, 631, 632, 633, 634, 635, 636, 637, 638, 639, 640, 641, 642, 643, 644, 645, 646, 647, 648, 649, 650, 651, 652, 653, 654, 655, 656, 657, 658, 659, 660, 661, 662, 663, 664, 665, 666, 667, 668, 669, 670, 671, 672, 673, 674, 675, 676, 677, 678, 679, 680, 681, 682, 683, 684, 685, 686, 687, 688, 689, 690, 691, 692, 693, 694, 695, 696, 697, 698, 699, 700, 701, 702, 703, 704, 705, 706, 707, 708, 709, 710, 711, 712, 713, 714, 715, 716, 717, 718, 719, 720, 721, 722, 723, 724, 725, 726, 727, 728, 729, 730, 731, 732, 733, 734, 735, 736, 737, 738, 739, 740, 741, 742, 743, 744, 745, 746, 747, 748, 749, 750, 751, 752, 753, 754, 755, 756, 757, 758, 759, 760, 761, 762, 763, 764, 765, 766, 767, 768, 769, 770, 771, 772, 773, 774, 775, 776, 777, 778, 779, 780, 781, 782, 783, 784, 785, 786, 787, 788, 789, 790, 791, 792, 793]","[122, 187, 593, 658]",[],"[122, 130, 171, 179, 184, 187, 238, 248, 251, 258, 268, 285, 301, 350, 360, 362, 372, 386, 395, 397, 407, 453, 593, 601, 642, 650, 655, 658, 702, 711, 714, 720, 727, 744, 805, 815, 822, 836, 845, 847, 856, 900]","[1, 13, 14, 29, 54, 55, 56, 57, 58, 60, 102, 118, 125, 127, 130, 134, 146, 149, 153, 175, 182, 187, 189, 191, 197, 225, 230, 238, 264, 265, 266, 286, 302, 317, 336, 354, 379, 388, 389, 425, 454, 458, 463, 475, 487, 498, 499, 512, 530, 531, 532, 533, 534, 536, 573, 589, 596, 598, 601, 605, 617, 620, 624, 646, 653, 658, 660, 662, 668, 689, 694, 702, 724, 725, 745, 760, 775, 793, 809, 829, 838, 839, 877, 901, 903, 905, 910, 923]","[1, 13, 14, 29, 54, 55, 56, 57, 58, 60, 102, 118, 125, 127, 130, 134, 146, 149, 153, 175, 182, 187, 189, 191, 197, 225, 230, 238, 264, 265, 266, 286, 302, 317, 336, 379, 388, 389, 425, 454, 458, 463, 475, 487, 498, 499, 512, 530, 531, 532, 533, 534, 536, 573, 589, 596, 598, 601, 605, 617, 620, 624, 646, 653, 658, 660, 662, 668, 689, 694, 702, 724, 725, 745, 760, 775, 793, 829, 838, 839, 877, 901, 903, 905, 910, 923]",7/6 successful match,True,[466],True,319,False,,1.0,True,Inyo Shell Y - Mart,Shell
Bishop ( 93514 ) Inyo Shell Y - Mart,760-873-6335 US 6 & US 395,<U+2610> <U+25A1>,Bishop,93514,Inyo Shell Y - Mart,760-873-6335,2016,Bishop,CA,Shell,,US 6 & US 395,empty,,False,,False,US 6,US 395,,,,"[658, 187]","[122, 187, 593, 658]","[122, 187, 593, 658]",[],"[103, 104, 105, 106, 107, 108, 109, 110, 111, 112, 113, 114, 115, 116, 117, 118, 119, 120, 121, 122, 123, 124, 125, 126, 127, 128, 129, 130, 131, 132, 133, 134, 135, 136, 137, 138, 139, 140, 141, 142, 143, 144, 145, 146, 147, 148, 149, 150, 151, 152, 153, 154, 155, 156, 157, 158, 159, 160, 161, 162, 163, 164, 165, 166, 167, 168, 169, 170, 171, 172, 173, 174, 175, 176, 177, 178, 179, 180, 181, 182, 183, 184, 185, 186, 187, 188, 189, 190, 191, 192, 193, 194, 195, 196, 197, 198, 199, 200, 201, 202, 203, 204, 205, 206, 207, 208, 209, 210, 211, 212, 213, 214, 215, 216, 217, 218, 219, 220, 221, 222, 223, 224, 225, 226, 227, 228, 229, 230, 231, 232, 233, 234, 235, 236, 237, 238, 239, 240, 241, 242, 243, 244, 245, 246, 247, 248, 249, 250, 251, 252, 253, 254, 255, 256, 257, 258, 259, 260, 261, 262, 263, 264, 265, 266, 267, 268, 269, 270, 271, 272, 273, 274, 275, 276, 277, 278, 279, 280, 281, 282, 283, 284, 285, 286, 287, 288, 289, 290, 291, 292, 293, 294, 295, 296, 297, 298, 299, 300, 301, 302, 303, 304, 305, 306, 307, 308, 309, 310, 311, 312, 313, 314, 315, 316, 317, 318, 319, 320, 321, 322, 323, 324, 325, 326, 327, 328, 329, 330, 331, 332, 333, 334, 335, 336, 337, 574, 575, 576, 577, 578, 579, 580, 581, 582, 583, 584, 585, 586, 587, 588, 589, 590, 591, 592, 593, 594, 595, 596, 597, 598, 599, 600, 601, 602, 603, 604, 605, 606, 607, 608, 609, 610, 611, 612, 613, 614, 615, 616, 617, 618, 619, 620, 621, 622, 623, 624, 625, 626, 627, 628, 629, 630, 631, 632, 633, 634, 635, 636, 637, 638, 639, 640, 641, 642, 643, 644, 645, 646, 647, 648, 649, 650, 651, 652, 653, 654, 655, 656, 657, 658, 659, 660, 661, 662, 663, 664, 665, 666, 667, 668, 669, 670, 671, 672, 673, 674, 675, 676, 677, 678, 679, 680, 681, 682, 683, 684, 685, 686, 687, 688, 689, 690, 691, 692, 693, 694, 695, 696, 697, 698, 699, 700, 701, 702, 703, 704, 705, 706, 707, 708, 709, 710, 711, 712, 713, 714, 715, 716, 717, 718, 719, 720, 721, 722, 723, 724, 725, 726, 727, 728, 729, 730, 731, 732, 733, 734, 735, 736, 737, 738, 739, 740, 741, 742, 743, 744, 745, 746, 747, 748, 749, 750, 751, 752, 753, 754, 755, 756, 757, 758, 759, 760, 761, 762, 763, 764, 765, 766, 767, 768, 769, 770, 771, 772, 773, 774, 775, 776, 777, 778, 779, 780, 781, 782, 783, 784, 785, 786, 787, 788, 789, 790, 791, 792, 793]","[122, 130, 171, 179, 184, 187, 238, 248, 251, 258, 268, 285, 301, 350, 360, 362, 372, 386, 395, 397, 407, 453, 593, 601, 642, 650, 655, 658, 702, 711, 714, 720, 727, 744, 805, 815, 822, 836, 845, 847, 856, 900]","[1, 13, 14, 29, 54, 55, 56, 57, 58, 60, 102, 118, 125, 127, 130, 134, 146, 149, 153, 175, 182, 187, 189, 191, 197, 225, 230, 238, 264, 265, 266, 286, 302, 317, 336, 379, 388, 389, 425, 454, 458, 463, 475, 487, 498, 499, 512, 530, 531, 532, 533, 534, 536, 573, 589, 596, 598, 601, 605, 617, 620, 624, 646, 653, 658, 660, 662, 668, 689, 694, 702, 724, 725, 745, 760, 775, 793, 829, 838, 839, 877, 901, 903, 905, 910, 923]","[1, 13, 14, 29, 54, 55, 56, 57, 58, 60, 102, 118, 125, 127, 130, 134, 146, 149, 153, 175, 182, 187, 189, 191, 197, 225, 230, 238, 264, 265, 266, 286, 302, 317, 336, 354, 379, 388, 389, 425, 454, 458, 463, 475, 487, 498, 499, 512, 530, 531, 532, 533, 534, 536, 573, 589, 596, 598, 601, 605, 617, 620, 624, 646, 653, 658, 660, 662, 668, 689, 694, 702, 724, 725, 745, 760, 775, 793, 809, 829, 838, 839, 877, 901, 903, 905, 910, 923]","[1, 13, 14, 29, 54, 55, 56, 57, 58, 60, 102, 103, 104, 105, 106, 107, 108, 109, 110, 111, 112, 113, 114, 115, 116, 117, 118, 119, 120, 121, 122, 123, 124, 125, 126, 127, 128, 129, 130, 131, 132, 133, 134, 135, 136, 137, 138, 139, 140, 141, 142, 143, 144, 145, 146, 147, 148, 149, 150, 151, 152, 153, 154, 155, 156, 157, 158, 159, 160, 161, 162, 163, 164, 165, 166, 167, 168, 169, 170, 171, 172, 173, 174, 175, 176, 177, 178, 179, 180, 181, 182, 183, 184, 185, 186, 187, 188, 189, 190, 191, 192, 193, 194, 195, 196, 197, 198, 199, 200, 201, 202, 203, 204, 205, 206, 207, 208, 209, 210, 211, 212, 213, 214, 215, 216, 217, 218, 219, 220, 221, 222, 223, 224, 225, 226, 227, 228, 229, 230, 231, 232, 233, 234, 235, 236, 237, 238, 239, 240, 241, 242, 243, 244, 245, 246, 247, 248, 249, 250, 251, 252, 253, 254, 255, 256, 257, 258, 259, 260, 261, 262, 263, 264, 265, 266, 267, 268, 269, 270, 271, 272, 273, 274, 275, 276, 277, 278, 279, 280, 281, 282, 283, 284, 285, 286, 287, 288, 289, 290, 291, 292, 293, 294, 295, 296, 297, 298, 299, 300, 301, 302, 303, 304, 305, 306, 307, 308, 309, 310, 311, 312, 313, 314, 315, 316, 317, 318, 319, 320, 321, 322, 323, 324, 325, 326, 327, 328, 329, 330, 331, 332, 333, 334, 335, 336, 337, 350, 354, 360, 362, 372, 379, 386, 388, 389, 395, 397, 407, 425, 453, 454, 458, 463, 475, 487, 498, 499, 512, 530, 531, 532, 533, 534, 536, 573, 574, 575, 576, 577, 578, 579, 580, 581, 582, 583, 584, 585, 586, 587, 588, 589, 590, 591, 592, 593, 594, 595, 596, 597, 598, 599, 600, 601, 602, 603, 604, 605, 606, 607, 608, 609, 610, 611, 612, 613, 614, 615, 616, 617, 618, 619, 620, 621, 622, 623, 624, 625, 626, 627, 628, 629, 630, 631, 632, 633, 634, 635, 636, 637, 638, 639, 640, 641, 642, 643, 644, 645, 646, 647, 648, 649, 650, 651, 652, 653, 654, 655, 656, 657, 658, 659, 660, 661, 662, 663, 664, 665, 666, 667, 668, 669, 670, 671, 672, 673, 674, 675, 676, 677, 678, 679, 680, 681, 682, 683, 684, 685, 686, 687, 688, 689, 690, 691, 692, 693, 694, 695, 696, 697, 698, 699, 700, 701, 702, 703, 704, 705, 706, 707, 708, 709, 710, 711, 712, 713, 714, 715, 716, 717, 718, 719, 720, 721, 722, 723, 724, 725, 726, 727, 728, 729, 730, 731, 732, 733, 734, 735, 736, 737, 738, 739, 740, 741, 742, 743, 744, 745, 746, 747, 748, 749, 750, 751, 752, 753, 754, 755, 756, 757, 758, 759, 760, 761, 762, 763, 764, 765, 766, 767, 768, 769, 770, 771, 772, 773, 774, 775, 776, 777, 778, 779, 780, 781, 782, 783, 784, 785, 786, 787, 788, 789, 790, 791, 792, 793, 805, 809, 815, 822, 829, 836, 838, 839, 845, 847, 856, 877, 900, 901, 903, 905, 910, 923]",True,"[122, 187, 593, 658]","[103, 104, 105, 106, 107, 108, 109, 110, 111, 112, 113, 114, 115, 116, 117, 118, 119, 120, 121, 122, 123, 124, 125, 126, 127, 128, 129, 130, 131, 132, 133, 134, 135, 136, 137, 138, 139, 140, 141, 142, 143, 144, 145, 146, 147, 148, 149, 150, 151, 152, 153, 154, 155, 156, 157, 158, 159, 160, 161, 162, 163, 164, 165, 166, 167, 168, 169, 170, 171, 172, 173, 174, 175, 176, 177, 178, 179, 180, 181, 182, 183, 184, 185, 186, 187, 188, 189, 190, 191, 192, 193, 194, 195, 196, 197, 198, 199, 200, 201, 202, 203, 204, 205, 206, 207, 208, 209, 210, 211, 212, 213, 214, 215, 216, 217, 218, 219, 220, 221, 222, 223, 224, 225, 226, 227, 228, 229, 230, 231, 232, 233, 234, 235, 236, 237, 238, 239, 240, 241, 242, 243, 244, 245, 246, 247, 248, 249, 250, 251, 252, 253, 254, 255, 256, 257, 258, 259, 260, 261, 262, 263, 264, 265, 266, 267, 268, 269, 270, 271, 272, 273, 274, 275, 276, 277, 278, 279, 280, 281, 282, 283, 284, 285, 286, 287, 288, 289, 290, 291, 292, 293, 294, 295, 296, 297, 298, 299, 300, 301, 302, 303, 304, 305, 306, 307, 308, 309, 310, 311, 312, 313, 314, 315, 316, 317, 318, 319, 320, 321, 322, 323, 324, 325, 326, 327, 328, 329, 330, 331, 332, 333, 334, 335, 336, 337, 574, 575, 576, 577, 578, 579, 580, 581, 582, 583, 584, 585, 586, 587, 588, 589, 590, 591, 592, 593, 594, 595, 596, 597, 598, 599, 600, 601, 602, 603, 604, 605, 606, 607, 608, 609, 610, 611, 612, 613, 614, 615, 616, 617, 618, 619, 620, 621, 622, 623, 624, 625, 626, 627, 628, 629, 630, 631, 632, 633, 634, 635, 636, 637, 638, 639, 640, 641, 642, 643, 644, 645, 646, 647, 648, 649, 650, 651, 652, 653, 654, 655, 656, 657, 658, 659, 660, 661, 662, 663, 664, 665, 666, 667, 668, 669, 670, 671, 672, 673, 674, 675, 676, 677, 678, 679, 680, 681, 682, 683, 684, 685, 686, 687, 688, 689, 690, 691, 692, 693, 694, 695, 696, 697, 698, 699, 700, 701, 702, 703, 704, 705, 706, 707, 708, 709, 710, 711, 712, 713, 714, 715, 716, 717, 718, 719, 720, 721, 722, 723, 724, 725, 726, 727, 728, 729, 730, 731, 732, 733, 734, 735, 736, 737, 738, 739, 740, 741, 742, 743, 744, 745, 746, 747, 748, 749, 750, 751, 752, 753, 754, 755, 756, 757, 758, 759, 760, 761, 762, 763, 764, 765, 766, 767, 768, 769, 770, 771, 772, 773, 774, 775, 776, 777, 778, 779, 780, 781, 782, 783, 784, 785, 786, 787, 788, 789, 790, 791, 792, 793]","[122, 187, 593, 658]",[],"[122, 130, 171, 179, 184, 187, 238, 248, 251, 258, 268, 285, 301, 350, 360, 362, 372, 386, 395, 397, 407, 453, 593, 601, 642, 650, 655, 658, 702, 711, 714, 720, 727, 744, 805, 815, 822, 836, 845, 847, 856, 900]","[1, 13, 14, 29, 54, 55, 56, 57, 58, 60, 102, 118, 125, 127, 130, 134, 146, 149, 153, 175, 182, 187, 189, 191, 197, 225, 230, 238, 264, 265, 266, 286, 302, 317, 336, 354, 379, 388, 389, 425, 454, 458, 463, 475, 487, 498, 499, 512, 530, 531, 532, 533, 534, 536, 573, 589, 596, 598, 601, 605, 617, 620, 624, 646, 653, 658, 660, 662, 668, 689, 694, 702, 724, 725, 745, 760, 775, 793, 809, 829, 838, 839, 877, 901, 903, 905, 910, 923]","[1, 13, 14, 29, 54, 55, 56, 57, 58, 60, 102, 118, 125, 127, 130, 134, 146, 149, 153, 175, 182, 187, 189, 191, 197, 225, 230, 238, 264, 265, 266, 286, 302, 317, 336, 379, 388, 389, 425, 454, 458, 463, 475, 487, 498, 499, 512, 530, 531, 532, 533, 534, 536, 573, 589, 596, 598, 601, 605, 617, 620, 624, 646, 653, 658, 660, 662, 668, 689, 694, 702, 724, 725, 745, 760, 775, 793, 829, 838, 839, 877, 901, 903, 905, 910, 923]",7/6 successful match,True,[466],True,319,False,,1.0,True,Inyo Shell Y - Mart,Shell
"Kramer Jct , 93516 Pilot Travel Center # 200",760-762-0041 US 395 & CA 58,175 ) MOO 000,Kramer Jct,93516,Pilot Travel Center # 200,760-762-0041,2006,Boron,CA,Pilot,,US 395 & CA 58,empty,,False,,False,US 395,CA 58,,,,"[714, 251]","[214, 251, 684, 714]","[214, 251, 684, 714]",[],"[103, 104, 105, 106, 107, 108, 109, 110, 111, 112, 113, 114, 115, 116, 117, 118, 119, 120, 121, 122, 123, 124, 125, 126, 127, 128, 129, 130, 131, 132, 133, 134, 135, 136, 137, 138, 139, 140, 141, 142, 143, 144, 145, 146, 147, 148, 149, 150, 151, 152, 153, 154, 155, 156, 157, 158, 159, 160, 161, 162, 163, 164, 165, 166, 167, 168, 169, 170, 171, 172, 173, 174, 175, 176, 177, 178, 179, 180, 181, 182, 183, 184, 185, 186, 187, 188, 189, 190, 191, 192, 193, 194, 195, 196, 197, 198, 199, 200, 201, 202, 203, 204, 205, 206, 207, 208, 209, 210, 211, 212, 213, 214, 215, 216, 217, 218, 219, 220, 221, 222, 223, 224, 225, 226, 227, 228, 229, 230, 231, 232, 233, 234, 235, 236, 237, 238, 239, 240, 241, 242, 243, 244, 245, 246, 247, 248, 249, 250, 251, 252, 253, 254, 255, 256, 257, 258, 259, 260, 261, 262, 263, 264, 265, 266, 267, 268, 269, 270, 271, 272, 273, 274, 275, 276, 277, 278, 279, 280, 281, 282, 283, 284, 285, 286, 287, 288, 289, 290, 291, 292, 293, 294, 295, 296, 297, 298, 299, 300, 301, 302, 303, 304, 305, 306, 307, 308, 309, 310, 311, 312, 313, 314, 315, 316, 317, 318, 319, 320, 321, 322, 323, 324, 325, 326, 327, 328, 329, 330, 331, 332, 333, 334, 335, 336, 337, 574, 575, 576, 577, 578, 579, 580, 581, 582, 583, 584, 585, 586, 587, 588, 589, 590, 591, 592, 593, 594, 595, 596, 597, 598, 599, 600, 601, 602, 603, 604, 605, 606, 607, 608, 609, 610, 611, 612, 613, 614, 615, 616, 617, 618, 619, 620, 621, 622, 623, 624, 625, 626, 627, 628, 629, 630, 631, 632, 633, 634, 635, 636, 637, 638, 639, 640, 641, 642, 643, 644, 645, 646, 647, 648, 649, 650, 651, 652, 653, 654, 655, 656, 657, 658, 659, 660, 661, 662, 663, 664, 665, 666, 667, 668, 669, 670, 671, 672, 673, 674, 675, 676, 677, 678, 679, 680, 681, 682, 683, 684, 685, 686, 687, 688, 689, 690, 691, 692, 693, 694, 695, 696, 697, 698, 699, 700, 701, 702, 703, 704, 705, 706, 707, 708, 709, 710, 711, 712, 713, 714, 715, 716, 717, 718, 719, 720, 721, 722, 723, 724, 725, 726, 727, 728, 729, 730, 731, 732, 733, 734, 735, 736, 737, 738, 739, 740, 741, 742, 743, 744, 745, 746, 747, 748, 749, 750, 751, 752, 753, 754, 755, 756, 757, 758, 759, 760, 761, 762, 763, 764, 765, 766, 767, 768, 769, 770, 771, 772, 773, 774, 775, 776, 777, 778, 779, 780, 781, 782, 783, 784, 785, 786, 787, 788, 789, 790, 791, 792, 793]","[103, 104, 106, 117, 118, 120, 121, 122, 127, 128, 129, 130, 131, 133, 135, 136, 137, 139, 146, 147, 148, 149, 151, 158, 160, 162, 166, 171, 173, 178, 179, 184, 185, 187, 190, 192, 198, 201, 203, 204, 206, 207, 212, 213, 214, 219, 223, 224, 225, 227, 230, 235, 237, 238, 246, 247, 248, 251, 256, 258, 259, 262, 263, 266, 268, 269, 271, 272, 278, 279, 284, 285, 288, 290, 292, 301, 304, 312, 316, 319, 320, 323, 324, 332, 350, 362, 395, 397, 574, 575, 588, 591, 592, 593, 601, 607, 608, 610, 618, 619, 620, 622, 632, 642, 644, 649, 650, 655, 656, 658, 661, 663, 669, 674, 677, 683, 684, 687, 688, 689, 701, 702, 710, 711, 714, 720, 723, 730, 731, 738, 747, 751, 762, 774, 778, 789, 805, 815, 845, 847]","[15, 16, 65, 66, 67, 68, 69, 70, 71, 72, 73, 74, 75, 76, 80, 151, 245, 246, 247, 248, 249, 250, 251, 252, 253, 254, 255, 256, 257, 258, 259, 280, 340, 373, 374, 375, 376, 377, 459, 460, 461, 462, 500, 501, 539, 540, 541, 542, 543, 544, 545, 546, 547, 548, 549, 550, 552, 622, 708, 709, 710, 711, 712, 713, 714, 715, 716, 717, 718, 719, 720, 739, 796, 823, 824, 825, 826, 827, 906, 907, 908, 909]","[15, 16, 65, 66, 67, 68, 69, 70, 71, 72, 73, 74, 75, 76, 77, 78, 80, 151, 244, 245, 246, 247, 248, 249, 250, 251, 252, 253, 254, 255, 256, 257, 258, 259, 260, 280, 340, 373, 374, 375, 376, 377, 459, 460, 461, 462, 500, 501, 539, 540, 541, 542, 543, 544, 545, 546, 547, 548, 549, 550, 552, 622, 708, 709, 710, 711, 712, 713, 714, 715, 716, 717, 718, 719, 720, 739, 796, 823, 824, 825, 826, 827, 906, 907, 908, 909]","[15, 16, 65, 66, 67, 68, 69, 70, 71, 72, 73, 74, 75, 76, 77, 78, 80, 103, 104, 105, 106, 107, 108, 109, 110, 111, 112, 113, 114, 115, 116, 117, 118, 119, 120, 121, 122, 123, 124, 125, 126, 127, 128, 129, 130, 131, 132, 133, 134, 135, 136, 137, 138, 139, 140, 141, 142, 143, 144, 145, 146, 147, 148, 149, 150, 151, 152, 153, 154, 155, 156, 157, 158, 159, 160, 161, 162, 163, 164, 165, 166, 167, 168, 169, 170, 171, 172, 173, 174, 175, 176, 177, 178, 179, 180, 181, 182, 183, 184, 185, 186, 187, 188, 189, 190, 191, 192, 193, 194, 195, 196, 197, 198, 199, 200, 201, 202, 203, 204, 205, 206, 207, 208, 209, 210, 211, 212, 213, 214, 215, 216, 217, 218, 219, 220, 221, 222, 223, 224, 225, 226, 227, 228, 229, 230, 231, 232, 233, 234, 235, 236, 237, 238, 239, 240, 241, 242, 243, 244, 245, 246, 247, 248, 249, 250, 251, 252, 253, 254, 255, 256, 257, 258, 259, 260, 261, 262, 263, 264, 265, 266, 267, 268, 269, 270, 271, 272, 273, 274, 275, 276, 277, 278, 279, 280, 281, 282, 283, 284, 285, 286, 287, 288, 289, 290, 291, 292, 293, 294, 295, 296, 297, 298, 299, 300, 301, 302, 303, 304, 305, 306, 307, 308, 309, 310, 311, 312, 313, 314, 315, 316, 317, 318, 319, 320, 321, 322, 323, 324, 325, 326, 327, 328, 329, 330, 331, 332, 333, 334, 335, 336, 337, 340, 350, 362, 373, 374, 375, 376, 377, 395, 397, 459, 460, 461, 462, 500, 501, 539, 540, 541, 542, 543, 544, 545, 546, 547, 548, 549, 550, 552, 574, 575, 576, 577, 578, 579, 580, 581, 582, 583, 584, 585, 586, 587, 588, 589, 590, 591, 592, 593, 594, 595, 596, 597, 598, 599, 600, 601, 602, 603, 604, 605, 606, 607, 608, 609, 610, 611, 612, 613, 614, 615, 616, 617, 618, 619, 620, 621, 622, 623, 624, 625, 626, 627, 628, 629, 630, 631, 632, 633, 634, 635, 636, 637, 638, 639, 640, 641, 642, 643, 644, 645, 646, 647, 648, 649, 650, 651, 652, 653, 654, 655, 656, 657, 658, 659, 660, 661, 662, 663, 664, 665, 666, 667, 668, 669, 670, 671, 672, 673, 674, 675, 676, 677, 678, 679, 680, 681, 682, 683, 684, 685, 686, 687, 688, 689, 690, 691, 692, 693, 694, 695, 696, 697, 698, 699, 700, 701, 702, 703, 704, 705, 706, 707, 708, 709, 710, 711, 712, 713, 714, 715, 716, 717, 718, 719, 720, 721, 722, 723, 724, 725, 726, 727, 728, 729, 730, 731, 732, 733, 734, 735, 736, 737, 738, 739, 740, 741, 742, 743, 744, 745, 746, 747, 748, 749, 750, 751, 752, 753, 754, 755, 756, 757, 758, 759, 760, 761, 762, 763, 764, 765, 766, 767, 768, 769, 770, 771, 772, 773, 774, 775, 776, 777, 778, 779, 780, 781, 782, 783, 784, 785, 786, 787, 788, 789, 790, 791, 792, 793, 796, 805, 815, 823, 824, 825, 826, 827, 845, 847, 906, 907, 908, 909]",True,"[214, 251, 684, 714]","[103, 104, 105, 106, 107, 108, 109, 110, 111, 112, 113, 114, 115, 116, 117, 118, 119, 120, 121, 122, 123, 124, 125, 126, 127, 128, 129, 130, 131, 132, 133, 134, 135, 136, 137, 138, 139, 140, 141, 142, 143, 144, 145, 146, 147, 148, 149, 150, 151, 152, 153, 154, 155, 156, 157, 158, 159, 160, 161, 162, 163, 164, 165, 166, 167, 168, 169, 170, 171, 172, 173, 174, 175, 176, 177, 178, 179, 180, 181, 182, 183, 184, 185, 186, 187, 188, 189, 190, 191, 192, 193, 194, 195, 196, 197, 198, 199, 200, 201, 202, 203, 204, 205, 206, 207, 208, 209, 210, 211, 212, 213, 214, 215, 216, 217, 218, 219, 220, 221, 222, 223, 224, 225, 226, 227, 228, 229, 230, 231, 232, 233, 234, 235, 236, 237, 238, 239, 240, 241, 242, 243, 244, 245, 246, 247, 248, 249, 250, 251, 252, 253, 254, 255, 256, 257, 258, 259, 260, 261, 262, 263, 264, 265, 266, 267, 268, 269, 270, 271, 272, 273, 274, 275, 276, 277, 278, 279, 280, 281, 282, 283, 284, 285, 286, 287, 288, 289, 290, 291, 292, 293, 294, 295, 296, 297, 298, 299, 300, 301, 302, 303, 304, 305, 306, 307, 308, 309, 310, 311, 312, 313, 314, 315, 316, 317, 318, 319, 320, 321, 322, 323, 324, 325, 326, 327, 328, 329, 330, 331, 332, 333, 334, 335, 336, 337, 574, 575, 576, 577, 578, 579, 580, 581, 582, 583, 584, 585, 586, 587, 588, 589, 590, 591, 592, 593, 594, 595, 596, 597, 598, 599, 600, 601, 602, 603, 604, 605, 606, 607, 608, 609, 610, 611, 612, 613, 614, 615, 616, 617, 618, 619, 620, 621, 622, 623, 624, 625, 626, 627, 628, 629, 630, 631, 632, 633, 634, 635, 636, 637, 638, 639, 640, 641, 642, 643, 644, 645, 646, 647, 648, 649, 650, 651, 652, 653, 654, 655, 656, 657, 658, 659, 660, 661, 662, 663, 664, 665, 666, 667, 668, 669, 670, 671, 672, 673, 674, 675, 676, 677, 678, 679, 680, 681, 682, 683, 684, 685, 686, 687, 688, 689, 690, 691, 692, 693, 694, 695, 696, 697, 698, 699, 700, 701, 702, 703, 704, 705, 706, 707, 708, 709, 710, 711, 712, 713, 714, 715, 716, 717, 718, 719, 720, 721, 722, 723, 724, 725, 726, 727, 728, 729, 730, 731, 732, 733, 734, 735, 736, 737, 738, 739, 740, 741, 742, 743, 744, 745, 746, 747, 748, 749, 750, 751, 752, 753, 754, 755, 756, 757, 758, 759, 760, 761, 762, 763, 764, 765, 766, 767, 768, 769, 770, 771, 772, 773, 774, 775, 776, 777, 778, 779, 780, 781, 782, 783, 784, 785, 786, 787, 788, 789, 790, 791, 792, 793]","[214, 251, 684, 714]",[],"[103, 104, 106, 117, 118, 120, 121, 122, 127, 128, 129, 130, 131, 133, 135, 136, 137, 139, 146, 147, 148, 149, 151, 158, 160, 162, 166, 171, 173, 178, 179, 184, 185, 187, 190, 192, 198, 201, 203, 204, 206, 207, 212, 213, 214, 219, 223, 224, 225, 227, 230, 235, 237, 238, 246, 247, 248, 251, 256, 258, 259, 262, 263, 266, 268, 269, 271, 272, 278, 279, 284, 285, 288, 290, 292, 301, 304, 312, 316, 319, 320, 323, 324, 332, 350, 362, 395, 397, 574, 575, 588, 591, 592, 593, 601, 607, 608, 610, 618, 619, 620, 622, 632, 642, 644, 649, 650, 655, 656, 658, 661, 663, 669, 674, 677, 683, 684, 687, 688, 689, 701, 702, 710, 711, 714, 720, 723, 730, 731, 738, 747, 751, 762, 774, 778, 789, 805, 815, 845, 847]","[15, 16, 65, 66, 67, 68, 69, 70, 71, 72, 73, 74, 75, 76, 77, 78, 80, 151, 244, 245, 246, 247, 248, 249, 250, 251, 252, 253, 254, 255, 256, 257, 258, 259, 260, 280, 340, 373, 374, 375, 376, 377, 459, 460, 461, 462, 500, 501, 539, 540, 541, 542, 543, 544, 545, 546, 547, 548, 549, 550, 552, 622, 708, 709, 710, 711, 712, 713, 714, 715, 716, 717, 718, 719, 720, 739, 796, 823, 824, 825, 826, 827, 906, 907, 908, 909]","[15, 16, 65, 66, 67, 68, 69, 70, 71, 72, 73, 74, 75, 76, 80, 151, 245, 246, 247, 248, 249, 250, 251, 252, 253, 254, 255, 256, 257, 258, 259, 280, 340, 373, 374, 375, 376, 377, 459, 460, 461, 462, 500, 501, 539, 540, 541, 542, 543, 544, 545, 546, 547, 548, 549, 550, 552, 622, 708, 709, 710, 711, 712, 713, 714, 715, 716, 717, 718, 719, 720, 739, 796, 823, 824, 825, 826, 827, 906, 907, 908, 909]",7/6 successful match,True,[666],True,320,False,,,,,
"Kramer Jct , 93516 Pilot Travel Center # 200",760-762-0041 US 395 & CA 58,24 MOO,Kramer Jct,93516,Pilot Travel Center # 200,760-762-0041,2007,Boron,CA,Pilot,,US 395 & CA 58,empty,,False,,False,US 395,CA 58,,,,"[714, 251]","[214, 251, 684, 714]","[214, 251, 684, 714]",[],"[103, 104, 105, 106, 107, 108, 109, 110, 111, 112, 113, 114, 115, 116, 117, 118, 119, 120, 121, 122, 123, 124, 125, 126, 127, 128, 129, 130, 131, 132, 133, 134, 135, 136, 137, 138, 139, 140, 141, 142, 143, 144, 145, 146, 147, 148, 149, 150, 151, 152, 153, 154, 155, 156, 157, 158, 159, 160, 161, 162, 163, 164, 165, 166, 167, 168, 169, 170, 171, 172, 173, 174, 175, 176, 177, 178, 179, 180, 181, 182, 183, 184, 185, 186, 187, 188, 189, 190, 191, 192, 193, 194, 195, 196, 197, 198, 199, 200, 201, 202, 203, 204, 205, 206, 207, 208, 209, 210, 211, 212, 213, 214, 215, 216, 217, 218, 219, 220, 221, 222, 223, 224, 225, 226, 227, 228, 229, 230, 231, 232, 233, 234, 235, 236, 237, 238, 239, 240, 241, 242, 243, 244, 245, 246, 247, 248, 249, 250, 251, 252, 253, 254, 255, 256, 257, 258, 259, 260, 261, 262, 263, 264, 265, 266, 267, 268, 269, 270, 271, 272, 273, 274, 275, 276, 277, 278, 279, 280, 281, 282, 283, 284, 285, 286, 287, 288, 289, 290, 291, 292, 293, 294, 295, 296, 297, 298, 299, 300, 301, 302, 303, 304, 305, 306, 307, 308, 309, 310, 311, 312, 313, 314, 315, 316, 317, 318, 319, 320, 321, 322, 323, 324, 325, 326, 327, 328, 329, 330, 331, 332, 333, 334, 335, 336, 337, 574, 575, 576, 577, 578, 579, 580, 581, 582, 583, 584, 585, 586, 587, 588, 589, 590, 591, 592, 593, 594, 595, 596, 597, 598, 599, 600, 601, 602, 603, 604, 605, 606, 607, 608, 609, 610, 611, 612, 613, 614, 615, 616, 617, 618, 619, 620, 621, 622, 623, 624, 625, 626, 627, 628, 629, 630, 631, 632, 633, 634, 635, 636, 637, 638, 639, 640, 641, 642, 643, 644, 645, 646, 647, 648, 649, 650, 651, 652, 653, 654, 655, 656, 657, 658, 659, 660, 661, 662, 663, 664, 665, 666, 667, 668, 669, 670, 671, 672, 673, 674, 675, 676, 677, 678, 679, 680, 681, 682, 683, 684, 685, 686, 687, 688, 689, 690, 691, 692, 693, 694, 695, 696, 697, 698, 699, 700, 701, 702, 703, 704, 705, 706, 707, 708, 709, 710, 711, 712, 713, 714, 715, 716, 717, 718, 719, 720, 721, 722, 723, 724, 725, 726, 727, 728, 729, 730, 731, 732, 733, 734, 735, 736, 737, 738, 739, 740, 741, 742, 743, 744, 745, 746, 747, 748, 749, 750, 751, 752, 753, 754, 755, 756, 757, 758, 759, 760, 761, 762, 763, 764, 765, 766, 767, 768, 769, 770, 771, 772, 773, 774, 775, 776, 777, 778, 779, 780, 781, 782, 783, 784, 785, 786, 787, 788, 789, 790, 791, 792, 793]","[103, 104, 106, 117, 118, 120, 121, 122, 127, 128, 129, 130, 131, 133, 135, 136, 137, 139, 146, 147, 148, 149, 151, 158, 160, 162, 166, 171, 173, 178, 179, 184, 185, 187, 190, 192, 198, 201, 203, 204, 206, 207, 212, 213, 214, 219, 223, 224, 225, 227, 230, 235, 237, 238, 246, 247, 248, 251, 256, 258, 259, 262, 263, 266, 268, 269, 271, 272, 278, 279, 284, 285, 288, 290, 292, 301, 304, 312, 316, 319, 320, 323, 324, 332, 350, 362, 395, 397, 574, 575, 588, 591, 592, 593, 601, 607, 608, 610, 618, 619, 620, 622, 632, 642, 644, 649, 650, 655, 656, 658, 661, 663, 669, 674, 677, 683, 684, 687, 688, 689, 701, 702, 710, 711, 714, 720, 723, 730, 731, 738, 747, 751, 762, 774, 778, 789, 805, 815, 845, 847]","[15, 16, 65, 66, 67, 68, 69, 70, 71, 72, 73, 74, 75, 76, 80, 151, 245, 246, 247, 248, 249, 250, 251, 252, 253, 254, 255, 256, 257, 258, 259, 280, 340, 373, 374, 375, 376, 377, 459, 460, 461, 462, 500, 501, 539, 540, 541, 542, 543, 544, 545, 546, 547, 548, 549, 550, 552, 622, 708, 709, 710, 711, 712, 713, 714, 715, 716, 717, 718, 719, 720, 739, 796, 823, 824, 825, 826, 827, 906, 907, 908, 909]","[15, 16, 65, 66, 67, 68, 69, 70, 71, 72, 73, 74, 75, 76, 77, 78, 80, 151, 244, 245, 246, 247, 248, 249, 250, 251, 252, 253, 254, 255, 256, 257, 258, 259, 260, 280, 340, 373, 374, 375, 376, 377, 459, 460, 461, 462, 500, 501, 539, 540, 541, 542, 543, 544, 545, 546, 547, 548, 549, 550, 552, 622, 708, 709, 710, 711, 712, 713, 714, 715, 716, 717, 718, 719, 720, 739, 796, 823, 824, 825, 826, 827, 906, 907, 908, 909]","[15, 16, 65, 66, 67, 68, 69, 70, 71, 72, 73, 74, 75, 76, 77, 78, 80, 103, 104, 105, 106, 107, 108, 109, 110, 111, 112, 113, 114, 115, 116, 117, 118, 119, 120, 121, 122, 123, 124, 125, 126, 127, 128, 129, 130, 131, 132, 133, 134, 135, 136, 137, 138, 139, 140, 141, 142, 143, 144, 145, 146, 147, 148, 149, 150, 151, 152, 153, 154, 155, 156, 157, 158, 159, 160, 161, 162, 163, 164, 165, 166, 167, 168, 169, 170, 171, 172, 173, 174, 175, 176, 177, 178, 179, 180, 181, 182, 183, 184, 185, 186, 187, 188, 189, 190, 191, 192, 193, 194, 195, 196, 197, 198, 199, 200, 201, 202, 203, 204, 205, 206, 207, 208, 209, 210, 211, 212, 213, 214, 215, 216, 217, 218, 219, 220, 221, 222, 223, 224, 225, 226, 227, 228, 229, 230, 231, 232, 233, 234, 235, 236, 237, 238, 239, 240, 241, 242, 243, 244, 245, 246, 247, 248, 249, 250, 251, 252, 253, 254, 255, 256, 257, 258, 259, 260, 261, 262, 263, 264, 265, 266, 267, 268, 269, 270, 271, 272, 273, 274, 275, 276, 277, 278, 279, 280, 281, 282, 283, 284, 285, 286, 287, 288, 289, 290, 291, 292, 293, 294, 295, 296, 297, 298, 299, 300, 301, 302, 303, 304, 305, 306, 307, 308, 309, 310, 311, 312, 313, 314, 315, 316, 317, 318, 319, 320, 321, 322, 323, 324, 325, 326, 327, 328, 329, 330, 331, 332, 333, 334, 335, 336, 337, 340, 350, 362, 373, 374, 375, 376, 377, 395, 397, 459, 460, 461, 462, 500, 501, 539, 540, 541, 542, 543, 544, 545, 546, 547, 548, 549, 550, 552, 574, 575, 576, 577, 578, 579, 580, 581, 582, 583, 584, 585, 586, 587, 588, 589, 590, 591, 592, 593, 594, 595, 596, 597, 598, 599, 600, 601, 602, 603, 604, 605, 606, 607, 608, 609, 610, 611, 612, 613, 614, 615, 616, 617, 618, 619, 620, 621, 622, 623, 624, 625, 626, 627, 628, 629, 630, 631, 632, 633, 634, 635, 636, 637, 638, 639, 640, 641, 642, 643, 644, 645, 646, 647, 648, 649, 650, 651, 652, 653, 654, 655, 656, 657, 658, 659, 660, 661, 662, 663, 664, 665, 666, 667, 668, 669, 670, 671, 672, 673, 674, 675, 676, 677, 678, 679, 680, 681, 682, 683, 684, 685, 686, 687, 688, 689, 690, 691, 692, 693, 694, 695, 696, 697, 698, 699, 700, 701, 702, 703, 704, 705, 706, 707, 708, 709, 710, 711, 712, 713, 714, 715, 716, 717, 718, 719, 720, 721, 722, 723, 724, 725, 726, 727, 728, 729, 730, 731, 732, 733, 734, 735, 736, 737, 738, 739, 740, 741, 742, 743, 744, 745, 746, 747, 748, 749, 750, 751, 752, 753, 754, 755, 756, 757, 758, 759, 760, 761, 762, 763, 764, 765, 766, 767, 768, 769, 770, 771, 772, 773, 774, 775, 776, 777, 778, 779, 780, 781, 782, 783, 784, 785, 786, 787, 788, 789, 790, 791, 792, 793, 796, 805, 815, 823, 824, 825, 826, 827, 845, 847, 906, 907, 908, 909]",True,"[214, 251, 684, 714]","[103, 104, 105, 106, 107, 108, 109, 110, 111, 112, 113, 114, 115, 116, 117, 118, 119, 120, 121, 122, 123, 124, 125, 126, 127, 128, 129, 130, 131, 132, 133, 134, 135, 136, 137, 138, 139, 140, 141, 142, 143, 144, 145, 146, 147, 148, 149, 150, 151, 152, 153, 154, 155, 156, 157, 158, 159, 160, 161, 162, 163, 164, 165, 166, 167, 168, 169, 170, 171, 172, 173, 174, 175, 176, 177, 178, 179, 180, 181, 182, 183, 184, 185, 186, 187, 188, 189, 190, 191, 192, 193, 194, 195, 196, 197, 198, 199, 200, 201, 202, 203, 204, 205, 206, 207, 208, 209, 210, 211, 212, 213, 214, 215, 216, 217, 218, 219, 220, 221, 222, 223, 224, 225, 226, 227, 228, 229, 230, 231, 232, 233, 234, 235, 236, 237, 238, 239, 240, 241, 242, 243, 244, 245, 246, 247, 248, 249, 250, 251, 252, 253, 254, 255, 256, 257, 258, 259, 260, 261, 262, 263, 264, 265, 266, 267, 268, 269, 270, 271, 272, 273, 274, 275, 276, 277, 278, 279, 280, 281, 282, 283, 284, 285, 286, 287, 288, 289, 290, 291, 292, 293, 294, 295, 296, 297, 298, 299, 300, 301, 302, 303, 304, 305, 306, 307, 308, 309, 310, 311, 312, 313, 314, 315, 316, 317, 318, 319, 320, 321, 322, 323, 324, 325, 326, 327, 328, 329, 330, 331, 332, 333, 334, 335, 336, 337, 574, 575, 576, 577, 578, 579, 580, 581, 582, 583, 584, 585, 586, 587, 588, 589, 590, 591, 592, 593, 594, 595, 596, 597, 598, 599, 600, 601, 602, 603, 604, 605, 606, 607, 608, 609, 610, 611, 612, 613, 614, 615, 616, 617, 618, 619, 620, 621, 622, 623, 624, 625, 626, 627, 628, 629, 630, 631, 632, 633, 634, 635, 636, 637, 638, 639, 640, 641, 642, 643, 644, 645, 646, 647, 648, 649, 650, 651, 652, 653, 654, 655, 656, 657, 658, 659, 660, 661, 662, 663, 664, 665, 666, 667, 668, 669, 670, 671, 672, 673, 674, 675, 676, 677, 678, 679, 680, 681, 682, 683, 684, 685, 686, 687, 688, 689, 690, 691, 692, 693, 694, 695, 696, 697, 698, 699, 700, 701, 702, 703, 704, 705, 706, 707, 708, 709, 710, 711, 712, 713, 714, 715, 716, 717, 718, 719, 720, 721, 722, 723, 724, 725, 726, 727, 728, 729, 730, 731, 732, 733, 734, 735, 736, 737, 738, 739, 740, 741, 742, 743, 744, 745, 746, 747, 748, 749, 750, 751, 752, 753, 754, 755, 756, 757, 758, 759, 760, 761, 762, 763, 764, 765, 766, 767, 768, 769, 770, 771, 772, 773, 774, 775, 776, 777, 778, 779, 780, 781, 782, 783, 784, 785, 786, 787, 788, 789, 790, 791, 792, 793]","[214, 251, 684, 714]",[],"[103, 104, 106, 117, 118, 120, 121, 122, 127, 128, 129, 130, 131, 133, 135, 136, 137, 139, 146, 147, 148, 149, 151, 158, 160, 162, 166, 171, 173, 178, 179, 184, 185, 187, 190, 192, 198, 201, 203, 204, 206, 207, 212, 213, 214, 219, 223, 224, 225, 227, 230, 235, 237, 238, 246, 247, 248, 251, 256, 258, 259, 262, 263, 266, 268, 269, 271, 272, 278, 279, 284, 285, 288, 290, 292, 301, 304, 312, 316, 319, 320, 323, 324, 332, 350, 362, 395, 397, 574, 575, 588, 591, 592, 593, 601, 607, 608, 610, 618, 619, 620, 622, 632, 642, 644, 649, 650, 655, 656, 658, 661, 663, 669, 674, 677, 683, 684, 687, 688, 689, 701, 702, 710, 711, 714, 720, 723, 730, 731, 738, 747, 751, 762, 774, 778, 789, 805, 815, 845, 847]","[15, 16, 65, 66, 67, 68, 69, 70, 71, 72, 73, 74, 75, 76, 77, 78, 80, 151, 244, 245, 246, 247, 248, 249, 250, 251, 252, 253, 254, 255, 256, 257, 258, 259, 260, 280, 340, 373, 374, 375, 376, 377, 459, 460, 461, 462, 500, 501, 539, 540, 541, 542, 543, 544, 545, 546, 547, 548, 549, 550, 552, 622, 708, 709, 710, 711, 712, 713, 714, 715, 716, 717, 718, 719, 720, 739, 796, 823, 824, 825, 826, 827, 906, 907, 908, 909]","[15, 16, 65, 66, 67, 68, 69, 70, 71, 72, 73, 74, 75, 76, 80, 151, 245, 246, 247, 248, 249, 250, 251, 252, 253, 254, 255, 256, 257, 258, 259, 280, 340, 373, 374, 375, 376, 377, 459, 460, 461, 462, 500, 501, 539, 540, 541, 542, 543, 544, 545, 546, 547, 548, 549, 550, 552, 622, 708, 709, 710, 711, 712, 713, 714, 715, 716, 717, 718, 719, 720, 739, 796, 823, 824, 825, 826, 827, 906, 907, 908, 909]",7/6 successful match,True,[666],True,320,False,,1.0,True,Pilot Travel Center # 200,Pilot
"Kramer Junction , 93516 Pilot Travel Center # 200 384 )",51760-762-0041 US 395 & CA 58,193 24 M <U+2610>,Kramer Junction,93516,Pilot Travel Center # 200 384 ),760-762-0041,2008,Boron,CA,Pilot,,US 395 & CA 58,empty,,False,,False,US 395,CA 58,,,,"[714, 251]","[214, 251, 684, 714]","[214, 251, 684, 714]",[],"[103, 104, 105, 106, 107, 108, 109, 110, 111, 112, 113, 114, 115, 116, 117, 118, 119, 120, 121, 122, 123, 124, 125, 126, 127, 128, 129, 130, 131, 132, 133, 134, 135, 136, 137, 138, 139, 140, 141, 142, 143, 144, 145, 146, 147, 148, 149, 150, 151, 152, 153, 154, 155, 156, 157, 158, 159, 160, 161, 162, 163, 164, 165, 166, 167, 168, 169, 170, 171, 172, 173, 174, 175, 176, 177, 178, 179, 180, 181, 182, 183, 184, 185, 186, 187, 188, 189, 190, 191, 192, 193, 194, 195, 196, 197, 198, 199, 200, 201, 202, 203, 204, 205, 206, 207, 208, 209, 210, 211, 212, 213, 214, 215, 216, 217, 218, 219, 220, 221, 222, 223, 224, 225, 226, 227, 228, 229, 230, 231, 232, 233, 234, 235, 236, 237, 238, 239, 240, 241, 242, 243, 244, 245, 246, 247, 248, 249, 250, 251, 252, 253, 254, 255, 256, 257, 258, 259, 260, 261, 262, 263, 264, 265, 266, 267, 268, 269, 270, 271, 272, 273, 274, 275, 276, 277, 278, 279, 280, 281, 282, 283, 284, 285, 286, 287, 288, 289, 290, 291, 292, 293, 294, 295, 296, 297, 298, 299, 300, 301, 302, 303, 304, 305, 306, 307, 308, 309, 310, 311, 312, 313, 314, 315, 316, 317, 318, 319, 320, 321, 322, 323, 324, 325, 326, 327, 328, 329, 330, 331, 332, 333, 334, 335, 336, 337, 574, 575, 576, 577, 578, 579, 580, 581, 582, 583, 584, 585, 586, 587, 588, 589, 590, 591, 592, 593, 594, 595, 596, 597, 598, 599, 600, 601, 602, 603, 604, 605, 606, 607, 608, 609, 610, 611, 612, 613, 614, 615, 616, 617, 618, 619, 620, 621, 622, 623, 624, 625, 626, 627, 628, 629, 630, 631, 632, 633, 634, 635, 636, 637, 638, 639, 640, 641, 642, 643, 644, 645, 646, 647, 648, 649, 650, 651, 652, 653, 654, 655, 656, 657, 658, 659, 660, 661, 662, 663, 664, 665, 666, 667, 668, 669, 670, 671, 672, 673, 674, 675, 676, 677, 678, 679, 680, 681, 682, 683, 684, 685, 686, 687, 688, 689, 690, 691, 692, 693, 694, 695, 696, 697, 698, 699, 700, 701, 702, 703, 704, 705, 706, 707, 708, 709, 710, 711, 712, 713, 714, 715, 716, 717, 718, 719, 720, 721, 722, 723, 724, 725, 726, 727, 728, 729, 730, 731, 732, 733, 734, 735, 736, 737, 738, 739, 740, 741, 742, 743, 744, 745, 746, 747, 748, 749, 750, 751, 752, 753, 754, 755, 756, 757, 758, 759, 760, 761, 762, 763, 764, 765, 766, 767, 768, 769, 770, 771, 772, 773, 774, 775, 776, 777, 778, 779, 780, 781, 782, 783, 784, 785, 786, 787, 788, 789, 790, 791, 792, 793]","[103, 104, 106, 117, 118, 120, 121, 122, 127, 128, 129, 130, 131, 133, 135, 136, 137, 139, 146, 147, 148, 149, 151, 158, 160, 162, 166, 171, 173, 178, 179, 184, 185, 187, 190, 192, 198, 201, 203, 204, 206, 207, 212, 213, 214, 219, 223, 224, 225, 227, 230, 235, 237, 238, 246, 247, 248, 251, 256, 258, 259, 262, 263, 266, 268, 269, 271, 272, 278, 279, 284, 285, 288, 290, 292, 301, 304, 312, 316, 319, 320, 323, 324, 332, 350, 362, 395, 397, 574, 575, 588, 591, 592, 593, 601, 607, 608, 610, 618, 619, 620, 622, 632, 642, 644, 649, 650, 655, 656, 658, 661, 663, 669, 674, 677, 683, 684, 687, 688, 689, 701, 702, 710, 711, 714, 720, 723, 730, 731, 738, 747, 751, 762, 774, 778, 789, 805, 815, 845, 847]","[15, 16, 65, 66, 67, 68, 69, 70, 71, 72, 73, 74, 75, 76, 80, 151, 245, 246, 247, 248, 249, 250, 251, 252, 253, 254, 255, 256, 257, 258, 259, 280, 340, 373, 374, 375, 376, 377, 459, 460, 461, 462, 500, 501, 539, 540, 541, 542, 543, 544, 545, 546, 547, 548, 549, 550, 552, 622, 708, 709, 710, 711, 712, 713, 714, 715, 716, 717, 718, 719, 720, 739, 796, 823, 824, 825, 826, 827, 906, 907, 908, 909]","[15, 16, 65, 66, 67, 68, 69, 70, 71, 72, 73, 74, 75, 76, 77, 78, 80, 151, 244, 245, 246, 247, 248, 249, 250, 251, 252, 253, 254, 255, 256, 257, 258, 259, 260, 280, 340, 373, 374, 375, 376, 377, 459, 460, 461, 462, 500, 501, 539, 540, 541, 542, 543, 544, 545, 546, 547, 548, 549, 550, 552, 622, 708, 709, 710, 711, 712, 713, 714, 715, 716, 717, 718, 719, 720, 739, 796, 823, 824, 825, 826, 827, 906, 907, 908, 909]","[15, 16, 65, 66, 67, 68, 69, 70, 71, 72, 73, 74, 75, 76, 77, 78, 80, 103, 104, 105, 106, 107, 108, 109, 110, 111, 112, 113, 114, 115, 116, 117, 118, 119, 120, 121, 122, 123, 124, 125, 126, 127, 128, 129, 130, 131, 132, 133, 134, 135, 136, 137, 138, 139, 140, 141, 142, 143, 144, 145, 146, 147, 148, 149, 150, 151, 152, 153, 154, 155, 156, 157, 158, 159, 160, 161, 162, 163, 164, 165, 166, 167, 168, 169, 170, 171, 172, 173, 174, 175, 176, 177, 178, 179, 180, 181, 182, 183, 184, 185, 186, 187, 188, 189, 190, 191, 192, 193, 194, 195, 196, 197, 198, 199, 200, 201, 202, 203, 204, 205, 206, 207, 208, 209, 210, 211, 212, 213, 214, 215, 216, 217, 218, 219, 220, 221, 222, 223, 224, 225, 226, 227, 228, 229, 230, 231, 232, 233, 234, 235, 236, 237, 238, 239, 240, 241, 242, 243, 244, 245, 246, 247, 248, 249, 250, 251, 252, 253, 254, 255, 256, 257, 258, 259, 260, 261, 262, 263, 264, 265, 266, 267, 268, 269, 270, 271, 272, 273, 274, 275, 276, 277, 278, 279, 280, 281, 282, 283, 284, 285, 286, 287, 288, 289, 290, 291, 292, 293, 294, 295, 296, 297, 298, 299, 300, 301, 302, 303, 304, 305, 306, 307, 308, 309, 310, 311, 312, 313, 314, 315, 316, 317, 318, 319, 320, 321, 322, 323, 324, 325, 326, 327, 328, 329, 330, 331, 332, 333, 334, 335, 336, 337, 340, 350, 362, 373, 374, 375, 376, 377, 395, 397, 459, 460, 461, 462, 500, 501, 539, 540, 541, 542, 543, 544, 545, 546, 547, 548, 549, 550, 552, 574, 575, 576, 577, 578, 579, 580, 581, 582, 583, 584, 585, 586, 587, 588, 589, 590, 591, 592, 593, 594, 595, 596, 597, 598, 599, 600, 601, 602, 603, 604, 605, 606, 607, 608, 609, 610, 611, 612, 613, 614, 615, 616, 617, 618, 619, 620, 621, 622, 623, 624, 625, 626, 627, 628, 629, 630, 631, 632, 633, 634, 635, 636, 637, 638, 639, 640, 641, 642, 643, 644, 645, 646, 647, 648, 649, 650, 651, 652, 653, 654, 655, 656, 657, 658, 659, 660, 661, 662, 663, 664, 665, 666, 667, 668, 669, 670, 671, 672, 673, 674, 675, 676, 677, 678, 679, 680, 681, 682, 683, 684, 685, 686, 687, 688, 689, 690, 691, 692, 693, 694, 695, 696, 697, 698, 699, 700, 701, 702, 703, 704, 705, 706, 707, 708, 709, 710, 711, 712, 713, 714, 715, 716, 717, 718, 719, 720, 721, 722, 723, 724, 725, 726, 727, 728, 729, 730, 731, 732, 733, 734, 735, 736, 737, 738, 739, 740, 741, 742, 743, 744, 745, 746, 747, 748, 749, 750, 751, 752, 753, 754, 755, 756, 757, 758, 759, 760, 761, 762, 763, 764, 765, 766, 767, 768, 769, 770, 771, 772, 773, 774, 775, 776, 777, 778, 779, 780, 781, 782, 783, 784, 785, 786, 787, 788, 789, 790, 791, 792, 793, 796, 805, 815, 823, 824, 825, 826, 827, 845, 847, 906, 907, 908, 909]",True,"[214, 251, 684, 714]","[103, 104, 105, 106, 107, 108, 109, 110, 111, 112, 113, 114, 115, 116, 117, 118, 119, 120, 121, 122, 123, 124, 125, 126, 127, 128, 129, 130, 131, 132, 133, 134, 135, 136, 137, 138, 139, 140, 141, 142, 143, 144, 145, 146, 147, 148, 149, 150, 151, 152, 153, 154, 155, 156, 157, 158, 159, 160, 161, 162, 163, 164, 165, 166, 167, 168, 169, 170, 171, 172, 173, 174, 175, 176, 177, 178, 179, 180, 181, 182, 183, 184, 185, 186, 187, 188, 189, 190, 191, 192, 193, 194, 195, 196, 197, 198, 199, 200, 201, 202, 203, 204, 205, 206, 207, 208, 209, 210, 211, 212, 213, 214, 215, 216, 217, 218, 219, 220, 221, 222, 223, 224, 225, 226, 227, 228, 229, 230, 231, 232, 233, 234, 235, 236, 237, 238, 239, 240, 241, 242, 243, 244, 245, 246, 247, 248, 249, 250, 251, 252, 253, 254, 255, 256, 257, 258, 259, 260, 261, 262, 263, 264, 265, 266, 267, 268, 269, 270, 271, 272, 273, 274, 275, 276, 277, 278, 279, 280, 281, 282, 283, 284, 285, 286, 287, 288, 289, 290, 291, 292, 293, 294, 295, 296, 297, 298, 299, 300, 301, 302, 303, 304, 305, 306, 307, 308, 309, 310, 311, 312, 313, 314, 315, 316, 317, 318, 319, 320, 321, 322, 323, 324, 325, 326, 327, 328, 329, 330, 331, 332, 333, 334, 335, 336, 337, 574, 575, 576, 577, 578, 579, 580, 581, 582, 583, 584, 585, 586, 587, 588, 589, 590, 591, 592, 593, 594, 595, 596, 597, 598, 599, 600, 601, 602, 603, 604, 605, 606, 607, 608, 609, 610, 611, 612, 613, 614, 615, 616, 617, 618, 619, 620, 621, 622, 623, 624, 625, 626, 627, 628, 629, 630, 631, 632, 633, 634, 635, 636, 637, 638, 639, 640, 641, 642, 643, 644, 645, 646, 647, 648, 649, 650, 651, 652, 653, 654, 655, 656, 657, 658, 659, 660, 661, 662, 663, 664, 665, 666, 667, 668, 669, 670, 671, 672, 673, 674, 675, 676, 677, 678, 679, 680, 681, 682, 683, 684, 685, 686, 687, 688, 689, 690, 691, 692, 693, 694, 695, 696, 697, 698, 699, 700, 701, 702, 703, 704, 705, 706, 707, 708, 709, 710, 711, 712, 713, 714, 715, 716, 717, 718, 719, 720, 721, 722, 723, 724, 725, 726, 727, 728, 729, 730, 731, 732, 733, 734, 735, 736, 737, 738, 739, 740, 741, 742, 743, 744, 745, 746, 747, 748, 749, 750, 751, 752, 753, 754, 755, 756, 757, 758, 759, 760, 761, 762, 763, 764, 765, 766, 767, 768, 769, 770, 771, 772, 773, 774, 775, 776, 777, 778, 779, 780, 781, 782, 783, 784, 785, 786, 787, 788, 789, 790, 791, 792, 793]","[214, 251, 684, 714]",[],"[103, 104, 106, 117, 118, 120, 121, 122, 127, 128, 129, 130, 131, 133, 135, 136, 137, 139, 146, 147, 148, 149, 151, 158, 160, 162, 166, 171, 173, 178, 179, 184, 185, 187, 190, 192, 198, 201, 203, 204, 206, 207, 212, 213, 214, 219, 223, 224, 225, 227, 230, 235, 237, 238, 246, 247, 248, 251, 256, 258, 259, 262, 263, 266, 268, 269, 271, 272, 278, 279, 284, 285, 288, 290, 292, 301, 304, 312, 316, 319, 320, 323, 324, 332, 350, 362, 395, 397, 574, 575, 588, 591, 592, 593, 601, 607, 608, 610, 618, 619, 620, 622, 632, 642, 644, 649, 650, 655, 656, 658, 661, 663, 669, 674, 677, 683, 684, 687, 688, 689, 701, 702, 710, 711, 714, 720, 723, 730, 731, 738, 747, 751, 762, 774, 778, 789, 805, 815, 845, 847]","[15, 16, 65, 66, 67, 68, 69, 70, 71, 72, 73, 74, 75, 76, 77, 78, 80, 151, 244, 245, 246, 247, 248, 249, 250, 251, 252, 253, 254, 255, 256, 257, 258, 259, 260, 280, 340, 373, 374, 375, 376, 377, 459, 460, 461, 462, 500, 501, 539, 540, 541, 542, 543, 544, 545, 546, 547, 548, 549, 550, 552, 622, 708, 709, 710, 711, 712, 713, 714, 715, 716, 717, 718, 719, 720, 739, 796, 823, 824, 825, 826, 827, 906, 907, 908, 909]","[15, 16, 65, 66, 67, 68, 69, 70, 71, 72, 73, 74, 75, 76, 80, 151, 245, 246, 247, 248, 249, 250, 251, 252, 253, 254, 255, 256, 257, 258, 259, 280, 340, 373, 374, 375, 376, 377, 459, 460, 461, 462, 500, 501, 539, 540, 541, 542, 543, 544, 545, 546, 547, 548, 549, 550, 552, 622, 708, 709, 710, 711, 712, 713, 714, 715, 716, 717, 718, 719, 720, 739, 796, 823, 824, 825, 826, 827, 906, 907, 908, 909]",7/6 successful match,True,[666],True,320,False,,1.0,True,Pilot Travel Center # 200,Pilot
H Kramer Junction ( 93516 ) Pilot Travel Center # 200,5 760-762-0041 US 395 & CA 58,Pilot 24 <U+2610> MOO <U+2610> <U+2610> <U+2610>,Kramer Junction,93516,Pilot Travel Center # 200,760-762-0041,2014,Boron,CA,Pilot,,US 395 & CA 58,empty,,False,,False,US 395,CA 58,,,,"[714, 251]","[214, 251, 684, 714]","[214, 251, 684, 714]",[],"[103, 104, 105, 106, 107, 108, 109, 110, 111, 112, 113, 114, 115, 116, 117, 118, 119, 120, 121, 122, 123, 124, 125, 126, 127, 128, 129, 130, 131, 132, 133, 134, 135, 136, 137, 138, 139, 140, 141, 142, 143, 144, 145, 146, 147, 148, 149, 150, 151, 152, 153, 154, 155, 156, 157, 158, 159, 160, 161, 162, 163, 164, 165, 166, 167, 168, 169, 170, 171, 172, 173, 174, 175, 176, 177, 178, 179, 180, 181, 182, 183, 184, 185, 186, 187, 188, 189, 190, 191, 192, 193, 194, 195, 196, 197, 198, 199, 200, 201, 202, 203, 204, 205, 206, 207, 208, 209, 210, 211, 212, 213, 214, 215, 216, 217, 218, 219, 220, 221, 222, 223, 224, 225, 226, 227, 228, 229, 230, 231, 232, 233, 234, 235, 236, 237, 238, 239, 240, 241, 242, 243, 244, 245, 246, 247, 248, 249, 250, 251, 252, 253, 254, 255, 256, 257, 258, 259, 260, 261, 262, 263, 264, 265, 266, 267, 268, 269, 270, 271, 272, 273, 274, 275, 276, 277, 278, 279, 280, 281, 282, 283, 284, 285, 286, 287, 288, 289, 290, 291, 292, 293, 294, 295, 296, 297, 298, 299, 300, 301, 302, 303, 304, 305, 306, 307, 308, 309, 310, 311, 312, 313, 314, 315, 316, 317, 318, 319, 320, 321, 322, 323, 324, 325, 326, 327, 328, 329, 330, 331, 332, 333, 334, 335, 336, 337, 574, 575, 576, 577, 578, 579, 580, 581, 582, 583, 584, 585, 586, 587, 588, 589, 590, 591, 592, 593, 594, 595, 596, 597, 598, 599, 600, 601, 602, 603, 604, 605, 606, 607, 608, 609, 610, 611, 612, 613, 614, 615, 616, 617, 618, 619, 620, 621, 622, 623, 624, 625, 626, 627, 628, 629, 630, 631, 632, 633, 634, 635, 636, 637, 638, 639, 640, 641, 642, 643, 644, 645, 646, 647, 648, 649, 650, 651, 652, 653, 654, 655, 656, 657, 658, 659, 660, 661, 662, 663, 664, 665, 666, 667, 668, 669, 670, 671, 672, 673, 674, 675, 676, 677, 678, 679, 680, 681, 682, 683, 684, 685, 686, 687, 688, 689, 690, 691, 692, 693, 694, 695, 696, 697, 698, 699, 700, 701, 702, 703, 704, 705, 706, 707, 708, 709, 710, 711, 712, 713, 714, 715, 716, 717, 718, 719, 720, 721, 722, 723, 724, 725, 726, 727, 728, 729, 730, 731, 732, 733, 734, 735, 736, 737, 738, 739, 740, 741, 742, 743, 744, 745, 746, 747, 748, 749, 750, 751, 752, 753, 754, 755, 756, 757, 758, 759, 760, 761, 762, 763, 764, 765, 766, 767, 768, 769, 770, 771, 772, 773, 774, 775, 776, 777, 778, 779, 780, 781, 782, 783, 784, 785, 786, 787, 788, 789, 790, 791, 792, 793]","[103, 104, 106, 117, 118, 120, 121, 122, 127, 128, 129, 130, 131, 133, 135, 136, 137, 139, 146, 147, 148, 149, 151, 158, 160, 162, 166, 171, 173, 178, 179, 184, 185, 187, 190, 192, 198, 201, 203, 204, 206, 207, 212, 213, 214, 219, 223, 224, 225, 227, 230, 235, 237, 238, 246, 247, 248, 251, 256, 258, 259, 262, 263, 266, 268, 269, 271, 272, 278, 279, 284, 285, 288, 290, 292, 301, 304, 312, 316, 319, 320, 323, 324, 332, 350, 362, 395, 397, 574, 575, 588, 591, 592, 593, 601, 607, 608, 610, 618, 619, 620, 622, 632, 642, 644, 649, 650, 655, 656, 658, 661, 663, 669, 674, 677, 683, 684, 687, 688, 689, 701, 702, 710, 711, 714, 720, 723, 730, 731, 738, 747, 751, 762, 774, 778, 789, 805, 815, 845, 847]","[15, 16, 65, 66, 67, 68, 69, 70, 71, 72, 73, 74, 75, 76, 80, 151, 245, 246, 247, 248, 249, 250, 251, 252, 253, 254, 255, 256, 257, 258, 259, 280, 340, 373, 374, 375, 376, 377, 459, 460, 461, 462, 500, 501, 539, 540, 541, 542, 543, 544, 545, 546, 547, 548, 549, 550, 552, 622, 708, 709, 710, 711, 712, 713, 714, 715, 716, 717, 718, 719, 720, 739, 796, 823, 824, 825, 826, 827, 906, 907, 908, 909]","[15, 16, 65, 66, 67, 68, 69, 70, 71, 72, 73, 74, 75, 76, 77, 78, 80, 151, 244, 245, 246, 247, 248, 249, 250, 251, 252, 253, 254, 255, 256, 257, 258, 259, 260, 280, 340, 373, 374, 375, 376, 377, 459, 460, 461, 462, 500, 501, 539, 540, 541, 542, 543, 544, 545, 546, 547, 548, 549, 550, 552, 622, 708, 709, 710, 711, 712, 713, 714, 715, 716, 717, 718, 719, 720, 739, 796, 823, 824, 825, 826, 827, 906, 907, 908, 909]","[15, 16, 65, 66, 67, 68, 69, 70, 71, 72, 73, 74, 75, 76, 77, 78, 80, 103, 104, 105, 106, 107, 108, 109, 110, 111, 112, 113, 114, 115, 116, 117, 118, 119, 120, 121, 122, 123, 124, 125, 126, 127, 128, 129, 130, 131, 132, 133, 134, 135, 136, 137, 138, 139, 140, 141, 142, 143, 144, 145, 146, 147, 148, 149, 150, 151, 152, 153, 154, 155, 156, 157, 158, 159, 160, 161, 162, 163, 164, 165, 166, 167, 168, 169, 170, 171, 172, 173, 174, 175, 176, 177, 178, 179, 180, 181, 182, 183, 184, 185, 186, 187, 188, 189, 190, 191, 192, 193, 194, 195, 196, 197, 198, 199, 200, 201, 202, 203, 204, 205, 206, 207, 208, 209, 210, 211, 212, 213, 214, 215, 216, 217, 218, 219, 220, 221, 222, 223, 224, 225, 226, 227, 228, 229, 230, 231, 232, 233, 234, 235, 236, 237, 238, 239, 240, 241, 242, 243, 244, 245, 246, 247, 248, 249, 250, 251, 252, 253, 254, 255, 256, 257, 258, 259, 260, 261, 262, 263, 264, 265, 266, 267, 268, 269, 270, 271, 272, 273, 274, 275, 276, 277, 278, 279, 280, 281, 282, 283, 284, 285, 286, 287, 288, 289, 290, 291, 292, 293, 294, 295, 296, 297, 298, 299, 300, 301, 302, 303, 304, 305, 306, 307, 308, 309, 310, 311, 312, 313, 314, 315, 316, 317, 318, 319, 320, 321, 322, 323, 324, 325, 326, 327, 328, 329, 330, 331, 332, 333, 334, 335, 336, 337, 340, 350, 362, 373, 374, 375, 376, 377, 395, 397, 459, 460, 461, 462, 500, 501, 539, 540, 541, 542, 543, 544, 545, 546, 547, 548, 549, 550, 552, 574, 575, 576, 577, 578, 579, 580, 581, 582, 583, 584, 585, 586, 587, 588, 589, 590, 591, 592, 593, 594, 595, 596, 597, 598, 599, 600, 601, 602, 603, 604, 605, 606, 607, 608, 609, 610, 611, 612, 613, 614, 615, 616, 617, 618, 619, 620, 621, 622, 623, 624, 625, 626, 627, 628, 629, 630, 631, 632, 633, 634, 635, 636, 637, 638, 639, 640, 641, 642, 643, 644, 645, 646, 647, 648, 649, 650, 651, 652, 653, 654, 655, 656, 657, 658, 659, 660, 661, 662, 663, 664, 665, 666, 667, 668, 669, 670, 671, 672, 673, 674, 675, 676, 677, 678, 679, 680, 681, 682, 683, 684, 685, 686, 687, 688, 689, 690, 691, 692, 693, 694, 695, 696, 697, 698, 699, 700, 701, 702, 703, 704, 705, 706, 707, 708, 709, 710, 711, 712, 713, 714, 715, 716, 717, 718, 719, 720, 721, 722, 723, 724, 725, 726, 727, 728, 729, 730, 731, 732, 733, 734, 735, 736, 737, 738, 739, 740, 741, 742, 743, 744, 745, 746, 747, 748, 749, 750, 751, 752, 753, 754, 755, 756, 757, 758, 759, 760, 761, 762, 763, 764, 765, 766, 767, 768, 769, 770, 771, 772, 773, 774, 775, 776, 777, 778, 779, 780, 781, 782, 783, 784, 785, 786, 787, 788, 789, 790, 791, 792, 793, 796, 805, 815, 823, 824, 825, 826, 827, 845, 847, 906, 907, 908, 909]",True,"[214, 251, 684, 714]","[103, 104, 105, 106, 107, 108, 109, 110, 111, 112, 113, 114, 115, 116, 117, 118, 119, 120, 121, 122, 123, 124, 125, 126, 127, 128, 129, 130, 131, 132, 133, 134, 135, 136, 137, 138, 139, 140, 141, 142, 143, 144, 145, 146, 147, 148, 149, 150, 151, 152, 153, 154, 155, 156, 157, 158, 159, 160, 161, 162, 163, 164, 165, 166, 167, 168, 169, 170, 171, 172, 173, 174, 175, 176, 177, 178, 179, 180, 181, 182, 183, 184, 185, 186, 187, 188, 189, 190, 191, 192, 193, 194, 195, 196, 197, 198, 199, 200, 201, 202, 203, 204, 205, 206, 207, 208, 209, 210, 211, 212, 213, 214, 215, 216, 217, 218, 219, 220, 221, 222, 223, 224, 225, 226, 227, 228, 229, 230, 231, 232, 233, 234, 235, 236, 237, 238, 239, 240, 241, 242, 243, 244, 245, 246, 247, 248, 249, 250, 251, 252, 253, 254, 255, 256, 257, 258, 259, 260, 261, 262, 263, 264, 265, 266, 267, 268, 269, 270, 271, 272, 273, 274, 275, 276, 277, 278, 279, 280, 281, 282, 283, 284, 285, 286, 287, 288, 289, 290, 291, 292, 293, 294, 295, 296, 297, 298, 299, 300, 301, 302, 303, 304, 305, 306, 307, 308, 309, 310, 311, 312, 313, 314, 315, 316, 317, 318, 319, 320, 321, 322, 323, 324, 325, 326, 327, 328, 329, 330, 331, 332, 333, 334, 335, 336, 337, 574, 575, 576, 577, 578, 579, 580, 581, 582, 583, 584, 585, 586, 587, 588, 589, 590, 591, 592, 593, 594, 595, 596, 597, 598, 599, 600, 601, 602, 603, 604, 605, 606, 607, 608, 609, 610, 611, 612, 613, 614, 615, 616, 617, 618, 619, 620, 621, 622, 623, 624, 625, 626, 627, 628, 629, 630, 631, 632, 633, 634, 635, 636, 637, 638, 639, 640, 641, 642, 643, 644, 645, 646, 647, 648, 649, 650, 651, 652, 653, 654, 655, 656, 657, 658, 659, 660, 661, 662, 663, 664, 665, 666, 667, 668, 669, 670, 671, 672, 673, 674, 675, 676, 677, 678, 679, 680, 681, 682, 683, 684, 685, 686, 687, 688, 689, 690, 691, 692, 693, 694, 695, 696, 697, 698, 699, 700, 701, 702, 703, 704, 705, 706, 707, 708, 709, 710, 711, 712, 713, 714, 715, 716, 717, 718, 719, 720, 721, 722, 723, 724, 725, 726, 727, 728, 729, 730, 731, 732, 733, 734, 735, 736, 737, 738, 739, 740, 741, 742, 743, 744, 745, 746, 747, 748, 749, 750, 751, 752, 753, 754, 755, 756, 757, 758, 759, 760, 761, 762, 763, 764, 765, 766, 767, 768, 769, 770, 771, 772, 773, 774, 775, 776, 777, 778, 779, 780, 781, 782, 783, 784, 785, 786, 787, 788, 789, 790, 791, 792, 793]","[214, 251, 684, 714]",[],"[103, 104, 106, 117, 118, 120, 121, 122, 127, 128, 129, 130, 131, 133, 135, 136, 137, 139, 146, 147, 148, 149, 151, 158, 160, 162, 166, 171, 173, 178, 179, 184, 185, 187, 190, 192, 198, 201, 203, 204, 206, 207, 212, 213, 214, 219, 223, 224, 225, 227, 230, 235, 237, 238, 246, 247, 248, 251, 256, 258, 259, 262, 263, 266, 268, 269, 271, 272, 278, 279, 284, 285, 288, 290, 292, 301, 304, 312, 316, 319, 320, 323, 324, 332, 350, 362, 395, 397, 574, 575, 588, 591, 592, 593, 601, 607, 608, 610, 618, 619, 620, 622, 632, 642, 644, 649, 650, 655, 656, 658, 661, 663, 669, 674, 677, 683, 684, 687, 688, 689, 701, 702, 710, 711, 714, 720, 723, 730, 731, 738, 747, 751, 762, 774, 778, 789, 805, 815, 845, 847]","[15, 16, 65, 66, 67, 68, 69, 70, 71, 72, 73, 74, 75, 76, 77, 78, 80, 151, 244, 245, 246, 247, 248, 249, 250, 251, 252, 253, 254, 255, 256, 257, 258, 259, 260, 280, 340, 373, 374, 375, 376, 377, 459, 460, 461, 462, 500, 501, 539, 540, 541, 542, 543, 544, 545, 546, 547, 548, 549, 550, 552, 622, 708, 709, 710, 711, 712, 713, 714, 715, 716, 717, 718, 719, 720, 739, 796, 823, 824, 825, 826, 827, 906, 907, 908, 909]","[15, 16, 65, 66, 67, 68, 69, 70, 71, 72, 73, 74, 75, 76, 80, 151, 245, 246, 247, 248, 249, 250, 251, 252, 253, 254, 255, 256, 257, 258, 259, 280, 340, 373, 374, 375, 376, 377, 459, 460, 461, 462, 500, 501, 539, 540, 541, 542, 543, 544, 545, 546, 547, 548, 549, 550, 552, 622, 708, 709, 710, 711, 712, 713, 714, 715, 716, 717, 718, 719, 720, 739, 796, 823, 824, 825, 826, 827, 906, 907, 908, 909]",7/6 successful match,True,[666],True,320,False,,1.0,True,Pilot Travel Center # 200 384 ),Pilot
Kramer Junction ( 93516 ) Pilot Travel Center # 200,760-762-0041 US 395 & CA 58,Pilot 24 <U+2610> MOO,Kramer Junction,93516,Pilot Travel Center # 200,760-762-0041,2015,Boron,CA,Pilot,,US 395 & CA 58,empty,,False,,False,US 395,CA 58,,,,"[714, 251]","[214, 251, 684, 714]","[214, 251, 684, 714]",[],"[103, 104, 105, 106, 107, 108, 109, 110, 111, 112, 113, 114, 115, 116, 117, 118, 119, 120, 121, 122, 123, 124, 125, 126, 127, 128, 129, 130, 131, 132, 133, 134, 135, 136, 137, 138, 139, 140, 141, 142, 143, 144, 145, 146, 147, 148, 149, 150, 151, 152, 153, 154, 155, 156, 157, 158, 159, 160, 161, 162, 163, 164, 165, 166, 167, 168, 169, 170, 171, 172, 173, 174, 175, 176, 177, 178, 179, 180, 181, 182, 183, 184, 185, 186, 187, 188, 189, 190, 191, 192, 193, 194, 195, 196, 197, 198, 199, 200, 201, 202, 203, 204, 205, 206, 207, 208, 209, 210, 211, 212, 213, 214, 215, 216, 217, 218, 219, 220, 221, 222, 223, 224, 225, 226, 227, 228, 229, 230, 231, 232, 233, 234, 235, 236, 237, 238, 239, 240, 241, 242, 243, 244, 245, 246, 247, 248, 249, 250, 251, 252, 253, 254, 255, 256, 257, 258, 259, 260, 261, 262, 263, 264, 265, 266, 267, 268, 269, 270, 271, 272, 273, 274, 275, 276, 277, 278, 279, 280, 281, 282, 283, 284, 285, 286, 287, 288, 289, 290, 291, 292, 293, 294, 295, 296, 297, 298, 299, 300, 301, 302, 303, 304, 305, 306, 307, 308, 309, 310, 311, 312, 313, 314, 315, 316, 317, 318, 319, 320, 321, 322, 323, 324, 325, 326, 327, 328, 329, 330, 331, 332, 333, 334, 335, 336, 337, 574, 575, 576, 577, 578, 579, 580, 581, 582, 583, 584, 585, 586, 587, 588, 589, 590, 591, 592, 593, 594, 595, 596, 597, 598, 599, 600, 601, 602, 603, 604, 605, 606, 607, 608, 609, 610, 611, 612, 613, 614, 615, 616, 617, 618, 619, 620, 621, 622, 623, 624, 625, 626, 627, 628, 629, 630, 631, 632, 633, 634, 635, 636, 637, 638, 639, 640, 641, 642, 643, 644, 645, 646, 647, 648, 649, 650, 651, 652, 653, 654, 655, 656, 657, 658, 659, 660, 661, 662, 663, 664, 665, 666, 667, 668, 669, 670, 671, 672, 673, 674, 675, 676, 677, 678, 679, 680, 681, 682, 683, 684, 685, 686, 687, 688, 689, 690, 691, 692, 693, 694, 695, 696, 697, 698, 699, 700, 701, 702, 703, 704, 705, 706, 707, 708, 709, 710, 711, 712, 713, 714, 715, 716, 717, 718, 719, 720, 721, 722, 723, 724, 725, 726, 727, 728, 729, 730, 731, 732, 733, 734, 735, 736, 737, 738, 739, 740, 741, 742, 743, 744, 745, 746, 747, 748, 749, 750, 751, 752, 753, 754, 755, 756, 757, 758, 759, 760, 761, 762, 763, 764, 765, 766, 767, 768, 769, 770, 771, 772, 773, 774, 775, 776, 777, 778, 779, 780, 781, 782, 783, 784, 785, 786, 787, 788, 789, 790, 791, 792, 793]","[103, 104, 106, 117, 118, 120, 121, 122, 127, 128, 129, 130, 131, 133, 135, 136, 137, 139, 146, 147, 148, 149, 151, 158, 160, 162, 166, 171, 173, 178, 179, 184, 185, 187, 190, 192, 198, 201, 203, 204, 206, 207, 212, 213, 214, 219, 223, 224, 225, 227, 230, 235, 237, 238, 246, 247, 248, 251, 256, 258, 259, 262, 263, 266, 268, 269, 271, 272, 278, 279, 284, 285, 288, 290, 292, 301, 304, 312, 316, 319, 320, 323, 324, 332, 350, 362, 395, 397, 574, 575, 588, 591, 592, 593, 601, 607, 608, 610, 618, 619, 620, 622, 632, 642, 644, 649, 650, 655, 656, 658, 661, 663, 669, 674, 677, 683, 684, 687, 688, 689, 701, 702, 710, 711, 714, 720, 723, 730, 731, 738, 747, 751, 762, 774, 778, 789, 805, 815, 845, 847]","[15, 16, 65, 66, 67, 68, 69, 70, 71, 72, 73, 74, 75, 76, 80, 151, 245, 246, 247, 248, 249, 250, 251, 252, 253, 254, 255, 256, 257, 258, 259, 280, 340, 373, 374, 375, 376, 377, 459, 460, 461, 462, 500, 501, 539, 540, 541, 542, 543, 544, 545, 546, 547, 548, 549, 550, 552, 622, 708, 709, 710, 711, 712, 713, 714, 715, 716, 717, 718, 719, 720, 739, 796, 823, 824, 825, 826, 827, 906, 907, 908, 909]","[15, 16, 65, 66, 67, 68, 69, 70, 71, 72, 73, 74, 75, 76, 77, 78, 80, 151, 244, 245, 246, 247, 248, 249, 250, 251, 252, 253, 254, 255, 256, 257, 258, 259, 260, 280, 340, 373, 374, 375, 376, 377, 459, 460, 461, 462, 500, 501, 539, 540, 541, 542, 543, 544, 545, 546, 547, 548, 549, 550, 552, 622, 708, 709, 710, 711, 712, 713, 714, 715, 716, 717, 718, 719, 720, 739, 796, 823, 824, 825, 826, 827, 906, 907, 908, 909]","[15, 16, 65, 66, 67, 68, 69, 70, 71, 72, 73, 74, 75, 76, 77, 78, 80, 103, 104, 105, 106, 107, 108, 109, 110, 111, 112, 113, 114, 115, 116, 117, 118, 119, 120, 121, 122, 123, 124, 125, 126, 127, 128, 129, 130, 131, 132, 133, 134, 135, 136, 137, 138, 139, 140, 141, 142, 143, 144, 145, 146, 147, 148, 149, 150, 151, 152, 153, 154, 155, 156, 157, 158, 159, 160, 161, 162, 163, 164, 165, 166, 167, 168, 169, 170, 171, 172, 173, 174, 175, 176, 177, 178, 179, 180, 181, 182, 183, 184, 185, 186, 187, 188, 189, 190, 191, 192, 193, 194, 195, 196, 197, 198, 199, 200, 201, 202, 203, 204, 205, 206, 207, 208, 209, 210, 211, 212, 213, 214, 215, 216, 217, 218, 219, 220, 221, 222, 223, 224, 225, 226, 227, 228, 229, 230, 231, 232, 233, 234, 235, 236, 237, 238, 239, 240, 241, 242, 243, 244, 245, 246, 247, 248, 249, 250, 251, 252, 253, 254, 255, 256, 257, 258, 259, 260, 261, 262, 263, 264, 265, 266, 267, 268, 269, 270, 271, 272, 273, 274, 275, 276, 277, 278, 279, 280, 281, 282, 283, 284, 285, 286, 287, 288, 289, 290, 291, 292, 293, 294, 295, 296, 297, 298, 299, 300, 301, 302, 303, 304, 305, 306, 307, 308, 309, 310, 311, 312, 313, 314, 315, 316, 317, 318, 319, 320, 321, 322, 323, 324, 325, 326, 327, 328, 329, 330, 331, 332, 333, 334, 335, 336, 337, 340, 350, 362, 373, 374, 375, 376, 377, 395, 397, 459, 460, 461, 462, 500, 501, 539, 540, 541, 542, 543, 544, 545, 546, 547, 548, 549, 550, 552, 574, 575, 576, 577, 578, 579, 580, 581, 582, 583, 584, 585, 586, 587, 588, 589, 590, 591, 592, 593, 594, 595, 596, 597, 598, 599, 600, 601, 602, 603, 604, 605, 606, 607, 608, 609, 610, 611, 612, 613, 614, 615, 616, 617, 618, 619, 620, 621, 622, 623, 624, 625, 626, 627, 628, 629, 630, 631, 632, 633, 634, 635, 636, 637, 638, 639, 640, 641, 642, 643, 644, 645, 646, 647, 648, 649, 650, 651, 652, 653, 654, 655, 656, 657, 658, 659, 660, 661, 662, 663, 664, 665, 666, 667, 668, 669, 670, 671, 672, 673, 674, 675, 676, 677, 678, 679, 680, 681, 682, 683, 684, 685, 686, 687, 688, 689, 690, 691, 692, 693, 694, 695, 696, 697, 698, 699, 700, 701, 702, 703, 704, 705, 706, 707, 708, 709, 710, 711, 712, 713, 714, 715, 716, 717, 718, 719, 720, 721, 722, 723, 724, 725, 726, 727, 728, 729, 730, 731, 732, 733, 734, 735, 736, 737, 738, 739, 740, 741, 742, 743, 744, 745, 746, 747, 748, 749, 750, 751, 752, 753, 754, 755, 756, 757, 758, 759, 760, 761, 762, 763, 764, 765, 766, 767, 768, 769, 770, 771, 772, 773, 774, 775, 776, 777, 778, 779, 780, 781, 782, 783, 784, 785, 786, 787, 788, 789, 790, 791, 792, 793, 796, 805, 815, 823, 824, 825, 826, 827, 845, 847, 906, 907, 908, 909]",True,"[214, 251, 684, 714]","[103, 104, 105, 106, 107, 108, 109, 110, 111, 112, 113, 114, 115, 116, 117, 118, 119, 120, 121, 122, 123, 124, 125, 126, 127, 128, 129, 130, 131, 132, 133, 134, 135, 136, 137, 138, 139, 140, 141, 142, 143, 144, 145, 146, 147, 148, 149, 150, 151, 152, 153, 154, 155, 156, 157, 158, 159, 160, 161, 162, 163, 164, 165, 166, 167, 168, 169, 170, 171, 172, 173, 174, 175, 176, 177, 178, 179, 180, 181, 182, 183, 184, 185, 186, 187, 188, 189, 190, 191, 192, 193, 194, 195, 196, 197, 198, 199, 200, 201, 202, 203, 204, 205, 206, 207, 208, 209, 210, 211, 212, 213, 214, 215, 216, 217, 218, 219, 220, 221, 222, 223, 224, 225, 226, 227, 228, 229, 230, 231, 232, 233, 234, 235, 236, 237, 238, 239, 240, 241, 242, 243, 244, 245, 246, 247, 248, 249, 250, 251, 252, 253, 254, 255, 256, 257, 258, 259, 260, 261, 262, 263, 264, 265, 266, 267, 268, 269, 270, 271, 272, 273, 274, 275, 276, 277, 278, 279, 280, 281, 282, 283, 284, 285, 286, 287, 288, 289, 290, 291, 292, 293, 294, 295, 296, 297, 298, 299, 300, 301, 302, 303, 304, 305, 306, 307, 308, 309, 310, 311, 312, 313, 314, 315, 316, 317, 318, 319, 320, 321, 322, 323, 324, 325, 326, 327, 328, 329, 330, 331, 332, 333, 334, 335, 336, 337, 574, 575, 576, 577, 578, 579, 580, 581, 582, 583, 584, 585, 586, 587, 588, 589, 590, 591, 592, 593, 594, 595, 596, 597, 598, 599, 600, 601, 602, 603, 604, 605, 606, 607, 608, 609, 610, 611, 612, 613, 614, 615, 616, 617, 618, 619, 620, 621, 622, 623, 624, 625, 626, 627, 628, 629, 630, 631, 632, 633, 634, 635, 636, 637, 638, 639, 640, 641, 642, 643, 644, 645, 646, 647, 648, 649, 650, 651, 652, 653, 654, 655, 656, 657, 658, 659, 660, 661, 662, 663, 664, 665, 666, 667, 668, 669, 670, 671, 672, 673, 674, 675, 676, 677, 678, 679, 680, 681, 682, 683, 684, 685, 686, 687, 688, 689, 690, 691, 692, 693, 694, 695, 696, 697, 698, 699, 700, 701, 702, 703, 704, 705, 706, 707, 708, 709, 710, 711, 712, 713, 714, 715, 716, 717, 718, 719, 720, 721, 722, 723, 724, 725, 726, 727, 728, 729, 730, 731, 732, 733, 734, 735, 736, 737, 738, 739, 740, 741, 742, 743, 744, 745, 746, 747, 748, 749, 750, 751, 752, 753, 754, 755, 756, 757, 758, 759, 760, 761, 762, 763, 764, 765, 766, 767, 768, 769, 770, 771, 772, 773, 774, 775, 776, 777, 778, 779, 780, 781, 782, 783, 784, 785, 786, 787, 788, 789, 790, 791, 792, 793]","[214, 251, 684, 714]",[],"[103, 104, 106, 117, 118, 120, 121, 122, 127, 128, 129, 130, 131, 133, 135, 136, 137, 139, 146, 147, 148, 149, 151, 158, 160, 162, 166, 171, 173, 178, 179, 184, 185, 187, 190, 192, 198, 201, 203, 204, 206, 207, 212, 213, 214, 219, 223, 224, 225, 227, 230, 235, 237, 238, 246, 247, 248, 251, 256, 258, 259, 262, 263, 266, 268, 269, 271, 272, 278, 279, 284, 285, 288, 290, 292, 301, 304, 312, 316, 319, 320, 323, 324, 332, 350, 362, 395, 397, 574, 575, 588, 591, 592, 593, 601, 607, 608, 610, 618, 619, 620, 622, 632, 642, 644, 649, 650, 655, 656, 658, 661, 663, 669, 674, 677, 683, 684, 687, 688, 689, 701, 702, 710, 711, 714, 720, 723, 730, 731, 738, 747, 751, 762, 774, 778, 789, 805, 815, 845, 847]","[15, 16, 65, 66, 67, 68, 69, 70, 71, 72, 73, 74, 75, 76, 77, 78, 80, 151, 244, 245, 246, 247, 248, 249, 250, 251, 252, 253, 254, 255, 256, 257, 258, 259, 260, 280, 340, 373, 374, 375, 376, 377, 459, 460, 461, 462, 500, 501, 539, 540, 541, 542, 543, 544, 545, 546, 547, 548, 549, 550, 552, 622, 708, 709, 710, 711, 712, 713, 714, 715, 716, 717, 718, 719, 720, 739, 796, 823, 824, 825, 826, 827, 906, 907, 908, 909]","[15, 16, 65, 66, 67, 68, 69, 70, 71, 72, 73, 74, 75, 76, 80, 151, 245, 246, 247, 248, 249, 250, 251, 252, 253, 254, 255, 256, 257, 258, 259, 280, 340, 373, 374, 375, 376, 377, 459, 460, 461, 462, 500, 501, 539, 540, 541, 542, 543, 544, 545, 546, 547, 548, 549, 550, 552, 622, 708, 709, 710, 711, 712, 713, 714, 715, 716, 717, 718, 719, 720, 739, 796, 823, 824, 825, 826, 827, 906, 907, 908, 909]",7/6 successful match,True,[666],True,320,False,,1.0,True,Pilot Travel Center # 200,Pilot
Kramer Junction ( 93516 ) Pilot 99 Travel Exit Center 109 ( Ave # 200 384 ),760-762-0041 US 395 & CA 58 Pilot,"24 "" M <U+25A1> 024 0",Kramer Junction,93516,Pilot 99 Travel Exit Center 109 ( Ave # 200 384 ),760-762-0041,2016,Boron,CA,Pilot,,US 395 & CA 58 Pilot,empty,,False,,False,US 395,CA 58,,,,"[714, 251]","[214, 251, 684, 714]","[214, 251, 684, 714]",[],"[103, 104, 105, 106, 107, 108, 109, 110, 111, 112, 113, 114, 115, 116, 117, 118, 119, 120, 121, 122, 123, 124, 125, 126, 127, 128, 129, 130, 131, 132, 133, 134, 135, 136, 137, 138, 139, 140, 141, 142, 143, 144, 145, 146, 147, 148, 149, 150, 151, 152, 153, 154, 155, 156, 157, 158, 159, 160, 161, 162, 163, 164, 165, 166, 167, 168, 169, 170, 171, 172, 173, 174, 175, 176, 177, 178, 179, 180, 181, 182, 183, 184, 185, 186, 187, 188, 189, 190, 191, 192, 193, 194, 195, 196, 197, 198, 199, 200, 201, 202, 203, 204, 205, 206, 207, 208, 209, 210, 211, 212, 213, 214, 215, 216, 217, 218, 219, 220, 221, 222, 223, 224, 225, 226, 227, 228, 229, 230, 231, 232, 233, 234, 235, 236, 237, 238, 239, 240, 241, 242, 243, 244, 245, 246, 247, 248, 249, 250, 251, 252, 253, 254, 255, 256, 257, 258, 259, 260, 261, 262, 263, 264, 265, 266, 267, 268, 269, 270, 271, 272, 273, 274, 275, 276, 277, 278, 279, 280, 281, 282, 283, 284, 285, 286, 287, 288, 289, 290, 291, 292, 293, 294, 295, 296, 297, 298, 299, 300, 301, 302, 303, 304, 305, 306, 307, 308, 309, 310, 311, 312, 313, 314, 315, 316, 317, 318, 319, 320, 321, 322, 323, 324, 325, 326, 327, 328, 329, 330, 331, 332, 333, 334, 335, 336, 337, 574, 575, 576, 577, 578, 579, 580, 581, 582, 583, 584, 585, 586, 587, 588, 589, 590, 591, 592, 593, 594, 595, 596, 597, 598, 599, 600, 601, 602, 603, 604, 605, 606, 607, 608, 609, 610, 611, 612, 613, 614, 615, 616, 617, 618, 619, 620, 621, 622, 623, 624, 625, 626, 627, 628, 629, 630, 631, 632, 633, 634, 635, 636, 637, 638, 639, 640, 641, 642, 643, 644, 645, 646, 647, 648, 649, 650, 651, 652, 653, 654, 655, 656, 657, 658, 659, 660, 661, 662, 663, 664, 665, 666, 667, 668, 669, 670, 671, 672, 673, 674, 675, 676, 677, 678, 679, 680, 681, 682, 683, 684, 685, 686, 687, 688, 689, 690, 691, 692, 693, 694, 695, 696, 697, 698, 699, 700, 701, 702, 703, 704, 705, 706, 707, 708, 709, 710, 711, 712, 713, 714, 715, 716, 717, 718, 719, 720, 721, 722, 723, 724, 725, 726, 727, 728, 729, 730, 731, 732, 733, 734, 735, 736, 737, 738, 739, 740, 741, 742, 743, 744, 745, 746, 747, 748, 749, 750, 751, 752, 753, 754, 755, 756, 757, 758, 759, 760, 761, 762, 763, 764, 765, 766, 767, 768, 769, 770, 771, 772, 773, 774, 775, 776, 777, 778, 779, 780, 781, 782, 783, 784, 785, 786, 787, 788, 789, 790, 791, 792, 793]","[103, 104, 106, 117, 118, 120, 121, 122, 127, 128, 129, 130, 131, 133, 135, 136, 137, 139, 146, 147, 148, 149, 151, 158, 160, 162, 166, 171, 173, 178, 179, 184, 185, 187, 190, 192, 198, 201, 203, 204, 206, 207, 212, 213, 214, 219, 223, 224, 225, 227, 230, 235, 237, 238, 246, 247, 248, 251, 256, 258, 259, 262, 263, 266, 268, 269, 271, 272, 278, 279, 284, 285, 288, 290, 292, 301, 304, 312, 316, 319, 320, 323, 324, 332, 350, 362, 395, 397, 574, 575, 588, 591, 592, 593, 601, 607, 608, 610, 618, 619, 620, 622, 632, 642, 644, 649, 650, 655, 656, 658, 661, 663, 669, 674, 677, 683, 684, 687, 688, 689, 701, 702, 710, 711, 714, 720, 723, 730, 731, 738, 747, 751, 762, 774, 778, 789, 805, 815, 845, 847]","[15, 16, 65, 66, 67, 68, 69, 70, 71, 72, 73, 74, 75, 76, 80, 151, 245, 246, 247, 248, 249, 250, 251, 252, 253, 254, 255, 256, 257, 258, 259, 280, 340, 373, 374, 375, 376, 377, 459, 460, 461, 462, 500, 501, 539, 540, 541, 542, 543, 544, 545, 546, 547, 548, 549, 550, 552, 622, 708, 709, 710, 711, 712, 713, 714, 715, 716, 717, 718, 719, 720, 739, 796, 823, 824, 825, 826, 827, 906, 907, 908, 909]","[15, 16, 65, 66, 67, 68, 69, 70, 71, 72, 73, 74, 75, 76, 77, 78, 80, 151, 185, 244, 245, 246, 247, 248, 249, 250, 251, 252, 253, 254, 255, 256, 257, 258, 259, 260, 280, 340, 373, 374, 375, 376, 377, 459, 460, 461, 462, 500, 501, 539, 540, 541, 542, 543, 544, 545, 546, 547, 548, 549, 550, 552, 622, 656, 708, 709, 710, 711, 712, 713, 714, 715, 716, 717, 718, 719, 720, 739, 796, 823, 824, 825, 826, 827, 906, 907, 908, 909]","[15, 16, 65, 66, 67, 68, 69, 70, 71, 72, 73, 74, 75, 76, 77, 78, 80, 103, 104, 105, 106, 107, 108, 109, 110, 111, 112, 113, 114, 115, 116, 117, 118, 119, 120, 121, 122, 123, 124, 125, 126, 127, 128, 129, 130, 131, 132, 133, 134, 135, 136, 137, 138, 139, 140, 141, 142, 143, 144, 145, 146, 147, 148, 149, 150, 151, 152, 153, 154, 155, 156, 157, 158, 159, 160, 161, 162, 163, 164, 165, 166, 167, 168, 169, 170, 171, 172, 173, 174, 175, 176, 177, 178, 179, 180, 181, 182, 183, 184, 185, 186, 187, 188, 189, 190, 191, 192, 193, 194, 195, 196, 197, 198, 199, 200, 201, 202, 203, 204, 205, 206, 207, 208, 209, 210, 211, 212, 213, 214, 215, 216, 217, 218, 219, 220, 221, 222, 223, 224, 225, 226, 227, 228, 229, 230, 231, 232, 233, 234, 235, 236, 237, 238, 239, 240, 241, 242, 243, 244, 245, 246, 247, 248, 249, 250, 251, 252, 253, 254, 255, 256, 257, 258, 259, 260, 261, 262, 263, 264, 265, 266, 267, 268, 269, 270, 271, 272, 273, 274, 275, 276, 277, 278, 279, 280, 281, 282, 283, 284, 285, 286, 287, 288, 289, 290, 291, 292, 293, 294, 295, 296, 297, 298, 299, 300, 301, 302, 303, 304, 305, 306, 307, 308, 309, 310, 311, 312, 313, 314, 315, 316, 317, 318, 319, 320, 321, 322, 323, 324, 325, 326, 327, 328, 329, 330, 331, 332, 333, 334, 335, 336, 337, 340, 350, 362, 373, 374, 375, 376, 377, 395, 397, 459, 460, 461, 462, 500, 501, 539, 540, 541, 542, 543, 544, 545, 546, 547, 548, 549, 550, 552, 574, 575, 576, 577, 578, 579, 580, 581, 582, 583, 584, 585, 586, 587, 588, 589, 590, 591, 592, 593, 594, 595, 596, 597, 598, 599, 600, 601, 602, 603, 604, 605, 606, 607, 608, 609, 610, 611, 612, 613, 614, 615, 616, 617, 618, 619, 620, 621, 622, 623, 624, 625, 626, 627, 628, 629, 630, 631, 632, 633, 634, 635, 636, 637, 638, 639, 640, 641, 642, 643, 644, 645, 646, 647, 648, 649, 650, 651, 652, 653, 654, 655, 656, 657, 658, 659, 660, 661, 662, 663, 664, 665, 666, 667, 668, 669, 670, 671, 672, 673, 674, 675, 676, 677, 678, 679, 680, 681, 682, 683, 684, 685, 686, 687, 688, 689, 690, 691, 692, 693, 694, 695, 696, 697, 698, 699, 700, 701, 702, 703, 704, 705, 706, 707, 708, 709, 710, 711, 712, 713, 714, 715, 716, 717, 718, 719, 720, 721, 722, 723, 724, 725, 726, 727, 728, 729, 730, 731, 732, 733, 734, 735, 736, 737, 738, 739, 740, 741, 742, 743, 744, 745, 746, 747, 748, 749, 750, 751, 752, 753, 754, 755, 756, 757, 758, 759, 760, 761, 762, 763, 764, 765, 766, 767, 768, 769, 770, 771, 772, 773, 774, 775, 776, 777, 778, 779, 780, 781, 782, 783, 784, 785, 786, 787, 788, 789, 790, 791, 792, 793, 796, 805, 815, 823, 824, 825, 826, 827, 845, 847, 906, 907, 908, 909]",True,"[214, 251, 684, 714]","[103, 104, 105, 106, 107, 108, 109, 110, 111, 112, 113, 114, 115, 116, 117, 118, 119, 120, 121, 122, 123, 124, 125, 126, 127, 128, 129, 130, 131, 132, 133, 134, 135, 136, 137, 138, 139, 140, 141, 142, 143, 144, 145, 146, 147, 148, 149, 150, 151, 152, 153, 154, 155, 156, 157, 158, 159, 160, 161, 162, 163, 164, 165, 166, 167, 168, 169, 170, 171, 172, 173, 174, 175, 176, 177, 178, 179, 180, 181, 182, 183, 184, 185, 186, 187, 188, 189, 190, 191, 192, 193, 194, 195, 196, 197, 198, 199, 200, 201, 202, 203, 204, 205, 206, 207, 208, 209, 210, 211, 212, 213, 214, 215, 216, 217, 218, 219, 220, 221, 222, 223, 224, 225, 226, 227, 228, 229, 230, 231, 232, 233, 234, 235, 236, 237, 238, 239, 240, 241, 242, 243, 244, 245, 246, 247, 248, 249, 250, 251, 252, 253, 254, 255, 256, 257, 258, 259, 260, 261, 262, 263, 264, 265, 266, 267, 268, 269, 270, 271, 272, 273, 274, 275, 276, 277, 278, 279, 280, 281, 282, 283, 284, 285, 286, 287, 288, 289, 290, 291, 292, 293, 294, 295, 296, 297, 298, 299, 300, 301, 302, 303, 304, 305, 306, 307, 308, 309, 310, 311, 312, 313, 314, 315, 316, 317, 318, 319, 320, 321, 322, 323, 324, 325, 326, 327, 328, 329, 330, 331, 332, 333, 334, 335, 336, 337, 574, 575, 576, 577, 578, 579, 580, 581, 582, 583, 584, 585, 586, 587, 588, 589, 590, 591, 592, 593, 594, 595, 596, 597, 598, 599, 600, 601, 602, 603, 604, 605, 606, 607, 608, 609, 610, 611, 612, 613, 614, 615, 616, 617, 618, 619, 620, 621, 622, 623, 624, 625, 626, 627, 628, 629, 630, 631, 632, 633, 634, 635, 636, 637, 638, 639, 640, 641, 642, 643, 644, 645, 646, 647, 648, 649, 650, 651, 652, 653, 654, 655, 656, 657, 658, 659, 660, 661, 662, 663, 664, 665, 666, 667, 668, 669, 670, 671, 672, 673, 674, 675, 676, 677, 678, 679, 680, 681, 682, 683, 684, 685, 686, 687, 688, 689, 690, 691, 692, 693, 694, 695, 696, 697, 698, 699, 700, 701, 702, 703, 704, 705, 706, 707, 708, 709, 710, 711, 712, 713, 714, 715, 716, 717, 718, 719, 720, 721, 722, 723, 724, 725, 726, 727, 728, 729, 730, 731, 732, 733, 734, 735, 736, 737, 738, 739, 740, 741, 742, 743, 744, 745, 746, 747, 748, 749, 750, 751, 752, 753, 754, 755, 756, 757, 758, 759, 760, 761, 762, 763, 764, 765, 766, 767, 768, 769, 770, 771, 772, 773, 774, 775, 776, 777, 778, 779, 780, 781, 782, 783, 784, 785, 786, 787, 788, 789, 790, 791, 792, 793]","[214, 251, 684, 714]",[],"[103, 104, 106, 117, 118, 120, 121, 122, 127, 128, 129, 130, 131, 133, 135, 136, 137, 139, 146, 147, 148, 149, 151, 158, 160, 162, 166, 171, 173, 178, 179, 184, 185, 187, 190, 192, 198, 201, 203, 204, 206, 207, 212, 213, 214, 219, 223, 224, 225, 227, 230, 235, 237, 238, 246, 247, 248, 251, 256, 258, 259, 262, 263, 266, 268, 269, 271, 272, 278, 279, 284, 285, 288, 290, 292, 301, 304, 312, 316, 319, 320, 323, 324, 332, 350, 362, 395, 397, 574, 575, 588, 591, 592, 593, 601, 607, 608, 610, 618, 619, 620, 622, 632, 642, 644, 649, 650, 655, 656, 658, 661, 663, 669, 674, 677, 683, 684, 687, 688, 689, 701, 702, 710, 711, 714, 720, 723, 730, 731, 738, 747, 751, 762, 774, 778, 789, 805, 815, 845, 847]","[15, 16, 65, 66, 67, 68, 69, 70, 71, 72, 73, 74, 75, 76, 77, 78, 80, 151, 185, 244, 245, 246, 247, 248, 249, 250, 251, 252, 253, 254, 255, 256, 257, 258, 259, 260, 280, 340, 373, 374, 375, 376, 377, 459, 460, 461, 462, 500, 501, 539, 540, 541, 542, 543, 544, 545, 546, 547, 548, 549, 550, 552, 622, 656, 708, 709, 710, 711, 712, 713, 714, 715, 716, 717, 718, 719, 720, 739, 796, 823, 824, 825, 826, 827, 906, 907, 908, 909]","[15, 16, 65, 66, 67, 68, 69, 70, 71, 72, 73, 74, 75, 76, 80, 151, 245, 246, 247, 248, 249, 250, 251, 252, 253, 254, 255, 256, 257, 258, 259, 280, 340, 373, 374, 375, 376, 377, 459, 460, 461, 462, 500, 501, 539, 540, 541, 542, 543, 544, 545, 546, 547, 548, 549, 550, 552, 622, 708, 709, 710, 711, 712, 713, 714, 715, 716, 717, 718, 719, 720, 739, 796, 823, 824, 825, 826, 827, 906, 907, 908, 909]",7/6 successful match,True,[666],True,320,False,,0.9027027027027027,True,Pilot Travel Center # 200,Pilot
"Pearsonville , 93527 Pearsonville Truck Stop ( Shell )",760-377-5353 102 N Pearson Rd ( E of US ),M,Pearsonville,93527,Pearsonville Truck Stop ( Shell ),760-377-5353,2006,Inyokern,CA,Shell,( E of US ),102 N Pearson Rd,Proper,,False,,False,N Pearson Rd,,,,,"[702, 238]","[238, 702]","[238, 702]",[],"[103, 104, 105, 106, 107, 108, 109, 110, 111, 112, 113, 114, 115, 116, 117, 118, 119, 120, 121, 122, 123, 124, 125, 126, 127, 128, 129, 130, 131, 132, 133, 134, 135, 136, 137, 138, 139, 140, 141, 142, 143, 144, 145, 146, 147, 148, 149, 150, 151, 152, 153, 154, 155, 156, 157, 158, 159, 160, 161, 162, 163, 164, 165, 166, 167, 168, 169, 170, 171, 172, 173, 174, 175, 176, 177, 178, 179, 180, 181, 182, 183, 184, 185, 186, 187, 188, 189, 190, 191, 192, 193, 194, 195, 196, 197, 198, 199, 200, 201, 202, 203, 204, 205, 206, 207, 208, 209, 210, 211, 212, 213, 214, 215, 216, 217, 218, 219, 220, 221, 222, 223, 224, 225, 226, 227, 228, 229, 230, 231, 232, 233, 234, 235, 236, 237, 238, 239, 240, 241, 242, 243, 244, 245, 246, 247, 248, 249, 250, 251, 252, 253, 254, 255, 256, 257, 258, 259, 260, 261, 262, 263, 264, 265, 266, 267, 268, 269, 270, 271, 272, 273, 274, 275, 276, 277, 278, 279, 280, 281, 282, 283, 284, 285, 286, 287, 288, 289, 290, 291, 292, 293, 294, 295, 296, 297, 298, 299, 300, 301, 302, 303, 304, 305, 306, 307, 308, 309, 310, 311, 312, 313, 314, 315, 316, 317, 318, 319, 320, 321, 322, 323, 324, 325, 326, 327, 328, 329, 330, 331, 332, 333, 334, 335, 336, 337, 574, 575, 576, 577, 578, 579, 580, 581, 582, 583, 584, 585, 586, 587, 588, 589, 590, 591, 592, 593, 594, 595, 596, 597, 598, 599, 600, 601, 602, 603, 604, 605, 606, 607, 608, 609, 610, 611, 612, 613, 614, 615, 616, 617, 618, 619, 620, 621, 622, 623, 624, 625, 626, 627, 628, 629, 630, 631, 632, 633, 634, 635, 636, 637, 638, 639, 640, 641, 642, 643, 644, 645, 646, 647, 648, 649, 650, 651, 652, 653, 654, 655, 656, 657, 658, 659, 660, 661, 662, 663, 664, 665, 666, 667, 668, 669, 670, 671, 672, 673, 674, 675, 676, 677, 678, 679, 680, 681, 682, 683, 684, 685, 686, 687, 688, 689, 690, 691, 692, 693, 694, 695, 696, 697, 698, 699, 700, 701, 702, 703, 704, 705, 706, 707, 708, 709, 710, 711, 712, 713, 714, 715, 716, 717, 718, 719, 720, 721, 722, 723, 724, 725, 726, 727, 728, 729, 730, 731, 732, 733, 734, 735, 736, 737, 738, 739, 740, 741, 742, 743, 744, 745, 746, 747, 748, 749, 750, 751, 752, 753, 754, 755, 756, 757, 758, 759, 760, 761, 762, 763, 764, 765, 766, 767, 768, 769, 770, 771, 772, 773, 774, 775, 776, 777, 778, 779, 780, 781, 782, 783, 784, 785, 786, 787, 788, 789, 790, 791, 792, 793]","[238, 702]","[1, 13, 14, 29, 54, 55, 56, 57, 58, 60, 102, 118, 125, 127, 130, 134, 146, 149, 153, 175, 182, 187, 189, 191, 197, 225, 230, 238, 264, 265, 266, 286, 302, 317, 336, 379, 388, 389, 425, 454, 458, 463, 475, 487, 498, 499, 512, 530, 531, 532, 533, 534, 536, 573, 589, 596, 598, 601, 605, 617, 620, 624, 646, 653, 658, 660, 662, 668, 689, 694, 702, 724, 725, 745, 760, 775, 793, 829, 838, 839, 877, 901, 903, 905, 910, 923]","[1, 13, 14, 29, 54, 55, 56, 57, 58, 60, 102, 118, 125, 127, 130, 134, 146, 149, 153, 175, 182, 187, 189, 191, 197, 225, 230, 238, 264, 265, 266, 286, 302, 317, 336, 354, 379, 388, 389, 425, 454, 458, 463, 475, 487, 498, 499, 512, 530, 531, 532, 533, 534, 536, 573, 589, 596, 598, 601, 605, 617, 620, 624, 646, 653, 658, 660, 662, 668, 689, 694, 702, 724, 725, 745, 760, 775, 793, 809, 829, 838, 839, 877, 901, 903, 905, 910, 923]","[1, 13, 14, 29, 54, 55, 56, 57, 58, 60, 102, 103, 104, 105, 106, 107, 108, 109, 110, 111, 112, 113, 114, 115, 116, 117, 118, 119, 120, 121, 122, 123, 124, 125, 126, 127, 128, 129, 130, 131, 132, 133, 134, 135, 136, 137, 138, 139, 140, 141, 142, 143, 144, 145, 146, 147, 148, 149, 150, 151, 152, 153, 154, 155, 156, 157, 158, 159, 160, 161, 162, 163, 164, 165, 166, 167, 168, 169, 170, 171, 172, 173, 174, 175, 176, 177, 178, 179, 180, 181, 182, 183, 184, 185, 186, 187, 188, 189, 190, 191, 192, 193, 194, 195, 196, 197, 198, 199, 200, 201, 202, 203, 204, 205, 206, 207, 208, 209, 210, 211, 212, 213, 214, 215, 216, 217, 218, 219, 220, 221, 222, 223, 224, 225, 226, 227, 228, 229, 230, 231, 232, 233, 234, 235, 236, 237, 238, 239, 240, 241, 242, 243, 244, 245, 246, 247, 248, 249, 250, 251, 252, 253, 254, 255, 256, 257, 258, 259, 260, 261, 262, 263, 264, 265, 266, 267, 268, 269, 270, 271, 272, 273, 274, 275, 276, 277, 278, 279, 280, 281, 282, 283, 284, 285, 286, 287, 288, 289, 290, 291, 292, 293, 294, 295, 296, 297, 298, 299, 300, 301, 302, 303, 304, 305, 306, 307, 308, 309, 310, 311, 312, 313, 314, 315, 316, 317, 318, 319, 320, 321, 322, 323, 324, 325, 326, 327, 328, 329, 330, 331, 332, 333, 334, 335, 336, 337, 354, 379, 388, 389, 425, 454, 458, 463, 475, 487, 498, 499, 512, 530, 531, 532, 533, 534, 536, 573, 574, 575, 576, 577, 578, 579, 580, 581, 582, 583, 584, 585, 586, 587, 588, 589, 590, 591, 592, 593, 594, 595, 596, 597, 598, 599, 600, 601, 602, 603, 604, 605, 606, 607, 608, 609, 610, 611, 612, 613, 614, 615, 616, 617, 618, 619, 620, 621, 622, 623, 624, 625, 626, 627, 628, 629, 630, 631, 632, 633, 634, 635, 636, 637, 638, 639, 640, 641, 642, 643, 644, 645, 646, 647, 648, 649, 650, 651, 652, 653, 654, 655, 656, 657, 658, 659, 660, 661, 662, 663, 664, 665, 666, 667, 668, 669, 670, 671, 672, 673, 674, 675, 676, 677, 678, 679, 680, 681, 682, 683, 684, 685, 686, 687, 688, 689, 690, 691, 692, 693, 694, 695, 696, 697, 698, 699, 700, 701, 702, 703, 704, 705, 706, 707, 708, 709, 710, 711, 712, 713, 714, 715, 716, 717, 718, 719, 720, 721, 722, 723, 724, 725, 726, 727, 728, 729, 730, 731, 732, 733, 734, 735, 736, 737, 738, 739, 740, 741, 742, 743, 744, 745, 746, 747, 748, 749, 750, 751, 752, 753, 754, 755, 756, 757, 758, 759, 760, 761, 762, 763, 764, 765, 766, 767, 768, 769, 770, 771, 772, 773, 774, 775, 776, 777, 778, 779, 780, 781, 782, 783, 784, 785, 786, 787, 788, 789, 790, 791, 792, 793, 809, 829, 838, 839, 877, 901, 903, 905, 910, 923]",True,"[238, 702]","[103, 104, 105, 106, 107, 108, 109, 110, 111, 112, 113, 114, 115, 116, 117, 118, 119, 120, 121, 122, 123, 124, 125, 126, 127, 128, 129, 130, 131, 132, 133, 134, 135, 136, 137, 138, 139, 140, 141, 142, 143, 144, 145, 146, 147, 148, 149, 150, 151, 152, 153, 154, 155, 156, 157, 158, 159, 160, 161, 162, 163, 164, 165, 166, 167, 168, 169, 170, 171, 172, 173, 174, 175, 176, 177, 178, 179, 180, 181, 182, 183, 184, 185, 186, 187, 188, 189, 190, 191, 192, 193, 194, 195, 196, 197, 198, 199, 200, 201, 202, 203, 204, 205, 206, 207, 208, 209, 210, 211, 212, 213, 214, 215, 216, 217, 218, 219, 220, 221, 222, 223, 224, 225, 226, 227, 228, 229, 230, 231, 232, 233, 234, 235, 236, 237, 238, 239, 240, 241, 242, 243, 244, 245, 246, 247, 248, 249, 250, 251, 252, 253, 254, 255, 256, 257, 258, 259, 260, 261, 262, 263, 264, 265, 266, 267, 268, 269, 270, 271, 272, 273, 274, 275, 276, 277, 278, 279, 280, 281, 282, 283, 284, 285, 286, 287, 288, 289, 290, 291, 292, 293, 294, 295, 296, 297, 298, 299, 300, 301, 302, 303, 304, 305, 306, 307, 308, 309, 310, 311, 312, 313, 314, 315, 316, 317, 318, 319, 320, 321, 322, 323, 324, 325, 326, 327, 328, 329, 330, 331, 332, 333, 334, 335, 336, 337, 574, 575, 576, 577, 578, 579, 580, 581, 582, 583, 584, 585, 586, 587, 588, 589, 590, 591, 592, 593, 594, 595, 596, 597, 598, 599, 600, 601, 602, 603, 604, 605, 606, 607, 608, 609, 610, 611, 612, 613, 614, 615, 616, 617, 618, 619, 620, 621, 622, 623, 624, 625, 626, 627, 628, 629, 630, 631, 632, 633, 634, 635, 636, 637, 638, 639, 640, 641, 642, 643, 644, 645, 646, 647, 648, 649, 650, 651, 652, 653, 654, 655, 656, 657, 658, 659, 660, 661, 662, 663, 664, 665, 666, 667, 668, 669, 670, 671, 672, 673, 674, 675, 676, 677, 678, 679, 680, 681, 682, 683, 684, 685, 686, 687, 688, 689, 690, 691, 692, 693, 694, 695, 696, 697, 698, 699, 700, 701, 702, 703, 704, 705, 706, 707, 708, 709, 710, 711, 712, 713, 714, 715, 716, 717, 718, 719, 720, 721, 722, 723, 724, 725, 726, 727, 728, 729, 730, 731, 732, 733, 734, 735, 736, 737, 738, 739, 740, 741, 742, 743, 744, 745, 746, 747, 748, 749, 750, 751, 752, 753, 754, 755, 756, 757, 758, 759, 760, 761, 762, 763, 764, 765, 766, 767, 768, 769, 770, 771, 772, 773, 774, 775, 776, 777, 778, 779, 780, 781, 782, 783, 784, 785, 786, 787, 788, 789, 790, 791, 792, 793]","[238, 702]",[],"[238, 702]","[1, 13, 14, 29, 54, 55, 56, 57, 58, 60, 102, 118, 125, 127, 130, 134, 146, 149, 153, 175, 182, 187, 189, 191, 197, 225, 230, 238, 264, 265, 266, 286, 302, 317, 336, 354, 379, 388, 389, 425, 454, 458, 463, 475, 487, 498, 499, 512, 530, 531, 532, 533, 534, 536, 573, 589, 596, 598, 601, 605, 617, 620, 624, 646, 653, 658, 660, 662, 668, 689, 694, 702, 724, 725, 745, 760, 775, 793, 809, 829, 838, 839, 877, 901, 903, 905, 910, 923]","[1, 13, 14, 29, 54, 55, 56, 57, 58, 60, 102, 118, 125, 127, 130, 134, 146, 149, 153, 175, 182, 187, 189, 191, 197, 225, 230, 238, 264, 265, 266, 286, 302, 317, 336, 379, 388, 389, 425, 454, 458, 463, 475, 487, 498, 499, 512, 530, 531, 532, 533, 534, 536, 573, 589, 596, 598, 601, 605, 617, 620, 624, 646, 653, 658, 660, 662, 668, 689, 694, 702, 724, 725, 745, 760, 775, 793, 829, 838, 839, 877, 901, 903, 905, 910, 923]",7/6 successful match,True,[337],True,321,False,,,,,
"Pearsonville , 93527 Pearsonville Truck Stop (",760-377-5353 102 N Pearson Rd ( E Shell ),24 M,Pearsonville,93527,Pearsonville Truck Stop (,760-377-5353,2007,Inyokern,CA,,( E Shell ),102 N Pearson Rd,Proper,,False,,False,N Pearson Rd,,,,,"[702, 238]","[238, 702]","[238, 702]",[],"[103, 104, 105, 106, 107, 108, 109, 110, 111, 112, 113, 114, 115, 116, 117, 118, 119, 120, 121, 122, 123, 124, 125, 126, 127, 128, 129, 130, 131, 132, 133, 134, 135, 136, 137, 138, 139, 140, 141, 142, 143, 144, 145, 146, 147, 148, 149, 150, 151, 152, 153, 154, 155, 156, 157, 158, 159, 160, 161, 162, 163, 164, 165, 166, 167, 168, 169, 170, 171, 172, 173, 174, 175, 176, 177, 178, 179, 180, 181, 182, 183, 184, 185, 186, 187, 188, 189, 190, 191, 192, 193, 194, 195, 196, 197, 198, 199, 200, 201, 202, 203, 204, 205, 206, 207, 208, 209, 210, 211, 212, 213, 214, 215, 216, 217, 218, 219, 220, 221, 222, 223, 224, 225, 226, 227, 228, 229, 230, 231, 232, 233, 234, 235, 236, 237, 238, 239, 240, 241, 242, 243, 244, 245, 246, 247, 248, 249, 250, 251, 252, 253, 254, 255, 256, 257, 258, 259, 260, 261, 262, 263, 264, 265, 266, 267, 268, 269, 270, 271, 272, 273, 274, 275, 276, 277, 278, 279, 280, 281, 282, 283, 284, 285, 286, 287, 288, 289, 290, 291, 292, 293, 294, 295, 296, 297, 298, 299, 300, 301, 302, 303, 304, 305, 306, 307, 308, 309, 310, 311, 312, 313, 314, 315, 316, 317, 318, 319, 320, 321, 322, 323, 324, 325, 326, 327, 328, 329, 330, 331, 332, 333, 334, 335, 336, 337, 574, 575, 576, 577, 578, 579, 580, 581, 582, 583, 584, 585, 586, 587, 588, 589, 590, 591, 592, 593, 594, 595, 596, 597, 598, 599, 600, 601, 602, 603, 604, 605, 606, 607, 608, 609, 610, 611, 612, 613, 614, 615, 616, 617, 618, 619, 620, 621, 622, 623, 624, 625, 626, 627, 628, 629, 630, 631, 632, 633, 634, 635, 636, 637, 638, 639, 640, 641, 642, 643, 644, 645, 646, 647, 648, 649, 650, 651, 652, 653, 654, 655, 656, 657, 658, 659, 660, 661, 662, 663, 664, 665, 666, 667, 668, 669, 670, 671, 672, 673, 674, 675, 676, 677, 678, 679, 680, 681, 682, 683, 684, 685, 686, 687, 688, 689, 690, 691, 692, 693, 694, 695, 696, 697, 698, 699, 700, 701, 702, 703, 704, 705, 706, 707, 708, 709, 710, 711, 712, 713, 714, 715, 716, 717, 718, 719, 720, 721, 722, 723, 724, 725, 726, 727, 728, 729, 730, 731, 732, 733, 734, 735, 736, 737, 738, 739, 740, 741, 742, 743, 744, 745, 746, 747, 748, 749, 750, 751, 752, 753, 754, 755, 756, 757, 758, 759, 760, 761, 762, 763, 764, 765, 766, 767, 768, 769, 770, 771, 772, 773, 774, 775, 776, 777, 778, 779, 780, 781, 782, 783, 784, 785, 786, 787, 788, 789, 790, 791, 792, 793]","[238, 702]",[],"[238, 702]","[103, 104, 105, 106, 107, 108, 109, 110, 111, 112, 113, 114, 115, 116, 117, 118, 119, 120, 121, 122, 123, 124, 125, 126, 127, 128, 129, 130, 131, 132, 133, 134, 135, 136, 137, 138, 139, 140, 141, 142, 143, 144, 145, 146, 147, 148, 149, 150, 151, 152, 153, 154, 155, 156, 157, 158, 159, 160, 161, 162, 163, 164, 165, 166, 167, 168, 169, 170, 171, 172, 173, 174, 175, 176, 177, 178, 179, 180, 181, 182, 183, 184, 185, 186, 187, 188, 189, 190, 191, 192, 193, 194, 195, 196, 197, 198, 199, 200, 201, 202, 203, 204, 205, 206, 207, 208, 209, 210, 211, 212, 213, 214, 215, 216, 217, 218, 219, 220, 221, 222, 223, 224, 225, 226, 227, 228, 229, 230, 231, 232, 233, 234, 235, 236, 237, 238, 239, 240, 241, 242, 243, 244, 245, 246, 247, 248, 249, 250, 251, 252, 253, 254, 255, 256, 257, 258, 259, 260, 261, 262, 263, 264, 265, 266, 267, 268, 269, 270, 271, 272, 273, 274, 275, 276, 277, 278, 279, 280, 281, 282, 283, 284, 285, 286, 287, 288, 289, 290, 291, 292, 293, 294, 295, 296, 297, 298, 299, 300, 301, 302, 303, 304, 305, 306, 307, 308, 309, 310, 311, 312, 313, 314, 315, 316, 317, 318, 319, 320, 321, 322, 323, 324, 325, 326, 327, 328, 329, 330, 331, 332, 333, 334, 335, 336, 337, 574, 575, 576, 577, 578, 579, 580, 581, 582, 583, 584, 585, 586, 587, 588, 589, 590, 591, 592, 593, 594, 595, 596, 597, 598, 599, 600, 601, 602, 603, 604, 605, 606, 607, 608, 609, 610, 611, 612, 613, 614, 615, 616, 617, 618, 619, 620, 621, 622, 623, 624, 625, 626, 627, 628, 629, 630, 631, 632, 633, 634, 635, 636, 637, 638, 639, 640, 641, 642, 643, 644, 645, 646, 647, 648, 649, 650, 651, 652, 653, 654, 655, 656, 657, 658, 659, 660, 661, 662, 663, 664, 665, 666, 667, 668, 669, 670, 671, 672, 673, 674, 675, 676, 677, 678, 679, 680, 681, 682, 683, 684, 685, 686, 687, 688, 689, 690, 691, 692, 693, 694, 695, 696, 697, 698, 699, 700, 701, 702, 703, 704, 705, 706, 707, 708, 709, 710, 711, 712, 713, 714, 715, 716, 717, 718, 719, 720, 721, 722, 723, 724, 725, 726, 727, 728, 729, 730, 731, 732, 733, 734, 735, 736, 737, 738, 739, 740, 741, 742, 743, 744, 745, 746, 747, 748, 749, 750, 751, 752, 753, 754, 755, 756, 757, 758, 759, 760, 761, 762, 763, 764, 765, 766, 767, 768, 769, 770, 771, 772, 773, 774, 775, 776, 777, 778, 779, 780, 781, 782, 783, 784, 785, 786, 787, 788, 789, 790, 791, 792, 793]",True,"[238, 702]","[103, 104, 105, 106, 107, 108, 109, 110, 111, 112, 113, 114, 115, 116, 117, 118, 119, 120, 121, 122, 123, 124, 125, 126, 127, 128, 129, 130, 131, 132, 133, 134, 135, 136, 137, 138, 139, 140, 141, 142, 143, 144, 145, 146, 147, 148, 149, 150, 151, 152, 153, 154, 155, 156, 157, 158, 159, 160, 161, 162, 163, 164, 165, 166, 167, 168, 169, 170, 171, 172, 173, 174, 175, 176, 177, 178, 179, 180, 181, 182, 183, 184, 185, 186, 187, 188, 189, 190, 191, 192, 193, 194, 195, 196, 197, 198, 199, 200, 201, 202, 203, 204, 205, 206, 207, 208, 209, 210, 211, 212, 213, 214, 215, 216, 217, 218, 219, 220, 221, 222, 223, 224, 225, 226, 227, 228, 229, 230, 231, 232, 233, 234, 235, 236, 237, 238, 239, 240, 241, 242, 243, 244, 245, 246, 247, 248, 249, 250, 251, 252, 253, 254, 255, 256, 257, 258, 259, 260, 261, 262, 263, 264, 265, 266, 267, 268, 269, 270, 271, 272, 273, 274, 275, 276, 277, 278, 279, 280, 281, 282, 283, 284, 285, 286, 287, 288, 289, 290, 291, 292, 293, 294, 295, 296, 297, 298, 299, 300, 301, 302, 303, 304, 305, 306, 307, 308, 309, 310, 311, 312, 313, 314, 315, 316, 317, 318, 319, 320, 321, 322, 323, 324, 325, 326, 327, 328, 329, 330, 331, 332, 333, 334, 335, 336, 337, 574, 575, 576, 577, 578, 579, 580, 581, 582, 583, 584, 585, 586, 587, 588, 589, 590, 591, 592, 593, 594, 595, 596, 597, 598, 599, 600, 601, 602, 603, 604, 605, 606, 607, 608, 609, 610, 611, 612, 613, 614, 615, 616, 617, 618, 619, 620, 621, 622, 623, 624, 625, 626, 627, 628, 629, 630, 631, 632, 633, 634, 635, 636, 637, 638, 639, 640, 641, 642, 643, 644, 645, 646, 647, 648, 649, 650, 651, 652, 653, 654, 655, 656, 657, 658, 659, 660, 661, 662, 663, 664, 665, 666, 667, 668, 669, 670, 671, 672, 673, 674, 675, 676, 677, 678, 679, 680, 681, 682, 683, 684, 685, 686, 687, 688, 689, 690, 691, 692, 693, 694, 695, 696, 697, 698, 699, 700, 701, 702, 703, 704, 705, 706, 707, 708, 709, 710, 711, 712, 713, 714, 715, 716, 717, 718, 719, 720, 721, 722, 723, 724, 725, 726, 727, 728, 729, 730, 731, 732, 733, 734, 735, 736, 737, 738, 739, 740, 741, 742, 743, 744, 745, 746, 747, 748, 749, 750, 751, 752, 753, 754, 755, 756, 757, 758, 759, 760, 761, 762, 763, 764, 765, 766, 767, 768, 769, 770, 771, 772, 773, 774, 775, 776, 777, 778, 779, 780, 781, 782, 783, 784, 785, 786, 787, 788, 789, 790, 791, 792, 793]","[238, 702]",[],"[238, 702]","[238, 702]",[],7/6 successful match,True,[337],True,321,False,,0.8586206896551725,True,Pearsonville Truck Stop ( Shell ),Shell
"Pearsonville , 93527 Pearsonville Publishers Truck . All rights Stop reserved .",5 760-377-5353 102 N Pearson Rd ( E ( Shell ),24 S <U+2610> <U+2610>,Pearsonville,93527,Pearsonville Publishers Truck . All rights Stop reserved .,760-377-5353,2008,Inyokern,CA,,( E ( Shell ),102 N Pearson Rd,Proper,,False,,False,N Pearson Rd,,,,,"[702, 238]","[238, 702]","[238, 702]",[],"[103, 104, 105, 106, 107, 108, 109, 110, 111, 112, 113, 114, 115, 116, 117, 118, 119, 120, 121, 122, 123, 124, 125, 126, 127, 128, 129, 130, 131, 132, 133, 134, 135, 136, 137, 138, 139, 140, 141, 142, 143, 144, 145, 146, 147, 148, 149, 150, 151, 152, 153, 154, 155, 156, 157, 158, 159, 160, 161, 162, 163, 164, 165, 166, 167, 168, 169, 170, 171, 172, 173, 174, 175, 176, 177, 178, 179, 180, 181, 182, 183, 184, 185, 186, 187, 188, 189, 190, 191, 192, 193, 194, 195, 196, 197, 198, 199, 200, 201, 202, 203, 204, 205, 206, 207, 208, 209, 210, 211, 212, 213, 214, 215, 216, 217, 218, 219, 220, 221, 222, 223, 224, 225, 226, 227, 228, 229, 230, 231, 232, 233, 234, 235, 236, 237, 238, 239, 240, 241, 242, 243, 244, 245, 246, 247, 248, 249, 250, 251, 252, 253, 254, 255, 256, 257, 258, 259, 260, 261, 262, 263, 264, 265, 266, 267, 268, 269, 270, 271, 272, 273, 274, 275, 276, 277, 278, 279, 280, 281, 282, 283, 284, 285, 286, 287, 288, 289, 290, 291, 292, 293, 294, 295, 296, 297, 298, 299, 300, 301, 302, 303, 304, 305, 306, 307, 308, 309, 310, 311, 312, 313, 314, 315, 316, 317, 318, 319, 320, 321, 322, 323, 324, 325, 326, 327, 328, 329, 330, 331, 332, 333, 334, 335, 336, 337, 574, 575, 576, 577, 578, 579, 580, 581, 582, 583, 584, 585, 586, 587, 588, 589, 590, 591, 592, 593, 594, 595, 596, 597, 598, 599, 600, 601, 602, 603, 604, 605, 606, 607, 608, 609, 610, 611, 612, 613, 614, 615, 616, 617, 618, 619, 620, 621, 622, 623, 624, 625, 626, 627, 628, 629, 630, 631, 632, 633, 634, 635, 636, 637, 638, 639, 640, 641, 642, 643, 644, 645, 646, 647, 648, 649, 650, 651, 652, 653, 654, 655, 656, 657, 658, 659, 660, 661, 662, 663, 664, 665, 666, 667, 668, 669, 670, 671, 672, 673, 674, 675, 676, 677, 678, 679, 680, 681, 682, 683, 684, 685, 686, 687, 688, 689, 690, 691, 692, 693, 694, 695, 696, 697, 698, 699, 700, 701, 702, 703, 704, 705, 706, 707, 708, 709, 710, 711, 712, 713, 714, 715, 716, 717, 718, 719, 720, 721, 722, 723, 724, 725, 726, 727, 728, 729, 730, 731, 732, 733, 734, 735, 736, 737, 738, 739, 740, 741, 742, 743, 744, 745, 746, 747, 748, 749, 750, 751, 752, 753, 754, 755, 756, 757, 758, 759, 760, 761, 762, 763, 764, 765, 766, 767, 768, 769, 770, 771, 772, 773, 774, 775, 776, 777, 778, 779, 780, 781, 782, 783, 784, 785, 786, 787, 788, 789, 790, 791, 792, 793]","[238, 702]",[],"[238, 702]","[103, 104, 105, 106, 107, 108, 109, 110, 111, 112, 113, 114, 115, 116, 117, 118, 119, 120, 121, 122, 123, 124, 125, 126, 127, 128, 129, 130, 131, 132, 133, 134, 135, 136, 137, 138, 139, 140, 141, 142, 143, 144, 145, 146, 147, 148, 149, 150, 151, 152, 153, 154, 155, 156, 157, 158, 159, 160, 161, 162, 163, 164, 165, 166, 167, 168, 169, 170, 171, 172, 173, 174, 175, 176, 177, 178, 179, 180, 181, 182, 183, 184, 185, 186, 187, 188, 189, 190, 191, 192, 193, 194, 195, 196, 197, 198, 199, 200, 201, 202, 203, 204, 205, 206, 207, 208, 209, 210, 211, 212, 213, 214, 215, 216, 217, 218, 219, 220, 221, 222, 223, 224, 225, 226, 227, 228, 229, 230, 231, 232, 233, 234, 235, 236, 237, 238, 239, 240, 241, 242, 243, 244, 245, 246, 247, 248, 249, 250, 251, 252, 253, 254, 255, 256, 257, 258, 259, 260, 261, 262, 263, 264, 265, 266, 267, 268, 269, 270, 271, 272, 273, 274, 275, 276, 277, 278, 279, 280, 281, 282, 283, 284, 285, 286, 287, 288, 289, 290, 291, 292, 293, 294, 295, 296, 297, 298, 299, 300, 301, 302, 303, 304, 305, 306, 307, 308, 309, 310, 311, 312, 313, 314, 315, 316, 317, 318, 319, 320, 321, 322, 323, 324, 325, 326, 327, 328, 329, 330, 331, 332, 333, 334, 335, 336, 337, 574, 575, 576, 577, 578, 579, 580, 581, 582, 583, 584, 585, 586, 587, 588, 589, 590, 591, 592, 593, 594, 595, 596, 597, 598, 599, 600, 601, 602, 603, 604, 605, 606, 607, 608, 609, 610, 611, 612, 613, 614, 615, 616, 617, 618, 619, 620, 621, 622, 623, 624, 625, 626, 627, 628, 629, 630, 631, 632, 633, 634, 635, 636, 637, 638, 639, 640, 641, 642, 643, 644, 645, 646, 647, 648, 649, 650, 651, 652, 653, 654, 655, 656, 657, 658, 659, 660, 661, 662, 663, 664, 665, 666, 667, 668, 669, 670, 671, 672, 673, 674, 675, 676, 677, 678, 679, 680, 681, 682, 683, 684, 685, 686, 687, 688, 689, 690, 691, 692, 693, 694, 695, 696, 697, 698, 699, 700, 701, 702, 703, 704, 705, 706, 707, 708, 709, 710, 711, 712, 713, 714, 715, 716, 717, 718, 719, 720, 721, 722, 723, 724, 725, 726, 727, 728, 729, 730, 731, 732, 733, 734, 735, 736, 737, 738, 739, 740, 741, 742, 743, 744, 745, 746, 747, 748, 749, 750, 751, 752, 753, 754, 755, 756, 757, 758, 759, 760, 761, 762, 763, 764, 765, 766, 767, 768, 769, 770, 771, 772, 773, 774, 775, 776, 777, 778, 779, 780, 781, 782, 783, 784, 785, 786, 787, 788, 789, 790, 791, 792, 793]",True,"[238, 702]","[103, 104, 105, 106, 107, 108, 109, 110, 111, 112, 113, 114, 115, 116, 117, 118, 119, 120, 121, 122, 123, 124, 125, 126, 127, 128, 129, 130, 131, 132, 133, 134, 135, 136, 137, 138, 139, 140, 141, 142, 143, 144, 145, 146, 147, 148, 149, 150, 151, 152, 153, 154, 155, 156, 157, 158, 159, 160, 161, 162, 163, 164, 165, 166, 167, 168, 169, 170, 171, 172, 173, 174, 175, 176, 177, 178, 179, 180, 181, 182, 183, 184, 185, 186, 187, 188, 189, 190, 191, 192, 193, 194, 195, 196, 197, 198, 199, 200, 201, 202, 203, 204, 205, 206, 207, 208, 209, 210, 211, 212, 213, 214, 215, 216, 217, 218, 219, 220, 221, 222, 223, 224, 225, 226, 227, 228, 229, 230, 231, 232, 233, 234, 235, 236, 237, 238, 239, 240, 241, 242, 243, 244, 245, 246, 247, 248, 249, 250, 251, 252, 253, 254, 255, 256, 257, 258, 259, 260, 261, 262, 263, 264, 265, 266, 267, 268, 269, 270, 271, 272, 273, 274, 275, 276, 277, 278, 279, 280, 281, 282, 283, 284, 285, 286, 287, 288, 289, 290, 291, 292, 293, 294, 295, 296, 297, 298, 299, 300, 301, 302, 303, 304, 305, 306, 307, 308, 309, 310, 311, 312, 313, 314, 315, 316, 317, 318, 319, 320, 321, 322, 323, 324, 325, 326, 327, 328, 329, 330, 331, 332, 333, 334, 335, 336, 337, 574, 575, 576, 577, 578, 579, 580, 581, 582, 583, 584, 585, 586, 587, 588, 589, 590, 591, 592, 593, 594, 595, 596, 597, 598, 599, 600, 601, 602, 603, 604, 605, 606, 607, 608, 609, 610, 611, 612, 613, 614, 615, 616, 617, 618, 619, 620, 621, 622, 623, 624, 625, 626, 627, 628, 629, 630, 631, 632, 633, 634, 635, 636, 637, 638, 639, 640, 641, 642, 643, 644, 645, 646, 647, 648, 649, 650, 651, 652, 653, 654, 655, 656, 657, 658, 659, 660, 661, 662, 663, 664, 665, 666, 667, 668, 669, 670, 671, 672, 673, 674, 675, 676, 677, 678, 679, 680, 681, 682, 683, 684, 685, 686, 687, 688, 689, 690, 691, 692, 693, 694, 695, 696, 697, 698, 699, 700, 701, 702, 703, 704, 705, 706, 707, 708, 709, 710, 711, 712, 713, 714, 715, 716, 717, 718, 719, 720, 721, 722, 723, 724, 725, 726, 727, 728, 729, 730, 731, 732, 733, 734, 735, 736, 737, 738, 739, 740, 741, 742, 743, 744, 745, 746, 747, 748, 749, 750, 751, 752, 753, 754, 755, 756, 757, 758, 759, 760, 761, 762, 763, 764, 765, 766, 767, 768, 769, 770, 771, 772, 773, 774, 775, 776, 777, 778, 779, 780, 781, 782, 783, 784, 785, 786, 787, 788, 789, 790, 791, 792, 793]","[238, 702]",[],"[238, 702]","[238, 702]",[],7/6 successful match,True,[337],True,321,False,,0.45349397590361445,True,Pearsonville Truck Stop (,
Pearsonville ( 93527 ) Pearsonville Truck Stop ( Shell ),5 760-377-5353 102 N Pearson Rd ( E of US 395 ),24 M <U+2610> <U+2610> <U+25A1>,Pearsonville,93527,Pearsonville Truck Stop ( Shell ),760-377-5353,2014,Inyokern,CA,Shell,( E of US 395 ),102 N Pearson Rd,Proper,,False,,False,N Pearson Rd,,,,,"[702, 238]","[238, 702]","[238, 702]",[],"[103, 104, 105, 106, 107, 108, 109, 110, 111, 112, 113, 114, 115, 116, 117, 118, 119, 120, 121, 122, 123, 124, 125, 126, 127, 128, 129, 130, 131, 132, 133, 134, 135, 136, 137, 138, 139, 140, 141, 142, 143, 144, 145, 146, 147, 148, 149, 150, 151, 152, 153, 154, 155, 156, 157, 158, 159, 160, 161, 162, 163, 164, 165, 166, 167, 168, 169, 170, 171, 172, 173, 174, 175, 176, 177, 178, 179, 180, 181, 182, 183, 184, 185, 186, 187, 188, 189, 190, 191, 192, 193, 194, 195, 196, 197, 198, 199, 200, 201, 202, 203, 204, 205, 206, 207, 208, 209, 210, 211, 212, 213, 214, 215, 216, 217, 218, 219, 220, 221, 222, 223, 224, 225, 226, 227, 228, 229, 230, 231, 232, 233, 234, 235, 236, 237, 238, 239, 240, 241, 242, 243, 244, 245, 246, 247, 248, 249, 250, 251, 252, 253, 254, 255, 256, 257, 258, 259, 260, 261, 262, 263, 264, 265, 266, 267, 268, 269, 270, 271, 272, 273, 274, 275, 276, 277, 278, 279, 280, 281, 282, 283, 284, 285, 286, 287, 288, 289, 290, 291, 292, 293, 294, 295, 296, 297, 298, 299, 300, 301, 302, 303, 304, 305, 306, 307, 308, 309, 310, 311, 312, 313, 314, 315, 316, 317, 318, 319, 320, 321, 322, 323, 324, 325, 326, 327, 328, 329, 330, 331, 332, 333, 334, 335, 336, 337, 574, 575, 576, 577, 578, 579, 580, 581, 582, 583, 584, 585, 586, 587, 588, 589, 590, 591, 592, 593, 594, 595, 596, 597, 598, 599, 600, 601, 602, 603, 604, 605, 606, 607, 608, 609, 610, 611, 612, 613, 614, 615, 616, 617, 618, 619, 620, 621, 622, 623, 624, 625, 626, 627, 628, 629, 630, 631, 632, 633, 634, 635, 636, 637, 638, 639, 640, 641, 642, 643, 644, 645, 646, 647, 648, 649, 650, 651, 652, 653, 654, 655, 656, 657, 658, 659, 660, 661, 662, 663, 664, 665, 666, 667, 668, 669, 670, 671, 672, 673, 674, 675, 676, 677, 678, 679, 680, 681, 682, 683, 684, 685, 686, 687, 688, 689, 690, 691, 692, 693, 694, 695, 696, 697, 698, 699, 700, 701, 702, 703, 704, 705, 706, 707, 708, 709, 710, 711, 712, 713, 714, 715, 716, 717, 718, 719, 720, 721, 722, 723, 724, 725, 726, 727, 728, 729, 730, 731, 732, 733, 734, 735, 736, 737, 738, 739, 740, 741, 742, 743, 744, 745, 746, 747, 748, 749, 750, 751, 752, 753, 754, 755, 756, 757, 758, 759, 760, 761, 762, 763, 764, 765, 766, 767, 768, 769, 770, 771, 772, 773, 774, 775, 776, 777, 778, 779, 780, 781, 782, 783, 784, 785, 786, 787, 788, 789, 790, 791, 792, 793]","[238, 702]","[1, 13, 14, 29, 54, 55, 56, 57, 58, 60, 102, 118, 125, 127, 130, 134, 146, 149, 153, 175, 182, 187, 189, 191, 197, 225, 230, 238, 264, 265, 266, 286, 302, 317, 336, 379, 388, 389, 425, 454, 458, 463, 475, 487, 498, 499, 512, 530, 531, 532, 533, 534, 536, 573, 589, 596, 598, 601, 605, 617, 620, 624, 646, 653, 658, 660, 662, 668, 689, 694, 702, 724, 725, 745, 760, 775, 793, 829, 838, 839, 877, 901, 903, 905, 910, 923]","[1, 13, 14, 29, 54, 55, 56, 57, 58, 60, 102, 118, 125, 127, 130, 134, 146, 149, 153, 175, 182, 187, 189, 191, 197, 225, 230, 238, 264, 265, 266, 286, 302, 317, 336, 354, 379, 388, 389, 425, 454, 458, 463, 475, 487, 498, 499, 512, 530, 531, 532, 533, 534, 536, 573, 589, 596, 598, 601, 605, 617, 620, 624, 646, 653, 658, 660, 662, 668, 689, 694, 702, 724, 725, 745, 760, 775, 793, 809, 829, 838, 839, 877, 901, 903, 905, 910, 923]","[1, 13, 14, 29, 54, 55, 56, 57, 58, 60, 102, 103, 104, 105, 106, 107, 108, 109, 110, 111, 112, 113, 114, 115, 116, 117, 118, 119, 120, 121, 122, 123, 124, 125, 126, 127, 128, 129, 130, 131, 132, 133, 134, 135, 136, 137, 138, 139, 140, 141, 142, 143, 144, 145, 146, 147, 148, 149, 150, 151, 152, 153, 154, 155, 156, 157, 158, 159, 160, 161, 162, 163, 164, 165, 166, 167, 168, 169, 170, 171, 172, 173, 174, 175, 176, 177, 178, 179, 180, 181, 182, 183, 184, 185, 186, 187, 188, 189, 190, 191, 192, 193, 194, 195, 196, 197, 198, 199, 200, 201, 202, 203, 204, 205, 206, 207, 208, 209, 210, 211, 212, 213, 214, 215, 216, 217, 218, 219, 220, 221, 222, 223, 224, 225, 226, 227, 228, 229, 230, 231, 232, 233, 234, 235, 236, 237, 238, 239, 240, 241, 242, 243, 244, 245, 246, 247, 248, 249, 250, 251, 252, 253, 254, 255, 256, 257, 258, 259, 260, 261, 262, 263, 264, 265, 266, 267, 268, 269, 270, 271, 272, 273, 274, 275, 276, 277, 278, 279, 280, 281, 282, 283, 284, 285, 286, 287, 288, 289, 290, 291, 292, 293, 294, 295, 296, 297, 298, 299, 300, 301, 302, 303, 304, 305, 306, 307, 308, 309, 310, 311, 312, 313, 314, 315, 316, 317, 318, 319, 320, 321, 322, 323, 324, 325, 326, 327, 328, 329, 330, 331, 332, 333, 334, 335, 336, 337, 354, 379, 388, 389, 425, 454, 458, 463, 475, 487, 498, 499, 512, 530, 531, 532, 533, 534, 536, 573, 574, 575, 576, 577, 578, 579, 580, 581, 582, 583, 584, 585, 586, 587, 588, 589, 590, 591, 592, 593, 594, 595, 596, 597, 598, 599, 600, 601, 602, 603, 604, 605, 606, 607, 608, 609, 610, 611, 612, 613, 614, 615, 616, 617, 618, 619, 620, 621, 622, 623, 624, 625, 626, 627, 628, 629, 630, 631, 632, 633, 634, 635, 636, 637, 638, 639, 640, 641, 642, 643, 644, 645, 646, 647, 648, 649, 650, 651, 652, 653, 654, 655, 656, 657, 658, 659, 660, 661, 662, 663, 664, 665, 666, 667, 668, 669, 670, 671, 672, 673, 674, 675, 676, 677, 678, 679, 680, 681, 682, 683, 684, 685, 686, 687, 688, 689, 690, 691, 692, 693, 694, 695, 696, 697, 698, 699, 700, 701, 702, 703, 704, 705, 706, 707, 708, 709, 710, 711, 712, 713, 714, 715, 716, 717, 718, 719, 720, 721, 722, 723, 724, 725, 726, 727, 728, 729, 730, 731, 732, 733, 734, 735, 736, 737, 738, 739, 740, 741, 742, 743, 744, 745, 746, 747, 748, 749, 750, 751, 752, 753, 754, 755, 756, 757, 758, 759, 760, 761, 762, 763, 764, 765, 766, 767, 768, 769, 770, 771, 772, 773, 774, 775, 776, 777, 778, 779, 780, 781, 782, 783, 784, 785, 786, 787, 788, 789, 790, 791, 792, 793, 809, 829, 838, 839, 877, 901, 903, 905, 910, 923]",True,"[238, 702]","[103, 104, 105, 106, 107, 108, 109, 110, 111, 112, 113, 114, 115, 116, 117, 118, 119, 120, 121, 122, 123, 124, 125, 126, 127, 128, 129, 130, 131, 132, 133, 134, 135, 136, 137, 138, 139, 140, 141, 142, 143, 144, 145, 146, 147, 148, 149, 150, 151, 152, 153, 154, 155, 156, 157, 158, 159, 160, 161, 162, 163, 164, 165, 166, 167, 168, 169, 170, 171, 172, 173, 174, 175, 176, 177, 178, 179, 180, 181, 182, 183, 184, 185, 186, 187, 188, 189, 190, 191, 192, 193, 194, 195, 196, 197, 198, 199, 200, 201, 202, 203, 204, 205, 206, 207, 208, 209, 210, 211, 212, 213, 214, 215, 216, 217, 218, 219, 220, 221, 222, 223, 224, 225, 226, 227, 228, 229, 230, 231, 232, 233, 234, 235, 236, 237, 238, 239, 240, 241, 242, 243, 244, 245, 246, 247, 248, 249, 250, 251, 252, 253, 254, 255, 256, 257, 258, 259, 260, 261, 262, 263, 264, 265, 266, 267, 268, 269, 270, 271, 272, 273, 274, 275, 276, 277, 278, 279, 280, 281, 282, 283, 284, 285, 286, 287, 288, 289, 290, 291, 292, 293, 294, 295, 296, 297, 298, 299, 300, 301, 302, 303, 304, 305, 306, 307, 308, 309, 310, 311, 312, 313, 314, 315, 316, 317, 318, 319, 320, 321, 322, 323, 324, 325, 326, 327, 328, 329, 330, 331, 332, 333, 334, 335, 336, 337, 574, 575, 576, 577, 578, 579, 580, 581, 582, 583, 584, 585, 586, 587, 588, 589, 590, 591, 592, 593, 594, 595, 596, 597, 598, 599, 600, 601, 602, 603, 604, 605, 606, 607, 608, 609, 610, 611, 612, 613, 614, 615, 616, 617, 618, 619, 620, 621, 622, 623, 624, 625, 626, 627, 628, 629, 630, 631, 632, 633, 634, 635, 636, 637, 638, 639, 640, 641, 642, 643, 644, 645, 646, 647, 648, 649, 650, 651, 652, 653, 654, 655, 656, 657, 658, 659, 660, 661, 662, 663, 664, 665, 666, 667, 668, 669, 670, 671, 672, 673, 674, 675, 676, 677, 678, 679, 680, 681, 682, 683, 684, 685, 686, 687, 688, 689, 690, 691, 692, 693, 694, 695, 696, 697, 698, 699, 700, 701, 702, 703, 704, 705, 706, 707, 708, 709, 710, 711, 712, 713, 714, 715, 716, 717, 718, 719, 720, 721, 722, 723, 724, 725, 726, 727, 728, 729, 730, 731, 732, 733, 734, 735, 736, 737, 738, 739, 740, 741, 742, 743, 744, 745, 746, 747, 748, 749, 750, 751, 752, 753, 754, 755, 756, 757, 758, 759, 760, 761, 762, 763, 764, 765, 766, 767, 768, 769, 770, 771, 772, 773, 774, 775, 776, 777, 778, 779, 780, 781, 782, 783, 784, 785, 786, 787, 788, 789, 790, 791, 792, 793]","[238, 702]",[],"[238, 702]","[1, 13, 14, 29, 54, 55, 56, 57, 58, 60, 102, 118, 125, 127, 130, 134, 146, 149, 153, 175, 182, 187, 189, 191, 197, 225, 230, 238, 264, 265, 266, 286, 302, 317, 336, 354, 379, 388, 389, 425, 454, 458, 463, 475, 487, 498, 499, 512, 530, 531, 532, 533, 534, 536, 573, 589, 596, 598, 601, 605, 617, 620, 624, 646, 653, 658, 660, 662, 668, 689, 694, 702, 724, 725, 745, 760, 775, 793, 809, 829, 838, 839, 877, 901, 903, 905, 910, 923]","[1, 13, 14, 29, 54, 55, 56, 57, 58, 60, 102, 118, 125, 127, 130, 134, 146, 149, 153, 175, 182, 187, 189, 191, 197, 225, 230, 238, 264, 265, 266, 286, 302, 317, 336, 379, 388, 389, 425, 454, 458, 463, 475, 487, 498, 499, 512, 530, 531, 532, 533, 534, 536, 573, 589, 596, 598, 601, 605, 617, 620, 624, 646, 653, 658, 660, 662, 668, 689, 694, 702, 724, 725, 745, 760, 775, 793, 829, 838, 839, 877, 901, 903, 905, 910, 923]",7/6 successful match,True,[337],True,321,False,,0.44483516483516483,True,Pearsonville Publishers Truck . All rights Stop reserved .,
G Pearsonville ( 93527 ) Pearsonville Truck Stop ( Shell ),760-377-5353 102 N Pearson Rd ( E of US 395 ),24 HRG M <U+2610> <U+2610> <U+2610>,Pearsonville,93527,Pearsonville Truck Stop ( Shell ),760-377-5353,2015,Inyokern,CA,Shell,( E of US 395 ),102 N Pearson Rd,Proper,,False,,False,N Pearson Rd,,,,,"[702, 238]","[238, 702]","[238, 702]",[],"[103, 104, 105, 106, 107, 108, 109, 110, 111, 112, 113, 114, 115, 116, 117, 118, 119, 120, 121, 122, 123, 124, 125, 126, 127, 128, 129, 130, 131, 132, 133, 134, 135, 136, 137, 138, 139, 140, 141, 142, 143, 144, 145, 146, 147, 148, 149, 150, 151, 152, 153, 154, 155, 156, 157, 158, 159, 160, 161, 162, 163, 164, 165, 166, 167, 168, 169, 170, 171, 172, 173, 174, 175, 176, 177, 178, 179, 180, 181, 182, 183, 184, 185, 186, 187, 188, 189, 190, 191, 192, 193, 194, 195, 196, 197, 198, 199, 200, 201, 202, 203, 204, 205, 206, 207, 208, 209, 210, 211, 212, 213, 214, 215, 216, 217, 218, 219, 220, 221, 222, 223, 224, 225, 226, 227, 228, 229, 230, 231, 232, 233, 234, 235, 236, 237, 238, 239, 240, 241, 242, 243, 244, 245, 246, 247, 248, 249, 250, 251, 252, 253, 254, 255, 256, 257, 258, 259, 260, 261, 262, 263, 264, 265, 266, 267, 268, 269, 270, 271, 272, 273, 274, 275, 276, 277, 278, 279, 280, 281, 282, 283, 284, 285, 286, 287, 288, 289, 290, 291, 292, 293, 294, 295, 296, 297, 298, 299, 300, 301, 302, 303, 304, 305, 306, 307, 308, 309, 310, 311, 312, 313, 314, 315, 316, 317, 318, 319, 320, 321, 322, 323, 324, 325, 326, 327, 328, 329, 330, 331, 332, 333, 334, 335, 336, 337, 574, 575, 576, 577, 578, 579, 580, 581, 582, 583, 584, 585, 586, 587, 588, 589, 590, 591, 592, 593, 594, 595, 596, 597, 598, 599, 600, 601, 602, 603, 604, 605, 606, 607, 608, 609, 610, 611, 612, 613, 614, 615, 616, 617, 618, 619, 620, 621, 622, 623, 624, 625, 626, 627, 628, 629, 630, 631, 632, 633, 634, 635, 636, 637, 638, 639, 640, 641, 642, 643, 644, 645, 646, 647, 648, 649, 650, 651, 652, 653, 654, 655, 656, 657, 658, 659, 660, 661, 662, 663, 664, 665, 666, 667, 668, 669, 670, 671, 672, 673, 674, 675, 676, 677, 678, 679, 680, 681, 682, 683, 684, 685, 686, 687, 688, 689, 690, 691, 692, 693, 694, 695, 696, 697, 698, 699, 700, 701, 702, 703, 704, 705, 706, 707, 708, 709, 710, 711, 712, 713, 714, 715, 716, 717, 718, 719, 720, 721, 722, 723, 724, 725, 726, 727, 728, 729, 730, 731, 732, 733, 734, 735, 736, 737, 738, 739, 740, 741, 742, 743, 744, 745, 746, 747, 748, 749, 750, 751, 752, 753, 754, 755, 756, 757, 758, 759, 760, 761, 762, 763, 764, 765, 766, 767, 768, 769, 770, 771, 772, 773, 774, 775, 776, 777, 778, 779, 780, 781, 782, 783, 784, 785, 786, 787, 788, 789, 790, 791, 792, 793]","[238, 702]","[1, 13, 14, 29, 54, 55, 56, 57, 58, 60, 102, 118, 125, 127, 130, 134, 146, 149, 153, 175, 182, 187, 189, 191, 197, 225, 230, 238, 264, 265, 266, 286, 302, 317, 336, 379, 388, 389, 425, 454, 458, 463, 475, 487, 498, 499, 512, 530, 531, 532, 533, 534, 536, 573, 589, 596, 598, 601, 605, 617, 620, 624, 646, 653, 658, 660, 662, 668, 689, 694, 702, 724, 725, 745, 760, 775, 793, 829, 838, 839, 877, 901, 903, 905, 910, 923]","[1, 13, 14, 29, 54, 55, 56, 57, 58, 60, 102, 118, 125, 127, 130, 134, 146, 149, 153, 175, 182, 187, 189, 191, 197, 225, 230, 238, 264, 265, 266, 286, 302, 317, 336, 354, 379, 388, 389, 425, 454, 458, 463, 475, 487, 498, 499, 512, 530, 531, 532, 533, 534, 536, 573, 589, 596, 598, 601, 605, 617, 620, 624, 646, 653, 658, 660, 662, 668, 689, 694, 702, 724, 725, 745, 760, 775, 793, 809, 829, 838, 839, 877, 901, 903, 905, 910, 923]","[1, 13, 14, 29, 54, 55, 56, 57, 58, 60, 102, 103, 104, 105, 106, 107, 108, 109, 110, 111, 112, 113, 114, 115, 116, 117, 118, 119, 120, 121, 122, 123, 124, 125, 126, 127, 128, 129, 130, 131, 132, 133, 134, 135, 136, 137, 138, 139, 140, 141, 142, 143, 144, 145, 146, 147, 148, 149, 150, 151, 152, 153, 154, 155, 156, 157, 158, 159, 160, 161, 162, 163, 164, 165, 166, 167, 168, 169, 170, 171, 172, 173, 174, 175, 176, 177, 178, 179, 180, 181, 182, 183, 184, 185, 186, 187, 188, 189, 190, 191, 192, 193, 194, 195, 196, 197, 198, 199, 200, 201, 202, 203, 204, 205, 206, 207, 208, 209, 210, 211, 212, 213, 214, 215, 216, 217, 218, 219, 220, 221, 222, 223, 224, 225, 226, 227, 228, 229, 230, 231, 232, 233, 234, 235, 236, 237, 238, 239, 240, 241, 242, 243, 244, 245, 246, 247, 248, 249, 250, 251, 252, 253, 254, 255, 256, 257, 258, 259, 260, 261, 262, 263, 264, 265, 266, 267, 268, 269, 270, 271, 272, 273, 274, 275, 276, 277, 278, 279, 280, 281, 282, 283, 284, 285, 286, 287, 288, 289, 290, 291, 292, 293, 294, 295, 296, 297, 298, 299, 300, 301, 302, 303, 304, 305, 306, 307, 308, 309, 310, 311, 312, 313, 314, 315, 316, 317, 318, 319, 320, 321, 322, 323, 324, 325, 326, 327, 328, 329, 330, 331, 332, 333, 334, 335, 336, 337, 354, 379, 388, 389, 425, 454, 458, 463, 475, 487, 498, 499, 512, 530, 531, 532, 533, 534, 536, 573, 574, 575, 576, 577, 578, 579, 580, 581, 582, 583, 584, 585, 586, 587, 588, 589, 590, 591, 592, 593, 594, 595, 596, 597, 598, 599, 600, 601, 602, 603, 604, 605, 606, 607, 608, 609, 610, 611, 612, 613, 614, 615, 616, 617, 618, 619, 620, 621, 622, 623, 624, 625, 626, 627, 628, 629, 630, 631, 632, 633, 634, 635, 636, 637, 638, 639, 640, 641, 642, 643, 644, 645, 646, 647, 648, 649, 650, 651, 652, 653, 654, 655, 656, 657, 658, 659, 660, 661, 662, 663, 664, 665, 666, 667, 668, 669, 670, 671, 672, 673, 674, 675, 676, 677, 678, 679, 680, 681, 682, 683, 684, 685, 686, 687, 688, 689, 690, 691, 692, 693, 694, 695, 696, 697, 698, 699, 700, 701, 702, 703, 704, 705, 706, 707, 708, 709, 710, 711, 712, 713, 714, 715, 716, 717, 718, 719, 720, 721, 722, 723, 724, 725, 726, 727, 728, 729, 730, 731, 732, 733, 734, 735, 736, 737, 738, 739, 740, 741, 742, 743, 744, 745, 746, 747, 748, 749, 750, 751, 752, 753, 754, 755, 756, 757, 758, 759, 760, 761, 762, 763, 764, 765, 766, 767, 768, 769, 770, 771, 772, 773, 774, 775, 776, 777, 778, 779, 780, 781, 782, 783, 784, 785, 786, 787, 788, 789, 790, 791, 792, 793, 809, 829, 838, 839, 877, 901, 903, 905, 910, 923]",True,"[238, 702]","[103, 104, 105, 106, 107, 108, 109, 110, 111, 112, 113, 114, 115, 116, 117, 118, 119, 120, 121, 122, 123, 124, 125, 126, 127, 128, 129, 130, 131, 132, 133, 134, 135, 136, 137, 138, 139, 140, 141, 142, 143, 144, 145, 146, 147, 148, 149, 150, 151, 152, 153, 154, 155, 156, 157, 158, 159, 160, 161, 162, 163, 164, 165, 166, 167, 168, 169, 170, 171, 172, 173, 174, 175, 176, 177, 178, 179, 180, 181, 182, 183, 184, 185, 186, 187, 188, 189, 190, 191, 192, 193, 194, 195, 196, 197, 198, 199, 200, 201, 202, 203, 204, 205, 206, 207, 208, 209, 210, 211, 212, 213, 214, 215, 216, 217, 218, 219, 220, 221, 222, 223, 224, 225, 226, 227, 228, 229, 230, 231, 232, 233, 234, 235, 236, 237, 238, 239, 240, 241, 242, 243, 244, 245, 246, 247, 248, 249, 250, 251, 252, 253, 254, 255, 256, 257, 258, 259, 260, 261, 262, 263, 264, 265, 266, 267, 268, 269, 270, 271, 272, 273, 274, 275, 276, 277, 278, 279, 280, 281, 282, 283, 284, 285, 286, 287, 288, 289, 290, 291, 292, 293, 294, 295, 296, 297, 298, 299, 300, 301, 302, 303, 304, 305, 306, 307, 308, 309, 310, 311, 312, 313, 314, 315, 316, 317, 318, 319, 320, 321, 322, 323, 324, 325, 326, 327, 328, 329, 330, 331, 332, 333, 334, 335, 336, 337, 574, 575, 576, 577, 578, 579, 580, 581, 582, 583, 584, 585, 586, 587, 588, 589, 590, 591, 592, 593, 594, 595, 596, 597, 598, 599, 600, 601, 602, 603, 604, 605, 606, 607, 608, 609, 610, 611, 612, 613, 614, 615, 616, 617, 618, 619, 620, 621, 622, 623, 624, 625, 626, 627, 628, 629, 630, 631, 632, 633, 634, 635, 636, 637, 638, 639, 640, 641, 642, 643, 644, 645, 646, 647, 648, 649, 650, 651, 652, 653, 654, 655, 656, 657, 658, 659, 660, 661, 662, 663, 664, 665, 666, 667, 668, 669, 670, 671, 672, 673, 674, 675, 676, 677, 678, 679, 680, 681, 682, 683, 684, 685, 686, 687, 688, 689, 690, 691, 692, 693, 694, 695, 696, 697, 698, 699, 700, 701, 702, 703, 704, 705, 706, 707, 708, 709, 710, 711, 712, 713, 714, 715, 716, 717, 718, 719, 720, 721, 722, 723, 724, 725, 726, 727, 728, 729, 730, 731, 732, 733, 734, 735, 736, 737, 738, 739, 740, 741, 742, 743, 744, 745, 746, 747, 748, 749, 750, 751, 752, 753, 754, 755, 756, 757, 758, 759, 760, 761, 762, 763, 764, 765, 766, 767, 768, 769, 770, 771, 772, 773, 774, 775, 776, 777, 778, 779, 780, 781, 782, 783, 784, 785, 786, 787, 788, 789, 790, 791, 792, 793]","[238, 702]",[],"[238, 702]","[1, 13, 14, 29, 54, 55, 56, 57, 58, 60, 102, 118, 125, 127, 130, 134, 146, 149, 153, 175, 182, 187, 189, 191, 197, 225, 230, 238, 264, 265, 266, 286, 302, 317, 336, 354, 379, 388, 389, 425, 454, 458, 463, 475, 487, 498, 499, 512, 530, 531, 532, 533, 534, 536, 573, 589, 596, 598, 601, 605, 617, 620, 624, 646, 653, 658, 660, 662, 668, 689, 694, 702, 724, 725, 745, 760, 775, 793, 809, 829, 838, 839, 877, 901, 903, 905, 910, 923]","[1, 13, 14, 29, 54, 55, 56, 57, 58, 60, 102, 118, 125, 127, 130, 134, 146, 149, 153, 175, 182, 187, 189, 191, 197, 225, 230, 238, 264, 265, 266, 286, 302, 317, 336, 379, 388, 389, 425, 454, 458, 463, 475, 487, 498, 499, 512, 530, 531, 532, 533, 534, 536, 573, 589, 596, 598, 601, 605, 617, 620, 624, 646, 653, 658, 660, 662, 668, 689, 694, 702, 724, 725, 745, 760, 775, 793, 829, 838, 839, 877, 901, 903, 905, 910, 923]",7/6 successful match,True,[337],True,321,False,,1.0,True,Pearsonville Truck Stop ( Shell ),Shell
G Pearsonville ( 93527 ) Pearsonville Truck Stop ( Shell ),5 760-377-5353 102 N Pearson Rd ( E of US 395 ),HRS M <U+2610> <U+2610> <U+2610> <U+25A1>,Pearsonville,93527,Pearsonville Truck Stop ( Shell ),760-377-5353,2016,Inyokern,CA,Shell,( E of US 395 ),102 N Pearson Rd,Proper,,False,,False,N Pearson Rd,,,,,"[702, 238]","[238, 702]","[238, 702]",[],"[103, 104, 105, 106, 107, 108, 109, 110, 111, 112, 113, 114, 115, 116, 117, 118, 119, 120, 121, 122, 123, 124, 125, 126, 127, 128, 129, 130, 131, 132, 133, 134, 135, 136, 137, 138, 139, 140, 141, 142, 143, 144, 145, 146, 147, 148, 149, 150, 151, 152, 153, 154, 155, 156, 157, 158, 159, 160, 161, 162, 163, 164, 165, 166, 167, 168, 169, 170, 171, 172, 173, 174, 175, 176, 177, 178, 179, 180, 181, 182, 183, 184, 185, 186, 187, 188, 189, 190, 191, 192, 193, 194, 195, 196, 197, 198, 199, 200, 201, 202, 203, 204, 205, 206, 207, 208, 209, 210, 211, 212, 213, 214, 215, 216, 217, 218, 219, 220, 221, 222, 223, 224, 225, 226, 227, 228, 229, 230, 231, 232, 233, 234, 235, 236, 237, 238, 239, 240, 241, 242, 243, 244, 245, 246, 247, 248, 249, 250, 251, 252, 253, 254, 255, 256, 257, 258, 259, 260, 261, 262, 263, 264, 265, 266, 267, 268, 269, 270, 271, 272, 273, 274, 275, 276, 277, 278, 279, 280, 281, 282, 283, 284, 285, 286, 287, 288, 289, 290, 291, 292, 293, 294, 295, 296, 297, 298, 299, 300, 301, 302, 303, 304, 305, 306, 307, 308, 309, 310, 311, 312, 313, 314, 315, 316, 317, 318, 319, 320, 321, 322, 323, 324, 325, 326, 327, 328, 329, 330, 331, 332, 333, 334, 335, 336, 337, 574, 575, 576, 577, 578, 579, 580, 581, 582, 583, 584, 585, 586, 587, 588, 589, 590, 591, 592, 593, 594, 595, 596, 597, 598, 599, 600, 601, 602, 603, 604, 605, 606, 607, 608, 609, 610, 611, 612, 613, 614, 615, 616, 617, 618, 619, 620, 621, 622, 623, 624, 625, 626, 627, 628, 629, 630, 631, 632, 633, 634, 635, 636, 637, 638, 639, 640, 641, 642, 643, 644, 645, 646, 647, 648, 649, 650, 651, 652, 653, 654, 655, 656, 657, 658, 659, 660, 661, 662, 663, 664, 665, 666, 667, 668, 669, 670, 671, 672, 673, 674, 675, 676, 677, 678, 679, 680, 681, 682, 683, 684, 685, 686, 687, 688, 689, 690, 691, 692, 693, 694, 695, 696, 697, 698, 699, 700, 701, 702, 703, 704, 705, 706, 707, 708, 709, 710, 711, 712, 713, 714, 715, 716, 717, 718, 719, 720, 721, 722, 723, 724, 725, 726, 727, 728, 729, 730, 731, 732, 733, 734, 735, 736, 737, 738, 739, 740, 741, 742, 743, 744, 745, 746, 747, 748, 749, 750, 751, 752, 753, 754, 755, 756, 757, 758, 759, 760, 761, 762, 763, 764, 765, 766, 767, 768, 769, 770, 771, 772, 773, 774, 775, 776, 777, 778, 779, 780, 781, 782, 783, 784, 785, 786, 787, 788, 789, 790, 791, 792, 793]","[238, 702]","[1, 13, 14, 29, 54, 55, 56, 57, 58, 60, 102, 118, 125, 127, 130, 134, 146, 149, 153, 175, 182, 187, 189, 191, 197, 225, 230, 238, 264, 265, 266, 286, 302, 317, 336, 379, 388, 389, 425, 454, 458, 463, 475, 487, 498, 499, 512, 530, 531, 532, 533, 534, 536, 573, 589, 596, 598, 601, 605, 617, 620, 624, 646, 653, 658, 660, 662, 668, 689, 694, 702, 724, 725, 745, 760, 775, 793, 829, 838, 839, 877, 901, 903, 905, 910, 923]","[1, 13, 14, 29, 54, 55, 56, 57, 58, 60, 102, 118, 125, 127, 130, 134, 146, 149, 153, 175, 182, 187, 189, 191, 197, 225, 230, 238, 264, 265, 266, 286, 302, 317, 336, 354, 379, 388, 389, 425, 454, 458, 463, 475, 487, 498, 499, 512, 530, 531, 532, 533, 534, 536, 573, 589, 596, 598, 601, 605, 617, 620, 624, 646, 653, 658, 660, 662, 668, 689, 694, 702, 724, 725, 745, 760, 775, 793, 809, 829, 838, 839, 877, 901, 903, 905, 910, 923]","[1, 13, 14, 29, 54, 55, 56, 57, 58, 60, 102, 103, 104, 105, 106, 107, 108, 109, 110, 111, 112, 113, 114, 115, 116, 117, 118, 119, 120, 121, 122, 123, 124, 125, 126, 127, 128, 129, 130, 131, 132, 133, 134, 135, 136, 137, 138, 139, 140, 141, 142, 143, 144, 145, 146, 147, 148, 149, 150, 151, 152, 153, 154, 155, 156, 157, 158, 159, 160, 161, 162, 163, 164, 165, 166, 167, 168, 169, 170, 171, 172, 173, 174, 175, 176, 177, 178, 179, 180, 181, 182, 183, 184, 185, 186, 187, 188, 189, 190, 191, 192, 193, 194, 195, 196, 197, 198, 199, 200, 201, 202, 203, 204, 205, 206, 207, 208, 209, 210, 211, 212, 213, 214, 215, 216, 217, 218, 219, 220, 221, 222, 223, 224, 225, 226, 227, 228, 229, 230, 231, 232, 233, 234, 235, 236, 237, 238, 239, 240, 241, 242, 243, 244, 245, 246, 247, 248, 249, 250, 251, 252, 253, 254, 255, 256, 257, 258, 259, 260, 261, 262, 263, 264, 265, 266, 267, 268, 269, 270, 271, 272, 273, 274, 275, 276, 277, 278, 279, 280, 281, 282, 283, 284, 285, 286, 287, 288, 289, 290, 291, 292, 293, 294, 295, 296, 297, 298, 299, 300, 301, 302, 303, 304, 305, 306, 307, 308, 309, 310, 311, 312, 313, 314, 315, 316, 317, 318, 319, 320, 321, 322, 323, 324, 325, 326, 327, 328, 329, 330, 331, 332, 333, 334, 335, 336, 337, 354, 379, 388, 389, 425, 454, 458, 463, 475, 487, 498, 499, 512, 530, 531, 532, 533, 534, 536, 573, 574, 575, 576, 577, 578, 579, 580, 581, 582, 583, 584, 585, 586, 587, 588, 589, 590, 591, 592, 593, 594, 595, 596, 597, 598, 599, 600, 601, 602, 603, 604, 605, 606, 607, 608, 609, 610, 611, 612, 613, 614, 615, 616, 617, 618, 619, 620, 621, 622, 623, 624, 625, 626, 627, 628, 629, 630, 631, 632, 633, 634, 635, 636, 637, 638, 639, 640, 641, 642, 643, 644, 645, 646, 647, 648, 649, 650, 651, 652, 653, 654, 655, 656, 657, 658, 659, 660, 661, 662, 663, 664, 665, 666, 667, 668, 669, 670, 671, 672, 673, 674, 675, 676, 677, 678, 679, 680, 681, 682, 683, 684, 685, 686, 687, 688, 689, 690, 691, 692, 693, 694, 695, 696, 697, 698, 699, 700, 701, 702, 703, 704, 705, 706, 707, 708, 709, 710, 711, 712, 713, 714, 715, 716, 717, 718, 719, 720, 721, 722, 723, 724, 725, 726, 727, 728, 729, 730, 731, 732, 733, 734, 735, 736, 737, 738, 739, 740, 741, 742, 743, 744, 745, 746, 747, 748, 749, 750, 751, 752, 753, 754, 755, 756, 757, 758, 759, 760, 761, 762, 763, 764, 765, 766, 767, 768, 769, 770, 771, 772, 773, 774, 775, 776, 777, 778, 779, 780, 781, 782, 783, 784, 785, 786, 787, 788, 789, 790, 791, 792, 793, 809, 829, 838, 839, 877, 901, 903, 905, 910, 923]",True,"[238, 702]","[103, 104, 105, 106, 107, 108, 109, 110, 111, 112, 113, 114, 115, 116, 117, 118, 119, 120, 121, 122, 123, 124, 125, 126, 127, 128, 129, 130, 131, 132, 133, 134, 135, 136, 137, 138, 139, 140, 141, 142, 143, 144, 145, 146, 147, 148, 149, 150, 151, 152, 153, 154, 155, 156, 157, 158, 159, 160, 161, 162, 163, 164, 165, 166, 167, 168, 169, 170, 171, 172, 173, 174, 175, 176, 177, 178, 179, 180, 181, 182, 183, 184, 185, 186, 187, 188, 189, 190, 191, 192, 193, 194, 195, 196, 197, 198, 199, 200, 201, 202, 203, 204, 205, 206, 207, 208, 209, 210, 211, 212, 213, 214, 215, 216, 217, 218, 219, 220, 221, 222, 223, 224, 225, 226, 227, 228, 229, 230, 231, 232, 233, 234, 235, 236, 237, 238, 239, 240, 241, 242, 243, 244, 245, 246, 247, 248, 249, 250, 251, 252, 253, 254, 255, 256, 257, 258, 259, 260, 261, 262, 263, 264, 265, 266, 267, 268, 269, 270, 271, 272, 273, 274, 275, 276, 277, 278, 279, 280, 281, 282, 283, 284, 285, 286, 287, 288, 289, 290, 291, 292, 293, 294, 295, 296, 297, 298, 299, 300, 301, 302, 303, 304, 305, 306, 307, 308, 309, 310, 311, 312, 313, 314, 315, 316, 317, 318, 319, 320, 321, 322, 323, 324, 325, 326, 327, 328, 329, 330, 331, 332, 333, 334, 335, 336, 337, 574, 575, 576, 577, 578, 579, 580, 581, 582, 583, 584, 585, 586, 587, 588, 589, 590, 591, 592, 593, 594, 595, 596, 597, 598, 599, 600, 601, 602, 603, 604, 605, 606, 607, 608, 609, 610, 611, 612, 613, 614, 615, 616, 617, 618, 619, 620, 621, 622, 623, 624, 625, 626, 627, 628, 629, 630, 631, 632, 633, 634, 635, 636, 637, 638, 639, 640, 641, 642, 643, 644, 645, 646, 647, 648, 649, 650, 651, 652, 653, 654, 655, 656, 657, 658, 659, 660, 661, 662, 663, 664, 665, 666, 667, 668, 669, 670, 671, 672, 673, 674, 675, 676, 677, 678, 679, 680, 681, 682, 683, 684, 685, 686, 687, 688, 689, 690, 691, 692, 693, 694, 695, 696, 697, 698, 699, 700, 701, 702, 703, 704, 705, 706, 707, 708, 709, 710, 711, 712, 713, 714, 715, 716, 717, 718, 719, 720, 721, 722, 723, 724, 725, 726, 727, 728, 729, 730, 731, 732, 733, 734, 735, 736, 737, 738, 739, 740, 741, 742, 743, 744, 745, 746, 747, 748, 749, 750, 751, 752, 753, 754, 755, 756, 757, 758, 759, 760, 761, 762, 763, 764, 765, 766, 767, 768, 769, 770, 771, 772, 773, 774, 775, 776, 777, 778, 779, 780, 781, 782, 783, 784, 785, 786, 787, 788, 789, 790, 791, 792, 793]","[238, 702]",[],"[238, 702]","[1, 13, 14, 29, 54, 55, 56, 57, 58, 60, 102, 118, 125, 127, 130, 134, 146, 149, 153, 175, 182, 187, 189, 191, 197, 225, 230, 238, 264, 265, 266, 286, 302, 317, 336, 354, 379, 388, 389, 425, 454, 458, 463, 475, 487, 498, 499, 512, 530, 531, 532, 533, 534, 536, 573, 589, 596, 598, 601, 605, 617, 620, 624, 646, 653, 658, 660, 662, 668, 689, 694, 702, 724, 725, 745, 760, 775, 793, 809, 829, 838, 839, 877, 901, 903, 905, 910, 923]","[1, 13, 14, 29, 54, 55, 56, 57, 58, 60, 102, 118, 125, 127, 130, 134, 146, 149, 153, 175, 182, 187, 189, 191, 197, 225, 230, 238, 264, 265, 266, 286, 302, 317, 336, 379, 388, 389, 425, 454, 458, 463, 475, 487, 498, 499, 512, 530, 531, 532, 533, 534, 536, 573, 589, 596, 598, 601, 605, 617, 620, 624, 646, 653, 658, 660, 662, 668, 689, 694, 702, 724, 725, 745, 760, 775, 793, 829, 838, 839, 877, 901, 903, 905, 910, 923]",7/6 successful match,True,[337],True,321,False,,1.0,True,Pearsonville Truck Stop ( Shell ),Shell
"Pearblossom , 93553 Pearblossom Chevron",661-944-0455 13030 CA 138,24 L <U+2610>,Pearblossom,93553,Pearblossom Chevron,661-944-0455,2006,Pearblossom,CA,Chevron,,13030 CA 138,Proper,,False,,False,CA 138,,,,,"[237, 701]","[237, 701]","[237, 701]",[],"[103, 104, 105, 106, 107, 108, 109, 110, 111, 112, 113, 114, 115, 116, 117, 118, 119, 120, 121, 122, 123, 124, 125, 126, 127, 128, 129, 130, 131, 132, 133, 134, 135, 136, 137, 138, 139, 140, 141, 142, 143, 144, 145, 146, 147, 148, 149, 150, 151, 152, 153, 154, 155, 156, 157, 158, 159, 160, 161, 162, 163, 164, 165, 166, 167, 168, 169, 170, 171, 172, 173, 174, 175, 176, 177, 178, 179, 180, 181, 182, 183, 184, 185, 186, 187, 188, 189, 190, 191, 192, 193, 194, 195, 196, 197, 198, 199, 200, 201, 202, 203, 204, 205, 206, 207, 208, 209, 210, 211, 212, 213, 214, 215, 216, 217, 218, 219, 220, 221, 222, 223, 224, 225, 226, 227, 228, 229, 230, 231, 232, 233, 234, 235, 236, 237, 238, 239, 240, 241, 242, 243, 244, 245, 246, 247, 248, 249, 250, 251, 252, 253, 254, 255, 256, 257, 258, 259, 260, 261, 262, 263, 264, 265, 266, 267, 268, 269, 270, 271, 272, 273, 274, 275, 276, 277, 278, 279, 280, 281, 282, 283, 284, 285, 286, 287, 288, 289, 290, 291, 292, 293, 294, 295, 296, 297, 298, 299, 300, 301, 302, 303, 304, 305, 306, 307, 308, 309, 310, 311, 312, 313, 314, 315, 316, 317, 318, 319, 320, 321, 322, 323, 324, 325, 326, 327, 328, 329, 330, 331, 332, 333, 334, 335, 336, 337, 574, 575, 576, 577, 578, 579, 580, 581, 582, 583, 584, 585, 586, 587, 588, 589, 590, 591, 592, 593, 594, 595, 596, 597, 598, 599, 600, 601, 602, 603, 604, 605, 606, 607, 608, 609, 610, 611, 612, 613, 614, 615, 616, 617, 618, 619, 620, 621, 622, 623, 624, 625, 626, 627, 628, 629, 630, 631, 632, 633, 634, 635, 636, 637, 638, 639, 640, 641, 642, 643, 644, 645, 646, 647, 648, 649, 650, 651, 652, 653, 654, 655, 656, 657, 658, 659, 660, 661, 662, 663, 664, 665, 666, 667, 668, 669, 670, 671, 672, 673, 674, 675, 676, 677, 678, 679, 680, 681, 682, 683, 684, 685, 686, 687, 688, 689, 690, 691, 692, 693, 694, 695, 696, 697, 698, 699, 700, 701, 702, 703, 704, 705, 706, 707, 708, 709, 710, 711, 712, 713, 714, 715, 716, 717, 718, 719, 720, 721, 722, 723, 724, 725, 726, 727, 728, 729, 730, 731, 732, 733, 734, 735, 736, 737, 738, 739, 740, 741, 742, 743, 744, 745, 746, 747, 748, 749, 750, 751, 752, 753, 754, 755, 756, 757, 758, 759, 760, 761, 762, 763, 764, 765, 766, 767, 768, 769, 770, 771, 772, 773, 774, 775, 776, 777, 778, 779, 780, 781, 782, 783, 784, 785, 786, 787, 788, 789, 790, 791, 792, 793]","[103, 104, 106, 117, 118, 120, 127, 128, 129, 131, 133, 135, 136, 137, 139, 146, 147, 148, 149, 151, 158, 160, 162, 166, 173, 178, 179, 185, 190, 192, 198, 201, 203, 204, 206, 207, 212, 213, 214, 219, 223, 224, 225, 227, 230, 235, 237, 246, 247, 256, 259, 262, 263, 266, 268, 269, 271, 272, 278, 279, 284, 285, 288, 290, 292, 304, 312, 316, 319, 320, 323, 324, 332, 574, 575, 588, 591, 607, 608, 610, 618, 619, 620, 622, 632, 644, 649, 650, 656, 661, 663, 669, 674, 677, 683, 684, 687, 688, 689, 701, 710, 723, 730, 731, 738, 747, 751, 762, 774, 778, 789]","[12, 24, 25, 28, 88, 100, 104, 119, 123, 129, 136, 137, 139, 140, 141, 148, 155, 169, 172, 179, 183, 185, 188, 196, 198, 217, 237, 267, 270, 278, 319, 321, 324, 325, 330, 334, 335, 354, 366, 369, 380, 383, 384, 386, 395, 407, 411, 423, 428, 436, 437, 452, 453, 456, 467, 471, 477, 478, 479, 497, 508, 511, 559, 571, 575, 590, 594, 600, 607, 608, 610, 611, 612, 619, 627, 640, 643, 650, 654, 656, 659, 667, 669, 685, 701, 726, 729, 737, 777, 779, 782, 783, 787, 790, 791, 809, 817, 819, 830, 833, 834, 836, 845, 856, 857, 860, 862, 875, 880, 887, 888, 899, 900, 914, 918, 921, 928, 929, 930]","[12, 24, 25, 28, 88, 100, 104, 119, 123, 129, 136, 137, 139, 140, 141, 148, 155, 169, 172, 179, 183, 185, 188, 196, 198, 217, 237, 267, 270, 278, 319, 321, 324, 325, 330, 334, 335, 354, 366, 369, 380, 383, 384, 386, 395, 407, 411, 423, 428, 436, 437, 452, 453, 456, 467, 471, 477, 478, 479, 497, 508, 511, 559, 571, 575, 590, 594, 600, 607, 608, 610, 611, 612, 619, 627, 640, 643, 650, 654, 656, 659, 667, 669, 685, 701, 726, 729, 737, 777, 779, 782, 783, 787, 790, 791, 809, 817, 819, 830, 833, 834, 836, 845, 856, 857, 860, 862, 875, 880, 887, 888, 899, 900, 914, 918, 921, 928, 929, 930]","[12, 24, 25, 28, 88, 100, 103, 104, 105, 106, 107, 108, 109, 110, 111, 112, 113, 114, 115, 116, 117, 118, 119, 120, 121, 122, 123, 124, 125, 126, 127, 128, 129, 130, 131, 132, 133, 134, 135, 136, 137, 138, 139, 140, 141, 142, 143, 144, 145, 146, 147, 148, 149, 150, 151, 152, 153, 154, 155, 156, 157, 158, 159, 160, 161, 162, 163, 164, 165, 166, 167, 168, 169, 170, 171, 172, 173, 174, 175, 176, 177, 178, 179, 180, 181, 182, 183, 184, 185, 186, 187, 188, 189, 190, 191, 192, 193, 194, 195, 196, 197, 198, 199, 200, 201, 202, 203, 204, 205, 206, 207, 208, 209, 210, 211, 212, 213, 214, 215, 216, 217, 218, 219, 220, 221, 222, 223, 224, 225, 226, 227, 228, 229, 230, 231, 232, 233, 234, 235, 236, 237, 238, 239, 240, 241, 242, 243, 244, 245, 246, 247, 248, 249, 250, 251, 252, 253, 254, 255, 256, 257, 258, 259, 260, 261, 262, 263, 264, 265, 266, 267, 268, 269, 270, 271, 272, 273, 274, 275, 276, 277, 278, 279, 280, 281, 282, 283, 284, 285, 286, 287, 288, 289, 290, 291, 292, 293, 294, 295, 296, 297, 298, 299, 300, 301, 302, 303, 304, 305, 306, 307, 308, 309, 310, 311, 312, 313, 314, 315, 316, 317, 318, 319, 320, 321, 322, 323, 324, 325, 326, 327, 328, 329, 330, 331, 332, 333, 334, 335, 336, 337, 354, 366, 369, 380, 383, 384, 386, 395, 407, 411, 423, 428, 436, 437, 452, 453, 456, 467, 471, 477, 478, 479, 497, 508, 511, 559, 571, 574, 575, 576, 577, 578, 579, 580, 581, 582, 583, 584, 585, 586, 587, 588, 589, 590, 591, 592, 593, 594, 595, 596, 597, 598, 599, 600, 601, 602, 603, 604, 605, 606, 607, 608, 609, 610, 611, 612, 613, 614, 615, 616, 617, 618, 619, 620, 621, 622, 623, 624, 625, 626, 627, 628, 629, 630, 631, 632, 633, 634, 635, 636, 637, 638, 639, 640, 641, 642, 643, 644, 645, 646, 647, 648, 649, 650, 651, 652, 653, 654, 655, 656, 657, 658, 659, 660, 661, 662, 663, 664, 665, 666, 667, 668, 669, 670, 671, 672, 673, 674, 675, 676, 677, 678, 679, 680, 681, 682, 683, 684, 685, 686, 687, 688, 689, 690, 691, 692, 693, 694, 695, 696, 697, 698, 699, 700, 701, 702, 703, 704, 705, 706, 707, 708, 709, 710, 711, 712, 713, 714, 715, 716, 717, 718, 719, 720, 721, 722, 723, 724, 725, 726, 727, 728, 729, 730, 731, 732, 733, 734, 735, 736, 737, 738, 739, 740, 741, 742, 743, 744, 745, 746, 747, 748, 749, 750, 751, 752, 753, 754, 755, 756, 757, 758, 759, 760, 761, 762, 763, 764, 765, 766, 767, 768, 769, 770, 771, 772, 773, 774, 775, 776, 777, 778, 779, 780, 781, 782, 783, 784, 785, 786, 787, 788, 789, 790, 791, 792, 793, 809, 817, 819, 830, 833, 834, 836, 845, 856, 857, 860, 862, 875, 880, 887, 888, 899, 900, 914, 918, 921, 928, 929, 930]",True,"[237, 701]","[103, 104, 105, 106, 107, 108, 109, 110, 111, 112, 113, 114, 115, 116, 117, 118, 119, 120, 121, 122, 123, 124, 125, 126, 127, 128, 129, 130, 131, 132, 133, 134, 135, 136, 137, 138, 139, 140, 141, 142, 143, 144, 145, 146, 147, 148, 149, 150, 151, 152, 153, 154, 155, 156, 157, 158, 159, 160, 161, 162, 163, 164, 165, 166, 167, 168, 169, 170, 171, 172, 173, 174, 175, 176, 177, 178, 179, 180, 181, 182, 183, 184, 185, 186, 187, 188, 189, 190, 191, 192, 193, 194, 195, 196, 197, 198, 199, 200, 201, 202, 203, 204, 205, 206, 207, 208, 209, 210, 211, 212, 213, 214, 215, 216, 217, 218, 219, 220, 221, 222, 223, 224, 225, 226, 227, 228, 229, 230, 231, 232, 233, 234, 235, 236, 237, 238, 239, 240, 241, 242, 243, 244, 245, 246, 247, 248, 249, 250, 251, 252, 253, 254, 255, 256, 257, 258, 259, 260, 261, 262, 263, 264, 265, 266, 267, 268, 269, 270, 271, 272, 273, 274, 275, 276, 277, 278, 279, 280, 281, 282, 283, 284, 285, 286, 287, 288, 289, 290, 291, 292, 293, 294, 295, 296, 297, 298, 299, 300, 301, 302, 303, 304, 305, 306, 307, 308, 309, 310, 311, 312, 313, 314, 315, 316, 317, 318, 319, 320, 321, 322, 323, 324, 325, 326, 327, 328, 329, 330, 331, 332, 333, 334, 335, 336, 337, 574, 575, 576, 577, 578, 579, 580, 581, 582, 583, 584, 585, 586, 587, 588, 589, 590, 591, 592, 593, 594, 595, 596, 597, 598, 599, 600, 601, 602, 603, 604, 605, 606, 607, 608, 609, 610, 611, 612, 613, 614, 615, 616, 617, 618, 619, 620, 621, 622, 623, 624, 625, 626, 627, 628, 629, 630, 631, 632, 633, 634, 635, 636, 637, 638, 639, 640, 641, 642, 643, 644, 645, 646, 647, 648, 649, 650, 651, 652, 653, 654, 655, 656, 657, 658, 659, 660, 661, 662, 663, 664, 665, 666, 667, 668, 669, 670, 671, 672, 673, 674, 675, 676, 677, 678, 679, 680, 681, 682, 683, 684, 685, 686, 687, 688, 689, 690, 691, 692, 693, 694, 695, 696, 697, 698, 699, 700, 701, 702, 703, 704, 705, 706, 707, 708, 709, 710, 711, 712, 713, 714, 715, 716, 717, 718, 719, 720, 721, 722, 723, 724, 725, 726, 727, 728, 729, 730, 731, 732, 733, 734, 735, 736, 737, 738, 739, 740, 741, 742, 743, 744, 745, 746, 747, 748, 749, 750, 751, 752, 753, 754, 755, 756, 757, 758, 759, 760, 761, 762, 763, 764, 765, 766, 767, 768, 769, 770, 771, 772, 773, 774, 775, 776, 777, 778, 779, 780, 781, 782, 783, 784, 785, 786, 787, 788, 789, 790, 791, 792, 793]","[237, 701]",[],"[103, 104, 106, 117, 118, 120, 127, 128, 129, 131, 133, 135, 136, 137, 139, 146, 147, 148, 149, 151, 158, 160, 162, 166, 173, 178, 179, 185, 190, 192, 198, 201, 203, 204, 206, 207, 212, 213, 214, 219, 223, 224, 225, 227, 230, 235, 237, 246, 247, 256, 259, 262, 263, 266, 268, 269, 271, 272, 278, 279, 284, 285, 288, 290, 292, 304, 312, 316, 319, 320, 323, 324, 332, 574, 575, 588, 591, 607, 608, 610, 618, 619, 620, 622, 632, 644, 649, 650, 656, 661, 663, 669, 674, 677, 683, 684, 687, 688, 689, 701, 710, 723, 730, 731, 738, 747, 751, 762, 774, 778, 789]","[12, 24, 25, 28, 88, 100, 104, 119, 123, 129, 136, 137, 139, 140, 141, 148, 155, 169, 172, 179, 183, 185, 188, 196, 198, 217, 237, 267, 270, 278, 319, 321, 324, 325, 330, 334, 335, 354, 366, 369, 380, 383, 384, 386, 395, 407, 411, 423, 428, 436, 437, 452, 453, 456, 467, 471, 477, 478, 479, 497, 508, 511, 559, 571, 575, 590, 594, 600, 607, 608, 610, 611, 612, 619, 627, 640, 643, 650, 654, 656, 659, 667, 669, 685, 701, 726, 729, 737, 777, 779, 782, 783, 787, 790, 791, 809, 817, 819, 830, 833, 834, 836, 845, 856, 857, 860, 862, 875, 880, 887, 888, 899, 900, 914, 918, 921, 928, 929, 930]","[12, 24, 25, 28, 88, 100, 104, 119, 123, 129, 136, 137, 139, 140, 141, 148, 155, 169, 172, 179, 183, 185, 188, 196, 198, 217, 237, 267, 270, 278, 319, 321, 324, 325, 330, 334, 335, 354, 366, 369, 380, 383, 384, 386, 395, 407, 411, 423, 428, 436, 437, 452, 453, 456, 467, 471, 477, 478, 479, 497, 508, 511, 559, 571, 575, 590, 594, 600, 607, 608, 610, 611, 612, 619, 627, 640, 643, 650, 654, 656, 659, 667, 669, 685, 701, 726, 729, 737, 777, 779, 782, 783, 787, 790, 791, 809, 817, 819, 830, 833, 834, 836, 845, 856, 857, 860, 862, 875, 880, 887, 888, 899, 900, 914, 918, 921, 928, 929, 930]",7/6 successful match,True,[231],True,322,False,,,,,
"Pearblossom , 93553 Pearblossom Chevron of CA 46 )",661-944-0455 13030 CA 138,FRS L,Pearblossom,93553,Pearblossom Chevron of CA 46 ),661-944-0455,2007,Pearblossom,CA,Chevron,,13030 CA 138,Proper,,False,,False,CA 138,,,,,"[237, 701]","[237, 701]","[237, 701]",[],"[103, 104, 105, 106, 107, 108, 109, 110, 111, 112, 113, 114, 115, 116, 117, 118, 119, 120, 121, 122, 123, 124, 125, 126, 127, 128, 129, 130, 131, 132, 133, 134, 135, 136, 137, 138, 139, 140, 141, 142, 143, 144, 145, 146, 147, 148, 149, 150, 151, 152, 153, 154, 155, 156, 157, 158, 159, 160, 161, 162, 163, 164, 165, 166, 167, 168, 169, 170, 171, 172, 173, 174, 175, 176, 177, 178, 179, 180, 181, 182, 183, 184, 185, 186, 187, 188, 189, 190, 191, 192, 193, 194, 195, 196, 197, 198, 199, 200, 201, 202, 203, 204, 205, 206, 207, 208, 209, 210, 211, 212, 213, 214, 215, 216, 217, 218, 219, 220, 221, 222, 223, 224, 225, 226, 227, 228, 229, 230, 231, 232, 233, 234, 235, 236, 237, 238, 239, 240, 241, 242, 243, 244, 245, 246, 247, 248, 249, 250, 251, 252, 253, 254, 255, 256, 257, 258, 259, 260, 261, 262, 263, 264, 265, 266, 267, 268, 269, 270, 271, 272, 273, 274, 275, 276, 277, 278, 279, 280, 281, 282, 283, 284, 285, 286, 287, 288, 289, 290, 291, 292, 293, 294, 295, 296, 297, 298, 299, 300, 301, 302, 303, 304, 305, 306, 307, 308, 309, 310, 311, 312, 313, 314, 315, 316, 317, 318, 319, 320, 321, 322, 323, 324, 325, 326, 327, 328, 329, 330, 331, 332, 333, 334, 335, 336, 337, 574, 575, 576, 577, 578, 579, 580, 581, 582, 583, 584, 585, 586, 587, 588, 589, 590, 591, 592, 593, 594, 595, 596, 597, 598, 599, 600, 601, 602, 603, 604, 605, 606, 607, 608, 609, 610, 611, 612, 613, 614, 615, 616, 617, 618, 619, 620, 621, 622, 623, 624, 625, 626, 627, 628, 629, 630, 631, 632, 633, 634, 635, 636, 637, 638, 639, 640, 641, 642, 643, 644, 645, 646, 647, 648, 649, 650, 651, 652, 653, 654, 655, 656, 657, 658, 659, 660, 661, 662, 663, 664, 665, 666, 667, 668, 669, 670, 671, 672, 673, 674, 675, 676, 677, 678, 679, 680, 681, 682, 683, 684, 685, 686, 687, 688, 689, 690, 691, 692, 693, 694, 695, 696, 697, 698, 699, 700, 701, 702, 703, 704, 705, 706, 707, 708, 709, 710, 711, 712, 713, 714, 715, 716, 717, 718, 719, 720, 721, 722, 723, 724, 725, 726, 727, 728, 729, 730, 731, 732, 733, 734, 735, 736, 737, 738, 739, 740, 741, 742, 743, 744, 745, 746, 747, 748, 749, 750, 751, 752, 753, 754, 755, 756, 757, 758, 759, 760, 761, 762, 763, 764, 765, 766, 767, 768, 769, 770, 771, 772, 773, 774, 775, 776, 777, 778, 779, 780, 781, 782, 783, 784, 785, 786, 787, 788, 789, 790, 791, 792, 793]","[103, 104, 106, 117, 118, 120, 127, 128, 129, 131, 133, 135, 136, 137, 139, 146, 147, 148, 149, 151, 158, 160, 162, 166, 173, 178, 179, 185, 190, 192, 198, 201, 203, 204, 206, 207, 212, 213, 214, 219, 223, 224, 225, 227, 230, 235, 237, 246, 247, 256, 259, 262, 263, 266, 268, 269, 271, 272, 278, 279, 284, 285, 288, 290, 292, 304, 312, 316, 319, 320, 323, 324, 332, 574, 575, 588, 591, 607, 608, 610, 618, 619, 620, 622, 632, 644, 649, 650, 656, 661, 663, 669, 674, 677, 683, 684, 687, 688, 689, 701, 710, 723, 730, 731, 738, 747, 751, 762, 774, 778, 789]","[12, 24, 25, 28, 88, 100, 104, 119, 123, 129, 136, 137, 139, 140, 141, 148, 155, 169, 172, 179, 183, 185, 188, 196, 198, 217, 237, 267, 270, 278, 319, 321, 324, 325, 330, 334, 335, 354, 366, 369, 380, 383, 384, 386, 395, 407, 411, 423, 428, 436, 437, 452, 453, 456, 467, 471, 477, 478, 479, 497, 508, 511, 559, 571, 575, 590, 594, 600, 607, 608, 610, 611, 612, 619, 627, 640, 643, 650, 654, 656, 659, 667, 669, 685, 701, 726, 729, 737, 777, 779, 782, 783, 787, 790, 791, 809, 817, 819, 830, 833, 834, 836, 845, 856, 857, 860, 862, 875, 880, 887, 888, 899, 900, 914, 918, 921, 928, 929, 930]","[12, 24, 25, 28, 88, 100, 104, 119, 123, 129, 136, 137, 139, 140, 141, 148, 155, 169, 172, 179, 183, 185, 188, 196, 198, 217, 237, 267, 270, 278, 319, 321, 324, 325, 330, 334, 335, 354, 366, 369, 380, 383, 384, 386, 395, 407, 411, 423, 428, 436, 437, 452, 453, 456, 467, 471, 477, 478, 479, 497, 508, 511, 559, 571, 575, 590, 594, 600, 607, 608, 610, 611, 612, 619, 627, 640, 643, 650, 654, 656, 659, 667, 669, 685, 701, 726, 729, 737, 777, 779, 782, 783, 787, 790, 791, 809, 817, 819, 830, 833, 834, 836, 845, 856, 857, 860, 862, 875, 880, 887, 888, 899, 900, 914, 918, 921, 928, 929, 930]","[12, 24, 25, 28, 88, 100, 103, 104, 105, 106, 107, 108, 109, 110, 111, 112, 113, 114, 115, 116, 117, 118, 119, 120, 121, 122, 123, 124, 125, 126, 127, 128, 129, 130, 131, 132, 133, 134, 135, 136, 137, 138, 139, 140, 141, 142, 143, 144, 145, 146, 147, 148, 149, 150, 151, 152, 153, 154, 155, 156, 157, 158, 159, 160, 161, 162, 163, 164, 165, 166, 167, 168, 169, 170, 171, 172, 173, 174, 175, 176, 177, 178, 179, 180, 181, 182, 183, 184, 185, 186, 187, 188, 189, 190, 191, 192, 193, 194, 195, 196, 197, 198, 199, 200, 201, 202, 203, 204, 205, 206, 207, 208, 209, 210, 211, 212, 213, 214, 215, 216, 217, 218, 219, 220, 221, 222, 223, 224, 225, 226, 227, 228, 229, 230, 231, 232, 233, 234, 235, 236, 237, 238, 239, 240, 241, 242, 243, 244, 245, 246, 247, 248, 249, 250, 251, 252, 253, 254, 255, 256, 257, 258, 259, 260, 261, 262, 263, 264, 265, 266, 267, 268, 269, 270, 271, 272, 273, 274, 275, 276, 277, 278, 279, 280, 281, 282, 283, 284, 285, 286, 287, 288, 289, 290, 291, 292, 293, 294, 295, 296, 297, 298, 299, 300, 301, 302, 303, 304, 305, 306, 307, 308, 309, 310, 311, 312, 313, 314, 315, 316, 317, 318, 319, 320, 321, 322, 323, 324, 325, 326, 327, 328, 329, 330, 331, 332, 333, 334, 335, 336, 337, 354, 366, 369, 380, 383, 384, 386, 395, 407, 411, 423, 428, 436, 437, 452, 453, 456, 467, 471, 477, 478, 479, 497, 508, 511, 559, 571, 574, 575, 576, 577, 578, 579, 580, 581, 582, 583, 584, 585, 586, 587, 588, 589, 590, 591, 592, 593, 594, 595, 596, 597, 598, 599, 600, 601, 602, 603, 604, 605, 606, 607, 608, 609, 610, 611, 612, 613, 614, 615, 616, 617, 618, 619, 620, 621, 622, 623, 624, 625, 626, 627, 628, 629, 630, 631, 632, 633, 634, 635, 636, 637, 638, 639, 640, 641, 642, 643, 644, 645, 646, 647, 648, 649, 650, 651, 652, 653, 654, 655, 656, 657, 658, 659, 660, 661, 662, 663, 664, 665, 666, 667, 668, 669, 670, 671, 672, 673, 674, 675, 676, 677, 678, 679, 680, 681, 682, 683, 684, 685, 686, 687, 688, 689, 690, 691, 692, 693, 694, 695, 696, 697, 698, 699, 700, 701, 702, 703, 704, 705, 706, 707, 708, 709, 710, 711, 712, 713, 714, 715, 716, 717, 718, 719, 720, 721, 722, 723, 724, 725, 726, 727, 728, 729, 730, 731, 732, 733, 734, 735, 736, 737, 738, 739, 740, 741, 742, 743, 744, 745, 746, 747, 748, 749, 750, 751, 752, 753, 754, 755, 756, 757, 758, 759, 760, 761, 762, 763, 764, 765, 766, 767, 768, 769, 770, 771, 772, 773, 774, 775, 776, 777, 778, 779, 780, 781, 782, 783, 784, 785, 786, 787, 788, 789, 790, 791, 792, 793, 809, 817, 819, 830, 833, 834, 836, 845, 856, 857, 860, 862, 875, 880, 887, 888, 899, 900, 914, 918, 921, 928, 929, 930]",True,"[237, 701]","[103, 104, 105, 106, 107, 108, 109, 110, 111, 112, 113, 114, 115, 116, 117, 118, 119, 120, 121, 122, 123, 124, 125, 126, 127, 128, 129, 130, 131, 132, 133, 134, 135, 136, 137, 138, 139, 140, 141, 142, 143, 144, 145, 146, 147, 148, 149, 150, 151, 152, 153, 154, 155, 156, 157, 158, 159, 160, 161, 162, 163, 164, 165, 166, 167, 168, 169, 170, 171, 172, 173, 174, 175, 176, 177, 178, 179, 180, 181, 182, 183, 184, 185, 186, 187, 188, 189, 190, 191, 192, 193, 194, 195, 196, 197, 198, 199, 200, 201, 202, 203, 204, 205, 206, 207, 208, 209, 210, 211, 212, 213, 214, 215, 216, 217, 218, 219, 220, 221, 222, 223, 224, 225, 226, 227, 228, 229, 230, 231, 232, 233, 234, 235, 236, 237, 238, 239, 240, 241, 242, 243, 244, 245, 246, 247, 248, 249, 250, 251, 252, 253, 254, 255, 256, 257, 258, 259, 260, 261, 262, 263, 264, 265, 266, 267, 268, 269, 270, 271, 272, 273, 274, 275, 276, 277, 278, 279, 280, 281, 282, 283, 284, 285, 286, 287, 288, 289, 290, 291, 292, 293, 294, 295, 296, 297, 298, 299, 300, 301, 302, 303, 304, 305, 306, 307, 308, 309, 310, 311, 312, 313, 314, 315, 316, 317, 318, 319, 320, 321, 322, 323, 324, 325, 326, 327, 328, 329, 330, 331, 332, 333, 334, 335, 336, 337, 574, 575, 576, 577, 578, 579, 580, 581, 582, 583, 584, 585, 586, 587, 588, 589, 590, 591, 592, 593, 594, 595, 596, 597, 598, 599, 600, 601, 602, 603, 604, 605, 606, 607, 608, 609, 610, 611, 612, 613, 614, 615, 616, 617, 618, 619, 620, 621, 622, 623, 624, 625, 626, 627, 628, 629, 630, 631, 632, 633, 634, 635, 636, 637, 638, 639, 640, 641, 642, 643, 644, 645, 646, 647, 648, 649, 650, 651, 652, 653, 654, 655, 656, 657, 658, 659, 660, 661, 662, 663, 664, 665, 666, 667, 668, 669, 670, 671, 672, 673, 674, 675, 676, 677, 678, 679, 680, 681, 682, 683, 684, 685, 686, 687, 688, 689, 690, 691, 692, 693, 694, 695, 696, 697, 698, 699, 700, 701, 702, 703, 704, 705, 706, 707, 708, 709, 710, 711, 712, 713, 714, 715, 716, 717, 718, 719, 720, 721, 722, 723, 724, 725, 726, 727, 728, 729, 730, 731, 732, 733, 734, 735, 736, 737, 738, 739, 740, 741, 742, 743, 744, 745, 746, 747, 748, 749, 750, 751, 752, 753, 754, 755, 756, 757, 758, 759, 760, 761, 762, 763, 764, 765, 766, 767, 768, 769, 770, 771, 772, 773, 774, 775, 776, 777, 778, 779, 780, 781, 782, 783, 784, 785, 786, 787, 788, 789, 790, 791, 792, 793]","[237, 701]",[],"[103, 104, 106, 117, 118, 120, 127, 128, 129, 131, 133, 135, 136, 137, 139, 146, 147, 148, 149, 151, 158, 160, 162, 166, 173, 178, 179, 185, 190, 192, 198, 201, 203, 204, 206, 207, 212, 213, 214, 219, 223, 224, 225, 227, 230, 235, 237, 246, 247, 256, 259, 262, 263, 266, 268, 269, 271, 272, 278, 279, 284, 285, 288, 290, 292, 304, 312, 316, 319, 320, 323, 324, 332, 574, 575, 588, 591, 607, 608, 610, 618, 619, 620, 622, 632, 644, 649, 650, 656, 661, 663, 669, 674, 677, 683, 684, 687, 688, 689, 701, 710, 723, 730, 731, 738, 747, 751, 762, 774, 778, 789]","[12, 24, 25, 28, 88, 100, 104, 119, 123, 129, 136, 137, 139, 140, 141, 148, 155, 169, 172, 179, 183, 185, 188, 196, 198, 217, 237, 267, 270, 278, 319, 321, 324, 325, 330, 334, 335, 354, 366, 369, 380, 383, 384, 386, 395, 407, 411, 423, 428, 436, 437, 452, 453, 456, 467, 471, 477, 478, 479, 497, 508, 511, 559, 571, 575, 590, 594, 600, 607, 608, 610, 611, 612, 619, 627, 640, 643, 650, 654, 656, 659, 667, 669, 685, 701, 726, 729, 737, 777, 779, 782, 783, 787, 790, 791, 809, 817, 819, 830, 833, 834, 836, 845, 856, 857, 860, 862, 875, 880, 887, 888, 899, 900, 914, 918, 921, 928, 929, 930]","[12, 24, 25, 28, 88, 100, 104, 119, 123, 129, 136, 137, 139, 140, 141, 148, 155, 169, 172, 179, 183, 185, 188, 196, 198, 217, 237, 267, 270, 278, 319, 321, 324, 325, 330, 334, 335, 354, 366, 369, 380, 383, 384, 386, 395, 407, 411, 423, 428, 436, 437, 452, 453, 456, 467, 471, 477, 478, 479, 497, 508, 511, 559, 571, 575, 590, 594, 600, 607, 608, 610, 611, 612, 619, 627, 640, 643, 650, 654, 656, 659, 667, 669, 685, 701, 726, 729, 737, 777, 779, 782, 783, 787, 790, 791, 809, 817, 819, 830, 833, 834, 836, 845, 856, 857, 860, 862, 875, 880, 887, 888, 899, 900, 914, 918, 921, 928, 929, 930]",7/6 successful match,True,[231],True,322,False,,0.7326530612244897,True,Pearblossom Chevron,Chevron
"Pearblossom , 93553 Pearblossom Chevron ( Chevron / CFN )",5 661-944-0455 13030 CA 138,24 D B,Pearblossom,93553,Pearblossom Chevron ( Chevron / CFN ),661-944-0455,2008,Pearblossom,CA,Chevron,,13030 CA 138,Proper,,False,,False,CA 138,,,,,"[237, 701]","[237, 701]","[237, 701]",[],"[103, 104, 105, 106, 107, 108, 109, 110, 111, 112, 113, 114, 115, 116, 117, 118, 119, 120, 121, 122, 123, 124, 125, 126, 127, 128, 129, 130, 131, 132, 133, 134, 135, 136, 137, 138, 139, 140, 141, 142, 143, 144, 145, 146, 147, 148, 149, 150, 151, 152, 153, 154, 155, 156, 157, 158, 159, 160, 161, 162, 163, 164, 165, 166, 167, 168, 169, 170, 171, 172, 173, 174, 175, 176, 177, 178, 179, 180, 181, 182, 183, 184, 185, 186, 187, 188, 189, 190, 191, 192, 193, 194, 195, 196, 197, 198, 199, 200, 201, 202, 203, 204, 205, 206, 207, 208, 209, 210, 211, 212, 213, 214, 215, 216, 217, 218, 219, 220, 221, 222, 223, 224, 225, 226, 227, 228, 229, 230, 231, 232, 233, 234, 235, 236, 237, 238, 239, 240, 241, 242, 243, 244, 245, 246, 247, 248, 249, 250, 251, 252, 253, 254, 255, 256, 257, 258, 259, 260, 261, 262, 263, 264, 265, 266, 267, 268, 269, 270, 271, 272, 273, 274, 275, 276, 277, 278, 279, 280, 281, 282, 283, 284, 285, 286, 287, 288, 289, 290, 291, 292, 293, 294, 295, 296, 297, 298, 299, 300, 301, 302, 303, 304, 305, 306, 307, 308, 309, 310, 311, 312, 313, 314, 315, 316, 317, 318, 319, 320, 321, 322, 323, 324, 325, 326, 327, 328, 329, 330, 331, 332, 333, 334, 335, 336, 337, 574, 575, 576, 577, 578, 579, 580, 581, 582, 583, 584, 585, 586, 587, 588, 589, 590, 591, 592, 593, 594, 595, 596, 597, 598, 599, 600, 601, 602, 603, 604, 605, 606, 607, 608, 609, 610, 611, 612, 613, 614, 615, 616, 617, 618, 619, 620, 621, 622, 623, 624, 625, 626, 627, 628, 629, 630, 631, 632, 633, 634, 635, 636, 637, 638, 639, 640, 641, 642, 643, 644, 645, 646, 647, 648, 649, 650, 651, 652, 653, 654, 655, 656, 657, 658, 659, 660, 661, 662, 663, 664, 665, 666, 667, 668, 669, 670, 671, 672, 673, 674, 675, 676, 677, 678, 679, 680, 681, 682, 683, 684, 685, 686, 687, 688, 689, 690, 691, 692, 693, 694, 695, 696, 697, 698, 699, 700, 701, 702, 703, 704, 705, 706, 707, 708, 709, 710, 711, 712, 713, 714, 715, 716, 717, 718, 719, 720, 721, 722, 723, 724, 725, 726, 727, 728, 729, 730, 731, 732, 733, 734, 735, 736, 737, 738, 739, 740, 741, 742, 743, 744, 745, 746, 747, 748, 749, 750, 751, 752, 753, 754, 755, 756, 757, 758, 759, 760, 761, 762, 763, 764, 765, 766, 767, 768, 769, 770, 771, 772, 773, 774, 775, 776, 777, 778, 779, 780, 781, 782, 783, 784, 785, 786, 787, 788, 789, 790, 791, 792, 793]","[103, 104, 106, 117, 118, 120, 127, 128, 129, 131, 133, 135, 136, 137, 139, 146, 147, 148, 149, 151, 158, 160, 162, 166, 173, 178, 179, 185, 190, 192, 198, 201, 203, 204, 206, 207, 212, 213, 214, 219, 223, 224, 225, 227, 230, 235, 237, 246, 247, 256, 259, 262, 263, 266, 268, 269, 271, 272, 278, 279, 284, 285, 288, 290, 292, 304, 312, 316, 319, 320, 323, 324, 332, 574, 575, 588, 591, 607, 608, 610, 618, 619, 620, 622, 632, 644, 649, 650, 656, 661, 663, 669, 674, 677, 683, 684, 687, 688, 689, 701, 710, 723, 730, 731, 738, 747, 751, 762, 774, 778, 789]","[12, 24, 25, 28, 88, 100, 104, 119, 123, 129, 136, 137, 139, 140, 141, 148, 155, 169, 172, 179, 183, 185, 188, 196, 198, 217, 237, 267, 270, 278, 319, 321, 324, 325, 330, 334, 335, 354, 366, 369, 380, 383, 384, 386, 395, 407, 411, 423, 428, 436, 437, 452, 453, 456, 467, 471, 477, 478, 479, 497, 508, 511, 559, 571, 575, 590, 594, 600, 607, 608, 610, 611, 612, 619, 627, 640, 643, 650, 654, 656, 659, 667, 669, 685, 701, 726, 729, 737, 777, 779, 782, 783, 787, 790, 791, 809, 817, 819, 830, 833, 834, 836, 845, 856, 857, 860, 862, 875, 880, 887, 888, 899, 900, 914, 918, 921, 928, 929, 930]","[12, 24, 25, 28, 88, 100, 104, 119, 123, 129, 136, 137, 139, 140, 141, 148, 155, 169, 172, 179, 183, 185, 188, 196, 198, 217, 237, 264, 267, 270, 278, 319, 321, 324, 325, 330, 334, 335, 354, 366, 369, 380, 383, 384, 386, 395, 407, 411, 423, 428, 436, 437, 452, 453, 456, 467, 471, 477, 478, 479, 497, 508, 511, 559, 571, 575, 590, 594, 600, 607, 608, 610, 611, 612, 619, 627, 640, 643, 650, 654, 656, 659, 667, 669, 685, 701, 724, 726, 729, 737, 777, 779, 782, 783, 787, 790, 791, 809, 817, 819, 830, 833, 834, 836, 845, 856, 857, 860, 862, 875, 880, 887, 888, 899, 900, 914, 918, 921, 928, 929, 930]","[12, 24, 25, 28, 88, 100, 103, 104, 105, 106, 107, 108, 109, 110, 111, 112, 113, 114, 115, 116, 117, 118, 119, 120, 121, 122, 123, 124, 125, 126, 127, 128, 129, 130, 131, 132, 133, 134, 135, 136, 137, 138, 139, 140, 141, 142, 143, 144, 145, 146, 147, 148, 149, 150, 151, 152, 153, 154, 155, 156, 157, 158, 159, 160, 161, 162, 163, 164, 165, 166, 167, 168, 169, 170, 171, 172, 173, 174, 175, 176, 177, 178, 179, 180, 181, 182, 183, 184, 185, 186, 187, 188, 189, 190, 191, 192, 193, 194, 195, 196, 197, 198, 199, 200, 201, 202, 203, 204, 205, 206, 207, 208, 209, 210, 211, 212, 213, 214, 215, 216, 217, 218, 219, 220, 221, 222, 223, 224, 225, 226, 227, 228, 229, 230, 231, 232, 233, 234, 235, 236, 237, 238, 239, 240, 241, 242, 243, 244, 245, 246, 247, 248, 249, 250, 251, 252, 253, 254, 255, 256, 257, 258, 259, 260, 261, 262, 263, 264, 265, 266, 267, 268, 269, 270, 271, 272, 273, 274, 275, 276, 277, 278, 279, 280, 281, 282, 283, 284, 285, 286, 287, 288, 289, 290, 291, 292, 293, 294, 295, 296, 297, 298, 299, 300, 301, 302, 303, 304, 305, 306, 307, 308, 309, 310, 311, 312, 313, 314, 315, 316, 317, 318, 319, 320, 321, 322, 323, 324, 325, 326, 327, 328, 329, 330, 331, 332, 333, 334, 335, 336, 337, 354, 366, 369, 380, 383, 384, 386, 395, 407, 411, 423, 428, 436, 437, 452, 453, 456, 467, 471, 477, 478, 479, 497, 508, 511, 559, 571, 574, 575, 576, 577, 578, 579, 580, 581, 582, 583, 584, 585, 586, 587, 588, 589, 590, 591, 592, 593, 594, 595, 596, 597, 598, 599, 600, 601, 602, 603, 604, 605, 606, 607, 608, 609, 610, 611, 612, 613, 614, 615, 616, 617, 618, 619, 620, 621, 622, 623, 624, 625, 626, 627, 628, 629, 630, 631, 632, 633, 634, 635, 636, 637, 638, 639, 640, 641, 642, 643, 644, 645, 646, 647, 648, 649, 650, 651, 652, 653, 654, 655, 656, 657, 658, 659, 660, 661, 662, 663, 664, 665, 666, 667, 668, 669, 670, 671, 672, 673, 674, 675, 676, 677, 678, 679, 680, 681, 682, 683, 684, 685, 686, 687, 688, 689, 690, 691, 692, 693, 694, 695, 696, 697, 698, 699, 700, 701, 702, 703, 704, 705, 706, 707, 708, 709, 710, 711, 712, 713, 714, 715, 716, 717, 718, 719, 720, 721, 722, 723, 724, 725, 726, 727, 728, 729, 730, 731, 732, 733, 734, 735, 736, 737, 738, 739, 740, 741, 742, 743, 744, 745, 746, 747, 748, 749, 750, 751, 752, 753, 754, 755, 756, 757, 758, 759, 760, 761, 762, 763, 764, 765, 766, 767, 768, 769, 770, 771, 772, 773, 774, 775, 776, 777, 778, 779, 780, 781, 782, 783, 784, 785, 786, 787, 788, 789, 790, 791, 792, 793, 809, 817, 819, 830, 833, 834, 836, 845, 856, 857, 860, 862, 875, 880, 887, 888, 899, 900, 914, 918, 921, 928, 929, 930]",True,"[237, 701]","[103, 104, 105, 106, 107, 108, 109, 110, 111, 112, 113, 114, 115, 116, 117, 118, 119, 120, 121, 122, 123, 124, 125, 126, 127, 128, 129, 130, 131, 132, 133, 134, 135, 136, 137, 138, 139, 140, 141, 142, 143, 144, 145, 146, 147, 148, 149, 150, 151, 152, 153, 154, 155, 156, 157, 158, 159, 160, 161, 162, 163, 164, 165, 166, 167, 168, 169, 170, 171, 172, 173, 174, 175, 176, 177, 178, 179, 180, 181, 182, 183, 184, 185, 186, 187, 188, 189, 190, 191, 192, 193, 194, 195, 196, 197, 198, 199, 200, 201, 202, 203, 204, 205, 206, 207, 208, 209, 210, 211, 212, 213, 214, 215, 216, 217, 218, 219, 220, 221, 222, 223, 224, 225, 226, 227, 228, 229, 230, 231, 232, 233, 234, 235, 236, 237, 238, 239, 240, 241, 242, 243, 244, 245, 246, 247, 248, 249, 250, 251, 252, 253, 254, 255, 256, 257, 258, 259, 260, 261, 262, 263, 264, 265, 266, 267, 268, 269, 270, 271, 272, 273, 274, 275, 276, 277, 278, 279, 280, 281, 282, 283, 284, 285, 286, 287, 288, 289, 290, 291, 292, 293, 294, 295, 296, 297, 298, 299, 300, 301, 302, 303, 304, 305, 306, 307, 308, 309, 310, 311, 312, 313, 314, 315, 316, 317, 318, 319, 320, 321, 322, 323, 324, 325, 326, 327, 328, 329, 330, 331, 332, 333, 334, 335, 336, 337, 574, 575, 576, 577, 578, 579, 580, 581, 582, 583, 584, 585, 586, 587, 588, 589, 590, 591, 592, 593, 594, 595, 596, 597, 598, 599, 600, 601, 602, 603, 604, 605, 606, 607, 608, 609, 610, 611, 612, 613, 614, 615, 616, 617, 618, 619, 620, 621, 622, 623, 624, 625, 626, 627, 628, 629, 630, 631, 632, 633, 634, 635, 636, 637, 638, 639, 640, 641, 642, 643, 644, 645, 646, 647, 648, 649, 650, 651, 652, 653, 654, 655, 656, 657, 658, 659, 660, 661, 662, 663, 664, 665, 666, 667, 668, 669, 670, 671, 672, 673, 674, 675, 676, 677, 678, 679, 680, 681, 682, 683, 684, 685, 686, 687, 688, 689, 690, 691, 692, 693, 694, 695, 696, 697, 698, 699, 700, 701, 702, 703, 704, 705, 706, 707, 708, 709, 710, 711, 712, 713, 714, 715, 716, 717, 718, 719, 720, 721, 722, 723, 724, 725, 726, 727, 728, 729, 730, 731, 732, 733, 734, 735, 736, 737, 738, 739, 740, 741, 742, 743, 744, 745, 746, 747, 748, 749, 750, 751, 752, 753, 754, 755, 756, 757, 758, 759, 760, 761, 762, 763, 764, 765, 766, 767, 768, 769, 770, 771, 772, 773, 774, 775, 776, 777, 778, 779, 780, 781, 782, 783, 784, 785, 786, 787, 788, 789, 790, 791, 792, 793]","[237, 701]",[],"[103, 104, 106, 117, 118, 120, 127, 128, 129, 131, 133, 135, 136, 137, 139, 146, 147, 148, 149, 151, 158, 160, 162, 166, 173, 178, 179, 185, 190, 192, 198, 201, 203, 204, 206, 207, 212, 213, 214, 219, 223, 224, 225, 227, 230, 235, 237, 246, 247, 256, 259, 262, 263, 266, 268, 269, 271, 272, 278, 279, 284, 285, 288, 290, 292, 304, 312, 316, 319, 320, 323, 324, 332, 574, 575, 588, 591, 607, 608, 610, 618, 619, 620, 622, 632, 644, 649, 650, 656, 661, 663, 669, 674, 677, 683, 684, 687, 688, 689, 701, 710, 723, 730, 731, 738, 747, 751, 762, 774, 778, 789]","[12, 24, 25, 28, 88, 100, 104, 119, 123, 129, 136, 137, 139, 140, 141, 148, 155, 169, 172, 179, 183, 185, 188, 196, 198, 217, 237, 264, 267, 270, 278, 319, 321, 324, 325, 330, 334, 335, 354, 366, 369, 380, 383, 384, 386, 395, 407, 411, 423, 428, 436, 437, 452, 453, 456, 467, 471, 477, 478, 479, 497, 508, 511, 559, 571, 575, 590, 594, 600, 607, 608, 610, 611, 612, 619, 627, 640, 643, 650, 654, 656, 659, 667, 669, 685, 701, 724, 726, 729, 737, 777, 779, 782, 783, 787, 790, 791, 809, 817, 819, 830, 833, 834, 836, 845, 856, 857, 860, 862, 875, 880, 887, 888, 899, 900, 914, 918, 921, 928, 929, 930]","[12, 24, 25, 28, 88, 100, 104, 119, 123, 129, 136, 137, 139, 140, 141, 148, 155, 169, 172, 179, 183, 185, 188, 196, 198, 217, 237, 267, 270, 278, 319, 321, 324, 325, 330, 334, 335, 354, 366, 369, 380, 383, 384, 386, 395, 407, 411, 423, 428, 436, 437, 452, 453, 456, 467, 471, 477, 478, 479, 497, 508, 511, 559, 571, 575, 590, 594, 600, 607, 608, 610, 611, 612, 619, 627, 640, 643, 650, 654, 656, 659, 667, 669, 685, 701, 726, 729, 737, 777, 779, 782, 783, 787, 790, 791, 809, 817, 819, 830, 833, 834, 836, 845, 856, 857, 860, 862, 875, 880, 887, 888, 899, 900, 914, 918, 921, 928, 929, 930]",7/6 successful match,True,[231],True,322,False,,0.6572139303482587,True,Pearblossom Chevron of CA 46 ),Chevron
Pearblossom ( 93553 ) Pearblossom Chevron ( CFN Cardlock ),661-944-0455 13030 CA 138,24 L D,Pearblossom,93553,Pearblossom Chevron ( CFN Cardlock ),661-944-0455,2014,Pearblossom,CA,Chevron,,13030 CA 138,Proper,,False,,False,CA 138,,,,,"[237, 701]","[237, 701]","[237, 701]",[],"[103, 104, 105, 106, 107, 108, 109, 110, 111, 112, 113, 114, 115, 116, 117, 118, 119, 120, 121, 122, 123, 124, 125, 126, 127, 128, 129, 130, 131, 132, 133, 134, 135, 136, 137, 138, 139, 140, 141, 142, 143, 144, 145, 146, 147, 148, 149, 150, 151, 152, 153, 154, 155, 156, 157, 158, 159, 160, 161, 162, 163, 164, 165, 166, 167, 168, 169, 170, 171, 172, 173, 174, 175, 176, 177, 178, 179, 180, 181, 182, 183, 184, 185, 186, 187, 188, 189, 190, 191, 192, 193, 194, 195, 196, 197, 198, 199, 200, 201, 202, 203, 204, 205, 206, 207, 208, 209, 210, 211, 212, 213, 214, 215, 216, 217, 218, 219, 220, 221, 222, 223, 224, 225, 226, 227, 228, 229, 230, 231, 232, 233, 234, 235, 236, 237, 238, 239, 240, 241, 242, 243, 244, 245, 246, 247, 248, 249, 250, 251, 252, 253, 254, 255, 256, 257, 258, 259, 260, 261, 262, 263, 264, 265, 266, 267, 268, 269, 270, 271, 272, 273, 274, 275, 276, 277, 278, 279, 280, 281, 282, 283, 284, 285, 286, 287, 288, 289, 290, 291, 292, 293, 294, 295, 296, 297, 298, 299, 300, 301, 302, 303, 304, 305, 306, 307, 308, 309, 310, 311, 312, 313, 314, 315, 316, 317, 318, 319, 320, 321, 322, 323, 324, 325, 326, 327, 328, 329, 330, 331, 332, 333, 334, 335, 336, 337, 574, 575, 576, 577, 578, 579, 580, 581, 582, 583, 584, 585, 586, 587, 588, 589, 590, 591, 592, 593, 594, 595, 596, 597, 598, 599, 600, 601, 602, 603, 604, 605, 606, 607, 608, 609, 610, 611, 612, 613, 614, 615, 616, 617, 618, 619, 620, 621, 622, 623, 624, 625, 626, 627, 628, 629, 630, 631, 632, 633, 634, 635, 636, 637, 638, 639, 640, 641, 642, 643, 644, 645, 646, 647, 648, 649, 650, 651, 652, 653, 654, 655, 656, 657, 658, 659, 660, 661, 662, 663, 664, 665, 666, 667, 668, 669, 670, 671, 672, 673, 674, 675, 676, 677, 678, 679, 680, 681, 682, 683, 684, 685, 686, 687, 688, 689, 690, 691, 692, 693, 694, 695, 696, 697, 698, 699, 700, 701, 702, 703, 704, 705, 706, 707, 708, 709, 710, 711, 712, 713, 714, 715, 716, 717, 718, 719, 720, 721, 722, 723, 724, 725, 726, 727, 728, 729, 730, 731, 732, 733, 734, 735, 736, 737, 738, 739, 740, 741, 742, 743, 744, 745, 746, 747, 748, 749, 750, 751, 752, 753, 754, 755, 756, 757, 758, 759, 760, 761, 762, 763, 764, 765, 766, 767, 768, 769, 770, 771, 772, 773, 774, 775, 776, 777, 778, 779, 780, 781, 782, 783, 784, 785, 786, 787, 788, 789, 790, 791, 792, 793]","[103, 104, 106, 117, 118, 120, 127, 128, 129, 131, 133, 135, 136, 137, 139, 146, 147, 148, 149, 151, 158, 160, 162, 166, 173, 178, 179, 185, 190, 192, 198, 201, 203, 204, 206, 207, 212, 213, 214, 219, 223, 224, 225, 227, 230, 235, 237, 246, 247, 256, 259, 262, 263, 266, 268, 269, 271, 272, 278, 279, 284, 285, 288, 290, 292, 304, 312, 316, 319, 320, 323, 324, 332, 574, 575, 588, 591, 607, 608, 610, 618, 619, 620, 622, 632, 644, 649, 650, 656, 661, 663, 669, 674, 677, 683, 684, 687, 688, 689, 701, 710, 723, 730, 731, 738, 747, 751, 762, 774, 778, 789]","[12, 24, 25, 28, 88, 100, 104, 119, 123, 129, 136, 137, 139, 140, 141, 148, 155, 169, 172, 179, 183, 185, 188, 196, 198, 217, 237, 267, 270, 278, 319, 321, 324, 325, 330, 334, 335, 354, 366, 369, 380, 383, 384, 386, 395, 407, 411, 423, 428, 436, 437, 452, 453, 456, 467, 471, 477, 478, 479, 497, 508, 511, 559, 571, 575, 590, 594, 600, 607, 608, 610, 611, 612, 619, 627, 640, 643, 650, 654, 656, 659, 667, 669, 685, 701, 726, 729, 737, 777, 779, 782, 783, 787, 790, 791, 809, 817, 819, 830, 833, 834, 836, 845, 856, 857, 860, 862, 875, 880, 887, 888, 899, 900, 914, 918, 921, 928, 929, 930]","[12, 24, 25, 28, 88, 100, 104, 119, 123, 129, 136, 137, 139, 140, 141, 148, 155, 169, 172, 179, 183, 185, 188, 196, 198, 217, 237, 264, 267, 270, 278, 319, 321, 324, 325, 330, 334, 335, 354, 366, 369, 380, 383, 384, 386, 395, 407, 411, 423, 428, 436, 437, 452, 453, 456, 467, 471, 477, 478, 479, 497, 508, 511, 559, 571, 575, 590, 594, 600, 607, 608, 610, 611, 612, 619, 627, 640, 643, 650, 654, 656, 659, 667, 669, 685, 701, 724, 726, 729, 737, 777, 779, 782, 783, 787, 790, 791, 809, 817, 819, 830, 833, 834, 836, 845, 856, 857, 860, 862, 875, 880, 887, 888, 899, 900, 914, 918, 921, 928, 929, 930]","[12, 24, 25, 28, 88, 100, 103, 104, 105, 106, 107, 108, 109, 110, 111, 112, 113, 114, 115, 116, 117, 118, 119, 120, 121, 122, 123, 124, 125, 126, 127, 128, 129, 130, 131, 132, 133, 134, 135, 136, 137, 138, 139, 140, 141, 142, 143, 144, 145, 146, 147, 148, 149, 150, 151, 152, 153, 154, 155, 156, 157, 158, 159, 160, 161, 162, 163, 164, 165, 166, 167, 168, 169, 170, 171, 172, 173, 174, 175, 176, 177, 178, 179, 180, 181, 182, 183, 184, 185, 186, 187, 188, 189, 190, 191, 192, 193, 194, 195, 196, 197, 198, 199, 200, 201, 202, 203, 204, 205, 206, 207, 208, 209, 210, 211, 212, 213, 214, 215, 216, 217, 218, 219, 220, 221, 222, 223, 224, 225, 226, 227, 228, 229, 230, 231, 232, 233, 234, 235, 236, 237, 238, 239, 240, 241, 242, 243, 244, 245, 246, 247, 248, 249, 250, 251, 252, 253, 254, 255, 256, 257, 258, 259, 260, 261, 262, 263, 264, 265, 266, 267, 268, 269, 270, 271, 272, 273, 274, 275, 276, 277, 278, 279, 280, 281, 282, 283, 284, 285, 286, 287, 288, 289, 290, 291, 292, 293, 294, 295, 296, 297, 298, 299, 300, 301, 302, 303, 304, 305, 306, 307, 308, 309, 310, 311, 312, 313, 314, 315, 316, 317, 318, 319, 320, 321, 322, 323, 324, 325, 326, 327, 328, 329, 330, 331, 332, 333, 334, 335, 336, 337, 354, 366, 369, 380, 383, 384, 386, 395, 407, 411, 423, 428, 436, 437, 452, 453, 456, 467, 471, 477, 478, 479, 497, 508, 511, 559, 571, 574, 575, 576, 577, 578, 579, 580, 581, 582, 583, 584, 585, 586, 587, 588, 589, 590, 591, 592, 593, 594, 595, 596, 597, 598, 599, 600, 601, 602, 603, 604, 605, 606, 607, 608, 609, 610, 611, 612, 613, 614, 615, 616, 617, 618, 619, 620, 621, 622, 623, 624, 625, 626, 627, 628, 629, 630, 631, 632, 633, 634, 635, 636, 637, 638, 639, 640, 641, 642, 643, 644, 645, 646, 647, 648, 649, 650, 651, 652, 653, 654, 655, 656, 657, 658, 659, 660, 661, 662, 663, 664, 665, 666, 667, 668, 669, 670, 671, 672, 673, 674, 675, 676, 677, 678, 679, 680, 681, 682, 683, 684, 685, 686, 687, 688, 689, 690, 691, 692, 693, 694, 695, 696, 697, 698, 699, 700, 701, 702, 703, 704, 705, 706, 707, 708, 709, 710, 711, 712, 713, 714, 715, 716, 717, 718, 719, 720, 721, 722, 723, 724, 725, 726, 727, 728, 729, 730, 731, 732, 733, 734, 735, 736, 737, 738, 739, 740, 741, 742, 743, 744, 745, 746, 747, 748, 749, 750, 751, 752, 753, 754, 755, 756, 757, 758, 759, 760, 761, 762, 763, 764, 765, 766, 767, 768, 769, 770, 771, 772, 773, 774, 775, 776, 777, 778, 779, 780, 781, 782, 783, 784, 785, 786, 787, 788, 789, 790, 791, 792, 793, 809, 817, 819, 830, 833, 834, 836, 845, 856, 857, 860, 862, 875, 880, 887, 888, 899, 900, 914, 918, 921, 928, 929, 930]",True,"[237, 701]","[103, 104, 105, 106, 107, 108, 109, 110, 111, 112, 113, 114, 115, 116, 117, 118, 119, 120, 121, 122, 123, 124, 125, 126, 127, 128, 129, 130, 131, 132, 133, 134, 135, 136, 137, 138, 139, 140, 141, 142, 143, 144, 145, 146, 147, 148, 149, 150, 151, 152, 153, 154, 155, 156, 157, 158, 159, 160, 161, 162, 163, 164, 165, 166, 167, 168, 169, 170, 171, 172, 173, 174, 175, 176, 177, 178, 179, 180, 181, 182, 183, 184, 185, 186, 187, 188, 189, 190, 191, 192, 193, 194, 195, 196, 197, 198, 199, 200, 201, 202, 203, 204, 205, 206, 207, 208, 209, 210, 211, 212, 213, 214, 215, 216, 217, 218, 219, 220, 221, 222, 223, 224, 225, 226, 227, 228, 229, 230, 231, 232, 233, 234, 235, 236, 237, 238, 239, 240, 241, 242, 243, 244, 245, 246, 247, 248, 249, 250, 251, 252, 253, 254, 255, 256, 257, 258, 259, 260, 261, 262, 263, 264, 265, 266, 267, 268, 269, 270, 271, 272, 273, 274, 275, 276, 277, 278, 279, 280, 281, 282, 283, 284, 285, 286, 287, 288, 289, 290, 291, 292, 293, 294, 295, 296, 297, 298, 299, 300, 301, 302, 303, 304, 305, 306, 307, 308, 309, 310, 311, 312, 313, 314, 315, 316, 317, 318, 319, 320, 321, 322, 323, 324, 325, 326, 327, 328, 329, 330, 331, 332, 333, 334, 335, 336, 337, 574, 575, 576, 577, 578, 579, 580, 581, 582, 583, 584, 585, 586, 587, 588, 589, 590, 591, 592, 593, 594, 595, 596, 597, 598, 599, 600, 601, 602, 603, 604, 605, 606, 607, 608, 609, 610, 611, 612, 613, 614, 615, 616, 617, 618, 619, 620, 621, 622, 623, 624, 625, 626, 627, 628, 629, 630, 631, 632, 633, 634, 635, 636, 637, 638, 639, 640, 641, 642, 643, 644, 645, 646, 647, 648, 649, 650, 651, 652, 653, 654, 655, 656, 657, 658, 659, 660, 661, 662, 663, 664, 665, 666, 667, 668, 669, 670, 671, 672, 673, 674, 675, 676, 677, 678, 679, 680, 681, 682, 683, 684, 685, 686, 687, 688, 689, 690, 691, 692, 693, 694, 695, 696, 697, 698, 699, 700, 701, 702, 703, 704, 705, 706, 707, 708, 709, 710, 711, 712, 713, 714, 715, 716, 717, 718, 719, 720, 721, 722, 723, 724, 725, 726, 727, 728, 729, 730, 731, 732, 733, 734, 735, 736, 737, 738, 739, 740, 741, 742, 743, 744, 745, 746, 747, 748, 749, 750, 751, 752, 753, 754, 755, 756, 757, 758, 759, 760, 761, 762, 763, 764, 765, 766, 767, 768, 769, 770, 771, 772, 773, 774, 775, 776, 777, 778, 779, 780, 781, 782, 783, 784, 785, 786, 787, 788, 789, 790, 791, 792, 793]","[237, 701]",[],"[103, 104, 106, 117, 118, 120, 127, 128, 129, 131, 133, 135, 136, 137, 139, 146, 147, 148, 149, 151, 158, 160, 162, 166, 173, 178, 179, 185, 190, 192, 198, 201, 203, 204, 206, 207, 212, 213, 214, 219, 223, 224, 225, 227, 230, 235, 237, 246, 247, 256, 259, 262, 263, 266, 268, 269, 271, 272, 278, 279, 284, 285, 288, 290, 292, 304, 312, 316, 319, 320, 323, 324, 332, 574, 575, 588, 591, 607, 608, 610, 618, 619, 620, 622, 632, 644, 649, 650, 656, 661, 663, 669, 674, 677, 683, 684, 687, 688, 689, 701, 710, 723, 730, 731, 738, 747, 751, 762, 774, 778, 789]","[12, 24, 25, 28, 88, 100, 104, 119, 123, 129, 136, 137, 139, 140, 141, 148, 155, 169, 172, 179, 183, 185, 188, 196, 198, 217, 237, 264, 267, 270, 278, 319, 321, 324, 325, 330, 334, 335, 354, 366, 369, 380, 383, 384, 386, 395, 407, 411, 423, 428, 436, 437, 452, 453, 456, 467, 471, 477, 478, 479, 497, 508, 511, 559, 571, 575, 590, 594, 600, 607, 608, 610, 611, 612, 619, 627, 640, 643, 650, 654, 656, 659, 667, 669, 685, 701, 724, 726, 729, 737, 777, 779, 782, 783, 787, 790, 791, 809, 817, 819, 830, 833, 834, 836, 845, 856, 857, 860, 862, 875, 880, 887, 888, 899, 900, 914, 918, 921, 928, 929, 930]","[12, 24, 25, 28, 88, 100, 104, 119, 123, 129, 136, 137, 139, 140, 141, 148, 155, 169, 172, 179, 183, 185, 188, 196, 198, 217, 237, 267, 270, 278, 319, 321, 324, 325, 330, 334, 335, 354, 366, 369, 380, 383, 384, 386, 395, 407, 411, 423, 428, 436, 437, 452, 453, 456, 467, 471, 477, 478, 479, 497, 508, 511, 559, 571, 575, 590, 594, 600, 607, 608, 610, 611, 612, 619, 627, 640, 643, 650, 654, 656, 659, 667, 669, 685, 701, 726, 729, 737, 777, 779, 782, 783, 787, 790, 791, 809, 817, 819, 830, 833, 834, 836, 845, 856, 857, 860, 862, 875, 880, 887, 888, 899, 900, 914, 918, 921, 928, 929, 930]",7/6 successful match,True,[231],True,322,False,,1.0,True,Pearblossom Chevron ( Chevron / CFN ),Chevron
Pearblossom ( 93553 ) Pearblossom Chevron ( CFN Cardlock ),5 661-944-0455 13030 CA 138,24 L <U+2610> O,Pearblossom,93553,Pearblossom Chevron ( CFN Cardlock ),661-944-0455,2015,Pearblossom,CA,Chevron,,13030 CA 138,Proper,,False,,False,CA 138,,,,,"[237, 701]","[237, 701]","[237, 701]",[],"[103, 104, 105, 106, 107, 108, 109, 110, 111, 112, 113, 114, 115, 116, 117, 118, 119, 120, 121, 122, 123, 124, 125, 126, 127, 128, 129, 130, 131, 132, 133, 134, 135, 136, 137, 138, 139, 140, 141, 142, 143, 144, 145, 146, 147, 148, 149, 150, 151, 152, 153, 154, 155, 156, 157, 158, 159, 160, 161, 162, 163, 164, 165, 166, 167, 168, 169, 170, 171, 172, 173, 174, 175, 176, 177, 178, 179, 180, 181, 182, 183, 184, 185, 186, 187, 188, 189, 190, 191, 192, 193, 194, 195, 196, 197, 198, 199, 200, 201, 202, 203, 204, 205, 206, 207, 208, 209, 210, 211, 212, 213, 214, 215, 216, 217, 218, 219, 220, 221, 222, 223, 224, 225, 226, 227, 228, 229, 230, 231, 232, 233, 234, 235, 236, 237, 238, 239, 240, 241, 242, 243, 244, 245, 246, 247, 248, 249, 250, 251, 252, 253, 254, 255, 256, 257, 258, 259, 260, 261, 262, 263, 264, 265, 266, 267, 268, 269, 270, 271, 272, 273, 274, 275, 276, 277, 278, 279, 280, 281, 282, 283, 284, 285, 286, 287, 288, 289, 290, 291, 292, 293, 294, 295, 296, 297, 298, 299, 300, 301, 302, 303, 304, 305, 306, 307, 308, 309, 310, 311, 312, 313, 314, 315, 316, 317, 318, 319, 320, 321, 322, 323, 324, 325, 326, 327, 328, 329, 330, 331, 332, 333, 334, 335, 336, 337, 574, 575, 576, 577, 578, 579, 580, 581, 582, 583, 584, 585, 586, 587, 588, 589, 590, 591, 592, 593, 594, 595, 596, 597, 598, 599, 600, 601, 602, 603, 604, 605, 606, 607, 608, 609, 610, 611, 612, 613, 614, 615, 616, 617, 618, 619, 620, 621, 622, 623, 624, 625, 626, 627, 628, 629, 630, 631, 632, 633, 634, 635, 636, 637, 638, 639, 640, 641, 642, 643, 644, 645, 646, 647, 648, 649, 650, 651, 652, 653, 654, 655, 656, 657, 658, 659, 660, 661, 662, 663, 664, 665, 666, 667, 668, 669, 670, 671, 672, 673, 674, 675, 676, 677, 678, 679, 680, 681, 682, 683, 684, 685, 686, 687, 688, 689, 690, 691, 692, 693, 694, 695, 696, 697, 698, 699, 700, 701, 702, 703, 704, 705, 706, 707, 708, 709, 710, 711, 712, 713, 714, 715, 716, 717, 718, 719, 720, 721, 722, 723, 724, 725, 726, 727, 728, 729, 730, 731, 732, 733, 734, 735, 736, 737, 738, 739, 740, 741, 742, 743, 744, 745, 746, 747, 748, 749, 750, 751, 752, 753, 754, 755, 756, 757, 758, 759, 760, 761, 762, 763, 764, 765, 766, 767, 768, 769, 770, 771, 772, 773, 774, 775, 776, 777, 778, 779, 780, 781, 782, 783, 784, 785, 786, 787, 788, 789, 790, 791, 792, 793]","[103, 104, 106, 117, 118, 120, 127, 128, 129, 131, 133, 135, 136, 137, 139, 146, 147, 148, 149, 151, 158, 160, 162, 166, 173, 178, 179, 185, 190, 192, 198, 201, 203, 204, 206, 207, 212, 213, 214, 219, 223, 224, 225, 227, 230, 235, 237, 246, 247, 256, 259, 262, 263, 266, 268, 269, 271, 272, 278, 279, 284, 285, 288, 290, 292, 304, 312, 316, 319, 320, 323, 324, 332, 574, 575, 588, 591, 607, 608, 610, 618, 619, 620, 622, 632, 644, 649, 650, 656, 661, 663, 669, 674, 677, 683, 684, 687, 688, 689, 701, 710, 723, 730, 731, 738, 747, 751, 762, 774, 778, 789]","[12, 24, 25, 28, 88, 100, 104, 119, 123, 129, 136, 137, 139, 140, 141, 148, 155, 169, 172, 179, 183, 185, 188, 196, 198, 217, 237, 267, 270, 278, 319, 321, 324, 325, 330, 334, 335, 354, 366, 369, 380, 383, 384, 386, 395, 407, 411, 423, 428, 436, 437, 452, 453, 456, 467, 471, 477, 478, 479, 497, 508, 511, 559, 571, 575, 590, 594, 600, 607, 608, 610, 611, 612, 619, 627, 640, 643, 650, 654, 656, 659, 667, 669, 685, 701, 726, 729, 737, 777, 779, 782, 783, 787, 790, 791, 809, 817, 819, 830, 833, 834, 836, 845, 856, 857, 860, 862, 875, 880, 887, 888, 899, 900, 914, 918, 921, 928, 929, 930]","[12, 24, 25, 28, 88, 100, 104, 119, 123, 129, 136, 137, 139, 140, 141, 148, 155, 169, 172, 179, 183, 185, 188, 196, 198, 217, 237, 264, 267, 270, 278, 319, 321, 324, 325, 330, 334, 335, 354, 366, 369, 380, 383, 384, 386, 395, 407, 411, 423, 428, 436, 437, 452, 453, 456, 467, 471, 477, 478, 479, 497, 508, 511, 559, 571, 575, 590, 594, 600, 607, 608, 610, 611, 612, 619, 627, 640, 643, 650, 654, 656, 659, 667, 669, 685, 701, 724, 726, 729, 737, 777, 779, 782, 783, 787, 790, 791, 809, 817, 819, 830, 833, 834, 836, 845, 856, 857, 860, 862, 875, 880, 887, 888, 899, 900, 914, 918, 921, 928, 929, 930]","[12, 24, 25, 28, 88, 100, 103, 104, 105, 106, 107, 108, 109, 110, 111, 112, 113, 114, 115, 116, 117, 118, 119, 120, 121, 122, 123, 124, 125, 126, 127, 128, 129, 130, 131, 132, 133, 134, 135, 136, 137, 138, 139, 140, 141, 142, 143, 144, 145, 146, 147, 148, 149, 150, 151, 152, 153, 154, 155, 156, 157, 158, 159, 160, 161, 162, 163, 164, 165, 166, 167, 168, 169, 170, 171, 172, 173, 174, 175, 176, 177, 178, 179, 180, 181, 182, 183, 184, 185, 186, 187, 188, 189, 190, 191, 192, 193, 194, 195, 196, 197, 198, 199, 200, 201, 202, 203, 204, 205, 206, 207, 208, 209, 210, 211, 212, 213, 214, 215, 216, 217, 218, 219, 220, 221, 222, 223, 224, 225, 226, 227, 228, 229, 230, 231, 232, 233, 234, 235, 236, 237, 238, 239, 240, 241, 242, 243, 244, 245, 246, 247, 248, 249, 250, 251, 252, 253, 254, 255, 256, 257, 258, 259, 260, 261, 262, 263, 264, 265, 266, 267, 268, 269, 270, 271, 272, 273, 274, 275, 276, 277, 278, 279, 280, 281, 282, 283, 284, 285, 286, 287, 288, 289, 290, 291, 292, 293, 294, 295, 296, 297, 298, 299, 300, 301, 302, 303, 304, 305, 306, 307, 308, 309, 310, 311, 312, 313, 314, 315, 316, 317, 318, 319, 320, 321, 322, 323, 324, 325, 326, 327, 328, 329, 330, 331, 332, 333, 334, 335, 336, 337, 354, 366, 369, 380, 383, 384, 386, 395, 407, 411, 423, 428, 436, 437, 452, 453, 456, 467, 471, 477, 478, 479, 497, 508, 511, 559, 571, 574, 575, 576, 577, 578, 579, 580, 581, 582, 583, 584, 585, 586, 587, 588, 589, 590, 591, 592, 593, 594, 595, 596, 597, 598, 599, 600, 601, 602, 603, 604, 605, 606, 607, 608, 609, 610, 611, 612, 613, 614, 615, 616, 617, 618, 619, 620, 621, 622, 623, 624, 625, 626, 627, 628, 629, 630, 631, 632, 633, 634, 635, 636, 637, 638, 639, 640, 641, 642, 643, 644, 645, 646, 647, 648, 649, 650, 651, 652, 653, 654, 655, 656, 657, 658, 659, 660, 661, 662, 663, 664, 665, 666, 667, 668, 669, 670, 671, 672, 673, 674, 675, 676, 677, 678, 679, 680, 681, 682, 683, 684, 685, 686, 687, 688, 689, 690, 691, 692, 693, 694, 695, 696, 697, 698, 699, 700, 701, 702, 703, 704, 705, 706, 707, 708, 709, 710, 711, 712, 713, 714, 715, 716, 717, 718, 719, 720, 721, 722, 723, 724, 725, 726, 727, 728, 729, 730, 731, 732, 733, 734, 735, 736, 737, 738, 739, 740, 741, 742, 743, 744, 745, 746, 747, 748, 749, 750, 751, 752, 753, 754, 755, 756, 757, 758, 759, 760, 761, 762, 763, 764, 765, 766, 767, 768, 769, 770, 771, 772, 773, 774, 775, 776, 777, 778, 779, 780, 781, 782, 783, 784, 785, 786, 787, 788, 789, 790, 791, 792, 793, 809, 817, 819, 830, 833, 834, 836, 845, 856, 857, 860, 862, 875, 880, 887, 888, 899, 900, 914, 918, 921, 928, 929, 930]",True,"[237, 701]","[103, 104, 105, 106, 107, 108, 109, 110, 111, 112, 113, 114, 115, 116, 117, 118, 119, 120, 121, 122, 123, 124, 125, 126, 127, 128, 129, 130, 131, 132, 133, 134, 135, 136, 137, 138, 139, 140, 141, 142, 143, 144, 145, 146, 147, 148, 149, 150, 151, 152, 153, 154, 155, 156, 157, 158, 159, 160, 161, 162, 163, 164, 165, 166, 167, 168, 169, 170, 171, 172, 173, 174, 175, 176, 177, 178, 179, 180, 181, 182, 183, 184, 185, 186, 187, 188, 189, 190, 191, 192, 193, 194, 195, 196, 197, 198, 199, 200, 201, 202, 203, 204, 205, 206, 207, 208, 209, 210, 211, 212, 213, 214, 215, 216, 217, 218, 219, 220, 221, 222, 223, 224, 225, 226, 227, 228, 229, 230, 231, 232, 233, 234, 235, 236, 237, 238, 239, 240, 241, 242, 243, 244, 245, 246, 247, 248, 249, 250, 251, 252, 253, 254, 255, 256, 257, 258, 259, 260, 261, 262, 263, 264, 265, 266, 267, 268, 269, 270, 271, 272, 273, 274, 275, 276, 277, 278, 279, 280, 281, 282, 283, 284, 285, 286, 287, 288, 289, 290, 291, 292, 293, 294, 295, 296, 297, 298, 299, 300, 301, 302, 303, 304, 305, 306, 307, 308, 309, 310, 311, 312, 313, 314, 315, 316, 317, 318, 319, 320, 321, 322, 323, 324, 325, 326, 327, 328, 329, 330, 331, 332, 333, 334, 335, 336, 337, 574, 575, 576, 577, 578, 579, 580, 581, 582, 583, 584, 585, 586, 587, 588, 589, 590, 591, 592, 593, 594, 595, 596, 597, 598, 599, 600, 601, 602, 603, 604, 605, 606, 607, 608, 609, 610, 611, 612, 613, 614, 615, 616, 617, 618, 619, 620, 621, 622, 623, 624, 625, 626, 627, 628, 629, 630, 631, 632, 633, 634, 635, 636, 637, 638, 639, 640, 641, 642, 643, 644, 645, 646, 647, 648, 649, 650, 651, 652, 653, 654, 655, 656, 657, 658, 659, 660, 661, 662, 663, 664, 665, 666, 667, 668, 669, 670, 671, 672, 673, 674, 675, 676, 677, 678, 679, 680, 681, 682, 683, 684, 685, 686, 687, 688, 689, 690, 691, 692, 693, 694, 695, 696, 697, 698, 699, 700, 701, 702, 703, 704, 705, 706, 707, 708, 709, 710, 711, 712, 713, 714, 715, 716, 717, 718, 719, 720, 721, 722, 723, 724, 725, 726, 727, 728, 729, 730, 731, 732, 733, 734, 735, 736, 737, 738, 739, 740, 741, 742, 743, 744, 745, 746, 747, 748, 749, 750, 751, 752, 753, 754, 755, 756, 757, 758, 759, 760, 761, 762, 763, 764, 765, 766, 767, 768, 769, 770, 771, 772, 773, 774, 775, 776, 777, 778, 779, 780, 781, 782, 783, 784, 785, 786, 787, 788, 789, 790, 791, 792, 793]","[237, 701]",[],"[103, 104, 106, 117, 118, 120, 127, 128, 129, 131, 133, 135, 136, 137, 139, 146, 147, 148, 149, 151, 158, 160, 162, 166, 173, 178, 179, 185, 190, 192, 198, 201, 203, 204, 206, 207, 212, 213, 214, 219, 223, 224, 225, 227, 230, 235, 237, 246, 247, 256, 259, 262, 263, 266, 268, 269, 271, 272, 278, 279, 284, 285, 288, 290, 292, 304, 312, 316, 319, 320, 323, 324, 332, 574, 575, 588, 591, 607, 608, 610, 618, 619, 620, 622, 632, 644, 649, 650, 656, 661, 663, 669, 674, 677, 683, 684, 687, 688, 689, 701, 710, 723, 730, 731, 738, 747, 751, 762, 774, 778, 789]","[12, 24, 25, 28, 88, 100, 104, 119, 123, 129, 136, 137, 139, 140, 141, 148, 155, 169, 172, 179, 183, 185, 188, 196, 198, 217, 237, 264, 267, 270, 278, 319, 321, 324, 325, 330, 334, 335, 354, 366, 369, 380, 383, 384, 386, 395, 407, 411, 423, 428, 436, 437, 452, 453, 456, 467, 471, 477, 478, 479, 497, 508, 511, 559, 571, 575, 590, 594, 600, 607, 608, 610, 611, 612, 619, 627, 640, 643, 650, 654, 656, 659, 667, 669, 685, 701, 724, 726, 729, 737, 777, 779, 782, 783, 787, 790, 791, 809, 817, 819, 830, 833, 834, 836, 845, 856, 857, 860, 862, 875, 880, 887, 888, 899, 900, 914, 918, 921, 928, 929, 930]","[12, 24, 25, 28, 88, 100, 104, 119, 123, 129, 136, 137, 139, 140, 141, 148, 155, 169, 172, 179, 183, 185, 188, 196, 198, 217, 237, 267, 270, 278, 319, 321, 324, 325, 330, 334, 335, 354, 366, 369, 380, 383, 384, 386, 395, 407, 411, 423, 428, 436, 437, 452, 453, 456, 467, 471, 477, 478, 479, 497, 508, 511, 559, 571, 575, 590, 594, 600, 607, 608, 610, 611, 612, 619, 627, 640, 643, 650, 654, 656, 659, 667, 669, 685, 701, 726, 729, 737, 777, 779, 782, 783, 787, 790, 791, 809, 817, 819, 830, 833, 834, 836, 845, 856, 857, 860, 862, 875, 880, 887, 888, 899, 900, 914, 918, 921, 928, 929, 930]",7/6 successful match,True,[231],True,322,False,,1.0,True,Pearblossom Chevron ( CFN Cardlock ),Chevron
H Pearblossom ( 93553 ) Pearblossom Chevron ( CFN ),5 661-944-0455 13030 CA 138,HRS 24 72 L <U+2610> <U+2610> <U+25A1> O,Pearblossom,93553,Pearblossom Chevron ( CFN ),661-944-0455,2016,Pearblossom,CA,Chevron,,13030 CA 138,Proper,,False,,False,CA 138,,,,,"[237, 701]","[237, 701]","[237, 701]",[],"[103, 104, 105, 106, 107, 108, 109, 110, 111, 112, 113, 114, 115, 116, 117, 118, 119, 120, 121, 122, 123, 124, 125, 126, 127, 128, 129, 130, 131, 132, 133, 134, 135, 136, 137, 138, 139, 140, 141, 142, 143, 144, 145, 146, 147, 148, 149, 150, 151, 152, 153, 154, 155, 156, 157, 158, 159, 160, 161, 162, 163, 164, 165, 166, 167, 168, 169, 170, 171, 172, 173, 174, 175, 176, 177, 178, 179, 180, 181, 182, 183, 184, 185, 186, 187, 188, 189, 190, 191, 192, 193, 194, 195, 196, 197, 198, 199, 200, 201, 202, 203, 204, 205, 206, 207, 208, 209, 210, 211, 212, 213, 214, 215, 216, 217, 218, 219, 220, 221, 222, 223, 224, 225, 226, 227, 228, 229, 230, 231, 232, 233, 234, 235, 236, 237, 238, 239, 240, 241, 242, 243, 244, 245, 246, 247, 248, 249, 250, 251, 252, 253, 254, 255, 256, 257, 258, 259, 260, 261, 262, 263, 264, 265, 266, 267, 268, 269, 270, 271, 272, 273, 274, 275, 276, 277, 278, 279, 280, 281, 282, 283, 284, 285, 286, 287, 288, 289, 290, 291, 292, 293, 294, 295, 296, 297, 298, 299, 300, 301, 302, 303, 304, 305, 306, 307, 308, 309, 310, 311, 312, 313, 314, 315, 316, 317, 318, 319, 320, 321, 322, 323, 324, 325, 326, 327, 328, 329, 330, 331, 332, 333, 334, 335, 336, 337, 574, 575, 576, 577, 578, 579, 580, 581, 582, 583, 584, 585, 586, 587, 588, 589, 590, 591, 592, 593, 594, 595, 596, 597, 598, 599, 600, 601, 602, 603, 604, 605, 606, 607, 608, 609, 610, 611, 612, 613, 614, 615, 616, 617, 618, 619, 620, 621, 622, 623, 624, 625, 626, 627, 628, 629, 630, 631, 632, 633, 634, 635, 636, 637, 638, 639, 640, 641, 642, 643, 644, 645, 646, 647, 648, 649, 650, 651, 652, 653, 654, 655, 656, 657, 658, 659, 660, 661, 662, 663, 664, 665, 666, 667, 668, 669, 670, 671, 672, 673, 674, 675, 676, 677, 678, 679, 680, 681, 682, 683, 684, 685, 686, 687, 688, 689, 690, 691, 692, 693, 694, 695, 696, 697, 698, 699, 700, 701, 702, 703, 704, 705, 706, 707, 708, 709, 710, 711, 712, 713, 714, 715, 716, 717, 718, 719, 720, 721, 722, 723, 724, 725, 726, 727, 728, 729, 730, 731, 732, 733, 734, 735, 736, 737, 738, 739, 740, 741, 742, 743, 744, 745, 746, 747, 748, 749, 750, 751, 752, 753, 754, 755, 756, 757, 758, 759, 760, 761, 762, 763, 764, 765, 766, 767, 768, 769, 770, 771, 772, 773, 774, 775, 776, 777, 778, 779, 780, 781, 782, 783, 784, 785, 786, 787, 788, 789, 790, 791, 792, 793]","[103, 104, 106, 117, 118, 120, 127, 128, 129, 131, 133, 135, 136, 137, 139, 146, 147, 148, 149, 151, 158, 160, 162, 166, 173, 178, 179, 185, 190, 192, 198, 201, 203, 204, 206, 207, 212, 213, 214, 219, 223, 224, 225, 227, 230, 235, 237, 246, 247, 256, 259, 262, 263, 266, 268, 269, 271, 272, 278, 279, 284, 285, 288, 290, 292, 304, 312, 316, 319, 320, 323, 324, 332, 574, 575, 588, 591, 607, 608, 610, 618, 619, 620, 622, 632, 644, 649, 650, 656, 661, 663, 669, 674, 677, 683, 684, 687, 688, 689, 701, 710, 723, 730, 731, 738, 747, 751, 762, 774, 778, 789]","[12, 24, 25, 28, 88, 100, 104, 119, 123, 129, 136, 137, 139, 140, 141, 148, 155, 169, 172, 179, 183, 185, 188, 196, 198, 217, 237, 267, 270, 278, 319, 321, 324, 325, 330, 334, 335, 354, 366, 369, 380, 383, 384, 386, 395, 407, 411, 423, 428, 436, 437, 452, 453, 456, 467, 471, 477, 478, 479, 497, 508, 511, 559, 571, 575, 590, 594, 600, 607, 608, 610, 611, 612, 619, 627, 640, 643, 650, 654, 656, 659, 667, 669, 685, 701, 726, 729, 737, 777, 779, 782, 783, 787, 790, 791, 809, 817, 819, 830, 833, 834, 836, 845, 856, 857, 860, 862, 875, 880, 887, 888, 899, 900, 914, 918, 921, 928, 929, 930]","[12, 24, 25, 28, 88, 100, 104, 119, 123, 129, 136, 137, 139, 140, 141, 148, 155, 169, 172, 179, 183, 185, 188, 196, 198, 217, 237, 264, 267, 270, 278, 319, 321, 324, 325, 330, 334, 335, 354, 366, 369, 380, 383, 384, 386, 395, 407, 411, 423, 428, 436, 437, 452, 453, 456, 467, 471, 477, 478, 479, 497, 508, 511, 559, 571, 575, 590, 594, 600, 607, 608, 610, 611, 612, 619, 627, 640, 643, 650, 654, 656, 659, 667, 669, 685, 701, 724, 726, 729, 737, 777, 779, 782, 783, 787, 790, 791, 809, 817, 819, 830, 833, 834, 836, 845, 856, 857, 860, 862, 875, 880, 887, 888, 899, 900, 914, 918, 921, 928, 929, 930]","[12, 24, 25, 28, 88, 100, 103, 104, 105, 106, 107, 108, 109, 110, 111, 112, 113, 114, 115, 116, 117, 118, 119, 120, 121, 122, 123, 124, 125, 126, 127, 128, 129, 130, 131, 132, 133, 134, 135, 136, 137, 138, 139, 140, 141, 142, 143, 144, 145, 146, 147, 148, 149, 150, 151, 152, 153, 154, 155, 156, 157, 158, 159, 160, 161, 162, 163, 164, 165, 166, 167, 168, 169, 170, 171, 172, 173, 174, 175, 176, 177, 178, 179, 180, 181, 182, 183, 184, 185, 186, 187, 188, 189, 190, 191, 192, 193, 194, 195, 196, 197, 198, 199, 200, 201, 202, 203, 204, 205, 206, 207, 208, 209, 210, 211, 212, 213, 214, 215, 216, 217, 218, 219, 220, 221, 222, 223, 224, 225, 226, 227, 228, 229, 230, 231, 232, 233, 234, 235, 236, 237, 238, 239, 240, 241, 242, 243, 244, 245, 246, 247, 248, 249, 250, 251, 252, 253, 254, 255, 256, 257, 258, 259, 260, 261, 262, 263, 264, 265, 266, 267, 268, 269, 270, 271, 272, 273, 274, 275, 276, 277, 278, 279, 280, 281, 282, 283, 284, 285, 286, 287, 288, 289, 290, 291, 292, 293, 294, 295, 296, 297, 298, 299, 300, 301, 302, 303, 304, 305, 306, 307, 308, 309, 310, 311, 312, 313, 314, 315, 316, 317, 318, 319, 320, 321, 322, 323, 324, 325, 326, 327, 328, 329, 330, 331, 332, 333, 334, 335, 336, 337, 354, 366, 369, 380, 383, 384, 386, 395, 407, 411, 423, 428, 436, 437, 452, 453, 456, 467, 471, 477, 478, 479, 497, 508, 511, 559, 571, 574, 575, 576, 577, 578, 579, 580, 581, 582, 583, 584, 585, 586, 587, 588, 589, 590, 591, 592, 593, 594, 595, 596, 597, 598, 599, 600, 601, 602, 603, 604, 605, 606, 607, 608, 609, 610, 611, 612, 613, 614, 615, 616, 617, 618, 619, 620, 621, 622, 623, 624, 625, 626, 627, 628, 629, 630, 631, 632, 633, 634, 635, 636, 637, 638, 639, 640, 641, 642, 643, 644, 645, 646, 647, 648, 649, 650, 651, 652, 653, 654, 655, 656, 657, 658, 659, 660, 661, 662, 663, 664, 665, 666, 667, 668, 669, 670, 671, 672, 673, 674, 675, 676, 677, 678, 679, 680, 681, 682, 683, 684, 685, 686, 687, 688, 689, 690, 691, 692, 693, 694, 695, 696, 697, 698, 699, 700, 701, 702, 703, 704, 705, 706, 707, 708, 709, 710, 711, 712, 713, 714, 715, 716, 717, 718, 719, 720, 721, 722, 723, 724, 725, 726, 727, 728, 729, 730, 731, 732, 733, 734, 735, 736, 737, 738, 739, 740, 741, 742, 743, 744, 745, 746, 747, 748, 749, 750, 751, 752, 753, 754, 755, 756, 757, 758, 759, 760, 761, 762, 763, 764, 765, 766, 767, 768, 769, 770, 771, 772, 773, 774, 775, 776, 777, 778, 779, 780, 781, 782, 783, 784, 785, 786, 787, 788, 789, 790, 791, 792, 793, 809, 817, 819, 830, 833, 834, 836, 845, 856, 857, 860, 862, 875, 880, 887, 888, 899, 900, 914, 918, 921, 928, 929, 930]",True,"[237, 701]","[103, 104, 105, 106, 107, 108, 109, 110, 111, 112, 113, 114, 115, 116, 117, 118, 119, 120, 121, 122, 123, 124, 125, 126, 127, 128, 129, 130, 131, 132, 133, 134, 135, 136, 137, 138, 139, 140, 141, 142, 143, 144, 145, 146, 147, 148, 149, 150, 151, 152, 153, 154, 155, 156, 157, 158, 159, 160, 161, 162, 163, 164, 165, 166, 167, 168, 169, 170, 171, 172, 173, 174, 175, 176, 177, 178, 179, 180, 181, 182, 183, 184, 185, 186, 187, 188, 189, 190, 191, 192, 193, 194, 195, 196, 197, 198, 199, 200, 201, 202, 203, 204, 205, 206, 207, 208, 209, 210, 211, 212, 213, 214, 215, 216, 217, 218, 219, 220, 221, 222, 223, 224, 225, 226, 227, 228, 229, 230, 231, 232, 233, 234, 235, 236, 237, 238, 239, 240, 241, 242, 243, 244, 245, 246, 247, 248, 249, 250, 251, 252, 253, 254, 255, 256, 257, 258, 259, 260, 261, 262, 263, 264, 265, 266, 267, 268, 269, 270, 271, 272, 273, 274, 275, 276, 277, 278, 279, 280, 281, 282, 283, 284, 285, 286, 287, 288, 289, 290, 291, 292, 293, 294, 295, 296, 297, 298, 299, 300, 301, 302, 303, 304, 305, 306, 307, 308, 309, 310, 311, 312, 313, 314, 315, 316, 317, 318, 319, 320, 321, 322, 323, 324, 325, 326, 327, 328, 329, 330, 331, 332, 333, 334, 335, 336, 337, 574, 575, 576, 577, 578, 579, 580, 581, 582, 583, 584, 585, 586, 587, 588, 589, 590, 591, 592, 593, 594, 595, 596, 597, 598, 599, 600, 601, 602, 603, 604, 605, 606, 607, 608, 609, 610, 611, 612, 613, 614, 615, 616, 617, 618, 619, 620, 621, 622, 623, 624, 625, 626, 627, 628, 629, 630, 631, 632, 633, 634, 635, 636, 637, 638, 639, 640, 641, 642, 643, 644, 645, 646, 647, 648, 649, 650, 651, 652, 653, 654, 655, 656, 657, 658, 659, 660, 661, 662, 663, 664, 665, 666, 667, 668, 669, 670, 671, 672, 673, 674, 675, 676, 677, 678, 679, 680, 681, 682, 683, 684, 685, 686, 687, 688, 689, 690, 691, 692, 693, 694, 695, 696, 697, 698, 699, 700, 701, 702, 703, 704, 705, 706, 707, 708, 709, 710, 711, 712, 713, 714, 715, 716, 717, 718, 719, 720, 721, 722, 723, 724, 725, 726, 727, 728, 729, 730, 731, 732, 733, 734, 735, 736, 737, 738, 739, 740, 741, 742, 743, 744, 745, 746, 747, 748, 749, 750, 751, 752, 753, 754, 755, 756, 757, 758, 759, 760, 761, 762, 763, 764, 765, 766, 767, 768, 769, 770, 771, 772, 773, 774, 775, 776, 777, 778, 779, 780, 781, 782, 783, 784, 785, 786, 787, 788, 789, 790, 791, 792, 793]","[237, 701]",[],"[103, 104, 106, 117, 118, 120, 127, 128, 129, 131, 133, 135, 136, 137, 139, 146, 147, 148, 149, 151, 158, 160, 162, 166, 173, 178, 179, 185, 190, 192, 198, 201, 203, 204, 206, 207, 212, 213, 214, 219, 223, 224, 225, 227, 230, 235, 237, 246, 247, 256, 259, 262, 263, 266, 268, 269, 271, 272, 278, 279, 284, 285, 288, 290, 292, 304, 312, 316, 319, 320, 323, 324, 332, 574, 575, 588, 591, 607, 608, 610, 618, 619, 620, 622, 632, 644, 649, 650, 656, 661, 663, 669, 674, 677, 683, 684, 687, 688, 689, 701, 710, 723, 730, 731, 738, 747, 751, 762, 774, 778, 789]","[12, 24, 25, 28, 88, 100, 104, 119, 123, 129, 136, 137, 139, 140, 141, 148, 155, 169, 172, 179, 183, 185, 188, 196, 198, 217, 237, 264, 267, 270, 278, 319, 321, 324, 325, 330, 334, 335, 354, 366, 369, 380, 383, 384, 386, 395, 407, 411, 423, 428, 436, 437, 452, 453, 456, 467, 471, 477, 478, 479, 497, 508, 511, 559, 571, 575, 590, 594, 600, 607, 608, 610, 611, 612, 619, 627, 640, 643, 650, 654, 656, 659, 667, 669, 685, 701, 724, 726, 729, 737, 777, 779, 782, 783, 787, 790, 791, 809, 817, 819, 830, 833, 834, 836, 845, 856, 857, 860, 862, 875, 880, 887, 888, 899, 900, 914, 918, 921, 928, 929, 930]","[12, 24, 25, 28, 88, 100, 104, 119, 123, 129, 136, 137, 139, 140, 141, 148, 155, 169, 172, 179, 183, 185, 188, 196, 198, 217, 237, 267, 270, 278, 319, 321, 324, 325, 330, 334, 335, 354, 366, 369, 380, 383, 384, 386, 395, 407, 411, 423, 428, 436, 437, 452, 453, 456, 467, 471, 477, 478, 479, 497, 508, 511, 559, 571, 575, 590, 594, 600, 607, 608, 610, 611, 612, 619, 627, 640, 643, 650, 654, 656, 659, 667, 669, 685, 701, 726, 729, 737, 777, 779, 782, 783, 787, 790, 791, 809, 817, 819, 830, 833, 834, 836, 845, 856, 857, 860, 862, 875, 880, 887, 888, 899, 900, 914, 918, 921, 928, 929, 930]",7/6 successful match,True,[231],True,322,False,,1.0,True,Pearblossom Chevron ( CFN Cardlock ),Chevron
"F Chowchilla , 93610 Ahmed's Exxon",559-665-4146 CA 99 Exit 167 ( Ave 24 W ),A,Chowchilla,93610,Ahmed's Exxon,559-665-4146,2006,Chowchilla,CA,Exxon,( Ave 24 W ),CA 99 Exit 167 ,Exit,167,False,,False,CA 99,,,,,"[777, 319]","[319, 777]","[319, 777]","[319, 452, 473, 777, 899, 920]","[103, 104, 105, 106, 107, 108, 109, 110, 111, 112, 113, 114, 115, 116, 117, 118, 119, 120, 121, 122, 123, 124, 125, 126, 127, 128, 129, 130, 131, 132, 133, 134, 135, 136, 137, 138, 139, 140, 141, 142, 143, 144, 145, 146, 147, 148, 149, 150, 151, 152, 153, 154, 155, 156, 157, 158, 159, 160, 161, 162, 163, 164, 165, 166, 167, 168, 169, 170, 171, 172, 173, 174, 175, 176, 177, 178, 179, 180, 181, 182, 183, 184, 185, 186, 187, 188, 189, 190, 191, 192, 193, 194, 195, 196, 197, 198, 199, 200, 201, 202, 203, 204, 205, 206, 207, 208, 209, 210, 211, 212, 213, 214, 215, 216, 217, 218, 219, 220, 221, 222, 223, 224, 225, 226, 227, 228, 229, 230, 231, 232, 233, 234, 235, 236, 237, 238, 239, 240, 241, 242, 243, 244, 245, 246, 247, 248, 249, 250, 251, 252, 253, 254, 255, 256, 257, 258, 259, 260, 261, 262, 263, 264, 265, 266, 267, 268, 269, 270, 271, 272, 273, 274, 275, 276, 277, 278, 279, 280, 281, 282, 283, 284, 285, 286, 287, 288, 289, 290, 291, 292, 293, 294, 295, 296, 297, 298, 299, 300, 301, 302, 303, 304, 305, 306, 307, 308, 309, 310, 311, 312, 313, 314, 315, 316, 317, 318, 319, 320, 321, 322, 323, 324, 325, 326, 327, 328, 329, 330, 331, 332, 333, 334, 335, 336, 337, 574, 575, 576, 577, 578, 579, 580, 581, 582, 583, 584, 585, 586, 587, 588, 589, 590, 591, 592, 593, 594, 595, 596, 597, 598, 599, 600, 601, 602, 603, 604, 605, 606, 607, 608, 609, 610, 611, 612, 613, 614, 615, 616, 617, 618, 619, 620, 621, 622, 623, 624, 625, 626, 627, 628, 629, 630, 631, 632, 633, 634, 635, 636, 637, 638, 639, 640, 641, 642, 643, 644, 645, 646, 647, 648, 649, 650, 651, 652, 653, 654, 655, 656, 657, 658, 659, 660, 661, 662, 663, 664, 665, 666, 667, 668, 669, 670, 671, 672, 673, 674, 675, 676, 677, 678, 679, 680, 681, 682, 683, 684, 685, 686, 687, 688, 689, 690, 691, 692, 693, 694, 695, 696, 697, 698, 699, 700, 701, 702, 703, 704, 705, 706, 707, 708, 709, 710, 711, 712, 713, 714, 715, 716, 717, 718, 719, 720, 721, 722, 723, 724, 725, 726, 727, 728, 729, 730, 731, 732, 733, 734, 735, 736, 737, 738, 739, 740, 741, 742, 743, 744, 745, 746, 747, 748, 749, 750, 751, 752, 753, 754, 755, 756, 757, 758, 759, 760, 761, 762, 763, 764, 765, 766, 767, 768, 769, 770, 771, 772, 773, 774, 775, 776, 777, 778, 779, 780, 781, 782, 783, 784, 785, 786, 787, 788, 789, 790, 791, 792, 793]","[10, 75, 103, 104, 106, 117, 118, 120, 127, 128, 129, 131, 133, 135, 136, 137, 139, 146, 147, 148, 149, 151, 158, 160, 162, 166, 173, 178, 179, 185, 190, 192, 198, 201, 203, 204, 206, 207, 212, 213, 214, 219, 223, 224, 225, 227, 230, 235, 237, 246, 247, 256, 259, 262, 263, 266, 268, 269, 271, 272, 278, 279, 284, 285, 288, 290, 292, 304, 306, 312, 316, 319, 320, 323, 324, 329, 332, 335, 495, 549, 574, 575, 577, 588, 589, 591, 598, 599, 600, 602, 604, 606, 607, 608, 610, 617, 618, 619, 620, 622, 625, 630, 632, 634, 638, 644, 649, 650, 656, 661, 663, 669, 673, 674, 676, 677, 682, 683, 684, 687, 688, 689, 691, 694, 699, 701, 710, 718, 722, 723, 727, 728, 730, 731, 737, 738, 743, 744, 747, 749, 751, 762, 764, 770, 774, 777, 778, 781, 782, 789, 791]","[398, 399, 400, 848, 849]","[398, 399, 400, 848, 849]","[10, 75, 103, 104, 105, 106, 107, 108, 109, 110, 111, 112, 113, 114, 115, 116, 117, 118, 119, 120, 121, 122, 123, 124, 125, 126, 127, 128, 129, 130, 131, 132, 133, 134, 135, 136, 137, 138, 139, 140, 141, 142, 143, 144, 145, 146, 147, 148, 149, 150, 151, 152, 153, 154, 155, 156, 157, 158, 159, 160, 161, 162, 163, 164, 165, 166, 167, 168, 169, 170, 171, 172, 173, 174, 175, 176, 177, 178, 179, 180, 181, 182, 183, 184, 185, 186, 187, 188, 189, 190, 191, 192, 193, 194, 195, 196, 197, 198, 199, 200, 201, 202, 203, 204, 205, 206, 207, 208, 209, 210, 211, 212, 213, 214, 215, 216, 217, 218, 219, 220, 221, 222, 223, 224, 225, 226, 227, 228, 229, 230, 231, 232, 233, 234, 235, 236, 237, 238, 239, 240, 241, 242, 243, 244, 245, 246, 247, 248, 249, 250, 251, 252, 253, 254, 255, 256, 257, 258, 259, 260, 261, 262, 263, 264, 265, 266, 267, 268, 269, 270, 271, 272, 273, 274, 275, 276, 277, 278, 279, 280, 281, 282, 283, 284, 285, 286, 287, 288, 289, 290, 291, 292, 293, 294, 295, 296, 297, 298, 299, 300, 301, 302, 303, 304, 305, 306, 307, 308, 309, 310, 311, 312, 313, 314, 315, 316, 317, 318, 319, 320, 321, 322, 323, 324, 325, 326, 327, 328, 329, 330, 331, 332, 333, 334, 335, 336, 337, 398, 399, 400, 452, 473, 495, 549, 574, 575, 576, 577, 578, 579, 580, 581, 582, 583, 584, 585, 586, 587, 588, 589, 590, 591, 592, 593, 594, 595, 596, 597, 598, 599, 600, 601, 602, 603, 604, 605, 606, 607, 608, 609, 610, 611, 612, 613, 614, 615, 616, 617, 618, 619, 620, 621, 622, 623, 624, 625, 626, 627, 628, 629, 630, 631, 632, 633, 634, 635, 636, 637, 638, 639, 640, 641, 642, 643, 644, 645, 646, 647, 648, 649, 650, 651, 652, 653, 654, 655, 656, 657, 658, 659, 660, 661, 662, 663, 664, 665, 666, 667, 668, 669, 670, 671, 672, 673, 674, 675, 676, 677, 678, 679, 680, 681, 682, 683, 684, 685, 686, 687, 688, 689, 690, 691, 692, 693, 694, 695, 696, 697, 698, 699, 700, 701, 702, 703, 704, 705, 706, 707, 708, 709, 710, 711, 712, 713, 714, 715, 716, 717, 718, 719, 720, 721, 722, 723, 724, 725, 726, 727, 728, 729, 730, 731, 732, 733, 734, 735, 736, 737, 738, 739, 740, 741, 742, 743, 744, 745, 746, 747, 748, 749, 750, 751, 752, 753, 754, 755, 756, 757, 758, 759, 760, 761, 762, 763, 764, 765, 766, 767, 768, 769, 770, 771, 772, 773, 774, 775, 776, 777, 778, 779, 780, 781, 782, 783, 784, 785, 786, 787, 788, 789, 790, 791, 792, 793, 848, 849, 899, 920]",True,"[319, 777]","[103, 104, 105, 106, 107, 108, 109, 110, 111, 112, 113, 114, 115, 116, 117, 118, 119, 120, 121, 122, 123, 124, 125, 126, 127, 128, 129, 130, 131, 132, 133, 134, 135, 136, 137, 138, 139, 140, 141, 142, 143, 144, 145, 146, 147, 148, 149, 150, 151, 152, 153, 154, 155, 156, 157, 158, 159, 160, 161, 162, 163, 164, 165, 166, 167, 168, 169, 170, 171, 172, 173, 174, 175, 176, 177, 178, 179, 180, 181, 182, 183, 184, 185, 186, 187, 188, 189, 190, 191, 192, 193, 194, 195, 196, 197, 198, 199, 200, 201, 202, 203, 204, 205, 206, 207, 208, 209, 210, 211, 212, 213, 214, 215, 216, 217, 218, 219, 220, 221, 222, 223, 224, 225, 226, 227, 228, 229, 230, 231, 232, 233, 234, 235, 236, 237, 238, 239, 240, 241, 242, 243, 244, 245, 246, 247, 248, 249, 250, 251, 252, 253, 254, 255, 256, 257, 258, 259, 260, 261, 262, 263, 264, 265, 266, 267, 268, 269, 270, 271, 272, 273, 274, 275, 276, 277, 278, 279, 280, 281, 282, 283, 284, 285, 286, 287, 288, 289, 290, 291, 292, 293, 294, 295, 296, 297, 298, 299, 300, 301, 302, 303, 304, 305, 306, 307, 308, 309, 310, 311, 312, 313, 314, 315, 316, 317, 318, 319, 320, 321, 322, 323, 324, 325, 326, 327, 328, 329, 330, 331, 332, 333, 334, 335, 336, 337, 574, 575, 576, 577, 578, 579, 580, 581, 582, 583, 584, 585, 586, 587, 588, 589, 590, 591, 592, 593, 594, 595, 596, 597, 598, 599, 600, 601, 602, 603, 604, 605, 606, 607, 608, 609, 610, 611, 612, 613, 614, 615, 616, 617, 618, 619, 620, 621, 622, 623, 624, 625, 626, 627, 628, 629, 630, 631, 632, 633, 634, 635, 636, 637, 638, 639, 640, 641, 642, 643, 644, 645, 646, 647, 648, 649, 650, 651, 652, 653, 654, 655, 656, 657, 658, 659, 660, 661, 662, 663, 664, 665, 666, 667, 668, 669, 670, 671, 672, 673, 674, 675, 676, 677, 678, 679, 680, 681, 682, 683, 684, 685, 686, 687, 688, 689, 690, 691, 692, 693, 694, 695, 696, 697, 698, 699, 700, 701, 702, 703, 704, 705, 706, 707, 708, 709, 710, 711, 712, 713, 714, 715, 716, 717, 718, 719, 720, 721, 722, 723, 724, 725, 726, 727, 728, 729, 730, 731, 732, 733, 734, 735, 736, 737, 738, 739, 740, 741, 742, 743, 744, 745, 746, 747, 748, 749, 750, 751, 752, 753, 754, 755, 756, 757, 758, 759, 760, 761, 762, 763, 764, 765, 766, 767, 768, 769, 770, 771, 772, 773, 774, 775, 776, 777, 778, 779, 780, 781, 782, 783, 784, 785, 786, 787, 788, 789, 790, 791, 792, 793]","[319, 777]","[319, 452, 473, 777, 899, 920]","[10, 75, 103, 104, 106, 117, 118, 120, 127, 128, 129, 131, 133, 135, 136, 137, 139, 146, 147, 148, 149, 151, 158, 160, 162, 166, 173, 178, 179, 185, 190, 192, 198, 201, 203, 204, 206, 207, 212, 213, 214, 219, 223, 224, 225, 227, 230, 235, 237, 246, 247, 256, 259, 262, 263, 266, 268, 269, 271, 272, 278, 279, 284, 285, 288, 290, 292, 304, 306, 312, 316, 319, 320, 323, 324, 329, 332, 335, 495, 549, 574, 575, 577, 588, 589, 591, 598, 599, 600, 602, 604, 606, 607, 608, 610, 617, 618, 619, 620, 622, 625, 630, 632, 634, 638, 644, 649, 650, 656, 661, 663, 669, 673, 674, 676, 677, 682, 683, 684, 687, 688, 689, 691, 694, 699, 701, 710, 718, 722, 723, 727, 728, 730, 731, 737, 738, 743, 744, 747, 749, 751, 762, 764, 770, 774, 777, 778, 781, 782, 789, 791]","[398, 399, 400, 848, 849]","[398, 399, 400, 848, 849]",5/6 successful match,True,"[41, 42]",True,323,False,,,,,
"Chowchilla , 93610 Ahmed's Exxon",559-665-4146 CA 99 Exit 167 ( Ave 24 W ),S - - -,Chowchilla,93610,Ahmed's Exxon,559-665-4146,2007,Chowchilla,CA,Exxon,( Ave 24 W ),CA 99 Exit 167 ,Exit,167,False,,False,CA 99,,,,,"[777, 319]","[319, 777]","[319, 777]","[319, 452, 473, 777, 899, 920]","[103, 104, 105, 106, 107, 108, 109, 110, 111, 112, 113, 114, 115, 116, 117, 118, 119, 120, 121, 122, 123, 124, 125, 126, 127, 128, 129, 130, 131, 132, 133, 134, 135, 136, 137, 138, 139, 140, 141, 142, 143, 144, 145, 146, 147, 148, 149, 150, 151, 152, 153, 154, 155, 156, 157, 158, 159, 160, 161, 162, 163, 164, 165, 166, 167, 168, 169, 170, 171, 172, 173, 174, 175, 176, 177, 178, 179, 180, 181, 182, 183, 184, 185, 186, 187, 188, 189, 190, 191, 192, 193, 194, 195, 196, 197, 198, 199, 200, 201, 202, 203, 204, 205, 206, 207, 208, 209, 210, 211, 212, 213, 214, 215, 216, 217, 218, 219, 220, 221, 222, 223, 224, 225, 226, 227, 228, 229, 230, 231, 232, 233, 234, 235, 236, 237, 238, 239, 240, 241, 242, 243, 244, 245, 246, 247, 248, 249, 250, 251, 252, 253, 254, 255, 256, 257, 258, 259, 260, 261, 262, 263, 264, 265, 266, 267, 268, 269, 270, 271, 272, 273, 274, 275, 276, 277, 278, 279, 280, 281, 282, 283, 284, 285, 286, 287, 288, 289, 290, 291, 292, 293, 294, 295, 296, 297, 298, 299, 300, 301, 302, 303, 304, 305, 306, 307, 308, 309, 310, 311, 312, 313, 314, 315, 316, 317, 318, 319, 320, 321, 322, 323, 324, 325, 326, 327, 328, 329, 330, 331, 332, 333, 334, 335, 336, 337, 574, 575, 576, 577, 578, 579, 580, 581, 582, 583, 584, 585, 586, 587, 588, 589, 590, 591, 592, 593, 594, 595, 596, 597, 598, 599, 600, 601, 602, 603, 604, 605, 606, 607, 608, 609, 610, 611, 612, 613, 614, 615, 616, 617, 618, 619, 620, 621, 622, 623, 624, 625, 626, 627, 628, 629, 630, 631, 632, 633, 634, 635, 636, 637, 638, 639, 640, 641, 642, 643, 644, 645, 646, 647, 648, 649, 650, 651, 652, 653, 654, 655, 656, 657, 658, 659, 660, 661, 662, 663, 664, 665, 666, 667, 668, 669, 670, 671, 672, 673, 674, 675, 676, 677, 678, 679, 680, 681, 682, 683, 684, 685, 686, 687, 688, 689, 690, 691, 692, 693, 694, 695, 696, 697, 698, 699, 700, 701, 702, 703, 704, 705, 706, 707, 708, 709, 710, 711, 712, 713, 714, 715, 716, 717, 718, 719, 720, 721, 722, 723, 724, 725, 726, 727, 728, 729, 730, 731, 732, 733, 734, 735, 736, 737, 738, 739, 740, 741, 742, 743, 744, 745, 746, 747, 748, 749, 750, 751, 752, 753, 754, 755, 756, 757, 758, 759, 760, 761, 762, 763, 764, 765, 766, 767, 768, 769, 770, 771, 772, 773, 774, 775, 776, 777, 778, 779, 780, 781, 782, 783, 784, 785, 786, 787, 788, 789, 790, 791, 792, 793]","[10, 75, 103, 104, 106, 117, 118, 120, 127, 128, 129, 131, 133, 135, 136, 137, 139, 146, 147, 148, 149, 151, 158, 160, 162, 166, 173, 178, 179, 185, 190, 192, 198, 201, 203, 204, 206, 207, 212, 213, 214, 219, 223, 224, 225, 227, 230, 235, 237, 246, 247, 256, 259, 262, 263, 266, 268, 269, 271, 272, 278, 279, 284, 285, 288, 290, 292, 304, 306, 312, 316, 319, 320, 323, 324, 329, 332, 335, 495, 549, 574, 575, 577, 588, 589, 591, 598, 599, 600, 602, 604, 606, 607, 608, 610, 617, 618, 619, 620, 622, 625, 630, 632, 634, 638, 644, 649, 650, 656, 661, 663, 669, 673, 674, 676, 677, 682, 683, 684, 687, 688, 689, 691, 694, 699, 701, 710, 718, 722, 723, 727, 728, 730, 731, 737, 738, 743, 744, 747, 749, 751, 762, 764, 770, 774, 777, 778, 781, 782, 789, 791]","[398, 399, 400, 848, 849]","[398, 399, 400, 848, 849]","[10, 75, 103, 104, 105, 106, 107, 108, 109, 110, 111, 112, 113, 114, 115, 116, 117, 118, 119, 120, 121, 122, 123, 124, 125, 126, 127, 128, 129, 130, 131, 132, 133, 134, 135, 136, 137, 138, 139, 140, 141, 142, 143, 144, 145, 146, 147, 148, 149, 150, 151, 152, 153, 154, 155, 156, 157, 158, 159, 160, 161, 162, 163, 164, 165, 166, 167, 168, 169, 170, 171, 172, 173, 174, 175, 176, 177, 178, 179, 180, 181, 182, 183, 184, 185, 186, 187, 188, 189, 190, 191, 192, 193, 194, 195, 196, 197, 198, 199, 200, 201, 202, 203, 204, 205, 206, 207, 208, 209, 210, 211, 212, 213, 214, 215, 216, 217, 218, 219, 220, 221, 222, 223, 224, 225, 226, 227, 228, 229, 230, 231, 232, 233, 234, 235, 236, 237, 238, 239, 240, 241, 242, 243, 244, 245, 246, 247, 248, 249, 250, 251, 252, 253, 254, 255, 256, 257, 258, 259, 260, 261, 262, 263, 264, 265, 266, 267, 268, 269, 270, 271, 272, 273, 274, 275, 276, 277, 278, 279, 280, 281, 282, 283, 284, 285, 286, 287, 288, 289, 290, 291, 292, 293, 294, 295, 296, 297, 298, 299, 300, 301, 302, 303, 304, 305, 306, 307, 308, 309, 310, 311, 312, 313, 314, 315, 316, 317, 318, 319, 320, 321, 322, 323, 324, 325, 326, 327, 328, 329, 330, 331, 332, 333, 334, 335, 336, 337, 398, 399, 400, 452, 473, 495, 549, 574, 575, 576, 577, 578, 579, 580, 581, 582, 583, 584, 585, 586, 587, 588, 589, 590, 591, 592, 593, 594, 595, 596, 597, 598, 599, 600, 601, 602, 603, 604, 605, 606, 607, 608, 609, 610, 611, 612, 613, 614, 615, 616, 617, 618, 619, 620, 621, 622, 623, 624, 625, 626, 627, 628, 629, 630, 631, 632, 633, 634, 635, 636, 637, 638, 639, 640, 641, 642, 643, 644, 645, 646, 647, 648, 649, 650, 651, 652, 653, 654, 655, 656, 657, 658, 659, 660, 661, 662, 663, 664, 665, 666, 667, 668, 669, 670, 671, 672, 673, 674, 675, 676, 677, 678, 679, 680, 681, 682, 683, 684, 685, 686, 687, 688, 689, 690, 691, 692, 693, 694, 695, 696, 697, 698, 699, 700, 701, 702, 703, 704, 705, 706, 707, 708, 709, 710, 711, 712, 713, 714, 715, 716, 717, 718, 719, 720, 721, 722, 723, 724, 725, 726, 727, 728, 729, 730, 731, 732, 733, 734, 735, 736, 737, 738, 739, 740, 741, 742, 743, 744, 745, 746, 747, 748, 749, 750, 751, 752, 753, 754, 755, 756, 757, 758, 759, 760, 761, 762, 763, 764, 765, 766, 767, 768, 769, 770, 771, 772, 773, 774, 775, 776, 777, 778, 779, 780, 781, 782, 783, 784, 785, 786, 787, 788, 789, 790, 791, 792, 793, 848, 849, 899, 920]",True,"[319, 777]","[103, 104, 105, 106, 107, 108, 109, 110, 111, 112, 113, 114, 115, 116, 117, 118, 119, 120, 121, 122, 123, 124, 125, 126, 127, 128, 129, 130, 131, 132, 133, 134, 135, 136, 137, 138, 139, 140, 141, 142, 143, 144, 145, 146, 147, 148, 149, 150, 151, 152, 153, 154, 155, 156, 157, 158, 159, 160, 161, 162, 163, 164, 165, 166, 167, 168, 169, 170, 171, 172, 173, 174, 175, 176, 177, 178, 179, 180, 181, 182, 183, 184, 185, 186, 187, 188, 189, 190, 191, 192, 193, 194, 195, 196, 197, 198, 199, 200, 201, 202, 203, 204, 205, 206, 207, 208, 209, 210, 211, 212, 213, 214, 215, 216, 217, 218, 219, 220, 221, 222, 223, 224, 225, 226, 227, 228, 229, 230, 231, 232, 233, 234, 235, 236, 237, 238, 239, 240, 241, 242, 243, 244, 245, 246, 247, 248, 249, 250, 251, 252, 253, 254, 255, 256, 257, 258, 259, 260, 261, 262, 263, 264, 265, 266, 267, 268, 269, 270, 271, 272, 273, 274, 275, 276, 277, 278, 279, 280, 281, 282, 283, 284, 285, 286, 287, 288, 289, 290, 291, 292, 293, 294, 295, 296, 297, 298, 299, 300, 301, 302, 303, 304, 305, 306, 307, 308, 309, 310, 311, 312, 313, 314, 315, 316, 317, 318, 319, 320, 321, 322, 323, 324, 325, 326, 327, 328, 329, 330, 331, 332, 333, 334, 335, 336, 337, 574, 575, 576, 577, 578, 579, 580, 581, 582, 583, 584, 585, 586, 587, 588, 589, 590, 591, 592, 593, 594, 595, 596, 597, 598, 599, 600, 601, 602, 603, 604, 605, 606, 607, 608, 609, 610, 611, 612, 613, 614, 615, 616, 617, 618, 619, 620, 621, 622, 623, 624, 625, 626, 627, 628, 629, 630, 631, 632, 633, 634, 635, 636, 637, 638, 639, 640, 641, 642, 643, 644, 645, 646, 647, 648, 649, 650, 651, 652, 653, 654, 655, 656, 657, 658, 659, 660, 661, 662, 663, 664, 665, 666, 667, 668, 669, 670, 671, 672, 673, 674, 675, 676, 677, 678, 679, 680, 681, 682, 683, 684, 685, 686, 687, 688, 689, 690, 691, 692, 693, 694, 695, 696, 697, 698, 699, 700, 701, 702, 703, 704, 705, 706, 707, 708, 709, 710, 711, 712, 713, 714, 715, 716, 717, 718, 719, 720, 721, 722, 723, 724, 725, 726, 727, 728, 729, 730, 731, 732, 733, 734, 735, 736, 737, 738, 739, 740, 741, 742, 743, 744, 745, 746, 747, 748, 749, 750, 751, 752, 753, 754, 755, 756, 757, 758, 759, 760, 761, 762, 763, 764, 765, 766, 767, 768, 769, 770, 771, 772, 773, 774, 775, 776, 777, 778, 779, 780, 781, 782, 783, 784, 785, 786, 787, 788, 789, 790, 791, 792, 793]","[319, 777]","[319, 452, 473, 777, 899, 920]","[10, 75, 103, 104, 106, 117, 118, 120, 127, 128, 129, 131, 133, 135, 136, 137, 139, 146, 147, 148, 149, 151, 158, 160, 162, 166, 173, 178, 179, 185, 190, 192, 198, 201, 203, 204, 206, 207, 212, 213, 214, 219, 223, 224, 225, 227, 230, 235, 237, 246, 247, 256, 259, 262, 263, 266, 268, 269, 271, 272, 278, 279, 284, 285, 288, 290, 292, 304, 306, 312, 316, 319, 320, 323, 324, 329, 332, 335, 495, 549, 574, 575, 577, 588, 589, 591, 598, 599, 600, 602, 604, 606, 607, 608, 610, 617, 618, 619, 620, 622, 625, 630, 632, 634, 638, 644, 649, 650, 656, 661, 663, 669, 673, 674, 676, 677, 682, 683, 684, 687, 688, 689, 691, 694, 699, 701, 710, 718, 722, 723, 727, 728, 730, 731, 737, 738, 743, 744, 747, 749, 751, 762, 764, 770, 774, 777, 778, 781, 782, 789, 791]","[398, 399, 400, 848, 849]","[398, 399, 400, 848, 849]",5/6 successful match,True,"[41, 42]",True,323,False,,1.0,True,Ahmed's Exxon,Exxon
"F Chowchilla , 936.10 Ahmed's Exxon",3 559-665-4146 CA 99 Exit 167 ( Ave 24 W ),24 HRS S,Chowchilla,93610,,559-665-4146,2008,Chowchilla,CA,,( Ave 24 W ),CA 99 Exit 167 ,Exit,167,False,,False,CA 99,,,,,"[777, 319]","[319, 777]","[319, 777]","[319, 452, 473, 777, 899, 920]","[103, 104, 105, 106, 107, 108, 109, 110, 111, 112, 113, 114, 115, 116, 117, 118, 119, 120, 121, 122, 123, 124, 125, 126, 127, 128, 129, 130, 131, 132, 133, 134, 135, 136, 137, 138, 139, 140, 141, 142, 143, 144, 145, 146, 147, 148, 149, 150, 151, 152, 153, 154, 155, 156, 157, 158, 159, 160, 161, 162, 163, 164, 165, 166, 167, 168, 169, 170, 171, 172, 173, 174, 175, 176, 177, 178, 179, 180, 181, 182, 183, 184, 185, 186, 187, 188, 189, 190, 191, 192, 193, 194, 195, 196, 197, 198, 199, 200, 201, 202, 203, 204, 205, 206, 207, 208, 209, 210, 211, 212, 213, 214, 215, 216, 217, 218, 219, 220, 221, 222, 223, 224, 225, 226, 227, 228, 229, 230, 231, 232, 233, 234, 235, 236, 237, 238, 239, 240, 241, 242, 243, 244, 245, 246, 247, 248, 249, 250, 251, 252, 253, 254, 255, 256, 257, 258, 259, 260, 261, 262, 263, 264, 265, 266, 267, 268, 269, 270, 271, 272, 273, 274, 275, 276, 277, 278, 279, 280, 281, 282, 283, 284, 285, 286, 287, 288, 289, 290, 291, 292, 293, 294, 295, 296, 297, 298, 299, 300, 301, 302, 303, 304, 305, 306, 307, 308, 309, 310, 311, 312, 313, 314, 315, 316, 317, 318, 319, 320, 321, 322, 323, 324, 325, 326, 327, 328, 329, 330, 331, 332, 333, 334, 335, 336, 337, 574, 575, 576, 577, 578, 579, 580, 581, 582, 583, 584, 585, 586, 587, 588, 589, 590, 591, 592, 593, 594, 595, 596, 597, 598, 599, 600, 601, 602, 603, 604, 605, 606, 607, 608, 609, 610, 611, 612, 613, 614, 615, 616, 617, 618, 619, 620, 621, 622, 623, 624, 625, 626, 627, 628, 629, 630, 631, 632, 633, 634, 635, 636, 637, 638, 639, 640, 641, 642, 643, 644, 645, 646, 647, 648, 649, 650, 651, 652, 653, 654, 655, 656, 657, 658, 659, 660, 661, 662, 663, 664, 665, 666, 667, 668, 669, 670, 671, 672, 673, 674, 675, 676, 677, 678, 679, 680, 681, 682, 683, 684, 685, 686, 687, 688, 689, 690, 691, 692, 693, 694, 695, 696, 697, 698, 699, 700, 701, 702, 703, 704, 705, 706, 707, 708, 709, 710, 711, 712, 713, 714, 715, 716, 717, 718, 719, 720, 721, 722, 723, 724, 725, 726, 727, 728, 729, 730, 731, 732, 733, 734, 735, 736, 737, 738, 739, 740, 741, 742, 743, 744, 745, 746, 747, 748, 749, 750, 751, 752, 753, 754, 755, 756, 757, 758, 759, 760, 761, 762, 763, 764, 765, 766, 767, 768, 769, 770, 771, 772, 773, 774, 775, 776, 777, 778, 779, 780, 781, 782, 783, 784, 785, 786, 787, 788, 789, 790, 791, 792, 793]","[10, 75, 103, 104, 106, 117, 118, 120, 127, 128, 129, 131, 133, 135, 136, 137, 139, 146, 147, 148, 149, 151, 158, 160, 162, 166, 173, 178, 179, 185, 190, 192, 198, 201, 203, 204, 206, 207, 212, 213, 214, 219, 223, 224, 225, 227, 230, 235, 237, 246, 247, 256, 259, 262, 263, 266, 268, 269, 271, 272, 278, 279, 284, 285, 288, 290, 292, 304, 306, 312, 316, 319, 320, 323, 324, 329, 332, 335, 495, 549, 574, 575, 577, 588, 589, 591, 598, 599, 600, 602, 604, 606, 607, 608, 610, 617, 618, 619, 620, 622, 625, 630, 632, 634, 638, 644, 649, 650, 656, 661, 663, 669, 673, 674, 676, 677, 682, 683, 684, 687, 688, 689, 691, 694, 699, 701, 710, 718, 722, 723, 727, 728, 730, 731, 737, 738, 743, 744, 747, 749, 751, 762, 764, 770, 774, 777, 778, 781, 782, 789, 791]",[],[],"[10, 75, 103, 104, 105, 106, 107, 108, 109, 110, 111, 112, 113, 114, 115, 116, 117, 118, 119, 120, 121, 122, 123, 124, 125, 126, 127, 128, 129, 130, 131, 132, 133, 134, 135, 136, 137, 138, 139, 140, 141, 142, 143, 144, 145, 146, 147, 148, 149, 150, 151, 152, 153, 154, 155, 156, 157, 158, 159, 160, 161, 162, 163, 164, 165, 166, 167, 168, 169, 170, 171, 172, 173, 174, 175, 176, 177, 178, 179, 180, 181, 182, 183, 184, 185, 186, 187, 188, 189, 190, 191, 192, 193, 194, 195, 196, 197, 198, 199, 200, 201, 202, 203, 204, 205, 206, 207, 208, 209, 210, 211, 212, 213, 214, 215, 216, 217, 218, 219, 220, 221, 222, 223, 224, 225, 226, 227, 228, 229, 230, 231, 232, 233, 234, 235, 236, 237, 238, 239, 240, 241, 242, 243, 244, 245, 246, 247, 248, 249, 250, 251, 252, 253, 254, 255, 256, 257, 258, 259, 260, 261, 262, 263, 264, 265, 266, 267, 268, 269, 270, 271, 272, 273, 274, 275, 276, 277, 278, 279, 280, 281, 282, 283, 284, 285, 286, 287, 288, 289, 290, 291, 292, 293, 294, 295, 296, 297, 298, 299, 300, 301, 302, 303, 304, 305, 306, 307, 308, 309, 310, 311, 312, 313, 314, 315, 316, 317, 318, 319, 320, 321, 322, 323, 324, 325, 326, 327, 328, 329, 330, 331, 332, 333, 334, 335, 336, 337, 452, 473, 495, 549, 574, 575, 576, 577, 578, 579, 580, 581, 582, 583, 584, 585, 586, 587, 588, 589, 590, 591, 592, 593, 594, 595, 596, 597, 598, 599, 600, 601, 602, 603, 604, 605, 606, 607, 608, 609, 610, 611, 612, 613, 614, 615, 616, 617, 618, 619, 620, 621, 622, 623, 624, 625, 626, 627, 628, 629, 630, 631, 632, 633, 634, 635, 636, 637, 638, 639, 640, 641, 642, 643, 644, 645, 646, 647, 648, 649, 650, 651, 652, 653, 654, 655, 656, 657, 658, 659, 660, 661, 662, 663, 664, 665, 666, 667, 668, 669, 670, 671, 672, 673, 674, 675, 676, 677, 678, 679, 680, 681, 682, 683, 684, 685, 686, 687, 688, 689, 690, 691, 692, 693, 694, 695, 696, 697, 698, 699, 700, 701, 702, 703, 704, 705, 706, 707, 708, 709, 710, 711, 712, 713, 714, 715, 716, 717, 718, 719, 720, 721, 722, 723, 724, 725, 726, 727, 728, 729, 730, 731, 732, 733, 734, 735, 736, 737, 738, 739, 740, 741, 742, 743, 744, 745, 746, 747, 748, 749, 750, 751, 752, 753, 754, 755, 756, 757, 758, 759, 760, 761, 762, 763, 764, 765, 766, 767, 768, 769, 770, 771, 772, 773, 774, 775, 776, 777, 778, 779, 780, 781, 782, 783, 784, 785, 786, 787, 788, 789, 790, 791, 792, 793, 899, 920]",True,"[319, 777]","[103, 104, 105, 106, 107, 108, 109, 110, 111, 112, 113, 114, 115, 116, 117, 118, 119, 120, 121, 122, 123, 124, 125, 126, 127, 128, 129, 130, 131, 132, 133, 134, 135, 136, 137, 138, 139, 140, 141, 142, 143, 144, 145, 146, 147, 148, 149, 150, 151, 152, 153, 154, 155, 156, 157, 158, 159, 160, 161, 162, 163, 164, 165, 166, 167, 168, 169, 170, 171, 172, 173, 174, 175, 176, 177, 178, 179, 180, 181, 182, 183, 184, 185, 186, 187, 188, 189, 190, 191, 192, 193, 194, 195, 196, 197, 198, 199, 200, 201, 202, 203, 204, 205, 206, 207, 208, 209, 210, 211, 212, 213, 214, 215, 216, 217, 218, 219, 220, 221, 222, 223, 224, 225, 226, 227, 228, 229, 230, 231, 232, 233, 234, 235, 236, 237, 238, 239, 240, 241, 242, 243, 244, 245, 246, 247, 248, 249, 250, 251, 252, 253, 254, 255, 256, 257, 258, 259, 260, 261, 262, 263, 264, 265, 266, 267, 268, 269, 270, 271, 272, 273, 274, 275, 276, 277, 278, 279, 280, 281, 282, 283, 284, 285, 286, 287, 288, 289, 290, 291, 292, 293, 294, 295, 296, 297, 298, 299, 300, 301, 302, 303, 304, 305, 306, 307, 308, 309, 310, 311, 312, 313, 314, 315, 316, 317, 318, 319, 320, 321, 322, 323, 324, 325, 326, 327, 328, 329, 330, 331, 332, 333, 334, 335, 336, 337, 574, 575, 576, 577, 578, 579, 580, 581, 582, 583, 584, 585, 586, 587, 588, 589, 590, 591, 592, 593, 594, 595, 596, 597, 598, 599, 600, 601, 602, 603, 604, 605, 606, 607, 608, 609, 610, 611, 612, 613, 614, 615, 616, 617, 618, 619, 620, 621, 622, 623, 624, 625, 626, 627, 628, 629, 630, 631, 632, 633, 634, 635, 636, 637, 638, 639, 640, 641, 642, 643, 644, 645, 646, 647, 648, 649, 650, 651, 652, 653, 654, 655, 656, 657, 658, 659, 660, 661, 662, 663, 664, 665, 666, 667, 668, 669, 670, 671, 672, 673, 674, 675, 676, 677, 678, 679, 680, 681, 682, 683, 684, 685, 686, 687, 688, 689, 690, 691, 692, 693, 694, 695, 696, 697, 698, 699, 700, 701, 702, 703, 704, 705, 706, 707, 708, 709, 710, 711, 712, 713, 714, 715, 716, 717, 718, 719, 720, 721, 722, 723, 724, 725, 726, 727, 728, 729, 730, 731, 732, 733, 734, 735, 736, 737, 738, 739, 740, 741, 742, 743, 744, 745, 746, 747, 748, 749, 750, 751, 752, 753, 754, 755, 756, 757, 758, 759, 760, 761, 762, 763, 764, 765, 766, 767, 768, 769, 770, 771, 772, 773, 774, 775, 776, 777, 778, 779, 780, 781, 782, 783, 784, 785, 786, 787, 788, 789, 790, 791, 792, 793]","[319, 777]","[319, 452, 473, 777, 899, 920]","[10, 75, 103, 104, 106, 117, 118, 120, 127, 128, 129, 131, 133, 135, 136, 137, 139, 146, 147, 148, 149, 151, 158, 160, 162, 166, 173, 178, 179, 185, 190, 192, 198, 201, 203, 204, 206, 207, 212, 213, 214, 219, 223, 224, 225, 227, 230, 235, 237, 246, 247, 256, 259, 262, 263, 266, 268, 269, 271, 272, 278, 279, 284, 285, 288, 290, 292, 304, 306, 312, 316, 319, 320, 323, 324, 329, 332, 335, 495, 549, 574, 575, 577, 588, 589, 591, 598, 599, 600, 602, 604, 606, 607, 608, 610, 617, 618, 619, 620, 622, 625, 630, 632, 634, 638, 644, 649, 650, 656, 661, 663, 669, 673, 674, 676, 677, 682, 683, 684, 687, 688, 689, 691, 694, 699, 701, 710, 718, 722, 723, 727, 728, 730, 731, 737, 738, 743, 744, 747, 749, 751, 762, 764, 770, 774, 777, 778, 781, 782, 789, 791]",[],[],7/6 successful match,True,"[41, 42]",True,323,True,2008,0.0,True,Ahmed's Exxon,Exxon
F Chowchilla ( 93610 ) United Park Truck Stop ( Valero ),559-665-4146 CA 99 Exit 167 ( Ave 24 W ),HRO 24 <U+2610> <U+2610> <U+2610> <U+2610>,Chowchilla,93610,United Park Truck Stop ( Valero ),559-665-4146,2014,Chowchilla,CA,Valero,( Ave 24 W ),CA 99 Exit 167 ,Exit,167,False,,False,CA 99,,,,,"[777, 319]","[319, 777]","[319, 777]","[319, 452, 473, 777, 899, 920]","[103, 104, 105, 106, 107, 108, 109, 110, 111, 112, 113, 114, 115, 116, 117, 118, 119, 120, 121, 122, 123, 124, 125, 126, 127, 128, 129, 130, 131, 132, 133, 134, 135, 136, 137, 138, 139, 140, 141, 142, 143, 144, 145, 146, 147, 148, 149, 150, 151, 152, 153, 154, 155, 156, 157, 158, 159, 160, 161, 162, 163, 164, 165, 166, 167, 168, 169, 170, 171, 172, 173, 174, 175, 176, 177, 178, 179, 180, 181, 182, 183, 184, 185, 186, 187, 188, 189, 190, 191, 192, 193, 194, 195, 196, 197, 198, 199, 200, 201, 202, 203, 204, 205, 206, 207, 208, 209, 210, 211, 212, 213, 214, 215, 216, 217, 218, 219, 220, 221, 222, 223, 224, 225, 226, 227, 228, 229, 230, 231, 232, 233, 234, 235, 236, 237, 238, 239, 240, 241, 242, 243, 244, 245, 246, 247, 248, 249, 250, 251, 252, 253, 254, 255, 256, 257, 258, 259, 260, 261, 262, 263, 264, 265, 266, 267, 268, 269, 270, 271, 272, 273, 274, 275, 276, 277, 278, 279, 280, 281, 282, 283, 284, 285, 286, 287, 288, 289, 290, 291, 292, 293, 294, 295, 296, 297, 298, 299, 300, 301, 302, 303, 304, 305, 306, 307, 308, 309, 310, 311, 312, 313, 314, 315, 316, 317, 318, 319, 320, 321, 322, 323, 324, 325, 326, 327, 328, 329, 330, 331, 332, 333, 334, 335, 336, 337, 574, 575, 576, 577, 578, 579, 580, 581, 582, 583, 584, 585, 586, 587, 588, 589, 590, 591, 592, 593, 594, 595, 596, 597, 598, 599, 600, 601, 602, 603, 604, 605, 606, 607, 608, 609, 610, 611, 612, 613, 614, 615, 616, 617, 618, 619, 620, 621, 622, 623, 624, 625, 626, 627, 628, 629, 630, 631, 632, 633, 634, 635, 636, 637, 638, 639, 640, 641, 642, 643, 644, 645, 646, 647, 648, 649, 650, 651, 652, 653, 654, 655, 656, 657, 658, 659, 660, 661, 662, 663, 664, 665, 666, 667, 668, 669, 670, 671, 672, 673, 674, 675, 676, 677, 678, 679, 680, 681, 682, 683, 684, 685, 686, 687, 688, 689, 690, 691, 692, 693, 694, 695, 696, 697, 698, 699, 700, 701, 702, 703, 704, 705, 706, 707, 708, 709, 710, 711, 712, 713, 714, 715, 716, 717, 718, 719, 720, 721, 722, 723, 724, 725, 726, 727, 728, 729, 730, 731, 732, 733, 734, 735, 736, 737, 738, 739, 740, 741, 742, 743, 744, 745, 746, 747, 748, 749, 750, 751, 752, 753, 754, 755, 756, 757, 758, 759, 760, 761, 762, 763, 764, 765, 766, 767, 768, 769, 770, 771, 772, 773, 774, 775, 776, 777, 778, 779, 780, 781, 782, 783, 784, 785, 786, 787, 788, 789, 790, 791, 792, 793]","[10, 75, 103, 104, 106, 117, 118, 120, 127, 128, 129, 131, 133, 135, 136, 137, 139, 146, 147, 148, 149, 151, 158, 160, 162, 166, 173, 178, 179, 185, 190, 192, 198, 201, 203, 204, 206, 207, 212, 213, 214, 219, 223, 224, 225, 227, 230, 235, 237, 246, 247, 256, 259, 262, 263, 266, 268, 269, 271, 272, 278, 279, 284, 285, 288, 290, 292, 304, 306, 312, 316, 319, 320, 323, 324, 329, 332, 335, 495, 549, 574, 575, 577, 588, 589, 591, 598, 599, 600, 602, 604, 606, 607, 608, 610, 617, 618, 619, 620, 622, 625, 630, 632, 634, 638, 644, 649, 650, 656, 661, 663, 669, 673, 674, 676, 677, 682, 683, 684, 687, 688, 689, 691, 694, 699, 701, 710, 718, 722, 723, 727, 728, 730, 731, 737, 738, 743, 744, 747, 749, 751, 762, 764, 770, 774, 777, 778, 781, 782, 789, 791]","[2, 9, 10, 82, 111, 112, 113, 199, 279, 284, 285, 300, 488, 494, 495, 553, 581, 582, 583, 670, 738, 743, 744, 759, 818]","[2, 9, 10, 82, 111, 112, 113, 199, 279, 284, 285, 300, 319, 424, 458, 488, 494, 495, 553, 581, 582, 583, 670, 738, 743, 744, 759, 777, 818, 876, 904, 905]","[2, 9, 10, 75, 82, 103, 104, 105, 106, 107, 108, 109, 110, 111, 112, 113, 114, 115, 116, 117, 118, 119, 120, 121, 122, 123, 124, 125, 126, 127, 128, 129, 130, 131, 132, 133, 134, 135, 136, 137, 138, 139, 140, 141, 142, 143, 144, 145, 146, 147, 148, 149, 150, 151, 152, 153, 154, 155, 156, 157, 158, 159, 160, 161, 162, 163, 164, 165, 166, 167, 168, 169, 170, 171, 172, 173, 174, 175, 176, 177, 178, 179, 180, 181, 182, 183, 184, 185, 186, 187, 188, 189, 190, 191, 192, 193, 194, 195, 196, 197, 198, 199, 200, 201, 202, 203, 204, 205, 206, 207, 208, 209, 210, 211, 212, 213, 214, 215, 216, 217, 218, 219, 220, 221, 222, 223, 224, 225, 226, 227, 228, 229, 230, 231, 232, 233, 234, 235, 236, 237, 238, 239, 240, 241, 242, 243, 244, 245, 246, 247, 248, 249, 250, 251, 252, 253, 254, 255, 256, 257, 258, 259, 260, 261, 262, 263, 264, 265, 266, 267, 268, 269, 270, 271, 272, 273, 274, 275, 276, 277, 278, 279, 280, 281, 282, 283, 284, 285, 286, 287, 288, 289, 290, 291, 292, 293, 294, 295, 296, 297, 298, 299, 300, 301, 302, 303, 304, 305, 306, 307, 308, 309, 310, 311, 312, 313, 314, 315, 316, 317, 318, 319, 320, 321, 322, 323, 324, 325, 326, 327, 328, 329, 330, 331, 332, 333, 334, 335, 336, 337, 424, 452, 458, 473, 488, 494, 495, 549, 553, 574, 575, 576, 577, 578, 579, 580, 581, 582, 583, 584, 585, 586, 587, 588, 589, 590, 591, 592, 593, 594, 595, 596, 597, 598, 599, 600, 601, 602, 603, 604, 605, 606, 607, 608, 609, 610, 611, 612, 613, 614, 615, 616, 617, 618, 619, 620, 621, 622, 623, 624, 625, 626, 627, 628, 629, 630, 631, 632, 633, 634, 635, 636, 637, 638, 639, 640, 641, 642, 643, 644, 645, 646, 647, 648, 649, 650, 651, 652, 653, 654, 655, 656, 657, 658, 659, 660, 661, 662, 663, 664, 665, 666, 667, 668, 669, 670, 671, 672, 673, 674, 675, 676, 677, 678, 679, 680, 681, 682, 683, 684, 685, 686, 687, 688, 689, 690, 691, 692, 693, 694, 695, 696, 697, 698, 699, 700, 701, 702, 703, 704, 705, 706, 707, 708, 709, 710, 711, 712, 713, 714, 715, 716, 717, 718, 719, 720, 721, 722, 723, 724, 725, 726, 727, 728, 729, 730, 731, 732, 733, 734, 735, 736, 737, 738, 739, 740, 741, 742, 743, 744, 745, 746, 747, 748, 749, 750, 751, 752, 753, 754, 755, 756, 757, 758, 759, 760, 761, 762, 763, 764, 765, 766, 767, 768, 769, 770, 771, 772, 773, 774, 775, 776, 777, 778, 779, 780, 781, 782, 783, 784, 785, 786, 787, 788, 789, 790, 791, 792, 793, 818, 876, 899, 904, 905, 920]",True,"[319, 777]","[103, 104, 105, 106, 107, 108, 109, 110, 111, 112, 113, 114, 115, 116, 117, 118, 119, 120, 121, 122, 123, 124, 125, 126, 127, 128, 129, 130, 131, 132, 133, 134, 135, 136, 137, 138, 139, 140, 141, 142, 143, 144, 145, 146, 147, 148, 149, 150, 151, 152, 153, 154, 155, 156, 157, 158, 159, 160, 161, 162, 163, 164, 165, 166, 167, 168, 169, 170, 171, 172, 173, 174, 175, 176, 177, 178, 179, 180, 181, 182, 183, 184, 185, 186, 187, 188, 189, 190, 191, 192, 193, 194, 195, 196, 197, 198, 199, 200, 201, 202, 203, 204, 205, 206, 207, 208, 209, 210, 211, 212, 213, 214, 215, 216, 217, 218, 219, 220, 221, 222, 223, 224, 225, 226, 227, 228, 229, 230, 231, 232, 233, 234, 235, 236, 237, 238, 239, 240, 241, 242, 243, 244, 245, 246, 247, 248, 249, 250, 251, 252, 253, 254, 255, 256, 257, 258, 259, 260, 261, 262, 263, 264, 265, 266, 267, 268, 269, 270, 271, 272, 273, 274, 275, 276, 277, 278, 279, 280, 281, 282, 283, 284, 285, 286, 287, 288, 289, 290, 291, 292, 293, 294, 295, 296, 297, 298, 299, 300, 301, 302, 303, 304, 305, 306, 307, 308, 309, 310, 311, 312, 313, 314, 315, 316, 317, 318, 319, 320, 321, 322, 323, 324, 325, 326, 327, 328, 329, 330, 331, 332, 333, 334, 335, 336, 337, 574, 575, 576, 577, 578, 579, 580, 581, 582, 583, 584, 585, 586, 587, 588, 589, 590, 591, 592, 593, 594, 595, 596, 597, 598, 599, 600, 601, 602, 603, 604, 605, 606, 607, 608, 609, 610, 611, 612, 613, 614, 615, 616, 617, 618, 619, 620, 621, 622, 623, 624, 625, 626, 627, 628, 629, 630, 631, 632, 633, 634, 635, 636, 637, 638, 639, 640, 641, 642, 643, 644, 645, 646, 647, 648, 649, 650, 651, 652, 653, 654, 655, 656, 657, 658, 659, 660, 661, 662, 663, 664, 665, 666, 667, 668, 669, 670, 671, 672, 673, 674, 675, 676, 677, 678, 679, 680, 681, 682, 683, 684, 685, 686, 687, 688, 689, 690, 691, 692, 693, 694, 695, 696, 697, 698, 699, 700, 701, 702, 703, 704, 705, 706, 707, 708, 709, 710, 711, 712, 713, 714, 715, 716, 717, 718, 719, 720, 721, 722, 723, 724, 725, 726, 727, 728, 729, 730, 731, 732, 733, 734, 735, 736, 737, 738, 739, 740, 741, 742, 743, 744, 745, 746, 747, 748, 749, 750, 751, 752, 753, 754, 755, 756, 757, 758, 759, 760, 761, 762, 763, 764, 765, 766, 767, 768, 769, 770, 771, 772, 773, 774, 775, 776, 777, 778, 779, 780, 781, 782, 783, 784, 785, 786, 787, 788, 789, 790, 791, 792, 793]","[319, 777]","[319, 452, 473, 777, 899, 920]","[10, 75, 103, 104, 106, 117, 118, 120, 127, 128, 129, 131, 133, 135, 136, 137, 139, 146, 147, 148, 149, 151, 158, 160, 162, 166, 173, 178, 179, 185, 190, 192, 198, 201, 203, 204, 206, 207, 212, 213, 214, 219, 223, 224, 225, 227, 230, 235, 237, 246, 247, 256, 259, 262, 263, 266, 268, 269, 271, 272, 278, 279, 284, 285, 288, 290, 292, 304, 306, 312, 316, 319, 320, 323, 324, 329, 332, 335, 495, 549, 574, 575, 577, 588, 589, 591, 598, 599, 600, 602, 604, 606, 607, 608, 610, 617, 618, 619, 620, 622, 625, 630, 632, 634, 638, 644, 649, 650, 656, 661, 663, 669, 673, 674, 676, 677, 682, 683, 684, 687, 688, 689, 691, 694, 699, 701, 710, 718, 722, 723, 727, 728, 730, 731, 737, 738, 743, 744, 747, 749, 751, 762, 764, 770, 774, 777, 778, 781, 782, 789, 791]","[2, 9, 10, 82, 111, 112, 113, 199, 279, 284, 285, 300, 319, 424, 458, 488, 494, 495, 553, 581, 582, 583, 670, 738, 743, 744, 759, 777, 818, 876, 904, 905]","[2, 9, 10, 82, 111, 112, 113, 199, 279, 284, 285, 300, 488, 494, 495, 553, 581, 582, 583, 670, 738, 743, 744, 759, 818]",6/6 successful match,True,"[41, 42]",True,323,True,2014,0.0,True,,
F Chowchilla ( 93610 ) United Park Truck Stop ( Valero ),3 559-665-4146 CA 99 Exit 167 ( Ave 24 W ),124 HRS 24 S,Chowchilla,93610,United Park Truck Stop ( Valero ),559-665-4146,2015,Chowchilla,CA,Valero,( Ave 24 W ),CA 99 Exit 167 ,Exit,167,False,,False,CA 99,,,,,"[777, 319]","[319, 777]","[319, 777]","[319, 452, 473, 777, 899, 920]","[103, 104, 105, 106, 107, 108, 109, 110, 111, 112, 113, 114, 115, 116, 117, 118, 119, 120, 121, 122, 123, 124, 125, 126, 127, 128, 129, 130, 131, 132, 133, 134, 135, 136, 137, 138, 139, 140, 141, 142, 143, 144, 145, 146, 147, 148, 149, 150, 151, 152, 153, 154, 155, 156, 157, 158, 159, 160, 161, 162, 163, 164, 165, 166, 167, 168, 169, 170, 171, 172, 173, 174, 175, 176, 177, 178, 179, 180, 181, 182, 183, 184, 185, 186, 187, 188, 189, 190, 191, 192, 193, 194, 195, 196, 197, 198, 199, 200, 201, 202, 203, 204, 205, 206, 207, 208, 209, 210, 211, 212, 213, 214, 215, 216, 217, 218, 219, 220, 221, 222, 223, 224, 225, 226, 227, 228, 229, 230, 231, 232, 233, 234, 235, 236, 237, 238, 239, 240, 241, 242, 243, 244, 245, 246, 247, 248, 249, 250, 251, 252, 253, 254, 255, 256, 257, 258, 259, 260, 261, 262, 263, 264, 265, 266, 267, 268, 269, 270, 271, 272, 273, 274, 275, 276, 277, 278, 279, 280, 281, 282, 283, 284, 285, 286, 287, 288, 289, 290, 291, 292, 293, 294, 295, 296, 297, 298, 299, 300, 301, 302, 303, 304, 305, 306, 307, 308, 309, 310, 311, 312, 313, 314, 315, 316, 317, 318, 319, 320, 321, 322, 323, 324, 325, 326, 327, 328, 329, 330, 331, 332, 333, 334, 335, 336, 337, 574, 575, 576, 577, 578, 579, 580, 581, 582, 583, 584, 585, 586, 587, 588, 589, 590, 591, 592, 593, 594, 595, 596, 597, 598, 599, 600, 601, 602, 603, 604, 605, 606, 607, 608, 609, 610, 611, 612, 613, 614, 615, 616, 617, 618, 619, 620, 621, 622, 623, 624, 625, 626, 627, 628, 629, 630, 631, 632, 633, 634, 635, 636, 637, 638, 639, 640, 641, 642, 643, 644, 645, 646, 647, 648, 649, 650, 651, 652, 653, 654, 655, 656, 657, 658, 659, 660, 661, 662, 663, 664, 665, 666, 667, 668, 669, 670, 671, 672, 673, 674, 675, 676, 677, 678, 679, 680, 681, 682, 683, 684, 685, 686, 687, 688, 689, 690, 691, 692, 693, 694, 695, 696, 697, 698, 699, 700, 701, 702, 703, 704, 705, 706, 707, 708, 709, 710, 711, 712, 713, 714, 715, 716, 717, 718, 719, 720, 721, 722, 723, 724, 725, 726, 727, 728, 729, 730, 731, 732, 733, 734, 735, 736, 737, 738, 739, 740, 741, 742, 743, 744, 745, 746, 747, 748, 749, 750, 751, 752, 753, 754, 755, 756, 757, 758, 759, 760, 761, 762, 763, 764, 765, 766, 767, 768, 769, 770, 771, 772, 773, 774, 775, 776, 777, 778, 779, 780, 781, 782, 783, 784, 785, 786, 787, 788, 789, 790, 791, 792, 793]","[10, 75, 103, 104, 106, 117, 118, 120, 127, 128, 129, 131, 133, 135, 136, 137, 139, 146, 147, 148, 149, 151, 158, 160, 162, 166, 173, 178, 179, 185, 190, 192, 198, 201, 203, 204, 206, 207, 212, 213, 214, 219, 223, 224, 225, 227, 230, 235, 237, 246, 247, 256, 259, 262, 263, 266, 268, 269, 271, 272, 278, 279, 284, 285, 288, 290, 292, 304, 306, 312, 316, 319, 320, 323, 324, 329, 332, 335, 495, 549, 574, 575, 577, 588, 589, 591, 598, 599, 600, 602, 604, 606, 607, 608, 610, 617, 618, 619, 620, 622, 625, 630, 632, 634, 638, 644, 649, 650, 656, 661, 663, 669, 673, 674, 676, 677, 682, 683, 684, 687, 688, 689, 691, 694, 699, 701, 710, 718, 722, 723, 727, 728, 730, 731, 737, 738, 743, 744, 747, 749, 751, 762, 764, 770, 774, 777, 778, 781, 782, 789, 791]","[2, 9, 10, 82, 111, 112, 113, 199, 279, 284, 285, 300, 488, 494, 495, 553, 581, 582, 583, 670, 738, 743, 744, 759, 818]","[2, 9, 10, 82, 111, 112, 113, 199, 279, 284, 285, 300, 319, 424, 458, 488, 494, 495, 553, 581, 582, 583, 670, 738, 743, 744, 759, 777, 818, 876, 904, 905]","[2, 9, 10, 75, 82, 103, 104, 105, 106, 107, 108, 109, 110, 111, 112, 113, 114, 115, 116, 117, 118, 119, 120, 121, 122, 123, 124, 125, 126, 127, 128, 129, 130, 131, 132, 133, 134, 135, 136, 137, 138, 139, 140, 141, 142, 143, 144, 145, 146, 147, 148, 149, 150, 151, 152, 153, 154, 155, 156, 157, 158, 159, 160, 161, 162, 163, 164, 165, 166, 167, 168, 169, 170, 171, 172, 173, 174, 175, 176, 177, 178, 179, 180, 181, 182, 183, 184, 185, 186, 187, 188, 189, 190, 191, 192, 193, 194, 195, 196, 197, 198, 199, 200, 201, 202, 203, 204, 205, 206, 207, 208, 209, 210, 211, 212, 213, 214, 215, 216, 217, 218, 219, 220, 221, 222, 223, 224, 225, 226, 227, 228, 229, 230, 231, 232, 233, 234, 235, 236, 237, 238, 239, 240, 241, 242, 243, 244, 245, 246, 247, 248, 249, 250, 251, 252, 253, 254, 255, 256, 257, 258, 259, 260, 261, 262, 263, 264, 265, 266, 267, 268, 269, 270, 271, 272, 273, 274, 275, 276, 277, 278, 279, 280, 281, 282, 283, 284, 285, 286, 287, 288, 289, 290, 291, 292, 293, 294, 295, 296, 297, 298, 299, 300, 301, 302, 303, 304, 305, 306, 307, 308, 309, 310, 311, 312, 313, 314, 315, 316, 317, 318, 319, 320, 321, 322, 323, 324, 325, 326, 327, 328, 329, 330, 331, 332, 333, 334, 335, 336, 337, 424, 452, 458, 473, 488, 494, 495, 549, 553, 574, 575, 576, 577, 578, 579, 580, 581, 582, 583, 584, 585, 586, 587, 588, 589, 590, 591, 592, 593, 594, 595, 596, 597, 598, 599, 600, 601, 602, 603, 604, 605, 606, 607, 608, 609, 610, 611, 612, 613, 614, 615, 616, 617, 618, 619, 620, 621, 622, 623, 624, 625, 626, 627, 628, 629, 630, 631, 632, 633, 634, 635, 636, 637, 638, 639, 640, 641, 642, 643, 644, 645, 646, 647, 648, 649, 650, 651, 652, 653, 654, 655, 656, 657, 658, 659, 660, 661, 662, 663, 664, 665, 666, 667, 668, 669, 670, 671, 672, 673, 674, 675, 676, 677, 678, 679, 680, 681, 682, 683, 684, 685, 686, 687, 688, 689, 690, 691, 692, 693, 694, 695, 696, 697, 698, 699, 700, 701, 702, 703, 704, 705, 706, 707, 708, 709, 710, 711, 712, 713, 714, 715, 716, 717, 718, 719, 720, 721, 722, 723, 724, 725, 726, 727, 728, 729, 730, 731, 732, 733, 734, 735, 736, 737, 738, 739, 740, 741, 742, 743, 744, 745, 746, 747, 748, 749, 750, 751, 752, 753, 754, 755, 756, 757, 758, 759, 760, 761, 762, 763, 764, 765, 766, 767, 768, 769, 770, 771, 772, 773, 774, 775, 776, 777, 778, 779, 780, 781, 782, 783, 784, 785, 786, 787, 788, 789, 790, 791, 792, 793, 818, 876, 899, 904, 905, 920]",True,"[319, 777]","[103, 104, 105, 106, 107, 108, 109, 110, 111, 112, 113, 114, 115, 116, 117, 118, 119, 120, 121, 122, 123, 124, 125, 126, 127, 128, 129, 130, 131, 132, 133, 134, 135, 136, 137, 138, 139, 140, 141, 142, 143, 144, 145, 146, 147, 148, 149, 150, 151, 152, 153, 154, 155, 156, 157, 158, 159, 160, 161, 162, 163, 164, 165, 166, 167, 168, 169, 170, 171, 172, 173, 174, 175, 176, 177, 178, 179, 180, 181, 182, 183, 184, 185, 186, 187, 188, 189, 190, 191, 192, 193, 194, 195, 196, 197, 198, 199, 200, 201, 202, 203, 204, 205, 206, 207, 208, 209, 210, 211, 212, 213, 214, 215, 216, 217, 218, 219, 220, 221, 222, 223, 224, 225, 226, 227, 228, 229, 230, 231, 232, 233, 234, 235, 236, 237, 238, 239, 240, 241, 242, 243, 244, 245, 246, 247, 248, 249, 250, 251, 252, 253, 254, 255, 256, 257, 258, 259, 260, 261, 262, 263, 264, 265, 266, 267, 268, 269, 270, 271, 272, 273, 274, 275, 276, 277, 278, 279, 280, 281, 282, 283, 284, 285, 286, 287, 288, 289, 290, 291, 292, 293, 294, 295, 296, 297, 298, 299, 300, 301, 302, 303, 304, 305, 306, 307, 308, 309, 310, 311, 312, 313, 314, 315, 316, 317, 318, 319, 320, 321, 322, 323, 324, 325, 326, 327, 328, 329, 330, 331, 332, 333, 334, 335, 336, 337, 574, 575, 576, 577, 578, 579, 580, 581, 582, 583, 584, 585, 586, 587, 588, 589, 590, 591, 592, 593, 594, 595, 596, 597, 598, 599, 600, 601, 602, 603, 604, 605, 606, 607, 608, 609, 610, 611, 612, 613, 614, 615, 616, 617, 618, 619, 620, 621, 622, 623, 624, 625, 626, 627, 628, 629, 630, 631, 632, 633, 634, 635, 636, 637, 638, 639, 640, 641, 642, 643, 644, 645, 646, 647, 648, 649, 650, 651, 652, 653, 654, 655, 656, 657, 658, 659, 660, 661, 662, 663, 664, 665, 666, 667, 668, 669, 670, 671, 672, 673, 674, 675, 676, 677, 678, 679, 680, 681, 682, 683, 684, 685, 686, 687, 688, 689, 690, 691, 692, 693, 694, 695, 696, 697, 698, 699, 700, 701, 702, 703, 704, 705, 706, 707, 708, 709, 710, 711, 712, 713, 714, 715, 716, 717, 718, 719, 720, 721, 722, 723, 724, 725, 726, 727, 728, 729, 730, 731, 732, 733, 734, 735, 736, 737, 738, 739, 740, 741, 742, 743, 744, 745, 746, 747, 748, 749, 750, 751, 752, 753, 754, 755, 756, 757, 758, 759, 760, 761, 762, 763, 764, 765, 766, 767, 768, 769, 770, 771, 772, 773, 774, 775, 776, 777, 778, 779, 780, 781, 782, 783, 784, 785, 786, 787, 788, 789, 790, 791, 792, 793]","[319, 777]","[319, 452, 473, 777, 899, 920]","[10, 75, 103, 104, 106, 117, 118, 120, 127, 128, 129, 131, 133, 135, 136, 137, 139, 146, 147, 148, 149, 151, 158, 160, 162, 166, 173, 178, 179, 185, 190, 192, 198, 201, 203, 204, 206, 207, 212, 213, 214, 219, 223, 224, 225, 227, 230, 235, 237, 246, 247, 256, 259, 262, 263, 266, 268, 269, 271, 272, 278, 279, 284, 285, 288, 290, 292, 304, 306, 312, 316, 319, 320, 323, 324, 329, 332, 335, 495, 549, 574, 575, 577, 588, 589, 591, 598, 599, 600, 602, 604, 606, 607, 608, 610, 617, 618, 619, 620, 622, 625, 630, 632, 634, 638, 644, 649, 650, 656, 661, 663, 669, 673, 674, 676, 677, 682, 683, 684, 687, 688, 689, 691, 694, 699, 701, 710, 718, 722, 723, 727, 728, 730, 731, 737, 738, 743, 744, 747, 749, 751, 762, 764, 770, 774, 777, 778, 781, 782, 789, 791]","[2, 9, 10, 82, 111, 112, 113, 199, 279, 284, 285, 300, 319, 424, 458, 488, 494, 495, 553, 581, 582, 583, 670, 738, 743, 744, 759, 777, 818, 876, 904, 905]","[2, 9, 10, 82, 111, 112, 113, 199, 279, 284, 285, 300, 488, 494, 495, 553, 581, 582, 583, 670, 738, 743, 744, 759, 818]",6/6 successful match,True,"[41, 42]",True,323,False,,1.0,True,United Park Truck Stop ( Valero ),Valero
Chowchilla ( 93610 ) United Park Truck Stop ( Valero ),559-665-4146 CA 99 Exit 167 ( Ave 24 W ),2.4 S,Chowchilla,93610,United Park Truck Stop ( Valero ),559-665-4146,2016,Chowchilla,CA,Valero,( Ave 24 W ),CA 99 Exit 167 ,Exit,167,False,,False,CA 99,,,,,"[777, 319]","[319, 777]","[319, 777]","[319, 452, 473, 777, 899, 920]","[103, 104, 105, 106, 107, 108, 109, 110, 111, 112, 113, 114, 115, 116, 117, 118, 119, 120, 121, 122, 123, 124, 125, 126, 127, 128, 129, 130, 131, 132, 133, 134, 135, 136, 137, 138, 139, 140, 141, 142, 143, 144, 145, 146, 147, 148, 149, 150, 151, 152, 153, 154, 155, 156, 157, 158, 159, 160, 161, 162, 163, 164, 165, 166, 167, 168, 169, 170, 171, 172, 173, 174, 175, 176, 177, 178, 179, 180, 181, 182, 183, 184, 185, 186, 187, 188, 189, 190, 191, 192, 193, 194, 195, 196, 197, 198, 199, 200, 201, 202, 203, 204, 205, 206, 207, 208, 209, 210, 211, 212, 213, 214, 215, 216, 217, 218, 219, 220, 221, 222, 223, 224, 225, 226, 227, 228, 229, 230, 231, 232, 233, 234, 235, 236, 237, 238, 239, 240, 241, 242, 243, 244, 245, 246, 247, 248, 249, 250, 251, 252, 253, 254, 255, 256, 257, 258, 259, 260, 261, 262, 263, 264, 265, 266, 267, 268, 269, 270, 271, 272, 273, 274, 275, 276, 277, 278, 279, 280, 281, 282, 283, 284, 285, 286, 287, 288, 289, 290, 291, 292, 293, 294, 295, 296, 297, 298, 299, 300, 301, 302, 303, 304, 305, 306, 307, 308, 309, 310, 311, 312, 313, 314, 315, 316, 317, 318, 319, 320, 321, 322, 323, 324, 325, 326, 327, 328, 329, 330, 331, 332, 333, 334, 335, 336, 337, 574, 575, 576, 577, 578, 579, 580, 581, 582, 583, 584, 585, 586, 587, 588, 589, 590, 591, 592, 593, 594, 595, 596, 597, 598, 599, 600, 601, 602, 603, 604, 605, 606, 607, 608, 609, 610, 611, 612, 613, 614, 615, 616, 617, 618, 619, 620, 621, 622, 623, 624, 625, 626, 627, 628, 629, 630, 631, 632, 633, 634, 635, 636, 637, 638, 639, 640, 641, 642, 643, 644, 645, 646, 647, 648, 649, 650, 651, 652, 653, 654, 655, 656, 657, 658, 659, 660, 661, 662, 663, 664, 665, 666, 667, 668, 669, 670, 671, 672, 673, 674, 675, 676, 677, 678, 679, 680, 681, 682, 683, 684, 685, 686, 687, 688, 689, 690, 691, 692, 693, 694, 695, 696, 697, 698, 699, 700, 701, 702, 703, 704, 705, 706, 707, 708, 709, 710, 711, 712, 713, 714, 715, 716, 717, 718, 719, 720, 721, 722, 723, 724, 725, 726, 727, 728, 729, 730, 731, 732, 733, 734, 735, 736, 737, 738, 739, 740, 741, 742, 743, 744, 745, 746, 747, 748, 749, 750, 751, 752, 753, 754, 755, 756, 757, 758, 759, 760, 761, 762, 763, 764, 765, 766, 767, 768, 769, 770, 771, 772, 773, 774, 775, 776, 777, 778, 779, 780, 781, 782, 783, 784, 785, 786, 787, 788, 789, 790, 791, 792, 793]","[10, 75, 103, 104, 106, 117, 118, 120, 127, 128, 129, 131, 133, 135, 136, 137, 139, 146, 147, 148, 149, 151, 158, 160, 162, 166, 173, 178, 179, 185, 190, 192, 198, 201, 203, 204, 206, 207, 212, 213, 214, 219, 223, 224, 225, 227, 230, 235, 237, 246, 247, 256, 259, 262, 263, 266, 268, 269, 271, 272, 278, 279, 284, 285, 288, 290, 292, 304, 306, 312, 316, 319, 320, 323, 324, 329, 332, 335, 495, 549, 574, 575, 577, 588, 589, 591, 598, 599, 600, 602, 604, 606, 607, 608, 610, 617, 618, 619, 620, 622, 625, 630, 632, 634, 638, 644, 649, 650, 656, 661, 663, 669, 673, 674, 676, 677, 682, 683, 684, 687, 688, 689, 691, 694, 699, 701, 710, 718, 722, 723, 727, 728, 730, 731, 737, 738, 743, 744, 747, 749, 751, 762, 764, 770, 774, 777, 778, 781, 782, 789, 791]","[2, 9, 10, 82, 111, 112, 113, 199, 279, 284, 285, 300, 488, 494, 495, 553, 581, 582, 583, 670, 738, 743, 744, 759, 818]","[2, 9, 10, 82, 111, 112, 113, 199, 279, 284, 285, 300, 319, 424, 458, 488, 494, 495, 553, 581, 582, 583, 670, 738, 743, 744, 759, 777, 818, 876, 904, 905]","[2, 9, 10, 75, 82, 103, 104, 105, 106, 107, 108, 109, 110, 111, 112, 113, 114, 115, 116, 117, 118, 119, 120, 121, 122, 123, 124, 125, 126, 127, 128, 129, 130, 131, 132, 133, 134, 135, 136, 137, 138, 139, 140, 141, 142, 143, 144, 145, 146, 147, 148, 149, 150, 151, 152, 153, 154, 155, 156, 157, 158, 159, 160, 161, 162, 163, 164, 165, 166, 167, 168, 169, 170, 171, 172, 173, 174, 175, 176, 177, 178, 179, 180, 181, 182, 183, 184, 185, 186, 187, 188, 189, 190, 191, 192, 193, 194, 195, 196, 197, 198, 199, 200, 201, 202, 203, 204, 205, 206, 207, 208, 209, 210, 211, 212, 213, 214, 215, 216, 217, 218, 219, 220, 221, 222, 223, 224, 225, 226, 227, 228, 229, 230, 231, 232, 233, 234, 235, 236, 237, 238, 239, 240, 241, 242, 243, 244, 245, 246, 247, 248, 249, 250, 251, 252, 253, 254, 255, 256, 257, 258, 259, 260, 261, 262, 263, 264, 265, 266, 267, 268, 269, 270, 271, 272, 273, 274, 275, 276, 277, 278, 279, 280, 281, 282, 283, 284, 285, 286, 287, 288, 289, 290, 291, 292, 293, 294, 295, 296, 297, 298, 299, 300, 301, 302, 303, 304, 305, 306, 307, 308, 309, 310, 311, 312, 313, 314, 315, 316, 317, 318, 319, 320, 321, 322, 323, 324, 325, 326, 327, 328, 329, 330, 331, 332, 333, 334, 335, 336, 337, 424, 452, 458, 473, 488, 494, 495, 549, 553, 574, 575, 576, 577, 578, 579, 580, 581, 582, 583, 584, 585, 586, 587, 588, 589, 590, 591, 592, 593, 594, 595, 596, 597, 598, 599, 600, 601, 602, 603, 604, 605, 606, 607, 608, 609, 610, 611, 612, 613, 614, 615, 616, 617, 618, 619, 620, 621, 622, 623, 624, 625, 626, 627, 628, 629, 630, 631, 632, 633, 634, 635, 636, 637, 638, 639, 640, 641, 642, 643, 644, 645, 646, 647, 648, 649, 650, 651, 652, 653, 654, 655, 656, 657, 658, 659, 660, 661, 662, 663, 664, 665, 666, 667, 668, 669, 670, 671, 672, 673, 674, 675, 676, 677, 678, 679, 680, 681, 682, 683, 684, 685, 686, 687, 688, 689, 690, 691, 692, 693, 694, 695, 696, 697, 698, 699, 700, 701, 702, 703, 704, 705, 706, 707, 708, 709, 710, 711, 712, 713, 714, 715, 716, 717, 718, 719, 720, 721, 722, 723, 724, 725, 726, 727, 728, 729, 730, 731, 732, 733, 734, 735, 736, 737, 738, 739, 740, 741, 742, 743, 744, 745, 746, 747, 748, 749, 750, 751, 752, 753, 754, 755, 756, 757, 758, 759, 760, 761, 762, 763, 764, 765, 766, 767, 768, 769, 770, 771, 772, 773, 774, 775, 776, 777, 778, 779, 780, 781, 782, 783, 784, 785, 786, 787, 788, 789, 790, 791, 792, 793, 818, 876, 899, 904, 905, 920]",True,"[319, 777]","[103, 104, 105, 106, 107, 108, 109, 110, 111, 112, 113, 114, 115, 116, 117, 118, 119, 120, 121, 122, 123, 124, 125, 126, 127, 128, 129, 130, 131, 132, 133, 134, 135, 136, 137, 138, 139, 140, 141, 142, 143, 144, 145, 146, 147, 148, 149, 150, 151, 152, 153, 154, 155, 156, 157, 158, 159, 160, 161, 162, 163, 164, 165, 166, 167, 168, 169, 170, 171, 172, 173, 174, 175, 176, 177, 178, 179, 180, 181, 182, 183, 184, 185, 186, 187, 188, 189, 190, 191, 192, 193, 194, 195, 196, 197, 198, 199, 200, 201, 202, 203, 204, 205, 206, 207, 208, 209, 210, 211, 212, 213, 214, 215, 216, 217, 218, 219, 220, 221, 222, 223, 224, 225, 226, 227, 228, 229, 230, 231, 232, 233, 234, 235, 236, 237, 238, 239, 240, 241, 242, 243, 244, 245, 246, 247, 248, 249, 250, 251, 252, 253, 254, 255, 256, 257, 258, 259, 260, 261, 262, 263, 264, 265, 266, 267, 268, 269, 270, 271, 272, 273, 274, 275, 276, 277, 278, 279, 280, 281, 282, 283, 284, 285, 286, 287, 288, 289, 290, 291, 292, 293, 294, 295, 296, 297, 298, 299, 300, 301, 302, 303, 304, 305, 306, 307, 308, 309, 310, 311, 312, 313, 314, 315, 316, 317, 318, 319, 320, 321, 322, 323, 324, 325, 326, 327, 328, 329, 330, 331, 332, 333, 334, 335, 336, 337, 574, 575, 576, 577, 578, 579, 580, 581, 582, 583, 584, 585, 586, 587, 588, 589, 590, 591, 592, 593, 594, 595, 596, 597, 598, 599, 600, 601, 602, 603, 604, 605, 606, 607, 608, 609, 610, 611, 612, 613, 614, 615, 616, 617, 618, 619, 620, 621, 622, 623, 624, 625, 626, 627, 628, 629, 630, 631, 632, 633, 634, 635, 636, 637, 638, 639, 640, 641, 642, 643, 644, 645, 646, 647, 648, 649, 650, 651, 652, 653, 654, 655, 656, 657, 658, 659, 660, 661, 662, 663, 664, 665, 666, 667, 668, 669, 670, 671, 672, 673, 674, 675, 676, 677, 678, 679, 680, 681, 682, 683, 684, 685, 686, 687, 688, 689, 690, 691, 692, 693, 694, 695, 696, 697, 698, 699, 700, 701, 702, 703, 704, 705, 706, 707, 708, 709, 710, 711, 712, 713, 714, 715, 716, 717, 718, 719, 720, 721, 722, 723, 724, 725, 726, 727, 728, 729, 730, 731, 732, 733, 734, 735, 736, 737, 738, 739, 740, 741, 742, 743, 744, 745, 746, 747, 748, 749, 750, 751, 752, 753, 754, 755, 756, 757, 758, 759, 760, 761, 762, 763, 764, 765, 766, 767, 768, 769, 770, 771, 772, 773, 774, 775, 776, 777, 778, 779, 780, 781, 782, 783, 784, 785, 786, 787, 788, 789, 790, 791, 792, 793]","[319, 777]","[319, 452, 473, 777, 899, 920]","[10, 75, 103, 104, 106, 117, 118, 120, 127, 128, 129, 131, 133, 135, 136, 137, 139, 146, 147, 148, 149, 151, 158, 160, 162, 166, 173, 178, 179, 185, 190, 192, 198, 201, 203, 204, 206, 207, 212, 213, 214, 219, 223, 224, 225, 227, 230, 235, 237, 246, 247, 256, 259, 262, 263, 266, 268, 269, 271, 272, 278, 279, 284, 285, 288, 290, 292, 304, 306, 312, 316, 319, 320, 323, 324, 329, 332, 335, 495, 549, 574, 575, 577, 588, 589, 591, 598, 599, 600, 602, 604, 606, 607, 608, 610, 617, 618, 619, 620, 622, 625, 630, 632, 634, 638, 644, 649, 650, 656, 661, 663, 669, 673, 674, 676, 677, 682, 683, 684, 687, 688, 689, 691, 694, 699, 701, 710, 718, 722, 723, 727, 728, 730, 731, 737, 738, 743, 744, 747, 749, 751, 762, 764, 770, 774, 777, 778, 781, 782, 789, 791]","[2, 9, 10, 82, 111, 112, 113, 199, 279, 284, 285, 300, 319, 424, 458, 488, 494, 495, 553, 581, 582, 583, 670, 738, 743, 744, 759, 777, 818, 876, 904, 905]","[2, 9, 10, 82, 111, 112, 113, 199, 279, 284, 285, 300, 488, 494, 495, 553, 581, 582, 583, 670, 738, 743, 744, 759, 818]",6/6 successful match,True,"[41, 42]",True,323,False,,1.0,True,United Park Truck Stop ( Valero ),Valero
"F Firebaugh , 93622 MBP Travel Plaza ( Chevron )",209-364-6437 I-5 Exit 385 ( Nees Ave ),HRS 24 M,Firebaugh,93622,MBP Travel Plaza ( Chevron ),209-364-6437,2006,Firebaugh,CA,BP,( Nees Ave ),I-5 Exit 385 ,Exit,385,False,,False,I-5,,,,,"[627, 155]","[155, 627]","[155, 627]","[155, 627]","[103, 104, 105, 106, 107, 108, 109, 110, 111, 112, 113, 114, 115, 116, 117, 118, 119, 120, 121, 122, 123, 124, 125, 126, 127, 128, 129, 130, 131, 132, 133, 134, 135, 136, 137, 138, 139, 140, 141, 142, 143, 144, 145, 146, 147, 148, 149, 150, 151, 152, 153, 154, 155, 156, 157, 158, 159, 160, 161, 162, 163, 164, 165, 166, 167, 168, 169, 170, 171, 172, 173, 174, 175, 176, 177, 178, 179, 180, 181, 182, 183, 184, 185, 186, 187, 188, 189, 190, 191, 192, 193, 194, 195, 196, 197, 198, 199, 200, 201, 202, 203, 204, 205, 206, 207, 208, 209, 210, 211, 212, 213, 214, 215, 216, 217, 218, 219, 220, 221, 222, 223, 224, 225, 226, 227, 228, 229, 230, 231, 232, 233, 234, 235, 236, 237, 238, 239, 240, 241, 242, 243, 244, 245, 246, 247, 248, 249, 250, 251, 252, 253, 254, 255, 256, 257, 258, 259, 260, 261, 262, 263, 264, 265, 266, 267, 268, 269, 270, 271, 272, 273, 274, 275, 276, 277, 278, 279, 280, 281, 282, 283, 284, 285, 286, 287, 288, 289, 290, 291, 292, 293, 294, 295, 296, 297, 298, 299, 300, 301, 302, 303, 304, 305, 306, 307, 308, 309, 310, 311, 312, 313, 314, 315, 316, 317, 318, 319, 320, 321, 322, 323, 324, 325, 326, 327, 328, 329, 330, 331, 332, 333, 334, 335, 336, 337, 574, 575, 576, 577, 578, 579, 580, 581, 582, 583, 584, 585, 586, 587, 588, 589, 590, 591, 592, 593, 594, 595, 596, 597, 598, 599, 600, 601, 602, 603, 604, 605, 606, 607, 608, 609, 610, 611, 612, 613, 614, 615, 616, 617, 618, 619, 620, 621, 622, 623, 624, 625, 626, 627, 628, 629, 630, 631, 632, 633, 634, 635, 636, 637, 638, 639, 640, 641, 642, 643, 644, 645, 646, 647, 648, 649, 650, 651, 652, 653, 654, 655, 656, 657, 658, 659, 660, 661, 662, 663, 664, 665, 666, 667, 668, 669, 670, 671, 672, 673, 674, 675, 676, 677, 678, 679, 680, 681, 682, 683, 684, 685, 686, 687, 688, 689, 690, 691, 692, 693, 694, 695, 696, 697, 698, 699, 700, 701, 702, 703, 704, 705, 706, 707, 708, 709, 710, 711, 712, 713, 714, 715, 716, 717, 718, 719, 720, 721, 722, 723, 724, 725, 726, 727, 728, 729, 730, 731, 732, 733, 734, 735, 736, 737, 738, 739, 740, 741, 742, 743, 744, 745, 746, 747, 748, 749, 750, 751, 752, 753, 754, 755, 756, 757, 758, 759, 760, 761, 762, 763, 764, 765, 766, 767, 768, 769, 770, 771, 772, 773, 774, 775, 776, 777, 778, 779, 780, 781, 782, 783, 784, 785, 786, 787, 788, 789, 790, 791, 792, 793]","[105, 114, 138, 141, 152, 153, 154, 155, 157, 159, 164, 165, 176, 182, 191, 192, 194, 195, 196, 200, 204, 208, 209, 210, 211, 215, 226, 228, 241, 242, 243, 245, 248, 249, 250, 257, 261, 270, 271, 282, 287, 289, 291, 294, 296, 298, 306, 308, 309, 311, 314, 327, 333, 335, 337, 576, 585, 609, 612, 623, 624, 626, 627, 629, 631, 636, 637, 647, 653, 662, 663, 665, 666, 667, 671, 674, 678, 679, 680, 681, 690, 692, 705, 706, 707, 709, 711, 712, 713, 719, 721, 729, 730, 741, 746, 748, 750, 753, 755, 757, 764, 766, 767, 769, 772, 785, 791]",[],"[12, 24, 25, 28, 88, 100, 104, 119, 123, 129, 136, 137, 139, 140, 141, 148, 155, 169, 172, 179, 183, 185, 188, 196, 198, 217, 237, 267, 270, 278, 319, 321, 324, 325, 330, 334, 335, 354, 366, 369, 380, 383, 384, 386, 395, 407, 411, 423, 428, 436, 437, 452, 453, 456, 467, 471, 477, 478, 479, 497, 508, 511, 559, 571, 575, 590, 594, 600, 607, 608, 610, 611, 612, 619, 627, 640, 643, 650, 654, 656, 659, 667, 669, 685, 701, 726, 729, 737, 777, 779, 782, 783, 787, 790, 791, 809, 817, 819, 830, 833, 834, 836, 845, 856, 857, 860, 862, 875, 880, 887, 888, 899, 900, 914, 918, 921, 928, 929, 930]","[12, 24, 25, 28, 88, 100, 103, 104, 105, 106, 107, 108, 109, 110, 111, 112, 113, 114, 115, 116, 117, 118, 119, 120, 121, 122, 123, 124, 125, 126, 127, 128, 129, 130, 131, 132, 133, 134, 135, 136, 137, 138, 139, 140, 141, 142, 143, 144, 145, 146, 147, 148, 149, 150, 151, 152, 153, 154, 155, 156, 157, 158, 159, 160, 161, 162, 163, 164, 165, 166, 167, 168, 169, 170, 171, 172, 173, 174, 175, 176, 177, 178, 179, 180, 181, 182, 183, 184, 185, 186, 187, 188, 189, 190, 191, 192, 193, 194, 195, 196, 197, 198, 199, 200, 201, 202, 203, 204, 205, 206, 207, 208, 209, 210, 211, 212, 213, 214, 215, 216, 217, 218, 219, 220, 221, 222, 223, 224, 225, 226, 227, 228, 229, 230, 231, 232, 233, 234, 235, 236, 237, 238, 239, 240, 241, 242, 243, 244, 245, 246, 247, 248, 249, 250, 251, 252, 253, 254, 255, 256, 257, 258, 259, 260, 261, 262, 263, 264, 265, 266, 267, 268, 269, 270, 271, 272, 273, 274, 275, 276, 277, 278, 279, 280, 281, 282, 283, 284, 285, 286, 287, 288, 289, 290, 291, 292, 293, 294, 295, 296, 297, 298, 299, 300, 301, 302, 303, 304, 305, 306, 307, 308, 309, 310, 311, 312, 313, 314, 315, 316, 317, 318, 319, 320, 321, 322, 323, 324, 325, 326, 327, 328, 329, 330, 331, 332, 333, 334, 335, 336, 337, 354, 366, 369, 380, 383, 384, 386, 395, 407, 411, 423, 428, 436, 437, 452, 453, 456, 467, 471, 477, 478, 479, 497, 508, 511, 559, 571, 574, 575, 576, 577, 578, 579, 580, 581, 582, 583, 584, 585, 586, 587, 588, 589, 590, 591, 592, 593, 594, 595, 596, 597, 598, 599, 600, 601, 602, 603, 604, 605, 606, 607, 608, 609, 610, 611, 612, 613, 614, 615, 616, 617, 618, 619, 620, 621, 622, 623, 624, 625, 626, 627, 628, 629, 630, 631, 632, 633, 634, 635, 636, 637, 638, 639, 640, 641, 642, 643, 644, 645, 646, 647, 648, 649, 650, 651, 652, 653, 654, 655, 656, 657, 658, 659, 660, 661, 662, 663, 664, 665, 666, 667, 668, 669, 670, 671, 672, 673, 674, 675, 676, 677, 678, 679, 680, 681, 682, 683, 684, 685, 686, 687, 688, 689, 690, 691, 692, 693, 694, 695, 696, 697, 698, 699, 700, 701, 702, 703, 704, 705, 706, 707, 708, 709, 710, 711, 712, 713, 714, 715, 716, 717, 718, 719, 720, 721, 722, 723, 724, 725, 726, 727, 728, 729, 730, 731, 732, 733, 734, 735, 736, 737, 738, 739, 740, 741, 742, 743, 744, 745, 746, 747, 748, 749, 750, 751, 752, 753, 754, 755, 756, 757, 758, 759, 760, 761, 762, 763, 764, 765, 766, 767, 768, 769, 770, 771, 772, 773, 774, 775, 776, 777, 778, 779, 780, 781, 782, 783, 784, 785, 786, 787, 788, 789, 790, 791, 792, 793, 809, 817, 819, 830, 833, 834, 836, 845, 856, 857, 860, 862, 875, 880, 887, 888, 899, 900, 914, 918, 921, 928, 929, 930]",True,"[155, 627]","[103, 104, 105, 106, 107, 108, 109, 110, 111, 112, 113, 114, 115, 116, 117, 118, 119, 120, 121, 122, 123, 124, 125, 126, 127, 128, 129, 130, 131, 132, 133, 134, 135, 136, 137, 138, 139, 140, 141, 142, 143, 144, 145, 146, 147, 148, 149, 150, 151, 152, 153, 154, 155, 156, 157, 158, 159, 160, 161, 162, 163, 164, 165, 166, 167, 168, 169, 170, 171, 172, 173, 174, 175, 176, 177, 178, 179, 180, 181, 182, 183, 184, 185, 186, 187, 188, 189, 190, 191, 192, 193, 194, 195, 196, 197, 198, 199, 200, 201, 202, 203, 204, 205, 206, 207, 208, 209, 210, 211, 212, 213, 214, 215, 216, 217, 218, 219, 220, 221, 222, 223, 224, 225, 226, 227, 228, 229, 230, 231, 232, 233, 234, 235, 236, 237, 238, 239, 240, 241, 242, 243, 244, 245, 246, 247, 248, 249, 250, 251, 252, 253, 254, 255, 256, 257, 258, 259, 260, 261, 262, 263, 264, 265, 266, 267, 268, 269, 270, 271, 272, 273, 274, 275, 276, 277, 278, 279, 280, 281, 282, 283, 284, 285, 286, 287, 288, 289, 290, 291, 292, 293, 294, 295, 296, 297, 298, 299, 300, 301, 302, 303, 304, 305, 306, 307, 308, 309, 310, 311, 312, 313, 314, 315, 316, 317, 318, 319, 320, 321, 322, 323, 324, 325, 326, 327, 328, 329, 330, 331, 332, 333, 334, 335, 336, 337, 574, 575, 576, 577, 578, 579, 580, 581, 582, 583, 584, 585, 586, 587, 588, 589, 590, 591, 592, 593, 594, 595, 596, 597, 598, 599, 600, 601, 602, 603, 604, 605, 606, 607, 608, 609, 610, 611, 612, 613, 614, 615, 616, 617, 618, 619, 620, 621, 622, 623, 624, 625, 626, 627, 628, 629, 630, 631, 632, 633, 634, 635, 636, 637, 638, 639, 640, 641, 642, 643, 644, 645, 646, 647, 648, 649, 650, 651, 652, 653, 654, 655, 656, 657, 658, 659, 660, 661, 662, 663, 664, 665, 666, 667, 668, 669, 670, 671, 672, 673, 674, 675, 676, 677, 678, 679, 680, 681, 682, 683, 684, 685, 686, 687, 688, 689, 690, 691, 692, 693, 694, 695, 696, 697, 698, 699, 700, 701, 702, 703, 704, 705, 706, 707, 708, 709, 710, 711, 712, 713, 714, 715, 716, 717, 718, 719, 720, 721, 722, 723, 724, 725, 726, 727, 728, 729, 730, 731, 732, 733, 734, 735, 736, 737, 738, 739, 740, 741, 742, 743, 744, 745, 746, 747, 748, 749, 750, 751, 752, 753, 754, 755, 756, 757, 758, 759, 760, 761, 762, 763, 764, 765, 766, 767, 768, 769, 770, 771, 772, 773, 774, 775, 776, 777, 778, 779, 780, 781, 782, 783, 784, 785, 786, 787, 788, 789, 790, 791, 792, 793]","[155, 627]","[155, 627]","[105, 114, 138, 141, 152, 153, 154, 155, 157, 159, 164, 165, 176, 182, 191, 192, 194, 195, 196, 200, 204, 208, 209, 210, 211, 215, 226, 228, 241, 242, 243, 245, 248, 249, 250, 257, 261, 270, 271, 282, 287, 289, 291, 294, 296, 298, 306, 308, 309, 311, 314, 327, 333, 335, 337, 576, 585, 609, 612, 623, 624, 626, 627, 629, 631, 636, 637, 647, 653, 662, 663, 665, 666, 667, 671, 674, 678, 679, 680, 681, 690, 692, 705, 706, 707, 709, 711, 712, 713, 719, 721, 729, 730, 741, 746, 748, 750, 753, 755, 757, 764, 766, 767, 769, 772, 785, 791]","[12, 24, 25, 28, 88, 100, 104, 119, 123, 129, 136, 137, 139, 140, 141, 148, 155, 169, 172, 179, 183, 185, 188, 196, 198, 217, 237, 267, 270, 278, 319, 321, 324, 325, 330, 334, 335, 354, 366, 369, 380, 383, 384, 386, 395, 407, 411, 423, 428, 436, 437, 452, 453, 456, 467, 471, 477, 478, 479, 497, 508, 511, 559, 571, 575, 590, 594, 600, 607, 608, 610, 611, 612, 619, 627, 640, 643, 650, 654, 656, 659, 667, 669, 685, 701, 726, 729, 737, 777, 779, 782, 783, 787, 790, 791, 809, 817, 819, 830, 833, 834, 836, 845, 856, 857, 860, 862, 875, 880, 887, 888, 899, 900, 914, 918, 921, 928, 929, 930]",[],7/6 successful match,True,"[247, 248, 249]",True,324,False,,,,,
"F Firebaugh , 93622 MBP Travel Plaza ( Chevron )",209-364-6437 I-5 Exit 385 ( Nees Ave ),HRS 24 M <U+2610>,Firebaugh,93622,MBP Travel Plaza ( Chevron ),209-364-6437,2007,Firebaugh,CA,BP,( Nees Ave ),I-5 Exit 385 ,Exit,385,False,,False,I-5,,,,,"[627, 155]","[155, 627]","[155, 627]","[155, 627]","[103, 104, 105, 106, 107, 108, 109, 110, 111, 112, 113, 114, 115, 116, 117, 118, 119, 120, 121, 122, 123, 124, 125, 126, 127, 128, 129, 130, 131, 132, 133, 134, 135, 136, 137, 138, 139, 140, 141, 142, 143, 144, 145, 146, 147, 148, 149, 150, 151, 152, 153, 154, 155, 156, 157, 158, 159, 160, 161, 162, 163, 164, 165, 166, 167, 168, 169, 170, 171, 172, 173, 174, 175, 176, 177, 178, 179, 180, 181, 182, 183, 184, 185, 186, 187, 188, 189, 190, 191, 192, 193, 194, 195, 196, 197, 198, 199, 200, 201, 202, 203, 204, 205, 206, 207, 208, 209, 210, 211, 212, 213, 214, 215, 216, 217, 218, 219, 220, 221, 222, 223, 224, 225, 226, 227, 228, 229, 230, 231, 232, 233, 234, 235, 236, 237, 238, 239, 240, 241, 242, 243, 244, 245, 246, 247, 248, 249, 250, 251, 252, 253, 254, 255, 256, 257, 258, 259, 260, 261, 262, 263, 264, 265, 266, 267, 268, 269, 270, 271, 272, 273, 274, 275, 276, 277, 278, 279, 280, 281, 282, 283, 284, 285, 286, 287, 288, 289, 290, 291, 292, 293, 294, 295, 296, 297, 298, 299, 300, 301, 302, 303, 304, 305, 306, 307, 308, 309, 310, 311, 312, 313, 314, 315, 316, 317, 318, 319, 320, 321, 322, 323, 324, 325, 326, 327, 328, 329, 330, 331, 332, 333, 334, 335, 336, 337, 574, 575, 576, 577, 578, 579, 580, 581, 582, 583, 584, 585, 586, 587, 588, 589, 590, 591, 592, 593, 594, 595, 596, 597, 598, 599, 600, 601, 602, 603, 604, 605, 606, 607, 608, 609, 610, 611, 612, 613, 614, 615, 616, 617, 618, 619, 620, 621, 622, 623, 624, 625, 626, 627, 628, 629, 630, 631, 632, 633, 634, 635, 636, 637, 638, 639, 640, 641, 642, 643, 644, 645, 646, 647, 648, 649, 650, 651, 652, 653, 654, 655, 656, 657, 658, 659, 660, 661, 662, 663, 664, 665, 666, 667, 668, 669, 670, 671, 672, 673, 674, 675, 676, 677, 678, 679, 680, 681, 682, 683, 684, 685, 686, 687, 688, 689, 690, 691, 692, 693, 694, 695, 696, 697, 698, 699, 700, 701, 702, 703, 704, 705, 706, 707, 708, 709, 710, 711, 712, 713, 714, 715, 716, 717, 718, 719, 720, 721, 722, 723, 724, 725, 726, 727, 728, 729, 730, 731, 732, 733, 734, 735, 736, 737, 738, 739, 740, 741, 742, 743, 744, 745, 746, 747, 748, 749, 750, 751, 752, 753, 754, 755, 756, 757, 758, 759, 760, 761, 762, 763, 764, 765, 766, 767, 768, 769, 770, 771, 772, 773, 774, 775, 776, 777, 778, 779, 780, 781, 782, 783, 784, 785, 786, 787, 788, 789, 790, 791, 792, 793]","[105, 114, 138, 141, 152, 153, 154, 155, 157, 159, 164, 165, 176, 182, 191, 192, 194, 195, 196, 200, 204, 208, 209, 210, 211, 215, 226, 228, 241, 242, 243, 245, 248, 249, 250, 257, 261, 270, 271, 282, 287, 289, 291, 294, 296, 298, 306, 308, 309, 311, 314, 327, 333, 335, 337, 576, 585, 609, 612, 623, 624, 626, 627, 629, 631, 636, 637, 647, 653, 662, 663, 665, 666, 667, 671, 674, 678, 679, 680, 681, 690, 692, 705, 706, 707, 709, 711, 712, 713, 719, 721, 729, 730, 741, 746, 748, 750, 753, 755, 757, 764, 766, 767, 769, 772, 785, 791]",[],"[12, 24, 25, 28, 88, 100, 104, 119, 123, 129, 136, 137, 139, 140, 141, 148, 155, 169, 172, 179, 183, 185, 188, 196, 198, 217, 237, 267, 270, 278, 319, 321, 324, 325, 330, 334, 335, 354, 366, 369, 380, 383, 384, 386, 395, 407, 411, 423, 428, 436, 437, 452, 453, 456, 467, 471, 477, 478, 479, 497, 508, 511, 559, 571, 575, 590, 594, 600, 607, 608, 610, 611, 612, 619, 627, 640, 643, 650, 654, 656, 659, 667, 669, 685, 701, 726, 729, 737, 777, 779, 782, 783, 787, 790, 791, 809, 817, 819, 830, 833, 834, 836, 845, 856, 857, 860, 862, 875, 880, 887, 888, 899, 900, 914, 918, 921, 928, 929, 930]","[12, 24, 25, 28, 88, 100, 103, 104, 105, 106, 107, 108, 109, 110, 111, 112, 113, 114, 115, 116, 117, 118, 119, 120, 121, 122, 123, 124, 125, 126, 127, 128, 129, 130, 131, 132, 133, 134, 135, 136, 137, 138, 139, 140, 141, 142, 143, 144, 145, 146, 147, 148, 149, 150, 151, 152, 153, 154, 155, 156, 157, 158, 159, 160, 161, 162, 163, 164, 165, 166, 167, 168, 169, 170, 171, 172, 173, 174, 175, 176, 177, 178, 179, 180, 181, 182, 183, 184, 185, 186, 187, 188, 189, 190, 191, 192, 193, 194, 195, 196, 197, 198, 199, 200, 201, 202, 203, 204, 205, 206, 207, 208, 209, 210, 211, 212, 213, 214, 215, 216, 217, 218, 219, 220, 221, 222, 223, 224, 225, 226, 227, 228, 229, 230, 231, 232, 233, 234, 235, 236, 237, 238, 239, 240, 241, 242, 243, 244, 245, 246, 247, 248, 249, 250, 251, 252, 253, 254, 255, 256, 257, 258, 259, 260, 261, 262, 263, 264, 265, 266, 267, 268, 269, 270, 271, 272, 273, 274, 275, 276, 277, 278, 279, 280, 281, 282, 283, 284, 285, 286, 287, 288, 289, 290, 291, 292, 293, 294, 295, 296, 297, 298, 299, 300, 301, 302, 303, 304, 305, 306, 307, 308, 309, 310, 311, 312, 313, 314, 315, 316, 317, 318, 319, 320, 321, 322, 323, 324, 325, 326, 327, 328, 329, 330, 331, 332, 333, 334, 335, 336, 337, 354, 366, 369, 380, 383, 384, 386, 395, 407, 411, 423, 428, 436, 437, 452, 453, 456, 467, 471, 477, 478, 479, 497, 508, 511, 559, 571, 574, 575, 576, 577, 578, 579, 580, 581, 582, 583, 584, 585, 586, 587, 588, 589, 590, 591, 592, 593, 594, 595, 596, 597, 598, 599, 600, 601, 602, 603, 604, 605, 606, 607, 608, 609, 610, 611, 612, 613, 614, 615, 616, 617, 618, 619, 620, 621, 622, 623, 624, 625, 626, 627, 628, 629, 630, 631, 632, 633, 634, 635, 636, 637, 638, 639, 640, 641, 642, 643, 644, 645, 646, 647, 648, 649, 650, 651, 652, 653, 654, 655, 656, 657, 658, 659, 660, 661, 662, 663, 664, 665, 666, 667, 668, 669, 670, 671, 672, 673, 674, 675, 676, 677, 678, 679, 680, 681, 682, 683, 684, 685, 686, 687, 688, 689, 690, 691, 692, 693, 694, 695, 696, 697, 698, 699, 700, 701, 702, 703, 704, 705, 706, 707, 708, 709, 710, 711, 712, 713, 714, 715, 716, 717, 718, 719, 720, 721, 722, 723, 724, 725, 726, 727, 728, 729, 730, 731, 732, 733, 734, 735, 736, 737, 738, 739, 740, 741, 742, 743, 744, 745, 746, 747, 748, 749, 750, 751, 752, 753, 754, 755, 756, 757, 758, 759, 760, 761, 762, 763, 764, 765, 766, 767, 768, 769, 770, 771, 772, 773, 774, 775, 776, 777, 778, 779, 780, 781, 782, 783, 784, 785, 786, 787, 788, 789, 790, 791, 792, 793, 809, 817, 819, 830, 833, 834, 836, 845, 856, 857, 860, 862, 875, 880, 887, 888, 899, 900, 914, 918, 921, 928, 929, 930]",True,"[155, 627]","[103, 104, 105, 106, 107, 108, 109, 110, 111, 112, 113, 114, 115, 116, 117, 118, 119, 120, 121, 122, 123, 124, 125, 126, 127, 128, 129, 130, 131, 132, 133, 134, 135, 136, 137, 138, 139, 140, 141, 142, 143, 144, 145, 146, 147, 148, 149, 150, 151, 152, 153, 154, 155, 156, 157, 158, 159, 160, 161, 162, 163, 164, 165, 166, 167, 168, 169, 170, 171, 172, 173, 174, 175, 176, 177, 178, 179, 180, 181, 182, 183, 184, 185, 186, 187, 188, 189, 190, 191, 192, 193, 194, 195, 196, 197, 198, 199, 200, 201, 202, 203, 204, 205, 206, 207, 208, 209, 210, 211, 212, 213, 214, 215, 216, 217, 218, 219, 220, 221, 222, 223, 224, 225, 226, 227, 228, 229, 230, 231, 232, 233, 234, 235, 236, 237, 238, 239, 240, 241, 242, 243, 244, 245, 246, 247, 248, 249, 250, 251, 252, 253, 254, 255, 256, 257, 258, 259, 260, 261, 262, 263, 264, 265, 266, 267, 268, 269, 270, 271, 272, 273, 274, 275, 276, 277, 278, 279, 280, 281, 282, 283, 284, 285, 286, 287, 288, 289, 290, 291, 292, 293, 294, 295, 296, 297, 298, 299, 300, 301, 302, 303, 304, 305, 306, 307, 308, 309, 310, 311, 312, 313, 314, 315, 316, 317, 318, 319, 320, 321, 322, 323, 324, 325, 326, 327, 328, 329, 330, 331, 332, 333, 334, 335, 336, 337, 574, 575, 576, 577, 578, 579, 580, 581, 582, 583, 584, 585, 586, 587, 588, 589, 590, 591, 592, 593, 594, 595, 596, 597, 598, 599, 600, 601, 602, 603, 604, 605, 606, 607, 608, 609, 610, 611, 612, 613, 614, 615, 616, 617, 618, 619, 620, 621, 622, 623, 624, 625, 626, 627, 628, 629, 630, 631, 632, 633, 634, 635, 636, 637, 638, 639, 640, 641, 642, 643, 644, 645, 646, 647, 648, 649, 650, 651, 652, 653, 654, 655, 656, 657, 658, 659, 660, 661, 662, 663, 664, 665, 666, 667, 668, 669, 670, 671, 672, 673, 674, 675, 676, 677, 678, 679, 680, 681, 682, 683, 684, 685, 686, 687, 688, 689, 690, 691, 692, 693, 694, 695, 696, 697, 698, 699, 700, 701, 702, 703, 704, 705, 706, 707, 708, 709, 710, 711, 712, 713, 714, 715, 716, 717, 718, 719, 720, 721, 722, 723, 724, 725, 726, 727, 728, 729, 730, 731, 732, 733, 734, 735, 736, 737, 738, 739, 740, 741, 742, 743, 744, 745, 746, 747, 748, 749, 750, 751, 752, 753, 754, 755, 756, 757, 758, 759, 760, 761, 762, 763, 764, 765, 766, 767, 768, 769, 770, 771, 772, 773, 774, 775, 776, 777, 778, 779, 780, 781, 782, 783, 784, 785, 786, 787, 788, 789, 790, 791, 792, 793]","[155, 627]","[155, 627]","[105, 114, 138, 141, 152, 153, 154, 155, 157, 159, 164, 165, 176, 182, 191, 192, 194, 195, 196, 200, 204, 208, 209, 210, 211, 215, 226, 228, 241, 242, 243, 245, 248, 249, 250, 257, 261, 270, 271, 282, 287, 289, 291, 294, 296, 298, 306, 308, 309, 311, 314, 327, 333, 335, 337, 576, 585, 609, 612, 623, 624, 626, 627, 629, 631, 636, 637, 647, 653, 662, 663, 665, 666, 667, 671, 674, 678, 679, 680, 681, 690, 692, 705, 706, 707, 709, 711, 712, 713, 719, 721, 729, 730, 741, 746, 748, 750, 753, 755, 757, 764, 766, 767, 769, 772, 785, 791]","[12, 24, 25, 28, 88, 100, 104, 119, 123, 129, 136, 137, 139, 140, 141, 148, 155, 169, 172, 179, 183, 185, 188, 196, 198, 217, 237, 267, 270, 278, 319, 321, 324, 325, 330, 334, 335, 354, 366, 369, 380, 383, 384, 386, 395, 407, 411, 423, 428, 436, 437, 452, 453, 456, 467, 471, 477, 478, 479, 497, 508, 511, 559, 571, 575, 590, 594, 600, 607, 608, 610, 611, 612, 619, 627, 640, 643, 650, 654, 656, 659, 667, 669, 685, 701, 726, 729, 737, 777, 779, 782, 783, 787, 790, 791, 809, 817, 819, 830, 833, 834, 836, 845, 856, 857, 860, 862, 875, 880, 887, 888, 899, 900, 914, 918, 921, 928, 929, 930]",[],7/6 successful match,True,"[247, 248, 249]",True,324,False,,1.0,True,MBP Travel Plaza ( Chevron ),BP
"F Firebaugh , 93622 MBP Travel Plaza ( Chevron )",3 209-364-6437 I-5 Exit 385 ( Nees Ave ),HRS 24 225 M,Firebaugh,93622,MBP Travel Plaza ( Chevron ),209-364-6437,2008,Firebaugh,CA,BP,( Nees Ave ),I-5 Exit 385 ,Exit,385,False,,False,I-5,,,,,"[627, 155]","[155, 627]","[155, 627]","[155, 627]","[103, 104, 105, 106, 107, 108, 109, 110, 111, 112, 113, 114, 115, 116, 117, 118, 119, 120, 121, 122, 123, 124, 125, 126, 127, 128, 129, 130, 131, 132, 133, 134, 135, 136, 137, 138, 139, 140, 141, 142, 143, 144, 145, 146, 147, 148, 149, 150, 151, 152, 153, 154, 155, 156, 157, 158, 159, 160, 161, 162, 163, 164, 165, 166, 167, 168, 169, 170, 171, 172, 173, 174, 175, 176, 177, 178, 179, 180, 181, 182, 183, 184, 185, 186, 187, 188, 189, 190, 191, 192, 193, 194, 195, 196, 197, 198, 199, 200, 201, 202, 203, 204, 205, 206, 207, 208, 209, 210, 211, 212, 213, 214, 215, 216, 217, 218, 219, 220, 221, 222, 223, 224, 225, 226, 227, 228, 229, 230, 231, 232, 233, 234, 235, 236, 237, 238, 239, 240, 241, 242, 243, 244, 245, 246, 247, 248, 249, 250, 251, 252, 253, 254, 255, 256, 257, 258, 259, 260, 261, 262, 263, 264, 265, 266, 267, 268, 269, 270, 271, 272, 273, 274, 275, 276, 277, 278, 279, 280, 281, 282, 283, 284, 285, 286, 287, 288, 289, 290, 291, 292, 293, 294, 295, 296, 297, 298, 299, 300, 301, 302, 303, 304, 305, 306, 307, 308, 309, 310, 311, 312, 313, 314, 315, 316, 317, 318, 319, 320, 321, 322, 323, 324, 325, 326, 327, 328, 329, 330, 331, 332, 333, 334, 335, 336, 337, 574, 575, 576, 577, 578, 579, 580, 581, 582, 583, 584, 585, 586, 587, 588, 589, 590, 591, 592, 593, 594, 595, 596, 597, 598, 599, 600, 601, 602, 603, 604, 605, 606, 607, 608, 609, 610, 611, 612, 613, 614, 615, 616, 617, 618, 619, 620, 621, 622, 623, 624, 625, 626, 627, 628, 629, 630, 631, 632, 633, 634, 635, 636, 637, 638, 639, 640, 641, 642, 643, 644, 645, 646, 647, 648, 649, 650, 651, 652, 653, 654, 655, 656, 657, 658, 659, 660, 661, 662, 663, 664, 665, 666, 667, 668, 669, 670, 671, 672, 673, 674, 675, 676, 677, 678, 679, 680, 681, 682, 683, 684, 685, 686, 687, 688, 689, 690, 691, 692, 693, 694, 695, 696, 697, 698, 699, 700, 701, 702, 703, 704, 705, 706, 707, 708, 709, 710, 711, 712, 713, 714, 715, 716, 717, 718, 719, 720, 721, 722, 723, 724, 725, 726, 727, 728, 729, 730, 731, 732, 733, 734, 735, 736, 737, 738, 739, 740, 741, 742, 743, 744, 745, 746, 747, 748, 749, 750, 751, 752, 753, 754, 755, 756, 757, 758, 759, 760, 761, 762, 763, 764, 765, 766, 767, 768, 769, 770, 771, 772, 773, 774, 775, 776, 777, 778, 779, 780, 781, 782, 783, 784, 785, 786, 787, 788, 789, 790, 791, 792, 793]","[105, 114, 138, 141, 152, 153, 154, 155, 157, 159, 164, 165, 176, 182, 191, 192, 194, 195, 196, 200, 204, 208, 209, 210, 211, 215, 226, 228, 241, 242, 243, 245, 248, 249, 250, 257, 261, 270, 271, 282, 287, 289, 291, 294, 296, 298, 306, 308, 309, 311, 314, 327, 333, 335, 337, 576, 585, 609, 612, 623, 624, 626, 627, 629, 631, 636, 637, 647, 653, 662, 663, 665, 666, 667, 671, 674, 678, 679, 680, 681, 690, 692, 705, 706, 707, 709, 711, 712, 713, 719, 721, 729, 730, 741, 746, 748, 750, 753, 755, 757, 764, 766, 767, 769, 772, 785, 791]",[],"[12, 24, 25, 28, 88, 100, 104, 119, 123, 129, 136, 137, 139, 140, 141, 148, 155, 169, 172, 179, 183, 185, 188, 196, 198, 217, 237, 267, 270, 278, 319, 321, 324, 325, 330, 334, 335, 354, 366, 369, 380, 383, 384, 386, 395, 407, 411, 423, 428, 436, 437, 452, 453, 456, 467, 471, 477, 478, 479, 497, 508, 511, 559, 571, 575, 590, 594, 600, 607, 608, 610, 611, 612, 619, 627, 640, 643, 650, 654, 656, 659, 667, 669, 685, 701, 726, 729, 737, 777, 779, 782, 783, 787, 790, 791, 809, 817, 819, 830, 833, 834, 836, 845, 856, 857, 860, 862, 875, 880, 887, 888, 899, 900, 914, 918, 921, 928, 929, 930]","[12, 24, 25, 28, 88, 100, 103, 104, 105, 106, 107, 108, 109, 110, 111, 112, 113, 114, 115, 116, 117, 118, 119, 120, 121, 122, 123, 124, 125, 126, 127, 128, 129, 130, 131, 132, 133, 134, 135, 136, 137, 138, 139, 140, 141, 142, 143, 144, 145, 146, 147, 148, 149, 150, 151, 152, 153, 154, 155, 156, 157, 158, 159, 160, 161, 162, 163, 164, 165, 166, 167, 168, 169, 170, 171, 172, 173, 174, 175, 176, 177, 178, 179, 180, 181, 182, 183, 184, 185, 186, 187, 188, 189, 190, 191, 192, 193, 194, 195, 196, 197, 198, 199, 200, 201, 202, 203, 204, 205, 206, 207, 208, 209, 210, 211, 212, 213, 214, 215, 216, 217, 218, 219, 220, 221, 222, 223, 224, 225, 226, 227, 228, 229, 230, 231, 232, 233, 234, 235, 236, 237, 238, 239, 240, 241, 242, 243, 244, 245, 246, 247, 248, 249, 250, 251, 252, 253, 254, 255, 256, 257, 258, 259, 260, 261, 262, 263, 264, 265, 266, 267, 268, 269, 270, 271, 272, 273, 274, 275, 276, 277, 278, 279, 280, 281, 282, 283, 284, 285, 286, 287, 288, 289, 290, 291, 292, 293, 294, 295, 296, 297, 298, 299, 300, 301, 302, 303, 304, 305, 306, 307, 308, 309, 310, 311, 312, 313, 314, 315, 316, 317, 318, 319, 320, 321, 322, 323, 324, 325, 326, 327, 328, 329, 330, 331, 332, 333, 334, 335, 336, 337, 354, 366, 369, 380, 383, 384, 386, 395, 407, 411, 423, 428, 436, 437, 452, 453, 456, 467, 471, 477, 478, 479, 497, 508, 511, 559, 571, 574, 575, 576, 577, 578, 579, 580, 581, 582, 583, 584, 585, 586, 587, 588, 589, 590, 591, 592, 593, 594, 595, 596, 597, 598, 599, 600, 601, 602, 603, 604, 605, 606, 607, 608, 609, 610, 611, 612, 613, 614, 615, 616, 617, 618, 619, 620, 621, 622, 623, 624, 625, 626, 627, 628, 629, 630, 631, 632, 633, 634, 635, 636, 637, 638, 639, 640, 641, 642, 643, 644, 645, 646, 647, 648, 649, 650, 651, 652, 653, 654, 655, 656, 657, 658, 659, 660, 661, 662, 663, 664, 665, 666, 667, 668, 669, 670, 671, 672, 673, 674, 675, 676, 677, 678, 679, 680, 681, 682, 683, 684, 685, 686, 687, 688, 689, 690, 691, 692, 693, 694, 695, 696, 697, 698, 699, 700, 701, 702, 703, 704, 705, 706, 707, 708, 709, 710, 711, 712, 713, 714, 715, 716, 717, 718, 719, 720, 721, 722, 723, 724, 725, 726, 727, 728, 729, 730, 731, 732, 733, 734, 735, 736, 737, 738, 739, 740, 741, 742, 743, 744, 745, 746, 747, 748, 749, 750, 751, 752, 753, 754, 755, 756, 757, 758, 759, 760, 761, 762, 763, 764, 765, 766, 767, 768, 769, 770, 771, 772, 773, 774, 775, 776, 777, 778, 779, 780, 781, 782, 783, 784, 785, 786, 787, 788, 789, 790, 791, 792, 793, 809, 817, 819, 830, 833, 834, 836, 845, 856, 857, 860, 862, 875, 880, 887, 888, 899, 900, 914, 918, 921, 928, 929, 930]",True,"[155, 627]","[103, 104, 105, 106, 107, 108, 109, 110, 111, 112, 113, 114, 115, 116, 117, 118, 119, 120, 121, 122, 123, 124, 125, 126, 127, 128, 129, 130, 131, 132, 133, 134, 135, 136, 137, 138, 139, 140, 141, 142, 143, 144, 145, 146, 147, 148, 149, 150, 151, 152, 153, 154, 155, 156, 157, 158, 159, 160, 161, 162, 163, 164, 165, 166, 167, 168, 169, 170, 171, 172, 173, 174, 175, 176, 177, 178, 179, 180, 181, 182, 183, 184, 185, 186, 187, 188, 189, 190, 191, 192, 193, 194, 195, 196, 197, 198, 199, 200, 201, 202, 203, 204, 205, 206, 207, 208, 209, 210, 211, 212, 213, 214, 215, 216, 217, 218, 219, 220, 221, 222, 223, 224, 225, 226, 227, 228, 229, 230, 231, 232, 233, 234, 235, 236, 237, 238, 239, 240, 241, 242, 243, 244, 245, 246, 247, 248, 249, 250, 251, 252, 253, 254, 255, 256, 257, 258, 259, 260, 261, 262, 263, 264, 265, 266, 267, 268, 269, 270, 271, 272, 273, 274, 275, 276, 277, 278, 279, 280, 281, 282, 283, 284, 285, 286, 287, 288, 289, 290, 291, 292, 293, 294, 295, 296, 297, 298, 299, 300, 301, 302, 303, 304, 305, 306, 307, 308, 309, 310, 311, 312, 313, 314, 315, 316, 317, 318, 319, 320, 321, 322, 323, 324, 325, 326, 327, 328, 329, 330, 331, 332, 333, 334, 335, 336, 337, 574, 575, 576, 577, 578, 579, 580, 581, 582, 583, 584, 585, 586, 587, 588, 589, 590, 591, 592, 593, 594, 595, 596, 597, 598, 599, 600, 601, 602, 603, 604, 605, 606, 607, 608, 609, 610, 611, 612, 613, 614, 615, 616, 617, 618, 619, 620, 621, 622, 623, 624, 625, 626, 627, 628, 629, 630, 631, 632, 633, 634, 635, 636, 637, 638, 639, 640, 641, 642, 643, 644, 645, 646, 647, 648, 649, 650, 651, 652, 653, 654, 655, 656, 657, 658, 659, 660, 661, 662, 663, 664, 665, 666, 667, 668, 669, 670, 671, 672, 673, 674, 675, 676, 677, 678, 679, 680, 681, 682, 683, 684, 685, 686, 687, 688, 689, 690, 691, 692, 693, 694, 695, 696, 697, 698, 699, 700, 701, 702, 703, 704, 705, 706, 707, 708, 709, 710, 711, 712, 713, 714, 715, 716, 717, 718, 719, 720, 721, 722, 723, 724, 725, 726, 727, 728, 729, 730, 731, 732, 733, 734, 735, 736, 737, 738, 739, 740, 741, 742, 743, 744, 745, 746, 747, 748, 749, 750, 751, 752, 753, 754, 755, 756, 757, 758, 759, 760, 761, 762, 763, 764, 765, 766, 767, 768, 769, 770, 771, 772, 773, 774, 775, 776, 777, 778, 779, 780, 781, 782, 783, 784, 785, 786, 787, 788, 789, 790, 791, 792, 793]","[155, 627]","[155, 627]","[105, 114, 138, 141, 152, 153, 154, 155, 157, 159, 164, 165, 176, 182, 191, 192, 194, 195, 196, 200, 204, 208, 209, 210, 211, 215, 226, 228, 241, 242, 243, 245, 248, 249, 250, 257, 261, 270, 271, 282, 287, 289, 291, 294, 296, 298, 306, 308, 309, 311, 314, 327, 333, 335, 337, 576, 585, 609, 612, 623, 624, 626, 627, 629, 631, 636, 637, 647, 653, 662, 663, 665, 666, 667, 671, 674, 678, 679, 680, 681, 690, 692, 705, 706, 707, 709, 711, 712, 713, 719, 721, 729, 730, 741, 746, 748, 750, 753, 755, 757, 764, 766, 767, 769, 772, 785, 791]","[12, 24, 25, 28, 88, 100, 104, 119, 123, 129, 136, 137, 139, 140, 141, 148, 155, 169, 172, 179, 183, 185, 188, 196, 198, 217, 237, 267, 270, 278, 319, 321, 324, 325, 330, 334, 335, 354, 366, 369, 380, 383, 384, 386, 395, 407, 411, 423, 428, 436, 437, 452, 453, 456, 467, 471, 477, 478, 479, 497, 508, 511, 559, 571, 575, 590, 594, 600, 607, 608, 610, 611, 612, 619, 627, 640, 643, 650, 654, 656, 659, 667, 669, 685, 701, 726, 729, 737, 777, 779, 782, 783, 787, 790, 791, 809, 817, 819, 830, 833, 834, 836, 845, 856, 857, 860, 862, 875, 880, 887, 888, 899, 900, 914, 918, 921, 928, 929, 930]",[],7/6 successful match,True,"[247, 248, 249]",True,324,False,,1.0,True,MBP Travel Plaza ( Chevron ),BP
Firebaugh ( 93622 ) Firebaugh Travel Plaza ( Chevron ),209-364-6437 I-5 Exit 385 ( Nees Ave ),24 MO D,Firebaugh,93622,Firebaugh Travel Plaza ( Chevron ),209-364-6437,2014,Firebaugh,CA,Chevron,( Nees Ave ),I-5 Exit 385 ,Exit,385,False,,False,I-5,,,,,"[627, 155]","[155, 627]","[155, 627]","[155, 627]","[103, 104, 105, 106, 107, 108, 109, 110, 111, 112, 113, 114, 115, 116, 117, 118, 119, 120, 121, 122, 123, 124, 125, 126, 127, 128, 129, 130, 131, 132, 133, 134, 135, 136, 137, 138, 139, 140, 141, 142, 143, 144, 145, 146, 147, 148, 149, 150, 151, 152, 153, 154, 155, 156, 157, 158, 159, 160, 161, 162, 163, 164, 165, 166, 167, 168, 169, 170, 171, 172, 173, 174, 175, 176, 177, 178, 179, 180, 181, 182, 183, 184, 185, 186, 187, 188, 189, 190, 191, 192, 193, 194, 195, 196, 197, 198, 199, 200, 201, 202, 203, 204, 205, 206, 207, 208, 209, 210, 211, 212, 213, 214, 215, 216, 217, 218, 219, 220, 221, 222, 223, 224, 225, 226, 227, 228, 229, 230, 231, 232, 233, 234, 235, 236, 237, 238, 239, 240, 241, 242, 243, 244, 245, 246, 247, 248, 249, 250, 251, 252, 253, 254, 255, 256, 257, 258, 259, 260, 261, 262, 263, 264, 265, 266, 267, 268, 269, 270, 271, 272, 273, 274, 275, 276, 277, 278, 279, 280, 281, 282, 283, 284, 285, 286, 287, 288, 289, 290, 291, 292, 293, 294, 295, 296, 297, 298, 299, 300, 301, 302, 303, 304, 305, 306, 307, 308, 309, 310, 311, 312, 313, 314, 315, 316, 317, 318, 319, 320, 321, 322, 323, 324, 325, 326, 327, 328, 329, 330, 331, 332, 333, 334, 335, 336, 337, 574, 575, 576, 577, 578, 579, 580, 581, 582, 583, 584, 585, 586, 587, 588, 589, 590, 591, 592, 593, 594, 595, 596, 597, 598, 599, 600, 601, 602, 603, 604, 605, 606, 607, 608, 609, 610, 611, 612, 613, 614, 615, 616, 617, 618, 619, 620, 621, 622, 623, 624, 625, 626, 627, 628, 629, 630, 631, 632, 633, 634, 635, 636, 637, 638, 639, 640, 641, 642, 643, 644, 645, 646, 647, 648, 649, 650, 651, 652, 653, 654, 655, 656, 657, 658, 659, 660, 661, 662, 663, 664, 665, 666, 667, 668, 669, 670, 671, 672, 673, 674, 675, 676, 677, 678, 679, 680, 681, 682, 683, 684, 685, 686, 687, 688, 689, 690, 691, 692, 693, 694, 695, 696, 697, 698, 699, 700, 701, 702, 703, 704, 705, 706, 707, 708, 709, 710, 711, 712, 713, 714, 715, 716, 717, 718, 719, 720, 721, 722, 723, 724, 725, 726, 727, 728, 729, 730, 731, 732, 733, 734, 735, 736, 737, 738, 739, 740, 741, 742, 743, 744, 745, 746, 747, 748, 749, 750, 751, 752, 753, 754, 755, 756, 757, 758, 759, 760, 761, 762, 763, 764, 765, 766, 767, 768, 769, 770, 771, 772, 773, 774, 775, 776, 777, 778, 779, 780, 781, 782, 783, 784, 785, 786, 787, 788, 789, 790, 791, 792, 793]","[105, 114, 138, 141, 152, 153, 154, 155, 157, 159, 164, 165, 176, 182, 191, 192, 194, 195, 196, 200, 204, 208, 209, 210, 211, 215, 226, 228, 241, 242, 243, 245, 248, 249, 250, 257, 261, 270, 271, 282, 287, 289, 291, 294, 296, 298, 306, 308, 309, 311, 314, 327, 333, 335, 337, 576, 585, 609, 612, 623, 624, 626, 627, 629, 631, 636, 637, 647, 653, 662, 663, 665, 666, 667, 671, 674, 678, 679, 680, 681, 690, 692, 705, 706, 707, 709, 711, 712, 713, 719, 721, 729, 730, 741, 746, 748, 750, 753, 755, 757, 764, 766, 767, 769, 772, 785, 791]","[12, 24, 25, 28, 88, 100, 104, 119, 123, 129, 136, 137, 139, 140, 141, 148, 155, 169, 172, 179, 183, 185, 188, 196, 198, 217, 237, 267, 270, 278, 319, 321, 324, 325, 330, 334, 335, 354, 366, 369, 380, 383, 384, 386, 395, 407, 411, 423, 428, 436, 437, 452, 453, 456, 467, 471, 477, 478, 479, 497, 508, 511, 559, 571, 575, 590, 594, 600, 607, 608, 610, 611, 612, 619, 627, 640, 643, 650, 654, 656, 659, 667, 669, 685, 701, 726, 729, 737, 777, 779, 782, 783, 787, 790, 791, 809, 817, 819, 830, 833, 834, 836, 845, 856, 857, 860, 862, 875, 880, 887, 888, 899, 900, 914, 918, 921, 928, 929, 930]","[12, 24, 25, 28, 88, 100, 104, 119, 123, 129, 136, 137, 139, 140, 141, 148, 155, 169, 172, 179, 183, 185, 188, 196, 198, 217, 237, 267, 270, 278, 319, 321, 324, 325, 330, 334, 335, 354, 366, 369, 380, 383, 384, 386, 395, 407, 411, 423, 428, 436, 437, 452, 453, 456, 467, 471, 477, 478, 479, 497, 508, 511, 559, 571, 575, 590, 594, 600, 607, 608, 610, 611, 612, 619, 627, 640, 643, 650, 654, 656, 659, 667, 669, 685, 701, 726, 729, 737, 777, 779, 782, 783, 787, 790, 791, 809, 817, 819, 830, 833, 834, 836, 845, 856, 857, 860, 862, 875, 880, 887, 888, 899, 900, 914, 918, 921, 928, 929, 930]","[12, 24, 25, 28, 88, 100, 103, 104, 105, 106, 107, 108, 109, 110, 111, 112, 113, 114, 115, 116, 117, 118, 119, 120, 121, 122, 123, 124, 125, 126, 127, 128, 129, 130, 131, 132, 133, 134, 135, 136, 137, 138, 139, 140, 141, 142, 143, 144, 145, 146, 147, 148, 149, 150, 151, 152, 153, 154, 155, 156, 157, 158, 159, 160, 161, 162, 163, 164, 165, 166, 167, 168, 169, 170, 171, 172, 173, 174, 175, 176, 177, 178, 179, 180, 181, 182, 183, 184, 185, 186, 187, 188, 189, 190, 191, 192, 193, 194, 195, 196, 197, 198, 199, 200, 201, 202, 203, 204, 205, 206, 207, 208, 209, 210, 211, 212, 213, 214, 215, 216, 217, 218, 219, 220, 221, 222, 223, 224, 225, 226, 227, 228, 229, 230, 231, 232, 233, 234, 235, 236, 237, 238, 239, 240, 241, 242, 243, 244, 245, 246, 247, 248, 249, 250, 251, 252, 253, 254, 255, 256, 257, 258, 259, 260, 261, 262, 263, 264, 265, 266, 267, 268, 269, 270, 271, 272, 273, 274, 275, 276, 277, 278, 279, 280, 281, 282, 283, 284, 285, 286, 287, 288, 289, 290, 291, 292, 293, 294, 295, 296, 297, 298, 299, 300, 301, 302, 303, 304, 305, 306, 307, 308, 309, 310, 311, 312, 313, 314, 315, 316, 317, 318, 319, 320, 321, 322, 323, 324, 325, 326, 327, 328, 329, 330, 331, 332, 333, 334, 335, 336, 337, 354, 366, 369, 380, 383, 384, 386, 395, 407, 411, 423, 428, 436, 437, 452, 453, 456, 467, 471, 477, 478, 479, 497, 508, 511, 559, 571, 574, 575, 576, 577, 578, 579, 580, 581, 582, 583, 584, 585, 586, 587, 588, 589, 590, 591, 592, 593, 594, 595, 596, 597, 598, 599, 600, 601, 602, 603, 604, 605, 606, 607, 608, 609, 610, 611, 612, 613, 614, 615, 616, 617, 618, 619, 620, 621, 622, 623, 624, 625, 626, 627, 628, 629, 630, 631, 632, 633, 634, 635, 636, 637, 638, 639, 640, 641, 642, 643, 644, 645, 646, 647, 648, 649, 650, 651, 652, 653, 654, 655, 656, 657, 658, 659, 660, 661, 662, 663, 664, 665, 666, 667, 668, 669, 670, 671, 672, 673, 674, 675, 676, 677, 678, 679, 680, 681, 682, 683, 684, 685, 686, 687, 688, 689, 690, 691, 692, 693, 694, 695, 696, 697, 698, 699, 700, 701, 702, 703, 704, 705, 706, 707, 708, 709, 710, 711, 712, 713, 714, 715, 716, 717, 718, 719, 720, 721, 722, 723, 724, 725, 726, 727, 728, 729, 730, 731, 732, 733, 734, 735, 736, 737, 738, 739, 740, 741, 742, 743, 744, 745, 746, 747, 748, 749, 750, 751, 752, 753, 754, 755, 756, 757, 758, 759, 760, 761, 762, 763, 764, 765, 766, 767, 768, 769, 770, 771, 772, 773, 774, 775, 776, 777, 778, 779, 780, 781, 782, 783, 784, 785, 786, 787, 788, 789, 790, 791, 792, 793, 809, 817, 819, 830, 833, 834, 836, 845, 856, 857, 860, 862, 875, 880, 887, 888, 899, 900, 914, 918, 921, 928, 929, 930]",True,"[155, 627]","[103, 104, 105, 106, 107, 108, 109, 110, 111, 112, 113, 114, 115, 116, 117, 118, 119, 120, 121, 122, 123, 124, 125, 126, 127, 128, 129, 130, 131, 132, 133, 134, 135, 136, 137, 138, 139, 140, 141, 142, 143, 144, 145, 146, 147, 148, 149, 150, 151, 152, 153, 154, 155, 156, 157, 158, 159, 160, 161, 162, 163, 164, 165, 166, 167, 168, 169, 170, 171, 172, 173, 174, 175, 176, 177, 178, 179, 180, 181, 182, 183, 184, 185, 186, 187, 188, 189, 190, 191, 192, 193, 194, 195, 196, 197, 198, 199, 200, 201, 202, 203, 204, 205, 206, 207, 208, 209, 210, 211, 212, 213, 214, 215, 216, 217, 218, 219, 220, 221, 222, 223, 224, 225, 226, 227, 228, 229, 230, 231, 232, 233, 234, 235, 236, 237, 238, 239, 240, 241, 242, 243, 244, 245, 246, 247, 248, 249, 250, 251, 252, 253, 254, 255, 256, 257, 258, 259, 260, 261, 262, 263, 264, 265, 266, 267, 268, 269, 270, 271, 272, 273, 274, 275, 276, 277, 278, 279, 280, 281, 282, 283, 284, 285, 286, 287, 288, 289, 290, 291, 292, 293, 294, 295, 296, 297, 298, 299, 300, 301, 302, 303, 304, 305, 306, 307, 308, 309, 310, 311, 312, 313, 314, 315, 316, 317, 318, 319, 320, 321, 322, 323, 324, 325, 326, 327, 328, 329, 330, 331, 332, 333, 334, 335, 336, 337, 574, 575, 576, 577, 578, 579, 580, 581, 582, 583, 584, 585, 586, 587, 588, 589, 590, 591, 592, 593, 594, 595, 596, 597, 598, 599, 600, 601, 602, 603, 604, 605, 606, 607, 608, 609, 610, 611, 612, 613, 614, 615, 616, 617, 618, 619, 620, 621, 622, 623, 624, 625, 626, 627, 628, 629, 630, 631, 632, 633, 634, 635, 636, 637, 638, 639, 640, 641, 642, 643, 644, 645, 646, 647, 648, 649, 650, 651, 652, 653, 654, 655, 656, 657, 658, 659, 660, 661, 662, 663, 664, 665, 666, 667, 668, 669, 670, 671, 672, 673, 674, 675, 676, 677, 678, 679, 680, 681, 682, 683, 684, 685, 686, 687, 688, 689, 690, 691, 692, 693, 694, 695, 696, 697, 698, 699, 700, 701, 702, 703, 704, 705, 706, 707, 708, 709, 710, 711, 712, 713, 714, 715, 716, 717, 718, 719, 720, 721, 722, 723, 724, 725, 726, 727, 728, 729, 730, 731, 732, 733, 734, 735, 736, 737, 738, 739, 740, 741, 742, 743, 744, 745, 746, 747, 748, 749, 750, 751, 752, 753, 754, 755, 756, 757, 758, 759, 760, 761, 762, 763, 764, 765, 766, 767, 768, 769, 770, 771, 772, 773, 774, 775, 776, 777, 778, 779, 780, 781, 782, 783, 784, 785, 786, 787, 788, 789, 790, 791, 792, 793]","[155, 627]","[155, 627]","[105, 114, 138, 141, 152, 153, 154, 155, 157, 159, 164, 165, 176, 182, 191, 192, 194, 195, 196, 200, 204, 208, 209, 210, 211, 215, 226, 228, 241, 242, 243, 245, 248, 249, 250, 257, 261, 270, 271, 282, 287, 289, 291, 294, 296, 298, 306, 308, 309, 311, 314, 327, 333, 335, 337, 576, 585, 609, 612, 623, 624, 626, 627, 629, 631, 636, 637, 647, 653, 662, 663, 665, 666, 667, 671, 674, 678, 679, 680, 681, 690, 692, 705, 706, 707, 709, 711, 712, 713, 719, 721, 729, 730, 741, 746, 748, 750, 753, 755, 757, 764, 766, 767, 769, 772, 785, 791]","[12, 24, 25, 28, 88, 100, 104, 119, 123, 129, 136, 137, 139, 140, 141, 148, 155, 169, 172, 179, 183, 185, 188, 196, 198, 217, 237, 267, 270, 278, 319, 321, 324, 325, 330, 334, 335, 354, 366, 369, 380, 383, 384, 386, 395, 407, 411, 423, 428, 436, 437, 452, 453, 456, 467, 471, 477, 478, 479, 497, 508, 511, 559, 571, 575, 590, 594, 600, 607, 608, 610, 611, 612, 619, 627, 640, 643, 650, 654, 656, 659, 667, 669, 685, 701, 726, 729, 737, 777, 779, 782, 783, 787, 790, 791, 809, 817, 819, 830, 833, 834, 836, 845, 856, 857, 860, 862, 875, 880, 887, 888, 899, 900, 914, 918, 921, 928, 929, 930]","[12, 24, 25, 28, 88, 100, 104, 119, 123, 129, 136, 137, 139, 140, 141, 148, 155, 169, 172, 179, 183, 185, 188, 196, 198, 217, 237, 267, 270, 278, 319, 321, 324, 325, 330, 334, 335, 354, 366, 369, 380, 383, 384, 386, 395, 407, 411, 423, 428, 436, 437, 452, 453, 456, 467, 471, 477, 478, 479, 497, 508, 511, 559, 571, 575, 590, 594, 600, 607, 608, 610, 611, 612, 619, 627, 640, 643, 650, 654, 656, 659, 667, 669, 685, 701, 726, 729, 737, 777, 779, 782, 783, 787, 790, 791, 809, 817, 819, 830, 833, 834, 836, 845, 856, 857, 860, 862, 875, 880, 887, 888, 899, 900, 914, 918, 921, 928, 929, 930]",7/6 successful match,True,"[247, 248, 249]",True,324,False,,0.9193548387096775,False,MBP Travel Plaza ( Chevron ),BP
Firebaugh ( 93622 ) Firebaugh Travel rights Plaza reserved ( Chevron .,3 209-364-6437 I-5 Exit 385 ( ),"24 M """,Firebaugh,93622,Firebaugh Travel rights Plaza reserved ( Chevron .,209-364-6437,2015,Firebaugh,CA,Chevron,( ),I-5 Exit 385 ,Exit,385,False,,False,I-5,,,,,"[627, 155]","[155, 627]","[155, 627]","[155, 627]","[103, 104, 105, 106, 107, 108, 109, 110, 111, 112, 113, 114, 115, 116, 117, 118, 119, 120, 121, 122, 123, 124, 125, 126, 127, 128, 129, 130, 131, 132, 133, 134, 135, 136, 137, 138, 139, 140, 141, 142, 143, 144, 145, 146, 147, 148, 149, 150, 151, 152, 153, 154, 155, 156, 157, 158, 159, 160, 161, 162, 163, 164, 165, 166, 167, 168, 169, 170, 171, 172, 173, 174, 175, 176, 177, 178, 179, 180, 181, 182, 183, 184, 185, 186, 187, 188, 189, 190, 191, 192, 193, 194, 195, 196, 197, 198, 199, 200, 201, 202, 203, 204, 205, 206, 207, 208, 209, 210, 211, 212, 213, 214, 215, 216, 217, 218, 219, 220, 221, 222, 223, 224, 225, 226, 227, 228, 229, 230, 231, 232, 233, 234, 235, 236, 237, 238, 239, 240, 241, 242, 243, 244, 245, 246, 247, 248, 249, 250, 251, 252, 253, 254, 255, 256, 257, 258, 259, 260, 261, 262, 263, 264, 265, 266, 267, 268, 269, 270, 271, 272, 273, 274, 275, 276, 277, 278, 279, 280, 281, 282, 283, 284, 285, 286, 287, 288, 289, 290, 291, 292, 293, 294, 295, 296, 297, 298, 299, 300, 301, 302, 303, 304, 305, 306, 307, 308, 309, 310, 311, 312, 313, 314, 315, 316, 317, 318, 319, 320, 321, 322, 323, 324, 325, 326, 327, 328, 329, 330, 331, 332, 333, 334, 335, 336, 337, 574, 575, 576, 577, 578, 579, 580, 581, 582, 583, 584, 585, 586, 587, 588, 589, 590, 591, 592, 593, 594, 595, 596, 597, 598, 599, 600, 601, 602, 603, 604, 605, 606, 607, 608, 609, 610, 611, 612, 613, 614, 615, 616, 617, 618, 619, 620, 621, 622, 623, 624, 625, 626, 627, 628, 629, 630, 631, 632, 633, 634, 635, 636, 637, 638, 639, 640, 641, 642, 643, 644, 645, 646, 647, 648, 649, 650, 651, 652, 653, 654, 655, 656, 657, 658, 659, 660, 661, 662, 663, 664, 665, 666, 667, 668, 669, 670, 671, 672, 673, 674, 675, 676, 677, 678, 679, 680, 681, 682, 683, 684, 685, 686, 687, 688, 689, 690, 691, 692, 693, 694, 695, 696, 697, 698, 699, 700, 701, 702, 703, 704, 705, 706, 707, 708, 709, 710, 711, 712, 713, 714, 715, 716, 717, 718, 719, 720, 721, 722, 723, 724, 725, 726, 727, 728, 729, 730, 731, 732, 733, 734, 735, 736, 737, 738, 739, 740, 741, 742, 743, 744, 745, 746, 747, 748, 749, 750, 751, 752, 753, 754, 755, 756, 757, 758, 759, 760, 761, 762, 763, 764, 765, 766, 767, 768, 769, 770, 771, 772, 773, 774, 775, 776, 777, 778, 779, 780, 781, 782, 783, 784, 785, 786, 787, 788, 789, 790, 791, 792, 793]","[105, 114, 138, 141, 152, 153, 154, 155, 157, 159, 164, 165, 176, 182, 191, 192, 194, 195, 196, 200, 204, 208, 209, 210, 211, 215, 226, 228, 241, 242, 243, 245, 248, 249, 250, 257, 261, 270, 271, 282, 287, 289, 291, 294, 296, 298, 306, 308, 309, 311, 314, 327, 333, 335, 337, 576, 585, 609, 612, 623, 624, 626, 627, 629, 631, 636, 637, 647, 653, 662, 663, 665, 666, 667, 671, 674, 678, 679, 680, 681, 690, 692, 705, 706, 707, 709, 711, 712, 713, 719, 721, 729, 730, 741, 746, 748, 750, 753, 755, 757, 764, 766, 767, 769, 772, 785, 791]","[12, 24, 25, 28, 88, 100, 104, 119, 123, 129, 136, 137, 139, 140, 141, 148, 155, 169, 172, 179, 183, 185, 188, 196, 198, 217, 237, 267, 270, 278, 319, 321, 324, 325, 330, 334, 335, 354, 366, 369, 380, 383, 384, 386, 395, 407, 411, 423, 428, 436, 437, 452, 453, 456, 467, 471, 477, 478, 479, 497, 508, 511, 559, 571, 575, 590, 594, 600, 607, 608, 610, 611, 612, 619, 627, 640, 643, 650, 654, 656, 659, 667, 669, 685, 701, 726, 729, 737, 777, 779, 782, 783, 787, 790, 791, 809, 817, 819, 830, 833, 834, 836, 845, 856, 857, 860, 862, 875, 880, 887, 888, 899, 900, 914, 918, 921, 928, 929, 930]","[12, 24, 25, 28, 88, 100, 104, 119, 123, 129, 136, 137, 139, 140, 141, 148, 155, 169, 172, 179, 183, 185, 188, 196, 198, 217, 237, 267, 270, 278, 319, 321, 324, 325, 330, 334, 335, 354, 366, 369, 380, 383, 384, 386, 395, 407, 411, 423, 428, 436, 437, 452, 453, 456, 467, 471, 477, 478, 479, 497, 508, 511, 559, 571, 575, 590, 594, 600, 607, 608, 610, 611, 612, 619, 627, 640, 643, 650, 654, 656, 659, 667, 669, 685, 701, 726, 729, 737, 777, 779, 782, 783, 787, 790, 791, 809, 817, 819, 830, 833, 834, 836, 845, 856, 857, 860, 862, 875, 880, 887, 888, 899, 900, 914, 918, 921, 928, 929, 930]","[12, 24, 25, 28, 88, 100, 103, 104, 105, 106, 107, 108, 109, 110, 111, 112, 113, 114, 115, 116, 117, 118, 119, 120, 121, 122, 123, 124, 125, 126, 127, 128, 129, 130, 131, 132, 133, 134, 135, 136, 137, 138, 139, 140, 141, 142, 143, 144, 145, 146, 147, 148, 149, 150, 151, 152, 153, 154, 155, 156, 157, 158, 159, 160, 161, 162, 163, 164, 165, 166, 167, 168, 169, 170, 171, 172, 173, 174, 175, 176, 177, 178, 179, 180, 181, 182, 183, 184, 185, 186, 187, 188, 189, 190, 191, 192, 193, 194, 195, 196, 197, 198, 199, 200, 201, 202, 203, 204, 205, 206, 207, 208, 209, 210, 211, 212, 213, 214, 215, 216, 217, 218, 219, 220, 221, 222, 223, 224, 225, 226, 227, 228, 229, 230, 231, 232, 233, 234, 235, 236, 237, 238, 239, 240, 241, 242, 243, 244, 245, 246, 247, 248, 249, 250, 251, 252, 253, 254, 255, 256, 257, 258, 259, 260, 261, 262, 263, 264, 265, 266, 267, 268, 269, 270, 271, 272, 273, 274, 275, 276, 277, 278, 279, 280, 281, 282, 283, 284, 285, 286, 287, 288, 289, 290, 291, 292, 293, 294, 295, 296, 297, 298, 299, 300, 301, 302, 303, 304, 305, 306, 307, 308, 309, 310, 311, 312, 313, 314, 315, 316, 317, 318, 319, 320, 321, 322, 323, 324, 325, 326, 327, 328, 329, 330, 331, 332, 333, 334, 335, 336, 337, 354, 366, 369, 380, 383, 384, 386, 395, 407, 411, 423, 428, 436, 437, 452, 453, 456, 467, 471, 477, 478, 479, 497, 508, 511, 559, 571, 574, 575, 576, 577, 578, 579, 580, 581, 582, 583, 584, 585, 586, 587, 588, 589, 590, 591, 592, 593, 594, 595, 596, 597, 598, 599, 600, 601, 602, 603, 604, 605, 606, 607, 608, 609, 610, 611, 612, 613, 614, 615, 616, 617, 618, 619, 620, 621, 622, 623, 624, 625, 626, 627, 628, 629, 630, 631, 632, 633, 634, 635, 636, 637, 638, 639, 640, 641, 642, 643, 644, 645, 646, 647, 648, 649, 650, 651, 652, 653, 654, 655, 656, 657, 658, 659, 660, 661, 662, 663, 664, 665, 666, 667, 668, 669, 670, 671, 672, 673, 674, 675, 676, 677, 678, 679, 680, 681, 682, 683, 684, 685, 686, 687, 688, 689, 690, 691, 692, 693, 694, 695, 696, 697, 698, 699, 700, 701, 702, 703, 704, 705, 706, 707, 708, 709, 710, 711, 712, 713, 714, 715, 716, 717, 718, 719, 720, 721, 722, 723, 724, 725, 726, 727, 728, 729, 730, 731, 732, 733, 734, 735, 736, 737, 738, 739, 740, 741, 742, 743, 744, 745, 746, 747, 748, 749, 750, 751, 752, 753, 754, 755, 756, 757, 758, 759, 760, 761, 762, 763, 764, 765, 766, 767, 768, 769, 770, 771, 772, 773, 774, 775, 776, 777, 778, 779, 780, 781, 782, 783, 784, 785, 786, 787, 788, 789, 790, 791, 792, 793, 809, 817, 819, 830, 833, 834, 836, 845, 856, 857, 860, 862, 875, 880, 887, 888, 899, 900, 914, 918, 921, 928, 929, 930]",True,"[155, 627]","[103, 104, 105, 106, 107, 108, 109, 110, 111, 112, 113, 114, 115, 116, 117, 118, 119, 120, 121, 122, 123, 124, 125, 126, 127, 128, 129, 130, 131, 132, 133, 134, 135, 136, 137, 138, 139, 140, 141, 142, 143, 144, 145, 146, 147, 148, 149, 150, 151, 152, 153, 154, 155, 156, 157, 158, 159, 160, 161, 162, 163, 164, 165, 166, 167, 168, 169, 170, 171, 172, 173, 174, 175, 176, 177, 178, 179, 180, 181, 182, 183, 184, 185, 186, 187, 188, 189, 190, 191, 192, 193, 194, 195, 196, 197, 198, 199, 200, 201, 202, 203, 204, 205, 206, 207, 208, 209, 210, 211, 212, 213, 214, 215, 216, 217, 218, 219, 220, 221, 222, 223, 224, 225, 226, 227, 228, 229, 230, 231, 232, 233, 234, 235, 236, 237, 238, 239, 240, 241, 242, 243, 244, 245, 246, 247, 248, 249, 250, 251, 252, 253, 254, 255, 256, 257, 258, 259, 260, 261, 262, 263, 264, 265, 266, 267, 268, 269, 270, 271, 272, 273, 274, 275, 276, 277, 278, 279, 280, 281, 282, 283, 284, 285, 286, 287, 288, 289, 290, 291, 292, 293, 294, 295, 296, 297, 298, 299, 300, 301, 302, 303, 304, 305, 306, 307, 308, 309, 310, 311, 312, 313, 314, 315, 316, 317, 318, 319, 320, 321, 322, 323, 324, 325, 326, 327, 328, 329, 330, 331, 332, 333, 334, 335, 336, 337, 574, 575, 576, 577, 578, 579, 580, 581, 582, 583, 584, 585, 586, 587, 588, 589, 590, 591, 592, 593, 594, 595, 596, 597, 598, 599, 600, 601, 602, 603, 604, 605, 606, 607, 608, 609, 610, 611, 612, 613, 614, 615, 616, 617, 618, 619, 620, 621, 622, 623, 624, 625, 626, 627, 628, 629, 630, 631, 632, 633, 634, 635, 636, 637, 638, 639, 640, 641, 642, 643, 644, 645, 646, 647, 648, 649, 650, 651, 652, 653, 654, 655, 656, 657, 658, 659, 660, 661, 662, 663, 664, 665, 666, 667, 668, 669, 670, 671, 672, 673, 674, 675, 676, 677, 678, 679, 680, 681, 682, 683, 684, 685, 686, 687, 688, 689, 690, 691, 692, 693, 694, 695, 696, 697, 698, 699, 700, 701, 702, 703, 704, 705, 706, 707, 708, 709, 710, 711, 712, 713, 714, 715, 716, 717, 718, 719, 720, 721, 722, 723, 724, 725, 726, 727, 728, 729, 730, 731, 732, 733, 734, 735, 736, 737, 738, 739, 740, 741, 742, 743, 744, 745, 746, 747, 748, 749, 750, 751, 752, 753, 754, 755, 756, 757, 758, 759, 760, 761, 762, 763, 764, 765, 766, 767, 768, 769, 770, 771, 772, 773, 774, 775, 776, 777, 778, 779, 780, 781, 782, 783, 784, 785, 786, 787, 788, 789, 790, 791, 792, 793]","[155, 627]","[155, 627]","[105, 114, 138, 141, 152, 153, 154, 155, 157, 159, 164, 165, 176, 182, 191, 192, 194, 195, 196, 200, 204, 208, 209, 210, 211, 215, 226, 228, 241, 242, 243, 245, 248, 249, 250, 257, 261, 270, 271, 282, 287, 289, 291, 294, 296, 298, 306, 308, 309, 311, 314, 327, 333, 335, 337, 576, 585, 609, 612, 623, 624, 626, 627, 629, 631, 636, 637, 647, 653, 662, 663, 665, 666, 667, 671, 674, 678, 679, 680, 681, 690, 692, 705, 706, 707, 709, 711, 712, 713, 719, 721, 729, 730, 741, 746, 748, 750, 753, 755, 757, 764, 766, 767, 769, 772, 785, 791]","[12, 24, 25, 28, 88, 100, 104, 119, 123, 129, 136, 137, 139, 140, 141, 148, 155, 169, 172, 179, 183, 185, 188, 196, 198, 217, 237, 267, 270, 278, 319, 321, 324, 325, 330, 334, 335, 354, 366, 369, 380, 383, 384, 386, 395, 407, 411, 423, 428, 436, 437, 452, 453, 456, 467, 471, 477, 478, 479, 497, 508, 511, 559, 571, 575, 590, 594, 600, 607, 608, 610, 611, 612, 619, 627, 640, 643, 650, 654, 656, 659, 667, 669, 685, 701, 726, 729, 737, 777, 779, 782, 783, 787, 790, 791, 809, 817, 819, 830, 833, 834, 836, 845, 856, 857, 860, 862, 875, 880, 887, 888, 899, 900, 914, 918, 921, 928, 929, 930]","[12, 24, 25, 28, 88, 100, 104, 119, 123, 129, 136, 137, 139, 140, 141, 148, 155, 169, 172, 179, 183, 185, 188, 196, 198, 217, 237, 267, 270, 278, 319, 321, 324, 325, 330, 334, 335, 354, 366, 369, 380, 383, 384, 386, 395, 407, 411, 423, 428, 436, 437, 452, 453, 456, 467, 471, 477, 478, 479, 497, 508, 511, 559, 571, 575, 590, 594, 600, 607, 608, 610, 611, 612, 619, 627, 640, 643, 650, 654, 656, 659, 667, 669, 685, 701, 726, 729, 737, 777, 779, 782, 783, 787, 790, 791, 809, 817, 819, 830, 833, 834, 836, 845, 856, 857, 860, 862, 875, 880, 887, 888, 899, 900, 914, 918, 921, 928, 929, 930]",7/6 successful match,True,"[247, 248, 249]",True,324,False,,0.6690476190476191,True,Firebaugh Travel Plaza ( Chevron ),Chevron
Firebaugh ( 93622 ) Firebaugh Travel Plaza ( ),209-364-6437 I-5 Exit 385 ( Nees Ave ),24 M 24 32 <U+2610>,Firebaugh,93622,Firebaugh Travel Plaza ( ),209-364-6437,2016,Firebaugh,CA,,( Nees Ave ),I-5 Exit 385 ,Exit,385,False,,False,I-5,,,,,"[627, 155]","[155, 627]","[155, 627]","[155, 627]","[103, 104, 105, 106, 107, 108, 109, 110, 111, 112, 113, 114, 115, 116, 117, 118, 119, 120, 121, 122, 123, 124, 125, 126, 127, 128, 129, 130, 131, 132, 133, 134, 135, 136, 137, 138, 139, 140, 141, 142, 143, 144, 145, 146, 147, 148, 149, 150, 151, 152, 153, 154, 155, 156, 157, 158, 159, 160, 161, 162, 163, 164, 165, 166, 167, 168, 169, 170, 171, 172, 173, 174, 175, 176, 177, 178, 179, 180, 181, 182, 183, 184, 185, 186, 187, 188, 189, 190, 191, 192, 193, 194, 195, 196, 197, 198, 199, 200, 201, 202, 203, 204, 205, 206, 207, 208, 209, 210, 211, 212, 213, 214, 215, 216, 217, 218, 219, 220, 221, 222, 223, 224, 225, 226, 227, 228, 229, 230, 231, 232, 233, 234, 235, 236, 237, 238, 239, 240, 241, 242, 243, 244, 245, 246, 247, 248, 249, 250, 251, 252, 253, 254, 255, 256, 257, 258, 259, 260, 261, 262, 263, 264, 265, 266, 267, 268, 269, 270, 271, 272, 273, 274, 275, 276, 277, 278, 279, 280, 281, 282, 283, 284, 285, 286, 287, 288, 289, 290, 291, 292, 293, 294, 295, 296, 297, 298, 299, 300, 301, 302, 303, 304, 305, 306, 307, 308, 309, 310, 311, 312, 313, 314, 315, 316, 317, 318, 319, 320, 321, 322, 323, 324, 325, 326, 327, 328, 329, 330, 331, 332, 333, 334, 335, 336, 337, 574, 575, 576, 577, 578, 579, 580, 581, 582, 583, 584, 585, 586, 587, 588, 589, 590, 591, 592, 593, 594, 595, 596, 597, 598, 599, 600, 601, 602, 603, 604, 605, 606, 607, 608, 609, 610, 611, 612, 613, 614, 615, 616, 617, 618, 619, 620, 621, 622, 623, 624, 625, 626, 627, 628, 629, 630, 631, 632, 633, 634, 635, 636, 637, 638, 639, 640, 641, 642, 643, 644, 645, 646, 647, 648, 649, 650, 651, 652, 653, 654, 655, 656, 657, 658, 659, 660, 661, 662, 663, 664, 665, 666, 667, 668, 669, 670, 671, 672, 673, 674, 675, 676, 677, 678, 679, 680, 681, 682, 683, 684, 685, 686, 687, 688, 689, 690, 691, 692, 693, 694, 695, 696, 697, 698, 699, 700, 701, 702, 703, 704, 705, 706, 707, 708, 709, 710, 711, 712, 713, 714, 715, 716, 717, 718, 719, 720, 721, 722, 723, 724, 725, 726, 727, 728, 729, 730, 731, 732, 733, 734, 735, 736, 737, 738, 739, 740, 741, 742, 743, 744, 745, 746, 747, 748, 749, 750, 751, 752, 753, 754, 755, 756, 757, 758, 759, 760, 761, 762, 763, 764, 765, 766, 767, 768, 769, 770, 771, 772, 773, 774, 775, 776, 777, 778, 779, 780, 781, 782, 783, 784, 785, 786, 787, 788, 789, 790, 791, 792, 793]","[105, 114, 138, 141, 152, 153, 154, 155, 157, 159, 164, 165, 176, 182, 191, 192, 194, 195, 196, 200, 204, 208, 209, 210, 211, 215, 226, 228, 241, 242, 243, 245, 248, 249, 250, 257, 261, 270, 271, 282, 287, 289, 291, 294, 296, 298, 306, 308, 309, 311, 314, 327, 333, 335, 337, 576, 585, 609, 612, 623, 624, 626, 627, 629, 631, 636, 637, 647, 653, 662, 663, 665, 666, 667, 671, 674, 678, 679, 680, 681, 690, 692, 705, 706, 707, 709, 711, 712, 713, 719, 721, 729, 730, 741, 746, 748, 750, 753, 755, 757, 764, 766, 767, 769, 772, 785, 791]",[],"[155, 627]","[103, 104, 105, 106, 107, 108, 109, 110, 111, 112, 113, 114, 115, 116, 117, 118, 119, 120, 121, 122, 123, 124, 125, 126, 127, 128, 129, 130, 131, 132, 133, 134, 135, 136, 137, 138, 139, 140, 141, 142, 143, 144, 145, 146, 147, 148, 149, 150, 151, 152, 153, 154, 155, 156, 157, 158, 159, 160, 161, 162, 163, 164, 165, 166, 167, 168, 169, 170, 171, 172, 173, 174, 175, 176, 177, 178, 179, 180, 181, 182, 183, 184, 185, 186, 187, 188, 189, 190, 191, 192, 193, 194, 195, 196, 197, 198, 199, 200, 201, 202, 203, 204, 205, 206, 207, 208, 209, 210, 211, 212, 213, 214, 215, 216, 217, 218, 219, 220, 221, 222, 223, 224, 225, 226, 227, 228, 229, 230, 231, 232, 233, 234, 235, 236, 237, 238, 239, 240, 241, 242, 243, 244, 245, 246, 247, 248, 249, 250, 251, 252, 253, 254, 255, 256, 257, 258, 259, 260, 261, 262, 263, 264, 265, 266, 267, 268, 269, 270, 271, 272, 273, 274, 275, 276, 277, 278, 279, 280, 281, 282, 283, 284, 285, 286, 287, 288, 289, 290, 291, 292, 293, 294, 295, 296, 297, 298, 299, 300, 301, 302, 303, 304, 305, 306, 307, 308, 309, 310, 311, 312, 313, 314, 315, 316, 317, 318, 319, 320, 321, 322, 323, 324, 325, 326, 327, 328, 329, 330, 331, 332, 333, 334, 335, 336, 337, 574, 575, 576, 577, 578, 579, 580, 581, 582, 583, 584, 585, 586, 587, 588, 589, 590, 591, 592, 593, 594, 595, 596, 597, 598, 599, 600, 601, 602, 603, 604, 605, 606, 607, 608, 609, 610, 611, 612, 613, 614, 615, 616, 617, 618, 619, 620, 621, 622, 623, 624, 625, 626, 627, 628, 629, 630, 631, 632, 633, 634, 635, 636, 637, 638, 639, 640, 641, 642, 643, 644, 645, 646, 647, 648, 649, 650, 651, 652, 653, 654, 655, 656, 657, 658, 659, 660, 661, 662, 663, 664, 665, 666, 667, 668, 669, 670, 671, 672, 673, 674, 675, 676, 677, 678, 679, 680, 681, 682, 683, 684, 685, 686, 687, 688, 689, 690, 691, 692, 693, 694, 695, 696, 697, 698, 699, 700, 701, 702, 703, 704, 705, 706, 707, 708, 709, 710, 711, 712, 713, 714, 715, 716, 717, 718, 719, 720, 721, 722, 723, 724, 725, 726, 727, 728, 729, 730, 731, 732, 733, 734, 735, 736, 737, 738, 739, 740, 741, 742, 743, 744, 745, 746, 747, 748, 749, 750, 751, 752, 753, 754, 755, 756, 757, 758, 759, 760, 761, 762, 763, 764, 765, 766, 767, 768, 769, 770, 771, 772, 773, 774, 775, 776, 777, 778, 779, 780, 781, 782, 783, 784, 785, 786, 787, 788, 789, 790, 791, 792, 793]",True,"[155, 627]","[103, 104, 105, 106, 107, 108, 109, 110, 111, 112, 113, 114, 115, 116, 117, 118, 119, 120, 121, 122, 123, 124, 125, 126, 127, 128, 129, 130, 131, 132, 133, 134, 135, 136, 137, 138, 139, 140, 141, 142, 143, 144, 145, 146, 147, 148, 149, 150, 151, 152, 153, 154, 155, 156, 157, 158, 159, 160, 161, 162, 163, 164, 165, 166, 167, 168, 169, 170, 171, 172, 173, 174, 175, 176, 177, 178, 179, 180, 181, 182, 183, 184, 185, 186, 187, 188, 189, 190, 191, 192, 193, 194, 195, 196, 197, 198, 199, 200, 201, 202, 203, 204, 205, 206, 207, 208, 209, 210, 211, 212, 213, 214, 215, 216, 217, 218, 219, 220, 221, 222, 223, 224, 225, 226, 227, 228, 229, 230, 231, 232, 233, 234, 235, 236, 237, 238, 239, 240, 241, 242, 243, 244, 245, 246, 247, 248, 249, 250, 251, 252, 253, 254, 255, 256, 257, 258, 259, 260, 261, 262, 263, 264, 265, 266, 267, 268, 269, 270, 271, 272, 273, 274, 275, 276, 277, 278, 279, 280, 281, 282, 283, 284, 285, 286, 287, 288, 289, 290, 291, 292, 293, 294, 295, 296, 297, 298, 299, 300, 301, 302, 303, 304, 305, 306, 307, 308, 309, 310, 311, 312, 313, 314, 315, 316, 317, 318, 319, 320, 321, 322, 323, 324, 325, 326, 327, 328, 329, 330, 331, 332, 333, 334, 335, 336, 337, 574, 575, 576, 577, 578, 579, 580, 581, 582, 583, 584, 585, 586, 587, 588, 589, 590, 591, 592, 593, 594, 595, 596, 597, 598, 599, 600, 601, 602, 603, 604, 605, 606, 607, 608, 609, 610, 611, 612, 613, 614, 615, 616, 617, 618, 619, 620, 621, 622, 623, 624, 625, 626, 627, 628, 629, 630, 631, 632, 633, 634, 635, 636, 637, 638, 639, 640, 641, 642, 643, 644, 645, 646, 647, 648, 649, 650, 651, 652, 653, 654, 655, 656, 657, 658, 659, 660, 661, 662, 663, 664, 665, 666, 667, 668, 669, 670, 671, 672, 673, 674, 675, 676, 677, 678, 679, 680, 681, 682, 683, 684, 685, 686, 687, 688, 689, 690, 691, 692, 693, 694, 695, 696, 697, 698, 699, 700, 701, 702, 703, 704, 705, 706, 707, 708, 709, 710, 711, 712, 713, 714, 715, 716, 717, 718, 719, 720, 721, 722, 723, 724, 725, 726, 727, 728, 729, 730, 731, 732, 733, 734, 735, 736, 737, 738, 739, 740, 741, 742, 743, 744, 745, 746, 747, 748, 749, 750, 751, 752, 753, 754, 755, 756, 757, 758, 759, 760, 761, 762, 763, 764, 765, 766, 767, 768, 769, 770, 771, 772, 773, 774, 775, 776, 777, 778, 779, 780, 781, 782, 783, 784, 785, 786, 787, 788, 789, 790, 791, 792, 793]","[155, 627]","[155, 627]","[105, 114, 138, 141, 152, 153, 154, 155, 157, 159, 164, 165, 176, 182, 191, 192, 194, 195, 196, 200, 204, 208, 209, 210, 211, 215, 226, 228, 241, 242, 243, 245, 248, 249, 250, 257, 261, 270, 271, 282, 287, 289, 291, 294, 296, 298, 306, 308, 309, 311, 314, 327, 333, 335, 337, 576, 585, 609, 612, 623, 624, 626, 627, 629, 631, 636, 637, 647, 653, 662, 663, 665, 666, 667, 671, 674, 678, 679, 680, 681, 690, 692, 705, 706, 707, 709, 711, 712, 713, 719, 721, 729, 730, 741, 746, 748, 750, 753, 755, 757, 764, 766, 767, 769, 772, 785, 791]","[155, 627]",[],7/6 successful match,True,"[247, 248, 249]",True,324,False,,0.5307017543859649,True,Firebaugh Travel rights Plaza reserved ( Chevron .,Chevron
"F Fowler , 93625 Buford Star Mart # 5 ( Shell ) Rd )",3 559-834-3634 CA 99 Exit 121 ( Manning,HRS 24 XLO <U+2610>,Fowler,93625,Buford Star Mart # 5 ( Shell ) Rd ),559-834-3634,2006,Fowler,CA,Shell,( Manning,CA 99 Exit 121 ,Exit,121,False,,False,CA 99,,,,,"[604, 133]","[133, 604]","[133, 604]","[133, 604]","[103, 104, 105, 106, 107, 108, 109, 110, 111, 112, 113, 114, 115, 116, 117, 118, 119, 120, 121, 122, 123, 124, 125, 126, 127, 128, 129, 130, 131, 132, 133, 134, 135, 136, 137, 138, 139, 140, 141, 142, 143, 144, 145, 146, 147, 148, 149, 150, 151, 152, 153, 154, 155, 156, 157, 158, 159, 160, 161, 162, 163, 164, 165, 166, 167, 168, 169, 170, 171, 172, 173, 174, 175, 176, 177, 178, 179, 180, 181, 182, 183, 184, 185, 186, 187, 188, 189, 190, 191, 192, 193, 194, 195, 196, 197, 198, 199, 200, 201, 202, 203, 204, 205, 206, 207, 208, 209, 210, 211, 212, 213, 214, 215, 216, 217, 218, 219, 220, 221, 222, 223, 224, 225, 226, 227, 228, 229, 230, 231, 232, 233, 234, 235, 236, 237, 238, 239, 240, 241, 242, 243, 244, 245, 246, 247, 248, 249, 250, 251, 252, 253, 254, 255, 256, 257, 258, 259, 260, 261, 262, 263, 264, 265, 266, 267, 268, 269, 270, 271, 272, 273, 274, 275, 276, 277, 278, 279, 280, 281, 282, 283, 284, 285, 286, 287, 288, 289, 290, 291, 292, 293, 294, 295, 296, 297, 298, 299, 300, 301, 302, 303, 304, 305, 306, 307, 308, 309, 310, 311, 312, 313, 314, 315, 316, 317, 318, 319, 320, 321, 322, 323, 324, 325, 326, 327, 328, 329, 330, 331, 332, 333, 334, 335, 336, 337, 574, 575, 576, 577, 578, 579, 580, 581, 582, 583, 584, 585, 586, 587, 588, 589, 590, 591, 592, 593, 594, 595, 596, 597, 598, 599, 600, 601, 602, 603, 604, 605, 606, 607, 608, 609, 610, 611, 612, 613, 614, 615, 616, 617, 618, 619, 620, 621, 622, 623, 624, 625, 626, 627, 628, 629, 630, 631, 632, 633, 634, 635, 636, 637, 638, 639, 640, 641, 642, 643, 644, 645, 646, 647, 648, 649, 650, 651, 652, 653, 654, 655, 656, 657, 658, 659, 660, 661, 662, 663, 664, 665, 666, 667, 668, 669, 670, 671, 672, 673, 674, 675, 676, 677, 678, 679, 680, 681, 682, 683, 684, 685, 686, 687, 688, 689, 690, 691, 692, 693, 694, 695, 696, 697, 698, 699, 700, 701, 702, 703, 704, 705, 706, 707, 708, 709, 710, 711, 712, 713, 714, 715, 716, 717, 718, 719, 720, 721, 722, 723, 724, 725, 726, 727, 728, 729, 730, 731, 732, 733, 734, 735, 736, 737, 738, 739, 740, 741, 742, 743, 744, 745, 746, 747, 748, 749, 750, 751, 752, 753, 754, 755, 756, 757, 758, 759, 760, 761, 762, 763, 764, 765, 766, 767, 768, 769, 770, 771, 772, 773, 774, 775, 776, 777, 778, 779, 780, 781, 782, 783, 784, 785, 786, 787, 788, 789, 790, 791, 792, 793]","[10, 75, 103, 104, 106, 117, 118, 120, 127, 128, 129, 131, 133, 135, 136, 137, 139, 146, 147, 148, 149, 151, 158, 160, 162, 166, 173, 178, 179, 185, 190, 192, 198, 201, 203, 204, 206, 207, 212, 213, 214, 219, 223, 224, 225, 227, 230, 235, 237, 246, 247, 256, 259, 262, 263, 266, 268, 269, 271, 272, 278, 279, 284, 285, 288, 290, 292, 304, 306, 312, 316, 319, 320, 323, 324, 329, 332, 335, 495, 549, 574, 575, 577, 588, 589, 591, 598, 599, 600, 602, 604, 606, 607, 608, 610, 617, 618, 619, 620, 622, 625, 630, 632, 634, 638, 644, 649, 650, 656, 661, 663, 669, 673, 674, 676, 677, 682, 683, 684, 687, 688, 689, 691, 694, 699, 701, 710, 718, 722, 723, 727, 728, 730, 731, 737, 738, 743, 744, 747, 749, 751, 762, 764, 770, 774, 777, 778, 781, 782, 789, 791]","[1, 13, 14, 29, 54, 55, 56, 57, 58, 60, 102, 118, 125, 127, 130, 134, 146, 149, 153, 175, 182, 187, 189, 191, 197, 225, 230, 238, 264, 265, 266, 286, 302, 317, 336, 379, 388, 389, 425, 454, 458, 463, 475, 487, 498, 499, 512, 530, 531, 532, 533, 534, 536, 573, 589, 596, 598, 601, 605, 617, 620, 624, 646, 653, 658, 660, 662, 668, 689, 694, 702, 724, 725, 745, 760, 775, 793, 829, 838, 839, 877, 901, 903, 905, 910, 923]","[1, 13, 14, 29, 54, 55, 56, 57, 58, 60, 102, 118, 125, 127, 130, 133, 134, 146, 149, 153, 175, 182, 187, 189, 191, 197, 225, 230, 238, 264, 265, 266, 286, 302, 317, 336, 354, 379, 388, 389, 425, 454, 458, 463, 475, 487, 498, 499, 512, 530, 531, 532, 533, 534, 536, 573, 589, 596, 598, 601, 604, 605, 617, 620, 624, 646, 653, 658, 660, 662, 668, 689, 694, 702, 724, 725, 745, 760, 775, 793, 809, 829, 838, 839, 877, 901, 903, 905, 910, 923]","[1, 10, 13, 14, 29, 54, 55, 56, 57, 58, 60, 75, 102, 103, 104, 105, 106, 107, 108, 109, 110, 111, 112, 113, 114, 115, 116, 117, 118, 119, 120, 121, 122, 123, 124, 125, 126, 127, 128, 129, 130, 131, 132, 133, 134, 135, 136, 137, 138, 139, 140, 141, 142, 143, 144, 145, 146, 147, 148, 149, 150, 151, 152, 153, 154, 155, 156, 157, 158, 159, 160, 161, 162, 163, 164, 165, 166, 167, 168, 169, 170, 171, 172, 173, 174, 175, 176, 177, 178, 179, 180, 181, 182, 183, 184, 185, 186, 187, 188, 189, 190, 191, 192, 193, 194, 195, 196, 197, 198, 199, 200, 201, 202, 203, 204, 205, 206, 207, 208, 209, 210, 211, 212, 213, 214, 215, 216, 217, 218, 219, 220, 221, 222, 223, 224, 225, 226, 227, 228, 229, 230, 231, 232, 233, 234, 235, 236, 237, 238, 239, 240, 241, 242, 243, 244, 245, 246, 247, 248, 249, 250, 251, 252, 253, 254, 255, 256, 257, 258, 259, 260, 261, 262, 263, 264, 265, 266, 267, 268, 269, 270, 271, 272, 273, 274, 275, 276, 277, 278, 279, 280, 281, 282, 283, 284, 285, 286, 287, 288, 289, 290, 291, 292, 293, 294, 295, 296, 297, 298, 299, 300, 301, 302, 303, 304, 305, 306, 307, 308, 309, 310, 311, 312, 313, 314, 315, 316, 317, 318, 319, 320, 321, 322, 323, 324, 325, 326, 327, 328, 329, 330, 331, 332, 333, 334, 335, 336, 337, 354, 379, 388, 389, 425, 454, 458, 463, 475, 487, 495, 498, 499, 512, 530, 531, 532, 533, 534, 536, 549, 573, 574, 575, 576, 577, 578, 579, 580, 581, 582, 583, 584, 585, 586, 587, 588, 589, 590, 591, 592, 593, 594, 595, 596, 597, 598, 599, 600, 601, 602, 603, 604, 605, 606, 607, 608, 609, 610, 611, 612, 613, 614, 615, 616, 617, 618, 619, 620, 621, 622, 623, 624, 625, 626, 627, 628, 629, 630, 631, 632, 633, 634, 635, 636, 637, 638, 639, 640, 641, 642, 643, 644, 645, 646, 647, 648, 649, 650, 651, 652, 653, 654, 655, 656, 657, 658, 659, 660, 661, 662, 663, 664, 665, 666, 667, 668, 669, 670, 671, 672, 673, 674, 675, 676, 677, 678, 679, 680, 681, 682, 683, 684, 685, 686, 687, 688, 689, 690, 691, 692, 693, 694, 695, 696, 697, 698, 699, 700, 701, 702, 703, 704, 705, 706, 707, 708, 709, 710, 711, 712, 713, 714, 715, 716, 717, 718, 719, 720, 721, 722, 723, 724, 725, 726, 727, 728, 729, 730, 731, 732, 733, 734, 735, 736, 737, 738, 739, 740, 741, 742, 743, 744, 745, 746, 747, 748, 749, 750, 751, 752, 753, 754, 755, 756, 757, 758, 759, 760, 761, 762, 763, 764, 765, 766, 767, 768, 769, 770, 771, 772, 773, 774, 775, 776, 777, 778, 779, 780, 781, 782, 783, 784, 785, 786, 787, 788, 789, 790, 791, 792, 793, 809, 829, 838, 839, 877, 901, 903, 905, 910, 923]",True,"[133, 604]","[103, 104, 105, 106, 107, 108, 109, 110, 111, 112, 113, 114, 115, 116, 117, 118, 119, 120, 121, 122, 123, 124, 125, 126, 127, 128, 129, 130, 131, 132, 133, 134, 135, 136, 137, 138, 139, 140, 141, 142, 143, 144, 145, 146, 147, 148, 149, 150, 151, 152, 153, 154, 155, 156, 157, 158, 159, 160, 161, 162, 163, 164, 165, 166, 167, 168, 169, 170, 171, 172, 173, 174, 175, 176, 177, 178, 179, 180, 181, 182, 183, 184, 185, 186, 187, 188, 189, 190, 191, 192, 193, 194, 195, 196, 197, 198, 199, 200, 201, 202, 203, 204, 205, 206, 207, 208, 209, 210, 211, 212, 213, 214, 215, 216, 217, 218, 219, 220, 221, 222, 223, 224, 225, 226, 227, 228, 229, 230, 231, 232, 233, 234, 235, 236, 237, 238, 239, 240, 241, 242, 243, 244, 245, 246, 247, 248, 249, 250, 251, 252, 253, 254, 255, 256, 257, 258, 259, 260, 261, 262, 263, 264, 265, 266, 267, 268, 269, 270, 271, 272, 273, 274, 275, 276, 277, 278, 279, 280, 281, 282, 283, 284, 285, 286, 287, 288, 289, 290, 291, 292, 293, 294, 295, 296, 297, 298, 299, 300, 301, 302, 303, 304, 305, 306, 307, 308, 309, 310, 311, 312, 313, 314, 315, 316, 317, 318, 319, 320, 321, 322, 323, 324, 325, 326, 327, 328, 329, 330, 331, 332, 333, 334, 335, 336, 337, 574, 575, 576, 577, 578, 579, 580, 581, 582, 583, 584, 585, 586, 587, 588, 589, 590, 591, 592, 593, 594, 595, 596, 597, 598, 599, 600, 601, 602, 603, 604, 605, 606, 607, 608, 609, 610, 611, 612, 613, 614, 615, 616, 617, 618, 619, 620, 621, 622, 623, 624, 625, 626, 627, 628, 629, 630, 631, 632, 633, 634, 635, 636, 637, 638, 639, 640, 641, 642, 643, 644, 645, 646, 647, 648, 649, 650, 651, 652, 653, 654, 655, 656, 657, 658, 659, 660, 661, 662, 663, 664, 665, 666, 667, 668, 669, 670, 671, 672, 673, 674, 675, 676, 677, 678, 679, 680, 681, 682, 683, 684, 685, 686, 687, 688, 689, 690, 691, 692, 693, 694, 695, 696, 697, 698, 699, 700, 701, 702, 703, 704, 705, 706, 707, 708, 709, 710, 711, 712, 713, 714, 715, 716, 717, 718, 719, 720, 721, 722, 723, 724, 725, 726, 727, 728, 729, 730, 731, 732, 733, 734, 735, 736, 737, 738, 739, 740, 741, 742, 743, 744, 745, 746, 747, 748, 749, 750, 751, 752, 753, 754, 755, 756, 757, 758, 759, 760, 761, 762, 763, 764, 765, 766, 767, 768, 769, 770, 771, 772, 773, 774, 775, 776, 777, 778, 779, 780, 781, 782, 783, 784, 785, 786, 787, 788, 789, 790, 791, 792, 793]","[133, 604]","[133, 604]","[10, 75, 103, 104, 106, 117, 118, 120, 127, 128, 129, 131, 133, 135, 136, 137, 139, 146, 147, 148, 149, 151, 158, 160, 162, 166, 173, 178, 179, 185, 190, 192, 198, 201, 203, 204, 206, 207, 212, 213, 214, 219, 223, 224, 225, 227, 230, 235, 237, 246, 247, 256, 259, 262, 263, 266, 268, 269, 271, 272, 278, 279, 284, 285, 288, 290, 292, 304, 306, 312, 316, 319, 320, 323, 324, 329, 332, 335, 495, 549, 574, 575, 577, 588, 589, 591, 598, 599, 600, 602, 604, 606, 607, 608, 610, 617, 618, 619, 620, 622, 625, 630, 632, 634, 638, 644, 649, 650, 656, 661, 663, 669, 673, 674, 676, 677, 682, 683, 684, 687, 688, 689, 691, 694, 699, 701, 710, 718, 722, 723, 727, 728, 730, 731, 737, 738, 743, 744, 747, 749, 751, 762, 764, 770, 774, 777, 778, 781, 782, 789, 791]","[1, 13, 14, 29, 54, 55, 56, 57, 58, 60, 102, 118, 125, 127, 130, 133, 134, 146, 149, 153, 175, 182, 187, 189, 191, 197, 225, 230, 238, 264, 265, 266, 286, 302, 317, 336, 354, 379, 388, 389, 425, 454, 458, 463, 475, 487, 498, 499, 512, 530, 531, 532, 533, 534, 536, 573, 589, 596, 598, 601, 604, 605, 617, 620, 624, 646, 653, 658, 660, 662, 668, 689, 694, 702, 724, 725, 745, 760, 775, 793, 809, 829, 838, 839, 877, 901, 903, 905, 910, 923]","[1, 13, 14, 29, 54, 55, 56, 57, 58, 60, 102, 118, 125, 127, 130, 134, 146, 149, 153, 175, 182, 187, 189, 191, 197, 225, 230, 238, 264, 265, 266, 286, 302, 317, 336, 379, 388, 389, 425, 454, 458, 463, 475, 487, 498, 499, 512, 530, 531, 532, 533, 534, 536, 573, 589, 596, 598, 601, 605, 617, 620, 624, 646, 653, 658, 660, 662, 668, 689, 694, 702, 724, 725, 745, 760, 775, 793, 829, 838, 839, 877, 901, 903, 905, 910, 923]",6/6 successful match,True,,False,325,False,,,,,
"F Fowler , 93625 Buford Star Mart # 5 ( Shell )",559-834-3634 CA 99 Exit 121 ( Manning Ave ),24 XL00,Fowler,93625,Buford Star Mart # 5 ( Shell ),559-834-3634,2007,Fowler,CA,Shell,( Manning Ave ),CA 99 Exit 121 ,Exit,121,False,,False,CA 99,,,,,"[604, 133]","[133, 604]","[133, 604]","[133, 604]","[103, 104, 105, 106, 107, 108, 109, 110, 111, 112, 113, 114, 115, 116, 117, 118, 119, 120, 121, 122, 123, 124, 125, 126, 127, 128, 129, 130, 131, 132, 133, 134, 135, 136, 137, 138, 139, 140, 141, 142, 143, 144, 145, 146, 147, 148, 149, 150, 151, 152, 153, 154, 155, 156, 157, 158, 159, 160, 161, 162, 163, 164, 165, 166, 167, 168, 169, 170, 171, 172, 173, 174, 175, 176, 177, 178, 179, 180, 181, 182, 183, 184, 185, 186, 187, 188, 189, 190, 191, 192, 193, 194, 195, 196, 197, 198, 199, 200, 201, 202, 203, 204, 205, 206, 207, 208, 209, 210, 211, 212, 213, 214, 215, 216, 217, 218, 219, 220, 221, 222, 223, 224, 225, 226, 227, 228, 229, 230, 231, 232, 233, 234, 235, 236, 237, 238, 239, 240, 241, 242, 243, 244, 245, 246, 247, 248, 249, 250, 251, 252, 253, 254, 255, 256, 257, 258, 259, 260, 261, 262, 263, 264, 265, 266, 267, 268, 269, 270, 271, 272, 273, 274, 275, 276, 277, 278, 279, 280, 281, 282, 283, 284, 285, 286, 287, 288, 289, 290, 291, 292, 293, 294, 295, 296, 297, 298, 299, 300, 301, 302, 303, 304, 305, 306, 307, 308, 309, 310, 311, 312, 313, 314, 315, 316, 317, 318, 319, 320, 321, 322, 323, 324, 325, 326, 327, 328, 329, 330, 331, 332, 333, 334, 335, 336, 337, 574, 575, 576, 577, 578, 579, 580, 581, 582, 583, 584, 585, 586, 587, 588, 589, 590, 591, 592, 593, 594, 595, 596, 597, 598, 599, 600, 601, 602, 603, 604, 605, 606, 607, 608, 609, 610, 611, 612, 613, 614, 615, 616, 617, 618, 619, 620, 621, 622, 623, 624, 625, 626, 627, 628, 629, 630, 631, 632, 633, 634, 635, 636, 637, 638, 639, 640, 641, 642, 643, 644, 645, 646, 647, 648, 649, 650, 651, 652, 653, 654, 655, 656, 657, 658, 659, 660, 661, 662, 663, 664, 665, 666, 667, 668, 669, 670, 671, 672, 673, 674, 675, 676, 677, 678, 679, 680, 681, 682, 683, 684, 685, 686, 687, 688, 689, 690, 691, 692, 693, 694, 695, 696, 697, 698, 699, 700, 701, 702, 703, 704, 705, 706, 707, 708, 709, 710, 711, 712, 713, 714, 715, 716, 717, 718, 719, 720, 721, 722, 723, 724, 725, 726, 727, 728, 729, 730, 731, 732, 733, 734, 735, 736, 737, 738, 739, 740, 741, 742, 743, 744, 745, 746, 747, 748, 749, 750, 751, 752, 753, 754, 755, 756, 757, 758, 759, 760, 761, 762, 763, 764, 765, 766, 767, 768, 769, 770, 771, 772, 773, 774, 775, 776, 777, 778, 779, 780, 781, 782, 783, 784, 785, 786, 787, 788, 789, 790, 791, 792, 793]","[10, 75, 103, 104, 106, 117, 118, 120, 127, 128, 129, 131, 133, 135, 136, 137, 139, 146, 147, 148, 149, 151, 158, 160, 162, 166, 173, 178, 179, 185, 190, 192, 198, 201, 203, 204, 206, 207, 212, 213, 214, 219, 223, 224, 225, 227, 230, 235, 237, 246, 247, 256, 259, 262, 263, 266, 268, 269, 271, 272, 278, 279, 284, 285, 288, 290, 292, 304, 306, 312, 316, 319, 320, 323, 324, 329, 332, 335, 495, 549, 574, 575, 577, 588, 589, 591, 598, 599, 600, 602, 604, 606, 607, 608, 610, 617, 618, 619, 620, 622, 625, 630, 632, 634, 638, 644, 649, 650, 656, 661, 663, 669, 673, 674, 676, 677, 682, 683, 684, 687, 688, 689, 691, 694, 699, 701, 710, 718, 722, 723, 727, 728, 730, 731, 737, 738, 743, 744, 747, 749, 751, 762, 764, 770, 774, 777, 778, 781, 782, 789, 791]","[1, 13, 14, 29, 54, 55, 56, 57, 58, 60, 102, 118, 125, 127, 130, 134, 146, 149, 153, 175, 182, 187, 189, 191, 197, 225, 230, 238, 264, 265, 266, 286, 302, 317, 336, 379, 388, 389, 425, 454, 458, 463, 475, 487, 498, 499, 512, 530, 531, 532, 533, 534, 536, 573, 589, 596, 598, 601, 605, 617, 620, 624, 646, 653, 658, 660, 662, 668, 689, 694, 702, 724, 725, 745, 760, 775, 793, 829, 838, 839, 877, 901, 903, 905, 910, 923]","[1, 13, 14, 29, 54, 55, 56, 57, 58, 60, 102, 118, 125, 127, 130, 133, 134, 146, 149, 153, 175, 182, 187, 189, 191, 197, 225, 230, 238, 264, 265, 266, 286, 302, 317, 336, 354, 379, 388, 389, 425, 454, 458, 463, 475, 487, 498, 499, 512, 530, 531, 532, 533, 534, 536, 573, 589, 596, 598, 601, 604, 605, 617, 620, 624, 646, 653, 658, 660, 662, 668, 689, 694, 702, 724, 725, 745, 760, 775, 793, 809, 829, 838, 839, 877, 901, 903, 905, 910, 923]","[1, 10, 13, 14, 29, 54, 55, 56, 57, 58, 60, 75, 102, 103, 104, 105, 106, 107, 108, 109, 110, 111, 112, 113, 114, 115, 116, 117, 118, 119, 120, 121, 122, 123, 124, 125, 126, 127, 128, 129, 130, 131, 132, 133, 134, 135, 136, 137, 138, 139, 140, 141, 142, 143, 144, 145, 146, 147, 148, 149, 150, 151, 152, 153, 154, 155, 156, 157, 158, 159, 160, 161, 162, 163, 164, 165, 166, 167, 168, 169, 170, 171, 172, 173, 174, 175, 176, 177, 178, 179, 180, 181, 182, 183, 184, 185, 186, 187, 188, 189, 190, 191, 192, 193, 194, 195, 196, 197, 198, 199, 200, 201, 202, 203, 204, 205, 206, 207, 208, 209, 210, 211, 212, 213, 214, 215, 216, 217, 218, 219, 220, 221, 222, 223, 224, 225, 226, 227, 228, 229, 230, 231, 232, 233, 234, 235, 236, 237, 238, 239, 240, 241, 242, 243, 244, 245, 246, 247, 248, 249, 250, 251, 252, 253, 254, 255, 256, 257, 258, 259, 260, 261, 262, 263, 264, 265, 266, 267, 268, 269, 270, 271, 272, 273, 274, 275, 276, 277, 278, 279, 280, 281, 282, 283, 284, 285, 286, 287, 288, 289, 290, 291, 292, 293, 294, 295, 296, 297, 298, 299, 300, 301, 302, 303, 304, 305, 306, 307, 308, 309, 310, 311, 312, 313, 314, 315, 316, 317, 318, 319, 320, 321, 322, 323, 324, 325, 326, 327, 328, 329, 330, 331, 332, 333, 334, 335, 336, 337, 354, 379, 388, 389, 425, 454, 458, 463, 475, 487, 495, 498, 499, 512, 530, 531, 532, 533, 534, 536, 549, 573, 574, 575, 576, 577, 578, 579, 580, 581, 582, 583, 584, 585, 586, 587, 588, 589, 590, 591, 592, 593, 594, 595, 596, 597, 598, 599, 600, 601, 602, 603, 604, 605, 606, 607, 608, 609, 610, 611, 612, 613, 614, 615, 616, 617, 618, 619, 620, 621, 622, 623, 624, 625, 626, 627, 628, 629, 630, 631, 632, 633, 634, 635, 636, 637, 638, 639, 640, 641, 642, 643, 644, 645, 646, 647, 648, 649, 650, 651, 652, 653, 654, 655, 656, 657, 658, 659, 660, 661, 662, 663, 664, 665, 666, 667, 668, 669, 670, 671, 672, 673, 674, 675, 676, 677, 678, 679, 680, 681, 682, 683, 684, 685, 686, 687, 688, 689, 690, 691, 692, 693, 694, 695, 696, 697, 698, 699, 700, 701, 702, 703, 704, 705, 706, 707, 708, 709, 710, 711, 712, 713, 714, 715, 716, 717, 718, 719, 720, 721, 722, 723, 724, 725, 726, 727, 728, 729, 730, 731, 732, 733, 734, 735, 736, 737, 738, 739, 740, 741, 742, 743, 744, 745, 746, 747, 748, 749, 750, 751, 752, 753, 754, 755, 756, 757, 758, 759, 760, 761, 762, 763, 764, 765, 766, 767, 768, 769, 770, 771, 772, 773, 774, 775, 776, 777, 778, 779, 780, 781, 782, 783, 784, 785, 786, 787, 788, 789, 790, 791, 792, 793, 809, 829, 838, 839, 877, 901, 903, 905, 910, 923]",True,"[133, 604]","[103, 104, 105, 106, 107, 108, 109, 110, 111, 112, 113, 114, 115, 116, 117, 118, 119, 120, 121, 122, 123, 124, 125, 126, 127, 128, 129, 130, 131, 132, 133, 134, 135, 136, 137, 138, 139, 140, 141, 142, 143, 144, 145, 146, 147, 148, 149, 150, 151, 152, 153, 154, 155, 156, 157, 158, 159, 160, 161, 162, 163, 164, 165, 166, 167, 168, 169, 170, 171, 172, 173, 174, 175, 176, 177, 178, 179, 180, 181, 182, 183, 184, 185, 186, 187, 188, 189, 190, 191, 192, 193, 194, 195, 196, 197, 198, 199, 200, 201, 202, 203, 204, 205, 206, 207, 208, 209, 210, 211, 212, 213, 214, 215, 216, 217, 218, 219, 220, 221, 222, 223, 224, 225, 226, 227, 228, 229, 230, 231, 232, 233, 234, 235, 236, 237, 238, 239, 240, 241, 242, 243, 244, 245, 246, 247, 248, 249, 250, 251, 252, 253, 254, 255, 256, 257, 258, 259, 260, 261, 262, 263, 264, 265, 266, 267, 268, 269, 270, 271, 272, 273, 274, 275, 276, 277, 278, 279, 280, 281, 282, 283, 284, 285, 286, 287, 288, 289, 290, 291, 292, 293, 294, 295, 296, 297, 298, 299, 300, 301, 302, 303, 304, 305, 306, 307, 308, 309, 310, 311, 312, 313, 314, 315, 316, 317, 318, 319, 320, 321, 322, 323, 324, 325, 326, 327, 328, 329, 330, 331, 332, 333, 334, 335, 336, 337, 574, 575, 576, 577, 578, 579, 580, 581, 582, 583, 584, 585, 586, 587, 588, 589, 590, 591, 592, 593, 594, 595, 596, 597, 598, 599, 600, 601, 602, 603, 604, 605, 606, 607, 608, 609, 610, 611, 612, 613, 614, 615, 616, 617, 618, 619, 620, 621, 622, 623, 624, 625, 626, 627, 628, 629, 630, 631, 632, 633, 634, 635, 636, 637, 638, 639, 640, 641, 642, 643, 644, 645, 646, 647, 648, 649, 650, 651, 652, 653, 654, 655, 656, 657, 658, 659, 660, 661, 662, 663, 664, 665, 666, 667, 668, 669, 670, 671, 672, 673, 674, 675, 676, 677, 678, 679, 680, 681, 682, 683, 684, 685, 686, 687, 688, 689, 690, 691, 692, 693, 694, 695, 696, 697, 698, 699, 700, 701, 702, 703, 704, 705, 706, 707, 708, 709, 710, 711, 712, 713, 714, 715, 716, 717, 718, 719, 720, 721, 722, 723, 724, 725, 726, 727, 728, 729, 730, 731, 732, 733, 734, 735, 736, 737, 738, 739, 740, 741, 742, 743, 744, 745, 746, 747, 748, 749, 750, 751, 752, 753, 754, 755, 756, 757, 758, 759, 760, 761, 762, 763, 764, 765, 766, 767, 768, 769, 770, 771, 772, 773, 774, 775, 776, 777, 778, 779, 780, 781, 782, 783, 784, 785, 786, 787, 788, 789, 790, 791, 792, 793]","[133, 604]","[133, 604]","[10, 75, 103, 104, 106, 117, 118, 120, 127, 128, 129, 131, 133, 135, 136, 137, 139, 146, 147, 148, 149, 151, 158, 160, 162, 166, 173, 178, 179, 185, 190, 192, 198, 201, 203, 204, 206, 207, 212, 213, 214, 219, 223, 224, 225, 227, 230, 235, 237, 246, 247, 256, 259, 262, 263, 266, 268, 269, 271, 272, 278, 279, 284, 285, 288, 290, 292, 304, 306, 312, 316, 319, 320, 323, 324, 329, 332, 335, 495, 549, 574, 575, 577, 588, 589, 591, 598, 599, 600, 602, 604, 606, 607, 608, 610, 617, 618, 619, 620, 622, 625, 630, 632, 634, 638, 644, 649, 650, 656, 661, 663, 669, 673, 674, 676, 677, 682, 683, 684, 687, 688, 689, 691, 694, 699, 701, 710, 718, 722, 723, 727, 728, 730, 731, 737, 738, 743, 744, 747, 749, 751, 762, 764, 770, 774, 777, 778, 781, 782, 789, 791]","[1, 13, 14, 29, 54, 55, 56, 57, 58, 60, 102, 118, 125, 127, 130, 133, 134, 146, 149, 153, 175, 182, 187, 189, 191, 197, 225, 230, 238, 264, 265, 266, 286, 302, 317, 336, 354, 379, 388, 389, 425, 454, 458, 463, 475, 487, 498, 499, 512, 530, 531, 532, 533, 534, 536, 573, 589, 596, 598, 601, 604, 605, 617, 620, 624, 646, 653, 658, 660, 662, 668, 689, 694, 702, 724, 725, 745, 760, 775, 793, 809, 829, 838, 839, 877, 901, 903, 905, 910, 923]","[1, 13, 14, 29, 54, 55, 56, 57, 58, 60, 102, 118, 125, 127, 130, 134, 146, 149, 153, 175, 182, 187, 189, 191, 197, 225, 230, 238, 264, 265, 266, 286, 302, 317, 336, 379, 388, 389, 425, 454, 458, 463, 475, 487, 498, 499, 512, 530, 531, 532, 533, 534, 536, 573, 589, 596, 598, 601, 605, 617, 620, 624, 646, 653, 658, 660, 662, 668, 689, 694, 702, 724, 725, 745, 760, 775, 793, 829, 838, 839, 877, 901, 903, 905, 910, 923]",6/6 successful match,True,,False,325,False,,1.0,True,Buford Star Mart # 5 ( Shell ) Rd ),Shell
"Fowler , 93625 Buford Star Mart # 5 ( Shell )",3 559-834-3634 CA 99 Exit 121 ( Manning Ave ),24 HRS XL <U+25A0><U+25A0> <U+2610> <U+2610> <U+2610>,Fowler,93625,Buford Star Mart # 5 ( Shell ),559-834-3634,2008,Fowler,CA,Shell,( Manning Ave ),CA 99 Exit 121 ,Exit,121,False,,False,CA 99,,,,,"[604, 133]","[133, 604]","[133, 604]","[133, 604]","[103, 104, 105, 106, 107, 108, 109, 110, 111, 112, 113, 114, 115, 116, 117, 118, 119, 120, 121, 122, 123, 124, 125, 126, 127, 128, 129, 130, 131, 132, 133, 134, 135, 136, 137, 138, 139, 140, 141, 142, 143, 144, 145, 146, 147, 148, 149, 150, 151, 152, 153, 154, 155, 156, 157, 158, 159, 160, 161, 162, 163, 164, 165, 166, 167, 168, 169, 170, 171, 172, 173, 174, 175, 176, 177, 178, 179, 180, 181, 182, 183, 184, 185, 186, 187, 188, 189, 190, 191, 192, 193, 194, 195, 196, 197, 198, 199, 200, 201, 202, 203, 204, 205, 206, 207, 208, 209, 210, 211, 212, 213, 214, 215, 216, 217, 218, 219, 220, 221, 222, 223, 224, 225, 226, 227, 228, 229, 230, 231, 232, 233, 234, 235, 236, 237, 238, 239, 240, 241, 242, 243, 244, 245, 246, 247, 248, 249, 250, 251, 252, 253, 254, 255, 256, 257, 258, 259, 260, 261, 262, 263, 264, 265, 266, 267, 268, 269, 270, 271, 272, 273, 274, 275, 276, 277, 278, 279, 280, 281, 282, 283, 284, 285, 286, 287, 288, 289, 290, 291, 292, 293, 294, 295, 296, 297, 298, 299, 300, 301, 302, 303, 304, 305, 306, 307, 308, 309, 310, 311, 312, 313, 314, 315, 316, 317, 318, 319, 320, 321, 322, 323, 324, 325, 326, 327, 328, 329, 330, 331, 332, 333, 334, 335, 336, 337, 574, 575, 576, 577, 578, 579, 580, 581, 582, 583, 584, 585, 586, 587, 588, 589, 590, 591, 592, 593, 594, 595, 596, 597, 598, 599, 600, 601, 602, 603, 604, 605, 606, 607, 608, 609, 610, 611, 612, 613, 614, 615, 616, 617, 618, 619, 620, 621, 622, 623, 624, 625, 626, 627, 628, 629, 630, 631, 632, 633, 634, 635, 636, 637, 638, 639, 640, 641, 642, 643, 644, 645, 646, 647, 648, 649, 650, 651, 652, 653, 654, 655, 656, 657, 658, 659, 660, 661, 662, 663, 664, 665, 666, 667, 668, 669, 670, 671, 672, 673, 674, 675, 676, 677, 678, 679, 680, 681, 682, 683, 684, 685, 686, 687, 688, 689, 690, 691, 692, 693, 694, 695, 696, 697, 698, 699, 700, 701, 702, 703, 704, 705, 706, 707, 708, 709, 710, 711, 712, 713, 714, 715, 716, 717, 718, 719, 720, 721, 722, 723, 724, 725, 726, 727, 728, 729, 730, 731, 732, 733, 734, 735, 736, 737, 738, 739, 740, 741, 742, 743, 744, 745, 746, 747, 748, 749, 750, 751, 752, 753, 754, 755, 756, 757, 758, 759, 760, 761, 762, 763, 764, 765, 766, 767, 768, 769, 770, 771, 772, 773, 774, 775, 776, 777, 778, 779, 780, 781, 782, 783, 784, 785, 786, 787, 788, 789, 790, 791, 792, 793]","[10, 75, 103, 104, 106, 117, 118, 120, 127, 128, 129, 131, 133, 135, 136, 137, 139, 146, 147, 148, 149, 151, 158, 160, 162, 166, 173, 178, 179, 185, 190, 192, 198, 201, 203, 204, 206, 207, 212, 213, 214, 219, 223, 224, 225, 227, 230, 235, 237, 246, 247, 256, 259, 262, 263, 266, 268, 269, 271, 272, 278, 279, 284, 285, 288, 290, 292, 304, 306, 312, 316, 319, 320, 323, 324, 329, 332, 335, 495, 549, 574, 575, 577, 588, 589, 591, 598, 599, 600, 602, 604, 606, 607, 608, 610, 617, 618, 619, 620, 622, 625, 630, 632, 634, 638, 644, 649, 650, 656, 661, 663, 669, 673, 674, 676, 677, 682, 683, 684, 687, 688, 689, 691, 694, 699, 701, 710, 718, 722, 723, 727, 728, 730, 731, 737, 738, 743, 744, 747, 749, 751, 762, 764, 770, 774, 777, 778, 781, 782, 789, 791]","[1, 13, 14, 29, 54, 55, 56, 57, 58, 60, 102, 118, 125, 127, 130, 134, 146, 149, 153, 175, 182, 187, 189, 191, 197, 225, 230, 238, 264, 265, 266, 286, 302, 317, 336, 379, 388, 389, 425, 454, 458, 463, 475, 487, 498, 499, 512, 530, 531, 532, 533, 534, 536, 573, 589, 596, 598, 601, 605, 617, 620, 624, 646, 653, 658, 660, 662, 668, 689, 694, 702, 724, 725, 745, 760, 775, 793, 829, 838, 839, 877, 901, 903, 905, 910, 923]","[1, 13, 14, 29, 54, 55, 56, 57, 58, 60, 102, 118, 125, 127, 130, 133, 134, 146, 149, 153, 175, 182, 187, 189, 191, 197, 225, 230, 238, 264, 265, 266, 286, 302, 317, 336, 354, 379, 388, 389, 425, 454, 458, 463, 475, 487, 498, 499, 512, 530, 531, 532, 533, 534, 536, 573, 589, 596, 598, 601, 604, 605, 617, 620, 624, 646, 653, 658, 660, 662, 668, 689, 694, 702, 724, 725, 745, 760, 775, 793, 809, 829, 838, 839, 877, 901, 903, 905, 910, 923]","[1, 10, 13, 14, 29, 54, 55, 56, 57, 58, 60, 75, 102, 103, 104, 105, 106, 107, 108, 109, 110, 111, 112, 113, 114, 115, 116, 117, 118, 119, 120, 121, 122, 123, 124, 125, 126, 127, 128, 129, 130, 131, 132, 133, 134, 135, 136, 137, 138, 139, 140, 141, 142, 143, 144, 145, 146, 147, 148, 149, 150, 151, 152, 153, 154, 155, 156, 157, 158, 159, 160, 161, 162, 163, 164, 165, 166, 167, 168, 169, 170, 171, 172, 173, 174, 175, 176, 177, 178, 179, 180, 181, 182, 183, 184, 185, 186, 187, 188, 189, 190, 191, 192, 193, 194, 195, 196, 197, 198, 199, 200, 201, 202, 203, 204, 205, 206, 207, 208, 209, 210, 211, 212, 213, 214, 215, 216, 217, 218, 219, 220, 221, 222, 223, 224, 225, 226, 227, 228, 229, 230, 231, 232, 233, 234, 235, 236, 237, 238, 239, 240, 241, 242, 243, 244, 245, 246, 247, 248, 249, 250, 251, 252, 253, 254, 255, 256, 257, 258, 259, 260, 261, 262, 263, 264, 265, 266, 267, 268, 269, 270, 271, 272, 273, 274, 275, 276, 277, 278, 279, 280, 281, 282, 283, 284, 285, 286, 287, 288, 289, 290, 291, 292, 293, 294, 295, 296, 297, 298, 299, 300, 301, 302, 303, 304, 305, 306, 307, 308, 309, 310, 311, 312, 313, 314, 315, 316, 317, 318, 319, 320, 321, 322, 323, 324, 325, 326, 327, 328, 329, 330, 331, 332, 333, 334, 335, 336, 337, 354, 379, 388, 389, 425, 454, 458, 463, 475, 487, 495, 498, 499, 512, 530, 531, 532, 533, 534, 536, 549, 573, 574, 575, 576, 577, 578, 579, 580, 581, 582, 583, 584, 585, 586, 587, 588, 589, 590, 591, 592, 593, 594, 595, 596, 597, 598, 599, 600, 601, 602, 603, 604, 605, 606, 607, 608, 609, 610, 611, 612, 613, 614, 615, 616, 617, 618, 619, 620, 621, 622, 623, 624, 625, 626, 627, 628, 629, 630, 631, 632, 633, 634, 635, 636, 637, 638, 639, 640, 641, 642, 643, 644, 645, 646, 647, 648, 649, 650, 651, 652, 653, 654, 655, 656, 657, 658, 659, 660, 661, 662, 663, 664, 665, 666, 667, 668, 669, 670, 671, 672, 673, 674, 675, 676, 677, 678, 679, 680, 681, 682, 683, 684, 685, 686, 687, 688, 689, 690, 691, 692, 693, 694, 695, 696, 697, 698, 699, 700, 701, 702, 703, 704, 705, 706, 707, 708, 709, 710, 711, 712, 713, 714, 715, 716, 717, 718, 719, 720, 721, 722, 723, 724, 725, 726, 727, 728, 729, 730, 731, 732, 733, 734, 735, 736, 737, 738, 739, 740, 741, 742, 743, 744, 745, 746, 747, 748, 749, 750, 751, 752, 753, 754, 755, 756, 757, 758, 759, 760, 761, 762, 763, 764, 765, 766, 767, 768, 769, 770, 771, 772, 773, 774, 775, 776, 777, 778, 779, 780, 781, 782, 783, 784, 785, 786, 787, 788, 789, 790, 791, 792, 793, 809, 829, 838, 839, 877, 901, 903, 905, 910, 923]",True,"[133, 604]","[103, 104, 105, 106, 107, 108, 109, 110, 111, 112, 113, 114, 115, 116, 117, 118, 119, 120, 121, 122, 123, 124, 125, 126, 127, 128, 129, 130, 131, 132, 133, 134, 135, 136, 137, 138, 139, 140, 141, 142, 143, 144, 145, 146, 147, 148, 149, 150, 151, 152, 153, 154, 155, 156, 157, 158, 159, 160, 161, 162, 163, 164, 165, 166, 167, 168, 169, 170, 171, 172, 173, 174, 175, 176, 177, 178, 179, 180, 181, 182, 183, 184, 185, 186, 187, 188, 189, 190, 191, 192, 193, 194, 195, 196, 197, 198, 199, 200, 201, 202, 203, 204, 205, 206, 207, 208, 209, 210, 211, 212, 213, 214, 215, 216, 217, 218, 219, 220, 221, 222, 223, 224, 225, 226, 227, 228, 229, 230, 231, 232, 233, 234, 235, 236, 237, 238, 239, 240, 241, 242, 243, 244, 245, 246, 247, 248, 249, 250, 251, 252, 253, 254, 255, 256, 257, 258, 259, 260, 261, 262, 263, 264, 265, 266, 267, 268, 269, 270, 271, 272, 273, 274, 275, 276, 277, 278, 279, 280, 281, 282, 283, 284, 285, 286, 287, 288, 289, 290, 291, 292, 293, 294, 295, 296, 297, 298, 299, 300, 301, 302, 303, 304, 305, 306, 307, 308, 309, 310, 311, 312, 313, 314, 315, 316, 317, 318, 319, 320, 321, 322, 323, 324, 325, 326, 327, 328, 329, 330, 331, 332, 333, 334, 335, 336, 337, 574, 575, 576, 577, 578, 579, 580, 581, 582, 583, 584, 585, 586, 587, 588, 589, 590, 591, 592, 593, 594, 595, 596, 597, 598, 599, 600, 601, 602, 603, 604, 605, 606, 607, 608, 609, 610, 611, 612, 613, 614, 615, 616, 617, 618, 619, 620, 621, 622, 623, 624, 625, 626, 627, 628, 629, 630, 631, 632, 633, 634, 635, 636, 637, 638, 639, 640, 641, 642, 643, 644, 645, 646, 647, 648, 649, 650, 651, 652, 653, 654, 655, 656, 657, 658, 659, 660, 661, 662, 663, 664, 665, 666, 667, 668, 669, 670, 671, 672, 673, 674, 675, 676, 677, 678, 679, 680, 681, 682, 683, 684, 685, 686, 687, 688, 689, 690, 691, 692, 693, 694, 695, 696, 697, 698, 699, 700, 701, 702, 703, 704, 705, 706, 707, 708, 709, 710, 711, 712, 713, 714, 715, 716, 717, 718, 719, 720, 721, 722, 723, 724, 725, 726, 727, 728, 729, 730, 731, 732, 733, 734, 735, 736, 737, 738, 739, 740, 741, 742, 743, 744, 745, 746, 747, 748, 749, 750, 751, 752, 753, 754, 755, 756, 757, 758, 759, 760, 761, 762, 763, 764, 765, 766, 767, 768, 769, 770, 771, 772, 773, 774, 775, 776, 777, 778, 779, 780, 781, 782, 783, 784, 785, 786, 787, 788, 789, 790, 791, 792, 793]","[133, 604]","[133, 604]","[10, 75, 103, 104, 106, 117, 118, 120, 127, 128, 129, 131, 133, 135, 136, 137, 139, 146, 147, 148, 149, 151, 158, 160, 162, 166, 173, 178, 179, 185, 190, 192, 198, 201, 203, 204, 206, 207, 212, 213, 214, 219, 223, 224, 225, 227, 230, 235, 237, 246, 247, 256, 259, 262, 263, 266, 268, 269, 271, 272, 278, 279, 284, 285, 288, 290, 292, 304, 306, 312, 316, 319, 320, 323, 324, 329, 332, 335, 495, 549, 574, 575, 577, 588, 589, 591, 598, 599, 600, 602, 604, 606, 607, 608, 610, 617, 618, 619, 620, 622, 625, 630, 632, 634, 638, 644, 649, 650, 656, 661, 663, 669, 673, 674, 676, 677, 682, 683, 684, 687, 688, 689, 691, 694, 699, 701, 710, 718, 722, 723, 727, 728, 730, 731, 737, 738, 743, 744, 747, 749, 751, 762, 764, 770, 774, 777, 778, 781, 782, 789, 791]","[1, 13, 14, 29, 54, 55, 56, 57, 58, 60, 102, 118, 125, 127, 130, 133, 134, 146, 149, 153, 175, 182, 187, 189, 191, 197, 225, 230, 238, 264, 265, 266, 286, 302, 317, 336, 354, 379, 388, 389, 425, 454, 458, 463, 475, 487, 498, 499, 512, 530, 531, 532, 533, 534, 536, 573, 589, 596, 598, 601, 604, 605, 617, 620, 624, 646, 653, 658, 660, 662, 668, 689, 694, 702, 724, 725, 745, 760, 775, 793, 809, 829, 838, 839, 877, 901, 903, 905, 910, 923]","[1, 13, 14, 29, 54, 55, 56, 57, 58, 60, 102, 118, 125, 127, 130, 134, 146, 149, 153, 175, 182, 187, 189, 191, 197, 225, 230, 238, 264, 265, 266, 286, 302, 317, 336, 379, 388, 389, 425, 454, 458, 463, 475, 487, 498, 499, 512, 530, 531, 532, 533, 534, 536, 573, 589, 596, 598, 601, 605, 617, 620, 624, 646, 653, 658, 660, 662, 668, 689, 694, 702, 724, 725, 745, 760, 775, 793, 829, 838, 839, 877, 901, 903, 905, 910, 923]",6/6 successful match,True,,False,325,False,,1.0,True,Buford Star Mart # 5 ( Shell ),Shell
F Fowler ( 93625 ) Buford Star Mart # 5 ( Shell ),3 559-834-3634 CA 99 Exit 121 ( Manning Ave ),24 XL <U+25A1>,Fowler,93625,Buford Star Mart # 5 ( Shell ),559-834-3634,2014,Fowler,CA,Shell,( Manning Ave ),CA 99 Exit 121 ,Exit,121,False,,False,CA 99,,,,,"[604, 133]","[133, 604]","[133, 604]","[133, 604]","[103, 104, 105, 106, 107, 108, 109, 110, 111, 112, 113, 114, 115, 116, 117, 118, 119, 120, 121, 122, 123, 124, 125, 126, 127, 128, 129, 130, 131, 132, 133, 134, 135, 136, 137, 138, 139, 140, 141, 142, 143, 144, 145, 146, 147, 148, 149, 150, 151, 152, 153, 154, 155, 156, 157, 158, 159, 160, 161, 162, 163, 164, 165, 166, 167, 168, 169, 170, 171, 172, 173, 174, 175, 176, 177, 178, 179, 180, 181, 182, 183, 184, 185, 186, 187, 188, 189, 190, 191, 192, 193, 194, 195, 196, 197, 198, 199, 200, 201, 202, 203, 204, 205, 206, 207, 208, 209, 210, 211, 212, 213, 214, 215, 216, 217, 218, 219, 220, 221, 222, 223, 224, 225, 226, 227, 228, 229, 230, 231, 232, 233, 234, 235, 236, 237, 238, 239, 240, 241, 242, 243, 244, 245, 246, 247, 248, 249, 250, 251, 252, 253, 254, 255, 256, 257, 258, 259, 260, 261, 262, 263, 264, 265, 266, 267, 268, 269, 270, 271, 272, 273, 274, 275, 276, 277, 278, 279, 280, 281, 282, 283, 284, 285, 286, 287, 288, 289, 290, 291, 292, 293, 294, 295, 296, 297, 298, 299, 300, 301, 302, 303, 304, 305, 306, 307, 308, 309, 310, 311, 312, 313, 314, 315, 316, 317, 318, 319, 320, 321, 322, 323, 324, 325, 326, 327, 328, 329, 330, 331, 332, 333, 334, 335, 336, 337, 574, 575, 576, 577, 578, 579, 580, 581, 582, 583, 584, 585, 586, 587, 588, 589, 590, 591, 592, 593, 594, 595, 596, 597, 598, 599, 600, 601, 602, 603, 604, 605, 606, 607, 608, 609, 610, 611, 612, 613, 614, 615, 616, 617, 618, 619, 620, 621, 622, 623, 624, 625, 626, 627, 628, 629, 630, 631, 632, 633, 634, 635, 636, 637, 638, 639, 640, 641, 642, 643, 644, 645, 646, 647, 648, 649, 650, 651, 652, 653, 654, 655, 656, 657, 658, 659, 660, 661, 662, 663, 664, 665, 666, 667, 668, 669, 670, 671, 672, 673, 674, 675, 676, 677, 678, 679, 680, 681, 682, 683, 684, 685, 686, 687, 688, 689, 690, 691, 692, 693, 694, 695, 696, 697, 698, 699, 700, 701, 702, 703, 704, 705, 706, 707, 708, 709, 710, 711, 712, 713, 714, 715, 716, 717, 718, 719, 720, 721, 722, 723, 724, 725, 726, 727, 728, 729, 730, 731, 732, 733, 734, 735, 736, 737, 738, 739, 740, 741, 742, 743, 744, 745, 746, 747, 748, 749, 750, 751, 752, 753, 754, 755, 756, 757, 758, 759, 760, 761, 762, 763, 764, 765, 766, 767, 768, 769, 770, 771, 772, 773, 774, 775, 776, 777, 778, 779, 780, 781, 782, 783, 784, 785, 786, 787, 788, 789, 790, 791, 792, 793]","[10, 75, 103, 104, 106, 117, 118, 120, 127, 128, 129, 131, 133, 135, 136, 137, 139, 146, 147, 148, 149, 151, 158, 160, 162, 166, 173, 178, 179, 185, 190, 192, 198, 201, 203, 204, 206, 207, 212, 213, 214, 219, 223, 224, 225, 227, 230, 235, 237, 246, 247, 256, 259, 262, 263, 266, 268, 269, 271, 272, 278, 279, 284, 285, 288, 290, 292, 304, 306, 312, 316, 319, 320, 323, 324, 329, 332, 335, 495, 549, 574, 575, 577, 588, 589, 591, 598, 599, 600, 602, 604, 606, 607, 608, 610, 617, 618, 619, 620, 622, 625, 630, 632, 634, 638, 644, 649, 650, 656, 661, 663, 669, 673, 674, 676, 677, 682, 683, 684, 687, 688, 689, 691, 694, 699, 701, 710, 718, 722, 723, 727, 728, 730, 731, 737, 738, 743, 744, 747, 749, 751, 762, 764, 770, 774, 777, 778, 781, 782, 789, 791]","[1, 13, 14, 29, 54, 55, 56, 57, 58, 60, 102, 118, 125, 127, 130, 134, 146, 149, 153, 175, 182, 187, 189, 191, 197, 225, 230, 238, 264, 265, 266, 286, 302, 317, 336, 379, 388, 389, 425, 454, 458, 463, 475, 487, 498, 499, 512, 530, 531, 532, 533, 534, 536, 573, 589, 596, 598, 601, 605, 617, 620, 624, 646, 653, 658, 660, 662, 668, 689, 694, 702, 724, 725, 745, 760, 775, 793, 829, 838, 839, 877, 901, 903, 905, 910, 923]","[1, 13, 14, 29, 54, 55, 56, 57, 58, 60, 102, 118, 125, 127, 130, 133, 134, 146, 149, 153, 175, 182, 187, 189, 191, 197, 225, 230, 238, 264, 265, 266, 286, 302, 317, 336, 354, 379, 388, 389, 425, 454, 458, 463, 475, 487, 498, 499, 512, 530, 531, 532, 533, 534, 536, 573, 589, 596, 598, 601, 604, 605, 617, 620, 624, 646, 653, 658, 660, 662, 668, 689, 694, 702, 724, 725, 745, 760, 775, 793, 809, 829, 838, 839, 877, 901, 903, 905, 910, 923]","[1, 10, 13, 14, 29, 54, 55, 56, 57, 58, 60, 75, 102, 103, 104, 105, 106, 107, 108, 109, 110, 111, 112, 113, 114, 115, 116, 117, 118, 119, 120, 121, 122, 123, 124, 125, 126, 127, 128, 129, 130, 131, 132, 133, 134, 135, 136, 137, 138, 139, 140, 141, 142, 143, 144, 145, 146, 147, 148, 149, 150, 151, 152, 153, 154, 155, 156, 157, 158, 159, 160, 161, 162, 163, 164, 165, 166, 167, 168, 169, 170, 171, 172, 173, 174, 175, 176, 177, 178, 179, 180, 181, 182, 183, 184, 185, 186, 187, 188, 189, 190, 191, 192, 193, 194, 195, 196, 197, 198, 199, 200, 201, 202, 203, 204, 205, 206, 207, 208, 209, 210, 211, 212, 213, 214, 215, 216, 217, 218, 219, 220, 221, 222, 223, 224, 225, 226, 227, 228, 229, 230, 231, 232, 233, 234, 235, 236, 237, 238, 239, 240, 241, 242, 243, 244, 245, 246, 247, 248, 249, 250, 251, 252, 253, 254, 255, 256, 257, 258, 259, 260, 261, 262, 263, 264, 265, 266, 267, 268, 269, 270, 271, 272, 273, 274, 275, 276, 277, 278, 279, 280, 281, 282, 283, 284, 285, 286, 287, 288, 289, 290, 291, 292, 293, 294, 295, 296, 297, 298, 299, 300, 301, 302, 303, 304, 305, 306, 307, 308, 309, 310, 311, 312, 313, 314, 315, 316, 317, 318, 319, 320, 321, 322, 323, 324, 325, 326, 327, 328, 329, 330, 331, 332, 333, 334, 335, 336, 337, 354, 379, 388, 389, 425, 454, 458, 463, 475, 487, 495, 498, 499, 512, 530, 531, 532, 533, 534, 536, 549, 573, 574, 575, 576, 577, 578, 579, 580, 581, 582, 583, 584, 585, 586, 587, 588, 589, 590, 591, 592, 593, 594, 595, 596, 597, 598, 599, 600, 601, 602, 603, 604, 605, 606, 607, 608, 609, 610, 611, 612, 613, 614, 615, 616, 617, 618, 619, 620, 621, 622, 623, 624, 625, 626, 627, 628, 629, 630, 631, 632, 633, 634, 635, 636, 637, 638, 639, 640, 641, 642, 643, 644, 645, 646, 647, 648, 649, 650, 651, 652, 653, 654, 655, 656, 657, 658, 659, 660, 661, 662, 663, 664, 665, 666, 667, 668, 669, 670, 671, 672, 673, 674, 675, 676, 677, 678, 679, 680, 681, 682, 683, 684, 685, 686, 687, 688, 689, 690, 691, 692, 693, 694, 695, 696, 697, 698, 699, 700, 701, 702, 703, 704, 705, 706, 707, 708, 709, 710, 711, 712, 713, 714, 715, 716, 717, 718, 719, 720, 721, 722, 723, 724, 725, 726, 727, 728, 729, 730, 731, 732, 733, 734, 735, 736, 737, 738, 739, 740, 741, 742, 743, 744, 745, 746, 747, 748, 749, 750, 751, 752, 753, 754, 755, 756, 757, 758, 759, 760, 761, 762, 763, 764, 765, 766, 767, 768, 769, 770, 771, 772, 773, 774, 775, 776, 777, 778, 779, 780, 781, 782, 783, 784, 785, 786, 787, 788, 789, 790, 791, 792, 793, 809, 829, 838, 839, 877, 901, 903, 905, 910, 923]",True,"[133, 604]","[103, 104, 105, 106, 107, 108, 109, 110, 111, 112, 113, 114, 115, 116, 117, 118, 119, 120, 121, 122, 123, 124, 125, 126, 127, 128, 129, 130, 131, 132, 133, 134, 135, 136, 137, 138, 139, 140, 141, 142, 143, 144, 145, 146, 147, 148, 149, 150, 151, 152, 153, 154, 155, 156, 157, 158, 159, 160, 161, 162, 163, 164, 165, 166, 167, 168, 169, 170, 171, 172, 173, 174, 175, 176, 177, 178, 179, 180, 181, 182, 183, 184, 185, 186, 187, 188, 189, 190, 191, 192, 193, 194, 195, 196, 197, 198, 199, 200, 201, 202, 203, 204, 205, 206, 207, 208, 209, 210, 211, 212, 213, 214, 215, 216, 217, 218, 219, 220, 221, 222, 223, 224, 225, 226, 227, 228, 229, 230, 231, 232, 233, 234, 235, 236, 237, 238, 239, 240, 241, 242, 243, 244, 245, 246, 247, 248, 249, 250, 251, 252, 253, 254, 255, 256, 257, 258, 259, 260, 261, 262, 263, 264, 265, 266, 267, 268, 269, 270, 271, 272, 273, 274, 275, 276, 277, 278, 279, 280, 281, 282, 283, 284, 285, 286, 287, 288, 289, 290, 291, 292, 293, 294, 295, 296, 297, 298, 299, 300, 301, 302, 303, 304, 305, 306, 307, 308, 309, 310, 311, 312, 313, 314, 315, 316, 317, 318, 319, 320, 321, 322, 323, 324, 325, 326, 327, 328, 329, 330, 331, 332, 333, 334, 335, 336, 337, 574, 575, 576, 577, 578, 579, 580, 581, 582, 583, 584, 585, 586, 587, 588, 589, 590, 591, 592, 593, 594, 595, 596, 597, 598, 599, 600, 601, 602, 603, 604, 605, 606, 607, 608, 609, 610, 611, 612, 613, 614, 615, 616, 617, 618, 619, 620, 621, 622, 623, 624, 625, 626, 627, 628, 629, 630, 631, 632, 633, 634, 635, 636, 637, 638, 639, 640, 641, 642, 643, 644, 645, 646, 647, 648, 649, 650, 651, 652, 653, 654, 655, 656, 657, 658, 659, 660, 661, 662, 663, 664, 665, 666, 667, 668, 669, 670, 671, 672, 673, 674, 675, 676, 677, 678, 679, 680, 681, 682, 683, 684, 685, 686, 687, 688, 689, 690, 691, 692, 693, 694, 695, 696, 697, 698, 699, 700, 701, 702, 703, 704, 705, 706, 707, 708, 709, 710, 711, 712, 713, 714, 715, 716, 717, 718, 719, 720, 721, 722, 723, 724, 725, 726, 727, 728, 729, 730, 731, 732, 733, 734, 735, 736, 737, 738, 739, 740, 741, 742, 743, 744, 745, 746, 747, 748, 749, 750, 751, 752, 753, 754, 755, 756, 757, 758, 759, 760, 761, 762, 763, 764, 765, 766, 767, 768, 769, 770, 771, 772, 773, 774, 775, 776, 777, 778, 779, 780, 781, 782, 783, 784, 785, 786, 787, 788, 789, 790, 791, 792, 793]","[133, 604]","[133, 604]","[10, 75, 103, 104, 106, 117, 118, 120, 127, 128, 129, 131, 133, 135, 136, 137, 139, 146, 147, 148, 149, 151, 158, 160, 162, 166, 173, 178, 179, 185, 190, 192, 198, 201, 203, 204, 206, 207, 212, 213, 214, 219, 223, 224, 225, 227, 230, 235, 237, 246, 247, 256, 259, 262, 263, 266, 268, 269, 271, 272, 278, 279, 284, 285, 288, 290, 292, 304, 306, 312, 316, 319, 320, 323, 324, 329, 332, 335, 495, 549, 574, 575, 577, 588, 589, 591, 598, 599, 600, 602, 604, 606, 607, 608, 610, 617, 618, 619, 620, 622, 625, 630, 632, 634, 638, 644, 649, 650, 656, 661, 663, 669, 673, 674, 676, 677, 682, 683, 684, 687, 688, 689, 691, 694, 699, 701, 710, 718, 722, 723, 727, 728, 730, 731, 737, 738, 743, 744, 747, 749, 751, 762, 764, 770, 774, 777, 778, 781, 782, 789, 791]","[1, 13, 14, 29, 54, 55, 56, 57, 58, 60, 102, 118, 125, 127, 130, 133, 134, 146, 149, 153, 175, 182, 187, 189, 191, 197, 225, 230, 238, 264, 265, 266, 286, 302, 317, 336, 354, 379, 388, 389, 425, 454, 458, 463, 475, 487, 498, 499, 512, 530, 531, 532, 533, 534, 536, 573, 589, 596, 598, 601, 604, 605, 617, 620, 624, 646, 653, 658, 660, 662, 668, 689, 694, 702, 724, 725, 745, 760, 775, 793, 809, 829, 838, 839, 877, 901, 903, 905, 910, 923]","[1, 13, 14, 29, 54, 55, 56, 57, 58, 60, 102, 118, 125, 127, 130, 134, 146, 149, 153, 175, 182, 187, 189, 191, 197, 225, 230, 238, 264, 265, 266, 286, 302, 317, 336, 379, 388, 389, 425, 454, 458, 463, 475, 487, 498, 499, 512, 530, 531, 532, 533, 534, 536, 573, 589, 596, 598, 601, 605, 617, 620, 624, 646, 653, 658, 660, 662, 668, 689, 694, 702, 724, 725, 745, 760, 775, 793, 829, 838, 839, 877, 901, 903, 905, 910, 923]",6/6 successful match,True,,False,325,False,,1.0,True,Buford Star Mart # 5 ( Shell ),Shell
F Fowler ( 93625 ) Buford Star 63 Mart ( Citrus # 5 N ( Shell to 16111 ) Valley ),559-834-3634 CA 99 Exit 121 (,24 XL D D DO <U+2610>,Fowler,93625,Buford Star 63 Mart ( Citrus # 5 N ( Shell to 16111 ) Valley ),559-834-3634,2015,Fowler,CA,Shell,(,CA 99 Exit 121 ,Exit,121,False,,False,CA 99,,,,,"[604, 133]","[133, 604]","[133, 604]","[133, 604]","[103, 104, 105, 106, 107, 108, 109, 110, 111, 112, 113, 114, 115, 116, 117, 118, 119, 120, 121, 122, 123, 124, 125, 126, 127, 128, 129, 130, 131, 132, 133, 134, 135, 136, 137, 138, 139, 140, 141, 142, 143, 144, 145, 146, 147, 148, 149, 150, 151, 152, 153, 154, 155, 156, 157, 158, 159, 160, 161, 162, 163, 164, 165, 166, 167, 168, 169, 170, 171, 172, 173, 174, 175, 176, 177, 178, 179, 180, 181, 182, 183, 184, 185, 186, 187, 188, 189, 190, 191, 192, 193, 194, 195, 196, 197, 198, 199, 200, 201, 202, 203, 204, 205, 206, 207, 208, 209, 210, 211, 212, 213, 214, 215, 216, 217, 218, 219, 220, 221, 222, 223, 224, 225, 226, 227, 228, 229, 230, 231, 232, 233, 234, 235, 236, 237, 238, 239, 240, 241, 242, 243, 244, 245, 246, 247, 248, 249, 250, 251, 252, 253, 254, 255, 256, 257, 258, 259, 260, 261, 262, 263, 264, 265, 266, 267, 268, 269, 270, 271, 272, 273, 274, 275, 276, 277, 278, 279, 280, 281, 282, 283, 284, 285, 286, 287, 288, 289, 290, 291, 292, 293, 294, 295, 296, 297, 298, 299, 300, 301, 302, 303, 304, 305, 306, 307, 308, 309, 310, 311, 312, 313, 314, 315, 316, 317, 318, 319, 320, 321, 322, 323, 324, 325, 326, 327, 328, 329, 330, 331, 332, 333, 334, 335, 336, 337, 574, 575, 576, 577, 578, 579, 580, 581, 582, 583, 584, 585, 586, 587, 588, 589, 590, 591, 592, 593, 594, 595, 596, 597, 598, 599, 600, 601, 602, 603, 604, 605, 606, 607, 608, 609, 610, 611, 612, 613, 614, 615, 616, 617, 618, 619, 620, 621, 622, 623, 624, 625, 626, 627, 628, 629, 630, 631, 632, 633, 634, 635, 636, 637, 638, 639, 640, 641, 642, 643, 644, 645, 646, 647, 648, 649, 650, 651, 652, 653, 654, 655, 656, 657, 658, 659, 660, 661, 662, 663, 664, 665, 666, 667, 668, 669, 670, 671, 672, 673, 674, 675, 676, 677, 678, 679, 680, 681, 682, 683, 684, 685, 686, 687, 688, 689, 690, 691, 692, 693, 694, 695, 696, 697, 698, 699, 700, 701, 702, 703, 704, 705, 706, 707, 708, 709, 710, 711, 712, 713, 714, 715, 716, 717, 718, 719, 720, 721, 722, 723, 724, 725, 726, 727, 728, 729, 730, 731, 732, 733, 734, 735, 736, 737, 738, 739, 740, 741, 742, 743, 744, 745, 746, 747, 748, 749, 750, 751, 752, 753, 754, 755, 756, 757, 758, 759, 760, 761, 762, 763, 764, 765, 766, 767, 768, 769, 770, 771, 772, 773, 774, 775, 776, 777, 778, 779, 780, 781, 782, 783, 784, 785, 786, 787, 788, 789, 790, 791, 792, 793]","[10, 75, 103, 104, 106, 117, 118, 120, 127, 128, 129, 131, 133, 135, 136, 137, 139, 146, 147, 148, 149, 151, 158, 160, 162, 166, 173, 178, 179, 185, 190, 192, 198, 201, 203, 204, 206, 207, 212, 213, 214, 219, 223, 224, 225, 227, 230, 235, 237, 246, 247, 256, 259, 262, 263, 266, 268, 269, 271, 272, 278, 279, 284, 285, 288, 290, 292, 304, 306, 312, 316, 319, 320, 323, 324, 329, 332, 335, 495, 549, 574, 575, 577, 588, 589, 591, 598, 599, 600, 602, 604, 606, 607, 608, 610, 617, 618, 619, 620, 622, 625, 630, 632, 634, 638, 644, 649, 650, 656, 661, 663, 669, 673, 674, 676, 677, 682, 683, 684, 687, 688, 689, 691, 694, 699, 701, 710, 718, 722, 723, 727, 728, 730, 731, 737, 738, 743, 744, 747, 749, 751, 762, 764, 770, 774, 777, 778, 781, 782, 789, 791]","[1, 13, 14, 29, 54, 55, 56, 57, 58, 60, 102, 118, 125, 127, 130, 134, 146, 149, 153, 175, 182, 187, 189, 191, 197, 225, 230, 238, 264, 265, 266, 286, 302, 317, 336, 379, 388, 389, 425, 454, 458, 463, 475, 487, 498, 499, 512, 530, 531, 532, 533, 534, 536, 573, 589, 596, 598, 601, 605, 617, 620, 624, 646, 653, 658, 660, 662, 668, 689, 694, 702, 724, 725, 745, 760, 775, 793, 829, 838, 839, 877, 901, 903, 905, 910, 923]","[1, 13, 14, 29, 54, 55, 56, 57, 58, 60, 102, 118, 125, 127, 130, 133, 134, 146, 149, 153, 154, 175, 182, 187, 189, 191, 197, 218, 225, 230, 238, 264, 265, 266, 279, 286, 302, 317, 321, 322, 323, 324, 325, 326, 336, 354, 379, 388, 389, 394, 401, 425, 454, 458, 463, 475, 487, 498, 499, 512, 530, 531, 532, 533, 534, 536, 573, 589, 596, 598, 601, 604, 605, 617, 620, 624, 626, 646, 653, 658, 660, 662, 668, 686, 689, 694, 702, 724, 725, 738, 745, 760, 775, 779, 780, 781, 782, 783, 784, 793, 809, 829, 838, 839, 844, 850, 877, 901, 903, 905, 910, 923]","[1, 10, 13, 14, 29, 54, 55, 56, 57, 58, 60, 75, 102, 103, 104, 105, 106, 107, 108, 109, 110, 111, 112, 113, 114, 115, 116, 117, 118, 119, 120, 121, 122, 123, 124, 125, 126, 127, 128, 129, 130, 131, 132, 133, 134, 135, 136, 137, 138, 139, 140, 141, 142, 143, 144, 145, 146, 147, 148, 149, 150, 151, 152, 153, 154, 155, 156, 157, 158, 159, 160, 161, 162, 163, 164, 165, 166, 167, 168, 169, 170, 171, 172, 173, 174, 175, 176, 177, 178, 179, 180, 181, 182, 183, 184, 185, 186, 187, 188, 189, 190, 191, 192, 193, 194, 195, 196, 197, 198, 199, 200, 201, 202, 203, 204, 205, 206, 207, 208, 209, 210, 211, 212, 213, 214, 215, 216, 217, 218, 219, 220, 221, 222, 223, 224, 225, 226, 227, 228, 229, 230, 231, 232, 233, 234, 235, 236, 237, 238, 239, 240, 241, 242, 243, 244, 245, 246, 247, 248, 249, 250, 251, 252, 253, 254, 255, 256, 257, 258, 259, 260, 261, 262, 263, 264, 265, 266, 267, 268, 269, 270, 271, 272, 273, 274, 275, 276, 277, 278, 279, 280, 281, 282, 283, 284, 285, 286, 287, 288, 289, 290, 291, 292, 293, 294, 295, 296, 297, 298, 299, 300, 301, 302, 303, 304, 305, 306, 307, 308, 309, 310, 311, 312, 313, 314, 315, 316, 317, 318, 319, 320, 321, 322, 323, 324, 325, 326, 327, 328, 329, 330, 331, 332, 333, 334, 335, 336, 337, 354, 379, 388, 389, 394, 401, 425, 454, 458, 463, 475, 487, 495, 498, 499, 512, 530, 531, 532, 533, 534, 536, 549, 573, 574, 575, 576, 577, 578, 579, 580, 581, 582, 583, 584, 585, 586, 587, 588, 589, 590, 591, 592, 593, 594, 595, 596, 597, 598, 599, 600, 601, 602, 603, 604, 605, 606, 607, 608, 609, 610, 611, 612, 613, 614, 615, 616, 617, 618, 619, 620, 621, 622, 623, 624, 625, 626, 627, 628, 629, 630, 631, 632, 633, 634, 635, 636, 637, 638, 639, 640, 641, 642, 643, 644, 645, 646, 647, 648, 649, 650, 651, 652, 653, 654, 655, 656, 657, 658, 659, 660, 661, 662, 663, 664, 665, 666, 667, 668, 669, 670, 671, 672, 673, 674, 675, 676, 677, 678, 679, 680, 681, 682, 683, 684, 685, 686, 687, 688, 689, 690, 691, 692, 693, 694, 695, 696, 697, 698, 699, 700, 701, 702, 703, 704, 705, 706, 707, 708, 709, 710, 711, 712, 713, 714, 715, 716, 717, 718, 719, 720, 721, 722, 723, 724, 725, 726, 727, 728, 729, 730, 731, 732, 733, 734, 735, 736, 737, 738, 739, 740, 741, 742, 743, 744, 745, 746, 747, 748, 749, 750, 751, 752, 753, 754, 755, 756, 757, 758, 759, 760, 761, 762, 763, 764, 765, 766, 767, 768, 769, 770, 771, 772, 773, 774, 775, 776, 777, 778, 779, 780, 781, 782, 783, 784, 785, 786, 787, 788, 789, 790, 791, 792, 793, 809, 829, 838, 839, 844, 850, 877, 901, 903, 905, 910, 923]",True,"[133, 604]","[103, 104, 105, 106, 107, 108, 109, 110, 111, 112, 113, 114, 115, 116, 117, 118, 119, 120, 121, 122, 123, 124, 125, 126, 127, 128, 129, 130, 131, 132, 133, 134, 135, 136, 137, 138, 139, 140, 141, 142, 143, 144, 145, 146, 147, 148, 149, 150, 151, 152, 153, 154, 155, 156, 157, 158, 159, 160, 161, 162, 163, 164, 165, 166, 167, 168, 169, 170, 171, 172, 173, 174, 175, 176, 177, 178, 179, 180, 181, 182, 183, 184, 185, 186, 187, 188, 189, 190, 191, 192, 193, 194, 195, 196, 197, 198, 199, 200, 201, 202, 203, 204, 205, 206, 207, 208, 209, 210, 211, 212, 213, 214, 215, 216, 217, 218, 219, 220, 221, 222, 223, 224, 225, 226, 227, 228, 229, 230, 231, 232, 233, 234, 235, 236, 237, 238, 239, 240, 241, 242, 243, 244, 245, 246, 247, 248, 249, 250, 251, 252, 253, 254, 255, 256, 257, 258, 259, 260, 261, 262, 263, 264, 265, 266, 267, 268, 269, 270, 271, 272, 273, 274, 275, 276, 277, 278, 279, 280, 281, 282, 283, 284, 285, 286, 287, 288, 289, 290, 291, 292, 293, 294, 295, 296, 297, 298, 299, 300, 301, 302, 303, 304, 305, 306, 307, 308, 309, 310, 311, 312, 313, 314, 315, 316, 317, 318, 319, 320, 321, 322, 323, 324, 325, 326, 327, 328, 329, 330, 331, 332, 333, 334, 335, 336, 337, 574, 575, 576, 577, 578, 579, 580, 581, 582, 583, 584, 585, 586, 587, 588, 589, 590, 591, 592, 593, 594, 595, 596, 597, 598, 599, 600, 601, 602, 603, 604, 605, 606, 607, 608, 609, 610, 611, 612, 613, 614, 615, 616, 617, 618, 619, 620, 621, 622, 623, 624, 625, 626, 627, 628, 629, 630, 631, 632, 633, 634, 635, 636, 637, 638, 639, 640, 641, 642, 643, 644, 645, 646, 647, 648, 649, 650, 651, 652, 653, 654, 655, 656, 657, 658, 659, 660, 661, 662, 663, 664, 665, 666, 667, 668, 669, 670, 671, 672, 673, 674, 675, 676, 677, 678, 679, 680, 681, 682, 683, 684, 685, 686, 687, 688, 689, 690, 691, 692, 693, 694, 695, 696, 697, 698, 699, 700, 701, 702, 703, 704, 705, 706, 707, 708, 709, 710, 711, 712, 713, 714, 715, 716, 717, 718, 719, 720, 721, 722, 723, 724, 725, 726, 727, 728, 729, 730, 731, 732, 733, 734, 735, 736, 737, 738, 739, 740, 741, 742, 743, 744, 745, 746, 747, 748, 749, 750, 751, 752, 753, 754, 755, 756, 757, 758, 759, 760, 761, 762, 763, 764, 765, 766, 767, 768, 769, 770, 771, 772, 773, 774, 775, 776, 777, 778, 779, 780, 781, 782, 783, 784, 785, 786, 787, 788, 789, 790, 791, 792, 793]","[133, 604]","[133, 604]","[10, 75, 103, 104, 106, 117, 118, 120, 127, 128, 129, 131, 133, 135, 136, 137, 139, 146, 147, 148, 149, 151, 158, 160, 162, 166, 173, 178, 179, 185, 190, 192, 198, 201, 203, 204, 206, 207, 212, 213, 214, 219, 223, 224, 225, 227, 230, 235, 237, 246, 247, 256, 259, 262, 263, 266, 268, 269, 271, 272, 278, 279, 284, 285, 288, 290, 292, 304, 306, 312, 316, 319, 320, 323, 324, 329, 332, 335, 495, 549, 574, 575, 577, 588, 589, 591, 598, 599, 600, 602, 604, 606, 607, 608, 610, 617, 618, 619, 620, 622, 625, 630, 632, 634, 638, 644, 649, 650, 656, 661, 663, 669, 673, 674, 676, 677, 682, 683, 684, 687, 688, 689, 691, 694, 699, 701, 710, 718, 722, 723, 727, 728, 730, 731, 737, 738, 743, 744, 747, 749, 751, 762, 764, 770, 774, 777, 778, 781, 782, 789, 791]","[1, 13, 14, 29, 54, 55, 56, 57, 58, 60, 102, 118, 125, 127, 130, 133, 134, 146, 149, 153, 154, 175, 182, 187, 189, 191, 197, 218, 225, 230, 238, 264, 265, 266, 279, 286, 302, 317, 321, 322, 323, 324, 325, 326, 336, 354, 379, 388, 389, 394, 401, 425, 454, 458, 463, 475, 487, 498, 499, 512, 530, 531, 532, 533, 534, 536, 573, 589, 596, 598, 601, 604, 605, 617, 620, 624, 626, 646, 653, 658, 660, 662, 668, 686, 689, 694, 702, 724, 725, 738, 745, 760, 775, 779, 780, 781, 782, 783, 784, 793, 809, 829, 838, 839, 844, 850, 877, 901, 903, 905, 910, 923]","[1, 13, 14, 29, 54, 55, 56, 57, 58, 60, 102, 118, 125, 127, 130, 134, 146, 149, 153, 175, 182, 187, 189, 191, 197, 225, 230, 238, 264, 265, 266, 286, 302, 317, 336, 379, 388, 389, 425, 454, 458, 463, 475, 487, 498, 499, 512, 530, 531, 532, 533, 534, 536, 573, 589, 596, 598, 601, 605, 617, 620, 624, 646, 653, 658, 660, 662, 668, 689, 694, 702, 724, 725, 745, 760, 775, 793, 829, 838, 839, 877, 901, 903, 905, 910, 923]",6/6 successful match,True,,False,325,False,,0.9670807453416149,True,Buford Star Mart # 5 ( Shell ),Shell
F Fowler ( 93625 ) Buford Star Mart ( # 5 N ( Shell to 16111 ) Valley ) .,3 559-834-3634 CA 99 Exit 121 ( 24,24 XL <U+25A1>,Fowler,93625,Buford Star Mart ( # 5 N ( Shell to 16111 ) Valley ) .,559-834-3634,2016,Fowler,CA,Shell,( 24,CA 99 Exit 121 ,Exit,121,False,,False,CA 99,,,,,"[604, 133]","[133, 604]","[133, 604]","[133, 604]","[103, 104, 105, 106, 107, 108, 109, 110, 111, 112, 113, 114, 115, 116, 117, 118, 119, 120, 121, 122, 123, 124, 125, 126, 127, 128, 129, 130, 131, 132, 133, 134, 135, 136, 137, 138, 139, 140, 141, 142, 143, 144, 145, 146, 147, 148, 149, 150, 151, 152, 153, 154, 155, 156, 157, 158, 159, 160, 161, 162, 163, 164, 165, 166, 167, 168, 169, 170, 171, 172, 173, 174, 175, 176, 177, 178, 179, 180, 181, 182, 183, 184, 185, 186, 187, 188, 189, 190, 191, 192, 193, 194, 195, 196, 197, 198, 199, 200, 201, 202, 203, 204, 205, 206, 207, 208, 209, 210, 211, 212, 213, 214, 215, 216, 217, 218, 219, 220, 221, 222, 223, 224, 225, 226, 227, 228, 229, 230, 231, 232, 233, 234, 235, 236, 237, 238, 239, 240, 241, 242, 243, 244, 245, 246, 247, 248, 249, 250, 251, 252, 253, 254, 255, 256, 257, 258, 259, 260, 261, 262, 263, 264, 265, 266, 267, 268, 269, 270, 271, 272, 273, 274, 275, 276, 277, 278, 279, 280, 281, 282, 283, 284, 285, 286, 287, 288, 289, 290, 291, 292, 293, 294, 295, 296, 297, 298, 299, 300, 301, 302, 303, 304, 305, 306, 307, 308, 309, 310, 311, 312, 313, 314, 315, 316, 317, 318, 319, 320, 321, 322, 323, 324, 325, 326, 327, 328, 329, 330, 331, 332, 333, 334, 335, 336, 337, 574, 575, 576, 577, 578, 579, 580, 581, 582, 583, 584, 585, 586, 587, 588, 589, 590, 591, 592, 593, 594, 595, 596, 597, 598, 599, 600, 601, 602, 603, 604, 605, 606, 607, 608, 609, 610, 611, 612, 613, 614, 615, 616, 617, 618, 619, 620, 621, 622, 623, 624, 625, 626, 627, 628, 629, 630, 631, 632, 633, 634, 635, 636, 637, 638, 639, 640, 641, 642, 643, 644, 645, 646, 647, 648, 649, 650, 651, 652, 653, 654, 655, 656, 657, 658, 659, 660, 661, 662, 663, 664, 665, 666, 667, 668, 669, 670, 671, 672, 673, 674, 675, 676, 677, 678, 679, 680, 681, 682, 683, 684, 685, 686, 687, 688, 689, 690, 691, 692, 693, 694, 695, 696, 697, 698, 699, 700, 701, 702, 703, 704, 705, 706, 707, 708, 709, 710, 711, 712, 713, 714, 715, 716, 717, 718, 719, 720, 721, 722, 723, 724, 725, 726, 727, 728, 729, 730, 731, 732, 733, 734, 735, 736, 737, 738, 739, 740, 741, 742, 743, 744, 745, 746, 747, 748, 749, 750, 751, 752, 753, 754, 755, 756, 757, 758, 759, 760, 761, 762, 763, 764, 765, 766, 767, 768, 769, 770, 771, 772, 773, 774, 775, 776, 777, 778, 779, 780, 781, 782, 783, 784, 785, 786, 787, 788, 789, 790, 791, 792, 793]","[10, 75, 103, 104, 106, 117, 118, 120, 127, 128, 129, 131, 133, 135, 136, 137, 139, 146, 147, 148, 149, 151, 158, 160, 162, 166, 173, 178, 179, 185, 190, 192, 198, 201, 203, 204, 206, 207, 212, 213, 214, 219, 223, 224, 225, 227, 230, 235, 237, 246, 247, 256, 259, 262, 263, 266, 268, 269, 271, 272, 278, 279, 284, 285, 288, 290, 292, 304, 306, 312, 316, 319, 320, 323, 324, 329, 332, 335, 495, 549, 574, 575, 577, 588, 589, 591, 598, 599, 600, 602, 604, 606, 607, 608, 610, 617, 618, 619, 620, 622, 625, 630, 632, 634, 638, 644, 649, 650, 656, 661, 663, 669, 673, 674, 676, 677, 682, 683, 684, 687, 688, 689, 691, 694, 699, 701, 710, 718, 722, 723, 727, 728, 730, 731, 737, 738, 743, 744, 747, 749, 751, 762, 764, 770, 774, 777, 778, 781, 782, 789, 791]","[1, 13, 14, 29, 54, 55, 56, 57, 58, 60, 102, 118, 125, 127, 130, 134, 146, 149, 153, 175, 182, 187, 189, 191, 197, 225, 230, 238, 264, 265, 266, 286, 302, 317, 336, 379, 388, 389, 425, 454, 458, 463, 475, 487, 498, 499, 512, 530, 531, 532, 533, 534, 536, 573, 589, 596, 598, 601, 605, 617, 620, 624, 646, 653, 658, 660, 662, 668, 689, 694, 702, 724, 725, 745, 760, 775, 793, 829, 838, 839, 877, 901, 903, 905, 910, 923]","[1, 13, 14, 29, 54, 55, 56, 57, 58, 60, 102, 118, 125, 127, 130, 133, 134, 146, 149, 153, 154, 175, 182, 187, 189, 191, 197, 218, 225, 230, 238, 264, 265, 266, 279, 286, 302, 317, 321, 322, 323, 324, 325, 326, 336, 354, 379, 388, 389, 394, 401, 425, 454, 458, 463, 475, 487, 498, 499, 512, 530, 531, 532, 533, 534, 536, 573, 589, 596, 598, 601, 604, 605, 617, 620, 624, 626, 646, 653, 658, 660, 662, 668, 686, 689, 694, 702, 724, 725, 738, 745, 760, 775, 779, 780, 781, 782, 783, 784, 793, 809, 829, 838, 839, 844, 850, 877, 901, 903, 905, 910, 923]","[1, 10, 13, 14, 29, 54, 55, 56, 57, 58, 60, 75, 102, 103, 104, 105, 106, 107, 108, 109, 110, 111, 112, 113, 114, 115, 116, 117, 118, 119, 120, 121, 122, 123, 124, 125, 126, 127, 128, 129, 130, 131, 132, 133, 134, 135, 136, 137, 138, 139, 140, 141, 142, 143, 144, 145, 146, 147, 148, 149, 150, 151, 152, 153, 154, 155, 156, 157, 158, 159, 160, 161, 162, 163, 164, 165, 166, 167, 168, 169, 170, 171, 172, 173, 174, 175, 176, 177, 178, 179, 180, 181, 182, 183, 184, 185, 186, 187, 188, 189, 190, 191, 192, 193, 194, 195, 196, 197, 198, 199, 200, 201, 202, 203, 204, 205, 206, 207, 208, 209, 210, 211, 212, 213, 214, 215, 216, 217, 218, 219, 220, 221, 222, 223, 224, 225, 226, 227, 228, 229, 230, 231, 232, 233, 234, 235, 236, 237, 238, 239, 240, 241, 242, 243, 244, 245, 246, 247, 248, 249, 250, 251, 252, 253, 254, 255, 256, 257, 258, 259, 260, 261, 262, 263, 264, 265, 266, 267, 268, 269, 270, 271, 272, 273, 274, 275, 276, 277, 278, 279, 280, 281, 282, 283, 284, 285, 286, 287, 288, 289, 290, 291, 292, 293, 294, 295, 296, 297, 298, 299, 300, 301, 302, 303, 304, 305, 306, 307, 308, 309, 310, 311, 312, 313, 314, 315, 316, 317, 318, 319, 320, 321, 322, 323, 324, 325, 326, 327, 328, 329, 330, 331, 332, 333, 334, 335, 336, 337, 354, 379, 388, 389, 394, 401, 425, 454, 458, 463, 475, 487, 495, 498, 499, 512, 530, 531, 532, 533, 534, 536, 549, 573, 574, 575, 576, 577, 578, 579, 580, 581, 582, 583, 584, 585, 586, 587, 588, 589, 590, 591, 592, 593, 594, 595, 596, 597, 598, 599, 600, 601, 602, 603, 604, 605, 606, 607, 608, 609, 610, 611, 612, 613, 614, 615, 616, 617, 618, 619, 620, 621, 622, 623, 624, 625, 626, 627, 628, 629, 630, 631, 632, 633, 634, 635, 636, 637, 638, 639, 640, 641, 642, 643, 644, 645, 646, 647, 648, 649, 650, 651, 652, 653, 654, 655, 656, 657, 658, 659, 660, 661, 662, 663, 664, 665, 666, 667, 668, 669, 670, 671, 672, 673, 674, 675, 676, 677, 678, 679, 680, 681, 682, 683, 684, 685, 686, 687, 688, 689, 690, 691, 692, 693, 694, 695, 696, 697, 698, 699, 700, 701, 702, 703, 704, 705, 706, 707, 708, 709, 710, 711, 712, 713, 714, 715, 716, 717, 718, 719, 720, 721, 722, 723, 724, 725, 726, 727, 728, 729, 730, 731, 732, 733, 734, 735, 736, 737, 738, 739, 740, 741, 742, 743, 744, 745, 746, 747, 748, 749, 750, 751, 752, 753, 754, 755, 756, 757, 758, 759, 760, 761, 762, 763, 764, 765, 766, 767, 768, 769, 770, 771, 772, 773, 774, 775, 776, 777, 778, 779, 780, 781, 782, 783, 784, 785, 786, 787, 788, 789, 790, 791, 792, 793, 809, 829, 838, 839, 844, 850, 877, 901, 903, 905, 910, 923]",True,"[133, 604]","[103, 104, 105, 106, 107, 108, 109, 110, 111, 112, 113, 114, 115, 116, 117, 118, 119, 120, 121, 122, 123, 124, 125, 126, 127, 128, 129, 130, 131, 132, 133, 134, 135, 136, 137, 138, 139, 140, 141, 142, 143, 144, 145, 146, 147, 148, 149, 150, 151, 152, 153, 154, 155, 156, 157, 158, 159, 160, 161, 162, 163, 164, 165, 166, 167, 168, 169, 170, 171, 172, 173, 174, 175, 176, 177, 178, 179, 180, 181, 182, 183, 184, 185, 186, 187, 188, 189, 190, 191, 192, 193, 194, 195, 196, 197, 198, 199, 200, 201, 202, 203, 204, 205, 206, 207, 208, 209, 210, 211, 212, 213, 214, 215, 216, 217, 218, 219, 220, 221, 222, 223, 224, 225, 226, 227, 228, 229, 230, 231, 232, 233, 234, 235, 236, 237, 238, 239, 240, 241, 242, 243, 244, 245, 246, 247, 248, 249, 250, 251, 252, 253, 254, 255, 256, 257, 258, 259, 260, 261, 262, 263, 264, 265, 266, 267, 268, 269, 270, 271, 272, 273, 274, 275, 276, 277, 278, 279, 280, 281, 282, 283, 284, 285, 286, 287, 288, 289, 290, 291, 292, 293, 294, 295, 296, 297, 298, 299, 300, 301, 302, 303, 304, 305, 306, 307, 308, 309, 310, 311, 312, 313, 314, 315, 316, 317, 318, 319, 320, 321, 322, 323, 324, 325, 326, 327, 328, 329, 330, 331, 332, 333, 334, 335, 336, 337, 574, 575, 576, 577, 578, 579, 580, 581, 582, 583, 584, 585, 586, 587, 588, 589, 590, 591, 592, 593, 594, 595, 596, 597, 598, 599, 600, 601, 602, 603, 604, 605, 606, 607, 608, 609, 610, 611, 612, 613, 614, 615, 616, 617, 618, 619, 620, 621, 622, 623, 624, 625, 626, 627, 628, 629, 630, 631, 632, 633, 634, 635, 636, 637, 638, 639, 640, 641, 642, 643, 644, 645, 646, 647, 648, 649, 650, 651, 652, 653, 654, 655, 656, 657, 658, 659, 660, 661, 662, 663, 664, 665, 666, 667, 668, 669, 670, 671, 672, 673, 674, 675, 676, 677, 678, 679, 680, 681, 682, 683, 684, 685, 686, 687, 688, 689, 690, 691, 692, 693, 694, 695, 696, 697, 698, 699, 700, 701, 702, 703, 704, 705, 706, 707, 708, 709, 710, 711, 712, 713, 714, 715, 716, 717, 718, 719, 720, 721, 722, 723, 724, 725, 726, 727, 728, 729, 730, 731, 732, 733, 734, 735, 736, 737, 738, 739, 740, 741, 742, 743, 744, 745, 746, 747, 748, 749, 750, 751, 752, 753, 754, 755, 756, 757, 758, 759, 760, 761, 762, 763, 764, 765, 766, 767, 768, 769, 770, 771, 772, 773, 774, 775, 776, 777, 778, 779, 780, 781, 782, 783, 784, 785, 786, 787, 788, 789, 790, 791, 792, 793]","[133, 604]","[133, 604]","[10, 75, 103, 104, 106, 117, 118, 120, 127, 128, 129, 131, 133, 135, 136, 137, 139, 146, 147, 148, 149, 151, 158, 160, 162, 166, 173, 178, 179, 185, 190, 192, 198, 201, 203, 204, 206, 207, 212, 213, 214, 219, 223, 224, 225, 227, 230, 235, 237, 246, 247, 256, 259, 262, 263, 266, 268, 269, 271, 272, 278, 279, 284, 285, 288, 290, 292, 304, 306, 312, 316, 319, 320, 323, 324, 329, 332, 335, 495, 549, 574, 575, 577, 588, 589, 591, 598, 599, 600, 602, 604, 606, 607, 608, 610, 617, 618, 619, 620, 622, 625, 630, 632, 634, 638, 644, 649, 650, 656, 661, 663, 669, 673, 674, 676, 677, 682, 683, 684, 687, 688, 689, 691, 694, 699, 701, 710, 718, 722, 723, 727, 728, 730, 731, 737, 738, 743, 744, 747, 749, 751, 762, 764, 770, 774, 777, 778, 781, 782, 789, 791]","[1, 13, 14, 29, 54, 55, 56, 57, 58, 60, 102, 118, 125, 127, 130, 133, 134, 146, 149, 153, 154, 175, 182, 187, 189, 191, 197, 218, 225, 230, 238, 264, 265, 266, 279, 286, 302, 317, 321, 322, 323, 324, 325, 326, 336, 354, 379, 388, 389, 394, 401, 425, 454, 458, 463, 475, 487, 498, 499, 512, 530, 531, 532, 533, 534, 536, 573, 589, 596, 598, 601, 604, 605, 617, 620, 624, 626, 646, 653, 658, 660, 662, 668, 686, 689, 694, 702, 724, 725, 738, 745, 760, 775, 779, 780, 781, 782, 783, 784, 793, 809, 829, 838, 839, 844, 850, 877, 901, 903, 905, 910, 923]","[1, 13, 14, 29, 54, 55, 56, 57, 58, 60, 102, 118, 125, 127, 130, 134, 146, 149, 153, 175, 182, 187, 189, 191, 197, 225, 230, 238, 264, 265, 266, 286, 302, 317, 336, 379, 388, 389, 425, 454, 458, 463, 475, 487, 498, 499, 512, 530, 531, 532, 533, 534, 536, 573, 589, 596, 598, 601, 605, 617, 620, 624, 646, 653, 658, 660, 662, 668, 689, 694, 702, 724, 725, 745, 760, 775, 793, 829, 838, 839, 877, 901, 903, 905, 910, 923]",6/6 successful match,True,,False,325,False,,1.0,True,Buford Star 63 Mart ( Citrus # 5 N ( Shell to 16111 ) Valley ),Shell
"Kingsburg , 93631 Shop & Go ( Exxon )",559-897-3015 CA 99 Exit 109 ( Ave 384 ),45 <U+2610> MOO O,Kingsburg,93631,Shop & Go ( Exxon ),559-897-3015,2006,Kingsburg,CA,Exxon,( Ave 384 ),CA 99 Exit 109 ,Exit,109,False,,False,CA 99,,,,,"[744, 285]","[268, 285, 727, 744]","[285, 744]","[285, 744]","[103, 104, 105, 106, 107, 108, 109, 110, 111, 112, 113, 114, 115, 116, 117, 118, 119, 120, 121, 122, 123, 124, 125, 126, 127, 128, 129, 130, 131, 132, 133, 134, 135, 136, 137, 138, 139, 140, 141, 142, 143, 144, 145, 146, 147, 148, 149, 150, 151, 152, 153, 154, 155, 156, 157, 158, 159, 160, 161, 162, 163, 164, 165, 166, 167, 168, 169, 170, 171, 172, 173, 174, 175, 176, 177, 178, 179, 180, 181, 182, 183, 184, 185, 186, 187, 188, 189, 190, 191, 192, 193, 194, 195, 196, 197, 198, 199, 200, 201, 202, 203, 204, 205, 206, 207, 208, 209, 210, 211, 212, 213, 214, 215, 216, 217, 218, 219, 220, 221, 222, 223, 224, 225, 226, 227, 228, 229, 230, 231, 232, 233, 234, 235, 236, 237, 238, 239, 240, 241, 242, 243, 244, 245, 246, 247, 248, 249, 250, 251, 252, 253, 254, 255, 256, 257, 258, 259, 260, 261, 262, 263, 264, 265, 266, 267, 268, 269, 270, 271, 272, 273, 274, 275, 276, 277, 278, 279, 280, 281, 282, 283, 284, 285, 286, 287, 288, 289, 290, 291, 292, 293, 294, 295, 296, 297, 298, 299, 300, 301, 302, 303, 304, 305, 306, 307, 308, 309, 310, 311, 312, 313, 314, 315, 316, 317, 318, 319, 320, 321, 322, 323, 324, 325, 326, 327, 328, 329, 330, 331, 332, 333, 334, 335, 336, 337, 574, 575, 576, 577, 578, 579, 580, 581, 582, 583, 584, 585, 586, 587, 588, 589, 590, 591, 592, 593, 594, 595, 596, 597, 598, 599, 600, 601, 602, 603, 604, 605, 606, 607, 608, 609, 610, 611, 612, 613, 614, 615, 616, 617, 618, 619, 620, 621, 622, 623, 624, 625, 626, 627, 628, 629, 630, 631, 632, 633, 634, 635, 636, 637, 638, 639, 640, 641, 642, 643, 644, 645, 646, 647, 648, 649, 650, 651, 652, 653, 654, 655, 656, 657, 658, 659, 660, 661, 662, 663, 664, 665, 666, 667, 668, 669, 670, 671, 672, 673, 674, 675, 676, 677, 678, 679, 680, 681, 682, 683, 684, 685, 686, 687, 688, 689, 690, 691, 692, 693, 694, 695, 696, 697, 698, 699, 700, 701, 702, 703, 704, 705, 706, 707, 708, 709, 710, 711, 712, 713, 714, 715, 716, 717, 718, 719, 720, 721, 722, 723, 724, 725, 726, 727, 728, 729, 730, 731, 732, 733, 734, 735, 736, 737, 738, 739, 740, 741, 742, 743, 744, 745, 746, 747, 748, 749, 750, 751, 752, 753, 754, 755, 756, 757, 758, 759, 760, 761, 762, 763, 764, 765, 766, 767, 768, 769, 770, 771, 772, 773, 774, 775, 776, 777, 778, 779, 780, 781, 782, 783, 784, 785, 786, 787, 788, 789, 790, 791, 792, 793]","[10, 75, 103, 104, 106, 117, 118, 120, 127, 128, 129, 131, 133, 135, 136, 137, 139, 146, 147, 148, 149, 151, 158, 160, 162, 166, 173, 178, 179, 185, 190, 192, 198, 201, 203, 204, 206, 207, 212, 213, 214, 219, 223, 224, 225, 227, 230, 235, 237, 246, 247, 256, 259, 262, 263, 266, 268, 269, 271, 272, 278, 279, 284, 285, 288, 290, 292, 304, 306, 312, 316, 319, 320, 323, 324, 329, 332, 335, 495, 549, 574, 575, 577, 588, 589, 591, 598, 599, 600, 602, 604, 606, 607, 608, 610, 617, 618, 619, 620, 622, 625, 630, 632, 634, 638, 644, 649, 650, 656, 661, 663, 669, 673, 674, 676, 677, 682, 683, 684, 687, 688, 689, 691, 694, 699, 701, 710, 718, 722, 723, 727, 728, 730, 731, 737, 738, 743, 744, 747, 749, 751, 762, 764, 770, 774, 777, 778, 781, 782, 789, 791]","[398, 399, 400, 848, 849]","[284, 285, 398, 399, 400, 743, 744, 848, 849]","[10, 75, 103, 104, 105, 106, 107, 108, 109, 110, 111, 112, 113, 114, 115, 116, 117, 118, 119, 120, 121, 122, 123, 124, 125, 126, 127, 128, 129, 130, 131, 132, 133, 134, 135, 136, 137, 138, 139, 140, 141, 142, 143, 144, 145, 146, 147, 148, 149, 150, 151, 152, 153, 154, 155, 156, 157, 158, 159, 160, 161, 162, 163, 164, 165, 166, 167, 168, 169, 170, 171, 172, 173, 174, 175, 176, 177, 178, 179, 180, 181, 182, 183, 184, 185, 186, 187, 188, 189, 190, 191, 192, 193, 194, 195, 196, 197, 198, 199, 200, 201, 202, 203, 204, 205, 206, 207, 208, 209, 210, 211, 212, 213, 214, 215, 216, 217, 218, 219, 220, 221, 222, 223, 224, 225, 226, 227, 228, 229, 230, 231, 232, 233, 234, 235, 236, 237, 238, 239, 240, 241, 242, 243, 244, 245, 246, 247, 248, 249, 250, 251, 252, 253, 254, 255, 256, 257, 258, 259, 260, 261, 262, 263, 264, 265, 266, 267, 268, 269, 270, 271, 272, 273, 274, 275, 276, 277, 278, 279, 280, 281, 282, 283, 284, 285, 286, 287, 288, 289, 290, 291, 292, 293, 294, 295, 296, 297, 298, 299, 300, 301, 302, 303, 304, 305, 306, 307, 308, 309, 310, 311, 312, 313, 314, 315, 316, 317, 318, 319, 320, 321, 322, 323, 324, 325, 326, 327, 328, 329, 330, 331, 332, 333, 334, 335, 336, 337, 398, 399, 400, 495, 549, 574, 575, 576, 577, 578, 579, 580, 581, 582, 583, 584, 585, 586, 587, 588, 589, 590, 591, 592, 593, 594, 595, 596, 597, 598, 599, 600, 601, 602, 603, 604, 605, 606, 607, 608, 609, 610, 611, 612, 613, 614, 615, 616, 617, 618, 619, 620, 621, 622, 623, 624, 625, 626, 627, 628, 629, 630, 631, 632, 633, 634, 635, 636, 637, 638, 639, 640, 641, 642, 643, 644, 645, 646, 647, 648, 649, 650, 651, 652, 653, 654, 655, 656, 657, 658, 659, 660, 661, 662, 663, 664, 665, 666, 667, 668, 669, 670, 671, 672, 673, 674, 675, 676, 677, 678, 679, 680, 681, 682, 683, 684, 685, 686, 687, 688, 689, 690, 691, 692, 693, 694, 695, 696, 697, 698, 699, 700, 701, 702, 703, 704, 705, 706, 707, 708, 709, 710, 711, 712, 713, 714, 715, 716, 717, 718, 719, 720, 721, 722, 723, 724, 725, 726, 727, 728, 729, 730, 731, 732, 733, 734, 735, 736, 737, 738, 739, 740, 741, 742, 743, 744, 745, 746, 747, 748, 749, 750, 751, 752, 753, 754, 755, 756, 757, 758, 759, 760, 761, 762, 763, 764, 765, 766, 767, 768, 769, 770, 771, 772, 773, 774, 775, 776, 777, 778, 779, 780, 781, 782, 783, 784, 785, 786, 787, 788, 789, 790, 791, 792, 793, 848, 849]",True,"[268, 285, 727, 744]","[103, 104, 105, 106, 107, 108, 109, 110, 111, 112, 113, 114, 115, 116, 117, 118, 119, 120, 121, 122, 123, 124, 125, 126, 127, 128, 129, 130, 131, 132, 133, 134, 135, 136, 137, 138, 139, 140, 141, 142, 143, 144, 145, 146, 147, 148, 149, 150, 151, 152, 153, 154, 155, 156, 157, 158, 159, 160, 161, 162, 163, 164, 165, 166, 167, 168, 169, 170, 171, 172, 173, 174, 175, 176, 177, 178, 179, 180, 181, 182, 183, 184, 185, 186, 187, 188, 189, 190, 191, 192, 193, 194, 195, 196, 197, 198, 199, 200, 201, 202, 203, 204, 205, 206, 207, 208, 209, 210, 211, 212, 213, 214, 215, 216, 217, 218, 219, 220, 221, 222, 223, 224, 225, 226, 227, 228, 229, 230, 231, 232, 233, 234, 235, 236, 237, 238, 239, 240, 241, 242, 243, 244, 245, 246, 247, 248, 249, 250, 251, 252, 253, 254, 255, 256, 257, 258, 259, 260, 261, 262, 263, 264, 265, 266, 267, 268, 269, 270, 271, 272, 273, 274, 275, 276, 277, 278, 279, 280, 281, 282, 283, 284, 285, 286, 287, 288, 289, 290, 291, 292, 293, 294, 295, 296, 297, 298, 299, 300, 301, 302, 303, 304, 305, 306, 307, 308, 309, 310, 311, 312, 313, 314, 315, 316, 317, 318, 319, 320, 321, 322, 323, 324, 325, 326, 327, 328, 329, 330, 331, 332, 333, 334, 335, 336, 337, 574, 575, 576, 577, 578, 579, 580, 581, 582, 583, 584, 585, 586, 587, 588, 589, 590, 591, 592, 593, 594, 595, 596, 597, 598, 599, 600, 601, 602, 603, 604, 605, 606, 607, 608, 609, 610, 611, 612, 613, 614, 615, 616, 617, 618, 619, 620, 621, 622, 623, 624, 625, 626, 627, 628, 629, 630, 631, 632, 633, 634, 635, 636, 637, 638, 639, 640, 641, 642, 643, 644, 645, 646, 647, 648, 649, 650, 651, 652, 653, 654, 655, 656, 657, 658, 659, 660, 661, 662, 663, 664, 665, 666, 667, 668, 669, 670, 671, 672, 673, 674, 675, 676, 677, 678, 679, 680, 681, 682, 683, 684, 685, 686, 687, 688, 689, 690, 691, 692, 693, 694, 695, 696, 697, 698, 699, 700, 701, 702, 703, 704, 705, 706, 707, 708, 709, 710, 711, 712, 713, 714, 715, 716, 717, 718, 719, 720, 721, 722, 723, 724, 725, 726, 727, 728, 729, 730, 731, 732, 733, 734, 735, 736, 737, 738, 739, 740, 741, 742, 743, 744, 745, 746, 747, 748, 749, 750, 751, 752, 753, 754, 755, 756, 757, 758, 759, 760, 761, 762, 763, 764, 765, 766, 767, 768, 769, 770, 771, 772, 773, 774, 775, 776, 777, 778, 779, 780, 781, 782, 783, 784, 785, 786, 787, 788, 789, 790, 791, 792, 793]","[285, 744]","[285, 744]","[10, 75, 103, 104, 106, 117, 118, 120, 127, 128, 129, 131, 133, 135, 136, 137, 139, 146, 147, 148, 149, 151, 158, 160, 162, 166, 173, 178, 179, 185, 190, 192, 198, 201, 203, 204, 206, 207, 212, 213, 214, 219, 223, 224, 225, 227, 230, 235, 237, 246, 247, 256, 259, 262, 263, 266, 268, 269, 271, 272, 278, 279, 284, 285, 288, 290, 292, 304, 306, 312, 316, 319, 320, 323, 324, 329, 332, 335, 495, 549, 574, 575, 577, 588, 589, 591, 598, 599, 600, 602, 604, 606, 607, 608, 610, 617, 618, 619, 620, 622, 625, 630, 632, 634, 638, 644, 649, 650, 656, 661, 663, 669, 673, 674, 676, 677, 682, 683, 684, 687, 688, 689, 691, 694, 699, 701, 710, 718, 722, 723, 727, 728, 730, 731, 737, 738, 743, 744, 747, 749, 751, 762, 764, 770, 774, 777, 778, 781, 782, 789, 791]","[284, 285, 398, 399, 400, 743, 744, 848, 849]","[398, 399, 400, 848, 849]",6/6 successful match,True,,False,326,False,,,,,
", 93631 Go ( Valero )",559-897-3015 Kingsburg CA Shop 99 & Exit 109 ( Ave 384 ),24 000,,93631,Go ( Valero ),559-897-3015,2007,Kingsburg,CA,Valero,( Ave 384 ),Kingsburg CA Shop 99 & Exit 109 ,Exit,109,False,,False,Kingsburg CA,109,,,,"[744, 285]","[268, 285, 727, 744]","[285, 744]","[285, 744]","[103, 104, 105, 106, 107, 108, 109, 110, 111, 112, 113, 114, 115, 116, 117, 118, 119, 120, 121, 122, 123, 124, 125, 126, 127, 128, 129, 130, 131, 132, 133, 134, 135, 136, 137, 138, 139, 140, 141, 142, 143, 144, 145, 146, 147, 148, 149, 150, 151, 152, 153, 154, 155, 156, 157, 158, 159, 160, 161, 162, 163, 164, 165, 166, 167, 168, 169, 170, 171, 172, 173, 174, 175, 176, 177, 178, 179, 180, 181, 182, 183, 184, 185, 186, 187, 188, 189, 190, 191, 192, 193, 194, 195, 196, 197, 198, 199, 200, 201, 202, 203, 204, 205, 206, 207, 208, 209, 210, 211, 212, 213, 214, 215, 216, 217, 218, 219, 220, 221, 222, 223, 224, 225, 226, 227, 228, 229, 230, 231, 232, 233, 234, 235, 236, 237, 238, 239, 240, 241, 242, 243, 244, 245, 246, 247, 248, 249, 250, 251, 252, 253, 254, 255, 256, 257, 258, 259, 260, 261, 262, 263, 264, 265, 266, 267, 268, 269, 270, 271, 272, 273, 274, 275, 276, 277, 278, 279, 280, 281, 282, 283, 284, 285, 286, 287, 288, 289, 290, 291, 292, 293, 294, 295, 296, 297, 298, 299, 300, 301, 302, 303, 304, 305, 306, 307, 308, 309, 310, 311, 312, 313, 314, 315, 316, 317, 318, 319, 320, 321, 322, 323, 324, 325, 326, 327, 328, 329, 330, 331, 332, 333, 334, 335, 336, 337, 574, 575, 576, 577, 578, 579, 580, 581, 582, 583, 584, 585, 586, 587, 588, 589, 590, 591, 592, 593, 594, 595, 596, 597, 598, 599, 600, 601, 602, 603, 604, 605, 606, 607, 608, 609, 610, 611, 612, 613, 614, 615, 616, 617, 618, 619, 620, 621, 622, 623, 624, 625, 626, 627, 628, 629, 630, 631, 632, 633, 634, 635, 636, 637, 638, 639, 640, 641, 642, 643, 644, 645, 646, 647, 648, 649, 650, 651, 652, 653, 654, 655, 656, 657, 658, 659, 660, 661, 662, 663, 664, 665, 666, 667, 668, 669, 670, 671, 672, 673, 674, 675, 676, 677, 678, 679, 680, 681, 682, 683, 684, 685, 686, 687, 688, 689, 690, 691, 692, 693, 694, 695, 696, 697, 698, 699, 700, 701, 702, 703, 704, 705, 706, 707, 708, 709, 710, 711, 712, 713, 714, 715, 716, 717, 718, 719, 720, 721, 722, 723, 724, 725, 726, 727, 728, 729, 730, 731, 732, 733, 734, 735, 736, 737, 738, 739, 740, 741, 742, 743, 744, 745, 746, 747, 748, 749, 750, 751, 752, 753, 754, 755, 756, 757, 758, 759, 760, 761, 762, 763, 764, 765, 766, 767, 768, 769, 770, 771, 772, 773, 774, 775, 776, 777, 778, 779, 780, 781, 782, 783, 784, 785, 786, 787, 788, 789, 790, 791, 792, 793]","[103, 104, 106, 117, 118, 120, 127, 128, 129, 130, 131, 133, 135, 136, 137, 139, 146, 147, 148, 149, 151, 158, 160, 162, 166, 173, 178, 179, 185, 190, 192, 198, 201, 203, 204, 206, 207, 212, 213, 214, 219, 223, 224, 225, 227, 230, 235, 237, 246, 247, 256, 259, 262, 263, 266, 268, 269, 271, 272, 278, 279, 284, 285, 288, 290, 292, 304, 312, 316, 319, 320, 323, 324, 332, 574, 575, 588, 591, 601, 607, 608, 610, 618, 619, 620, 622, 632, 644, 649, 650, 656, 661, 663, 669, 674, 677, 683, 684, 687, 688, 689, 701, 710, 723, 730, 731, 738, 747, 751, 762, 774, 778, 789]","[2, 9, 10, 82, 111, 112, 113, 199, 279, 284, 285, 300, 488, 494, 495, 553, 581, 582, 583, 670, 738, 743, 744, 759, 818]","[2, 9, 10, 82, 111, 112, 113, 199, 279, 284, 285, 300, 488, 494, 495, 553, 581, 582, 583, 670, 738, 743, 744, 759, 818]","[2, 9, 10, 82, 103, 104, 105, 106, 107, 108, 109, 110, 111, 112, 113, 114, 115, 116, 117, 118, 119, 120, 121, 122, 123, 124, 125, 126, 127, 128, 129, 130, 131, 132, 133, 134, 135, 136, 137, 138, 139, 140, 141, 142, 143, 144, 145, 146, 147, 148, 149, 150, 151, 152, 153, 154, 155, 156, 157, 158, 159, 160, 161, 162, 163, 164, 165, 166, 167, 168, 169, 170, 171, 172, 173, 174, 175, 176, 177, 178, 179, 180, 181, 182, 183, 184, 185, 186, 187, 188, 189, 190, 191, 192, 193, 194, 195, 196, 197, 198, 199, 200, 201, 202, 203, 204, 205, 206, 207, 208, 209, 210, 211, 212, 213, 214, 215, 216, 217, 218, 219, 220, 221, 222, 223, 224, 225, 226, 227, 228, 229, 230, 231, 232, 233, 234, 235, 236, 237, 238, 239, 240, 241, 242, 243, 244, 245, 246, 247, 248, 249, 250, 251, 252, 253, 254, 255, 256, 257, 258, 259, 260, 261, 262, 263, 264, 265, 266, 267, 268, 269, 270, 271, 272, 273, 274, 275, 276, 277, 278, 279, 280, 281, 282, 283, 284, 285, 286, 287, 288, 289, 290, 291, 292, 293, 294, 295, 296, 297, 298, 299, 300, 301, 302, 303, 304, 305, 306, 307, 308, 309, 310, 311, 312, 313, 314, 315, 316, 317, 318, 319, 320, 321, 322, 323, 324, 325, 326, 327, 328, 329, 330, 331, 332, 333, 334, 335, 336, 337, 488, 494, 495, 553, 574, 575, 576, 577, 578, 579, 580, 581, 582, 583, 584, 585, 586, 587, 588, 589, 590, 591, 592, 593, 594, 595, 596, 597, 598, 599, 600, 601, 602, 603, 604, 605, 606, 607, 608, 609, 610, 611, 612, 613, 614, 615, 616, 617, 618, 619, 620, 621, 622, 623, 624, 625, 626, 627, 628, 629, 630, 631, 632, 633, 634, 635, 636, 637, 638, 639, 640, 641, 642, 643, 644, 645, 646, 647, 648, 649, 650, 651, 652, 653, 654, 655, 656, 657, 658, 659, 660, 661, 662, 663, 664, 665, 666, 667, 668, 669, 670, 671, 672, 673, 674, 675, 676, 677, 678, 679, 680, 681, 682, 683, 684, 685, 686, 687, 688, 689, 690, 691, 692, 693, 694, 695, 696, 697, 698, 699, 700, 701, 702, 703, 704, 705, 706, 707, 708, 709, 710, 711, 712, 713, 714, 715, 716, 717, 718, 719, 720, 721, 722, 723, 724, 725, 726, 727, 728, 729, 730, 731, 732, 733, 734, 735, 736, 737, 738, 739, 740, 741, 742, 743, 744, 745, 746, 747, 748, 749, 750, 751, 752, 753, 754, 755, 756, 757, 758, 759, 760, 761, 762, 763, 764, 765, 766, 767, 768, 769, 770, 771, 772, 773, 774, 775, 776, 777, 778, 779, 780, 781, 782, 783, 784, 785, 786, 787, 788, 789, 790, 791, 792, 793, 818]",True,"[268, 285, 727, 744]","[103, 104, 105, 106, 107, 108, 109, 110, 111, 112, 113, 114, 115, 116, 117, 118, 119, 120, 121, 122, 123, 124, 125, 126, 127, 128, 129, 130, 131, 132, 133, 134, 135, 136, 137, 138, 139, 140, 141, 142, 143, 144, 145, 146, 147, 148, 149, 150, 151, 152, 153, 154, 155, 156, 157, 158, 159, 160, 161, 162, 163, 164, 165, 166, 167, 168, 169, 170, 171, 172, 173, 174, 175, 176, 177, 178, 179, 180, 181, 182, 183, 184, 185, 186, 187, 188, 189, 190, 191, 192, 193, 194, 195, 196, 197, 198, 199, 200, 201, 202, 203, 204, 205, 206, 207, 208, 209, 210, 211, 212, 213, 214, 215, 216, 217, 218, 219, 220, 221, 222, 223, 224, 225, 226, 227, 228, 229, 230, 231, 232, 233, 234, 235, 236, 237, 238, 239, 240, 241, 242, 243, 244, 245, 246, 247, 248, 249, 250, 251, 252, 253, 254, 255, 256, 257, 258, 259, 260, 261, 262, 263, 264, 265, 266, 267, 268, 269, 270, 271, 272, 273, 274, 275, 276, 277, 278, 279, 280, 281, 282, 283, 284, 285, 286, 287, 288, 289, 290, 291, 292, 293, 294, 295, 296, 297, 298, 299, 300, 301, 302, 303, 304, 305, 306, 307, 308, 309, 310, 311, 312, 313, 314, 315, 316, 317, 318, 319, 320, 321, 322, 323, 324, 325, 326, 327, 328, 329, 330, 331, 332, 333, 334, 335, 336, 337, 574, 575, 576, 577, 578, 579, 580, 581, 582, 583, 584, 585, 586, 587, 588, 589, 590, 591, 592, 593, 594, 595, 596, 597, 598, 599, 600, 601, 602, 603, 604, 605, 606, 607, 608, 609, 610, 611, 612, 613, 614, 615, 616, 617, 618, 619, 620, 621, 622, 623, 624, 625, 626, 627, 628, 629, 630, 631, 632, 633, 634, 635, 636, 637, 638, 639, 640, 641, 642, 643, 644, 645, 646, 647, 648, 649, 650, 651, 652, 653, 654, 655, 656, 657, 658, 659, 660, 661, 662, 663, 664, 665, 666, 667, 668, 669, 670, 671, 672, 673, 674, 675, 676, 677, 678, 679, 680, 681, 682, 683, 684, 685, 686, 687, 688, 689, 690, 691, 692, 693, 694, 695, 696, 697, 698, 699, 700, 701, 702, 703, 704, 705, 706, 707, 708, 709, 710, 711, 712, 713, 714, 715, 716, 717, 718, 719, 720, 721, 722, 723, 724, 725, 726, 727, 728, 729, 730, 731, 732, 733, 734, 735, 736, 737, 738, 739, 740, 741, 742, 743, 744, 745, 746, 747, 748, 749, 750, 751, 752, 753, 754, 755, 756, 757, 758, 759, 760, 761, 762, 763, 764, 765, 766, 767, 768, 769, 770, 771, 772, 773, 774, 775, 776, 777, 778, 779, 780, 781, 782, 783, 784, 785, 786, 787, 788, 789, 790, 791, 792, 793]","[285, 744]","[285, 744]","[103, 104, 106, 117, 118, 120, 127, 128, 129, 130, 131, 133, 135, 136, 137, 139, 146, 147, 148, 149, 151, 158, 160, 162, 166, 173, 178, 179, 185, 190, 192, 198, 201, 203, 204, 206, 207, 212, 213, 214, 219, 223, 224, 225, 227, 230, 235, 237, 246, 247, 256, 259, 262, 263, 266, 268, 269, 271, 272, 278, 279, 284, 285, 288, 290, 292, 304, 312, 316, 319, 320, 323, 324, 332, 574, 575, 588, 591, 601, 607, 608, 610, 618, 619, 620, 622, 632, 644, 649, 650, 656, 661, 663, 669, 674, 677, 683, 684, 687, 688, 689, 701, 710, 723, 730, 731, 738, 747, 751, 762, 774, 778, 789]","[2, 9, 10, 82, 111, 112, 113, 199, 279, 284, 285, 300, 488, 494, 495, 553, 581, 582, 583, 670, 738, 743, 744, 759, 818]","[2, 9, 10, 82, 111, 112, 113, 199, 279, 284, 285, 300, 488, 494, 495, 553, 581, 582, 583, 670, 738, 743, 744, 759, 818]",7/6 successful match,True,,False,326,True,2007,0.28125,False,Shop & Go ( Exxon ),Exxon
"Kingsburg , 93631 Shop & Go ( Valero ) Rd )",559-897-3015 CA 99 Exit 109 ( Ave 384 ),11029 24 <U+2610> <U+25A1> 00 <U+25A1> <U+2610> <U+2610>,Kingsburg,93631,Shop & Go ( Valero ) Rd ),559-897-3015,2008,Kingsburg,CA,Valero,( Ave 384 ),CA 99 Exit 109 ,Exit,109,False,,False,CA 99,,,,,"[744, 285]","[268, 285, 727, 744]","[285, 744]","[285, 744]","[103, 104, 105, 106, 107, 108, 109, 110, 111, 112, 113, 114, 115, 116, 117, 118, 119, 120, 121, 122, 123, 124, 125, 126, 127, 128, 129, 130, 131, 132, 133, 134, 135, 136, 137, 138, 139, 140, 141, 142, 143, 144, 145, 146, 147, 148, 149, 150, 151, 152, 153, 154, 155, 156, 157, 158, 159, 160, 161, 162, 163, 164, 165, 166, 167, 168, 169, 170, 171, 172, 173, 174, 175, 176, 177, 178, 179, 180, 181, 182, 183, 184, 185, 186, 187, 188, 189, 190, 191, 192, 193, 194, 195, 196, 197, 198, 199, 200, 201, 202, 203, 204, 205, 206, 207, 208, 209, 210, 211, 212, 213, 214, 215, 216, 217, 218, 219, 220, 221, 222, 223, 224, 225, 226, 227, 228, 229, 230, 231, 232, 233, 234, 235, 236, 237, 238, 239, 240, 241, 242, 243, 244, 245, 246, 247, 248, 249, 250, 251, 252, 253, 254, 255, 256, 257, 258, 259, 260, 261, 262, 263, 264, 265, 266, 267, 268, 269, 270, 271, 272, 273, 274, 275, 276, 277, 278, 279, 280, 281, 282, 283, 284, 285, 286, 287, 288, 289, 290, 291, 292, 293, 294, 295, 296, 297, 298, 299, 300, 301, 302, 303, 304, 305, 306, 307, 308, 309, 310, 311, 312, 313, 314, 315, 316, 317, 318, 319, 320, 321, 322, 323, 324, 325, 326, 327, 328, 329, 330, 331, 332, 333, 334, 335, 336, 337, 574, 575, 576, 577, 578, 579, 580, 581, 582, 583, 584, 585, 586, 587, 588, 589, 590, 591, 592, 593, 594, 595, 596, 597, 598, 599, 600, 601, 602, 603, 604, 605, 606, 607, 608, 609, 610, 611, 612, 613, 614, 615, 616, 617, 618, 619, 620, 621, 622, 623, 624, 625, 626, 627, 628, 629, 630, 631, 632, 633, 634, 635, 636, 637, 638, 639, 640, 641, 642, 643, 644, 645, 646, 647, 648, 649, 650, 651, 652, 653, 654, 655, 656, 657, 658, 659, 660, 661, 662, 663, 664, 665, 666, 667, 668, 669, 670, 671, 672, 673, 674, 675, 676, 677, 678, 679, 680, 681, 682, 683, 684, 685, 686, 687, 688, 689, 690, 691, 692, 693, 694, 695, 696, 697, 698, 699, 700, 701, 702, 703, 704, 705, 706, 707, 708, 709, 710, 711, 712, 713, 714, 715, 716, 717, 718, 719, 720, 721, 722, 723, 724, 725, 726, 727, 728, 729, 730, 731, 732, 733, 734, 735, 736, 737, 738, 739, 740, 741, 742, 743, 744, 745, 746, 747, 748, 749, 750, 751, 752, 753, 754, 755, 756, 757, 758, 759, 760, 761, 762, 763, 764, 765, 766, 767, 768, 769, 770, 771, 772, 773, 774, 775, 776, 777, 778, 779, 780, 781, 782, 783, 784, 785, 786, 787, 788, 789, 790, 791, 792, 793]","[10, 75, 103, 104, 106, 117, 118, 120, 127, 128, 129, 131, 133, 135, 136, 137, 139, 146, 147, 148, 149, 151, 158, 160, 162, 166, 173, 178, 179, 185, 190, 192, 198, 201, 203, 204, 206, 207, 212, 213, 214, 219, 223, 224, 225, 227, 230, 235, 237, 246, 247, 256, 259, 262, 263, 266, 268, 269, 271, 272, 278, 279, 284, 285, 288, 290, 292, 304, 306, 312, 316, 319, 320, 323, 324, 329, 332, 335, 495, 549, 574, 575, 577, 588, 589, 591, 598, 599, 600, 602, 604, 606, 607, 608, 610, 617, 618, 619, 620, 622, 625, 630, 632, 634, 638, 644, 649, 650, 656, 661, 663, 669, 673, 674, 676, 677, 682, 683, 684, 687, 688, 689, 691, 694, 699, 701, 710, 718, 722, 723, 727, 728, 730, 731, 737, 738, 743, 744, 747, 749, 751, 762, 764, 770, 774, 777, 778, 781, 782, 789, 791]","[2, 9, 10, 82, 111, 112, 113, 199, 279, 284, 285, 300, 488, 494, 495, 553, 581, 582, 583, 670, 738, 743, 744, 759, 818]","[2, 9, 10, 82, 111, 112, 113, 199, 279, 284, 285, 300, 488, 494, 495, 553, 581, 582, 583, 670, 738, 743, 744, 759, 818]","[2, 9, 10, 75, 82, 103, 104, 105, 106, 107, 108, 109, 110, 111, 112, 113, 114, 115, 116, 117, 118, 119, 120, 121, 122, 123, 124, 125, 126, 127, 128, 129, 130, 131, 132, 133, 134, 135, 136, 137, 138, 139, 140, 141, 142, 143, 144, 145, 146, 147, 148, 149, 150, 151, 152, 153, 154, 155, 156, 157, 158, 159, 160, 161, 162, 163, 164, 165, 166, 167, 168, 169, 170, 171, 172, 173, 174, 175, 176, 177, 178, 179, 180, 181, 182, 183, 184, 185, 186, 187, 188, 189, 190, 191, 192, 193, 194, 195, 196, 197, 198, 199, 200, 201, 202, 203, 204, 205, 206, 207, 208, 209, 210, 211, 212, 213, 214, 215, 216, 217, 218, 219, 220, 221, 222, 223, 224, 225, 226, 227, 228, 229, 230, 231, 232, 233, 234, 235, 236, 237, 238, 239, 240, 241, 242, 243, 244, 245, 246, 247, 248, 249, 250, 251, 252, 253, 254, 255, 256, 257, 258, 259, 260, 261, 262, 263, 264, 265, 266, 267, 268, 269, 270, 271, 272, 273, 274, 275, 276, 277, 278, 279, 280, 281, 282, 283, 284, 285, 286, 287, 288, 289, 290, 291, 292, 293, 294, 295, 296, 297, 298, 299, 300, 301, 302, 303, 304, 305, 306, 307, 308, 309, 310, 311, 312, 313, 314, 315, 316, 317, 318, 319, 320, 321, 322, 323, 324, 325, 326, 327, 328, 329, 330, 331, 332, 333, 334, 335, 336, 337, 488, 494, 495, 549, 553, 574, 575, 576, 577, 578, 579, 580, 581, 582, 583, 584, 585, 586, 587, 588, 589, 590, 591, 592, 593, 594, 595, 596, 597, 598, 599, 600, 601, 602, 603, 604, 605, 606, 607, 608, 609, 610, 611, 612, 613, 614, 615, 616, 617, 618, 619, 620, 621, 622, 623, 624, 625, 626, 627, 628, 629, 630, 631, 632, 633, 634, 635, 636, 637, 638, 639, 640, 641, 642, 643, 644, 645, 646, 647, 648, 649, 650, 651, 652, 653, 654, 655, 656, 657, 658, 659, 660, 661, 662, 663, 664, 665, 666, 667, 668, 669, 670, 671, 672, 673, 674, 675, 676, 677, 678, 679, 680, 681, 682, 683, 684, 685, 686, 687, 688, 689, 690, 691, 692, 693, 694, 695, 696, 697, 698, 699, 700, 701, 702, 703, 704, 705, 706, 707, 708, 709, 710, 711, 712, 713, 714, 715, 716, 717, 718, 719, 720, 721, 722, 723, 724, 725, 726, 727, 728, 729, 730, 731, 732, 733, 734, 735, 736, 737, 738, 739, 740, 741, 742, 743, 744, 745, 746, 747, 748, 749, 750, 751, 752, 753, 754, 755, 756, 757, 758, 759, 760, 761, 762, 763, 764, 765, 766, 767, 768, 769, 770, 771, 772, 773, 774, 775, 776, 777, 778, 779, 780, 781, 782, 783, 784, 785, 786, 787, 788, 789, 790, 791, 792, 793, 818]",True,"[268, 285, 727, 744]","[103, 104, 105, 106, 107, 108, 109, 110, 111, 112, 113, 114, 115, 116, 117, 118, 119, 120, 121, 122, 123, 124, 125, 126, 127, 128, 129, 130, 131, 132, 133, 134, 135, 136, 137, 138, 139, 140, 141, 142, 143, 144, 145, 146, 147, 148, 149, 150, 151, 152, 153, 154, 155, 156, 157, 158, 159, 160, 161, 162, 163, 164, 165, 166, 167, 168, 169, 170, 171, 172, 173, 174, 175, 176, 177, 178, 179, 180, 181, 182, 183, 184, 185, 186, 187, 188, 189, 190, 191, 192, 193, 194, 195, 196, 197, 198, 199, 200, 201, 202, 203, 204, 205, 206, 207, 208, 209, 210, 211, 212, 213, 214, 215, 216, 217, 218, 219, 220, 221, 222, 223, 224, 225, 226, 227, 228, 229, 230, 231, 232, 233, 234, 235, 236, 237, 238, 239, 240, 241, 242, 243, 244, 245, 246, 247, 248, 249, 250, 251, 252, 253, 254, 255, 256, 257, 258, 259, 260, 261, 262, 263, 264, 265, 266, 267, 268, 269, 270, 271, 272, 273, 274, 275, 276, 277, 278, 279, 280, 281, 282, 283, 284, 285, 286, 287, 288, 289, 290, 291, 292, 293, 294, 295, 296, 297, 298, 299, 300, 301, 302, 303, 304, 305, 306, 307, 308, 309, 310, 311, 312, 313, 314, 315, 316, 317, 318, 319, 320, 321, 322, 323, 324, 325, 326, 327, 328, 329, 330, 331, 332, 333, 334, 335, 336, 337, 574, 575, 576, 577, 578, 579, 580, 581, 582, 583, 584, 585, 586, 587, 588, 589, 590, 591, 592, 593, 594, 595, 596, 597, 598, 599, 600, 601, 602, 603, 604, 605, 606, 607, 608, 609, 610, 611, 612, 613, 614, 615, 616, 617, 618, 619, 620, 621, 622, 623, 624, 625, 626, 627, 628, 629, 630, 631, 632, 633, 634, 635, 636, 637, 638, 639, 640, 641, 642, 643, 644, 645, 646, 647, 648, 649, 650, 651, 652, 653, 654, 655, 656, 657, 658, 659, 660, 661, 662, 663, 664, 665, 666, 667, 668, 669, 670, 671, 672, 673, 674, 675, 676, 677, 678, 679, 680, 681, 682, 683, 684, 685, 686, 687, 688, 689, 690, 691, 692, 693, 694, 695, 696, 697, 698, 699, 700, 701, 702, 703, 704, 705, 706, 707, 708, 709, 710, 711, 712, 713, 714, 715, 716, 717, 718, 719, 720, 721, 722, 723, 724, 725, 726, 727, 728, 729, 730, 731, 732, 733, 734, 735, 736, 737, 738, 739, 740, 741, 742, 743, 744, 745, 746, 747, 748, 749, 750, 751, 752, 753, 754, 755, 756, 757, 758, 759, 760, 761, 762, 763, 764, 765, 766, 767, 768, 769, 770, 771, 772, 773, 774, 775, 776, 777, 778, 779, 780, 781, 782, 783, 784, 785, 786, 787, 788, 789, 790, 791, 792, 793]","[285, 744]","[285, 744]","[10, 75, 103, 104, 106, 117, 118, 120, 127, 128, 129, 131, 133, 135, 136, 137, 139, 146, 147, 148, 149, 151, 158, 160, 162, 166, 173, 178, 179, 185, 190, 192, 198, 201, 203, 204, 206, 207, 212, 213, 214, 219, 223, 224, 225, 227, 230, 235, 237, 246, 247, 256, 259, 262, 263, 266, 268, 269, 271, 272, 278, 279, 284, 285, 288, 290, 292, 304, 306, 312, 316, 319, 320, 323, 324, 329, 332, 335, 495, 549, 574, 575, 577, 588, 589, 591, 598, 599, 600, 602, 604, 606, 607, 608, 610, 617, 618, 619, 620, 622, 625, 630, 632, 634, 638, 644, 649, 650, 656, 661, 663, 669, 673, 674, 676, 677, 682, 683, 684, 687, 688, 689, 691, 694, 699, 701, 710, 718, 722, 723, 727, 728, 730, 731, 737, 738, 743, 744, 747, 749, 751, 762, 764, 770, 774, 777, 778, 781, 782, 789, 791]","[2, 9, 10, 82, 111, 112, 113, 199, 279, 284, 285, 300, 488, 494, 495, 553, 581, 582, 583, 670, 738, 743, 744, 759, 818]","[2, 9, 10, 82, 111, 112, 113, 199, 279, 284, 285, 300, 488, 494, 495, 553, 581, 582, 583, 670, 738, 743, 744, 759, 818]",7/6 successful match,True,,False,326,False,,0.605263157894737,True,Go ( Valero ),Valero
Kingsburg ( 93631 ) Shop & Go # 611 ( Valero ),4 559-897-3015 CA 99 Exit 109 ( Ave 384 ),24 S <U+2610>,Kingsburg,93631,Shop & Go # 611 ( Valero ),559-897-3015,2014,Kingsburg,CA,Valero,( Ave 384 ),CA 99 Exit 109 ,Exit,109,False,,False,CA 99,,,,,"[744, 285]","[268, 285, 727, 744]","[285, 744]","[285, 744]","[103, 104, 105, 106, 107, 108, 109, 110, 111, 112, 113, 114, 115, 116, 117, 118, 119, 120, 121, 122, 123, 124, 125, 126, 127, 128, 129, 130, 131, 132, 133, 134, 135, 136, 137, 138, 139, 140, 141, 142, 143, 144, 145, 146, 147, 148, 149, 150, 151, 152, 153, 154, 155, 156, 157, 158, 159, 160, 161, 162, 163, 164, 165, 166, 167, 168, 169, 170, 171, 172, 173, 174, 175, 176, 177, 178, 179, 180, 181, 182, 183, 184, 185, 186, 187, 188, 189, 190, 191, 192, 193, 194, 195, 196, 197, 198, 199, 200, 201, 202, 203, 204, 205, 206, 207, 208, 209, 210, 211, 212, 213, 214, 215, 216, 217, 218, 219, 220, 221, 222, 223, 224, 225, 226, 227, 228, 229, 230, 231, 232, 233, 234, 235, 236, 237, 238, 239, 240, 241, 242, 243, 244, 245, 246, 247, 248, 249, 250, 251, 252, 253, 254, 255, 256, 257, 258, 259, 260, 261, 262, 263, 264, 265, 266, 267, 268, 269, 270, 271, 272, 273, 274, 275, 276, 277, 278, 279, 280, 281, 282, 283, 284, 285, 286, 287, 288, 289, 290, 291, 292, 293, 294, 295, 296, 297, 298, 299, 300, 301, 302, 303, 304, 305, 306, 307, 308, 309, 310, 311, 312, 313, 314, 315, 316, 317, 318, 319, 320, 321, 322, 323, 324, 325, 326, 327, 328, 329, 330, 331, 332, 333, 334, 335, 336, 337, 574, 575, 576, 577, 578, 579, 580, 581, 582, 583, 584, 585, 586, 587, 588, 589, 590, 591, 592, 593, 594, 595, 596, 597, 598, 599, 600, 601, 602, 603, 604, 605, 606, 607, 608, 609, 610, 611, 612, 613, 614, 615, 616, 617, 618, 619, 620, 621, 622, 623, 624, 625, 626, 627, 628, 629, 630, 631, 632, 633, 634, 635, 636, 637, 638, 639, 640, 641, 642, 643, 644, 645, 646, 647, 648, 649, 650, 651, 652, 653, 654, 655, 656, 657, 658, 659, 660, 661, 662, 663, 664, 665, 666, 667, 668, 669, 670, 671, 672, 673, 674, 675, 676, 677, 678, 679, 680, 681, 682, 683, 684, 685, 686, 687, 688, 689, 690, 691, 692, 693, 694, 695, 696, 697, 698, 699, 700, 701, 702, 703, 704, 705, 706, 707, 708, 709, 710, 711, 712, 713, 714, 715, 716, 717, 718, 719, 720, 721, 722, 723, 724, 725, 726, 727, 728, 729, 730, 731, 732, 733, 734, 735, 736, 737, 738, 739, 740, 741, 742, 743, 744, 745, 746, 747, 748, 749, 750, 751, 752, 753, 754, 755, 756, 757, 758, 759, 760, 761, 762, 763, 764, 765, 766, 767, 768, 769, 770, 771, 772, 773, 774, 775, 776, 777, 778, 779, 780, 781, 782, 783, 784, 785, 786, 787, 788, 789, 790, 791, 792, 793]","[10, 75, 103, 104, 106, 117, 118, 120, 127, 128, 129, 131, 133, 135, 136, 137, 139, 146, 147, 148, 149, 151, 158, 160, 162, 166, 173, 178, 179, 185, 190, 192, 198, 201, 203, 204, 206, 207, 212, 213, 214, 219, 223, 224, 225, 227, 230, 235, 237, 246, 247, 256, 259, 262, 263, 266, 268, 269, 271, 272, 278, 279, 284, 285, 288, 290, 292, 304, 306, 312, 316, 319, 320, 323, 324, 329, 332, 335, 495, 549, 574, 575, 577, 588, 589, 591, 598, 599, 600, 602, 604, 606, 607, 608, 610, 617, 618, 619, 620, 622, 625, 630, 632, 634, 638, 644, 649, 650, 656, 661, 663, 669, 673, 674, 676, 677, 682, 683, 684, 687, 688, 689, 691, 694, 699, 701, 710, 718, 722, 723, 727, 728, 730, 731, 737, 738, 743, 744, 747, 749, 751, 762, 764, 770, 774, 777, 778, 781, 782, 789, 791]","[2, 9, 10, 82, 111, 112, 113, 199, 279, 284, 285, 300, 488, 494, 495, 553, 581, 582, 583, 670, 738, 743, 744, 759, 818]","[2, 9, 10, 22, 82, 111, 112, 113, 199, 279, 284, 285, 300, 488, 494, 495, 506, 553, 581, 582, 583, 670, 738, 743, 744, 759, 818]","[2, 9, 10, 22, 75, 82, 103, 104, 105, 106, 107, 108, 109, 110, 111, 112, 113, 114, 115, 116, 117, 118, 119, 120, 121, 122, 123, 124, 125, 126, 127, 128, 129, 130, 131, 132, 133, 134, 135, 136, 137, 138, 139, 140, 141, 142, 143, 144, 145, 146, 147, 148, 149, 150, 151, 152, 153, 154, 155, 156, 157, 158, 159, 160, 161, 162, 163, 164, 165, 166, 167, 168, 169, 170, 171, 172, 173, 174, 175, 176, 177, 178, 179, 180, 181, 182, 183, 184, 185, 186, 187, 188, 189, 190, 191, 192, 193, 194, 195, 196, 197, 198, 199, 200, 201, 202, 203, 204, 205, 206, 207, 208, 209, 210, 211, 212, 213, 214, 215, 216, 217, 218, 219, 220, 221, 222, 223, 224, 225, 226, 227, 228, 229, 230, 231, 232, 233, 234, 235, 236, 237, 238, 239, 240, 241, 242, 243, 244, 245, 246, 247, 248, 249, 250, 251, 252, 253, 254, 255, 256, 257, 258, 259, 260, 261, 262, 263, 264, 265, 266, 267, 268, 269, 270, 271, 272, 273, 274, 275, 276, 277, 278, 279, 280, 281, 282, 283, 284, 285, 286, 287, 288, 289, 290, 291, 292, 293, 294, 295, 296, 297, 298, 299, 300, 301, 302, 303, 304, 305, 306, 307, 308, 309, 310, 311, 312, 313, 314, 315, 316, 317, 318, 319, 320, 321, 322, 323, 324, 325, 326, 327, 328, 329, 330, 331, 332, 333, 334, 335, 336, 337, 488, 494, 495, 506, 549, 553, 574, 575, 576, 577, 578, 579, 580, 581, 582, 583, 584, 585, 586, 587, 588, 589, 590, 591, 592, 593, 594, 595, 596, 597, 598, 599, 600, 601, 602, 603, 604, 605, 606, 607, 608, 609, 610, 611, 612, 613, 614, 615, 616, 617, 618, 619, 620, 621, 622, 623, 624, 625, 626, 627, 628, 629, 630, 631, 632, 633, 634, 635, 636, 637, 638, 639, 640, 641, 642, 643, 644, 645, 646, 647, 648, 649, 650, 651, 652, 653, 654, 655, 656, 657, 658, 659, 660, 661, 662, 663, 664, 665, 666, 667, 668, 669, 670, 671, 672, 673, 674, 675, 676, 677, 678, 679, 680, 681, 682, 683, 684, 685, 686, 687, 688, 689, 690, 691, 692, 693, 694, 695, 696, 697, 698, 699, 700, 701, 702, 703, 704, 705, 706, 707, 708, 709, 710, 711, 712, 713, 714, 715, 716, 717, 718, 719, 720, 721, 722, 723, 724, 725, 726, 727, 728, 729, 730, 731, 732, 733, 734, 735, 736, 737, 738, 739, 740, 741, 742, 743, 744, 745, 746, 747, 748, 749, 750, 751, 752, 753, 754, 755, 756, 757, 758, 759, 760, 761, 762, 763, 764, 765, 766, 767, 768, 769, 770, 771, 772, 773, 774, 775, 776, 777, 778, 779, 780, 781, 782, 783, 784, 785, 786, 787, 788, 789, 790, 791, 792, 793, 818]",True,"[268, 285, 727, 744]","[103, 104, 105, 106, 107, 108, 109, 110, 111, 112, 113, 114, 115, 116, 117, 118, 119, 120, 121, 122, 123, 124, 125, 126, 127, 128, 129, 130, 131, 132, 133, 134, 135, 136, 137, 138, 139, 140, 141, 142, 143, 144, 145, 146, 147, 148, 149, 150, 151, 152, 153, 154, 155, 156, 157, 158, 159, 160, 161, 162, 163, 164, 165, 166, 167, 168, 169, 170, 171, 172, 173, 174, 175, 176, 177, 178, 179, 180, 181, 182, 183, 184, 185, 186, 187, 188, 189, 190, 191, 192, 193, 194, 195, 196, 197, 198, 199, 200, 201, 202, 203, 204, 205, 206, 207, 208, 209, 210, 211, 212, 213, 214, 215, 216, 217, 218, 219, 220, 221, 222, 223, 224, 225, 226, 227, 228, 229, 230, 231, 232, 233, 234, 235, 236, 237, 238, 239, 240, 241, 242, 243, 244, 245, 246, 247, 248, 249, 250, 251, 252, 253, 254, 255, 256, 257, 258, 259, 260, 261, 262, 263, 264, 265, 266, 267, 268, 269, 270, 271, 272, 273, 274, 275, 276, 277, 278, 279, 280, 281, 282, 283, 284, 285, 286, 287, 288, 289, 290, 291, 292, 293, 294, 295, 296, 297, 298, 299, 300, 301, 302, 303, 304, 305, 306, 307, 308, 309, 310, 311, 312, 313, 314, 315, 316, 317, 318, 319, 320, 321, 322, 323, 324, 325, 326, 327, 328, 329, 330, 331, 332, 333, 334, 335, 336, 337, 574, 575, 576, 577, 578, 579, 580, 581, 582, 583, 584, 585, 586, 587, 588, 589, 590, 591, 592, 593, 594, 595, 596, 597, 598, 599, 600, 601, 602, 603, 604, 605, 606, 607, 608, 609, 610, 611, 612, 613, 614, 615, 616, 617, 618, 619, 620, 621, 622, 623, 624, 625, 626, 627, 628, 629, 630, 631, 632, 633, 634, 635, 636, 637, 638, 639, 640, 641, 642, 643, 644, 645, 646, 647, 648, 649, 650, 651, 652, 653, 654, 655, 656, 657, 658, 659, 660, 661, 662, 663, 664, 665, 666, 667, 668, 669, 670, 671, 672, 673, 674, 675, 676, 677, 678, 679, 680, 681, 682, 683, 684, 685, 686, 687, 688, 689, 690, 691, 692, 693, 694, 695, 696, 697, 698, 699, 700, 701, 702, 703, 704, 705, 706, 707, 708, 709, 710, 711, 712, 713, 714, 715, 716, 717, 718, 719, 720, 721, 722, 723, 724, 725, 726, 727, 728, 729, 730, 731, 732, 733, 734, 735, 736, 737, 738, 739, 740, 741, 742, 743, 744, 745, 746, 747, 748, 749, 750, 751, 752, 753, 754, 755, 756, 757, 758, 759, 760, 761, 762, 763, 764, 765, 766, 767, 768, 769, 770, 771, 772, 773, 774, 775, 776, 777, 778, 779, 780, 781, 782, 783, 784, 785, 786, 787, 788, 789, 790, 791, 792, 793]","[285, 744]","[285, 744]","[10, 75, 103, 104, 106, 117, 118, 120, 127, 128, 129, 131, 133, 135, 136, 137, 139, 146, 147, 148, 149, 151, 158, 160, 162, 166, 173, 178, 179, 185, 190, 192, 198, 201, 203, 204, 206, 207, 212, 213, 214, 219, 223, 224, 225, 227, 230, 235, 237, 246, 247, 256, 259, 262, 263, 266, 268, 269, 271, 272, 278, 279, 284, 285, 288, 290, 292, 304, 306, 312, 316, 319, 320, 323, 324, 329, 332, 335, 495, 549, 574, 575, 577, 588, 589, 591, 598, 599, 600, 602, 604, 606, 607, 608, 610, 617, 618, 619, 620, 622, 625, 630, 632, 634, 638, 644, 649, 650, 656, 661, 663, 669, 673, 674, 676, 677, 682, 683, 684, 687, 688, 689, 691, 694, 699, 701, 710, 718, 722, 723, 727, 728, 730, 731, 737, 738, 743, 744, 747, 749, 751, 762, 764, 770, 774, 777, 778, 781, 782, 789, 791]","[2, 9, 10, 22, 82, 111, 112, 113, 199, 279, 284, 285, 300, 488, 494, 495, 506, 553, 581, 582, 583, 670, 738, 743, 744, 759, 818]","[2, 9, 10, 82, 111, 112, 113, 199, 279, 284, 285, 300, 488, 494, 495, 553, 581, 582, 583, 670, 738, 743, 744, 759, 818]",7/6 successful match,True,,False,326,False,,1.0,True,Shop & Go ( Valero ) Rd ),Valero
Kingsburg ( 93631 ) Shop & Go # 611 ( Valero ),4 559-897-3015 CA 99 Exit 109 ( Ave 384 ),MARS 24 R S D <U+25A1> <U+25A1>,Kingsburg,93631,Shop & Go # 611 ( Valero ),559-897-3015,2015,Kingsburg,CA,Valero,( Ave 384 ),CA 99 Exit 109 ,Exit,109,False,,False,CA 99,,,,,"[744, 285]","[268, 285, 727, 744]","[285, 744]","[285, 744]","[103, 104, 105, 106, 107, 108, 109, 110, 111, 112, 113, 114, 115, 116, 117, 118, 119, 120, 121, 122, 123, 124, 125, 126, 127, 128, 129, 130, 131, 132, 133, 134, 135, 136, 137, 138, 139, 140, 141, 142, 143, 144, 145, 146, 147, 148, 149, 150, 151, 152, 153, 154, 155, 156, 157, 158, 159, 160, 161, 162, 163, 164, 165, 166, 167, 168, 169, 170, 171, 172, 173, 174, 175, 176, 177, 178, 179, 180, 181, 182, 183, 184, 185, 186, 187, 188, 189, 190, 191, 192, 193, 194, 195, 196, 197, 198, 199, 200, 201, 202, 203, 204, 205, 206, 207, 208, 209, 210, 211, 212, 213, 214, 215, 216, 217, 218, 219, 220, 221, 222, 223, 224, 225, 226, 227, 228, 229, 230, 231, 232, 233, 234, 235, 236, 237, 238, 239, 240, 241, 242, 243, 244, 245, 246, 247, 248, 249, 250, 251, 252, 253, 254, 255, 256, 257, 258, 259, 260, 261, 262, 263, 264, 265, 266, 267, 268, 269, 270, 271, 272, 273, 274, 275, 276, 277, 278, 279, 280, 281, 282, 283, 284, 285, 286, 287, 288, 289, 290, 291, 292, 293, 294, 295, 296, 297, 298, 299, 300, 301, 302, 303, 304, 305, 306, 307, 308, 309, 310, 311, 312, 313, 314, 315, 316, 317, 318, 319, 320, 321, 322, 323, 324, 325, 326, 327, 328, 329, 330, 331, 332, 333, 334, 335, 336, 337, 574, 575, 576, 577, 578, 579, 580, 581, 582, 583, 584, 585, 586, 587, 588, 589, 590, 591, 592, 593, 594, 595, 596, 597, 598, 599, 600, 601, 602, 603, 604, 605, 606, 607, 608, 609, 610, 611, 612, 613, 614, 615, 616, 617, 618, 619, 620, 621, 622, 623, 624, 625, 626, 627, 628, 629, 630, 631, 632, 633, 634, 635, 636, 637, 638, 639, 640, 641, 642, 643, 644, 645, 646, 647, 648, 649, 650, 651, 652, 653, 654, 655, 656, 657, 658, 659, 660, 661, 662, 663, 664, 665, 666, 667, 668, 669, 670, 671, 672, 673, 674, 675, 676, 677, 678, 679, 680, 681, 682, 683, 684, 685, 686, 687, 688, 689, 690, 691, 692, 693, 694, 695, 696, 697, 698, 699, 700, 701, 702, 703, 704, 705, 706, 707, 708, 709, 710, 711, 712, 713, 714, 715, 716, 717, 718, 719, 720, 721, 722, 723, 724, 725, 726, 727, 728, 729, 730, 731, 732, 733, 734, 735, 736, 737, 738, 739, 740, 741, 742, 743, 744, 745, 746, 747, 748, 749, 750, 751, 752, 753, 754, 755, 756, 757, 758, 759, 760, 761, 762, 763, 764, 765, 766, 767, 768, 769, 770, 771, 772, 773, 774, 775, 776, 777, 778, 779, 780, 781, 782, 783, 784, 785, 786, 787, 788, 789, 790, 791, 792, 793]","[10, 75, 103, 104, 106, 117, 118, 120, 127, 128, 129, 131, 133, 135, 136, 137, 139, 146, 147, 148, 149, 151, 158, 160, 162, 166, 173, 178, 179, 185, 190, 192, 198, 201, 203, 204, 206, 207, 212, 213, 214, 219, 223, 224, 225, 227, 230, 235, 237, 246, 247, 256, 259, 262, 263, 266, 268, 269, 271, 272, 278, 279, 284, 285, 288, 290, 292, 304, 306, 312, 316, 319, 320, 323, 324, 329, 332, 335, 495, 549, 574, 575, 577, 588, 589, 591, 598, 599, 600, 602, 604, 606, 607, 608, 610, 617, 618, 619, 620, 622, 625, 630, 632, 634, 638, 644, 649, 650, 656, 661, 663, 669, 673, 674, 676, 677, 682, 683, 684, 687, 688, 689, 691, 694, 699, 701, 710, 718, 722, 723, 727, 728, 730, 731, 737, 738, 743, 744, 747, 749, 751, 762, 764, 770, 774, 777, 778, 781, 782, 789, 791]","[2, 9, 10, 82, 111, 112, 113, 199, 279, 284, 285, 300, 488, 494, 495, 553, 581, 582, 583, 670, 738, 743, 744, 759, 818]","[2, 9, 10, 22, 82, 111, 112, 113, 199, 279, 284, 285, 300, 488, 494, 495, 506, 553, 581, 582, 583, 670, 738, 743, 744, 759, 818]","[2, 9, 10, 22, 75, 82, 103, 104, 105, 106, 107, 108, 109, 110, 111, 112, 113, 114, 115, 116, 117, 118, 119, 120, 121, 122, 123, 124, 125, 126, 127, 128, 129, 130, 131, 132, 133, 134, 135, 136, 137, 138, 139, 140, 141, 142, 143, 144, 145, 146, 147, 148, 149, 150, 151, 152, 153, 154, 155, 156, 157, 158, 159, 160, 161, 162, 163, 164, 165, 166, 167, 168, 169, 170, 171, 172, 173, 174, 175, 176, 177, 178, 179, 180, 181, 182, 183, 184, 185, 186, 187, 188, 189, 190, 191, 192, 193, 194, 195, 196, 197, 198, 199, 200, 201, 202, 203, 204, 205, 206, 207, 208, 209, 210, 211, 212, 213, 214, 215, 216, 217, 218, 219, 220, 221, 222, 223, 224, 225, 226, 227, 228, 229, 230, 231, 232, 233, 234, 235, 236, 237, 238, 239, 240, 241, 242, 243, 244, 245, 246, 247, 248, 249, 250, 251, 252, 253, 254, 255, 256, 257, 258, 259, 260, 261, 262, 263, 264, 265, 266, 267, 268, 269, 270, 271, 272, 273, 274, 275, 276, 277, 278, 279, 280, 281, 282, 283, 284, 285, 286, 287, 288, 289, 290, 291, 292, 293, 294, 295, 296, 297, 298, 299, 300, 301, 302, 303, 304, 305, 306, 307, 308, 309, 310, 311, 312, 313, 314, 315, 316, 317, 318, 319, 320, 321, 322, 323, 324, 325, 326, 327, 328, 329, 330, 331, 332, 333, 334, 335, 336, 337, 488, 494, 495, 506, 549, 553, 574, 575, 576, 577, 578, 579, 580, 581, 582, 583, 584, 585, 586, 587, 588, 589, 590, 591, 592, 593, 594, 595, 596, 597, 598, 599, 600, 601, 602, 603, 604, 605, 606, 607, 608, 609, 610, 611, 612, 613, 614, 615, 616, 617, 618, 619, 620, 621, 622, 623, 624, 625, 626, 627, 628, 629, 630, 631, 632, 633, 634, 635, 636, 637, 638, 639, 640, 641, 642, 643, 644, 645, 646, 647, 648, 649, 650, 651, 652, 653, 654, 655, 656, 657, 658, 659, 660, 661, 662, 663, 664, 665, 666, 667, 668, 669, 670, 671, 672, 673, 674, 675, 676, 677, 678, 679, 680, 681, 682, 683, 684, 685, 686, 687, 688, 689, 690, 691, 692, 693, 694, 695, 696, 697, 698, 699, 700, 701, 702, 703, 704, 705, 706, 707, 708, 709, 710, 711, 712, 713, 714, 715, 716, 717, 718, 719, 720, 721, 722, 723, 724, 725, 726, 727, 728, 729, 730, 731, 732, 733, 734, 735, 736, 737, 738, 739, 740, 741, 742, 743, 744, 745, 746, 747, 748, 749, 750, 751, 752, 753, 754, 755, 756, 757, 758, 759, 760, 761, 762, 763, 764, 765, 766, 767, 768, 769, 770, 771, 772, 773, 774, 775, 776, 777, 778, 779, 780, 781, 782, 783, 784, 785, 786, 787, 788, 789, 790, 791, 792, 793, 818]",True,"[268, 285, 727, 744]","[103, 104, 105, 106, 107, 108, 109, 110, 111, 112, 113, 114, 115, 116, 117, 118, 119, 120, 121, 122, 123, 124, 125, 126, 127, 128, 129, 130, 131, 132, 133, 134, 135, 136, 137, 138, 139, 140, 141, 142, 143, 144, 145, 146, 147, 148, 149, 150, 151, 152, 153, 154, 155, 156, 157, 158, 159, 160, 161, 162, 163, 164, 165, 166, 167, 168, 169, 170, 171, 172, 173, 174, 175, 176, 177, 178, 179, 180, 181, 182, 183, 184, 185, 186, 187, 188, 189, 190, 191, 192, 193, 194, 195, 196, 197, 198, 199, 200, 201, 202, 203, 204, 205, 206, 207, 208, 209, 210, 211, 212, 213, 214, 215, 216, 217, 218, 219, 220, 221, 222, 223, 224, 225, 226, 227, 228, 229, 230, 231, 232, 233, 234, 235, 236, 237, 238, 239, 240, 241, 242, 243, 244, 245, 246, 247, 248, 249, 250, 251, 252, 253, 254, 255, 256, 257, 258, 259, 260, 261, 262, 263, 264, 265, 266, 267, 268, 269, 270, 271, 272, 273, 274, 275, 276, 277, 278, 279, 280, 281, 282, 283, 284, 285, 286, 287, 288, 289, 290, 291, 292, 293, 294, 295, 296, 297, 298, 299, 300, 301, 302, 303, 304, 305, 306, 307, 308, 309, 310, 311, 312, 313, 314, 315, 316, 317, 318, 319, 320, 321, 322, 323, 324, 325, 326, 327, 328, 329, 330, 331, 332, 333, 334, 335, 336, 337, 574, 575, 576, 577, 578, 579, 580, 581, 582, 583, 584, 585, 586, 587, 588, 589, 590, 591, 592, 593, 594, 595, 596, 597, 598, 599, 600, 601, 602, 603, 604, 605, 606, 607, 608, 609, 610, 611, 612, 613, 614, 615, 616, 617, 618, 619, 620, 621, 622, 623, 624, 625, 626, 627, 628, 629, 630, 631, 632, 633, 634, 635, 636, 637, 638, 639, 640, 641, 642, 643, 644, 645, 646, 647, 648, 649, 650, 651, 652, 653, 654, 655, 656, 657, 658, 659, 660, 661, 662, 663, 664, 665, 666, 667, 668, 669, 670, 671, 672, 673, 674, 675, 676, 677, 678, 679, 680, 681, 682, 683, 684, 685, 686, 687, 688, 689, 690, 691, 692, 693, 694, 695, 696, 697, 698, 699, 700, 701, 702, 703, 704, 705, 706, 707, 708, 709, 710, 711, 712, 713, 714, 715, 716, 717, 718, 719, 720, 721, 722, 723, 724, 725, 726, 727, 728, 729, 730, 731, 732, 733, 734, 735, 736, 737, 738, 739, 740, 741, 742, 743, 744, 745, 746, 747, 748, 749, 750, 751, 752, 753, 754, 755, 756, 757, 758, 759, 760, 761, 762, 763, 764, 765, 766, 767, 768, 769, 770, 771, 772, 773, 774, 775, 776, 777, 778, 779, 780, 781, 782, 783, 784, 785, 786, 787, 788, 789, 790, 791, 792, 793]","[285, 744]","[285, 744]","[10, 75, 103, 104, 106, 117, 118, 120, 127, 128, 129, 131, 133, 135, 136, 137, 139, 146, 147, 148, 149, 151, 158, 160, 162, 166, 173, 178, 179, 185, 190, 192, 198, 201, 203, 204, 206, 207, 212, 213, 214, 219, 223, 224, 225, 227, 230, 235, 237, 246, 247, 256, 259, 262, 263, 266, 268, 269, 271, 272, 278, 279, 284, 285, 288, 290, 292, 304, 306, 312, 316, 319, 320, 323, 324, 329, 332, 335, 495, 549, 574, 575, 577, 588, 589, 591, 598, 599, 600, 602, 604, 606, 607, 608, 610, 617, 618, 619, 620, 622, 625, 630, 632, 634, 638, 644, 649, 650, 656, 661, 663, 669, 673, 674, 676, 677, 682, 683, 684, 687, 688, 689, 691, 694, 699, 701, 710, 718, 722, 723, 727, 728, 730, 731, 737, 738, 743, 744, 747, 749, 751, 762, 764, 770, 774, 777, 778, 781, 782, 789, 791]","[2, 9, 10, 22, 82, 111, 112, 113, 199, 279, 284, 285, 300, 488, 494, 495, 506, 553, 581, 582, 583, 670, 738, 743, 744, 759, 818]","[2, 9, 10, 82, 111, 112, 113, 199, 279, 284, 285, 300, 488, 494, 495, 553, 581, 582, 583, 670, 738, 743, 744, 759, 818]",7/6 successful match,True,,False,326,False,,1.0,True,Shop & Go # 611 ( Valero ),Valero
Kingsburg ( 93631 ) Shop & Go # 278 611 ( ( Wildhorse Valero ) Rd ),559-897-3015 CA 99 Exit 109 ( 24,24 SO <U+25A1>,Kingsburg,93631,Shop & Go # 278 611 ( ( Wildhorse Valero ) Rd ),559-897-3015,2016,Kingsburg,CA,Valero,( 24,CA 99 Exit 109 ,Exit,109,False,,False,CA 99,,,,,"[744, 285]","[268, 285, 727, 744]","[285, 744]","[285, 744]","[103, 104, 105, 106, 107, 108, 109, 110, 111, 112, 113, 114, 115, 116, 117, 118, 119, 120, 121, 122, 123, 124, 125, 126, 127, 128, 129, 130, 131, 132, 133, 134, 135, 136, 137, 138, 139, 140, 141, 142, 143, 144, 145, 146, 147, 148, 149, 150, 151, 152, 153, 154, 155, 156, 157, 158, 159, 160, 161, 162, 163, 164, 165, 166, 167, 168, 169, 170, 171, 172, 173, 174, 175, 176, 177, 178, 179, 180, 181, 182, 183, 184, 185, 186, 187, 188, 189, 190, 191, 192, 193, 194, 195, 196, 197, 198, 199, 200, 201, 202, 203, 204, 205, 206, 207, 208, 209, 210, 211, 212, 213, 214, 215, 216, 217, 218, 219, 220, 221, 222, 223, 224, 225, 226, 227, 228, 229, 230, 231, 232, 233, 234, 235, 236, 237, 238, 239, 240, 241, 242, 243, 244, 245, 246, 247, 248, 249, 250, 251, 252, 253, 254, 255, 256, 257, 258, 259, 260, 261, 262, 263, 264, 265, 266, 267, 268, 269, 270, 271, 272, 273, 274, 275, 276, 277, 278, 279, 280, 281, 282, 283, 284, 285, 286, 287, 288, 289, 290, 291, 292, 293, 294, 295, 296, 297, 298, 299, 300, 301, 302, 303, 304, 305, 306, 307, 308, 309, 310, 311, 312, 313, 314, 315, 316, 317, 318, 319, 320, 321, 322, 323, 324, 325, 326, 327, 328, 329, 330, 331, 332, 333, 334, 335, 336, 337, 574, 575, 576, 577, 578, 579, 580, 581, 582, 583, 584, 585, 586, 587, 588, 589, 590, 591, 592, 593, 594, 595, 596, 597, 598, 599, 600, 601, 602, 603, 604, 605, 606, 607, 608, 609, 610, 611, 612, 613, 614, 615, 616, 617, 618, 619, 620, 621, 622, 623, 624, 625, 626, 627, 628, 629, 630, 631, 632, 633, 634, 635, 636, 637, 638, 639, 640, 641, 642, 643, 644, 645, 646, 647, 648, 649, 650, 651, 652, 653, 654, 655, 656, 657, 658, 659, 660, 661, 662, 663, 664, 665, 666, 667, 668, 669, 670, 671, 672, 673, 674, 675, 676, 677, 678, 679, 680, 681, 682, 683, 684, 685, 686, 687, 688, 689, 690, 691, 692, 693, 694, 695, 696, 697, 698, 699, 700, 701, 702, 703, 704, 705, 706, 707, 708, 709, 710, 711, 712, 713, 714, 715, 716, 717, 718, 719, 720, 721, 722, 723, 724, 725, 726, 727, 728, 729, 730, 731, 732, 733, 734, 735, 736, 737, 738, 739, 740, 741, 742, 743, 744, 745, 746, 747, 748, 749, 750, 751, 752, 753, 754, 755, 756, 757, 758, 759, 760, 761, 762, 763, 764, 765, 766, 767, 768, 769, 770, 771, 772, 773, 774, 775, 776, 777, 778, 779, 780, 781, 782, 783, 784, 785, 786, 787, 788, 789, 790, 791, 792, 793]","[10, 75, 103, 104, 106, 117, 118, 120, 127, 128, 129, 131, 133, 135, 136, 137, 139, 146, 147, 148, 149, 151, 158, 160, 162, 166, 173, 178, 179, 185, 190, 192, 198, 201, 203, 204, 206, 207, 212, 213, 214, 219, 223, 224, 225, 227, 230, 235, 237, 246, 247, 256, 259, 262, 263, 266, 268, 269, 271, 272, 278, 279, 284, 285, 288, 290, 292, 304, 306, 312, 316, 319, 320, 323, 324, 329, 332, 335, 495, 549, 574, 575, 577, 588, 589, 591, 598, 599, 600, 602, 604, 606, 607, 608, 610, 617, 618, 619, 620, 622, 625, 630, 632, 634, 638, 644, 649, 650, 656, 661, 663, 669, 673, 674, 676, 677, 682, 683, 684, 687, 688, 689, 691, 694, 699, 701, 710, 718, 722, 723, 727, 728, 730, 731, 737, 738, 743, 744, 747, 749, 751, 762, 764, 770, 774, 777, 778, 781, 782, 789, 791]","[2, 9, 10, 82, 111, 112, 113, 199, 279, 284, 285, 300, 488, 494, 495, 553, 581, 582, 583, 670, 738, 743, 744, 759, 818]","[2, 9, 10, 22, 36, 82, 111, 112, 113, 199, 279, 284, 285, 300, 488, 494, 495, 506, 517, 553, 581, 582, 583, 670, 738, 743, 744, 759, 818]","[2, 9, 10, 22, 36, 75, 82, 103, 104, 105, 106, 107, 108, 109, 110, 111, 112, 113, 114, 115, 116, 117, 118, 119, 120, 121, 122, 123, 124, 125, 126, 127, 128, 129, 130, 131, 132, 133, 134, 135, 136, 137, 138, 139, 140, 141, 142, 143, 144, 145, 146, 147, 148, 149, 150, 151, 152, 153, 154, 155, 156, 157, 158, 159, 160, 161, 162, 163, 164, 165, 166, 167, 168, 169, 170, 171, 172, 173, 174, 175, 176, 177, 178, 179, 180, 181, 182, 183, 184, 185, 186, 187, 188, 189, 190, 191, 192, 193, 194, 195, 196, 197, 198, 199, 200, 201, 202, 203, 204, 205, 206, 207, 208, 209, 210, 211, 212, 213, 214, 215, 216, 217, 218, 219, 220, 221, 222, 223, 224, 225, 226, 227, 228, 229, 230, 231, 232, 233, 234, 235, 236, 237, 238, 239, 240, 241, 242, 243, 244, 245, 246, 247, 248, 249, 250, 251, 252, 253, 254, 255, 256, 257, 258, 259, 260, 261, 262, 263, 264, 265, 266, 267, 268, 269, 270, 271, 272, 273, 274, 275, 276, 277, 278, 279, 280, 281, 282, 283, 284, 285, 286, 287, 288, 289, 290, 291, 292, 293, 294, 295, 296, 297, 298, 299, 300, 301, 302, 303, 304, 305, 306, 307, 308, 309, 310, 311, 312, 313, 314, 315, 316, 317, 318, 319, 320, 321, 322, 323, 324, 325, 326, 327, 328, 329, 330, 331, 332, 333, 334, 335, 336, 337, 488, 494, 495, 506, 517, 549, 553, 574, 575, 576, 577, 578, 579, 580, 581, 582, 583, 584, 585, 586, 587, 588, 589, 590, 591, 592, 593, 594, 595, 596, 597, 598, 599, 600, 601, 602, 603, 604, 605, 606, 607, 608, 609, 610, 611, 612, 613, 614, 615, 616, 617, 618, 619, 620, 621, 622, 623, 624, 625, 626, 627, 628, 629, 630, 631, 632, 633, 634, 635, 636, 637, 638, 639, 640, 641, 642, 643, 644, 645, 646, 647, 648, 649, 650, 651, 652, 653, 654, 655, 656, 657, 658, 659, 660, 661, 662, 663, 664, 665, 666, 667, 668, 669, 670, 671, 672, 673, 674, 675, 676, 677, 678, 679, 680, 681, 682, 683, 684, 685, 686, 687, 688, 689, 690, 691, 692, 693, 694, 695, 696, 697, 698, 699, 700, 701, 702, 703, 704, 705, 706, 707, 708, 709, 710, 711, 712, 713, 714, 715, 716, 717, 718, 719, 720, 721, 722, 723, 724, 725, 726, 727, 728, 729, 730, 731, 732, 733, 734, 735, 736, 737, 738, 739, 740, 741, 742, 743, 744, 745, 746, 747, 748, 749, 750, 751, 752, 753, 754, 755, 756, 757, 758, 759, 760, 761, 762, 763, 764, 765, 766, 767, 768, 769, 770, 771, 772, 773, 774, 775, 776, 777, 778, 779, 780, 781, 782, 783, 784, 785, 786, 787, 788, 789, 790, 791, 792, 793, 818]",True,"[268, 285, 727, 744]","[103, 104, 105, 106, 107, 108, 109, 110, 111, 112, 113, 114, 115, 116, 117, 118, 119, 120, 121, 122, 123, 124, 125, 126, 127, 128, 129, 130, 131, 132, 133, 134, 135, 136, 137, 138, 139, 140, 141, 142, 143, 144, 145, 146, 147, 148, 149, 150, 151, 152, 153, 154, 155, 156, 157, 158, 159, 160, 161, 162, 163, 164, 165, 166, 167, 168, 169, 170, 171, 172, 173, 174, 175, 176, 177, 178, 179, 180, 181, 182, 183, 184, 185, 186, 187, 188, 189, 190, 191, 192, 193, 194, 195, 196, 197, 198, 199, 200, 201, 202, 203, 204, 205, 206, 207, 208, 209, 210, 211, 212, 213, 214, 215, 216, 217, 218, 219, 220, 221, 222, 223, 224, 225, 226, 227, 228, 229, 230, 231, 232, 233, 234, 235, 236, 237, 238, 239, 240, 241, 242, 243, 244, 245, 246, 247, 248, 249, 250, 251, 252, 253, 254, 255, 256, 257, 258, 259, 260, 261, 262, 263, 264, 265, 266, 267, 268, 269, 270, 271, 272, 273, 274, 275, 276, 277, 278, 279, 280, 281, 282, 283, 284, 285, 286, 287, 288, 289, 290, 291, 292, 293, 294, 295, 296, 297, 298, 299, 300, 301, 302, 303, 304, 305, 306, 307, 308, 309, 310, 311, 312, 313, 314, 315, 316, 317, 318, 319, 320, 321, 322, 323, 324, 325, 326, 327, 328, 329, 330, 331, 332, 333, 334, 335, 336, 337, 574, 575, 576, 577, 578, 579, 580, 581, 582, 583, 584, 585, 586, 587, 588, 589, 590, 591, 592, 593, 594, 595, 596, 597, 598, 599, 600, 601, 602, 603, 604, 605, 606, 607, 608, 609, 610, 611, 612, 613, 614, 615, 616, 617, 618, 619, 620, 621, 622, 623, 624, 625, 626, 627, 628, 629, 630, 631, 632, 633, 634, 635, 636, 637, 638, 639, 640, 641, 642, 643, 644, 645, 646, 647, 648, 649, 650, 651, 652, 653, 654, 655, 656, 657, 658, 659, 660, 661, 662, 663, 664, 665, 666, 667, 668, 669, 670, 671, 672, 673, 674, 675, 676, 677, 678, 679, 680, 681, 682, 683, 684, 685, 686, 687, 688, 689, 690, 691, 692, 693, 694, 695, 696, 697, 698, 699, 700, 701, 702, 703, 704, 705, 706, 707, 708, 709, 710, 711, 712, 713, 714, 715, 716, 717, 718, 719, 720, 721, 722, 723, 724, 725, 726, 727, 728, 729, 730, 731, 732, 733, 734, 735, 736, 737, 738, 739, 740, 741, 742, 743, 744, 745, 746, 747, 748, 749, 750, 751, 752, 753, 754, 755, 756, 757, 758, 759, 760, 761, 762, 763, 764, 765, 766, 767, 768, 769, 770, 771, 772, 773, 774, 775, 776, 777, 778, 779, 780, 781, 782, 783, 784, 785, 786, 787, 788, 789, 790, 791, 792, 793]","[285, 744]","[285, 744]","[10, 75, 103, 104, 106, 117, 118, 120, 127, 128, 129, 131, 133, 135, 136, 137, 139, 146, 147, 148, 149, 151, 158, 160, 162, 166, 173, 178, 179, 185, 190, 192, 198, 201, 203, 204, 206, 207, 212, 213, 214, 219, 223, 224, 225, 227, 230, 235, 237, 246, 247, 256, 259, 262, 263, 266, 268, 269, 271, 272, 278, 279, 284, 285, 288, 290, 292, 304, 306, 312, 316, 319, 320, 323, 324, 329, 332, 335, 495, 549, 574, 575, 577, 588, 589, 591, 598, 599, 600, 602, 604, 606, 607, 608, 610, 617, 618, 619, 620, 622, 625, 630, 632, 634, 638, 644, 649, 650, 656, 661, 663, 669, 673, 674, 676, 677, 682, 683, 684, 687, 688, 689, 691, 694, 699, 701, 710, 718, 722, 723, 727, 728, 730, 731, 737, 738, 743, 744, 747, 749, 751, 762, 764, 770, 774, 777, 778, 781, 782, 789, 791]","[2, 9, 10, 22, 36, 82, 111, 112, 113, 199, 279, 284, 285, 300, 488, 494, 495, 506, 517, 553, 581, 582, 583, 670, 738, 743, 744, 759, 818]","[2, 9, 10, 82, 111, 112, 113, 199, 279, 284, 285, 300, 488, 494, 495, 553, 581, 582, 583, 670, 738, 743, 744, 759, 818]",7/6 successful match,True,,False,326,False,,0.9536986301369863,True,Shop & Go # 611 ( Valero ),Valero
"F San Luis , 93635 Petro : 2 # 46 ( Mobil )",209-827-8020 CA 152 & CA 33 Jct ( W of I-5 Exit 403 B ),B ) 429,San Luis,93635,Petro : 2 # 46 ( Mobil ),209-827-8020,2006,Los Banos,CA,Mobil,( W of I-5 Exit 403 B ),CA 152 & CA 33 Jct,empty,,False,,False,CA 152,CA 33,,,,[],[],"[49, 87, 107, 198, 255, 293, 294, 297, 300, 316, 331, 528, 558, 578, 669, 708, 752, 753, 756, 759, 774, 788]",[],"[103, 104, 105, 106, 107, 108, 109, 110, 111, 112, 113, 114, 115, 116, 117, 118, 119, 120, 121, 122, 123, 124, 125, 126, 127, 128, 129, 130, 131, 132, 133, 134, 135, 136, 137, 138, 139, 140, 141, 142, 143, 144, 145, 146, 147, 148, 149, 150, 151, 152, 153, 154, 155, 156, 157, 158, 159, 160, 161, 162, 163, 164, 165, 166, 167, 168, 169, 170, 171, 172, 173, 174, 175, 176, 177, 178, 179, 180, 181, 182, 183, 184, 185, 186, 187, 188, 189, 190, 191, 192, 193, 194, 195, 196, 197, 198, 199, 200, 201, 202, 203, 204, 205, 206, 207, 208, 209, 210, 211, 212, 213, 214, 215, 216, 217, 218, 219, 220, 221, 222, 223, 224, 225, 226, 227, 228, 229, 230, 231, 232, 233, 234, 235, 236, 237, 238, 239, 240, 241, 242, 243, 244, 245, 246, 247, 248, 249, 250, 251, 252, 253, 254, 255, 256, 257, 258, 259, 260, 261, 262, 263, 264, 265, 266, 267, 268, 269, 270, 271, 272, 273, 274, 275, 276, 277, 278, 279, 280, 281, 282, 283, 284, 285, 286, 287, 288, 289, 290, 291, 292, 293, 294, 295, 296, 297, 298, 299, 300, 301, 302, 303, 304, 305, 306, 307, 308, 309, 310, 311, 312, 313, 314, 315, 316, 317, 318, 319, 320, 321, 322, 323, 324, 325, 326, 327, 328, 329, 330, 331, 332, 333, 334, 335, 336, 337, 574, 575, 576, 577, 578, 579, 580, 581, 582, 583, 584, 585, 586, 587, 588, 589, 590, 591, 592, 593, 594, 595, 596, 597, 598, 599, 600, 601, 602, 603, 604, 605, 606, 607, 608, 609, 610, 611, 612, 613, 614, 615, 616, 617, 618, 619, 620, 621, 622, 623, 624, 625, 626, 627, 628, 629, 630, 631, 632, 633, 634, 635, 636, 637, 638, 639, 640, 641, 642, 643, 644, 645, 646, 647, 648, 649, 650, 651, 652, 653, 654, 655, 656, 657, 658, 659, 660, 661, 662, 663, 664, 665, 666, 667, 668, 669, 670, 671, 672, 673, 674, 675, 676, 677, 678, 679, 680, 681, 682, 683, 684, 685, 686, 687, 688, 689, 690, 691, 692, 693, 694, 695, 696, 697, 698, 699, 700, 701, 702, 703, 704, 705, 706, 707, 708, 709, 710, 711, 712, 713, 714, 715, 716, 717, 718, 719, 720, 721, 722, 723, 724, 725, 726, 727, 728, 729, 730, 731, 732, 733, 734, 735, 736, 737, 738, 739, 740, 741, 742, 743, 744, 745, 746, 747, 748, 749, 750, 751, 752, 753, 754, 755, 756, 757, 758, 759, 760, 761, 762, 763, 764, 765, 766, 767, 768, 769, 770, 771, 772, 773, 774, 775, 776, 777, 778, 779, 780, 781, 782, 783, 784, 785, 786, 787, 788, 789, 790, 791, 792, 793]","[103, 104, 106, 117, 118, 120, 127, 128, 129, 131, 133, 135, 136, 137, 139, 146, 147, 148, 149, 151, 158, 160, 162, 166, 173, 178, 179, 185, 190, 192, 198, 201, 203, 204, 206, 207, 212, 213, 214, 219, 223, 224, 225, 227, 230, 235, 237, 246, 247, 256, 259, 262, 263, 266, 268, 269, 271, 272, 278, 279, 284, 285, 288, 290, 292, 304, 311, 312, 316, 319, 320, 323, 324, 332, 574, 575, 588, 591, 607, 608, 610, 618, 619, 620, 622, 632, 644, 649, 650, 656, 661, 663, 669, 674, 677, 683, 684, 687, 688, 689, 701, 710, 723, 730, 731, 738, 747, 751, 762, 769, 774, 778, 789]","[4, 59, 232, 269, 299, 490, 535, 696, 728, 758]","[4, 59, 63, 64, 232, 240, 241, 242, 243, 269, 299, 370, 371, 372, 490, 535, 537, 538, 696, 704, 705, 706, 707, 728, 758, 820, 821, 822]","[4, 49, 59, 63, 64, 87, 103, 104, 105, 106, 107, 108, 109, 110, 111, 112, 113, 114, 115, 116, 117, 118, 119, 120, 121, 122, 123, 124, 125, 126, 127, 128, 129, 130, 131, 132, 133, 134, 135, 136, 137, 138, 139, 140, 141, 142, 143, 144, 145, 146, 147, 148, 149, 150, 151, 152, 153, 154, 155, 156, 157, 158, 159, 160, 161, 162, 163, 164, 165, 166, 167, 168, 169, 170, 171, 172, 173, 174, 175, 176, 177, 178, 179, 180, 181, 182, 183, 184, 185, 186, 187, 188, 189, 190, 191, 192, 193, 194, 195, 196, 197, 198, 199, 200, 201, 202, 203, 204, 205, 206, 207, 208, 209, 210, 211, 212, 213, 214, 215, 216, 217, 218, 219, 220, 221, 222, 223, 224, 225, 226, 227, 228, 229, 230, 231, 232, 233, 234, 235, 236, 237, 238, 239, 240, 241, 242, 243, 244, 245, 246, 247, 248, 249, 250, 251, 252, 253, 254, 255, 256, 257, 258, 259, 260, 261, 262, 263, 264, 265, 266, 267, 268, 269, 270, 271, 272, 273, 274, 275, 276, 277, 278, 279, 280, 281, 282, 283, 284, 285, 286, 287, 288, 289, 290, 291, 292, 293, 294, 295, 296, 297, 298, 299, 300, 301, 302, 303, 304, 305, 306, 307, 308, 309, 310, 311, 312, 313, 314, 315, 316, 317, 318, 319, 320, 321, 322, 323, 324, 325, 326, 327, 328, 329, 330, 331, 332, 333, 334, 335, 336, 337, 370, 371, 372, 490, 528, 535, 537, 538, 558, 574, 575, 576, 577, 578, 579, 580, 581, 582, 583, 584, 585, 586, 587, 588, 589, 590, 591, 592, 593, 594, 595, 596, 597, 598, 599, 600, 601, 602, 603, 604, 605, 606, 607, 608, 609, 610, 611, 612, 613, 614, 615, 616, 617, 618, 619, 620, 621, 622, 623, 624, 625, 626, 627, 628, 629, 630, 631, 632, 633, 634, 635, 636, 637, 638, 639, 640, 641, 642, 643, 644, 645, 646, 647, 648, 649, 650, 651, 652, 653, 654, 655, 656, 657, 658, 659, 660, 661, 662, 663, 664, 665, 666, 667, 668, 669, 670, 671, 672, 673, 674, 675, 676, 677, 678, 679, 680, 681, 682, 683, 684, 685, 686, 687, 688, 689, 690, 691, 692, 693, 694, 695, 696, 697, 698, 699, 700, 701, 702, 703, 704, 705, 706, 707, 708, 709, 710, 711, 712, 713, 714, 715, 716, 717, 718, 719, 720, 721, 722, 723, 724, 725, 726, 727, 728, 729, 730, 731, 732, 733, 734, 735, 736, 737, 738, 739, 740, 741, 742, 743, 744, 745, 746, 747, 748, 749, 750, 751, 752, 753, 754, 755, 756, 757, 758, 759, 760, 761, 762, 763, 764, 765, 766, 767, 768, 769, 770, 771, 772, 773, 774, 775, 776, 777, 778, 779, 780, 781, 782, 783, 784, 785, 786, 787, 788, 789, 790, 791, 792, 793, 820, 821, 822]",False,[],"[103, 104, 105, 106, 107, 108, 109, 110, 111, 112, 113, 114, 115, 116, 117, 118, 119, 120, 121, 122, 123, 124, 125, 126, 127, 128, 129, 130, 131, 132, 133, 134, 135, 136, 137, 138, 139, 140, 141, 142, 143, 144, 145, 146, 147, 148, 149, 150, 151, 152, 153, 154, 155, 156, 157, 158, 159, 160, 161, 162, 163, 164, 165, 166, 167, 168, 169, 170, 171, 172, 173, 174, 175, 176, 177, 178, 179, 180, 181, 182, 183, 184, 185, 186, 187, 188, 189, 190, 191, 192, 193, 194, 195, 196, 197, 198, 199, 200, 201, 202, 203, 204, 205, 206, 207, 208, 209, 210, 211, 212, 213, 214, 215, 216, 217, 218, 219, 220, 221, 222, 223, 224, 225, 226, 227, 228, 229, 230, 231, 232, 233, 234, 235, 236, 237, 238, 239, 240, 241, 242, 243, 244, 245, 246, 247, 248, 249, 250, 251, 252, 253, 254, 255, 256, 257, 258, 259, 260, 261, 262, 263, 264, 265, 266, 267, 268, 269, 270, 271, 272, 273, 274, 275, 276, 277, 278, 279, 280, 281, 282, 283, 284, 285, 286, 287, 288, 289, 290, 291, 292, 293, 294, 295, 296, 297, 298, 299, 300, 301, 302, 303, 304, 305, 306, 307, 308, 309, 310, 311, 312, 313, 314, 315, 316, 317, 318, 319, 320, 321, 322, 323, 324, 325, 326, 327, 328, 329, 330, 331, 332, 333, 334, 335, 336, 337, 574, 575, 576, 577, 578, 579, 580, 581, 582, 583, 584, 585, 586, 587, 588, 589, 590, 591, 592, 593, 594, 595, 596, 597, 598, 599, 600, 601, 602, 603, 604, 605, 606, 607, 608, 609, 610, 611, 612, 613, 614, 615, 616, 617, 618, 619, 620, 621, 622, 623, 624, 625, 626, 627, 628, 629, 630, 631, 632, 633, 634, 635, 636, 637, 638, 639, 640, 641, 642, 643, 644, 645, 646, 647, 648, 649, 650, 651, 652, 653, 654, 655, 656, 657, 658, 659, 660, 661, 662, 663, 664, 665, 666, 667, 668, 669, 670, 671, 672, 673, 674, 675, 676, 677, 678, 679, 680, 681, 682, 683, 684, 685, 686, 687, 688, 689, 690, 691, 692, 693, 694, 695, 696, 697, 698, 699, 700, 701, 702, 703, 704, 705, 706, 707, 708, 709, 710, 711, 712, 713, 714, 715, 716, 717, 718, 719, 720, 721, 722, 723, 724, 725, 726, 727, 728, 729, 730, 731, 732, 733, 734, 735, 736, 737, 738, 739, 740, 741, 742, 743, 744, 745, 746, 747, 748, 749, 750, 751, 752, 753, 754, 755, 756, 757, 758, 759, 760, 761, 762, 763, 764, 765, 766, 767, 768, 769, 770, 771, 772, 773, 774, 775, 776, 777, 778, 779, 780, 781, 782, 783, 784, 785, 786, 787, 788, 789, 790, 791, 792, 793]","[49, 87, 107, 198, 255, 293, 294, 297, 300, 316, 331, 528, 558, 578, 669, 708, 752, 753, 756, 759, 774, 788]",[],"[103, 104, 106, 117, 118, 120, 127, 128, 129, 131, 133, 135, 136, 137, 139, 146, 147, 148, 149, 151, 158, 160, 162, 166, 173, 178, 179, 185, 190, 192, 198, 201, 203, 204, 206, 207, 212, 213, 214, 219, 223, 224, 225, 227, 230, 235, 237, 246, 247, 256, 259, 262, 263, 266, 268, 269, 271, 272, 278, 279, 284, 285, 288, 290, 292, 304, 311, 312, 316, 319, 320, 323, 324, 332, 574, 575, 588, 591, 607, 608, 610, 618, 619, 620, 622, 632, 644, 649, 650, 656, 661, 663, 669, 674, 677, 683, 684, 687, 688, 689, 701, 710, 723, 730, 731, 738, 747, 751, 762, 769, 774, 778, 789]","[4, 59, 63, 64, 232, 240, 241, 242, 243, 269, 299, 370, 371, 372, 490, 535, 537, 538, 696, 704, 705, 706, 707, 728, 758, 820, 821, 822]","[4, 59, 232, 269, 299, 490, 535, 696, 728, 758]",5/6 successful match,False,,False,327,False,,,,,
"San Luis , 93635 Petro : 2 # 46 ( Mobil ) PETRO",209-827-8020 CA 152 & CA 33 Jct ( W of I-5 Exit 403 B ),B ) 24 RS XL 24,San Luis,93635,Petro : 2 # 46 ( Mobil ) PETRO,209-827-8020,2007,Los Banos,CA,Mobil,( W of I-5 Exit 403 B ),CA 152 & CA 33 Jct,empty,,False,,False,CA 152,CA 33,,,,[],[],"[49, 87, 107, 198, 255, 293, 294, 297, 300, 316, 331, 528, 558, 578, 669, 708, 752, 753, 756, 759, 774, 788]",[],"[103, 104, 105, 106, 107, 108, 109, 110, 111, 112, 113, 114, 115, 116, 117, 118, 119, 120, 121, 122, 123, 124, 125, 126, 127, 128, 129, 130, 131, 132, 133, 134, 135, 136, 137, 138, 139, 140, 141, 142, 143, 144, 145, 146, 147, 148, 149, 150, 151, 152, 153, 154, 155, 156, 157, 158, 159, 160, 161, 162, 163, 164, 165, 166, 167, 168, 169, 170, 171, 172, 173, 174, 175, 176, 177, 178, 179, 180, 181, 182, 183, 184, 185, 186, 187, 188, 189, 190, 191, 192, 193, 194, 195, 196, 197, 198, 199, 200, 201, 202, 203, 204, 205, 206, 207, 208, 209, 210, 211, 212, 213, 214, 215, 216, 217, 218, 219, 220, 221, 222, 223, 224, 225, 226, 227, 228, 229, 230, 231, 232, 233, 234, 235, 236, 237, 238, 239, 240, 241, 242, 243, 244, 245, 246, 247, 248, 249, 250, 251, 252, 253, 254, 255, 256, 257, 258, 259, 260, 261, 262, 263, 264, 265, 266, 267, 268, 269, 270, 271, 272, 273, 274, 275, 276, 277, 278, 279, 280, 281, 282, 283, 284, 285, 286, 287, 288, 289, 290, 291, 292, 293, 294, 295, 296, 297, 298, 299, 300, 301, 302, 303, 304, 305, 306, 307, 308, 309, 310, 311, 312, 313, 314, 315, 316, 317, 318, 319, 320, 321, 322, 323, 324, 325, 326, 327, 328, 329, 330, 331, 332, 333, 334, 335, 336, 337, 574, 575, 576, 577, 578, 579, 580, 581, 582, 583, 584, 585, 586, 587, 588, 589, 590, 591, 592, 593, 594, 595, 596, 597, 598, 599, 600, 601, 602, 603, 604, 605, 606, 607, 608, 609, 610, 611, 612, 613, 614, 615, 616, 617, 618, 619, 620, 621, 622, 623, 624, 625, 626, 627, 628, 629, 630, 631, 632, 633, 634, 635, 636, 637, 638, 639, 640, 641, 642, 643, 644, 645, 646, 647, 648, 649, 650, 651, 652, 653, 654, 655, 656, 657, 658, 659, 660, 661, 662, 663, 664, 665, 666, 667, 668, 669, 670, 671, 672, 673, 674, 675, 676, 677, 678, 679, 680, 681, 682, 683, 684, 685, 686, 687, 688, 689, 690, 691, 692, 693, 694, 695, 696, 697, 698, 699, 700, 701, 702, 703, 704, 705, 706, 707, 708, 709, 710, 711, 712, 713, 714, 715, 716, 717, 718, 719, 720, 721, 722, 723, 724, 725, 726, 727, 728, 729, 730, 731, 732, 733, 734, 735, 736, 737, 738, 739, 740, 741, 742, 743, 744, 745, 746, 747, 748, 749, 750, 751, 752, 753, 754, 755, 756, 757, 758, 759, 760, 761, 762, 763, 764, 765, 766, 767, 768, 769, 770, 771, 772, 773, 774, 775, 776, 777, 778, 779, 780, 781, 782, 783, 784, 785, 786, 787, 788, 789, 790, 791, 792, 793]","[103, 104, 106, 117, 118, 120, 127, 128, 129, 131, 133, 135, 136, 137, 139, 146, 147, 148, 149, 151, 158, 160, 162, 166, 173, 178, 179, 185, 190, 192, 198, 201, 203, 204, 206, 207, 212, 213, 214, 219, 223, 224, 225, 227, 230, 235, 237, 246, 247, 256, 259, 262, 263, 266, 268, 269, 271, 272, 278, 279, 284, 285, 288, 290, 292, 304, 311, 312, 316, 319, 320, 323, 324, 332, 574, 575, 588, 591, 607, 608, 610, 618, 619, 620, 622, 632, 644, 649, 650, 656, 661, 663, 669, 674, 677, 683, 684, 687, 688, 689, 701, 710, 723, 730, 731, 738, 747, 751, 762, 769, 774, 778, 789]","[4, 59, 232, 269, 299, 490, 535, 696, 728, 758]","[4, 59, 63, 64, 232, 240, 241, 242, 243, 269, 299, 370, 371, 372, 490, 535, 537, 538, 696, 704, 705, 706, 707, 728, 758, 820, 821, 822]","[4, 49, 59, 63, 64, 87, 103, 104, 105, 106, 107, 108, 109, 110, 111, 112, 113, 114, 115, 116, 117, 118, 119, 120, 121, 122, 123, 124, 125, 126, 127, 128, 129, 130, 131, 132, 133, 134, 135, 136, 137, 138, 139, 140, 141, 142, 143, 144, 145, 146, 147, 148, 149, 150, 151, 152, 153, 154, 155, 156, 157, 158, 159, 160, 161, 162, 163, 164, 165, 166, 167, 168, 169, 170, 171, 172, 173, 174, 175, 176, 177, 178, 179, 180, 181, 182, 183, 184, 185, 186, 187, 188, 189, 190, 191, 192, 193, 194, 195, 196, 197, 198, 199, 200, 201, 202, 203, 204, 205, 206, 207, 208, 209, 210, 211, 212, 213, 214, 215, 216, 217, 218, 219, 220, 221, 222, 223, 224, 225, 226, 227, 228, 229, 230, 231, 232, 233, 234, 235, 236, 237, 238, 239, 240, 241, 242, 243, 244, 245, 246, 247, 248, 249, 250, 251, 252, 253, 254, 255, 256, 257, 258, 259, 260, 261, 262, 263, 264, 265, 266, 267, 268, 269, 270, 271, 272, 273, 274, 275, 276, 277, 278, 279, 280, 281, 282, 283, 284, 285, 286, 287, 288, 289, 290, 291, 292, 293, 294, 295, 296, 297, 298, 299, 300, 301, 302, 303, 304, 305, 306, 307, 308, 309, 310, 311, 312, 313, 314, 315, 316, 317, 318, 319, 320, 321, 322, 323, 324, 325, 326, 327, 328, 329, 330, 331, 332, 333, 334, 335, 336, 337, 370, 371, 372, 490, 528, 535, 537, 538, 558, 574, 575, 576, 577, 578, 579, 580, 581, 582, 583, 584, 585, 586, 587, 588, 589, 590, 591, 592, 593, 594, 595, 596, 597, 598, 599, 600, 601, 602, 603, 604, 605, 606, 607, 608, 609, 610, 611, 612, 613, 614, 615, 616, 617, 618, 619, 620, 621, 622, 623, 624, 625, 626, 627, 628, 629, 630, 631, 632, 633, 634, 635, 636, 637, 638, 639, 640, 641, 642, 643, 644, 645, 646, 647, 648, 649, 650, 651, 652, 653, 654, 655, 656, 657, 658, 659, 660, 661, 662, 663, 664, 665, 666, 667, 668, 669, 670, 671, 672, 673, 674, 675, 676, 677, 678, 679, 680, 681, 682, 683, 684, 685, 686, 687, 688, 689, 690, 691, 692, 693, 694, 695, 696, 697, 698, 699, 700, 701, 702, 703, 704, 705, 706, 707, 708, 709, 710, 711, 712, 713, 714, 715, 716, 717, 718, 719, 720, 721, 722, 723, 724, 725, 726, 727, 728, 729, 730, 731, 732, 733, 734, 735, 736, 737, 738, 739, 740, 741, 742, 743, 744, 745, 746, 747, 748, 749, 750, 751, 752, 753, 754, 755, 756, 757, 758, 759, 760, 761, 762, 763, 764, 765, 766, 767, 768, 769, 770, 771, 772, 773, 774, 775, 776, 777, 778, 779, 780, 781, 782, 783, 784, 785, 786, 787, 788, 789, 790, 791, 792, 793, 820, 821, 822]",False,[],"[103, 104, 105, 106, 107, 108, 109, 110, 111, 112, 113, 114, 115, 116, 117, 118, 119, 120, 121, 122, 123, 124, 125, 126, 127, 128, 129, 130, 131, 132, 133, 134, 135, 136, 137, 138, 139, 140, 141, 142, 143, 144, 145, 146, 147, 148, 149, 150, 151, 152, 153, 154, 155, 156, 157, 158, 159, 160, 161, 162, 163, 164, 165, 166, 167, 168, 169, 170, 171, 172, 173, 174, 175, 176, 177, 178, 179, 180, 181, 182, 183, 184, 185, 186, 187, 188, 189, 190, 191, 192, 193, 194, 195, 196, 197, 198, 199, 200, 201, 202, 203, 204, 205, 206, 207, 208, 209, 210, 211, 212, 213, 214, 215, 216, 217, 218, 219, 220, 221, 222, 223, 224, 225, 226, 227, 228, 229, 230, 231, 232, 233, 234, 235, 236, 237, 238, 239, 240, 241, 242, 243, 244, 245, 246, 247, 248, 249, 250, 251, 252, 253, 254, 255, 256, 257, 258, 259, 260, 261, 262, 263, 264, 265, 266, 267, 268, 269, 270, 271, 272, 273, 274, 275, 276, 277, 278, 279, 280, 281, 282, 283, 284, 285, 286, 287, 288, 289, 290, 291, 292, 293, 294, 295, 296, 297, 298, 299, 300, 301, 302, 303, 304, 305, 306, 307, 308, 309, 310, 311, 312, 313, 314, 315, 316, 317, 318, 319, 320, 321, 322, 323, 324, 325, 326, 327, 328, 329, 330, 331, 332, 333, 334, 335, 336, 337, 574, 575, 576, 577, 578, 579, 580, 581, 582, 583, 584, 585, 586, 587, 588, 589, 590, 591, 592, 593, 594, 595, 596, 597, 598, 599, 600, 601, 602, 603, 604, 605, 606, 607, 608, 609, 610, 611, 612, 613, 614, 615, 616, 617, 618, 619, 620, 621, 622, 623, 624, 625, 626, 627, 628, 629, 630, 631, 632, 633, 634, 635, 636, 637, 638, 639, 640, 641, 642, 643, 644, 645, 646, 647, 648, 649, 650, 651, 652, 653, 654, 655, 656, 657, 658, 659, 660, 661, 662, 663, 664, 665, 666, 667, 668, 669, 670, 671, 672, 673, 674, 675, 676, 677, 678, 679, 680, 681, 682, 683, 684, 685, 686, 687, 688, 689, 690, 691, 692, 693, 694, 695, 696, 697, 698, 699, 700, 701, 702, 703, 704, 705, 706, 707, 708, 709, 710, 711, 712, 713, 714, 715, 716, 717, 718, 719, 720, 721, 722, 723, 724, 725, 726, 727, 728, 729, 730, 731, 732, 733, 734, 735, 736, 737, 738, 739, 740, 741, 742, 743, 744, 745, 746, 747, 748, 749, 750, 751, 752, 753, 754, 755, 756, 757, 758, 759, 760, 761, 762, 763, 764, 765, 766, 767, 768, 769, 770, 771, 772, 773, 774, 775, 776, 777, 778, 779, 780, 781, 782, 783, 784, 785, 786, 787, 788, 789, 790, 791, 792, 793]","[49, 87, 107, 198, 255, 293, 294, 297, 300, 316, 331, 528, 558, 578, 669, 708, 752, 753, 756, 759, 774, 788]",[],"[103, 104, 106, 117, 118, 120, 127, 128, 129, 131, 133, 135, 136, 137, 139, 146, 147, 148, 149, 151, 158, 160, 162, 166, 173, 178, 179, 185, 190, 192, 198, 201, 203, 204, 206, 207, 212, 213, 214, 219, 223, 224, 225, 227, 230, 235, 237, 246, 247, 256, 259, 262, 263, 266, 268, 269, 271, 272, 278, 279, 284, 285, 288, 290, 292, 304, 311, 312, 316, 319, 320, 323, 324, 332, 574, 575, 588, 591, 607, 608, 610, 618, 619, 620, 622, 632, 644, 649, 650, 656, 661, 663, 669, 674, 677, 683, 684, 687, 688, 689, 701, 710, 723, 730, 731, 738, 747, 751, 762, 769, 774, 778, 789]","[4, 59, 63, 64, 232, 240, 241, 242, 243, 269, 299, 370, 371, 372, 490, 535, 537, 538, 696, 704, 705, 706, 707, 728, 758, 820, 821, 822]","[4, 59, 232, 269, 299, 490, 535, 696, 728, 758]",5/6 successful match,False,,False,327,False,,1.0,True,Petro : 2 # 46 ( Mobil ),Mobil
"San Luis , 93635 Petro : 2 # 46 ( Mobil )",2 209-827-8020 CA 152 & CA 33 Jct ( W of I-5 Exit 403 B,B ) HRS 24 XL 24,San Luis,93635,Petro : 2 # 46 ( Mobil ),209-827-8020,2008,Los Banos,CA,Mobil,( W of I-5 Exit 403 B,CA 152 & CA 33 Jct,empty,,False,,False,CA 152,CA 33,,,,[],[],"[49, 87, 107, 198, 255, 293, 294, 297, 300, 316, 331, 528, 558, 578, 669, 708, 752, 753, 756, 759, 774, 788]",[],"[103, 104, 105, 106, 107, 108, 109, 110, 111, 112, 113, 114, 115, 116, 117, 118, 119, 120, 121, 122, 123, 124, 125, 126, 127, 128, 129, 130, 131, 132, 133, 134, 135, 136, 137, 138, 139, 140, 141, 142, 143, 144, 145, 146, 147, 148, 149, 150, 151, 152, 153, 154, 155, 156, 157, 158, 159, 160, 161, 162, 163, 164, 165, 166, 167, 168, 169, 170, 171, 172, 173, 174, 175, 176, 177, 178, 179, 180, 181, 182, 183, 184, 185, 186, 187, 188, 189, 190, 191, 192, 193, 194, 195, 196, 197, 198, 199, 200, 201, 202, 203, 204, 205, 206, 207, 208, 209, 210, 211, 212, 213, 214, 215, 216, 217, 218, 219, 220, 221, 222, 223, 224, 225, 226, 227, 228, 229, 230, 231, 232, 233, 234, 235, 236, 237, 238, 239, 240, 241, 242, 243, 244, 245, 246, 247, 248, 249, 250, 251, 252, 253, 254, 255, 256, 257, 258, 259, 260, 261, 262, 263, 264, 265, 266, 267, 268, 269, 270, 271, 272, 273, 274, 275, 276, 277, 278, 279, 280, 281, 282, 283, 284, 285, 286, 287, 288, 289, 290, 291, 292, 293, 294, 295, 296, 297, 298, 299, 300, 301, 302, 303, 304, 305, 306, 307, 308, 309, 310, 311, 312, 313, 314, 315, 316, 317, 318, 319, 320, 321, 322, 323, 324, 325, 326, 327, 328, 329, 330, 331, 332, 333, 334, 335, 336, 337, 574, 575, 576, 577, 578, 579, 580, 581, 582, 583, 584, 585, 586, 587, 588, 589, 590, 591, 592, 593, 594, 595, 596, 597, 598, 599, 600, 601, 602, 603, 604, 605, 606, 607, 608, 609, 610, 611, 612, 613, 614, 615, 616, 617, 618, 619, 620, 621, 622, 623, 624, 625, 626, 627, 628, 629, 630, 631, 632, 633, 634, 635, 636, 637, 638, 639, 640, 641, 642, 643, 644, 645, 646, 647, 648, 649, 650, 651, 652, 653, 654, 655, 656, 657, 658, 659, 660, 661, 662, 663, 664, 665, 666, 667, 668, 669, 670, 671, 672, 673, 674, 675, 676, 677, 678, 679, 680, 681, 682, 683, 684, 685, 686, 687, 688, 689, 690, 691, 692, 693, 694, 695, 696, 697, 698, 699, 700, 701, 702, 703, 704, 705, 706, 707, 708, 709, 710, 711, 712, 713, 714, 715, 716, 717, 718, 719, 720, 721, 722, 723, 724, 725, 726, 727, 728, 729, 730, 731, 732, 733, 734, 735, 736, 737, 738, 739, 740, 741, 742, 743, 744, 745, 746, 747, 748, 749, 750, 751, 752, 753, 754, 755, 756, 757, 758, 759, 760, 761, 762, 763, 764, 765, 766, 767, 768, 769, 770, 771, 772, 773, 774, 775, 776, 777, 778, 779, 780, 781, 782, 783, 784, 785, 786, 787, 788, 789, 790, 791, 792, 793]","[103, 104, 106, 117, 118, 120, 127, 128, 129, 131, 133, 135, 136, 137, 139, 146, 147, 148, 149, 151, 158, 160, 162, 166, 173, 178, 179, 185, 190, 192, 198, 201, 203, 204, 206, 207, 212, 213, 214, 219, 223, 224, 225, 227, 230, 235, 237, 246, 247, 256, 259, 262, 263, 266, 268, 269, 271, 272, 278, 279, 284, 285, 288, 290, 292, 304, 311, 312, 316, 319, 320, 323, 324, 332, 574, 575, 588, 591, 607, 608, 610, 618, 619, 620, 622, 632, 644, 649, 650, 656, 661, 663, 669, 674, 677, 683, 684, 687, 688, 689, 701, 710, 723, 730, 731, 738, 747, 751, 762, 769, 774, 778, 789]","[4, 59, 232, 269, 299, 490, 535, 696, 728, 758]","[4, 59, 63, 64, 232, 240, 241, 242, 243, 269, 299, 370, 371, 372, 490, 535, 537, 538, 696, 704, 705, 706, 707, 728, 758, 820, 821, 822]","[4, 49, 59, 63, 64, 87, 103, 104, 105, 106, 107, 108, 109, 110, 111, 112, 113, 114, 115, 116, 117, 118, 119, 120, 121, 122, 123, 124, 125, 126, 127, 128, 129, 130, 131, 132, 133, 134, 135, 136, 137, 138, 139, 140, 141, 142, 143, 144, 145, 146, 147, 148, 149, 150, 151, 152, 153, 154, 155, 156, 157, 158, 159, 160, 161, 162, 163, 164, 165, 166, 167, 168, 169, 170, 171, 172, 173, 174, 175, 176, 177, 178, 179, 180, 181, 182, 183, 184, 185, 186, 187, 188, 189, 190, 191, 192, 193, 194, 195, 196, 197, 198, 199, 200, 201, 202, 203, 204, 205, 206, 207, 208, 209, 210, 211, 212, 213, 214, 215, 216, 217, 218, 219, 220, 221, 222, 223, 224, 225, 226, 227, 228, 229, 230, 231, 232, 233, 234, 235, 236, 237, 238, 239, 240, 241, 242, 243, 244, 245, 246, 247, 248, 249, 250, 251, 252, 253, 254, 255, 256, 257, 258, 259, 260, 261, 262, 263, 264, 265, 266, 267, 268, 269, 270, 271, 272, 273, 274, 275, 276, 277, 278, 279, 280, 281, 282, 283, 284, 285, 286, 287, 288, 289, 290, 291, 292, 293, 294, 295, 296, 297, 298, 299, 300, 301, 302, 303, 304, 305, 306, 307, 308, 309, 310, 311, 312, 313, 314, 315, 316, 317, 318, 319, 320, 321, 322, 323, 324, 325, 326, 327, 328, 329, 330, 331, 332, 333, 334, 335, 336, 337, 370, 371, 372, 490, 528, 535, 537, 538, 558, 574, 575, 576, 577, 578, 579, 580, 581, 582, 583, 584, 585, 586, 587, 588, 589, 590, 591, 592, 593, 594, 595, 596, 597, 598, 599, 600, 601, 602, 603, 604, 605, 606, 607, 608, 609, 610, 611, 612, 613, 614, 615, 616, 617, 618, 619, 620, 621, 622, 623, 624, 625, 626, 627, 628, 629, 630, 631, 632, 633, 634, 635, 636, 637, 638, 639, 640, 641, 642, 643, 644, 645, 646, 647, 648, 649, 650, 651, 652, 653, 654, 655, 656, 657, 658, 659, 660, 661, 662, 663, 664, 665, 666, 667, 668, 669, 670, 671, 672, 673, 674, 675, 676, 677, 678, 679, 680, 681, 682, 683, 684, 685, 686, 687, 688, 689, 690, 691, 692, 693, 694, 695, 696, 697, 698, 699, 700, 701, 702, 703, 704, 705, 706, 707, 708, 709, 710, 711, 712, 713, 714, 715, 716, 717, 718, 719, 720, 721, 722, 723, 724, 725, 726, 727, 728, 729, 730, 731, 732, 733, 734, 735, 736, 737, 738, 739, 740, 741, 742, 743, 744, 745, 746, 747, 748, 749, 750, 751, 752, 753, 754, 755, 756, 757, 758, 759, 760, 761, 762, 763, 764, 765, 766, 767, 768, 769, 770, 771, 772, 773, 774, 775, 776, 777, 778, 779, 780, 781, 782, 783, 784, 785, 786, 787, 788, 789, 790, 791, 792, 793, 820, 821, 822]",False,[],"[103, 104, 105, 106, 107, 108, 109, 110, 111, 112, 113, 114, 115, 116, 117, 118, 119, 120, 121, 122, 123, 124, 125, 126, 127, 128, 129, 130, 131, 132, 133, 134, 135, 136, 137, 138, 139, 140, 141, 142, 143, 144, 145, 146, 147, 148, 149, 150, 151, 152, 153, 154, 155, 156, 157, 158, 159, 160, 161, 162, 163, 164, 165, 166, 167, 168, 169, 170, 171, 172, 173, 174, 175, 176, 177, 178, 179, 180, 181, 182, 183, 184, 185, 186, 187, 188, 189, 190, 191, 192, 193, 194, 195, 196, 197, 198, 199, 200, 201, 202, 203, 204, 205, 206, 207, 208, 209, 210, 211, 212, 213, 214, 215, 216, 217, 218, 219, 220, 221, 222, 223, 224, 225, 226, 227, 228, 229, 230, 231, 232, 233, 234, 235, 236, 237, 238, 239, 240, 241, 242, 243, 244, 245, 246, 247, 248, 249, 250, 251, 252, 253, 254, 255, 256, 257, 258, 259, 260, 261, 262, 263, 264, 265, 266, 267, 268, 269, 270, 271, 272, 273, 274, 275, 276, 277, 278, 279, 280, 281, 282, 283, 284, 285, 286, 287, 288, 289, 290, 291, 292, 293, 294, 295, 296, 297, 298, 299, 300, 301, 302, 303, 304, 305, 306, 307, 308, 309, 310, 311, 312, 313, 314, 315, 316, 317, 318, 319, 320, 321, 322, 323, 324, 325, 326, 327, 328, 329, 330, 331, 332, 333, 334, 335, 336, 337, 574, 575, 576, 577, 578, 579, 580, 581, 582, 583, 584, 585, 586, 587, 588, 589, 590, 591, 592, 593, 594, 595, 596, 597, 598, 599, 600, 601, 602, 603, 604, 605, 606, 607, 608, 609, 610, 611, 612, 613, 614, 615, 616, 617, 618, 619, 620, 621, 622, 623, 624, 625, 626, 627, 628, 629, 630, 631, 632, 633, 634, 635, 636, 637, 638, 639, 640, 641, 642, 643, 644, 645, 646, 647, 648, 649, 650, 651, 652, 653, 654, 655, 656, 657, 658, 659, 660, 661, 662, 663, 664, 665, 666, 667, 668, 669, 670, 671, 672, 673, 674, 675, 676, 677, 678, 679, 680, 681, 682, 683, 684, 685, 686, 687, 688, 689, 690, 691, 692, 693, 694, 695, 696, 697, 698, 699, 700, 701, 702, 703, 704, 705, 706, 707, 708, 709, 710, 711, 712, 713, 714, 715, 716, 717, 718, 719, 720, 721, 722, 723, 724, 725, 726, 727, 728, 729, 730, 731, 732, 733, 734, 735, 736, 737, 738, 739, 740, 741, 742, 743, 744, 745, 746, 747, 748, 749, 750, 751, 752, 753, 754, 755, 756, 757, 758, 759, 760, 761, 762, 763, 764, 765, 766, 767, 768, 769, 770, 771, 772, 773, 774, 775, 776, 777, 778, 779, 780, 781, 782, 783, 784, 785, 786, 787, 788, 789, 790, 791, 792, 793]","[49, 87, 107, 198, 255, 293, 294, 297, 300, 316, 331, 528, 558, 578, 669, 708, 752, 753, 756, 759, 774, 788]",[],"[103, 104, 106, 117, 118, 120, 127, 128, 129, 131, 133, 135, 136, 137, 139, 146, 147, 148, 149, 151, 158, 160, 162, 166, 173, 178, 179, 185, 190, 192, 198, 201, 203, 204, 206, 207, 212, 213, 214, 219, 223, 224, 225, 227, 230, 235, 237, 246, 247, 256, 259, 262, 263, 266, 268, 269, 271, 272, 278, 279, 284, 285, 288, 290, 292, 304, 311, 312, 316, 319, 320, 323, 324, 332, 574, 575, 588, 591, 607, 608, 610, 618, 619, 620, 622, 632, 644, 649, 650, 656, 661, 663, 669, 674, 677, 683, 684, 687, 688, 689, 701, 710, 723, 730, 731, 738, 747, 751, 762, 769, 774, 778, 789]","[4, 59, 63, 64, 232, 240, 241, 242, 243, 269, 299, 370, 371, 372, 490, 535, 537, 538, 696, 704, 705, 706, 707, 728, 758, 820, 821, 822]","[4, 59, 232, 269, 299, 490, 535, 696, 728, 758]",5/6 successful match,False,,False,327,False,,1.0,True,Petro : 2 # 46 ( Mobil ) PETRO,Mobil
F San Luis ( 93635 ) Petro Santa Nella # 346 ( Shell ),2 209-827-8020 CA 152 & CA 33 Jct ( W of I-5 Exit 403 B ),PETRO B ) 24 <U+2610> XL ] ],San Luis,93635,Petro Santa Nella # 346 ( Shell ),209-827-8020,2014,Los Banos,CA,Shell,( W of I-5 Exit 403 B ),CA 152 & CA 33 Jct,empty,,False,,False,CA 152,CA 33,,,,[],[],"[49, 87, 107, 198, 255, 293, 294, 297, 300, 316, 331, 528, 558, 578, 669, 708, 752, 753, 756, 759, 774, 788]",[],"[103, 104, 105, 106, 107, 108, 109, 110, 111, 112, 113, 114, 115, 116, 117, 118, 119, 120, 121, 122, 123, 124, 125, 126, 127, 128, 129, 130, 131, 132, 133, 134, 135, 136, 137, 138, 139, 140, 141, 142, 143, 144, 145, 146, 147, 148, 149, 150, 151, 152, 153, 154, 155, 156, 157, 158, 159, 160, 161, 162, 163, 164, 165, 166, 167, 168, 169, 170, 171, 172, 173, 174, 175, 176, 177, 178, 179, 180, 181, 182, 183, 184, 185, 186, 187, 188, 189, 190, 191, 192, 193, 194, 195, 196, 197, 198, 199, 200, 201, 202, 203, 204, 205, 206, 207, 208, 209, 210, 211, 212, 213, 214, 215, 216, 217, 218, 219, 220, 221, 222, 223, 224, 225, 226, 227, 228, 229, 230, 231, 232, 233, 234, 235, 236, 237, 238, 239, 240, 241, 242, 243, 244, 245, 246, 247, 248, 249, 250, 251, 252, 253, 254, 255, 256, 257, 258, 259, 260, 261, 262, 263, 264, 265, 266, 267, 268, 269, 270, 271, 272, 273, 274, 275, 276, 277, 278, 279, 280, 281, 282, 283, 284, 285, 286, 287, 288, 289, 290, 291, 292, 293, 294, 295, 296, 297, 298, 299, 300, 301, 302, 303, 304, 305, 306, 307, 308, 309, 310, 311, 312, 313, 314, 315, 316, 317, 318, 319, 320, 321, 322, 323, 324, 325, 326, 327, 328, 329, 330, 331, 332, 333, 334, 335, 336, 337, 574, 575, 576, 577, 578, 579, 580, 581, 582, 583, 584, 585, 586, 587, 588, 589, 590, 591, 592, 593, 594, 595, 596, 597, 598, 599, 600, 601, 602, 603, 604, 605, 606, 607, 608, 609, 610, 611, 612, 613, 614, 615, 616, 617, 618, 619, 620, 621, 622, 623, 624, 625, 626, 627, 628, 629, 630, 631, 632, 633, 634, 635, 636, 637, 638, 639, 640, 641, 642, 643, 644, 645, 646, 647, 648, 649, 650, 651, 652, 653, 654, 655, 656, 657, 658, 659, 660, 661, 662, 663, 664, 665, 666, 667, 668, 669, 670, 671, 672, 673, 674, 675, 676, 677, 678, 679, 680, 681, 682, 683, 684, 685, 686, 687, 688, 689, 690, 691, 692, 693, 694, 695, 696, 697, 698, 699, 700, 701, 702, 703, 704, 705, 706, 707, 708, 709, 710, 711, 712, 713, 714, 715, 716, 717, 718, 719, 720, 721, 722, 723, 724, 725, 726, 727, 728, 729, 730, 731, 732, 733, 734, 735, 736, 737, 738, 739, 740, 741, 742, 743, 744, 745, 746, 747, 748, 749, 750, 751, 752, 753, 754, 755, 756, 757, 758, 759, 760, 761, 762, 763, 764, 765, 766, 767, 768, 769, 770, 771, 772, 773, 774, 775, 776, 777, 778, 779, 780, 781, 782, 783, 784, 785, 786, 787, 788, 789, 790, 791, 792, 793]","[103, 104, 106, 117, 118, 120, 127, 128, 129, 131, 133, 135, 136, 137, 139, 146, 147, 148, 149, 151, 158, 160, 162, 166, 173, 178, 179, 185, 190, 192, 198, 201, 203, 204, 206, 207, 212, 213, 214, 219, 223, 224, 225, 227, 230, 235, 237, 246, 247, 256, 259, 262, 263, 266, 268, 269, 271, 272, 278, 279, 284, 285, 288, 290, 292, 304, 311, 312, 316, 319, 320, 323, 324, 332, 574, 575, 588, 591, 607, 608, 610, 618, 619, 620, 622, 632, 644, 649, 650, 656, 661, 663, 669, 674, 677, 683, 684, 687, 688, 689, 701, 710, 723, 730, 731, 738, 747, 751, 762, 769, 774, 778, 789]","[1, 13, 14, 29, 54, 55, 56, 57, 58, 60, 102, 118, 125, 127, 130, 134, 146, 149, 153, 175, 182, 187, 189, 191, 197, 225, 230, 238, 264, 265, 266, 286, 302, 317, 336, 379, 388, 389, 425, 454, 458, 463, 475, 487, 498, 499, 512, 530, 531, 532, 533, 534, 536, 573, 589, 596, 598, 601, 605, 617, 620, 624, 646, 653, 658, 660, 662, 668, 689, 694, 702, 724, 725, 745, 760, 775, 793, 829, 838, 839, 877, 901, 903, 905, 910, 923]","[1, 13, 14, 29, 54, 55, 56, 57, 58, 60, 63, 64, 102, 118, 125, 127, 130, 134, 146, 149, 153, 175, 182, 187, 189, 191, 197, 225, 230, 238, 240, 241, 242, 243, 264, 265, 266, 286, 302, 317, 336, 354, 370, 371, 372, 379, 383, 388, 389, 425, 454, 458, 463, 475, 487, 498, 499, 512, 530, 531, 532, 533, 534, 536, 537, 538, 573, 589, 596, 598, 601, 605, 617, 620, 624, 646, 653, 658, 660, 662, 668, 689, 694, 702, 704, 705, 706, 707, 724, 725, 745, 760, 775, 793, 809, 820, 821, 822, 829, 833, 838, 839, 877, 901, 903, 905, 910, 923]","[1, 13, 14, 29, 49, 54, 55, 56, 57, 58, 60, 63, 64, 87, 102, 103, 104, 105, 106, 107, 108, 109, 110, 111, 112, 113, 114, 115, 116, 117, 118, 119, 120, 121, 122, 123, 124, 125, 126, 127, 128, 129, 130, 131, 132, 133, 134, 135, 136, 137, 138, 139, 140, 141, 142, 143, 144, 145, 146, 147, 148, 149, 150, 151, 152, 153, 154, 155, 156, 157, 158, 159, 160, 161, 162, 163, 164, 165, 166, 167, 168, 169, 170, 171, 172, 173, 174, 175, 176, 177, 178, 179, 180, 181, 182, 183, 184, 185, 186, 187, 188, 189, 190, 191, 192, 193, 194, 195, 196, 197, 198, 199, 200, 201, 202, 203, 204, 205, 206, 207, 208, 209, 210, 211, 212, 213, 214, 215, 216, 217, 218, 219, 220, 221, 222, 223, 224, 225, 226, 227, 228, 229, 230, 231, 232, 233, 234, 235, 236, 237, 238, 239, 240, 241, 242, 243, 244, 245, 246, 247, 248, 249, 250, 251, 252, 253, 254, 255, 256, 257, 258, 259, 260, 261, 262, 263, 264, 265, 266, 267, 268, 269, 270, 271, 272, 273, 274, 275, 276, 277, 278, 279, 280, 281, 282, 283, 284, 285, 286, 287, 288, 289, 290, 291, 292, 293, 294, 295, 296, 297, 298, 299, 300, 301, 302, 303, 304, 305, 306, 307, 308, 309, 310, 311, 312, 313, 314, 315, 316, 317, 318, 319, 320, 321, 322, 323, 324, 325, 326, 327, 328, 329, 330, 331, 332, 333, 334, 335, 336, 337, 354, 370, 371, 372, 379, 383, 388, 389, 425, 454, 458, 463, 475, 487, 498, 499, 512, 528, 530, 531, 532, 533, 534, 536, 537, 538, 558, 573, 574, 575, 576, 577, 578, 579, 580, 581, 582, 583, 584, 585, 586, 587, 588, 589, 590, 591, 592, 593, 594, 595, 596, 597, 598, 599, 600, 601, 602, 603, 604, 605, 606, 607, 608, 609, 610, 611, 612, 613, 614, 615, 616, 617, 618, 619, 620, 621, 622, 623, 624, 625, 626, 627, 628, 629, 630, 631, 632, 633, 634, 635, 636, 637, 638, 639, 640, 641, 642, 643, 644, 645, 646, 647, 648, 649, 650, 651, 652, 653, 654, 655, 656, 657, 658, 659, 660, 661, 662, 663, 664, 665, 666, 667, 668, 669, 670, 671, 672, 673, 674, 675, 676, 677, 678, 679, 680, 681, 682, 683, 684, 685, 686, 687, 688, 689, 690, 691, 692, 693, 694, 695, 696, 697, 698, 699, 700, 701, 702, 703, 704, 705, 706, 707, 708, 709, 710, 711, 712, 713, 714, 715, 716, 717, 718, 719, 720, 721, 722, 723, 724, 725, 726, 727, 728, 729, 730, 731, 732, 733, 734, 735, 736, 737, 738, 739, 740, 741, 742, 743, 744, 745, 746, 747, 748, 749, 750, 751, 752, 753, 754, 755, 756, 757, 758, 759, 760, 761, 762, 763, 764, 765, 766, 767, 768, 769, 770, 771, 772, 773, 774, 775, 776, 777, 778, 779, 780, 781, 782, 783, 784, 785, 786, 787, 788, 789, 790, 791, 792, 793, 809, 820, 821, 822, 829, 833, 838, 839, 877, 901, 903, 905, 910, 923]",False,[],"[103, 104, 105, 106, 107, 108, 109, 110, 111, 112, 113, 114, 115, 116, 117, 118, 119, 120, 121, 122, 123, 124, 125, 126, 127, 128, 129, 130, 131, 132, 133, 134, 135, 136, 137, 138, 139, 140, 141, 142, 143, 144, 145, 146, 147, 148, 149, 150, 151, 152, 153, 154, 155, 156, 157, 158, 159, 160, 161, 162, 163, 164, 165, 166, 167, 168, 169, 170, 171, 172, 173, 174, 175, 176, 177, 178, 179, 180, 181, 182, 183, 184, 185, 186, 187, 188, 189, 190, 191, 192, 193, 194, 195, 196, 197, 198, 199, 200, 201, 202, 203, 204, 205, 206, 207, 208, 209, 210, 211, 212, 213, 214, 215, 216, 217, 218, 219, 220, 221, 222, 223, 224, 225, 226, 227, 228, 229, 230, 231, 232, 233, 234, 235, 236, 237, 238, 239, 240, 241, 242, 243, 244, 245, 246, 247, 248, 249, 250, 251, 252, 253, 254, 255, 256, 257, 258, 259, 260, 261, 262, 263, 264, 265, 266, 267, 268, 269, 270, 271, 272, 273, 274, 275, 276, 277, 278, 279, 280, 281, 282, 283, 284, 285, 286, 287, 288, 289, 290, 291, 292, 293, 294, 295, 296, 297, 298, 299, 300, 301, 302, 303, 304, 305, 306, 307, 308, 309, 310, 311, 312, 313, 314, 315, 316, 317, 318, 319, 320, 321, 322, 323, 324, 325, 326, 327, 328, 329, 330, 331, 332, 333, 334, 335, 336, 337, 574, 575, 576, 577, 578, 579, 580, 581, 582, 583, 584, 585, 586, 587, 588, 589, 590, 591, 592, 593, 594, 595, 596, 597, 598, 599, 600, 601, 602, 603, 604, 605, 606, 607, 608, 609, 610, 611, 612, 613, 614, 615, 616, 617, 618, 619, 620, 621, 622, 623, 624, 625, 626, 627, 628, 629, 630, 631, 632, 633, 634, 635, 636, 637, 638, 639, 640, 641, 642, 643, 644, 645, 646, 647, 648, 649, 650, 651, 652, 653, 654, 655, 656, 657, 658, 659, 660, 661, 662, 663, 664, 665, 666, 667, 668, 669, 670, 671, 672, 673, 674, 675, 676, 677, 678, 679, 680, 681, 682, 683, 684, 685, 686, 687, 688, 689, 690, 691, 692, 693, 694, 695, 696, 697, 698, 699, 700, 701, 702, 703, 704, 705, 706, 707, 708, 709, 710, 711, 712, 713, 714, 715, 716, 717, 718, 719, 720, 721, 722, 723, 724, 725, 726, 727, 728, 729, 730, 731, 732, 733, 734, 735, 736, 737, 738, 739, 740, 741, 742, 743, 744, 745, 746, 747, 748, 749, 750, 751, 752, 753, 754, 755, 756, 757, 758, 759, 760, 761, 762, 763, 764, 765, 766, 767, 768, 769, 770, 771, 772, 773, 774, 775, 776, 777, 778, 779, 780, 781, 782, 783, 784, 785, 786, 787, 788, 789, 790, 791, 792, 793]","[49, 87, 107, 198, 255, 293, 294, 297, 300, 316, 331, 528, 558, 578, 669, 708, 752, 753, 756, 759, 774, 788]",[],"[103, 104, 106, 117, 118, 120, 127, 128, 129, 131, 133, 135, 136, 137, 139, 146, 147, 148, 149, 151, 158, 160, 162, 166, 173, 178, 179, 185, 190, 192, 198, 201, 203, 204, 206, 207, 212, 213, 214, 219, 223, 224, 225, 227, 230, 235, 237, 246, 247, 256, 259, 262, 263, 266, 268, 269, 271, 272, 278, 279, 284, 285, 288, 290, 292, 304, 311, 312, 316, 319, 320, 323, 324, 332, 574, 575, 588, 591, 607, 608, 610, 618, 619, 620, 622, 632, 644, 649, 650, 656, 661, 663, 669, 674, 677, 683, 684, 687, 688, 689, 701, 710, 723, 730, 731, 738, 747, 751, 762, 769, 774, 778, 789]","[1, 13, 14, 29, 54, 55, 56, 57, 58, 60, 63, 64, 102, 118, 125, 127, 130, 134, 146, 149, 153, 175, 182, 187, 189, 191, 197, 225, 230, 238, 240, 241, 242, 243, 264, 265, 266, 286, 302, 317, 336, 354, 370, 371, 372, 379, 383, 388, 389, 425, 454, 458, 463, 475, 487, 498, 499, 512, 530, 531, 532, 533, 534, 536, 537, 538, 573, 589, 596, 598, 601, 605, 617, 620, 624, 646, 653, 658, 660, 662, 668, 689, 694, 702, 704, 705, 706, 707, 724, 725, 745, 760, 775, 793, 809, 820, 821, 822, 829, 833, 838, 839, 877, 901, 903, 905, 910, 923]","[1, 13, 14, 29, 54, 55, 56, 57, 58, 60, 102, 118, 125, 127, 130, 134, 146, 149, 153, 175, 182, 187, 189, 191, 197, 225, 230, 238, 264, 265, 266, 286, 302, 317, 336, 379, 388, 389, 425, 454, 458, 463, 475, 487, 498, 499, 512, 530, 531, 532, 533, 534, 536, 573, 589, 596, 598, 601, 605, 617, 620, 624, 646, 653, 658, 660, 662, 668, 689, 694, 702, 724, 725, 745, 760, 775, 793, 829, 838, 839, 877, 901, 903, 905, 910, 923]",5/6 successful match,False,,False,327,True,2014,0.4694736842105263,False,Petro : 2 # 46 ( Mobil ),Mobil
F San Luis ( 93635 ) Petro Santa Nella # 346 ( Shell ) PETRO,2 209-827-8020 CA 152 & CA 33 Jct ( W of I-5 Exit 403 B ),) 24 XL <U+2610>,San Luis,93635,Petro Santa Nella # 346 ( Shell ) PETRO,209-827-8020,2015,Los Banos,CA,Shell,( W of I-5 Exit 403 B ),CA 152 & CA 33 Jct,empty,,False,,False,CA 152,CA 33,,,,[],[],"[49, 87, 107, 198, 255, 293, 294, 297, 300, 316, 331, 528, 558, 578, 669, 708, 752, 753, 756, 759, 774, 788]",[],"[103, 104, 105, 106, 107, 108, 109, 110, 111, 112, 113, 114, 115, 116, 117, 118, 119, 120, 121, 122, 123, 124, 125, 126, 127, 128, 129, 130, 131, 132, 133, 134, 135, 136, 137, 138, 139, 140, 141, 142, 143, 144, 145, 146, 147, 148, 149, 150, 151, 152, 153, 154, 155, 156, 157, 158, 159, 160, 161, 162, 163, 164, 165, 166, 167, 168, 169, 170, 171, 172, 173, 174, 175, 176, 177, 178, 179, 180, 181, 182, 183, 184, 185, 186, 187, 188, 189, 190, 191, 192, 193, 194, 195, 196, 197, 198, 199, 200, 201, 202, 203, 204, 205, 206, 207, 208, 209, 210, 211, 212, 213, 214, 215, 216, 217, 218, 219, 220, 221, 222, 223, 224, 225, 226, 227, 228, 229, 230, 231, 232, 233, 234, 235, 236, 237, 238, 239, 240, 241, 242, 243, 244, 245, 246, 247, 248, 249, 250, 251, 252, 253, 254, 255, 256, 257, 258, 259, 260, 261, 262, 263, 264, 265, 266, 267, 268, 269, 270, 271, 272, 273, 274, 275, 276, 277, 278, 279, 280, 281, 282, 283, 284, 285, 286, 287, 288, 289, 290, 291, 292, 293, 294, 295, 296, 297, 298, 299, 300, 301, 302, 303, 304, 305, 306, 307, 308, 309, 310, 311, 312, 313, 314, 315, 316, 317, 318, 319, 320, 321, 322, 323, 324, 325, 326, 327, 328, 329, 330, 331, 332, 333, 334, 335, 336, 337, 574, 575, 576, 577, 578, 579, 580, 581, 582, 583, 584, 585, 586, 587, 588, 589, 590, 591, 592, 593, 594, 595, 596, 597, 598, 599, 600, 601, 602, 603, 604, 605, 606, 607, 608, 609, 610, 611, 612, 613, 614, 615, 616, 617, 618, 619, 620, 621, 622, 623, 624, 625, 626, 627, 628, 629, 630, 631, 632, 633, 634, 635, 636, 637, 638, 639, 640, 641, 642, 643, 644, 645, 646, 647, 648, 649, 650, 651, 652, 653, 654, 655, 656, 657, 658, 659, 660, 661, 662, 663, 664, 665, 666, 667, 668, 669, 670, 671, 672, 673, 674, 675, 676, 677, 678, 679, 680, 681, 682, 683, 684, 685, 686, 687, 688, 689, 690, 691, 692, 693, 694, 695, 696, 697, 698, 699, 700, 701, 702, 703, 704, 705, 706, 707, 708, 709, 710, 711, 712, 713, 714, 715, 716, 717, 718, 719, 720, 721, 722, 723, 724, 725, 726, 727, 728, 729, 730, 731, 732, 733, 734, 735, 736, 737, 738, 739, 740, 741, 742, 743, 744, 745, 746, 747, 748, 749, 750, 751, 752, 753, 754, 755, 756, 757, 758, 759, 760, 761, 762, 763, 764, 765, 766, 767, 768, 769, 770, 771, 772, 773, 774, 775, 776, 777, 778, 779, 780, 781, 782, 783, 784, 785, 786, 787, 788, 789, 790, 791, 792, 793]","[103, 104, 106, 117, 118, 120, 127, 128, 129, 131, 133, 135, 136, 137, 139, 146, 147, 148, 149, 151, 158, 160, 162, 166, 173, 178, 179, 185, 190, 192, 198, 201, 203, 204, 206, 207, 212, 213, 214, 219, 223, 224, 225, 227, 230, 235, 237, 246, 247, 256, 259, 262, 263, 266, 268, 269, 271, 272, 278, 279, 284, 285, 288, 290, 292, 304, 311, 312, 316, 319, 320, 323, 324, 332, 574, 575, 588, 591, 607, 608, 610, 618, 619, 620, 622, 632, 644, 649, 650, 656, 661, 663, 669, 674, 677, 683, 684, 687, 688, 689, 701, 710, 723, 730, 731, 738, 747, 751, 762, 769, 774, 778, 789]","[1, 13, 14, 29, 54, 55, 56, 57, 58, 60, 102, 118, 125, 127, 130, 134, 146, 149, 153, 175, 182, 187, 189, 191, 197, 225, 230, 238, 264, 265, 266, 286, 302, 317, 336, 379, 388, 389, 425, 454, 458, 463, 475, 487, 498, 499, 512, 530, 531, 532, 533, 534, 536, 573, 589, 596, 598, 601, 605, 617, 620, 624, 646, 653, 658, 660, 662, 668, 689, 694, 702, 724, 725, 745, 760, 775, 793, 829, 838, 839, 877, 901, 903, 905, 910, 923]","[1, 13, 14, 29, 54, 55, 56, 57, 58, 60, 63, 64, 102, 118, 125, 127, 130, 134, 146, 149, 153, 175, 182, 187, 189, 191, 197, 225, 230, 238, 240, 241, 242, 243, 264, 265, 266, 286, 302, 317, 336, 354, 370, 371, 372, 379, 383, 388, 389, 425, 454, 458, 463, 475, 487, 498, 499, 512, 530, 531, 532, 533, 534, 536, 537, 538, 573, 589, 596, 598, 601, 605, 617, 620, 624, 646, 653, 658, 660, 662, 668, 689, 694, 702, 704, 705, 706, 707, 724, 725, 745, 760, 775, 793, 809, 820, 821, 822, 829, 833, 838, 839, 877, 901, 903, 905, 910, 923]","[1, 13, 14, 29, 49, 54, 55, 56, 57, 58, 60, 63, 64, 87, 102, 103, 104, 105, 106, 107, 108, 109, 110, 111, 112, 113, 114, 115, 116, 117, 118, 119, 120, 121, 122, 123, 124, 125, 126, 127, 128, 129, 130, 131, 132, 133, 134, 135, 136, 137, 138, 139, 140, 141, 142, 143, 144, 145, 146, 147, 148, 149, 150, 151, 152, 153, 154, 155, 156, 157, 158, 159, 160, 161, 162, 163, 164, 165, 166, 167, 168, 169, 170, 171, 172, 173, 174, 175, 176, 177, 178, 179, 180, 181, 182, 183, 184, 185, 186, 187, 188, 189, 190, 191, 192, 193, 194, 195, 196, 197, 198, 199, 200, 201, 202, 203, 204, 205, 206, 207, 208, 209, 210, 211, 212, 213, 214, 215, 216, 217, 218, 219, 220, 221, 222, 223, 224, 225, 226, 227, 228, 229, 230, 231, 232, 233, 234, 235, 236, 237, 238, 239, 240, 241, 242, 243, 244, 245, 246, 247, 248, 249, 250, 251, 252, 253, 254, 255, 256, 257, 258, 259, 260, 261, 262, 263, 264, 265, 266, 267, 268, 269, 270, 271, 272, 273, 274, 275, 276, 277, 278, 279, 280, 281, 282, 283, 284, 285, 286, 287, 288, 289, 290, 291, 292, 293, 294, 295, 296, 297, 298, 299, 300, 301, 302, 303, 304, 305, 306, 307, 308, 309, 310, 311, 312, 313, 314, 315, 316, 317, 318, 319, 320, 321, 322, 323, 324, 325, 326, 327, 328, 329, 330, 331, 332, 333, 334, 335, 336, 337, 354, 370, 371, 372, 379, 383, 388, 389, 425, 454, 458, 463, 475, 487, 498, 499, 512, 528, 530, 531, 532, 533, 534, 536, 537, 538, 558, 573, 574, 575, 576, 577, 578, 579, 580, 581, 582, 583, 584, 585, 586, 587, 588, 589, 590, 591, 592, 593, 594, 595, 596, 597, 598, 599, 600, 601, 602, 603, 604, 605, 606, 607, 608, 609, 610, 611, 612, 613, 614, 615, 616, 617, 618, 619, 620, 621, 622, 623, 624, 625, 626, 627, 628, 629, 630, 631, 632, 633, 634, 635, 636, 637, 638, 639, 640, 641, 642, 643, 644, 645, 646, 647, 648, 649, 650, 651, 652, 653, 654, 655, 656, 657, 658, 659, 660, 661, 662, 663, 664, 665, 666, 667, 668, 669, 670, 671, 672, 673, 674, 675, 676, 677, 678, 679, 680, 681, 682, 683, 684, 685, 686, 687, 688, 689, 690, 691, 692, 693, 694, 695, 696, 697, 698, 699, 700, 701, 702, 703, 704, 705, 706, 707, 708, 709, 710, 711, 712, 713, 714, 715, 716, 717, 718, 719, 720, 721, 722, 723, 724, 725, 726, 727, 728, 729, 730, 731, 732, 733, 734, 735, 736, 737, 738, 739, 740, 741, 742, 743, 744, 745, 746, 747, 748, 749, 750, 751, 752, 753, 754, 755, 756, 757, 758, 759, 760, 761, 762, 763, 764, 765, 766, 767, 768, 769, 770, 771, 772, 773, 774, 775, 776, 777, 778, 779, 780, 781, 782, 783, 784, 785, 786, 787, 788, 789, 790, 791, 792, 793, 809, 820, 821, 822, 829, 833, 838, 839, 877, 901, 903, 905, 910, 923]",False,[],"[103, 104, 105, 106, 107, 108, 109, 110, 111, 112, 113, 114, 115, 116, 117, 118, 119, 120, 121, 122, 123, 124, 125, 126, 127, 128, 129, 130, 131, 132, 133, 134, 135, 136, 137, 138, 139, 140, 141, 142, 143, 144, 145, 146, 147, 148, 149, 150, 151, 152, 153, 154, 155, 156, 157, 158, 159, 160, 161, 162, 163, 164, 165, 166, 167, 168, 169, 170, 171, 172, 173, 174, 175, 176, 177, 178, 179, 180, 181, 182, 183, 184, 185, 186, 187, 188, 189, 190, 191, 192, 193, 194, 195, 196, 197, 198, 199, 200, 201, 202, 203, 204, 205, 206, 207, 208, 209, 210, 211, 212, 213, 214, 215, 216, 217, 218, 219, 220, 221, 222, 223, 224, 225, 226, 227, 228, 229, 230, 231, 232, 233, 234, 235, 236, 237, 238, 239, 240, 241, 242, 243, 244, 245, 246, 247, 248, 249, 250, 251, 252, 253, 254, 255, 256, 257, 258, 259, 260, 261, 262, 263, 264, 265, 266, 267, 268, 269, 270, 271, 272, 273, 274, 275, 276, 277, 278, 279, 280, 281, 282, 283, 284, 285, 286, 287, 288, 289, 290, 291, 292, 293, 294, 295, 296, 297, 298, 299, 300, 301, 302, 303, 304, 305, 306, 307, 308, 309, 310, 311, 312, 313, 314, 315, 316, 317, 318, 319, 320, 321, 322, 323, 324, 325, 326, 327, 328, 329, 330, 331, 332, 333, 334, 335, 336, 337, 574, 575, 576, 577, 578, 579, 580, 581, 582, 583, 584, 585, 586, 587, 588, 589, 590, 591, 592, 593, 594, 595, 596, 597, 598, 599, 600, 601, 602, 603, 604, 605, 606, 607, 608, 609, 610, 611, 612, 613, 614, 615, 616, 617, 618, 619, 620, 621, 622, 623, 624, 625, 626, 627, 628, 629, 630, 631, 632, 633, 634, 635, 636, 637, 638, 639, 640, 641, 642, 643, 644, 645, 646, 647, 648, 649, 650, 651, 652, 653, 654, 655, 656, 657, 658, 659, 660, 661, 662, 663, 664, 665, 666, 667, 668, 669, 670, 671, 672, 673, 674, 675, 676, 677, 678, 679, 680, 681, 682, 683, 684, 685, 686, 687, 688, 689, 690, 691, 692, 693, 694, 695, 696, 697, 698, 699, 700, 701, 702, 703, 704, 705, 706, 707, 708, 709, 710, 711, 712, 713, 714, 715, 716, 717, 718, 719, 720, 721, 722, 723, 724, 725, 726, 727, 728, 729, 730, 731, 732, 733, 734, 735, 736, 737, 738, 739, 740, 741, 742, 743, 744, 745, 746, 747, 748, 749, 750, 751, 752, 753, 754, 755, 756, 757, 758, 759, 760, 761, 762, 763, 764, 765, 766, 767, 768, 769, 770, 771, 772, 773, 774, 775, 776, 777, 778, 779, 780, 781, 782, 783, 784, 785, 786, 787, 788, 789, 790, 791, 792, 793]","[49, 87, 107, 198, 255, 293, 294, 297, 300, 316, 331, 528, 558, 578, 669, 708, 752, 753, 756, 759, 774, 788]",[],"[103, 104, 106, 117, 118, 120, 127, 128, 129, 131, 133, 135, 136, 137, 139, 146, 147, 148, 149, 151, 158, 160, 162, 166, 173, 178, 179, 185, 190, 192, 198, 201, 203, 204, 206, 207, 212, 213, 214, 219, 223, 224, 225, 227, 230, 235, 237, 246, 247, 256, 259, 262, 263, 266, 268, 269, 271, 272, 278, 279, 284, 285, 288, 290, 292, 304, 311, 312, 316, 319, 320, 323, 324, 332, 574, 575, 588, 591, 607, 608, 610, 618, 619, 620, 622, 632, 644, 649, 650, 656, 661, 663, 669, 674, 677, 683, 684, 687, 688, 689, 701, 710, 723, 730, 731, 738, 747, 751, 762, 769, 774, 778, 789]","[1, 13, 14, 29, 54, 55, 56, 57, 58, 60, 63, 64, 102, 118, 125, 127, 130, 134, 146, 149, 153, 175, 182, 187, 189, 191, 197, 225, 230, 238, 240, 241, 242, 243, 264, 265, 266, 286, 302, 317, 336, 354, 370, 371, 372, 379, 383, 388, 389, 425, 454, 458, 463, 475, 487, 498, 499, 512, 530, 531, 532, 533, 534, 536, 537, 538, 573, 589, 596, 598, 601, 605, 617, 620, 624, 646, 653, 658, 660, 662, 668, 689, 694, 702, 704, 705, 706, 707, 724, 725, 745, 760, 775, 793, 809, 820, 821, 822, 829, 833, 838, 839, 877, 901, 903, 905, 910, 923]","[1, 13, 14, 29, 54, 55, 56, 57, 58, 60, 102, 118, 125, 127, 130, 134, 146, 149, 153, 175, 182, 187, 189, 191, 197, 225, 230, 238, 264, 265, 266, 286, 302, 317, 336, 379, 388, 389, 425, 454, 458, 463, 475, 487, 498, 499, 512, 530, 531, 532, 533, 534, 536, 573, 589, 596, 598, 601, 605, 617, 620, 624, 646, 653, 658, 660, 662, 668, 689, 694, 702, 724, 725, 745, 760, 775, 793, 829, 838, 839, 877, 901, 903, 905, 910, 923]",5/6 successful match,False,,False,327,False,,1.0,True,Petro Santa Nella # 346 ( Shell ),Shell
F San Luis ( 93635 ) Petro Santa Nella # 346 ( Shell ) PETRO,209-827-8020 CA 152 & CA 33 Jct ( W of I-5 Exit 403 B ),) 24 <U+2610> XL,San Luis,93635,Petro Santa Nella # 346 ( Shell ) PETRO,209-827-8020,2016,Los Banos,CA,Shell,( W of I-5 Exit 403 B ),CA 152 & CA 33 Jct,empty,,False,,False,CA 152,CA 33,,,,[],[],"[49, 87, 107, 198, 255, 293, 294, 297, 300, 316, 331, 528, 558, 578, 669, 708, 752, 753, 756, 759, 774, 788]",[],"[103, 104, 105, 106, 107, 108, 109, 110, 111, 112, 113, 114, 115, 116, 117, 118, 119, 120, 121, 122, 123, 124, 125, 126, 127, 128, 129, 130, 131, 132, 133, 134, 135, 136, 137, 138, 139, 140, 141, 142, 143, 144, 145, 146, 147, 148, 149, 150, 151, 152, 153, 154, 155, 156, 157, 158, 159, 160, 161, 162, 163, 164, 165, 166, 167, 168, 169, 170, 171, 172, 173, 174, 175, 176, 177, 178, 179, 180, 181, 182, 183, 184, 185, 186, 187, 188, 189, 190, 191, 192, 193, 194, 195, 196, 197, 198, 199, 200, 201, 202, 203, 204, 205, 206, 207, 208, 209, 210, 211, 212, 213, 214, 215, 216, 217, 218, 219, 220, 221, 222, 223, 224, 225, 226, 227, 228, 229, 230, 231, 232, 233, 234, 235, 236, 237, 238, 239, 240, 241, 242, 243, 244, 245, 246, 247, 248, 249, 250, 251, 252, 253, 254, 255, 256, 257, 258, 259, 260, 261, 262, 263, 264, 265, 266, 267, 268, 269, 270, 271, 272, 273, 274, 275, 276, 277, 278, 279, 280, 281, 282, 283, 284, 285, 286, 287, 288, 289, 290, 291, 292, 293, 294, 295, 296, 297, 298, 299, 300, 301, 302, 303, 304, 305, 306, 307, 308, 309, 310, 311, 312, 313, 314, 315, 316, 317, 318, 319, 320, 321, 322, 323, 324, 325, 326, 327, 328, 329, 330, 331, 332, 333, 334, 335, 336, 337, 574, 575, 576, 577, 578, 579, 580, 581, 582, 583, 584, 585, 586, 587, 588, 589, 590, 591, 592, 593, 594, 595, 596, 597, 598, 599, 600, 601, 602, 603, 604, 605, 606, 607, 608, 609, 610, 611, 612, 613, 614, 615, 616, 617, 618, 619, 620, 621, 622, 623, 624, 625, 626, 627, 628, 629, 630, 631, 632, 633, 634, 635, 636, 637, 638, 639, 640, 641, 642, 643, 644, 645, 646, 647, 648, 649, 650, 651, 652, 653, 654, 655, 656, 657, 658, 659, 660, 661, 662, 663, 664, 665, 666, 667, 668, 669, 670, 671, 672, 673, 674, 675, 676, 677, 678, 679, 680, 681, 682, 683, 684, 685, 686, 687, 688, 689, 690, 691, 692, 693, 694, 695, 696, 697, 698, 699, 700, 701, 702, 703, 704, 705, 706, 707, 708, 709, 710, 711, 712, 713, 714, 715, 716, 717, 718, 719, 720, 721, 722, 723, 724, 725, 726, 727, 728, 729, 730, 731, 732, 733, 734, 735, 736, 737, 738, 739, 740, 741, 742, 743, 744, 745, 746, 747, 748, 749, 750, 751, 752, 753, 754, 755, 756, 757, 758, 759, 760, 761, 762, 763, 764, 765, 766, 767, 768, 769, 770, 771, 772, 773, 774, 775, 776, 777, 778, 779, 780, 781, 782, 783, 784, 785, 786, 787, 788, 789, 790, 791, 792, 793]","[103, 104, 106, 117, 118, 120, 127, 128, 129, 131, 133, 135, 136, 137, 139, 146, 147, 148, 149, 151, 158, 160, 162, 166, 173, 178, 179, 185, 190, 192, 198, 201, 203, 204, 206, 207, 212, 213, 214, 219, 223, 224, 225, 227, 230, 235, 237, 246, 247, 256, 259, 262, 263, 266, 268, 269, 271, 272, 278, 279, 284, 285, 288, 290, 292, 304, 311, 312, 316, 319, 320, 323, 324, 332, 574, 575, 588, 591, 607, 608, 610, 618, 619, 620, 622, 632, 644, 649, 650, 656, 661, 663, 669, 674, 677, 683, 684, 687, 688, 689, 701, 710, 723, 730, 731, 738, 747, 751, 762, 769, 774, 778, 789]","[1, 13, 14, 29, 54, 55, 56, 57, 58, 60, 102, 118, 125, 127, 130, 134, 146, 149, 153, 175, 182, 187, 189, 191, 197, 225, 230, 238, 264, 265, 266, 286, 302, 317, 336, 379, 388, 389, 425, 454, 458, 463, 475, 487, 498, 499, 512, 530, 531, 532, 533, 534, 536, 573, 589, 596, 598, 601, 605, 617, 620, 624, 646, 653, 658, 660, 662, 668, 689, 694, 702, 724, 725, 745, 760, 775, 793, 829, 838, 839, 877, 901, 903, 905, 910, 923]","[1, 13, 14, 29, 54, 55, 56, 57, 58, 60, 63, 64, 102, 118, 125, 127, 130, 134, 146, 149, 153, 175, 182, 187, 189, 191, 197, 225, 230, 238, 240, 241, 242, 243, 264, 265, 266, 286, 302, 317, 336, 354, 370, 371, 372, 379, 383, 388, 389, 425, 454, 458, 463, 475, 487, 498, 499, 512, 530, 531, 532, 533, 534, 536, 537, 538, 573, 589, 596, 598, 601, 605, 617, 620, 624, 646, 653, 658, 660, 662, 668, 689, 694, 702, 704, 705, 706, 707, 724, 725, 745, 760, 775, 793, 809, 820, 821, 822, 829, 833, 838, 839, 877, 901, 903, 905, 910, 923]","[1, 13, 14, 29, 49, 54, 55, 56, 57, 58, 60, 63, 64, 87, 102, 103, 104, 105, 106, 107, 108, 109, 110, 111, 112, 113, 114, 115, 116, 117, 118, 119, 120, 121, 122, 123, 124, 125, 126, 127, 128, 129, 130, 131, 132, 133, 134, 135, 136, 137, 138, 139, 140, 141, 142, 143, 144, 145, 146, 147, 148, 149, 150, 151, 152, 153, 154, 155, 156, 157, 158, 159, 160, 161, 162, 163, 164, 165, 166, 167, 168, 169, 170, 171, 172, 173, 174, 175, 176, 177, 178, 179, 180, 181, 182, 183, 184, 185, 186, 187, 188, 189, 190, 191, 192, 193, 194, 195, 196, 197, 198, 199, 200, 201, 202, 203, 204, 205, 206, 207, 208, 209, 210, 211, 212, 213, 214, 215, 216, 217, 218, 219, 220, 221, 222, 223, 224, 225, 226, 227, 228, 229, 230, 231, 232, 233, 234, 235, 236, 237, 238, 239, 240, 241, 242, 243, 244, 245, 246, 247, 248, 249, 250, 251, 252, 253, 254, 255, 256, 257, 258, 259, 260, 261, 262, 263, 264, 265, 266, 267, 268, 269, 270, 271, 272, 273, 274, 275, 276, 277, 278, 279, 280, 281, 282, 283, 284, 285, 286, 287, 288, 289, 290, 291, 292, 293, 294, 295, 296, 297, 298, 299, 300, 301, 302, 303, 304, 305, 306, 307, 308, 309, 310, 311, 312, 313, 314, 315, 316, 317, 318, 319, 320, 321, 322, 323, 324, 325, 326, 327, 328, 329, 330, 331, 332, 333, 334, 335, 336, 337, 354, 370, 371, 372, 379, 383, 388, 389, 425, 454, 458, 463, 475, 487, 498, 499, 512, 528, 530, 531, 532, 533, 534, 536, 537, 538, 558, 573, 574, 575, 576, 577, 578, 579, 580, 581, 582, 583, 584, 585, 586, 587, 588, 589, 590, 591, 592, 593, 594, 595, 596, 597, 598, 599, 600, 601, 602, 603, 604, 605, 606, 607, 608, 609, 610, 611, 612, 613, 614, 615, 616, 617, 618, 619, 620, 621, 622, 623, 624, 625, 626, 627, 628, 629, 630, 631, 632, 633, 634, 635, 636, 637, 638, 639, 640, 641, 642, 643, 644, 645, 646, 647, 648, 649, 650, 651, 652, 653, 654, 655, 656, 657, 658, 659, 660, 661, 662, 663, 664, 665, 666, 667, 668, 669, 670, 671, 672, 673, 674, 675, 676, 677, 678, 679, 680, 681, 682, 683, 684, 685, 686, 687, 688, 689, 690, 691, 692, 693, 694, 695, 696, 697, 698, 699, 700, 701, 702, 703, 704, 705, 706, 707, 708, 709, 710, 711, 712, 713, 714, 715, 716, 717, 718, 719, 720, 721, 722, 723, 724, 725, 726, 727, 728, 729, 730, 731, 732, 733, 734, 735, 736, 737, 738, 739, 740, 741, 742, 743, 744, 745, 746, 747, 748, 749, 750, 751, 752, 753, 754, 755, 756, 757, 758, 759, 760, 761, 762, 763, 764, 765, 766, 767, 768, 769, 770, 771, 772, 773, 774, 775, 776, 777, 778, 779, 780, 781, 782, 783, 784, 785, 786, 787, 788, 789, 790, 791, 792, 793, 809, 820, 821, 822, 829, 833, 838, 839, 877, 901, 903, 905, 910, 923]",False,[],"[103, 104, 105, 106, 107, 108, 109, 110, 111, 112, 113, 114, 115, 116, 117, 118, 119, 120, 121, 122, 123, 124, 125, 126, 127, 128, 129, 130, 131, 132, 133, 134, 135, 136, 137, 138, 139, 140, 141, 142, 143, 144, 145, 146, 147, 148, 149, 150, 151, 152, 153, 154, 155, 156, 157, 158, 159, 160, 161, 162, 163, 164, 165, 166, 167, 168, 169, 170, 171, 172, 173, 174, 175, 176, 177, 178, 179, 180, 181, 182, 183, 184, 185, 186, 187, 188, 189, 190, 191, 192, 193, 194, 195, 196, 197, 198, 199, 200, 201, 202, 203, 204, 205, 206, 207, 208, 209, 210, 211, 212, 213, 214, 215, 216, 217, 218, 219, 220, 221, 222, 223, 224, 225, 226, 227, 228, 229, 230, 231, 232, 233, 234, 235, 236, 237, 238, 239, 240, 241, 242, 243, 244, 245, 246, 247, 248, 249, 250, 251, 252, 253, 254, 255, 256, 257, 258, 259, 260, 261, 262, 263, 264, 265, 266, 267, 268, 269, 270, 271, 272, 273, 274, 275, 276, 277, 278, 279, 280, 281, 282, 283, 284, 285, 286, 287, 288, 289, 290, 291, 292, 293, 294, 295, 296, 297, 298, 299, 300, 301, 302, 303, 304, 305, 306, 307, 308, 309, 310, 311, 312, 313, 314, 315, 316, 317, 318, 319, 320, 321, 322, 323, 324, 325, 326, 327, 328, 329, 330, 331, 332, 333, 334, 335, 336, 337, 574, 575, 576, 577, 578, 579, 580, 581, 582, 583, 584, 585, 586, 587, 588, 589, 590, 591, 592, 593, 594, 595, 596, 597, 598, 599, 600, 601, 602, 603, 604, 605, 606, 607, 608, 609, 610, 611, 612, 613, 614, 615, 616, 617, 618, 619, 620, 621, 622, 623, 624, 625, 626, 627, 628, 629, 630, 631, 632, 633, 634, 635, 636, 637, 638, 639, 640, 641, 642, 643, 644, 645, 646, 647, 648, 649, 650, 651, 652, 653, 654, 655, 656, 657, 658, 659, 660, 661, 662, 663, 664, 665, 666, 667, 668, 669, 670, 671, 672, 673, 674, 675, 676, 677, 678, 679, 680, 681, 682, 683, 684, 685, 686, 687, 688, 689, 690, 691, 692, 693, 694, 695, 696, 697, 698, 699, 700, 701, 702, 703, 704, 705, 706, 707, 708, 709, 710, 711, 712, 713, 714, 715, 716, 717, 718, 719, 720, 721, 722, 723, 724, 725, 726, 727, 728, 729, 730, 731, 732, 733, 734, 735, 736, 737, 738, 739, 740, 741, 742, 743, 744, 745, 746, 747, 748, 749, 750, 751, 752, 753, 754, 755, 756, 757, 758, 759, 760, 761, 762, 763, 764, 765, 766, 767, 768, 769, 770, 771, 772, 773, 774, 775, 776, 777, 778, 779, 780, 781, 782, 783, 784, 785, 786, 787, 788, 789, 790, 791, 792, 793]","[49, 87, 107, 198, 255, 293, 294, 297, 300, 316, 331, 528, 558, 578, 669, 708, 752, 753, 756, 759, 774, 788]",[],"[103, 104, 106, 117, 118, 120, 127, 128, 129, 131, 133, 135, 136, 137, 139, 146, 147, 148, 149, 151, 158, 160, 162, 166, 173, 178, 179, 185, 190, 192, 198, 201, 203, 204, 206, 207, 212, 213, 214, 219, 223, 224, 225, 227, 230, 235, 237, 246, 247, 256, 259, 262, 263, 266, 268, 269, 271, 272, 278, 279, 284, 285, 288, 290, 292, 304, 311, 312, 316, 319, 320, 323, 324, 332, 574, 575, 588, 591, 607, 608, 610, 618, 619, 620, 622, 632, 644, 649, 650, 656, 661, 663, 669, 674, 677, 683, 684, 687, 688, 689, 701, 710, 723, 730, 731, 738, 747, 751, 762, 769, 774, 778, 789]","[1, 13, 14, 29, 54, 55, 56, 57, 58, 60, 63, 64, 102, 118, 125, 127, 130, 134, 146, 149, 153, 175, 182, 187, 189, 191, 197, 225, 230, 238, 240, 241, 242, 243, 264, 265, 266, 286, 302, 317, 336, 354, 370, 371, 372, 379, 383, 388, 389, 425, 454, 458, 463, 475, 487, 498, 499, 512, 530, 531, 532, 533, 534, 536, 537, 538, 573, 589, 596, 598, 601, 605, 617, 620, 624, 646, 653, 658, 660, 662, 668, 689, 694, 702, 704, 705, 706, 707, 724, 725, 745, 760, 775, 793, 809, 820, 821, 822, 829, 833, 838, 839, 877, 901, 903, 905, 910, 923]","[1, 13, 14, 29, 54, 55, 56, 57, 58, 60, 102, 118, 125, 127, 130, 134, 146, 149, 153, 175, 182, 187, 189, 191, 197, 225, 230, 238, 264, 265, 266, 286, 302, 317, 336, 379, 388, 389, 425, 454, 458, 463, 475, 487, 498, 499, 512, 530, 531, 532, 533, 534, 536, 573, 589, 596, 598, 601, 605, 617, 620, 624, 646, 653, 658, 660, 662, 668, 689, 694, 702, 724, 725, 745, 760, 775, 793, 829, 838, 839, 877, 901, 903, 905, 910, 923]",5/6 successful match,False,,False,327,False,,1.0,True,Petro Santa Nella # 346 ( Shell ) PETRO,Shell
"F Madera , 93637 Pilot Travel Center # 365",559-673-3878 CA 99 Exit 159 ( Ave 18-1 / 2 ),N,Madera,93637,Pilot Travel Center # 365,559-673-3878,2006,Madera,CA,Pilot,( Ave 18-1 / 2 ),CA 99 Exit 159 ,Exit,159,False,,False,CA 99,,,,,"[256, 718]","[151, 212, 256, 266, 622, 682, 718]","[151, 212, 256, 266, 622, 682, 718]","[256, 718]","[103, 104, 105, 106, 107, 108, 109, 110, 111, 112, 113, 114, 115, 116, 117, 118, 119, 120, 121, 122, 123, 124, 125, 126, 127, 128, 129, 130, 131, 132, 133, 134, 135, 136, 137, 138, 139, 140, 141, 142, 143, 144, 145, 146, 147, 148, 149, 150, 151, 152, 153, 154, 155, 156, 157, 158, 159, 160, 161, 162, 163, 164, 165, 166, 167, 168, 169, 170, 171, 172, 173, 174, 175, 176, 177, 178, 179, 180, 181, 182, 183, 184, 185, 186, 187, 188, 189, 190, 191, 192, 193, 194, 195, 196, 197, 198, 199, 200, 201, 202, 203, 204, 205, 206, 207, 208, 209, 210, 211, 212, 213, 214, 215, 216, 217, 218, 219, 220, 221, 222, 223, 224, 225, 226, 227, 228, 229, 230, 231, 232, 233, 234, 235, 236, 237, 238, 239, 240, 241, 242, 243, 244, 245, 246, 247, 248, 249, 250, 251, 252, 253, 254, 255, 256, 257, 258, 259, 260, 261, 262, 263, 264, 265, 266, 267, 268, 269, 270, 271, 272, 273, 274, 275, 276, 277, 278, 279, 280, 281, 282, 283, 284, 285, 286, 287, 288, 289, 290, 291, 292, 293, 294, 295, 296, 297, 298, 299, 300, 301, 302, 303, 304, 305, 306, 307, 308, 309, 310, 311, 312, 313, 314, 315, 316, 317, 318, 319, 320, 321, 322, 323, 324, 325, 326, 327, 328, 329, 330, 331, 332, 333, 334, 335, 336, 337, 574, 575, 576, 577, 578, 579, 580, 581, 582, 583, 584, 585, 586, 587, 588, 589, 590, 591, 592, 593, 594, 595, 596, 597, 598, 599, 600, 601, 602, 603, 604, 605, 606, 607, 608, 609, 610, 611, 612, 613, 614, 615, 616, 617, 618, 619, 620, 621, 622, 623, 624, 625, 626, 627, 628, 629, 630, 631, 632, 633, 634, 635, 636, 637, 638, 639, 640, 641, 642, 643, 644, 645, 646, 647, 648, 649, 650, 651, 652, 653, 654, 655, 656, 657, 658, 659, 660, 661, 662, 663, 664, 665, 666, 667, 668, 669, 670, 671, 672, 673, 674, 675, 676, 677, 678, 679, 680, 681, 682, 683, 684, 685, 686, 687, 688, 689, 690, 691, 692, 693, 694, 695, 696, 697, 698, 699, 700, 701, 702, 703, 704, 705, 706, 707, 708, 709, 710, 711, 712, 713, 714, 715, 716, 717, 718, 719, 720, 721, 722, 723, 724, 725, 726, 727, 728, 729, 730, 731, 732, 733, 734, 735, 736, 737, 738, 739, 740, 741, 742, 743, 744, 745, 746, 747, 748, 749, 750, 751, 752, 753, 754, 755, 756, 757, 758, 759, 760, 761, 762, 763, 764, 765, 766, 767, 768, 769, 770, 771, 772, 773, 774, 775, 776, 777, 778, 779, 780, 781, 782, 783, 784, 785, 786, 787, 788, 789, 790, 791, 792, 793]","[10, 75, 103, 104, 106, 117, 118, 120, 127, 128, 129, 131, 133, 135, 136, 137, 139, 146, 147, 148, 149, 151, 158, 160, 162, 166, 173, 178, 179, 185, 190, 192, 198, 201, 203, 204, 206, 207, 212, 213, 214, 219, 223, 224, 225, 227, 230, 235, 237, 246, 247, 256, 259, 262, 263, 266, 268, 269, 271, 272, 278, 279, 284, 285, 288, 290, 292, 304, 306, 312, 316, 319, 320, 323, 324, 329, 332, 335, 495, 549, 574, 575, 577, 588, 589, 591, 598, 599, 600, 602, 604, 606, 607, 608, 610, 617, 618, 619, 620, 622, 625, 630, 632, 634, 638, 644, 649, 650, 656, 661, 663, 669, 673, 674, 676, 677, 682, 683, 684, 687, 688, 689, 691, 694, 699, 701, 710, 718, 722, 723, 727, 728, 730, 731, 737, 738, 743, 744, 747, 749, 751, 762, 764, 770, 774, 777, 778, 781, 782, 789, 791]","[15, 16, 65, 66, 67, 68, 69, 70, 71, 72, 73, 74, 75, 76, 80, 151, 245, 246, 247, 248, 249, 250, 251, 252, 253, 254, 255, 256, 257, 258, 259, 280, 340, 373, 374, 375, 376, 377, 459, 460, 461, 462, 500, 501, 539, 540, 541, 542, 543, 544, 545, 546, 547, 548, 549, 550, 552, 622, 708, 709, 710, 711, 712, 713, 714, 715, 716, 717, 718, 719, 720, 739, 796, 823, 824, 825, 826, 827, 906, 907, 908, 909]","[15, 16, 65, 66, 67, 68, 69, 70, 71, 72, 73, 74, 75, 76, 77, 78, 80, 151, 244, 245, 246, 247, 248, 249, 250, 251, 252, 253, 254, 255, 256, 257, 258, 259, 260, 280, 340, 357, 373, 374, 375, 376, 377, 459, 460, 461, 462, 500, 501, 539, 540, 541, 542, 543, 544, 545, 546, 547, 548, 549, 550, 552, 622, 708, 709, 710, 711, 712, 713, 714, 715, 716, 717, 718, 719, 720, 739, 796, 812, 823, 824, 825, 826, 827, 906, 907, 908, 909]","[10, 15, 16, 65, 66, 67, 68, 69, 70, 71, 72, 73, 74, 75, 76, 77, 78, 80, 103, 104, 105, 106, 107, 108, 109, 110, 111, 112, 113, 114, 115, 116, 117, 118, 119, 120, 121, 122, 123, 124, 125, 126, 127, 128, 129, 130, 131, 132, 133, 134, 135, 136, 137, 138, 139, 140, 141, 142, 143, 144, 145, 146, 147, 148, 149, 150, 151, 152, 153, 154, 155, 156, 157, 158, 159, 160, 161, 162, 163, 164, 165, 166, 167, 168, 169, 170, 171, 172, 173, 174, 175, 176, 177, 178, 179, 180, 181, 182, 183, 184, 185, 186, 187, 188, 189, 190, 191, 192, 193, 194, 195, 196, 197, 198, 199, 200, 201, 202, 203, 204, 205, 206, 207, 208, 209, 210, 211, 212, 213, 214, 215, 216, 217, 218, 219, 220, 221, 222, 223, 224, 225, 226, 227, 228, 229, 230, 231, 232, 233, 234, 235, 236, 237, 238, 239, 240, 241, 242, 243, 244, 245, 246, 247, 248, 249, 250, 251, 252, 253, 254, 255, 256, 257, 258, 259, 260, 261, 262, 263, 264, 265, 266, 267, 268, 269, 270, 271, 272, 273, 274, 275, 276, 277, 278, 279, 280, 281, 282, 283, 284, 285, 286, 287, 288, 289, 290, 291, 292, 293, 294, 295, 296, 297, 298, 299, 300, 301, 302, 303, 304, 305, 306, 307, 308, 309, 310, 311, 312, 313, 314, 315, 316, 317, 318, 319, 320, 321, 322, 323, 324, 325, 326, 327, 328, 329, 330, 331, 332, 333, 334, 335, 336, 337, 340, 357, 373, 374, 375, 376, 377, 459, 460, 461, 462, 495, 500, 501, 539, 540, 541, 542, 543, 544, 545, 546, 547, 548, 549, 550, 552, 574, 575, 576, 577, 578, 579, 580, 581, 582, 583, 584, 585, 586, 587, 588, 589, 590, 591, 592, 593, 594, 595, 596, 597, 598, 599, 600, 601, 602, 603, 604, 605, 606, 607, 608, 609, 610, 611, 612, 613, 614, 615, 616, 617, 618, 619, 620, 621, 622, 623, 624, 625, 626, 627, 628, 629, 630, 631, 632, 633, 634, 635, 636, 637, 638, 639, 640, 641, 642, 643, 644, 645, 646, 647, 648, 649, 650, 651, 652, 653, 654, 655, 656, 657, 658, 659, 660, 661, 662, 663, 664, 665, 666, 667, 668, 669, 670, 671, 672, 673, 674, 675, 676, 677, 678, 679, 680, 681, 682, 683, 684, 685, 686, 687, 688, 689, 690, 691, 692, 693, 694, 695, 696, 697, 698, 699, 700, 701, 702, 703, 704, 705, 706, 707, 708, 709, 710, 711, 712, 713, 714, 715, 716, 717, 718, 719, 720, 721, 722, 723, 724, 725, 726, 727, 728, 729, 730, 731, 732, 733, 734, 735, 736, 737, 738, 739, 740, 741, 742, 743, 744, 745, 746, 747, 748, 749, 750, 751, 752, 753, 754, 755, 756, 757, 758, 759, 760, 761, 762, 763, 764, 765, 766, 767, 768, 769, 770, 771, 772, 773, 774, 775, 776, 777, 778, 779, 780, 781, 782, 783, 784, 785, 786, 787, 788, 789, 790, 791, 792, 793, 796, 812, 823, 824, 825, 826, 827, 906, 907, 908, 909]",True,"[151, 212, 256, 266, 622, 682, 718]","[103, 104, 105, 106, 107, 108, 109, 110, 111, 112, 113, 114, 115, 116, 117, 118, 119, 120, 121, 122, 123, 124, 125, 126, 127, 128, 129, 130, 131, 132, 133, 134, 135, 136, 137, 138, 139, 140, 141, 142, 143, 144, 145, 146, 147, 148, 149, 150, 151, 152, 153, 154, 155, 156, 157, 158, 159, 160, 161, 162, 163, 164, 165, 166, 167, 168, 169, 170, 171, 172, 173, 174, 175, 176, 177, 178, 179, 180, 181, 182, 183, 184, 185, 186, 187, 188, 189, 190, 191, 192, 193, 194, 195, 196, 197, 198, 199, 200, 201, 202, 203, 204, 205, 206, 207, 208, 209, 210, 211, 212, 213, 214, 215, 216, 217, 218, 219, 220, 221, 222, 223, 224, 225, 226, 227, 228, 229, 230, 231, 232, 233, 234, 235, 236, 237, 238, 239, 240, 241, 242, 243, 244, 245, 246, 247, 248, 249, 250, 251, 252, 253, 254, 255, 256, 257, 258, 259, 260, 261, 262, 263, 264, 265, 266, 267, 268, 269, 270, 271, 272, 273, 274, 275, 276, 277, 278, 279, 280, 281, 282, 283, 284, 285, 286, 287, 288, 289, 290, 291, 292, 293, 294, 295, 296, 297, 298, 299, 300, 301, 302, 303, 304, 305, 306, 307, 308, 309, 310, 311, 312, 313, 314, 315, 316, 317, 318, 319, 320, 321, 322, 323, 324, 325, 326, 327, 328, 329, 330, 331, 332, 333, 334, 335, 336, 337, 574, 575, 576, 577, 578, 579, 580, 581, 582, 583, 584, 585, 586, 587, 588, 589, 590, 591, 592, 593, 594, 595, 596, 597, 598, 599, 600, 601, 602, 603, 604, 605, 606, 607, 608, 609, 610, 611, 612, 613, 614, 615, 616, 617, 618, 619, 620, 621, 622, 623, 624, 625, 626, 627, 628, 629, 630, 631, 632, 633, 634, 635, 636, 637, 638, 639, 640, 641, 642, 643, 644, 645, 646, 647, 648, 649, 650, 651, 652, 653, 654, 655, 656, 657, 658, 659, 660, 661, 662, 663, 664, 665, 666, 667, 668, 669, 670, 671, 672, 673, 674, 675, 676, 677, 678, 679, 680, 681, 682, 683, 684, 685, 686, 687, 688, 689, 690, 691, 692, 693, 694, 695, 696, 697, 698, 699, 700, 701, 702, 703, 704, 705, 706, 707, 708, 709, 710, 711, 712, 713, 714, 715, 716, 717, 718, 719, 720, 721, 722, 723, 724, 725, 726, 727, 728, 729, 730, 731, 732, 733, 734, 735, 736, 737, 738, 739, 740, 741, 742, 743, 744, 745, 746, 747, 748, 749, 750, 751, 752, 753, 754, 755, 756, 757, 758, 759, 760, 761, 762, 763, 764, 765, 766, 767, 768, 769, 770, 771, 772, 773, 774, 775, 776, 777, 778, 779, 780, 781, 782, 783, 784, 785, 786, 787, 788, 789, 790, 791, 792, 793]","[151, 212, 256, 266, 622, 682, 718]","[256, 718]","[10, 75, 103, 104, 106, 117, 118, 120, 127, 128, 129, 131, 133, 135, 136, 137, 139, 146, 147, 148, 149, 151, 158, 160, 162, 166, 173, 178, 179, 185, 190, 192, 198, 201, 203, 204, 206, 207, 212, 213, 214, 219, 223, 224, 225, 227, 230, 235, 237, 246, 247, 256, 259, 262, 263, 266, 268, 269, 271, 272, 278, 279, 284, 285, 288, 290, 292, 304, 306, 312, 316, 319, 320, 323, 324, 329, 332, 335, 495, 549, 574, 575, 577, 588, 589, 591, 598, 599, 600, 602, 604, 606, 607, 608, 610, 617, 618, 619, 620, 622, 625, 630, 632, 634, 638, 644, 649, 650, 656, 661, 663, 669, 673, 674, 676, 677, 682, 683, 684, 687, 688, 689, 691, 694, 699, 701, 710, 718, 722, 723, 727, 728, 730, 731, 737, 738, 743, 744, 747, 749, 751, 762, 764, 770, 774, 777, 778, 781, 782, 789, 791]","[15, 16, 65, 66, 67, 68, 69, 70, 71, 72, 73, 74, 75, 76, 77, 78, 80, 151, 244, 245, 246, 247, 248, 249, 250, 251, 252, 253, 254, 255, 256, 257, 258, 259, 260, 280, 340, 357, 373, 374, 375, 376, 377, 459, 460, 461, 462, 500, 501, 539, 540, 541, 542, 543, 544, 545, 546, 547, 548, 549, 550, 552, 622, 708, 709, 710, 711, 712, 713, 714, 715, 716, 717, 718, 719, 720, 739, 796, 812, 823, 824, 825, 826, 827, 906, 907, 908, 909]","[15, 16, 65, 66, 67, 68, 69, 70, 71, 72, 73, 74, 75, 76, 80, 151, 245, 246, 247, 248, 249, 250, 251, 252, 253, 254, 255, 256, 257, 258, 259, 280, 340, 373, 374, 375, 376, 377, 459, 460, 461, 462, 500, 501, 539, 540, 541, 542, 543, 544, 545, 546, 547, 548, 549, 550, 552, 622, 708, 709, 710, 711, 712, 713, 714, 715, 716, 717, 718, 719, 720, 739, 796, 823, 824, 825, 826, 827, 906, 907, 908, 909]",7/6 successful match,True,[626],True,328,False,,,,,
"F Madera , 93637 Pilot Travel Center # 365",559-673-3878 CA 99 Exit 159 ( Ave 18-1 / 2 ),24,Madera,93637,Pilot Travel Center # 365,559-673-3878,2007,Madera,CA,Pilot,( Ave 18-1 / 2 ),CA 99 Exit 159 ,Exit,159,False,,False,CA 99,,,,,"[256, 718]","[151, 212, 256, 266, 622, 682, 718]","[151, 212, 256, 266, 622, 682, 718]","[256, 718]","[103, 104, 105, 106, 107, 108, 109, 110, 111, 112, 113, 114, 115, 116, 117, 118, 119, 120, 121, 122, 123, 124, 125, 126, 127, 128, 129, 130, 131, 132, 133, 134, 135, 136, 137, 138, 139, 140, 141, 142, 143, 144, 145, 146, 147, 148, 149, 150, 151, 152, 153, 154, 155, 156, 157, 158, 159, 160, 161, 162, 163, 164, 165, 166, 167, 168, 169, 170, 171, 172, 173, 174, 175, 176, 177, 178, 179, 180, 181, 182, 183, 184, 185, 186, 187, 188, 189, 190, 191, 192, 193, 194, 195, 196, 197, 198, 199, 200, 201, 202, 203, 204, 205, 206, 207, 208, 209, 210, 211, 212, 213, 214, 215, 216, 217, 218, 219, 220, 221, 222, 223, 224, 225, 226, 227, 228, 229, 230, 231, 232, 233, 234, 235, 236, 237, 238, 239, 240, 241, 242, 243, 244, 245, 246, 247, 248, 249, 250, 251, 252, 253, 254, 255, 256, 257, 258, 259, 260, 261, 262, 263, 264, 265, 266, 267, 268, 269, 270, 271, 272, 273, 274, 275, 276, 277, 278, 279, 280, 281, 282, 283, 284, 285, 286, 287, 288, 289, 290, 291, 292, 293, 294, 295, 296, 297, 298, 299, 300, 301, 302, 303, 304, 305, 306, 307, 308, 309, 310, 311, 312, 313, 314, 315, 316, 317, 318, 319, 320, 321, 322, 323, 324, 325, 326, 327, 328, 329, 330, 331, 332, 333, 334, 335, 336, 337, 574, 575, 576, 577, 578, 579, 580, 581, 582, 583, 584, 585, 586, 587, 588, 589, 590, 591, 592, 593, 594, 595, 596, 597, 598, 599, 600, 601, 602, 603, 604, 605, 606, 607, 608, 609, 610, 611, 612, 613, 614, 615, 616, 617, 618, 619, 620, 621, 622, 623, 624, 625, 626, 627, 628, 629, 630, 631, 632, 633, 634, 635, 636, 637, 638, 639, 640, 641, 642, 643, 644, 645, 646, 647, 648, 649, 650, 651, 652, 653, 654, 655, 656, 657, 658, 659, 660, 661, 662, 663, 664, 665, 666, 667, 668, 669, 670, 671, 672, 673, 674, 675, 676, 677, 678, 679, 680, 681, 682, 683, 684, 685, 686, 687, 688, 689, 690, 691, 692, 693, 694, 695, 696, 697, 698, 699, 700, 701, 702, 703, 704, 705, 706, 707, 708, 709, 710, 711, 712, 713, 714, 715, 716, 717, 718, 719, 720, 721, 722, 723, 724, 725, 726, 727, 728, 729, 730, 731, 732, 733, 734, 735, 736, 737, 738, 739, 740, 741, 742, 743, 744, 745, 746, 747, 748, 749, 750, 751, 752, 753, 754, 755, 756, 757, 758, 759, 760, 761, 762, 763, 764, 765, 766, 767, 768, 769, 770, 771, 772, 773, 774, 775, 776, 777, 778, 779, 780, 781, 782, 783, 784, 785, 786, 787, 788, 789, 790, 791, 792, 793]","[10, 75, 103, 104, 106, 117, 118, 120, 127, 128, 129, 131, 133, 135, 136, 137, 139, 146, 147, 148, 149, 151, 158, 160, 162, 166, 173, 178, 179, 185, 190, 192, 198, 201, 203, 204, 206, 207, 212, 213, 214, 219, 223, 224, 225, 227, 230, 235, 237, 246, 247, 256, 259, 262, 263, 266, 268, 269, 271, 272, 278, 279, 284, 285, 288, 290, 292, 304, 306, 312, 316, 319, 320, 323, 324, 329, 332, 335, 495, 549, 574, 575, 577, 588, 589, 591, 598, 599, 600, 602, 604, 606, 607, 608, 610, 617, 618, 619, 620, 622, 625, 630, 632, 634, 638, 644, 649, 650, 656, 661, 663, 669, 673, 674, 676, 677, 682, 683, 684, 687, 688, 689, 691, 694, 699, 701, 710, 718, 722, 723, 727, 728, 730, 731, 737, 738, 743, 744, 747, 749, 751, 762, 764, 770, 774, 777, 778, 781, 782, 789, 791]","[15, 16, 65, 66, 67, 68, 69, 70, 71, 72, 73, 74, 75, 76, 80, 151, 245, 246, 247, 248, 249, 250, 251, 252, 253, 254, 255, 256, 257, 258, 259, 280, 340, 373, 374, 375, 376, 377, 459, 460, 461, 462, 500, 501, 539, 540, 541, 542, 543, 544, 545, 546, 547, 548, 549, 550, 552, 622, 708, 709, 710, 711, 712, 713, 714, 715, 716, 717, 718, 719, 720, 739, 796, 823, 824, 825, 826, 827, 906, 907, 908, 909]","[15, 16, 65, 66, 67, 68, 69, 70, 71, 72, 73, 74, 75, 76, 77, 78, 80, 151, 244, 245, 246, 247, 248, 249, 250, 251, 252, 253, 254, 255, 256, 257, 258, 259, 260, 280, 340, 357, 373, 374, 375, 376, 377, 459, 460, 461, 462, 500, 501, 539, 540, 541, 542, 543, 544, 545, 546, 547, 548, 549, 550, 552, 622, 708, 709, 710, 711, 712, 713, 714, 715, 716, 717, 718, 719, 720, 739, 796, 812, 823, 824, 825, 826, 827, 906, 907, 908, 909]","[10, 15, 16, 65, 66, 67, 68, 69, 70, 71, 72, 73, 74, 75, 76, 77, 78, 80, 103, 104, 105, 106, 107, 108, 109, 110, 111, 112, 113, 114, 115, 116, 117, 118, 119, 120, 121, 122, 123, 124, 125, 126, 127, 128, 129, 130, 131, 132, 133, 134, 135, 136, 137, 138, 139, 140, 141, 142, 143, 144, 145, 146, 147, 148, 149, 150, 151, 152, 153, 154, 155, 156, 157, 158, 159, 160, 161, 162, 163, 164, 165, 166, 167, 168, 169, 170, 171, 172, 173, 174, 175, 176, 177, 178, 179, 180, 181, 182, 183, 184, 185, 186, 187, 188, 189, 190, 191, 192, 193, 194, 195, 196, 197, 198, 199, 200, 201, 202, 203, 204, 205, 206, 207, 208, 209, 210, 211, 212, 213, 214, 215, 216, 217, 218, 219, 220, 221, 222, 223, 224, 225, 226, 227, 228, 229, 230, 231, 232, 233, 234, 235, 236, 237, 238, 239, 240, 241, 242, 243, 244, 245, 246, 247, 248, 249, 250, 251, 252, 253, 254, 255, 256, 257, 258, 259, 260, 261, 262, 263, 264, 265, 266, 267, 268, 269, 270, 271, 272, 273, 274, 275, 276, 277, 278, 279, 280, 281, 282, 283, 284, 285, 286, 287, 288, 289, 290, 291, 292, 293, 294, 295, 296, 297, 298, 299, 300, 301, 302, 303, 304, 305, 306, 307, 308, 309, 310, 311, 312, 313, 314, 315, 316, 317, 318, 319, 320, 321, 322, 323, 324, 325, 326, 327, 328, 329, 330, 331, 332, 333, 334, 335, 336, 337, 340, 357, 373, 374, 375, 376, 377, 459, 460, 461, 462, 495, 500, 501, 539, 540, 541, 542, 543, 544, 545, 546, 547, 548, 549, 550, 552, 574, 575, 576, 577, 578, 579, 580, 581, 582, 583, 584, 585, 586, 587, 588, 589, 590, 591, 592, 593, 594, 595, 596, 597, 598, 599, 600, 601, 602, 603, 604, 605, 606, 607, 608, 609, 610, 611, 612, 613, 614, 615, 616, 617, 618, 619, 620, 621, 622, 623, 624, 625, 626, 627, 628, 629, 630, 631, 632, 633, 634, 635, 636, 637, 638, 639, 640, 641, 642, 643, 644, 645, 646, 647, 648, 649, 650, 651, 652, 653, 654, 655, 656, 657, 658, 659, 660, 661, 662, 663, 664, 665, 666, 667, 668, 669, 670, 671, 672, 673, 674, 675, 676, 677, 678, 679, 680, 681, 682, 683, 684, 685, 686, 687, 688, 689, 690, 691, 692, 693, 694, 695, 696, 697, 698, 699, 700, 701, 702, 703, 704, 705, 706, 707, 708, 709, 710, 711, 712, 713, 714, 715, 716, 717, 718, 719, 720, 721, 722, 723, 724, 725, 726, 727, 728, 729, 730, 731, 732, 733, 734, 735, 736, 737, 738, 739, 740, 741, 742, 743, 744, 745, 746, 747, 748, 749, 750, 751, 752, 753, 754, 755, 756, 757, 758, 759, 760, 761, 762, 763, 764, 765, 766, 767, 768, 769, 770, 771, 772, 773, 774, 775, 776, 777, 778, 779, 780, 781, 782, 783, 784, 785, 786, 787, 788, 789, 790, 791, 792, 793, 796, 812, 823, 824, 825, 826, 827, 906, 907, 908, 909]",True,"[151, 212, 256, 266, 622, 682, 718]","[103, 104, 105, 106, 107, 108, 109, 110, 111, 112, 113, 114, 115, 116, 117, 118, 119, 120, 121, 122, 123, 124, 125, 126, 127, 128, 129, 130, 131, 132, 133, 134, 135, 136, 137, 138, 139, 140, 141, 142, 143, 144, 145, 146, 147, 148, 149, 150, 151, 152, 153, 154, 155, 156, 157, 158, 159, 160, 161, 162, 163, 164, 165, 166, 167, 168, 169, 170, 171, 172, 173, 174, 175, 176, 177, 178, 179, 180, 181, 182, 183, 184, 185, 186, 187, 188, 189, 190, 191, 192, 193, 194, 195, 196, 197, 198, 199, 200, 201, 202, 203, 204, 205, 206, 207, 208, 209, 210, 211, 212, 213, 214, 215, 216, 217, 218, 219, 220, 221, 222, 223, 224, 225, 226, 227, 228, 229, 230, 231, 232, 233, 234, 235, 236, 237, 238, 239, 240, 241, 242, 243, 244, 245, 246, 247, 248, 249, 250, 251, 252, 253, 254, 255, 256, 257, 258, 259, 260, 261, 262, 263, 264, 265, 266, 267, 268, 269, 270, 271, 272, 273, 274, 275, 276, 277, 278, 279, 280, 281, 282, 283, 284, 285, 286, 287, 288, 289, 290, 291, 292, 293, 294, 295, 296, 297, 298, 299, 300, 301, 302, 303, 304, 305, 306, 307, 308, 309, 310, 311, 312, 313, 314, 315, 316, 317, 318, 319, 320, 321, 322, 323, 324, 325, 326, 327, 328, 329, 330, 331, 332, 333, 334, 335, 336, 337, 574, 575, 576, 577, 578, 579, 580, 581, 582, 583, 584, 585, 586, 587, 588, 589, 590, 591, 592, 593, 594, 595, 596, 597, 598, 599, 600, 601, 602, 603, 604, 605, 606, 607, 608, 609, 610, 611, 612, 613, 614, 615, 616, 617, 618, 619, 620, 621, 622, 623, 624, 625, 626, 627, 628, 629, 630, 631, 632, 633, 634, 635, 636, 637, 638, 639, 640, 641, 642, 643, 644, 645, 646, 647, 648, 649, 650, 651, 652, 653, 654, 655, 656, 657, 658, 659, 660, 661, 662, 663, 664, 665, 666, 667, 668, 669, 670, 671, 672, 673, 674, 675, 676, 677, 678, 679, 680, 681, 682, 683, 684, 685, 686, 687, 688, 689, 690, 691, 692, 693, 694, 695, 696, 697, 698, 699, 700, 701, 702, 703, 704, 705, 706, 707, 708, 709, 710, 711, 712, 713, 714, 715, 716, 717, 718, 719, 720, 721, 722, 723, 724, 725, 726, 727, 728, 729, 730, 731, 732, 733, 734, 735, 736, 737, 738, 739, 740, 741, 742, 743, 744, 745, 746, 747, 748, 749, 750, 751, 752, 753, 754, 755, 756, 757, 758, 759, 760, 761, 762, 763, 764, 765, 766, 767, 768, 769, 770, 771, 772, 773, 774, 775, 776, 777, 778, 779, 780, 781, 782, 783, 784, 785, 786, 787, 788, 789, 790, 791, 792, 793]","[151, 212, 256, 266, 622, 682, 718]","[256, 718]","[10, 75, 103, 104, 106, 117, 118, 120, 127, 128, 129, 131, 133, 135, 136, 137, 139, 146, 147, 148, 149, 151, 158, 160, 162, 166, 173, 178, 179, 185, 190, 192, 198, 201, 203, 204, 206, 207, 212, 213, 214, 219, 223, 224, 225, 227, 230, 235, 237, 246, 247, 256, 259, 262, 263, 266, 268, 269, 271, 272, 278, 279, 284, 285, 288, 290, 292, 304, 306, 312, 316, 319, 320, 323, 324, 329, 332, 335, 495, 549, 574, 575, 577, 588, 589, 591, 598, 599, 600, 602, 604, 606, 607, 608, 610, 617, 618, 619, 620, 622, 625, 630, 632, 634, 638, 644, 649, 650, 656, 661, 663, 669, 673, 674, 676, 677, 682, 683, 684, 687, 688, 689, 691, 694, 699, 701, 710, 718, 722, 723, 727, 728, 730, 731, 737, 738, 743, 744, 747, 749, 751, 762, 764, 770, 774, 777, 778, 781, 782, 789, 791]","[15, 16, 65, 66, 67, 68, 69, 70, 71, 72, 73, 74, 75, 76, 77, 78, 80, 151, 244, 245, 246, 247, 248, 249, 250, 251, 252, 253, 254, 255, 256, 257, 258, 259, 260, 280, 340, 357, 373, 374, 375, 376, 377, 459, 460, 461, 462, 500, 501, 539, 540, 541, 542, 543, 544, 545, 546, 547, 548, 549, 550, 552, 622, 708, 709, 710, 711, 712, 713, 714, 715, 716, 717, 718, 719, 720, 739, 796, 812, 823, 824, 825, 826, 827, 906, 907, 908, 909]","[15, 16, 65, 66, 67, 68, 69, 70, 71, 72, 73, 74, 75, 76, 80, 151, 245, 246, 247, 248, 249, 250, 251, 252, 253, 254, 255, 256, 257, 258, 259, 280, 340, 373, 374, 375, 376, 377, 459, 460, 461, 462, 500, 501, 539, 540, 541, 542, 543, 544, 545, 546, 547, 548, 549, 550, 552, 622, 708, 709, 710, 711, 712, 713, 714, 715, 716, 717, 718, 719, 720, 739, 796, 823, 824, 825, 826, 827, 906, 907, 908, 909]",7/6 successful match,True,[626],True,328,False,,1.0,True,Pilot Travel Center # 365,Pilot
"Madera , 93637 Pilot Travel Center # 365",3 559-673-3878 CA 99 Exit 159 ( Ave 18-1 / 2 ),NS 24 L 24,Madera,93637,Pilot Travel Center # 365,559-673-3878,2008,Madera,CA,Pilot,( Ave 18-1 / 2 ),CA 99 Exit 159 ,Exit,159,False,,False,CA 99,,,,,"[256, 718]","[151, 212, 256, 266, 622, 682, 718]","[151, 212, 256, 266, 622, 682, 718]","[256, 718]","[103, 104, 105, 106, 107, 108, 109, 110, 111, 112, 113, 114, 115, 116, 117, 118, 119, 120, 121, 122, 123, 124, 125, 126, 127, 128, 129, 130, 131, 132, 133, 134, 135, 136, 137, 138, 139, 140, 141, 142, 143, 144, 145, 146, 147, 148, 149, 150, 151, 152, 153, 154, 155, 156, 157, 158, 159, 160, 161, 162, 163, 164, 165, 166, 167, 168, 169, 170, 171, 172, 173, 174, 175, 176, 177, 178, 179, 180, 181, 182, 183, 184, 185, 186, 187, 188, 189, 190, 191, 192, 193, 194, 195, 196, 197, 198, 199, 200, 201, 202, 203, 204, 205, 206, 207, 208, 209, 210, 211, 212, 213, 214, 215, 216, 217, 218, 219, 220, 221, 222, 223, 224, 225, 226, 227, 228, 229, 230, 231, 232, 233, 234, 235, 236, 237, 238, 239, 240, 241, 242, 243, 244, 245, 246, 247, 248, 249, 250, 251, 252, 253, 254, 255, 256, 257, 258, 259, 260, 261, 262, 263, 264, 265, 266, 267, 268, 269, 270, 271, 272, 273, 274, 275, 276, 277, 278, 279, 280, 281, 282, 283, 284, 285, 286, 287, 288, 289, 290, 291, 292, 293, 294, 295, 296, 297, 298, 299, 300, 301, 302, 303, 304, 305, 306, 307, 308, 309, 310, 311, 312, 313, 314, 315, 316, 317, 318, 319, 320, 321, 322, 323, 324, 325, 326, 327, 328, 329, 330, 331, 332, 333, 334, 335, 336, 337, 574, 575, 576, 577, 578, 579, 580, 581, 582, 583, 584, 585, 586, 587, 588, 589, 590, 591, 592, 593, 594, 595, 596, 597, 598, 599, 600, 601, 602, 603, 604, 605, 606, 607, 608, 609, 610, 611, 612, 613, 614, 615, 616, 617, 618, 619, 620, 621, 622, 623, 624, 625, 626, 627, 628, 629, 630, 631, 632, 633, 634, 635, 636, 637, 638, 639, 640, 641, 642, 643, 644, 645, 646, 647, 648, 649, 650, 651, 652, 653, 654, 655, 656, 657, 658, 659, 660, 661, 662, 663, 664, 665, 666, 667, 668, 669, 670, 671, 672, 673, 674, 675, 676, 677, 678, 679, 680, 681, 682, 683, 684, 685, 686, 687, 688, 689, 690, 691, 692, 693, 694, 695, 696, 697, 698, 699, 700, 701, 702, 703, 704, 705, 706, 707, 708, 709, 710, 711, 712, 713, 714, 715, 716, 717, 718, 719, 720, 721, 722, 723, 724, 725, 726, 727, 728, 729, 730, 731, 732, 733, 734, 735, 736, 737, 738, 739, 740, 741, 742, 743, 744, 745, 746, 747, 748, 749, 750, 751, 752, 753, 754, 755, 756, 757, 758, 759, 760, 761, 762, 763, 764, 765, 766, 767, 768, 769, 770, 771, 772, 773, 774, 775, 776, 777, 778, 779, 780, 781, 782, 783, 784, 785, 786, 787, 788, 789, 790, 791, 792, 793]","[10, 75, 103, 104, 106, 117, 118, 120, 127, 128, 129, 131, 133, 135, 136, 137, 139, 146, 147, 148, 149, 151, 158, 160, 162, 166, 173, 178, 179, 185, 190, 192, 198, 201, 203, 204, 206, 207, 212, 213, 214, 219, 223, 224, 225, 227, 230, 235, 237, 246, 247, 256, 259, 262, 263, 266, 268, 269, 271, 272, 278, 279, 284, 285, 288, 290, 292, 304, 306, 312, 316, 319, 320, 323, 324, 329, 332, 335, 495, 549, 574, 575, 577, 588, 589, 591, 598, 599, 600, 602, 604, 606, 607, 608, 610, 617, 618, 619, 620, 622, 625, 630, 632, 634, 638, 644, 649, 650, 656, 661, 663, 669, 673, 674, 676, 677, 682, 683, 684, 687, 688, 689, 691, 694, 699, 701, 710, 718, 722, 723, 727, 728, 730, 731, 737, 738, 743, 744, 747, 749, 751, 762, 764, 770, 774, 777, 778, 781, 782, 789, 791]","[15, 16, 65, 66, 67, 68, 69, 70, 71, 72, 73, 74, 75, 76, 80, 151, 245, 246, 247, 248, 249, 250, 251, 252, 253, 254, 255, 256, 257, 258, 259, 280, 340, 373, 374, 375, 376, 377, 459, 460, 461, 462, 500, 501, 539, 540, 541, 542, 543, 544, 545, 546, 547, 548, 549, 550, 552, 622, 708, 709, 710, 711, 712, 713, 714, 715, 716, 717, 718, 719, 720, 739, 796, 823, 824, 825, 826, 827, 906, 907, 908, 909]","[15, 16, 65, 66, 67, 68, 69, 70, 71, 72, 73, 74, 75, 76, 77, 78, 80, 151, 244, 245, 246, 247, 248, 249, 250, 251, 252, 253, 254, 255, 256, 257, 258, 259, 260, 280, 340, 357, 373, 374, 375, 376, 377, 459, 460, 461, 462, 500, 501, 539, 540, 541, 542, 543, 544, 545, 546, 547, 548, 549, 550, 552, 622, 708, 709, 710, 711, 712, 713, 714, 715, 716, 717, 718, 719, 720, 739, 796, 812, 823, 824, 825, 826, 827, 906, 907, 908, 909]","[10, 15, 16, 65, 66, 67, 68, 69, 70, 71, 72, 73, 74, 75, 76, 77, 78, 80, 103, 104, 105, 106, 107, 108, 109, 110, 111, 112, 113, 114, 115, 116, 117, 118, 119, 120, 121, 122, 123, 124, 125, 126, 127, 128, 129, 130, 131, 132, 133, 134, 135, 136, 137, 138, 139, 140, 141, 142, 143, 144, 145, 146, 147, 148, 149, 150, 151, 152, 153, 154, 155, 156, 157, 158, 159, 160, 161, 162, 163, 164, 165, 166, 167, 168, 169, 170, 171, 172, 173, 174, 175, 176, 177, 178, 179, 180, 181, 182, 183, 184, 185, 186, 187, 188, 189, 190, 191, 192, 193, 194, 195, 196, 197, 198, 199, 200, 201, 202, 203, 204, 205, 206, 207, 208, 209, 210, 211, 212, 213, 214, 215, 216, 217, 218, 219, 220, 221, 222, 223, 224, 225, 226, 227, 228, 229, 230, 231, 232, 233, 234, 235, 236, 237, 238, 239, 240, 241, 242, 243, 244, 245, 246, 247, 248, 249, 250, 251, 252, 253, 254, 255, 256, 257, 258, 259, 260, 261, 262, 263, 264, 265, 266, 267, 268, 269, 270, 271, 272, 273, 274, 275, 276, 277, 278, 279, 280, 281, 282, 283, 284, 285, 286, 287, 288, 289, 290, 291, 292, 293, 294, 295, 296, 297, 298, 299, 300, 301, 302, 303, 304, 305, 306, 307, 308, 309, 310, 311, 312, 313, 314, 315, 316, 317, 318, 319, 320, 321, 322, 323, 324, 325, 326, 327, 328, 329, 330, 331, 332, 333, 334, 335, 336, 337, 340, 357, 373, 374, 375, 376, 377, 459, 460, 461, 462, 495, 500, 501, 539, 540, 541, 542, 543, 544, 545, 546, 547, 548, 549, 550, 552, 574, 575, 576, 577, 578, 579, 580, 581, 582, 583, 584, 585, 586, 587, 588, 589, 590, 591, 592, 593, 594, 595, 596, 597, 598, 599, 600, 601, 602, 603, 604, 605, 606, 607, 608, 609, 610, 611, 612, 613, 614, 615, 616, 617, 618, 619, 620, 621, 622, 623, 624, 625, 626, 627, 628, 629, 630, 631, 632, 633, 634, 635, 636, 637, 638, 639, 640, 641, 642, 643, 644, 645, 646, 647, 648, 649, 650, 651, 652, 653, 654, 655, 656, 657, 658, 659, 660, 661, 662, 663, 664, 665, 666, 667, 668, 669, 670, 671, 672, 673, 674, 675, 676, 677, 678, 679, 680, 681, 682, 683, 684, 685, 686, 687, 688, 689, 690, 691, 692, 693, 694, 695, 696, 697, 698, 699, 700, 701, 702, 703, 704, 705, 706, 707, 708, 709, 710, 711, 712, 713, 714, 715, 716, 717, 718, 719, 720, 721, 722, 723, 724, 725, 726, 727, 728, 729, 730, 731, 732, 733, 734, 735, 736, 737, 738, 739, 740, 741, 742, 743, 744, 745, 746, 747, 748, 749, 750, 751, 752, 753, 754, 755, 756, 757, 758, 759, 760, 761, 762, 763, 764, 765, 766, 767, 768, 769, 770, 771, 772, 773, 774, 775, 776, 777, 778, 779, 780, 781, 782, 783, 784, 785, 786, 787, 788, 789, 790, 791, 792, 793, 796, 812, 823, 824, 825, 826, 827, 906, 907, 908, 909]",True,"[151, 212, 256, 266, 622, 682, 718]","[103, 104, 105, 106, 107, 108, 109, 110, 111, 112, 113, 114, 115, 116, 117, 118, 119, 120, 121, 122, 123, 124, 125, 126, 127, 128, 129, 130, 131, 132, 133, 134, 135, 136, 137, 138, 139, 140, 141, 142, 143, 144, 145, 146, 147, 148, 149, 150, 151, 152, 153, 154, 155, 156, 157, 158, 159, 160, 161, 162, 163, 164, 165, 166, 167, 168, 169, 170, 171, 172, 173, 174, 175, 176, 177, 178, 179, 180, 181, 182, 183, 184, 185, 186, 187, 188, 189, 190, 191, 192, 193, 194, 195, 196, 197, 198, 199, 200, 201, 202, 203, 204, 205, 206, 207, 208, 209, 210, 211, 212, 213, 214, 215, 216, 217, 218, 219, 220, 221, 222, 223, 224, 225, 226, 227, 228, 229, 230, 231, 232, 233, 234, 235, 236, 237, 238, 239, 240, 241, 242, 243, 244, 245, 246, 247, 248, 249, 250, 251, 252, 253, 254, 255, 256, 257, 258, 259, 260, 261, 262, 263, 264, 265, 266, 267, 268, 269, 270, 271, 272, 273, 274, 275, 276, 277, 278, 279, 280, 281, 282, 283, 284, 285, 286, 287, 288, 289, 290, 291, 292, 293, 294, 295, 296, 297, 298, 299, 300, 301, 302, 303, 304, 305, 306, 307, 308, 309, 310, 311, 312, 313, 314, 315, 316, 317, 318, 319, 320, 321, 322, 323, 324, 325, 326, 327, 328, 329, 330, 331, 332, 333, 334, 335, 336, 337, 574, 575, 576, 577, 578, 579, 580, 581, 582, 583, 584, 585, 586, 587, 588, 589, 590, 591, 592, 593, 594, 595, 596, 597, 598, 599, 600, 601, 602, 603, 604, 605, 606, 607, 608, 609, 610, 611, 612, 613, 614, 615, 616, 617, 618, 619, 620, 621, 622, 623, 624, 625, 626, 627, 628, 629, 630, 631, 632, 633, 634, 635, 636, 637, 638, 639, 640, 641, 642, 643, 644, 645, 646, 647, 648, 649, 650, 651, 652, 653, 654, 655, 656, 657, 658, 659, 660, 661, 662, 663, 664, 665, 666, 667, 668, 669, 670, 671, 672, 673, 674, 675, 676, 677, 678, 679, 680, 681, 682, 683, 684, 685, 686, 687, 688, 689, 690, 691, 692, 693, 694, 695, 696, 697, 698, 699, 700, 701, 702, 703, 704, 705, 706, 707, 708, 709, 710, 711, 712, 713, 714, 715, 716, 717, 718, 719, 720, 721, 722, 723, 724, 725, 726, 727, 728, 729, 730, 731, 732, 733, 734, 735, 736, 737, 738, 739, 740, 741, 742, 743, 744, 745, 746, 747, 748, 749, 750, 751, 752, 753, 754, 755, 756, 757, 758, 759, 760, 761, 762, 763, 764, 765, 766, 767, 768, 769, 770, 771, 772, 773, 774, 775, 776, 777, 778, 779, 780, 781, 782, 783, 784, 785, 786, 787, 788, 789, 790, 791, 792, 793]","[151, 212, 256, 266, 622, 682, 718]","[256, 718]","[10, 75, 103, 104, 106, 117, 118, 120, 127, 128, 129, 131, 133, 135, 136, 137, 139, 146, 147, 148, 149, 151, 158, 160, 162, 166, 173, 178, 179, 185, 190, 192, 198, 201, 203, 204, 206, 207, 212, 213, 214, 219, 223, 224, 225, 227, 230, 235, 237, 246, 247, 256, 259, 262, 263, 266, 268, 269, 271, 272, 278, 279, 284, 285, 288, 290, 292, 304, 306, 312, 316, 319, 320, 323, 324, 329, 332, 335, 495, 549, 574, 575, 577, 588, 589, 591, 598, 599, 600, 602, 604, 606, 607, 608, 610, 617, 618, 619, 620, 622, 625, 630, 632, 634, 638, 644, 649, 650, 656, 661, 663, 669, 673, 674, 676, 677, 682, 683, 684, 687, 688, 689, 691, 694, 699, 701, 710, 718, 722, 723, 727, 728, 730, 731, 737, 738, 743, 744, 747, 749, 751, 762, 764, 770, 774, 777, 778, 781, 782, 789, 791]","[15, 16, 65, 66, 67, 68, 69, 70, 71, 72, 73, 74, 75, 76, 77, 78, 80, 151, 244, 245, 246, 247, 248, 249, 250, 251, 252, 253, 254, 255, 256, 257, 258, 259, 260, 280, 340, 357, 373, 374, 375, 376, 377, 459, 460, 461, 462, 500, 501, 539, 540, 541, 542, 543, 544, 545, 546, 547, 548, 549, 550, 552, 622, 708, 709, 710, 711, 712, 713, 714, 715, 716, 717, 718, 719, 720, 739, 796, 812, 823, 824, 825, 826, 827, 906, 907, 908, 909]","[15, 16, 65, 66, 67, 68, 69, 70, 71, 72, 73, 74, 75, 76, 80, 151, 245, 246, 247, 248, 249, 250, 251, 252, 253, 254, 255, 256, 257, 258, 259, 280, 340, 373, 374, 375, 376, 377, 459, 460, 461, 462, 500, 501, 539, 540, 541, 542, 543, 544, 545, 546, 547, 548, 549, 550, 552, 622, 708, 709, 710, 711, 712, 713, 714, 715, 716, 717, 718, 719, 720, 739, 796, 823, 824, 825, 826, 827, 906, 907, 908, 909]",7/6 successful match,True,[626],True,328,False,,1.0,True,Pilot Travel Center # 365,Pilot
F Madera ( 93637 ) Pilot Travel Center # 365,559-673-3878 CA 99 Exit 159 ( Ave 18-1 / 2 W ),24,Madera,93637,Pilot Travel Center # 365,559-673-3878,2014,Madera,CA,Pilot,( Ave 18-1 / 2 W ),CA 99 Exit 159 ,Exit,159,False,,False,CA 99,,,,,"[256, 718]","[151, 212, 256, 266, 622, 682, 718]","[151, 212, 256, 266, 622, 682, 718]","[256, 718]","[103, 104, 105, 106, 107, 108, 109, 110, 111, 112, 113, 114, 115, 116, 117, 118, 119, 120, 121, 122, 123, 124, 125, 126, 127, 128, 129, 130, 131, 132, 133, 134, 135, 136, 137, 138, 139, 140, 141, 142, 143, 144, 145, 146, 147, 148, 149, 150, 151, 152, 153, 154, 155, 156, 157, 158, 159, 160, 161, 162, 163, 164, 165, 166, 167, 168, 169, 170, 171, 172, 173, 174, 175, 176, 177, 178, 179, 180, 181, 182, 183, 184, 185, 186, 187, 188, 189, 190, 191, 192, 193, 194, 195, 196, 197, 198, 199, 200, 201, 202, 203, 204, 205, 206, 207, 208, 209, 210, 211, 212, 213, 214, 215, 216, 217, 218, 219, 220, 221, 222, 223, 224, 225, 226, 227, 228, 229, 230, 231, 232, 233, 234, 235, 236, 237, 238, 239, 240, 241, 242, 243, 244, 245, 246, 247, 248, 249, 250, 251, 252, 253, 254, 255, 256, 257, 258, 259, 260, 261, 262, 263, 264, 265, 266, 267, 268, 269, 270, 271, 272, 273, 274, 275, 276, 277, 278, 279, 280, 281, 282, 283, 284, 285, 286, 287, 288, 289, 290, 291, 292, 293, 294, 295, 296, 297, 298, 299, 300, 301, 302, 303, 304, 305, 306, 307, 308, 309, 310, 311, 312, 313, 314, 315, 316, 317, 318, 319, 320, 321, 322, 323, 324, 325, 326, 327, 328, 329, 330, 331, 332, 333, 334, 335, 336, 337, 574, 575, 576, 577, 578, 579, 580, 581, 582, 583, 584, 585, 586, 587, 588, 589, 590, 591, 592, 593, 594, 595, 596, 597, 598, 599, 600, 601, 602, 603, 604, 605, 606, 607, 608, 609, 610, 611, 612, 613, 614, 615, 616, 617, 618, 619, 620, 621, 622, 623, 624, 625, 626, 627, 628, 629, 630, 631, 632, 633, 634, 635, 636, 637, 638, 639, 640, 641, 642, 643, 644, 645, 646, 647, 648, 649, 650, 651, 652, 653, 654, 655, 656, 657, 658, 659, 660, 661, 662, 663, 664, 665, 666, 667, 668, 669, 670, 671, 672, 673, 674, 675, 676, 677, 678, 679, 680, 681, 682, 683, 684, 685, 686, 687, 688, 689, 690, 691, 692, 693, 694, 695, 696, 697, 698, 699, 700, 701, 702, 703, 704, 705, 706, 707, 708, 709, 710, 711, 712, 713, 714, 715, 716, 717, 718, 719, 720, 721, 722, 723, 724, 725, 726, 727, 728, 729, 730, 731, 732, 733, 734, 735, 736, 737, 738, 739, 740, 741, 742, 743, 744, 745, 746, 747, 748, 749, 750, 751, 752, 753, 754, 755, 756, 757, 758, 759, 760, 761, 762, 763, 764, 765, 766, 767, 768, 769, 770, 771, 772, 773, 774, 775, 776, 777, 778, 779, 780, 781, 782, 783, 784, 785, 786, 787, 788, 789, 790, 791, 792, 793]","[10, 75, 103, 104, 106, 117, 118, 120, 127, 128, 129, 131, 133, 135, 136, 137, 139, 146, 147, 148, 149, 151, 158, 160, 162, 166, 173, 178, 179, 185, 190, 192, 198, 201, 203, 204, 206, 207, 212, 213, 214, 219, 223, 224, 225, 227, 230, 235, 237, 246, 247, 256, 259, 262, 263, 266, 268, 269, 271, 272, 278, 279, 284, 285, 288, 290, 292, 304, 306, 312, 316, 319, 320, 323, 324, 329, 332, 335, 495, 549, 574, 575, 577, 588, 589, 591, 598, 599, 600, 602, 604, 606, 607, 608, 610, 617, 618, 619, 620, 622, 625, 630, 632, 634, 638, 644, 649, 650, 656, 661, 663, 669, 673, 674, 676, 677, 682, 683, 684, 687, 688, 689, 691, 694, 699, 701, 710, 718, 722, 723, 727, 728, 730, 731, 737, 738, 743, 744, 747, 749, 751, 762, 764, 770, 774, 777, 778, 781, 782, 789, 791]","[15, 16, 65, 66, 67, 68, 69, 70, 71, 72, 73, 74, 75, 76, 80, 151, 245, 246, 247, 248, 249, 250, 251, 252, 253, 254, 255, 256, 257, 258, 259, 280, 340, 373, 374, 375, 376, 377, 459, 460, 461, 462, 500, 501, 539, 540, 541, 542, 543, 544, 545, 546, 547, 548, 549, 550, 552, 622, 708, 709, 710, 711, 712, 713, 714, 715, 716, 717, 718, 719, 720, 739, 796, 823, 824, 825, 826, 827, 906, 907, 908, 909]","[15, 16, 65, 66, 67, 68, 69, 70, 71, 72, 73, 74, 75, 76, 77, 78, 80, 151, 244, 245, 246, 247, 248, 249, 250, 251, 252, 253, 254, 255, 256, 257, 258, 259, 260, 280, 340, 357, 373, 374, 375, 376, 377, 459, 460, 461, 462, 500, 501, 539, 540, 541, 542, 543, 544, 545, 546, 547, 548, 549, 550, 552, 622, 708, 709, 710, 711, 712, 713, 714, 715, 716, 717, 718, 719, 720, 739, 796, 812, 823, 824, 825, 826, 827, 906, 907, 908, 909]","[10, 15, 16, 65, 66, 67, 68, 69, 70, 71, 72, 73, 74, 75, 76, 77, 78, 80, 103, 104, 105, 106, 107, 108, 109, 110, 111, 112, 113, 114, 115, 116, 117, 118, 119, 120, 121, 122, 123, 124, 125, 126, 127, 128, 129, 130, 131, 132, 133, 134, 135, 136, 137, 138, 139, 140, 141, 142, 143, 144, 145, 146, 147, 148, 149, 150, 151, 152, 153, 154, 155, 156, 157, 158, 159, 160, 161, 162, 163, 164, 165, 166, 167, 168, 169, 170, 171, 172, 173, 174, 175, 176, 177, 178, 179, 180, 181, 182, 183, 184, 185, 186, 187, 188, 189, 190, 191, 192, 193, 194, 195, 196, 197, 198, 199, 200, 201, 202, 203, 204, 205, 206, 207, 208, 209, 210, 211, 212, 213, 214, 215, 216, 217, 218, 219, 220, 221, 222, 223, 224, 225, 226, 227, 228, 229, 230, 231, 232, 233, 234, 235, 236, 237, 238, 239, 240, 241, 242, 243, 244, 245, 246, 247, 248, 249, 250, 251, 252, 253, 254, 255, 256, 257, 258, 259, 260, 261, 262, 263, 264, 265, 266, 267, 268, 269, 270, 271, 272, 273, 274, 275, 276, 277, 278, 279, 280, 281, 282, 283, 284, 285, 286, 287, 288, 289, 290, 291, 292, 293, 294, 295, 296, 297, 298, 299, 300, 301, 302, 303, 304, 305, 306, 307, 308, 309, 310, 311, 312, 313, 314, 315, 316, 317, 318, 319, 320, 321, 322, 323, 324, 325, 326, 327, 328, 329, 330, 331, 332, 333, 334, 335, 336, 337, 340, 357, 373, 374, 375, 376, 377, 459, 460, 461, 462, 495, 500, 501, 539, 540, 541, 542, 543, 544, 545, 546, 547, 548, 549, 550, 552, 574, 575, 576, 577, 578, 579, 580, 581, 582, 583, 584, 585, 586, 587, 588, 589, 590, 591, 592, 593, 594, 595, 596, 597, 598, 599, 600, 601, 602, 603, 604, 605, 606, 607, 608, 609, 610, 611, 612, 613, 614, 615, 616, 617, 618, 619, 620, 621, 622, 623, 624, 625, 626, 627, 628, 629, 630, 631, 632, 633, 634, 635, 636, 637, 638, 639, 640, 641, 642, 643, 644, 645, 646, 647, 648, 649, 650, 651, 652, 653, 654, 655, 656, 657, 658, 659, 660, 661, 662, 663, 664, 665, 666, 667, 668, 669, 670, 671, 672, 673, 674, 675, 676, 677, 678, 679, 680, 681, 682, 683, 684, 685, 686, 687, 688, 689, 690, 691, 692, 693, 694, 695, 696, 697, 698, 699, 700, 701, 702, 703, 704, 705, 706, 707, 708, 709, 710, 711, 712, 713, 714, 715, 716, 717, 718, 719, 720, 721, 722, 723, 724, 725, 726, 727, 728, 729, 730, 731, 732, 733, 734, 735, 736, 737, 738, 739, 740, 741, 742, 743, 744, 745, 746, 747, 748, 749, 750, 751, 752, 753, 754, 755, 756, 757, 758, 759, 760, 761, 762, 763, 764, 765, 766, 767, 768, 769, 770, 771, 772, 773, 774, 775, 776, 777, 778, 779, 780, 781, 782, 783, 784, 785, 786, 787, 788, 789, 790, 791, 792, 793, 796, 812, 823, 824, 825, 826, 827, 906, 907, 908, 909]",True,"[151, 212, 256, 266, 622, 682, 718]","[103, 104, 105, 106, 107, 108, 109, 110, 111, 112, 113, 114, 115, 116, 117, 118, 119, 120, 121, 122, 123, 124, 125, 126, 127, 128, 129, 130, 131, 132, 133, 134, 135, 136, 137, 138, 139, 140, 141, 142, 143, 144, 145, 146, 147, 148, 149, 150, 151, 152, 153, 154, 155, 156, 157, 158, 159, 160, 161, 162, 163, 164, 165, 166, 167, 168, 169, 170, 171, 172, 173, 174, 175, 176, 177, 178, 179, 180, 181, 182, 183, 184, 185, 186, 187, 188, 189, 190, 191, 192, 193, 194, 195, 196, 197, 198, 199, 200, 201, 202, 203, 204, 205, 206, 207, 208, 209, 210, 211, 212, 213, 214, 215, 216, 217, 218, 219, 220, 221, 222, 223, 224, 225, 226, 227, 228, 229, 230, 231, 232, 233, 234, 235, 236, 237, 238, 239, 240, 241, 242, 243, 244, 245, 246, 247, 248, 249, 250, 251, 252, 253, 254, 255, 256, 257, 258, 259, 260, 261, 262, 263, 264, 265, 266, 267, 268, 269, 270, 271, 272, 273, 274, 275, 276, 277, 278, 279, 280, 281, 282, 283, 284, 285, 286, 287, 288, 289, 290, 291, 292, 293, 294, 295, 296, 297, 298, 299, 300, 301, 302, 303, 304, 305, 306, 307, 308, 309, 310, 311, 312, 313, 314, 315, 316, 317, 318, 319, 320, 321, 322, 323, 324, 325, 326, 327, 328, 329, 330, 331, 332, 333, 334, 335, 336, 337, 574, 575, 576, 577, 578, 579, 580, 581, 582, 583, 584, 585, 586, 587, 588, 589, 590, 591, 592, 593, 594, 595, 596, 597, 598, 599, 600, 601, 602, 603, 604, 605, 606, 607, 608, 609, 610, 611, 612, 613, 614, 615, 616, 617, 618, 619, 620, 621, 622, 623, 624, 625, 626, 627, 628, 629, 630, 631, 632, 633, 634, 635, 636, 637, 638, 639, 640, 641, 642, 643, 644, 645, 646, 647, 648, 649, 650, 651, 652, 653, 654, 655, 656, 657, 658, 659, 660, 661, 662, 663, 664, 665, 666, 667, 668, 669, 670, 671, 672, 673, 674, 675, 676, 677, 678, 679, 680, 681, 682, 683, 684, 685, 686, 687, 688, 689, 690, 691, 692, 693, 694, 695, 696, 697, 698, 699, 700, 701, 702, 703, 704, 705, 706, 707, 708, 709, 710, 711, 712, 713, 714, 715, 716, 717, 718, 719, 720, 721, 722, 723, 724, 725, 726, 727, 728, 729, 730, 731, 732, 733, 734, 735, 736, 737, 738, 739, 740, 741, 742, 743, 744, 745, 746, 747, 748, 749, 750, 751, 752, 753, 754, 755, 756, 757, 758, 759, 760, 761, 762, 763, 764, 765, 766, 767, 768, 769, 770, 771, 772, 773, 774, 775, 776, 777, 778, 779, 780, 781, 782, 783, 784, 785, 786, 787, 788, 789, 790, 791, 792, 793]","[151, 212, 256, 266, 622, 682, 718]","[256, 718]","[10, 75, 103, 104, 106, 117, 118, 120, 127, 128, 129, 131, 133, 135, 136, 137, 139, 146, 147, 148, 149, 151, 158, 160, 162, 166, 173, 178, 179, 185, 190, 192, 198, 201, 203, 204, 206, 207, 212, 213, 214, 219, 223, 224, 225, 227, 230, 235, 237, 246, 247, 256, 259, 262, 263, 266, 268, 269, 271, 272, 278, 279, 284, 285, 288, 290, 292, 304, 306, 312, 316, 319, 320, 323, 324, 329, 332, 335, 495, 549, 574, 575, 577, 588, 589, 591, 598, 599, 600, 602, 604, 606, 607, 608, 610, 617, 618, 619, 620, 622, 625, 630, 632, 634, 638, 644, 649, 650, 656, 661, 663, 669, 673, 674, 676, 677, 682, 683, 684, 687, 688, 689, 691, 694, 699, 701, 710, 718, 722, 723, 727, 728, 730, 731, 737, 738, 743, 744, 747, 749, 751, 762, 764, 770, 774, 777, 778, 781, 782, 789, 791]","[15, 16, 65, 66, 67, 68, 69, 70, 71, 72, 73, 74, 75, 76, 77, 78, 80, 151, 244, 245, 246, 247, 248, 249, 250, 251, 252, 253, 254, 255, 256, 257, 258, 259, 260, 280, 340, 357, 373, 374, 375, 376, 377, 459, 460, 461, 462, 500, 501, 539, 540, 541, 542, 543, 544, 545, 546, 547, 548, 549, 550, 552, 622, 708, 709, 710, 711, 712, 713, 714, 715, 716, 717, 718, 719, 720, 739, 796, 812, 823, 824, 825, 826, 827, 906, 907, 908, 909]","[15, 16, 65, 66, 67, 68, 69, 70, 71, 72, 73, 74, 75, 76, 80, 151, 245, 246, 247, 248, 249, 250, 251, 252, 253, 254, 255, 256, 257, 258, 259, 280, 340, 373, 374, 375, 376, 377, 459, 460, 461, 462, 500, 501, 539, 540, 541, 542, 543, 544, 545, 546, 547, 548, 549, 550, 552, 622, 708, 709, 710, 711, 712, 713, 714, 715, 716, 717, 718, 719, 720, 739, 796, 823, 824, 825, 826, 827, 906, 907, 908, 909]",7/6 successful match,True,[626],True,328,False,,1.0,True,Pilot Travel Center # 365,Pilot
F Madera ( 93637 ) Pilot Travel Center # 365,3 559-673-3878 CA 99 Exit 159 ( Ave 18-1 / 2 W ) plot,XL 24,Madera,93637,Pilot Travel Center # 365,559-673-3878,2015,Madera,CA,Pilot,( Ave 18-1 / 2 W ) plot,CA 99 Exit 159 ,Exit,159,False,,False,CA 99,,,,,"[256, 718]","[151, 212, 256, 266, 622, 682, 718]","[151, 212, 256, 266, 622, 682, 718]","[256, 718]","[103, 104, 105, 106, 107, 108, 109, 110, 111, 112, 113, 114, 115, 116, 117, 118, 119, 120, 121, 122, 123, 124, 125, 126, 127, 128, 129, 130, 131, 132, 133, 134, 135, 136, 137, 138, 139, 140, 141, 142, 143, 144, 145, 146, 147, 148, 149, 150, 151, 152, 153, 154, 155, 156, 157, 158, 159, 160, 161, 162, 163, 164, 165, 166, 167, 168, 169, 170, 171, 172, 173, 174, 175, 176, 177, 178, 179, 180, 181, 182, 183, 184, 185, 186, 187, 188, 189, 190, 191, 192, 193, 194, 195, 196, 197, 198, 199, 200, 201, 202, 203, 204, 205, 206, 207, 208, 209, 210, 211, 212, 213, 214, 215, 216, 217, 218, 219, 220, 221, 222, 223, 224, 225, 226, 227, 228, 229, 230, 231, 232, 233, 234, 235, 236, 237, 238, 239, 240, 241, 242, 243, 244, 245, 246, 247, 248, 249, 250, 251, 252, 253, 254, 255, 256, 257, 258, 259, 260, 261, 262, 263, 264, 265, 266, 267, 268, 269, 270, 271, 272, 273, 274, 275, 276, 277, 278, 279, 280, 281, 282, 283, 284, 285, 286, 287, 288, 289, 290, 291, 292, 293, 294, 295, 296, 297, 298, 299, 300, 301, 302, 303, 304, 305, 306, 307, 308, 309, 310, 311, 312, 313, 314, 315, 316, 317, 318, 319, 320, 321, 322, 323, 324, 325, 326, 327, 328, 329, 330, 331, 332, 333, 334, 335, 336, 337, 574, 575, 576, 577, 578, 579, 580, 581, 582, 583, 584, 585, 586, 587, 588, 589, 590, 591, 592, 593, 594, 595, 596, 597, 598, 599, 600, 601, 602, 603, 604, 605, 606, 607, 608, 609, 610, 611, 612, 613, 614, 615, 616, 617, 618, 619, 620, 621, 622, 623, 624, 625, 626, 627, 628, 629, 630, 631, 632, 633, 634, 635, 636, 637, 638, 639, 640, 641, 642, 643, 644, 645, 646, 647, 648, 649, 650, 651, 652, 653, 654, 655, 656, 657, 658, 659, 660, 661, 662, 663, 664, 665, 666, 667, 668, 669, 670, 671, 672, 673, 674, 675, 676, 677, 678, 679, 680, 681, 682, 683, 684, 685, 686, 687, 688, 689, 690, 691, 692, 693, 694, 695, 696, 697, 698, 699, 700, 701, 702, 703, 704, 705, 706, 707, 708, 709, 710, 711, 712, 713, 714, 715, 716, 717, 718, 719, 720, 721, 722, 723, 724, 725, 726, 727, 728, 729, 730, 731, 732, 733, 734, 735, 736, 737, 738, 739, 740, 741, 742, 743, 744, 745, 746, 747, 748, 749, 750, 751, 752, 753, 754, 755, 756, 757, 758, 759, 760, 761, 762, 763, 764, 765, 766, 767, 768, 769, 770, 771, 772, 773, 774, 775, 776, 777, 778, 779, 780, 781, 782, 783, 784, 785, 786, 787, 788, 789, 790, 791, 792, 793]","[10, 75, 103, 104, 106, 117, 118, 120, 127, 128, 129, 131, 133, 135, 136, 137, 139, 146, 147, 148, 149, 151, 158, 160, 162, 166, 173, 178, 179, 185, 190, 192, 198, 201, 203, 204, 206, 207, 212, 213, 214, 219, 223, 224, 225, 227, 230, 235, 237, 246, 247, 256, 259, 262, 263, 266, 268, 269, 271, 272, 278, 279, 284, 285, 288, 290, 292, 304, 306, 312, 316, 319, 320, 323, 324, 329, 332, 335, 495, 549, 574, 575, 577, 588, 589, 591, 598, 599, 600, 602, 604, 606, 607, 608, 610, 617, 618, 619, 620, 622, 625, 630, 632, 634, 638, 644, 649, 650, 656, 661, 663, 669, 673, 674, 676, 677, 682, 683, 684, 687, 688, 689, 691, 694, 699, 701, 710, 718, 722, 723, 727, 728, 730, 731, 737, 738, 743, 744, 747, 749, 751, 762, 764, 770, 774, 777, 778, 781, 782, 789, 791]","[15, 16, 65, 66, 67, 68, 69, 70, 71, 72, 73, 74, 75, 76, 80, 151, 245, 246, 247, 248, 249, 250, 251, 252, 253, 254, 255, 256, 257, 258, 259, 280, 340, 373, 374, 375, 376, 377, 459, 460, 461, 462, 500, 501, 539, 540, 541, 542, 543, 544, 545, 546, 547, 548, 549, 550, 552, 622, 708, 709, 710, 711, 712, 713, 714, 715, 716, 717, 718, 719, 720, 739, 796, 823, 824, 825, 826, 827, 906, 907, 908, 909]","[15, 16, 65, 66, 67, 68, 69, 70, 71, 72, 73, 74, 75, 76, 77, 78, 80, 151, 244, 245, 246, 247, 248, 249, 250, 251, 252, 253, 254, 255, 256, 257, 258, 259, 260, 280, 340, 357, 373, 374, 375, 376, 377, 459, 460, 461, 462, 500, 501, 539, 540, 541, 542, 543, 544, 545, 546, 547, 548, 549, 550, 552, 622, 708, 709, 710, 711, 712, 713, 714, 715, 716, 717, 718, 719, 720, 739, 796, 812, 823, 824, 825, 826, 827, 906, 907, 908, 909]","[10, 15, 16, 65, 66, 67, 68, 69, 70, 71, 72, 73, 74, 75, 76, 77, 78, 80, 103, 104, 105, 106, 107, 108, 109, 110, 111, 112, 113, 114, 115, 116, 117, 118, 119, 120, 121, 122, 123, 124, 125, 126, 127, 128, 129, 130, 131, 132, 133, 134, 135, 136, 137, 138, 139, 140, 141, 142, 143, 144, 145, 146, 147, 148, 149, 150, 151, 152, 153, 154, 155, 156, 157, 158, 159, 160, 161, 162, 163, 164, 165, 166, 167, 168, 169, 170, 171, 172, 173, 174, 175, 176, 177, 178, 179, 180, 181, 182, 183, 184, 185, 186, 187, 188, 189, 190, 191, 192, 193, 194, 195, 196, 197, 198, 199, 200, 201, 202, 203, 204, 205, 206, 207, 208, 209, 210, 211, 212, 213, 214, 215, 216, 217, 218, 219, 220, 221, 222, 223, 224, 225, 226, 227, 228, 229, 230, 231, 232, 233, 234, 235, 236, 237, 238, 239, 240, 241, 242, 243, 244, 245, 246, 247, 248, 249, 250, 251, 252, 253, 254, 255, 256, 257, 258, 259, 260, 261, 262, 263, 264, 265, 266, 267, 268, 269, 270, 271, 272, 273, 274, 275, 276, 277, 278, 279, 280, 281, 282, 283, 284, 285, 286, 287, 288, 289, 290, 291, 292, 293, 294, 295, 296, 297, 298, 299, 300, 301, 302, 303, 304, 305, 306, 307, 308, 309, 310, 311, 312, 313, 314, 315, 316, 317, 318, 319, 320, 321, 322, 323, 324, 325, 326, 327, 328, 329, 330, 331, 332, 333, 334, 335, 336, 337, 340, 357, 373, 374, 375, 376, 377, 459, 460, 461, 462, 495, 500, 501, 539, 540, 541, 542, 543, 544, 545, 546, 547, 548, 549, 550, 552, 574, 575, 576, 577, 578, 579, 580, 581, 582, 583, 584, 585, 586, 587, 588, 589, 590, 591, 592, 593, 594, 595, 596, 597, 598, 599, 600, 601, 602, 603, 604, 605, 606, 607, 608, 609, 610, 611, 612, 613, 614, 615, 616, 617, 618, 619, 620, 621, 622, 623, 624, 625, 626, 627, 628, 629, 630, 631, 632, 633, 634, 635, 636, 637, 638, 639, 640, 641, 642, 643, 644, 645, 646, 647, 648, 649, 650, 651, 652, 653, 654, 655, 656, 657, 658, 659, 660, 661, 662, 663, 664, 665, 666, 667, 668, 669, 670, 671, 672, 673, 674, 675, 676, 677, 678, 679, 680, 681, 682, 683, 684, 685, 686, 687, 688, 689, 690, 691, 692, 693, 694, 695, 696, 697, 698, 699, 700, 701, 702, 703, 704, 705, 706, 707, 708, 709, 710, 711, 712, 713, 714, 715, 716, 717, 718, 719, 720, 721, 722, 723, 724, 725, 726, 727, 728, 729, 730, 731, 732, 733, 734, 735, 736, 737, 738, 739, 740, 741, 742, 743, 744, 745, 746, 747, 748, 749, 750, 751, 752, 753, 754, 755, 756, 757, 758, 759, 760, 761, 762, 763, 764, 765, 766, 767, 768, 769, 770, 771, 772, 773, 774, 775, 776, 777, 778, 779, 780, 781, 782, 783, 784, 785, 786, 787, 788, 789, 790, 791, 792, 793, 796, 812, 823, 824, 825, 826, 827, 906, 907, 908, 909]",True,"[151, 212, 256, 266, 622, 682, 718]","[103, 104, 105, 106, 107, 108, 109, 110, 111, 112, 113, 114, 115, 116, 117, 118, 119, 120, 121, 122, 123, 124, 125, 126, 127, 128, 129, 130, 131, 132, 133, 134, 135, 136, 137, 138, 139, 140, 141, 142, 143, 144, 145, 146, 147, 148, 149, 150, 151, 152, 153, 154, 155, 156, 157, 158, 159, 160, 161, 162, 163, 164, 165, 166, 167, 168, 169, 170, 171, 172, 173, 174, 175, 176, 177, 178, 179, 180, 181, 182, 183, 184, 185, 186, 187, 188, 189, 190, 191, 192, 193, 194, 195, 196, 197, 198, 199, 200, 201, 202, 203, 204, 205, 206, 207, 208, 209, 210, 211, 212, 213, 214, 215, 216, 217, 218, 219, 220, 221, 222, 223, 224, 225, 226, 227, 228, 229, 230, 231, 232, 233, 234, 235, 236, 237, 238, 239, 240, 241, 242, 243, 244, 245, 246, 247, 248, 249, 250, 251, 252, 253, 254, 255, 256, 257, 258, 259, 260, 261, 262, 263, 264, 265, 266, 267, 268, 269, 270, 271, 272, 273, 274, 275, 276, 277, 278, 279, 280, 281, 282, 283, 284, 285, 286, 287, 288, 289, 290, 291, 292, 293, 294, 295, 296, 297, 298, 299, 300, 301, 302, 303, 304, 305, 306, 307, 308, 309, 310, 311, 312, 313, 314, 315, 316, 317, 318, 319, 320, 321, 322, 323, 324, 325, 326, 327, 328, 329, 330, 331, 332, 333, 334, 335, 336, 337, 574, 575, 576, 577, 578, 579, 580, 581, 582, 583, 584, 585, 586, 587, 588, 589, 590, 591, 592, 593, 594, 595, 596, 597, 598, 599, 600, 601, 602, 603, 604, 605, 606, 607, 608, 609, 610, 611, 612, 613, 614, 615, 616, 617, 618, 619, 620, 621, 622, 623, 624, 625, 626, 627, 628, 629, 630, 631, 632, 633, 634, 635, 636, 637, 638, 639, 640, 641, 642, 643, 644, 645, 646, 647, 648, 649, 650, 651, 652, 653, 654, 655, 656, 657, 658, 659, 660, 661, 662, 663, 664, 665, 666, 667, 668, 669, 670, 671, 672, 673, 674, 675, 676, 677, 678, 679, 680, 681, 682, 683, 684, 685, 686, 687, 688, 689, 690, 691, 692, 693, 694, 695, 696, 697, 698, 699, 700, 701, 702, 703, 704, 705, 706, 707, 708, 709, 710, 711, 712, 713, 714, 715, 716, 717, 718, 719, 720, 721, 722, 723, 724, 725, 726, 727, 728, 729, 730, 731, 732, 733, 734, 735, 736, 737, 738, 739, 740, 741, 742, 743, 744, 745, 746, 747, 748, 749, 750, 751, 752, 753, 754, 755, 756, 757, 758, 759, 760, 761, 762, 763, 764, 765, 766, 767, 768, 769, 770, 771, 772, 773, 774, 775, 776, 777, 778, 779, 780, 781, 782, 783, 784, 785, 786, 787, 788, 789, 790, 791, 792, 793]","[151, 212, 256, 266, 622, 682, 718]","[256, 718]","[10, 75, 103, 104, 106, 117, 118, 120, 127, 128, 129, 131, 133, 135, 136, 137, 139, 146, 147, 148, 149, 151, 158, 160, 162, 166, 173, 178, 179, 185, 190, 192, 198, 201, 203, 204, 206, 207, 212, 213, 214, 219, 223, 224, 225, 227, 230, 235, 237, 246, 247, 256, 259, 262, 263, 266, 268, 269, 271, 272, 278, 279, 284, 285, 288, 290, 292, 304, 306, 312, 316, 319, 320, 323, 324, 329, 332, 335, 495, 549, 574, 575, 577, 588, 589, 591, 598, 599, 600, 602, 604, 606, 607, 608, 610, 617, 618, 619, 620, 622, 625, 630, 632, 634, 638, 644, 649, 650, 656, 661, 663, 669, 673, 674, 676, 677, 682, 683, 684, 687, 688, 689, 691, 694, 699, 701, 710, 718, 722, 723, 727, 728, 730, 731, 737, 738, 743, 744, 747, 749, 751, 762, 764, 770, 774, 777, 778, 781, 782, 789, 791]","[15, 16, 65, 66, 67, 68, 69, 70, 71, 72, 73, 74, 75, 76, 77, 78, 80, 151, 244, 245, 246, 247, 248, 249, 250, 251, 252, 253, 254, 255, 256, 257, 258, 259, 260, 280, 340, 357, 373, 374, 375, 376, 377, 459, 460, 461, 462, 500, 501, 539, 540, 541, 542, 543, 544, 545, 546, 547, 548, 549, 550, 552, 622, 708, 709, 710, 711, 712, 713, 714, 715, 716, 717, 718, 719, 720, 739, 796, 812, 823, 824, 825, 826, 827, 906, 907, 908, 909]","[15, 16, 65, 66, 67, 68, 69, 70, 71, 72, 73, 74, 75, 76, 80, 151, 245, 246, 247, 248, 249, 250, 251, 252, 253, 254, 255, 256, 257, 258, 259, 280, 340, 373, 374, 375, 376, 377, 459, 460, 461, 462, 500, 501, 539, 540, 541, 542, 543, 544, 545, 546, 547, 548, 549, 550, 552, 622, 708, 709, 710, 711, 712, 713, 714, 715, 716, 717, 718, 719, 720, 739, 796, 823, 824, 825, 826, 827, 906, 907, 908, 909]",7/6 successful match,True,[626],True,328,False,,1.0,True,Pilot Travel Center # 365,Pilot
Madera ( 93637 ) Pilot Travel Center # 365 plot,3 559-673-3878 CA 99 Exit 159 ( Ave 18-1 / 2 W ),24 XL 24 24,Madera,93637,Pilot Travel Center # 365 plot,559-673-3878,2016,Madera,CA,Pilot,( Ave 18-1 / 2 W ),CA 99 Exit 159 ,Exit,159,False,,False,CA 99,,,,,"[256, 718]","[151, 212, 256, 266, 622, 682, 718]","[151, 212, 256, 266, 622, 682, 718]","[256, 718]","[103, 104, 105, 106, 107, 108, 109, 110, 111, 112, 113, 114, 115, 116, 117, 118, 119, 120, 121, 122, 123, 124, 125, 126, 127, 128, 129, 130, 131, 132, 133, 134, 135, 136, 137, 138, 139, 140, 141, 142, 143, 144, 145, 146, 147, 148, 149, 150, 151, 152, 153, 154, 155, 156, 157, 158, 159, 160, 161, 162, 163, 164, 165, 166, 167, 168, 169, 170, 171, 172, 173, 174, 175, 176, 177, 178, 179, 180, 181, 182, 183, 184, 185, 186, 187, 188, 189, 190, 191, 192, 193, 194, 195, 196, 197, 198, 199, 200, 201, 202, 203, 204, 205, 206, 207, 208, 209, 210, 211, 212, 213, 214, 215, 216, 217, 218, 219, 220, 221, 222, 223, 224, 225, 226, 227, 228, 229, 230, 231, 232, 233, 234, 235, 236, 237, 238, 239, 240, 241, 242, 243, 244, 245, 246, 247, 248, 249, 250, 251, 252, 253, 254, 255, 256, 257, 258, 259, 260, 261, 262, 263, 264, 265, 266, 267, 268, 269, 270, 271, 272, 273, 274, 275, 276, 277, 278, 279, 280, 281, 282, 283, 284, 285, 286, 287, 288, 289, 290, 291, 292, 293, 294, 295, 296, 297, 298, 299, 300, 301, 302, 303, 304, 305, 306, 307, 308, 309, 310, 311, 312, 313, 314, 315, 316, 317, 318, 319, 320, 321, 322, 323, 324, 325, 326, 327, 328, 329, 330, 331, 332, 333, 334, 335, 336, 337, 574, 575, 576, 577, 578, 579, 580, 581, 582, 583, 584, 585, 586, 587, 588, 589, 590, 591, 592, 593, 594, 595, 596, 597, 598, 599, 600, 601, 602, 603, 604, 605, 606, 607, 608, 609, 610, 611, 612, 613, 614, 615, 616, 617, 618, 619, 620, 621, 622, 623, 624, 625, 626, 627, 628, 629, 630, 631, 632, 633, 634, 635, 636, 637, 638, 639, 640, 641, 642, 643, 644, 645, 646, 647, 648, 649, 650, 651, 652, 653, 654, 655, 656, 657, 658, 659, 660, 661, 662, 663, 664, 665, 666, 667, 668, 669, 670, 671, 672, 673, 674, 675, 676, 677, 678, 679, 680, 681, 682, 683, 684, 685, 686, 687, 688, 689, 690, 691, 692, 693, 694, 695, 696, 697, 698, 699, 700, 701, 702, 703, 704, 705, 706, 707, 708, 709, 710, 711, 712, 713, 714, 715, 716, 717, 718, 719, 720, 721, 722, 723, 724, 725, 726, 727, 728, 729, 730, 731, 732, 733, 734, 735, 736, 737, 738, 739, 740, 741, 742, 743, 744, 745, 746, 747, 748, 749, 750, 751, 752, 753, 754, 755, 756, 757, 758, 759, 760, 761, 762, 763, 764, 765, 766, 767, 768, 769, 770, 771, 772, 773, 774, 775, 776, 777, 778, 779, 780, 781, 782, 783, 784, 785, 786, 787, 788, 789, 790, 791, 792, 793]","[10, 75, 103, 104, 106, 117, 118, 120, 127, 128, 129, 131, 133, 135, 136, 137, 139, 146, 147, 148, 149, 151, 158, 160, 162, 166, 173, 178, 179, 185, 190, 192, 198, 201, 203, 204, 206, 207, 212, 213, 214, 219, 223, 224, 225, 227, 230, 235, 237, 246, 247, 256, 259, 262, 263, 266, 268, 269, 271, 272, 278, 279, 284, 285, 288, 290, 292, 304, 306, 312, 316, 319, 320, 323, 324, 329, 332, 335, 495, 549, 574, 575, 577, 588, 589, 591, 598, 599, 600, 602, 604, 606, 607, 608, 610, 617, 618, 619, 620, 622, 625, 630, 632, 634, 638, 644, 649, 650, 656, 661, 663, 669, 673, 674, 676, 677, 682, 683, 684, 687, 688, 689, 691, 694, 699, 701, 710, 718, 722, 723, 727, 728, 730, 731, 737, 738, 743, 744, 747, 749, 751, 762, 764, 770, 774, 777, 778, 781, 782, 789, 791]","[15, 16, 65, 66, 67, 68, 69, 70, 71, 72, 73, 74, 75, 76, 80, 151, 245, 246, 247, 248, 249, 250, 251, 252, 253, 254, 255, 256, 257, 258, 259, 280, 340, 373, 374, 375, 376, 377, 459, 460, 461, 462, 500, 501, 539, 540, 541, 542, 543, 544, 545, 546, 547, 548, 549, 550, 552, 622, 708, 709, 710, 711, 712, 713, 714, 715, 716, 717, 718, 719, 720, 739, 796, 823, 824, 825, 826, 827, 906, 907, 908, 909]","[15, 16, 65, 66, 67, 68, 69, 70, 71, 72, 73, 74, 75, 76, 77, 78, 80, 151, 244, 245, 246, 247, 248, 249, 250, 251, 252, 253, 254, 255, 256, 257, 258, 259, 260, 280, 340, 357, 373, 374, 375, 376, 377, 459, 460, 461, 462, 500, 501, 539, 540, 541, 542, 543, 544, 545, 546, 547, 548, 549, 550, 552, 622, 708, 709, 710, 711, 712, 713, 714, 715, 716, 717, 718, 719, 720, 739, 796, 812, 823, 824, 825, 826, 827, 906, 907, 908, 909]","[10, 15, 16, 65, 66, 67, 68, 69, 70, 71, 72, 73, 74, 75, 76, 77, 78, 80, 103, 104, 105, 106, 107, 108, 109, 110, 111, 112, 113, 114, 115, 116, 117, 118, 119, 120, 121, 122, 123, 124, 125, 126, 127, 128, 129, 130, 131, 132, 133, 134, 135, 136, 137, 138, 139, 140, 141, 142, 143, 144, 145, 146, 147, 148, 149, 150, 151, 152, 153, 154, 155, 156, 157, 158, 159, 160, 161, 162, 163, 164, 165, 166, 167, 168, 169, 170, 171, 172, 173, 174, 175, 176, 177, 178, 179, 180, 181, 182, 183, 184, 185, 186, 187, 188, 189, 190, 191, 192, 193, 194, 195, 196, 197, 198, 199, 200, 201, 202, 203, 204, 205, 206, 207, 208, 209, 210, 211, 212, 213, 214, 215, 216, 217, 218, 219, 220, 221, 222, 223, 224, 225, 226, 227, 228, 229, 230, 231, 232, 233, 234, 235, 236, 237, 238, 239, 240, 241, 242, 243, 244, 245, 246, 247, 248, 249, 250, 251, 252, 253, 254, 255, 256, 257, 258, 259, 260, 261, 262, 263, 264, 265, 266, 267, 268, 269, 270, 271, 272, 273, 274, 275, 276, 277, 278, 279, 280, 281, 282, 283, 284, 285, 286, 287, 288, 289, 290, 291, 292, 293, 294, 295, 296, 297, 298, 299, 300, 301, 302, 303, 304, 305, 306, 307, 308, 309, 310, 311, 312, 313, 314, 315, 316, 317, 318, 319, 320, 321, 322, 323, 324, 325, 326, 327, 328, 329, 330, 331, 332, 333, 334, 335, 336, 337, 340, 357, 373, 374, 375, 376, 377, 459, 460, 461, 462, 495, 500, 501, 539, 540, 541, 542, 543, 544, 545, 546, 547, 548, 549, 550, 552, 574, 575, 576, 577, 578, 579, 580, 581, 582, 583, 584, 585, 586, 587, 588, 589, 590, 591, 592, 593, 594, 595, 596, 597, 598, 599, 600, 601, 602, 603, 604, 605, 606, 607, 608, 609, 610, 611, 612, 613, 614, 615, 616, 617, 618, 619, 620, 621, 622, 623, 624, 625, 626, 627, 628, 629, 630, 631, 632, 633, 634, 635, 636, 637, 638, 639, 640, 641, 642, 643, 644, 645, 646, 647, 648, 649, 650, 651, 652, 653, 654, 655, 656, 657, 658, 659, 660, 661, 662, 663, 664, 665, 666, 667, 668, 669, 670, 671, 672, 673, 674, 675, 676, 677, 678, 679, 680, 681, 682, 683, 684, 685, 686, 687, 688, 689, 690, 691, 692, 693, 694, 695, 696, 697, 698, 699, 700, 701, 702, 703, 704, 705, 706, 707, 708, 709, 710, 711, 712, 713, 714, 715, 716, 717, 718, 719, 720, 721, 722, 723, 724, 725, 726, 727, 728, 729, 730, 731, 732, 733, 734, 735, 736, 737, 738, 739, 740, 741, 742, 743, 744, 745, 746, 747, 748, 749, 750, 751, 752, 753, 754, 755, 756, 757, 758, 759, 760, 761, 762, 763, 764, 765, 766, 767, 768, 769, 770, 771, 772, 773, 774, 775, 776, 777, 778, 779, 780, 781, 782, 783, 784, 785, 786, 787, 788, 789, 790, 791, 792, 793, 796, 812, 823, 824, 825, 826, 827, 906, 907, 908, 909]",True,"[151, 212, 256, 266, 622, 682, 718]","[103, 104, 105, 106, 107, 108, 109, 110, 111, 112, 113, 114, 115, 116, 117, 118, 119, 120, 121, 122, 123, 124, 125, 126, 127, 128, 129, 130, 131, 132, 133, 134, 135, 136, 137, 138, 139, 140, 141, 142, 143, 144, 145, 146, 147, 148, 149, 150, 151, 152, 153, 154, 155, 156, 157, 158, 159, 160, 161, 162, 163, 164, 165, 166, 167, 168, 169, 170, 171, 172, 173, 174, 175, 176, 177, 178, 179, 180, 181, 182, 183, 184, 185, 186, 187, 188, 189, 190, 191, 192, 193, 194, 195, 196, 197, 198, 199, 200, 201, 202, 203, 204, 205, 206, 207, 208, 209, 210, 211, 212, 213, 214, 215, 216, 217, 218, 219, 220, 221, 222, 223, 224, 225, 226, 227, 228, 229, 230, 231, 232, 233, 234, 235, 236, 237, 238, 239, 240, 241, 242, 243, 244, 245, 246, 247, 248, 249, 250, 251, 252, 253, 254, 255, 256, 257, 258, 259, 260, 261, 262, 263, 264, 265, 266, 267, 268, 269, 270, 271, 272, 273, 274, 275, 276, 277, 278, 279, 280, 281, 282, 283, 284, 285, 286, 287, 288, 289, 290, 291, 292, 293, 294, 295, 296, 297, 298, 299, 300, 301, 302, 303, 304, 305, 306, 307, 308, 309, 310, 311, 312, 313, 314, 315, 316, 317, 318, 319, 320, 321, 322, 323, 324, 325, 326, 327, 328, 329, 330, 331, 332, 333, 334, 335, 336, 337, 574, 575, 576, 577, 578, 579, 580, 581, 582, 583, 584, 585, 586, 587, 588, 589, 590, 591, 592, 593, 594, 595, 596, 597, 598, 599, 600, 601, 602, 603, 604, 605, 606, 607, 608, 609, 610, 611, 612, 613, 614, 615, 616, 617, 618, 619, 620, 621, 622, 623, 624, 625, 626, 627, 628, 629, 630, 631, 632, 633, 634, 635, 636, 637, 638, 639, 640, 641, 642, 643, 644, 645, 646, 647, 648, 649, 650, 651, 652, 653, 654, 655, 656, 657, 658, 659, 660, 661, 662, 663, 664, 665, 666, 667, 668, 669, 670, 671, 672, 673, 674, 675, 676, 677, 678, 679, 680, 681, 682, 683, 684, 685, 686, 687, 688, 689, 690, 691, 692, 693, 694, 695, 696, 697, 698, 699, 700, 701, 702, 703, 704, 705, 706, 707, 708, 709, 710, 711, 712, 713, 714, 715, 716, 717, 718, 719, 720, 721, 722, 723, 724, 725, 726, 727, 728, 729, 730, 731, 732, 733, 734, 735, 736, 737, 738, 739, 740, 741, 742, 743, 744, 745, 746, 747, 748, 749, 750, 751, 752, 753, 754, 755, 756, 757, 758, 759, 760, 761, 762, 763, 764, 765, 766, 767, 768, 769, 770, 771, 772, 773, 774, 775, 776, 777, 778, 779, 780, 781, 782, 783, 784, 785, 786, 787, 788, 789, 790, 791, 792, 793]","[151, 212, 256, 266, 622, 682, 718]","[256, 718]","[10, 75, 103, 104, 106, 117, 118, 120, 127, 128, 129, 131, 133, 135, 136, 137, 139, 146, 147, 148, 149, 151, 158, 160, 162, 166, 173, 178, 179, 185, 190, 192, 198, 201, 203, 204, 206, 207, 212, 213, 214, 219, 223, 224, 225, 227, 230, 235, 237, 246, 247, 256, 259, 262, 263, 266, 268, 269, 271, 272, 278, 279, 284, 285, 288, 290, 292, 304, 306, 312, 316, 319, 320, 323, 324, 329, 332, 335, 495, 549, 574, 575, 577, 588, 589, 591, 598, 599, 600, 602, 604, 606, 607, 608, 610, 617, 618, 619, 620, 622, 625, 630, 632, 634, 638, 644, 649, 650, 656, 661, 663, 669, 673, 674, 676, 677, 682, 683, 684, 687, 688, 689, 691, 694, 699, 701, 710, 718, 722, 723, 727, 728, 730, 731, 737, 738, 743, 744, 747, 749, 751, 762, 764, 770, 774, 777, 778, 781, 782, 789, 791]","[15, 16, 65, 66, 67, 68, 69, 70, 71, 72, 73, 74, 75, 76, 77, 78, 80, 151, 244, 245, 246, 247, 248, 249, 250, 251, 252, 253, 254, 255, 256, 257, 258, 259, 260, 280, 340, 357, 373, 374, 375, 376, 377, 459, 460, 461, 462, 500, 501, 539, 540, 541, 542, 543, 544, 545, 546, 547, 548, 549, 550, 552, 622, 708, 709, 710, 711, 712, 713, 714, 715, 716, 717, 718, 719, 720, 739, 796, 812, 823, 824, 825, 826, 827, 906, 907, 908, 909]","[15, 16, 65, 66, 67, 68, 69, 70, 71, 72, 73, 74, 75, 76, 80, 151, 245, 246, 247, 248, 249, 250, 251, 252, 253, 254, 255, 256, 257, 258, 259, 280, 340, 373, 374, 375, 376, 377, 459, 460, 461, 462, 500, 501, 539, 540, 541, 542, 543, 544, 545, 546, 547, 548, 549, 550, 552, 622, 708, 709, 710, 711, 712, 713, 714, 715, 716, 717, 718, 719, 720, 739, 796, 823, 824, 825, 826, 827, 906, 907, 908, 909]",7/6 successful match,True,[626],True,328,False,,1.0,True,Pilot Travel Center # 365,Pilot
"F Selma , 93662 Break Place ( Shell )",559-891-9191 CA Kailey's 99 Exit 115 ( Mountain View ),24 409,Selma,93662,Break Place ( Shell ),559-891-9191,2006,Selma,CA,Shell,( Mountain View ),CA Kailey's 99 Exit 115 ,Exit,115,False,,False,CA Kailey,,,,,"[694, 230]","[230, 284, 694, 743]","[230, 284, 694, 743]","[25, 39, 230, 284, 299, 449, 486, 520, 694, 743, 758, 897]","[103, 104, 105, 106, 107, 108, 109, 110, 111, 112, 113, 114, 115, 116, 117, 118, 119, 120, 121, 122, 123, 124, 125, 126, 127, 128, 129, 130, 131, 132, 133, 134, 135, 136, 137, 138, 139, 140, 141, 142, 143, 144, 145, 146, 147, 148, 149, 150, 151, 152, 153, 154, 155, 156, 157, 158, 159, 160, 161, 162, 163, 164, 165, 166, 167, 168, 169, 170, 171, 172, 173, 174, 175, 176, 177, 178, 179, 180, 181, 182, 183, 184, 185, 186, 187, 188, 189, 190, 191, 192, 193, 194, 195, 196, 197, 198, 199, 200, 201, 202, 203, 204, 205, 206, 207, 208, 209, 210, 211, 212, 213, 214, 215, 216, 217, 218, 219, 220, 221, 222, 223, 224, 225, 226, 227, 228, 229, 230, 231, 232, 233, 234, 235, 236, 237, 238, 239, 240, 241, 242, 243, 244, 245, 246, 247, 248, 249, 250, 251, 252, 253, 254, 255, 256, 257, 258, 259, 260, 261, 262, 263, 264, 265, 266, 267, 268, 269, 270, 271, 272, 273, 274, 275, 276, 277, 278, 279, 280, 281, 282, 283, 284, 285, 286, 287, 288, 289, 290, 291, 292, 293, 294, 295, 296, 297, 298, 299, 300, 301, 302, 303, 304, 305, 306, 307, 308, 309, 310, 311, 312, 313, 314, 315, 316, 317, 318, 319, 320, 321, 322, 323, 324, 325, 326, 327, 328, 329, 330, 331, 332, 333, 334, 335, 336, 337, 574, 575, 576, 577, 578, 579, 580, 581, 582, 583, 584, 585, 586, 587, 588, 589, 590, 591, 592, 593, 594, 595, 596, 597, 598, 599, 600, 601, 602, 603, 604, 605, 606, 607, 608, 609, 610, 611, 612, 613, 614, 615, 616, 617, 618, 619, 620, 621, 622, 623, 624, 625, 626, 627, 628, 629, 630, 631, 632, 633, 634, 635, 636, 637, 638, 639, 640, 641, 642, 643, 644, 645, 646, 647, 648, 649, 650, 651, 652, 653, 654, 655, 656, 657, 658, 659, 660, 661, 662, 663, 664, 665, 666, 667, 668, 669, 670, 671, 672, 673, 674, 675, 676, 677, 678, 679, 680, 681, 682, 683, 684, 685, 686, 687, 688, 689, 690, 691, 692, 693, 694, 695, 696, 697, 698, 699, 700, 701, 702, 703, 704, 705, 706, 707, 708, 709, 710, 711, 712, 713, 714, 715, 716, 717, 718, 719, 720, 721, 722, 723, 724, 725, 726, 727, 728, 729, 730, 731, 732, 733, 734, 735, 736, 737, 738, 739, 740, 741, 742, 743, 744, 745, 746, 747, 748, 749, 750, 751, 752, 753, 754, 755, 756, 757, 758, 759, 760, 761, 762, 763, 764, 765, 766, 767, 768, 769, 770, 771, 772, 773, 774, 775, 776, 777, 778, 779, 780, 781, 782, 783, 784, 785, 786, 787, 788, 789, 790, 791, 792, 793]","[103, 104, 106, 117, 118, 120, 127, 128, 129, 131, 133, 135, 136, 137, 139, 146, 147, 148, 149, 151, 158, 160, 162, 166, 173, 178, 179, 185, 190, 192, 198, 201, 203, 204, 206, 207, 212, 213, 214, 219, 223, 224, 225, 227, 230, 235, 237, 246, 247, 256, 259, 262, 263, 266, 268, 269, 271, 272, 278, 279, 284, 285, 288, 290, 292, 304, 312, 316, 319, 320, 323, 324, 332, 574, 575, 588, 591, 607, 608, 610, 618, 619, 620, 622, 632, 644, 649, 650, 656, 661, 663, 669, 674, 677, 683, 684, 687, 688, 689, 701, 710, 723, 730, 731, 738, 747, 751, 762, 774, 778, 789]","[1, 13, 14, 29, 54, 55, 56, 57, 58, 60, 102, 118, 125, 127, 130, 134, 146, 149, 153, 175, 182, 187, 189, 191, 197, 225, 230, 238, 264, 265, 266, 286, 302, 317, 336, 379, 388, 389, 425, 454, 458, 463, 475, 487, 498, 499, 512, 530, 531, 532, 533, 534, 536, 573, 589, 596, 598, 601, 605, 617, 620, 624, 646, 653, 658, 660, 662, 668, 689, 694, 702, 724, 725, 745, 760, 775, 793, 829, 838, 839, 877, 901, 903, 905, 910, 923]","[1, 13, 14, 29, 54, 55, 56, 57, 58, 60, 102, 118, 125, 127, 130, 134, 146, 149, 153, 175, 182, 187, 189, 191, 197, 225, 230, 238, 264, 265, 266, 286, 302, 317, 336, 354, 379, 388, 389, 425, 454, 458, 463, 475, 487, 498, 499, 512, 530, 531, 532, 533, 534, 536, 573, 589, 596, 598, 601, 605, 617, 620, 624, 646, 653, 658, 660, 662, 668, 689, 694, 702, 724, 725, 745, 760, 775, 793, 809, 829, 838, 839, 877, 901, 903, 905, 910, 923]","[1, 13, 14, 25, 29, 39, 54, 55, 56, 57, 58, 60, 102, 103, 104, 105, 106, 107, 108, 109, 110, 111, 112, 113, 114, 115, 116, 117, 118, 119, 120, 121, 122, 123, 124, 125, 126, 127, 128, 129, 130, 131, 132, 133, 134, 135, 136, 137, 138, 139, 140, 141, 142, 143, 144, 145, 146, 147, 148, 149, 150, 151, 152, 153, 154, 155, 156, 157, 158, 159, 160, 161, 162, 163, 164, 165, 166, 167, 168, 169, 170, 171, 172, 173, 174, 175, 176, 177, 178, 179, 180, 181, 182, 183, 184, 185, 186, 187, 188, 189, 190, 191, 192, 193, 194, 195, 196, 197, 198, 199, 200, 201, 202, 203, 204, 205, 206, 207, 208, 209, 210, 211, 212, 213, 214, 215, 216, 217, 218, 219, 220, 221, 222, 223, 224, 225, 226, 227, 228, 229, 230, 231, 232, 233, 234, 235, 236, 237, 238, 239, 240, 241, 242, 243, 244, 245, 246, 247, 248, 249, 250, 251, 252, 253, 254, 255, 256, 257, 258, 259, 260, 261, 262, 263, 264, 265, 266, 267, 268, 269, 270, 271, 272, 273, 274, 275, 276, 277, 278, 279, 280, 281, 282, 283, 284, 285, 286, 287, 288, 289, 290, 291, 292, 293, 294, 295, 296, 297, 298, 299, 300, 301, 302, 303, 304, 305, 306, 307, 308, 309, 310, 311, 312, 313, 314, 315, 316, 317, 318, 319, 320, 321, 322, 323, 324, 325, 326, 327, 328, 329, 330, 331, 332, 333, 334, 335, 336, 337, 354, 379, 388, 389, 425, 449, 454, 458, 463, 475, 486, 487, 498, 499, 512, 520, 530, 531, 532, 533, 534, 536, 573, 574, 575, 576, 577, 578, 579, 580, 581, 582, 583, 584, 585, 586, 587, 588, 589, 590, 591, 592, 593, 594, 595, 596, 597, 598, 599, 600, 601, 602, 603, 604, 605, 606, 607, 608, 609, 610, 611, 612, 613, 614, 615, 616, 617, 618, 619, 620, 621, 622, 623, 624, 625, 626, 627, 628, 629, 630, 631, 632, 633, 634, 635, 636, 637, 638, 639, 640, 641, 642, 643, 644, 645, 646, 647, 648, 649, 650, 651, 652, 653, 654, 655, 656, 657, 658, 659, 660, 661, 662, 663, 664, 665, 666, 667, 668, 669, 670, 671, 672, 673, 674, 675, 676, 677, 678, 679, 680, 681, 682, 683, 684, 685, 686, 687, 688, 689, 690, 691, 692, 693, 694, 695, 696, 697, 698, 699, 700, 701, 702, 703, 704, 705, 706, 707, 708, 709, 710, 711, 712, 713, 714, 715, 716, 717, 718, 719, 720, 721, 722, 723, 724, 725, 726, 727, 728, 729, 730, 731, 732, 733, 734, 735, 736, 737, 738, 739, 740, 741, 742, 743, 744, 745, 746, 747, 748, 749, 750, 751, 752, 753, 754, 755, 756, 757, 758, 759, 760, 761, 762, 763, 764, 765, 766, 767, 768, 769, 770, 771, 772, 773, 774, 775, 776, 777, 778, 779, 780, 781, 782, 783, 784, 785, 786, 787, 788, 789, 790, 791, 792, 793, 809, 829, 838, 839, 877, 897, 901, 903, 905, 910, 923]",True,"[230, 284, 694, 743]","[103, 104, 105, 106, 107, 108, 109, 110, 111, 112, 113, 114, 115, 116, 117, 118, 119, 120, 121, 122, 123, 124, 125, 126, 127, 128, 129, 130, 131, 132, 133, 134, 135, 136, 137, 138, 139, 140, 141, 142, 143, 144, 145, 146, 147, 148, 149, 150, 151, 152, 153, 154, 155, 156, 157, 158, 159, 160, 161, 162, 163, 164, 165, 166, 167, 168, 169, 170, 171, 172, 173, 174, 175, 176, 177, 178, 179, 180, 181, 182, 183, 184, 185, 186, 187, 188, 189, 190, 191, 192, 193, 194, 195, 196, 197, 198, 199, 200, 201, 202, 203, 204, 205, 206, 207, 208, 209, 210, 211, 212, 213, 214, 215, 216, 217, 218, 219, 220, 221, 222, 223, 224, 225, 226, 227, 228, 229, 230, 231, 232, 233, 234, 235, 236, 237, 238, 239, 240, 241, 242, 243, 244, 245, 246, 247, 248, 249, 250, 251, 252, 253, 254, 255, 256, 257, 258, 259, 260, 261, 262, 263, 264, 265, 266, 267, 268, 269, 270, 271, 272, 273, 274, 275, 276, 277, 278, 279, 280, 281, 282, 283, 284, 285, 286, 287, 288, 289, 290, 291, 292, 293, 294, 295, 296, 297, 298, 299, 300, 301, 302, 303, 304, 305, 306, 307, 308, 309, 310, 311, 312, 313, 314, 315, 316, 317, 318, 319, 320, 321, 322, 323, 324, 325, 326, 327, 328, 329, 330, 331, 332, 333, 334, 335, 336, 337, 574, 575, 576, 577, 578, 579, 580, 581, 582, 583, 584, 585, 586, 587, 588, 589, 590, 591, 592, 593, 594, 595, 596, 597, 598, 599, 600, 601, 602, 603, 604, 605, 606, 607, 608, 609, 610, 611, 612, 613, 614, 615, 616, 617, 618, 619, 620, 621, 622, 623, 624, 625, 626, 627, 628, 629, 630, 631, 632, 633, 634, 635, 636, 637, 638, 639, 640, 641, 642, 643, 644, 645, 646, 647, 648, 649, 650, 651, 652, 653, 654, 655, 656, 657, 658, 659, 660, 661, 662, 663, 664, 665, 666, 667, 668, 669, 670, 671, 672, 673, 674, 675, 676, 677, 678, 679, 680, 681, 682, 683, 684, 685, 686, 687, 688, 689, 690, 691, 692, 693, 694, 695, 696, 697, 698, 699, 700, 701, 702, 703, 704, 705, 706, 707, 708, 709, 710, 711, 712, 713, 714, 715, 716, 717, 718, 719, 720, 721, 722, 723, 724, 725, 726, 727, 728, 729, 730, 731, 732, 733, 734, 735, 736, 737, 738, 739, 740, 741, 742, 743, 744, 745, 746, 747, 748, 749, 750, 751, 752, 753, 754, 755, 756, 757, 758, 759, 760, 761, 762, 763, 764, 765, 766, 767, 768, 769, 770, 771, 772, 773, 774, 775, 776, 777, 778, 779, 780, 781, 782, 783, 784, 785, 786, 787, 788, 789, 790, 791, 792, 793]","[230, 284, 694, 743]","[25, 39, 230, 284, 299, 449, 486, 520, 694, 743, 758, 897]","[103, 104, 106, 117, 118, 120, 127, 128, 129, 131, 133, 135, 136, 137, 139, 146, 147, 148, 149, 151, 158, 160, 162, 166, 173, 178, 179, 185, 190, 192, 198, 201, 203, 204, 206, 207, 212, 213, 214, 219, 223, 224, 225, 227, 230, 235, 237, 246, 247, 256, 259, 262, 263, 266, 268, 269, 271, 272, 278, 279, 284, 285, 288, 290, 292, 304, 312, 316, 319, 320, 323, 324, 332, 574, 575, 588, 591, 607, 608, 610, 618, 619, 620, 622, 632, 644, 649, 650, 656, 661, 663, 669, 674, 677, 683, 684, 687, 688, 689, 701, 710, 723, 730, 731, 738, 747, 751, 762, 774, 778, 789]","[1, 13, 14, 29, 54, 55, 56, 57, 58, 60, 102, 118, 125, 127, 130, 134, 146, 149, 153, 175, 182, 187, 189, 191, 197, 225, 230, 238, 264, 265, 266, 286, 302, 317, 336, 354, 379, 388, 389, 425, 454, 458, 463, 475, 487, 498, 499, 512, 530, 531, 532, 533, 534, 536, 573, 589, 596, 598, 601, 605, 617, 620, 624, 646, 653, 658, 660, 662, 668, 689, 694, 702, 724, 725, 745, 760, 775, 793, 809, 829, 838, 839, 877, 901, 903, 905, 910, 923]","[1, 13, 14, 29, 54, 55, 56, 57, 58, 60, 102, 118, 125, 127, 130, 134, 146, 149, 153, 175, 182, 187, 189, 191, 197, 225, 230, 238, 264, 265, 266, 286, 302, 317, 336, 379, 388, 389, 425, 454, 458, 463, 475, 487, 498, 499, 512, 530, 531, 532, 533, 534, 536, 573, 589, 596, 598, 601, 605, 617, 620, 624, 646, 653, 658, 660, 662, 668, 689, 694, 702, 724, 725, 745, 760, 775, 793, 829, 838, 839, 877, 901, 903, 905, 910, 923]",7/6 successful match,True,[51],True,329,False,,,,,
"= FSelma , 93662 Kailey's Break Place ( Shell )",559-891-9191 CA 99 Exit 115 ( Mountain View ),24 24 AS S <U+2610> 000,Selma,93662,Kailey's Break Place ( Shell ),559-891-9191,2007,Selma,CA,Shell,( Mountain View ),CA 99 Exit 115 ,Exit,115,False,,False,CA 99,,,,,"[694, 230]","[230, 284, 694, 743]","[230, 284, 694, 743]","[25, 39, 230, 284, 299, 449, 486, 520, 694, 743, 758, 897]","[103, 104, 105, 106, 107, 108, 109, 110, 111, 112, 113, 114, 115, 116, 117, 118, 119, 120, 121, 122, 123, 124, 125, 126, 127, 128, 129, 130, 131, 132, 133, 134, 135, 136, 137, 138, 139, 140, 141, 142, 143, 144, 145, 146, 147, 148, 149, 150, 151, 152, 153, 154, 155, 156, 157, 158, 159, 160, 161, 162, 163, 164, 165, 166, 167, 168, 169, 170, 171, 172, 173, 174, 175, 176, 177, 178, 179, 180, 181, 182, 183, 184, 185, 186, 187, 188, 189, 190, 191, 192, 193, 194, 195, 196, 197, 198, 199, 200, 201, 202, 203, 204, 205, 206, 207, 208, 209, 210, 211, 212, 213, 214, 215, 216, 217, 218, 219, 220, 221, 222, 223, 224, 225, 226, 227, 228, 229, 230, 231, 232, 233, 234, 235, 236, 237, 238, 239, 240, 241, 242, 243, 244, 245, 246, 247, 248, 249, 250, 251, 252, 253, 254, 255, 256, 257, 258, 259, 260, 261, 262, 263, 264, 265, 266, 267, 268, 269, 270, 271, 272, 273, 274, 275, 276, 277, 278, 279, 280, 281, 282, 283, 284, 285, 286, 287, 288, 289, 290, 291, 292, 293, 294, 295, 296, 297, 298, 299, 300, 301, 302, 303, 304, 305, 306, 307, 308, 309, 310, 311, 312, 313, 314, 315, 316, 317, 318, 319, 320, 321, 322, 323, 324, 325, 326, 327, 328, 329, 330, 331, 332, 333, 334, 335, 336, 337, 574, 575, 576, 577, 578, 579, 580, 581, 582, 583, 584, 585, 586, 587, 588, 589, 590, 591, 592, 593, 594, 595, 596, 597, 598, 599, 600, 601, 602, 603, 604, 605, 606, 607, 608, 609, 610, 611, 612, 613, 614, 615, 616, 617, 618, 619, 620, 621, 622, 623, 624, 625, 626, 627, 628, 629, 630, 631, 632, 633, 634, 635, 636, 637, 638, 639, 640, 641, 642, 643, 644, 645, 646, 647, 648, 649, 650, 651, 652, 653, 654, 655, 656, 657, 658, 659, 660, 661, 662, 663, 664, 665, 666, 667, 668, 669, 670, 671, 672, 673, 674, 675, 676, 677, 678, 679, 680, 681, 682, 683, 684, 685, 686, 687, 688, 689, 690, 691, 692, 693, 694, 695, 696, 697, 698, 699, 700, 701, 702, 703, 704, 705, 706, 707, 708, 709, 710, 711, 712, 713, 714, 715, 716, 717, 718, 719, 720, 721, 722, 723, 724, 725, 726, 727, 728, 729, 730, 731, 732, 733, 734, 735, 736, 737, 738, 739, 740, 741, 742, 743, 744, 745, 746, 747, 748, 749, 750, 751, 752, 753, 754, 755, 756, 757, 758, 759, 760, 761, 762, 763, 764, 765, 766, 767, 768, 769, 770, 771, 772, 773, 774, 775, 776, 777, 778, 779, 780, 781, 782, 783, 784, 785, 786, 787, 788, 789, 790, 791, 792, 793]","[10, 75, 103, 104, 106, 117, 118, 120, 127, 128, 129, 131, 133, 135, 136, 137, 139, 146, 147, 148, 149, 151, 158, 160, 162, 166, 173, 178, 179, 185, 190, 192, 198, 201, 203, 204, 206, 207, 212, 213, 214, 219, 223, 224, 225, 227, 230, 235, 237, 246, 247, 256, 259, 262, 263, 266, 268, 269, 271, 272, 278, 279, 284, 285, 288, 290, 292, 304, 306, 312, 316, 319, 320, 323, 324, 329, 332, 335, 495, 549, 574, 575, 577, 588, 589, 591, 598, 599, 600, 602, 604, 606, 607, 608, 610, 617, 618, 619, 620, 622, 625, 630, 632, 634, 638, 644, 649, 650, 656, 661, 663, 669, 673, 674, 676, 677, 682, 683, 684, 687, 688, 689, 691, 694, 699, 701, 710, 718, 722, 723, 727, 728, 730, 731, 737, 738, 743, 744, 747, 749, 751, 762, 764, 770, 774, 777, 778, 781, 782, 789, 791]","[1, 13, 14, 29, 54, 55, 56, 57, 58, 60, 102, 118, 125, 127, 130, 134, 146, 149, 153, 175, 182, 187, 189, 191, 197, 225, 230, 238, 264, 265, 266, 286, 302, 317, 336, 379, 388, 389, 425, 454, 458, 463, 475, 487, 498, 499, 512, 530, 531, 532, 533, 534, 536, 573, 589, 596, 598, 601, 605, 617, 620, 624, 646, 653, 658, 660, 662, 668, 689, 694, 702, 724, 725, 745, 760, 775, 793, 829, 838, 839, 877, 901, 903, 905, 910, 923]","[1, 13, 14, 29, 54, 55, 56, 57, 58, 60, 102, 118, 125, 127, 130, 134, 146, 149, 153, 175, 182, 187, 189, 191, 197, 225, 230, 238, 264, 265, 266, 286, 302, 317, 336, 354, 379, 388, 389, 425, 454, 458, 463, 475, 487, 498, 499, 512, 530, 531, 532, 533, 534, 536, 573, 589, 596, 598, 601, 605, 617, 620, 624, 646, 653, 658, 660, 662, 668, 689, 694, 702, 724, 725, 745, 760, 775, 793, 809, 829, 838, 839, 877, 901, 903, 905, 910, 923]","[1, 10, 13, 14, 25, 29, 39, 54, 55, 56, 57, 58, 60, 75, 102, 103, 104, 105, 106, 107, 108, 109, 110, 111, 112, 113, 114, 115, 116, 117, 118, 119, 120, 121, 122, 123, 124, 125, 126, 127, 128, 129, 130, 131, 132, 133, 134, 135, 136, 137, 138, 139, 140, 141, 142, 143, 144, 145, 146, 147, 148, 149, 150, 151, 152, 153, 154, 155, 156, 157, 158, 159, 160, 161, 162, 163, 164, 165, 166, 167, 168, 169, 170, 171, 172, 173, 174, 175, 176, 177, 178, 179, 180, 181, 182, 183, 184, 185, 186, 187, 188, 189, 190, 191, 192, 193, 194, 195, 196, 197, 198, 199, 200, 201, 202, 203, 204, 205, 206, 207, 208, 209, 210, 211, 212, 213, 214, 215, 216, 217, 218, 219, 220, 221, 222, 223, 224, 225, 226, 227, 228, 229, 230, 231, 232, 233, 234, 235, 236, 237, 238, 239, 240, 241, 242, 243, 244, 245, 246, 247, 248, 249, 250, 251, 252, 253, 254, 255, 256, 257, 258, 259, 260, 261, 262, 263, 264, 265, 266, 267, 268, 269, 270, 271, 272, 273, 274, 275, 276, 277, 278, 279, 280, 281, 282, 283, 284, 285, 286, 287, 288, 289, 290, 291, 292, 293, 294, 295, 296, 297, 298, 299, 300, 301, 302, 303, 304, 305, 306, 307, 308, 309, 310, 311, 312, 313, 314, 315, 316, 317, 318, 319, 320, 321, 322, 323, 324, 325, 326, 327, 328, 329, 330, 331, 332, 333, 334, 335, 336, 337, 354, 379, 388, 389, 425, 449, 454, 458, 463, 475, 486, 487, 495, 498, 499, 512, 520, 530, 531, 532, 533, 534, 536, 549, 573, 574, 575, 576, 577, 578, 579, 580, 581, 582, 583, 584, 585, 586, 587, 588, 589, 590, 591, 592, 593, 594, 595, 596, 597, 598, 599, 600, 601, 602, 603, 604, 605, 606, 607, 608, 609, 610, 611, 612, 613, 614, 615, 616, 617, 618, 619, 620, 621, 622, 623, 624, 625, 626, 627, 628, 629, 630, 631, 632, 633, 634, 635, 636, 637, 638, 639, 640, 641, 642, 643, 644, 645, 646, 647, 648, 649, 650, 651, 652, 653, 654, 655, 656, 657, 658, 659, 660, 661, 662, 663, 664, 665, 666, 667, 668, 669, 670, 671, 672, 673, 674, 675, 676, 677, 678, 679, 680, 681, 682, 683, 684, 685, 686, 687, 688, 689, 690, 691, 692, 693, 694, 695, 696, 697, 698, 699, 700, 701, 702, 703, 704, 705, 706, 707, 708, 709, 710, 711, 712, 713, 714, 715, 716, 717, 718, 719, 720, 721, 722, 723, 724, 725, 726, 727, 728, 729, 730, 731, 732, 733, 734, 735, 736, 737, 738, 739, 740, 741, 742, 743, 744, 745, 746, 747, 748, 749, 750, 751, 752, 753, 754, 755, 756, 757, 758, 759, 760, 761, 762, 763, 764, 765, 766, 767, 768, 769, 770, 771, 772, 773, 774, 775, 776, 777, 778, 779, 780, 781, 782, 783, 784, 785, 786, 787, 788, 789, 790, 791, 792, 793, 809, 829, 838, 839, 877, 897, 901, 903, 905, 910, 923]",True,"[230, 284, 694, 743]","[103, 104, 105, 106, 107, 108, 109, 110, 111, 112, 113, 114, 115, 116, 117, 118, 119, 120, 121, 122, 123, 124, 125, 126, 127, 128, 129, 130, 131, 132, 133, 134, 135, 136, 137, 138, 139, 140, 141, 142, 143, 144, 145, 146, 147, 148, 149, 150, 151, 152, 153, 154, 155, 156, 157, 158, 159, 160, 161, 162, 163, 164, 165, 166, 167, 168, 169, 170, 171, 172, 173, 174, 175, 176, 177, 178, 179, 180, 181, 182, 183, 184, 185, 186, 187, 188, 189, 190, 191, 192, 193, 194, 195, 196, 197, 198, 199, 200, 201, 202, 203, 204, 205, 206, 207, 208, 209, 210, 211, 212, 213, 214, 215, 216, 217, 218, 219, 220, 221, 222, 223, 224, 225, 226, 227, 228, 229, 230, 231, 232, 233, 234, 235, 236, 237, 238, 239, 240, 241, 242, 243, 244, 245, 246, 247, 248, 249, 250, 251, 252, 253, 254, 255, 256, 257, 258, 259, 260, 261, 262, 263, 264, 265, 266, 267, 268, 269, 270, 271, 272, 273, 274, 275, 276, 277, 278, 279, 280, 281, 282, 283, 284, 285, 286, 287, 288, 289, 290, 291, 292, 293, 294, 295, 296, 297, 298, 299, 300, 301, 302, 303, 304, 305, 306, 307, 308, 309, 310, 311, 312, 313, 314, 315, 316, 317, 318, 319, 320, 321, 322, 323, 324, 325, 326, 327, 328, 329, 330, 331, 332, 333, 334, 335, 336, 337, 574, 575, 576, 577, 578, 579, 580, 581, 582, 583, 584, 585, 586, 587, 588, 589, 590, 591, 592, 593, 594, 595, 596, 597, 598, 599, 600, 601, 602, 603, 604, 605, 606, 607, 608, 609, 610, 611, 612, 613, 614, 615, 616, 617, 618, 619, 620, 621, 622, 623, 624, 625, 626, 627, 628, 629, 630, 631, 632, 633, 634, 635, 636, 637, 638, 639, 640, 641, 642, 643, 644, 645, 646, 647, 648, 649, 650, 651, 652, 653, 654, 655, 656, 657, 658, 659, 660, 661, 662, 663, 664, 665, 666, 667, 668, 669, 670, 671, 672, 673, 674, 675, 676, 677, 678, 679, 680, 681, 682, 683, 684, 685, 686, 687, 688, 689, 690, 691, 692, 693, 694, 695, 696, 697, 698, 699, 700, 701, 702, 703, 704, 705, 706, 707, 708, 709, 710, 711, 712, 713, 714, 715, 716, 717, 718, 719, 720, 721, 722, 723, 724, 725, 726, 727, 728, 729, 730, 731, 732, 733, 734, 735, 736, 737, 738, 739, 740, 741, 742, 743, 744, 745, 746, 747, 748, 749, 750, 751, 752, 753, 754, 755, 756, 757, 758, 759, 760, 761, 762, 763, 764, 765, 766, 767, 768, 769, 770, 771, 772, 773, 774, 775, 776, 777, 778, 779, 780, 781, 782, 783, 784, 785, 786, 787, 788, 789, 790, 791, 792, 793]","[230, 284, 694, 743]","[25, 39, 230, 284, 299, 449, 486, 520, 694, 743, 758, 897]","[10, 75, 103, 104, 106, 117, 118, 120, 127, 128, 129, 131, 133, 135, 136, 137, 139, 146, 147, 148, 149, 151, 158, 160, 162, 166, 173, 178, 179, 185, 190, 192, 198, 201, 203, 204, 206, 207, 212, 213, 214, 219, 223, 224, 225, 227, 230, 235, 237, 246, 247, 256, 259, 262, 263, 266, 268, 269, 271, 272, 278, 279, 284, 285, 288, 290, 292, 304, 306, 312, 316, 319, 320, 323, 324, 329, 332, 335, 495, 549, 574, 575, 577, 588, 589, 591, 598, 599, 600, 602, 604, 606, 607, 608, 610, 617, 618, 619, 620, 622, 625, 630, 632, 634, 638, 644, 649, 650, 656, 661, 663, 669, 673, 674, 676, 677, 682, 683, 684, 687, 688, 689, 691, 694, 699, 701, 710, 718, 722, 723, 727, 728, 730, 731, 737, 738, 743, 744, 747, 749, 751, 762, 764, 770, 774, 777, 778, 781, 782, 789, 791]","[1, 13, 14, 29, 54, 55, 56, 57, 58, 60, 102, 118, 125, 127, 130, 134, 146, 149, 153, 175, 182, 187, 189, 191, 197, 225, 230, 238, 264, 265, 266, 286, 302, 317, 336, 354, 379, 388, 389, 425, 454, 458, 463, 475, 487, 498, 499, 512, 530, 531, 532, 533, 534, 536, 573, 589, 596, 598, 601, 605, 617, 620, 624, 646, 653, 658, 660, 662, 668, 689, 694, 702, 724, 725, 745, 760, 775, 793, 809, 829, 838, 839, 877, 901, 903, 905, 910, 923]","[1, 13, 14, 29, 54, 55, 56, 57, 58, 60, 102, 118, 125, 127, 130, 134, 146, 149, 153, 175, 182, 187, 189, 191, 197, 225, 230, 238, 264, 265, 266, 286, 302, 317, 336, 379, 388, 389, 425, 454, 458, 463, 475, 487, 498, 499, 512, 530, 531, 532, 533, 534, 536, 573, 589, 596, 598, 601, 605, 617, 620, 624, 646, 653, 658, 660, 662, 668, 689, 694, 702, 724, 725, 745, 760, 775, 793, 829, 838, 839, 877, 901, 903, 905, 910, 923]",7/6 successful match,True,[51],True,329,False,,1.0,True,Break Place ( Shell ),Shell
"F Selma , 93662 Selma Shell",3 559-891-9191 CA 99 Exit 115 ( Mountain View ),MRS S <U+25A1> <U+25A1> <U+2610>,Selma,93662,Selma Shell,559-891-9191,2008,Selma,CA,Shell,( Mountain View ),CA 99 Exit 115 ,Exit,115,False,,False,CA 99,,,,,"[694, 230]","[230, 284, 694, 743]","[230, 284, 694, 743]","[25, 39, 230, 284, 299, 449, 486, 520, 694, 743, 758, 897]","[103, 104, 105, 106, 107, 108, 109, 110, 111, 112, 113, 114, 115, 116, 117, 118, 119, 120, 121, 122, 123, 124, 125, 126, 127, 128, 129, 130, 131, 132, 133, 134, 135, 136, 137, 138, 139, 140, 141, 142, 143, 144, 145, 146, 147, 148, 149, 150, 151, 152, 153, 154, 155, 156, 157, 158, 159, 160, 161, 162, 163, 164, 165, 166, 167, 168, 169, 170, 171, 172, 173, 174, 175, 176, 177, 178, 179, 180, 181, 182, 183, 184, 185, 186, 187, 188, 189, 190, 191, 192, 193, 194, 195, 196, 197, 198, 199, 200, 201, 202, 203, 204, 205, 206, 207, 208, 209, 210, 211, 212, 213, 214, 215, 216, 217, 218, 219, 220, 221, 222, 223, 224, 225, 226, 227, 228, 229, 230, 231, 232, 233, 234, 235, 236, 237, 238, 239, 240, 241, 242, 243, 244, 245, 246, 247, 248, 249, 250, 251, 252, 253, 254, 255, 256, 257, 258, 259, 260, 261, 262, 263, 264, 265, 266, 267, 268, 269, 270, 271, 272, 273, 274, 275, 276, 277, 278, 279, 280, 281, 282, 283, 284, 285, 286, 287, 288, 289, 290, 291, 292, 293, 294, 295, 296, 297, 298, 299, 300, 301, 302, 303, 304, 305, 306, 307, 308, 309, 310, 311, 312, 313, 314, 315, 316, 317, 318, 319, 320, 321, 322, 323, 324, 325, 326, 327, 328, 329, 330, 331, 332, 333, 334, 335, 336, 337, 574, 575, 576, 577, 578, 579, 580, 581, 582, 583, 584, 585, 586, 587, 588, 589, 590, 591, 592, 593, 594, 595, 596, 597, 598, 599, 600, 601, 602, 603, 604, 605, 606, 607, 608, 609, 610, 611, 612, 613, 614, 615, 616, 617, 618, 619, 620, 621, 622, 623, 624, 625, 626, 627, 628, 629, 630, 631, 632, 633, 634, 635, 636, 637, 638, 639, 640, 641, 642, 643, 644, 645, 646, 647, 648, 649, 650, 651, 652, 653, 654, 655, 656, 657, 658, 659, 660, 661, 662, 663, 664, 665, 666, 667, 668, 669, 670, 671, 672, 673, 674, 675, 676, 677, 678, 679, 680, 681, 682, 683, 684, 685, 686, 687, 688, 689, 690, 691, 692, 693, 694, 695, 696, 697, 698, 699, 700, 701, 702, 703, 704, 705, 706, 707, 708, 709, 710, 711, 712, 713, 714, 715, 716, 717, 718, 719, 720, 721, 722, 723, 724, 725, 726, 727, 728, 729, 730, 731, 732, 733, 734, 735, 736, 737, 738, 739, 740, 741, 742, 743, 744, 745, 746, 747, 748, 749, 750, 751, 752, 753, 754, 755, 756, 757, 758, 759, 760, 761, 762, 763, 764, 765, 766, 767, 768, 769, 770, 771, 772, 773, 774, 775, 776, 777, 778, 779, 780, 781, 782, 783, 784, 785, 786, 787, 788, 789, 790, 791, 792, 793]","[10, 75, 103, 104, 106, 117, 118, 120, 127, 128, 129, 131, 133, 135, 136, 137, 139, 146, 147, 148, 149, 151, 158, 160, 162, 166, 173, 178, 179, 185, 190, 192, 198, 201, 203, 204, 206, 207, 212, 213, 214, 219, 223, 224, 225, 227, 230, 235, 237, 246, 247, 256, 259, 262, 263, 266, 268, 269, 271, 272, 278, 279, 284, 285, 288, 290, 292, 304, 306, 312, 316, 319, 320, 323, 324, 329, 332, 335, 495, 549, 574, 575, 577, 588, 589, 591, 598, 599, 600, 602, 604, 606, 607, 608, 610, 617, 618, 619, 620, 622, 625, 630, 632, 634, 638, 644, 649, 650, 656, 661, 663, 669, 673, 674, 676, 677, 682, 683, 684, 687, 688, 689, 691, 694, 699, 701, 710, 718, 722, 723, 727, 728, 730, 731, 737, 738, 743, 744, 747, 749, 751, 762, 764, 770, 774, 777, 778, 781, 782, 789, 791]","[1, 13, 14, 29, 54, 55, 56, 57, 58, 60, 102, 118, 125, 127, 130, 134, 146, 149, 153, 175, 182, 187, 189, 191, 197, 225, 230, 238, 264, 265, 266, 286, 302, 317, 336, 379, 388, 389, 425, 454, 458, 463, 475, 487, 498, 499, 512, 530, 531, 532, 533, 534, 536, 573, 589, 596, 598, 601, 605, 617, 620, 624, 646, 653, 658, 660, 662, 668, 689, 694, 702, 724, 725, 745, 760, 775, 793, 829, 838, 839, 877, 901, 903, 905, 910, 923]","[1, 13, 14, 29, 54, 55, 56, 57, 58, 60, 102, 118, 125, 127, 130, 134, 146, 149, 153, 175, 182, 187, 189, 191, 197, 225, 230, 238, 264, 265, 266, 286, 302, 317, 336, 354, 379, 388, 389, 425, 454, 458, 463, 475, 487, 498, 499, 512, 530, 531, 532, 533, 534, 536, 573, 589, 596, 598, 601, 605, 617, 620, 624, 646, 653, 658, 660, 662, 668, 689, 694, 702, 724, 725, 745, 760, 775, 793, 809, 829, 838, 839, 877, 901, 903, 905, 910, 923]","[1, 10, 13, 14, 25, 29, 39, 54, 55, 56, 57, 58, 60, 75, 102, 103, 104, 105, 106, 107, 108, 109, 110, 111, 112, 113, 114, 115, 116, 117, 118, 119, 120, 121, 122, 123, 124, 125, 126, 127, 128, 129, 130, 131, 132, 133, 134, 135, 136, 137, 138, 139, 140, 141, 142, 143, 144, 145, 146, 147, 148, 149, 150, 151, 152, 153, 154, 155, 156, 157, 158, 159, 160, 161, 162, 163, 164, 165, 166, 167, 168, 169, 170, 171, 172, 173, 174, 175, 176, 177, 178, 179, 180, 181, 182, 183, 184, 185, 186, 187, 188, 189, 190, 191, 192, 193, 194, 195, 196, 197, 198, 199, 200, 201, 202, 203, 204, 205, 206, 207, 208, 209, 210, 211, 212, 213, 214, 215, 216, 217, 218, 219, 220, 221, 222, 223, 224, 225, 226, 227, 228, 229, 230, 231, 232, 233, 234, 235, 236, 237, 238, 239, 240, 241, 242, 243, 244, 245, 246, 247, 248, 249, 250, 251, 252, 253, 254, 255, 256, 257, 258, 259, 260, 261, 262, 263, 264, 265, 266, 267, 268, 269, 270, 271, 272, 273, 274, 275, 276, 277, 278, 279, 280, 281, 282, 283, 284, 285, 286, 287, 288, 289, 290, 291, 292, 293, 294, 295, 296, 297, 298, 299, 300, 301, 302, 303, 304, 305, 306, 307, 308, 309, 310, 311, 312, 313, 314, 315, 316, 317, 318, 319, 320, 321, 322, 323, 324, 325, 326, 327, 328, 329, 330, 331, 332, 333, 334, 335, 336, 337, 354, 379, 388, 389, 425, 449, 454, 458, 463, 475, 486, 487, 495, 498, 499, 512, 520, 530, 531, 532, 533, 534, 536, 549, 573, 574, 575, 576, 577, 578, 579, 580, 581, 582, 583, 584, 585, 586, 587, 588, 589, 590, 591, 592, 593, 594, 595, 596, 597, 598, 599, 600, 601, 602, 603, 604, 605, 606, 607, 608, 609, 610, 611, 612, 613, 614, 615, 616, 617, 618, 619, 620, 621, 622, 623, 624, 625, 626, 627, 628, 629, 630, 631, 632, 633, 634, 635, 636, 637, 638, 639, 640, 641, 642, 643, 644, 645, 646, 647, 648, 649, 650, 651, 652, 653, 654, 655, 656, 657, 658, 659, 660, 661, 662, 663, 664, 665, 666, 667, 668, 669, 670, 671, 672, 673, 674, 675, 676, 677, 678, 679, 680, 681, 682, 683, 684, 685, 686, 687, 688, 689, 690, 691, 692, 693, 694, 695, 696, 697, 698, 699, 700, 701, 702, 703, 704, 705, 706, 707, 708, 709, 710, 711, 712, 713, 714, 715, 716, 717, 718, 719, 720, 721, 722, 723, 724, 725, 726, 727, 728, 729, 730, 731, 732, 733, 734, 735, 736, 737, 738, 739, 740, 741, 742, 743, 744, 745, 746, 747, 748, 749, 750, 751, 752, 753, 754, 755, 756, 757, 758, 759, 760, 761, 762, 763, 764, 765, 766, 767, 768, 769, 770, 771, 772, 773, 774, 775, 776, 777, 778, 779, 780, 781, 782, 783, 784, 785, 786, 787, 788, 789, 790, 791, 792, 793, 809, 829, 838, 839, 877, 897, 901, 903, 905, 910, 923]",True,"[230, 284, 694, 743]","[103, 104, 105, 106, 107, 108, 109, 110, 111, 112, 113, 114, 115, 116, 117, 118, 119, 120, 121, 122, 123, 124, 125, 126, 127, 128, 129, 130, 131, 132, 133, 134, 135, 136, 137, 138, 139, 140, 141, 142, 143, 144, 145, 146, 147, 148, 149, 150, 151, 152, 153, 154, 155, 156, 157, 158, 159, 160, 161, 162, 163, 164, 165, 166, 167, 168, 169, 170, 171, 172, 173, 174, 175, 176, 177, 178, 179, 180, 181, 182, 183, 184, 185, 186, 187, 188, 189, 190, 191, 192, 193, 194, 195, 196, 197, 198, 199, 200, 201, 202, 203, 204, 205, 206, 207, 208, 209, 210, 211, 212, 213, 214, 215, 216, 217, 218, 219, 220, 221, 222, 223, 224, 225, 226, 227, 228, 229, 230, 231, 232, 233, 234, 235, 236, 237, 238, 239, 240, 241, 242, 243, 244, 245, 246, 247, 248, 249, 250, 251, 252, 253, 254, 255, 256, 257, 258, 259, 260, 261, 262, 263, 264, 265, 266, 267, 268, 269, 270, 271, 272, 273, 274, 275, 276, 277, 278, 279, 280, 281, 282, 283, 284, 285, 286, 287, 288, 289, 290, 291, 292, 293, 294, 295, 296, 297, 298, 299, 300, 301, 302, 303, 304, 305, 306, 307, 308, 309, 310, 311, 312, 313, 314, 315, 316, 317, 318, 319, 320, 321, 322, 323, 324, 325, 326, 327, 328, 329, 330, 331, 332, 333, 334, 335, 336, 337, 574, 575, 576, 577, 578, 579, 580, 581, 582, 583, 584, 585, 586, 587, 588, 589, 590, 591, 592, 593, 594, 595, 596, 597, 598, 599, 600, 601, 602, 603, 604, 605, 606, 607, 608, 609, 610, 611, 612, 613, 614, 615, 616, 617, 618, 619, 620, 621, 622, 623, 624, 625, 626, 627, 628, 629, 630, 631, 632, 633, 634, 635, 636, 637, 638, 639, 640, 641, 642, 643, 644, 645, 646, 647, 648, 649, 650, 651, 652, 653, 654, 655, 656, 657, 658, 659, 660, 661, 662, 663, 664, 665, 666, 667, 668, 669, 670, 671, 672, 673, 674, 675, 676, 677, 678, 679, 680, 681, 682, 683, 684, 685, 686, 687, 688, 689, 690, 691, 692, 693, 694, 695, 696, 697, 698, 699, 700, 701, 702, 703, 704, 705, 706, 707, 708, 709, 710, 711, 712, 713, 714, 715, 716, 717, 718, 719, 720, 721, 722, 723, 724, 725, 726, 727, 728, 729, 730, 731, 732, 733, 734, 735, 736, 737, 738, 739, 740, 741, 742, 743, 744, 745, 746, 747, 748, 749, 750, 751, 752, 753, 754, 755, 756, 757, 758, 759, 760, 761, 762, 763, 764, 765, 766, 767, 768, 769, 770, 771, 772, 773, 774, 775, 776, 777, 778, 779, 780, 781, 782, 783, 784, 785, 786, 787, 788, 789, 790, 791, 792, 793]","[230, 284, 694, 743]","[25, 39, 230, 284, 299, 449, 486, 520, 694, 743, 758, 897]","[10, 75, 103, 104, 106, 117, 118, 120, 127, 128, 129, 131, 133, 135, 136, 137, 139, 146, 147, 148, 149, 151, 158, 160, 162, 166, 173, 178, 179, 185, 190, 192, 198, 201, 203, 204, 206, 207, 212, 213, 214, 219, 223, 224, 225, 227, 230, 235, 237, 246, 247, 256, 259, 262, 263, 266, 268, 269, 271, 272, 278, 279, 284, 285, 288, 290, 292, 304, 306, 312, 316, 319, 320, 323, 324, 329, 332, 335, 495, 549, 574, 575, 577, 588, 589, 591, 598, 599, 600, 602, 604, 606, 607, 608, 610, 617, 618, 619, 620, 622, 625, 630, 632, 634, 638, 644, 649, 650, 656, 661, 663, 669, 673, 674, 676, 677, 682, 683, 684, 687, 688, 689, 691, 694, 699, 701, 710, 718, 722, 723, 727, 728, 730, 731, 737, 738, 743, 744, 747, 749, 751, 762, 764, 770, 774, 777, 778, 781, 782, 789, 791]","[1, 13, 14, 29, 54, 55, 56, 57, 58, 60, 102, 118, 125, 127, 130, 134, 146, 149, 153, 175, 182, 187, 189, 191, 197, 225, 230, 238, 264, 265, 266, 286, 302, 317, 336, 354, 379, 388, 389, 425, 454, 458, 463, 475, 487, 498, 499, 512, 530, 531, 532, 533, 534, 536, 573, 589, 596, 598, 601, 605, 617, 620, 624, 646, 653, 658, 660, 662, 668, 689, 694, 702, 724, 725, 745, 760, 775, 793, 809, 829, 838, 839, 877, 901, 903, 905, 910, 923]","[1, 13, 14, 29, 54, 55, 56, 57, 58, 60, 102, 118, 125, 127, 130, 134, 146, 149, 153, 175, 182, 187, 189, 191, 197, 225, 230, 238, 264, 265, 266, 286, 302, 317, 336, 379, 388, 389, 425, 454, 458, 463, 475, 487, 498, 499, 512, 530, 531, 532, 533, 534, 536, 573, 589, 596, 598, 601, 605, 617, 620, 624, 646, 653, 658, 660, 662, 668, 689, 694, 702, 724, 725, 745, 760, 775, 793, 829, 838, 839, 877, 901, 903, 905, 910, 923]",7/6 successful match,True,[51],True,329,False,,0.7439024390243902,True,Kailey's Break Place ( Shell ),Shell
F Selma ( 93662 ) Mountain View Shell,559-891-9191 CA 99 Exit 115 ( Mountain View W ),223 24 S,Selma,93662,Mountain View Shell,559-891-9191,2014,Selma,CA,Shell,( Mountain View W ),CA 99 Exit 115 ,Exit,115,False,,False,CA 99,,,,,"[694, 230]","[230, 284, 694, 743]","[230, 284, 694, 743]","[25, 39, 230, 284, 299, 449, 486, 520, 694, 743, 758, 897]","[103, 104, 105, 106, 107, 108, 109, 110, 111, 112, 113, 114, 115, 116, 117, 118, 119, 120, 121, 122, 123, 124, 125, 126, 127, 128, 129, 130, 131, 132, 133, 134, 135, 136, 137, 138, 139, 140, 141, 142, 143, 144, 145, 146, 147, 148, 149, 150, 151, 152, 153, 154, 155, 156, 157, 158, 159, 160, 161, 162, 163, 164, 165, 166, 167, 168, 169, 170, 171, 172, 173, 174, 175, 176, 177, 178, 179, 180, 181, 182, 183, 184, 185, 186, 187, 188, 189, 190, 191, 192, 193, 194, 195, 196, 197, 198, 199, 200, 201, 202, 203, 204, 205, 206, 207, 208, 209, 210, 211, 212, 213, 214, 215, 216, 217, 218, 219, 220, 221, 222, 223, 224, 225, 226, 227, 228, 229, 230, 231, 232, 233, 234, 235, 236, 237, 238, 239, 240, 241, 242, 243, 244, 245, 246, 247, 248, 249, 250, 251, 252, 253, 254, 255, 256, 257, 258, 259, 260, 261, 262, 263, 264, 265, 266, 267, 268, 269, 270, 271, 272, 273, 274, 275, 276, 277, 278, 279, 280, 281, 282, 283, 284, 285, 286, 287, 288, 289, 290, 291, 292, 293, 294, 295, 296, 297, 298, 299, 300, 301, 302, 303, 304, 305, 306, 307, 308, 309, 310, 311, 312, 313, 314, 315, 316, 317, 318, 319, 320, 321, 322, 323, 324, 325, 326, 327, 328, 329, 330, 331, 332, 333, 334, 335, 336, 337, 574, 575, 576, 577, 578, 579, 580, 581, 582, 583, 584, 585, 586, 587, 588, 589, 590, 591, 592, 593, 594, 595, 596, 597, 598, 599, 600, 601, 602, 603, 604, 605, 606, 607, 608, 609, 610, 611, 612, 613, 614, 615, 616, 617, 618, 619, 620, 621, 622, 623, 624, 625, 626, 627, 628, 629, 630, 631, 632, 633, 634, 635, 636, 637, 638, 639, 640, 641, 642, 643, 644, 645, 646, 647, 648, 649, 650, 651, 652, 653, 654, 655, 656, 657, 658, 659, 660, 661, 662, 663, 664, 665, 666, 667, 668, 669, 670, 671, 672, 673, 674, 675, 676, 677, 678, 679, 680, 681, 682, 683, 684, 685, 686, 687, 688, 689, 690, 691, 692, 693, 694, 695, 696, 697, 698, 699, 700, 701, 702, 703, 704, 705, 706, 707, 708, 709, 710, 711, 712, 713, 714, 715, 716, 717, 718, 719, 720, 721, 722, 723, 724, 725, 726, 727, 728, 729, 730, 731, 732, 733, 734, 735, 736, 737, 738, 739, 740, 741, 742, 743, 744, 745, 746, 747, 748, 749, 750, 751, 752, 753, 754, 755, 756, 757, 758, 759, 760, 761, 762, 763, 764, 765, 766, 767, 768, 769, 770, 771, 772, 773, 774, 775, 776, 777, 778, 779, 780, 781, 782, 783, 784, 785, 786, 787, 788, 789, 790, 791, 792, 793]","[10, 75, 103, 104, 106, 117, 118, 120, 127, 128, 129, 131, 133, 135, 136, 137, 139, 146, 147, 148, 149, 151, 158, 160, 162, 166, 173, 178, 179, 185, 190, 192, 198, 201, 203, 204, 206, 207, 212, 213, 214, 219, 223, 224, 225, 227, 230, 235, 237, 246, 247, 256, 259, 262, 263, 266, 268, 269, 271, 272, 278, 279, 284, 285, 288, 290, 292, 304, 306, 312, 316, 319, 320, 323, 324, 329, 332, 335, 495, 549, 574, 575, 577, 588, 589, 591, 598, 599, 600, 602, 604, 606, 607, 608, 610, 617, 618, 619, 620, 622, 625, 630, 632, 634, 638, 644, 649, 650, 656, 661, 663, 669, 673, 674, 676, 677, 682, 683, 684, 687, 688, 689, 691, 694, 699, 701, 710, 718, 722, 723, 727, 728, 730, 731, 737, 738, 743, 744, 747, 749, 751, 762, 764, 770, 774, 777, 778, 781, 782, 789, 791]","[1, 13, 14, 29, 54, 55, 56, 57, 58, 60, 102, 118, 125, 127, 130, 134, 146, 149, 153, 175, 182, 187, 189, 191, 197, 225, 230, 238, 264, 265, 266, 286, 302, 317, 336, 379, 388, 389, 425, 454, 458, 463, 475, 487, 498, 499, 512, 530, 531, 532, 533, 534, 536, 573, 589, 596, 598, 601, 605, 617, 620, 624, 646, 653, 658, 660, 662, 668, 689, 694, 702, 724, 725, 745, 760, 775, 793, 829, 838, 839, 877, 901, 903, 905, 910, 923]","[1, 13, 14, 29, 54, 55, 56, 57, 58, 60, 102, 118, 125, 127, 130, 134, 146, 149, 153, 175, 182, 187, 189, 191, 197, 225, 230, 238, 264, 265, 266, 286, 302, 317, 336, 354, 379, 388, 389, 425, 454, 458, 463, 472, 475, 487, 498, 499, 512, 530, 531, 532, 533, 534, 536, 573, 589, 596, 598, 601, 605, 617, 620, 624, 646, 653, 658, 660, 662, 668, 689, 694, 702, 724, 725, 745, 760, 775, 793, 809, 829, 838, 839, 877, 901, 903, 905, 910, 919, 923]","[1, 10, 13, 14, 25, 29, 39, 54, 55, 56, 57, 58, 60, 75, 102, 103, 104, 105, 106, 107, 108, 109, 110, 111, 112, 113, 114, 115, 116, 117, 118, 119, 120, 121, 122, 123, 124, 125, 126, 127, 128, 129, 130, 131, 132, 133, 134, 135, 136, 137, 138, 139, 140, 141, 142, 143, 144, 145, 146, 147, 148, 149, 150, 151, 152, 153, 154, 155, 156, 157, 158, 159, 160, 161, 162, 163, 164, 165, 166, 167, 168, 169, 170, 171, 172, 173, 174, 175, 176, 177, 178, 179, 180, 181, 182, 183, 184, 185, 186, 187, 188, 189, 190, 191, 192, 193, 194, 195, 196, 197, 198, 199, 200, 201, 202, 203, 204, 205, 206, 207, 208, 209, 210, 211, 212, 213, 214, 215, 216, 217, 218, 219, 220, 221, 222, 223, 224, 225, 226, 227, 228, 229, 230, 231, 232, 233, 234, 235, 236, 237, 238, 239, 240, 241, 242, 243, 244, 245, 246, 247, 248, 249, 250, 251, 252, 253, 254, 255, 256, 257, 258, 259, 260, 261, 262, 263, 264, 265, 266, 267, 268, 269, 270, 271, 272, 273, 274, 275, 276, 277, 278, 279, 280, 281, 282, 283, 284, 285, 286, 287, 288, 289, 290, 291, 292, 293, 294, 295, 296, 297, 298, 299, 300, 301, 302, 303, 304, 305, 306, 307, 308, 309, 310, 311, 312, 313, 314, 315, 316, 317, 318, 319, 320, 321, 322, 323, 324, 325, 326, 327, 328, 329, 330, 331, 332, 333, 334, 335, 336, 337, 354, 379, 388, 389, 425, 449, 454, 458, 463, 472, 475, 486, 487, 495, 498, 499, 512, 520, 530, 531, 532, 533, 534, 536, 549, 573, 574, 575, 576, 577, 578, 579, 580, 581, 582, 583, 584, 585, 586, 587, 588, 589, 590, 591, 592, 593, 594, 595, 596, 597, 598, 599, 600, 601, 602, 603, 604, 605, 606, 607, 608, 609, 610, 611, 612, 613, 614, 615, 616, 617, 618, 619, 620, 621, 622, 623, 624, 625, 626, 627, 628, 629, 630, 631, 632, 633, 634, 635, 636, 637, 638, 639, 640, 641, 642, 643, 644, 645, 646, 647, 648, 649, 650, 651, 652, 653, 654, 655, 656, 657, 658, 659, 660, 661, 662, 663, 664, 665, 666, 667, 668, 669, 670, 671, 672, 673, 674, 675, 676, 677, 678, 679, 680, 681, 682, 683, 684, 685, 686, 687, 688, 689, 690, 691, 692, 693, 694, 695, 696, 697, 698, 699, 700, 701, 702, 703, 704, 705, 706, 707, 708, 709, 710, 711, 712, 713, 714, 715, 716, 717, 718, 719, 720, 721, 722, 723, 724, 725, 726, 727, 728, 729, 730, 731, 732, 733, 734, 735, 736, 737, 738, 739, 740, 741, 742, 743, 744, 745, 746, 747, 748, 749, 750, 751, 752, 753, 754, 755, 756, 757, 758, 759, 760, 761, 762, 763, 764, 765, 766, 767, 768, 769, 770, 771, 772, 773, 774, 775, 776, 777, 778, 779, 780, 781, 782, 783, 784, 785, 786, 787, 788, 789, 790, 791, 792, 793, 809, 829, 838, 839, 877, 897, 901, 903, 905, 910, 919, 923]",True,"[230, 284, 694, 743]","[103, 104, 105, 106, 107, 108, 109, 110, 111, 112, 113, 114, 115, 116, 117, 118, 119, 120, 121, 122, 123, 124, 125, 126, 127, 128, 129, 130, 131, 132, 133, 134, 135, 136, 137, 138, 139, 140, 141, 142, 143, 144, 145, 146, 147, 148, 149, 150, 151, 152, 153, 154, 155, 156, 157, 158, 159, 160, 161, 162, 163, 164, 165, 166, 167, 168, 169, 170, 171, 172, 173, 174, 175, 176, 177, 178, 179, 180, 181, 182, 183, 184, 185, 186, 187, 188, 189, 190, 191, 192, 193, 194, 195, 196, 197, 198, 199, 200, 201, 202, 203, 204, 205, 206, 207, 208, 209, 210, 211, 212, 213, 214, 215, 216, 217, 218, 219, 220, 221, 222, 223, 224, 225, 226, 227, 228, 229, 230, 231, 232, 233, 234, 235, 236, 237, 238, 239, 240, 241, 242, 243, 244, 245, 246, 247, 248, 249, 250, 251, 252, 253, 254, 255, 256, 257, 258, 259, 260, 261, 262, 263, 264, 265, 266, 267, 268, 269, 270, 271, 272, 273, 274, 275, 276, 277, 278, 279, 280, 281, 282, 283, 284, 285, 286, 287, 288, 289, 290, 291, 292, 293, 294, 295, 296, 297, 298, 299, 300, 301, 302, 303, 304, 305, 306, 307, 308, 309, 310, 311, 312, 313, 314, 315, 316, 317, 318, 319, 320, 321, 322, 323, 324, 325, 326, 327, 328, 329, 330, 331, 332, 333, 334, 335, 336, 337, 574, 575, 576, 577, 578, 579, 580, 581, 582, 583, 584, 585, 586, 587, 588, 589, 590, 591, 592, 593, 594, 595, 596, 597, 598, 599, 600, 601, 602, 603, 604, 605, 606, 607, 608, 609, 610, 611, 612, 613, 614, 615, 616, 617, 618, 619, 620, 621, 622, 623, 624, 625, 626, 627, 628, 629, 630, 631, 632, 633, 634, 635, 636, 637, 638, 639, 640, 641, 642, 643, 644, 645, 646, 647, 648, 649, 650, 651, 652, 653, 654, 655, 656, 657, 658, 659, 660, 661, 662, 663, 664, 665, 666, 667, 668, 669, 670, 671, 672, 673, 674, 675, 676, 677, 678, 679, 680, 681, 682, 683, 684, 685, 686, 687, 688, 689, 690, 691, 692, 693, 694, 695, 696, 697, 698, 699, 700, 701, 702, 703, 704, 705, 706, 707, 708, 709, 710, 711, 712, 713, 714, 715, 716, 717, 718, 719, 720, 721, 722, 723, 724, 725, 726, 727, 728, 729, 730, 731, 732, 733, 734, 735, 736, 737, 738, 739, 740, 741, 742, 743, 744, 745, 746, 747, 748, 749, 750, 751, 752, 753, 754, 755, 756, 757, 758, 759, 760, 761, 762, 763, 764, 765, 766, 767, 768, 769, 770, 771, 772, 773, 774, 775, 776, 777, 778, 779, 780, 781, 782, 783, 784, 785, 786, 787, 788, 789, 790, 791, 792, 793]","[230, 284, 694, 743]","[25, 39, 230, 284, 299, 449, 486, 520, 694, 743, 758, 897]","[10, 75, 103, 104, 106, 117, 118, 120, 127, 128, 129, 131, 133, 135, 136, 137, 139, 146, 147, 148, 149, 151, 158, 160, 162, 166, 173, 178, 179, 185, 190, 192, 198, 201, 203, 204, 206, 207, 212, 213, 214, 219, 223, 224, 225, 227, 230, 235, 237, 246, 247, 256, 259, 262, 263, 266, 268, 269, 271, 272, 278, 279, 284, 285, 288, 290, 292, 304, 306, 312, 316, 319, 320, 323, 324, 329, 332, 335, 495, 549, 574, 575, 577, 588, 589, 591, 598, 599, 600, 602, 604, 606, 607, 608, 610, 617, 618, 619, 620, 622, 625, 630, 632, 634, 638, 644, 649, 650, 656, 661, 663, 669, 673, 674, 676, 677, 682, 683, 684, 687, 688, 689, 691, 694, 699, 701, 710, 718, 722, 723, 727, 728, 730, 731, 737, 738, 743, 744, 747, 749, 751, 762, 764, 770, 774, 777, 778, 781, 782, 789, 791]","[1, 13, 14, 29, 54, 55, 56, 57, 58, 60, 102, 118, 125, 127, 130, 134, 146, 149, 153, 175, 182, 187, 189, 191, 197, 225, 230, 238, 264, 265, 266, 286, 302, 317, 336, 354, 379, 388, 389, 425, 454, 458, 463, 472, 475, 487, 498, 499, 512, 530, 531, 532, 533, 534, 536, 573, 589, 596, 598, 601, 605, 617, 620, 624, 646, 653, 658, 660, 662, 668, 689, 694, 702, 724, 725, 745, 760, 775, 793, 809, 829, 838, 839, 877, 901, 903, 905, 910, 919, 923]","[1, 13, 14, 29, 54, 55, 56, 57, 58, 60, 102, 118, 125, 127, 130, 134, 146, 149, 153, 175, 182, 187, 189, 191, 197, 225, 230, 238, 264, 265, 266, 286, 302, 317, 336, 379, 388, 389, 425, 454, 458, 463, 475, 487, 498, 499, 512, 530, 531, 532, 533, 534, 536, 573, 589, 596, 598, 601, 605, 617, 620, 624, 646, 653, 658, 660, 662, 668, 689, 694, 702, 724, 725, 745, 760, 775, 793, 829, 838, 839, 877, 901, 903, 905, 910, 923]",7/6 successful match,True,[51],True,329,False,,0.7666666666666666,True,Selma Shell,Shell
Selma ( 93662 ) Mountain View Shell,559-891-9191 CA 99 Exit 115 ( Mountain View W ),24 24 S,Selma,93662,Mountain View Shell,559-891-9191,2015,Selma,CA,Shell,( Mountain View W ),CA 99 Exit 115 ,Exit,115,False,,False,CA 99,,,,,"[694, 230]","[230, 284, 694, 743]","[230, 284, 694, 743]","[25, 39, 230, 284, 299, 449, 486, 520, 694, 743, 758, 897]","[103, 104, 105, 106, 107, 108, 109, 110, 111, 112, 113, 114, 115, 116, 117, 118, 119, 120, 121, 122, 123, 124, 125, 126, 127, 128, 129, 130, 131, 132, 133, 134, 135, 136, 137, 138, 139, 140, 141, 142, 143, 144, 145, 146, 147, 148, 149, 150, 151, 152, 153, 154, 155, 156, 157, 158, 159, 160, 161, 162, 163, 164, 165, 166, 167, 168, 169, 170, 171, 172, 173, 174, 175, 176, 177, 178, 179, 180, 181, 182, 183, 184, 185, 186, 187, 188, 189, 190, 191, 192, 193, 194, 195, 196, 197, 198, 199, 200, 201, 202, 203, 204, 205, 206, 207, 208, 209, 210, 211, 212, 213, 214, 215, 216, 217, 218, 219, 220, 221, 222, 223, 224, 225, 226, 227, 228, 229, 230, 231, 232, 233, 234, 235, 236, 237, 238, 239, 240, 241, 242, 243, 244, 245, 246, 247, 248, 249, 250, 251, 252, 253, 254, 255, 256, 257, 258, 259, 260, 261, 262, 263, 264, 265, 266, 267, 268, 269, 270, 271, 272, 273, 274, 275, 276, 277, 278, 279, 280, 281, 282, 283, 284, 285, 286, 287, 288, 289, 290, 291, 292, 293, 294, 295, 296, 297, 298, 299, 300, 301, 302, 303, 304, 305, 306, 307, 308, 309, 310, 311, 312, 313, 314, 315, 316, 317, 318, 319, 320, 321, 322, 323, 324, 325, 326, 327, 328, 329, 330, 331, 332, 333, 334, 335, 336, 337, 574, 575, 576, 577, 578, 579, 580, 581, 582, 583, 584, 585, 586, 587, 588, 589, 590, 591, 592, 593, 594, 595, 596, 597, 598, 599, 600, 601, 602, 603, 604, 605, 606, 607, 608, 609, 610, 611, 612, 613, 614, 615, 616, 617, 618, 619, 620, 621, 622, 623, 624, 625, 626, 627, 628, 629, 630, 631, 632, 633, 634, 635, 636, 637, 638, 639, 640, 641, 642, 643, 644, 645, 646, 647, 648, 649, 650, 651, 652, 653, 654, 655, 656, 657, 658, 659, 660, 661, 662, 663, 664, 665, 666, 667, 668, 669, 670, 671, 672, 673, 674, 675, 676, 677, 678, 679, 680, 681, 682, 683, 684, 685, 686, 687, 688, 689, 690, 691, 692, 693, 694, 695, 696, 697, 698, 699, 700, 701, 702, 703, 704, 705, 706, 707, 708, 709, 710, 711, 712, 713, 714, 715, 716, 717, 718, 719, 720, 721, 722, 723, 724, 725, 726, 727, 728, 729, 730, 731, 732, 733, 734, 735, 736, 737, 738, 739, 740, 741, 742, 743, 744, 745, 746, 747, 748, 749, 750, 751, 752, 753, 754, 755, 756, 757, 758, 759, 760, 761, 762, 763, 764, 765, 766, 767, 768, 769, 770, 771, 772, 773, 774, 775, 776, 777, 778, 779, 780, 781, 782, 783, 784, 785, 786, 787, 788, 789, 790, 791, 792, 793]","[10, 75, 103, 104, 106, 117, 118, 120, 127, 128, 129, 131, 133, 135, 136, 137, 139, 146, 147, 148, 149, 151, 158, 160, 162, 166, 173, 178, 179, 185, 190, 192, 198, 201, 203, 204, 206, 207, 212, 213, 214, 219, 223, 224, 225, 227, 230, 235, 237, 246, 247, 256, 259, 262, 263, 266, 268, 269, 271, 272, 278, 279, 284, 285, 288, 290, 292, 304, 306, 312, 316, 319, 320, 323, 324, 329, 332, 335, 495, 549, 574, 575, 577, 588, 589, 591, 598, 599, 600, 602, 604, 606, 607, 608, 610, 617, 618, 619, 620, 622, 625, 630, 632, 634, 638, 644, 649, 650, 656, 661, 663, 669, 673, 674, 676, 677, 682, 683, 684, 687, 688, 689, 691, 694, 699, 701, 710, 718, 722, 723, 727, 728, 730, 731, 737, 738, 743, 744, 747, 749, 751, 762, 764, 770, 774, 777, 778, 781, 782, 789, 791]","[1, 13, 14, 29, 54, 55, 56, 57, 58, 60, 102, 118, 125, 127, 130, 134, 146, 149, 153, 175, 182, 187, 189, 191, 197, 225, 230, 238, 264, 265, 266, 286, 302, 317, 336, 379, 388, 389, 425, 454, 458, 463, 475, 487, 498, 499, 512, 530, 531, 532, 533, 534, 536, 573, 589, 596, 598, 601, 605, 617, 620, 624, 646, 653, 658, 660, 662, 668, 689, 694, 702, 724, 725, 745, 760, 775, 793, 829, 838, 839, 877, 901, 903, 905, 910, 923]","[1, 13, 14, 29, 54, 55, 56, 57, 58, 60, 102, 118, 125, 127, 130, 134, 146, 149, 153, 175, 182, 187, 189, 191, 197, 225, 230, 238, 264, 265, 266, 286, 302, 317, 336, 354, 379, 388, 389, 425, 454, 458, 463, 472, 475, 487, 498, 499, 512, 530, 531, 532, 533, 534, 536, 573, 589, 596, 598, 601, 605, 617, 620, 624, 646, 653, 658, 660, 662, 668, 689, 694, 702, 724, 725, 745, 760, 775, 793, 809, 829, 838, 839, 877, 901, 903, 905, 910, 919, 923]","[1, 10, 13, 14, 25, 29, 39, 54, 55, 56, 57, 58, 60, 75, 102, 103, 104, 105, 106, 107, 108, 109, 110, 111, 112, 113, 114, 115, 116, 117, 118, 119, 120, 121, 122, 123, 124, 125, 126, 127, 128, 129, 130, 131, 132, 133, 134, 135, 136, 137, 138, 139, 140, 141, 142, 143, 144, 145, 146, 147, 148, 149, 150, 151, 152, 153, 154, 155, 156, 157, 158, 159, 160, 161, 162, 163, 164, 165, 166, 167, 168, 169, 170, 171, 172, 173, 174, 175, 176, 177, 178, 179, 180, 181, 182, 183, 184, 185, 186, 187, 188, 189, 190, 191, 192, 193, 194, 195, 196, 197, 198, 199, 200, 201, 202, 203, 204, 205, 206, 207, 208, 209, 210, 211, 212, 213, 214, 215, 216, 217, 218, 219, 220, 221, 222, 223, 224, 225, 226, 227, 228, 229, 230, 231, 232, 233, 234, 235, 236, 237, 238, 239, 240, 241, 242, 243, 244, 245, 246, 247, 248, 249, 250, 251, 252, 253, 254, 255, 256, 257, 258, 259, 260, 261, 262, 263, 264, 265, 266, 267, 268, 269, 270, 271, 272, 273, 274, 275, 276, 277, 278, 279, 280, 281, 282, 283, 284, 285, 286, 287, 288, 289, 290, 291, 292, 293, 294, 295, 296, 297, 298, 299, 300, 301, 302, 303, 304, 305, 306, 307, 308, 309, 310, 311, 312, 313, 314, 315, 316, 317, 318, 319, 320, 321, 322, 323, 324, 325, 326, 327, 328, 329, 330, 331, 332, 333, 334, 335, 336, 337, 354, 379, 388, 389, 425, 449, 454, 458, 463, 472, 475, 486, 487, 495, 498, 499, 512, 520, 530, 531, 532, 533, 534, 536, 549, 573, 574, 575, 576, 577, 578, 579, 580, 581, 582, 583, 584, 585, 586, 587, 588, 589, 590, 591, 592, 593, 594, 595, 596, 597, 598, 599, 600, 601, 602, 603, 604, 605, 606, 607, 608, 609, 610, 611, 612, 613, 614, 615, 616, 617, 618, 619, 620, 621, 622, 623, 624, 625, 626, 627, 628, 629, 630, 631, 632, 633, 634, 635, 636, 637, 638, 639, 640, 641, 642, 643, 644, 645, 646, 647, 648, 649, 650, 651, 652, 653, 654, 655, 656, 657, 658, 659, 660, 661, 662, 663, 664, 665, 666, 667, 668, 669, 670, 671, 672, 673, 674, 675, 676, 677, 678, 679, 680, 681, 682, 683, 684, 685, 686, 687, 688, 689, 690, 691, 692, 693, 694, 695, 696, 697, 698, 699, 700, 701, 702, 703, 704, 705, 706, 707, 708, 709, 710, 711, 712, 713, 714, 715, 716, 717, 718, 719, 720, 721, 722, 723, 724, 725, 726, 727, 728, 729, 730, 731, 732, 733, 734, 735, 736, 737, 738, 739, 740, 741, 742, 743, 744, 745, 746, 747, 748, 749, 750, 751, 752, 753, 754, 755, 756, 757, 758, 759, 760, 761, 762, 763, 764, 765, 766, 767, 768, 769, 770, 771, 772, 773, 774, 775, 776, 777, 778, 779, 780, 781, 782, 783, 784, 785, 786, 787, 788, 789, 790, 791, 792, 793, 809, 829, 838, 839, 877, 897, 901, 903, 905, 910, 919, 923]",True,"[230, 284, 694, 743]","[103, 104, 105, 106, 107, 108, 109, 110, 111, 112, 113, 114, 115, 116, 117, 118, 119, 120, 121, 122, 123, 124, 125, 126, 127, 128, 129, 130, 131, 132, 133, 134, 135, 136, 137, 138, 139, 140, 141, 142, 143, 144, 145, 146, 147, 148, 149, 150, 151, 152, 153, 154, 155, 156, 157, 158, 159, 160, 161, 162, 163, 164, 165, 166, 167, 168, 169, 170, 171, 172, 173, 174, 175, 176, 177, 178, 179, 180, 181, 182, 183, 184, 185, 186, 187, 188, 189, 190, 191, 192, 193, 194, 195, 196, 197, 198, 199, 200, 201, 202, 203, 204, 205, 206, 207, 208, 209, 210, 211, 212, 213, 214, 215, 216, 217, 218, 219, 220, 221, 222, 223, 224, 225, 226, 227, 228, 229, 230, 231, 232, 233, 234, 235, 236, 237, 238, 239, 240, 241, 242, 243, 244, 245, 246, 247, 248, 249, 250, 251, 252, 253, 254, 255, 256, 257, 258, 259, 260, 261, 262, 263, 264, 265, 266, 267, 268, 269, 270, 271, 272, 273, 274, 275, 276, 277, 278, 279, 280, 281, 282, 283, 284, 285, 286, 287, 288, 289, 290, 291, 292, 293, 294, 295, 296, 297, 298, 299, 300, 301, 302, 303, 304, 305, 306, 307, 308, 309, 310, 311, 312, 313, 314, 315, 316, 317, 318, 319, 320, 321, 322, 323, 324, 325, 326, 327, 328, 329, 330, 331, 332, 333, 334, 335, 336, 337, 574, 575, 576, 577, 578, 579, 580, 581, 582, 583, 584, 585, 586, 587, 588, 589, 590, 591, 592, 593, 594, 595, 596, 597, 598, 599, 600, 601, 602, 603, 604, 605, 606, 607, 608, 609, 610, 611, 612, 613, 614, 615, 616, 617, 618, 619, 620, 621, 622, 623, 624, 625, 626, 627, 628, 629, 630, 631, 632, 633, 634, 635, 636, 637, 638, 639, 640, 641, 642, 643, 644, 645, 646, 647, 648, 649, 650, 651, 652, 653, 654, 655, 656, 657, 658, 659, 660, 661, 662, 663, 664, 665, 666, 667, 668, 669, 670, 671, 672, 673, 674, 675, 676, 677, 678, 679, 680, 681, 682, 683, 684, 685, 686, 687, 688, 689, 690, 691, 692, 693, 694, 695, 696, 697, 698, 699, 700, 701, 702, 703, 704, 705, 706, 707, 708, 709, 710, 711, 712, 713, 714, 715, 716, 717, 718, 719, 720, 721, 722, 723, 724, 725, 726, 727, 728, 729, 730, 731, 732, 733, 734, 735, 736, 737, 738, 739, 740, 741, 742, 743, 744, 745, 746, 747, 748, 749, 750, 751, 752, 753, 754, 755, 756, 757, 758, 759, 760, 761, 762, 763, 764, 765, 766, 767, 768, 769, 770, 771, 772, 773, 774, 775, 776, 777, 778, 779, 780, 781, 782, 783, 784, 785, 786, 787, 788, 789, 790, 791, 792, 793]","[230, 284, 694, 743]","[25, 39, 230, 284, 299, 449, 486, 520, 694, 743, 758, 897]","[10, 75, 103, 104, 106, 117, 118, 120, 127, 128, 129, 131, 133, 135, 136, 137, 139, 146, 147, 148, 149, 151, 158, 160, 162, 166, 173, 178, 179, 185, 190, 192, 198, 201, 203, 204, 206, 207, 212, 213, 214, 219, 223, 224, 225, 227, 230, 235, 237, 246, 247, 256, 259, 262, 263, 266, 268, 269, 271, 272, 278, 279, 284, 285, 288, 290, 292, 304, 306, 312, 316, 319, 320, 323, 324, 329, 332, 335, 495, 549, 574, 575, 577, 588, 589, 591, 598, 599, 600, 602, 604, 606, 607, 608, 610, 617, 618, 619, 620, 622, 625, 630, 632, 634, 638, 644, 649, 650, 656, 661, 663, 669, 673, 674, 676, 677, 682, 683, 684, 687, 688, 689, 691, 694, 699, 701, 710, 718, 722, 723, 727, 728, 730, 731, 737, 738, 743, 744, 747, 749, 751, 762, 764, 770, 774, 777, 778, 781, 782, 789, 791]","[1, 13, 14, 29, 54, 55, 56, 57, 58, 60, 102, 118, 125, 127, 130, 134, 146, 149, 153, 175, 182, 187, 189, 191, 197, 225, 230, 238, 264, 265, 266, 286, 302, 317, 336, 354, 379, 388, 389, 425, 454, 458, 463, 472, 475, 487, 498, 499, 512, 530, 531, 532, 533, 534, 536, 573, 589, 596, 598, 601, 605, 617, 620, 624, 646, 653, 658, 660, 662, 668, 689, 694, 702, 724, 725, 745, 760, 775, 793, 809, 829, 838, 839, 877, 901, 903, 905, 910, 919, 923]","[1, 13, 14, 29, 54, 55, 56, 57, 58, 60, 102, 118, 125, 127, 130, 134, 146, 149, 153, 175, 182, 187, 189, 191, 197, 225, 230, 238, 264, 265, 266, 286, 302, 317, 336, 379, 388, 389, 425, 454, 458, 463, 475, 487, 498, 499, 512, 530, 531, 532, 533, 534, 536, 573, 589, 596, 598, 601, 605, 617, 620, 624, 646, 653, 658, 660, 662, 668, 689, 694, 702, 724, 725, 745, 760, 775, 793, 829, 838, 839, 877, 901, 903, 905, 910, 923]",7/6 successful match,True,[51],True,329,False,,1.0,True,Mountain View Shell,Shell
F Selma ( 93662 ) Mountain View Shell,559-891-9191 CA 99 Exit 115 ( Mountain View W ),124 S,Selma,93662,Mountain View Shell,559-891-9191,2016,Selma,CA,Shell,( Mountain View W ),CA 99 Exit 115 ,Exit,115,False,,False,CA 99,,,,,"[694, 230]","[230, 284, 694, 743]","[230, 284, 694, 743]","[25, 39, 230, 284, 299, 449, 486, 520, 694, 743, 758, 897]","[103, 104, 105, 106, 107, 108, 109, 110, 111, 112, 113, 114, 115, 116, 117, 118, 119, 120, 121, 122, 123, 124, 125, 126, 127, 128, 129, 130, 131, 132, 133, 134, 135, 136, 137, 138, 139, 140, 141, 142, 143, 144, 145, 146, 147, 148, 149, 150, 151, 152, 153, 154, 155, 156, 157, 158, 159, 160, 161, 162, 163, 164, 165, 166, 167, 168, 169, 170, 171, 172, 173, 174, 175, 176, 177, 178, 179, 180, 181, 182, 183, 184, 185, 186, 187, 188, 189, 190, 191, 192, 193, 194, 195, 196, 197, 198, 199, 200, 201, 202, 203, 204, 205, 206, 207, 208, 209, 210, 211, 212, 213, 214, 215, 216, 217, 218, 219, 220, 221, 222, 223, 224, 225, 226, 227, 228, 229, 230, 231, 232, 233, 234, 235, 236, 237, 238, 239, 240, 241, 242, 243, 244, 245, 246, 247, 248, 249, 250, 251, 252, 253, 254, 255, 256, 257, 258, 259, 260, 261, 262, 263, 264, 265, 266, 267, 268, 269, 270, 271, 272, 273, 274, 275, 276, 277, 278, 279, 280, 281, 282, 283, 284, 285, 286, 287, 288, 289, 290, 291, 292, 293, 294, 295, 296, 297, 298, 299, 300, 301, 302, 303, 304, 305, 306, 307, 308, 309, 310, 311, 312, 313, 314, 315, 316, 317, 318, 319, 320, 321, 322, 323, 324, 325, 326, 327, 328, 329, 330, 331, 332, 333, 334, 335, 336, 337, 574, 575, 576, 577, 578, 579, 580, 581, 582, 583, 584, 585, 586, 587, 588, 589, 590, 591, 592, 593, 594, 595, 596, 597, 598, 599, 600, 601, 602, 603, 604, 605, 606, 607, 608, 609, 610, 611, 612, 613, 614, 615, 616, 617, 618, 619, 620, 621, 622, 623, 624, 625, 626, 627, 628, 629, 630, 631, 632, 633, 634, 635, 636, 637, 638, 639, 640, 641, 642, 643, 644, 645, 646, 647, 648, 649, 650, 651, 652, 653, 654, 655, 656, 657, 658, 659, 660, 661, 662, 663, 664, 665, 666, 667, 668, 669, 670, 671, 672, 673, 674, 675, 676, 677, 678, 679, 680, 681, 682, 683, 684, 685, 686, 687, 688, 689, 690, 691, 692, 693, 694, 695, 696, 697, 698, 699, 700, 701, 702, 703, 704, 705, 706, 707, 708, 709, 710, 711, 712, 713, 714, 715, 716, 717, 718, 719, 720, 721, 722, 723, 724, 725, 726, 727, 728, 729, 730, 731, 732, 733, 734, 735, 736, 737, 738, 739, 740, 741, 742, 743, 744, 745, 746, 747, 748, 749, 750, 751, 752, 753, 754, 755, 756, 757, 758, 759, 760, 761, 762, 763, 764, 765, 766, 767, 768, 769, 770, 771, 772, 773, 774, 775, 776, 777, 778, 779, 780, 781, 782, 783, 784, 785, 786, 787, 788, 789, 790, 791, 792, 793]","[10, 75, 103, 104, 106, 117, 118, 120, 127, 128, 129, 131, 133, 135, 136, 137, 139, 146, 147, 148, 149, 151, 158, 160, 162, 166, 173, 178, 179, 185, 190, 192, 198, 201, 203, 204, 206, 207, 212, 213, 214, 219, 223, 224, 225, 227, 230, 235, 237, 246, 247, 256, 259, 262, 263, 266, 268, 269, 271, 272, 278, 279, 284, 285, 288, 290, 292, 304, 306, 312, 316, 319, 320, 323, 324, 329, 332, 335, 495, 549, 574, 575, 577, 588, 589, 591, 598, 599, 600, 602, 604, 606, 607, 608, 610, 617, 618, 619, 620, 622, 625, 630, 632, 634, 638, 644, 649, 650, 656, 661, 663, 669, 673, 674, 676, 677, 682, 683, 684, 687, 688, 689, 691, 694, 699, 701, 710, 718, 722, 723, 727, 728, 730, 731, 737, 738, 743, 744, 747, 749, 751, 762, 764, 770, 774, 777, 778, 781, 782, 789, 791]","[1, 13, 14, 29, 54, 55, 56, 57, 58, 60, 102, 118, 125, 127, 130, 134, 146, 149, 153, 175, 182, 187, 189, 191, 197, 225, 230, 238, 264, 265, 266, 286, 302, 317, 336, 379, 388, 389, 425, 454, 458, 463, 475, 487, 498, 499, 512, 530, 531, 532, 533, 534, 536, 573, 589, 596, 598, 601, 605, 617, 620, 624, 646, 653, 658, 660, 662, 668, 689, 694, 702, 724, 725, 745, 760, 775, 793, 829, 838, 839, 877, 901, 903, 905, 910, 923]","[1, 13, 14, 29, 54, 55, 56, 57, 58, 60, 102, 118, 125, 127, 130, 134, 146, 149, 153, 175, 182, 187, 189, 191, 197, 225, 230, 238, 264, 265, 266, 286, 302, 317, 336, 354, 379, 388, 389, 425, 454, 458, 463, 472, 475, 487, 498, 499, 512, 530, 531, 532, 533, 534, 536, 573, 589, 596, 598, 601, 605, 617, 620, 624, 646, 653, 658, 660, 662, 668, 689, 694, 702, 724, 725, 745, 760, 775, 793, 809, 829, 838, 839, 877, 901, 903, 905, 910, 919, 923]","[1, 10, 13, 14, 25, 29, 39, 54, 55, 56, 57, 58, 60, 75, 102, 103, 104, 105, 106, 107, 108, 109, 110, 111, 112, 113, 114, 115, 116, 117, 118, 119, 120, 121, 122, 123, 124, 125, 126, 127, 128, 129, 130, 131, 132, 133, 134, 135, 136, 137, 138, 139, 140, 141, 142, 143, 144, 145, 146, 147, 148, 149, 150, 151, 152, 153, 154, 155, 156, 157, 158, 159, 160, 161, 162, 163, 164, 165, 166, 167, 168, 169, 170, 171, 172, 173, 174, 175, 176, 177, 178, 179, 180, 181, 182, 183, 184, 185, 186, 187, 188, 189, 190, 191, 192, 193, 194, 195, 196, 197, 198, 199, 200, 201, 202, 203, 204, 205, 206, 207, 208, 209, 210, 211, 212, 213, 214, 215, 216, 217, 218, 219, 220, 221, 222, 223, 224, 225, 226, 227, 228, 229, 230, 231, 232, 233, 234, 235, 236, 237, 238, 239, 240, 241, 242, 243, 244, 245, 246, 247, 248, 249, 250, 251, 252, 253, 254, 255, 256, 257, 258, 259, 260, 261, 262, 263, 264, 265, 266, 267, 268, 269, 270, 271, 272, 273, 274, 275, 276, 277, 278, 279, 280, 281, 282, 283, 284, 285, 286, 287, 288, 289, 290, 291, 292, 293, 294, 295, 296, 297, 298, 299, 300, 301, 302, 303, 304, 305, 306, 307, 308, 309, 310, 311, 312, 313, 314, 315, 316, 317, 318, 319, 320, 321, 322, 323, 324, 325, 326, 327, 328, 329, 330, 331, 332, 333, 334, 335, 336, 337, 354, 379, 388, 389, 425, 449, 454, 458, 463, 472, 475, 486, 487, 495, 498, 499, 512, 520, 530, 531, 532, 533, 534, 536, 549, 573, 574, 575, 576, 577, 578, 579, 580, 581, 582, 583, 584, 585, 586, 587, 588, 589, 590, 591, 592, 593, 594, 595, 596, 597, 598, 599, 600, 601, 602, 603, 604, 605, 606, 607, 608, 609, 610, 611, 612, 613, 614, 615, 616, 617, 618, 619, 620, 621, 622, 623, 624, 625, 626, 627, 628, 629, 630, 631, 632, 633, 634, 635, 636, 637, 638, 639, 640, 641, 642, 643, 644, 645, 646, 647, 648, 649, 650, 651, 652, 653, 654, 655, 656, 657, 658, 659, 660, 661, 662, 663, 664, 665, 666, 667, 668, 669, 670, 671, 672, 673, 674, 675, 676, 677, 678, 679, 680, 681, 682, 683, 684, 685, 686, 687, 688, 689, 690, 691, 692, 693, 694, 695, 696, 697, 698, 699, 700, 701, 702, 703, 704, 705, 706, 707, 708, 709, 710, 711, 712, 713, 714, 715, 716, 717, 718, 719, 720, 721, 722, 723, 724, 725, 726, 727, 728, 729, 730, 731, 732, 733, 734, 735, 736, 737, 738, 739, 740, 741, 742, 743, 744, 745, 746, 747, 748, 749, 750, 751, 752, 753, 754, 755, 756, 757, 758, 759, 760, 761, 762, 763, 764, 765, 766, 767, 768, 769, 770, 771, 772, 773, 774, 775, 776, 777, 778, 779, 780, 781, 782, 783, 784, 785, 786, 787, 788, 789, 790, 791, 792, 793, 809, 829, 838, 839, 877, 897, 901, 903, 905, 910, 919, 923]",True,"[230, 284, 694, 743]","[103, 104, 105, 106, 107, 108, 109, 110, 111, 112, 113, 114, 115, 116, 117, 118, 119, 120, 121, 122, 123, 124, 125, 126, 127, 128, 129, 130, 131, 132, 133, 134, 135, 136, 137, 138, 139, 140, 141, 142, 143, 144, 145, 146, 147, 148, 149, 150, 151, 152, 153, 154, 155, 156, 157, 158, 159, 160, 161, 162, 163, 164, 165, 166, 167, 168, 169, 170, 171, 172, 173, 174, 175, 176, 177, 178, 179, 180, 181, 182, 183, 184, 185, 186, 187, 188, 189, 190, 191, 192, 193, 194, 195, 196, 197, 198, 199, 200, 201, 202, 203, 204, 205, 206, 207, 208, 209, 210, 211, 212, 213, 214, 215, 216, 217, 218, 219, 220, 221, 222, 223, 224, 225, 226, 227, 228, 229, 230, 231, 232, 233, 234, 235, 236, 237, 238, 239, 240, 241, 242, 243, 244, 245, 246, 247, 248, 249, 250, 251, 252, 253, 254, 255, 256, 257, 258, 259, 260, 261, 262, 263, 264, 265, 266, 267, 268, 269, 270, 271, 272, 273, 274, 275, 276, 277, 278, 279, 280, 281, 282, 283, 284, 285, 286, 287, 288, 289, 290, 291, 292, 293, 294, 295, 296, 297, 298, 299, 300, 301, 302, 303, 304, 305, 306, 307, 308, 309, 310, 311, 312, 313, 314, 315, 316, 317, 318, 319, 320, 321, 322, 323, 324, 325, 326, 327, 328, 329, 330, 331, 332, 333, 334, 335, 336, 337, 574, 575, 576, 577, 578, 579, 580, 581, 582, 583, 584, 585, 586, 587, 588, 589, 590, 591, 592, 593, 594, 595, 596, 597, 598, 599, 600, 601, 602, 603, 604, 605, 606, 607, 608, 609, 610, 611, 612, 613, 614, 615, 616, 617, 618, 619, 620, 621, 622, 623, 624, 625, 626, 627, 628, 629, 630, 631, 632, 633, 634, 635, 636, 637, 638, 639, 640, 641, 642, 643, 644, 645, 646, 647, 648, 649, 650, 651, 652, 653, 654, 655, 656, 657, 658, 659, 660, 661, 662, 663, 664, 665, 666, 667, 668, 669, 670, 671, 672, 673, 674, 675, 676, 677, 678, 679, 680, 681, 682, 683, 684, 685, 686, 687, 688, 689, 690, 691, 692, 693, 694, 695, 696, 697, 698, 699, 700, 701, 702, 703, 704, 705, 706, 707, 708, 709, 710, 711, 712, 713, 714, 715, 716, 717, 718, 719, 720, 721, 722, 723, 724, 725, 726, 727, 728, 729, 730, 731, 732, 733, 734, 735, 736, 737, 738, 739, 740, 741, 742, 743, 744, 745, 746, 747, 748, 749, 750, 751, 752, 753, 754, 755, 756, 757, 758, 759, 760, 761, 762, 763, 764, 765, 766, 767, 768, 769, 770, 771, 772, 773, 774, 775, 776, 777, 778, 779, 780, 781, 782, 783, 784, 785, 786, 787, 788, 789, 790, 791, 792, 793]","[230, 284, 694, 743]","[25, 39, 230, 284, 299, 449, 486, 520, 694, 743, 758, 897]","[10, 75, 103, 104, 106, 117, 118, 120, 127, 128, 129, 131, 133, 135, 136, 137, 139, 146, 147, 148, 149, 151, 158, 160, 162, 166, 173, 178, 179, 185, 190, 192, 198, 201, 203, 204, 206, 207, 212, 213, 214, 219, 223, 224, 225, 227, 230, 235, 237, 246, 247, 256, 259, 262, 263, 266, 268, 269, 271, 272, 278, 279, 284, 285, 288, 290, 292, 304, 306, 312, 316, 319, 320, 323, 324, 329, 332, 335, 495, 549, 574, 575, 577, 588, 589, 591, 598, 599, 600, 602, 604, 606, 607, 608, 610, 617, 618, 619, 620, 622, 625, 630, 632, 634, 638, 644, 649, 650, 656, 661, 663, 669, 673, 674, 676, 677, 682, 683, 684, 687, 688, 689, 691, 694, 699, 701, 710, 718, 722, 723, 727, 728, 730, 731, 737, 738, 743, 744, 747, 749, 751, 762, 764, 770, 774, 777, 778, 781, 782, 789, 791]","[1, 13, 14, 29, 54, 55, 56, 57, 58, 60, 102, 118, 125, 127, 130, 134, 146, 149, 153, 175, 182, 187, 189, 191, 197, 225, 230, 238, 264, 265, 266, 286, 302, 317, 336, 354, 379, 388, 389, 425, 454, 458, 463, 472, 475, 487, 498, 499, 512, 530, 531, 532, 533, 534, 536, 573, 589, 596, 598, 601, 605, 617, 620, 624, 646, 653, 658, 660, 662, 668, 689, 694, 702, 724, 725, 745, 760, 775, 793, 809, 829, 838, 839, 877, 901, 903, 905, 910, 919, 923]","[1, 13, 14, 29, 54, 55, 56, 57, 58, 60, 102, 118, 125, 127, 130, 134, 146, 149, 153, 175, 182, 187, 189, 191, 197, 225, 230, 238, 264, 265, 266, 286, 302, 317, 336, 379, 388, 389, 425, 454, 458, 463, 475, 487, 498, 499, 512, 530, 531, 532, 533, 534, 536, 573, 589, 596, 598, 601, 605, 617, 620, 624, 646, 653, 658, 660, 662, 668, 689, 694, 702, 724, 725, 745, 760, 775, 793, 829, 838, 839, 877, 901, 903, 905, 910, 923]",7/6 successful match,True,[51],True,329,False,,1.0,True,Mountain View Shell,Shell
"F Traver , 93673 RJ Travel Center ( 76 ) )",4 559-238-3801 CA 99 Exit 106 SB / 106 B NB ( Merritt ),24 HRS M <U+2610>,Traver,93673,RJ Travel Center ( 76 ) ),559-238-3801,2006,Traver,CA,,( Merritt ),CA 99 Exit 106 SB / 106 B NB ,Exit,106,False,,False,CA 99,,106,,,"[268, 727]",[],"[268, 727]","[134, 156, 268, 349, 605, 628, 727, 804]","[103, 104, 105, 106, 107, 108, 109, 110, 111, 112, 113, 114, 115, 116, 117, 118, 119, 120, 121, 122, 123, 124, 125, 126, 127, 128, 129, 130, 131, 132, 133, 134, 135, 136, 137, 138, 139, 140, 141, 142, 143, 144, 145, 146, 147, 148, 149, 150, 151, 152, 153, 154, 155, 156, 157, 158, 159, 160, 161, 162, 163, 164, 165, 166, 167, 168, 169, 170, 171, 172, 173, 174, 175, 176, 177, 178, 179, 180, 181, 182, 183, 184, 185, 186, 187, 188, 189, 190, 191, 192, 193, 194, 195, 196, 197, 198, 199, 200, 201, 202, 203, 204, 205, 206, 207, 208, 209, 210, 211, 212, 213, 214, 215, 216, 217, 218, 219, 220, 221, 222, 223, 224, 225, 226, 227, 228, 229, 230, 231, 232, 233, 234, 235, 236, 237, 238, 239, 240, 241, 242, 243, 244, 245, 246, 247, 248, 249, 250, 251, 252, 253, 254, 255, 256, 257, 258, 259, 260, 261, 262, 263, 264, 265, 266, 267, 268, 269, 270, 271, 272, 273, 274, 275, 276, 277, 278, 279, 280, 281, 282, 283, 284, 285, 286, 287, 288, 289, 290, 291, 292, 293, 294, 295, 296, 297, 298, 299, 300, 301, 302, 303, 304, 305, 306, 307, 308, 309, 310, 311, 312, 313, 314, 315, 316, 317, 318, 319, 320, 321, 322, 323, 324, 325, 326, 327, 328, 329, 330, 331, 332, 333, 334, 335, 336, 337, 574, 575, 576, 577, 578, 579, 580, 581, 582, 583, 584, 585, 586, 587, 588, 589, 590, 591, 592, 593, 594, 595, 596, 597, 598, 599, 600, 601, 602, 603, 604, 605, 606, 607, 608, 609, 610, 611, 612, 613, 614, 615, 616, 617, 618, 619, 620, 621, 622, 623, 624, 625, 626, 627, 628, 629, 630, 631, 632, 633, 634, 635, 636, 637, 638, 639, 640, 641, 642, 643, 644, 645, 646, 647, 648, 649, 650, 651, 652, 653, 654, 655, 656, 657, 658, 659, 660, 661, 662, 663, 664, 665, 666, 667, 668, 669, 670, 671, 672, 673, 674, 675, 676, 677, 678, 679, 680, 681, 682, 683, 684, 685, 686, 687, 688, 689, 690, 691, 692, 693, 694, 695, 696, 697, 698, 699, 700, 701, 702, 703, 704, 705, 706, 707, 708, 709, 710, 711, 712, 713, 714, 715, 716, 717, 718, 719, 720, 721, 722, 723, 724, 725, 726, 727, 728, 729, 730, 731, 732, 733, 734, 735, 736, 737, 738, 739, 740, 741, 742, 743, 744, 745, 746, 747, 748, 749, 750, 751, 752, 753, 754, 755, 756, 757, 758, 759, 760, 761, 762, 763, 764, 765, 766, 767, 768, 769, 770, 771, 772, 773, 774, 775, 776, 777, 778, 779, 780, 781, 782, 783, 784, 785, 786, 787, 788, 789, 790, 791, 792, 793]","[10, 75, 103, 104, 106, 117, 118, 120, 127, 128, 129, 131, 133, 135, 136, 137, 139, 146, 147, 148, 149, 151, 158, 160, 162, 166, 173, 178, 179, 185, 190, 192, 198, 201, 203, 204, 206, 207, 212, 213, 214, 219, 223, 224, 225, 227, 230, 235, 237, 246, 247, 256, 259, 262, 263, 266, 268, 269, 271, 272, 278, 279, 284, 285, 288, 290, 292, 304, 306, 312, 316, 319, 320, 323, 324, 329, 332, 335, 495, 549, 574, 575, 577, 588, 589, 591, 598, 599, 600, 602, 604, 606, 607, 608, 610, 617, 618, 619, 620, 622, 625, 630, 632, 634, 638, 644, 649, 650, 656, 661, 663, 669, 673, 674, 676, 677, 682, 683, 684, 687, 688, 689, 691, 694, 699, 701, 710, 718, 722, 723, 727, 728, 730, 731, 737, 738, 743, 744, 747, 749, 751, 762, 764, 770, 774, 777, 778, 781, 782, 789, 791]",[],"[84, 87, 89, 114, 115, 117, 124, 132, 135, 144, 152, 178, 239, 268, 281, 297, 318, 320, 327, 348, 394, 465, 555, 558, 560, 585, 586, 588, 595, 603, 606, 615, 623, 649, 703, 727, 740, 756, 776, 778, 785, 803, 844, 912]","[10, 75, 84, 87, 89, 103, 104, 105, 106, 107, 108, 109, 110, 111, 112, 113, 114, 115, 116, 117, 118, 119, 120, 121, 122, 123, 124, 125, 126, 127, 128, 129, 130, 131, 132, 133, 134, 135, 136, 137, 138, 139, 140, 141, 142, 143, 144, 145, 146, 147, 148, 149, 150, 151, 152, 153, 154, 155, 156, 157, 158, 159, 160, 161, 162, 163, 164, 165, 166, 167, 168, 169, 170, 171, 172, 173, 174, 175, 176, 177, 178, 179, 180, 181, 182, 183, 184, 185, 186, 187, 188, 189, 190, 191, 192, 193, 194, 195, 196, 197, 198, 199, 200, 201, 202, 203, 204, 205, 206, 207, 208, 209, 210, 211, 212, 213, 214, 215, 216, 217, 218, 219, 220, 221, 222, 223, 224, 225, 226, 227, 228, 229, 230, 231, 232, 233, 234, 235, 236, 237, 238, 239, 240, 241, 242, 243, 244, 245, 246, 247, 248, 249, 250, 251, 252, 253, 254, 255, 256, 257, 258, 259, 260, 261, 262, 263, 264, 265, 266, 267, 268, 269, 270, 271, 272, 273, 274, 275, 276, 277, 278, 279, 280, 281, 282, 283, 284, 285, 286, 287, 288, 289, 290, 291, 292, 293, 294, 295, 296, 297, 298, 299, 300, 301, 302, 303, 304, 305, 306, 307, 308, 309, 310, 311, 312, 313, 314, 315, 316, 317, 318, 319, 320, 321, 322, 323, 324, 325, 326, 327, 328, 329, 330, 331, 332, 333, 334, 335, 336, 337, 348, 349, 394, 465, 495, 549, 555, 558, 560, 574, 575, 576, 577, 578, 579, 580, 581, 582, 583, 584, 585, 586, 587, 588, 589, 590, 591, 592, 593, 594, 595, 596, 597, 598, 599, 600, 601, 602, 603, 604, 605, 606, 607, 608, 609, 610, 611, 612, 613, 614, 615, 616, 617, 618, 619, 620, 621, 622, 623, 624, 625, 626, 627, 628, 629, 630, 631, 632, 633, 634, 635, 636, 637, 638, 639, 640, 641, 642, 643, 644, 645, 646, 647, 648, 649, 650, 651, 652, 653, 654, 655, 656, 657, 658, 659, 660, 661, 662, 663, 664, 665, 666, 667, 668, 669, 670, 671, 672, 673, 674, 675, 676, 677, 678, 679, 680, 681, 682, 683, 684, 685, 686, 687, 688, 689, 690, 691, 692, 693, 694, 695, 696, 697, 698, 699, 700, 701, 702, 703, 704, 705, 706, 707, 708, 709, 710, 711, 712, 713, 714, 715, 716, 717, 718, 719, 720, 721, 722, 723, 724, 725, 726, 727, 728, 729, 730, 731, 732, 733, 734, 735, 736, 737, 738, 739, 740, 741, 742, 743, 744, 745, 746, 747, 748, 749, 750, 751, 752, 753, 754, 755, 756, 757, 758, 759, 760, 761, 762, 763, 764, 765, 766, 767, 768, 769, 770, 771, 772, 773, 774, 775, 776, 777, 778, 779, 780, 781, 782, 783, 784, 785, 786, 787, 788, 789, 790, 791, 792, 793, 803, 804, 844, 912]",True,[],"[103, 104, 105, 106, 107, 108, 109, 110, 111, 112, 113, 114, 115, 116, 117, 118, 119, 120, 121, 122, 123, 124, 125, 126, 127, 128, 129, 130, 131, 132, 133, 134, 135, 136, 137, 138, 139, 140, 141, 142, 143, 144, 145, 146, 147, 148, 149, 150, 151, 152, 153, 154, 155, 156, 157, 158, 159, 160, 161, 162, 163, 164, 165, 166, 167, 168, 169, 170, 171, 172, 173, 174, 175, 176, 177, 178, 179, 180, 181, 182, 183, 184, 185, 186, 187, 188, 189, 190, 191, 192, 193, 194, 195, 196, 197, 198, 199, 200, 201, 202, 203, 204, 205, 206, 207, 208, 209, 210, 211, 212, 213, 214, 215, 216, 217, 218, 219, 220, 221, 222, 223, 224, 225, 226, 227, 228, 229, 230, 231, 232, 233, 234, 235, 236, 237, 238, 239, 240, 241, 242, 243, 244, 245, 246, 247, 248, 249, 250, 251, 252, 253, 254, 255, 256, 257, 258, 259, 260, 261, 262, 263, 264, 265, 266, 267, 268, 269, 270, 271, 272, 273, 274, 275, 276, 277, 278, 279, 280, 281, 282, 283, 284, 285, 286, 287, 288, 289, 290, 291, 292, 293, 294, 295, 296, 297, 298, 299, 300, 301, 302, 303, 304, 305, 306, 307, 308, 309, 310, 311, 312, 313, 314, 315, 316, 317, 318, 319, 320, 321, 322, 323, 324, 325, 326, 327, 328, 329, 330, 331, 332, 333, 334, 335, 336, 337, 574, 575, 576, 577, 578, 579, 580, 581, 582, 583, 584, 585, 586, 587, 588, 589, 590, 591, 592, 593, 594, 595, 596, 597, 598, 599, 600, 601, 602, 603, 604, 605, 606, 607, 608, 609, 610, 611, 612, 613, 614, 615, 616, 617, 618, 619, 620, 621, 622, 623, 624, 625, 626, 627, 628, 629, 630, 631, 632, 633, 634, 635, 636, 637, 638, 639, 640, 641, 642, 643, 644, 645, 646, 647, 648, 649, 650, 651, 652, 653, 654, 655, 656, 657, 658, 659, 660, 661, 662, 663, 664, 665, 666, 667, 668, 669, 670, 671, 672, 673, 674, 675, 676, 677, 678, 679, 680, 681, 682, 683, 684, 685, 686, 687, 688, 689, 690, 691, 692, 693, 694, 695, 696, 697, 698, 699, 700, 701, 702, 703, 704, 705, 706, 707, 708, 709, 710, 711, 712, 713, 714, 715, 716, 717, 718, 719, 720, 721, 722, 723, 724, 725, 726, 727, 728, 729, 730, 731, 732, 733, 734, 735, 736, 737, 738, 739, 740, 741, 742, 743, 744, 745, 746, 747, 748, 749, 750, 751, 752, 753, 754, 755, 756, 757, 758, 759, 760, 761, 762, 763, 764, 765, 766, 767, 768, 769, 770, 771, 772, 773, 774, 775, 776, 777, 778, 779, 780, 781, 782, 783, 784, 785, 786, 787, 788, 789, 790, 791, 792, 793]","[268, 727]","[134, 156, 268, 349, 605, 628, 727, 804]","[10, 75, 103, 104, 106, 117, 118, 120, 127, 128, 129, 131, 133, 135, 136, 137, 139, 146, 147, 148, 149, 151, 158, 160, 162, 166, 173, 178, 179, 185, 190, 192, 198, 201, 203, 204, 206, 207, 212, 213, 214, 219, 223, 224, 225, 227, 230, 235, 237, 246, 247, 256, 259, 262, 263, 266, 268, 269, 271, 272, 278, 279, 284, 285, 288, 290, 292, 304, 306, 312, 316, 319, 320, 323, 324, 329, 332, 335, 495, 549, 574, 575, 577, 588, 589, 591, 598, 599, 600, 602, 604, 606, 607, 608, 610, 617, 618, 619, 620, 622, 625, 630, 632, 634, 638, 644, 649, 650, 656, 661, 663, 669, 673, 674, 676, 677, 682, 683, 684, 687, 688, 689, 691, 694, 699, 701, 710, 718, 722, 723, 727, 728, 730, 731, 737, 738, 743, 744, 747, 749, 751, 762, 764, 770, 774, 777, 778, 781, 782, 789, 791]","[84, 87, 89, 114, 115, 117, 124, 132, 135, 144, 152, 178, 239, 268, 281, 297, 318, 320, 327, 348, 394, 465, 555, 558, 560, 585, 586, 588, 595, 603, 606, 615, 623, 649, 703, 727, 740, 756, 776, 778, 785, 803, 844, 912]",[],7/6 successful match,True,[520],True,330,False,,,,,
"Traver , 93673 RJ Travel Center ( 76 )",4 559-238-3801 CA 99 Exit 106 SB / 106 B NB ( Merritt ),M,Traver,93673,RJ Travel Center ( 76 ),559-238-3801,2007,Traver,CA,,( Merritt ),CA 99 Exit 106 SB / 106 B NB ,Exit,106,False,,False,CA 99,,106,,,"[268, 727]",[],"[268, 727]","[134, 156, 268, 349, 605, 628, 727, 804]","[103, 104, 105, 106, 107, 108, 109, 110, 111, 112, 113, 114, 115, 116, 117, 118, 119, 120, 121, 122, 123, 124, 125, 126, 127, 128, 129, 130, 131, 132, 133, 134, 135, 136, 137, 138, 139, 140, 141, 142, 143, 144, 145, 146, 147, 148, 149, 150, 151, 152, 153, 154, 155, 156, 157, 158, 159, 160, 161, 162, 163, 164, 165, 166, 167, 168, 169, 170, 171, 172, 173, 174, 175, 176, 177, 178, 179, 180, 181, 182, 183, 184, 185, 186, 187, 188, 189, 190, 191, 192, 193, 194, 195, 196, 197, 198, 199, 200, 201, 202, 203, 204, 205, 206, 207, 208, 209, 210, 211, 212, 213, 214, 215, 216, 217, 218, 219, 220, 221, 222, 223, 224, 225, 226, 227, 228, 229, 230, 231, 232, 233, 234, 235, 236, 237, 238, 239, 240, 241, 242, 243, 244, 245, 246, 247, 248, 249, 250, 251, 252, 253, 254, 255, 256, 257, 258, 259, 260, 261, 262, 263, 264, 265, 266, 267, 268, 269, 270, 271, 272, 273, 274, 275, 276, 277, 278, 279, 280, 281, 282, 283, 284, 285, 286, 287, 288, 289, 290, 291, 292, 293, 294, 295, 296, 297, 298, 299, 300, 301, 302, 303, 304, 305, 306, 307, 308, 309, 310, 311, 312, 313, 314, 315, 316, 317, 318, 319, 320, 321, 322, 323, 324, 325, 326, 327, 328, 329, 330, 331, 332, 333, 334, 335, 336, 337, 574, 575, 576, 577, 578, 579, 580, 581, 582, 583, 584, 585, 586, 587, 588, 589, 590, 591, 592, 593, 594, 595, 596, 597, 598, 599, 600, 601, 602, 603, 604, 605, 606, 607, 608, 609, 610, 611, 612, 613, 614, 615, 616, 617, 618, 619, 620, 621, 622, 623, 624, 625, 626, 627, 628, 629, 630, 631, 632, 633, 634, 635, 636, 637, 638, 639, 640, 641, 642, 643, 644, 645, 646, 647, 648, 649, 650, 651, 652, 653, 654, 655, 656, 657, 658, 659, 660, 661, 662, 663, 664, 665, 666, 667, 668, 669, 670, 671, 672, 673, 674, 675, 676, 677, 678, 679, 680, 681, 682, 683, 684, 685, 686, 687, 688, 689, 690, 691, 692, 693, 694, 695, 696, 697, 698, 699, 700, 701, 702, 703, 704, 705, 706, 707, 708, 709, 710, 711, 712, 713, 714, 715, 716, 717, 718, 719, 720, 721, 722, 723, 724, 725, 726, 727, 728, 729, 730, 731, 732, 733, 734, 735, 736, 737, 738, 739, 740, 741, 742, 743, 744, 745, 746, 747, 748, 749, 750, 751, 752, 753, 754, 755, 756, 757, 758, 759, 760, 761, 762, 763, 764, 765, 766, 767, 768, 769, 770, 771, 772, 773, 774, 775, 776, 777, 778, 779, 780, 781, 782, 783, 784, 785, 786, 787, 788, 789, 790, 791, 792, 793]","[10, 75, 103, 104, 106, 117, 118, 120, 127, 128, 129, 131, 133, 135, 136, 137, 139, 146, 147, 148, 149, 151, 158, 160, 162, 166, 173, 178, 179, 185, 190, 192, 198, 201, 203, 204, 206, 207, 212, 213, 214, 219, 223, 224, 225, 227, 230, 235, 237, 246, 247, 256, 259, 262, 263, 266, 268, 269, 271, 272, 278, 279, 284, 285, 288, 290, 292, 304, 306, 312, 316, 319, 320, 323, 324, 329, 332, 335, 495, 549, 574, 575, 577, 588, 589, 591, 598, 599, 600, 602, 604, 606, 607, 608, 610, 617, 618, 619, 620, 622, 625, 630, 632, 634, 638, 644, 649, 650, 656, 661, 663, 669, 673, 674, 676, 677, 682, 683, 684, 687, 688, 689, 691, 694, 699, 701, 710, 718, 722, 723, 727, 728, 730, 731, 737, 738, 743, 744, 747, 749, 751, 762, 764, 770, 774, 777, 778, 781, 782, 789, 791]",[],"[84, 87, 89, 114, 115, 117, 124, 132, 135, 144, 152, 178, 239, 268, 281, 297, 318, 320, 327, 348, 394, 465, 555, 558, 560, 585, 586, 588, 595, 603, 606, 615, 623, 649, 703, 727, 740, 756, 776, 778, 785, 803, 844, 912]","[10, 75, 84, 87, 89, 103, 104, 105, 106, 107, 108, 109, 110, 111, 112, 113, 114, 115, 116, 117, 118, 119, 120, 121, 122, 123, 124, 125, 126, 127, 128, 129, 130, 131, 132, 133, 134, 135, 136, 137, 138, 139, 140, 141, 142, 143, 144, 145, 146, 147, 148, 149, 150, 151, 152, 153, 154, 155, 156, 157, 158, 159, 160, 161, 162, 163, 164, 165, 166, 167, 168, 169, 170, 171, 172, 173, 174, 175, 176, 177, 178, 179, 180, 181, 182, 183, 184, 185, 186, 187, 188, 189, 190, 191, 192, 193, 194, 195, 196, 197, 198, 199, 200, 201, 202, 203, 204, 205, 206, 207, 208, 209, 210, 211, 212, 213, 214, 215, 216, 217, 218, 219, 220, 221, 222, 223, 224, 225, 226, 227, 228, 229, 230, 231, 232, 233, 234, 235, 236, 237, 238, 239, 240, 241, 242, 243, 244, 245, 246, 247, 248, 249, 250, 251, 252, 253, 254, 255, 256, 257, 258, 259, 260, 261, 262, 263, 264, 265, 266, 267, 268, 269, 270, 271, 272, 273, 274, 275, 276, 277, 278, 279, 280, 281, 282, 283, 284, 285, 286, 287, 288, 289, 290, 291, 292, 293, 294, 295, 296, 297, 298, 299, 300, 301, 302, 303, 304, 305, 306, 307, 308, 309, 310, 311, 312, 313, 314, 315, 316, 317, 318, 319, 320, 321, 322, 323, 324, 325, 326, 327, 328, 329, 330, 331, 332, 333, 334, 335, 336, 337, 348, 349, 394, 465, 495, 549, 555, 558, 560, 574, 575, 576, 577, 578, 579, 580, 581, 582, 583, 584, 585, 586, 587, 588, 589, 590, 591, 592, 593, 594, 595, 596, 597, 598, 599, 600, 601, 602, 603, 604, 605, 606, 607, 608, 609, 610, 611, 612, 613, 614, 615, 616, 617, 618, 619, 620, 621, 622, 623, 624, 625, 626, 627, 628, 629, 630, 631, 632, 633, 634, 635, 636, 637, 638, 639, 640, 641, 642, 643, 644, 645, 646, 647, 648, 649, 650, 651, 652, 653, 654, 655, 656, 657, 658, 659, 660, 661, 662, 663, 664, 665, 666, 667, 668, 669, 670, 671, 672, 673, 674, 675, 676, 677, 678, 679, 680, 681, 682, 683, 684, 685, 686, 687, 688, 689, 690, 691, 692, 693, 694, 695, 696, 697, 698, 699, 700, 701, 702, 703, 704, 705, 706, 707, 708, 709, 710, 711, 712, 713, 714, 715, 716, 717, 718, 719, 720, 721, 722, 723, 724, 725, 726, 727, 728, 729, 730, 731, 732, 733, 734, 735, 736, 737, 738, 739, 740, 741, 742, 743, 744, 745, 746, 747, 748, 749, 750, 751, 752, 753, 754, 755, 756, 757, 758, 759, 760, 761, 762, 763, 764, 765, 766, 767, 768, 769, 770, 771, 772, 773, 774, 775, 776, 777, 778, 779, 780, 781, 782, 783, 784, 785, 786, 787, 788, 789, 790, 791, 792, 793, 803, 804, 844, 912]",True,[],"[103, 104, 105, 106, 107, 108, 109, 110, 111, 112, 113, 114, 115, 116, 117, 118, 119, 120, 121, 122, 123, 124, 125, 126, 127, 128, 129, 130, 131, 132, 133, 134, 135, 136, 137, 138, 139, 140, 141, 142, 143, 144, 145, 146, 147, 148, 149, 150, 151, 152, 153, 154, 155, 156, 157, 158, 159, 160, 161, 162, 163, 164, 165, 166, 167, 168, 169, 170, 171, 172, 173, 174, 175, 176, 177, 178, 179, 180, 181, 182, 183, 184, 185, 186, 187, 188, 189, 190, 191, 192, 193, 194, 195, 196, 197, 198, 199, 200, 201, 202, 203, 204, 205, 206, 207, 208, 209, 210, 211, 212, 213, 214, 215, 216, 217, 218, 219, 220, 221, 222, 223, 224, 225, 226, 227, 228, 229, 230, 231, 232, 233, 234, 235, 236, 237, 238, 239, 240, 241, 242, 243, 244, 245, 246, 247, 248, 249, 250, 251, 252, 253, 254, 255, 256, 257, 258, 259, 260, 261, 262, 263, 264, 265, 266, 267, 268, 269, 270, 271, 272, 273, 274, 275, 276, 277, 278, 279, 280, 281, 282, 283, 284, 285, 286, 287, 288, 289, 290, 291, 292, 293, 294, 295, 296, 297, 298, 299, 300, 301, 302, 303, 304, 305, 306, 307, 308, 309, 310, 311, 312, 313, 314, 315, 316, 317, 318, 319, 320, 321, 322, 323, 324, 325, 326, 327, 328, 329, 330, 331, 332, 333, 334, 335, 336, 337, 574, 575, 576, 577, 578, 579, 580, 581, 582, 583, 584, 585, 586, 587, 588, 589, 590, 591, 592, 593, 594, 595, 596, 597, 598, 599, 600, 601, 602, 603, 604, 605, 606, 607, 608, 609, 610, 611, 612, 613, 614, 615, 616, 617, 618, 619, 620, 621, 622, 623, 624, 625, 626, 627, 628, 629, 630, 631, 632, 633, 634, 635, 636, 637, 638, 639, 640, 641, 642, 643, 644, 645, 646, 647, 648, 649, 650, 651, 652, 653, 654, 655, 656, 657, 658, 659, 660, 661, 662, 663, 664, 665, 666, 667, 668, 669, 670, 671, 672, 673, 674, 675, 676, 677, 678, 679, 680, 681, 682, 683, 684, 685, 686, 687, 688, 689, 690, 691, 692, 693, 694, 695, 696, 697, 698, 699, 700, 701, 702, 703, 704, 705, 706, 707, 708, 709, 710, 711, 712, 713, 714, 715, 716, 717, 718, 719, 720, 721, 722, 723, 724, 725, 726, 727, 728, 729, 730, 731, 732, 733, 734, 735, 736, 737, 738, 739, 740, 741, 742, 743, 744, 745, 746, 747, 748, 749, 750, 751, 752, 753, 754, 755, 756, 757, 758, 759, 760, 761, 762, 763, 764, 765, 766, 767, 768, 769, 770, 771, 772, 773, 774, 775, 776, 777, 778, 779, 780, 781, 782, 783, 784, 785, 786, 787, 788, 789, 790, 791, 792, 793]","[268, 727]","[134, 156, 268, 349, 605, 628, 727, 804]","[10, 75, 103, 104, 106, 117, 118, 120, 127, 128, 129, 131, 133, 135, 136, 137, 139, 146, 147, 148, 149, 151, 158, 160, 162, 166, 173, 178, 179, 185, 190, 192, 198, 201, 203, 204, 206, 207, 212, 213, 214, 219, 223, 224, 225, 227, 230, 235, 237, 246, 247, 256, 259, 262, 263, 266, 268, 269, 271, 272, 278, 279, 284, 285, 288, 290, 292, 304, 306, 312, 316, 319, 320, 323, 324, 329, 332, 335, 495, 549, 574, 575, 577, 588, 589, 591, 598, 599, 600, 602, 604, 606, 607, 608, 610, 617, 618, 619, 620, 622, 625, 630, 632, 634, 638, 644, 649, 650, 656, 661, 663, 669, 673, 674, 676, 677, 682, 683, 684, 687, 688, 689, 691, 694, 699, 701, 710, 718, 722, 723, 727, 728, 730, 731, 737, 738, 743, 744, 747, 749, 751, 762, 764, 770, 774, 777, 778, 781, 782, 789, 791]","[84, 87, 89, 114, 115, 117, 124, 132, 135, 144, 152, 178, 239, 268, 281, 297, 318, 320, 327, 348, 394, 465, 555, 558, 560, 585, 586, 588, 595, 603, 606, 615, 623, 649, 703, 727, 740, 756, 776, 778, 785, 803, 844, 912]",[],7/6 successful match,True,[520],True,330,False,,1.0,True,RJ Travel Center ( 76 ) ),
"Traver , 93673 RJ Travel Center ( 76 )",41559-238-3801 CA 99 Exit 106 SB / 106 B NB ( Merritt ),) HRS 24 M,Traver,93673,RJ Travel Center ( 76 ),559-238-3801,2008,Traver,CA,,( Merritt ),CA 99 Exit 106 SB / 106 B NB ,Exit,106,False,,False,CA 99,,106,,,"[268, 727]",[],"[268, 727]","[134, 156, 268, 349, 605, 628, 727, 804]","[103, 104, 105, 106, 107, 108, 109, 110, 111, 112, 113, 114, 115, 116, 117, 118, 119, 120, 121, 122, 123, 124, 125, 126, 127, 128, 129, 130, 131, 132, 133, 134, 135, 136, 137, 138, 139, 140, 141, 142, 143, 144, 145, 146, 147, 148, 149, 150, 151, 152, 153, 154, 155, 156, 157, 158, 159, 160, 161, 162, 163, 164, 165, 166, 167, 168, 169, 170, 171, 172, 173, 174, 175, 176, 177, 178, 179, 180, 181, 182, 183, 184, 185, 186, 187, 188, 189, 190, 191, 192, 193, 194, 195, 196, 197, 198, 199, 200, 201, 202, 203, 204, 205, 206, 207, 208, 209, 210, 211, 212, 213, 214, 215, 216, 217, 218, 219, 220, 221, 222, 223, 224, 225, 226, 227, 228, 229, 230, 231, 232, 233, 234, 235, 236, 237, 238, 239, 240, 241, 242, 243, 244, 245, 246, 247, 248, 249, 250, 251, 252, 253, 254, 255, 256, 257, 258, 259, 260, 261, 262, 263, 264, 265, 266, 267, 268, 269, 270, 271, 272, 273, 274, 275, 276, 277, 278, 279, 280, 281, 282, 283, 284, 285, 286, 287, 288, 289, 290, 291, 292, 293, 294, 295, 296, 297, 298, 299, 300, 301, 302, 303, 304, 305, 306, 307, 308, 309, 310, 311, 312, 313, 314, 315, 316, 317, 318, 319, 320, 321, 322, 323, 324, 325, 326, 327, 328, 329, 330, 331, 332, 333, 334, 335, 336, 337, 574, 575, 576, 577, 578, 579, 580, 581, 582, 583, 584, 585, 586, 587, 588, 589, 590, 591, 592, 593, 594, 595, 596, 597, 598, 599, 600, 601, 602, 603, 604, 605, 606, 607, 608, 609, 610, 611, 612, 613, 614, 615, 616, 617, 618, 619, 620, 621, 622, 623, 624, 625, 626, 627, 628, 629, 630, 631, 632, 633, 634, 635, 636, 637, 638, 639, 640, 641, 642, 643, 644, 645, 646, 647, 648, 649, 650, 651, 652, 653, 654, 655, 656, 657, 658, 659, 660, 661, 662, 663, 664, 665, 666, 667, 668, 669, 670, 671, 672, 673, 674, 675, 676, 677, 678, 679, 680, 681, 682, 683, 684, 685, 686, 687, 688, 689, 690, 691, 692, 693, 694, 695, 696, 697, 698, 699, 700, 701, 702, 703, 704, 705, 706, 707, 708, 709, 710, 711, 712, 713, 714, 715, 716, 717, 718, 719, 720, 721, 722, 723, 724, 725, 726, 727, 728, 729, 730, 731, 732, 733, 734, 735, 736, 737, 738, 739, 740, 741, 742, 743, 744, 745, 746, 747, 748, 749, 750, 751, 752, 753, 754, 755, 756, 757, 758, 759, 760, 761, 762, 763, 764, 765, 766, 767, 768, 769, 770, 771, 772, 773, 774, 775, 776, 777, 778, 779, 780, 781, 782, 783, 784, 785, 786, 787, 788, 789, 790, 791, 792, 793]","[10, 75, 103, 104, 106, 117, 118, 120, 127, 128, 129, 131, 133, 135, 136, 137, 139, 146, 147, 148, 149, 151, 158, 160, 162, 166, 173, 178, 179, 185, 190, 192, 198, 201, 203, 204, 206, 207, 212, 213, 214, 219, 223, 224, 225, 227, 230, 235, 237, 246, 247, 256, 259, 262, 263, 266, 268, 269, 271, 272, 278, 279, 284, 285, 288, 290, 292, 304, 306, 312, 316, 319, 320, 323, 324, 329, 332, 335, 495, 549, 574, 575, 577, 588, 589, 591, 598, 599, 600, 602, 604, 606, 607, 608, 610, 617, 618, 619, 620, 622, 625, 630, 632, 634, 638, 644, 649, 650, 656, 661, 663, 669, 673, 674, 676, 677, 682, 683, 684, 687, 688, 689, 691, 694, 699, 701, 710, 718, 722, 723, 727, 728, 730, 731, 737, 738, 743, 744, 747, 749, 751, 762, 764, 770, 774, 777, 778, 781, 782, 789, 791]",[],"[84, 87, 89, 114, 115, 117, 124, 132, 135, 144, 152, 178, 239, 268, 281, 297, 318, 320, 327, 348, 394, 465, 555, 558, 560, 585, 586, 588, 595, 603, 606, 615, 623, 649, 703, 727, 740, 756, 776, 778, 785, 803, 844, 912]","[10, 75, 84, 87, 89, 103, 104, 105, 106, 107, 108, 109, 110, 111, 112, 113, 114, 115, 116, 117, 118, 119, 120, 121, 122, 123, 124, 125, 126, 127, 128, 129, 130, 131, 132, 133, 134, 135, 136, 137, 138, 139, 140, 141, 142, 143, 144, 145, 146, 147, 148, 149, 150, 151, 152, 153, 154, 155, 156, 157, 158, 159, 160, 161, 162, 163, 164, 165, 166, 167, 168, 169, 170, 171, 172, 173, 174, 175, 176, 177, 178, 179, 180, 181, 182, 183, 184, 185, 186, 187, 188, 189, 190, 191, 192, 193, 194, 195, 196, 197, 198, 199, 200, 201, 202, 203, 204, 205, 206, 207, 208, 209, 210, 211, 212, 213, 214, 215, 216, 217, 218, 219, 220, 221, 222, 223, 224, 225, 226, 227, 228, 229, 230, 231, 232, 233, 234, 235, 236, 237, 238, 239, 240, 241, 242, 243, 244, 245, 246, 247, 248, 249, 250, 251, 252, 253, 254, 255, 256, 257, 258, 259, 260, 261, 262, 263, 264, 265, 266, 267, 268, 269, 270, 271, 272, 273, 274, 275, 276, 277, 278, 279, 280, 281, 282, 283, 284, 285, 286, 287, 288, 289, 290, 291, 292, 293, 294, 295, 296, 297, 298, 299, 300, 301, 302, 303, 304, 305, 306, 307, 308, 309, 310, 311, 312, 313, 314, 315, 316, 317, 318, 319, 320, 321, 322, 323, 324, 325, 326, 327, 328, 329, 330, 331, 332, 333, 334, 335, 336, 337, 348, 349, 394, 465, 495, 549, 555, 558, 560, 574, 575, 576, 577, 578, 579, 580, 581, 582, 583, 584, 585, 586, 587, 588, 589, 590, 591, 592, 593, 594, 595, 596, 597, 598, 599, 600, 601, 602, 603, 604, 605, 606, 607, 608, 609, 610, 611, 612, 613, 614, 615, 616, 617, 618, 619, 620, 621, 622, 623, 624, 625, 626, 627, 628, 629, 630, 631, 632, 633, 634, 635, 636, 637, 638, 639, 640, 641, 642, 643, 644, 645, 646, 647, 648, 649, 650, 651, 652, 653, 654, 655, 656, 657, 658, 659, 660, 661, 662, 663, 664, 665, 666, 667, 668, 669, 670, 671, 672, 673, 674, 675, 676, 677, 678, 679, 680, 681, 682, 683, 684, 685, 686, 687, 688, 689, 690, 691, 692, 693, 694, 695, 696, 697, 698, 699, 700, 701, 702, 703, 704, 705, 706, 707, 708, 709, 710, 711, 712, 713, 714, 715, 716, 717, 718, 719, 720, 721, 722, 723, 724, 725, 726, 727, 728, 729, 730, 731, 732, 733, 734, 735, 736, 737, 738, 739, 740, 741, 742, 743, 744, 745, 746, 747, 748, 749, 750, 751, 752, 753, 754, 755, 756, 757, 758, 759, 760, 761, 762, 763, 764, 765, 766, 767, 768, 769, 770, 771, 772, 773, 774, 775, 776, 777, 778, 779, 780, 781, 782, 783, 784, 785, 786, 787, 788, 789, 790, 791, 792, 793, 803, 804, 844, 912]",True,[],"[103, 104, 105, 106, 107, 108, 109, 110, 111, 112, 113, 114, 115, 116, 117, 118, 119, 120, 121, 122, 123, 124, 125, 126, 127, 128, 129, 130, 131, 132, 133, 134, 135, 136, 137, 138, 139, 140, 141, 142, 143, 144, 145, 146, 147, 148, 149, 150, 151, 152, 153, 154, 155, 156, 157, 158, 159, 160, 161, 162, 163, 164, 165, 166, 167, 168, 169, 170, 171, 172, 173, 174, 175, 176, 177, 178, 179, 180, 181, 182, 183, 184, 185, 186, 187, 188, 189, 190, 191, 192, 193, 194, 195, 196, 197, 198, 199, 200, 201, 202, 203, 204, 205, 206, 207, 208, 209, 210, 211, 212, 213, 214, 215, 216, 217, 218, 219, 220, 221, 222, 223, 224, 225, 226, 227, 228, 229, 230, 231, 232, 233, 234, 235, 236, 237, 238, 239, 240, 241, 242, 243, 244, 245, 246, 247, 248, 249, 250, 251, 252, 253, 254, 255, 256, 257, 258, 259, 260, 261, 262, 263, 264, 265, 266, 267, 268, 269, 270, 271, 272, 273, 274, 275, 276, 277, 278, 279, 280, 281, 282, 283, 284, 285, 286, 287, 288, 289, 290, 291, 292, 293, 294, 295, 296, 297, 298, 299, 300, 301, 302, 303, 304, 305, 306, 307, 308, 309, 310, 311, 312, 313, 314, 315, 316, 317, 318, 319, 320, 321, 322, 323, 324, 325, 326, 327, 328, 329, 330, 331, 332, 333, 334, 335, 336, 337, 574, 575, 576, 577, 578, 579, 580, 581, 582, 583, 584, 585, 586, 587, 588, 589, 590, 591, 592, 593, 594, 595, 596, 597, 598, 599, 600, 601, 602, 603, 604, 605, 606, 607, 608, 609, 610, 611, 612, 613, 614, 615, 616, 617, 618, 619, 620, 621, 622, 623, 624, 625, 626, 627, 628, 629, 630, 631, 632, 633, 634, 635, 636, 637, 638, 639, 640, 641, 642, 643, 644, 645, 646, 647, 648, 649, 650, 651, 652, 653, 654, 655, 656, 657, 658, 659, 660, 661, 662, 663, 664, 665, 666, 667, 668, 669, 670, 671, 672, 673, 674, 675, 676, 677, 678, 679, 680, 681, 682, 683, 684, 685, 686, 687, 688, 689, 690, 691, 692, 693, 694, 695, 696, 697, 698, 699, 700, 701, 702, 703, 704, 705, 706, 707, 708, 709, 710, 711, 712, 713, 714, 715, 716, 717, 718, 719, 720, 721, 722, 723, 724, 725, 726, 727, 728, 729, 730, 731, 732, 733, 734, 735, 736, 737, 738, 739, 740, 741, 742, 743, 744, 745, 746, 747, 748, 749, 750, 751, 752, 753, 754, 755, 756, 757, 758, 759, 760, 761, 762, 763, 764, 765, 766, 767, 768, 769, 770, 771, 772, 773, 774, 775, 776, 777, 778, 779, 780, 781, 782, 783, 784, 785, 786, 787, 788, 789, 790, 791, 792, 793]","[268, 727]","[134, 156, 268, 349, 605, 628, 727, 804]","[10, 75, 103, 104, 106, 117, 118, 120, 127, 128, 129, 131, 133, 135, 136, 137, 139, 146, 147, 148, 149, 151, 158, 160, 162, 166, 173, 178, 179, 185, 190, 192, 198, 201, 203, 204, 206, 207, 212, 213, 214, 219, 223, 224, 225, 227, 230, 235, 237, 246, 247, 256, 259, 262, 263, 266, 268, 269, 271, 272, 278, 279, 284, 285, 288, 290, 292, 304, 306, 312, 316, 319, 320, 323, 324, 329, 332, 335, 495, 549, 574, 575, 577, 588, 589, 591, 598, 599, 600, 602, 604, 606, 607, 608, 610, 617, 618, 619, 620, 622, 625, 630, 632, 634, 638, 644, 649, 650, 656, 661, 663, 669, 673, 674, 676, 677, 682, 683, 684, 687, 688, 689, 691, 694, 699, 701, 710, 718, 722, 723, 727, 728, 730, 731, 737, 738, 743, 744, 747, 749, 751, 762, 764, 770, 774, 777, 778, 781, 782, 789, 791]","[84, 87, 89, 114, 115, 117, 124, 132, 135, 144, 152, 178, 239, 268, 281, 297, 318, 320, 327, 348, 394, 465, 555, 558, 560, 585, 586, 588, 595, 603, 606, 615, 623, 649, 703, 727, 740, 756, 776, 778, 785, 803, 844, 912]",[],7/6 successful match,True,[520],True,330,False,,1.0,True,RJ Travel Center ( 76 ),
F Traver ( 93673 ) RJ Travel Center ( 76 ),559-238-3801 CA 99 Exit 106 B NB / 106 SB ( Merritt ),) 24 DOMO,Traver,93673,RJ Travel Center ( 76 ),559-238-3801,2014,Traver,CA,,( Merritt ),CA 99 Exit 106 B NB / 106 SB ,Exit,106,False,,False,CA 99,,106,,,"[268, 727]",[],"[268, 727]","[134, 156, 268, 349, 605, 628, 727, 804]","[103, 104, 105, 106, 107, 108, 109, 110, 111, 112, 113, 114, 115, 116, 117, 118, 119, 120, 121, 122, 123, 124, 125, 126, 127, 128, 129, 130, 131, 132, 133, 134, 135, 136, 137, 138, 139, 140, 141, 142, 143, 144, 145, 146, 147, 148, 149, 150, 151, 152, 153, 154, 155, 156, 157, 158, 159, 160, 161, 162, 163, 164, 165, 166, 167, 168, 169, 170, 171, 172, 173, 174, 175, 176, 177, 178, 179, 180, 181, 182, 183, 184, 185, 186, 187, 188, 189, 190, 191, 192, 193, 194, 195, 196, 197, 198, 199, 200, 201, 202, 203, 204, 205, 206, 207, 208, 209, 210, 211, 212, 213, 214, 215, 216, 217, 218, 219, 220, 221, 222, 223, 224, 225, 226, 227, 228, 229, 230, 231, 232, 233, 234, 235, 236, 237, 238, 239, 240, 241, 242, 243, 244, 245, 246, 247, 248, 249, 250, 251, 252, 253, 254, 255, 256, 257, 258, 259, 260, 261, 262, 263, 264, 265, 266, 267, 268, 269, 270, 271, 272, 273, 274, 275, 276, 277, 278, 279, 280, 281, 282, 283, 284, 285, 286, 287, 288, 289, 290, 291, 292, 293, 294, 295, 296, 297, 298, 299, 300, 301, 302, 303, 304, 305, 306, 307, 308, 309, 310, 311, 312, 313, 314, 315, 316, 317, 318, 319, 320, 321, 322, 323, 324, 325, 326, 327, 328, 329, 330, 331, 332, 333, 334, 335, 336, 337, 574, 575, 576, 577, 578, 579, 580, 581, 582, 583, 584, 585, 586, 587, 588, 589, 590, 591, 592, 593, 594, 595, 596, 597, 598, 599, 600, 601, 602, 603, 604, 605, 606, 607, 608, 609, 610, 611, 612, 613, 614, 615, 616, 617, 618, 619, 620, 621, 622, 623, 624, 625, 626, 627, 628, 629, 630, 631, 632, 633, 634, 635, 636, 637, 638, 639, 640, 641, 642, 643, 644, 645, 646, 647, 648, 649, 650, 651, 652, 653, 654, 655, 656, 657, 658, 659, 660, 661, 662, 663, 664, 665, 666, 667, 668, 669, 670, 671, 672, 673, 674, 675, 676, 677, 678, 679, 680, 681, 682, 683, 684, 685, 686, 687, 688, 689, 690, 691, 692, 693, 694, 695, 696, 697, 698, 699, 700, 701, 702, 703, 704, 705, 706, 707, 708, 709, 710, 711, 712, 713, 714, 715, 716, 717, 718, 719, 720, 721, 722, 723, 724, 725, 726, 727, 728, 729, 730, 731, 732, 733, 734, 735, 736, 737, 738, 739, 740, 741, 742, 743, 744, 745, 746, 747, 748, 749, 750, 751, 752, 753, 754, 755, 756, 757, 758, 759, 760, 761, 762, 763, 764, 765, 766, 767, 768, 769, 770, 771, 772, 773, 774, 775, 776, 777, 778, 779, 780, 781, 782, 783, 784, 785, 786, 787, 788, 789, 790, 791, 792, 793]","[10, 75, 103, 104, 106, 117, 118, 120, 127, 128, 129, 131, 133, 135, 136, 137, 139, 146, 147, 148, 149, 151, 158, 160, 162, 166, 173, 178, 179, 185, 190, 192, 198, 201, 203, 204, 206, 207, 212, 213, 214, 219, 223, 224, 225, 227, 230, 235, 237, 246, 247, 256, 259, 262, 263, 266, 268, 269, 271, 272, 278, 279, 284, 285, 288, 290, 292, 304, 306, 312, 316, 319, 320, 323, 324, 329, 332, 335, 495, 549, 574, 575, 577, 588, 589, 591, 598, 599, 600, 602, 604, 606, 607, 608, 610, 617, 618, 619, 620, 622, 625, 630, 632, 634, 638, 644, 649, 650, 656, 661, 663, 669, 673, 674, 676, 677, 682, 683, 684, 687, 688, 689, 691, 694, 699, 701, 710, 718, 722, 723, 727, 728, 730, 731, 737, 738, 743, 744, 747, 749, 751, 762, 764, 770, 774, 777, 778, 781, 782, 789, 791]",[],"[84, 87, 89, 114, 115, 117, 124, 132, 135, 144, 152, 178, 239, 268, 281, 297, 318, 320, 327, 348, 394, 465, 555, 558, 560, 585, 586, 588, 595, 603, 606, 615, 623, 649, 703, 727, 740, 756, 776, 778, 785, 803, 844, 912]","[10, 75, 84, 87, 89, 103, 104, 105, 106, 107, 108, 109, 110, 111, 112, 113, 114, 115, 116, 117, 118, 119, 120, 121, 122, 123, 124, 125, 126, 127, 128, 129, 130, 131, 132, 133, 134, 135, 136, 137, 138, 139, 140, 141, 142, 143, 144, 145, 146, 147, 148, 149, 150, 151, 152, 153, 154, 155, 156, 157, 158, 159, 160, 161, 162, 163, 164, 165, 166, 167, 168, 169, 170, 171, 172, 173, 174, 175, 176, 177, 178, 179, 180, 181, 182, 183, 184, 185, 186, 187, 188, 189, 190, 191, 192, 193, 194, 195, 196, 197, 198, 199, 200, 201, 202, 203, 204, 205, 206, 207, 208, 209, 210, 211, 212, 213, 214, 215, 216, 217, 218, 219, 220, 221, 222, 223, 224, 225, 226, 227, 228, 229, 230, 231, 232, 233, 234, 235, 236, 237, 238, 239, 240, 241, 242, 243, 244, 245, 246, 247, 248, 249, 250, 251, 252, 253, 254, 255, 256, 257, 258, 259, 260, 261, 262, 263, 264, 265, 266, 267, 268, 269, 270, 271, 272, 273, 274, 275, 276, 277, 278, 279, 280, 281, 282, 283, 284, 285, 286, 287, 288, 289, 290, 291, 292, 293, 294, 295, 296, 297, 298, 299, 300, 301, 302, 303, 304, 305, 306, 307, 308, 309, 310, 311, 312, 313, 314, 315, 316, 317, 318, 319, 320, 321, 322, 323, 324, 325, 326, 327, 328, 329, 330, 331, 332, 333, 334, 335, 336, 337, 348, 349, 394, 465, 495, 549, 555, 558, 560, 574, 575, 576, 577, 578, 579, 580, 581, 582, 583, 584, 585, 586, 587, 588, 589, 590, 591, 592, 593, 594, 595, 596, 597, 598, 599, 600, 601, 602, 603, 604, 605, 606, 607, 608, 609, 610, 611, 612, 613, 614, 615, 616, 617, 618, 619, 620, 621, 622, 623, 624, 625, 626, 627, 628, 629, 630, 631, 632, 633, 634, 635, 636, 637, 638, 639, 640, 641, 642, 643, 644, 645, 646, 647, 648, 649, 650, 651, 652, 653, 654, 655, 656, 657, 658, 659, 660, 661, 662, 663, 664, 665, 666, 667, 668, 669, 670, 671, 672, 673, 674, 675, 676, 677, 678, 679, 680, 681, 682, 683, 684, 685, 686, 687, 688, 689, 690, 691, 692, 693, 694, 695, 696, 697, 698, 699, 700, 701, 702, 703, 704, 705, 706, 707, 708, 709, 710, 711, 712, 713, 714, 715, 716, 717, 718, 719, 720, 721, 722, 723, 724, 725, 726, 727, 728, 729, 730, 731, 732, 733, 734, 735, 736, 737, 738, 739, 740, 741, 742, 743, 744, 745, 746, 747, 748, 749, 750, 751, 752, 753, 754, 755, 756, 757, 758, 759, 760, 761, 762, 763, 764, 765, 766, 767, 768, 769, 770, 771, 772, 773, 774, 775, 776, 777, 778, 779, 780, 781, 782, 783, 784, 785, 786, 787, 788, 789, 790, 791, 792, 793, 803, 804, 844, 912]",True,[],"[103, 104, 105, 106, 107, 108, 109, 110, 111, 112, 113, 114, 115, 116, 117, 118, 119, 120, 121, 122, 123, 124, 125, 126, 127, 128, 129, 130, 131, 132, 133, 134, 135, 136, 137, 138, 139, 140, 141, 142, 143, 144, 145, 146, 147, 148, 149, 150, 151, 152, 153, 154, 155, 156, 157, 158, 159, 160, 161, 162, 163, 164, 165, 166, 167, 168, 169, 170, 171, 172, 173, 174, 175, 176, 177, 178, 179, 180, 181, 182, 183, 184, 185, 186, 187, 188, 189, 190, 191, 192, 193, 194, 195, 196, 197, 198, 199, 200, 201, 202, 203, 204, 205, 206, 207, 208, 209, 210, 211, 212, 213, 214, 215, 216, 217, 218, 219, 220, 221, 222, 223, 224, 225, 226, 227, 228, 229, 230, 231, 232, 233, 234, 235, 236, 237, 238, 239, 240, 241, 242, 243, 244, 245, 246, 247, 248, 249, 250, 251, 252, 253, 254, 255, 256, 257, 258, 259, 260, 261, 262, 263, 264, 265, 266, 267, 268, 269, 270, 271, 272, 273, 274, 275, 276, 277, 278, 279, 280, 281, 282, 283, 284, 285, 286, 287, 288, 289, 290, 291, 292, 293, 294, 295, 296, 297, 298, 299, 300, 301, 302, 303, 304, 305, 306, 307, 308, 309, 310, 311, 312, 313, 314, 315, 316, 317, 318, 319, 320, 321, 322, 323, 324, 325, 326, 327, 328, 329, 330, 331, 332, 333, 334, 335, 336, 337, 574, 575, 576, 577, 578, 579, 580, 581, 582, 583, 584, 585, 586, 587, 588, 589, 590, 591, 592, 593, 594, 595, 596, 597, 598, 599, 600, 601, 602, 603, 604, 605, 606, 607, 608, 609, 610, 611, 612, 613, 614, 615, 616, 617, 618, 619, 620, 621, 622, 623, 624, 625, 626, 627, 628, 629, 630, 631, 632, 633, 634, 635, 636, 637, 638, 639, 640, 641, 642, 643, 644, 645, 646, 647, 648, 649, 650, 651, 652, 653, 654, 655, 656, 657, 658, 659, 660, 661, 662, 663, 664, 665, 666, 667, 668, 669, 670, 671, 672, 673, 674, 675, 676, 677, 678, 679, 680, 681, 682, 683, 684, 685, 686, 687, 688, 689, 690, 691, 692, 693, 694, 695, 696, 697, 698, 699, 700, 701, 702, 703, 704, 705, 706, 707, 708, 709, 710, 711, 712, 713, 714, 715, 716, 717, 718, 719, 720, 721, 722, 723, 724, 725, 726, 727, 728, 729, 730, 731, 732, 733, 734, 735, 736, 737, 738, 739, 740, 741, 742, 743, 744, 745, 746, 747, 748, 749, 750, 751, 752, 753, 754, 755, 756, 757, 758, 759, 760, 761, 762, 763, 764, 765, 766, 767, 768, 769, 770, 771, 772, 773, 774, 775, 776, 777, 778, 779, 780, 781, 782, 783, 784, 785, 786, 787, 788, 789, 790, 791, 792, 793]","[268, 727]","[134, 156, 268, 349, 605, 628, 727, 804]","[10, 75, 103, 104, 106, 117, 118, 120, 127, 128, 129, 131, 133, 135, 136, 137, 139, 146, 147, 148, 149, 151, 158, 160, 162, 166, 173, 178, 179, 185, 190, 192, 198, 201, 203, 204, 206, 207, 212, 213, 214, 219, 223, 224, 225, 227, 230, 235, 237, 246, 247, 256, 259, 262, 263, 266, 268, 269, 271, 272, 278, 279, 284, 285, 288, 290, 292, 304, 306, 312, 316, 319, 320, 323, 324, 329, 332, 335, 495, 549, 574, 575, 577, 588, 589, 591, 598, 599, 600, 602, 604, 606, 607, 608, 610, 617, 618, 619, 620, 622, 625, 630, 632, 634, 638, 644, 649, 650, 656, 661, 663, 669, 673, 674, 676, 677, 682, 683, 684, 687, 688, 689, 691, 694, 699, 701, 710, 718, 722, 723, 727, 728, 730, 731, 737, 738, 743, 744, 747, 749, 751, 762, 764, 770, 774, 777, 778, 781, 782, 789, 791]","[84, 87, 89, 114, 115, 117, 124, 132, 135, 144, 152, 178, 239, 268, 281, 297, 318, 320, 327, 348, 394, 465, 555, 558, 560, 585, 586, 588, 595, 603, 606, 615, 623, 649, 703, 727, 740, 756, 776, 778, 785, 803, 844, 912]",[],7/6 successful match,True,[520],True,330,False,,1.0,True,RJ Travel Center ( 76 ),
Traver ( 93673 ) RJ Travel Center ( 76 N ) to 34243 S Chrisman ),559-238-3801 CA 99 Exit 106 B /,24 M,Traver,93673,RJ Travel Center ( 76 N ) to 34243 S Chrisman ),559-238-3801,2015,Traver,CA,,,CA 99 Exit 106 B /,Exit,106,False,,False,CA 99,,,,,"[268, 727]",[],"[268, 727]","[134, 156, 268, 349, 605, 628, 727, 804]","[103, 104, 105, 106, 107, 108, 109, 110, 111, 112, 113, 114, 115, 116, 117, 118, 119, 120, 121, 122, 123, 124, 125, 126, 127, 128, 129, 130, 131, 132, 133, 134, 135, 136, 137, 138, 139, 140, 141, 142, 143, 144, 145, 146, 147, 148, 149, 150, 151, 152, 153, 154, 155, 156, 157, 158, 159, 160, 161, 162, 163, 164, 165, 166, 167, 168, 169, 170, 171, 172, 173, 174, 175, 176, 177, 178, 179, 180, 181, 182, 183, 184, 185, 186, 187, 188, 189, 190, 191, 192, 193, 194, 195, 196, 197, 198, 199, 200, 201, 202, 203, 204, 205, 206, 207, 208, 209, 210, 211, 212, 213, 214, 215, 216, 217, 218, 219, 220, 221, 222, 223, 224, 225, 226, 227, 228, 229, 230, 231, 232, 233, 234, 235, 236, 237, 238, 239, 240, 241, 242, 243, 244, 245, 246, 247, 248, 249, 250, 251, 252, 253, 254, 255, 256, 257, 258, 259, 260, 261, 262, 263, 264, 265, 266, 267, 268, 269, 270, 271, 272, 273, 274, 275, 276, 277, 278, 279, 280, 281, 282, 283, 284, 285, 286, 287, 288, 289, 290, 291, 292, 293, 294, 295, 296, 297, 298, 299, 300, 301, 302, 303, 304, 305, 306, 307, 308, 309, 310, 311, 312, 313, 314, 315, 316, 317, 318, 319, 320, 321, 322, 323, 324, 325, 326, 327, 328, 329, 330, 331, 332, 333, 334, 335, 336, 337, 574, 575, 576, 577, 578, 579, 580, 581, 582, 583, 584, 585, 586, 587, 588, 589, 590, 591, 592, 593, 594, 595, 596, 597, 598, 599, 600, 601, 602, 603, 604, 605, 606, 607, 608, 609, 610, 611, 612, 613, 614, 615, 616, 617, 618, 619, 620, 621, 622, 623, 624, 625, 626, 627, 628, 629, 630, 631, 632, 633, 634, 635, 636, 637, 638, 639, 640, 641, 642, 643, 644, 645, 646, 647, 648, 649, 650, 651, 652, 653, 654, 655, 656, 657, 658, 659, 660, 661, 662, 663, 664, 665, 666, 667, 668, 669, 670, 671, 672, 673, 674, 675, 676, 677, 678, 679, 680, 681, 682, 683, 684, 685, 686, 687, 688, 689, 690, 691, 692, 693, 694, 695, 696, 697, 698, 699, 700, 701, 702, 703, 704, 705, 706, 707, 708, 709, 710, 711, 712, 713, 714, 715, 716, 717, 718, 719, 720, 721, 722, 723, 724, 725, 726, 727, 728, 729, 730, 731, 732, 733, 734, 735, 736, 737, 738, 739, 740, 741, 742, 743, 744, 745, 746, 747, 748, 749, 750, 751, 752, 753, 754, 755, 756, 757, 758, 759, 760, 761, 762, 763, 764, 765, 766, 767, 768, 769, 770, 771, 772, 773, 774, 775, 776, 777, 778, 779, 780, 781, 782, 783, 784, 785, 786, 787, 788, 789, 790, 791, 792, 793]","[10, 75, 103, 104, 106, 117, 118, 120, 127, 128, 129, 131, 133, 135, 136, 137, 139, 146, 147, 148, 149, 151, 158, 160, 162, 166, 173, 178, 179, 185, 190, 192, 198, 201, 203, 204, 206, 207, 212, 213, 214, 219, 223, 224, 225, 227, 230, 235, 237, 246, 247, 256, 259, 262, 263, 266, 268, 269, 271, 272, 278, 279, 284, 285, 288, 290, 292, 304, 306, 312, 316, 319, 320, 323, 324, 329, 332, 335, 495, 549, 574, 575, 577, 588, 589, 591, 598, 599, 600, 602, 604, 606, 607, 608, 610, 617, 618, 619, 620, 622, 625, 630, 632, 634, 638, 644, 649, 650, 656, 661, 663, 669, 673, 674, 676, 677, 682, 683, 684, 687, 688, 689, 691, 694, 699, 701, 710, 718, 722, 723, 727, 728, 730, 731, 737, 738, 743, 744, 747, 749, 751, 762, 764, 770, 774, 777, 778, 781, 782, 789, 791]",[],"[84, 87, 89, 114, 115, 117, 124, 132, 135, 144, 152, 178, 239, 268, 281, 297, 318, 320, 327, 348, 394, 465, 555, 558, 560, 585, 586, 588, 595, 603, 606, 615, 623, 649, 703, 727, 740, 756, 776, 778, 785, 803, 844, 912]","[10, 75, 84, 87, 89, 103, 104, 105, 106, 107, 108, 109, 110, 111, 112, 113, 114, 115, 116, 117, 118, 119, 120, 121, 122, 123, 124, 125, 126, 127, 128, 129, 130, 131, 132, 133, 134, 135, 136, 137, 138, 139, 140, 141, 142, 143, 144, 145, 146, 147, 148, 149, 150, 151, 152, 153, 154, 155, 156, 157, 158, 159, 160, 161, 162, 163, 164, 165, 166, 167, 168, 169, 170, 171, 172, 173, 174, 175, 176, 177, 178, 179, 180, 181, 182, 183, 184, 185, 186, 187, 188, 189, 190, 191, 192, 193, 194, 195, 196, 197, 198, 199, 200, 201, 202, 203, 204, 205, 206, 207, 208, 209, 210, 211, 212, 213, 214, 215, 216, 217, 218, 219, 220, 221, 222, 223, 224, 225, 226, 227, 228, 229, 230, 231, 232, 233, 234, 235, 236, 237, 238, 239, 240, 241, 242, 243, 244, 245, 246, 247, 248, 249, 250, 251, 252, 253, 254, 255, 256, 257, 258, 259, 260, 261, 262, 263, 264, 265, 266, 267, 268, 269, 270, 271, 272, 273, 274, 275, 276, 277, 278, 279, 280, 281, 282, 283, 284, 285, 286, 287, 288, 289, 290, 291, 292, 293, 294, 295, 296, 297, 298, 299, 300, 301, 302, 303, 304, 305, 306, 307, 308, 309, 310, 311, 312, 313, 314, 315, 316, 317, 318, 319, 320, 321, 322, 323, 324, 325, 326, 327, 328, 329, 330, 331, 332, 333, 334, 335, 336, 337, 348, 349, 394, 465, 495, 549, 555, 558, 560, 574, 575, 576, 577, 578, 579, 580, 581, 582, 583, 584, 585, 586, 587, 588, 589, 590, 591, 592, 593, 594, 595, 596, 597, 598, 599, 600, 601, 602, 603, 604, 605, 606, 607, 608, 609, 610, 611, 612, 613, 614, 615, 616, 617, 618, 619, 620, 621, 622, 623, 624, 625, 626, 627, 628, 629, 630, 631, 632, 633, 634, 635, 636, 637, 638, 639, 640, 641, 642, 643, 644, 645, 646, 647, 648, 649, 650, 651, 652, 653, 654, 655, 656, 657, 658, 659, 660, 661, 662, 663, 664, 665, 666, 667, 668, 669, 670, 671, 672, 673, 674, 675, 676, 677, 678, 679, 680, 681, 682, 683, 684, 685, 686, 687, 688, 689, 690, 691, 692, 693, 694, 695, 696, 697, 698, 699, 700, 701, 702, 703, 704, 705, 706, 707, 708, 709, 710, 711, 712, 713, 714, 715, 716, 717, 718, 719, 720, 721, 722, 723, 724, 725, 726, 727, 728, 729, 730, 731, 732, 733, 734, 735, 736, 737, 738, 739, 740, 741, 742, 743, 744, 745, 746, 747, 748, 749, 750, 751, 752, 753, 754, 755, 756, 757, 758, 759, 760, 761, 762, 763, 764, 765, 766, 767, 768, 769, 770, 771, 772, 773, 774, 775, 776, 777, 778, 779, 780, 781, 782, 783, 784, 785, 786, 787, 788, 789, 790, 791, 792, 793, 803, 804, 844, 912]",True,[],"[103, 104, 105, 106, 107, 108, 109, 110, 111, 112, 113, 114, 115, 116, 117, 118, 119, 120, 121, 122, 123, 124, 125, 126, 127, 128, 129, 130, 131, 132, 133, 134, 135, 136, 137, 138, 139, 140, 141, 142, 143, 144, 145, 146, 147, 148, 149, 150, 151, 152, 153, 154, 155, 156, 157, 158, 159, 160, 161, 162, 163, 164, 165, 166, 167, 168, 169, 170, 171, 172, 173, 174, 175, 176, 177, 178, 179, 180, 181, 182, 183, 184, 185, 186, 187, 188, 189, 190, 191, 192, 193, 194, 195, 196, 197, 198, 199, 200, 201, 202, 203, 204, 205, 206, 207, 208, 209, 210, 211, 212, 213, 214, 215, 216, 217, 218, 219, 220, 221, 222, 223, 224, 225, 226, 227, 228, 229, 230, 231, 232, 233, 234, 235, 236, 237, 238, 239, 240, 241, 242, 243, 244, 245, 246, 247, 248, 249, 250, 251, 252, 253, 254, 255, 256, 257, 258, 259, 260, 261, 262, 263, 264, 265, 266, 267, 268, 269, 270, 271, 272, 273, 274, 275, 276, 277, 278, 279, 280, 281, 282, 283, 284, 285, 286, 287, 288, 289, 290, 291, 292, 293, 294, 295, 296, 297, 298, 299, 300, 301, 302, 303, 304, 305, 306, 307, 308, 309, 310, 311, 312, 313, 314, 315, 316, 317, 318, 319, 320, 321, 322, 323, 324, 325, 326, 327, 328, 329, 330, 331, 332, 333, 334, 335, 336, 337, 574, 575, 576, 577, 578, 579, 580, 581, 582, 583, 584, 585, 586, 587, 588, 589, 590, 591, 592, 593, 594, 595, 596, 597, 598, 599, 600, 601, 602, 603, 604, 605, 606, 607, 608, 609, 610, 611, 612, 613, 614, 615, 616, 617, 618, 619, 620, 621, 622, 623, 624, 625, 626, 627, 628, 629, 630, 631, 632, 633, 634, 635, 636, 637, 638, 639, 640, 641, 642, 643, 644, 645, 646, 647, 648, 649, 650, 651, 652, 653, 654, 655, 656, 657, 658, 659, 660, 661, 662, 663, 664, 665, 666, 667, 668, 669, 670, 671, 672, 673, 674, 675, 676, 677, 678, 679, 680, 681, 682, 683, 684, 685, 686, 687, 688, 689, 690, 691, 692, 693, 694, 695, 696, 697, 698, 699, 700, 701, 702, 703, 704, 705, 706, 707, 708, 709, 710, 711, 712, 713, 714, 715, 716, 717, 718, 719, 720, 721, 722, 723, 724, 725, 726, 727, 728, 729, 730, 731, 732, 733, 734, 735, 736, 737, 738, 739, 740, 741, 742, 743, 744, 745, 746, 747, 748, 749, 750, 751, 752, 753, 754, 755, 756, 757, 758, 759, 760, 761, 762, 763, 764, 765, 766, 767, 768, 769, 770, 771, 772, 773, 774, 775, 776, 777, 778, 779, 780, 781, 782, 783, 784, 785, 786, 787, 788, 789, 790, 791, 792, 793]","[268, 727]","[134, 156, 268, 349, 605, 628, 727, 804]","[10, 75, 103, 104, 106, 117, 118, 120, 127, 128, 129, 131, 133, 135, 136, 137, 139, 146, 147, 148, 149, 151, 158, 160, 162, 166, 173, 178, 179, 185, 190, 192, 198, 201, 203, 204, 206, 207, 212, 213, 214, 219, 223, 224, 225, 227, 230, 235, 237, 246, 247, 256, 259, 262, 263, 266, 268, 269, 271, 272, 278, 279, 284, 285, 288, 290, 292, 304, 306, 312, 316, 319, 320, 323, 324, 329, 332, 335, 495, 549, 574, 575, 577, 588, 589, 591, 598, 599, 600, 602, 604, 606, 607, 608, 610, 617, 618, 619, 620, 622, 625, 630, 632, 634, 638, 644, 649, 650, 656, 661, 663, 669, 673, 674, 676, 677, 682, 683, 684, 687, 688, 689, 691, 694, 699, 701, 710, 718, 722, 723, 727, 728, 730, 731, 737, 738, 743, 744, 747, 749, 751, 762, 764, 770, 774, 777, 778, 781, 782, 789, 791]","[84, 87, 89, 114, 115, 117, 124, 132, 135, 144, 152, 178, 239, 268, 281, 297, 318, 320, 327, 348, 394, 465, 555, 558, 560, 585, 586, 588, 595, 603, 606, 615, 623, 649, 703, 727, 740, 756, 776, 778, 785, 803, 844, 912]",[],7/6 successful match,True,[520],True,330,False,,0.8971428571428571,True,RJ Travel Center ( 76 ),
Traver ( 93673 ) RJ Travel Center ( 76 ) S Chrisman ),559-238-3801 CA 99 Exit 106 B NB / 106 SB ( Merritt ),24 22 MOO,Traver,93673,RJ Travel Center ( 76 ) S Chrisman ),559-238-3801,2016,Traver,CA,,( Merritt ),CA 99 Exit 106 B NB / 106 SB ,Exit,106,False,,False,CA 99,,106,,,"[268, 727]",[],"[268, 727]","[134, 156, 268, 349, 605, 628, 727, 804]","[103, 104, 105, 106, 107, 108, 109, 110, 111, 112, 113, 114, 115, 116, 117, 118, 119, 120, 121, 122, 123, 124, 125, 126, 127, 128, 129, 130, 131, 132, 133, 134, 135, 136, 137, 138, 139, 140, 141, 142, 143, 144, 145, 146, 147, 148, 149, 150, 151, 152, 153, 154, 155, 156, 157, 158, 159, 160, 161, 162, 163, 164, 165, 166, 167, 168, 169, 170, 171, 172, 173, 174, 175, 176, 177, 178, 179, 180, 181, 182, 183, 184, 185, 186, 187, 188, 189, 190, 191, 192, 193, 194, 195, 196, 197, 198, 199, 200, 201, 202, 203, 204, 205, 206, 207, 208, 209, 210, 211, 212, 213, 214, 215, 216, 217, 218, 219, 220, 221, 222, 223, 224, 225, 226, 227, 228, 229, 230, 231, 232, 233, 234, 235, 236, 237, 238, 239, 240, 241, 242, 243, 244, 245, 246, 247, 248, 249, 250, 251, 252, 253, 254, 255, 256, 257, 258, 259, 260, 261, 262, 263, 264, 265, 266, 267, 268, 269, 270, 271, 272, 273, 274, 275, 276, 277, 278, 279, 280, 281, 282, 283, 284, 285, 286, 287, 288, 289, 290, 291, 292, 293, 294, 295, 296, 297, 298, 299, 300, 301, 302, 303, 304, 305, 306, 307, 308, 309, 310, 311, 312, 313, 314, 315, 316, 317, 318, 319, 320, 321, 322, 323, 324, 325, 326, 327, 328, 329, 330, 331, 332, 333, 334, 335, 336, 337, 574, 575, 576, 577, 578, 579, 580, 581, 582, 583, 584, 585, 586, 587, 588, 589, 590, 591, 592, 593, 594, 595, 596, 597, 598, 599, 600, 601, 602, 603, 604, 605, 606, 607, 608, 609, 610, 611, 612, 613, 614, 615, 616, 617, 618, 619, 620, 621, 622, 623, 624, 625, 626, 627, 628, 629, 630, 631, 632, 633, 634, 635, 636, 637, 638, 639, 640, 641, 642, 643, 644, 645, 646, 647, 648, 649, 650, 651, 652, 653, 654, 655, 656, 657, 658, 659, 660, 661, 662, 663, 664, 665, 666, 667, 668, 669, 670, 671, 672, 673, 674, 675, 676, 677, 678, 679, 680, 681, 682, 683, 684, 685, 686, 687, 688, 689, 690, 691, 692, 693, 694, 695, 696, 697, 698, 699, 700, 701, 702, 703, 704, 705, 706, 707, 708, 709, 710, 711, 712, 713, 714, 715, 716, 717, 718, 719, 720, 721, 722, 723, 724, 725, 726, 727, 728, 729, 730, 731, 732, 733, 734, 735, 736, 737, 738, 739, 740, 741, 742, 743, 744, 745, 746, 747, 748, 749, 750, 751, 752, 753, 754, 755, 756, 757, 758, 759, 760, 761, 762, 763, 764, 765, 766, 767, 768, 769, 770, 771, 772, 773, 774, 775, 776, 777, 778, 779, 780, 781, 782, 783, 784, 785, 786, 787, 788, 789, 790, 791, 792, 793]","[10, 75, 103, 104, 106, 117, 118, 120, 127, 128, 129, 131, 133, 135, 136, 137, 139, 146, 147, 148, 149, 151, 158, 160, 162, 166, 173, 178, 179, 185, 190, 192, 198, 201, 203, 204, 206, 207, 212, 213, 214, 219, 223, 224, 225, 227, 230, 235, 237, 246, 247, 256, 259, 262, 263, 266, 268, 269, 271, 272, 278, 279, 284, 285, 288, 290, 292, 304, 306, 312, 316, 319, 320, 323, 324, 329, 332, 335, 495, 549, 574, 575, 577, 588, 589, 591, 598, 599, 600, 602, 604, 606, 607, 608, 610, 617, 618, 619, 620, 622, 625, 630, 632, 634, 638, 644, 649, 650, 656, 661, 663, 669, 673, 674, 676, 677, 682, 683, 684, 687, 688, 689, 691, 694, 699, 701, 710, 718, 722, 723, 727, 728, 730, 731, 737, 738, 743, 744, 747, 749, 751, 762, 764, 770, 774, 777, 778, 781, 782, 789, 791]",[],"[84, 87, 89, 114, 115, 117, 124, 132, 135, 144, 152, 178, 239, 268, 281, 297, 318, 320, 327, 348, 394, 465, 555, 558, 560, 585, 586, 588, 595, 603, 606, 615, 623, 649, 703, 727, 740, 756, 776, 778, 785, 803, 844, 912]","[10, 75, 84, 87, 89, 103, 104, 105, 106, 107, 108, 109, 110, 111, 112, 113, 114, 115, 116, 117, 118, 119, 120, 121, 122, 123, 124, 125, 126, 127, 128, 129, 130, 131, 132, 133, 134, 135, 136, 137, 138, 139, 140, 141, 142, 143, 144, 145, 146, 147, 148, 149, 150, 151, 152, 153, 154, 155, 156, 157, 158, 159, 160, 161, 162, 163, 164, 165, 166, 167, 168, 169, 170, 171, 172, 173, 174, 175, 176, 177, 178, 179, 180, 181, 182, 183, 184, 185, 186, 187, 188, 189, 190, 191, 192, 193, 194, 195, 196, 197, 198, 199, 200, 201, 202, 203, 204, 205, 206, 207, 208, 209, 210, 211, 212, 213, 214, 215, 216, 217, 218, 219, 220, 221, 222, 223, 224, 225, 226, 227, 228, 229, 230, 231, 232, 233, 234, 235, 236, 237, 238, 239, 240, 241, 242, 243, 244, 245, 246, 247, 248, 249, 250, 251, 252, 253, 254, 255, 256, 257, 258, 259, 260, 261, 262, 263, 264, 265, 266, 267, 268, 269, 270, 271, 272, 273, 274, 275, 276, 277, 278, 279, 280, 281, 282, 283, 284, 285, 286, 287, 288, 289, 290, 291, 292, 293, 294, 295, 296, 297, 298, 299, 300, 301, 302, 303, 304, 305, 306, 307, 308, 309, 310, 311, 312, 313, 314, 315, 316, 317, 318, 319, 320, 321, 322, 323, 324, 325, 326, 327, 328, 329, 330, 331, 332, 333, 334, 335, 336, 337, 348, 349, 394, 465, 495, 549, 555, 558, 560, 574, 575, 576, 577, 578, 579, 580, 581, 582, 583, 584, 585, 586, 587, 588, 589, 590, 591, 592, 593, 594, 595, 596, 597, 598, 599, 600, 601, 602, 603, 604, 605, 606, 607, 608, 609, 610, 611, 612, 613, 614, 615, 616, 617, 618, 619, 620, 621, 622, 623, 624, 625, 626, 627, 628, 629, 630, 631, 632, 633, 634, 635, 636, 637, 638, 639, 640, 641, 642, 643, 644, 645, 646, 647, 648, 649, 650, 651, 652, 653, 654, 655, 656, 657, 658, 659, 660, 661, 662, 663, 664, 665, 666, 667, 668, 669, 670, 671, 672, 673, 674, 675, 676, 677, 678, 679, 680, 681, 682, 683, 684, 685, 686, 687, 688, 689, 690, 691, 692, 693, 694, 695, 696, 697, 698, 699, 700, 701, 702, 703, 704, 705, 706, 707, 708, 709, 710, 711, 712, 713, 714, 715, 716, 717, 718, 719, 720, 721, 722, 723, 724, 725, 726, 727, 728, 729, 730, 731, 732, 733, 734, 735, 736, 737, 738, 739, 740, 741, 742, 743, 744, 745, 746, 747, 748, 749, 750, 751, 752, 753, 754, 755, 756, 757, 758, 759, 760, 761, 762, 763, 764, 765, 766, 767, 768, 769, 770, 771, 772, 773, 774, 775, 776, 777, 778, 779, 780, 781, 782, 783, 784, 785, 786, 787, 788, 789, 790, 791, 792, 793, 803, 804, 844, 912]",True,[],"[103, 104, 105, 106, 107, 108, 109, 110, 111, 112, 113, 114, 115, 116, 117, 118, 119, 120, 121, 122, 123, 124, 125, 126, 127, 128, 129, 130, 131, 132, 133, 134, 135, 136, 137, 138, 139, 140, 141, 142, 143, 144, 145, 146, 147, 148, 149, 150, 151, 152, 153, 154, 155, 156, 157, 158, 159, 160, 161, 162, 163, 164, 165, 166, 167, 168, 169, 170, 171, 172, 173, 174, 175, 176, 177, 178, 179, 180, 181, 182, 183, 184, 185, 186, 187, 188, 189, 190, 191, 192, 193, 194, 195, 196, 197, 198, 199, 200, 201, 202, 203, 204, 205, 206, 207, 208, 209, 210, 211, 212, 213, 214, 215, 216, 217, 218, 219, 220, 221, 222, 223, 224, 225, 226, 227, 228, 229, 230, 231, 232, 233, 234, 235, 236, 237, 238, 239, 240, 241, 242, 243, 244, 245, 246, 247, 248, 249, 250, 251, 252, 253, 254, 255, 256, 257, 258, 259, 260, 261, 262, 263, 264, 265, 266, 267, 268, 269, 270, 271, 272, 273, 274, 275, 276, 277, 278, 279, 280, 281, 282, 283, 284, 285, 286, 287, 288, 289, 290, 291, 292, 293, 294, 295, 296, 297, 298, 299, 300, 301, 302, 303, 304, 305, 306, 307, 308, 309, 310, 311, 312, 313, 314, 315, 316, 317, 318, 319, 320, 321, 322, 323, 324, 325, 326, 327, 328, 329, 330, 331, 332, 333, 334, 335, 336, 337, 574, 575, 576, 577, 578, 579, 580, 581, 582, 583, 584, 585, 586, 587, 588, 589, 590, 591, 592, 593, 594, 595, 596, 597, 598, 599, 600, 601, 602, 603, 604, 605, 606, 607, 608, 609, 610, 611, 612, 613, 614, 615, 616, 617, 618, 619, 620, 621, 622, 623, 624, 625, 626, 627, 628, 629, 630, 631, 632, 633, 634, 635, 636, 637, 638, 639, 640, 641, 642, 643, 644, 645, 646, 647, 648, 649, 650, 651, 652, 653, 654, 655, 656, 657, 658, 659, 660, 661, 662, 663, 664, 665, 666, 667, 668, 669, 670, 671, 672, 673, 674, 675, 676, 677, 678, 679, 680, 681, 682, 683, 684, 685, 686, 687, 688, 689, 690, 691, 692, 693, 694, 695, 696, 697, 698, 699, 700, 701, 702, 703, 704, 705, 706, 707, 708, 709, 710, 711, 712, 713, 714, 715, 716, 717, 718, 719, 720, 721, 722, 723, 724, 725, 726, 727, 728, 729, 730, 731, 732, 733, 734, 735, 736, 737, 738, 739, 740, 741, 742, 743, 744, 745, 746, 747, 748, 749, 750, 751, 752, 753, 754, 755, 756, 757, 758, 759, 760, 761, 762, 763, 764, 765, 766, 767, 768, 769, 770, 771, 772, 773, 774, 775, 776, 777, 778, 779, 780, 781, 782, 783, 784, 785, 786, 787, 788, 789, 790, 791, 792, 793]","[268, 727]","[134, 156, 268, 349, 605, 628, 727, 804]","[10, 75, 103, 104, 106, 117, 118, 120, 127, 128, 129, 131, 133, 135, 136, 137, 139, 146, 147, 148, 149, 151, 158, 160, 162, 166, 173, 178, 179, 185, 190, 192, 198, 201, 203, 204, 206, 207, 212, 213, 214, 219, 223, 224, 225, 227, 230, 235, 237, 246, 247, 256, 259, 262, 263, 266, 268, 269, 271, 272, 278, 279, 284, 285, 288, 290, 292, 304, 306, 312, 316, 319, 320, 323, 324, 329, 332, 335, 495, 549, 574, 575, 577, 588, 589, 591, 598, 599, 600, 602, 604, 606, 607, 608, 610, 617, 618, 619, 620, 622, 625, 630, 632, 634, 638, 644, 649, 650, 656, 661, 663, 669, 673, 674, 676, 677, 682, 683, 684, 687, 688, 689, 691, 694, 699, 701, 710, 718, 722, 723, 727, 728, 730, 731, 737, 738, 743, 744, 747, 749, 751, 762, 764, 770, 774, 777, 778, 781, 782, 789, 791]","[84, 87, 89, 114, 115, 117, 124, 132, 135, 144, 152, 178, 239, 268, 281, 297, 318, 320, 327, 348, 394, 465, 555, 558, 560, 585, 586, 588, 595, 603, 606, 615, 623, 649, 703, 727, 740, 756, 776, 778, 785, 803, 844, 912]",[],7/6 successful match,True,[520],True,330,False,,1.0,True,RJ Travel Center ( 76 N ) to 34243 S Chrisman ),
"F Fresno , 93706 M & S Fuel ( Shell )",559-233-2141 CA 99 Exit 130 ( Jensen Ave ),000 000,Fresno,93706,M & S Fuel ( Shell ),559-233-2141,2006,Fresno,CA,Shell,( Jensen Ave ),CA 99 Exit 130 ,Exit,130,False,,False,CA 99,,,,,[],"[135, 288, 606, 747]","[106, 135, 278, 288, 577, 606, 625, 737, 747]","[135, 167, 288, 606, 639, 747]","[103, 104, 105, 106, 107, 108, 109, 110, 111, 112, 113, 114, 115, 116, 117, 118, 119, 120, 121, 122, 123, 124, 125, 126, 127, 128, 129, 130, 131, 132, 133, 134, 135, 136, 137, 138, 139, 140, 141, 142, 143, 144, 145, 146, 147, 148, 149, 150, 151, 152, 153, 154, 155, 156, 157, 158, 159, 160, 161, 162, 163, 164, 165, 166, 167, 168, 169, 170, 171, 172, 173, 174, 175, 176, 177, 178, 179, 180, 181, 182, 183, 184, 185, 186, 187, 188, 189, 190, 191, 192, 193, 194, 195, 196, 197, 198, 199, 200, 201, 202, 203, 204, 205, 206, 207, 208, 209, 210, 211, 212, 213, 214, 215, 216, 217, 218, 219, 220, 221, 222, 223, 224, 225, 226, 227, 228, 229, 230, 231, 232, 233, 234, 235, 236, 237, 238, 239, 240, 241, 242, 243, 244, 245, 246, 247, 248, 249, 250, 251, 252, 253, 254, 255, 256, 257, 258, 259, 260, 261, 262, 263, 264, 265, 266, 267, 268, 269, 270, 271, 272, 273, 274, 275, 276, 277, 278, 279, 280, 281, 282, 283, 284, 285, 286, 287, 288, 289, 290, 291, 292, 293, 294, 295, 296, 297, 298, 299, 300, 301, 302, 303, 304, 305, 306, 307, 308, 309, 310, 311, 312, 313, 314, 315, 316, 317, 318, 319, 320, 321, 322, 323, 324, 325, 326, 327, 328, 329, 330, 331, 332, 333, 334, 335, 336, 337, 574, 575, 576, 577, 578, 579, 580, 581, 582, 583, 584, 585, 586, 587, 588, 589, 590, 591, 592, 593, 594, 595, 596, 597, 598, 599, 600, 601, 602, 603, 604, 605, 606, 607, 608, 609, 610, 611, 612, 613, 614, 615, 616, 617, 618, 619, 620, 621, 622, 623, 624, 625, 626, 627, 628, 629, 630, 631, 632, 633, 634, 635, 636, 637, 638, 639, 640, 641, 642, 643, 644, 645, 646, 647, 648, 649, 650, 651, 652, 653, 654, 655, 656, 657, 658, 659, 660, 661, 662, 663, 664, 665, 666, 667, 668, 669, 670, 671, 672, 673, 674, 675, 676, 677, 678, 679, 680, 681, 682, 683, 684, 685, 686, 687, 688, 689, 690, 691, 692, 693, 694, 695, 696, 697, 698, 699, 700, 701, 702, 703, 704, 705, 706, 707, 708, 709, 710, 711, 712, 713, 714, 715, 716, 717, 718, 719, 720, 721, 722, 723, 724, 725, 726, 727, 728, 729, 730, 731, 732, 733, 734, 735, 736, 737, 738, 739, 740, 741, 742, 743, 744, 745, 746, 747, 748, 749, 750, 751, 752, 753, 754, 755, 756, 757, 758, 759, 760, 761, 762, 763, 764, 765, 766, 767, 768, 769, 770, 771, 772, 773, 774, 775, 776, 777, 778, 779, 780, 781, 782, 783, 784, 785, 786, 787, 788, 789, 790, 791, 792, 793]","[10, 75, 103, 104, 106, 117, 118, 120, 127, 128, 129, 131, 133, 135, 136, 137, 139, 146, 147, 148, 149, 151, 158, 160, 162, 166, 173, 178, 179, 185, 190, 192, 198, 201, 203, 204, 206, 207, 212, 213, 214, 219, 223, 224, 225, 227, 230, 235, 237, 246, 247, 256, 259, 262, 263, 266, 268, 269, 271, 272, 278, 279, 284, 285, 288, 290, 292, 304, 306, 312, 316, 319, 320, 323, 324, 329, 332, 335, 495, 549, 574, 575, 577, 588, 589, 591, 598, 599, 600, 602, 604, 606, 607, 608, 610, 617, 618, 619, 620, 622, 625, 630, 632, 634, 638, 644, 649, 650, 656, 661, 663, 669, 673, 674, 676, 677, 682, 683, 684, 687, 688, 689, 691, 694, 699, 701, 710, 718, 722, 723, 727, 728, 730, 731, 737, 738, 743, 744, 747, 749, 751, 762, 764, 770, 774, 777, 778, 781, 782, 789, 791]","[1, 13, 14, 29, 54, 55, 56, 57, 58, 60, 102, 118, 125, 127, 130, 134, 146, 149, 153, 175, 182, 187, 189, 191, 197, 225, 230, 238, 264, 265, 266, 286, 302, 317, 336, 379, 388, 389, 425, 454, 458, 463, 475, 487, 498, 499, 512, 530, 531, 532, 533, 534, 536, 573, 589, 596, 598, 601, 605, 617, 620, 624, 646, 653, 658, 660, 662, 668, 689, 694, 702, 724, 725, 745, 760, 775, 793, 829, 838, 839, 877, 901, 903, 905, 910, 923]","[1, 13, 14, 29, 54, 55, 56, 57, 58, 60, 102, 118, 125, 127, 130, 134, 146, 149, 153, 175, 182, 187, 189, 191, 197, 225, 230, 238, 264, 265, 266, 286, 302, 317, 336, 354, 379, 388, 389, 425, 454, 458, 463, 475, 487, 498, 499, 512, 530, 531, 532, 533, 534, 536, 573, 589, 596, 598, 601, 605, 617, 620, 624, 646, 653, 658, 660, 662, 668, 689, 694, 702, 724, 725, 745, 760, 775, 793, 809, 829, 838, 839, 877, 901, 903, 905, 910, 923]","[1, 10, 13, 14, 29, 54, 55, 56, 57, 58, 60, 75, 102, 103, 104, 105, 106, 107, 108, 109, 110, 111, 112, 113, 114, 115, 116, 117, 118, 119, 120, 121, 122, 123, 124, 125, 126, 127, 128, 129, 130, 131, 132, 133, 134, 135, 136, 137, 138, 139, 140, 141, 142, 143, 144, 145, 146, 147, 148, 149, 150, 151, 152, 153, 154, 155, 156, 157, 158, 159, 160, 161, 162, 163, 164, 165, 166, 167, 168, 169, 170, 171, 172, 173, 174, 175, 176, 177, 178, 179, 180, 181, 182, 183, 184, 185, 186, 187, 188, 189, 190, 191, 192, 193, 194, 195, 196, 197, 198, 199, 200, 201, 202, 203, 204, 205, 206, 207, 208, 209, 210, 211, 212, 213, 214, 215, 216, 217, 218, 219, 220, 221, 222, 223, 224, 225, 226, 227, 228, 229, 230, 231, 232, 233, 234, 235, 236, 237, 238, 239, 240, 241, 242, 243, 244, 245, 246, 247, 248, 249, 250, 251, 252, 253, 254, 255, 256, 257, 258, 259, 260, 261, 262, 263, 264, 265, 266, 267, 268, 269, 270, 271, 272, 273, 274, 275, 276, 277, 278, 279, 280, 281, 282, 283, 284, 285, 286, 287, 288, 289, 290, 291, 292, 293, 294, 295, 296, 297, 298, 299, 300, 301, 302, 303, 304, 305, 306, 307, 308, 309, 310, 311, 312, 313, 314, 315, 316, 317, 318, 319, 320, 321, 322, 323, 324, 325, 326, 327, 328, 329, 330, 331, 332, 333, 334, 335, 336, 337, 354, 379, 388, 389, 425, 454, 458, 463, 475, 487, 495, 498, 499, 512, 530, 531, 532, 533, 534, 536, 549, 573, 574, 575, 576, 577, 578, 579, 580, 581, 582, 583, 584, 585, 586, 587, 588, 589, 590, 591, 592, 593, 594, 595, 596, 597, 598, 599, 600, 601, 602, 603, 604, 605, 606, 607, 608, 609, 610, 611, 612, 613, 614, 615, 616, 617, 618, 619, 620, 621, 622, 623, 624, 625, 626, 627, 628, 629, 630, 631, 632, 633, 634, 635, 636, 637, 638, 639, 640, 641, 642, 643, 644, 645, 646, 647, 648, 649, 650, 651, 652, 653, 654, 655, 656, 657, 658, 659, 660, 661, 662, 663, 664, 665, 666, 667, 668, 669, 670, 671, 672, 673, 674, 675, 676, 677, 678, 679, 680, 681, 682, 683, 684, 685, 686, 687, 688, 689, 690, 691, 692, 693, 694, 695, 696, 697, 698, 699, 700, 701, 702, 703, 704, 705, 706, 707, 708, 709, 710, 711, 712, 713, 714, 715, 716, 717, 718, 719, 720, 721, 722, 723, 724, 725, 726, 727, 728, 729, 730, 731, 732, 733, 734, 735, 736, 737, 738, 739, 740, 741, 742, 743, 744, 745, 746, 747, 748, 749, 750, 751, 752, 753, 754, 755, 756, 757, 758, 759, 760, 761, 762, 763, 764, 765, 766, 767, 768, 769, 770, 771, 772, 773, 774, 775, 776, 777, 778, 779, 780, 781, 782, 783, 784, 785, 786, 787, 788, 789, 790, 791, 792, 793, 809, 829, 838, 839, 877, 901, 903, 905, 910, 923]",False,"[135, 288, 606, 747]","[103, 104, 105, 106, 107, 108, 109, 110, 111, 112, 113, 114, 115, 116, 117, 118, 119, 120, 121, 122, 123, 124, 125, 126, 127, 128, 129, 130, 131, 132, 133, 134, 135, 136, 137, 138, 139, 140, 141, 142, 143, 144, 145, 146, 147, 148, 149, 150, 151, 152, 153, 154, 155, 156, 157, 158, 159, 160, 161, 162, 163, 164, 165, 166, 167, 168, 169, 170, 171, 172, 173, 174, 175, 176, 177, 178, 179, 180, 181, 182, 183, 184, 185, 186, 187, 188, 189, 190, 191, 192, 193, 194, 195, 196, 197, 198, 199, 200, 201, 202, 203, 204, 205, 206, 207, 208, 209, 210, 211, 212, 213, 214, 215, 216, 217, 218, 219, 220, 221, 222, 223, 224, 225, 226, 227, 228, 229, 230, 231, 232, 233, 234, 235, 236, 237, 238, 239, 240, 241, 242, 243, 244, 245, 246, 247, 248, 249, 250, 251, 252, 253, 254, 255, 256, 257, 258, 259, 260, 261, 262, 263, 264, 265, 266, 267, 268, 269, 270, 271, 272, 273, 274, 275, 276, 277, 278, 279, 280, 281, 282, 283, 284, 285, 286, 287, 288, 289, 290, 291, 292, 293, 294, 295, 296, 297, 298, 299, 300, 301, 302, 303, 304, 305, 306, 307, 308, 309, 310, 311, 312, 313, 314, 315, 316, 317, 318, 319, 320, 321, 322, 323, 324, 325, 326, 327, 328, 329, 330, 331, 332, 333, 334, 335, 336, 337, 574, 575, 576, 577, 578, 579, 580, 581, 582, 583, 584, 585, 586, 587, 588, 589, 590, 591, 592, 593, 594, 595, 596, 597, 598, 599, 600, 601, 602, 603, 604, 605, 606, 607, 608, 609, 610, 611, 612, 613, 614, 615, 616, 617, 618, 619, 620, 621, 622, 623, 624, 625, 626, 627, 628, 629, 630, 631, 632, 633, 634, 635, 636, 637, 638, 639, 640, 641, 642, 643, 644, 645, 646, 647, 648, 649, 650, 651, 652, 653, 654, 655, 656, 657, 658, 659, 660, 661, 662, 663, 664, 665, 666, 667, 668, 669, 670, 671, 672, 673, 674, 675, 676, 677, 678, 679, 680, 681, 682, 683, 684, 685, 686, 687, 688, 689, 690, 691, 692, 693, 694, 695, 696, 697, 698, 699, 700, 701, 702, 703, 704, 705, 706, 707, 708, 709, 710, 711, 712, 713, 714, 715, 716, 717, 718, 719, 720, 721, 722, 723, 724, 725, 726, 727, 728, 729, 730, 731, 732, 733, 734, 735, 736, 737, 738, 739, 740, 741, 742, 743, 744, 745, 746, 747, 748, 749, 750, 751, 752, 753, 754, 755, 756, 757, 758, 759, 760, 761, 762, 763, 764, 765, 766, 767, 768, 769, 770, 771, 772, 773, 774, 775, 776, 777, 778, 779, 780, 781, 782, 783, 784, 785, 786, 787, 788, 789, 790, 791, 792, 793]","[106, 135, 278, 288, 577, 606, 625, 737, 747]","[135, 167, 288, 606, 639, 747]","[10, 75, 103, 104, 106, 117, 118, 120, 127, 128, 129, 131, 133, 135, 136, 137, 139, 146, 147, 148, 149, 151, 158, 160, 162, 166, 173, 178, 179, 185, 190, 192, 198, 201, 203, 204, 206, 207, 212, 213, 214, 219, 223, 224, 225, 227, 230, 235, 237, 246, 247, 256, 259, 262, 263, 266, 268, 269, 271, 272, 278, 279, 284, 285, 288, 290, 292, 304, 306, 312, 316, 319, 320, 323, 324, 329, 332, 335, 495, 549, 574, 575, 577, 588, 589, 591, 598, 599, 600, 602, 604, 606, 607, 608, 610, 617, 618, 619, 620, 622, 625, 630, 632, 634, 638, 644, 649, 650, 656, 661, 663, 669, 673, 674, 676, 677, 682, 683, 684, 687, 688, 689, 691, 694, 699, 701, 710, 718, 722, 723, 727, 728, 730, 731, 737, 738, 743, 744, 747, 749, 751, 762, 764, 770, 774, 777, 778, 781, 782, 789, 791]","[1, 13, 14, 29, 54, 55, 56, 57, 58, 60, 102, 118, 125, 127, 130, 134, 146, 149, 153, 175, 182, 187, 189, 191, 197, 225, 230, 238, 264, 265, 266, 286, 302, 317, 336, 354, 379, 388, 389, 425, 454, 458, 463, 475, 487, 498, 499, 512, 530, 531, 532, 533, 534, 536, 573, 589, 596, 598, 601, 605, 617, 620, 624, 646, 653, 658, 660, 662, 668, 689, 694, 702, 724, 725, 745, 760, 775, 793, 809, 829, 838, 839, 877, 901, 903, 905, 910, 923]","[1, 13, 14, 29, 54, 55, 56, 57, 58, 60, 102, 118, 125, 127, 130, 134, 146, 149, 153, 175, 182, 187, 189, 191, 197, 225, 230, 238, 264, 265, 266, 286, 302, 317, 336, 379, 388, 389, 425, 454, 458, 463, 475, 487, 498, 499, 512, 530, 531, 532, 533, 534, 536, 573, 589, 596, 598, 601, 605, 617, 620, 624, 646, 653, 658, 660, 662, 668, 689, 694, 702, 724, 725, 745, 760, 775, 793, 829, 838, 839, 877, 901, 903, 905, 910, 923]",5/6 successful match,False,[344],True,331,False,,,,,
"F Fresno , 93706 M & S Fuel ( Shell )",559-233-2141 CA 99 Exit 130 ( Jensen Ave ),24,Fresno,93706,M & S Fuel ( Shell ),559-233-2141,2007,Fresno,CA,Shell,( Jensen Ave ),CA 99 Exit 130 ,Exit,130,False,,False,CA 99,,,,,[],"[135, 288, 606, 747]","[106, 135, 278, 288, 577, 606, 625, 737, 747]","[135, 167, 288, 606, 639, 747]","[103, 104, 105, 106, 107, 108, 109, 110, 111, 112, 113, 114, 115, 116, 117, 118, 119, 120, 121, 122, 123, 124, 125, 126, 127, 128, 129, 130, 131, 132, 133, 134, 135, 136, 137, 138, 139, 140, 141, 142, 143, 144, 145, 146, 147, 148, 149, 150, 151, 152, 153, 154, 155, 156, 157, 158, 159, 160, 161, 162, 163, 164, 165, 166, 167, 168, 169, 170, 171, 172, 173, 174, 175, 176, 177, 178, 179, 180, 181, 182, 183, 184, 185, 186, 187, 188, 189, 190, 191, 192, 193, 194, 195, 196, 197, 198, 199, 200, 201, 202, 203, 204, 205, 206, 207, 208, 209, 210, 211, 212, 213, 214, 215, 216, 217, 218, 219, 220, 221, 222, 223, 224, 225, 226, 227, 228, 229, 230, 231, 232, 233, 234, 235, 236, 237, 238, 239, 240, 241, 242, 243, 244, 245, 246, 247, 248, 249, 250, 251, 252, 253, 254, 255, 256, 257, 258, 259, 260, 261, 262, 263, 264, 265, 266, 267, 268, 269, 270, 271, 272, 273, 274, 275, 276, 277, 278, 279, 280, 281, 282, 283, 284, 285, 286, 287, 288, 289, 290, 291, 292, 293, 294, 295, 296, 297, 298, 299, 300, 301, 302, 303, 304, 305, 306, 307, 308, 309, 310, 311, 312, 313, 314, 315, 316, 317, 318, 319, 320, 321, 322, 323, 324, 325, 326, 327, 328, 329, 330, 331, 332, 333, 334, 335, 336, 337, 574, 575, 576, 577, 578, 579, 580, 581, 582, 583, 584, 585, 586, 587, 588, 589, 590, 591, 592, 593, 594, 595, 596, 597, 598, 599, 600, 601, 602, 603, 604, 605, 606, 607, 608, 609, 610, 611, 612, 613, 614, 615, 616, 617, 618, 619, 620, 621, 622, 623, 624, 625, 626, 627, 628, 629, 630, 631, 632, 633, 634, 635, 636, 637, 638, 639, 640, 641, 642, 643, 644, 645, 646, 647, 648, 649, 650, 651, 652, 653, 654, 655, 656, 657, 658, 659, 660, 661, 662, 663, 664, 665, 666, 667, 668, 669, 670, 671, 672, 673, 674, 675, 676, 677, 678, 679, 680, 681, 682, 683, 684, 685, 686, 687, 688, 689, 690, 691, 692, 693, 694, 695, 696, 697, 698, 699, 700, 701, 702, 703, 704, 705, 706, 707, 708, 709, 710, 711, 712, 713, 714, 715, 716, 717, 718, 719, 720, 721, 722, 723, 724, 725, 726, 727, 728, 729, 730, 731, 732, 733, 734, 735, 736, 737, 738, 739, 740, 741, 742, 743, 744, 745, 746, 747, 748, 749, 750, 751, 752, 753, 754, 755, 756, 757, 758, 759, 760, 761, 762, 763, 764, 765, 766, 767, 768, 769, 770, 771, 772, 773, 774, 775, 776, 777, 778, 779, 780, 781, 782, 783, 784, 785, 786, 787, 788, 789, 790, 791, 792, 793]","[10, 75, 103, 104, 106, 117, 118, 120, 127, 128, 129, 131, 133, 135, 136, 137, 139, 146, 147, 148, 149, 151, 158, 160, 162, 166, 173, 178, 179, 185, 190, 192, 198, 201, 203, 204, 206, 207, 212, 213, 214, 219, 223, 224, 225, 227, 230, 235, 237, 246, 247, 256, 259, 262, 263, 266, 268, 269, 271, 272, 278, 279, 284, 285, 288, 290, 292, 304, 306, 312, 316, 319, 320, 323, 324, 329, 332, 335, 495, 549, 574, 575, 577, 588, 589, 591, 598, 599, 600, 602, 604, 606, 607, 608, 610, 617, 618, 619, 620, 622, 625, 630, 632, 634, 638, 644, 649, 650, 656, 661, 663, 669, 673, 674, 676, 677, 682, 683, 684, 687, 688, 689, 691, 694, 699, 701, 710, 718, 722, 723, 727, 728, 730, 731, 737, 738, 743, 744, 747, 749, 751, 762, 764, 770, 774, 777, 778, 781, 782, 789, 791]","[1, 13, 14, 29, 54, 55, 56, 57, 58, 60, 102, 118, 125, 127, 130, 134, 146, 149, 153, 175, 182, 187, 189, 191, 197, 225, 230, 238, 264, 265, 266, 286, 302, 317, 336, 379, 388, 389, 425, 454, 458, 463, 475, 487, 498, 499, 512, 530, 531, 532, 533, 534, 536, 573, 589, 596, 598, 601, 605, 617, 620, 624, 646, 653, 658, 660, 662, 668, 689, 694, 702, 724, 725, 745, 760, 775, 793, 829, 838, 839, 877, 901, 903, 905, 910, 923]","[1, 13, 14, 29, 54, 55, 56, 57, 58, 60, 102, 118, 125, 127, 130, 134, 146, 149, 153, 175, 182, 187, 189, 191, 197, 225, 230, 238, 264, 265, 266, 286, 302, 317, 336, 354, 379, 388, 389, 425, 454, 458, 463, 475, 487, 498, 499, 512, 530, 531, 532, 533, 534, 536, 573, 589, 596, 598, 601, 605, 617, 620, 624, 646, 653, 658, 660, 662, 668, 689, 694, 702, 724, 725, 745, 760, 775, 793, 809, 829, 838, 839, 877, 901, 903, 905, 910, 923]","[1, 10, 13, 14, 29, 54, 55, 56, 57, 58, 60, 75, 102, 103, 104, 105, 106, 107, 108, 109, 110, 111, 112, 113, 114, 115, 116, 117, 118, 119, 120, 121, 122, 123, 124, 125, 126, 127, 128, 129, 130, 131, 132, 133, 134, 135, 136, 137, 138, 139, 140, 141, 142, 143, 144, 145, 146, 147, 148, 149, 150, 151, 152, 153, 154, 155, 156, 157, 158, 159, 160, 161, 162, 163, 164, 165, 166, 167, 168, 169, 170, 171, 172, 173, 174, 175, 176, 177, 178, 179, 180, 181, 182, 183, 184, 185, 186, 187, 188, 189, 190, 191, 192, 193, 194, 195, 196, 197, 198, 199, 200, 201, 202, 203, 204, 205, 206, 207, 208, 209, 210, 211, 212, 213, 214, 215, 216, 217, 218, 219, 220, 221, 222, 223, 224, 225, 226, 227, 228, 229, 230, 231, 232, 233, 234, 235, 236, 237, 238, 239, 240, 241, 242, 243, 244, 245, 246, 247, 248, 249, 250, 251, 252, 253, 254, 255, 256, 257, 258, 259, 260, 261, 262, 263, 264, 265, 266, 267, 268, 269, 270, 271, 272, 273, 274, 275, 276, 277, 278, 279, 280, 281, 282, 283, 284, 285, 286, 287, 288, 289, 290, 291, 292, 293, 294, 295, 296, 297, 298, 299, 300, 301, 302, 303, 304, 305, 306, 307, 308, 309, 310, 311, 312, 313, 314, 315, 316, 317, 318, 319, 320, 321, 322, 323, 324, 325, 326, 327, 328, 329, 330, 331, 332, 333, 334, 335, 336, 337, 354, 379, 388, 389, 425, 454, 458, 463, 475, 487, 495, 498, 499, 512, 530, 531, 532, 533, 534, 536, 549, 573, 574, 575, 576, 577, 578, 579, 580, 581, 582, 583, 584, 585, 586, 587, 588, 589, 590, 591, 592, 593, 594, 595, 596, 597, 598, 599, 600, 601, 602, 603, 604, 605, 606, 607, 608, 609, 610, 611, 612, 613, 614, 615, 616, 617, 618, 619, 620, 621, 622, 623, 624, 625, 626, 627, 628, 629, 630, 631, 632, 633, 634, 635, 636, 637, 638, 639, 640, 641, 642, 643, 644, 645, 646, 647, 648, 649, 650, 651, 652, 653, 654, 655, 656, 657, 658, 659, 660, 661, 662, 663, 664, 665, 666, 667, 668, 669, 670, 671, 672, 673, 674, 675, 676, 677, 678, 679, 680, 681, 682, 683, 684, 685, 686, 687, 688, 689, 690, 691, 692, 693, 694, 695, 696, 697, 698, 699, 700, 701, 702, 703, 704, 705, 706, 707, 708, 709, 710, 711, 712, 713, 714, 715, 716, 717, 718, 719, 720, 721, 722, 723, 724, 725, 726, 727, 728, 729, 730, 731, 732, 733, 734, 735, 736, 737, 738, 739, 740, 741, 742, 743, 744, 745, 746, 747, 748, 749, 750, 751, 752, 753, 754, 755, 756, 757, 758, 759, 760, 761, 762, 763, 764, 765, 766, 767, 768, 769, 770, 771, 772, 773, 774, 775, 776, 777, 778, 779, 780, 781, 782, 783, 784, 785, 786, 787, 788, 789, 790, 791, 792, 793, 809, 829, 838, 839, 877, 901, 903, 905, 910, 923]",False,"[135, 288, 606, 747]","[103, 104, 105, 106, 107, 108, 109, 110, 111, 112, 113, 114, 115, 116, 117, 118, 119, 120, 121, 122, 123, 124, 125, 126, 127, 128, 129, 130, 131, 132, 133, 134, 135, 136, 137, 138, 139, 140, 141, 142, 143, 144, 145, 146, 147, 148, 149, 150, 151, 152, 153, 154, 155, 156, 157, 158, 159, 160, 161, 162, 163, 164, 165, 166, 167, 168, 169, 170, 171, 172, 173, 174, 175, 176, 177, 178, 179, 180, 181, 182, 183, 184, 185, 186, 187, 188, 189, 190, 191, 192, 193, 194, 195, 196, 197, 198, 199, 200, 201, 202, 203, 204, 205, 206, 207, 208, 209, 210, 211, 212, 213, 214, 215, 216, 217, 218, 219, 220, 221, 222, 223, 224, 225, 226, 227, 228, 229, 230, 231, 232, 233, 234, 235, 236, 237, 238, 239, 240, 241, 242, 243, 244, 245, 246, 247, 248, 249, 250, 251, 252, 253, 254, 255, 256, 257, 258, 259, 260, 261, 262, 263, 264, 265, 266, 267, 268, 269, 270, 271, 272, 273, 274, 275, 276, 277, 278, 279, 280, 281, 282, 283, 284, 285, 286, 287, 288, 289, 290, 291, 292, 293, 294, 295, 296, 297, 298, 299, 300, 301, 302, 303, 304, 305, 306, 307, 308, 309, 310, 311, 312, 313, 314, 315, 316, 317, 318, 319, 320, 321, 322, 323, 324, 325, 326, 327, 328, 329, 330, 331, 332, 333, 334, 335, 336, 337, 574, 575, 576, 577, 578, 579, 580, 581, 582, 583, 584, 585, 586, 587, 588, 589, 590, 591, 592, 593, 594, 595, 596, 597, 598, 599, 600, 601, 602, 603, 604, 605, 606, 607, 608, 609, 610, 611, 612, 613, 614, 615, 616, 617, 618, 619, 620, 621, 622, 623, 624, 625, 626, 627, 628, 629, 630, 631, 632, 633, 634, 635, 636, 637, 638, 639, 640, 641, 642, 643, 644, 645, 646, 647, 648, 649, 650, 651, 652, 653, 654, 655, 656, 657, 658, 659, 660, 661, 662, 663, 664, 665, 666, 667, 668, 669, 670, 671, 672, 673, 674, 675, 676, 677, 678, 679, 680, 681, 682, 683, 684, 685, 686, 687, 688, 689, 690, 691, 692, 693, 694, 695, 696, 697, 698, 699, 700, 701, 702, 703, 704, 705, 706, 707, 708, 709, 710, 711, 712, 713, 714, 715, 716, 717, 718, 719, 720, 721, 722, 723, 724, 725, 726, 727, 728, 729, 730, 731, 732, 733, 734, 735, 736, 737, 738, 739, 740, 741, 742, 743, 744, 745, 746, 747, 748, 749, 750, 751, 752, 753, 754, 755, 756, 757, 758, 759, 760, 761, 762, 763, 764, 765, 766, 767, 768, 769, 770, 771, 772, 773, 774, 775, 776, 777, 778, 779, 780, 781, 782, 783, 784, 785, 786, 787, 788, 789, 790, 791, 792, 793]","[106, 135, 278, 288, 577, 606, 625, 737, 747]","[135, 167, 288, 606, 639, 747]","[10, 75, 103, 104, 106, 117, 118, 120, 127, 128, 129, 131, 133, 135, 136, 137, 139, 146, 147, 148, 149, 151, 158, 160, 162, 166, 173, 178, 179, 185, 190, 192, 198, 201, 203, 204, 206, 207, 212, 213, 214, 219, 223, 224, 225, 227, 230, 235, 237, 246, 247, 256, 259, 262, 263, 266, 268, 269, 271, 272, 278, 279, 284, 285, 288, 290, 292, 304, 306, 312, 316, 319, 320, 323, 324, 329, 332, 335, 495, 549, 574, 575, 577, 588, 589, 591, 598, 599, 600, 602, 604, 606, 607, 608, 610, 617, 618, 619, 620, 622, 625, 630, 632, 634, 638, 644, 649, 650, 656, 661, 663, 669, 673, 674, 676, 677, 682, 683, 684, 687, 688, 689, 691, 694, 699, 701, 710, 718, 722, 723, 727, 728, 730, 731, 737, 738, 743, 744, 747, 749, 751, 762, 764, 770, 774, 777, 778, 781, 782, 789, 791]","[1, 13, 14, 29, 54, 55, 56, 57, 58, 60, 102, 118, 125, 127, 130, 134, 146, 149, 153, 175, 182, 187, 189, 191, 197, 225, 230, 238, 264, 265, 266, 286, 302, 317, 336, 354, 379, 388, 389, 425, 454, 458, 463, 475, 487, 498, 499, 512, 530, 531, 532, 533, 534, 536, 573, 589, 596, 598, 601, 605, 617, 620, 624, 646, 653, 658, 660, 662, 668, 689, 694, 702, 724, 725, 745, 760, 775, 793, 809, 829, 838, 839, 877, 901, 903, 905, 910, 923]","[1, 13, 14, 29, 54, 55, 56, 57, 58, 60, 102, 118, 125, 127, 130, 134, 146, 149, 153, 175, 182, 187, 189, 191, 197, 225, 230, 238, 264, 265, 266, 286, 302, 317, 336, 379, 388, 389, 425, 454, 458, 463, 475, 487, 498, 499, 512, 530, 531, 532, 533, 534, 536, 573, 589, 596, 598, 601, 605, 617, 620, 624, 646, 653, 658, 660, 662, 668, 689, 694, 702, 724, 725, 745, 760, 775, 793, 829, 838, 839, 877, 901, 903, 905, 910, 923]",5/6 successful match,False,[344],True,331,False,,1.0,True,M & S Fuel ( Shell ),Shell
"Fresno , 93706 M & S Fuel ( Shell )",559-233-2141 CA 99 Exit 130 ( Jensen Ave ),24 HRS <U+2610>,Fresno,93706,M & S Fuel ( Shell ),559-233-2141,2008,Fresno,CA,Shell,( Jensen Ave ),CA 99 Exit 130 ,Exit,130,False,,False,CA 99,,,,,[],"[135, 288, 606, 747]","[106, 135, 278, 288, 577, 606, 625, 737, 747]","[135, 167, 288, 606, 639, 747]","[103, 104, 105, 106, 107, 108, 109, 110, 111, 112, 113, 114, 115, 116, 117, 118, 119, 120, 121, 122, 123, 124, 125, 126, 127, 128, 129, 130, 131, 132, 133, 134, 135, 136, 137, 138, 139, 140, 141, 142, 143, 144, 145, 146, 147, 148, 149, 150, 151, 152, 153, 154, 155, 156, 157, 158, 159, 160, 161, 162, 163, 164, 165, 166, 167, 168, 169, 170, 171, 172, 173, 174, 175, 176, 177, 178, 179, 180, 181, 182, 183, 184, 185, 186, 187, 188, 189, 190, 191, 192, 193, 194, 195, 196, 197, 198, 199, 200, 201, 202, 203, 204, 205, 206, 207, 208, 209, 210, 211, 212, 213, 214, 215, 216, 217, 218, 219, 220, 221, 222, 223, 224, 225, 226, 227, 228, 229, 230, 231, 232, 233, 234, 235, 236, 237, 238, 239, 240, 241, 242, 243, 244, 245, 246, 247, 248, 249, 250, 251, 252, 253, 254, 255, 256, 257, 258, 259, 260, 261, 262, 263, 264, 265, 266, 267, 268, 269, 270, 271, 272, 273, 274, 275, 276, 277, 278, 279, 280, 281, 282, 283, 284, 285, 286, 287, 288, 289, 290, 291, 292, 293, 294, 295, 296, 297, 298, 299, 300, 301, 302, 303, 304, 305, 306, 307, 308, 309, 310, 311, 312, 313, 314, 315, 316, 317, 318, 319, 320, 321, 322, 323, 324, 325, 326, 327, 328, 329, 330, 331, 332, 333, 334, 335, 336, 337, 574, 575, 576, 577, 578, 579, 580, 581, 582, 583, 584, 585, 586, 587, 588, 589, 590, 591, 592, 593, 594, 595, 596, 597, 598, 599, 600, 601, 602, 603, 604, 605, 606, 607, 608, 609, 610, 611, 612, 613, 614, 615, 616, 617, 618, 619, 620, 621, 622, 623, 624, 625, 626, 627, 628, 629, 630, 631, 632, 633, 634, 635, 636, 637, 638, 639, 640, 641, 642, 643, 644, 645, 646, 647, 648, 649, 650, 651, 652, 653, 654, 655, 656, 657, 658, 659, 660, 661, 662, 663, 664, 665, 666, 667, 668, 669, 670, 671, 672, 673, 674, 675, 676, 677, 678, 679, 680, 681, 682, 683, 684, 685, 686, 687, 688, 689, 690, 691, 692, 693, 694, 695, 696, 697, 698, 699, 700, 701, 702, 703, 704, 705, 706, 707, 708, 709, 710, 711, 712, 713, 714, 715, 716, 717, 718, 719, 720, 721, 722, 723, 724, 725, 726, 727, 728, 729, 730, 731, 732, 733, 734, 735, 736, 737, 738, 739, 740, 741, 742, 743, 744, 745, 746, 747, 748, 749, 750, 751, 752, 753, 754, 755, 756, 757, 758, 759, 760, 761, 762, 763, 764, 765, 766, 767, 768, 769, 770, 771, 772, 773, 774, 775, 776, 777, 778, 779, 780, 781, 782, 783, 784, 785, 786, 787, 788, 789, 790, 791, 792, 793]","[10, 75, 103, 104, 106, 117, 118, 120, 127, 128, 129, 131, 133, 135, 136, 137, 139, 146, 147, 148, 149, 151, 158, 160, 162, 166, 173, 178, 179, 185, 190, 192, 198, 201, 203, 204, 206, 207, 212, 213, 214, 219, 223, 224, 225, 227, 230, 235, 237, 246, 247, 256, 259, 262, 263, 266, 268, 269, 271, 272, 278, 279, 284, 285, 288, 290, 292, 304, 306, 312, 316, 319, 320, 323, 324, 329, 332, 335, 495, 549, 574, 575, 577, 588, 589, 591, 598, 599, 600, 602, 604, 606, 607, 608, 610, 617, 618, 619, 620, 622, 625, 630, 632, 634, 638, 644, 649, 650, 656, 661, 663, 669, 673, 674, 676, 677, 682, 683, 684, 687, 688, 689, 691, 694, 699, 701, 710, 718, 722, 723, 727, 728, 730, 731, 737, 738, 743, 744, 747, 749, 751, 762, 764, 770, 774, 777, 778, 781, 782, 789, 791]","[1, 13, 14, 29, 54, 55, 56, 57, 58, 60, 102, 118, 125, 127, 130, 134, 146, 149, 153, 175, 182, 187, 189, 191, 197, 225, 230, 238, 264, 265, 266, 286, 302, 317, 336, 379, 388, 389, 425, 454, 458, 463, 475, 487, 498, 499, 512, 530, 531, 532, 533, 534, 536, 573, 589, 596, 598, 601, 605, 617, 620, 624, 646, 653, 658, 660, 662, 668, 689, 694, 702, 724, 725, 745, 760, 775, 793, 829, 838, 839, 877, 901, 903, 905, 910, 923]","[1, 13, 14, 29, 54, 55, 56, 57, 58, 60, 102, 118, 125, 127, 130, 134, 146, 149, 153, 175, 182, 187, 189, 191, 197, 225, 230, 238, 264, 265, 266, 286, 302, 317, 336, 354, 379, 388, 389, 425, 454, 458, 463, 475, 487, 498, 499, 512, 530, 531, 532, 533, 534, 536, 573, 589, 596, 598, 601, 605, 617, 620, 624, 646, 653, 658, 660, 662, 668, 689, 694, 702, 724, 725, 745, 760, 775, 793, 809, 829, 838, 839, 877, 901, 903, 905, 910, 923]","[1, 10, 13, 14, 29, 54, 55, 56, 57, 58, 60, 75, 102, 103, 104, 105, 106, 107, 108, 109, 110, 111, 112, 113, 114, 115, 116, 117, 118, 119, 120, 121, 122, 123, 124, 125, 126, 127, 128, 129, 130, 131, 132, 133, 134, 135, 136, 137, 138, 139, 140, 141, 142, 143, 144, 145, 146, 147, 148, 149, 150, 151, 152, 153, 154, 155, 156, 157, 158, 159, 160, 161, 162, 163, 164, 165, 166, 167, 168, 169, 170, 171, 172, 173, 174, 175, 176, 177, 178, 179, 180, 181, 182, 183, 184, 185, 186, 187, 188, 189, 190, 191, 192, 193, 194, 195, 196, 197, 198, 199, 200, 201, 202, 203, 204, 205, 206, 207, 208, 209, 210, 211, 212, 213, 214, 215, 216, 217, 218, 219, 220, 221, 222, 223, 224, 225, 226, 227, 228, 229, 230, 231, 232, 233, 234, 235, 236, 237, 238, 239, 240, 241, 242, 243, 244, 245, 246, 247, 248, 249, 250, 251, 252, 253, 254, 255, 256, 257, 258, 259, 260, 261, 262, 263, 264, 265, 266, 267, 268, 269, 270, 271, 272, 273, 274, 275, 276, 277, 278, 279, 280, 281, 282, 283, 284, 285, 286, 287, 288, 289, 290, 291, 292, 293, 294, 295, 296, 297, 298, 299, 300, 301, 302, 303, 304, 305, 306, 307, 308, 309, 310, 311, 312, 313, 314, 315, 316, 317, 318, 319, 320, 321, 322, 323, 324, 325, 326, 327, 328, 329, 330, 331, 332, 333, 334, 335, 336, 337, 354, 379, 388, 389, 425, 454, 458, 463, 475, 487, 495, 498, 499, 512, 530, 531, 532, 533, 534, 536, 549, 573, 574, 575, 576, 577, 578, 579, 580, 581, 582, 583, 584, 585, 586, 587, 588, 589, 590, 591, 592, 593, 594, 595, 596, 597, 598, 599, 600, 601, 602, 603, 604, 605, 606, 607, 608, 609, 610, 611, 612, 613, 614, 615, 616, 617, 618, 619, 620, 621, 622, 623, 624, 625, 626, 627, 628, 629, 630, 631, 632, 633, 634, 635, 636, 637, 638, 639, 640, 641, 642, 643, 644, 645, 646, 647, 648, 649, 650, 651, 652, 653, 654, 655, 656, 657, 658, 659, 660, 661, 662, 663, 664, 665, 666, 667, 668, 669, 670, 671, 672, 673, 674, 675, 676, 677, 678, 679, 680, 681, 682, 683, 684, 685, 686, 687, 688, 689, 690, 691, 692, 693, 694, 695, 696, 697, 698, 699, 700, 701, 702, 703, 704, 705, 706, 707, 708, 709, 710, 711, 712, 713, 714, 715, 716, 717, 718, 719, 720, 721, 722, 723, 724, 725, 726, 727, 728, 729, 730, 731, 732, 733, 734, 735, 736, 737, 738, 739, 740, 741, 742, 743, 744, 745, 746, 747, 748, 749, 750, 751, 752, 753, 754, 755, 756, 757, 758, 759, 760, 761, 762, 763, 764, 765, 766, 767, 768, 769, 770, 771, 772, 773, 774, 775, 776, 777, 778, 779, 780, 781, 782, 783, 784, 785, 786, 787, 788, 789, 790, 791, 792, 793, 809, 829, 838, 839, 877, 901, 903, 905, 910, 923]",False,"[135, 288, 606, 747]","[103, 104, 105, 106, 107, 108, 109, 110, 111, 112, 113, 114, 115, 116, 117, 118, 119, 120, 121, 122, 123, 124, 125, 126, 127, 128, 129, 130, 131, 132, 133, 134, 135, 136, 137, 138, 139, 140, 141, 142, 143, 144, 145, 146, 147, 148, 149, 150, 151, 152, 153, 154, 155, 156, 157, 158, 159, 160, 161, 162, 163, 164, 165, 166, 167, 168, 169, 170, 171, 172, 173, 174, 175, 176, 177, 178, 179, 180, 181, 182, 183, 184, 185, 186, 187, 188, 189, 190, 191, 192, 193, 194, 195, 196, 197, 198, 199, 200, 201, 202, 203, 204, 205, 206, 207, 208, 209, 210, 211, 212, 213, 214, 215, 216, 217, 218, 219, 220, 221, 222, 223, 224, 225, 226, 227, 228, 229, 230, 231, 232, 233, 234, 235, 236, 237, 238, 239, 240, 241, 242, 243, 244, 245, 246, 247, 248, 249, 250, 251, 252, 253, 254, 255, 256, 257, 258, 259, 260, 261, 262, 263, 264, 265, 266, 267, 268, 269, 270, 271, 272, 273, 274, 275, 276, 277, 278, 279, 280, 281, 282, 283, 284, 285, 286, 287, 288, 289, 290, 291, 292, 293, 294, 295, 296, 297, 298, 299, 300, 301, 302, 303, 304, 305, 306, 307, 308, 309, 310, 311, 312, 313, 314, 315, 316, 317, 318, 319, 320, 321, 322, 323, 324, 325, 326, 327, 328, 329, 330, 331, 332, 333, 334, 335, 336, 337, 574, 575, 576, 577, 578, 579, 580, 581, 582, 583, 584, 585, 586, 587, 588, 589, 590, 591, 592, 593, 594, 595, 596, 597, 598, 599, 600, 601, 602, 603, 604, 605, 606, 607, 608, 609, 610, 611, 612, 613, 614, 615, 616, 617, 618, 619, 620, 621, 622, 623, 624, 625, 626, 627, 628, 629, 630, 631, 632, 633, 634, 635, 636, 637, 638, 639, 640, 641, 642, 643, 644, 645, 646, 647, 648, 649, 650, 651, 652, 653, 654, 655, 656, 657, 658, 659, 660, 661, 662, 663, 664, 665, 666, 667, 668, 669, 670, 671, 672, 673, 674, 675, 676, 677, 678, 679, 680, 681, 682, 683, 684, 685, 686, 687, 688, 689, 690, 691, 692, 693, 694, 695, 696, 697, 698, 699, 700, 701, 702, 703, 704, 705, 706, 707, 708, 709, 710, 711, 712, 713, 714, 715, 716, 717, 718, 719, 720, 721, 722, 723, 724, 725, 726, 727, 728, 729, 730, 731, 732, 733, 734, 735, 736, 737, 738, 739, 740, 741, 742, 743, 744, 745, 746, 747, 748, 749, 750, 751, 752, 753, 754, 755, 756, 757, 758, 759, 760, 761, 762, 763, 764, 765, 766, 767, 768, 769, 770, 771, 772, 773, 774, 775, 776, 777, 778, 779, 780, 781, 782, 783, 784, 785, 786, 787, 788, 789, 790, 791, 792, 793]","[106, 135, 278, 288, 577, 606, 625, 737, 747]","[135, 167, 288, 606, 639, 747]","[10, 75, 103, 104, 106, 117, 118, 120, 127, 128, 129, 131, 133, 135, 136, 137, 139, 146, 147, 148, 149, 151, 158, 160, 162, 166, 173, 178, 179, 185, 190, 192, 198, 201, 203, 204, 206, 207, 212, 213, 214, 219, 223, 224, 225, 227, 230, 235, 237, 246, 247, 256, 259, 262, 263, 266, 268, 269, 271, 272, 278, 279, 284, 285, 288, 290, 292, 304, 306, 312, 316, 319, 320, 323, 324, 329, 332, 335, 495, 549, 574, 575, 577, 588, 589, 591, 598, 599, 600, 602, 604, 606, 607, 608, 610, 617, 618, 619, 620, 622, 625, 630, 632, 634, 638, 644, 649, 650, 656, 661, 663, 669, 673, 674, 676, 677, 682, 683, 684, 687, 688, 689, 691, 694, 699, 701, 710, 718, 722, 723, 727, 728, 730, 731, 737, 738, 743, 744, 747, 749, 751, 762, 764, 770, 774, 777, 778, 781, 782, 789, 791]","[1, 13, 14, 29, 54, 55, 56, 57, 58, 60, 102, 118, 125, 127, 130, 134, 146, 149, 153, 175, 182, 187, 189, 191, 197, 225, 230, 238, 264, 265, 266, 286, 302, 317, 336, 354, 379, 388, 389, 425, 454, 458, 463, 475, 487, 498, 499, 512, 530, 531, 532, 533, 534, 536, 573, 589, 596, 598, 601, 605, 617, 620, 624, 646, 653, 658, 660, 662, 668, 689, 694, 702, 724, 725, 745, 760, 775, 793, 809, 829, 838, 839, 877, 901, 903, 905, 910, 923]","[1, 13, 14, 29, 54, 55, 56, 57, 58, 60, 102, 118, 125, 127, 130, 134, 146, 149, 153, 175, 182, 187, 189, 191, 197, 225, 230, 238, 264, 265, 266, 286, 302, 317, 336, 379, 388, 389, 425, 454, 458, 463, 475, 487, 498, 499, 512, 530, 531, 532, 533, 534, 536, 573, 589, 596, 598, 601, 605, 617, 620, 624, 646, 653, 658, 660, 662, 668, 689, 694, 702, 724, 725, 745, 760, 775, 793, 829, 838, 839, 877, 901, 903, 905, 910, 923]",5/6 successful match,False,[344],True,331,False,,1.0,True,M & S Fuel ( Shell ),Shell
F Fresno ( 93706 ) Flyers # 229 ( Shell ) ),559-233-2141 CA 99 Exit 130 ( Jensen Ave ),24 S <U+2610>,Fresno,93706,Flyers # 229 ( Shell ) ),559-233-2141,2014,Fresno,CA,Shell,( Jensen Ave ),CA 99 Exit 130 ,Exit,130,False,,False,CA 99,,,,,[],"[135, 288, 606, 747]","[106, 135, 278, 288, 577, 606, 625, 737, 747]","[135, 167, 288, 606, 639, 747]","[103, 104, 105, 106, 107, 108, 109, 110, 111, 112, 113, 114, 115, 116, 117, 118, 119, 120, 121, 122, 123, 124, 125, 126, 127, 128, 129, 130, 131, 132, 133, 134, 135, 136, 137, 138, 139, 140, 141, 142, 143, 144, 145, 146, 147, 148, 149, 150, 151, 152, 153, 154, 155, 156, 157, 158, 159, 160, 161, 162, 163, 164, 165, 166, 167, 168, 169, 170, 171, 172, 173, 174, 175, 176, 177, 178, 179, 180, 181, 182, 183, 184, 185, 186, 187, 188, 189, 190, 191, 192, 193, 194, 195, 196, 197, 198, 199, 200, 201, 202, 203, 204, 205, 206, 207, 208, 209, 210, 211, 212, 213, 214, 215, 216, 217, 218, 219, 220, 221, 222, 223, 224, 225, 226, 227, 228, 229, 230, 231, 232, 233, 234, 235, 236, 237, 238, 239, 240, 241, 242, 243, 244, 245, 246, 247, 248, 249, 250, 251, 252, 253, 254, 255, 256, 257, 258, 259, 260, 261, 262, 263, 264, 265, 266, 267, 268, 269, 270, 271, 272, 273, 274, 275, 276, 277, 278, 279, 280, 281, 282, 283, 284, 285, 286, 287, 288, 289, 290, 291, 292, 293, 294, 295, 296, 297, 298, 299, 300, 301, 302, 303, 304, 305, 306, 307, 308, 309, 310, 311, 312, 313, 314, 315, 316, 317, 318, 319, 320, 321, 322, 323, 324, 325, 326, 327, 328, 329, 330, 331, 332, 333, 334, 335, 336, 337, 574, 575, 576, 577, 578, 579, 580, 581, 582, 583, 584, 585, 586, 587, 588, 589, 590, 591, 592, 593, 594, 595, 596, 597, 598, 599, 600, 601, 602, 603, 604, 605, 606, 607, 608, 609, 610, 611, 612, 613, 614, 615, 616, 617, 618, 619, 620, 621, 622, 623, 624, 625, 626, 627, 628, 629, 630, 631, 632, 633, 634, 635, 636, 637, 638, 639, 640, 641, 642, 643, 644, 645, 646, 647, 648, 649, 650, 651, 652, 653, 654, 655, 656, 657, 658, 659, 660, 661, 662, 663, 664, 665, 666, 667, 668, 669, 670, 671, 672, 673, 674, 675, 676, 677, 678, 679, 680, 681, 682, 683, 684, 685, 686, 687, 688, 689, 690, 691, 692, 693, 694, 695, 696, 697, 698, 699, 700, 701, 702, 703, 704, 705, 706, 707, 708, 709, 710, 711, 712, 713, 714, 715, 716, 717, 718, 719, 720, 721, 722, 723, 724, 725, 726, 727, 728, 729, 730, 731, 732, 733, 734, 735, 736, 737, 738, 739, 740, 741, 742, 743, 744, 745, 746, 747, 748, 749, 750, 751, 752, 753, 754, 755, 756, 757, 758, 759, 760, 761, 762, 763, 764, 765, 766, 767, 768, 769, 770, 771, 772, 773, 774, 775, 776, 777, 778, 779, 780, 781, 782, 783, 784, 785, 786, 787, 788, 789, 790, 791, 792, 793]","[10, 75, 103, 104, 106, 117, 118, 120, 127, 128, 129, 131, 133, 135, 136, 137, 139, 146, 147, 148, 149, 151, 158, 160, 162, 166, 173, 178, 179, 185, 190, 192, 198, 201, 203, 204, 206, 207, 212, 213, 214, 219, 223, 224, 225, 227, 230, 235, 237, 246, 247, 256, 259, 262, 263, 266, 268, 269, 271, 272, 278, 279, 284, 285, 288, 290, 292, 304, 306, 312, 316, 319, 320, 323, 324, 329, 332, 335, 495, 549, 574, 575, 577, 588, 589, 591, 598, 599, 600, 602, 604, 606, 607, 608, 610, 617, 618, 619, 620, 622, 625, 630, 632, 634, 638, 644, 649, 650, 656, 661, 663, 669, 673, 674, 676, 677, 682, 683, 684, 687, 688, 689, 691, 694, 699, 701, 710, 718, 722, 723, 727, 728, 730, 731, 737, 738, 743, 744, 747, 749, 751, 762, 764, 770, 774, 777, 778, 781, 782, 789, 791]","[1, 13, 14, 29, 54, 55, 56, 57, 58, 60, 102, 118, 125, 127, 130, 134, 146, 149, 153, 175, 182, 187, 189, 191, 197, 225, 230, 238, 264, 265, 266, 286, 302, 317, 336, 379, 388, 389, 425, 454, 458, 463, 475, 487, 498, 499, 512, 530, 531, 532, 533, 534, 536, 573, 589, 596, 598, 601, 605, 617, 620, 624, 646, 653, 658, 660, 662, 668, 689, 694, 702, 724, 725, 745, 760, 775, 793, 829, 838, 839, 877, 901, 903, 905, 910, 923]","[1, 13, 14, 29, 54, 55, 56, 57, 58, 60, 102, 118, 125, 127, 130, 134, 146, 149, 153, 175, 182, 187, 189, 191, 197, 225, 230, 238, 264, 265, 266, 286, 302, 317, 336, 354, 379, 388, 389, 425, 454, 458, 463, 475, 487, 498, 499, 512, 530, 531, 532, 533, 534, 536, 573, 589, 596, 598, 601, 605, 617, 620, 624, 646, 653, 658, 660, 662, 668, 689, 694, 702, 724, 725, 745, 760, 775, 793, 809, 829, 838, 839, 877, 901, 903, 905, 910, 923]","[1, 10, 13, 14, 29, 54, 55, 56, 57, 58, 60, 75, 102, 103, 104, 105, 106, 107, 108, 109, 110, 111, 112, 113, 114, 115, 116, 117, 118, 119, 120, 121, 122, 123, 124, 125, 126, 127, 128, 129, 130, 131, 132, 133, 134, 135, 136, 137, 138, 139, 140, 141, 142, 143, 144, 145, 146, 147, 148, 149, 150, 151, 152, 153, 154, 155, 156, 157, 158, 159, 160, 161, 162, 163, 164, 165, 166, 167, 168, 169, 170, 171, 172, 173, 174, 175, 176, 177, 178, 179, 180, 181, 182, 183, 184, 185, 186, 187, 188, 189, 190, 191, 192, 193, 194, 195, 196, 197, 198, 199, 200, 201, 202, 203, 204, 205, 206, 207, 208, 209, 210, 211, 212, 213, 214, 215, 216, 217, 218, 219, 220, 221, 222, 223, 224, 225, 226, 227, 228, 229, 230, 231, 232, 233, 234, 235, 236, 237, 238, 239, 240, 241, 242, 243, 244, 245, 246, 247, 248, 249, 250, 251, 252, 253, 254, 255, 256, 257, 258, 259, 260, 261, 262, 263, 264, 265, 266, 267, 268, 269, 270, 271, 272, 273, 274, 275, 276, 277, 278, 279, 280, 281, 282, 283, 284, 285, 286, 287, 288, 289, 290, 291, 292, 293, 294, 295, 296, 297, 298, 299, 300, 301, 302, 303, 304, 305, 306, 307, 308, 309, 310, 311, 312, 313, 314, 315, 316, 317, 318, 319, 320, 321, 322, 323, 324, 325, 326, 327, 328, 329, 330, 331, 332, 333, 334, 335, 336, 337, 354, 379, 388, 389, 425, 454, 458, 463, 475, 487, 495, 498, 499, 512, 530, 531, 532, 533, 534, 536, 549, 573, 574, 575, 576, 577, 578, 579, 580, 581, 582, 583, 584, 585, 586, 587, 588, 589, 590, 591, 592, 593, 594, 595, 596, 597, 598, 599, 600, 601, 602, 603, 604, 605, 606, 607, 608, 609, 610, 611, 612, 613, 614, 615, 616, 617, 618, 619, 620, 621, 622, 623, 624, 625, 626, 627, 628, 629, 630, 631, 632, 633, 634, 635, 636, 637, 638, 639, 640, 641, 642, 643, 644, 645, 646, 647, 648, 649, 650, 651, 652, 653, 654, 655, 656, 657, 658, 659, 660, 661, 662, 663, 664, 665, 666, 667, 668, 669, 670, 671, 672, 673, 674, 675, 676, 677, 678, 679, 680, 681, 682, 683, 684, 685, 686, 687, 688, 689, 690, 691, 692, 693, 694, 695, 696, 697, 698, 699, 700, 701, 702, 703, 704, 705, 706, 707, 708, 709, 710, 711, 712, 713, 714, 715, 716, 717, 718, 719, 720, 721, 722, 723, 724, 725, 726, 727, 728, 729, 730, 731, 732, 733, 734, 735, 736, 737, 738, 739, 740, 741, 742, 743, 744, 745, 746, 747, 748, 749, 750, 751, 752, 753, 754, 755, 756, 757, 758, 759, 760, 761, 762, 763, 764, 765, 766, 767, 768, 769, 770, 771, 772, 773, 774, 775, 776, 777, 778, 779, 780, 781, 782, 783, 784, 785, 786, 787, 788, 789, 790, 791, 792, 793, 809, 829, 838, 839, 877, 901, 903, 905, 910, 923]",False,"[135, 288, 606, 747]","[103, 104, 105, 106, 107, 108, 109, 110, 111, 112, 113, 114, 115, 116, 117, 118, 119, 120, 121, 122, 123, 124, 125, 126, 127, 128, 129, 130, 131, 132, 133, 134, 135, 136, 137, 138, 139, 140, 141, 142, 143, 144, 145, 146, 147, 148, 149, 150, 151, 152, 153, 154, 155, 156, 157, 158, 159, 160, 161, 162, 163, 164, 165, 166, 167, 168, 169, 170, 171, 172, 173, 174, 175, 176, 177, 178, 179, 180, 181, 182, 183, 184, 185, 186, 187, 188, 189, 190, 191, 192, 193, 194, 195, 196, 197, 198, 199, 200, 201, 202, 203, 204, 205, 206, 207, 208, 209, 210, 211, 212, 213, 214, 215, 216, 217, 218, 219, 220, 221, 222, 223, 224, 225, 226, 227, 228, 229, 230, 231, 232, 233, 234, 235, 236, 237, 238, 239, 240, 241, 242, 243, 244, 245, 246, 247, 248, 249, 250, 251, 252, 253, 254, 255, 256, 257, 258, 259, 260, 261, 262, 263, 264, 265, 266, 267, 268, 269, 270, 271, 272, 273, 274, 275, 276, 277, 278, 279, 280, 281, 282, 283, 284, 285, 286, 287, 288, 289, 290, 291, 292, 293, 294, 295, 296, 297, 298, 299, 300, 301, 302, 303, 304, 305, 306, 307, 308, 309, 310, 311, 312, 313, 314, 315, 316, 317, 318, 319, 320, 321, 322, 323, 324, 325, 326, 327, 328, 329, 330, 331, 332, 333, 334, 335, 336, 337, 574, 575, 576, 577, 578, 579, 580, 581, 582, 583, 584, 585, 586, 587, 588, 589, 590, 591, 592, 593, 594, 595, 596, 597, 598, 599, 600, 601, 602, 603, 604, 605, 606, 607, 608, 609, 610, 611, 612, 613, 614, 615, 616, 617, 618, 619, 620, 621, 622, 623, 624, 625, 626, 627, 628, 629, 630, 631, 632, 633, 634, 635, 636, 637, 638, 639, 640, 641, 642, 643, 644, 645, 646, 647, 648, 649, 650, 651, 652, 653, 654, 655, 656, 657, 658, 659, 660, 661, 662, 663, 664, 665, 666, 667, 668, 669, 670, 671, 672, 673, 674, 675, 676, 677, 678, 679, 680, 681, 682, 683, 684, 685, 686, 687, 688, 689, 690, 691, 692, 693, 694, 695, 696, 697, 698, 699, 700, 701, 702, 703, 704, 705, 706, 707, 708, 709, 710, 711, 712, 713, 714, 715, 716, 717, 718, 719, 720, 721, 722, 723, 724, 725, 726, 727, 728, 729, 730, 731, 732, 733, 734, 735, 736, 737, 738, 739, 740, 741, 742, 743, 744, 745, 746, 747, 748, 749, 750, 751, 752, 753, 754, 755, 756, 757, 758, 759, 760, 761, 762, 763, 764, 765, 766, 767, 768, 769, 770, 771, 772, 773, 774, 775, 776, 777, 778, 779, 780, 781, 782, 783, 784, 785, 786, 787, 788, 789, 790, 791, 792, 793]","[106, 135, 278, 288, 577, 606, 625, 737, 747]","[135, 167, 288, 606, 639, 747]","[10, 75, 103, 104, 106, 117, 118, 120, 127, 128, 129, 131, 133, 135, 136, 137, 139, 146, 147, 148, 149, 151, 158, 160, 162, 166, 173, 178, 179, 185, 190, 192, 198, 201, 203, 204, 206, 207, 212, 213, 214, 219, 223, 224, 225, 227, 230, 235, 237, 246, 247, 256, 259, 262, 263, 266, 268, 269, 271, 272, 278, 279, 284, 285, 288, 290, 292, 304, 306, 312, 316, 319, 320, 323, 324, 329, 332, 335, 495, 549, 574, 575, 577, 588, 589, 591, 598, 599, 600, 602, 604, 606, 607, 608, 610, 617, 618, 619, 620, 622, 625, 630, 632, 634, 638, 644, 649, 650, 656, 661, 663, 669, 673, 674, 676, 677, 682, 683, 684, 687, 688, 689, 691, 694, 699, 701, 710, 718, 722, 723, 727, 728, 730, 731, 737, 738, 743, 744, 747, 749, 751, 762, 764, 770, 774, 777, 778, 781, 782, 789, 791]","[1, 13, 14, 29, 54, 55, 56, 57, 58, 60, 102, 118, 125, 127, 130, 134, 146, 149, 153, 175, 182, 187, 189, 191, 197, 225, 230, 238, 264, 265, 266, 286, 302, 317, 336, 354, 379, 388, 389, 425, 454, 458, 463, 475, 487, 498, 499, 512, 530, 531, 532, 533, 534, 536, 573, 589, 596, 598, 601, 605, 617, 620, 624, 646, 653, 658, 660, 662, 668, 689, 694, 702, 724, 725, 745, 760, 775, 793, 809, 829, 838, 839, 877, 901, 903, 905, 910, 923]","[1, 13, 14, 29, 54, 55, 56, 57, 58, 60, 102, 118, 125, 127, 130, 134, 146, 149, 153, 175, 182, 187, 189, 191, 197, 225, 230, 238, 264, 265, 266, 286, 302, 317, 336, 379, 388, 389, 425, 454, 458, 463, 475, 487, 498, 499, 512, 530, 531, 532, 533, 534, 536, 573, 589, 596, 598, 601, 605, 617, 620, 624, 646, 653, 658, 660, 662, 668, 689, 694, 702, 724, 725, 745, 760, 775, 793, 829, 838, 839, 877, 901, 903, 905, 910, 923]",5/6 successful match,False,[344],True,331,False,,0.7727272727272727,True,M & S Fuel ( Shell ),Shell
F Fresno ( 93706 ) Flyers # 229 ( Shell ( Jensen ) Ave E ),3 559-233-2141 CA 99 Exit 130 (,24 2013,Fresno,93706,Flyers # 229 ( Shell ( Jensen ) Ave E ),559-233-2141,2015,Fresno,CA,Shell,(,CA 99 Exit 130 ,Exit,130,False,,False,CA 99,,,,,[],"[135, 288, 606, 747]","[106, 135, 278, 288, 577, 606, 625, 737, 747]","[135, 167, 288, 606, 639, 747]","[103, 104, 105, 106, 107, 108, 109, 110, 111, 112, 113, 114, 115, 116, 117, 118, 119, 120, 121, 122, 123, 124, 125, 126, 127, 128, 129, 130, 131, 132, 133, 134, 135, 136, 137, 138, 139, 140, 141, 142, 143, 144, 145, 146, 147, 148, 149, 150, 151, 152, 153, 154, 155, 156, 157, 158, 159, 160, 161, 162, 163, 164, 165, 166, 167, 168, 169, 170, 171, 172, 173, 174, 175, 176, 177, 178, 179, 180, 181, 182, 183, 184, 185, 186, 187, 188, 189, 190, 191, 192, 193, 194, 195, 196, 197, 198, 199, 200, 201, 202, 203, 204, 205, 206, 207, 208, 209, 210, 211, 212, 213, 214, 215, 216, 217, 218, 219, 220, 221, 222, 223, 224, 225, 226, 227, 228, 229, 230, 231, 232, 233, 234, 235, 236, 237, 238, 239, 240, 241, 242, 243, 244, 245, 246, 247, 248, 249, 250, 251, 252, 253, 254, 255, 256, 257, 258, 259, 260, 261, 262, 263, 264, 265, 266, 267, 268, 269, 270, 271, 272, 273, 274, 275, 276, 277, 278, 279, 280, 281, 282, 283, 284, 285, 286, 287, 288, 289, 290, 291, 292, 293, 294, 295, 296, 297, 298, 299, 300, 301, 302, 303, 304, 305, 306, 307, 308, 309, 310, 311, 312, 313, 314, 315, 316, 317, 318, 319, 320, 321, 322, 323, 324, 325, 326, 327, 328, 329, 330, 331, 332, 333, 334, 335, 336, 337, 574, 575, 576, 577, 578, 579, 580, 581, 582, 583, 584, 585, 586, 587, 588, 589, 590, 591, 592, 593, 594, 595, 596, 597, 598, 599, 600, 601, 602, 603, 604, 605, 606, 607, 608, 609, 610, 611, 612, 613, 614, 615, 616, 617, 618, 619, 620, 621, 622, 623, 624, 625, 626, 627, 628, 629, 630, 631, 632, 633, 634, 635, 636, 637, 638, 639, 640, 641, 642, 643, 644, 645, 646, 647, 648, 649, 650, 651, 652, 653, 654, 655, 656, 657, 658, 659, 660, 661, 662, 663, 664, 665, 666, 667, 668, 669, 670, 671, 672, 673, 674, 675, 676, 677, 678, 679, 680, 681, 682, 683, 684, 685, 686, 687, 688, 689, 690, 691, 692, 693, 694, 695, 696, 697, 698, 699, 700, 701, 702, 703, 704, 705, 706, 707, 708, 709, 710, 711, 712, 713, 714, 715, 716, 717, 718, 719, 720, 721, 722, 723, 724, 725, 726, 727, 728, 729, 730, 731, 732, 733, 734, 735, 736, 737, 738, 739, 740, 741, 742, 743, 744, 745, 746, 747, 748, 749, 750, 751, 752, 753, 754, 755, 756, 757, 758, 759, 760, 761, 762, 763, 764, 765, 766, 767, 768, 769, 770, 771, 772, 773, 774, 775, 776, 777, 778, 779, 780, 781, 782, 783, 784, 785, 786, 787, 788, 789, 790, 791, 792, 793]","[10, 75, 103, 104, 106, 117, 118, 120, 127, 128, 129, 131, 133, 135, 136, 137, 139, 146, 147, 148, 149, 151, 158, 160, 162, 166, 173, 178, 179, 185, 190, 192, 198, 201, 203, 204, 206, 207, 212, 213, 214, 219, 223, 224, 225, 227, 230, 235, 237, 246, 247, 256, 259, 262, 263, 266, 268, 269, 271, 272, 278, 279, 284, 285, 288, 290, 292, 304, 306, 312, 316, 319, 320, 323, 324, 329, 332, 335, 495, 549, 574, 575, 577, 588, 589, 591, 598, 599, 600, 602, 604, 606, 607, 608, 610, 617, 618, 619, 620, 622, 625, 630, 632, 634, 638, 644, 649, 650, 656, 661, 663, 669, 673, 674, 676, 677, 682, 683, 684, 687, 688, 689, 691, 694, 699, 701, 710, 718, 722, 723, 727, 728, 730, 731, 737, 738, 743, 744, 747, 749, 751, 762, 764, 770, 774, 777, 778, 781, 782, 789, 791]","[1, 13, 14, 29, 54, 55, 56, 57, 58, 60, 102, 118, 125, 127, 130, 134, 146, 149, 153, 175, 182, 187, 189, 191, 197, 225, 230, 238, 264, 265, 266, 286, 302, 317, 336, 379, 388, 389, 425, 454, 458, 463, 475, 487, 498, 499, 512, 530, 531, 532, 533, 534, 536, 573, 589, 596, 598, 601, 605, 617, 620, 624, 646, 653, 658, 660, 662, 668, 689, 694, 702, 724, 725, 745, 760, 775, 793, 829, 838, 839, 877, 901, 903, 905, 910, 923]","[1, 13, 14, 29, 54, 55, 56, 57, 58, 60, 102, 118, 125, 127, 130, 134, 146, 149, 153, 175, 182, 187, 189, 191, 197, 225, 230, 238, 264, 265, 266, 286, 302, 317, 336, 354, 379, 388, 389, 425, 454, 458, 463, 475, 487, 498, 499, 512, 530, 531, 532, 533, 534, 536, 573, 589, 596, 598, 601, 605, 617, 620, 624, 646, 653, 658, 660, 662, 668, 689, 694, 702, 724, 725, 745, 760, 775, 793, 809, 829, 838, 839, 877, 901, 903, 905, 910, 923]","[1, 10, 13, 14, 29, 54, 55, 56, 57, 58, 60, 75, 102, 103, 104, 105, 106, 107, 108, 109, 110, 111, 112, 113, 114, 115, 116, 117, 118, 119, 120, 121, 122, 123, 124, 125, 126, 127, 128, 129, 130, 131, 132, 133, 134, 135, 136, 137, 138, 139, 140, 141, 142, 143, 144, 145, 146, 147, 148, 149, 150, 151, 152, 153, 154, 155, 156, 157, 158, 159, 160, 161, 162, 163, 164, 165, 166, 167, 168, 169, 170, 171, 172, 173, 174, 175, 176, 177, 178, 179, 180, 181, 182, 183, 184, 185, 186, 187, 188, 189, 190, 191, 192, 193, 194, 195, 196, 197, 198, 199, 200, 201, 202, 203, 204, 205, 206, 207, 208, 209, 210, 211, 212, 213, 214, 215, 216, 217, 218, 219, 220, 221, 222, 223, 224, 225, 226, 227, 228, 229, 230, 231, 232, 233, 234, 235, 236, 237, 238, 239, 240, 241, 242, 243, 244, 245, 246, 247, 248, 249, 250, 251, 252, 253, 254, 255, 256, 257, 258, 259, 260, 261, 262, 263, 264, 265, 266, 267, 268, 269, 270, 271, 272, 273, 274, 275, 276, 277, 278, 279, 280, 281, 282, 283, 284, 285, 286, 287, 288, 289, 290, 291, 292, 293, 294, 295, 296, 297, 298, 299, 300, 301, 302, 303, 304, 305, 306, 307, 308, 309, 310, 311, 312, 313, 314, 315, 316, 317, 318, 319, 320, 321, 322, 323, 324, 325, 326, 327, 328, 329, 330, 331, 332, 333, 334, 335, 336, 337, 354, 379, 388, 389, 425, 454, 458, 463, 475, 487, 495, 498, 499, 512, 530, 531, 532, 533, 534, 536, 549, 573, 574, 575, 576, 577, 578, 579, 580, 581, 582, 583, 584, 585, 586, 587, 588, 589, 590, 591, 592, 593, 594, 595, 596, 597, 598, 599, 600, 601, 602, 603, 604, 605, 606, 607, 608, 609, 610, 611, 612, 613, 614, 615, 616, 617, 618, 619, 620, 621, 622, 623, 624, 625, 626, 627, 628, 629, 630, 631, 632, 633, 634, 635, 636, 637, 638, 639, 640, 641, 642, 643, 644, 645, 646, 647, 648, 649, 650, 651, 652, 653, 654, 655, 656, 657, 658, 659, 660, 661, 662, 663, 664, 665, 666, 667, 668, 669, 670, 671, 672, 673, 674, 675, 676, 677, 678, 679, 680, 681, 682, 683, 684, 685, 686, 687, 688, 689, 690, 691, 692, 693, 694, 695, 696, 697, 698, 699, 700, 701, 702, 703, 704, 705, 706, 707, 708, 709, 710, 711, 712, 713, 714, 715, 716, 717, 718, 719, 720, 721, 722, 723, 724, 725, 726, 727, 728, 729, 730, 731, 732, 733, 734, 735, 736, 737, 738, 739, 740, 741, 742, 743, 744, 745, 746, 747, 748, 749, 750, 751, 752, 753, 754, 755, 756, 757, 758, 759, 760, 761, 762, 763, 764, 765, 766, 767, 768, 769, 770, 771, 772, 773, 774, 775, 776, 777, 778, 779, 780, 781, 782, 783, 784, 785, 786, 787, 788, 789, 790, 791, 792, 793, 809, 829, 838, 839, 877, 901, 903, 905, 910, 923]",False,"[135, 288, 606, 747]","[103, 104, 105, 106, 107, 108, 109, 110, 111, 112, 113, 114, 115, 116, 117, 118, 119, 120, 121, 122, 123, 124, 125, 126, 127, 128, 129, 130, 131, 132, 133, 134, 135, 136, 137, 138, 139, 140, 141, 142, 143, 144, 145, 146, 147, 148, 149, 150, 151, 152, 153, 154, 155, 156, 157, 158, 159, 160, 161, 162, 163, 164, 165, 166, 167, 168, 169, 170, 171, 172, 173, 174, 175, 176, 177, 178, 179, 180, 181, 182, 183, 184, 185, 186, 187, 188, 189, 190, 191, 192, 193, 194, 195, 196, 197, 198, 199, 200, 201, 202, 203, 204, 205, 206, 207, 208, 209, 210, 211, 212, 213, 214, 215, 216, 217, 218, 219, 220, 221, 222, 223, 224, 225, 226, 227, 228, 229, 230, 231, 232, 233, 234, 235, 236, 237, 238, 239, 240, 241, 242, 243, 244, 245, 246, 247, 248, 249, 250, 251, 252, 253, 254, 255, 256, 257, 258, 259, 260, 261, 262, 263, 264, 265, 266, 267, 268, 269, 270, 271, 272, 273, 274, 275, 276, 277, 278, 279, 280, 281, 282, 283, 284, 285, 286, 287, 288, 289, 290, 291, 292, 293, 294, 295, 296, 297, 298, 299, 300, 301, 302, 303, 304, 305, 306, 307, 308, 309, 310, 311, 312, 313, 314, 315, 316, 317, 318, 319, 320, 321, 322, 323, 324, 325, 326, 327, 328, 329, 330, 331, 332, 333, 334, 335, 336, 337, 574, 575, 576, 577, 578, 579, 580, 581, 582, 583, 584, 585, 586, 587, 588, 589, 590, 591, 592, 593, 594, 595, 596, 597, 598, 599, 600, 601, 602, 603, 604, 605, 606, 607, 608, 609, 610, 611, 612, 613, 614, 615, 616, 617, 618, 619, 620, 621, 622, 623, 624, 625, 626, 627, 628, 629, 630, 631, 632, 633, 634, 635, 636, 637, 638, 639, 640, 641, 642, 643, 644, 645, 646, 647, 648, 649, 650, 651, 652, 653, 654, 655, 656, 657, 658, 659, 660, 661, 662, 663, 664, 665, 666, 667, 668, 669, 670, 671, 672, 673, 674, 675, 676, 677, 678, 679, 680, 681, 682, 683, 684, 685, 686, 687, 688, 689, 690, 691, 692, 693, 694, 695, 696, 697, 698, 699, 700, 701, 702, 703, 704, 705, 706, 707, 708, 709, 710, 711, 712, 713, 714, 715, 716, 717, 718, 719, 720, 721, 722, 723, 724, 725, 726, 727, 728, 729, 730, 731, 732, 733, 734, 735, 736, 737, 738, 739, 740, 741, 742, 743, 744, 745, 746, 747, 748, 749, 750, 751, 752, 753, 754, 755, 756, 757, 758, 759, 760, 761, 762, 763, 764, 765, 766, 767, 768, 769, 770, 771, 772, 773, 774, 775, 776, 777, 778, 779, 780, 781, 782, 783, 784, 785, 786, 787, 788, 789, 790, 791, 792, 793]","[106, 135, 278, 288, 577, 606, 625, 737, 747]","[135, 167, 288, 606, 639, 747]","[10, 75, 103, 104, 106, 117, 118, 120, 127, 128, 129, 131, 133, 135, 136, 137, 139, 146, 147, 148, 149, 151, 158, 160, 162, 166, 173, 178, 179, 185, 190, 192, 198, 201, 203, 204, 206, 207, 212, 213, 214, 219, 223, 224, 225, 227, 230, 235, 237, 246, 247, 256, 259, 262, 263, 266, 268, 269, 271, 272, 278, 279, 284, 285, 288, 290, 292, 304, 306, 312, 316, 319, 320, 323, 324, 329, 332, 335, 495, 549, 574, 575, 577, 588, 589, 591, 598, 599, 600, 602, 604, 606, 607, 608, 610, 617, 618, 619, 620, 622, 625, 630, 632, 634, 638, 644, 649, 650, 656, 661, 663, 669, 673, 674, 676, 677, 682, 683, 684, 687, 688, 689, 691, 694, 699, 701, 710, 718, 722, 723, 727, 728, 730, 731, 737, 738, 743, 744, 747, 749, 751, 762, 764, 770, 774, 777, 778, 781, 782, 789, 791]","[1, 13, 14, 29, 54, 55, 56, 57, 58, 60, 102, 118, 125, 127, 130, 134, 146, 149, 153, 175, 182, 187, 189, 191, 197, 225, 230, 238, 264, 265, 266, 286, 302, 317, 336, 354, 379, 388, 389, 425, 454, 458, 463, 475, 487, 498, 499, 512, 530, 531, 532, 533, 534, 536, 573, 589, 596, 598, 601, 605, 617, 620, 624, 646, 653, 658, 660, 662, 668, 689, 694, 702, 724, 725, 745, 760, 775, 793, 809, 829, 838, 839, 877, 901, 903, 905, 910, 923]","[1, 13, 14, 29, 54, 55, 56, 57, 58, 60, 102, 118, 125, 127, 130, 134, 146, 149, 153, 175, 182, 187, 189, 191, 197, 225, 230, 238, 264, 265, 266, 286, 302, 317, 336, 379, 388, 389, 425, 454, 458, 463, 475, 487, 498, 499, 512, 530, 531, 532, 533, 534, 536, 573, 589, 596, 598, 601, 605, 617, 620, 624, 646, 653, 658, 660, 662, 668, 689, 694, 702, 724, 725, 745, 760, 775, 793, 829, 838, 839, 877, 901, 903, 905, 910, 923]",5/6 successful match,False,[344],True,331,False,,1.0,True,Flyers # 229 ( Shell ) ),Shell
F Fresno ( 93706 ) Flyers # 229 ( Shell ( Jensen ) Ave E ),559-233-2141 CA 99 Exit 130 ( Jensen Ave ),pea 24 <U+2610> <U+2610>,Fresno,93706,Flyers # 229 ( Shell ( Jensen ) Ave E ),559-233-2141,2016,Fresno,CA,Shell,( Jensen Ave ),CA 99 Exit 130 ,Exit,130,False,,False,CA 99,,,,,[],"[135, 288, 606, 747]","[106, 135, 278, 288, 577, 606, 625, 737, 747]","[135, 167, 288, 606, 639, 747]","[103, 104, 105, 106, 107, 108, 109, 110, 111, 112, 113, 114, 115, 116, 117, 118, 119, 120, 121, 122, 123, 124, 125, 126, 127, 128, 129, 130, 131, 132, 133, 134, 135, 136, 137, 138, 139, 140, 141, 142, 143, 144, 145, 146, 147, 148, 149, 150, 151, 152, 153, 154, 155, 156, 157, 158, 159, 160, 161, 162, 163, 164, 165, 166, 167, 168, 169, 170, 171, 172, 173, 174, 175, 176, 177, 178, 179, 180, 181, 182, 183, 184, 185, 186, 187, 188, 189, 190, 191, 192, 193, 194, 195, 196, 197, 198, 199, 200, 201, 202, 203, 204, 205, 206, 207, 208, 209, 210, 211, 212, 213, 214, 215, 216, 217, 218, 219, 220, 221, 222, 223, 224, 225, 226, 227, 228, 229, 230, 231, 232, 233, 234, 235, 236, 237, 238, 239, 240, 241, 242, 243, 244, 245, 246, 247, 248, 249, 250, 251, 252, 253, 254, 255, 256, 257, 258, 259, 260, 261, 262, 263, 264, 265, 266, 267, 268, 269, 270, 271, 272, 273, 274, 275, 276, 277, 278, 279, 280, 281, 282, 283, 284, 285, 286, 287, 288, 289, 290, 291, 292, 293, 294, 295, 296, 297, 298, 299, 300, 301, 302, 303, 304, 305, 306, 307, 308, 309, 310, 311, 312, 313, 314, 315, 316, 317, 318, 319, 320, 321, 322, 323, 324, 325, 326, 327, 328, 329, 330, 331, 332, 333, 334, 335, 336, 337, 574, 575, 576, 577, 578, 579, 580, 581, 582, 583, 584, 585, 586, 587, 588, 589, 590, 591, 592, 593, 594, 595, 596, 597, 598, 599, 600, 601, 602, 603, 604, 605, 606, 607, 608, 609, 610, 611, 612, 613, 614, 615, 616, 617, 618, 619, 620, 621, 622, 623, 624, 625, 626, 627, 628, 629, 630, 631, 632, 633, 634, 635, 636, 637, 638, 639, 640, 641, 642, 643, 644, 645, 646, 647, 648, 649, 650, 651, 652, 653, 654, 655, 656, 657, 658, 659, 660, 661, 662, 663, 664, 665, 666, 667, 668, 669, 670, 671, 672, 673, 674, 675, 676, 677, 678, 679, 680, 681, 682, 683, 684, 685, 686, 687, 688, 689, 690, 691, 692, 693, 694, 695, 696, 697, 698, 699, 700, 701, 702, 703, 704, 705, 706, 707, 708, 709, 710, 711, 712, 713, 714, 715, 716, 717, 718, 719, 720, 721, 722, 723, 724, 725, 726, 727, 728, 729, 730, 731, 732, 733, 734, 735, 736, 737, 738, 739, 740, 741, 742, 743, 744, 745, 746, 747, 748, 749, 750, 751, 752, 753, 754, 755, 756, 757, 758, 759, 760, 761, 762, 763, 764, 765, 766, 767, 768, 769, 770, 771, 772, 773, 774, 775, 776, 777, 778, 779, 780, 781, 782, 783, 784, 785, 786, 787, 788, 789, 790, 791, 792, 793]","[10, 75, 103, 104, 106, 117, 118, 120, 127, 128, 129, 131, 133, 135, 136, 137, 139, 146, 147, 148, 149, 151, 158, 160, 162, 166, 173, 178, 179, 185, 190, 192, 198, 201, 203, 204, 206, 207, 212, 213, 214, 219, 223, 224, 225, 227, 230, 235, 237, 246, 247, 256, 259, 262, 263, 266, 268, 269, 271, 272, 278, 279, 284, 285, 288, 290, 292, 304, 306, 312, 316, 319, 320, 323, 324, 329, 332, 335, 495, 549, 574, 575, 577, 588, 589, 591, 598, 599, 600, 602, 604, 606, 607, 608, 610, 617, 618, 619, 620, 622, 625, 630, 632, 634, 638, 644, 649, 650, 656, 661, 663, 669, 673, 674, 676, 677, 682, 683, 684, 687, 688, 689, 691, 694, 699, 701, 710, 718, 722, 723, 727, 728, 730, 731, 737, 738, 743, 744, 747, 749, 751, 762, 764, 770, 774, 777, 778, 781, 782, 789, 791]","[1, 13, 14, 29, 54, 55, 56, 57, 58, 60, 102, 118, 125, 127, 130, 134, 146, 149, 153, 175, 182, 187, 189, 191, 197, 225, 230, 238, 264, 265, 266, 286, 302, 317, 336, 379, 388, 389, 425, 454, 458, 463, 475, 487, 498, 499, 512, 530, 531, 532, 533, 534, 536, 573, 589, 596, 598, 601, 605, 617, 620, 624, 646, 653, 658, 660, 662, 668, 689, 694, 702, 724, 725, 745, 760, 775, 793, 829, 838, 839, 877, 901, 903, 905, 910, 923]","[1, 13, 14, 29, 54, 55, 56, 57, 58, 60, 102, 118, 125, 127, 130, 134, 146, 149, 153, 175, 182, 187, 189, 191, 197, 225, 230, 238, 264, 265, 266, 286, 302, 317, 336, 354, 379, 388, 389, 425, 454, 458, 463, 475, 487, 498, 499, 512, 530, 531, 532, 533, 534, 536, 573, 589, 596, 598, 601, 605, 617, 620, 624, 646, 653, 658, 660, 662, 668, 689, 694, 702, 724, 725, 745, 760, 775, 793, 809, 829, 838, 839, 877, 901, 903, 905, 910, 923]","[1, 10, 13, 14, 29, 54, 55, 56, 57, 58, 60, 75, 102, 103, 104, 105, 106, 107, 108, 109, 110, 111, 112, 113, 114, 115, 116, 117, 118, 119, 120, 121, 122, 123, 124, 125, 126, 127, 128, 129, 130, 131, 132, 133, 134, 135, 136, 137, 138, 139, 140, 141, 142, 143, 144, 145, 146, 147, 148, 149, 150, 151, 152, 153, 154, 155, 156, 157, 158, 159, 160, 161, 162, 163, 164, 165, 166, 167, 168, 169, 170, 171, 172, 173, 174, 175, 176, 177, 178, 179, 180, 181, 182, 183, 184, 185, 186, 187, 188, 189, 190, 191, 192, 193, 194, 195, 196, 197, 198, 199, 200, 201, 202, 203, 204, 205, 206, 207, 208, 209, 210, 211, 212, 213, 214, 215, 216, 217, 218, 219, 220, 221, 222, 223, 224, 225, 226, 227, 228, 229, 230, 231, 232, 233, 234, 235, 236, 237, 238, 239, 240, 241, 242, 243, 244, 245, 246, 247, 248, 249, 250, 251, 252, 253, 254, 255, 256, 257, 258, 259, 260, 261, 262, 263, 264, 265, 266, 267, 268, 269, 270, 271, 272, 273, 274, 275, 276, 277, 278, 279, 280, 281, 282, 283, 284, 285, 286, 287, 288, 289, 290, 291, 292, 293, 294, 295, 296, 297, 298, 299, 300, 301, 302, 303, 304, 305, 306, 307, 308, 309, 310, 311, 312, 313, 314, 315, 316, 317, 318, 319, 320, 321, 322, 323, 324, 325, 326, 327, 328, 329, 330, 331, 332, 333, 334, 335, 336, 337, 354, 379, 388, 389, 425, 454, 458, 463, 475, 487, 495, 498, 499, 512, 530, 531, 532, 533, 534, 536, 549, 573, 574, 575, 576, 577, 578, 579, 580, 581, 582, 583, 584, 585, 586, 587, 588, 589, 590, 591, 592, 593, 594, 595, 596, 597, 598, 599, 600, 601, 602, 603, 604, 605, 606, 607, 608, 609, 610, 611, 612, 613, 614, 615, 616, 617, 618, 619, 620, 621, 622, 623, 624, 625, 626, 627, 628, 629, 630, 631, 632, 633, 634, 635, 636, 637, 638, 639, 640, 641, 642, 643, 644, 645, 646, 647, 648, 649, 650, 651, 652, 653, 654, 655, 656, 657, 658, 659, 660, 661, 662, 663, 664, 665, 666, 667, 668, 669, 670, 671, 672, 673, 674, 675, 676, 677, 678, 679, 680, 681, 682, 683, 684, 685, 686, 687, 688, 689, 690, 691, 692, 693, 694, 695, 696, 697, 698, 699, 700, 701, 702, 703, 704, 705, 706, 707, 708, 709, 710, 711, 712, 713, 714, 715, 716, 717, 718, 719, 720, 721, 722, 723, 724, 725, 726, 727, 728, 729, 730, 731, 732, 733, 734, 735, 736, 737, 738, 739, 740, 741, 742, 743, 744, 745, 746, 747, 748, 749, 750, 751, 752, 753, 754, 755, 756, 757, 758, 759, 760, 761, 762, 763, 764, 765, 766, 767, 768, 769, 770, 771, 772, 773, 774, 775, 776, 777, 778, 779, 780, 781, 782, 783, 784, 785, 786, 787, 788, 789, 790, 791, 792, 793, 809, 829, 838, 839, 877, 901, 903, 905, 910, 923]",False,"[135, 288, 606, 747]","[103, 104, 105, 106, 107, 108, 109, 110, 111, 112, 113, 114, 115, 116, 117, 118, 119, 120, 121, 122, 123, 124, 125, 126, 127, 128, 129, 130, 131, 132, 133, 134, 135, 136, 137, 138, 139, 140, 141, 142, 143, 144, 145, 146, 147, 148, 149, 150, 151, 152, 153, 154, 155, 156, 157, 158, 159, 160, 161, 162, 163, 164, 165, 166, 167, 168, 169, 170, 171, 172, 173, 174, 175, 176, 177, 178, 179, 180, 181, 182, 183, 184, 185, 186, 187, 188, 189, 190, 191, 192, 193, 194, 195, 196, 197, 198, 199, 200, 201, 202, 203, 204, 205, 206, 207, 208, 209, 210, 211, 212, 213, 214, 215, 216, 217, 218, 219, 220, 221, 222, 223, 224, 225, 226, 227, 228, 229, 230, 231, 232, 233, 234, 235, 236, 237, 238, 239, 240, 241, 242, 243, 244, 245, 246, 247, 248, 249, 250, 251, 252, 253, 254, 255, 256, 257, 258, 259, 260, 261, 262, 263, 264, 265, 266, 267, 268, 269, 270, 271, 272, 273, 274, 275, 276, 277, 278, 279, 280, 281, 282, 283, 284, 285, 286, 287, 288, 289, 290, 291, 292, 293, 294, 295, 296, 297, 298, 299, 300, 301, 302, 303, 304, 305, 306, 307, 308, 309, 310, 311, 312, 313, 314, 315, 316, 317, 318, 319, 320, 321, 322, 323, 324, 325, 326, 327, 328, 329, 330, 331, 332, 333, 334, 335, 336, 337, 574, 575, 576, 577, 578, 579, 580, 581, 582, 583, 584, 585, 586, 587, 588, 589, 590, 591, 592, 593, 594, 595, 596, 597, 598, 599, 600, 601, 602, 603, 604, 605, 606, 607, 608, 609, 610, 611, 612, 613, 614, 615, 616, 617, 618, 619, 620, 621, 622, 623, 624, 625, 626, 627, 628, 629, 630, 631, 632, 633, 634, 635, 636, 637, 638, 639, 640, 641, 642, 643, 644, 645, 646, 647, 648, 649, 650, 651, 652, 653, 654, 655, 656, 657, 658, 659, 660, 661, 662, 663, 664, 665, 666, 667, 668, 669, 670, 671, 672, 673, 674, 675, 676, 677, 678, 679, 680, 681, 682, 683, 684, 685, 686, 687, 688, 689, 690, 691, 692, 693, 694, 695, 696, 697, 698, 699, 700, 701, 702, 703, 704, 705, 706, 707, 708, 709, 710, 711, 712, 713, 714, 715, 716, 717, 718, 719, 720, 721, 722, 723, 724, 725, 726, 727, 728, 729, 730, 731, 732, 733, 734, 735, 736, 737, 738, 739, 740, 741, 742, 743, 744, 745, 746, 747, 748, 749, 750, 751, 752, 753, 754, 755, 756, 757, 758, 759, 760, 761, 762, 763, 764, 765, 766, 767, 768, 769, 770, 771, 772, 773, 774, 775, 776, 777, 778, 779, 780, 781, 782, 783, 784, 785, 786, 787, 788, 789, 790, 791, 792, 793]","[106, 135, 278, 288, 577, 606, 625, 737, 747]","[135, 167, 288, 606, 639, 747]","[10, 75, 103, 104, 106, 117, 118, 120, 127, 128, 129, 131, 133, 135, 136, 137, 139, 146, 147, 148, 149, 151, 158, 160, 162, 166, 173, 178, 179, 185, 190, 192, 198, 201, 203, 204, 206, 207, 212, 213, 214, 219, 223, 224, 225, 227, 230, 235, 237, 246, 247, 256, 259, 262, 263, 266, 268, 269, 271, 272, 278, 279, 284, 285, 288, 290, 292, 304, 306, 312, 316, 319, 320, 323, 324, 329, 332, 335, 495, 549, 574, 575, 577, 588, 589, 591, 598, 599, 600, 602, 604, 606, 607, 608, 610, 617, 618, 619, 620, 622, 625, 630, 632, 634, 638, 644, 649, 650, 656, 661, 663, 669, 673, 674, 676, 677, 682, 683, 684, 687, 688, 689, 691, 694, 699, 701, 710, 718, 722, 723, 727, 728, 730, 731, 737, 738, 743, 744, 747, 749, 751, 762, 764, 770, 774, 777, 778, 781, 782, 789, 791]","[1, 13, 14, 29, 54, 55, 56, 57, 58, 60, 102, 118, 125, 127, 130, 134, 146, 149, 153, 175, 182, 187, 189, 191, 197, 225, 230, 238, 264, 265, 266, 286, 302, 317, 336, 354, 379, 388, 389, 425, 454, 458, 463, 475, 487, 498, 499, 512, 530, 531, 532, 533, 534, 536, 573, 589, 596, 598, 601, 605, 617, 620, 624, 646, 653, 658, 660, 662, 668, 689, 694, 702, 724, 725, 745, 760, 775, 793, 809, 829, 838, 839, 877, 901, 903, 905, 910, 923]","[1, 13, 14, 29, 54, 55, 56, 57, 58, 60, 102, 118, 125, 127, 130, 134, 146, 149, 153, 175, 182, 187, 189, 191, 197, 225, 230, 238, 264, 265, 266, 286, 302, 317, 336, 379, 388, 389, 425, 454, 458, 463, 475, 487, 498, 499, 512, 530, 531, 532, 533, 534, 536, 573, 589, 596, 598, 601, 605, 617, 620, 624, 646, 653, 658, 660, 662, 668, 689, 694, 702, 724, 725, 745, 760, 775, 793, 829, 838, 839, 877, 901, 903, 905, 910, 923]",5/6 successful match,False,[344],True,331,False,,1.0,True,Flyers # 229 ( Shell ( Jensen ) Ave E ),Shell
"Fresno , 93706 Cal Fresno Oil ( 76 )",559-441-1001 CA 99 Exit 130 ( Jensen Ave E ),FRS 000,Fresno,93706,Cal Fresno Oil ( 76 ),559-441-1001,2006,Fresno,CA,,( Jensen Ave E ),CA 99 Exit 130 ,Exit,130,False,,False,CA 99,,,,,"[606, 135]","[135, 288, 606, 747]","[106, 135, 278, 288, 577, 606, 625, 737, 747]","[135, 167, 288, 606, 639, 747]","[103, 104, 105, 106, 107, 108, 109, 110, 111, 112, 113, 114, 115, 116, 117, 118, 119, 120, 121, 122, 123, 124, 125, 126, 127, 128, 129, 130, 131, 132, 133, 134, 135, 136, 137, 138, 139, 140, 141, 142, 143, 144, 145, 146, 147, 148, 149, 150, 151, 152, 153, 154, 155, 156, 157, 158, 159, 160, 161, 162, 163, 164, 165, 166, 167, 168, 169, 170, 171, 172, 173, 174, 175, 176, 177, 178, 179, 180, 181, 182, 183, 184, 185, 186, 187, 188, 189, 190, 191, 192, 193, 194, 195, 196, 197, 198, 199, 200, 201, 202, 203, 204, 205, 206, 207, 208, 209, 210, 211, 212, 213, 214, 215, 216, 217, 218, 219, 220, 221, 222, 223, 224, 225, 226, 227, 228, 229, 230, 231, 232, 233, 234, 235, 236, 237, 238, 239, 240, 241, 242, 243, 244, 245, 246, 247, 248, 249, 250, 251, 252, 253, 254, 255, 256, 257, 258, 259, 260, 261, 262, 263, 264, 265, 266, 267, 268, 269, 270, 271, 272, 273, 274, 275, 276, 277, 278, 279, 280, 281, 282, 283, 284, 285, 286, 287, 288, 289, 290, 291, 292, 293, 294, 295, 296, 297, 298, 299, 300, 301, 302, 303, 304, 305, 306, 307, 308, 309, 310, 311, 312, 313, 314, 315, 316, 317, 318, 319, 320, 321, 322, 323, 324, 325, 326, 327, 328, 329, 330, 331, 332, 333, 334, 335, 336, 337, 574, 575, 576, 577, 578, 579, 580, 581, 582, 583, 584, 585, 586, 587, 588, 589, 590, 591, 592, 593, 594, 595, 596, 597, 598, 599, 600, 601, 602, 603, 604, 605, 606, 607, 608, 609, 610, 611, 612, 613, 614, 615, 616, 617, 618, 619, 620, 621, 622, 623, 624, 625, 626, 627, 628, 629, 630, 631, 632, 633, 634, 635, 636, 637, 638, 639, 640, 641, 642, 643, 644, 645, 646, 647, 648, 649, 650, 651, 652, 653, 654, 655, 656, 657, 658, 659, 660, 661, 662, 663, 664, 665, 666, 667, 668, 669, 670, 671, 672, 673, 674, 675, 676, 677, 678, 679, 680, 681, 682, 683, 684, 685, 686, 687, 688, 689, 690, 691, 692, 693, 694, 695, 696, 697, 698, 699, 700, 701, 702, 703, 704, 705, 706, 707, 708, 709, 710, 711, 712, 713, 714, 715, 716, 717, 718, 719, 720, 721, 722, 723, 724, 725, 726, 727, 728, 729, 730, 731, 732, 733, 734, 735, 736, 737, 738, 739, 740, 741, 742, 743, 744, 745, 746, 747, 748, 749, 750, 751, 752, 753, 754, 755, 756, 757, 758, 759, 760, 761, 762, 763, 764, 765, 766, 767, 768, 769, 770, 771, 772, 773, 774, 775, 776, 777, 778, 779, 780, 781, 782, 783, 784, 785, 786, 787, 788, 789, 790, 791, 792, 793]","[10, 75, 103, 104, 106, 117, 118, 120, 127, 128, 129, 131, 133, 135, 136, 137, 139, 146, 147, 148, 149, 151, 158, 160, 162, 166, 173, 178, 179, 185, 190, 192, 198, 201, 203, 204, 206, 207, 212, 213, 214, 219, 223, 224, 225, 227, 230, 235, 237, 246, 247, 256, 259, 262, 263, 266, 268, 269, 271, 272, 278, 279, 284, 285, 288, 290, 292, 304, 306, 312, 316, 319, 320, 323, 324, 329, 332, 335, 495, 549, 574, 575, 577, 588, 589, 591, 598, 599, 600, 602, 604, 606, 607, 608, 610, 617, 618, 619, 620, 622, 625, 630, 632, 634, 638, 644, 649, 650, 656, 661, 663, 669, 673, 674, 676, 677, 682, 683, 684, 687, 688, 689, 691, 694, 699, 701, 710, 718, 722, 723, 727, 728, 730, 731, 737, 738, 743, 744, 747, 749, 751, 762, 764, 770, 774, 777, 778, 781, 782, 789, 791]",[],"[4, 31, 59, 84, 87, 89, 114, 115, 117, 124, 132, 135, 142, 144, 147, 152, 178, 180, 218, 229, 232, 239, 264, 268, 269, 281, 297, 299, 318, 320, 327, 331, 338, 348, 352, 367, 382, 387, 394, 403, 405, 408, 410, 455, 463, 465, 466, 468, 470, 472, 473, 483, 484, 490, 514, 535, 555, 558, 560, 585, 586, 588, 595, 603, 606, 613, 615, 618, 623, 649, 651, 686, 693, 696, 703, 724, 727, 728, 740, 756, 758, 776, 778, 785, 788, 794, 803, 807, 832, 837, 844, 852, 854, 858, 860, 861, 902, 910, 912, 913, 915, 917, 919, 920, 931, 934, 935]","[4, 10, 31, 59, 75, 84, 87, 89, 103, 104, 105, 106, 107, 108, 109, 110, 111, 112, 113, 114, 115, 116, 117, 118, 119, 120, 121, 122, 123, 124, 125, 126, 127, 128, 129, 130, 131, 132, 133, 134, 135, 136, 137, 138, 139, 140, 141, 142, 143, 144, 145, 146, 147, 148, 149, 150, 151, 152, 153, 154, 155, 156, 157, 158, 159, 160, 161, 162, 163, 164, 165, 166, 167, 168, 169, 170, 171, 172, 173, 174, 175, 176, 177, 178, 179, 180, 181, 182, 183, 184, 185, 186, 187, 188, 189, 190, 191, 192, 193, 194, 195, 196, 197, 198, 199, 200, 201, 202, 203, 204, 205, 206, 207, 208, 209, 210, 211, 212, 213, 214, 215, 216, 217, 218, 219, 220, 221, 222, 223, 224, 225, 226, 227, 228, 229, 230, 231, 232, 233, 234, 235, 236, 237, 238, 239, 240, 241, 242, 243, 244, 245, 246, 247, 248, 249, 250, 251, 252, 253, 254, 255, 256, 257, 258, 259, 260, 261, 262, 263, 264, 265, 266, 267, 268, 269, 270, 271, 272, 273, 274, 275, 276, 277, 278, 279, 280, 281, 282, 283, 284, 285, 286, 287, 288, 289, 290, 291, 292, 293, 294, 295, 296, 297, 298, 299, 300, 301, 302, 303, 304, 305, 306, 307, 308, 309, 310, 311, 312, 313, 314, 315, 316, 317, 318, 319, 320, 321, 322, 323, 324, 325, 326, 327, 328, 329, 330, 331, 332, 333, 334, 335, 336, 337, 338, 348, 352, 367, 382, 387, 394, 403, 405, 408, 410, 455, 463, 465, 466, 468, 470, 472, 473, 483, 484, 490, 495, 514, 535, 549, 555, 558, 560, 574, 575, 576, 577, 578, 579, 580, 581, 582, 583, 584, 585, 586, 587, 588, 589, 590, 591, 592, 593, 594, 595, 596, 597, 598, 599, 600, 601, 602, 603, 604, 605, 606, 607, 608, 609, 610, 611, 612, 613, 614, 615, 616, 617, 618, 619, 620, 621, 622, 623, 624, 625, 626, 627, 628, 629, 630, 631, 632, 633, 634, 635, 636, 637, 638, 639, 640, 641, 642, 643, 644, 645, 646, 647, 648, 649, 650, 651, 652, 653, 654, 655, 656, 657, 658, 659, 660, 661, 662, 663, 664, 665, 666, 667, 668, 669, 670, 671, 672, 673, 674, 675, 676, 677, 678, 679, 680, 681, 682, 683, 684, 685, 686, 687, 688, 689, 690, 691, 692, 693, 694, 695, 696, 697, 698, 699, 700, 701, 702, 703, 704, 705, 706, 707, 708, 709, 710, 711, 712, 713, 714, 715, 716, 717, 718, 719, 720, 721, 722, 723, 724, 725, 726, 727, 728, 729, 730, 731, 732, 733, 734, 735, 736, 737, 738, 739, 740, 741, 742, 743, 744, 745, 746, 747, 748, 749, 750, 751, 752, 753, 754, 755, 756, 757, 758, 759, 760, 761, 762, 763, 764, 765, 766, 767, 768, 769, 770, 771, 772, 773, 774, 775, 776, 777, 778, 779, 780, 781, 782, 783, 784, 785, 786, 787, 788, 789, 790, 791, 792, 793, 794, 803, 807, 832, 837, 844, 852, 854, 858, 860, 861, 902, 910, 912, 913, 915, 917, 919, 920, 931, 934, 935]",True,"[135, 288, 606, 747]","[103, 104, 105, 106, 107, 108, 109, 110, 111, 112, 113, 114, 115, 116, 117, 118, 119, 120, 121, 122, 123, 124, 125, 126, 127, 128, 129, 130, 131, 132, 133, 134, 135, 136, 137, 138, 139, 140, 141, 142, 143, 144, 145, 146, 147, 148, 149, 150, 151, 152, 153, 154, 155, 156, 157, 158, 159, 160, 161, 162, 163, 164, 165, 166, 167, 168, 169, 170, 171, 172, 173, 174, 175, 176, 177, 178, 179, 180, 181, 182, 183, 184, 185, 186, 187, 188, 189, 190, 191, 192, 193, 194, 195, 196, 197, 198, 199, 200, 201, 202, 203, 204, 205, 206, 207, 208, 209, 210, 211, 212, 213, 214, 215, 216, 217, 218, 219, 220, 221, 222, 223, 224, 225, 226, 227, 228, 229, 230, 231, 232, 233, 234, 235, 236, 237, 238, 239, 240, 241, 242, 243, 244, 245, 246, 247, 248, 249, 250, 251, 252, 253, 254, 255, 256, 257, 258, 259, 260, 261, 262, 263, 264, 265, 266, 267, 268, 269, 270, 271, 272, 273, 274, 275, 276, 277, 278, 279, 280, 281, 282, 283, 284, 285, 286, 287, 288, 289, 290, 291, 292, 293, 294, 295, 296, 297, 298, 299, 300, 301, 302, 303, 304, 305, 306, 307, 308, 309, 310, 311, 312, 313, 314, 315, 316, 317, 318, 319, 320, 321, 322, 323, 324, 325, 326, 327, 328, 329, 330, 331, 332, 333, 334, 335, 336, 337, 574, 575, 576, 577, 578, 579, 580, 581, 582, 583, 584, 585, 586, 587, 588, 589, 590, 591, 592, 593, 594, 595, 596, 597, 598, 599, 600, 601, 602, 603, 604, 605, 606, 607, 608, 609, 610, 611, 612, 613, 614, 615, 616, 617, 618, 619, 620, 621, 622, 623, 624, 625, 626, 627, 628, 629, 630, 631, 632, 633, 634, 635, 636, 637, 638, 639, 640, 641, 642, 643, 644, 645, 646, 647, 648, 649, 650, 651, 652, 653, 654, 655, 656, 657, 658, 659, 660, 661, 662, 663, 664, 665, 666, 667, 668, 669, 670, 671, 672, 673, 674, 675, 676, 677, 678, 679, 680, 681, 682, 683, 684, 685, 686, 687, 688, 689, 690, 691, 692, 693, 694, 695, 696, 697, 698, 699, 700, 701, 702, 703, 704, 705, 706, 707, 708, 709, 710, 711, 712, 713, 714, 715, 716, 717, 718, 719, 720, 721, 722, 723, 724, 725, 726, 727, 728, 729, 730, 731, 732, 733, 734, 735, 736, 737, 738, 739, 740, 741, 742, 743, 744, 745, 746, 747, 748, 749, 750, 751, 752, 753, 754, 755, 756, 757, 758, 759, 760, 761, 762, 763, 764, 765, 766, 767, 768, 769, 770, 771, 772, 773, 774, 775, 776, 777, 778, 779, 780, 781, 782, 783, 784, 785, 786, 787, 788, 789, 790, 791, 792, 793]","[106, 135, 278, 288, 577, 606, 625, 737, 747]","[135, 167, 288, 606, 639, 747]","[10, 75, 103, 104, 106, 117, 118, 120, 127, 128, 129, 131, 133, 135, 136, 137, 139, 146, 147, 148, 149, 151, 158, 160, 162, 166, 173, 178, 179, 185, 190, 192, 198, 201, 203, 204, 206, 207, 212, 213, 214, 219, 223, 224, 225, 227, 230, 235, 237, 246, 247, 256, 259, 262, 263, 266, 268, 269, 271, 272, 278, 279, 284, 285, 288, 290, 292, 304, 306, 312, 316, 319, 320, 323, 324, 329, 332, 335, 495, 549, 574, 575, 577, 588, 589, 591, 598, 599, 600, 602, 604, 606, 607, 608, 610, 617, 618, 619, 620, 622, 625, 630, 632, 634, 638, 644, 649, 650, 656, 661, 663, 669, 673, 674, 676, 677, 682, 683, 684, 687, 688, 689, 691, 694, 699, 701, 710, 718, 722, 723, 727, 728, 730, 731, 737, 738, 743, 744, 747, 749, 751, 762, 764, 770, 774, 777, 778, 781, 782, 789, 791]","[4, 31, 59, 84, 87, 89, 114, 115, 117, 124, 132, 135, 142, 144, 147, 152, 178, 180, 218, 229, 232, 239, 264, 268, 269, 281, 297, 299, 318, 320, 327, 331, 338, 348, 352, 367, 382, 387, 394, 403, 405, 408, 410, 455, 463, 465, 466, 468, 470, 472, 473, 483, 484, 490, 514, 535, 555, 558, 560, 585, 586, 588, 595, 603, 606, 613, 615, 618, 623, 649, 651, 686, 693, 696, 703, 724, 727, 728, 740, 756, 758, 776, 778, 785, 788, 794, 803, 807, 832, 837, 844, 852, 854, 858, 860, 861, 902, 910, 912, 913, 915, 917, 919, 920, 931, 934, 935]",[],7/6 successful match,True,[333],True,332,False,,,,,
"F Fresno , 93706 Cal Fresno Oil ( 76 )",559-441-1001 CA 99 Exit 130 ( Jensen Ave E ),24 <U+2610>,Fresno,93706,Cal Fresno Oil ( 76 ),559-441-1001,2007,Fresno,CA,,( Jensen Ave E ),CA 99 Exit 130 ,Exit,130,False,,False,CA 99,,,,,"[606, 135]","[135, 288, 606, 747]","[106, 135, 278, 288, 577, 606, 625, 737, 747]","[135, 167, 288, 606, 639, 747]","[103, 104, 105, 106, 107, 108, 109, 110, 111, 112, 113, 114, 115, 116, 117, 118, 119, 120, 121, 122, 123, 124, 125, 126, 127, 128, 129, 130, 131, 132, 133, 134, 135, 136, 137, 138, 139, 140, 141, 142, 143, 144, 145, 146, 147, 148, 149, 150, 151, 152, 153, 154, 155, 156, 157, 158, 159, 160, 161, 162, 163, 164, 165, 166, 167, 168, 169, 170, 171, 172, 173, 174, 175, 176, 177, 178, 179, 180, 181, 182, 183, 184, 185, 186, 187, 188, 189, 190, 191, 192, 193, 194, 195, 196, 197, 198, 199, 200, 201, 202, 203, 204, 205, 206, 207, 208, 209, 210, 211, 212, 213, 214, 215, 216, 217, 218, 219, 220, 221, 222, 223, 224, 225, 226, 227, 228, 229, 230, 231, 232, 233, 234, 235, 236, 237, 238, 239, 240, 241, 242, 243, 244, 245, 246, 247, 248, 249, 250, 251, 252, 253, 254, 255, 256, 257, 258, 259, 260, 261, 262, 263, 264, 265, 266, 267, 268, 269, 270, 271, 272, 273, 274, 275, 276, 277, 278, 279, 280, 281, 282, 283, 284, 285, 286, 287, 288, 289, 290, 291, 292, 293, 294, 295, 296, 297, 298, 299, 300, 301, 302, 303, 304, 305, 306, 307, 308, 309, 310, 311, 312, 313, 314, 315, 316, 317, 318, 319, 320, 321, 322, 323, 324, 325, 326, 327, 328, 329, 330, 331, 332, 333, 334, 335, 336, 337, 574, 575, 576, 577, 578, 579, 580, 581, 582, 583, 584, 585, 586, 587, 588, 589, 590, 591, 592, 593, 594, 595, 596, 597, 598, 599, 600, 601, 602, 603, 604, 605, 606, 607, 608, 609, 610, 611, 612, 613, 614, 615, 616, 617, 618, 619, 620, 621, 622, 623, 624, 625, 626, 627, 628, 629, 630, 631, 632, 633, 634, 635, 636, 637, 638, 639, 640, 641, 642, 643, 644, 645, 646, 647, 648, 649, 650, 651, 652, 653, 654, 655, 656, 657, 658, 659, 660, 661, 662, 663, 664, 665, 666, 667, 668, 669, 670, 671, 672, 673, 674, 675, 676, 677, 678, 679, 680, 681, 682, 683, 684, 685, 686, 687, 688, 689, 690, 691, 692, 693, 694, 695, 696, 697, 698, 699, 700, 701, 702, 703, 704, 705, 706, 707, 708, 709, 710, 711, 712, 713, 714, 715, 716, 717, 718, 719, 720, 721, 722, 723, 724, 725, 726, 727, 728, 729, 730, 731, 732, 733, 734, 735, 736, 737, 738, 739, 740, 741, 742, 743, 744, 745, 746, 747, 748, 749, 750, 751, 752, 753, 754, 755, 756, 757, 758, 759, 760, 761, 762, 763, 764, 765, 766, 767, 768, 769, 770, 771, 772, 773, 774, 775, 776, 777, 778, 779, 780, 781, 782, 783, 784, 785, 786, 787, 788, 789, 790, 791, 792, 793]","[10, 75, 103, 104, 106, 117, 118, 120, 127, 128, 129, 131, 133, 135, 136, 137, 139, 146, 147, 148, 149, 151, 158, 160, 162, 166, 173, 178, 179, 185, 190, 192, 198, 201, 203, 204, 206, 207, 212, 213, 214, 219, 223, 224, 225, 227, 230, 235, 237, 246, 247, 256, 259, 262, 263, 266, 268, 269, 271, 272, 278, 279, 284, 285, 288, 290, 292, 304, 306, 312, 316, 319, 320, 323, 324, 329, 332, 335, 495, 549, 574, 575, 577, 588, 589, 591, 598, 599, 600, 602, 604, 606, 607, 608, 610, 617, 618, 619, 620, 622, 625, 630, 632, 634, 638, 644, 649, 650, 656, 661, 663, 669, 673, 674, 676, 677, 682, 683, 684, 687, 688, 689, 691, 694, 699, 701, 710, 718, 722, 723, 727, 728, 730, 731, 737, 738, 743, 744, 747, 749, 751, 762, 764, 770, 774, 777, 778, 781, 782, 789, 791]",[],"[4, 31, 59, 84, 87, 89, 114, 115, 117, 124, 132, 135, 142, 144, 147, 152, 178, 180, 218, 229, 232, 239, 264, 268, 269, 281, 297, 299, 318, 320, 327, 331, 338, 348, 352, 367, 382, 387, 394, 403, 405, 408, 410, 455, 463, 465, 466, 468, 470, 472, 473, 483, 484, 490, 514, 535, 555, 558, 560, 585, 586, 588, 595, 603, 606, 613, 615, 618, 623, 649, 651, 686, 693, 696, 703, 724, 727, 728, 740, 756, 758, 776, 778, 785, 788, 794, 803, 807, 832, 837, 844, 852, 854, 858, 860, 861, 902, 910, 912, 913, 915, 917, 919, 920, 931, 934, 935]","[4, 10, 31, 59, 75, 84, 87, 89, 103, 104, 105, 106, 107, 108, 109, 110, 111, 112, 113, 114, 115, 116, 117, 118, 119, 120, 121, 122, 123, 124, 125, 126, 127, 128, 129, 130, 131, 132, 133, 134, 135, 136, 137, 138, 139, 140, 141, 142, 143, 144, 145, 146, 147, 148, 149, 150, 151, 152, 153, 154, 155, 156, 157, 158, 159, 160, 161, 162, 163, 164, 165, 166, 167, 168, 169, 170, 171, 172, 173, 174, 175, 176, 177, 178, 179, 180, 181, 182, 183, 184, 185, 186, 187, 188, 189, 190, 191, 192, 193, 194, 195, 196, 197, 198, 199, 200, 201, 202, 203, 204, 205, 206, 207, 208, 209, 210, 211, 212, 213, 214, 215, 216, 217, 218, 219, 220, 221, 222, 223, 224, 225, 226, 227, 228, 229, 230, 231, 232, 233, 234, 235, 236, 237, 238, 239, 240, 241, 242, 243, 244, 245, 246, 247, 248, 249, 250, 251, 252, 253, 254, 255, 256, 257, 258, 259, 260, 261, 262, 263, 264, 265, 266, 267, 268, 269, 270, 271, 272, 273, 274, 275, 276, 277, 278, 279, 280, 281, 282, 283, 284, 285, 286, 287, 288, 289, 290, 291, 292, 293, 294, 295, 296, 297, 298, 299, 300, 301, 302, 303, 304, 305, 306, 307, 308, 309, 310, 311, 312, 313, 314, 315, 316, 317, 318, 319, 320, 321, 322, 323, 324, 325, 326, 327, 328, 329, 330, 331, 332, 333, 334, 335, 336, 337, 338, 348, 352, 367, 382, 387, 394, 403, 405, 408, 410, 455, 463, 465, 466, 468, 470, 472, 473, 483, 484, 490, 495, 514, 535, 549, 555, 558, 560, 574, 575, 576, 577, 578, 579, 580, 581, 582, 583, 584, 585, 586, 587, 588, 589, 590, 591, 592, 593, 594, 595, 596, 597, 598, 599, 600, 601, 602, 603, 604, 605, 606, 607, 608, 609, 610, 611, 612, 613, 614, 615, 616, 617, 618, 619, 620, 621, 622, 623, 624, 625, 626, 627, 628, 629, 630, 631, 632, 633, 634, 635, 636, 637, 638, 639, 640, 641, 642, 643, 644, 645, 646, 647, 648, 649, 650, 651, 652, 653, 654, 655, 656, 657, 658, 659, 660, 661, 662, 663, 664, 665, 666, 667, 668, 669, 670, 671, 672, 673, 674, 675, 676, 677, 678, 679, 680, 681, 682, 683, 684, 685, 686, 687, 688, 689, 690, 691, 692, 693, 694, 695, 696, 697, 698, 699, 700, 701, 702, 703, 704, 705, 706, 707, 708, 709, 710, 711, 712, 713, 714, 715, 716, 717, 718, 719, 720, 721, 722, 723, 724, 725, 726, 727, 728, 729, 730, 731, 732, 733, 734, 735, 736, 737, 738, 739, 740, 741, 742, 743, 744, 745, 746, 747, 748, 749, 750, 751, 752, 753, 754, 755, 756, 757, 758, 759, 760, 761, 762, 763, 764, 765, 766, 767, 768, 769, 770, 771, 772, 773, 774, 775, 776, 777, 778, 779, 780, 781, 782, 783, 784, 785, 786, 787, 788, 789, 790, 791, 792, 793, 794, 803, 807, 832, 837, 844, 852, 854, 858, 860, 861, 902, 910, 912, 913, 915, 917, 919, 920, 931, 934, 935]",True,"[135, 288, 606, 747]","[103, 104, 105, 106, 107, 108, 109, 110, 111, 112, 113, 114, 115, 116, 117, 118, 119, 120, 121, 122, 123, 124, 125, 126, 127, 128, 129, 130, 131, 132, 133, 134, 135, 136, 137, 138, 139, 140, 141, 142, 143, 144, 145, 146, 147, 148, 149, 150, 151, 152, 153, 154, 155, 156, 157, 158, 159, 160, 161, 162, 163, 164, 165, 166, 167, 168, 169, 170, 171, 172, 173, 174, 175, 176, 177, 178, 179, 180, 181, 182, 183, 184, 185, 186, 187, 188, 189, 190, 191, 192, 193, 194, 195, 196, 197, 198, 199, 200, 201, 202, 203, 204, 205, 206, 207, 208, 209, 210, 211, 212, 213, 214, 215, 216, 217, 218, 219, 220, 221, 222, 223, 224, 225, 226, 227, 228, 229, 230, 231, 232, 233, 234, 235, 236, 237, 238, 239, 240, 241, 242, 243, 244, 245, 246, 247, 248, 249, 250, 251, 252, 253, 254, 255, 256, 257, 258, 259, 260, 261, 262, 263, 264, 265, 266, 267, 268, 269, 270, 271, 272, 273, 274, 275, 276, 277, 278, 279, 280, 281, 282, 283, 284, 285, 286, 287, 288, 289, 290, 291, 292, 293, 294, 295, 296, 297, 298, 299, 300, 301, 302, 303, 304, 305, 306, 307, 308, 309, 310, 311, 312, 313, 314, 315, 316, 317, 318, 319, 320, 321, 322, 323, 324, 325, 326, 327, 328, 329, 330, 331, 332, 333, 334, 335, 336, 337, 574, 575, 576, 577, 578, 579, 580, 581, 582, 583, 584, 585, 586, 587, 588, 589, 590, 591, 592, 593, 594, 595, 596, 597, 598, 599, 600, 601, 602, 603, 604, 605, 606, 607, 608, 609, 610, 611, 612, 613, 614, 615, 616, 617, 618, 619, 620, 621, 622, 623, 624, 625, 626, 627, 628, 629, 630, 631, 632, 633, 634, 635, 636, 637, 638, 639, 640, 641, 642, 643, 644, 645, 646, 647, 648, 649, 650, 651, 652, 653, 654, 655, 656, 657, 658, 659, 660, 661, 662, 663, 664, 665, 666, 667, 668, 669, 670, 671, 672, 673, 674, 675, 676, 677, 678, 679, 680, 681, 682, 683, 684, 685, 686, 687, 688, 689, 690, 691, 692, 693, 694, 695, 696, 697, 698, 699, 700, 701, 702, 703, 704, 705, 706, 707, 708, 709, 710, 711, 712, 713, 714, 715, 716, 717, 718, 719, 720, 721, 722, 723, 724, 725, 726, 727, 728, 729, 730, 731, 732, 733, 734, 735, 736, 737, 738, 739, 740, 741, 742, 743, 744, 745, 746, 747, 748, 749, 750, 751, 752, 753, 754, 755, 756, 757, 758, 759, 760, 761, 762, 763, 764, 765, 766, 767, 768, 769, 770, 771, 772, 773, 774, 775, 776, 777, 778, 779, 780, 781, 782, 783, 784, 785, 786, 787, 788, 789, 790, 791, 792, 793]","[106, 135, 278, 288, 577, 606, 625, 737, 747]","[135, 167, 288, 606, 639, 747]","[10, 75, 103, 104, 106, 117, 118, 120, 127, 128, 129, 131, 133, 135, 136, 137, 139, 146, 147, 148, 149, 151, 158, 160, 162, 166, 173, 178, 179, 185, 190, 192, 198, 201, 203, 204, 206, 207, 212, 213, 214, 219, 223, 224, 225, 227, 230, 235, 237, 246, 247, 256, 259, 262, 263, 266, 268, 269, 271, 272, 278, 279, 284, 285, 288, 290, 292, 304, 306, 312, 316, 319, 320, 323, 324, 329, 332, 335, 495, 549, 574, 575, 577, 588, 589, 591, 598, 599, 600, 602, 604, 606, 607, 608, 610, 617, 618, 619, 620, 622, 625, 630, 632, 634, 638, 644, 649, 650, 656, 661, 663, 669, 673, 674, 676, 677, 682, 683, 684, 687, 688, 689, 691, 694, 699, 701, 710, 718, 722, 723, 727, 728, 730, 731, 737, 738, 743, 744, 747, 749, 751, 762, 764, 770, 774, 777, 778, 781, 782, 789, 791]","[4, 31, 59, 84, 87, 89, 114, 115, 117, 124, 132, 135, 142, 144, 147, 152, 178, 180, 218, 229, 232, 239, 264, 268, 269, 281, 297, 299, 318, 320, 327, 331, 338, 348, 352, 367, 382, 387, 394, 403, 405, 408, 410, 455, 463, 465, 466, 468, 470, 472, 473, 483, 484, 490, 514, 535, 555, 558, 560, 585, 586, 588, 595, 603, 606, 613, 615, 618, 623, 649, 651, 686, 693, 696, 703, 724, 727, 728, 740, 756, 758, 776, 778, 785, 788, 794, 803, 807, 832, 837, 844, 852, 854, 858, 860, 861, 902, 910, 912, 913, 915, 917, 919, 920, 931, 934, 935]",[],7/6 successful match,True,[333],True,332,False,,1.0,True,Cal Fresno Oil ( 76 ),
"F Fresno , 93706 Cal Fresno Oil ( 76 )",3 559-441-1001 CA 99 Exit 130 ( Jensen Ave E ),24 HRS <U+2610> <U+2610> <U+2610>,Fresno,93706,Cal Fresno Oil ( 76 ),559-441-1001,2008,Fresno,CA,,( Jensen Ave E ),CA 99 Exit 130 ,Exit,130,False,,False,CA 99,,,,,"[606, 135]","[135, 288, 606, 747]","[106, 135, 278, 288, 577, 606, 625, 737, 747]","[135, 167, 288, 606, 639, 747]","[103, 104, 105, 106, 107, 108, 109, 110, 111, 112, 113, 114, 115, 116, 117, 118, 119, 120, 121, 122, 123, 124, 125, 126, 127, 128, 129, 130, 131, 132, 133, 134, 135, 136, 137, 138, 139, 140, 141, 142, 143, 144, 145, 146, 147, 148, 149, 150, 151, 152, 153, 154, 155, 156, 157, 158, 159, 160, 161, 162, 163, 164, 165, 166, 167, 168, 169, 170, 171, 172, 173, 174, 175, 176, 177, 178, 179, 180, 181, 182, 183, 184, 185, 186, 187, 188, 189, 190, 191, 192, 193, 194, 195, 196, 197, 198, 199, 200, 201, 202, 203, 204, 205, 206, 207, 208, 209, 210, 211, 212, 213, 214, 215, 216, 217, 218, 219, 220, 221, 222, 223, 224, 225, 226, 227, 228, 229, 230, 231, 232, 233, 234, 235, 236, 237, 238, 239, 240, 241, 242, 243, 244, 245, 246, 247, 248, 249, 250, 251, 252, 253, 254, 255, 256, 257, 258, 259, 260, 261, 262, 263, 264, 265, 266, 267, 268, 269, 270, 271, 272, 273, 274, 275, 276, 277, 278, 279, 280, 281, 282, 283, 284, 285, 286, 287, 288, 289, 290, 291, 292, 293, 294, 295, 296, 297, 298, 299, 300, 301, 302, 303, 304, 305, 306, 307, 308, 309, 310, 311, 312, 313, 314, 315, 316, 317, 318, 319, 320, 321, 322, 323, 324, 325, 326, 327, 328, 329, 330, 331, 332, 333, 334, 335, 336, 337, 574, 575, 576, 577, 578, 579, 580, 581, 582, 583, 584, 585, 586, 587, 588, 589, 590, 591, 592, 593, 594, 595, 596, 597, 598, 599, 600, 601, 602, 603, 604, 605, 606, 607, 608, 609, 610, 611, 612, 613, 614, 615, 616, 617, 618, 619, 620, 621, 622, 623, 624, 625, 626, 627, 628, 629, 630, 631, 632, 633, 634, 635, 636, 637, 638, 639, 640, 641, 642, 643, 644, 645, 646, 647, 648, 649, 650, 651, 652, 653, 654, 655, 656, 657, 658, 659, 660, 661, 662, 663, 664, 665, 666, 667, 668, 669, 670, 671, 672, 673, 674, 675, 676, 677, 678, 679, 680, 681, 682, 683, 684, 685, 686, 687, 688, 689, 690, 691, 692, 693, 694, 695, 696, 697, 698, 699, 700, 701, 702, 703, 704, 705, 706, 707, 708, 709, 710, 711, 712, 713, 714, 715, 716, 717, 718, 719, 720, 721, 722, 723, 724, 725, 726, 727, 728, 729, 730, 731, 732, 733, 734, 735, 736, 737, 738, 739, 740, 741, 742, 743, 744, 745, 746, 747, 748, 749, 750, 751, 752, 753, 754, 755, 756, 757, 758, 759, 760, 761, 762, 763, 764, 765, 766, 767, 768, 769, 770, 771, 772, 773, 774, 775, 776, 777, 778, 779, 780, 781, 782, 783, 784, 785, 786, 787, 788, 789, 790, 791, 792, 793]","[10, 75, 103, 104, 106, 117, 118, 120, 127, 128, 129, 131, 133, 135, 136, 137, 139, 146, 147, 148, 149, 151, 158, 160, 162, 166, 173, 178, 179, 185, 190, 192, 198, 201, 203, 204, 206, 207, 212, 213, 214, 219, 223, 224, 225, 227, 230, 235, 237, 246, 247, 256, 259, 262, 263, 266, 268, 269, 271, 272, 278, 279, 284, 285, 288, 290, 292, 304, 306, 312, 316, 319, 320, 323, 324, 329, 332, 335, 495, 549, 574, 575, 577, 588, 589, 591, 598, 599, 600, 602, 604, 606, 607, 608, 610, 617, 618, 619, 620, 622, 625, 630, 632, 634, 638, 644, 649, 650, 656, 661, 663, 669, 673, 674, 676, 677, 682, 683, 684, 687, 688, 689, 691, 694, 699, 701, 710, 718, 722, 723, 727, 728, 730, 731, 737, 738, 743, 744, 747, 749, 751, 762, 764, 770, 774, 777, 778, 781, 782, 789, 791]",[],"[4, 31, 59, 84, 87, 89, 114, 115, 117, 124, 132, 135, 142, 144, 147, 152, 178, 180, 218, 229, 232, 239, 264, 268, 269, 281, 297, 299, 318, 320, 327, 331, 338, 348, 352, 367, 382, 387, 394, 403, 405, 408, 410, 455, 463, 465, 466, 468, 470, 472, 473, 483, 484, 490, 514, 535, 555, 558, 560, 585, 586, 588, 595, 603, 606, 613, 615, 618, 623, 649, 651, 686, 693, 696, 703, 724, 727, 728, 740, 756, 758, 776, 778, 785, 788, 794, 803, 807, 832, 837, 844, 852, 854, 858, 860, 861, 902, 910, 912, 913, 915, 917, 919, 920, 931, 934, 935]","[4, 10, 31, 59, 75, 84, 87, 89, 103, 104, 105, 106, 107, 108, 109, 110, 111, 112, 113, 114, 115, 116, 117, 118, 119, 120, 121, 122, 123, 124, 125, 126, 127, 128, 129, 130, 131, 132, 133, 134, 135, 136, 137, 138, 139, 140, 141, 142, 143, 144, 145, 146, 147, 148, 149, 150, 151, 152, 153, 154, 155, 156, 157, 158, 159, 160, 161, 162, 163, 164, 165, 166, 167, 168, 169, 170, 171, 172, 173, 174, 175, 176, 177, 178, 179, 180, 181, 182, 183, 184, 185, 186, 187, 188, 189, 190, 191, 192, 193, 194, 195, 196, 197, 198, 199, 200, 201, 202, 203, 204, 205, 206, 207, 208, 209, 210, 211, 212, 213, 214, 215, 216, 217, 218, 219, 220, 221, 222, 223, 224, 225, 226, 227, 228, 229, 230, 231, 232, 233, 234, 235, 236, 237, 238, 239, 240, 241, 242, 243, 244, 245, 246, 247, 248, 249, 250, 251, 252, 253, 254, 255, 256, 257, 258, 259, 260, 261, 262, 263, 264, 265, 266, 267, 268, 269, 270, 271, 272, 273, 274, 275, 276, 277, 278, 279, 280, 281, 282, 283, 284, 285, 286, 287, 288, 289, 290, 291, 292, 293, 294, 295, 296, 297, 298, 299, 300, 301, 302, 303, 304, 305, 306, 307, 308, 309, 310, 311, 312, 313, 314, 315, 316, 317, 318, 319, 320, 321, 322, 323, 324, 325, 326, 327, 328, 329, 330, 331, 332, 333, 334, 335, 336, 337, 338, 348, 352, 367, 382, 387, 394, 403, 405, 408, 410, 455, 463, 465, 466, 468, 470, 472, 473, 483, 484, 490, 495, 514, 535, 549, 555, 558, 560, 574, 575, 576, 577, 578, 579, 580, 581, 582, 583, 584, 585, 586, 587, 588, 589, 590, 591, 592, 593, 594, 595, 596, 597, 598, 599, 600, 601, 602, 603, 604, 605, 606, 607, 608, 609, 610, 611, 612, 613, 614, 615, 616, 617, 618, 619, 620, 621, 622, 623, 624, 625, 626, 627, 628, 629, 630, 631, 632, 633, 634, 635, 636, 637, 638, 639, 640, 641, 642, 643, 644, 645, 646, 647, 648, 649, 650, 651, 652, 653, 654, 655, 656, 657, 658, 659, 660, 661, 662, 663, 664, 665, 666, 667, 668, 669, 670, 671, 672, 673, 674, 675, 676, 677, 678, 679, 680, 681, 682, 683, 684, 685, 686, 687, 688, 689, 690, 691, 692, 693, 694, 695, 696, 697, 698, 699, 700, 701, 702, 703, 704, 705, 706, 707, 708, 709, 710, 711, 712, 713, 714, 715, 716, 717, 718, 719, 720, 721, 722, 723, 724, 725, 726, 727, 728, 729, 730, 731, 732, 733, 734, 735, 736, 737, 738, 739, 740, 741, 742, 743, 744, 745, 746, 747, 748, 749, 750, 751, 752, 753, 754, 755, 756, 757, 758, 759, 760, 761, 762, 763, 764, 765, 766, 767, 768, 769, 770, 771, 772, 773, 774, 775, 776, 777, 778, 779, 780, 781, 782, 783, 784, 785, 786, 787, 788, 789, 790, 791, 792, 793, 794, 803, 807, 832, 837, 844, 852, 854, 858, 860, 861, 902, 910, 912, 913, 915, 917, 919, 920, 931, 934, 935]",True,"[135, 288, 606, 747]","[103, 104, 105, 106, 107, 108, 109, 110, 111, 112, 113, 114, 115, 116, 117, 118, 119, 120, 121, 122, 123, 124, 125, 126, 127, 128, 129, 130, 131, 132, 133, 134, 135, 136, 137, 138, 139, 140, 141, 142, 143, 144, 145, 146, 147, 148, 149, 150, 151, 152, 153, 154, 155, 156, 157, 158, 159, 160, 161, 162, 163, 164, 165, 166, 167, 168, 169, 170, 171, 172, 173, 174, 175, 176, 177, 178, 179, 180, 181, 182, 183, 184, 185, 186, 187, 188, 189, 190, 191, 192, 193, 194, 195, 196, 197, 198, 199, 200, 201, 202, 203, 204, 205, 206, 207, 208, 209, 210, 211, 212, 213, 214, 215, 216, 217, 218, 219, 220, 221, 222, 223, 224, 225, 226, 227, 228, 229, 230, 231, 232, 233, 234, 235, 236, 237, 238, 239, 240, 241, 242, 243, 244, 245, 246, 247, 248, 249, 250, 251, 252, 253, 254, 255, 256, 257, 258, 259, 260, 261, 262, 263, 264, 265, 266, 267, 268, 269, 270, 271, 272, 273, 274, 275, 276, 277, 278, 279, 280, 281, 282, 283, 284, 285, 286, 287, 288, 289, 290, 291, 292, 293, 294, 295, 296, 297, 298, 299, 300, 301, 302, 303, 304, 305, 306, 307, 308, 309, 310, 311, 312, 313, 314, 315, 316, 317, 318, 319, 320, 321, 322, 323, 324, 325, 326, 327, 328, 329, 330, 331, 332, 333, 334, 335, 336, 337, 574, 575, 576, 577, 578, 579, 580, 581, 582, 583, 584, 585, 586, 587, 588, 589, 590, 591, 592, 593, 594, 595, 596, 597, 598, 599, 600, 601, 602, 603, 604, 605, 606, 607, 608, 609, 610, 611, 612, 613, 614, 615, 616, 617, 618, 619, 620, 621, 622, 623, 624, 625, 626, 627, 628, 629, 630, 631, 632, 633, 634, 635, 636, 637, 638, 639, 640, 641, 642, 643, 644, 645, 646, 647, 648, 649, 650, 651, 652, 653, 654, 655, 656, 657, 658, 659, 660, 661, 662, 663, 664, 665, 666, 667, 668, 669, 670, 671, 672, 673, 674, 675, 676, 677, 678, 679, 680, 681, 682, 683, 684, 685, 686, 687, 688, 689, 690, 691, 692, 693, 694, 695, 696, 697, 698, 699, 700, 701, 702, 703, 704, 705, 706, 707, 708, 709, 710, 711, 712, 713, 714, 715, 716, 717, 718, 719, 720, 721, 722, 723, 724, 725, 726, 727, 728, 729, 730, 731, 732, 733, 734, 735, 736, 737, 738, 739, 740, 741, 742, 743, 744, 745, 746, 747, 748, 749, 750, 751, 752, 753, 754, 755, 756, 757, 758, 759, 760, 761, 762, 763, 764, 765, 766, 767, 768, 769, 770, 771, 772, 773, 774, 775, 776, 777, 778, 779, 780, 781, 782, 783, 784, 785, 786, 787, 788, 789, 790, 791, 792, 793]","[106, 135, 278, 288, 577, 606, 625, 737, 747]","[135, 167, 288, 606, 639, 747]","[10, 75, 103, 104, 106, 117, 118, 120, 127, 128, 129, 131, 133, 135, 136, 137, 139, 146, 147, 148, 149, 151, 158, 160, 162, 166, 173, 178, 179, 185, 190, 192, 198, 201, 203, 204, 206, 207, 212, 213, 214, 219, 223, 224, 225, 227, 230, 235, 237, 246, 247, 256, 259, 262, 263, 266, 268, 269, 271, 272, 278, 279, 284, 285, 288, 290, 292, 304, 306, 312, 316, 319, 320, 323, 324, 329, 332, 335, 495, 549, 574, 575, 577, 588, 589, 591, 598, 599, 600, 602, 604, 606, 607, 608, 610, 617, 618, 619, 620, 622, 625, 630, 632, 634, 638, 644, 649, 650, 656, 661, 663, 669, 673, 674, 676, 677, 682, 683, 684, 687, 688, 689, 691, 694, 699, 701, 710, 718, 722, 723, 727, 728, 730, 731, 737, 738, 743, 744, 747, 749, 751, 762, 764, 770, 774, 777, 778, 781, 782, 789, 791]","[4, 31, 59, 84, 87, 89, 114, 115, 117, 124, 132, 135, 142, 144, 147, 152, 178, 180, 218, 229, 232, 239, 264, 268, 269, 281, 297, 299, 318, 320, 327, 331, 338, 348, 352, 367, 382, 387, 394, 403, 405, 408, 410, 455, 463, 465, 466, 468, 470, 472, 473, 483, 484, 490, 514, 535, 555, 558, 560, 585, 586, 588, 595, 603, 606, 613, 615, 618, 623, 649, 651, 686, 693, 696, 703, 724, 727, 728, 740, 756, 758, 776, 778, 785, 788, 794, 803, 807, 832, 837, 844, 852, 854, 858, 860, 861, 902, 910, 912, 913, 915, 917, 919, 920, 931, 934, 935]",[],7/6 successful match,True,[333],True,332,False,,1.0,True,Cal Fresno Oil ( 76 ),
F Fresno ( 93706 ) Cal Fresno Oil ( 76 ) SB ),3 559-441-1001 CA 99 Exit 130 ( Jensen Ave E ),24 <U+25A1> <U+2610> <U+25A1> <U+25A1>,Fresno,93706,Cal Fresno Oil ( 76 ) SB ),559-441-1001,2014,Fresno,CA,,( Jensen Ave E ),CA 99 Exit 130 ,Exit,130,False,,False,CA 99,,,,,"[606, 135]","[135, 288, 606, 747]","[106, 135, 278, 288, 577, 606, 625, 737, 747]","[135, 167, 288, 606, 639, 747]","[103, 104, 105, 106, 107, 108, 109, 110, 111, 112, 113, 114, 115, 116, 117, 118, 119, 120, 121, 122, 123, 124, 125, 126, 127, 128, 129, 130, 131, 132, 133, 134, 135, 136, 137, 138, 139, 140, 141, 142, 143, 144, 145, 146, 147, 148, 149, 150, 151, 152, 153, 154, 155, 156, 157, 158, 159, 160, 161, 162, 163, 164, 165, 166, 167, 168, 169, 170, 171, 172, 173, 174, 175, 176, 177, 178, 179, 180, 181, 182, 183, 184, 185, 186, 187, 188, 189, 190, 191, 192, 193, 194, 195, 196, 197, 198, 199, 200, 201, 202, 203, 204, 205, 206, 207, 208, 209, 210, 211, 212, 213, 214, 215, 216, 217, 218, 219, 220, 221, 222, 223, 224, 225, 226, 227, 228, 229, 230, 231, 232, 233, 234, 235, 236, 237, 238, 239, 240, 241, 242, 243, 244, 245, 246, 247, 248, 249, 250, 251, 252, 253, 254, 255, 256, 257, 258, 259, 260, 261, 262, 263, 264, 265, 266, 267, 268, 269, 270, 271, 272, 273, 274, 275, 276, 277, 278, 279, 280, 281, 282, 283, 284, 285, 286, 287, 288, 289, 290, 291, 292, 293, 294, 295, 296, 297, 298, 299, 300, 301, 302, 303, 304, 305, 306, 307, 308, 309, 310, 311, 312, 313, 314, 315, 316, 317, 318, 319, 320, 321, 322, 323, 324, 325, 326, 327, 328, 329, 330, 331, 332, 333, 334, 335, 336, 337, 574, 575, 576, 577, 578, 579, 580, 581, 582, 583, 584, 585, 586, 587, 588, 589, 590, 591, 592, 593, 594, 595, 596, 597, 598, 599, 600, 601, 602, 603, 604, 605, 606, 607, 608, 609, 610, 611, 612, 613, 614, 615, 616, 617, 618, 619, 620, 621, 622, 623, 624, 625, 626, 627, 628, 629, 630, 631, 632, 633, 634, 635, 636, 637, 638, 639, 640, 641, 642, 643, 644, 645, 646, 647, 648, 649, 650, 651, 652, 653, 654, 655, 656, 657, 658, 659, 660, 661, 662, 663, 664, 665, 666, 667, 668, 669, 670, 671, 672, 673, 674, 675, 676, 677, 678, 679, 680, 681, 682, 683, 684, 685, 686, 687, 688, 689, 690, 691, 692, 693, 694, 695, 696, 697, 698, 699, 700, 701, 702, 703, 704, 705, 706, 707, 708, 709, 710, 711, 712, 713, 714, 715, 716, 717, 718, 719, 720, 721, 722, 723, 724, 725, 726, 727, 728, 729, 730, 731, 732, 733, 734, 735, 736, 737, 738, 739, 740, 741, 742, 743, 744, 745, 746, 747, 748, 749, 750, 751, 752, 753, 754, 755, 756, 757, 758, 759, 760, 761, 762, 763, 764, 765, 766, 767, 768, 769, 770, 771, 772, 773, 774, 775, 776, 777, 778, 779, 780, 781, 782, 783, 784, 785, 786, 787, 788, 789, 790, 791, 792, 793]","[10, 75, 103, 104, 106, 117, 118, 120, 127, 128, 129, 131, 133, 135, 136, 137, 139, 146, 147, 148, 149, 151, 158, 160, 162, 166, 173, 178, 179, 185, 190, 192, 198, 201, 203, 204, 206, 207, 212, 213, 214, 219, 223, 224, 225, 227, 230, 235, 237, 246, 247, 256, 259, 262, 263, 266, 268, 269, 271, 272, 278, 279, 284, 285, 288, 290, 292, 304, 306, 312, 316, 319, 320, 323, 324, 329, 332, 335, 495, 549, 574, 575, 577, 588, 589, 591, 598, 599, 600, 602, 604, 606, 607, 608, 610, 617, 618, 619, 620, 622, 625, 630, 632, 634, 638, 644, 649, 650, 656, 661, 663, 669, 673, 674, 676, 677, 682, 683, 684, 687, 688, 689, 691, 694, 699, 701, 710, 718, 722, 723, 727, 728, 730, 731, 737, 738, 743, 744, 747, 749, 751, 762, 764, 770, 774, 777, 778, 781, 782, 789, 791]",[],"[4, 31, 59, 84, 87, 89, 114, 115, 117, 124, 132, 135, 142, 144, 147, 152, 178, 180, 218, 229, 232, 239, 264, 268, 269, 281, 297, 299, 318, 320, 327, 331, 338, 348, 352, 367, 382, 387, 394, 403, 405, 408, 410, 455, 463, 465, 466, 468, 470, 472, 473, 483, 484, 490, 514, 535, 555, 558, 560, 585, 586, 588, 595, 603, 606, 613, 615, 618, 623, 649, 651, 686, 693, 696, 703, 724, 727, 728, 740, 756, 758, 776, 778, 785, 788, 794, 803, 807, 832, 837, 844, 852, 854, 858, 860, 861, 902, 910, 912, 913, 915, 917, 919, 920, 931, 934, 935]","[4, 10, 31, 59, 75, 84, 87, 89, 103, 104, 105, 106, 107, 108, 109, 110, 111, 112, 113, 114, 115, 116, 117, 118, 119, 120, 121, 122, 123, 124, 125, 126, 127, 128, 129, 130, 131, 132, 133, 134, 135, 136, 137, 138, 139, 140, 141, 142, 143, 144, 145, 146, 147, 148, 149, 150, 151, 152, 153, 154, 155, 156, 157, 158, 159, 160, 161, 162, 163, 164, 165, 166, 167, 168, 169, 170, 171, 172, 173, 174, 175, 176, 177, 178, 179, 180, 181, 182, 183, 184, 185, 186, 187, 188, 189, 190, 191, 192, 193, 194, 195, 196, 197, 198, 199, 200, 201, 202, 203, 204, 205, 206, 207, 208, 209, 210, 211, 212, 213, 214, 215, 216, 217, 218, 219, 220, 221, 222, 223, 224, 225, 226, 227, 228, 229, 230, 231, 232, 233, 234, 235, 236, 237, 238, 239, 240, 241, 242, 243, 244, 245, 246, 247, 248, 249, 250, 251, 252, 253, 254, 255, 256, 257, 258, 259, 260, 261, 262, 263, 264, 265, 266, 267, 268, 269, 270, 271, 272, 273, 274, 275, 276, 277, 278, 279, 280, 281, 282, 283, 284, 285, 286, 287, 288, 289, 290, 291, 292, 293, 294, 295, 296, 297, 298, 299, 300, 301, 302, 303, 304, 305, 306, 307, 308, 309, 310, 311, 312, 313, 314, 315, 316, 317, 318, 319, 320, 321, 322, 323, 324, 325, 326, 327, 328, 329, 330, 331, 332, 333, 334, 335, 336, 337, 338, 348, 352, 367, 382, 387, 394, 403, 405, 408, 410, 455, 463, 465, 466, 468, 470, 472, 473, 483, 484, 490, 495, 514, 535, 549, 555, 558, 560, 574, 575, 576, 577, 578, 579, 580, 581, 582, 583, 584, 585, 586, 587, 588, 589, 590, 591, 592, 593, 594, 595, 596, 597, 598, 599, 600, 601, 602, 603, 604, 605, 606, 607, 608, 609, 610, 611, 612, 613, 614, 615, 616, 617, 618, 619, 620, 621, 622, 623, 624, 625, 626, 627, 628, 629, 630, 631, 632, 633, 634, 635, 636, 637, 638, 639, 640, 641, 642, 643, 644, 645, 646, 647, 648, 649, 650, 651, 652, 653, 654, 655, 656, 657, 658, 659, 660, 661, 662, 663, 664, 665, 666, 667, 668, 669, 670, 671, 672, 673, 674, 675, 676, 677, 678, 679, 680, 681, 682, 683, 684, 685, 686, 687, 688, 689, 690, 691, 692, 693, 694, 695, 696, 697, 698, 699, 700, 701, 702, 703, 704, 705, 706, 707, 708, 709, 710, 711, 712, 713, 714, 715, 716, 717, 718, 719, 720, 721, 722, 723, 724, 725, 726, 727, 728, 729, 730, 731, 732, 733, 734, 735, 736, 737, 738, 739, 740, 741, 742, 743, 744, 745, 746, 747, 748, 749, 750, 751, 752, 753, 754, 755, 756, 757, 758, 759, 760, 761, 762, 763, 764, 765, 766, 767, 768, 769, 770, 771, 772, 773, 774, 775, 776, 777, 778, 779, 780, 781, 782, 783, 784, 785, 786, 787, 788, 789, 790, 791, 792, 793, 794, 803, 807, 832, 837, 844, 852, 854, 858, 860, 861, 902, 910, 912, 913, 915, 917, 919, 920, 931, 934, 935]",True,"[135, 288, 606, 747]","[103, 104, 105, 106, 107, 108, 109, 110, 111, 112, 113, 114, 115, 116, 117, 118, 119, 120, 121, 122, 123, 124, 125, 126, 127, 128, 129, 130, 131, 132, 133, 134, 135, 136, 137, 138, 139, 140, 141, 142, 143, 144, 145, 146, 147, 148, 149, 150, 151, 152, 153, 154, 155, 156, 157, 158, 159, 160, 161, 162, 163, 164, 165, 166, 167, 168, 169, 170, 171, 172, 173, 174, 175, 176, 177, 178, 179, 180, 181, 182, 183, 184, 185, 186, 187, 188, 189, 190, 191, 192, 193, 194, 195, 196, 197, 198, 199, 200, 201, 202, 203, 204, 205, 206, 207, 208, 209, 210, 211, 212, 213, 214, 215, 216, 217, 218, 219, 220, 221, 222, 223, 224, 225, 226, 227, 228, 229, 230, 231, 232, 233, 234, 235, 236, 237, 238, 239, 240, 241, 242, 243, 244, 245, 246, 247, 248, 249, 250, 251, 252, 253, 254, 255, 256, 257, 258, 259, 260, 261, 262, 263, 264, 265, 266, 267, 268, 269, 270, 271, 272, 273, 274, 275, 276, 277, 278, 279, 280, 281, 282, 283, 284, 285, 286, 287, 288, 289, 290, 291, 292, 293, 294, 295, 296, 297, 298, 299, 300, 301, 302, 303, 304, 305, 306, 307, 308, 309, 310, 311, 312, 313, 314, 315, 316, 317, 318, 319, 320, 321, 322, 323, 324, 325, 326, 327, 328, 329, 330, 331, 332, 333, 334, 335, 336, 337, 574, 575, 576, 577, 578, 579, 580, 581, 582, 583, 584, 585, 586, 587, 588, 589, 590, 591, 592, 593, 594, 595, 596, 597, 598, 599, 600, 601, 602, 603, 604, 605, 606, 607, 608, 609, 610, 611, 612, 613, 614, 615, 616, 617, 618, 619, 620, 621, 622, 623, 624, 625, 626, 627, 628, 629, 630, 631, 632, 633, 634, 635, 636, 637, 638, 639, 640, 641, 642, 643, 644, 645, 646, 647, 648, 649, 650, 651, 652, 653, 654, 655, 656, 657, 658, 659, 660, 661, 662, 663, 664, 665, 666, 667, 668, 669, 670, 671, 672, 673, 674, 675, 676, 677, 678, 679, 680, 681, 682, 683, 684, 685, 686, 687, 688, 689, 690, 691, 692, 693, 694, 695, 696, 697, 698, 699, 700, 701, 702, 703, 704, 705, 706, 707, 708, 709, 710, 711, 712, 713, 714, 715, 716, 717, 718, 719, 720, 721, 722, 723, 724, 725, 726, 727, 728, 729, 730, 731, 732, 733, 734, 735, 736, 737, 738, 739, 740, 741, 742, 743, 744, 745, 746, 747, 748, 749, 750, 751, 752, 753, 754, 755, 756, 757, 758, 759, 760, 761, 762, 763, 764, 765, 766, 767, 768, 769, 770, 771, 772, 773, 774, 775, 776, 777, 778, 779, 780, 781, 782, 783, 784, 785, 786, 787, 788, 789, 790, 791, 792, 793]","[106, 135, 278, 288, 577, 606, 625, 737, 747]","[135, 167, 288, 606, 639, 747]","[10, 75, 103, 104, 106, 117, 118, 120, 127, 128, 129, 131, 133, 135, 136, 137, 139, 146, 147, 148, 149, 151, 158, 160, 162, 166, 173, 178, 179, 185, 190, 192, 198, 201, 203, 204, 206, 207, 212, 213, 214, 219, 223, 224, 225, 227, 230, 235, 237, 246, 247, 256, 259, 262, 263, 266, 268, 269, 271, 272, 278, 279, 284, 285, 288, 290, 292, 304, 306, 312, 316, 319, 320, 323, 324, 329, 332, 335, 495, 549, 574, 575, 577, 588, 589, 591, 598, 599, 600, 602, 604, 606, 607, 608, 610, 617, 618, 619, 620, 622, 625, 630, 632, 634, 638, 644, 649, 650, 656, 661, 663, 669, 673, 674, 676, 677, 682, 683, 684, 687, 688, 689, 691, 694, 699, 701, 710, 718, 722, 723, 727, 728, 730, 731, 737, 738, 743, 744, 747, 749, 751, 762, 764, 770, 774, 777, 778, 781, 782, 789, 791]","[4, 31, 59, 84, 87, 89, 114, 115, 117, 124, 132, 135, 142, 144, 147, 152, 178, 180, 218, 229, 232, 239, 264, 268, 269, 281, 297, 299, 318, 320, 327, 331, 338, 348, 352, 367, 382, 387, 394, 403, 405, 408, 410, 455, 463, 465, 466, 468, 470, 472, 473, 483, 484, 490, 514, 535, 555, 558, 560, 585, 586, 588, 595, 603, 606, 613, 615, 618, 623, 649, 651, 686, 693, 696, 703, 724, 727, 728, 740, 756, 758, 776, 778, 785, 788, 794, 803, 807, 832, 837, 844, 852, 854, 858, 860, 861, 902, 910, 912, 913, 915, 917, 919, 920, 931, 934, 935]",[],7/6 successful match,True,[333],True,332,False,,1.0,True,Cal Fresno Oil ( 76 ),
F Fresno ( 93706 ) Cal Fresno Oil 127 ( 76 ( Chestnut ) NB / Central SB ),559-441-1001 CA 99 Exit 130 (,") 22 2013 24 "" <U+2610> <U+25A1> <U+25A1>",Fresno,93706,Cal Fresno Oil 127 ( 76 ( Chestnut ) NB / Central SB ),559-441-1001,2015,Fresno,CA,,(,CA 99 Exit 130 ,Exit,130,False,,False,CA 99,,,,,"[606, 135]","[135, 288, 606, 747]","[106, 135, 278, 288, 577, 606, 625, 737, 747]","[135, 167, 288, 606, 639, 747]","[103, 104, 105, 106, 107, 108, 109, 110, 111, 112, 113, 114, 115, 116, 117, 118, 119, 120, 121, 122, 123, 124, 125, 126, 127, 128, 129, 130, 131, 132, 133, 134, 135, 136, 137, 138, 139, 140, 141, 142, 143, 144, 145, 146, 147, 148, 149, 150, 151, 152, 153, 154, 155, 156, 157, 158, 159, 160, 161, 162, 163, 164, 165, 166, 167, 168, 169, 170, 171, 172, 173, 174, 175, 176, 177, 178, 179, 180, 181, 182, 183, 184, 185, 186, 187, 188, 189, 190, 191, 192, 193, 194, 195, 196, 197, 198, 199, 200, 201, 202, 203, 204, 205, 206, 207, 208, 209, 210, 211, 212, 213, 214, 215, 216, 217, 218, 219, 220, 221, 222, 223, 224, 225, 226, 227, 228, 229, 230, 231, 232, 233, 234, 235, 236, 237, 238, 239, 240, 241, 242, 243, 244, 245, 246, 247, 248, 249, 250, 251, 252, 253, 254, 255, 256, 257, 258, 259, 260, 261, 262, 263, 264, 265, 266, 267, 268, 269, 270, 271, 272, 273, 274, 275, 276, 277, 278, 279, 280, 281, 282, 283, 284, 285, 286, 287, 288, 289, 290, 291, 292, 293, 294, 295, 296, 297, 298, 299, 300, 301, 302, 303, 304, 305, 306, 307, 308, 309, 310, 311, 312, 313, 314, 315, 316, 317, 318, 319, 320, 321, 322, 323, 324, 325, 326, 327, 328, 329, 330, 331, 332, 333, 334, 335, 336, 337, 574, 575, 576, 577, 578, 579, 580, 581, 582, 583, 584, 585, 586, 587, 588, 589, 590, 591, 592, 593, 594, 595, 596, 597, 598, 599, 600, 601, 602, 603, 604, 605, 606, 607, 608, 609, 610, 611, 612, 613, 614, 615, 616, 617, 618, 619, 620, 621, 622, 623, 624, 625, 626, 627, 628, 629, 630, 631, 632, 633, 634, 635, 636, 637, 638, 639, 640, 641, 642, 643, 644, 645, 646, 647, 648, 649, 650, 651, 652, 653, 654, 655, 656, 657, 658, 659, 660, 661, 662, 663, 664, 665, 666, 667, 668, 669, 670, 671, 672, 673, 674, 675, 676, 677, 678, 679, 680, 681, 682, 683, 684, 685, 686, 687, 688, 689, 690, 691, 692, 693, 694, 695, 696, 697, 698, 699, 700, 701, 702, 703, 704, 705, 706, 707, 708, 709, 710, 711, 712, 713, 714, 715, 716, 717, 718, 719, 720, 721, 722, 723, 724, 725, 726, 727, 728, 729, 730, 731, 732, 733, 734, 735, 736, 737, 738, 739, 740, 741, 742, 743, 744, 745, 746, 747, 748, 749, 750, 751, 752, 753, 754, 755, 756, 757, 758, 759, 760, 761, 762, 763, 764, 765, 766, 767, 768, 769, 770, 771, 772, 773, 774, 775, 776, 777, 778, 779, 780, 781, 782, 783, 784, 785, 786, 787, 788, 789, 790, 791, 792, 793]","[10, 75, 103, 104, 106, 117, 118, 120, 127, 128, 129, 131, 133, 135, 136, 137, 139, 146, 147, 148, 149, 151, 158, 160, 162, 166, 173, 178, 179, 185, 190, 192, 198, 201, 203, 204, 206, 207, 212, 213, 214, 219, 223, 224, 225, 227, 230, 235, 237, 246, 247, 256, 259, 262, 263, 266, 268, 269, 271, 272, 278, 279, 284, 285, 288, 290, 292, 304, 306, 312, 316, 319, 320, 323, 324, 329, 332, 335, 495, 549, 574, 575, 577, 588, 589, 591, 598, 599, 600, 602, 604, 606, 607, 608, 610, 617, 618, 619, 620, 622, 625, 630, 632, 634, 638, 644, 649, 650, 656, 661, 663, 669, 673, 674, 676, 677, 682, 683, 684, 687, 688, 689, 691, 694, 699, 701, 710, 718, 722, 723, 727, 728, 730, 731, 737, 738, 743, 744, 747, 749, 751, 762, 764, 770, 774, 777, 778, 781, 782, 789, 791]",[],"[4, 31, 59, 84, 87, 89, 114, 115, 117, 124, 132, 135, 142, 144, 147, 152, 154, 178, 180, 218, 229, 232, 239, 264, 268, 269, 281, 297, 299, 318, 320, 327, 331, 338, 348, 352, 367, 382, 387, 394, 403, 405, 408, 410, 455, 463, 465, 466, 468, 470, 472, 473, 483, 484, 490, 514, 535, 555, 558, 560, 585, 586, 588, 595, 603, 606, 613, 615, 618, 623, 626, 649, 651, 686, 693, 696, 703, 724, 727, 728, 740, 756, 758, 776, 778, 785, 788, 794, 803, 807, 832, 837, 844, 852, 854, 858, 860, 861, 902, 910, 912, 913, 915, 917, 919, 920, 931, 934, 935]","[4, 10, 31, 59, 75, 84, 87, 89, 103, 104, 105, 106, 107, 108, 109, 110, 111, 112, 113, 114, 115, 116, 117, 118, 119, 120, 121, 122, 123, 124, 125, 126, 127, 128, 129, 130, 131, 132, 133, 134, 135, 136, 137, 138, 139, 140, 141, 142, 143, 144, 145, 146, 147, 148, 149, 150, 151, 152, 153, 154, 155, 156, 157, 158, 159, 160, 161, 162, 163, 164, 165, 166, 167, 168, 169, 170, 171, 172, 173, 174, 175, 176, 177, 178, 179, 180, 181, 182, 183, 184, 185, 186, 187, 188, 189, 190, 191, 192, 193, 194, 195, 196, 197, 198, 199, 200, 201, 202, 203, 204, 205, 206, 207, 208, 209, 210, 211, 212, 213, 214, 215, 216, 217, 218, 219, 220, 221, 222, 223, 224, 225, 226, 227, 228, 229, 230, 231, 232, 233, 234, 235, 236, 237, 238, 239, 240, 241, 242, 243, 244, 245, 246, 247, 248, 249, 250, 251, 252, 253, 254, 255, 256, 257, 258, 259, 260, 261, 262, 263, 264, 265, 266, 267, 268, 269, 270, 271, 272, 273, 274, 275, 276, 277, 278, 279, 280, 281, 282, 283, 284, 285, 286, 287, 288, 289, 290, 291, 292, 293, 294, 295, 296, 297, 298, 299, 300, 301, 302, 303, 304, 305, 306, 307, 308, 309, 310, 311, 312, 313, 314, 315, 316, 317, 318, 319, 320, 321, 322, 323, 324, 325, 326, 327, 328, 329, 330, 331, 332, 333, 334, 335, 336, 337, 338, 348, 352, 367, 382, 387, 394, 403, 405, 408, 410, 455, 463, 465, 466, 468, 470, 472, 473, 483, 484, 490, 495, 514, 535, 549, 555, 558, 560, 574, 575, 576, 577, 578, 579, 580, 581, 582, 583, 584, 585, 586, 587, 588, 589, 590, 591, 592, 593, 594, 595, 596, 597, 598, 599, 600, 601, 602, 603, 604, 605, 606, 607, 608, 609, 610, 611, 612, 613, 614, 615, 616, 617, 618, 619, 620, 621, 622, 623, 624, 625, 626, 627, 628, 629, 630, 631, 632, 633, 634, 635, 636, 637, 638, 639, 640, 641, 642, 643, 644, 645, 646, 647, 648, 649, 650, 651, 652, 653, 654, 655, 656, 657, 658, 659, 660, 661, 662, 663, 664, 665, 666, 667, 668, 669, 670, 671, 672, 673, 674, 675, 676, 677, 678, 679, 680, 681, 682, 683, 684, 685, 686, 687, 688, 689, 690, 691, 692, 693, 694, 695, 696, 697, 698, 699, 700, 701, 702, 703, 704, 705, 706, 707, 708, 709, 710, 711, 712, 713, 714, 715, 716, 717, 718, 719, 720, 721, 722, 723, 724, 725, 726, 727, 728, 729, 730, 731, 732, 733, 734, 735, 736, 737, 738, 739, 740, 741, 742, 743, 744, 745, 746, 747, 748, 749, 750, 751, 752, 753, 754, 755, 756, 757, 758, 759, 760, 761, 762, 763, 764, 765, 766, 767, 768, 769, 770, 771, 772, 773, 774, 775, 776, 777, 778, 779, 780, 781, 782, 783, 784, 785, 786, 787, 788, 789, 790, 791, 792, 793, 794, 803, 807, 832, 837, 844, 852, 854, 858, 860, 861, 902, 910, 912, 913, 915, 917, 919, 920, 931, 934, 935]",True,"[135, 288, 606, 747]","[103, 104, 105, 106, 107, 108, 109, 110, 111, 112, 113, 114, 115, 116, 117, 118, 119, 120, 121, 122, 123, 124, 125, 126, 127, 128, 129, 130, 131, 132, 133, 134, 135, 136, 137, 138, 139, 140, 141, 142, 143, 144, 145, 146, 147, 148, 149, 150, 151, 152, 153, 154, 155, 156, 157, 158, 159, 160, 161, 162, 163, 164, 165, 166, 167, 168, 169, 170, 171, 172, 173, 174, 175, 176, 177, 178, 179, 180, 181, 182, 183, 184, 185, 186, 187, 188, 189, 190, 191, 192, 193, 194, 195, 196, 197, 198, 199, 200, 201, 202, 203, 204, 205, 206, 207, 208, 209, 210, 211, 212, 213, 214, 215, 216, 217, 218, 219, 220, 221, 222, 223, 224, 225, 226, 227, 228, 229, 230, 231, 232, 233, 234, 235, 236, 237, 238, 239, 240, 241, 242, 243, 244, 245, 246, 247, 248, 249, 250, 251, 252, 253, 254, 255, 256, 257, 258, 259, 260, 261, 262, 263, 264, 265, 266, 267, 268, 269, 270, 271, 272, 273, 274, 275, 276, 277, 278, 279, 280, 281, 282, 283, 284, 285, 286, 287, 288, 289, 290, 291, 292, 293, 294, 295, 296, 297, 298, 299, 300, 301, 302, 303, 304, 305, 306, 307, 308, 309, 310, 311, 312, 313, 314, 315, 316, 317, 318, 319, 320, 321, 322, 323, 324, 325, 326, 327, 328, 329, 330, 331, 332, 333, 334, 335, 336, 337, 574, 575, 576, 577, 578, 579, 580, 581, 582, 583, 584, 585, 586, 587, 588, 589, 590, 591, 592, 593, 594, 595, 596, 597, 598, 599, 600, 601, 602, 603, 604, 605, 606, 607, 608, 609, 610, 611, 612, 613, 614, 615, 616, 617, 618, 619, 620, 621, 622, 623, 624, 625, 626, 627, 628, 629, 630, 631, 632, 633, 634, 635, 636, 637, 638, 639, 640, 641, 642, 643, 644, 645, 646, 647, 648, 649, 650, 651, 652, 653, 654, 655, 656, 657, 658, 659, 660, 661, 662, 663, 664, 665, 666, 667, 668, 669, 670, 671, 672, 673, 674, 675, 676, 677, 678, 679, 680, 681, 682, 683, 684, 685, 686, 687, 688, 689, 690, 691, 692, 693, 694, 695, 696, 697, 698, 699, 700, 701, 702, 703, 704, 705, 706, 707, 708, 709, 710, 711, 712, 713, 714, 715, 716, 717, 718, 719, 720, 721, 722, 723, 724, 725, 726, 727, 728, 729, 730, 731, 732, 733, 734, 735, 736, 737, 738, 739, 740, 741, 742, 743, 744, 745, 746, 747, 748, 749, 750, 751, 752, 753, 754, 755, 756, 757, 758, 759, 760, 761, 762, 763, 764, 765, 766, 767, 768, 769, 770, 771, 772, 773, 774, 775, 776, 777, 778, 779, 780, 781, 782, 783, 784, 785, 786, 787, 788, 789, 790, 791, 792, 793]","[106, 135, 278, 288, 577, 606, 625, 737, 747]","[135, 167, 288, 606, 639, 747]","[10, 75, 103, 104, 106, 117, 118, 120, 127, 128, 129, 131, 133, 135, 136, 137, 139, 146, 147, 148, 149, 151, 158, 160, 162, 166, 173, 178, 179, 185, 190, 192, 198, 201, 203, 204, 206, 207, 212, 213, 214, 219, 223, 224, 225, 227, 230, 235, 237, 246, 247, 256, 259, 262, 263, 266, 268, 269, 271, 272, 278, 279, 284, 285, 288, 290, 292, 304, 306, 312, 316, 319, 320, 323, 324, 329, 332, 335, 495, 549, 574, 575, 577, 588, 589, 591, 598, 599, 600, 602, 604, 606, 607, 608, 610, 617, 618, 619, 620, 622, 625, 630, 632, 634, 638, 644, 649, 650, 656, 661, 663, 669, 673, 674, 676, 677, 682, 683, 684, 687, 688, 689, 691, 694, 699, 701, 710, 718, 722, 723, 727, 728, 730, 731, 737, 738, 743, 744, 747, 749, 751, 762, 764, 770, 774, 777, 778, 781, 782, 789, 791]","[4, 31, 59, 84, 87, 89, 114, 115, 117, 124, 132, 135, 142, 144, 147, 152, 154, 178, 180, 218, 229, 232, 239, 264, 268, 269, 281, 297, 299, 318, 320, 327, 331, 338, 348, 352, 367, 382, 387, 394, 403, 405, 408, 410, 455, 463, 465, 466, 468, 470, 472, 473, 483, 484, 490, 514, 535, 555, 558, 560, 585, 586, 588, 595, 603, 606, 613, 615, 618, 623, 626, 649, 651, 686, 693, 696, 703, 724, 727, 728, 740, 756, 758, 776, 778, 785, 788, 794, 803, 807, 832, 837, 844, 852, 854, 858, 860, 861, 902, 910, 912, 913, 915, 917, 919, 920, 931, 934, 935]",[],7/6 successful match,True,[333],True,332,False,,0.9235714285714286,True,Cal Fresno Oil ( 76 ) SB ),
F Fresno ( 93706 ) Cal Fresno Oil ( 76 ( Chestnut ) NB / Central SB ),559-441-1001 CA 99 Exit 130 ( Jensen E,") 24 "" <U+25A1> <U+2610> <U+2610> <U+25A1>",Fresno,93706,Cal Fresno Oil ( 76 ( Chestnut ) NB / Central SB ),559-441-1001,2016,Fresno,CA,,( Jensen E,CA 99 Exit 130 ,Exit,130,False,,False,CA 99,,,,,"[606, 135]","[135, 288, 606, 747]","[106, 135, 278, 288, 577, 606, 625, 737, 747]","[135, 167, 288, 606, 639, 747]","[103, 104, 105, 106, 107, 108, 109, 110, 111, 112, 113, 114, 115, 116, 117, 118, 119, 120, 121, 122, 123, 124, 125, 126, 127, 128, 129, 130, 131, 132, 133, 134, 135, 136, 137, 138, 139, 140, 141, 142, 143, 144, 145, 146, 147, 148, 149, 150, 151, 152, 153, 154, 155, 156, 157, 158, 159, 160, 161, 162, 163, 164, 165, 166, 167, 168, 169, 170, 171, 172, 173, 174, 175, 176, 177, 178, 179, 180, 181, 182, 183, 184, 185, 186, 187, 188, 189, 190, 191, 192, 193, 194, 195, 196, 197, 198, 199, 200, 201, 202, 203, 204, 205, 206, 207, 208, 209, 210, 211, 212, 213, 214, 215, 216, 217, 218, 219, 220, 221, 222, 223, 224, 225, 226, 227, 228, 229, 230, 231, 232, 233, 234, 235, 236, 237, 238, 239, 240, 241, 242, 243, 244, 245, 246, 247, 248, 249, 250, 251, 252, 253, 254, 255, 256, 257, 258, 259, 260, 261, 262, 263, 264, 265, 266, 267, 268, 269, 270, 271, 272, 273, 274, 275, 276, 277, 278, 279, 280, 281, 282, 283, 284, 285, 286, 287, 288, 289, 290, 291, 292, 293, 294, 295, 296, 297, 298, 299, 300, 301, 302, 303, 304, 305, 306, 307, 308, 309, 310, 311, 312, 313, 314, 315, 316, 317, 318, 319, 320, 321, 322, 323, 324, 325, 326, 327, 328, 329, 330, 331, 332, 333, 334, 335, 336, 337, 574, 575, 576, 577, 578, 579, 580, 581, 582, 583, 584, 585, 586, 587, 588, 589, 590, 591, 592, 593, 594, 595, 596, 597, 598, 599, 600, 601, 602, 603, 604, 605, 606, 607, 608, 609, 610, 611, 612, 613, 614, 615, 616, 617, 618, 619, 620, 621, 622, 623, 624, 625, 626, 627, 628, 629, 630, 631, 632, 633, 634, 635, 636, 637, 638, 639, 640, 641, 642, 643, 644, 645, 646, 647, 648, 649, 650, 651, 652, 653, 654, 655, 656, 657, 658, 659, 660, 661, 662, 663, 664, 665, 666, 667, 668, 669, 670, 671, 672, 673, 674, 675, 676, 677, 678, 679, 680, 681, 682, 683, 684, 685, 686, 687, 688, 689, 690, 691, 692, 693, 694, 695, 696, 697, 698, 699, 700, 701, 702, 703, 704, 705, 706, 707, 708, 709, 710, 711, 712, 713, 714, 715, 716, 717, 718, 719, 720, 721, 722, 723, 724, 725, 726, 727, 728, 729, 730, 731, 732, 733, 734, 735, 736, 737, 738, 739, 740, 741, 742, 743, 744, 745, 746, 747, 748, 749, 750, 751, 752, 753, 754, 755, 756, 757, 758, 759, 760, 761, 762, 763, 764, 765, 766, 767, 768, 769, 770, 771, 772, 773, 774, 775, 776, 777, 778, 779, 780, 781, 782, 783, 784, 785, 786, 787, 788, 789, 790, 791, 792, 793]","[10, 75, 103, 104, 106, 117, 118, 120, 127, 128, 129, 131, 133, 135, 136, 137, 139, 146, 147, 148, 149, 151, 158, 160, 162, 166, 173, 178, 179, 185, 190, 192, 198, 201, 203, 204, 206, 207, 212, 213, 214, 219, 223, 224, 225, 227, 230, 235, 237, 246, 247, 256, 259, 262, 263, 266, 268, 269, 271, 272, 278, 279, 284, 285, 288, 290, 292, 304, 306, 312, 316, 319, 320, 323, 324, 329, 332, 335, 495, 549, 574, 575, 577, 588, 589, 591, 598, 599, 600, 602, 604, 606, 607, 608, 610, 617, 618, 619, 620, 622, 625, 630, 632, 634, 638, 644, 649, 650, 656, 661, 663, 669, 673, 674, 676, 677, 682, 683, 684, 687, 688, 689, 691, 694, 699, 701, 710, 718, 722, 723, 727, 728, 730, 731, 737, 738, 743, 744, 747, 749, 751, 762, 764, 770, 774, 777, 778, 781, 782, 789, 791]",[],"[4, 31, 59, 84, 87, 89, 114, 115, 117, 124, 132, 135, 142, 144, 147, 152, 154, 178, 180, 218, 229, 232, 239, 264, 268, 269, 281, 297, 299, 318, 320, 327, 331, 338, 348, 352, 367, 382, 387, 394, 403, 405, 408, 410, 455, 463, 465, 466, 468, 470, 472, 473, 483, 484, 490, 514, 535, 555, 558, 560, 585, 586, 588, 595, 603, 606, 613, 615, 618, 623, 626, 649, 651, 686, 693, 696, 703, 724, 727, 728, 740, 756, 758, 776, 778, 785, 788, 794, 803, 807, 832, 837, 844, 852, 854, 858, 860, 861, 902, 910, 912, 913, 915, 917, 919, 920, 931, 934, 935]","[4, 10, 31, 59, 75, 84, 87, 89, 103, 104, 105, 106, 107, 108, 109, 110, 111, 112, 113, 114, 115, 116, 117, 118, 119, 120, 121, 122, 123, 124, 125, 126, 127, 128, 129, 130, 131, 132, 133, 134, 135, 136, 137, 138, 139, 140, 141, 142, 143, 144, 145, 146, 147, 148, 149, 150, 151, 152, 153, 154, 155, 156, 157, 158, 159, 160, 161, 162, 163, 164, 165, 166, 167, 168, 169, 170, 171, 172, 173, 174, 175, 176, 177, 178, 179, 180, 181, 182, 183, 184, 185, 186, 187, 188, 189, 190, 191, 192, 193, 194, 195, 196, 197, 198, 199, 200, 201, 202, 203, 204, 205, 206, 207, 208, 209, 210, 211, 212, 213, 214, 215, 216, 217, 218, 219, 220, 221, 222, 223, 224, 225, 226, 227, 228, 229, 230, 231, 232, 233, 234, 235, 236, 237, 238, 239, 240, 241, 242, 243, 244, 245, 246, 247, 248, 249, 250, 251, 252, 253, 254, 255, 256, 257, 258, 259, 260, 261, 262, 263, 264, 265, 266, 267, 268, 269, 270, 271, 272, 273, 274, 275, 276, 277, 278, 279, 280, 281, 282, 283, 284, 285, 286, 287, 288, 289, 290, 291, 292, 293, 294, 295, 296, 297, 298, 299, 300, 301, 302, 303, 304, 305, 306, 307, 308, 309, 310, 311, 312, 313, 314, 315, 316, 317, 318, 319, 320, 321, 322, 323, 324, 325, 326, 327, 328, 329, 330, 331, 332, 333, 334, 335, 336, 337, 338, 348, 352, 367, 382, 387, 394, 403, 405, 408, 410, 455, 463, 465, 466, 468, 470, 472, 473, 483, 484, 490, 495, 514, 535, 549, 555, 558, 560, 574, 575, 576, 577, 578, 579, 580, 581, 582, 583, 584, 585, 586, 587, 588, 589, 590, 591, 592, 593, 594, 595, 596, 597, 598, 599, 600, 601, 602, 603, 604, 605, 606, 607, 608, 609, 610, 611, 612, 613, 614, 615, 616, 617, 618, 619, 620, 621, 622, 623, 624, 625, 626, 627, 628, 629, 630, 631, 632, 633, 634, 635, 636, 637, 638, 639, 640, 641, 642, 643, 644, 645, 646, 647, 648, 649, 650, 651, 652, 653, 654, 655, 656, 657, 658, 659, 660, 661, 662, 663, 664, 665, 666, 667, 668, 669, 670, 671, 672, 673, 674, 675, 676, 677, 678, 679, 680, 681, 682, 683, 684, 685, 686, 687, 688, 689, 690, 691, 692, 693, 694, 695, 696, 697, 698, 699, 700, 701, 702, 703, 704, 705, 706, 707, 708, 709, 710, 711, 712, 713, 714, 715, 716, 717, 718, 719, 720, 721, 722, 723, 724, 725, 726, 727, 728, 729, 730, 731, 732, 733, 734, 735, 736, 737, 738, 739, 740, 741, 742, 743, 744, 745, 746, 747, 748, 749, 750, 751, 752, 753, 754, 755, 756, 757, 758, 759, 760, 761, 762, 763, 764, 765, 766, 767, 768, 769, 770, 771, 772, 773, 774, 775, 776, 777, 778, 779, 780, 781, 782, 783, 784, 785, 786, 787, 788, 789, 790, 791, 792, 793, 794, 803, 807, 832, 837, 844, 852, 854, 858, 860, 861, 902, 910, 912, 913, 915, 917, 919, 920, 931, 934, 935]",True,"[135, 288, 606, 747]","[103, 104, 105, 106, 107, 108, 109, 110, 111, 112, 113, 114, 115, 116, 117, 118, 119, 120, 121, 122, 123, 124, 125, 126, 127, 128, 129, 130, 131, 132, 133, 134, 135, 136, 137, 138, 139, 140, 141, 142, 143, 144, 145, 146, 147, 148, 149, 150, 151, 152, 153, 154, 155, 156, 157, 158, 159, 160, 161, 162, 163, 164, 165, 166, 167, 168, 169, 170, 171, 172, 173, 174, 175, 176, 177, 178, 179, 180, 181, 182, 183, 184, 185, 186, 187, 188, 189, 190, 191, 192, 193, 194, 195, 196, 197, 198, 199, 200, 201, 202, 203, 204, 205, 206, 207, 208, 209, 210, 211, 212, 213, 214, 215, 216, 217, 218, 219, 220, 221, 222, 223, 224, 225, 226, 227, 228, 229, 230, 231, 232, 233, 234, 235, 236, 237, 238, 239, 240, 241, 242, 243, 244, 245, 246, 247, 248, 249, 250, 251, 252, 253, 254, 255, 256, 257, 258, 259, 260, 261, 262, 263, 264, 265, 266, 267, 268, 269, 270, 271, 272, 273, 274, 275, 276, 277, 278, 279, 280, 281, 282, 283, 284, 285, 286, 287, 288, 289, 290, 291, 292, 293, 294, 295, 296, 297, 298, 299, 300, 301, 302, 303, 304, 305, 306, 307, 308, 309, 310, 311, 312, 313, 314, 315, 316, 317, 318, 319, 320, 321, 322, 323, 324, 325, 326, 327, 328, 329, 330, 331, 332, 333, 334, 335, 336, 337, 574, 575, 576, 577, 578, 579, 580, 581, 582, 583, 584, 585, 586, 587, 588, 589, 590, 591, 592, 593, 594, 595, 596, 597, 598, 599, 600, 601, 602, 603, 604, 605, 606, 607, 608, 609, 610, 611, 612, 613, 614, 615, 616, 617, 618, 619, 620, 621, 622, 623, 624, 625, 626, 627, 628, 629, 630, 631, 632, 633, 634, 635, 636, 637, 638, 639, 640, 641, 642, 643, 644, 645, 646, 647, 648, 649, 650, 651, 652, 653, 654, 655, 656, 657, 658, 659, 660, 661, 662, 663, 664, 665, 666, 667, 668, 669, 670, 671, 672, 673, 674, 675, 676, 677, 678, 679, 680, 681, 682, 683, 684, 685, 686, 687, 688, 689, 690, 691, 692, 693, 694, 695, 696, 697, 698, 699, 700, 701, 702, 703, 704, 705, 706, 707, 708, 709, 710, 711, 712, 713, 714, 715, 716, 717, 718, 719, 720, 721, 722, 723, 724, 725, 726, 727, 728, 729, 730, 731, 732, 733, 734, 735, 736, 737, 738, 739, 740, 741, 742, 743, 744, 745, 746, 747, 748, 749, 750, 751, 752, 753, 754, 755, 756, 757, 758, 759, 760, 761, 762, 763, 764, 765, 766, 767, 768, 769, 770, 771, 772, 773, 774, 775, 776, 777, 778, 779, 780, 781, 782, 783, 784, 785, 786, 787, 788, 789, 790, 791, 792, 793]","[106, 135, 278, 288, 577, 606, 625, 737, 747]","[135, 167, 288, 606, 639, 747]","[10, 75, 103, 104, 106, 117, 118, 120, 127, 128, 129, 131, 133, 135, 136, 137, 139, 146, 147, 148, 149, 151, 158, 160, 162, 166, 173, 178, 179, 185, 190, 192, 198, 201, 203, 204, 206, 207, 212, 213, 214, 219, 223, 224, 225, 227, 230, 235, 237, 246, 247, 256, 259, 262, 263, 266, 268, 269, 271, 272, 278, 279, 284, 285, 288, 290, 292, 304, 306, 312, 316, 319, 320, 323, 324, 329, 332, 335, 495, 549, 574, 575, 577, 588, 589, 591, 598, 599, 600, 602, 604, 606, 607, 608, 610, 617, 618, 619, 620, 622, 625, 630, 632, 634, 638, 644, 649, 650, 656, 661, 663, 669, 673, 674, 676, 677, 682, 683, 684, 687, 688, 689, 691, 694, 699, 701, 710, 718, 722, 723, 727, 728, 730, 731, 737, 738, 743, 744, 747, 749, 751, 762, 764, 770, 774, 777, 778, 781, 782, 789, 791]","[4, 31, 59, 84, 87, 89, 114, 115, 117, 124, 132, 135, 142, 144, 147, 152, 154, 178, 180, 218, 229, 232, 239, 264, 268, 269, 281, 297, 299, 318, 320, 327, 331, 338, 348, 352, 367, 382, 387, 394, 403, 405, 408, 410, 455, 463, 465, 466, 468, 470, 472, 473, 483, 484, 490, 514, 535, 555, 558, 560, 585, 586, 588, 595, 603, 606, 613, 615, 618, 623, 626, 649, 651, 686, 693, 696, 703, 724, 727, 728, 740, 756, 758, 776, 778, 785, 788, 794, 803, 807, 832, 837, 844, 852, 854, 858, 860, 861, 902, 910, 912, 913, 915, 917, 919, 920, 931, 934, 935]",[],7/6 successful match,True,[333],True,332,False,,1.0,True,Cal Fresno Oil 127 ( 76 ( Chestnut ) NB / Central SB ),
"Fresno , 93722 Seibert's Fuel Center ( Valero )",559-275-0670 CA 99 Exit 136 B ( Princeton Ave ),XL 000 <U+25A1>,Fresno,93722,Seibert's Fuel Center ( Valero ),559-275-0670,2006,Fresno,CA,Valero,( Princeton Ave ),CA 99 Exit 136 B ,Exit,136,False,,False,CA 99,,,,,[],[625],"[106, 135, 278, 288, 577, 606, 625, 737, 747]",[],"[103, 104, 105, 106, 107, 108, 109, 110, 111, 112, 113, 114, 115, 116, 117, 118, 119, 120, 121, 122, 123, 124, 125, 126, 127, 128, 129, 130, 131, 132, 133, 134, 135, 136, 137, 138, 139, 140, 141, 142, 143, 144, 145, 146, 147, 148, 149, 150, 151, 152, 153, 154, 155, 156, 157, 158, 159, 160, 161, 162, 163, 164, 165, 166, 167, 168, 169, 170, 171, 172, 173, 174, 175, 176, 177, 178, 179, 180, 181, 182, 183, 184, 185, 186, 187, 188, 189, 190, 191, 192, 193, 194, 195, 196, 197, 198, 199, 200, 201, 202, 203, 204, 205, 206, 207, 208, 209, 210, 211, 212, 213, 214, 215, 216, 217, 218, 219, 220, 221, 222, 223, 224, 225, 226, 227, 228, 229, 230, 231, 232, 233, 234, 235, 236, 237, 238, 239, 240, 241, 242, 243, 244, 245, 246, 247, 248, 249, 250, 251, 252, 253, 254, 255, 256, 257, 258, 259, 260, 261, 262, 263, 264, 265, 266, 267, 268, 269, 270, 271, 272, 273, 274, 275, 276, 277, 278, 279, 280, 281, 282, 283, 284, 285, 286, 287, 288, 289, 290, 291, 292, 293, 294, 295, 296, 297, 298, 299, 300, 301, 302, 303, 304, 305, 306, 307, 308, 309, 310, 311, 312, 313, 314, 315, 316, 317, 318, 319, 320, 321, 322, 323, 324, 325, 326, 327, 328, 329, 330, 331, 332, 333, 334, 335, 336, 337, 574, 575, 576, 577, 578, 579, 580, 581, 582, 583, 584, 585, 586, 587, 588, 589, 590, 591, 592, 593, 594, 595, 596, 597, 598, 599, 600, 601, 602, 603, 604, 605, 606, 607, 608, 609, 610, 611, 612, 613, 614, 615, 616, 617, 618, 619, 620, 621, 622, 623, 624, 625, 626, 627, 628, 629, 630, 631, 632, 633, 634, 635, 636, 637, 638, 639, 640, 641, 642, 643, 644, 645, 646, 647, 648, 649, 650, 651, 652, 653, 654, 655, 656, 657, 658, 659, 660, 661, 662, 663, 664, 665, 666, 667, 668, 669, 670, 671, 672, 673, 674, 675, 676, 677, 678, 679, 680, 681, 682, 683, 684, 685, 686, 687, 688, 689, 690, 691, 692, 693, 694, 695, 696, 697, 698, 699, 700, 701, 702, 703, 704, 705, 706, 707, 708, 709, 710, 711, 712, 713, 714, 715, 716, 717, 718, 719, 720, 721, 722, 723, 724, 725, 726, 727, 728, 729, 730, 731, 732, 733, 734, 735, 736, 737, 738, 739, 740, 741, 742, 743, 744, 745, 746, 747, 748, 749, 750, 751, 752, 753, 754, 755, 756, 757, 758, 759, 760, 761, 762, 763, 764, 765, 766, 767, 768, 769, 770, 771, 772, 773, 774, 775, 776, 777, 778, 779, 780, 781, 782, 783, 784, 785, 786, 787, 788, 789, 790, 791, 792, 793]","[10, 75, 103, 104, 106, 117, 118, 120, 127, 128, 129, 131, 133, 135, 136, 137, 139, 146, 147, 148, 149, 151, 158, 160, 162, 166, 173, 178, 179, 185, 190, 192, 198, 201, 203, 204, 206, 207, 212, 213, 214, 219, 223, 224, 225, 227, 230, 235, 237, 246, 247, 256, 259, 262, 263, 266, 268, 269, 271, 272, 278, 279, 284, 285, 288, 290, 292, 304, 306, 312, 316, 319, 320, 323, 324, 329, 332, 335, 495, 549, 574, 575, 577, 588, 589, 591, 598, 599, 600, 602, 604, 606, 607, 608, 610, 617, 618, 619, 620, 622, 625, 630, 632, 634, 638, 644, 649, 650, 656, 661, 663, 669, 673, 674, 676, 677, 682, 683, 684, 687, 688, 689, 691, 694, 699, 701, 710, 718, 722, 723, 727, 728, 730, 731, 737, 738, 743, 744, 747, 749, 751, 762, 764, 770, 774, 777, 778, 781, 782, 789, 791]","[2, 9, 10, 82, 111, 112, 113, 199, 279, 284, 285, 300, 488, 494, 495, 553, 581, 582, 583, 670, 738, 743, 744, 759, 818]","[2, 9, 10, 82, 111, 112, 113, 199, 279, 284, 285, 300, 488, 494, 495, 553, 581, 582, 583, 670, 738, 743, 744, 759, 818]","[2, 9, 10, 75, 82, 103, 104, 105, 106, 107, 108, 109, 110, 111, 112, 113, 114, 115, 116, 117, 118, 119, 120, 121, 122, 123, 124, 125, 126, 127, 128, 129, 130, 131, 132, 133, 134, 135, 136, 137, 138, 139, 140, 141, 142, 143, 144, 145, 146, 147, 148, 149, 150, 151, 152, 153, 154, 155, 156, 157, 158, 159, 160, 161, 162, 163, 164, 165, 166, 167, 168, 169, 170, 171, 172, 173, 174, 175, 176, 177, 178, 179, 180, 181, 182, 183, 184, 185, 186, 187, 188, 189, 190, 191, 192, 193, 194, 195, 196, 197, 198, 199, 200, 201, 202, 203, 204, 205, 206, 207, 208, 209, 210, 211, 212, 213, 214, 215, 216, 217, 218, 219, 220, 221, 222, 223, 224, 225, 226, 227, 228, 229, 230, 231, 232, 233, 234, 235, 236, 237, 238, 239, 240, 241, 242, 243, 244, 245, 246, 247, 248, 249, 250, 251, 252, 253, 254, 255, 256, 257, 258, 259, 260, 261, 262, 263, 264, 265, 266, 267, 268, 269, 270, 271, 272, 273, 274, 275, 276, 277, 278, 279, 280, 281, 282, 283, 284, 285, 286, 287, 288, 289, 290, 291, 292, 293, 294, 295, 296, 297, 298, 299, 300, 301, 302, 303, 304, 305, 306, 307, 308, 309, 310, 311, 312, 313, 314, 315, 316, 317, 318, 319, 320, 321, 322, 323, 324, 325, 326, 327, 328, 329, 330, 331, 332, 333, 334, 335, 336, 337, 488, 494, 495, 549, 553, 574, 575, 576, 577, 578, 579, 580, 581, 582, 583, 584, 585, 586, 587, 588, 589, 590, 591, 592, 593, 594, 595, 596, 597, 598, 599, 600, 601, 602, 603, 604, 605, 606, 607, 608, 609, 610, 611, 612, 613, 614, 615, 616, 617, 618, 619, 620, 621, 622, 623, 624, 625, 626, 627, 628, 629, 630, 631, 632, 633, 634, 635, 636, 637, 638, 639, 640, 641, 642, 643, 644, 645, 646, 647, 648, 649, 650, 651, 652, 653, 654, 655, 656, 657, 658, 659, 660, 661, 662, 663, 664, 665, 666, 667, 668, 669, 670, 671, 672, 673, 674, 675, 676, 677, 678, 679, 680, 681, 682, 683, 684, 685, 686, 687, 688, 689, 690, 691, 692, 693, 694, 695, 696, 697, 698, 699, 700, 701, 702, 703, 704, 705, 706, 707, 708, 709, 710, 711, 712, 713, 714, 715, 716, 717, 718, 719, 720, 721, 722, 723, 724, 725, 726, 727, 728, 729, 730, 731, 732, 733, 734, 735, 736, 737, 738, 739, 740, 741, 742, 743, 744, 745, 746, 747, 748, 749, 750, 751, 752, 753, 754, 755, 756, 757, 758, 759, 760, 761, 762, 763, 764, 765, 766, 767, 768, 769, 770, 771, 772, 773, 774, 775, 776, 777, 778, 779, 780, 781, 782, 783, 784, 785, 786, 787, 788, 789, 790, 791, 792, 793, 818]",False,[625],"[103, 104, 105, 106, 107, 108, 109, 110, 111, 112, 113, 114, 115, 116, 117, 118, 119, 120, 121, 122, 123, 124, 125, 126, 127, 128, 129, 130, 131, 132, 133, 134, 135, 136, 137, 138, 139, 140, 141, 142, 143, 144, 145, 146, 147, 148, 149, 150, 151, 152, 153, 154, 155, 156, 157, 158, 159, 160, 161, 162, 163, 164, 165, 166, 167, 168, 169, 170, 171, 172, 173, 174, 175, 176, 177, 178, 179, 180, 181, 182, 183, 184, 185, 186, 187, 188, 189, 190, 191, 192, 193, 194, 195, 196, 197, 198, 199, 200, 201, 202, 203, 204, 205, 206, 207, 208, 209, 210, 211, 212, 213, 214, 215, 216, 217, 218, 219, 220, 221, 222, 223, 224, 225, 226, 227, 228, 229, 230, 231, 232, 233, 234, 235, 236, 237, 238, 239, 240, 241, 242, 243, 244, 245, 246, 247, 248, 249, 250, 251, 252, 253, 254, 255, 256, 257, 258, 259, 260, 261, 262, 263, 264, 265, 266, 267, 268, 269, 270, 271, 272, 273, 274, 275, 276, 277, 278, 279, 280, 281, 282, 283, 284, 285, 286, 287, 288, 289, 290, 291, 292, 293, 294, 295, 296, 297, 298, 299, 300, 301, 302, 303, 304, 305, 306, 307, 308, 309, 310, 311, 312, 313, 314, 315, 316, 317, 318, 319, 320, 321, 322, 323, 324, 325, 326, 327, 328, 329, 330, 331, 332, 333, 334, 335, 336, 337, 574, 575, 576, 577, 578, 579, 580, 581, 582, 583, 584, 585, 586, 587, 588, 589, 590, 591, 592, 593, 594, 595, 596, 597, 598, 599, 600, 601, 602, 603, 604, 605, 606, 607, 608, 609, 610, 611, 612, 613, 614, 615, 616, 617, 618, 619, 620, 621, 622, 623, 624, 625, 626, 627, 628, 629, 630, 631, 632, 633, 634, 635, 636, 637, 638, 639, 640, 641, 642, 643, 644, 645, 646, 647, 648, 649, 650, 651, 652, 653, 654, 655, 656, 657, 658, 659, 660, 661, 662, 663, 664, 665, 666, 667, 668, 669, 670, 671, 672, 673, 674, 675, 676, 677, 678, 679, 680, 681, 682, 683, 684, 685, 686, 687, 688, 689, 690, 691, 692, 693, 694, 695, 696, 697, 698, 699, 700, 701, 702, 703, 704, 705, 706, 707, 708, 709, 710, 711, 712, 713, 714, 715, 716, 717, 718, 719, 720, 721, 722, 723, 724, 725, 726, 727, 728, 729, 730, 731, 732, 733, 734, 735, 736, 737, 738, 739, 740, 741, 742, 743, 744, 745, 746, 747, 748, 749, 750, 751, 752, 753, 754, 755, 756, 757, 758, 759, 760, 761, 762, 763, 764, 765, 766, 767, 768, 769, 770, 771, 772, 773, 774, 775, 776, 777, 778, 779, 780, 781, 782, 783, 784, 785, 786, 787, 788, 789, 790, 791, 792, 793]","[106, 135, 278, 288, 577, 606, 625, 737, 747]",[],"[10, 75, 103, 104, 106, 117, 118, 120, 127, 128, 129, 131, 133, 135, 136, 137, 139, 146, 147, 148, 149, 151, 158, 160, 162, 166, 173, 178, 179, 185, 190, 192, 198, 201, 203, 204, 206, 207, 212, 213, 214, 219, 223, 224, 225, 227, 230, 235, 237, 246, 247, 256, 259, 262, 263, 266, 268, 269, 271, 272, 278, 279, 284, 285, 288, 290, 292, 304, 306, 312, 316, 319, 320, 323, 324, 329, 332, 335, 495, 549, 574, 575, 577, 588, 589, 591, 598, 599, 600, 602, 604, 606, 607, 608, 610, 617, 618, 619, 620, 622, 625, 630, 632, 634, 638, 644, 649, 650, 656, 661, 663, 669, 673, 674, 676, 677, 682, 683, 684, 687, 688, 689, 691, 694, 699, 701, 710, 718, 722, 723, 727, 728, 730, 731, 737, 738, 743, 744, 747, 749, 751, 762, 764, 770, 774, 777, 778, 781, 782, 789, 791]","[2, 9, 10, 82, 111, 112, 113, 199, 279, 284, 285, 300, 488, 494, 495, 553, 581, 582, 583, 670, 738, 743, 744, 759, 818]","[2, 9, 10, 82, 111, 112, 113, 199, 279, 284, 285, 300, 488, 494, 495, 553, 581, 582, 583, 670, 738, 743, 744, 759, 818]",5/6 successful match,False,[314],True,333,False,,,,,
"F Fresno , 93722 Seibert's Fuel Center ( Valero )",559-275-0670 CA 99 Exit 136 B ( Princeton Ave ),,Fresno,93722,Seibert's Fuel Center ( Valero ),559-275-0670,2007,Fresno,CA,Valero,( Princeton Ave ),CA 99 Exit 136 B ,Exit,136,False,,False,CA 99,,,,,[],[625],"[106, 135, 278, 288, 577, 606, 625, 737, 747]",[],"[103, 104, 105, 106, 107, 108, 109, 110, 111, 112, 113, 114, 115, 116, 117, 118, 119, 120, 121, 122, 123, 124, 125, 126, 127, 128, 129, 130, 131, 132, 133, 134, 135, 136, 137, 138, 139, 140, 141, 142, 143, 144, 145, 146, 147, 148, 149, 150, 151, 152, 153, 154, 155, 156, 157, 158, 159, 160, 161, 162, 163, 164, 165, 166, 167, 168, 169, 170, 171, 172, 173, 174, 175, 176, 177, 178, 179, 180, 181, 182, 183, 184, 185, 186, 187, 188, 189, 190, 191, 192, 193, 194, 195, 196, 197, 198, 199, 200, 201, 202, 203, 204, 205, 206, 207, 208, 209, 210, 211, 212, 213, 214, 215, 216, 217, 218, 219, 220, 221, 222, 223, 224, 225, 226, 227, 228, 229, 230, 231, 232, 233, 234, 235, 236, 237, 238, 239, 240, 241, 242, 243, 244, 245, 246, 247, 248, 249, 250, 251, 252, 253, 254, 255, 256, 257, 258, 259, 260, 261, 262, 263, 264, 265, 266, 267, 268, 269, 270, 271, 272, 273, 274, 275, 276, 277, 278, 279, 280, 281, 282, 283, 284, 285, 286, 287, 288, 289, 290, 291, 292, 293, 294, 295, 296, 297, 298, 299, 300, 301, 302, 303, 304, 305, 306, 307, 308, 309, 310, 311, 312, 313, 314, 315, 316, 317, 318, 319, 320, 321, 322, 323, 324, 325, 326, 327, 328, 329, 330, 331, 332, 333, 334, 335, 336, 337, 574, 575, 576, 577, 578, 579, 580, 581, 582, 583, 584, 585, 586, 587, 588, 589, 590, 591, 592, 593, 594, 595, 596, 597, 598, 599, 600, 601, 602, 603, 604, 605, 606, 607, 608, 609, 610, 611, 612, 613, 614, 615, 616, 617, 618, 619, 620, 621, 622, 623, 624, 625, 626, 627, 628, 629, 630, 631, 632, 633, 634, 635, 636, 637, 638, 639, 640, 641, 642, 643, 644, 645, 646, 647, 648, 649, 650, 651, 652, 653, 654, 655, 656, 657, 658, 659, 660, 661, 662, 663, 664, 665, 666, 667, 668, 669, 670, 671, 672, 673, 674, 675, 676, 677, 678, 679, 680, 681, 682, 683, 684, 685, 686, 687, 688, 689, 690, 691, 692, 693, 694, 695, 696, 697, 698, 699, 700, 701, 702, 703, 704, 705, 706, 707, 708, 709, 710, 711, 712, 713, 714, 715, 716, 717, 718, 719, 720, 721, 722, 723, 724, 725, 726, 727, 728, 729, 730, 731, 732, 733, 734, 735, 736, 737, 738, 739, 740, 741, 742, 743, 744, 745, 746, 747, 748, 749, 750, 751, 752, 753, 754, 755, 756, 757, 758, 759, 760, 761, 762, 763, 764, 765, 766, 767, 768, 769, 770, 771, 772, 773, 774, 775, 776, 777, 778, 779, 780, 781, 782, 783, 784, 785, 786, 787, 788, 789, 790, 791, 792, 793]","[10, 75, 103, 104, 106, 117, 118, 120, 127, 128, 129, 131, 133, 135, 136, 137, 139, 146, 147, 148, 149, 151, 158, 160, 162, 166, 173, 178, 179, 185, 190, 192, 198, 201, 203, 204, 206, 207, 212, 213, 214, 219, 223, 224, 225, 227, 230, 235, 237, 246, 247, 256, 259, 262, 263, 266, 268, 269, 271, 272, 278, 279, 284, 285, 288, 290, 292, 304, 306, 312, 316, 319, 320, 323, 324, 329, 332, 335, 495, 549, 574, 575, 577, 588, 589, 591, 598, 599, 600, 602, 604, 606, 607, 608, 610, 617, 618, 619, 620, 622, 625, 630, 632, 634, 638, 644, 649, 650, 656, 661, 663, 669, 673, 674, 676, 677, 682, 683, 684, 687, 688, 689, 691, 694, 699, 701, 710, 718, 722, 723, 727, 728, 730, 731, 737, 738, 743, 744, 747, 749, 751, 762, 764, 770, 774, 777, 778, 781, 782, 789, 791]","[2, 9, 10, 82, 111, 112, 113, 199, 279, 284, 285, 300, 488, 494, 495, 553, 581, 582, 583, 670, 738, 743, 744, 759, 818]","[2, 9, 10, 82, 111, 112, 113, 199, 279, 284, 285, 300, 488, 494, 495, 553, 581, 582, 583, 670, 738, 743, 744, 759, 818]","[2, 9, 10, 75, 82, 103, 104, 105, 106, 107, 108, 109, 110, 111, 112, 113, 114, 115, 116, 117, 118, 119, 120, 121, 122, 123, 124, 125, 126, 127, 128, 129, 130, 131, 132, 133, 134, 135, 136, 137, 138, 139, 140, 141, 142, 143, 144, 145, 146, 147, 148, 149, 150, 151, 152, 153, 154, 155, 156, 157, 158, 159, 160, 161, 162, 163, 164, 165, 166, 167, 168, 169, 170, 171, 172, 173, 174, 175, 176, 177, 178, 179, 180, 181, 182, 183, 184, 185, 186, 187, 188, 189, 190, 191, 192, 193, 194, 195, 196, 197, 198, 199, 200, 201, 202, 203, 204, 205, 206, 207, 208, 209, 210, 211, 212, 213, 214, 215, 216, 217, 218, 219, 220, 221, 222, 223, 224, 225, 226, 227, 228, 229, 230, 231, 232, 233, 234, 235, 236, 237, 238, 239, 240, 241, 242, 243, 244, 245, 246, 247, 248, 249, 250, 251, 252, 253, 254, 255, 256, 257, 258, 259, 260, 261, 262, 263, 264, 265, 266, 267, 268, 269, 270, 271, 272, 273, 274, 275, 276, 277, 278, 279, 280, 281, 282, 283, 284, 285, 286, 287, 288, 289, 290, 291, 292, 293, 294, 295, 296, 297, 298, 299, 300, 301, 302, 303, 304, 305, 306, 307, 308, 309, 310, 311, 312, 313, 314, 315, 316, 317, 318, 319, 320, 321, 322, 323, 324, 325, 326, 327, 328, 329, 330, 331, 332, 333, 334, 335, 336, 337, 488, 494, 495, 549, 553, 574, 575, 576, 577, 578, 579, 580, 581, 582, 583, 584, 585, 586, 587, 588, 589, 590, 591, 592, 593, 594, 595, 596, 597, 598, 599, 600, 601, 602, 603, 604, 605, 606, 607, 608, 609, 610, 611, 612, 613, 614, 615, 616, 617, 618, 619, 620, 621, 622, 623, 624, 625, 626, 627, 628, 629, 630, 631, 632, 633, 634, 635, 636, 637, 638, 639, 640, 641, 642, 643, 644, 645, 646, 647, 648, 649, 650, 651, 652, 653, 654, 655, 656, 657, 658, 659, 660, 661, 662, 663, 664, 665, 666, 667, 668, 669, 670, 671, 672, 673, 674, 675, 676, 677, 678, 679, 680, 681, 682, 683, 684, 685, 686, 687, 688, 689, 690, 691, 692, 693, 694, 695, 696, 697, 698, 699, 700, 701, 702, 703, 704, 705, 706, 707, 708, 709, 710, 711, 712, 713, 714, 715, 716, 717, 718, 719, 720, 721, 722, 723, 724, 725, 726, 727, 728, 729, 730, 731, 732, 733, 734, 735, 736, 737, 738, 739, 740, 741, 742, 743, 744, 745, 746, 747, 748, 749, 750, 751, 752, 753, 754, 755, 756, 757, 758, 759, 760, 761, 762, 763, 764, 765, 766, 767, 768, 769, 770, 771, 772, 773, 774, 775, 776, 777, 778, 779, 780, 781, 782, 783, 784, 785, 786, 787, 788, 789, 790, 791, 792, 793, 818]",False,[625],"[103, 104, 105, 106, 107, 108, 109, 110, 111, 112, 113, 114, 115, 116, 117, 118, 119, 120, 121, 122, 123, 124, 125, 126, 127, 128, 129, 130, 131, 132, 133, 134, 135, 136, 137, 138, 139, 140, 141, 142, 143, 144, 145, 146, 147, 148, 149, 150, 151, 152, 153, 154, 155, 156, 157, 158, 159, 160, 161, 162, 163, 164, 165, 166, 167, 168, 169, 170, 171, 172, 173, 174, 175, 176, 177, 178, 179, 180, 181, 182, 183, 184, 185, 186, 187, 188, 189, 190, 191, 192, 193, 194, 195, 196, 197, 198, 199, 200, 201, 202, 203, 204, 205, 206, 207, 208, 209, 210, 211, 212, 213, 214, 215, 216, 217, 218, 219, 220, 221, 222, 223, 224, 225, 226, 227, 228, 229, 230, 231, 232, 233, 234, 235, 236, 237, 238, 239, 240, 241, 242, 243, 244, 245, 246, 247, 248, 249, 250, 251, 252, 253, 254, 255, 256, 257, 258, 259, 260, 261, 262, 263, 264, 265, 266, 267, 268, 269, 270, 271, 272, 273, 274, 275, 276, 277, 278, 279, 280, 281, 282, 283, 284, 285, 286, 287, 288, 289, 290, 291, 292, 293, 294, 295, 296, 297, 298, 299, 300, 301, 302, 303, 304, 305, 306, 307, 308, 309, 310, 311, 312, 313, 314, 315, 316, 317, 318, 319, 320, 321, 322, 323, 324, 325, 326, 327, 328, 329, 330, 331, 332, 333, 334, 335, 336, 337, 574, 575, 576, 577, 578, 579, 580, 581, 582, 583, 584, 585, 586, 587, 588, 589, 590, 591, 592, 593, 594, 595, 596, 597, 598, 599, 600, 601, 602, 603, 604, 605, 606, 607, 608, 609, 610, 611, 612, 613, 614, 615, 616, 617, 618, 619, 620, 621, 622, 623, 624, 625, 626, 627, 628, 629, 630, 631, 632, 633, 634, 635, 636, 637, 638, 639, 640, 641, 642, 643, 644, 645, 646, 647, 648, 649, 650, 651, 652, 653, 654, 655, 656, 657, 658, 659, 660, 661, 662, 663, 664, 665, 666, 667, 668, 669, 670, 671, 672, 673, 674, 675, 676, 677, 678, 679, 680, 681, 682, 683, 684, 685, 686, 687, 688, 689, 690, 691, 692, 693, 694, 695, 696, 697, 698, 699, 700, 701, 702, 703, 704, 705, 706, 707, 708, 709, 710, 711, 712, 713, 714, 715, 716, 717, 718, 719, 720, 721, 722, 723, 724, 725, 726, 727, 728, 729, 730, 731, 732, 733, 734, 735, 736, 737, 738, 739, 740, 741, 742, 743, 744, 745, 746, 747, 748, 749, 750, 751, 752, 753, 754, 755, 756, 757, 758, 759, 760, 761, 762, 763, 764, 765, 766, 767, 768, 769, 770, 771, 772, 773, 774, 775, 776, 777, 778, 779, 780, 781, 782, 783, 784, 785, 786, 787, 788, 789, 790, 791, 792, 793]","[106, 135, 278, 288, 577, 606, 625, 737, 747]",[],"[10, 75, 103, 104, 106, 117, 118, 120, 127, 128, 129, 131, 133, 135, 136, 137, 139, 146, 147, 148, 149, 151, 158, 160, 162, 166, 173, 178, 179, 185, 190, 192, 198, 201, 203, 204, 206, 207, 212, 213, 214, 219, 223, 224, 225, 227, 230, 235, 237, 246, 247, 256, 259, 262, 263, 266, 268, 269, 271, 272, 278, 279, 284, 285, 288, 290, 292, 304, 306, 312, 316, 319, 320, 323, 324, 329, 332, 335, 495, 549, 574, 575, 577, 588, 589, 591, 598, 599, 600, 602, 604, 606, 607, 608, 610, 617, 618, 619, 620, 622, 625, 630, 632, 634, 638, 644, 649, 650, 656, 661, 663, 669, 673, 674, 676, 677, 682, 683, 684, 687, 688, 689, 691, 694, 699, 701, 710, 718, 722, 723, 727, 728, 730, 731, 737, 738, 743, 744, 747, 749, 751, 762, 764, 770, 774, 777, 778, 781, 782, 789, 791]","[2, 9, 10, 82, 111, 112, 113, 199, 279, 284, 285, 300, 488, 494, 495, 553, 581, 582, 583, 670, 738, 743, 744, 759, 818]","[2, 9, 10, 82, 111, 112, 113, 199, 279, 284, 285, 300, 488, 494, 495, 553, 581, 582, 583, 670, 738, 743, 744, 759, 818]",5/6 successful match,False,[314],True,333,False,,1.0,True,Seibert's Fuel Center ( Valero ),Valero
"F Fresno , 93722 Seibert's Fuel Center ( Valero )",3 559-275-0670 CA 99 Exit 136 B ( Princeton Ave ),<U+2610><U+2610>,Fresno,93722,Seibert's Fuel Center ( Valero ),559-275-0670,2008,Fresno,CA,Valero,( Princeton Ave ),CA 99 Exit 136 B ,Exit,136,False,,False,CA 99,,,,,[],[625],"[106, 135, 278, 288, 577, 606, 625, 737, 747]",[],"[103, 104, 105, 106, 107, 108, 109, 110, 111, 112, 113, 114, 115, 116, 117, 118, 119, 120, 121, 122, 123, 124, 125, 126, 127, 128, 129, 130, 131, 132, 133, 134, 135, 136, 137, 138, 139, 140, 141, 142, 143, 144, 145, 146, 147, 148, 149, 150, 151, 152, 153, 154, 155, 156, 157, 158, 159, 160, 161, 162, 163, 164, 165, 166, 167, 168, 169, 170, 171, 172, 173, 174, 175, 176, 177, 178, 179, 180, 181, 182, 183, 184, 185, 186, 187, 188, 189, 190, 191, 192, 193, 194, 195, 196, 197, 198, 199, 200, 201, 202, 203, 204, 205, 206, 207, 208, 209, 210, 211, 212, 213, 214, 215, 216, 217, 218, 219, 220, 221, 222, 223, 224, 225, 226, 227, 228, 229, 230, 231, 232, 233, 234, 235, 236, 237, 238, 239, 240, 241, 242, 243, 244, 245, 246, 247, 248, 249, 250, 251, 252, 253, 254, 255, 256, 257, 258, 259, 260, 261, 262, 263, 264, 265, 266, 267, 268, 269, 270, 271, 272, 273, 274, 275, 276, 277, 278, 279, 280, 281, 282, 283, 284, 285, 286, 287, 288, 289, 290, 291, 292, 293, 294, 295, 296, 297, 298, 299, 300, 301, 302, 303, 304, 305, 306, 307, 308, 309, 310, 311, 312, 313, 314, 315, 316, 317, 318, 319, 320, 321, 322, 323, 324, 325, 326, 327, 328, 329, 330, 331, 332, 333, 334, 335, 336, 337, 574, 575, 576, 577, 578, 579, 580, 581, 582, 583, 584, 585, 586, 587, 588, 589, 590, 591, 592, 593, 594, 595, 596, 597, 598, 599, 600, 601, 602, 603, 604, 605, 606, 607, 608, 609, 610, 611, 612, 613, 614, 615, 616, 617, 618, 619, 620, 621, 622, 623, 624, 625, 626, 627, 628, 629, 630, 631, 632, 633, 634, 635, 636, 637, 638, 639, 640, 641, 642, 643, 644, 645, 646, 647, 648, 649, 650, 651, 652, 653, 654, 655, 656, 657, 658, 659, 660, 661, 662, 663, 664, 665, 666, 667, 668, 669, 670, 671, 672, 673, 674, 675, 676, 677, 678, 679, 680, 681, 682, 683, 684, 685, 686, 687, 688, 689, 690, 691, 692, 693, 694, 695, 696, 697, 698, 699, 700, 701, 702, 703, 704, 705, 706, 707, 708, 709, 710, 711, 712, 713, 714, 715, 716, 717, 718, 719, 720, 721, 722, 723, 724, 725, 726, 727, 728, 729, 730, 731, 732, 733, 734, 735, 736, 737, 738, 739, 740, 741, 742, 743, 744, 745, 746, 747, 748, 749, 750, 751, 752, 753, 754, 755, 756, 757, 758, 759, 760, 761, 762, 763, 764, 765, 766, 767, 768, 769, 770, 771, 772, 773, 774, 775, 776, 777, 778, 779, 780, 781, 782, 783, 784, 785, 786, 787, 788, 789, 790, 791, 792, 793]","[10, 75, 103, 104, 106, 117, 118, 120, 127, 128, 129, 131, 133, 135, 136, 137, 139, 146, 147, 148, 149, 151, 158, 160, 162, 166, 173, 178, 179, 185, 190, 192, 198, 201, 203, 204, 206, 207, 212, 213, 214, 219, 223, 224, 225, 227, 230, 235, 237, 246, 247, 256, 259, 262, 263, 266, 268, 269, 271, 272, 278, 279, 284, 285, 288, 290, 292, 304, 306, 312, 316, 319, 320, 323, 324, 329, 332, 335, 495, 549, 574, 575, 577, 588, 589, 591, 598, 599, 600, 602, 604, 606, 607, 608, 610, 617, 618, 619, 620, 622, 625, 630, 632, 634, 638, 644, 649, 650, 656, 661, 663, 669, 673, 674, 676, 677, 682, 683, 684, 687, 688, 689, 691, 694, 699, 701, 710, 718, 722, 723, 727, 728, 730, 731, 737, 738, 743, 744, 747, 749, 751, 762, 764, 770, 774, 777, 778, 781, 782, 789, 791]","[2, 9, 10, 82, 111, 112, 113, 199, 279, 284, 285, 300, 488, 494, 495, 553, 581, 582, 583, 670, 738, 743, 744, 759, 818]","[2, 9, 10, 82, 111, 112, 113, 199, 279, 284, 285, 300, 488, 494, 495, 553, 581, 582, 583, 670, 738, 743, 744, 759, 818]","[2, 9, 10, 75, 82, 103, 104, 105, 106, 107, 108, 109, 110, 111, 112, 113, 114, 115, 116, 117, 118, 119, 120, 121, 122, 123, 124, 125, 126, 127, 128, 129, 130, 131, 132, 133, 134, 135, 136, 137, 138, 139, 140, 141, 142, 143, 144, 145, 146, 147, 148, 149, 150, 151, 152, 153, 154, 155, 156, 157, 158, 159, 160, 161, 162, 163, 164, 165, 166, 167, 168, 169, 170, 171, 172, 173, 174, 175, 176, 177, 178, 179, 180, 181, 182, 183, 184, 185, 186, 187, 188, 189, 190, 191, 192, 193, 194, 195, 196, 197, 198, 199, 200, 201, 202, 203, 204, 205, 206, 207, 208, 209, 210, 211, 212, 213, 214, 215, 216, 217, 218, 219, 220, 221, 222, 223, 224, 225, 226, 227, 228, 229, 230, 231, 232, 233, 234, 235, 236, 237, 238, 239, 240, 241, 242, 243, 244, 245, 246, 247, 248, 249, 250, 251, 252, 253, 254, 255, 256, 257, 258, 259, 260, 261, 262, 263, 264, 265, 266, 267, 268, 269, 270, 271, 272, 273, 274, 275, 276, 277, 278, 279, 280, 281, 282, 283, 284, 285, 286, 287, 288, 289, 290, 291, 292, 293, 294, 295, 296, 297, 298, 299, 300, 301, 302, 303, 304, 305, 306, 307, 308, 309, 310, 311, 312, 313, 314, 315, 316, 317, 318, 319, 320, 321, 322, 323, 324, 325, 326, 327, 328, 329, 330, 331, 332, 333, 334, 335, 336, 337, 488, 494, 495, 549, 553, 574, 575, 576, 577, 578, 579, 580, 581, 582, 583, 584, 585, 586, 587, 588, 589, 590, 591, 592, 593, 594, 595, 596, 597, 598, 599, 600, 601, 602, 603, 604, 605, 606, 607, 608, 609, 610, 611, 612, 613, 614, 615, 616, 617, 618, 619, 620, 621, 622, 623, 624, 625, 626, 627, 628, 629, 630, 631, 632, 633, 634, 635, 636, 637, 638, 639, 640, 641, 642, 643, 644, 645, 646, 647, 648, 649, 650, 651, 652, 653, 654, 655, 656, 657, 658, 659, 660, 661, 662, 663, 664, 665, 666, 667, 668, 669, 670, 671, 672, 673, 674, 675, 676, 677, 678, 679, 680, 681, 682, 683, 684, 685, 686, 687, 688, 689, 690, 691, 692, 693, 694, 695, 696, 697, 698, 699, 700, 701, 702, 703, 704, 705, 706, 707, 708, 709, 710, 711, 712, 713, 714, 715, 716, 717, 718, 719, 720, 721, 722, 723, 724, 725, 726, 727, 728, 729, 730, 731, 732, 733, 734, 735, 736, 737, 738, 739, 740, 741, 742, 743, 744, 745, 746, 747, 748, 749, 750, 751, 752, 753, 754, 755, 756, 757, 758, 759, 760, 761, 762, 763, 764, 765, 766, 767, 768, 769, 770, 771, 772, 773, 774, 775, 776, 777, 778, 779, 780, 781, 782, 783, 784, 785, 786, 787, 788, 789, 790, 791, 792, 793, 818]",False,[625],"[103, 104, 105, 106, 107, 108, 109, 110, 111, 112, 113, 114, 115, 116, 117, 118, 119, 120, 121, 122, 123, 124, 125, 126, 127, 128, 129, 130, 131, 132, 133, 134, 135, 136, 137, 138, 139, 140, 141, 142, 143, 144, 145, 146, 147, 148, 149, 150, 151, 152, 153, 154, 155, 156, 157, 158, 159, 160, 161, 162, 163, 164, 165, 166, 167, 168, 169, 170, 171, 172, 173, 174, 175, 176, 177, 178, 179, 180, 181, 182, 183, 184, 185, 186, 187, 188, 189, 190, 191, 192, 193, 194, 195, 196, 197, 198, 199, 200, 201, 202, 203, 204, 205, 206, 207, 208, 209, 210, 211, 212, 213, 214, 215, 216, 217, 218, 219, 220, 221, 222, 223, 224, 225, 226, 227, 228, 229, 230, 231, 232, 233, 234, 235, 236, 237, 238, 239, 240, 241, 242, 243, 244, 245, 246, 247, 248, 249, 250, 251, 252, 253, 254, 255, 256, 257, 258, 259, 260, 261, 262, 263, 264, 265, 266, 267, 268, 269, 270, 271, 272, 273, 274, 275, 276, 277, 278, 279, 280, 281, 282, 283, 284, 285, 286, 287, 288, 289, 290, 291, 292, 293, 294, 295, 296, 297, 298, 299, 300, 301, 302, 303, 304, 305, 306, 307, 308, 309, 310, 311, 312, 313, 314, 315, 316, 317, 318, 319, 320, 321, 322, 323, 324, 325, 326, 327, 328, 329, 330, 331, 332, 333, 334, 335, 336, 337, 574, 575, 576, 577, 578, 579, 580, 581, 582, 583, 584, 585, 586, 587, 588, 589, 590, 591, 592, 593, 594, 595, 596, 597, 598, 599, 600, 601, 602, 603, 604, 605, 606, 607, 608, 609, 610, 611, 612, 613, 614, 615, 616, 617, 618, 619, 620, 621, 622, 623, 624, 625, 626, 627, 628, 629, 630, 631, 632, 633, 634, 635, 636, 637, 638, 639, 640, 641, 642, 643, 644, 645, 646, 647, 648, 649, 650, 651, 652, 653, 654, 655, 656, 657, 658, 659, 660, 661, 662, 663, 664, 665, 666, 667, 668, 669, 670, 671, 672, 673, 674, 675, 676, 677, 678, 679, 680, 681, 682, 683, 684, 685, 686, 687, 688, 689, 690, 691, 692, 693, 694, 695, 696, 697, 698, 699, 700, 701, 702, 703, 704, 705, 706, 707, 708, 709, 710, 711, 712, 713, 714, 715, 716, 717, 718, 719, 720, 721, 722, 723, 724, 725, 726, 727, 728, 729, 730, 731, 732, 733, 734, 735, 736, 737, 738, 739, 740, 741, 742, 743, 744, 745, 746, 747, 748, 749, 750, 751, 752, 753, 754, 755, 756, 757, 758, 759, 760, 761, 762, 763, 764, 765, 766, 767, 768, 769, 770, 771, 772, 773, 774, 775, 776, 777, 778, 779, 780, 781, 782, 783, 784, 785, 786, 787, 788, 789, 790, 791, 792, 793]","[106, 135, 278, 288, 577, 606, 625, 737, 747]",[],"[10, 75, 103, 104, 106, 117, 118, 120, 127, 128, 129, 131, 133, 135, 136, 137, 139, 146, 147, 148, 149, 151, 158, 160, 162, 166, 173, 178, 179, 185, 190, 192, 198, 201, 203, 204, 206, 207, 212, 213, 214, 219, 223, 224, 225, 227, 230, 235, 237, 246, 247, 256, 259, 262, 263, 266, 268, 269, 271, 272, 278, 279, 284, 285, 288, 290, 292, 304, 306, 312, 316, 319, 320, 323, 324, 329, 332, 335, 495, 549, 574, 575, 577, 588, 589, 591, 598, 599, 600, 602, 604, 606, 607, 608, 610, 617, 618, 619, 620, 622, 625, 630, 632, 634, 638, 644, 649, 650, 656, 661, 663, 669, 673, 674, 676, 677, 682, 683, 684, 687, 688, 689, 691, 694, 699, 701, 710, 718, 722, 723, 727, 728, 730, 731, 737, 738, 743, 744, 747, 749, 751, 762, 764, 770, 774, 777, 778, 781, 782, 789, 791]","[2, 9, 10, 82, 111, 112, 113, 199, 279, 284, 285, 300, 488, 494, 495, 553, 581, 582, 583, 670, 738, 743, 744, 759, 818]","[2, 9, 10, 82, 111, 112, 113, 199, 279, 284, 285, 300, 488, 494, 495, 553, 581, 582, 583, 670, 738, 743, 744, 759, 818]",5/6 successful match,False,[314],True,333,False,,1.0,True,Seibert's Fuel Center ( Valero ),Valero
F Fresno ( 93722 ) Seibert's Fuel Center ( Valero ),559-275-0670 CA 99 Exit 136 B ( Princeton Ave ),<U+2610> <U+2610>,Fresno,93722,Seibert's Fuel Center ( Valero ),559-275-0670,2014,Fresno,CA,Valero,( Princeton Ave ),CA 99 Exit 136 B ,Exit,136,False,,False,CA 99,,,,,[],[625],"[106, 135, 278, 288, 577, 606, 625, 737, 747]",[],"[103, 104, 105, 106, 107, 108, 109, 110, 111, 112, 113, 114, 115, 116, 117, 118, 119, 120, 121, 122, 123, 124, 125, 126, 127, 128, 129, 130, 131, 132, 133, 134, 135, 136, 137, 138, 139, 140, 141, 142, 143, 144, 145, 146, 147, 148, 149, 150, 151, 152, 153, 154, 155, 156, 157, 158, 159, 160, 161, 162, 163, 164, 165, 166, 167, 168, 169, 170, 171, 172, 173, 174, 175, 176, 177, 178, 179, 180, 181, 182, 183, 184, 185, 186, 187, 188, 189, 190, 191, 192, 193, 194, 195, 196, 197, 198, 199, 200, 201, 202, 203, 204, 205, 206, 207, 208, 209, 210, 211, 212, 213, 214, 215, 216, 217, 218, 219, 220, 221, 222, 223, 224, 225, 226, 227, 228, 229, 230, 231, 232, 233, 234, 235, 236, 237, 238, 239, 240, 241, 242, 243, 244, 245, 246, 247, 248, 249, 250, 251, 252, 253, 254, 255, 256, 257, 258, 259, 260, 261, 262, 263, 264, 265, 266, 267, 268, 269, 270, 271, 272, 273, 274, 275, 276, 277, 278, 279, 280, 281, 282, 283, 284, 285, 286, 287, 288, 289, 290, 291, 292, 293, 294, 295, 296, 297, 298, 299, 300, 301, 302, 303, 304, 305, 306, 307, 308, 309, 310, 311, 312, 313, 314, 315, 316, 317, 318, 319, 320, 321, 322, 323, 324, 325, 326, 327, 328, 329, 330, 331, 332, 333, 334, 335, 336, 337, 574, 575, 576, 577, 578, 579, 580, 581, 582, 583, 584, 585, 586, 587, 588, 589, 590, 591, 592, 593, 594, 595, 596, 597, 598, 599, 600, 601, 602, 603, 604, 605, 606, 607, 608, 609, 610, 611, 612, 613, 614, 615, 616, 617, 618, 619, 620, 621, 622, 623, 624, 625, 626, 627, 628, 629, 630, 631, 632, 633, 634, 635, 636, 637, 638, 639, 640, 641, 642, 643, 644, 645, 646, 647, 648, 649, 650, 651, 652, 653, 654, 655, 656, 657, 658, 659, 660, 661, 662, 663, 664, 665, 666, 667, 668, 669, 670, 671, 672, 673, 674, 675, 676, 677, 678, 679, 680, 681, 682, 683, 684, 685, 686, 687, 688, 689, 690, 691, 692, 693, 694, 695, 696, 697, 698, 699, 700, 701, 702, 703, 704, 705, 706, 707, 708, 709, 710, 711, 712, 713, 714, 715, 716, 717, 718, 719, 720, 721, 722, 723, 724, 725, 726, 727, 728, 729, 730, 731, 732, 733, 734, 735, 736, 737, 738, 739, 740, 741, 742, 743, 744, 745, 746, 747, 748, 749, 750, 751, 752, 753, 754, 755, 756, 757, 758, 759, 760, 761, 762, 763, 764, 765, 766, 767, 768, 769, 770, 771, 772, 773, 774, 775, 776, 777, 778, 779, 780, 781, 782, 783, 784, 785, 786, 787, 788, 789, 790, 791, 792, 793]","[10, 75, 103, 104, 106, 117, 118, 120, 127, 128, 129, 131, 133, 135, 136, 137, 139, 146, 147, 148, 149, 151, 158, 160, 162, 166, 173, 178, 179, 185, 190, 192, 198, 201, 203, 204, 206, 207, 212, 213, 214, 219, 223, 224, 225, 227, 230, 235, 237, 246, 247, 256, 259, 262, 263, 266, 268, 269, 271, 272, 278, 279, 284, 285, 288, 290, 292, 304, 306, 312, 316, 319, 320, 323, 324, 329, 332, 335, 495, 549, 574, 575, 577, 588, 589, 591, 598, 599, 600, 602, 604, 606, 607, 608, 610, 617, 618, 619, 620, 622, 625, 630, 632, 634, 638, 644, 649, 650, 656, 661, 663, 669, 673, 674, 676, 677, 682, 683, 684, 687, 688, 689, 691, 694, 699, 701, 710, 718, 722, 723, 727, 728, 730, 731, 737, 738, 743, 744, 747, 749, 751, 762, 764, 770, 774, 777, 778, 781, 782, 789, 791]","[2, 9, 10, 82, 111, 112, 113, 199, 279, 284, 285, 300, 488, 494, 495, 553, 581, 582, 583, 670, 738, 743, 744, 759, 818]","[2, 9, 10, 82, 111, 112, 113, 199, 279, 284, 285, 300, 488, 494, 495, 553, 581, 582, 583, 670, 738, 743, 744, 759, 818]","[2, 9, 10, 75, 82, 103, 104, 105, 106, 107, 108, 109, 110, 111, 112, 113, 114, 115, 116, 117, 118, 119, 120, 121, 122, 123, 124, 125, 126, 127, 128, 129, 130, 131, 132, 133, 134, 135, 136, 137, 138, 139, 140, 141, 142, 143, 144, 145, 146, 147, 148, 149, 150, 151, 152, 153, 154, 155, 156, 157, 158, 159, 160, 161, 162, 163, 164, 165, 166, 167, 168, 169, 170, 171, 172, 173, 174, 175, 176, 177, 178, 179, 180, 181, 182, 183, 184, 185, 186, 187, 188, 189, 190, 191, 192, 193, 194, 195, 196, 197, 198, 199, 200, 201, 202, 203, 204, 205, 206, 207, 208, 209, 210, 211, 212, 213, 214, 215, 216, 217, 218, 219, 220, 221, 222, 223, 224, 225, 226, 227, 228, 229, 230, 231, 232, 233, 234, 235, 236, 237, 238, 239, 240, 241, 242, 243, 244, 245, 246, 247, 248, 249, 250, 251, 252, 253, 254, 255, 256, 257, 258, 259, 260, 261, 262, 263, 264, 265, 266, 267, 268, 269, 270, 271, 272, 273, 274, 275, 276, 277, 278, 279, 280, 281, 282, 283, 284, 285, 286, 287, 288, 289, 290, 291, 292, 293, 294, 295, 296, 297, 298, 299, 300, 301, 302, 303, 304, 305, 306, 307, 308, 309, 310, 311, 312, 313, 314, 315, 316, 317, 318, 319, 320, 321, 322, 323, 324, 325, 326, 327, 328, 329, 330, 331, 332, 333, 334, 335, 336, 337, 488, 494, 495, 549, 553, 574, 575, 576, 577, 578, 579, 580, 581, 582, 583, 584, 585, 586, 587, 588, 589, 590, 591, 592, 593, 594, 595, 596, 597, 598, 599, 600, 601, 602, 603, 604, 605, 606, 607, 608, 609, 610, 611, 612, 613, 614, 615, 616, 617, 618, 619, 620, 621, 622, 623, 624, 625, 626, 627, 628, 629, 630, 631, 632, 633, 634, 635, 636, 637, 638, 639, 640, 641, 642, 643, 644, 645, 646, 647, 648, 649, 650, 651, 652, 653, 654, 655, 656, 657, 658, 659, 660, 661, 662, 663, 664, 665, 666, 667, 668, 669, 670, 671, 672, 673, 674, 675, 676, 677, 678, 679, 680, 681, 682, 683, 684, 685, 686, 687, 688, 689, 690, 691, 692, 693, 694, 695, 696, 697, 698, 699, 700, 701, 702, 703, 704, 705, 706, 707, 708, 709, 710, 711, 712, 713, 714, 715, 716, 717, 718, 719, 720, 721, 722, 723, 724, 725, 726, 727, 728, 729, 730, 731, 732, 733, 734, 735, 736, 737, 738, 739, 740, 741, 742, 743, 744, 745, 746, 747, 748, 749, 750, 751, 752, 753, 754, 755, 756, 757, 758, 759, 760, 761, 762, 763, 764, 765, 766, 767, 768, 769, 770, 771, 772, 773, 774, 775, 776, 777, 778, 779, 780, 781, 782, 783, 784, 785, 786, 787, 788, 789, 790, 791, 792, 793, 818]",False,[625],"[103, 104, 105, 106, 107, 108, 109, 110, 111, 112, 113, 114, 115, 116, 117, 118, 119, 120, 121, 122, 123, 124, 125, 126, 127, 128, 129, 130, 131, 132, 133, 134, 135, 136, 137, 138, 139, 140, 141, 142, 143, 144, 145, 146, 147, 148, 149, 150, 151, 152, 153, 154, 155, 156, 157, 158, 159, 160, 161, 162, 163, 164, 165, 166, 167, 168, 169, 170, 171, 172, 173, 174, 175, 176, 177, 178, 179, 180, 181, 182, 183, 184, 185, 186, 187, 188, 189, 190, 191, 192, 193, 194, 195, 196, 197, 198, 199, 200, 201, 202, 203, 204, 205, 206, 207, 208, 209, 210, 211, 212, 213, 214, 215, 216, 217, 218, 219, 220, 221, 222, 223, 224, 225, 226, 227, 228, 229, 230, 231, 232, 233, 234, 235, 236, 237, 238, 239, 240, 241, 242, 243, 244, 245, 246, 247, 248, 249, 250, 251, 252, 253, 254, 255, 256, 257, 258, 259, 260, 261, 262, 263, 264, 265, 266, 267, 268, 269, 270, 271, 272, 273, 274, 275, 276, 277, 278, 279, 280, 281, 282, 283, 284, 285, 286, 287, 288, 289, 290, 291, 292, 293, 294, 295, 296, 297, 298, 299, 300, 301, 302, 303, 304, 305, 306, 307, 308, 309, 310, 311, 312, 313, 314, 315, 316, 317, 318, 319, 320, 321, 322, 323, 324, 325, 326, 327, 328, 329, 330, 331, 332, 333, 334, 335, 336, 337, 574, 575, 576, 577, 578, 579, 580, 581, 582, 583, 584, 585, 586, 587, 588, 589, 590, 591, 592, 593, 594, 595, 596, 597, 598, 599, 600, 601, 602, 603, 604, 605, 606, 607, 608, 609, 610, 611, 612, 613, 614, 615, 616, 617, 618, 619, 620, 621, 622, 623, 624, 625, 626, 627, 628, 629, 630, 631, 632, 633, 634, 635, 636, 637, 638, 639, 640, 641, 642, 643, 644, 645, 646, 647, 648, 649, 650, 651, 652, 653, 654, 655, 656, 657, 658, 659, 660, 661, 662, 663, 664, 665, 666, 667, 668, 669, 670, 671, 672, 673, 674, 675, 676, 677, 678, 679, 680, 681, 682, 683, 684, 685, 686, 687, 688, 689, 690, 691, 692, 693, 694, 695, 696, 697, 698, 699, 700, 701, 702, 703, 704, 705, 706, 707, 708, 709, 710, 711, 712, 713, 714, 715, 716, 717, 718, 719, 720, 721, 722, 723, 724, 725, 726, 727, 728, 729, 730, 731, 732, 733, 734, 735, 736, 737, 738, 739, 740, 741, 742, 743, 744, 745, 746, 747, 748, 749, 750, 751, 752, 753, 754, 755, 756, 757, 758, 759, 760, 761, 762, 763, 764, 765, 766, 767, 768, 769, 770, 771, 772, 773, 774, 775, 776, 777, 778, 779, 780, 781, 782, 783, 784, 785, 786, 787, 788, 789, 790, 791, 792, 793]","[106, 135, 278, 288, 577, 606, 625, 737, 747]",[],"[10, 75, 103, 104, 106, 117, 118, 120, 127, 128, 129, 131, 133, 135, 136, 137, 139, 146, 147, 148, 149, 151, 158, 160, 162, 166, 173, 178, 179, 185, 190, 192, 198, 201, 203, 204, 206, 207, 212, 213, 214, 219, 223, 224, 225, 227, 230, 235, 237, 246, 247, 256, 259, 262, 263, 266, 268, 269, 271, 272, 278, 279, 284, 285, 288, 290, 292, 304, 306, 312, 316, 319, 320, 323, 324, 329, 332, 335, 495, 549, 574, 575, 577, 588, 589, 591, 598, 599, 600, 602, 604, 606, 607, 608, 610, 617, 618, 619, 620, 622, 625, 630, 632, 634, 638, 644, 649, 650, 656, 661, 663, 669, 673, 674, 676, 677, 682, 683, 684, 687, 688, 689, 691, 694, 699, 701, 710, 718, 722, 723, 727, 728, 730, 731, 737, 738, 743, 744, 747, 749, 751, 762, 764, 770, 774, 777, 778, 781, 782, 789, 791]","[2, 9, 10, 82, 111, 112, 113, 199, 279, 284, 285, 300, 488, 494, 495, 553, 581, 582, 583, 670, 738, 743, 744, 759, 818]","[2, 9, 10, 82, 111, 112, 113, 199, 279, 284, 285, 300, 488, 494, 495, 553, 581, 582, 583, 670, 738, 743, 744, 759, 818]",5/6 successful match,False,[314],True,333,False,,1.0,True,Seibert's Fuel Center ( Valero ),Valero
Fresno ( 93722 ) Seibert's Fuel Center ( Jensen ( Valero Ave ) ),559-275-0670 CA 99 Exit 136 B (,S D,Fresno,93722,Seibert's Fuel Center ( Jensen ( Valero Ave ) ),559-275-0670,2015,Fresno,CA,Valero,(,CA 99 Exit 136 B ,Exit,136,False,,False,CA 99,,,,,[],[625],"[106, 135, 278, 288, 577, 606, 625, 737, 747]",[],"[103, 104, 105, 106, 107, 108, 109, 110, 111, 112, 113, 114, 115, 116, 117, 118, 119, 120, 121, 122, 123, 124, 125, 126, 127, 128, 129, 130, 131, 132, 133, 134, 135, 136, 137, 138, 139, 140, 141, 142, 143, 144, 145, 146, 147, 148, 149, 150, 151, 152, 153, 154, 155, 156, 157, 158, 159, 160, 161, 162, 163, 164, 165, 166, 167, 168, 169, 170, 171, 172, 173, 174, 175, 176, 177, 178, 179, 180, 181, 182, 183, 184, 185, 186, 187, 188, 189, 190, 191, 192, 193, 194, 195, 196, 197, 198, 199, 200, 201, 202, 203, 204, 205, 206, 207, 208, 209, 210, 211, 212, 213, 214, 215, 216, 217, 218, 219, 220, 221, 222, 223, 224, 225, 226, 227, 228, 229, 230, 231, 232, 233, 234, 235, 236, 237, 238, 239, 240, 241, 242, 243, 244, 245, 246, 247, 248, 249, 250, 251, 252, 253, 254, 255, 256, 257, 258, 259, 260, 261, 262, 263, 264, 265, 266, 267, 268, 269, 270, 271, 272, 273, 274, 275, 276, 277, 278, 279, 280, 281, 282, 283, 284, 285, 286, 287, 288, 289, 290, 291, 292, 293, 294, 295, 296, 297, 298, 299, 300, 301, 302, 303, 304, 305, 306, 307, 308, 309, 310, 311, 312, 313, 314, 315, 316, 317, 318, 319, 320, 321, 322, 323, 324, 325, 326, 327, 328, 329, 330, 331, 332, 333, 334, 335, 336, 337, 574, 575, 576, 577, 578, 579, 580, 581, 582, 583, 584, 585, 586, 587, 588, 589, 590, 591, 592, 593, 594, 595, 596, 597, 598, 599, 600, 601, 602, 603, 604, 605, 606, 607, 608, 609, 610, 611, 612, 613, 614, 615, 616, 617, 618, 619, 620, 621, 622, 623, 624, 625, 626, 627, 628, 629, 630, 631, 632, 633, 634, 635, 636, 637, 638, 639, 640, 641, 642, 643, 644, 645, 646, 647, 648, 649, 650, 651, 652, 653, 654, 655, 656, 657, 658, 659, 660, 661, 662, 663, 664, 665, 666, 667, 668, 669, 670, 671, 672, 673, 674, 675, 676, 677, 678, 679, 680, 681, 682, 683, 684, 685, 686, 687, 688, 689, 690, 691, 692, 693, 694, 695, 696, 697, 698, 699, 700, 701, 702, 703, 704, 705, 706, 707, 708, 709, 710, 711, 712, 713, 714, 715, 716, 717, 718, 719, 720, 721, 722, 723, 724, 725, 726, 727, 728, 729, 730, 731, 732, 733, 734, 735, 736, 737, 738, 739, 740, 741, 742, 743, 744, 745, 746, 747, 748, 749, 750, 751, 752, 753, 754, 755, 756, 757, 758, 759, 760, 761, 762, 763, 764, 765, 766, 767, 768, 769, 770, 771, 772, 773, 774, 775, 776, 777, 778, 779, 780, 781, 782, 783, 784, 785, 786, 787, 788, 789, 790, 791, 792, 793]","[10, 75, 103, 104, 106, 117, 118, 120, 127, 128, 129, 131, 133, 135, 136, 137, 139, 146, 147, 148, 149, 151, 158, 160, 162, 166, 173, 178, 179, 185, 190, 192, 198, 201, 203, 204, 206, 207, 212, 213, 214, 219, 223, 224, 225, 227, 230, 235, 237, 246, 247, 256, 259, 262, 263, 266, 268, 269, 271, 272, 278, 279, 284, 285, 288, 290, 292, 304, 306, 312, 316, 319, 320, 323, 324, 329, 332, 335, 495, 549, 574, 575, 577, 588, 589, 591, 598, 599, 600, 602, 604, 606, 607, 608, 610, 617, 618, 619, 620, 622, 625, 630, 632, 634, 638, 644, 649, 650, 656, 661, 663, 669, 673, 674, 676, 677, 682, 683, 684, 687, 688, 689, 691, 694, 699, 701, 710, 718, 722, 723, 727, 728, 730, 731, 737, 738, 743, 744, 747, 749, 751, 762, 764, 770, 774, 777, 778, 781, 782, 789, 791]","[2, 9, 10, 82, 111, 112, 113, 199, 279, 284, 285, 300, 488, 494, 495, 553, 581, 582, 583, 670, 738, 743, 744, 759, 818]","[2, 9, 10, 82, 111, 112, 113, 199, 279, 284, 285, 300, 488, 494, 495, 553, 581, 582, 583, 670, 738, 743, 744, 759, 818]","[2, 9, 10, 75, 82, 103, 104, 105, 106, 107, 108, 109, 110, 111, 112, 113, 114, 115, 116, 117, 118, 119, 120, 121, 122, 123, 124, 125, 126, 127, 128, 129, 130, 131, 132, 133, 134, 135, 136, 137, 138, 139, 140, 141, 142, 143, 144, 145, 146, 147, 148, 149, 150, 151, 152, 153, 154, 155, 156, 157, 158, 159, 160, 161, 162, 163, 164, 165, 166, 167, 168, 169, 170, 171, 172, 173, 174, 175, 176, 177, 178, 179, 180, 181, 182, 183, 184, 185, 186, 187, 188, 189, 190, 191, 192, 193, 194, 195, 196, 197, 198, 199, 200, 201, 202, 203, 204, 205, 206, 207, 208, 209, 210, 211, 212, 213, 214, 215, 216, 217, 218, 219, 220, 221, 222, 223, 224, 225, 226, 227, 228, 229, 230, 231, 232, 233, 234, 235, 236, 237, 238, 239, 240, 241, 242, 243, 244, 245, 246, 247, 248, 249, 250, 251, 252, 253, 254, 255, 256, 257, 258, 259, 260, 261, 262, 263, 264, 265, 266, 267, 268, 269, 270, 271, 272, 273, 274, 275, 276, 277, 278, 279, 280, 281, 282, 283, 284, 285, 286, 287, 288, 289, 290, 291, 292, 293, 294, 295, 296, 297, 298, 299, 300, 301, 302, 303, 304, 305, 306, 307, 308, 309, 310, 311, 312, 313, 314, 315, 316, 317, 318, 319, 320, 321, 322, 323, 324, 325, 326, 327, 328, 329, 330, 331, 332, 333, 334, 335, 336, 337, 488, 494, 495, 549, 553, 574, 575, 576, 577, 578, 579, 580, 581, 582, 583, 584, 585, 586, 587, 588, 589, 590, 591, 592, 593, 594, 595, 596, 597, 598, 599, 600, 601, 602, 603, 604, 605, 606, 607, 608, 609, 610, 611, 612, 613, 614, 615, 616, 617, 618, 619, 620, 621, 622, 623, 624, 625, 626, 627, 628, 629, 630, 631, 632, 633, 634, 635, 636, 637, 638, 639, 640, 641, 642, 643, 644, 645, 646, 647, 648, 649, 650, 651, 652, 653, 654, 655, 656, 657, 658, 659, 660, 661, 662, 663, 664, 665, 666, 667, 668, 669, 670, 671, 672, 673, 674, 675, 676, 677, 678, 679, 680, 681, 682, 683, 684, 685, 686, 687, 688, 689, 690, 691, 692, 693, 694, 695, 696, 697, 698, 699, 700, 701, 702, 703, 704, 705, 706, 707, 708, 709, 710, 711, 712, 713, 714, 715, 716, 717, 718, 719, 720, 721, 722, 723, 724, 725, 726, 727, 728, 729, 730, 731, 732, 733, 734, 735, 736, 737, 738, 739, 740, 741, 742, 743, 744, 745, 746, 747, 748, 749, 750, 751, 752, 753, 754, 755, 756, 757, 758, 759, 760, 761, 762, 763, 764, 765, 766, 767, 768, 769, 770, 771, 772, 773, 774, 775, 776, 777, 778, 779, 780, 781, 782, 783, 784, 785, 786, 787, 788, 789, 790, 791, 792, 793, 818]",False,[625],"[103, 104, 105, 106, 107, 108, 109, 110, 111, 112, 113, 114, 115, 116, 117, 118, 119, 120, 121, 122, 123, 124, 125, 126, 127, 128, 129, 130, 131, 132, 133, 134, 135, 136, 137, 138, 139, 140, 141, 142, 143, 144, 145, 146, 147, 148, 149, 150, 151, 152, 153, 154, 155, 156, 157, 158, 159, 160, 161, 162, 163, 164, 165, 166, 167, 168, 169, 170, 171, 172, 173, 174, 175, 176, 177, 178, 179, 180, 181, 182, 183, 184, 185, 186, 187, 188, 189, 190, 191, 192, 193, 194, 195, 196, 197, 198, 199, 200, 201, 202, 203, 204, 205, 206, 207, 208, 209, 210, 211, 212, 213, 214, 215, 216, 217, 218, 219, 220, 221, 222, 223, 224, 225, 226, 227, 228, 229, 230, 231, 232, 233, 234, 235, 236, 237, 238, 239, 240, 241, 242, 243, 244, 245, 246, 247, 248, 249, 250, 251, 252, 253, 254, 255, 256, 257, 258, 259, 260, 261, 262, 263, 264, 265, 266, 267, 268, 269, 270, 271, 272, 273, 274, 275, 276, 277, 278, 279, 280, 281, 282, 283, 284, 285, 286, 287, 288, 289, 290, 291, 292, 293, 294, 295, 296, 297, 298, 299, 300, 301, 302, 303, 304, 305, 306, 307, 308, 309, 310, 311, 312, 313, 314, 315, 316, 317, 318, 319, 320, 321, 322, 323, 324, 325, 326, 327, 328, 329, 330, 331, 332, 333, 334, 335, 336, 337, 574, 575, 576, 577, 578, 579, 580, 581, 582, 583, 584, 585, 586, 587, 588, 589, 590, 591, 592, 593, 594, 595, 596, 597, 598, 599, 600, 601, 602, 603, 604, 605, 606, 607, 608, 609, 610, 611, 612, 613, 614, 615, 616, 617, 618, 619, 620, 621, 622, 623, 624, 625, 626, 627, 628, 629, 630, 631, 632, 633, 634, 635, 636, 637, 638, 639, 640, 641, 642, 643, 644, 645, 646, 647, 648, 649, 650, 651, 652, 653, 654, 655, 656, 657, 658, 659, 660, 661, 662, 663, 664, 665, 666, 667, 668, 669, 670, 671, 672, 673, 674, 675, 676, 677, 678, 679, 680, 681, 682, 683, 684, 685, 686, 687, 688, 689, 690, 691, 692, 693, 694, 695, 696, 697, 698, 699, 700, 701, 702, 703, 704, 705, 706, 707, 708, 709, 710, 711, 712, 713, 714, 715, 716, 717, 718, 719, 720, 721, 722, 723, 724, 725, 726, 727, 728, 729, 730, 731, 732, 733, 734, 735, 736, 737, 738, 739, 740, 741, 742, 743, 744, 745, 746, 747, 748, 749, 750, 751, 752, 753, 754, 755, 756, 757, 758, 759, 760, 761, 762, 763, 764, 765, 766, 767, 768, 769, 770, 771, 772, 773, 774, 775, 776, 777, 778, 779, 780, 781, 782, 783, 784, 785, 786, 787, 788, 789, 790, 791, 792, 793]","[106, 135, 278, 288, 577, 606, 625, 737, 747]",[],"[10, 75, 103, 104, 106, 117, 118, 120, 127, 128, 129, 131, 133, 135, 136, 137, 139, 146, 147, 148, 149, 151, 158, 160, 162, 166, 173, 178, 179, 185, 190, 192, 198, 201, 203, 204, 206, 207, 212, 213, 214, 219, 223, 224, 225, 227, 230, 235, 237, 246, 247, 256, 259, 262, 263, 266, 268, 269, 271, 272, 278, 279, 284, 285, 288, 290, 292, 304, 306, 312, 316, 319, 320, 323, 324, 329, 332, 335, 495, 549, 574, 575, 577, 588, 589, 591, 598, 599, 600, 602, 604, 606, 607, 608, 610, 617, 618, 619, 620, 622, 625, 630, 632, 634, 638, 644, 649, 650, 656, 661, 663, 669, 673, 674, 676, 677, 682, 683, 684, 687, 688, 689, 691, 694, 699, 701, 710, 718, 722, 723, 727, 728, 730, 731, 737, 738, 743, 744, 747, 749, 751, 762, 764, 770, 774, 777, 778, 781, 782, 789, 791]","[2, 9, 10, 82, 111, 112, 113, 199, 279, 284, 285, 300, 488, 494, 495, 553, 581, 582, 583, 670, 738, 743, 744, 759, 818]","[2, 9, 10, 82, 111, 112, 113, 199, 279, 284, 285, 300, 488, 494, 495, 553, 581, 582, 583, 670, 738, 743, 744, 759, 818]",5/6 successful match,False,[314],True,333,False,,1.0,True,Seibert's Fuel Center ( Valero ),Valero
F Fresno ( 93722 ) Seibert's Fuel Center ( Jensen ( Valero Ave ) ),559-275-0670 CA 99 Exit 136 B (,pea <U+2610> <U+2610> S O,Fresno,93722,Seibert's Fuel Center ( Jensen ( Valero Ave ) ),559-275-0670,2016,Fresno,CA,Valero,(,CA 99 Exit 136 B ,Exit,136,False,,False,CA 99,,,,,[],[625],"[106, 135, 278, 288, 577, 606, 625, 737, 747]",[],"[103, 104, 105, 106, 107, 108, 109, 110, 111, 112, 113, 114, 115, 116, 117, 118, 119, 120, 121, 122, 123, 124, 125, 126, 127, 128, 129, 130, 131, 132, 133, 134, 135, 136, 137, 138, 139, 140, 141, 142, 143, 144, 145, 146, 147, 148, 149, 150, 151, 152, 153, 154, 155, 156, 157, 158, 159, 160, 161, 162, 163, 164, 165, 166, 167, 168, 169, 170, 171, 172, 173, 174, 175, 176, 177, 178, 179, 180, 181, 182, 183, 184, 185, 186, 187, 188, 189, 190, 191, 192, 193, 194, 195, 196, 197, 198, 199, 200, 201, 202, 203, 204, 205, 206, 207, 208, 209, 210, 211, 212, 213, 214, 215, 216, 217, 218, 219, 220, 221, 222, 223, 224, 225, 226, 227, 228, 229, 230, 231, 232, 233, 234, 235, 236, 237, 238, 239, 240, 241, 242, 243, 244, 245, 246, 247, 248, 249, 250, 251, 252, 253, 254, 255, 256, 257, 258, 259, 260, 261, 262, 263, 264, 265, 266, 267, 268, 269, 270, 271, 272, 273, 274, 275, 276, 277, 278, 279, 280, 281, 282, 283, 284, 285, 286, 287, 288, 289, 290, 291, 292, 293, 294, 295, 296, 297, 298, 299, 300, 301, 302, 303, 304, 305, 306, 307, 308, 309, 310, 311, 312, 313, 314, 315, 316, 317, 318, 319, 320, 321, 322, 323, 324, 325, 326, 327, 328, 329, 330, 331, 332, 333, 334, 335, 336, 337, 574, 575, 576, 577, 578, 579, 580, 581, 582, 583, 584, 585, 586, 587, 588, 589, 590, 591, 592, 593, 594, 595, 596, 597, 598, 599, 600, 601, 602, 603, 604, 605, 606, 607, 608, 609, 610, 611, 612, 613, 614, 615, 616, 617, 618, 619, 620, 621, 622, 623, 624, 625, 626, 627, 628, 629, 630, 631, 632, 633, 634, 635, 636, 637, 638, 639, 640, 641, 642, 643, 644, 645, 646, 647, 648, 649, 650, 651, 652, 653, 654, 655, 656, 657, 658, 659, 660, 661, 662, 663, 664, 665, 666, 667, 668, 669, 670, 671, 672, 673, 674, 675, 676, 677, 678, 679, 680, 681, 682, 683, 684, 685, 686, 687, 688, 689, 690, 691, 692, 693, 694, 695, 696, 697, 698, 699, 700, 701, 702, 703, 704, 705, 706, 707, 708, 709, 710, 711, 712, 713, 714, 715, 716, 717, 718, 719, 720, 721, 722, 723, 724, 725, 726, 727, 728, 729, 730, 731, 732, 733, 734, 735, 736, 737, 738, 739, 740, 741, 742, 743, 744, 745, 746, 747, 748, 749, 750, 751, 752, 753, 754, 755, 756, 757, 758, 759, 760, 761, 762, 763, 764, 765, 766, 767, 768, 769, 770, 771, 772, 773, 774, 775, 776, 777, 778, 779, 780, 781, 782, 783, 784, 785, 786, 787, 788, 789, 790, 791, 792, 793]","[10, 75, 103, 104, 106, 117, 118, 120, 127, 128, 129, 131, 133, 135, 136, 137, 139, 146, 147, 148, 149, 151, 158, 160, 162, 166, 173, 178, 179, 185, 190, 192, 198, 201, 203, 204, 206, 207, 212, 213, 214, 219, 223, 224, 225, 227, 230, 235, 237, 246, 247, 256, 259, 262, 263, 266, 268, 269, 271, 272, 278, 279, 284, 285, 288, 290, 292, 304, 306, 312, 316, 319, 320, 323, 324, 329, 332, 335, 495, 549, 574, 575, 577, 588, 589, 591, 598, 599, 600, 602, 604, 606, 607, 608, 610, 617, 618, 619, 620, 622, 625, 630, 632, 634, 638, 644, 649, 650, 656, 661, 663, 669, 673, 674, 676, 677, 682, 683, 684, 687, 688, 689, 691, 694, 699, 701, 710, 718, 722, 723, 727, 728, 730, 731, 737, 738, 743, 744, 747, 749, 751, 762, 764, 770, 774, 777, 778, 781, 782, 789, 791]","[2, 9, 10, 82, 111, 112, 113, 199, 279, 284, 285, 300, 488, 494, 495, 553, 581, 582, 583, 670, 738, 743, 744, 759, 818]","[2, 9, 10, 82, 111, 112, 113, 199, 279, 284, 285, 300, 488, 494, 495, 553, 581, 582, 583, 670, 738, 743, 744, 759, 818]","[2, 9, 10, 75, 82, 103, 104, 105, 106, 107, 108, 109, 110, 111, 112, 113, 114, 115, 116, 117, 118, 119, 120, 121, 122, 123, 124, 125, 126, 127, 128, 129, 130, 131, 132, 133, 134, 135, 136, 137, 138, 139, 140, 141, 142, 143, 144, 145, 146, 147, 148, 149, 150, 151, 152, 153, 154, 155, 156, 157, 158, 159, 160, 161, 162, 163, 164, 165, 166, 167, 168, 169, 170, 171, 172, 173, 174, 175, 176, 177, 178, 179, 180, 181, 182, 183, 184, 185, 186, 187, 188, 189, 190, 191, 192, 193, 194, 195, 196, 197, 198, 199, 200, 201, 202, 203, 204, 205, 206, 207, 208, 209, 210, 211, 212, 213, 214, 215, 216, 217, 218, 219, 220, 221, 222, 223, 224, 225, 226, 227, 228, 229, 230, 231, 232, 233, 234, 235, 236, 237, 238, 239, 240, 241, 242, 243, 244, 245, 246, 247, 248, 249, 250, 251, 252, 253, 254, 255, 256, 257, 258, 259, 260, 261, 262, 263, 264, 265, 266, 267, 268, 269, 270, 271, 272, 273, 274, 275, 276, 277, 278, 279, 280, 281, 282, 283, 284, 285, 286, 287, 288, 289, 290, 291, 292, 293, 294, 295, 296, 297, 298, 299, 300, 301, 302, 303, 304, 305, 306, 307, 308, 309, 310, 311, 312, 313, 314, 315, 316, 317, 318, 319, 320, 321, 322, 323, 324, 325, 326, 327, 328, 329, 330, 331, 332, 333, 334, 335, 336, 337, 488, 494, 495, 549, 553, 574, 575, 576, 577, 578, 579, 580, 581, 582, 583, 584, 585, 586, 587, 588, 589, 590, 591, 592, 593, 594, 595, 596, 597, 598, 599, 600, 601, 602, 603, 604, 605, 606, 607, 608, 609, 610, 611, 612, 613, 614, 615, 616, 617, 618, 619, 620, 621, 622, 623, 624, 625, 626, 627, 628, 629, 630, 631, 632, 633, 634, 635, 636, 637, 638, 639, 640, 641, 642, 643, 644, 645, 646, 647, 648, 649, 650, 651, 652, 653, 654, 655, 656, 657, 658, 659, 660, 661, 662, 663, 664, 665, 666, 667, 668, 669, 670, 671, 672, 673, 674, 675, 676, 677, 678, 679, 680, 681, 682, 683, 684, 685, 686, 687, 688, 689, 690, 691, 692, 693, 694, 695, 696, 697, 698, 699, 700, 701, 702, 703, 704, 705, 706, 707, 708, 709, 710, 711, 712, 713, 714, 715, 716, 717, 718, 719, 720, 721, 722, 723, 724, 725, 726, 727, 728, 729, 730, 731, 732, 733, 734, 735, 736, 737, 738, 739, 740, 741, 742, 743, 744, 745, 746, 747, 748, 749, 750, 751, 752, 753, 754, 755, 756, 757, 758, 759, 760, 761, 762, 763, 764, 765, 766, 767, 768, 769, 770, 771, 772, 773, 774, 775, 776, 777, 778, 779, 780, 781, 782, 783, 784, 785, 786, 787, 788, 789, 790, 791, 792, 793, 818]",False,[625],"[103, 104, 105, 106, 107, 108, 109, 110, 111, 112, 113, 114, 115, 116, 117, 118, 119, 120, 121, 122, 123, 124, 125, 126, 127, 128, 129, 130, 131, 132, 133, 134, 135, 136, 137, 138, 139, 140, 141, 142, 143, 144, 145, 146, 147, 148, 149, 150, 151, 152, 153, 154, 155, 156, 157, 158, 159, 160, 161, 162, 163, 164, 165, 166, 167, 168, 169, 170, 171, 172, 173, 174, 175, 176, 177, 178, 179, 180, 181, 182, 183, 184, 185, 186, 187, 188, 189, 190, 191, 192, 193, 194, 195, 196, 197, 198, 199, 200, 201, 202, 203, 204, 205, 206, 207, 208, 209, 210, 211, 212, 213, 214, 215, 216, 217, 218, 219, 220, 221, 222, 223, 224, 225, 226, 227, 228, 229, 230, 231, 232, 233, 234, 235, 236, 237, 238, 239, 240, 241, 242, 243, 244, 245, 246, 247, 248, 249, 250, 251, 252, 253, 254, 255, 256, 257, 258, 259, 260, 261, 262, 263, 264, 265, 266, 267, 268, 269, 270, 271, 272, 273, 274, 275, 276, 277, 278, 279, 280, 281, 282, 283, 284, 285, 286, 287, 288, 289, 290, 291, 292, 293, 294, 295, 296, 297, 298, 299, 300, 301, 302, 303, 304, 305, 306, 307, 308, 309, 310, 311, 312, 313, 314, 315, 316, 317, 318, 319, 320, 321, 322, 323, 324, 325, 326, 327, 328, 329, 330, 331, 332, 333, 334, 335, 336, 337, 574, 575, 576, 577, 578, 579, 580, 581, 582, 583, 584, 585, 586, 587, 588, 589, 590, 591, 592, 593, 594, 595, 596, 597, 598, 599, 600, 601, 602, 603, 604, 605, 606, 607, 608, 609, 610, 611, 612, 613, 614, 615, 616, 617, 618, 619, 620, 621, 622, 623, 624, 625, 626, 627, 628, 629, 630, 631, 632, 633, 634, 635, 636, 637, 638, 639, 640, 641, 642, 643, 644, 645, 646, 647, 648, 649, 650, 651, 652, 653, 654, 655, 656, 657, 658, 659, 660, 661, 662, 663, 664, 665, 666, 667, 668, 669, 670, 671, 672, 673, 674, 675, 676, 677, 678, 679, 680, 681, 682, 683, 684, 685, 686, 687, 688, 689, 690, 691, 692, 693, 694, 695, 696, 697, 698, 699, 700, 701, 702, 703, 704, 705, 706, 707, 708, 709, 710, 711, 712, 713, 714, 715, 716, 717, 718, 719, 720, 721, 722, 723, 724, 725, 726, 727, 728, 729, 730, 731, 732, 733, 734, 735, 736, 737, 738, 739, 740, 741, 742, 743, 744, 745, 746, 747, 748, 749, 750, 751, 752, 753, 754, 755, 756, 757, 758, 759, 760, 761, 762, 763, 764, 765, 766, 767, 768, 769, 770, 771, 772, 773, 774, 775, 776, 777, 778, 779, 780, 781, 782, 783, 784, 785, 786, 787, 788, 789, 790, 791, 792, 793]","[106, 135, 278, 288, 577, 606, 625, 737, 747]",[],"[10, 75, 103, 104, 106, 117, 118, 120, 127, 128, 129, 131, 133, 135, 136, 137, 139, 146, 147, 148, 149, 151, 158, 160, 162, 166, 173, 178, 179, 185, 190, 192, 198, 201, 203, 204, 206, 207, 212, 213, 214, 219, 223, 224, 225, 227, 230, 235, 237, 246, 247, 256, 259, 262, 263, 266, 268, 269, 271, 272, 278, 279, 284, 285, 288, 290, 292, 304, 306, 312, 316, 319, 320, 323, 324, 329, 332, 335, 495, 549, 574, 575, 577, 588, 589, 591, 598, 599, 600, 602, 604, 606, 607, 608, 610, 617, 618, 619, 620, 622, 625, 630, 632, 634, 638, 644, 649, 650, 656, 661, 663, 669, 673, 674, 676, 677, 682, 683, 684, 687, 688, 689, 691, 694, 699, 701, 710, 718, 722, 723, 727, 728, 730, 731, 737, 738, 743, 744, 747, 749, 751, 762, 764, 770, 774, 777, 778, 781, 782, 789, 791]","[2, 9, 10, 82, 111, 112, 113, 199, 279, 284, 285, 300, 488, 494, 495, 553, 581, 582, 583, 670, 738, 743, 744, 759, 818]","[2, 9, 10, 82, 111, 112, 113, 199, 279, 284, 285, 300, 488, 494, 495, 553, 581, 582, 583, 670, 738, 743, 744, 759, 818]",5/6 successful match,False,[314],True,333,False,,1.0,True,Seibert's Fuel Center ( Jensen ( Valero Ave ) ),Valero
"F Fresno , 93722 E - Z Trip Golden State Plaza",559-276-8001 CA 99 Exit 143 ( Herndon Ave ),XL <U+25A1>,Fresno,93722,E - Z Trip Golden State Plaza,559-276-8001,2006,Fresno,CA,,( Herndon Ave ),CA 99 Exit 143 ,Exit,143,False,,False,CA 99,,,,,[],[625],"[106, 135, 278, 288, 577, 606, 625, 737, 747]",[],"[103, 104, 105, 106, 107, 108, 109, 110, 111, 112, 113, 114, 115, 116, 117, 118, 119, 120, 121, 122, 123, 124, 125, 126, 127, 128, 129, 130, 131, 132, 133, 134, 135, 136, 137, 138, 139, 140, 141, 142, 143, 144, 145, 146, 147, 148, 149, 150, 151, 152, 153, 154, 155, 156, 157, 158, 159, 160, 161, 162, 163, 164, 165, 166, 167, 168, 169, 170, 171, 172, 173, 174, 175, 176, 177, 178, 179, 180, 181, 182, 183, 184, 185, 186, 187, 188, 189, 190, 191, 192, 193, 194, 195, 196, 197, 198, 199, 200, 201, 202, 203, 204, 205, 206, 207, 208, 209, 210, 211, 212, 213, 214, 215, 216, 217, 218, 219, 220, 221, 222, 223, 224, 225, 226, 227, 228, 229, 230, 231, 232, 233, 234, 235, 236, 237, 238, 239, 240, 241, 242, 243, 244, 245, 246, 247, 248, 249, 250, 251, 252, 253, 254, 255, 256, 257, 258, 259, 260, 261, 262, 263, 264, 265, 266, 267, 268, 269, 270, 271, 272, 273, 274, 275, 276, 277, 278, 279, 280, 281, 282, 283, 284, 285, 286, 287, 288, 289, 290, 291, 292, 293, 294, 295, 296, 297, 298, 299, 300, 301, 302, 303, 304, 305, 306, 307, 308, 309, 310, 311, 312, 313, 314, 315, 316, 317, 318, 319, 320, 321, 322, 323, 324, 325, 326, 327, 328, 329, 330, 331, 332, 333, 334, 335, 336, 337, 574, 575, 576, 577, 578, 579, 580, 581, 582, 583, 584, 585, 586, 587, 588, 589, 590, 591, 592, 593, 594, 595, 596, 597, 598, 599, 600, 601, 602, 603, 604, 605, 606, 607, 608, 609, 610, 611, 612, 613, 614, 615, 616, 617, 618, 619, 620, 621, 622, 623, 624, 625, 626, 627, 628, 629, 630, 631, 632, 633, 634, 635, 636, 637, 638, 639, 640, 641, 642, 643, 644, 645, 646, 647, 648, 649, 650, 651, 652, 653, 654, 655, 656, 657, 658, 659, 660, 661, 662, 663, 664, 665, 666, 667, 668, 669, 670, 671, 672, 673, 674, 675, 676, 677, 678, 679, 680, 681, 682, 683, 684, 685, 686, 687, 688, 689, 690, 691, 692, 693, 694, 695, 696, 697, 698, 699, 700, 701, 702, 703, 704, 705, 706, 707, 708, 709, 710, 711, 712, 713, 714, 715, 716, 717, 718, 719, 720, 721, 722, 723, 724, 725, 726, 727, 728, 729, 730, 731, 732, 733, 734, 735, 736, 737, 738, 739, 740, 741, 742, 743, 744, 745, 746, 747, 748, 749, 750, 751, 752, 753, 754, 755, 756, 757, 758, 759, 760, 761, 762, 763, 764, 765, 766, 767, 768, 769, 770, 771, 772, 773, 774, 775, 776, 777, 778, 779, 780, 781, 782, 783, 784, 785, 786, 787, 788, 789, 790, 791, 792, 793]","[10, 75, 103, 104, 106, 117, 118, 120, 127, 128, 129, 131, 133, 135, 136, 137, 139, 146, 147, 148, 149, 151, 158, 160, 162, 166, 173, 178, 179, 185, 190, 192, 198, 201, 203, 204, 206, 207, 212, 213, 214, 219, 223, 224, 225, 227, 230, 235, 237, 246, 247, 256, 259, 262, 263, 266, 268, 269, 271, 272, 278, 279, 284, 285, 288, 290, 292, 304, 306, 312, 316, 319, 320, 323, 324, 329, 332, 335, 495, 549, 574, 575, 577, 588, 589, 591, 598, 599, 600, 602, 604, 606, 607, 608, 610, 617, 618, 619, 620, 622, 625, 630, 632, 634, 638, 644, 649, 650, 656, 661, 663, 669, 673, 674, 676, 677, 682, 683, 684, 687, 688, 689, 691, 694, 699, 701, 710, 718, 722, 723, 727, 728, 730, 731, 737, 738, 743, 744, 747, 749, 751, 762, 764, 770, 774, 777, 778, 781, 782, 789, 791]",[],"[83, 85, 151, 152, 153, 174, 175, 176, 177, 178, 347, 348, 349, 350, 351, 352, 423, 554, 556, 622, 623, 624, 625, 645, 646, 647, 648, 649, 802, 803, 804, 805, 806, 807, 875]","[10, 75, 83, 85, 103, 104, 105, 106, 107, 108, 109, 110, 111, 112, 113, 114, 115, 116, 117, 118, 119, 120, 121, 122, 123, 124, 125, 126, 127, 128, 129, 130, 131, 132, 133, 134, 135, 136, 137, 138, 139, 140, 141, 142, 143, 144, 145, 146, 147, 148, 149, 150, 151, 152, 153, 154, 155, 156, 157, 158, 159, 160, 161, 162, 163, 164, 165, 166, 167, 168, 169, 170, 171, 172, 173, 174, 175, 176, 177, 178, 179, 180, 181, 182, 183, 184, 185, 186, 187, 188, 189, 190, 191, 192, 193, 194, 195, 196, 197, 198, 199, 200, 201, 202, 203, 204, 205, 206, 207, 208, 209, 210, 211, 212, 213, 214, 215, 216, 217, 218, 219, 220, 221, 222, 223, 224, 225, 226, 227, 228, 229, 230, 231, 232, 233, 234, 235, 236, 237, 238, 239, 240, 241, 242, 243, 244, 245, 246, 247, 248, 249, 250, 251, 252, 253, 254, 255, 256, 257, 258, 259, 260, 261, 262, 263, 264, 265, 266, 267, 268, 269, 270, 271, 272, 273, 274, 275, 276, 277, 278, 279, 280, 281, 282, 283, 284, 285, 286, 287, 288, 289, 290, 291, 292, 293, 294, 295, 296, 297, 298, 299, 300, 301, 302, 303, 304, 305, 306, 307, 308, 309, 310, 311, 312, 313, 314, 315, 316, 317, 318, 319, 320, 321, 322, 323, 324, 325, 326, 327, 328, 329, 330, 331, 332, 333, 334, 335, 336, 337, 347, 348, 349, 350, 351, 352, 423, 495, 549, 554, 556, 574, 575, 576, 577, 578, 579, 580, 581, 582, 583, 584, 585, 586, 587, 588, 589, 590, 591, 592, 593, 594, 595, 596, 597, 598, 599, 600, 601, 602, 603, 604, 605, 606, 607, 608, 609, 610, 611, 612, 613, 614, 615, 616, 617, 618, 619, 620, 621, 622, 623, 624, 625, 626, 627, 628, 629, 630, 631, 632, 633, 634, 635, 636, 637, 638, 639, 640, 641, 642, 643, 644, 645, 646, 647, 648, 649, 650, 651, 652, 653, 654, 655, 656, 657, 658, 659, 660, 661, 662, 663, 664, 665, 666, 667, 668, 669, 670, 671, 672, 673, 674, 675, 676, 677, 678, 679, 680, 681, 682, 683, 684, 685, 686, 687, 688, 689, 690, 691, 692, 693, 694, 695, 696, 697, 698, 699, 700, 701, 702, 703, 704, 705, 706, 707, 708, 709, 710, 711, 712, 713, 714, 715, 716, 717, 718, 719, 720, 721, 722, 723, 724, 725, 726, 727, 728, 729, 730, 731, 732, 733, 734, 735, 736, 737, 738, 739, 740, 741, 742, 743, 744, 745, 746, 747, 748, 749, 750, 751, 752, 753, 754, 755, 756, 757, 758, 759, 760, 761, 762, 763, 764, 765, 766, 767, 768, 769, 770, 771, 772, 773, 774, 775, 776, 777, 778, 779, 780, 781, 782, 783, 784, 785, 786, 787, 788, 789, 790, 791, 792, 793, 802, 803, 804, 805, 806, 807, 875]",False,[625],"[103, 104, 105, 106, 107, 108, 109, 110, 111, 112, 113, 114, 115, 116, 117, 118, 119, 120, 121, 122, 123, 124, 125, 126, 127, 128, 129, 130, 131, 132, 133, 134, 135, 136, 137, 138, 139, 140, 141, 142, 143, 144, 145, 146, 147, 148, 149, 150, 151, 152, 153, 154, 155, 156, 157, 158, 159, 160, 161, 162, 163, 164, 165, 166, 167, 168, 169, 170, 171, 172, 173, 174, 175, 176, 177, 178, 179, 180, 181, 182, 183, 184, 185, 186, 187, 188, 189, 190, 191, 192, 193, 194, 195, 196, 197, 198, 199, 200, 201, 202, 203, 204, 205, 206, 207, 208, 209, 210, 211, 212, 213, 214, 215, 216, 217, 218, 219, 220, 221, 222, 223, 224, 225, 226, 227, 228, 229, 230, 231, 232, 233, 234, 235, 236, 237, 238, 239, 240, 241, 242, 243, 244, 245, 246, 247, 248, 249, 250, 251, 252, 253, 254, 255, 256, 257, 258, 259, 260, 261, 262, 263, 264, 265, 266, 267, 268, 269, 270, 271, 272, 273, 274, 275, 276, 277, 278, 279, 280, 281, 282, 283, 284, 285, 286, 287, 288, 289, 290, 291, 292, 293, 294, 295, 296, 297, 298, 299, 300, 301, 302, 303, 304, 305, 306, 307, 308, 309, 310, 311, 312, 313, 314, 315, 316, 317, 318, 319, 320, 321, 322, 323, 324, 325, 326, 327, 328, 329, 330, 331, 332, 333, 334, 335, 336, 337, 574, 575, 576, 577, 578, 579, 580, 581, 582, 583, 584, 585, 586, 587, 588, 589, 590, 591, 592, 593, 594, 595, 596, 597, 598, 599, 600, 601, 602, 603, 604, 605, 606, 607, 608, 609, 610, 611, 612, 613, 614, 615, 616, 617, 618, 619, 620, 621, 622, 623, 624, 625, 626, 627, 628, 629, 630, 631, 632, 633, 634, 635, 636, 637, 638, 639, 640, 641, 642, 643, 644, 645, 646, 647, 648, 649, 650, 651, 652, 653, 654, 655, 656, 657, 658, 659, 660, 661, 662, 663, 664, 665, 666, 667, 668, 669, 670, 671, 672, 673, 674, 675, 676, 677, 678, 679, 680, 681, 682, 683, 684, 685, 686, 687, 688, 689, 690, 691, 692, 693, 694, 695, 696, 697, 698, 699, 700, 701, 702, 703, 704, 705, 706, 707, 708, 709, 710, 711, 712, 713, 714, 715, 716, 717, 718, 719, 720, 721, 722, 723, 724, 725, 726, 727, 728, 729, 730, 731, 732, 733, 734, 735, 736, 737, 738, 739, 740, 741, 742, 743, 744, 745, 746, 747, 748, 749, 750, 751, 752, 753, 754, 755, 756, 757, 758, 759, 760, 761, 762, 763, 764, 765, 766, 767, 768, 769, 770, 771, 772, 773, 774, 775, 776, 777, 778, 779, 780, 781, 782, 783, 784, 785, 786, 787, 788, 789, 790, 791, 792, 793]","[106, 135, 278, 288, 577, 606, 625, 737, 747]",[],"[10, 75, 103, 104, 106, 117, 118, 120, 127, 128, 129, 131, 133, 135, 136, 137, 139, 146, 147, 148, 149, 151, 158, 160, 162, 166, 173, 178, 179, 185, 190, 192, 198, 201, 203, 204, 206, 207, 212, 213, 214, 219, 223, 224, 225, 227, 230, 235, 237, 246, 247, 256, 259, 262, 263, 266, 268, 269, 271, 272, 278, 279, 284, 285, 288, 290, 292, 304, 306, 312, 316, 319, 320, 323, 324, 329, 332, 335, 495, 549, 574, 575, 577, 588, 589, 591, 598, 599, 600, 602, 604, 606, 607, 608, 610, 617, 618, 619, 620, 622, 625, 630, 632, 634, 638, 644, 649, 650, 656, 661, 663, 669, 673, 674, 676, 677, 682, 683, 684, 687, 688, 689, 691, 694, 699, 701, 710, 718, 722, 723, 727, 728, 730, 731, 737, 738, 743, 744, 747, 749, 751, 762, 764, 770, 774, 777, 778, 781, 782, 789, 791]","[83, 85, 151, 152, 153, 174, 175, 176, 177, 178, 347, 348, 349, 350, 351, 352, 423, 554, 556, 622, 623, 624, 625, 645, 646, 647, 648, 649, 802, 803, 804, 805, 806, 807, 875]",[],7/6 successful match,False,,False,334,False,,,,,
"F Fresno , 93722 E - Z Trip Golden State Plaza",559-276-8001 CA 99 Exit 143 ( Herndon Ave ),24,Fresno,93722,E - Z Trip Golden State Plaza,559-276-8001,2007,Fresno,CA,,( Herndon Ave ),CA 99 Exit 143 ,Exit,143,False,,False,CA 99,,,,,[],[625],"[106, 135, 278, 288, 577, 606, 625, 737, 747]",[],"[103, 104, 105, 106, 107, 108, 109, 110, 111, 112, 113, 114, 115, 116, 117, 118, 119, 120, 121, 122, 123, 124, 125, 126, 127, 128, 129, 130, 131, 132, 133, 134, 135, 136, 137, 138, 139, 140, 141, 142, 143, 144, 145, 146, 147, 148, 149, 150, 151, 152, 153, 154, 155, 156, 157, 158, 159, 160, 161, 162, 163, 164, 165, 166, 167, 168, 169, 170, 171, 172, 173, 174, 175, 176, 177, 178, 179, 180, 181, 182, 183, 184, 185, 186, 187, 188, 189, 190, 191, 192, 193, 194, 195, 196, 197, 198, 199, 200, 201, 202, 203, 204, 205, 206, 207, 208, 209, 210, 211, 212, 213, 214, 215, 216, 217, 218, 219, 220, 221, 222, 223, 224, 225, 226, 227, 228, 229, 230, 231, 232, 233, 234, 235, 236, 237, 238, 239, 240, 241, 242, 243, 244, 245, 246, 247, 248, 249, 250, 251, 252, 253, 254, 255, 256, 257, 258, 259, 260, 261, 262, 263, 264, 265, 266, 267, 268, 269, 270, 271, 272, 273, 274, 275, 276, 277, 278, 279, 280, 281, 282, 283, 284, 285, 286, 287, 288, 289, 290, 291, 292, 293, 294, 295, 296, 297, 298, 299, 300, 301, 302, 303, 304, 305, 306, 307, 308, 309, 310, 311, 312, 313, 314, 315, 316, 317, 318, 319, 320, 321, 322, 323, 324, 325, 326, 327, 328, 329, 330, 331, 332, 333, 334, 335, 336, 337, 574, 575, 576, 577, 578, 579, 580, 581, 582, 583, 584, 585, 586, 587, 588, 589, 590, 591, 592, 593, 594, 595, 596, 597, 598, 599, 600, 601, 602, 603, 604, 605, 606, 607, 608, 609, 610, 611, 612, 613, 614, 615, 616, 617, 618, 619, 620, 621, 622, 623, 624, 625, 626, 627, 628, 629, 630, 631, 632, 633, 634, 635, 636, 637, 638, 639, 640, 641, 642, 643, 644, 645, 646, 647, 648, 649, 650, 651, 652, 653, 654, 655, 656, 657, 658, 659, 660, 661, 662, 663, 664, 665, 666, 667, 668, 669, 670, 671, 672, 673, 674, 675, 676, 677, 678, 679, 680, 681, 682, 683, 684, 685, 686, 687, 688, 689, 690, 691, 692, 693, 694, 695, 696, 697, 698, 699, 700, 701, 702, 703, 704, 705, 706, 707, 708, 709, 710, 711, 712, 713, 714, 715, 716, 717, 718, 719, 720, 721, 722, 723, 724, 725, 726, 727, 728, 729, 730, 731, 732, 733, 734, 735, 736, 737, 738, 739, 740, 741, 742, 743, 744, 745, 746, 747, 748, 749, 750, 751, 752, 753, 754, 755, 756, 757, 758, 759, 760, 761, 762, 763, 764, 765, 766, 767, 768, 769, 770, 771, 772, 773, 774, 775, 776, 777, 778, 779, 780, 781, 782, 783, 784, 785, 786, 787, 788, 789, 790, 791, 792, 793]","[10, 75, 103, 104, 106, 117, 118, 120, 127, 128, 129, 131, 133, 135, 136, 137, 139, 146, 147, 148, 149, 151, 158, 160, 162, 166, 173, 178, 179, 185, 190, 192, 198, 201, 203, 204, 206, 207, 212, 213, 214, 219, 223, 224, 225, 227, 230, 235, 237, 246, 247, 256, 259, 262, 263, 266, 268, 269, 271, 272, 278, 279, 284, 285, 288, 290, 292, 304, 306, 312, 316, 319, 320, 323, 324, 329, 332, 335, 495, 549, 574, 575, 577, 588, 589, 591, 598, 599, 600, 602, 604, 606, 607, 608, 610, 617, 618, 619, 620, 622, 625, 630, 632, 634, 638, 644, 649, 650, 656, 661, 663, 669, 673, 674, 676, 677, 682, 683, 684, 687, 688, 689, 691, 694, 699, 701, 710, 718, 722, 723, 727, 728, 730, 731, 737, 738, 743, 744, 747, 749, 751, 762, 764, 770, 774, 777, 778, 781, 782, 789, 791]",[],"[83, 85, 151, 152, 153, 174, 175, 176, 177, 178, 347, 348, 349, 350, 351, 352, 423, 554, 556, 622, 623, 624, 625, 645, 646, 647, 648, 649, 802, 803, 804, 805, 806, 807, 875]","[10, 75, 83, 85, 103, 104, 105, 106, 107, 108, 109, 110, 111, 112, 113, 114, 115, 116, 117, 118, 119, 120, 121, 122, 123, 124, 125, 126, 127, 128, 129, 130, 131, 132, 133, 134, 135, 136, 137, 138, 139, 140, 141, 142, 143, 144, 145, 146, 147, 148, 149, 150, 151, 152, 153, 154, 155, 156, 157, 158, 159, 160, 161, 162, 163, 164, 165, 166, 167, 168, 169, 170, 171, 172, 173, 174, 175, 176, 177, 178, 179, 180, 181, 182, 183, 184, 185, 186, 187, 188, 189, 190, 191, 192, 193, 194, 195, 196, 197, 198, 199, 200, 201, 202, 203, 204, 205, 206, 207, 208, 209, 210, 211, 212, 213, 214, 215, 216, 217, 218, 219, 220, 221, 222, 223, 224, 225, 226, 227, 228, 229, 230, 231, 232, 233, 234, 235, 236, 237, 238, 239, 240, 241, 242, 243, 244, 245, 246, 247, 248, 249, 250, 251, 252, 253, 254, 255, 256, 257, 258, 259, 260, 261, 262, 263, 264, 265, 266, 267, 268, 269, 270, 271, 272, 273, 274, 275, 276, 277, 278, 279, 280, 281, 282, 283, 284, 285, 286, 287, 288, 289, 290, 291, 292, 293, 294, 295, 296, 297, 298, 299, 300, 301, 302, 303, 304, 305, 306, 307, 308, 309, 310, 311, 312, 313, 314, 315, 316, 317, 318, 319, 320, 321, 322, 323, 324, 325, 326, 327, 328, 329, 330, 331, 332, 333, 334, 335, 336, 337, 347, 348, 349, 350, 351, 352, 423, 495, 549, 554, 556, 574, 575, 576, 577, 578, 579, 580, 581, 582, 583, 584, 585, 586, 587, 588, 589, 590, 591, 592, 593, 594, 595, 596, 597, 598, 599, 600, 601, 602, 603, 604, 605, 606, 607, 608, 609, 610, 611, 612, 613, 614, 615, 616, 617, 618, 619, 620, 621, 622, 623, 624, 625, 626, 627, 628, 629, 630, 631, 632, 633, 634, 635, 636, 637, 638, 639, 640, 641, 642, 643, 644, 645, 646, 647, 648, 649, 650, 651, 652, 653, 654, 655, 656, 657, 658, 659, 660, 661, 662, 663, 664, 665, 666, 667, 668, 669, 670, 671, 672, 673, 674, 675, 676, 677, 678, 679, 680, 681, 682, 683, 684, 685, 686, 687, 688, 689, 690, 691, 692, 693, 694, 695, 696, 697, 698, 699, 700, 701, 702, 703, 704, 705, 706, 707, 708, 709, 710, 711, 712, 713, 714, 715, 716, 717, 718, 719, 720, 721, 722, 723, 724, 725, 726, 727, 728, 729, 730, 731, 732, 733, 734, 735, 736, 737, 738, 739, 740, 741, 742, 743, 744, 745, 746, 747, 748, 749, 750, 751, 752, 753, 754, 755, 756, 757, 758, 759, 760, 761, 762, 763, 764, 765, 766, 767, 768, 769, 770, 771, 772, 773, 774, 775, 776, 777, 778, 779, 780, 781, 782, 783, 784, 785, 786, 787, 788, 789, 790, 791, 792, 793, 802, 803, 804, 805, 806, 807, 875]",False,[625],"[103, 104, 105, 106, 107, 108, 109, 110, 111, 112, 113, 114, 115, 116, 117, 118, 119, 120, 121, 122, 123, 124, 125, 126, 127, 128, 129, 130, 131, 132, 133, 134, 135, 136, 137, 138, 139, 140, 141, 142, 143, 144, 145, 146, 147, 148, 149, 150, 151, 152, 153, 154, 155, 156, 157, 158, 159, 160, 161, 162, 163, 164, 165, 166, 167, 168, 169, 170, 171, 172, 173, 174, 175, 176, 177, 178, 179, 180, 181, 182, 183, 184, 185, 186, 187, 188, 189, 190, 191, 192, 193, 194, 195, 196, 197, 198, 199, 200, 201, 202, 203, 204, 205, 206, 207, 208, 209, 210, 211, 212, 213, 214, 215, 216, 217, 218, 219, 220, 221, 222, 223, 224, 225, 226, 227, 228, 229, 230, 231, 232, 233, 234, 235, 236, 237, 238, 239, 240, 241, 242, 243, 244, 245, 246, 247, 248, 249, 250, 251, 252, 253, 254, 255, 256, 257, 258, 259, 260, 261, 262, 263, 264, 265, 266, 267, 268, 269, 270, 271, 272, 273, 274, 275, 276, 277, 278, 279, 280, 281, 282, 283, 284, 285, 286, 287, 288, 289, 290, 291, 292, 293, 294, 295, 296, 297, 298, 299, 300, 301, 302, 303, 304, 305, 306, 307, 308, 309, 310, 311, 312, 313, 314, 315, 316, 317, 318, 319, 320, 321, 322, 323, 324, 325, 326, 327, 328, 329, 330, 331, 332, 333, 334, 335, 336, 337, 574, 575, 576, 577, 578, 579, 580, 581, 582, 583, 584, 585, 586, 587, 588, 589, 590, 591, 592, 593, 594, 595, 596, 597, 598, 599, 600, 601, 602, 603, 604, 605, 606, 607, 608, 609, 610, 611, 612, 613, 614, 615, 616, 617, 618, 619, 620, 621, 622, 623, 624, 625, 626, 627, 628, 629, 630, 631, 632, 633, 634, 635, 636, 637, 638, 639, 640, 641, 642, 643, 644, 645, 646, 647, 648, 649, 650, 651, 652, 653, 654, 655, 656, 657, 658, 659, 660, 661, 662, 663, 664, 665, 666, 667, 668, 669, 670, 671, 672, 673, 674, 675, 676, 677, 678, 679, 680, 681, 682, 683, 684, 685, 686, 687, 688, 689, 690, 691, 692, 693, 694, 695, 696, 697, 698, 699, 700, 701, 702, 703, 704, 705, 706, 707, 708, 709, 710, 711, 712, 713, 714, 715, 716, 717, 718, 719, 720, 721, 722, 723, 724, 725, 726, 727, 728, 729, 730, 731, 732, 733, 734, 735, 736, 737, 738, 739, 740, 741, 742, 743, 744, 745, 746, 747, 748, 749, 750, 751, 752, 753, 754, 755, 756, 757, 758, 759, 760, 761, 762, 763, 764, 765, 766, 767, 768, 769, 770, 771, 772, 773, 774, 775, 776, 777, 778, 779, 780, 781, 782, 783, 784, 785, 786, 787, 788, 789, 790, 791, 792, 793]","[106, 135, 278, 288, 577, 606, 625, 737, 747]",[],"[10, 75, 103, 104, 106, 117, 118, 120, 127, 128, 129, 131, 133, 135, 136, 137, 139, 146, 147, 148, 149, 151, 158, 160, 162, 166, 173, 178, 179, 185, 190, 192, 198, 201, 203, 204, 206, 207, 212, 213, 214, 219, 223, 224, 225, 227, 230, 235, 237, 246, 247, 256, 259, 262, 263, 266, 268, 269, 271, 272, 278, 279, 284, 285, 288, 290, 292, 304, 306, 312, 316, 319, 320, 323, 324, 329, 332, 335, 495, 549, 574, 575, 577, 588, 589, 591, 598, 599, 600, 602, 604, 606, 607, 608, 610, 617, 618, 619, 620, 622, 625, 630, 632, 634, 638, 644, 649, 650, 656, 661, 663, 669, 673, 674, 676, 677, 682, 683, 684, 687, 688, 689, 691, 694, 699, 701, 710, 718, 722, 723, 727, 728, 730, 731, 737, 738, 743, 744, 747, 749, 751, 762, 764, 770, 774, 777, 778, 781, 782, 789, 791]","[83, 85, 151, 152, 153, 174, 175, 176, 177, 178, 347, 348, 349, 350, 351, 352, 423, 554, 556, 622, 623, 624, 625, 645, 646, 647, 648, 649, 802, 803, 804, 805, 806, 807, 875]",[],7/6 successful match,False,,False,334,False,,1.0,True,E - Z Trip Golden State Plaza,
"F Fresno , 93722 E - Z Trip Golden State Plaza",3 559-276-8001 CA 99 Exit 143 ( Herndon Ave ),24 HRS XL <U+2610><U+2610>,Fresno,93722,E - Z Trip Golden State Plaza,559-276-8001,2008,Fresno,CA,,( Herndon Ave ),CA 99 Exit 143 ,Exit,143,False,,False,CA 99,,,,,[],[625],"[106, 135, 278, 288, 577, 606, 625, 737, 747]",[],"[103, 104, 105, 106, 107, 108, 109, 110, 111, 112, 113, 114, 115, 116, 117, 118, 119, 120, 121, 122, 123, 124, 125, 126, 127, 128, 129, 130, 131, 132, 133, 134, 135, 136, 137, 138, 139, 140, 141, 142, 143, 144, 145, 146, 147, 148, 149, 150, 151, 152, 153, 154, 155, 156, 157, 158, 159, 160, 161, 162, 163, 164, 165, 166, 167, 168, 169, 170, 171, 172, 173, 174, 175, 176, 177, 178, 179, 180, 181, 182, 183, 184, 185, 186, 187, 188, 189, 190, 191, 192, 193, 194, 195, 196, 197, 198, 199, 200, 201, 202, 203, 204, 205, 206, 207, 208, 209, 210, 211, 212, 213, 214, 215, 216, 217, 218, 219, 220, 221, 222, 223, 224, 225, 226, 227, 228, 229, 230, 231, 232, 233, 234, 235, 236, 237, 238, 239, 240, 241, 242, 243, 244, 245, 246, 247, 248, 249, 250, 251, 252, 253, 254, 255, 256, 257, 258, 259, 260, 261, 262, 263, 264, 265, 266, 267, 268, 269, 270, 271, 272, 273, 274, 275, 276, 277, 278, 279, 280, 281, 282, 283, 284, 285, 286, 287, 288, 289, 290, 291, 292, 293, 294, 295, 296, 297, 298, 299, 300, 301, 302, 303, 304, 305, 306, 307, 308, 309, 310, 311, 312, 313, 314, 315, 316, 317, 318, 319, 320, 321, 322, 323, 324, 325, 326, 327, 328, 329, 330, 331, 332, 333, 334, 335, 336, 337, 574, 575, 576, 577, 578, 579, 580, 581, 582, 583, 584, 585, 586, 587, 588, 589, 590, 591, 592, 593, 594, 595, 596, 597, 598, 599, 600, 601, 602, 603, 604, 605, 606, 607, 608, 609, 610, 611, 612, 613, 614, 615, 616, 617, 618, 619, 620, 621, 622, 623, 624, 625, 626, 627, 628, 629, 630, 631, 632, 633, 634, 635, 636, 637, 638, 639, 640, 641, 642, 643, 644, 645, 646, 647, 648, 649, 650, 651, 652, 653, 654, 655, 656, 657, 658, 659, 660, 661, 662, 663, 664, 665, 666, 667, 668, 669, 670, 671, 672, 673, 674, 675, 676, 677, 678, 679, 680, 681, 682, 683, 684, 685, 686, 687, 688, 689, 690, 691, 692, 693, 694, 695, 696, 697, 698, 699, 700, 701, 702, 703, 704, 705, 706, 707, 708, 709, 710, 711, 712, 713, 714, 715, 716, 717, 718, 719, 720, 721, 722, 723, 724, 725, 726, 727, 728, 729, 730, 731, 732, 733, 734, 735, 736, 737, 738, 739, 740, 741, 742, 743, 744, 745, 746, 747, 748, 749, 750, 751, 752, 753, 754, 755, 756, 757, 758, 759, 760, 761, 762, 763, 764, 765, 766, 767, 768, 769, 770, 771, 772, 773, 774, 775, 776, 777, 778, 779, 780, 781, 782, 783, 784, 785, 786, 787, 788, 789, 790, 791, 792, 793]","[10, 75, 103, 104, 106, 117, 118, 120, 127, 128, 129, 131, 133, 135, 136, 137, 139, 146, 147, 148, 149, 151, 158, 160, 162, 166, 173, 178, 179, 185, 190, 192, 198, 201, 203, 204, 206, 207, 212, 213, 214, 219, 223, 224, 225, 227, 230, 235, 237, 246, 247, 256, 259, 262, 263, 266, 268, 269, 271, 272, 278, 279, 284, 285, 288, 290, 292, 304, 306, 312, 316, 319, 320, 323, 324, 329, 332, 335, 495, 549, 574, 575, 577, 588, 589, 591, 598, 599, 600, 602, 604, 606, 607, 608, 610, 617, 618, 619, 620, 622, 625, 630, 632, 634, 638, 644, 649, 650, 656, 661, 663, 669, 673, 674, 676, 677, 682, 683, 684, 687, 688, 689, 691, 694, 699, 701, 710, 718, 722, 723, 727, 728, 730, 731, 737, 738, 743, 744, 747, 749, 751, 762, 764, 770, 774, 777, 778, 781, 782, 789, 791]",[],"[83, 85, 151, 152, 153, 174, 175, 176, 177, 178, 347, 348, 349, 350, 351, 352, 423, 554, 556, 622, 623, 624, 625, 645, 646, 647, 648, 649, 802, 803, 804, 805, 806, 807, 875]","[10, 75, 83, 85, 103, 104, 105, 106, 107, 108, 109, 110, 111, 112, 113, 114, 115, 116, 117, 118, 119, 120, 121, 122, 123, 124, 125, 126, 127, 128, 129, 130, 131, 132, 133, 134, 135, 136, 137, 138, 139, 140, 141, 142, 143, 144, 145, 146, 147, 148, 149, 150, 151, 152, 153, 154, 155, 156, 157, 158, 159, 160, 161, 162, 163, 164, 165, 166, 167, 168, 169, 170, 171, 172, 173, 174, 175, 176, 177, 178, 179, 180, 181, 182, 183, 184, 185, 186, 187, 188, 189, 190, 191, 192, 193, 194, 195, 196, 197, 198, 199, 200, 201, 202, 203, 204, 205, 206, 207, 208, 209, 210, 211, 212, 213, 214, 215, 216, 217, 218, 219, 220, 221, 222, 223, 224, 225, 226, 227, 228, 229, 230, 231, 232, 233, 234, 235, 236, 237, 238, 239, 240, 241, 242, 243, 244, 245, 246, 247, 248, 249, 250, 251, 252, 253, 254, 255, 256, 257, 258, 259, 260, 261, 262, 263, 264, 265, 266, 267, 268, 269, 270, 271, 272, 273, 274, 275, 276, 277, 278, 279, 280, 281, 282, 283, 284, 285, 286, 287, 288, 289, 290, 291, 292, 293, 294, 295, 296, 297, 298, 299, 300, 301, 302, 303, 304, 305, 306, 307, 308, 309, 310, 311, 312, 313, 314, 315, 316, 317, 318, 319, 320, 321, 322, 323, 324, 325, 326, 327, 328, 329, 330, 331, 332, 333, 334, 335, 336, 337, 347, 348, 349, 350, 351, 352, 423, 495, 549, 554, 556, 574, 575, 576, 577, 578, 579, 580, 581, 582, 583, 584, 585, 586, 587, 588, 589, 590, 591, 592, 593, 594, 595, 596, 597, 598, 599, 600, 601, 602, 603, 604, 605, 606, 607, 608, 609, 610, 611, 612, 613, 614, 615, 616, 617, 618, 619, 620, 621, 622, 623, 624, 625, 626, 627, 628, 629, 630, 631, 632, 633, 634, 635, 636, 637, 638, 639, 640, 641, 642, 643, 644, 645, 646, 647, 648, 649, 650, 651, 652, 653, 654, 655, 656, 657, 658, 659, 660, 661, 662, 663, 664, 665, 666, 667, 668, 669, 670, 671, 672, 673, 674, 675, 676, 677, 678, 679, 680, 681, 682, 683, 684, 685, 686, 687, 688, 689, 690, 691, 692, 693, 694, 695, 696, 697, 698, 699, 700, 701, 702, 703, 704, 705, 706, 707, 708, 709, 710, 711, 712, 713, 714, 715, 716, 717, 718, 719, 720, 721, 722, 723, 724, 725, 726, 727, 728, 729, 730, 731, 732, 733, 734, 735, 736, 737, 738, 739, 740, 741, 742, 743, 744, 745, 746, 747, 748, 749, 750, 751, 752, 753, 754, 755, 756, 757, 758, 759, 760, 761, 762, 763, 764, 765, 766, 767, 768, 769, 770, 771, 772, 773, 774, 775, 776, 777, 778, 779, 780, 781, 782, 783, 784, 785, 786, 787, 788, 789, 790, 791, 792, 793, 802, 803, 804, 805, 806, 807, 875]",False,[625],"[103, 104, 105, 106, 107, 108, 109, 110, 111, 112, 113, 114, 115, 116, 117, 118, 119, 120, 121, 122, 123, 124, 125, 126, 127, 128, 129, 130, 131, 132, 133, 134, 135, 136, 137, 138, 139, 140, 141, 142, 143, 144, 145, 146, 147, 148, 149, 150, 151, 152, 153, 154, 155, 156, 157, 158, 159, 160, 161, 162, 163, 164, 165, 166, 167, 168, 169, 170, 171, 172, 173, 174, 175, 176, 177, 178, 179, 180, 181, 182, 183, 184, 185, 186, 187, 188, 189, 190, 191, 192, 193, 194, 195, 196, 197, 198, 199, 200, 201, 202, 203, 204, 205, 206, 207, 208, 209, 210, 211, 212, 213, 214, 215, 216, 217, 218, 219, 220, 221, 222, 223, 224, 225, 226, 227, 228, 229, 230, 231, 232, 233, 234, 235, 236, 237, 238, 239, 240, 241, 242, 243, 244, 245, 246, 247, 248, 249, 250, 251, 252, 253, 254, 255, 256, 257, 258, 259, 260, 261, 262, 263, 264, 265, 266, 267, 268, 269, 270, 271, 272, 273, 274, 275, 276, 277, 278, 279, 280, 281, 282, 283, 284, 285, 286, 287, 288, 289, 290, 291, 292, 293, 294, 295, 296, 297, 298, 299, 300, 301, 302, 303, 304, 305, 306, 307, 308, 309, 310, 311, 312, 313, 314, 315, 316, 317, 318, 319, 320, 321, 322, 323, 324, 325, 326, 327, 328, 329, 330, 331, 332, 333, 334, 335, 336, 337, 574, 575, 576, 577, 578, 579, 580, 581, 582, 583, 584, 585, 586, 587, 588, 589, 590, 591, 592, 593, 594, 595, 596, 597, 598, 599, 600, 601, 602, 603, 604, 605, 606, 607, 608, 609, 610, 611, 612, 613, 614, 615, 616, 617, 618, 619, 620, 621, 622, 623, 624, 625, 626, 627, 628, 629, 630, 631, 632, 633, 634, 635, 636, 637, 638, 639, 640, 641, 642, 643, 644, 645, 646, 647, 648, 649, 650, 651, 652, 653, 654, 655, 656, 657, 658, 659, 660, 661, 662, 663, 664, 665, 666, 667, 668, 669, 670, 671, 672, 673, 674, 675, 676, 677, 678, 679, 680, 681, 682, 683, 684, 685, 686, 687, 688, 689, 690, 691, 692, 693, 694, 695, 696, 697, 698, 699, 700, 701, 702, 703, 704, 705, 706, 707, 708, 709, 710, 711, 712, 713, 714, 715, 716, 717, 718, 719, 720, 721, 722, 723, 724, 725, 726, 727, 728, 729, 730, 731, 732, 733, 734, 735, 736, 737, 738, 739, 740, 741, 742, 743, 744, 745, 746, 747, 748, 749, 750, 751, 752, 753, 754, 755, 756, 757, 758, 759, 760, 761, 762, 763, 764, 765, 766, 767, 768, 769, 770, 771, 772, 773, 774, 775, 776, 777, 778, 779, 780, 781, 782, 783, 784, 785, 786, 787, 788, 789, 790, 791, 792, 793]","[106, 135, 278, 288, 577, 606, 625, 737, 747]",[],"[10, 75, 103, 104, 106, 117, 118, 120, 127, 128, 129, 131, 133, 135, 136, 137, 139, 146, 147, 148, 149, 151, 158, 160, 162, 166, 173, 178, 179, 185, 190, 192, 198, 201, 203, 204, 206, 207, 212, 213, 214, 219, 223, 224, 225, 227, 230, 235, 237, 246, 247, 256, 259, 262, 263, 266, 268, 269, 271, 272, 278, 279, 284, 285, 288, 290, 292, 304, 306, 312, 316, 319, 320, 323, 324, 329, 332, 335, 495, 549, 574, 575, 577, 588, 589, 591, 598, 599, 600, 602, 604, 606, 607, 608, 610, 617, 618, 619, 620, 622, 625, 630, 632, 634, 638, 644, 649, 650, 656, 661, 663, 669, 673, 674, 676, 677, 682, 683, 684, 687, 688, 689, 691, 694, 699, 701, 710, 718, 722, 723, 727, 728, 730, 731, 737, 738, 743, 744, 747, 749, 751, 762, 764, 770, 774, 777, 778, 781, 782, 789, 791]","[83, 85, 151, 152, 153, 174, 175, 176, 177, 178, 347, 348, 349, 350, 351, 352, 423, 554, 556, 622, 623, 624, 625, 645, 646, 647, 648, 649, 802, 803, 804, 805, 806, 807, 875]",[],7/6 successful match,False,,False,334,False,,1.0,True,E - Z Trip Golden State Plaza,
F Fresno ( 93722 ) E - Z Trip Truck Stop,3 559-276-8001 CA 99 Exit 142 ( Herndon Ave E ),24 L <U+2610>,Fresno,93722,E - Z Trip Truck Stop,559-276-8001,2014,Fresno,CA,,( Herndon Ave E ),CA 99 Exit 142 ,Exit,142,False,,False,CA 99,,,,,[],[625],"[106, 135, 278, 288, 577, 606, 625, 737, 747]","[142, 613, 625]","[103, 104, 105, 106, 107, 108, 109, 110, 111, 112, 113, 114, 115, 116, 117, 118, 119, 120, 121, 122, 123, 124, 125, 126, 127, 128, 129, 130, 131, 132, 133, 134, 135, 136, 137, 138, 139, 140, 141, 142, 143, 144, 145, 146, 147, 148, 149, 150, 151, 152, 153, 154, 155, 156, 157, 158, 159, 160, 161, 162, 163, 164, 165, 166, 167, 168, 169, 170, 171, 172, 173, 174, 175, 176, 177, 178, 179, 180, 181, 182, 183, 184, 185, 186, 187, 188, 189, 190, 191, 192, 193, 194, 195, 196, 197, 198, 199, 200, 201, 202, 203, 204, 205, 206, 207, 208, 209, 210, 211, 212, 213, 214, 215, 216, 217, 218, 219, 220, 221, 222, 223, 224, 225, 226, 227, 228, 229, 230, 231, 232, 233, 234, 235, 236, 237, 238, 239, 240, 241, 242, 243, 244, 245, 246, 247, 248, 249, 250, 251, 252, 253, 254, 255, 256, 257, 258, 259, 260, 261, 262, 263, 264, 265, 266, 267, 268, 269, 270, 271, 272, 273, 274, 275, 276, 277, 278, 279, 280, 281, 282, 283, 284, 285, 286, 287, 288, 289, 290, 291, 292, 293, 294, 295, 296, 297, 298, 299, 300, 301, 302, 303, 304, 305, 306, 307, 308, 309, 310, 311, 312, 313, 314, 315, 316, 317, 318, 319, 320, 321, 322, 323, 324, 325, 326, 327, 328, 329, 330, 331, 332, 333, 334, 335, 336, 337, 574, 575, 576, 577, 578, 579, 580, 581, 582, 583, 584, 585, 586, 587, 588, 589, 590, 591, 592, 593, 594, 595, 596, 597, 598, 599, 600, 601, 602, 603, 604, 605, 606, 607, 608, 609, 610, 611, 612, 613, 614, 615, 616, 617, 618, 619, 620, 621, 622, 623, 624, 625, 626, 627, 628, 629, 630, 631, 632, 633, 634, 635, 636, 637, 638, 639, 640, 641, 642, 643, 644, 645, 646, 647, 648, 649, 650, 651, 652, 653, 654, 655, 656, 657, 658, 659, 660, 661, 662, 663, 664, 665, 666, 667, 668, 669, 670, 671, 672, 673, 674, 675, 676, 677, 678, 679, 680, 681, 682, 683, 684, 685, 686, 687, 688, 689, 690, 691, 692, 693, 694, 695, 696, 697, 698, 699, 700, 701, 702, 703, 704, 705, 706, 707, 708, 709, 710, 711, 712, 713, 714, 715, 716, 717, 718, 719, 720, 721, 722, 723, 724, 725, 726, 727, 728, 729, 730, 731, 732, 733, 734, 735, 736, 737, 738, 739, 740, 741, 742, 743, 744, 745, 746, 747, 748, 749, 750, 751, 752, 753, 754, 755, 756, 757, 758, 759, 760, 761, 762, 763, 764, 765, 766, 767, 768, 769, 770, 771, 772, 773, 774, 775, 776, 777, 778, 779, 780, 781, 782, 783, 784, 785, 786, 787, 788, 789, 790, 791, 792, 793]","[10, 75, 103, 104, 106, 117, 118, 120, 127, 128, 129, 131, 133, 135, 136, 137, 139, 146, 147, 148, 149, 151, 158, 160, 162, 166, 173, 178, 179, 185, 190, 192, 198, 201, 203, 204, 206, 207, 212, 213, 214, 219, 223, 224, 225, 227, 230, 235, 237, 246, 247, 256, 259, 262, 263, 266, 268, 269, 271, 272, 278, 279, 284, 285, 288, 290, 292, 304, 306, 312, 316, 319, 320, 323, 324, 329, 332, 335, 495, 549, 574, 575, 577, 588, 589, 591, 598, 599, 600, 602, 604, 606, 607, 608, 610, 617, 618, 619, 620, 622, 625, 630, 632, 634, 638, 644, 649, 650, 656, 661, 663, 669, 673, 674, 676, 677, 682, 683, 684, 687, 688, 689, 691, 694, 699, 701, 710, 718, 722, 723, 727, 728, 730, 731, 737, 738, 743, 744, 747, 749, 751, 762, 764, 770, 774, 777, 778, 781, 782, 789, 791]",[],"[83, 85, 151, 152, 153, 554, 556, 622, 623, 624, 625]","[10, 75, 83, 85, 103, 104, 105, 106, 107, 108, 109, 110, 111, 112, 113, 114, 115, 116, 117, 118, 119, 120, 121, 122, 123, 124, 125, 126, 127, 128, 129, 130, 131, 132, 133, 134, 135, 136, 137, 138, 139, 140, 141, 142, 143, 144, 145, 146, 147, 148, 149, 150, 151, 152, 153, 154, 155, 156, 157, 158, 159, 160, 161, 162, 163, 164, 165, 166, 167, 168, 169, 170, 171, 172, 173, 174, 175, 176, 177, 178, 179, 180, 181, 182, 183, 184, 185, 186, 187, 188, 189, 190, 191, 192, 193, 194, 195, 196, 197, 198, 199, 200, 201, 202, 203, 204, 205, 206, 207, 208, 209, 210, 211, 212, 213, 214, 215, 216, 217, 218, 219, 220, 221, 222, 223, 224, 225, 226, 227, 228, 229, 230, 231, 232, 233, 234, 235, 236, 237, 238, 239, 240, 241, 242, 243, 244, 245, 246, 247, 248, 249, 250, 251, 252, 253, 254, 255, 256, 257, 258, 259, 260, 261, 262, 263, 264, 265, 266, 267, 268, 269, 270, 271, 272, 273, 274, 275, 276, 277, 278, 279, 280, 281, 282, 283, 284, 285, 286, 287, 288, 289, 290, 291, 292, 293, 294, 295, 296, 297, 298, 299, 300, 301, 302, 303, 304, 305, 306, 307, 308, 309, 310, 311, 312, 313, 314, 315, 316, 317, 318, 319, 320, 321, 322, 323, 324, 325, 326, 327, 328, 329, 330, 331, 332, 333, 334, 335, 336, 337, 495, 549, 554, 556, 574, 575, 576, 577, 578, 579, 580, 581, 582, 583, 584, 585, 586, 587, 588, 589, 590, 591, 592, 593, 594, 595, 596, 597, 598, 599, 600, 601, 602, 603, 604, 605, 606, 607, 608, 609, 610, 611, 612, 613, 614, 615, 616, 617, 618, 619, 620, 621, 622, 623, 624, 625, 626, 627, 628, 629, 630, 631, 632, 633, 634, 635, 636, 637, 638, 639, 640, 641, 642, 643, 644, 645, 646, 647, 648, 649, 650, 651, 652, 653, 654, 655, 656, 657, 658, 659, 660, 661, 662, 663, 664, 665, 666, 667, 668, 669, 670, 671, 672, 673, 674, 675, 676, 677, 678, 679, 680, 681, 682, 683, 684, 685, 686, 687, 688, 689, 690, 691, 692, 693, 694, 695, 696, 697, 698, 699, 700, 701, 702, 703, 704, 705, 706, 707, 708, 709, 710, 711, 712, 713, 714, 715, 716, 717, 718, 719, 720, 721, 722, 723, 724, 725, 726, 727, 728, 729, 730, 731, 732, 733, 734, 735, 736, 737, 738, 739, 740, 741, 742, 743, 744, 745, 746, 747, 748, 749, 750, 751, 752, 753, 754, 755, 756, 757, 758, 759, 760, 761, 762, 763, 764, 765, 766, 767, 768, 769, 770, 771, 772, 773, 774, 775, 776, 777, 778, 779, 780, 781, 782, 783, 784, 785, 786, 787, 788, 789, 790, 791, 792, 793]",False,[625],"[103, 104, 105, 106, 107, 108, 109, 110, 111, 112, 113, 114, 115, 116, 117, 118, 119, 120, 121, 122, 123, 124, 125, 126, 127, 128, 129, 130, 131, 132, 133, 134, 135, 136, 137, 138, 139, 140, 141, 142, 143, 144, 145, 146, 147, 148, 149, 150, 151, 152, 153, 154, 155, 156, 157, 158, 159, 160, 161, 162, 163, 164, 165, 166, 167, 168, 169, 170, 171, 172, 173, 174, 175, 176, 177, 178, 179, 180, 181, 182, 183, 184, 185, 186, 187, 188, 189, 190, 191, 192, 193, 194, 195, 196, 197, 198, 199, 200, 201, 202, 203, 204, 205, 206, 207, 208, 209, 210, 211, 212, 213, 214, 215, 216, 217, 218, 219, 220, 221, 222, 223, 224, 225, 226, 227, 228, 229, 230, 231, 232, 233, 234, 235, 236, 237, 238, 239, 240, 241, 242, 243, 244, 245, 246, 247, 248, 249, 250, 251, 252, 253, 254, 255, 256, 257, 258, 259, 260, 261, 262, 263, 264, 265, 266, 267, 268, 269, 270, 271, 272, 273, 274, 275, 276, 277, 278, 279, 280, 281, 282, 283, 284, 285, 286, 287, 288, 289, 290, 291, 292, 293, 294, 295, 296, 297, 298, 299, 300, 301, 302, 303, 304, 305, 306, 307, 308, 309, 310, 311, 312, 313, 314, 315, 316, 317, 318, 319, 320, 321, 322, 323, 324, 325, 326, 327, 328, 329, 330, 331, 332, 333, 334, 335, 336, 337, 574, 575, 576, 577, 578, 579, 580, 581, 582, 583, 584, 585, 586, 587, 588, 589, 590, 591, 592, 593, 594, 595, 596, 597, 598, 599, 600, 601, 602, 603, 604, 605, 606, 607, 608, 609, 610, 611, 612, 613, 614, 615, 616, 617, 618, 619, 620, 621, 622, 623, 624, 625, 626, 627, 628, 629, 630, 631, 632, 633, 634, 635, 636, 637, 638, 639, 640, 641, 642, 643, 644, 645, 646, 647, 648, 649, 650, 651, 652, 653, 654, 655, 656, 657, 658, 659, 660, 661, 662, 663, 664, 665, 666, 667, 668, 669, 670, 671, 672, 673, 674, 675, 676, 677, 678, 679, 680, 681, 682, 683, 684, 685, 686, 687, 688, 689, 690, 691, 692, 693, 694, 695, 696, 697, 698, 699, 700, 701, 702, 703, 704, 705, 706, 707, 708, 709, 710, 711, 712, 713, 714, 715, 716, 717, 718, 719, 720, 721, 722, 723, 724, 725, 726, 727, 728, 729, 730, 731, 732, 733, 734, 735, 736, 737, 738, 739, 740, 741, 742, 743, 744, 745, 746, 747, 748, 749, 750, 751, 752, 753, 754, 755, 756, 757, 758, 759, 760, 761, 762, 763, 764, 765, 766, 767, 768, 769, 770, 771, 772, 773, 774, 775, 776, 777, 778, 779, 780, 781, 782, 783, 784, 785, 786, 787, 788, 789, 790, 791, 792, 793]","[106, 135, 278, 288, 577, 606, 625, 737, 747]","[142, 613, 625]","[10, 75, 103, 104, 106, 117, 118, 120, 127, 128, 129, 131, 133, 135, 136, 137, 139, 146, 147, 148, 149, 151, 158, 160, 162, 166, 173, 178, 179, 185, 190, 192, 198, 201, 203, 204, 206, 207, 212, 213, 214, 219, 223, 224, 225, 227, 230, 235, 237, 246, 247, 256, 259, 262, 263, 266, 268, 269, 271, 272, 278, 279, 284, 285, 288, 290, 292, 304, 306, 312, 316, 319, 320, 323, 324, 329, 332, 335, 495, 549, 574, 575, 577, 588, 589, 591, 598, 599, 600, 602, 604, 606, 607, 608, 610, 617, 618, 619, 620, 622, 625, 630, 632, 634, 638, 644, 649, 650, 656, 661, 663, 669, 673, 674, 676, 677, 682, 683, 684, 687, 688, 689, 691, 694, 699, 701, 710, 718, 722, 723, 727, 728, 730, 731, 737, 738, 743, 744, 747, 749, 751, 762, 764, 770, 774, 777, 778, 781, 782, 789, 791]","[83, 85, 151, 152, 153, 554, 556, 622, 623, 624, 625]",[],7/6 successful match,False,,False,334,False,,0.5133333333333334,True,E - Z Trip Golden State Plaza,
F Fresno ( 93722 ) E - Z Trip Truck Stop Ave ),559-276-8001 CA 99 Exit 142 ( Herndon Ave E ),24 L,Fresno,93722,E - Z Trip Truck Stop Ave ),559-276-8001,2015,Fresno,CA,,( Herndon Ave E ),CA 99 Exit 142 ,Exit,142,False,,False,CA 99,,,,,[],[625],"[106, 135, 278, 288, 577, 606, 625, 737, 747]","[142, 613, 625]","[103, 104, 105, 106, 107, 108, 109, 110, 111, 112, 113, 114, 115, 116, 117, 118, 119, 120, 121, 122, 123, 124, 125, 126, 127, 128, 129, 130, 131, 132, 133, 134, 135, 136, 137, 138, 139, 140, 141, 142, 143, 144, 145, 146, 147, 148, 149, 150, 151, 152, 153, 154, 155, 156, 157, 158, 159, 160, 161, 162, 163, 164, 165, 166, 167, 168, 169, 170, 171, 172, 173, 174, 175, 176, 177, 178, 179, 180, 181, 182, 183, 184, 185, 186, 187, 188, 189, 190, 191, 192, 193, 194, 195, 196, 197, 198, 199, 200, 201, 202, 203, 204, 205, 206, 207, 208, 209, 210, 211, 212, 213, 214, 215, 216, 217, 218, 219, 220, 221, 222, 223, 224, 225, 226, 227, 228, 229, 230, 231, 232, 233, 234, 235, 236, 237, 238, 239, 240, 241, 242, 243, 244, 245, 246, 247, 248, 249, 250, 251, 252, 253, 254, 255, 256, 257, 258, 259, 260, 261, 262, 263, 264, 265, 266, 267, 268, 269, 270, 271, 272, 273, 274, 275, 276, 277, 278, 279, 280, 281, 282, 283, 284, 285, 286, 287, 288, 289, 290, 291, 292, 293, 294, 295, 296, 297, 298, 299, 300, 301, 302, 303, 304, 305, 306, 307, 308, 309, 310, 311, 312, 313, 314, 315, 316, 317, 318, 319, 320, 321, 322, 323, 324, 325, 326, 327, 328, 329, 330, 331, 332, 333, 334, 335, 336, 337, 574, 575, 576, 577, 578, 579, 580, 581, 582, 583, 584, 585, 586, 587, 588, 589, 590, 591, 592, 593, 594, 595, 596, 597, 598, 599, 600, 601, 602, 603, 604, 605, 606, 607, 608, 609, 610, 611, 612, 613, 614, 615, 616, 617, 618, 619, 620, 621, 622, 623, 624, 625, 626, 627, 628, 629, 630, 631, 632, 633, 634, 635, 636, 637, 638, 639, 640, 641, 642, 643, 644, 645, 646, 647, 648, 649, 650, 651, 652, 653, 654, 655, 656, 657, 658, 659, 660, 661, 662, 663, 664, 665, 666, 667, 668, 669, 670, 671, 672, 673, 674, 675, 676, 677, 678, 679, 680, 681, 682, 683, 684, 685, 686, 687, 688, 689, 690, 691, 692, 693, 694, 695, 696, 697, 698, 699, 700, 701, 702, 703, 704, 705, 706, 707, 708, 709, 710, 711, 712, 713, 714, 715, 716, 717, 718, 719, 720, 721, 722, 723, 724, 725, 726, 727, 728, 729, 730, 731, 732, 733, 734, 735, 736, 737, 738, 739, 740, 741, 742, 743, 744, 745, 746, 747, 748, 749, 750, 751, 752, 753, 754, 755, 756, 757, 758, 759, 760, 761, 762, 763, 764, 765, 766, 767, 768, 769, 770, 771, 772, 773, 774, 775, 776, 777, 778, 779, 780, 781, 782, 783, 784, 785, 786, 787, 788, 789, 790, 791, 792, 793]","[10, 75, 103, 104, 106, 117, 118, 120, 127, 128, 129, 131, 133, 135, 136, 137, 139, 146, 147, 148, 149, 151, 158, 160, 162, 166, 173, 178, 179, 185, 190, 192, 198, 201, 203, 204, 206, 207, 212, 213, 214, 219, 223, 224, 225, 227, 230, 235, 237, 246, 247, 256, 259, 262, 263, 266, 268, 269, 271, 272, 278, 279, 284, 285, 288, 290, 292, 304, 306, 312, 316, 319, 320, 323, 324, 329, 332, 335, 495, 549, 574, 575, 577, 588, 589, 591, 598, 599, 600, 602, 604, 606, 607, 608, 610, 617, 618, 619, 620, 622, 625, 630, 632, 634, 638, 644, 649, 650, 656, 661, 663, 669, 673, 674, 676, 677, 682, 683, 684, 687, 688, 689, 691, 694, 699, 701, 710, 718, 722, 723, 727, 728, 730, 731, 737, 738, 743, 744, 747, 749, 751, 762, 764, 770, 774, 777, 778, 781, 782, 789, 791]",[],"[83, 85, 151, 152, 153, 554, 556, 622, 623, 624, 625]","[10, 75, 83, 85, 103, 104, 105, 106, 107, 108, 109, 110, 111, 112, 113, 114, 115, 116, 117, 118, 119, 120, 121, 122, 123, 124, 125, 126, 127, 128, 129, 130, 131, 132, 133, 134, 135, 136, 137, 138, 139, 140, 141, 142, 143, 144, 145, 146, 147, 148, 149, 150, 151, 152, 153, 154, 155, 156, 157, 158, 159, 160, 161, 162, 163, 164, 165, 166, 167, 168, 169, 170, 171, 172, 173, 174, 175, 176, 177, 178, 179, 180, 181, 182, 183, 184, 185, 186, 187, 188, 189, 190, 191, 192, 193, 194, 195, 196, 197, 198, 199, 200, 201, 202, 203, 204, 205, 206, 207, 208, 209, 210, 211, 212, 213, 214, 215, 216, 217, 218, 219, 220, 221, 222, 223, 224, 225, 226, 227, 228, 229, 230, 231, 232, 233, 234, 235, 236, 237, 238, 239, 240, 241, 242, 243, 244, 245, 246, 247, 248, 249, 250, 251, 252, 253, 254, 255, 256, 257, 258, 259, 260, 261, 262, 263, 264, 265, 266, 267, 268, 269, 270, 271, 272, 273, 274, 275, 276, 277, 278, 279, 280, 281, 282, 283, 284, 285, 286, 287, 288, 289, 290, 291, 292, 293, 294, 295, 296, 297, 298, 299, 300, 301, 302, 303, 304, 305, 306, 307, 308, 309, 310, 311, 312, 313, 314, 315, 316, 317, 318, 319, 320, 321, 322, 323, 324, 325, 326, 327, 328, 329, 330, 331, 332, 333, 334, 335, 336, 337, 495, 549, 554, 556, 574, 575, 576, 577, 578, 579, 580, 581, 582, 583, 584, 585, 586, 587, 588, 589, 590, 591, 592, 593, 594, 595, 596, 597, 598, 599, 600, 601, 602, 603, 604, 605, 606, 607, 608, 609, 610, 611, 612, 613, 614, 615, 616, 617, 618, 619, 620, 621, 622, 623, 624, 625, 626, 627, 628, 629, 630, 631, 632, 633, 634, 635, 636, 637, 638, 639, 640, 641, 642, 643, 644, 645, 646, 647, 648, 649, 650, 651, 652, 653, 654, 655, 656, 657, 658, 659, 660, 661, 662, 663, 664, 665, 666, 667, 668, 669, 670, 671, 672, 673, 674, 675, 676, 677, 678, 679, 680, 681, 682, 683, 684, 685, 686, 687, 688, 689, 690, 691, 692, 693, 694, 695, 696, 697, 698, 699, 700, 701, 702, 703, 704, 705, 706, 707, 708, 709, 710, 711, 712, 713, 714, 715, 716, 717, 718, 719, 720, 721, 722, 723, 724, 725, 726, 727, 728, 729, 730, 731, 732, 733, 734, 735, 736, 737, 738, 739, 740, 741, 742, 743, 744, 745, 746, 747, 748, 749, 750, 751, 752, 753, 754, 755, 756, 757, 758, 759, 760, 761, 762, 763, 764, 765, 766, 767, 768, 769, 770, 771, 772, 773, 774, 775, 776, 777, 778, 779, 780, 781, 782, 783, 784, 785, 786, 787, 788, 789, 790, 791, 792, 793]",False,[625],"[103, 104, 105, 106, 107, 108, 109, 110, 111, 112, 113, 114, 115, 116, 117, 118, 119, 120, 121, 122, 123, 124, 125, 126, 127, 128, 129, 130, 131, 132, 133, 134, 135, 136, 137, 138, 139, 140, 141, 142, 143, 144, 145, 146, 147, 148, 149, 150, 151, 152, 153, 154, 155, 156, 157, 158, 159, 160, 161, 162, 163, 164, 165, 166, 167, 168, 169, 170, 171, 172, 173, 174, 175, 176, 177, 178, 179, 180, 181, 182, 183, 184, 185, 186, 187, 188, 189, 190, 191, 192, 193, 194, 195, 196, 197, 198, 199, 200, 201, 202, 203, 204, 205, 206, 207, 208, 209, 210, 211, 212, 213, 214, 215, 216, 217, 218, 219, 220, 221, 222, 223, 224, 225, 226, 227, 228, 229, 230, 231, 232, 233, 234, 235, 236, 237, 238, 239, 240, 241, 242, 243, 244, 245, 246, 247, 248, 249, 250, 251, 252, 253, 254, 255, 256, 257, 258, 259, 260, 261, 262, 263, 264, 265, 266, 267, 268, 269, 270, 271, 272, 273, 274, 275, 276, 277, 278, 279, 280, 281, 282, 283, 284, 285, 286, 287, 288, 289, 290, 291, 292, 293, 294, 295, 296, 297, 298, 299, 300, 301, 302, 303, 304, 305, 306, 307, 308, 309, 310, 311, 312, 313, 314, 315, 316, 317, 318, 319, 320, 321, 322, 323, 324, 325, 326, 327, 328, 329, 330, 331, 332, 333, 334, 335, 336, 337, 574, 575, 576, 577, 578, 579, 580, 581, 582, 583, 584, 585, 586, 587, 588, 589, 590, 591, 592, 593, 594, 595, 596, 597, 598, 599, 600, 601, 602, 603, 604, 605, 606, 607, 608, 609, 610, 611, 612, 613, 614, 615, 616, 617, 618, 619, 620, 621, 622, 623, 624, 625, 626, 627, 628, 629, 630, 631, 632, 633, 634, 635, 636, 637, 638, 639, 640, 641, 642, 643, 644, 645, 646, 647, 648, 649, 650, 651, 652, 653, 654, 655, 656, 657, 658, 659, 660, 661, 662, 663, 664, 665, 666, 667, 668, 669, 670, 671, 672, 673, 674, 675, 676, 677, 678, 679, 680, 681, 682, 683, 684, 685, 686, 687, 688, 689, 690, 691, 692, 693, 694, 695, 696, 697, 698, 699, 700, 701, 702, 703, 704, 705, 706, 707, 708, 709, 710, 711, 712, 713, 714, 715, 716, 717, 718, 719, 720, 721, 722, 723, 724, 725, 726, 727, 728, 729, 730, 731, 732, 733, 734, 735, 736, 737, 738, 739, 740, 741, 742, 743, 744, 745, 746, 747, 748, 749, 750, 751, 752, 753, 754, 755, 756, 757, 758, 759, 760, 761, 762, 763, 764, 765, 766, 767, 768, 769, 770, 771, 772, 773, 774, 775, 776, 777, 778, 779, 780, 781, 782, 783, 784, 785, 786, 787, 788, 789, 790, 791, 792, 793]","[106, 135, 278, 288, 577, 606, 625, 737, 747]","[142, 613, 625]","[10, 75, 103, 104, 106, 117, 118, 120, 127, 128, 129, 131, 133, 135, 136, 137, 139, 146, 147, 148, 149, 151, 158, 160, 162, 166, 173, 178, 179, 185, 190, 192, 198, 201, 203, 204, 206, 207, 212, 213, 214, 219, 223, 224, 225, 227, 230, 235, 237, 246, 247, 256, 259, 262, 263, 266, 268, 269, 271, 272, 278, 279, 284, 285, 288, 290, 292, 304, 306, 312, 316, 319, 320, 323, 324, 329, 332, 335, 495, 549, 574, 575, 577, 588, 589, 591, 598, 599, 600, 602, 604, 606, 607, 608, 610, 617, 618, 619, 620, 622, 625, 630, 632, 634, 638, 644, 649, 650, 656, 661, 663, 669, 673, 674, 676, 677, 682, 683, 684, 687, 688, 689, 691, 694, 699, 701, 710, 718, 722, 723, 727, 728, 730, 731, 737, 738, 743, 744, 747, 749, 751, 762, 764, 770, 774, 777, 778, 781, 782, 789, 791]","[83, 85, 151, 152, 153, 554, 556, 622, 623, 624, 625]",[],7/6 successful match,False,,False,334,False,,0.8625,True,E - Z Trip Truck Stop,
Fresno ( 93722 ) E - Z Trip Travel Plaza B ( Princeton Ave ),3 559-276-8001 CA 99 Exit 142 ( Herndon,24 <U+25A1>,Fresno,93722,E - Z Trip Travel Plaza B ( Princeton Ave ),559-276-8001,2016,Fresno,CA,,( Herndon,CA 99 Exit 142 ,Exit,142,False,,False,CA 99,,,,,[],[625],"[106, 135, 278, 288, 577, 606, 625, 737, 747]","[142, 613, 625]","[103, 104, 105, 106, 107, 108, 109, 110, 111, 112, 113, 114, 115, 116, 117, 118, 119, 120, 121, 122, 123, 124, 125, 126, 127, 128, 129, 130, 131, 132, 133, 134, 135, 136, 137, 138, 139, 140, 141, 142, 143, 144, 145, 146, 147, 148, 149, 150, 151, 152, 153, 154, 155, 156, 157, 158, 159, 160, 161, 162, 163, 164, 165, 166, 167, 168, 169, 170, 171, 172, 173, 174, 175, 176, 177, 178, 179, 180, 181, 182, 183, 184, 185, 186, 187, 188, 189, 190, 191, 192, 193, 194, 195, 196, 197, 198, 199, 200, 201, 202, 203, 204, 205, 206, 207, 208, 209, 210, 211, 212, 213, 214, 215, 216, 217, 218, 219, 220, 221, 222, 223, 224, 225, 226, 227, 228, 229, 230, 231, 232, 233, 234, 235, 236, 237, 238, 239, 240, 241, 242, 243, 244, 245, 246, 247, 248, 249, 250, 251, 252, 253, 254, 255, 256, 257, 258, 259, 260, 261, 262, 263, 264, 265, 266, 267, 268, 269, 270, 271, 272, 273, 274, 275, 276, 277, 278, 279, 280, 281, 282, 283, 284, 285, 286, 287, 288, 289, 290, 291, 292, 293, 294, 295, 296, 297, 298, 299, 300, 301, 302, 303, 304, 305, 306, 307, 308, 309, 310, 311, 312, 313, 314, 315, 316, 317, 318, 319, 320, 321, 322, 323, 324, 325, 326, 327, 328, 329, 330, 331, 332, 333, 334, 335, 336, 337, 574, 575, 576, 577, 578, 579, 580, 581, 582, 583, 584, 585, 586, 587, 588, 589, 590, 591, 592, 593, 594, 595, 596, 597, 598, 599, 600, 601, 602, 603, 604, 605, 606, 607, 608, 609, 610, 611, 612, 613, 614, 615, 616, 617, 618, 619, 620, 621, 622, 623, 624, 625, 626, 627, 628, 629, 630, 631, 632, 633, 634, 635, 636, 637, 638, 639, 640, 641, 642, 643, 644, 645, 646, 647, 648, 649, 650, 651, 652, 653, 654, 655, 656, 657, 658, 659, 660, 661, 662, 663, 664, 665, 666, 667, 668, 669, 670, 671, 672, 673, 674, 675, 676, 677, 678, 679, 680, 681, 682, 683, 684, 685, 686, 687, 688, 689, 690, 691, 692, 693, 694, 695, 696, 697, 698, 699, 700, 701, 702, 703, 704, 705, 706, 707, 708, 709, 710, 711, 712, 713, 714, 715, 716, 717, 718, 719, 720, 721, 722, 723, 724, 725, 726, 727, 728, 729, 730, 731, 732, 733, 734, 735, 736, 737, 738, 739, 740, 741, 742, 743, 744, 745, 746, 747, 748, 749, 750, 751, 752, 753, 754, 755, 756, 757, 758, 759, 760, 761, 762, 763, 764, 765, 766, 767, 768, 769, 770, 771, 772, 773, 774, 775, 776, 777, 778, 779, 780, 781, 782, 783, 784, 785, 786, 787, 788, 789, 790, 791, 792, 793]","[10, 75, 103, 104, 106, 117, 118, 120, 127, 128, 129, 131, 133, 135, 136, 137, 139, 146, 147, 148, 149, 151, 158, 160, 162, 166, 173, 178, 179, 185, 190, 192, 198, 201, 203, 204, 206, 207, 212, 213, 214, 219, 223, 224, 225, 227, 230, 235, 237, 246, 247, 256, 259, 262, 263, 266, 268, 269, 271, 272, 278, 279, 284, 285, 288, 290, 292, 304, 306, 312, 316, 319, 320, 323, 324, 329, 332, 335, 495, 549, 574, 575, 577, 588, 589, 591, 598, 599, 600, 602, 604, 606, 607, 608, 610, 617, 618, 619, 620, 622, 625, 630, 632, 634, 638, 644, 649, 650, 656, 661, 663, 669, 673, 674, 676, 677, 682, 683, 684, 687, 688, 689, 691, 694, 699, 701, 710, 718, 722, 723, 727, 728, 730, 731, 737, 738, 743, 744, 747, 749, 751, 762, 764, 770, 774, 777, 778, 781, 782, 789, 791]",[],"[83, 85, 151, 152, 153, 554, 556, 622, 623, 624, 625]","[10, 75, 83, 85, 103, 104, 105, 106, 107, 108, 109, 110, 111, 112, 113, 114, 115, 116, 117, 118, 119, 120, 121, 122, 123, 124, 125, 126, 127, 128, 129, 130, 131, 132, 133, 134, 135, 136, 137, 138, 139, 140, 141, 142, 143, 144, 145, 146, 147, 148, 149, 150, 151, 152, 153, 154, 155, 156, 157, 158, 159, 160, 161, 162, 163, 164, 165, 166, 167, 168, 169, 170, 171, 172, 173, 174, 175, 176, 177, 178, 179, 180, 181, 182, 183, 184, 185, 186, 187, 188, 189, 190, 191, 192, 193, 194, 195, 196, 197, 198, 199, 200, 201, 202, 203, 204, 205, 206, 207, 208, 209, 210, 211, 212, 213, 214, 215, 216, 217, 218, 219, 220, 221, 222, 223, 224, 225, 226, 227, 228, 229, 230, 231, 232, 233, 234, 235, 236, 237, 238, 239, 240, 241, 242, 243, 244, 245, 246, 247, 248, 249, 250, 251, 252, 253, 254, 255, 256, 257, 258, 259, 260, 261, 262, 263, 264, 265, 266, 267, 268, 269, 270, 271, 272, 273, 274, 275, 276, 277, 278, 279, 280, 281, 282, 283, 284, 285, 286, 287, 288, 289, 290, 291, 292, 293, 294, 295, 296, 297, 298, 299, 300, 301, 302, 303, 304, 305, 306, 307, 308, 309, 310, 311, 312, 313, 314, 315, 316, 317, 318, 319, 320, 321, 322, 323, 324, 325, 326, 327, 328, 329, 330, 331, 332, 333, 334, 335, 336, 337, 495, 549, 554, 556, 574, 575, 576, 577, 578, 579, 580, 581, 582, 583, 584, 585, 586, 587, 588, 589, 590, 591, 592, 593, 594, 595, 596, 597, 598, 599, 600, 601, 602, 603, 604, 605, 606, 607, 608, 609, 610, 611, 612, 613, 614, 615, 616, 617, 618, 619, 620, 621, 622, 623, 624, 625, 626, 627, 628, 629, 630, 631, 632, 633, 634, 635, 636, 637, 638, 639, 640, 641, 642, 643, 644, 645, 646, 647, 648, 649, 650, 651, 652, 653, 654, 655, 656, 657, 658, 659, 660, 661, 662, 663, 664, 665, 666, 667, 668, 669, 670, 671, 672, 673, 674, 675, 676, 677, 678, 679, 680, 681, 682, 683, 684, 685, 686, 687, 688, 689, 690, 691, 692, 693, 694, 695, 696, 697, 698, 699, 700, 701, 702, 703, 704, 705, 706, 707, 708, 709, 710, 711, 712, 713, 714, 715, 716, 717, 718, 719, 720, 721, 722, 723, 724, 725, 726, 727, 728, 729, 730, 731, 732, 733, 734, 735, 736, 737, 738, 739, 740, 741, 742, 743, 744, 745, 746, 747, 748, 749, 750, 751, 752, 753, 754, 755, 756, 757, 758, 759, 760, 761, 762, 763, 764, 765, 766, 767, 768, 769, 770, 771, 772, 773, 774, 775, 776, 777, 778, 779, 780, 781, 782, 783, 784, 785, 786, 787, 788, 789, 790, 791, 792, 793]",False,[625],"[103, 104, 105, 106, 107, 108, 109, 110, 111, 112, 113, 114, 115, 116, 117, 118, 119, 120, 121, 122, 123, 124, 125, 126, 127, 128, 129, 130, 131, 132, 133, 134, 135, 136, 137, 138, 139, 140, 141, 142, 143, 144, 145, 146, 147, 148, 149, 150, 151, 152, 153, 154, 155, 156, 157, 158, 159, 160, 161, 162, 163, 164, 165, 166, 167, 168, 169, 170, 171, 172, 173, 174, 175, 176, 177, 178, 179, 180, 181, 182, 183, 184, 185, 186, 187, 188, 189, 190, 191, 192, 193, 194, 195, 196, 197, 198, 199, 200, 201, 202, 203, 204, 205, 206, 207, 208, 209, 210, 211, 212, 213, 214, 215, 216, 217, 218, 219, 220, 221, 222, 223, 224, 225, 226, 227, 228, 229, 230, 231, 232, 233, 234, 235, 236, 237, 238, 239, 240, 241, 242, 243, 244, 245, 246, 247, 248, 249, 250, 251, 252, 253, 254, 255, 256, 257, 258, 259, 260, 261, 262, 263, 264, 265, 266, 267, 268, 269, 270, 271, 272, 273, 274, 275, 276, 277, 278, 279, 280, 281, 282, 283, 284, 285, 286, 287, 288, 289, 290, 291, 292, 293, 294, 295, 296, 297, 298, 299, 300, 301, 302, 303, 304, 305, 306, 307, 308, 309, 310, 311, 312, 313, 314, 315, 316, 317, 318, 319, 320, 321, 322, 323, 324, 325, 326, 327, 328, 329, 330, 331, 332, 333, 334, 335, 336, 337, 574, 575, 576, 577, 578, 579, 580, 581, 582, 583, 584, 585, 586, 587, 588, 589, 590, 591, 592, 593, 594, 595, 596, 597, 598, 599, 600, 601, 602, 603, 604, 605, 606, 607, 608, 609, 610, 611, 612, 613, 614, 615, 616, 617, 618, 619, 620, 621, 622, 623, 624, 625, 626, 627, 628, 629, 630, 631, 632, 633, 634, 635, 636, 637, 638, 639, 640, 641, 642, 643, 644, 645, 646, 647, 648, 649, 650, 651, 652, 653, 654, 655, 656, 657, 658, 659, 660, 661, 662, 663, 664, 665, 666, 667, 668, 669, 670, 671, 672, 673, 674, 675, 676, 677, 678, 679, 680, 681, 682, 683, 684, 685, 686, 687, 688, 689, 690, 691, 692, 693, 694, 695, 696, 697, 698, 699, 700, 701, 702, 703, 704, 705, 706, 707, 708, 709, 710, 711, 712, 713, 714, 715, 716, 717, 718, 719, 720, 721, 722, 723, 724, 725, 726, 727, 728, 729, 730, 731, 732, 733, 734, 735, 736, 737, 738, 739, 740, 741, 742, 743, 744, 745, 746, 747, 748, 749, 750, 751, 752, 753, 754, 755, 756, 757, 758, 759, 760, 761, 762, 763, 764, 765, 766, 767, 768, 769, 770, 771, 772, 773, 774, 775, 776, 777, 778, 779, 780, 781, 782, 783, 784, 785, 786, 787, 788, 789, 790, 791, 792, 793]","[106, 135, 278, 288, 577, 606, 625, 737, 747]","[142, 613, 625]","[10, 75, 103, 104, 106, 117, 118, 120, 127, 128, 129, 131, 133, 135, 136, 137, 139, 146, 147, 148, 149, 151, 158, 160, 162, 166, 173, 178, 179, 185, 190, 192, 198, 201, 203, 204, 206, 207, 212, 213, 214, 219, 223, 224, 225, 227, 230, 235, 237, 246, 247, 256, 259, 262, 263, 266, 268, 269, 271, 272, 278, 279, 284, 285, 288, 290, 292, 304, 306, 312, 316, 319, 320, 323, 324, 329, 332, 335, 495, 549, 574, 575, 577, 588, 589, 591, 598, 599, 600, 602, 604, 606, 607, 608, 610, 617, 618, 619, 620, 622, 625, 630, 632, 634, 638, 644, 649, 650, 656, 661, 663, 669, 673, 674, 676, 677, 682, 683, 684, 687, 688, 689, 691, 694, 699, 701, 710, 718, 722, 723, 727, 728, 730, 731, 737, 738, 743, 744, 747, 749, 751, 762, 764, 770, 774, 777, 778, 781, 782, 789, 791]","[83, 85, 151, 152, 153, 554, 556, 622, 623, 624, 625]",[],7/6 successful match,False,,False,334,False,,0.5885714285714285,True,E - Z Trip Truck Stop Ave ),
"F Fresno , 93725 5th Wheel Truck Stop ( Valero Pkwy W ) to Boyce )",559-485-0701 CA 99 Exit 127 ( Chestnut NB / Central ),SB ) 24 MOO,Fresno,93725,5th Wheel Truck Stop ( Valero Pkwy W ) to Boyce ),559-485-0701,2006,Fresno,CA,Valero,( Chestnut NB / Central ),CA 99 Exit 127 ,Exit,127,False,,False,CA 99,,,,,"[577, 106]","[106, 278, 577, 737]","[106, 135, 278, 288, 577, 606, 625, 737, 747]","[106, 278, 577, 737]","[103, 104, 105, 106, 107, 108, 109, 110, 111, 112, 113, 114, 115, 116, 117, 118, 119, 120, 121, 122, 123, 124, 125, 126, 127, 128, 129, 130, 131, 132, 133, 134, 135, 136, 137, 138, 139, 140, 141, 142, 143, 144, 145, 146, 147, 148, 149, 150, 151, 152, 153, 154, 155, 156, 157, 158, 159, 160, 161, 162, 163, 164, 165, 166, 167, 168, 169, 170, 171, 172, 173, 174, 175, 176, 177, 178, 179, 180, 181, 182, 183, 184, 185, 186, 187, 188, 189, 190, 191, 192, 193, 194, 195, 196, 197, 198, 199, 200, 201, 202, 203, 204, 205, 206, 207, 208, 209, 210, 211, 212, 213, 214, 215, 216, 217, 218, 219, 220, 221, 222, 223, 224, 225, 226, 227, 228, 229, 230, 231, 232, 233, 234, 235, 236, 237, 238, 239, 240, 241, 242, 243, 244, 245, 246, 247, 248, 249, 250, 251, 252, 253, 254, 255, 256, 257, 258, 259, 260, 261, 262, 263, 264, 265, 266, 267, 268, 269, 270, 271, 272, 273, 274, 275, 276, 277, 278, 279, 280, 281, 282, 283, 284, 285, 286, 287, 288, 289, 290, 291, 292, 293, 294, 295, 296, 297, 298, 299, 300, 301, 302, 303, 304, 305, 306, 307, 308, 309, 310, 311, 312, 313, 314, 315, 316, 317, 318, 319, 320, 321, 322, 323, 324, 325, 326, 327, 328, 329, 330, 331, 332, 333, 334, 335, 336, 337, 574, 575, 576, 577, 578, 579, 580, 581, 582, 583, 584, 585, 586, 587, 588, 589, 590, 591, 592, 593, 594, 595, 596, 597, 598, 599, 600, 601, 602, 603, 604, 605, 606, 607, 608, 609, 610, 611, 612, 613, 614, 615, 616, 617, 618, 619, 620, 621, 622, 623, 624, 625, 626, 627, 628, 629, 630, 631, 632, 633, 634, 635, 636, 637, 638, 639, 640, 641, 642, 643, 644, 645, 646, 647, 648, 649, 650, 651, 652, 653, 654, 655, 656, 657, 658, 659, 660, 661, 662, 663, 664, 665, 666, 667, 668, 669, 670, 671, 672, 673, 674, 675, 676, 677, 678, 679, 680, 681, 682, 683, 684, 685, 686, 687, 688, 689, 690, 691, 692, 693, 694, 695, 696, 697, 698, 699, 700, 701, 702, 703, 704, 705, 706, 707, 708, 709, 710, 711, 712, 713, 714, 715, 716, 717, 718, 719, 720, 721, 722, 723, 724, 725, 726, 727, 728, 729, 730, 731, 732, 733, 734, 735, 736, 737, 738, 739, 740, 741, 742, 743, 744, 745, 746, 747, 748, 749, 750, 751, 752, 753, 754, 755, 756, 757, 758, 759, 760, 761, 762, 763, 764, 765, 766, 767, 768, 769, 770, 771, 772, 773, 774, 775, 776, 777, 778, 779, 780, 781, 782, 783, 784, 785, 786, 787, 788, 789, 790, 791, 792, 793]","[10, 75, 103, 104, 106, 117, 118, 120, 127, 128, 129, 131, 133, 135, 136, 137, 139, 146, 147, 148, 149, 151, 158, 160, 162, 166, 173, 178, 179, 185, 190, 192, 198, 201, 203, 204, 206, 207, 212, 213, 214, 219, 223, 224, 225, 227, 230, 235, 237, 246, 247, 256, 259, 262, 263, 266, 268, 269, 271, 272, 278, 279, 284, 285, 288, 290, 292, 304, 306, 312, 316, 319, 320, 323, 324, 329, 332, 335, 495, 549, 574, 575, 577, 588, 589, 591, 598, 599, 600, 602, 604, 606, 607, 608, 610, 617, 618, 619, 620, 622, 625, 630, 632, 634, 638, 644, 649, 650, 656, 661, 663, 669, 673, 674, 676, 677, 682, 683, 684, 687, 688, 689, 691, 694, 699, 701, 710, 718, 722, 723, 727, 728, 730, 731, 737, 738, 743, 744, 747, 749, 751, 762, 764, 770, 774, 777, 778, 781, 782, 789, 791]","[2, 9, 10, 82, 111, 112, 113, 199, 279, 284, 285, 300, 488, 494, 495, 553, 581, 582, 583, 670, 738, 743, 744, 759, 818]","[2, 9, 10, 82, 106, 111, 112, 113, 199, 279, 284, 285, 300, 488, 494, 495, 553, 577, 581, 582, 583, 670, 738, 743, 744, 759, 818]","[2, 9, 10, 75, 82, 103, 104, 105, 106, 107, 108, 109, 110, 111, 112, 113, 114, 115, 116, 117, 118, 119, 120, 121, 122, 123, 124, 125, 126, 127, 128, 129, 130, 131, 132, 133, 134, 135, 136, 137, 138, 139, 140, 141, 142, 143, 144, 145, 146, 147, 148, 149, 150, 151, 152, 153, 154, 155, 156, 157, 158, 159, 160, 161, 162, 163, 164, 165, 166, 167, 168, 169, 170, 171, 172, 173, 174, 175, 176, 177, 178, 179, 180, 181, 182, 183, 184, 185, 186, 187, 188, 189, 190, 191, 192, 193, 194, 195, 196, 197, 198, 199, 200, 201, 202, 203, 204, 205, 206, 207, 208, 209, 210, 211, 212, 213, 214, 215, 216, 217, 218, 219, 220, 221, 222, 223, 224, 225, 226, 227, 228, 229, 230, 231, 232, 233, 234, 235, 236, 237, 238, 239, 240, 241, 242, 243, 244, 245, 246, 247, 248, 249, 250, 251, 252, 253, 254, 255, 256, 257, 258, 259, 260, 261, 262, 263, 264, 265, 266, 267, 268, 269, 270, 271, 272, 273, 274, 275, 276, 277, 278, 279, 280, 281, 282, 283, 284, 285, 286, 287, 288, 289, 290, 291, 292, 293, 294, 295, 296, 297, 298, 299, 300, 301, 302, 303, 304, 305, 306, 307, 308, 309, 310, 311, 312, 313, 314, 315, 316, 317, 318, 319, 320, 321, 322, 323, 324, 325, 326, 327, 328, 329, 330, 331, 332, 333, 334, 335, 336, 337, 488, 494, 495, 549, 553, 574, 575, 576, 577, 578, 579, 580, 581, 582, 583, 584, 585, 586, 587, 588, 589, 590, 591, 592, 593, 594, 595, 596, 597, 598, 599, 600, 601, 602, 603, 604, 605, 606, 607, 608, 609, 610, 611, 612, 613, 614, 615, 616, 617, 618, 619, 620, 621, 622, 623, 624, 625, 626, 627, 628, 629, 630, 631, 632, 633, 634, 635, 636, 637, 638, 639, 640, 641, 642, 643, 644, 645, 646, 647, 648, 649, 650, 651, 652, 653, 654, 655, 656, 657, 658, 659, 660, 661, 662, 663, 664, 665, 666, 667, 668, 669, 670, 671, 672, 673, 674, 675, 676, 677, 678, 679, 680, 681, 682, 683, 684, 685, 686, 687, 688, 689, 690, 691, 692, 693, 694, 695, 696, 697, 698, 699, 700, 701, 702, 703, 704, 705, 706, 707, 708, 709, 710, 711, 712, 713, 714, 715, 716, 717, 718, 719, 720, 721, 722, 723, 724, 725, 726, 727, 728, 729, 730, 731, 732, 733, 734, 735, 736, 737, 738, 739, 740, 741, 742, 743, 744, 745, 746, 747, 748, 749, 750, 751, 752, 753, 754, 755, 756, 757, 758, 759, 760, 761, 762, 763, 764, 765, 766, 767, 768, 769, 770, 771, 772, 773, 774, 775, 776, 777, 778, 779, 780, 781, 782, 783, 784, 785, 786, 787, 788, 789, 790, 791, 792, 793, 818]",True,"[106, 278, 577, 737]","[103, 104, 105, 106, 107, 108, 109, 110, 111, 112, 113, 114, 115, 116, 117, 118, 119, 120, 121, 122, 123, 124, 125, 126, 127, 128, 129, 130, 131, 132, 133, 134, 135, 136, 137, 138, 139, 140, 141, 142, 143, 144, 145, 146, 147, 148, 149, 150, 151, 152, 153, 154, 155, 156, 157, 158, 159, 160, 161, 162, 163, 164, 165, 166, 167, 168, 169, 170, 171, 172, 173, 174, 175, 176, 177, 178, 179, 180, 181, 182, 183, 184, 185, 186, 187, 188, 189, 190, 191, 192, 193, 194, 195, 196, 197, 198, 199, 200, 201, 202, 203, 204, 205, 206, 207, 208, 209, 210, 211, 212, 213, 214, 215, 216, 217, 218, 219, 220, 221, 222, 223, 224, 225, 226, 227, 228, 229, 230, 231, 232, 233, 234, 235, 236, 237, 238, 239, 240, 241, 242, 243, 244, 245, 246, 247, 248, 249, 250, 251, 252, 253, 254, 255, 256, 257, 258, 259, 260, 261, 262, 263, 264, 265, 266, 267, 268, 269, 270, 271, 272, 273, 274, 275, 276, 277, 278, 279, 280, 281, 282, 283, 284, 285, 286, 287, 288, 289, 290, 291, 292, 293, 294, 295, 296, 297, 298, 299, 300, 301, 302, 303, 304, 305, 306, 307, 308, 309, 310, 311, 312, 313, 314, 315, 316, 317, 318, 319, 320, 321, 322, 323, 324, 325, 326, 327, 328, 329, 330, 331, 332, 333, 334, 335, 336, 337, 574, 575, 576, 577, 578, 579, 580, 581, 582, 583, 584, 585, 586, 587, 588, 589, 590, 591, 592, 593, 594, 595, 596, 597, 598, 599, 600, 601, 602, 603, 604, 605, 606, 607, 608, 609, 610, 611, 612, 613, 614, 615, 616, 617, 618, 619, 620, 621, 622, 623, 624, 625, 626, 627, 628, 629, 630, 631, 632, 633, 634, 635, 636, 637, 638, 639, 640, 641, 642, 643, 644, 645, 646, 647, 648, 649, 650, 651, 652, 653, 654, 655, 656, 657, 658, 659, 660, 661, 662, 663, 664, 665, 666, 667, 668, 669, 670, 671, 672, 673, 674, 675, 676, 677, 678, 679, 680, 681, 682, 683, 684, 685, 686, 687, 688, 689, 690, 691, 692, 693, 694, 695, 696, 697, 698, 699, 700, 701, 702, 703, 704, 705, 706, 707, 708, 709, 710, 711, 712, 713, 714, 715, 716, 717, 718, 719, 720, 721, 722, 723, 724, 725, 726, 727, 728, 729, 730, 731, 732, 733, 734, 735, 736, 737, 738, 739, 740, 741, 742, 743, 744, 745, 746, 747, 748, 749, 750, 751, 752, 753, 754, 755, 756, 757, 758, 759, 760, 761, 762, 763, 764, 765, 766, 767, 768, 769, 770, 771, 772, 773, 774, 775, 776, 777, 778, 779, 780, 781, 782, 783, 784, 785, 786, 787, 788, 789, 790, 791, 792, 793]","[106, 135, 278, 288, 577, 606, 625, 737, 747]","[106, 278, 577, 737]","[10, 75, 103, 104, 106, 117, 118, 120, 127, 128, 129, 131, 133, 135, 136, 137, 139, 146, 147, 148, 149, 151, 158, 160, 162, 166, 173, 178, 179, 185, 190, 192, 198, 201, 203, 204, 206, 207, 212, 213, 214, 219, 223, 224, 225, 227, 230, 235, 237, 246, 247, 256, 259, 262, 263, 266, 268, 269, 271, 272, 278, 279, 284, 285, 288, 290, 292, 304, 306, 312, 316, 319, 320, 323, 324, 329, 332, 335, 495, 549, 574, 575, 577, 588, 589, 591, 598, 599, 600, 602, 604, 606, 607, 608, 610, 617, 618, 619, 620, 622, 625, 630, 632, 634, 638, 644, 649, 650, 656, 661, 663, 669, 673, 674, 676, 677, 682, 683, 684, 687, 688, 689, 691, 694, 699, 701, 710, 718, 722, 723, 727, 728, 730, 731, 737, 738, 743, 744, 747, 749, 751, 762, 764, 770, 774, 777, 778, 781, 782, 789, 791]","[2, 9, 10, 82, 106, 111, 112, 113, 199, 279, 284, 285, 300, 488, 494, 495, 553, 577, 581, 582, 583, 670, 738, 743, 744, 759, 818]","[2, 9, 10, 82, 111, 112, 113, 199, 279, 284, 285, 300, 488, 494, 495, 553, 581, 582, 583, 670, 738, 743, 744, 759, 818]",6/6 successful match,True,[33],True,335,False,,,,,
"F Fresno , 93725 5th Wheel Truck Stop",559-485-0701 CA 99 Exit 127 ( Chestnut NB / Central SB,SB ) 24 S,Fresno,93725,5th Wheel Truck Stop,559-485-0701,2007,Fresno,CA,,( Chestnut NB / Central SB,CA 99 Exit 127 ,Exit,127,False,,False,CA 99,,,,,"[577, 106]","[106, 278, 577, 737]","[106, 135, 278, 288, 577, 606, 625, 737, 747]","[106, 278, 577, 737]","[103, 104, 105, 106, 107, 108, 109, 110, 111, 112, 113, 114, 115, 116, 117, 118, 119, 120, 121, 122, 123, 124, 125, 126, 127, 128, 129, 130, 131, 132, 133, 134, 135, 136, 137, 138, 139, 140, 141, 142, 143, 144, 145, 146, 147, 148, 149, 150, 151, 152, 153, 154, 155, 156, 157, 158, 159, 160, 161, 162, 163, 164, 165, 166, 167, 168, 169, 170, 171, 172, 173, 174, 175, 176, 177, 178, 179, 180, 181, 182, 183, 184, 185, 186, 187, 188, 189, 190, 191, 192, 193, 194, 195, 196, 197, 198, 199, 200, 201, 202, 203, 204, 205, 206, 207, 208, 209, 210, 211, 212, 213, 214, 215, 216, 217, 218, 219, 220, 221, 222, 223, 224, 225, 226, 227, 228, 229, 230, 231, 232, 233, 234, 235, 236, 237, 238, 239, 240, 241, 242, 243, 244, 245, 246, 247, 248, 249, 250, 251, 252, 253, 254, 255, 256, 257, 258, 259, 260, 261, 262, 263, 264, 265, 266, 267, 268, 269, 270, 271, 272, 273, 274, 275, 276, 277, 278, 279, 280, 281, 282, 283, 284, 285, 286, 287, 288, 289, 290, 291, 292, 293, 294, 295, 296, 297, 298, 299, 300, 301, 302, 303, 304, 305, 306, 307, 308, 309, 310, 311, 312, 313, 314, 315, 316, 317, 318, 319, 320, 321, 322, 323, 324, 325, 326, 327, 328, 329, 330, 331, 332, 333, 334, 335, 336, 337, 574, 575, 576, 577, 578, 579, 580, 581, 582, 583, 584, 585, 586, 587, 588, 589, 590, 591, 592, 593, 594, 595, 596, 597, 598, 599, 600, 601, 602, 603, 604, 605, 606, 607, 608, 609, 610, 611, 612, 613, 614, 615, 616, 617, 618, 619, 620, 621, 622, 623, 624, 625, 626, 627, 628, 629, 630, 631, 632, 633, 634, 635, 636, 637, 638, 639, 640, 641, 642, 643, 644, 645, 646, 647, 648, 649, 650, 651, 652, 653, 654, 655, 656, 657, 658, 659, 660, 661, 662, 663, 664, 665, 666, 667, 668, 669, 670, 671, 672, 673, 674, 675, 676, 677, 678, 679, 680, 681, 682, 683, 684, 685, 686, 687, 688, 689, 690, 691, 692, 693, 694, 695, 696, 697, 698, 699, 700, 701, 702, 703, 704, 705, 706, 707, 708, 709, 710, 711, 712, 713, 714, 715, 716, 717, 718, 719, 720, 721, 722, 723, 724, 725, 726, 727, 728, 729, 730, 731, 732, 733, 734, 735, 736, 737, 738, 739, 740, 741, 742, 743, 744, 745, 746, 747, 748, 749, 750, 751, 752, 753, 754, 755, 756, 757, 758, 759, 760, 761, 762, 763, 764, 765, 766, 767, 768, 769, 770, 771, 772, 773, 774, 775, 776, 777, 778, 779, 780, 781, 782, 783, 784, 785, 786, 787, 788, 789, 790, 791, 792, 793]","[10, 75, 103, 104, 106, 117, 118, 120, 127, 128, 129, 131, 133, 135, 136, 137, 139, 146, 147, 148, 149, 151, 158, 160, 162, 166, 173, 178, 179, 185, 190, 192, 198, 201, 203, 204, 206, 207, 212, 213, 214, 219, 223, 224, 225, 227, 230, 235, 237, 246, 247, 256, 259, 262, 263, 266, 268, 269, 271, 272, 278, 279, 284, 285, 288, 290, 292, 304, 306, 312, 316, 319, 320, 323, 324, 329, 332, 335, 495, 549, 574, 575, 577, 588, 589, 591, 598, 599, 600, 602, 604, 606, 607, 608, 610, 617, 618, 619, 620, 622, 625, 630, 632, 634, 638, 644, 649, 650, 656, 661, 663, 669, 673, 674, 676, 677, 682, 683, 684, 687, 688, 689, 691, 694, 699, 701, 710, 718, 722, 723, 727, 728, 730, 731, 737, 738, 743, 744, 747, 749, 751, 762, 764, 770, 774, 777, 778, 781, 782, 789, 791]",[],"[106, 577]","[10, 75, 103, 104, 105, 106, 107, 108, 109, 110, 111, 112, 113, 114, 115, 116, 117, 118, 119, 120, 121, 122, 123, 124, 125, 126, 127, 128, 129, 130, 131, 132, 133, 134, 135, 136, 137, 138, 139, 140, 141, 142, 143, 144, 145, 146, 147, 148, 149, 150, 151, 152, 153, 154, 155, 156, 157, 158, 159, 160, 161, 162, 163, 164, 165, 166, 167, 168, 169, 170, 171, 172, 173, 174, 175, 176, 177, 178, 179, 180, 181, 182, 183, 184, 185, 186, 187, 188, 189, 190, 191, 192, 193, 194, 195, 196, 197, 198, 199, 200, 201, 202, 203, 204, 205, 206, 207, 208, 209, 210, 211, 212, 213, 214, 215, 216, 217, 218, 219, 220, 221, 222, 223, 224, 225, 226, 227, 228, 229, 230, 231, 232, 233, 234, 235, 236, 237, 238, 239, 240, 241, 242, 243, 244, 245, 246, 247, 248, 249, 250, 251, 252, 253, 254, 255, 256, 257, 258, 259, 260, 261, 262, 263, 264, 265, 266, 267, 268, 269, 270, 271, 272, 273, 274, 275, 276, 277, 278, 279, 280, 281, 282, 283, 284, 285, 286, 287, 288, 289, 290, 291, 292, 293, 294, 295, 296, 297, 298, 299, 300, 301, 302, 303, 304, 305, 306, 307, 308, 309, 310, 311, 312, 313, 314, 315, 316, 317, 318, 319, 320, 321, 322, 323, 324, 325, 326, 327, 328, 329, 330, 331, 332, 333, 334, 335, 336, 337, 495, 549, 574, 575, 576, 577, 578, 579, 580, 581, 582, 583, 584, 585, 586, 587, 588, 589, 590, 591, 592, 593, 594, 595, 596, 597, 598, 599, 600, 601, 602, 603, 604, 605, 606, 607, 608, 609, 610, 611, 612, 613, 614, 615, 616, 617, 618, 619, 620, 621, 622, 623, 624, 625, 626, 627, 628, 629, 630, 631, 632, 633, 634, 635, 636, 637, 638, 639, 640, 641, 642, 643, 644, 645, 646, 647, 648, 649, 650, 651, 652, 653, 654, 655, 656, 657, 658, 659, 660, 661, 662, 663, 664, 665, 666, 667, 668, 669, 670, 671, 672, 673, 674, 675, 676, 677, 678, 679, 680, 681, 682, 683, 684, 685, 686, 687, 688, 689, 690, 691, 692, 693, 694, 695, 696, 697, 698, 699, 700, 701, 702, 703, 704, 705, 706, 707, 708, 709, 710, 711, 712, 713, 714, 715, 716, 717, 718, 719, 720, 721, 722, 723, 724, 725, 726, 727, 728, 729, 730, 731, 732, 733, 734, 735, 736, 737, 738, 739, 740, 741, 742, 743, 744, 745, 746, 747, 748, 749, 750, 751, 752, 753, 754, 755, 756, 757, 758, 759, 760, 761, 762, 763, 764, 765, 766, 767, 768, 769, 770, 771, 772, 773, 774, 775, 776, 777, 778, 779, 780, 781, 782, 783, 784, 785, 786, 787, 788, 789, 790, 791, 792, 793]",True,"[106, 278, 577, 737]","[103, 104, 105, 106, 107, 108, 109, 110, 111, 112, 113, 114, 115, 116, 117, 118, 119, 120, 121, 122, 123, 124, 125, 126, 127, 128, 129, 130, 131, 132, 133, 134, 135, 136, 137, 138, 139, 140, 141, 142, 143, 144, 145, 146, 147, 148, 149, 150, 151, 152, 153, 154, 155, 156, 157, 158, 159, 160, 161, 162, 163, 164, 165, 166, 167, 168, 169, 170, 171, 172, 173, 174, 175, 176, 177, 178, 179, 180, 181, 182, 183, 184, 185, 186, 187, 188, 189, 190, 191, 192, 193, 194, 195, 196, 197, 198, 199, 200, 201, 202, 203, 204, 205, 206, 207, 208, 209, 210, 211, 212, 213, 214, 215, 216, 217, 218, 219, 220, 221, 222, 223, 224, 225, 226, 227, 228, 229, 230, 231, 232, 233, 234, 235, 236, 237, 238, 239, 240, 241, 242, 243, 244, 245, 246, 247, 248, 249, 250, 251, 252, 253, 254, 255, 256, 257, 258, 259, 260, 261, 262, 263, 264, 265, 266, 267, 268, 269, 270, 271, 272, 273, 274, 275, 276, 277, 278, 279, 280, 281, 282, 283, 284, 285, 286, 287, 288, 289, 290, 291, 292, 293, 294, 295, 296, 297, 298, 299, 300, 301, 302, 303, 304, 305, 306, 307, 308, 309, 310, 311, 312, 313, 314, 315, 316, 317, 318, 319, 320, 321, 322, 323, 324, 325, 326, 327, 328, 329, 330, 331, 332, 333, 334, 335, 336, 337, 574, 575, 576, 577, 578, 579, 580, 581, 582, 583, 584, 585, 586, 587, 588, 589, 590, 591, 592, 593, 594, 595, 596, 597, 598, 599, 600, 601, 602, 603, 604, 605, 606, 607, 608, 609, 610, 611, 612, 613, 614, 615, 616, 617, 618, 619, 620, 621, 622, 623, 624, 625, 626, 627, 628, 629, 630, 631, 632, 633, 634, 635, 636, 637, 638, 639, 640, 641, 642, 643, 644, 645, 646, 647, 648, 649, 650, 651, 652, 653, 654, 655, 656, 657, 658, 659, 660, 661, 662, 663, 664, 665, 666, 667, 668, 669, 670, 671, 672, 673, 674, 675, 676, 677, 678, 679, 680, 681, 682, 683, 684, 685, 686, 687, 688, 689, 690, 691, 692, 693, 694, 695, 696, 697, 698, 699, 700, 701, 702, 703, 704, 705, 706, 707, 708, 709, 710, 711, 712, 713, 714, 715, 716, 717, 718, 719, 720, 721, 722, 723, 724, 725, 726, 727, 728, 729, 730, 731, 732, 733, 734, 735, 736, 737, 738, 739, 740, 741, 742, 743, 744, 745, 746, 747, 748, 749, 750, 751, 752, 753, 754, 755, 756, 757, 758, 759, 760, 761, 762, 763, 764, 765, 766, 767, 768, 769, 770, 771, 772, 773, 774, 775, 776, 777, 778, 779, 780, 781, 782, 783, 784, 785, 786, 787, 788, 789, 790, 791, 792, 793]","[106, 135, 278, 288, 577, 606, 625, 737, 747]","[106, 278, 577, 737]","[10, 75, 103, 104, 106, 117, 118, 120, 127, 128, 129, 131, 133, 135, 136, 137, 139, 146, 147, 148, 149, 151, 158, 160, 162, 166, 173, 178, 179, 185, 190, 192, 198, 201, 203, 204, 206, 207, 212, 213, 214, 219, 223, 224, 225, 227, 230, 235, 237, 246, 247, 256, 259, 262, 263, 266, 268, 269, 271, 272, 278, 279, 284, 285, 288, 290, 292, 304, 306, 312, 316, 319, 320, 323, 324, 329, 332, 335, 495, 549, 574, 575, 577, 588, 589, 591, 598, 599, 600, 602, 604, 606, 607, 608, 610, 617, 618, 619, 620, 622, 625, 630, 632, 634, 638, 644, 649, 650, 656, 661, 663, 669, 673, 674, 676, 677, 682, 683, 684, 687, 688, 689, 691, 694, 699, 701, 710, 718, 722, 723, 727, 728, 730, 731, 737, 738, 743, 744, 747, 749, 751, 762, 764, 770, 774, 777, 778, 781, 782, 789, 791]","[106, 577]",[],7/6 successful match,True,[33],True,335,False,,0.8339130434782609,True,5th Wheel Truck Stop ( Valero Pkwy W ) to Boyce ),Valero
"F Fresno , 93725 5th Wheel Truck Stop",3 559-485-0701 CA 99 Exit 127 ( Chestnut NB / Central SB ),) HRS 24 M,Fresno,93725,5th Wheel Truck Stop,559-485-0701,2008,Fresno,CA,,( Chestnut NB / Central SB ),CA 99 Exit 127 ,Exit,127,False,,False,CA 99,,,,,"[577, 106]","[106, 278, 577, 737]","[106, 135, 278, 288, 577, 606, 625, 737, 747]","[106, 278, 577, 737]","[103, 104, 105, 106, 107, 108, 109, 110, 111, 112, 113, 114, 115, 116, 117, 118, 119, 120, 121, 122, 123, 124, 125, 126, 127, 128, 129, 130, 131, 132, 133, 134, 135, 136, 137, 138, 139, 140, 141, 142, 143, 144, 145, 146, 147, 148, 149, 150, 151, 152, 153, 154, 155, 156, 157, 158, 159, 160, 161, 162, 163, 164, 165, 166, 167, 168, 169, 170, 171, 172, 173, 174, 175, 176, 177, 178, 179, 180, 181, 182, 183, 184, 185, 186, 187, 188, 189, 190, 191, 192, 193, 194, 195, 196, 197, 198, 199, 200, 201, 202, 203, 204, 205, 206, 207, 208, 209, 210, 211, 212, 213, 214, 215, 216, 217, 218, 219, 220, 221, 222, 223, 224, 225, 226, 227, 228, 229, 230, 231, 232, 233, 234, 235, 236, 237, 238, 239, 240, 241, 242, 243, 244, 245, 246, 247, 248, 249, 250, 251, 252, 253, 254, 255, 256, 257, 258, 259, 260, 261, 262, 263, 264, 265, 266, 267, 268, 269, 270, 271, 272, 273, 274, 275, 276, 277, 278, 279, 280, 281, 282, 283, 284, 285, 286, 287, 288, 289, 290, 291, 292, 293, 294, 295, 296, 297, 298, 299, 300, 301, 302, 303, 304, 305, 306, 307, 308, 309, 310, 311, 312, 313, 314, 315, 316, 317, 318, 319, 320, 321, 322, 323, 324, 325, 326, 327, 328, 329, 330, 331, 332, 333, 334, 335, 336, 337, 574, 575, 576, 577, 578, 579, 580, 581, 582, 583, 584, 585, 586, 587, 588, 589, 590, 591, 592, 593, 594, 595, 596, 597, 598, 599, 600, 601, 602, 603, 604, 605, 606, 607, 608, 609, 610, 611, 612, 613, 614, 615, 616, 617, 618, 619, 620, 621, 622, 623, 624, 625, 626, 627, 628, 629, 630, 631, 632, 633, 634, 635, 636, 637, 638, 639, 640, 641, 642, 643, 644, 645, 646, 647, 648, 649, 650, 651, 652, 653, 654, 655, 656, 657, 658, 659, 660, 661, 662, 663, 664, 665, 666, 667, 668, 669, 670, 671, 672, 673, 674, 675, 676, 677, 678, 679, 680, 681, 682, 683, 684, 685, 686, 687, 688, 689, 690, 691, 692, 693, 694, 695, 696, 697, 698, 699, 700, 701, 702, 703, 704, 705, 706, 707, 708, 709, 710, 711, 712, 713, 714, 715, 716, 717, 718, 719, 720, 721, 722, 723, 724, 725, 726, 727, 728, 729, 730, 731, 732, 733, 734, 735, 736, 737, 738, 739, 740, 741, 742, 743, 744, 745, 746, 747, 748, 749, 750, 751, 752, 753, 754, 755, 756, 757, 758, 759, 760, 761, 762, 763, 764, 765, 766, 767, 768, 769, 770, 771, 772, 773, 774, 775, 776, 777, 778, 779, 780, 781, 782, 783, 784, 785, 786, 787, 788, 789, 790, 791, 792, 793]","[10, 75, 103, 104, 106, 117, 118, 120, 127, 128, 129, 131, 133, 135, 136, 137, 139, 146, 147, 148, 149, 151, 158, 160, 162, 166, 173, 178, 179, 185, 190, 192, 198, 201, 203, 204, 206, 207, 212, 213, 214, 219, 223, 224, 225, 227, 230, 235, 237, 246, 247, 256, 259, 262, 263, 266, 268, 269, 271, 272, 278, 279, 284, 285, 288, 290, 292, 304, 306, 312, 316, 319, 320, 323, 324, 329, 332, 335, 495, 549, 574, 575, 577, 588, 589, 591, 598, 599, 600, 602, 604, 606, 607, 608, 610, 617, 618, 619, 620, 622, 625, 630, 632, 634, 638, 644, 649, 650, 656, 661, 663, 669, 673, 674, 676, 677, 682, 683, 684, 687, 688, 689, 691, 694, 699, 701, 710, 718, 722, 723, 727, 728, 730, 731, 737, 738, 743, 744, 747, 749, 751, 762, 764, 770, 774, 777, 778, 781, 782, 789, 791]",[],"[106, 577]","[10, 75, 103, 104, 105, 106, 107, 108, 109, 110, 111, 112, 113, 114, 115, 116, 117, 118, 119, 120, 121, 122, 123, 124, 125, 126, 127, 128, 129, 130, 131, 132, 133, 134, 135, 136, 137, 138, 139, 140, 141, 142, 143, 144, 145, 146, 147, 148, 149, 150, 151, 152, 153, 154, 155, 156, 157, 158, 159, 160, 161, 162, 163, 164, 165, 166, 167, 168, 169, 170, 171, 172, 173, 174, 175, 176, 177, 178, 179, 180, 181, 182, 183, 184, 185, 186, 187, 188, 189, 190, 191, 192, 193, 194, 195, 196, 197, 198, 199, 200, 201, 202, 203, 204, 205, 206, 207, 208, 209, 210, 211, 212, 213, 214, 215, 216, 217, 218, 219, 220, 221, 222, 223, 224, 225, 226, 227, 228, 229, 230, 231, 232, 233, 234, 235, 236, 237, 238, 239, 240, 241, 242, 243, 244, 245, 246, 247, 248, 249, 250, 251, 252, 253, 254, 255, 256, 257, 258, 259, 260, 261, 262, 263, 264, 265, 266, 267, 268, 269, 270, 271, 272, 273, 274, 275, 276, 277, 278, 279, 280, 281, 282, 283, 284, 285, 286, 287, 288, 289, 290, 291, 292, 293, 294, 295, 296, 297, 298, 299, 300, 301, 302, 303, 304, 305, 306, 307, 308, 309, 310, 311, 312, 313, 314, 315, 316, 317, 318, 319, 320, 321, 322, 323, 324, 325, 326, 327, 328, 329, 330, 331, 332, 333, 334, 335, 336, 337, 495, 549, 574, 575, 576, 577, 578, 579, 580, 581, 582, 583, 584, 585, 586, 587, 588, 589, 590, 591, 592, 593, 594, 595, 596, 597, 598, 599, 600, 601, 602, 603, 604, 605, 606, 607, 608, 609, 610, 611, 612, 613, 614, 615, 616, 617, 618, 619, 620, 621, 622, 623, 624, 625, 626, 627, 628, 629, 630, 631, 632, 633, 634, 635, 636, 637, 638, 639, 640, 641, 642, 643, 644, 645, 646, 647, 648, 649, 650, 651, 652, 653, 654, 655, 656, 657, 658, 659, 660, 661, 662, 663, 664, 665, 666, 667, 668, 669, 670, 671, 672, 673, 674, 675, 676, 677, 678, 679, 680, 681, 682, 683, 684, 685, 686, 687, 688, 689, 690, 691, 692, 693, 694, 695, 696, 697, 698, 699, 700, 701, 702, 703, 704, 705, 706, 707, 708, 709, 710, 711, 712, 713, 714, 715, 716, 717, 718, 719, 720, 721, 722, 723, 724, 725, 726, 727, 728, 729, 730, 731, 732, 733, 734, 735, 736, 737, 738, 739, 740, 741, 742, 743, 744, 745, 746, 747, 748, 749, 750, 751, 752, 753, 754, 755, 756, 757, 758, 759, 760, 761, 762, 763, 764, 765, 766, 767, 768, 769, 770, 771, 772, 773, 774, 775, 776, 777, 778, 779, 780, 781, 782, 783, 784, 785, 786, 787, 788, 789, 790, 791, 792, 793]",True,"[106, 278, 577, 737]","[103, 104, 105, 106, 107, 108, 109, 110, 111, 112, 113, 114, 115, 116, 117, 118, 119, 120, 121, 122, 123, 124, 125, 126, 127, 128, 129, 130, 131, 132, 133, 134, 135, 136, 137, 138, 139, 140, 141, 142, 143, 144, 145, 146, 147, 148, 149, 150, 151, 152, 153, 154, 155, 156, 157, 158, 159, 160, 161, 162, 163, 164, 165, 166, 167, 168, 169, 170, 171, 172, 173, 174, 175, 176, 177, 178, 179, 180, 181, 182, 183, 184, 185, 186, 187, 188, 189, 190, 191, 192, 193, 194, 195, 196, 197, 198, 199, 200, 201, 202, 203, 204, 205, 206, 207, 208, 209, 210, 211, 212, 213, 214, 215, 216, 217, 218, 219, 220, 221, 222, 223, 224, 225, 226, 227, 228, 229, 230, 231, 232, 233, 234, 235, 236, 237, 238, 239, 240, 241, 242, 243, 244, 245, 246, 247, 248, 249, 250, 251, 252, 253, 254, 255, 256, 257, 258, 259, 260, 261, 262, 263, 264, 265, 266, 267, 268, 269, 270, 271, 272, 273, 274, 275, 276, 277, 278, 279, 280, 281, 282, 283, 284, 285, 286, 287, 288, 289, 290, 291, 292, 293, 294, 295, 296, 297, 298, 299, 300, 301, 302, 303, 304, 305, 306, 307, 308, 309, 310, 311, 312, 313, 314, 315, 316, 317, 318, 319, 320, 321, 322, 323, 324, 325, 326, 327, 328, 329, 330, 331, 332, 333, 334, 335, 336, 337, 574, 575, 576, 577, 578, 579, 580, 581, 582, 583, 584, 585, 586, 587, 588, 589, 590, 591, 592, 593, 594, 595, 596, 597, 598, 599, 600, 601, 602, 603, 604, 605, 606, 607, 608, 609, 610, 611, 612, 613, 614, 615, 616, 617, 618, 619, 620, 621, 622, 623, 624, 625, 626, 627, 628, 629, 630, 631, 632, 633, 634, 635, 636, 637, 638, 639, 640, 641, 642, 643, 644, 645, 646, 647, 648, 649, 650, 651, 652, 653, 654, 655, 656, 657, 658, 659, 660, 661, 662, 663, 664, 665, 666, 667, 668, 669, 670, 671, 672, 673, 674, 675, 676, 677, 678, 679, 680, 681, 682, 683, 684, 685, 686, 687, 688, 689, 690, 691, 692, 693, 694, 695, 696, 697, 698, 699, 700, 701, 702, 703, 704, 705, 706, 707, 708, 709, 710, 711, 712, 713, 714, 715, 716, 717, 718, 719, 720, 721, 722, 723, 724, 725, 726, 727, 728, 729, 730, 731, 732, 733, 734, 735, 736, 737, 738, 739, 740, 741, 742, 743, 744, 745, 746, 747, 748, 749, 750, 751, 752, 753, 754, 755, 756, 757, 758, 759, 760, 761, 762, 763, 764, 765, 766, 767, 768, 769, 770, 771, 772, 773, 774, 775, 776, 777, 778, 779, 780, 781, 782, 783, 784, 785, 786, 787, 788, 789, 790, 791, 792, 793]","[106, 135, 278, 288, 577, 606, 625, 737, 747]","[106, 278, 577, 737]","[10, 75, 103, 104, 106, 117, 118, 120, 127, 128, 129, 131, 133, 135, 136, 137, 139, 146, 147, 148, 149, 151, 158, 160, 162, 166, 173, 178, 179, 185, 190, 192, 198, 201, 203, 204, 206, 207, 212, 213, 214, 219, 223, 224, 225, 227, 230, 235, 237, 246, 247, 256, 259, 262, 263, 266, 268, 269, 271, 272, 278, 279, 284, 285, 288, 290, 292, 304, 306, 312, 316, 319, 320, 323, 324, 329, 332, 335, 495, 549, 574, 575, 577, 588, 589, 591, 598, 599, 600, 602, 604, 606, 607, 608, 610, 617, 618, 619, 620, 622, 625, 630, 632, 634, 638, 644, 649, 650, 656, 661, 663, 669, 673, 674, 676, 677, 682, 683, 684, 687, 688, 689, 691, 694, 699, 701, 710, 718, 722, 723, 727, 728, 730, 731, 737, 738, 743, 744, 747, 749, 751, 762, 764, 770, 774, 777, 778, 781, 782, 789, 791]","[106, 577]",[],7/6 successful match,True,[33],True,335,False,,1.0,True,5th Wheel Truck Stop,
F Fresno ( 93725 ) 5th Wheel Truck Stop,559-485-0701 CA 99 Exit 127 ( Chestnut NB / Central SB ),SB ) 24 M <U+25A1>,Fresno,93725,5th Wheel Truck Stop,559-485-0701,2014,Fresno,CA,,( Chestnut NB / Central SB ),CA 99 Exit 127 ,Exit,127,False,,False,CA 99,,,,,"[577, 106]","[106, 278, 577, 737]","[106, 135, 278, 288, 577, 606, 625, 737, 747]","[106, 278, 577, 737]","[103, 104, 105, 106, 107, 108, 109, 110, 111, 112, 113, 114, 115, 116, 117, 118, 119, 120, 121, 122, 123, 124, 125, 126, 127, 128, 129, 130, 131, 132, 133, 134, 135, 136, 137, 138, 139, 140, 141, 142, 143, 144, 145, 146, 147, 148, 149, 150, 151, 152, 153, 154, 155, 156, 157, 158, 159, 160, 161, 162, 163, 164, 165, 166, 167, 168, 169, 170, 171, 172, 173, 174, 175, 176, 177, 178, 179, 180, 181, 182, 183, 184, 185, 186, 187, 188, 189, 190, 191, 192, 193, 194, 195, 196, 197, 198, 199, 200, 201, 202, 203, 204, 205, 206, 207, 208, 209, 210, 211, 212, 213, 214, 215, 216, 217, 218, 219, 220, 221, 222, 223, 224, 225, 226, 227, 228, 229, 230, 231, 232, 233, 234, 235, 236, 237, 238, 239, 240, 241, 242, 243, 244, 245, 246, 247, 248, 249, 250, 251, 252, 253, 254, 255, 256, 257, 258, 259, 260, 261, 262, 263, 264, 265, 266, 267, 268, 269, 270, 271, 272, 273, 274, 275, 276, 277, 278, 279, 280, 281, 282, 283, 284, 285, 286, 287, 288, 289, 290, 291, 292, 293, 294, 295, 296, 297, 298, 299, 300, 301, 302, 303, 304, 305, 306, 307, 308, 309, 310, 311, 312, 313, 314, 315, 316, 317, 318, 319, 320, 321, 322, 323, 324, 325, 326, 327, 328, 329, 330, 331, 332, 333, 334, 335, 336, 337, 574, 575, 576, 577, 578, 579, 580, 581, 582, 583, 584, 585, 586, 587, 588, 589, 590, 591, 592, 593, 594, 595, 596, 597, 598, 599, 600, 601, 602, 603, 604, 605, 606, 607, 608, 609, 610, 611, 612, 613, 614, 615, 616, 617, 618, 619, 620, 621, 622, 623, 624, 625, 626, 627, 628, 629, 630, 631, 632, 633, 634, 635, 636, 637, 638, 639, 640, 641, 642, 643, 644, 645, 646, 647, 648, 649, 650, 651, 652, 653, 654, 655, 656, 657, 658, 659, 660, 661, 662, 663, 664, 665, 666, 667, 668, 669, 670, 671, 672, 673, 674, 675, 676, 677, 678, 679, 680, 681, 682, 683, 684, 685, 686, 687, 688, 689, 690, 691, 692, 693, 694, 695, 696, 697, 698, 699, 700, 701, 702, 703, 704, 705, 706, 707, 708, 709, 710, 711, 712, 713, 714, 715, 716, 717, 718, 719, 720, 721, 722, 723, 724, 725, 726, 727, 728, 729, 730, 731, 732, 733, 734, 735, 736, 737, 738, 739, 740, 741, 742, 743, 744, 745, 746, 747, 748, 749, 750, 751, 752, 753, 754, 755, 756, 757, 758, 759, 760, 761, 762, 763, 764, 765, 766, 767, 768, 769, 770, 771, 772, 773, 774, 775, 776, 777, 778, 779, 780, 781, 782, 783, 784, 785, 786, 787, 788, 789, 790, 791, 792, 793]","[10, 75, 103, 104, 106, 117, 118, 120, 127, 128, 129, 131, 133, 135, 136, 137, 139, 146, 147, 148, 149, 151, 158, 160, 162, 166, 173, 178, 179, 185, 190, 192, 198, 201, 203, 204, 206, 207, 212, 213, 214, 219, 223, 224, 225, 227, 230, 235, 237, 246, 247, 256, 259, 262, 263, 266, 268, 269, 271, 272, 278, 279, 284, 285, 288, 290, 292, 304, 306, 312, 316, 319, 320, 323, 324, 329, 332, 335, 495, 549, 574, 575, 577, 588, 589, 591, 598, 599, 600, 602, 604, 606, 607, 608, 610, 617, 618, 619, 620, 622, 625, 630, 632, 634, 638, 644, 649, 650, 656, 661, 663, 669, 673, 674, 676, 677, 682, 683, 684, 687, 688, 689, 691, 694, 699, 701, 710, 718, 722, 723, 727, 728, 730, 731, 737, 738, 743, 744, 747, 749, 751, 762, 764, 770, 774, 777, 778, 781, 782, 789, 791]",[],"[106, 577]","[10, 75, 103, 104, 105, 106, 107, 108, 109, 110, 111, 112, 113, 114, 115, 116, 117, 118, 119, 120, 121, 122, 123, 124, 125, 126, 127, 128, 129, 130, 131, 132, 133, 134, 135, 136, 137, 138, 139, 140, 141, 142, 143, 144, 145, 146, 147, 148, 149, 150, 151, 152, 153, 154, 155, 156, 157, 158, 159, 160, 161, 162, 163, 164, 165, 166, 167, 168, 169, 170, 171, 172, 173, 174, 175, 176, 177, 178, 179, 180, 181, 182, 183, 184, 185, 186, 187, 188, 189, 190, 191, 192, 193, 194, 195, 196, 197, 198, 199, 200, 201, 202, 203, 204, 205, 206, 207, 208, 209, 210, 211, 212, 213, 214, 215, 216, 217, 218, 219, 220, 221, 222, 223, 224, 225, 226, 227, 228, 229, 230, 231, 232, 233, 234, 235, 236, 237, 238, 239, 240, 241, 242, 243, 244, 245, 246, 247, 248, 249, 250, 251, 252, 253, 254, 255, 256, 257, 258, 259, 260, 261, 262, 263, 264, 265, 266, 267, 268, 269, 270, 271, 272, 273, 274, 275, 276, 277, 278, 279, 280, 281, 282, 283, 284, 285, 286, 287, 288, 289, 290, 291, 292, 293, 294, 295, 296, 297, 298, 299, 300, 301, 302, 303, 304, 305, 306, 307, 308, 309, 310, 311, 312, 313, 314, 315, 316, 317, 318, 319, 320, 321, 322, 323, 324, 325, 326, 327, 328, 329, 330, 331, 332, 333, 334, 335, 336, 337, 495, 549, 574, 575, 576, 577, 578, 579, 580, 581, 582, 583, 584, 585, 586, 587, 588, 589, 590, 591, 592, 593, 594, 595, 596, 597, 598, 599, 600, 601, 602, 603, 604, 605, 606, 607, 608, 609, 610, 611, 612, 613, 614, 615, 616, 617, 618, 619, 620, 621, 622, 623, 624, 625, 626, 627, 628, 629, 630, 631, 632, 633, 634, 635, 636, 637, 638, 639, 640, 641, 642, 643, 644, 645, 646, 647, 648, 649, 650, 651, 652, 653, 654, 655, 656, 657, 658, 659, 660, 661, 662, 663, 664, 665, 666, 667, 668, 669, 670, 671, 672, 673, 674, 675, 676, 677, 678, 679, 680, 681, 682, 683, 684, 685, 686, 687, 688, 689, 690, 691, 692, 693, 694, 695, 696, 697, 698, 699, 700, 701, 702, 703, 704, 705, 706, 707, 708, 709, 710, 711, 712, 713, 714, 715, 716, 717, 718, 719, 720, 721, 722, 723, 724, 725, 726, 727, 728, 729, 730, 731, 732, 733, 734, 735, 736, 737, 738, 739, 740, 741, 742, 743, 744, 745, 746, 747, 748, 749, 750, 751, 752, 753, 754, 755, 756, 757, 758, 759, 760, 761, 762, 763, 764, 765, 766, 767, 768, 769, 770, 771, 772, 773, 774, 775, 776, 777, 778, 779, 780, 781, 782, 783, 784, 785, 786, 787, 788, 789, 790, 791, 792, 793]",True,"[106, 278, 577, 737]","[103, 104, 105, 106, 107, 108, 109, 110, 111, 112, 113, 114, 115, 116, 117, 118, 119, 120, 121, 122, 123, 124, 125, 126, 127, 128, 129, 130, 131, 132, 133, 134, 135, 136, 137, 138, 139, 140, 141, 142, 143, 144, 145, 146, 147, 148, 149, 150, 151, 152, 153, 154, 155, 156, 157, 158, 159, 160, 161, 162, 163, 164, 165, 166, 167, 168, 169, 170, 171, 172, 173, 174, 175, 176, 177, 178, 179, 180, 181, 182, 183, 184, 185, 186, 187, 188, 189, 190, 191, 192, 193, 194, 195, 196, 197, 198, 199, 200, 201, 202, 203, 204, 205, 206, 207, 208, 209, 210, 211, 212, 213, 214, 215, 216, 217, 218, 219, 220, 221, 222, 223, 224, 225, 226, 227, 228, 229, 230, 231, 232, 233, 234, 235, 236, 237, 238, 239, 240, 241, 242, 243, 244, 245, 246, 247, 248, 249, 250, 251, 252, 253, 254, 255, 256, 257, 258, 259, 260, 261, 262, 263, 264, 265, 266, 267, 268, 269, 270, 271, 272, 273, 274, 275, 276, 277, 278, 279, 280, 281, 282, 283, 284, 285, 286, 287, 288, 289, 290, 291, 292, 293, 294, 295, 296, 297, 298, 299, 300, 301, 302, 303, 304, 305, 306, 307, 308, 309, 310, 311, 312, 313, 314, 315, 316, 317, 318, 319, 320, 321, 322, 323, 324, 325, 326, 327, 328, 329, 330, 331, 332, 333, 334, 335, 336, 337, 574, 575, 576, 577, 578, 579, 580, 581, 582, 583, 584, 585, 586, 587, 588, 589, 590, 591, 592, 593, 594, 595, 596, 597, 598, 599, 600, 601, 602, 603, 604, 605, 606, 607, 608, 609, 610, 611, 612, 613, 614, 615, 616, 617, 618, 619, 620, 621, 622, 623, 624, 625, 626, 627, 628, 629, 630, 631, 632, 633, 634, 635, 636, 637, 638, 639, 640, 641, 642, 643, 644, 645, 646, 647, 648, 649, 650, 651, 652, 653, 654, 655, 656, 657, 658, 659, 660, 661, 662, 663, 664, 665, 666, 667, 668, 669, 670, 671, 672, 673, 674, 675, 676, 677, 678, 679, 680, 681, 682, 683, 684, 685, 686, 687, 688, 689, 690, 691, 692, 693, 694, 695, 696, 697, 698, 699, 700, 701, 702, 703, 704, 705, 706, 707, 708, 709, 710, 711, 712, 713, 714, 715, 716, 717, 718, 719, 720, 721, 722, 723, 724, 725, 726, 727, 728, 729, 730, 731, 732, 733, 734, 735, 736, 737, 738, 739, 740, 741, 742, 743, 744, 745, 746, 747, 748, 749, 750, 751, 752, 753, 754, 755, 756, 757, 758, 759, 760, 761, 762, 763, 764, 765, 766, 767, 768, 769, 770, 771, 772, 773, 774, 775, 776, 777, 778, 779, 780, 781, 782, 783, 784, 785, 786, 787, 788, 789, 790, 791, 792, 793]","[106, 135, 278, 288, 577, 606, 625, 737, 747]","[106, 278, 577, 737]","[10, 75, 103, 104, 106, 117, 118, 120, 127, 128, 129, 131, 133, 135, 136, 137, 139, 146, 147, 148, 149, 151, 158, 160, 162, 166, 173, 178, 179, 185, 190, 192, 198, 201, 203, 204, 206, 207, 212, 213, 214, 219, 223, 224, 225, 227, 230, 235, 237, 246, 247, 256, 259, 262, 263, 266, 268, 269, 271, 272, 278, 279, 284, 285, 288, 290, 292, 304, 306, 312, 316, 319, 320, 323, 324, 329, 332, 335, 495, 549, 574, 575, 577, 588, 589, 591, 598, 599, 600, 602, 604, 606, 607, 608, 610, 617, 618, 619, 620, 622, 625, 630, 632, 634, 638, 644, 649, 650, 656, 661, 663, 669, 673, 674, 676, 677, 682, 683, 684, 687, 688, 689, 691, 694, 699, 701, 710, 718, 722, 723, 727, 728, 730, 731, 737, 738, 743, 744, 747, 749, 751, 762, 764, 770, 774, 777, 778, 781, 782, 789, 791]","[106, 577]",[],7/6 successful match,True,[33],True,335,False,,1.0,True,5th Wheel Truck Stop,
Fresno ( 93725 ) 5th Wheel Truck ( Frazier Stop Park ),559-485-0701 CA 99 Exit,") 24 M "" O",Fresno,93725,5th Wheel Truck ( Frazier Stop Park ),559-485-0701,2015,Fresno,CA,,,CA 99 Exit,Exit,,False,,False,CA 99,,,,,"[577, 106]","[106, 278, 577, 737]","[106, 135, 278, 288, 577, 606, 625, 737, 747]",[],"[103, 104, 105, 106, 107, 108, 109, 110, 111, 112, 113, 114, 115, 116, 117, 118, 119, 120, 121, 122, 123, 124, 125, 126, 127, 128, 129, 130, 131, 132, 133, 134, 135, 136, 137, 138, 139, 140, 141, 142, 143, 144, 145, 146, 147, 148, 149, 150, 151, 152, 153, 154, 155, 156, 157, 158, 159, 160, 161, 162, 163, 164, 165, 166, 167, 168, 169, 170, 171, 172, 173, 174, 175, 176, 177, 178, 179, 180, 181, 182, 183, 184, 185, 186, 187, 188, 189, 190, 191, 192, 193, 194, 195, 196, 197, 198, 199, 200, 201, 202, 203, 204, 205, 206, 207, 208, 209, 210, 211, 212, 213, 214, 215, 216, 217, 218, 219, 220, 221, 222, 223, 224, 225, 226, 227, 228, 229, 230, 231, 232, 233, 234, 235, 236, 237, 238, 239, 240, 241, 242, 243, 244, 245, 246, 247, 248, 249, 250, 251, 252, 253, 254, 255, 256, 257, 258, 259, 260, 261, 262, 263, 264, 265, 266, 267, 268, 269, 270, 271, 272, 273, 274, 275, 276, 277, 278, 279, 280, 281, 282, 283, 284, 285, 286, 287, 288, 289, 290, 291, 292, 293, 294, 295, 296, 297, 298, 299, 300, 301, 302, 303, 304, 305, 306, 307, 308, 309, 310, 311, 312, 313, 314, 315, 316, 317, 318, 319, 320, 321, 322, 323, 324, 325, 326, 327, 328, 329, 330, 331, 332, 333, 334, 335, 336, 337, 574, 575, 576, 577, 578, 579, 580, 581, 582, 583, 584, 585, 586, 587, 588, 589, 590, 591, 592, 593, 594, 595, 596, 597, 598, 599, 600, 601, 602, 603, 604, 605, 606, 607, 608, 609, 610, 611, 612, 613, 614, 615, 616, 617, 618, 619, 620, 621, 622, 623, 624, 625, 626, 627, 628, 629, 630, 631, 632, 633, 634, 635, 636, 637, 638, 639, 640, 641, 642, 643, 644, 645, 646, 647, 648, 649, 650, 651, 652, 653, 654, 655, 656, 657, 658, 659, 660, 661, 662, 663, 664, 665, 666, 667, 668, 669, 670, 671, 672, 673, 674, 675, 676, 677, 678, 679, 680, 681, 682, 683, 684, 685, 686, 687, 688, 689, 690, 691, 692, 693, 694, 695, 696, 697, 698, 699, 700, 701, 702, 703, 704, 705, 706, 707, 708, 709, 710, 711, 712, 713, 714, 715, 716, 717, 718, 719, 720, 721, 722, 723, 724, 725, 726, 727, 728, 729, 730, 731, 732, 733, 734, 735, 736, 737, 738, 739, 740, 741, 742, 743, 744, 745, 746, 747, 748, 749, 750, 751, 752, 753, 754, 755, 756, 757, 758, 759, 760, 761, 762, 763, 764, 765, 766, 767, 768, 769, 770, 771, 772, 773, 774, 775, 776, 777, 778, 779, 780, 781, 782, 783, 784, 785, 786, 787, 788, 789, 790, 791, 792, 793]","[10, 75, 103, 104, 106, 117, 118, 120, 127, 128, 129, 131, 133, 135, 136, 137, 139, 146, 147, 148, 149, 151, 158, 160, 162, 166, 173, 178, 179, 185, 190, 192, 198, 201, 203, 204, 206, 207, 212, 213, 214, 219, 223, 224, 225, 227, 230, 235, 237, 246, 247, 256, 259, 262, 263, 266, 268, 269, 271, 272, 278, 279, 284, 285, 288, 290, 292, 304, 306, 312, 316, 319, 320, 323, 324, 329, 332, 335, 495, 549, 574, 575, 577, 588, 589, 591, 598, 599, 600, 602, 604, 606, 607, 608, 610, 617, 618, 619, 620, 622, 625, 630, 632, 634, 638, 644, 649, 650, 656, 661, 663, 669, 673, 674, 676, 677, 682, 683, 684, 687, 688, 689, 691, 694, 699, 701, 710, 718, 722, 723, 727, 728, 730, 731, 737, 738, 743, 744, 747, 749, 751, 762, 764, 770, 774, 777, 778, 781, 782, 789, 791]",[],"[106, 319, 424, 458, 577, 777, 876, 904, 905]","[10, 75, 103, 104, 105, 106, 107, 108, 109, 110, 111, 112, 113, 114, 115, 116, 117, 118, 119, 120, 121, 122, 123, 124, 125, 126, 127, 128, 129, 130, 131, 132, 133, 134, 135, 136, 137, 138, 139, 140, 141, 142, 143, 144, 145, 146, 147, 148, 149, 150, 151, 152, 153, 154, 155, 156, 157, 158, 159, 160, 161, 162, 163, 164, 165, 166, 167, 168, 169, 170, 171, 172, 173, 174, 175, 176, 177, 178, 179, 180, 181, 182, 183, 184, 185, 186, 187, 188, 189, 190, 191, 192, 193, 194, 195, 196, 197, 198, 199, 200, 201, 202, 203, 204, 205, 206, 207, 208, 209, 210, 211, 212, 213, 214, 215, 216, 217, 218, 219, 220, 221, 222, 223, 224, 225, 226, 227, 228, 229, 230, 231, 232, 233, 234, 235, 236, 237, 238, 239, 240, 241, 242, 243, 244, 245, 246, 247, 248, 249, 250, 251, 252, 253, 254, 255, 256, 257, 258, 259, 260, 261, 262, 263, 264, 265, 266, 267, 268, 269, 270, 271, 272, 273, 274, 275, 276, 277, 278, 279, 280, 281, 282, 283, 284, 285, 286, 287, 288, 289, 290, 291, 292, 293, 294, 295, 296, 297, 298, 299, 300, 301, 302, 303, 304, 305, 306, 307, 308, 309, 310, 311, 312, 313, 314, 315, 316, 317, 318, 319, 320, 321, 322, 323, 324, 325, 326, 327, 328, 329, 330, 331, 332, 333, 334, 335, 336, 337, 424, 458, 495, 549, 574, 575, 576, 577, 578, 579, 580, 581, 582, 583, 584, 585, 586, 587, 588, 589, 590, 591, 592, 593, 594, 595, 596, 597, 598, 599, 600, 601, 602, 603, 604, 605, 606, 607, 608, 609, 610, 611, 612, 613, 614, 615, 616, 617, 618, 619, 620, 621, 622, 623, 624, 625, 626, 627, 628, 629, 630, 631, 632, 633, 634, 635, 636, 637, 638, 639, 640, 641, 642, 643, 644, 645, 646, 647, 648, 649, 650, 651, 652, 653, 654, 655, 656, 657, 658, 659, 660, 661, 662, 663, 664, 665, 666, 667, 668, 669, 670, 671, 672, 673, 674, 675, 676, 677, 678, 679, 680, 681, 682, 683, 684, 685, 686, 687, 688, 689, 690, 691, 692, 693, 694, 695, 696, 697, 698, 699, 700, 701, 702, 703, 704, 705, 706, 707, 708, 709, 710, 711, 712, 713, 714, 715, 716, 717, 718, 719, 720, 721, 722, 723, 724, 725, 726, 727, 728, 729, 730, 731, 732, 733, 734, 735, 736, 737, 738, 739, 740, 741, 742, 743, 744, 745, 746, 747, 748, 749, 750, 751, 752, 753, 754, 755, 756, 757, 758, 759, 760, 761, 762, 763, 764, 765, 766, 767, 768, 769, 770, 771, 772, 773, 774, 775, 776, 777, 778, 779, 780, 781, 782, 783, 784, 785, 786, 787, 788, 789, 790, 791, 792, 793, 876, 904, 905]",True,"[106, 278, 577, 737]","[103, 104, 105, 106, 107, 108, 109, 110, 111, 112, 113, 114, 115, 116, 117, 118, 119, 120, 121, 122, 123, 124, 125, 126, 127, 128, 129, 130, 131, 132, 133, 134, 135, 136, 137, 138, 139, 140, 141, 142, 143, 144, 145, 146, 147, 148, 149, 150, 151, 152, 153, 154, 155, 156, 157, 158, 159, 160, 161, 162, 163, 164, 165, 166, 167, 168, 169, 170, 171, 172, 173, 174, 175, 176, 177, 178, 179, 180, 181, 182, 183, 184, 185, 186, 187, 188, 189, 190, 191, 192, 193, 194, 195, 196, 197, 198, 199, 200, 201, 202, 203, 204, 205, 206, 207, 208, 209, 210, 211, 212, 213, 214, 215, 216, 217, 218, 219, 220, 221, 222, 223, 224, 225, 226, 227, 228, 229, 230, 231, 232, 233, 234, 235, 236, 237, 238, 239, 240, 241, 242, 243, 244, 245, 246, 247, 248, 249, 250, 251, 252, 253, 254, 255, 256, 257, 258, 259, 260, 261, 262, 263, 264, 265, 266, 267, 268, 269, 270, 271, 272, 273, 274, 275, 276, 277, 278, 279, 280, 281, 282, 283, 284, 285, 286, 287, 288, 289, 290, 291, 292, 293, 294, 295, 296, 297, 298, 299, 300, 301, 302, 303, 304, 305, 306, 307, 308, 309, 310, 311, 312, 313, 314, 315, 316, 317, 318, 319, 320, 321, 322, 323, 324, 325, 326, 327, 328, 329, 330, 331, 332, 333, 334, 335, 336, 337, 574, 575, 576, 577, 578, 579, 580, 581, 582, 583, 584, 585, 586, 587, 588, 589, 590, 591, 592, 593, 594, 595, 596, 597, 598, 599, 600, 601, 602, 603, 604, 605, 606, 607, 608, 609, 610, 611, 612, 613, 614, 615, 616, 617, 618, 619, 620, 621, 622, 623, 624, 625, 626, 627, 628, 629, 630, 631, 632, 633, 634, 635, 636, 637, 638, 639, 640, 641, 642, 643, 644, 645, 646, 647, 648, 649, 650, 651, 652, 653, 654, 655, 656, 657, 658, 659, 660, 661, 662, 663, 664, 665, 666, 667, 668, 669, 670, 671, 672, 673, 674, 675, 676, 677, 678, 679, 680, 681, 682, 683, 684, 685, 686, 687, 688, 689, 690, 691, 692, 693, 694, 695, 696, 697, 698, 699, 700, 701, 702, 703, 704, 705, 706, 707, 708, 709, 710, 711, 712, 713, 714, 715, 716, 717, 718, 719, 720, 721, 722, 723, 724, 725, 726, 727, 728, 729, 730, 731, 732, 733, 734, 735, 736, 737, 738, 739, 740, 741, 742, 743, 744, 745, 746, 747, 748, 749, 750, 751, 752, 753, 754, 755, 756, 757, 758, 759, 760, 761, 762, 763, 764, 765, 766, 767, 768, 769, 770, 771, 772, 773, 774, 775, 776, 777, 778, 779, 780, 781, 782, 783, 784, 785, 786, 787, 788, 789, 790, 791, 792, 793]","[106, 135, 278, 288, 577, 606, 625, 737, 747]",[],"[10, 75, 103, 104, 106, 117, 118, 120, 127, 128, 129, 131, 133, 135, 136, 137, 139, 146, 147, 148, 149, 151, 158, 160, 162, 166, 173, 178, 179, 185, 190, 192, 198, 201, 203, 204, 206, 207, 212, 213, 214, 219, 223, 224, 225, 227, 230, 235, 237, 246, 247, 256, 259, 262, 263, 266, 268, 269, 271, 272, 278, 279, 284, 285, 288, 290, 292, 304, 306, 312, 316, 319, 320, 323, 324, 329, 332, 335, 495, 549, 574, 575, 577, 588, 589, 591, 598, 599, 600, 602, 604, 606, 607, 608, 610, 617, 618, 619, 620, 622, 625, 630, 632, 634, 638, 644, 649, 650, 656, 661, 663, 669, 673, 674, 676, 677, 682, 683, 684, 687, 688, 689, 691, 694, 699, 701, 710, 718, 722, 723, 727, 728, 730, 731, 737, 738, 743, 744, 747, 749, 751, 762, 764, 770, 774, 777, 778, 781, 782, 789, 791]","[106, 319, 424, 458, 577, 777, 876, 904, 905]",[],7/6 successful match,True,[33],True,335,False,,0.9105263157894736,True,5th Wheel Truck Stop,
Fresno ( 93725 ) 5th Wheel Truck ( Frazier Stop Park ),559-485-0701 CA 99 Exit 127 (,) M,Fresno,93725,5th Wheel Truck ( Frazier Stop Park ),559-485-0701,2016,Fresno,CA,,(,CA 99 Exit 127 ,Exit,127,False,,False,CA 99,,,,,"[577, 106]","[106, 278, 577, 737]","[106, 135, 278, 288, 577, 606, 625, 737, 747]","[106, 278, 577, 737]","[103, 104, 105, 106, 107, 108, 109, 110, 111, 112, 113, 114, 115, 116, 117, 118, 119, 120, 121, 122, 123, 124, 125, 126, 127, 128, 129, 130, 131, 132, 133, 134, 135, 136, 137, 138, 139, 140, 141, 142, 143, 144, 145, 146, 147, 148, 149, 150, 151, 152, 153, 154, 155, 156, 157, 158, 159, 160, 161, 162, 163, 164, 165, 166, 167, 168, 169, 170, 171, 172, 173, 174, 175, 176, 177, 178, 179, 180, 181, 182, 183, 184, 185, 186, 187, 188, 189, 190, 191, 192, 193, 194, 195, 196, 197, 198, 199, 200, 201, 202, 203, 204, 205, 206, 207, 208, 209, 210, 211, 212, 213, 214, 215, 216, 217, 218, 219, 220, 221, 222, 223, 224, 225, 226, 227, 228, 229, 230, 231, 232, 233, 234, 235, 236, 237, 238, 239, 240, 241, 242, 243, 244, 245, 246, 247, 248, 249, 250, 251, 252, 253, 254, 255, 256, 257, 258, 259, 260, 261, 262, 263, 264, 265, 266, 267, 268, 269, 270, 271, 272, 273, 274, 275, 276, 277, 278, 279, 280, 281, 282, 283, 284, 285, 286, 287, 288, 289, 290, 291, 292, 293, 294, 295, 296, 297, 298, 299, 300, 301, 302, 303, 304, 305, 306, 307, 308, 309, 310, 311, 312, 313, 314, 315, 316, 317, 318, 319, 320, 321, 322, 323, 324, 325, 326, 327, 328, 329, 330, 331, 332, 333, 334, 335, 336, 337, 574, 575, 576, 577, 578, 579, 580, 581, 582, 583, 584, 585, 586, 587, 588, 589, 590, 591, 592, 593, 594, 595, 596, 597, 598, 599, 600, 601, 602, 603, 604, 605, 606, 607, 608, 609, 610, 611, 612, 613, 614, 615, 616, 617, 618, 619, 620, 621, 622, 623, 624, 625, 626, 627, 628, 629, 630, 631, 632, 633, 634, 635, 636, 637, 638, 639, 640, 641, 642, 643, 644, 645, 646, 647, 648, 649, 650, 651, 652, 653, 654, 655, 656, 657, 658, 659, 660, 661, 662, 663, 664, 665, 666, 667, 668, 669, 670, 671, 672, 673, 674, 675, 676, 677, 678, 679, 680, 681, 682, 683, 684, 685, 686, 687, 688, 689, 690, 691, 692, 693, 694, 695, 696, 697, 698, 699, 700, 701, 702, 703, 704, 705, 706, 707, 708, 709, 710, 711, 712, 713, 714, 715, 716, 717, 718, 719, 720, 721, 722, 723, 724, 725, 726, 727, 728, 729, 730, 731, 732, 733, 734, 735, 736, 737, 738, 739, 740, 741, 742, 743, 744, 745, 746, 747, 748, 749, 750, 751, 752, 753, 754, 755, 756, 757, 758, 759, 760, 761, 762, 763, 764, 765, 766, 767, 768, 769, 770, 771, 772, 773, 774, 775, 776, 777, 778, 779, 780, 781, 782, 783, 784, 785, 786, 787, 788, 789, 790, 791, 792, 793]","[10, 75, 103, 104, 106, 117, 118, 120, 127, 128, 129, 131, 133, 135, 136, 137, 139, 146, 147, 148, 149, 151, 158, 160, 162, 166, 173, 178, 179, 185, 190, 192, 198, 201, 203, 204, 206, 207, 212, 213, 214, 219, 223, 224, 225, 227, 230, 235, 237, 246, 247, 256, 259, 262, 263, 266, 268, 269, 271, 272, 278, 279, 284, 285, 288, 290, 292, 304, 306, 312, 316, 319, 320, 323, 324, 329, 332, 335, 495, 549, 574, 575, 577, 588, 589, 591, 598, 599, 600, 602, 604, 606, 607, 608, 610, 617, 618, 619, 620, 622, 625, 630, 632, 634, 638, 644, 649, 650, 656, 661, 663, 669, 673, 674, 676, 677, 682, 683, 684, 687, 688, 689, 691, 694, 699, 701, 710, 718, 722, 723, 727, 728, 730, 731, 737, 738, 743, 744, 747, 749, 751, 762, 764, 770, 774, 777, 778, 781, 782, 789, 791]",[],"[106, 319, 424, 458, 577, 777, 876, 904, 905]","[10, 75, 103, 104, 105, 106, 107, 108, 109, 110, 111, 112, 113, 114, 115, 116, 117, 118, 119, 120, 121, 122, 123, 124, 125, 126, 127, 128, 129, 130, 131, 132, 133, 134, 135, 136, 137, 138, 139, 140, 141, 142, 143, 144, 145, 146, 147, 148, 149, 150, 151, 152, 153, 154, 155, 156, 157, 158, 159, 160, 161, 162, 163, 164, 165, 166, 167, 168, 169, 170, 171, 172, 173, 174, 175, 176, 177, 178, 179, 180, 181, 182, 183, 184, 185, 186, 187, 188, 189, 190, 191, 192, 193, 194, 195, 196, 197, 198, 199, 200, 201, 202, 203, 204, 205, 206, 207, 208, 209, 210, 211, 212, 213, 214, 215, 216, 217, 218, 219, 220, 221, 222, 223, 224, 225, 226, 227, 228, 229, 230, 231, 232, 233, 234, 235, 236, 237, 238, 239, 240, 241, 242, 243, 244, 245, 246, 247, 248, 249, 250, 251, 252, 253, 254, 255, 256, 257, 258, 259, 260, 261, 262, 263, 264, 265, 266, 267, 268, 269, 270, 271, 272, 273, 274, 275, 276, 277, 278, 279, 280, 281, 282, 283, 284, 285, 286, 287, 288, 289, 290, 291, 292, 293, 294, 295, 296, 297, 298, 299, 300, 301, 302, 303, 304, 305, 306, 307, 308, 309, 310, 311, 312, 313, 314, 315, 316, 317, 318, 319, 320, 321, 322, 323, 324, 325, 326, 327, 328, 329, 330, 331, 332, 333, 334, 335, 336, 337, 424, 458, 495, 549, 574, 575, 576, 577, 578, 579, 580, 581, 582, 583, 584, 585, 586, 587, 588, 589, 590, 591, 592, 593, 594, 595, 596, 597, 598, 599, 600, 601, 602, 603, 604, 605, 606, 607, 608, 609, 610, 611, 612, 613, 614, 615, 616, 617, 618, 619, 620, 621, 622, 623, 624, 625, 626, 627, 628, 629, 630, 631, 632, 633, 634, 635, 636, 637, 638, 639, 640, 641, 642, 643, 644, 645, 646, 647, 648, 649, 650, 651, 652, 653, 654, 655, 656, 657, 658, 659, 660, 661, 662, 663, 664, 665, 666, 667, 668, 669, 670, 671, 672, 673, 674, 675, 676, 677, 678, 679, 680, 681, 682, 683, 684, 685, 686, 687, 688, 689, 690, 691, 692, 693, 694, 695, 696, 697, 698, 699, 700, 701, 702, 703, 704, 705, 706, 707, 708, 709, 710, 711, 712, 713, 714, 715, 716, 717, 718, 719, 720, 721, 722, 723, 724, 725, 726, 727, 728, 729, 730, 731, 732, 733, 734, 735, 736, 737, 738, 739, 740, 741, 742, 743, 744, 745, 746, 747, 748, 749, 750, 751, 752, 753, 754, 755, 756, 757, 758, 759, 760, 761, 762, 763, 764, 765, 766, 767, 768, 769, 770, 771, 772, 773, 774, 775, 776, 777, 778, 779, 780, 781, 782, 783, 784, 785, 786, 787, 788, 789, 790, 791, 792, 793, 876, 904, 905]",True,"[106, 278, 577, 737]","[103, 104, 105, 106, 107, 108, 109, 110, 111, 112, 113, 114, 115, 116, 117, 118, 119, 120, 121, 122, 123, 124, 125, 126, 127, 128, 129, 130, 131, 132, 133, 134, 135, 136, 137, 138, 139, 140, 141, 142, 143, 144, 145, 146, 147, 148, 149, 150, 151, 152, 153, 154, 155, 156, 157, 158, 159, 160, 161, 162, 163, 164, 165, 166, 167, 168, 169, 170, 171, 172, 173, 174, 175, 176, 177, 178, 179, 180, 181, 182, 183, 184, 185, 186, 187, 188, 189, 190, 191, 192, 193, 194, 195, 196, 197, 198, 199, 200, 201, 202, 203, 204, 205, 206, 207, 208, 209, 210, 211, 212, 213, 214, 215, 216, 217, 218, 219, 220, 221, 222, 223, 224, 225, 226, 227, 228, 229, 230, 231, 232, 233, 234, 235, 236, 237, 238, 239, 240, 241, 242, 243, 244, 245, 246, 247, 248, 249, 250, 251, 252, 253, 254, 255, 256, 257, 258, 259, 260, 261, 262, 263, 264, 265, 266, 267, 268, 269, 270, 271, 272, 273, 274, 275, 276, 277, 278, 279, 280, 281, 282, 283, 284, 285, 286, 287, 288, 289, 290, 291, 292, 293, 294, 295, 296, 297, 298, 299, 300, 301, 302, 303, 304, 305, 306, 307, 308, 309, 310, 311, 312, 313, 314, 315, 316, 317, 318, 319, 320, 321, 322, 323, 324, 325, 326, 327, 328, 329, 330, 331, 332, 333, 334, 335, 336, 337, 574, 575, 576, 577, 578, 579, 580, 581, 582, 583, 584, 585, 586, 587, 588, 589, 590, 591, 592, 593, 594, 595, 596, 597, 598, 599, 600, 601, 602, 603, 604, 605, 606, 607, 608, 609, 610, 611, 612, 613, 614, 615, 616, 617, 618, 619, 620, 621, 622, 623, 624, 625, 626, 627, 628, 629, 630, 631, 632, 633, 634, 635, 636, 637, 638, 639, 640, 641, 642, 643, 644, 645, 646, 647, 648, 649, 650, 651, 652, 653, 654, 655, 656, 657, 658, 659, 660, 661, 662, 663, 664, 665, 666, 667, 668, 669, 670, 671, 672, 673, 674, 675, 676, 677, 678, 679, 680, 681, 682, 683, 684, 685, 686, 687, 688, 689, 690, 691, 692, 693, 694, 695, 696, 697, 698, 699, 700, 701, 702, 703, 704, 705, 706, 707, 708, 709, 710, 711, 712, 713, 714, 715, 716, 717, 718, 719, 720, 721, 722, 723, 724, 725, 726, 727, 728, 729, 730, 731, 732, 733, 734, 735, 736, 737, 738, 739, 740, 741, 742, 743, 744, 745, 746, 747, 748, 749, 750, 751, 752, 753, 754, 755, 756, 757, 758, 759, 760, 761, 762, 763, 764, 765, 766, 767, 768, 769, 770, 771, 772, 773, 774, 775, 776, 777, 778, 779, 780, 781, 782, 783, 784, 785, 786, 787, 788, 789, 790, 791, 792, 793]","[106, 135, 278, 288, 577, 606, 625, 737, 747]","[106, 278, 577, 737]","[10, 75, 103, 104, 106, 117, 118, 120, 127, 128, 129, 131, 133, 135, 136, 137, 139, 146, 147, 148, 149, 151, 158, 160, 162, 166, 173, 178, 179, 185, 190, 192, 198, 201, 203, 204, 206, 207, 212, 213, 214, 219, 223, 224, 225, 227, 230, 235, 237, 246, 247, 256, 259, 262, 263, 266, 268, 269, 271, 272, 278, 279, 284, 285, 288, 290, 292, 304, 306, 312, 316, 319, 320, 323, 324, 329, 332, 335, 495, 549, 574, 575, 577, 588, 589, 591, 598, 599, 600, 602, 604, 606, 607, 608, 610, 617, 618, 619, 620, 622, 625, 630, 632, 634, 638, 644, 649, 650, 656, 661, 663, 669, 673, 674, 676, 677, 682, 683, 684, 687, 688, 689, 691, 694, 699, 701, 710, 718, 722, 723, 727, 728, 730, 731, 737, 738, 743, 744, 747, 749, 751, 762, 764, 770, 774, 777, 778, 781, 782, 789, 791]","[106, 319, 424, 458, 577, 777, 876, 904, 905]",[],7/6 successful match,True,[33],True,335,False,,1.0,True,5th Wheel Truck ( Frazier Stop Park ),
"F Fresno , 93725 RVJ's Truck Stop ( Chevron )",559-485-8220 CA 99 Exit 127 ( Chestnut NB / Central SB ),SB ) FRS HRS 24 <U+2610>,Fresno,93725,RVJ's Truck Stop ( Chevron ),559-485-8220,2006,Fresno,CA,Chevron,( Chestnut NB / Central SB ),CA 99 Exit 127 ,Exit,127,False,,False,CA 99,,,,,"[737, 278]","[106, 278, 577, 737]","[106, 135, 278, 288, 577, 606, 625, 737, 747]","[106, 278, 577, 737]","[103, 104, 105, 106, 107, 108, 109, 110, 111, 112, 113, 114, 115, 116, 117, 118, 119, 120, 121, 122, 123, 124, 125, 126, 127, 128, 129, 130, 131, 132, 133, 134, 135, 136, 137, 138, 139, 140, 141, 142, 143, 144, 145, 146, 147, 148, 149, 150, 151, 152, 153, 154, 155, 156, 157, 158, 159, 160, 161, 162, 163, 164, 165, 166, 167, 168, 169, 170, 171, 172, 173, 174, 175, 176, 177, 178, 179, 180, 181, 182, 183, 184, 185, 186, 187, 188, 189, 190, 191, 192, 193, 194, 195, 196, 197, 198, 199, 200, 201, 202, 203, 204, 205, 206, 207, 208, 209, 210, 211, 212, 213, 214, 215, 216, 217, 218, 219, 220, 221, 222, 223, 224, 225, 226, 227, 228, 229, 230, 231, 232, 233, 234, 235, 236, 237, 238, 239, 240, 241, 242, 243, 244, 245, 246, 247, 248, 249, 250, 251, 252, 253, 254, 255, 256, 257, 258, 259, 260, 261, 262, 263, 264, 265, 266, 267, 268, 269, 270, 271, 272, 273, 274, 275, 276, 277, 278, 279, 280, 281, 282, 283, 284, 285, 286, 287, 288, 289, 290, 291, 292, 293, 294, 295, 296, 297, 298, 299, 300, 301, 302, 303, 304, 305, 306, 307, 308, 309, 310, 311, 312, 313, 314, 315, 316, 317, 318, 319, 320, 321, 322, 323, 324, 325, 326, 327, 328, 329, 330, 331, 332, 333, 334, 335, 336, 337, 574, 575, 576, 577, 578, 579, 580, 581, 582, 583, 584, 585, 586, 587, 588, 589, 590, 591, 592, 593, 594, 595, 596, 597, 598, 599, 600, 601, 602, 603, 604, 605, 606, 607, 608, 609, 610, 611, 612, 613, 614, 615, 616, 617, 618, 619, 620, 621, 622, 623, 624, 625, 626, 627, 628, 629, 630, 631, 632, 633, 634, 635, 636, 637, 638, 639, 640, 641, 642, 643, 644, 645, 646, 647, 648, 649, 650, 651, 652, 653, 654, 655, 656, 657, 658, 659, 660, 661, 662, 663, 664, 665, 666, 667, 668, 669, 670, 671, 672, 673, 674, 675, 676, 677, 678, 679, 680, 681, 682, 683, 684, 685, 686, 687, 688, 689, 690, 691, 692, 693, 694, 695, 696, 697, 698, 699, 700, 701, 702, 703, 704, 705, 706, 707, 708, 709, 710, 711, 712, 713, 714, 715, 716, 717, 718, 719, 720, 721, 722, 723, 724, 725, 726, 727, 728, 729, 730, 731, 732, 733, 734, 735, 736, 737, 738, 739, 740, 741, 742, 743, 744, 745, 746, 747, 748, 749, 750, 751, 752, 753, 754, 755, 756, 757, 758, 759, 760, 761, 762, 763, 764, 765, 766, 767, 768, 769, 770, 771, 772, 773, 774, 775, 776, 777, 778, 779, 780, 781, 782, 783, 784, 785, 786, 787, 788, 789, 790, 791, 792, 793]","[10, 75, 103, 104, 106, 117, 118, 120, 127, 128, 129, 131, 133, 135, 136, 137, 139, 146, 147, 148, 149, 151, 158, 160, 162, 166, 173, 178, 179, 185, 190, 192, 198, 201, 203, 204, 206, 207, 212, 213, 214, 219, 223, 224, 225, 227, 230, 235, 237, 246, 247, 256, 259, 262, 263, 266, 268, 269, 271, 272, 278, 279, 284, 285, 288, 290, 292, 304, 306, 312, 316, 319, 320, 323, 324, 329, 332, 335, 495, 549, 574, 575, 577, 588, 589, 591, 598, 599, 600, 602, 604, 606, 607, 608, 610, 617, 618, 619, 620, 622, 625, 630, 632, 634, 638, 644, 649, 650, 656, 661, 663, 669, 673, 674, 676, 677, 682, 683, 684, 687, 688, 689, 691, 694, 699, 701, 710, 718, 722, 723, 727, 728, 730, 731, 737, 738, 743, 744, 747, 749, 751, 762, 764, 770, 774, 777, 778, 781, 782, 789, 791]","[12, 24, 25, 28, 88, 100, 104, 119, 123, 129, 136, 137, 139, 140, 141, 148, 155, 169, 172, 179, 183, 185, 188, 196, 198, 217, 237, 267, 270, 278, 319, 321, 324, 325, 330, 334, 335, 354, 366, 369, 380, 383, 384, 386, 395, 407, 411, 423, 428, 436, 437, 452, 453, 456, 467, 471, 477, 478, 479, 497, 508, 511, 559, 571, 575, 590, 594, 600, 607, 608, 610, 611, 612, 619, 627, 640, 643, 650, 654, 656, 659, 667, 669, 685, 701, 726, 729, 737, 777, 779, 782, 783, 787, 790, 791, 809, 817, 819, 830, 833, 834, 836, 845, 856, 857, 860, 862, 875, 880, 887, 888, 899, 900, 914, 918, 921, 928, 929, 930]","[12, 24, 25, 28, 88, 100, 104, 119, 123, 129, 136, 137, 139, 140, 141, 148, 155, 169, 172, 179, 183, 185, 188, 196, 198, 217, 237, 267, 270, 278, 319, 321, 324, 325, 330, 334, 335, 354, 366, 369, 380, 383, 384, 386, 395, 407, 411, 423, 428, 436, 437, 452, 453, 456, 467, 471, 477, 478, 479, 497, 508, 511, 559, 571, 575, 590, 594, 600, 607, 608, 610, 611, 612, 619, 627, 640, 643, 650, 654, 656, 659, 667, 669, 685, 701, 726, 729, 737, 777, 779, 782, 783, 787, 790, 791, 809, 817, 819, 830, 833, 834, 836, 845, 856, 857, 860, 862, 875, 880, 887, 888, 899, 900, 914, 918, 921, 928, 929, 930]","[10, 12, 24, 25, 28, 75, 88, 100, 103, 104, 105, 106, 107, 108, 109, 110, 111, 112, 113, 114, 115, 116, 117, 118, 119, 120, 121, 122, 123, 124, 125, 126, 127, 128, 129, 130, 131, 132, 133, 134, 135, 136, 137, 138, 139, 140, 141, 142, 143, 144, 145, 146, 147, 148, 149, 150, 151, 152, 153, 154, 155, 156, 157, 158, 159, 160, 161, 162, 163, 164, 165, 166, 167, 168, 169, 170, 171, 172, 173, 174, 175, 176, 177, 178, 179, 180, 181, 182, 183, 184, 185, 186, 187, 188, 189, 190, 191, 192, 193, 194, 195, 196, 197, 198, 199, 200, 201, 202, 203, 204, 205, 206, 207, 208, 209, 210, 211, 212, 213, 214, 215, 216, 217, 218, 219, 220, 221, 222, 223, 224, 225, 226, 227, 228, 229, 230, 231, 232, 233, 234, 235, 236, 237, 238, 239, 240, 241, 242, 243, 244, 245, 246, 247, 248, 249, 250, 251, 252, 253, 254, 255, 256, 257, 258, 259, 260, 261, 262, 263, 264, 265, 266, 267, 268, 269, 270, 271, 272, 273, 274, 275, 276, 277, 278, 279, 280, 281, 282, 283, 284, 285, 286, 287, 288, 289, 290, 291, 292, 293, 294, 295, 296, 297, 298, 299, 300, 301, 302, 303, 304, 305, 306, 307, 308, 309, 310, 311, 312, 313, 314, 315, 316, 317, 318, 319, 320, 321, 322, 323, 324, 325, 326, 327, 328, 329, 330, 331, 332, 333, 334, 335, 336, 337, 354, 366, 369, 380, 383, 384, 386, 395, 407, 411, 423, 428, 436, 437, 452, 453, 456, 467, 471, 477, 478, 479, 495, 497, 508, 511, 549, 559, 571, 574, 575, 576, 577, 578, 579, 580, 581, 582, 583, 584, 585, 586, 587, 588, 589, 590, 591, 592, 593, 594, 595, 596, 597, 598, 599, 600, 601, 602, 603, 604, 605, 606, 607, 608, 609, 610, 611, 612, 613, 614, 615, 616, 617, 618, 619, 620, 621, 622, 623, 624, 625, 626, 627, 628, 629, 630, 631, 632, 633, 634, 635, 636, 637, 638, 639, 640, 641, 642, 643, 644, 645, 646, 647, 648, 649, 650, 651, 652, 653, 654, 655, 656, 657, 658, 659, 660, 661, 662, 663, 664, 665, 666, 667, 668, 669, 670, 671, 672, 673, 674, 675, 676, 677, 678, 679, 680, 681, 682, 683, 684, 685, 686, 687, 688, 689, 690, 691, 692, 693, 694, 695, 696, 697, 698, 699, 700, 701, 702, 703, 704, 705, 706, 707, 708, 709, 710, 711, 712, 713, 714, 715, 716, 717, 718, 719, 720, 721, 722, 723, 724, 725, 726, 727, 728, 729, 730, 731, 732, 733, 734, 735, 736, 737, 738, 739, 740, 741, 742, 743, 744, 745, 746, 747, 748, 749, 750, 751, 752, 753, 754, 755, 756, 757, 758, 759, 760, 761, 762, 763, 764, 765, 766, 767, 768, 769, 770, 771, 772, 773, 774, 775, 776, 777, 778, 779, 780, 781, 782, 783, 784, 785, 786, 787, 788, 789, 790, 791, 792, 793, 809, 817, 819, 830, 833, 834, 836, 845, 856, 857, 860, 862, 875, 880, 887, 888, 899, 900, 914, 918, 921, 928, 929, 930]",True,"[106, 278, 577, 737]","[103, 104, 105, 106, 107, 108, 109, 110, 111, 112, 113, 114, 115, 116, 117, 118, 119, 120, 121, 122, 123, 124, 125, 126, 127, 128, 129, 130, 131, 132, 133, 134, 135, 136, 137, 138, 139, 140, 141, 142, 143, 144, 145, 146, 147, 148, 149, 150, 151, 152, 153, 154, 155, 156, 157, 158, 159, 160, 161, 162, 163, 164, 165, 166, 167, 168, 169, 170, 171, 172, 173, 174, 175, 176, 177, 178, 179, 180, 181, 182, 183, 184, 185, 186, 187, 188, 189, 190, 191, 192, 193, 194, 195, 196, 197, 198, 199, 200, 201, 202, 203, 204, 205, 206, 207, 208, 209, 210, 211, 212, 213, 214, 215, 216, 217, 218, 219, 220, 221, 222, 223, 224, 225, 226, 227, 228, 229, 230, 231, 232, 233, 234, 235, 236, 237, 238, 239, 240, 241, 242, 243, 244, 245, 246, 247, 248, 249, 250, 251, 252, 253, 254, 255, 256, 257, 258, 259, 260, 261, 262, 263, 264, 265, 266, 267, 268, 269, 270, 271, 272, 273, 274, 275, 276, 277, 278, 279, 280, 281, 282, 283, 284, 285, 286, 287, 288, 289, 290, 291, 292, 293, 294, 295, 296, 297, 298, 299, 300, 301, 302, 303, 304, 305, 306, 307, 308, 309, 310, 311, 312, 313, 314, 315, 316, 317, 318, 319, 320, 321, 322, 323, 324, 325, 326, 327, 328, 329, 330, 331, 332, 333, 334, 335, 336, 337, 574, 575, 576, 577, 578, 579, 580, 581, 582, 583, 584, 585, 586, 587, 588, 589, 590, 591, 592, 593, 594, 595, 596, 597, 598, 599, 600, 601, 602, 603, 604, 605, 606, 607, 608, 609, 610, 611, 612, 613, 614, 615, 616, 617, 618, 619, 620, 621, 622, 623, 624, 625, 626, 627, 628, 629, 630, 631, 632, 633, 634, 635, 636, 637, 638, 639, 640, 641, 642, 643, 644, 645, 646, 647, 648, 649, 650, 651, 652, 653, 654, 655, 656, 657, 658, 659, 660, 661, 662, 663, 664, 665, 666, 667, 668, 669, 670, 671, 672, 673, 674, 675, 676, 677, 678, 679, 680, 681, 682, 683, 684, 685, 686, 687, 688, 689, 690, 691, 692, 693, 694, 695, 696, 697, 698, 699, 700, 701, 702, 703, 704, 705, 706, 707, 708, 709, 710, 711, 712, 713, 714, 715, 716, 717, 718, 719, 720, 721, 722, 723, 724, 725, 726, 727, 728, 729, 730, 731, 732, 733, 734, 735, 736, 737, 738, 739, 740, 741, 742, 743, 744, 745, 746, 747, 748, 749, 750, 751, 752, 753, 754, 755, 756, 757, 758, 759, 760, 761, 762, 763, 764, 765, 766, 767, 768, 769, 770, 771, 772, 773, 774, 775, 776, 777, 778, 779, 780, 781, 782, 783, 784, 785, 786, 787, 788, 789, 790, 791, 792, 793]","[106, 135, 278, 288, 577, 606, 625, 737, 747]","[106, 278, 577, 737]","[10, 75, 103, 104, 106, 117, 118, 120, 127, 128, 129, 131, 133, 135, 136, 137, 139, 146, 147, 148, 149, 151, 158, 160, 162, 166, 173, 178, 179, 185, 190, 192, 198, 201, 203, 204, 206, 207, 212, 213, 214, 219, 223, 224, 225, 227, 230, 235, 237, 246, 247, 256, 259, 262, 263, 266, 268, 269, 271, 272, 278, 279, 284, 285, 288, 290, 292, 304, 306, 312, 316, 319, 320, 323, 324, 329, 332, 335, 495, 549, 574, 575, 577, 588, 589, 591, 598, 599, 600, 602, 604, 606, 607, 608, 610, 617, 618, 619, 620, 622, 625, 630, 632, 634, 638, 644, 649, 650, 656, 661, 663, 669, 673, 674, 676, 677, 682, 683, 684, 687, 688, 689, 691, 694, 699, 701, 710, 718, 722, 723, 727, 728, 730, 731, 737, 738, 743, 744, 747, 749, 751, 762, 764, 770, 774, 777, 778, 781, 782, 789, 791]","[12, 24, 25, 28, 88, 100, 104, 119, 123, 129, 136, 137, 139, 140, 141, 148, 155, 169, 172, 179, 183, 185, 188, 196, 198, 217, 237, 267, 270, 278, 319, 321, 324, 325, 330, 334, 335, 354, 366, 369, 380, 383, 384, 386, 395, 407, 411, 423, 428, 436, 437, 452, 453, 456, 467, 471, 477, 478, 479, 497, 508, 511, 559, 571, 575, 590, 594, 600, 607, 608, 610, 611, 612, 619, 627, 640, 643, 650, 654, 656, 659, 667, 669, 685, 701, 726, 729, 737, 777, 779, 782, 783, 787, 790, 791, 809, 817, 819, 830, 833, 834, 836, 845, 856, 857, 860, 862, 875, 880, 887, 888, 899, 900, 914, 918, 921, 928, 929, 930]","[12, 24, 25, 28, 88, 100, 104, 119, 123, 129, 136, 137, 139, 140, 141, 148, 155, 169, 172, 179, 183, 185, 188, 196, 198, 217, 237, 267, 270, 278, 319, 321, 324, 325, 330, 334, 335, 354, 366, 369, 380, 383, 384, 386, 395, 407, 411, 423, 428, 436, 437, 452, 453, 456, 467, 471, 477, 478, 479, 497, 508, 511, 559, 571, 575, 590, 594, 600, 607, 608, 610, 611, 612, 619, 627, 640, 643, 650, 654, 656, 659, 667, 669, 685, 701, 726, 729, 737, 777, 779, 782, 783, 787, 790, 791, 809, 817, 819, 830, 833, 834, 836, 845, 856, 857, 860, 862, 875, 880, 887, 888, 899, 900, 914, 918, 921, 928, 929, 930]",7/6 successful match,True,,False,336,False,,,,,
"F Fresno , 93725 RVJ's Truck Stop ( Chevron )",559-485-8220 CA 99 Exit 127 ( Chestnut NB / Central SB,SB ) 24,Fresno,93725,RVJ's Truck Stop ( Chevron ),559-485-8220,2007,Fresno,CA,Chevron,( Chestnut NB / Central SB,CA 99 Exit 127 ,Exit,127,False,,False,CA 99,,,,,"[737, 278]","[106, 278, 577, 737]","[106, 135, 278, 288, 577, 606, 625, 737, 747]","[106, 278, 577, 737]","[103, 104, 105, 106, 107, 108, 109, 110, 111, 112, 113, 114, 115, 116, 117, 118, 119, 120, 121, 122, 123, 124, 125, 126, 127, 128, 129, 130, 131, 132, 133, 134, 135, 136, 137, 138, 139, 140, 141, 142, 143, 144, 145, 146, 147, 148, 149, 150, 151, 152, 153, 154, 155, 156, 157, 158, 159, 160, 161, 162, 163, 164, 165, 166, 167, 168, 169, 170, 171, 172, 173, 174, 175, 176, 177, 178, 179, 180, 181, 182, 183, 184, 185, 186, 187, 188, 189, 190, 191, 192, 193, 194, 195, 196, 197, 198, 199, 200, 201, 202, 203, 204, 205, 206, 207, 208, 209, 210, 211, 212, 213, 214, 215, 216, 217, 218, 219, 220, 221, 222, 223, 224, 225, 226, 227, 228, 229, 230, 231, 232, 233, 234, 235, 236, 237, 238, 239, 240, 241, 242, 243, 244, 245, 246, 247, 248, 249, 250, 251, 252, 253, 254, 255, 256, 257, 258, 259, 260, 261, 262, 263, 264, 265, 266, 267, 268, 269, 270, 271, 272, 273, 274, 275, 276, 277, 278, 279, 280, 281, 282, 283, 284, 285, 286, 287, 288, 289, 290, 291, 292, 293, 294, 295, 296, 297, 298, 299, 300, 301, 302, 303, 304, 305, 306, 307, 308, 309, 310, 311, 312, 313, 314, 315, 316, 317, 318, 319, 320, 321, 322, 323, 324, 325, 326, 327, 328, 329, 330, 331, 332, 333, 334, 335, 336, 337, 574, 575, 576, 577, 578, 579, 580, 581, 582, 583, 584, 585, 586, 587, 588, 589, 590, 591, 592, 593, 594, 595, 596, 597, 598, 599, 600, 601, 602, 603, 604, 605, 606, 607, 608, 609, 610, 611, 612, 613, 614, 615, 616, 617, 618, 619, 620, 621, 622, 623, 624, 625, 626, 627, 628, 629, 630, 631, 632, 633, 634, 635, 636, 637, 638, 639, 640, 641, 642, 643, 644, 645, 646, 647, 648, 649, 650, 651, 652, 653, 654, 655, 656, 657, 658, 659, 660, 661, 662, 663, 664, 665, 666, 667, 668, 669, 670, 671, 672, 673, 674, 675, 676, 677, 678, 679, 680, 681, 682, 683, 684, 685, 686, 687, 688, 689, 690, 691, 692, 693, 694, 695, 696, 697, 698, 699, 700, 701, 702, 703, 704, 705, 706, 707, 708, 709, 710, 711, 712, 713, 714, 715, 716, 717, 718, 719, 720, 721, 722, 723, 724, 725, 726, 727, 728, 729, 730, 731, 732, 733, 734, 735, 736, 737, 738, 739, 740, 741, 742, 743, 744, 745, 746, 747, 748, 749, 750, 751, 752, 753, 754, 755, 756, 757, 758, 759, 760, 761, 762, 763, 764, 765, 766, 767, 768, 769, 770, 771, 772, 773, 774, 775, 776, 777, 778, 779, 780, 781, 782, 783, 784, 785, 786, 787, 788, 789, 790, 791, 792, 793]","[10, 75, 103, 104, 106, 117, 118, 120, 127, 128, 129, 131, 133, 135, 136, 137, 139, 146, 147, 148, 149, 151, 158, 160, 162, 166, 173, 178, 179, 185, 190, 192, 198, 201, 203, 204, 206, 207, 212, 213, 214, 219, 223, 224, 225, 227, 230, 235, 237, 246, 247, 256, 259, 262, 263, 266, 268, 269, 271, 272, 278, 279, 284, 285, 288, 290, 292, 304, 306, 312, 316, 319, 320, 323, 324, 329, 332, 335, 495, 549, 574, 575, 577, 588, 589, 591, 598, 599, 600, 602, 604, 606, 607, 608, 610, 617, 618, 619, 620, 622, 625, 630, 632, 634, 638, 644, 649, 650, 656, 661, 663, 669, 673, 674, 676, 677, 682, 683, 684, 687, 688, 689, 691, 694, 699, 701, 710, 718, 722, 723, 727, 728, 730, 731, 737, 738, 743, 744, 747, 749, 751, 762, 764, 770, 774, 777, 778, 781, 782, 789, 791]","[12, 24, 25, 28, 88, 100, 104, 119, 123, 129, 136, 137, 139, 140, 141, 148, 155, 169, 172, 179, 183, 185, 188, 196, 198, 217, 237, 267, 270, 278, 319, 321, 324, 325, 330, 334, 335, 354, 366, 369, 380, 383, 384, 386, 395, 407, 411, 423, 428, 436, 437, 452, 453, 456, 467, 471, 477, 478, 479, 497, 508, 511, 559, 571, 575, 590, 594, 600, 607, 608, 610, 611, 612, 619, 627, 640, 643, 650, 654, 656, 659, 667, 669, 685, 701, 726, 729, 737, 777, 779, 782, 783, 787, 790, 791, 809, 817, 819, 830, 833, 834, 836, 845, 856, 857, 860, 862, 875, 880, 887, 888, 899, 900, 914, 918, 921, 928, 929, 930]","[12, 24, 25, 28, 88, 100, 104, 119, 123, 129, 136, 137, 139, 140, 141, 148, 155, 169, 172, 179, 183, 185, 188, 196, 198, 217, 237, 267, 270, 278, 319, 321, 324, 325, 330, 334, 335, 354, 366, 369, 380, 383, 384, 386, 395, 407, 411, 423, 428, 436, 437, 452, 453, 456, 467, 471, 477, 478, 479, 497, 508, 511, 559, 571, 575, 590, 594, 600, 607, 608, 610, 611, 612, 619, 627, 640, 643, 650, 654, 656, 659, 667, 669, 685, 701, 726, 729, 737, 777, 779, 782, 783, 787, 790, 791, 809, 817, 819, 830, 833, 834, 836, 845, 856, 857, 860, 862, 875, 880, 887, 888, 899, 900, 914, 918, 921, 928, 929, 930]","[10, 12, 24, 25, 28, 75, 88, 100, 103, 104, 105, 106, 107, 108, 109, 110, 111, 112, 113, 114, 115, 116, 117, 118, 119, 120, 121, 122, 123, 124, 125, 126, 127, 128, 129, 130, 131, 132, 133, 134, 135, 136, 137, 138, 139, 140, 141, 142, 143, 144, 145, 146, 147, 148, 149, 150, 151, 152, 153, 154, 155, 156, 157, 158, 159, 160, 161, 162, 163, 164, 165, 166, 167, 168, 169, 170, 171, 172, 173, 174, 175, 176, 177, 178, 179, 180, 181, 182, 183, 184, 185, 186, 187, 188, 189, 190, 191, 192, 193, 194, 195, 196, 197, 198, 199, 200, 201, 202, 203, 204, 205, 206, 207, 208, 209, 210, 211, 212, 213, 214, 215, 216, 217, 218, 219, 220, 221, 222, 223, 224, 225, 226, 227, 228, 229, 230, 231, 232, 233, 234, 235, 236, 237, 238, 239, 240, 241, 242, 243, 244, 245, 246, 247, 248, 249, 250, 251, 252, 253, 254, 255, 256, 257, 258, 259, 260, 261, 262, 263, 264, 265, 266, 267, 268, 269, 270, 271, 272, 273, 274, 275, 276, 277, 278, 279, 280, 281, 282, 283, 284, 285, 286, 287, 288, 289, 290, 291, 292, 293, 294, 295, 296, 297, 298, 299, 300, 301, 302, 303, 304, 305, 306, 307, 308, 309, 310, 311, 312, 313, 314, 315, 316, 317, 318, 319, 320, 321, 322, 323, 324, 325, 326, 327, 328, 329, 330, 331, 332, 333, 334, 335, 336, 337, 354, 366, 369, 380, 383, 384, 386, 395, 407, 411, 423, 428, 436, 437, 452, 453, 456, 467, 471, 477, 478, 479, 495, 497, 508, 511, 549, 559, 571, 574, 575, 576, 577, 578, 579, 580, 581, 582, 583, 584, 585, 586, 587, 588, 589, 590, 591, 592, 593, 594, 595, 596, 597, 598, 599, 600, 601, 602, 603, 604, 605, 606, 607, 608, 609, 610, 611, 612, 613, 614, 615, 616, 617, 618, 619, 620, 621, 622, 623, 624, 625, 626, 627, 628, 629, 630, 631, 632, 633, 634, 635, 636, 637, 638, 639, 640, 641, 642, 643, 644, 645, 646, 647, 648, 649, 650, 651, 652, 653, 654, 655, 656, 657, 658, 659, 660, 661, 662, 663, 664, 665, 666, 667, 668, 669, 670, 671, 672, 673, 674, 675, 676, 677, 678, 679, 680, 681, 682, 683, 684, 685, 686, 687, 688, 689, 690, 691, 692, 693, 694, 695, 696, 697, 698, 699, 700, 701, 702, 703, 704, 705, 706, 707, 708, 709, 710, 711, 712, 713, 714, 715, 716, 717, 718, 719, 720, 721, 722, 723, 724, 725, 726, 727, 728, 729, 730, 731, 732, 733, 734, 735, 736, 737, 738, 739, 740, 741, 742, 743, 744, 745, 746, 747, 748, 749, 750, 751, 752, 753, 754, 755, 756, 757, 758, 759, 760, 761, 762, 763, 764, 765, 766, 767, 768, 769, 770, 771, 772, 773, 774, 775, 776, 777, 778, 779, 780, 781, 782, 783, 784, 785, 786, 787, 788, 789, 790, 791, 792, 793, 809, 817, 819, 830, 833, 834, 836, 845, 856, 857, 860, 862, 875, 880, 887, 888, 899, 900, 914, 918, 921, 928, 929, 930]",True,"[106, 278, 577, 737]","[103, 104, 105, 106, 107, 108, 109, 110, 111, 112, 113, 114, 115, 116, 117, 118, 119, 120, 121, 122, 123, 124, 125, 126, 127, 128, 129, 130, 131, 132, 133, 134, 135, 136, 137, 138, 139, 140, 141, 142, 143, 144, 145, 146, 147, 148, 149, 150, 151, 152, 153, 154, 155, 156, 157, 158, 159, 160, 161, 162, 163, 164, 165, 166, 167, 168, 169, 170, 171, 172, 173, 174, 175, 176, 177, 178, 179, 180, 181, 182, 183, 184, 185, 186, 187, 188, 189, 190, 191, 192, 193, 194, 195, 196, 197, 198, 199, 200, 201, 202, 203, 204, 205, 206, 207, 208, 209, 210, 211, 212, 213, 214, 215, 216, 217, 218, 219, 220, 221, 222, 223, 224, 225, 226, 227, 228, 229, 230, 231, 232, 233, 234, 235, 236, 237, 238, 239, 240, 241, 242, 243, 244, 245, 246, 247, 248, 249, 250, 251, 252, 253, 254, 255, 256, 257, 258, 259, 260, 261, 262, 263, 264, 265, 266, 267, 268, 269, 270, 271, 272, 273, 274, 275, 276, 277, 278, 279, 280, 281, 282, 283, 284, 285, 286, 287, 288, 289, 290, 291, 292, 293, 294, 295, 296, 297, 298, 299, 300, 301, 302, 303, 304, 305, 306, 307, 308, 309, 310, 311, 312, 313, 314, 315, 316, 317, 318, 319, 320, 321, 322, 323, 324, 325, 326, 327, 328, 329, 330, 331, 332, 333, 334, 335, 336, 337, 574, 575, 576, 577, 578, 579, 580, 581, 582, 583, 584, 585, 586, 587, 588, 589, 590, 591, 592, 593, 594, 595, 596, 597, 598, 599, 600, 601, 602, 603, 604, 605, 606, 607, 608, 609, 610, 611, 612, 613, 614, 615, 616, 617, 618, 619, 620, 621, 622, 623, 624, 625, 626, 627, 628, 629, 630, 631, 632, 633, 634, 635, 636, 637, 638, 639, 640, 641, 642, 643, 644, 645, 646, 647, 648, 649, 650, 651, 652, 653, 654, 655, 656, 657, 658, 659, 660, 661, 662, 663, 664, 665, 666, 667, 668, 669, 670, 671, 672, 673, 674, 675, 676, 677, 678, 679, 680, 681, 682, 683, 684, 685, 686, 687, 688, 689, 690, 691, 692, 693, 694, 695, 696, 697, 698, 699, 700, 701, 702, 703, 704, 705, 706, 707, 708, 709, 710, 711, 712, 713, 714, 715, 716, 717, 718, 719, 720, 721, 722, 723, 724, 725, 726, 727, 728, 729, 730, 731, 732, 733, 734, 735, 736, 737, 738, 739, 740, 741, 742, 743, 744, 745, 746, 747, 748, 749, 750, 751, 752, 753, 754, 755, 756, 757, 758, 759, 760, 761, 762, 763, 764, 765, 766, 767, 768, 769, 770, 771, 772, 773, 774, 775, 776, 777, 778, 779, 780, 781, 782, 783, 784, 785, 786, 787, 788, 789, 790, 791, 792, 793]","[106, 135, 278, 288, 577, 606, 625, 737, 747]","[106, 278, 577, 737]","[10, 75, 103, 104, 106, 117, 118, 120, 127, 128, 129, 131, 133, 135, 136, 137, 139, 146, 147, 148, 149, 151, 158, 160, 162, 166, 173, 178, 179, 185, 190, 192, 198, 201, 203, 204, 206, 207, 212, 213, 214, 219, 223, 224, 225, 227, 230, 235, 237, 246, 247, 256, 259, 262, 263, 266, 268, 269, 271, 272, 278, 279, 284, 285, 288, 290, 292, 304, 306, 312, 316, 319, 320, 323, 324, 329, 332, 335, 495, 549, 574, 575, 577, 588, 589, 591, 598, 599, 600, 602, 604, 606, 607, 608, 610, 617, 618, 619, 620, 622, 625, 630, 632, 634, 638, 644, 649, 650, 656, 661, 663, 669, 673, 674, 676, 677, 682, 683, 684, 687, 688, 689, 691, 694, 699, 701, 710, 718, 722, 723, 727, 728, 730, 731, 737, 738, 743, 744, 747, 749, 751, 762, 764, 770, 774, 777, 778, 781, 782, 789, 791]","[12, 24, 25, 28, 88, 100, 104, 119, 123, 129, 136, 137, 139, 140, 141, 148, 155, 169, 172, 179, 183, 185, 188, 196, 198, 217, 237, 267, 270, 278, 319, 321, 324, 325, 330, 334, 335, 354, 366, 369, 380, 383, 384, 386, 395, 407, 411, 423, 428, 436, 437, 452, 453, 456, 467, 471, 477, 478, 479, 497, 508, 511, 559, 571, 575, 590, 594, 600, 607, 608, 610, 611, 612, 619, 627, 640, 643, 650, 654, 656, 659, 667, 669, 685, 701, 726, 729, 737, 777, 779, 782, 783, 787, 790, 791, 809, 817, 819, 830, 833, 834, 836, 845, 856, 857, 860, 862, 875, 880, 887, 888, 899, 900, 914, 918, 921, 928, 929, 930]","[12, 24, 25, 28, 88, 100, 104, 119, 123, 129, 136, 137, 139, 140, 141, 148, 155, 169, 172, 179, 183, 185, 188, 196, 198, 217, 237, 267, 270, 278, 319, 321, 324, 325, 330, 334, 335, 354, 366, 369, 380, 383, 384, 386, 395, 407, 411, 423, 428, 436, 437, 452, 453, 456, 467, 471, 477, 478, 479, 497, 508, 511, 559, 571, 575, 590, 594, 600, 607, 608, 610, 611, 612, 619, 627, 640, 643, 650, 654, 656, 659, 667, 669, 685, 701, 726, 729, 737, 777, 779, 782, 783, 787, 790, 791, 809, 817, 819, 830, 833, 834, 836, 845, 856, 857, 860, 862, 875, 880, 887, 888, 899, 900, 914, 918, 921, 928, 929, 930]",7/6 successful match,True,,False,336,False,,1.0,True,RVJ's Truck Stop ( Chevron ),Chevron
"F Fresno , 93725 RVJ's Truck Stop ( Chevron )",3 559-485-8220 CA 99 Exit 127 ( Chestnut NB / Central SB ),) 24 RS,Fresno,93725,RVJ's Truck Stop ( Chevron ),559-485-8220,2008,Fresno,CA,Chevron,( Chestnut NB / Central SB ),CA 99 Exit 127 ,Exit,127,False,,False,CA 99,,,,,"[737, 278]","[106, 278, 577, 737]","[106, 135, 278, 288, 577, 606, 625, 737, 747]","[106, 278, 577, 737]","[103, 104, 105, 106, 107, 108, 109, 110, 111, 112, 113, 114, 115, 116, 117, 118, 119, 120, 121, 122, 123, 124, 125, 126, 127, 128, 129, 130, 131, 132, 133, 134, 135, 136, 137, 138, 139, 140, 141, 142, 143, 144, 145, 146, 147, 148, 149, 150, 151, 152, 153, 154, 155, 156, 157, 158, 159, 160, 161, 162, 163, 164, 165, 166, 167, 168, 169, 170, 171, 172, 173, 174, 175, 176, 177, 178, 179, 180, 181, 182, 183, 184, 185, 186, 187, 188, 189, 190, 191, 192, 193, 194, 195, 196, 197, 198, 199, 200, 201, 202, 203, 204, 205, 206, 207, 208, 209, 210, 211, 212, 213, 214, 215, 216, 217, 218, 219, 220, 221, 222, 223, 224, 225, 226, 227, 228, 229, 230, 231, 232, 233, 234, 235, 236, 237, 238, 239, 240, 241, 242, 243, 244, 245, 246, 247, 248, 249, 250, 251, 252, 253, 254, 255, 256, 257, 258, 259, 260, 261, 262, 263, 264, 265, 266, 267, 268, 269, 270, 271, 272, 273, 274, 275, 276, 277, 278, 279, 280, 281, 282, 283, 284, 285, 286, 287, 288, 289, 290, 291, 292, 293, 294, 295, 296, 297, 298, 299, 300, 301, 302, 303, 304, 305, 306, 307, 308, 309, 310, 311, 312, 313, 314, 315, 316, 317, 318, 319, 320, 321, 322, 323, 324, 325, 326, 327, 328, 329, 330, 331, 332, 333, 334, 335, 336, 337, 574, 575, 576, 577, 578, 579, 580, 581, 582, 583, 584, 585, 586, 587, 588, 589, 590, 591, 592, 593, 594, 595, 596, 597, 598, 599, 600, 601, 602, 603, 604, 605, 606, 607, 608, 609, 610, 611, 612, 613, 614, 615, 616, 617, 618, 619, 620, 621, 622, 623, 624, 625, 626, 627, 628, 629, 630, 631, 632, 633, 634, 635, 636, 637, 638, 639, 640, 641, 642, 643, 644, 645, 646, 647, 648, 649, 650, 651, 652, 653, 654, 655, 656, 657, 658, 659, 660, 661, 662, 663, 664, 665, 666, 667, 668, 669, 670, 671, 672, 673, 674, 675, 676, 677, 678, 679, 680, 681, 682, 683, 684, 685, 686, 687, 688, 689, 690, 691, 692, 693, 694, 695, 696, 697, 698, 699, 700, 701, 702, 703, 704, 705, 706, 707, 708, 709, 710, 711, 712, 713, 714, 715, 716, 717, 718, 719, 720, 721, 722, 723, 724, 725, 726, 727, 728, 729, 730, 731, 732, 733, 734, 735, 736, 737, 738, 739, 740, 741, 742, 743, 744, 745, 746, 747, 748, 749, 750, 751, 752, 753, 754, 755, 756, 757, 758, 759, 760, 761, 762, 763, 764, 765, 766, 767, 768, 769, 770, 771, 772, 773, 774, 775, 776, 777, 778, 779, 780, 781, 782, 783, 784, 785, 786, 787, 788, 789, 790, 791, 792, 793]","[10, 75, 103, 104, 106, 117, 118, 120, 127, 128, 129, 131, 133, 135, 136, 137, 139, 146, 147, 148, 149, 151, 158, 160, 162, 166, 173, 178, 179, 185, 190, 192, 198, 201, 203, 204, 206, 207, 212, 213, 214, 219, 223, 224, 225, 227, 230, 235, 237, 246, 247, 256, 259, 262, 263, 266, 268, 269, 271, 272, 278, 279, 284, 285, 288, 290, 292, 304, 306, 312, 316, 319, 320, 323, 324, 329, 332, 335, 495, 549, 574, 575, 577, 588, 589, 591, 598, 599, 600, 602, 604, 606, 607, 608, 610, 617, 618, 619, 620, 622, 625, 630, 632, 634, 638, 644, 649, 650, 656, 661, 663, 669, 673, 674, 676, 677, 682, 683, 684, 687, 688, 689, 691, 694, 699, 701, 710, 718, 722, 723, 727, 728, 730, 731, 737, 738, 743, 744, 747, 749, 751, 762, 764, 770, 774, 777, 778, 781, 782, 789, 791]","[12, 24, 25, 28, 88, 100, 104, 119, 123, 129, 136, 137, 139, 140, 141, 148, 155, 169, 172, 179, 183, 185, 188, 196, 198, 217, 237, 267, 270, 278, 319, 321, 324, 325, 330, 334, 335, 354, 366, 369, 380, 383, 384, 386, 395, 407, 411, 423, 428, 436, 437, 452, 453, 456, 467, 471, 477, 478, 479, 497, 508, 511, 559, 571, 575, 590, 594, 600, 607, 608, 610, 611, 612, 619, 627, 640, 643, 650, 654, 656, 659, 667, 669, 685, 701, 726, 729, 737, 777, 779, 782, 783, 787, 790, 791, 809, 817, 819, 830, 833, 834, 836, 845, 856, 857, 860, 862, 875, 880, 887, 888, 899, 900, 914, 918, 921, 928, 929, 930]","[12, 24, 25, 28, 88, 100, 104, 119, 123, 129, 136, 137, 139, 140, 141, 148, 155, 169, 172, 179, 183, 185, 188, 196, 198, 217, 237, 267, 270, 278, 319, 321, 324, 325, 330, 334, 335, 354, 366, 369, 380, 383, 384, 386, 395, 407, 411, 423, 428, 436, 437, 452, 453, 456, 467, 471, 477, 478, 479, 497, 508, 511, 559, 571, 575, 590, 594, 600, 607, 608, 610, 611, 612, 619, 627, 640, 643, 650, 654, 656, 659, 667, 669, 685, 701, 726, 729, 737, 777, 779, 782, 783, 787, 790, 791, 809, 817, 819, 830, 833, 834, 836, 845, 856, 857, 860, 862, 875, 880, 887, 888, 899, 900, 914, 918, 921, 928, 929, 930]","[10, 12, 24, 25, 28, 75, 88, 100, 103, 104, 105, 106, 107, 108, 109, 110, 111, 112, 113, 114, 115, 116, 117, 118, 119, 120, 121, 122, 123, 124, 125, 126, 127, 128, 129, 130, 131, 132, 133, 134, 135, 136, 137, 138, 139, 140, 141, 142, 143, 144, 145, 146, 147, 148, 149, 150, 151, 152, 153, 154, 155, 156, 157, 158, 159, 160, 161, 162, 163, 164, 165, 166, 167, 168, 169, 170, 171, 172, 173, 174, 175, 176, 177, 178, 179, 180, 181, 182, 183, 184, 185, 186, 187, 188, 189, 190, 191, 192, 193, 194, 195, 196, 197, 198, 199, 200, 201, 202, 203, 204, 205, 206, 207, 208, 209, 210, 211, 212, 213, 214, 215, 216, 217, 218, 219, 220, 221, 222, 223, 224, 225, 226, 227, 228, 229, 230, 231, 232, 233, 234, 235, 236, 237, 238, 239, 240, 241, 242, 243, 244, 245, 246, 247, 248, 249, 250, 251, 252, 253, 254, 255, 256, 257, 258, 259, 260, 261, 262, 263, 264, 265, 266, 267, 268, 269, 270, 271, 272, 273, 274, 275, 276, 277, 278, 279, 280, 281, 282, 283, 284, 285, 286, 287, 288, 289, 290, 291, 292, 293, 294, 295, 296, 297, 298, 299, 300, 301, 302, 303, 304, 305, 306, 307, 308, 309, 310, 311, 312, 313, 314, 315, 316, 317, 318, 319, 320, 321, 322, 323, 324, 325, 326, 327, 328, 329, 330, 331, 332, 333, 334, 335, 336, 337, 354, 366, 369, 380, 383, 384, 386, 395, 407, 411, 423, 428, 436, 437, 452, 453, 456, 467, 471, 477, 478, 479, 495, 497, 508, 511, 549, 559, 571, 574, 575, 576, 577, 578, 579, 580, 581, 582, 583, 584, 585, 586, 587, 588, 589, 590, 591, 592, 593, 594, 595, 596, 597, 598, 599, 600, 601, 602, 603, 604, 605, 606, 607, 608, 609, 610, 611, 612, 613, 614, 615, 616, 617, 618, 619, 620, 621, 622, 623, 624, 625, 626, 627, 628, 629, 630, 631, 632, 633, 634, 635, 636, 637, 638, 639, 640, 641, 642, 643, 644, 645, 646, 647, 648, 649, 650, 651, 652, 653, 654, 655, 656, 657, 658, 659, 660, 661, 662, 663, 664, 665, 666, 667, 668, 669, 670, 671, 672, 673, 674, 675, 676, 677, 678, 679, 680, 681, 682, 683, 684, 685, 686, 687, 688, 689, 690, 691, 692, 693, 694, 695, 696, 697, 698, 699, 700, 701, 702, 703, 704, 705, 706, 707, 708, 709, 710, 711, 712, 713, 714, 715, 716, 717, 718, 719, 720, 721, 722, 723, 724, 725, 726, 727, 728, 729, 730, 731, 732, 733, 734, 735, 736, 737, 738, 739, 740, 741, 742, 743, 744, 745, 746, 747, 748, 749, 750, 751, 752, 753, 754, 755, 756, 757, 758, 759, 760, 761, 762, 763, 764, 765, 766, 767, 768, 769, 770, 771, 772, 773, 774, 775, 776, 777, 778, 779, 780, 781, 782, 783, 784, 785, 786, 787, 788, 789, 790, 791, 792, 793, 809, 817, 819, 830, 833, 834, 836, 845, 856, 857, 860, 862, 875, 880, 887, 888, 899, 900, 914, 918, 921, 928, 929, 930]",True,"[106, 278, 577, 737]","[103, 104, 105, 106, 107, 108, 109, 110, 111, 112, 113, 114, 115, 116, 117, 118, 119, 120, 121, 122, 123, 124, 125, 126, 127, 128, 129, 130, 131, 132, 133, 134, 135, 136, 137, 138, 139, 140, 141, 142, 143, 144, 145, 146, 147, 148, 149, 150, 151, 152, 153, 154, 155, 156, 157, 158, 159, 160, 161, 162, 163, 164, 165, 166, 167, 168, 169, 170, 171, 172, 173, 174, 175, 176, 177, 178, 179, 180, 181, 182, 183, 184, 185, 186, 187, 188, 189, 190, 191, 192, 193, 194, 195, 196, 197, 198, 199, 200, 201, 202, 203, 204, 205, 206, 207, 208, 209, 210, 211, 212, 213, 214, 215, 216, 217, 218, 219, 220, 221, 222, 223, 224, 225, 226, 227, 228, 229, 230, 231, 232, 233, 234, 235, 236, 237, 238, 239, 240, 241, 242, 243, 244, 245, 246, 247, 248, 249, 250, 251, 252, 253, 254, 255, 256, 257, 258, 259, 260, 261, 262, 263, 264, 265, 266, 267, 268, 269, 270, 271, 272, 273, 274, 275, 276, 277, 278, 279, 280, 281, 282, 283, 284, 285, 286, 287, 288, 289, 290, 291, 292, 293, 294, 295, 296, 297, 298, 299, 300, 301, 302, 303, 304, 305, 306, 307, 308, 309, 310, 311, 312, 313, 314, 315, 316, 317, 318, 319, 320, 321, 322, 323, 324, 325, 326, 327, 328, 329, 330, 331, 332, 333, 334, 335, 336, 337, 574, 575, 576, 577, 578, 579, 580, 581, 582, 583, 584, 585, 586, 587, 588, 589, 590, 591, 592, 593, 594, 595, 596, 597, 598, 599, 600, 601, 602, 603, 604, 605, 606, 607, 608, 609, 610, 611, 612, 613, 614, 615, 616, 617, 618, 619, 620, 621, 622, 623, 624, 625, 626, 627, 628, 629, 630, 631, 632, 633, 634, 635, 636, 637, 638, 639, 640, 641, 642, 643, 644, 645, 646, 647, 648, 649, 650, 651, 652, 653, 654, 655, 656, 657, 658, 659, 660, 661, 662, 663, 664, 665, 666, 667, 668, 669, 670, 671, 672, 673, 674, 675, 676, 677, 678, 679, 680, 681, 682, 683, 684, 685, 686, 687, 688, 689, 690, 691, 692, 693, 694, 695, 696, 697, 698, 699, 700, 701, 702, 703, 704, 705, 706, 707, 708, 709, 710, 711, 712, 713, 714, 715, 716, 717, 718, 719, 720, 721, 722, 723, 724, 725, 726, 727, 728, 729, 730, 731, 732, 733, 734, 735, 736, 737, 738, 739, 740, 741, 742, 743, 744, 745, 746, 747, 748, 749, 750, 751, 752, 753, 754, 755, 756, 757, 758, 759, 760, 761, 762, 763, 764, 765, 766, 767, 768, 769, 770, 771, 772, 773, 774, 775, 776, 777, 778, 779, 780, 781, 782, 783, 784, 785, 786, 787, 788, 789, 790, 791, 792, 793]","[106, 135, 278, 288, 577, 606, 625, 737, 747]","[106, 278, 577, 737]","[10, 75, 103, 104, 106, 117, 118, 120, 127, 128, 129, 131, 133, 135, 136, 137, 139, 146, 147, 148, 149, 151, 158, 160, 162, 166, 173, 178, 179, 185, 190, 192, 198, 201, 203, 204, 206, 207, 212, 213, 214, 219, 223, 224, 225, 227, 230, 235, 237, 246, 247, 256, 259, 262, 263, 266, 268, 269, 271, 272, 278, 279, 284, 285, 288, 290, 292, 304, 306, 312, 316, 319, 320, 323, 324, 329, 332, 335, 495, 549, 574, 575, 577, 588, 589, 591, 598, 599, 600, 602, 604, 606, 607, 608, 610, 617, 618, 619, 620, 622, 625, 630, 632, 634, 638, 644, 649, 650, 656, 661, 663, 669, 673, 674, 676, 677, 682, 683, 684, 687, 688, 689, 691, 694, 699, 701, 710, 718, 722, 723, 727, 728, 730, 731, 737, 738, 743, 744, 747, 749, 751, 762, 764, 770, 774, 777, 778, 781, 782, 789, 791]","[12, 24, 25, 28, 88, 100, 104, 119, 123, 129, 136, 137, 139, 140, 141, 148, 155, 169, 172, 179, 183, 185, 188, 196, 198, 217, 237, 267, 270, 278, 319, 321, 324, 325, 330, 334, 335, 354, 366, 369, 380, 383, 384, 386, 395, 407, 411, 423, 428, 436, 437, 452, 453, 456, 467, 471, 477, 478, 479, 497, 508, 511, 559, 571, 575, 590, 594, 600, 607, 608, 610, 611, 612, 619, 627, 640, 643, 650, 654, 656, 659, 667, 669, 685, 701, 726, 729, 737, 777, 779, 782, 783, 787, 790, 791, 809, 817, 819, 830, 833, 834, 836, 845, 856, 857, 860, 862, 875, 880, 887, 888, 899, 900, 914, 918, 921, 928, 929, 930]","[12, 24, 25, 28, 88, 100, 104, 119, 123, 129, 136, 137, 139, 140, 141, 148, 155, 169, 172, 179, 183, 185, 188, 196, 198, 217, 237, 267, 270, 278, 319, 321, 324, 325, 330, 334, 335, 354, 366, 369, 380, 383, 384, 386, 395, 407, 411, 423, 428, 436, 437, 452, 453, 456, 467, 471, 477, 478, 479, 497, 508, 511, 559, 571, 575, 590, 594, 600, 607, 608, 610, 611, 612, 619, 627, 640, 643, 650, 654, 656, 659, 667, 669, 685, 701, 726, 729, 737, 777, 779, 782, 783, 787, 790, 791, 809, 817, 819, 830, 833, 834, 836, 845, 856, 857, 860, 862, 875, 880, 887, 888, 899, 900, 914, 918, 921, 928, 929, 930]",7/6 successful match,True,,False,336,False,,1.0,True,RVJ's Truck Stop ( Chevron ),Chevron
Fresno ( 93725 ) RVJ's Truck Stop ( Chevron ),3 559-485-8220 CA 99 Exit 127 ( Chestnut NB / Central SB ),) 24 <U+2610>,Fresno,93725,RVJ's Truck Stop ( Chevron ),559-485-8220,2014,Fresno,CA,Chevron,( Chestnut NB / Central SB ),CA 99 Exit 127 ,Exit,127,False,,False,CA 99,,,,,"[737, 278]","[106, 278, 577, 737]","[106, 135, 278, 288, 577, 606, 625, 737, 747]","[106, 278, 577, 737]","[103, 104, 105, 106, 107, 108, 109, 110, 111, 112, 113, 114, 115, 116, 117, 118, 119, 120, 121, 122, 123, 124, 125, 126, 127, 128, 129, 130, 131, 132, 133, 134, 135, 136, 137, 138, 139, 140, 141, 142, 143, 144, 145, 146, 147, 148, 149, 150, 151, 152, 153, 154, 155, 156, 157, 158, 159, 160, 161, 162, 163, 164, 165, 166, 167, 168, 169, 170, 171, 172, 173, 174, 175, 176, 177, 178, 179, 180, 181, 182, 183, 184, 185, 186, 187, 188, 189, 190, 191, 192, 193, 194, 195, 196, 197, 198, 199, 200, 201, 202, 203, 204, 205, 206, 207, 208, 209, 210, 211, 212, 213, 214, 215, 216, 217, 218, 219, 220, 221, 222, 223, 224, 225, 226, 227, 228, 229, 230, 231, 232, 233, 234, 235, 236, 237, 238, 239, 240, 241, 242, 243, 244, 245, 246, 247, 248, 249, 250, 251, 252, 253, 254, 255, 256, 257, 258, 259, 260, 261, 262, 263, 264, 265, 266, 267, 268, 269, 270, 271, 272, 273, 274, 275, 276, 277, 278, 279, 280, 281, 282, 283, 284, 285, 286, 287, 288, 289, 290, 291, 292, 293, 294, 295, 296, 297, 298, 299, 300, 301, 302, 303, 304, 305, 306, 307, 308, 309, 310, 311, 312, 313, 314, 315, 316, 317, 318, 319, 320, 321, 322, 323, 324, 325, 326, 327, 328, 329, 330, 331, 332, 333, 334, 335, 336, 337, 574, 575, 576, 577, 578, 579, 580, 581, 582, 583, 584, 585, 586, 587, 588, 589, 590, 591, 592, 593, 594, 595, 596, 597, 598, 599, 600, 601, 602, 603, 604, 605, 606, 607, 608, 609, 610, 611, 612, 613, 614, 615, 616, 617, 618, 619, 620, 621, 622, 623, 624, 625, 626, 627, 628, 629, 630, 631, 632, 633, 634, 635, 636, 637, 638, 639, 640, 641, 642, 643, 644, 645, 646, 647, 648, 649, 650, 651, 652, 653, 654, 655, 656, 657, 658, 659, 660, 661, 662, 663, 664, 665, 666, 667, 668, 669, 670, 671, 672, 673, 674, 675, 676, 677, 678, 679, 680, 681, 682, 683, 684, 685, 686, 687, 688, 689, 690, 691, 692, 693, 694, 695, 696, 697, 698, 699, 700, 701, 702, 703, 704, 705, 706, 707, 708, 709, 710, 711, 712, 713, 714, 715, 716, 717, 718, 719, 720, 721, 722, 723, 724, 725, 726, 727, 728, 729, 730, 731, 732, 733, 734, 735, 736, 737, 738, 739, 740, 741, 742, 743, 744, 745, 746, 747, 748, 749, 750, 751, 752, 753, 754, 755, 756, 757, 758, 759, 760, 761, 762, 763, 764, 765, 766, 767, 768, 769, 770, 771, 772, 773, 774, 775, 776, 777, 778, 779, 780, 781, 782, 783, 784, 785, 786, 787, 788, 789, 790, 791, 792, 793]","[10, 75, 103, 104, 106, 117, 118, 120, 127, 128, 129, 131, 133, 135, 136, 137, 139, 146, 147, 148, 149, 151, 158, 160, 162, 166, 173, 178, 179, 185, 190, 192, 198, 201, 203, 204, 206, 207, 212, 213, 214, 219, 223, 224, 225, 227, 230, 235, 237, 246, 247, 256, 259, 262, 263, 266, 268, 269, 271, 272, 278, 279, 284, 285, 288, 290, 292, 304, 306, 312, 316, 319, 320, 323, 324, 329, 332, 335, 495, 549, 574, 575, 577, 588, 589, 591, 598, 599, 600, 602, 604, 606, 607, 608, 610, 617, 618, 619, 620, 622, 625, 630, 632, 634, 638, 644, 649, 650, 656, 661, 663, 669, 673, 674, 676, 677, 682, 683, 684, 687, 688, 689, 691, 694, 699, 701, 710, 718, 722, 723, 727, 728, 730, 731, 737, 738, 743, 744, 747, 749, 751, 762, 764, 770, 774, 777, 778, 781, 782, 789, 791]","[12, 24, 25, 28, 88, 100, 104, 119, 123, 129, 136, 137, 139, 140, 141, 148, 155, 169, 172, 179, 183, 185, 188, 196, 198, 217, 237, 267, 270, 278, 319, 321, 324, 325, 330, 334, 335, 354, 366, 369, 380, 383, 384, 386, 395, 407, 411, 423, 428, 436, 437, 452, 453, 456, 467, 471, 477, 478, 479, 497, 508, 511, 559, 571, 575, 590, 594, 600, 607, 608, 610, 611, 612, 619, 627, 640, 643, 650, 654, 656, 659, 667, 669, 685, 701, 726, 729, 737, 777, 779, 782, 783, 787, 790, 791, 809, 817, 819, 830, 833, 834, 836, 845, 856, 857, 860, 862, 875, 880, 887, 888, 899, 900, 914, 918, 921, 928, 929, 930]","[12, 24, 25, 28, 88, 100, 104, 119, 123, 129, 136, 137, 139, 140, 141, 148, 155, 169, 172, 179, 183, 185, 188, 196, 198, 217, 237, 267, 270, 278, 319, 321, 324, 325, 330, 334, 335, 354, 366, 369, 380, 383, 384, 386, 395, 407, 411, 423, 428, 436, 437, 452, 453, 456, 467, 471, 477, 478, 479, 497, 508, 511, 559, 571, 575, 590, 594, 600, 607, 608, 610, 611, 612, 619, 627, 640, 643, 650, 654, 656, 659, 667, 669, 685, 701, 726, 729, 737, 777, 779, 782, 783, 787, 790, 791, 809, 817, 819, 830, 833, 834, 836, 845, 856, 857, 860, 862, 875, 880, 887, 888, 899, 900, 914, 918, 921, 928, 929, 930]","[10, 12, 24, 25, 28, 75, 88, 100, 103, 104, 105, 106, 107, 108, 109, 110, 111, 112, 113, 114, 115, 116, 117, 118, 119, 120, 121, 122, 123, 124, 125, 126, 127, 128, 129, 130, 131, 132, 133, 134, 135, 136, 137, 138, 139, 140, 141, 142, 143, 144, 145, 146, 147, 148, 149, 150, 151, 152, 153, 154, 155, 156, 157, 158, 159, 160, 161, 162, 163, 164, 165, 166, 167, 168, 169, 170, 171, 172, 173, 174, 175, 176, 177, 178, 179, 180, 181, 182, 183, 184, 185, 186, 187, 188, 189, 190, 191, 192, 193, 194, 195, 196, 197, 198, 199, 200, 201, 202, 203, 204, 205, 206, 207, 208, 209, 210, 211, 212, 213, 214, 215, 216, 217, 218, 219, 220, 221, 222, 223, 224, 225, 226, 227, 228, 229, 230, 231, 232, 233, 234, 235, 236, 237, 238, 239, 240, 241, 242, 243, 244, 245, 246, 247, 248, 249, 250, 251, 252, 253, 254, 255, 256, 257, 258, 259, 260, 261, 262, 263, 264, 265, 266, 267, 268, 269, 270, 271, 272, 273, 274, 275, 276, 277, 278, 279, 280, 281, 282, 283, 284, 285, 286, 287, 288, 289, 290, 291, 292, 293, 294, 295, 296, 297, 298, 299, 300, 301, 302, 303, 304, 305, 306, 307, 308, 309, 310, 311, 312, 313, 314, 315, 316, 317, 318, 319, 320, 321, 322, 323, 324, 325, 326, 327, 328, 329, 330, 331, 332, 333, 334, 335, 336, 337, 354, 366, 369, 380, 383, 384, 386, 395, 407, 411, 423, 428, 436, 437, 452, 453, 456, 467, 471, 477, 478, 479, 495, 497, 508, 511, 549, 559, 571, 574, 575, 576, 577, 578, 579, 580, 581, 582, 583, 584, 585, 586, 587, 588, 589, 590, 591, 592, 593, 594, 595, 596, 597, 598, 599, 600, 601, 602, 603, 604, 605, 606, 607, 608, 609, 610, 611, 612, 613, 614, 615, 616, 617, 618, 619, 620, 621, 622, 623, 624, 625, 626, 627, 628, 629, 630, 631, 632, 633, 634, 635, 636, 637, 638, 639, 640, 641, 642, 643, 644, 645, 646, 647, 648, 649, 650, 651, 652, 653, 654, 655, 656, 657, 658, 659, 660, 661, 662, 663, 664, 665, 666, 667, 668, 669, 670, 671, 672, 673, 674, 675, 676, 677, 678, 679, 680, 681, 682, 683, 684, 685, 686, 687, 688, 689, 690, 691, 692, 693, 694, 695, 696, 697, 698, 699, 700, 701, 702, 703, 704, 705, 706, 707, 708, 709, 710, 711, 712, 713, 714, 715, 716, 717, 718, 719, 720, 721, 722, 723, 724, 725, 726, 727, 728, 729, 730, 731, 732, 733, 734, 735, 736, 737, 738, 739, 740, 741, 742, 743, 744, 745, 746, 747, 748, 749, 750, 751, 752, 753, 754, 755, 756, 757, 758, 759, 760, 761, 762, 763, 764, 765, 766, 767, 768, 769, 770, 771, 772, 773, 774, 775, 776, 777, 778, 779, 780, 781, 782, 783, 784, 785, 786, 787, 788, 789, 790, 791, 792, 793, 809, 817, 819, 830, 833, 834, 836, 845, 856, 857, 860, 862, 875, 880, 887, 888, 899, 900, 914, 918, 921, 928, 929, 930]",True,"[106, 278, 577, 737]","[103, 104, 105, 106, 107, 108, 109, 110, 111, 112, 113, 114, 115, 116, 117, 118, 119, 120, 121, 122, 123, 124, 125, 126, 127, 128, 129, 130, 131, 132, 133, 134, 135, 136, 137, 138, 139, 140, 141, 142, 143, 144, 145, 146, 147, 148, 149, 150, 151, 152, 153, 154, 155, 156, 157, 158, 159, 160, 161, 162, 163, 164, 165, 166, 167, 168, 169, 170, 171, 172, 173, 174, 175, 176, 177, 178, 179, 180, 181, 182, 183, 184, 185, 186, 187, 188, 189, 190, 191, 192, 193, 194, 195, 196, 197, 198, 199, 200, 201, 202, 203, 204, 205, 206, 207, 208, 209, 210, 211, 212, 213, 214, 215, 216, 217, 218, 219, 220, 221, 222, 223, 224, 225, 226, 227, 228, 229, 230, 231, 232, 233, 234, 235, 236, 237, 238, 239, 240, 241, 242, 243, 244, 245, 246, 247, 248, 249, 250, 251, 252, 253, 254, 255, 256, 257, 258, 259, 260, 261, 262, 263, 264, 265, 266, 267, 268, 269, 270, 271, 272, 273, 274, 275, 276, 277, 278, 279, 280, 281, 282, 283, 284, 285, 286, 287, 288, 289, 290, 291, 292, 293, 294, 295, 296, 297, 298, 299, 300, 301, 302, 303, 304, 305, 306, 307, 308, 309, 310, 311, 312, 313, 314, 315, 316, 317, 318, 319, 320, 321, 322, 323, 324, 325, 326, 327, 328, 329, 330, 331, 332, 333, 334, 335, 336, 337, 574, 575, 576, 577, 578, 579, 580, 581, 582, 583, 584, 585, 586, 587, 588, 589, 590, 591, 592, 593, 594, 595, 596, 597, 598, 599, 600, 601, 602, 603, 604, 605, 606, 607, 608, 609, 610, 611, 612, 613, 614, 615, 616, 617, 618, 619, 620, 621, 622, 623, 624, 625, 626, 627, 628, 629, 630, 631, 632, 633, 634, 635, 636, 637, 638, 639, 640, 641, 642, 643, 644, 645, 646, 647, 648, 649, 650, 651, 652, 653, 654, 655, 656, 657, 658, 659, 660, 661, 662, 663, 664, 665, 666, 667, 668, 669, 670, 671, 672, 673, 674, 675, 676, 677, 678, 679, 680, 681, 682, 683, 684, 685, 686, 687, 688, 689, 690, 691, 692, 693, 694, 695, 696, 697, 698, 699, 700, 701, 702, 703, 704, 705, 706, 707, 708, 709, 710, 711, 712, 713, 714, 715, 716, 717, 718, 719, 720, 721, 722, 723, 724, 725, 726, 727, 728, 729, 730, 731, 732, 733, 734, 735, 736, 737, 738, 739, 740, 741, 742, 743, 744, 745, 746, 747, 748, 749, 750, 751, 752, 753, 754, 755, 756, 757, 758, 759, 760, 761, 762, 763, 764, 765, 766, 767, 768, 769, 770, 771, 772, 773, 774, 775, 776, 777, 778, 779, 780, 781, 782, 783, 784, 785, 786, 787, 788, 789, 790, 791, 792, 793]","[106, 135, 278, 288, 577, 606, 625, 737, 747]","[106, 278, 577, 737]","[10, 75, 103, 104, 106, 117, 118, 120, 127, 128, 129, 131, 133, 135, 136, 137, 139, 146, 147, 148, 149, 151, 158, 160, 162, 166, 173, 178, 179, 185, 190, 192, 198, 201, 203, 204, 206, 207, 212, 213, 214, 219, 223, 224, 225, 227, 230, 235, 237, 246, 247, 256, 259, 262, 263, 266, 268, 269, 271, 272, 278, 279, 284, 285, 288, 290, 292, 304, 306, 312, 316, 319, 320, 323, 324, 329, 332, 335, 495, 549, 574, 575, 577, 588, 589, 591, 598, 599, 600, 602, 604, 606, 607, 608, 610, 617, 618, 619, 620, 622, 625, 630, 632, 634, 638, 644, 649, 650, 656, 661, 663, 669, 673, 674, 676, 677, 682, 683, 684, 687, 688, 689, 691, 694, 699, 701, 710, 718, 722, 723, 727, 728, 730, 731, 737, 738, 743, 744, 747, 749, 751, 762, 764, 770, 774, 777, 778, 781, 782, 789, 791]","[12, 24, 25, 28, 88, 100, 104, 119, 123, 129, 136, 137, 139, 140, 141, 148, 155, 169, 172, 179, 183, 185, 188, 196, 198, 217, 237, 267, 270, 278, 319, 321, 324, 325, 330, 334, 335, 354, 366, 369, 380, 383, 384, 386, 395, 407, 411, 423, 428, 436, 437, 452, 453, 456, 467, 471, 477, 478, 479, 497, 508, 511, 559, 571, 575, 590, 594, 600, 607, 608, 610, 611, 612, 619, 627, 640, 643, 650, 654, 656, 659, 667, 669, 685, 701, 726, 729, 737, 777, 779, 782, 783, 787, 790, 791, 809, 817, 819, 830, 833, 834, 836, 845, 856, 857, 860, 862, 875, 880, 887, 888, 899, 900, 914, 918, 921, 928, 929, 930]","[12, 24, 25, 28, 88, 100, 104, 119, 123, 129, 136, 137, 139, 140, 141, 148, 155, 169, 172, 179, 183, 185, 188, 196, 198, 217, 237, 267, 270, 278, 319, 321, 324, 325, 330, 334, 335, 354, 366, 369, 380, 383, 384, 386, 395, 407, 411, 423, 428, 436, 437, 452, 453, 456, 467, 471, 477, 478, 479, 497, 508, 511, 559, 571, 575, 590, 594, 600, 607, 608, 610, 611, 612, 619, 627, 640, 643, 650, 654, 656, 659, 667, 669, 685, 701, 726, 729, 737, 777, 779, 782, 783, 787, 790, 791, 809, 817, 819, 830, 833, 834, 836, 845, 856, 857, 860, 862, 875, 880, 887, 888, 899, 900, 914, 918, 921, 928, 929, 930]",7/6 successful match,True,,False,336,False,,1.0,True,RVJ's Truck Stop ( Chevron ),Chevron
Fresno ( 93725 ) RVJ's Truck 127 Stop ( Chestnut ( Chevron ) NB / Central SB ),3 559-485-8220 CA 99 Exit 127 (,") ) 2.4m <U+25A1> """,Fresno,93725,RVJ's Truck 127 Stop ( Chestnut ( Chevron ) NB / Central SB ),559-485-8220,2015,Fresno,CA,Chevron,(,CA 99 Exit 127 ,Exit,127,False,,False,CA 99,,,,,"[737, 278]","[106, 278, 577, 737]","[106, 135, 278, 288, 577, 606, 625, 737, 747]","[106, 278, 577, 737]","[103, 104, 105, 106, 107, 108, 109, 110, 111, 112, 113, 114, 115, 116, 117, 118, 119, 120, 121, 122, 123, 124, 125, 126, 127, 128, 129, 130, 131, 132, 133, 134, 135, 136, 137, 138, 139, 140, 141, 142, 143, 144, 145, 146, 147, 148, 149, 150, 151, 152, 153, 154, 155, 156, 157, 158, 159, 160, 161, 162, 163, 164, 165, 166, 167, 168, 169, 170, 171, 172, 173, 174, 175, 176, 177, 178, 179, 180, 181, 182, 183, 184, 185, 186, 187, 188, 189, 190, 191, 192, 193, 194, 195, 196, 197, 198, 199, 200, 201, 202, 203, 204, 205, 206, 207, 208, 209, 210, 211, 212, 213, 214, 215, 216, 217, 218, 219, 220, 221, 222, 223, 224, 225, 226, 227, 228, 229, 230, 231, 232, 233, 234, 235, 236, 237, 238, 239, 240, 241, 242, 243, 244, 245, 246, 247, 248, 249, 250, 251, 252, 253, 254, 255, 256, 257, 258, 259, 260, 261, 262, 263, 264, 265, 266, 267, 268, 269, 270, 271, 272, 273, 274, 275, 276, 277, 278, 279, 280, 281, 282, 283, 284, 285, 286, 287, 288, 289, 290, 291, 292, 293, 294, 295, 296, 297, 298, 299, 300, 301, 302, 303, 304, 305, 306, 307, 308, 309, 310, 311, 312, 313, 314, 315, 316, 317, 318, 319, 320, 321, 322, 323, 324, 325, 326, 327, 328, 329, 330, 331, 332, 333, 334, 335, 336, 337, 574, 575, 576, 577, 578, 579, 580, 581, 582, 583, 584, 585, 586, 587, 588, 589, 590, 591, 592, 593, 594, 595, 596, 597, 598, 599, 600, 601, 602, 603, 604, 605, 606, 607, 608, 609, 610, 611, 612, 613, 614, 615, 616, 617, 618, 619, 620, 621, 622, 623, 624, 625, 626, 627, 628, 629, 630, 631, 632, 633, 634, 635, 636, 637, 638, 639, 640, 641, 642, 643, 644, 645, 646, 647, 648, 649, 650, 651, 652, 653, 654, 655, 656, 657, 658, 659, 660, 661, 662, 663, 664, 665, 666, 667, 668, 669, 670, 671, 672, 673, 674, 675, 676, 677, 678, 679, 680, 681, 682, 683, 684, 685, 686, 687, 688, 689, 690, 691, 692, 693, 694, 695, 696, 697, 698, 699, 700, 701, 702, 703, 704, 705, 706, 707, 708, 709, 710, 711, 712, 713, 714, 715, 716, 717, 718, 719, 720, 721, 722, 723, 724, 725, 726, 727, 728, 729, 730, 731, 732, 733, 734, 735, 736, 737, 738, 739, 740, 741, 742, 743, 744, 745, 746, 747, 748, 749, 750, 751, 752, 753, 754, 755, 756, 757, 758, 759, 760, 761, 762, 763, 764, 765, 766, 767, 768, 769, 770, 771, 772, 773, 774, 775, 776, 777, 778, 779, 780, 781, 782, 783, 784, 785, 786, 787, 788, 789, 790, 791, 792, 793]","[10, 75, 103, 104, 106, 117, 118, 120, 127, 128, 129, 131, 133, 135, 136, 137, 139, 146, 147, 148, 149, 151, 158, 160, 162, 166, 173, 178, 179, 185, 190, 192, 198, 201, 203, 204, 206, 207, 212, 213, 214, 219, 223, 224, 225, 227, 230, 235, 237, 246, 247, 256, 259, 262, 263, 266, 268, 269, 271, 272, 278, 279, 284, 285, 288, 290, 292, 304, 306, 312, 316, 319, 320, 323, 324, 329, 332, 335, 495, 549, 574, 575, 577, 588, 589, 591, 598, 599, 600, 602, 604, 606, 607, 608, 610, 617, 618, 619, 620, 622, 625, 630, 632, 634, 638, 644, 649, 650, 656, 661, 663, 669, 673, 674, 676, 677, 682, 683, 684, 687, 688, 689, 691, 694, 699, 701, 710, 718, 722, 723, 727, 728, 730, 731, 737, 738, 743, 744, 747, 749, 751, 762, 764, 770, 774, 777, 778, 781, 782, 789, 791]","[12, 24, 25, 28, 88, 100, 104, 119, 123, 129, 136, 137, 139, 140, 141, 148, 155, 169, 172, 179, 183, 185, 188, 196, 198, 217, 237, 267, 270, 278, 319, 321, 324, 325, 330, 334, 335, 354, 366, 369, 380, 383, 384, 386, 395, 407, 411, 423, 428, 436, 437, 452, 453, 456, 467, 471, 477, 478, 479, 497, 508, 511, 559, 571, 575, 590, 594, 600, 607, 608, 610, 611, 612, 619, 627, 640, 643, 650, 654, 656, 659, 667, 669, 685, 701, 726, 729, 737, 777, 779, 782, 783, 787, 790, 791, 809, 817, 819, 830, 833, 834, 836, 845, 856, 857, 860, 862, 875, 880, 887, 888, 899, 900, 914, 918, 921, 928, 929, 930]","[12, 24, 25, 28, 88, 100, 104, 119, 123, 129, 136, 137, 139, 140, 141, 148, 154, 155, 169, 172, 179, 183, 185, 188, 196, 198, 217, 237, 267, 270, 278, 319, 321, 324, 325, 330, 334, 335, 354, 366, 369, 380, 383, 384, 386, 395, 407, 411, 423, 428, 436, 437, 452, 453, 456, 467, 471, 477, 478, 479, 497, 508, 511, 559, 571, 575, 590, 594, 600, 607, 608, 610, 611, 612, 619, 626, 627, 640, 643, 650, 654, 656, 659, 667, 669, 685, 701, 726, 729, 737, 777, 779, 782, 783, 787, 790, 791, 809, 817, 819, 830, 833, 834, 836, 845, 856, 857, 860, 862, 875, 880, 887, 888, 899, 900, 914, 918, 921, 928, 929, 930]","[10, 12, 24, 25, 28, 75, 88, 100, 103, 104, 105, 106, 107, 108, 109, 110, 111, 112, 113, 114, 115, 116, 117, 118, 119, 120, 121, 122, 123, 124, 125, 126, 127, 128, 129, 130, 131, 132, 133, 134, 135, 136, 137, 138, 139, 140, 141, 142, 143, 144, 145, 146, 147, 148, 149, 150, 151, 152, 153, 154, 155, 156, 157, 158, 159, 160, 161, 162, 163, 164, 165, 166, 167, 168, 169, 170, 171, 172, 173, 174, 175, 176, 177, 178, 179, 180, 181, 182, 183, 184, 185, 186, 187, 188, 189, 190, 191, 192, 193, 194, 195, 196, 197, 198, 199, 200, 201, 202, 203, 204, 205, 206, 207, 208, 209, 210, 211, 212, 213, 214, 215, 216, 217, 218, 219, 220, 221, 222, 223, 224, 225, 226, 227, 228, 229, 230, 231, 232, 233, 234, 235, 236, 237, 238, 239, 240, 241, 242, 243, 244, 245, 246, 247, 248, 249, 250, 251, 252, 253, 254, 255, 256, 257, 258, 259, 260, 261, 262, 263, 264, 265, 266, 267, 268, 269, 270, 271, 272, 273, 274, 275, 276, 277, 278, 279, 280, 281, 282, 283, 284, 285, 286, 287, 288, 289, 290, 291, 292, 293, 294, 295, 296, 297, 298, 299, 300, 301, 302, 303, 304, 305, 306, 307, 308, 309, 310, 311, 312, 313, 314, 315, 316, 317, 318, 319, 320, 321, 322, 323, 324, 325, 326, 327, 328, 329, 330, 331, 332, 333, 334, 335, 336, 337, 354, 366, 369, 380, 383, 384, 386, 395, 407, 411, 423, 428, 436, 437, 452, 453, 456, 467, 471, 477, 478, 479, 495, 497, 508, 511, 549, 559, 571, 574, 575, 576, 577, 578, 579, 580, 581, 582, 583, 584, 585, 586, 587, 588, 589, 590, 591, 592, 593, 594, 595, 596, 597, 598, 599, 600, 601, 602, 603, 604, 605, 606, 607, 608, 609, 610, 611, 612, 613, 614, 615, 616, 617, 618, 619, 620, 621, 622, 623, 624, 625, 626, 627, 628, 629, 630, 631, 632, 633, 634, 635, 636, 637, 638, 639, 640, 641, 642, 643, 644, 645, 646, 647, 648, 649, 650, 651, 652, 653, 654, 655, 656, 657, 658, 659, 660, 661, 662, 663, 664, 665, 666, 667, 668, 669, 670, 671, 672, 673, 674, 675, 676, 677, 678, 679, 680, 681, 682, 683, 684, 685, 686, 687, 688, 689, 690, 691, 692, 693, 694, 695, 696, 697, 698, 699, 700, 701, 702, 703, 704, 705, 706, 707, 708, 709, 710, 711, 712, 713, 714, 715, 716, 717, 718, 719, 720, 721, 722, 723, 724, 725, 726, 727, 728, 729, 730, 731, 732, 733, 734, 735, 736, 737, 738, 739, 740, 741, 742, 743, 744, 745, 746, 747, 748, 749, 750, 751, 752, 753, 754, 755, 756, 757, 758, 759, 760, 761, 762, 763, 764, 765, 766, 767, 768, 769, 770, 771, 772, 773, 774, 775, 776, 777, 778, 779, 780, 781, 782, 783, 784, 785, 786, 787, 788, 789, 790, 791, 792, 793, 809, 817, 819, 830, 833, 834, 836, 845, 856, 857, 860, 862, 875, 880, 887, 888, 899, 900, 914, 918, 921, 928, 929, 930]",True,"[106, 278, 577, 737]","[103, 104, 105, 106, 107, 108, 109, 110, 111, 112, 113, 114, 115, 116, 117, 118, 119, 120, 121, 122, 123, 124, 125, 126, 127, 128, 129, 130, 131, 132, 133, 134, 135, 136, 137, 138, 139, 140, 141, 142, 143, 144, 145, 146, 147, 148, 149, 150, 151, 152, 153, 154, 155, 156, 157, 158, 159, 160, 161, 162, 163, 164, 165, 166, 167, 168, 169, 170, 171, 172, 173, 174, 175, 176, 177, 178, 179, 180, 181, 182, 183, 184, 185, 186, 187, 188, 189, 190, 191, 192, 193, 194, 195, 196, 197, 198, 199, 200, 201, 202, 203, 204, 205, 206, 207, 208, 209, 210, 211, 212, 213, 214, 215, 216, 217, 218, 219, 220, 221, 222, 223, 224, 225, 226, 227, 228, 229, 230, 231, 232, 233, 234, 235, 236, 237, 238, 239, 240, 241, 242, 243, 244, 245, 246, 247, 248, 249, 250, 251, 252, 253, 254, 255, 256, 257, 258, 259, 260, 261, 262, 263, 264, 265, 266, 267, 268, 269, 270, 271, 272, 273, 274, 275, 276, 277, 278, 279, 280, 281, 282, 283, 284, 285, 286, 287, 288, 289, 290, 291, 292, 293, 294, 295, 296, 297, 298, 299, 300, 301, 302, 303, 304, 305, 306, 307, 308, 309, 310, 311, 312, 313, 314, 315, 316, 317, 318, 319, 320, 321, 322, 323, 324, 325, 326, 327, 328, 329, 330, 331, 332, 333, 334, 335, 336, 337, 574, 575, 576, 577, 578, 579, 580, 581, 582, 583, 584, 585, 586, 587, 588, 589, 590, 591, 592, 593, 594, 595, 596, 597, 598, 599, 600, 601, 602, 603, 604, 605, 606, 607, 608, 609, 610, 611, 612, 613, 614, 615, 616, 617, 618, 619, 620, 621, 622, 623, 624, 625, 626, 627, 628, 629, 630, 631, 632, 633, 634, 635, 636, 637, 638, 639, 640, 641, 642, 643, 644, 645, 646, 647, 648, 649, 650, 651, 652, 653, 654, 655, 656, 657, 658, 659, 660, 661, 662, 663, 664, 665, 666, 667, 668, 669, 670, 671, 672, 673, 674, 675, 676, 677, 678, 679, 680, 681, 682, 683, 684, 685, 686, 687, 688, 689, 690, 691, 692, 693, 694, 695, 696, 697, 698, 699, 700, 701, 702, 703, 704, 705, 706, 707, 708, 709, 710, 711, 712, 713, 714, 715, 716, 717, 718, 719, 720, 721, 722, 723, 724, 725, 726, 727, 728, 729, 730, 731, 732, 733, 734, 735, 736, 737, 738, 739, 740, 741, 742, 743, 744, 745, 746, 747, 748, 749, 750, 751, 752, 753, 754, 755, 756, 757, 758, 759, 760, 761, 762, 763, 764, 765, 766, 767, 768, 769, 770, 771, 772, 773, 774, 775, 776, 777, 778, 779, 780, 781, 782, 783, 784, 785, 786, 787, 788, 789, 790, 791, 792, 793]","[106, 135, 278, 288, 577, 606, 625, 737, 747]","[106, 278, 577, 737]","[10, 75, 103, 104, 106, 117, 118, 120, 127, 128, 129, 131, 133, 135, 136, 137, 139, 146, 147, 148, 149, 151, 158, 160, 162, 166, 173, 178, 179, 185, 190, 192, 198, 201, 203, 204, 206, 207, 212, 213, 214, 219, 223, 224, 225, 227, 230, 235, 237, 246, 247, 256, 259, 262, 263, 266, 268, 269, 271, 272, 278, 279, 284, 285, 288, 290, 292, 304, 306, 312, 316, 319, 320, 323, 324, 329, 332, 335, 495, 549, 574, 575, 577, 588, 589, 591, 598, 599, 600, 602, 604, 606, 607, 608, 610, 617, 618, 619, 620, 622, 625, 630, 632, 634, 638, 644, 649, 650, 656, 661, 663, 669, 673, 674, 676, 677, 682, 683, 684, 687, 688, 689, 691, 694, 699, 701, 710, 718, 722, 723, 727, 728, 730, 731, 737, 738, 743, 744, 747, 749, 751, 762, 764, 770, 774, 777, 778, 781, 782, 789, 791]","[12, 24, 25, 28, 88, 100, 104, 119, 123, 129, 136, 137, 139, 140, 141, 148, 154, 155, 169, 172, 179, 183, 185, 188, 196, 198, 217, 237, 267, 270, 278, 319, 321, 324, 325, 330, 334, 335, 354, 366, 369, 380, 383, 384, 386, 395, 407, 411, 423, 428, 436, 437, 452, 453, 456, 467, 471, 477, 478, 479, 497, 508, 511, 559, 571, 575, 590, 594, 600, 607, 608, 610, 611, 612, 619, 626, 627, 640, 643, 650, 654, 656, 659, 667, 669, 685, 701, 726, 729, 737, 777, 779, 782, 783, 787, 790, 791, 809, 817, 819, 830, 833, 834, 836, 845, 856, 857, 860, 862, 875, 880, 887, 888, 899, 900, 914, 918, 921, 928, 929, 930]","[12, 24, 25, 28, 88, 100, 104, 119, 123, 129, 136, 137, 139, 140, 141, 148, 155, 169, 172, 179, 183, 185, 188, 196, 198, 217, 237, 267, 270, 278, 319, 321, 324, 325, 330, 334, 335, 354, 366, 369, 380, 383, 384, 386, 395, 407, 411, 423, 428, 436, 437, 452, 453, 456, 467, 471, 477, 478, 479, 497, 508, 511, 559, 571, 575, 590, 594, 600, 607, 608, 610, 611, 612, 619, 627, 640, 643, 650, 654, 656, 659, 667, 669, 685, 701, 726, 729, 737, 777, 779, 782, 783, 787, 790, 791, 809, 817, 819, 830, 833, 834, 836, 845, 856, 857, 860, 862, 875, 880, 887, 888, 899, 900, 914, 918, 921, 928, 929, 930]",7/6 successful match,True,,False,336,False,,0.5887640449438203,True,RVJ's Truck Stop ( Chevron ),Chevron
Fresno ( 93725 ) RVJ's Truck Stop ( Chestnut ( Chevron ) NB / Central SB ),3 559-485-8220 CA 99 Exit 127 ( Chestnut /,) 24 24 <U+25A1>,Fresno,93725,RVJ's Truck Stop ( Chestnut ( Chevron ) NB / Central SB ),559-485-8220,2016,Fresno,CA,Chevron,( Chestnut /,CA 99 Exit 127 ,Exit,127,False,,False,CA 99,,,,,"[737, 278]","[106, 278, 577, 737]","[106, 135, 278, 288, 577, 606, 625, 737, 747]","[106, 278, 577, 737]","[103, 104, 105, 106, 107, 108, 109, 110, 111, 112, 113, 114, 115, 116, 117, 118, 119, 120, 121, 122, 123, 124, 125, 126, 127, 128, 129, 130, 131, 132, 133, 134, 135, 136, 137, 138, 139, 140, 141, 142, 143, 144, 145, 146, 147, 148, 149, 150, 151, 152, 153, 154, 155, 156, 157, 158, 159, 160, 161, 162, 163, 164, 165, 166, 167, 168, 169, 170, 171, 172, 173, 174, 175, 176, 177, 178, 179, 180, 181, 182, 183, 184, 185, 186, 187, 188, 189, 190, 191, 192, 193, 194, 195, 196, 197, 198, 199, 200, 201, 202, 203, 204, 205, 206, 207, 208, 209, 210, 211, 212, 213, 214, 215, 216, 217, 218, 219, 220, 221, 222, 223, 224, 225, 226, 227, 228, 229, 230, 231, 232, 233, 234, 235, 236, 237, 238, 239, 240, 241, 242, 243, 244, 245, 246, 247, 248, 249, 250, 251, 252, 253, 254, 255, 256, 257, 258, 259, 260, 261, 262, 263, 264, 265, 266, 267, 268, 269, 270, 271, 272, 273, 274, 275, 276, 277, 278, 279, 280, 281, 282, 283, 284, 285, 286, 287, 288, 289, 290, 291, 292, 293, 294, 295, 296, 297, 298, 299, 300, 301, 302, 303, 304, 305, 306, 307, 308, 309, 310, 311, 312, 313, 314, 315, 316, 317, 318, 319, 320, 321, 322, 323, 324, 325, 326, 327, 328, 329, 330, 331, 332, 333, 334, 335, 336, 337, 574, 575, 576, 577, 578, 579, 580, 581, 582, 583, 584, 585, 586, 587, 588, 589, 590, 591, 592, 593, 594, 595, 596, 597, 598, 599, 600, 601, 602, 603, 604, 605, 606, 607, 608, 609, 610, 611, 612, 613, 614, 615, 616, 617, 618, 619, 620, 621, 622, 623, 624, 625, 626, 627, 628, 629, 630, 631, 632, 633, 634, 635, 636, 637, 638, 639, 640, 641, 642, 643, 644, 645, 646, 647, 648, 649, 650, 651, 652, 653, 654, 655, 656, 657, 658, 659, 660, 661, 662, 663, 664, 665, 666, 667, 668, 669, 670, 671, 672, 673, 674, 675, 676, 677, 678, 679, 680, 681, 682, 683, 684, 685, 686, 687, 688, 689, 690, 691, 692, 693, 694, 695, 696, 697, 698, 699, 700, 701, 702, 703, 704, 705, 706, 707, 708, 709, 710, 711, 712, 713, 714, 715, 716, 717, 718, 719, 720, 721, 722, 723, 724, 725, 726, 727, 728, 729, 730, 731, 732, 733, 734, 735, 736, 737, 738, 739, 740, 741, 742, 743, 744, 745, 746, 747, 748, 749, 750, 751, 752, 753, 754, 755, 756, 757, 758, 759, 760, 761, 762, 763, 764, 765, 766, 767, 768, 769, 770, 771, 772, 773, 774, 775, 776, 777, 778, 779, 780, 781, 782, 783, 784, 785, 786, 787, 788, 789, 790, 791, 792, 793]","[10, 75, 103, 104, 106, 117, 118, 120, 127, 128, 129, 131, 133, 135, 136, 137, 139, 146, 147, 148, 149, 151, 158, 160, 162, 166, 173, 178, 179, 185, 190, 192, 198, 201, 203, 204, 206, 207, 212, 213, 214, 219, 223, 224, 225, 227, 230, 235, 237, 246, 247, 256, 259, 262, 263, 266, 268, 269, 271, 272, 278, 279, 284, 285, 288, 290, 292, 304, 306, 312, 316, 319, 320, 323, 324, 329, 332, 335, 495, 549, 574, 575, 577, 588, 589, 591, 598, 599, 600, 602, 604, 606, 607, 608, 610, 617, 618, 619, 620, 622, 625, 630, 632, 634, 638, 644, 649, 650, 656, 661, 663, 669, 673, 674, 676, 677, 682, 683, 684, 687, 688, 689, 691, 694, 699, 701, 710, 718, 722, 723, 727, 728, 730, 731, 737, 738, 743, 744, 747, 749, 751, 762, 764, 770, 774, 777, 778, 781, 782, 789, 791]","[12, 24, 25, 28, 88, 100, 104, 119, 123, 129, 136, 137, 139, 140, 141, 148, 155, 169, 172, 179, 183, 185, 188, 196, 198, 217, 237, 267, 270, 278, 319, 321, 324, 325, 330, 334, 335, 354, 366, 369, 380, 383, 384, 386, 395, 407, 411, 423, 428, 436, 437, 452, 453, 456, 467, 471, 477, 478, 479, 497, 508, 511, 559, 571, 575, 590, 594, 600, 607, 608, 610, 611, 612, 619, 627, 640, 643, 650, 654, 656, 659, 667, 669, 685, 701, 726, 729, 737, 777, 779, 782, 783, 787, 790, 791, 809, 817, 819, 830, 833, 834, 836, 845, 856, 857, 860, 862, 875, 880, 887, 888, 899, 900, 914, 918, 921, 928, 929, 930]","[12, 24, 25, 28, 88, 100, 104, 119, 123, 129, 136, 137, 139, 140, 141, 148, 154, 155, 169, 172, 179, 183, 185, 188, 196, 198, 217, 237, 267, 270, 278, 319, 321, 324, 325, 330, 334, 335, 354, 366, 369, 380, 383, 384, 386, 395, 407, 411, 423, 428, 436, 437, 452, 453, 456, 467, 471, 477, 478, 479, 497, 508, 511, 559, 571, 575, 590, 594, 600, 607, 608, 610, 611, 612, 619, 626, 627, 640, 643, 650, 654, 656, 659, 667, 669, 685, 701, 726, 729, 737, 777, 779, 782, 783, 787, 790, 791, 809, 817, 819, 830, 833, 834, 836, 845, 856, 857, 860, 862, 875, 880, 887, 888, 899, 900, 914, 918, 921, 928, 929, 930]","[10, 12, 24, 25, 28, 75, 88, 100, 103, 104, 105, 106, 107, 108, 109, 110, 111, 112, 113, 114, 115, 116, 117, 118, 119, 120, 121, 122, 123, 124, 125, 126, 127, 128, 129, 130, 131, 132, 133, 134, 135, 136, 137, 138, 139, 140, 141, 142, 143, 144, 145, 146, 147, 148, 149, 150, 151, 152, 153, 154, 155, 156, 157, 158, 159, 160, 161, 162, 163, 164, 165, 166, 167, 168, 169, 170, 171, 172, 173, 174, 175, 176, 177, 178, 179, 180, 181, 182, 183, 184, 185, 186, 187, 188, 189, 190, 191, 192, 193, 194, 195, 196, 197, 198, 199, 200, 201, 202, 203, 204, 205, 206, 207, 208, 209, 210, 211, 212, 213, 214, 215, 216, 217, 218, 219, 220, 221, 222, 223, 224, 225, 226, 227, 228, 229, 230, 231, 232, 233, 234, 235, 236, 237, 238, 239, 240, 241, 242, 243, 244, 245, 246, 247, 248, 249, 250, 251, 252, 253, 254, 255, 256, 257, 258, 259, 260, 261, 262, 263, 264, 265, 266, 267, 268, 269, 270, 271, 272, 273, 274, 275, 276, 277, 278, 279, 280, 281, 282, 283, 284, 285, 286, 287, 288, 289, 290, 291, 292, 293, 294, 295, 296, 297, 298, 299, 300, 301, 302, 303, 304, 305, 306, 307, 308, 309, 310, 311, 312, 313, 314, 315, 316, 317, 318, 319, 320, 321, 322, 323, 324, 325, 326, 327, 328, 329, 330, 331, 332, 333, 334, 335, 336, 337, 354, 366, 369, 380, 383, 384, 386, 395, 407, 411, 423, 428, 436, 437, 452, 453, 456, 467, 471, 477, 478, 479, 495, 497, 508, 511, 549, 559, 571, 574, 575, 576, 577, 578, 579, 580, 581, 582, 583, 584, 585, 586, 587, 588, 589, 590, 591, 592, 593, 594, 595, 596, 597, 598, 599, 600, 601, 602, 603, 604, 605, 606, 607, 608, 609, 610, 611, 612, 613, 614, 615, 616, 617, 618, 619, 620, 621, 622, 623, 624, 625, 626, 627, 628, 629, 630, 631, 632, 633, 634, 635, 636, 637, 638, 639, 640, 641, 642, 643, 644, 645, 646, 647, 648, 649, 650, 651, 652, 653, 654, 655, 656, 657, 658, 659, 660, 661, 662, 663, 664, 665, 666, 667, 668, 669, 670, 671, 672, 673, 674, 675, 676, 677, 678, 679, 680, 681, 682, 683, 684, 685, 686, 687, 688, 689, 690, 691, 692, 693, 694, 695, 696, 697, 698, 699, 700, 701, 702, 703, 704, 705, 706, 707, 708, 709, 710, 711, 712, 713, 714, 715, 716, 717, 718, 719, 720, 721, 722, 723, 724, 725, 726, 727, 728, 729, 730, 731, 732, 733, 734, 735, 736, 737, 738, 739, 740, 741, 742, 743, 744, 745, 746, 747, 748, 749, 750, 751, 752, 753, 754, 755, 756, 757, 758, 759, 760, 761, 762, 763, 764, 765, 766, 767, 768, 769, 770, 771, 772, 773, 774, 775, 776, 777, 778, 779, 780, 781, 782, 783, 784, 785, 786, 787, 788, 789, 790, 791, 792, 793, 809, 817, 819, 830, 833, 834, 836, 845, 856, 857, 860, 862, 875, 880, 887, 888, 899, 900, 914, 918, 921, 928, 929, 930]",True,"[106, 278, 577, 737]","[103, 104, 105, 106, 107, 108, 109, 110, 111, 112, 113, 114, 115, 116, 117, 118, 119, 120, 121, 122, 123, 124, 125, 126, 127, 128, 129, 130, 131, 132, 133, 134, 135, 136, 137, 138, 139, 140, 141, 142, 143, 144, 145, 146, 147, 148, 149, 150, 151, 152, 153, 154, 155, 156, 157, 158, 159, 160, 161, 162, 163, 164, 165, 166, 167, 168, 169, 170, 171, 172, 173, 174, 175, 176, 177, 178, 179, 180, 181, 182, 183, 184, 185, 186, 187, 188, 189, 190, 191, 192, 193, 194, 195, 196, 197, 198, 199, 200, 201, 202, 203, 204, 205, 206, 207, 208, 209, 210, 211, 212, 213, 214, 215, 216, 217, 218, 219, 220, 221, 222, 223, 224, 225, 226, 227, 228, 229, 230, 231, 232, 233, 234, 235, 236, 237, 238, 239, 240, 241, 242, 243, 244, 245, 246, 247, 248, 249, 250, 251, 252, 253, 254, 255, 256, 257, 258, 259, 260, 261, 262, 263, 264, 265, 266, 267, 268, 269, 270, 271, 272, 273, 274, 275, 276, 277, 278, 279, 280, 281, 282, 283, 284, 285, 286, 287, 288, 289, 290, 291, 292, 293, 294, 295, 296, 297, 298, 299, 300, 301, 302, 303, 304, 305, 306, 307, 308, 309, 310, 311, 312, 313, 314, 315, 316, 317, 318, 319, 320, 321, 322, 323, 324, 325, 326, 327, 328, 329, 330, 331, 332, 333, 334, 335, 336, 337, 574, 575, 576, 577, 578, 579, 580, 581, 582, 583, 584, 585, 586, 587, 588, 589, 590, 591, 592, 593, 594, 595, 596, 597, 598, 599, 600, 601, 602, 603, 604, 605, 606, 607, 608, 609, 610, 611, 612, 613, 614, 615, 616, 617, 618, 619, 620, 621, 622, 623, 624, 625, 626, 627, 628, 629, 630, 631, 632, 633, 634, 635, 636, 637, 638, 639, 640, 641, 642, 643, 644, 645, 646, 647, 648, 649, 650, 651, 652, 653, 654, 655, 656, 657, 658, 659, 660, 661, 662, 663, 664, 665, 666, 667, 668, 669, 670, 671, 672, 673, 674, 675, 676, 677, 678, 679, 680, 681, 682, 683, 684, 685, 686, 687, 688, 689, 690, 691, 692, 693, 694, 695, 696, 697, 698, 699, 700, 701, 702, 703, 704, 705, 706, 707, 708, 709, 710, 711, 712, 713, 714, 715, 716, 717, 718, 719, 720, 721, 722, 723, 724, 725, 726, 727, 728, 729, 730, 731, 732, 733, 734, 735, 736, 737, 738, 739, 740, 741, 742, 743, 744, 745, 746, 747, 748, 749, 750, 751, 752, 753, 754, 755, 756, 757, 758, 759, 760, 761, 762, 763, 764, 765, 766, 767, 768, 769, 770, 771, 772, 773, 774, 775, 776, 777, 778, 779, 780, 781, 782, 783, 784, 785, 786, 787, 788, 789, 790, 791, 792, 793]","[106, 135, 278, 288, 577, 606, 625, 737, 747]","[106, 278, 577, 737]","[10, 75, 103, 104, 106, 117, 118, 120, 127, 128, 129, 131, 133, 135, 136, 137, 139, 146, 147, 148, 149, 151, 158, 160, 162, 166, 173, 178, 179, 185, 190, 192, 198, 201, 203, 204, 206, 207, 212, 213, 214, 219, 223, 224, 225, 227, 230, 235, 237, 246, 247, 256, 259, 262, 263, 266, 268, 269, 271, 272, 278, 279, 284, 285, 288, 290, 292, 304, 306, 312, 316, 319, 320, 323, 324, 329, 332, 335, 495, 549, 574, 575, 577, 588, 589, 591, 598, 599, 600, 602, 604, 606, 607, 608, 610, 617, 618, 619, 620, 622, 625, 630, 632, 634, 638, 644, 649, 650, 656, 661, 663, 669, 673, 674, 676, 677, 682, 683, 684, 687, 688, 689, 691, 694, 699, 701, 710, 718, 722, 723, 727, 728, 730, 731, 737, 738, 743, 744, 747, 749, 751, 762, 764, 770, 774, 777, 778, 781, 782, 789, 791]","[12, 24, 25, 28, 88, 100, 104, 119, 123, 129, 136, 137, 139, 140, 141, 148, 154, 155, 169, 172, 179, 183, 185, 188, 196, 198, 217, 237, 267, 270, 278, 319, 321, 324, 325, 330, 334, 335, 354, 366, 369, 380, 383, 384, 386, 395, 407, 411, 423, 428, 436, 437, 452, 453, 456, 467, 471, 477, 478, 479, 497, 508, 511, 559, 571, 575, 590, 594, 600, 607, 608, 610, 611, 612, 619, 626, 627, 640, 643, 650, 654, 656, 659, 667, 669, 685, 701, 726, 729, 737, 777, 779, 782, 783, 787, 790, 791, 809, 817, 819, 830, 833, 834, 836, 845, 856, 857, 860, 862, 875, 880, 887, 888, 899, 900, 914, 918, 921, 928, 929, 930]","[12, 24, 25, 28, 88, 100, 104, 119, 123, 129, 136, 137, 139, 140, 141, 148, 155, 169, 172, 179, 183, 185, 188, 196, 198, 217, 237, 267, 270, 278, 319, 321, 324, 325, 330, 334, 335, 354, 366, 369, 380, 383, 384, 386, 395, 407, 411, 423, 428, 436, 437, 452, 453, 456, 467, 471, 477, 478, 479, 497, 508, 511, 559, 571, 575, 590, 594, 600, 607, 608, 610, 611, 612, 619, 627, 640, 643, 650, 654, 656, 659, 667, 669, 685, 701, 726, 729, 737, 777, 779, 782, 783, 787, 790, 791, 809, 817, 819, 830, 833, 834, 836, 845, 856, 857, 860, 862, 875, 880, 887, 888, 899, 900, 914, 918, 921, 928, 929, 930]",7/6 successful match,True,,False,336,False,,1.0,True,RVJ's Truck 127 Stop ( Chestnut ( Chevron ) NB / Central SB ),Chevron
"Salinas , 93901 Valley Truck Stop",831-754-1303 US 101 & Airport Blvd W ( N on Terven ),) M,Salinas,93901,Valley Truck Stop,831-754-1303,2006,Salinas,CA,,( N on Terven ),US 101 & Airport Blvd W,empty,,False,,False,US 101,Blvd W,,,,"[784, 326]","[252, 326, 715, 784]","[110, 216, 252, 326, 580, 715, 784]",[],"[103, 104, 105, 106, 107, 108, 109, 110, 111, 112, 113, 114, 115, 116, 117, 118, 119, 120, 121, 122, 123, 124, 125, 126, 127, 128, 129, 130, 131, 132, 133, 134, 135, 136, 137, 138, 139, 140, 141, 142, 143, 144, 145, 146, 147, 148, 149, 150, 151, 152, 153, 154, 155, 156, 157, 158, 159, 160, 161, 162, 163, 164, 165, 166, 167, 168, 169, 170, 171, 172, 173, 174, 175, 176, 177, 178, 179, 180, 181, 182, 183, 184, 185, 186, 187, 188, 189, 190, 191, 192, 193, 194, 195, 196, 197, 198, 199, 200, 201, 202, 203, 204, 205, 206, 207, 208, 209, 210, 211, 212, 213, 214, 215, 216, 217, 218, 219, 220, 221, 222, 223, 224, 225, 226, 227, 228, 229, 230, 231, 232, 233, 234, 235, 236, 237, 238, 239, 240, 241, 242, 243, 244, 245, 246, 247, 248, 249, 250, 251, 252, 253, 254, 255, 256, 257, 258, 259, 260, 261, 262, 263, 264, 265, 266, 267, 268, 269, 270, 271, 272, 273, 274, 275, 276, 277, 278, 279, 280, 281, 282, 283, 284, 285, 286, 287, 288, 289, 290, 291, 292, 293, 294, 295, 296, 297, 298, 299, 300, 301, 302, 303, 304, 305, 306, 307, 308, 309, 310, 311, 312, 313, 314, 315, 316, 317, 318, 319, 320, 321, 322, 323, 324, 325, 326, 327, 328, 329, 330, 331, 332, 333, 334, 335, 336, 337, 574, 575, 576, 577, 578, 579, 580, 581, 582, 583, 584, 585, 586, 587, 588, 589, 590, 591, 592, 593, 594, 595, 596, 597, 598, 599, 600, 601, 602, 603, 604, 605, 606, 607, 608, 609, 610, 611, 612, 613, 614, 615, 616, 617, 618, 619, 620, 621, 622, 623, 624, 625, 626, 627, 628, 629, 630, 631, 632, 633, 634, 635, 636, 637, 638, 639, 640, 641, 642, 643, 644, 645, 646, 647, 648, 649, 650, 651, 652, 653, 654, 655, 656, 657, 658, 659, 660, 661, 662, 663, 664, 665, 666, 667, 668, 669, 670, 671, 672, 673, 674, 675, 676, 677, 678, 679, 680, 681, 682, 683, 684, 685, 686, 687, 688, 689, 690, 691, 692, 693, 694, 695, 696, 697, 698, 699, 700, 701, 702, 703, 704, 705, 706, 707, 708, 709, 710, 711, 712, 713, 714, 715, 716, 717, 718, 719, 720, 721, 722, 723, 724, 725, 726, 727, 728, 729, 730, 731, 732, 733, 734, 735, 736, 737, 738, 739, 740, 741, 742, 743, 744, 745, 746, 747, 748, 749, 750, 751, 752, 753, 754, 755, 756, 757, 758, 759, 760, 761, 762, 763, 764, 765, 766, 767, 768, 769, 770, 771, 772, 773, 774, 775, 776, 777, 778, 779, 780, 781, 782, 783, 784, 785, 786, 787, 788, 789, 790, 791, 792, 793]","[15, 91, 107, 110, 113, 123, 132, 136, 193, 216, 218, 252, 274, 275, 281, 286, 293, 302, 325, 326, 500, 562, 578, 580, 583, 594, 603, 607, 664, 686, 715, 733, 734, 740, 745, 752, 760, 783, 784]",[],"[154, 218, 279, 321, 322, 323, 324, 325, 326, 394, 401, 626, 686, 738, 779, 780, 781, 782, 783, 784, 844, 850]","[15, 91, 103, 104, 105, 106, 107, 108, 109, 110, 111, 112, 113, 114, 115, 116, 117, 118, 119, 120, 121, 122, 123, 124, 125, 126, 127, 128, 129, 130, 131, 132, 133, 134, 135, 136, 137, 138, 139, 140, 141, 142, 143, 144, 145, 146, 147, 148, 149, 150, 151, 152, 153, 154, 155, 156, 157, 158, 159, 160, 161, 162, 163, 164, 165, 166, 167, 168, 169, 170, 171, 172, 173, 174, 175, 176, 177, 178, 179, 180, 181, 182, 183, 184, 185, 186, 187, 188, 189, 190, 191, 192, 193, 194, 195, 196, 197, 198, 199, 200, 201, 202, 203, 204, 205, 206, 207, 208, 209, 210, 211, 212, 213, 214, 215, 216, 217, 218, 219, 220, 221, 222, 223, 224, 225, 226, 227, 228, 229, 230, 231, 232, 233, 234, 235, 236, 237, 238, 239, 240, 241, 242, 243, 244, 245, 246, 247, 248, 249, 250, 251, 252, 253, 254, 255, 256, 257, 258, 259, 260, 261, 262, 263, 264, 265, 266, 267, 268, 269, 270, 271, 272, 273, 274, 275, 276, 277, 278, 279, 280, 281, 282, 283, 284, 285, 286, 287, 288, 289, 290, 291, 292, 293, 294, 295, 296, 297, 298, 299, 300, 301, 302, 303, 304, 305, 306, 307, 308, 309, 310, 311, 312, 313, 314, 315, 316, 317, 318, 319, 320, 321, 322, 323, 324, 325, 326, 327, 328, 329, 330, 331, 332, 333, 334, 335, 336, 337, 394, 401, 500, 562, 574, 575, 576, 577, 578, 579, 580, 581, 582, 583, 584, 585, 586, 587, 588, 589, 590, 591, 592, 593, 594, 595, 596, 597, 598, 599, 600, 601, 602, 603, 604, 605, 606, 607, 608, 609, 610, 611, 612, 613, 614, 615, 616, 617, 618, 619, 620, 621, 622, 623, 624, 625, 626, 627, 628, 629, 630, 631, 632, 633, 634, 635, 636, 637, 638, 639, 640, 641, 642, 643, 644, 645, 646, 647, 648, 649, 650, 651, 652, 653, 654, 655, 656, 657, 658, 659, 660, 661, 662, 663, 664, 665, 666, 667, 668, 669, 670, 671, 672, 673, 674, 675, 676, 677, 678, 679, 680, 681, 682, 683, 684, 685, 686, 687, 688, 689, 690, 691, 692, 693, 694, 695, 696, 697, 698, 699, 700, 701, 702, 703, 704, 705, 706, 707, 708, 709, 710, 711, 712, 713, 714, 715, 716, 717, 718, 719, 720, 721, 722, 723, 724, 725, 726, 727, 728, 729, 730, 731, 732, 733, 734, 735, 736, 737, 738, 739, 740, 741, 742, 743, 744, 745, 746, 747, 748, 749, 750, 751, 752, 753, 754, 755, 756, 757, 758, 759, 760, 761, 762, 763, 764, 765, 766, 767, 768, 769, 770, 771, 772, 773, 774, 775, 776, 777, 778, 779, 780, 781, 782, 783, 784, 785, 786, 787, 788, 789, 790, 791, 792, 793, 844, 850]",True,"[252, 326, 715, 784]","[103, 104, 105, 106, 107, 108, 109, 110, 111, 112, 113, 114, 115, 116, 117, 118, 119, 120, 121, 122, 123, 124, 125, 126, 127, 128, 129, 130, 131, 132, 133, 134, 135, 136, 137, 138, 139, 140, 141, 142, 143, 144, 145, 146, 147, 148, 149, 150, 151, 152, 153, 154, 155, 156, 157, 158, 159, 160, 161, 162, 163, 164, 165, 166, 167, 168, 169, 170, 171, 172, 173, 174, 175, 176, 177, 178, 179, 180, 181, 182, 183, 184, 185, 186, 187, 188, 189, 190, 191, 192, 193, 194, 195, 196, 197, 198, 199, 200, 201, 202, 203, 204, 205, 206, 207, 208, 209, 210, 211, 212, 213, 214, 215, 216, 217, 218, 219, 220, 221, 222, 223, 224, 225, 226, 227, 228, 229, 230, 231, 232, 233, 234, 235, 236, 237, 238, 239, 240, 241, 242, 243, 244, 245, 246, 247, 248, 249, 250, 251, 252, 253, 254, 255, 256, 257, 258, 259, 260, 261, 262, 263, 264, 265, 266, 267, 268, 269, 270, 271, 272, 273, 274, 275, 276, 277, 278, 279, 280, 281, 282, 283, 284, 285, 286, 287, 288, 289, 290, 291, 292, 293, 294, 295, 296, 297, 298, 299, 300, 301, 302, 303, 304, 305, 306, 307, 308, 309, 310, 311, 312, 313, 314, 315, 316, 317, 318, 319, 320, 321, 322, 323, 324, 325, 326, 327, 328, 329, 330, 331, 332, 333, 334, 335, 336, 337, 574, 575, 576, 577, 578, 579, 580, 581, 582, 583, 584, 585, 586, 587, 588, 589, 590, 591, 592, 593, 594, 595, 596, 597, 598, 599, 600, 601, 602, 603, 604, 605, 606, 607, 608, 609, 610, 611, 612, 613, 614, 615, 616, 617, 618, 619, 620, 621, 622, 623, 624, 625, 626, 627, 628, 629, 630, 631, 632, 633, 634, 635, 636, 637, 638, 639, 640, 641, 642, 643, 644, 645, 646, 647, 648, 649, 650, 651, 652, 653, 654, 655, 656, 657, 658, 659, 660, 661, 662, 663, 664, 665, 666, 667, 668, 669, 670, 671, 672, 673, 674, 675, 676, 677, 678, 679, 680, 681, 682, 683, 684, 685, 686, 687, 688, 689, 690, 691, 692, 693, 694, 695, 696, 697, 698, 699, 700, 701, 702, 703, 704, 705, 706, 707, 708, 709, 710, 711, 712, 713, 714, 715, 716, 717, 718, 719, 720, 721, 722, 723, 724, 725, 726, 727, 728, 729, 730, 731, 732, 733, 734, 735, 736, 737, 738, 739, 740, 741, 742, 743, 744, 745, 746, 747, 748, 749, 750, 751, 752, 753, 754, 755, 756, 757, 758, 759, 760, 761, 762, 763, 764, 765, 766, 767, 768, 769, 770, 771, 772, 773, 774, 775, 776, 777, 778, 779, 780, 781, 782, 783, 784, 785, 786, 787, 788, 789, 790, 791, 792, 793]","[110, 216, 252, 326, 580, 715, 784]",[],"[15, 91, 107, 110, 113, 123, 132, 136, 193, 216, 218, 252, 274, 275, 281, 286, 293, 302, 325, 326, 500, 562, 578, 580, 583, 594, 603, 607, 664, 686, 715, 733, 734, 740, 745, 752, 760, 783, 784]","[154, 218, 279, 321, 322, 323, 324, 325, 326, 394, 401, 626, 686, 738, 779, 780, 781, 782, 783, 784, 844, 850]",[],7/6 successful match,True,"[133, 134]",True,337,False,,,,,
"F Salinas , 93901 Valley Truck Stop",831-754-1303 US 101 & Airport Blvd W ( N on Terven ),) 0,Salinas,93901,Valley Truck Stop,831-754-1303,2007,Salinas,CA,,( N on Terven ),US 101 & Airport Blvd W,empty,,False,,False,US 101,Blvd W,,,,"[784, 326]","[252, 326, 715, 784]","[110, 216, 252, 326, 580, 715, 784]",[],"[103, 104, 105, 106, 107, 108, 109, 110, 111, 112, 113, 114, 115, 116, 117, 118, 119, 120, 121, 122, 123, 124, 125, 126, 127, 128, 129, 130, 131, 132, 133, 134, 135, 136, 137, 138, 139, 140, 141, 142, 143, 144, 145, 146, 147, 148, 149, 150, 151, 152, 153, 154, 155, 156, 157, 158, 159, 160, 161, 162, 163, 164, 165, 166, 167, 168, 169, 170, 171, 172, 173, 174, 175, 176, 177, 178, 179, 180, 181, 182, 183, 184, 185, 186, 187, 188, 189, 190, 191, 192, 193, 194, 195, 196, 197, 198, 199, 200, 201, 202, 203, 204, 205, 206, 207, 208, 209, 210, 211, 212, 213, 214, 215, 216, 217, 218, 219, 220, 221, 222, 223, 224, 225, 226, 227, 228, 229, 230, 231, 232, 233, 234, 235, 236, 237, 238, 239, 240, 241, 242, 243, 244, 245, 246, 247, 248, 249, 250, 251, 252, 253, 254, 255, 256, 257, 258, 259, 260, 261, 262, 263, 264, 265, 266, 267, 268, 269, 270, 271, 272, 273, 274, 275, 276, 277, 278, 279, 280, 281, 282, 283, 284, 285, 286, 287, 288, 289, 290, 291, 292, 293, 294, 295, 296, 297, 298, 299, 300, 301, 302, 303, 304, 305, 306, 307, 308, 309, 310, 311, 312, 313, 314, 315, 316, 317, 318, 319, 320, 321, 322, 323, 324, 325, 326, 327, 328, 329, 330, 331, 332, 333, 334, 335, 336, 337, 574, 575, 576, 577, 578, 579, 580, 581, 582, 583, 584, 585, 586, 587, 588, 589, 590, 591, 592, 593, 594, 595, 596, 597, 598, 599, 600, 601, 602, 603, 604, 605, 606, 607, 608, 609, 610, 611, 612, 613, 614, 615, 616, 617, 618, 619, 620, 621, 622, 623, 624, 625, 626, 627, 628, 629, 630, 631, 632, 633, 634, 635, 636, 637, 638, 639, 640, 641, 642, 643, 644, 645, 646, 647, 648, 649, 650, 651, 652, 653, 654, 655, 656, 657, 658, 659, 660, 661, 662, 663, 664, 665, 666, 667, 668, 669, 670, 671, 672, 673, 674, 675, 676, 677, 678, 679, 680, 681, 682, 683, 684, 685, 686, 687, 688, 689, 690, 691, 692, 693, 694, 695, 696, 697, 698, 699, 700, 701, 702, 703, 704, 705, 706, 707, 708, 709, 710, 711, 712, 713, 714, 715, 716, 717, 718, 719, 720, 721, 722, 723, 724, 725, 726, 727, 728, 729, 730, 731, 732, 733, 734, 735, 736, 737, 738, 739, 740, 741, 742, 743, 744, 745, 746, 747, 748, 749, 750, 751, 752, 753, 754, 755, 756, 757, 758, 759, 760, 761, 762, 763, 764, 765, 766, 767, 768, 769, 770, 771, 772, 773, 774, 775, 776, 777, 778, 779, 780, 781, 782, 783, 784, 785, 786, 787, 788, 789, 790, 791, 792, 793]","[15, 91, 107, 110, 113, 123, 132, 136, 193, 216, 218, 252, 274, 275, 281, 286, 293, 302, 325, 326, 500, 562, 578, 580, 583, 594, 603, 607, 664, 686, 715, 733, 734, 740, 745, 752, 760, 783, 784]",[],"[154, 218, 279, 321, 322, 323, 324, 325, 326, 394, 401, 626, 686, 738, 779, 780, 781, 782, 783, 784, 844, 850]","[15, 91, 103, 104, 105, 106, 107, 108, 109, 110, 111, 112, 113, 114, 115, 116, 117, 118, 119, 120, 121, 122, 123, 124, 125, 126, 127, 128, 129, 130, 131, 132, 133, 134, 135, 136, 137, 138, 139, 140, 141, 142, 143, 144, 145, 146, 147, 148, 149, 150, 151, 152, 153, 154, 155, 156, 157, 158, 159, 160, 161, 162, 163, 164, 165, 166, 167, 168, 169, 170, 171, 172, 173, 174, 175, 176, 177, 178, 179, 180, 181, 182, 183, 184, 185, 186, 187, 188, 189, 190, 191, 192, 193, 194, 195, 196, 197, 198, 199, 200, 201, 202, 203, 204, 205, 206, 207, 208, 209, 210, 211, 212, 213, 214, 215, 216, 217, 218, 219, 220, 221, 222, 223, 224, 225, 226, 227, 228, 229, 230, 231, 232, 233, 234, 235, 236, 237, 238, 239, 240, 241, 242, 243, 244, 245, 246, 247, 248, 249, 250, 251, 252, 253, 254, 255, 256, 257, 258, 259, 260, 261, 262, 263, 264, 265, 266, 267, 268, 269, 270, 271, 272, 273, 274, 275, 276, 277, 278, 279, 280, 281, 282, 283, 284, 285, 286, 287, 288, 289, 290, 291, 292, 293, 294, 295, 296, 297, 298, 299, 300, 301, 302, 303, 304, 305, 306, 307, 308, 309, 310, 311, 312, 313, 314, 315, 316, 317, 318, 319, 320, 321, 322, 323, 324, 325, 326, 327, 328, 329, 330, 331, 332, 333, 334, 335, 336, 337, 394, 401, 500, 562, 574, 575, 576, 577, 578, 579, 580, 581, 582, 583, 584, 585, 586, 587, 588, 589, 590, 591, 592, 593, 594, 595, 596, 597, 598, 599, 600, 601, 602, 603, 604, 605, 606, 607, 608, 609, 610, 611, 612, 613, 614, 615, 616, 617, 618, 619, 620, 621, 622, 623, 624, 625, 626, 627, 628, 629, 630, 631, 632, 633, 634, 635, 636, 637, 638, 639, 640, 641, 642, 643, 644, 645, 646, 647, 648, 649, 650, 651, 652, 653, 654, 655, 656, 657, 658, 659, 660, 661, 662, 663, 664, 665, 666, 667, 668, 669, 670, 671, 672, 673, 674, 675, 676, 677, 678, 679, 680, 681, 682, 683, 684, 685, 686, 687, 688, 689, 690, 691, 692, 693, 694, 695, 696, 697, 698, 699, 700, 701, 702, 703, 704, 705, 706, 707, 708, 709, 710, 711, 712, 713, 714, 715, 716, 717, 718, 719, 720, 721, 722, 723, 724, 725, 726, 727, 728, 729, 730, 731, 732, 733, 734, 735, 736, 737, 738, 739, 740, 741, 742, 743, 744, 745, 746, 747, 748, 749, 750, 751, 752, 753, 754, 755, 756, 757, 758, 759, 760, 761, 762, 763, 764, 765, 766, 767, 768, 769, 770, 771, 772, 773, 774, 775, 776, 777, 778, 779, 780, 781, 782, 783, 784, 785, 786, 787, 788, 789, 790, 791, 792, 793, 844, 850]",True,"[252, 326, 715, 784]","[103, 104, 105, 106, 107, 108, 109, 110, 111, 112, 113, 114, 115, 116, 117, 118, 119, 120, 121, 122, 123, 124, 125, 126, 127, 128, 129, 130, 131, 132, 133, 134, 135, 136, 137, 138, 139, 140, 141, 142, 143, 144, 145, 146, 147, 148, 149, 150, 151, 152, 153, 154, 155, 156, 157, 158, 159, 160, 161, 162, 163, 164, 165, 166, 167, 168, 169, 170, 171, 172, 173, 174, 175, 176, 177, 178, 179, 180, 181, 182, 183, 184, 185, 186, 187, 188, 189, 190, 191, 192, 193, 194, 195, 196, 197, 198, 199, 200, 201, 202, 203, 204, 205, 206, 207, 208, 209, 210, 211, 212, 213, 214, 215, 216, 217, 218, 219, 220, 221, 222, 223, 224, 225, 226, 227, 228, 229, 230, 231, 232, 233, 234, 235, 236, 237, 238, 239, 240, 241, 242, 243, 244, 245, 246, 247, 248, 249, 250, 251, 252, 253, 254, 255, 256, 257, 258, 259, 260, 261, 262, 263, 264, 265, 266, 267, 268, 269, 270, 271, 272, 273, 274, 275, 276, 277, 278, 279, 280, 281, 282, 283, 284, 285, 286, 287, 288, 289, 290, 291, 292, 293, 294, 295, 296, 297, 298, 299, 300, 301, 302, 303, 304, 305, 306, 307, 308, 309, 310, 311, 312, 313, 314, 315, 316, 317, 318, 319, 320, 321, 322, 323, 324, 325, 326, 327, 328, 329, 330, 331, 332, 333, 334, 335, 336, 337, 574, 575, 576, 577, 578, 579, 580, 581, 582, 583, 584, 585, 586, 587, 588, 589, 590, 591, 592, 593, 594, 595, 596, 597, 598, 599, 600, 601, 602, 603, 604, 605, 606, 607, 608, 609, 610, 611, 612, 613, 614, 615, 616, 617, 618, 619, 620, 621, 622, 623, 624, 625, 626, 627, 628, 629, 630, 631, 632, 633, 634, 635, 636, 637, 638, 639, 640, 641, 642, 643, 644, 645, 646, 647, 648, 649, 650, 651, 652, 653, 654, 655, 656, 657, 658, 659, 660, 661, 662, 663, 664, 665, 666, 667, 668, 669, 670, 671, 672, 673, 674, 675, 676, 677, 678, 679, 680, 681, 682, 683, 684, 685, 686, 687, 688, 689, 690, 691, 692, 693, 694, 695, 696, 697, 698, 699, 700, 701, 702, 703, 704, 705, 706, 707, 708, 709, 710, 711, 712, 713, 714, 715, 716, 717, 718, 719, 720, 721, 722, 723, 724, 725, 726, 727, 728, 729, 730, 731, 732, 733, 734, 735, 736, 737, 738, 739, 740, 741, 742, 743, 744, 745, 746, 747, 748, 749, 750, 751, 752, 753, 754, 755, 756, 757, 758, 759, 760, 761, 762, 763, 764, 765, 766, 767, 768, 769, 770, 771, 772, 773, 774, 775, 776, 777, 778, 779, 780, 781, 782, 783, 784, 785, 786, 787, 788, 789, 790, 791, 792, 793]","[110, 216, 252, 326, 580, 715, 784]",[],"[15, 91, 107, 110, 113, 123, 132, 136, 193, 216, 218, 252, 274, 275, 281, 286, 293, 302, 325, 326, 500, 562, 578, 580, 583, 594, 603, 607, 664, 686, 715, 733, 734, 740, 745, 752, 760, 783, 784]","[154, 218, 279, 321, 322, 323, 324, 325, 326, 394, 401, 626, 686, 738, 779, 780, 781, 782, 783, 784, 844, 850]",[],7/6 successful match,True,"[133, 134]",True,337,False,,0.8999999999999999,True,Valley Truck Stop,
"F Salinas , 93901 Valley Truck W Stop Capitol )",2 831-754-1303 US 101 & Airport,) HRS M 24 <U+2610><U+2610>,Salinas,93901,Valley Truck W Stop Capitol ),831-754-1303,2008,Salinas,CA,,,US 101 & Airport,empty,,False,,False,US 101,Airport,,,,"[784, 326]","[252, 326, 715, 784]","[110, 216, 252, 326, 580, 715, 784]",[],"[103, 104, 105, 106, 107, 108, 109, 110, 111, 112, 113, 114, 115, 116, 117, 118, 119, 120, 121, 122, 123, 124, 125, 126, 127, 128, 129, 130, 131, 132, 133, 134, 135, 136, 137, 138, 139, 140, 141, 142, 143, 144, 145, 146, 147, 148, 149, 150, 151, 152, 153, 154, 155, 156, 157, 158, 159, 160, 161, 162, 163, 164, 165, 166, 167, 168, 169, 170, 171, 172, 173, 174, 175, 176, 177, 178, 179, 180, 181, 182, 183, 184, 185, 186, 187, 188, 189, 190, 191, 192, 193, 194, 195, 196, 197, 198, 199, 200, 201, 202, 203, 204, 205, 206, 207, 208, 209, 210, 211, 212, 213, 214, 215, 216, 217, 218, 219, 220, 221, 222, 223, 224, 225, 226, 227, 228, 229, 230, 231, 232, 233, 234, 235, 236, 237, 238, 239, 240, 241, 242, 243, 244, 245, 246, 247, 248, 249, 250, 251, 252, 253, 254, 255, 256, 257, 258, 259, 260, 261, 262, 263, 264, 265, 266, 267, 268, 269, 270, 271, 272, 273, 274, 275, 276, 277, 278, 279, 280, 281, 282, 283, 284, 285, 286, 287, 288, 289, 290, 291, 292, 293, 294, 295, 296, 297, 298, 299, 300, 301, 302, 303, 304, 305, 306, 307, 308, 309, 310, 311, 312, 313, 314, 315, 316, 317, 318, 319, 320, 321, 322, 323, 324, 325, 326, 327, 328, 329, 330, 331, 332, 333, 334, 335, 336, 337, 574, 575, 576, 577, 578, 579, 580, 581, 582, 583, 584, 585, 586, 587, 588, 589, 590, 591, 592, 593, 594, 595, 596, 597, 598, 599, 600, 601, 602, 603, 604, 605, 606, 607, 608, 609, 610, 611, 612, 613, 614, 615, 616, 617, 618, 619, 620, 621, 622, 623, 624, 625, 626, 627, 628, 629, 630, 631, 632, 633, 634, 635, 636, 637, 638, 639, 640, 641, 642, 643, 644, 645, 646, 647, 648, 649, 650, 651, 652, 653, 654, 655, 656, 657, 658, 659, 660, 661, 662, 663, 664, 665, 666, 667, 668, 669, 670, 671, 672, 673, 674, 675, 676, 677, 678, 679, 680, 681, 682, 683, 684, 685, 686, 687, 688, 689, 690, 691, 692, 693, 694, 695, 696, 697, 698, 699, 700, 701, 702, 703, 704, 705, 706, 707, 708, 709, 710, 711, 712, 713, 714, 715, 716, 717, 718, 719, 720, 721, 722, 723, 724, 725, 726, 727, 728, 729, 730, 731, 732, 733, 734, 735, 736, 737, 738, 739, 740, 741, 742, 743, 744, 745, 746, 747, 748, 749, 750, 751, 752, 753, 754, 755, 756, 757, 758, 759, 760, 761, 762, 763, 764, 765, 766, 767, 768, 769, 770, 771, 772, 773, 774, 775, 776, 777, 778, 779, 780, 781, 782, 783, 784, 785, 786, 787, 788, 789, 790, 791, 792, 793]","[15, 91, 107, 110, 113, 123, 132, 136, 193, 216, 218, 252, 274, 275, 281, 286, 293, 302, 325, 326, 500, 562, 578, 580, 583, 594, 603, 607, 664, 686, 715, 733, 734, 740, 745, 752, 760, 783, 784]",[],"[154, 218, 279, 321, 322, 323, 324, 325, 326, 394, 401, 626, 686, 738, 779, 780, 781, 782, 783, 784, 844, 850]","[15, 91, 103, 104, 105, 106, 107, 108, 109, 110, 111, 112, 113, 114, 115, 116, 117, 118, 119, 120, 121, 122, 123, 124, 125, 126, 127, 128, 129, 130, 131, 132, 133, 134, 135, 136, 137, 138, 139, 140, 141, 142, 143, 144, 145, 146, 147, 148, 149, 150, 151, 152, 153, 154, 155, 156, 157, 158, 159, 160, 161, 162, 163, 164, 165, 166, 167, 168, 169, 170, 171, 172, 173, 174, 175, 176, 177, 178, 179, 180, 181, 182, 183, 184, 185, 186, 187, 188, 189, 190, 191, 192, 193, 194, 195, 196, 197, 198, 199, 200, 201, 202, 203, 204, 205, 206, 207, 208, 209, 210, 211, 212, 213, 214, 215, 216, 217, 218, 219, 220, 221, 222, 223, 224, 225, 226, 227, 228, 229, 230, 231, 232, 233, 234, 235, 236, 237, 238, 239, 240, 241, 242, 243, 244, 245, 246, 247, 248, 249, 250, 251, 252, 253, 254, 255, 256, 257, 258, 259, 260, 261, 262, 263, 264, 265, 266, 267, 268, 269, 270, 271, 272, 273, 274, 275, 276, 277, 278, 279, 280, 281, 282, 283, 284, 285, 286, 287, 288, 289, 290, 291, 292, 293, 294, 295, 296, 297, 298, 299, 300, 301, 302, 303, 304, 305, 306, 307, 308, 309, 310, 311, 312, 313, 314, 315, 316, 317, 318, 319, 320, 321, 322, 323, 324, 325, 326, 327, 328, 329, 330, 331, 332, 333, 334, 335, 336, 337, 394, 401, 500, 562, 574, 575, 576, 577, 578, 579, 580, 581, 582, 583, 584, 585, 586, 587, 588, 589, 590, 591, 592, 593, 594, 595, 596, 597, 598, 599, 600, 601, 602, 603, 604, 605, 606, 607, 608, 609, 610, 611, 612, 613, 614, 615, 616, 617, 618, 619, 620, 621, 622, 623, 624, 625, 626, 627, 628, 629, 630, 631, 632, 633, 634, 635, 636, 637, 638, 639, 640, 641, 642, 643, 644, 645, 646, 647, 648, 649, 650, 651, 652, 653, 654, 655, 656, 657, 658, 659, 660, 661, 662, 663, 664, 665, 666, 667, 668, 669, 670, 671, 672, 673, 674, 675, 676, 677, 678, 679, 680, 681, 682, 683, 684, 685, 686, 687, 688, 689, 690, 691, 692, 693, 694, 695, 696, 697, 698, 699, 700, 701, 702, 703, 704, 705, 706, 707, 708, 709, 710, 711, 712, 713, 714, 715, 716, 717, 718, 719, 720, 721, 722, 723, 724, 725, 726, 727, 728, 729, 730, 731, 732, 733, 734, 735, 736, 737, 738, 739, 740, 741, 742, 743, 744, 745, 746, 747, 748, 749, 750, 751, 752, 753, 754, 755, 756, 757, 758, 759, 760, 761, 762, 763, 764, 765, 766, 767, 768, 769, 770, 771, 772, 773, 774, 775, 776, 777, 778, 779, 780, 781, 782, 783, 784, 785, 786, 787, 788, 789, 790, 791, 792, 793, 844, 850]",True,"[252, 326, 715, 784]","[103, 104, 105, 106, 107, 108, 109, 110, 111, 112, 113, 114, 115, 116, 117, 118, 119, 120, 121, 122, 123, 124, 125, 126, 127, 128, 129, 130, 131, 132, 133, 134, 135, 136, 137, 138, 139, 140, 141, 142, 143, 144, 145, 146, 147, 148, 149, 150, 151, 152, 153, 154, 155, 156, 157, 158, 159, 160, 161, 162, 163, 164, 165, 166, 167, 168, 169, 170, 171, 172, 173, 174, 175, 176, 177, 178, 179, 180, 181, 182, 183, 184, 185, 186, 187, 188, 189, 190, 191, 192, 193, 194, 195, 196, 197, 198, 199, 200, 201, 202, 203, 204, 205, 206, 207, 208, 209, 210, 211, 212, 213, 214, 215, 216, 217, 218, 219, 220, 221, 222, 223, 224, 225, 226, 227, 228, 229, 230, 231, 232, 233, 234, 235, 236, 237, 238, 239, 240, 241, 242, 243, 244, 245, 246, 247, 248, 249, 250, 251, 252, 253, 254, 255, 256, 257, 258, 259, 260, 261, 262, 263, 264, 265, 266, 267, 268, 269, 270, 271, 272, 273, 274, 275, 276, 277, 278, 279, 280, 281, 282, 283, 284, 285, 286, 287, 288, 289, 290, 291, 292, 293, 294, 295, 296, 297, 298, 299, 300, 301, 302, 303, 304, 305, 306, 307, 308, 309, 310, 311, 312, 313, 314, 315, 316, 317, 318, 319, 320, 321, 322, 323, 324, 325, 326, 327, 328, 329, 330, 331, 332, 333, 334, 335, 336, 337, 574, 575, 576, 577, 578, 579, 580, 581, 582, 583, 584, 585, 586, 587, 588, 589, 590, 591, 592, 593, 594, 595, 596, 597, 598, 599, 600, 601, 602, 603, 604, 605, 606, 607, 608, 609, 610, 611, 612, 613, 614, 615, 616, 617, 618, 619, 620, 621, 622, 623, 624, 625, 626, 627, 628, 629, 630, 631, 632, 633, 634, 635, 636, 637, 638, 639, 640, 641, 642, 643, 644, 645, 646, 647, 648, 649, 650, 651, 652, 653, 654, 655, 656, 657, 658, 659, 660, 661, 662, 663, 664, 665, 666, 667, 668, 669, 670, 671, 672, 673, 674, 675, 676, 677, 678, 679, 680, 681, 682, 683, 684, 685, 686, 687, 688, 689, 690, 691, 692, 693, 694, 695, 696, 697, 698, 699, 700, 701, 702, 703, 704, 705, 706, 707, 708, 709, 710, 711, 712, 713, 714, 715, 716, 717, 718, 719, 720, 721, 722, 723, 724, 725, 726, 727, 728, 729, 730, 731, 732, 733, 734, 735, 736, 737, 738, 739, 740, 741, 742, 743, 744, 745, 746, 747, 748, 749, 750, 751, 752, 753, 754, 755, 756, 757, 758, 759, 760, 761, 762, 763, 764, 765, 766, 767, 768, 769, 770, 771, 772, 773, 774, 775, 776, 777, 778, 779, 780, 781, 782, 783, 784, 785, 786, 787, 788, 789, 790, 791, 792, 793]","[110, 216, 252, 326, 580, 715, 784]",[],"[15, 91, 107, 110, 113, 123, 132, 136, 193, 216, 218, 252, 274, 275, 281, 286, 293, 302, 325, 326, 500, 562, 578, 580, 583, 594, 603, 607, 664, 686, 715, 733, 734, 740, 745, 752, 760, 783, 784]","[154, 218, 279, 321, 322, 323, 324, 325, 326, 394, 401, 626, 686, 738, 779, 780, 781, 782, 783, 784, 844, 850]",[],7/6 successful match,True,"[133, 134]",True,337,False,,0.6217391304347826,True,Valley Truck Stop,
F Salinas ( 93901 ) Valley Truck Stop,2 831-754-1303 US 101 Exit 326 A ( W then N on Terven ),) <U+2610><U+2610>,Salinas,93901,Valley Truck Stop,831-754-1303,2014,Salinas,CA,,( W then N on Terven ),US 101 Exit 326 A ,Exit,326,False,,False,US 101,,,,,"[784, 326]","[252, 326, 715, 784]","[110, 216, 252, 326, 580, 715, 784]","[110, 216, 252, 326, 580, 715, 784]","[103, 104, 105, 106, 107, 108, 109, 110, 111, 112, 113, 114, 115, 116, 117, 118, 119, 120, 121, 122, 123, 124, 125, 126, 127, 128, 129, 130, 131, 132, 133, 134, 135, 136, 137, 138, 139, 140, 141, 142, 143, 144, 145, 146, 147, 148, 149, 150, 151, 152, 153, 154, 155, 156, 157, 158, 159, 160, 161, 162, 163, 164, 165, 166, 167, 168, 169, 170, 171, 172, 173, 174, 175, 176, 177, 178, 179, 180, 181, 182, 183, 184, 185, 186, 187, 188, 189, 190, 191, 192, 193, 194, 195, 196, 197, 198, 199, 200, 201, 202, 203, 204, 205, 206, 207, 208, 209, 210, 211, 212, 213, 214, 215, 216, 217, 218, 219, 220, 221, 222, 223, 224, 225, 226, 227, 228, 229, 230, 231, 232, 233, 234, 235, 236, 237, 238, 239, 240, 241, 242, 243, 244, 245, 246, 247, 248, 249, 250, 251, 252, 253, 254, 255, 256, 257, 258, 259, 260, 261, 262, 263, 264, 265, 266, 267, 268, 269, 270, 271, 272, 273, 274, 275, 276, 277, 278, 279, 280, 281, 282, 283, 284, 285, 286, 287, 288, 289, 290, 291, 292, 293, 294, 295, 296, 297, 298, 299, 300, 301, 302, 303, 304, 305, 306, 307, 308, 309, 310, 311, 312, 313, 314, 315, 316, 317, 318, 319, 320, 321, 322, 323, 324, 325, 326, 327, 328, 329, 330, 331, 332, 333, 334, 335, 336, 337, 574, 575, 576, 577, 578, 579, 580, 581, 582, 583, 584, 585, 586, 587, 588, 589, 590, 591, 592, 593, 594, 595, 596, 597, 598, 599, 600, 601, 602, 603, 604, 605, 606, 607, 608, 609, 610, 611, 612, 613, 614, 615, 616, 617, 618, 619, 620, 621, 622, 623, 624, 625, 626, 627, 628, 629, 630, 631, 632, 633, 634, 635, 636, 637, 638, 639, 640, 641, 642, 643, 644, 645, 646, 647, 648, 649, 650, 651, 652, 653, 654, 655, 656, 657, 658, 659, 660, 661, 662, 663, 664, 665, 666, 667, 668, 669, 670, 671, 672, 673, 674, 675, 676, 677, 678, 679, 680, 681, 682, 683, 684, 685, 686, 687, 688, 689, 690, 691, 692, 693, 694, 695, 696, 697, 698, 699, 700, 701, 702, 703, 704, 705, 706, 707, 708, 709, 710, 711, 712, 713, 714, 715, 716, 717, 718, 719, 720, 721, 722, 723, 724, 725, 726, 727, 728, 729, 730, 731, 732, 733, 734, 735, 736, 737, 738, 739, 740, 741, 742, 743, 744, 745, 746, 747, 748, 749, 750, 751, 752, 753, 754, 755, 756, 757, 758, 759, 760, 761, 762, 763, 764, 765, 766, 767, 768, 769, 770, 771, 772, 773, 774, 775, 776, 777, 778, 779, 780, 781, 782, 783, 784, 785, 786, 787, 788, 789, 790, 791, 792, 793]","[15, 91, 107, 110, 113, 123, 132, 136, 193, 216, 218, 252, 274, 275, 281, 286, 293, 302, 325, 326, 500, 562, 578, 580, 583, 594, 603, 607, 664, 686, 715, 733, 734, 740, 745, 752, 760, 783, 784]",[],"[154, 218, 279, 321, 322, 323, 324, 325, 326, 394, 401, 626, 686, 738, 779, 780, 781, 782, 783, 784, 844, 850]","[15, 91, 103, 104, 105, 106, 107, 108, 109, 110, 111, 112, 113, 114, 115, 116, 117, 118, 119, 120, 121, 122, 123, 124, 125, 126, 127, 128, 129, 130, 131, 132, 133, 134, 135, 136, 137, 138, 139, 140, 141, 142, 143, 144, 145, 146, 147, 148, 149, 150, 151, 152, 153, 154, 155, 156, 157, 158, 159, 160, 161, 162, 163, 164, 165, 166, 167, 168, 169, 170, 171, 172, 173, 174, 175, 176, 177, 178, 179, 180, 181, 182, 183, 184, 185, 186, 187, 188, 189, 190, 191, 192, 193, 194, 195, 196, 197, 198, 199, 200, 201, 202, 203, 204, 205, 206, 207, 208, 209, 210, 211, 212, 213, 214, 215, 216, 217, 218, 219, 220, 221, 222, 223, 224, 225, 226, 227, 228, 229, 230, 231, 232, 233, 234, 235, 236, 237, 238, 239, 240, 241, 242, 243, 244, 245, 246, 247, 248, 249, 250, 251, 252, 253, 254, 255, 256, 257, 258, 259, 260, 261, 262, 263, 264, 265, 266, 267, 268, 269, 270, 271, 272, 273, 274, 275, 276, 277, 278, 279, 280, 281, 282, 283, 284, 285, 286, 287, 288, 289, 290, 291, 292, 293, 294, 295, 296, 297, 298, 299, 300, 301, 302, 303, 304, 305, 306, 307, 308, 309, 310, 311, 312, 313, 314, 315, 316, 317, 318, 319, 320, 321, 322, 323, 324, 325, 326, 327, 328, 329, 330, 331, 332, 333, 334, 335, 336, 337, 394, 401, 500, 562, 574, 575, 576, 577, 578, 579, 580, 581, 582, 583, 584, 585, 586, 587, 588, 589, 590, 591, 592, 593, 594, 595, 596, 597, 598, 599, 600, 601, 602, 603, 604, 605, 606, 607, 608, 609, 610, 611, 612, 613, 614, 615, 616, 617, 618, 619, 620, 621, 622, 623, 624, 625, 626, 627, 628, 629, 630, 631, 632, 633, 634, 635, 636, 637, 638, 639, 640, 641, 642, 643, 644, 645, 646, 647, 648, 649, 650, 651, 652, 653, 654, 655, 656, 657, 658, 659, 660, 661, 662, 663, 664, 665, 666, 667, 668, 669, 670, 671, 672, 673, 674, 675, 676, 677, 678, 679, 680, 681, 682, 683, 684, 685, 686, 687, 688, 689, 690, 691, 692, 693, 694, 695, 696, 697, 698, 699, 700, 701, 702, 703, 704, 705, 706, 707, 708, 709, 710, 711, 712, 713, 714, 715, 716, 717, 718, 719, 720, 721, 722, 723, 724, 725, 726, 727, 728, 729, 730, 731, 732, 733, 734, 735, 736, 737, 738, 739, 740, 741, 742, 743, 744, 745, 746, 747, 748, 749, 750, 751, 752, 753, 754, 755, 756, 757, 758, 759, 760, 761, 762, 763, 764, 765, 766, 767, 768, 769, 770, 771, 772, 773, 774, 775, 776, 777, 778, 779, 780, 781, 782, 783, 784, 785, 786, 787, 788, 789, 790, 791, 792, 793, 844, 850]",True,"[252, 326, 715, 784]","[103, 104, 105, 106, 107, 108, 109, 110, 111, 112, 113, 114, 115, 116, 117, 118, 119, 120, 121, 122, 123, 124, 125, 126, 127, 128, 129, 130, 131, 132, 133, 134, 135, 136, 137, 138, 139, 140, 141, 142, 143, 144, 145, 146, 147, 148, 149, 150, 151, 152, 153, 154, 155, 156, 157, 158, 159, 160, 161, 162, 163, 164, 165, 166, 167, 168, 169, 170, 171, 172, 173, 174, 175, 176, 177, 178, 179, 180, 181, 182, 183, 184, 185, 186, 187, 188, 189, 190, 191, 192, 193, 194, 195, 196, 197, 198, 199, 200, 201, 202, 203, 204, 205, 206, 207, 208, 209, 210, 211, 212, 213, 214, 215, 216, 217, 218, 219, 220, 221, 222, 223, 224, 225, 226, 227, 228, 229, 230, 231, 232, 233, 234, 235, 236, 237, 238, 239, 240, 241, 242, 243, 244, 245, 246, 247, 248, 249, 250, 251, 252, 253, 254, 255, 256, 257, 258, 259, 260, 261, 262, 263, 264, 265, 266, 267, 268, 269, 270, 271, 272, 273, 274, 275, 276, 277, 278, 279, 280, 281, 282, 283, 284, 285, 286, 287, 288, 289, 290, 291, 292, 293, 294, 295, 296, 297, 298, 299, 300, 301, 302, 303, 304, 305, 306, 307, 308, 309, 310, 311, 312, 313, 314, 315, 316, 317, 318, 319, 320, 321, 322, 323, 324, 325, 326, 327, 328, 329, 330, 331, 332, 333, 334, 335, 336, 337, 574, 575, 576, 577, 578, 579, 580, 581, 582, 583, 584, 585, 586, 587, 588, 589, 590, 591, 592, 593, 594, 595, 596, 597, 598, 599, 600, 601, 602, 603, 604, 605, 606, 607, 608, 609, 610, 611, 612, 613, 614, 615, 616, 617, 618, 619, 620, 621, 622, 623, 624, 625, 626, 627, 628, 629, 630, 631, 632, 633, 634, 635, 636, 637, 638, 639, 640, 641, 642, 643, 644, 645, 646, 647, 648, 649, 650, 651, 652, 653, 654, 655, 656, 657, 658, 659, 660, 661, 662, 663, 664, 665, 666, 667, 668, 669, 670, 671, 672, 673, 674, 675, 676, 677, 678, 679, 680, 681, 682, 683, 684, 685, 686, 687, 688, 689, 690, 691, 692, 693, 694, 695, 696, 697, 698, 699, 700, 701, 702, 703, 704, 705, 706, 707, 708, 709, 710, 711, 712, 713, 714, 715, 716, 717, 718, 719, 720, 721, 722, 723, 724, 725, 726, 727, 728, 729, 730, 731, 732, 733, 734, 735, 736, 737, 738, 739, 740, 741, 742, 743, 744, 745, 746, 747, 748, 749, 750, 751, 752, 753, 754, 755, 756, 757, 758, 759, 760, 761, 762, 763, 764, 765, 766, 767, 768, 769, 770, 771, 772, 773, 774, 775, 776, 777, 778, 779, 780, 781, 782, 783, 784, 785, 786, 787, 788, 789, 790, 791, 792, 793]","[110, 216, 252, 326, 580, 715, 784]","[110, 216, 252, 326, 580, 715, 784]","[15, 91, 107, 110, 113, 123, 132, 136, 193, 216, 218, 252, 274, 275, 281, 286, 293, 302, 325, 326, 500, 562, 578, 580, 583, 594, 603, 607, 664, 686, 715, 733, 734, 740, 745, 752, 760, 783, 784]","[154, 218, 279, 321, 322, 323, 324, 325, 326, 394, 401, 626, 686, 738, 779, 780, 781, 782, 783, 784, 844, 850]",[],7/6 successful match,True,"[133, 134]",True,337,False,,0.6217391304347826,True,Valley Truck W Stop Capitol ),
Salinas ( 93901 ) Valley Truck Stop,831-754-1303 US 101 Exit 326 B ( W then S on Terven ),),Salinas,93901,Valley Truck Stop,831-754-1303,2015,Salinas,CA,,( W then S on Terven ),US 101 Exit 326 B ,Exit,326,False,,False,US 101,,,,,"[784, 326]","[252, 326, 715, 784]","[110, 216, 252, 326, 580, 715, 784]","[110, 216, 252, 326, 580, 715, 784]","[103, 104, 105, 106, 107, 108, 109, 110, 111, 112, 113, 114, 115, 116, 117, 118, 119, 120, 121, 122, 123, 124, 125, 126, 127, 128, 129, 130, 131, 132, 133, 134, 135, 136, 137, 138, 139, 140, 141, 142, 143, 144, 145, 146, 147, 148, 149, 150, 151, 152, 153, 154, 155, 156, 157, 158, 159, 160, 161, 162, 163, 164, 165, 166, 167, 168, 169, 170, 171, 172, 173, 174, 175, 176, 177, 178, 179, 180, 181, 182, 183, 184, 185, 186, 187, 188, 189, 190, 191, 192, 193, 194, 195, 196, 197, 198, 199, 200, 201, 202, 203, 204, 205, 206, 207, 208, 209, 210, 211, 212, 213, 214, 215, 216, 217, 218, 219, 220, 221, 222, 223, 224, 225, 226, 227, 228, 229, 230, 231, 232, 233, 234, 235, 236, 237, 238, 239, 240, 241, 242, 243, 244, 245, 246, 247, 248, 249, 250, 251, 252, 253, 254, 255, 256, 257, 258, 259, 260, 261, 262, 263, 264, 265, 266, 267, 268, 269, 270, 271, 272, 273, 274, 275, 276, 277, 278, 279, 280, 281, 282, 283, 284, 285, 286, 287, 288, 289, 290, 291, 292, 293, 294, 295, 296, 297, 298, 299, 300, 301, 302, 303, 304, 305, 306, 307, 308, 309, 310, 311, 312, 313, 314, 315, 316, 317, 318, 319, 320, 321, 322, 323, 324, 325, 326, 327, 328, 329, 330, 331, 332, 333, 334, 335, 336, 337, 574, 575, 576, 577, 578, 579, 580, 581, 582, 583, 584, 585, 586, 587, 588, 589, 590, 591, 592, 593, 594, 595, 596, 597, 598, 599, 600, 601, 602, 603, 604, 605, 606, 607, 608, 609, 610, 611, 612, 613, 614, 615, 616, 617, 618, 619, 620, 621, 622, 623, 624, 625, 626, 627, 628, 629, 630, 631, 632, 633, 634, 635, 636, 637, 638, 639, 640, 641, 642, 643, 644, 645, 646, 647, 648, 649, 650, 651, 652, 653, 654, 655, 656, 657, 658, 659, 660, 661, 662, 663, 664, 665, 666, 667, 668, 669, 670, 671, 672, 673, 674, 675, 676, 677, 678, 679, 680, 681, 682, 683, 684, 685, 686, 687, 688, 689, 690, 691, 692, 693, 694, 695, 696, 697, 698, 699, 700, 701, 702, 703, 704, 705, 706, 707, 708, 709, 710, 711, 712, 713, 714, 715, 716, 717, 718, 719, 720, 721, 722, 723, 724, 725, 726, 727, 728, 729, 730, 731, 732, 733, 734, 735, 736, 737, 738, 739, 740, 741, 742, 743, 744, 745, 746, 747, 748, 749, 750, 751, 752, 753, 754, 755, 756, 757, 758, 759, 760, 761, 762, 763, 764, 765, 766, 767, 768, 769, 770, 771, 772, 773, 774, 775, 776, 777, 778, 779, 780, 781, 782, 783, 784, 785, 786, 787, 788, 789, 790, 791, 792, 793]","[15, 91, 107, 110, 113, 123, 132, 136, 193, 216, 218, 252, 274, 275, 281, 286, 293, 302, 325, 326, 500, 562, 578, 580, 583, 594, 603, 607, 664, 686, 715, 733, 734, 740, 745, 752, 760, 783, 784]",[],"[154, 218, 279, 321, 322, 323, 324, 325, 326, 394, 401, 626, 686, 738, 779, 780, 781, 782, 783, 784, 844, 850]","[15, 91, 103, 104, 105, 106, 107, 108, 109, 110, 111, 112, 113, 114, 115, 116, 117, 118, 119, 120, 121, 122, 123, 124, 125, 126, 127, 128, 129, 130, 131, 132, 133, 134, 135, 136, 137, 138, 139, 140, 141, 142, 143, 144, 145, 146, 147, 148, 149, 150, 151, 152, 153, 154, 155, 156, 157, 158, 159, 160, 161, 162, 163, 164, 165, 166, 167, 168, 169, 170, 171, 172, 173, 174, 175, 176, 177, 178, 179, 180, 181, 182, 183, 184, 185, 186, 187, 188, 189, 190, 191, 192, 193, 194, 195, 196, 197, 198, 199, 200, 201, 202, 203, 204, 205, 206, 207, 208, 209, 210, 211, 212, 213, 214, 215, 216, 217, 218, 219, 220, 221, 222, 223, 224, 225, 226, 227, 228, 229, 230, 231, 232, 233, 234, 235, 236, 237, 238, 239, 240, 241, 242, 243, 244, 245, 246, 247, 248, 249, 250, 251, 252, 253, 254, 255, 256, 257, 258, 259, 260, 261, 262, 263, 264, 265, 266, 267, 268, 269, 270, 271, 272, 273, 274, 275, 276, 277, 278, 279, 280, 281, 282, 283, 284, 285, 286, 287, 288, 289, 290, 291, 292, 293, 294, 295, 296, 297, 298, 299, 300, 301, 302, 303, 304, 305, 306, 307, 308, 309, 310, 311, 312, 313, 314, 315, 316, 317, 318, 319, 320, 321, 322, 323, 324, 325, 326, 327, 328, 329, 330, 331, 332, 333, 334, 335, 336, 337, 394, 401, 500, 562, 574, 575, 576, 577, 578, 579, 580, 581, 582, 583, 584, 585, 586, 587, 588, 589, 590, 591, 592, 593, 594, 595, 596, 597, 598, 599, 600, 601, 602, 603, 604, 605, 606, 607, 608, 609, 610, 611, 612, 613, 614, 615, 616, 617, 618, 619, 620, 621, 622, 623, 624, 625, 626, 627, 628, 629, 630, 631, 632, 633, 634, 635, 636, 637, 638, 639, 640, 641, 642, 643, 644, 645, 646, 647, 648, 649, 650, 651, 652, 653, 654, 655, 656, 657, 658, 659, 660, 661, 662, 663, 664, 665, 666, 667, 668, 669, 670, 671, 672, 673, 674, 675, 676, 677, 678, 679, 680, 681, 682, 683, 684, 685, 686, 687, 688, 689, 690, 691, 692, 693, 694, 695, 696, 697, 698, 699, 700, 701, 702, 703, 704, 705, 706, 707, 708, 709, 710, 711, 712, 713, 714, 715, 716, 717, 718, 719, 720, 721, 722, 723, 724, 725, 726, 727, 728, 729, 730, 731, 732, 733, 734, 735, 736, 737, 738, 739, 740, 741, 742, 743, 744, 745, 746, 747, 748, 749, 750, 751, 752, 753, 754, 755, 756, 757, 758, 759, 760, 761, 762, 763, 764, 765, 766, 767, 768, 769, 770, 771, 772, 773, 774, 775, 776, 777, 778, 779, 780, 781, 782, 783, 784, 785, 786, 787, 788, 789, 790, 791, 792, 793, 844, 850]",True,"[252, 326, 715, 784]","[103, 104, 105, 106, 107, 108, 109, 110, 111, 112, 113, 114, 115, 116, 117, 118, 119, 120, 121, 122, 123, 124, 125, 126, 127, 128, 129, 130, 131, 132, 133, 134, 135, 136, 137, 138, 139, 140, 141, 142, 143, 144, 145, 146, 147, 148, 149, 150, 151, 152, 153, 154, 155, 156, 157, 158, 159, 160, 161, 162, 163, 164, 165, 166, 167, 168, 169, 170, 171, 172, 173, 174, 175, 176, 177, 178, 179, 180, 181, 182, 183, 184, 185, 186, 187, 188, 189, 190, 191, 192, 193, 194, 195, 196, 197, 198, 199, 200, 201, 202, 203, 204, 205, 206, 207, 208, 209, 210, 211, 212, 213, 214, 215, 216, 217, 218, 219, 220, 221, 222, 223, 224, 225, 226, 227, 228, 229, 230, 231, 232, 233, 234, 235, 236, 237, 238, 239, 240, 241, 242, 243, 244, 245, 246, 247, 248, 249, 250, 251, 252, 253, 254, 255, 256, 257, 258, 259, 260, 261, 262, 263, 264, 265, 266, 267, 268, 269, 270, 271, 272, 273, 274, 275, 276, 277, 278, 279, 280, 281, 282, 283, 284, 285, 286, 287, 288, 289, 290, 291, 292, 293, 294, 295, 296, 297, 298, 299, 300, 301, 302, 303, 304, 305, 306, 307, 308, 309, 310, 311, 312, 313, 314, 315, 316, 317, 318, 319, 320, 321, 322, 323, 324, 325, 326, 327, 328, 329, 330, 331, 332, 333, 334, 335, 336, 337, 574, 575, 576, 577, 578, 579, 580, 581, 582, 583, 584, 585, 586, 587, 588, 589, 590, 591, 592, 593, 594, 595, 596, 597, 598, 599, 600, 601, 602, 603, 604, 605, 606, 607, 608, 609, 610, 611, 612, 613, 614, 615, 616, 617, 618, 619, 620, 621, 622, 623, 624, 625, 626, 627, 628, 629, 630, 631, 632, 633, 634, 635, 636, 637, 638, 639, 640, 641, 642, 643, 644, 645, 646, 647, 648, 649, 650, 651, 652, 653, 654, 655, 656, 657, 658, 659, 660, 661, 662, 663, 664, 665, 666, 667, 668, 669, 670, 671, 672, 673, 674, 675, 676, 677, 678, 679, 680, 681, 682, 683, 684, 685, 686, 687, 688, 689, 690, 691, 692, 693, 694, 695, 696, 697, 698, 699, 700, 701, 702, 703, 704, 705, 706, 707, 708, 709, 710, 711, 712, 713, 714, 715, 716, 717, 718, 719, 720, 721, 722, 723, 724, 725, 726, 727, 728, 729, 730, 731, 732, 733, 734, 735, 736, 737, 738, 739, 740, 741, 742, 743, 744, 745, 746, 747, 748, 749, 750, 751, 752, 753, 754, 755, 756, 757, 758, 759, 760, 761, 762, 763, 764, 765, 766, 767, 768, 769, 770, 771, 772, 773, 774, 775, 776, 777, 778, 779, 780, 781, 782, 783, 784, 785, 786, 787, 788, 789, 790, 791, 792, 793]","[110, 216, 252, 326, 580, 715, 784]","[110, 216, 252, 326, 580, 715, 784]","[15, 91, 107, 110, 113, 123, 132, 136, 193, 216, 218, 252, 274, 275, 281, 286, 293, 302, 325, 326, 500, 562, 578, 580, 583, 594, 603, 607, 664, 686, 715, 733, 734, 740, 745, 752, 760, 783, 784]","[154, 218, 279, 321, 322, 323, 324, 325, 326, 394, 401, 626, 686, 738, 779, 780, 781, 782, 783, 784, 844, 850]",[],7/6 successful match,True,"[133, 134]",True,337,False,,0.8999999999999999,True,Valley Truck Stop,
F Salinas ( 93901 ) Valley Truck Stop,2 831-754-1303 US 101 Exit 326 B ( W then S on Terven ) .,) .,Salinas,93901,Valley Truck Stop,831-754-1303,2016,Salinas,CA,,( W then S on Terven ) .,US 101 Exit 326 B ,Exit,326,False,,False,US 101,,,,,"[784, 326]","[252, 326, 715, 784]","[110, 216, 252, 326, 580, 715, 784]","[110, 216, 252, 326, 580, 715, 784]","[103, 104, 105, 106, 107, 108, 109, 110, 111, 112, 113, 114, 115, 116, 117, 118, 119, 120, 121, 122, 123, 124, 125, 126, 127, 128, 129, 130, 131, 132, 133, 134, 135, 136, 137, 138, 139, 140, 141, 142, 143, 144, 145, 146, 147, 148, 149, 150, 151, 152, 153, 154, 155, 156, 157, 158, 159, 160, 161, 162, 163, 164, 165, 166, 167, 168, 169, 170, 171, 172, 173, 174, 175, 176, 177, 178, 179, 180, 181, 182, 183, 184, 185, 186, 187, 188, 189, 190, 191, 192, 193, 194, 195, 196, 197, 198, 199, 200, 201, 202, 203, 204, 205, 206, 207, 208, 209, 210, 211, 212, 213, 214, 215, 216, 217, 218, 219, 220, 221, 222, 223, 224, 225, 226, 227, 228, 229, 230, 231, 232, 233, 234, 235, 236, 237, 238, 239, 240, 241, 242, 243, 244, 245, 246, 247, 248, 249, 250, 251, 252, 253, 254, 255, 256, 257, 258, 259, 260, 261, 262, 263, 264, 265, 266, 267, 268, 269, 270, 271, 272, 273, 274, 275, 276, 277, 278, 279, 280, 281, 282, 283, 284, 285, 286, 287, 288, 289, 290, 291, 292, 293, 294, 295, 296, 297, 298, 299, 300, 301, 302, 303, 304, 305, 306, 307, 308, 309, 310, 311, 312, 313, 314, 315, 316, 317, 318, 319, 320, 321, 322, 323, 324, 325, 326, 327, 328, 329, 330, 331, 332, 333, 334, 335, 336, 337, 574, 575, 576, 577, 578, 579, 580, 581, 582, 583, 584, 585, 586, 587, 588, 589, 590, 591, 592, 593, 594, 595, 596, 597, 598, 599, 600, 601, 602, 603, 604, 605, 606, 607, 608, 609, 610, 611, 612, 613, 614, 615, 616, 617, 618, 619, 620, 621, 622, 623, 624, 625, 626, 627, 628, 629, 630, 631, 632, 633, 634, 635, 636, 637, 638, 639, 640, 641, 642, 643, 644, 645, 646, 647, 648, 649, 650, 651, 652, 653, 654, 655, 656, 657, 658, 659, 660, 661, 662, 663, 664, 665, 666, 667, 668, 669, 670, 671, 672, 673, 674, 675, 676, 677, 678, 679, 680, 681, 682, 683, 684, 685, 686, 687, 688, 689, 690, 691, 692, 693, 694, 695, 696, 697, 698, 699, 700, 701, 702, 703, 704, 705, 706, 707, 708, 709, 710, 711, 712, 713, 714, 715, 716, 717, 718, 719, 720, 721, 722, 723, 724, 725, 726, 727, 728, 729, 730, 731, 732, 733, 734, 735, 736, 737, 738, 739, 740, 741, 742, 743, 744, 745, 746, 747, 748, 749, 750, 751, 752, 753, 754, 755, 756, 757, 758, 759, 760, 761, 762, 763, 764, 765, 766, 767, 768, 769, 770, 771, 772, 773, 774, 775, 776, 777, 778, 779, 780, 781, 782, 783, 784, 785, 786, 787, 788, 789, 790, 791, 792, 793]","[15, 91, 107, 110, 113, 123, 132, 136, 193, 216, 218, 252, 274, 275, 281, 286, 293, 302, 325, 326, 500, 562, 578, 580, 583, 594, 603, 607, 664, 686, 715, 733, 734, 740, 745, 752, 760, 783, 784]",[],"[154, 218, 279, 321, 322, 323, 324, 325, 326, 394, 401, 626, 686, 738, 779, 780, 781, 782, 783, 784, 844, 850]","[15, 91, 103, 104, 105, 106, 107, 108, 109, 110, 111, 112, 113, 114, 115, 116, 117, 118, 119, 120, 121, 122, 123, 124, 125, 126, 127, 128, 129, 130, 131, 132, 133, 134, 135, 136, 137, 138, 139, 140, 141, 142, 143, 144, 145, 146, 147, 148, 149, 150, 151, 152, 153, 154, 155, 156, 157, 158, 159, 160, 161, 162, 163, 164, 165, 166, 167, 168, 169, 170, 171, 172, 173, 174, 175, 176, 177, 178, 179, 180, 181, 182, 183, 184, 185, 186, 187, 188, 189, 190, 191, 192, 193, 194, 195, 196, 197, 198, 199, 200, 201, 202, 203, 204, 205, 206, 207, 208, 209, 210, 211, 212, 213, 214, 215, 216, 217, 218, 219, 220, 221, 222, 223, 224, 225, 226, 227, 228, 229, 230, 231, 232, 233, 234, 235, 236, 237, 238, 239, 240, 241, 242, 243, 244, 245, 246, 247, 248, 249, 250, 251, 252, 253, 254, 255, 256, 257, 258, 259, 260, 261, 262, 263, 264, 265, 266, 267, 268, 269, 270, 271, 272, 273, 274, 275, 276, 277, 278, 279, 280, 281, 282, 283, 284, 285, 286, 287, 288, 289, 290, 291, 292, 293, 294, 295, 296, 297, 298, 299, 300, 301, 302, 303, 304, 305, 306, 307, 308, 309, 310, 311, 312, 313, 314, 315, 316, 317, 318, 319, 320, 321, 322, 323, 324, 325, 326, 327, 328, 329, 330, 331, 332, 333, 334, 335, 336, 337, 394, 401, 500, 562, 574, 575, 576, 577, 578, 579, 580, 581, 582, 583, 584, 585, 586, 587, 588, 589, 590, 591, 592, 593, 594, 595, 596, 597, 598, 599, 600, 601, 602, 603, 604, 605, 606, 607, 608, 609, 610, 611, 612, 613, 614, 615, 616, 617, 618, 619, 620, 621, 622, 623, 624, 625, 626, 627, 628, 629, 630, 631, 632, 633, 634, 635, 636, 637, 638, 639, 640, 641, 642, 643, 644, 645, 646, 647, 648, 649, 650, 651, 652, 653, 654, 655, 656, 657, 658, 659, 660, 661, 662, 663, 664, 665, 666, 667, 668, 669, 670, 671, 672, 673, 674, 675, 676, 677, 678, 679, 680, 681, 682, 683, 684, 685, 686, 687, 688, 689, 690, 691, 692, 693, 694, 695, 696, 697, 698, 699, 700, 701, 702, 703, 704, 705, 706, 707, 708, 709, 710, 711, 712, 713, 714, 715, 716, 717, 718, 719, 720, 721, 722, 723, 724, 725, 726, 727, 728, 729, 730, 731, 732, 733, 734, 735, 736, 737, 738, 739, 740, 741, 742, 743, 744, 745, 746, 747, 748, 749, 750, 751, 752, 753, 754, 755, 756, 757, 758, 759, 760, 761, 762, 763, 764, 765, 766, 767, 768, 769, 770, 771, 772, 773, 774, 775, 776, 777, 778, 779, 780, 781, 782, 783, 784, 785, 786, 787, 788, 789, 790, 791, 792, 793, 844, 850]",True,"[252, 326, 715, 784]","[103, 104, 105, 106, 107, 108, 109, 110, 111, 112, 113, 114, 115, 116, 117, 118, 119, 120, 121, 122, 123, 124, 125, 126, 127, 128, 129, 130, 131, 132, 133, 134, 135, 136, 137, 138, 139, 140, 141, 142, 143, 144, 145, 146, 147, 148, 149, 150, 151, 152, 153, 154, 155, 156, 157, 158, 159, 160, 161, 162, 163, 164, 165, 166, 167, 168, 169, 170, 171, 172, 173, 174, 175, 176, 177, 178, 179, 180, 181, 182, 183, 184, 185, 186, 187, 188, 189, 190, 191, 192, 193, 194, 195, 196, 197, 198, 199, 200, 201, 202, 203, 204, 205, 206, 207, 208, 209, 210, 211, 212, 213, 214, 215, 216, 217, 218, 219, 220, 221, 222, 223, 224, 225, 226, 227, 228, 229, 230, 231, 232, 233, 234, 235, 236, 237, 238, 239, 240, 241, 242, 243, 244, 245, 246, 247, 248, 249, 250, 251, 252, 253, 254, 255, 256, 257, 258, 259, 260, 261, 262, 263, 264, 265, 266, 267, 268, 269, 270, 271, 272, 273, 274, 275, 276, 277, 278, 279, 280, 281, 282, 283, 284, 285, 286, 287, 288, 289, 290, 291, 292, 293, 294, 295, 296, 297, 298, 299, 300, 301, 302, 303, 304, 305, 306, 307, 308, 309, 310, 311, 312, 313, 314, 315, 316, 317, 318, 319, 320, 321, 322, 323, 324, 325, 326, 327, 328, 329, 330, 331, 332, 333, 334, 335, 336, 337, 574, 575, 576, 577, 578, 579, 580, 581, 582, 583, 584, 585, 586, 587, 588, 589, 590, 591, 592, 593, 594, 595, 596, 597, 598, 599, 600, 601, 602, 603, 604, 605, 606, 607, 608, 609, 610, 611, 612, 613, 614, 615, 616, 617, 618, 619, 620, 621, 622, 623, 624, 625, 626, 627, 628, 629, 630, 631, 632, 633, 634, 635, 636, 637, 638, 639, 640, 641, 642, 643, 644, 645, 646, 647, 648, 649, 650, 651, 652, 653, 654, 655, 656, 657, 658, 659, 660, 661, 662, 663, 664, 665, 666, 667, 668, 669, 670, 671, 672, 673, 674, 675, 676, 677, 678, 679, 680, 681, 682, 683, 684, 685, 686, 687, 688, 689, 690, 691, 692, 693, 694, 695, 696, 697, 698, 699, 700, 701, 702, 703, 704, 705, 706, 707, 708, 709, 710, 711, 712, 713, 714, 715, 716, 717, 718, 719, 720, 721, 722, 723, 724, 725, 726, 727, 728, 729, 730, 731, 732, 733, 734, 735, 736, 737, 738, 739, 740, 741, 742, 743, 744, 745, 746, 747, 748, 749, 750, 751, 752, 753, 754, 755, 756, 757, 758, 759, 760, 761, 762, 763, 764, 765, 766, 767, 768, 769, 770, 771, 772, 773, 774, 775, 776, 777, 778, 779, 780, 781, 782, 783, 784, 785, 786, 787, 788, 789, 790, 791, 792, 793]","[110, 216, 252, 326, 580, 715, 784]","[110, 216, 252, 326, 580, 715, 784]","[15, 91, 107, 110, 113, 123, 132, 136, 193, 216, 218, 252, 274, 275, 281, 286, 293, 302, 325, 326, 500, 562, 578, 580, 583, 594, 603, 607, 664, 686, 715, 733, 734, 740, 745, 752, 760, 783, 784]","[154, 218, 279, 321, 322, 323, 324, 325, 326, 394, 401, 626, 686, 738, 779, 780, 781, 782, 783, 784, 844, 850]",[],7/6 successful match,True,"[133, 134]",True,337,False,,0.8999999999999999,True,Valley Truck Stop,
"Salinas , 93901 Pilot Travel Center # 237",831-775-0380 US 101 & S Sanborn W,,Salinas,93901,Pilot Travel Center # 237,831-775-0380,2006,Salinas,CA,Pilot,,US 101 & S Sanborn W,empty,,False,,False,US 101,S Sanborn,,,,"[715, 252]","[252, 326, 715, 784]","[110, 216, 252, 326, 580, 715, 784]",[],"[103, 104, 105, 106, 107, 108, 109, 110, 111, 112, 113, 114, 115, 116, 117, 118, 119, 120, 121, 122, 123, 124, 125, 126, 127, 128, 129, 130, 131, 132, 133, 134, 135, 136, 137, 138, 139, 140, 141, 142, 143, 144, 145, 146, 147, 148, 149, 150, 151, 152, 153, 154, 155, 156, 157, 158, 159, 160, 161, 162, 163, 164, 165, 166, 167, 168, 169, 170, 171, 172, 173, 174, 175, 176, 177, 178, 179, 180, 181, 182, 183, 184, 185, 186, 187, 188, 189, 190, 191, 192, 193, 194, 195, 196, 197, 198, 199, 200, 201, 202, 203, 204, 205, 206, 207, 208, 209, 210, 211, 212, 213, 214, 215, 216, 217, 218, 219, 220, 221, 222, 223, 224, 225, 226, 227, 228, 229, 230, 231, 232, 233, 234, 235, 236, 237, 238, 239, 240, 241, 242, 243, 244, 245, 246, 247, 248, 249, 250, 251, 252, 253, 254, 255, 256, 257, 258, 259, 260, 261, 262, 263, 264, 265, 266, 267, 268, 269, 270, 271, 272, 273, 274, 275, 276, 277, 278, 279, 280, 281, 282, 283, 284, 285, 286, 287, 288, 289, 290, 291, 292, 293, 294, 295, 296, 297, 298, 299, 300, 301, 302, 303, 304, 305, 306, 307, 308, 309, 310, 311, 312, 313, 314, 315, 316, 317, 318, 319, 320, 321, 322, 323, 324, 325, 326, 327, 328, 329, 330, 331, 332, 333, 334, 335, 336, 337, 574, 575, 576, 577, 578, 579, 580, 581, 582, 583, 584, 585, 586, 587, 588, 589, 590, 591, 592, 593, 594, 595, 596, 597, 598, 599, 600, 601, 602, 603, 604, 605, 606, 607, 608, 609, 610, 611, 612, 613, 614, 615, 616, 617, 618, 619, 620, 621, 622, 623, 624, 625, 626, 627, 628, 629, 630, 631, 632, 633, 634, 635, 636, 637, 638, 639, 640, 641, 642, 643, 644, 645, 646, 647, 648, 649, 650, 651, 652, 653, 654, 655, 656, 657, 658, 659, 660, 661, 662, 663, 664, 665, 666, 667, 668, 669, 670, 671, 672, 673, 674, 675, 676, 677, 678, 679, 680, 681, 682, 683, 684, 685, 686, 687, 688, 689, 690, 691, 692, 693, 694, 695, 696, 697, 698, 699, 700, 701, 702, 703, 704, 705, 706, 707, 708, 709, 710, 711, 712, 713, 714, 715, 716, 717, 718, 719, 720, 721, 722, 723, 724, 725, 726, 727, 728, 729, 730, 731, 732, 733, 734, 735, 736, 737, 738, 739, 740, 741, 742, 743, 744, 745, 746, 747, 748, 749, 750, 751, 752, 753, 754, 755, 756, 757, 758, 759, 760, 761, 762, 763, 764, 765, 766, 767, 768, 769, 770, 771, 772, 773, 774, 775, 776, 777, 778, 779, 780, 781, 782, 783, 784, 785, 786, 787, 788, 789, 790, 791, 792, 793]","[15, 91, 107, 110, 113, 123, 132, 136, 193, 216, 218, 252, 274, 275, 281, 286, 293, 302, 325, 326, 500, 562, 578, 580, 583, 594, 603, 607, 664, 686, 715, 733, 734, 740, 745, 752, 760, 783, 784]","[15, 16, 65, 66, 67, 68, 69, 70, 71, 72, 73, 74, 75, 76, 80, 151, 245, 246, 247, 248, 249, 250, 251, 252, 253, 254, 255, 256, 257, 258, 259, 280, 340, 373, 374, 375, 376, 377, 459, 460, 461, 462, 500, 501, 539, 540, 541, 542, 543, 544, 545, 546, 547, 548, 549, 550, 552, 622, 708, 709, 710, 711, 712, 713, 714, 715, 716, 717, 718, 719, 720, 739, 796, 823, 824, 825, 826, 827, 906, 907, 908, 909]","[15, 16, 65, 66, 67, 68, 69, 70, 71, 72, 73, 74, 75, 76, 77, 78, 80, 151, 244, 245, 246, 247, 248, 249, 250, 251, 252, 253, 254, 255, 256, 257, 258, 259, 260, 280, 340, 373, 374, 375, 376, 377, 459, 460, 461, 462, 500, 501, 539, 540, 541, 542, 543, 544, 545, 546, 547, 548, 549, 550, 552, 622, 708, 709, 710, 711, 712, 713, 714, 715, 716, 717, 718, 719, 720, 739, 796, 823, 824, 825, 826, 827, 906, 907, 908, 909]","[15, 16, 65, 66, 67, 68, 69, 70, 71, 72, 73, 74, 75, 76, 77, 78, 80, 91, 103, 104, 105, 106, 107, 108, 109, 110, 111, 112, 113, 114, 115, 116, 117, 118, 119, 120, 121, 122, 123, 124, 125, 126, 127, 128, 129, 130, 131, 132, 133, 134, 135, 136, 137, 138, 139, 140, 141, 142, 143, 144, 145, 146, 147, 148, 149, 150, 151, 152, 153, 154, 155, 156, 157, 158, 159, 160, 161, 162, 163, 164, 165, 166, 167, 168, 169, 170, 171, 172, 173, 174, 175, 176, 177, 178, 179, 180, 181, 182, 183, 184, 185, 186, 187, 188, 189, 190, 191, 192, 193, 194, 195, 196, 197, 198, 199, 200, 201, 202, 203, 204, 205, 206, 207, 208, 209, 210, 211, 212, 213, 214, 215, 216, 217, 218, 219, 220, 221, 222, 223, 224, 225, 226, 227, 228, 229, 230, 231, 232, 233, 234, 235, 236, 237, 238, 239, 240, 241, 242, 243, 244, 245, 246, 247, 248, 249, 250, 251, 252, 253, 254, 255, 256, 257, 258, 259, 260, 261, 262, 263, 264, 265, 266, 267, 268, 269, 270, 271, 272, 273, 274, 275, 276, 277, 278, 279, 280, 281, 282, 283, 284, 285, 286, 287, 288, 289, 290, 291, 292, 293, 294, 295, 296, 297, 298, 299, 300, 301, 302, 303, 304, 305, 306, 307, 308, 309, 310, 311, 312, 313, 314, 315, 316, 317, 318, 319, 320, 321, 322, 323, 324, 325, 326, 327, 328, 329, 330, 331, 332, 333, 334, 335, 336, 337, 340, 373, 374, 375, 376, 377, 459, 460, 461, 462, 500, 501, 539, 540, 541, 542, 543, 544, 545, 546, 547, 548, 549, 550, 552, 562, 574, 575, 576, 577, 578, 579, 580, 581, 582, 583, 584, 585, 586, 587, 588, 589, 590, 591, 592, 593, 594, 595, 596, 597, 598, 599, 600, 601, 602, 603, 604, 605, 606, 607, 608, 609, 610, 611, 612, 613, 614, 615, 616, 617, 618, 619, 620, 621, 622, 623, 624, 625, 626, 627, 628, 629, 630, 631, 632, 633, 634, 635, 636, 637, 638, 639, 640, 641, 642, 643, 644, 645, 646, 647, 648, 649, 650, 651, 652, 653, 654, 655, 656, 657, 658, 659, 660, 661, 662, 663, 664, 665, 666, 667, 668, 669, 670, 671, 672, 673, 674, 675, 676, 677, 678, 679, 680, 681, 682, 683, 684, 685, 686, 687, 688, 689, 690, 691, 692, 693, 694, 695, 696, 697, 698, 699, 700, 701, 702, 703, 704, 705, 706, 707, 708, 709, 710, 711, 712, 713, 714, 715, 716, 717, 718, 719, 720, 721, 722, 723, 724, 725, 726, 727, 728, 729, 730, 731, 732, 733, 734, 735, 736, 737, 738, 739, 740, 741, 742, 743, 744, 745, 746, 747, 748, 749, 750, 751, 752, 753, 754, 755, 756, 757, 758, 759, 760, 761, 762, 763, 764, 765, 766, 767, 768, 769, 770, 771, 772, 773, 774, 775, 776, 777, 778, 779, 780, 781, 782, 783, 784, 785, 786, 787, 788, 789, 790, 791, 792, 793, 796, 823, 824, 825, 826, 827, 906, 907, 908, 909]",True,"[252, 326, 715, 784]","[103, 104, 105, 106, 107, 108, 109, 110, 111, 112, 113, 114, 115, 116, 117, 118, 119, 120, 121, 122, 123, 124, 125, 126, 127, 128, 129, 130, 131, 132, 133, 134, 135, 136, 137, 138, 139, 140, 141, 142, 143, 144, 145, 146, 147, 148, 149, 150, 151, 152, 153, 154, 155, 156, 157, 158, 159, 160, 161, 162, 163, 164, 165, 166, 167, 168, 169, 170, 171, 172, 173, 174, 175, 176, 177, 178, 179, 180, 181, 182, 183, 184, 185, 186, 187, 188, 189, 190, 191, 192, 193, 194, 195, 196, 197, 198, 199, 200, 201, 202, 203, 204, 205, 206, 207, 208, 209, 210, 211, 212, 213, 214, 215, 216, 217, 218, 219, 220, 221, 222, 223, 224, 225, 226, 227, 228, 229, 230, 231, 232, 233, 234, 235, 236, 237, 238, 239, 240, 241, 242, 243, 244, 245, 246, 247, 248, 249, 250, 251, 252, 253, 254, 255, 256, 257, 258, 259, 260, 261, 262, 263, 264, 265, 266, 267, 268, 269, 270, 271, 272, 273, 274, 275, 276, 277, 278, 279, 280, 281, 282, 283, 284, 285, 286, 287, 288, 289, 290, 291, 292, 293, 294, 295, 296, 297, 298, 299, 300, 301, 302, 303, 304, 305, 306, 307, 308, 309, 310, 311, 312, 313, 314, 315, 316, 317, 318, 319, 320, 321, 322, 323, 324, 325, 326, 327, 328, 329, 330, 331, 332, 333, 334, 335, 336, 337, 574, 575, 576, 577, 578, 579, 580, 581, 582, 583, 584, 585, 586, 587, 588, 589, 590, 591, 592, 593, 594, 595, 596, 597, 598, 599, 600, 601, 602, 603, 604, 605, 606, 607, 608, 609, 610, 611, 612, 613, 614, 615, 616, 617, 618, 619, 620, 621, 622, 623, 624, 625, 626, 627, 628, 629, 630, 631, 632, 633, 634, 635, 636, 637, 638, 639, 640, 641, 642, 643, 644, 645, 646, 647, 648, 649, 650, 651, 652, 653, 654, 655, 656, 657, 658, 659, 660, 661, 662, 663, 664, 665, 666, 667, 668, 669, 670, 671, 672, 673, 674, 675, 676, 677, 678, 679, 680, 681, 682, 683, 684, 685, 686, 687, 688, 689, 690, 691, 692, 693, 694, 695, 696, 697, 698, 699, 700, 701, 702, 703, 704, 705, 706, 707, 708, 709, 710, 711, 712, 713, 714, 715, 716, 717, 718, 719, 720, 721, 722, 723, 724, 725, 726, 727, 728, 729, 730, 731, 732, 733, 734, 735, 736, 737, 738, 739, 740, 741, 742, 743, 744, 745, 746, 747, 748, 749, 750, 751, 752, 753, 754, 755, 756, 757, 758, 759, 760, 761, 762, 763, 764, 765, 766, 767, 768, 769, 770, 771, 772, 773, 774, 775, 776, 777, 778, 779, 780, 781, 782, 783, 784, 785, 786, 787, 788, 789, 790, 791, 792, 793]","[110, 216, 252, 326, 580, 715, 784]",[],"[15, 91, 107, 110, 113, 123, 132, 136, 193, 216, 218, 252, 274, 275, 281, 286, 293, 302, 325, 326, 500, 562, 578, 580, 583, 594, 603, 607, 664, 686, 715, 733, 734, 740, 745, 752, 760, 783, 784]","[15, 16, 65, 66, 67, 68, 69, 70, 71, 72, 73, 74, 75, 76, 77, 78, 80, 151, 244, 245, 246, 247, 248, 249, 250, 251, 252, 253, 254, 255, 256, 257, 258, 259, 260, 280, 340, 373, 374, 375, 376, 377, 459, 460, 461, 462, 500, 501, 539, 540, 541, 542, 543, 544, 545, 546, 547, 548, 549, 550, 552, 622, 708, 709, 710, 711, 712, 713, 714, 715, 716, 717, 718, 719, 720, 739, 796, 823, 824, 825, 826, 827, 906, 907, 908, 909]","[15, 16, 65, 66, 67, 68, 69, 70, 71, 72, 73, 74, 75, 76, 80, 151, 245, 246, 247, 248, 249, 250, 251, 252, 253, 254, 255, 256, 257, 258, 259, 280, 340, 373, 374, 375, 376, 377, 459, 460, 461, 462, 500, 501, 539, 540, 541, 542, 543, 544, 545, 546, 547, 548, 549, 550, 552, 622, 708, 709, 710, 711, 712, 713, 714, 715, 716, 717, 718, 719, 720, 739, 796, 823, 824, 825, 826, 827, 906, 907, 908, 909]",7/6 successful match,True,[781],True,338,False,,,,,
"F Salinas , 93901 Pilot Travel Center # 237 )",831-775-0380 US 101 & S Sanborn W,24 HRS M,Salinas,93901,Pilot Travel Center # 237 ),831-775-0380,2007,Salinas,CA,Pilot,,US 101 & S Sanborn W,empty,,False,,False,US 101,S Sanborn,,,,"[715, 252]","[252, 326, 715, 784]","[110, 216, 252, 326, 580, 715, 784]",[],"[103, 104, 105, 106, 107, 108, 109, 110, 111, 112, 113, 114, 115, 116, 117, 118, 119, 120, 121, 122, 123, 124, 125, 126, 127, 128, 129, 130, 131, 132, 133, 134, 135, 136, 137, 138, 139, 140, 141, 142, 143, 144, 145, 146, 147, 148, 149, 150, 151, 152, 153, 154, 155, 156, 157, 158, 159, 160, 161, 162, 163, 164, 165, 166, 167, 168, 169, 170, 171, 172, 173, 174, 175, 176, 177, 178, 179, 180, 181, 182, 183, 184, 185, 186, 187, 188, 189, 190, 191, 192, 193, 194, 195, 196, 197, 198, 199, 200, 201, 202, 203, 204, 205, 206, 207, 208, 209, 210, 211, 212, 213, 214, 215, 216, 217, 218, 219, 220, 221, 222, 223, 224, 225, 226, 227, 228, 229, 230, 231, 232, 233, 234, 235, 236, 237, 238, 239, 240, 241, 242, 243, 244, 245, 246, 247, 248, 249, 250, 251, 252, 253, 254, 255, 256, 257, 258, 259, 260, 261, 262, 263, 264, 265, 266, 267, 268, 269, 270, 271, 272, 273, 274, 275, 276, 277, 278, 279, 280, 281, 282, 283, 284, 285, 286, 287, 288, 289, 290, 291, 292, 293, 294, 295, 296, 297, 298, 299, 300, 301, 302, 303, 304, 305, 306, 307, 308, 309, 310, 311, 312, 313, 314, 315, 316, 317, 318, 319, 320, 321, 322, 323, 324, 325, 326, 327, 328, 329, 330, 331, 332, 333, 334, 335, 336, 337, 574, 575, 576, 577, 578, 579, 580, 581, 582, 583, 584, 585, 586, 587, 588, 589, 590, 591, 592, 593, 594, 595, 596, 597, 598, 599, 600, 601, 602, 603, 604, 605, 606, 607, 608, 609, 610, 611, 612, 613, 614, 615, 616, 617, 618, 619, 620, 621, 622, 623, 624, 625, 626, 627, 628, 629, 630, 631, 632, 633, 634, 635, 636, 637, 638, 639, 640, 641, 642, 643, 644, 645, 646, 647, 648, 649, 650, 651, 652, 653, 654, 655, 656, 657, 658, 659, 660, 661, 662, 663, 664, 665, 666, 667, 668, 669, 670, 671, 672, 673, 674, 675, 676, 677, 678, 679, 680, 681, 682, 683, 684, 685, 686, 687, 688, 689, 690, 691, 692, 693, 694, 695, 696, 697, 698, 699, 700, 701, 702, 703, 704, 705, 706, 707, 708, 709, 710, 711, 712, 713, 714, 715, 716, 717, 718, 719, 720, 721, 722, 723, 724, 725, 726, 727, 728, 729, 730, 731, 732, 733, 734, 735, 736, 737, 738, 739, 740, 741, 742, 743, 744, 745, 746, 747, 748, 749, 750, 751, 752, 753, 754, 755, 756, 757, 758, 759, 760, 761, 762, 763, 764, 765, 766, 767, 768, 769, 770, 771, 772, 773, 774, 775, 776, 777, 778, 779, 780, 781, 782, 783, 784, 785, 786, 787, 788, 789, 790, 791, 792, 793]","[15, 91, 107, 110, 113, 123, 132, 136, 193, 216, 218, 252, 274, 275, 281, 286, 293, 302, 325, 326, 500, 562, 578, 580, 583, 594, 603, 607, 664, 686, 715, 733, 734, 740, 745, 752, 760, 783, 784]","[15, 16, 65, 66, 67, 68, 69, 70, 71, 72, 73, 74, 75, 76, 80, 151, 245, 246, 247, 248, 249, 250, 251, 252, 253, 254, 255, 256, 257, 258, 259, 280, 340, 373, 374, 375, 376, 377, 459, 460, 461, 462, 500, 501, 539, 540, 541, 542, 543, 544, 545, 546, 547, 548, 549, 550, 552, 622, 708, 709, 710, 711, 712, 713, 714, 715, 716, 717, 718, 719, 720, 739, 796, 823, 824, 825, 826, 827, 906, 907, 908, 909]","[15, 16, 65, 66, 67, 68, 69, 70, 71, 72, 73, 74, 75, 76, 77, 78, 80, 151, 244, 245, 246, 247, 248, 249, 250, 251, 252, 253, 254, 255, 256, 257, 258, 259, 260, 280, 340, 373, 374, 375, 376, 377, 459, 460, 461, 462, 500, 501, 539, 540, 541, 542, 543, 544, 545, 546, 547, 548, 549, 550, 552, 622, 708, 709, 710, 711, 712, 713, 714, 715, 716, 717, 718, 719, 720, 739, 796, 823, 824, 825, 826, 827, 906, 907, 908, 909]","[15, 16, 65, 66, 67, 68, 69, 70, 71, 72, 73, 74, 75, 76, 77, 78, 80, 91, 103, 104, 105, 106, 107, 108, 109, 110, 111, 112, 113, 114, 115, 116, 117, 118, 119, 120, 121, 122, 123, 124, 125, 126, 127, 128, 129, 130, 131, 132, 133, 134, 135, 136, 137, 138, 139, 140, 141, 142, 143, 144, 145, 146, 147, 148, 149, 150, 151, 152, 153, 154, 155, 156, 157, 158, 159, 160, 161, 162, 163, 164, 165, 166, 167, 168, 169, 170, 171, 172, 173, 174, 175, 176, 177, 178, 179, 180, 181, 182, 183, 184, 185, 186, 187, 188, 189, 190, 191, 192, 193, 194, 195, 196, 197, 198, 199, 200, 201, 202, 203, 204, 205, 206, 207, 208, 209, 210, 211, 212, 213, 214, 215, 216, 217, 218, 219, 220, 221, 222, 223, 224, 225, 226, 227, 228, 229, 230, 231, 232, 233, 234, 235, 236, 237, 238, 239, 240, 241, 242, 243, 244, 245, 246, 247, 248, 249, 250, 251, 252, 253, 254, 255, 256, 257, 258, 259, 260, 261, 262, 263, 264, 265, 266, 267, 268, 269, 270, 271, 272, 273, 274, 275, 276, 277, 278, 279, 280, 281, 282, 283, 284, 285, 286, 287, 288, 289, 290, 291, 292, 293, 294, 295, 296, 297, 298, 299, 300, 301, 302, 303, 304, 305, 306, 307, 308, 309, 310, 311, 312, 313, 314, 315, 316, 317, 318, 319, 320, 321, 322, 323, 324, 325, 326, 327, 328, 329, 330, 331, 332, 333, 334, 335, 336, 337, 340, 373, 374, 375, 376, 377, 459, 460, 461, 462, 500, 501, 539, 540, 541, 542, 543, 544, 545, 546, 547, 548, 549, 550, 552, 562, 574, 575, 576, 577, 578, 579, 580, 581, 582, 583, 584, 585, 586, 587, 588, 589, 590, 591, 592, 593, 594, 595, 596, 597, 598, 599, 600, 601, 602, 603, 604, 605, 606, 607, 608, 609, 610, 611, 612, 613, 614, 615, 616, 617, 618, 619, 620, 621, 622, 623, 624, 625, 626, 627, 628, 629, 630, 631, 632, 633, 634, 635, 636, 637, 638, 639, 640, 641, 642, 643, 644, 645, 646, 647, 648, 649, 650, 651, 652, 653, 654, 655, 656, 657, 658, 659, 660, 661, 662, 663, 664, 665, 666, 667, 668, 669, 670, 671, 672, 673, 674, 675, 676, 677, 678, 679, 680, 681, 682, 683, 684, 685, 686, 687, 688, 689, 690, 691, 692, 693, 694, 695, 696, 697, 698, 699, 700, 701, 702, 703, 704, 705, 706, 707, 708, 709, 710, 711, 712, 713, 714, 715, 716, 717, 718, 719, 720, 721, 722, 723, 724, 725, 726, 727, 728, 729, 730, 731, 732, 733, 734, 735, 736, 737, 738, 739, 740, 741, 742, 743, 744, 745, 746, 747, 748, 749, 750, 751, 752, 753, 754, 755, 756, 757, 758, 759, 760, 761, 762, 763, 764, 765, 766, 767, 768, 769, 770, 771, 772, 773, 774, 775, 776, 777, 778, 779, 780, 781, 782, 783, 784, 785, 786, 787, 788, 789, 790, 791, 792, 793, 796, 823, 824, 825, 826, 827, 906, 907, 908, 909]",True,"[252, 326, 715, 784]","[103, 104, 105, 106, 107, 108, 109, 110, 111, 112, 113, 114, 115, 116, 117, 118, 119, 120, 121, 122, 123, 124, 125, 126, 127, 128, 129, 130, 131, 132, 133, 134, 135, 136, 137, 138, 139, 140, 141, 142, 143, 144, 145, 146, 147, 148, 149, 150, 151, 152, 153, 154, 155, 156, 157, 158, 159, 160, 161, 162, 163, 164, 165, 166, 167, 168, 169, 170, 171, 172, 173, 174, 175, 176, 177, 178, 179, 180, 181, 182, 183, 184, 185, 186, 187, 188, 189, 190, 191, 192, 193, 194, 195, 196, 197, 198, 199, 200, 201, 202, 203, 204, 205, 206, 207, 208, 209, 210, 211, 212, 213, 214, 215, 216, 217, 218, 219, 220, 221, 222, 223, 224, 225, 226, 227, 228, 229, 230, 231, 232, 233, 234, 235, 236, 237, 238, 239, 240, 241, 242, 243, 244, 245, 246, 247, 248, 249, 250, 251, 252, 253, 254, 255, 256, 257, 258, 259, 260, 261, 262, 263, 264, 265, 266, 267, 268, 269, 270, 271, 272, 273, 274, 275, 276, 277, 278, 279, 280, 281, 282, 283, 284, 285, 286, 287, 288, 289, 290, 291, 292, 293, 294, 295, 296, 297, 298, 299, 300, 301, 302, 303, 304, 305, 306, 307, 308, 309, 310, 311, 312, 313, 314, 315, 316, 317, 318, 319, 320, 321, 322, 323, 324, 325, 326, 327, 328, 329, 330, 331, 332, 333, 334, 335, 336, 337, 574, 575, 576, 577, 578, 579, 580, 581, 582, 583, 584, 585, 586, 587, 588, 589, 590, 591, 592, 593, 594, 595, 596, 597, 598, 599, 600, 601, 602, 603, 604, 605, 606, 607, 608, 609, 610, 611, 612, 613, 614, 615, 616, 617, 618, 619, 620, 621, 622, 623, 624, 625, 626, 627, 628, 629, 630, 631, 632, 633, 634, 635, 636, 637, 638, 639, 640, 641, 642, 643, 644, 645, 646, 647, 648, 649, 650, 651, 652, 653, 654, 655, 656, 657, 658, 659, 660, 661, 662, 663, 664, 665, 666, 667, 668, 669, 670, 671, 672, 673, 674, 675, 676, 677, 678, 679, 680, 681, 682, 683, 684, 685, 686, 687, 688, 689, 690, 691, 692, 693, 694, 695, 696, 697, 698, 699, 700, 701, 702, 703, 704, 705, 706, 707, 708, 709, 710, 711, 712, 713, 714, 715, 716, 717, 718, 719, 720, 721, 722, 723, 724, 725, 726, 727, 728, 729, 730, 731, 732, 733, 734, 735, 736, 737, 738, 739, 740, 741, 742, 743, 744, 745, 746, 747, 748, 749, 750, 751, 752, 753, 754, 755, 756, 757, 758, 759, 760, 761, 762, 763, 764, 765, 766, 767, 768, 769, 770, 771, 772, 773, 774, 775, 776, 777, 778, 779, 780, 781, 782, 783, 784, 785, 786, 787, 788, 789, 790, 791, 792, 793]","[110, 216, 252, 326, 580, 715, 784]",[],"[15, 91, 107, 110, 113, 123, 132, 136, 193, 216, 218, 252, 274, 275, 281, 286, 293, 302, 325, 326, 500, 562, 578, 580, 583, 594, 603, 607, 664, 686, 715, 733, 734, 740, 745, 752, 760, 783, 784]","[15, 16, 65, 66, 67, 68, 69, 70, 71, 72, 73, 74, 75, 76, 77, 78, 80, 151, 244, 245, 246, 247, 248, 249, 250, 251, 252, 253, 254, 255, 256, 257, 258, 259, 260, 280, 340, 373, 374, 375, 376, 377, 459, 460, 461, 462, 500, 501, 539, 540, 541, 542, 543, 544, 545, 546, 547, 548, 549, 550, 552, 622, 708, 709, 710, 711, 712, 713, 714, 715, 716, 717, 718, 719, 720, 739, 796, 823, 824, 825, 826, 827, 906, 907, 908, 909]","[15, 16, 65, 66, 67, 68, 69, 70, 71, 72, 73, 74, 75, 76, 80, 151, 245, 246, 247, 248, 249, 250, 251, 252, 253, 254, 255, 256, 257, 258, 259, 280, 340, 373, 374, 375, 376, 377, 459, 460, 461, 462, 500, 501, 539, 540, 541, 542, 543, 544, 545, 546, 547, 548, 549, 550, 552, 622, 708, 709, 710, 711, 712, 713, 714, 715, 716, 717, 718, 719, 720, 739, 796, 823, 824, 825, 826, 827, 906, 907, 908, 909]",7/6 successful match,True,[781],True,338,False,,1.0,True,Pilot Travel Center # 237,Pilot
"Salinas , 93901 Pilot Travel Center # 237 W ( N on Terven )",2 831-775-0380 US 101 Exit 326 B ( S W,HRS 24 M <U+2610><U+2610><U+2610><U+2610><U+2610>,Salinas,93901,Pilot Travel Center # 237 W ( N on Terven ),831-775-0380,2008,Salinas,CA,Pilot,( S W,US 101 Exit 326 B ,Exit,326,False,,False,US 101,,,,,"[715, 252]","[252, 326, 715, 784]","[110, 216, 252, 326, 580, 715, 784]","[110, 216, 252, 326, 580, 715, 784]","[103, 104, 105, 106, 107, 108, 109, 110, 111, 112, 113, 114, 115, 116, 117, 118, 119, 120, 121, 122, 123, 124, 125, 126, 127, 128, 129, 130, 131, 132, 133, 134, 135, 136, 137, 138, 139, 140, 141, 142, 143, 144, 145, 146, 147, 148, 149, 150, 151, 152, 153, 154, 155, 156, 157, 158, 159, 160, 161, 162, 163, 164, 165, 166, 167, 168, 169, 170, 171, 172, 173, 174, 175, 176, 177, 178, 179, 180, 181, 182, 183, 184, 185, 186, 187, 188, 189, 190, 191, 192, 193, 194, 195, 196, 197, 198, 199, 200, 201, 202, 203, 204, 205, 206, 207, 208, 209, 210, 211, 212, 213, 214, 215, 216, 217, 218, 219, 220, 221, 222, 223, 224, 225, 226, 227, 228, 229, 230, 231, 232, 233, 234, 235, 236, 237, 238, 239, 240, 241, 242, 243, 244, 245, 246, 247, 248, 249, 250, 251, 252, 253, 254, 255, 256, 257, 258, 259, 260, 261, 262, 263, 264, 265, 266, 267, 268, 269, 270, 271, 272, 273, 274, 275, 276, 277, 278, 279, 280, 281, 282, 283, 284, 285, 286, 287, 288, 289, 290, 291, 292, 293, 294, 295, 296, 297, 298, 299, 300, 301, 302, 303, 304, 305, 306, 307, 308, 309, 310, 311, 312, 313, 314, 315, 316, 317, 318, 319, 320, 321, 322, 323, 324, 325, 326, 327, 328, 329, 330, 331, 332, 333, 334, 335, 336, 337, 574, 575, 576, 577, 578, 579, 580, 581, 582, 583, 584, 585, 586, 587, 588, 589, 590, 591, 592, 593, 594, 595, 596, 597, 598, 599, 600, 601, 602, 603, 604, 605, 606, 607, 608, 609, 610, 611, 612, 613, 614, 615, 616, 617, 618, 619, 620, 621, 622, 623, 624, 625, 626, 627, 628, 629, 630, 631, 632, 633, 634, 635, 636, 637, 638, 639, 640, 641, 642, 643, 644, 645, 646, 647, 648, 649, 650, 651, 652, 653, 654, 655, 656, 657, 658, 659, 660, 661, 662, 663, 664, 665, 666, 667, 668, 669, 670, 671, 672, 673, 674, 675, 676, 677, 678, 679, 680, 681, 682, 683, 684, 685, 686, 687, 688, 689, 690, 691, 692, 693, 694, 695, 696, 697, 698, 699, 700, 701, 702, 703, 704, 705, 706, 707, 708, 709, 710, 711, 712, 713, 714, 715, 716, 717, 718, 719, 720, 721, 722, 723, 724, 725, 726, 727, 728, 729, 730, 731, 732, 733, 734, 735, 736, 737, 738, 739, 740, 741, 742, 743, 744, 745, 746, 747, 748, 749, 750, 751, 752, 753, 754, 755, 756, 757, 758, 759, 760, 761, 762, 763, 764, 765, 766, 767, 768, 769, 770, 771, 772, 773, 774, 775, 776, 777, 778, 779, 780, 781, 782, 783, 784, 785, 786, 787, 788, 789, 790, 791, 792, 793]","[15, 91, 107, 110, 113, 123, 132, 136, 193, 216, 218, 252, 274, 275, 281, 286, 293, 302, 325, 326, 500, 562, 578, 580, 583, 594, 603, 607, 664, 686, 715, 733, 734, 740, 745, 752, 760, 783, 784]","[15, 16, 65, 66, 67, 68, 69, 70, 71, 72, 73, 74, 75, 76, 80, 151, 245, 246, 247, 248, 249, 250, 251, 252, 253, 254, 255, 256, 257, 258, 259, 280, 340, 373, 374, 375, 376, 377, 459, 460, 461, 462, 500, 501, 539, 540, 541, 542, 543, 544, 545, 546, 547, 548, 549, 550, 552, 622, 708, 709, 710, 711, 712, 713, 714, 715, 716, 717, 718, 719, 720, 739, 796, 823, 824, 825, 826, 827, 906, 907, 908, 909]","[15, 16, 65, 66, 67, 68, 69, 70, 71, 72, 73, 74, 75, 76, 77, 78, 80, 151, 244, 245, 246, 247, 248, 249, 250, 251, 252, 253, 254, 255, 256, 257, 258, 259, 260, 280, 340, 373, 374, 375, 376, 377, 459, 460, 461, 462, 500, 501, 539, 540, 541, 542, 543, 544, 545, 546, 547, 548, 549, 550, 552, 622, 708, 709, 710, 711, 712, 713, 714, 715, 716, 717, 718, 719, 720, 739, 796, 823, 824, 825, 826, 827, 906, 907, 908, 909]","[15, 16, 65, 66, 67, 68, 69, 70, 71, 72, 73, 74, 75, 76, 77, 78, 80, 91, 103, 104, 105, 106, 107, 108, 109, 110, 111, 112, 113, 114, 115, 116, 117, 118, 119, 120, 121, 122, 123, 124, 125, 126, 127, 128, 129, 130, 131, 132, 133, 134, 135, 136, 137, 138, 139, 140, 141, 142, 143, 144, 145, 146, 147, 148, 149, 150, 151, 152, 153, 154, 155, 156, 157, 158, 159, 160, 161, 162, 163, 164, 165, 166, 167, 168, 169, 170, 171, 172, 173, 174, 175, 176, 177, 178, 179, 180, 181, 182, 183, 184, 185, 186, 187, 188, 189, 190, 191, 192, 193, 194, 195, 196, 197, 198, 199, 200, 201, 202, 203, 204, 205, 206, 207, 208, 209, 210, 211, 212, 213, 214, 215, 216, 217, 218, 219, 220, 221, 222, 223, 224, 225, 226, 227, 228, 229, 230, 231, 232, 233, 234, 235, 236, 237, 238, 239, 240, 241, 242, 243, 244, 245, 246, 247, 248, 249, 250, 251, 252, 253, 254, 255, 256, 257, 258, 259, 260, 261, 262, 263, 264, 265, 266, 267, 268, 269, 270, 271, 272, 273, 274, 275, 276, 277, 278, 279, 280, 281, 282, 283, 284, 285, 286, 287, 288, 289, 290, 291, 292, 293, 294, 295, 296, 297, 298, 299, 300, 301, 302, 303, 304, 305, 306, 307, 308, 309, 310, 311, 312, 313, 314, 315, 316, 317, 318, 319, 320, 321, 322, 323, 324, 325, 326, 327, 328, 329, 330, 331, 332, 333, 334, 335, 336, 337, 340, 373, 374, 375, 376, 377, 459, 460, 461, 462, 500, 501, 539, 540, 541, 542, 543, 544, 545, 546, 547, 548, 549, 550, 552, 562, 574, 575, 576, 577, 578, 579, 580, 581, 582, 583, 584, 585, 586, 587, 588, 589, 590, 591, 592, 593, 594, 595, 596, 597, 598, 599, 600, 601, 602, 603, 604, 605, 606, 607, 608, 609, 610, 611, 612, 613, 614, 615, 616, 617, 618, 619, 620, 621, 622, 623, 624, 625, 626, 627, 628, 629, 630, 631, 632, 633, 634, 635, 636, 637, 638, 639, 640, 641, 642, 643, 644, 645, 646, 647, 648, 649, 650, 651, 652, 653, 654, 655, 656, 657, 658, 659, 660, 661, 662, 663, 664, 665, 666, 667, 668, 669, 670, 671, 672, 673, 674, 675, 676, 677, 678, 679, 680, 681, 682, 683, 684, 685, 686, 687, 688, 689, 690, 691, 692, 693, 694, 695, 696, 697, 698, 699, 700, 701, 702, 703, 704, 705, 706, 707, 708, 709, 710, 711, 712, 713, 714, 715, 716, 717, 718, 719, 720, 721, 722, 723, 724, 725, 726, 727, 728, 729, 730, 731, 732, 733, 734, 735, 736, 737, 738, 739, 740, 741, 742, 743, 744, 745, 746, 747, 748, 749, 750, 751, 752, 753, 754, 755, 756, 757, 758, 759, 760, 761, 762, 763, 764, 765, 766, 767, 768, 769, 770, 771, 772, 773, 774, 775, 776, 777, 778, 779, 780, 781, 782, 783, 784, 785, 786, 787, 788, 789, 790, 791, 792, 793, 796, 823, 824, 825, 826, 827, 906, 907, 908, 909]",True,"[252, 326, 715, 784]","[103, 104, 105, 106, 107, 108, 109, 110, 111, 112, 113, 114, 115, 116, 117, 118, 119, 120, 121, 122, 123, 124, 125, 126, 127, 128, 129, 130, 131, 132, 133, 134, 135, 136, 137, 138, 139, 140, 141, 142, 143, 144, 145, 146, 147, 148, 149, 150, 151, 152, 153, 154, 155, 156, 157, 158, 159, 160, 161, 162, 163, 164, 165, 166, 167, 168, 169, 170, 171, 172, 173, 174, 175, 176, 177, 178, 179, 180, 181, 182, 183, 184, 185, 186, 187, 188, 189, 190, 191, 192, 193, 194, 195, 196, 197, 198, 199, 200, 201, 202, 203, 204, 205, 206, 207, 208, 209, 210, 211, 212, 213, 214, 215, 216, 217, 218, 219, 220, 221, 222, 223, 224, 225, 226, 227, 228, 229, 230, 231, 232, 233, 234, 235, 236, 237, 238, 239, 240, 241, 242, 243, 244, 245, 246, 247, 248, 249, 250, 251, 252, 253, 254, 255, 256, 257, 258, 259, 260, 261, 262, 263, 264, 265, 266, 267, 268, 269, 270, 271, 272, 273, 274, 275, 276, 277, 278, 279, 280, 281, 282, 283, 284, 285, 286, 287, 288, 289, 290, 291, 292, 293, 294, 295, 296, 297, 298, 299, 300, 301, 302, 303, 304, 305, 306, 307, 308, 309, 310, 311, 312, 313, 314, 315, 316, 317, 318, 319, 320, 321, 322, 323, 324, 325, 326, 327, 328, 329, 330, 331, 332, 333, 334, 335, 336, 337, 574, 575, 576, 577, 578, 579, 580, 581, 582, 583, 584, 585, 586, 587, 588, 589, 590, 591, 592, 593, 594, 595, 596, 597, 598, 599, 600, 601, 602, 603, 604, 605, 606, 607, 608, 609, 610, 611, 612, 613, 614, 615, 616, 617, 618, 619, 620, 621, 622, 623, 624, 625, 626, 627, 628, 629, 630, 631, 632, 633, 634, 635, 636, 637, 638, 639, 640, 641, 642, 643, 644, 645, 646, 647, 648, 649, 650, 651, 652, 653, 654, 655, 656, 657, 658, 659, 660, 661, 662, 663, 664, 665, 666, 667, 668, 669, 670, 671, 672, 673, 674, 675, 676, 677, 678, 679, 680, 681, 682, 683, 684, 685, 686, 687, 688, 689, 690, 691, 692, 693, 694, 695, 696, 697, 698, 699, 700, 701, 702, 703, 704, 705, 706, 707, 708, 709, 710, 711, 712, 713, 714, 715, 716, 717, 718, 719, 720, 721, 722, 723, 724, 725, 726, 727, 728, 729, 730, 731, 732, 733, 734, 735, 736, 737, 738, 739, 740, 741, 742, 743, 744, 745, 746, 747, 748, 749, 750, 751, 752, 753, 754, 755, 756, 757, 758, 759, 760, 761, 762, 763, 764, 765, 766, 767, 768, 769, 770, 771, 772, 773, 774, 775, 776, 777, 778, 779, 780, 781, 782, 783, 784, 785, 786, 787, 788, 789, 790, 791, 792, 793]","[110, 216, 252, 326, 580, 715, 784]","[110, 216, 252, 326, 580, 715, 784]","[15, 91, 107, 110, 113, 123, 132, 136, 193, 216, 218, 252, 274, 275, 281, 286, 293, 302, 325, 326, 500, 562, 578, 580, 583, 594, 603, 607, 664, 686, 715, 733, 734, 740, 745, 752, 760, 783, 784]","[15, 16, 65, 66, 67, 68, 69, 70, 71, 72, 73, 74, 75, 76, 77, 78, 80, 151, 244, 245, 246, 247, 248, 249, 250, 251, 252, 253, 254, 255, 256, 257, 258, 259, 260, 280, 340, 373, 374, 375, 376, 377, 459, 460, 461, 462, 500, 501, 539, 540, 541, 542, 543, 544, 545, 546, 547, 548, 549, 550, 552, 622, 708, 709, 710, 711, 712, 713, 714, 715, 716, 717, 718, 719, 720, 739, 796, 823, 824, 825, 826, 827, 906, 907, 908, 909]","[15, 16, 65, 66, 67, 68, 69, 70, 71, 72, 73, 74, 75, 76, 80, 151, 245, 246, 247, 248, 249, 250, 251, 252, 253, 254, 255, 256, 257, 258, 259, 280, 340, 373, 374, 375, 376, 377, 459, 460, 461, 462, 500, 501, 539, 540, 541, 542, 543, 544, 545, 546, 547, 548, 549, 550, 552, 622, 708, 709, 710, 711, 712, 713, 714, 715, 716, 717, 718, 719, 720, 739, 796, 823, 824, 825, 826, 827, 906, 907, 908, 909]",7/6 successful match,True,[781],True,338,False,,1.0,True,Pilot Travel Center # 237 ),Pilot
F Salinas ( 93901 ) Pilot Travel Center # 237,2 831-775-0380 US 101 Exit 326 B ( S Sanborn W ),Pilot M,Salinas,93901,Pilot Travel Center # 237,831-775-0380,2014,Salinas,CA,Pilot,( S Sanborn W ),US 101 Exit 326 B ,Exit,326,False,,False,US 101,,,,,"[715, 252]","[252, 326, 715, 784]","[110, 216, 252, 326, 580, 715, 784]","[110, 216, 252, 326, 580, 715, 784]","[103, 104, 105, 106, 107, 108, 109, 110, 111, 112, 113, 114, 115, 116, 117, 118, 119, 120, 121, 122, 123, 124, 125, 126, 127, 128, 129, 130, 131, 132, 133, 134, 135, 136, 137, 138, 139, 140, 141, 142, 143, 144, 145, 146, 147, 148, 149, 150, 151, 152, 153, 154, 155, 156, 157, 158, 159, 160, 161, 162, 163, 164, 165, 166, 167, 168, 169, 170, 171, 172, 173, 174, 175, 176, 177, 178, 179, 180, 181, 182, 183, 184, 185, 186, 187, 188, 189, 190, 191, 192, 193, 194, 195, 196, 197, 198, 199, 200, 201, 202, 203, 204, 205, 206, 207, 208, 209, 210, 211, 212, 213, 214, 215, 216, 217, 218, 219, 220, 221, 222, 223, 224, 225, 226, 227, 228, 229, 230, 231, 232, 233, 234, 235, 236, 237, 238, 239, 240, 241, 242, 243, 244, 245, 246, 247, 248, 249, 250, 251, 252, 253, 254, 255, 256, 257, 258, 259, 260, 261, 262, 263, 264, 265, 266, 267, 268, 269, 270, 271, 272, 273, 274, 275, 276, 277, 278, 279, 280, 281, 282, 283, 284, 285, 286, 287, 288, 289, 290, 291, 292, 293, 294, 295, 296, 297, 298, 299, 300, 301, 302, 303, 304, 305, 306, 307, 308, 309, 310, 311, 312, 313, 314, 315, 316, 317, 318, 319, 320, 321, 322, 323, 324, 325, 326, 327, 328, 329, 330, 331, 332, 333, 334, 335, 336, 337, 574, 575, 576, 577, 578, 579, 580, 581, 582, 583, 584, 585, 586, 587, 588, 589, 590, 591, 592, 593, 594, 595, 596, 597, 598, 599, 600, 601, 602, 603, 604, 605, 606, 607, 608, 609, 610, 611, 612, 613, 614, 615, 616, 617, 618, 619, 620, 621, 622, 623, 624, 625, 626, 627, 628, 629, 630, 631, 632, 633, 634, 635, 636, 637, 638, 639, 640, 641, 642, 643, 644, 645, 646, 647, 648, 649, 650, 651, 652, 653, 654, 655, 656, 657, 658, 659, 660, 661, 662, 663, 664, 665, 666, 667, 668, 669, 670, 671, 672, 673, 674, 675, 676, 677, 678, 679, 680, 681, 682, 683, 684, 685, 686, 687, 688, 689, 690, 691, 692, 693, 694, 695, 696, 697, 698, 699, 700, 701, 702, 703, 704, 705, 706, 707, 708, 709, 710, 711, 712, 713, 714, 715, 716, 717, 718, 719, 720, 721, 722, 723, 724, 725, 726, 727, 728, 729, 730, 731, 732, 733, 734, 735, 736, 737, 738, 739, 740, 741, 742, 743, 744, 745, 746, 747, 748, 749, 750, 751, 752, 753, 754, 755, 756, 757, 758, 759, 760, 761, 762, 763, 764, 765, 766, 767, 768, 769, 770, 771, 772, 773, 774, 775, 776, 777, 778, 779, 780, 781, 782, 783, 784, 785, 786, 787, 788, 789, 790, 791, 792, 793]","[15, 91, 107, 110, 113, 123, 132, 136, 193, 216, 218, 252, 274, 275, 281, 286, 293, 302, 325, 326, 500, 562, 578, 580, 583, 594, 603, 607, 664, 686, 715, 733, 734, 740, 745, 752, 760, 783, 784]","[15, 16, 65, 66, 67, 68, 69, 70, 71, 72, 73, 74, 75, 76, 80, 151, 245, 246, 247, 248, 249, 250, 251, 252, 253, 254, 255, 256, 257, 258, 259, 280, 340, 373, 374, 375, 376, 377, 459, 460, 461, 462, 500, 501, 539, 540, 541, 542, 543, 544, 545, 546, 547, 548, 549, 550, 552, 622, 708, 709, 710, 711, 712, 713, 714, 715, 716, 717, 718, 719, 720, 739, 796, 823, 824, 825, 826, 827, 906, 907, 908, 909]","[15, 16, 65, 66, 67, 68, 69, 70, 71, 72, 73, 74, 75, 76, 77, 78, 80, 151, 244, 245, 246, 247, 248, 249, 250, 251, 252, 253, 254, 255, 256, 257, 258, 259, 260, 280, 340, 373, 374, 375, 376, 377, 459, 460, 461, 462, 500, 501, 539, 540, 541, 542, 543, 544, 545, 546, 547, 548, 549, 550, 552, 622, 708, 709, 710, 711, 712, 713, 714, 715, 716, 717, 718, 719, 720, 739, 796, 823, 824, 825, 826, 827, 906, 907, 908, 909]","[15, 16, 65, 66, 67, 68, 69, 70, 71, 72, 73, 74, 75, 76, 77, 78, 80, 91, 103, 104, 105, 106, 107, 108, 109, 110, 111, 112, 113, 114, 115, 116, 117, 118, 119, 120, 121, 122, 123, 124, 125, 126, 127, 128, 129, 130, 131, 132, 133, 134, 135, 136, 137, 138, 139, 140, 141, 142, 143, 144, 145, 146, 147, 148, 149, 150, 151, 152, 153, 154, 155, 156, 157, 158, 159, 160, 161, 162, 163, 164, 165, 166, 167, 168, 169, 170, 171, 172, 173, 174, 175, 176, 177, 178, 179, 180, 181, 182, 183, 184, 185, 186, 187, 188, 189, 190, 191, 192, 193, 194, 195, 196, 197, 198, 199, 200, 201, 202, 203, 204, 205, 206, 207, 208, 209, 210, 211, 212, 213, 214, 215, 216, 217, 218, 219, 220, 221, 222, 223, 224, 225, 226, 227, 228, 229, 230, 231, 232, 233, 234, 235, 236, 237, 238, 239, 240, 241, 242, 243, 244, 245, 246, 247, 248, 249, 250, 251, 252, 253, 254, 255, 256, 257, 258, 259, 260, 261, 262, 263, 264, 265, 266, 267, 268, 269, 270, 271, 272, 273, 274, 275, 276, 277, 278, 279, 280, 281, 282, 283, 284, 285, 286, 287, 288, 289, 290, 291, 292, 293, 294, 295, 296, 297, 298, 299, 300, 301, 302, 303, 304, 305, 306, 307, 308, 309, 310, 311, 312, 313, 314, 315, 316, 317, 318, 319, 320, 321, 322, 323, 324, 325, 326, 327, 328, 329, 330, 331, 332, 333, 334, 335, 336, 337, 340, 373, 374, 375, 376, 377, 459, 460, 461, 462, 500, 501, 539, 540, 541, 542, 543, 544, 545, 546, 547, 548, 549, 550, 552, 562, 574, 575, 576, 577, 578, 579, 580, 581, 582, 583, 584, 585, 586, 587, 588, 589, 590, 591, 592, 593, 594, 595, 596, 597, 598, 599, 600, 601, 602, 603, 604, 605, 606, 607, 608, 609, 610, 611, 612, 613, 614, 615, 616, 617, 618, 619, 620, 621, 622, 623, 624, 625, 626, 627, 628, 629, 630, 631, 632, 633, 634, 635, 636, 637, 638, 639, 640, 641, 642, 643, 644, 645, 646, 647, 648, 649, 650, 651, 652, 653, 654, 655, 656, 657, 658, 659, 660, 661, 662, 663, 664, 665, 666, 667, 668, 669, 670, 671, 672, 673, 674, 675, 676, 677, 678, 679, 680, 681, 682, 683, 684, 685, 686, 687, 688, 689, 690, 691, 692, 693, 694, 695, 696, 697, 698, 699, 700, 701, 702, 703, 704, 705, 706, 707, 708, 709, 710, 711, 712, 713, 714, 715, 716, 717, 718, 719, 720, 721, 722, 723, 724, 725, 726, 727, 728, 729, 730, 731, 732, 733, 734, 735, 736, 737, 738, 739, 740, 741, 742, 743, 744, 745, 746, 747, 748, 749, 750, 751, 752, 753, 754, 755, 756, 757, 758, 759, 760, 761, 762, 763, 764, 765, 766, 767, 768, 769, 770, 771, 772, 773, 774, 775, 776, 777, 778, 779, 780, 781, 782, 783, 784, 785, 786, 787, 788, 789, 790, 791, 792, 793, 796, 823, 824, 825, 826, 827, 906, 907, 908, 909]",True,"[252, 326, 715, 784]","[103, 104, 105, 106, 107, 108, 109, 110, 111, 112, 113, 114, 115, 116, 117, 118, 119, 120, 121, 122, 123, 124, 125, 126, 127, 128, 129, 130, 131, 132, 133, 134, 135, 136, 137, 138, 139, 140, 141, 142, 143, 144, 145, 146, 147, 148, 149, 150, 151, 152, 153, 154, 155, 156, 157, 158, 159, 160, 161, 162, 163, 164, 165, 166, 167, 168, 169, 170, 171, 172, 173, 174, 175, 176, 177, 178, 179, 180, 181, 182, 183, 184, 185, 186, 187, 188, 189, 190, 191, 192, 193, 194, 195, 196, 197, 198, 199, 200, 201, 202, 203, 204, 205, 206, 207, 208, 209, 210, 211, 212, 213, 214, 215, 216, 217, 218, 219, 220, 221, 222, 223, 224, 225, 226, 227, 228, 229, 230, 231, 232, 233, 234, 235, 236, 237, 238, 239, 240, 241, 242, 243, 244, 245, 246, 247, 248, 249, 250, 251, 252, 253, 254, 255, 256, 257, 258, 259, 260, 261, 262, 263, 264, 265, 266, 267, 268, 269, 270, 271, 272, 273, 274, 275, 276, 277, 278, 279, 280, 281, 282, 283, 284, 285, 286, 287, 288, 289, 290, 291, 292, 293, 294, 295, 296, 297, 298, 299, 300, 301, 302, 303, 304, 305, 306, 307, 308, 309, 310, 311, 312, 313, 314, 315, 316, 317, 318, 319, 320, 321, 322, 323, 324, 325, 326, 327, 328, 329, 330, 331, 332, 333, 334, 335, 336, 337, 574, 575, 576, 577, 578, 579, 580, 581, 582, 583, 584, 585, 586, 587, 588, 589, 590, 591, 592, 593, 594, 595, 596, 597, 598, 599, 600, 601, 602, 603, 604, 605, 606, 607, 608, 609, 610, 611, 612, 613, 614, 615, 616, 617, 618, 619, 620, 621, 622, 623, 624, 625, 626, 627, 628, 629, 630, 631, 632, 633, 634, 635, 636, 637, 638, 639, 640, 641, 642, 643, 644, 645, 646, 647, 648, 649, 650, 651, 652, 653, 654, 655, 656, 657, 658, 659, 660, 661, 662, 663, 664, 665, 666, 667, 668, 669, 670, 671, 672, 673, 674, 675, 676, 677, 678, 679, 680, 681, 682, 683, 684, 685, 686, 687, 688, 689, 690, 691, 692, 693, 694, 695, 696, 697, 698, 699, 700, 701, 702, 703, 704, 705, 706, 707, 708, 709, 710, 711, 712, 713, 714, 715, 716, 717, 718, 719, 720, 721, 722, 723, 724, 725, 726, 727, 728, 729, 730, 731, 732, 733, 734, 735, 736, 737, 738, 739, 740, 741, 742, 743, 744, 745, 746, 747, 748, 749, 750, 751, 752, 753, 754, 755, 756, 757, 758, 759, 760, 761, 762, 763, 764, 765, 766, 767, 768, 769, 770, 771, 772, 773, 774, 775, 776, 777, 778, 779, 780, 781, 782, 783, 784, 785, 786, 787, 788, 789, 790, 791, 792, 793]","[110, 216, 252, 326, 580, 715, 784]","[110, 216, 252, 326, 580, 715, 784]","[15, 91, 107, 110, 113, 123, 132, 136, 193, 216, 218, 252, 274, 275, 281, 286, 293, 302, 325, 326, 500, 562, 578, 580, 583, 594, 603, 607, 664, 686, 715, 733, 734, 740, 745, 752, 760, 783, 784]","[15, 16, 65, 66, 67, 68, 69, 70, 71, 72, 73, 74, 75, 76, 77, 78, 80, 151, 244, 245, 246, 247, 248, 249, 250, 251, 252, 253, 254, 255, 256, 257, 258, 259, 260, 280, 340, 373, 374, 375, 376, 377, 459, 460, 461, 462, 500, 501, 539, 540, 541, 542, 543, 544, 545, 546, 547, 548, 549, 550, 552, 622, 708, 709, 710, 711, 712, 713, 714, 715, 716, 717, 718, 719, 720, 739, 796, 823, 824, 825, 826, 827, 906, 907, 908, 909]","[15, 16, 65, 66, 67, 68, 69, 70, 71, 72, 73, 74, 75, 76, 80, 151, 245, 246, 247, 248, 249, 250, 251, 252, 253, 254, 255, 256, 257, 258, 259, 280, 340, 373, 374, 375, 376, 377, 459, 460, 461, 462, 500, 501, 539, 540, 541, 542, 543, 544, 545, 546, 547, 548, 549, 550, 552, 622, 708, 709, 710, 711, 712, 713, 714, 715, 716, 717, 718, 719, 720, 739, 796, 823, 824, 825, 826, 827, 906, 907, 908, 909]",7/6 successful match,True,[781],True,338,False,,1.0,True,Pilot Travel Center # 237 W ( N on Terven ),Pilot
Salinas ( 93901 ) Pilot Travel Center # 237,831-775-0380 US 101 Exit 326 B ( W then N on Work ),) 24 M,Salinas,93901,Pilot Travel Center # 237,831-775-0380,2015,Salinas,CA,Pilot,( W then N on Work ),US 101 Exit 326 B ,Exit,326,False,,False,US 101,,,,,"[715, 252]","[252, 326, 715, 784]","[110, 216, 252, 326, 580, 715, 784]","[110, 216, 252, 326, 580, 715, 784]","[103, 104, 105, 106, 107, 108, 109, 110, 111, 112, 113, 114, 115, 116, 117, 118, 119, 120, 121, 122, 123, 124, 125, 126, 127, 128, 129, 130, 131, 132, 133, 134, 135, 136, 137, 138, 139, 140, 141, 142, 143, 144, 145, 146, 147, 148, 149, 150, 151, 152, 153, 154, 155, 156, 157, 158, 159, 160, 161, 162, 163, 164, 165, 166, 167, 168, 169, 170, 171, 172, 173, 174, 175, 176, 177, 178, 179, 180, 181, 182, 183, 184, 185, 186, 187, 188, 189, 190, 191, 192, 193, 194, 195, 196, 197, 198, 199, 200, 201, 202, 203, 204, 205, 206, 207, 208, 209, 210, 211, 212, 213, 214, 215, 216, 217, 218, 219, 220, 221, 222, 223, 224, 225, 226, 227, 228, 229, 230, 231, 232, 233, 234, 235, 236, 237, 238, 239, 240, 241, 242, 243, 244, 245, 246, 247, 248, 249, 250, 251, 252, 253, 254, 255, 256, 257, 258, 259, 260, 261, 262, 263, 264, 265, 266, 267, 268, 269, 270, 271, 272, 273, 274, 275, 276, 277, 278, 279, 280, 281, 282, 283, 284, 285, 286, 287, 288, 289, 290, 291, 292, 293, 294, 295, 296, 297, 298, 299, 300, 301, 302, 303, 304, 305, 306, 307, 308, 309, 310, 311, 312, 313, 314, 315, 316, 317, 318, 319, 320, 321, 322, 323, 324, 325, 326, 327, 328, 329, 330, 331, 332, 333, 334, 335, 336, 337, 574, 575, 576, 577, 578, 579, 580, 581, 582, 583, 584, 585, 586, 587, 588, 589, 590, 591, 592, 593, 594, 595, 596, 597, 598, 599, 600, 601, 602, 603, 604, 605, 606, 607, 608, 609, 610, 611, 612, 613, 614, 615, 616, 617, 618, 619, 620, 621, 622, 623, 624, 625, 626, 627, 628, 629, 630, 631, 632, 633, 634, 635, 636, 637, 638, 639, 640, 641, 642, 643, 644, 645, 646, 647, 648, 649, 650, 651, 652, 653, 654, 655, 656, 657, 658, 659, 660, 661, 662, 663, 664, 665, 666, 667, 668, 669, 670, 671, 672, 673, 674, 675, 676, 677, 678, 679, 680, 681, 682, 683, 684, 685, 686, 687, 688, 689, 690, 691, 692, 693, 694, 695, 696, 697, 698, 699, 700, 701, 702, 703, 704, 705, 706, 707, 708, 709, 710, 711, 712, 713, 714, 715, 716, 717, 718, 719, 720, 721, 722, 723, 724, 725, 726, 727, 728, 729, 730, 731, 732, 733, 734, 735, 736, 737, 738, 739, 740, 741, 742, 743, 744, 745, 746, 747, 748, 749, 750, 751, 752, 753, 754, 755, 756, 757, 758, 759, 760, 761, 762, 763, 764, 765, 766, 767, 768, 769, 770, 771, 772, 773, 774, 775, 776, 777, 778, 779, 780, 781, 782, 783, 784, 785, 786, 787, 788, 789, 790, 791, 792, 793]","[15, 91, 107, 110, 113, 123, 132, 136, 193, 216, 218, 252, 274, 275, 281, 286, 293, 302, 325, 326, 500, 562, 578, 580, 583, 594, 603, 607, 664, 686, 715, 733, 734, 740, 745, 752, 760, 783, 784]","[15, 16, 65, 66, 67, 68, 69, 70, 71, 72, 73, 74, 75, 76, 80, 151, 245, 246, 247, 248, 249, 250, 251, 252, 253, 254, 255, 256, 257, 258, 259, 280, 340, 373, 374, 375, 376, 377, 459, 460, 461, 462, 500, 501, 539, 540, 541, 542, 543, 544, 545, 546, 547, 548, 549, 550, 552, 622, 708, 709, 710, 711, 712, 713, 714, 715, 716, 717, 718, 719, 720, 739, 796, 823, 824, 825, 826, 827, 906, 907, 908, 909]","[15, 16, 65, 66, 67, 68, 69, 70, 71, 72, 73, 74, 75, 76, 77, 78, 80, 151, 244, 245, 246, 247, 248, 249, 250, 251, 252, 253, 254, 255, 256, 257, 258, 259, 260, 280, 340, 373, 374, 375, 376, 377, 459, 460, 461, 462, 500, 501, 539, 540, 541, 542, 543, 544, 545, 546, 547, 548, 549, 550, 552, 622, 708, 709, 710, 711, 712, 713, 714, 715, 716, 717, 718, 719, 720, 739, 796, 823, 824, 825, 826, 827, 906, 907, 908, 909]","[15, 16, 65, 66, 67, 68, 69, 70, 71, 72, 73, 74, 75, 76, 77, 78, 80, 91, 103, 104, 105, 106, 107, 108, 109, 110, 111, 112, 113, 114, 115, 116, 117, 118, 119, 120, 121, 122, 123, 124, 125, 126, 127, 128, 129, 130, 131, 132, 133, 134, 135, 136, 137, 138, 139, 140, 141, 142, 143, 144, 145, 146, 147, 148, 149, 150, 151, 152, 153, 154, 155, 156, 157, 158, 159, 160, 161, 162, 163, 164, 165, 166, 167, 168, 169, 170, 171, 172, 173, 174, 175, 176, 177, 178, 179, 180, 181, 182, 183, 184, 185, 186, 187, 188, 189, 190, 191, 192, 193, 194, 195, 196, 197, 198, 199, 200, 201, 202, 203, 204, 205, 206, 207, 208, 209, 210, 211, 212, 213, 214, 215, 216, 217, 218, 219, 220, 221, 222, 223, 224, 225, 226, 227, 228, 229, 230, 231, 232, 233, 234, 235, 236, 237, 238, 239, 240, 241, 242, 243, 244, 245, 246, 247, 248, 249, 250, 251, 252, 253, 254, 255, 256, 257, 258, 259, 260, 261, 262, 263, 264, 265, 266, 267, 268, 269, 270, 271, 272, 273, 274, 275, 276, 277, 278, 279, 280, 281, 282, 283, 284, 285, 286, 287, 288, 289, 290, 291, 292, 293, 294, 295, 296, 297, 298, 299, 300, 301, 302, 303, 304, 305, 306, 307, 308, 309, 310, 311, 312, 313, 314, 315, 316, 317, 318, 319, 320, 321, 322, 323, 324, 325, 326, 327, 328, 329, 330, 331, 332, 333, 334, 335, 336, 337, 340, 373, 374, 375, 376, 377, 459, 460, 461, 462, 500, 501, 539, 540, 541, 542, 543, 544, 545, 546, 547, 548, 549, 550, 552, 562, 574, 575, 576, 577, 578, 579, 580, 581, 582, 583, 584, 585, 586, 587, 588, 589, 590, 591, 592, 593, 594, 595, 596, 597, 598, 599, 600, 601, 602, 603, 604, 605, 606, 607, 608, 609, 610, 611, 612, 613, 614, 615, 616, 617, 618, 619, 620, 621, 622, 623, 624, 625, 626, 627, 628, 629, 630, 631, 632, 633, 634, 635, 636, 637, 638, 639, 640, 641, 642, 643, 644, 645, 646, 647, 648, 649, 650, 651, 652, 653, 654, 655, 656, 657, 658, 659, 660, 661, 662, 663, 664, 665, 666, 667, 668, 669, 670, 671, 672, 673, 674, 675, 676, 677, 678, 679, 680, 681, 682, 683, 684, 685, 686, 687, 688, 689, 690, 691, 692, 693, 694, 695, 696, 697, 698, 699, 700, 701, 702, 703, 704, 705, 706, 707, 708, 709, 710, 711, 712, 713, 714, 715, 716, 717, 718, 719, 720, 721, 722, 723, 724, 725, 726, 727, 728, 729, 730, 731, 732, 733, 734, 735, 736, 737, 738, 739, 740, 741, 742, 743, 744, 745, 746, 747, 748, 749, 750, 751, 752, 753, 754, 755, 756, 757, 758, 759, 760, 761, 762, 763, 764, 765, 766, 767, 768, 769, 770, 771, 772, 773, 774, 775, 776, 777, 778, 779, 780, 781, 782, 783, 784, 785, 786, 787, 788, 789, 790, 791, 792, 793, 796, 823, 824, 825, 826, 827, 906, 907, 908, 909]",True,"[252, 326, 715, 784]","[103, 104, 105, 106, 107, 108, 109, 110, 111, 112, 113, 114, 115, 116, 117, 118, 119, 120, 121, 122, 123, 124, 125, 126, 127, 128, 129, 130, 131, 132, 133, 134, 135, 136, 137, 138, 139, 140, 141, 142, 143, 144, 145, 146, 147, 148, 149, 150, 151, 152, 153, 154, 155, 156, 157, 158, 159, 160, 161, 162, 163, 164, 165, 166, 167, 168, 169, 170, 171, 172, 173, 174, 175, 176, 177, 178, 179, 180, 181, 182, 183, 184, 185, 186, 187, 188, 189, 190, 191, 192, 193, 194, 195, 196, 197, 198, 199, 200, 201, 202, 203, 204, 205, 206, 207, 208, 209, 210, 211, 212, 213, 214, 215, 216, 217, 218, 219, 220, 221, 222, 223, 224, 225, 226, 227, 228, 229, 230, 231, 232, 233, 234, 235, 236, 237, 238, 239, 240, 241, 242, 243, 244, 245, 246, 247, 248, 249, 250, 251, 252, 253, 254, 255, 256, 257, 258, 259, 260, 261, 262, 263, 264, 265, 266, 267, 268, 269, 270, 271, 272, 273, 274, 275, 276, 277, 278, 279, 280, 281, 282, 283, 284, 285, 286, 287, 288, 289, 290, 291, 292, 293, 294, 295, 296, 297, 298, 299, 300, 301, 302, 303, 304, 305, 306, 307, 308, 309, 310, 311, 312, 313, 314, 315, 316, 317, 318, 319, 320, 321, 322, 323, 324, 325, 326, 327, 328, 329, 330, 331, 332, 333, 334, 335, 336, 337, 574, 575, 576, 577, 578, 579, 580, 581, 582, 583, 584, 585, 586, 587, 588, 589, 590, 591, 592, 593, 594, 595, 596, 597, 598, 599, 600, 601, 602, 603, 604, 605, 606, 607, 608, 609, 610, 611, 612, 613, 614, 615, 616, 617, 618, 619, 620, 621, 622, 623, 624, 625, 626, 627, 628, 629, 630, 631, 632, 633, 634, 635, 636, 637, 638, 639, 640, 641, 642, 643, 644, 645, 646, 647, 648, 649, 650, 651, 652, 653, 654, 655, 656, 657, 658, 659, 660, 661, 662, 663, 664, 665, 666, 667, 668, 669, 670, 671, 672, 673, 674, 675, 676, 677, 678, 679, 680, 681, 682, 683, 684, 685, 686, 687, 688, 689, 690, 691, 692, 693, 694, 695, 696, 697, 698, 699, 700, 701, 702, 703, 704, 705, 706, 707, 708, 709, 710, 711, 712, 713, 714, 715, 716, 717, 718, 719, 720, 721, 722, 723, 724, 725, 726, 727, 728, 729, 730, 731, 732, 733, 734, 735, 736, 737, 738, 739, 740, 741, 742, 743, 744, 745, 746, 747, 748, 749, 750, 751, 752, 753, 754, 755, 756, 757, 758, 759, 760, 761, 762, 763, 764, 765, 766, 767, 768, 769, 770, 771, 772, 773, 774, 775, 776, 777, 778, 779, 780, 781, 782, 783, 784, 785, 786, 787, 788, 789, 790, 791, 792, 793]","[110, 216, 252, 326, 580, 715, 784]","[110, 216, 252, 326, 580, 715, 784]","[15, 91, 107, 110, 113, 123, 132, 136, 193, 216, 218, 252, 274, 275, 281, 286, 293, 302, 325, 326, 500, 562, 578, 580, 583, 594, 603, 607, 664, 686, 715, 733, 734, 740, 745, 752, 760, 783, 784]","[15, 16, 65, 66, 67, 68, 69, 70, 71, 72, 73, 74, 75, 76, 77, 78, 80, 151, 244, 245, 246, 247, 248, 249, 250, 251, 252, 253, 254, 255, 256, 257, 258, 259, 260, 280, 340, 373, 374, 375, 376, 377, 459, 460, 461, 462, 500, 501, 539, 540, 541, 542, 543, 544, 545, 546, 547, 548, 549, 550, 552, 622, 708, 709, 710, 711, 712, 713, 714, 715, 716, 717, 718, 719, 720, 739, 796, 823, 824, 825, 826, 827, 906, 907, 908, 909]","[15, 16, 65, 66, 67, 68, 69, 70, 71, 72, 73, 74, 75, 76, 80, 151, 245, 246, 247, 248, 249, 250, 251, 252, 253, 254, 255, 256, 257, 258, 259, 280, 340, 373, 374, 375, 376, 377, 459, 460, 461, 462, 500, 501, 539, 540, 541, 542, 543, 544, 545, 546, 547, 548, 549, 550, 552, 622, 708, 709, 710, 711, 712, 713, 714, 715, 716, 717, 718, 719, 720, 739, 796, 823, 824, 825, 826, 827, 906, 907, 908, 909]",7/6 successful match,True,[781],True,338,False,,1.0,True,Pilot Travel Center # 237,Pilot
F Salinas ( 93901 ) Pilot Travel Center # 237 Pilot,2 831-775-0380 US 101 Exit 326 B ( W then N on Work ),24 <U+2610> MO 24,Salinas,93901,Pilot Travel Center # 237 Pilot,831-775-0380,2016,Salinas,CA,Pilot,( W then N on Work ),US 101 Exit 326 B ,Exit,326,False,,False,US 101,,,,,"[715, 252]","[252, 326, 715, 784]","[110, 216, 252, 326, 580, 715, 784]","[110, 216, 252, 326, 580, 715, 784]","[103, 104, 105, 106, 107, 108, 109, 110, 111, 112, 113, 114, 115, 116, 117, 118, 119, 120, 121, 122, 123, 124, 125, 126, 127, 128, 129, 130, 131, 132, 133, 134, 135, 136, 137, 138, 139, 140, 141, 142, 143, 144, 145, 146, 147, 148, 149, 150, 151, 152, 153, 154, 155, 156, 157, 158, 159, 160, 161, 162, 163, 164, 165, 166, 167, 168, 169, 170, 171, 172, 173, 174, 175, 176, 177, 178, 179, 180, 181, 182, 183, 184, 185, 186, 187, 188, 189, 190, 191, 192, 193, 194, 195, 196, 197, 198, 199, 200, 201, 202, 203, 204, 205, 206, 207, 208, 209, 210, 211, 212, 213, 214, 215, 216, 217, 218, 219, 220, 221, 222, 223, 224, 225, 226, 227, 228, 229, 230, 231, 232, 233, 234, 235, 236, 237, 238, 239, 240, 241, 242, 243, 244, 245, 246, 247, 248, 249, 250, 251, 252, 253, 254, 255, 256, 257, 258, 259, 260, 261, 262, 263, 264, 265, 266, 267, 268, 269, 270, 271, 272, 273, 274, 275, 276, 277, 278, 279, 280, 281, 282, 283, 284, 285, 286, 287, 288, 289, 290, 291, 292, 293, 294, 295, 296, 297, 298, 299, 300, 301, 302, 303, 304, 305, 306, 307, 308, 309, 310, 311, 312, 313, 314, 315, 316, 317, 318, 319, 320, 321, 322, 323, 324, 325, 326, 327, 328, 329, 330, 331, 332, 333, 334, 335, 336, 337, 574, 575, 576, 577, 578, 579, 580, 581, 582, 583, 584, 585, 586, 587, 588, 589, 590, 591, 592, 593, 594, 595, 596, 597, 598, 599, 600, 601, 602, 603, 604, 605, 606, 607, 608, 609, 610, 611, 612, 613, 614, 615, 616, 617, 618, 619, 620, 621, 622, 623, 624, 625, 626, 627, 628, 629, 630, 631, 632, 633, 634, 635, 636, 637, 638, 639, 640, 641, 642, 643, 644, 645, 646, 647, 648, 649, 650, 651, 652, 653, 654, 655, 656, 657, 658, 659, 660, 661, 662, 663, 664, 665, 666, 667, 668, 669, 670, 671, 672, 673, 674, 675, 676, 677, 678, 679, 680, 681, 682, 683, 684, 685, 686, 687, 688, 689, 690, 691, 692, 693, 694, 695, 696, 697, 698, 699, 700, 701, 702, 703, 704, 705, 706, 707, 708, 709, 710, 711, 712, 713, 714, 715, 716, 717, 718, 719, 720, 721, 722, 723, 724, 725, 726, 727, 728, 729, 730, 731, 732, 733, 734, 735, 736, 737, 738, 739, 740, 741, 742, 743, 744, 745, 746, 747, 748, 749, 750, 751, 752, 753, 754, 755, 756, 757, 758, 759, 760, 761, 762, 763, 764, 765, 766, 767, 768, 769, 770, 771, 772, 773, 774, 775, 776, 777, 778, 779, 780, 781, 782, 783, 784, 785, 786, 787, 788, 789, 790, 791, 792, 793]","[15, 91, 107, 110, 113, 123, 132, 136, 193, 216, 218, 252, 274, 275, 281, 286, 293, 302, 325, 326, 500, 562, 578, 580, 583, 594, 603, 607, 664, 686, 715, 733, 734, 740, 745, 752, 760, 783, 784]","[15, 16, 65, 66, 67, 68, 69, 70, 71, 72, 73, 74, 75, 76, 80, 151, 245, 246, 247, 248, 249, 250, 251, 252, 253, 254, 255, 256, 257, 258, 259, 280, 340, 373, 374, 375, 376, 377, 459, 460, 461, 462, 500, 501, 539, 540, 541, 542, 543, 544, 545, 546, 547, 548, 549, 550, 552, 622, 708, 709, 710, 711, 712, 713, 714, 715, 716, 717, 718, 719, 720, 739, 796, 823, 824, 825, 826, 827, 906, 907, 908, 909]","[15, 16, 65, 66, 67, 68, 69, 70, 71, 72, 73, 74, 75, 76, 77, 78, 80, 151, 244, 245, 246, 247, 248, 249, 250, 251, 252, 253, 254, 255, 256, 257, 258, 259, 260, 280, 340, 373, 374, 375, 376, 377, 459, 460, 461, 462, 500, 501, 539, 540, 541, 542, 543, 544, 545, 546, 547, 548, 549, 550, 552, 622, 708, 709, 710, 711, 712, 713, 714, 715, 716, 717, 718, 719, 720, 739, 796, 823, 824, 825, 826, 827, 906, 907, 908, 909]","[15, 16, 65, 66, 67, 68, 69, 70, 71, 72, 73, 74, 75, 76, 77, 78, 80, 91, 103, 104, 105, 106, 107, 108, 109, 110, 111, 112, 113, 114, 115, 116, 117, 118, 119, 120, 121, 122, 123, 124, 125, 126, 127, 128, 129, 130, 131, 132, 133, 134, 135, 136, 137, 138, 139, 140, 141, 142, 143, 144, 145, 146, 147, 148, 149, 150, 151, 152, 153, 154, 155, 156, 157, 158, 159, 160, 161, 162, 163, 164, 165, 166, 167, 168, 169, 170, 171, 172, 173, 174, 175, 176, 177, 178, 179, 180, 181, 182, 183, 184, 185, 186, 187, 188, 189, 190, 191, 192, 193, 194, 195, 196, 197, 198, 199, 200, 201, 202, 203, 204, 205, 206, 207, 208, 209, 210, 211, 212, 213, 214, 215, 216, 217, 218, 219, 220, 221, 222, 223, 224, 225, 226, 227, 228, 229, 230, 231, 232, 233, 234, 235, 236, 237, 238, 239, 240, 241, 242, 243, 244, 245, 246, 247, 248, 249, 250, 251, 252, 253, 254, 255, 256, 257, 258, 259, 260, 261, 262, 263, 264, 265, 266, 267, 268, 269, 270, 271, 272, 273, 274, 275, 276, 277, 278, 279, 280, 281, 282, 283, 284, 285, 286, 287, 288, 289, 290, 291, 292, 293, 294, 295, 296, 297, 298, 299, 300, 301, 302, 303, 304, 305, 306, 307, 308, 309, 310, 311, 312, 313, 314, 315, 316, 317, 318, 319, 320, 321, 322, 323, 324, 325, 326, 327, 328, 329, 330, 331, 332, 333, 334, 335, 336, 337, 340, 373, 374, 375, 376, 377, 459, 460, 461, 462, 500, 501, 539, 540, 541, 542, 543, 544, 545, 546, 547, 548, 549, 550, 552, 562, 574, 575, 576, 577, 578, 579, 580, 581, 582, 583, 584, 585, 586, 587, 588, 589, 590, 591, 592, 593, 594, 595, 596, 597, 598, 599, 600, 601, 602, 603, 604, 605, 606, 607, 608, 609, 610, 611, 612, 613, 614, 615, 616, 617, 618, 619, 620, 621, 622, 623, 624, 625, 626, 627, 628, 629, 630, 631, 632, 633, 634, 635, 636, 637, 638, 639, 640, 641, 642, 643, 644, 645, 646, 647, 648, 649, 650, 651, 652, 653, 654, 655, 656, 657, 658, 659, 660, 661, 662, 663, 664, 665, 666, 667, 668, 669, 670, 671, 672, 673, 674, 675, 676, 677, 678, 679, 680, 681, 682, 683, 684, 685, 686, 687, 688, 689, 690, 691, 692, 693, 694, 695, 696, 697, 698, 699, 700, 701, 702, 703, 704, 705, 706, 707, 708, 709, 710, 711, 712, 713, 714, 715, 716, 717, 718, 719, 720, 721, 722, 723, 724, 725, 726, 727, 728, 729, 730, 731, 732, 733, 734, 735, 736, 737, 738, 739, 740, 741, 742, 743, 744, 745, 746, 747, 748, 749, 750, 751, 752, 753, 754, 755, 756, 757, 758, 759, 760, 761, 762, 763, 764, 765, 766, 767, 768, 769, 770, 771, 772, 773, 774, 775, 776, 777, 778, 779, 780, 781, 782, 783, 784, 785, 786, 787, 788, 789, 790, 791, 792, 793, 796, 823, 824, 825, 826, 827, 906, 907, 908, 909]",True,"[252, 326, 715, 784]","[103, 104, 105, 106, 107, 108, 109, 110, 111, 112, 113, 114, 115, 116, 117, 118, 119, 120, 121, 122, 123, 124, 125, 126, 127, 128, 129, 130, 131, 132, 133, 134, 135, 136, 137, 138, 139, 140, 141, 142, 143, 144, 145, 146, 147, 148, 149, 150, 151, 152, 153, 154, 155, 156, 157, 158, 159, 160, 161, 162, 163, 164, 165, 166, 167, 168, 169, 170, 171, 172, 173, 174, 175, 176, 177, 178, 179, 180, 181, 182, 183, 184, 185, 186, 187, 188, 189, 190, 191, 192, 193, 194, 195, 196, 197, 198, 199, 200, 201, 202, 203, 204, 205, 206, 207, 208, 209, 210, 211, 212, 213, 214, 215, 216, 217, 218, 219, 220, 221, 222, 223, 224, 225, 226, 227, 228, 229, 230, 231, 232, 233, 234, 235, 236, 237, 238, 239, 240, 241, 242, 243, 244, 245, 246, 247, 248, 249, 250, 251, 252, 253, 254, 255, 256, 257, 258, 259, 260, 261, 262, 263, 264, 265, 266, 267, 268, 269, 270, 271, 272, 273, 274, 275, 276, 277, 278, 279, 280, 281, 282, 283, 284, 285, 286, 287, 288, 289, 290, 291, 292, 293, 294, 295, 296, 297, 298, 299, 300, 301, 302, 303, 304, 305, 306, 307, 308, 309, 310, 311, 312, 313, 314, 315, 316, 317, 318, 319, 320, 321, 322, 323, 324, 325, 326, 327, 328, 329, 330, 331, 332, 333, 334, 335, 336, 337, 574, 575, 576, 577, 578, 579, 580, 581, 582, 583, 584, 585, 586, 587, 588, 589, 590, 591, 592, 593, 594, 595, 596, 597, 598, 599, 600, 601, 602, 603, 604, 605, 606, 607, 608, 609, 610, 611, 612, 613, 614, 615, 616, 617, 618, 619, 620, 621, 622, 623, 624, 625, 626, 627, 628, 629, 630, 631, 632, 633, 634, 635, 636, 637, 638, 639, 640, 641, 642, 643, 644, 645, 646, 647, 648, 649, 650, 651, 652, 653, 654, 655, 656, 657, 658, 659, 660, 661, 662, 663, 664, 665, 666, 667, 668, 669, 670, 671, 672, 673, 674, 675, 676, 677, 678, 679, 680, 681, 682, 683, 684, 685, 686, 687, 688, 689, 690, 691, 692, 693, 694, 695, 696, 697, 698, 699, 700, 701, 702, 703, 704, 705, 706, 707, 708, 709, 710, 711, 712, 713, 714, 715, 716, 717, 718, 719, 720, 721, 722, 723, 724, 725, 726, 727, 728, 729, 730, 731, 732, 733, 734, 735, 736, 737, 738, 739, 740, 741, 742, 743, 744, 745, 746, 747, 748, 749, 750, 751, 752, 753, 754, 755, 756, 757, 758, 759, 760, 761, 762, 763, 764, 765, 766, 767, 768, 769, 770, 771, 772, 773, 774, 775, 776, 777, 778, 779, 780, 781, 782, 783, 784, 785, 786, 787, 788, 789, 790, 791, 792, 793]","[110, 216, 252, 326, 580, 715, 784]","[110, 216, 252, 326, 580, 715, 784]","[15, 91, 107, 110, 113, 123, 132, 136, 193, 216, 218, 252, 274, 275, 281, 286, 293, 302, 325, 326, 500, 562, 578, 580, 583, 594, 603, 607, 664, 686, 715, 733, 734, 740, 745, 752, 760, 783, 784]","[15, 16, 65, 66, 67, 68, 69, 70, 71, 72, 73, 74, 75, 76, 77, 78, 80, 151, 244, 245, 246, 247, 248, 249, 250, 251, 252, 253, 254, 255, 256, 257, 258, 259, 260, 280, 340, 373, 374, 375, 376, 377, 459, 460, 461, 462, 500, 501, 539, 540, 541, 542, 543, 544, 545, 546, 547, 548, 549, 550, 552, 622, 708, 709, 710, 711, 712, 713, 714, 715, 716, 717, 718, 719, 720, 739, 796, 823, 824, 825, 826, 827, 906, 907, 908, 909]","[15, 16, 65, 66, 67, 68, 69, 70, 71, 72, 73, 74, 75, 76, 80, 151, 245, 246, 247, 248, 249, 250, 251, 252, 253, 254, 255, 256, 257, 258, 259, 280, 340, 373, 374, 375, 376, 377, 459, 460, 461, 462, 500, 501, 539, 540, 541, 542, 543, 544, 545, 546, 547, 548, 549, 550, 552, 622, 708, 709, 710, 711, 712, 713, 714, 715, 716, 717, 718, 719, 720, 739, 796, 823, 824, 825, 826, 827, 906, 907, 908, 909]",7/6 successful match,True,[781],True,338,False,,1.0,True,Pilot Travel Center # 237,Pilot
"King City , 93930 Beacon - Valero Truck Stop",831-385-5993 US 101 Exit 278 ( Wildhorse Rd ),24 <U+2610> O 000,King City,93930,Beacon - Valero Truck Stop,831-385-5993,2006,King City,CA,Valero,( Wildhorse Rd ),US 101 Exit 278 ,Exit,278,False,,False,US 101,,,,,[],"[113, 583]","[113, 583]","[53, 113, 200, 204, 249, 583, 671, 674, 712]","[103, 104, 105, 106, 107, 108, 109, 110, 111, 112, 113, 114, 115, 116, 117, 118, 119, 120, 121, 122, 123, 124, 125, 126, 127, 128, 129, 130, 131, 132, 133, 134, 135, 136, 137, 138, 139, 140, 141, 142, 143, 144, 145, 146, 147, 148, 149, 150, 151, 152, 153, 154, 155, 156, 157, 158, 159, 160, 161, 162, 163, 164, 165, 166, 167, 168, 169, 170, 171, 172, 173, 174, 175, 176, 177, 178, 179, 180, 181, 182, 183, 184, 185, 186, 187, 188, 189, 190, 191, 192, 193, 194, 195, 196, 197, 198, 199, 200, 201, 202, 203, 204, 205, 206, 207, 208, 209, 210, 211, 212, 213, 214, 215, 216, 217, 218, 219, 220, 221, 222, 223, 224, 225, 226, 227, 228, 229, 230, 231, 232, 233, 234, 235, 236, 237, 238, 239, 240, 241, 242, 243, 244, 245, 246, 247, 248, 249, 250, 251, 252, 253, 254, 255, 256, 257, 258, 259, 260, 261, 262, 263, 264, 265, 266, 267, 268, 269, 270, 271, 272, 273, 274, 275, 276, 277, 278, 279, 280, 281, 282, 283, 284, 285, 286, 287, 288, 289, 290, 291, 292, 293, 294, 295, 296, 297, 298, 299, 300, 301, 302, 303, 304, 305, 306, 307, 308, 309, 310, 311, 312, 313, 314, 315, 316, 317, 318, 319, 320, 321, 322, 323, 324, 325, 326, 327, 328, 329, 330, 331, 332, 333, 334, 335, 336, 337, 574, 575, 576, 577, 578, 579, 580, 581, 582, 583, 584, 585, 586, 587, 588, 589, 590, 591, 592, 593, 594, 595, 596, 597, 598, 599, 600, 601, 602, 603, 604, 605, 606, 607, 608, 609, 610, 611, 612, 613, 614, 615, 616, 617, 618, 619, 620, 621, 622, 623, 624, 625, 626, 627, 628, 629, 630, 631, 632, 633, 634, 635, 636, 637, 638, 639, 640, 641, 642, 643, 644, 645, 646, 647, 648, 649, 650, 651, 652, 653, 654, 655, 656, 657, 658, 659, 660, 661, 662, 663, 664, 665, 666, 667, 668, 669, 670, 671, 672, 673, 674, 675, 676, 677, 678, 679, 680, 681, 682, 683, 684, 685, 686, 687, 688, 689, 690, 691, 692, 693, 694, 695, 696, 697, 698, 699, 700, 701, 702, 703, 704, 705, 706, 707, 708, 709, 710, 711, 712, 713, 714, 715, 716, 717, 718, 719, 720, 721, 722, 723, 724, 725, 726, 727, 728, 729, 730, 731, 732, 733, 734, 735, 736, 737, 738, 739, 740, 741, 742, 743, 744, 745, 746, 747, 748, 749, 750, 751, 752, 753, 754, 755, 756, 757, 758, 759, 760, 761, 762, 763, 764, 765, 766, 767, 768, 769, 770, 771, 772, 773, 774, 775, 776, 777, 778, 779, 780, 781, 782, 783, 784, 785, 786, 787, 788, 789, 790, 791, 792, 793]","[15, 91, 107, 110, 113, 123, 132, 136, 193, 216, 218, 252, 274, 275, 281, 286, 293, 302, 325, 326, 500, 562, 578, 580, 583, 594, 603, 607, 664, 686, 715, 733, 734, 740, 745, 752, 760, 783, 784]","[2, 9, 10, 82, 111, 112, 113, 199, 279, 284, 285, 300, 488, 494, 495, 553, 581, 582, 583, 670, 738, 743, 744, 759, 818]","[2, 9, 10, 82, 111, 112, 113, 199, 279, 284, 285, 300, 488, 494, 495, 553, 581, 582, 583, 670, 738, 743, 744, 759, 818]","[2, 9, 10, 15, 53, 82, 91, 103, 104, 105, 106, 107, 108, 109, 110, 111, 112, 113, 114, 115, 116, 117, 118, 119, 120, 121, 122, 123, 124, 125, 126, 127, 128, 129, 130, 131, 132, 133, 134, 135, 136, 137, 138, 139, 140, 141, 142, 143, 144, 145, 146, 147, 148, 149, 150, 151, 152, 153, 154, 155, 156, 157, 158, 159, 160, 161, 162, 163, 164, 165, 166, 167, 168, 169, 170, 171, 172, 173, 174, 175, 176, 177, 178, 179, 180, 181, 182, 183, 184, 185, 186, 187, 188, 189, 190, 191, 192, 193, 194, 195, 196, 197, 198, 199, 200, 201, 202, 203, 204, 205, 206, 207, 208, 209, 210, 211, 212, 213, 214, 215, 216, 217, 218, 219, 220, 221, 222, 223, 224, 225, 226, 227, 228, 229, 230, 231, 232, 233, 234, 235, 236, 237, 238, 239, 240, 241, 242, 243, 244, 245, 246, 247, 248, 249, 250, 251, 252, 253, 254, 255, 256, 257, 258, 259, 260, 261, 262, 263, 264, 265, 266, 267, 268, 269, 270, 271, 272, 273, 274, 275, 276, 277, 278, 279, 280, 281, 282, 283, 284, 285, 286, 287, 288, 289, 290, 291, 292, 293, 294, 295, 296, 297, 298, 299, 300, 301, 302, 303, 304, 305, 306, 307, 308, 309, 310, 311, 312, 313, 314, 315, 316, 317, 318, 319, 320, 321, 322, 323, 324, 325, 326, 327, 328, 329, 330, 331, 332, 333, 334, 335, 336, 337, 488, 494, 495, 500, 553, 562, 574, 575, 576, 577, 578, 579, 580, 581, 582, 583, 584, 585, 586, 587, 588, 589, 590, 591, 592, 593, 594, 595, 596, 597, 598, 599, 600, 601, 602, 603, 604, 605, 606, 607, 608, 609, 610, 611, 612, 613, 614, 615, 616, 617, 618, 619, 620, 621, 622, 623, 624, 625, 626, 627, 628, 629, 630, 631, 632, 633, 634, 635, 636, 637, 638, 639, 640, 641, 642, 643, 644, 645, 646, 647, 648, 649, 650, 651, 652, 653, 654, 655, 656, 657, 658, 659, 660, 661, 662, 663, 664, 665, 666, 667, 668, 669, 670, 671, 672, 673, 674, 675, 676, 677, 678, 679, 680, 681, 682, 683, 684, 685, 686, 687, 688, 689, 690, 691, 692, 693, 694, 695, 696, 697, 698, 699, 700, 701, 702, 703, 704, 705, 706, 707, 708, 709, 710, 711, 712, 713, 714, 715, 716, 717, 718, 719, 720, 721, 722, 723, 724, 725, 726, 727, 728, 729, 730, 731, 732, 733, 734, 735, 736, 737, 738, 739, 740, 741, 742, 743, 744, 745, 746, 747, 748, 749, 750, 751, 752, 753, 754, 755, 756, 757, 758, 759, 760, 761, 762, 763, 764, 765, 766, 767, 768, 769, 770, 771, 772, 773, 774, 775, 776, 777, 778, 779, 780, 781, 782, 783, 784, 785, 786, 787, 788, 789, 790, 791, 792, 793, 818]",False,"[113, 583]","[103, 104, 105, 106, 107, 108, 109, 110, 111, 112, 113, 114, 115, 116, 117, 118, 119, 120, 121, 122, 123, 124, 125, 126, 127, 128, 129, 130, 131, 132, 133, 134, 135, 136, 137, 138, 139, 140, 141, 142, 143, 144, 145, 146, 147, 148, 149, 150, 151, 152, 153, 154, 155, 156, 157, 158, 159, 160, 161, 162, 163, 164, 165, 166, 167, 168, 169, 170, 171, 172, 173, 174, 175, 176, 177, 178, 179, 180, 181, 182, 183, 184, 185, 186, 187, 188, 189, 190, 191, 192, 193, 194, 195, 196, 197, 198, 199, 200, 201, 202, 203, 204, 205, 206, 207, 208, 209, 210, 211, 212, 213, 214, 215, 216, 217, 218, 219, 220, 221, 222, 223, 224, 225, 226, 227, 228, 229, 230, 231, 232, 233, 234, 235, 236, 237, 238, 239, 240, 241, 242, 243, 244, 245, 246, 247, 248, 249, 250, 251, 252, 253, 254, 255, 256, 257, 258, 259, 260, 261, 262, 263, 264, 265, 266, 267, 268, 269, 270, 271, 272, 273, 274, 275, 276, 277, 278, 279, 280, 281, 282, 283, 284, 285, 286, 287, 288, 289, 290, 291, 292, 293, 294, 295, 296, 297, 298, 299, 300, 301, 302, 303, 304, 305, 306, 307, 308, 309, 310, 311, 312, 313, 314, 315, 316, 317, 318, 319, 320, 321, 322, 323, 324, 325, 326, 327, 328, 329, 330, 331, 332, 333, 334, 335, 336, 337, 574, 575, 576, 577, 578, 579, 580, 581, 582, 583, 584, 585, 586, 587, 588, 589, 590, 591, 592, 593, 594, 595, 596, 597, 598, 599, 600, 601, 602, 603, 604, 605, 606, 607, 608, 609, 610, 611, 612, 613, 614, 615, 616, 617, 618, 619, 620, 621, 622, 623, 624, 625, 626, 627, 628, 629, 630, 631, 632, 633, 634, 635, 636, 637, 638, 639, 640, 641, 642, 643, 644, 645, 646, 647, 648, 649, 650, 651, 652, 653, 654, 655, 656, 657, 658, 659, 660, 661, 662, 663, 664, 665, 666, 667, 668, 669, 670, 671, 672, 673, 674, 675, 676, 677, 678, 679, 680, 681, 682, 683, 684, 685, 686, 687, 688, 689, 690, 691, 692, 693, 694, 695, 696, 697, 698, 699, 700, 701, 702, 703, 704, 705, 706, 707, 708, 709, 710, 711, 712, 713, 714, 715, 716, 717, 718, 719, 720, 721, 722, 723, 724, 725, 726, 727, 728, 729, 730, 731, 732, 733, 734, 735, 736, 737, 738, 739, 740, 741, 742, 743, 744, 745, 746, 747, 748, 749, 750, 751, 752, 753, 754, 755, 756, 757, 758, 759, 760, 761, 762, 763, 764, 765, 766, 767, 768, 769, 770, 771, 772, 773, 774, 775, 776, 777, 778, 779, 780, 781, 782, 783, 784, 785, 786, 787, 788, 789, 790, 791, 792, 793]","[113, 583]","[53, 113, 200, 204, 249, 583, 671, 674, 712]","[15, 91, 107, 110, 113, 123, 132, 136, 193, 216, 218, 252, 274, 275, 281, 286, 293, 302, 325, 326, 500, 562, 578, 580, 583, 594, 603, 607, 664, 686, 715, 733, 734, 740, 745, 752, 760, 783, 784]","[2, 9, 10, 82, 111, 112, 113, 199, 279, 284, 285, 300, 488, 494, 495, 553, 581, 582, 583, 670, 738, 743, 744, 759, 818]","[2, 9, 10, 82, 111, 112, 113, 199, 279, 284, 285, 300, 488, 494, 495, 553, 581, 582, 583, 670, 738, 743, 744, 759, 818]",7/6 successful match,False,,False,339,False,,,,,
"King City , 93930 Beacon - Valero Truck Stop",831-385-5993 US 101 Exit 278 ( Wildhorse Rd ),24,King City,93930,Beacon - Valero Truck Stop,831-385-5993,2007,King City,CA,Valero,( Wildhorse Rd ),US 101 Exit 278 ,Exit,278,False,,False,US 101,,,,,[],"[113, 583]","[113, 583]","[53, 113, 200, 204, 249, 583, 671, 674, 712]","[103, 104, 105, 106, 107, 108, 109, 110, 111, 112, 113, 114, 115, 116, 117, 118, 119, 120, 121, 122, 123, 124, 125, 126, 127, 128, 129, 130, 131, 132, 133, 134, 135, 136, 137, 138, 139, 140, 141, 142, 143, 144, 145, 146, 147, 148, 149, 150, 151, 152, 153, 154, 155, 156, 157, 158, 159, 160, 161, 162, 163, 164, 165, 166, 167, 168, 169, 170, 171, 172, 173, 174, 175, 176, 177, 178, 179, 180, 181, 182, 183, 184, 185, 186, 187, 188, 189, 190, 191, 192, 193, 194, 195, 196, 197, 198, 199, 200, 201, 202, 203, 204, 205, 206, 207, 208, 209, 210, 211, 212, 213, 214, 215, 216, 217, 218, 219, 220, 221, 222, 223, 224, 225, 226, 227, 228, 229, 230, 231, 232, 233, 234, 235, 236, 237, 238, 239, 240, 241, 242, 243, 244, 245, 246, 247, 248, 249, 250, 251, 252, 253, 254, 255, 256, 257, 258, 259, 260, 261, 262, 263, 264, 265, 266, 267, 268, 269, 270, 271, 272, 273, 274, 275, 276, 277, 278, 279, 280, 281, 282, 283, 284, 285, 286, 287, 288, 289, 290, 291, 292, 293, 294, 295, 296, 297, 298, 299, 300, 301, 302, 303, 304, 305, 306, 307, 308, 309, 310, 311, 312, 313, 314, 315, 316, 317, 318, 319, 320, 321, 322, 323, 324, 325, 326, 327, 328, 329, 330, 331, 332, 333, 334, 335, 336, 337, 574, 575, 576, 577, 578, 579, 580, 581, 582, 583, 584, 585, 586, 587, 588, 589, 590, 591, 592, 593, 594, 595, 596, 597, 598, 599, 600, 601, 602, 603, 604, 605, 606, 607, 608, 609, 610, 611, 612, 613, 614, 615, 616, 617, 618, 619, 620, 621, 622, 623, 624, 625, 626, 627, 628, 629, 630, 631, 632, 633, 634, 635, 636, 637, 638, 639, 640, 641, 642, 643, 644, 645, 646, 647, 648, 649, 650, 651, 652, 653, 654, 655, 656, 657, 658, 659, 660, 661, 662, 663, 664, 665, 666, 667, 668, 669, 670, 671, 672, 673, 674, 675, 676, 677, 678, 679, 680, 681, 682, 683, 684, 685, 686, 687, 688, 689, 690, 691, 692, 693, 694, 695, 696, 697, 698, 699, 700, 701, 702, 703, 704, 705, 706, 707, 708, 709, 710, 711, 712, 713, 714, 715, 716, 717, 718, 719, 720, 721, 722, 723, 724, 725, 726, 727, 728, 729, 730, 731, 732, 733, 734, 735, 736, 737, 738, 739, 740, 741, 742, 743, 744, 745, 746, 747, 748, 749, 750, 751, 752, 753, 754, 755, 756, 757, 758, 759, 760, 761, 762, 763, 764, 765, 766, 767, 768, 769, 770, 771, 772, 773, 774, 775, 776, 777, 778, 779, 780, 781, 782, 783, 784, 785, 786, 787, 788, 789, 790, 791, 792, 793]","[15, 91, 107, 110, 113, 123, 132, 136, 193, 216, 218, 252, 274, 275, 281, 286, 293, 302, 325, 326, 500, 562, 578, 580, 583, 594, 603, 607, 664, 686, 715, 733, 734, 740, 745, 752, 760, 783, 784]","[2, 9, 10, 82, 111, 112, 113, 199, 279, 284, 285, 300, 488, 494, 495, 553, 581, 582, 583, 670, 738, 743, 744, 759, 818]","[2, 9, 10, 82, 111, 112, 113, 199, 279, 284, 285, 300, 488, 494, 495, 553, 581, 582, 583, 670, 738, 743, 744, 759, 818]","[2, 9, 10, 15, 53, 82, 91, 103, 104, 105, 106, 107, 108, 109, 110, 111, 112, 113, 114, 115, 116, 117, 118, 119, 120, 121, 122, 123, 124, 125, 126, 127, 128, 129, 130, 131, 132, 133, 134, 135, 136, 137, 138, 139, 140, 141, 142, 143, 144, 145, 146, 147, 148, 149, 150, 151, 152, 153, 154, 155, 156, 157, 158, 159, 160, 161, 162, 163, 164, 165, 166, 167, 168, 169, 170, 171, 172, 173, 174, 175, 176, 177, 178, 179, 180, 181, 182, 183, 184, 185, 186, 187, 188, 189, 190, 191, 192, 193, 194, 195, 196, 197, 198, 199, 200, 201, 202, 203, 204, 205, 206, 207, 208, 209, 210, 211, 212, 213, 214, 215, 216, 217, 218, 219, 220, 221, 222, 223, 224, 225, 226, 227, 228, 229, 230, 231, 232, 233, 234, 235, 236, 237, 238, 239, 240, 241, 242, 243, 244, 245, 246, 247, 248, 249, 250, 251, 252, 253, 254, 255, 256, 257, 258, 259, 260, 261, 262, 263, 264, 265, 266, 267, 268, 269, 270, 271, 272, 273, 274, 275, 276, 277, 278, 279, 280, 281, 282, 283, 284, 285, 286, 287, 288, 289, 290, 291, 292, 293, 294, 295, 296, 297, 298, 299, 300, 301, 302, 303, 304, 305, 306, 307, 308, 309, 310, 311, 312, 313, 314, 315, 316, 317, 318, 319, 320, 321, 322, 323, 324, 325, 326, 327, 328, 329, 330, 331, 332, 333, 334, 335, 336, 337, 488, 494, 495, 500, 553, 562, 574, 575, 576, 577, 578, 579, 580, 581, 582, 583, 584, 585, 586, 587, 588, 589, 590, 591, 592, 593, 594, 595, 596, 597, 598, 599, 600, 601, 602, 603, 604, 605, 606, 607, 608, 609, 610, 611, 612, 613, 614, 615, 616, 617, 618, 619, 620, 621, 622, 623, 624, 625, 626, 627, 628, 629, 630, 631, 632, 633, 634, 635, 636, 637, 638, 639, 640, 641, 642, 643, 644, 645, 646, 647, 648, 649, 650, 651, 652, 653, 654, 655, 656, 657, 658, 659, 660, 661, 662, 663, 664, 665, 666, 667, 668, 669, 670, 671, 672, 673, 674, 675, 676, 677, 678, 679, 680, 681, 682, 683, 684, 685, 686, 687, 688, 689, 690, 691, 692, 693, 694, 695, 696, 697, 698, 699, 700, 701, 702, 703, 704, 705, 706, 707, 708, 709, 710, 711, 712, 713, 714, 715, 716, 717, 718, 719, 720, 721, 722, 723, 724, 725, 726, 727, 728, 729, 730, 731, 732, 733, 734, 735, 736, 737, 738, 739, 740, 741, 742, 743, 744, 745, 746, 747, 748, 749, 750, 751, 752, 753, 754, 755, 756, 757, 758, 759, 760, 761, 762, 763, 764, 765, 766, 767, 768, 769, 770, 771, 772, 773, 774, 775, 776, 777, 778, 779, 780, 781, 782, 783, 784, 785, 786, 787, 788, 789, 790, 791, 792, 793, 818]",False,"[113, 583]","[103, 104, 105, 106, 107, 108, 109, 110, 111, 112, 113, 114, 115, 116, 117, 118, 119, 120, 121, 122, 123, 124, 125, 126, 127, 128, 129, 130, 131, 132, 133, 134, 135, 136, 137, 138, 139, 140, 141, 142, 143, 144, 145, 146, 147, 148, 149, 150, 151, 152, 153, 154, 155, 156, 157, 158, 159, 160, 161, 162, 163, 164, 165, 166, 167, 168, 169, 170, 171, 172, 173, 174, 175, 176, 177, 178, 179, 180, 181, 182, 183, 184, 185, 186, 187, 188, 189, 190, 191, 192, 193, 194, 195, 196, 197, 198, 199, 200, 201, 202, 203, 204, 205, 206, 207, 208, 209, 210, 211, 212, 213, 214, 215, 216, 217, 218, 219, 220, 221, 222, 223, 224, 225, 226, 227, 228, 229, 230, 231, 232, 233, 234, 235, 236, 237, 238, 239, 240, 241, 242, 243, 244, 245, 246, 247, 248, 249, 250, 251, 252, 253, 254, 255, 256, 257, 258, 259, 260, 261, 262, 263, 264, 265, 266, 267, 268, 269, 270, 271, 272, 273, 274, 275, 276, 277, 278, 279, 280, 281, 282, 283, 284, 285, 286, 287, 288, 289, 290, 291, 292, 293, 294, 295, 296, 297, 298, 299, 300, 301, 302, 303, 304, 305, 306, 307, 308, 309, 310, 311, 312, 313, 314, 315, 316, 317, 318, 319, 320, 321, 322, 323, 324, 325, 326, 327, 328, 329, 330, 331, 332, 333, 334, 335, 336, 337, 574, 575, 576, 577, 578, 579, 580, 581, 582, 583, 584, 585, 586, 587, 588, 589, 590, 591, 592, 593, 594, 595, 596, 597, 598, 599, 600, 601, 602, 603, 604, 605, 606, 607, 608, 609, 610, 611, 612, 613, 614, 615, 616, 617, 618, 619, 620, 621, 622, 623, 624, 625, 626, 627, 628, 629, 630, 631, 632, 633, 634, 635, 636, 637, 638, 639, 640, 641, 642, 643, 644, 645, 646, 647, 648, 649, 650, 651, 652, 653, 654, 655, 656, 657, 658, 659, 660, 661, 662, 663, 664, 665, 666, 667, 668, 669, 670, 671, 672, 673, 674, 675, 676, 677, 678, 679, 680, 681, 682, 683, 684, 685, 686, 687, 688, 689, 690, 691, 692, 693, 694, 695, 696, 697, 698, 699, 700, 701, 702, 703, 704, 705, 706, 707, 708, 709, 710, 711, 712, 713, 714, 715, 716, 717, 718, 719, 720, 721, 722, 723, 724, 725, 726, 727, 728, 729, 730, 731, 732, 733, 734, 735, 736, 737, 738, 739, 740, 741, 742, 743, 744, 745, 746, 747, 748, 749, 750, 751, 752, 753, 754, 755, 756, 757, 758, 759, 760, 761, 762, 763, 764, 765, 766, 767, 768, 769, 770, 771, 772, 773, 774, 775, 776, 777, 778, 779, 780, 781, 782, 783, 784, 785, 786, 787, 788, 789, 790, 791, 792, 793]","[113, 583]","[53, 113, 200, 204, 249, 583, 671, 674, 712]","[15, 91, 107, 110, 113, 123, 132, 136, 193, 216, 218, 252, 274, 275, 281, 286, 293, 302, 325, 326, 500, 562, 578, 580, 583, 594, 603, 607, 664, 686, 715, 733, 734, 740, 745, 752, 760, 783, 784]","[2, 9, 10, 82, 111, 112, 113, 199, 279, 284, 285, 300, 488, 494, 495, 553, 581, 582, 583, 670, 738, 743, 744, 759, 818]","[2, 9, 10, 82, 111, 112, 113, 199, 279, 284, 285, 300, 488, 494, 495, 553, 581, 582, 583, 670, 738, 743, 744, 759, 818]",7/6 successful match,False,,False,339,False,,1.0,True,Beacon - Valero Truck Stop,Valero
"King City , 93930 Valero Truck ( Stop CA 41 )",21831-385-5993 US 101 Exit 278 ( Wildhorse Rd ),11029 HRS 24 M 00,King City,93930,Valero Truck ( Stop CA 41 ),831-385-5993,2008,King City,CA,Valero,( Wildhorse Rd ),US 101 Exit 278 ,Exit,278,False,,False,US 101,,,,,[],"[113, 583]","[113, 583]","[53, 113, 200, 204, 249, 583, 671, 674, 712]","[103, 104, 105, 106, 107, 108, 109, 110, 111, 112, 113, 114, 115, 116, 117, 118, 119, 120, 121, 122, 123, 124, 125, 126, 127, 128, 129, 130, 131, 132, 133, 134, 135, 136, 137, 138, 139, 140, 141, 142, 143, 144, 145, 146, 147, 148, 149, 150, 151, 152, 153, 154, 155, 156, 157, 158, 159, 160, 161, 162, 163, 164, 165, 166, 167, 168, 169, 170, 171, 172, 173, 174, 175, 176, 177, 178, 179, 180, 181, 182, 183, 184, 185, 186, 187, 188, 189, 190, 191, 192, 193, 194, 195, 196, 197, 198, 199, 200, 201, 202, 203, 204, 205, 206, 207, 208, 209, 210, 211, 212, 213, 214, 215, 216, 217, 218, 219, 220, 221, 222, 223, 224, 225, 226, 227, 228, 229, 230, 231, 232, 233, 234, 235, 236, 237, 238, 239, 240, 241, 242, 243, 244, 245, 246, 247, 248, 249, 250, 251, 252, 253, 254, 255, 256, 257, 258, 259, 260, 261, 262, 263, 264, 265, 266, 267, 268, 269, 270, 271, 272, 273, 274, 275, 276, 277, 278, 279, 280, 281, 282, 283, 284, 285, 286, 287, 288, 289, 290, 291, 292, 293, 294, 295, 296, 297, 298, 299, 300, 301, 302, 303, 304, 305, 306, 307, 308, 309, 310, 311, 312, 313, 314, 315, 316, 317, 318, 319, 320, 321, 322, 323, 324, 325, 326, 327, 328, 329, 330, 331, 332, 333, 334, 335, 336, 337, 574, 575, 576, 577, 578, 579, 580, 581, 582, 583, 584, 585, 586, 587, 588, 589, 590, 591, 592, 593, 594, 595, 596, 597, 598, 599, 600, 601, 602, 603, 604, 605, 606, 607, 608, 609, 610, 611, 612, 613, 614, 615, 616, 617, 618, 619, 620, 621, 622, 623, 624, 625, 626, 627, 628, 629, 630, 631, 632, 633, 634, 635, 636, 637, 638, 639, 640, 641, 642, 643, 644, 645, 646, 647, 648, 649, 650, 651, 652, 653, 654, 655, 656, 657, 658, 659, 660, 661, 662, 663, 664, 665, 666, 667, 668, 669, 670, 671, 672, 673, 674, 675, 676, 677, 678, 679, 680, 681, 682, 683, 684, 685, 686, 687, 688, 689, 690, 691, 692, 693, 694, 695, 696, 697, 698, 699, 700, 701, 702, 703, 704, 705, 706, 707, 708, 709, 710, 711, 712, 713, 714, 715, 716, 717, 718, 719, 720, 721, 722, 723, 724, 725, 726, 727, 728, 729, 730, 731, 732, 733, 734, 735, 736, 737, 738, 739, 740, 741, 742, 743, 744, 745, 746, 747, 748, 749, 750, 751, 752, 753, 754, 755, 756, 757, 758, 759, 760, 761, 762, 763, 764, 765, 766, 767, 768, 769, 770, 771, 772, 773, 774, 775, 776, 777, 778, 779, 780, 781, 782, 783, 784, 785, 786, 787, 788, 789, 790, 791, 792, 793]","[15, 91, 107, 110, 113, 123, 132, 136, 193, 216, 218, 252, 274, 275, 281, 286, 293, 302, 325, 326, 500, 562, 578, 580, 583, 594, 603, 607, 664, 686, 715, 733, 734, 740, 745, 752, 760, 783, 784]","[2, 9, 10, 82, 111, 112, 113, 199, 279, 284, 285, 300, 488, 494, 495, 553, 581, 582, 583, 670, 738, 743, 744, 759, 818]","[2, 9, 10, 82, 111, 112, 113, 199, 279, 284, 285, 300, 488, 494, 495, 553, 581, 582, 583, 670, 738, 743, 744, 759, 818]","[2, 9, 10, 15, 53, 82, 91, 103, 104, 105, 106, 107, 108, 109, 110, 111, 112, 113, 114, 115, 116, 117, 118, 119, 120, 121, 122, 123, 124, 125, 126, 127, 128, 129, 130, 131, 132, 133, 134, 135, 136, 137, 138, 139, 140, 141, 142, 143, 144, 145, 146, 147, 148, 149, 150, 151, 152, 153, 154, 155, 156, 157, 158, 159, 160, 161, 162, 163, 164, 165, 166, 167, 168, 169, 170, 171, 172, 173, 174, 175, 176, 177, 178, 179, 180, 181, 182, 183, 184, 185, 186, 187, 188, 189, 190, 191, 192, 193, 194, 195, 196, 197, 198, 199, 200, 201, 202, 203, 204, 205, 206, 207, 208, 209, 210, 211, 212, 213, 214, 215, 216, 217, 218, 219, 220, 221, 222, 223, 224, 225, 226, 227, 228, 229, 230, 231, 232, 233, 234, 235, 236, 237, 238, 239, 240, 241, 242, 243, 244, 245, 246, 247, 248, 249, 250, 251, 252, 253, 254, 255, 256, 257, 258, 259, 260, 261, 262, 263, 264, 265, 266, 267, 268, 269, 270, 271, 272, 273, 274, 275, 276, 277, 278, 279, 280, 281, 282, 283, 284, 285, 286, 287, 288, 289, 290, 291, 292, 293, 294, 295, 296, 297, 298, 299, 300, 301, 302, 303, 304, 305, 306, 307, 308, 309, 310, 311, 312, 313, 314, 315, 316, 317, 318, 319, 320, 321, 322, 323, 324, 325, 326, 327, 328, 329, 330, 331, 332, 333, 334, 335, 336, 337, 488, 494, 495, 500, 553, 562, 574, 575, 576, 577, 578, 579, 580, 581, 582, 583, 584, 585, 586, 587, 588, 589, 590, 591, 592, 593, 594, 595, 596, 597, 598, 599, 600, 601, 602, 603, 604, 605, 606, 607, 608, 609, 610, 611, 612, 613, 614, 615, 616, 617, 618, 619, 620, 621, 622, 623, 624, 625, 626, 627, 628, 629, 630, 631, 632, 633, 634, 635, 636, 637, 638, 639, 640, 641, 642, 643, 644, 645, 646, 647, 648, 649, 650, 651, 652, 653, 654, 655, 656, 657, 658, 659, 660, 661, 662, 663, 664, 665, 666, 667, 668, 669, 670, 671, 672, 673, 674, 675, 676, 677, 678, 679, 680, 681, 682, 683, 684, 685, 686, 687, 688, 689, 690, 691, 692, 693, 694, 695, 696, 697, 698, 699, 700, 701, 702, 703, 704, 705, 706, 707, 708, 709, 710, 711, 712, 713, 714, 715, 716, 717, 718, 719, 720, 721, 722, 723, 724, 725, 726, 727, 728, 729, 730, 731, 732, 733, 734, 735, 736, 737, 738, 739, 740, 741, 742, 743, 744, 745, 746, 747, 748, 749, 750, 751, 752, 753, 754, 755, 756, 757, 758, 759, 760, 761, 762, 763, 764, 765, 766, 767, 768, 769, 770, 771, 772, 773, 774, 775, 776, 777, 778, 779, 780, 781, 782, 783, 784, 785, 786, 787, 788, 789, 790, 791, 792, 793, 818]",False,"[113, 583]","[103, 104, 105, 106, 107, 108, 109, 110, 111, 112, 113, 114, 115, 116, 117, 118, 119, 120, 121, 122, 123, 124, 125, 126, 127, 128, 129, 130, 131, 132, 133, 134, 135, 136, 137, 138, 139, 140, 141, 142, 143, 144, 145, 146, 147, 148, 149, 150, 151, 152, 153, 154, 155, 156, 157, 158, 159, 160, 161, 162, 163, 164, 165, 166, 167, 168, 169, 170, 171, 172, 173, 174, 175, 176, 177, 178, 179, 180, 181, 182, 183, 184, 185, 186, 187, 188, 189, 190, 191, 192, 193, 194, 195, 196, 197, 198, 199, 200, 201, 202, 203, 204, 205, 206, 207, 208, 209, 210, 211, 212, 213, 214, 215, 216, 217, 218, 219, 220, 221, 222, 223, 224, 225, 226, 227, 228, 229, 230, 231, 232, 233, 234, 235, 236, 237, 238, 239, 240, 241, 242, 243, 244, 245, 246, 247, 248, 249, 250, 251, 252, 253, 254, 255, 256, 257, 258, 259, 260, 261, 262, 263, 264, 265, 266, 267, 268, 269, 270, 271, 272, 273, 274, 275, 276, 277, 278, 279, 280, 281, 282, 283, 284, 285, 286, 287, 288, 289, 290, 291, 292, 293, 294, 295, 296, 297, 298, 299, 300, 301, 302, 303, 304, 305, 306, 307, 308, 309, 310, 311, 312, 313, 314, 315, 316, 317, 318, 319, 320, 321, 322, 323, 324, 325, 326, 327, 328, 329, 330, 331, 332, 333, 334, 335, 336, 337, 574, 575, 576, 577, 578, 579, 580, 581, 582, 583, 584, 585, 586, 587, 588, 589, 590, 591, 592, 593, 594, 595, 596, 597, 598, 599, 600, 601, 602, 603, 604, 605, 606, 607, 608, 609, 610, 611, 612, 613, 614, 615, 616, 617, 618, 619, 620, 621, 622, 623, 624, 625, 626, 627, 628, 629, 630, 631, 632, 633, 634, 635, 636, 637, 638, 639, 640, 641, 642, 643, 644, 645, 646, 647, 648, 649, 650, 651, 652, 653, 654, 655, 656, 657, 658, 659, 660, 661, 662, 663, 664, 665, 666, 667, 668, 669, 670, 671, 672, 673, 674, 675, 676, 677, 678, 679, 680, 681, 682, 683, 684, 685, 686, 687, 688, 689, 690, 691, 692, 693, 694, 695, 696, 697, 698, 699, 700, 701, 702, 703, 704, 705, 706, 707, 708, 709, 710, 711, 712, 713, 714, 715, 716, 717, 718, 719, 720, 721, 722, 723, 724, 725, 726, 727, 728, 729, 730, 731, 732, 733, 734, 735, 736, 737, 738, 739, 740, 741, 742, 743, 744, 745, 746, 747, 748, 749, 750, 751, 752, 753, 754, 755, 756, 757, 758, 759, 760, 761, 762, 763, 764, 765, 766, 767, 768, 769, 770, 771, 772, 773, 774, 775, 776, 777, 778, 779, 780, 781, 782, 783, 784, 785, 786, 787, 788, 789, 790, 791, 792, 793]","[113, 583]","[53, 113, 200, 204, 249, 583, 671, 674, 712]","[15, 91, 107, 110, 113, 123, 132, 136, 193, 216, 218, 252, 274, 275, 281, 286, 293, 302, 325, 326, 500, 562, 578, 580, 583, 594, 603, 607, 664, 686, 715, 733, 734, 740, 745, 752, 760, 783, 784]","[2, 9, 10, 82, 111, 112, 113, 199, 279, 284, 285, 300, 488, 494, 495, 553, 581, 582, 583, 670, 738, 743, 744, 759, 818]","[2, 9, 10, 82, 111, 112, 113, 199, 279, 284, 285, 300, 488, 494, 495, 553, 581, 582, 583, 670, 738, 743, 744, 759, 818]",7/6 successful match,False,,False,339,False,,0.5257861635220126,True,Beacon - Valero Truck Stop,Valero
King City ( 93930 ) Valero Truck Stop # 3005,831-385-5993 US 101 Exit 278 ( Wildhorse Rd ),24 HR3 M <U+25A1>,King City,93930,Valero Truck Stop # 3005,831-385-5993,2014,King City,CA,Valero,( Wildhorse Rd ),US 101 Exit 278 ,Exit,278,False,,False,US 101,,,,,[],"[113, 583]","[113, 583]","[53, 113, 200, 204, 249, 583, 671, 674, 712]","[103, 104, 105, 106, 107, 108, 109, 110, 111, 112, 113, 114, 115, 116, 117, 118, 119, 120, 121, 122, 123, 124, 125, 126, 127, 128, 129, 130, 131, 132, 133, 134, 135, 136, 137, 138, 139, 140, 141, 142, 143, 144, 145, 146, 147, 148, 149, 150, 151, 152, 153, 154, 155, 156, 157, 158, 159, 160, 161, 162, 163, 164, 165, 166, 167, 168, 169, 170, 171, 172, 173, 174, 175, 176, 177, 178, 179, 180, 181, 182, 183, 184, 185, 186, 187, 188, 189, 190, 191, 192, 193, 194, 195, 196, 197, 198, 199, 200, 201, 202, 203, 204, 205, 206, 207, 208, 209, 210, 211, 212, 213, 214, 215, 216, 217, 218, 219, 220, 221, 222, 223, 224, 225, 226, 227, 228, 229, 230, 231, 232, 233, 234, 235, 236, 237, 238, 239, 240, 241, 242, 243, 244, 245, 246, 247, 248, 249, 250, 251, 252, 253, 254, 255, 256, 257, 258, 259, 260, 261, 262, 263, 264, 265, 266, 267, 268, 269, 270, 271, 272, 273, 274, 275, 276, 277, 278, 279, 280, 281, 282, 283, 284, 285, 286, 287, 288, 289, 290, 291, 292, 293, 294, 295, 296, 297, 298, 299, 300, 301, 302, 303, 304, 305, 306, 307, 308, 309, 310, 311, 312, 313, 314, 315, 316, 317, 318, 319, 320, 321, 322, 323, 324, 325, 326, 327, 328, 329, 330, 331, 332, 333, 334, 335, 336, 337, 574, 575, 576, 577, 578, 579, 580, 581, 582, 583, 584, 585, 586, 587, 588, 589, 590, 591, 592, 593, 594, 595, 596, 597, 598, 599, 600, 601, 602, 603, 604, 605, 606, 607, 608, 609, 610, 611, 612, 613, 614, 615, 616, 617, 618, 619, 620, 621, 622, 623, 624, 625, 626, 627, 628, 629, 630, 631, 632, 633, 634, 635, 636, 637, 638, 639, 640, 641, 642, 643, 644, 645, 646, 647, 648, 649, 650, 651, 652, 653, 654, 655, 656, 657, 658, 659, 660, 661, 662, 663, 664, 665, 666, 667, 668, 669, 670, 671, 672, 673, 674, 675, 676, 677, 678, 679, 680, 681, 682, 683, 684, 685, 686, 687, 688, 689, 690, 691, 692, 693, 694, 695, 696, 697, 698, 699, 700, 701, 702, 703, 704, 705, 706, 707, 708, 709, 710, 711, 712, 713, 714, 715, 716, 717, 718, 719, 720, 721, 722, 723, 724, 725, 726, 727, 728, 729, 730, 731, 732, 733, 734, 735, 736, 737, 738, 739, 740, 741, 742, 743, 744, 745, 746, 747, 748, 749, 750, 751, 752, 753, 754, 755, 756, 757, 758, 759, 760, 761, 762, 763, 764, 765, 766, 767, 768, 769, 770, 771, 772, 773, 774, 775, 776, 777, 778, 779, 780, 781, 782, 783, 784, 785, 786, 787, 788, 789, 790, 791, 792, 793]","[15, 91, 107, 110, 113, 123, 132, 136, 193, 216, 218, 252, 274, 275, 281, 286, 293, 302, 325, 326, 500, 562, 578, 580, 583, 594, 603, 607, 664, 686, 715, 733, 734, 740, 745, 752, 760, 783, 784]","[2, 9, 10, 82, 111, 112, 113, 199, 279, 284, 285, 300, 488, 494, 495, 553, 581, 582, 583, 670, 738, 743, 744, 759, 818]","[2, 9, 10, 82, 111, 112, 113, 199, 279, 284, 285, 300, 488, 494, 495, 553, 581, 582, 583, 670, 738, 743, 744, 759, 818]","[2, 9, 10, 15, 53, 82, 91, 103, 104, 105, 106, 107, 108, 109, 110, 111, 112, 113, 114, 115, 116, 117, 118, 119, 120, 121, 122, 123, 124, 125, 126, 127, 128, 129, 130, 131, 132, 133, 134, 135, 136, 137, 138, 139, 140, 141, 142, 143, 144, 145, 146, 147, 148, 149, 150, 151, 152, 153, 154, 155, 156, 157, 158, 159, 160, 161, 162, 163, 164, 165, 166, 167, 168, 169, 170, 171, 172, 173, 174, 175, 176, 177, 178, 179, 180, 181, 182, 183, 184, 185, 186, 187, 188, 189, 190, 191, 192, 193, 194, 195, 196, 197, 198, 199, 200, 201, 202, 203, 204, 205, 206, 207, 208, 209, 210, 211, 212, 213, 214, 215, 216, 217, 218, 219, 220, 221, 222, 223, 224, 225, 226, 227, 228, 229, 230, 231, 232, 233, 234, 235, 236, 237, 238, 239, 240, 241, 242, 243, 244, 245, 246, 247, 248, 249, 250, 251, 252, 253, 254, 255, 256, 257, 258, 259, 260, 261, 262, 263, 264, 265, 266, 267, 268, 269, 270, 271, 272, 273, 274, 275, 276, 277, 278, 279, 280, 281, 282, 283, 284, 285, 286, 287, 288, 289, 290, 291, 292, 293, 294, 295, 296, 297, 298, 299, 300, 301, 302, 303, 304, 305, 306, 307, 308, 309, 310, 311, 312, 313, 314, 315, 316, 317, 318, 319, 320, 321, 322, 323, 324, 325, 326, 327, 328, 329, 330, 331, 332, 333, 334, 335, 336, 337, 488, 494, 495, 500, 553, 562, 574, 575, 576, 577, 578, 579, 580, 581, 582, 583, 584, 585, 586, 587, 588, 589, 590, 591, 592, 593, 594, 595, 596, 597, 598, 599, 600, 601, 602, 603, 604, 605, 606, 607, 608, 609, 610, 611, 612, 613, 614, 615, 616, 617, 618, 619, 620, 621, 622, 623, 624, 625, 626, 627, 628, 629, 630, 631, 632, 633, 634, 635, 636, 637, 638, 639, 640, 641, 642, 643, 644, 645, 646, 647, 648, 649, 650, 651, 652, 653, 654, 655, 656, 657, 658, 659, 660, 661, 662, 663, 664, 665, 666, 667, 668, 669, 670, 671, 672, 673, 674, 675, 676, 677, 678, 679, 680, 681, 682, 683, 684, 685, 686, 687, 688, 689, 690, 691, 692, 693, 694, 695, 696, 697, 698, 699, 700, 701, 702, 703, 704, 705, 706, 707, 708, 709, 710, 711, 712, 713, 714, 715, 716, 717, 718, 719, 720, 721, 722, 723, 724, 725, 726, 727, 728, 729, 730, 731, 732, 733, 734, 735, 736, 737, 738, 739, 740, 741, 742, 743, 744, 745, 746, 747, 748, 749, 750, 751, 752, 753, 754, 755, 756, 757, 758, 759, 760, 761, 762, 763, 764, 765, 766, 767, 768, 769, 770, 771, 772, 773, 774, 775, 776, 777, 778, 779, 780, 781, 782, 783, 784, 785, 786, 787, 788, 789, 790, 791, 792, 793, 818]",False,"[113, 583]","[103, 104, 105, 106, 107, 108, 109, 110, 111, 112, 113, 114, 115, 116, 117, 118, 119, 120, 121, 122, 123, 124, 125, 126, 127, 128, 129, 130, 131, 132, 133, 134, 135, 136, 137, 138, 139, 140, 141, 142, 143, 144, 145, 146, 147, 148, 149, 150, 151, 152, 153, 154, 155, 156, 157, 158, 159, 160, 161, 162, 163, 164, 165, 166, 167, 168, 169, 170, 171, 172, 173, 174, 175, 176, 177, 178, 179, 180, 181, 182, 183, 184, 185, 186, 187, 188, 189, 190, 191, 192, 193, 194, 195, 196, 197, 198, 199, 200, 201, 202, 203, 204, 205, 206, 207, 208, 209, 210, 211, 212, 213, 214, 215, 216, 217, 218, 219, 220, 221, 222, 223, 224, 225, 226, 227, 228, 229, 230, 231, 232, 233, 234, 235, 236, 237, 238, 239, 240, 241, 242, 243, 244, 245, 246, 247, 248, 249, 250, 251, 252, 253, 254, 255, 256, 257, 258, 259, 260, 261, 262, 263, 264, 265, 266, 267, 268, 269, 270, 271, 272, 273, 274, 275, 276, 277, 278, 279, 280, 281, 282, 283, 284, 285, 286, 287, 288, 289, 290, 291, 292, 293, 294, 295, 296, 297, 298, 299, 300, 301, 302, 303, 304, 305, 306, 307, 308, 309, 310, 311, 312, 313, 314, 315, 316, 317, 318, 319, 320, 321, 322, 323, 324, 325, 326, 327, 328, 329, 330, 331, 332, 333, 334, 335, 336, 337, 574, 575, 576, 577, 578, 579, 580, 581, 582, 583, 584, 585, 586, 587, 588, 589, 590, 591, 592, 593, 594, 595, 596, 597, 598, 599, 600, 601, 602, 603, 604, 605, 606, 607, 608, 609, 610, 611, 612, 613, 614, 615, 616, 617, 618, 619, 620, 621, 622, 623, 624, 625, 626, 627, 628, 629, 630, 631, 632, 633, 634, 635, 636, 637, 638, 639, 640, 641, 642, 643, 644, 645, 646, 647, 648, 649, 650, 651, 652, 653, 654, 655, 656, 657, 658, 659, 660, 661, 662, 663, 664, 665, 666, 667, 668, 669, 670, 671, 672, 673, 674, 675, 676, 677, 678, 679, 680, 681, 682, 683, 684, 685, 686, 687, 688, 689, 690, 691, 692, 693, 694, 695, 696, 697, 698, 699, 700, 701, 702, 703, 704, 705, 706, 707, 708, 709, 710, 711, 712, 713, 714, 715, 716, 717, 718, 719, 720, 721, 722, 723, 724, 725, 726, 727, 728, 729, 730, 731, 732, 733, 734, 735, 736, 737, 738, 739, 740, 741, 742, 743, 744, 745, 746, 747, 748, 749, 750, 751, 752, 753, 754, 755, 756, 757, 758, 759, 760, 761, 762, 763, 764, 765, 766, 767, 768, 769, 770, 771, 772, 773, 774, 775, 776, 777, 778, 779, 780, 781, 782, 783, 784, 785, 786, 787, 788, 789, 790, 791, 792, 793]","[113, 583]","[53, 113, 200, 204, 249, 583, 671, 674, 712]","[15, 91, 107, 110, 113, 123, 132, 136, 193, 216, 218, 252, 274, 275, 281, 286, 293, 302, 325, 326, 500, 562, 578, 580, 583, 594, 603, 607, 664, 686, 715, 733, 734, 740, 745, 752, 760, 783, 784]","[2, 9, 10, 82, 111, 112, 113, 199, 279, 284, 285, 300, 488, 494, 495, 553, 581, 582, 583, 670, 738, 743, 744, 759, 818]","[2, 9, 10, 82, 111, 112, 113, 199, 279, 284, 285, 300, 488, 494, 495, 553, 581, 582, 583, 670, 738, 743, 744, 759, 818]",7/6 successful match,False,,False,339,False,,0.5568627450980392,True,Valero Truck ( Stop CA 41 ),Valero
King City ( 93930 ) Corner Store # 3005 ( Valero ),831-385-5993 US 101 Exit 278 ( Wildhorse Rd ),M <U+25A1>,King City,93930,Corner Store # 3005 ( Valero ),831-385-5993,2015,King City,CA,Valero,( Wildhorse Rd ),US 101 Exit 278 ,Exit,278,False,,False,US 101,,,,,[],"[113, 583]","[113, 583]","[53, 113, 200, 204, 249, 583, 671, 674, 712]","[103, 104, 105, 106, 107, 108, 109, 110, 111, 112, 113, 114, 115, 116, 117, 118, 119, 120, 121, 122, 123, 124, 125, 126, 127, 128, 129, 130, 131, 132, 133, 134, 135, 136, 137, 138, 139, 140, 141, 142, 143, 144, 145, 146, 147, 148, 149, 150, 151, 152, 153, 154, 155, 156, 157, 158, 159, 160, 161, 162, 163, 164, 165, 166, 167, 168, 169, 170, 171, 172, 173, 174, 175, 176, 177, 178, 179, 180, 181, 182, 183, 184, 185, 186, 187, 188, 189, 190, 191, 192, 193, 194, 195, 196, 197, 198, 199, 200, 201, 202, 203, 204, 205, 206, 207, 208, 209, 210, 211, 212, 213, 214, 215, 216, 217, 218, 219, 220, 221, 222, 223, 224, 225, 226, 227, 228, 229, 230, 231, 232, 233, 234, 235, 236, 237, 238, 239, 240, 241, 242, 243, 244, 245, 246, 247, 248, 249, 250, 251, 252, 253, 254, 255, 256, 257, 258, 259, 260, 261, 262, 263, 264, 265, 266, 267, 268, 269, 270, 271, 272, 273, 274, 275, 276, 277, 278, 279, 280, 281, 282, 283, 284, 285, 286, 287, 288, 289, 290, 291, 292, 293, 294, 295, 296, 297, 298, 299, 300, 301, 302, 303, 304, 305, 306, 307, 308, 309, 310, 311, 312, 313, 314, 315, 316, 317, 318, 319, 320, 321, 322, 323, 324, 325, 326, 327, 328, 329, 330, 331, 332, 333, 334, 335, 336, 337, 574, 575, 576, 577, 578, 579, 580, 581, 582, 583, 584, 585, 586, 587, 588, 589, 590, 591, 592, 593, 594, 595, 596, 597, 598, 599, 600, 601, 602, 603, 604, 605, 606, 607, 608, 609, 610, 611, 612, 613, 614, 615, 616, 617, 618, 619, 620, 621, 622, 623, 624, 625, 626, 627, 628, 629, 630, 631, 632, 633, 634, 635, 636, 637, 638, 639, 640, 641, 642, 643, 644, 645, 646, 647, 648, 649, 650, 651, 652, 653, 654, 655, 656, 657, 658, 659, 660, 661, 662, 663, 664, 665, 666, 667, 668, 669, 670, 671, 672, 673, 674, 675, 676, 677, 678, 679, 680, 681, 682, 683, 684, 685, 686, 687, 688, 689, 690, 691, 692, 693, 694, 695, 696, 697, 698, 699, 700, 701, 702, 703, 704, 705, 706, 707, 708, 709, 710, 711, 712, 713, 714, 715, 716, 717, 718, 719, 720, 721, 722, 723, 724, 725, 726, 727, 728, 729, 730, 731, 732, 733, 734, 735, 736, 737, 738, 739, 740, 741, 742, 743, 744, 745, 746, 747, 748, 749, 750, 751, 752, 753, 754, 755, 756, 757, 758, 759, 760, 761, 762, 763, 764, 765, 766, 767, 768, 769, 770, 771, 772, 773, 774, 775, 776, 777, 778, 779, 780, 781, 782, 783, 784, 785, 786, 787, 788, 789, 790, 791, 792, 793]","[15, 91, 107, 110, 113, 123, 132, 136, 193, 216, 218, 252, 274, 275, 281, 286, 293, 302, 325, 326, 500, 562, 578, 580, 583, 594, 603, 607, 664, 686, 715, 733, 734, 740, 745, 752, 760, 783, 784]","[2, 9, 10, 82, 111, 112, 113, 199, 279, 284, 285, 300, 488, 494, 495, 553, 581, 582, 583, 670, 738, 743, 744, 759, 818]","[2, 9, 10, 82, 111, 112, 113, 196, 199, 279, 284, 285, 300, 397, 488, 494, 495, 553, 581, 582, 583, 667, 670, 738, 743, 744, 759, 818, 847]","[2, 9, 10, 15, 53, 82, 91, 103, 104, 105, 106, 107, 108, 109, 110, 111, 112, 113, 114, 115, 116, 117, 118, 119, 120, 121, 122, 123, 124, 125, 126, 127, 128, 129, 130, 131, 132, 133, 134, 135, 136, 137, 138, 139, 140, 141, 142, 143, 144, 145, 146, 147, 148, 149, 150, 151, 152, 153, 154, 155, 156, 157, 158, 159, 160, 161, 162, 163, 164, 165, 166, 167, 168, 169, 170, 171, 172, 173, 174, 175, 176, 177, 178, 179, 180, 181, 182, 183, 184, 185, 186, 187, 188, 189, 190, 191, 192, 193, 194, 195, 196, 197, 198, 199, 200, 201, 202, 203, 204, 205, 206, 207, 208, 209, 210, 211, 212, 213, 214, 215, 216, 217, 218, 219, 220, 221, 222, 223, 224, 225, 226, 227, 228, 229, 230, 231, 232, 233, 234, 235, 236, 237, 238, 239, 240, 241, 242, 243, 244, 245, 246, 247, 248, 249, 250, 251, 252, 253, 254, 255, 256, 257, 258, 259, 260, 261, 262, 263, 264, 265, 266, 267, 268, 269, 270, 271, 272, 273, 274, 275, 276, 277, 278, 279, 280, 281, 282, 283, 284, 285, 286, 287, 288, 289, 290, 291, 292, 293, 294, 295, 296, 297, 298, 299, 300, 301, 302, 303, 304, 305, 306, 307, 308, 309, 310, 311, 312, 313, 314, 315, 316, 317, 318, 319, 320, 321, 322, 323, 324, 325, 326, 327, 328, 329, 330, 331, 332, 333, 334, 335, 336, 337, 397, 488, 494, 495, 500, 553, 562, 574, 575, 576, 577, 578, 579, 580, 581, 582, 583, 584, 585, 586, 587, 588, 589, 590, 591, 592, 593, 594, 595, 596, 597, 598, 599, 600, 601, 602, 603, 604, 605, 606, 607, 608, 609, 610, 611, 612, 613, 614, 615, 616, 617, 618, 619, 620, 621, 622, 623, 624, 625, 626, 627, 628, 629, 630, 631, 632, 633, 634, 635, 636, 637, 638, 639, 640, 641, 642, 643, 644, 645, 646, 647, 648, 649, 650, 651, 652, 653, 654, 655, 656, 657, 658, 659, 660, 661, 662, 663, 664, 665, 666, 667, 668, 669, 670, 671, 672, 673, 674, 675, 676, 677, 678, 679, 680, 681, 682, 683, 684, 685, 686, 687, 688, 689, 690, 691, 692, 693, 694, 695, 696, 697, 698, 699, 700, 701, 702, 703, 704, 705, 706, 707, 708, 709, 710, 711, 712, 713, 714, 715, 716, 717, 718, 719, 720, 721, 722, 723, 724, 725, 726, 727, 728, 729, 730, 731, 732, 733, 734, 735, 736, 737, 738, 739, 740, 741, 742, 743, 744, 745, 746, 747, 748, 749, 750, 751, 752, 753, 754, 755, 756, 757, 758, 759, 760, 761, 762, 763, 764, 765, 766, 767, 768, 769, 770, 771, 772, 773, 774, 775, 776, 777, 778, 779, 780, 781, 782, 783, 784, 785, 786, 787, 788, 789, 790, 791, 792, 793, 818, 847]",False,"[113, 583]","[103, 104, 105, 106, 107, 108, 109, 110, 111, 112, 113, 114, 115, 116, 117, 118, 119, 120, 121, 122, 123, 124, 125, 126, 127, 128, 129, 130, 131, 132, 133, 134, 135, 136, 137, 138, 139, 140, 141, 142, 143, 144, 145, 146, 147, 148, 149, 150, 151, 152, 153, 154, 155, 156, 157, 158, 159, 160, 161, 162, 163, 164, 165, 166, 167, 168, 169, 170, 171, 172, 173, 174, 175, 176, 177, 178, 179, 180, 181, 182, 183, 184, 185, 186, 187, 188, 189, 190, 191, 192, 193, 194, 195, 196, 197, 198, 199, 200, 201, 202, 203, 204, 205, 206, 207, 208, 209, 210, 211, 212, 213, 214, 215, 216, 217, 218, 219, 220, 221, 222, 223, 224, 225, 226, 227, 228, 229, 230, 231, 232, 233, 234, 235, 236, 237, 238, 239, 240, 241, 242, 243, 244, 245, 246, 247, 248, 249, 250, 251, 252, 253, 254, 255, 256, 257, 258, 259, 260, 261, 262, 263, 264, 265, 266, 267, 268, 269, 270, 271, 272, 273, 274, 275, 276, 277, 278, 279, 280, 281, 282, 283, 284, 285, 286, 287, 288, 289, 290, 291, 292, 293, 294, 295, 296, 297, 298, 299, 300, 301, 302, 303, 304, 305, 306, 307, 308, 309, 310, 311, 312, 313, 314, 315, 316, 317, 318, 319, 320, 321, 322, 323, 324, 325, 326, 327, 328, 329, 330, 331, 332, 333, 334, 335, 336, 337, 574, 575, 576, 577, 578, 579, 580, 581, 582, 583, 584, 585, 586, 587, 588, 589, 590, 591, 592, 593, 594, 595, 596, 597, 598, 599, 600, 601, 602, 603, 604, 605, 606, 607, 608, 609, 610, 611, 612, 613, 614, 615, 616, 617, 618, 619, 620, 621, 622, 623, 624, 625, 626, 627, 628, 629, 630, 631, 632, 633, 634, 635, 636, 637, 638, 639, 640, 641, 642, 643, 644, 645, 646, 647, 648, 649, 650, 651, 652, 653, 654, 655, 656, 657, 658, 659, 660, 661, 662, 663, 664, 665, 666, 667, 668, 669, 670, 671, 672, 673, 674, 675, 676, 677, 678, 679, 680, 681, 682, 683, 684, 685, 686, 687, 688, 689, 690, 691, 692, 693, 694, 695, 696, 697, 698, 699, 700, 701, 702, 703, 704, 705, 706, 707, 708, 709, 710, 711, 712, 713, 714, 715, 716, 717, 718, 719, 720, 721, 722, 723, 724, 725, 726, 727, 728, 729, 730, 731, 732, 733, 734, 735, 736, 737, 738, 739, 740, 741, 742, 743, 744, 745, 746, 747, 748, 749, 750, 751, 752, 753, 754, 755, 756, 757, 758, 759, 760, 761, 762, 763, 764, 765, 766, 767, 768, 769, 770, 771, 772, 773, 774, 775, 776, 777, 778, 779, 780, 781, 782, 783, 784, 785, 786, 787, 788, 789, 790, 791, 792, 793]","[113, 583]","[53, 113, 200, 204, 249, 583, 671, 674, 712]","[15, 91, 107, 110, 113, 123, 132, 136, 193, 216, 218, 252, 274, 275, 281, 286, 293, 302, 325, 326, 500, 562, 578, 580, 583, 594, 603, 607, 664, 686, 715, 733, 734, 740, 745, 752, 760, 783, 784]","[2, 9, 10, 82, 111, 112, 113, 196, 199, 279, 284, 285, 300, 397, 488, 494, 495, 553, 581, 582, 583, 667, 670, 738, 743, 744, 759, 818, 847]","[2, 9, 10, 82, 111, 112, 113, 199, 279, 284, 285, 300, 488, 494, 495, 553, 581, 582, 583, 670, 738, 743, 744, 759, 818]",7/6 successful match,False,,False,339,False,,0.8444444444444444,True,Valero Truck Stop # 3005,Valero
King City ( 93930 ) Corner Store ( CA # 3005 41 E ( Valero ),831-385-5993 US 101 Exit ),24 M O 0,King City,93930,Corner Store ( CA # 3005 41 E ( Valero ),831-385-5993,2016,King City,CA,Valero,,US 101 Exit ,Exit,,False,,False,US 101,,,,,[],"[113, 583]","[113, 583]",[],"[103, 104, 105, 106, 107, 108, 109, 110, 111, 112, 113, 114, 115, 116, 117, 118, 119, 120, 121, 122, 123, 124, 125, 126, 127, 128, 129, 130, 131, 132, 133, 134, 135, 136, 137, 138, 139, 140, 141, 142, 143, 144, 145, 146, 147, 148, 149, 150, 151, 152, 153, 154, 155, 156, 157, 158, 159, 160, 161, 162, 163, 164, 165, 166, 167, 168, 169, 170, 171, 172, 173, 174, 175, 176, 177, 178, 179, 180, 181, 182, 183, 184, 185, 186, 187, 188, 189, 190, 191, 192, 193, 194, 195, 196, 197, 198, 199, 200, 201, 202, 203, 204, 205, 206, 207, 208, 209, 210, 211, 212, 213, 214, 215, 216, 217, 218, 219, 220, 221, 222, 223, 224, 225, 226, 227, 228, 229, 230, 231, 232, 233, 234, 235, 236, 237, 238, 239, 240, 241, 242, 243, 244, 245, 246, 247, 248, 249, 250, 251, 252, 253, 254, 255, 256, 257, 258, 259, 260, 261, 262, 263, 264, 265, 266, 267, 268, 269, 270, 271, 272, 273, 274, 275, 276, 277, 278, 279, 280, 281, 282, 283, 284, 285, 286, 287, 288, 289, 290, 291, 292, 293, 294, 295, 296, 297, 298, 299, 300, 301, 302, 303, 304, 305, 306, 307, 308, 309, 310, 311, 312, 313, 314, 315, 316, 317, 318, 319, 320, 321, 322, 323, 324, 325, 326, 327, 328, 329, 330, 331, 332, 333, 334, 335, 336, 337, 574, 575, 576, 577, 578, 579, 580, 581, 582, 583, 584, 585, 586, 587, 588, 589, 590, 591, 592, 593, 594, 595, 596, 597, 598, 599, 600, 601, 602, 603, 604, 605, 606, 607, 608, 609, 610, 611, 612, 613, 614, 615, 616, 617, 618, 619, 620, 621, 622, 623, 624, 625, 626, 627, 628, 629, 630, 631, 632, 633, 634, 635, 636, 637, 638, 639, 640, 641, 642, 643, 644, 645, 646, 647, 648, 649, 650, 651, 652, 653, 654, 655, 656, 657, 658, 659, 660, 661, 662, 663, 664, 665, 666, 667, 668, 669, 670, 671, 672, 673, 674, 675, 676, 677, 678, 679, 680, 681, 682, 683, 684, 685, 686, 687, 688, 689, 690, 691, 692, 693, 694, 695, 696, 697, 698, 699, 700, 701, 702, 703, 704, 705, 706, 707, 708, 709, 710, 711, 712, 713, 714, 715, 716, 717, 718, 719, 720, 721, 722, 723, 724, 725, 726, 727, 728, 729, 730, 731, 732, 733, 734, 735, 736, 737, 738, 739, 740, 741, 742, 743, 744, 745, 746, 747, 748, 749, 750, 751, 752, 753, 754, 755, 756, 757, 758, 759, 760, 761, 762, 763, 764, 765, 766, 767, 768, 769, 770, 771, 772, 773, 774, 775, 776, 777, 778, 779, 780, 781, 782, 783, 784, 785, 786, 787, 788, 789, 790, 791, 792, 793]","[15, 91, 107, 110, 113, 123, 132, 136, 193, 216, 218, 252, 274, 275, 281, 286, 293, 302, 325, 326, 500, 562, 578, 580, 583, 594, 603, 607, 664, 686, 715, 733, 734, 740, 745, 752, 760, 783, 784]","[2, 9, 10, 82, 111, 112, 113, 199, 279, 284, 285, 300, 488, 494, 495, 553, 581, 582, 583, 670, 738, 743, 744, 759, 818]","[2, 9, 10, 82, 111, 112, 113, 196, 199, 279, 284, 285, 300, 397, 488, 494, 495, 553, 581, 582, 583, 667, 670, 738, 743, 744, 759, 818, 847]","[2, 9, 10, 15, 82, 91, 103, 104, 105, 106, 107, 108, 109, 110, 111, 112, 113, 114, 115, 116, 117, 118, 119, 120, 121, 122, 123, 124, 125, 126, 127, 128, 129, 130, 131, 132, 133, 134, 135, 136, 137, 138, 139, 140, 141, 142, 143, 144, 145, 146, 147, 148, 149, 150, 151, 152, 153, 154, 155, 156, 157, 158, 159, 160, 161, 162, 163, 164, 165, 166, 167, 168, 169, 170, 171, 172, 173, 174, 175, 176, 177, 178, 179, 180, 181, 182, 183, 184, 185, 186, 187, 188, 189, 190, 191, 192, 193, 194, 195, 196, 197, 198, 199, 200, 201, 202, 203, 204, 205, 206, 207, 208, 209, 210, 211, 212, 213, 214, 215, 216, 217, 218, 219, 220, 221, 222, 223, 224, 225, 226, 227, 228, 229, 230, 231, 232, 233, 234, 235, 236, 237, 238, 239, 240, 241, 242, 243, 244, 245, 246, 247, 248, 249, 250, 251, 252, 253, 254, 255, 256, 257, 258, 259, 260, 261, 262, 263, 264, 265, 266, 267, 268, 269, 270, 271, 272, 273, 274, 275, 276, 277, 278, 279, 280, 281, 282, 283, 284, 285, 286, 287, 288, 289, 290, 291, 292, 293, 294, 295, 296, 297, 298, 299, 300, 301, 302, 303, 304, 305, 306, 307, 308, 309, 310, 311, 312, 313, 314, 315, 316, 317, 318, 319, 320, 321, 322, 323, 324, 325, 326, 327, 328, 329, 330, 331, 332, 333, 334, 335, 336, 337, 397, 488, 494, 495, 500, 553, 562, 574, 575, 576, 577, 578, 579, 580, 581, 582, 583, 584, 585, 586, 587, 588, 589, 590, 591, 592, 593, 594, 595, 596, 597, 598, 599, 600, 601, 602, 603, 604, 605, 606, 607, 608, 609, 610, 611, 612, 613, 614, 615, 616, 617, 618, 619, 620, 621, 622, 623, 624, 625, 626, 627, 628, 629, 630, 631, 632, 633, 634, 635, 636, 637, 638, 639, 640, 641, 642, 643, 644, 645, 646, 647, 648, 649, 650, 651, 652, 653, 654, 655, 656, 657, 658, 659, 660, 661, 662, 663, 664, 665, 666, 667, 668, 669, 670, 671, 672, 673, 674, 675, 676, 677, 678, 679, 680, 681, 682, 683, 684, 685, 686, 687, 688, 689, 690, 691, 692, 693, 694, 695, 696, 697, 698, 699, 700, 701, 702, 703, 704, 705, 706, 707, 708, 709, 710, 711, 712, 713, 714, 715, 716, 717, 718, 719, 720, 721, 722, 723, 724, 725, 726, 727, 728, 729, 730, 731, 732, 733, 734, 735, 736, 737, 738, 739, 740, 741, 742, 743, 744, 745, 746, 747, 748, 749, 750, 751, 752, 753, 754, 755, 756, 757, 758, 759, 760, 761, 762, 763, 764, 765, 766, 767, 768, 769, 770, 771, 772, 773, 774, 775, 776, 777, 778, 779, 780, 781, 782, 783, 784, 785, 786, 787, 788, 789, 790, 791, 792, 793, 818, 847]",False,"[113, 583]","[103, 104, 105, 106, 107, 108, 109, 110, 111, 112, 113, 114, 115, 116, 117, 118, 119, 120, 121, 122, 123, 124, 125, 126, 127, 128, 129, 130, 131, 132, 133, 134, 135, 136, 137, 138, 139, 140, 141, 142, 143, 144, 145, 146, 147, 148, 149, 150, 151, 152, 153, 154, 155, 156, 157, 158, 159, 160, 161, 162, 163, 164, 165, 166, 167, 168, 169, 170, 171, 172, 173, 174, 175, 176, 177, 178, 179, 180, 181, 182, 183, 184, 185, 186, 187, 188, 189, 190, 191, 192, 193, 194, 195, 196, 197, 198, 199, 200, 201, 202, 203, 204, 205, 206, 207, 208, 209, 210, 211, 212, 213, 214, 215, 216, 217, 218, 219, 220, 221, 222, 223, 224, 225, 226, 227, 228, 229, 230, 231, 232, 233, 234, 235, 236, 237, 238, 239, 240, 241, 242, 243, 244, 245, 246, 247, 248, 249, 250, 251, 252, 253, 254, 255, 256, 257, 258, 259, 260, 261, 262, 263, 264, 265, 266, 267, 268, 269, 270, 271, 272, 273, 274, 275, 276, 277, 278, 279, 280, 281, 282, 283, 284, 285, 286, 287, 288, 289, 290, 291, 292, 293, 294, 295, 296, 297, 298, 299, 300, 301, 302, 303, 304, 305, 306, 307, 308, 309, 310, 311, 312, 313, 314, 315, 316, 317, 318, 319, 320, 321, 322, 323, 324, 325, 326, 327, 328, 329, 330, 331, 332, 333, 334, 335, 336, 337, 574, 575, 576, 577, 578, 579, 580, 581, 582, 583, 584, 585, 586, 587, 588, 589, 590, 591, 592, 593, 594, 595, 596, 597, 598, 599, 600, 601, 602, 603, 604, 605, 606, 607, 608, 609, 610, 611, 612, 613, 614, 615, 616, 617, 618, 619, 620, 621, 622, 623, 624, 625, 626, 627, 628, 629, 630, 631, 632, 633, 634, 635, 636, 637, 638, 639, 640, 641, 642, 643, 644, 645, 646, 647, 648, 649, 650, 651, 652, 653, 654, 655, 656, 657, 658, 659, 660, 661, 662, 663, 664, 665, 666, 667, 668, 669, 670, 671, 672, 673, 674, 675, 676, 677, 678, 679, 680, 681, 682, 683, 684, 685, 686, 687, 688, 689, 690, 691, 692, 693, 694, 695, 696, 697, 698, 699, 700, 701, 702, 703, 704, 705, 706, 707, 708, 709, 710, 711, 712, 713, 714, 715, 716, 717, 718, 719, 720, 721, 722, 723, 724, 725, 726, 727, 728, 729, 730, 731, 732, 733, 734, 735, 736, 737, 738, 739, 740, 741, 742, 743, 744, 745, 746, 747, 748, 749, 750, 751, 752, 753, 754, 755, 756, 757, 758, 759, 760, 761, 762, 763, 764, 765, 766, 767, 768, 769, 770, 771, 772, 773, 774, 775, 776, 777, 778, 779, 780, 781, 782, 783, 784, 785, 786, 787, 788, 789, 790, 791, 792, 793]","[113, 583]",[],"[15, 91, 107, 110, 113, 123, 132, 136, 193, 216, 218, 252, 274, 275, 281, 286, 293, 302, 325, 326, 500, 562, 578, 580, 583, 594, 603, 607, 664, 686, 715, 733, 734, 740, 745, 752, 760, 783, 784]","[2, 9, 10, 82, 111, 112, 113, 196, 199, 279, 284, 285, 300, 397, 488, 494, 495, 553, 581, 582, 583, 667, 670, 738, 743, 744, 759, 818, 847]","[2, 9, 10, 82, 111, 112, 113, 199, 279, 284, 285, 300, 488, 494, 495, 553, 581, 582, 583, 670, 738, 743, 744, 759, 818]",7/6 successful match,False,,False,339,False,,1.0,True,Corner Store # 3005 ( Valero ),Valero
"S San Francisco , 94080 Gateway Flyers ( Mobil",650-737-9800 US 101 & Grand Ave ( 1/4 ) mi E ),24 <U+2610> S <U+2610>,San Francisco,94080,Gateway Flyers ( Mobil,650-737-9800,2006,South San Francisco,CA,Mobil,( 1/4 ) mi E ),US 101 & Grand Ave,empty,,False,,False,US 101,Grand Ave,,,,"[752, 293]","[107, 293, 578, 752]","[49, 87, 107, 198, 255, 293, 297, 316, 331, 528, 558, 578, 669, 708, 752, 756, 774, 788]",[],"[103, 104, 105, 106, 107, 108, 109, 110, 111, 112, 113, 114, 115, 116, 117, 118, 119, 120, 121, 122, 123, 124, 125, 126, 127, 128, 129, 130, 131, 132, 133, 134, 135, 136, 137, 138, 139, 140, 141, 142, 143, 144, 145, 146, 147, 148, 149, 150, 151, 152, 153, 154, 155, 156, 157, 158, 159, 160, 161, 162, 163, 164, 165, 166, 167, 168, 169, 170, 171, 172, 173, 174, 175, 176, 177, 178, 179, 180, 181, 182, 183, 184, 185, 186, 187, 188, 189, 190, 191, 192, 193, 194, 195, 196, 197, 198, 199, 200, 201, 202, 203, 204, 205, 206, 207, 208, 209, 210, 211, 212, 213, 214, 215, 216, 217, 218, 219, 220, 221, 222, 223, 224, 225, 226, 227, 228, 229, 230, 231, 232, 233, 234, 235, 236, 237, 238, 239, 240, 241, 242, 243, 244, 245, 246, 247, 248, 249, 250, 251, 252, 253, 254, 255, 256, 257, 258, 259, 260, 261, 262, 263, 264, 265, 266, 267, 268, 269, 270, 271, 272, 273, 274, 275, 276, 277, 278, 279, 280, 281, 282, 283, 284, 285, 286, 287, 288, 289, 290, 291, 292, 293, 294, 295, 296, 297, 298, 299, 300, 301, 302, 303, 304, 305, 306, 307, 308, 309, 310, 311, 312, 313, 314, 315, 316, 317, 318, 319, 320, 321, 322, 323, 324, 325, 326, 327, 328, 329, 330, 331, 332, 333, 334, 335, 336, 337, 574, 575, 576, 577, 578, 579, 580, 581, 582, 583, 584, 585, 586, 587, 588, 589, 590, 591, 592, 593, 594, 595, 596, 597, 598, 599, 600, 601, 602, 603, 604, 605, 606, 607, 608, 609, 610, 611, 612, 613, 614, 615, 616, 617, 618, 619, 620, 621, 622, 623, 624, 625, 626, 627, 628, 629, 630, 631, 632, 633, 634, 635, 636, 637, 638, 639, 640, 641, 642, 643, 644, 645, 646, 647, 648, 649, 650, 651, 652, 653, 654, 655, 656, 657, 658, 659, 660, 661, 662, 663, 664, 665, 666, 667, 668, 669, 670, 671, 672, 673, 674, 675, 676, 677, 678, 679, 680, 681, 682, 683, 684, 685, 686, 687, 688, 689, 690, 691, 692, 693, 694, 695, 696, 697, 698, 699, 700, 701, 702, 703, 704, 705, 706, 707, 708, 709, 710, 711, 712, 713, 714, 715, 716, 717, 718, 719, 720, 721, 722, 723, 724, 725, 726, 727, 728, 729, 730, 731, 732, 733, 734, 735, 736, 737, 738, 739, 740, 741, 742, 743, 744, 745, 746, 747, 748, 749, 750, 751, 752, 753, 754, 755, 756, 757, 758, 759, 760, 761, 762, 763, 764, 765, 766, 767, 768, 769, 770, 771, 772, 773, 774, 775, 776, 777, 778, 779, 780, 781, 782, 783, 784, 785, 786, 787, 788, 789, 790, 791, 792, 793]","[15, 45, 91, 107, 110, 113, 123, 132, 136, 193, 216, 218, 252, 274, 275, 281, 286, 293, 302, 325, 326, 500, 525, 562, 578, 580, 583, 594, 603, 607, 664, 686, 715, 733, 734, 740, 745, 752, 760, 783, 784]","[4, 59, 232, 269, 299, 490, 535, 696, 728, 758]","[4, 59, 232, 269, 299, 490, 535, 696, 728, 758]","[4, 15, 45, 49, 59, 87, 91, 103, 104, 105, 106, 107, 108, 109, 110, 111, 112, 113, 114, 115, 116, 117, 118, 119, 120, 121, 122, 123, 124, 125, 126, 127, 128, 129, 130, 131, 132, 133, 134, 135, 136, 137, 138, 139, 140, 141, 142, 143, 144, 145, 146, 147, 148, 149, 150, 151, 152, 153, 154, 155, 156, 157, 158, 159, 160, 161, 162, 163, 164, 165, 166, 167, 168, 169, 170, 171, 172, 173, 174, 175, 176, 177, 178, 179, 180, 181, 182, 183, 184, 185, 186, 187, 188, 189, 190, 191, 192, 193, 194, 195, 196, 197, 198, 199, 200, 201, 202, 203, 204, 205, 206, 207, 208, 209, 210, 211, 212, 213, 214, 215, 216, 217, 218, 219, 220, 221, 222, 223, 224, 225, 226, 227, 228, 229, 230, 231, 232, 233, 234, 235, 236, 237, 238, 239, 240, 241, 242, 243, 244, 245, 246, 247, 248, 249, 250, 251, 252, 253, 254, 255, 256, 257, 258, 259, 260, 261, 262, 263, 264, 265, 266, 267, 268, 269, 270, 271, 272, 273, 274, 275, 276, 277, 278, 279, 280, 281, 282, 283, 284, 285, 286, 287, 288, 289, 290, 291, 292, 293, 294, 295, 296, 297, 298, 299, 300, 301, 302, 303, 304, 305, 306, 307, 308, 309, 310, 311, 312, 313, 314, 315, 316, 317, 318, 319, 320, 321, 322, 323, 324, 325, 326, 327, 328, 329, 330, 331, 332, 333, 334, 335, 336, 337, 490, 500, 525, 528, 535, 558, 562, 574, 575, 576, 577, 578, 579, 580, 581, 582, 583, 584, 585, 586, 587, 588, 589, 590, 591, 592, 593, 594, 595, 596, 597, 598, 599, 600, 601, 602, 603, 604, 605, 606, 607, 608, 609, 610, 611, 612, 613, 614, 615, 616, 617, 618, 619, 620, 621, 622, 623, 624, 625, 626, 627, 628, 629, 630, 631, 632, 633, 634, 635, 636, 637, 638, 639, 640, 641, 642, 643, 644, 645, 646, 647, 648, 649, 650, 651, 652, 653, 654, 655, 656, 657, 658, 659, 660, 661, 662, 663, 664, 665, 666, 667, 668, 669, 670, 671, 672, 673, 674, 675, 676, 677, 678, 679, 680, 681, 682, 683, 684, 685, 686, 687, 688, 689, 690, 691, 692, 693, 694, 695, 696, 697, 698, 699, 700, 701, 702, 703, 704, 705, 706, 707, 708, 709, 710, 711, 712, 713, 714, 715, 716, 717, 718, 719, 720, 721, 722, 723, 724, 725, 726, 727, 728, 729, 730, 731, 732, 733, 734, 735, 736, 737, 738, 739, 740, 741, 742, 743, 744, 745, 746, 747, 748, 749, 750, 751, 752, 753, 754, 755, 756, 757, 758, 759, 760, 761, 762, 763, 764, 765, 766, 767, 768, 769, 770, 771, 772, 773, 774, 775, 776, 777, 778, 779, 780, 781, 782, 783, 784, 785, 786, 787, 788, 789, 790, 791, 792, 793]",True,"[107, 293, 578, 752]","[103, 104, 105, 106, 107, 108, 109, 110, 111, 112, 113, 114, 115, 116, 117, 118, 119, 120, 121, 122, 123, 124, 125, 126, 127, 128, 129, 130, 131, 132, 133, 134, 135, 136, 137, 138, 139, 140, 141, 142, 143, 144, 145, 146, 147, 148, 149, 150, 151, 152, 153, 154, 155, 156, 157, 158, 159, 160, 161, 162, 163, 164, 165, 166, 167, 168, 169, 170, 171, 172, 173, 174, 175, 176, 177, 178, 179, 180, 181, 182, 183, 184, 185, 186, 187, 188, 189, 190, 191, 192, 193, 194, 195, 196, 197, 198, 199, 200, 201, 202, 203, 204, 205, 206, 207, 208, 209, 210, 211, 212, 213, 214, 215, 216, 217, 218, 219, 220, 221, 222, 223, 224, 225, 226, 227, 228, 229, 230, 231, 232, 233, 234, 235, 236, 237, 238, 239, 240, 241, 242, 243, 244, 245, 246, 247, 248, 249, 250, 251, 252, 253, 254, 255, 256, 257, 258, 259, 260, 261, 262, 263, 264, 265, 266, 267, 268, 269, 270, 271, 272, 273, 274, 275, 276, 277, 278, 279, 280, 281, 282, 283, 284, 285, 286, 287, 288, 289, 290, 291, 292, 293, 294, 295, 296, 297, 298, 299, 300, 301, 302, 303, 304, 305, 306, 307, 308, 309, 310, 311, 312, 313, 314, 315, 316, 317, 318, 319, 320, 321, 322, 323, 324, 325, 326, 327, 328, 329, 330, 331, 332, 333, 334, 335, 336, 337, 574, 575, 576, 577, 578, 579, 580, 581, 582, 583, 584, 585, 586, 587, 588, 589, 590, 591, 592, 593, 594, 595, 596, 597, 598, 599, 600, 601, 602, 603, 604, 605, 606, 607, 608, 609, 610, 611, 612, 613, 614, 615, 616, 617, 618, 619, 620, 621, 622, 623, 624, 625, 626, 627, 628, 629, 630, 631, 632, 633, 634, 635, 636, 637, 638, 639, 640, 641, 642, 643, 644, 645, 646, 647, 648, 649, 650, 651, 652, 653, 654, 655, 656, 657, 658, 659, 660, 661, 662, 663, 664, 665, 666, 667, 668, 669, 670, 671, 672, 673, 674, 675, 676, 677, 678, 679, 680, 681, 682, 683, 684, 685, 686, 687, 688, 689, 690, 691, 692, 693, 694, 695, 696, 697, 698, 699, 700, 701, 702, 703, 704, 705, 706, 707, 708, 709, 710, 711, 712, 713, 714, 715, 716, 717, 718, 719, 720, 721, 722, 723, 724, 725, 726, 727, 728, 729, 730, 731, 732, 733, 734, 735, 736, 737, 738, 739, 740, 741, 742, 743, 744, 745, 746, 747, 748, 749, 750, 751, 752, 753, 754, 755, 756, 757, 758, 759, 760, 761, 762, 763, 764, 765, 766, 767, 768, 769, 770, 771, 772, 773, 774, 775, 776, 777, 778, 779, 780, 781, 782, 783, 784, 785, 786, 787, 788, 789, 790, 791, 792, 793]","[49, 87, 107, 198, 255, 293, 297, 316, 331, 528, 558, 578, 669, 708, 752, 756, 774, 788]",[],"[15, 45, 91, 107, 110, 113, 123, 132, 136, 193, 216, 218, 252, 274, 275, 281, 286, 293, 302, 325, 326, 500, 525, 562, 578, 580, 583, 594, 603, 607, 664, 686, 715, 733, 734, 740, 745, 752, 760, 783, 784]","[4, 59, 232, 269, 299, 490, 535, 696, 728, 758]","[4, 59, 232, 269, 299, 490, 535, 696, 728, 758]",5/6 successful match,True,"[700, 701, 702]",True,340,False,,,,,
"S San Francisco , 94080 Gateway Flyers",650-737-9800 US 101 & Grand Ave ( 1/4 mi E ),24 M S,San Francisco,94080,Gateway Flyers,650-737-9800,2007,South San Francisco,CA,,( 1/4 mi E ),US 101 & Grand Ave,empty,,False,,False,US 101,Grand Ave,,,,"[752, 293]","[107, 293, 578, 752]","[49, 87, 107, 198, 255, 293, 297, 316, 331, 528, 558, 578, 669, 708, 752, 756, 774, 788]",[],"[103, 104, 105, 106, 107, 108, 109, 110, 111, 112, 113, 114, 115, 116, 117, 118, 119, 120, 121, 122, 123, 124, 125, 126, 127, 128, 129, 130, 131, 132, 133, 134, 135, 136, 137, 138, 139, 140, 141, 142, 143, 144, 145, 146, 147, 148, 149, 150, 151, 152, 153, 154, 155, 156, 157, 158, 159, 160, 161, 162, 163, 164, 165, 166, 167, 168, 169, 170, 171, 172, 173, 174, 175, 176, 177, 178, 179, 180, 181, 182, 183, 184, 185, 186, 187, 188, 189, 190, 191, 192, 193, 194, 195, 196, 197, 198, 199, 200, 201, 202, 203, 204, 205, 206, 207, 208, 209, 210, 211, 212, 213, 214, 215, 216, 217, 218, 219, 220, 221, 222, 223, 224, 225, 226, 227, 228, 229, 230, 231, 232, 233, 234, 235, 236, 237, 238, 239, 240, 241, 242, 243, 244, 245, 246, 247, 248, 249, 250, 251, 252, 253, 254, 255, 256, 257, 258, 259, 260, 261, 262, 263, 264, 265, 266, 267, 268, 269, 270, 271, 272, 273, 274, 275, 276, 277, 278, 279, 280, 281, 282, 283, 284, 285, 286, 287, 288, 289, 290, 291, 292, 293, 294, 295, 296, 297, 298, 299, 300, 301, 302, 303, 304, 305, 306, 307, 308, 309, 310, 311, 312, 313, 314, 315, 316, 317, 318, 319, 320, 321, 322, 323, 324, 325, 326, 327, 328, 329, 330, 331, 332, 333, 334, 335, 336, 337, 574, 575, 576, 577, 578, 579, 580, 581, 582, 583, 584, 585, 586, 587, 588, 589, 590, 591, 592, 593, 594, 595, 596, 597, 598, 599, 600, 601, 602, 603, 604, 605, 606, 607, 608, 609, 610, 611, 612, 613, 614, 615, 616, 617, 618, 619, 620, 621, 622, 623, 624, 625, 626, 627, 628, 629, 630, 631, 632, 633, 634, 635, 636, 637, 638, 639, 640, 641, 642, 643, 644, 645, 646, 647, 648, 649, 650, 651, 652, 653, 654, 655, 656, 657, 658, 659, 660, 661, 662, 663, 664, 665, 666, 667, 668, 669, 670, 671, 672, 673, 674, 675, 676, 677, 678, 679, 680, 681, 682, 683, 684, 685, 686, 687, 688, 689, 690, 691, 692, 693, 694, 695, 696, 697, 698, 699, 700, 701, 702, 703, 704, 705, 706, 707, 708, 709, 710, 711, 712, 713, 714, 715, 716, 717, 718, 719, 720, 721, 722, 723, 724, 725, 726, 727, 728, 729, 730, 731, 732, 733, 734, 735, 736, 737, 738, 739, 740, 741, 742, 743, 744, 745, 746, 747, 748, 749, 750, 751, 752, 753, 754, 755, 756, 757, 758, 759, 760, 761, 762, 763, 764, 765, 766, 767, 768, 769, 770, 771, 772, 773, 774, 775, 776, 777, 778, 779, 780, 781, 782, 783, 784, 785, 786, 787, 788, 789, 790, 791, 792, 793]","[15, 45, 91, 107, 110, 113, 123, 132, 136, 193, 216, 218, 252, 274, 275, 281, 286, 293, 302, 325, 326, 500, 525, 562, 578, 580, 583, 594, 603, 607, 664, 686, 715, 733, 734, 740, 745, 752, 760, 783, 784]",[],[],"[15, 45, 49, 87, 91, 103, 104, 105, 106, 107, 108, 109, 110, 111, 112, 113, 114, 115, 116, 117, 118, 119, 120, 121, 122, 123, 124, 125, 126, 127, 128, 129, 130, 131, 132, 133, 134, 135, 136, 137, 138, 139, 140, 141, 142, 143, 144, 145, 146, 147, 148, 149, 150, 151, 152, 153, 154, 155, 156, 157, 158, 159, 160, 161, 162, 163, 164, 165, 166, 167, 168, 169, 170, 171, 172, 173, 174, 175, 176, 177, 178, 179, 180, 181, 182, 183, 184, 185, 186, 187, 188, 189, 190, 191, 192, 193, 194, 195, 196, 197, 198, 199, 200, 201, 202, 203, 204, 205, 206, 207, 208, 209, 210, 211, 212, 213, 214, 215, 216, 217, 218, 219, 220, 221, 222, 223, 224, 225, 226, 227, 228, 229, 230, 231, 232, 233, 234, 235, 236, 237, 238, 239, 240, 241, 242, 243, 244, 245, 246, 247, 248, 249, 250, 251, 252, 253, 254, 255, 256, 257, 258, 259, 260, 261, 262, 263, 264, 265, 266, 267, 268, 269, 270, 271, 272, 273, 274, 275, 276, 277, 278, 279, 280, 281, 282, 283, 284, 285, 286, 287, 288, 289, 290, 291, 292, 293, 294, 295, 296, 297, 298, 299, 300, 301, 302, 303, 304, 305, 306, 307, 308, 309, 310, 311, 312, 313, 314, 315, 316, 317, 318, 319, 320, 321, 322, 323, 324, 325, 326, 327, 328, 329, 330, 331, 332, 333, 334, 335, 336, 337, 500, 525, 528, 558, 562, 574, 575, 576, 577, 578, 579, 580, 581, 582, 583, 584, 585, 586, 587, 588, 589, 590, 591, 592, 593, 594, 595, 596, 597, 598, 599, 600, 601, 602, 603, 604, 605, 606, 607, 608, 609, 610, 611, 612, 613, 614, 615, 616, 617, 618, 619, 620, 621, 622, 623, 624, 625, 626, 627, 628, 629, 630, 631, 632, 633, 634, 635, 636, 637, 638, 639, 640, 641, 642, 643, 644, 645, 646, 647, 648, 649, 650, 651, 652, 653, 654, 655, 656, 657, 658, 659, 660, 661, 662, 663, 664, 665, 666, 667, 668, 669, 670, 671, 672, 673, 674, 675, 676, 677, 678, 679, 680, 681, 682, 683, 684, 685, 686, 687, 688, 689, 690, 691, 692, 693, 694, 695, 696, 697, 698, 699, 700, 701, 702, 703, 704, 705, 706, 707, 708, 709, 710, 711, 712, 713, 714, 715, 716, 717, 718, 719, 720, 721, 722, 723, 724, 725, 726, 727, 728, 729, 730, 731, 732, 733, 734, 735, 736, 737, 738, 739, 740, 741, 742, 743, 744, 745, 746, 747, 748, 749, 750, 751, 752, 753, 754, 755, 756, 757, 758, 759, 760, 761, 762, 763, 764, 765, 766, 767, 768, 769, 770, 771, 772, 773, 774, 775, 776, 777, 778, 779, 780, 781, 782, 783, 784, 785, 786, 787, 788, 789, 790, 791, 792, 793]",True,"[107, 293, 578, 752]","[103, 104, 105, 106, 107, 108, 109, 110, 111, 112, 113, 114, 115, 116, 117, 118, 119, 120, 121, 122, 123, 124, 125, 126, 127, 128, 129, 130, 131, 132, 133, 134, 135, 136, 137, 138, 139, 140, 141, 142, 143, 144, 145, 146, 147, 148, 149, 150, 151, 152, 153, 154, 155, 156, 157, 158, 159, 160, 161, 162, 163, 164, 165, 166, 167, 168, 169, 170, 171, 172, 173, 174, 175, 176, 177, 178, 179, 180, 181, 182, 183, 184, 185, 186, 187, 188, 189, 190, 191, 192, 193, 194, 195, 196, 197, 198, 199, 200, 201, 202, 203, 204, 205, 206, 207, 208, 209, 210, 211, 212, 213, 214, 215, 216, 217, 218, 219, 220, 221, 222, 223, 224, 225, 226, 227, 228, 229, 230, 231, 232, 233, 234, 235, 236, 237, 238, 239, 240, 241, 242, 243, 244, 245, 246, 247, 248, 249, 250, 251, 252, 253, 254, 255, 256, 257, 258, 259, 260, 261, 262, 263, 264, 265, 266, 267, 268, 269, 270, 271, 272, 273, 274, 275, 276, 277, 278, 279, 280, 281, 282, 283, 284, 285, 286, 287, 288, 289, 290, 291, 292, 293, 294, 295, 296, 297, 298, 299, 300, 301, 302, 303, 304, 305, 306, 307, 308, 309, 310, 311, 312, 313, 314, 315, 316, 317, 318, 319, 320, 321, 322, 323, 324, 325, 326, 327, 328, 329, 330, 331, 332, 333, 334, 335, 336, 337, 574, 575, 576, 577, 578, 579, 580, 581, 582, 583, 584, 585, 586, 587, 588, 589, 590, 591, 592, 593, 594, 595, 596, 597, 598, 599, 600, 601, 602, 603, 604, 605, 606, 607, 608, 609, 610, 611, 612, 613, 614, 615, 616, 617, 618, 619, 620, 621, 622, 623, 624, 625, 626, 627, 628, 629, 630, 631, 632, 633, 634, 635, 636, 637, 638, 639, 640, 641, 642, 643, 644, 645, 646, 647, 648, 649, 650, 651, 652, 653, 654, 655, 656, 657, 658, 659, 660, 661, 662, 663, 664, 665, 666, 667, 668, 669, 670, 671, 672, 673, 674, 675, 676, 677, 678, 679, 680, 681, 682, 683, 684, 685, 686, 687, 688, 689, 690, 691, 692, 693, 694, 695, 696, 697, 698, 699, 700, 701, 702, 703, 704, 705, 706, 707, 708, 709, 710, 711, 712, 713, 714, 715, 716, 717, 718, 719, 720, 721, 722, 723, 724, 725, 726, 727, 728, 729, 730, 731, 732, 733, 734, 735, 736, 737, 738, 739, 740, 741, 742, 743, 744, 745, 746, 747, 748, 749, 750, 751, 752, 753, 754, 755, 756, 757, 758, 759, 760, 761, 762, 763, 764, 765, 766, 767, 768, 769, 770, 771, 772, 773, 774, 775, 776, 777, 778, 779, 780, 781, 782, 783, 784, 785, 786, 787, 788, 789, 790, 791, 792, 793]","[49, 87, 107, 198, 255, 293, 297, 316, 331, 528, 558, 578, 669, 708, 752, 756, 774, 788]",[],"[15, 45, 91, 107, 110, 113, 123, 132, 136, 193, 216, 218, 252, 274, 275, 281, 286, 293, 302, 325, 326, 500, 525, 562, 578, 580, 583, 594, 603, 607, 664, 686, 715, 733, 734, 740, 745, 752, 760, 783, 784]",[],[],7/6 successful match,True,"[700, 701, 702]",True,340,False,,1.0,True,Gateway Flyers ( Mobil,Mobil
"S San Francisco , 94080 Gateway Flyers",650-737-9800 US 101 & Grand Ave ( 1/4 mi E ),24 HRS M,San Francisco,94080,Gateway Flyers,650-737-9800,2008,South San Francisco,CA,,( 1/4 mi E ),US 101 & Grand Ave,empty,,False,,False,US 101,Grand Ave,,,,"[752, 293]","[107, 293, 578, 752]","[49, 87, 107, 198, 255, 293, 297, 316, 331, 528, 558, 578, 669, 708, 752, 756, 774, 788]",[],"[103, 104, 105, 106, 107, 108, 109, 110, 111, 112, 113, 114, 115, 116, 117, 118, 119, 120, 121, 122, 123, 124, 125, 126, 127, 128, 129, 130, 131, 132, 133, 134, 135, 136, 137, 138, 139, 140, 141, 142, 143, 144, 145, 146, 147, 148, 149, 150, 151, 152, 153, 154, 155, 156, 157, 158, 159, 160, 161, 162, 163, 164, 165, 166, 167, 168, 169, 170, 171, 172, 173, 174, 175, 176, 177, 178, 179, 180, 181, 182, 183, 184, 185, 186, 187, 188, 189, 190, 191, 192, 193, 194, 195, 196, 197, 198, 199, 200, 201, 202, 203, 204, 205, 206, 207, 208, 209, 210, 211, 212, 213, 214, 215, 216, 217, 218, 219, 220, 221, 222, 223, 224, 225, 226, 227, 228, 229, 230, 231, 232, 233, 234, 235, 236, 237, 238, 239, 240, 241, 242, 243, 244, 245, 246, 247, 248, 249, 250, 251, 252, 253, 254, 255, 256, 257, 258, 259, 260, 261, 262, 263, 264, 265, 266, 267, 268, 269, 270, 271, 272, 273, 274, 275, 276, 277, 278, 279, 280, 281, 282, 283, 284, 285, 286, 287, 288, 289, 290, 291, 292, 293, 294, 295, 296, 297, 298, 299, 300, 301, 302, 303, 304, 305, 306, 307, 308, 309, 310, 311, 312, 313, 314, 315, 316, 317, 318, 319, 320, 321, 322, 323, 324, 325, 326, 327, 328, 329, 330, 331, 332, 333, 334, 335, 336, 337, 574, 575, 576, 577, 578, 579, 580, 581, 582, 583, 584, 585, 586, 587, 588, 589, 590, 591, 592, 593, 594, 595, 596, 597, 598, 599, 600, 601, 602, 603, 604, 605, 606, 607, 608, 609, 610, 611, 612, 613, 614, 615, 616, 617, 618, 619, 620, 621, 622, 623, 624, 625, 626, 627, 628, 629, 630, 631, 632, 633, 634, 635, 636, 637, 638, 639, 640, 641, 642, 643, 644, 645, 646, 647, 648, 649, 650, 651, 652, 653, 654, 655, 656, 657, 658, 659, 660, 661, 662, 663, 664, 665, 666, 667, 668, 669, 670, 671, 672, 673, 674, 675, 676, 677, 678, 679, 680, 681, 682, 683, 684, 685, 686, 687, 688, 689, 690, 691, 692, 693, 694, 695, 696, 697, 698, 699, 700, 701, 702, 703, 704, 705, 706, 707, 708, 709, 710, 711, 712, 713, 714, 715, 716, 717, 718, 719, 720, 721, 722, 723, 724, 725, 726, 727, 728, 729, 730, 731, 732, 733, 734, 735, 736, 737, 738, 739, 740, 741, 742, 743, 744, 745, 746, 747, 748, 749, 750, 751, 752, 753, 754, 755, 756, 757, 758, 759, 760, 761, 762, 763, 764, 765, 766, 767, 768, 769, 770, 771, 772, 773, 774, 775, 776, 777, 778, 779, 780, 781, 782, 783, 784, 785, 786, 787, 788, 789, 790, 791, 792, 793]","[15, 45, 91, 107, 110, 113, 123, 132, 136, 193, 216, 218, 252, 274, 275, 281, 286, 293, 302, 325, 326, 500, 525, 562, 578, 580, 583, 594, 603, 607, 664, 686, 715, 733, 734, 740, 745, 752, 760, 783, 784]",[],[],"[15, 45, 49, 87, 91, 103, 104, 105, 106, 107, 108, 109, 110, 111, 112, 113, 114, 115, 116, 117, 118, 119, 120, 121, 122, 123, 124, 125, 126, 127, 128, 129, 130, 131, 132, 133, 134, 135, 136, 137, 138, 139, 140, 141, 142, 143, 144, 145, 146, 147, 148, 149, 150, 151, 152, 153, 154, 155, 156, 157, 158, 159, 160, 161, 162, 163, 164, 165, 166, 167, 168, 169, 170, 171, 172, 173, 174, 175, 176, 177, 178, 179, 180, 181, 182, 183, 184, 185, 186, 187, 188, 189, 190, 191, 192, 193, 194, 195, 196, 197, 198, 199, 200, 201, 202, 203, 204, 205, 206, 207, 208, 209, 210, 211, 212, 213, 214, 215, 216, 217, 218, 219, 220, 221, 222, 223, 224, 225, 226, 227, 228, 229, 230, 231, 232, 233, 234, 235, 236, 237, 238, 239, 240, 241, 242, 243, 244, 245, 246, 247, 248, 249, 250, 251, 252, 253, 254, 255, 256, 257, 258, 259, 260, 261, 262, 263, 264, 265, 266, 267, 268, 269, 270, 271, 272, 273, 274, 275, 276, 277, 278, 279, 280, 281, 282, 283, 284, 285, 286, 287, 288, 289, 290, 291, 292, 293, 294, 295, 296, 297, 298, 299, 300, 301, 302, 303, 304, 305, 306, 307, 308, 309, 310, 311, 312, 313, 314, 315, 316, 317, 318, 319, 320, 321, 322, 323, 324, 325, 326, 327, 328, 329, 330, 331, 332, 333, 334, 335, 336, 337, 500, 525, 528, 558, 562, 574, 575, 576, 577, 578, 579, 580, 581, 582, 583, 584, 585, 586, 587, 588, 589, 590, 591, 592, 593, 594, 595, 596, 597, 598, 599, 600, 601, 602, 603, 604, 605, 606, 607, 608, 609, 610, 611, 612, 613, 614, 615, 616, 617, 618, 619, 620, 621, 622, 623, 624, 625, 626, 627, 628, 629, 630, 631, 632, 633, 634, 635, 636, 637, 638, 639, 640, 641, 642, 643, 644, 645, 646, 647, 648, 649, 650, 651, 652, 653, 654, 655, 656, 657, 658, 659, 660, 661, 662, 663, 664, 665, 666, 667, 668, 669, 670, 671, 672, 673, 674, 675, 676, 677, 678, 679, 680, 681, 682, 683, 684, 685, 686, 687, 688, 689, 690, 691, 692, 693, 694, 695, 696, 697, 698, 699, 700, 701, 702, 703, 704, 705, 706, 707, 708, 709, 710, 711, 712, 713, 714, 715, 716, 717, 718, 719, 720, 721, 722, 723, 724, 725, 726, 727, 728, 729, 730, 731, 732, 733, 734, 735, 736, 737, 738, 739, 740, 741, 742, 743, 744, 745, 746, 747, 748, 749, 750, 751, 752, 753, 754, 755, 756, 757, 758, 759, 760, 761, 762, 763, 764, 765, 766, 767, 768, 769, 770, 771, 772, 773, 774, 775, 776, 777, 778, 779, 780, 781, 782, 783, 784, 785, 786, 787, 788, 789, 790, 791, 792, 793]",True,"[107, 293, 578, 752]","[103, 104, 105, 106, 107, 108, 109, 110, 111, 112, 113, 114, 115, 116, 117, 118, 119, 120, 121, 122, 123, 124, 125, 126, 127, 128, 129, 130, 131, 132, 133, 134, 135, 136, 137, 138, 139, 140, 141, 142, 143, 144, 145, 146, 147, 148, 149, 150, 151, 152, 153, 154, 155, 156, 157, 158, 159, 160, 161, 162, 163, 164, 165, 166, 167, 168, 169, 170, 171, 172, 173, 174, 175, 176, 177, 178, 179, 180, 181, 182, 183, 184, 185, 186, 187, 188, 189, 190, 191, 192, 193, 194, 195, 196, 197, 198, 199, 200, 201, 202, 203, 204, 205, 206, 207, 208, 209, 210, 211, 212, 213, 214, 215, 216, 217, 218, 219, 220, 221, 222, 223, 224, 225, 226, 227, 228, 229, 230, 231, 232, 233, 234, 235, 236, 237, 238, 239, 240, 241, 242, 243, 244, 245, 246, 247, 248, 249, 250, 251, 252, 253, 254, 255, 256, 257, 258, 259, 260, 261, 262, 263, 264, 265, 266, 267, 268, 269, 270, 271, 272, 273, 274, 275, 276, 277, 278, 279, 280, 281, 282, 283, 284, 285, 286, 287, 288, 289, 290, 291, 292, 293, 294, 295, 296, 297, 298, 299, 300, 301, 302, 303, 304, 305, 306, 307, 308, 309, 310, 311, 312, 313, 314, 315, 316, 317, 318, 319, 320, 321, 322, 323, 324, 325, 326, 327, 328, 329, 330, 331, 332, 333, 334, 335, 336, 337, 574, 575, 576, 577, 578, 579, 580, 581, 582, 583, 584, 585, 586, 587, 588, 589, 590, 591, 592, 593, 594, 595, 596, 597, 598, 599, 600, 601, 602, 603, 604, 605, 606, 607, 608, 609, 610, 611, 612, 613, 614, 615, 616, 617, 618, 619, 620, 621, 622, 623, 624, 625, 626, 627, 628, 629, 630, 631, 632, 633, 634, 635, 636, 637, 638, 639, 640, 641, 642, 643, 644, 645, 646, 647, 648, 649, 650, 651, 652, 653, 654, 655, 656, 657, 658, 659, 660, 661, 662, 663, 664, 665, 666, 667, 668, 669, 670, 671, 672, 673, 674, 675, 676, 677, 678, 679, 680, 681, 682, 683, 684, 685, 686, 687, 688, 689, 690, 691, 692, 693, 694, 695, 696, 697, 698, 699, 700, 701, 702, 703, 704, 705, 706, 707, 708, 709, 710, 711, 712, 713, 714, 715, 716, 717, 718, 719, 720, 721, 722, 723, 724, 725, 726, 727, 728, 729, 730, 731, 732, 733, 734, 735, 736, 737, 738, 739, 740, 741, 742, 743, 744, 745, 746, 747, 748, 749, 750, 751, 752, 753, 754, 755, 756, 757, 758, 759, 760, 761, 762, 763, 764, 765, 766, 767, 768, 769, 770, 771, 772, 773, 774, 775, 776, 777, 778, 779, 780, 781, 782, 783, 784, 785, 786, 787, 788, 789, 790, 791, 792, 793]","[49, 87, 107, 198, 255, 293, 297, 316, 331, 528, 558, 578, 669, 708, 752, 756, 774, 788]",[],"[15, 45, 91, 107, 110, 113, 123, 132, 136, 193, 216, 218, 252, 274, 275, 281, 286, 293, 302, 325, 326, 500, 525, 562, 578, 580, 583, 594, 603, 607, 664, 686, 715, 733, 734, 740, 745, 752, 760, 783, 784]",[],[],7/6 successful match,True,"[700, 701, 702]",True,340,False,,1.0,True,Gateway Flyers,
South San Francisco ( 94080 ) Flyers # 219 ( Shell ),650-737-9800 US 101 & Grand Ave ( 1/4 mi E ),24 S<U+00B3>,South San Francisco,94080,Flyers # 219 ( Shell ),650-737-9800,2014,South San Francisco,CA,Shell,( 1/4 mi E ),US 101 & Grand Ave,empty,,False,,False,US 101,Grand Ave,,,,"[752, 293]","[107, 293, 578, 752]","[49, 87, 107, 198, 255, 293, 297, 316, 331, 528, 558, 578, 669, 708, 752, 756, 774, 788]",[],"[103, 104, 105, 106, 107, 108, 109, 110, 111, 112, 113, 114, 115, 116, 117, 118, 119, 120, 121, 122, 123, 124, 125, 126, 127, 128, 129, 130, 131, 132, 133, 134, 135, 136, 137, 138, 139, 140, 141, 142, 143, 144, 145, 146, 147, 148, 149, 150, 151, 152, 153, 154, 155, 156, 157, 158, 159, 160, 161, 162, 163, 164, 165, 166, 167, 168, 169, 170, 171, 172, 173, 174, 175, 176, 177, 178, 179, 180, 181, 182, 183, 184, 185, 186, 187, 188, 189, 190, 191, 192, 193, 194, 195, 196, 197, 198, 199, 200, 201, 202, 203, 204, 205, 206, 207, 208, 209, 210, 211, 212, 213, 214, 215, 216, 217, 218, 219, 220, 221, 222, 223, 224, 225, 226, 227, 228, 229, 230, 231, 232, 233, 234, 235, 236, 237, 238, 239, 240, 241, 242, 243, 244, 245, 246, 247, 248, 249, 250, 251, 252, 253, 254, 255, 256, 257, 258, 259, 260, 261, 262, 263, 264, 265, 266, 267, 268, 269, 270, 271, 272, 273, 274, 275, 276, 277, 278, 279, 280, 281, 282, 283, 284, 285, 286, 287, 288, 289, 290, 291, 292, 293, 294, 295, 296, 297, 298, 299, 300, 301, 302, 303, 304, 305, 306, 307, 308, 309, 310, 311, 312, 313, 314, 315, 316, 317, 318, 319, 320, 321, 322, 323, 324, 325, 326, 327, 328, 329, 330, 331, 332, 333, 334, 335, 336, 337, 574, 575, 576, 577, 578, 579, 580, 581, 582, 583, 584, 585, 586, 587, 588, 589, 590, 591, 592, 593, 594, 595, 596, 597, 598, 599, 600, 601, 602, 603, 604, 605, 606, 607, 608, 609, 610, 611, 612, 613, 614, 615, 616, 617, 618, 619, 620, 621, 622, 623, 624, 625, 626, 627, 628, 629, 630, 631, 632, 633, 634, 635, 636, 637, 638, 639, 640, 641, 642, 643, 644, 645, 646, 647, 648, 649, 650, 651, 652, 653, 654, 655, 656, 657, 658, 659, 660, 661, 662, 663, 664, 665, 666, 667, 668, 669, 670, 671, 672, 673, 674, 675, 676, 677, 678, 679, 680, 681, 682, 683, 684, 685, 686, 687, 688, 689, 690, 691, 692, 693, 694, 695, 696, 697, 698, 699, 700, 701, 702, 703, 704, 705, 706, 707, 708, 709, 710, 711, 712, 713, 714, 715, 716, 717, 718, 719, 720, 721, 722, 723, 724, 725, 726, 727, 728, 729, 730, 731, 732, 733, 734, 735, 736, 737, 738, 739, 740, 741, 742, 743, 744, 745, 746, 747, 748, 749, 750, 751, 752, 753, 754, 755, 756, 757, 758, 759, 760, 761, 762, 763, 764, 765, 766, 767, 768, 769, 770, 771, 772, 773, 774, 775, 776, 777, 778, 779, 780, 781, 782, 783, 784, 785, 786, 787, 788, 789, 790, 791, 792, 793]","[15, 45, 91, 107, 110, 113, 123, 132, 136, 193, 216, 218, 252, 274, 275, 281, 286, 293, 302, 325, 326, 500, 525, 562, 578, 580, 583, 594, 603, 607, 664, 686, 715, 733, 734, 740, 745, 752, 760, 783, 784]","[1, 13, 14, 29, 54, 55, 56, 57, 58, 60, 102, 118, 125, 127, 130, 134, 146, 149, 153, 175, 182, 187, 189, 191, 197, 225, 230, 238, 264, 265, 266, 286, 302, 317, 336, 379, 388, 389, 425, 454, 458, 463, 475, 487, 498, 499, 512, 530, 531, 532, 533, 534, 536, 573, 589, 596, 598, 601, 605, 617, 620, 624, 646, 653, 658, 660, 662, 668, 689, 694, 702, 724, 725, 745, 760, 775, 793, 829, 838, 839, 877, 901, 903, 905, 910, 923]","[1, 13, 14, 29, 54, 55, 56, 57, 58, 60, 102, 118, 125, 127, 130, 134, 146, 149, 153, 175, 182, 187, 189, 191, 197, 225, 230, 238, 264, 265, 266, 286, 302, 317, 336, 354, 379, 388, 389, 425, 454, 458, 463, 475, 487, 498, 499, 512, 530, 531, 532, 533, 534, 536, 573, 589, 596, 598, 601, 605, 617, 620, 624, 646, 653, 658, 660, 662, 668, 689, 694, 702, 724, 725, 745, 760, 775, 793, 809, 829, 838, 839, 877, 901, 903, 905, 910, 923]","[1, 13, 14, 15, 29, 45, 49, 54, 55, 56, 57, 58, 60, 87, 91, 102, 103, 104, 105, 106, 107, 108, 109, 110, 111, 112, 113, 114, 115, 116, 117, 118, 119, 120, 121, 122, 123, 124, 125, 126, 127, 128, 129, 130, 131, 132, 133, 134, 135, 136, 137, 138, 139, 140, 141, 142, 143, 144, 145, 146, 147, 148, 149, 150, 151, 152, 153, 154, 155, 156, 157, 158, 159, 160, 161, 162, 163, 164, 165, 166, 167, 168, 169, 170, 171, 172, 173, 174, 175, 176, 177, 178, 179, 180, 181, 182, 183, 184, 185, 186, 187, 188, 189, 190, 191, 192, 193, 194, 195, 196, 197, 198, 199, 200, 201, 202, 203, 204, 205, 206, 207, 208, 209, 210, 211, 212, 213, 214, 215, 216, 217, 218, 219, 220, 221, 222, 223, 224, 225, 226, 227, 228, 229, 230, 231, 232, 233, 234, 235, 236, 237, 238, 239, 240, 241, 242, 243, 244, 245, 246, 247, 248, 249, 250, 251, 252, 253, 254, 255, 256, 257, 258, 259, 260, 261, 262, 263, 264, 265, 266, 267, 268, 269, 270, 271, 272, 273, 274, 275, 276, 277, 278, 279, 280, 281, 282, 283, 284, 285, 286, 287, 288, 289, 290, 291, 292, 293, 294, 295, 296, 297, 298, 299, 300, 301, 302, 303, 304, 305, 306, 307, 308, 309, 310, 311, 312, 313, 314, 315, 316, 317, 318, 319, 320, 321, 322, 323, 324, 325, 326, 327, 328, 329, 330, 331, 332, 333, 334, 335, 336, 337, 354, 379, 388, 389, 425, 454, 458, 463, 475, 487, 498, 499, 500, 512, 525, 528, 530, 531, 532, 533, 534, 536, 558, 562, 573, 574, 575, 576, 577, 578, 579, 580, 581, 582, 583, 584, 585, 586, 587, 588, 589, 590, 591, 592, 593, 594, 595, 596, 597, 598, 599, 600, 601, 602, 603, 604, 605, 606, 607, 608, 609, 610, 611, 612, 613, 614, 615, 616, 617, 618, 619, 620, 621, 622, 623, 624, 625, 626, 627, 628, 629, 630, 631, 632, 633, 634, 635, 636, 637, 638, 639, 640, 641, 642, 643, 644, 645, 646, 647, 648, 649, 650, 651, 652, 653, 654, 655, 656, 657, 658, 659, 660, 661, 662, 663, 664, 665, 666, 667, 668, 669, 670, 671, 672, 673, 674, 675, 676, 677, 678, 679, 680, 681, 682, 683, 684, 685, 686, 687, 688, 689, 690, 691, 692, 693, 694, 695, 696, 697, 698, 699, 700, 701, 702, 703, 704, 705, 706, 707, 708, 709, 710, 711, 712, 713, 714, 715, 716, 717, 718, 719, 720, 721, 722, 723, 724, 725, 726, 727, 728, 729, 730, 731, 732, 733, 734, 735, 736, 737, 738, 739, 740, 741, 742, 743, 744, 745, 746, 747, 748, 749, 750, 751, 752, 753, 754, 755, 756, 757, 758, 759, 760, 761, 762, 763, 764, 765, 766, 767, 768, 769, 770, 771, 772, 773, 774, 775, 776, 777, 778, 779, 780, 781, 782, 783, 784, 785, 786, 787, 788, 789, 790, 791, 792, 793, 809, 829, 838, 839, 877, 901, 903, 905, 910, 923]",True,"[107, 293, 578, 752]","[103, 104, 105, 106, 107, 108, 109, 110, 111, 112, 113, 114, 115, 116, 117, 118, 119, 120, 121, 122, 123, 124, 125, 126, 127, 128, 129, 130, 131, 132, 133, 134, 135, 136, 137, 138, 139, 140, 141, 142, 143, 144, 145, 146, 147, 148, 149, 150, 151, 152, 153, 154, 155, 156, 157, 158, 159, 160, 161, 162, 163, 164, 165, 166, 167, 168, 169, 170, 171, 172, 173, 174, 175, 176, 177, 178, 179, 180, 181, 182, 183, 184, 185, 186, 187, 188, 189, 190, 191, 192, 193, 194, 195, 196, 197, 198, 199, 200, 201, 202, 203, 204, 205, 206, 207, 208, 209, 210, 211, 212, 213, 214, 215, 216, 217, 218, 219, 220, 221, 222, 223, 224, 225, 226, 227, 228, 229, 230, 231, 232, 233, 234, 235, 236, 237, 238, 239, 240, 241, 242, 243, 244, 245, 246, 247, 248, 249, 250, 251, 252, 253, 254, 255, 256, 257, 258, 259, 260, 261, 262, 263, 264, 265, 266, 267, 268, 269, 270, 271, 272, 273, 274, 275, 276, 277, 278, 279, 280, 281, 282, 283, 284, 285, 286, 287, 288, 289, 290, 291, 292, 293, 294, 295, 296, 297, 298, 299, 300, 301, 302, 303, 304, 305, 306, 307, 308, 309, 310, 311, 312, 313, 314, 315, 316, 317, 318, 319, 320, 321, 322, 323, 324, 325, 326, 327, 328, 329, 330, 331, 332, 333, 334, 335, 336, 337, 574, 575, 576, 577, 578, 579, 580, 581, 582, 583, 584, 585, 586, 587, 588, 589, 590, 591, 592, 593, 594, 595, 596, 597, 598, 599, 600, 601, 602, 603, 604, 605, 606, 607, 608, 609, 610, 611, 612, 613, 614, 615, 616, 617, 618, 619, 620, 621, 622, 623, 624, 625, 626, 627, 628, 629, 630, 631, 632, 633, 634, 635, 636, 637, 638, 639, 640, 641, 642, 643, 644, 645, 646, 647, 648, 649, 650, 651, 652, 653, 654, 655, 656, 657, 658, 659, 660, 661, 662, 663, 664, 665, 666, 667, 668, 669, 670, 671, 672, 673, 674, 675, 676, 677, 678, 679, 680, 681, 682, 683, 684, 685, 686, 687, 688, 689, 690, 691, 692, 693, 694, 695, 696, 697, 698, 699, 700, 701, 702, 703, 704, 705, 706, 707, 708, 709, 710, 711, 712, 713, 714, 715, 716, 717, 718, 719, 720, 721, 722, 723, 724, 725, 726, 727, 728, 729, 730, 731, 732, 733, 734, 735, 736, 737, 738, 739, 740, 741, 742, 743, 744, 745, 746, 747, 748, 749, 750, 751, 752, 753, 754, 755, 756, 757, 758, 759, 760, 761, 762, 763, 764, 765, 766, 767, 768, 769, 770, 771, 772, 773, 774, 775, 776, 777, 778, 779, 780, 781, 782, 783, 784, 785, 786, 787, 788, 789, 790, 791, 792, 793]","[49, 87, 107, 198, 255, 293, 297, 316, 331, 528, 558, 578, 669, 708, 752, 756, 774, 788]",[],"[15, 45, 91, 107, 110, 113, 123, 132, 136, 193, 216, 218, 252, 274, 275, 281, 286, 293, 302, 325, 326, 500, 525, 562, 578, 580, 583, 594, 603, 607, 664, 686, 715, 733, 734, 740, 745, 752, 760, 783, 784]","[1, 13, 14, 29, 54, 55, 56, 57, 58, 60, 102, 118, 125, 127, 130, 134, 146, 149, 153, 175, 182, 187, 189, 191, 197, 225, 230, 238, 264, 265, 266, 286, 302, 317, 336, 354, 379, 388, 389, 425, 454, 458, 463, 475, 487, 498, 499, 512, 530, 531, 532, 533, 534, 536, 573, 589, 596, 598, 601, 605, 617, 620, 624, 646, 653, 658, 660, 662, 668, 689, 694, 702, 724, 725, 745, 760, 775, 793, 809, 829, 838, 839, 877, 901, 903, 905, 910, 923]","[1, 13, 14, 29, 54, 55, 56, 57, 58, 60, 102, 118, 125, 127, 130, 134, 146, 149, 153, 175, 182, 187, 189, 191, 197, 225, 230, 238, 264, 265, 266, 286, 302, 317, 336, 379, 388, 389, 425, 454, 458, 463, 475, 487, 498, 499, 512, 530, 531, 532, 533, 534, 536, 573, 589, 596, 598, 601, 605, 617, 620, 624, 646, 653, 658, 660, 662, 668, 689, 694, 702, 724, 725, 745, 760, 775, 793, 829, 838, 839, 877, 901, 903, 905, 910, 923]",5/6 successful match,True,"[700, 701, 702]",True,340,False,,0.43333333333333335,True,Gateway Flyers,
E South San Francisco ( 94080 ) CA Flyers 99 # Exit 219 115 ( Mountain View W ),650-737-9800 US 101 & Grand 24,24 24 S,South San Francisco,94080,CA Flyers 99 # Exit 219 115 ( Mountain View W ),650-737-9800,2015,South San Francisco,CA,,,US 101 & Grand 24,empty,219,False,,False,US 101,Grand 24,,,,"[752, 293]","[107, 293, 578, 752]","[49, 87, 107, 198, 255, 293, 297, 316, 331, 528, 558, 578, 669, 708, 752, 756, 774, 788]","[242, 314, 706, 772]","[103, 104, 105, 106, 107, 108, 109, 110, 111, 112, 113, 114, 115, 116, 117, 118, 119, 120, 121, 122, 123, 124, 125, 126, 127, 128, 129, 130, 131, 132, 133, 134, 135, 136, 137, 138, 139, 140, 141, 142, 143, 144, 145, 146, 147, 148, 149, 150, 151, 152, 153, 154, 155, 156, 157, 158, 159, 160, 161, 162, 163, 164, 165, 166, 167, 168, 169, 170, 171, 172, 173, 174, 175, 176, 177, 178, 179, 180, 181, 182, 183, 184, 185, 186, 187, 188, 189, 190, 191, 192, 193, 194, 195, 196, 197, 198, 199, 200, 201, 202, 203, 204, 205, 206, 207, 208, 209, 210, 211, 212, 213, 214, 215, 216, 217, 218, 219, 220, 221, 222, 223, 224, 225, 226, 227, 228, 229, 230, 231, 232, 233, 234, 235, 236, 237, 238, 239, 240, 241, 242, 243, 244, 245, 246, 247, 248, 249, 250, 251, 252, 253, 254, 255, 256, 257, 258, 259, 260, 261, 262, 263, 264, 265, 266, 267, 268, 269, 270, 271, 272, 273, 274, 275, 276, 277, 278, 279, 280, 281, 282, 283, 284, 285, 286, 287, 288, 289, 290, 291, 292, 293, 294, 295, 296, 297, 298, 299, 300, 301, 302, 303, 304, 305, 306, 307, 308, 309, 310, 311, 312, 313, 314, 315, 316, 317, 318, 319, 320, 321, 322, 323, 324, 325, 326, 327, 328, 329, 330, 331, 332, 333, 334, 335, 336, 337, 574, 575, 576, 577, 578, 579, 580, 581, 582, 583, 584, 585, 586, 587, 588, 589, 590, 591, 592, 593, 594, 595, 596, 597, 598, 599, 600, 601, 602, 603, 604, 605, 606, 607, 608, 609, 610, 611, 612, 613, 614, 615, 616, 617, 618, 619, 620, 621, 622, 623, 624, 625, 626, 627, 628, 629, 630, 631, 632, 633, 634, 635, 636, 637, 638, 639, 640, 641, 642, 643, 644, 645, 646, 647, 648, 649, 650, 651, 652, 653, 654, 655, 656, 657, 658, 659, 660, 661, 662, 663, 664, 665, 666, 667, 668, 669, 670, 671, 672, 673, 674, 675, 676, 677, 678, 679, 680, 681, 682, 683, 684, 685, 686, 687, 688, 689, 690, 691, 692, 693, 694, 695, 696, 697, 698, 699, 700, 701, 702, 703, 704, 705, 706, 707, 708, 709, 710, 711, 712, 713, 714, 715, 716, 717, 718, 719, 720, 721, 722, 723, 724, 725, 726, 727, 728, 729, 730, 731, 732, 733, 734, 735, 736, 737, 738, 739, 740, 741, 742, 743, 744, 745, 746, 747, 748, 749, 750, 751, 752, 753, 754, 755, 756, 757, 758, 759, 760, 761, 762, 763, 764, 765, 766, 767, 768, 769, 770, 771, 772, 773, 774, 775, 776, 777, 778, 779, 780, 781, 782, 783, 784, 785, 786, 787, 788, 789, 790, 791, 792, 793]","[15, 45, 91, 107, 110, 113, 123, 132, 136, 193, 216, 218, 252, 274, 275, 281, 286, 293, 302, 319, 325, 326, 450, 500, 525, 562, 578, 580, 583, 594, 603, 607, 664, 686, 715, 733, 734, 740, 745, 752, 760, 777, 783, 784]",[],"[127, 185, 230, 472, 598, 656, 694, 919]","[15, 45, 49, 87, 91, 103, 104, 105, 106, 107, 108, 109, 110, 111, 112, 113, 114, 115, 116, 117, 118, 119, 120, 121, 122, 123, 124, 125, 126, 127, 128, 129, 130, 131, 132, 133, 134, 135, 136, 137, 138, 139, 140, 141, 142, 143, 144, 145, 146, 147, 148, 149, 150, 151, 152, 153, 154, 155, 156, 157, 158, 159, 160, 161, 162, 163, 164, 165, 166, 167, 168, 169, 170, 171, 172, 173, 174, 175, 176, 177, 178, 179, 180, 181, 182, 183, 184, 185, 186, 187, 188, 189, 190, 191, 192, 193, 194, 195, 196, 197, 198, 199, 200, 201, 202, 203, 204, 205, 206, 207, 208, 209, 210, 211, 212, 213, 214, 215, 216, 217, 218, 219, 220, 221, 222, 223, 224, 225, 226, 227, 228, 229, 230, 231, 232, 233, 234, 235, 236, 237, 238, 239, 240, 241, 242, 243, 244, 245, 246, 247, 248, 249, 250, 251, 252, 253, 254, 255, 256, 257, 258, 259, 260, 261, 262, 263, 264, 265, 266, 267, 268, 269, 270, 271, 272, 273, 274, 275, 276, 277, 278, 279, 280, 281, 282, 283, 284, 285, 286, 287, 288, 289, 290, 291, 292, 293, 294, 295, 296, 297, 298, 299, 300, 301, 302, 303, 304, 305, 306, 307, 308, 309, 310, 311, 312, 313, 314, 315, 316, 317, 318, 319, 320, 321, 322, 323, 324, 325, 326, 327, 328, 329, 330, 331, 332, 333, 334, 335, 336, 337, 450, 472, 500, 525, 528, 558, 562, 574, 575, 576, 577, 578, 579, 580, 581, 582, 583, 584, 585, 586, 587, 588, 589, 590, 591, 592, 593, 594, 595, 596, 597, 598, 599, 600, 601, 602, 603, 604, 605, 606, 607, 608, 609, 610, 611, 612, 613, 614, 615, 616, 617, 618, 619, 620, 621, 622, 623, 624, 625, 626, 627, 628, 629, 630, 631, 632, 633, 634, 635, 636, 637, 638, 639, 640, 641, 642, 643, 644, 645, 646, 647, 648, 649, 650, 651, 652, 653, 654, 655, 656, 657, 658, 659, 660, 661, 662, 663, 664, 665, 666, 667, 668, 669, 670, 671, 672, 673, 674, 675, 676, 677, 678, 679, 680, 681, 682, 683, 684, 685, 686, 687, 688, 689, 690, 691, 692, 693, 694, 695, 696, 697, 698, 699, 700, 701, 702, 703, 704, 705, 706, 707, 708, 709, 710, 711, 712, 713, 714, 715, 716, 717, 718, 719, 720, 721, 722, 723, 724, 725, 726, 727, 728, 729, 730, 731, 732, 733, 734, 735, 736, 737, 738, 739, 740, 741, 742, 743, 744, 745, 746, 747, 748, 749, 750, 751, 752, 753, 754, 755, 756, 757, 758, 759, 760, 761, 762, 763, 764, 765, 766, 767, 768, 769, 770, 771, 772, 773, 774, 775, 776, 777, 778, 779, 780, 781, 782, 783, 784, 785, 786, 787, 788, 789, 790, 791, 792, 793, 919]",True,"[107, 293, 578, 752]","[103, 104, 105, 106, 107, 108, 109, 110, 111, 112, 113, 114, 115, 116, 117, 118, 119, 120, 121, 122, 123, 124, 125, 126, 127, 128, 129, 130, 131, 132, 133, 134, 135, 136, 137, 138, 139, 140, 141, 142, 143, 144, 145, 146, 147, 148, 149, 150, 151, 152, 153, 154, 155, 156, 157, 158, 159, 160, 161, 162, 163, 164, 165, 166, 167, 168, 169, 170, 171, 172, 173, 174, 175, 176, 177, 178, 179, 180, 181, 182, 183, 184, 185, 186, 187, 188, 189, 190, 191, 192, 193, 194, 195, 196, 197, 198, 199, 200, 201, 202, 203, 204, 205, 206, 207, 208, 209, 210, 211, 212, 213, 214, 215, 216, 217, 218, 219, 220, 221, 222, 223, 224, 225, 226, 227, 228, 229, 230, 231, 232, 233, 234, 235, 236, 237, 238, 239, 240, 241, 242, 243, 244, 245, 246, 247, 248, 249, 250, 251, 252, 253, 254, 255, 256, 257, 258, 259, 260, 261, 262, 263, 264, 265, 266, 267, 268, 269, 270, 271, 272, 273, 274, 275, 276, 277, 278, 279, 280, 281, 282, 283, 284, 285, 286, 287, 288, 289, 290, 291, 292, 293, 294, 295, 296, 297, 298, 299, 300, 301, 302, 303, 304, 305, 306, 307, 308, 309, 310, 311, 312, 313, 314, 315, 316, 317, 318, 319, 320, 321, 322, 323, 324, 325, 326, 327, 328, 329, 330, 331, 332, 333, 334, 335, 336, 337, 574, 575, 576, 577, 578, 579, 580, 581, 582, 583, 584, 585, 586, 587, 588, 589, 590, 591, 592, 593, 594, 595, 596, 597, 598, 599, 600, 601, 602, 603, 604, 605, 606, 607, 608, 609, 610, 611, 612, 613, 614, 615, 616, 617, 618, 619, 620, 621, 622, 623, 624, 625, 626, 627, 628, 629, 630, 631, 632, 633, 634, 635, 636, 637, 638, 639, 640, 641, 642, 643, 644, 645, 646, 647, 648, 649, 650, 651, 652, 653, 654, 655, 656, 657, 658, 659, 660, 661, 662, 663, 664, 665, 666, 667, 668, 669, 670, 671, 672, 673, 674, 675, 676, 677, 678, 679, 680, 681, 682, 683, 684, 685, 686, 687, 688, 689, 690, 691, 692, 693, 694, 695, 696, 697, 698, 699, 700, 701, 702, 703, 704, 705, 706, 707, 708, 709, 710, 711, 712, 713, 714, 715, 716, 717, 718, 719, 720, 721, 722, 723, 724, 725, 726, 727, 728, 729, 730, 731, 732, 733, 734, 735, 736, 737, 738, 739, 740, 741, 742, 743, 744, 745, 746, 747, 748, 749, 750, 751, 752, 753, 754, 755, 756, 757, 758, 759, 760, 761, 762, 763, 764, 765, 766, 767, 768, 769, 770, 771, 772, 773, 774, 775, 776, 777, 778, 779, 780, 781, 782, 783, 784, 785, 786, 787, 788, 789, 790, 791, 792, 793]","[49, 87, 107, 198, 255, 293, 297, 316, 331, 528, 558, 578, 669, 708, 752, 756, 774, 788]","[242, 314, 706, 772]","[15, 45, 91, 107, 110, 113, 123, 132, 136, 193, 216, 218, 252, 274, 275, 281, 286, 293, 302, 319, 325, 326, 450, 500, 525, 562, 578, 580, 583, 594, 603, 607, 664, 686, 715, 733, 734, 740, 745, 752, 760, 777, 783, 784]","[127, 185, 230, 472, 598, 656, 694, 919]",[],5/6 successful match,True,"[700, 701, 702]",True,340,False,,0.7898550724637681,True,Flyers # 219 ( Shell ),Shell
South San Francisco ( 94080 ) Flyers # 219,650-737-9800 US 101 & Grand Ave ( 1/4 mi E ),143 24,South San Francisco,94080,Flyers # 219,650-737-9800,2016,South San Francisco,CA,,( 1/4 mi E ),US 101 & Grand Ave,empty,,False,,False,US 101,Grand Ave,,,,"[752, 293]","[107, 293, 578, 752]","[49, 87, 107, 198, 255, 293, 297, 316, 331, 528, 558, 578, 669, 708, 752, 756, 774, 788]",[],"[103, 104, 105, 106, 107, 108, 109, 110, 111, 112, 113, 114, 115, 116, 117, 118, 119, 120, 121, 122, 123, 124, 125, 126, 127, 128, 129, 130, 131, 132, 133, 134, 135, 136, 137, 138, 139, 140, 141, 142, 143, 144, 145, 146, 147, 148, 149, 150, 151, 152, 153, 154, 155, 156, 157, 158, 159, 160, 161, 162, 163, 164, 165, 166, 167, 168, 169, 170, 171, 172, 173, 174, 175, 176, 177, 178, 179, 180, 181, 182, 183, 184, 185, 186, 187, 188, 189, 190, 191, 192, 193, 194, 195, 196, 197, 198, 199, 200, 201, 202, 203, 204, 205, 206, 207, 208, 209, 210, 211, 212, 213, 214, 215, 216, 217, 218, 219, 220, 221, 222, 223, 224, 225, 226, 227, 228, 229, 230, 231, 232, 233, 234, 235, 236, 237, 238, 239, 240, 241, 242, 243, 244, 245, 246, 247, 248, 249, 250, 251, 252, 253, 254, 255, 256, 257, 258, 259, 260, 261, 262, 263, 264, 265, 266, 267, 268, 269, 270, 271, 272, 273, 274, 275, 276, 277, 278, 279, 280, 281, 282, 283, 284, 285, 286, 287, 288, 289, 290, 291, 292, 293, 294, 295, 296, 297, 298, 299, 300, 301, 302, 303, 304, 305, 306, 307, 308, 309, 310, 311, 312, 313, 314, 315, 316, 317, 318, 319, 320, 321, 322, 323, 324, 325, 326, 327, 328, 329, 330, 331, 332, 333, 334, 335, 336, 337, 574, 575, 576, 577, 578, 579, 580, 581, 582, 583, 584, 585, 586, 587, 588, 589, 590, 591, 592, 593, 594, 595, 596, 597, 598, 599, 600, 601, 602, 603, 604, 605, 606, 607, 608, 609, 610, 611, 612, 613, 614, 615, 616, 617, 618, 619, 620, 621, 622, 623, 624, 625, 626, 627, 628, 629, 630, 631, 632, 633, 634, 635, 636, 637, 638, 639, 640, 641, 642, 643, 644, 645, 646, 647, 648, 649, 650, 651, 652, 653, 654, 655, 656, 657, 658, 659, 660, 661, 662, 663, 664, 665, 666, 667, 668, 669, 670, 671, 672, 673, 674, 675, 676, 677, 678, 679, 680, 681, 682, 683, 684, 685, 686, 687, 688, 689, 690, 691, 692, 693, 694, 695, 696, 697, 698, 699, 700, 701, 702, 703, 704, 705, 706, 707, 708, 709, 710, 711, 712, 713, 714, 715, 716, 717, 718, 719, 720, 721, 722, 723, 724, 725, 726, 727, 728, 729, 730, 731, 732, 733, 734, 735, 736, 737, 738, 739, 740, 741, 742, 743, 744, 745, 746, 747, 748, 749, 750, 751, 752, 753, 754, 755, 756, 757, 758, 759, 760, 761, 762, 763, 764, 765, 766, 767, 768, 769, 770, 771, 772, 773, 774, 775, 776, 777, 778, 779, 780, 781, 782, 783, 784, 785, 786, 787, 788, 789, 790, 791, 792, 793]","[15, 45, 91, 107, 110, 113, 123, 132, 136, 193, 216, 218, 252, 274, 275, 281, 286, 293, 302, 325, 326, 500, 525, 562, 578, 580, 583, 594, 603, 607, 664, 686, 715, 733, 734, 740, 745, 752, 760, 783, 784]",[],[],"[15, 45, 49, 87, 91, 103, 104, 105, 106, 107, 108, 109, 110, 111, 112, 113, 114, 115, 116, 117, 118, 119, 120, 121, 122, 123, 124, 125, 126, 127, 128, 129, 130, 131, 132, 133, 134, 135, 136, 137, 138, 139, 140, 141, 142, 143, 144, 145, 146, 147, 148, 149, 150, 151, 152, 153, 154, 155, 156, 157, 158, 159, 160, 161, 162, 163, 164, 165, 166, 167, 168, 169, 170, 171, 172, 173, 174, 175, 176, 177, 178, 179, 180, 181, 182, 183, 184, 185, 186, 187, 188, 189, 190, 191, 192, 193, 194, 195, 196, 197, 198, 199, 200, 201, 202, 203, 204, 205, 206, 207, 208, 209, 210, 211, 212, 213, 214, 215, 216, 217, 218, 219, 220, 221, 222, 223, 224, 225, 226, 227, 228, 229, 230, 231, 232, 233, 234, 235, 236, 237, 238, 239, 240, 241, 242, 243, 244, 245, 246, 247, 248, 249, 250, 251, 252, 253, 254, 255, 256, 257, 258, 259, 260, 261, 262, 263, 264, 265, 266, 267, 268, 269, 270, 271, 272, 273, 274, 275, 276, 277, 278, 279, 280, 281, 282, 283, 284, 285, 286, 287, 288, 289, 290, 291, 292, 293, 294, 295, 296, 297, 298, 299, 300, 301, 302, 303, 304, 305, 306, 307, 308, 309, 310, 311, 312, 313, 314, 315, 316, 317, 318, 319, 320, 321, 322, 323, 324, 325, 326, 327, 328, 329, 330, 331, 332, 333, 334, 335, 336, 337, 500, 525, 528, 558, 562, 574, 575, 576, 577, 578, 579, 580, 581, 582, 583, 584, 585, 586, 587, 588, 589, 590, 591, 592, 593, 594, 595, 596, 597, 598, 599, 600, 601, 602, 603, 604, 605, 606, 607, 608, 609, 610, 611, 612, 613, 614, 615, 616, 617, 618, 619, 620, 621, 622, 623, 624, 625, 626, 627, 628, 629, 630, 631, 632, 633, 634, 635, 636, 637, 638, 639, 640, 641, 642, 643, 644, 645, 646, 647, 648, 649, 650, 651, 652, 653, 654, 655, 656, 657, 658, 659, 660, 661, 662, 663, 664, 665, 666, 667, 668, 669, 670, 671, 672, 673, 674, 675, 676, 677, 678, 679, 680, 681, 682, 683, 684, 685, 686, 687, 688, 689, 690, 691, 692, 693, 694, 695, 696, 697, 698, 699, 700, 701, 702, 703, 704, 705, 706, 707, 708, 709, 710, 711, 712, 713, 714, 715, 716, 717, 718, 719, 720, 721, 722, 723, 724, 725, 726, 727, 728, 729, 730, 731, 732, 733, 734, 735, 736, 737, 738, 739, 740, 741, 742, 743, 744, 745, 746, 747, 748, 749, 750, 751, 752, 753, 754, 755, 756, 757, 758, 759, 760, 761, 762, 763, 764, 765, 766, 767, 768, 769, 770, 771, 772, 773, 774, 775, 776, 777, 778, 779, 780, 781, 782, 783, 784, 785, 786, 787, 788, 789, 790, 791, 792, 793]",True,"[107, 293, 578, 752]","[103, 104, 105, 106, 107, 108, 109, 110, 111, 112, 113, 114, 115, 116, 117, 118, 119, 120, 121, 122, 123, 124, 125, 126, 127, 128, 129, 130, 131, 132, 133, 134, 135, 136, 137, 138, 139, 140, 141, 142, 143, 144, 145, 146, 147, 148, 149, 150, 151, 152, 153, 154, 155, 156, 157, 158, 159, 160, 161, 162, 163, 164, 165, 166, 167, 168, 169, 170, 171, 172, 173, 174, 175, 176, 177, 178, 179, 180, 181, 182, 183, 184, 185, 186, 187, 188, 189, 190, 191, 192, 193, 194, 195, 196, 197, 198, 199, 200, 201, 202, 203, 204, 205, 206, 207, 208, 209, 210, 211, 212, 213, 214, 215, 216, 217, 218, 219, 220, 221, 222, 223, 224, 225, 226, 227, 228, 229, 230, 231, 232, 233, 234, 235, 236, 237, 238, 239, 240, 241, 242, 243, 244, 245, 246, 247, 248, 249, 250, 251, 252, 253, 254, 255, 256, 257, 258, 259, 260, 261, 262, 263, 264, 265, 266, 267, 268, 269, 270, 271, 272, 273, 274, 275, 276, 277, 278, 279, 280, 281, 282, 283, 284, 285, 286, 287, 288, 289, 290, 291, 292, 293, 294, 295, 296, 297, 298, 299, 300, 301, 302, 303, 304, 305, 306, 307, 308, 309, 310, 311, 312, 313, 314, 315, 316, 317, 318, 319, 320, 321, 322, 323, 324, 325, 326, 327, 328, 329, 330, 331, 332, 333, 334, 335, 336, 337, 574, 575, 576, 577, 578, 579, 580, 581, 582, 583, 584, 585, 586, 587, 588, 589, 590, 591, 592, 593, 594, 595, 596, 597, 598, 599, 600, 601, 602, 603, 604, 605, 606, 607, 608, 609, 610, 611, 612, 613, 614, 615, 616, 617, 618, 619, 620, 621, 622, 623, 624, 625, 626, 627, 628, 629, 630, 631, 632, 633, 634, 635, 636, 637, 638, 639, 640, 641, 642, 643, 644, 645, 646, 647, 648, 649, 650, 651, 652, 653, 654, 655, 656, 657, 658, 659, 660, 661, 662, 663, 664, 665, 666, 667, 668, 669, 670, 671, 672, 673, 674, 675, 676, 677, 678, 679, 680, 681, 682, 683, 684, 685, 686, 687, 688, 689, 690, 691, 692, 693, 694, 695, 696, 697, 698, 699, 700, 701, 702, 703, 704, 705, 706, 707, 708, 709, 710, 711, 712, 713, 714, 715, 716, 717, 718, 719, 720, 721, 722, 723, 724, 725, 726, 727, 728, 729, 730, 731, 732, 733, 734, 735, 736, 737, 738, 739, 740, 741, 742, 743, 744, 745, 746, 747, 748, 749, 750, 751, 752, 753, 754, 755, 756, 757, 758, 759, 760, 761, 762, 763, 764, 765, 766, 767, 768, 769, 770, 771, 772, 773, 774, 775, 776, 777, 778, 779, 780, 781, 782, 783, 784, 785, 786, 787, 788, 789, 790, 791, 792, 793]","[49, 87, 107, 198, 255, 293, 297, 316, 331, 528, 558, 578, 669, 708, 752, 756, 774, 788]",[],"[15, 45, 91, 107, 110, 113, 123, 132, 136, 193, 216, 218, 252, 274, 275, 281, 286, 293, 302, 325, 326, 500, 525, 562, 578, 580, 583, 594, 603, 607, 664, 686, 715, 733, 734, 740, 745, 752, 760, 783, 784]",[],[],7/6 successful match,True,"[700, 701, 702]",True,340,False,,0.7553672316384181,True,CA Flyers 99 # Exit 219 115 ( Mountain View W ),
"Hayward , 94544 Golden Gate Petroleum",510-783-6549 I-880 Exit 25 ( Industrial Pkwy W ),24 XL 000,Hayward,94544,Golden Gate Petroleum,510-783-6549,2006,Hayward,CA,,( Industrial Pkwy W ),I-880 Exit 25 ,Exit,25,False,,False,I-880,,,,,"[646, 175]","[175, 646]","[175, 646]","[80, 297, 552, 756]","[103, 104, 105, 106, 107, 108, 109, 110, 111, 112, 113, 114, 115, 116, 117, 118, 119, 120, 121, 122, 123, 124, 125, 126, 127, 128, 129, 130, 131, 132, 133, 134, 135, 136, 137, 138, 139, 140, 141, 142, 143, 144, 145, 146, 147, 148, 149, 150, 151, 152, 153, 154, 155, 156, 157, 158, 159, 160, 161, 162, 163, 164, 165, 166, 167, 168, 169, 170, 171, 172, 173, 174, 175, 176, 177, 178, 179, 180, 181, 182, 183, 184, 185, 186, 187, 188, 189, 190, 191, 192, 193, 194, 195, 196, 197, 198, 199, 200, 201, 202, 203, 204, 205, 206, 207, 208, 209, 210, 211, 212, 213, 214, 215, 216, 217, 218, 219, 220, 221, 222, 223, 224, 225, 226, 227, 228, 229, 230, 231, 232, 233, 234, 235, 236, 237, 238, 239, 240, 241, 242, 243, 244, 245, 246, 247, 248, 249, 250, 251, 252, 253, 254, 255, 256, 257, 258, 259, 260, 261, 262, 263, 264, 265, 266, 267, 268, 269, 270, 271, 272, 273, 274, 275, 276, 277, 278, 279, 280, 281, 282, 283, 284, 285, 286, 287, 288, 289, 290, 291, 292, 293, 294, 295, 296, 297, 298, 299, 300, 301, 302, 303, 304, 305, 306, 307, 308, 309, 310, 311, 312, 313, 314, 315, 316, 317, 318, 319, 320, 321, 322, 323, 324, 325, 326, 327, 328, 329, 330, 331, 332, 333, 334, 335, 336, 337, 574, 575, 576, 577, 578, 579, 580, 581, 582, 583, 584, 585, 586, 587, 588, 589, 590, 591, 592, 593, 594, 595, 596, 597, 598, 599, 600, 601, 602, 603, 604, 605, 606, 607, 608, 609, 610, 611, 612, 613, 614, 615, 616, 617, 618, 619, 620, 621, 622, 623, 624, 625, 626, 627, 628, 629, 630, 631, 632, 633, 634, 635, 636, 637, 638, 639, 640, 641, 642, 643, 644, 645, 646, 647, 648, 649, 650, 651, 652, 653, 654, 655, 656, 657, 658, 659, 660, 661, 662, 663, 664, 665, 666, 667, 668, 669, 670, 671, 672, 673, 674, 675, 676, 677, 678, 679, 680, 681, 682, 683, 684, 685, 686, 687, 688, 689, 690, 691, 692, 693, 694, 695, 696, 697, 698, 699, 700, 701, 702, 703, 704, 705, 706, 707, 708, 709, 710, 711, 712, 713, 714, 715, 716, 717, 718, 719, 720, 721, 722, 723, 724, 725, 726, 727, 728, 729, 730, 731, 732, 733, 734, 735, 736, 737, 738, 739, 740, 741, 742, 743, 744, 745, 746, 747, 748, 749, 750, 751, 752, 753, 754, 755, 756, 757, 758, 759, 760, 761, 762, 763, 764, 765, 766, 767, 768, 769, 770, 771, 772, 773, 774, 775, 776, 777, 778, 779, 780, 781, 782, 783, 784, 785, 786, 787, 788, 789, 790, 791, 792, 793]","[175, 283, 646, 742]",[],"[174, 175, 176, 177, 178, 325, 332, 347, 348, 349, 350, 351, 352, 423, 467, 483, 484, 645, 646, 647, 648, 649, 783, 789, 802, 803, 804, 805, 806, 807, 875, 914, 927, 934, 935]","[80, 103, 104, 105, 106, 107, 108, 109, 110, 111, 112, 113, 114, 115, 116, 117, 118, 119, 120, 121, 122, 123, 124, 125, 126, 127, 128, 129, 130, 131, 132, 133, 134, 135, 136, 137, 138, 139, 140, 141, 142, 143, 144, 145, 146, 147, 148, 149, 150, 151, 152, 153, 154, 155, 156, 157, 158, 159, 160, 161, 162, 163, 164, 165, 166, 167, 168, 169, 170, 171, 172, 173, 174, 175, 176, 177, 178, 179, 180, 181, 182, 183, 184, 185, 186, 187, 188, 189, 190, 191, 192, 193, 194, 195, 196, 197, 198, 199, 200, 201, 202, 203, 204, 205, 206, 207, 208, 209, 210, 211, 212, 213, 214, 215, 216, 217, 218, 219, 220, 221, 222, 223, 224, 225, 226, 227, 228, 229, 230, 231, 232, 233, 234, 235, 236, 237, 238, 239, 240, 241, 242, 243, 244, 245, 246, 247, 248, 249, 250, 251, 252, 253, 254, 255, 256, 257, 258, 259, 260, 261, 262, 263, 264, 265, 266, 267, 268, 269, 270, 271, 272, 273, 274, 275, 276, 277, 278, 279, 280, 281, 282, 283, 284, 285, 286, 287, 288, 289, 290, 291, 292, 293, 294, 295, 296, 297, 298, 299, 300, 301, 302, 303, 304, 305, 306, 307, 308, 309, 310, 311, 312, 313, 314, 315, 316, 317, 318, 319, 320, 321, 322, 323, 324, 325, 326, 327, 328, 329, 330, 331, 332, 333, 334, 335, 336, 337, 347, 348, 349, 350, 351, 352, 423, 467, 483, 484, 552, 574, 575, 576, 577, 578, 579, 580, 581, 582, 583, 584, 585, 586, 587, 588, 589, 590, 591, 592, 593, 594, 595, 596, 597, 598, 599, 600, 601, 602, 603, 604, 605, 606, 607, 608, 609, 610, 611, 612, 613, 614, 615, 616, 617, 618, 619, 620, 621, 622, 623, 624, 625, 626, 627, 628, 629, 630, 631, 632, 633, 634, 635, 636, 637, 638, 639, 640, 641, 642, 643, 644, 645, 646, 647, 648, 649, 650, 651, 652, 653, 654, 655, 656, 657, 658, 659, 660, 661, 662, 663, 664, 665, 666, 667, 668, 669, 670, 671, 672, 673, 674, 675, 676, 677, 678, 679, 680, 681, 682, 683, 684, 685, 686, 687, 688, 689, 690, 691, 692, 693, 694, 695, 696, 697, 698, 699, 700, 701, 702, 703, 704, 705, 706, 707, 708, 709, 710, 711, 712, 713, 714, 715, 716, 717, 718, 719, 720, 721, 722, 723, 724, 725, 726, 727, 728, 729, 730, 731, 732, 733, 734, 735, 736, 737, 738, 739, 740, 741, 742, 743, 744, 745, 746, 747, 748, 749, 750, 751, 752, 753, 754, 755, 756, 757, 758, 759, 760, 761, 762, 763, 764, 765, 766, 767, 768, 769, 770, 771, 772, 773, 774, 775, 776, 777, 778, 779, 780, 781, 782, 783, 784, 785, 786, 787, 788, 789, 790, 791, 792, 793, 802, 803, 804, 805, 806, 807, 875, 914, 927, 934, 935]",True,"[175, 646]","[103, 104, 105, 106, 107, 108, 109, 110, 111, 112, 113, 114, 115, 116, 117, 118, 119, 120, 121, 122, 123, 124, 125, 126, 127, 128, 129, 130, 131, 132, 133, 134, 135, 136, 137, 138, 139, 140, 141, 142, 143, 144, 145, 146, 147, 148, 149, 150, 151, 152, 153, 154, 155, 156, 157, 158, 159, 160, 161, 162, 163, 164, 165, 166, 167, 168, 169, 170, 171, 172, 173, 174, 175, 176, 177, 178, 179, 180, 181, 182, 183, 184, 185, 186, 187, 188, 189, 190, 191, 192, 193, 194, 195, 196, 197, 198, 199, 200, 201, 202, 203, 204, 205, 206, 207, 208, 209, 210, 211, 212, 213, 214, 215, 216, 217, 218, 219, 220, 221, 222, 223, 224, 225, 226, 227, 228, 229, 230, 231, 232, 233, 234, 235, 236, 237, 238, 239, 240, 241, 242, 243, 244, 245, 246, 247, 248, 249, 250, 251, 252, 253, 254, 255, 256, 257, 258, 259, 260, 261, 262, 263, 264, 265, 266, 267, 268, 269, 270, 271, 272, 273, 274, 275, 276, 277, 278, 279, 280, 281, 282, 283, 284, 285, 286, 287, 288, 289, 290, 291, 292, 293, 294, 295, 296, 297, 298, 299, 300, 301, 302, 303, 304, 305, 306, 307, 308, 309, 310, 311, 312, 313, 314, 315, 316, 317, 318, 319, 320, 321, 322, 323, 324, 325, 326, 327, 328, 329, 330, 331, 332, 333, 334, 335, 336, 337, 574, 575, 576, 577, 578, 579, 580, 581, 582, 583, 584, 585, 586, 587, 588, 589, 590, 591, 592, 593, 594, 595, 596, 597, 598, 599, 600, 601, 602, 603, 604, 605, 606, 607, 608, 609, 610, 611, 612, 613, 614, 615, 616, 617, 618, 619, 620, 621, 622, 623, 624, 625, 626, 627, 628, 629, 630, 631, 632, 633, 634, 635, 636, 637, 638, 639, 640, 641, 642, 643, 644, 645, 646, 647, 648, 649, 650, 651, 652, 653, 654, 655, 656, 657, 658, 659, 660, 661, 662, 663, 664, 665, 666, 667, 668, 669, 670, 671, 672, 673, 674, 675, 676, 677, 678, 679, 680, 681, 682, 683, 684, 685, 686, 687, 688, 689, 690, 691, 692, 693, 694, 695, 696, 697, 698, 699, 700, 701, 702, 703, 704, 705, 706, 707, 708, 709, 710, 711, 712, 713, 714, 715, 716, 717, 718, 719, 720, 721, 722, 723, 724, 725, 726, 727, 728, 729, 730, 731, 732, 733, 734, 735, 736, 737, 738, 739, 740, 741, 742, 743, 744, 745, 746, 747, 748, 749, 750, 751, 752, 753, 754, 755, 756, 757, 758, 759, 760, 761, 762, 763, 764, 765, 766, 767, 768, 769, 770, 771, 772, 773, 774, 775, 776, 777, 778, 779, 780, 781, 782, 783, 784, 785, 786, 787, 788, 789, 790, 791, 792, 793]","[175, 646]","[80, 297, 552, 756]","[175, 283, 646, 742]","[174, 175, 176, 177, 178, 325, 332, 347, 348, 349, 350, 351, 352, 423, 467, 483, 484, 645, 646, 647, 648, 649, 783, 789, 802, 803, 804, 805, 806, 807, 875, 914, 927, 934, 935]",[],7/6 successful match,True,[774],True,341,False,,,,,
"Hayward , 94544 Golden Gate Petroleum",510-783-6549 I-880 Exit 25 ( Industrial Pkwy W ),000,Hayward,94544,Golden Gate Petroleum,510-783-6549,2007,Hayward,CA,,( Industrial Pkwy W ),I-880 Exit 25 ,Exit,25,False,,False,I-880,,,,,"[646, 175]","[175, 646]","[175, 646]","[80, 297, 552, 756]","[103, 104, 105, 106, 107, 108, 109, 110, 111, 112, 113, 114, 115, 116, 117, 118, 119, 120, 121, 122, 123, 124, 125, 126, 127, 128, 129, 130, 131, 132, 133, 134, 135, 136, 137, 138, 139, 140, 141, 142, 143, 144, 145, 146, 147, 148, 149, 150, 151, 152, 153, 154, 155, 156, 157, 158, 159, 160, 161, 162, 163, 164, 165, 166, 167, 168, 169, 170, 171, 172, 173, 174, 175, 176, 177, 178, 179, 180, 181, 182, 183, 184, 185, 186, 187, 188, 189, 190, 191, 192, 193, 194, 195, 196, 197, 198, 199, 200, 201, 202, 203, 204, 205, 206, 207, 208, 209, 210, 211, 212, 213, 214, 215, 216, 217, 218, 219, 220, 221, 222, 223, 224, 225, 226, 227, 228, 229, 230, 231, 232, 233, 234, 235, 236, 237, 238, 239, 240, 241, 242, 243, 244, 245, 246, 247, 248, 249, 250, 251, 252, 253, 254, 255, 256, 257, 258, 259, 260, 261, 262, 263, 264, 265, 266, 267, 268, 269, 270, 271, 272, 273, 274, 275, 276, 277, 278, 279, 280, 281, 282, 283, 284, 285, 286, 287, 288, 289, 290, 291, 292, 293, 294, 295, 296, 297, 298, 299, 300, 301, 302, 303, 304, 305, 306, 307, 308, 309, 310, 311, 312, 313, 314, 315, 316, 317, 318, 319, 320, 321, 322, 323, 324, 325, 326, 327, 328, 329, 330, 331, 332, 333, 334, 335, 336, 337, 574, 575, 576, 577, 578, 579, 580, 581, 582, 583, 584, 585, 586, 587, 588, 589, 590, 591, 592, 593, 594, 595, 596, 597, 598, 599, 600, 601, 602, 603, 604, 605, 606, 607, 608, 609, 610, 611, 612, 613, 614, 615, 616, 617, 618, 619, 620, 621, 622, 623, 624, 625, 626, 627, 628, 629, 630, 631, 632, 633, 634, 635, 636, 637, 638, 639, 640, 641, 642, 643, 644, 645, 646, 647, 648, 649, 650, 651, 652, 653, 654, 655, 656, 657, 658, 659, 660, 661, 662, 663, 664, 665, 666, 667, 668, 669, 670, 671, 672, 673, 674, 675, 676, 677, 678, 679, 680, 681, 682, 683, 684, 685, 686, 687, 688, 689, 690, 691, 692, 693, 694, 695, 696, 697, 698, 699, 700, 701, 702, 703, 704, 705, 706, 707, 708, 709, 710, 711, 712, 713, 714, 715, 716, 717, 718, 719, 720, 721, 722, 723, 724, 725, 726, 727, 728, 729, 730, 731, 732, 733, 734, 735, 736, 737, 738, 739, 740, 741, 742, 743, 744, 745, 746, 747, 748, 749, 750, 751, 752, 753, 754, 755, 756, 757, 758, 759, 760, 761, 762, 763, 764, 765, 766, 767, 768, 769, 770, 771, 772, 773, 774, 775, 776, 777, 778, 779, 780, 781, 782, 783, 784, 785, 786, 787, 788, 789, 790, 791, 792, 793]","[175, 283, 646, 742]",[],"[174, 175, 176, 177, 178, 325, 332, 347, 348, 349, 350, 351, 352, 423, 467, 483, 484, 645, 646, 647, 648, 649, 783, 789, 802, 803, 804, 805, 806, 807, 875, 914, 927, 934, 935]","[80, 103, 104, 105, 106, 107, 108, 109, 110, 111, 112, 113, 114, 115, 116, 117, 118, 119, 120, 121, 122, 123, 124, 125, 126, 127, 128, 129, 130, 131, 132, 133, 134, 135, 136, 137, 138, 139, 140, 141, 142, 143, 144, 145, 146, 147, 148, 149, 150, 151, 152, 153, 154, 155, 156, 157, 158, 159, 160, 161, 162, 163, 164, 165, 166, 167, 168, 169, 170, 171, 172, 173, 174, 175, 176, 177, 178, 179, 180, 181, 182, 183, 184, 185, 186, 187, 188, 189, 190, 191, 192, 193, 194, 195, 196, 197, 198, 199, 200, 201, 202, 203, 204, 205, 206, 207, 208, 209, 210, 211, 212, 213, 214, 215, 216, 217, 218, 219, 220, 221, 222, 223, 224, 225, 226, 227, 228, 229, 230, 231, 232, 233, 234, 235, 236, 237, 238, 239, 240, 241, 242, 243, 244, 245, 246, 247, 248, 249, 250, 251, 252, 253, 254, 255, 256, 257, 258, 259, 260, 261, 262, 263, 264, 265, 266, 267, 268, 269, 270, 271, 272, 273, 274, 275, 276, 277, 278, 279, 280, 281, 282, 283, 284, 285, 286, 287, 288, 289, 290, 291, 292, 293, 294, 295, 296, 297, 298, 299, 300, 301, 302, 303, 304, 305, 306, 307, 308, 309, 310, 311, 312, 313, 314, 315, 316, 317, 318, 319, 320, 321, 322, 323, 324, 325, 326, 327, 328, 329, 330, 331, 332, 333, 334, 335, 336, 337, 347, 348, 349, 350, 351, 352, 423, 467, 483, 484, 552, 574, 575, 576, 577, 578, 579, 580, 581, 582, 583, 584, 585, 586, 587, 588, 589, 590, 591, 592, 593, 594, 595, 596, 597, 598, 599, 600, 601, 602, 603, 604, 605, 606, 607, 608, 609, 610, 611, 612, 613, 614, 615, 616, 617, 618, 619, 620, 621, 622, 623, 624, 625, 626, 627, 628, 629, 630, 631, 632, 633, 634, 635, 636, 637, 638, 639, 640, 641, 642, 643, 644, 645, 646, 647, 648, 649, 650, 651, 652, 653, 654, 655, 656, 657, 658, 659, 660, 661, 662, 663, 664, 665, 666, 667, 668, 669, 670, 671, 672, 673, 674, 675, 676, 677, 678, 679, 680, 681, 682, 683, 684, 685, 686, 687, 688, 689, 690, 691, 692, 693, 694, 695, 696, 697, 698, 699, 700, 701, 702, 703, 704, 705, 706, 707, 708, 709, 710, 711, 712, 713, 714, 715, 716, 717, 718, 719, 720, 721, 722, 723, 724, 725, 726, 727, 728, 729, 730, 731, 732, 733, 734, 735, 736, 737, 738, 739, 740, 741, 742, 743, 744, 745, 746, 747, 748, 749, 750, 751, 752, 753, 754, 755, 756, 757, 758, 759, 760, 761, 762, 763, 764, 765, 766, 767, 768, 769, 770, 771, 772, 773, 774, 775, 776, 777, 778, 779, 780, 781, 782, 783, 784, 785, 786, 787, 788, 789, 790, 791, 792, 793, 802, 803, 804, 805, 806, 807, 875, 914, 927, 934, 935]",True,"[175, 646]","[103, 104, 105, 106, 107, 108, 109, 110, 111, 112, 113, 114, 115, 116, 117, 118, 119, 120, 121, 122, 123, 124, 125, 126, 127, 128, 129, 130, 131, 132, 133, 134, 135, 136, 137, 138, 139, 140, 141, 142, 143, 144, 145, 146, 147, 148, 149, 150, 151, 152, 153, 154, 155, 156, 157, 158, 159, 160, 161, 162, 163, 164, 165, 166, 167, 168, 169, 170, 171, 172, 173, 174, 175, 176, 177, 178, 179, 180, 181, 182, 183, 184, 185, 186, 187, 188, 189, 190, 191, 192, 193, 194, 195, 196, 197, 198, 199, 200, 201, 202, 203, 204, 205, 206, 207, 208, 209, 210, 211, 212, 213, 214, 215, 216, 217, 218, 219, 220, 221, 222, 223, 224, 225, 226, 227, 228, 229, 230, 231, 232, 233, 234, 235, 236, 237, 238, 239, 240, 241, 242, 243, 244, 245, 246, 247, 248, 249, 250, 251, 252, 253, 254, 255, 256, 257, 258, 259, 260, 261, 262, 263, 264, 265, 266, 267, 268, 269, 270, 271, 272, 273, 274, 275, 276, 277, 278, 279, 280, 281, 282, 283, 284, 285, 286, 287, 288, 289, 290, 291, 292, 293, 294, 295, 296, 297, 298, 299, 300, 301, 302, 303, 304, 305, 306, 307, 308, 309, 310, 311, 312, 313, 314, 315, 316, 317, 318, 319, 320, 321, 322, 323, 324, 325, 326, 327, 328, 329, 330, 331, 332, 333, 334, 335, 336, 337, 574, 575, 576, 577, 578, 579, 580, 581, 582, 583, 584, 585, 586, 587, 588, 589, 590, 591, 592, 593, 594, 595, 596, 597, 598, 599, 600, 601, 602, 603, 604, 605, 606, 607, 608, 609, 610, 611, 612, 613, 614, 615, 616, 617, 618, 619, 620, 621, 622, 623, 624, 625, 626, 627, 628, 629, 630, 631, 632, 633, 634, 635, 636, 637, 638, 639, 640, 641, 642, 643, 644, 645, 646, 647, 648, 649, 650, 651, 652, 653, 654, 655, 656, 657, 658, 659, 660, 661, 662, 663, 664, 665, 666, 667, 668, 669, 670, 671, 672, 673, 674, 675, 676, 677, 678, 679, 680, 681, 682, 683, 684, 685, 686, 687, 688, 689, 690, 691, 692, 693, 694, 695, 696, 697, 698, 699, 700, 701, 702, 703, 704, 705, 706, 707, 708, 709, 710, 711, 712, 713, 714, 715, 716, 717, 718, 719, 720, 721, 722, 723, 724, 725, 726, 727, 728, 729, 730, 731, 732, 733, 734, 735, 736, 737, 738, 739, 740, 741, 742, 743, 744, 745, 746, 747, 748, 749, 750, 751, 752, 753, 754, 755, 756, 757, 758, 759, 760, 761, 762, 763, 764, 765, 766, 767, 768, 769, 770, 771, 772, 773, 774, 775, 776, 777, 778, 779, 780, 781, 782, 783, 784, 785, 786, 787, 788, 789, 790, 791, 792, 793]","[175, 646]","[80, 297, 552, 756]","[175, 283, 646, 742]","[174, 175, 176, 177, 178, 325, 332, 347, 348, 349, 350, 351, 352, 423, 467, 483, 484, 645, 646, 647, 648, 649, 783, 789, 802, 803, 804, 805, 806, 807, 875, 914, 927, 934, 935]",[],7/6 successful match,True,[774],True,341,False,,1.0,True,Golden Gate Petroleum,
"Hayward , 94544 Golden Gate & CA Petroleum 70",21510-783-6549 I-880 Exit 25 (,,Hayward,94544,Golden Gate & CA Petroleum 70,510-783-6549,2008,Hayward,CA,,(,I-880 Exit 25 ,Exit,25,False,,False,I-880,,,,,"[646, 175]","[175, 646]","[175, 646]","[80, 297, 552, 756]","[103, 104, 105, 106, 107, 108, 109, 110, 111, 112, 113, 114, 115, 116, 117, 118, 119, 120, 121, 122, 123, 124, 125, 126, 127, 128, 129, 130, 131, 132, 133, 134, 135, 136, 137, 138, 139, 140, 141, 142, 143, 144, 145, 146, 147, 148, 149, 150, 151, 152, 153, 154, 155, 156, 157, 158, 159, 160, 161, 162, 163, 164, 165, 166, 167, 168, 169, 170, 171, 172, 173, 174, 175, 176, 177, 178, 179, 180, 181, 182, 183, 184, 185, 186, 187, 188, 189, 190, 191, 192, 193, 194, 195, 196, 197, 198, 199, 200, 201, 202, 203, 204, 205, 206, 207, 208, 209, 210, 211, 212, 213, 214, 215, 216, 217, 218, 219, 220, 221, 222, 223, 224, 225, 226, 227, 228, 229, 230, 231, 232, 233, 234, 235, 236, 237, 238, 239, 240, 241, 242, 243, 244, 245, 246, 247, 248, 249, 250, 251, 252, 253, 254, 255, 256, 257, 258, 259, 260, 261, 262, 263, 264, 265, 266, 267, 268, 269, 270, 271, 272, 273, 274, 275, 276, 277, 278, 279, 280, 281, 282, 283, 284, 285, 286, 287, 288, 289, 290, 291, 292, 293, 294, 295, 296, 297, 298, 299, 300, 301, 302, 303, 304, 305, 306, 307, 308, 309, 310, 311, 312, 313, 314, 315, 316, 317, 318, 319, 320, 321, 322, 323, 324, 325, 326, 327, 328, 329, 330, 331, 332, 333, 334, 335, 336, 337, 574, 575, 576, 577, 578, 579, 580, 581, 582, 583, 584, 585, 586, 587, 588, 589, 590, 591, 592, 593, 594, 595, 596, 597, 598, 599, 600, 601, 602, 603, 604, 605, 606, 607, 608, 609, 610, 611, 612, 613, 614, 615, 616, 617, 618, 619, 620, 621, 622, 623, 624, 625, 626, 627, 628, 629, 630, 631, 632, 633, 634, 635, 636, 637, 638, 639, 640, 641, 642, 643, 644, 645, 646, 647, 648, 649, 650, 651, 652, 653, 654, 655, 656, 657, 658, 659, 660, 661, 662, 663, 664, 665, 666, 667, 668, 669, 670, 671, 672, 673, 674, 675, 676, 677, 678, 679, 680, 681, 682, 683, 684, 685, 686, 687, 688, 689, 690, 691, 692, 693, 694, 695, 696, 697, 698, 699, 700, 701, 702, 703, 704, 705, 706, 707, 708, 709, 710, 711, 712, 713, 714, 715, 716, 717, 718, 719, 720, 721, 722, 723, 724, 725, 726, 727, 728, 729, 730, 731, 732, 733, 734, 735, 736, 737, 738, 739, 740, 741, 742, 743, 744, 745, 746, 747, 748, 749, 750, 751, 752, 753, 754, 755, 756, 757, 758, 759, 760, 761, 762, 763, 764, 765, 766, 767, 768, 769, 770, 771, 772, 773, 774, 775, 776, 777, 778, 779, 780, 781, 782, 783, 784, 785, 786, 787, 788, 789, 790, 791, 792, 793]","[175, 283, 646, 742]",[],"[174, 175, 176, 177, 178, 325, 332, 347, 348, 349, 350, 351, 352, 423, 467, 483, 484, 645, 646, 647, 648, 649, 783, 789, 802, 803, 804, 805, 806, 807, 875, 914, 927, 934, 935]","[80, 103, 104, 105, 106, 107, 108, 109, 110, 111, 112, 113, 114, 115, 116, 117, 118, 119, 120, 121, 122, 123, 124, 125, 126, 127, 128, 129, 130, 131, 132, 133, 134, 135, 136, 137, 138, 139, 140, 141, 142, 143, 144, 145, 146, 147, 148, 149, 150, 151, 152, 153, 154, 155, 156, 157, 158, 159, 160, 161, 162, 163, 164, 165, 166, 167, 168, 169, 170, 171, 172, 173, 174, 175, 176, 177, 178, 179, 180, 181, 182, 183, 184, 185, 186, 187, 188, 189, 190, 191, 192, 193, 194, 195, 196, 197, 198, 199, 200, 201, 202, 203, 204, 205, 206, 207, 208, 209, 210, 211, 212, 213, 214, 215, 216, 217, 218, 219, 220, 221, 222, 223, 224, 225, 226, 227, 228, 229, 230, 231, 232, 233, 234, 235, 236, 237, 238, 239, 240, 241, 242, 243, 244, 245, 246, 247, 248, 249, 250, 251, 252, 253, 254, 255, 256, 257, 258, 259, 260, 261, 262, 263, 264, 265, 266, 267, 268, 269, 270, 271, 272, 273, 274, 275, 276, 277, 278, 279, 280, 281, 282, 283, 284, 285, 286, 287, 288, 289, 290, 291, 292, 293, 294, 295, 296, 297, 298, 299, 300, 301, 302, 303, 304, 305, 306, 307, 308, 309, 310, 311, 312, 313, 314, 315, 316, 317, 318, 319, 320, 321, 322, 323, 324, 325, 326, 327, 328, 329, 330, 331, 332, 333, 334, 335, 336, 337, 347, 348, 349, 350, 351, 352, 423, 467, 483, 484, 552, 574, 575, 576, 577, 578, 579, 580, 581, 582, 583, 584, 585, 586, 587, 588, 589, 590, 591, 592, 593, 594, 595, 596, 597, 598, 599, 600, 601, 602, 603, 604, 605, 606, 607, 608, 609, 610, 611, 612, 613, 614, 615, 616, 617, 618, 619, 620, 621, 622, 623, 624, 625, 626, 627, 628, 629, 630, 631, 632, 633, 634, 635, 636, 637, 638, 639, 640, 641, 642, 643, 644, 645, 646, 647, 648, 649, 650, 651, 652, 653, 654, 655, 656, 657, 658, 659, 660, 661, 662, 663, 664, 665, 666, 667, 668, 669, 670, 671, 672, 673, 674, 675, 676, 677, 678, 679, 680, 681, 682, 683, 684, 685, 686, 687, 688, 689, 690, 691, 692, 693, 694, 695, 696, 697, 698, 699, 700, 701, 702, 703, 704, 705, 706, 707, 708, 709, 710, 711, 712, 713, 714, 715, 716, 717, 718, 719, 720, 721, 722, 723, 724, 725, 726, 727, 728, 729, 730, 731, 732, 733, 734, 735, 736, 737, 738, 739, 740, 741, 742, 743, 744, 745, 746, 747, 748, 749, 750, 751, 752, 753, 754, 755, 756, 757, 758, 759, 760, 761, 762, 763, 764, 765, 766, 767, 768, 769, 770, 771, 772, 773, 774, 775, 776, 777, 778, 779, 780, 781, 782, 783, 784, 785, 786, 787, 788, 789, 790, 791, 792, 793, 802, 803, 804, 805, 806, 807, 875, 914, 927, 934, 935]",True,"[175, 646]","[103, 104, 105, 106, 107, 108, 109, 110, 111, 112, 113, 114, 115, 116, 117, 118, 119, 120, 121, 122, 123, 124, 125, 126, 127, 128, 129, 130, 131, 132, 133, 134, 135, 136, 137, 138, 139, 140, 141, 142, 143, 144, 145, 146, 147, 148, 149, 150, 151, 152, 153, 154, 155, 156, 157, 158, 159, 160, 161, 162, 163, 164, 165, 166, 167, 168, 169, 170, 171, 172, 173, 174, 175, 176, 177, 178, 179, 180, 181, 182, 183, 184, 185, 186, 187, 188, 189, 190, 191, 192, 193, 194, 195, 196, 197, 198, 199, 200, 201, 202, 203, 204, 205, 206, 207, 208, 209, 210, 211, 212, 213, 214, 215, 216, 217, 218, 219, 220, 221, 222, 223, 224, 225, 226, 227, 228, 229, 230, 231, 232, 233, 234, 235, 236, 237, 238, 239, 240, 241, 242, 243, 244, 245, 246, 247, 248, 249, 250, 251, 252, 253, 254, 255, 256, 257, 258, 259, 260, 261, 262, 263, 264, 265, 266, 267, 268, 269, 270, 271, 272, 273, 274, 275, 276, 277, 278, 279, 280, 281, 282, 283, 284, 285, 286, 287, 288, 289, 290, 291, 292, 293, 294, 295, 296, 297, 298, 299, 300, 301, 302, 303, 304, 305, 306, 307, 308, 309, 310, 311, 312, 313, 314, 315, 316, 317, 318, 319, 320, 321, 322, 323, 324, 325, 326, 327, 328, 329, 330, 331, 332, 333, 334, 335, 336, 337, 574, 575, 576, 577, 578, 579, 580, 581, 582, 583, 584, 585, 586, 587, 588, 589, 590, 591, 592, 593, 594, 595, 596, 597, 598, 599, 600, 601, 602, 603, 604, 605, 606, 607, 608, 609, 610, 611, 612, 613, 614, 615, 616, 617, 618, 619, 620, 621, 622, 623, 624, 625, 626, 627, 628, 629, 630, 631, 632, 633, 634, 635, 636, 637, 638, 639, 640, 641, 642, 643, 644, 645, 646, 647, 648, 649, 650, 651, 652, 653, 654, 655, 656, 657, 658, 659, 660, 661, 662, 663, 664, 665, 666, 667, 668, 669, 670, 671, 672, 673, 674, 675, 676, 677, 678, 679, 680, 681, 682, 683, 684, 685, 686, 687, 688, 689, 690, 691, 692, 693, 694, 695, 696, 697, 698, 699, 700, 701, 702, 703, 704, 705, 706, 707, 708, 709, 710, 711, 712, 713, 714, 715, 716, 717, 718, 719, 720, 721, 722, 723, 724, 725, 726, 727, 728, 729, 730, 731, 732, 733, 734, 735, 736, 737, 738, 739, 740, 741, 742, 743, 744, 745, 746, 747, 748, 749, 750, 751, 752, 753, 754, 755, 756, 757, 758, 759, 760, 761, 762, 763, 764, 765, 766, 767, 768, 769, 770, 771, 772, 773, 774, 775, 776, 777, 778, 779, 780, 781, 782, 783, 784, 785, 786, 787, 788, 789, 790, 791, 792, 793]","[175, 646]","[80, 297, 552, 756]","[175, 283, 646, 742]","[174, 175, 176, 177, 178, 325, 332, 347, 348, 349, 350, 351, 352, 423, 467, 483, 484, 645, 646, 647, 648, 649, 783, 789, 802, 803, 804, 805, 806, 807, 875, 914, 927, 934, 935]",[],7/6 successful match,True,[774],True,341,False,,1.0,True,Golden Gate Petroleum,
Hayward ( 94544 ) Golden Gate,510-783-6549 I-880 X 24 NB / 25 SB ( E on Indust 2 Ruus ),) <U+25A1> <U+2610> <U+25A1>,Hayward,94544,Golden Gate,510-783-6549,2014,Hayward,CA,,( E on Indust 2 Ruus ),I-880 X 24 NB / 25 SB ,Exit,24,False,,False,I-880,,25,,,"[646, 175]","[175, 646]","[175, 646]","[80, 175, 297, 467, 552, 646, 756, 914]","[103, 104, 105, 106, 107, 108, 109, 110, 111, 112, 113, 114, 115, 116, 117, 118, 119, 120, 121, 122, 123, 124, 125, 126, 127, 128, 129, 130, 131, 132, 133, 134, 135, 136, 137, 138, 139, 140, 141, 142, 143, 144, 145, 146, 147, 148, 149, 150, 151, 152, 153, 154, 155, 156, 157, 158, 159, 160, 161, 162, 163, 164, 165, 166, 167, 168, 169, 170, 171, 172, 173, 174, 175, 176, 177, 178, 179, 180, 181, 182, 183, 184, 185, 186, 187, 188, 189, 190, 191, 192, 193, 194, 195, 196, 197, 198, 199, 200, 201, 202, 203, 204, 205, 206, 207, 208, 209, 210, 211, 212, 213, 214, 215, 216, 217, 218, 219, 220, 221, 222, 223, 224, 225, 226, 227, 228, 229, 230, 231, 232, 233, 234, 235, 236, 237, 238, 239, 240, 241, 242, 243, 244, 245, 246, 247, 248, 249, 250, 251, 252, 253, 254, 255, 256, 257, 258, 259, 260, 261, 262, 263, 264, 265, 266, 267, 268, 269, 270, 271, 272, 273, 274, 275, 276, 277, 278, 279, 280, 281, 282, 283, 284, 285, 286, 287, 288, 289, 290, 291, 292, 293, 294, 295, 296, 297, 298, 299, 300, 301, 302, 303, 304, 305, 306, 307, 308, 309, 310, 311, 312, 313, 314, 315, 316, 317, 318, 319, 320, 321, 322, 323, 324, 325, 326, 327, 328, 329, 330, 331, 332, 333, 334, 335, 336, 337, 574, 575, 576, 577, 578, 579, 580, 581, 582, 583, 584, 585, 586, 587, 588, 589, 590, 591, 592, 593, 594, 595, 596, 597, 598, 599, 600, 601, 602, 603, 604, 605, 606, 607, 608, 609, 610, 611, 612, 613, 614, 615, 616, 617, 618, 619, 620, 621, 622, 623, 624, 625, 626, 627, 628, 629, 630, 631, 632, 633, 634, 635, 636, 637, 638, 639, 640, 641, 642, 643, 644, 645, 646, 647, 648, 649, 650, 651, 652, 653, 654, 655, 656, 657, 658, 659, 660, 661, 662, 663, 664, 665, 666, 667, 668, 669, 670, 671, 672, 673, 674, 675, 676, 677, 678, 679, 680, 681, 682, 683, 684, 685, 686, 687, 688, 689, 690, 691, 692, 693, 694, 695, 696, 697, 698, 699, 700, 701, 702, 703, 704, 705, 706, 707, 708, 709, 710, 711, 712, 713, 714, 715, 716, 717, 718, 719, 720, 721, 722, 723, 724, 725, 726, 727, 728, 729, 730, 731, 732, 733, 734, 735, 736, 737, 738, 739, 740, 741, 742, 743, 744, 745, 746, 747, 748, 749, 750, 751, 752, 753, 754, 755, 756, 757, 758, 759, 760, 761, 762, 763, 764, 765, 766, 767, 768, 769, 770, 771, 772, 773, 774, 775, 776, 777, 778, 779, 780, 781, 782, 783, 784, 785, 786, 787, 788, 789, 790, 791, 792, 793]","[175, 283, 646, 742]",[],"[174, 175, 176, 177, 178, 347, 348, 349, 350, 351, 352, 423, 645, 646, 647, 648, 649, 802, 803, 804, 805, 806, 807, 875]","[80, 103, 104, 105, 106, 107, 108, 109, 110, 111, 112, 113, 114, 115, 116, 117, 118, 119, 120, 121, 122, 123, 124, 125, 126, 127, 128, 129, 130, 131, 132, 133, 134, 135, 136, 137, 138, 139, 140, 141, 142, 143, 144, 145, 146, 147, 148, 149, 150, 151, 152, 153, 154, 155, 156, 157, 158, 159, 160, 161, 162, 163, 164, 165, 166, 167, 168, 169, 170, 171, 172, 173, 174, 175, 176, 177, 178, 179, 180, 181, 182, 183, 184, 185, 186, 187, 188, 189, 190, 191, 192, 193, 194, 195, 196, 197, 198, 199, 200, 201, 202, 203, 204, 205, 206, 207, 208, 209, 210, 211, 212, 213, 214, 215, 216, 217, 218, 219, 220, 221, 222, 223, 224, 225, 226, 227, 228, 229, 230, 231, 232, 233, 234, 235, 236, 237, 238, 239, 240, 241, 242, 243, 244, 245, 246, 247, 248, 249, 250, 251, 252, 253, 254, 255, 256, 257, 258, 259, 260, 261, 262, 263, 264, 265, 266, 267, 268, 269, 270, 271, 272, 273, 274, 275, 276, 277, 278, 279, 280, 281, 282, 283, 284, 285, 286, 287, 288, 289, 290, 291, 292, 293, 294, 295, 296, 297, 298, 299, 300, 301, 302, 303, 304, 305, 306, 307, 308, 309, 310, 311, 312, 313, 314, 315, 316, 317, 318, 319, 320, 321, 322, 323, 324, 325, 326, 327, 328, 329, 330, 331, 332, 333, 334, 335, 336, 337, 347, 348, 349, 350, 351, 352, 423, 467, 552, 574, 575, 576, 577, 578, 579, 580, 581, 582, 583, 584, 585, 586, 587, 588, 589, 590, 591, 592, 593, 594, 595, 596, 597, 598, 599, 600, 601, 602, 603, 604, 605, 606, 607, 608, 609, 610, 611, 612, 613, 614, 615, 616, 617, 618, 619, 620, 621, 622, 623, 624, 625, 626, 627, 628, 629, 630, 631, 632, 633, 634, 635, 636, 637, 638, 639, 640, 641, 642, 643, 644, 645, 646, 647, 648, 649, 650, 651, 652, 653, 654, 655, 656, 657, 658, 659, 660, 661, 662, 663, 664, 665, 666, 667, 668, 669, 670, 671, 672, 673, 674, 675, 676, 677, 678, 679, 680, 681, 682, 683, 684, 685, 686, 687, 688, 689, 690, 691, 692, 693, 694, 695, 696, 697, 698, 699, 700, 701, 702, 703, 704, 705, 706, 707, 708, 709, 710, 711, 712, 713, 714, 715, 716, 717, 718, 719, 720, 721, 722, 723, 724, 725, 726, 727, 728, 729, 730, 731, 732, 733, 734, 735, 736, 737, 738, 739, 740, 741, 742, 743, 744, 745, 746, 747, 748, 749, 750, 751, 752, 753, 754, 755, 756, 757, 758, 759, 760, 761, 762, 763, 764, 765, 766, 767, 768, 769, 770, 771, 772, 773, 774, 775, 776, 777, 778, 779, 780, 781, 782, 783, 784, 785, 786, 787, 788, 789, 790, 791, 792, 793, 802, 803, 804, 805, 806, 807, 875, 914]",True,"[175, 646]","[103, 104, 105, 106, 107, 108, 109, 110, 111, 112, 113, 114, 115, 116, 117, 118, 119, 120, 121, 122, 123, 124, 125, 126, 127, 128, 129, 130, 131, 132, 133, 134, 135, 136, 137, 138, 139, 140, 141, 142, 143, 144, 145, 146, 147, 148, 149, 150, 151, 152, 153, 154, 155, 156, 157, 158, 159, 160, 161, 162, 163, 164, 165, 166, 167, 168, 169, 170, 171, 172, 173, 174, 175, 176, 177, 178, 179, 180, 181, 182, 183, 184, 185, 186, 187, 188, 189, 190, 191, 192, 193, 194, 195, 196, 197, 198, 199, 200, 201, 202, 203, 204, 205, 206, 207, 208, 209, 210, 211, 212, 213, 214, 215, 216, 217, 218, 219, 220, 221, 222, 223, 224, 225, 226, 227, 228, 229, 230, 231, 232, 233, 234, 235, 236, 237, 238, 239, 240, 241, 242, 243, 244, 245, 246, 247, 248, 249, 250, 251, 252, 253, 254, 255, 256, 257, 258, 259, 260, 261, 262, 263, 264, 265, 266, 267, 268, 269, 270, 271, 272, 273, 274, 275, 276, 277, 278, 279, 280, 281, 282, 283, 284, 285, 286, 287, 288, 289, 290, 291, 292, 293, 294, 295, 296, 297, 298, 299, 300, 301, 302, 303, 304, 305, 306, 307, 308, 309, 310, 311, 312, 313, 314, 315, 316, 317, 318, 319, 320, 321, 322, 323, 324, 325, 326, 327, 328, 329, 330, 331, 332, 333, 334, 335, 336, 337, 574, 575, 576, 577, 578, 579, 580, 581, 582, 583, 584, 585, 586, 587, 588, 589, 590, 591, 592, 593, 594, 595, 596, 597, 598, 599, 600, 601, 602, 603, 604, 605, 606, 607, 608, 609, 610, 611, 612, 613, 614, 615, 616, 617, 618, 619, 620, 621, 622, 623, 624, 625, 626, 627, 628, 629, 630, 631, 632, 633, 634, 635, 636, 637, 638, 639, 640, 641, 642, 643, 644, 645, 646, 647, 648, 649, 650, 651, 652, 653, 654, 655, 656, 657, 658, 659, 660, 661, 662, 663, 664, 665, 666, 667, 668, 669, 670, 671, 672, 673, 674, 675, 676, 677, 678, 679, 680, 681, 682, 683, 684, 685, 686, 687, 688, 689, 690, 691, 692, 693, 694, 695, 696, 697, 698, 699, 700, 701, 702, 703, 704, 705, 706, 707, 708, 709, 710, 711, 712, 713, 714, 715, 716, 717, 718, 719, 720, 721, 722, 723, 724, 725, 726, 727, 728, 729, 730, 731, 732, 733, 734, 735, 736, 737, 738, 739, 740, 741, 742, 743, 744, 745, 746, 747, 748, 749, 750, 751, 752, 753, 754, 755, 756, 757, 758, 759, 760, 761, 762, 763, 764, 765, 766, 767, 768, 769, 770, 771, 772, 773, 774, 775, 776, 777, 778, 779, 780, 781, 782, 783, 784, 785, 786, 787, 788, 789, 790, 791, 792, 793]","[175, 646]","[80, 175, 297, 467, 552, 646, 756, 914]","[175, 283, 646, 742]","[174, 175, 176, 177, 178, 347, 348, 349, 350, 351, 352, 423, 645, 646, 647, 648, 649, 802, 803, 804, 805, 806, 807, 875]",[],7/6 successful match,True,[774],True,341,False,,0.865,True,Golden Gate & CA Petroleum 70,
Hayward ( 94544 ) Golden Gate ( Shell ),510-783-6549 I-880 X 24 NB / 25 SB ( E,) <U+2610> <U+25A1> <U+2610> <U+2610>,Hayward,94544,Golden Gate ( Shell ),510-783-6549,2015,Hayward,CA,Shell,( E,I-880 X 24 NB / 25 SB ,Exit,24,False,,False,I-880,,25,,,"[646, 175]","[175, 646]","[175, 646]","[80, 175, 297, 467, 552, 646, 756, 914]","[103, 104, 105, 106, 107, 108, 109, 110, 111, 112, 113, 114, 115, 116, 117, 118, 119, 120, 121, 122, 123, 124, 125, 126, 127, 128, 129, 130, 131, 132, 133, 134, 135, 136, 137, 138, 139, 140, 141, 142, 143, 144, 145, 146, 147, 148, 149, 150, 151, 152, 153, 154, 155, 156, 157, 158, 159, 160, 161, 162, 163, 164, 165, 166, 167, 168, 169, 170, 171, 172, 173, 174, 175, 176, 177, 178, 179, 180, 181, 182, 183, 184, 185, 186, 187, 188, 189, 190, 191, 192, 193, 194, 195, 196, 197, 198, 199, 200, 201, 202, 203, 204, 205, 206, 207, 208, 209, 210, 211, 212, 213, 214, 215, 216, 217, 218, 219, 220, 221, 222, 223, 224, 225, 226, 227, 228, 229, 230, 231, 232, 233, 234, 235, 236, 237, 238, 239, 240, 241, 242, 243, 244, 245, 246, 247, 248, 249, 250, 251, 252, 253, 254, 255, 256, 257, 258, 259, 260, 261, 262, 263, 264, 265, 266, 267, 268, 269, 270, 271, 272, 273, 274, 275, 276, 277, 278, 279, 280, 281, 282, 283, 284, 285, 286, 287, 288, 289, 290, 291, 292, 293, 294, 295, 296, 297, 298, 299, 300, 301, 302, 303, 304, 305, 306, 307, 308, 309, 310, 311, 312, 313, 314, 315, 316, 317, 318, 319, 320, 321, 322, 323, 324, 325, 326, 327, 328, 329, 330, 331, 332, 333, 334, 335, 336, 337, 574, 575, 576, 577, 578, 579, 580, 581, 582, 583, 584, 585, 586, 587, 588, 589, 590, 591, 592, 593, 594, 595, 596, 597, 598, 599, 600, 601, 602, 603, 604, 605, 606, 607, 608, 609, 610, 611, 612, 613, 614, 615, 616, 617, 618, 619, 620, 621, 622, 623, 624, 625, 626, 627, 628, 629, 630, 631, 632, 633, 634, 635, 636, 637, 638, 639, 640, 641, 642, 643, 644, 645, 646, 647, 648, 649, 650, 651, 652, 653, 654, 655, 656, 657, 658, 659, 660, 661, 662, 663, 664, 665, 666, 667, 668, 669, 670, 671, 672, 673, 674, 675, 676, 677, 678, 679, 680, 681, 682, 683, 684, 685, 686, 687, 688, 689, 690, 691, 692, 693, 694, 695, 696, 697, 698, 699, 700, 701, 702, 703, 704, 705, 706, 707, 708, 709, 710, 711, 712, 713, 714, 715, 716, 717, 718, 719, 720, 721, 722, 723, 724, 725, 726, 727, 728, 729, 730, 731, 732, 733, 734, 735, 736, 737, 738, 739, 740, 741, 742, 743, 744, 745, 746, 747, 748, 749, 750, 751, 752, 753, 754, 755, 756, 757, 758, 759, 760, 761, 762, 763, 764, 765, 766, 767, 768, 769, 770, 771, 772, 773, 774, 775, 776, 777, 778, 779, 780, 781, 782, 783, 784, 785, 786, 787, 788, 789, 790, 791, 792, 793]","[175, 283, 646, 742]","[1, 13, 14, 29, 54, 55, 56, 57, 58, 60, 102, 118, 125, 127, 130, 134, 146, 149, 153, 175, 182, 187, 189, 191, 197, 225, 230, 238, 264, 265, 266, 286, 302, 317, 336, 379, 388, 389, 425, 454, 458, 463, 475, 487, 498, 499, 512, 530, 531, 532, 533, 534, 536, 573, 589, 596, 598, 601, 605, 617, 620, 624, 646, 653, 658, 660, 662, 668, 689, 694, 702, 724, 725, 745, 760, 775, 793, 829, 838, 839, 877, 901, 903, 905, 910, 923]","[1, 13, 14, 29, 54, 55, 56, 57, 58, 60, 102, 118, 125, 127, 130, 134, 146, 149, 153, 174, 175, 176, 177, 178, 182, 187, 189, 191, 197, 225, 230, 238, 264, 265, 266, 286, 302, 317, 336, 347, 348, 349, 350, 351, 352, 354, 379, 388, 389, 423, 425, 454, 458, 463, 475, 487, 498, 499, 512, 530, 531, 532, 533, 534, 536, 573, 589, 596, 598, 601, 605, 617, 620, 624, 645, 646, 647, 648, 649, 653, 658, 660, 662, 668, 689, 694, 702, 724, 725, 745, 760, 775, 793, 802, 803, 804, 805, 806, 807, 809, 829, 838, 839, 875, 877, 901, 903, 905, 910, 923]","[1, 13, 14, 29, 54, 55, 56, 57, 58, 60, 80, 102, 103, 104, 105, 106, 107, 108, 109, 110, 111, 112, 113, 114, 115, 116, 117, 118, 119, 120, 121, 122, 123, 124, 125, 126, 127, 128, 129, 130, 131, 132, 133, 134, 135, 136, 137, 138, 139, 140, 141, 142, 143, 144, 145, 146, 147, 148, 149, 150, 151, 152, 153, 154, 155, 156, 157, 158, 159, 160, 161, 162, 163, 164, 165, 166, 167, 168, 169, 170, 171, 172, 173, 174, 175, 176, 177, 178, 179, 180, 181, 182, 183, 184, 185, 186, 187, 188, 189, 190, 191, 192, 193, 194, 195, 196, 197, 198, 199, 200, 201, 202, 203, 204, 205, 206, 207, 208, 209, 210, 211, 212, 213, 214, 215, 216, 217, 218, 219, 220, 221, 222, 223, 224, 225, 226, 227, 228, 229, 230, 231, 232, 233, 234, 235, 236, 237, 238, 239, 240, 241, 242, 243, 244, 245, 246, 247, 248, 249, 250, 251, 252, 253, 254, 255, 256, 257, 258, 259, 260, 261, 262, 263, 264, 265, 266, 267, 268, 269, 270, 271, 272, 273, 274, 275, 276, 277, 278, 279, 280, 281, 282, 283, 284, 285, 286, 287, 288, 289, 290, 291, 292, 293, 294, 295, 296, 297, 298, 299, 300, 301, 302, 303, 304, 305, 306, 307, 308, 309, 310, 311, 312, 313, 314, 315, 316, 317, 318, 319, 320, 321, 322, 323, 324, 325, 326, 327, 328, 329, 330, 331, 332, 333, 334, 335, 336, 337, 347, 348, 349, 350, 351, 352, 354, 379, 388, 389, 423, 425, 454, 458, 463, 467, 475, 487, 498, 499, 512, 530, 531, 532, 533, 534, 536, 552, 573, 574, 575, 576, 577, 578, 579, 580, 581, 582, 583, 584, 585, 586, 587, 588, 589, 590, 591, 592, 593, 594, 595, 596, 597, 598, 599, 600, 601, 602, 603, 604, 605, 606, 607, 608, 609, 610, 611, 612, 613, 614, 615, 616, 617, 618, 619, 620, 621, 622, 623, 624, 625, 626, 627, 628, 629, 630, 631, 632, 633, 634, 635, 636, 637, 638, 639, 640, 641, 642, 643, 644, 645, 646, 647, 648, 649, 650, 651, 652, 653, 654, 655, 656, 657, 658, 659, 660, 661, 662, 663, 664, 665, 666, 667, 668, 669, 670, 671, 672, 673, 674, 675, 676, 677, 678, 679, 680, 681, 682, 683, 684, 685, 686, 687, 688, 689, 690, 691, 692, 693, 694, 695, 696, 697, 698, 699, 700, 701, 702, 703, 704, 705, 706, 707, 708, 709, 710, 711, 712, 713, 714, 715, 716, 717, 718, 719, 720, 721, 722, 723, 724, 725, 726, 727, 728, 729, 730, 731, 732, 733, 734, 735, 736, 737, 738, 739, 740, 741, 742, 743, 744, 745, 746, 747, 748, 749, 750, 751, 752, 753, 754, 755, 756, 757, 758, 759, 760, 761, 762, 763, 764, 765, 766, 767, 768, 769, 770, 771, 772, 773, 774, 775, 776, 777, 778, 779, 780, 781, 782, 783, 784, 785, 786, 787, 788, 789, 790, 791, 792, 793, 802, 803, 804, 805, 806, 807, 809, 829, 838, 839, 875, 877, 901, 903, 905, 910, 914, 923]",True,"[175, 646]","[103, 104, 105, 106, 107, 108, 109, 110, 111, 112, 113, 114, 115, 116, 117, 118, 119, 120, 121, 122, 123, 124, 125, 126, 127, 128, 129, 130, 131, 132, 133, 134, 135, 136, 137, 138, 139, 140, 141, 142, 143, 144, 145, 146, 147, 148, 149, 150, 151, 152, 153, 154, 155, 156, 157, 158, 159, 160, 161, 162, 163, 164, 165, 166, 167, 168, 169, 170, 171, 172, 173, 174, 175, 176, 177, 178, 179, 180, 181, 182, 183, 184, 185, 186, 187, 188, 189, 190, 191, 192, 193, 194, 195, 196, 197, 198, 199, 200, 201, 202, 203, 204, 205, 206, 207, 208, 209, 210, 211, 212, 213, 214, 215, 216, 217, 218, 219, 220, 221, 222, 223, 224, 225, 226, 227, 228, 229, 230, 231, 232, 233, 234, 235, 236, 237, 238, 239, 240, 241, 242, 243, 244, 245, 246, 247, 248, 249, 250, 251, 252, 253, 254, 255, 256, 257, 258, 259, 260, 261, 262, 263, 264, 265, 266, 267, 268, 269, 270, 271, 272, 273, 274, 275, 276, 277, 278, 279, 280, 281, 282, 283, 284, 285, 286, 287, 288, 289, 290, 291, 292, 293, 294, 295, 296, 297, 298, 299, 300, 301, 302, 303, 304, 305, 306, 307, 308, 309, 310, 311, 312, 313, 314, 315, 316, 317, 318, 319, 320, 321, 322, 323, 324, 325, 326, 327, 328, 329, 330, 331, 332, 333, 334, 335, 336, 337, 574, 575, 576, 577, 578, 579, 580, 581, 582, 583, 584, 585, 586, 587, 588, 589, 590, 591, 592, 593, 594, 595, 596, 597, 598, 599, 600, 601, 602, 603, 604, 605, 606, 607, 608, 609, 610, 611, 612, 613, 614, 615, 616, 617, 618, 619, 620, 621, 622, 623, 624, 625, 626, 627, 628, 629, 630, 631, 632, 633, 634, 635, 636, 637, 638, 639, 640, 641, 642, 643, 644, 645, 646, 647, 648, 649, 650, 651, 652, 653, 654, 655, 656, 657, 658, 659, 660, 661, 662, 663, 664, 665, 666, 667, 668, 669, 670, 671, 672, 673, 674, 675, 676, 677, 678, 679, 680, 681, 682, 683, 684, 685, 686, 687, 688, 689, 690, 691, 692, 693, 694, 695, 696, 697, 698, 699, 700, 701, 702, 703, 704, 705, 706, 707, 708, 709, 710, 711, 712, 713, 714, 715, 716, 717, 718, 719, 720, 721, 722, 723, 724, 725, 726, 727, 728, 729, 730, 731, 732, 733, 734, 735, 736, 737, 738, 739, 740, 741, 742, 743, 744, 745, 746, 747, 748, 749, 750, 751, 752, 753, 754, 755, 756, 757, 758, 759, 760, 761, 762, 763, 764, 765, 766, 767, 768, 769, 770, 771, 772, 773, 774, 775, 776, 777, 778, 779, 780, 781, 782, 783, 784, 785, 786, 787, 788, 789, 790, 791, 792, 793]","[175, 646]","[80, 175, 297, 467, 552, 646, 756, 914]","[175, 283, 646, 742]","[1, 13, 14, 29, 54, 55, 56, 57, 58, 60, 102, 118, 125, 127, 130, 134, 146, 149, 153, 174, 175, 176, 177, 178, 182, 187, 189, 191, 197, 225, 230, 238, 264, 265, 266, 286, 302, 317, 336, 347, 348, 349, 350, 351, 352, 354, 379, 388, 389, 423, 425, 454, 458, 463, 475, 487, 498, 499, 512, 530, 531, 532, 533, 534, 536, 573, 589, 596, 598, 601, 605, 617, 620, 624, 645, 646, 647, 648, 649, 653, 658, 660, 662, 668, 689, 694, 702, 724, 725, 745, 760, 775, 793, 802, 803, 804, 805, 806, 807, 809, 829, 838, 839, 875, 877, 901, 903, 905, 910, 923]","[1, 13, 14, 29, 54, 55, 56, 57, 58, 60, 102, 118, 125, 127, 130, 134, 146, 149, 153, 175, 182, 187, 189, 191, 197, 225, 230, 238, 264, 265, 266, 286, 302, 317, 336, 379, 388, 389, 425, 454, 458, 463, 475, 487, 498, 499, 512, 530, 531, 532, 533, 534, 536, 573, 589, 596, 598, 601, 605, 617, 620, 624, 646, 653, 658, 660, 662, 668, 689, 694, 702, 724, 725, 745, 760, 775, 793, 829, 838, 839, 877, 901, 903, 905, 910, 923]",7/6 successful match,True,[774],True,341,False,,1.0,True,Golden Gate,
Hayward ( 94544 ) Golden Gate ( Shell ),2 / 510-783-6549 I-880 X 24 NB / 25 SB ( E on,) <U+25A1> <U+25A1>,Hayward,94544,Golden Gate ( Shell ),510-783-6549,2016,Hayward,CA,Shell,( E on,I-880 X 24 NB / 25 SB ,Exit,24,False,,False,I-880,,25,,,"[646, 175]","[175, 646]","[175, 646]","[80, 175, 297, 467, 552, 646, 756, 914]","[103, 104, 105, 106, 107, 108, 109, 110, 111, 112, 113, 114, 115, 116, 117, 118, 119, 120, 121, 122, 123, 124, 125, 126, 127, 128, 129, 130, 131, 132, 133, 134, 135, 136, 137, 138, 139, 140, 141, 142, 143, 144, 145, 146, 147, 148, 149, 150, 151, 152, 153, 154, 155, 156, 157, 158, 159, 160, 161, 162, 163, 164, 165, 166, 167, 168, 169, 170, 171, 172, 173, 174, 175, 176, 177, 178, 179, 180, 181, 182, 183, 184, 185, 186, 187, 188, 189, 190, 191, 192, 193, 194, 195, 196, 197, 198, 199, 200, 201, 202, 203, 204, 205, 206, 207, 208, 209, 210, 211, 212, 213, 214, 215, 216, 217, 218, 219, 220, 221, 222, 223, 224, 225, 226, 227, 228, 229, 230, 231, 232, 233, 234, 235, 236, 237, 238, 239, 240, 241, 242, 243, 244, 245, 246, 247, 248, 249, 250, 251, 252, 253, 254, 255, 256, 257, 258, 259, 260, 261, 262, 263, 264, 265, 266, 267, 268, 269, 270, 271, 272, 273, 274, 275, 276, 277, 278, 279, 280, 281, 282, 283, 284, 285, 286, 287, 288, 289, 290, 291, 292, 293, 294, 295, 296, 297, 298, 299, 300, 301, 302, 303, 304, 305, 306, 307, 308, 309, 310, 311, 312, 313, 314, 315, 316, 317, 318, 319, 320, 321, 322, 323, 324, 325, 326, 327, 328, 329, 330, 331, 332, 333, 334, 335, 336, 337, 574, 575, 576, 577, 578, 579, 580, 581, 582, 583, 584, 585, 586, 587, 588, 589, 590, 591, 592, 593, 594, 595, 596, 597, 598, 599, 600, 601, 602, 603, 604, 605, 606, 607, 608, 609, 610, 611, 612, 613, 614, 615, 616, 617, 618, 619, 620, 621, 622, 623, 624, 625, 626, 627, 628, 629, 630, 631, 632, 633, 634, 635, 636, 637, 638, 639, 640, 641, 642, 643, 644, 645, 646, 647, 648, 649, 650, 651, 652, 653, 654, 655, 656, 657, 658, 659, 660, 661, 662, 663, 664, 665, 666, 667, 668, 669, 670, 671, 672, 673, 674, 675, 676, 677, 678, 679, 680, 681, 682, 683, 684, 685, 686, 687, 688, 689, 690, 691, 692, 693, 694, 695, 696, 697, 698, 699, 700, 701, 702, 703, 704, 705, 706, 707, 708, 709, 710, 711, 712, 713, 714, 715, 716, 717, 718, 719, 720, 721, 722, 723, 724, 725, 726, 727, 728, 729, 730, 731, 732, 733, 734, 735, 736, 737, 738, 739, 740, 741, 742, 743, 744, 745, 746, 747, 748, 749, 750, 751, 752, 753, 754, 755, 756, 757, 758, 759, 760, 761, 762, 763, 764, 765, 766, 767, 768, 769, 770, 771, 772, 773, 774, 775, 776, 777, 778, 779, 780, 781, 782, 783, 784, 785, 786, 787, 788, 789, 790, 791, 792, 793]","[175, 283, 646, 742]","[1, 13, 14, 29, 54, 55, 56, 57, 58, 60, 102, 118, 125, 127, 130, 134, 146, 149, 153, 175, 182, 187, 189, 191, 197, 225, 230, 238, 264, 265, 266, 286, 302, 317, 336, 379, 388, 389, 425, 454, 458, 463, 475, 487, 498, 499, 512, 530, 531, 532, 533, 534, 536, 573, 589, 596, 598, 601, 605, 617, 620, 624, 646, 653, 658, 660, 662, 668, 689, 694, 702, 724, 725, 745, 760, 775, 793, 829, 838, 839, 877, 901, 903, 905, 910, 923]","[1, 13, 14, 29, 54, 55, 56, 57, 58, 60, 102, 118, 125, 127, 130, 134, 146, 149, 153, 174, 175, 176, 177, 178, 182, 187, 189, 191, 197, 225, 230, 238, 264, 265, 266, 286, 302, 317, 336, 347, 348, 349, 350, 351, 352, 354, 379, 388, 389, 423, 425, 454, 458, 463, 475, 487, 498, 499, 512, 530, 531, 532, 533, 534, 536, 573, 589, 596, 598, 601, 605, 617, 620, 624, 645, 646, 647, 648, 649, 653, 658, 660, 662, 668, 689, 694, 702, 724, 725, 745, 760, 775, 793, 802, 803, 804, 805, 806, 807, 809, 829, 838, 839, 875, 877, 901, 903, 905, 910, 923]","[1, 13, 14, 29, 54, 55, 56, 57, 58, 60, 80, 102, 103, 104, 105, 106, 107, 108, 109, 110, 111, 112, 113, 114, 115, 116, 117, 118, 119, 120, 121, 122, 123, 124, 125, 126, 127, 128, 129, 130, 131, 132, 133, 134, 135, 136, 137, 138, 139, 140, 141, 142, 143, 144, 145, 146, 147, 148, 149, 150, 151, 152, 153, 154, 155, 156, 157, 158, 159, 160, 161, 162, 163, 164, 165, 166, 167, 168, 169, 170, 171, 172, 173, 174, 175, 176, 177, 178, 179, 180, 181, 182, 183, 184, 185, 186, 187, 188, 189, 190, 191, 192, 193, 194, 195, 196, 197, 198, 199, 200, 201, 202, 203, 204, 205, 206, 207, 208, 209, 210, 211, 212, 213, 214, 215, 216, 217, 218, 219, 220, 221, 222, 223, 224, 225, 226, 227, 228, 229, 230, 231, 232, 233, 234, 235, 236, 237, 238, 239, 240, 241, 242, 243, 244, 245, 246, 247, 248, 249, 250, 251, 252, 253, 254, 255, 256, 257, 258, 259, 260, 261, 262, 263, 264, 265, 266, 267, 268, 269, 270, 271, 272, 273, 274, 275, 276, 277, 278, 279, 280, 281, 282, 283, 284, 285, 286, 287, 288, 289, 290, 291, 292, 293, 294, 295, 296, 297, 298, 299, 300, 301, 302, 303, 304, 305, 306, 307, 308, 309, 310, 311, 312, 313, 314, 315, 316, 317, 318, 319, 320, 321, 322, 323, 324, 325, 326, 327, 328, 329, 330, 331, 332, 333, 334, 335, 336, 337, 347, 348, 349, 350, 351, 352, 354, 379, 388, 389, 423, 425, 454, 458, 463, 467, 475, 487, 498, 499, 512, 530, 531, 532, 533, 534, 536, 552, 573, 574, 575, 576, 577, 578, 579, 580, 581, 582, 583, 584, 585, 586, 587, 588, 589, 590, 591, 592, 593, 594, 595, 596, 597, 598, 599, 600, 601, 602, 603, 604, 605, 606, 607, 608, 609, 610, 611, 612, 613, 614, 615, 616, 617, 618, 619, 620, 621, 622, 623, 624, 625, 626, 627, 628, 629, 630, 631, 632, 633, 634, 635, 636, 637, 638, 639, 640, 641, 642, 643, 644, 645, 646, 647, 648, 649, 650, 651, 652, 653, 654, 655, 656, 657, 658, 659, 660, 661, 662, 663, 664, 665, 666, 667, 668, 669, 670, 671, 672, 673, 674, 675, 676, 677, 678, 679, 680, 681, 682, 683, 684, 685, 686, 687, 688, 689, 690, 691, 692, 693, 694, 695, 696, 697, 698, 699, 700, 701, 702, 703, 704, 705, 706, 707, 708, 709, 710, 711, 712, 713, 714, 715, 716, 717, 718, 719, 720, 721, 722, 723, 724, 725, 726, 727, 728, 729, 730, 731, 732, 733, 734, 735, 736, 737, 738, 739, 740, 741, 742, 743, 744, 745, 746, 747, 748, 749, 750, 751, 752, 753, 754, 755, 756, 757, 758, 759, 760, 761, 762, 763, 764, 765, 766, 767, 768, 769, 770, 771, 772, 773, 774, 775, 776, 777, 778, 779, 780, 781, 782, 783, 784, 785, 786, 787, 788, 789, 790, 791, 792, 793, 802, 803, 804, 805, 806, 807, 809, 829, 838, 839, 875, 877, 901, 903, 905, 910, 914, 923]",True,"[175, 646]","[103, 104, 105, 106, 107, 108, 109, 110, 111, 112, 113, 114, 115, 116, 117, 118, 119, 120, 121, 122, 123, 124, 125, 126, 127, 128, 129, 130, 131, 132, 133, 134, 135, 136, 137, 138, 139, 140, 141, 142, 143, 144, 145, 146, 147, 148, 149, 150, 151, 152, 153, 154, 155, 156, 157, 158, 159, 160, 161, 162, 163, 164, 165, 166, 167, 168, 169, 170, 171, 172, 173, 174, 175, 176, 177, 178, 179, 180, 181, 182, 183, 184, 185, 186, 187, 188, 189, 190, 191, 192, 193, 194, 195, 196, 197, 198, 199, 200, 201, 202, 203, 204, 205, 206, 207, 208, 209, 210, 211, 212, 213, 214, 215, 216, 217, 218, 219, 220, 221, 222, 223, 224, 225, 226, 227, 228, 229, 230, 231, 232, 233, 234, 235, 236, 237, 238, 239, 240, 241, 242, 243, 244, 245, 246, 247, 248, 249, 250, 251, 252, 253, 254, 255, 256, 257, 258, 259, 260, 261, 262, 263, 264, 265, 266, 267, 268, 269, 270, 271, 272, 273, 274, 275, 276, 277, 278, 279, 280, 281, 282, 283, 284, 285, 286, 287, 288, 289, 290, 291, 292, 293, 294, 295, 296, 297, 298, 299, 300, 301, 302, 303, 304, 305, 306, 307, 308, 309, 310, 311, 312, 313, 314, 315, 316, 317, 318, 319, 320, 321, 322, 323, 324, 325, 326, 327, 328, 329, 330, 331, 332, 333, 334, 335, 336, 337, 574, 575, 576, 577, 578, 579, 580, 581, 582, 583, 584, 585, 586, 587, 588, 589, 590, 591, 592, 593, 594, 595, 596, 597, 598, 599, 600, 601, 602, 603, 604, 605, 606, 607, 608, 609, 610, 611, 612, 613, 614, 615, 616, 617, 618, 619, 620, 621, 622, 623, 624, 625, 626, 627, 628, 629, 630, 631, 632, 633, 634, 635, 636, 637, 638, 639, 640, 641, 642, 643, 644, 645, 646, 647, 648, 649, 650, 651, 652, 653, 654, 655, 656, 657, 658, 659, 660, 661, 662, 663, 664, 665, 666, 667, 668, 669, 670, 671, 672, 673, 674, 675, 676, 677, 678, 679, 680, 681, 682, 683, 684, 685, 686, 687, 688, 689, 690, 691, 692, 693, 694, 695, 696, 697, 698, 699, 700, 701, 702, 703, 704, 705, 706, 707, 708, 709, 710, 711, 712, 713, 714, 715, 716, 717, 718, 719, 720, 721, 722, 723, 724, 725, 726, 727, 728, 729, 730, 731, 732, 733, 734, 735, 736, 737, 738, 739, 740, 741, 742, 743, 744, 745, 746, 747, 748, 749, 750, 751, 752, 753, 754, 755, 756, 757, 758, 759, 760, 761, 762, 763, 764, 765, 766, 767, 768, 769, 770, 771, 772, 773, 774, 775, 776, 777, 778, 779, 780, 781, 782, 783, 784, 785, 786, 787, 788, 789, 790, 791, 792, 793]","[175, 646]","[80, 175, 297, 467, 552, 646, 756, 914]","[175, 283, 646, 742]","[1, 13, 14, 29, 54, 55, 56, 57, 58, 60, 102, 118, 125, 127, 130, 134, 146, 149, 153, 174, 175, 176, 177, 178, 182, 187, 189, 191, 197, 225, 230, 238, 264, 265, 266, 286, 302, 317, 336, 347, 348, 349, 350, 351, 352, 354, 379, 388, 389, 423, 425, 454, 458, 463, 475, 487, 498, 499, 512, 530, 531, 532, 533, 534, 536, 573, 589, 596, 598, 601, 605, 617, 620, 624, 645, 646, 647, 648, 649, 653, 658, 660, 662, 668, 689, 694, 702, 724, 725, 745, 760, 775, 793, 802, 803, 804, 805, 806, 807, 809, 829, 838, 839, 875, 877, 901, 903, 905, 910, 923]","[1, 13, 14, 29, 54, 55, 56, 57, 58, 60, 102, 118, 125, 127, 130, 134, 146, 149, 153, 175, 182, 187, 189, 191, 197, 225, 230, 238, 264, 265, 266, 286, 302, 317, 336, 379, 388, 389, 425, 454, 458, 463, 475, 487, 498, 499, 512, 530, 531, 532, 533, 534, 536, 573, 589, 596, 598, 601, 605, 617, 620, 624, 646, 653, 658, 660, 662, 668, 689, 694, 702, 724, 725, 745, 760, 775, 793, 829, 838, 839, 877, 901, 903, 905, 910, 923]",7/6 successful match,True,[774],True,341,False,,1.0,True,Golden Gate ( Shell ),Shell
"Oakland , 94621 SF / Oakland Auto / Truck Plaza ( 76 )",510-569-1624 I-880 Ex 37 ( E to 8255 San Leandro S ),),Oakland,94621,SF / Oakland Auto / Truck Plaza ( 76 ),510-569-1624,2006,Oakland,CA,,( E to 8255 San Leandro S ),I-880 Ex 37 ,Exit,37,False,,False,I-880,,,,,"[283, 742]","[283, 742]","[176, 177, 283, 647, 648, 742]","[283, 396, 742, 846]","[103, 104, 105, 106, 107, 108, 109, 110, 111, 112, 113, 114, 115, 116, 117, 118, 119, 120, 121, 122, 123, 124, 125, 126, 127, 128, 129, 130, 131, 132, 133, 134, 135, 136, 137, 138, 139, 140, 141, 142, 143, 144, 145, 146, 147, 148, 149, 150, 151, 152, 153, 154, 155, 156, 157, 158, 159, 160, 161, 162, 163, 164, 165, 166, 167, 168, 169, 170, 171, 172, 173, 174, 175, 176, 177, 178, 179, 180, 181, 182, 183, 184, 185, 186, 187, 188, 189, 190, 191, 192, 193, 194, 195, 196, 197, 198, 199, 200, 201, 202, 203, 204, 205, 206, 207, 208, 209, 210, 211, 212, 213, 214, 215, 216, 217, 218, 219, 220, 221, 222, 223, 224, 225, 226, 227, 228, 229, 230, 231, 232, 233, 234, 235, 236, 237, 238, 239, 240, 241, 242, 243, 244, 245, 246, 247, 248, 249, 250, 251, 252, 253, 254, 255, 256, 257, 258, 259, 260, 261, 262, 263, 264, 265, 266, 267, 268, 269, 270, 271, 272, 273, 274, 275, 276, 277, 278, 279, 280, 281, 282, 283, 284, 285, 286, 287, 288, 289, 290, 291, 292, 293, 294, 295, 296, 297, 298, 299, 300, 301, 302, 303, 304, 305, 306, 307, 308, 309, 310, 311, 312, 313, 314, 315, 316, 317, 318, 319, 320, 321, 322, 323, 324, 325, 326, 327, 328, 329, 330, 331, 332, 333, 334, 335, 336, 337, 574, 575, 576, 577, 578, 579, 580, 581, 582, 583, 584, 585, 586, 587, 588, 589, 590, 591, 592, 593, 594, 595, 596, 597, 598, 599, 600, 601, 602, 603, 604, 605, 606, 607, 608, 609, 610, 611, 612, 613, 614, 615, 616, 617, 618, 619, 620, 621, 622, 623, 624, 625, 626, 627, 628, 629, 630, 631, 632, 633, 634, 635, 636, 637, 638, 639, 640, 641, 642, 643, 644, 645, 646, 647, 648, 649, 650, 651, 652, 653, 654, 655, 656, 657, 658, 659, 660, 661, 662, 663, 664, 665, 666, 667, 668, 669, 670, 671, 672, 673, 674, 675, 676, 677, 678, 679, 680, 681, 682, 683, 684, 685, 686, 687, 688, 689, 690, 691, 692, 693, 694, 695, 696, 697, 698, 699, 700, 701, 702, 703, 704, 705, 706, 707, 708, 709, 710, 711, 712, 713, 714, 715, 716, 717, 718, 719, 720, 721, 722, 723, 724, 725, 726, 727, 728, 729, 730, 731, 732, 733, 734, 735, 736, 737, 738, 739, 740, 741, 742, 743, 744, 745, 746, 747, 748, 749, 750, 751, 752, 753, 754, 755, 756, 757, 758, 759, 760, 761, 762, 763, 764, 765, 766, 767, 768, 769, 770, 771, 772, 773, 774, 775, 776, 777, 778, 779, 780, 781, 782, 783, 784, 785, 786, 787, 788, 789, 790, 791, 792, 793]","[175, 283, 646, 742]",[],"[84, 87, 89, 114, 115, 117, 124, 132, 135, 144, 152, 178, 239, 268, 281, 283, 297, 318, 320, 327, 348, 394, 555, 558, 560, 585, 586, 588, 595, 603, 606, 615, 623, 649, 703, 727, 740, 742, 756, 776, 778, 785, 803, 844]","[84, 87, 89, 103, 104, 105, 106, 107, 108, 109, 110, 111, 112, 113, 114, 115, 116, 117, 118, 119, 120, 121, 122, 123, 124, 125, 126, 127, 128, 129, 130, 131, 132, 133, 134, 135, 136, 137, 138, 139, 140, 141, 142, 143, 144, 145, 146, 147, 148, 149, 150, 151, 152, 153, 154, 155, 156, 157, 158, 159, 160, 161, 162, 163, 164, 165, 166, 167, 168, 169, 170, 171, 172, 173, 174, 175, 176, 177, 178, 179, 180, 181, 182, 183, 184, 185, 186, 187, 188, 189, 190, 191, 192, 193, 194, 195, 196, 197, 198, 199, 200, 201, 202, 203, 204, 205, 206, 207, 208, 209, 210, 211, 212, 213, 214, 215, 216, 217, 218, 219, 220, 221, 222, 223, 224, 225, 226, 227, 228, 229, 230, 231, 232, 233, 234, 235, 236, 237, 238, 239, 240, 241, 242, 243, 244, 245, 246, 247, 248, 249, 250, 251, 252, 253, 254, 255, 256, 257, 258, 259, 260, 261, 262, 263, 264, 265, 266, 267, 268, 269, 270, 271, 272, 273, 274, 275, 276, 277, 278, 279, 280, 281, 282, 283, 284, 285, 286, 287, 288, 289, 290, 291, 292, 293, 294, 295, 296, 297, 298, 299, 300, 301, 302, 303, 304, 305, 306, 307, 308, 309, 310, 311, 312, 313, 314, 315, 316, 317, 318, 319, 320, 321, 322, 323, 324, 325, 326, 327, 328, 329, 330, 331, 332, 333, 334, 335, 336, 337, 348, 394, 396, 555, 558, 560, 574, 575, 576, 577, 578, 579, 580, 581, 582, 583, 584, 585, 586, 587, 588, 589, 590, 591, 592, 593, 594, 595, 596, 597, 598, 599, 600, 601, 602, 603, 604, 605, 606, 607, 608, 609, 610, 611, 612, 613, 614, 615, 616, 617, 618, 619, 620, 621, 622, 623, 624, 625, 626, 627, 628, 629, 630, 631, 632, 633, 634, 635, 636, 637, 638, 639, 640, 641, 642, 643, 644, 645, 646, 647, 648, 649, 650, 651, 652, 653, 654, 655, 656, 657, 658, 659, 660, 661, 662, 663, 664, 665, 666, 667, 668, 669, 670, 671, 672, 673, 674, 675, 676, 677, 678, 679, 680, 681, 682, 683, 684, 685, 686, 687, 688, 689, 690, 691, 692, 693, 694, 695, 696, 697, 698, 699, 700, 701, 702, 703, 704, 705, 706, 707, 708, 709, 710, 711, 712, 713, 714, 715, 716, 717, 718, 719, 720, 721, 722, 723, 724, 725, 726, 727, 728, 729, 730, 731, 732, 733, 734, 735, 736, 737, 738, 739, 740, 741, 742, 743, 744, 745, 746, 747, 748, 749, 750, 751, 752, 753, 754, 755, 756, 757, 758, 759, 760, 761, 762, 763, 764, 765, 766, 767, 768, 769, 770, 771, 772, 773, 774, 775, 776, 777, 778, 779, 780, 781, 782, 783, 784, 785, 786, 787, 788, 789, 790, 791, 792, 793, 803, 844, 846]",True,"[283, 742]","[103, 104, 105, 106, 107, 108, 109, 110, 111, 112, 113, 114, 115, 116, 117, 118, 119, 120, 121, 122, 123, 124, 125, 126, 127, 128, 129, 130, 131, 132, 133, 134, 135, 136, 137, 138, 139, 140, 141, 142, 143, 144, 145, 146, 147, 148, 149, 150, 151, 152, 153, 154, 155, 156, 157, 158, 159, 160, 161, 162, 163, 164, 165, 166, 167, 168, 169, 170, 171, 172, 173, 174, 175, 176, 177, 178, 179, 180, 181, 182, 183, 184, 185, 186, 187, 188, 189, 190, 191, 192, 193, 194, 195, 196, 197, 198, 199, 200, 201, 202, 203, 204, 205, 206, 207, 208, 209, 210, 211, 212, 213, 214, 215, 216, 217, 218, 219, 220, 221, 222, 223, 224, 225, 226, 227, 228, 229, 230, 231, 232, 233, 234, 235, 236, 237, 238, 239, 240, 241, 242, 243, 244, 245, 246, 247, 248, 249, 250, 251, 252, 253, 254, 255, 256, 257, 258, 259, 260, 261, 262, 263, 264, 265, 266, 267, 268, 269, 270, 271, 272, 273, 274, 275, 276, 277, 278, 279, 280, 281, 282, 283, 284, 285, 286, 287, 288, 289, 290, 291, 292, 293, 294, 295, 296, 297, 298, 299, 300, 301, 302, 303, 304, 305, 306, 307, 308, 309, 310, 311, 312, 313, 314, 315, 316, 317, 318, 319, 320, 321, 322, 323, 324, 325, 326, 327, 328, 329, 330, 331, 332, 333, 334, 335, 336, 337, 574, 575, 576, 577, 578, 579, 580, 581, 582, 583, 584, 585, 586, 587, 588, 589, 590, 591, 592, 593, 594, 595, 596, 597, 598, 599, 600, 601, 602, 603, 604, 605, 606, 607, 608, 609, 610, 611, 612, 613, 614, 615, 616, 617, 618, 619, 620, 621, 622, 623, 624, 625, 626, 627, 628, 629, 630, 631, 632, 633, 634, 635, 636, 637, 638, 639, 640, 641, 642, 643, 644, 645, 646, 647, 648, 649, 650, 651, 652, 653, 654, 655, 656, 657, 658, 659, 660, 661, 662, 663, 664, 665, 666, 667, 668, 669, 670, 671, 672, 673, 674, 675, 676, 677, 678, 679, 680, 681, 682, 683, 684, 685, 686, 687, 688, 689, 690, 691, 692, 693, 694, 695, 696, 697, 698, 699, 700, 701, 702, 703, 704, 705, 706, 707, 708, 709, 710, 711, 712, 713, 714, 715, 716, 717, 718, 719, 720, 721, 722, 723, 724, 725, 726, 727, 728, 729, 730, 731, 732, 733, 734, 735, 736, 737, 738, 739, 740, 741, 742, 743, 744, 745, 746, 747, 748, 749, 750, 751, 752, 753, 754, 755, 756, 757, 758, 759, 760, 761, 762, 763, 764, 765, 766, 767, 768, 769, 770, 771, 772, 773, 774, 775, 776, 777, 778, 779, 780, 781, 782, 783, 784, 785, 786, 787, 788, 789, 790, 791, 792, 793]","[176, 177, 283, 647, 648, 742]","[283, 396, 742, 846]","[175, 283, 646, 742]","[84, 87, 89, 114, 115, 117, 124, 132, 135, 144, 152, 178, 239, 268, 281, 283, 297, 318, 320, 327, 348, 394, 555, 558, 560, 585, 586, 588, 595, 603, 606, 615, 623, 649, 703, 727, 740, 742, 756, 776, 778, 785, 803, 844]",[],7/6 successful match,True,[47],True,342,False,,,,,
"E Oakland , 94621 SF / Oakland Auto / Truck Plaza ( 76 )",510-569-1624 I-880 Ex 37 ( E to 8255 San,),Oakland,94621,SF / Oakland Auto / Truck Plaza ( 76 ),510-569-1624,2007,Oakland,CA,,( E to 8255 San,I-880 Ex 37 ,Exit,37,False,,False,I-880,,,,,"[283, 742]","[283, 742]","[176, 177, 283, 647, 648, 742]","[283, 396, 742, 846]","[103, 104, 105, 106, 107, 108, 109, 110, 111, 112, 113, 114, 115, 116, 117, 118, 119, 120, 121, 122, 123, 124, 125, 126, 127, 128, 129, 130, 131, 132, 133, 134, 135, 136, 137, 138, 139, 140, 141, 142, 143, 144, 145, 146, 147, 148, 149, 150, 151, 152, 153, 154, 155, 156, 157, 158, 159, 160, 161, 162, 163, 164, 165, 166, 167, 168, 169, 170, 171, 172, 173, 174, 175, 176, 177, 178, 179, 180, 181, 182, 183, 184, 185, 186, 187, 188, 189, 190, 191, 192, 193, 194, 195, 196, 197, 198, 199, 200, 201, 202, 203, 204, 205, 206, 207, 208, 209, 210, 211, 212, 213, 214, 215, 216, 217, 218, 219, 220, 221, 222, 223, 224, 225, 226, 227, 228, 229, 230, 231, 232, 233, 234, 235, 236, 237, 238, 239, 240, 241, 242, 243, 244, 245, 246, 247, 248, 249, 250, 251, 252, 253, 254, 255, 256, 257, 258, 259, 260, 261, 262, 263, 264, 265, 266, 267, 268, 269, 270, 271, 272, 273, 274, 275, 276, 277, 278, 279, 280, 281, 282, 283, 284, 285, 286, 287, 288, 289, 290, 291, 292, 293, 294, 295, 296, 297, 298, 299, 300, 301, 302, 303, 304, 305, 306, 307, 308, 309, 310, 311, 312, 313, 314, 315, 316, 317, 318, 319, 320, 321, 322, 323, 324, 325, 326, 327, 328, 329, 330, 331, 332, 333, 334, 335, 336, 337, 574, 575, 576, 577, 578, 579, 580, 581, 582, 583, 584, 585, 586, 587, 588, 589, 590, 591, 592, 593, 594, 595, 596, 597, 598, 599, 600, 601, 602, 603, 604, 605, 606, 607, 608, 609, 610, 611, 612, 613, 614, 615, 616, 617, 618, 619, 620, 621, 622, 623, 624, 625, 626, 627, 628, 629, 630, 631, 632, 633, 634, 635, 636, 637, 638, 639, 640, 641, 642, 643, 644, 645, 646, 647, 648, 649, 650, 651, 652, 653, 654, 655, 656, 657, 658, 659, 660, 661, 662, 663, 664, 665, 666, 667, 668, 669, 670, 671, 672, 673, 674, 675, 676, 677, 678, 679, 680, 681, 682, 683, 684, 685, 686, 687, 688, 689, 690, 691, 692, 693, 694, 695, 696, 697, 698, 699, 700, 701, 702, 703, 704, 705, 706, 707, 708, 709, 710, 711, 712, 713, 714, 715, 716, 717, 718, 719, 720, 721, 722, 723, 724, 725, 726, 727, 728, 729, 730, 731, 732, 733, 734, 735, 736, 737, 738, 739, 740, 741, 742, 743, 744, 745, 746, 747, 748, 749, 750, 751, 752, 753, 754, 755, 756, 757, 758, 759, 760, 761, 762, 763, 764, 765, 766, 767, 768, 769, 770, 771, 772, 773, 774, 775, 776, 777, 778, 779, 780, 781, 782, 783, 784, 785, 786, 787, 788, 789, 790, 791, 792, 793]","[175, 283, 646, 742]",[],"[84, 87, 89, 114, 115, 117, 124, 132, 135, 144, 152, 178, 239, 268, 281, 283, 297, 318, 320, 327, 348, 394, 555, 558, 560, 585, 586, 588, 595, 603, 606, 615, 623, 649, 703, 727, 740, 742, 756, 776, 778, 785, 803, 844]","[84, 87, 89, 103, 104, 105, 106, 107, 108, 109, 110, 111, 112, 113, 114, 115, 116, 117, 118, 119, 120, 121, 122, 123, 124, 125, 126, 127, 128, 129, 130, 131, 132, 133, 134, 135, 136, 137, 138, 139, 140, 141, 142, 143, 144, 145, 146, 147, 148, 149, 150, 151, 152, 153, 154, 155, 156, 157, 158, 159, 160, 161, 162, 163, 164, 165, 166, 167, 168, 169, 170, 171, 172, 173, 174, 175, 176, 177, 178, 179, 180, 181, 182, 183, 184, 185, 186, 187, 188, 189, 190, 191, 192, 193, 194, 195, 196, 197, 198, 199, 200, 201, 202, 203, 204, 205, 206, 207, 208, 209, 210, 211, 212, 213, 214, 215, 216, 217, 218, 219, 220, 221, 222, 223, 224, 225, 226, 227, 228, 229, 230, 231, 232, 233, 234, 235, 236, 237, 238, 239, 240, 241, 242, 243, 244, 245, 246, 247, 248, 249, 250, 251, 252, 253, 254, 255, 256, 257, 258, 259, 260, 261, 262, 263, 264, 265, 266, 267, 268, 269, 270, 271, 272, 273, 274, 275, 276, 277, 278, 279, 280, 281, 282, 283, 284, 285, 286, 287, 288, 289, 290, 291, 292, 293, 294, 295, 296, 297, 298, 299, 300, 301, 302, 303, 304, 305, 306, 307, 308, 309, 310, 311, 312, 313, 314, 315, 316, 317, 318, 319, 320, 321, 322, 323, 324, 325, 326, 327, 328, 329, 330, 331, 332, 333, 334, 335, 336, 337, 348, 394, 396, 555, 558, 560, 574, 575, 576, 577, 578, 579, 580, 581, 582, 583, 584, 585, 586, 587, 588, 589, 590, 591, 592, 593, 594, 595, 596, 597, 598, 599, 600, 601, 602, 603, 604, 605, 606, 607, 608, 609, 610, 611, 612, 613, 614, 615, 616, 617, 618, 619, 620, 621, 622, 623, 624, 625, 626, 627, 628, 629, 630, 631, 632, 633, 634, 635, 636, 637, 638, 639, 640, 641, 642, 643, 644, 645, 646, 647, 648, 649, 650, 651, 652, 653, 654, 655, 656, 657, 658, 659, 660, 661, 662, 663, 664, 665, 666, 667, 668, 669, 670, 671, 672, 673, 674, 675, 676, 677, 678, 679, 680, 681, 682, 683, 684, 685, 686, 687, 688, 689, 690, 691, 692, 693, 694, 695, 696, 697, 698, 699, 700, 701, 702, 703, 704, 705, 706, 707, 708, 709, 710, 711, 712, 713, 714, 715, 716, 717, 718, 719, 720, 721, 722, 723, 724, 725, 726, 727, 728, 729, 730, 731, 732, 733, 734, 735, 736, 737, 738, 739, 740, 741, 742, 743, 744, 745, 746, 747, 748, 749, 750, 751, 752, 753, 754, 755, 756, 757, 758, 759, 760, 761, 762, 763, 764, 765, 766, 767, 768, 769, 770, 771, 772, 773, 774, 775, 776, 777, 778, 779, 780, 781, 782, 783, 784, 785, 786, 787, 788, 789, 790, 791, 792, 793, 803, 844, 846]",True,"[283, 742]","[103, 104, 105, 106, 107, 108, 109, 110, 111, 112, 113, 114, 115, 116, 117, 118, 119, 120, 121, 122, 123, 124, 125, 126, 127, 128, 129, 130, 131, 132, 133, 134, 135, 136, 137, 138, 139, 140, 141, 142, 143, 144, 145, 146, 147, 148, 149, 150, 151, 152, 153, 154, 155, 156, 157, 158, 159, 160, 161, 162, 163, 164, 165, 166, 167, 168, 169, 170, 171, 172, 173, 174, 175, 176, 177, 178, 179, 180, 181, 182, 183, 184, 185, 186, 187, 188, 189, 190, 191, 192, 193, 194, 195, 196, 197, 198, 199, 200, 201, 202, 203, 204, 205, 206, 207, 208, 209, 210, 211, 212, 213, 214, 215, 216, 217, 218, 219, 220, 221, 222, 223, 224, 225, 226, 227, 228, 229, 230, 231, 232, 233, 234, 235, 236, 237, 238, 239, 240, 241, 242, 243, 244, 245, 246, 247, 248, 249, 250, 251, 252, 253, 254, 255, 256, 257, 258, 259, 260, 261, 262, 263, 264, 265, 266, 267, 268, 269, 270, 271, 272, 273, 274, 275, 276, 277, 278, 279, 280, 281, 282, 283, 284, 285, 286, 287, 288, 289, 290, 291, 292, 293, 294, 295, 296, 297, 298, 299, 300, 301, 302, 303, 304, 305, 306, 307, 308, 309, 310, 311, 312, 313, 314, 315, 316, 317, 318, 319, 320, 321, 322, 323, 324, 325, 326, 327, 328, 329, 330, 331, 332, 333, 334, 335, 336, 337, 574, 575, 576, 577, 578, 579, 580, 581, 582, 583, 584, 585, 586, 587, 588, 589, 590, 591, 592, 593, 594, 595, 596, 597, 598, 599, 600, 601, 602, 603, 604, 605, 606, 607, 608, 609, 610, 611, 612, 613, 614, 615, 616, 617, 618, 619, 620, 621, 622, 623, 624, 625, 626, 627, 628, 629, 630, 631, 632, 633, 634, 635, 636, 637, 638, 639, 640, 641, 642, 643, 644, 645, 646, 647, 648, 649, 650, 651, 652, 653, 654, 655, 656, 657, 658, 659, 660, 661, 662, 663, 664, 665, 666, 667, 668, 669, 670, 671, 672, 673, 674, 675, 676, 677, 678, 679, 680, 681, 682, 683, 684, 685, 686, 687, 688, 689, 690, 691, 692, 693, 694, 695, 696, 697, 698, 699, 700, 701, 702, 703, 704, 705, 706, 707, 708, 709, 710, 711, 712, 713, 714, 715, 716, 717, 718, 719, 720, 721, 722, 723, 724, 725, 726, 727, 728, 729, 730, 731, 732, 733, 734, 735, 736, 737, 738, 739, 740, 741, 742, 743, 744, 745, 746, 747, 748, 749, 750, 751, 752, 753, 754, 755, 756, 757, 758, 759, 760, 761, 762, 763, 764, 765, 766, 767, 768, 769, 770, 771, 772, 773, 774, 775, 776, 777, 778, 779, 780, 781, 782, 783, 784, 785, 786, 787, 788, 789, 790, 791, 792, 793]","[176, 177, 283, 647, 648, 742]","[283, 396, 742, 846]","[175, 283, 646, 742]","[84, 87, 89, 114, 115, 117, 124, 132, 135, 144, 152, 178, 239, 268, 281, 283, 297, 318, 320, 327, 348, 394, 555, 558, 560, 585, 586, 588, 595, 603, 606, 615, 623, 649, 703, 727, 740, 742, 756, 776, 778, 785, 803, 844]",[],7/6 successful match,True,[47],True,342,False,,1.0,True,SF / Oakland Auto / Truck Plaza ( 76 ),
"E Oakland , 94621 SF / Oakland Auto / Truck Plaza ( 76 )",510-569-1624 I-880 Ex 37 ( E to 8255 San Leandro S ),),Oakland,94621,SF / Oakland Auto / Truck Plaza ( 76 ),510-569-1624,2008,Oakland,CA,,( E to 8255 San Leandro S ),I-880 Ex 37 ,Exit,37,False,,False,I-880,,,,,"[283, 742]","[283, 742]","[176, 177, 283, 647, 648, 742]","[283, 396, 742, 846]","[103, 104, 105, 106, 107, 108, 109, 110, 111, 112, 113, 114, 115, 116, 117, 118, 119, 120, 121, 122, 123, 124, 125, 126, 127, 128, 129, 130, 131, 132, 133, 134, 135, 136, 137, 138, 139, 140, 141, 142, 143, 144, 145, 146, 147, 148, 149, 150, 151, 152, 153, 154, 155, 156, 157, 158, 159, 160, 161, 162, 163, 164, 165, 166, 167, 168, 169, 170, 171, 172, 173, 174, 175, 176, 177, 178, 179, 180, 181, 182, 183, 184, 185, 186, 187, 188, 189, 190, 191, 192, 193, 194, 195, 196, 197, 198, 199, 200, 201, 202, 203, 204, 205, 206, 207, 208, 209, 210, 211, 212, 213, 214, 215, 216, 217, 218, 219, 220, 221, 222, 223, 224, 225, 226, 227, 228, 229, 230, 231, 232, 233, 234, 235, 236, 237, 238, 239, 240, 241, 242, 243, 244, 245, 246, 247, 248, 249, 250, 251, 252, 253, 254, 255, 256, 257, 258, 259, 260, 261, 262, 263, 264, 265, 266, 267, 268, 269, 270, 271, 272, 273, 274, 275, 276, 277, 278, 279, 280, 281, 282, 283, 284, 285, 286, 287, 288, 289, 290, 291, 292, 293, 294, 295, 296, 297, 298, 299, 300, 301, 302, 303, 304, 305, 306, 307, 308, 309, 310, 311, 312, 313, 314, 315, 316, 317, 318, 319, 320, 321, 322, 323, 324, 325, 326, 327, 328, 329, 330, 331, 332, 333, 334, 335, 336, 337, 574, 575, 576, 577, 578, 579, 580, 581, 582, 583, 584, 585, 586, 587, 588, 589, 590, 591, 592, 593, 594, 595, 596, 597, 598, 599, 600, 601, 602, 603, 604, 605, 606, 607, 608, 609, 610, 611, 612, 613, 614, 615, 616, 617, 618, 619, 620, 621, 622, 623, 624, 625, 626, 627, 628, 629, 630, 631, 632, 633, 634, 635, 636, 637, 638, 639, 640, 641, 642, 643, 644, 645, 646, 647, 648, 649, 650, 651, 652, 653, 654, 655, 656, 657, 658, 659, 660, 661, 662, 663, 664, 665, 666, 667, 668, 669, 670, 671, 672, 673, 674, 675, 676, 677, 678, 679, 680, 681, 682, 683, 684, 685, 686, 687, 688, 689, 690, 691, 692, 693, 694, 695, 696, 697, 698, 699, 700, 701, 702, 703, 704, 705, 706, 707, 708, 709, 710, 711, 712, 713, 714, 715, 716, 717, 718, 719, 720, 721, 722, 723, 724, 725, 726, 727, 728, 729, 730, 731, 732, 733, 734, 735, 736, 737, 738, 739, 740, 741, 742, 743, 744, 745, 746, 747, 748, 749, 750, 751, 752, 753, 754, 755, 756, 757, 758, 759, 760, 761, 762, 763, 764, 765, 766, 767, 768, 769, 770, 771, 772, 773, 774, 775, 776, 777, 778, 779, 780, 781, 782, 783, 784, 785, 786, 787, 788, 789, 790, 791, 792, 793]","[175, 283, 646, 742]",[],"[84, 87, 89, 114, 115, 117, 124, 132, 135, 144, 152, 178, 239, 268, 281, 283, 297, 318, 320, 327, 348, 394, 555, 558, 560, 585, 586, 588, 595, 603, 606, 615, 623, 649, 703, 727, 740, 742, 756, 776, 778, 785, 803, 844]","[84, 87, 89, 103, 104, 105, 106, 107, 108, 109, 110, 111, 112, 113, 114, 115, 116, 117, 118, 119, 120, 121, 122, 123, 124, 125, 126, 127, 128, 129, 130, 131, 132, 133, 134, 135, 136, 137, 138, 139, 140, 141, 142, 143, 144, 145, 146, 147, 148, 149, 150, 151, 152, 153, 154, 155, 156, 157, 158, 159, 160, 161, 162, 163, 164, 165, 166, 167, 168, 169, 170, 171, 172, 173, 174, 175, 176, 177, 178, 179, 180, 181, 182, 183, 184, 185, 186, 187, 188, 189, 190, 191, 192, 193, 194, 195, 196, 197, 198, 199, 200, 201, 202, 203, 204, 205, 206, 207, 208, 209, 210, 211, 212, 213, 214, 215, 216, 217, 218, 219, 220, 221, 222, 223, 224, 225, 226, 227, 228, 229, 230, 231, 232, 233, 234, 235, 236, 237, 238, 239, 240, 241, 242, 243, 244, 245, 246, 247, 248, 249, 250, 251, 252, 253, 254, 255, 256, 257, 258, 259, 260, 261, 262, 263, 264, 265, 266, 267, 268, 269, 270, 271, 272, 273, 274, 275, 276, 277, 278, 279, 280, 281, 282, 283, 284, 285, 286, 287, 288, 289, 290, 291, 292, 293, 294, 295, 296, 297, 298, 299, 300, 301, 302, 303, 304, 305, 306, 307, 308, 309, 310, 311, 312, 313, 314, 315, 316, 317, 318, 319, 320, 321, 322, 323, 324, 325, 326, 327, 328, 329, 330, 331, 332, 333, 334, 335, 336, 337, 348, 394, 396, 555, 558, 560, 574, 575, 576, 577, 578, 579, 580, 581, 582, 583, 584, 585, 586, 587, 588, 589, 590, 591, 592, 593, 594, 595, 596, 597, 598, 599, 600, 601, 602, 603, 604, 605, 606, 607, 608, 609, 610, 611, 612, 613, 614, 615, 616, 617, 618, 619, 620, 621, 622, 623, 624, 625, 626, 627, 628, 629, 630, 631, 632, 633, 634, 635, 636, 637, 638, 639, 640, 641, 642, 643, 644, 645, 646, 647, 648, 649, 650, 651, 652, 653, 654, 655, 656, 657, 658, 659, 660, 661, 662, 663, 664, 665, 666, 667, 668, 669, 670, 671, 672, 673, 674, 675, 676, 677, 678, 679, 680, 681, 682, 683, 684, 685, 686, 687, 688, 689, 690, 691, 692, 693, 694, 695, 696, 697, 698, 699, 700, 701, 702, 703, 704, 705, 706, 707, 708, 709, 710, 711, 712, 713, 714, 715, 716, 717, 718, 719, 720, 721, 722, 723, 724, 725, 726, 727, 728, 729, 730, 731, 732, 733, 734, 735, 736, 737, 738, 739, 740, 741, 742, 743, 744, 745, 746, 747, 748, 749, 750, 751, 752, 753, 754, 755, 756, 757, 758, 759, 760, 761, 762, 763, 764, 765, 766, 767, 768, 769, 770, 771, 772, 773, 774, 775, 776, 777, 778, 779, 780, 781, 782, 783, 784, 785, 786, 787, 788, 789, 790, 791, 792, 793, 803, 844, 846]",True,"[283, 742]","[103, 104, 105, 106, 107, 108, 109, 110, 111, 112, 113, 114, 115, 116, 117, 118, 119, 120, 121, 122, 123, 124, 125, 126, 127, 128, 129, 130, 131, 132, 133, 134, 135, 136, 137, 138, 139, 140, 141, 142, 143, 144, 145, 146, 147, 148, 149, 150, 151, 152, 153, 154, 155, 156, 157, 158, 159, 160, 161, 162, 163, 164, 165, 166, 167, 168, 169, 170, 171, 172, 173, 174, 175, 176, 177, 178, 179, 180, 181, 182, 183, 184, 185, 186, 187, 188, 189, 190, 191, 192, 193, 194, 195, 196, 197, 198, 199, 200, 201, 202, 203, 204, 205, 206, 207, 208, 209, 210, 211, 212, 213, 214, 215, 216, 217, 218, 219, 220, 221, 222, 223, 224, 225, 226, 227, 228, 229, 230, 231, 232, 233, 234, 235, 236, 237, 238, 239, 240, 241, 242, 243, 244, 245, 246, 247, 248, 249, 250, 251, 252, 253, 254, 255, 256, 257, 258, 259, 260, 261, 262, 263, 264, 265, 266, 267, 268, 269, 270, 271, 272, 273, 274, 275, 276, 277, 278, 279, 280, 281, 282, 283, 284, 285, 286, 287, 288, 289, 290, 291, 292, 293, 294, 295, 296, 297, 298, 299, 300, 301, 302, 303, 304, 305, 306, 307, 308, 309, 310, 311, 312, 313, 314, 315, 316, 317, 318, 319, 320, 321, 322, 323, 324, 325, 326, 327, 328, 329, 330, 331, 332, 333, 334, 335, 336, 337, 574, 575, 576, 577, 578, 579, 580, 581, 582, 583, 584, 585, 586, 587, 588, 589, 590, 591, 592, 593, 594, 595, 596, 597, 598, 599, 600, 601, 602, 603, 604, 605, 606, 607, 608, 609, 610, 611, 612, 613, 614, 615, 616, 617, 618, 619, 620, 621, 622, 623, 624, 625, 626, 627, 628, 629, 630, 631, 632, 633, 634, 635, 636, 637, 638, 639, 640, 641, 642, 643, 644, 645, 646, 647, 648, 649, 650, 651, 652, 653, 654, 655, 656, 657, 658, 659, 660, 661, 662, 663, 664, 665, 666, 667, 668, 669, 670, 671, 672, 673, 674, 675, 676, 677, 678, 679, 680, 681, 682, 683, 684, 685, 686, 687, 688, 689, 690, 691, 692, 693, 694, 695, 696, 697, 698, 699, 700, 701, 702, 703, 704, 705, 706, 707, 708, 709, 710, 711, 712, 713, 714, 715, 716, 717, 718, 719, 720, 721, 722, 723, 724, 725, 726, 727, 728, 729, 730, 731, 732, 733, 734, 735, 736, 737, 738, 739, 740, 741, 742, 743, 744, 745, 746, 747, 748, 749, 750, 751, 752, 753, 754, 755, 756, 757, 758, 759, 760, 761, 762, 763, 764, 765, 766, 767, 768, 769, 770, 771, 772, 773, 774, 775, 776, 777, 778, 779, 780, 781, 782, 783, 784, 785, 786, 787, 788, 789, 790, 791, 792, 793]","[176, 177, 283, 647, 648, 742]","[283, 396, 742, 846]","[175, 283, 646, 742]","[84, 87, 89, 114, 115, 117, 124, 132, 135, 144, 152, 178, 239, 268, 281, 283, 297, 318, 320, 327, 348, 394, 555, 558, 560, 585, 586, 588, 595, 603, 606, 615, 623, 649, 703, 727, 740, 742, 756, 776, 778, 785, 803, 844]",[],7/6 successful match,True,[47],True,342,False,,1.0,True,SF / Oakland Auto / Truck Plaza ( 76 ),
E Oakland ( 94621 ) SF / Oakland Auto / Truck Plaza,"510-569-1624 I-880 X 37 ( Herberger N , San Leandro S )",S ) <U+2610> <U+25A1>,Oakland,94621,SF / Oakland Auto / Truck Plaza,510-569-1624,2014,Oakland,CA,,"( Herberger N , San Leandro S )",I-880 X 37 ,Exit,37,False,,False,I-880,,,,,"[283, 742]","[283, 742]","[176, 177, 283, 647, 648, 742]","[283, 396, 742, 846]","[103, 104, 105, 106, 107, 108, 109, 110, 111, 112, 113, 114, 115, 116, 117, 118, 119, 120, 121, 122, 123, 124, 125, 126, 127, 128, 129, 130, 131, 132, 133, 134, 135, 136, 137, 138, 139, 140, 141, 142, 143, 144, 145, 146, 147, 148, 149, 150, 151, 152, 153, 154, 155, 156, 157, 158, 159, 160, 161, 162, 163, 164, 165, 166, 167, 168, 169, 170, 171, 172, 173, 174, 175, 176, 177, 178, 179, 180, 181, 182, 183, 184, 185, 186, 187, 188, 189, 190, 191, 192, 193, 194, 195, 196, 197, 198, 199, 200, 201, 202, 203, 204, 205, 206, 207, 208, 209, 210, 211, 212, 213, 214, 215, 216, 217, 218, 219, 220, 221, 222, 223, 224, 225, 226, 227, 228, 229, 230, 231, 232, 233, 234, 235, 236, 237, 238, 239, 240, 241, 242, 243, 244, 245, 246, 247, 248, 249, 250, 251, 252, 253, 254, 255, 256, 257, 258, 259, 260, 261, 262, 263, 264, 265, 266, 267, 268, 269, 270, 271, 272, 273, 274, 275, 276, 277, 278, 279, 280, 281, 282, 283, 284, 285, 286, 287, 288, 289, 290, 291, 292, 293, 294, 295, 296, 297, 298, 299, 300, 301, 302, 303, 304, 305, 306, 307, 308, 309, 310, 311, 312, 313, 314, 315, 316, 317, 318, 319, 320, 321, 322, 323, 324, 325, 326, 327, 328, 329, 330, 331, 332, 333, 334, 335, 336, 337, 574, 575, 576, 577, 578, 579, 580, 581, 582, 583, 584, 585, 586, 587, 588, 589, 590, 591, 592, 593, 594, 595, 596, 597, 598, 599, 600, 601, 602, 603, 604, 605, 606, 607, 608, 609, 610, 611, 612, 613, 614, 615, 616, 617, 618, 619, 620, 621, 622, 623, 624, 625, 626, 627, 628, 629, 630, 631, 632, 633, 634, 635, 636, 637, 638, 639, 640, 641, 642, 643, 644, 645, 646, 647, 648, 649, 650, 651, 652, 653, 654, 655, 656, 657, 658, 659, 660, 661, 662, 663, 664, 665, 666, 667, 668, 669, 670, 671, 672, 673, 674, 675, 676, 677, 678, 679, 680, 681, 682, 683, 684, 685, 686, 687, 688, 689, 690, 691, 692, 693, 694, 695, 696, 697, 698, 699, 700, 701, 702, 703, 704, 705, 706, 707, 708, 709, 710, 711, 712, 713, 714, 715, 716, 717, 718, 719, 720, 721, 722, 723, 724, 725, 726, 727, 728, 729, 730, 731, 732, 733, 734, 735, 736, 737, 738, 739, 740, 741, 742, 743, 744, 745, 746, 747, 748, 749, 750, 751, 752, 753, 754, 755, 756, 757, 758, 759, 760, 761, 762, 763, 764, 765, 766, 767, 768, 769, 770, 771, 772, 773, 774, 775, 776, 777, 778, 779, 780, 781, 782, 783, 784, 785, 786, 787, 788, 789, 790, 791, 792, 793]","[175, 283, 646, 742]",[],"[283, 742]","[103, 104, 105, 106, 107, 108, 109, 110, 111, 112, 113, 114, 115, 116, 117, 118, 119, 120, 121, 122, 123, 124, 125, 126, 127, 128, 129, 130, 131, 132, 133, 134, 135, 136, 137, 138, 139, 140, 141, 142, 143, 144, 145, 146, 147, 148, 149, 150, 151, 152, 153, 154, 155, 156, 157, 158, 159, 160, 161, 162, 163, 164, 165, 166, 167, 168, 169, 170, 171, 172, 173, 174, 175, 176, 177, 178, 179, 180, 181, 182, 183, 184, 185, 186, 187, 188, 189, 190, 191, 192, 193, 194, 195, 196, 197, 198, 199, 200, 201, 202, 203, 204, 205, 206, 207, 208, 209, 210, 211, 212, 213, 214, 215, 216, 217, 218, 219, 220, 221, 222, 223, 224, 225, 226, 227, 228, 229, 230, 231, 232, 233, 234, 235, 236, 237, 238, 239, 240, 241, 242, 243, 244, 245, 246, 247, 248, 249, 250, 251, 252, 253, 254, 255, 256, 257, 258, 259, 260, 261, 262, 263, 264, 265, 266, 267, 268, 269, 270, 271, 272, 273, 274, 275, 276, 277, 278, 279, 280, 281, 282, 283, 284, 285, 286, 287, 288, 289, 290, 291, 292, 293, 294, 295, 296, 297, 298, 299, 300, 301, 302, 303, 304, 305, 306, 307, 308, 309, 310, 311, 312, 313, 314, 315, 316, 317, 318, 319, 320, 321, 322, 323, 324, 325, 326, 327, 328, 329, 330, 331, 332, 333, 334, 335, 336, 337, 396, 574, 575, 576, 577, 578, 579, 580, 581, 582, 583, 584, 585, 586, 587, 588, 589, 590, 591, 592, 593, 594, 595, 596, 597, 598, 599, 600, 601, 602, 603, 604, 605, 606, 607, 608, 609, 610, 611, 612, 613, 614, 615, 616, 617, 618, 619, 620, 621, 622, 623, 624, 625, 626, 627, 628, 629, 630, 631, 632, 633, 634, 635, 636, 637, 638, 639, 640, 641, 642, 643, 644, 645, 646, 647, 648, 649, 650, 651, 652, 653, 654, 655, 656, 657, 658, 659, 660, 661, 662, 663, 664, 665, 666, 667, 668, 669, 670, 671, 672, 673, 674, 675, 676, 677, 678, 679, 680, 681, 682, 683, 684, 685, 686, 687, 688, 689, 690, 691, 692, 693, 694, 695, 696, 697, 698, 699, 700, 701, 702, 703, 704, 705, 706, 707, 708, 709, 710, 711, 712, 713, 714, 715, 716, 717, 718, 719, 720, 721, 722, 723, 724, 725, 726, 727, 728, 729, 730, 731, 732, 733, 734, 735, 736, 737, 738, 739, 740, 741, 742, 743, 744, 745, 746, 747, 748, 749, 750, 751, 752, 753, 754, 755, 756, 757, 758, 759, 760, 761, 762, 763, 764, 765, 766, 767, 768, 769, 770, 771, 772, 773, 774, 775, 776, 777, 778, 779, 780, 781, 782, 783, 784, 785, 786, 787, 788, 789, 790, 791, 792, 793, 846]",True,"[283, 742]","[103, 104, 105, 106, 107, 108, 109, 110, 111, 112, 113, 114, 115, 116, 117, 118, 119, 120, 121, 122, 123, 124, 125, 126, 127, 128, 129, 130, 131, 132, 133, 134, 135, 136, 137, 138, 139, 140, 141, 142, 143, 144, 145, 146, 147, 148, 149, 150, 151, 152, 153, 154, 155, 156, 157, 158, 159, 160, 161, 162, 163, 164, 165, 166, 167, 168, 169, 170, 171, 172, 173, 174, 175, 176, 177, 178, 179, 180, 181, 182, 183, 184, 185, 186, 187, 188, 189, 190, 191, 192, 193, 194, 195, 196, 197, 198, 199, 200, 201, 202, 203, 204, 205, 206, 207, 208, 209, 210, 211, 212, 213, 214, 215, 216, 217, 218, 219, 220, 221, 222, 223, 224, 225, 226, 227, 228, 229, 230, 231, 232, 233, 234, 235, 236, 237, 238, 239, 240, 241, 242, 243, 244, 245, 246, 247, 248, 249, 250, 251, 252, 253, 254, 255, 256, 257, 258, 259, 260, 261, 262, 263, 264, 265, 266, 267, 268, 269, 270, 271, 272, 273, 274, 275, 276, 277, 278, 279, 280, 281, 282, 283, 284, 285, 286, 287, 288, 289, 290, 291, 292, 293, 294, 295, 296, 297, 298, 299, 300, 301, 302, 303, 304, 305, 306, 307, 308, 309, 310, 311, 312, 313, 314, 315, 316, 317, 318, 319, 320, 321, 322, 323, 324, 325, 326, 327, 328, 329, 330, 331, 332, 333, 334, 335, 336, 337, 574, 575, 576, 577, 578, 579, 580, 581, 582, 583, 584, 585, 586, 587, 588, 589, 590, 591, 592, 593, 594, 595, 596, 597, 598, 599, 600, 601, 602, 603, 604, 605, 606, 607, 608, 609, 610, 611, 612, 613, 614, 615, 616, 617, 618, 619, 620, 621, 622, 623, 624, 625, 626, 627, 628, 629, 630, 631, 632, 633, 634, 635, 636, 637, 638, 639, 640, 641, 642, 643, 644, 645, 646, 647, 648, 649, 650, 651, 652, 653, 654, 655, 656, 657, 658, 659, 660, 661, 662, 663, 664, 665, 666, 667, 668, 669, 670, 671, 672, 673, 674, 675, 676, 677, 678, 679, 680, 681, 682, 683, 684, 685, 686, 687, 688, 689, 690, 691, 692, 693, 694, 695, 696, 697, 698, 699, 700, 701, 702, 703, 704, 705, 706, 707, 708, 709, 710, 711, 712, 713, 714, 715, 716, 717, 718, 719, 720, 721, 722, 723, 724, 725, 726, 727, 728, 729, 730, 731, 732, 733, 734, 735, 736, 737, 738, 739, 740, 741, 742, 743, 744, 745, 746, 747, 748, 749, 750, 751, 752, 753, 754, 755, 756, 757, 758, 759, 760, 761, 762, 763, 764, 765, 766, 767, 768, 769, 770, 771, 772, 773, 774, 775, 776, 777, 778, 779, 780, 781, 782, 783, 784, 785, 786, 787, 788, 789, 790, 791, 792, 793]","[176, 177, 283, 647, 648, 742]","[283, 396, 742, 846]","[175, 283, 646, 742]","[283, 742]",[],7/6 successful match,True,[47],True,342,False,,1.0,True,SF / Oakland Auto / Truck Plaza ( 76 ),
Oakland ( 94621 ) SF / Oakland Auto / Truck Plaza,"510-569-1624 I-880 X 37 ( Herberger N ,",S ) <U+2610>,Oakland,94621,SF / Oakland Auto / Truck Plaza,510-569-1624,2015,Oakland,CA,,"( Herberger N ,",I-880 X 37 ,Exit,37,False,,False,I-880,,,,,"[283, 742]","[283, 742]","[176, 177, 283, 647, 648, 742]","[283, 396, 742, 846]","[103, 104, 105, 106, 107, 108, 109, 110, 111, 112, 113, 114, 115, 116, 117, 118, 119, 120, 121, 122, 123, 124, 125, 126, 127, 128, 129, 130, 131, 132, 133, 134, 135, 136, 137, 138, 139, 140, 141, 142, 143, 144, 145, 146, 147, 148, 149, 150, 151, 152, 153, 154, 155, 156, 157, 158, 159, 160, 161, 162, 163, 164, 165, 166, 167, 168, 169, 170, 171, 172, 173, 174, 175, 176, 177, 178, 179, 180, 181, 182, 183, 184, 185, 186, 187, 188, 189, 190, 191, 192, 193, 194, 195, 196, 197, 198, 199, 200, 201, 202, 203, 204, 205, 206, 207, 208, 209, 210, 211, 212, 213, 214, 215, 216, 217, 218, 219, 220, 221, 222, 223, 224, 225, 226, 227, 228, 229, 230, 231, 232, 233, 234, 235, 236, 237, 238, 239, 240, 241, 242, 243, 244, 245, 246, 247, 248, 249, 250, 251, 252, 253, 254, 255, 256, 257, 258, 259, 260, 261, 262, 263, 264, 265, 266, 267, 268, 269, 270, 271, 272, 273, 274, 275, 276, 277, 278, 279, 280, 281, 282, 283, 284, 285, 286, 287, 288, 289, 290, 291, 292, 293, 294, 295, 296, 297, 298, 299, 300, 301, 302, 303, 304, 305, 306, 307, 308, 309, 310, 311, 312, 313, 314, 315, 316, 317, 318, 319, 320, 321, 322, 323, 324, 325, 326, 327, 328, 329, 330, 331, 332, 333, 334, 335, 336, 337, 574, 575, 576, 577, 578, 579, 580, 581, 582, 583, 584, 585, 586, 587, 588, 589, 590, 591, 592, 593, 594, 595, 596, 597, 598, 599, 600, 601, 602, 603, 604, 605, 606, 607, 608, 609, 610, 611, 612, 613, 614, 615, 616, 617, 618, 619, 620, 621, 622, 623, 624, 625, 626, 627, 628, 629, 630, 631, 632, 633, 634, 635, 636, 637, 638, 639, 640, 641, 642, 643, 644, 645, 646, 647, 648, 649, 650, 651, 652, 653, 654, 655, 656, 657, 658, 659, 660, 661, 662, 663, 664, 665, 666, 667, 668, 669, 670, 671, 672, 673, 674, 675, 676, 677, 678, 679, 680, 681, 682, 683, 684, 685, 686, 687, 688, 689, 690, 691, 692, 693, 694, 695, 696, 697, 698, 699, 700, 701, 702, 703, 704, 705, 706, 707, 708, 709, 710, 711, 712, 713, 714, 715, 716, 717, 718, 719, 720, 721, 722, 723, 724, 725, 726, 727, 728, 729, 730, 731, 732, 733, 734, 735, 736, 737, 738, 739, 740, 741, 742, 743, 744, 745, 746, 747, 748, 749, 750, 751, 752, 753, 754, 755, 756, 757, 758, 759, 760, 761, 762, 763, 764, 765, 766, 767, 768, 769, 770, 771, 772, 773, 774, 775, 776, 777, 778, 779, 780, 781, 782, 783, 784, 785, 786, 787, 788, 789, 790, 791, 792, 793]","[175, 283, 646, 742]",[],"[283, 742]","[103, 104, 105, 106, 107, 108, 109, 110, 111, 112, 113, 114, 115, 116, 117, 118, 119, 120, 121, 122, 123, 124, 125, 126, 127, 128, 129, 130, 131, 132, 133, 134, 135, 136, 137, 138, 139, 140, 141, 142, 143, 144, 145, 146, 147, 148, 149, 150, 151, 152, 153, 154, 155, 156, 157, 158, 159, 160, 161, 162, 163, 164, 165, 166, 167, 168, 169, 170, 171, 172, 173, 174, 175, 176, 177, 178, 179, 180, 181, 182, 183, 184, 185, 186, 187, 188, 189, 190, 191, 192, 193, 194, 195, 196, 197, 198, 199, 200, 201, 202, 203, 204, 205, 206, 207, 208, 209, 210, 211, 212, 213, 214, 215, 216, 217, 218, 219, 220, 221, 222, 223, 224, 225, 226, 227, 228, 229, 230, 231, 232, 233, 234, 235, 236, 237, 238, 239, 240, 241, 242, 243, 244, 245, 246, 247, 248, 249, 250, 251, 252, 253, 254, 255, 256, 257, 258, 259, 260, 261, 262, 263, 264, 265, 266, 267, 268, 269, 270, 271, 272, 273, 274, 275, 276, 277, 278, 279, 280, 281, 282, 283, 284, 285, 286, 287, 288, 289, 290, 291, 292, 293, 294, 295, 296, 297, 298, 299, 300, 301, 302, 303, 304, 305, 306, 307, 308, 309, 310, 311, 312, 313, 314, 315, 316, 317, 318, 319, 320, 321, 322, 323, 324, 325, 326, 327, 328, 329, 330, 331, 332, 333, 334, 335, 336, 337, 396, 574, 575, 576, 577, 578, 579, 580, 581, 582, 583, 584, 585, 586, 587, 588, 589, 590, 591, 592, 593, 594, 595, 596, 597, 598, 599, 600, 601, 602, 603, 604, 605, 606, 607, 608, 609, 610, 611, 612, 613, 614, 615, 616, 617, 618, 619, 620, 621, 622, 623, 624, 625, 626, 627, 628, 629, 630, 631, 632, 633, 634, 635, 636, 637, 638, 639, 640, 641, 642, 643, 644, 645, 646, 647, 648, 649, 650, 651, 652, 653, 654, 655, 656, 657, 658, 659, 660, 661, 662, 663, 664, 665, 666, 667, 668, 669, 670, 671, 672, 673, 674, 675, 676, 677, 678, 679, 680, 681, 682, 683, 684, 685, 686, 687, 688, 689, 690, 691, 692, 693, 694, 695, 696, 697, 698, 699, 700, 701, 702, 703, 704, 705, 706, 707, 708, 709, 710, 711, 712, 713, 714, 715, 716, 717, 718, 719, 720, 721, 722, 723, 724, 725, 726, 727, 728, 729, 730, 731, 732, 733, 734, 735, 736, 737, 738, 739, 740, 741, 742, 743, 744, 745, 746, 747, 748, 749, 750, 751, 752, 753, 754, 755, 756, 757, 758, 759, 760, 761, 762, 763, 764, 765, 766, 767, 768, 769, 770, 771, 772, 773, 774, 775, 776, 777, 778, 779, 780, 781, 782, 783, 784, 785, 786, 787, 788, 789, 790, 791, 792, 793, 846]",True,"[283, 742]","[103, 104, 105, 106, 107, 108, 109, 110, 111, 112, 113, 114, 115, 116, 117, 118, 119, 120, 121, 122, 123, 124, 125, 126, 127, 128, 129, 130, 131, 132, 133, 134, 135, 136, 137, 138, 139, 140, 141, 142, 143, 144, 145, 146, 147, 148, 149, 150, 151, 152, 153, 154, 155, 156, 157, 158, 159, 160, 161, 162, 163, 164, 165, 166, 167, 168, 169, 170, 171, 172, 173, 174, 175, 176, 177, 178, 179, 180, 181, 182, 183, 184, 185, 186, 187, 188, 189, 190, 191, 192, 193, 194, 195, 196, 197, 198, 199, 200, 201, 202, 203, 204, 205, 206, 207, 208, 209, 210, 211, 212, 213, 214, 215, 216, 217, 218, 219, 220, 221, 222, 223, 224, 225, 226, 227, 228, 229, 230, 231, 232, 233, 234, 235, 236, 237, 238, 239, 240, 241, 242, 243, 244, 245, 246, 247, 248, 249, 250, 251, 252, 253, 254, 255, 256, 257, 258, 259, 260, 261, 262, 263, 264, 265, 266, 267, 268, 269, 270, 271, 272, 273, 274, 275, 276, 277, 278, 279, 280, 281, 282, 283, 284, 285, 286, 287, 288, 289, 290, 291, 292, 293, 294, 295, 296, 297, 298, 299, 300, 301, 302, 303, 304, 305, 306, 307, 308, 309, 310, 311, 312, 313, 314, 315, 316, 317, 318, 319, 320, 321, 322, 323, 324, 325, 326, 327, 328, 329, 330, 331, 332, 333, 334, 335, 336, 337, 574, 575, 576, 577, 578, 579, 580, 581, 582, 583, 584, 585, 586, 587, 588, 589, 590, 591, 592, 593, 594, 595, 596, 597, 598, 599, 600, 601, 602, 603, 604, 605, 606, 607, 608, 609, 610, 611, 612, 613, 614, 615, 616, 617, 618, 619, 620, 621, 622, 623, 624, 625, 626, 627, 628, 629, 630, 631, 632, 633, 634, 635, 636, 637, 638, 639, 640, 641, 642, 643, 644, 645, 646, 647, 648, 649, 650, 651, 652, 653, 654, 655, 656, 657, 658, 659, 660, 661, 662, 663, 664, 665, 666, 667, 668, 669, 670, 671, 672, 673, 674, 675, 676, 677, 678, 679, 680, 681, 682, 683, 684, 685, 686, 687, 688, 689, 690, 691, 692, 693, 694, 695, 696, 697, 698, 699, 700, 701, 702, 703, 704, 705, 706, 707, 708, 709, 710, 711, 712, 713, 714, 715, 716, 717, 718, 719, 720, 721, 722, 723, 724, 725, 726, 727, 728, 729, 730, 731, 732, 733, 734, 735, 736, 737, 738, 739, 740, 741, 742, 743, 744, 745, 746, 747, 748, 749, 750, 751, 752, 753, 754, 755, 756, 757, 758, 759, 760, 761, 762, 763, 764, 765, 766, 767, 768, 769, 770, 771, 772, 773, 774, 775, 776, 777, 778, 779, 780, 781, 782, 783, 784, 785, 786, 787, 788, 789, 790, 791, 792, 793]","[176, 177, 283, 647, 648, 742]","[283, 396, 742, 846]","[175, 283, 646, 742]","[283, 742]",[],7/6 successful match,True,[47],True,342,False,,1.0,True,SF / Oakland Auto / Truck Plaza,
Oakland ( 94621 ) SF / Oakland Auto / Truck Plaza,"510-569-1624 I-880 X 37 ( Herberger N , San Leandro S",<U+2610>,Oakland,94621,SF / Oakland Auto / Truck Plaza,510-569-1624,2016,Oakland,CA,,"( Herberger N , San Leandro S",I-880 X 37 ,Exit,37,False,,False,I-880,,,,,"[283, 742]","[283, 742]","[176, 177, 283, 647, 648, 742]","[283, 396, 742, 846]","[103, 104, 105, 106, 107, 108, 109, 110, 111, 112, 113, 114, 115, 116, 117, 118, 119, 120, 121, 122, 123, 124, 125, 126, 127, 128, 129, 130, 131, 132, 133, 134, 135, 136, 137, 138, 139, 140, 141, 142, 143, 144, 145, 146, 147, 148, 149, 150, 151, 152, 153, 154, 155, 156, 157, 158, 159, 160, 161, 162, 163, 164, 165, 166, 167, 168, 169, 170, 171, 172, 173, 174, 175, 176, 177, 178, 179, 180, 181, 182, 183, 184, 185, 186, 187, 188, 189, 190, 191, 192, 193, 194, 195, 196, 197, 198, 199, 200, 201, 202, 203, 204, 205, 206, 207, 208, 209, 210, 211, 212, 213, 214, 215, 216, 217, 218, 219, 220, 221, 222, 223, 224, 225, 226, 227, 228, 229, 230, 231, 232, 233, 234, 235, 236, 237, 238, 239, 240, 241, 242, 243, 244, 245, 246, 247, 248, 249, 250, 251, 252, 253, 254, 255, 256, 257, 258, 259, 260, 261, 262, 263, 264, 265, 266, 267, 268, 269, 270, 271, 272, 273, 274, 275, 276, 277, 278, 279, 280, 281, 282, 283, 284, 285, 286, 287, 288, 289, 290, 291, 292, 293, 294, 295, 296, 297, 298, 299, 300, 301, 302, 303, 304, 305, 306, 307, 308, 309, 310, 311, 312, 313, 314, 315, 316, 317, 318, 319, 320, 321, 322, 323, 324, 325, 326, 327, 328, 329, 330, 331, 332, 333, 334, 335, 336, 337, 574, 575, 576, 577, 578, 579, 580, 581, 582, 583, 584, 585, 586, 587, 588, 589, 590, 591, 592, 593, 594, 595, 596, 597, 598, 599, 600, 601, 602, 603, 604, 605, 606, 607, 608, 609, 610, 611, 612, 613, 614, 615, 616, 617, 618, 619, 620, 621, 622, 623, 624, 625, 626, 627, 628, 629, 630, 631, 632, 633, 634, 635, 636, 637, 638, 639, 640, 641, 642, 643, 644, 645, 646, 647, 648, 649, 650, 651, 652, 653, 654, 655, 656, 657, 658, 659, 660, 661, 662, 663, 664, 665, 666, 667, 668, 669, 670, 671, 672, 673, 674, 675, 676, 677, 678, 679, 680, 681, 682, 683, 684, 685, 686, 687, 688, 689, 690, 691, 692, 693, 694, 695, 696, 697, 698, 699, 700, 701, 702, 703, 704, 705, 706, 707, 708, 709, 710, 711, 712, 713, 714, 715, 716, 717, 718, 719, 720, 721, 722, 723, 724, 725, 726, 727, 728, 729, 730, 731, 732, 733, 734, 735, 736, 737, 738, 739, 740, 741, 742, 743, 744, 745, 746, 747, 748, 749, 750, 751, 752, 753, 754, 755, 756, 757, 758, 759, 760, 761, 762, 763, 764, 765, 766, 767, 768, 769, 770, 771, 772, 773, 774, 775, 776, 777, 778, 779, 780, 781, 782, 783, 784, 785, 786, 787, 788, 789, 790, 791, 792, 793]","[175, 283, 646, 742]",[],"[283, 742]","[103, 104, 105, 106, 107, 108, 109, 110, 111, 112, 113, 114, 115, 116, 117, 118, 119, 120, 121, 122, 123, 124, 125, 126, 127, 128, 129, 130, 131, 132, 133, 134, 135, 136, 137, 138, 139, 140, 141, 142, 143, 144, 145, 146, 147, 148, 149, 150, 151, 152, 153, 154, 155, 156, 157, 158, 159, 160, 161, 162, 163, 164, 165, 166, 167, 168, 169, 170, 171, 172, 173, 174, 175, 176, 177, 178, 179, 180, 181, 182, 183, 184, 185, 186, 187, 188, 189, 190, 191, 192, 193, 194, 195, 196, 197, 198, 199, 200, 201, 202, 203, 204, 205, 206, 207, 208, 209, 210, 211, 212, 213, 214, 215, 216, 217, 218, 219, 220, 221, 222, 223, 224, 225, 226, 227, 228, 229, 230, 231, 232, 233, 234, 235, 236, 237, 238, 239, 240, 241, 242, 243, 244, 245, 246, 247, 248, 249, 250, 251, 252, 253, 254, 255, 256, 257, 258, 259, 260, 261, 262, 263, 264, 265, 266, 267, 268, 269, 270, 271, 272, 273, 274, 275, 276, 277, 278, 279, 280, 281, 282, 283, 284, 285, 286, 287, 288, 289, 290, 291, 292, 293, 294, 295, 296, 297, 298, 299, 300, 301, 302, 303, 304, 305, 306, 307, 308, 309, 310, 311, 312, 313, 314, 315, 316, 317, 318, 319, 320, 321, 322, 323, 324, 325, 326, 327, 328, 329, 330, 331, 332, 333, 334, 335, 336, 337, 396, 574, 575, 576, 577, 578, 579, 580, 581, 582, 583, 584, 585, 586, 587, 588, 589, 590, 591, 592, 593, 594, 595, 596, 597, 598, 599, 600, 601, 602, 603, 604, 605, 606, 607, 608, 609, 610, 611, 612, 613, 614, 615, 616, 617, 618, 619, 620, 621, 622, 623, 624, 625, 626, 627, 628, 629, 630, 631, 632, 633, 634, 635, 636, 637, 638, 639, 640, 641, 642, 643, 644, 645, 646, 647, 648, 649, 650, 651, 652, 653, 654, 655, 656, 657, 658, 659, 660, 661, 662, 663, 664, 665, 666, 667, 668, 669, 670, 671, 672, 673, 674, 675, 676, 677, 678, 679, 680, 681, 682, 683, 684, 685, 686, 687, 688, 689, 690, 691, 692, 693, 694, 695, 696, 697, 698, 699, 700, 701, 702, 703, 704, 705, 706, 707, 708, 709, 710, 711, 712, 713, 714, 715, 716, 717, 718, 719, 720, 721, 722, 723, 724, 725, 726, 727, 728, 729, 730, 731, 732, 733, 734, 735, 736, 737, 738, 739, 740, 741, 742, 743, 744, 745, 746, 747, 748, 749, 750, 751, 752, 753, 754, 755, 756, 757, 758, 759, 760, 761, 762, 763, 764, 765, 766, 767, 768, 769, 770, 771, 772, 773, 774, 775, 776, 777, 778, 779, 780, 781, 782, 783, 784, 785, 786, 787, 788, 789, 790, 791, 792, 793, 846]",True,"[283, 742]","[103, 104, 105, 106, 107, 108, 109, 110, 111, 112, 113, 114, 115, 116, 117, 118, 119, 120, 121, 122, 123, 124, 125, 126, 127, 128, 129, 130, 131, 132, 133, 134, 135, 136, 137, 138, 139, 140, 141, 142, 143, 144, 145, 146, 147, 148, 149, 150, 151, 152, 153, 154, 155, 156, 157, 158, 159, 160, 161, 162, 163, 164, 165, 166, 167, 168, 169, 170, 171, 172, 173, 174, 175, 176, 177, 178, 179, 180, 181, 182, 183, 184, 185, 186, 187, 188, 189, 190, 191, 192, 193, 194, 195, 196, 197, 198, 199, 200, 201, 202, 203, 204, 205, 206, 207, 208, 209, 210, 211, 212, 213, 214, 215, 216, 217, 218, 219, 220, 221, 222, 223, 224, 225, 226, 227, 228, 229, 230, 231, 232, 233, 234, 235, 236, 237, 238, 239, 240, 241, 242, 243, 244, 245, 246, 247, 248, 249, 250, 251, 252, 253, 254, 255, 256, 257, 258, 259, 260, 261, 262, 263, 264, 265, 266, 267, 268, 269, 270, 271, 272, 273, 274, 275, 276, 277, 278, 279, 280, 281, 282, 283, 284, 285, 286, 287, 288, 289, 290, 291, 292, 293, 294, 295, 296, 297, 298, 299, 300, 301, 302, 303, 304, 305, 306, 307, 308, 309, 310, 311, 312, 313, 314, 315, 316, 317, 318, 319, 320, 321, 322, 323, 324, 325, 326, 327, 328, 329, 330, 331, 332, 333, 334, 335, 336, 337, 574, 575, 576, 577, 578, 579, 580, 581, 582, 583, 584, 585, 586, 587, 588, 589, 590, 591, 592, 593, 594, 595, 596, 597, 598, 599, 600, 601, 602, 603, 604, 605, 606, 607, 608, 609, 610, 611, 612, 613, 614, 615, 616, 617, 618, 619, 620, 621, 622, 623, 624, 625, 626, 627, 628, 629, 630, 631, 632, 633, 634, 635, 636, 637, 638, 639, 640, 641, 642, 643, 644, 645, 646, 647, 648, 649, 650, 651, 652, 653, 654, 655, 656, 657, 658, 659, 660, 661, 662, 663, 664, 665, 666, 667, 668, 669, 670, 671, 672, 673, 674, 675, 676, 677, 678, 679, 680, 681, 682, 683, 684, 685, 686, 687, 688, 689, 690, 691, 692, 693, 694, 695, 696, 697, 698, 699, 700, 701, 702, 703, 704, 705, 706, 707, 708, 709, 710, 711, 712, 713, 714, 715, 716, 717, 718, 719, 720, 721, 722, 723, 724, 725, 726, 727, 728, 729, 730, 731, 732, 733, 734, 735, 736, 737, 738, 739, 740, 741, 742, 743, 744, 745, 746, 747, 748, 749, 750, 751, 752, 753, 754, 755, 756, 757, 758, 759, 760, 761, 762, 763, 764, 765, 766, 767, 768, 769, 770, 771, 772, 773, 774, 775, 776, 777, 778, 779, 780, 781, 782, 783, 784, 785, 786, 787, 788, 789, 790, 791, 792, 793]","[176, 177, 283, 647, 648, 742]","[283, 396, 742, 846]","[175, 283, 646, 742]","[283, 742]",[],7/6 successful match,True,[47],True,342,False,,1.0,True,SF / Oakland Auto / Truck Plaza,
"Gilroy , 95020 The Garlic Farm Center ( Shell )",408-847-5172 CA 101 S & Monterey Rd ( S of CA 152 ),) 24 24 <U+2610> XL <U+2610>,Gilroy,95020,The Garlic Farm Center ( Shell ),408-847-5172,2006,Gilroy,CA,Shell,( S of CA 152 ),CA 101 S & Monterey Rd,empty,,False,,False,CA 101,Monterey Rd,,,,[],"[274, 302, 733, 760]","[274, 302, 733, 760]",[],"[103, 104, 105, 106, 107, 108, 109, 110, 111, 112, 113, 114, 115, 116, 117, 118, 119, 120, 121, 122, 123, 124, 125, 126, 127, 128, 129, 130, 131, 132, 133, 134, 135, 136, 137, 138, 139, 140, 141, 142, 143, 144, 145, 146, 147, 148, 149, 150, 151, 152, 153, 154, 155, 156, 157, 158, 159, 160, 161, 162, 163, 164, 165, 166, 167, 168, 169, 170, 171, 172, 173, 174, 175, 176, 177, 178, 179, 180, 181, 182, 183, 184, 185, 186, 187, 188, 189, 190, 191, 192, 193, 194, 195, 196, 197, 198, 199, 200, 201, 202, 203, 204, 205, 206, 207, 208, 209, 210, 211, 212, 213, 214, 215, 216, 217, 218, 219, 220, 221, 222, 223, 224, 225, 226, 227, 228, 229, 230, 231, 232, 233, 234, 235, 236, 237, 238, 239, 240, 241, 242, 243, 244, 245, 246, 247, 248, 249, 250, 251, 252, 253, 254, 255, 256, 257, 258, 259, 260, 261, 262, 263, 264, 265, 266, 267, 268, 269, 270, 271, 272, 273, 274, 275, 276, 277, 278, 279, 280, 281, 282, 283, 284, 285, 286, 287, 288, 289, 290, 291, 292, 293, 294, 295, 296, 297, 298, 299, 300, 301, 302, 303, 304, 305, 306, 307, 308, 309, 310, 311, 312, 313, 314, 315, 316, 317, 318, 319, 320, 321, 322, 323, 324, 325, 326, 327, 328, 329, 330, 331, 332, 333, 334, 335, 336, 337, 574, 575, 576, 577, 578, 579, 580, 581, 582, 583, 584, 585, 586, 587, 588, 589, 590, 591, 592, 593, 594, 595, 596, 597, 598, 599, 600, 601, 602, 603, 604, 605, 606, 607, 608, 609, 610, 611, 612, 613, 614, 615, 616, 617, 618, 619, 620, 621, 622, 623, 624, 625, 626, 627, 628, 629, 630, 631, 632, 633, 634, 635, 636, 637, 638, 639, 640, 641, 642, 643, 644, 645, 646, 647, 648, 649, 650, 651, 652, 653, 654, 655, 656, 657, 658, 659, 660, 661, 662, 663, 664, 665, 666, 667, 668, 669, 670, 671, 672, 673, 674, 675, 676, 677, 678, 679, 680, 681, 682, 683, 684, 685, 686, 687, 688, 689, 690, 691, 692, 693, 694, 695, 696, 697, 698, 699, 700, 701, 702, 703, 704, 705, 706, 707, 708, 709, 710, 711, 712, 713, 714, 715, 716, 717, 718, 719, 720, 721, 722, 723, 724, 725, 726, 727, 728, 729, 730, 731, 732, 733, 734, 735, 736, 737, 738, 739, 740, 741, 742, 743, 744, 745, 746, 747, 748, 749, 750, 751, 752, 753, 754, 755, 756, 757, 758, 759, 760, 761, 762, 763, 764, 765, 766, 767, 768, 769, 770, 771, 772, 773, 774, 775, 776, 777, 778, 779, 780, 781, 782, 783, 784, 785, 786, 787, 788, 789, 790, 791, 792, 793]","[15, 91, 103, 104, 106, 107, 110, 113, 117, 118, 120, 123, 127, 128, 129, 131, 132, 133, 135, 136, 137, 139, 146, 147, 148, 149, 151, 158, 160, 162, 166, 173, 178, 179, 185, 190, 192, 193, 198, 201, 203, 204, 206, 207, 212, 213, 214, 216, 218, 219, 223, 224, 225, 227, 230, 235, 237, 246, 247, 252, 256, 259, 262, 263, 266, 268, 269, 271, 272, 274, 275, 278, 279, 281, 284, 285, 286, 288, 290, 292, 293, 302, 304, 312, 316, 319, 320, 323, 324, 325, 326, 332, 500, 562, 574, 575, 578, 580, 583, 588, 591, 594, 603, 607, 608, 610, 618, 619, 620, 622, 632, 644, 649, 650, 656, 661, 663, 664, 669, 674, 677, 683, 684, 686, 687, 688, 689, 701, 710, 715, 723, 730, 731, 733, 734, 738, 740, 745, 747, 751, 752, 760, 762, 774, 778, 783, 784, 789]","[1, 13, 14, 29, 54, 55, 56, 57, 58, 60, 102, 118, 125, 127, 130, 134, 146, 149, 153, 175, 182, 187, 189, 191, 197, 225, 230, 238, 264, 265, 266, 286, 302, 317, 336, 379, 388, 389, 425, 454, 458, 463, 475, 487, 498, 499, 512, 530, 531, 532, 533, 534, 536, 573, 589, 596, 598, 601, 605, 617, 620, 624, 646, 653, 658, 660, 662, 668, 689, 694, 702, 724, 725, 745, 760, 775, 793, 829, 838, 839, 877, 901, 903, 905, 910, 923]","[1, 13, 14, 29, 54, 55, 56, 57, 58, 60, 102, 118, 125, 127, 130, 134, 146, 149, 153, 175, 182, 187, 189, 191, 197, 225, 230, 238, 264, 265, 266, 286, 302, 317, 336, 354, 379, 388, 389, 425, 454, 458, 463, 475, 487, 498, 499, 512, 530, 531, 532, 533, 534, 536, 573, 589, 596, 598, 601, 605, 617, 620, 624, 646, 653, 658, 660, 662, 668, 689, 694, 702, 724, 725, 745, 760, 775, 793, 809, 829, 838, 839, 877, 901, 903, 905, 910, 923]","[1, 13, 14, 15, 29, 54, 55, 56, 57, 58, 60, 91, 102, 103, 104, 105, 106, 107, 108, 109, 110, 111, 112, 113, 114, 115, 116, 117, 118, 119, 120, 121, 122, 123, 124, 125, 126, 127, 128, 129, 130, 131, 132, 133, 134, 135, 136, 137, 138, 139, 140, 141, 142, 143, 144, 145, 146, 147, 148, 149, 150, 151, 152, 153, 154, 155, 156, 157, 158, 159, 160, 161, 162, 163, 164, 165, 166, 167, 168, 169, 170, 171, 172, 173, 174, 175, 176, 177, 178, 179, 180, 181, 182, 183, 184, 185, 186, 187, 188, 189, 190, 191, 192, 193, 194, 195, 196, 197, 198, 199, 200, 201, 202, 203, 204, 205, 206, 207, 208, 209, 210, 211, 212, 213, 214, 215, 216, 217, 218, 219, 220, 221, 222, 223, 224, 225, 226, 227, 228, 229, 230, 231, 232, 233, 234, 235, 236, 237, 238, 239, 240, 241, 242, 243, 244, 245, 246, 247, 248, 249, 250, 251, 252, 253, 254, 255, 256, 257, 258, 259, 260, 261, 262, 263, 264, 265, 266, 267, 268, 269, 270, 271, 272, 273, 274, 275, 276, 277, 278, 279, 280, 281, 282, 283, 284, 285, 286, 287, 288, 289, 290, 291, 292, 293, 294, 295, 296, 297, 298, 299, 300, 301, 302, 303, 304, 305, 306, 307, 308, 309, 310, 311, 312, 313, 314, 315, 316, 317, 318, 319, 320, 321, 322, 323, 324, 325, 326, 327, 328, 329, 330, 331, 332, 333, 334, 335, 336, 337, 354, 379, 388, 389, 425, 454, 458, 463, 475, 487, 498, 499, 500, 512, 530, 531, 532, 533, 534, 536, 562, 573, 574, 575, 576, 577, 578, 579, 580, 581, 582, 583, 584, 585, 586, 587, 588, 589, 590, 591, 592, 593, 594, 595, 596, 597, 598, 599, 600, 601, 602, 603, 604, 605, 606, 607, 608, 609, 610, 611, 612, 613, 614, 615, 616, 617, 618, 619, 620, 621, 622, 623, 624, 625, 626, 627, 628, 629, 630, 631, 632, 633, 634, 635, 636, 637, 638, 639, 640, 641, 642, 643, 644, 645, 646, 647, 648, 649, 650, 651, 652, 653, 654, 655, 656, 657, 658, 659, 660, 661, 662, 663, 664, 665, 666, 667, 668, 669, 670, 671, 672, 673, 674, 675, 676, 677, 678, 679, 680, 681, 682, 683, 684, 685, 686, 687, 688, 689, 690, 691, 692, 693, 694, 695, 696, 697, 698, 699, 700, 701, 702, 703, 704, 705, 706, 707, 708, 709, 710, 711, 712, 713, 714, 715, 716, 717, 718, 719, 720, 721, 722, 723, 724, 725, 726, 727, 728, 729, 730, 731, 732, 733, 734, 735, 736, 737, 738, 739, 740, 741, 742, 743, 744, 745, 746, 747, 748, 749, 750, 751, 752, 753, 754, 755, 756, 757, 758, 759, 760, 761, 762, 763, 764, 765, 766, 767, 768, 769, 770, 771, 772, 773, 774, 775, 776, 777, 778, 779, 780, 781, 782, 783, 784, 785, 786, 787, 788, 789, 790, 791, 792, 793, 809, 829, 838, 839, 877, 901, 903, 905, 910, 923]",False,"[274, 302, 733, 760]","[103, 104, 105, 106, 107, 108, 109, 110, 111, 112, 113, 114, 115, 116, 117, 118, 119, 120, 121, 122, 123, 124, 125, 126, 127, 128, 129, 130, 131, 132, 133, 134, 135, 136, 137, 138, 139, 140, 141, 142, 143, 144, 145, 146, 147, 148, 149, 150, 151, 152, 153, 154, 155, 156, 157, 158, 159, 160, 161, 162, 163, 164, 165, 166, 167, 168, 169, 170, 171, 172, 173, 174, 175, 176, 177, 178, 179, 180, 181, 182, 183, 184, 185, 186, 187, 188, 189, 190, 191, 192, 193, 194, 195, 196, 197, 198, 199, 200, 201, 202, 203, 204, 205, 206, 207, 208, 209, 210, 211, 212, 213, 214, 215, 216, 217, 218, 219, 220, 221, 222, 223, 224, 225, 226, 227, 228, 229, 230, 231, 232, 233, 234, 235, 236, 237, 238, 239, 240, 241, 242, 243, 244, 245, 246, 247, 248, 249, 250, 251, 252, 253, 254, 255, 256, 257, 258, 259, 260, 261, 262, 263, 264, 265, 266, 267, 268, 269, 270, 271, 272, 273, 274, 275, 276, 277, 278, 279, 280, 281, 282, 283, 284, 285, 286, 287, 288, 289, 290, 291, 292, 293, 294, 295, 296, 297, 298, 299, 300, 301, 302, 303, 304, 305, 306, 307, 308, 309, 310, 311, 312, 313, 314, 315, 316, 317, 318, 319, 320, 321, 322, 323, 324, 325, 326, 327, 328, 329, 330, 331, 332, 333, 334, 335, 336, 337, 574, 575, 576, 577, 578, 579, 580, 581, 582, 583, 584, 585, 586, 587, 588, 589, 590, 591, 592, 593, 594, 595, 596, 597, 598, 599, 600, 601, 602, 603, 604, 605, 606, 607, 608, 609, 610, 611, 612, 613, 614, 615, 616, 617, 618, 619, 620, 621, 622, 623, 624, 625, 626, 627, 628, 629, 630, 631, 632, 633, 634, 635, 636, 637, 638, 639, 640, 641, 642, 643, 644, 645, 646, 647, 648, 649, 650, 651, 652, 653, 654, 655, 656, 657, 658, 659, 660, 661, 662, 663, 664, 665, 666, 667, 668, 669, 670, 671, 672, 673, 674, 675, 676, 677, 678, 679, 680, 681, 682, 683, 684, 685, 686, 687, 688, 689, 690, 691, 692, 693, 694, 695, 696, 697, 698, 699, 700, 701, 702, 703, 704, 705, 706, 707, 708, 709, 710, 711, 712, 713, 714, 715, 716, 717, 718, 719, 720, 721, 722, 723, 724, 725, 726, 727, 728, 729, 730, 731, 732, 733, 734, 735, 736, 737, 738, 739, 740, 741, 742, 743, 744, 745, 746, 747, 748, 749, 750, 751, 752, 753, 754, 755, 756, 757, 758, 759, 760, 761, 762, 763, 764, 765, 766, 767, 768, 769, 770, 771, 772, 773, 774, 775, 776, 777, 778, 779, 780, 781, 782, 783, 784, 785, 786, 787, 788, 789, 790, 791, 792, 793]","[274, 302, 733, 760]",[],"[15, 91, 103, 104, 106, 107, 110, 113, 117, 118, 120, 123, 127, 128, 129, 131, 132, 133, 135, 136, 137, 139, 146, 147, 148, 149, 151, 158, 160, 162, 166, 173, 178, 179, 185, 190, 192, 193, 198, 201, 203, 204, 206, 207, 212, 213, 214, 216, 218, 219, 223, 224, 225, 227, 230, 235, 237, 246, 247, 252, 256, 259, 262, 263, 266, 268, 269, 271, 272, 274, 275, 278, 279, 281, 284, 285, 286, 288, 290, 292, 293, 302, 304, 312, 316, 319, 320, 323, 324, 325, 326, 332, 500, 562, 574, 575, 578, 580, 583, 588, 591, 594, 603, 607, 608, 610, 618, 619, 620, 622, 632, 644, 649, 650, 656, 661, 663, 664, 669, 674, 677, 683, 684, 686, 687, 688, 689, 701, 710, 715, 723, 730, 731, 733, 734, 738, 740, 745, 747, 751, 752, 760, 762, 774, 778, 783, 784, 789]","[1, 13, 14, 29, 54, 55, 56, 57, 58, 60, 102, 118, 125, 127, 130, 134, 146, 149, 153, 175, 182, 187, 189, 191, 197, 225, 230, 238, 264, 265, 266, 286, 302, 317, 336, 354, 379, 388, 389, 425, 454, 458, 463, 475, 487, 498, 499, 512, 530, 531, 532, 533, 534, 536, 573, 589, 596, 598, 601, 605, 617, 620, 624, 646, 653, 658, 660, 662, 668, 689, 694, 702, 724, 725, 745, 760, 775, 793, 809, 829, 838, 839, 877, 901, 903, 905, 910, 923]","[1, 13, 14, 29, 54, 55, 56, 57, 58, 60, 102, 118, 125, 127, 130, 134, 146, 149, 153, 175, 182, 187, 189, 191, 197, 225, 230, 238, 264, 265, 266, 286, 302, 317, 336, 379, 388, 389, 425, 454, 458, 463, 475, 487, 498, 499, 512, 530, 531, 532, 533, 534, 536, 573, 589, 596, 598, 601, 605, 617, 620, 624, 646, 653, 658, 660, 662, 668, 689, 694, 702, 724, 725, 745, 760, 775, 793, 829, 838, 839, 877, 901, 903, 905, 910, 923]",7/6 successful match,False,[531],True,343,False,,,,,
", 95020 The Garlic Farm Center ( Shell )",FGilroy 2408-847-5172 CA 101 S & Monterey Rd ( S of CA 152 ),) 24 XL,,95020,The Garlic Farm Center ( Shell ),408-847-5172,2007,Gilroy,CA,Shell,( S of CA 152 ),CA 101 S & Monterey Rd,empty,,False,,False,CA 101,Monterey Rd,,,,[],"[274, 302, 733, 760]","[274, 302, 733, 760]",[],"[103, 104, 105, 106, 107, 108, 109, 110, 111, 112, 113, 114, 115, 116, 117, 118, 119, 120, 121, 122, 123, 124, 125, 126, 127, 128, 129, 130, 131, 132, 133, 134, 135, 136, 137, 138, 139, 140, 141, 142, 143, 144, 145, 146, 147, 148, 149, 150, 151, 152, 153, 154, 155, 156, 157, 158, 159, 160, 161, 162, 163, 164, 165, 166, 167, 168, 169, 170, 171, 172, 173, 174, 175, 176, 177, 178, 179, 180, 181, 182, 183, 184, 185, 186, 187, 188, 189, 190, 191, 192, 193, 194, 195, 196, 197, 198, 199, 200, 201, 202, 203, 204, 205, 206, 207, 208, 209, 210, 211, 212, 213, 214, 215, 216, 217, 218, 219, 220, 221, 222, 223, 224, 225, 226, 227, 228, 229, 230, 231, 232, 233, 234, 235, 236, 237, 238, 239, 240, 241, 242, 243, 244, 245, 246, 247, 248, 249, 250, 251, 252, 253, 254, 255, 256, 257, 258, 259, 260, 261, 262, 263, 264, 265, 266, 267, 268, 269, 270, 271, 272, 273, 274, 275, 276, 277, 278, 279, 280, 281, 282, 283, 284, 285, 286, 287, 288, 289, 290, 291, 292, 293, 294, 295, 296, 297, 298, 299, 300, 301, 302, 303, 304, 305, 306, 307, 308, 309, 310, 311, 312, 313, 314, 315, 316, 317, 318, 319, 320, 321, 322, 323, 324, 325, 326, 327, 328, 329, 330, 331, 332, 333, 334, 335, 336, 337, 574, 575, 576, 577, 578, 579, 580, 581, 582, 583, 584, 585, 586, 587, 588, 589, 590, 591, 592, 593, 594, 595, 596, 597, 598, 599, 600, 601, 602, 603, 604, 605, 606, 607, 608, 609, 610, 611, 612, 613, 614, 615, 616, 617, 618, 619, 620, 621, 622, 623, 624, 625, 626, 627, 628, 629, 630, 631, 632, 633, 634, 635, 636, 637, 638, 639, 640, 641, 642, 643, 644, 645, 646, 647, 648, 649, 650, 651, 652, 653, 654, 655, 656, 657, 658, 659, 660, 661, 662, 663, 664, 665, 666, 667, 668, 669, 670, 671, 672, 673, 674, 675, 676, 677, 678, 679, 680, 681, 682, 683, 684, 685, 686, 687, 688, 689, 690, 691, 692, 693, 694, 695, 696, 697, 698, 699, 700, 701, 702, 703, 704, 705, 706, 707, 708, 709, 710, 711, 712, 713, 714, 715, 716, 717, 718, 719, 720, 721, 722, 723, 724, 725, 726, 727, 728, 729, 730, 731, 732, 733, 734, 735, 736, 737, 738, 739, 740, 741, 742, 743, 744, 745, 746, 747, 748, 749, 750, 751, 752, 753, 754, 755, 756, 757, 758, 759, 760, 761, 762, 763, 764, 765, 766, 767, 768, 769, 770, 771, 772, 773, 774, 775, 776, 777, 778, 779, 780, 781, 782, 783, 784, 785, 786, 787, 788, 789, 790, 791, 792, 793]","[15, 91, 103, 104, 106, 107, 110, 113, 117, 118, 120, 123, 127, 128, 129, 131, 132, 133, 135, 136, 137, 139, 146, 147, 148, 149, 151, 158, 160, 162, 166, 173, 178, 179, 185, 190, 192, 193, 198, 201, 203, 204, 206, 207, 212, 213, 214, 216, 218, 219, 223, 224, 225, 227, 230, 235, 237, 246, 247, 252, 256, 259, 262, 263, 266, 268, 269, 271, 272, 274, 275, 278, 279, 281, 284, 285, 286, 288, 290, 292, 293, 302, 304, 312, 316, 319, 320, 323, 324, 325, 326, 332, 500, 562, 574, 575, 578, 580, 583, 588, 591, 594, 603, 607, 608, 610, 618, 619, 620, 622, 632, 644, 649, 650, 656, 661, 663, 664, 669, 674, 677, 683, 684, 686, 687, 688, 689, 701, 710, 715, 723, 730, 731, 733, 734, 738, 740, 745, 747, 751, 752, 760, 762, 774, 778, 783, 784, 789]","[1, 13, 14, 29, 54, 55, 56, 57, 58, 60, 102, 118, 125, 127, 130, 134, 146, 149, 153, 175, 182, 187, 189, 191, 197, 225, 230, 238, 264, 265, 266, 286, 302, 317, 336, 379, 388, 389, 425, 454, 458, 463, 475, 487, 498, 499, 512, 530, 531, 532, 533, 534, 536, 573, 589, 596, 598, 601, 605, 617, 620, 624, 646, 653, 658, 660, 662, 668, 689, 694, 702, 724, 725, 745, 760, 775, 793, 829, 838, 839, 877, 901, 903, 905, 910, 923]","[1, 13, 14, 29, 54, 55, 56, 57, 58, 60, 102, 118, 125, 127, 130, 134, 146, 149, 153, 175, 182, 187, 189, 191, 197, 225, 230, 238, 264, 265, 266, 286, 302, 317, 336, 354, 379, 388, 389, 425, 454, 458, 463, 475, 487, 498, 499, 512, 530, 531, 532, 533, 534, 536, 573, 589, 596, 598, 601, 605, 617, 620, 624, 646, 653, 658, 660, 662, 668, 689, 694, 702, 724, 725, 745, 760, 775, 793, 809, 829, 838, 839, 877, 901, 903, 905, 910, 923]","[1, 13, 14, 15, 29, 54, 55, 56, 57, 58, 60, 91, 102, 103, 104, 105, 106, 107, 108, 109, 110, 111, 112, 113, 114, 115, 116, 117, 118, 119, 120, 121, 122, 123, 124, 125, 126, 127, 128, 129, 130, 131, 132, 133, 134, 135, 136, 137, 138, 139, 140, 141, 142, 143, 144, 145, 146, 147, 148, 149, 150, 151, 152, 153, 154, 155, 156, 157, 158, 159, 160, 161, 162, 163, 164, 165, 166, 167, 168, 169, 170, 171, 172, 173, 174, 175, 176, 177, 178, 179, 180, 181, 182, 183, 184, 185, 186, 187, 188, 189, 190, 191, 192, 193, 194, 195, 196, 197, 198, 199, 200, 201, 202, 203, 204, 205, 206, 207, 208, 209, 210, 211, 212, 213, 214, 215, 216, 217, 218, 219, 220, 221, 222, 223, 224, 225, 226, 227, 228, 229, 230, 231, 232, 233, 234, 235, 236, 237, 238, 239, 240, 241, 242, 243, 244, 245, 246, 247, 248, 249, 250, 251, 252, 253, 254, 255, 256, 257, 258, 259, 260, 261, 262, 263, 264, 265, 266, 267, 268, 269, 270, 271, 272, 273, 274, 275, 276, 277, 278, 279, 280, 281, 282, 283, 284, 285, 286, 287, 288, 289, 290, 291, 292, 293, 294, 295, 296, 297, 298, 299, 300, 301, 302, 303, 304, 305, 306, 307, 308, 309, 310, 311, 312, 313, 314, 315, 316, 317, 318, 319, 320, 321, 322, 323, 324, 325, 326, 327, 328, 329, 330, 331, 332, 333, 334, 335, 336, 337, 354, 379, 388, 389, 425, 454, 458, 463, 475, 487, 498, 499, 500, 512, 530, 531, 532, 533, 534, 536, 562, 573, 574, 575, 576, 577, 578, 579, 580, 581, 582, 583, 584, 585, 586, 587, 588, 589, 590, 591, 592, 593, 594, 595, 596, 597, 598, 599, 600, 601, 602, 603, 604, 605, 606, 607, 608, 609, 610, 611, 612, 613, 614, 615, 616, 617, 618, 619, 620, 621, 622, 623, 624, 625, 626, 627, 628, 629, 630, 631, 632, 633, 634, 635, 636, 637, 638, 639, 640, 641, 642, 643, 644, 645, 646, 647, 648, 649, 650, 651, 652, 653, 654, 655, 656, 657, 658, 659, 660, 661, 662, 663, 664, 665, 666, 667, 668, 669, 670, 671, 672, 673, 674, 675, 676, 677, 678, 679, 680, 681, 682, 683, 684, 685, 686, 687, 688, 689, 690, 691, 692, 693, 694, 695, 696, 697, 698, 699, 700, 701, 702, 703, 704, 705, 706, 707, 708, 709, 710, 711, 712, 713, 714, 715, 716, 717, 718, 719, 720, 721, 722, 723, 724, 725, 726, 727, 728, 729, 730, 731, 732, 733, 734, 735, 736, 737, 738, 739, 740, 741, 742, 743, 744, 745, 746, 747, 748, 749, 750, 751, 752, 753, 754, 755, 756, 757, 758, 759, 760, 761, 762, 763, 764, 765, 766, 767, 768, 769, 770, 771, 772, 773, 774, 775, 776, 777, 778, 779, 780, 781, 782, 783, 784, 785, 786, 787, 788, 789, 790, 791, 792, 793, 809, 829, 838, 839, 877, 901, 903, 905, 910, 923]",False,"[274, 302, 733, 760]","[103, 104, 105, 106, 107, 108, 109, 110, 111, 112, 113, 114, 115, 116, 117, 118, 119, 120, 121, 122, 123, 124, 125, 126, 127, 128, 129, 130, 131, 132, 133, 134, 135, 136, 137, 138, 139, 140, 141, 142, 143, 144, 145, 146, 147, 148, 149, 150, 151, 152, 153, 154, 155, 156, 157, 158, 159, 160, 161, 162, 163, 164, 165, 166, 167, 168, 169, 170, 171, 172, 173, 174, 175, 176, 177, 178, 179, 180, 181, 182, 183, 184, 185, 186, 187, 188, 189, 190, 191, 192, 193, 194, 195, 196, 197, 198, 199, 200, 201, 202, 203, 204, 205, 206, 207, 208, 209, 210, 211, 212, 213, 214, 215, 216, 217, 218, 219, 220, 221, 222, 223, 224, 225, 226, 227, 228, 229, 230, 231, 232, 233, 234, 235, 236, 237, 238, 239, 240, 241, 242, 243, 244, 245, 246, 247, 248, 249, 250, 251, 252, 253, 254, 255, 256, 257, 258, 259, 260, 261, 262, 263, 264, 265, 266, 267, 268, 269, 270, 271, 272, 273, 274, 275, 276, 277, 278, 279, 280, 281, 282, 283, 284, 285, 286, 287, 288, 289, 290, 291, 292, 293, 294, 295, 296, 297, 298, 299, 300, 301, 302, 303, 304, 305, 306, 307, 308, 309, 310, 311, 312, 313, 314, 315, 316, 317, 318, 319, 320, 321, 322, 323, 324, 325, 326, 327, 328, 329, 330, 331, 332, 333, 334, 335, 336, 337, 574, 575, 576, 577, 578, 579, 580, 581, 582, 583, 584, 585, 586, 587, 588, 589, 590, 591, 592, 593, 594, 595, 596, 597, 598, 599, 600, 601, 602, 603, 604, 605, 606, 607, 608, 609, 610, 611, 612, 613, 614, 615, 616, 617, 618, 619, 620, 621, 622, 623, 624, 625, 626, 627, 628, 629, 630, 631, 632, 633, 634, 635, 636, 637, 638, 639, 640, 641, 642, 643, 644, 645, 646, 647, 648, 649, 650, 651, 652, 653, 654, 655, 656, 657, 658, 659, 660, 661, 662, 663, 664, 665, 666, 667, 668, 669, 670, 671, 672, 673, 674, 675, 676, 677, 678, 679, 680, 681, 682, 683, 684, 685, 686, 687, 688, 689, 690, 691, 692, 693, 694, 695, 696, 697, 698, 699, 700, 701, 702, 703, 704, 705, 706, 707, 708, 709, 710, 711, 712, 713, 714, 715, 716, 717, 718, 719, 720, 721, 722, 723, 724, 725, 726, 727, 728, 729, 730, 731, 732, 733, 734, 735, 736, 737, 738, 739, 740, 741, 742, 743, 744, 745, 746, 747, 748, 749, 750, 751, 752, 753, 754, 755, 756, 757, 758, 759, 760, 761, 762, 763, 764, 765, 766, 767, 768, 769, 770, 771, 772, 773, 774, 775, 776, 777, 778, 779, 780, 781, 782, 783, 784, 785, 786, 787, 788, 789, 790, 791, 792, 793]","[274, 302, 733, 760]",[],"[15, 91, 103, 104, 106, 107, 110, 113, 117, 118, 120, 123, 127, 128, 129, 131, 132, 133, 135, 136, 137, 139, 146, 147, 148, 149, 151, 158, 160, 162, 166, 173, 178, 179, 185, 190, 192, 193, 198, 201, 203, 204, 206, 207, 212, 213, 214, 216, 218, 219, 223, 224, 225, 227, 230, 235, 237, 246, 247, 252, 256, 259, 262, 263, 266, 268, 269, 271, 272, 274, 275, 278, 279, 281, 284, 285, 286, 288, 290, 292, 293, 302, 304, 312, 316, 319, 320, 323, 324, 325, 326, 332, 500, 562, 574, 575, 578, 580, 583, 588, 591, 594, 603, 607, 608, 610, 618, 619, 620, 622, 632, 644, 649, 650, 656, 661, 663, 664, 669, 674, 677, 683, 684, 686, 687, 688, 689, 701, 710, 715, 723, 730, 731, 733, 734, 738, 740, 745, 747, 751, 752, 760, 762, 774, 778, 783, 784, 789]","[1, 13, 14, 29, 54, 55, 56, 57, 58, 60, 102, 118, 125, 127, 130, 134, 146, 149, 153, 175, 182, 187, 189, 191, 197, 225, 230, 238, 264, 265, 266, 286, 302, 317, 336, 354, 379, 388, 389, 425, 454, 458, 463, 475, 487, 498, 499, 512, 530, 531, 532, 533, 534, 536, 573, 589, 596, 598, 601, 605, 617, 620, 624, 646, 653, 658, 660, 662, 668, 689, 694, 702, 724, 725, 745, 760, 775, 793, 809, 829, 838, 839, 877, 901, 903, 905, 910, 923]","[1, 13, 14, 29, 54, 55, 56, 57, 58, 60, 102, 118, 125, 127, 130, 134, 146, 149, 153, 175, 182, 187, 189, 191, 197, 225, 230, 238, 264, 265, 266, 286, 302, 317, 336, 379, 388, 389, 425, 454, 458, 463, 475, 487, 498, 499, 512, 530, 531, 532, 533, 534, 536, 573, 589, 596, 598, 601, 605, 617, 620, 624, 646, 653, 658, 660, 662, 668, 689, 694, 702, 724, 725, 745, 760, 775, 793, 829, 838, 839, 877, 901, 903, 905, 910, 923]",7/6 successful match,False,[531],True,343,False,,1.0,True,The Garlic Farm Center ( Shell ),Shell
"Gilroy , 95020 The Garlic Farm Center ( Shell )",2 408-847-5172 CA 101 S & Monterey Rd ( S of CA 152 ),) 24 HRS XL,Gilroy,95020,The Garlic Farm Center ( Shell ),408-847-5172,2008,Gilroy,CA,Shell,( S of CA 152 ),CA 101 S & Monterey Rd,empty,,False,,False,CA 101,Monterey Rd,,,,[],"[274, 302, 733, 760]","[274, 302, 733, 760]",[],"[103, 104, 105, 106, 107, 108, 109, 110, 111, 112, 113, 114, 115, 116, 117, 118, 119, 120, 121, 122, 123, 124, 125, 126, 127, 128, 129, 130, 131, 132, 133, 134, 135, 136, 137, 138, 139, 140, 141, 142, 143, 144, 145, 146, 147, 148, 149, 150, 151, 152, 153, 154, 155, 156, 157, 158, 159, 160, 161, 162, 163, 164, 165, 166, 167, 168, 169, 170, 171, 172, 173, 174, 175, 176, 177, 178, 179, 180, 181, 182, 183, 184, 185, 186, 187, 188, 189, 190, 191, 192, 193, 194, 195, 196, 197, 198, 199, 200, 201, 202, 203, 204, 205, 206, 207, 208, 209, 210, 211, 212, 213, 214, 215, 216, 217, 218, 219, 220, 221, 222, 223, 224, 225, 226, 227, 228, 229, 230, 231, 232, 233, 234, 235, 236, 237, 238, 239, 240, 241, 242, 243, 244, 245, 246, 247, 248, 249, 250, 251, 252, 253, 254, 255, 256, 257, 258, 259, 260, 261, 262, 263, 264, 265, 266, 267, 268, 269, 270, 271, 272, 273, 274, 275, 276, 277, 278, 279, 280, 281, 282, 283, 284, 285, 286, 287, 288, 289, 290, 291, 292, 293, 294, 295, 296, 297, 298, 299, 300, 301, 302, 303, 304, 305, 306, 307, 308, 309, 310, 311, 312, 313, 314, 315, 316, 317, 318, 319, 320, 321, 322, 323, 324, 325, 326, 327, 328, 329, 330, 331, 332, 333, 334, 335, 336, 337, 574, 575, 576, 577, 578, 579, 580, 581, 582, 583, 584, 585, 586, 587, 588, 589, 590, 591, 592, 593, 594, 595, 596, 597, 598, 599, 600, 601, 602, 603, 604, 605, 606, 607, 608, 609, 610, 611, 612, 613, 614, 615, 616, 617, 618, 619, 620, 621, 622, 623, 624, 625, 626, 627, 628, 629, 630, 631, 632, 633, 634, 635, 636, 637, 638, 639, 640, 641, 642, 643, 644, 645, 646, 647, 648, 649, 650, 651, 652, 653, 654, 655, 656, 657, 658, 659, 660, 661, 662, 663, 664, 665, 666, 667, 668, 669, 670, 671, 672, 673, 674, 675, 676, 677, 678, 679, 680, 681, 682, 683, 684, 685, 686, 687, 688, 689, 690, 691, 692, 693, 694, 695, 696, 697, 698, 699, 700, 701, 702, 703, 704, 705, 706, 707, 708, 709, 710, 711, 712, 713, 714, 715, 716, 717, 718, 719, 720, 721, 722, 723, 724, 725, 726, 727, 728, 729, 730, 731, 732, 733, 734, 735, 736, 737, 738, 739, 740, 741, 742, 743, 744, 745, 746, 747, 748, 749, 750, 751, 752, 753, 754, 755, 756, 757, 758, 759, 760, 761, 762, 763, 764, 765, 766, 767, 768, 769, 770, 771, 772, 773, 774, 775, 776, 777, 778, 779, 780, 781, 782, 783, 784, 785, 786, 787, 788, 789, 790, 791, 792, 793]","[15, 91, 103, 104, 106, 107, 110, 113, 117, 118, 120, 123, 127, 128, 129, 131, 132, 133, 135, 136, 137, 139, 146, 147, 148, 149, 151, 158, 160, 162, 166, 173, 178, 179, 185, 190, 192, 193, 198, 201, 203, 204, 206, 207, 212, 213, 214, 216, 218, 219, 223, 224, 225, 227, 230, 235, 237, 246, 247, 252, 256, 259, 262, 263, 266, 268, 269, 271, 272, 274, 275, 278, 279, 281, 284, 285, 286, 288, 290, 292, 293, 302, 304, 312, 316, 319, 320, 323, 324, 325, 326, 332, 500, 562, 574, 575, 578, 580, 583, 588, 591, 594, 603, 607, 608, 610, 618, 619, 620, 622, 632, 644, 649, 650, 656, 661, 663, 664, 669, 674, 677, 683, 684, 686, 687, 688, 689, 701, 710, 715, 723, 730, 731, 733, 734, 738, 740, 745, 747, 751, 752, 760, 762, 774, 778, 783, 784, 789]","[1, 13, 14, 29, 54, 55, 56, 57, 58, 60, 102, 118, 125, 127, 130, 134, 146, 149, 153, 175, 182, 187, 189, 191, 197, 225, 230, 238, 264, 265, 266, 286, 302, 317, 336, 379, 388, 389, 425, 454, 458, 463, 475, 487, 498, 499, 512, 530, 531, 532, 533, 534, 536, 573, 589, 596, 598, 601, 605, 617, 620, 624, 646, 653, 658, 660, 662, 668, 689, 694, 702, 724, 725, 745, 760, 775, 793, 829, 838, 839, 877, 901, 903, 905, 910, 923]","[1, 13, 14, 29, 54, 55, 56, 57, 58, 60, 102, 118, 125, 127, 130, 134, 146, 149, 153, 175, 182, 187, 189, 191, 197, 225, 230, 238, 264, 265, 266, 286, 302, 317, 336, 354, 379, 388, 389, 425, 454, 458, 463, 475, 487, 498, 499, 512, 530, 531, 532, 533, 534, 536, 573, 589, 596, 598, 601, 605, 617, 620, 624, 646, 653, 658, 660, 662, 668, 689, 694, 702, 724, 725, 745, 760, 775, 793, 809, 829, 838, 839, 877, 901, 903, 905, 910, 923]","[1, 13, 14, 15, 29, 54, 55, 56, 57, 58, 60, 91, 102, 103, 104, 105, 106, 107, 108, 109, 110, 111, 112, 113, 114, 115, 116, 117, 118, 119, 120, 121, 122, 123, 124, 125, 126, 127, 128, 129, 130, 131, 132, 133, 134, 135, 136, 137, 138, 139, 140, 141, 142, 143, 144, 145, 146, 147, 148, 149, 150, 151, 152, 153, 154, 155, 156, 157, 158, 159, 160, 161, 162, 163, 164, 165, 166, 167, 168, 169, 170, 171, 172, 173, 174, 175, 176, 177, 178, 179, 180, 181, 182, 183, 184, 185, 186, 187, 188, 189, 190, 191, 192, 193, 194, 195, 196, 197, 198, 199, 200, 201, 202, 203, 204, 205, 206, 207, 208, 209, 210, 211, 212, 213, 214, 215, 216, 217, 218, 219, 220, 221, 222, 223, 224, 225, 226, 227, 228, 229, 230, 231, 232, 233, 234, 235, 236, 237, 238, 239, 240, 241, 242, 243, 244, 245, 246, 247, 248, 249, 250, 251, 252, 253, 254, 255, 256, 257, 258, 259, 260, 261, 262, 263, 264, 265, 266, 267, 268, 269, 270, 271, 272, 273, 274, 275, 276, 277, 278, 279, 280, 281, 282, 283, 284, 285, 286, 287, 288, 289, 290, 291, 292, 293, 294, 295, 296, 297, 298, 299, 300, 301, 302, 303, 304, 305, 306, 307, 308, 309, 310, 311, 312, 313, 314, 315, 316, 317, 318, 319, 320, 321, 322, 323, 324, 325, 326, 327, 328, 329, 330, 331, 332, 333, 334, 335, 336, 337, 354, 379, 388, 389, 425, 454, 458, 463, 475, 487, 498, 499, 500, 512, 530, 531, 532, 533, 534, 536, 562, 573, 574, 575, 576, 577, 578, 579, 580, 581, 582, 583, 584, 585, 586, 587, 588, 589, 590, 591, 592, 593, 594, 595, 596, 597, 598, 599, 600, 601, 602, 603, 604, 605, 606, 607, 608, 609, 610, 611, 612, 613, 614, 615, 616, 617, 618, 619, 620, 621, 622, 623, 624, 625, 626, 627, 628, 629, 630, 631, 632, 633, 634, 635, 636, 637, 638, 639, 640, 641, 642, 643, 644, 645, 646, 647, 648, 649, 650, 651, 652, 653, 654, 655, 656, 657, 658, 659, 660, 661, 662, 663, 664, 665, 666, 667, 668, 669, 670, 671, 672, 673, 674, 675, 676, 677, 678, 679, 680, 681, 682, 683, 684, 685, 686, 687, 688, 689, 690, 691, 692, 693, 694, 695, 696, 697, 698, 699, 700, 701, 702, 703, 704, 705, 706, 707, 708, 709, 710, 711, 712, 713, 714, 715, 716, 717, 718, 719, 720, 721, 722, 723, 724, 725, 726, 727, 728, 729, 730, 731, 732, 733, 734, 735, 736, 737, 738, 739, 740, 741, 742, 743, 744, 745, 746, 747, 748, 749, 750, 751, 752, 753, 754, 755, 756, 757, 758, 759, 760, 761, 762, 763, 764, 765, 766, 767, 768, 769, 770, 771, 772, 773, 774, 775, 776, 777, 778, 779, 780, 781, 782, 783, 784, 785, 786, 787, 788, 789, 790, 791, 792, 793, 809, 829, 838, 839, 877, 901, 903, 905, 910, 923]",False,"[274, 302, 733, 760]","[103, 104, 105, 106, 107, 108, 109, 110, 111, 112, 113, 114, 115, 116, 117, 118, 119, 120, 121, 122, 123, 124, 125, 126, 127, 128, 129, 130, 131, 132, 133, 134, 135, 136, 137, 138, 139, 140, 141, 142, 143, 144, 145, 146, 147, 148, 149, 150, 151, 152, 153, 154, 155, 156, 157, 158, 159, 160, 161, 162, 163, 164, 165, 166, 167, 168, 169, 170, 171, 172, 173, 174, 175, 176, 177, 178, 179, 180, 181, 182, 183, 184, 185, 186, 187, 188, 189, 190, 191, 192, 193, 194, 195, 196, 197, 198, 199, 200, 201, 202, 203, 204, 205, 206, 207, 208, 209, 210, 211, 212, 213, 214, 215, 216, 217, 218, 219, 220, 221, 222, 223, 224, 225, 226, 227, 228, 229, 230, 231, 232, 233, 234, 235, 236, 237, 238, 239, 240, 241, 242, 243, 244, 245, 246, 247, 248, 249, 250, 251, 252, 253, 254, 255, 256, 257, 258, 259, 260, 261, 262, 263, 264, 265, 266, 267, 268, 269, 270, 271, 272, 273, 274, 275, 276, 277, 278, 279, 280, 281, 282, 283, 284, 285, 286, 287, 288, 289, 290, 291, 292, 293, 294, 295, 296, 297, 298, 299, 300, 301, 302, 303, 304, 305, 306, 307, 308, 309, 310, 311, 312, 313, 314, 315, 316, 317, 318, 319, 320, 321, 322, 323, 324, 325, 326, 327, 328, 329, 330, 331, 332, 333, 334, 335, 336, 337, 574, 575, 576, 577, 578, 579, 580, 581, 582, 583, 584, 585, 586, 587, 588, 589, 590, 591, 592, 593, 594, 595, 596, 597, 598, 599, 600, 601, 602, 603, 604, 605, 606, 607, 608, 609, 610, 611, 612, 613, 614, 615, 616, 617, 618, 619, 620, 621, 622, 623, 624, 625, 626, 627, 628, 629, 630, 631, 632, 633, 634, 635, 636, 637, 638, 639, 640, 641, 642, 643, 644, 645, 646, 647, 648, 649, 650, 651, 652, 653, 654, 655, 656, 657, 658, 659, 660, 661, 662, 663, 664, 665, 666, 667, 668, 669, 670, 671, 672, 673, 674, 675, 676, 677, 678, 679, 680, 681, 682, 683, 684, 685, 686, 687, 688, 689, 690, 691, 692, 693, 694, 695, 696, 697, 698, 699, 700, 701, 702, 703, 704, 705, 706, 707, 708, 709, 710, 711, 712, 713, 714, 715, 716, 717, 718, 719, 720, 721, 722, 723, 724, 725, 726, 727, 728, 729, 730, 731, 732, 733, 734, 735, 736, 737, 738, 739, 740, 741, 742, 743, 744, 745, 746, 747, 748, 749, 750, 751, 752, 753, 754, 755, 756, 757, 758, 759, 760, 761, 762, 763, 764, 765, 766, 767, 768, 769, 770, 771, 772, 773, 774, 775, 776, 777, 778, 779, 780, 781, 782, 783, 784, 785, 786, 787, 788, 789, 790, 791, 792, 793]","[274, 302, 733, 760]",[],"[15, 91, 103, 104, 106, 107, 110, 113, 117, 118, 120, 123, 127, 128, 129, 131, 132, 133, 135, 136, 137, 139, 146, 147, 148, 149, 151, 158, 160, 162, 166, 173, 178, 179, 185, 190, 192, 193, 198, 201, 203, 204, 206, 207, 212, 213, 214, 216, 218, 219, 223, 224, 225, 227, 230, 235, 237, 246, 247, 252, 256, 259, 262, 263, 266, 268, 269, 271, 272, 274, 275, 278, 279, 281, 284, 285, 286, 288, 290, 292, 293, 302, 304, 312, 316, 319, 320, 323, 324, 325, 326, 332, 500, 562, 574, 575, 578, 580, 583, 588, 591, 594, 603, 607, 608, 610, 618, 619, 620, 622, 632, 644, 649, 650, 656, 661, 663, 664, 669, 674, 677, 683, 684, 686, 687, 688, 689, 701, 710, 715, 723, 730, 731, 733, 734, 738, 740, 745, 747, 751, 752, 760, 762, 774, 778, 783, 784, 789]","[1, 13, 14, 29, 54, 55, 56, 57, 58, 60, 102, 118, 125, 127, 130, 134, 146, 149, 153, 175, 182, 187, 189, 191, 197, 225, 230, 238, 264, 265, 266, 286, 302, 317, 336, 354, 379, 388, 389, 425, 454, 458, 463, 475, 487, 498, 499, 512, 530, 531, 532, 533, 534, 536, 573, 589, 596, 598, 601, 605, 617, 620, 624, 646, 653, 658, 660, 662, 668, 689, 694, 702, 724, 725, 745, 760, 775, 793, 809, 829, 838, 839, 877, 901, 903, 905, 910, 923]","[1, 13, 14, 29, 54, 55, 56, 57, 58, 60, 102, 118, 125, 127, 130, 134, 146, 149, 153, 175, 182, 187, 189, 191, 197, 225, 230, 238, 264, 265, 266, 286, 302, 317, 336, 379, 388, 389, 425, 454, 458, 463, 475, 487, 498, 499, 512, 530, 531, 532, 533, 534, 536, 573, 589, 596, 598, 601, 605, 617, 620, 624, 646, 653, 658, 660, 662, 668, 689, 694, 702, 724, 725, 745, 760, 775, 793, 829, 838, 839, 877, 901, 903, 905, 910, 923]",7/6 successful match,False,[531],True,343,False,,1.0,True,The Garlic Farm Center ( Shell ),Shell
Gilroy ( 95020 ) The Garlic Farm Center ( Shell ),2 408-847-5172 US 101 S & Monterey Rd ( S of CA 152 ),) 24 XL,Gilroy,95020,The Garlic Farm Center ( Shell ),408-847-5172,2014,Gilroy,CA,Shell,( S of CA 152 ),US 101 S & Monterey Rd,empty,,False,,False,US 101,Monterey Rd,,,,[],"[274, 302, 733, 760]","[274, 302, 733, 760]",[],"[103, 104, 105, 106, 107, 108, 109, 110, 111, 112, 113, 114, 115, 116, 117, 118, 119, 120, 121, 122, 123, 124, 125, 126, 127, 128, 129, 130, 131, 132, 133, 134, 135, 136, 137, 138, 139, 140, 141, 142, 143, 144, 145, 146, 147, 148, 149, 150, 151, 152, 153, 154, 155, 156, 157, 158, 159, 160, 161, 162, 163, 164, 165, 166, 167, 168, 169, 170, 171, 172, 173, 174, 175, 176, 177, 178, 179, 180, 181, 182, 183, 184, 185, 186, 187, 188, 189, 190, 191, 192, 193, 194, 195, 196, 197, 198, 199, 200, 201, 202, 203, 204, 205, 206, 207, 208, 209, 210, 211, 212, 213, 214, 215, 216, 217, 218, 219, 220, 221, 222, 223, 224, 225, 226, 227, 228, 229, 230, 231, 232, 233, 234, 235, 236, 237, 238, 239, 240, 241, 242, 243, 244, 245, 246, 247, 248, 249, 250, 251, 252, 253, 254, 255, 256, 257, 258, 259, 260, 261, 262, 263, 264, 265, 266, 267, 268, 269, 270, 271, 272, 273, 274, 275, 276, 277, 278, 279, 280, 281, 282, 283, 284, 285, 286, 287, 288, 289, 290, 291, 292, 293, 294, 295, 296, 297, 298, 299, 300, 301, 302, 303, 304, 305, 306, 307, 308, 309, 310, 311, 312, 313, 314, 315, 316, 317, 318, 319, 320, 321, 322, 323, 324, 325, 326, 327, 328, 329, 330, 331, 332, 333, 334, 335, 336, 337, 574, 575, 576, 577, 578, 579, 580, 581, 582, 583, 584, 585, 586, 587, 588, 589, 590, 591, 592, 593, 594, 595, 596, 597, 598, 599, 600, 601, 602, 603, 604, 605, 606, 607, 608, 609, 610, 611, 612, 613, 614, 615, 616, 617, 618, 619, 620, 621, 622, 623, 624, 625, 626, 627, 628, 629, 630, 631, 632, 633, 634, 635, 636, 637, 638, 639, 640, 641, 642, 643, 644, 645, 646, 647, 648, 649, 650, 651, 652, 653, 654, 655, 656, 657, 658, 659, 660, 661, 662, 663, 664, 665, 666, 667, 668, 669, 670, 671, 672, 673, 674, 675, 676, 677, 678, 679, 680, 681, 682, 683, 684, 685, 686, 687, 688, 689, 690, 691, 692, 693, 694, 695, 696, 697, 698, 699, 700, 701, 702, 703, 704, 705, 706, 707, 708, 709, 710, 711, 712, 713, 714, 715, 716, 717, 718, 719, 720, 721, 722, 723, 724, 725, 726, 727, 728, 729, 730, 731, 732, 733, 734, 735, 736, 737, 738, 739, 740, 741, 742, 743, 744, 745, 746, 747, 748, 749, 750, 751, 752, 753, 754, 755, 756, 757, 758, 759, 760, 761, 762, 763, 764, 765, 766, 767, 768, 769, 770, 771, 772, 773, 774, 775, 776, 777, 778, 779, 780, 781, 782, 783, 784, 785, 786, 787, 788, 789, 790, 791, 792, 793]","[15, 91, 107, 110, 113, 123, 132, 136, 193, 216, 218, 252, 274, 275, 281, 286, 293, 302, 325, 326, 500, 562, 578, 580, 583, 594, 603, 607, 664, 686, 715, 733, 734, 740, 745, 752, 760, 783, 784]","[1, 13, 14, 29, 54, 55, 56, 57, 58, 60, 102, 118, 125, 127, 130, 134, 146, 149, 153, 175, 182, 187, 189, 191, 197, 225, 230, 238, 264, 265, 266, 286, 302, 317, 336, 379, 388, 389, 425, 454, 458, 463, 475, 487, 498, 499, 512, 530, 531, 532, 533, 534, 536, 573, 589, 596, 598, 601, 605, 617, 620, 624, 646, 653, 658, 660, 662, 668, 689, 694, 702, 724, 725, 745, 760, 775, 793, 829, 838, 839, 877, 901, 903, 905, 910, 923]","[1, 13, 14, 29, 54, 55, 56, 57, 58, 60, 102, 118, 125, 127, 130, 134, 146, 149, 153, 175, 182, 187, 189, 191, 197, 225, 230, 238, 264, 265, 266, 286, 302, 317, 336, 354, 379, 388, 389, 425, 454, 458, 463, 475, 487, 498, 499, 512, 530, 531, 532, 533, 534, 536, 573, 589, 596, 598, 601, 605, 617, 620, 624, 646, 653, 658, 660, 662, 668, 689, 694, 702, 724, 725, 745, 760, 775, 793, 809, 829, 838, 839, 877, 901, 903, 905, 910, 923]","[1, 13, 14, 15, 29, 54, 55, 56, 57, 58, 60, 91, 102, 103, 104, 105, 106, 107, 108, 109, 110, 111, 112, 113, 114, 115, 116, 117, 118, 119, 120, 121, 122, 123, 124, 125, 126, 127, 128, 129, 130, 131, 132, 133, 134, 135, 136, 137, 138, 139, 140, 141, 142, 143, 144, 145, 146, 147, 148, 149, 150, 151, 152, 153, 154, 155, 156, 157, 158, 159, 160, 161, 162, 163, 164, 165, 166, 167, 168, 169, 170, 171, 172, 173, 174, 175, 176, 177, 178, 179, 180, 181, 182, 183, 184, 185, 186, 187, 188, 189, 190, 191, 192, 193, 194, 195, 196, 197, 198, 199, 200, 201, 202, 203, 204, 205, 206, 207, 208, 209, 210, 211, 212, 213, 214, 215, 216, 217, 218, 219, 220, 221, 222, 223, 224, 225, 226, 227, 228, 229, 230, 231, 232, 233, 234, 235, 236, 237, 238, 239, 240, 241, 242, 243, 244, 245, 246, 247, 248, 249, 250, 251, 252, 253, 254, 255, 256, 257, 258, 259, 260, 261, 262, 263, 264, 265, 266, 267, 268, 269, 270, 271, 272, 273, 274, 275, 276, 277, 278, 279, 280, 281, 282, 283, 284, 285, 286, 287, 288, 289, 290, 291, 292, 293, 294, 295, 296, 297, 298, 299, 300, 301, 302, 303, 304, 305, 306, 307, 308, 309, 310, 311, 312, 313, 314, 315, 316, 317, 318, 319, 320, 321, 322, 323, 324, 325, 326, 327, 328, 329, 330, 331, 332, 333, 334, 335, 336, 337, 354, 379, 388, 389, 425, 454, 458, 463, 475, 487, 498, 499, 500, 512, 530, 531, 532, 533, 534, 536, 562, 573, 574, 575, 576, 577, 578, 579, 580, 581, 582, 583, 584, 585, 586, 587, 588, 589, 590, 591, 592, 593, 594, 595, 596, 597, 598, 599, 600, 601, 602, 603, 604, 605, 606, 607, 608, 609, 610, 611, 612, 613, 614, 615, 616, 617, 618, 619, 620, 621, 622, 623, 624, 625, 626, 627, 628, 629, 630, 631, 632, 633, 634, 635, 636, 637, 638, 639, 640, 641, 642, 643, 644, 645, 646, 647, 648, 649, 650, 651, 652, 653, 654, 655, 656, 657, 658, 659, 660, 661, 662, 663, 664, 665, 666, 667, 668, 669, 670, 671, 672, 673, 674, 675, 676, 677, 678, 679, 680, 681, 682, 683, 684, 685, 686, 687, 688, 689, 690, 691, 692, 693, 694, 695, 696, 697, 698, 699, 700, 701, 702, 703, 704, 705, 706, 707, 708, 709, 710, 711, 712, 713, 714, 715, 716, 717, 718, 719, 720, 721, 722, 723, 724, 725, 726, 727, 728, 729, 730, 731, 732, 733, 734, 735, 736, 737, 738, 739, 740, 741, 742, 743, 744, 745, 746, 747, 748, 749, 750, 751, 752, 753, 754, 755, 756, 757, 758, 759, 760, 761, 762, 763, 764, 765, 766, 767, 768, 769, 770, 771, 772, 773, 774, 775, 776, 777, 778, 779, 780, 781, 782, 783, 784, 785, 786, 787, 788, 789, 790, 791, 792, 793, 809, 829, 838, 839, 877, 901, 903, 905, 910, 923]",False,"[274, 302, 733, 760]","[103, 104, 105, 106, 107, 108, 109, 110, 111, 112, 113, 114, 115, 116, 117, 118, 119, 120, 121, 122, 123, 124, 125, 126, 127, 128, 129, 130, 131, 132, 133, 134, 135, 136, 137, 138, 139, 140, 141, 142, 143, 144, 145, 146, 147, 148, 149, 150, 151, 152, 153, 154, 155, 156, 157, 158, 159, 160, 161, 162, 163, 164, 165, 166, 167, 168, 169, 170, 171, 172, 173, 174, 175, 176, 177, 178, 179, 180, 181, 182, 183, 184, 185, 186, 187, 188, 189, 190, 191, 192, 193, 194, 195, 196, 197, 198, 199, 200, 201, 202, 203, 204, 205, 206, 207, 208, 209, 210, 211, 212, 213, 214, 215, 216, 217, 218, 219, 220, 221, 222, 223, 224, 225, 226, 227, 228, 229, 230, 231, 232, 233, 234, 235, 236, 237, 238, 239, 240, 241, 242, 243, 244, 245, 246, 247, 248, 249, 250, 251, 252, 253, 254, 255, 256, 257, 258, 259, 260, 261, 262, 263, 264, 265, 266, 267, 268, 269, 270, 271, 272, 273, 274, 275, 276, 277, 278, 279, 280, 281, 282, 283, 284, 285, 286, 287, 288, 289, 290, 291, 292, 293, 294, 295, 296, 297, 298, 299, 300, 301, 302, 303, 304, 305, 306, 307, 308, 309, 310, 311, 312, 313, 314, 315, 316, 317, 318, 319, 320, 321, 322, 323, 324, 325, 326, 327, 328, 329, 330, 331, 332, 333, 334, 335, 336, 337, 574, 575, 576, 577, 578, 579, 580, 581, 582, 583, 584, 585, 586, 587, 588, 589, 590, 591, 592, 593, 594, 595, 596, 597, 598, 599, 600, 601, 602, 603, 604, 605, 606, 607, 608, 609, 610, 611, 612, 613, 614, 615, 616, 617, 618, 619, 620, 621, 622, 623, 624, 625, 626, 627, 628, 629, 630, 631, 632, 633, 634, 635, 636, 637, 638, 639, 640, 641, 642, 643, 644, 645, 646, 647, 648, 649, 650, 651, 652, 653, 654, 655, 656, 657, 658, 659, 660, 661, 662, 663, 664, 665, 666, 667, 668, 669, 670, 671, 672, 673, 674, 675, 676, 677, 678, 679, 680, 681, 682, 683, 684, 685, 686, 687, 688, 689, 690, 691, 692, 693, 694, 695, 696, 697, 698, 699, 700, 701, 702, 703, 704, 705, 706, 707, 708, 709, 710, 711, 712, 713, 714, 715, 716, 717, 718, 719, 720, 721, 722, 723, 724, 725, 726, 727, 728, 729, 730, 731, 732, 733, 734, 735, 736, 737, 738, 739, 740, 741, 742, 743, 744, 745, 746, 747, 748, 749, 750, 751, 752, 753, 754, 755, 756, 757, 758, 759, 760, 761, 762, 763, 764, 765, 766, 767, 768, 769, 770, 771, 772, 773, 774, 775, 776, 777, 778, 779, 780, 781, 782, 783, 784, 785, 786, 787, 788, 789, 790, 791, 792, 793]","[274, 302, 733, 760]",[],"[15, 91, 107, 110, 113, 123, 132, 136, 193, 216, 218, 252, 274, 275, 281, 286, 293, 302, 325, 326, 500, 562, 578, 580, 583, 594, 603, 607, 664, 686, 715, 733, 734, 740, 745, 752, 760, 783, 784]","[1, 13, 14, 29, 54, 55, 56, 57, 58, 60, 102, 118, 125, 127, 130, 134, 146, 149, 153, 175, 182, 187, 189, 191, 197, 225, 230, 238, 264, 265, 266, 286, 302, 317, 336, 354, 379, 388, 389, 425, 454, 458, 463, 475, 487, 498, 499, 512, 530, 531, 532, 533, 534, 536, 573, 589, 596, 598, 601, 605, 617, 620, 624, 646, 653, 658, 660, 662, 668, 689, 694, 702, 724, 725, 745, 760, 775, 793, 809, 829, 838, 839, 877, 901, 903, 905, 910, 923]","[1, 13, 14, 29, 54, 55, 56, 57, 58, 60, 102, 118, 125, 127, 130, 134, 146, 149, 153, 175, 182, 187, 189, 191, 197, 225, 230, 238, 264, 265, 266, 286, 302, 317, 336, 379, 388, 389, 425, 454, 458, 463, 475, 487, 498, 499, 512, 530, 531, 532, 533, 534, 536, 573, 589, 596, 598, 601, 605, 617, 620, 624, 646, 653, 658, 660, 662, 668, 689, 694, 702, 724, 725, 745, 760, 775, 793, 829, 838, 839, 877, 901, 903, 905, 910, 923]",7/6 successful match,False,[531],True,343,False,,1.0,True,The Garlic Farm Center ( Shell ),Shell
Gilroy ( 95020 ) The Garlic Farm Center ( Shell ) Rd ),2 408-847-5172 US 101 S & Monterey Rd ( S of,24,Gilroy,95020,The Garlic Farm Center ( Shell ) Rd ),408-847-5172,2015,Gilroy,CA,Shell,( S of,US 101 S & Monterey Rd,empty,,False,,False,US 101,Monterey Rd,,,,[],"[274, 302, 733, 760]","[274, 302, 733, 760]",[],"[103, 104, 105, 106, 107, 108, 109, 110, 111, 112, 113, 114, 115, 116, 117, 118, 119, 120, 121, 122, 123, 124, 125, 126, 127, 128, 129, 130, 131, 132, 133, 134, 135, 136, 137, 138, 139, 140, 141, 142, 143, 144, 145, 146, 147, 148, 149, 150, 151, 152, 153, 154, 155, 156, 157, 158, 159, 160, 161, 162, 163, 164, 165, 166, 167, 168, 169, 170, 171, 172, 173, 174, 175, 176, 177, 178, 179, 180, 181, 182, 183, 184, 185, 186, 187, 188, 189, 190, 191, 192, 193, 194, 195, 196, 197, 198, 199, 200, 201, 202, 203, 204, 205, 206, 207, 208, 209, 210, 211, 212, 213, 214, 215, 216, 217, 218, 219, 220, 221, 222, 223, 224, 225, 226, 227, 228, 229, 230, 231, 232, 233, 234, 235, 236, 237, 238, 239, 240, 241, 242, 243, 244, 245, 246, 247, 248, 249, 250, 251, 252, 253, 254, 255, 256, 257, 258, 259, 260, 261, 262, 263, 264, 265, 266, 267, 268, 269, 270, 271, 272, 273, 274, 275, 276, 277, 278, 279, 280, 281, 282, 283, 284, 285, 286, 287, 288, 289, 290, 291, 292, 293, 294, 295, 296, 297, 298, 299, 300, 301, 302, 303, 304, 305, 306, 307, 308, 309, 310, 311, 312, 313, 314, 315, 316, 317, 318, 319, 320, 321, 322, 323, 324, 325, 326, 327, 328, 329, 330, 331, 332, 333, 334, 335, 336, 337, 574, 575, 576, 577, 578, 579, 580, 581, 582, 583, 584, 585, 586, 587, 588, 589, 590, 591, 592, 593, 594, 595, 596, 597, 598, 599, 600, 601, 602, 603, 604, 605, 606, 607, 608, 609, 610, 611, 612, 613, 614, 615, 616, 617, 618, 619, 620, 621, 622, 623, 624, 625, 626, 627, 628, 629, 630, 631, 632, 633, 634, 635, 636, 637, 638, 639, 640, 641, 642, 643, 644, 645, 646, 647, 648, 649, 650, 651, 652, 653, 654, 655, 656, 657, 658, 659, 660, 661, 662, 663, 664, 665, 666, 667, 668, 669, 670, 671, 672, 673, 674, 675, 676, 677, 678, 679, 680, 681, 682, 683, 684, 685, 686, 687, 688, 689, 690, 691, 692, 693, 694, 695, 696, 697, 698, 699, 700, 701, 702, 703, 704, 705, 706, 707, 708, 709, 710, 711, 712, 713, 714, 715, 716, 717, 718, 719, 720, 721, 722, 723, 724, 725, 726, 727, 728, 729, 730, 731, 732, 733, 734, 735, 736, 737, 738, 739, 740, 741, 742, 743, 744, 745, 746, 747, 748, 749, 750, 751, 752, 753, 754, 755, 756, 757, 758, 759, 760, 761, 762, 763, 764, 765, 766, 767, 768, 769, 770, 771, 772, 773, 774, 775, 776, 777, 778, 779, 780, 781, 782, 783, 784, 785, 786, 787, 788, 789, 790, 791, 792, 793]","[15, 91, 107, 110, 113, 123, 132, 136, 193, 216, 218, 252, 274, 275, 281, 286, 293, 302, 325, 326, 500, 562, 578, 580, 583, 594, 603, 607, 664, 686, 715, 733, 734, 740, 745, 752, 760, 783, 784]","[1, 13, 14, 29, 54, 55, 56, 57, 58, 60, 102, 118, 125, 127, 130, 134, 146, 149, 153, 175, 182, 187, 189, 191, 197, 225, 230, 238, 264, 265, 266, 286, 302, 317, 336, 379, 388, 389, 425, 454, 458, 463, 475, 487, 498, 499, 512, 530, 531, 532, 533, 534, 536, 573, 589, 596, 598, 601, 605, 617, 620, 624, 646, 653, 658, 660, 662, 668, 689, 694, 702, 724, 725, 745, 760, 775, 793, 829, 838, 839, 877, 901, 903, 905, 910, 923]","[1, 13, 14, 29, 54, 55, 56, 57, 58, 60, 102, 118, 125, 127, 130, 134, 146, 149, 153, 175, 182, 187, 189, 191, 197, 225, 230, 238, 264, 265, 266, 286, 302, 317, 336, 354, 379, 388, 389, 425, 454, 458, 463, 475, 487, 498, 499, 512, 530, 531, 532, 533, 534, 536, 573, 589, 596, 598, 601, 605, 617, 620, 624, 646, 653, 658, 660, 662, 668, 689, 694, 702, 724, 725, 745, 760, 775, 793, 809, 829, 838, 839, 877, 901, 903, 905, 910, 923]","[1, 13, 14, 15, 29, 54, 55, 56, 57, 58, 60, 91, 102, 103, 104, 105, 106, 107, 108, 109, 110, 111, 112, 113, 114, 115, 116, 117, 118, 119, 120, 121, 122, 123, 124, 125, 126, 127, 128, 129, 130, 131, 132, 133, 134, 135, 136, 137, 138, 139, 140, 141, 142, 143, 144, 145, 146, 147, 148, 149, 150, 151, 152, 153, 154, 155, 156, 157, 158, 159, 160, 161, 162, 163, 164, 165, 166, 167, 168, 169, 170, 171, 172, 173, 174, 175, 176, 177, 178, 179, 180, 181, 182, 183, 184, 185, 186, 187, 188, 189, 190, 191, 192, 193, 194, 195, 196, 197, 198, 199, 200, 201, 202, 203, 204, 205, 206, 207, 208, 209, 210, 211, 212, 213, 214, 215, 216, 217, 218, 219, 220, 221, 222, 223, 224, 225, 226, 227, 228, 229, 230, 231, 232, 233, 234, 235, 236, 237, 238, 239, 240, 241, 242, 243, 244, 245, 246, 247, 248, 249, 250, 251, 252, 253, 254, 255, 256, 257, 258, 259, 260, 261, 262, 263, 264, 265, 266, 267, 268, 269, 270, 271, 272, 273, 274, 275, 276, 277, 278, 279, 280, 281, 282, 283, 284, 285, 286, 287, 288, 289, 290, 291, 292, 293, 294, 295, 296, 297, 298, 299, 300, 301, 302, 303, 304, 305, 306, 307, 308, 309, 310, 311, 312, 313, 314, 315, 316, 317, 318, 319, 320, 321, 322, 323, 324, 325, 326, 327, 328, 329, 330, 331, 332, 333, 334, 335, 336, 337, 354, 379, 388, 389, 425, 454, 458, 463, 475, 487, 498, 499, 500, 512, 530, 531, 532, 533, 534, 536, 562, 573, 574, 575, 576, 577, 578, 579, 580, 581, 582, 583, 584, 585, 586, 587, 588, 589, 590, 591, 592, 593, 594, 595, 596, 597, 598, 599, 600, 601, 602, 603, 604, 605, 606, 607, 608, 609, 610, 611, 612, 613, 614, 615, 616, 617, 618, 619, 620, 621, 622, 623, 624, 625, 626, 627, 628, 629, 630, 631, 632, 633, 634, 635, 636, 637, 638, 639, 640, 641, 642, 643, 644, 645, 646, 647, 648, 649, 650, 651, 652, 653, 654, 655, 656, 657, 658, 659, 660, 661, 662, 663, 664, 665, 666, 667, 668, 669, 670, 671, 672, 673, 674, 675, 676, 677, 678, 679, 680, 681, 682, 683, 684, 685, 686, 687, 688, 689, 690, 691, 692, 693, 694, 695, 696, 697, 698, 699, 700, 701, 702, 703, 704, 705, 706, 707, 708, 709, 710, 711, 712, 713, 714, 715, 716, 717, 718, 719, 720, 721, 722, 723, 724, 725, 726, 727, 728, 729, 730, 731, 732, 733, 734, 735, 736, 737, 738, 739, 740, 741, 742, 743, 744, 745, 746, 747, 748, 749, 750, 751, 752, 753, 754, 755, 756, 757, 758, 759, 760, 761, 762, 763, 764, 765, 766, 767, 768, 769, 770, 771, 772, 773, 774, 775, 776, 777, 778, 779, 780, 781, 782, 783, 784, 785, 786, 787, 788, 789, 790, 791, 792, 793, 809, 829, 838, 839, 877, 901, 903, 905, 910, 923]",False,"[274, 302, 733, 760]","[103, 104, 105, 106, 107, 108, 109, 110, 111, 112, 113, 114, 115, 116, 117, 118, 119, 120, 121, 122, 123, 124, 125, 126, 127, 128, 129, 130, 131, 132, 133, 134, 135, 136, 137, 138, 139, 140, 141, 142, 143, 144, 145, 146, 147, 148, 149, 150, 151, 152, 153, 154, 155, 156, 157, 158, 159, 160, 161, 162, 163, 164, 165, 166, 167, 168, 169, 170, 171, 172, 173, 174, 175, 176, 177, 178, 179, 180, 181, 182, 183, 184, 185, 186, 187, 188, 189, 190, 191, 192, 193, 194, 195, 196, 197, 198, 199, 200, 201, 202, 203, 204, 205, 206, 207, 208, 209, 210, 211, 212, 213, 214, 215, 216, 217, 218, 219, 220, 221, 222, 223, 224, 225, 226, 227, 228, 229, 230, 231, 232, 233, 234, 235, 236, 237, 238, 239, 240, 241, 242, 243, 244, 245, 246, 247, 248, 249, 250, 251, 252, 253, 254, 255, 256, 257, 258, 259, 260, 261, 262, 263, 264, 265, 266, 267, 268, 269, 270, 271, 272, 273, 274, 275, 276, 277, 278, 279, 280, 281, 282, 283, 284, 285, 286, 287, 288, 289, 290, 291, 292, 293, 294, 295, 296, 297, 298, 299, 300, 301, 302, 303, 304, 305, 306, 307, 308, 309, 310, 311, 312, 313, 314, 315, 316, 317, 318, 319, 320, 321, 322, 323, 324, 325, 326, 327, 328, 329, 330, 331, 332, 333, 334, 335, 336, 337, 574, 575, 576, 577, 578, 579, 580, 581, 582, 583, 584, 585, 586, 587, 588, 589, 590, 591, 592, 593, 594, 595, 596, 597, 598, 599, 600, 601, 602, 603, 604, 605, 606, 607, 608, 609, 610, 611, 612, 613, 614, 615, 616, 617, 618, 619, 620, 621, 622, 623, 624, 625, 626, 627, 628, 629, 630, 631, 632, 633, 634, 635, 636, 637, 638, 639, 640, 641, 642, 643, 644, 645, 646, 647, 648, 649, 650, 651, 652, 653, 654, 655, 656, 657, 658, 659, 660, 661, 662, 663, 664, 665, 666, 667, 668, 669, 670, 671, 672, 673, 674, 675, 676, 677, 678, 679, 680, 681, 682, 683, 684, 685, 686, 687, 688, 689, 690, 691, 692, 693, 694, 695, 696, 697, 698, 699, 700, 701, 702, 703, 704, 705, 706, 707, 708, 709, 710, 711, 712, 713, 714, 715, 716, 717, 718, 719, 720, 721, 722, 723, 724, 725, 726, 727, 728, 729, 730, 731, 732, 733, 734, 735, 736, 737, 738, 739, 740, 741, 742, 743, 744, 745, 746, 747, 748, 749, 750, 751, 752, 753, 754, 755, 756, 757, 758, 759, 760, 761, 762, 763, 764, 765, 766, 767, 768, 769, 770, 771, 772, 773, 774, 775, 776, 777, 778, 779, 780, 781, 782, 783, 784, 785, 786, 787, 788, 789, 790, 791, 792, 793]","[274, 302, 733, 760]",[],"[15, 91, 107, 110, 113, 123, 132, 136, 193, 216, 218, 252, 274, 275, 281, 286, 293, 302, 325, 326, 500, 562, 578, 580, 583, 594, 603, 607, 664, 686, 715, 733, 734, 740, 745, 752, 760, 783, 784]","[1, 13, 14, 29, 54, 55, 56, 57, 58, 60, 102, 118, 125, 127, 130, 134, 146, 149, 153, 175, 182, 187, 189, 191, 197, 225, 230, 238, 264, 265, 266, 286, 302, 317, 336, 354, 379, 388, 389, 425, 454, 458, 463, 475, 487, 498, 499, 512, 530, 531, 532, 533, 534, 536, 573, 589, 596, 598, 601, 605, 617, 620, 624, 646, 653, 658, 660, 662, 668, 689, 694, 702, 724, 725, 745, 760, 775, 793, 809, 829, 838, 839, 877, 901, 903, 905, 910, 923]","[1, 13, 14, 29, 54, 55, 56, 57, 58, 60, 102, 118, 125, 127, 130, 134, 146, 149, 153, 175, 182, 187, 189, 191, 197, 225, 230, 238, 264, 265, 266, 286, 302, 317, 336, 379, 388, 389, 425, 454, 458, 463, 475, 487, 498, 499, 512, 530, 531, 532, 533, 534, 536, 573, 589, 596, 598, 601, 605, 617, 620, 624, 646, 653, 658, 660, 662, 668, 689, 694, 702, 724, 725, 745, 760, 775, 793, 829, 838, 839, 877, 901, 903, 905, 910, 923]",7/6 successful match,False,[531],True,343,False,,1.0,True,The Garlic Farm Center ( Shell ),Shell
Gilroy ( 95020 ) The Garlic Farm Center W ( Leavesley ( Shell Rd ),408-847-5172 US 101 S & ),24 RS L,Gilroy,95020,The Garlic Farm Center W ( Leavesley ( Shell Rd ),408-847-5172,2016,Gilroy,CA,Shell,,US 101 S & ,empty,,False,,False,US 101,,,,,[],"[274, 302, 733, 760]","[274, 302, 733, 760]",[],"[103, 104, 105, 106, 107, 108, 109, 110, 111, 112, 113, 114, 115, 116, 117, 118, 119, 120, 121, 122, 123, 124, 125, 126, 127, 128, 129, 130, 131, 132, 133, 134, 135, 136, 137, 138, 139, 140, 141, 142, 143, 144, 145, 146, 147, 148, 149, 150, 151, 152, 153, 154, 155, 156, 157, 158, 159, 160, 161, 162, 163, 164, 165, 166, 167, 168, 169, 170, 171, 172, 173, 174, 175, 176, 177, 178, 179, 180, 181, 182, 183, 184, 185, 186, 187, 188, 189, 190, 191, 192, 193, 194, 195, 196, 197, 198, 199, 200, 201, 202, 203, 204, 205, 206, 207, 208, 209, 210, 211, 212, 213, 214, 215, 216, 217, 218, 219, 220, 221, 222, 223, 224, 225, 226, 227, 228, 229, 230, 231, 232, 233, 234, 235, 236, 237, 238, 239, 240, 241, 242, 243, 244, 245, 246, 247, 248, 249, 250, 251, 252, 253, 254, 255, 256, 257, 258, 259, 260, 261, 262, 263, 264, 265, 266, 267, 268, 269, 270, 271, 272, 273, 274, 275, 276, 277, 278, 279, 280, 281, 282, 283, 284, 285, 286, 287, 288, 289, 290, 291, 292, 293, 294, 295, 296, 297, 298, 299, 300, 301, 302, 303, 304, 305, 306, 307, 308, 309, 310, 311, 312, 313, 314, 315, 316, 317, 318, 319, 320, 321, 322, 323, 324, 325, 326, 327, 328, 329, 330, 331, 332, 333, 334, 335, 336, 337, 574, 575, 576, 577, 578, 579, 580, 581, 582, 583, 584, 585, 586, 587, 588, 589, 590, 591, 592, 593, 594, 595, 596, 597, 598, 599, 600, 601, 602, 603, 604, 605, 606, 607, 608, 609, 610, 611, 612, 613, 614, 615, 616, 617, 618, 619, 620, 621, 622, 623, 624, 625, 626, 627, 628, 629, 630, 631, 632, 633, 634, 635, 636, 637, 638, 639, 640, 641, 642, 643, 644, 645, 646, 647, 648, 649, 650, 651, 652, 653, 654, 655, 656, 657, 658, 659, 660, 661, 662, 663, 664, 665, 666, 667, 668, 669, 670, 671, 672, 673, 674, 675, 676, 677, 678, 679, 680, 681, 682, 683, 684, 685, 686, 687, 688, 689, 690, 691, 692, 693, 694, 695, 696, 697, 698, 699, 700, 701, 702, 703, 704, 705, 706, 707, 708, 709, 710, 711, 712, 713, 714, 715, 716, 717, 718, 719, 720, 721, 722, 723, 724, 725, 726, 727, 728, 729, 730, 731, 732, 733, 734, 735, 736, 737, 738, 739, 740, 741, 742, 743, 744, 745, 746, 747, 748, 749, 750, 751, 752, 753, 754, 755, 756, 757, 758, 759, 760, 761, 762, 763, 764, 765, 766, 767, 768, 769, 770, 771, 772, 773, 774, 775, 776, 777, 778, 779, 780, 781, 782, 783, 784, 785, 786, 787, 788, 789, 790, 791, 792, 793]","[15, 91, 107, 110, 113, 123, 132, 136, 193, 216, 218, 252, 274, 275, 281, 286, 293, 302, 325, 326, 500, 562, 578, 580, 583, 594, 603, 607, 664, 686, 715, 733, 734, 740, 745, 752, 760, 783, 784]","[1, 13, 14, 29, 54, 55, 56, 57, 58, 60, 102, 118, 125, 127, 130, 134, 146, 149, 153, 175, 182, 187, 189, 191, 197, 225, 230, 238, 264, 265, 266, 286, 302, 317, 336, 379, 388, 389, 425, 454, 458, 463, 475, 487, 498, 499, 512, 530, 531, 532, 533, 534, 536, 573, 589, 596, 598, 601, 605, 617, 620, 624, 646, 653, 658, 660, 662, 668, 689, 694, 702, 724, 725, 745, 760, 775, 793, 829, 838, 839, 877, 901, 903, 905, 910, 923]","[1, 13, 14, 29, 54, 55, 56, 57, 58, 60, 102, 118, 125, 127, 130, 134, 146, 149, 153, 175, 182, 187, 189, 191, 197, 225, 230, 238, 264, 265, 266, 286, 302, 317, 336, 354, 379, 388, 389, 425, 454, 458, 463, 475, 487, 498, 499, 512, 530, 531, 532, 533, 534, 536, 573, 589, 596, 598, 601, 605, 617, 620, 624, 646, 653, 658, 660, 662, 668, 689, 694, 702, 724, 725, 745, 760, 775, 793, 809, 829, 838, 839, 877, 901, 903, 905, 910, 923]","[1, 13, 14, 15, 29, 54, 55, 56, 57, 58, 60, 91, 102, 103, 104, 105, 106, 107, 108, 109, 110, 111, 112, 113, 114, 115, 116, 117, 118, 119, 120, 121, 122, 123, 124, 125, 126, 127, 128, 129, 130, 131, 132, 133, 134, 135, 136, 137, 138, 139, 140, 141, 142, 143, 144, 145, 146, 147, 148, 149, 150, 151, 152, 153, 154, 155, 156, 157, 158, 159, 160, 161, 162, 163, 164, 165, 166, 167, 168, 169, 170, 171, 172, 173, 174, 175, 176, 177, 178, 179, 180, 181, 182, 183, 184, 185, 186, 187, 188, 189, 190, 191, 192, 193, 194, 195, 196, 197, 198, 199, 200, 201, 202, 203, 204, 205, 206, 207, 208, 209, 210, 211, 212, 213, 214, 215, 216, 217, 218, 219, 220, 221, 222, 223, 224, 225, 226, 227, 228, 229, 230, 231, 232, 233, 234, 235, 236, 237, 238, 239, 240, 241, 242, 243, 244, 245, 246, 247, 248, 249, 250, 251, 252, 253, 254, 255, 256, 257, 258, 259, 260, 261, 262, 263, 264, 265, 266, 267, 268, 269, 270, 271, 272, 273, 274, 275, 276, 277, 278, 279, 280, 281, 282, 283, 284, 285, 286, 287, 288, 289, 290, 291, 292, 293, 294, 295, 296, 297, 298, 299, 300, 301, 302, 303, 304, 305, 306, 307, 308, 309, 310, 311, 312, 313, 314, 315, 316, 317, 318, 319, 320, 321, 322, 323, 324, 325, 326, 327, 328, 329, 330, 331, 332, 333, 334, 335, 336, 337, 354, 379, 388, 389, 425, 454, 458, 463, 475, 487, 498, 499, 500, 512, 530, 531, 532, 533, 534, 536, 562, 573, 574, 575, 576, 577, 578, 579, 580, 581, 582, 583, 584, 585, 586, 587, 588, 589, 590, 591, 592, 593, 594, 595, 596, 597, 598, 599, 600, 601, 602, 603, 604, 605, 606, 607, 608, 609, 610, 611, 612, 613, 614, 615, 616, 617, 618, 619, 620, 621, 622, 623, 624, 625, 626, 627, 628, 629, 630, 631, 632, 633, 634, 635, 636, 637, 638, 639, 640, 641, 642, 643, 644, 645, 646, 647, 648, 649, 650, 651, 652, 653, 654, 655, 656, 657, 658, 659, 660, 661, 662, 663, 664, 665, 666, 667, 668, 669, 670, 671, 672, 673, 674, 675, 676, 677, 678, 679, 680, 681, 682, 683, 684, 685, 686, 687, 688, 689, 690, 691, 692, 693, 694, 695, 696, 697, 698, 699, 700, 701, 702, 703, 704, 705, 706, 707, 708, 709, 710, 711, 712, 713, 714, 715, 716, 717, 718, 719, 720, 721, 722, 723, 724, 725, 726, 727, 728, 729, 730, 731, 732, 733, 734, 735, 736, 737, 738, 739, 740, 741, 742, 743, 744, 745, 746, 747, 748, 749, 750, 751, 752, 753, 754, 755, 756, 757, 758, 759, 760, 761, 762, 763, 764, 765, 766, 767, 768, 769, 770, 771, 772, 773, 774, 775, 776, 777, 778, 779, 780, 781, 782, 783, 784, 785, 786, 787, 788, 789, 790, 791, 792, 793, 809, 829, 838, 839, 877, 901, 903, 905, 910, 923]",False,"[274, 302, 733, 760]","[103, 104, 105, 106, 107, 108, 109, 110, 111, 112, 113, 114, 115, 116, 117, 118, 119, 120, 121, 122, 123, 124, 125, 126, 127, 128, 129, 130, 131, 132, 133, 134, 135, 136, 137, 138, 139, 140, 141, 142, 143, 144, 145, 146, 147, 148, 149, 150, 151, 152, 153, 154, 155, 156, 157, 158, 159, 160, 161, 162, 163, 164, 165, 166, 167, 168, 169, 170, 171, 172, 173, 174, 175, 176, 177, 178, 179, 180, 181, 182, 183, 184, 185, 186, 187, 188, 189, 190, 191, 192, 193, 194, 195, 196, 197, 198, 199, 200, 201, 202, 203, 204, 205, 206, 207, 208, 209, 210, 211, 212, 213, 214, 215, 216, 217, 218, 219, 220, 221, 222, 223, 224, 225, 226, 227, 228, 229, 230, 231, 232, 233, 234, 235, 236, 237, 238, 239, 240, 241, 242, 243, 244, 245, 246, 247, 248, 249, 250, 251, 252, 253, 254, 255, 256, 257, 258, 259, 260, 261, 262, 263, 264, 265, 266, 267, 268, 269, 270, 271, 272, 273, 274, 275, 276, 277, 278, 279, 280, 281, 282, 283, 284, 285, 286, 287, 288, 289, 290, 291, 292, 293, 294, 295, 296, 297, 298, 299, 300, 301, 302, 303, 304, 305, 306, 307, 308, 309, 310, 311, 312, 313, 314, 315, 316, 317, 318, 319, 320, 321, 322, 323, 324, 325, 326, 327, 328, 329, 330, 331, 332, 333, 334, 335, 336, 337, 574, 575, 576, 577, 578, 579, 580, 581, 582, 583, 584, 585, 586, 587, 588, 589, 590, 591, 592, 593, 594, 595, 596, 597, 598, 599, 600, 601, 602, 603, 604, 605, 606, 607, 608, 609, 610, 611, 612, 613, 614, 615, 616, 617, 618, 619, 620, 621, 622, 623, 624, 625, 626, 627, 628, 629, 630, 631, 632, 633, 634, 635, 636, 637, 638, 639, 640, 641, 642, 643, 644, 645, 646, 647, 648, 649, 650, 651, 652, 653, 654, 655, 656, 657, 658, 659, 660, 661, 662, 663, 664, 665, 666, 667, 668, 669, 670, 671, 672, 673, 674, 675, 676, 677, 678, 679, 680, 681, 682, 683, 684, 685, 686, 687, 688, 689, 690, 691, 692, 693, 694, 695, 696, 697, 698, 699, 700, 701, 702, 703, 704, 705, 706, 707, 708, 709, 710, 711, 712, 713, 714, 715, 716, 717, 718, 719, 720, 721, 722, 723, 724, 725, 726, 727, 728, 729, 730, 731, 732, 733, 734, 735, 736, 737, 738, 739, 740, 741, 742, 743, 744, 745, 746, 747, 748, 749, 750, 751, 752, 753, 754, 755, 756, 757, 758, 759, 760, 761, 762, 763, 764, 765, 766, 767, 768, 769, 770, 771, 772, 773, 774, 775, 776, 777, 778, 779, 780, 781, 782, 783, 784, 785, 786, 787, 788, 789, 790, 791, 792, 793]","[274, 302, 733, 760]",[],"[15, 91, 107, 110, 113, 123, 132, 136, 193, 216, 218, 252, 274, 275, 281, 286, 293, 302, 325, 326, 500, 562, 578, 580, 583, 594, 603, 607, 664, 686, 715, 733, 734, 740, 745, 752, 760, 783, 784]","[1, 13, 14, 29, 54, 55, 56, 57, 58, 60, 102, 118, 125, 127, 130, 134, 146, 149, 153, 175, 182, 187, 189, 191, 197, 225, 230, 238, 264, 265, 266, 286, 302, 317, 336, 354, 379, 388, 389, 425, 454, 458, 463, 475, 487, 498, 499, 512, 530, 531, 532, 533, 534, 536, 573, 589, 596, 598, 601, 605, 617, 620, 624, 646, 653, 658, 660, 662, 668, 689, 694, 702, 724, 725, 745, 760, 775, 793, 809, 829, 838, 839, 877, 901, 903, 905, 910, 923]","[1, 13, 14, 29, 54, 55, 56, 57, 58, 60, 102, 118, 125, 127, 130, 134, 146, 149, 153, 175, 182, 187, 189, 191, 197, 225, 230, 238, 264, 265, 266, 286, 302, 317, 336, 379, 388, 389, 425, 454, 458, 463, 475, 487, 498, 499, 512, 530, 531, 532, 533, 534, 536, 573, 589, 596, 598, 601, 605, 617, 620, 624, 646, 653, 658, 660, 662, 668, 689, 694, 702, 724, 725, 745, 760, 775, 793, 829, 838, 839, 877, 901, 903, 905, 910, 923]",7/6 successful match,False,[531],True,343,False,,1.0,True,The Garlic Farm Center ( Shell ) Rd ),Shell
"Hollister , 95023 Casa de Fruta ( Chevron )",408-842-9316 CA 152,24 S <U+2610>,Hollister,95023,Casa de Fruta ( Chevron ),408-842-9316,2006,Hollister,CA,Chevron,,CA 152,empty,,False,,False,CA 152,,,,,[],"[137, 608]","[137, 608]",[],"[103, 104, 105, 106, 107, 108, 109, 110, 111, 112, 113, 114, 115, 116, 117, 118, 119, 120, 121, 122, 123, 124, 125, 126, 127, 128, 129, 130, 131, 132, 133, 134, 135, 136, 137, 138, 139, 140, 141, 142, 143, 144, 145, 146, 147, 148, 149, 150, 151, 152, 153, 154, 155, 156, 157, 158, 159, 160, 161, 162, 163, 164, 165, 166, 167, 168, 169, 170, 171, 172, 173, 174, 175, 176, 177, 178, 179, 180, 181, 182, 183, 184, 185, 186, 187, 188, 189, 190, 191, 192, 193, 194, 195, 196, 197, 198, 199, 200, 201, 202, 203, 204, 205, 206, 207, 208, 209, 210, 211, 212, 213, 214, 215, 216, 217, 218, 219, 220, 221, 222, 223, 224, 225, 226, 227, 228, 229, 230, 231, 232, 233, 234, 235, 236, 237, 238, 239, 240, 241, 242, 243, 244, 245, 246, 247, 248, 249, 250, 251, 252, 253, 254, 255, 256, 257, 258, 259, 260, 261, 262, 263, 264, 265, 266, 267, 268, 269, 270, 271, 272, 273, 274, 275, 276, 277, 278, 279, 280, 281, 282, 283, 284, 285, 286, 287, 288, 289, 290, 291, 292, 293, 294, 295, 296, 297, 298, 299, 300, 301, 302, 303, 304, 305, 306, 307, 308, 309, 310, 311, 312, 313, 314, 315, 316, 317, 318, 319, 320, 321, 322, 323, 324, 325, 326, 327, 328, 329, 330, 331, 332, 333, 334, 335, 336, 337, 574, 575, 576, 577, 578, 579, 580, 581, 582, 583, 584, 585, 586, 587, 588, 589, 590, 591, 592, 593, 594, 595, 596, 597, 598, 599, 600, 601, 602, 603, 604, 605, 606, 607, 608, 609, 610, 611, 612, 613, 614, 615, 616, 617, 618, 619, 620, 621, 622, 623, 624, 625, 626, 627, 628, 629, 630, 631, 632, 633, 634, 635, 636, 637, 638, 639, 640, 641, 642, 643, 644, 645, 646, 647, 648, 649, 650, 651, 652, 653, 654, 655, 656, 657, 658, 659, 660, 661, 662, 663, 664, 665, 666, 667, 668, 669, 670, 671, 672, 673, 674, 675, 676, 677, 678, 679, 680, 681, 682, 683, 684, 685, 686, 687, 688, 689, 690, 691, 692, 693, 694, 695, 696, 697, 698, 699, 700, 701, 702, 703, 704, 705, 706, 707, 708, 709, 710, 711, 712, 713, 714, 715, 716, 717, 718, 719, 720, 721, 722, 723, 724, 725, 726, 727, 728, 729, 730, 731, 732, 733, 734, 735, 736, 737, 738, 739, 740, 741, 742, 743, 744, 745, 746, 747, 748, 749, 750, 751, 752, 753, 754, 755, 756, 757, 758, 759, 760, 761, 762, 763, 764, 765, 766, 767, 768, 769, 770, 771, 772, 773, 774, 775, 776, 777, 778, 779, 780, 781, 782, 783, 784, 785, 786, 787, 788, 789, 790, 791, 792, 793]","[103, 104, 106, 117, 118, 120, 127, 128, 129, 131, 133, 135, 136, 137, 139, 146, 147, 148, 149, 151, 158, 160, 162, 166, 173, 178, 179, 185, 190, 192, 198, 201, 203, 204, 206, 207, 212, 213, 214, 219, 223, 224, 225, 227, 230, 235, 237, 246, 247, 256, 259, 262, 263, 266, 268, 269, 271, 272, 278, 279, 284, 285, 288, 290, 292, 304, 312, 316, 319, 320, 323, 324, 332, 574, 575, 588, 591, 607, 608, 610, 618, 619, 620, 622, 632, 644, 649, 650, 656, 661, 663, 669, 674, 677, 683, 684, 687, 688, 689, 701, 710, 723, 730, 731, 738, 747, 751, 762, 774, 778, 789]","[12, 24, 25, 28, 88, 100, 104, 119, 123, 129, 136, 137, 139, 140, 141, 148, 155, 169, 172, 179, 183, 185, 188, 196, 198, 217, 237, 267, 270, 278, 319, 321, 324, 325, 330, 334, 335, 354, 366, 369, 380, 383, 384, 386, 395, 407, 411, 423, 428, 436, 437, 452, 453, 456, 467, 471, 477, 478, 479, 497, 508, 511, 559, 571, 575, 590, 594, 600, 607, 608, 610, 611, 612, 619, 627, 640, 643, 650, 654, 656, 659, 667, 669, 685, 701, 726, 729, 737, 777, 779, 782, 783, 787, 790, 791, 809, 817, 819, 830, 833, 834, 836, 845, 856, 857, 860, 862, 875, 880, 887, 888, 899, 900, 914, 918, 921, 928, 929, 930]","[12, 24, 25, 28, 88, 100, 104, 119, 123, 129, 136, 137, 139, 140, 141, 148, 155, 169, 172, 179, 183, 185, 188, 196, 198, 217, 237, 267, 270, 278, 319, 321, 324, 325, 330, 334, 335, 354, 366, 369, 380, 383, 384, 386, 395, 407, 411, 423, 428, 436, 437, 452, 453, 456, 467, 471, 477, 478, 479, 497, 508, 511, 559, 571, 575, 590, 594, 600, 607, 608, 610, 611, 612, 619, 627, 640, 643, 650, 654, 656, 659, 667, 669, 685, 701, 726, 729, 737, 777, 779, 782, 783, 787, 790, 791, 809, 817, 819, 830, 833, 834, 836, 845, 856, 857, 860, 862, 875, 880, 887, 888, 899, 900, 914, 918, 921, 928, 929, 930]","[12, 24, 25, 28, 88, 100, 103, 104, 105, 106, 107, 108, 109, 110, 111, 112, 113, 114, 115, 116, 117, 118, 119, 120, 121, 122, 123, 124, 125, 126, 127, 128, 129, 130, 131, 132, 133, 134, 135, 136, 137, 138, 139, 140, 141, 142, 143, 144, 145, 146, 147, 148, 149, 150, 151, 152, 153, 154, 155, 156, 157, 158, 159, 160, 161, 162, 163, 164, 165, 166, 167, 168, 169, 170, 171, 172, 173, 174, 175, 176, 177, 178, 179, 180, 181, 182, 183, 184, 185, 186, 187, 188, 189, 190, 191, 192, 193, 194, 195, 196, 197, 198, 199, 200, 201, 202, 203, 204, 205, 206, 207, 208, 209, 210, 211, 212, 213, 214, 215, 216, 217, 218, 219, 220, 221, 222, 223, 224, 225, 226, 227, 228, 229, 230, 231, 232, 233, 234, 235, 236, 237, 238, 239, 240, 241, 242, 243, 244, 245, 246, 247, 248, 249, 250, 251, 252, 253, 254, 255, 256, 257, 258, 259, 260, 261, 262, 263, 264, 265, 266, 267, 268, 269, 270, 271, 272, 273, 274, 275, 276, 277, 278, 279, 280, 281, 282, 283, 284, 285, 286, 287, 288, 289, 290, 291, 292, 293, 294, 295, 296, 297, 298, 299, 300, 301, 302, 303, 304, 305, 306, 307, 308, 309, 310, 311, 312, 313, 314, 315, 316, 317, 318, 319, 320, 321, 322, 323, 324, 325, 326, 327, 328, 329, 330, 331, 332, 333, 334, 335, 336, 337, 354, 366, 369, 380, 383, 384, 386, 395, 407, 411, 423, 428, 436, 437, 452, 453, 456, 467, 471, 477, 478, 479, 497, 508, 511, 559, 571, 574, 575, 576, 577, 578, 579, 580, 581, 582, 583, 584, 585, 586, 587, 588, 589, 590, 591, 592, 593, 594, 595, 596, 597, 598, 599, 600, 601, 602, 603, 604, 605, 606, 607, 608, 609, 610, 611, 612, 613, 614, 615, 616, 617, 618, 619, 620, 621, 622, 623, 624, 625, 626, 627, 628, 629, 630, 631, 632, 633, 634, 635, 636, 637, 638, 639, 640, 641, 642, 643, 644, 645, 646, 647, 648, 649, 650, 651, 652, 653, 654, 655, 656, 657, 658, 659, 660, 661, 662, 663, 664, 665, 666, 667, 668, 669, 670, 671, 672, 673, 674, 675, 676, 677, 678, 679, 680, 681, 682, 683, 684, 685, 686, 687, 688, 689, 690, 691, 692, 693, 694, 695, 696, 697, 698, 699, 700, 701, 702, 703, 704, 705, 706, 707, 708, 709, 710, 711, 712, 713, 714, 715, 716, 717, 718, 719, 720, 721, 722, 723, 724, 725, 726, 727, 728, 729, 730, 731, 732, 733, 734, 735, 736, 737, 738, 739, 740, 741, 742, 743, 744, 745, 746, 747, 748, 749, 750, 751, 752, 753, 754, 755, 756, 757, 758, 759, 760, 761, 762, 763, 764, 765, 766, 767, 768, 769, 770, 771, 772, 773, 774, 775, 776, 777, 778, 779, 780, 781, 782, 783, 784, 785, 786, 787, 788, 789, 790, 791, 792, 793, 809, 817, 819, 830, 833, 834, 836, 845, 856, 857, 860, 862, 875, 880, 887, 888, 899, 900, 914, 918, 921, 928, 929, 930]",False,"[137, 608]","[103, 104, 105, 106, 107, 108, 109, 110, 111, 112, 113, 114, 115, 116, 117, 118, 119, 120, 121, 122, 123, 124, 125, 126, 127, 128, 129, 130, 131, 132, 133, 134, 135, 136, 137, 138, 139, 140, 141, 142, 143, 144, 145, 146, 147, 148, 149, 150, 151, 152, 153, 154, 155, 156, 157, 158, 159, 160, 161, 162, 163, 164, 165, 166, 167, 168, 169, 170, 171, 172, 173, 174, 175, 176, 177, 178, 179, 180, 181, 182, 183, 184, 185, 186, 187, 188, 189, 190, 191, 192, 193, 194, 195, 196, 197, 198, 199, 200, 201, 202, 203, 204, 205, 206, 207, 208, 209, 210, 211, 212, 213, 214, 215, 216, 217, 218, 219, 220, 221, 222, 223, 224, 225, 226, 227, 228, 229, 230, 231, 232, 233, 234, 235, 236, 237, 238, 239, 240, 241, 242, 243, 244, 245, 246, 247, 248, 249, 250, 251, 252, 253, 254, 255, 256, 257, 258, 259, 260, 261, 262, 263, 264, 265, 266, 267, 268, 269, 270, 271, 272, 273, 274, 275, 276, 277, 278, 279, 280, 281, 282, 283, 284, 285, 286, 287, 288, 289, 290, 291, 292, 293, 294, 295, 296, 297, 298, 299, 300, 301, 302, 303, 304, 305, 306, 307, 308, 309, 310, 311, 312, 313, 314, 315, 316, 317, 318, 319, 320, 321, 322, 323, 324, 325, 326, 327, 328, 329, 330, 331, 332, 333, 334, 335, 336, 337, 574, 575, 576, 577, 578, 579, 580, 581, 582, 583, 584, 585, 586, 587, 588, 589, 590, 591, 592, 593, 594, 595, 596, 597, 598, 599, 600, 601, 602, 603, 604, 605, 606, 607, 608, 609, 610, 611, 612, 613, 614, 615, 616, 617, 618, 619, 620, 621, 622, 623, 624, 625, 626, 627, 628, 629, 630, 631, 632, 633, 634, 635, 636, 637, 638, 639, 640, 641, 642, 643, 644, 645, 646, 647, 648, 649, 650, 651, 652, 653, 654, 655, 656, 657, 658, 659, 660, 661, 662, 663, 664, 665, 666, 667, 668, 669, 670, 671, 672, 673, 674, 675, 676, 677, 678, 679, 680, 681, 682, 683, 684, 685, 686, 687, 688, 689, 690, 691, 692, 693, 694, 695, 696, 697, 698, 699, 700, 701, 702, 703, 704, 705, 706, 707, 708, 709, 710, 711, 712, 713, 714, 715, 716, 717, 718, 719, 720, 721, 722, 723, 724, 725, 726, 727, 728, 729, 730, 731, 732, 733, 734, 735, 736, 737, 738, 739, 740, 741, 742, 743, 744, 745, 746, 747, 748, 749, 750, 751, 752, 753, 754, 755, 756, 757, 758, 759, 760, 761, 762, 763, 764, 765, 766, 767, 768, 769, 770, 771, 772, 773, 774, 775, 776, 777, 778, 779, 780, 781, 782, 783, 784, 785, 786, 787, 788, 789, 790, 791, 792, 793]","[137, 608]",[],"[103, 104, 106, 117, 118, 120, 127, 128, 129, 131, 133, 135, 136, 137, 139, 146, 147, 148, 149, 151, 158, 160, 162, 166, 173, 178, 179, 185, 190, 192, 198, 201, 203, 204, 206, 207, 212, 213, 214, 219, 223, 224, 225, 227, 230, 235, 237, 246, 247, 256, 259, 262, 263, 266, 268, 269, 271, 272, 278, 279, 284, 285, 288, 290, 292, 304, 312, 316, 319, 320, 323, 324, 332, 574, 575, 588, 591, 607, 608, 610, 618, 619, 620, 622, 632, 644, 649, 650, 656, 661, 663, 669, 674, 677, 683, 684, 687, 688, 689, 701, 710, 723, 730, 731, 738, 747, 751, 762, 774, 778, 789]","[12, 24, 25, 28, 88, 100, 104, 119, 123, 129, 136, 137, 139, 140, 141, 148, 155, 169, 172, 179, 183, 185, 188, 196, 198, 217, 237, 267, 270, 278, 319, 321, 324, 325, 330, 334, 335, 354, 366, 369, 380, 383, 384, 386, 395, 407, 411, 423, 428, 436, 437, 452, 453, 456, 467, 471, 477, 478, 479, 497, 508, 511, 559, 571, 575, 590, 594, 600, 607, 608, 610, 611, 612, 619, 627, 640, 643, 650, 654, 656, 659, 667, 669, 685, 701, 726, 729, 737, 777, 779, 782, 783, 787, 790, 791, 809, 817, 819, 830, 833, 834, 836, 845, 856, 857, 860, 862, 875, 880, 887, 888, 899, 900, 914, 918, 921, 928, 929, 930]","[12, 24, 25, 28, 88, 100, 104, 119, 123, 129, 136, 137, 139, 140, 141, 148, 155, 169, 172, 179, 183, 185, 188, 196, 198, 217, 237, 267, 270, 278, 319, 321, 324, 325, 330, 334, 335, 354, 366, 369, 380, 383, 384, 386, 395, 407, 411, 423, 428, 436, 437, 452, 453, 456, 467, 471, 477, 478, 479, 497, 508, 511, 559, 571, 575, 590, 594, 600, 607, 608, 610, 611, 612, 619, 627, 640, 643, 650, 654, 656, 659, 667, 669, 685, 701, 726, 729, 737, 777, 779, 782, 783, 787, 790, 791, 809, 817, 819, 830, 833, 834, 836, 845, 856, 857, 860, 862, 875, 880, 887, 888, 899, 900, 914, 918, 921, 928, 929, 930]",7/6 successful match,False,"[69, 70]",True,344,False,,,,,
"F Hollister , 95023 Casa de Fruta ( Chevron )",408-842-9316 CA 152,24,Hollister,95023,Casa de Fruta ( Chevron ),408-842-9316,2007,Hollister,CA,Chevron,,CA 152,empty,,False,,False,CA 152,,,,,[],"[137, 608]","[137, 608]",[],"[103, 104, 105, 106, 107, 108, 109, 110, 111, 112, 113, 114, 115, 116, 117, 118, 119, 120, 121, 122, 123, 124, 125, 126, 127, 128, 129, 130, 131, 132, 133, 134, 135, 136, 137, 138, 139, 140, 141, 142, 143, 144, 145, 146, 147, 148, 149, 150, 151, 152, 153, 154, 155, 156, 157, 158, 159, 160, 161, 162, 163, 164, 165, 166, 167, 168, 169, 170, 171, 172, 173, 174, 175, 176, 177, 178, 179, 180, 181, 182, 183, 184, 185, 186, 187, 188, 189, 190, 191, 192, 193, 194, 195, 196, 197, 198, 199, 200, 201, 202, 203, 204, 205, 206, 207, 208, 209, 210, 211, 212, 213, 214, 215, 216, 217, 218, 219, 220, 221, 222, 223, 224, 225, 226, 227, 228, 229, 230, 231, 232, 233, 234, 235, 236, 237, 238, 239, 240, 241, 242, 243, 244, 245, 246, 247, 248, 249, 250, 251, 252, 253, 254, 255, 256, 257, 258, 259, 260, 261, 262, 263, 264, 265, 266, 267, 268, 269, 270, 271, 272, 273, 274, 275, 276, 277, 278, 279, 280, 281, 282, 283, 284, 285, 286, 287, 288, 289, 290, 291, 292, 293, 294, 295, 296, 297, 298, 299, 300, 301, 302, 303, 304, 305, 306, 307, 308, 309, 310, 311, 312, 313, 314, 315, 316, 317, 318, 319, 320, 321, 322, 323, 324, 325, 326, 327, 328, 329, 330, 331, 332, 333, 334, 335, 336, 337, 574, 575, 576, 577, 578, 579, 580, 581, 582, 583, 584, 585, 586, 587, 588, 589, 590, 591, 592, 593, 594, 595, 596, 597, 598, 599, 600, 601, 602, 603, 604, 605, 606, 607, 608, 609, 610, 611, 612, 613, 614, 615, 616, 617, 618, 619, 620, 621, 622, 623, 624, 625, 626, 627, 628, 629, 630, 631, 632, 633, 634, 635, 636, 637, 638, 639, 640, 641, 642, 643, 644, 645, 646, 647, 648, 649, 650, 651, 652, 653, 654, 655, 656, 657, 658, 659, 660, 661, 662, 663, 664, 665, 666, 667, 668, 669, 670, 671, 672, 673, 674, 675, 676, 677, 678, 679, 680, 681, 682, 683, 684, 685, 686, 687, 688, 689, 690, 691, 692, 693, 694, 695, 696, 697, 698, 699, 700, 701, 702, 703, 704, 705, 706, 707, 708, 709, 710, 711, 712, 713, 714, 715, 716, 717, 718, 719, 720, 721, 722, 723, 724, 725, 726, 727, 728, 729, 730, 731, 732, 733, 734, 735, 736, 737, 738, 739, 740, 741, 742, 743, 744, 745, 746, 747, 748, 749, 750, 751, 752, 753, 754, 755, 756, 757, 758, 759, 760, 761, 762, 763, 764, 765, 766, 767, 768, 769, 770, 771, 772, 773, 774, 775, 776, 777, 778, 779, 780, 781, 782, 783, 784, 785, 786, 787, 788, 789, 790, 791, 792, 793]","[103, 104, 106, 117, 118, 120, 127, 128, 129, 131, 133, 135, 136, 137, 139, 146, 147, 148, 149, 151, 158, 160, 162, 166, 173, 178, 179, 185, 190, 192, 198, 201, 203, 204, 206, 207, 212, 213, 214, 219, 223, 224, 225, 227, 230, 235, 237, 246, 247, 256, 259, 262, 263, 266, 268, 269, 271, 272, 278, 279, 284, 285, 288, 290, 292, 304, 312, 316, 319, 320, 323, 324, 332, 574, 575, 588, 591, 607, 608, 610, 618, 619, 620, 622, 632, 644, 649, 650, 656, 661, 663, 669, 674, 677, 683, 684, 687, 688, 689, 701, 710, 723, 730, 731, 738, 747, 751, 762, 774, 778, 789]","[12, 24, 25, 28, 88, 100, 104, 119, 123, 129, 136, 137, 139, 140, 141, 148, 155, 169, 172, 179, 183, 185, 188, 196, 198, 217, 237, 267, 270, 278, 319, 321, 324, 325, 330, 334, 335, 354, 366, 369, 380, 383, 384, 386, 395, 407, 411, 423, 428, 436, 437, 452, 453, 456, 467, 471, 477, 478, 479, 497, 508, 511, 559, 571, 575, 590, 594, 600, 607, 608, 610, 611, 612, 619, 627, 640, 643, 650, 654, 656, 659, 667, 669, 685, 701, 726, 729, 737, 777, 779, 782, 783, 787, 790, 791, 809, 817, 819, 830, 833, 834, 836, 845, 856, 857, 860, 862, 875, 880, 887, 888, 899, 900, 914, 918, 921, 928, 929, 930]","[12, 24, 25, 28, 88, 100, 104, 119, 123, 129, 136, 137, 139, 140, 141, 148, 155, 169, 172, 179, 183, 185, 188, 196, 198, 217, 237, 267, 270, 278, 319, 321, 324, 325, 330, 334, 335, 354, 366, 369, 380, 383, 384, 386, 395, 407, 411, 423, 428, 436, 437, 452, 453, 456, 467, 471, 477, 478, 479, 497, 508, 511, 559, 571, 575, 590, 594, 600, 607, 608, 610, 611, 612, 619, 627, 640, 643, 650, 654, 656, 659, 667, 669, 685, 701, 726, 729, 737, 777, 779, 782, 783, 787, 790, 791, 809, 817, 819, 830, 833, 834, 836, 845, 856, 857, 860, 862, 875, 880, 887, 888, 899, 900, 914, 918, 921, 928, 929, 930]","[12, 24, 25, 28, 88, 100, 103, 104, 105, 106, 107, 108, 109, 110, 111, 112, 113, 114, 115, 116, 117, 118, 119, 120, 121, 122, 123, 124, 125, 126, 127, 128, 129, 130, 131, 132, 133, 134, 135, 136, 137, 138, 139, 140, 141, 142, 143, 144, 145, 146, 147, 148, 149, 150, 151, 152, 153, 154, 155, 156, 157, 158, 159, 160, 161, 162, 163, 164, 165, 166, 167, 168, 169, 170, 171, 172, 173, 174, 175, 176, 177, 178, 179, 180, 181, 182, 183, 184, 185, 186, 187, 188, 189, 190, 191, 192, 193, 194, 195, 196, 197, 198, 199, 200, 201, 202, 203, 204, 205, 206, 207, 208, 209, 210, 211, 212, 213, 214, 215, 216, 217, 218, 219, 220, 221, 222, 223, 224, 225, 226, 227, 228, 229, 230, 231, 232, 233, 234, 235, 236, 237, 238, 239, 240, 241, 242, 243, 244, 245, 246, 247, 248, 249, 250, 251, 252, 253, 254, 255, 256, 257, 258, 259, 260, 261, 262, 263, 264, 265, 266, 267, 268, 269, 270, 271, 272, 273, 274, 275, 276, 277, 278, 279, 280, 281, 282, 283, 284, 285, 286, 287, 288, 289, 290, 291, 292, 293, 294, 295, 296, 297, 298, 299, 300, 301, 302, 303, 304, 305, 306, 307, 308, 309, 310, 311, 312, 313, 314, 315, 316, 317, 318, 319, 320, 321, 322, 323, 324, 325, 326, 327, 328, 329, 330, 331, 332, 333, 334, 335, 336, 337, 354, 366, 369, 380, 383, 384, 386, 395, 407, 411, 423, 428, 436, 437, 452, 453, 456, 467, 471, 477, 478, 479, 497, 508, 511, 559, 571, 574, 575, 576, 577, 578, 579, 580, 581, 582, 583, 584, 585, 586, 587, 588, 589, 590, 591, 592, 593, 594, 595, 596, 597, 598, 599, 600, 601, 602, 603, 604, 605, 606, 607, 608, 609, 610, 611, 612, 613, 614, 615, 616, 617, 618, 619, 620, 621, 622, 623, 624, 625, 626, 627, 628, 629, 630, 631, 632, 633, 634, 635, 636, 637, 638, 639, 640, 641, 642, 643, 644, 645, 646, 647, 648, 649, 650, 651, 652, 653, 654, 655, 656, 657, 658, 659, 660, 661, 662, 663, 664, 665, 666, 667, 668, 669, 670, 671, 672, 673, 674, 675, 676, 677, 678, 679, 680, 681, 682, 683, 684, 685, 686, 687, 688, 689, 690, 691, 692, 693, 694, 695, 696, 697, 698, 699, 700, 701, 702, 703, 704, 705, 706, 707, 708, 709, 710, 711, 712, 713, 714, 715, 716, 717, 718, 719, 720, 721, 722, 723, 724, 725, 726, 727, 728, 729, 730, 731, 732, 733, 734, 735, 736, 737, 738, 739, 740, 741, 742, 743, 744, 745, 746, 747, 748, 749, 750, 751, 752, 753, 754, 755, 756, 757, 758, 759, 760, 761, 762, 763, 764, 765, 766, 767, 768, 769, 770, 771, 772, 773, 774, 775, 776, 777, 778, 779, 780, 781, 782, 783, 784, 785, 786, 787, 788, 789, 790, 791, 792, 793, 809, 817, 819, 830, 833, 834, 836, 845, 856, 857, 860, 862, 875, 880, 887, 888, 899, 900, 914, 918, 921, 928, 929, 930]",False,"[137, 608]","[103, 104, 105, 106, 107, 108, 109, 110, 111, 112, 113, 114, 115, 116, 117, 118, 119, 120, 121, 122, 123, 124, 125, 126, 127, 128, 129, 130, 131, 132, 133, 134, 135, 136, 137, 138, 139, 140, 141, 142, 143, 144, 145, 146, 147, 148, 149, 150, 151, 152, 153, 154, 155, 156, 157, 158, 159, 160, 161, 162, 163, 164, 165, 166, 167, 168, 169, 170, 171, 172, 173, 174, 175, 176, 177, 178, 179, 180, 181, 182, 183, 184, 185, 186, 187, 188, 189, 190, 191, 192, 193, 194, 195, 196, 197, 198, 199, 200, 201, 202, 203, 204, 205, 206, 207, 208, 209, 210, 211, 212, 213, 214, 215, 216, 217, 218, 219, 220, 221, 222, 223, 224, 225, 226, 227, 228, 229, 230, 231, 232, 233, 234, 235, 236, 237, 238, 239, 240, 241, 242, 243, 244, 245, 246, 247, 248, 249, 250, 251, 252, 253, 254, 255, 256, 257, 258, 259, 260, 261, 262, 263, 264, 265, 266, 267, 268, 269, 270, 271, 272, 273, 274, 275, 276, 277, 278, 279, 280, 281, 282, 283, 284, 285, 286, 287, 288, 289, 290, 291, 292, 293, 294, 295, 296, 297, 298, 299, 300, 301, 302, 303, 304, 305, 306, 307, 308, 309, 310, 311, 312, 313, 314, 315, 316, 317, 318, 319, 320, 321, 322, 323, 324, 325, 326, 327, 328, 329, 330, 331, 332, 333, 334, 335, 336, 337, 574, 575, 576, 577, 578, 579, 580, 581, 582, 583, 584, 585, 586, 587, 588, 589, 590, 591, 592, 593, 594, 595, 596, 597, 598, 599, 600, 601, 602, 603, 604, 605, 606, 607, 608, 609, 610, 611, 612, 613, 614, 615, 616, 617, 618, 619, 620, 621, 622, 623, 624, 625, 626, 627, 628, 629, 630, 631, 632, 633, 634, 635, 636, 637, 638, 639, 640, 641, 642, 643, 644, 645, 646, 647, 648, 649, 650, 651, 652, 653, 654, 655, 656, 657, 658, 659, 660, 661, 662, 663, 664, 665, 666, 667, 668, 669, 670, 671, 672, 673, 674, 675, 676, 677, 678, 679, 680, 681, 682, 683, 684, 685, 686, 687, 688, 689, 690, 691, 692, 693, 694, 695, 696, 697, 698, 699, 700, 701, 702, 703, 704, 705, 706, 707, 708, 709, 710, 711, 712, 713, 714, 715, 716, 717, 718, 719, 720, 721, 722, 723, 724, 725, 726, 727, 728, 729, 730, 731, 732, 733, 734, 735, 736, 737, 738, 739, 740, 741, 742, 743, 744, 745, 746, 747, 748, 749, 750, 751, 752, 753, 754, 755, 756, 757, 758, 759, 760, 761, 762, 763, 764, 765, 766, 767, 768, 769, 770, 771, 772, 773, 774, 775, 776, 777, 778, 779, 780, 781, 782, 783, 784, 785, 786, 787, 788, 789, 790, 791, 792, 793]","[137, 608]",[],"[103, 104, 106, 117, 118, 120, 127, 128, 129, 131, 133, 135, 136, 137, 139, 146, 147, 148, 149, 151, 158, 160, 162, 166, 173, 178, 179, 185, 190, 192, 198, 201, 203, 204, 206, 207, 212, 213, 214, 219, 223, 224, 225, 227, 230, 235, 237, 246, 247, 256, 259, 262, 263, 266, 268, 269, 271, 272, 278, 279, 284, 285, 288, 290, 292, 304, 312, 316, 319, 320, 323, 324, 332, 574, 575, 588, 591, 607, 608, 610, 618, 619, 620, 622, 632, 644, 649, 650, 656, 661, 663, 669, 674, 677, 683, 684, 687, 688, 689, 701, 710, 723, 730, 731, 738, 747, 751, 762, 774, 778, 789]","[12, 24, 25, 28, 88, 100, 104, 119, 123, 129, 136, 137, 139, 140, 141, 148, 155, 169, 172, 179, 183, 185, 188, 196, 198, 217, 237, 267, 270, 278, 319, 321, 324, 325, 330, 334, 335, 354, 366, 369, 380, 383, 384, 386, 395, 407, 411, 423, 428, 436, 437, 452, 453, 456, 467, 471, 477, 478, 479, 497, 508, 511, 559, 571, 575, 590, 594, 600, 607, 608, 610, 611, 612, 619, 627, 640, 643, 650, 654, 656, 659, 667, 669, 685, 701, 726, 729, 737, 777, 779, 782, 783, 787, 790, 791, 809, 817, 819, 830, 833, 834, 836, 845, 856, 857, 860, 862, 875, 880, 887, 888, 899, 900, 914, 918, 921, 928, 929, 930]","[12, 24, 25, 28, 88, 100, 104, 119, 123, 129, 136, 137, 139, 140, 141, 148, 155, 169, 172, 179, 183, 185, 188, 196, 198, 217, 237, 267, 270, 278, 319, 321, 324, 325, 330, 334, 335, 354, 366, 369, 380, 383, 384, 386, 395, 407, 411, 423, 428, 436, 437, 452, 453, 456, 467, 471, 477, 478, 479, 497, 508, 511, 559, 571, 575, 590, 594, 600, 607, 608, 610, 611, 612, 619, 627, 640, 643, 650, 654, 656, 659, 667, 669, 685, 701, 726, 729, 737, 777, 779, 782, 783, 787, 790, 791, 809, 817, 819, 830, 833, 834, 836, 845, 856, 857, 860, 862, 875, 880, 887, 888, 899, 900, 914, 918, 921, 928, 929, 930]",7/6 successful match,False,"[69, 70]",True,344,False,,1.0,True,Casa de Fruta ( Chevron ),Chevron
"Hollister , 95023 Casa de 141 ( US 395 N )",408-842-9316 CA 152 Fruta ( Chevron ),24 M 24,Hollister,95023,Casa de 141 ( US 395 N ),408-842-9316,2008,Hollister,CA,,( Chevron ),CA 152 Fruta,empty,,False,,False,CA 152,,,,,[],"[137, 608]","[137, 608]",[],"[103, 104, 105, 106, 107, 108, 109, 110, 111, 112, 113, 114, 115, 116, 117, 118, 119, 120, 121, 122, 123, 124, 125, 126, 127, 128, 129, 130, 131, 132, 133, 134, 135, 136, 137, 138, 139, 140, 141, 142, 143, 144, 145, 146, 147, 148, 149, 150, 151, 152, 153, 154, 155, 156, 157, 158, 159, 160, 161, 162, 163, 164, 165, 166, 167, 168, 169, 170, 171, 172, 173, 174, 175, 176, 177, 178, 179, 180, 181, 182, 183, 184, 185, 186, 187, 188, 189, 190, 191, 192, 193, 194, 195, 196, 197, 198, 199, 200, 201, 202, 203, 204, 205, 206, 207, 208, 209, 210, 211, 212, 213, 214, 215, 216, 217, 218, 219, 220, 221, 222, 223, 224, 225, 226, 227, 228, 229, 230, 231, 232, 233, 234, 235, 236, 237, 238, 239, 240, 241, 242, 243, 244, 245, 246, 247, 248, 249, 250, 251, 252, 253, 254, 255, 256, 257, 258, 259, 260, 261, 262, 263, 264, 265, 266, 267, 268, 269, 270, 271, 272, 273, 274, 275, 276, 277, 278, 279, 280, 281, 282, 283, 284, 285, 286, 287, 288, 289, 290, 291, 292, 293, 294, 295, 296, 297, 298, 299, 300, 301, 302, 303, 304, 305, 306, 307, 308, 309, 310, 311, 312, 313, 314, 315, 316, 317, 318, 319, 320, 321, 322, 323, 324, 325, 326, 327, 328, 329, 330, 331, 332, 333, 334, 335, 336, 337, 574, 575, 576, 577, 578, 579, 580, 581, 582, 583, 584, 585, 586, 587, 588, 589, 590, 591, 592, 593, 594, 595, 596, 597, 598, 599, 600, 601, 602, 603, 604, 605, 606, 607, 608, 609, 610, 611, 612, 613, 614, 615, 616, 617, 618, 619, 620, 621, 622, 623, 624, 625, 626, 627, 628, 629, 630, 631, 632, 633, 634, 635, 636, 637, 638, 639, 640, 641, 642, 643, 644, 645, 646, 647, 648, 649, 650, 651, 652, 653, 654, 655, 656, 657, 658, 659, 660, 661, 662, 663, 664, 665, 666, 667, 668, 669, 670, 671, 672, 673, 674, 675, 676, 677, 678, 679, 680, 681, 682, 683, 684, 685, 686, 687, 688, 689, 690, 691, 692, 693, 694, 695, 696, 697, 698, 699, 700, 701, 702, 703, 704, 705, 706, 707, 708, 709, 710, 711, 712, 713, 714, 715, 716, 717, 718, 719, 720, 721, 722, 723, 724, 725, 726, 727, 728, 729, 730, 731, 732, 733, 734, 735, 736, 737, 738, 739, 740, 741, 742, 743, 744, 745, 746, 747, 748, 749, 750, 751, 752, 753, 754, 755, 756, 757, 758, 759, 760, 761, 762, 763, 764, 765, 766, 767, 768, 769, 770, 771, 772, 773, 774, 775, 776, 777, 778, 779, 780, 781, 782, 783, 784, 785, 786, 787, 788, 789, 790, 791, 792, 793]","[103, 104, 106, 117, 118, 120, 127, 128, 129, 131, 133, 135, 136, 137, 139, 146, 147, 148, 149, 151, 158, 160, 162, 166, 173, 178, 179, 185, 190, 192, 198, 201, 203, 204, 206, 207, 212, 213, 214, 219, 223, 224, 225, 227, 230, 235, 237, 246, 247, 256, 259, 262, 263, 266, 268, 269, 271, 272, 278, 279, 284, 285, 288, 290, 292, 304, 312, 316, 319, 320, 323, 324, 332, 574, 575, 588, 591, 607, 608, 610, 618, 619, 620, 622, 632, 644, 649, 650, 656, 661, 663, 669, 674, 677, 683, 684, 687, 688, 689, 701, 710, 723, 730, 731, 738, 747, 751, 762, 774, 778, 789]",[],"[137, 608]","[103, 104, 105, 106, 107, 108, 109, 110, 111, 112, 113, 114, 115, 116, 117, 118, 119, 120, 121, 122, 123, 124, 125, 126, 127, 128, 129, 130, 131, 132, 133, 134, 135, 136, 137, 138, 139, 140, 141, 142, 143, 144, 145, 146, 147, 148, 149, 150, 151, 152, 153, 154, 155, 156, 157, 158, 159, 160, 161, 162, 163, 164, 165, 166, 167, 168, 169, 170, 171, 172, 173, 174, 175, 176, 177, 178, 179, 180, 181, 182, 183, 184, 185, 186, 187, 188, 189, 190, 191, 192, 193, 194, 195, 196, 197, 198, 199, 200, 201, 202, 203, 204, 205, 206, 207, 208, 209, 210, 211, 212, 213, 214, 215, 216, 217, 218, 219, 220, 221, 222, 223, 224, 225, 226, 227, 228, 229, 230, 231, 232, 233, 234, 235, 236, 237, 238, 239, 240, 241, 242, 243, 244, 245, 246, 247, 248, 249, 250, 251, 252, 253, 254, 255, 256, 257, 258, 259, 260, 261, 262, 263, 264, 265, 266, 267, 268, 269, 270, 271, 272, 273, 274, 275, 276, 277, 278, 279, 280, 281, 282, 283, 284, 285, 286, 287, 288, 289, 290, 291, 292, 293, 294, 295, 296, 297, 298, 299, 300, 301, 302, 303, 304, 305, 306, 307, 308, 309, 310, 311, 312, 313, 314, 315, 316, 317, 318, 319, 320, 321, 322, 323, 324, 325, 326, 327, 328, 329, 330, 331, 332, 333, 334, 335, 336, 337, 574, 575, 576, 577, 578, 579, 580, 581, 582, 583, 584, 585, 586, 587, 588, 589, 590, 591, 592, 593, 594, 595, 596, 597, 598, 599, 600, 601, 602, 603, 604, 605, 606, 607, 608, 609, 610, 611, 612, 613, 614, 615, 616, 617, 618, 619, 620, 621, 622, 623, 624, 625, 626, 627, 628, 629, 630, 631, 632, 633, 634, 635, 636, 637, 638, 639, 640, 641, 642, 643, 644, 645, 646, 647, 648, 649, 650, 651, 652, 653, 654, 655, 656, 657, 658, 659, 660, 661, 662, 663, 664, 665, 666, 667, 668, 669, 670, 671, 672, 673, 674, 675, 676, 677, 678, 679, 680, 681, 682, 683, 684, 685, 686, 687, 688, 689, 690, 691, 692, 693, 694, 695, 696, 697, 698, 699, 700, 701, 702, 703, 704, 705, 706, 707, 708, 709, 710, 711, 712, 713, 714, 715, 716, 717, 718, 719, 720, 721, 722, 723, 724, 725, 726, 727, 728, 729, 730, 731, 732, 733, 734, 735, 736, 737, 738, 739, 740, 741, 742, 743, 744, 745, 746, 747, 748, 749, 750, 751, 752, 753, 754, 755, 756, 757, 758, 759, 760, 761, 762, 763, 764, 765, 766, 767, 768, 769, 770, 771, 772, 773, 774, 775, 776, 777, 778, 779, 780, 781, 782, 783, 784, 785, 786, 787, 788, 789, 790, 791, 792, 793]",False,"[137, 608]","[103, 104, 105, 106, 107, 108, 109, 110, 111, 112, 113, 114, 115, 116, 117, 118, 119, 120, 121, 122, 123, 124, 125, 126, 127, 128, 129, 130, 131, 132, 133, 134, 135, 136, 137, 138, 139, 140, 141, 142, 143, 144, 145, 146, 147, 148, 149, 150, 151, 152, 153, 154, 155, 156, 157, 158, 159, 160, 161, 162, 163, 164, 165, 166, 167, 168, 169, 170, 171, 172, 173, 174, 175, 176, 177, 178, 179, 180, 181, 182, 183, 184, 185, 186, 187, 188, 189, 190, 191, 192, 193, 194, 195, 196, 197, 198, 199, 200, 201, 202, 203, 204, 205, 206, 207, 208, 209, 210, 211, 212, 213, 214, 215, 216, 217, 218, 219, 220, 221, 222, 223, 224, 225, 226, 227, 228, 229, 230, 231, 232, 233, 234, 235, 236, 237, 238, 239, 240, 241, 242, 243, 244, 245, 246, 247, 248, 249, 250, 251, 252, 253, 254, 255, 256, 257, 258, 259, 260, 261, 262, 263, 264, 265, 266, 267, 268, 269, 270, 271, 272, 273, 274, 275, 276, 277, 278, 279, 280, 281, 282, 283, 284, 285, 286, 287, 288, 289, 290, 291, 292, 293, 294, 295, 296, 297, 298, 299, 300, 301, 302, 303, 304, 305, 306, 307, 308, 309, 310, 311, 312, 313, 314, 315, 316, 317, 318, 319, 320, 321, 322, 323, 324, 325, 326, 327, 328, 329, 330, 331, 332, 333, 334, 335, 336, 337, 574, 575, 576, 577, 578, 579, 580, 581, 582, 583, 584, 585, 586, 587, 588, 589, 590, 591, 592, 593, 594, 595, 596, 597, 598, 599, 600, 601, 602, 603, 604, 605, 606, 607, 608, 609, 610, 611, 612, 613, 614, 615, 616, 617, 618, 619, 620, 621, 622, 623, 624, 625, 626, 627, 628, 629, 630, 631, 632, 633, 634, 635, 636, 637, 638, 639, 640, 641, 642, 643, 644, 645, 646, 647, 648, 649, 650, 651, 652, 653, 654, 655, 656, 657, 658, 659, 660, 661, 662, 663, 664, 665, 666, 667, 668, 669, 670, 671, 672, 673, 674, 675, 676, 677, 678, 679, 680, 681, 682, 683, 684, 685, 686, 687, 688, 689, 690, 691, 692, 693, 694, 695, 696, 697, 698, 699, 700, 701, 702, 703, 704, 705, 706, 707, 708, 709, 710, 711, 712, 713, 714, 715, 716, 717, 718, 719, 720, 721, 722, 723, 724, 725, 726, 727, 728, 729, 730, 731, 732, 733, 734, 735, 736, 737, 738, 739, 740, 741, 742, 743, 744, 745, 746, 747, 748, 749, 750, 751, 752, 753, 754, 755, 756, 757, 758, 759, 760, 761, 762, 763, 764, 765, 766, 767, 768, 769, 770, 771, 772, 773, 774, 775, 776, 777, 778, 779, 780, 781, 782, 783, 784, 785, 786, 787, 788, 789, 790, 791, 792, 793]","[137, 608]",[],"[103, 104, 106, 117, 118, 120, 127, 128, 129, 131, 133, 135, 136, 137, 139, 146, 147, 148, 149, 151, 158, 160, 162, 166, 173, 178, 179, 185, 190, 192, 198, 201, 203, 204, 206, 207, 212, 213, 214, 219, 223, 224, 225, 227, 230, 235, 237, 246, 247, 256, 259, 262, 263, 266, 268, 269, 271, 272, 278, 279, 284, 285, 288, 290, 292, 304, 312, 316, 319, 320, 323, 324, 332, 574, 575, 588, 591, 607, 608, 610, 618, 619, 620, 622, 632, 644, 649, 650, 656, 661, 663, 669, 674, 677, 683, 684, 687, 688, 689, 701, 710, 723, 730, 731, 738, 747, 751, 762, 774, 778, 789]","[137, 608]",[],7/6 successful match,False,"[69, 70]",True,344,False,,0.4714285714285714,True,Casa de Fruta ( Chevron ),Chevron
Hollister ( 95023 ) Casa de Diesel ( Chevron ),408-842-9316 CA 152,24 MOO 24,Hollister,95023,Casa de Diesel ( Chevron ),408-842-9316,2014,Hollister,CA,Chevron,,CA 152,empty,,False,,False,CA 152,,,,,[],"[137, 608]","[137, 608]",[],"[103, 104, 105, 106, 107, 108, 109, 110, 111, 112, 113, 114, 115, 116, 117, 118, 119, 120, 121, 122, 123, 124, 125, 126, 127, 128, 129, 130, 131, 132, 133, 134, 135, 136, 137, 138, 139, 140, 141, 142, 143, 144, 145, 146, 147, 148, 149, 150, 151, 152, 153, 154, 155, 156, 157, 158, 159, 160, 161, 162, 163, 164, 165, 166, 167, 168, 169, 170, 171, 172, 173, 174, 175, 176, 177, 178, 179, 180, 181, 182, 183, 184, 185, 186, 187, 188, 189, 190, 191, 192, 193, 194, 195, 196, 197, 198, 199, 200, 201, 202, 203, 204, 205, 206, 207, 208, 209, 210, 211, 212, 213, 214, 215, 216, 217, 218, 219, 220, 221, 222, 223, 224, 225, 226, 227, 228, 229, 230, 231, 232, 233, 234, 235, 236, 237, 238, 239, 240, 241, 242, 243, 244, 245, 246, 247, 248, 249, 250, 251, 252, 253, 254, 255, 256, 257, 258, 259, 260, 261, 262, 263, 264, 265, 266, 267, 268, 269, 270, 271, 272, 273, 274, 275, 276, 277, 278, 279, 280, 281, 282, 283, 284, 285, 286, 287, 288, 289, 290, 291, 292, 293, 294, 295, 296, 297, 298, 299, 300, 301, 302, 303, 304, 305, 306, 307, 308, 309, 310, 311, 312, 313, 314, 315, 316, 317, 318, 319, 320, 321, 322, 323, 324, 325, 326, 327, 328, 329, 330, 331, 332, 333, 334, 335, 336, 337, 574, 575, 576, 577, 578, 579, 580, 581, 582, 583, 584, 585, 586, 587, 588, 589, 590, 591, 592, 593, 594, 595, 596, 597, 598, 599, 600, 601, 602, 603, 604, 605, 606, 607, 608, 609, 610, 611, 612, 613, 614, 615, 616, 617, 618, 619, 620, 621, 622, 623, 624, 625, 626, 627, 628, 629, 630, 631, 632, 633, 634, 635, 636, 637, 638, 639, 640, 641, 642, 643, 644, 645, 646, 647, 648, 649, 650, 651, 652, 653, 654, 655, 656, 657, 658, 659, 660, 661, 662, 663, 664, 665, 666, 667, 668, 669, 670, 671, 672, 673, 674, 675, 676, 677, 678, 679, 680, 681, 682, 683, 684, 685, 686, 687, 688, 689, 690, 691, 692, 693, 694, 695, 696, 697, 698, 699, 700, 701, 702, 703, 704, 705, 706, 707, 708, 709, 710, 711, 712, 713, 714, 715, 716, 717, 718, 719, 720, 721, 722, 723, 724, 725, 726, 727, 728, 729, 730, 731, 732, 733, 734, 735, 736, 737, 738, 739, 740, 741, 742, 743, 744, 745, 746, 747, 748, 749, 750, 751, 752, 753, 754, 755, 756, 757, 758, 759, 760, 761, 762, 763, 764, 765, 766, 767, 768, 769, 770, 771, 772, 773, 774, 775, 776, 777, 778, 779, 780, 781, 782, 783, 784, 785, 786, 787, 788, 789, 790, 791, 792, 793]","[103, 104, 106, 117, 118, 120, 127, 128, 129, 131, 133, 135, 136, 137, 139, 146, 147, 148, 149, 151, 158, 160, 162, 166, 173, 178, 179, 185, 190, 192, 198, 201, 203, 204, 206, 207, 212, 213, 214, 219, 223, 224, 225, 227, 230, 235, 237, 246, 247, 256, 259, 262, 263, 266, 268, 269, 271, 272, 278, 279, 284, 285, 288, 290, 292, 304, 312, 316, 319, 320, 323, 324, 332, 574, 575, 588, 591, 607, 608, 610, 618, 619, 620, 622, 632, 644, 649, 650, 656, 661, 663, 669, 674, 677, 683, 684, 687, 688, 689, 701, 710, 723, 730, 731, 738, 747, 751, 762, 774, 778, 789]","[12, 24, 25, 28, 88, 100, 104, 119, 123, 129, 136, 137, 139, 140, 141, 148, 155, 169, 172, 179, 183, 185, 188, 196, 198, 217, 237, 267, 270, 278, 319, 321, 324, 325, 330, 334, 335, 354, 366, 369, 380, 383, 384, 386, 395, 407, 411, 423, 428, 436, 437, 452, 453, 456, 467, 471, 477, 478, 479, 497, 508, 511, 559, 571, 575, 590, 594, 600, 607, 608, 610, 611, 612, 619, 627, 640, 643, 650, 654, 656, 659, 667, 669, 685, 701, 726, 729, 737, 777, 779, 782, 783, 787, 790, 791, 809, 817, 819, 830, 833, 834, 836, 845, 856, 857, 860, 862, 875, 880, 887, 888, 899, 900, 914, 918, 921, 928, 929, 930]","[12, 24, 25, 28, 88, 100, 104, 119, 123, 129, 136, 137, 139, 140, 141, 144, 148, 155, 169, 172, 179, 183, 185, 188, 196, 198, 217, 237, 267, 270, 278, 319, 321, 324, 325, 330, 334, 335, 354, 366, 369, 380, 383, 384, 386, 395, 407, 411, 423, 428, 436, 437, 452, 453, 456, 467, 471, 477, 478, 479, 497, 508, 511, 559, 571, 575, 590, 594, 600, 607, 608, 610, 611, 612, 615, 619, 627, 640, 643, 650, 654, 656, 659, 667, 669, 685, 701, 726, 729, 737, 777, 779, 782, 783, 787, 790, 791, 809, 817, 819, 830, 833, 834, 836, 845, 856, 857, 860, 862, 875, 880, 887, 888, 899, 900, 914, 918, 921, 928, 929, 930]","[12, 24, 25, 28, 88, 100, 103, 104, 105, 106, 107, 108, 109, 110, 111, 112, 113, 114, 115, 116, 117, 118, 119, 120, 121, 122, 123, 124, 125, 126, 127, 128, 129, 130, 131, 132, 133, 134, 135, 136, 137, 138, 139, 140, 141, 142, 143, 144, 145, 146, 147, 148, 149, 150, 151, 152, 153, 154, 155, 156, 157, 158, 159, 160, 161, 162, 163, 164, 165, 166, 167, 168, 169, 170, 171, 172, 173, 174, 175, 176, 177, 178, 179, 180, 181, 182, 183, 184, 185, 186, 187, 188, 189, 190, 191, 192, 193, 194, 195, 196, 197, 198, 199, 200, 201, 202, 203, 204, 205, 206, 207, 208, 209, 210, 211, 212, 213, 214, 215, 216, 217, 218, 219, 220, 221, 222, 223, 224, 225, 226, 227, 228, 229, 230, 231, 232, 233, 234, 235, 236, 237, 238, 239, 240, 241, 242, 243, 244, 245, 246, 247, 248, 249, 250, 251, 252, 253, 254, 255, 256, 257, 258, 259, 260, 261, 262, 263, 264, 265, 266, 267, 268, 269, 270, 271, 272, 273, 274, 275, 276, 277, 278, 279, 280, 281, 282, 283, 284, 285, 286, 287, 288, 289, 290, 291, 292, 293, 294, 295, 296, 297, 298, 299, 300, 301, 302, 303, 304, 305, 306, 307, 308, 309, 310, 311, 312, 313, 314, 315, 316, 317, 318, 319, 320, 321, 322, 323, 324, 325, 326, 327, 328, 329, 330, 331, 332, 333, 334, 335, 336, 337, 354, 366, 369, 380, 383, 384, 386, 395, 407, 411, 423, 428, 436, 437, 452, 453, 456, 467, 471, 477, 478, 479, 497, 508, 511, 559, 571, 574, 575, 576, 577, 578, 579, 580, 581, 582, 583, 584, 585, 586, 587, 588, 589, 590, 591, 592, 593, 594, 595, 596, 597, 598, 599, 600, 601, 602, 603, 604, 605, 606, 607, 608, 609, 610, 611, 612, 613, 614, 615, 616, 617, 618, 619, 620, 621, 622, 623, 624, 625, 626, 627, 628, 629, 630, 631, 632, 633, 634, 635, 636, 637, 638, 639, 640, 641, 642, 643, 644, 645, 646, 647, 648, 649, 650, 651, 652, 653, 654, 655, 656, 657, 658, 659, 660, 661, 662, 663, 664, 665, 666, 667, 668, 669, 670, 671, 672, 673, 674, 675, 676, 677, 678, 679, 680, 681, 682, 683, 684, 685, 686, 687, 688, 689, 690, 691, 692, 693, 694, 695, 696, 697, 698, 699, 700, 701, 702, 703, 704, 705, 706, 707, 708, 709, 710, 711, 712, 713, 714, 715, 716, 717, 718, 719, 720, 721, 722, 723, 724, 725, 726, 727, 728, 729, 730, 731, 732, 733, 734, 735, 736, 737, 738, 739, 740, 741, 742, 743, 744, 745, 746, 747, 748, 749, 750, 751, 752, 753, 754, 755, 756, 757, 758, 759, 760, 761, 762, 763, 764, 765, 766, 767, 768, 769, 770, 771, 772, 773, 774, 775, 776, 777, 778, 779, 780, 781, 782, 783, 784, 785, 786, 787, 788, 789, 790, 791, 792, 793, 809, 817, 819, 830, 833, 834, 836, 845, 856, 857, 860, 862, 875, 880, 887, 888, 899, 900, 914, 918, 921, 928, 929, 930]",False,"[137, 608]","[103, 104, 105, 106, 107, 108, 109, 110, 111, 112, 113, 114, 115, 116, 117, 118, 119, 120, 121, 122, 123, 124, 125, 126, 127, 128, 129, 130, 131, 132, 133, 134, 135, 136, 137, 138, 139, 140, 141, 142, 143, 144, 145, 146, 147, 148, 149, 150, 151, 152, 153, 154, 155, 156, 157, 158, 159, 160, 161, 162, 163, 164, 165, 166, 167, 168, 169, 170, 171, 172, 173, 174, 175, 176, 177, 178, 179, 180, 181, 182, 183, 184, 185, 186, 187, 188, 189, 190, 191, 192, 193, 194, 195, 196, 197, 198, 199, 200, 201, 202, 203, 204, 205, 206, 207, 208, 209, 210, 211, 212, 213, 214, 215, 216, 217, 218, 219, 220, 221, 222, 223, 224, 225, 226, 227, 228, 229, 230, 231, 232, 233, 234, 235, 236, 237, 238, 239, 240, 241, 242, 243, 244, 245, 246, 247, 248, 249, 250, 251, 252, 253, 254, 255, 256, 257, 258, 259, 260, 261, 262, 263, 264, 265, 266, 267, 268, 269, 270, 271, 272, 273, 274, 275, 276, 277, 278, 279, 280, 281, 282, 283, 284, 285, 286, 287, 288, 289, 290, 291, 292, 293, 294, 295, 296, 297, 298, 299, 300, 301, 302, 303, 304, 305, 306, 307, 308, 309, 310, 311, 312, 313, 314, 315, 316, 317, 318, 319, 320, 321, 322, 323, 324, 325, 326, 327, 328, 329, 330, 331, 332, 333, 334, 335, 336, 337, 574, 575, 576, 577, 578, 579, 580, 581, 582, 583, 584, 585, 586, 587, 588, 589, 590, 591, 592, 593, 594, 595, 596, 597, 598, 599, 600, 601, 602, 603, 604, 605, 606, 607, 608, 609, 610, 611, 612, 613, 614, 615, 616, 617, 618, 619, 620, 621, 622, 623, 624, 625, 626, 627, 628, 629, 630, 631, 632, 633, 634, 635, 636, 637, 638, 639, 640, 641, 642, 643, 644, 645, 646, 647, 648, 649, 650, 651, 652, 653, 654, 655, 656, 657, 658, 659, 660, 661, 662, 663, 664, 665, 666, 667, 668, 669, 670, 671, 672, 673, 674, 675, 676, 677, 678, 679, 680, 681, 682, 683, 684, 685, 686, 687, 688, 689, 690, 691, 692, 693, 694, 695, 696, 697, 698, 699, 700, 701, 702, 703, 704, 705, 706, 707, 708, 709, 710, 711, 712, 713, 714, 715, 716, 717, 718, 719, 720, 721, 722, 723, 724, 725, 726, 727, 728, 729, 730, 731, 732, 733, 734, 735, 736, 737, 738, 739, 740, 741, 742, 743, 744, 745, 746, 747, 748, 749, 750, 751, 752, 753, 754, 755, 756, 757, 758, 759, 760, 761, 762, 763, 764, 765, 766, 767, 768, 769, 770, 771, 772, 773, 774, 775, 776, 777, 778, 779, 780, 781, 782, 783, 784, 785, 786, 787, 788, 789, 790, 791, 792, 793]","[137, 608]",[],"[103, 104, 106, 117, 118, 120, 127, 128, 129, 131, 133, 135, 136, 137, 139, 146, 147, 148, 149, 151, 158, 160, 162, 166, 173, 178, 179, 185, 190, 192, 198, 201, 203, 204, 206, 207, 212, 213, 214, 219, 223, 224, 225, 227, 230, 235, 237, 246, 247, 256, 259, 262, 263, 266, 268, 269, 271, 272, 278, 279, 284, 285, 288, 290, 292, 304, 312, 316, 319, 320, 323, 324, 332, 574, 575, 588, 591, 607, 608, 610, 618, 619, 620, 622, 632, 644, 649, 650, 656, 661, 663, 669, 674, 677, 683, 684, 687, 688, 689, 701, 710, 723, 730, 731, 738, 747, 751, 762, 774, 778, 789]","[12, 24, 25, 28, 88, 100, 104, 119, 123, 129, 136, 137, 139, 140, 141, 144, 148, 155, 169, 172, 179, 183, 185, 188, 196, 198, 217, 237, 267, 270, 278, 319, 321, 324, 325, 330, 334, 335, 354, 366, 369, 380, 383, 384, 386, 395, 407, 411, 423, 428, 436, 437, 452, 453, 456, 467, 471, 477, 478, 479, 497, 508, 511, 559, 571, 575, 590, 594, 600, 607, 608, 610, 611, 612, 615, 619, 627, 640, 643, 650, 654, 656, 659, 667, 669, 685, 701, 726, 729, 737, 777, 779, 782, 783, 787, 790, 791, 809, 817, 819, 830, 833, 834, 836, 845, 856, 857, 860, 862, 875, 880, 887, 888, 899, 900, 914, 918, 921, 928, 929, 930]","[12, 24, 25, 28, 88, 100, 104, 119, 123, 129, 136, 137, 139, 140, 141, 148, 155, 169, 172, 179, 183, 185, 188, 196, 198, 217, 237, 267, 270, 278, 319, 321, 324, 325, 330, 334, 335, 354, 366, 369, 380, 383, 384, 386, 395, 407, 411, 423, 428, 436, 437, 452, 453, 456, 467, 471, 477, 478, 479, 497, 508, 511, 559, 571, 575, 590, 594, 600, 607, 608, 610, 611, 612, 619, 627, 640, 643, 650, 654, 656, 659, 667, 669, 685, 701, 726, 729, 737, 777, 779, 782, 783, 787, 790, 791, 809, 817, 819, 830, 833, 834, 836, 845, 856, 857, 860, 862, 875, 880, 887, 888, 899, 900, 914, 918, 921, 928, 929, 930]",7/6 successful match,False,"[69, 70]",True,344,False,,0.468,True,Casa de 141 ( US 395 N ),
Hollister ( 95023 ) Casa de Diesel ( Chevron ),408-842-9316 CA 152 ),24 M 24,Hollister,95023,Casa de Diesel ( Chevron ),408-842-9316,2015,Hollister,CA,Chevron,,CA 152 ,empty,,False,,False,CA 152,,,,,[],"[137, 608]","[137, 608]",[],"[103, 104, 105, 106, 107, 108, 109, 110, 111, 112, 113, 114, 115, 116, 117, 118, 119, 120, 121, 122, 123, 124, 125, 126, 127, 128, 129, 130, 131, 132, 133, 134, 135, 136, 137, 138, 139, 140, 141, 142, 143, 144, 145, 146, 147, 148, 149, 150, 151, 152, 153, 154, 155, 156, 157, 158, 159, 160, 161, 162, 163, 164, 165, 166, 167, 168, 169, 170, 171, 172, 173, 174, 175, 176, 177, 178, 179, 180, 181, 182, 183, 184, 185, 186, 187, 188, 189, 190, 191, 192, 193, 194, 195, 196, 197, 198, 199, 200, 201, 202, 203, 204, 205, 206, 207, 208, 209, 210, 211, 212, 213, 214, 215, 216, 217, 218, 219, 220, 221, 222, 223, 224, 225, 226, 227, 228, 229, 230, 231, 232, 233, 234, 235, 236, 237, 238, 239, 240, 241, 242, 243, 244, 245, 246, 247, 248, 249, 250, 251, 252, 253, 254, 255, 256, 257, 258, 259, 260, 261, 262, 263, 264, 265, 266, 267, 268, 269, 270, 271, 272, 273, 274, 275, 276, 277, 278, 279, 280, 281, 282, 283, 284, 285, 286, 287, 288, 289, 290, 291, 292, 293, 294, 295, 296, 297, 298, 299, 300, 301, 302, 303, 304, 305, 306, 307, 308, 309, 310, 311, 312, 313, 314, 315, 316, 317, 318, 319, 320, 321, 322, 323, 324, 325, 326, 327, 328, 329, 330, 331, 332, 333, 334, 335, 336, 337, 574, 575, 576, 577, 578, 579, 580, 581, 582, 583, 584, 585, 586, 587, 588, 589, 590, 591, 592, 593, 594, 595, 596, 597, 598, 599, 600, 601, 602, 603, 604, 605, 606, 607, 608, 609, 610, 611, 612, 613, 614, 615, 616, 617, 618, 619, 620, 621, 622, 623, 624, 625, 626, 627, 628, 629, 630, 631, 632, 633, 634, 635, 636, 637, 638, 639, 640, 641, 642, 643, 644, 645, 646, 647, 648, 649, 650, 651, 652, 653, 654, 655, 656, 657, 658, 659, 660, 661, 662, 663, 664, 665, 666, 667, 668, 669, 670, 671, 672, 673, 674, 675, 676, 677, 678, 679, 680, 681, 682, 683, 684, 685, 686, 687, 688, 689, 690, 691, 692, 693, 694, 695, 696, 697, 698, 699, 700, 701, 702, 703, 704, 705, 706, 707, 708, 709, 710, 711, 712, 713, 714, 715, 716, 717, 718, 719, 720, 721, 722, 723, 724, 725, 726, 727, 728, 729, 730, 731, 732, 733, 734, 735, 736, 737, 738, 739, 740, 741, 742, 743, 744, 745, 746, 747, 748, 749, 750, 751, 752, 753, 754, 755, 756, 757, 758, 759, 760, 761, 762, 763, 764, 765, 766, 767, 768, 769, 770, 771, 772, 773, 774, 775, 776, 777, 778, 779, 780, 781, 782, 783, 784, 785, 786, 787, 788, 789, 790, 791, 792, 793]","[103, 104, 106, 117, 118, 120, 127, 128, 129, 131, 133, 135, 136, 137, 139, 146, 147, 148, 149, 151, 158, 160, 162, 166, 173, 178, 179, 185, 190, 192, 198, 201, 203, 204, 206, 207, 212, 213, 214, 219, 223, 224, 225, 227, 230, 235, 237, 246, 247, 256, 259, 262, 263, 266, 268, 269, 271, 272, 278, 279, 284, 285, 288, 290, 292, 304, 312, 316, 319, 320, 323, 324, 332, 574, 575, 588, 591, 607, 608, 610, 618, 619, 620, 622, 632, 644, 649, 650, 656, 661, 663, 669, 674, 677, 683, 684, 687, 688, 689, 701, 710, 723, 730, 731, 738, 747, 751, 762, 774, 778, 789]","[12, 24, 25, 28, 88, 100, 104, 119, 123, 129, 136, 137, 139, 140, 141, 148, 155, 169, 172, 179, 183, 185, 188, 196, 198, 217, 237, 267, 270, 278, 319, 321, 324, 325, 330, 334, 335, 354, 366, 369, 380, 383, 384, 386, 395, 407, 411, 423, 428, 436, 437, 452, 453, 456, 467, 471, 477, 478, 479, 497, 508, 511, 559, 571, 575, 590, 594, 600, 607, 608, 610, 611, 612, 619, 627, 640, 643, 650, 654, 656, 659, 667, 669, 685, 701, 726, 729, 737, 777, 779, 782, 783, 787, 790, 791, 809, 817, 819, 830, 833, 834, 836, 845, 856, 857, 860, 862, 875, 880, 887, 888, 899, 900, 914, 918, 921, 928, 929, 930]","[12, 24, 25, 28, 88, 100, 104, 119, 123, 129, 136, 137, 139, 140, 141, 144, 148, 155, 169, 172, 179, 183, 185, 188, 196, 198, 217, 237, 267, 270, 278, 319, 321, 324, 325, 330, 334, 335, 354, 366, 369, 380, 383, 384, 386, 395, 407, 411, 423, 428, 436, 437, 452, 453, 456, 467, 471, 477, 478, 479, 497, 508, 511, 559, 571, 575, 590, 594, 600, 607, 608, 610, 611, 612, 615, 619, 627, 640, 643, 650, 654, 656, 659, 667, 669, 685, 701, 726, 729, 737, 777, 779, 782, 783, 787, 790, 791, 809, 817, 819, 830, 833, 834, 836, 845, 856, 857, 860, 862, 875, 880, 887, 888, 899, 900, 914, 918, 921, 928, 929, 930]","[12, 24, 25, 28, 88, 100, 103, 104, 105, 106, 107, 108, 109, 110, 111, 112, 113, 114, 115, 116, 117, 118, 119, 120, 121, 122, 123, 124, 125, 126, 127, 128, 129, 130, 131, 132, 133, 134, 135, 136, 137, 138, 139, 140, 141, 142, 143, 144, 145, 146, 147, 148, 149, 150, 151, 152, 153, 154, 155, 156, 157, 158, 159, 160, 161, 162, 163, 164, 165, 166, 167, 168, 169, 170, 171, 172, 173, 174, 175, 176, 177, 178, 179, 180, 181, 182, 183, 184, 185, 186, 187, 188, 189, 190, 191, 192, 193, 194, 195, 196, 197, 198, 199, 200, 201, 202, 203, 204, 205, 206, 207, 208, 209, 210, 211, 212, 213, 214, 215, 216, 217, 218, 219, 220, 221, 222, 223, 224, 225, 226, 227, 228, 229, 230, 231, 232, 233, 234, 235, 236, 237, 238, 239, 240, 241, 242, 243, 244, 245, 246, 247, 248, 249, 250, 251, 252, 253, 254, 255, 256, 257, 258, 259, 260, 261, 262, 263, 264, 265, 266, 267, 268, 269, 270, 271, 272, 273, 274, 275, 276, 277, 278, 279, 280, 281, 282, 283, 284, 285, 286, 287, 288, 289, 290, 291, 292, 293, 294, 295, 296, 297, 298, 299, 300, 301, 302, 303, 304, 305, 306, 307, 308, 309, 310, 311, 312, 313, 314, 315, 316, 317, 318, 319, 320, 321, 322, 323, 324, 325, 326, 327, 328, 329, 330, 331, 332, 333, 334, 335, 336, 337, 354, 366, 369, 380, 383, 384, 386, 395, 407, 411, 423, 428, 436, 437, 452, 453, 456, 467, 471, 477, 478, 479, 497, 508, 511, 559, 571, 574, 575, 576, 577, 578, 579, 580, 581, 582, 583, 584, 585, 586, 587, 588, 589, 590, 591, 592, 593, 594, 595, 596, 597, 598, 599, 600, 601, 602, 603, 604, 605, 606, 607, 608, 609, 610, 611, 612, 613, 614, 615, 616, 617, 618, 619, 620, 621, 622, 623, 624, 625, 626, 627, 628, 629, 630, 631, 632, 633, 634, 635, 636, 637, 638, 639, 640, 641, 642, 643, 644, 645, 646, 647, 648, 649, 650, 651, 652, 653, 654, 655, 656, 657, 658, 659, 660, 661, 662, 663, 664, 665, 666, 667, 668, 669, 670, 671, 672, 673, 674, 675, 676, 677, 678, 679, 680, 681, 682, 683, 684, 685, 686, 687, 688, 689, 690, 691, 692, 693, 694, 695, 696, 697, 698, 699, 700, 701, 702, 703, 704, 705, 706, 707, 708, 709, 710, 711, 712, 713, 714, 715, 716, 717, 718, 719, 720, 721, 722, 723, 724, 725, 726, 727, 728, 729, 730, 731, 732, 733, 734, 735, 736, 737, 738, 739, 740, 741, 742, 743, 744, 745, 746, 747, 748, 749, 750, 751, 752, 753, 754, 755, 756, 757, 758, 759, 760, 761, 762, 763, 764, 765, 766, 767, 768, 769, 770, 771, 772, 773, 774, 775, 776, 777, 778, 779, 780, 781, 782, 783, 784, 785, 786, 787, 788, 789, 790, 791, 792, 793, 809, 817, 819, 830, 833, 834, 836, 845, 856, 857, 860, 862, 875, 880, 887, 888, 899, 900, 914, 918, 921, 928, 929, 930]",False,"[137, 608]","[103, 104, 105, 106, 107, 108, 109, 110, 111, 112, 113, 114, 115, 116, 117, 118, 119, 120, 121, 122, 123, 124, 125, 126, 127, 128, 129, 130, 131, 132, 133, 134, 135, 136, 137, 138, 139, 140, 141, 142, 143, 144, 145, 146, 147, 148, 149, 150, 151, 152, 153, 154, 155, 156, 157, 158, 159, 160, 161, 162, 163, 164, 165, 166, 167, 168, 169, 170, 171, 172, 173, 174, 175, 176, 177, 178, 179, 180, 181, 182, 183, 184, 185, 186, 187, 188, 189, 190, 191, 192, 193, 194, 195, 196, 197, 198, 199, 200, 201, 202, 203, 204, 205, 206, 207, 208, 209, 210, 211, 212, 213, 214, 215, 216, 217, 218, 219, 220, 221, 222, 223, 224, 225, 226, 227, 228, 229, 230, 231, 232, 233, 234, 235, 236, 237, 238, 239, 240, 241, 242, 243, 244, 245, 246, 247, 248, 249, 250, 251, 252, 253, 254, 255, 256, 257, 258, 259, 260, 261, 262, 263, 264, 265, 266, 267, 268, 269, 270, 271, 272, 273, 274, 275, 276, 277, 278, 279, 280, 281, 282, 283, 284, 285, 286, 287, 288, 289, 290, 291, 292, 293, 294, 295, 296, 297, 298, 299, 300, 301, 302, 303, 304, 305, 306, 307, 308, 309, 310, 311, 312, 313, 314, 315, 316, 317, 318, 319, 320, 321, 322, 323, 324, 325, 326, 327, 328, 329, 330, 331, 332, 333, 334, 335, 336, 337, 574, 575, 576, 577, 578, 579, 580, 581, 582, 583, 584, 585, 586, 587, 588, 589, 590, 591, 592, 593, 594, 595, 596, 597, 598, 599, 600, 601, 602, 603, 604, 605, 606, 607, 608, 609, 610, 611, 612, 613, 614, 615, 616, 617, 618, 619, 620, 621, 622, 623, 624, 625, 626, 627, 628, 629, 630, 631, 632, 633, 634, 635, 636, 637, 638, 639, 640, 641, 642, 643, 644, 645, 646, 647, 648, 649, 650, 651, 652, 653, 654, 655, 656, 657, 658, 659, 660, 661, 662, 663, 664, 665, 666, 667, 668, 669, 670, 671, 672, 673, 674, 675, 676, 677, 678, 679, 680, 681, 682, 683, 684, 685, 686, 687, 688, 689, 690, 691, 692, 693, 694, 695, 696, 697, 698, 699, 700, 701, 702, 703, 704, 705, 706, 707, 708, 709, 710, 711, 712, 713, 714, 715, 716, 717, 718, 719, 720, 721, 722, 723, 724, 725, 726, 727, 728, 729, 730, 731, 732, 733, 734, 735, 736, 737, 738, 739, 740, 741, 742, 743, 744, 745, 746, 747, 748, 749, 750, 751, 752, 753, 754, 755, 756, 757, 758, 759, 760, 761, 762, 763, 764, 765, 766, 767, 768, 769, 770, 771, 772, 773, 774, 775, 776, 777, 778, 779, 780, 781, 782, 783, 784, 785, 786, 787, 788, 789, 790, 791, 792, 793]","[137, 608]",[],"[103, 104, 106, 117, 118, 120, 127, 128, 129, 131, 133, 135, 136, 137, 139, 146, 147, 148, 149, 151, 158, 160, 162, 166, 173, 178, 179, 185, 190, 192, 198, 201, 203, 204, 206, 207, 212, 213, 214, 219, 223, 224, 225, 227, 230, 235, 237, 246, 247, 256, 259, 262, 263, 266, 268, 269, 271, 272, 278, 279, 284, 285, 288, 290, 292, 304, 312, 316, 319, 320, 323, 324, 332, 574, 575, 588, 591, 607, 608, 610, 618, 619, 620, 622, 632, 644, 649, 650, 656, 661, 663, 669, 674, 677, 683, 684, 687, 688, 689, 701, 710, 723, 730, 731, 738, 747, 751, 762, 774, 778, 789]","[12, 24, 25, 28, 88, 100, 104, 119, 123, 129, 136, 137, 139, 140, 141, 144, 148, 155, 169, 172, 179, 183, 185, 188, 196, 198, 217, 237, 267, 270, 278, 319, 321, 324, 325, 330, 334, 335, 354, 366, 369, 380, 383, 384, 386, 395, 407, 411, 423, 428, 436, 437, 452, 453, 456, 467, 471, 477, 478, 479, 497, 508, 511, 559, 571, 575, 590, 594, 600, 607, 608, 610, 611, 612, 615, 619, 627, 640, 643, 650, 654, 656, 659, 667, 669, 685, 701, 726, 729, 737, 777, 779, 782, 783, 787, 790, 791, 809, 817, 819, 830, 833, 834, 836, 845, 856, 857, 860, 862, 875, 880, 887, 888, 899, 900, 914, 918, 921, 928, 929, 930]","[12, 24, 25, 28, 88, 100, 104, 119, 123, 129, 136, 137, 139, 140, 141, 148, 155, 169, 172, 179, 183, 185, 188, 196, 198, 217, 237, 267, 270, 278, 319, 321, 324, 325, 330, 334, 335, 354, 366, 369, 380, 383, 384, 386, 395, 407, 411, 423, 428, 436, 437, 452, 453, 456, 467, 471, 477, 478, 479, 497, 508, 511, 559, 571, 575, 590, 594, 600, 607, 608, 610, 611, 612, 619, 627, 640, 643, 650, 654, 656, 659, 667, 669, 685, 701, 726, 729, 737, 777, 779, 782, 783, 787, 790, 791, 809, 817, 819, 830, 833, 834, 836, 845, 856, 857, 860, 862, 875, 880, 887, 888, 899, 900, 914, 918, 921, 928, 929, 930]",7/6 successful match,False,"[69, 70]",True,344,False,,1.0,True,Casa de Diesel ( Chevron ),Chevron
Hollister ( 95023 ) Casa de Diesel ( Chevron ),408-842-9316 CA 152,24 R MO HRS 24 FRS 24,Hollister,95023,Casa de Diesel ( Chevron ),408-842-9316,2016,Hollister,CA,Chevron,,CA 152,empty,,False,,False,CA 152,,,,,[],"[137, 608]","[137, 608]",[],"[103, 104, 105, 106, 107, 108, 109, 110, 111, 112, 113, 114, 115, 116, 117, 118, 119, 120, 121, 122, 123, 124, 125, 126, 127, 128, 129, 130, 131, 132, 133, 134, 135, 136, 137, 138, 139, 140, 141, 142, 143, 144, 145, 146, 147, 148, 149, 150, 151, 152, 153, 154, 155, 156, 157, 158, 159, 160, 161, 162, 163, 164, 165, 166, 167, 168, 169, 170, 171, 172, 173, 174, 175, 176, 177, 178, 179, 180, 181, 182, 183, 184, 185, 186, 187, 188, 189, 190, 191, 192, 193, 194, 195, 196, 197, 198, 199, 200, 201, 202, 203, 204, 205, 206, 207, 208, 209, 210, 211, 212, 213, 214, 215, 216, 217, 218, 219, 220, 221, 222, 223, 224, 225, 226, 227, 228, 229, 230, 231, 232, 233, 234, 235, 236, 237, 238, 239, 240, 241, 242, 243, 244, 245, 246, 247, 248, 249, 250, 251, 252, 253, 254, 255, 256, 257, 258, 259, 260, 261, 262, 263, 264, 265, 266, 267, 268, 269, 270, 271, 272, 273, 274, 275, 276, 277, 278, 279, 280, 281, 282, 283, 284, 285, 286, 287, 288, 289, 290, 291, 292, 293, 294, 295, 296, 297, 298, 299, 300, 301, 302, 303, 304, 305, 306, 307, 308, 309, 310, 311, 312, 313, 314, 315, 316, 317, 318, 319, 320, 321, 322, 323, 324, 325, 326, 327, 328, 329, 330, 331, 332, 333, 334, 335, 336, 337, 574, 575, 576, 577, 578, 579, 580, 581, 582, 583, 584, 585, 586, 587, 588, 589, 590, 591, 592, 593, 594, 595, 596, 597, 598, 599, 600, 601, 602, 603, 604, 605, 606, 607, 608, 609, 610, 611, 612, 613, 614, 615, 616, 617, 618, 619, 620, 621, 622, 623, 624, 625, 626, 627, 628, 629, 630, 631, 632, 633, 634, 635, 636, 637, 638, 639, 640, 641, 642, 643, 644, 645, 646, 647, 648, 649, 650, 651, 652, 653, 654, 655, 656, 657, 658, 659, 660, 661, 662, 663, 664, 665, 666, 667, 668, 669, 670, 671, 672, 673, 674, 675, 676, 677, 678, 679, 680, 681, 682, 683, 684, 685, 686, 687, 688, 689, 690, 691, 692, 693, 694, 695, 696, 697, 698, 699, 700, 701, 702, 703, 704, 705, 706, 707, 708, 709, 710, 711, 712, 713, 714, 715, 716, 717, 718, 719, 720, 721, 722, 723, 724, 725, 726, 727, 728, 729, 730, 731, 732, 733, 734, 735, 736, 737, 738, 739, 740, 741, 742, 743, 744, 745, 746, 747, 748, 749, 750, 751, 752, 753, 754, 755, 756, 757, 758, 759, 760, 761, 762, 763, 764, 765, 766, 767, 768, 769, 770, 771, 772, 773, 774, 775, 776, 777, 778, 779, 780, 781, 782, 783, 784, 785, 786, 787, 788, 789, 790, 791, 792, 793]","[103, 104, 106, 117, 118, 120, 127, 128, 129, 131, 133, 135, 136, 137, 139, 146, 147, 148, 149, 151, 158, 160, 162, 166, 173, 178, 179, 185, 190, 192, 198, 201, 203, 204, 206, 207, 212, 213, 214, 219, 223, 224, 225, 227, 230, 235, 237, 246, 247, 256, 259, 262, 263, 266, 268, 269, 271, 272, 278, 279, 284, 285, 288, 290, 292, 304, 312, 316, 319, 320, 323, 324, 332, 574, 575, 588, 591, 607, 608, 610, 618, 619, 620, 622, 632, 644, 649, 650, 656, 661, 663, 669, 674, 677, 683, 684, 687, 688, 689, 701, 710, 723, 730, 731, 738, 747, 751, 762, 774, 778, 789]","[12, 24, 25, 28, 88, 100, 104, 119, 123, 129, 136, 137, 139, 140, 141, 148, 155, 169, 172, 179, 183, 185, 188, 196, 198, 217, 237, 267, 270, 278, 319, 321, 324, 325, 330, 334, 335, 354, 366, 369, 380, 383, 384, 386, 395, 407, 411, 423, 428, 436, 437, 452, 453, 456, 467, 471, 477, 478, 479, 497, 508, 511, 559, 571, 575, 590, 594, 600, 607, 608, 610, 611, 612, 619, 627, 640, 643, 650, 654, 656, 659, 667, 669, 685, 701, 726, 729, 737, 777, 779, 782, 783, 787, 790, 791, 809, 817, 819, 830, 833, 834, 836, 845, 856, 857, 860, 862, 875, 880, 887, 888, 899, 900, 914, 918, 921, 928, 929, 930]","[12, 24, 25, 28, 88, 100, 104, 119, 123, 129, 136, 137, 139, 140, 141, 144, 148, 155, 169, 172, 179, 183, 185, 188, 196, 198, 217, 237, 267, 270, 278, 319, 321, 324, 325, 330, 334, 335, 354, 366, 369, 380, 383, 384, 386, 395, 407, 411, 423, 428, 436, 437, 452, 453, 456, 467, 471, 477, 478, 479, 497, 508, 511, 559, 571, 575, 590, 594, 600, 607, 608, 610, 611, 612, 615, 619, 627, 640, 643, 650, 654, 656, 659, 667, 669, 685, 701, 726, 729, 737, 777, 779, 782, 783, 787, 790, 791, 809, 817, 819, 830, 833, 834, 836, 845, 856, 857, 860, 862, 875, 880, 887, 888, 899, 900, 914, 918, 921, 928, 929, 930]","[12, 24, 25, 28, 88, 100, 103, 104, 105, 106, 107, 108, 109, 110, 111, 112, 113, 114, 115, 116, 117, 118, 119, 120, 121, 122, 123, 124, 125, 126, 127, 128, 129, 130, 131, 132, 133, 134, 135, 136, 137, 138, 139, 140, 141, 142, 143, 144, 145, 146, 147, 148, 149, 150, 151, 152, 153, 154, 155, 156, 157, 158, 159, 160, 161, 162, 163, 164, 165, 166, 167, 168, 169, 170, 171, 172, 173, 174, 175, 176, 177, 178, 179, 180, 181, 182, 183, 184, 185, 186, 187, 188, 189, 190, 191, 192, 193, 194, 195, 196, 197, 198, 199, 200, 201, 202, 203, 204, 205, 206, 207, 208, 209, 210, 211, 212, 213, 214, 215, 216, 217, 218, 219, 220, 221, 222, 223, 224, 225, 226, 227, 228, 229, 230, 231, 232, 233, 234, 235, 236, 237, 238, 239, 240, 241, 242, 243, 244, 245, 246, 247, 248, 249, 250, 251, 252, 253, 254, 255, 256, 257, 258, 259, 260, 261, 262, 263, 264, 265, 266, 267, 268, 269, 270, 271, 272, 273, 274, 275, 276, 277, 278, 279, 280, 281, 282, 283, 284, 285, 286, 287, 288, 289, 290, 291, 292, 293, 294, 295, 296, 297, 298, 299, 300, 301, 302, 303, 304, 305, 306, 307, 308, 309, 310, 311, 312, 313, 314, 315, 316, 317, 318, 319, 320, 321, 322, 323, 324, 325, 326, 327, 328, 329, 330, 331, 332, 333, 334, 335, 336, 337, 354, 366, 369, 380, 383, 384, 386, 395, 407, 411, 423, 428, 436, 437, 452, 453, 456, 467, 471, 477, 478, 479, 497, 508, 511, 559, 571, 574, 575, 576, 577, 578, 579, 580, 581, 582, 583, 584, 585, 586, 587, 588, 589, 590, 591, 592, 593, 594, 595, 596, 597, 598, 599, 600, 601, 602, 603, 604, 605, 606, 607, 608, 609, 610, 611, 612, 613, 614, 615, 616, 617, 618, 619, 620, 621, 622, 623, 624, 625, 626, 627, 628, 629, 630, 631, 632, 633, 634, 635, 636, 637, 638, 639, 640, 641, 642, 643, 644, 645, 646, 647, 648, 649, 650, 651, 652, 653, 654, 655, 656, 657, 658, 659, 660, 661, 662, 663, 664, 665, 666, 667, 668, 669, 670, 671, 672, 673, 674, 675, 676, 677, 678, 679, 680, 681, 682, 683, 684, 685, 686, 687, 688, 689, 690, 691, 692, 693, 694, 695, 696, 697, 698, 699, 700, 701, 702, 703, 704, 705, 706, 707, 708, 709, 710, 711, 712, 713, 714, 715, 716, 717, 718, 719, 720, 721, 722, 723, 724, 725, 726, 727, 728, 729, 730, 731, 732, 733, 734, 735, 736, 737, 738, 739, 740, 741, 742, 743, 744, 745, 746, 747, 748, 749, 750, 751, 752, 753, 754, 755, 756, 757, 758, 759, 760, 761, 762, 763, 764, 765, 766, 767, 768, 769, 770, 771, 772, 773, 774, 775, 776, 777, 778, 779, 780, 781, 782, 783, 784, 785, 786, 787, 788, 789, 790, 791, 792, 793, 809, 817, 819, 830, 833, 834, 836, 845, 856, 857, 860, 862, 875, 880, 887, 888, 899, 900, 914, 918, 921, 928, 929, 930]",False,"[137, 608]","[103, 104, 105, 106, 107, 108, 109, 110, 111, 112, 113, 114, 115, 116, 117, 118, 119, 120, 121, 122, 123, 124, 125, 126, 127, 128, 129, 130, 131, 132, 133, 134, 135, 136, 137, 138, 139, 140, 141, 142, 143, 144, 145, 146, 147, 148, 149, 150, 151, 152, 153, 154, 155, 156, 157, 158, 159, 160, 161, 162, 163, 164, 165, 166, 167, 168, 169, 170, 171, 172, 173, 174, 175, 176, 177, 178, 179, 180, 181, 182, 183, 184, 185, 186, 187, 188, 189, 190, 191, 192, 193, 194, 195, 196, 197, 198, 199, 200, 201, 202, 203, 204, 205, 206, 207, 208, 209, 210, 211, 212, 213, 214, 215, 216, 217, 218, 219, 220, 221, 222, 223, 224, 225, 226, 227, 228, 229, 230, 231, 232, 233, 234, 235, 236, 237, 238, 239, 240, 241, 242, 243, 244, 245, 246, 247, 248, 249, 250, 251, 252, 253, 254, 255, 256, 257, 258, 259, 260, 261, 262, 263, 264, 265, 266, 267, 268, 269, 270, 271, 272, 273, 274, 275, 276, 277, 278, 279, 280, 281, 282, 283, 284, 285, 286, 287, 288, 289, 290, 291, 292, 293, 294, 295, 296, 297, 298, 299, 300, 301, 302, 303, 304, 305, 306, 307, 308, 309, 310, 311, 312, 313, 314, 315, 316, 317, 318, 319, 320, 321, 322, 323, 324, 325, 326, 327, 328, 329, 330, 331, 332, 333, 334, 335, 336, 337, 574, 575, 576, 577, 578, 579, 580, 581, 582, 583, 584, 585, 586, 587, 588, 589, 590, 591, 592, 593, 594, 595, 596, 597, 598, 599, 600, 601, 602, 603, 604, 605, 606, 607, 608, 609, 610, 611, 612, 613, 614, 615, 616, 617, 618, 619, 620, 621, 622, 623, 624, 625, 626, 627, 628, 629, 630, 631, 632, 633, 634, 635, 636, 637, 638, 639, 640, 641, 642, 643, 644, 645, 646, 647, 648, 649, 650, 651, 652, 653, 654, 655, 656, 657, 658, 659, 660, 661, 662, 663, 664, 665, 666, 667, 668, 669, 670, 671, 672, 673, 674, 675, 676, 677, 678, 679, 680, 681, 682, 683, 684, 685, 686, 687, 688, 689, 690, 691, 692, 693, 694, 695, 696, 697, 698, 699, 700, 701, 702, 703, 704, 705, 706, 707, 708, 709, 710, 711, 712, 713, 714, 715, 716, 717, 718, 719, 720, 721, 722, 723, 724, 725, 726, 727, 728, 729, 730, 731, 732, 733, 734, 735, 736, 737, 738, 739, 740, 741, 742, 743, 744, 745, 746, 747, 748, 749, 750, 751, 752, 753, 754, 755, 756, 757, 758, 759, 760, 761, 762, 763, 764, 765, 766, 767, 768, 769, 770, 771, 772, 773, 774, 775, 776, 777, 778, 779, 780, 781, 782, 783, 784, 785, 786, 787, 788, 789, 790, 791, 792, 793]","[137, 608]",[],"[103, 104, 106, 117, 118, 120, 127, 128, 129, 131, 133, 135, 136, 137, 139, 146, 147, 148, 149, 151, 158, 160, 162, 166, 173, 178, 179, 185, 190, 192, 198, 201, 203, 204, 206, 207, 212, 213, 214, 219, 223, 224, 225, 227, 230, 235, 237, 246, 247, 256, 259, 262, 263, 266, 268, 269, 271, 272, 278, 279, 284, 285, 288, 290, 292, 304, 312, 316, 319, 320, 323, 324, 332, 574, 575, 588, 591, 607, 608, 610, 618, 619, 620, 622, 632, 644, 649, 650, 656, 661, 663, 669, 674, 677, 683, 684, 687, 688, 689, 701, 710, 723, 730, 731, 738, 747, 751, 762, 774, 778, 789]","[12, 24, 25, 28, 88, 100, 104, 119, 123, 129, 136, 137, 139, 140, 141, 144, 148, 155, 169, 172, 179, 183, 185, 188, 196, 198, 217, 237, 267, 270, 278, 319, 321, 324, 325, 330, 334, 335, 354, 366, 369, 380, 383, 384, 386, 395, 407, 411, 423, 428, 436, 437, 452, 453, 456, 467, 471, 477, 478, 479, 497, 508, 511, 559, 571, 575, 590, 594, 600, 607, 608, 610, 611, 612, 615, 619, 627, 640, 643, 650, 654, 656, 659, 667, 669, 685, 701, 726, 729, 737, 777, 779, 782, 783, 787, 790, 791, 809, 817, 819, 830, 833, 834, 836, 845, 856, 857, 860, 862, 875, 880, 887, 888, 899, 900, 914, 918, 921, 928, 929, 930]","[12, 24, 25, 28, 88, 100, 104, 119, 123, 129, 136, 137, 139, 140, 141, 148, 155, 169, 172, 179, 183, 185, 188, 196, 198, 217, 237, 267, 270, 278, 319, 321, 324, 325, 330, 334, 335, 354, 366, 369, 380, 383, 384, 386, 395, 407, 411, 423, 428, 436, 437, 452, 453, 456, 467, 471, 477, 478, 479, 497, 508, 511, 559, 571, 575, 590, 594, 600, 607, 608, 610, 611, 612, 619, 627, 640, 643, 650, 654, 656, 659, 667, 669, 685, 701, 726, 729, 737, 777, 779, 782, 783, 787, 790, 791, 809, 817, 819, 830, 833, 834, 836, 845, 856, 857, 860, 862, 875, 880, 887, 888, 899, 900, 914, 918, 921, 928, 929, 930]",7/6 successful match,False,"[69, 70]",True,344,False,,1.0,True,Casa de Diesel ( Chevron ),Chevron
"E Santa Clara , 95054 Rotten Robbie # 33",408-988-5407 3471 Lafayette St & Aldo Ave,) M <U+2610> <U+25A1>,Santa Clara,95054,Rotten Robbie # 33,408-988-5407,2006,Santa Clara,CA,,,3471 Lafayette St & Aldo Ave,Proper,,False,,False,Lafayette St,Aldo Ave,,,,"[273, 732]","[273, 732]","[209, 243, 273, 275, 311, 325, 679, 707, 732, 734, 769, 783]",[],"[103, 104, 105, 106, 107, 108, 109, 110, 111, 112, 113, 114, 115, 116, 117, 118, 119, 120, 121, 122, 123, 124, 125, 126, 127, 128, 129, 130, 131, 132, 133, 134, 135, 136, 137, 138, 139, 140, 141, 142, 143, 144, 145, 146, 147, 148, 149, 150, 151, 152, 153, 154, 155, 156, 157, 158, 159, 160, 161, 162, 163, 164, 165, 166, 167, 168, 169, 170, 171, 172, 173, 174, 175, 176, 177, 178, 179, 180, 181, 182, 183, 184, 185, 186, 187, 188, 189, 190, 191, 192, 193, 194, 195, 196, 197, 198, 199, 200, 201, 202, 203, 204, 205, 206, 207, 208, 209, 210, 211, 212, 213, 214, 215, 216, 217, 218, 219, 220, 221, 222, 223, 224, 225, 226, 227, 228, 229, 230, 231, 232, 233, 234, 235, 236, 237, 238, 239, 240, 241, 242, 243, 244, 245, 246, 247, 248, 249, 250, 251, 252, 253, 254, 255, 256, 257, 258, 259, 260, 261, 262, 263, 264, 265, 266, 267, 268, 269, 270, 271, 272, 273, 274, 275, 276, 277, 278, 279, 280, 281, 282, 283, 284, 285, 286, 287, 288, 289, 290, 291, 292, 293, 294, 295, 296, 297, 298, 299, 300, 301, 302, 303, 304, 305, 306, 307, 308, 309, 310, 311, 312, 313, 314, 315, 316, 317, 318, 319, 320, 321, 322, 323, 324, 325, 326, 327, 328, 329, 330, 331, 332, 333, 334, 335, 336, 337, 574, 575, 576, 577, 578, 579, 580, 581, 582, 583, 584, 585, 586, 587, 588, 589, 590, 591, 592, 593, 594, 595, 596, 597, 598, 599, 600, 601, 602, 603, 604, 605, 606, 607, 608, 609, 610, 611, 612, 613, 614, 615, 616, 617, 618, 619, 620, 621, 622, 623, 624, 625, 626, 627, 628, 629, 630, 631, 632, 633, 634, 635, 636, 637, 638, 639, 640, 641, 642, 643, 644, 645, 646, 647, 648, 649, 650, 651, 652, 653, 654, 655, 656, 657, 658, 659, 660, 661, 662, 663, 664, 665, 666, 667, 668, 669, 670, 671, 672, 673, 674, 675, 676, 677, 678, 679, 680, 681, 682, 683, 684, 685, 686, 687, 688, 689, 690, 691, 692, 693, 694, 695, 696, 697, 698, 699, 700, 701, 702, 703, 704, 705, 706, 707, 708, 709, 710, 711, 712, 713, 714, 715, 716, 717, 718, 719, 720, 721, 722, 723, 724, 725, 726, 727, 728, 729, 730, 731, 732, 733, 734, 735, 736, 737, 738, 739, 740, 741, 742, 743, 744, 745, 746, 747, 748, 749, 750, 751, 752, 753, 754, 755, 756, 757, 758, 759, 760, 761, 762, 763, 764, 765, 766, 767, 768, 769, 770, 771, 772, 773, 774, 775, 776, 777, 778, 779, 780, 781, 782, 783, 784, 785, 786, 787, 788, 789, 790, 791, 792, 793]","[273, 732]",[],"[271, 272, 273, 274, 275, 276, 730, 731, 732, 733, 734, 735]","[103, 104, 105, 106, 107, 108, 109, 110, 111, 112, 113, 114, 115, 116, 117, 118, 119, 120, 121, 122, 123, 124, 125, 126, 127, 128, 129, 130, 131, 132, 133, 134, 135, 136, 137, 138, 139, 140, 141, 142, 143, 144, 145, 146, 147, 148, 149, 150, 151, 152, 153, 154, 155, 156, 157, 158, 159, 160, 161, 162, 163, 164, 165, 166, 167, 168, 169, 170, 171, 172, 173, 174, 175, 176, 177, 178, 179, 180, 181, 182, 183, 184, 185, 186, 187, 188, 189, 190, 191, 192, 193, 194, 195, 196, 197, 198, 199, 200, 201, 202, 203, 204, 205, 206, 207, 208, 209, 210, 211, 212, 213, 214, 215, 216, 217, 218, 219, 220, 221, 222, 223, 224, 225, 226, 227, 228, 229, 230, 231, 232, 233, 234, 235, 236, 237, 238, 239, 240, 241, 242, 243, 244, 245, 246, 247, 248, 249, 250, 251, 252, 253, 254, 255, 256, 257, 258, 259, 260, 261, 262, 263, 264, 265, 266, 267, 268, 269, 270, 271, 272, 273, 274, 275, 276, 277, 278, 279, 280, 281, 282, 283, 284, 285, 286, 287, 288, 289, 290, 291, 292, 293, 294, 295, 296, 297, 298, 299, 300, 301, 302, 303, 304, 305, 306, 307, 308, 309, 310, 311, 312, 313, 314, 315, 316, 317, 318, 319, 320, 321, 322, 323, 324, 325, 326, 327, 328, 329, 330, 331, 332, 333, 334, 335, 336, 337, 574, 575, 576, 577, 578, 579, 580, 581, 582, 583, 584, 585, 586, 587, 588, 589, 590, 591, 592, 593, 594, 595, 596, 597, 598, 599, 600, 601, 602, 603, 604, 605, 606, 607, 608, 609, 610, 611, 612, 613, 614, 615, 616, 617, 618, 619, 620, 621, 622, 623, 624, 625, 626, 627, 628, 629, 630, 631, 632, 633, 634, 635, 636, 637, 638, 639, 640, 641, 642, 643, 644, 645, 646, 647, 648, 649, 650, 651, 652, 653, 654, 655, 656, 657, 658, 659, 660, 661, 662, 663, 664, 665, 666, 667, 668, 669, 670, 671, 672, 673, 674, 675, 676, 677, 678, 679, 680, 681, 682, 683, 684, 685, 686, 687, 688, 689, 690, 691, 692, 693, 694, 695, 696, 697, 698, 699, 700, 701, 702, 703, 704, 705, 706, 707, 708, 709, 710, 711, 712, 713, 714, 715, 716, 717, 718, 719, 720, 721, 722, 723, 724, 725, 726, 727, 728, 729, 730, 731, 732, 733, 734, 735, 736, 737, 738, 739, 740, 741, 742, 743, 744, 745, 746, 747, 748, 749, 750, 751, 752, 753, 754, 755, 756, 757, 758, 759, 760, 761, 762, 763, 764, 765, 766, 767, 768, 769, 770, 771, 772, 773, 774, 775, 776, 777, 778, 779, 780, 781, 782, 783, 784, 785, 786, 787, 788, 789, 790, 791, 792, 793]",True,"[273, 732]","[103, 104, 105, 106, 107, 108, 109, 110, 111, 112, 113, 114, 115, 116, 117, 118, 119, 120, 121, 122, 123, 124, 125, 126, 127, 128, 129, 130, 131, 132, 133, 134, 135, 136, 137, 138, 139, 140, 141, 142, 143, 144, 145, 146, 147, 148, 149, 150, 151, 152, 153, 154, 155, 156, 157, 158, 159, 160, 161, 162, 163, 164, 165, 166, 167, 168, 169, 170, 171, 172, 173, 174, 175, 176, 177, 178, 179, 180, 181, 182, 183, 184, 185, 186, 187, 188, 189, 190, 191, 192, 193, 194, 195, 196, 197, 198, 199, 200, 201, 202, 203, 204, 205, 206, 207, 208, 209, 210, 211, 212, 213, 214, 215, 216, 217, 218, 219, 220, 221, 222, 223, 224, 225, 226, 227, 228, 229, 230, 231, 232, 233, 234, 235, 236, 237, 238, 239, 240, 241, 242, 243, 244, 245, 246, 247, 248, 249, 250, 251, 252, 253, 254, 255, 256, 257, 258, 259, 260, 261, 262, 263, 264, 265, 266, 267, 268, 269, 270, 271, 272, 273, 274, 275, 276, 277, 278, 279, 280, 281, 282, 283, 284, 285, 286, 287, 288, 289, 290, 291, 292, 293, 294, 295, 296, 297, 298, 299, 300, 301, 302, 303, 304, 305, 306, 307, 308, 309, 310, 311, 312, 313, 314, 315, 316, 317, 318, 319, 320, 321, 322, 323, 324, 325, 326, 327, 328, 329, 330, 331, 332, 333, 334, 335, 336, 337, 574, 575, 576, 577, 578, 579, 580, 581, 582, 583, 584, 585, 586, 587, 588, 589, 590, 591, 592, 593, 594, 595, 596, 597, 598, 599, 600, 601, 602, 603, 604, 605, 606, 607, 608, 609, 610, 611, 612, 613, 614, 615, 616, 617, 618, 619, 620, 621, 622, 623, 624, 625, 626, 627, 628, 629, 630, 631, 632, 633, 634, 635, 636, 637, 638, 639, 640, 641, 642, 643, 644, 645, 646, 647, 648, 649, 650, 651, 652, 653, 654, 655, 656, 657, 658, 659, 660, 661, 662, 663, 664, 665, 666, 667, 668, 669, 670, 671, 672, 673, 674, 675, 676, 677, 678, 679, 680, 681, 682, 683, 684, 685, 686, 687, 688, 689, 690, 691, 692, 693, 694, 695, 696, 697, 698, 699, 700, 701, 702, 703, 704, 705, 706, 707, 708, 709, 710, 711, 712, 713, 714, 715, 716, 717, 718, 719, 720, 721, 722, 723, 724, 725, 726, 727, 728, 729, 730, 731, 732, 733, 734, 735, 736, 737, 738, 739, 740, 741, 742, 743, 744, 745, 746, 747, 748, 749, 750, 751, 752, 753, 754, 755, 756, 757, 758, 759, 760, 761, 762, 763, 764, 765, 766, 767, 768, 769, 770, 771, 772, 773, 774, 775, 776, 777, 778, 779, 780, 781, 782, 783, 784, 785, 786, 787, 788, 789, 790, 791, 792, 793]","[209, 243, 273, 275, 311, 325, 679, 707, 732, 734, 769, 783]",[],"[273, 732]","[271, 272, 273, 274, 275, 276, 730, 731, 732, 733, 734, 735]",[],7/6 successful match,True,[103],True,345,False,,,,,
"Santa Clara , 95054 Rotten Robbie # 33",408-988-5407 3471 Lafayette St & Aldo Ave,24 <U+2610>,Santa Clara,95054,Rotten Robbie # 33,408-988-5407,2007,Santa Clara,CA,,,3471 Lafayette St & Aldo Ave,Proper,,False,,False,Lafayette St,Aldo Ave,,,,"[273, 732]","[273, 732]","[209, 243, 273, 275, 311, 325, 679, 707, 732, 734, 769, 783]",[],"[103, 104, 105, 106, 107, 108, 109, 110, 111, 112, 113, 114, 115, 116, 117, 118, 119, 120, 121, 122, 123, 124, 125, 126, 127, 128, 129, 130, 131, 132, 133, 134, 135, 136, 137, 138, 139, 140, 141, 142, 143, 144, 145, 146, 147, 148, 149, 150, 151, 152, 153, 154, 155, 156, 157, 158, 159, 160, 161, 162, 163, 164, 165, 166, 167, 168, 169, 170, 171, 172, 173, 174, 175, 176, 177, 178, 179, 180, 181, 182, 183, 184, 185, 186, 187, 188, 189, 190, 191, 192, 193, 194, 195, 196, 197, 198, 199, 200, 201, 202, 203, 204, 205, 206, 207, 208, 209, 210, 211, 212, 213, 214, 215, 216, 217, 218, 219, 220, 221, 222, 223, 224, 225, 226, 227, 228, 229, 230, 231, 232, 233, 234, 235, 236, 237, 238, 239, 240, 241, 242, 243, 244, 245, 246, 247, 248, 249, 250, 251, 252, 253, 254, 255, 256, 257, 258, 259, 260, 261, 262, 263, 264, 265, 266, 267, 268, 269, 270, 271, 272, 273, 274, 275, 276, 277, 278, 279, 280, 281, 282, 283, 284, 285, 286, 287, 288, 289, 290, 291, 292, 293, 294, 295, 296, 297, 298, 299, 300, 301, 302, 303, 304, 305, 306, 307, 308, 309, 310, 311, 312, 313, 314, 315, 316, 317, 318, 319, 320, 321, 322, 323, 324, 325, 326, 327, 328, 329, 330, 331, 332, 333, 334, 335, 336, 337, 574, 575, 576, 577, 578, 579, 580, 581, 582, 583, 584, 585, 586, 587, 588, 589, 590, 591, 592, 593, 594, 595, 596, 597, 598, 599, 600, 601, 602, 603, 604, 605, 606, 607, 608, 609, 610, 611, 612, 613, 614, 615, 616, 617, 618, 619, 620, 621, 622, 623, 624, 625, 626, 627, 628, 629, 630, 631, 632, 633, 634, 635, 636, 637, 638, 639, 640, 641, 642, 643, 644, 645, 646, 647, 648, 649, 650, 651, 652, 653, 654, 655, 656, 657, 658, 659, 660, 661, 662, 663, 664, 665, 666, 667, 668, 669, 670, 671, 672, 673, 674, 675, 676, 677, 678, 679, 680, 681, 682, 683, 684, 685, 686, 687, 688, 689, 690, 691, 692, 693, 694, 695, 696, 697, 698, 699, 700, 701, 702, 703, 704, 705, 706, 707, 708, 709, 710, 711, 712, 713, 714, 715, 716, 717, 718, 719, 720, 721, 722, 723, 724, 725, 726, 727, 728, 729, 730, 731, 732, 733, 734, 735, 736, 737, 738, 739, 740, 741, 742, 743, 744, 745, 746, 747, 748, 749, 750, 751, 752, 753, 754, 755, 756, 757, 758, 759, 760, 761, 762, 763, 764, 765, 766, 767, 768, 769, 770, 771, 772, 773, 774, 775, 776, 777, 778, 779, 780, 781, 782, 783, 784, 785, 786, 787, 788, 789, 790, 791, 792, 793]","[273, 732]",[],"[271, 272, 273, 274, 275, 276, 730, 731, 732, 733, 734, 735]","[103, 104, 105, 106, 107, 108, 109, 110, 111, 112, 113, 114, 115, 116, 117, 118, 119, 120, 121, 122, 123, 124, 125, 126, 127, 128, 129, 130, 131, 132, 133, 134, 135, 136, 137, 138, 139, 140, 141, 142, 143, 144, 145, 146, 147, 148, 149, 150, 151, 152, 153, 154, 155, 156, 157, 158, 159, 160, 161, 162, 163, 164, 165, 166, 167, 168, 169, 170, 171, 172, 173, 174, 175, 176, 177, 178, 179, 180, 181, 182, 183, 184, 185, 186, 187, 188, 189, 190, 191, 192, 193, 194, 195, 196, 197, 198, 199, 200, 201, 202, 203, 204, 205, 206, 207, 208, 209, 210, 211, 212, 213, 214, 215, 216, 217, 218, 219, 220, 221, 222, 223, 224, 225, 226, 227, 228, 229, 230, 231, 232, 233, 234, 235, 236, 237, 238, 239, 240, 241, 242, 243, 244, 245, 246, 247, 248, 249, 250, 251, 252, 253, 254, 255, 256, 257, 258, 259, 260, 261, 262, 263, 264, 265, 266, 267, 268, 269, 270, 271, 272, 273, 274, 275, 276, 277, 278, 279, 280, 281, 282, 283, 284, 285, 286, 287, 288, 289, 290, 291, 292, 293, 294, 295, 296, 297, 298, 299, 300, 301, 302, 303, 304, 305, 306, 307, 308, 309, 310, 311, 312, 313, 314, 315, 316, 317, 318, 319, 320, 321, 322, 323, 324, 325, 326, 327, 328, 329, 330, 331, 332, 333, 334, 335, 336, 337, 574, 575, 576, 577, 578, 579, 580, 581, 582, 583, 584, 585, 586, 587, 588, 589, 590, 591, 592, 593, 594, 595, 596, 597, 598, 599, 600, 601, 602, 603, 604, 605, 606, 607, 608, 609, 610, 611, 612, 613, 614, 615, 616, 617, 618, 619, 620, 621, 622, 623, 624, 625, 626, 627, 628, 629, 630, 631, 632, 633, 634, 635, 636, 637, 638, 639, 640, 641, 642, 643, 644, 645, 646, 647, 648, 649, 650, 651, 652, 653, 654, 655, 656, 657, 658, 659, 660, 661, 662, 663, 664, 665, 666, 667, 668, 669, 670, 671, 672, 673, 674, 675, 676, 677, 678, 679, 680, 681, 682, 683, 684, 685, 686, 687, 688, 689, 690, 691, 692, 693, 694, 695, 696, 697, 698, 699, 700, 701, 702, 703, 704, 705, 706, 707, 708, 709, 710, 711, 712, 713, 714, 715, 716, 717, 718, 719, 720, 721, 722, 723, 724, 725, 726, 727, 728, 729, 730, 731, 732, 733, 734, 735, 736, 737, 738, 739, 740, 741, 742, 743, 744, 745, 746, 747, 748, 749, 750, 751, 752, 753, 754, 755, 756, 757, 758, 759, 760, 761, 762, 763, 764, 765, 766, 767, 768, 769, 770, 771, 772, 773, 774, 775, 776, 777, 778, 779, 780, 781, 782, 783, 784, 785, 786, 787, 788, 789, 790, 791, 792, 793]",True,"[273, 732]","[103, 104, 105, 106, 107, 108, 109, 110, 111, 112, 113, 114, 115, 116, 117, 118, 119, 120, 121, 122, 123, 124, 125, 126, 127, 128, 129, 130, 131, 132, 133, 134, 135, 136, 137, 138, 139, 140, 141, 142, 143, 144, 145, 146, 147, 148, 149, 150, 151, 152, 153, 154, 155, 156, 157, 158, 159, 160, 161, 162, 163, 164, 165, 166, 167, 168, 169, 170, 171, 172, 173, 174, 175, 176, 177, 178, 179, 180, 181, 182, 183, 184, 185, 186, 187, 188, 189, 190, 191, 192, 193, 194, 195, 196, 197, 198, 199, 200, 201, 202, 203, 204, 205, 206, 207, 208, 209, 210, 211, 212, 213, 214, 215, 216, 217, 218, 219, 220, 221, 222, 223, 224, 225, 226, 227, 228, 229, 230, 231, 232, 233, 234, 235, 236, 237, 238, 239, 240, 241, 242, 243, 244, 245, 246, 247, 248, 249, 250, 251, 252, 253, 254, 255, 256, 257, 258, 259, 260, 261, 262, 263, 264, 265, 266, 267, 268, 269, 270, 271, 272, 273, 274, 275, 276, 277, 278, 279, 280, 281, 282, 283, 284, 285, 286, 287, 288, 289, 290, 291, 292, 293, 294, 295, 296, 297, 298, 299, 300, 301, 302, 303, 304, 305, 306, 307, 308, 309, 310, 311, 312, 313, 314, 315, 316, 317, 318, 319, 320, 321, 322, 323, 324, 325, 326, 327, 328, 329, 330, 331, 332, 333, 334, 335, 336, 337, 574, 575, 576, 577, 578, 579, 580, 581, 582, 583, 584, 585, 586, 587, 588, 589, 590, 591, 592, 593, 594, 595, 596, 597, 598, 599, 600, 601, 602, 603, 604, 605, 606, 607, 608, 609, 610, 611, 612, 613, 614, 615, 616, 617, 618, 619, 620, 621, 622, 623, 624, 625, 626, 627, 628, 629, 630, 631, 632, 633, 634, 635, 636, 637, 638, 639, 640, 641, 642, 643, 644, 645, 646, 647, 648, 649, 650, 651, 652, 653, 654, 655, 656, 657, 658, 659, 660, 661, 662, 663, 664, 665, 666, 667, 668, 669, 670, 671, 672, 673, 674, 675, 676, 677, 678, 679, 680, 681, 682, 683, 684, 685, 686, 687, 688, 689, 690, 691, 692, 693, 694, 695, 696, 697, 698, 699, 700, 701, 702, 703, 704, 705, 706, 707, 708, 709, 710, 711, 712, 713, 714, 715, 716, 717, 718, 719, 720, 721, 722, 723, 724, 725, 726, 727, 728, 729, 730, 731, 732, 733, 734, 735, 736, 737, 738, 739, 740, 741, 742, 743, 744, 745, 746, 747, 748, 749, 750, 751, 752, 753, 754, 755, 756, 757, 758, 759, 760, 761, 762, 763, 764, 765, 766, 767, 768, 769, 770, 771, 772, 773, 774, 775, 776, 777, 778, 779, 780, 781, 782, 783, 784, 785, 786, 787, 788, 789, 790, 791, 792, 793]","[209, 243, 273, 275, 311, 325, 679, 707, 732, 734, 769, 783]",[],"[273, 732]","[271, 272, 273, 274, 275, 276, 730, 731, 732, 733, 734, 735]",[],7/6 successful match,True,[103],True,345,False,,1.0,True,Rotten Robbie # 33,
"E Santa Clara , 95054 Rotten Robbie # 33",408-988-5407 3471 Lafayette St & Aldo Ave,HRS 24 <U+2610> 00,Santa Clara,95054,Rotten Robbie # 33,408-988-5407,2008,Santa Clara,CA,,,3471 Lafayette St & Aldo Ave,Proper,,False,,False,Lafayette St,Aldo Ave,,,,"[273, 732]","[273, 732]","[209, 243, 273, 275, 311, 325, 679, 707, 732, 734, 769, 783]",[],"[103, 104, 105, 106, 107, 108, 109, 110, 111, 112, 113, 114, 115, 116, 117, 118, 119, 120, 121, 122, 123, 124, 125, 126, 127, 128, 129, 130, 131, 132, 133, 134, 135, 136, 137, 138, 139, 140, 141, 142, 143, 144, 145, 146, 147, 148, 149, 150, 151, 152, 153, 154, 155, 156, 157, 158, 159, 160, 161, 162, 163, 164, 165, 166, 167, 168, 169, 170, 171, 172, 173, 174, 175, 176, 177, 178, 179, 180, 181, 182, 183, 184, 185, 186, 187, 188, 189, 190, 191, 192, 193, 194, 195, 196, 197, 198, 199, 200, 201, 202, 203, 204, 205, 206, 207, 208, 209, 210, 211, 212, 213, 214, 215, 216, 217, 218, 219, 220, 221, 222, 223, 224, 225, 226, 227, 228, 229, 230, 231, 232, 233, 234, 235, 236, 237, 238, 239, 240, 241, 242, 243, 244, 245, 246, 247, 248, 249, 250, 251, 252, 253, 254, 255, 256, 257, 258, 259, 260, 261, 262, 263, 264, 265, 266, 267, 268, 269, 270, 271, 272, 273, 274, 275, 276, 277, 278, 279, 280, 281, 282, 283, 284, 285, 286, 287, 288, 289, 290, 291, 292, 293, 294, 295, 296, 297, 298, 299, 300, 301, 302, 303, 304, 305, 306, 307, 308, 309, 310, 311, 312, 313, 314, 315, 316, 317, 318, 319, 320, 321, 322, 323, 324, 325, 326, 327, 328, 329, 330, 331, 332, 333, 334, 335, 336, 337, 574, 575, 576, 577, 578, 579, 580, 581, 582, 583, 584, 585, 586, 587, 588, 589, 590, 591, 592, 593, 594, 595, 596, 597, 598, 599, 600, 601, 602, 603, 604, 605, 606, 607, 608, 609, 610, 611, 612, 613, 614, 615, 616, 617, 618, 619, 620, 621, 622, 623, 624, 625, 626, 627, 628, 629, 630, 631, 632, 633, 634, 635, 636, 637, 638, 639, 640, 641, 642, 643, 644, 645, 646, 647, 648, 649, 650, 651, 652, 653, 654, 655, 656, 657, 658, 659, 660, 661, 662, 663, 664, 665, 666, 667, 668, 669, 670, 671, 672, 673, 674, 675, 676, 677, 678, 679, 680, 681, 682, 683, 684, 685, 686, 687, 688, 689, 690, 691, 692, 693, 694, 695, 696, 697, 698, 699, 700, 701, 702, 703, 704, 705, 706, 707, 708, 709, 710, 711, 712, 713, 714, 715, 716, 717, 718, 719, 720, 721, 722, 723, 724, 725, 726, 727, 728, 729, 730, 731, 732, 733, 734, 735, 736, 737, 738, 739, 740, 741, 742, 743, 744, 745, 746, 747, 748, 749, 750, 751, 752, 753, 754, 755, 756, 757, 758, 759, 760, 761, 762, 763, 764, 765, 766, 767, 768, 769, 770, 771, 772, 773, 774, 775, 776, 777, 778, 779, 780, 781, 782, 783, 784, 785, 786, 787, 788, 789, 790, 791, 792, 793]","[273, 732]",[],"[271, 272, 273, 274, 275, 276, 730, 731, 732, 733, 734, 735]","[103, 104, 105, 106, 107, 108, 109, 110, 111, 112, 113, 114, 115, 116, 117, 118, 119, 120, 121, 122, 123, 124, 125, 126, 127, 128, 129, 130, 131, 132, 133, 134, 135, 136, 137, 138, 139, 140, 141, 142, 143, 144, 145, 146, 147, 148, 149, 150, 151, 152, 153, 154, 155, 156, 157, 158, 159, 160, 161, 162, 163, 164, 165, 166, 167, 168, 169, 170, 171, 172, 173, 174, 175, 176, 177, 178, 179, 180, 181, 182, 183, 184, 185, 186, 187, 188, 189, 190, 191, 192, 193, 194, 195, 196, 197, 198, 199, 200, 201, 202, 203, 204, 205, 206, 207, 208, 209, 210, 211, 212, 213, 214, 215, 216, 217, 218, 219, 220, 221, 222, 223, 224, 225, 226, 227, 228, 229, 230, 231, 232, 233, 234, 235, 236, 237, 238, 239, 240, 241, 242, 243, 244, 245, 246, 247, 248, 249, 250, 251, 252, 253, 254, 255, 256, 257, 258, 259, 260, 261, 262, 263, 264, 265, 266, 267, 268, 269, 270, 271, 272, 273, 274, 275, 276, 277, 278, 279, 280, 281, 282, 283, 284, 285, 286, 287, 288, 289, 290, 291, 292, 293, 294, 295, 296, 297, 298, 299, 300, 301, 302, 303, 304, 305, 306, 307, 308, 309, 310, 311, 312, 313, 314, 315, 316, 317, 318, 319, 320, 321, 322, 323, 324, 325, 326, 327, 328, 329, 330, 331, 332, 333, 334, 335, 336, 337, 574, 575, 576, 577, 578, 579, 580, 581, 582, 583, 584, 585, 586, 587, 588, 589, 590, 591, 592, 593, 594, 595, 596, 597, 598, 599, 600, 601, 602, 603, 604, 605, 606, 607, 608, 609, 610, 611, 612, 613, 614, 615, 616, 617, 618, 619, 620, 621, 622, 623, 624, 625, 626, 627, 628, 629, 630, 631, 632, 633, 634, 635, 636, 637, 638, 639, 640, 641, 642, 643, 644, 645, 646, 647, 648, 649, 650, 651, 652, 653, 654, 655, 656, 657, 658, 659, 660, 661, 662, 663, 664, 665, 666, 667, 668, 669, 670, 671, 672, 673, 674, 675, 676, 677, 678, 679, 680, 681, 682, 683, 684, 685, 686, 687, 688, 689, 690, 691, 692, 693, 694, 695, 696, 697, 698, 699, 700, 701, 702, 703, 704, 705, 706, 707, 708, 709, 710, 711, 712, 713, 714, 715, 716, 717, 718, 719, 720, 721, 722, 723, 724, 725, 726, 727, 728, 729, 730, 731, 732, 733, 734, 735, 736, 737, 738, 739, 740, 741, 742, 743, 744, 745, 746, 747, 748, 749, 750, 751, 752, 753, 754, 755, 756, 757, 758, 759, 760, 761, 762, 763, 764, 765, 766, 767, 768, 769, 770, 771, 772, 773, 774, 775, 776, 777, 778, 779, 780, 781, 782, 783, 784, 785, 786, 787, 788, 789, 790, 791, 792, 793]",True,"[273, 732]","[103, 104, 105, 106, 107, 108, 109, 110, 111, 112, 113, 114, 115, 116, 117, 118, 119, 120, 121, 122, 123, 124, 125, 126, 127, 128, 129, 130, 131, 132, 133, 134, 135, 136, 137, 138, 139, 140, 141, 142, 143, 144, 145, 146, 147, 148, 149, 150, 151, 152, 153, 154, 155, 156, 157, 158, 159, 160, 161, 162, 163, 164, 165, 166, 167, 168, 169, 170, 171, 172, 173, 174, 175, 176, 177, 178, 179, 180, 181, 182, 183, 184, 185, 186, 187, 188, 189, 190, 191, 192, 193, 194, 195, 196, 197, 198, 199, 200, 201, 202, 203, 204, 205, 206, 207, 208, 209, 210, 211, 212, 213, 214, 215, 216, 217, 218, 219, 220, 221, 222, 223, 224, 225, 226, 227, 228, 229, 230, 231, 232, 233, 234, 235, 236, 237, 238, 239, 240, 241, 242, 243, 244, 245, 246, 247, 248, 249, 250, 251, 252, 253, 254, 255, 256, 257, 258, 259, 260, 261, 262, 263, 264, 265, 266, 267, 268, 269, 270, 271, 272, 273, 274, 275, 276, 277, 278, 279, 280, 281, 282, 283, 284, 285, 286, 287, 288, 289, 290, 291, 292, 293, 294, 295, 296, 297, 298, 299, 300, 301, 302, 303, 304, 305, 306, 307, 308, 309, 310, 311, 312, 313, 314, 315, 316, 317, 318, 319, 320, 321, 322, 323, 324, 325, 326, 327, 328, 329, 330, 331, 332, 333, 334, 335, 336, 337, 574, 575, 576, 577, 578, 579, 580, 581, 582, 583, 584, 585, 586, 587, 588, 589, 590, 591, 592, 593, 594, 595, 596, 597, 598, 599, 600, 601, 602, 603, 604, 605, 606, 607, 608, 609, 610, 611, 612, 613, 614, 615, 616, 617, 618, 619, 620, 621, 622, 623, 624, 625, 626, 627, 628, 629, 630, 631, 632, 633, 634, 635, 636, 637, 638, 639, 640, 641, 642, 643, 644, 645, 646, 647, 648, 649, 650, 651, 652, 653, 654, 655, 656, 657, 658, 659, 660, 661, 662, 663, 664, 665, 666, 667, 668, 669, 670, 671, 672, 673, 674, 675, 676, 677, 678, 679, 680, 681, 682, 683, 684, 685, 686, 687, 688, 689, 690, 691, 692, 693, 694, 695, 696, 697, 698, 699, 700, 701, 702, 703, 704, 705, 706, 707, 708, 709, 710, 711, 712, 713, 714, 715, 716, 717, 718, 719, 720, 721, 722, 723, 724, 725, 726, 727, 728, 729, 730, 731, 732, 733, 734, 735, 736, 737, 738, 739, 740, 741, 742, 743, 744, 745, 746, 747, 748, 749, 750, 751, 752, 753, 754, 755, 756, 757, 758, 759, 760, 761, 762, 763, 764, 765, 766, 767, 768, 769, 770, 771, 772, 773, 774, 775, 776, 777, 778, 779, 780, 781, 782, 783, 784, 785, 786, 787, 788, 789, 790, 791, 792, 793]","[209, 243, 273, 275, 311, 325, 679, 707, 732, 734, 769, 783]",[],"[273, 732]","[271, 272, 273, 274, 275, 276, 730, 731, 732, 733, 734, 735]",[],7/6 successful match,True,[103],True,345,False,,1.0,True,Rotten Robbie # 33,
Santa Clara ( 95054 ) Rotten Robbie # 33,2 408-988-5407 3471 Lafayette St & Aldo Ave,24 D,Santa Clara,95054,Rotten Robbie # 33,408-988-5407,2014,Santa Clara,CA,,,3471 Lafayette St & Aldo Ave,Proper,,False,,False,Lafayette St,Aldo Ave,,,,"[273, 732]","[273, 732]","[209, 243, 273, 275, 311, 325, 679, 707, 732, 734, 769, 783]",[],"[103, 104, 105, 106, 107, 108, 109, 110, 111, 112, 113, 114, 115, 116, 117, 118, 119, 120, 121, 122, 123, 124, 125, 126, 127, 128, 129, 130, 131, 132, 133, 134, 135, 136, 137, 138, 139, 140, 141, 142, 143, 144, 145, 146, 147, 148, 149, 150, 151, 152, 153, 154, 155, 156, 157, 158, 159, 160, 161, 162, 163, 164, 165, 166, 167, 168, 169, 170, 171, 172, 173, 174, 175, 176, 177, 178, 179, 180, 181, 182, 183, 184, 185, 186, 187, 188, 189, 190, 191, 192, 193, 194, 195, 196, 197, 198, 199, 200, 201, 202, 203, 204, 205, 206, 207, 208, 209, 210, 211, 212, 213, 214, 215, 216, 217, 218, 219, 220, 221, 222, 223, 224, 225, 226, 227, 228, 229, 230, 231, 232, 233, 234, 235, 236, 237, 238, 239, 240, 241, 242, 243, 244, 245, 246, 247, 248, 249, 250, 251, 252, 253, 254, 255, 256, 257, 258, 259, 260, 261, 262, 263, 264, 265, 266, 267, 268, 269, 270, 271, 272, 273, 274, 275, 276, 277, 278, 279, 280, 281, 282, 283, 284, 285, 286, 287, 288, 289, 290, 291, 292, 293, 294, 295, 296, 297, 298, 299, 300, 301, 302, 303, 304, 305, 306, 307, 308, 309, 310, 311, 312, 313, 314, 315, 316, 317, 318, 319, 320, 321, 322, 323, 324, 325, 326, 327, 328, 329, 330, 331, 332, 333, 334, 335, 336, 337, 574, 575, 576, 577, 578, 579, 580, 581, 582, 583, 584, 585, 586, 587, 588, 589, 590, 591, 592, 593, 594, 595, 596, 597, 598, 599, 600, 601, 602, 603, 604, 605, 606, 607, 608, 609, 610, 611, 612, 613, 614, 615, 616, 617, 618, 619, 620, 621, 622, 623, 624, 625, 626, 627, 628, 629, 630, 631, 632, 633, 634, 635, 636, 637, 638, 639, 640, 641, 642, 643, 644, 645, 646, 647, 648, 649, 650, 651, 652, 653, 654, 655, 656, 657, 658, 659, 660, 661, 662, 663, 664, 665, 666, 667, 668, 669, 670, 671, 672, 673, 674, 675, 676, 677, 678, 679, 680, 681, 682, 683, 684, 685, 686, 687, 688, 689, 690, 691, 692, 693, 694, 695, 696, 697, 698, 699, 700, 701, 702, 703, 704, 705, 706, 707, 708, 709, 710, 711, 712, 713, 714, 715, 716, 717, 718, 719, 720, 721, 722, 723, 724, 725, 726, 727, 728, 729, 730, 731, 732, 733, 734, 735, 736, 737, 738, 739, 740, 741, 742, 743, 744, 745, 746, 747, 748, 749, 750, 751, 752, 753, 754, 755, 756, 757, 758, 759, 760, 761, 762, 763, 764, 765, 766, 767, 768, 769, 770, 771, 772, 773, 774, 775, 776, 777, 778, 779, 780, 781, 782, 783, 784, 785, 786, 787, 788, 789, 790, 791, 792, 793]","[273, 732]",[],"[271, 272, 273, 274, 275, 276, 730, 731, 732, 733, 734, 735]","[103, 104, 105, 106, 107, 108, 109, 110, 111, 112, 113, 114, 115, 116, 117, 118, 119, 120, 121, 122, 123, 124, 125, 126, 127, 128, 129, 130, 131, 132, 133, 134, 135, 136, 137, 138, 139, 140, 141, 142, 143, 144, 145, 146, 147, 148, 149, 150, 151, 152, 153, 154, 155, 156, 157, 158, 159, 160, 161, 162, 163, 164, 165, 166, 167, 168, 169, 170, 171, 172, 173, 174, 175, 176, 177, 178, 179, 180, 181, 182, 183, 184, 185, 186, 187, 188, 189, 190, 191, 192, 193, 194, 195, 196, 197, 198, 199, 200, 201, 202, 203, 204, 205, 206, 207, 208, 209, 210, 211, 212, 213, 214, 215, 216, 217, 218, 219, 220, 221, 222, 223, 224, 225, 226, 227, 228, 229, 230, 231, 232, 233, 234, 235, 236, 237, 238, 239, 240, 241, 242, 243, 244, 245, 246, 247, 248, 249, 250, 251, 252, 253, 254, 255, 256, 257, 258, 259, 260, 261, 262, 263, 264, 265, 266, 267, 268, 269, 270, 271, 272, 273, 274, 275, 276, 277, 278, 279, 280, 281, 282, 283, 284, 285, 286, 287, 288, 289, 290, 291, 292, 293, 294, 295, 296, 297, 298, 299, 300, 301, 302, 303, 304, 305, 306, 307, 308, 309, 310, 311, 312, 313, 314, 315, 316, 317, 318, 319, 320, 321, 322, 323, 324, 325, 326, 327, 328, 329, 330, 331, 332, 333, 334, 335, 336, 337, 574, 575, 576, 577, 578, 579, 580, 581, 582, 583, 584, 585, 586, 587, 588, 589, 590, 591, 592, 593, 594, 595, 596, 597, 598, 599, 600, 601, 602, 603, 604, 605, 606, 607, 608, 609, 610, 611, 612, 613, 614, 615, 616, 617, 618, 619, 620, 621, 622, 623, 624, 625, 626, 627, 628, 629, 630, 631, 632, 633, 634, 635, 636, 637, 638, 639, 640, 641, 642, 643, 644, 645, 646, 647, 648, 649, 650, 651, 652, 653, 654, 655, 656, 657, 658, 659, 660, 661, 662, 663, 664, 665, 666, 667, 668, 669, 670, 671, 672, 673, 674, 675, 676, 677, 678, 679, 680, 681, 682, 683, 684, 685, 686, 687, 688, 689, 690, 691, 692, 693, 694, 695, 696, 697, 698, 699, 700, 701, 702, 703, 704, 705, 706, 707, 708, 709, 710, 711, 712, 713, 714, 715, 716, 717, 718, 719, 720, 721, 722, 723, 724, 725, 726, 727, 728, 729, 730, 731, 732, 733, 734, 735, 736, 737, 738, 739, 740, 741, 742, 743, 744, 745, 746, 747, 748, 749, 750, 751, 752, 753, 754, 755, 756, 757, 758, 759, 760, 761, 762, 763, 764, 765, 766, 767, 768, 769, 770, 771, 772, 773, 774, 775, 776, 777, 778, 779, 780, 781, 782, 783, 784, 785, 786, 787, 788, 789, 790, 791, 792, 793]",True,"[273, 732]","[103, 104, 105, 106, 107, 108, 109, 110, 111, 112, 113, 114, 115, 116, 117, 118, 119, 120, 121, 122, 123, 124, 125, 126, 127, 128, 129, 130, 131, 132, 133, 134, 135, 136, 137, 138, 139, 140, 141, 142, 143, 144, 145, 146, 147, 148, 149, 150, 151, 152, 153, 154, 155, 156, 157, 158, 159, 160, 161, 162, 163, 164, 165, 166, 167, 168, 169, 170, 171, 172, 173, 174, 175, 176, 177, 178, 179, 180, 181, 182, 183, 184, 185, 186, 187, 188, 189, 190, 191, 192, 193, 194, 195, 196, 197, 198, 199, 200, 201, 202, 203, 204, 205, 206, 207, 208, 209, 210, 211, 212, 213, 214, 215, 216, 217, 218, 219, 220, 221, 222, 223, 224, 225, 226, 227, 228, 229, 230, 231, 232, 233, 234, 235, 236, 237, 238, 239, 240, 241, 242, 243, 244, 245, 246, 247, 248, 249, 250, 251, 252, 253, 254, 255, 256, 257, 258, 259, 260, 261, 262, 263, 264, 265, 266, 267, 268, 269, 270, 271, 272, 273, 274, 275, 276, 277, 278, 279, 280, 281, 282, 283, 284, 285, 286, 287, 288, 289, 290, 291, 292, 293, 294, 295, 296, 297, 298, 299, 300, 301, 302, 303, 304, 305, 306, 307, 308, 309, 310, 311, 312, 313, 314, 315, 316, 317, 318, 319, 320, 321, 322, 323, 324, 325, 326, 327, 328, 329, 330, 331, 332, 333, 334, 335, 336, 337, 574, 575, 576, 577, 578, 579, 580, 581, 582, 583, 584, 585, 586, 587, 588, 589, 590, 591, 592, 593, 594, 595, 596, 597, 598, 599, 600, 601, 602, 603, 604, 605, 606, 607, 608, 609, 610, 611, 612, 613, 614, 615, 616, 617, 618, 619, 620, 621, 622, 623, 624, 625, 626, 627, 628, 629, 630, 631, 632, 633, 634, 635, 636, 637, 638, 639, 640, 641, 642, 643, 644, 645, 646, 647, 648, 649, 650, 651, 652, 653, 654, 655, 656, 657, 658, 659, 660, 661, 662, 663, 664, 665, 666, 667, 668, 669, 670, 671, 672, 673, 674, 675, 676, 677, 678, 679, 680, 681, 682, 683, 684, 685, 686, 687, 688, 689, 690, 691, 692, 693, 694, 695, 696, 697, 698, 699, 700, 701, 702, 703, 704, 705, 706, 707, 708, 709, 710, 711, 712, 713, 714, 715, 716, 717, 718, 719, 720, 721, 722, 723, 724, 725, 726, 727, 728, 729, 730, 731, 732, 733, 734, 735, 736, 737, 738, 739, 740, 741, 742, 743, 744, 745, 746, 747, 748, 749, 750, 751, 752, 753, 754, 755, 756, 757, 758, 759, 760, 761, 762, 763, 764, 765, 766, 767, 768, 769, 770, 771, 772, 773, 774, 775, 776, 777, 778, 779, 780, 781, 782, 783, 784, 785, 786, 787, 788, 789, 790, 791, 792, 793]","[209, 243, 273, 275, 311, 325, 679, 707, 732, 734, 769, 783]",[],"[273, 732]","[271, 272, 273, 274, 275, 276, 730, 731, 732, 733, 734, 735]",[],7/6 successful match,True,[103],True,345,False,,1.0,True,Rotten Robbie # 33,
E Santa Clara ( 95054 ) Rotten Robbie # 33,2 408-988-5407 3471 Lafayette St & Aldo Ave,24 <U+25A1>,Santa Clara,95054,Rotten Robbie # 33,408-988-5407,2015,Santa Clara,CA,,,3471 Lafayette St & Aldo Ave,Proper,,False,,False,Lafayette St,Aldo Ave,,,,"[273, 732]","[273, 732]","[209, 243, 273, 275, 311, 325, 679, 707, 732, 734, 769, 783]",[],"[103, 104, 105, 106, 107, 108, 109, 110, 111, 112, 113, 114, 115, 116, 117, 118, 119, 120, 121, 122, 123, 124, 125, 126, 127, 128, 129, 130, 131, 132, 133, 134, 135, 136, 137, 138, 139, 140, 141, 142, 143, 144, 145, 146, 147, 148, 149, 150, 151, 152, 153, 154, 155, 156, 157, 158, 159, 160, 161, 162, 163, 164, 165, 166, 167, 168, 169, 170, 171, 172, 173, 174, 175, 176, 177, 178, 179, 180, 181, 182, 183, 184, 185, 186, 187, 188, 189, 190, 191, 192, 193, 194, 195, 196, 197, 198, 199, 200, 201, 202, 203, 204, 205, 206, 207, 208, 209, 210, 211, 212, 213, 214, 215, 216, 217, 218, 219, 220, 221, 222, 223, 224, 225, 226, 227, 228, 229, 230, 231, 232, 233, 234, 235, 236, 237, 238, 239, 240, 241, 242, 243, 244, 245, 246, 247, 248, 249, 250, 251, 252, 253, 254, 255, 256, 257, 258, 259, 260, 261, 262, 263, 264, 265, 266, 267, 268, 269, 270, 271, 272, 273, 274, 275, 276, 277, 278, 279, 280, 281, 282, 283, 284, 285, 286, 287, 288, 289, 290, 291, 292, 293, 294, 295, 296, 297, 298, 299, 300, 301, 302, 303, 304, 305, 306, 307, 308, 309, 310, 311, 312, 313, 314, 315, 316, 317, 318, 319, 320, 321, 322, 323, 324, 325, 326, 327, 328, 329, 330, 331, 332, 333, 334, 335, 336, 337, 574, 575, 576, 577, 578, 579, 580, 581, 582, 583, 584, 585, 586, 587, 588, 589, 590, 591, 592, 593, 594, 595, 596, 597, 598, 599, 600, 601, 602, 603, 604, 605, 606, 607, 608, 609, 610, 611, 612, 613, 614, 615, 616, 617, 618, 619, 620, 621, 622, 623, 624, 625, 626, 627, 628, 629, 630, 631, 632, 633, 634, 635, 636, 637, 638, 639, 640, 641, 642, 643, 644, 645, 646, 647, 648, 649, 650, 651, 652, 653, 654, 655, 656, 657, 658, 659, 660, 661, 662, 663, 664, 665, 666, 667, 668, 669, 670, 671, 672, 673, 674, 675, 676, 677, 678, 679, 680, 681, 682, 683, 684, 685, 686, 687, 688, 689, 690, 691, 692, 693, 694, 695, 696, 697, 698, 699, 700, 701, 702, 703, 704, 705, 706, 707, 708, 709, 710, 711, 712, 713, 714, 715, 716, 717, 718, 719, 720, 721, 722, 723, 724, 725, 726, 727, 728, 729, 730, 731, 732, 733, 734, 735, 736, 737, 738, 739, 740, 741, 742, 743, 744, 745, 746, 747, 748, 749, 750, 751, 752, 753, 754, 755, 756, 757, 758, 759, 760, 761, 762, 763, 764, 765, 766, 767, 768, 769, 770, 771, 772, 773, 774, 775, 776, 777, 778, 779, 780, 781, 782, 783, 784, 785, 786, 787, 788, 789, 790, 791, 792, 793]","[273, 732]",[],"[271, 272, 273, 274, 275, 276, 730, 731, 732, 733, 734, 735]","[103, 104, 105, 106, 107, 108, 109, 110, 111, 112, 113, 114, 115, 116, 117, 118, 119, 120, 121, 122, 123, 124, 125, 126, 127, 128, 129, 130, 131, 132, 133, 134, 135, 136, 137, 138, 139, 140, 141, 142, 143, 144, 145, 146, 147, 148, 149, 150, 151, 152, 153, 154, 155, 156, 157, 158, 159, 160, 161, 162, 163, 164, 165, 166, 167, 168, 169, 170, 171, 172, 173, 174, 175, 176, 177, 178, 179, 180, 181, 182, 183, 184, 185, 186, 187, 188, 189, 190, 191, 192, 193, 194, 195, 196, 197, 198, 199, 200, 201, 202, 203, 204, 205, 206, 207, 208, 209, 210, 211, 212, 213, 214, 215, 216, 217, 218, 219, 220, 221, 222, 223, 224, 225, 226, 227, 228, 229, 230, 231, 232, 233, 234, 235, 236, 237, 238, 239, 240, 241, 242, 243, 244, 245, 246, 247, 248, 249, 250, 251, 252, 253, 254, 255, 256, 257, 258, 259, 260, 261, 262, 263, 264, 265, 266, 267, 268, 269, 270, 271, 272, 273, 274, 275, 276, 277, 278, 279, 280, 281, 282, 283, 284, 285, 286, 287, 288, 289, 290, 291, 292, 293, 294, 295, 296, 297, 298, 299, 300, 301, 302, 303, 304, 305, 306, 307, 308, 309, 310, 311, 312, 313, 314, 315, 316, 317, 318, 319, 320, 321, 322, 323, 324, 325, 326, 327, 328, 329, 330, 331, 332, 333, 334, 335, 336, 337, 574, 575, 576, 577, 578, 579, 580, 581, 582, 583, 584, 585, 586, 587, 588, 589, 590, 591, 592, 593, 594, 595, 596, 597, 598, 599, 600, 601, 602, 603, 604, 605, 606, 607, 608, 609, 610, 611, 612, 613, 614, 615, 616, 617, 618, 619, 620, 621, 622, 623, 624, 625, 626, 627, 628, 629, 630, 631, 632, 633, 634, 635, 636, 637, 638, 639, 640, 641, 642, 643, 644, 645, 646, 647, 648, 649, 650, 651, 652, 653, 654, 655, 656, 657, 658, 659, 660, 661, 662, 663, 664, 665, 666, 667, 668, 669, 670, 671, 672, 673, 674, 675, 676, 677, 678, 679, 680, 681, 682, 683, 684, 685, 686, 687, 688, 689, 690, 691, 692, 693, 694, 695, 696, 697, 698, 699, 700, 701, 702, 703, 704, 705, 706, 707, 708, 709, 710, 711, 712, 713, 714, 715, 716, 717, 718, 719, 720, 721, 722, 723, 724, 725, 726, 727, 728, 729, 730, 731, 732, 733, 734, 735, 736, 737, 738, 739, 740, 741, 742, 743, 744, 745, 746, 747, 748, 749, 750, 751, 752, 753, 754, 755, 756, 757, 758, 759, 760, 761, 762, 763, 764, 765, 766, 767, 768, 769, 770, 771, 772, 773, 774, 775, 776, 777, 778, 779, 780, 781, 782, 783, 784, 785, 786, 787, 788, 789, 790, 791, 792, 793]",True,"[273, 732]","[103, 104, 105, 106, 107, 108, 109, 110, 111, 112, 113, 114, 115, 116, 117, 118, 119, 120, 121, 122, 123, 124, 125, 126, 127, 128, 129, 130, 131, 132, 133, 134, 135, 136, 137, 138, 139, 140, 141, 142, 143, 144, 145, 146, 147, 148, 149, 150, 151, 152, 153, 154, 155, 156, 157, 158, 159, 160, 161, 162, 163, 164, 165, 166, 167, 168, 169, 170, 171, 172, 173, 174, 175, 176, 177, 178, 179, 180, 181, 182, 183, 184, 185, 186, 187, 188, 189, 190, 191, 192, 193, 194, 195, 196, 197, 198, 199, 200, 201, 202, 203, 204, 205, 206, 207, 208, 209, 210, 211, 212, 213, 214, 215, 216, 217, 218, 219, 220, 221, 222, 223, 224, 225, 226, 227, 228, 229, 230, 231, 232, 233, 234, 235, 236, 237, 238, 239, 240, 241, 242, 243, 244, 245, 246, 247, 248, 249, 250, 251, 252, 253, 254, 255, 256, 257, 258, 259, 260, 261, 262, 263, 264, 265, 266, 267, 268, 269, 270, 271, 272, 273, 274, 275, 276, 277, 278, 279, 280, 281, 282, 283, 284, 285, 286, 287, 288, 289, 290, 291, 292, 293, 294, 295, 296, 297, 298, 299, 300, 301, 302, 303, 304, 305, 306, 307, 308, 309, 310, 311, 312, 313, 314, 315, 316, 317, 318, 319, 320, 321, 322, 323, 324, 325, 326, 327, 328, 329, 330, 331, 332, 333, 334, 335, 336, 337, 574, 575, 576, 577, 578, 579, 580, 581, 582, 583, 584, 585, 586, 587, 588, 589, 590, 591, 592, 593, 594, 595, 596, 597, 598, 599, 600, 601, 602, 603, 604, 605, 606, 607, 608, 609, 610, 611, 612, 613, 614, 615, 616, 617, 618, 619, 620, 621, 622, 623, 624, 625, 626, 627, 628, 629, 630, 631, 632, 633, 634, 635, 636, 637, 638, 639, 640, 641, 642, 643, 644, 645, 646, 647, 648, 649, 650, 651, 652, 653, 654, 655, 656, 657, 658, 659, 660, 661, 662, 663, 664, 665, 666, 667, 668, 669, 670, 671, 672, 673, 674, 675, 676, 677, 678, 679, 680, 681, 682, 683, 684, 685, 686, 687, 688, 689, 690, 691, 692, 693, 694, 695, 696, 697, 698, 699, 700, 701, 702, 703, 704, 705, 706, 707, 708, 709, 710, 711, 712, 713, 714, 715, 716, 717, 718, 719, 720, 721, 722, 723, 724, 725, 726, 727, 728, 729, 730, 731, 732, 733, 734, 735, 736, 737, 738, 739, 740, 741, 742, 743, 744, 745, 746, 747, 748, 749, 750, 751, 752, 753, 754, 755, 756, 757, 758, 759, 760, 761, 762, 763, 764, 765, 766, 767, 768, 769, 770, 771, 772, 773, 774, 775, 776, 777, 778, 779, 780, 781, 782, 783, 784, 785, 786, 787, 788, 789, 790, 791, 792, 793]","[209, 243, 273, 275, 311, 325, 679, 707, 732, 734, 769, 783]",[],"[273, 732]","[271, 272, 273, 274, 275, 276, 730, 731, 732, 733, 734, 735]",[],7/6 successful match,True,[103],True,345,False,,1.0,True,Rotten Robbie # 33,
Santa Clara ( 95054 ) Rotten Robbie # 33,408-988-5407 3471 Lafayette St & Aldo Ave,24 <U+2610>,Santa Clara,95054,Rotten Robbie # 33,408-988-5407,2016,Santa Clara,CA,,,3471 Lafayette St & Aldo Ave,Proper,,False,,False,Lafayette St,Aldo Ave,,,,"[273, 732]","[273, 732]","[209, 243, 273, 275, 311, 325, 679, 707, 732, 734, 769, 783]",[],"[103, 104, 105, 106, 107, 108, 109, 110, 111, 112, 113, 114, 115, 116, 117, 118, 119, 120, 121, 122, 123, 124, 125, 126, 127, 128, 129, 130, 131, 132, 133, 134, 135, 136, 137, 138, 139, 140, 141, 142, 143, 144, 145, 146, 147, 148, 149, 150, 151, 152, 153, 154, 155, 156, 157, 158, 159, 160, 161, 162, 163, 164, 165, 166, 167, 168, 169, 170, 171, 172, 173, 174, 175, 176, 177, 178, 179, 180, 181, 182, 183, 184, 185, 186, 187, 188, 189, 190, 191, 192, 193, 194, 195, 196, 197, 198, 199, 200, 201, 202, 203, 204, 205, 206, 207, 208, 209, 210, 211, 212, 213, 214, 215, 216, 217, 218, 219, 220, 221, 222, 223, 224, 225, 226, 227, 228, 229, 230, 231, 232, 233, 234, 235, 236, 237, 238, 239, 240, 241, 242, 243, 244, 245, 246, 247, 248, 249, 250, 251, 252, 253, 254, 255, 256, 257, 258, 259, 260, 261, 262, 263, 264, 265, 266, 267, 268, 269, 270, 271, 272, 273, 274, 275, 276, 277, 278, 279, 280, 281, 282, 283, 284, 285, 286, 287, 288, 289, 290, 291, 292, 293, 294, 295, 296, 297, 298, 299, 300, 301, 302, 303, 304, 305, 306, 307, 308, 309, 310, 311, 312, 313, 314, 315, 316, 317, 318, 319, 320, 321, 322, 323, 324, 325, 326, 327, 328, 329, 330, 331, 332, 333, 334, 335, 336, 337, 574, 575, 576, 577, 578, 579, 580, 581, 582, 583, 584, 585, 586, 587, 588, 589, 590, 591, 592, 593, 594, 595, 596, 597, 598, 599, 600, 601, 602, 603, 604, 605, 606, 607, 608, 609, 610, 611, 612, 613, 614, 615, 616, 617, 618, 619, 620, 621, 622, 623, 624, 625, 626, 627, 628, 629, 630, 631, 632, 633, 634, 635, 636, 637, 638, 639, 640, 641, 642, 643, 644, 645, 646, 647, 648, 649, 650, 651, 652, 653, 654, 655, 656, 657, 658, 659, 660, 661, 662, 663, 664, 665, 666, 667, 668, 669, 670, 671, 672, 673, 674, 675, 676, 677, 678, 679, 680, 681, 682, 683, 684, 685, 686, 687, 688, 689, 690, 691, 692, 693, 694, 695, 696, 697, 698, 699, 700, 701, 702, 703, 704, 705, 706, 707, 708, 709, 710, 711, 712, 713, 714, 715, 716, 717, 718, 719, 720, 721, 722, 723, 724, 725, 726, 727, 728, 729, 730, 731, 732, 733, 734, 735, 736, 737, 738, 739, 740, 741, 742, 743, 744, 745, 746, 747, 748, 749, 750, 751, 752, 753, 754, 755, 756, 757, 758, 759, 760, 761, 762, 763, 764, 765, 766, 767, 768, 769, 770, 771, 772, 773, 774, 775, 776, 777, 778, 779, 780, 781, 782, 783, 784, 785, 786, 787, 788, 789, 790, 791, 792, 793]","[273, 732]",[],"[271, 272, 273, 274, 275, 276, 730, 731, 732, 733, 734, 735]","[103, 104, 105, 106, 107, 108, 109, 110, 111, 112, 113, 114, 115, 116, 117, 118, 119, 120, 121, 122, 123, 124, 125, 126, 127, 128, 129, 130, 131, 132, 133, 134, 135, 136, 137, 138, 139, 140, 141, 142, 143, 144, 145, 146, 147, 148, 149, 150, 151, 152, 153, 154, 155, 156, 157, 158, 159, 160, 161, 162, 163, 164, 165, 166, 167, 168, 169, 170, 171, 172, 173, 174, 175, 176, 177, 178, 179, 180, 181, 182, 183, 184, 185, 186, 187, 188, 189, 190, 191, 192, 193, 194, 195, 196, 197, 198, 199, 200, 201, 202, 203, 204, 205, 206, 207, 208, 209, 210, 211, 212, 213, 214, 215, 216, 217, 218, 219, 220, 221, 222, 223, 224, 225, 226, 227, 228, 229, 230, 231, 232, 233, 234, 235, 236, 237, 238, 239, 240, 241, 242, 243, 244, 245, 246, 247, 248, 249, 250, 251, 252, 253, 254, 255, 256, 257, 258, 259, 260, 261, 262, 263, 264, 265, 266, 267, 268, 269, 270, 271, 272, 273, 274, 275, 276, 277, 278, 279, 280, 281, 282, 283, 284, 285, 286, 287, 288, 289, 290, 291, 292, 293, 294, 295, 296, 297, 298, 299, 300, 301, 302, 303, 304, 305, 306, 307, 308, 309, 310, 311, 312, 313, 314, 315, 316, 317, 318, 319, 320, 321, 322, 323, 324, 325, 326, 327, 328, 329, 330, 331, 332, 333, 334, 335, 336, 337, 574, 575, 576, 577, 578, 579, 580, 581, 582, 583, 584, 585, 586, 587, 588, 589, 590, 591, 592, 593, 594, 595, 596, 597, 598, 599, 600, 601, 602, 603, 604, 605, 606, 607, 608, 609, 610, 611, 612, 613, 614, 615, 616, 617, 618, 619, 620, 621, 622, 623, 624, 625, 626, 627, 628, 629, 630, 631, 632, 633, 634, 635, 636, 637, 638, 639, 640, 641, 642, 643, 644, 645, 646, 647, 648, 649, 650, 651, 652, 653, 654, 655, 656, 657, 658, 659, 660, 661, 662, 663, 664, 665, 666, 667, 668, 669, 670, 671, 672, 673, 674, 675, 676, 677, 678, 679, 680, 681, 682, 683, 684, 685, 686, 687, 688, 689, 690, 691, 692, 693, 694, 695, 696, 697, 698, 699, 700, 701, 702, 703, 704, 705, 706, 707, 708, 709, 710, 711, 712, 713, 714, 715, 716, 717, 718, 719, 720, 721, 722, 723, 724, 725, 726, 727, 728, 729, 730, 731, 732, 733, 734, 735, 736, 737, 738, 739, 740, 741, 742, 743, 744, 745, 746, 747, 748, 749, 750, 751, 752, 753, 754, 755, 756, 757, 758, 759, 760, 761, 762, 763, 764, 765, 766, 767, 768, 769, 770, 771, 772, 773, 774, 775, 776, 777, 778, 779, 780, 781, 782, 783, 784, 785, 786, 787, 788, 789, 790, 791, 792, 793]",True,"[273, 732]","[103, 104, 105, 106, 107, 108, 109, 110, 111, 112, 113, 114, 115, 116, 117, 118, 119, 120, 121, 122, 123, 124, 125, 126, 127, 128, 129, 130, 131, 132, 133, 134, 135, 136, 137, 138, 139, 140, 141, 142, 143, 144, 145, 146, 147, 148, 149, 150, 151, 152, 153, 154, 155, 156, 157, 158, 159, 160, 161, 162, 163, 164, 165, 166, 167, 168, 169, 170, 171, 172, 173, 174, 175, 176, 177, 178, 179, 180, 181, 182, 183, 184, 185, 186, 187, 188, 189, 190, 191, 192, 193, 194, 195, 196, 197, 198, 199, 200, 201, 202, 203, 204, 205, 206, 207, 208, 209, 210, 211, 212, 213, 214, 215, 216, 217, 218, 219, 220, 221, 222, 223, 224, 225, 226, 227, 228, 229, 230, 231, 232, 233, 234, 235, 236, 237, 238, 239, 240, 241, 242, 243, 244, 245, 246, 247, 248, 249, 250, 251, 252, 253, 254, 255, 256, 257, 258, 259, 260, 261, 262, 263, 264, 265, 266, 267, 268, 269, 270, 271, 272, 273, 274, 275, 276, 277, 278, 279, 280, 281, 282, 283, 284, 285, 286, 287, 288, 289, 290, 291, 292, 293, 294, 295, 296, 297, 298, 299, 300, 301, 302, 303, 304, 305, 306, 307, 308, 309, 310, 311, 312, 313, 314, 315, 316, 317, 318, 319, 320, 321, 322, 323, 324, 325, 326, 327, 328, 329, 330, 331, 332, 333, 334, 335, 336, 337, 574, 575, 576, 577, 578, 579, 580, 581, 582, 583, 584, 585, 586, 587, 588, 589, 590, 591, 592, 593, 594, 595, 596, 597, 598, 599, 600, 601, 602, 603, 604, 605, 606, 607, 608, 609, 610, 611, 612, 613, 614, 615, 616, 617, 618, 619, 620, 621, 622, 623, 624, 625, 626, 627, 628, 629, 630, 631, 632, 633, 634, 635, 636, 637, 638, 639, 640, 641, 642, 643, 644, 645, 646, 647, 648, 649, 650, 651, 652, 653, 654, 655, 656, 657, 658, 659, 660, 661, 662, 663, 664, 665, 666, 667, 668, 669, 670, 671, 672, 673, 674, 675, 676, 677, 678, 679, 680, 681, 682, 683, 684, 685, 686, 687, 688, 689, 690, 691, 692, 693, 694, 695, 696, 697, 698, 699, 700, 701, 702, 703, 704, 705, 706, 707, 708, 709, 710, 711, 712, 713, 714, 715, 716, 717, 718, 719, 720, 721, 722, 723, 724, 725, 726, 727, 728, 729, 730, 731, 732, 733, 734, 735, 736, 737, 738, 739, 740, 741, 742, 743, 744, 745, 746, 747, 748, 749, 750, 751, 752, 753, 754, 755, 756, 757, 758, 759, 760, 761, 762, 763, 764, 765, 766, 767, 768, 769, 770, 771, 772, 773, 774, 775, 776, 777, 778, 779, 780, 781, 782, 783, 784, 785, 786, 787, 788, 789, 790, 791, 792, 793]","[209, 243, 273, 275, 311, 325, 679, 707, 732, 734, 769, 783]",[],"[273, 732]","[271, 272, 273, 274, 275, 276, 730, 731, 732, 733, 734, 735]",[],7/6 successful match,True,[103],True,345,False,,1.0,True,Rotten Robbie # 33,
"San Jose , 95112 Western States Oil ( Pacific Pride )",408-292-1041 I-280 Exit 1 ( 10th St ),00,San Jose,95112,Western States Oil ( Pacific Pride ),408-292-1041,2006,San Jose,CA,,( 10th St ),I-280 Exit 1 ,Exit,1,False,,False,I-280,,,,,"[331, 788]","[331, 788]","[49, 87, 107, 198, 255, 293, 297, 316, 331, 528, 558, 578, 669, 708, 752, 756, 774, 788]","[19, 180, 181, 233, 255, 331, 341, 351, 449, 454, 503, 651, 652, 697, 708, 788, 797, 806, 857, 897, 901]","[103, 104, 105, 106, 107, 108, 109, 110, 111, 112, 113, 114, 115, 116, 117, 118, 119, 120, 121, 122, 123, 124, 125, 126, 127, 128, 129, 130, 131, 132, 133, 134, 135, 136, 137, 138, 139, 140, 141, 142, 143, 144, 145, 146, 147, 148, 149, 150, 151, 152, 153, 154, 155, 156, 157, 158, 159, 160, 161, 162, 163, 164, 165, 166, 167, 168, 169, 170, 171, 172, 173, 174, 175, 176, 177, 178, 179, 180, 181, 182, 183, 184, 185, 186, 187, 188, 189, 190, 191, 192, 193, 194, 195, 196, 197, 198, 199, 200, 201, 202, 203, 204, 205, 206, 207, 208, 209, 210, 211, 212, 213, 214, 215, 216, 217, 218, 219, 220, 221, 222, 223, 224, 225, 226, 227, 228, 229, 230, 231, 232, 233, 234, 235, 236, 237, 238, 239, 240, 241, 242, 243, 244, 245, 246, 247, 248, 249, 250, 251, 252, 253, 254, 255, 256, 257, 258, 259, 260, 261, 262, 263, 264, 265, 266, 267, 268, 269, 270, 271, 272, 273, 274, 275, 276, 277, 278, 279, 280, 281, 282, 283, 284, 285, 286, 287, 288, 289, 290, 291, 292, 293, 294, 295, 296, 297, 298, 299, 300, 301, 302, 303, 304, 305, 306, 307, 308, 309, 310, 311, 312, 313, 314, 315, 316, 317, 318, 319, 320, 321, 322, 323, 324, 325, 326, 327, 328, 329, 330, 331, 332, 333, 334, 335, 336, 337, 574, 575, 576, 577, 578, 579, 580, 581, 582, 583, 584, 585, 586, 587, 588, 589, 590, 591, 592, 593, 594, 595, 596, 597, 598, 599, 600, 601, 602, 603, 604, 605, 606, 607, 608, 609, 610, 611, 612, 613, 614, 615, 616, 617, 618, 619, 620, 621, 622, 623, 624, 625, 626, 627, 628, 629, 630, 631, 632, 633, 634, 635, 636, 637, 638, 639, 640, 641, 642, 643, 644, 645, 646, 647, 648, 649, 650, 651, 652, 653, 654, 655, 656, 657, 658, 659, 660, 661, 662, 663, 664, 665, 666, 667, 668, 669, 670, 671, 672, 673, 674, 675, 676, 677, 678, 679, 680, 681, 682, 683, 684, 685, 686, 687, 688, 689, 690, 691, 692, 693, 694, 695, 696, 697, 698, 699, 700, 701, 702, 703, 704, 705, 706, 707, 708, 709, 710, 711, 712, 713, 714, 715, 716, 717, 718, 719, 720, 721, 722, 723, 724, 725, 726, 727, 728, 729, 730, 731, 732, 733, 734, 735, 736, 737, 738, 739, 740, 741, 742, 743, 744, 745, 746, 747, 748, 749, 750, 751, 752, 753, 754, 755, 756, 757, 758, 759, 760, 761, 762, 763, 764, 765, 766, 767, 768, 769, 770, 771, 772, 773, 774, 775, 776, 777, 778, 779, 780, 781, 782, 783, 784, 785, 786, 787, 788, 789, 790, 791, 792, 793]","[331, 788]",[],"[4, 31, 59, 79, 80, 81, 82, 135, 142, 147, 180, 218, 229, 232, 264, 269, 299, 318, 320, 325, 331, 338, 352, 367, 382, 387, 403, 405, 408, 410, 455, 463, 465, 466, 468, 470, 472, 473, 483, 484, 490, 514, 535, 551, 552, 553, 606, 613, 618, 651, 686, 693, 696, 724, 728, 758, 776, 778, 783, 788, 794, 807, 832, 837, 852, 854, 858, 860, 861, 902, 910, 912, 913, 915, 917, 919, 920, 931, 934, 935]","[4, 19, 31, 49, 59, 79, 80, 81, 82, 87, 103, 104, 105, 106, 107, 108, 109, 110, 111, 112, 113, 114, 115, 116, 117, 118, 119, 120, 121, 122, 123, 124, 125, 126, 127, 128, 129, 130, 131, 132, 133, 134, 135, 136, 137, 138, 139, 140, 141, 142, 143, 144, 145, 146, 147, 148, 149, 150, 151, 152, 153, 154, 155, 156, 157, 158, 159, 160, 161, 162, 163, 164, 165, 166, 167, 168, 169, 170, 171, 172, 173, 174, 175, 176, 177, 178, 179, 180, 181, 182, 183, 184, 185, 186, 187, 188, 189, 190, 191, 192, 193, 194, 195, 196, 197, 198, 199, 200, 201, 202, 203, 204, 205, 206, 207, 208, 209, 210, 211, 212, 213, 214, 215, 216, 217, 218, 219, 220, 221, 222, 223, 224, 225, 226, 227, 228, 229, 230, 231, 232, 233, 234, 235, 236, 237, 238, 239, 240, 241, 242, 243, 244, 245, 246, 247, 248, 249, 250, 251, 252, 253, 254, 255, 256, 257, 258, 259, 260, 261, 262, 263, 264, 265, 266, 267, 268, 269, 270, 271, 272, 273, 274, 275, 276, 277, 278, 279, 280, 281, 282, 283, 284, 285, 286, 287, 288, 289, 290, 291, 292, 293, 294, 295, 296, 297, 298, 299, 300, 301, 302, 303, 304, 305, 306, 307, 308, 309, 310, 311, 312, 313, 314, 315, 316, 317, 318, 319, 320, 321, 322, 323, 324, 325, 326, 327, 328, 329, 330, 331, 332, 333, 334, 335, 336, 337, 338, 341, 351, 352, 367, 382, 387, 403, 405, 408, 410, 449, 454, 455, 463, 465, 466, 468, 470, 472, 473, 483, 484, 490, 503, 514, 528, 535, 551, 552, 553, 558, 574, 575, 576, 577, 578, 579, 580, 581, 582, 583, 584, 585, 586, 587, 588, 589, 590, 591, 592, 593, 594, 595, 596, 597, 598, 599, 600, 601, 602, 603, 604, 605, 606, 607, 608, 609, 610, 611, 612, 613, 614, 615, 616, 617, 618, 619, 620, 621, 622, 623, 624, 625, 626, 627, 628, 629, 630, 631, 632, 633, 634, 635, 636, 637, 638, 639, 640, 641, 642, 643, 644, 645, 646, 647, 648, 649, 650, 651, 652, 653, 654, 655, 656, 657, 658, 659, 660, 661, 662, 663, 664, 665, 666, 667, 668, 669, 670, 671, 672, 673, 674, 675, 676, 677, 678, 679, 680, 681, 682, 683, 684, 685, 686, 687, 688, 689, 690, 691, 692, 693, 694, 695, 696, 697, 698, 699, 700, 701, 702, 703, 704, 705, 706, 707, 708, 709, 710, 711, 712, 713, 714, 715, 716, 717, 718, 719, 720, 721, 722, 723, 724, 725, 726, 727, 728, 729, 730, 731, 732, 733, 734, 735, 736, 737, 738, 739, 740, 741, 742, 743, 744, 745, 746, 747, 748, 749, 750, 751, 752, 753, 754, 755, 756, 757, 758, 759, 760, 761, 762, 763, 764, 765, 766, 767, 768, 769, 770, 771, 772, 773, 774, 775, 776, 777, 778, 779, 780, 781, 782, 783, 784, 785, 786, 787, 788, 789, 790, 791, 792, 793, 794, 797, 806, 807, 832, 837, 852, 854, 857, 858, 860, 861, 897, 901, 902, 910, 912, 913, 915, 917, 919, 920, 931, 934, 935]",True,"[331, 788]","[103, 104, 105, 106, 107, 108, 109, 110, 111, 112, 113, 114, 115, 116, 117, 118, 119, 120, 121, 122, 123, 124, 125, 126, 127, 128, 129, 130, 131, 132, 133, 134, 135, 136, 137, 138, 139, 140, 141, 142, 143, 144, 145, 146, 147, 148, 149, 150, 151, 152, 153, 154, 155, 156, 157, 158, 159, 160, 161, 162, 163, 164, 165, 166, 167, 168, 169, 170, 171, 172, 173, 174, 175, 176, 177, 178, 179, 180, 181, 182, 183, 184, 185, 186, 187, 188, 189, 190, 191, 192, 193, 194, 195, 196, 197, 198, 199, 200, 201, 202, 203, 204, 205, 206, 207, 208, 209, 210, 211, 212, 213, 214, 215, 216, 217, 218, 219, 220, 221, 222, 223, 224, 225, 226, 227, 228, 229, 230, 231, 232, 233, 234, 235, 236, 237, 238, 239, 240, 241, 242, 243, 244, 245, 246, 247, 248, 249, 250, 251, 252, 253, 254, 255, 256, 257, 258, 259, 260, 261, 262, 263, 264, 265, 266, 267, 268, 269, 270, 271, 272, 273, 274, 275, 276, 277, 278, 279, 280, 281, 282, 283, 284, 285, 286, 287, 288, 289, 290, 291, 292, 293, 294, 295, 296, 297, 298, 299, 300, 301, 302, 303, 304, 305, 306, 307, 308, 309, 310, 311, 312, 313, 314, 315, 316, 317, 318, 319, 320, 321, 322, 323, 324, 325, 326, 327, 328, 329, 330, 331, 332, 333, 334, 335, 336, 337, 574, 575, 576, 577, 578, 579, 580, 581, 582, 583, 584, 585, 586, 587, 588, 589, 590, 591, 592, 593, 594, 595, 596, 597, 598, 599, 600, 601, 602, 603, 604, 605, 606, 607, 608, 609, 610, 611, 612, 613, 614, 615, 616, 617, 618, 619, 620, 621, 622, 623, 624, 625, 626, 627, 628, 629, 630, 631, 632, 633, 634, 635, 636, 637, 638, 639, 640, 641, 642, 643, 644, 645, 646, 647, 648, 649, 650, 651, 652, 653, 654, 655, 656, 657, 658, 659, 660, 661, 662, 663, 664, 665, 666, 667, 668, 669, 670, 671, 672, 673, 674, 675, 676, 677, 678, 679, 680, 681, 682, 683, 684, 685, 686, 687, 688, 689, 690, 691, 692, 693, 694, 695, 696, 697, 698, 699, 700, 701, 702, 703, 704, 705, 706, 707, 708, 709, 710, 711, 712, 713, 714, 715, 716, 717, 718, 719, 720, 721, 722, 723, 724, 725, 726, 727, 728, 729, 730, 731, 732, 733, 734, 735, 736, 737, 738, 739, 740, 741, 742, 743, 744, 745, 746, 747, 748, 749, 750, 751, 752, 753, 754, 755, 756, 757, 758, 759, 760, 761, 762, 763, 764, 765, 766, 767, 768, 769, 770, 771, 772, 773, 774, 775, 776, 777, 778, 779, 780, 781, 782, 783, 784, 785, 786, 787, 788, 789, 790, 791, 792, 793]","[49, 87, 107, 198, 255, 293, 297, 316, 331, 528, 558, 578, 669, 708, 752, 756, 774, 788]","[19, 180, 181, 233, 255, 331, 341, 351, 449, 454, 503, 651, 652, 697, 708, 788, 797, 806, 857, 897, 901]","[331, 788]","[4, 31, 59, 79, 80, 81, 82, 135, 142, 147, 180, 218, 229, 232, 264, 269, 299, 318, 320, 325, 331, 338, 352, 367, 382, 387, 403, 405, 408, 410, 455, 463, 465, 466, 468, 470, 472, 473, 483, 484, 490, 514, 535, 551, 552, 553, 606, 613, 618, 651, 686, 693, 696, 724, 728, 758, 776, 778, 783, 788, 794, 807, 832, 837, 852, 854, 858, 860, 861, 902, 910, 912, 913, 915, 917, 919, 920, 931, 934, 935]",[],7/6 successful match,True,[772],True,346,False,,,,,
"F San Jose , 95112 Western States Oil ( Pacific Pride )",408-292-1041 I-280 Exit 1 ( 10th St ),<U+2610>,San Jose,95112,Western States Oil ( Pacific Pride ),408-292-1041,2007,San Jose,CA,,( 10th St ),I-280 Exit 1 ,Exit,1,False,,False,I-280,,,,,"[331, 788]","[331, 788]","[49, 87, 107, 198, 255, 293, 297, 316, 331, 528, 558, 578, 669, 708, 752, 756, 774, 788]","[19, 180, 181, 233, 255, 331, 341, 351, 449, 454, 503, 651, 652, 697, 708, 788, 797, 806, 857, 897, 901]","[103, 104, 105, 106, 107, 108, 109, 110, 111, 112, 113, 114, 115, 116, 117, 118, 119, 120, 121, 122, 123, 124, 125, 126, 127, 128, 129, 130, 131, 132, 133, 134, 135, 136, 137, 138, 139, 140, 141, 142, 143, 144, 145, 146, 147, 148, 149, 150, 151, 152, 153, 154, 155, 156, 157, 158, 159, 160, 161, 162, 163, 164, 165, 166, 167, 168, 169, 170, 171, 172, 173, 174, 175, 176, 177, 178, 179, 180, 181, 182, 183, 184, 185, 186, 187, 188, 189, 190, 191, 192, 193, 194, 195, 196, 197, 198, 199, 200, 201, 202, 203, 204, 205, 206, 207, 208, 209, 210, 211, 212, 213, 214, 215, 216, 217, 218, 219, 220, 221, 222, 223, 224, 225, 226, 227, 228, 229, 230, 231, 232, 233, 234, 235, 236, 237, 238, 239, 240, 241, 242, 243, 244, 245, 246, 247, 248, 249, 250, 251, 252, 253, 254, 255, 256, 257, 258, 259, 260, 261, 262, 263, 264, 265, 266, 267, 268, 269, 270, 271, 272, 273, 274, 275, 276, 277, 278, 279, 280, 281, 282, 283, 284, 285, 286, 287, 288, 289, 290, 291, 292, 293, 294, 295, 296, 297, 298, 299, 300, 301, 302, 303, 304, 305, 306, 307, 308, 309, 310, 311, 312, 313, 314, 315, 316, 317, 318, 319, 320, 321, 322, 323, 324, 325, 326, 327, 328, 329, 330, 331, 332, 333, 334, 335, 336, 337, 574, 575, 576, 577, 578, 579, 580, 581, 582, 583, 584, 585, 586, 587, 588, 589, 590, 591, 592, 593, 594, 595, 596, 597, 598, 599, 600, 601, 602, 603, 604, 605, 606, 607, 608, 609, 610, 611, 612, 613, 614, 615, 616, 617, 618, 619, 620, 621, 622, 623, 624, 625, 626, 627, 628, 629, 630, 631, 632, 633, 634, 635, 636, 637, 638, 639, 640, 641, 642, 643, 644, 645, 646, 647, 648, 649, 650, 651, 652, 653, 654, 655, 656, 657, 658, 659, 660, 661, 662, 663, 664, 665, 666, 667, 668, 669, 670, 671, 672, 673, 674, 675, 676, 677, 678, 679, 680, 681, 682, 683, 684, 685, 686, 687, 688, 689, 690, 691, 692, 693, 694, 695, 696, 697, 698, 699, 700, 701, 702, 703, 704, 705, 706, 707, 708, 709, 710, 711, 712, 713, 714, 715, 716, 717, 718, 719, 720, 721, 722, 723, 724, 725, 726, 727, 728, 729, 730, 731, 732, 733, 734, 735, 736, 737, 738, 739, 740, 741, 742, 743, 744, 745, 746, 747, 748, 749, 750, 751, 752, 753, 754, 755, 756, 757, 758, 759, 760, 761, 762, 763, 764, 765, 766, 767, 768, 769, 770, 771, 772, 773, 774, 775, 776, 777, 778, 779, 780, 781, 782, 783, 784, 785, 786, 787, 788, 789, 790, 791, 792, 793]","[331, 788]",[],"[4, 31, 59, 79, 80, 81, 82, 135, 142, 147, 180, 218, 229, 232, 264, 269, 299, 318, 320, 325, 331, 338, 352, 367, 382, 387, 403, 405, 408, 410, 455, 463, 465, 466, 468, 470, 472, 473, 483, 484, 490, 514, 535, 551, 552, 553, 606, 613, 618, 651, 686, 693, 696, 724, 728, 758, 776, 778, 783, 788, 794, 807, 832, 837, 852, 854, 858, 860, 861, 902, 910, 912, 913, 915, 917, 919, 920, 931, 934, 935]","[4, 19, 31, 49, 59, 79, 80, 81, 82, 87, 103, 104, 105, 106, 107, 108, 109, 110, 111, 112, 113, 114, 115, 116, 117, 118, 119, 120, 121, 122, 123, 124, 125, 126, 127, 128, 129, 130, 131, 132, 133, 134, 135, 136, 137, 138, 139, 140, 141, 142, 143, 144, 145, 146, 147, 148, 149, 150, 151, 152, 153, 154, 155, 156, 157, 158, 159, 160, 161, 162, 163, 164, 165, 166, 167, 168, 169, 170, 171, 172, 173, 174, 175, 176, 177, 178, 179, 180, 181, 182, 183, 184, 185, 186, 187, 188, 189, 190, 191, 192, 193, 194, 195, 196, 197, 198, 199, 200, 201, 202, 203, 204, 205, 206, 207, 208, 209, 210, 211, 212, 213, 214, 215, 216, 217, 218, 219, 220, 221, 222, 223, 224, 225, 226, 227, 228, 229, 230, 231, 232, 233, 234, 235, 236, 237, 238, 239, 240, 241, 242, 243, 244, 245, 246, 247, 248, 249, 250, 251, 252, 253, 254, 255, 256, 257, 258, 259, 260, 261, 262, 263, 264, 265, 266, 267, 268, 269, 270, 271, 272, 273, 274, 275, 276, 277, 278, 279, 280, 281, 282, 283, 284, 285, 286, 287, 288, 289, 290, 291, 292, 293, 294, 295, 296, 297, 298, 299, 300, 301, 302, 303, 304, 305, 306, 307, 308, 309, 310, 311, 312, 313, 314, 315, 316, 317, 318, 319, 320, 321, 322, 323, 324, 325, 326, 327, 328, 329, 330, 331, 332, 333, 334, 335, 336, 337, 338, 341, 351, 352, 367, 382, 387, 403, 405, 408, 410, 449, 454, 455, 463, 465, 466, 468, 470, 472, 473, 483, 484, 490, 503, 514, 528, 535, 551, 552, 553, 558, 574, 575, 576, 577, 578, 579, 580, 581, 582, 583, 584, 585, 586, 587, 588, 589, 590, 591, 592, 593, 594, 595, 596, 597, 598, 599, 600, 601, 602, 603, 604, 605, 606, 607, 608, 609, 610, 611, 612, 613, 614, 615, 616, 617, 618, 619, 620, 621, 622, 623, 624, 625, 626, 627, 628, 629, 630, 631, 632, 633, 634, 635, 636, 637, 638, 639, 640, 641, 642, 643, 644, 645, 646, 647, 648, 649, 650, 651, 652, 653, 654, 655, 656, 657, 658, 659, 660, 661, 662, 663, 664, 665, 666, 667, 668, 669, 670, 671, 672, 673, 674, 675, 676, 677, 678, 679, 680, 681, 682, 683, 684, 685, 686, 687, 688, 689, 690, 691, 692, 693, 694, 695, 696, 697, 698, 699, 700, 701, 702, 703, 704, 705, 706, 707, 708, 709, 710, 711, 712, 713, 714, 715, 716, 717, 718, 719, 720, 721, 722, 723, 724, 725, 726, 727, 728, 729, 730, 731, 732, 733, 734, 735, 736, 737, 738, 739, 740, 741, 742, 743, 744, 745, 746, 747, 748, 749, 750, 751, 752, 753, 754, 755, 756, 757, 758, 759, 760, 761, 762, 763, 764, 765, 766, 767, 768, 769, 770, 771, 772, 773, 774, 775, 776, 777, 778, 779, 780, 781, 782, 783, 784, 785, 786, 787, 788, 789, 790, 791, 792, 793, 794, 797, 806, 807, 832, 837, 852, 854, 857, 858, 860, 861, 897, 901, 902, 910, 912, 913, 915, 917, 919, 920, 931, 934, 935]",True,"[331, 788]","[103, 104, 105, 106, 107, 108, 109, 110, 111, 112, 113, 114, 115, 116, 117, 118, 119, 120, 121, 122, 123, 124, 125, 126, 127, 128, 129, 130, 131, 132, 133, 134, 135, 136, 137, 138, 139, 140, 141, 142, 143, 144, 145, 146, 147, 148, 149, 150, 151, 152, 153, 154, 155, 156, 157, 158, 159, 160, 161, 162, 163, 164, 165, 166, 167, 168, 169, 170, 171, 172, 173, 174, 175, 176, 177, 178, 179, 180, 181, 182, 183, 184, 185, 186, 187, 188, 189, 190, 191, 192, 193, 194, 195, 196, 197, 198, 199, 200, 201, 202, 203, 204, 205, 206, 207, 208, 209, 210, 211, 212, 213, 214, 215, 216, 217, 218, 219, 220, 221, 222, 223, 224, 225, 226, 227, 228, 229, 230, 231, 232, 233, 234, 235, 236, 237, 238, 239, 240, 241, 242, 243, 244, 245, 246, 247, 248, 249, 250, 251, 252, 253, 254, 255, 256, 257, 258, 259, 260, 261, 262, 263, 264, 265, 266, 267, 268, 269, 270, 271, 272, 273, 274, 275, 276, 277, 278, 279, 280, 281, 282, 283, 284, 285, 286, 287, 288, 289, 290, 291, 292, 293, 294, 295, 296, 297, 298, 299, 300, 301, 302, 303, 304, 305, 306, 307, 308, 309, 310, 311, 312, 313, 314, 315, 316, 317, 318, 319, 320, 321, 322, 323, 324, 325, 326, 327, 328, 329, 330, 331, 332, 333, 334, 335, 336, 337, 574, 575, 576, 577, 578, 579, 580, 581, 582, 583, 584, 585, 586, 587, 588, 589, 590, 591, 592, 593, 594, 595, 596, 597, 598, 599, 600, 601, 602, 603, 604, 605, 606, 607, 608, 609, 610, 611, 612, 613, 614, 615, 616, 617, 618, 619, 620, 621, 622, 623, 624, 625, 626, 627, 628, 629, 630, 631, 632, 633, 634, 635, 636, 637, 638, 639, 640, 641, 642, 643, 644, 645, 646, 647, 648, 649, 650, 651, 652, 653, 654, 655, 656, 657, 658, 659, 660, 661, 662, 663, 664, 665, 666, 667, 668, 669, 670, 671, 672, 673, 674, 675, 676, 677, 678, 679, 680, 681, 682, 683, 684, 685, 686, 687, 688, 689, 690, 691, 692, 693, 694, 695, 696, 697, 698, 699, 700, 701, 702, 703, 704, 705, 706, 707, 708, 709, 710, 711, 712, 713, 714, 715, 716, 717, 718, 719, 720, 721, 722, 723, 724, 725, 726, 727, 728, 729, 730, 731, 732, 733, 734, 735, 736, 737, 738, 739, 740, 741, 742, 743, 744, 745, 746, 747, 748, 749, 750, 751, 752, 753, 754, 755, 756, 757, 758, 759, 760, 761, 762, 763, 764, 765, 766, 767, 768, 769, 770, 771, 772, 773, 774, 775, 776, 777, 778, 779, 780, 781, 782, 783, 784, 785, 786, 787, 788, 789, 790, 791, 792, 793]","[49, 87, 107, 198, 255, 293, 297, 316, 331, 528, 558, 578, 669, 708, 752, 756, 774, 788]","[19, 180, 181, 233, 255, 331, 341, 351, 449, 454, 503, 651, 652, 697, 708, 788, 797, 806, 857, 897, 901]","[331, 788]","[4, 31, 59, 79, 80, 81, 82, 135, 142, 147, 180, 218, 229, 232, 264, 269, 299, 318, 320, 325, 331, 338, 352, 367, 382, 387, 403, 405, 408, 410, 455, 463, 465, 466, 468, 470, 472, 473, 483, 484, 490, 514, 535, 551, 552, 553, 606, 613, 618, 651, 686, 693, 696, 724, 728, 758, 776, 778, 783, 788, 794, 807, 832, 837, 852, 854, 858, 860, 861, 902, 910, 912, 913, 915, 917, 919, 920, 931, 934, 935]",[],7/6 successful match,True,[772],True,346,False,,1.0,True,Western States Oil ( Pacific Pride ),
"San Jose , 95112 Western States Oil ( Pacific Pride St ) )",2 408-292-1041 I-280 Exit 1 ( 10th St ),D,San Jose,95112,Western States Oil ( Pacific Pride St ) ),408-292-1041,2008,San Jose,CA,,( 10th St ),I-280 Exit 1 ,Exit,1,False,,False,I-280,,,,,"[331, 788]","[331, 788]","[49, 87, 107, 198, 255, 293, 297, 316, 331, 528, 558, 578, 669, 708, 752, 756, 774, 788]","[19, 180, 181, 233, 255, 331, 341, 351, 449, 454, 503, 651, 652, 697, 708, 788, 797, 806, 857, 897, 901]","[103, 104, 105, 106, 107, 108, 109, 110, 111, 112, 113, 114, 115, 116, 117, 118, 119, 120, 121, 122, 123, 124, 125, 126, 127, 128, 129, 130, 131, 132, 133, 134, 135, 136, 137, 138, 139, 140, 141, 142, 143, 144, 145, 146, 147, 148, 149, 150, 151, 152, 153, 154, 155, 156, 157, 158, 159, 160, 161, 162, 163, 164, 165, 166, 167, 168, 169, 170, 171, 172, 173, 174, 175, 176, 177, 178, 179, 180, 181, 182, 183, 184, 185, 186, 187, 188, 189, 190, 191, 192, 193, 194, 195, 196, 197, 198, 199, 200, 201, 202, 203, 204, 205, 206, 207, 208, 209, 210, 211, 212, 213, 214, 215, 216, 217, 218, 219, 220, 221, 222, 223, 224, 225, 226, 227, 228, 229, 230, 231, 232, 233, 234, 235, 236, 237, 238, 239, 240, 241, 242, 243, 244, 245, 246, 247, 248, 249, 250, 251, 252, 253, 254, 255, 256, 257, 258, 259, 260, 261, 262, 263, 264, 265, 266, 267, 268, 269, 270, 271, 272, 273, 274, 275, 276, 277, 278, 279, 280, 281, 282, 283, 284, 285, 286, 287, 288, 289, 290, 291, 292, 293, 294, 295, 296, 297, 298, 299, 300, 301, 302, 303, 304, 305, 306, 307, 308, 309, 310, 311, 312, 313, 314, 315, 316, 317, 318, 319, 320, 321, 322, 323, 324, 325, 326, 327, 328, 329, 330, 331, 332, 333, 334, 335, 336, 337, 574, 575, 576, 577, 578, 579, 580, 581, 582, 583, 584, 585, 586, 587, 588, 589, 590, 591, 592, 593, 594, 595, 596, 597, 598, 599, 600, 601, 602, 603, 604, 605, 606, 607, 608, 609, 610, 611, 612, 613, 614, 615, 616, 617, 618, 619, 620, 621, 622, 623, 624, 625, 626, 627, 628, 629, 630, 631, 632, 633, 634, 635, 636, 637, 638, 639, 640, 641, 642, 643, 644, 645, 646, 647, 648, 649, 650, 651, 652, 653, 654, 655, 656, 657, 658, 659, 660, 661, 662, 663, 664, 665, 666, 667, 668, 669, 670, 671, 672, 673, 674, 675, 676, 677, 678, 679, 680, 681, 682, 683, 684, 685, 686, 687, 688, 689, 690, 691, 692, 693, 694, 695, 696, 697, 698, 699, 700, 701, 702, 703, 704, 705, 706, 707, 708, 709, 710, 711, 712, 713, 714, 715, 716, 717, 718, 719, 720, 721, 722, 723, 724, 725, 726, 727, 728, 729, 730, 731, 732, 733, 734, 735, 736, 737, 738, 739, 740, 741, 742, 743, 744, 745, 746, 747, 748, 749, 750, 751, 752, 753, 754, 755, 756, 757, 758, 759, 760, 761, 762, 763, 764, 765, 766, 767, 768, 769, 770, 771, 772, 773, 774, 775, 776, 777, 778, 779, 780, 781, 782, 783, 784, 785, 786, 787, 788, 789, 790, 791, 792, 793]","[331, 788]",[],"[4, 31, 59, 79, 80, 81, 82, 135, 142, 147, 180, 218, 229, 232, 264, 269, 299, 318, 320, 325, 331, 338, 352, 367, 382, 387, 403, 405, 408, 410, 455, 463, 465, 466, 468, 470, 472, 473, 483, 484, 490, 514, 535, 551, 552, 553, 606, 613, 618, 651, 686, 693, 696, 724, 728, 758, 776, 778, 783, 788, 794, 807, 832, 837, 852, 854, 858, 860, 861, 902, 910, 912, 913, 915, 917, 919, 920, 931, 934, 935]","[4, 19, 31, 49, 59, 79, 80, 81, 82, 87, 103, 104, 105, 106, 107, 108, 109, 110, 111, 112, 113, 114, 115, 116, 117, 118, 119, 120, 121, 122, 123, 124, 125, 126, 127, 128, 129, 130, 131, 132, 133, 134, 135, 136, 137, 138, 139, 140, 141, 142, 143, 144, 145, 146, 147, 148, 149, 150, 151, 152, 153, 154, 155, 156, 157, 158, 159, 160, 161, 162, 163, 164, 165, 166, 167, 168, 169, 170, 171, 172, 173, 174, 175, 176, 177, 178, 179, 180, 181, 182, 183, 184, 185, 186, 187, 188, 189, 190, 191, 192, 193, 194, 195, 196, 197, 198, 199, 200, 201, 202, 203, 204, 205, 206, 207, 208, 209, 210, 211, 212, 213, 214, 215, 216, 217, 218, 219, 220, 221, 222, 223, 224, 225, 226, 227, 228, 229, 230, 231, 232, 233, 234, 235, 236, 237, 238, 239, 240, 241, 242, 243, 244, 245, 246, 247, 248, 249, 250, 251, 252, 253, 254, 255, 256, 257, 258, 259, 260, 261, 262, 263, 264, 265, 266, 267, 268, 269, 270, 271, 272, 273, 274, 275, 276, 277, 278, 279, 280, 281, 282, 283, 284, 285, 286, 287, 288, 289, 290, 291, 292, 293, 294, 295, 296, 297, 298, 299, 300, 301, 302, 303, 304, 305, 306, 307, 308, 309, 310, 311, 312, 313, 314, 315, 316, 317, 318, 319, 320, 321, 322, 323, 324, 325, 326, 327, 328, 329, 330, 331, 332, 333, 334, 335, 336, 337, 338, 341, 351, 352, 367, 382, 387, 403, 405, 408, 410, 449, 454, 455, 463, 465, 466, 468, 470, 472, 473, 483, 484, 490, 503, 514, 528, 535, 551, 552, 553, 558, 574, 575, 576, 577, 578, 579, 580, 581, 582, 583, 584, 585, 586, 587, 588, 589, 590, 591, 592, 593, 594, 595, 596, 597, 598, 599, 600, 601, 602, 603, 604, 605, 606, 607, 608, 609, 610, 611, 612, 613, 614, 615, 616, 617, 618, 619, 620, 621, 622, 623, 624, 625, 626, 627, 628, 629, 630, 631, 632, 633, 634, 635, 636, 637, 638, 639, 640, 641, 642, 643, 644, 645, 646, 647, 648, 649, 650, 651, 652, 653, 654, 655, 656, 657, 658, 659, 660, 661, 662, 663, 664, 665, 666, 667, 668, 669, 670, 671, 672, 673, 674, 675, 676, 677, 678, 679, 680, 681, 682, 683, 684, 685, 686, 687, 688, 689, 690, 691, 692, 693, 694, 695, 696, 697, 698, 699, 700, 701, 702, 703, 704, 705, 706, 707, 708, 709, 710, 711, 712, 713, 714, 715, 716, 717, 718, 719, 720, 721, 722, 723, 724, 725, 726, 727, 728, 729, 730, 731, 732, 733, 734, 735, 736, 737, 738, 739, 740, 741, 742, 743, 744, 745, 746, 747, 748, 749, 750, 751, 752, 753, 754, 755, 756, 757, 758, 759, 760, 761, 762, 763, 764, 765, 766, 767, 768, 769, 770, 771, 772, 773, 774, 775, 776, 777, 778, 779, 780, 781, 782, 783, 784, 785, 786, 787, 788, 789, 790, 791, 792, 793, 794, 797, 806, 807, 832, 837, 852, 854, 857, 858, 860, 861, 897, 901, 902, 910, 912, 913, 915, 917, 919, 920, 931, 934, 935]",True,"[331, 788]","[103, 104, 105, 106, 107, 108, 109, 110, 111, 112, 113, 114, 115, 116, 117, 118, 119, 120, 121, 122, 123, 124, 125, 126, 127, 128, 129, 130, 131, 132, 133, 134, 135, 136, 137, 138, 139, 140, 141, 142, 143, 144, 145, 146, 147, 148, 149, 150, 151, 152, 153, 154, 155, 156, 157, 158, 159, 160, 161, 162, 163, 164, 165, 166, 167, 168, 169, 170, 171, 172, 173, 174, 175, 176, 177, 178, 179, 180, 181, 182, 183, 184, 185, 186, 187, 188, 189, 190, 191, 192, 193, 194, 195, 196, 197, 198, 199, 200, 201, 202, 203, 204, 205, 206, 207, 208, 209, 210, 211, 212, 213, 214, 215, 216, 217, 218, 219, 220, 221, 222, 223, 224, 225, 226, 227, 228, 229, 230, 231, 232, 233, 234, 235, 236, 237, 238, 239, 240, 241, 242, 243, 244, 245, 246, 247, 248, 249, 250, 251, 252, 253, 254, 255, 256, 257, 258, 259, 260, 261, 262, 263, 264, 265, 266, 267, 268, 269, 270, 271, 272, 273, 274, 275, 276, 277, 278, 279, 280, 281, 282, 283, 284, 285, 286, 287, 288, 289, 290, 291, 292, 293, 294, 295, 296, 297, 298, 299, 300, 301, 302, 303, 304, 305, 306, 307, 308, 309, 310, 311, 312, 313, 314, 315, 316, 317, 318, 319, 320, 321, 322, 323, 324, 325, 326, 327, 328, 329, 330, 331, 332, 333, 334, 335, 336, 337, 574, 575, 576, 577, 578, 579, 580, 581, 582, 583, 584, 585, 586, 587, 588, 589, 590, 591, 592, 593, 594, 595, 596, 597, 598, 599, 600, 601, 602, 603, 604, 605, 606, 607, 608, 609, 610, 611, 612, 613, 614, 615, 616, 617, 618, 619, 620, 621, 622, 623, 624, 625, 626, 627, 628, 629, 630, 631, 632, 633, 634, 635, 636, 637, 638, 639, 640, 641, 642, 643, 644, 645, 646, 647, 648, 649, 650, 651, 652, 653, 654, 655, 656, 657, 658, 659, 660, 661, 662, 663, 664, 665, 666, 667, 668, 669, 670, 671, 672, 673, 674, 675, 676, 677, 678, 679, 680, 681, 682, 683, 684, 685, 686, 687, 688, 689, 690, 691, 692, 693, 694, 695, 696, 697, 698, 699, 700, 701, 702, 703, 704, 705, 706, 707, 708, 709, 710, 711, 712, 713, 714, 715, 716, 717, 718, 719, 720, 721, 722, 723, 724, 725, 726, 727, 728, 729, 730, 731, 732, 733, 734, 735, 736, 737, 738, 739, 740, 741, 742, 743, 744, 745, 746, 747, 748, 749, 750, 751, 752, 753, 754, 755, 756, 757, 758, 759, 760, 761, 762, 763, 764, 765, 766, 767, 768, 769, 770, 771, 772, 773, 774, 775, 776, 777, 778, 779, 780, 781, 782, 783, 784, 785, 786, 787, 788, 789, 790, 791, 792, 793]","[49, 87, 107, 198, 255, 293, 297, 316, 331, 528, 558, 578, 669, 708, 752, 756, 774, 788]","[19, 180, 181, 233, 255, 331, 341, 351, 449, 454, 503, 651, 652, 697, 708, 788, 797, 806, 857, 897, 901]","[331, 788]","[4, 31, 59, 79, 80, 81, 82, 135, 142, 147, 180, 218, 229, 232, 264, 269, 299, 318, 320, 325, 331, 338, 352, 367, 382, 387, 403, 405, 408, 410, 455, 463, 465, 466, 468, 470, 472, 473, 483, 484, 490, 514, 535, 551, 552, 553, 606, 613, 618, 651, 686, 693, 696, 724, 728, 758, 776, 778, 783, 788, 794, 807, 832, 837, 852, 854, 858, 860, 861, 902, 910, 912, 913, 915, 917, 919, 920, 931, 934, 935]",[],7/6 successful match,True,[772],True,346,False,,1.0,True,Western States Oil ( Pacific Pride ),
F San Jose ( 95112 ) Western States Oil Cardlock ( Pac Pride ),408-292-1041 I-280 Exit 1 ( 10th St ),) D,San Jose,95112,Western States Oil Cardlock ( Pac Pride ),408-292-1041,2014,San Jose,CA,,( 10th St ),I-280 Exit 1 ,Exit,1,False,,False,I-280,,,,,"[331, 788]","[331, 788]","[49, 87, 107, 198, 255, 293, 297, 316, 331, 528, 558, 578, 669, 708, 752, 756, 774, 788]","[19, 180, 181, 233, 255, 331, 341, 351, 449, 454, 503, 651, 652, 697, 708, 788, 797, 806, 857, 897, 901]","[103, 104, 105, 106, 107, 108, 109, 110, 111, 112, 113, 114, 115, 116, 117, 118, 119, 120, 121, 122, 123, 124, 125, 126, 127, 128, 129, 130, 131, 132, 133, 134, 135, 136, 137, 138, 139, 140, 141, 142, 143, 144, 145, 146, 147, 148, 149, 150, 151, 152, 153, 154, 155, 156, 157, 158, 159, 160, 161, 162, 163, 164, 165, 166, 167, 168, 169, 170, 171, 172, 173, 174, 175, 176, 177, 178, 179, 180, 181, 182, 183, 184, 185, 186, 187, 188, 189, 190, 191, 192, 193, 194, 195, 196, 197, 198, 199, 200, 201, 202, 203, 204, 205, 206, 207, 208, 209, 210, 211, 212, 213, 214, 215, 216, 217, 218, 219, 220, 221, 222, 223, 224, 225, 226, 227, 228, 229, 230, 231, 232, 233, 234, 235, 236, 237, 238, 239, 240, 241, 242, 243, 244, 245, 246, 247, 248, 249, 250, 251, 252, 253, 254, 255, 256, 257, 258, 259, 260, 261, 262, 263, 264, 265, 266, 267, 268, 269, 270, 271, 272, 273, 274, 275, 276, 277, 278, 279, 280, 281, 282, 283, 284, 285, 286, 287, 288, 289, 290, 291, 292, 293, 294, 295, 296, 297, 298, 299, 300, 301, 302, 303, 304, 305, 306, 307, 308, 309, 310, 311, 312, 313, 314, 315, 316, 317, 318, 319, 320, 321, 322, 323, 324, 325, 326, 327, 328, 329, 330, 331, 332, 333, 334, 335, 336, 337, 574, 575, 576, 577, 578, 579, 580, 581, 582, 583, 584, 585, 586, 587, 588, 589, 590, 591, 592, 593, 594, 595, 596, 597, 598, 599, 600, 601, 602, 603, 604, 605, 606, 607, 608, 609, 610, 611, 612, 613, 614, 615, 616, 617, 618, 619, 620, 621, 622, 623, 624, 625, 626, 627, 628, 629, 630, 631, 632, 633, 634, 635, 636, 637, 638, 639, 640, 641, 642, 643, 644, 645, 646, 647, 648, 649, 650, 651, 652, 653, 654, 655, 656, 657, 658, 659, 660, 661, 662, 663, 664, 665, 666, 667, 668, 669, 670, 671, 672, 673, 674, 675, 676, 677, 678, 679, 680, 681, 682, 683, 684, 685, 686, 687, 688, 689, 690, 691, 692, 693, 694, 695, 696, 697, 698, 699, 700, 701, 702, 703, 704, 705, 706, 707, 708, 709, 710, 711, 712, 713, 714, 715, 716, 717, 718, 719, 720, 721, 722, 723, 724, 725, 726, 727, 728, 729, 730, 731, 732, 733, 734, 735, 736, 737, 738, 739, 740, 741, 742, 743, 744, 745, 746, 747, 748, 749, 750, 751, 752, 753, 754, 755, 756, 757, 758, 759, 760, 761, 762, 763, 764, 765, 766, 767, 768, 769, 770, 771, 772, 773, 774, 775, 776, 777, 778, 779, 780, 781, 782, 783, 784, 785, 786, 787, 788, 789, 790, 791, 792, 793]","[331, 788]",[],"[4, 31, 59, 79, 80, 81, 82, 135, 142, 147, 180, 218, 229, 232, 264, 269, 299, 318, 320, 331, 338, 352, 367, 382, 387, 403, 405, 408, 410, 455, 463, 465, 466, 468, 470, 472, 473, 483, 484, 490, 514, 535, 551, 552, 553, 606, 613, 618, 651, 686, 693, 696, 724, 728, 758, 776, 778, 788, 794, 807, 832, 837, 852, 854, 858, 860, 861, 902, 910, 912, 913, 915, 917, 919, 920, 931, 934, 935]","[4, 19, 31, 49, 59, 79, 80, 81, 82, 87, 103, 104, 105, 106, 107, 108, 109, 110, 111, 112, 113, 114, 115, 116, 117, 118, 119, 120, 121, 122, 123, 124, 125, 126, 127, 128, 129, 130, 131, 132, 133, 134, 135, 136, 137, 138, 139, 140, 141, 142, 143, 144, 145, 146, 147, 148, 149, 150, 151, 152, 153, 154, 155, 156, 157, 158, 159, 160, 161, 162, 163, 164, 165, 166, 167, 168, 169, 170, 171, 172, 173, 174, 175, 176, 177, 178, 179, 180, 181, 182, 183, 184, 185, 186, 187, 188, 189, 190, 191, 192, 193, 194, 195, 196, 197, 198, 199, 200, 201, 202, 203, 204, 205, 206, 207, 208, 209, 210, 211, 212, 213, 214, 215, 216, 217, 218, 219, 220, 221, 222, 223, 224, 225, 226, 227, 228, 229, 230, 231, 232, 233, 234, 235, 236, 237, 238, 239, 240, 241, 242, 243, 244, 245, 246, 247, 248, 249, 250, 251, 252, 253, 254, 255, 256, 257, 258, 259, 260, 261, 262, 263, 264, 265, 266, 267, 268, 269, 270, 271, 272, 273, 274, 275, 276, 277, 278, 279, 280, 281, 282, 283, 284, 285, 286, 287, 288, 289, 290, 291, 292, 293, 294, 295, 296, 297, 298, 299, 300, 301, 302, 303, 304, 305, 306, 307, 308, 309, 310, 311, 312, 313, 314, 315, 316, 317, 318, 319, 320, 321, 322, 323, 324, 325, 326, 327, 328, 329, 330, 331, 332, 333, 334, 335, 336, 337, 338, 341, 351, 352, 367, 382, 387, 403, 405, 408, 410, 449, 454, 455, 463, 465, 466, 468, 470, 472, 473, 483, 484, 490, 503, 514, 528, 535, 551, 552, 553, 558, 574, 575, 576, 577, 578, 579, 580, 581, 582, 583, 584, 585, 586, 587, 588, 589, 590, 591, 592, 593, 594, 595, 596, 597, 598, 599, 600, 601, 602, 603, 604, 605, 606, 607, 608, 609, 610, 611, 612, 613, 614, 615, 616, 617, 618, 619, 620, 621, 622, 623, 624, 625, 626, 627, 628, 629, 630, 631, 632, 633, 634, 635, 636, 637, 638, 639, 640, 641, 642, 643, 644, 645, 646, 647, 648, 649, 650, 651, 652, 653, 654, 655, 656, 657, 658, 659, 660, 661, 662, 663, 664, 665, 666, 667, 668, 669, 670, 671, 672, 673, 674, 675, 676, 677, 678, 679, 680, 681, 682, 683, 684, 685, 686, 687, 688, 689, 690, 691, 692, 693, 694, 695, 696, 697, 698, 699, 700, 701, 702, 703, 704, 705, 706, 707, 708, 709, 710, 711, 712, 713, 714, 715, 716, 717, 718, 719, 720, 721, 722, 723, 724, 725, 726, 727, 728, 729, 730, 731, 732, 733, 734, 735, 736, 737, 738, 739, 740, 741, 742, 743, 744, 745, 746, 747, 748, 749, 750, 751, 752, 753, 754, 755, 756, 757, 758, 759, 760, 761, 762, 763, 764, 765, 766, 767, 768, 769, 770, 771, 772, 773, 774, 775, 776, 777, 778, 779, 780, 781, 782, 783, 784, 785, 786, 787, 788, 789, 790, 791, 792, 793, 794, 797, 806, 807, 832, 837, 852, 854, 857, 858, 860, 861, 897, 901, 902, 910, 912, 913, 915, 917, 919, 920, 931, 934, 935]",True,"[331, 788]","[103, 104, 105, 106, 107, 108, 109, 110, 111, 112, 113, 114, 115, 116, 117, 118, 119, 120, 121, 122, 123, 124, 125, 126, 127, 128, 129, 130, 131, 132, 133, 134, 135, 136, 137, 138, 139, 140, 141, 142, 143, 144, 145, 146, 147, 148, 149, 150, 151, 152, 153, 154, 155, 156, 157, 158, 159, 160, 161, 162, 163, 164, 165, 166, 167, 168, 169, 170, 171, 172, 173, 174, 175, 176, 177, 178, 179, 180, 181, 182, 183, 184, 185, 186, 187, 188, 189, 190, 191, 192, 193, 194, 195, 196, 197, 198, 199, 200, 201, 202, 203, 204, 205, 206, 207, 208, 209, 210, 211, 212, 213, 214, 215, 216, 217, 218, 219, 220, 221, 222, 223, 224, 225, 226, 227, 228, 229, 230, 231, 232, 233, 234, 235, 236, 237, 238, 239, 240, 241, 242, 243, 244, 245, 246, 247, 248, 249, 250, 251, 252, 253, 254, 255, 256, 257, 258, 259, 260, 261, 262, 263, 264, 265, 266, 267, 268, 269, 270, 271, 272, 273, 274, 275, 276, 277, 278, 279, 280, 281, 282, 283, 284, 285, 286, 287, 288, 289, 290, 291, 292, 293, 294, 295, 296, 297, 298, 299, 300, 301, 302, 303, 304, 305, 306, 307, 308, 309, 310, 311, 312, 313, 314, 315, 316, 317, 318, 319, 320, 321, 322, 323, 324, 325, 326, 327, 328, 329, 330, 331, 332, 333, 334, 335, 336, 337, 574, 575, 576, 577, 578, 579, 580, 581, 582, 583, 584, 585, 586, 587, 588, 589, 590, 591, 592, 593, 594, 595, 596, 597, 598, 599, 600, 601, 602, 603, 604, 605, 606, 607, 608, 609, 610, 611, 612, 613, 614, 615, 616, 617, 618, 619, 620, 621, 622, 623, 624, 625, 626, 627, 628, 629, 630, 631, 632, 633, 634, 635, 636, 637, 638, 639, 640, 641, 642, 643, 644, 645, 646, 647, 648, 649, 650, 651, 652, 653, 654, 655, 656, 657, 658, 659, 660, 661, 662, 663, 664, 665, 666, 667, 668, 669, 670, 671, 672, 673, 674, 675, 676, 677, 678, 679, 680, 681, 682, 683, 684, 685, 686, 687, 688, 689, 690, 691, 692, 693, 694, 695, 696, 697, 698, 699, 700, 701, 702, 703, 704, 705, 706, 707, 708, 709, 710, 711, 712, 713, 714, 715, 716, 717, 718, 719, 720, 721, 722, 723, 724, 725, 726, 727, 728, 729, 730, 731, 732, 733, 734, 735, 736, 737, 738, 739, 740, 741, 742, 743, 744, 745, 746, 747, 748, 749, 750, 751, 752, 753, 754, 755, 756, 757, 758, 759, 760, 761, 762, 763, 764, 765, 766, 767, 768, 769, 770, 771, 772, 773, 774, 775, 776, 777, 778, 779, 780, 781, 782, 783, 784, 785, 786, 787, 788, 789, 790, 791, 792, 793]","[49, 87, 107, 198, 255, 293, 297, 316, 331, 528, 558, 578, 669, 708, 752, 756, 774, 788]","[19, 180, 181, 233, 255, 331, 341, 351, 449, 454, 503, 651, 652, 697, 708, 788, 797, 806, 857, 897, 901]","[331, 788]","[4, 31, 59, 79, 80, 81, 82, 135, 142, 147, 180, 218, 229, 232, 264, 269, 299, 318, 320, 331, 338, 352, 367, 382, 387, 403, 405, 408, 410, 455, 463, 465, 466, 468, 470, 472, 473, 483, 484, 490, 514, 535, 551, 552, 553, 606, 613, 618, 651, 686, 693, 696, 724, 728, 758, 776, 778, 788, 794, 807, 832, 837, 852, 854, 858, 860, 861, 902, 910, 912, 913, 915, 917, 919, 920, 931, 934, 935]",[],7/6 successful match,True,[772],True,346,False,,0.9627177700348432,True,Western States Oil ( Pacific Pride St ) ),
San Jose ( 95112 ) Western States Oil Cardlock ( Pac Pride ),2 408-292-1041 I-280 Exit 1 ( 10th St ),<U+2610> <U+2610> <U+2610> D,San Jose,95112,Western States Oil Cardlock ( Pac Pride ),408-292-1041,2015,San Jose,CA,,( 10th St ),I-280 Exit 1 ,Exit,1,False,,False,I-280,,,,,"[331, 788]","[331, 788]","[49, 87, 107, 198, 255, 293, 297, 316, 331, 528, 558, 578, 669, 708, 752, 756, 774, 788]","[19, 180, 181, 233, 255, 331, 341, 351, 449, 454, 503, 651, 652, 697, 708, 788, 797, 806, 857, 897, 901]","[103, 104, 105, 106, 107, 108, 109, 110, 111, 112, 113, 114, 115, 116, 117, 118, 119, 120, 121, 122, 123, 124, 125, 126, 127, 128, 129, 130, 131, 132, 133, 134, 135, 136, 137, 138, 139, 140, 141, 142, 143, 144, 145, 146, 147, 148, 149, 150, 151, 152, 153, 154, 155, 156, 157, 158, 159, 160, 161, 162, 163, 164, 165, 166, 167, 168, 169, 170, 171, 172, 173, 174, 175, 176, 177, 178, 179, 180, 181, 182, 183, 184, 185, 186, 187, 188, 189, 190, 191, 192, 193, 194, 195, 196, 197, 198, 199, 200, 201, 202, 203, 204, 205, 206, 207, 208, 209, 210, 211, 212, 213, 214, 215, 216, 217, 218, 219, 220, 221, 222, 223, 224, 225, 226, 227, 228, 229, 230, 231, 232, 233, 234, 235, 236, 237, 238, 239, 240, 241, 242, 243, 244, 245, 246, 247, 248, 249, 250, 251, 252, 253, 254, 255, 256, 257, 258, 259, 260, 261, 262, 263, 264, 265, 266, 267, 268, 269, 270, 271, 272, 273, 274, 275, 276, 277, 278, 279, 280, 281, 282, 283, 284, 285, 286, 287, 288, 289, 290, 291, 292, 293, 294, 295, 296, 297, 298, 299, 300, 301, 302, 303, 304, 305, 306, 307, 308, 309, 310, 311, 312, 313, 314, 315, 316, 317, 318, 319, 320, 321, 322, 323, 324, 325, 326, 327, 328, 329, 330, 331, 332, 333, 334, 335, 336, 337, 574, 575, 576, 577, 578, 579, 580, 581, 582, 583, 584, 585, 586, 587, 588, 589, 590, 591, 592, 593, 594, 595, 596, 597, 598, 599, 600, 601, 602, 603, 604, 605, 606, 607, 608, 609, 610, 611, 612, 613, 614, 615, 616, 617, 618, 619, 620, 621, 622, 623, 624, 625, 626, 627, 628, 629, 630, 631, 632, 633, 634, 635, 636, 637, 638, 639, 640, 641, 642, 643, 644, 645, 646, 647, 648, 649, 650, 651, 652, 653, 654, 655, 656, 657, 658, 659, 660, 661, 662, 663, 664, 665, 666, 667, 668, 669, 670, 671, 672, 673, 674, 675, 676, 677, 678, 679, 680, 681, 682, 683, 684, 685, 686, 687, 688, 689, 690, 691, 692, 693, 694, 695, 696, 697, 698, 699, 700, 701, 702, 703, 704, 705, 706, 707, 708, 709, 710, 711, 712, 713, 714, 715, 716, 717, 718, 719, 720, 721, 722, 723, 724, 725, 726, 727, 728, 729, 730, 731, 732, 733, 734, 735, 736, 737, 738, 739, 740, 741, 742, 743, 744, 745, 746, 747, 748, 749, 750, 751, 752, 753, 754, 755, 756, 757, 758, 759, 760, 761, 762, 763, 764, 765, 766, 767, 768, 769, 770, 771, 772, 773, 774, 775, 776, 777, 778, 779, 780, 781, 782, 783, 784, 785, 786, 787, 788, 789, 790, 791, 792, 793]","[331, 788]",[],"[4, 31, 59, 79, 80, 81, 82, 135, 142, 147, 180, 218, 229, 232, 264, 269, 299, 318, 320, 331, 338, 352, 367, 382, 387, 403, 405, 408, 410, 455, 463, 465, 466, 468, 470, 472, 473, 483, 484, 490, 514, 535, 551, 552, 553, 606, 613, 618, 651, 686, 693, 696, 724, 728, 758, 776, 778, 788, 794, 807, 832, 837, 852, 854, 858, 860, 861, 902, 910, 912, 913, 915, 917, 919, 920, 931, 934, 935]","[4, 19, 31, 49, 59, 79, 80, 81, 82, 87, 103, 104, 105, 106, 107, 108, 109, 110, 111, 112, 113, 114, 115, 116, 117, 118, 119, 120, 121, 122, 123, 124, 125, 126, 127, 128, 129, 130, 131, 132, 133, 134, 135, 136, 137, 138, 139, 140, 141, 142, 143, 144, 145, 146, 147, 148, 149, 150, 151, 152, 153, 154, 155, 156, 157, 158, 159, 160, 161, 162, 163, 164, 165, 166, 167, 168, 169, 170, 171, 172, 173, 174, 175, 176, 177, 178, 179, 180, 181, 182, 183, 184, 185, 186, 187, 188, 189, 190, 191, 192, 193, 194, 195, 196, 197, 198, 199, 200, 201, 202, 203, 204, 205, 206, 207, 208, 209, 210, 211, 212, 213, 214, 215, 216, 217, 218, 219, 220, 221, 222, 223, 224, 225, 226, 227, 228, 229, 230, 231, 232, 233, 234, 235, 236, 237, 238, 239, 240, 241, 242, 243, 244, 245, 246, 247, 248, 249, 250, 251, 252, 253, 254, 255, 256, 257, 258, 259, 260, 261, 262, 263, 264, 265, 266, 267, 268, 269, 270, 271, 272, 273, 274, 275, 276, 277, 278, 279, 280, 281, 282, 283, 284, 285, 286, 287, 288, 289, 290, 291, 292, 293, 294, 295, 296, 297, 298, 299, 300, 301, 302, 303, 304, 305, 306, 307, 308, 309, 310, 311, 312, 313, 314, 315, 316, 317, 318, 319, 320, 321, 322, 323, 324, 325, 326, 327, 328, 329, 330, 331, 332, 333, 334, 335, 336, 337, 338, 341, 351, 352, 367, 382, 387, 403, 405, 408, 410, 449, 454, 455, 463, 465, 466, 468, 470, 472, 473, 483, 484, 490, 503, 514, 528, 535, 551, 552, 553, 558, 574, 575, 576, 577, 578, 579, 580, 581, 582, 583, 584, 585, 586, 587, 588, 589, 590, 591, 592, 593, 594, 595, 596, 597, 598, 599, 600, 601, 602, 603, 604, 605, 606, 607, 608, 609, 610, 611, 612, 613, 614, 615, 616, 617, 618, 619, 620, 621, 622, 623, 624, 625, 626, 627, 628, 629, 630, 631, 632, 633, 634, 635, 636, 637, 638, 639, 640, 641, 642, 643, 644, 645, 646, 647, 648, 649, 650, 651, 652, 653, 654, 655, 656, 657, 658, 659, 660, 661, 662, 663, 664, 665, 666, 667, 668, 669, 670, 671, 672, 673, 674, 675, 676, 677, 678, 679, 680, 681, 682, 683, 684, 685, 686, 687, 688, 689, 690, 691, 692, 693, 694, 695, 696, 697, 698, 699, 700, 701, 702, 703, 704, 705, 706, 707, 708, 709, 710, 711, 712, 713, 714, 715, 716, 717, 718, 719, 720, 721, 722, 723, 724, 725, 726, 727, 728, 729, 730, 731, 732, 733, 734, 735, 736, 737, 738, 739, 740, 741, 742, 743, 744, 745, 746, 747, 748, 749, 750, 751, 752, 753, 754, 755, 756, 757, 758, 759, 760, 761, 762, 763, 764, 765, 766, 767, 768, 769, 770, 771, 772, 773, 774, 775, 776, 777, 778, 779, 780, 781, 782, 783, 784, 785, 786, 787, 788, 789, 790, 791, 792, 793, 794, 797, 806, 807, 832, 837, 852, 854, 857, 858, 860, 861, 897, 901, 902, 910, 912, 913, 915, 917, 919, 920, 931, 934, 935]",True,"[331, 788]","[103, 104, 105, 106, 107, 108, 109, 110, 111, 112, 113, 114, 115, 116, 117, 118, 119, 120, 121, 122, 123, 124, 125, 126, 127, 128, 129, 130, 131, 132, 133, 134, 135, 136, 137, 138, 139, 140, 141, 142, 143, 144, 145, 146, 147, 148, 149, 150, 151, 152, 153, 154, 155, 156, 157, 158, 159, 160, 161, 162, 163, 164, 165, 166, 167, 168, 169, 170, 171, 172, 173, 174, 175, 176, 177, 178, 179, 180, 181, 182, 183, 184, 185, 186, 187, 188, 189, 190, 191, 192, 193, 194, 195, 196, 197, 198, 199, 200, 201, 202, 203, 204, 205, 206, 207, 208, 209, 210, 211, 212, 213, 214, 215, 216, 217, 218, 219, 220, 221, 222, 223, 224, 225, 226, 227, 228, 229, 230, 231, 232, 233, 234, 235, 236, 237, 238, 239, 240, 241, 242, 243, 244, 245, 246, 247, 248, 249, 250, 251, 252, 253, 254, 255, 256, 257, 258, 259, 260, 261, 262, 263, 264, 265, 266, 267, 268, 269, 270, 271, 272, 273, 274, 275, 276, 277, 278, 279, 280, 281, 282, 283, 284, 285, 286, 287, 288, 289, 290, 291, 292, 293, 294, 295, 296, 297, 298, 299, 300, 301, 302, 303, 304, 305, 306, 307, 308, 309, 310, 311, 312, 313, 314, 315, 316, 317, 318, 319, 320, 321, 322, 323, 324, 325, 326, 327, 328, 329, 330, 331, 332, 333, 334, 335, 336, 337, 574, 575, 576, 577, 578, 579, 580, 581, 582, 583, 584, 585, 586, 587, 588, 589, 590, 591, 592, 593, 594, 595, 596, 597, 598, 599, 600, 601, 602, 603, 604, 605, 606, 607, 608, 609, 610, 611, 612, 613, 614, 615, 616, 617, 618, 619, 620, 621, 622, 623, 624, 625, 626, 627, 628, 629, 630, 631, 632, 633, 634, 635, 636, 637, 638, 639, 640, 641, 642, 643, 644, 645, 646, 647, 648, 649, 650, 651, 652, 653, 654, 655, 656, 657, 658, 659, 660, 661, 662, 663, 664, 665, 666, 667, 668, 669, 670, 671, 672, 673, 674, 675, 676, 677, 678, 679, 680, 681, 682, 683, 684, 685, 686, 687, 688, 689, 690, 691, 692, 693, 694, 695, 696, 697, 698, 699, 700, 701, 702, 703, 704, 705, 706, 707, 708, 709, 710, 711, 712, 713, 714, 715, 716, 717, 718, 719, 720, 721, 722, 723, 724, 725, 726, 727, 728, 729, 730, 731, 732, 733, 734, 735, 736, 737, 738, 739, 740, 741, 742, 743, 744, 745, 746, 747, 748, 749, 750, 751, 752, 753, 754, 755, 756, 757, 758, 759, 760, 761, 762, 763, 764, 765, 766, 767, 768, 769, 770, 771, 772, 773, 774, 775, 776, 777, 778, 779, 780, 781, 782, 783, 784, 785, 786, 787, 788, 789, 790, 791, 792, 793]","[49, 87, 107, 198, 255, 293, 297, 316, 331, 528, 558, 578, 669, 708, 752, 756, 774, 788]","[19, 180, 181, 233, 255, 331, 341, 351, 449, 454, 503, 651, 652, 697, 708, 788, 797, 806, 857, 897, 901]","[331, 788]","[4, 31, 59, 79, 80, 81, 82, 135, 142, 147, 180, 218, 229, 232, 264, 269, 299, 318, 320, 331, 338, 352, 367, 382, 387, 403, 405, 408, 410, 455, 463, 465, 466, 468, 470, 472, 473, 483, 484, 490, 514, 535, 551, 552, 553, 606, 613, 618, 651, 686, 693, 696, 724, 728, 758, 776, 778, 788, 794, 807, 832, 837, 852, 854, 858, 860, 861, 902, 910, 912, 913, 915, 917, 919, 920, 931, 934, 935]",[],7/6 successful match,True,[772],True,346,False,,1.0,True,Western States Oil Cardlock ( Pac Pride ),
F San Jose ( 95112 ) Western States Oil Cardlock ( Pac Pride ),408-292-1041 I-280 Exit 1 ( 10th St ),<U+2610><U+2610> <U+2610> <U+25A1> <U+2610>,San Jose,95112,Western States Oil Cardlock ( Pac Pride ),408-292-1041,2016,San Jose,CA,,( 10th St ),I-280 Exit 1 ,Exit,1,False,,False,I-280,,,,,"[331, 788]","[331, 788]","[49, 87, 107, 198, 255, 293, 297, 316, 331, 528, 558, 578, 669, 708, 752, 756, 774, 788]","[19, 180, 181, 233, 255, 331, 341, 351, 449, 454, 503, 651, 652, 697, 708, 788, 797, 806, 857, 897, 901]","[103, 104, 105, 106, 107, 108, 109, 110, 111, 112, 113, 114, 115, 116, 117, 118, 119, 120, 121, 122, 123, 124, 125, 126, 127, 128, 129, 130, 131, 132, 133, 134, 135, 136, 137, 138, 139, 140, 141, 142, 143, 144, 145, 146, 147, 148, 149, 150, 151, 152, 153, 154, 155, 156, 157, 158, 159, 160, 161, 162, 163, 164, 165, 166, 167, 168, 169, 170, 171, 172, 173, 174, 175, 176, 177, 178, 179, 180, 181, 182, 183, 184, 185, 186, 187, 188, 189, 190, 191, 192, 193, 194, 195, 196, 197, 198, 199, 200, 201, 202, 203, 204, 205, 206, 207, 208, 209, 210, 211, 212, 213, 214, 215, 216, 217, 218, 219, 220, 221, 222, 223, 224, 225, 226, 227, 228, 229, 230, 231, 232, 233, 234, 235, 236, 237, 238, 239, 240, 241, 242, 243, 244, 245, 246, 247, 248, 249, 250, 251, 252, 253, 254, 255, 256, 257, 258, 259, 260, 261, 262, 263, 264, 265, 266, 267, 268, 269, 270, 271, 272, 273, 274, 275, 276, 277, 278, 279, 280, 281, 282, 283, 284, 285, 286, 287, 288, 289, 290, 291, 292, 293, 294, 295, 296, 297, 298, 299, 300, 301, 302, 303, 304, 305, 306, 307, 308, 309, 310, 311, 312, 313, 314, 315, 316, 317, 318, 319, 320, 321, 322, 323, 324, 325, 326, 327, 328, 329, 330, 331, 332, 333, 334, 335, 336, 337, 574, 575, 576, 577, 578, 579, 580, 581, 582, 583, 584, 585, 586, 587, 588, 589, 590, 591, 592, 593, 594, 595, 596, 597, 598, 599, 600, 601, 602, 603, 604, 605, 606, 607, 608, 609, 610, 611, 612, 613, 614, 615, 616, 617, 618, 619, 620, 621, 622, 623, 624, 625, 626, 627, 628, 629, 630, 631, 632, 633, 634, 635, 636, 637, 638, 639, 640, 641, 642, 643, 644, 645, 646, 647, 648, 649, 650, 651, 652, 653, 654, 655, 656, 657, 658, 659, 660, 661, 662, 663, 664, 665, 666, 667, 668, 669, 670, 671, 672, 673, 674, 675, 676, 677, 678, 679, 680, 681, 682, 683, 684, 685, 686, 687, 688, 689, 690, 691, 692, 693, 694, 695, 696, 697, 698, 699, 700, 701, 702, 703, 704, 705, 706, 707, 708, 709, 710, 711, 712, 713, 714, 715, 716, 717, 718, 719, 720, 721, 722, 723, 724, 725, 726, 727, 728, 729, 730, 731, 732, 733, 734, 735, 736, 737, 738, 739, 740, 741, 742, 743, 744, 745, 746, 747, 748, 749, 750, 751, 752, 753, 754, 755, 756, 757, 758, 759, 760, 761, 762, 763, 764, 765, 766, 767, 768, 769, 770, 771, 772, 773, 774, 775, 776, 777, 778, 779, 780, 781, 782, 783, 784, 785, 786, 787, 788, 789, 790, 791, 792, 793]","[331, 788]",[],"[4, 31, 59, 79, 80, 81, 82, 135, 142, 147, 180, 218, 229, 232, 264, 269, 299, 318, 320, 331, 338, 352, 367, 382, 387, 403, 405, 408, 410, 455, 463, 465, 466, 468, 470, 472, 473, 483, 484, 490, 514, 535, 551, 552, 553, 606, 613, 618, 651, 686, 693, 696, 724, 728, 758, 776, 778, 788, 794, 807, 832, 837, 852, 854, 858, 860, 861, 902, 910, 912, 913, 915, 917, 919, 920, 931, 934, 935]","[4, 19, 31, 49, 59, 79, 80, 81, 82, 87, 103, 104, 105, 106, 107, 108, 109, 110, 111, 112, 113, 114, 115, 116, 117, 118, 119, 120, 121, 122, 123, 124, 125, 126, 127, 128, 129, 130, 131, 132, 133, 134, 135, 136, 137, 138, 139, 140, 141, 142, 143, 144, 145, 146, 147, 148, 149, 150, 151, 152, 153, 154, 155, 156, 157, 158, 159, 160, 161, 162, 163, 164, 165, 166, 167, 168, 169, 170, 171, 172, 173, 174, 175, 176, 177, 178, 179, 180, 181, 182, 183, 184, 185, 186, 187, 188, 189, 190, 191, 192, 193, 194, 195, 196, 197, 198, 199, 200, 201, 202, 203, 204, 205, 206, 207, 208, 209, 210, 211, 212, 213, 214, 215, 216, 217, 218, 219, 220, 221, 222, 223, 224, 225, 226, 227, 228, 229, 230, 231, 232, 233, 234, 235, 236, 237, 238, 239, 240, 241, 242, 243, 244, 245, 246, 247, 248, 249, 250, 251, 252, 253, 254, 255, 256, 257, 258, 259, 260, 261, 262, 263, 264, 265, 266, 267, 268, 269, 270, 271, 272, 273, 274, 275, 276, 277, 278, 279, 280, 281, 282, 283, 284, 285, 286, 287, 288, 289, 290, 291, 292, 293, 294, 295, 296, 297, 298, 299, 300, 301, 302, 303, 304, 305, 306, 307, 308, 309, 310, 311, 312, 313, 314, 315, 316, 317, 318, 319, 320, 321, 322, 323, 324, 325, 326, 327, 328, 329, 330, 331, 332, 333, 334, 335, 336, 337, 338, 341, 351, 352, 367, 382, 387, 403, 405, 408, 410, 449, 454, 455, 463, 465, 466, 468, 470, 472, 473, 483, 484, 490, 503, 514, 528, 535, 551, 552, 553, 558, 574, 575, 576, 577, 578, 579, 580, 581, 582, 583, 584, 585, 586, 587, 588, 589, 590, 591, 592, 593, 594, 595, 596, 597, 598, 599, 600, 601, 602, 603, 604, 605, 606, 607, 608, 609, 610, 611, 612, 613, 614, 615, 616, 617, 618, 619, 620, 621, 622, 623, 624, 625, 626, 627, 628, 629, 630, 631, 632, 633, 634, 635, 636, 637, 638, 639, 640, 641, 642, 643, 644, 645, 646, 647, 648, 649, 650, 651, 652, 653, 654, 655, 656, 657, 658, 659, 660, 661, 662, 663, 664, 665, 666, 667, 668, 669, 670, 671, 672, 673, 674, 675, 676, 677, 678, 679, 680, 681, 682, 683, 684, 685, 686, 687, 688, 689, 690, 691, 692, 693, 694, 695, 696, 697, 698, 699, 700, 701, 702, 703, 704, 705, 706, 707, 708, 709, 710, 711, 712, 713, 714, 715, 716, 717, 718, 719, 720, 721, 722, 723, 724, 725, 726, 727, 728, 729, 730, 731, 732, 733, 734, 735, 736, 737, 738, 739, 740, 741, 742, 743, 744, 745, 746, 747, 748, 749, 750, 751, 752, 753, 754, 755, 756, 757, 758, 759, 760, 761, 762, 763, 764, 765, 766, 767, 768, 769, 770, 771, 772, 773, 774, 775, 776, 777, 778, 779, 780, 781, 782, 783, 784, 785, 786, 787, 788, 789, 790, 791, 792, 793, 794, 797, 806, 807, 832, 837, 852, 854, 857, 858, 860, 861, 897, 901, 902, 910, 912, 913, 915, 917, 919, 920, 931, 934, 935]",True,"[331, 788]","[103, 104, 105, 106, 107, 108, 109, 110, 111, 112, 113, 114, 115, 116, 117, 118, 119, 120, 121, 122, 123, 124, 125, 126, 127, 128, 129, 130, 131, 132, 133, 134, 135, 136, 137, 138, 139, 140, 141, 142, 143, 144, 145, 146, 147, 148, 149, 150, 151, 152, 153, 154, 155, 156, 157, 158, 159, 160, 161, 162, 163, 164, 165, 166, 167, 168, 169, 170, 171, 172, 173, 174, 175, 176, 177, 178, 179, 180, 181, 182, 183, 184, 185, 186, 187, 188, 189, 190, 191, 192, 193, 194, 195, 196, 197, 198, 199, 200, 201, 202, 203, 204, 205, 206, 207, 208, 209, 210, 211, 212, 213, 214, 215, 216, 217, 218, 219, 220, 221, 222, 223, 224, 225, 226, 227, 228, 229, 230, 231, 232, 233, 234, 235, 236, 237, 238, 239, 240, 241, 242, 243, 244, 245, 246, 247, 248, 249, 250, 251, 252, 253, 254, 255, 256, 257, 258, 259, 260, 261, 262, 263, 264, 265, 266, 267, 268, 269, 270, 271, 272, 273, 274, 275, 276, 277, 278, 279, 280, 281, 282, 283, 284, 285, 286, 287, 288, 289, 290, 291, 292, 293, 294, 295, 296, 297, 298, 299, 300, 301, 302, 303, 304, 305, 306, 307, 308, 309, 310, 311, 312, 313, 314, 315, 316, 317, 318, 319, 320, 321, 322, 323, 324, 325, 326, 327, 328, 329, 330, 331, 332, 333, 334, 335, 336, 337, 574, 575, 576, 577, 578, 579, 580, 581, 582, 583, 584, 585, 586, 587, 588, 589, 590, 591, 592, 593, 594, 595, 596, 597, 598, 599, 600, 601, 602, 603, 604, 605, 606, 607, 608, 609, 610, 611, 612, 613, 614, 615, 616, 617, 618, 619, 620, 621, 622, 623, 624, 625, 626, 627, 628, 629, 630, 631, 632, 633, 634, 635, 636, 637, 638, 639, 640, 641, 642, 643, 644, 645, 646, 647, 648, 649, 650, 651, 652, 653, 654, 655, 656, 657, 658, 659, 660, 661, 662, 663, 664, 665, 666, 667, 668, 669, 670, 671, 672, 673, 674, 675, 676, 677, 678, 679, 680, 681, 682, 683, 684, 685, 686, 687, 688, 689, 690, 691, 692, 693, 694, 695, 696, 697, 698, 699, 700, 701, 702, 703, 704, 705, 706, 707, 708, 709, 710, 711, 712, 713, 714, 715, 716, 717, 718, 719, 720, 721, 722, 723, 724, 725, 726, 727, 728, 729, 730, 731, 732, 733, 734, 735, 736, 737, 738, 739, 740, 741, 742, 743, 744, 745, 746, 747, 748, 749, 750, 751, 752, 753, 754, 755, 756, 757, 758, 759, 760, 761, 762, 763, 764, 765, 766, 767, 768, 769, 770, 771, 772, 773, 774, 775, 776, 777, 778, 779, 780, 781, 782, 783, 784, 785, 786, 787, 788, 789, 790, 791, 792, 793]","[49, 87, 107, 198, 255, 293, 297, 316, 331, 528, 558, 578, 669, 708, 752, 756, 774, 788]","[19, 180, 181, 233, 255, 331, 341, 351, 449, 454, 503, 651, 652, 697, 708, 788, 797, 806, 857, 897, 901]","[331, 788]","[4, 31, 59, 79, 80, 81, 82, 135, 142, 147, 180, 218, 229, 232, 264, 269, 299, 318, 320, 331, 338, 352, 367, 382, 387, 403, 405, 408, 410, 455, 463, 465, 466, 468, 470, 472, 473, 483, 484, 490, 514, 535, 551, 552, 553, 606, 613, 618, 651, 686, 693, 696, 724, 728, 758, 776, 778, 788, 794, 807, 832, 837, 852, 854, 858, 860, 861, 902, 910, 912, 913, 915, 917, 919, 920, 931, 934, 935]",[],7/6 successful match,True,[772],True,346,False,,1.0,True,Western States Oil Cardlock ( Pac Pride ),
"Stockton , 95205 Vanco Truck & Auto Plaza ( 76 )",209-466-0833 I-5 Exit 471 ( CA 4 W ),HRS 24 HRS <U+2610>,Stockton,95205,Vanco Truck & Auto Plaza ( 76 ),209-466-0833,2006,Stockton,CA,,( CA 4 W ),I-5 Exit 471 ,Exit,471,False,,False,I-5,,,,,"[785, 327]",[],"[114, 150, 327, 585, 621, 785]","[327, 785]","[103, 104, 105, 106, 107, 108, 109, 110, 111, 112, 113, 114, 115, 116, 117, 118, 119, 120, 121, 122, 123, 124, 125, 126, 127, 128, 129, 130, 131, 132, 133, 134, 135, 136, 137, 138, 139, 140, 141, 142, 143, 144, 145, 146, 147, 148, 149, 150, 151, 152, 153, 154, 155, 156, 157, 158, 159, 160, 161, 162, 163, 164, 165, 166, 167, 168, 169, 170, 171, 172, 173, 174, 175, 176, 177, 178, 179, 180, 181, 182, 183, 184, 185, 186, 187, 188, 189, 190, 191, 192, 193, 194, 195, 196, 197, 198, 199, 200, 201, 202, 203, 204, 205, 206, 207, 208, 209, 210, 211, 212, 213, 214, 215, 216, 217, 218, 219, 220, 221, 222, 223, 224, 225, 226, 227, 228, 229, 230, 231, 232, 233, 234, 235, 236, 237, 238, 239, 240, 241, 242, 243, 244, 245, 246, 247, 248, 249, 250, 251, 252, 253, 254, 255, 256, 257, 258, 259, 260, 261, 262, 263, 264, 265, 266, 267, 268, 269, 270, 271, 272, 273, 274, 275, 276, 277, 278, 279, 280, 281, 282, 283, 284, 285, 286, 287, 288, 289, 290, 291, 292, 293, 294, 295, 296, 297, 298, 299, 300, 301, 302, 303, 304, 305, 306, 307, 308, 309, 310, 311, 312, 313, 314, 315, 316, 317, 318, 319, 320, 321, 322, 323, 324, 325, 326, 327, 328, 329, 330, 331, 332, 333, 334, 335, 336, 337, 574, 575, 576, 577, 578, 579, 580, 581, 582, 583, 584, 585, 586, 587, 588, 589, 590, 591, 592, 593, 594, 595, 596, 597, 598, 599, 600, 601, 602, 603, 604, 605, 606, 607, 608, 609, 610, 611, 612, 613, 614, 615, 616, 617, 618, 619, 620, 621, 622, 623, 624, 625, 626, 627, 628, 629, 630, 631, 632, 633, 634, 635, 636, 637, 638, 639, 640, 641, 642, 643, 644, 645, 646, 647, 648, 649, 650, 651, 652, 653, 654, 655, 656, 657, 658, 659, 660, 661, 662, 663, 664, 665, 666, 667, 668, 669, 670, 671, 672, 673, 674, 675, 676, 677, 678, 679, 680, 681, 682, 683, 684, 685, 686, 687, 688, 689, 690, 691, 692, 693, 694, 695, 696, 697, 698, 699, 700, 701, 702, 703, 704, 705, 706, 707, 708, 709, 710, 711, 712, 713, 714, 715, 716, 717, 718, 719, 720, 721, 722, 723, 724, 725, 726, 727, 728, 729, 730, 731, 732, 733, 734, 735, 736, 737, 738, 739, 740, 741, 742, 743, 744, 745, 746, 747, 748, 749, 750, 751, 752, 753, 754, 755, 756, 757, 758, 759, 760, 761, 762, 763, 764, 765, 766, 767, 768, 769, 770, 771, 772, 773, 774, 775, 776, 777, 778, 779, 780, 781, 782, 783, 784, 785, 786, 787, 788, 789, 790, 791, 792, 793]","[105, 114, 138, 141, 152, 153, 154, 155, 157, 159, 164, 165, 176, 182, 191, 192, 194, 195, 196, 200, 204, 208, 209, 210, 211, 215, 226, 228, 241, 242, 243, 245, 248, 249, 250, 257, 261, 270, 271, 282, 287, 289, 291, 294, 296, 298, 306, 308, 309, 311, 314, 327, 333, 335, 337, 576, 585, 609, 612, 623, 624, 626, 627, 629, 631, 636, 637, 647, 653, 662, 663, 665, 666, 667, 671, 674, 678, 679, 680, 681, 690, 692, 705, 706, 707, 709, 711, 712, 713, 719, 721, 729, 730, 741, 746, 748, 750, 753, 755, 757, 764, 766, 767, 769, 772, 785, 791]",[],"[84, 87, 89, 114, 115, 117, 124, 132, 135, 144, 152, 178, 239, 268, 281, 297, 318, 320, 327, 348, 394, 555, 558, 560, 585, 586, 588, 595, 603, 606, 615, 623, 649, 703, 727, 740, 756, 776, 778, 785, 803, 844]","[84, 87, 89, 103, 104, 105, 106, 107, 108, 109, 110, 111, 112, 113, 114, 115, 116, 117, 118, 119, 120, 121, 122, 123, 124, 125, 126, 127, 128, 129, 130, 131, 132, 133, 134, 135, 136, 137, 138, 139, 140, 141, 142, 143, 144, 145, 146, 147, 148, 149, 150, 151, 152, 153, 154, 155, 156, 157, 158, 159, 160, 161, 162, 163, 164, 165, 166, 167, 168, 169, 170, 171, 172, 173, 174, 175, 176, 177, 178, 179, 180, 181, 182, 183, 184, 185, 186, 187, 188, 189, 190, 191, 192, 193, 194, 195, 196, 197, 198, 199, 200, 201, 202, 203, 204, 205, 206, 207, 208, 209, 210, 211, 212, 213, 214, 215, 216, 217, 218, 219, 220, 221, 222, 223, 224, 225, 226, 227, 228, 229, 230, 231, 232, 233, 234, 235, 236, 237, 238, 239, 240, 241, 242, 243, 244, 245, 246, 247, 248, 249, 250, 251, 252, 253, 254, 255, 256, 257, 258, 259, 260, 261, 262, 263, 264, 265, 266, 267, 268, 269, 270, 271, 272, 273, 274, 275, 276, 277, 278, 279, 280, 281, 282, 283, 284, 285, 286, 287, 288, 289, 290, 291, 292, 293, 294, 295, 296, 297, 298, 299, 300, 301, 302, 303, 304, 305, 306, 307, 308, 309, 310, 311, 312, 313, 314, 315, 316, 317, 318, 319, 320, 321, 322, 323, 324, 325, 326, 327, 328, 329, 330, 331, 332, 333, 334, 335, 336, 337, 348, 394, 555, 558, 560, 574, 575, 576, 577, 578, 579, 580, 581, 582, 583, 584, 585, 586, 587, 588, 589, 590, 591, 592, 593, 594, 595, 596, 597, 598, 599, 600, 601, 602, 603, 604, 605, 606, 607, 608, 609, 610, 611, 612, 613, 614, 615, 616, 617, 618, 619, 620, 621, 622, 623, 624, 625, 626, 627, 628, 629, 630, 631, 632, 633, 634, 635, 636, 637, 638, 639, 640, 641, 642, 643, 644, 645, 646, 647, 648, 649, 650, 651, 652, 653, 654, 655, 656, 657, 658, 659, 660, 661, 662, 663, 664, 665, 666, 667, 668, 669, 670, 671, 672, 673, 674, 675, 676, 677, 678, 679, 680, 681, 682, 683, 684, 685, 686, 687, 688, 689, 690, 691, 692, 693, 694, 695, 696, 697, 698, 699, 700, 701, 702, 703, 704, 705, 706, 707, 708, 709, 710, 711, 712, 713, 714, 715, 716, 717, 718, 719, 720, 721, 722, 723, 724, 725, 726, 727, 728, 729, 730, 731, 732, 733, 734, 735, 736, 737, 738, 739, 740, 741, 742, 743, 744, 745, 746, 747, 748, 749, 750, 751, 752, 753, 754, 755, 756, 757, 758, 759, 760, 761, 762, 763, 764, 765, 766, 767, 768, 769, 770, 771, 772, 773, 774, 775, 776, 777, 778, 779, 780, 781, 782, 783, 784, 785, 786, 787, 788, 789, 790, 791, 792, 793, 803, 844]",True,[],"[103, 104, 105, 106, 107, 108, 109, 110, 111, 112, 113, 114, 115, 116, 117, 118, 119, 120, 121, 122, 123, 124, 125, 126, 127, 128, 129, 130, 131, 132, 133, 134, 135, 136, 137, 138, 139, 140, 141, 142, 143, 144, 145, 146, 147, 148, 149, 150, 151, 152, 153, 154, 155, 156, 157, 158, 159, 160, 161, 162, 163, 164, 165, 166, 167, 168, 169, 170, 171, 172, 173, 174, 175, 176, 177, 178, 179, 180, 181, 182, 183, 184, 185, 186, 187, 188, 189, 190, 191, 192, 193, 194, 195, 196, 197, 198, 199, 200, 201, 202, 203, 204, 205, 206, 207, 208, 209, 210, 211, 212, 213, 214, 215, 216, 217, 218, 219, 220, 221, 222, 223, 224, 225, 226, 227, 228, 229, 230, 231, 232, 233, 234, 235, 236, 237, 238, 239, 240, 241, 242, 243, 244, 245, 246, 247, 248, 249, 250, 251, 252, 253, 254, 255, 256, 257, 258, 259, 260, 261, 262, 263, 264, 265, 266, 267, 268, 269, 270, 271, 272, 273, 274, 275, 276, 277, 278, 279, 280, 281, 282, 283, 284, 285, 286, 287, 288, 289, 290, 291, 292, 293, 294, 295, 296, 297, 298, 299, 300, 301, 302, 303, 304, 305, 306, 307, 308, 309, 310, 311, 312, 313, 314, 315, 316, 317, 318, 319, 320, 321, 322, 323, 324, 325, 326, 327, 328, 329, 330, 331, 332, 333, 334, 335, 336, 337, 574, 575, 576, 577, 578, 579, 580, 581, 582, 583, 584, 585, 586, 587, 588, 589, 590, 591, 592, 593, 594, 595, 596, 597, 598, 599, 600, 601, 602, 603, 604, 605, 606, 607, 608, 609, 610, 611, 612, 613, 614, 615, 616, 617, 618, 619, 620, 621, 622, 623, 624, 625, 626, 627, 628, 629, 630, 631, 632, 633, 634, 635, 636, 637, 638, 639, 640, 641, 642, 643, 644, 645, 646, 647, 648, 649, 650, 651, 652, 653, 654, 655, 656, 657, 658, 659, 660, 661, 662, 663, 664, 665, 666, 667, 668, 669, 670, 671, 672, 673, 674, 675, 676, 677, 678, 679, 680, 681, 682, 683, 684, 685, 686, 687, 688, 689, 690, 691, 692, 693, 694, 695, 696, 697, 698, 699, 700, 701, 702, 703, 704, 705, 706, 707, 708, 709, 710, 711, 712, 713, 714, 715, 716, 717, 718, 719, 720, 721, 722, 723, 724, 725, 726, 727, 728, 729, 730, 731, 732, 733, 734, 735, 736, 737, 738, 739, 740, 741, 742, 743, 744, 745, 746, 747, 748, 749, 750, 751, 752, 753, 754, 755, 756, 757, 758, 759, 760, 761, 762, 763, 764, 765, 766, 767, 768, 769, 770, 771, 772, 773, 774, 775, 776, 777, 778, 779, 780, 781, 782, 783, 784, 785, 786, 787, 788, 789, 790, 791, 792, 793]","[114, 150, 327, 585, 621, 785]","[327, 785]","[105, 114, 138, 141, 152, 153, 154, 155, 157, 159, 164, 165, 176, 182, 191, 192, 194, 195, 196, 200, 204, 208, 209, 210, 211, 215, 226, 228, 241, 242, 243, 245, 248, 249, 250, 257, 261, 270, 271, 282, 287, 289, 291, 294, 296, 298, 306, 308, 309, 311, 314, 327, 333, 335, 337, 576, 585, 609, 612, 623, 624, 626, 627, 629, 631, 636, 637, 647, 653, 662, 663, 665, 666, 667, 671, 674, 678, 679, 680, 681, 690, 692, 705, 706, 707, 709, 711, 712, 713, 719, 721, 729, 730, 741, 746, 748, 750, 753, 755, 757, 764, 766, 767, 769, 772, 785, 791]","[84, 87, 89, 114, 115, 117, 124, 132, 135, 144, 152, 178, 239, 268, 281, 297, 318, 320, 327, 348, 394, 555, 558, 560, 585, 586, 588, 595, 603, 606, 615, 623, 649, 703, 727, 740, 756, 776, 778, 785, 803, 844]",[],7/6 successful match,True,"[84, 85]",True,347,False,,,,,
"Stockton , 95205 Vanco Truck & Auto Plaza ( 76 )",209-466-0833 I-5 Exit 471 ( CA 4 W ),48,Stockton,95205,Vanco Truck & Auto Plaza ( 76 ),209-466-0833,2007,Stockton,CA,,( CA 4 W ),I-5 Exit 471 ,Exit,471,False,,False,I-5,,,,,"[785, 327]",[],"[114, 150, 327, 585, 621, 785]","[327, 785]","[103, 104, 105, 106, 107, 108, 109, 110, 111, 112, 113, 114, 115, 116, 117, 118, 119, 120, 121, 122, 123, 124, 125, 126, 127, 128, 129, 130, 131, 132, 133, 134, 135, 136, 137, 138, 139, 140, 141, 142, 143, 144, 145, 146, 147, 148, 149, 150, 151, 152, 153, 154, 155, 156, 157, 158, 159, 160, 161, 162, 163, 164, 165, 166, 167, 168, 169, 170, 171, 172, 173, 174, 175, 176, 177, 178, 179, 180, 181, 182, 183, 184, 185, 186, 187, 188, 189, 190, 191, 192, 193, 194, 195, 196, 197, 198, 199, 200, 201, 202, 203, 204, 205, 206, 207, 208, 209, 210, 211, 212, 213, 214, 215, 216, 217, 218, 219, 220, 221, 222, 223, 224, 225, 226, 227, 228, 229, 230, 231, 232, 233, 234, 235, 236, 237, 238, 239, 240, 241, 242, 243, 244, 245, 246, 247, 248, 249, 250, 251, 252, 253, 254, 255, 256, 257, 258, 259, 260, 261, 262, 263, 264, 265, 266, 267, 268, 269, 270, 271, 272, 273, 274, 275, 276, 277, 278, 279, 280, 281, 282, 283, 284, 285, 286, 287, 288, 289, 290, 291, 292, 293, 294, 295, 296, 297, 298, 299, 300, 301, 302, 303, 304, 305, 306, 307, 308, 309, 310, 311, 312, 313, 314, 315, 316, 317, 318, 319, 320, 321, 322, 323, 324, 325, 326, 327, 328, 329, 330, 331, 332, 333, 334, 335, 336, 337, 574, 575, 576, 577, 578, 579, 580, 581, 582, 583, 584, 585, 586, 587, 588, 589, 590, 591, 592, 593, 594, 595, 596, 597, 598, 599, 600, 601, 602, 603, 604, 605, 606, 607, 608, 609, 610, 611, 612, 613, 614, 615, 616, 617, 618, 619, 620, 621, 622, 623, 624, 625, 626, 627, 628, 629, 630, 631, 632, 633, 634, 635, 636, 637, 638, 639, 640, 641, 642, 643, 644, 645, 646, 647, 648, 649, 650, 651, 652, 653, 654, 655, 656, 657, 658, 659, 660, 661, 662, 663, 664, 665, 666, 667, 668, 669, 670, 671, 672, 673, 674, 675, 676, 677, 678, 679, 680, 681, 682, 683, 684, 685, 686, 687, 688, 689, 690, 691, 692, 693, 694, 695, 696, 697, 698, 699, 700, 701, 702, 703, 704, 705, 706, 707, 708, 709, 710, 711, 712, 713, 714, 715, 716, 717, 718, 719, 720, 721, 722, 723, 724, 725, 726, 727, 728, 729, 730, 731, 732, 733, 734, 735, 736, 737, 738, 739, 740, 741, 742, 743, 744, 745, 746, 747, 748, 749, 750, 751, 752, 753, 754, 755, 756, 757, 758, 759, 760, 761, 762, 763, 764, 765, 766, 767, 768, 769, 770, 771, 772, 773, 774, 775, 776, 777, 778, 779, 780, 781, 782, 783, 784, 785, 786, 787, 788, 789, 790, 791, 792, 793]","[105, 114, 138, 141, 152, 153, 154, 155, 157, 159, 164, 165, 176, 182, 191, 192, 194, 195, 196, 200, 204, 208, 209, 210, 211, 215, 226, 228, 241, 242, 243, 245, 248, 249, 250, 257, 261, 270, 271, 282, 287, 289, 291, 294, 296, 298, 306, 308, 309, 311, 314, 327, 333, 335, 337, 576, 585, 609, 612, 623, 624, 626, 627, 629, 631, 636, 637, 647, 653, 662, 663, 665, 666, 667, 671, 674, 678, 679, 680, 681, 690, 692, 705, 706, 707, 709, 711, 712, 713, 719, 721, 729, 730, 741, 746, 748, 750, 753, 755, 757, 764, 766, 767, 769, 772, 785, 791]",[],"[84, 87, 89, 114, 115, 117, 124, 132, 135, 144, 152, 178, 239, 268, 281, 297, 318, 320, 327, 348, 394, 555, 558, 560, 585, 586, 588, 595, 603, 606, 615, 623, 649, 703, 727, 740, 756, 776, 778, 785, 803, 844]","[84, 87, 89, 103, 104, 105, 106, 107, 108, 109, 110, 111, 112, 113, 114, 115, 116, 117, 118, 119, 120, 121, 122, 123, 124, 125, 126, 127, 128, 129, 130, 131, 132, 133, 134, 135, 136, 137, 138, 139, 140, 141, 142, 143, 144, 145, 146, 147, 148, 149, 150, 151, 152, 153, 154, 155, 156, 157, 158, 159, 160, 161, 162, 163, 164, 165, 166, 167, 168, 169, 170, 171, 172, 173, 174, 175, 176, 177, 178, 179, 180, 181, 182, 183, 184, 185, 186, 187, 188, 189, 190, 191, 192, 193, 194, 195, 196, 197, 198, 199, 200, 201, 202, 203, 204, 205, 206, 207, 208, 209, 210, 211, 212, 213, 214, 215, 216, 217, 218, 219, 220, 221, 222, 223, 224, 225, 226, 227, 228, 229, 230, 231, 232, 233, 234, 235, 236, 237, 238, 239, 240, 241, 242, 243, 244, 245, 246, 247, 248, 249, 250, 251, 252, 253, 254, 255, 256, 257, 258, 259, 260, 261, 262, 263, 264, 265, 266, 267, 268, 269, 270, 271, 272, 273, 274, 275, 276, 277, 278, 279, 280, 281, 282, 283, 284, 285, 286, 287, 288, 289, 290, 291, 292, 293, 294, 295, 296, 297, 298, 299, 300, 301, 302, 303, 304, 305, 306, 307, 308, 309, 310, 311, 312, 313, 314, 315, 316, 317, 318, 319, 320, 321, 322, 323, 324, 325, 326, 327, 328, 329, 330, 331, 332, 333, 334, 335, 336, 337, 348, 394, 555, 558, 560, 574, 575, 576, 577, 578, 579, 580, 581, 582, 583, 584, 585, 586, 587, 588, 589, 590, 591, 592, 593, 594, 595, 596, 597, 598, 599, 600, 601, 602, 603, 604, 605, 606, 607, 608, 609, 610, 611, 612, 613, 614, 615, 616, 617, 618, 619, 620, 621, 622, 623, 624, 625, 626, 627, 628, 629, 630, 631, 632, 633, 634, 635, 636, 637, 638, 639, 640, 641, 642, 643, 644, 645, 646, 647, 648, 649, 650, 651, 652, 653, 654, 655, 656, 657, 658, 659, 660, 661, 662, 663, 664, 665, 666, 667, 668, 669, 670, 671, 672, 673, 674, 675, 676, 677, 678, 679, 680, 681, 682, 683, 684, 685, 686, 687, 688, 689, 690, 691, 692, 693, 694, 695, 696, 697, 698, 699, 700, 701, 702, 703, 704, 705, 706, 707, 708, 709, 710, 711, 712, 713, 714, 715, 716, 717, 718, 719, 720, 721, 722, 723, 724, 725, 726, 727, 728, 729, 730, 731, 732, 733, 734, 735, 736, 737, 738, 739, 740, 741, 742, 743, 744, 745, 746, 747, 748, 749, 750, 751, 752, 753, 754, 755, 756, 757, 758, 759, 760, 761, 762, 763, 764, 765, 766, 767, 768, 769, 770, 771, 772, 773, 774, 775, 776, 777, 778, 779, 780, 781, 782, 783, 784, 785, 786, 787, 788, 789, 790, 791, 792, 793, 803, 844]",True,[],"[103, 104, 105, 106, 107, 108, 109, 110, 111, 112, 113, 114, 115, 116, 117, 118, 119, 120, 121, 122, 123, 124, 125, 126, 127, 128, 129, 130, 131, 132, 133, 134, 135, 136, 137, 138, 139, 140, 141, 142, 143, 144, 145, 146, 147, 148, 149, 150, 151, 152, 153, 154, 155, 156, 157, 158, 159, 160, 161, 162, 163, 164, 165, 166, 167, 168, 169, 170, 171, 172, 173, 174, 175, 176, 177, 178, 179, 180, 181, 182, 183, 184, 185, 186, 187, 188, 189, 190, 191, 192, 193, 194, 195, 196, 197, 198, 199, 200, 201, 202, 203, 204, 205, 206, 207, 208, 209, 210, 211, 212, 213, 214, 215, 216, 217, 218, 219, 220, 221, 222, 223, 224, 225, 226, 227, 228, 229, 230, 231, 232, 233, 234, 235, 236, 237, 238, 239, 240, 241, 242, 243, 244, 245, 246, 247, 248, 249, 250, 251, 252, 253, 254, 255, 256, 257, 258, 259, 260, 261, 262, 263, 264, 265, 266, 267, 268, 269, 270, 271, 272, 273, 274, 275, 276, 277, 278, 279, 280, 281, 282, 283, 284, 285, 286, 287, 288, 289, 290, 291, 292, 293, 294, 295, 296, 297, 298, 299, 300, 301, 302, 303, 304, 305, 306, 307, 308, 309, 310, 311, 312, 313, 314, 315, 316, 317, 318, 319, 320, 321, 322, 323, 324, 325, 326, 327, 328, 329, 330, 331, 332, 333, 334, 335, 336, 337, 574, 575, 576, 577, 578, 579, 580, 581, 582, 583, 584, 585, 586, 587, 588, 589, 590, 591, 592, 593, 594, 595, 596, 597, 598, 599, 600, 601, 602, 603, 604, 605, 606, 607, 608, 609, 610, 611, 612, 613, 614, 615, 616, 617, 618, 619, 620, 621, 622, 623, 624, 625, 626, 627, 628, 629, 630, 631, 632, 633, 634, 635, 636, 637, 638, 639, 640, 641, 642, 643, 644, 645, 646, 647, 648, 649, 650, 651, 652, 653, 654, 655, 656, 657, 658, 659, 660, 661, 662, 663, 664, 665, 666, 667, 668, 669, 670, 671, 672, 673, 674, 675, 676, 677, 678, 679, 680, 681, 682, 683, 684, 685, 686, 687, 688, 689, 690, 691, 692, 693, 694, 695, 696, 697, 698, 699, 700, 701, 702, 703, 704, 705, 706, 707, 708, 709, 710, 711, 712, 713, 714, 715, 716, 717, 718, 719, 720, 721, 722, 723, 724, 725, 726, 727, 728, 729, 730, 731, 732, 733, 734, 735, 736, 737, 738, 739, 740, 741, 742, 743, 744, 745, 746, 747, 748, 749, 750, 751, 752, 753, 754, 755, 756, 757, 758, 759, 760, 761, 762, 763, 764, 765, 766, 767, 768, 769, 770, 771, 772, 773, 774, 775, 776, 777, 778, 779, 780, 781, 782, 783, 784, 785, 786, 787, 788, 789, 790, 791, 792, 793]","[114, 150, 327, 585, 621, 785]","[327, 785]","[105, 114, 138, 141, 152, 153, 154, 155, 157, 159, 164, 165, 176, 182, 191, 192, 194, 195, 196, 200, 204, 208, 209, 210, 211, 215, 226, 228, 241, 242, 243, 245, 248, 249, 250, 257, 261, 270, 271, 282, 287, 289, 291, 294, 296, 298, 306, 308, 309, 311, 314, 327, 333, 335, 337, 576, 585, 609, 612, 623, 624, 626, 627, 629, 631, 636, 637, 647, 653, 662, 663, 665, 666, 667, 671, 674, 678, 679, 680, 681, 690, 692, 705, 706, 707, 709, 711, 712, 713, 719, 721, 729, 730, 741, 746, 748, 750, 753, 755, 757, 764, 766, 767, 769, 772, 785, 791]","[84, 87, 89, 114, 115, 117, 124, 132, 135, 144, 152, 178, 239, 268, 281, 297, 318, 320, 327, 348, 394, 555, 558, 560, 585, 586, 588, 595, 603, 606, 615, 623, 649, 703, 727, 740, 756, 776, 778, 785, 803, 844]",[],7/6 successful match,True,"[84, 85]",True,347,False,,1.0,True,Vanco Truck & Auto Plaza ( 76 ),
"E Stockton , 95205 Vanco Truck & Auto Plaza ( 76 )",2 209-466-0833 I-5 Exit 471 ( CA 4 W ),24 HRS M <U+2610> <U+2610>,Stockton,95205,Vanco Truck & Auto Plaza ( 76 ),209-466-0833,2008,Stockton,CA,,( CA 4 W ),I-5 Exit 471 ,Exit,471,False,,False,I-5,,,,,"[785, 327]",[],"[114, 150, 327, 585, 621, 785]","[327, 785]","[103, 104, 105, 106, 107, 108, 109, 110, 111, 112, 113, 114, 115, 116, 117, 118, 119, 120, 121, 122, 123, 124, 125, 126, 127, 128, 129, 130, 131, 132, 133, 134, 135, 136, 137, 138, 139, 140, 141, 142, 143, 144, 145, 146, 147, 148, 149, 150, 151, 152, 153, 154, 155, 156, 157, 158, 159, 160, 161, 162, 163, 164, 165, 166, 167, 168, 169, 170, 171, 172, 173, 174, 175, 176, 177, 178, 179, 180, 181, 182, 183, 184, 185, 186, 187, 188, 189, 190, 191, 192, 193, 194, 195, 196, 197, 198, 199, 200, 201, 202, 203, 204, 205, 206, 207, 208, 209, 210, 211, 212, 213, 214, 215, 216, 217, 218, 219, 220, 221, 222, 223, 224, 225, 226, 227, 228, 229, 230, 231, 232, 233, 234, 235, 236, 237, 238, 239, 240, 241, 242, 243, 244, 245, 246, 247, 248, 249, 250, 251, 252, 253, 254, 255, 256, 257, 258, 259, 260, 261, 262, 263, 264, 265, 266, 267, 268, 269, 270, 271, 272, 273, 274, 275, 276, 277, 278, 279, 280, 281, 282, 283, 284, 285, 286, 287, 288, 289, 290, 291, 292, 293, 294, 295, 296, 297, 298, 299, 300, 301, 302, 303, 304, 305, 306, 307, 308, 309, 310, 311, 312, 313, 314, 315, 316, 317, 318, 319, 320, 321, 322, 323, 324, 325, 326, 327, 328, 329, 330, 331, 332, 333, 334, 335, 336, 337, 574, 575, 576, 577, 578, 579, 580, 581, 582, 583, 584, 585, 586, 587, 588, 589, 590, 591, 592, 593, 594, 595, 596, 597, 598, 599, 600, 601, 602, 603, 604, 605, 606, 607, 608, 609, 610, 611, 612, 613, 614, 615, 616, 617, 618, 619, 620, 621, 622, 623, 624, 625, 626, 627, 628, 629, 630, 631, 632, 633, 634, 635, 636, 637, 638, 639, 640, 641, 642, 643, 644, 645, 646, 647, 648, 649, 650, 651, 652, 653, 654, 655, 656, 657, 658, 659, 660, 661, 662, 663, 664, 665, 666, 667, 668, 669, 670, 671, 672, 673, 674, 675, 676, 677, 678, 679, 680, 681, 682, 683, 684, 685, 686, 687, 688, 689, 690, 691, 692, 693, 694, 695, 696, 697, 698, 699, 700, 701, 702, 703, 704, 705, 706, 707, 708, 709, 710, 711, 712, 713, 714, 715, 716, 717, 718, 719, 720, 721, 722, 723, 724, 725, 726, 727, 728, 729, 730, 731, 732, 733, 734, 735, 736, 737, 738, 739, 740, 741, 742, 743, 744, 745, 746, 747, 748, 749, 750, 751, 752, 753, 754, 755, 756, 757, 758, 759, 760, 761, 762, 763, 764, 765, 766, 767, 768, 769, 770, 771, 772, 773, 774, 775, 776, 777, 778, 779, 780, 781, 782, 783, 784, 785, 786, 787, 788, 789, 790, 791, 792, 793]","[105, 114, 138, 141, 152, 153, 154, 155, 157, 159, 164, 165, 176, 182, 191, 192, 194, 195, 196, 200, 204, 208, 209, 210, 211, 215, 226, 228, 241, 242, 243, 245, 248, 249, 250, 257, 261, 270, 271, 282, 287, 289, 291, 294, 296, 298, 306, 308, 309, 311, 314, 327, 333, 335, 337, 576, 585, 609, 612, 623, 624, 626, 627, 629, 631, 636, 637, 647, 653, 662, 663, 665, 666, 667, 671, 674, 678, 679, 680, 681, 690, 692, 705, 706, 707, 709, 711, 712, 713, 719, 721, 729, 730, 741, 746, 748, 750, 753, 755, 757, 764, 766, 767, 769, 772, 785, 791]",[],"[84, 87, 89, 114, 115, 117, 124, 132, 135, 144, 152, 178, 239, 268, 281, 297, 318, 320, 327, 348, 394, 555, 558, 560, 585, 586, 588, 595, 603, 606, 615, 623, 649, 703, 727, 740, 756, 776, 778, 785, 803, 844]","[84, 87, 89, 103, 104, 105, 106, 107, 108, 109, 110, 111, 112, 113, 114, 115, 116, 117, 118, 119, 120, 121, 122, 123, 124, 125, 126, 127, 128, 129, 130, 131, 132, 133, 134, 135, 136, 137, 138, 139, 140, 141, 142, 143, 144, 145, 146, 147, 148, 149, 150, 151, 152, 153, 154, 155, 156, 157, 158, 159, 160, 161, 162, 163, 164, 165, 166, 167, 168, 169, 170, 171, 172, 173, 174, 175, 176, 177, 178, 179, 180, 181, 182, 183, 184, 185, 186, 187, 188, 189, 190, 191, 192, 193, 194, 195, 196, 197, 198, 199, 200, 201, 202, 203, 204, 205, 206, 207, 208, 209, 210, 211, 212, 213, 214, 215, 216, 217, 218, 219, 220, 221, 222, 223, 224, 225, 226, 227, 228, 229, 230, 231, 232, 233, 234, 235, 236, 237, 238, 239, 240, 241, 242, 243, 244, 245, 246, 247, 248, 249, 250, 251, 252, 253, 254, 255, 256, 257, 258, 259, 260, 261, 262, 263, 264, 265, 266, 267, 268, 269, 270, 271, 272, 273, 274, 275, 276, 277, 278, 279, 280, 281, 282, 283, 284, 285, 286, 287, 288, 289, 290, 291, 292, 293, 294, 295, 296, 297, 298, 299, 300, 301, 302, 303, 304, 305, 306, 307, 308, 309, 310, 311, 312, 313, 314, 315, 316, 317, 318, 319, 320, 321, 322, 323, 324, 325, 326, 327, 328, 329, 330, 331, 332, 333, 334, 335, 336, 337, 348, 394, 555, 558, 560, 574, 575, 576, 577, 578, 579, 580, 581, 582, 583, 584, 585, 586, 587, 588, 589, 590, 591, 592, 593, 594, 595, 596, 597, 598, 599, 600, 601, 602, 603, 604, 605, 606, 607, 608, 609, 610, 611, 612, 613, 614, 615, 616, 617, 618, 619, 620, 621, 622, 623, 624, 625, 626, 627, 628, 629, 630, 631, 632, 633, 634, 635, 636, 637, 638, 639, 640, 641, 642, 643, 644, 645, 646, 647, 648, 649, 650, 651, 652, 653, 654, 655, 656, 657, 658, 659, 660, 661, 662, 663, 664, 665, 666, 667, 668, 669, 670, 671, 672, 673, 674, 675, 676, 677, 678, 679, 680, 681, 682, 683, 684, 685, 686, 687, 688, 689, 690, 691, 692, 693, 694, 695, 696, 697, 698, 699, 700, 701, 702, 703, 704, 705, 706, 707, 708, 709, 710, 711, 712, 713, 714, 715, 716, 717, 718, 719, 720, 721, 722, 723, 724, 725, 726, 727, 728, 729, 730, 731, 732, 733, 734, 735, 736, 737, 738, 739, 740, 741, 742, 743, 744, 745, 746, 747, 748, 749, 750, 751, 752, 753, 754, 755, 756, 757, 758, 759, 760, 761, 762, 763, 764, 765, 766, 767, 768, 769, 770, 771, 772, 773, 774, 775, 776, 777, 778, 779, 780, 781, 782, 783, 784, 785, 786, 787, 788, 789, 790, 791, 792, 793, 803, 844]",True,[],"[103, 104, 105, 106, 107, 108, 109, 110, 111, 112, 113, 114, 115, 116, 117, 118, 119, 120, 121, 122, 123, 124, 125, 126, 127, 128, 129, 130, 131, 132, 133, 134, 135, 136, 137, 138, 139, 140, 141, 142, 143, 144, 145, 146, 147, 148, 149, 150, 151, 152, 153, 154, 155, 156, 157, 158, 159, 160, 161, 162, 163, 164, 165, 166, 167, 168, 169, 170, 171, 172, 173, 174, 175, 176, 177, 178, 179, 180, 181, 182, 183, 184, 185, 186, 187, 188, 189, 190, 191, 192, 193, 194, 195, 196, 197, 198, 199, 200, 201, 202, 203, 204, 205, 206, 207, 208, 209, 210, 211, 212, 213, 214, 215, 216, 217, 218, 219, 220, 221, 222, 223, 224, 225, 226, 227, 228, 229, 230, 231, 232, 233, 234, 235, 236, 237, 238, 239, 240, 241, 242, 243, 244, 245, 246, 247, 248, 249, 250, 251, 252, 253, 254, 255, 256, 257, 258, 259, 260, 261, 262, 263, 264, 265, 266, 267, 268, 269, 270, 271, 272, 273, 274, 275, 276, 277, 278, 279, 280, 281, 282, 283, 284, 285, 286, 287, 288, 289, 290, 291, 292, 293, 294, 295, 296, 297, 298, 299, 300, 301, 302, 303, 304, 305, 306, 307, 308, 309, 310, 311, 312, 313, 314, 315, 316, 317, 318, 319, 320, 321, 322, 323, 324, 325, 326, 327, 328, 329, 330, 331, 332, 333, 334, 335, 336, 337, 574, 575, 576, 577, 578, 579, 580, 581, 582, 583, 584, 585, 586, 587, 588, 589, 590, 591, 592, 593, 594, 595, 596, 597, 598, 599, 600, 601, 602, 603, 604, 605, 606, 607, 608, 609, 610, 611, 612, 613, 614, 615, 616, 617, 618, 619, 620, 621, 622, 623, 624, 625, 626, 627, 628, 629, 630, 631, 632, 633, 634, 635, 636, 637, 638, 639, 640, 641, 642, 643, 644, 645, 646, 647, 648, 649, 650, 651, 652, 653, 654, 655, 656, 657, 658, 659, 660, 661, 662, 663, 664, 665, 666, 667, 668, 669, 670, 671, 672, 673, 674, 675, 676, 677, 678, 679, 680, 681, 682, 683, 684, 685, 686, 687, 688, 689, 690, 691, 692, 693, 694, 695, 696, 697, 698, 699, 700, 701, 702, 703, 704, 705, 706, 707, 708, 709, 710, 711, 712, 713, 714, 715, 716, 717, 718, 719, 720, 721, 722, 723, 724, 725, 726, 727, 728, 729, 730, 731, 732, 733, 734, 735, 736, 737, 738, 739, 740, 741, 742, 743, 744, 745, 746, 747, 748, 749, 750, 751, 752, 753, 754, 755, 756, 757, 758, 759, 760, 761, 762, 763, 764, 765, 766, 767, 768, 769, 770, 771, 772, 773, 774, 775, 776, 777, 778, 779, 780, 781, 782, 783, 784, 785, 786, 787, 788, 789, 790, 791, 792, 793]","[114, 150, 327, 585, 621, 785]","[327, 785]","[105, 114, 138, 141, 152, 153, 154, 155, 157, 159, 164, 165, 176, 182, 191, 192, 194, 195, 196, 200, 204, 208, 209, 210, 211, 215, 226, 228, 241, 242, 243, 245, 248, 249, 250, 257, 261, 270, 271, 282, 287, 289, 291, 294, 296, 298, 306, 308, 309, 311, 314, 327, 333, 335, 337, 576, 585, 609, 612, 623, 624, 626, 627, 629, 631, 636, 637, 647, 653, 662, 663, 665, 666, 667, 671, 674, 678, 679, 680, 681, 690, 692, 705, 706, 707, 709, 711, 712, 713, 719, 721, 729, 730, 741, 746, 748, 750, 753, 755, 757, 764, 766, 767, 769, 772, 785, 791]","[84, 87, 89, 114, 115, 117, 124, 132, 135, 144, 152, 178, 239, 268, 281, 297, 318, 320, 327, 348, 394, 555, 558, 560, 585, 586, 588, 595, 603, 606, 615, 623, 649, 703, 727, 740, 756, 776, 778, 785, 803, 844]",[],7/6 successful match,True,"[84, 85]",True,347,False,,1.0,True,Vanco Truck & Auto Plaza ( 76 ),
Stockton ( 95205 ) Vanco Truck & Auto Plaza ( 76 ),209-466-0833 I-5 Exit 471 ( CA 4W ),24 M <U+2610>,Stockton,95205,Vanco Truck & Auto Plaza ( 76 ),209-466-0833,2014,Stockton,CA,,( CA 4W ),I-5 Exit 471 ,Exit,471,False,,False,I-5,,,,,"[785, 327]",[],"[114, 150, 327, 585, 621, 785]","[327, 785]","[103, 104, 105, 106, 107, 108, 109, 110, 111, 112, 113, 114, 115, 116, 117, 118, 119, 120, 121, 122, 123, 124, 125, 126, 127, 128, 129, 130, 131, 132, 133, 134, 135, 136, 137, 138, 139, 140, 141, 142, 143, 144, 145, 146, 147, 148, 149, 150, 151, 152, 153, 154, 155, 156, 157, 158, 159, 160, 161, 162, 163, 164, 165, 166, 167, 168, 169, 170, 171, 172, 173, 174, 175, 176, 177, 178, 179, 180, 181, 182, 183, 184, 185, 186, 187, 188, 189, 190, 191, 192, 193, 194, 195, 196, 197, 198, 199, 200, 201, 202, 203, 204, 205, 206, 207, 208, 209, 210, 211, 212, 213, 214, 215, 216, 217, 218, 219, 220, 221, 222, 223, 224, 225, 226, 227, 228, 229, 230, 231, 232, 233, 234, 235, 236, 237, 238, 239, 240, 241, 242, 243, 244, 245, 246, 247, 248, 249, 250, 251, 252, 253, 254, 255, 256, 257, 258, 259, 260, 261, 262, 263, 264, 265, 266, 267, 268, 269, 270, 271, 272, 273, 274, 275, 276, 277, 278, 279, 280, 281, 282, 283, 284, 285, 286, 287, 288, 289, 290, 291, 292, 293, 294, 295, 296, 297, 298, 299, 300, 301, 302, 303, 304, 305, 306, 307, 308, 309, 310, 311, 312, 313, 314, 315, 316, 317, 318, 319, 320, 321, 322, 323, 324, 325, 326, 327, 328, 329, 330, 331, 332, 333, 334, 335, 336, 337, 574, 575, 576, 577, 578, 579, 580, 581, 582, 583, 584, 585, 586, 587, 588, 589, 590, 591, 592, 593, 594, 595, 596, 597, 598, 599, 600, 601, 602, 603, 604, 605, 606, 607, 608, 609, 610, 611, 612, 613, 614, 615, 616, 617, 618, 619, 620, 621, 622, 623, 624, 625, 626, 627, 628, 629, 630, 631, 632, 633, 634, 635, 636, 637, 638, 639, 640, 641, 642, 643, 644, 645, 646, 647, 648, 649, 650, 651, 652, 653, 654, 655, 656, 657, 658, 659, 660, 661, 662, 663, 664, 665, 666, 667, 668, 669, 670, 671, 672, 673, 674, 675, 676, 677, 678, 679, 680, 681, 682, 683, 684, 685, 686, 687, 688, 689, 690, 691, 692, 693, 694, 695, 696, 697, 698, 699, 700, 701, 702, 703, 704, 705, 706, 707, 708, 709, 710, 711, 712, 713, 714, 715, 716, 717, 718, 719, 720, 721, 722, 723, 724, 725, 726, 727, 728, 729, 730, 731, 732, 733, 734, 735, 736, 737, 738, 739, 740, 741, 742, 743, 744, 745, 746, 747, 748, 749, 750, 751, 752, 753, 754, 755, 756, 757, 758, 759, 760, 761, 762, 763, 764, 765, 766, 767, 768, 769, 770, 771, 772, 773, 774, 775, 776, 777, 778, 779, 780, 781, 782, 783, 784, 785, 786, 787, 788, 789, 790, 791, 792, 793]","[105, 114, 138, 141, 152, 153, 154, 155, 157, 159, 164, 165, 176, 182, 191, 192, 194, 195, 196, 200, 204, 208, 209, 210, 211, 215, 226, 228, 241, 242, 243, 245, 248, 249, 250, 257, 261, 270, 271, 282, 287, 289, 291, 294, 296, 298, 306, 308, 309, 311, 314, 327, 333, 335, 337, 576, 585, 609, 612, 623, 624, 626, 627, 629, 631, 636, 637, 647, 653, 662, 663, 665, 666, 667, 671, 674, 678, 679, 680, 681, 690, 692, 705, 706, 707, 709, 711, 712, 713, 719, 721, 729, 730, 741, 746, 748, 750, 753, 755, 757, 764, 766, 767, 769, 772, 785, 791]",[],"[84, 87, 89, 114, 115, 117, 124, 132, 135, 144, 152, 178, 239, 268, 281, 297, 318, 320, 327, 348, 394, 555, 558, 560, 585, 586, 588, 595, 603, 606, 615, 623, 649, 703, 727, 740, 756, 776, 778, 785, 803, 844]","[84, 87, 89, 103, 104, 105, 106, 107, 108, 109, 110, 111, 112, 113, 114, 115, 116, 117, 118, 119, 120, 121, 122, 123, 124, 125, 126, 127, 128, 129, 130, 131, 132, 133, 134, 135, 136, 137, 138, 139, 140, 141, 142, 143, 144, 145, 146, 147, 148, 149, 150, 151, 152, 153, 154, 155, 156, 157, 158, 159, 160, 161, 162, 163, 164, 165, 166, 167, 168, 169, 170, 171, 172, 173, 174, 175, 176, 177, 178, 179, 180, 181, 182, 183, 184, 185, 186, 187, 188, 189, 190, 191, 192, 193, 194, 195, 196, 197, 198, 199, 200, 201, 202, 203, 204, 205, 206, 207, 208, 209, 210, 211, 212, 213, 214, 215, 216, 217, 218, 219, 220, 221, 222, 223, 224, 225, 226, 227, 228, 229, 230, 231, 232, 233, 234, 235, 236, 237, 238, 239, 240, 241, 242, 243, 244, 245, 246, 247, 248, 249, 250, 251, 252, 253, 254, 255, 256, 257, 258, 259, 260, 261, 262, 263, 264, 265, 266, 267, 268, 269, 270, 271, 272, 273, 274, 275, 276, 277, 278, 279, 280, 281, 282, 283, 284, 285, 286, 287, 288, 289, 290, 291, 292, 293, 294, 295, 296, 297, 298, 299, 300, 301, 302, 303, 304, 305, 306, 307, 308, 309, 310, 311, 312, 313, 314, 315, 316, 317, 318, 319, 320, 321, 322, 323, 324, 325, 326, 327, 328, 329, 330, 331, 332, 333, 334, 335, 336, 337, 348, 394, 555, 558, 560, 574, 575, 576, 577, 578, 579, 580, 581, 582, 583, 584, 585, 586, 587, 588, 589, 590, 591, 592, 593, 594, 595, 596, 597, 598, 599, 600, 601, 602, 603, 604, 605, 606, 607, 608, 609, 610, 611, 612, 613, 614, 615, 616, 617, 618, 619, 620, 621, 622, 623, 624, 625, 626, 627, 628, 629, 630, 631, 632, 633, 634, 635, 636, 637, 638, 639, 640, 641, 642, 643, 644, 645, 646, 647, 648, 649, 650, 651, 652, 653, 654, 655, 656, 657, 658, 659, 660, 661, 662, 663, 664, 665, 666, 667, 668, 669, 670, 671, 672, 673, 674, 675, 676, 677, 678, 679, 680, 681, 682, 683, 684, 685, 686, 687, 688, 689, 690, 691, 692, 693, 694, 695, 696, 697, 698, 699, 700, 701, 702, 703, 704, 705, 706, 707, 708, 709, 710, 711, 712, 713, 714, 715, 716, 717, 718, 719, 720, 721, 722, 723, 724, 725, 726, 727, 728, 729, 730, 731, 732, 733, 734, 735, 736, 737, 738, 739, 740, 741, 742, 743, 744, 745, 746, 747, 748, 749, 750, 751, 752, 753, 754, 755, 756, 757, 758, 759, 760, 761, 762, 763, 764, 765, 766, 767, 768, 769, 770, 771, 772, 773, 774, 775, 776, 777, 778, 779, 780, 781, 782, 783, 784, 785, 786, 787, 788, 789, 790, 791, 792, 793, 803, 844]",True,[],"[103, 104, 105, 106, 107, 108, 109, 110, 111, 112, 113, 114, 115, 116, 117, 118, 119, 120, 121, 122, 123, 124, 125, 126, 127, 128, 129, 130, 131, 132, 133, 134, 135, 136, 137, 138, 139, 140, 141, 142, 143, 144, 145, 146, 147, 148, 149, 150, 151, 152, 153, 154, 155, 156, 157, 158, 159, 160, 161, 162, 163, 164, 165, 166, 167, 168, 169, 170, 171, 172, 173, 174, 175, 176, 177, 178, 179, 180, 181, 182, 183, 184, 185, 186, 187, 188, 189, 190, 191, 192, 193, 194, 195, 196, 197, 198, 199, 200, 201, 202, 203, 204, 205, 206, 207, 208, 209, 210, 211, 212, 213, 214, 215, 216, 217, 218, 219, 220, 221, 222, 223, 224, 225, 226, 227, 228, 229, 230, 231, 232, 233, 234, 235, 236, 237, 238, 239, 240, 241, 242, 243, 244, 245, 246, 247, 248, 249, 250, 251, 252, 253, 254, 255, 256, 257, 258, 259, 260, 261, 262, 263, 264, 265, 266, 267, 268, 269, 270, 271, 272, 273, 274, 275, 276, 277, 278, 279, 280, 281, 282, 283, 284, 285, 286, 287, 288, 289, 290, 291, 292, 293, 294, 295, 296, 297, 298, 299, 300, 301, 302, 303, 304, 305, 306, 307, 308, 309, 310, 311, 312, 313, 314, 315, 316, 317, 318, 319, 320, 321, 322, 323, 324, 325, 326, 327, 328, 329, 330, 331, 332, 333, 334, 335, 336, 337, 574, 575, 576, 577, 578, 579, 580, 581, 582, 583, 584, 585, 586, 587, 588, 589, 590, 591, 592, 593, 594, 595, 596, 597, 598, 599, 600, 601, 602, 603, 604, 605, 606, 607, 608, 609, 610, 611, 612, 613, 614, 615, 616, 617, 618, 619, 620, 621, 622, 623, 624, 625, 626, 627, 628, 629, 630, 631, 632, 633, 634, 635, 636, 637, 638, 639, 640, 641, 642, 643, 644, 645, 646, 647, 648, 649, 650, 651, 652, 653, 654, 655, 656, 657, 658, 659, 660, 661, 662, 663, 664, 665, 666, 667, 668, 669, 670, 671, 672, 673, 674, 675, 676, 677, 678, 679, 680, 681, 682, 683, 684, 685, 686, 687, 688, 689, 690, 691, 692, 693, 694, 695, 696, 697, 698, 699, 700, 701, 702, 703, 704, 705, 706, 707, 708, 709, 710, 711, 712, 713, 714, 715, 716, 717, 718, 719, 720, 721, 722, 723, 724, 725, 726, 727, 728, 729, 730, 731, 732, 733, 734, 735, 736, 737, 738, 739, 740, 741, 742, 743, 744, 745, 746, 747, 748, 749, 750, 751, 752, 753, 754, 755, 756, 757, 758, 759, 760, 761, 762, 763, 764, 765, 766, 767, 768, 769, 770, 771, 772, 773, 774, 775, 776, 777, 778, 779, 780, 781, 782, 783, 784, 785, 786, 787, 788, 789, 790, 791, 792, 793]","[114, 150, 327, 585, 621, 785]","[327, 785]","[105, 114, 138, 141, 152, 153, 154, 155, 157, 159, 164, 165, 176, 182, 191, 192, 194, 195, 196, 200, 204, 208, 209, 210, 211, 215, 226, 228, 241, 242, 243, 245, 248, 249, 250, 257, 261, 270, 271, 282, 287, 289, 291, 294, 296, 298, 306, 308, 309, 311, 314, 327, 333, 335, 337, 576, 585, 609, 612, 623, 624, 626, 627, 629, 631, 636, 637, 647, 653, 662, 663, 665, 666, 667, 671, 674, 678, 679, 680, 681, 690, 692, 705, 706, 707, 709, 711, 712, 713, 719, 721, 729, 730, 741, 746, 748, 750, 753, 755, 757, 764, 766, 767, 769, 772, 785, 791]","[84, 87, 89, 114, 115, 117, 124, 132, 135, 144, 152, 178, 239, 268, 281, 297, 318, 320, 327, 348, 394, 555, 558, 560, 585, 586, 588, 595, 603, 606, 615, 623, 649, 703, 727, 740, 756, 776, 778, 785, 803, 844]",[],7/6 successful match,True,"[84, 85]",True,347,False,,1.0,True,Vanco Truck & Auto Plaza ( 76 ),
Stockton ( 95205 ) Vanco Truck 468 & ( French Auto Plaza Camp ( 76 Rd ) SE ),209-466-0833 I-5 Exit 471 ( CA,MO <U+25A1>,Stockton,95205,Vanco Truck 468 & ( French Auto Plaza Camp ( 76 Rd ) SE ),209-466-0833,2015,Stockton,CA,,( CA,I-5 Exit 471 ,Exit,471,False,,False,I-5,,,,,"[785, 327]",[],"[114, 150, 327, 585, 621, 785]","[327, 785]","[103, 104, 105, 106, 107, 108, 109, 110, 111, 112, 113, 114, 115, 116, 117, 118, 119, 120, 121, 122, 123, 124, 125, 126, 127, 128, 129, 130, 131, 132, 133, 134, 135, 136, 137, 138, 139, 140, 141, 142, 143, 144, 145, 146, 147, 148, 149, 150, 151, 152, 153, 154, 155, 156, 157, 158, 159, 160, 161, 162, 163, 164, 165, 166, 167, 168, 169, 170, 171, 172, 173, 174, 175, 176, 177, 178, 179, 180, 181, 182, 183, 184, 185, 186, 187, 188, 189, 190, 191, 192, 193, 194, 195, 196, 197, 198, 199, 200, 201, 202, 203, 204, 205, 206, 207, 208, 209, 210, 211, 212, 213, 214, 215, 216, 217, 218, 219, 220, 221, 222, 223, 224, 225, 226, 227, 228, 229, 230, 231, 232, 233, 234, 235, 236, 237, 238, 239, 240, 241, 242, 243, 244, 245, 246, 247, 248, 249, 250, 251, 252, 253, 254, 255, 256, 257, 258, 259, 260, 261, 262, 263, 264, 265, 266, 267, 268, 269, 270, 271, 272, 273, 274, 275, 276, 277, 278, 279, 280, 281, 282, 283, 284, 285, 286, 287, 288, 289, 290, 291, 292, 293, 294, 295, 296, 297, 298, 299, 300, 301, 302, 303, 304, 305, 306, 307, 308, 309, 310, 311, 312, 313, 314, 315, 316, 317, 318, 319, 320, 321, 322, 323, 324, 325, 326, 327, 328, 329, 330, 331, 332, 333, 334, 335, 336, 337, 574, 575, 576, 577, 578, 579, 580, 581, 582, 583, 584, 585, 586, 587, 588, 589, 590, 591, 592, 593, 594, 595, 596, 597, 598, 599, 600, 601, 602, 603, 604, 605, 606, 607, 608, 609, 610, 611, 612, 613, 614, 615, 616, 617, 618, 619, 620, 621, 622, 623, 624, 625, 626, 627, 628, 629, 630, 631, 632, 633, 634, 635, 636, 637, 638, 639, 640, 641, 642, 643, 644, 645, 646, 647, 648, 649, 650, 651, 652, 653, 654, 655, 656, 657, 658, 659, 660, 661, 662, 663, 664, 665, 666, 667, 668, 669, 670, 671, 672, 673, 674, 675, 676, 677, 678, 679, 680, 681, 682, 683, 684, 685, 686, 687, 688, 689, 690, 691, 692, 693, 694, 695, 696, 697, 698, 699, 700, 701, 702, 703, 704, 705, 706, 707, 708, 709, 710, 711, 712, 713, 714, 715, 716, 717, 718, 719, 720, 721, 722, 723, 724, 725, 726, 727, 728, 729, 730, 731, 732, 733, 734, 735, 736, 737, 738, 739, 740, 741, 742, 743, 744, 745, 746, 747, 748, 749, 750, 751, 752, 753, 754, 755, 756, 757, 758, 759, 760, 761, 762, 763, 764, 765, 766, 767, 768, 769, 770, 771, 772, 773, 774, 775, 776, 777, 778, 779, 780, 781, 782, 783, 784, 785, 786, 787, 788, 789, 790, 791, 792, 793]","[105, 114, 138, 141, 152, 153, 154, 155, 157, 159, 164, 165, 176, 182, 191, 192, 194, 195, 196, 200, 204, 208, 209, 210, 211, 215, 226, 228, 241, 242, 243, 245, 248, 249, 250, 257, 261, 270, 271, 282, 287, 289, 291, 294, 296, 298, 306, 308, 309, 311, 314, 327, 333, 335, 337, 576, 585, 609, 612, 623, 624, 626, 627, 629, 631, 636, 637, 647, 653, 662, 663, 665, 666, 667, 671, 674, 678, 679, 680, 681, 690, 692, 705, 706, 707, 709, 711, 712, 713, 719, 721, 729, 730, 741, 746, 748, 750, 753, 755, 757, 764, 766, 767, 769, 772, 785, 791]",[],"[1, 84, 87, 89, 114, 115, 117, 124, 132, 135, 144, 152, 178, 239, 268, 281, 297, 318, 320, 327, 348, 394, 487, 555, 558, 560, 585, 586, 588, 595, 603, 606, 615, 623, 649, 703, 727, 740, 756, 776, 778, 785, 803, 844]","[1, 84, 87, 89, 103, 104, 105, 106, 107, 108, 109, 110, 111, 112, 113, 114, 115, 116, 117, 118, 119, 120, 121, 122, 123, 124, 125, 126, 127, 128, 129, 130, 131, 132, 133, 134, 135, 136, 137, 138, 139, 140, 141, 142, 143, 144, 145, 146, 147, 148, 149, 150, 151, 152, 153, 154, 155, 156, 157, 158, 159, 160, 161, 162, 163, 164, 165, 166, 167, 168, 169, 170, 171, 172, 173, 174, 175, 176, 177, 178, 179, 180, 181, 182, 183, 184, 185, 186, 187, 188, 189, 190, 191, 192, 193, 194, 195, 196, 197, 198, 199, 200, 201, 202, 203, 204, 205, 206, 207, 208, 209, 210, 211, 212, 213, 214, 215, 216, 217, 218, 219, 220, 221, 222, 223, 224, 225, 226, 227, 228, 229, 230, 231, 232, 233, 234, 235, 236, 237, 238, 239, 240, 241, 242, 243, 244, 245, 246, 247, 248, 249, 250, 251, 252, 253, 254, 255, 256, 257, 258, 259, 260, 261, 262, 263, 264, 265, 266, 267, 268, 269, 270, 271, 272, 273, 274, 275, 276, 277, 278, 279, 280, 281, 282, 283, 284, 285, 286, 287, 288, 289, 290, 291, 292, 293, 294, 295, 296, 297, 298, 299, 300, 301, 302, 303, 304, 305, 306, 307, 308, 309, 310, 311, 312, 313, 314, 315, 316, 317, 318, 319, 320, 321, 322, 323, 324, 325, 326, 327, 328, 329, 330, 331, 332, 333, 334, 335, 336, 337, 348, 394, 487, 555, 558, 560, 574, 575, 576, 577, 578, 579, 580, 581, 582, 583, 584, 585, 586, 587, 588, 589, 590, 591, 592, 593, 594, 595, 596, 597, 598, 599, 600, 601, 602, 603, 604, 605, 606, 607, 608, 609, 610, 611, 612, 613, 614, 615, 616, 617, 618, 619, 620, 621, 622, 623, 624, 625, 626, 627, 628, 629, 630, 631, 632, 633, 634, 635, 636, 637, 638, 639, 640, 641, 642, 643, 644, 645, 646, 647, 648, 649, 650, 651, 652, 653, 654, 655, 656, 657, 658, 659, 660, 661, 662, 663, 664, 665, 666, 667, 668, 669, 670, 671, 672, 673, 674, 675, 676, 677, 678, 679, 680, 681, 682, 683, 684, 685, 686, 687, 688, 689, 690, 691, 692, 693, 694, 695, 696, 697, 698, 699, 700, 701, 702, 703, 704, 705, 706, 707, 708, 709, 710, 711, 712, 713, 714, 715, 716, 717, 718, 719, 720, 721, 722, 723, 724, 725, 726, 727, 728, 729, 730, 731, 732, 733, 734, 735, 736, 737, 738, 739, 740, 741, 742, 743, 744, 745, 746, 747, 748, 749, 750, 751, 752, 753, 754, 755, 756, 757, 758, 759, 760, 761, 762, 763, 764, 765, 766, 767, 768, 769, 770, 771, 772, 773, 774, 775, 776, 777, 778, 779, 780, 781, 782, 783, 784, 785, 786, 787, 788, 789, 790, 791, 792, 793, 803, 844]",True,[],"[103, 104, 105, 106, 107, 108, 109, 110, 111, 112, 113, 114, 115, 116, 117, 118, 119, 120, 121, 122, 123, 124, 125, 126, 127, 128, 129, 130, 131, 132, 133, 134, 135, 136, 137, 138, 139, 140, 141, 142, 143, 144, 145, 146, 147, 148, 149, 150, 151, 152, 153, 154, 155, 156, 157, 158, 159, 160, 161, 162, 163, 164, 165, 166, 167, 168, 169, 170, 171, 172, 173, 174, 175, 176, 177, 178, 179, 180, 181, 182, 183, 184, 185, 186, 187, 188, 189, 190, 191, 192, 193, 194, 195, 196, 197, 198, 199, 200, 201, 202, 203, 204, 205, 206, 207, 208, 209, 210, 211, 212, 213, 214, 215, 216, 217, 218, 219, 220, 221, 222, 223, 224, 225, 226, 227, 228, 229, 230, 231, 232, 233, 234, 235, 236, 237, 238, 239, 240, 241, 242, 243, 244, 245, 246, 247, 248, 249, 250, 251, 252, 253, 254, 255, 256, 257, 258, 259, 260, 261, 262, 263, 264, 265, 266, 267, 268, 269, 270, 271, 272, 273, 274, 275, 276, 277, 278, 279, 280, 281, 282, 283, 284, 285, 286, 287, 288, 289, 290, 291, 292, 293, 294, 295, 296, 297, 298, 299, 300, 301, 302, 303, 304, 305, 306, 307, 308, 309, 310, 311, 312, 313, 314, 315, 316, 317, 318, 319, 320, 321, 322, 323, 324, 325, 326, 327, 328, 329, 330, 331, 332, 333, 334, 335, 336, 337, 574, 575, 576, 577, 578, 579, 580, 581, 582, 583, 584, 585, 586, 587, 588, 589, 590, 591, 592, 593, 594, 595, 596, 597, 598, 599, 600, 601, 602, 603, 604, 605, 606, 607, 608, 609, 610, 611, 612, 613, 614, 615, 616, 617, 618, 619, 620, 621, 622, 623, 624, 625, 626, 627, 628, 629, 630, 631, 632, 633, 634, 635, 636, 637, 638, 639, 640, 641, 642, 643, 644, 645, 646, 647, 648, 649, 650, 651, 652, 653, 654, 655, 656, 657, 658, 659, 660, 661, 662, 663, 664, 665, 666, 667, 668, 669, 670, 671, 672, 673, 674, 675, 676, 677, 678, 679, 680, 681, 682, 683, 684, 685, 686, 687, 688, 689, 690, 691, 692, 693, 694, 695, 696, 697, 698, 699, 700, 701, 702, 703, 704, 705, 706, 707, 708, 709, 710, 711, 712, 713, 714, 715, 716, 717, 718, 719, 720, 721, 722, 723, 724, 725, 726, 727, 728, 729, 730, 731, 732, 733, 734, 735, 736, 737, 738, 739, 740, 741, 742, 743, 744, 745, 746, 747, 748, 749, 750, 751, 752, 753, 754, 755, 756, 757, 758, 759, 760, 761, 762, 763, 764, 765, 766, 767, 768, 769, 770, 771, 772, 773, 774, 775, 776, 777, 778, 779, 780, 781, 782, 783, 784, 785, 786, 787, 788, 789, 790, 791, 792, 793]","[114, 150, 327, 585, 621, 785]","[327, 785]","[105, 114, 138, 141, 152, 153, 154, 155, 157, 159, 164, 165, 176, 182, 191, 192, 194, 195, 196, 200, 204, 208, 209, 210, 211, 215, 226, 228, 241, 242, 243, 245, 248, 249, 250, 257, 261, 270, 271, 282, 287, 289, 291, 294, 296, 298, 306, 308, 309, 311, 314, 327, 333, 335, 337, 576, 585, 609, 612, 623, 624, 626, 627, 629, 631, 636, 637, 647, 653, 662, 663, 665, 666, 667, 671, 674, 678, 679, 680, 681, 690, 692, 705, 706, 707, 709, 711, 712, 713, 719, 721, 729, 730, 741, 746, 748, 750, 753, 755, 757, 764, 766, 767, 769, 772, 785, 791]","[1, 84, 87, 89, 114, 115, 117, 124, 132, 135, 144, 152, 178, 239, 268, 281, 297, 318, 320, 327, 348, 394, 487, 555, 558, 560, 585, 586, 588, 595, 603, 606, 615, 623, 649, 703, 727, 740, 756, 776, 778, 785, 803, 844]",[],7/6 successful match,True,"[84, 85]",True,347,False,,0.9113636363636364,True,Vanco Truck & Auto Plaza ( 76 ),
Stockton ( 95205 ) Vanco Truck & Auto Plaza ( 76 ),2 209-466-0833 I-5 Exit 471 ( CA 4 W ),24 M,Stockton,95205,Vanco Truck & Auto Plaza ( 76 ),209-466-0833,2016,Stockton,CA,,( CA 4 W ),I-5 Exit 471 ,Exit,471,False,,False,I-5,,,,,"[785, 327]",[],"[114, 150, 327, 585, 621, 785]","[327, 785]","[103, 104, 105, 106, 107, 108, 109, 110, 111, 112, 113, 114, 115, 116, 117, 118, 119, 120, 121, 122, 123, 124, 125, 126, 127, 128, 129, 130, 131, 132, 133, 134, 135, 136, 137, 138, 139, 140, 141, 142, 143, 144, 145, 146, 147, 148, 149, 150, 151, 152, 153, 154, 155, 156, 157, 158, 159, 160, 161, 162, 163, 164, 165, 166, 167, 168, 169, 170, 171, 172, 173, 174, 175, 176, 177, 178, 179, 180, 181, 182, 183, 184, 185, 186, 187, 188, 189, 190, 191, 192, 193, 194, 195, 196, 197, 198, 199, 200, 201, 202, 203, 204, 205, 206, 207, 208, 209, 210, 211, 212, 213, 214, 215, 216, 217, 218, 219, 220, 221, 222, 223, 224, 225, 226, 227, 228, 229, 230, 231, 232, 233, 234, 235, 236, 237, 238, 239, 240, 241, 242, 243, 244, 245, 246, 247, 248, 249, 250, 251, 252, 253, 254, 255, 256, 257, 258, 259, 260, 261, 262, 263, 264, 265, 266, 267, 268, 269, 270, 271, 272, 273, 274, 275, 276, 277, 278, 279, 280, 281, 282, 283, 284, 285, 286, 287, 288, 289, 290, 291, 292, 293, 294, 295, 296, 297, 298, 299, 300, 301, 302, 303, 304, 305, 306, 307, 308, 309, 310, 311, 312, 313, 314, 315, 316, 317, 318, 319, 320, 321, 322, 323, 324, 325, 326, 327, 328, 329, 330, 331, 332, 333, 334, 335, 336, 337, 574, 575, 576, 577, 578, 579, 580, 581, 582, 583, 584, 585, 586, 587, 588, 589, 590, 591, 592, 593, 594, 595, 596, 597, 598, 599, 600, 601, 602, 603, 604, 605, 606, 607, 608, 609, 610, 611, 612, 613, 614, 615, 616, 617, 618, 619, 620, 621, 622, 623, 624, 625, 626, 627, 628, 629, 630, 631, 632, 633, 634, 635, 636, 637, 638, 639, 640, 641, 642, 643, 644, 645, 646, 647, 648, 649, 650, 651, 652, 653, 654, 655, 656, 657, 658, 659, 660, 661, 662, 663, 664, 665, 666, 667, 668, 669, 670, 671, 672, 673, 674, 675, 676, 677, 678, 679, 680, 681, 682, 683, 684, 685, 686, 687, 688, 689, 690, 691, 692, 693, 694, 695, 696, 697, 698, 699, 700, 701, 702, 703, 704, 705, 706, 707, 708, 709, 710, 711, 712, 713, 714, 715, 716, 717, 718, 719, 720, 721, 722, 723, 724, 725, 726, 727, 728, 729, 730, 731, 732, 733, 734, 735, 736, 737, 738, 739, 740, 741, 742, 743, 744, 745, 746, 747, 748, 749, 750, 751, 752, 753, 754, 755, 756, 757, 758, 759, 760, 761, 762, 763, 764, 765, 766, 767, 768, 769, 770, 771, 772, 773, 774, 775, 776, 777, 778, 779, 780, 781, 782, 783, 784, 785, 786, 787, 788, 789, 790, 791, 792, 793]","[105, 114, 138, 141, 152, 153, 154, 155, 157, 159, 164, 165, 176, 182, 191, 192, 194, 195, 196, 200, 204, 208, 209, 210, 211, 215, 226, 228, 241, 242, 243, 245, 248, 249, 250, 257, 261, 270, 271, 282, 287, 289, 291, 294, 296, 298, 306, 308, 309, 311, 314, 327, 333, 335, 337, 576, 585, 609, 612, 623, 624, 626, 627, 629, 631, 636, 637, 647, 653, 662, 663, 665, 666, 667, 671, 674, 678, 679, 680, 681, 690, 692, 705, 706, 707, 709, 711, 712, 713, 719, 721, 729, 730, 741, 746, 748, 750, 753, 755, 757, 764, 766, 767, 769, 772, 785, 791]",[],"[84, 87, 89, 114, 115, 117, 124, 132, 135, 144, 152, 178, 239, 268, 281, 297, 318, 320, 327, 348, 394, 555, 558, 560, 585, 586, 588, 595, 603, 606, 615, 623, 649, 703, 727, 740, 756, 776, 778, 785, 803, 844]","[84, 87, 89, 103, 104, 105, 106, 107, 108, 109, 110, 111, 112, 113, 114, 115, 116, 117, 118, 119, 120, 121, 122, 123, 124, 125, 126, 127, 128, 129, 130, 131, 132, 133, 134, 135, 136, 137, 138, 139, 140, 141, 142, 143, 144, 145, 146, 147, 148, 149, 150, 151, 152, 153, 154, 155, 156, 157, 158, 159, 160, 161, 162, 163, 164, 165, 166, 167, 168, 169, 170, 171, 172, 173, 174, 175, 176, 177, 178, 179, 180, 181, 182, 183, 184, 185, 186, 187, 188, 189, 190, 191, 192, 193, 194, 195, 196, 197, 198, 199, 200, 201, 202, 203, 204, 205, 206, 207, 208, 209, 210, 211, 212, 213, 214, 215, 216, 217, 218, 219, 220, 221, 222, 223, 224, 225, 226, 227, 228, 229, 230, 231, 232, 233, 234, 235, 236, 237, 238, 239, 240, 241, 242, 243, 244, 245, 246, 247, 248, 249, 250, 251, 252, 253, 254, 255, 256, 257, 258, 259, 260, 261, 262, 263, 264, 265, 266, 267, 268, 269, 270, 271, 272, 273, 274, 275, 276, 277, 278, 279, 280, 281, 282, 283, 284, 285, 286, 287, 288, 289, 290, 291, 292, 293, 294, 295, 296, 297, 298, 299, 300, 301, 302, 303, 304, 305, 306, 307, 308, 309, 310, 311, 312, 313, 314, 315, 316, 317, 318, 319, 320, 321, 322, 323, 324, 325, 326, 327, 328, 329, 330, 331, 332, 333, 334, 335, 336, 337, 348, 394, 555, 558, 560, 574, 575, 576, 577, 578, 579, 580, 581, 582, 583, 584, 585, 586, 587, 588, 589, 590, 591, 592, 593, 594, 595, 596, 597, 598, 599, 600, 601, 602, 603, 604, 605, 606, 607, 608, 609, 610, 611, 612, 613, 614, 615, 616, 617, 618, 619, 620, 621, 622, 623, 624, 625, 626, 627, 628, 629, 630, 631, 632, 633, 634, 635, 636, 637, 638, 639, 640, 641, 642, 643, 644, 645, 646, 647, 648, 649, 650, 651, 652, 653, 654, 655, 656, 657, 658, 659, 660, 661, 662, 663, 664, 665, 666, 667, 668, 669, 670, 671, 672, 673, 674, 675, 676, 677, 678, 679, 680, 681, 682, 683, 684, 685, 686, 687, 688, 689, 690, 691, 692, 693, 694, 695, 696, 697, 698, 699, 700, 701, 702, 703, 704, 705, 706, 707, 708, 709, 710, 711, 712, 713, 714, 715, 716, 717, 718, 719, 720, 721, 722, 723, 724, 725, 726, 727, 728, 729, 730, 731, 732, 733, 734, 735, 736, 737, 738, 739, 740, 741, 742, 743, 744, 745, 746, 747, 748, 749, 750, 751, 752, 753, 754, 755, 756, 757, 758, 759, 760, 761, 762, 763, 764, 765, 766, 767, 768, 769, 770, 771, 772, 773, 774, 775, 776, 777, 778, 779, 780, 781, 782, 783, 784, 785, 786, 787, 788, 789, 790, 791, 792, 793, 803, 844]",True,[],"[103, 104, 105, 106, 107, 108, 109, 110, 111, 112, 113, 114, 115, 116, 117, 118, 119, 120, 121, 122, 123, 124, 125, 126, 127, 128, 129, 130, 131, 132, 133, 134, 135, 136, 137, 138, 139, 140, 141, 142, 143, 144, 145, 146, 147, 148, 149, 150, 151, 152, 153, 154, 155, 156, 157, 158, 159, 160, 161, 162, 163, 164, 165, 166, 167, 168, 169, 170, 171, 172, 173, 174, 175, 176, 177, 178, 179, 180, 181, 182, 183, 184, 185, 186, 187, 188, 189, 190, 191, 192, 193, 194, 195, 196, 197, 198, 199, 200, 201, 202, 203, 204, 205, 206, 207, 208, 209, 210, 211, 212, 213, 214, 215, 216, 217, 218, 219, 220, 221, 222, 223, 224, 225, 226, 227, 228, 229, 230, 231, 232, 233, 234, 235, 236, 237, 238, 239, 240, 241, 242, 243, 244, 245, 246, 247, 248, 249, 250, 251, 252, 253, 254, 255, 256, 257, 258, 259, 260, 261, 262, 263, 264, 265, 266, 267, 268, 269, 270, 271, 272, 273, 274, 275, 276, 277, 278, 279, 280, 281, 282, 283, 284, 285, 286, 287, 288, 289, 290, 291, 292, 293, 294, 295, 296, 297, 298, 299, 300, 301, 302, 303, 304, 305, 306, 307, 308, 309, 310, 311, 312, 313, 314, 315, 316, 317, 318, 319, 320, 321, 322, 323, 324, 325, 326, 327, 328, 329, 330, 331, 332, 333, 334, 335, 336, 337, 574, 575, 576, 577, 578, 579, 580, 581, 582, 583, 584, 585, 586, 587, 588, 589, 590, 591, 592, 593, 594, 595, 596, 597, 598, 599, 600, 601, 602, 603, 604, 605, 606, 607, 608, 609, 610, 611, 612, 613, 614, 615, 616, 617, 618, 619, 620, 621, 622, 623, 624, 625, 626, 627, 628, 629, 630, 631, 632, 633, 634, 635, 636, 637, 638, 639, 640, 641, 642, 643, 644, 645, 646, 647, 648, 649, 650, 651, 652, 653, 654, 655, 656, 657, 658, 659, 660, 661, 662, 663, 664, 665, 666, 667, 668, 669, 670, 671, 672, 673, 674, 675, 676, 677, 678, 679, 680, 681, 682, 683, 684, 685, 686, 687, 688, 689, 690, 691, 692, 693, 694, 695, 696, 697, 698, 699, 700, 701, 702, 703, 704, 705, 706, 707, 708, 709, 710, 711, 712, 713, 714, 715, 716, 717, 718, 719, 720, 721, 722, 723, 724, 725, 726, 727, 728, 729, 730, 731, 732, 733, 734, 735, 736, 737, 738, 739, 740, 741, 742, 743, 744, 745, 746, 747, 748, 749, 750, 751, 752, 753, 754, 755, 756, 757, 758, 759, 760, 761, 762, 763, 764, 765, 766, 767, 768, 769, 770, 771, 772, 773, 774, 775, 776, 777, 778, 779, 780, 781, 782, 783, 784, 785, 786, 787, 788, 789, 790, 791, 792, 793]","[114, 150, 327, 585, 621, 785]","[327, 785]","[105, 114, 138, 141, 152, 153, 154, 155, 157, 159, 164, 165, 176, 182, 191, 192, 194, 195, 196, 200, 204, 208, 209, 210, 211, 215, 226, 228, 241, 242, 243, 245, 248, 249, 250, 257, 261, 270, 271, 282, 287, 289, 291, 294, 296, 298, 306, 308, 309, 311, 314, 327, 333, 335, 337, 576, 585, 609, 612, 623, 624, 626, 627, 629, 631, 636, 637, 647, 653, 662, 663, 665, 666, 667, 671, 674, 678, 679, 680, 681, 690, 692, 705, 706, 707, 709, 711, 712, 713, 719, 721, 729, 730, 741, 746, 748, 750, 753, 755, 757, 764, 766, 767, 769, 772, 785, 791]","[84, 87, 89, 114, 115, 117, 124, 132, 135, 144, 152, 178, 239, 268, 281, 297, 318, 320, 327, 348, 394, 555, 558, 560, 585, 586, 588, 595, 603, 606, 615, 623, 649, 703, 727, 740, 756, 776, 778, 785, 803, 844]",[],7/6 successful match,True,"[84, 85]",True,347,False,,0.9113636363636364,True,Vanco Truck 468 & ( French Auto Plaza Camp ( 76 Rd ) SE ),
"Stockton , 95206 76 Express",209-983-4781 I-5 Exit 468 ( French Camp Rd SE ),24 HRS <U+2610> M,Stockton,95206,76 Express,209-983-4781,2006,Stockton,CA,,( French Camp Rd SE ),I-5 Exit 468 ,Exit,468,False,,False,I-5,,,,,"[585, 114]","[114, 327, 585, 785]","[114, 150, 327, 585, 621, 785]","[114, 585]","[103, 104, 105, 106, 107, 108, 109, 110, 111, 112, 113, 114, 115, 116, 117, 118, 119, 120, 121, 122, 123, 124, 125, 126, 127, 128, 129, 130, 131, 132, 133, 134, 135, 136, 137, 138, 139, 140, 141, 142, 143, 144, 145, 146, 147, 148, 149, 150, 151, 152, 153, 154, 155, 156, 157, 158, 159, 160, 161, 162, 163, 164, 165, 166, 167, 168, 169, 170, 171, 172, 173, 174, 175, 176, 177, 178, 179, 180, 181, 182, 183, 184, 185, 186, 187, 188, 189, 190, 191, 192, 193, 194, 195, 196, 197, 198, 199, 200, 201, 202, 203, 204, 205, 206, 207, 208, 209, 210, 211, 212, 213, 214, 215, 216, 217, 218, 219, 220, 221, 222, 223, 224, 225, 226, 227, 228, 229, 230, 231, 232, 233, 234, 235, 236, 237, 238, 239, 240, 241, 242, 243, 244, 245, 246, 247, 248, 249, 250, 251, 252, 253, 254, 255, 256, 257, 258, 259, 260, 261, 262, 263, 264, 265, 266, 267, 268, 269, 270, 271, 272, 273, 274, 275, 276, 277, 278, 279, 280, 281, 282, 283, 284, 285, 286, 287, 288, 289, 290, 291, 292, 293, 294, 295, 296, 297, 298, 299, 300, 301, 302, 303, 304, 305, 306, 307, 308, 309, 310, 311, 312, 313, 314, 315, 316, 317, 318, 319, 320, 321, 322, 323, 324, 325, 326, 327, 328, 329, 330, 331, 332, 333, 334, 335, 336, 337, 574, 575, 576, 577, 578, 579, 580, 581, 582, 583, 584, 585, 586, 587, 588, 589, 590, 591, 592, 593, 594, 595, 596, 597, 598, 599, 600, 601, 602, 603, 604, 605, 606, 607, 608, 609, 610, 611, 612, 613, 614, 615, 616, 617, 618, 619, 620, 621, 622, 623, 624, 625, 626, 627, 628, 629, 630, 631, 632, 633, 634, 635, 636, 637, 638, 639, 640, 641, 642, 643, 644, 645, 646, 647, 648, 649, 650, 651, 652, 653, 654, 655, 656, 657, 658, 659, 660, 661, 662, 663, 664, 665, 666, 667, 668, 669, 670, 671, 672, 673, 674, 675, 676, 677, 678, 679, 680, 681, 682, 683, 684, 685, 686, 687, 688, 689, 690, 691, 692, 693, 694, 695, 696, 697, 698, 699, 700, 701, 702, 703, 704, 705, 706, 707, 708, 709, 710, 711, 712, 713, 714, 715, 716, 717, 718, 719, 720, 721, 722, 723, 724, 725, 726, 727, 728, 729, 730, 731, 732, 733, 734, 735, 736, 737, 738, 739, 740, 741, 742, 743, 744, 745, 746, 747, 748, 749, 750, 751, 752, 753, 754, 755, 756, 757, 758, 759, 760, 761, 762, 763, 764, 765, 766, 767, 768, 769, 770, 771, 772, 773, 774, 775, 776, 777, 778, 779, 780, 781, 782, 783, 784, 785, 786, 787, 788, 789, 790, 791, 792, 793]","[105, 114, 138, 141, 152, 153, 154, 155, 157, 159, 164, 165, 176, 182, 191, 192, 194, 195, 196, 200, 204, 208, 209, 210, 211, 215, 226, 228, 241, 242, 243, 245, 248, 249, 250, 257, 261, 270, 271, 282, 287, 289, 291, 294, 296, 298, 306, 308, 309, 311, 314, 327, 333, 335, 337, 576, 585, 609, 612, 623, 624, 626, 627, 629, 631, 636, 637, 647, 653, 662, 663, 665, 666, 667, 671, 674, 678, 679, 680, 681, 690, 692, 705, 706, 707, 709, 711, 712, 713, 719, 721, 729, 730, 741, 746, 748, 750, 753, 755, 757, 764, 766, 767, 769, 772, 785, 791]",[],"[84, 87, 89, 114, 115, 117, 124, 132, 135, 144, 152, 178, 239, 268, 281, 297, 318, 320, 327, 348, 394, 555, 558, 560, 585, 586, 588, 595, 603, 606, 615, 623, 649, 703, 727, 740, 756, 776, 778, 785, 803, 844]","[84, 87, 89, 103, 104, 105, 106, 107, 108, 109, 110, 111, 112, 113, 114, 115, 116, 117, 118, 119, 120, 121, 122, 123, 124, 125, 126, 127, 128, 129, 130, 131, 132, 133, 134, 135, 136, 137, 138, 139, 140, 141, 142, 143, 144, 145, 146, 147, 148, 149, 150, 151, 152, 153, 154, 155, 156, 157, 158, 159, 160, 161, 162, 163, 164, 165, 166, 167, 168, 169, 170, 171, 172, 173, 174, 175, 176, 177, 178, 179, 180, 181, 182, 183, 184, 185, 186, 187, 188, 189, 190, 191, 192, 193, 194, 195, 196, 197, 198, 199, 200, 201, 202, 203, 204, 205, 206, 207, 208, 209, 210, 211, 212, 213, 214, 215, 216, 217, 218, 219, 220, 221, 222, 223, 224, 225, 226, 227, 228, 229, 230, 231, 232, 233, 234, 235, 236, 237, 238, 239, 240, 241, 242, 243, 244, 245, 246, 247, 248, 249, 250, 251, 252, 253, 254, 255, 256, 257, 258, 259, 260, 261, 262, 263, 264, 265, 266, 267, 268, 269, 270, 271, 272, 273, 274, 275, 276, 277, 278, 279, 280, 281, 282, 283, 284, 285, 286, 287, 288, 289, 290, 291, 292, 293, 294, 295, 296, 297, 298, 299, 300, 301, 302, 303, 304, 305, 306, 307, 308, 309, 310, 311, 312, 313, 314, 315, 316, 317, 318, 319, 320, 321, 322, 323, 324, 325, 326, 327, 328, 329, 330, 331, 332, 333, 334, 335, 336, 337, 348, 394, 555, 558, 560, 574, 575, 576, 577, 578, 579, 580, 581, 582, 583, 584, 585, 586, 587, 588, 589, 590, 591, 592, 593, 594, 595, 596, 597, 598, 599, 600, 601, 602, 603, 604, 605, 606, 607, 608, 609, 610, 611, 612, 613, 614, 615, 616, 617, 618, 619, 620, 621, 622, 623, 624, 625, 626, 627, 628, 629, 630, 631, 632, 633, 634, 635, 636, 637, 638, 639, 640, 641, 642, 643, 644, 645, 646, 647, 648, 649, 650, 651, 652, 653, 654, 655, 656, 657, 658, 659, 660, 661, 662, 663, 664, 665, 666, 667, 668, 669, 670, 671, 672, 673, 674, 675, 676, 677, 678, 679, 680, 681, 682, 683, 684, 685, 686, 687, 688, 689, 690, 691, 692, 693, 694, 695, 696, 697, 698, 699, 700, 701, 702, 703, 704, 705, 706, 707, 708, 709, 710, 711, 712, 713, 714, 715, 716, 717, 718, 719, 720, 721, 722, 723, 724, 725, 726, 727, 728, 729, 730, 731, 732, 733, 734, 735, 736, 737, 738, 739, 740, 741, 742, 743, 744, 745, 746, 747, 748, 749, 750, 751, 752, 753, 754, 755, 756, 757, 758, 759, 760, 761, 762, 763, 764, 765, 766, 767, 768, 769, 770, 771, 772, 773, 774, 775, 776, 777, 778, 779, 780, 781, 782, 783, 784, 785, 786, 787, 788, 789, 790, 791, 792, 793, 803, 844]",True,"[114, 327, 585, 785]","[103, 104, 105, 106, 107, 108, 109, 110, 111, 112, 113, 114, 115, 116, 117, 118, 119, 120, 121, 122, 123, 124, 125, 126, 127, 128, 129, 130, 131, 132, 133, 134, 135, 136, 137, 138, 139, 140, 141, 142, 143, 144, 145, 146, 147, 148, 149, 150, 151, 152, 153, 154, 155, 156, 157, 158, 159, 160, 161, 162, 163, 164, 165, 166, 167, 168, 169, 170, 171, 172, 173, 174, 175, 176, 177, 178, 179, 180, 181, 182, 183, 184, 185, 186, 187, 188, 189, 190, 191, 192, 193, 194, 195, 196, 197, 198, 199, 200, 201, 202, 203, 204, 205, 206, 207, 208, 209, 210, 211, 212, 213, 214, 215, 216, 217, 218, 219, 220, 221, 222, 223, 224, 225, 226, 227, 228, 229, 230, 231, 232, 233, 234, 235, 236, 237, 238, 239, 240, 241, 242, 243, 244, 245, 246, 247, 248, 249, 250, 251, 252, 253, 254, 255, 256, 257, 258, 259, 260, 261, 262, 263, 264, 265, 266, 267, 268, 269, 270, 271, 272, 273, 274, 275, 276, 277, 278, 279, 280, 281, 282, 283, 284, 285, 286, 287, 288, 289, 290, 291, 292, 293, 294, 295, 296, 297, 298, 299, 300, 301, 302, 303, 304, 305, 306, 307, 308, 309, 310, 311, 312, 313, 314, 315, 316, 317, 318, 319, 320, 321, 322, 323, 324, 325, 326, 327, 328, 329, 330, 331, 332, 333, 334, 335, 336, 337, 574, 575, 576, 577, 578, 579, 580, 581, 582, 583, 584, 585, 586, 587, 588, 589, 590, 591, 592, 593, 594, 595, 596, 597, 598, 599, 600, 601, 602, 603, 604, 605, 606, 607, 608, 609, 610, 611, 612, 613, 614, 615, 616, 617, 618, 619, 620, 621, 622, 623, 624, 625, 626, 627, 628, 629, 630, 631, 632, 633, 634, 635, 636, 637, 638, 639, 640, 641, 642, 643, 644, 645, 646, 647, 648, 649, 650, 651, 652, 653, 654, 655, 656, 657, 658, 659, 660, 661, 662, 663, 664, 665, 666, 667, 668, 669, 670, 671, 672, 673, 674, 675, 676, 677, 678, 679, 680, 681, 682, 683, 684, 685, 686, 687, 688, 689, 690, 691, 692, 693, 694, 695, 696, 697, 698, 699, 700, 701, 702, 703, 704, 705, 706, 707, 708, 709, 710, 711, 712, 713, 714, 715, 716, 717, 718, 719, 720, 721, 722, 723, 724, 725, 726, 727, 728, 729, 730, 731, 732, 733, 734, 735, 736, 737, 738, 739, 740, 741, 742, 743, 744, 745, 746, 747, 748, 749, 750, 751, 752, 753, 754, 755, 756, 757, 758, 759, 760, 761, 762, 763, 764, 765, 766, 767, 768, 769, 770, 771, 772, 773, 774, 775, 776, 777, 778, 779, 780, 781, 782, 783, 784, 785, 786, 787, 788, 789, 790, 791, 792, 793]","[114, 150, 327, 585, 621, 785]","[114, 585]","[105, 114, 138, 141, 152, 153, 154, 155, 157, 159, 164, 165, 176, 182, 191, 192, 194, 195, 196, 200, 204, 208, 209, 210, 211, 215, 226, 228, 241, 242, 243, 245, 248, 249, 250, 257, 261, 270, 271, 282, 287, 289, 291, 294, 296, 298, 306, 308, 309, 311, 314, 327, 333, 335, 337, 576, 585, 609, 612, 623, 624, 626, 627, 629, 631, 636, 637, 647, 653, 662, 663, 665, 666, 667, 671, 674, 678, 679, 680, 681, 690, 692, 705, 706, 707, 709, 711, 712, 713, 719, 721, 729, 730, 741, 746, 748, 750, 753, 755, 757, 764, 766, 767, 769, 772, 785, 791]","[84, 87, 89, 114, 115, 117, 124, 132, 135, 144, 152, 178, 239, 268, 281, 297, 318, 320, 327, 348, 394, 555, 558, 560, 585, 586, 588, 595, 603, 606, 615, 623, 649, 703, 727, 740, 756, 776, 778, 785, 803, 844]",[],7/6 successful match,True,[730],True,348,False,,,,,
"Stockton , 95206 76 Express",209-983-4781 I-5 Exit 468 ( French Camp Rd SE ),24 S,Stockton,95206,76 Express,209-983-4781,2007,Stockton,CA,,( French Camp Rd SE ),I-5 Exit 468 ,Exit,468,False,,False,I-5,,,,,"[585, 114]","[114, 327, 585, 785]","[114, 150, 327, 585, 621, 785]","[114, 585]","[103, 104, 105, 106, 107, 108, 109, 110, 111, 112, 113, 114, 115, 116, 117, 118, 119, 120, 121, 122, 123, 124, 125, 126, 127, 128, 129, 130, 131, 132, 133, 134, 135, 136, 137, 138, 139, 140, 141, 142, 143, 144, 145, 146, 147, 148, 149, 150, 151, 152, 153, 154, 155, 156, 157, 158, 159, 160, 161, 162, 163, 164, 165, 166, 167, 168, 169, 170, 171, 172, 173, 174, 175, 176, 177, 178, 179, 180, 181, 182, 183, 184, 185, 186, 187, 188, 189, 190, 191, 192, 193, 194, 195, 196, 197, 198, 199, 200, 201, 202, 203, 204, 205, 206, 207, 208, 209, 210, 211, 212, 213, 214, 215, 216, 217, 218, 219, 220, 221, 222, 223, 224, 225, 226, 227, 228, 229, 230, 231, 232, 233, 234, 235, 236, 237, 238, 239, 240, 241, 242, 243, 244, 245, 246, 247, 248, 249, 250, 251, 252, 253, 254, 255, 256, 257, 258, 259, 260, 261, 262, 263, 264, 265, 266, 267, 268, 269, 270, 271, 272, 273, 274, 275, 276, 277, 278, 279, 280, 281, 282, 283, 284, 285, 286, 287, 288, 289, 290, 291, 292, 293, 294, 295, 296, 297, 298, 299, 300, 301, 302, 303, 304, 305, 306, 307, 308, 309, 310, 311, 312, 313, 314, 315, 316, 317, 318, 319, 320, 321, 322, 323, 324, 325, 326, 327, 328, 329, 330, 331, 332, 333, 334, 335, 336, 337, 574, 575, 576, 577, 578, 579, 580, 581, 582, 583, 584, 585, 586, 587, 588, 589, 590, 591, 592, 593, 594, 595, 596, 597, 598, 599, 600, 601, 602, 603, 604, 605, 606, 607, 608, 609, 610, 611, 612, 613, 614, 615, 616, 617, 618, 619, 620, 621, 622, 623, 624, 625, 626, 627, 628, 629, 630, 631, 632, 633, 634, 635, 636, 637, 638, 639, 640, 641, 642, 643, 644, 645, 646, 647, 648, 649, 650, 651, 652, 653, 654, 655, 656, 657, 658, 659, 660, 661, 662, 663, 664, 665, 666, 667, 668, 669, 670, 671, 672, 673, 674, 675, 676, 677, 678, 679, 680, 681, 682, 683, 684, 685, 686, 687, 688, 689, 690, 691, 692, 693, 694, 695, 696, 697, 698, 699, 700, 701, 702, 703, 704, 705, 706, 707, 708, 709, 710, 711, 712, 713, 714, 715, 716, 717, 718, 719, 720, 721, 722, 723, 724, 725, 726, 727, 728, 729, 730, 731, 732, 733, 734, 735, 736, 737, 738, 739, 740, 741, 742, 743, 744, 745, 746, 747, 748, 749, 750, 751, 752, 753, 754, 755, 756, 757, 758, 759, 760, 761, 762, 763, 764, 765, 766, 767, 768, 769, 770, 771, 772, 773, 774, 775, 776, 777, 778, 779, 780, 781, 782, 783, 784, 785, 786, 787, 788, 789, 790, 791, 792, 793]","[105, 114, 138, 141, 152, 153, 154, 155, 157, 159, 164, 165, 176, 182, 191, 192, 194, 195, 196, 200, 204, 208, 209, 210, 211, 215, 226, 228, 241, 242, 243, 245, 248, 249, 250, 257, 261, 270, 271, 282, 287, 289, 291, 294, 296, 298, 306, 308, 309, 311, 314, 327, 333, 335, 337, 576, 585, 609, 612, 623, 624, 626, 627, 629, 631, 636, 637, 647, 653, 662, 663, 665, 666, 667, 671, 674, 678, 679, 680, 681, 690, 692, 705, 706, 707, 709, 711, 712, 713, 719, 721, 729, 730, 741, 746, 748, 750, 753, 755, 757, 764, 766, 767, 769, 772, 785, 791]",[],"[84, 87, 89, 114, 115, 117, 124, 132, 135, 144, 152, 178, 239, 268, 281, 297, 318, 320, 327, 348, 394, 555, 558, 560, 585, 586, 588, 595, 603, 606, 615, 623, 649, 703, 727, 740, 756, 776, 778, 785, 803, 844]","[84, 87, 89, 103, 104, 105, 106, 107, 108, 109, 110, 111, 112, 113, 114, 115, 116, 117, 118, 119, 120, 121, 122, 123, 124, 125, 126, 127, 128, 129, 130, 131, 132, 133, 134, 135, 136, 137, 138, 139, 140, 141, 142, 143, 144, 145, 146, 147, 148, 149, 150, 151, 152, 153, 154, 155, 156, 157, 158, 159, 160, 161, 162, 163, 164, 165, 166, 167, 168, 169, 170, 171, 172, 173, 174, 175, 176, 177, 178, 179, 180, 181, 182, 183, 184, 185, 186, 187, 188, 189, 190, 191, 192, 193, 194, 195, 196, 197, 198, 199, 200, 201, 202, 203, 204, 205, 206, 207, 208, 209, 210, 211, 212, 213, 214, 215, 216, 217, 218, 219, 220, 221, 222, 223, 224, 225, 226, 227, 228, 229, 230, 231, 232, 233, 234, 235, 236, 237, 238, 239, 240, 241, 242, 243, 244, 245, 246, 247, 248, 249, 250, 251, 252, 253, 254, 255, 256, 257, 258, 259, 260, 261, 262, 263, 264, 265, 266, 267, 268, 269, 270, 271, 272, 273, 274, 275, 276, 277, 278, 279, 280, 281, 282, 283, 284, 285, 286, 287, 288, 289, 290, 291, 292, 293, 294, 295, 296, 297, 298, 299, 300, 301, 302, 303, 304, 305, 306, 307, 308, 309, 310, 311, 312, 313, 314, 315, 316, 317, 318, 319, 320, 321, 322, 323, 324, 325, 326, 327, 328, 329, 330, 331, 332, 333, 334, 335, 336, 337, 348, 394, 555, 558, 560, 574, 575, 576, 577, 578, 579, 580, 581, 582, 583, 584, 585, 586, 587, 588, 589, 590, 591, 592, 593, 594, 595, 596, 597, 598, 599, 600, 601, 602, 603, 604, 605, 606, 607, 608, 609, 610, 611, 612, 613, 614, 615, 616, 617, 618, 619, 620, 621, 622, 623, 624, 625, 626, 627, 628, 629, 630, 631, 632, 633, 634, 635, 636, 637, 638, 639, 640, 641, 642, 643, 644, 645, 646, 647, 648, 649, 650, 651, 652, 653, 654, 655, 656, 657, 658, 659, 660, 661, 662, 663, 664, 665, 666, 667, 668, 669, 670, 671, 672, 673, 674, 675, 676, 677, 678, 679, 680, 681, 682, 683, 684, 685, 686, 687, 688, 689, 690, 691, 692, 693, 694, 695, 696, 697, 698, 699, 700, 701, 702, 703, 704, 705, 706, 707, 708, 709, 710, 711, 712, 713, 714, 715, 716, 717, 718, 719, 720, 721, 722, 723, 724, 725, 726, 727, 728, 729, 730, 731, 732, 733, 734, 735, 736, 737, 738, 739, 740, 741, 742, 743, 744, 745, 746, 747, 748, 749, 750, 751, 752, 753, 754, 755, 756, 757, 758, 759, 760, 761, 762, 763, 764, 765, 766, 767, 768, 769, 770, 771, 772, 773, 774, 775, 776, 777, 778, 779, 780, 781, 782, 783, 784, 785, 786, 787, 788, 789, 790, 791, 792, 793, 803, 844]",True,"[114, 327, 585, 785]","[103, 104, 105, 106, 107, 108, 109, 110, 111, 112, 113, 114, 115, 116, 117, 118, 119, 120, 121, 122, 123, 124, 125, 126, 127, 128, 129, 130, 131, 132, 133, 134, 135, 136, 137, 138, 139, 140, 141, 142, 143, 144, 145, 146, 147, 148, 149, 150, 151, 152, 153, 154, 155, 156, 157, 158, 159, 160, 161, 162, 163, 164, 165, 166, 167, 168, 169, 170, 171, 172, 173, 174, 175, 176, 177, 178, 179, 180, 181, 182, 183, 184, 185, 186, 187, 188, 189, 190, 191, 192, 193, 194, 195, 196, 197, 198, 199, 200, 201, 202, 203, 204, 205, 206, 207, 208, 209, 210, 211, 212, 213, 214, 215, 216, 217, 218, 219, 220, 221, 222, 223, 224, 225, 226, 227, 228, 229, 230, 231, 232, 233, 234, 235, 236, 237, 238, 239, 240, 241, 242, 243, 244, 245, 246, 247, 248, 249, 250, 251, 252, 253, 254, 255, 256, 257, 258, 259, 260, 261, 262, 263, 264, 265, 266, 267, 268, 269, 270, 271, 272, 273, 274, 275, 276, 277, 278, 279, 280, 281, 282, 283, 284, 285, 286, 287, 288, 289, 290, 291, 292, 293, 294, 295, 296, 297, 298, 299, 300, 301, 302, 303, 304, 305, 306, 307, 308, 309, 310, 311, 312, 313, 314, 315, 316, 317, 318, 319, 320, 321, 322, 323, 324, 325, 326, 327, 328, 329, 330, 331, 332, 333, 334, 335, 336, 337, 574, 575, 576, 577, 578, 579, 580, 581, 582, 583, 584, 585, 586, 587, 588, 589, 590, 591, 592, 593, 594, 595, 596, 597, 598, 599, 600, 601, 602, 603, 604, 605, 606, 607, 608, 609, 610, 611, 612, 613, 614, 615, 616, 617, 618, 619, 620, 621, 622, 623, 624, 625, 626, 627, 628, 629, 630, 631, 632, 633, 634, 635, 636, 637, 638, 639, 640, 641, 642, 643, 644, 645, 646, 647, 648, 649, 650, 651, 652, 653, 654, 655, 656, 657, 658, 659, 660, 661, 662, 663, 664, 665, 666, 667, 668, 669, 670, 671, 672, 673, 674, 675, 676, 677, 678, 679, 680, 681, 682, 683, 684, 685, 686, 687, 688, 689, 690, 691, 692, 693, 694, 695, 696, 697, 698, 699, 700, 701, 702, 703, 704, 705, 706, 707, 708, 709, 710, 711, 712, 713, 714, 715, 716, 717, 718, 719, 720, 721, 722, 723, 724, 725, 726, 727, 728, 729, 730, 731, 732, 733, 734, 735, 736, 737, 738, 739, 740, 741, 742, 743, 744, 745, 746, 747, 748, 749, 750, 751, 752, 753, 754, 755, 756, 757, 758, 759, 760, 761, 762, 763, 764, 765, 766, 767, 768, 769, 770, 771, 772, 773, 774, 775, 776, 777, 778, 779, 780, 781, 782, 783, 784, 785, 786, 787, 788, 789, 790, 791, 792, 793]","[114, 150, 327, 585, 621, 785]","[114, 585]","[105, 114, 138, 141, 152, 153, 154, 155, 157, 159, 164, 165, 176, 182, 191, 192, 194, 195, 196, 200, 204, 208, 209, 210, 211, 215, 226, 228, 241, 242, 243, 245, 248, 249, 250, 257, 261, 270, 271, 282, 287, 289, 291, 294, 296, 298, 306, 308, 309, 311, 314, 327, 333, 335, 337, 576, 585, 609, 612, 623, 624, 626, 627, 629, 631, 636, 637, 647, 653, 662, 663, 665, 666, 667, 671, 674, 678, 679, 680, 681, 690, 692, 705, 706, 707, 709, 711, 712, 713, 719, 721, 729, 730, 741, 746, 748, 750, 753, 755, 757, 764, 766, 767, 769, 772, 785, 791]","[84, 87, 89, 114, 115, 117, 124, 132, 135, 144, 152, 178, 239, 268, 281, 297, 318, 320, 327, 348, 394, 555, 558, 560, 585, 586, 588, 595, 603, 606, 615, 623, 649, 703, 727, 740, 756, 776, 778, 785, 803, 844]",[],7/6 successful match,True,[730],True,348,False,,1.0,True,76 Express,
"E Stockton , 95206 76 Express",2 209-983-4781 I-5 Exit 468 ( French Camp Rd SE ),24 S <U+25A1> <U+25A1>,Stockton,95206,76 Express,209-983-4781,2008,Stockton,CA,,( French Camp Rd SE ),I-5 Exit 468 ,Exit,468,False,,False,I-5,,,,,"[585, 114]","[114, 327, 585, 785]","[114, 150, 327, 585, 621, 785]","[114, 585]","[103, 104, 105, 106, 107, 108, 109, 110, 111, 112, 113, 114, 115, 116, 117, 118, 119, 120, 121, 122, 123, 124, 125, 126, 127, 128, 129, 130, 131, 132, 133, 134, 135, 136, 137, 138, 139, 140, 141, 142, 143, 144, 145, 146, 147, 148, 149, 150, 151, 152, 153, 154, 155, 156, 157, 158, 159, 160, 161, 162, 163, 164, 165, 166, 167, 168, 169, 170, 171, 172, 173, 174, 175, 176, 177, 178, 179, 180, 181, 182, 183, 184, 185, 186, 187, 188, 189, 190, 191, 192, 193, 194, 195, 196, 197, 198, 199, 200, 201, 202, 203, 204, 205, 206, 207, 208, 209, 210, 211, 212, 213, 214, 215, 216, 217, 218, 219, 220, 221, 222, 223, 224, 225, 226, 227, 228, 229, 230, 231, 232, 233, 234, 235, 236, 237, 238, 239, 240, 241, 242, 243, 244, 245, 246, 247, 248, 249, 250, 251, 252, 253, 254, 255, 256, 257, 258, 259, 260, 261, 262, 263, 264, 265, 266, 267, 268, 269, 270, 271, 272, 273, 274, 275, 276, 277, 278, 279, 280, 281, 282, 283, 284, 285, 286, 287, 288, 289, 290, 291, 292, 293, 294, 295, 296, 297, 298, 299, 300, 301, 302, 303, 304, 305, 306, 307, 308, 309, 310, 311, 312, 313, 314, 315, 316, 317, 318, 319, 320, 321, 322, 323, 324, 325, 326, 327, 328, 329, 330, 331, 332, 333, 334, 335, 336, 337, 574, 575, 576, 577, 578, 579, 580, 581, 582, 583, 584, 585, 586, 587, 588, 589, 590, 591, 592, 593, 594, 595, 596, 597, 598, 599, 600, 601, 602, 603, 604, 605, 606, 607, 608, 609, 610, 611, 612, 613, 614, 615, 616, 617, 618, 619, 620, 621, 622, 623, 624, 625, 626, 627, 628, 629, 630, 631, 632, 633, 634, 635, 636, 637, 638, 639, 640, 641, 642, 643, 644, 645, 646, 647, 648, 649, 650, 651, 652, 653, 654, 655, 656, 657, 658, 659, 660, 661, 662, 663, 664, 665, 666, 667, 668, 669, 670, 671, 672, 673, 674, 675, 676, 677, 678, 679, 680, 681, 682, 683, 684, 685, 686, 687, 688, 689, 690, 691, 692, 693, 694, 695, 696, 697, 698, 699, 700, 701, 702, 703, 704, 705, 706, 707, 708, 709, 710, 711, 712, 713, 714, 715, 716, 717, 718, 719, 720, 721, 722, 723, 724, 725, 726, 727, 728, 729, 730, 731, 732, 733, 734, 735, 736, 737, 738, 739, 740, 741, 742, 743, 744, 745, 746, 747, 748, 749, 750, 751, 752, 753, 754, 755, 756, 757, 758, 759, 760, 761, 762, 763, 764, 765, 766, 767, 768, 769, 770, 771, 772, 773, 774, 775, 776, 777, 778, 779, 780, 781, 782, 783, 784, 785, 786, 787, 788, 789, 790, 791, 792, 793]","[105, 114, 138, 141, 152, 153, 154, 155, 157, 159, 164, 165, 176, 182, 191, 192, 194, 195, 196, 200, 204, 208, 209, 210, 211, 215, 226, 228, 241, 242, 243, 245, 248, 249, 250, 257, 261, 270, 271, 282, 287, 289, 291, 294, 296, 298, 306, 308, 309, 311, 314, 327, 333, 335, 337, 576, 585, 609, 612, 623, 624, 626, 627, 629, 631, 636, 637, 647, 653, 662, 663, 665, 666, 667, 671, 674, 678, 679, 680, 681, 690, 692, 705, 706, 707, 709, 711, 712, 713, 719, 721, 729, 730, 741, 746, 748, 750, 753, 755, 757, 764, 766, 767, 769, 772, 785, 791]",[],"[84, 87, 89, 114, 115, 117, 124, 132, 135, 144, 152, 178, 239, 268, 281, 297, 318, 320, 327, 348, 394, 555, 558, 560, 585, 586, 588, 595, 603, 606, 615, 623, 649, 703, 727, 740, 756, 776, 778, 785, 803, 844]","[84, 87, 89, 103, 104, 105, 106, 107, 108, 109, 110, 111, 112, 113, 114, 115, 116, 117, 118, 119, 120, 121, 122, 123, 124, 125, 126, 127, 128, 129, 130, 131, 132, 133, 134, 135, 136, 137, 138, 139, 140, 141, 142, 143, 144, 145, 146, 147, 148, 149, 150, 151, 152, 153, 154, 155, 156, 157, 158, 159, 160, 161, 162, 163, 164, 165, 166, 167, 168, 169, 170, 171, 172, 173, 174, 175, 176, 177, 178, 179, 180, 181, 182, 183, 184, 185, 186, 187, 188, 189, 190, 191, 192, 193, 194, 195, 196, 197, 198, 199, 200, 201, 202, 203, 204, 205, 206, 207, 208, 209, 210, 211, 212, 213, 214, 215, 216, 217, 218, 219, 220, 221, 222, 223, 224, 225, 226, 227, 228, 229, 230, 231, 232, 233, 234, 235, 236, 237, 238, 239, 240, 241, 242, 243, 244, 245, 246, 247, 248, 249, 250, 251, 252, 253, 254, 255, 256, 257, 258, 259, 260, 261, 262, 263, 264, 265, 266, 267, 268, 269, 270, 271, 272, 273, 274, 275, 276, 277, 278, 279, 280, 281, 282, 283, 284, 285, 286, 287, 288, 289, 290, 291, 292, 293, 294, 295, 296, 297, 298, 299, 300, 301, 302, 303, 304, 305, 306, 307, 308, 309, 310, 311, 312, 313, 314, 315, 316, 317, 318, 319, 320, 321, 322, 323, 324, 325, 326, 327, 328, 329, 330, 331, 332, 333, 334, 335, 336, 337, 348, 394, 555, 558, 560, 574, 575, 576, 577, 578, 579, 580, 581, 582, 583, 584, 585, 586, 587, 588, 589, 590, 591, 592, 593, 594, 595, 596, 597, 598, 599, 600, 601, 602, 603, 604, 605, 606, 607, 608, 609, 610, 611, 612, 613, 614, 615, 616, 617, 618, 619, 620, 621, 622, 623, 624, 625, 626, 627, 628, 629, 630, 631, 632, 633, 634, 635, 636, 637, 638, 639, 640, 641, 642, 643, 644, 645, 646, 647, 648, 649, 650, 651, 652, 653, 654, 655, 656, 657, 658, 659, 660, 661, 662, 663, 664, 665, 666, 667, 668, 669, 670, 671, 672, 673, 674, 675, 676, 677, 678, 679, 680, 681, 682, 683, 684, 685, 686, 687, 688, 689, 690, 691, 692, 693, 694, 695, 696, 697, 698, 699, 700, 701, 702, 703, 704, 705, 706, 707, 708, 709, 710, 711, 712, 713, 714, 715, 716, 717, 718, 719, 720, 721, 722, 723, 724, 725, 726, 727, 728, 729, 730, 731, 732, 733, 734, 735, 736, 737, 738, 739, 740, 741, 742, 743, 744, 745, 746, 747, 748, 749, 750, 751, 752, 753, 754, 755, 756, 757, 758, 759, 760, 761, 762, 763, 764, 765, 766, 767, 768, 769, 770, 771, 772, 773, 774, 775, 776, 777, 778, 779, 780, 781, 782, 783, 784, 785, 786, 787, 788, 789, 790, 791, 792, 793, 803, 844]",True,"[114, 327, 585, 785]","[103, 104, 105, 106, 107, 108, 109, 110, 111, 112, 113, 114, 115, 116, 117, 118, 119, 120, 121, 122, 123, 124, 125, 126, 127, 128, 129, 130, 131, 132, 133, 134, 135, 136, 137, 138, 139, 140, 141, 142, 143, 144, 145, 146, 147, 148, 149, 150, 151, 152, 153, 154, 155, 156, 157, 158, 159, 160, 161, 162, 163, 164, 165, 166, 167, 168, 169, 170, 171, 172, 173, 174, 175, 176, 177, 178, 179, 180, 181, 182, 183, 184, 185, 186, 187, 188, 189, 190, 191, 192, 193, 194, 195, 196, 197, 198, 199, 200, 201, 202, 203, 204, 205, 206, 207, 208, 209, 210, 211, 212, 213, 214, 215, 216, 217, 218, 219, 220, 221, 222, 223, 224, 225, 226, 227, 228, 229, 230, 231, 232, 233, 234, 235, 236, 237, 238, 239, 240, 241, 242, 243, 244, 245, 246, 247, 248, 249, 250, 251, 252, 253, 254, 255, 256, 257, 258, 259, 260, 261, 262, 263, 264, 265, 266, 267, 268, 269, 270, 271, 272, 273, 274, 275, 276, 277, 278, 279, 280, 281, 282, 283, 284, 285, 286, 287, 288, 289, 290, 291, 292, 293, 294, 295, 296, 297, 298, 299, 300, 301, 302, 303, 304, 305, 306, 307, 308, 309, 310, 311, 312, 313, 314, 315, 316, 317, 318, 319, 320, 321, 322, 323, 324, 325, 326, 327, 328, 329, 330, 331, 332, 333, 334, 335, 336, 337, 574, 575, 576, 577, 578, 579, 580, 581, 582, 583, 584, 585, 586, 587, 588, 589, 590, 591, 592, 593, 594, 595, 596, 597, 598, 599, 600, 601, 602, 603, 604, 605, 606, 607, 608, 609, 610, 611, 612, 613, 614, 615, 616, 617, 618, 619, 620, 621, 622, 623, 624, 625, 626, 627, 628, 629, 630, 631, 632, 633, 634, 635, 636, 637, 638, 639, 640, 641, 642, 643, 644, 645, 646, 647, 648, 649, 650, 651, 652, 653, 654, 655, 656, 657, 658, 659, 660, 661, 662, 663, 664, 665, 666, 667, 668, 669, 670, 671, 672, 673, 674, 675, 676, 677, 678, 679, 680, 681, 682, 683, 684, 685, 686, 687, 688, 689, 690, 691, 692, 693, 694, 695, 696, 697, 698, 699, 700, 701, 702, 703, 704, 705, 706, 707, 708, 709, 710, 711, 712, 713, 714, 715, 716, 717, 718, 719, 720, 721, 722, 723, 724, 725, 726, 727, 728, 729, 730, 731, 732, 733, 734, 735, 736, 737, 738, 739, 740, 741, 742, 743, 744, 745, 746, 747, 748, 749, 750, 751, 752, 753, 754, 755, 756, 757, 758, 759, 760, 761, 762, 763, 764, 765, 766, 767, 768, 769, 770, 771, 772, 773, 774, 775, 776, 777, 778, 779, 780, 781, 782, 783, 784, 785, 786, 787, 788, 789, 790, 791, 792, 793]","[114, 150, 327, 585, 621, 785]","[114, 585]","[105, 114, 138, 141, 152, 153, 154, 155, 157, 159, 164, 165, 176, 182, 191, 192, 194, 195, 196, 200, 204, 208, 209, 210, 211, 215, 226, 228, 241, 242, 243, 245, 248, 249, 250, 257, 261, 270, 271, 282, 287, 289, 291, 294, 296, 298, 306, 308, 309, 311, 314, 327, 333, 335, 337, 576, 585, 609, 612, 623, 624, 626, 627, 629, 631, 636, 637, 647, 653, 662, 663, 665, 666, 667, 671, 674, 678, 679, 680, 681, 690, 692, 705, 706, 707, 709, 711, 712, 713, 719, 721, 729, 730, 741, 746, 748, 750, 753, 755, 757, 764, 766, 767, 769, 772, 785, 791]","[84, 87, 89, 114, 115, 117, 124, 132, 135, 144, 152, 178, 239, 268, 281, 297, 318, 320, 327, 348, 394, 555, 558, 560, 585, 586, 588, 595, 603, 606, 615, 623, 649, 703, 727, 740, 756, 776, 778, 785, 803, 844]",[],7/6 successful match,True,[730],True,348,False,,1.0,True,76 Express,
Stockton ( 95206 ) 76 Express,209-983-4781 I-5 Exit 468 ( French Camp Rd SE ),24 M =,Stockton,95206,76 Express,209-983-4781,2014,Stockton,CA,,( French Camp Rd SE ),I-5 Exit 468 ,Exit,468,False,,False,I-5,,,,,"[585, 114]","[114, 327, 585, 785]","[114, 150, 327, 585, 621, 785]","[114, 585]","[103, 104, 105, 106, 107, 108, 109, 110, 111, 112, 113, 114, 115, 116, 117, 118, 119, 120, 121, 122, 123, 124, 125, 126, 127, 128, 129, 130, 131, 132, 133, 134, 135, 136, 137, 138, 139, 140, 141, 142, 143, 144, 145, 146, 147, 148, 149, 150, 151, 152, 153, 154, 155, 156, 157, 158, 159, 160, 161, 162, 163, 164, 165, 166, 167, 168, 169, 170, 171, 172, 173, 174, 175, 176, 177, 178, 179, 180, 181, 182, 183, 184, 185, 186, 187, 188, 189, 190, 191, 192, 193, 194, 195, 196, 197, 198, 199, 200, 201, 202, 203, 204, 205, 206, 207, 208, 209, 210, 211, 212, 213, 214, 215, 216, 217, 218, 219, 220, 221, 222, 223, 224, 225, 226, 227, 228, 229, 230, 231, 232, 233, 234, 235, 236, 237, 238, 239, 240, 241, 242, 243, 244, 245, 246, 247, 248, 249, 250, 251, 252, 253, 254, 255, 256, 257, 258, 259, 260, 261, 262, 263, 264, 265, 266, 267, 268, 269, 270, 271, 272, 273, 274, 275, 276, 277, 278, 279, 280, 281, 282, 283, 284, 285, 286, 287, 288, 289, 290, 291, 292, 293, 294, 295, 296, 297, 298, 299, 300, 301, 302, 303, 304, 305, 306, 307, 308, 309, 310, 311, 312, 313, 314, 315, 316, 317, 318, 319, 320, 321, 322, 323, 324, 325, 326, 327, 328, 329, 330, 331, 332, 333, 334, 335, 336, 337, 574, 575, 576, 577, 578, 579, 580, 581, 582, 583, 584, 585, 586, 587, 588, 589, 590, 591, 592, 593, 594, 595, 596, 597, 598, 599, 600, 601, 602, 603, 604, 605, 606, 607, 608, 609, 610, 611, 612, 613, 614, 615, 616, 617, 618, 619, 620, 621, 622, 623, 624, 625, 626, 627, 628, 629, 630, 631, 632, 633, 634, 635, 636, 637, 638, 639, 640, 641, 642, 643, 644, 645, 646, 647, 648, 649, 650, 651, 652, 653, 654, 655, 656, 657, 658, 659, 660, 661, 662, 663, 664, 665, 666, 667, 668, 669, 670, 671, 672, 673, 674, 675, 676, 677, 678, 679, 680, 681, 682, 683, 684, 685, 686, 687, 688, 689, 690, 691, 692, 693, 694, 695, 696, 697, 698, 699, 700, 701, 702, 703, 704, 705, 706, 707, 708, 709, 710, 711, 712, 713, 714, 715, 716, 717, 718, 719, 720, 721, 722, 723, 724, 725, 726, 727, 728, 729, 730, 731, 732, 733, 734, 735, 736, 737, 738, 739, 740, 741, 742, 743, 744, 745, 746, 747, 748, 749, 750, 751, 752, 753, 754, 755, 756, 757, 758, 759, 760, 761, 762, 763, 764, 765, 766, 767, 768, 769, 770, 771, 772, 773, 774, 775, 776, 777, 778, 779, 780, 781, 782, 783, 784, 785, 786, 787, 788, 789, 790, 791, 792, 793]","[105, 114, 138, 141, 152, 153, 154, 155, 157, 159, 164, 165, 176, 182, 191, 192, 194, 195, 196, 200, 204, 208, 209, 210, 211, 215, 226, 228, 241, 242, 243, 245, 248, 249, 250, 257, 261, 270, 271, 282, 287, 289, 291, 294, 296, 298, 306, 308, 309, 311, 314, 327, 333, 335, 337, 576, 585, 609, 612, 623, 624, 626, 627, 629, 631, 636, 637, 647, 653, 662, 663, 665, 666, 667, 671, 674, 678, 679, 680, 681, 690, 692, 705, 706, 707, 709, 711, 712, 713, 719, 721, 729, 730, 741, 746, 748, 750, 753, 755, 757, 764, 766, 767, 769, 772, 785, 791]",[],"[84, 87, 89, 114, 115, 117, 124, 132, 135, 144, 152, 178, 239, 268, 281, 297, 318, 320, 327, 348, 394, 555, 558, 560, 585, 586, 588, 595, 603, 606, 615, 623, 649, 703, 727, 740, 756, 776, 778, 785, 803, 844]","[84, 87, 89, 103, 104, 105, 106, 107, 108, 109, 110, 111, 112, 113, 114, 115, 116, 117, 118, 119, 120, 121, 122, 123, 124, 125, 126, 127, 128, 129, 130, 131, 132, 133, 134, 135, 136, 137, 138, 139, 140, 141, 142, 143, 144, 145, 146, 147, 148, 149, 150, 151, 152, 153, 154, 155, 156, 157, 158, 159, 160, 161, 162, 163, 164, 165, 166, 167, 168, 169, 170, 171, 172, 173, 174, 175, 176, 177, 178, 179, 180, 181, 182, 183, 184, 185, 186, 187, 188, 189, 190, 191, 192, 193, 194, 195, 196, 197, 198, 199, 200, 201, 202, 203, 204, 205, 206, 207, 208, 209, 210, 211, 212, 213, 214, 215, 216, 217, 218, 219, 220, 221, 222, 223, 224, 225, 226, 227, 228, 229, 230, 231, 232, 233, 234, 235, 236, 237, 238, 239, 240, 241, 242, 243, 244, 245, 246, 247, 248, 249, 250, 251, 252, 253, 254, 255, 256, 257, 258, 259, 260, 261, 262, 263, 264, 265, 266, 267, 268, 269, 270, 271, 272, 273, 274, 275, 276, 277, 278, 279, 280, 281, 282, 283, 284, 285, 286, 287, 288, 289, 290, 291, 292, 293, 294, 295, 296, 297, 298, 299, 300, 301, 302, 303, 304, 305, 306, 307, 308, 309, 310, 311, 312, 313, 314, 315, 316, 317, 318, 319, 320, 321, 322, 323, 324, 325, 326, 327, 328, 329, 330, 331, 332, 333, 334, 335, 336, 337, 348, 394, 555, 558, 560, 574, 575, 576, 577, 578, 579, 580, 581, 582, 583, 584, 585, 586, 587, 588, 589, 590, 591, 592, 593, 594, 595, 596, 597, 598, 599, 600, 601, 602, 603, 604, 605, 606, 607, 608, 609, 610, 611, 612, 613, 614, 615, 616, 617, 618, 619, 620, 621, 622, 623, 624, 625, 626, 627, 628, 629, 630, 631, 632, 633, 634, 635, 636, 637, 638, 639, 640, 641, 642, 643, 644, 645, 646, 647, 648, 649, 650, 651, 652, 653, 654, 655, 656, 657, 658, 659, 660, 661, 662, 663, 664, 665, 666, 667, 668, 669, 670, 671, 672, 673, 674, 675, 676, 677, 678, 679, 680, 681, 682, 683, 684, 685, 686, 687, 688, 689, 690, 691, 692, 693, 694, 695, 696, 697, 698, 699, 700, 701, 702, 703, 704, 705, 706, 707, 708, 709, 710, 711, 712, 713, 714, 715, 716, 717, 718, 719, 720, 721, 722, 723, 724, 725, 726, 727, 728, 729, 730, 731, 732, 733, 734, 735, 736, 737, 738, 739, 740, 741, 742, 743, 744, 745, 746, 747, 748, 749, 750, 751, 752, 753, 754, 755, 756, 757, 758, 759, 760, 761, 762, 763, 764, 765, 766, 767, 768, 769, 770, 771, 772, 773, 774, 775, 776, 777, 778, 779, 780, 781, 782, 783, 784, 785, 786, 787, 788, 789, 790, 791, 792, 793, 803, 844]",True,"[114, 327, 585, 785]","[103, 104, 105, 106, 107, 108, 109, 110, 111, 112, 113, 114, 115, 116, 117, 118, 119, 120, 121, 122, 123, 124, 125, 126, 127, 128, 129, 130, 131, 132, 133, 134, 135, 136, 137, 138, 139, 140, 141, 142, 143, 144, 145, 146, 147, 148, 149, 150, 151, 152, 153, 154, 155, 156, 157, 158, 159, 160, 161, 162, 163, 164, 165, 166, 167, 168, 169, 170, 171, 172, 173, 174, 175, 176, 177, 178, 179, 180, 181, 182, 183, 184, 185, 186, 187, 188, 189, 190, 191, 192, 193, 194, 195, 196, 197, 198, 199, 200, 201, 202, 203, 204, 205, 206, 207, 208, 209, 210, 211, 212, 213, 214, 215, 216, 217, 218, 219, 220, 221, 222, 223, 224, 225, 226, 227, 228, 229, 230, 231, 232, 233, 234, 235, 236, 237, 238, 239, 240, 241, 242, 243, 244, 245, 246, 247, 248, 249, 250, 251, 252, 253, 254, 255, 256, 257, 258, 259, 260, 261, 262, 263, 264, 265, 266, 267, 268, 269, 270, 271, 272, 273, 274, 275, 276, 277, 278, 279, 280, 281, 282, 283, 284, 285, 286, 287, 288, 289, 290, 291, 292, 293, 294, 295, 296, 297, 298, 299, 300, 301, 302, 303, 304, 305, 306, 307, 308, 309, 310, 311, 312, 313, 314, 315, 316, 317, 318, 319, 320, 321, 322, 323, 324, 325, 326, 327, 328, 329, 330, 331, 332, 333, 334, 335, 336, 337, 574, 575, 576, 577, 578, 579, 580, 581, 582, 583, 584, 585, 586, 587, 588, 589, 590, 591, 592, 593, 594, 595, 596, 597, 598, 599, 600, 601, 602, 603, 604, 605, 606, 607, 608, 609, 610, 611, 612, 613, 614, 615, 616, 617, 618, 619, 620, 621, 622, 623, 624, 625, 626, 627, 628, 629, 630, 631, 632, 633, 634, 635, 636, 637, 638, 639, 640, 641, 642, 643, 644, 645, 646, 647, 648, 649, 650, 651, 652, 653, 654, 655, 656, 657, 658, 659, 660, 661, 662, 663, 664, 665, 666, 667, 668, 669, 670, 671, 672, 673, 674, 675, 676, 677, 678, 679, 680, 681, 682, 683, 684, 685, 686, 687, 688, 689, 690, 691, 692, 693, 694, 695, 696, 697, 698, 699, 700, 701, 702, 703, 704, 705, 706, 707, 708, 709, 710, 711, 712, 713, 714, 715, 716, 717, 718, 719, 720, 721, 722, 723, 724, 725, 726, 727, 728, 729, 730, 731, 732, 733, 734, 735, 736, 737, 738, 739, 740, 741, 742, 743, 744, 745, 746, 747, 748, 749, 750, 751, 752, 753, 754, 755, 756, 757, 758, 759, 760, 761, 762, 763, 764, 765, 766, 767, 768, 769, 770, 771, 772, 773, 774, 775, 776, 777, 778, 779, 780, 781, 782, 783, 784, 785, 786, 787, 788, 789, 790, 791, 792, 793]","[114, 150, 327, 585, 621, 785]","[114, 585]","[105, 114, 138, 141, 152, 153, 154, 155, 157, 159, 164, 165, 176, 182, 191, 192, 194, 195, 196, 200, 204, 208, 209, 210, 211, 215, 226, 228, 241, 242, 243, 245, 248, 249, 250, 257, 261, 270, 271, 282, 287, 289, 291, 294, 296, 298, 306, 308, 309, 311, 314, 327, 333, 335, 337, 576, 585, 609, 612, 623, 624, 626, 627, 629, 631, 636, 637, 647, 653, 662, 663, 665, 666, 667, 671, 674, 678, 679, 680, 681, 690, 692, 705, 706, 707, 709, 711, 712, 713, 719, 721, 729, 730, 741, 746, 748, 750, 753, 755, 757, 764, 766, 767, 769, 772, 785, 791]","[84, 87, 89, 114, 115, 117, 124, 132, 135, 144, 152, 178, 239, 268, 281, 297, 318, 320, 327, 348, 394, 555, 558, 560, 585, 586, 588, 595, 603, 606, 615, 623, 649, 703, 727, 740, 756, 776, 778, 785, 803, 844]",[],7/6 successful match,True,[730],True,348,False,,1.0,True,76 Express,
Stockton ( 95206 ) 76 Express & Grand Ave ( 1/4 mi E ),209-983-4781 I-5 Exit 468 (,24 M,Stockton,95206,76 Express & Grand Ave ( 1/4 mi E ),209-983-4781,2015,Stockton,CA,,(,I-5 Exit 468 ,Exit,468,False,,False,I-5,,,,,"[585, 114]","[114, 327, 585, 785]","[114, 150, 327, 585, 621, 785]","[114, 585]","[103, 104, 105, 106, 107, 108, 109, 110, 111, 112, 113, 114, 115, 116, 117, 118, 119, 120, 121, 122, 123, 124, 125, 126, 127, 128, 129, 130, 131, 132, 133, 134, 135, 136, 137, 138, 139, 140, 141, 142, 143, 144, 145, 146, 147, 148, 149, 150, 151, 152, 153, 154, 155, 156, 157, 158, 159, 160, 161, 162, 163, 164, 165, 166, 167, 168, 169, 170, 171, 172, 173, 174, 175, 176, 177, 178, 179, 180, 181, 182, 183, 184, 185, 186, 187, 188, 189, 190, 191, 192, 193, 194, 195, 196, 197, 198, 199, 200, 201, 202, 203, 204, 205, 206, 207, 208, 209, 210, 211, 212, 213, 214, 215, 216, 217, 218, 219, 220, 221, 222, 223, 224, 225, 226, 227, 228, 229, 230, 231, 232, 233, 234, 235, 236, 237, 238, 239, 240, 241, 242, 243, 244, 245, 246, 247, 248, 249, 250, 251, 252, 253, 254, 255, 256, 257, 258, 259, 260, 261, 262, 263, 264, 265, 266, 267, 268, 269, 270, 271, 272, 273, 274, 275, 276, 277, 278, 279, 280, 281, 282, 283, 284, 285, 286, 287, 288, 289, 290, 291, 292, 293, 294, 295, 296, 297, 298, 299, 300, 301, 302, 303, 304, 305, 306, 307, 308, 309, 310, 311, 312, 313, 314, 315, 316, 317, 318, 319, 320, 321, 322, 323, 324, 325, 326, 327, 328, 329, 330, 331, 332, 333, 334, 335, 336, 337, 574, 575, 576, 577, 578, 579, 580, 581, 582, 583, 584, 585, 586, 587, 588, 589, 590, 591, 592, 593, 594, 595, 596, 597, 598, 599, 600, 601, 602, 603, 604, 605, 606, 607, 608, 609, 610, 611, 612, 613, 614, 615, 616, 617, 618, 619, 620, 621, 622, 623, 624, 625, 626, 627, 628, 629, 630, 631, 632, 633, 634, 635, 636, 637, 638, 639, 640, 641, 642, 643, 644, 645, 646, 647, 648, 649, 650, 651, 652, 653, 654, 655, 656, 657, 658, 659, 660, 661, 662, 663, 664, 665, 666, 667, 668, 669, 670, 671, 672, 673, 674, 675, 676, 677, 678, 679, 680, 681, 682, 683, 684, 685, 686, 687, 688, 689, 690, 691, 692, 693, 694, 695, 696, 697, 698, 699, 700, 701, 702, 703, 704, 705, 706, 707, 708, 709, 710, 711, 712, 713, 714, 715, 716, 717, 718, 719, 720, 721, 722, 723, 724, 725, 726, 727, 728, 729, 730, 731, 732, 733, 734, 735, 736, 737, 738, 739, 740, 741, 742, 743, 744, 745, 746, 747, 748, 749, 750, 751, 752, 753, 754, 755, 756, 757, 758, 759, 760, 761, 762, 763, 764, 765, 766, 767, 768, 769, 770, 771, 772, 773, 774, 775, 776, 777, 778, 779, 780, 781, 782, 783, 784, 785, 786, 787, 788, 789, 790, 791, 792, 793]","[105, 114, 138, 141, 152, 153, 154, 155, 157, 159, 164, 165, 176, 182, 191, 192, 194, 195, 196, 200, 204, 208, 209, 210, 211, 215, 226, 228, 241, 242, 243, 245, 248, 249, 250, 257, 261, 270, 271, 282, 287, 289, 291, 294, 296, 298, 306, 308, 309, 311, 314, 327, 333, 335, 337, 576, 585, 609, 612, 623, 624, 626, 627, 629, 631, 636, 637, 647, 653, 662, 663, 665, 666, 667, 671, 674, 678, 679, 680, 681, 690, 692, 705, 706, 707, 709, 711, 712, 713, 719, 721, 729, 730, 741, 746, 748, 750, 753, 755, 757, 764, 766, 767, 769, 772, 785, 791]",[],"[84, 87, 89, 114, 115, 117, 124, 132, 135, 144, 152, 178, 239, 268, 281, 297, 318, 320, 327, 348, 394, 555, 558, 560, 585, 586, 588, 595, 603, 606, 615, 623, 649, 703, 727, 740, 756, 776, 778, 785, 803, 844]","[84, 87, 89, 103, 104, 105, 106, 107, 108, 109, 110, 111, 112, 113, 114, 115, 116, 117, 118, 119, 120, 121, 122, 123, 124, 125, 126, 127, 128, 129, 130, 131, 132, 133, 134, 135, 136, 137, 138, 139, 140, 141, 142, 143, 144, 145, 146, 147, 148, 149, 150, 151, 152, 153, 154, 155, 156, 157, 158, 159, 160, 161, 162, 163, 164, 165, 166, 167, 168, 169, 170, 171, 172, 173, 174, 175, 176, 177, 178, 179, 180, 181, 182, 183, 184, 185, 186, 187, 188, 189, 190, 191, 192, 193, 194, 195, 196, 197, 198, 199, 200, 201, 202, 203, 204, 205, 206, 207, 208, 209, 210, 211, 212, 213, 214, 215, 216, 217, 218, 219, 220, 221, 222, 223, 224, 225, 226, 227, 228, 229, 230, 231, 232, 233, 234, 235, 236, 237, 238, 239, 240, 241, 242, 243, 244, 245, 246, 247, 248, 249, 250, 251, 252, 253, 254, 255, 256, 257, 258, 259, 260, 261, 262, 263, 264, 265, 266, 267, 268, 269, 270, 271, 272, 273, 274, 275, 276, 277, 278, 279, 280, 281, 282, 283, 284, 285, 286, 287, 288, 289, 290, 291, 292, 293, 294, 295, 296, 297, 298, 299, 300, 301, 302, 303, 304, 305, 306, 307, 308, 309, 310, 311, 312, 313, 314, 315, 316, 317, 318, 319, 320, 321, 322, 323, 324, 325, 326, 327, 328, 329, 330, 331, 332, 333, 334, 335, 336, 337, 348, 394, 555, 558, 560, 574, 575, 576, 577, 578, 579, 580, 581, 582, 583, 584, 585, 586, 587, 588, 589, 590, 591, 592, 593, 594, 595, 596, 597, 598, 599, 600, 601, 602, 603, 604, 605, 606, 607, 608, 609, 610, 611, 612, 613, 614, 615, 616, 617, 618, 619, 620, 621, 622, 623, 624, 625, 626, 627, 628, 629, 630, 631, 632, 633, 634, 635, 636, 637, 638, 639, 640, 641, 642, 643, 644, 645, 646, 647, 648, 649, 650, 651, 652, 653, 654, 655, 656, 657, 658, 659, 660, 661, 662, 663, 664, 665, 666, 667, 668, 669, 670, 671, 672, 673, 674, 675, 676, 677, 678, 679, 680, 681, 682, 683, 684, 685, 686, 687, 688, 689, 690, 691, 692, 693, 694, 695, 696, 697, 698, 699, 700, 701, 702, 703, 704, 705, 706, 707, 708, 709, 710, 711, 712, 713, 714, 715, 716, 717, 718, 719, 720, 721, 722, 723, 724, 725, 726, 727, 728, 729, 730, 731, 732, 733, 734, 735, 736, 737, 738, 739, 740, 741, 742, 743, 744, 745, 746, 747, 748, 749, 750, 751, 752, 753, 754, 755, 756, 757, 758, 759, 760, 761, 762, 763, 764, 765, 766, 767, 768, 769, 770, 771, 772, 773, 774, 775, 776, 777, 778, 779, 780, 781, 782, 783, 784, 785, 786, 787, 788, 789, 790, 791, 792, 793, 803, 844]",True,"[114, 327, 585, 785]","[103, 104, 105, 106, 107, 108, 109, 110, 111, 112, 113, 114, 115, 116, 117, 118, 119, 120, 121, 122, 123, 124, 125, 126, 127, 128, 129, 130, 131, 132, 133, 134, 135, 136, 137, 138, 139, 140, 141, 142, 143, 144, 145, 146, 147, 148, 149, 150, 151, 152, 153, 154, 155, 156, 157, 158, 159, 160, 161, 162, 163, 164, 165, 166, 167, 168, 169, 170, 171, 172, 173, 174, 175, 176, 177, 178, 179, 180, 181, 182, 183, 184, 185, 186, 187, 188, 189, 190, 191, 192, 193, 194, 195, 196, 197, 198, 199, 200, 201, 202, 203, 204, 205, 206, 207, 208, 209, 210, 211, 212, 213, 214, 215, 216, 217, 218, 219, 220, 221, 222, 223, 224, 225, 226, 227, 228, 229, 230, 231, 232, 233, 234, 235, 236, 237, 238, 239, 240, 241, 242, 243, 244, 245, 246, 247, 248, 249, 250, 251, 252, 253, 254, 255, 256, 257, 258, 259, 260, 261, 262, 263, 264, 265, 266, 267, 268, 269, 270, 271, 272, 273, 274, 275, 276, 277, 278, 279, 280, 281, 282, 283, 284, 285, 286, 287, 288, 289, 290, 291, 292, 293, 294, 295, 296, 297, 298, 299, 300, 301, 302, 303, 304, 305, 306, 307, 308, 309, 310, 311, 312, 313, 314, 315, 316, 317, 318, 319, 320, 321, 322, 323, 324, 325, 326, 327, 328, 329, 330, 331, 332, 333, 334, 335, 336, 337, 574, 575, 576, 577, 578, 579, 580, 581, 582, 583, 584, 585, 586, 587, 588, 589, 590, 591, 592, 593, 594, 595, 596, 597, 598, 599, 600, 601, 602, 603, 604, 605, 606, 607, 608, 609, 610, 611, 612, 613, 614, 615, 616, 617, 618, 619, 620, 621, 622, 623, 624, 625, 626, 627, 628, 629, 630, 631, 632, 633, 634, 635, 636, 637, 638, 639, 640, 641, 642, 643, 644, 645, 646, 647, 648, 649, 650, 651, 652, 653, 654, 655, 656, 657, 658, 659, 660, 661, 662, 663, 664, 665, 666, 667, 668, 669, 670, 671, 672, 673, 674, 675, 676, 677, 678, 679, 680, 681, 682, 683, 684, 685, 686, 687, 688, 689, 690, 691, 692, 693, 694, 695, 696, 697, 698, 699, 700, 701, 702, 703, 704, 705, 706, 707, 708, 709, 710, 711, 712, 713, 714, 715, 716, 717, 718, 719, 720, 721, 722, 723, 724, 725, 726, 727, 728, 729, 730, 731, 732, 733, 734, 735, 736, 737, 738, 739, 740, 741, 742, 743, 744, 745, 746, 747, 748, 749, 750, 751, 752, 753, 754, 755, 756, 757, 758, 759, 760, 761, 762, 763, 764, 765, 766, 767, 768, 769, 770, 771, 772, 773, 774, 775, 776, 777, 778, 779, 780, 781, 782, 783, 784, 785, 786, 787, 788, 789, 790, 791, 792, 793]","[114, 150, 327, 585, 621, 785]","[114, 585]","[105, 114, 138, 141, 152, 153, 154, 155, 157, 159, 164, 165, 176, 182, 191, 192, 194, 195, 196, 200, 204, 208, 209, 210, 211, 215, 226, 228, 241, 242, 243, 245, 248, 249, 250, 257, 261, 270, 271, 282, 287, 289, 291, 294, 296, 298, 306, 308, 309, 311, 314, 327, 333, 335, 337, 576, 585, 609, 612, 623, 624, 626, 627, 629, 631, 636, 637, 647, 653, 662, 663, 665, 666, 667, 671, 674, 678, 679, 680, 681, 690, 692, 705, 706, 707, 709, 711, 712, 713, 719, 721, 729, 730, 741, 746, 748, 750, 753, 755, 757, 764, 766, 767, 769, 772, 785, 791]","[84, 87, 89, 114, 115, 117, 124, 132, 135, 144, 152, 178, 239, 268, 281, 297, 318, 320, 327, 348, 394, 555, 558, 560, 585, 586, 588, 595, 603, 606, 615, 623, 649, 703, 727, 740, 756, 776, 778, 785, 803, 844]",[],7/6 successful match,True,[730],True,348,False,,0.9,True,76 Express,
E Stockton ( 95206 ) 76 Express,2 209-983-4781 I-5 Exit 468 ( French Camp Rd SE ) .,24 M,Stockton,95206,76 Express,209-983-4781,2016,Stockton,CA,,( French Camp Rd SE ) .,I-5 Exit 468 ,Exit,468,False,,False,I-5,,,,,"[585, 114]","[114, 327, 585, 785]","[114, 150, 327, 585, 621, 785]","[114, 585]","[103, 104, 105, 106, 107, 108, 109, 110, 111, 112, 113, 114, 115, 116, 117, 118, 119, 120, 121, 122, 123, 124, 125, 126, 127, 128, 129, 130, 131, 132, 133, 134, 135, 136, 137, 138, 139, 140, 141, 142, 143, 144, 145, 146, 147, 148, 149, 150, 151, 152, 153, 154, 155, 156, 157, 158, 159, 160, 161, 162, 163, 164, 165, 166, 167, 168, 169, 170, 171, 172, 173, 174, 175, 176, 177, 178, 179, 180, 181, 182, 183, 184, 185, 186, 187, 188, 189, 190, 191, 192, 193, 194, 195, 196, 197, 198, 199, 200, 201, 202, 203, 204, 205, 206, 207, 208, 209, 210, 211, 212, 213, 214, 215, 216, 217, 218, 219, 220, 221, 222, 223, 224, 225, 226, 227, 228, 229, 230, 231, 232, 233, 234, 235, 236, 237, 238, 239, 240, 241, 242, 243, 244, 245, 246, 247, 248, 249, 250, 251, 252, 253, 254, 255, 256, 257, 258, 259, 260, 261, 262, 263, 264, 265, 266, 267, 268, 269, 270, 271, 272, 273, 274, 275, 276, 277, 278, 279, 280, 281, 282, 283, 284, 285, 286, 287, 288, 289, 290, 291, 292, 293, 294, 295, 296, 297, 298, 299, 300, 301, 302, 303, 304, 305, 306, 307, 308, 309, 310, 311, 312, 313, 314, 315, 316, 317, 318, 319, 320, 321, 322, 323, 324, 325, 326, 327, 328, 329, 330, 331, 332, 333, 334, 335, 336, 337, 574, 575, 576, 577, 578, 579, 580, 581, 582, 583, 584, 585, 586, 587, 588, 589, 590, 591, 592, 593, 594, 595, 596, 597, 598, 599, 600, 601, 602, 603, 604, 605, 606, 607, 608, 609, 610, 611, 612, 613, 614, 615, 616, 617, 618, 619, 620, 621, 622, 623, 624, 625, 626, 627, 628, 629, 630, 631, 632, 633, 634, 635, 636, 637, 638, 639, 640, 641, 642, 643, 644, 645, 646, 647, 648, 649, 650, 651, 652, 653, 654, 655, 656, 657, 658, 659, 660, 661, 662, 663, 664, 665, 666, 667, 668, 669, 670, 671, 672, 673, 674, 675, 676, 677, 678, 679, 680, 681, 682, 683, 684, 685, 686, 687, 688, 689, 690, 691, 692, 693, 694, 695, 696, 697, 698, 699, 700, 701, 702, 703, 704, 705, 706, 707, 708, 709, 710, 711, 712, 713, 714, 715, 716, 717, 718, 719, 720, 721, 722, 723, 724, 725, 726, 727, 728, 729, 730, 731, 732, 733, 734, 735, 736, 737, 738, 739, 740, 741, 742, 743, 744, 745, 746, 747, 748, 749, 750, 751, 752, 753, 754, 755, 756, 757, 758, 759, 760, 761, 762, 763, 764, 765, 766, 767, 768, 769, 770, 771, 772, 773, 774, 775, 776, 777, 778, 779, 780, 781, 782, 783, 784, 785, 786, 787, 788, 789, 790, 791, 792, 793]","[105, 114, 138, 141, 152, 153, 154, 155, 157, 159, 164, 165, 176, 182, 191, 192, 194, 195, 196, 200, 204, 208, 209, 210, 211, 215, 226, 228, 241, 242, 243, 245, 248, 249, 250, 257, 261, 270, 271, 282, 287, 289, 291, 294, 296, 298, 306, 308, 309, 311, 314, 327, 333, 335, 337, 576, 585, 609, 612, 623, 624, 626, 627, 629, 631, 636, 637, 647, 653, 662, 663, 665, 666, 667, 671, 674, 678, 679, 680, 681, 690, 692, 705, 706, 707, 709, 711, 712, 713, 719, 721, 729, 730, 741, 746, 748, 750, 753, 755, 757, 764, 766, 767, 769, 772, 785, 791]",[],"[84, 87, 89, 114, 115, 117, 124, 132, 135, 144, 152, 178, 239, 268, 281, 297, 318, 320, 327, 348, 394, 555, 558, 560, 585, 586, 588, 595, 603, 606, 615, 623, 649, 703, 727, 740, 756, 776, 778, 785, 803, 844]","[84, 87, 89, 103, 104, 105, 106, 107, 108, 109, 110, 111, 112, 113, 114, 115, 116, 117, 118, 119, 120, 121, 122, 123, 124, 125, 126, 127, 128, 129, 130, 131, 132, 133, 134, 135, 136, 137, 138, 139, 140, 141, 142, 143, 144, 145, 146, 147, 148, 149, 150, 151, 152, 153, 154, 155, 156, 157, 158, 159, 160, 161, 162, 163, 164, 165, 166, 167, 168, 169, 170, 171, 172, 173, 174, 175, 176, 177, 178, 179, 180, 181, 182, 183, 184, 185, 186, 187, 188, 189, 190, 191, 192, 193, 194, 195, 196, 197, 198, 199, 200, 201, 202, 203, 204, 205, 206, 207, 208, 209, 210, 211, 212, 213, 214, 215, 216, 217, 218, 219, 220, 221, 222, 223, 224, 225, 226, 227, 228, 229, 230, 231, 232, 233, 234, 235, 236, 237, 238, 239, 240, 241, 242, 243, 244, 245, 246, 247, 248, 249, 250, 251, 252, 253, 254, 255, 256, 257, 258, 259, 260, 261, 262, 263, 264, 265, 266, 267, 268, 269, 270, 271, 272, 273, 274, 275, 276, 277, 278, 279, 280, 281, 282, 283, 284, 285, 286, 287, 288, 289, 290, 291, 292, 293, 294, 295, 296, 297, 298, 299, 300, 301, 302, 303, 304, 305, 306, 307, 308, 309, 310, 311, 312, 313, 314, 315, 316, 317, 318, 319, 320, 321, 322, 323, 324, 325, 326, 327, 328, 329, 330, 331, 332, 333, 334, 335, 336, 337, 348, 394, 555, 558, 560, 574, 575, 576, 577, 578, 579, 580, 581, 582, 583, 584, 585, 586, 587, 588, 589, 590, 591, 592, 593, 594, 595, 596, 597, 598, 599, 600, 601, 602, 603, 604, 605, 606, 607, 608, 609, 610, 611, 612, 613, 614, 615, 616, 617, 618, 619, 620, 621, 622, 623, 624, 625, 626, 627, 628, 629, 630, 631, 632, 633, 634, 635, 636, 637, 638, 639, 640, 641, 642, 643, 644, 645, 646, 647, 648, 649, 650, 651, 652, 653, 654, 655, 656, 657, 658, 659, 660, 661, 662, 663, 664, 665, 666, 667, 668, 669, 670, 671, 672, 673, 674, 675, 676, 677, 678, 679, 680, 681, 682, 683, 684, 685, 686, 687, 688, 689, 690, 691, 692, 693, 694, 695, 696, 697, 698, 699, 700, 701, 702, 703, 704, 705, 706, 707, 708, 709, 710, 711, 712, 713, 714, 715, 716, 717, 718, 719, 720, 721, 722, 723, 724, 725, 726, 727, 728, 729, 730, 731, 732, 733, 734, 735, 736, 737, 738, 739, 740, 741, 742, 743, 744, 745, 746, 747, 748, 749, 750, 751, 752, 753, 754, 755, 756, 757, 758, 759, 760, 761, 762, 763, 764, 765, 766, 767, 768, 769, 770, 771, 772, 773, 774, 775, 776, 777, 778, 779, 780, 781, 782, 783, 784, 785, 786, 787, 788, 789, 790, 791, 792, 793, 803, 844]",True,"[114, 327, 585, 785]","[103, 104, 105, 106, 107, 108, 109, 110, 111, 112, 113, 114, 115, 116, 117, 118, 119, 120, 121, 122, 123, 124, 125, 126, 127, 128, 129, 130, 131, 132, 133, 134, 135, 136, 137, 138, 139, 140, 141, 142, 143, 144, 145, 146, 147, 148, 149, 150, 151, 152, 153, 154, 155, 156, 157, 158, 159, 160, 161, 162, 163, 164, 165, 166, 167, 168, 169, 170, 171, 172, 173, 174, 175, 176, 177, 178, 179, 180, 181, 182, 183, 184, 185, 186, 187, 188, 189, 190, 191, 192, 193, 194, 195, 196, 197, 198, 199, 200, 201, 202, 203, 204, 205, 206, 207, 208, 209, 210, 211, 212, 213, 214, 215, 216, 217, 218, 219, 220, 221, 222, 223, 224, 225, 226, 227, 228, 229, 230, 231, 232, 233, 234, 235, 236, 237, 238, 239, 240, 241, 242, 243, 244, 245, 246, 247, 248, 249, 250, 251, 252, 253, 254, 255, 256, 257, 258, 259, 260, 261, 262, 263, 264, 265, 266, 267, 268, 269, 270, 271, 272, 273, 274, 275, 276, 277, 278, 279, 280, 281, 282, 283, 284, 285, 286, 287, 288, 289, 290, 291, 292, 293, 294, 295, 296, 297, 298, 299, 300, 301, 302, 303, 304, 305, 306, 307, 308, 309, 310, 311, 312, 313, 314, 315, 316, 317, 318, 319, 320, 321, 322, 323, 324, 325, 326, 327, 328, 329, 330, 331, 332, 333, 334, 335, 336, 337, 574, 575, 576, 577, 578, 579, 580, 581, 582, 583, 584, 585, 586, 587, 588, 589, 590, 591, 592, 593, 594, 595, 596, 597, 598, 599, 600, 601, 602, 603, 604, 605, 606, 607, 608, 609, 610, 611, 612, 613, 614, 615, 616, 617, 618, 619, 620, 621, 622, 623, 624, 625, 626, 627, 628, 629, 630, 631, 632, 633, 634, 635, 636, 637, 638, 639, 640, 641, 642, 643, 644, 645, 646, 647, 648, 649, 650, 651, 652, 653, 654, 655, 656, 657, 658, 659, 660, 661, 662, 663, 664, 665, 666, 667, 668, 669, 670, 671, 672, 673, 674, 675, 676, 677, 678, 679, 680, 681, 682, 683, 684, 685, 686, 687, 688, 689, 690, 691, 692, 693, 694, 695, 696, 697, 698, 699, 700, 701, 702, 703, 704, 705, 706, 707, 708, 709, 710, 711, 712, 713, 714, 715, 716, 717, 718, 719, 720, 721, 722, 723, 724, 725, 726, 727, 728, 729, 730, 731, 732, 733, 734, 735, 736, 737, 738, 739, 740, 741, 742, 743, 744, 745, 746, 747, 748, 749, 750, 751, 752, 753, 754, 755, 756, 757, 758, 759, 760, 761, 762, 763, 764, 765, 766, 767, 768, 769, 770, 771, 772, 773, 774, 775, 776, 777, 778, 779, 780, 781, 782, 783, 784, 785, 786, 787, 788, 789, 790, 791, 792, 793]","[114, 150, 327, 585, 621, 785]","[114, 585]","[105, 114, 138, 141, 152, 153, 154, 155, 157, 159, 164, 165, 176, 182, 191, 192, 194, 195, 196, 200, 204, 208, 209, 210, 211, 215, 226, 228, 241, 242, 243, 245, 248, 249, 250, 257, 261, 270, 271, 282, 287, 289, 291, 294, 296, 298, 306, 308, 309, 311, 314, 327, 333, 335, 337, 576, 585, 609, 612, 623, 624, 626, 627, 629, 631, 636, 637, 647, 653, 662, 663, 665, 666, 667, 671, 674, 678, 679, 680, 681, 690, 692, 705, 706, 707, 709, 711, 712, 713, 719, 721, 729, 730, 741, 746, 748, 750, 753, 755, 757, 764, 766, 767, 769, 772, 785, 791]","[84, 87, 89, 114, 115, 117, 124, 132, 135, 144, 152, 178, 239, 268, 281, 297, 318, 320, 327, 348, 394, 555, 558, 560, 585, 586, 588, 595, 603, 606, 615, 623, 649, 703, 727, 740, 756, 776, 778, 785, 803, 844]",[],7/6 successful match,True,[730],True,348,False,,0.9,True,76 Express & Grand Ave ( 1/4 mi E ),
"Acampo , 95220 Jahant Food & Fuel",209-333-6000 CA 99 Exit 271 ( 24323 SB Svc Rd ),24,Acampo,95220,Jahant Food & Fuel,209-333-6000,2006,Acampo,CA,,( 24323 SB Svc Rd ),CA 99 Exit 271 ,Exit,271,False,,False,CA 99,,,,,"[661, 190]","[190, 661]","[190, 661]","[190, 661]","[103, 104, 105, 106, 107, 108, 109, 110, 111, 112, 113, 114, 115, 116, 117, 118, 119, 120, 121, 122, 123, 124, 125, 126, 127, 128, 129, 130, 131, 132, 133, 134, 135, 136, 137, 138, 139, 140, 141, 142, 143, 144, 145, 146, 147, 148, 149, 150, 151, 152, 153, 154, 155, 156, 157, 158, 159, 160, 161, 162, 163, 164, 165, 166, 167, 168, 169, 170, 171, 172, 173, 174, 175, 176, 177, 178, 179, 180, 181, 182, 183, 184, 185, 186, 187, 188, 189, 190, 191, 192, 193, 194, 195, 196, 197, 198, 199, 200, 201, 202, 203, 204, 205, 206, 207, 208, 209, 210, 211, 212, 213, 214, 215, 216, 217, 218, 219, 220, 221, 222, 223, 224, 225, 226, 227, 228, 229, 230, 231, 232, 233, 234, 235, 236, 237, 238, 239, 240, 241, 242, 243, 244, 245, 246, 247, 248, 249, 250, 251, 252, 253, 254, 255, 256, 257, 258, 259, 260, 261, 262, 263, 264, 265, 266, 267, 268, 269, 270, 271, 272, 273, 274, 275, 276, 277, 278, 279, 280, 281, 282, 283, 284, 285, 286, 287, 288, 289, 290, 291, 292, 293, 294, 295, 296, 297, 298, 299, 300, 301, 302, 303, 304, 305, 306, 307, 308, 309, 310, 311, 312, 313, 314, 315, 316, 317, 318, 319, 320, 321, 322, 323, 324, 325, 326, 327, 328, 329, 330, 331, 332, 333, 334, 335, 336, 337, 574, 575, 576, 577, 578, 579, 580, 581, 582, 583, 584, 585, 586, 587, 588, 589, 590, 591, 592, 593, 594, 595, 596, 597, 598, 599, 600, 601, 602, 603, 604, 605, 606, 607, 608, 609, 610, 611, 612, 613, 614, 615, 616, 617, 618, 619, 620, 621, 622, 623, 624, 625, 626, 627, 628, 629, 630, 631, 632, 633, 634, 635, 636, 637, 638, 639, 640, 641, 642, 643, 644, 645, 646, 647, 648, 649, 650, 651, 652, 653, 654, 655, 656, 657, 658, 659, 660, 661, 662, 663, 664, 665, 666, 667, 668, 669, 670, 671, 672, 673, 674, 675, 676, 677, 678, 679, 680, 681, 682, 683, 684, 685, 686, 687, 688, 689, 690, 691, 692, 693, 694, 695, 696, 697, 698, 699, 700, 701, 702, 703, 704, 705, 706, 707, 708, 709, 710, 711, 712, 713, 714, 715, 716, 717, 718, 719, 720, 721, 722, 723, 724, 725, 726, 727, 728, 729, 730, 731, 732, 733, 734, 735, 736, 737, 738, 739, 740, 741, 742, 743, 744, 745, 746, 747, 748, 749, 750, 751, 752, 753, 754, 755, 756, 757, 758, 759, 760, 761, 762, 763, 764, 765, 766, 767, 768, 769, 770, 771, 772, 773, 774, 775, 776, 777, 778, 779, 780, 781, 782, 783, 784, 785, 786, 787, 788, 789, 790, 791, 792, 793]","[10, 75, 103, 104, 106, 117, 118, 120, 127, 128, 129, 131, 133, 135, 136, 137, 139, 146, 147, 148, 149, 151, 158, 160, 162, 166, 173, 178, 179, 185, 190, 192, 198, 201, 203, 204, 206, 207, 212, 213, 214, 219, 223, 224, 225, 227, 230, 235, 237, 246, 247, 256, 259, 262, 263, 266, 268, 269, 271, 272, 278, 279, 284, 285, 288, 290, 292, 304, 306, 312, 316, 319, 320, 323, 324, 329, 332, 335, 495, 549, 574, 575, 577, 588, 589, 591, 598, 599, 600, 602, 604, 606, 607, 608, 610, 617, 618, 619, 620, 622, 625, 630, 632, 634, 638, 644, 649, 650, 656, 661, 663, 669, 673, 674, 676, 677, 682, 683, 684, 687, 688, 689, 691, 694, 699, 701, 710, 718, 722, 723, 727, 728, 730, 731, 737, 738, 743, 744, 747, 749, 751, 762, 764, 770, 774, 777, 778, 781, 782, 789, 791]",[],"[190, 661]","[10, 75, 103, 104, 105, 106, 107, 108, 109, 110, 111, 112, 113, 114, 115, 116, 117, 118, 119, 120, 121, 122, 123, 124, 125, 126, 127, 128, 129, 130, 131, 132, 133, 134, 135, 136, 137, 138, 139, 140, 141, 142, 143, 144, 145, 146, 147, 148, 149, 150, 151, 152, 153, 154, 155, 156, 157, 158, 159, 160, 161, 162, 163, 164, 165, 166, 167, 168, 169, 170, 171, 172, 173, 174, 175, 176, 177, 178, 179, 180, 181, 182, 183, 184, 185, 186, 187, 188, 189, 190, 191, 192, 193, 194, 195, 196, 197, 198, 199, 200, 201, 202, 203, 204, 205, 206, 207, 208, 209, 210, 211, 212, 213, 214, 215, 216, 217, 218, 219, 220, 221, 222, 223, 224, 225, 226, 227, 228, 229, 230, 231, 232, 233, 234, 235, 236, 237, 238, 239, 240, 241, 242, 243, 244, 245, 246, 247, 248, 249, 250, 251, 252, 253, 254, 255, 256, 257, 258, 259, 260, 261, 262, 263, 264, 265, 266, 267, 268, 269, 270, 271, 272, 273, 274, 275, 276, 277, 278, 279, 280, 281, 282, 283, 284, 285, 286, 287, 288, 289, 290, 291, 292, 293, 294, 295, 296, 297, 298, 299, 300, 301, 302, 303, 304, 305, 306, 307, 308, 309, 310, 311, 312, 313, 314, 315, 316, 317, 318, 319, 320, 321, 322, 323, 324, 325, 326, 327, 328, 329, 330, 331, 332, 333, 334, 335, 336, 337, 495, 549, 574, 575, 576, 577, 578, 579, 580, 581, 582, 583, 584, 585, 586, 587, 588, 589, 590, 591, 592, 593, 594, 595, 596, 597, 598, 599, 600, 601, 602, 603, 604, 605, 606, 607, 608, 609, 610, 611, 612, 613, 614, 615, 616, 617, 618, 619, 620, 621, 622, 623, 624, 625, 626, 627, 628, 629, 630, 631, 632, 633, 634, 635, 636, 637, 638, 639, 640, 641, 642, 643, 644, 645, 646, 647, 648, 649, 650, 651, 652, 653, 654, 655, 656, 657, 658, 659, 660, 661, 662, 663, 664, 665, 666, 667, 668, 669, 670, 671, 672, 673, 674, 675, 676, 677, 678, 679, 680, 681, 682, 683, 684, 685, 686, 687, 688, 689, 690, 691, 692, 693, 694, 695, 696, 697, 698, 699, 700, 701, 702, 703, 704, 705, 706, 707, 708, 709, 710, 711, 712, 713, 714, 715, 716, 717, 718, 719, 720, 721, 722, 723, 724, 725, 726, 727, 728, 729, 730, 731, 732, 733, 734, 735, 736, 737, 738, 739, 740, 741, 742, 743, 744, 745, 746, 747, 748, 749, 750, 751, 752, 753, 754, 755, 756, 757, 758, 759, 760, 761, 762, 763, 764, 765, 766, 767, 768, 769, 770, 771, 772, 773, 774, 775, 776, 777, 778, 779, 780, 781, 782, 783, 784, 785, 786, 787, 788, 789, 790, 791, 792, 793]",True,"[190, 661]","[103, 104, 105, 106, 107, 108, 109, 110, 111, 112, 113, 114, 115, 116, 117, 118, 119, 120, 121, 122, 123, 124, 125, 126, 127, 128, 129, 130, 131, 132, 133, 134, 135, 136, 137, 138, 139, 140, 141, 142, 143, 144, 145, 146, 147, 148, 149, 150, 151, 152, 153, 154, 155, 156, 157, 158, 159, 160, 161, 162, 163, 164, 165, 166, 167, 168, 169, 170, 171, 172, 173, 174, 175, 176, 177, 178, 179, 180, 181, 182, 183, 184, 185, 186, 187, 188, 189, 190, 191, 192, 193, 194, 195, 196, 197, 198, 199, 200, 201, 202, 203, 204, 205, 206, 207, 208, 209, 210, 211, 212, 213, 214, 215, 216, 217, 218, 219, 220, 221, 222, 223, 224, 225, 226, 227, 228, 229, 230, 231, 232, 233, 234, 235, 236, 237, 238, 239, 240, 241, 242, 243, 244, 245, 246, 247, 248, 249, 250, 251, 252, 253, 254, 255, 256, 257, 258, 259, 260, 261, 262, 263, 264, 265, 266, 267, 268, 269, 270, 271, 272, 273, 274, 275, 276, 277, 278, 279, 280, 281, 282, 283, 284, 285, 286, 287, 288, 289, 290, 291, 292, 293, 294, 295, 296, 297, 298, 299, 300, 301, 302, 303, 304, 305, 306, 307, 308, 309, 310, 311, 312, 313, 314, 315, 316, 317, 318, 319, 320, 321, 322, 323, 324, 325, 326, 327, 328, 329, 330, 331, 332, 333, 334, 335, 336, 337, 574, 575, 576, 577, 578, 579, 580, 581, 582, 583, 584, 585, 586, 587, 588, 589, 590, 591, 592, 593, 594, 595, 596, 597, 598, 599, 600, 601, 602, 603, 604, 605, 606, 607, 608, 609, 610, 611, 612, 613, 614, 615, 616, 617, 618, 619, 620, 621, 622, 623, 624, 625, 626, 627, 628, 629, 630, 631, 632, 633, 634, 635, 636, 637, 638, 639, 640, 641, 642, 643, 644, 645, 646, 647, 648, 649, 650, 651, 652, 653, 654, 655, 656, 657, 658, 659, 660, 661, 662, 663, 664, 665, 666, 667, 668, 669, 670, 671, 672, 673, 674, 675, 676, 677, 678, 679, 680, 681, 682, 683, 684, 685, 686, 687, 688, 689, 690, 691, 692, 693, 694, 695, 696, 697, 698, 699, 700, 701, 702, 703, 704, 705, 706, 707, 708, 709, 710, 711, 712, 713, 714, 715, 716, 717, 718, 719, 720, 721, 722, 723, 724, 725, 726, 727, 728, 729, 730, 731, 732, 733, 734, 735, 736, 737, 738, 739, 740, 741, 742, 743, 744, 745, 746, 747, 748, 749, 750, 751, 752, 753, 754, 755, 756, 757, 758, 759, 760, 761, 762, 763, 764, 765, 766, 767, 768, 769, 770, 771, 772, 773, 774, 775, 776, 777, 778, 779, 780, 781, 782, 783, 784, 785, 786, 787, 788, 789, 790, 791, 792, 793]","[190, 661]","[190, 661]","[10, 75, 103, 104, 106, 117, 118, 120, 127, 128, 129, 131, 133, 135, 136, 137, 139, 146, 147, 148, 149, 151, 158, 160, 162, 166, 173, 178, 179, 185, 190, 192, 198, 201, 203, 204, 206, 207, 212, 213, 214, 219, 223, 224, 225, 227, 230, 235, 237, 246, 247, 256, 259, 262, 263, 266, 268, 269, 271, 272, 278, 279, 284, 285, 288, 290, 292, 304, 306, 312, 316, 319, 320, 323, 324, 329, 332, 335, 495, 549, 574, 575, 577, 588, 589, 591, 598, 599, 600, 602, 604, 606, 607, 608, 610, 617, 618, 619, 620, 622, 625, 630, 632, 634, 638, 644, 649, 650, 656, 661, 663, 669, 673, 674, 676, 677, 682, 683, 684, 687, 688, 689, 691, 694, 699, 701, 710, 718, 722, 723, 727, 728, 730, 731, 737, 738, 743, 744, 747, 749, 751, 762, 764, 770, 774, 777, 778, 781, 782, 789, 791]","[190, 661]",[],7/6 successful match,True,[301],True,349,False,,,,,
"E Acampo , 95220 Jahant Food & Fuel .",209-333-6000 CA 99 Exit 271 ( 24323 SB Svc,43 M <U+2610>,Acampo,95220,Jahant Food & Fuel .,209-333-6000,2007,Acampo,CA,,( 24323 SB Svc,CA 99 Exit 271 ,Exit,271,False,,False,CA 99,,,,,"[661, 190]","[190, 661]","[190, 661]","[190, 661]","[103, 104, 105, 106, 107, 108, 109, 110, 111, 112, 113, 114, 115, 116, 117, 118, 119, 120, 121, 122, 123, 124, 125, 126, 127, 128, 129, 130, 131, 132, 133, 134, 135, 136, 137, 138, 139, 140, 141, 142, 143, 144, 145, 146, 147, 148, 149, 150, 151, 152, 153, 154, 155, 156, 157, 158, 159, 160, 161, 162, 163, 164, 165, 166, 167, 168, 169, 170, 171, 172, 173, 174, 175, 176, 177, 178, 179, 180, 181, 182, 183, 184, 185, 186, 187, 188, 189, 190, 191, 192, 193, 194, 195, 196, 197, 198, 199, 200, 201, 202, 203, 204, 205, 206, 207, 208, 209, 210, 211, 212, 213, 214, 215, 216, 217, 218, 219, 220, 221, 222, 223, 224, 225, 226, 227, 228, 229, 230, 231, 232, 233, 234, 235, 236, 237, 238, 239, 240, 241, 242, 243, 244, 245, 246, 247, 248, 249, 250, 251, 252, 253, 254, 255, 256, 257, 258, 259, 260, 261, 262, 263, 264, 265, 266, 267, 268, 269, 270, 271, 272, 273, 274, 275, 276, 277, 278, 279, 280, 281, 282, 283, 284, 285, 286, 287, 288, 289, 290, 291, 292, 293, 294, 295, 296, 297, 298, 299, 300, 301, 302, 303, 304, 305, 306, 307, 308, 309, 310, 311, 312, 313, 314, 315, 316, 317, 318, 319, 320, 321, 322, 323, 324, 325, 326, 327, 328, 329, 330, 331, 332, 333, 334, 335, 336, 337, 574, 575, 576, 577, 578, 579, 580, 581, 582, 583, 584, 585, 586, 587, 588, 589, 590, 591, 592, 593, 594, 595, 596, 597, 598, 599, 600, 601, 602, 603, 604, 605, 606, 607, 608, 609, 610, 611, 612, 613, 614, 615, 616, 617, 618, 619, 620, 621, 622, 623, 624, 625, 626, 627, 628, 629, 630, 631, 632, 633, 634, 635, 636, 637, 638, 639, 640, 641, 642, 643, 644, 645, 646, 647, 648, 649, 650, 651, 652, 653, 654, 655, 656, 657, 658, 659, 660, 661, 662, 663, 664, 665, 666, 667, 668, 669, 670, 671, 672, 673, 674, 675, 676, 677, 678, 679, 680, 681, 682, 683, 684, 685, 686, 687, 688, 689, 690, 691, 692, 693, 694, 695, 696, 697, 698, 699, 700, 701, 702, 703, 704, 705, 706, 707, 708, 709, 710, 711, 712, 713, 714, 715, 716, 717, 718, 719, 720, 721, 722, 723, 724, 725, 726, 727, 728, 729, 730, 731, 732, 733, 734, 735, 736, 737, 738, 739, 740, 741, 742, 743, 744, 745, 746, 747, 748, 749, 750, 751, 752, 753, 754, 755, 756, 757, 758, 759, 760, 761, 762, 763, 764, 765, 766, 767, 768, 769, 770, 771, 772, 773, 774, 775, 776, 777, 778, 779, 780, 781, 782, 783, 784, 785, 786, 787, 788, 789, 790, 791, 792, 793]","[10, 75, 103, 104, 106, 117, 118, 120, 127, 128, 129, 131, 133, 135, 136, 137, 139, 146, 147, 148, 149, 151, 158, 160, 162, 166, 173, 178, 179, 185, 190, 192, 198, 201, 203, 204, 206, 207, 212, 213, 214, 219, 223, 224, 225, 227, 230, 235, 237, 246, 247, 256, 259, 262, 263, 266, 268, 269, 271, 272, 278, 279, 284, 285, 288, 290, 292, 304, 306, 312, 316, 319, 320, 323, 324, 329, 332, 335, 495, 549, 574, 575, 577, 588, 589, 591, 598, 599, 600, 602, 604, 606, 607, 608, 610, 617, 618, 619, 620, 622, 625, 630, 632, 634, 638, 644, 649, 650, 656, 661, 663, 669, 673, 674, 676, 677, 682, 683, 684, 687, 688, 689, 691, 694, 699, 701, 710, 718, 722, 723, 727, 728, 730, 731, 737, 738, 743, 744, 747, 749, 751, 762, 764, 770, 774, 777, 778, 781, 782, 789, 791]",[],"[190, 661]","[10, 75, 103, 104, 105, 106, 107, 108, 109, 110, 111, 112, 113, 114, 115, 116, 117, 118, 119, 120, 121, 122, 123, 124, 125, 126, 127, 128, 129, 130, 131, 132, 133, 134, 135, 136, 137, 138, 139, 140, 141, 142, 143, 144, 145, 146, 147, 148, 149, 150, 151, 152, 153, 154, 155, 156, 157, 158, 159, 160, 161, 162, 163, 164, 165, 166, 167, 168, 169, 170, 171, 172, 173, 174, 175, 176, 177, 178, 179, 180, 181, 182, 183, 184, 185, 186, 187, 188, 189, 190, 191, 192, 193, 194, 195, 196, 197, 198, 199, 200, 201, 202, 203, 204, 205, 206, 207, 208, 209, 210, 211, 212, 213, 214, 215, 216, 217, 218, 219, 220, 221, 222, 223, 224, 225, 226, 227, 228, 229, 230, 231, 232, 233, 234, 235, 236, 237, 238, 239, 240, 241, 242, 243, 244, 245, 246, 247, 248, 249, 250, 251, 252, 253, 254, 255, 256, 257, 258, 259, 260, 261, 262, 263, 264, 265, 266, 267, 268, 269, 270, 271, 272, 273, 274, 275, 276, 277, 278, 279, 280, 281, 282, 283, 284, 285, 286, 287, 288, 289, 290, 291, 292, 293, 294, 295, 296, 297, 298, 299, 300, 301, 302, 303, 304, 305, 306, 307, 308, 309, 310, 311, 312, 313, 314, 315, 316, 317, 318, 319, 320, 321, 322, 323, 324, 325, 326, 327, 328, 329, 330, 331, 332, 333, 334, 335, 336, 337, 495, 549, 574, 575, 576, 577, 578, 579, 580, 581, 582, 583, 584, 585, 586, 587, 588, 589, 590, 591, 592, 593, 594, 595, 596, 597, 598, 599, 600, 601, 602, 603, 604, 605, 606, 607, 608, 609, 610, 611, 612, 613, 614, 615, 616, 617, 618, 619, 620, 621, 622, 623, 624, 625, 626, 627, 628, 629, 630, 631, 632, 633, 634, 635, 636, 637, 638, 639, 640, 641, 642, 643, 644, 645, 646, 647, 648, 649, 650, 651, 652, 653, 654, 655, 656, 657, 658, 659, 660, 661, 662, 663, 664, 665, 666, 667, 668, 669, 670, 671, 672, 673, 674, 675, 676, 677, 678, 679, 680, 681, 682, 683, 684, 685, 686, 687, 688, 689, 690, 691, 692, 693, 694, 695, 696, 697, 698, 699, 700, 701, 702, 703, 704, 705, 706, 707, 708, 709, 710, 711, 712, 713, 714, 715, 716, 717, 718, 719, 720, 721, 722, 723, 724, 725, 726, 727, 728, 729, 730, 731, 732, 733, 734, 735, 736, 737, 738, 739, 740, 741, 742, 743, 744, 745, 746, 747, 748, 749, 750, 751, 752, 753, 754, 755, 756, 757, 758, 759, 760, 761, 762, 763, 764, 765, 766, 767, 768, 769, 770, 771, 772, 773, 774, 775, 776, 777, 778, 779, 780, 781, 782, 783, 784, 785, 786, 787, 788, 789, 790, 791, 792, 793]",True,"[190, 661]","[103, 104, 105, 106, 107, 108, 109, 110, 111, 112, 113, 114, 115, 116, 117, 118, 119, 120, 121, 122, 123, 124, 125, 126, 127, 128, 129, 130, 131, 132, 133, 134, 135, 136, 137, 138, 139, 140, 141, 142, 143, 144, 145, 146, 147, 148, 149, 150, 151, 152, 153, 154, 155, 156, 157, 158, 159, 160, 161, 162, 163, 164, 165, 166, 167, 168, 169, 170, 171, 172, 173, 174, 175, 176, 177, 178, 179, 180, 181, 182, 183, 184, 185, 186, 187, 188, 189, 190, 191, 192, 193, 194, 195, 196, 197, 198, 199, 200, 201, 202, 203, 204, 205, 206, 207, 208, 209, 210, 211, 212, 213, 214, 215, 216, 217, 218, 219, 220, 221, 222, 223, 224, 225, 226, 227, 228, 229, 230, 231, 232, 233, 234, 235, 236, 237, 238, 239, 240, 241, 242, 243, 244, 245, 246, 247, 248, 249, 250, 251, 252, 253, 254, 255, 256, 257, 258, 259, 260, 261, 262, 263, 264, 265, 266, 267, 268, 269, 270, 271, 272, 273, 274, 275, 276, 277, 278, 279, 280, 281, 282, 283, 284, 285, 286, 287, 288, 289, 290, 291, 292, 293, 294, 295, 296, 297, 298, 299, 300, 301, 302, 303, 304, 305, 306, 307, 308, 309, 310, 311, 312, 313, 314, 315, 316, 317, 318, 319, 320, 321, 322, 323, 324, 325, 326, 327, 328, 329, 330, 331, 332, 333, 334, 335, 336, 337, 574, 575, 576, 577, 578, 579, 580, 581, 582, 583, 584, 585, 586, 587, 588, 589, 590, 591, 592, 593, 594, 595, 596, 597, 598, 599, 600, 601, 602, 603, 604, 605, 606, 607, 608, 609, 610, 611, 612, 613, 614, 615, 616, 617, 618, 619, 620, 621, 622, 623, 624, 625, 626, 627, 628, 629, 630, 631, 632, 633, 634, 635, 636, 637, 638, 639, 640, 641, 642, 643, 644, 645, 646, 647, 648, 649, 650, 651, 652, 653, 654, 655, 656, 657, 658, 659, 660, 661, 662, 663, 664, 665, 666, 667, 668, 669, 670, 671, 672, 673, 674, 675, 676, 677, 678, 679, 680, 681, 682, 683, 684, 685, 686, 687, 688, 689, 690, 691, 692, 693, 694, 695, 696, 697, 698, 699, 700, 701, 702, 703, 704, 705, 706, 707, 708, 709, 710, 711, 712, 713, 714, 715, 716, 717, 718, 719, 720, 721, 722, 723, 724, 725, 726, 727, 728, 729, 730, 731, 732, 733, 734, 735, 736, 737, 738, 739, 740, 741, 742, 743, 744, 745, 746, 747, 748, 749, 750, 751, 752, 753, 754, 755, 756, 757, 758, 759, 760, 761, 762, 763, 764, 765, 766, 767, 768, 769, 770, 771, 772, 773, 774, 775, 776, 777, 778, 779, 780, 781, 782, 783, 784, 785, 786, 787, 788, 789, 790, 791, 792, 793]","[190, 661]","[190, 661]","[10, 75, 103, 104, 106, 117, 118, 120, 127, 128, 129, 131, 133, 135, 136, 137, 139, 146, 147, 148, 149, 151, 158, 160, 162, 166, 173, 178, 179, 185, 190, 192, 198, 201, 203, 204, 206, 207, 212, 213, 214, 219, 223, 224, 225, 227, 230, 235, 237, 246, 247, 256, 259, 262, 263, 266, 268, 269, 271, 272, 278, 279, 284, 285, 288, 290, 292, 304, 306, 312, 316, 319, 320, 323, 324, 329, 332, 335, 495, 549, 574, 575, 577, 588, 589, 591, 598, 599, 600, 602, 604, 606, 607, 608, 610, 617, 618, 619, 620, 622, 625, 630, 632, 634, 638, 644, 649, 650, 656, 661, 663, 669, 673, 674, 676, 677, 682, 683, 684, 687, 688, 689, 691, 694, 699, 701, 710, 718, 722, 723, 727, 728, 730, 731, 737, 738, 743, 744, 747, 749, 751, 762, 764, 770, 774, 777, 778, 781, 782, 789, 791]","[190, 661]",[],7/6 successful match,True,[301],True,349,False,,1.0,True,Jahant Food & Fuel,
"Acampo , 95220 Jahant Food & Fuel",209-333-6000 CA 99 Exit 271 ( 24323 SB Svc Rd ),) 24 MOO D,Acampo,95220,Jahant Food & Fuel,209-333-6000,2008,Acampo,CA,,( 24323 SB Svc Rd ),CA 99 Exit 271 ,Exit,271,False,,False,CA 99,,,,,"[661, 190]","[190, 661]","[190, 661]","[190, 661]","[103, 104, 105, 106, 107, 108, 109, 110, 111, 112, 113, 114, 115, 116, 117, 118, 119, 120, 121, 122, 123, 124, 125, 126, 127, 128, 129, 130, 131, 132, 133, 134, 135, 136, 137, 138, 139, 140, 141, 142, 143, 144, 145, 146, 147, 148, 149, 150, 151, 152, 153, 154, 155, 156, 157, 158, 159, 160, 161, 162, 163, 164, 165, 166, 167, 168, 169, 170, 171, 172, 173, 174, 175, 176, 177, 178, 179, 180, 181, 182, 183, 184, 185, 186, 187, 188, 189, 190, 191, 192, 193, 194, 195, 196, 197, 198, 199, 200, 201, 202, 203, 204, 205, 206, 207, 208, 209, 210, 211, 212, 213, 214, 215, 216, 217, 218, 219, 220, 221, 222, 223, 224, 225, 226, 227, 228, 229, 230, 231, 232, 233, 234, 235, 236, 237, 238, 239, 240, 241, 242, 243, 244, 245, 246, 247, 248, 249, 250, 251, 252, 253, 254, 255, 256, 257, 258, 259, 260, 261, 262, 263, 264, 265, 266, 267, 268, 269, 270, 271, 272, 273, 274, 275, 276, 277, 278, 279, 280, 281, 282, 283, 284, 285, 286, 287, 288, 289, 290, 291, 292, 293, 294, 295, 296, 297, 298, 299, 300, 301, 302, 303, 304, 305, 306, 307, 308, 309, 310, 311, 312, 313, 314, 315, 316, 317, 318, 319, 320, 321, 322, 323, 324, 325, 326, 327, 328, 329, 330, 331, 332, 333, 334, 335, 336, 337, 574, 575, 576, 577, 578, 579, 580, 581, 582, 583, 584, 585, 586, 587, 588, 589, 590, 591, 592, 593, 594, 595, 596, 597, 598, 599, 600, 601, 602, 603, 604, 605, 606, 607, 608, 609, 610, 611, 612, 613, 614, 615, 616, 617, 618, 619, 620, 621, 622, 623, 624, 625, 626, 627, 628, 629, 630, 631, 632, 633, 634, 635, 636, 637, 638, 639, 640, 641, 642, 643, 644, 645, 646, 647, 648, 649, 650, 651, 652, 653, 654, 655, 656, 657, 658, 659, 660, 661, 662, 663, 664, 665, 666, 667, 668, 669, 670, 671, 672, 673, 674, 675, 676, 677, 678, 679, 680, 681, 682, 683, 684, 685, 686, 687, 688, 689, 690, 691, 692, 693, 694, 695, 696, 697, 698, 699, 700, 701, 702, 703, 704, 705, 706, 707, 708, 709, 710, 711, 712, 713, 714, 715, 716, 717, 718, 719, 720, 721, 722, 723, 724, 725, 726, 727, 728, 729, 730, 731, 732, 733, 734, 735, 736, 737, 738, 739, 740, 741, 742, 743, 744, 745, 746, 747, 748, 749, 750, 751, 752, 753, 754, 755, 756, 757, 758, 759, 760, 761, 762, 763, 764, 765, 766, 767, 768, 769, 770, 771, 772, 773, 774, 775, 776, 777, 778, 779, 780, 781, 782, 783, 784, 785, 786, 787, 788, 789, 790, 791, 792, 793]","[10, 75, 103, 104, 106, 117, 118, 120, 127, 128, 129, 131, 133, 135, 136, 137, 139, 146, 147, 148, 149, 151, 158, 160, 162, 166, 173, 178, 179, 185, 190, 192, 198, 201, 203, 204, 206, 207, 212, 213, 214, 219, 223, 224, 225, 227, 230, 235, 237, 246, 247, 256, 259, 262, 263, 266, 268, 269, 271, 272, 278, 279, 284, 285, 288, 290, 292, 304, 306, 312, 316, 319, 320, 323, 324, 329, 332, 335, 495, 549, 574, 575, 577, 588, 589, 591, 598, 599, 600, 602, 604, 606, 607, 608, 610, 617, 618, 619, 620, 622, 625, 630, 632, 634, 638, 644, 649, 650, 656, 661, 663, 669, 673, 674, 676, 677, 682, 683, 684, 687, 688, 689, 691, 694, 699, 701, 710, 718, 722, 723, 727, 728, 730, 731, 737, 738, 743, 744, 747, 749, 751, 762, 764, 770, 774, 777, 778, 781, 782, 789, 791]",[],"[190, 661]","[10, 75, 103, 104, 105, 106, 107, 108, 109, 110, 111, 112, 113, 114, 115, 116, 117, 118, 119, 120, 121, 122, 123, 124, 125, 126, 127, 128, 129, 130, 131, 132, 133, 134, 135, 136, 137, 138, 139, 140, 141, 142, 143, 144, 145, 146, 147, 148, 149, 150, 151, 152, 153, 154, 155, 156, 157, 158, 159, 160, 161, 162, 163, 164, 165, 166, 167, 168, 169, 170, 171, 172, 173, 174, 175, 176, 177, 178, 179, 180, 181, 182, 183, 184, 185, 186, 187, 188, 189, 190, 191, 192, 193, 194, 195, 196, 197, 198, 199, 200, 201, 202, 203, 204, 205, 206, 207, 208, 209, 210, 211, 212, 213, 214, 215, 216, 217, 218, 219, 220, 221, 222, 223, 224, 225, 226, 227, 228, 229, 230, 231, 232, 233, 234, 235, 236, 237, 238, 239, 240, 241, 242, 243, 244, 245, 246, 247, 248, 249, 250, 251, 252, 253, 254, 255, 256, 257, 258, 259, 260, 261, 262, 263, 264, 265, 266, 267, 268, 269, 270, 271, 272, 273, 274, 275, 276, 277, 278, 279, 280, 281, 282, 283, 284, 285, 286, 287, 288, 289, 290, 291, 292, 293, 294, 295, 296, 297, 298, 299, 300, 301, 302, 303, 304, 305, 306, 307, 308, 309, 310, 311, 312, 313, 314, 315, 316, 317, 318, 319, 320, 321, 322, 323, 324, 325, 326, 327, 328, 329, 330, 331, 332, 333, 334, 335, 336, 337, 495, 549, 574, 575, 576, 577, 578, 579, 580, 581, 582, 583, 584, 585, 586, 587, 588, 589, 590, 591, 592, 593, 594, 595, 596, 597, 598, 599, 600, 601, 602, 603, 604, 605, 606, 607, 608, 609, 610, 611, 612, 613, 614, 615, 616, 617, 618, 619, 620, 621, 622, 623, 624, 625, 626, 627, 628, 629, 630, 631, 632, 633, 634, 635, 636, 637, 638, 639, 640, 641, 642, 643, 644, 645, 646, 647, 648, 649, 650, 651, 652, 653, 654, 655, 656, 657, 658, 659, 660, 661, 662, 663, 664, 665, 666, 667, 668, 669, 670, 671, 672, 673, 674, 675, 676, 677, 678, 679, 680, 681, 682, 683, 684, 685, 686, 687, 688, 689, 690, 691, 692, 693, 694, 695, 696, 697, 698, 699, 700, 701, 702, 703, 704, 705, 706, 707, 708, 709, 710, 711, 712, 713, 714, 715, 716, 717, 718, 719, 720, 721, 722, 723, 724, 725, 726, 727, 728, 729, 730, 731, 732, 733, 734, 735, 736, 737, 738, 739, 740, 741, 742, 743, 744, 745, 746, 747, 748, 749, 750, 751, 752, 753, 754, 755, 756, 757, 758, 759, 760, 761, 762, 763, 764, 765, 766, 767, 768, 769, 770, 771, 772, 773, 774, 775, 776, 777, 778, 779, 780, 781, 782, 783, 784, 785, 786, 787, 788, 789, 790, 791, 792, 793]",True,"[190, 661]","[103, 104, 105, 106, 107, 108, 109, 110, 111, 112, 113, 114, 115, 116, 117, 118, 119, 120, 121, 122, 123, 124, 125, 126, 127, 128, 129, 130, 131, 132, 133, 134, 135, 136, 137, 138, 139, 140, 141, 142, 143, 144, 145, 146, 147, 148, 149, 150, 151, 152, 153, 154, 155, 156, 157, 158, 159, 160, 161, 162, 163, 164, 165, 166, 167, 168, 169, 170, 171, 172, 173, 174, 175, 176, 177, 178, 179, 180, 181, 182, 183, 184, 185, 186, 187, 188, 189, 190, 191, 192, 193, 194, 195, 196, 197, 198, 199, 200, 201, 202, 203, 204, 205, 206, 207, 208, 209, 210, 211, 212, 213, 214, 215, 216, 217, 218, 219, 220, 221, 222, 223, 224, 225, 226, 227, 228, 229, 230, 231, 232, 233, 234, 235, 236, 237, 238, 239, 240, 241, 242, 243, 244, 245, 246, 247, 248, 249, 250, 251, 252, 253, 254, 255, 256, 257, 258, 259, 260, 261, 262, 263, 264, 265, 266, 267, 268, 269, 270, 271, 272, 273, 274, 275, 276, 277, 278, 279, 280, 281, 282, 283, 284, 285, 286, 287, 288, 289, 290, 291, 292, 293, 294, 295, 296, 297, 298, 299, 300, 301, 302, 303, 304, 305, 306, 307, 308, 309, 310, 311, 312, 313, 314, 315, 316, 317, 318, 319, 320, 321, 322, 323, 324, 325, 326, 327, 328, 329, 330, 331, 332, 333, 334, 335, 336, 337, 574, 575, 576, 577, 578, 579, 580, 581, 582, 583, 584, 585, 586, 587, 588, 589, 590, 591, 592, 593, 594, 595, 596, 597, 598, 599, 600, 601, 602, 603, 604, 605, 606, 607, 608, 609, 610, 611, 612, 613, 614, 615, 616, 617, 618, 619, 620, 621, 622, 623, 624, 625, 626, 627, 628, 629, 630, 631, 632, 633, 634, 635, 636, 637, 638, 639, 640, 641, 642, 643, 644, 645, 646, 647, 648, 649, 650, 651, 652, 653, 654, 655, 656, 657, 658, 659, 660, 661, 662, 663, 664, 665, 666, 667, 668, 669, 670, 671, 672, 673, 674, 675, 676, 677, 678, 679, 680, 681, 682, 683, 684, 685, 686, 687, 688, 689, 690, 691, 692, 693, 694, 695, 696, 697, 698, 699, 700, 701, 702, 703, 704, 705, 706, 707, 708, 709, 710, 711, 712, 713, 714, 715, 716, 717, 718, 719, 720, 721, 722, 723, 724, 725, 726, 727, 728, 729, 730, 731, 732, 733, 734, 735, 736, 737, 738, 739, 740, 741, 742, 743, 744, 745, 746, 747, 748, 749, 750, 751, 752, 753, 754, 755, 756, 757, 758, 759, 760, 761, 762, 763, 764, 765, 766, 767, 768, 769, 770, 771, 772, 773, 774, 775, 776, 777, 778, 779, 780, 781, 782, 783, 784, 785, 786, 787, 788, 789, 790, 791, 792, 793]","[190, 661]","[190, 661]","[10, 75, 103, 104, 106, 117, 118, 120, 127, 128, 129, 131, 133, 135, 136, 137, 139, 146, 147, 148, 149, 151, 158, 160, 162, 166, 173, 178, 179, 185, 190, 192, 198, 201, 203, 204, 206, 207, 212, 213, 214, 219, 223, 224, 225, 227, 230, 235, 237, 246, 247, 256, 259, 262, 263, 266, 268, 269, 271, 272, 278, 279, 284, 285, 288, 290, 292, 304, 306, 312, 316, 319, 320, 323, 324, 329, 332, 335, 495, 549, 574, 575, 577, 588, 589, 591, 598, 599, 600, 602, 604, 606, 607, 608, 610, 617, 618, 619, 620, 622, 625, 630, 632, 634, 638, 644, 649, 650, 656, 661, 663, 669, 673, 674, 676, 677, 682, 683, 684, 687, 688, 689, 691, 694, 699, 701, 710, 718, 722, 723, 727, 728, 730, 731, 737, 738, 743, 744, 747, 749, 751, 762, 764, 770, 774, 777, 778, 781, 782, 789, 791]","[190, 661]",[],7/6 successful match,True,[301],True,349,False,,1.0,True,Jahant Food & Fuel .,
E Acampo ( 95220 ) Jahant Food & Fuel,2 209-333-6000 CA 99 Exit 271 ( 24323 SB Svc Rd ),24 MOO <U+2610>,Acampo,95220,Jahant Food & Fuel,209-333-6000,2014,Acampo,CA,,( 24323 SB Svc Rd ),CA 99 Exit 271 ,Exit,271,False,,False,CA 99,,,,,"[661, 190]","[190, 661]","[190, 661]","[190, 661]","[103, 104, 105, 106, 107, 108, 109, 110, 111, 112, 113, 114, 115, 116, 117, 118, 119, 120, 121, 122, 123, 124, 125, 126, 127, 128, 129, 130, 131, 132, 133, 134, 135, 136, 137, 138, 139, 140, 141, 142, 143, 144, 145, 146, 147, 148, 149, 150, 151, 152, 153, 154, 155, 156, 157, 158, 159, 160, 161, 162, 163, 164, 165, 166, 167, 168, 169, 170, 171, 172, 173, 174, 175, 176, 177, 178, 179, 180, 181, 182, 183, 184, 185, 186, 187, 188, 189, 190, 191, 192, 193, 194, 195, 196, 197, 198, 199, 200, 201, 202, 203, 204, 205, 206, 207, 208, 209, 210, 211, 212, 213, 214, 215, 216, 217, 218, 219, 220, 221, 222, 223, 224, 225, 226, 227, 228, 229, 230, 231, 232, 233, 234, 235, 236, 237, 238, 239, 240, 241, 242, 243, 244, 245, 246, 247, 248, 249, 250, 251, 252, 253, 254, 255, 256, 257, 258, 259, 260, 261, 262, 263, 264, 265, 266, 267, 268, 269, 270, 271, 272, 273, 274, 275, 276, 277, 278, 279, 280, 281, 282, 283, 284, 285, 286, 287, 288, 289, 290, 291, 292, 293, 294, 295, 296, 297, 298, 299, 300, 301, 302, 303, 304, 305, 306, 307, 308, 309, 310, 311, 312, 313, 314, 315, 316, 317, 318, 319, 320, 321, 322, 323, 324, 325, 326, 327, 328, 329, 330, 331, 332, 333, 334, 335, 336, 337, 574, 575, 576, 577, 578, 579, 580, 581, 582, 583, 584, 585, 586, 587, 588, 589, 590, 591, 592, 593, 594, 595, 596, 597, 598, 599, 600, 601, 602, 603, 604, 605, 606, 607, 608, 609, 610, 611, 612, 613, 614, 615, 616, 617, 618, 619, 620, 621, 622, 623, 624, 625, 626, 627, 628, 629, 630, 631, 632, 633, 634, 635, 636, 637, 638, 639, 640, 641, 642, 643, 644, 645, 646, 647, 648, 649, 650, 651, 652, 653, 654, 655, 656, 657, 658, 659, 660, 661, 662, 663, 664, 665, 666, 667, 668, 669, 670, 671, 672, 673, 674, 675, 676, 677, 678, 679, 680, 681, 682, 683, 684, 685, 686, 687, 688, 689, 690, 691, 692, 693, 694, 695, 696, 697, 698, 699, 700, 701, 702, 703, 704, 705, 706, 707, 708, 709, 710, 711, 712, 713, 714, 715, 716, 717, 718, 719, 720, 721, 722, 723, 724, 725, 726, 727, 728, 729, 730, 731, 732, 733, 734, 735, 736, 737, 738, 739, 740, 741, 742, 743, 744, 745, 746, 747, 748, 749, 750, 751, 752, 753, 754, 755, 756, 757, 758, 759, 760, 761, 762, 763, 764, 765, 766, 767, 768, 769, 770, 771, 772, 773, 774, 775, 776, 777, 778, 779, 780, 781, 782, 783, 784, 785, 786, 787, 788, 789, 790, 791, 792, 793]","[10, 75, 103, 104, 106, 117, 118, 120, 127, 128, 129, 131, 133, 135, 136, 137, 139, 146, 147, 148, 149, 151, 158, 160, 162, 166, 173, 178, 179, 185, 190, 192, 198, 201, 203, 204, 206, 207, 212, 213, 214, 219, 223, 224, 225, 227, 230, 235, 237, 246, 247, 256, 259, 262, 263, 266, 268, 269, 271, 272, 278, 279, 284, 285, 288, 290, 292, 304, 306, 312, 316, 319, 320, 323, 324, 329, 332, 335, 495, 549, 574, 575, 577, 588, 589, 591, 598, 599, 600, 602, 604, 606, 607, 608, 610, 617, 618, 619, 620, 622, 625, 630, 632, 634, 638, 644, 649, 650, 656, 661, 663, 669, 673, 674, 676, 677, 682, 683, 684, 687, 688, 689, 691, 694, 699, 701, 710, 718, 722, 723, 727, 728, 730, 731, 737, 738, 743, 744, 747, 749, 751, 762, 764, 770, 774, 777, 778, 781, 782, 789, 791]",[],"[190, 661]","[10, 75, 103, 104, 105, 106, 107, 108, 109, 110, 111, 112, 113, 114, 115, 116, 117, 118, 119, 120, 121, 122, 123, 124, 125, 126, 127, 128, 129, 130, 131, 132, 133, 134, 135, 136, 137, 138, 139, 140, 141, 142, 143, 144, 145, 146, 147, 148, 149, 150, 151, 152, 153, 154, 155, 156, 157, 158, 159, 160, 161, 162, 163, 164, 165, 166, 167, 168, 169, 170, 171, 172, 173, 174, 175, 176, 177, 178, 179, 180, 181, 182, 183, 184, 185, 186, 187, 188, 189, 190, 191, 192, 193, 194, 195, 196, 197, 198, 199, 200, 201, 202, 203, 204, 205, 206, 207, 208, 209, 210, 211, 212, 213, 214, 215, 216, 217, 218, 219, 220, 221, 222, 223, 224, 225, 226, 227, 228, 229, 230, 231, 232, 233, 234, 235, 236, 237, 238, 239, 240, 241, 242, 243, 244, 245, 246, 247, 248, 249, 250, 251, 252, 253, 254, 255, 256, 257, 258, 259, 260, 261, 262, 263, 264, 265, 266, 267, 268, 269, 270, 271, 272, 273, 274, 275, 276, 277, 278, 279, 280, 281, 282, 283, 284, 285, 286, 287, 288, 289, 290, 291, 292, 293, 294, 295, 296, 297, 298, 299, 300, 301, 302, 303, 304, 305, 306, 307, 308, 309, 310, 311, 312, 313, 314, 315, 316, 317, 318, 319, 320, 321, 322, 323, 324, 325, 326, 327, 328, 329, 330, 331, 332, 333, 334, 335, 336, 337, 495, 549, 574, 575, 576, 577, 578, 579, 580, 581, 582, 583, 584, 585, 586, 587, 588, 589, 590, 591, 592, 593, 594, 595, 596, 597, 598, 599, 600, 601, 602, 603, 604, 605, 606, 607, 608, 609, 610, 611, 612, 613, 614, 615, 616, 617, 618, 619, 620, 621, 622, 623, 624, 625, 626, 627, 628, 629, 630, 631, 632, 633, 634, 635, 636, 637, 638, 639, 640, 641, 642, 643, 644, 645, 646, 647, 648, 649, 650, 651, 652, 653, 654, 655, 656, 657, 658, 659, 660, 661, 662, 663, 664, 665, 666, 667, 668, 669, 670, 671, 672, 673, 674, 675, 676, 677, 678, 679, 680, 681, 682, 683, 684, 685, 686, 687, 688, 689, 690, 691, 692, 693, 694, 695, 696, 697, 698, 699, 700, 701, 702, 703, 704, 705, 706, 707, 708, 709, 710, 711, 712, 713, 714, 715, 716, 717, 718, 719, 720, 721, 722, 723, 724, 725, 726, 727, 728, 729, 730, 731, 732, 733, 734, 735, 736, 737, 738, 739, 740, 741, 742, 743, 744, 745, 746, 747, 748, 749, 750, 751, 752, 753, 754, 755, 756, 757, 758, 759, 760, 761, 762, 763, 764, 765, 766, 767, 768, 769, 770, 771, 772, 773, 774, 775, 776, 777, 778, 779, 780, 781, 782, 783, 784, 785, 786, 787, 788, 789, 790, 791, 792, 793]",True,"[190, 661]","[103, 104, 105, 106, 107, 108, 109, 110, 111, 112, 113, 114, 115, 116, 117, 118, 119, 120, 121, 122, 123, 124, 125, 126, 127, 128, 129, 130, 131, 132, 133, 134, 135, 136, 137, 138, 139, 140, 141, 142, 143, 144, 145, 146, 147, 148, 149, 150, 151, 152, 153, 154, 155, 156, 157, 158, 159, 160, 161, 162, 163, 164, 165, 166, 167, 168, 169, 170, 171, 172, 173, 174, 175, 176, 177, 178, 179, 180, 181, 182, 183, 184, 185, 186, 187, 188, 189, 190, 191, 192, 193, 194, 195, 196, 197, 198, 199, 200, 201, 202, 203, 204, 205, 206, 207, 208, 209, 210, 211, 212, 213, 214, 215, 216, 217, 218, 219, 220, 221, 222, 223, 224, 225, 226, 227, 228, 229, 230, 231, 232, 233, 234, 235, 236, 237, 238, 239, 240, 241, 242, 243, 244, 245, 246, 247, 248, 249, 250, 251, 252, 253, 254, 255, 256, 257, 258, 259, 260, 261, 262, 263, 264, 265, 266, 267, 268, 269, 270, 271, 272, 273, 274, 275, 276, 277, 278, 279, 280, 281, 282, 283, 284, 285, 286, 287, 288, 289, 290, 291, 292, 293, 294, 295, 296, 297, 298, 299, 300, 301, 302, 303, 304, 305, 306, 307, 308, 309, 310, 311, 312, 313, 314, 315, 316, 317, 318, 319, 320, 321, 322, 323, 324, 325, 326, 327, 328, 329, 330, 331, 332, 333, 334, 335, 336, 337, 574, 575, 576, 577, 578, 579, 580, 581, 582, 583, 584, 585, 586, 587, 588, 589, 590, 591, 592, 593, 594, 595, 596, 597, 598, 599, 600, 601, 602, 603, 604, 605, 606, 607, 608, 609, 610, 611, 612, 613, 614, 615, 616, 617, 618, 619, 620, 621, 622, 623, 624, 625, 626, 627, 628, 629, 630, 631, 632, 633, 634, 635, 636, 637, 638, 639, 640, 641, 642, 643, 644, 645, 646, 647, 648, 649, 650, 651, 652, 653, 654, 655, 656, 657, 658, 659, 660, 661, 662, 663, 664, 665, 666, 667, 668, 669, 670, 671, 672, 673, 674, 675, 676, 677, 678, 679, 680, 681, 682, 683, 684, 685, 686, 687, 688, 689, 690, 691, 692, 693, 694, 695, 696, 697, 698, 699, 700, 701, 702, 703, 704, 705, 706, 707, 708, 709, 710, 711, 712, 713, 714, 715, 716, 717, 718, 719, 720, 721, 722, 723, 724, 725, 726, 727, 728, 729, 730, 731, 732, 733, 734, 735, 736, 737, 738, 739, 740, 741, 742, 743, 744, 745, 746, 747, 748, 749, 750, 751, 752, 753, 754, 755, 756, 757, 758, 759, 760, 761, 762, 763, 764, 765, 766, 767, 768, 769, 770, 771, 772, 773, 774, 775, 776, 777, 778, 779, 780, 781, 782, 783, 784, 785, 786, 787, 788, 789, 790, 791, 792, 793]","[190, 661]","[190, 661]","[10, 75, 103, 104, 106, 117, 118, 120, 127, 128, 129, 131, 133, 135, 136, 137, 139, 146, 147, 148, 149, 151, 158, 160, 162, 166, 173, 178, 179, 185, 190, 192, 198, 201, 203, 204, 206, 207, 212, 213, 214, 219, 223, 224, 225, 227, 230, 235, 237, 246, 247, 256, 259, 262, 263, 266, 268, 269, 271, 272, 278, 279, 284, 285, 288, 290, 292, 304, 306, 312, 316, 319, 320, 323, 324, 329, 332, 335, 495, 549, 574, 575, 577, 588, 589, 591, 598, 599, 600, 602, 604, 606, 607, 608, 610, 617, 618, 619, 620, 622, 625, 630, 632, 634, 638, 644, 649, 650, 656, 661, 663, 669, 673, 674, 676, 677, 682, 683, 684, 687, 688, 689, 691, 694, 699, 701, 710, 718, 722, 723, 727, 728, 730, 731, 737, 738, 743, 744, 747, 749, 751, 762, 764, 770, 774, 777, 778, 781, 782, 789, 791]","[190, 661]",[],7/6 successful match,True,[301],True,349,False,,1.0,True,Jahant Food & Fuel,
E Acampo ( 95220 ) Jahant Food & Fuel 24,2 209-333-6000 CA 99 Exit 271 ( 24323 SB Svc Rd ),24 M / D,Acampo,95220,Jahant Food & Fuel 24,209-333-6000,2015,Acampo,CA,,( 24323 SB Svc Rd ),CA 99 Exit 271 ,Exit,271,False,,False,CA 99,,,,,"[661, 190]","[190, 661]","[190, 661]","[190, 661]","[103, 104, 105, 106, 107, 108, 109, 110, 111, 112, 113, 114, 115, 116, 117, 118, 119, 120, 121, 122, 123, 124, 125, 126, 127, 128, 129, 130, 131, 132, 133, 134, 135, 136, 137, 138, 139, 140, 141, 142, 143, 144, 145, 146, 147, 148, 149, 150, 151, 152, 153, 154, 155, 156, 157, 158, 159, 160, 161, 162, 163, 164, 165, 166, 167, 168, 169, 170, 171, 172, 173, 174, 175, 176, 177, 178, 179, 180, 181, 182, 183, 184, 185, 186, 187, 188, 189, 190, 191, 192, 193, 194, 195, 196, 197, 198, 199, 200, 201, 202, 203, 204, 205, 206, 207, 208, 209, 210, 211, 212, 213, 214, 215, 216, 217, 218, 219, 220, 221, 222, 223, 224, 225, 226, 227, 228, 229, 230, 231, 232, 233, 234, 235, 236, 237, 238, 239, 240, 241, 242, 243, 244, 245, 246, 247, 248, 249, 250, 251, 252, 253, 254, 255, 256, 257, 258, 259, 260, 261, 262, 263, 264, 265, 266, 267, 268, 269, 270, 271, 272, 273, 274, 275, 276, 277, 278, 279, 280, 281, 282, 283, 284, 285, 286, 287, 288, 289, 290, 291, 292, 293, 294, 295, 296, 297, 298, 299, 300, 301, 302, 303, 304, 305, 306, 307, 308, 309, 310, 311, 312, 313, 314, 315, 316, 317, 318, 319, 320, 321, 322, 323, 324, 325, 326, 327, 328, 329, 330, 331, 332, 333, 334, 335, 336, 337, 574, 575, 576, 577, 578, 579, 580, 581, 582, 583, 584, 585, 586, 587, 588, 589, 590, 591, 592, 593, 594, 595, 596, 597, 598, 599, 600, 601, 602, 603, 604, 605, 606, 607, 608, 609, 610, 611, 612, 613, 614, 615, 616, 617, 618, 619, 620, 621, 622, 623, 624, 625, 626, 627, 628, 629, 630, 631, 632, 633, 634, 635, 636, 637, 638, 639, 640, 641, 642, 643, 644, 645, 646, 647, 648, 649, 650, 651, 652, 653, 654, 655, 656, 657, 658, 659, 660, 661, 662, 663, 664, 665, 666, 667, 668, 669, 670, 671, 672, 673, 674, 675, 676, 677, 678, 679, 680, 681, 682, 683, 684, 685, 686, 687, 688, 689, 690, 691, 692, 693, 694, 695, 696, 697, 698, 699, 700, 701, 702, 703, 704, 705, 706, 707, 708, 709, 710, 711, 712, 713, 714, 715, 716, 717, 718, 719, 720, 721, 722, 723, 724, 725, 726, 727, 728, 729, 730, 731, 732, 733, 734, 735, 736, 737, 738, 739, 740, 741, 742, 743, 744, 745, 746, 747, 748, 749, 750, 751, 752, 753, 754, 755, 756, 757, 758, 759, 760, 761, 762, 763, 764, 765, 766, 767, 768, 769, 770, 771, 772, 773, 774, 775, 776, 777, 778, 779, 780, 781, 782, 783, 784, 785, 786, 787, 788, 789, 790, 791, 792, 793]","[10, 75, 103, 104, 106, 117, 118, 120, 127, 128, 129, 131, 133, 135, 136, 137, 139, 146, 147, 148, 149, 151, 158, 160, 162, 166, 173, 178, 179, 185, 190, 192, 198, 201, 203, 204, 206, 207, 212, 213, 214, 219, 223, 224, 225, 227, 230, 235, 237, 246, 247, 256, 259, 262, 263, 266, 268, 269, 271, 272, 278, 279, 284, 285, 288, 290, 292, 304, 306, 312, 316, 319, 320, 323, 324, 329, 332, 335, 495, 549, 574, 575, 577, 588, 589, 591, 598, 599, 600, 602, 604, 606, 607, 608, 610, 617, 618, 619, 620, 622, 625, 630, 632, 634, 638, 644, 649, 650, 656, 661, 663, 669, 673, 674, 676, 677, 682, 683, 684, 687, 688, 689, 691, 694, 699, 701, 710, 718, 722, 723, 727, 728, 730, 731, 737, 738, 743, 744, 747, 749, 751, 762, 764, 770, 774, 777, 778, 781, 782, 789, 791]",[],"[103, 190, 574, 661]","[10, 75, 103, 104, 105, 106, 107, 108, 109, 110, 111, 112, 113, 114, 115, 116, 117, 118, 119, 120, 121, 122, 123, 124, 125, 126, 127, 128, 129, 130, 131, 132, 133, 134, 135, 136, 137, 138, 139, 140, 141, 142, 143, 144, 145, 146, 147, 148, 149, 150, 151, 152, 153, 154, 155, 156, 157, 158, 159, 160, 161, 162, 163, 164, 165, 166, 167, 168, 169, 170, 171, 172, 173, 174, 175, 176, 177, 178, 179, 180, 181, 182, 183, 184, 185, 186, 187, 188, 189, 190, 191, 192, 193, 194, 195, 196, 197, 198, 199, 200, 201, 202, 203, 204, 205, 206, 207, 208, 209, 210, 211, 212, 213, 214, 215, 216, 217, 218, 219, 220, 221, 222, 223, 224, 225, 226, 227, 228, 229, 230, 231, 232, 233, 234, 235, 236, 237, 238, 239, 240, 241, 242, 243, 244, 245, 246, 247, 248, 249, 250, 251, 252, 253, 254, 255, 256, 257, 258, 259, 260, 261, 262, 263, 264, 265, 266, 267, 268, 269, 270, 271, 272, 273, 274, 275, 276, 277, 278, 279, 280, 281, 282, 283, 284, 285, 286, 287, 288, 289, 290, 291, 292, 293, 294, 295, 296, 297, 298, 299, 300, 301, 302, 303, 304, 305, 306, 307, 308, 309, 310, 311, 312, 313, 314, 315, 316, 317, 318, 319, 320, 321, 322, 323, 324, 325, 326, 327, 328, 329, 330, 331, 332, 333, 334, 335, 336, 337, 495, 549, 574, 575, 576, 577, 578, 579, 580, 581, 582, 583, 584, 585, 586, 587, 588, 589, 590, 591, 592, 593, 594, 595, 596, 597, 598, 599, 600, 601, 602, 603, 604, 605, 606, 607, 608, 609, 610, 611, 612, 613, 614, 615, 616, 617, 618, 619, 620, 621, 622, 623, 624, 625, 626, 627, 628, 629, 630, 631, 632, 633, 634, 635, 636, 637, 638, 639, 640, 641, 642, 643, 644, 645, 646, 647, 648, 649, 650, 651, 652, 653, 654, 655, 656, 657, 658, 659, 660, 661, 662, 663, 664, 665, 666, 667, 668, 669, 670, 671, 672, 673, 674, 675, 676, 677, 678, 679, 680, 681, 682, 683, 684, 685, 686, 687, 688, 689, 690, 691, 692, 693, 694, 695, 696, 697, 698, 699, 700, 701, 702, 703, 704, 705, 706, 707, 708, 709, 710, 711, 712, 713, 714, 715, 716, 717, 718, 719, 720, 721, 722, 723, 724, 725, 726, 727, 728, 729, 730, 731, 732, 733, 734, 735, 736, 737, 738, 739, 740, 741, 742, 743, 744, 745, 746, 747, 748, 749, 750, 751, 752, 753, 754, 755, 756, 757, 758, 759, 760, 761, 762, 763, 764, 765, 766, 767, 768, 769, 770, 771, 772, 773, 774, 775, 776, 777, 778, 779, 780, 781, 782, 783, 784, 785, 786, 787, 788, 789, 790, 791, 792, 793]",True,"[190, 661]","[103, 104, 105, 106, 107, 108, 109, 110, 111, 112, 113, 114, 115, 116, 117, 118, 119, 120, 121, 122, 123, 124, 125, 126, 127, 128, 129, 130, 131, 132, 133, 134, 135, 136, 137, 138, 139, 140, 141, 142, 143, 144, 145, 146, 147, 148, 149, 150, 151, 152, 153, 154, 155, 156, 157, 158, 159, 160, 161, 162, 163, 164, 165, 166, 167, 168, 169, 170, 171, 172, 173, 174, 175, 176, 177, 178, 179, 180, 181, 182, 183, 184, 185, 186, 187, 188, 189, 190, 191, 192, 193, 194, 195, 196, 197, 198, 199, 200, 201, 202, 203, 204, 205, 206, 207, 208, 209, 210, 211, 212, 213, 214, 215, 216, 217, 218, 219, 220, 221, 222, 223, 224, 225, 226, 227, 228, 229, 230, 231, 232, 233, 234, 235, 236, 237, 238, 239, 240, 241, 242, 243, 244, 245, 246, 247, 248, 249, 250, 251, 252, 253, 254, 255, 256, 257, 258, 259, 260, 261, 262, 263, 264, 265, 266, 267, 268, 269, 270, 271, 272, 273, 274, 275, 276, 277, 278, 279, 280, 281, 282, 283, 284, 285, 286, 287, 288, 289, 290, 291, 292, 293, 294, 295, 296, 297, 298, 299, 300, 301, 302, 303, 304, 305, 306, 307, 308, 309, 310, 311, 312, 313, 314, 315, 316, 317, 318, 319, 320, 321, 322, 323, 324, 325, 326, 327, 328, 329, 330, 331, 332, 333, 334, 335, 336, 337, 574, 575, 576, 577, 578, 579, 580, 581, 582, 583, 584, 585, 586, 587, 588, 589, 590, 591, 592, 593, 594, 595, 596, 597, 598, 599, 600, 601, 602, 603, 604, 605, 606, 607, 608, 609, 610, 611, 612, 613, 614, 615, 616, 617, 618, 619, 620, 621, 622, 623, 624, 625, 626, 627, 628, 629, 630, 631, 632, 633, 634, 635, 636, 637, 638, 639, 640, 641, 642, 643, 644, 645, 646, 647, 648, 649, 650, 651, 652, 653, 654, 655, 656, 657, 658, 659, 660, 661, 662, 663, 664, 665, 666, 667, 668, 669, 670, 671, 672, 673, 674, 675, 676, 677, 678, 679, 680, 681, 682, 683, 684, 685, 686, 687, 688, 689, 690, 691, 692, 693, 694, 695, 696, 697, 698, 699, 700, 701, 702, 703, 704, 705, 706, 707, 708, 709, 710, 711, 712, 713, 714, 715, 716, 717, 718, 719, 720, 721, 722, 723, 724, 725, 726, 727, 728, 729, 730, 731, 732, 733, 734, 735, 736, 737, 738, 739, 740, 741, 742, 743, 744, 745, 746, 747, 748, 749, 750, 751, 752, 753, 754, 755, 756, 757, 758, 759, 760, 761, 762, 763, 764, 765, 766, 767, 768, 769, 770, 771, 772, 773, 774, 775, 776, 777, 778, 779, 780, 781, 782, 783, 784, 785, 786, 787, 788, 789, 790, 791, 792, 793]","[190, 661]","[190, 661]","[10, 75, 103, 104, 106, 117, 118, 120, 127, 128, 129, 131, 133, 135, 136, 137, 139, 146, 147, 148, 149, 151, 158, 160, 162, 166, 173, 178, 179, 185, 190, 192, 198, 201, 203, 204, 206, 207, 212, 213, 214, 219, 223, 224, 225, 227, 230, 235, 237, 246, 247, 256, 259, 262, 263, 266, 268, 269, 271, 272, 278, 279, 284, 285, 288, 290, 292, 304, 306, 312, 316, 319, 320, 323, 324, 329, 332, 335, 495, 549, 574, 575, 577, 588, 589, 591, 598, 599, 600, 602, 604, 606, 607, 608, 610, 617, 618, 619, 620, 622, 625, 630, 632, 634, 638, 644, 649, 650, 656, 661, 663, 669, 673, 674, 676, 677, 682, 683, 684, 687, 688, 689, 691, 694, 699, 701, 710, 718, 722, 723, 727, 728, 730, 731, 737, 738, 743, 744, 747, 749, 751, 762, 764, 770, 774, 777, 778, 781, 782, 789, 791]","[103, 190, 574, 661]",[],7/6 successful match,True,[301],True,349,False,,1.0,True,Jahant Food & Fuel,
E Acampo ( 95220 ) Jahant Food & Fuel ( Arco ),2 209-333-6000 CA 99 Exit 271 ( 24323 SB Svc Rd ),24 E /,Acampo,95220,Jahant Food & Fuel ( Arco ),209-333-6000,2016,Acampo,CA,,( 24323 SB Svc Rd ),CA 99 Exit 271 ,Exit,271,False,,False,CA 99,,,,,"[661, 190]","[190, 661]","[190, 661]","[190, 661]","[103, 104, 105, 106, 107, 108, 109, 110, 111, 112, 113, 114, 115, 116, 117, 118, 119, 120, 121, 122, 123, 124, 125, 126, 127, 128, 129, 130, 131, 132, 133, 134, 135, 136, 137, 138, 139, 140, 141, 142, 143, 144, 145, 146, 147, 148, 149, 150, 151, 152, 153, 154, 155, 156, 157, 158, 159, 160, 161, 162, 163, 164, 165, 166, 167, 168, 169, 170, 171, 172, 173, 174, 175, 176, 177, 178, 179, 180, 181, 182, 183, 184, 185, 186, 187, 188, 189, 190, 191, 192, 193, 194, 195, 196, 197, 198, 199, 200, 201, 202, 203, 204, 205, 206, 207, 208, 209, 210, 211, 212, 213, 214, 215, 216, 217, 218, 219, 220, 221, 222, 223, 224, 225, 226, 227, 228, 229, 230, 231, 232, 233, 234, 235, 236, 237, 238, 239, 240, 241, 242, 243, 244, 245, 246, 247, 248, 249, 250, 251, 252, 253, 254, 255, 256, 257, 258, 259, 260, 261, 262, 263, 264, 265, 266, 267, 268, 269, 270, 271, 272, 273, 274, 275, 276, 277, 278, 279, 280, 281, 282, 283, 284, 285, 286, 287, 288, 289, 290, 291, 292, 293, 294, 295, 296, 297, 298, 299, 300, 301, 302, 303, 304, 305, 306, 307, 308, 309, 310, 311, 312, 313, 314, 315, 316, 317, 318, 319, 320, 321, 322, 323, 324, 325, 326, 327, 328, 329, 330, 331, 332, 333, 334, 335, 336, 337, 574, 575, 576, 577, 578, 579, 580, 581, 582, 583, 584, 585, 586, 587, 588, 589, 590, 591, 592, 593, 594, 595, 596, 597, 598, 599, 600, 601, 602, 603, 604, 605, 606, 607, 608, 609, 610, 611, 612, 613, 614, 615, 616, 617, 618, 619, 620, 621, 622, 623, 624, 625, 626, 627, 628, 629, 630, 631, 632, 633, 634, 635, 636, 637, 638, 639, 640, 641, 642, 643, 644, 645, 646, 647, 648, 649, 650, 651, 652, 653, 654, 655, 656, 657, 658, 659, 660, 661, 662, 663, 664, 665, 666, 667, 668, 669, 670, 671, 672, 673, 674, 675, 676, 677, 678, 679, 680, 681, 682, 683, 684, 685, 686, 687, 688, 689, 690, 691, 692, 693, 694, 695, 696, 697, 698, 699, 700, 701, 702, 703, 704, 705, 706, 707, 708, 709, 710, 711, 712, 713, 714, 715, 716, 717, 718, 719, 720, 721, 722, 723, 724, 725, 726, 727, 728, 729, 730, 731, 732, 733, 734, 735, 736, 737, 738, 739, 740, 741, 742, 743, 744, 745, 746, 747, 748, 749, 750, 751, 752, 753, 754, 755, 756, 757, 758, 759, 760, 761, 762, 763, 764, 765, 766, 767, 768, 769, 770, 771, 772, 773, 774, 775, 776, 777, 778, 779, 780, 781, 782, 783, 784, 785, 786, 787, 788, 789, 790, 791, 792, 793]","[10, 75, 103, 104, 106, 117, 118, 120, 127, 128, 129, 131, 133, 135, 136, 137, 139, 146, 147, 148, 149, 151, 158, 160, 162, 166, 173, 178, 179, 185, 190, 192, 198, 201, 203, 204, 206, 207, 212, 213, 214, 219, 223, 224, 225, 227, 230, 235, 237, 246, 247, 256, 259, 262, 263, 266, 268, 269, 271, 272, 278, 279, 284, 285, 288, 290, 292, 304, 306, 312, 316, 319, 320, 323, 324, 329, 332, 335, 495, 549, 574, 575, 577, 588, 589, 591, 598, 599, 600, 602, 604, 606, 607, 608, 610, 617, 618, 619, 620, 622, 625, 630, 632, 634, 638, 644, 649, 650, 656, 661, 663, 669, 673, 674, 676, 677, 682, 683, 684, 687, 688, 689, 691, 694, 699, 701, 710, 718, 722, 723, 727, 728, 730, 731, 737, 738, 743, 744, 747, 749, 751, 762, 764, 770, 774, 777, 778, 781, 782, 789, 791]",[],"[0, 120, 122, 190, 200, 223, 226, 315, 382, 485, 591, 593, 625, 661, 671, 687, 690, 773, 832]","[0, 10, 75, 103, 104, 105, 106, 107, 108, 109, 110, 111, 112, 113, 114, 115, 116, 117, 118, 119, 120, 121, 122, 123, 124, 125, 126, 127, 128, 129, 130, 131, 132, 133, 134, 135, 136, 137, 138, 139, 140, 141, 142, 143, 144, 145, 146, 147, 148, 149, 150, 151, 152, 153, 154, 155, 156, 157, 158, 159, 160, 161, 162, 163, 164, 165, 166, 167, 168, 169, 170, 171, 172, 173, 174, 175, 176, 177, 178, 179, 180, 181, 182, 183, 184, 185, 186, 187, 188, 189, 190, 191, 192, 193, 194, 195, 196, 197, 198, 199, 200, 201, 202, 203, 204, 205, 206, 207, 208, 209, 210, 211, 212, 213, 214, 215, 216, 217, 218, 219, 220, 221, 222, 223, 224, 225, 226, 227, 228, 229, 230, 231, 232, 233, 234, 235, 236, 237, 238, 239, 240, 241, 242, 243, 244, 245, 246, 247, 248, 249, 250, 251, 252, 253, 254, 255, 256, 257, 258, 259, 260, 261, 262, 263, 264, 265, 266, 267, 268, 269, 270, 271, 272, 273, 274, 275, 276, 277, 278, 279, 280, 281, 282, 283, 284, 285, 286, 287, 288, 289, 290, 291, 292, 293, 294, 295, 296, 297, 298, 299, 300, 301, 302, 303, 304, 305, 306, 307, 308, 309, 310, 311, 312, 313, 314, 315, 316, 317, 318, 319, 320, 321, 322, 323, 324, 325, 326, 327, 328, 329, 330, 331, 332, 333, 334, 335, 336, 337, 382, 485, 495, 549, 574, 575, 576, 577, 578, 579, 580, 581, 582, 583, 584, 585, 586, 587, 588, 589, 590, 591, 592, 593, 594, 595, 596, 597, 598, 599, 600, 601, 602, 603, 604, 605, 606, 607, 608, 609, 610, 611, 612, 613, 614, 615, 616, 617, 618, 619, 620, 621, 622, 623, 624, 625, 626, 627, 628, 629, 630, 631, 632, 633, 634, 635, 636, 637, 638, 639, 640, 641, 642, 643, 644, 645, 646, 647, 648, 649, 650, 651, 652, 653, 654, 655, 656, 657, 658, 659, 660, 661, 662, 663, 664, 665, 666, 667, 668, 669, 670, 671, 672, 673, 674, 675, 676, 677, 678, 679, 680, 681, 682, 683, 684, 685, 686, 687, 688, 689, 690, 691, 692, 693, 694, 695, 696, 697, 698, 699, 700, 701, 702, 703, 704, 705, 706, 707, 708, 709, 710, 711, 712, 713, 714, 715, 716, 717, 718, 719, 720, 721, 722, 723, 724, 725, 726, 727, 728, 729, 730, 731, 732, 733, 734, 735, 736, 737, 738, 739, 740, 741, 742, 743, 744, 745, 746, 747, 748, 749, 750, 751, 752, 753, 754, 755, 756, 757, 758, 759, 760, 761, 762, 763, 764, 765, 766, 767, 768, 769, 770, 771, 772, 773, 774, 775, 776, 777, 778, 779, 780, 781, 782, 783, 784, 785, 786, 787, 788, 789, 790, 791, 792, 793, 832]",True,"[190, 661]","[103, 104, 105, 106, 107, 108, 109, 110, 111, 112, 113, 114, 115, 116, 117, 118, 119, 120, 121, 122, 123, 124, 125, 126, 127, 128, 129, 130, 131, 132, 133, 134, 135, 136, 137, 138, 139, 140, 141, 142, 143, 144, 145, 146, 147, 148, 149, 150, 151, 152, 153, 154, 155, 156, 157, 158, 159, 160, 161, 162, 163, 164, 165, 166, 167, 168, 169, 170, 171, 172, 173, 174, 175, 176, 177, 178, 179, 180, 181, 182, 183, 184, 185, 186, 187, 188, 189, 190, 191, 192, 193, 194, 195, 196, 197, 198, 199, 200, 201, 202, 203, 204, 205, 206, 207, 208, 209, 210, 211, 212, 213, 214, 215, 216, 217, 218, 219, 220, 221, 222, 223, 224, 225, 226, 227, 228, 229, 230, 231, 232, 233, 234, 235, 236, 237, 238, 239, 240, 241, 242, 243, 244, 245, 246, 247, 248, 249, 250, 251, 252, 253, 254, 255, 256, 257, 258, 259, 260, 261, 262, 263, 264, 265, 266, 267, 268, 269, 270, 271, 272, 273, 274, 275, 276, 277, 278, 279, 280, 281, 282, 283, 284, 285, 286, 287, 288, 289, 290, 291, 292, 293, 294, 295, 296, 297, 298, 299, 300, 301, 302, 303, 304, 305, 306, 307, 308, 309, 310, 311, 312, 313, 314, 315, 316, 317, 318, 319, 320, 321, 322, 323, 324, 325, 326, 327, 328, 329, 330, 331, 332, 333, 334, 335, 336, 337, 574, 575, 576, 577, 578, 579, 580, 581, 582, 583, 584, 585, 586, 587, 588, 589, 590, 591, 592, 593, 594, 595, 596, 597, 598, 599, 600, 601, 602, 603, 604, 605, 606, 607, 608, 609, 610, 611, 612, 613, 614, 615, 616, 617, 618, 619, 620, 621, 622, 623, 624, 625, 626, 627, 628, 629, 630, 631, 632, 633, 634, 635, 636, 637, 638, 639, 640, 641, 642, 643, 644, 645, 646, 647, 648, 649, 650, 651, 652, 653, 654, 655, 656, 657, 658, 659, 660, 661, 662, 663, 664, 665, 666, 667, 668, 669, 670, 671, 672, 673, 674, 675, 676, 677, 678, 679, 680, 681, 682, 683, 684, 685, 686, 687, 688, 689, 690, 691, 692, 693, 694, 695, 696, 697, 698, 699, 700, 701, 702, 703, 704, 705, 706, 707, 708, 709, 710, 711, 712, 713, 714, 715, 716, 717, 718, 719, 720, 721, 722, 723, 724, 725, 726, 727, 728, 729, 730, 731, 732, 733, 734, 735, 736, 737, 738, 739, 740, 741, 742, 743, 744, 745, 746, 747, 748, 749, 750, 751, 752, 753, 754, 755, 756, 757, 758, 759, 760, 761, 762, 763, 764, 765, 766, 767, 768, 769, 770, 771, 772, 773, 774, 775, 776, 777, 778, 779, 780, 781, 782, 783, 784, 785, 786, 787, 788, 789, 790, 791, 792, 793]","[190, 661]","[190, 661]","[10, 75, 103, 104, 106, 117, 118, 120, 127, 128, 129, 131, 133, 135, 136, 137, 139, 146, 147, 148, 149, 151, 158, 160, 162, 166, 173, 178, 179, 185, 190, 192, 198, 201, 203, 204, 206, 207, 212, 213, 214, 219, 223, 224, 225, 227, 230, 235, 237, 246, 247, 256, 259, 262, 263, 266, 268, 269, 271, 272, 278, 279, 284, 285, 288, 290, 292, 304, 306, 312, 316, 319, 320, 323, 324, 329, 332, 335, 495, 549, 574, 575, 577, 588, 589, 591, 598, 599, 600, 602, 604, 606, 607, 608, 610, 617, 618, 619, 620, 622, 625, 630, 632, 634, 638, 644, 649, 650, 656, 661, 663, 669, 673, 674, 676, 677, 682, 683, 684, 687, 688, 689, 691, 694, 699, 701, 710, 718, 722, 723, 727, 728, 730, 731, 737, 738, 743, 744, 747, 749, 751, 762, 764, 770, 774, 777, 778, 781, 782, 789, 791]","[0, 120, 122, 190, 200, 223, 226, 315, 382, 485, 591, 593, 625, 661, 671, 687, 690, 773, 832]",[],7/6 successful match,True,[301],True,349,False,,0.9375,True,Jahant Food & Fuel 24,
"Lodi , 95240 Flying J Travel Plaza # 0500079",209-339-4066 I-5 Exit 485 ( CA 12 W ),000,Lodi,95240,Flying J Travel Plaza # 0500079,209-339-4066,2006,Lodi,CA,Flying J,( CA 12 W ),I-5 Exit 485 ,Exit,485,False,,False,I-5,,,,,"[637, 165]","[105, 576]","[105, 165, 210, 576, 637, 680]","[105, 165, 210, 275, 576, 637, 680, 734]","[103, 104, 105, 106, 107, 108, 109, 110, 111, 112, 113, 114, 115, 116, 117, 118, 119, 120, 121, 122, 123, 124, 125, 126, 127, 128, 129, 130, 131, 132, 133, 134, 135, 136, 137, 138, 139, 140, 141, 142, 143, 144, 145, 146, 147, 148, 149, 150, 151, 152, 153, 154, 155, 156, 157, 158, 159, 160, 161, 162, 163, 164, 165, 166, 167, 168, 169, 170, 171, 172, 173, 174, 175, 176, 177, 178, 179, 180, 181, 182, 183, 184, 185, 186, 187, 188, 189, 190, 191, 192, 193, 194, 195, 196, 197, 198, 199, 200, 201, 202, 203, 204, 205, 206, 207, 208, 209, 210, 211, 212, 213, 214, 215, 216, 217, 218, 219, 220, 221, 222, 223, 224, 225, 226, 227, 228, 229, 230, 231, 232, 233, 234, 235, 236, 237, 238, 239, 240, 241, 242, 243, 244, 245, 246, 247, 248, 249, 250, 251, 252, 253, 254, 255, 256, 257, 258, 259, 260, 261, 262, 263, 264, 265, 266, 267, 268, 269, 270, 271, 272, 273, 274, 275, 276, 277, 278, 279, 280, 281, 282, 283, 284, 285, 286, 287, 288, 289, 290, 291, 292, 293, 294, 295, 296, 297, 298, 299, 300, 301, 302, 303, 304, 305, 306, 307, 308, 309, 310, 311, 312, 313, 314, 315, 316, 317, 318, 319, 320, 321, 322, 323, 324, 325, 326, 327, 328, 329, 330, 331, 332, 333, 334, 335, 336, 337, 574, 575, 576, 577, 578, 579, 580, 581, 582, 583, 584, 585, 586, 587, 588, 589, 590, 591, 592, 593, 594, 595, 596, 597, 598, 599, 600, 601, 602, 603, 604, 605, 606, 607, 608, 609, 610, 611, 612, 613, 614, 615, 616, 617, 618, 619, 620, 621, 622, 623, 624, 625, 626, 627, 628, 629, 630, 631, 632, 633, 634, 635, 636, 637, 638, 639, 640, 641, 642, 643, 644, 645, 646, 647, 648, 649, 650, 651, 652, 653, 654, 655, 656, 657, 658, 659, 660, 661, 662, 663, 664, 665, 666, 667, 668, 669, 670, 671, 672, 673, 674, 675, 676, 677, 678, 679, 680, 681, 682, 683, 684, 685, 686, 687, 688, 689, 690, 691, 692, 693, 694, 695, 696, 697, 698, 699, 700, 701, 702, 703, 704, 705, 706, 707, 708, 709, 710, 711, 712, 713, 714, 715, 716, 717, 718, 719, 720, 721, 722, 723, 724, 725, 726, 727, 728, 729, 730, 731, 732, 733, 734, 735, 736, 737, 738, 739, 740, 741, 742, 743, 744, 745, 746, 747, 748, 749, 750, 751, 752, 753, 754, 755, 756, 757, 758, 759, 760, 761, 762, 763, 764, 765, 766, 767, 768, 769, 770, 771, 772, 773, 774, 775, 776, 777, 778, 779, 780, 781, 782, 783, 784, 785, 786, 787, 788, 789, 790, 791, 792, 793]","[105, 114, 138, 141, 152, 153, 154, 155, 157, 159, 164, 165, 176, 182, 191, 192, 194, 195, 196, 200, 204, 208, 209, 210, 211, 215, 226, 228, 241, 242, 243, 245, 248, 249, 250, 257, 261, 270, 271, 282, 287, 289, 291, 294, 296, 298, 306, 308, 309, 311, 314, 327, 333, 335, 337, 576, 585, 609, 612, 623, 624, 626, 627, 629, 631, 636, 637, 647, 653, 662, 663, 665, 666, 667, 671, 674, 678, 679, 680, 681, 690, 692, 705, 706, 707, 709, 711, 712, 713, 719, 721, 729, 730, 741, 746, 748, 750, 753, 755, 757, 764, 766, 767, 769, 772, 785, 791]","[17, 18, 19, 20, 21, 22, 23, 156, 157, 158, 159, 160, 161, 162, 163, 164, 165, 166, 167, 341, 342, 343, 344, 345, 412, 413, 414, 415, 416, 417, 418, 419, 420, 421, 422, 502, 503, 504, 505, 506, 507, 628, 629, 630, 631, 632, 633, 634, 635, 636, 637, 638, 639, 792, 797, 798, 799, 800, 801, 863, 864, 865, 866, 867, 868, 869, 870, 871, 872, 873, 874]","[17, 18, 19, 20, 21, 22, 23, 156, 157, 158, 159, 160, 161, 162, 163, 164, 165, 166, 167, 168, 340, 341, 342, 343, 344, 345, 346, 412, 413, 414, 415, 416, 417, 418, 419, 420, 421, 422, 502, 503, 504, 505, 506, 507, 628, 629, 630, 631, 632, 633, 634, 635, 636, 637, 638, 639, 792, 796, 797, 798, 799, 800, 801, 863, 864, 865, 866, 867, 868, 869, 870, 871, 872, 873, 874]","[17, 18, 19, 20, 21, 22, 23, 103, 104, 105, 106, 107, 108, 109, 110, 111, 112, 113, 114, 115, 116, 117, 118, 119, 120, 121, 122, 123, 124, 125, 126, 127, 128, 129, 130, 131, 132, 133, 134, 135, 136, 137, 138, 139, 140, 141, 142, 143, 144, 145, 146, 147, 148, 149, 150, 151, 152, 153, 154, 155, 156, 157, 158, 159, 160, 161, 162, 163, 164, 165, 166, 167, 168, 169, 170, 171, 172, 173, 174, 175, 176, 177, 178, 179, 180, 181, 182, 183, 184, 185, 186, 187, 188, 189, 190, 191, 192, 193, 194, 195, 196, 197, 198, 199, 200, 201, 202, 203, 204, 205, 206, 207, 208, 209, 210, 211, 212, 213, 214, 215, 216, 217, 218, 219, 220, 221, 222, 223, 224, 225, 226, 227, 228, 229, 230, 231, 232, 233, 234, 235, 236, 237, 238, 239, 240, 241, 242, 243, 244, 245, 246, 247, 248, 249, 250, 251, 252, 253, 254, 255, 256, 257, 258, 259, 260, 261, 262, 263, 264, 265, 266, 267, 268, 269, 270, 271, 272, 273, 274, 275, 276, 277, 278, 279, 280, 281, 282, 283, 284, 285, 286, 287, 288, 289, 290, 291, 292, 293, 294, 295, 296, 297, 298, 299, 300, 301, 302, 303, 304, 305, 306, 307, 308, 309, 310, 311, 312, 313, 314, 315, 316, 317, 318, 319, 320, 321, 322, 323, 324, 325, 326, 327, 328, 329, 330, 331, 332, 333, 334, 335, 336, 337, 340, 341, 342, 343, 344, 345, 346, 412, 413, 414, 415, 416, 417, 418, 419, 420, 421, 422, 502, 503, 504, 505, 506, 507, 574, 575, 576, 577, 578, 579, 580, 581, 582, 583, 584, 585, 586, 587, 588, 589, 590, 591, 592, 593, 594, 595, 596, 597, 598, 599, 600, 601, 602, 603, 604, 605, 606, 607, 608, 609, 610, 611, 612, 613, 614, 615, 616, 617, 618, 619, 620, 621, 622, 623, 624, 625, 626, 627, 628, 629, 630, 631, 632, 633, 634, 635, 636, 637, 638, 639, 640, 641, 642, 643, 644, 645, 646, 647, 648, 649, 650, 651, 652, 653, 654, 655, 656, 657, 658, 659, 660, 661, 662, 663, 664, 665, 666, 667, 668, 669, 670, 671, 672, 673, 674, 675, 676, 677, 678, 679, 680, 681, 682, 683, 684, 685, 686, 687, 688, 689, 690, 691, 692, 693, 694, 695, 696, 697, 698, 699, 700, 701, 702, 703, 704, 705, 706, 707, 708, 709, 710, 711, 712, 713, 714, 715, 716, 717, 718, 719, 720, 721, 722, 723, 724, 725, 726, 727, 728, 729, 730, 731, 732, 733, 734, 735, 736, 737, 738, 739, 740, 741, 742, 743, 744, 745, 746, 747, 748, 749, 750, 751, 752, 753, 754, 755, 756, 757, 758, 759, 760, 761, 762, 763, 764, 765, 766, 767, 768, 769, 770, 771, 772, 773, 774, 775, 776, 777, 778, 779, 780, 781, 782, 783, 784, 785, 786, 787, 788, 789, 790, 791, 792, 793, 796, 797, 798, 799, 800, 801, 863, 864, 865, 866, 867, 868, 869, 870, 871, 872, 873, 874]",True,"[105, 576]","[103, 104, 105, 106, 107, 108, 109, 110, 111, 112, 113, 114, 115, 116, 117, 118, 119, 120, 121, 122, 123, 124, 125, 126, 127, 128, 129, 130, 131, 132, 133, 134, 135, 136, 137, 138, 139, 140, 141, 142, 143, 144, 145, 146, 147, 148, 149, 150, 151, 152, 153, 154, 155, 156, 157, 158, 159, 160, 161, 162, 163, 164, 165, 166, 167, 168, 169, 170, 171, 172, 173, 174, 175, 176, 177, 178, 179, 180, 181, 182, 183, 184, 185, 186, 187, 188, 189, 190, 191, 192, 193, 194, 195, 196, 197, 198, 199, 200, 201, 202, 203, 204, 205, 206, 207, 208, 209, 210, 211, 212, 213, 214, 215, 216, 217, 218, 219, 220, 221, 222, 223, 224, 225, 226, 227, 228, 229, 230, 231, 232, 233, 234, 235, 236, 237, 238, 239, 240, 241, 242, 243, 244, 245, 246, 247, 248, 249, 250, 251, 252, 253, 254, 255, 256, 257, 258, 259, 260, 261, 262, 263, 264, 265, 266, 267, 268, 269, 270, 271, 272, 273, 274, 275, 276, 277, 278, 279, 280, 281, 282, 283, 284, 285, 286, 287, 288, 289, 290, 291, 292, 293, 294, 295, 296, 297, 298, 299, 300, 301, 302, 303, 304, 305, 306, 307, 308, 309, 310, 311, 312, 313, 314, 315, 316, 317, 318, 319, 320, 321, 322, 323, 324, 325, 326, 327, 328, 329, 330, 331, 332, 333, 334, 335, 336, 337, 574, 575, 576, 577, 578, 579, 580, 581, 582, 583, 584, 585, 586, 587, 588, 589, 590, 591, 592, 593, 594, 595, 596, 597, 598, 599, 600, 601, 602, 603, 604, 605, 606, 607, 608, 609, 610, 611, 612, 613, 614, 615, 616, 617, 618, 619, 620, 621, 622, 623, 624, 625, 626, 627, 628, 629, 630, 631, 632, 633, 634, 635, 636, 637, 638, 639, 640, 641, 642, 643, 644, 645, 646, 647, 648, 649, 650, 651, 652, 653, 654, 655, 656, 657, 658, 659, 660, 661, 662, 663, 664, 665, 666, 667, 668, 669, 670, 671, 672, 673, 674, 675, 676, 677, 678, 679, 680, 681, 682, 683, 684, 685, 686, 687, 688, 689, 690, 691, 692, 693, 694, 695, 696, 697, 698, 699, 700, 701, 702, 703, 704, 705, 706, 707, 708, 709, 710, 711, 712, 713, 714, 715, 716, 717, 718, 719, 720, 721, 722, 723, 724, 725, 726, 727, 728, 729, 730, 731, 732, 733, 734, 735, 736, 737, 738, 739, 740, 741, 742, 743, 744, 745, 746, 747, 748, 749, 750, 751, 752, 753, 754, 755, 756, 757, 758, 759, 760, 761, 762, 763, 764, 765, 766, 767, 768, 769, 770, 771, 772, 773, 774, 775, 776, 777, 778, 779, 780, 781, 782, 783, 784, 785, 786, 787, 788, 789, 790, 791, 792, 793]","[105, 165, 210, 576, 637, 680]","[105, 165, 210, 275, 576, 637, 680, 734]","[105, 114, 138, 141, 152, 153, 154, 155, 157, 159, 164, 165, 176, 182, 191, 192, 194, 195, 196, 200, 204, 208, 209, 210, 211, 215, 226, 228, 241, 242, 243, 245, 248, 249, 250, 257, 261, 270, 271, 282, 287, 289, 291, 294, 296, 298, 306, 308, 309, 311, 314, 327, 333, 335, 337, 576, 585, 609, 612, 623, 624, 626, 627, 629, 631, 636, 637, 647, 653, 662, 663, 665, 666, 667, 671, 674, 678, 679, 680, 681, 690, 692, 705, 706, 707, 709, 711, 712, 713, 719, 721, 729, 730, 741, 746, 748, 750, 753, 755, 757, 764, 766, 767, 769, 772, 785, 791]","[17, 18, 19, 20, 21, 22, 23, 156, 157, 158, 159, 160, 161, 162, 163, 164, 165, 166, 167, 168, 340, 341, 342, 343, 344, 345, 346, 412, 413, 414, 415, 416, 417, 418, 419, 420, 421, 422, 502, 503, 504, 505, 506, 507, 628, 629, 630, 631, 632, 633, 634, 635, 636, 637, 638, 639, 792, 796, 797, 798, 799, 800, 801, 863, 864, 865, 866, 867, 868, 869, 870, 871, 872, 873, 874]","[17, 18, 19, 20, 21, 22, 23, 156, 157, 158, 159, 160, 161, 162, 163, 164, 165, 166, 167, 341, 342, 343, 344, 345, 412, 413, 414, 415, 416, 417, 418, 419, 420, 421, 422, 502, 503, 504, 505, 506, 507, 628, 629, 630, 631, 632, 633, 634, 635, 636, 637, 638, 639, 792, 797, 798, 799, 800, 801, 863, 864, 865, 866, 867, 868, 869, 870, 871, 872, 873, 874]",7/6 successful match,True,"[556, 557, 558]",True,350,False,,,,,
"E Lodi , 95240 Flying J Travel Plaza # 0500079",209-339-4066 I-5 Exit 485 ( CA 12 W ) #,HRS 24 XL 22,Lodi,95240,Flying J Travel Plaza # 0500079,209-339-4066,2007,Lodi,CA,Flying J,( CA 12 W ) #,I-5 Exit 485 ,Exit,485,False,,False,I-5,,,,,"[637, 165]","[105, 576]","[105, 165, 210, 576, 637, 680]","[105, 165, 210, 275, 576, 637, 680, 734]","[103, 104, 105, 106, 107, 108, 109, 110, 111, 112, 113, 114, 115, 116, 117, 118, 119, 120, 121, 122, 123, 124, 125, 126, 127, 128, 129, 130, 131, 132, 133, 134, 135, 136, 137, 138, 139, 140, 141, 142, 143, 144, 145, 146, 147, 148, 149, 150, 151, 152, 153, 154, 155, 156, 157, 158, 159, 160, 161, 162, 163, 164, 165, 166, 167, 168, 169, 170, 171, 172, 173, 174, 175, 176, 177, 178, 179, 180, 181, 182, 183, 184, 185, 186, 187, 188, 189, 190, 191, 192, 193, 194, 195, 196, 197, 198, 199, 200, 201, 202, 203, 204, 205, 206, 207, 208, 209, 210, 211, 212, 213, 214, 215, 216, 217, 218, 219, 220, 221, 222, 223, 224, 225, 226, 227, 228, 229, 230, 231, 232, 233, 234, 235, 236, 237, 238, 239, 240, 241, 242, 243, 244, 245, 246, 247, 248, 249, 250, 251, 252, 253, 254, 255, 256, 257, 258, 259, 260, 261, 262, 263, 264, 265, 266, 267, 268, 269, 270, 271, 272, 273, 274, 275, 276, 277, 278, 279, 280, 281, 282, 283, 284, 285, 286, 287, 288, 289, 290, 291, 292, 293, 294, 295, 296, 297, 298, 299, 300, 301, 302, 303, 304, 305, 306, 307, 308, 309, 310, 311, 312, 313, 314, 315, 316, 317, 318, 319, 320, 321, 322, 323, 324, 325, 326, 327, 328, 329, 330, 331, 332, 333, 334, 335, 336, 337, 574, 575, 576, 577, 578, 579, 580, 581, 582, 583, 584, 585, 586, 587, 588, 589, 590, 591, 592, 593, 594, 595, 596, 597, 598, 599, 600, 601, 602, 603, 604, 605, 606, 607, 608, 609, 610, 611, 612, 613, 614, 615, 616, 617, 618, 619, 620, 621, 622, 623, 624, 625, 626, 627, 628, 629, 630, 631, 632, 633, 634, 635, 636, 637, 638, 639, 640, 641, 642, 643, 644, 645, 646, 647, 648, 649, 650, 651, 652, 653, 654, 655, 656, 657, 658, 659, 660, 661, 662, 663, 664, 665, 666, 667, 668, 669, 670, 671, 672, 673, 674, 675, 676, 677, 678, 679, 680, 681, 682, 683, 684, 685, 686, 687, 688, 689, 690, 691, 692, 693, 694, 695, 696, 697, 698, 699, 700, 701, 702, 703, 704, 705, 706, 707, 708, 709, 710, 711, 712, 713, 714, 715, 716, 717, 718, 719, 720, 721, 722, 723, 724, 725, 726, 727, 728, 729, 730, 731, 732, 733, 734, 735, 736, 737, 738, 739, 740, 741, 742, 743, 744, 745, 746, 747, 748, 749, 750, 751, 752, 753, 754, 755, 756, 757, 758, 759, 760, 761, 762, 763, 764, 765, 766, 767, 768, 769, 770, 771, 772, 773, 774, 775, 776, 777, 778, 779, 780, 781, 782, 783, 784, 785, 786, 787, 788, 789, 790, 791, 792, 793]","[105, 114, 138, 141, 152, 153, 154, 155, 157, 159, 164, 165, 176, 182, 191, 192, 194, 195, 196, 200, 204, 208, 209, 210, 211, 215, 226, 228, 241, 242, 243, 245, 248, 249, 250, 257, 261, 270, 271, 282, 287, 289, 291, 294, 296, 298, 306, 308, 309, 311, 314, 327, 333, 335, 337, 576, 585, 609, 612, 623, 624, 626, 627, 629, 631, 636, 637, 647, 653, 662, 663, 665, 666, 667, 671, 674, 678, 679, 680, 681, 690, 692, 705, 706, 707, 709, 711, 712, 713, 719, 721, 729, 730, 741, 746, 748, 750, 753, 755, 757, 764, 766, 767, 769, 772, 785, 791]","[17, 18, 19, 20, 21, 22, 23, 156, 157, 158, 159, 160, 161, 162, 163, 164, 165, 166, 167, 341, 342, 343, 344, 345, 412, 413, 414, 415, 416, 417, 418, 419, 420, 421, 422, 502, 503, 504, 505, 506, 507, 628, 629, 630, 631, 632, 633, 634, 635, 636, 637, 638, 639, 792, 797, 798, 799, 800, 801, 863, 864, 865, 866, 867, 868, 869, 870, 871, 872, 873, 874]","[17, 18, 19, 20, 21, 22, 23, 156, 157, 158, 159, 160, 161, 162, 163, 164, 165, 166, 167, 168, 340, 341, 342, 343, 344, 345, 346, 412, 413, 414, 415, 416, 417, 418, 419, 420, 421, 422, 502, 503, 504, 505, 506, 507, 628, 629, 630, 631, 632, 633, 634, 635, 636, 637, 638, 639, 792, 796, 797, 798, 799, 800, 801, 863, 864, 865, 866, 867, 868, 869, 870, 871, 872, 873, 874]","[17, 18, 19, 20, 21, 22, 23, 103, 104, 105, 106, 107, 108, 109, 110, 111, 112, 113, 114, 115, 116, 117, 118, 119, 120, 121, 122, 123, 124, 125, 126, 127, 128, 129, 130, 131, 132, 133, 134, 135, 136, 137, 138, 139, 140, 141, 142, 143, 144, 145, 146, 147, 148, 149, 150, 151, 152, 153, 154, 155, 156, 157, 158, 159, 160, 161, 162, 163, 164, 165, 166, 167, 168, 169, 170, 171, 172, 173, 174, 175, 176, 177, 178, 179, 180, 181, 182, 183, 184, 185, 186, 187, 188, 189, 190, 191, 192, 193, 194, 195, 196, 197, 198, 199, 200, 201, 202, 203, 204, 205, 206, 207, 208, 209, 210, 211, 212, 213, 214, 215, 216, 217, 218, 219, 220, 221, 222, 223, 224, 225, 226, 227, 228, 229, 230, 231, 232, 233, 234, 235, 236, 237, 238, 239, 240, 241, 242, 243, 244, 245, 246, 247, 248, 249, 250, 251, 252, 253, 254, 255, 256, 257, 258, 259, 260, 261, 262, 263, 264, 265, 266, 267, 268, 269, 270, 271, 272, 273, 274, 275, 276, 277, 278, 279, 280, 281, 282, 283, 284, 285, 286, 287, 288, 289, 290, 291, 292, 293, 294, 295, 296, 297, 298, 299, 300, 301, 302, 303, 304, 305, 306, 307, 308, 309, 310, 311, 312, 313, 314, 315, 316, 317, 318, 319, 320, 321, 322, 323, 324, 325, 326, 327, 328, 329, 330, 331, 332, 333, 334, 335, 336, 337, 340, 341, 342, 343, 344, 345, 346, 412, 413, 414, 415, 416, 417, 418, 419, 420, 421, 422, 502, 503, 504, 505, 506, 507, 574, 575, 576, 577, 578, 579, 580, 581, 582, 583, 584, 585, 586, 587, 588, 589, 590, 591, 592, 593, 594, 595, 596, 597, 598, 599, 600, 601, 602, 603, 604, 605, 606, 607, 608, 609, 610, 611, 612, 613, 614, 615, 616, 617, 618, 619, 620, 621, 622, 623, 624, 625, 626, 627, 628, 629, 630, 631, 632, 633, 634, 635, 636, 637, 638, 639, 640, 641, 642, 643, 644, 645, 646, 647, 648, 649, 650, 651, 652, 653, 654, 655, 656, 657, 658, 659, 660, 661, 662, 663, 664, 665, 666, 667, 668, 669, 670, 671, 672, 673, 674, 675, 676, 677, 678, 679, 680, 681, 682, 683, 684, 685, 686, 687, 688, 689, 690, 691, 692, 693, 694, 695, 696, 697, 698, 699, 700, 701, 702, 703, 704, 705, 706, 707, 708, 709, 710, 711, 712, 713, 714, 715, 716, 717, 718, 719, 720, 721, 722, 723, 724, 725, 726, 727, 728, 729, 730, 731, 732, 733, 734, 735, 736, 737, 738, 739, 740, 741, 742, 743, 744, 745, 746, 747, 748, 749, 750, 751, 752, 753, 754, 755, 756, 757, 758, 759, 760, 761, 762, 763, 764, 765, 766, 767, 768, 769, 770, 771, 772, 773, 774, 775, 776, 777, 778, 779, 780, 781, 782, 783, 784, 785, 786, 787, 788, 789, 790, 791, 792, 793, 796, 797, 798, 799, 800, 801, 863, 864, 865, 866, 867, 868, 869, 870, 871, 872, 873, 874]",True,"[105, 576]","[103, 104, 105, 106, 107, 108, 109, 110, 111, 112, 113, 114, 115, 116, 117, 118, 119, 120, 121, 122, 123, 124, 125, 126, 127, 128, 129, 130, 131, 132, 133, 134, 135, 136, 137, 138, 139, 140, 141, 142, 143, 144, 145, 146, 147, 148, 149, 150, 151, 152, 153, 154, 155, 156, 157, 158, 159, 160, 161, 162, 163, 164, 165, 166, 167, 168, 169, 170, 171, 172, 173, 174, 175, 176, 177, 178, 179, 180, 181, 182, 183, 184, 185, 186, 187, 188, 189, 190, 191, 192, 193, 194, 195, 196, 197, 198, 199, 200, 201, 202, 203, 204, 205, 206, 207, 208, 209, 210, 211, 212, 213, 214, 215, 216, 217, 218, 219, 220, 221, 222, 223, 224, 225, 226, 227, 228, 229, 230, 231, 232, 233, 234, 235, 236, 237, 238, 239, 240, 241, 242, 243, 244, 245, 246, 247, 248, 249, 250, 251, 252, 253, 254, 255, 256, 257, 258, 259, 260, 261, 262, 263, 264, 265, 266, 267, 268, 269, 270, 271, 272, 273, 274, 275, 276, 277, 278, 279, 280, 281, 282, 283, 284, 285, 286, 287, 288, 289, 290, 291, 292, 293, 294, 295, 296, 297, 298, 299, 300, 301, 302, 303, 304, 305, 306, 307, 308, 309, 310, 311, 312, 313, 314, 315, 316, 317, 318, 319, 320, 321, 322, 323, 324, 325, 326, 327, 328, 329, 330, 331, 332, 333, 334, 335, 336, 337, 574, 575, 576, 577, 578, 579, 580, 581, 582, 583, 584, 585, 586, 587, 588, 589, 590, 591, 592, 593, 594, 595, 596, 597, 598, 599, 600, 601, 602, 603, 604, 605, 606, 607, 608, 609, 610, 611, 612, 613, 614, 615, 616, 617, 618, 619, 620, 621, 622, 623, 624, 625, 626, 627, 628, 629, 630, 631, 632, 633, 634, 635, 636, 637, 638, 639, 640, 641, 642, 643, 644, 645, 646, 647, 648, 649, 650, 651, 652, 653, 654, 655, 656, 657, 658, 659, 660, 661, 662, 663, 664, 665, 666, 667, 668, 669, 670, 671, 672, 673, 674, 675, 676, 677, 678, 679, 680, 681, 682, 683, 684, 685, 686, 687, 688, 689, 690, 691, 692, 693, 694, 695, 696, 697, 698, 699, 700, 701, 702, 703, 704, 705, 706, 707, 708, 709, 710, 711, 712, 713, 714, 715, 716, 717, 718, 719, 720, 721, 722, 723, 724, 725, 726, 727, 728, 729, 730, 731, 732, 733, 734, 735, 736, 737, 738, 739, 740, 741, 742, 743, 744, 745, 746, 747, 748, 749, 750, 751, 752, 753, 754, 755, 756, 757, 758, 759, 760, 761, 762, 763, 764, 765, 766, 767, 768, 769, 770, 771, 772, 773, 774, 775, 776, 777, 778, 779, 780, 781, 782, 783, 784, 785, 786, 787, 788, 789, 790, 791, 792, 793]","[105, 165, 210, 576, 637, 680]","[105, 165, 210, 275, 576, 637, 680, 734]","[105, 114, 138, 141, 152, 153, 154, 155, 157, 159, 164, 165, 176, 182, 191, 192, 194, 195, 196, 200, 204, 208, 209, 210, 211, 215, 226, 228, 241, 242, 243, 245, 248, 249, 250, 257, 261, 270, 271, 282, 287, 289, 291, 294, 296, 298, 306, 308, 309, 311, 314, 327, 333, 335, 337, 576, 585, 609, 612, 623, 624, 626, 627, 629, 631, 636, 637, 647, 653, 662, 663, 665, 666, 667, 671, 674, 678, 679, 680, 681, 690, 692, 705, 706, 707, 709, 711, 712, 713, 719, 721, 729, 730, 741, 746, 748, 750, 753, 755, 757, 764, 766, 767, 769, 772, 785, 791]","[17, 18, 19, 20, 21, 22, 23, 156, 157, 158, 159, 160, 161, 162, 163, 164, 165, 166, 167, 168, 340, 341, 342, 343, 344, 345, 346, 412, 413, 414, 415, 416, 417, 418, 419, 420, 421, 422, 502, 503, 504, 505, 506, 507, 628, 629, 630, 631, 632, 633, 634, 635, 636, 637, 638, 639, 792, 796, 797, 798, 799, 800, 801, 863, 864, 865, 866, 867, 868, 869, 870, 871, 872, 873, 874]","[17, 18, 19, 20, 21, 22, 23, 156, 157, 158, 159, 160, 161, 162, 163, 164, 165, 166, 167, 341, 342, 343, 344, 345, 412, 413, 414, 415, 416, 417, 418, 419, 420, 421, 422, 502, 503, 504, 505, 506, 507, 628, 629, 630, 631, 632, 633, 634, 635, 636, 637, 638, 639, 792, 797, 798, 799, 800, 801, 863, 864, 865, 866, 867, 868, 869, 870, 871, 872, 873, 874]",7/6 successful match,True,"[556, 557, 558]",True,350,False,,1.0,True,Flying J Travel Plaza # 0500079,Flying J
"E Lodi , 95240 Flying J Travel Plaza W ) # 0500079",2 209-339-4066 I-5 Exit 485 ( CA 12 W ),HRS 24 XLO,Lodi,95240,Flying J Travel Plaza W ) # 0500079,209-339-4066,2008,Lodi,CA,Flying J,( CA 12 W ),I-5 Exit 485 ,Exit,485,False,,False,I-5,,,,,"[637, 165]","[105, 576]","[105, 165, 210, 576, 637, 680]","[105, 165, 210, 275, 576, 637, 680, 734]","[103, 104, 105, 106, 107, 108, 109, 110, 111, 112, 113, 114, 115, 116, 117, 118, 119, 120, 121, 122, 123, 124, 125, 126, 127, 128, 129, 130, 131, 132, 133, 134, 135, 136, 137, 138, 139, 140, 141, 142, 143, 144, 145, 146, 147, 148, 149, 150, 151, 152, 153, 154, 155, 156, 157, 158, 159, 160, 161, 162, 163, 164, 165, 166, 167, 168, 169, 170, 171, 172, 173, 174, 175, 176, 177, 178, 179, 180, 181, 182, 183, 184, 185, 186, 187, 188, 189, 190, 191, 192, 193, 194, 195, 196, 197, 198, 199, 200, 201, 202, 203, 204, 205, 206, 207, 208, 209, 210, 211, 212, 213, 214, 215, 216, 217, 218, 219, 220, 221, 222, 223, 224, 225, 226, 227, 228, 229, 230, 231, 232, 233, 234, 235, 236, 237, 238, 239, 240, 241, 242, 243, 244, 245, 246, 247, 248, 249, 250, 251, 252, 253, 254, 255, 256, 257, 258, 259, 260, 261, 262, 263, 264, 265, 266, 267, 268, 269, 270, 271, 272, 273, 274, 275, 276, 277, 278, 279, 280, 281, 282, 283, 284, 285, 286, 287, 288, 289, 290, 291, 292, 293, 294, 295, 296, 297, 298, 299, 300, 301, 302, 303, 304, 305, 306, 307, 308, 309, 310, 311, 312, 313, 314, 315, 316, 317, 318, 319, 320, 321, 322, 323, 324, 325, 326, 327, 328, 329, 330, 331, 332, 333, 334, 335, 336, 337, 574, 575, 576, 577, 578, 579, 580, 581, 582, 583, 584, 585, 586, 587, 588, 589, 590, 591, 592, 593, 594, 595, 596, 597, 598, 599, 600, 601, 602, 603, 604, 605, 606, 607, 608, 609, 610, 611, 612, 613, 614, 615, 616, 617, 618, 619, 620, 621, 622, 623, 624, 625, 626, 627, 628, 629, 630, 631, 632, 633, 634, 635, 636, 637, 638, 639, 640, 641, 642, 643, 644, 645, 646, 647, 648, 649, 650, 651, 652, 653, 654, 655, 656, 657, 658, 659, 660, 661, 662, 663, 664, 665, 666, 667, 668, 669, 670, 671, 672, 673, 674, 675, 676, 677, 678, 679, 680, 681, 682, 683, 684, 685, 686, 687, 688, 689, 690, 691, 692, 693, 694, 695, 696, 697, 698, 699, 700, 701, 702, 703, 704, 705, 706, 707, 708, 709, 710, 711, 712, 713, 714, 715, 716, 717, 718, 719, 720, 721, 722, 723, 724, 725, 726, 727, 728, 729, 730, 731, 732, 733, 734, 735, 736, 737, 738, 739, 740, 741, 742, 743, 744, 745, 746, 747, 748, 749, 750, 751, 752, 753, 754, 755, 756, 757, 758, 759, 760, 761, 762, 763, 764, 765, 766, 767, 768, 769, 770, 771, 772, 773, 774, 775, 776, 777, 778, 779, 780, 781, 782, 783, 784, 785, 786, 787, 788, 789, 790, 791, 792, 793]","[105, 114, 138, 141, 152, 153, 154, 155, 157, 159, 164, 165, 176, 182, 191, 192, 194, 195, 196, 200, 204, 208, 209, 210, 211, 215, 226, 228, 241, 242, 243, 245, 248, 249, 250, 257, 261, 270, 271, 282, 287, 289, 291, 294, 296, 298, 306, 308, 309, 311, 314, 327, 333, 335, 337, 576, 585, 609, 612, 623, 624, 626, 627, 629, 631, 636, 637, 647, 653, 662, 663, 665, 666, 667, 671, 674, 678, 679, 680, 681, 690, 692, 705, 706, 707, 709, 711, 712, 713, 719, 721, 729, 730, 741, 746, 748, 750, 753, 755, 757, 764, 766, 767, 769, 772, 785, 791]","[17, 18, 19, 20, 21, 22, 23, 156, 157, 158, 159, 160, 161, 162, 163, 164, 165, 166, 167, 341, 342, 343, 344, 345, 412, 413, 414, 415, 416, 417, 418, 419, 420, 421, 422, 502, 503, 504, 505, 506, 507, 628, 629, 630, 631, 632, 633, 634, 635, 636, 637, 638, 639, 792, 797, 798, 799, 800, 801, 863, 864, 865, 866, 867, 868, 869, 870, 871, 872, 873, 874]","[17, 18, 19, 20, 21, 22, 23, 156, 157, 158, 159, 160, 161, 162, 163, 164, 165, 166, 167, 168, 340, 341, 342, 343, 344, 345, 346, 412, 413, 414, 415, 416, 417, 418, 419, 420, 421, 422, 502, 503, 504, 505, 506, 507, 628, 629, 630, 631, 632, 633, 634, 635, 636, 637, 638, 639, 792, 796, 797, 798, 799, 800, 801, 863, 864, 865, 866, 867, 868, 869, 870, 871, 872, 873, 874]","[17, 18, 19, 20, 21, 22, 23, 103, 104, 105, 106, 107, 108, 109, 110, 111, 112, 113, 114, 115, 116, 117, 118, 119, 120, 121, 122, 123, 124, 125, 126, 127, 128, 129, 130, 131, 132, 133, 134, 135, 136, 137, 138, 139, 140, 141, 142, 143, 144, 145, 146, 147, 148, 149, 150, 151, 152, 153, 154, 155, 156, 157, 158, 159, 160, 161, 162, 163, 164, 165, 166, 167, 168, 169, 170, 171, 172, 173, 174, 175, 176, 177, 178, 179, 180, 181, 182, 183, 184, 185, 186, 187, 188, 189, 190, 191, 192, 193, 194, 195, 196, 197, 198, 199, 200, 201, 202, 203, 204, 205, 206, 207, 208, 209, 210, 211, 212, 213, 214, 215, 216, 217, 218, 219, 220, 221, 222, 223, 224, 225, 226, 227, 228, 229, 230, 231, 232, 233, 234, 235, 236, 237, 238, 239, 240, 241, 242, 243, 244, 245, 246, 247, 248, 249, 250, 251, 252, 253, 254, 255, 256, 257, 258, 259, 260, 261, 262, 263, 264, 265, 266, 267, 268, 269, 270, 271, 272, 273, 274, 275, 276, 277, 278, 279, 280, 281, 282, 283, 284, 285, 286, 287, 288, 289, 290, 291, 292, 293, 294, 295, 296, 297, 298, 299, 300, 301, 302, 303, 304, 305, 306, 307, 308, 309, 310, 311, 312, 313, 314, 315, 316, 317, 318, 319, 320, 321, 322, 323, 324, 325, 326, 327, 328, 329, 330, 331, 332, 333, 334, 335, 336, 337, 340, 341, 342, 343, 344, 345, 346, 412, 413, 414, 415, 416, 417, 418, 419, 420, 421, 422, 502, 503, 504, 505, 506, 507, 574, 575, 576, 577, 578, 579, 580, 581, 582, 583, 584, 585, 586, 587, 588, 589, 590, 591, 592, 593, 594, 595, 596, 597, 598, 599, 600, 601, 602, 603, 604, 605, 606, 607, 608, 609, 610, 611, 612, 613, 614, 615, 616, 617, 618, 619, 620, 621, 622, 623, 624, 625, 626, 627, 628, 629, 630, 631, 632, 633, 634, 635, 636, 637, 638, 639, 640, 641, 642, 643, 644, 645, 646, 647, 648, 649, 650, 651, 652, 653, 654, 655, 656, 657, 658, 659, 660, 661, 662, 663, 664, 665, 666, 667, 668, 669, 670, 671, 672, 673, 674, 675, 676, 677, 678, 679, 680, 681, 682, 683, 684, 685, 686, 687, 688, 689, 690, 691, 692, 693, 694, 695, 696, 697, 698, 699, 700, 701, 702, 703, 704, 705, 706, 707, 708, 709, 710, 711, 712, 713, 714, 715, 716, 717, 718, 719, 720, 721, 722, 723, 724, 725, 726, 727, 728, 729, 730, 731, 732, 733, 734, 735, 736, 737, 738, 739, 740, 741, 742, 743, 744, 745, 746, 747, 748, 749, 750, 751, 752, 753, 754, 755, 756, 757, 758, 759, 760, 761, 762, 763, 764, 765, 766, 767, 768, 769, 770, 771, 772, 773, 774, 775, 776, 777, 778, 779, 780, 781, 782, 783, 784, 785, 786, 787, 788, 789, 790, 791, 792, 793, 796, 797, 798, 799, 800, 801, 863, 864, 865, 866, 867, 868, 869, 870, 871, 872, 873, 874]",True,"[105, 576]","[103, 104, 105, 106, 107, 108, 109, 110, 111, 112, 113, 114, 115, 116, 117, 118, 119, 120, 121, 122, 123, 124, 125, 126, 127, 128, 129, 130, 131, 132, 133, 134, 135, 136, 137, 138, 139, 140, 141, 142, 143, 144, 145, 146, 147, 148, 149, 150, 151, 152, 153, 154, 155, 156, 157, 158, 159, 160, 161, 162, 163, 164, 165, 166, 167, 168, 169, 170, 171, 172, 173, 174, 175, 176, 177, 178, 179, 180, 181, 182, 183, 184, 185, 186, 187, 188, 189, 190, 191, 192, 193, 194, 195, 196, 197, 198, 199, 200, 201, 202, 203, 204, 205, 206, 207, 208, 209, 210, 211, 212, 213, 214, 215, 216, 217, 218, 219, 220, 221, 222, 223, 224, 225, 226, 227, 228, 229, 230, 231, 232, 233, 234, 235, 236, 237, 238, 239, 240, 241, 242, 243, 244, 245, 246, 247, 248, 249, 250, 251, 252, 253, 254, 255, 256, 257, 258, 259, 260, 261, 262, 263, 264, 265, 266, 267, 268, 269, 270, 271, 272, 273, 274, 275, 276, 277, 278, 279, 280, 281, 282, 283, 284, 285, 286, 287, 288, 289, 290, 291, 292, 293, 294, 295, 296, 297, 298, 299, 300, 301, 302, 303, 304, 305, 306, 307, 308, 309, 310, 311, 312, 313, 314, 315, 316, 317, 318, 319, 320, 321, 322, 323, 324, 325, 326, 327, 328, 329, 330, 331, 332, 333, 334, 335, 336, 337, 574, 575, 576, 577, 578, 579, 580, 581, 582, 583, 584, 585, 586, 587, 588, 589, 590, 591, 592, 593, 594, 595, 596, 597, 598, 599, 600, 601, 602, 603, 604, 605, 606, 607, 608, 609, 610, 611, 612, 613, 614, 615, 616, 617, 618, 619, 620, 621, 622, 623, 624, 625, 626, 627, 628, 629, 630, 631, 632, 633, 634, 635, 636, 637, 638, 639, 640, 641, 642, 643, 644, 645, 646, 647, 648, 649, 650, 651, 652, 653, 654, 655, 656, 657, 658, 659, 660, 661, 662, 663, 664, 665, 666, 667, 668, 669, 670, 671, 672, 673, 674, 675, 676, 677, 678, 679, 680, 681, 682, 683, 684, 685, 686, 687, 688, 689, 690, 691, 692, 693, 694, 695, 696, 697, 698, 699, 700, 701, 702, 703, 704, 705, 706, 707, 708, 709, 710, 711, 712, 713, 714, 715, 716, 717, 718, 719, 720, 721, 722, 723, 724, 725, 726, 727, 728, 729, 730, 731, 732, 733, 734, 735, 736, 737, 738, 739, 740, 741, 742, 743, 744, 745, 746, 747, 748, 749, 750, 751, 752, 753, 754, 755, 756, 757, 758, 759, 760, 761, 762, 763, 764, 765, 766, 767, 768, 769, 770, 771, 772, 773, 774, 775, 776, 777, 778, 779, 780, 781, 782, 783, 784, 785, 786, 787, 788, 789, 790, 791, 792, 793]","[105, 165, 210, 576, 637, 680]","[105, 165, 210, 275, 576, 637, 680, 734]","[105, 114, 138, 141, 152, 153, 154, 155, 157, 159, 164, 165, 176, 182, 191, 192, 194, 195, 196, 200, 204, 208, 209, 210, 211, 215, 226, 228, 241, 242, 243, 245, 248, 249, 250, 257, 261, 270, 271, 282, 287, 289, 291, 294, 296, 298, 306, 308, 309, 311, 314, 327, 333, 335, 337, 576, 585, 609, 612, 623, 624, 626, 627, 629, 631, 636, 637, 647, 653, 662, 663, 665, 666, 667, 671, 674, 678, 679, 680, 681, 690, 692, 705, 706, 707, 709, 711, 712, 713, 719, 721, 729, 730, 741, 746, 748, 750, 753, 755, 757, 764, 766, 767, 769, 772, 785, 791]","[17, 18, 19, 20, 21, 22, 23, 156, 157, 158, 159, 160, 161, 162, 163, 164, 165, 166, 167, 168, 340, 341, 342, 343, 344, 345, 346, 412, 413, 414, 415, 416, 417, 418, 419, 420, 421, 422, 502, 503, 504, 505, 506, 507, 628, 629, 630, 631, 632, 633, 634, 635, 636, 637, 638, 639, 792, 796, 797, 798, 799, 800, 801, 863, 864, 865, 866, 867, 868, 869, 870, 871, 872, 873, 874]","[17, 18, 19, 20, 21, 22, 23, 156, 157, 158, 159, 160, 161, 162, 163, 164, 165, 166, 167, 341, 342, 343, 344, 345, 412, 413, 414, 415, 416, 417, 418, 419, 420, 421, 422, 502, 503, 504, 505, 506, 507, 628, 629, 630, 631, 632, 633, 634, 635, 636, 637, 638, 639, 792, 797, 798, 799, 800, 801, 863, 864, 865, 866, 867, 868, 869, 870, 871, 872, 873, 874]",7/6 successful match,True,"[556, 557, 558]",True,350,False,,1.0,True,Flying J Travel Plaza # 0500079,Flying J
E Lodi ( 95240 ) Flying J Travel Plaza # 617,2 209-339-4066 I-5 Exit 485 ( CA 12 E ),24 XLO <U+2610>,Lodi,95240,Flying J Travel Plaza # 617,209-339-4066,2014,Lodi,CA,Flying J,( CA 12 E ),I-5 Exit 485 ,Exit,485,False,,False,I-5,,,,,"[637, 165]","[105, 576]","[105, 165, 210, 576, 637, 680]","[105, 165, 210, 275, 576, 637, 680, 734]","[103, 104, 105, 106, 107, 108, 109, 110, 111, 112, 113, 114, 115, 116, 117, 118, 119, 120, 121, 122, 123, 124, 125, 126, 127, 128, 129, 130, 131, 132, 133, 134, 135, 136, 137, 138, 139, 140, 141, 142, 143, 144, 145, 146, 147, 148, 149, 150, 151, 152, 153, 154, 155, 156, 157, 158, 159, 160, 161, 162, 163, 164, 165, 166, 167, 168, 169, 170, 171, 172, 173, 174, 175, 176, 177, 178, 179, 180, 181, 182, 183, 184, 185, 186, 187, 188, 189, 190, 191, 192, 193, 194, 195, 196, 197, 198, 199, 200, 201, 202, 203, 204, 205, 206, 207, 208, 209, 210, 211, 212, 213, 214, 215, 216, 217, 218, 219, 220, 221, 222, 223, 224, 225, 226, 227, 228, 229, 230, 231, 232, 233, 234, 235, 236, 237, 238, 239, 240, 241, 242, 243, 244, 245, 246, 247, 248, 249, 250, 251, 252, 253, 254, 255, 256, 257, 258, 259, 260, 261, 262, 263, 264, 265, 266, 267, 268, 269, 270, 271, 272, 273, 274, 275, 276, 277, 278, 279, 280, 281, 282, 283, 284, 285, 286, 287, 288, 289, 290, 291, 292, 293, 294, 295, 296, 297, 298, 299, 300, 301, 302, 303, 304, 305, 306, 307, 308, 309, 310, 311, 312, 313, 314, 315, 316, 317, 318, 319, 320, 321, 322, 323, 324, 325, 326, 327, 328, 329, 330, 331, 332, 333, 334, 335, 336, 337, 574, 575, 576, 577, 578, 579, 580, 581, 582, 583, 584, 585, 586, 587, 588, 589, 590, 591, 592, 593, 594, 595, 596, 597, 598, 599, 600, 601, 602, 603, 604, 605, 606, 607, 608, 609, 610, 611, 612, 613, 614, 615, 616, 617, 618, 619, 620, 621, 622, 623, 624, 625, 626, 627, 628, 629, 630, 631, 632, 633, 634, 635, 636, 637, 638, 639, 640, 641, 642, 643, 644, 645, 646, 647, 648, 649, 650, 651, 652, 653, 654, 655, 656, 657, 658, 659, 660, 661, 662, 663, 664, 665, 666, 667, 668, 669, 670, 671, 672, 673, 674, 675, 676, 677, 678, 679, 680, 681, 682, 683, 684, 685, 686, 687, 688, 689, 690, 691, 692, 693, 694, 695, 696, 697, 698, 699, 700, 701, 702, 703, 704, 705, 706, 707, 708, 709, 710, 711, 712, 713, 714, 715, 716, 717, 718, 719, 720, 721, 722, 723, 724, 725, 726, 727, 728, 729, 730, 731, 732, 733, 734, 735, 736, 737, 738, 739, 740, 741, 742, 743, 744, 745, 746, 747, 748, 749, 750, 751, 752, 753, 754, 755, 756, 757, 758, 759, 760, 761, 762, 763, 764, 765, 766, 767, 768, 769, 770, 771, 772, 773, 774, 775, 776, 777, 778, 779, 780, 781, 782, 783, 784, 785, 786, 787, 788, 789, 790, 791, 792, 793]","[105, 114, 138, 141, 152, 153, 154, 155, 157, 159, 164, 165, 176, 182, 191, 192, 194, 195, 196, 200, 204, 208, 209, 210, 211, 215, 226, 228, 241, 242, 243, 245, 248, 249, 250, 257, 261, 270, 271, 282, 287, 289, 291, 294, 296, 298, 306, 308, 309, 311, 314, 327, 333, 335, 337, 576, 585, 609, 612, 623, 624, 626, 627, 629, 631, 636, 637, 647, 653, 662, 663, 665, 666, 667, 671, 674, 678, 679, 680, 681, 690, 692, 705, 706, 707, 709, 711, 712, 713, 719, 721, 729, 730, 741, 746, 748, 750, 753, 755, 757, 764, 766, 767, 769, 772, 785, 791]","[17, 18, 19, 20, 21, 22, 23, 156, 157, 158, 159, 160, 161, 162, 163, 164, 165, 166, 167, 341, 342, 343, 344, 345, 412, 413, 414, 415, 416, 417, 418, 419, 420, 421, 422, 502, 503, 504, 505, 506, 507, 628, 629, 630, 631, 632, 633, 634, 635, 636, 637, 638, 639, 792, 797, 798, 799, 800, 801, 863, 864, 865, 866, 867, 868, 869, 870, 871, 872, 873, 874]","[17, 18, 19, 20, 21, 22, 23, 156, 157, 158, 159, 160, 161, 162, 163, 164, 165, 166, 167, 168, 340, 341, 342, 343, 344, 345, 346, 412, 413, 414, 415, 416, 417, 418, 419, 420, 421, 422, 502, 503, 504, 505, 506, 507, 628, 629, 630, 631, 632, 633, 634, 635, 636, 637, 638, 639, 792, 796, 797, 798, 799, 800, 801, 863, 864, 865, 866, 867, 868, 869, 870, 871, 872, 873, 874]","[17, 18, 19, 20, 21, 22, 23, 103, 104, 105, 106, 107, 108, 109, 110, 111, 112, 113, 114, 115, 116, 117, 118, 119, 120, 121, 122, 123, 124, 125, 126, 127, 128, 129, 130, 131, 132, 133, 134, 135, 136, 137, 138, 139, 140, 141, 142, 143, 144, 145, 146, 147, 148, 149, 150, 151, 152, 153, 154, 155, 156, 157, 158, 159, 160, 161, 162, 163, 164, 165, 166, 167, 168, 169, 170, 171, 172, 173, 174, 175, 176, 177, 178, 179, 180, 181, 182, 183, 184, 185, 186, 187, 188, 189, 190, 191, 192, 193, 194, 195, 196, 197, 198, 199, 200, 201, 202, 203, 204, 205, 206, 207, 208, 209, 210, 211, 212, 213, 214, 215, 216, 217, 218, 219, 220, 221, 222, 223, 224, 225, 226, 227, 228, 229, 230, 231, 232, 233, 234, 235, 236, 237, 238, 239, 240, 241, 242, 243, 244, 245, 246, 247, 248, 249, 250, 251, 252, 253, 254, 255, 256, 257, 258, 259, 260, 261, 262, 263, 264, 265, 266, 267, 268, 269, 270, 271, 272, 273, 274, 275, 276, 277, 278, 279, 280, 281, 282, 283, 284, 285, 286, 287, 288, 289, 290, 291, 292, 293, 294, 295, 296, 297, 298, 299, 300, 301, 302, 303, 304, 305, 306, 307, 308, 309, 310, 311, 312, 313, 314, 315, 316, 317, 318, 319, 320, 321, 322, 323, 324, 325, 326, 327, 328, 329, 330, 331, 332, 333, 334, 335, 336, 337, 340, 341, 342, 343, 344, 345, 346, 412, 413, 414, 415, 416, 417, 418, 419, 420, 421, 422, 502, 503, 504, 505, 506, 507, 574, 575, 576, 577, 578, 579, 580, 581, 582, 583, 584, 585, 586, 587, 588, 589, 590, 591, 592, 593, 594, 595, 596, 597, 598, 599, 600, 601, 602, 603, 604, 605, 606, 607, 608, 609, 610, 611, 612, 613, 614, 615, 616, 617, 618, 619, 620, 621, 622, 623, 624, 625, 626, 627, 628, 629, 630, 631, 632, 633, 634, 635, 636, 637, 638, 639, 640, 641, 642, 643, 644, 645, 646, 647, 648, 649, 650, 651, 652, 653, 654, 655, 656, 657, 658, 659, 660, 661, 662, 663, 664, 665, 666, 667, 668, 669, 670, 671, 672, 673, 674, 675, 676, 677, 678, 679, 680, 681, 682, 683, 684, 685, 686, 687, 688, 689, 690, 691, 692, 693, 694, 695, 696, 697, 698, 699, 700, 701, 702, 703, 704, 705, 706, 707, 708, 709, 710, 711, 712, 713, 714, 715, 716, 717, 718, 719, 720, 721, 722, 723, 724, 725, 726, 727, 728, 729, 730, 731, 732, 733, 734, 735, 736, 737, 738, 739, 740, 741, 742, 743, 744, 745, 746, 747, 748, 749, 750, 751, 752, 753, 754, 755, 756, 757, 758, 759, 760, 761, 762, 763, 764, 765, 766, 767, 768, 769, 770, 771, 772, 773, 774, 775, 776, 777, 778, 779, 780, 781, 782, 783, 784, 785, 786, 787, 788, 789, 790, 791, 792, 793, 796, 797, 798, 799, 800, 801, 863, 864, 865, 866, 867, 868, 869, 870, 871, 872, 873, 874]",True,"[105, 576]","[103, 104, 105, 106, 107, 108, 109, 110, 111, 112, 113, 114, 115, 116, 117, 118, 119, 120, 121, 122, 123, 124, 125, 126, 127, 128, 129, 130, 131, 132, 133, 134, 135, 136, 137, 138, 139, 140, 141, 142, 143, 144, 145, 146, 147, 148, 149, 150, 151, 152, 153, 154, 155, 156, 157, 158, 159, 160, 161, 162, 163, 164, 165, 166, 167, 168, 169, 170, 171, 172, 173, 174, 175, 176, 177, 178, 179, 180, 181, 182, 183, 184, 185, 186, 187, 188, 189, 190, 191, 192, 193, 194, 195, 196, 197, 198, 199, 200, 201, 202, 203, 204, 205, 206, 207, 208, 209, 210, 211, 212, 213, 214, 215, 216, 217, 218, 219, 220, 221, 222, 223, 224, 225, 226, 227, 228, 229, 230, 231, 232, 233, 234, 235, 236, 237, 238, 239, 240, 241, 242, 243, 244, 245, 246, 247, 248, 249, 250, 251, 252, 253, 254, 255, 256, 257, 258, 259, 260, 261, 262, 263, 264, 265, 266, 267, 268, 269, 270, 271, 272, 273, 274, 275, 276, 277, 278, 279, 280, 281, 282, 283, 284, 285, 286, 287, 288, 289, 290, 291, 292, 293, 294, 295, 296, 297, 298, 299, 300, 301, 302, 303, 304, 305, 306, 307, 308, 309, 310, 311, 312, 313, 314, 315, 316, 317, 318, 319, 320, 321, 322, 323, 324, 325, 326, 327, 328, 329, 330, 331, 332, 333, 334, 335, 336, 337, 574, 575, 576, 577, 578, 579, 580, 581, 582, 583, 584, 585, 586, 587, 588, 589, 590, 591, 592, 593, 594, 595, 596, 597, 598, 599, 600, 601, 602, 603, 604, 605, 606, 607, 608, 609, 610, 611, 612, 613, 614, 615, 616, 617, 618, 619, 620, 621, 622, 623, 624, 625, 626, 627, 628, 629, 630, 631, 632, 633, 634, 635, 636, 637, 638, 639, 640, 641, 642, 643, 644, 645, 646, 647, 648, 649, 650, 651, 652, 653, 654, 655, 656, 657, 658, 659, 660, 661, 662, 663, 664, 665, 666, 667, 668, 669, 670, 671, 672, 673, 674, 675, 676, 677, 678, 679, 680, 681, 682, 683, 684, 685, 686, 687, 688, 689, 690, 691, 692, 693, 694, 695, 696, 697, 698, 699, 700, 701, 702, 703, 704, 705, 706, 707, 708, 709, 710, 711, 712, 713, 714, 715, 716, 717, 718, 719, 720, 721, 722, 723, 724, 725, 726, 727, 728, 729, 730, 731, 732, 733, 734, 735, 736, 737, 738, 739, 740, 741, 742, 743, 744, 745, 746, 747, 748, 749, 750, 751, 752, 753, 754, 755, 756, 757, 758, 759, 760, 761, 762, 763, 764, 765, 766, 767, 768, 769, 770, 771, 772, 773, 774, 775, 776, 777, 778, 779, 780, 781, 782, 783, 784, 785, 786, 787, 788, 789, 790, 791, 792, 793]","[105, 165, 210, 576, 637, 680]","[105, 165, 210, 275, 576, 637, 680, 734]","[105, 114, 138, 141, 152, 153, 154, 155, 157, 159, 164, 165, 176, 182, 191, 192, 194, 195, 196, 200, 204, 208, 209, 210, 211, 215, 226, 228, 241, 242, 243, 245, 248, 249, 250, 257, 261, 270, 271, 282, 287, 289, 291, 294, 296, 298, 306, 308, 309, 311, 314, 327, 333, 335, 337, 576, 585, 609, 612, 623, 624, 626, 627, 629, 631, 636, 637, 647, 653, 662, 663, 665, 666, 667, 671, 674, 678, 679, 680, 681, 690, 692, 705, 706, 707, 709, 711, 712, 713, 719, 721, 729, 730, 741, 746, 748, 750, 753, 755, 757, 764, 766, 767, 769, 772, 785, 791]","[17, 18, 19, 20, 21, 22, 23, 156, 157, 158, 159, 160, 161, 162, 163, 164, 165, 166, 167, 168, 340, 341, 342, 343, 344, 345, 346, 412, 413, 414, 415, 416, 417, 418, 419, 420, 421, 422, 502, 503, 504, 505, 506, 507, 628, 629, 630, 631, 632, 633, 634, 635, 636, 637, 638, 639, 792, 796, 797, 798, 799, 800, 801, 863, 864, 865, 866, 867, 868, 869, 870, 871, 872, 873, 874]","[17, 18, 19, 20, 21, 22, 23, 156, 157, 158, 159, 160, 161, 162, 163, 164, 165, 166, 167, 341, 342, 343, 344, 345, 412, 413, 414, 415, 416, 417, 418, 419, 420, 421, 422, 502, 503, 504, 505, 506, 507, 628, 629, 630, 631, 632, 633, 634, 635, 636, 637, 638, 639, 792, 797, 798, 799, 800, 801, 863, 864, 865, 866, 867, 868, 869, 870, 871, 872, 873, 874]",7/6 successful match,True,"[556, 557, 558]",True,350,False,,0.575268817204301,True,Flying J Travel Plaza W ) # 0500079,Flying J
E Lodi ( 95240 ) Flying J Travel Plaza # 617,2 209-339-4066 I-5 Exit 485 ( CA 12 E ) FLYING J,J 24 XLO <U+2610> 24,Lodi,95240,Flying J Travel Plaza # 617,209-339-4066,2015,Lodi,CA,Flying J,( CA 12 E ) FLYING J,I-5 Exit 485 ,Exit,485,False,,False,I-5,,,,,"[637, 165]","[105, 576]","[105, 165, 210, 576, 637, 680]","[105, 165, 210, 275, 576, 637, 680, 734]","[103, 104, 105, 106, 107, 108, 109, 110, 111, 112, 113, 114, 115, 116, 117, 118, 119, 120, 121, 122, 123, 124, 125, 126, 127, 128, 129, 130, 131, 132, 133, 134, 135, 136, 137, 138, 139, 140, 141, 142, 143, 144, 145, 146, 147, 148, 149, 150, 151, 152, 153, 154, 155, 156, 157, 158, 159, 160, 161, 162, 163, 164, 165, 166, 167, 168, 169, 170, 171, 172, 173, 174, 175, 176, 177, 178, 179, 180, 181, 182, 183, 184, 185, 186, 187, 188, 189, 190, 191, 192, 193, 194, 195, 196, 197, 198, 199, 200, 201, 202, 203, 204, 205, 206, 207, 208, 209, 210, 211, 212, 213, 214, 215, 216, 217, 218, 219, 220, 221, 222, 223, 224, 225, 226, 227, 228, 229, 230, 231, 232, 233, 234, 235, 236, 237, 238, 239, 240, 241, 242, 243, 244, 245, 246, 247, 248, 249, 250, 251, 252, 253, 254, 255, 256, 257, 258, 259, 260, 261, 262, 263, 264, 265, 266, 267, 268, 269, 270, 271, 272, 273, 274, 275, 276, 277, 278, 279, 280, 281, 282, 283, 284, 285, 286, 287, 288, 289, 290, 291, 292, 293, 294, 295, 296, 297, 298, 299, 300, 301, 302, 303, 304, 305, 306, 307, 308, 309, 310, 311, 312, 313, 314, 315, 316, 317, 318, 319, 320, 321, 322, 323, 324, 325, 326, 327, 328, 329, 330, 331, 332, 333, 334, 335, 336, 337, 574, 575, 576, 577, 578, 579, 580, 581, 582, 583, 584, 585, 586, 587, 588, 589, 590, 591, 592, 593, 594, 595, 596, 597, 598, 599, 600, 601, 602, 603, 604, 605, 606, 607, 608, 609, 610, 611, 612, 613, 614, 615, 616, 617, 618, 619, 620, 621, 622, 623, 624, 625, 626, 627, 628, 629, 630, 631, 632, 633, 634, 635, 636, 637, 638, 639, 640, 641, 642, 643, 644, 645, 646, 647, 648, 649, 650, 651, 652, 653, 654, 655, 656, 657, 658, 659, 660, 661, 662, 663, 664, 665, 666, 667, 668, 669, 670, 671, 672, 673, 674, 675, 676, 677, 678, 679, 680, 681, 682, 683, 684, 685, 686, 687, 688, 689, 690, 691, 692, 693, 694, 695, 696, 697, 698, 699, 700, 701, 702, 703, 704, 705, 706, 707, 708, 709, 710, 711, 712, 713, 714, 715, 716, 717, 718, 719, 720, 721, 722, 723, 724, 725, 726, 727, 728, 729, 730, 731, 732, 733, 734, 735, 736, 737, 738, 739, 740, 741, 742, 743, 744, 745, 746, 747, 748, 749, 750, 751, 752, 753, 754, 755, 756, 757, 758, 759, 760, 761, 762, 763, 764, 765, 766, 767, 768, 769, 770, 771, 772, 773, 774, 775, 776, 777, 778, 779, 780, 781, 782, 783, 784, 785, 786, 787, 788, 789, 790, 791, 792, 793]","[105, 114, 138, 141, 152, 153, 154, 155, 157, 159, 164, 165, 176, 182, 191, 192, 194, 195, 196, 200, 204, 208, 209, 210, 211, 215, 226, 228, 241, 242, 243, 245, 248, 249, 250, 257, 261, 270, 271, 282, 287, 289, 291, 294, 296, 298, 306, 308, 309, 311, 314, 327, 333, 335, 337, 576, 585, 609, 612, 623, 624, 626, 627, 629, 631, 636, 637, 647, 653, 662, 663, 665, 666, 667, 671, 674, 678, 679, 680, 681, 690, 692, 705, 706, 707, 709, 711, 712, 713, 719, 721, 729, 730, 741, 746, 748, 750, 753, 755, 757, 764, 766, 767, 769, 772, 785, 791]","[17, 18, 19, 20, 21, 22, 23, 156, 157, 158, 159, 160, 161, 162, 163, 164, 165, 166, 167, 341, 342, 343, 344, 345, 412, 413, 414, 415, 416, 417, 418, 419, 420, 421, 422, 502, 503, 504, 505, 506, 507, 628, 629, 630, 631, 632, 633, 634, 635, 636, 637, 638, 639, 792, 797, 798, 799, 800, 801, 863, 864, 865, 866, 867, 868, 869, 870, 871, 872, 873, 874]","[17, 18, 19, 20, 21, 22, 23, 156, 157, 158, 159, 160, 161, 162, 163, 164, 165, 166, 167, 168, 340, 341, 342, 343, 344, 345, 346, 412, 413, 414, 415, 416, 417, 418, 419, 420, 421, 422, 502, 503, 504, 505, 506, 507, 628, 629, 630, 631, 632, 633, 634, 635, 636, 637, 638, 639, 792, 796, 797, 798, 799, 800, 801, 863, 864, 865, 866, 867, 868, 869, 870, 871, 872, 873, 874]","[17, 18, 19, 20, 21, 22, 23, 103, 104, 105, 106, 107, 108, 109, 110, 111, 112, 113, 114, 115, 116, 117, 118, 119, 120, 121, 122, 123, 124, 125, 126, 127, 128, 129, 130, 131, 132, 133, 134, 135, 136, 137, 138, 139, 140, 141, 142, 143, 144, 145, 146, 147, 148, 149, 150, 151, 152, 153, 154, 155, 156, 157, 158, 159, 160, 161, 162, 163, 164, 165, 166, 167, 168, 169, 170, 171, 172, 173, 174, 175, 176, 177, 178, 179, 180, 181, 182, 183, 184, 185, 186, 187, 188, 189, 190, 191, 192, 193, 194, 195, 196, 197, 198, 199, 200, 201, 202, 203, 204, 205, 206, 207, 208, 209, 210, 211, 212, 213, 214, 215, 216, 217, 218, 219, 220, 221, 222, 223, 224, 225, 226, 227, 228, 229, 230, 231, 232, 233, 234, 235, 236, 237, 238, 239, 240, 241, 242, 243, 244, 245, 246, 247, 248, 249, 250, 251, 252, 253, 254, 255, 256, 257, 258, 259, 260, 261, 262, 263, 264, 265, 266, 267, 268, 269, 270, 271, 272, 273, 274, 275, 276, 277, 278, 279, 280, 281, 282, 283, 284, 285, 286, 287, 288, 289, 290, 291, 292, 293, 294, 295, 296, 297, 298, 299, 300, 301, 302, 303, 304, 305, 306, 307, 308, 309, 310, 311, 312, 313, 314, 315, 316, 317, 318, 319, 320, 321, 322, 323, 324, 325, 326, 327, 328, 329, 330, 331, 332, 333, 334, 335, 336, 337, 340, 341, 342, 343, 344, 345, 346, 412, 413, 414, 415, 416, 417, 418, 419, 420, 421, 422, 502, 503, 504, 505, 506, 507, 574, 575, 576, 577, 578, 579, 580, 581, 582, 583, 584, 585, 586, 587, 588, 589, 590, 591, 592, 593, 594, 595, 596, 597, 598, 599, 600, 601, 602, 603, 604, 605, 606, 607, 608, 609, 610, 611, 612, 613, 614, 615, 616, 617, 618, 619, 620, 621, 622, 623, 624, 625, 626, 627, 628, 629, 630, 631, 632, 633, 634, 635, 636, 637, 638, 639, 640, 641, 642, 643, 644, 645, 646, 647, 648, 649, 650, 651, 652, 653, 654, 655, 656, 657, 658, 659, 660, 661, 662, 663, 664, 665, 666, 667, 668, 669, 670, 671, 672, 673, 674, 675, 676, 677, 678, 679, 680, 681, 682, 683, 684, 685, 686, 687, 688, 689, 690, 691, 692, 693, 694, 695, 696, 697, 698, 699, 700, 701, 702, 703, 704, 705, 706, 707, 708, 709, 710, 711, 712, 713, 714, 715, 716, 717, 718, 719, 720, 721, 722, 723, 724, 725, 726, 727, 728, 729, 730, 731, 732, 733, 734, 735, 736, 737, 738, 739, 740, 741, 742, 743, 744, 745, 746, 747, 748, 749, 750, 751, 752, 753, 754, 755, 756, 757, 758, 759, 760, 761, 762, 763, 764, 765, 766, 767, 768, 769, 770, 771, 772, 773, 774, 775, 776, 777, 778, 779, 780, 781, 782, 783, 784, 785, 786, 787, 788, 789, 790, 791, 792, 793, 796, 797, 798, 799, 800, 801, 863, 864, 865, 866, 867, 868, 869, 870, 871, 872, 873, 874]",True,"[105, 576]","[103, 104, 105, 106, 107, 108, 109, 110, 111, 112, 113, 114, 115, 116, 117, 118, 119, 120, 121, 122, 123, 124, 125, 126, 127, 128, 129, 130, 131, 132, 133, 134, 135, 136, 137, 138, 139, 140, 141, 142, 143, 144, 145, 146, 147, 148, 149, 150, 151, 152, 153, 154, 155, 156, 157, 158, 159, 160, 161, 162, 163, 164, 165, 166, 167, 168, 169, 170, 171, 172, 173, 174, 175, 176, 177, 178, 179, 180, 181, 182, 183, 184, 185, 186, 187, 188, 189, 190, 191, 192, 193, 194, 195, 196, 197, 198, 199, 200, 201, 202, 203, 204, 205, 206, 207, 208, 209, 210, 211, 212, 213, 214, 215, 216, 217, 218, 219, 220, 221, 222, 223, 224, 225, 226, 227, 228, 229, 230, 231, 232, 233, 234, 235, 236, 237, 238, 239, 240, 241, 242, 243, 244, 245, 246, 247, 248, 249, 250, 251, 252, 253, 254, 255, 256, 257, 258, 259, 260, 261, 262, 263, 264, 265, 266, 267, 268, 269, 270, 271, 272, 273, 274, 275, 276, 277, 278, 279, 280, 281, 282, 283, 284, 285, 286, 287, 288, 289, 290, 291, 292, 293, 294, 295, 296, 297, 298, 299, 300, 301, 302, 303, 304, 305, 306, 307, 308, 309, 310, 311, 312, 313, 314, 315, 316, 317, 318, 319, 320, 321, 322, 323, 324, 325, 326, 327, 328, 329, 330, 331, 332, 333, 334, 335, 336, 337, 574, 575, 576, 577, 578, 579, 580, 581, 582, 583, 584, 585, 586, 587, 588, 589, 590, 591, 592, 593, 594, 595, 596, 597, 598, 599, 600, 601, 602, 603, 604, 605, 606, 607, 608, 609, 610, 611, 612, 613, 614, 615, 616, 617, 618, 619, 620, 621, 622, 623, 624, 625, 626, 627, 628, 629, 630, 631, 632, 633, 634, 635, 636, 637, 638, 639, 640, 641, 642, 643, 644, 645, 646, 647, 648, 649, 650, 651, 652, 653, 654, 655, 656, 657, 658, 659, 660, 661, 662, 663, 664, 665, 666, 667, 668, 669, 670, 671, 672, 673, 674, 675, 676, 677, 678, 679, 680, 681, 682, 683, 684, 685, 686, 687, 688, 689, 690, 691, 692, 693, 694, 695, 696, 697, 698, 699, 700, 701, 702, 703, 704, 705, 706, 707, 708, 709, 710, 711, 712, 713, 714, 715, 716, 717, 718, 719, 720, 721, 722, 723, 724, 725, 726, 727, 728, 729, 730, 731, 732, 733, 734, 735, 736, 737, 738, 739, 740, 741, 742, 743, 744, 745, 746, 747, 748, 749, 750, 751, 752, 753, 754, 755, 756, 757, 758, 759, 760, 761, 762, 763, 764, 765, 766, 767, 768, 769, 770, 771, 772, 773, 774, 775, 776, 777, 778, 779, 780, 781, 782, 783, 784, 785, 786, 787, 788, 789, 790, 791, 792, 793]","[105, 165, 210, 576, 637, 680]","[105, 165, 210, 275, 576, 637, 680, 734]","[105, 114, 138, 141, 152, 153, 154, 155, 157, 159, 164, 165, 176, 182, 191, 192, 194, 195, 196, 200, 204, 208, 209, 210, 211, 215, 226, 228, 241, 242, 243, 245, 248, 249, 250, 257, 261, 270, 271, 282, 287, 289, 291, 294, 296, 298, 306, 308, 309, 311, 314, 327, 333, 335, 337, 576, 585, 609, 612, 623, 624, 626, 627, 629, 631, 636, 637, 647, 653, 662, 663, 665, 666, 667, 671, 674, 678, 679, 680, 681, 690, 692, 705, 706, 707, 709, 711, 712, 713, 719, 721, 729, 730, 741, 746, 748, 750, 753, 755, 757, 764, 766, 767, 769, 772, 785, 791]","[17, 18, 19, 20, 21, 22, 23, 156, 157, 158, 159, 160, 161, 162, 163, 164, 165, 166, 167, 168, 340, 341, 342, 343, 344, 345, 346, 412, 413, 414, 415, 416, 417, 418, 419, 420, 421, 422, 502, 503, 504, 505, 506, 507, 628, 629, 630, 631, 632, 633, 634, 635, 636, 637, 638, 639, 792, 796, 797, 798, 799, 800, 801, 863, 864, 865, 866, 867, 868, 869, 870, 871, 872, 873, 874]","[17, 18, 19, 20, 21, 22, 23, 156, 157, 158, 159, 160, 161, 162, 163, 164, 165, 166, 167, 341, 342, 343, 344, 345, 412, 413, 414, 415, 416, 417, 418, 419, 420, 421, 422, 502, 503, 504, 505, 506, 507, 628, 629, 630, 631, 632, 633, 634, 635, 636, 637, 638, 639, 792, 797, 798, 799, 800, 801, 863, 864, 865, 866, 867, 868, 869, 870, 871, 872, 873, 874]",7/6 successful match,True,"[556, 557, 558]",True,350,False,,1.0,True,Flying J Travel Plaza # 617,Flying J
E Lodi ( 95240 ) Flying J Travel Plaza # 617 FLYING,209-339-4066 I-5 Exit 485 ( CA 12 E ),FLYING J 24 XL <U+25A1> 24 24,Lodi,95240,Flying J Travel Plaza # 617 FLYING,209-339-4066,2016,Lodi,CA,Flying J,( CA 12 E ),I-5 Exit 485 ,Exit,485,False,,False,I-5,,,,,"[637, 165]","[105, 576]","[105, 165, 210, 576, 637, 680]","[105, 165, 210, 275, 576, 637, 680, 734]","[103, 104, 105, 106, 107, 108, 109, 110, 111, 112, 113, 114, 115, 116, 117, 118, 119, 120, 121, 122, 123, 124, 125, 126, 127, 128, 129, 130, 131, 132, 133, 134, 135, 136, 137, 138, 139, 140, 141, 142, 143, 144, 145, 146, 147, 148, 149, 150, 151, 152, 153, 154, 155, 156, 157, 158, 159, 160, 161, 162, 163, 164, 165, 166, 167, 168, 169, 170, 171, 172, 173, 174, 175, 176, 177, 178, 179, 180, 181, 182, 183, 184, 185, 186, 187, 188, 189, 190, 191, 192, 193, 194, 195, 196, 197, 198, 199, 200, 201, 202, 203, 204, 205, 206, 207, 208, 209, 210, 211, 212, 213, 214, 215, 216, 217, 218, 219, 220, 221, 222, 223, 224, 225, 226, 227, 228, 229, 230, 231, 232, 233, 234, 235, 236, 237, 238, 239, 240, 241, 242, 243, 244, 245, 246, 247, 248, 249, 250, 251, 252, 253, 254, 255, 256, 257, 258, 259, 260, 261, 262, 263, 264, 265, 266, 267, 268, 269, 270, 271, 272, 273, 274, 275, 276, 277, 278, 279, 280, 281, 282, 283, 284, 285, 286, 287, 288, 289, 290, 291, 292, 293, 294, 295, 296, 297, 298, 299, 300, 301, 302, 303, 304, 305, 306, 307, 308, 309, 310, 311, 312, 313, 314, 315, 316, 317, 318, 319, 320, 321, 322, 323, 324, 325, 326, 327, 328, 329, 330, 331, 332, 333, 334, 335, 336, 337, 574, 575, 576, 577, 578, 579, 580, 581, 582, 583, 584, 585, 586, 587, 588, 589, 590, 591, 592, 593, 594, 595, 596, 597, 598, 599, 600, 601, 602, 603, 604, 605, 606, 607, 608, 609, 610, 611, 612, 613, 614, 615, 616, 617, 618, 619, 620, 621, 622, 623, 624, 625, 626, 627, 628, 629, 630, 631, 632, 633, 634, 635, 636, 637, 638, 639, 640, 641, 642, 643, 644, 645, 646, 647, 648, 649, 650, 651, 652, 653, 654, 655, 656, 657, 658, 659, 660, 661, 662, 663, 664, 665, 666, 667, 668, 669, 670, 671, 672, 673, 674, 675, 676, 677, 678, 679, 680, 681, 682, 683, 684, 685, 686, 687, 688, 689, 690, 691, 692, 693, 694, 695, 696, 697, 698, 699, 700, 701, 702, 703, 704, 705, 706, 707, 708, 709, 710, 711, 712, 713, 714, 715, 716, 717, 718, 719, 720, 721, 722, 723, 724, 725, 726, 727, 728, 729, 730, 731, 732, 733, 734, 735, 736, 737, 738, 739, 740, 741, 742, 743, 744, 745, 746, 747, 748, 749, 750, 751, 752, 753, 754, 755, 756, 757, 758, 759, 760, 761, 762, 763, 764, 765, 766, 767, 768, 769, 770, 771, 772, 773, 774, 775, 776, 777, 778, 779, 780, 781, 782, 783, 784, 785, 786, 787, 788, 789, 790, 791, 792, 793]","[105, 114, 138, 141, 152, 153, 154, 155, 157, 159, 164, 165, 176, 182, 191, 192, 194, 195, 196, 200, 204, 208, 209, 210, 211, 215, 226, 228, 241, 242, 243, 245, 248, 249, 250, 257, 261, 270, 271, 282, 287, 289, 291, 294, 296, 298, 306, 308, 309, 311, 314, 327, 333, 335, 337, 576, 585, 609, 612, 623, 624, 626, 627, 629, 631, 636, 637, 647, 653, 662, 663, 665, 666, 667, 671, 674, 678, 679, 680, 681, 690, 692, 705, 706, 707, 709, 711, 712, 713, 719, 721, 729, 730, 741, 746, 748, 750, 753, 755, 757, 764, 766, 767, 769, 772, 785, 791]","[17, 18, 19, 20, 21, 22, 23, 156, 157, 158, 159, 160, 161, 162, 163, 164, 165, 166, 167, 341, 342, 343, 344, 345, 412, 413, 414, 415, 416, 417, 418, 419, 420, 421, 422, 502, 503, 504, 505, 506, 507, 628, 629, 630, 631, 632, 633, 634, 635, 636, 637, 638, 639, 792, 797, 798, 799, 800, 801, 863, 864, 865, 866, 867, 868, 869, 870, 871, 872, 873, 874]","[17, 18, 19, 20, 21, 22, 23, 156, 157, 158, 159, 160, 161, 162, 163, 164, 165, 166, 167, 168, 340, 341, 342, 343, 344, 345, 346, 412, 413, 414, 415, 416, 417, 418, 419, 420, 421, 422, 502, 503, 504, 505, 506, 507, 628, 629, 630, 631, 632, 633, 634, 635, 636, 637, 638, 639, 792, 796, 797, 798, 799, 800, 801, 863, 864, 865, 866, 867, 868, 869, 870, 871, 872, 873, 874]","[17, 18, 19, 20, 21, 22, 23, 103, 104, 105, 106, 107, 108, 109, 110, 111, 112, 113, 114, 115, 116, 117, 118, 119, 120, 121, 122, 123, 124, 125, 126, 127, 128, 129, 130, 131, 132, 133, 134, 135, 136, 137, 138, 139, 140, 141, 142, 143, 144, 145, 146, 147, 148, 149, 150, 151, 152, 153, 154, 155, 156, 157, 158, 159, 160, 161, 162, 163, 164, 165, 166, 167, 168, 169, 170, 171, 172, 173, 174, 175, 176, 177, 178, 179, 180, 181, 182, 183, 184, 185, 186, 187, 188, 189, 190, 191, 192, 193, 194, 195, 196, 197, 198, 199, 200, 201, 202, 203, 204, 205, 206, 207, 208, 209, 210, 211, 212, 213, 214, 215, 216, 217, 218, 219, 220, 221, 222, 223, 224, 225, 226, 227, 228, 229, 230, 231, 232, 233, 234, 235, 236, 237, 238, 239, 240, 241, 242, 243, 244, 245, 246, 247, 248, 249, 250, 251, 252, 253, 254, 255, 256, 257, 258, 259, 260, 261, 262, 263, 264, 265, 266, 267, 268, 269, 270, 271, 272, 273, 274, 275, 276, 277, 278, 279, 280, 281, 282, 283, 284, 285, 286, 287, 288, 289, 290, 291, 292, 293, 294, 295, 296, 297, 298, 299, 300, 301, 302, 303, 304, 305, 306, 307, 308, 309, 310, 311, 312, 313, 314, 315, 316, 317, 318, 319, 320, 321, 322, 323, 324, 325, 326, 327, 328, 329, 330, 331, 332, 333, 334, 335, 336, 337, 340, 341, 342, 343, 344, 345, 346, 412, 413, 414, 415, 416, 417, 418, 419, 420, 421, 422, 502, 503, 504, 505, 506, 507, 574, 575, 576, 577, 578, 579, 580, 581, 582, 583, 584, 585, 586, 587, 588, 589, 590, 591, 592, 593, 594, 595, 596, 597, 598, 599, 600, 601, 602, 603, 604, 605, 606, 607, 608, 609, 610, 611, 612, 613, 614, 615, 616, 617, 618, 619, 620, 621, 622, 623, 624, 625, 626, 627, 628, 629, 630, 631, 632, 633, 634, 635, 636, 637, 638, 639, 640, 641, 642, 643, 644, 645, 646, 647, 648, 649, 650, 651, 652, 653, 654, 655, 656, 657, 658, 659, 660, 661, 662, 663, 664, 665, 666, 667, 668, 669, 670, 671, 672, 673, 674, 675, 676, 677, 678, 679, 680, 681, 682, 683, 684, 685, 686, 687, 688, 689, 690, 691, 692, 693, 694, 695, 696, 697, 698, 699, 700, 701, 702, 703, 704, 705, 706, 707, 708, 709, 710, 711, 712, 713, 714, 715, 716, 717, 718, 719, 720, 721, 722, 723, 724, 725, 726, 727, 728, 729, 730, 731, 732, 733, 734, 735, 736, 737, 738, 739, 740, 741, 742, 743, 744, 745, 746, 747, 748, 749, 750, 751, 752, 753, 754, 755, 756, 757, 758, 759, 760, 761, 762, 763, 764, 765, 766, 767, 768, 769, 770, 771, 772, 773, 774, 775, 776, 777, 778, 779, 780, 781, 782, 783, 784, 785, 786, 787, 788, 789, 790, 791, 792, 793, 796, 797, 798, 799, 800, 801, 863, 864, 865, 866, 867, 868, 869, 870, 871, 872, 873, 874]",True,"[105, 576]","[103, 104, 105, 106, 107, 108, 109, 110, 111, 112, 113, 114, 115, 116, 117, 118, 119, 120, 121, 122, 123, 124, 125, 126, 127, 128, 129, 130, 131, 132, 133, 134, 135, 136, 137, 138, 139, 140, 141, 142, 143, 144, 145, 146, 147, 148, 149, 150, 151, 152, 153, 154, 155, 156, 157, 158, 159, 160, 161, 162, 163, 164, 165, 166, 167, 168, 169, 170, 171, 172, 173, 174, 175, 176, 177, 178, 179, 180, 181, 182, 183, 184, 185, 186, 187, 188, 189, 190, 191, 192, 193, 194, 195, 196, 197, 198, 199, 200, 201, 202, 203, 204, 205, 206, 207, 208, 209, 210, 211, 212, 213, 214, 215, 216, 217, 218, 219, 220, 221, 222, 223, 224, 225, 226, 227, 228, 229, 230, 231, 232, 233, 234, 235, 236, 237, 238, 239, 240, 241, 242, 243, 244, 245, 246, 247, 248, 249, 250, 251, 252, 253, 254, 255, 256, 257, 258, 259, 260, 261, 262, 263, 264, 265, 266, 267, 268, 269, 270, 271, 272, 273, 274, 275, 276, 277, 278, 279, 280, 281, 282, 283, 284, 285, 286, 287, 288, 289, 290, 291, 292, 293, 294, 295, 296, 297, 298, 299, 300, 301, 302, 303, 304, 305, 306, 307, 308, 309, 310, 311, 312, 313, 314, 315, 316, 317, 318, 319, 320, 321, 322, 323, 324, 325, 326, 327, 328, 329, 330, 331, 332, 333, 334, 335, 336, 337, 574, 575, 576, 577, 578, 579, 580, 581, 582, 583, 584, 585, 586, 587, 588, 589, 590, 591, 592, 593, 594, 595, 596, 597, 598, 599, 600, 601, 602, 603, 604, 605, 606, 607, 608, 609, 610, 611, 612, 613, 614, 615, 616, 617, 618, 619, 620, 621, 622, 623, 624, 625, 626, 627, 628, 629, 630, 631, 632, 633, 634, 635, 636, 637, 638, 639, 640, 641, 642, 643, 644, 645, 646, 647, 648, 649, 650, 651, 652, 653, 654, 655, 656, 657, 658, 659, 660, 661, 662, 663, 664, 665, 666, 667, 668, 669, 670, 671, 672, 673, 674, 675, 676, 677, 678, 679, 680, 681, 682, 683, 684, 685, 686, 687, 688, 689, 690, 691, 692, 693, 694, 695, 696, 697, 698, 699, 700, 701, 702, 703, 704, 705, 706, 707, 708, 709, 710, 711, 712, 713, 714, 715, 716, 717, 718, 719, 720, 721, 722, 723, 724, 725, 726, 727, 728, 729, 730, 731, 732, 733, 734, 735, 736, 737, 738, 739, 740, 741, 742, 743, 744, 745, 746, 747, 748, 749, 750, 751, 752, 753, 754, 755, 756, 757, 758, 759, 760, 761, 762, 763, 764, 765, 766, 767, 768, 769, 770, 771, 772, 773, 774, 775, 776, 777, 778, 779, 780, 781, 782, 783, 784, 785, 786, 787, 788, 789, 790, 791, 792, 793]","[105, 165, 210, 576, 637, 680]","[105, 165, 210, 275, 576, 637, 680, 734]","[105, 114, 138, 141, 152, 153, 154, 155, 157, 159, 164, 165, 176, 182, 191, 192, 194, 195, 196, 200, 204, 208, 209, 210, 211, 215, 226, 228, 241, 242, 243, 245, 248, 249, 250, 257, 261, 270, 271, 282, 287, 289, 291, 294, 296, 298, 306, 308, 309, 311, 314, 327, 333, 335, 337, 576, 585, 609, 612, 623, 624, 626, 627, 629, 631, 636, 637, 647, 653, 662, 663, 665, 666, 667, 671, 674, 678, 679, 680, 681, 690, 692, 705, 706, 707, 709, 711, 712, 713, 719, 721, 729, 730, 741, 746, 748, 750, 753, 755, 757, 764, 766, 767, 769, 772, 785, 791]","[17, 18, 19, 20, 21, 22, 23, 156, 157, 158, 159, 160, 161, 162, 163, 164, 165, 166, 167, 168, 340, 341, 342, 343, 344, 345, 346, 412, 413, 414, 415, 416, 417, 418, 419, 420, 421, 422, 502, 503, 504, 505, 506, 507, 628, 629, 630, 631, 632, 633, 634, 635, 636, 637, 638, 639, 792, 796, 797, 798, 799, 800, 801, 863, 864, 865, 866, 867, 868, 869, 870, 871, 872, 873, 874]","[17, 18, 19, 20, 21, 22, 23, 156, 157, 158, 159, 160, 161, 162, 163, 164, 165, 166, 167, 341, 342, 343, 344, 345, 412, 413, 414, 415, 416, 417, 418, 419, 420, 421, 422, 502, 503, 504, 505, 506, 507, 628, 629, 630, 631, 632, 633, 634, 635, 636, 637, 638, 639, 792, 797, 798, 799, 800, 801, 863, 864, 865, 866, 867, 868, 869, 870, 871, 872, 873, 874]",7/6 successful match,True,"[556, 557, 558]",True,350,False,,1.0,True,Flying J Travel Plaza # 617,Flying J
"E Lodi , 95240 3 B's Truck / Auto Plaza ( 76 )",209-369-6391 I-5 Exit 485 ( CA 12 W ),XL M <U+2610>,Lodi,95240,3 B's Truck / Auto Plaza ( 76 ),209-369-6391,2006,Lodi,CA,,( CA 12 W ),I-5 Exit 485 ,Exit,485,False,,False,I-5,,,,,"[576, 105]","[105, 576]","[105, 165, 210, 576, 637, 680]","[105, 165, 210, 275, 576, 637, 680, 734]","[103, 104, 105, 106, 107, 108, 109, 110, 111, 112, 113, 114, 115, 116, 117, 118, 119, 120, 121, 122, 123, 124, 125, 126, 127, 128, 129, 130, 131, 132, 133, 134, 135, 136, 137, 138, 139, 140, 141, 142, 143, 144, 145, 146, 147, 148, 149, 150, 151, 152, 153, 154, 155, 156, 157, 158, 159, 160, 161, 162, 163, 164, 165, 166, 167, 168, 169, 170, 171, 172, 173, 174, 175, 176, 177, 178, 179, 180, 181, 182, 183, 184, 185, 186, 187, 188, 189, 190, 191, 192, 193, 194, 195, 196, 197, 198, 199, 200, 201, 202, 203, 204, 205, 206, 207, 208, 209, 210, 211, 212, 213, 214, 215, 216, 217, 218, 219, 220, 221, 222, 223, 224, 225, 226, 227, 228, 229, 230, 231, 232, 233, 234, 235, 236, 237, 238, 239, 240, 241, 242, 243, 244, 245, 246, 247, 248, 249, 250, 251, 252, 253, 254, 255, 256, 257, 258, 259, 260, 261, 262, 263, 264, 265, 266, 267, 268, 269, 270, 271, 272, 273, 274, 275, 276, 277, 278, 279, 280, 281, 282, 283, 284, 285, 286, 287, 288, 289, 290, 291, 292, 293, 294, 295, 296, 297, 298, 299, 300, 301, 302, 303, 304, 305, 306, 307, 308, 309, 310, 311, 312, 313, 314, 315, 316, 317, 318, 319, 320, 321, 322, 323, 324, 325, 326, 327, 328, 329, 330, 331, 332, 333, 334, 335, 336, 337, 574, 575, 576, 577, 578, 579, 580, 581, 582, 583, 584, 585, 586, 587, 588, 589, 590, 591, 592, 593, 594, 595, 596, 597, 598, 599, 600, 601, 602, 603, 604, 605, 606, 607, 608, 609, 610, 611, 612, 613, 614, 615, 616, 617, 618, 619, 620, 621, 622, 623, 624, 625, 626, 627, 628, 629, 630, 631, 632, 633, 634, 635, 636, 637, 638, 639, 640, 641, 642, 643, 644, 645, 646, 647, 648, 649, 650, 651, 652, 653, 654, 655, 656, 657, 658, 659, 660, 661, 662, 663, 664, 665, 666, 667, 668, 669, 670, 671, 672, 673, 674, 675, 676, 677, 678, 679, 680, 681, 682, 683, 684, 685, 686, 687, 688, 689, 690, 691, 692, 693, 694, 695, 696, 697, 698, 699, 700, 701, 702, 703, 704, 705, 706, 707, 708, 709, 710, 711, 712, 713, 714, 715, 716, 717, 718, 719, 720, 721, 722, 723, 724, 725, 726, 727, 728, 729, 730, 731, 732, 733, 734, 735, 736, 737, 738, 739, 740, 741, 742, 743, 744, 745, 746, 747, 748, 749, 750, 751, 752, 753, 754, 755, 756, 757, 758, 759, 760, 761, 762, 763, 764, 765, 766, 767, 768, 769, 770, 771, 772, 773, 774, 775, 776, 777, 778, 779, 780, 781, 782, 783, 784, 785, 786, 787, 788, 789, 790, 791, 792, 793]","[105, 114, 138, 141, 152, 153, 154, 155, 157, 159, 164, 165, 176, 182, 191, 192, 194, 195, 196, 200, 204, 208, 209, 210, 211, 215, 226, 228, 241, 242, 243, 245, 248, 249, 250, 257, 261, 270, 271, 282, 287, 289, 291, 294, 296, 298, 306, 308, 309, 311, 314, 327, 333, 335, 337, 576, 585, 609, 612, 623, 624, 626, 627, 629, 631, 636, 637, 647, 653, 662, 663, 665, 666, 667, 671, 674, 678, 679, 680, 681, 690, 692, 705, 706, 707, 709, 711, 712, 713, 719, 721, 729, 730, 741, 746, 748, 750, 753, 755, 757, 764, 766, 767, 769, 772, 785, 791]",[],"[84, 87, 89, 114, 115, 117, 124, 132, 135, 144, 152, 178, 239, 268, 281, 297, 318, 320, 327, 348, 394, 555, 558, 560, 585, 586, 588, 595, 603, 606, 615, 623, 649, 703, 727, 740, 756, 776, 778, 785, 803, 844]","[84, 87, 89, 103, 104, 105, 106, 107, 108, 109, 110, 111, 112, 113, 114, 115, 116, 117, 118, 119, 120, 121, 122, 123, 124, 125, 126, 127, 128, 129, 130, 131, 132, 133, 134, 135, 136, 137, 138, 139, 140, 141, 142, 143, 144, 145, 146, 147, 148, 149, 150, 151, 152, 153, 154, 155, 156, 157, 158, 159, 160, 161, 162, 163, 164, 165, 166, 167, 168, 169, 170, 171, 172, 173, 174, 175, 176, 177, 178, 179, 180, 181, 182, 183, 184, 185, 186, 187, 188, 189, 190, 191, 192, 193, 194, 195, 196, 197, 198, 199, 200, 201, 202, 203, 204, 205, 206, 207, 208, 209, 210, 211, 212, 213, 214, 215, 216, 217, 218, 219, 220, 221, 222, 223, 224, 225, 226, 227, 228, 229, 230, 231, 232, 233, 234, 235, 236, 237, 238, 239, 240, 241, 242, 243, 244, 245, 246, 247, 248, 249, 250, 251, 252, 253, 254, 255, 256, 257, 258, 259, 260, 261, 262, 263, 264, 265, 266, 267, 268, 269, 270, 271, 272, 273, 274, 275, 276, 277, 278, 279, 280, 281, 282, 283, 284, 285, 286, 287, 288, 289, 290, 291, 292, 293, 294, 295, 296, 297, 298, 299, 300, 301, 302, 303, 304, 305, 306, 307, 308, 309, 310, 311, 312, 313, 314, 315, 316, 317, 318, 319, 320, 321, 322, 323, 324, 325, 326, 327, 328, 329, 330, 331, 332, 333, 334, 335, 336, 337, 348, 394, 555, 558, 560, 574, 575, 576, 577, 578, 579, 580, 581, 582, 583, 584, 585, 586, 587, 588, 589, 590, 591, 592, 593, 594, 595, 596, 597, 598, 599, 600, 601, 602, 603, 604, 605, 606, 607, 608, 609, 610, 611, 612, 613, 614, 615, 616, 617, 618, 619, 620, 621, 622, 623, 624, 625, 626, 627, 628, 629, 630, 631, 632, 633, 634, 635, 636, 637, 638, 639, 640, 641, 642, 643, 644, 645, 646, 647, 648, 649, 650, 651, 652, 653, 654, 655, 656, 657, 658, 659, 660, 661, 662, 663, 664, 665, 666, 667, 668, 669, 670, 671, 672, 673, 674, 675, 676, 677, 678, 679, 680, 681, 682, 683, 684, 685, 686, 687, 688, 689, 690, 691, 692, 693, 694, 695, 696, 697, 698, 699, 700, 701, 702, 703, 704, 705, 706, 707, 708, 709, 710, 711, 712, 713, 714, 715, 716, 717, 718, 719, 720, 721, 722, 723, 724, 725, 726, 727, 728, 729, 730, 731, 732, 733, 734, 735, 736, 737, 738, 739, 740, 741, 742, 743, 744, 745, 746, 747, 748, 749, 750, 751, 752, 753, 754, 755, 756, 757, 758, 759, 760, 761, 762, 763, 764, 765, 766, 767, 768, 769, 770, 771, 772, 773, 774, 775, 776, 777, 778, 779, 780, 781, 782, 783, 784, 785, 786, 787, 788, 789, 790, 791, 792, 793, 803, 844]",True,"[105, 576]","[103, 104, 105, 106, 107, 108, 109, 110, 111, 112, 113, 114, 115, 116, 117, 118, 119, 120, 121, 122, 123, 124, 125, 126, 127, 128, 129, 130, 131, 132, 133, 134, 135, 136, 137, 138, 139, 140, 141, 142, 143, 144, 145, 146, 147, 148, 149, 150, 151, 152, 153, 154, 155, 156, 157, 158, 159, 160, 161, 162, 163, 164, 165, 166, 167, 168, 169, 170, 171, 172, 173, 174, 175, 176, 177, 178, 179, 180, 181, 182, 183, 184, 185, 186, 187, 188, 189, 190, 191, 192, 193, 194, 195, 196, 197, 198, 199, 200, 201, 202, 203, 204, 205, 206, 207, 208, 209, 210, 211, 212, 213, 214, 215, 216, 217, 218, 219, 220, 221, 222, 223, 224, 225, 226, 227, 228, 229, 230, 231, 232, 233, 234, 235, 236, 237, 238, 239, 240, 241, 242, 243, 244, 245, 246, 247, 248, 249, 250, 251, 252, 253, 254, 255, 256, 257, 258, 259, 260, 261, 262, 263, 264, 265, 266, 267, 268, 269, 270, 271, 272, 273, 274, 275, 276, 277, 278, 279, 280, 281, 282, 283, 284, 285, 286, 287, 288, 289, 290, 291, 292, 293, 294, 295, 296, 297, 298, 299, 300, 301, 302, 303, 304, 305, 306, 307, 308, 309, 310, 311, 312, 313, 314, 315, 316, 317, 318, 319, 320, 321, 322, 323, 324, 325, 326, 327, 328, 329, 330, 331, 332, 333, 334, 335, 336, 337, 574, 575, 576, 577, 578, 579, 580, 581, 582, 583, 584, 585, 586, 587, 588, 589, 590, 591, 592, 593, 594, 595, 596, 597, 598, 599, 600, 601, 602, 603, 604, 605, 606, 607, 608, 609, 610, 611, 612, 613, 614, 615, 616, 617, 618, 619, 620, 621, 622, 623, 624, 625, 626, 627, 628, 629, 630, 631, 632, 633, 634, 635, 636, 637, 638, 639, 640, 641, 642, 643, 644, 645, 646, 647, 648, 649, 650, 651, 652, 653, 654, 655, 656, 657, 658, 659, 660, 661, 662, 663, 664, 665, 666, 667, 668, 669, 670, 671, 672, 673, 674, 675, 676, 677, 678, 679, 680, 681, 682, 683, 684, 685, 686, 687, 688, 689, 690, 691, 692, 693, 694, 695, 696, 697, 698, 699, 700, 701, 702, 703, 704, 705, 706, 707, 708, 709, 710, 711, 712, 713, 714, 715, 716, 717, 718, 719, 720, 721, 722, 723, 724, 725, 726, 727, 728, 729, 730, 731, 732, 733, 734, 735, 736, 737, 738, 739, 740, 741, 742, 743, 744, 745, 746, 747, 748, 749, 750, 751, 752, 753, 754, 755, 756, 757, 758, 759, 760, 761, 762, 763, 764, 765, 766, 767, 768, 769, 770, 771, 772, 773, 774, 775, 776, 777, 778, 779, 780, 781, 782, 783, 784, 785, 786, 787, 788, 789, 790, 791, 792, 793]","[105, 165, 210, 576, 637, 680]","[105, 165, 210, 275, 576, 637, 680, 734]","[105, 114, 138, 141, 152, 153, 154, 155, 157, 159, 164, 165, 176, 182, 191, 192, 194, 195, 196, 200, 204, 208, 209, 210, 211, 215, 226, 228, 241, 242, 243, 245, 248, 249, 250, 257, 261, 270, 271, 282, 287, 289, 291, 294, 296, 298, 306, 308, 309, 311, 314, 327, 333, 335, 337, 576, 585, 609, 612, 623, 624, 626, 627, 629, 631, 636, 637, 647, 653, 662, 663, 665, 666, 667, 671, 674, 678, 679, 680, 681, 690, 692, 705, 706, 707, 709, 711, 712, 713, 719, 721, 729, 730, 741, 746, 748, 750, 753, 755, 757, 764, 766, 767, 769, 772, 785, 791]","[84, 87, 89, 114, 115, 117, 124, 132, 135, 144, 152, 178, 239, 268, 281, 297, 318, 320, 327, 348, 394, 555, 558, 560, 585, 586, 588, 595, 603, 606, 615, 623, 649, 703, 727, 740, 756, 776, 778, 785, 803, 844]",[],5/6 successful match,True,,False,351,False,,,,,
"E Lodi , 95240 3 B's Truck / Auto Plaza ( 76 )",209-369-6391 I-5 Exit 485 ( CA 12 W ),24 M 2400 00,Lodi,95240,3 B's Truck / Auto Plaza ( 76 ),209-369-6391,2007,Lodi,CA,,( CA 12 W ),I-5 Exit 485 ,Exit,485,False,,False,I-5,,,,,"[576, 105]","[105, 576]","[105, 165, 210, 576, 637, 680]","[105, 165, 210, 275, 576, 637, 680, 734]","[103, 104, 105, 106, 107, 108, 109, 110, 111, 112, 113, 114, 115, 116, 117, 118, 119, 120, 121, 122, 123, 124, 125, 126, 127, 128, 129, 130, 131, 132, 133, 134, 135, 136, 137, 138, 139, 140, 141, 142, 143, 144, 145, 146, 147, 148, 149, 150, 151, 152, 153, 154, 155, 156, 157, 158, 159, 160, 161, 162, 163, 164, 165, 166, 167, 168, 169, 170, 171, 172, 173, 174, 175, 176, 177, 178, 179, 180, 181, 182, 183, 184, 185, 186, 187, 188, 189, 190, 191, 192, 193, 194, 195, 196, 197, 198, 199, 200, 201, 202, 203, 204, 205, 206, 207, 208, 209, 210, 211, 212, 213, 214, 215, 216, 217, 218, 219, 220, 221, 222, 223, 224, 225, 226, 227, 228, 229, 230, 231, 232, 233, 234, 235, 236, 237, 238, 239, 240, 241, 242, 243, 244, 245, 246, 247, 248, 249, 250, 251, 252, 253, 254, 255, 256, 257, 258, 259, 260, 261, 262, 263, 264, 265, 266, 267, 268, 269, 270, 271, 272, 273, 274, 275, 276, 277, 278, 279, 280, 281, 282, 283, 284, 285, 286, 287, 288, 289, 290, 291, 292, 293, 294, 295, 296, 297, 298, 299, 300, 301, 302, 303, 304, 305, 306, 307, 308, 309, 310, 311, 312, 313, 314, 315, 316, 317, 318, 319, 320, 321, 322, 323, 324, 325, 326, 327, 328, 329, 330, 331, 332, 333, 334, 335, 336, 337, 574, 575, 576, 577, 578, 579, 580, 581, 582, 583, 584, 585, 586, 587, 588, 589, 590, 591, 592, 593, 594, 595, 596, 597, 598, 599, 600, 601, 602, 603, 604, 605, 606, 607, 608, 609, 610, 611, 612, 613, 614, 615, 616, 617, 618, 619, 620, 621, 622, 623, 624, 625, 626, 627, 628, 629, 630, 631, 632, 633, 634, 635, 636, 637, 638, 639, 640, 641, 642, 643, 644, 645, 646, 647, 648, 649, 650, 651, 652, 653, 654, 655, 656, 657, 658, 659, 660, 661, 662, 663, 664, 665, 666, 667, 668, 669, 670, 671, 672, 673, 674, 675, 676, 677, 678, 679, 680, 681, 682, 683, 684, 685, 686, 687, 688, 689, 690, 691, 692, 693, 694, 695, 696, 697, 698, 699, 700, 701, 702, 703, 704, 705, 706, 707, 708, 709, 710, 711, 712, 713, 714, 715, 716, 717, 718, 719, 720, 721, 722, 723, 724, 725, 726, 727, 728, 729, 730, 731, 732, 733, 734, 735, 736, 737, 738, 739, 740, 741, 742, 743, 744, 745, 746, 747, 748, 749, 750, 751, 752, 753, 754, 755, 756, 757, 758, 759, 760, 761, 762, 763, 764, 765, 766, 767, 768, 769, 770, 771, 772, 773, 774, 775, 776, 777, 778, 779, 780, 781, 782, 783, 784, 785, 786, 787, 788, 789, 790, 791, 792, 793]","[105, 114, 138, 141, 152, 153, 154, 155, 157, 159, 164, 165, 176, 182, 191, 192, 194, 195, 196, 200, 204, 208, 209, 210, 211, 215, 226, 228, 241, 242, 243, 245, 248, 249, 250, 257, 261, 270, 271, 282, 287, 289, 291, 294, 296, 298, 306, 308, 309, 311, 314, 327, 333, 335, 337, 576, 585, 609, 612, 623, 624, 626, 627, 629, 631, 636, 637, 647, 653, 662, 663, 665, 666, 667, 671, 674, 678, 679, 680, 681, 690, 692, 705, 706, 707, 709, 711, 712, 713, 719, 721, 729, 730, 741, 746, 748, 750, 753, 755, 757, 764, 766, 767, 769, 772, 785, 791]",[],"[84, 87, 89, 114, 115, 117, 124, 132, 135, 144, 152, 178, 239, 268, 281, 297, 318, 320, 327, 348, 394, 555, 558, 560, 585, 586, 588, 595, 603, 606, 615, 623, 649, 703, 727, 740, 756, 776, 778, 785, 803, 844]","[84, 87, 89, 103, 104, 105, 106, 107, 108, 109, 110, 111, 112, 113, 114, 115, 116, 117, 118, 119, 120, 121, 122, 123, 124, 125, 126, 127, 128, 129, 130, 131, 132, 133, 134, 135, 136, 137, 138, 139, 140, 141, 142, 143, 144, 145, 146, 147, 148, 149, 150, 151, 152, 153, 154, 155, 156, 157, 158, 159, 160, 161, 162, 163, 164, 165, 166, 167, 168, 169, 170, 171, 172, 173, 174, 175, 176, 177, 178, 179, 180, 181, 182, 183, 184, 185, 186, 187, 188, 189, 190, 191, 192, 193, 194, 195, 196, 197, 198, 199, 200, 201, 202, 203, 204, 205, 206, 207, 208, 209, 210, 211, 212, 213, 214, 215, 216, 217, 218, 219, 220, 221, 222, 223, 224, 225, 226, 227, 228, 229, 230, 231, 232, 233, 234, 235, 236, 237, 238, 239, 240, 241, 242, 243, 244, 245, 246, 247, 248, 249, 250, 251, 252, 253, 254, 255, 256, 257, 258, 259, 260, 261, 262, 263, 264, 265, 266, 267, 268, 269, 270, 271, 272, 273, 274, 275, 276, 277, 278, 279, 280, 281, 282, 283, 284, 285, 286, 287, 288, 289, 290, 291, 292, 293, 294, 295, 296, 297, 298, 299, 300, 301, 302, 303, 304, 305, 306, 307, 308, 309, 310, 311, 312, 313, 314, 315, 316, 317, 318, 319, 320, 321, 322, 323, 324, 325, 326, 327, 328, 329, 330, 331, 332, 333, 334, 335, 336, 337, 348, 394, 555, 558, 560, 574, 575, 576, 577, 578, 579, 580, 581, 582, 583, 584, 585, 586, 587, 588, 589, 590, 591, 592, 593, 594, 595, 596, 597, 598, 599, 600, 601, 602, 603, 604, 605, 606, 607, 608, 609, 610, 611, 612, 613, 614, 615, 616, 617, 618, 619, 620, 621, 622, 623, 624, 625, 626, 627, 628, 629, 630, 631, 632, 633, 634, 635, 636, 637, 638, 639, 640, 641, 642, 643, 644, 645, 646, 647, 648, 649, 650, 651, 652, 653, 654, 655, 656, 657, 658, 659, 660, 661, 662, 663, 664, 665, 666, 667, 668, 669, 670, 671, 672, 673, 674, 675, 676, 677, 678, 679, 680, 681, 682, 683, 684, 685, 686, 687, 688, 689, 690, 691, 692, 693, 694, 695, 696, 697, 698, 699, 700, 701, 702, 703, 704, 705, 706, 707, 708, 709, 710, 711, 712, 713, 714, 715, 716, 717, 718, 719, 720, 721, 722, 723, 724, 725, 726, 727, 728, 729, 730, 731, 732, 733, 734, 735, 736, 737, 738, 739, 740, 741, 742, 743, 744, 745, 746, 747, 748, 749, 750, 751, 752, 753, 754, 755, 756, 757, 758, 759, 760, 761, 762, 763, 764, 765, 766, 767, 768, 769, 770, 771, 772, 773, 774, 775, 776, 777, 778, 779, 780, 781, 782, 783, 784, 785, 786, 787, 788, 789, 790, 791, 792, 793, 803, 844]",True,"[105, 576]","[103, 104, 105, 106, 107, 108, 109, 110, 111, 112, 113, 114, 115, 116, 117, 118, 119, 120, 121, 122, 123, 124, 125, 126, 127, 128, 129, 130, 131, 132, 133, 134, 135, 136, 137, 138, 139, 140, 141, 142, 143, 144, 145, 146, 147, 148, 149, 150, 151, 152, 153, 154, 155, 156, 157, 158, 159, 160, 161, 162, 163, 164, 165, 166, 167, 168, 169, 170, 171, 172, 173, 174, 175, 176, 177, 178, 179, 180, 181, 182, 183, 184, 185, 186, 187, 188, 189, 190, 191, 192, 193, 194, 195, 196, 197, 198, 199, 200, 201, 202, 203, 204, 205, 206, 207, 208, 209, 210, 211, 212, 213, 214, 215, 216, 217, 218, 219, 220, 221, 222, 223, 224, 225, 226, 227, 228, 229, 230, 231, 232, 233, 234, 235, 236, 237, 238, 239, 240, 241, 242, 243, 244, 245, 246, 247, 248, 249, 250, 251, 252, 253, 254, 255, 256, 257, 258, 259, 260, 261, 262, 263, 264, 265, 266, 267, 268, 269, 270, 271, 272, 273, 274, 275, 276, 277, 278, 279, 280, 281, 282, 283, 284, 285, 286, 287, 288, 289, 290, 291, 292, 293, 294, 295, 296, 297, 298, 299, 300, 301, 302, 303, 304, 305, 306, 307, 308, 309, 310, 311, 312, 313, 314, 315, 316, 317, 318, 319, 320, 321, 322, 323, 324, 325, 326, 327, 328, 329, 330, 331, 332, 333, 334, 335, 336, 337, 574, 575, 576, 577, 578, 579, 580, 581, 582, 583, 584, 585, 586, 587, 588, 589, 590, 591, 592, 593, 594, 595, 596, 597, 598, 599, 600, 601, 602, 603, 604, 605, 606, 607, 608, 609, 610, 611, 612, 613, 614, 615, 616, 617, 618, 619, 620, 621, 622, 623, 624, 625, 626, 627, 628, 629, 630, 631, 632, 633, 634, 635, 636, 637, 638, 639, 640, 641, 642, 643, 644, 645, 646, 647, 648, 649, 650, 651, 652, 653, 654, 655, 656, 657, 658, 659, 660, 661, 662, 663, 664, 665, 666, 667, 668, 669, 670, 671, 672, 673, 674, 675, 676, 677, 678, 679, 680, 681, 682, 683, 684, 685, 686, 687, 688, 689, 690, 691, 692, 693, 694, 695, 696, 697, 698, 699, 700, 701, 702, 703, 704, 705, 706, 707, 708, 709, 710, 711, 712, 713, 714, 715, 716, 717, 718, 719, 720, 721, 722, 723, 724, 725, 726, 727, 728, 729, 730, 731, 732, 733, 734, 735, 736, 737, 738, 739, 740, 741, 742, 743, 744, 745, 746, 747, 748, 749, 750, 751, 752, 753, 754, 755, 756, 757, 758, 759, 760, 761, 762, 763, 764, 765, 766, 767, 768, 769, 770, 771, 772, 773, 774, 775, 776, 777, 778, 779, 780, 781, 782, 783, 784, 785, 786, 787, 788, 789, 790, 791, 792, 793]","[105, 165, 210, 576, 637, 680]","[105, 165, 210, 275, 576, 637, 680, 734]","[105, 114, 138, 141, 152, 153, 154, 155, 157, 159, 164, 165, 176, 182, 191, 192, 194, 195, 196, 200, 204, 208, 209, 210, 211, 215, 226, 228, 241, 242, 243, 245, 248, 249, 250, 257, 261, 270, 271, 282, 287, 289, 291, 294, 296, 298, 306, 308, 309, 311, 314, 327, 333, 335, 337, 576, 585, 609, 612, 623, 624, 626, 627, 629, 631, 636, 637, 647, 653, 662, 663, 665, 666, 667, 671, 674, 678, 679, 680, 681, 690, 692, 705, 706, 707, 709, 711, 712, 713, 719, 721, 729, 730, 741, 746, 748, 750, 753, 755, 757, 764, 766, 767, 769, 772, 785, 791]","[84, 87, 89, 114, 115, 117, 124, 132, 135, 144, 152, 178, 239, 268, 281, 297, 318, 320, 327, 348, 394, 555, 558, 560, 585, 586, 588, 595, 603, 606, 615, 623, 649, 703, 727, 740, 756, 776, 778, 785, 803, 844]",[],5/6 successful match,True,,False,351,False,,1.0,True,3 B's Truck / Auto Plaza ( 76 ),
"E Lodi , 95240 3 B's Truck / Auto Plaza ( 76 )",209-369-6391 I-5 Exit 485 ( CA 12 W ) 24,24 M 240,Lodi,95240,3 B's Truck / Auto Plaza ( 76 ),209-369-6391,2008,Lodi,CA,,( CA 12 W ) 24,I-5 Exit 485 ,Exit,485,False,,False,I-5,,,,,"[576, 105]","[105, 576]","[105, 165, 210, 576, 637, 680]","[105, 165, 210, 275, 576, 637, 680, 734]","[103, 104, 105, 106, 107, 108, 109, 110, 111, 112, 113, 114, 115, 116, 117, 118, 119, 120, 121, 122, 123, 124, 125, 126, 127, 128, 129, 130, 131, 132, 133, 134, 135, 136, 137, 138, 139, 140, 141, 142, 143, 144, 145, 146, 147, 148, 149, 150, 151, 152, 153, 154, 155, 156, 157, 158, 159, 160, 161, 162, 163, 164, 165, 166, 167, 168, 169, 170, 171, 172, 173, 174, 175, 176, 177, 178, 179, 180, 181, 182, 183, 184, 185, 186, 187, 188, 189, 190, 191, 192, 193, 194, 195, 196, 197, 198, 199, 200, 201, 202, 203, 204, 205, 206, 207, 208, 209, 210, 211, 212, 213, 214, 215, 216, 217, 218, 219, 220, 221, 222, 223, 224, 225, 226, 227, 228, 229, 230, 231, 232, 233, 234, 235, 236, 237, 238, 239, 240, 241, 242, 243, 244, 245, 246, 247, 248, 249, 250, 251, 252, 253, 254, 255, 256, 257, 258, 259, 260, 261, 262, 263, 264, 265, 266, 267, 268, 269, 270, 271, 272, 273, 274, 275, 276, 277, 278, 279, 280, 281, 282, 283, 284, 285, 286, 287, 288, 289, 290, 291, 292, 293, 294, 295, 296, 297, 298, 299, 300, 301, 302, 303, 304, 305, 306, 307, 308, 309, 310, 311, 312, 313, 314, 315, 316, 317, 318, 319, 320, 321, 322, 323, 324, 325, 326, 327, 328, 329, 330, 331, 332, 333, 334, 335, 336, 337, 574, 575, 576, 577, 578, 579, 580, 581, 582, 583, 584, 585, 586, 587, 588, 589, 590, 591, 592, 593, 594, 595, 596, 597, 598, 599, 600, 601, 602, 603, 604, 605, 606, 607, 608, 609, 610, 611, 612, 613, 614, 615, 616, 617, 618, 619, 620, 621, 622, 623, 624, 625, 626, 627, 628, 629, 630, 631, 632, 633, 634, 635, 636, 637, 638, 639, 640, 641, 642, 643, 644, 645, 646, 647, 648, 649, 650, 651, 652, 653, 654, 655, 656, 657, 658, 659, 660, 661, 662, 663, 664, 665, 666, 667, 668, 669, 670, 671, 672, 673, 674, 675, 676, 677, 678, 679, 680, 681, 682, 683, 684, 685, 686, 687, 688, 689, 690, 691, 692, 693, 694, 695, 696, 697, 698, 699, 700, 701, 702, 703, 704, 705, 706, 707, 708, 709, 710, 711, 712, 713, 714, 715, 716, 717, 718, 719, 720, 721, 722, 723, 724, 725, 726, 727, 728, 729, 730, 731, 732, 733, 734, 735, 736, 737, 738, 739, 740, 741, 742, 743, 744, 745, 746, 747, 748, 749, 750, 751, 752, 753, 754, 755, 756, 757, 758, 759, 760, 761, 762, 763, 764, 765, 766, 767, 768, 769, 770, 771, 772, 773, 774, 775, 776, 777, 778, 779, 780, 781, 782, 783, 784, 785, 786, 787, 788, 789, 790, 791, 792, 793]","[105, 114, 138, 141, 152, 153, 154, 155, 157, 159, 164, 165, 176, 182, 191, 192, 194, 195, 196, 200, 204, 208, 209, 210, 211, 215, 226, 228, 241, 242, 243, 245, 248, 249, 250, 257, 261, 270, 271, 282, 287, 289, 291, 294, 296, 298, 306, 308, 309, 311, 314, 327, 333, 335, 337, 576, 585, 609, 612, 623, 624, 626, 627, 629, 631, 636, 637, 647, 653, 662, 663, 665, 666, 667, 671, 674, 678, 679, 680, 681, 690, 692, 705, 706, 707, 709, 711, 712, 713, 719, 721, 729, 730, 741, 746, 748, 750, 753, 755, 757, 764, 766, 767, 769, 772, 785, 791]",[],"[84, 87, 89, 114, 115, 117, 124, 132, 135, 144, 152, 178, 239, 268, 281, 297, 318, 320, 327, 348, 394, 555, 558, 560, 585, 586, 588, 595, 603, 606, 615, 623, 649, 703, 727, 740, 756, 776, 778, 785, 803, 844]","[84, 87, 89, 103, 104, 105, 106, 107, 108, 109, 110, 111, 112, 113, 114, 115, 116, 117, 118, 119, 120, 121, 122, 123, 124, 125, 126, 127, 128, 129, 130, 131, 132, 133, 134, 135, 136, 137, 138, 139, 140, 141, 142, 143, 144, 145, 146, 147, 148, 149, 150, 151, 152, 153, 154, 155, 156, 157, 158, 159, 160, 161, 162, 163, 164, 165, 166, 167, 168, 169, 170, 171, 172, 173, 174, 175, 176, 177, 178, 179, 180, 181, 182, 183, 184, 185, 186, 187, 188, 189, 190, 191, 192, 193, 194, 195, 196, 197, 198, 199, 200, 201, 202, 203, 204, 205, 206, 207, 208, 209, 210, 211, 212, 213, 214, 215, 216, 217, 218, 219, 220, 221, 222, 223, 224, 225, 226, 227, 228, 229, 230, 231, 232, 233, 234, 235, 236, 237, 238, 239, 240, 241, 242, 243, 244, 245, 246, 247, 248, 249, 250, 251, 252, 253, 254, 255, 256, 257, 258, 259, 260, 261, 262, 263, 264, 265, 266, 267, 268, 269, 270, 271, 272, 273, 274, 275, 276, 277, 278, 279, 280, 281, 282, 283, 284, 285, 286, 287, 288, 289, 290, 291, 292, 293, 294, 295, 296, 297, 298, 299, 300, 301, 302, 303, 304, 305, 306, 307, 308, 309, 310, 311, 312, 313, 314, 315, 316, 317, 318, 319, 320, 321, 322, 323, 324, 325, 326, 327, 328, 329, 330, 331, 332, 333, 334, 335, 336, 337, 348, 394, 555, 558, 560, 574, 575, 576, 577, 578, 579, 580, 581, 582, 583, 584, 585, 586, 587, 588, 589, 590, 591, 592, 593, 594, 595, 596, 597, 598, 599, 600, 601, 602, 603, 604, 605, 606, 607, 608, 609, 610, 611, 612, 613, 614, 615, 616, 617, 618, 619, 620, 621, 622, 623, 624, 625, 626, 627, 628, 629, 630, 631, 632, 633, 634, 635, 636, 637, 638, 639, 640, 641, 642, 643, 644, 645, 646, 647, 648, 649, 650, 651, 652, 653, 654, 655, 656, 657, 658, 659, 660, 661, 662, 663, 664, 665, 666, 667, 668, 669, 670, 671, 672, 673, 674, 675, 676, 677, 678, 679, 680, 681, 682, 683, 684, 685, 686, 687, 688, 689, 690, 691, 692, 693, 694, 695, 696, 697, 698, 699, 700, 701, 702, 703, 704, 705, 706, 707, 708, 709, 710, 711, 712, 713, 714, 715, 716, 717, 718, 719, 720, 721, 722, 723, 724, 725, 726, 727, 728, 729, 730, 731, 732, 733, 734, 735, 736, 737, 738, 739, 740, 741, 742, 743, 744, 745, 746, 747, 748, 749, 750, 751, 752, 753, 754, 755, 756, 757, 758, 759, 760, 761, 762, 763, 764, 765, 766, 767, 768, 769, 770, 771, 772, 773, 774, 775, 776, 777, 778, 779, 780, 781, 782, 783, 784, 785, 786, 787, 788, 789, 790, 791, 792, 793, 803, 844]",True,"[105, 576]","[103, 104, 105, 106, 107, 108, 109, 110, 111, 112, 113, 114, 115, 116, 117, 118, 119, 120, 121, 122, 123, 124, 125, 126, 127, 128, 129, 130, 131, 132, 133, 134, 135, 136, 137, 138, 139, 140, 141, 142, 143, 144, 145, 146, 147, 148, 149, 150, 151, 152, 153, 154, 155, 156, 157, 158, 159, 160, 161, 162, 163, 164, 165, 166, 167, 168, 169, 170, 171, 172, 173, 174, 175, 176, 177, 178, 179, 180, 181, 182, 183, 184, 185, 186, 187, 188, 189, 190, 191, 192, 193, 194, 195, 196, 197, 198, 199, 200, 201, 202, 203, 204, 205, 206, 207, 208, 209, 210, 211, 212, 213, 214, 215, 216, 217, 218, 219, 220, 221, 222, 223, 224, 225, 226, 227, 228, 229, 230, 231, 232, 233, 234, 235, 236, 237, 238, 239, 240, 241, 242, 243, 244, 245, 246, 247, 248, 249, 250, 251, 252, 253, 254, 255, 256, 257, 258, 259, 260, 261, 262, 263, 264, 265, 266, 267, 268, 269, 270, 271, 272, 273, 274, 275, 276, 277, 278, 279, 280, 281, 282, 283, 284, 285, 286, 287, 288, 289, 290, 291, 292, 293, 294, 295, 296, 297, 298, 299, 300, 301, 302, 303, 304, 305, 306, 307, 308, 309, 310, 311, 312, 313, 314, 315, 316, 317, 318, 319, 320, 321, 322, 323, 324, 325, 326, 327, 328, 329, 330, 331, 332, 333, 334, 335, 336, 337, 574, 575, 576, 577, 578, 579, 580, 581, 582, 583, 584, 585, 586, 587, 588, 589, 590, 591, 592, 593, 594, 595, 596, 597, 598, 599, 600, 601, 602, 603, 604, 605, 606, 607, 608, 609, 610, 611, 612, 613, 614, 615, 616, 617, 618, 619, 620, 621, 622, 623, 624, 625, 626, 627, 628, 629, 630, 631, 632, 633, 634, 635, 636, 637, 638, 639, 640, 641, 642, 643, 644, 645, 646, 647, 648, 649, 650, 651, 652, 653, 654, 655, 656, 657, 658, 659, 660, 661, 662, 663, 664, 665, 666, 667, 668, 669, 670, 671, 672, 673, 674, 675, 676, 677, 678, 679, 680, 681, 682, 683, 684, 685, 686, 687, 688, 689, 690, 691, 692, 693, 694, 695, 696, 697, 698, 699, 700, 701, 702, 703, 704, 705, 706, 707, 708, 709, 710, 711, 712, 713, 714, 715, 716, 717, 718, 719, 720, 721, 722, 723, 724, 725, 726, 727, 728, 729, 730, 731, 732, 733, 734, 735, 736, 737, 738, 739, 740, 741, 742, 743, 744, 745, 746, 747, 748, 749, 750, 751, 752, 753, 754, 755, 756, 757, 758, 759, 760, 761, 762, 763, 764, 765, 766, 767, 768, 769, 770, 771, 772, 773, 774, 775, 776, 777, 778, 779, 780, 781, 782, 783, 784, 785, 786, 787, 788, 789, 790, 791, 792, 793]","[105, 165, 210, 576, 637, 680]","[105, 165, 210, 275, 576, 637, 680, 734]","[105, 114, 138, 141, 152, 153, 154, 155, 157, 159, 164, 165, 176, 182, 191, 192, 194, 195, 196, 200, 204, 208, 209, 210, 211, 215, 226, 228, 241, 242, 243, 245, 248, 249, 250, 257, 261, 270, 271, 282, 287, 289, 291, 294, 296, 298, 306, 308, 309, 311, 314, 327, 333, 335, 337, 576, 585, 609, 612, 623, 624, 626, 627, 629, 631, 636, 637, 647, 653, 662, 663, 665, 666, 667, 671, 674, 678, 679, 680, 681, 690, 692, 705, 706, 707, 709, 711, 712, 713, 719, 721, 729, 730, 741, 746, 748, 750, 753, 755, 757, 764, 766, 767, 769, 772, 785, 791]","[84, 87, 89, 114, 115, 117, 124, 132, 135, 144, 152, 178, 239, 268, 281, 297, 318, 320, 327, 348, 394, 555, 558, 560, 585, 586, 588, 595, 603, 606, 615, 623, 649, 703, 727, 740, 756, 776, 778, 785, 803, 844]",[],5/6 successful match,True,,False,351,False,,1.0,True,3 B's Truck / Auto Plaza ( 76 ),
Lodi ( 95240 ) 3 B's Truck / Auto Plaza ( Sinclair ),2 209-369-6391 I-5 Exit 485 ( CA 12 E ),24 MO 24,Lodi,95240,3 B's Truck / Auto Plaza ( Sinclair ),209-369-6391,2014,Lodi,CA,Sinclair,( CA 12 E ),I-5 Exit 485 ,Exit,485,False,,False,I-5,,,,,"[576, 105]","[105, 576]","[105, 165, 210, 576, 637, 680]","[105, 165, 210, 275, 576, 637, 680, 734]","[103, 104, 105, 106, 107, 108, 109, 110, 111, 112, 113, 114, 115, 116, 117, 118, 119, 120, 121, 122, 123, 124, 125, 126, 127, 128, 129, 130, 131, 132, 133, 134, 135, 136, 137, 138, 139, 140, 141, 142, 143, 144, 145, 146, 147, 148, 149, 150, 151, 152, 153, 154, 155, 156, 157, 158, 159, 160, 161, 162, 163, 164, 165, 166, 167, 168, 169, 170, 171, 172, 173, 174, 175, 176, 177, 178, 179, 180, 181, 182, 183, 184, 185, 186, 187, 188, 189, 190, 191, 192, 193, 194, 195, 196, 197, 198, 199, 200, 201, 202, 203, 204, 205, 206, 207, 208, 209, 210, 211, 212, 213, 214, 215, 216, 217, 218, 219, 220, 221, 222, 223, 224, 225, 226, 227, 228, 229, 230, 231, 232, 233, 234, 235, 236, 237, 238, 239, 240, 241, 242, 243, 244, 245, 246, 247, 248, 249, 250, 251, 252, 253, 254, 255, 256, 257, 258, 259, 260, 261, 262, 263, 264, 265, 266, 267, 268, 269, 270, 271, 272, 273, 274, 275, 276, 277, 278, 279, 280, 281, 282, 283, 284, 285, 286, 287, 288, 289, 290, 291, 292, 293, 294, 295, 296, 297, 298, 299, 300, 301, 302, 303, 304, 305, 306, 307, 308, 309, 310, 311, 312, 313, 314, 315, 316, 317, 318, 319, 320, 321, 322, 323, 324, 325, 326, 327, 328, 329, 330, 331, 332, 333, 334, 335, 336, 337, 574, 575, 576, 577, 578, 579, 580, 581, 582, 583, 584, 585, 586, 587, 588, 589, 590, 591, 592, 593, 594, 595, 596, 597, 598, 599, 600, 601, 602, 603, 604, 605, 606, 607, 608, 609, 610, 611, 612, 613, 614, 615, 616, 617, 618, 619, 620, 621, 622, 623, 624, 625, 626, 627, 628, 629, 630, 631, 632, 633, 634, 635, 636, 637, 638, 639, 640, 641, 642, 643, 644, 645, 646, 647, 648, 649, 650, 651, 652, 653, 654, 655, 656, 657, 658, 659, 660, 661, 662, 663, 664, 665, 666, 667, 668, 669, 670, 671, 672, 673, 674, 675, 676, 677, 678, 679, 680, 681, 682, 683, 684, 685, 686, 687, 688, 689, 690, 691, 692, 693, 694, 695, 696, 697, 698, 699, 700, 701, 702, 703, 704, 705, 706, 707, 708, 709, 710, 711, 712, 713, 714, 715, 716, 717, 718, 719, 720, 721, 722, 723, 724, 725, 726, 727, 728, 729, 730, 731, 732, 733, 734, 735, 736, 737, 738, 739, 740, 741, 742, 743, 744, 745, 746, 747, 748, 749, 750, 751, 752, 753, 754, 755, 756, 757, 758, 759, 760, 761, 762, 763, 764, 765, 766, 767, 768, 769, 770, 771, 772, 773, 774, 775, 776, 777, 778, 779, 780, 781, 782, 783, 784, 785, 786, 787, 788, 789, 790, 791, 792, 793]","[105, 114, 138, 141, 152, 153, 154, 155, 157, 159, 164, 165, 176, 182, 191, 192, 194, 195, 196, 200, 204, 208, 209, 210, 211, 215, 226, 228, 241, 242, 243, 245, 248, 249, 250, 257, 261, 270, 271, 282, 287, 289, 291, 294, 296, 298, 306, 308, 309, 311, 314, 327, 333, 335, 337, 576, 585, 609, 612, 623, 624, 626, 627, 629, 631, 636, 637, 647, 653, 662, 663, 665, 666, 667, 671, 674, 678, 679, 680, 681, 690, 692, 705, 706, 707, 709, 711, 712, 713, 719, 721, 729, 730, 741, 746, 748, 750, 753, 755, 757, 764, 766, 767, 769, 772, 785, 791]","[31, 142, 147, 180, 338, 352, 367, 387, 403, 405, 408, 410, 455, 465, 466, 468, 470, 472, 473, 483, 484, 514, 613, 618, 651, 794, 807, 837, 852, 854, 858, 861, 902, 912, 913, 915, 917, 919, 920, 931, 934, 935]","[31, 142, 147, 180, 338, 352, 367, 387, 403, 405, 408, 410, 455, 465, 466, 468, 470, 472, 473, 483, 484, 514, 613, 618, 651, 794, 807, 837, 852, 854, 858, 861, 902, 912, 913, 915, 917, 919, 920, 931, 934, 935]","[31, 103, 104, 105, 106, 107, 108, 109, 110, 111, 112, 113, 114, 115, 116, 117, 118, 119, 120, 121, 122, 123, 124, 125, 126, 127, 128, 129, 130, 131, 132, 133, 134, 135, 136, 137, 138, 139, 140, 141, 142, 143, 144, 145, 146, 147, 148, 149, 150, 151, 152, 153, 154, 155, 156, 157, 158, 159, 160, 161, 162, 163, 164, 165, 166, 167, 168, 169, 170, 171, 172, 173, 174, 175, 176, 177, 178, 179, 180, 181, 182, 183, 184, 185, 186, 187, 188, 189, 190, 191, 192, 193, 194, 195, 196, 197, 198, 199, 200, 201, 202, 203, 204, 205, 206, 207, 208, 209, 210, 211, 212, 213, 214, 215, 216, 217, 218, 219, 220, 221, 222, 223, 224, 225, 226, 227, 228, 229, 230, 231, 232, 233, 234, 235, 236, 237, 238, 239, 240, 241, 242, 243, 244, 245, 246, 247, 248, 249, 250, 251, 252, 253, 254, 255, 256, 257, 258, 259, 260, 261, 262, 263, 264, 265, 266, 267, 268, 269, 270, 271, 272, 273, 274, 275, 276, 277, 278, 279, 280, 281, 282, 283, 284, 285, 286, 287, 288, 289, 290, 291, 292, 293, 294, 295, 296, 297, 298, 299, 300, 301, 302, 303, 304, 305, 306, 307, 308, 309, 310, 311, 312, 313, 314, 315, 316, 317, 318, 319, 320, 321, 322, 323, 324, 325, 326, 327, 328, 329, 330, 331, 332, 333, 334, 335, 336, 337, 338, 352, 367, 387, 403, 405, 408, 410, 455, 465, 466, 468, 470, 472, 473, 483, 484, 514, 574, 575, 576, 577, 578, 579, 580, 581, 582, 583, 584, 585, 586, 587, 588, 589, 590, 591, 592, 593, 594, 595, 596, 597, 598, 599, 600, 601, 602, 603, 604, 605, 606, 607, 608, 609, 610, 611, 612, 613, 614, 615, 616, 617, 618, 619, 620, 621, 622, 623, 624, 625, 626, 627, 628, 629, 630, 631, 632, 633, 634, 635, 636, 637, 638, 639, 640, 641, 642, 643, 644, 645, 646, 647, 648, 649, 650, 651, 652, 653, 654, 655, 656, 657, 658, 659, 660, 661, 662, 663, 664, 665, 666, 667, 668, 669, 670, 671, 672, 673, 674, 675, 676, 677, 678, 679, 680, 681, 682, 683, 684, 685, 686, 687, 688, 689, 690, 691, 692, 693, 694, 695, 696, 697, 698, 699, 700, 701, 702, 703, 704, 705, 706, 707, 708, 709, 710, 711, 712, 713, 714, 715, 716, 717, 718, 719, 720, 721, 722, 723, 724, 725, 726, 727, 728, 729, 730, 731, 732, 733, 734, 735, 736, 737, 738, 739, 740, 741, 742, 743, 744, 745, 746, 747, 748, 749, 750, 751, 752, 753, 754, 755, 756, 757, 758, 759, 760, 761, 762, 763, 764, 765, 766, 767, 768, 769, 770, 771, 772, 773, 774, 775, 776, 777, 778, 779, 780, 781, 782, 783, 784, 785, 786, 787, 788, 789, 790, 791, 792, 793, 794, 807, 837, 852, 854, 858, 861, 902, 912, 913, 915, 917, 919, 920, 931, 934, 935]",True,"[105, 576]","[103, 104, 105, 106, 107, 108, 109, 110, 111, 112, 113, 114, 115, 116, 117, 118, 119, 120, 121, 122, 123, 124, 125, 126, 127, 128, 129, 130, 131, 132, 133, 134, 135, 136, 137, 138, 139, 140, 141, 142, 143, 144, 145, 146, 147, 148, 149, 150, 151, 152, 153, 154, 155, 156, 157, 158, 159, 160, 161, 162, 163, 164, 165, 166, 167, 168, 169, 170, 171, 172, 173, 174, 175, 176, 177, 178, 179, 180, 181, 182, 183, 184, 185, 186, 187, 188, 189, 190, 191, 192, 193, 194, 195, 196, 197, 198, 199, 200, 201, 202, 203, 204, 205, 206, 207, 208, 209, 210, 211, 212, 213, 214, 215, 216, 217, 218, 219, 220, 221, 222, 223, 224, 225, 226, 227, 228, 229, 230, 231, 232, 233, 234, 235, 236, 237, 238, 239, 240, 241, 242, 243, 244, 245, 246, 247, 248, 249, 250, 251, 252, 253, 254, 255, 256, 257, 258, 259, 260, 261, 262, 263, 264, 265, 266, 267, 268, 269, 270, 271, 272, 273, 274, 275, 276, 277, 278, 279, 280, 281, 282, 283, 284, 285, 286, 287, 288, 289, 290, 291, 292, 293, 294, 295, 296, 297, 298, 299, 300, 301, 302, 303, 304, 305, 306, 307, 308, 309, 310, 311, 312, 313, 314, 315, 316, 317, 318, 319, 320, 321, 322, 323, 324, 325, 326, 327, 328, 329, 330, 331, 332, 333, 334, 335, 336, 337, 574, 575, 576, 577, 578, 579, 580, 581, 582, 583, 584, 585, 586, 587, 588, 589, 590, 591, 592, 593, 594, 595, 596, 597, 598, 599, 600, 601, 602, 603, 604, 605, 606, 607, 608, 609, 610, 611, 612, 613, 614, 615, 616, 617, 618, 619, 620, 621, 622, 623, 624, 625, 626, 627, 628, 629, 630, 631, 632, 633, 634, 635, 636, 637, 638, 639, 640, 641, 642, 643, 644, 645, 646, 647, 648, 649, 650, 651, 652, 653, 654, 655, 656, 657, 658, 659, 660, 661, 662, 663, 664, 665, 666, 667, 668, 669, 670, 671, 672, 673, 674, 675, 676, 677, 678, 679, 680, 681, 682, 683, 684, 685, 686, 687, 688, 689, 690, 691, 692, 693, 694, 695, 696, 697, 698, 699, 700, 701, 702, 703, 704, 705, 706, 707, 708, 709, 710, 711, 712, 713, 714, 715, 716, 717, 718, 719, 720, 721, 722, 723, 724, 725, 726, 727, 728, 729, 730, 731, 732, 733, 734, 735, 736, 737, 738, 739, 740, 741, 742, 743, 744, 745, 746, 747, 748, 749, 750, 751, 752, 753, 754, 755, 756, 757, 758, 759, 760, 761, 762, 763, 764, 765, 766, 767, 768, 769, 770, 771, 772, 773, 774, 775, 776, 777, 778, 779, 780, 781, 782, 783, 784, 785, 786, 787, 788, 789, 790, 791, 792, 793]","[105, 165, 210, 576, 637, 680]","[105, 165, 210, 275, 576, 637, 680, 734]","[105, 114, 138, 141, 152, 153, 154, 155, 157, 159, 164, 165, 176, 182, 191, 192, 194, 195, 196, 200, 204, 208, 209, 210, 211, 215, 226, 228, 241, 242, 243, 245, 248, 249, 250, 257, 261, 270, 271, 282, 287, 289, 291, 294, 296, 298, 306, 308, 309, 311, 314, 327, 333, 335, 337, 576, 585, 609, 612, 623, 624, 626, 627, 629, 631, 636, 637, 647, 653, 662, 663, 665, 666, 667, 671, 674, 678, 679, 680, 681, 690, 692, 705, 706, 707, 709, 711, 712, 713, 719, 721, 729, 730, 741, 746, 748, 750, 753, 755, 757, 764, 766, 767, 769, 772, 785, 791]","[31, 142, 147, 180, 338, 352, 367, 387, 403, 405, 408, 410, 455, 465, 466, 468, 470, 472, 473, 483, 484, 514, 613, 618, 651, 794, 807, 837, 852, 854, 858, 861, 902, 912, 913, 915, 917, 919, 920, 931, 934, 935]","[31, 142, 147, 180, 338, 352, 367, 387, 403, 405, 408, 410, 455, 465, 466, 468, 470, 472, 473, 483, 484, 514, 613, 618, 651, 794, 807, 837, 852, 854, 858, 861, 902, 912, 913, 915, 917, 919, 920, 931, 934, 935]",5/6 successful match,True,,False,351,False,,0.5892156862745097,True,3 B's Truck / Auto Plaza ( 76 ),
E Lodi ( 95240 ) 3 B's Truck / Auto Plaza ( Sinclair ),2 209-369-6391 I-5 Exit 485 ( CA 12 E ),24 M 1905 24,Lodi,95240,3 B's Truck / Auto Plaza ( Sinclair ),209-369-6391,2015,Lodi,CA,Sinclair,( CA 12 E ),I-5 Exit 485 ,Exit,485,False,,False,I-5,,,,,"[576, 105]","[105, 576]","[105, 165, 210, 576, 637, 680]","[105, 165, 210, 275, 576, 637, 680, 734]","[103, 104, 105, 106, 107, 108, 109, 110, 111, 112, 113, 114, 115, 116, 117, 118, 119, 120, 121, 122, 123, 124, 125, 126, 127, 128, 129, 130, 131, 132, 133, 134, 135, 136, 137, 138, 139, 140, 141, 142, 143, 144, 145, 146, 147, 148, 149, 150, 151, 152, 153, 154, 155, 156, 157, 158, 159, 160, 161, 162, 163, 164, 165, 166, 167, 168, 169, 170, 171, 172, 173, 174, 175, 176, 177, 178, 179, 180, 181, 182, 183, 184, 185, 186, 187, 188, 189, 190, 191, 192, 193, 194, 195, 196, 197, 198, 199, 200, 201, 202, 203, 204, 205, 206, 207, 208, 209, 210, 211, 212, 213, 214, 215, 216, 217, 218, 219, 220, 221, 222, 223, 224, 225, 226, 227, 228, 229, 230, 231, 232, 233, 234, 235, 236, 237, 238, 239, 240, 241, 242, 243, 244, 245, 246, 247, 248, 249, 250, 251, 252, 253, 254, 255, 256, 257, 258, 259, 260, 261, 262, 263, 264, 265, 266, 267, 268, 269, 270, 271, 272, 273, 274, 275, 276, 277, 278, 279, 280, 281, 282, 283, 284, 285, 286, 287, 288, 289, 290, 291, 292, 293, 294, 295, 296, 297, 298, 299, 300, 301, 302, 303, 304, 305, 306, 307, 308, 309, 310, 311, 312, 313, 314, 315, 316, 317, 318, 319, 320, 321, 322, 323, 324, 325, 326, 327, 328, 329, 330, 331, 332, 333, 334, 335, 336, 337, 574, 575, 576, 577, 578, 579, 580, 581, 582, 583, 584, 585, 586, 587, 588, 589, 590, 591, 592, 593, 594, 595, 596, 597, 598, 599, 600, 601, 602, 603, 604, 605, 606, 607, 608, 609, 610, 611, 612, 613, 614, 615, 616, 617, 618, 619, 620, 621, 622, 623, 624, 625, 626, 627, 628, 629, 630, 631, 632, 633, 634, 635, 636, 637, 638, 639, 640, 641, 642, 643, 644, 645, 646, 647, 648, 649, 650, 651, 652, 653, 654, 655, 656, 657, 658, 659, 660, 661, 662, 663, 664, 665, 666, 667, 668, 669, 670, 671, 672, 673, 674, 675, 676, 677, 678, 679, 680, 681, 682, 683, 684, 685, 686, 687, 688, 689, 690, 691, 692, 693, 694, 695, 696, 697, 698, 699, 700, 701, 702, 703, 704, 705, 706, 707, 708, 709, 710, 711, 712, 713, 714, 715, 716, 717, 718, 719, 720, 721, 722, 723, 724, 725, 726, 727, 728, 729, 730, 731, 732, 733, 734, 735, 736, 737, 738, 739, 740, 741, 742, 743, 744, 745, 746, 747, 748, 749, 750, 751, 752, 753, 754, 755, 756, 757, 758, 759, 760, 761, 762, 763, 764, 765, 766, 767, 768, 769, 770, 771, 772, 773, 774, 775, 776, 777, 778, 779, 780, 781, 782, 783, 784, 785, 786, 787, 788, 789, 790, 791, 792, 793]","[105, 114, 138, 141, 152, 153, 154, 155, 157, 159, 164, 165, 176, 182, 191, 192, 194, 195, 196, 200, 204, 208, 209, 210, 211, 215, 226, 228, 241, 242, 243, 245, 248, 249, 250, 257, 261, 270, 271, 282, 287, 289, 291, 294, 296, 298, 306, 308, 309, 311, 314, 327, 333, 335, 337, 576, 585, 609, 612, 623, 624, 626, 627, 629, 631, 636, 637, 647, 653, 662, 663, 665, 666, 667, 671, 674, 678, 679, 680, 681, 690, 692, 705, 706, 707, 709, 711, 712, 713, 719, 721, 729, 730, 741, 746, 748, 750, 753, 755, 757, 764, 766, 767, 769, 772, 785, 791]","[31, 142, 147, 180, 338, 352, 367, 387, 403, 405, 408, 410, 455, 465, 466, 468, 470, 472, 473, 483, 484, 514, 613, 618, 651, 794, 807, 837, 852, 854, 858, 861, 902, 912, 913, 915, 917, 919, 920, 931, 934, 935]","[31, 142, 147, 180, 338, 352, 367, 387, 403, 405, 408, 410, 455, 465, 466, 468, 470, 472, 473, 483, 484, 514, 613, 618, 651, 794, 807, 837, 852, 854, 858, 861, 902, 912, 913, 915, 917, 919, 920, 931, 934, 935]","[31, 103, 104, 105, 106, 107, 108, 109, 110, 111, 112, 113, 114, 115, 116, 117, 118, 119, 120, 121, 122, 123, 124, 125, 126, 127, 128, 129, 130, 131, 132, 133, 134, 135, 136, 137, 138, 139, 140, 141, 142, 143, 144, 145, 146, 147, 148, 149, 150, 151, 152, 153, 154, 155, 156, 157, 158, 159, 160, 161, 162, 163, 164, 165, 166, 167, 168, 169, 170, 171, 172, 173, 174, 175, 176, 177, 178, 179, 180, 181, 182, 183, 184, 185, 186, 187, 188, 189, 190, 191, 192, 193, 194, 195, 196, 197, 198, 199, 200, 201, 202, 203, 204, 205, 206, 207, 208, 209, 210, 211, 212, 213, 214, 215, 216, 217, 218, 219, 220, 221, 222, 223, 224, 225, 226, 227, 228, 229, 230, 231, 232, 233, 234, 235, 236, 237, 238, 239, 240, 241, 242, 243, 244, 245, 246, 247, 248, 249, 250, 251, 252, 253, 254, 255, 256, 257, 258, 259, 260, 261, 262, 263, 264, 265, 266, 267, 268, 269, 270, 271, 272, 273, 274, 275, 276, 277, 278, 279, 280, 281, 282, 283, 284, 285, 286, 287, 288, 289, 290, 291, 292, 293, 294, 295, 296, 297, 298, 299, 300, 301, 302, 303, 304, 305, 306, 307, 308, 309, 310, 311, 312, 313, 314, 315, 316, 317, 318, 319, 320, 321, 322, 323, 324, 325, 326, 327, 328, 329, 330, 331, 332, 333, 334, 335, 336, 337, 338, 352, 367, 387, 403, 405, 408, 410, 455, 465, 466, 468, 470, 472, 473, 483, 484, 514, 574, 575, 576, 577, 578, 579, 580, 581, 582, 583, 584, 585, 586, 587, 588, 589, 590, 591, 592, 593, 594, 595, 596, 597, 598, 599, 600, 601, 602, 603, 604, 605, 606, 607, 608, 609, 610, 611, 612, 613, 614, 615, 616, 617, 618, 619, 620, 621, 622, 623, 624, 625, 626, 627, 628, 629, 630, 631, 632, 633, 634, 635, 636, 637, 638, 639, 640, 641, 642, 643, 644, 645, 646, 647, 648, 649, 650, 651, 652, 653, 654, 655, 656, 657, 658, 659, 660, 661, 662, 663, 664, 665, 666, 667, 668, 669, 670, 671, 672, 673, 674, 675, 676, 677, 678, 679, 680, 681, 682, 683, 684, 685, 686, 687, 688, 689, 690, 691, 692, 693, 694, 695, 696, 697, 698, 699, 700, 701, 702, 703, 704, 705, 706, 707, 708, 709, 710, 711, 712, 713, 714, 715, 716, 717, 718, 719, 720, 721, 722, 723, 724, 725, 726, 727, 728, 729, 730, 731, 732, 733, 734, 735, 736, 737, 738, 739, 740, 741, 742, 743, 744, 745, 746, 747, 748, 749, 750, 751, 752, 753, 754, 755, 756, 757, 758, 759, 760, 761, 762, 763, 764, 765, 766, 767, 768, 769, 770, 771, 772, 773, 774, 775, 776, 777, 778, 779, 780, 781, 782, 783, 784, 785, 786, 787, 788, 789, 790, 791, 792, 793, 794, 807, 837, 852, 854, 858, 861, 902, 912, 913, 915, 917, 919, 920, 931, 934, 935]",True,"[105, 576]","[103, 104, 105, 106, 107, 108, 109, 110, 111, 112, 113, 114, 115, 116, 117, 118, 119, 120, 121, 122, 123, 124, 125, 126, 127, 128, 129, 130, 131, 132, 133, 134, 135, 136, 137, 138, 139, 140, 141, 142, 143, 144, 145, 146, 147, 148, 149, 150, 151, 152, 153, 154, 155, 156, 157, 158, 159, 160, 161, 162, 163, 164, 165, 166, 167, 168, 169, 170, 171, 172, 173, 174, 175, 176, 177, 178, 179, 180, 181, 182, 183, 184, 185, 186, 187, 188, 189, 190, 191, 192, 193, 194, 195, 196, 197, 198, 199, 200, 201, 202, 203, 204, 205, 206, 207, 208, 209, 210, 211, 212, 213, 214, 215, 216, 217, 218, 219, 220, 221, 222, 223, 224, 225, 226, 227, 228, 229, 230, 231, 232, 233, 234, 235, 236, 237, 238, 239, 240, 241, 242, 243, 244, 245, 246, 247, 248, 249, 250, 251, 252, 253, 254, 255, 256, 257, 258, 259, 260, 261, 262, 263, 264, 265, 266, 267, 268, 269, 270, 271, 272, 273, 274, 275, 276, 277, 278, 279, 280, 281, 282, 283, 284, 285, 286, 287, 288, 289, 290, 291, 292, 293, 294, 295, 296, 297, 298, 299, 300, 301, 302, 303, 304, 305, 306, 307, 308, 309, 310, 311, 312, 313, 314, 315, 316, 317, 318, 319, 320, 321, 322, 323, 324, 325, 326, 327, 328, 329, 330, 331, 332, 333, 334, 335, 336, 337, 574, 575, 576, 577, 578, 579, 580, 581, 582, 583, 584, 585, 586, 587, 588, 589, 590, 591, 592, 593, 594, 595, 596, 597, 598, 599, 600, 601, 602, 603, 604, 605, 606, 607, 608, 609, 610, 611, 612, 613, 614, 615, 616, 617, 618, 619, 620, 621, 622, 623, 624, 625, 626, 627, 628, 629, 630, 631, 632, 633, 634, 635, 636, 637, 638, 639, 640, 641, 642, 643, 644, 645, 646, 647, 648, 649, 650, 651, 652, 653, 654, 655, 656, 657, 658, 659, 660, 661, 662, 663, 664, 665, 666, 667, 668, 669, 670, 671, 672, 673, 674, 675, 676, 677, 678, 679, 680, 681, 682, 683, 684, 685, 686, 687, 688, 689, 690, 691, 692, 693, 694, 695, 696, 697, 698, 699, 700, 701, 702, 703, 704, 705, 706, 707, 708, 709, 710, 711, 712, 713, 714, 715, 716, 717, 718, 719, 720, 721, 722, 723, 724, 725, 726, 727, 728, 729, 730, 731, 732, 733, 734, 735, 736, 737, 738, 739, 740, 741, 742, 743, 744, 745, 746, 747, 748, 749, 750, 751, 752, 753, 754, 755, 756, 757, 758, 759, 760, 761, 762, 763, 764, 765, 766, 767, 768, 769, 770, 771, 772, 773, 774, 775, 776, 777, 778, 779, 780, 781, 782, 783, 784, 785, 786, 787, 788, 789, 790, 791, 792, 793]","[105, 165, 210, 576, 637, 680]","[105, 165, 210, 275, 576, 637, 680, 734]","[105, 114, 138, 141, 152, 153, 154, 155, 157, 159, 164, 165, 176, 182, 191, 192, 194, 195, 196, 200, 204, 208, 209, 210, 211, 215, 226, 228, 241, 242, 243, 245, 248, 249, 250, 257, 261, 270, 271, 282, 287, 289, 291, 294, 296, 298, 306, 308, 309, 311, 314, 327, 333, 335, 337, 576, 585, 609, 612, 623, 624, 626, 627, 629, 631, 636, 637, 647, 653, 662, 663, 665, 666, 667, 671, 674, 678, 679, 680, 681, 690, 692, 705, 706, 707, 709, 711, 712, 713, 719, 721, 729, 730, 741, 746, 748, 750, 753, 755, 757, 764, 766, 767, 769, 772, 785, 791]","[31, 142, 147, 180, 338, 352, 367, 387, 403, 405, 408, 410, 455, 465, 466, 468, 470, 472, 473, 483, 484, 514, 613, 618, 651, 794, 807, 837, 852, 854, 858, 861, 902, 912, 913, 915, 917, 919, 920, 931, 934, 935]","[31, 142, 147, 180, 338, 352, 367, 387, 403, 405, 408, 410, 455, 465, 466, 468, 470, 472, 473, 483, 484, 514, 613, 618, 651, 794, 807, 837, 852, 854, 858, 861, 902, 912, 913, 915, 917, 919, 920, 931, 934, 935]",5/6 successful match,True,,False,351,False,,1.0,True,3 B's Truck / Auto Plaza ( Sinclair ),Sinclair
E Lodi ( 95240 ) 3 B's Truck / Auto Plaza ( Sinclair ),2 209-369-6391 I-5 Exit 485 ( CA 12 E ),24 MOO 24 <U+25A1> 24 <U+2610> <U+2610>,Lodi,95240,3 B's Truck / Auto Plaza ( Sinclair ),209-369-6391,2016,Lodi,CA,Sinclair,( CA 12 E ),I-5 Exit 485 ,Exit,485,False,,False,I-5,,,,,"[576, 105]","[105, 576]","[105, 165, 210, 576, 637, 680]","[105, 165, 210, 275, 576, 637, 680, 734]","[103, 104, 105, 106, 107, 108, 109, 110, 111, 112, 113, 114, 115, 116, 117, 118, 119, 120, 121, 122, 123, 124, 125, 126, 127, 128, 129, 130, 131, 132, 133, 134, 135, 136, 137, 138, 139, 140, 141, 142, 143, 144, 145, 146, 147, 148, 149, 150, 151, 152, 153, 154, 155, 156, 157, 158, 159, 160, 161, 162, 163, 164, 165, 166, 167, 168, 169, 170, 171, 172, 173, 174, 175, 176, 177, 178, 179, 180, 181, 182, 183, 184, 185, 186, 187, 188, 189, 190, 191, 192, 193, 194, 195, 196, 197, 198, 199, 200, 201, 202, 203, 204, 205, 206, 207, 208, 209, 210, 211, 212, 213, 214, 215, 216, 217, 218, 219, 220, 221, 222, 223, 224, 225, 226, 227, 228, 229, 230, 231, 232, 233, 234, 235, 236, 237, 238, 239, 240, 241, 242, 243, 244, 245, 246, 247, 248, 249, 250, 251, 252, 253, 254, 255, 256, 257, 258, 259, 260, 261, 262, 263, 264, 265, 266, 267, 268, 269, 270, 271, 272, 273, 274, 275, 276, 277, 278, 279, 280, 281, 282, 283, 284, 285, 286, 287, 288, 289, 290, 291, 292, 293, 294, 295, 296, 297, 298, 299, 300, 301, 302, 303, 304, 305, 306, 307, 308, 309, 310, 311, 312, 313, 314, 315, 316, 317, 318, 319, 320, 321, 322, 323, 324, 325, 326, 327, 328, 329, 330, 331, 332, 333, 334, 335, 336, 337, 574, 575, 576, 577, 578, 579, 580, 581, 582, 583, 584, 585, 586, 587, 588, 589, 590, 591, 592, 593, 594, 595, 596, 597, 598, 599, 600, 601, 602, 603, 604, 605, 606, 607, 608, 609, 610, 611, 612, 613, 614, 615, 616, 617, 618, 619, 620, 621, 622, 623, 624, 625, 626, 627, 628, 629, 630, 631, 632, 633, 634, 635, 636, 637, 638, 639, 640, 641, 642, 643, 644, 645, 646, 647, 648, 649, 650, 651, 652, 653, 654, 655, 656, 657, 658, 659, 660, 661, 662, 663, 664, 665, 666, 667, 668, 669, 670, 671, 672, 673, 674, 675, 676, 677, 678, 679, 680, 681, 682, 683, 684, 685, 686, 687, 688, 689, 690, 691, 692, 693, 694, 695, 696, 697, 698, 699, 700, 701, 702, 703, 704, 705, 706, 707, 708, 709, 710, 711, 712, 713, 714, 715, 716, 717, 718, 719, 720, 721, 722, 723, 724, 725, 726, 727, 728, 729, 730, 731, 732, 733, 734, 735, 736, 737, 738, 739, 740, 741, 742, 743, 744, 745, 746, 747, 748, 749, 750, 751, 752, 753, 754, 755, 756, 757, 758, 759, 760, 761, 762, 763, 764, 765, 766, 767, 768, 769, 770, 771, 772, 773, 774, 775, 776, 777, 778, 779, 780, 781, 782, 783, 784, 785, 786, 787, 788, 789, 790, 791, 792, 793]","[105, 114, 138, 141, 152, 153, 154, 155, 157, 159, 164, 165, 176, 182, 191, 192, 194, 195, 196, 200, 204, 208, 209, 210, 211, 215, 226, 228, 241, 242, 243, 245, 248, 249, 250, 257, 261, 270, 271, 282, 287, 289, 291, 294, 296, 298, 306, 308, 309, 311, 314, 327, 333, 335, 337, 576, 585, 609, 612, 623, 624, 626, 627, 629, 631, 636, 637, 647, 653, 662, 663, 665, 666, 667, 671, 674, 678, 679, 680, 681, 690, 692, 705, 706, 707, 709, 711, 712, 713, 719, 721, 729, 730, 741, 746, 748, 750, 753, 755, 757, 764, 766, 767, 769, 772, 785, 791]","[31, 142, 147, 180, 338, 352, 367, 387, 403, 405, 408, 410, 455, 465, 466, 468, 470, 472, 473, 483, 484, 514, 613, 618, 651, 794, 807, 837, 852, 854, 858, 861, 902, 912, 913, 915, 917, 919, 920, 931, 934, 935]","[31, 142, 147, 180, 338, 352, 367, 387, 403, 405, 408, 410, 455, 465, 466, 468, 470, 472, 473, 483, 484, 514, 613, 618, 651, 794, 807, 837, 852, 854, 858, 861, 902, 912, 913, 915, 917, 919, 920, 931, 934, 935]","[31, 103, 104, 105, 106, 107, 108, 109, 110, 111, 112, 113, 114, 115, 116, 117, 118, 119, 120, 121, 122, 123, 124, 125, 126, 127, 128, 129, 130, 131, 132, 133, 134, 135, 136, 137, 138, 139, 140, 141, 142, 143, 144, 145, 146, 147, 148, 149, 150, 151, 152, 153, 154, 155, 156, 157, 158, 159, 160, 161, 162, 163, 164, 165, 166, 167, 168, 169, 170, 171, 172, 173, 174, 175, 176, 177, 178, 179, 180, 181, 182, 183, 184, 185, 186, 187, 188, 189, 190, 191, 192, 193, 194, 195, 196, 197, 198, 199, 200, 201, 202, 203, 204, 205, 206, 207, 208, 209, 210, 211, 212, 213, 214, 215, 216, 217, 218, 219, 220, 221, 222, 223, 224, 225, 226, 227, 228, 229, 230, 231, 232, 233, 234, 235, 236, 237, 238, 239, 240, 241, 242, 243, 244, 245, 246, 247, 248, 249, 250, 251, 252, 253, 254, 255, 256, 257, 258, 259, 260, 261, 262, 263, 264, 265, 266, 267, 268, 269, 270, 271, 272, 273, 274, 275, 276, 277, 278, 279, 280, 281, 282, 283, 284, 285, 286, 287, 288, 289, 290, 291, 292, 293, 294, 295, 296, 297, 298, 299, 300, 301, 302, 303, 304, 305, 306, 307, 308, 309, 310, 311, 312, 313, 314, 315, 316, 317, 318, 319, 320, 321, 322, 323, 324, 325, 326, 327, 328, 329, 330, 331, 332, 333, 334, 335, 336, 337, 338, 352, 367, 387, 403, 405, 408, 410, 455, 465, 466, 468, 470, 472, 473, 483, 484, 514, 574, 575, 576, 577, 578, 579, 580, 581, 582, 583, 584, 585, 586, 587, 588, 589, 590, 591, 592, 593, 594, 595, 596, 597, 598, 599, 600, 601, 602, 603, 604, 605, 606, 607, 608, 609, 610, 611, 612, 613, 614, 615, 616, 617, 618, 619, 620, 621, 622, 623, 624, 625, 626, 627, 628, 629, 630, 631, 632, 633, 634, 635, 636, 637, 638, 639, 640, 641, 642, 643, 644, 645, 646, 647, 648, 649, 650, 651, 652, 653, 654, 655, 656, 657, 658, 659, 660, 661, 662, 663, 664, 665, 666, 667, 668, 669, 670, 671, 672, 673, 674, 675, 676, 677, 678, 679, 680, 681, 682, 683, 684, 685, 686, 687, 688, 689, 690, 691, 692, 693, 694, 695, 696, 697, 698, 699, 700, 701, 702, 703, 704, 705, 706, 707, 708, 709, 710, 711, 712, 713, 714, 715, 716, 717, 718, 719, 720, 721, 722, 723, 724, 725, 726, 727, 728, 729, 730, 731, 732, 733, 734, 735, 736, 737, 738, 739, 740, 741, 742, 743, 744, 745, 746, 747, 748, 749, 750, 751, 752, 753, 754, 755, 756, 757, 758, 759, 760, 761, 762, 763, 764, 765, 766, 767, 768, 769, 770, 771, 772, 773, 774, 775, 776, 777, 778, 779, 780, 781, 782, 783, 784, 785, 786, 787, 788, 789, 790, 791, 792, 793, 794, 807, 837, 852, 854, 858, 861, 902, 912, 913, 915, 917, 919, 920, 931, 934, 935]",True,"[105, 576]","[103, 104, 105, 106, 107, 108, 109, 110, 111, 112, 113, 114, 115, 116, 117, 118, 119, 120, 121, 122, 123, 124, 125, 126, 127, 128, 129, 130, 131, 132, 133, 134, 135, 136, 137, 138, 139, 140, 141, 142, 143, 144, 145, 146, 147, 148, 149, 150, 151, 152, 153, 154, 155, 156, 157, 158, 159, 160, 161, 162, 163, 164, 165, 166, 167, 168, 169, 170, 171, 172, 173, 174, 175, 176, 177, 178, 179, 180, 181, 182, 183, 184, 185, 186, 187, 188, 189, 190, 191, 192, 193, 194, 195, 196, 197, 198, 199, 200, 201, 202, 203, 204, 205, 206, 207, 208, 209, 210, 211, 212, 213, 214, 215, 216, 217, 218, 219, 220, 221, 222, 223, 224, 225, 226, 227, 228, 229, 230, 231, 232, 233, 234, 235, 236, 237, 238, 239, 240, 241, 242, 243, 244, 245, 246, 247, 248, 249, 250, 251, 252, 253, 254, 255, 256, 257, 258, 259, 260, 261, 262, 263, 264, 265, 266, 267, 268, 269, 270, 271, 272, 273, 274, 275, 276, 277, 278, 279, 280, 281, 282, 283, 284, 285, 286, 287, 288, 289, 290, 291, 292, 293, 294, 295, 296, 297, 298, 299, 300, 301, 302, 303, 304, 305, 306, 307, 308, 309, 310, 311, 312, 313, 314, 315, 316, 317, 318, 319, 320, 321, 322, 323, 324, 325, 326, 327, 328, 329, 330, 331, 332, 333, 334, 335, 336, 337, 574, 575, 576, 577, 578, 579, 580, 581, 582, 583, 584, 585, 586, 587, 588, 589, 590, 591, 592, 593, 594, 595, 596, 597, 598, 599, 600, 601, 602, 603, 604, 605, 606, 607, 608, 609, 610, 611, 612, 613, 614, 615, 616, 617, 618, 619, 620, 621, 622, 623, 624, 625, 626, 627, 628, 629, 630, 631, 632, 633, 634, 635, 636, 637, 638, 639, 640, 641, 642, 643, 644, 645, 646, 647, 648, 649, 650, 651, 652, 653, 654, 655, 656, 657, 658, 659, 660, 661, 662, 663, 664, 665, 666, 667, 668, 669, 670, 671, 672, 673, 674, 675, 676, 677, 678, 679, 680, 681, 682, 683, 684, 685, 686, 687, 688, 689, 690, 691, 692, 693, 694, 695, 696, 697, 698, 699, 700, 701, 702, 703, 704, 705, 706, 707, 708, 709, 710, 711, 712, 713, 714, 715, 716, 717, 718, 719, 720, 721, 722, 723, 724, 725, 726, 727, 728, 729, 730, 731, 732, 733, 734, 735, 736, 737, 738, 739, 740, 741, 742, 743, 744, 745, 746, 747, 748, 749, 750, 751, 752, 753, 754, 755, 756, 757, 758, 759, 760, 761, 762, 763, 764, 765, 766, 767, 768, 769, 770, 771, 772, 773, 774, 775, 776, 777, 778, 779, 780, 781, 782, 783, 784, 785, 786, 787, 788, 789, 790, 791, 792, 793]","[105, 165, 210, 576, 637, 680]","[105, 165, 210, 275, 576, 637, 680, 734]","[105, 114, 138, 141, 152, 153, 154, 155, 157, 159, 164, 165, 176, 182, 191, 192, 194, 195, 196, 200, 204, 208, 209, 210, 211, 215, 226, 228, 241, 242, 243, 245, 248, 249, 250, 257, 261, 270, 271, 282, 287, 289, 291, 294, 296, 298, 306, 308, 309, 311, 314, 327, 333, 335, 337, 576, 585, 609, 612, 623, 624, 626, 627, 629, 631, 636, 637, 647, 653, 662, 663, 665, 666, 667, 671, 674, 678, 679, 680, 681, 690, 692, 705, 706, 707, 709, 711, 712, 713, 719, 721, 729, 730, 741, 746, 748, 750, 753, 755, 757, 764, 766, 767, 769, 772, 785, 791]","[31, 142, 147, 180, 338, 352, 367, 387, 403, 405, 408, 410, 455, 465, 466, 468, 470, 472, 473, 483, 484, 514, 613, 618, 651, 794, 807, 837, 852, 854, 858, 861, 902, 912, 913, 915, 917, 919, 920, 931, 934, 935]","[31, 142, 147, 180, 338, 352, 367, 387, 403, 405, 408, 410, 455, 465, 466, 468, 470, 472, 473, 483, 484, 514, 613, 618, 651, 794, 807, 837, 852, 854, 858, 861, 902, 912, 913, 915, 917, 919, 920, 931, 934, 935]",5/6 successful match,True,,False,351,False,,1.0,True,3 B's Truck / Auto Plaza ( Sinclair ),Sinclair
"Tracy , 95304 Tracy Truck & Auto Stop ( Texaco )",2 209-832-5006 I-205 Exit 8 ( 3940 N Tracy Blvd ),24 <U+2610> <U+2610>,Tracy,95304,Tracy Truck & Auto Stop ( Texaco ),209-832-5006,2006,Tracy,CA,Texaco,( 3940 N Tracy Blvd ),I-205 Exit 8 ,Exit,8,False,,False,I-205,,,,,"[305, 763]","[305, 763]","[144, 305, 615, 763]","[250, 305, 713, 763]","[103, 104, 105, 106, 107, 108, 109, 110, 111, 112, 113, 114, 115, 116, 117, 118, 119, 120, 121, 122, 123, 124, 125, 126, 127, 128, 129, 130, 131, 132, 133, 134, 135, 136, 137, 138, 139, 140, 141, 142, 143, 144, 145, 146, 147, 148, 149, 150, 151, 152, 153, 154, 155, 156, 157, 158, 159, 160, 161, 162, 163, 164, 165, 166, 167, 168, 169, 170, 171, 172, 173, 174, 175, 176, 177, 178, 179, 180, 181, 182, 183, 184, 185, 186, 187, 188, 189, 190, 191, 192, 193, 194, 195, 196, 197, 198, 199, 200, 201, 202, 203, 204, 205, 206, 207, 208, 209, 210, 211, 212, 213, 214, 215, 216, 217, 218, 219, 220, 221, 222, 223, 224, 225, 226, 227, 228, 229, 230, 231, 232, 233, 234, 235, 236, 237, 238, 239, 240, 241, 242, 243, 244, 245, 246, 247, 248, 249, 250, 251, 252, 253, 254, 255, 256, 257, 258, 259, 260, 261, 262, 263, 264, 265, 266, 267, 268, 269, 270, 271, 272, 273, 274, 275, 276, 277, 278, 279, 280, 281, 282, 283, 284, 285, 286, 287, 288, 289, 290, 291, 292, 293, 294, 295, 296, 297, 298, 299, 300, 301, 302, 303, 304, 305, 306, 307, 308, 309, 310, 311, 312, 313, 314, 315, 316, 317, 318, 319, 320, 321, 322, 323, 324, 325, 326, 327, 328, 329, 330, 331, 332, 333, 334, 335, 336, 337, 574, 575, 576, 577, 578, 579, 580, 581, 582, 583, 584, 585, 586, 587, 588, 589, 590, 591, 592, 593, 594, 595, 596, 597, 598, 599, 600, 601, 602, 603, 604, 605, 606, 607, 608, 609, 610, 611, 612, 613, 614, 615, 616, 617, 618, 619, 620, 621, 622, 623, 624, 625, 626, 627, 628, 629, 630, 631, 632, 633, 634, 635, 636, 637, 638, 639, 640, 641, 642, 643, 644, 645, 646, 647, 648, 649, 650, 651, 652, 653, 654, 655, 656, 657, 658, 659, 660, 661, 662, 663, 664, 665, 666, 667, 668, 669, 670, 671, 672, 673, 674, 675, 676, 677, 678, 679, 680, 681, 682, 683, 684, 685, 686, 687, 688, 689, 690, 691, 692, 693, 694, 695, 696, 697, 698, 699, 700, 701, 702, 703, 704, 705, 706, 707, 708, 709, 710, 711, 712, 713, 714, 715, 716, 717, 718, 719, 720, 721, 722, 723, 724, 725, 726, 727, 728, 729, 730, 731, 732, 733, 734, 735, 736, 737, 738, 739, 740, 741, 742, 743, 744, 745, 746, 747, 748, 749, 750, 751, 752, 753, 754, 755, 756, 757, 758, 759, 760, 761, 762, 763, 764, 765, 766, 767, 768, 769, 770, 771, 772, 773, 774, 775, 776, 777, 778, 779, 780, 781, 782, 783, 784, 785, 786, 787, 788, 789, 790, 791, 792, 793]","[305, 763]","[26, 390, 474, 486, 509, 840, 922, 926]","[26, 305, 390, 474, 486, 509, 763, 840, 922, 926]","[26, 103, 104, 105, 106, 107, 108, 109, 110, 111, 112, 113, 114, 115, 116, 117, 118, 119, 120, 121, 122, 123, 124, 125, 126, 127, 128, 129, 130, 131, 132, 133, 134, 135, 136, 137, 138, 139, 140, 141, 142, 143, 144, 145, 146, 147, 148, 149, 150, 151, 152, 153, 154, 155, 156, 157, 158, 159, 160, 161, 162, 163, 164, 165, 166, 167, 168, 169, 170, 171, 172, 173, 174, 175, 176, 177, 178, 179, 180, 181, 182, 183, 184, 185, 186, 187, 188, 189, 190, 191, 192, 193, 194, 195, 196, 197, 198, 199, 200, 201, 202, 203, 204, 205, 206, 207, 208, 209, 210, 211, 212, 213, 214, 215, 216, 217, 218, 219, 220, 221, 222, 223, 224, 225, 226, 227, 228, 229, 230, 231, 232, 233, 234, 235, 236, 237, 238, 239, 240, 241, 242, 243, 244, 245, 246, 247, 248, 249, 250, 251, 252, 253, 254, 255, 256, 257, 258, 259, 260, 261, 262, 263, 264, 265, 266, 267, 268, 269, 270, 271, 272, 273, 274, 275, 276, 277, 278, 279, 280, 281, 282, 283, 284, 285, 286, 287, 288, 289, 290, 291, 292, 293, 294, 295, 296, 297, 298, 299, 300, 301, 302, 303, 304, 305, 306, 307, 308, 309, 310, 311, 312, 313, 314, 315, 316, 317, 318, 319, 320, 321, 322, 323, 324, 325, 326, 327, 328, 329, 330, 331, 332, 333, 334, 335, 336, 337, 390, 474, 486, 509, 574, 575, 576, 577, 578, 579, 580, 581, 582, 583, 584, 585, 586, 587, 588, 589, 590, 591, 592, 593, 594, 595, 596, 597, 598, 599, 600, 601, 602, 603, 604, 605, 606, 607, 608, 609, 610, 611, 612, 613, 614, 615, 616, 617, 618, 619, 620, 621, 622, 623, 624, 625, 626, 627, 628, 629, 630, 631, 632, 633, 634, 635, 636, 637, 638, 639, 640, 641, 642, 643, 644, 645, 646, 647, 648, 649, 650, 651, 652, 653, 654, 655, 656, 657, 658, 659, 660, 661, 662, 663, 664, 665, 666, 667, 668, 669, 670, 671, 672, 673, 674, 675, 676, 677, 678, 679, 680, 681, 682, 683, 684, 685, 686, 687, 688, 689, 690, 691, 692, 693, 694, 695, 696, 697, 698, 699, 700, 701, 702, 703, 704, 705, 706, 707, 708, 709, 710, 711, 712, 713, 714, 715, 716, 717, 718, 719, 720, 721, 722, 723, 724, 725, 726, 727, 728, 729, 730, 731, 732, 733, 734, 735, 736, 737, 738, 739, 740, 741, 742, 743, 744, 745, 746, 747, 748, 749, 750, 751, 752, 753, 754, 755, 756, 757, 758, 759, 760, 761, 762, 763, 764, 765, 766, 767, 768, 769, 770, 771, 772, 773, 774, 775, 776, 777, 778, 779, 780, 781, 782, 783, 784, 785, 786, 787, 788, 789, 790, 791, 792, 793, 840, 922, 926]",True,"[305, 763]","[103, 104, 105, 106, 107, 108, 109, 110, 111, 112, 113, 114, 115, 116, 117, 118, 119, 120, 121, 122, 123, 124, 125, 126, 127, 128, 129, 130, 131, 132, 133, 134, 135, 136, 137, 138, 139, 140, 141, 142, 143, 144, 145, 146, 147, 148, 149, 150, 151, 152, 153, 154, 155, 156, 157, 158, 159, 160, 161, 162, 163, 164, 165, 166, 167, 168, 169, 170, 171, 172, 173, 174, 175, 176, 177, 178, 179, 180, 181, 182, 183, 184, 185, 186, 187, 188, 189, 190, 191, 192, 193, 194, 195, 196, 197, 198, 199, 200, 201, 202, 203, 204, 205, 206, 207, 208, 209, 210, 211, 212, 213, 214, 215, 216, 217, 218, 219, 220, 221, 222, 223, 224, 225, 226, 227, 228, 229, 230, 231, 232, 233, 234, 235, 236, 237, 238, 239, 240, 241, 242, 243, 244, 245, 246, 247, 248, 249, 250, 251, 252, 253, 254, 255, 256, 257, 258, 259, 260, 261, 262, 263, 264, 265, 266, 267, 268, 269, 270, 271, 272, 273, 274, 275, 276, 277, 278, 279, 280, 281, 282, 283, 284, 285, 286, 287, 288, 289, 290, 291, 292, 293, 294, 295, 296, 297, 298, 299, 300, 301, 302, 303, 304, 305, 306, 307, 308, 309, 310, 311, 312, 313, 314, 315, 316, 317, 318, 319, 320, 321, 322, 323, 324, 325, 326, 327, 328, 329, 330, 331, 332, 333, 334, 335, 336, 337, 574, 575, 576, 577, 578, 579, 580, 581, 582, 583, 584, 585, 586, 587, 588, 589, 590, 591, 592, 593, 594, 595, 596, 597, 598, 599, 600, 601, 602, 603, 604, 605, 606, 607, 608, 609, 610, 611, 612, 613, 614, 615, 616, 617, 618, 619, 620, 621, 622, 623, 624, 625, 626, 627, 628, 629, 630, 631, 632, 633, 634, 635, 636, 637, 638, 639, 640, 641, 642, 643, 644, 645, 646, 647, 648, 649, 650, 651, 652, 653, 654, 655, 656, 657, 658, 659, 660, 661, 662, 663, 664, 665, 666, 667, 668, 669, 670, 671, 672, 673, 674, 675, 676, 677, 678, 679, 680, 681, 682, 683, 684, 685, 686, 687, 688, 689, 690, 691, 692, 693, 694, 695, 696, 697, 698, 699, 700, 701, 702, 703, 704, 705, 706, 707, 708, 709, 710, 711, 712, 713, 714, 715, 716, 717, 718, 719, 720, 721, 722, 723, 724, 725, 726, 727, 728, 729, 730, 731, 732, 733, 734, 735, 736, 737, 738, 739, 740, 741, 742, 743, 744, 745, 746, 747, 748, 749, 750, 751, 752, 753, 754, 755, 756, 757, 758, 759, 760, 761, 762, 763, 764, 765, 766, 767, 768, 769, 770, 771, 772, 773, 774, 775, 776, 777, 778, 779, 780, 781, 782, 783, 784, 785, 786, 787, 788, 789, 790, 791, 792, 793]","[144, 305, 615, 763]","[250, 305, 713, 763]","[305, 763]","[26, 305, 390, 474, 486, 509, 763, 840, 922, 926]","[26, 390, 474, 486, 509, 840, 922, 926]",6/6 successful match,True,[515],True,352,False,,,,,
", 95304 Tracy Truck & Auto Stop",ETracy 2209-832-5006 I-205 Exit 8 ( 3940 N Tracy Blvd ),"24 "" M D",,95304,Tracy Truck & Auto Stop,209-832-5006,2007,Tracy,CA,,( 3940 N Tracy Blvd ),I-205 Exit 8 ,Exit,8,False,,False,I-205,,,,,"[305, 763]","[305, 763]","[144, 305, 615, 763]","[250, 305, 713, 763]","[103, 104, 105, 106, 107, 108, 109, 110, 111, 112, 113, 114, 115, 116, 117, 118, 119, 120, 121, 122, 123, 124, 125, 126, 127, 128, 129, 130, 131, 132, 133, 134, 135, 136, 137, 138, 139, 140, 141, 142, 143, 144, 145, 146, 147, 148, 149, 150, 151, 152, 153, 154, 155, 156, 157, 158, 159, 160, 161, 162, 163, 164, 165, 166, 167, 168, 169, 170, 171, 172, 173, 174, 175, 176, 177, 178, 179, 180, 181, 182, 183, 184, 185, 186, 187, 188, 189, 190, 191, 192, 193, 194, 195, 196, 197, 198, 199, 200, 201, 202, 203, 204, 205, 206, 207, 208, 209, 210, 211, 212, 213, 214, 215, 216, 217, 218, 219, 220, 221, 222, 223, 224, 225, 226, 227, 228, 229, 230, 231, 232, 233, 234, 235, 236, 237, 238, 239, 240, 241, 242, 243, 244, 245, 246, 247, 248, 249, 250, 251, 252, 253, 254, 255, 256, 257, 258, 259, 260, 261, 262, 263, 264, 265, 266, 267, 268, 269, 270, 271, 272, 273, 274, 275, 276, 277, 278, 279, 280, 281, 282, 283, 284, 285, 286, 287, 288, 289, 290, 291, 292, 293, 294, 295, 296, 297, 298, 299, 300, 301, 302, 303, 304, 305, 306, 307, 308, 309, 310, 311, 312, 313, 314, 315, 316, 317, 318, 319, 320, 321, 322, 323, 324, 325, 326, 327, 328, 329, 330, 331, 332, 333, 334, 335, 336, 337, 574, 575, 576, 577, 578, 579, 580, 581, 582, 583, 584, 585, 586, 587, 588, 589, 590, 591, 592, 593, 594, 595, 596, 597, 598, 599, 600, 601, 602, 603, 604, 605, 606, 607, 608, 609, 610, 611, 612, 613, 614, 615, 616, 617, 618, 619, 620, 621, 622, 623, 624, 625, 626, 627, 628, 629, 630, 631, 632, 633, 634, 635, 636, 637, 638, 639, 640, 641, 642, 643, 644, 645, 646, 647, 648, 649, 650, 651, 652, 653, 654, 655, 656, 657, 658, 659, 660, 661, 662, 663, 664, 665, 666, 667, 668, 669, 670, 671, 672, 673, 674, 675, 676, 677, 678, 679, 680, 681, 682, 683, 684, 685, 686, 687, 688, 689, 690, 691, 692, 693, 694, 695, 696, 697, 698, 699, 700, 701, 702, 703, 704, 705, 706, 707, 708, 709, 710, 711, 712, 713, 714, 715, 716, 717, 718, 719, 720, 721, 722, 723, 724, 725, 726, 727, 728, 729, 730, 731, 732, 733, 734, 735, 736, 737, 738, 739, 740, 741, 742, 743, 744, 745, 746, 747, 748, 749, 750, 751, 752, 753, 754, 755, 756, 757, 758, 759, 760, 761, 762, 763, 764, 765, 766, 767, 768, 769, 770, 771, 772, 773, 774, 775, 776, 777, 778, 779, 780, 781, 782, 783, 784, 785, 786, 787, 788, 789, 790, 791, 792, 793]","[305, 763]",[],"[305, 763]","[103, 104, 105, 106, 107, 108, 109, 110, 111, 112, 113, 114, 115, 116, 117, 118, 119, 120, 121, 122, 123, 124, 125, 126, 127, 128, 129, 130, 131, 132, 133, 134, 135, 136, 137, 138, 139, 140, 141, 142, 143, 144, 145, 146, 147, 148, 149, 150, 151, 152, 153, 154, 155, 156, 157, 158, 159, 160, 161, 162, 163, 164, 165, 166, 167, 168, 169, 170, 171, 172, 173, 174, 175, 176, 177, 178, 179, 180, 181, 182, 183, 184, 185, 186, 187, 188, 189, 190, 191, 192, 193, 194, 195, 196, 197, 198, 199, 200, 201, 202, 203, 204, 205, 206, 207, 208, 209, 210, 211, 212, 213, 214, 215, 216, 217, 218, 219, 220, 221, 222, 223, 224, 225, 226, 227, 228, 229, 230, 231, 232, 233, 234, 235, 236, 237, 238, 239, 240, 241, 242, 243, 244, 245, 246, 247, 248, 249, 250, 251, 252, 253, 254, 255, 256, 257, 258, 259, 260, 261, 262, 263, 264, 265, 266, 267, 268, 269, 270, 271, 272, 273, 274, 275, 276, 277, 278, 279, 280, 281, 282, 283, 284, 285, 286, 287, 288, 289, 290, 291, 292, 293, 294, 295, 296, 297, 298, 299, 300, 301, 302, 303, 304, 305, 306, 307, 308, 309, 310, 311, 312, 313, 314, 315, 316, 317, 318, 319, 320, 321, 322, 323, 324, 325, 326, 327, 328, 329, 330, 331, 332, 333, 334, 335, 336, 337, 574, 575, 576, 577, 578, 579, 580, 581, 582, 583, 584, 585, 586, 587, 588, 589, 590, 591, 592, 593, 594, 595, 596, 597, 598, 599, 600, 601, 602, 603, 604, 605, 606, 607, 608, 609, 610, 611, 612, 613, 614, 615, 616, 617, 618, 619, 620, 621, 622, 623, 624, 625, 626, 627, 628, 629, 630, 631, 632, 633, 634, 635, 636, 637, 638, 639, 640, 641, 642, 643, 644, 645, 646, 647, 648, 649, 650, 651, 652, 653, 654, 655, 656, 657, 658, 659, 660, 661, 662, 663, 664, 665, 666, 667, 668, 669, 670, 671, 672, 673, 674, 675, 676, 677, 678, 679, 680, 681, 682, 683, 684, 685, 686, 687, 688, 689, 690, 691, 692, 693, 694, 695, 696, 697, 698, 699, 700, 701, 702, 703, 704, 705, 706, 707, 708, 709, 710, 711, 712, 713, 714, 715, 716, 717, 718, 719, 720, 721, 722, 723, 724, 725, 726, 727, 728, 729, 730, 731, 732, 733, 734, 735, 736, 737, 738, 739, 740, 741, 742, 743, 744, 745, 746, 747, 748, 749, 750, 751, 752, 753, 754, 755, 756, 757, 758, 759, 760, 761, 762, 763, 764, 765, 766, 767, 768, 769, 770, 771, 772, 773, 774, 775, 776, 777, 778, 779, 780, 781, 782, 783, 784, 785, 786, 787, 788, 789, 790, 791, 792, 793]",True,"[305, 763]","[103, 104, 105, 106, 107, 108, 109, 110, 111, 112, 113, 114, 115, 116, 117, 118, 119, 120, 121, 122, 123, 124, 125, 126, 127, 128, 129, 130, 131, 132, 133, 134, 135, 136, 137, 138, 139, 140, 141, 142, 143, 144, 145, 146, 147, 148, 149, 150, 151, 152, 153, 154, 155, 156, 157, 158, 159, 160, 161, 162, 163, 164, 165, 166, 167, 168, 169, 170, 171, 172, 173, 174, 175, 176, 177, 178, 179, 180, 181, 182, 183, 184, 185, 186, 187, 188, 189, 190, 191, 192, 193, 194, 195, 196, 197, 198, 199, 200, 201, 202, 203, 204, 205, 206, 207, 208, 209, 210, 211, 212, 213, 214, 215, 216, 217, 218, 219, 220, 221, 222, 223, 224, 225, 226, 227, 228, 229, 230, 231, 232, 233, 234, 235, 236, 237, 238, 239, 240, 241, 242, 243, 244, 245, 246, 247, 248, 249, 250, 251, 252, 253, 254, 255, 256, 257, 258, 259, 260, 261, 262, 263, 264, 265, 266, 267, 268, 269, 270, 271, 272, 273, 274, 275, 276, 277, 278, 279, 280, 281, 282, 283, 284, 285, 286, 287, 288, 289, 290, 291, 292, 293, 294, 295, 296, 297, 298, 299, 300, 301, 302, 303, 304, 305, 306, 307, 308, 309, 310, 311, 312, 313, 314, 315, 316, 317, 318, 319, 320, 321, 322, 323, 324, 325, 326, 327, 328, 329, 330, 331, 332, 333, 334, 335, 336, 337, 574, 575, 576, 577, 578, 579, 580, 581, 582, 583, 584, 585, 586, 587, 588, 589, 590, 591, 592, 593, 594, 595, 596, 597, 598, 599, 600, 601, 602, 603, 604, 605, 606, 607, 608, 609, 610, 611, 612, 613, 614, 615, 616, 617, 618, 619, 620, 621, 622, 623, 624, 625, 626, 627, 628, 629, 630, 631, 632, 633, 634, 635, 636, 637, 638, 639, 640, 641, 642, 643, 644, 645, 646, 647, 648, 649, 650, 651, 652, 653, 654, 655, 656, 657, 658, 659, 660, 661, 662, 663, 664, 665, 666, 667, 668, 669, 670, 671, 672, 673, 674, 675, 676, 677, 678, 679, 680, 681, 682, 683, 684, 685, 686, 687, 688, 689, 690, 691, 692, 693, 694, 695, 696, 697, 698, 699, 700, 701, 702, 703, 704, 705, 706, 707, 708, 709, 710, 711, 712, 713, 714, 715, 716, 717, 718, 719, 720, 721, 722, 723, 724, 725, 726, 727, 728, 729, 730, 731, 732, 733, 734, 735, 736, 737, 738, 739, 740, 741, 742, 743, 744, 745, 746, 747, 748, 749, 750, 751, 752, 753, 754, 755, 756, 757, 758, 759, 760, 761, 762, 763, 764, 765, 766, 767, 768, 769, 770, 771, 772, 773, 774, 775, 776, 777, 778, 779, 780, 781, 782, 783, 784, 785, 786, 787, 788, 789, 790, 791, 792, 793]","[144, 305, 615, 763]","[250, 305, 713, 763]","[305, 763]","[305, 763]",[],7/6 successful match,True,[515],True,352,False,,1.0,True,Tracy Truck & Auto Stop ( Texaco ),Texaco
"Tracy , 95304 Tracy Truck & Auto Stop",2 209-832-5006 I-205 Exit 8 ( 3940 N Tracy Blvd ),HIS 24 S,Tracy,95304,Tracy Truck & Auto Stop,209-832-5006,2008,Tracy,CA,,( 3940 N Tracy Blvd ),I-205 Exit 8 ,Exit,8,False,,False,I-205,,,,,"[305, 763]","[305, 763]","[144, 305, 615, 763]","[250, 305, 713, 763]","[103, 104, 105, 106, 107, 108, 109, 110, 111, 112, 113, 114, 115, 116, 117, 118, 119, 120, 121, 122, 123, 124, 125, 126, 127, 128, 129, 130, 131, 132, 133, 134, 135, 136, 137, 138, 139, 140, 141, 142, 143, 144, 145, 146, 147, 148, 149, 150, 151, 152, 153, 154, 155, 156, 157, 158, 159, 160, 161, 162, 163, 164, 165, 166, 167, 168, 169, 170, 171, 172, 173, 174, 175, 176, 177, 178, 179, 180, 181, 182, 183, 184, 185, 186, 187, 188, 189, 190, 191, 192, 193, 194, 195, 196, 197, 198, 199, 200, 201, 202, 203, 204, 205, 206, 207, 208, 209, 210, 211, 212, 213, 214, 215, 216, 217, 218, 219, 220, 221, 222, 223, 224, 225, 226, 227, 228, 229, 230, 231, 232, 233, 234, 235, 236, 237, 238, 239, 240, 241, 242, 243, 244, 245, 246, 247, 248, 249, 250, 251, 252, 253, 254, 255, 256, 257, 258, 259, 260, 261, 262, 263, 264, 265, 266, 267, 268, 269, 270, 271, 272, 273, 274, 275, 276, 277, 278, 279, 280, 281, 282, 283, 284, 285, 286, 287, 288, 289, 290, 291, 292, 293, 294, 295, 296, 297, 298, 299, 300, 301, 302, 303, 304, 305, 306, 307, 308, 309, 310, 311, 312, 313, 314, 315, 316, 317, 318, 319, 320, 321, 322, 323, 324, 325, 326, 327, 328, 329, 330, 331, 332, 333, 334, 335, 336, 337, 574, 575, 576, 577, 578, 579, 580, 581, 582, 583, 584, 585, 586, 587, 588, 589, 590, 591, 592, 593, 594, 595, 596, 597, 598, 599, 600, 601, 602, 603, 604, 605, 606, 607, 608, 609, 610, 611, 612, 613, 614, 615, 616, 617, 618, 619, 620, 621, 622, 623, 624, 625, 626, 627, 628, 629, 630, 631, 632, 633, 634, 635, 636, 637, 638, 639, 640, 641, 642, 643, 644, 645, 646, 647, 648, 649, 650, 651, 652, 653, 654, 655, 656, 657, 658, 659, 660, 661, 662, 663, 664, 665, 666, 667, 668, 669, 670, 671, 672, 673, 674, 675, 676, 677, 678, 679, 680, 681, 682, 683, 684, 685, 686, 687, 688, 689, 690, 691, 692, 693, 694, 695, 696, 697, 698, 699, 700, 701, 702, 703, 704, 705, 706, 707, 708, 709, 710, 711, 712, 713, 714, 715, 716, 717, 718, 719, 720, 721, 722, 723, 724, 725, 726, 727, 728, 729, 730, 731, 732, 733, 734, 735, 736, 737, 738, 739, 740, 741, 742, 743, 744, 745, 746, 747, 748, 749, 750, 751, 752, 753, 754, 755, 756, 757, 758, 759, 760, 761, 762, 763, 764, 765, 766, 767, 768, 769, 770, 771, 772, 773, 774, 775, 776, 777, 778, 779, 780, 781, 782, 783, 784, 785, 786, 787, 788, 789, 790, 791, 792, 793]","[305, 763]",[],"[305, 763]","[103, 104, 105, 106, 107, 108, 109, 110, 111, 112, 113, 114, 115, 116, 117, 118, 119, 120, 121, 122, 123, 124, 125, 126, 127, 128, 129, 130, 131, 132, 133, 134, 135, 136, 137, 138, 139, 140, 141, 142, 143, 144, 145, 146, 147, 148, 149, 150, 151, 152, 153, 154, 155, 156, 157, 158, 159, 160, 161, 162, 163, 164, 165, 166, 167, 168, 169, 170, 171, 172, 173, 174, 175, 176, 177, 178, 179, 180, 181, 182, 183, 184, 185, 186, 187, 188, 189, 190, 191, 192, 193, 194, 195, 196, 197, 198, 199, 200, 201, 202, 203, 204, 205, 206, 207, 208, 209, 210, 211, 212, 213, 214, 215, 216, 217, 218, 219, 220, 221, 222, 223, 224, 225, 226, 227, 228, 229, 230, 231, 232, 233, 234, 235, 236, 237, 238, 239, 240, 241, 242, 243, 244, 245, 246, 247, 248, 249, 250, 251, 252, 253, 254, 255, 256, 257, 258, 259, 260, 261, 262, 263, 264, 265, 266, 267, 268, 269, 270, 271, 272, 273, 274, 275, 276, 277, 278, 279, 280, 281, 282, 283, 284, 285, 286, 287, 288, 289, 290, 291, 292, 293, 294, 295, 296, 297, 298, 299, 300, 301, 302, 303, 304, 305, 306, 307, 308, 309, 310, 311, 312, 313, 314, 315, 316, 317, 318, 319, 320, 321, 322, 323, 324, 325, 326, 327, 328, 329, 330, 331, 332, 333, 334, 335, 336, 337, 574, 575, 576, 577, 578, 579, 580, 581, 582, 583, 584, 585, 586, 587, 588, 589, 590, 591, 592, 593, 594, 595, 596, 597, 598, 599, 600, 601, 602, 603, 604, 605, 606, 607, 608, 609, 610, 611, 612, 613, 614, 615, 616, 617, 618, 619, 620, 621, 622, 623, 624, 625, 626, 627, 628, 629, 630, 631, 632, 633, 634, 635, 636, 637, 638, 639, 640, 641, 642, 643, 644, 645, 646, 647, 648, 649, 650, 651, 652, 653, 654, 655, 656, 657, 658, 659, 660, 661, 662, 663, 664, 665, 666, 667, 668, 669, 670, 671, 672, 673, 674, 675, 676, 677, 678, 679, 680, 681, 682, 683, 684, 685, 686, 687, 688, 689, 690, 691, 692, 693, 694, 695, 696, 697, 698, 699, 700, 701, 702, 703, 704, 705, 706, 707, 708, 709, 710, 711, 712, 713, 714, 715, 716, 717, 718, 719, 720, 721, 722, 723, 724, 725, 726, 727, 728, 729, 730, 731, 732, 733, 734, 735, 736, 737, 738, 739, 740, 741, 742, 743, 744, 745, 746, 747, 748, 749, 750, 751, 752, 753, 754, 755, 756, 757, 758, 759, 760, 761, 762, 763, 764, 765, 766, 767, 768, 769, 770, 771, 772, 773, 774, 775, 776, 777, 778, 779, 780, 781, 782, 783, 784, 785, 786, 787, 788, 789, 790, 791, 792, 793]",True,"[305, 763]","[103, 104, 105, 106, 107, 108, 109, 110, 111, 112, 113, 114, 115, 116, 117, 118, 119, 120, 121, 122, 123, 124, 125, 126, 127, 128, 129, 130, 131, 132, 133, 134, 135, 136, 137, 138, 139, 140, 141, 142, 143, 144, 145, 146, 147, 148, 149, 150, 151, 152, 153, 154, 155, 156, 157, 158, 159, 160, 161, 162, 163, 164, 165, 166, 167, 168, 169, 170, 171, 172, 173, 174, 175, 176, 177, 178, 179, 180, 181, 182, 183, 184, 185, 186, 187, 188, 189, 190, 191, 192, 193, 194, 195, 196, 197, 198, 199, 200, 201, 202, 203, 204, 205, 206, 207, 208, 209, 210, 211, 212, 213, 214, 215, 216, 217, 218, 219, 220, 221, 222, 223, 224, 225, 226, 227, 228, 229, 230, 231, 232, 233, 234, 235, 236, 237, 238, 239, 240, 241, 242, 243, 244, 245, 246, 247, 248, 249, 250, 251, 252, 253, 254, 255, 256, 257, 258, 259, 260, 261, 262, 263, 264, 265, 266, 267, 268, 269, 270, 271, 272, 273, 274, 275, 276, 277, 278, 279, 280, 281, 282, 283, 284, 285, 286, 287, 288, 289, 290, 291, 292, 293, 294, 295, 296, 297, 298, 299, 300, 301, 302, 303, 304, 305, 306, 307, 308, 309, 310, 311, 312, 313, 314, 315, 316, 317, 318, 319, 320, 321, 322, 323, 324, 325, 326, 327, 328, 329, 330, 331, 332, 333, 334, 335, 336, 337, 574, 575, 576, 577, 578, 579, 580, 581, 582, 583, 584, 585, 586, 587, 588, 589, 590, 591, 592, 593, 594, 595, 596, 597, 598, 599, 600, 601, 602, 603, 604, 605, 606, 607, 608, 609, 610, 611, 612, 613, 614, 615, 616, 617, 618, 619, 620, 621, 622, 623, 624, 625, 626, 627, 628, 629, 630, 631, 632, 633, 634, 635, 636, 637, 638, 639, 640, 641, 642, 643, 644, 645, 646, 647, 648, 649, 650, 651, 652, 653, 654, 655, 656, 657, 658, 659, 660, 661, 662, 663, 664, 665, 666, 667, 668, 669, 670, 671, 672, 673, 674, 675, 676, 677, 678, 679, 680, 681, 682, 683, 684, 685, 686, 687, 688, 689, 690, 691, 692, 693, 694, 695, 696, 697, 698, 699, 700, 701, 702, 703, 704, 705, 706, 707, 708, 709, 710, 711, 712, 713, 714, 715, 716, 717, 718, 719, 720, 721, 722, 723, 724, 725, 726, 727, 728, 729, 730, 731, 732, 733, 734, 735, 736, 737, 738, 739, 740, 741, 742, 743, 744, 745, 746, 747, 748, 749, 750, 751, 752, 753, 754, 755, 756, 757, 758, 759, 760, 761, 762, 763, 764, 765, 766, 767, 768, 769, 770, 771, 772, 773, 774, 775, 776, 777, 778, 779, 780, 781, 782, 783, 784, 785, 786, 787, 788, 789, 790, 791, 792, 793]","[144, 305, 615, 763]","[250, 305, 713, 763]","[305, 763]","[305, 763]",[],7/6 successful match,True,[515],True,352,False,,1.0,True,Tracy Truck & Auto Stop,
E Tracy ( 95304 ) Tracy Truck & Auto Stop ( 76 ),2 209-832-5006 I-205 Exit 8 ( 3940 N Tracy Blvd ),24 M <U+2610> <U+2610> <U+2610> <U+2610>,Tracy,95304,Tracy Truck & Auto Stop ( 76 ),209-832-5006,2014,Tracy,CA,,( 3940 N Tracy Blvd ),I-205 Exit 8 ,Exit,8,False,,False,I-205,,,,,"[305, 763]","[305, 763]","[144, 305, 615, 763]","[250, 305, 713, 763]","[103, 104, 105, 106, 107, 108, 109, 110, 111, 112, 113, 114, 115, 116, 117, 118, 119, 120, 121, 122, 123, 124, 125, 126, 127, 128, 129, 130, 131, 132, 133, 134, 135, 136, 137, 138, 139, 140, 141, 142, 143, 144, 145, 146, 147, 148, 149, 150, 151, 152, 153, 154, 155, 156, 157, 158, 159, 160, 161, 162, 163, 164, 165, 166, 167, 168, 169, 170, 171, 172, 173, 174, 175, 176, 177, 178, 179, 180, 181, 182, 183, 184, 185, 186, 187, 188, 189, 190, 191, 192, 193, 194, 195, 196, 197, 198, 199, 200, 201, 202, 203, 204, 205, 206, 207, 208, 209, 210, 211, 212, 213, 214, 215, 216, 217, 218, 219, 220, 221, 222, 223, 224, 225, 226, 227, 228, 229, 230, 231, 232, 233, 234, 235, 236, 237, 238, 239, 240, 241, 242, 243, 244, 245, 246, 247, 248, 249, 250, 251, 252, 253, 254, 255, 256, 257, 258, 259, 260, 261, 262, 263, 264, 265, 266, 267, 268, 269, 270, 271, 272, 273, 274, 275, 276, 277, 278, 279, 280, 281, 282, 283, 284, 285, 286, 287, 288, 289, 290, 291, 292, 293, 294, 295, 296, 297, 298, 299, 300, 301, 302, 303, 304, 305, 306, 307, 308, 309, 310, 311, 312, 313, 314, 315, 316, 317, 318, 319, 320, 321, 322, 323, 324, 325, 326, 327, 328, 329, 330, 331, 332, 333, 334, 335, 336, 337, 574, 575, 576, 577, 578, 579, 580, 581, 582, 583, 584, 585, 586, 587, 588, 589, 590, 591, 592, 593, 594, 595, 596, 597, 598, 599, 600, 601, 602, 603, 604, 605, 606, 607, 608, 609, 610, 611, 612, 613, 614, 615, 616, 617, 618, 619, 620, 621, 622, 623, 624, 625, 626, 627, 628, 629, 630, 631, 632, 633, 634, 635, 636, 637, 638, 639, 640, 641, 642, 643, 644, 645, 646, 647, 648, 649, 650, 651, 652, 653, 654, 655, 656, 657, 658, 659, 660, 661, 662, 663, 664, 665, 666, 667, 668, 669, 670, 671, 672, 673, 674, 675, 676, 677, 678, 679, 680, 681, 682, 683, 684, 685, 686, 687, 688, 689, 690, 691, 692, 693, 694, 695, 696, 697, 698, 699, 700, 701, 702, 703, 704, 705, 706, 707, 708, 709, 710, 711, 712, 713, 714, 715, 716, 717, 718, 719, 720, 721, 722, 723, 724, 725, 726, 727, 728, 729, 730, 731, 732, 733, 734, 735, 736, 737, 738, 739, 740, 741, 742, 743, 744, 745, 746, 747, 748, 749, 750, 751, 752, 753, 754, 755, 756, 757, 758, 759, 760, 761, 762, 763, 764, 765, 766, 767, 768, 769, 770, 771, 772, 773, 774, 775, 776, 777, 778, 779, 780, 781, 782, 783, 784, 785, 786, 787, 788, 789, 790, 791, 792, 793]","[305, 763]",[],"[84, 87, 89, 114, 115, 117, 124, 132, 135, 144, 152, 178, 239, 268, 281, 297, 305, 318, 320, 327, 348, 394, 555, 558, 560, 585, 586, 588, 595, 603, 606, 615, 623, 649, 703, 727, 740, 756, 763, 776, 778, 785, 803, 844]","[84, 87, 89, 103, 104, 105, 106, 107, 108, 109, 110, 111, 112, 113, 114, 115, 116, 117, 118, 119, 120, 121, 122, 123, 124, 125, 126, 127, 128, 129, 130, 131, 132, 133, 134, 135, 136, 137, 138, 139, 140, 141, 142, 143, 144, 145, 146, 147, 148, 149, 150, 151, 152, 153, 154, 155, 156, 157, 158, 159, 160, 161, 162, 163, 164, 165, 166, 167, 168, 169, 170, 171, 172, 173, 174, 175, 176, 177, 178, 179, 180, 181, 182, 183, 184, 185, 186, 187, 188, 189, 190, 191, 192, 193, 194, 195, 196, 197, 198, 199, 200, 201, 202, 203, 204, 205, 206, 207, 208, 209, 210, 211, 212, 213, 214, 215, 216, 217, 218, 219, 220, 221, 222, 223, 224, 225, 226, 227, 228, 229, 230, 231, 232, 233, 234, 235, 236, 237, 238, 239, 240, 241, 242, 243, 244, 245, 246, 247, 248, 249, 250, 251, 252, 253, 254, 255, 256, 257, 258, 259, 260, 261, 262, 263, 264, 265, 266, 267, 268, 269, 270, 271, 272, 273, 274, 275, 276, 277, 278, 279, 280, 281, 282, 283, 284, 285, 286, 287, 288, 289, 290, 291, 292, 293, 294, 295, 296, 297, 298, 299, 300, 301, 302, 303, 304, 305, 306, 307, 308, 309, 310, 311, 312, 313, 314, 315, 316, 317, 318, 319, 320, 321, 322, 323, 324, 325, 326, 327, 328, 329, 330, 331, 332, 333, 334, 335, 336, 337, 348, 394, 555, 558, 560, 574, 575, 576, 577, 578, 579, 580, 581, 582, 583, 584, 585, 586, 587, 588, 589, 590, 591, 592, 593, 594, 595, 596, 597, 598, 599, 600, 601, 602, 603, 604, 605, 606, 607, 608, 609, 610, 611, 612, 613, 614, 615, 616, 617, 618, 619, 620, 621, 622, 623, 624, 625, 626, 627, 628, 629, 630, 631, 632, 633, 634, 635, 636, 637, 638, 639, 640, 641, 642, 643, 644, 645, 646, 647, 648, 649, 650, 651, 652, 653, 654, 655, 656, 657, 658, 659, 660, 661, 662, 663, 664, 665, 666, 667, 668, 669, 670, 671, 672, 673, 674, 675, 676, 677, 678, 679, 680, 681, 682, 683, 684, 685, 686, 687, 688, 689, 690, 691, 692, 693, 694, 695, 696, 697, 698, 699, 700, 701, 702, 703, 704, 705, 706, 707, 708, 709, 710, 711, 712, 713, 714, 715, 716, 717, 718, 719, 720, 721, 722, 723, 724, 725, 726, 727, 728, 729, 730, 731, 732, 733, 734, 735, 736, 737, 738, 739, 740, 741, 742, 743, 744, 745, 746, 747, 748, 749, 750, 751, 752, 753, 754, 755, 756, 757, 758, 759, 760, 761, 762, 763, 764, 765, 766, 767, 768, 769, 770, 771, 772, 773, 774, 775, 776, 777, 778, 779, 780, 781, 782, 783, 784, 785, 786, 787, 788, 789, 790, 791, 792, 793, 803, 844]",True,"[305, 763]","[103, 104, 105, 106, 107, 108, 109, 110, 111, 112, 113, 114, 115, 116, 117, 118, 119, 120, 121, 122, 123, 124, 125, 126, 127, 128, 129, 130, 131, 132, 133, 134, 135, 136, 137, 138, 139, 140, 141, 142, 143, 144, 145, 146, 147, 148, 149, 150, 151, 152, 153, 154, 155, 156, 157, 158, 159, 160, 161, 162, 163, 164, 165, 166, 167, 168, 169, 170, 171, 172, 173, 174, 175, 176, 177, 178, 179, 180, 181, 182, 183, 184, 185, 186, 187, 188, 189, 190, 191, 192, 193, 194, 195, 196, 197, 198, 199, 200, 201, 202, 203, 204, 205, 206, 207, 208, 209, 210, 211, 212, 213, 214, 215, 216, 217, 218, 219, 220, 221, 222, 223, 224, 225, 226, 227, 228, 229, 230, 231, 232, 233, 234, 235, 236, 237, 238, 239, 240, 241, 242, 243, 244, 245, 246, 247, 248, 249, 250, 251, 252, 253, 254, 255, 256, 257, 258, 259, 260, 261, 262, 263, 264, 265, 266, 267, 268, 269, 270, 271, 272, 273, 274, 275, 276, 277, 278, 279, 280, 281, 282, 283, 284, 285, 286, 287, 288, 289, 290, 291, 292, 293, 294, 295, 296, 297, 298, 299, 300, 301, 302, 303, 304, 305, 306, 307, 308, 309, 310, 311, 312, 313, 314, 315, 316, 317, 318, 319, 320, 321, 322, 323, 324, 325, 326, 327, 328, 329, 330, 331, 332, 333, 334, 335, 336, 337, 574, 575, 576, 577, 578, 579, 580, 581, 582, 583, 584, 585, 586, 587, 588, 589, 590, 591, 592, 593, 594, 595, 596, 597, 598, 599, 600, 601, 602, 603, 604, 605, 606, 607, 608, 609, 610, 611, 612, 613, 614, 615, 616, 617, 618, 619, 620, 621, 622, 623, 624, 625, 626, 627, 628, 629, 630, 631, 632, 633, 634, 635, 636, 637, 638, 639, 640, 641, 642, 643, 644, 645, 646, 647, 648, 649, 650, 651, 652, 653, 654, 655, 656, 657, 658, 659, 660, 661, 662, 663, 664, 665, 666, 667, 668, 669, 670, 671, 672, 673, 674, 675, 676, 677, 678, 679, 680, 681, 682, 683, 684, 685, 686, 687, 688, 689, 690, 691, 692, 693, 694, 695, 696, 697, 698, 699, 700, 701, 702, 703, 704, 705, 706, 707, 708, 709, 710, 711, 712, 713, 714, 715, 716, 717, 718, 719, 720, 721, 722, 723, 724, 725, 726, 727, 728, 729, 730, 731, 732, 733, 734, 735, 736, 737, 738, 739, 740, 741, 742, 743, 744, 745, 746, 747, 748, 749, 750, 751, 752, 753, 754, 755, 756, 757, 758, 759, 760, 761, 762, 763, 764, 765, 766, 767, 768, 769, 770, 771, 772, 773, 774, 775, 776, 777, 778, 779, 780, 781, 782, 783, 784, 785, 786, 787, 788, 789, 790, 791, 792, 793]","[144, 305, 615, 763]","[250, 305, 713, 763]","[305, 763]","[84, 87, 89, 114, 115, 117, 124, 132, 135, 144, 152, 178, 239, 268, 281, 297, 305, 318, 320, 327, 348, 394, 555, 558, 560, 585, 586, 588, 595, 603, 606, 615, 623, 649, 703, 727, 740, 756, 763, 776, 778, 785, 803, 844]",[],7/6 successful match,True,[515],True,352,False,,1.0,True,Tracy Truck & Auto Stop,
E Tracy ( 95304 ) Tracy Truck & 190 Auto W Stop,209-832-5006 I-205 Exit 8 ( 3940 N,24 MO,Tracy,95304,Tracy Truck & 190 Auto W Stop,209-832-5006,2015,Tracy,CA,,( 3940 N,I-205 Exit 8 ,Exit,8,False,,False,I-205,,,,,"[305, 763]","[305, 763]","[144, 305, 615, 763]","[250, 305, 713, 763]","[103, 104, 105, 106, 107, 108, 109, 110, 111, 112, 113, 114, 115, 116, 117, 118, 119, 120, 121, 122, 123, 124, 125, 126, 127, 128, 129, 130, 131, 132, 133, 134, 135, 136, 137, 138, 139, 140, 141, 142, 143, 144, 145, 146, 147, 148, 149, 150, 151, 152, 153, 154, 155, 156, 157, 158, 159, 160, 161, 162, 163, 164, 165, 166, 167, 168, 169, 170, 171, 172, 173, 174, 175, 176, 177, 178, 179, 180, 181, 182, 183, 184, 185, 186, 187, 188, 189, 190, 191, 192, 193, 194, 195, 196, 197, 198, 199, 200, 201, 202, 203, 204, 205, 206, 207, 208, 209, 210, 211, 212, 213, 214, 215, 216, 217, 218, 219, 220, 221, 222, 223, 224, 225, 226, 227, 228, 229, 230, 231, 232, 233, 234, 235, 236, 237, 238, 239, 240, 241, 242, 243, 244, 245, 246, 247, 248, 249, 250, 251, 252, 253, 254, 255, 256, 257, 258, 259, 260, 261, 262, 263, 264, 265, 266, 267, 268, 269, 270, 271, 272, 273, 274, 275, 276, 277, 278, 279, 280, 281, 282, 283, 284, 285, 286, 287, 288, 289, 290, 291, 292, 293, 294, 295, 296, 297, 298, 299, 300, 301, 302, 303, 304, 305, 306, 307, 308, 309, 310, 311, 312, 313, 314, 315, 316, 317, 318, 319, 320, 321, 322, 323, 324, 325, 326, 327, 328, 329, 330, 331, 332, 333, 334, 335, 336, 337, 574, 575, 576, 577, 578, 579, 580, 581, 582, 583, 584, 585, 586, 587, 588, 589, 590, 591, 592, 593, 594, 595, 596, 597, 598, 599, 600, 601, 602, 603, 604, 605, 606, 607, 608, 609, 610, 611, 612, 613, 614, 615, 616, 617, 618, 619, 620, 621, 622, 623, 624, 625, 626, 627, 628, 629, 630, 631, 632, 633, 634, 635, 636, 637, 638, 639, 640, 641, 642, 643, 644, 645, 646, 647, 648, 649, 650, 651, 652, 653, 654, 655, 656, 657, 658, 659, 660, 661, 662, 663, 664, 665, 666, 667, 668, 669, 670, 671, 672, 673, 674, 675, 676, 677, 678, 679, 680, 681, 682, 683, 684, 685, 686, 687, 688, 689, 690, 691, 692, 693, 694, 695, 696, 697, 698, 699, 700, 701, 702, 703, 704, 705, 706, 707, 708, 709, 710, 711, 712, 713, 714, 715, 716, 717, 718, 719, 720, 721, 722, 723, 724, 725, 726, 727, 728, 729, 730, 731, 732, 733, 734, 735, 736, 737, 738, 739, 740, 741, 742, 743, 744, 745, 746, 747, 748, 749, 750, 751, 752, 753, 754, 755, 756, 757, 758, 759, 760, 761, 762, 763, 764, 765, 766, 767, 768, 769, 770, 771, 772, 773, 774, 775, 776, 777, 778, 779, 780, 781, 782, 783, 784, 785, 786, 787, 788, 789, 790, 791, 792, 793]","[305, 763]",[],"[305, 763]","[103, 104, 105, 106, 107, 108, 109, 110, 111, 112, 113, 114, 115, 116, 117, 118, 119, 120, 121, 122, 123, 124, 125, 126, 127, 128, 129, 130, 131, 132, 133, 134, 135, 136, 137, 138, 139, 140, 141, 142, 143, 144, 145, 146, 147, 148, 149, 150, 151, 152, 153, 154, 155, 156, 157, 158, 159, 160, 161, 162, 163, 164, 165, 166, 167, 168, 169, 170, 171, 172, 173, 174, 175, 176, 177, 178, 179, 180, 181, 182, 183, 184, 185, 186, 187, 188, 189, 190, 191, 192, 193, 194, 195, 196, 197, 198, 199, 200, 201, 202, 203, 204, 205, 206, 207, 208, 209, 210, 211, 212, 213, 214, 215, 216, 217, 218, 219, 220, 221, 222, 223, 224, 225, 226, 227, 228, 229, 230, 231, 232, 233, 234, 235, 236, 237, 238, 239, 240, 241, 242, 243, 244, 245, 246, 247, 248, 249, 250, 251, 252, 253, 254, 255, 256, 257, 258, 259, 260, 261, 262, 263, 264, 265, 266, 267, 268, 269, 270, 271, 272, 273, 274, 275, 276, 277, 278, 279, 280, 281, 282, 283, 284, 285, 286, 287, 288, 289, 290, 291, 292, 293, 294, 295, 296, 297, 298, 299, 300, 301, 302, 303, 304, 305, 306, 307, 308, 309, 310, 311, 312, 313, 314, 315, 316, 317, 318, 319, 320, 321, 322, 323, 324, 325, 326, 327, 328, 329, 330, 331, 332, 333, 334, 335, 336, 337, 574, 575, 576, 577, 578, 579, 580, 581, 582, 583, 584, 585, 586, 587, 588, 589, 590, 591, 592, 593, 594, 595, 596, 597, 598, 599, 600, 601, 602, 603, 604, 605, 606, 607, 608, 609, 610, 611, 612, 613, 614, 615, 616, 617, 618, 619, 620, 621, 622, 623, 624, 625, 626, 627, 628, 629, 630, 631, 632, 633, 634, 635, 636, 637, 638, 639, 640, 641, 642, 643, 644, 645, 646, 647, 648, 649, 650, 651, 652, 653, 654, 655, 656, 657, 658, 659, 660, 661, 662, 663, 664, 665, 666, 667, 668, 669, 670, 671, 672, 673, 674, 675, 676, 677, 678, 679, 680, 681, 682, 683, 684, 685, 686, 687, 688, 689, 690, 691, 692, 693, 694, 695, 696, 697, 698, 699, 700, 701, 702, 703, 704, 705, 706, 707, 708, 709, 710, 711, 712, 713, 714, 715, 716, 717, 718, 719, 720, 721, 722, 723, 724, 725, 726, 727, 728, 729, 730, 731, 732, 733, 734, 735, 736, 737, 738, 739, 740, 741, 742, 743, 744, 745, 746, 747, 748, 749, 750, 751, 752, 753, 754, 755, 756, 757, 758, 759, 760, 761, 762, 763, 764, 765, 766, 767, 768, 769, 770, 771, 772, 773, 774, 775, 776, 777, 778, 779, 780, 781, 782, 783, 784, 785, 786, 787, 788, 789, 790, 791, 792, 793]",True,"[305, 763]","[103, 104, 105, 106, 107, 108, 109, 110, 111, 112, 113, 114, 115, 116, 117, 118, 119, 120, 121, 122, 123, 124, 125, 126, 127, 128, 129, 130, 131, 132, 133, 134, 135, 136, 137, 138, 139, 140, 141, 142, 143, 144, 145, 146, 147, 148, 149, 150, 151, 152, 153, 154, 155, 156, 157, 158, 159, 160, 161, 162, 163, 164, 165, 166, 167, 168, 169, 170, 171, 172, 173, 174, 175, 176, 177, 178, 179, 180, 181, 182, 183, 184, 185, 186, 187, 188, 189, 190, 191, 192, 193, 194, 195, 196, 197, 198, 199, 200, 201, 202, 203, 204, 205, 206, 207, 208, 209, 210, 211, 212, 213, 214, 215, 216, 217, 218, 219, 220, 221, 222, 223, 224, 225, 226, 227, 228, 229, 230, 231, 232, 233, 234, 235, 236, 237, 238, 239, 240, 241, 242, 243, 244, 245, 246, 247, 248, 249, 250, 251, 252, 253, 254, 255, 256, 257, 258, 259, 260, 261, 262, 263, 264, 265, 266, 267, 268, 269, 270, 271, 272, 273, 274, 275, 276, 277, 278, 279, 280, 281, 282, 283, 284, 285, 286, 287, 288, 289, 290, 291, 292, 293, 294, 295, 296, 297, 298, 299, 300, 301, 302, 303, 304, 305, 306, 307, 308, 309, 310, 311, 312, 313, 314, 315, 316, 317, 318, 319, 320, 321, 322, 323, 324, 325, 326, 327, 328, 329, 330, 331, 332, 333, 334, 335, 336, 337, 574, 575, 576, 577, 578, 579, 580, 581, 582, 583, 584, 585, 586, 587, 588, 589, 590, 591, 592, 593, 594, 595, 596, 597, 598, 599, 600, 601, 602, 603, 604, 605, 606, 607, 608, 609, 610, 611, 612, 613, 614, 615, 616, 617, 618, 619, 620, 621, 622, 623, 624, 625, 626, 627, 628, 629, 630, 631, 632, 633, 634, 635, 636, 637, 638, 639, 640, 641, 642, 643, 644, 645, 646, 647, 648, 649, 650, 651, 652, 653, 654, 655, 656, 657, 658, 659, 660, 661, 662, 663, 664, 665, 666, 667, 668, 669, 670, 671, 672, 673, 674, 675, 676, 677, 678, 679, 680, 681, 682, 683, 684, 685, 686, 687, 688, 689, 690, 691, 692, 693, 694, 695, 696, 697, 698, 699, 700, 701, 702, 703, 704, 705, 706, 707, 708, 709, 710, 711, 712, 713, 714, 715, 716, 717, 718, 719, 720, 721, 722, 723, 724, 725, 726, 727, 728, 729, 730, 731, 732, 733, 734, 735, 736, 737, 738, 739, 740, 741, 742, 743, 744, 745, 746, 747, 748, 749, 750, 751, 752, 753, 754, 755, 756, 757, 758, 759, 760, 761, 762, 763, 764, 765, 766, 767, 768, 769, 770, 771, 772, 773, 774, 775, 776, 777, 778, 779, 780, 781, 782, 783, 784, 785, 786, 787, 788, 789, 790, 791, 792, 793]","[144, 305, 615, 763]","[250, 305, 713, 763]","[305, 763]","[305, 763]",[],7/6 successful match,True,[515],True,352,False,,0.9338983050847458,True,Tracy Truck & Auto Stop ( 76 ),
E Tracy ( 95304 ) Tracy Truck & Auto Stop,209-832-5006 I-205 Exit 8 ( 3940 N Tracy Blvd ),24 M O,Tracy,95304,Tracy Truck & Auto Stop,209-832-5006,2016,Tracy,CA,,( 3940 N Tracy Blvd ),I-205 Exit 8 ,Exit,8,False,,False,I-205,,,,,"[305, 763]","[305, 763]","[144, 305, 615, 763]","[250, 305, 713, 763]","[103, 104, 105, 106, 107, 108, 109, 110, 111, 112, 113, 114, 115, 116, 117, 118, 119, 120, 121, 122, 123, 124, 125, 126, 127, 128, 129, 130, 131, 132, 133, 134, 135, 136, 137, 138, 139, 140, 141, 142, 143, 144, 145, 146, 147, 148, 149, 150, 151, 152, 153, 154, 155, 156, 157, 158, 159, 160, 161, 162, 163, 164, 165, 166, 167, 168, 169, 170, 171, 172, 173, 174, 175, 176, 177, 178, 179, 180, 181, 182, 183, 184, 185, 186, 187, 188, 189, 190, 191, 192, 193, 194, 195, 196, 197, 198, 199, 200, 201, 202, 203, 204, 205, 206, 207, 208, 209, 210, 211, 212, 213, 214, 215, 216, 217, 218, 219, 220, 221, 222, 223, 224, 225, 226, 227, 228, 229, 230, 231, 232, 233, 234, 235, 236, 237, 238, 239, 240, 241, 242, 243, 244, 245, 246, 247, 248, 249, 250, 251, 252, 253, 254, 255, 256, 257, 258, 259, 260, 261, 262, 263, 264, 265, 266, 267, 268, 269, 270, 271, 272, 273, 274, 275, 276, 277, 278, 279, 280, 281, 282, 283, 284, 285, 286, 287, 288, 289, 290, 291, 292, 293, 294, 295, 296, 297, 298, 299, 300, 301, 302, 303, 304, 305, 306, 307, 308, 309, 310, 311, 312, 313, 314, 315, 316, 317, 318, 319, 320, 321, 322, 323, 324, 325, 326, 327, 328, 329, 330, 331, 332, 333, 334, 335, 336, 337, 574, 575, 576, 577, 578, 579, 580, 581, 582, 583, 584, 585, 586, 587, 588, 589, 590, 591, 592, 593, 594, 595, 596, 597, 598, 599, 600, 601, 602, 603, 604, 605, 606, 607, 608, 609, 610, 611, 612, 613, 614, 615, 616, 617, 618, 619, 620, 621, 622, 623, 624, 625, 626, 627, 628, 629, 630, 631, 632, 633, 634, 635, 636, 637, 638, 639, 640, 641, 642, 643, 644, 645, 646, 647, 648, 649, 650, 651, 652, 653, 654, 655, 656, 657, 658, 659, 660, 661, 662, 663, 664, 665, 666, 667, 668, 669, 670, 671, 672, 673, 674, 675, 676, 677, 678, 679, 680, 681, 682, 683, 684, 685, 686, 687, 688, 689, 690, 691, 692, 693, 694, 695, 696, 697, 698, 699, 700, 701, 702, 703, 704, 705, 706, 707, 708, 709, 710, 711, 712, 713, 714, 715, 716, 717, 718, 719, 720, 721, 722, 723, 724, 725, 726, 727, 728, 729, 730, 731, 732, 733, 734, 735, 736, 737, 738, 739, 740, 741, 742, 743, 744, 745, 746, 747, 748, 749, 750, 751, 752, 753, 754, 755, 756, 757, 758, 759, 760, 761, 762, 763, 764, 765, 766, 767, 768, 769, 770, 771, 772, 773, 774, 775, 776, 777, 778, 779, 780, 781, 782, 783, 784, 785, 786, 787, 788, 789, 790, 791, 792, 793]","[305, 763]",[],"[305, 763]","[103, 104, 105, 106, 107, 108, 109, 110, 111, 112, 113, 114, 115, 116, 117, 118, 119, 120, 121, 122, 123, 124, 125, 126, 127, 128, 129, 130, 131, 132, 133, 134, 135, 136, 137, 138, 139, 140, 141, 142, 143, 144, 145, 146, 147, 148, 149, 150, 151, 152, 153, 154, 155, 156, 157, 158, 159, 160, 161, 162, 163, 164, 165, 166, 167, 168, 169, 170, 171, 172, 173, 174, 175, 176, 177, 178, 179, 180, 181, 182, 183, 184, 185, 186, 187, 188, 189, 190, 191, 192, 193, 194, 195, 196, 197, 198, 199, 200, 201, 202, 203, 204, 205, 206, 207, 208, 209, 210, 211, 212, 213, 214, 215, 216, 217, 218, 219, 220, 221, 222, 223, 224, 225, 226, 227, 228, 229, 230, 231, 232, 233, 234, 235, 236, 237, 238, 239, 240, 241, 242, 243, 244, 245, 246, 247, 248, 249, 250, 251, 252, 253, 254, 255, 256, 257, 258, 259, 260, 261, 262, 263, 264, 265, 266, 267, 268, 269, 270, 271, 272, 273, 274, 275, 276, 277, 278, 279, 280, 281, 282, 283, 284, 285, 286, 287, 288, 289, 290, 291, 292, 293, 294, 295, 296, 297, 298, 299, 300, 301, 302, 303, 304, 305, 306, 307, 308, 309, 310, 311, 312, 313, 314, 315, 316, 317, 318, 319, 320, 321, 322, 323, 324, 325, 326, 327, 328, 329, 330, 331, 332, 333, 334, 335, 336, 337, 574, 575, 576, 577, 578, 579, 580, 581, 582, 583, 584, 585, 586, 587, 588, 589, 590, 591, 592, 593, 594, 595, 596, 597, 598, 599, 600, 601, 602, 603, 604, 605, 606, 607, 608, 609, 610, 611, 612, 613, 614, 615, 616, 617, 618, 619, 620, 621, 622, 623, 624, 625, 626, 627, 628, 629, 630, 631, 632, 633, 634, 635, 636, 637, 638, 639, 640, 641, 642, 643, 644, 645, 646, 647, 648, 649, 650, 651, 652, 653, 654, 655, 656, 657, 658, 659, 660, 661, 662, 663, 664, 665, 666, 667, 668, 669, 670, 671, 672, 673, 674, 675, 676, 677, 678, 679, 680, 681, 682, 683, 684, 685, 686, 687, 688, 689, 690, 691, 692, 693, 694, 695, 696, 697, 698, 699, 700, 701, 702, 703, 704, 705, 706, 707, 708, 709, 710, 711, 712, 713, 714, 715, 716, 717, 718, 719, 720, 721, 722, 723, 724, 725, 726, 727, 728, 729, 730, 731, 732, 733, 734, 735, 736, 737, 738, 739, 740, 741, 742, 743, 744, 745, 746, 747, 748, 749, 750, 751, 752, 753, 754, 755, 756, 757, 758, 759, 760, 761, 762, 763, 764, 765, 766, 767, 768, 769, 770, 771, 772, 773, 774, 775, 776, 777, 778, 779, 780, 781, 782, 783, 784, 785, 786, 787, 788, 789, 790, 791, 792, 793]",True,"[305, 763]","[103, 104, 105, 106, 107, 108, 109, 110, 111, 112, 113, 114, 115, 116, 117, 118, 119, 120, 121, 122, 123, 124, 125, 126, 127, 128, 129, 130, 131, 132, 133, 134, 135, 136, 137, 138, 139, 140, 141, 142, 143, 144, 145, 146, 147, 148, 149, 150, 151, 152, 153, 154, 155, 156, 157, 158, 159, 160, 161, 162, 163, 164, 165, 166, 167, 168, 169, 170, 171, 172, 173, 174, 175, 176, 177, 178, 179, 180, 181, 182, 183, 184, 185, 186, 187, 188, 189, 190, 191, 192, 193, 194, 195, 196, 197, 198, 199, 200, 201, 202, 203, 204, 205, 206, 207, 208, 209, 210, 211, 212, 213, 214, 215, 216, 217, 218, 219, 220, 221, 222, 223, 224, 225, 226, 227, 228, 229, 230, 231, 232, 233, 234, 235, 236, 237, 238, 239, 240, 241, 242, 243, 244, 245, 246, 247, 248, 249, 250, 251, 252, 253, 254, 255, 256, 257, 258, 259, 260, 261, 262, 263, 264, 265, 266, 267, 268, 269, 270, 271, 272, 273, 274, 275, 276, 277, 278, 279, 280, 281, 282, 283, 284, 285, 286, 287, 288, 289, 290, 291, 292, 293, 294, 295, 296, 297, 298, 299, 300, 301, 302, 303, 304, 305, 306, 307, 308, 309, 310, 311, 312, 313, 314, 315, 316, 317, 318, 319, 320, 321, 322, 323, 324, 325, 326, 327, 328, 329, 330, 331, 332, 333, 334, 335, 336, 337, 574, 575, 576, 577, 578, 579, 580, 581, 582, 583, 584, 585, 586, 587, 588, 589, 590, 591, 592, 593, 594, 595, 596, 597, 598, 599, 600, 601, 602, 603, 604, 605, 606, 607, 608, 609, 610, 611, 612, 613, 614, 615, 616, 617, 618, 619, 620, 621, 622, 623, 624, 625, 626, 627, 628, 629, 630, 631, 632, 633, 634, 635, 636, 637, 638, 639, 640, 641, 642, 643, 644, 645, 646, 647, 648, 649, 650, 651, 652, 653, 654, 655, 656, 657, 658, 659, 660, 661, 662, 663, 664, 665, 666, 667, 668, 669, 670, 671, 672, 673, 674, 675, 676, 677, 678, 679, 680, 681, 682, 683, 684, 685, 686, 687, 688, 689, 690, 691, 692, 693, 694, 695, 696, 697, 698, 699, 700, 701, 702, 703, 704, 705, 706, 707, 708, 709, 710, 711, 712, 713, 714, 715, 716, 717, 718, 719, 720, 721, 722, 723, 724, 725, 726, 727, 728, 729, 730, 731, 732, 733, 734, 735, 736, 737, 738, 739, 740, 741, 742, 743, 744, 745, 746, 747, 748, 749, 750, 751, 752, 753, 754, 755, 756, 757, 758, 759, 760, 761, 762, 763, 764, 765, 766, 767, 768, 769, 770, 771, 772, 773, 774, 775, 776, 777, 778, 779, 780, 781, 782, 783, 784, 785, 786, 787, 788, 789, 790, 791, 792, 793]","[144, 305, 615, 763]","[250, 305, 713, 763]","[305, 763]","[305, 763]",[],7/6 successful match,True,[515],True,352,False,,1.0,True,Tracy Truck & 190 Auto W Stop,
"E Santa Nella , 95322 TravelCenters of America ( 76 )",209-826-0741 I-5 Exit 407 ( CA 33 ) TA,<U+2610> <U+25A1> <U+25A1>,Santa Nella,95322,TravelCenters of America ( 76 ),209-826-0741,2006,Gustine,CA,TravelCenters,( CA 33 ) TA,I-5 Exit 407 ,Exit,407,False,,False,I-5,,,,,"[769, 311]","[209, 243, 271, 311, 679, 707, 730, 769]","[209, 243, 271, 273, 275, 311, 325, 679, 707, 730, 732, 734, 769, 783]","[209, 271, 311, 679, 730, 769]","[103, 104, 105, 106, 107, 108, 109, 110, 111, 112, 113, 114, 115, 116, 117, 118, 119, 120, 121, 122, 123, 124, 125, 126, 127, 128, 129, 130, 131, 132, 133, 134, 135, 136, 137, 138, 139, 140, 141, 142, 143, 144, 145, 146, 147, 148, 149, 150, 151, 152, 153, 154, 155, 156, 157, 158, 159, 160, 161, 162, 163, 164, 165, 166, 167, 168, 169, 170, 171, 172, 173, 174, 175, 176, 177, 178, 179, 180, 181, 182, 183, 184, 185, 186, 187, 188, 189, 190, 191, 192, 193, 194, 195, 196, 197, 198, 199, 200, 201, 202, 203, 204, 205, 206, 207, 208, 209, 210, 211, 212, 213, 214, 215, 216, 217, 218, 219, 220, 221, 222, 223, 224, 225, 226, 227, 228, 229, 230, 231, 232, 233, 234, 235, 236, 237, 238, 239, 240, 241, 242, 243, 244, 245, 246, 247, 248, 249, 250, 251, 252, 253, 254, 255, 256, 257, 258, 259, 260, 261, 262, 263, 264, 265, 266, 267, 268, 269, 270, 271, 272, 273, 274, 275, 276, 277, 278, 279, 280, 281, 282, 283, 284, 285, 286, 287, 288, 289, 290, 291, 292, 293, 294, 295, 296, 297, 298, 299, 300, 301, 302, 303, 304, 305, 306, 307, 308, 309, 310, 311, 312, 313, 314, 315, 316, 317, 318, 319, 320, 321, 322, 323, 324, 325, 326, 327, 328, 329, 330, 331, 332, 333, 334, 335, 336, 337, 574, 575, 576, 577, 578, 579, 580, 581, 582, 583, 584, 585, 586, 587, 588, 589, 590, 591, 592, 593, 594, 595, 596, 597, 598, 599, 600, 601, 602, 603, 604, 605, 606, 607, 608, 609, 610, 611, 612, 613, 614, 615, 616, 617, 618, 619, 620, 621, 622, 623, 624, 625, 626, 627, 628, 629, 630, 631, 632, 633, 634, 635, 636, 637, 638, 639, 640, 641, 642, 643, 644, 645, 646, 647, 648, 649, 650, 651, 652, 653, 654, 655, 656, 657, 658, 659, 660, 661, 662, 663, 664, 665, 666, 667, 668, 669, 670, 671, 672, 673, 674, 675, 676, 677, 678, 679, 680, 681, 682, 683, 684, 685, 686, 687, 688, 689, 690, 691, 692, 693, 694, 695, 696, 697, 698, 699, 700, 701, 702, 703, 704, 705, 706, 707, 708, 709, 710, 711, 712, 713, 714, 715, 716, 717, 718, 719, 720, 721, 722, 723, 724, 725, 726, 727, 728, 729, 730, 731, 732, 733, 734, 735, 736, 737, 738, 739, 740, 741, 742, 743, 744, 745, 746, 747, 748, 749, 750, 751, 752, 753, 754, 755, 756, 757, 758, 759, 760, 761, 762, 763, 764, 765, 766, 767, 768, 769, 770, 771, 772, 773, 774, 775, 776, 777, 778, 779, 780, 781, 782, 783, 784, 785, 786, 787, 788, 789, 790, 791, 792, 793]","[105, 114, 138, 141, 152, 153, 154, 155, 157, 159, 164, 165, 176, 182, 191, 192, 194, 195, 196, 200, 204, 208, 209, 210, 211, 215, 226, 228, 241, 242, 243, 245, 248, 249, 250, 257, 261, 270, 271, 282, 287, 289, 291, 294, 296, 298, 306, 308, 309, 311, 314, 327, 333, 335, 337, 576, 585, 609, 612, 623, 624, 626, 627, 629, 631, 636, 637, 647, 653, 662, 663, 665, 666, 667, 671, 674, 678, 679, 680, 681, 690, 692, 705, 706, 707, 709, 711, 712, 713, 719, 721, 729, 730, 741, 746, 748, 750, 753, 755, 757, 764, 766, 767, 769, 772, 785, 791]","[98, 476, 481, 569, 924, 925]","[84, 87, 89, 114, 115, 117, 124, 132, 135, 144, 152, 178, 239, 268, 281, 297, 318, 320, 327, 348, 394, 555, 558, 560, 585, 586, 588, 595, 603, 606, 615, 623, 649, 703, 727, 740, 756, 776, 778, 785, 803, 844]","[84, 87, 89, 98, 103, 104, 105, 106, 107, 108, 109, 110, 111, 112, 113, 114, 115, 116, 117, 118, 119, 120, 121, 122, 123, 124, 125, 126, 127, 128, 129, 130, 131, 132, 133, 134, 135, 136, 137, 138, 139, 140, 141, 142, 143, 144, 145, 146, 147, 148, 149, 150, 151, 152, 153, 154, 155, 156, 157, 158, 159, 160, 161, 162, 163, 164, 165, 166, 167, 168, 169, 170, 171, 172, 173, 174, 175, 176, 177, 178, 179, 180, 181, 182, 183, 184, 185, 186, 187, 188, 189, 190, 191, 192, 193, 194, 195, 196, 197, 198, 199, 200, 201, 202, 203, 204, 205, 206, 207, 208, 209, 210, 211, 212, 213, 214, 215, 216, 217, 218, 219, 220, 221, 222, 223, 224, 225, 226, 227, 228, 229, 230, 231, 232, 233, 234, 235, 236, 237, 238, 239, 240, 241, 242, 243, 244, 245, 246, 247, 248, 249, 250, 251, 252, 253, 254, 255, 256, 257, 258, 259, 260, 261, 262, 263, 264, 265, 266, 267, 268, 269, 270, 271, 272, 273, 274, 275, 276, 277, 278, 279, 280, 281, 282, 283, 284, 285, 286, 287, 288, 289, 290, 291, 292, 293, 294, 295, 296, 297, 298, 299, 300, 301, 302, 303, 304, 305, 306, 307, 308, 309, 310, 311, 312, 313, 314, 315, 316, 317, 318, 319, 320, 321, 322, 323, 324, 325, 326, 327, 328, 329, 330, 331, 332, 333, 334, 335, 336, 337, 348, 394, 476, 481, 555, 558, 560, 569, 574, 575, 576, 577, 578, 579, 580, 581, 582, 583, 584, 585, 586, 587, 588, 589, 590, 591, 592, 593, 594, 595, 596, 597, 598, 599, 600, 601, 602, 603, 604, 605, 606, 607, 608, 609, 610, 611, 612, 613, 614, 615, 616, 617, 618, 619, 620, 621, 622, 623, 624, 625, 626, 627, 628, 629, 630, 631, 632, 633, 634, 635, 636, 637, 638, 639, 640, 641, 642, 643, 644, 645, 646, 647, 648, 649, 650, 651, 652, 653, 654, 655, 656, 657, 658, 659, 660, 661, 662, 663, 664, 665, 666, 667, 668, 669, 670, 671, 672, 673, 674, 675, 676, 677, 678, 679, 680, 681, 682, 683, 684, 685, 686, 687, 688, 689, 690, 691, 692, 693, 694, 695, 696, 697, 698, 699, 700, 701, 702, 703, 704, 705, 706, 707, 708, 709, 710, 711, 712, 713, 714, 715, 716, 717, 718, 719, 720, 721, 722, 723, 724, 725, 726, 727, 728, 729, 730, 731, 732, 733, 734, 735, 736, 737, 738, 739, 740, 741, 742, 743, 744, 745, 746, 747, 748, 749, 750, 751, 752, 753, 754, 755, 756, 757, 758, 759, 760, 761, 762, 763, 764, 765, 766, 767, 768, 769, 770, 771, 772, 773, 774, 775, 776, 777, 778, 779, 780, 781, 782, 783, 784, 785, 786, 787, 788, 789, 790, 791, 792, 793, 803, 844, 924, 925]",True,"[209, 243, 271, 311, 679, 707, 730, 769]","[103, 104, 105, 106, 107, 108, 109, 110, 111, 112, 113, 114, 115, 116, 117, 118, 119, 120, 121, 122, 123, 124, 125, 126, 127, 128, 129, 130, 131, 132, 133, 134, 135, 136, 137, 138, 139, 140, 141, 142, 143, 144, 145, 146, 147, 148, 149, 150, 151, 152, 153, 154, 155, 156, 157, 158, 159, 160, 161, 162, 163, 164, 165, 166, 167, 168, 169, 170, 171, 172, 173, 174, 175, 176, 177, 178, 179, 180, 181, 182, 183, 184, 185, 186, 187, 188, 189, 190, 191, 192, 193, 194, 195, 196, 197, 198, 199, 200, 201, 202, 203, 204, 205, 206, 207, 208, 209, 210, 211, 212, 213, 214, 215, 216, 217, 218, 219, 220, 221, 222, 223, 224, 225, 226, 227, 228, 229, 230, 231, 232, 233, 234, 235, 236, 237, 238, 239, 240, 241, 242, 243, 244, 245, 246, 247, 248, 249, 250, 251, 252, 253, 254, 255, 256, 257, 258, 259, 260, 261, 262, 263, 264, 265, 266, 267, 268, 269, 270, 271, 272, 273, 274, 275, 276, 277, 278, 279, 280, 281, 282, 283, 284, 285, 286, 287, 288, 289, 290, 291, 292, 293, 294, 295, 296, 297, 298, 299, 300, 301, 302, 303, 304, 305, 306, 307, 308, 309, 310, 311, 312, 313, 314, 315, 316, 317, 318, 319, 320, 321, 322, 323, 324, 325, 326, 327, 328, 329, 330, 331, 332, 333, 334, 335, 336, 337, 574, 575, 576, 577, 578, 579, 580, 581, 582, 583, 584, 585, 586, 587, 588, 589, 590, 591, 592, 593, 594, 595, 596, 597, 598, 599, 600, 601, 602, 603, 604, 605, 606, 607, 608, 609, 610, 611, 612, 613, 614, 615, 616, 617, 618, 619, 620, 621, 622, 623, 624, 625, 626, 627, 628, 629, 630, 631, 632, 633, 634, 635, 636, 637, 638, 639, 640, 641, 642, 643, 644, 645, 646, 647, 648, 649, 650, 651, 652, 653, 654, 655, 656, 657, 658, 659, 660, 661, 662, 663, 664, 665, 666, 667, 668, 669, 670, 671, 672, 673, 674, 675, 676, 677, 678, 679, 680, 681, 682, 683, 684, 685, 686, 687, 688, 689, 690, 691, 692, 693, 694, 695, 696, 697, 698, 699, 700, 701, 702, 703, 704, 705, 706, 707, 708, 709, 710, 711, 712, 713, 714, 715, 716, 717, 718, 719, 720, 721, 722, 723, 724, 725, 726, 727, 728, 729, 730, 731, 732, 733, 734, 735, 736, 737, 738, 739, 740, 741, 742, 743, 744, 745, 746, 747, 748, 749, 750, 751, 752, 753, 754, 755, 756, 757, 758, 759, 760, 761, 762, 763, 764, 765, 766, 767, 768, 769, 770, 771, 772, 773, 774, 775, 776, 777, 778, 779, 780, 781, 782, 783, 784, 785, 786, 787, 788, 789, 790, 791, 792, 793]","[209, 243, 271, 273, 275, 311, 325, 679, 707, 730, 732, 734, 769, 783]","[209, 271, 311, 679, 730, 769]","[105, 114, 138, 141, 152, 153, 154, 155, 157, 159, 164, 165, 176, 182, 191, 192, 194, 195, 196, 200, 204, 208, 209, 210, 211, 215, 226, 228, 241, 242, 243, 245, 248, 249, 250, 257, 261, 270, 271, 282, 287, 289, 291, 294, 296, 298, 306, 308, 309, 311, 314, 327, 333, 335, 337, 576, 585, 609, 612, 623, 624, 626, 627, 629, 631, 636, 637, 647, 653, 662, 663, 665, 666, 667, 671, 674, 678, 679, 680, 681, 690, 692, 705, 706, 707, 709, 711, 712, 713, 719, 721, 729, 730, 741, 746, 748, 750, 753, 755, 757, 764, 766, 767, 769, 772, 785, 791]","[84, 87, 89, 114, 115, 117, 124, 132, 135, 144, 152, 178, 239, 268, 281, 297, 318, 320, 327, 348, 394, 555, 558, 560, 585, 586, 588, 595, 603, 606, 615, 623, 649, 703, 727, 740, 756, 776, 778, 785, 803, 844]","[98, 476, 481, 569, 924, 925]",5/6 successful match,True,"[373, 374, 375, 376]",True,353,False,,,,,
"E Santa Nella , 95322 TravelCenters of America ( 76 )",209-826-0741 I-5 Exit 407 ( CA 33 ) TA,HRS XL 24,Santa Nella,95322,TravelCenters of America ( 76 ),209-826-0741,2007,Gustine,CA,TravelCenters,( CA 33 ) TA,I-5 Exit 407 ,Exit,407,False,,False,I-5,,,,,"[769, 311]","[209, 243, 271, 311, 679, 707, 730, 769]","[209, 243, 271, 273, 275, 311, 325, 679, 707, 730, 732, 734, 769, 783]","[209, 271, 311, 679, 730, 769]","[103, 104, 105, 106, 107, 108, 109, 110, 111, 112, 113, 114, 115, 116, 117, 118, 119, 120, 121, 122, 123, 124, 125, 126, 127, 128, 129, 130, 131, 132, 133, 134, 135, 136, 137, 138, 139, 140, 141, 142, 143, 144, 145, 146, 147, 148, 149, 150, 151, 152, 153, 154, 155, 156, 157, 158, 159, 160, 161, 162, 163, 164, 165, 166, 167, 168, 169, 170, 171, 172, 173, 174, 175, 176, 177, 178, 179, 180, 181, 182, 183, 184, 185, 186, 187, 188, 189, 190, 191, 192, 193, 194, 195, 196, 197, 198, 199, 200, 201, 202, 203, 204, 205, 206, 207, 208, 209, 210, 211, 212, 213, 214, 215, 216, 217, 218, 219, 220, 221, 222, 223, 224, 225, 226, 227, 228, 229, 230, 231, 232, 233, 234, 235, 236, 237, 238, 239, 240, 241, 242, 243, 244, 245, 246, 247, 248, 249, 250, 251, 252, 253, 254, 255, 256, 257, 258, 259, 260, 261, 262, 263, 264, 265, 266, 267, 268, 269, 270, 271, 272, 273, 274, 275, 276, 277, 278, 279, 280, 281, 282, 283, 284, 285, 286, 287, 288, 289, 290, 291, 292, 293, 294, 295, 296, 297, 298, 299, 300, 301, 302, 303, 304, 305, 306, 307, 308, 309, 310, 311, 312, 313, 314, 315, 316, 317, 318, 319, 320, 321, 322, 323, 324, 325, 326, 327, 328, 329, 330, 331, 332, 333, 334, 335, 336, 337, 574, 575, 576, 577, 578, 579, 580, 581, 582, 583, 584, 585, 586, 587, 588, 589, 590, 591, 592, 593, 594, 595, 596, 597, 598, 599, 600, 601, 602, 603, 604, 605, 606, 607, 608, 609, 610, 611, 612, 613, 614, 615, 616, 617, 618, 619, 620, 621, 622, 623, 624, 625, 626, 627, 628, 629, 630, 631, 632, 633, 634, 635, 636, 637, 638, 639, 640, 641, 642, 643, 644, 645, 646, 647, 648, 649, 650, 651, 652, 653, 654, 655, 656, 657, 658, 659, 660, 661, 662, 663, 664, 665, 666, 667, 668, 669, 670, 671, 672, 673, 674, 675, 676, 677, 678, 679, 680, 681, 682, 683, 684, 685, 686, 687, 688, 689, 690, 691, 692, 693, 694, 695, 696, 697, 698, 699, 700, 701, 702, 703, 704, 705, 706, 707, 708, 709, 710, 711, 712, 713, 714, 715, 716, 717, 718, 719, 720, 721, 722, 723, 724, 725, 726, 727, 728, 729, 730, 731, 732, 733, 734, 735, 736, 737, 738, 739, 740, 741, 742, 743, 744, 745, 746, 747, 748, 749, 750, 751, 752, 753, 754, 755, 756, 757, 758, 759, 760, 761, 762, 763, 764, 765, 766, 767, 768, 769, 770, 771, 772, 773, 774, 775, 776, 777, 778, 779, 780, 781, 782, 783, 784, 785, 786, 787, 788, 789, 790, 791, 792, 793]","[105, 114, 138, 141, 152, 153, 154, 155, 157, 159, 164, 165, 176, 182, 191, 192, 194, 195, 196, 200, 204, 208, 209, 210, 211, 215, 226, 228, 241, 242, 243, 245, 248, 249, 250, 257, 261, 270, 271, 282, 287, 289, 291, 294, 296, 298, 306, 308, 309, 311, 314, 327, 333, 335, 337, 576, 585, 609, 612, 623, 624, 626, 627, 629, 631, 636, 637, 647, 653, 662, 663, 665, 666, 667, 671, 674, 678, 679, 680, 681, 690, 692, 705, 706, 707, 709, 711, 712, 713, 719, 721, 729, 730, 741, 746, 748, 750, 753, 755, 757, 764, 766, 767, 769, 772, 785, 791]","[98, 476, 481, 569, 924, 925]","[84, 87, 89, 114, 115, 117, 124, 132, 135, 144, 152, 178, 239, 268, 281, 297, 318, 320, 327, 348, 394, 555, 558, 560, 585, 586, 588, 595, 603, 606, 615, 623, 649, 703, 727, 740, 756, 776, 778, 785, 803, 844]","[84, 87, 89, 98, 103, 104, 105, 106, 107, 108, 109, 110, 111, 112, 113, 114, 115, 116, 117, 118, 119, 120, 121, 122, 123, 124, 125, 126, 127, 128, 129, 130, 131, 132, 133, 134, 135, 136, 137, 138, 139, 140, 141, 142, 143, 144, 145, 146, 147, 148, 149, 150, 151, 152, 153, 154, 155, 156, 157, 158, 159, 160, 161, 162, 163, 164, 165, 166, 167, 168, 169, 170, 171, 172, 173, 174, 175, 176, 177, 178, 179, 180, 181, 182, 183, 184, 185, 186, 187, 188, 189, 190, 191, 192, 193, 194, 195, 196, 197, 198, 199, 200, 201, 202, 203, 204, 205, 206, 207, 208, 209, 210, 211, 212, 213, 214, 215, 216, 217, 218, 219, 220, 221, 222, 223, 224, 225, 226, 227, 228, 229, 230, 231, 232, 233, 234, 235, 236, 237, 238, 239, 240, 241, 242, 243, 244, 245, 246, 247, 248, 249, 250, 251, 252, 253, 254, 255, 256, 257, 258, 259, 260, 261, 262, 263, 264, 265, 266, 267, 268, 269, 270, 271, 272, 273, 274, 275, 276, 277, 278, 279, 280, 281, 282, 283, 284, 285, 286, 287, 288, 289, 290, 291, 292, 293, 294, 295, 296, 297, 298, 299, 300, 301, 302, 303, 304, 305, 306, 307, 308, 309, 310, 311, 312, 313, 314, 315, 316, 317, 318, 319, 320, 321, 322, 323, 324, 325, 326, 327, 328, 329, 330, 331, 332, 333, 334, 335, 336, 337, 348, 394, 476, 481, 555, 558, 560, 569, 574, 575, 576, 577, 578, 579, 580, 581, 582, 583, 584, 585, 586, 587, 588, 589, 590, 591, 592, 593, 594, 595, 596, 597, 598, 599, 600, 601, 602, 603, 604, 605, 606, 607, 608, 609, 610, 611, 612, 613, 614, 615, 616, 617, 618, 619, 620, 621, 622, 623, 624, 625, 626, 627, 628, 629, 630, 631, 632, 633, 634, 635, 636, 637, 638, 639, 640, 641, 642, 643, 644, 645, 646, 647, 648, 649, 650, 651, 652, 653, 654, 655, 656, 657, 658, 659, 660, 661, 662, 663, 664, 665, 666, 667, 668, 669, 670, 671, 672, 673, 674, 675, 676, 677, 678, 679, 680, 681, 682, 683, 684, 685, 686, 687, 688, 689, 690, 691, 692, 693, 694, 695, 696, 697, 698, 699, 700, 701, 702, 703, 704, 705, 706, 707, 708, 709, 710, 711, 712, 713, 714, 715, 716, 717, 718, 719, 720, 721, 722, 723, 724, 725, 726, 727, 728, 729, 730, 731, 732, 733, 734, 735, 736, 737, 738, 739, 740, 741, 742, 743, 744, 745, 746, 747, 748, 749, 750, 751, 752, 753, 754, 755, 756, 757, 758, 759, 760, 761, 762, 763, 764, 765, 766, 767, 768, 769, 770, 771, 772, 773, 774, 775, 776, 777, 778, 779, 780, 781, 782, 783, 784, 785, 786, 787, 788, 789, 790, 791, 792, 793, 803, 844, 924, 925]",True,"[209, 243, 271, 311, 679, 707, 730, 769]","[103, 104, 105, 106, 107, 108, 109, 110, 111, 112, 113, 114, 115, 116, 117, 118, 119, 120, 121, 122, 123, 124, 125, 126, 127, 128, 129, 130, 131, 132, 133, 134, 135, 136, 137, 138, 139, 140, 141, 142, 143, 144, 145, 146, 147, 148, 149, 150, 151, 152, 153, 154, 155, 156, 157, 158, 159, 160, 161, 162, 163, 164, 165, 166, 167, 168, 169, 170, 171, 172, 173, 174, 175, 176, 177, 178, 179, 180, 181, 182, 183, 184, 185, 186, 187, 188, 189, 190, 191, 192, 193, 194, 195, 196, 197, 198, 199, 200, 201, 202, 203, 204, 205, 206, 207, 208, 209, 210, 211, 212, 213, 214, 215, 216, 217, 218, 219, 220, 221, 222, 223, 224, 225, 226, 227, 228, 229, 230, 231, 232, 233, 234, 235, 236, 237, 238, 239, 240, 241, 242, 243, 244, 245, 246, 247, 248, 249, 250, 251, 252, 253, 254, 255, 256, 257, 258, 259, 260, 261, 262, 263, 264, 265, 266, 267, 268, 269, 270, 271, 272, 273, 274, 275, 276, 277, 278, 279, 280, 281, 282, 283, 284, 285, 286, 287, 288, 289, 290, 291, 292, 293, 294, 295, 296, 297, 298, 299, 300, 301, 302, 303, 304, 305, 306, 307, 308, 309, 310, 311, 312, 313, 314, 315, 316, 317, 318, 319, 320, 321, 322, 323, 324, 325, 326, 327, 328, 329, 330, 331, 332, 333, 334, 335, 336, 337, 574, 575, 576, 577, 578, 579, 580, 581, 582, 583, 584, 585, 586, 587, 588, 589, 590, 591, 592, 593, 594, 595, 596, 597, 598, 599, 600, 601, 602, 603, 604, 605, 606, 607, 608, 609, 610, 611, 612, 613, 614, 615, 616, 617, 618, 619, 620, 621, 622, 623, 624, 625, 626, 627, 628, 629, 630, 631, 632, 633, 634, 635, 636, 637, 638, 639, 640, 641, 642, 643, 644, 645, 646, 647, 648, 649, 650, 651, 652, 653, 654, 655, 656, 657, 658, 659, 660, 661, 662, 663, 664, 665, 666, 667, 668, 669, 670, 671, 672, 673, 674, 675, 676, 677, 678, 679, 680, 681, 682, 683, 684, 685, 686, 687, 688, 689, 690, 691, 692, 693, 694, 695, 696, 697, 698, 699, 700, 701, 702, 703, 704, 705, 706, 707, 708, 709, 710, 711, 712, 713, 714, 715, 716, 717, 718, 719, 720, 721, 722, 723, 724, 725, 726, 727, 728, 729, 730, 731, 732, 733, 734, 735, 736, 737, 738, 739, 740, 741, 742, 743, 744, 745, 746, 747, 748, 749, 750, 751, 752, 753, 754, 755, 756, 757, 758, 759, 760, 761, 762, 763, 764, 765, 766, 767, 768, 769, 770, 771, 772, 773, 774, 775, 776, 777, 778, 779, 780, 781, 782, 783, 784, 785, 786, 787, 788, 789, 790, 791, 792, 793]","[209, 243, 271, 273, 275, 311, 325, 679, 707, 730, 732, 734, 769, 783]","[209, 271, 311, 679, 730, 769]","[105, 114, 138, 141, 152, 153, 154, 155, 157, 159, 164, 165, 176, 182, 191, 192, 194, 195, 196, 200, 204, 208, 209, 210, 211, 215, 226, 228, 241, 242, 243, 245, 248, 249, 250, 257, 261, 270, 271, 282, 287, 289, 291, 294, 296, 298, 306, 308, 309, 311, 314, 327, 333, 335, 337, 576, 585, 609, 612, 623, 624, 626, 627, 629, 631, 636, 637, 647, 653, 662, 663, 665, 666, 667, 671, 674, 678, 679, 680, 681, 690, 692, 705, 706, 707, 709, 711, 712, 713, 719, 721, 729, 730, 741, 746, 748, 750, 753, 755, 757, 764, 766, 767, 769, 772, 785, 791]","[84, 87, 89, 114, 115, 117, 124, 132, 135, 144, 152, 178, 239, 268, 281, 297, 318, 320, 327, 348, 394, 555, 558, 560, 585, 586, 588, 595, 603, 606, 615, 623, 649, 703, 727, 740, 756, 776, 778, 785, 803, 844]","[98, 476, 481, 569, 924, 925]",5/6 successful match,True,"[373, 374, 375, 376]",True,353,False,,1.0,True,TravelCenters of America ( 76 ),TravelCenters
"E Santa Nella , 95322 TravelCenters of America ( 76 )",2 209-826-0741 I-5 Exit 407 ( CA 33 ) TA,24 HRS XL 24,Santa Nella,95322,TravelCenters of America ( 76 ),209-826-0741,2008,Gustine,CA,TravelCenters,( CA 33 ) TA,I-5 Exit 407 ,Exit,407,False,,False,I-5,,,,,"[769, 311]","[209, 243, 271, 311, 679, 707, 730, 769]","[209, 243, 271, 273, 275, 311, 325, 679, 707, 730, 732, 734, 769, 783]","[209, 271, 311, 679, 730, 769]","[103, 104, 105, 106, 107, 108, 109, 110, 111, 112, 113, 114, 115, 116, 117, 118, 119, 120, 121, 122, 123, 124, 125, 126, 127, 128, 129, 130, 131, 132, 133, 134, 135, 136, 137, 138, 139, 140, 141, 142, 143, 144, 145, 146, 147, 148, 149, 150, 151, 152, 153, 154, 155, 156, 157, 158, 159, 160, 161, 162, 163, 164, 165, 166, 167, 168, 169, 170, 171, 172, 173, 174, 175, 176, 177, 178, 179, 180, 181, 182, 183, 184, 185, 186, 187, 188, 189, 190, 191, 192, 193, 194, 195, 196, 197, 198, 199, 200, 201, 202, 203, 204, 205, 206, 207, 208, 209, 210, 211, 212, 213, 214, 215, 216, 217, 218, 219, 220, 221, 222, 223, 224, 225, 226, 227, 228, 229, 230, 231, 232, 233, 234, 235, 236, 237, 238, 239, 240, 241, 242, 243, 244, 245, 246, 247, 248, 249, 250, 251, 252, 253, 254, 255, 256, 257, 258, 259, 260, 261, 262, 263, 264, 265, 266, 267, 268, 269, 270, 271, 272, 273, 274, 275, 276, 277, 278, 279, 280, 281, 282, 283, 284, 285, 286, 287, 288, 289, 290, 291, 292, 293, 294, 295, 296, 297, 298, 299, 300, 301, 302, 303, 304, 305, 306, 307, 308, 309, 310, 311, 312, 313, 314, 315, 316, 317, 318, 319, 320, 321, 322, 323, 324, 325, 326, 327, 328, 329, 330, 331, 332, 333, 334, 335, 336, 337, 574, 575, 576, 577, 578, 579, 580, 581, 582, 583, 584, 585, 586, 587, 588, 589, 590, 591, 592, 593, 594, 595, 596, 597, 598, 599, 600, 601, 602, 603, 604, 605, 606, 607, 608, 609, 610, 611, 612, 613, 614, 615, 616, 617, 618, 619, 620, 621, 622, 623, 624, 625, 626, 627, 628, 629, 630, 631, 632, 633, 634, 635, 636, 637, 638, 639, 640, 641, 642, 643, 644, 645, 646, 647, 648, 649, 650, 651, 652, 653, 654, 655, 656, 657, 658, 659, 660, 661, 662, 663, 664, 665, 666, 667, 668, 669, 670, 671, 672, 673, 674, 675, 676, 677, 678, 679, 680, 681, 682, 683, 684, 685, 686, 687, 688, 689, 690, 691, 692, 693, 694, 695, 696, 697, 698, 699, 700, 701, 702, 703, 704, 705, 706, 707, 708, 709, 710, 711, 712, 713, 714, 715, 716, 717, 718, 719, 720, 721, 722, 723, 724, 725, 726, 727, 728, 729, 730, 731, 732, 733, 734, 735, 736, 737, 738, 739, 740, 741, 742, 743, 744, 745, 746, 747, 748, 749, 750, 751, 752, 753, 754, 755, 756, 757, 758, 759, 760, 761, 762, 763, 764, 765, 766, 767, 768, 769, 770, 771, 772, 773, 774, 775, 776, 777, 778, 779, 780, 781, 782, 783, 784, 785, 786, 787, 788, 789, 790, 791, 792, 793]","[105, 114, 138, 141, 152, 153, 154, 155, 157, 159, 164, 165, 176, 182, 191, 192, 194, 195, 196, 200, 204, 208, 209, 210, 211, 215, 226, 228, 241, 242, 243, 245, 248, 249, 250, 257, 261, 270, 271, 282, 287, 289, 291, 294, 296, 298, 306, 308, 309, 311, 314, 327, 333, 335, 337, 576, 585, 609, 612, 623, 624, 626, 627, 629, 631, 636, 637, 647, 653, 662, 663, 665, 666, 667, 671, 674, 678, 679, 680, 681, 690, 692, 705, 706, 707, 709, 711, 712, 713, 719, 721, 729, 730, 741, 746, 748, 750, 753, 755, 757, 764, 766, 767, 769, 772, 785, 791]","[98, 476, 481, 569, 924, 925]","[84, 87, 89, 114, 115, 117, 124, 132, 135, 144, 152, 178, 239, 268, 281, 297, 318, 320, 327, 348, 394, 555, 558, 560, 585, 586, 588, 595, 603, 606, 615, 623, 649, 703, 727, 740, 756, 776, 778, 785, 803, 844]","[84, 87, 89, 98, 103, 104, 105, 106, 107, 108, 109, 110, 111, 112, 113, 114, 115, 116, 117, 118, 119, 120, 121, 122, 123, 124, 125, 126, 127, 128, 129, 130, 131, 132, 133, 134, 135, 136, 137, 138, 139, 140, 141, 142, 143, 144, 145, 146, 147, 148, 149, 150, 151, 152, 153, 154, 155, 156, 157, 158, 159, 160, 161, 162, 163, 164, 165, 166, 167, 168, 169, 170, 171, 172, 173, 174, 175, 176, 177, 178, 179, 180, 181, 182, 183, 184, 185, 186, 187, 188, 189, 190, 191, 192, 193, 194, 195, 196, 197, 198, 199, 200, 201, 202, 203, 204, 205, 206, 207, 208, 209, 210, 211, 212, 213, 214, 215, 216, 217, 218, 219, 220, 221, 222, 223, 224, 225, 226, 227, 228, 229, 230, 231, 232, 233, 234, 235, 236, 237, 238, 239, 240, 241, 242, 243, 244, 245, 246, 247, 248, 249, 250, 251, 252, 253, 254, 255, 256, 257, 258, 259, 260, 261, 262, 263, 264, 265, 266, 267, 268, 269, 270, 271, 272, 273, 274, 275, 276, 277, 278, 279, 280, 281, 282, 283, 284, 285, 286, 287, 288, 289, 290, 291, 292, 293, 294, 295, 296, 297, 298, 299, 300, 301, 302, 303, 304, 305, 306, 307, 308, 309, 310, 311, 312, 313, 314, 315, 316, 317, 318, 319, 320, 321, 322, 323, 324, 325, 326, 327, 328, 329, 330, 331, 332, 333, 334, 335, 336, 337, 348, 394, 476, 481, 555, 558, 560, 569, 574, 575, 576, 577, 578, 579, 580, 581, 582, 583, 584, 585, 586, 587, 588, 589, 590, 591, 592, 593, 594, 595, 596, 597, 598, 599, 600, 601, 602, 603, 604, 605, 606, 607, 608, 609, 610, 611, 612, 613, 614, 615, 616, 617, 618, 619, 620, 621, 622, 623, 624, 625, 626, 627, 628, 629, 630, 631, 632, 633, 634, 635, 636, 637, 638, 639, 640, 641, 642, 643, 644, 645, 646, 647, 648, 649, 650, 651, 652, 653, 654, 655, 656, 657, 658, 659, 660, 661, 662, 663, 664, 665, 666, 667, 668, 669, 670, 671, 672, 673, 674, 675, 676, 677, 678, 679, 680, 681, 682, 683, 684, 685, 686, 687, 688, 689, 690, 691, 692, 693, 694, 695, 696, 697, 698, 699, 700, 701, 702, 703, 704, 705, 706, 707, 708, 709, 710, 711, 712, 713, 714, 715, 716, 717, 718, 719, 720, 721, 722, 723, 724, 725, 726, 727, 728, 729, 730, 731, 732, 733, 734, 735, 736, 737, 738, 739, 740, 741, 742, 743, 744, 745, 746, 747, 748, 749, 750, 751, 752, 753, 754, 755, 756, 757, 758, 759, 760, 761, 762, 763, 764, 765, 766, 767, 768, 769, 770, 771, 772, 773, 774, 775, 776, 777, 778, 779, 780, 781, 782, 783, 784, 785, 786, 787, 788, 789, 790, 791, 792, 793, 803, 844, 924, 925]",True,"[209, 243, 271, 311, 679, 707, 730, 769]","[103, 104, 105, 106, 107, 108, 109, 110, 111, 112, 113, 114, 115, 116, 117, 118, 119, 120, 121, 122, 123, 124, 125, 126, 127, 128, 129, 130, 131, 132, 133, 134, 135, 136, 137, 138, 139, 140, 141, 142, 143, 144, 145, 146, 147, 148, 149, 150, 151, 152, 153, 154, 155, 156, 157, 158, 159, 160, 161, 162, 163, 164, 165, 166, 167, 168, 169, 170, 171, 172, 173, 174, 175, 176, 177, 178, 179, 180, 181, 182, 183, 184, 185, 186, 187, 188, 189, 190, 191, 192, 193, 194, 195, 196, 197, 198, 199, 200, 201, 202, 203, 204, 205, 206, 207, 208, 209, 210, 211, 212, 213, 214, 215, 216, 217, 218, 219, 220, 221, 222, 223, 224, 225, 226, 227, 228, 229, 230, 231, 232, 233, 234, 235, 236, 237, 238, 239, 240, 241, 242, 243, 244, 245, 246, 247, 248, 249, 250, 251, 252, 253, 254, 255, 256, 257, 258, 259, 260, 261, 262, 263, 264, 265, 266, 267, 268, 269, 270, 271, 272, 273, 274, 275, 276, 277, 278, 279, 280, 281, 282, 283, 284, 285, 286, 287, 288, 289, 290, 291, 292, 293, 294, 295, 296, 297, 298, 299, 300, 301, 302, 303, 304, 305, 306, 307, 308, 309, 310, 311, 312, 313, 314, 315, 316, 317, 318, 319, 320, 321, 322, 323, 324, 325, 326, 327, 328, 329, 330, 331, 332, 333, 334, 335, 336, 337, 574, 575, 576, 577, 578, 579, 580, 581, 582, 583, 584, 585, 586, 587, 588, 589, 590, 591, 592, 593, 594, 595, 596, 597, 598, 599, 600, 601, 602, 603, 604, 605, 606, 607, 608, 609, 610, 611, 612, 613, 614, 615, 616, 617, 618, 619, 620, 621, 622, 623, 624, 625, 626, 627, 628, 629, 630, 631, 632, 633, 634, 635, 636, 637, 638, 639, 640, 641, 642, 643, 644, 645, 646, 647, 648, 649, 650, 651, 652, 653, 654, 655, 656, 657, 658, 659, 660, 661, 662, 663, 664, 665, 666, 667, 668, 669, 670, 671, 672, 673, 674, 675, 676, 677, 678, 679, 680, 681, 682, 683, 684, 685, 686, 687, 688, 689, 690, 691, 692, 693, 694, 695, 696, 697, 698, 699, 700, 701, 702, 703, 704, 705, 706, 707, 708, 709, 710, 711, 712, 713, 714, 715, 716, 717, 718, 719, 720, 721, 722, 723, 724, 725, 726, 727, 728, 729, 730, 731, 732, 733, 734, 735, 736, 737, 738, 739, 740, 741, 742, 743, 744, 745, 746, 747, 748, 749, 750, 751, 752, 753, 754, 755, 756, 757, 758, 759, 760, 761, 762, 763, 764, 765, 766, 767, 768, 769, 770, 771, 772, 773, 774, 775, 776, 777, 778, 779, 780, 781, 782, 783, 784, 785, 786, 787, 788, 789, 790, 791, 792, 793]","[209, 243, 271, 273, 275, 311, 325, 679, 707, 730, 732, 734, 769, 783]","[209, 271, 311, 679, 730, 769]","[105, 114, 138, 141, 152, 153, 154, 155, 157, 159, 164, 165, 176, 182, 191, 192, 194, 195, 196, 200, 204, 208, 209, 210, 211, 215, 226, 228, 241, 242, 243, 245, 248, 249, 250, 257, 261, 270, 271, 282, 287, 289, 291, 294, 296, 298, 306, 308, 309, 311, 314, 327, 333, 335, 337, 576, 585, 609, 612, 623, 624, 626, 627, 629, 631, 636, 637, 647, 653, 662, 663, 665, 666, 667, 671, 674, 678, 679, 680, 681, 690, 692, 705, 706, 707, 709, 711, 712, 713, 719, 721, 729, 730, 741, 746, 748, 750, 753, 755, 757, 764, 766, 767, 769, 772, 785, 791]","[84, 87, 89, 114, 115, 117, 124, 132, 135, 144, 152, 178, 239, 268, 281, 297, 318, 320, 327, 348, 394, 555, 558, 560, 585, 586, 588, 595, 603, 606, 615, 623, 649, 703, 727, 740, 756, 776, 778, 785, 803, 844]","[98, 476, 481, 569, 924, 925]",5/6 successful match,True,"[373, 374, 375, 376]",True,353,False,,1.0,True,TravelCenters of America ( 76 ),TravelCenters
Santa Nella ( 95322 ) TA Santa Nella # 163 ( Shell ),2 209-826-0741 I-5 Exit 407 ( CA 33 NE ),TA 24 <U+2610> XL 24 20,Santa Nella,95322,TA Santa Nella # 163 ( Shell ),209-826-0741,2014,Gustine,CA,Shell,( CA 33 NE ),I-5 Exit 407 ,Exit,407,False,,False,I-5,,,,,"[769, 311]","[209, 243, 271, 311, 679, 707, 730, 769]","[209, 243, 271, 273, 275, 311, 325, 679, 707, 730, 732, 734, 769, 783]","[209, 271, 311, 679, 730, 769]","[103, 104, 105, 106, 107, 108, 109, 110, 111, 112, 113, 114, 115, 116, 117, 118, 119, 120, 121, 122, 123, 124, 125, 126, 127, 128, 129, 130, 131, 132, 133, 134, 135, 136, 137, 138, 139, 140, 141, 142, 143, 144, 145, 146, 147, 148, 149, 150, 151, 152, 153, 154, 155, 156, 157, 158, 159, 160, 161, 162, 163, 164, 165, 166, 167, 168, 169, 170, 171, 172, 173, 174, 175, 176, 177, 178, 179, 180, 181, 182, 183, 184, 185, 186, 187, 188, 189, 190, 191, 192, 193, 194, 195, 196, 197, 198, 199, 200, 201, 202, 203, 204, 205, 206, 207, 208, 209, 210, 211, 212, 213, 214, 215, 216, 217, 218, 219, 220, 221, 222, 223, 224, 225, 226, 227, 228, 229, 230, 231, 232, 233, 234, 235, 236, 237, 238, 239, 240, 241, 242, 243, 244, 245, 246, 247, 248, 249, 250, 251, 252, 253, 254, 255, 256, 257, 258, 259, 260, 261, 262, 263, 264, 265, 266, 267, 268, 269, 270, 271, 272, 273, 274, 275, 276, 277, 278, 279, 280, 281, 282, 283, 284, 285, 286, 287, 288, 289, 290, 291, 292, 293, 294, 295, 296, 297, 298, 299, 300, 301, 302, 303, 304, 305, 306, 307, 308, 309, 310, 311, 312, 313, 314, 315, 316, 317, 318, 319, 320, 321, 322, 323, 324, 325, 326, 327, 328, 329, 330, 331, 332, 333, 334, 335, 336, 337, 574, 575, 576, 577, 578, 579, 580, 581, 582, 583, 584, 585, 586, 587, 588, 589, 590, 591, 592, 593, 594, 595, 596, 597, 598, 599, 600, 601, 602, 603, 604, 605, 606, 607, 608, 609, 610, 611, 612, 613, 614, 615, 616, 617, 618, 619, 620, 621, 622, 623, 624, 625, 626, 627, 628, 629, 630, 631, 632, 633, 634, 635, 636, 637, 638, 639, 640, 641, 642, 643, 644, 645, 646, 647, 648, 649, 650, 651, 652, 653, 654, 655, 656, 657, 658, 659, 660, 661, 662, 663, 664, 665, 666, 667, 668, 669, 670, 671, 672, 673, 674, 675, 676, 677, 678, 679, 680, 681, 682, 683, 684, 685, 686, 687, 688, 689, 690, 691, 692, 693, 694, 695, 696, 697, 698, 699, 700, 701, 702, 703, 704, 705, 706, 707, 708, 709, 710, 711, 712, 713, 714, 715, 716, 717, 718, 719, 720, 721, 722, 723, 724, 725, 726, 727, 728, 729, 730, 731, 732, 733, 734, 735, 736, 737, 738, 739, 740, 741, 742, 743, 744, 745, 746, 747, 748, 749, 750, 751, 752, 753, 754, 755, 756, 757, 758, 759, 760, 761, 762, 763, 764, 765, 766, 767, 768, 769, 770, 771, 772, 773, 774, 775, 776, 777, 778, 779, 780, 781, 782, 783, 784, 785, 786, 787, 788, 789, 790, 791, 792, 793]","[105, 114, 138, 141, 152, 153, 154, 155, 157, 159, 164, 165, 176, 182, 191, 192, 194, 195, 196, 200, 204, 208, 209, 210, 211, 215, 226, 228, 241, 242, 243, 245, 248, 249, 250, 257, 261, 270, 271, 282, 287, 289, 291, 294, 296, 298, 306, 308, 309, 311, 314, 327, 333, 335, 337, 576, 585, 609, 612, 623, 624, 626, 627, 629, 631, 636, 637, 647, 653, 662, 663, 665, 666, 667, 671, 674, 678, 679, 680, 681, 690, 692, 705, 706, 707, 709, 711, 712, 713, 719, 721, 729, 730, 741, 746, 748, 750, 753, 755, 757, 764, 766, 767, 769, 772, 785, 791]","[1, 13, 14, 29, 54, 55, 56, 57, 58, 60, 102, 118, 125, 127, 130, 134, 146, 149, 153, 175, 182, 187, 189, 191, 197, 225, 230, 238, 264, 265, 266, 286, 302, 317, 336, 379, 388, 389, 425, 454, 458, 463, 475, 487, 498, 499, 512, 530, 531, 532, 533, 534, 536, 573, 589, 596, 598, 601, 605, 617, 620, 624, 646, 653, 658, 660, 662, 668, 689, 694, 702, 724, 725, 745, 760, 775, 793, 829, 838, 839, 877, 901, 903, 905, 910, 923]","[1, 13, 14, 29, 54, 55, 56, 57, 58, 60, 102, 118, 125, 127, 130, 134, 146, 149, 153, 175, 182, 187, 189, 191, 197, 225, 230, 238, 264, 265, 266, 286, 301, 302, 311, 317, 336, 354, 379, 383, 388, 389, 425, 454, 458, 463, 475, 476, 487, 498, 499, 512, 530, 531, 532, 533, 534, 536, 573, 589, 596, 598, 601, 605, 617, 620, 624, 646, 653, 658, 660, 662, 668, 689, 694, 702, 724, 725, 745, 760, 769, 775, 793, 809, 829, 833, 838, 839, 877, 901, 903, 905, 910, 923, 924, 925]","[1, 13, 14, 29, 54, 55, 56, 57, 58, 60, 102, 103, 104, 105, 106, 107, 108, 109, 110, 111, 112, 113, 114, 115, 116, 117, 118, 119, 120, 121, 122, 123, 124, 125, 126, 127, 128, 129, 130, 131, 132, 133, 134, 135, 136, 137, 138, 139, 140, 141, 142, 143, 144, 145, 146, 147, 148, 149, 150, 151, 152, 153, 154, 155, 156, 157, 158, 159, 160, 161, 162, 163, 164, 165, 166, 167, 168, 169, 170, 171, 172, 173, 174, 175, 176, 177, 178, 179, 180, 181, 182, 183, 184, 185, 186, 187, 188, 189, 190, 191, 192, 193, 194, 195, 196, 197, 198, 199, 200, 201, 202, 203, 204, 205, 206, 207, 208, 209, 210, 211, 212, 213, 214, 215, 216, 217, 218, 219, 220, 221, 222, 223, 224, 225, 226, 227, 228, 229, 230, 231, 232, 233, 234, 235, 236, 237, 238, 239, 240, 241, 242, 243, 244, 245, 246, 247, 248, 249, 250, 251, 252, 253, 254, 255, 256, 257, 258, 259, 260, 261, 262, 263, 264, 265, 266, 267, 268, 269, 270, 271, 272, 273, 274, 275, 276, 277, 278, 279, 280, 281, 282, 283, 284, 285, 286, 287, 288, 289, 290, 291, 292, 293, 294, 295, 296, 297, 298, 299, 300, 301, 302, 303, 304, 305, 306, 307, 308, 309, 310, 311, 312, 313, 314, 315, 316, 317, 318, 319, 320, 321, 322, 323, 324, 325, 326, 327, 328, 329, 330, 331, 332, 333, 334, 335, 336, 337, 354, 379, 383, 388, 389, 425, 454, 458, 463, 475, 476, 487, 498, 499, 512, 530, 531, 532, 533, 534, 536, 573, 574, 575, 576, 577, 578, 579, 580, 581, 582, 583, 584, 585, 586, 587, 588, 589, 590, 591, 592, 593, 594, 595, 596, 597, 598, 599, 600, 601, 602, 603, 604, 605, 606, 607, 608, 609, 610, 611, 612, 613, 614, 615, 616, 617, 618, 619, 620, 621, 622, 623, 624, 625, 626, 627, 628, 629, 630, 631, 632, 633, 634, 635, 636, 637, 638, 639, 640, 641, 642, 643, 644, 645, 646, 647, 648, 649, 650, 651, 652, 653, 654, 655, 656, 657, 658, 659, 660, 661, 662, 663, 664, 665, 666, 667, 668, 669, 670, 671, 672, 673, 674, 675, 676, 677, 678, 679, 680, 681, 682, 683, 684, 685, 686, 687, 688, 689, 690, 691, 692, 693, 694, 695, 696, 697, 698, 699, 700, 701, 702, 703, 704, 705, 706, 707, 708, 709, 710, 711, 712, 713, 714, 715, 716, 717, 718, 719, 720, 721, 722, 723, 724, 725, 726, 727, 728, 729, 730, 731, 732, 733, 734, 735, 736, 737, 738, 739, 740, 741, 742, 743, 744, 745, 746, 747, 748, 749, 750, 751, 752, 753, 754, 755, 756, 757, 758, 759, 760, 761, 762, 763, 764, 765, 766, 767, 768, 769, 770, 771, 772, 773, 774, 775, 776, 777, 778, 779, 780, 781, 782, 783, 784, 785, 786, 787, 788, 789, 790, 791, 792, 793, 809, 829, 833, 838, 839, 877, 901, 903, 905, 910, 923, 924, 925]",True,"[209, 243, 271, 311, 679, 707, 730, 769]","[103, 104, 105, 106, 107, 108, 109, 110, 111, 112, 113, 114, 115, 116, 117, 118, 119, 120, 121, 122, 123, 124, 125, 126, 127, 128, 129, 130, 131, 132, 133, 134, 135, 136, 137, 138, 139, 140, 141, 142, 143, 144, 145, 146, 147, 148, 149, 150, 151, 152, 153, 154, 155, 156, 157, 158, 159, 160, 161, 162, 163, 164, 165, 166, 167, 168, 169, 170, 171, 172, 173, 174, 175, 176, 177, 178, 179, 180, 181, 182, 183, 184, 185, 186, 187, 188, 189, 190, 191, 192, 193, 194, 195, 196, 197, 198, 199, 200, 201, 202, 203, 204, 205, 206, 207, 208, 209, 210, 211, 212, 213, 214, 215, 216, 217, 218, 219, 220, 221, 222, 223, 224, 225, 226, 227, 228, 229, 230, 231, 232, 233, 234, 235, 236, 237, 238, 239, 240, 241, 242, 243, 244, 245, 246, 247, 248, 249, 250, 251, 252, 253, 254, 255, 256, 257, 258, 259, 260, 261, 262, 263, 264, 265, 266, 267, 268, 269, 270, 271, 272, 273, 274, 275, 276, 277, 278, 279, 280, 281, 282, 283, 284, 285, 286, 287, 288, 289, 290, 291, 292, 293, 294, 295, 296, 297, 298, 299, 300, 301, 302, 303, 304, 305, 306, 307, 308, 309, 310, 311, 312, 313, 314, 315, 316, 317, 318, 319, 320, 321, 322, 323, 324, 325, 326, 327, 328, 329, 330, 331, 332, 333, 334, 335, 336, 337, 574, 575, 576, 577, 578, 579, 580, 581, 582, 583, 584, 585, 586, 587, 588, 589, 590, 591, 592, 593, 594, 595, 596, 597, 598, 599, 600, 601, 602, 603, 604, 605, 606, 607, 608, 609, 610, 611, 612, 613, 614, 615, 616, 617, 618, 619, 620, 621, 622, 623, 624, 625, 626, 627, 628, 629, 630, 631, 632, 633, 634, 635, 636, 637, 638, 639, 640, 641, 642, 643, 644, 645, 646, 647, 648, 649, 650, 651, 652, 653, 654, 655, 656, 657, 658, 659, 660, 661, 662, 663, 664, 665, 666, 667, 668, 669, 670, 671, 672, 673, 674, 675, 676, 677, 678, 679, 680, 681, 682, 683, 684, 685, 686, 687, 688, 689, 690, 691, 692, 693, 694, 695, 696, 697, 698, 699, 700, 701, 702, 703, 704, 705, 706, 707, 708, 709, 710, 711, 712, 713, 714, 715, 716, 717, 718, 719, 720, 721, 722, 723, 724, 725, 726, 727, 728, 729, 730, 731, 732, 733, 734, 735, 736, 737, 738, 739, 740, 741, 742, 743, 744, 745, 746, 747, 748, 749, 750, 751, 752, 753, 754, 755, 756, 757, 758, 759, 760, 761, 762, 763, 764, 765, 766, 767, 768, 769, 770, 771, 772, 773, 774, 775, 776, 777, 778, 779, 780, 781, 782, 783, 784, 785, 786, 787, 788, 789, 790, 791, 792, 793]","[209, 243, 271, 273, 275, 311, 325, 679, 707, 730, 732, 734, 769, 783]","[209, 271, 311, 679, 730, 769]","[105, 114, 138, 141, 152, 153, 154, 155, 157, 159, 164, 165, 176, 182, 191, 192, 194, 195, 196, 200, 204, 208, 209, 210, 211, 215, 226, 228, 241, 242, 243, 245, 248, 249, 250, 257, 261, 270, 271, 282, 287, 289, 291, 294, 296, 298, 306, 308, 309, 311, 314, 327, 333, 335, 337, 576, 585, 609, 612, 623, 624, 626, 627, 629, 631, 636, 637, 647, 653, 662, 663, 665, 666, 667, 671, 674, 678, 679, 680, 681, 690, 692, 705, 706, 707, 709, 711, 712, 713, 719, 721, 729, 730, 741, 746, 748, 750, 753, 755, 757, 764, 766, 767, 769, 772, 785, 791]","[1, 13, 14, 29, 54, 55, 56, 57, 58, 60, 102, 118, 125, 127, 130, 134, 146, 149, 153, 175, 182, 187, 189, 191, 197, 225, 230, 238, 264, 265, 266, 286, 301, 302, 311, 317, 336, 354, 379, 383, 388, 389, 425, 454, 458, 463, 475, 476, 487, 498, 499, 512, 530, 531, 532, 533, 534, 536, 573, 589, 596, 598, 601, 605, 617, 620, 624, 646, 653, 658, 660, 662, 668, 689, 694, 702, 724, 725, 745, 760, 769, 775, 793, 809, 829, 833, 838, 839, 877, 901, 903, 905, 910, 923, 924, 925]","[1, 13, 14, 29, 54, 55, 56, 57, 58, 60, 102, 118, 125, 127, 130, 134, 146, 149, 153, 175, 182, 187, 189, 191, 197, 225, 230, 238, 264, 265, 266, 286, 302, 317, 336, 379, 388, 389, 425, 454, 458, 463, 475, 487, 498, 499, 512, 530, 531, 532, 533, 534, 536, 573, 589, 596, 598, 601, 605, 617, 620, 624, 646, 653, 658, 660, 662, 668, 689, 694, 702, 724, 725, 745, 760, 775, 793, 829, 838, 839, 877, 901, 903, 905, 910, 923]",6/6 successful match,True,"[373, 374, 375, 376]",True,353,True,2014,0.19672131147540983,False,TravelCenters of America ( 76 ),TravelCenters
E Santa Nella ( 95322 ) TA Santa Nelia # 163 ( Shell ),209-826-0741 I-5 Exit 407 ( CA 33 NE ),TA 24 <U+2610> XL,Santa Nella,95322,TA Santa Nelia # 163 ( Shell ),209-826-0741,2015,Gustine,CA,Shell,( CA 33 NE ),I-5 Exit 407 ,Exit,407,False,,False,I-5,,,,,"[769, 311]","[209, 243, 271, 311, 679, 707, 730, 769]","[209, 243, 271, 273, 275, 311, 325, 679, 707, 730, 732, 734, 769, 783]","[209, 271, 311, 679, 730, 769]","[103, 104, 105, 106, 107, 108, 109, 110, 111, 112, 113, 114, 115, 116, 117, 118, 119, 120, 121, 122, 123, 124, 125, 126, 127, 128, 129, 130, 131, 132, 133, 134, 135, 136, 137, 138, 139, 140, 141, 142, 143, 144, 145, 146, 147, 148, 149, 150, 151, 152, 153, 154, 155, 156, 157, 158, 159, 160, 161, 162, 163, 164, 165, 166, 167, 168, 169, 170, 171, 172, 173, 174, 175, 176, 177, 178, 179, 180, 181, 182, 183, 184, 185, 186, 187, 188, 189, 190, 191, 192, 193, 194, 195, 196, 197, 198, 199, 200, 201, 202, 203, 204, 205, 206, 207, 208, 209, 210, 211, 212, 213, 214, 215, 216, 217, 218, 219, 220, 221, 222, 223, 224, 225, 226, 227, 228, 229, 230, 231, 232, 233, 234, 235, 236, 237, 238, 239, 240, 241, 242, 243, 244, 245, 246, 247, 248, 249, 250, 251, 252, 253, 254, 255, 256, 257, 258, 259, 260, 261, 262, 263, 264, 265, 266, 267, 268, 269, 270, 271, 272, 273, 274, 275, 276, 277, 278, 279, 280, 281, 282, 283, 284, 285, 286, 287, 288, 289, 290, 291, 292, 293, 294, 295, 296, 297, 298, 299, 300, 301, 302, 303, 304, 305, 306, 307, 308, 309, 310, 311, 312, 313, 314, 315, 316, 317, 318, 319, 320, 321, 322, 323, 324, 325, 326, 327, 328, 329, 330, 331, 332, 333, 334, 335, 336, 337, 574, 575, 576, 577, 578, 579, 580, 581, 582, 583, 584, 585, 586, 587, 588, 589, 590, 591, 592, 593, 594, 595, 596, 597, 598, 599, 600, 601, 602, 603, 604, 605, 606, 607, 608, 609, 610, 611, 612, 613, 614, 615, 616, 617, 618, 619, 620, 621, 622, 623, 624, 625, 626, 627, 628, 629, 630, 631, 632, 633, 634, 635, 636, 637, 638, 639, 640, 641, 642, 643, 644, 645, 646, 647, 648, 649, 650, 651, 652, 653, 654, 655, 656, 657, 658, 659, 660, 661, 662, 663, 664, 665, 666, 667, 668, 669, 670, 671, 672, 673, 674, 675, 676, 677, 678, 679, 680, 681, 682, 683, 684, 685, 686, 687, 688, 689, 690, 691, 692, 693, 694, 695, 696, 697, 698, 699, 700, 701, 702, 703, 704, 705, 706, 707, 708, 709, 710, 711, 712, 713, 714, 715, 716, 717, 718, 719, 720, 721, 722, 723, 724, 725, 726, 727, 728, 729, 730, 731, 732, 733, 734, 735, 736, 737, 738, 739, 740, 741, 742, 743, 744, 745, 746, 747, 748, 749, 750, 751, 752, 753, 754, 755, 756, 757, 758, 759, 760, 761, 762, 763, 764, 765, 766, 767, 768, 769, 770, 771, 772, 773, 774, 775, 776, 777, 778, 779, 780, 781, 782, 783, 784, 785, 786, 787, 788, 789, 790, 791, 792, 793]","[105, 114, 138, 141, 152, 153, 154, 155, 157, 159, 164, 165, 176, 182, 191, 192, 194, 195, 196, 200, 204, 208, 209, 210, 211, 215, 226, 228, 241, 242, 243, 245, 248, 249, 250, 257, 261, 270, 271, 282, 287, 289, 291, 294, 296, 298, 306, 308, 309, 311, 314, 327, 333, 335, 337, 576, 585, 609, 612, 623, 624, 626, 627, 629, 631, 636, 637, 647, 653, 662, 663, 665, 666, 667, 671, 674, 678, 679, 680, 681, 690, 692, 705, 706, 707, 709, 711, 712, 713, 719, 721, 729, 730, 741, 746, 748, 750, 753, 755, 757, 764, 766, 767, 769, 772, 785, 791]","[1, 13, 14, 29, 54, 55, 56, 57, 58, 60, 102, 118, 125, 127, 130, 134, 146, 149, 153, 175, 182, 187, 189, 191, 197, 225, 230, 238, 264, 265, 266, 286, 302, 317, 336, 379, 388, 389, 425, 454, 458, 463, 475, 487, 498, 499, 512, 530, 531, 532, 533, 534, 536, 573, 589, 596, 598, 601, 605, 617, 620, 624, 646, 653, 658, 660, 662, 668, 689, 694, 702, 724, 725, 745, 760, 775, 793, 829, 838, 839, 877, 901, 903, 905, 910, 923]","[1, 13, 14, 29, 54, 55, 56, 57, 58, 60, 102, 118, 125, 127, 130, 134, 146, 149, 153, 175, 182, 187, 189, 191, 197, 225, 230, 238, 264, 265, 266, 286, 301, 302, 311, 317, 336, 354, 379, 383, 388, 389, 425, 454, 458, 463, 475, 476, 487, 498, 499, 512, 530, 531, 532, 533, 534, 536, 573, 589, 596, 598, 601, 605, 617, 620, 624, 646, 653, 658, 660, 662, 668, 689, 694, 702, 724, 725, 745, 760, 769, 775, 793, 809, 829, 833, 838, 839, 877, 901, 903, 905, 910, 923, 924, 925]","[1, 13, 14, 29, 54, 55, 56, 57, 58, 60, 102, 103, 104, 105, 106, 107, 108, 109, 110, 111, 112, 113, 114, 115, 116, 117, 118, 119, 120, 121, 122, 123, 124, 125, 126, 127, 128, 129, 130, 131, 132, 133, 134, 135, 136, 137, 138, 139, 140, 141, 142, 143, 144, 145, 146, 147, 148, 149, 150, 151, 152, 153, 154, 155, 156, 157, 158, 159, 160, 161, 162, 163, 164, 165, 166, 167, 168, 169, 170, 171, 172, 173, 174, 175, 176, 177, 178, 179, 180, 181, 182, 183, 184, 185, 186, 187, 188, 189, 190, 191, 192, 193, 194, 195, 196, 197, 198, 199, 200, 201, 202, 203, 204, 205, 206, 207, 208, 209, 210, 211, 212, 213, 214, 215, 216, 217, 218, 219, 220, 221, 222, 223, 224, 225, 226, 227, 228, 229, 230, 231, 232, 233, 234, 235, 236, 237, 238, 239, 240, 241, 242, 243, 244, 245, 246, 247, 248, 249, 250, 251, 252, 253, 254, 255, 256, 257, 258, 259, 260, 261, 262, 263, 264, 265, 266, 267, 268, 269, 270, 271, 272, 273, 274, 275, 276, 277, 278, 279, 280, 281, 282, 283, 284, 285, 286, 287, 288, 289, 290, 291, 292, 293, 294, 295, 296, 297, 298, 299, 300, 301, 302, 303, 304, 305, 306, 307, 308, 309, 310, 311, 312, 313, 314, 315, 316, 317, 318, 319, 320, 321, 322, 323, 324, 325, 326, 327, 328, 329, 330, 331, 332, 333, 334, 335, 336, 337, 354, 379, 383, 388, 389, 425, 454, 458, 463, 475, 476, 487, 498, 499, 512, 530, 531, 532, 533, 534, 536, 573, 574, 575, 576, 577, 578, 579, 580, 581, 582, 583, 584, 585, 586, 587, 588, 589, 590, 591, 592, 593, 594, 595, 596, 597, 598, 599, 600, 601, 602, 603, 604, 605, 606, 607, 608, 609, 610, 611, 612, 613, 614, 615, 616, 617, 618, 619, 620, 621, 622, 623, 624, 625, 626, 627, 628, 629, 630, 631, 632, 633, 634, 635, 636, 637, 638, 639, 640, 641, 642, 643, 644, 645, 646, 647, 648, 649, 650, 651, 652, 653, 654, 655, 656, 657, 658, 659, 660, 661, 662, 663, 664, 665, 666, 667, 668, 669, 670, 671, 672, 673, 674, 675, 676, 677, 678, 679, 680, 681, 682, 683, 684, 685, 686, 687, 688, 689, 690, 691, 692, 693, 694, 695, 696, 697, 698, 699, 700, 701, 702, 703, 704, 705, 706, 707, 708, 709, 710, 711, 712, 713, 714, 715, 716, 717, 718, 719, 720, 721, 722, 723, 724, 725, 726, 727, 728, 729, 730, 731, 732, 733, 734, 735, 736, 737, 738, 739, 740, 741, 742, 743, 744, 745, 746, 747, 748, 749, 750, 751, 752, 753, 754, 755, 756, 757, 758, 759, 760, 761, 762, 763, 764, 765, 766, 767, 768, 769, 770, 771, 772, 773, 774, 775, 776, 777, 778, 779, 780, 781, 782, 783, 784, 785, 786, 787, 788, 789, 790, 791, 792, 793, 809, 829, 833, 838, 839, 877, 901, 903, 905, 910, 923, 924, 925]",True,"[209, 243, 271, 311, 679, 707, 730, 769]","[103, 104, 105, 106, 107, 108, 109, 110, 111, 112, 113, 114, 115, 116, 117, 118, 119, 120, 121, 122, 123, 124, 125, 126, 127, 128, 129, 130, 131, 132, 133, 134, 135, 136, 137, 138, 139, 140, 141, 142, 143, 144, 145, 146, 147, 148, 149, 150, 151, 152, 153, 154, 155, 156, 157, 158, 159, 160, 161, 162, 163, 164, 165, 166, 167, 168, 169, 170, 171, 172, 173, 174, 175, 176, 177, 178, 179, 180, 181, 182, 183, 184, 185, 186, 187, 188, 189, 190, 191, 192, 193, 194, 195, 196, 197, 198, 199, 200, 201, 202, 203, 204, 205, 206, 207, 208, 209, 210, 211, 212, 213, 214, 215, 216, 217, 218, 219, 220, 221, 222, 223, 224, 225, 226, 227, 228, 229, 230, 231, 232, 233, 234, 235, 236, 237, 238, 239, 240, 241, 242, 243, 244, 245, 246, 247, 248, 249, 250, 251, 252, 253, 254, 255, 256, 257, 258, 259, 260, 261, 262, 263, 264, 265, 266, 267, 268, 269, 270, 271, 272, 273, 274, 275, 276, 277, 278, 279, 280, 281, 282, 283, 284, 285, 286, 287, 288, 289, 290, 291, 292, 293, 294, 295, 296, 297, 298, 299, 300, 301, 302, 303, 304, 305, 306, 307, 308, 309, 310, 311, 312, 313, 314, 315, 316, 317, 318, 319, 320, 321, 322, 323, 324, 325, 326, 327, 328, 329, 330, 331, 332, 333, 334, 335, 336, 337, 574, 575, 576, 577, 578, 579, 580, 581, 582, 583, 584, 585, 586, 587, 588, 589, 590, 591, 592, 593, 594, 595, 596, 597, 598, 599, 600, 601, 602, 603, 604, 605, 606, 607, 608, 609, 610, 611, 612, 613, 614, 615, 616, 617, 618, 619, 620, 621, 622, 623, 624, 625, 626, 627, 628, 629, 630, 631, 632, 633, 634, 635, 636, 637, 638, 639, 640, 641, 642, 643, 644, 645, 646, 647, 648, 649, 650, 651, 652, 653, 654, 655, 656, 657, 658, 659, 660, 661, 662, 663, 664, 665, 666, 667, 668, 669, 670, 671, 672, 673, 674, 675, 676, 677, 678, 679, 680, 681, 682, 683, 684, 685, 686, 687, 688, 689, 690, 691, 692, 693, 694, 695, 696, 697, 698, 699, 700, 701, 702, 703, 704, 705, 706, 707, 708, 709, 710, 711, 712, 713, 714, 715, 716, 717, 718, 719, 720, 721, 722, 723, 724, 725, 726, 727, 728, 729, 730, 731, 732, 733, 734, 735, 736, 737, 738, 739, 740, 741, 742, 743, 744, 745, 746, 747, 748, 749, 750, 751, 752, 753, 754, 755, 756, 757, 758, 759, 760, 761, 762, 763, 764, 765, 766, 767, 768, 769, 770, 771, 772, 773, 774, 775, 776, 777, 778, 779, 780, 781, 782, 783, 784, 785, 786, 787, 788, 789, 790, 791, 792, 793]","[209, 243, 271, 273, 275, 311, 325, 679, 707, 730, 732, 734, 769, 783]","[209, 271, 311, 679, 730, 769]","[105, 114, 138, 141, 152, 153, 154, 155, 157, 159, 164, 165, 176, 182, 191, 192, 194, 195, 196, 200, 204, 208, 209, 210, 211, 215, 226, 228, 241, 242, 243, 245, 248, 249, 250, 257, 261, 270, 271, 282, 287, 289, 291, 294, 296, 298, 306, 308, 309, 311, 314, 327, 333, 335, 337, 576, 585, 609, 612, 623, 624, 626, 627, 629, 631, 636, 637, 647, 653, 662, 663, 665, 666, 667, 671, 674, 678, 679, 680, 681, 690, 692, 705, 706, 707, 709, 711, 712, 713, 719, 721, 729, 730, 741, 746, 748, 750, 753, 755, 757, 764, 766, 767, 769, 772, 785, 791]","[1, 13, 14, 29, 54, 55, 56, 57, 58, 60, 102, 118, 125, 127, 130, 134, 146, 149, 153, 175, 182, 187, 189, 191, 197, 225, 230, 238, 264, 265, 266, 286, 301, 302, 311, 317, 336, 354, 379, 383, 388, 389, 425, 454, 458, 463, 475, 476, 487, 498, 499, 512, 530, 531, 532, 533, 534, 536, 573, 589, 596, 598, 601, 605, 617, 620, 624, 646, 653, 658, 660, 662, 668, 689, 694, 702, 724, 725, 745, 760, 769, 775, 793, 809, 829, 833, 838, 839, 877, 901, 903, 905, 910, 923, 924, 925]","[1, 13, 14, 29, 54, 55, 56, 57, 58, 60, 102, 118, 125, 127, 130, 134, 146, 149, 153, 175, 182, 187, 189, 191, 197, 225, 230, 238, 264, 265, 266, 286, 302, 317, 336, 379, 388, 389, 425, 454, 458, 463, 475, 487, 498, 499, 512, 530, 531, 532, 533, 534, 536, 573, 589, 596, 598, 601, 605, 617, 620, 624, 646, 653, 658, 660, 662, 668, 689, 694, 702, 724, 725, 745, 760, 775, 793, 829, 838, 839, 877, 901, 903, 905, 910, 923]",6/6 successful match,True,"[373, 374, 375, 376]",True,353,False,,1.0,True,TA Santa Nella # 163 ( Shell ),Shell
E Santa Nella ( 95322 ) TA Santa Nella # 163 ( Shell ) ZA,209-826-0741 I-5 Exit 407 ( CA 33 NE ),ZA 24 <U+25A1> XL,Santa Nella,95322,TA Santa Nella # 163 ( Shell ) ZA,209-826-0741,2016,Gustine,CA,Shell,( CA 33 NE ),I-5 Exit 407 ,Exit,407,False,,False,I-5,,,,,"[769, 311]","[209, 243, 271, 311, 679, 707, 730, 769]","[209, 243, 271, 273, 275, 311, 325, 679, 707, 730, 732, 734, 769, 783]","[209, 271, 311, 679, 730, 769]","[103, 104, 105, 106, 107, 108, 109, 110, 111, 112, 113, 114, 115, 116, 117, 118, 119, 120, 121, 122, 123, 124, 125, 126, 127, 128, 129, 130, 131, 132, 133, 134, 135, 136, 137, 138, 139, 140, 141, 142, 143, 144, 145, 146, 147, 148, 149, 150, 151, 152, 153, 154, 155, 156, 157, 158, 159, 160, 161, 162, 163, 164, 165, 166, 167, 168, 169, 170, 171, 172, 173, 174, 175, 176, 177, 178, 179, 180, 181, 182, 183, 184, 185, 186, 187, 188, 189, 190, 191, 192, 193, 194, 195, 196, 197, 198, 199, 200, 201, 202, 203, 204, 205, 206, 207, 208, 209, 210, 211, 212, 213, 214, 215, 216, 217, 218, 219, 220, 221, 222, 223, 224, 225, 226, 227, 228, 229, 230, 231, 232, 233, 234, 235, 236, 237, 238, 239, 240, 241, 242, 243, 244, 245, 246, 247, 248, 249, 250, 251, 252, 253, 254, 255, 256, 257, 258, 259, 260, 261, 262, 263, 264, 265, 266, 267, 268, 269, 270, 271, 272, 273, 274, 275, 276, 277, 278, 279, 280, 281, 282, 283, 284, 285, 286, 287, 288, 289, 290, 291, 292, 293, 294, 295, 296, 297, 298, 299, 300, 301, 302, 303, 304, 305, 306, 307, 308, 309, 310, 311, 312, 313, 314, 315, 316, 317, 318, 319, 320, 321, 322, 323, 324, 325, 326, 327, 328, 329, 330, 331, 332, 333, 334, 335, 336, 337, 574, 575, 576, 577, 578, 579, 580, 581, 582, 583, 584, 585, 586, 587, 588, 589, 590, 591, 592, 593, 594, 595, 596, 597, 598, 599, 600, 601, 602, 603, 604, 605, 606, 607, 608, 609, 610, 611, 612, 613, 614, 615, 616, 617, 618, 619, 620, 621, 622, 623, 624, 625, 626, 627, 628, 629, 630, 631, 632, 633, 634, 635, 636, 637, 638, 639, 640, 641, 642, 643, 644, 645, 646, 647, 648, 649, 650, 651, 652, 653, 654, 655, 656, 657, 658, 659, 660, 661, 662, 663, 664, 665, 666, 667, 668, 669, 670, 671, 672, 673, 674, 675, 676, 677, 678, 679, 680, 681, 682, 683, 684, 685, 686, 687, 688, 689, 690, 691, 692, 693, 694, 695, 696, 697, 698, 699, 700, 701, 702, 703, 704, 705, 706, 707, 708, 709, 710, 711, 712, 713, 714, 715, 716, 717, 718, 719, 720, 721, 722, 723, 724, 725, 726, 727, 728, 729, 730, 731, 732, 733, 734, 735, 736, 737, 738, 739, 740, 741, 742, 743, 744, 745, 746, 747, 748, 749, 750, 751, 752, 753, 754, 755, 756, 757, 758, 759, 760, 761, 762, 763, 764, 765, 766, 767, 768, 769, 770, 771, 772, 773, 774, 775, 776, 777, 778, 779, 780, 781, 782, 783, 784, 785, 786, 787, 788, 789, 790, 791, 792, 793]","[105, 114, 138, 141, 152, 153, 154, 155, 157, 159, 164, 165, 176, 182, 191, 192, 194, 195, 196, 200, 204, 208, 209, 210, 211, 215, 226, 228, 241, 242, 243, 245, 248, 249, 250, 257, 261, 270, 271, 282, 287, 289, 291, 294, 296, 298, 306, 308, 309, 311, 314, 327, 333, 335, 337, 576, 585, 609, 612, 623, 624, 626, 627, 629, 631, 636, 637, 647, 653, 662, 663, 665, 666, 667, 671, 674, 678, 679, 680, 681, 690, 692, 705, 706, 707, 709, 711, 712, 713, 719, 721, 729, 730, 741, 746, 748, 750, 753, 755, 757, 764, 766, 767, 769, 772, 785, 791]","[1, 13, 14, 29, 54, 55, 56, 57, 58, 60, 102, 118, 125, 127, 130, 134, 146, 149, 153, 175, 182, 187, 189, 191, 197, 225, 230, 238, 264, 265, 266, 286, 302, 317, 336, 379, 388, 389, 425, 454, 458, 463, 475, 487, 498, 499, 512, 530, 531, 532, 533, 534, 536, 573, 589, 596, 598, 601, 605, 617, 620, 624, 646, 653, 658, 660, 662, 668, 689, 694, 702, 724, 725, 745, 760, 775, 793, 829, 838, 839, 877, 901, 903, 905, 910, 923]","[1, 13, 14, 29, 54, 55, 56, 57, 58, 60, 102, 118, 125, 127, 130, 134, 146, 149, 153, 175, 182, 187, 189, 191, 197, 225, 230, 238, 264, 265, 266, 286, 301, 302, 311, 317, 336, 354, 379, 383, 388, 389, 425, 454, 458, 463, 475, 476, 487, 498, 499, 512, 530, 531, 532, 533, 534, 536, 573, 589, 596, 598, 601, 605, 617, 620, 624, 646, 653, 658, 660, 662, 668, 689, 694, 702, 724, 725, 745, 760, 769, 775, 793, 809, 829, 833, 838, 839, 877, 901, 903, 905, 910, 923, 924, 925]","[1, 13, 14, 29, 54, 55, 56, 57, 58, 60, 102, 103, 104, 105, 106, 107, 108, 109, 110, 111, 112, 113, 114, 115, 116, 117, 118, 119, 120, 121, 122, 123, 124, 125, 126, 127, 128, 129, 130, 131, 132, 133, 134, 135, 136, 137, 138, 139, 140, 141, 142, 143, 144, 145, 146, 147, 148, 149, 150, 151, 152, 153, 154, 155, 156, 157, 158, 159, 160, 161, 162, 163, 164, 165, 166, 167, 168, 169, 170, 171, 172, 173, 174, 175, 176, 177, 178, 179, 180, 181, 182, 183, 184, 185, 186, 187, 188, 189, 190, 191, 192, 193, 194, 195, 196, 197, 198, 199, 200, 201, 202, 203, 204, 205, 206, 207, 208, 209, 210, 211, 212, 213, 214, 215, 216, 217, 218, 219, 220, 221, 222, 223, 224, 225, 226, 227, 228, 229, 230, 231, 232, 233, 234, 235, 236, 237, 238, 239, 240, 241, 242, 243, 244, 245, 246, 247, 248, 249, 250, 251, 252, 253, 254, 255, 256, 257, 258, 259, 260, 261, 262, 263, 264, 265, 266, 267, 268, 269, 270, 271, 272, 273, 274, 275, 276, 277, 278, 279, 280, 281, 282, 283, 284, 285, 286, 287, 288, 289, 290, 291, 292, 293, 294, 295, 296, 297, 298, 299, 300, 301, 302, 303, 304, 305, 306, 307, 308, 309, 310, 311, 312, 313, 314, 315, 316, 317, 318, 319, 320, 321, 322, 323, 324, 325, 326, 327, 328, 329, 330, 331, 332, 333, 334, 335, 336, 337, 354, 379, 383, 388, 389, 425, 454, 458, 463, 475, 476, 487, 498, 499, 512, 530, 531, 532, 533, 534, 536, 573, 574, 575, 576, 577, 578, 579, 580, 581, 582, 583, 584, 585, 586, 587, 588, 589, 590, 591, 592, 593, 594, 595, 596, 597, 598, 599, 600, 601, 602, 603, 604, 605, 606, 607, 608, 609, 610, 611, 612, 613, 614, 615, 616, 617, 618, 619, 620, 621, 622, 623, 624, 625, 626, 627, 628, 629, 630, 631, 632, 633, 634, 635, 636, 637, 638, 639, 640, 641, 642, 643, 644, 645, 646, 647, 648, 649, 650, 651, 652, 653, 654, 655, 656, 657, 658, 659, 660, 661, 662, 663, 664, 665, 666, 667, 668, 669, 670, 671, 672, 673, 674, 675, 676, 677, 678, 679, 680, 681, 682, 683, 684, 685, 686, 687, 688, 689, 690, 691, 692, 693, 694, 695, 696, 697, 698, 699, 700, 701, 702, 703, 704, 705, 706, 707, 708, 709, 710, 711, 712, 713, 714, 715, 716, 717, 718, 719, 720, 721, 722, 723, 724, 725, 726, 727, 728, 729, 730, 731, 732, 733, 734, 735, 736, 737, 738, 739, 740, 741, 742, 743, 744, 745, 746, 747, 748, 749, 750, 751, 752, 753, 754, 755, 756, 757, 758, 759, 760, 761, 762, 763, 764, 765, 766, 767, 768, 769, 770, 771, 772, 773, 774, 775, 776, 777, 778, 779, 780, 781, 782, 783, 784, 785, 786, 787, 788, 789, 790, 791, 792, 793, 809, 829, 833, 838, 839, 877, 901, 903, 905, 910, 923, 924, 925]",True,"[209, 243, 271, 311, 679, 707, 730, 769]","[103, 104, 105, 106, 107, 108, 109, 110, 111, 112, 113, 114, 115, 116, 117, 118, 119, 120, 121, 122, 123, 124, 125, 126, 127, 128, 129, 130, 131, 132, 133, 134, 135, 136, 137, 138, 139, 140, 141, 142, 143, 144, 145, 146, 147, 148, 149, 150, 151, 152, 153, 154, 155, 156, 157, 158, 159, 160, 161, 162, 163, 164, 165, 166, 167, 168, 169, 170, 171, 172, 173, 174, 175, 176, 177, 178, 179, 180, 181, 182, 183, 184, 185, 186, 187, 188, 189, 190, 191, 192, 193, 194, 195, 196, 197, 198, 199, 200, 201, 202, 203, 204, 205, 206, 207, 208, 209, 210, 211, 212, 213, 214, 215, 216, 217, 218, 219, 220, 221, 222, 223, 224, 225, 226, 227, 228, 229, 230, 231, 232, 233, 234, 235, 236, 237, 238, 239, 240, 241, 242, 243, 244, 245, 246, 247, 248, 249, 250, 251, 252, 253, 254, 255, 256, 257, 258, 259, 260, 261, 262, 263, 264, 265, 266, 267, 268, 269, 270, 271, 272, 273, 274, 275, 276, 277, 278, 279, 280, 281, 282, 283, 284, 285, 286, 287, 288, 289, 290, 291, 292, 293, 294, 295, 296, 297, 298, 299, 300, 301, 302, 303, 304, 305, 306, 307, 308, 309, 310, 311, 312, 313, 314, 315, 316, 317, 318, 319, 320, 321, 322, 323, 324, 325, 326, 327, 328, 329, 330, 331, 332, 333, 334, 335, 336, 337, 574, 575, 576, 577, 578, 579, 580, 581, 582, 583, 584, 585, 586, 587, 588, 589, 590, 591, 592, 593, 594, 595, 596, 597, 598, 599, 600, 601, 602, 603, 604, 605, 606, 607, 608, 609, 610, 611, 612, 613, 614, 615, 616, 617, 618, 619, 620, 621, 622, 623, 624, 625, 626, 627, 628, 629, 630, 631, 632, 633, 634, 635, 636, 637, 638, 639, 640, 641, 642, 643, 644, 645, 646, 647, 648, 649, 650, 651, 652, 653, 654, 655, 656, 657, 658, 659, 660, 661, 662, 663, 664, 665, 666, 667, 668, 669, 670, 671, 672, 673, 674, 675, 676, 677, 678, 679, 680, 681, 682, 683, 684, 685, 686, 687, 688, 689, 690, 691, 692, 693, 694, 695, 696, 697, 698, 699, 700, 701, 702, 703, 704, 705, 706, 707, 708, 709, 710, 711, 712, 713, 714, 715, 716, 717, 718, 719, 720, 721, 722, 723, 724, 725, 726, 727, 728, 729, 730, 731, 732, 733, 734, 735, 736, 737, 738, 739, 740, 741, 742, 743, 744, 745, 746, 747, 748, 749, 750, 751, 752, 753, 754, 755, 756, 757, 758, 759, 760, 761, 762, 763, 764, 765, 766, 767, 768, 769, 770, 771, 772, 773, 774, 775, 776, 777, 778, 779, 780, 781, 782, 783, 784, 785, 786, 787, 788, 789, 790, 791, 792, 793]","[209, 243, 271, 273, 275, 311, 325, 679, 707, 730, 732, 734, 769, 783]","[209, 271, 311, 679, 730, 769]","[105, 114, 138, 141, 152, 153, 154, 155, 157, 159, 164, 165, 176, 182, 191, 192, 194, 195, 196, 200, 204, 208, 209, 210, 211, 215, 226, 228, 241, 242, 243, 245, 248, 249, 250, 257, 261, 270, 271, 282, 287, 289, 291, 294, 296, 298, 306, 308, 309, 311, 314, 327, 333, 335, 337, 576, 585, 609, 612, 623, 624, 626, 627, 629, 631, 636, 637, 647, 653, 662, 663, 665, 666, 667, 671, 674, 678, 679, 680, 681, 690, 692, 705, 706, 707, 709, 711, 712, 713, 719, 721, 729, 730, 741, 746, 748, 750, 753, 755, 757, 764, 766, 767, 769, 772, 785, 791]","[1, 13, 14, 29, 54, 55, 56, 57, 58, 60, 102, 118, 125, 127, 130, 134, 146, 149, 153, 175, 182, 187, 189, 191, 197, 225, 230, 238, 264, 265, 266, 286, 301, 302, 311, 317, 336, 354, 379, 383, 388, 389, 425, 454, 458, 463, 475, 476, 487, 498, 499, 512, 530, 531, 532, 533, 534, 536, 573, 589, 596, 598, 601, 605, 617, 620, 624, 646, 653, 658, 660, 662, 668, 689, 694, 702, 724, 725, 745, 760, 769, 775, 793, 809, 829, 833, 838, 839, 877, 901, 903, 905, 910, 923, 924, 925]","[1, 13, 14, 29, 54, 55, 56, 57, 58, 60, 102, 118, 125, 127, 130, 134, 146, 149, 153, 175, 182, 187, 189, 191, 197, 225, 230, 238, 264, 265, 266, 286, 302, 317, 336, 379, 388, 389, 425, 454, 458, 463, 475, 487, 498, 499, 512, 530, 531, 532, 533, 534, 536, 573, 589, 596, 598, 601, 605, 617, 620, 624, 646, 653, 658, 660, 662, 668, 689, 694, 702, 724, 725, 745, 760, 775, 793, 829, 838, 839, 877, 901, 903, 905, 910, 923]",6/6 successful match,True,"[373, 374, 375, 376]",True,353,False,,1.0,True,TA Santa Nelia # 163 ( Shell ),Shell
"E Santa Nella , 95322 Rotten Robbie # 59",209-826-4418 I-5 Exit 407 ( CA 33 S ),42 XL 200,Santa Nella,95322,Rotten Robbie # 59,209-826-4418,2006,Gustine,CA,,( CA 33 S ),I-5 Exit 407 ,Exit,407,False,,False,I-5,,,,,"[730, 271]","[209, 243, 271, 311, 679, 707, 730, 769]","[209, 243, 271, 273, 275, 311, 325, 679, 707, 730, 732, 734, 769, 783]","[209, 271, 311, 679, 730, 769]","[103, 104, 105, 106, 107, 108, 109, 110, 111, 112, 113, 114, 115, 116, 117, 118, 119, 120, 121, 122, 123, 124, 125, 126, 127, 128, 129, 130, 131, 132, 133, 134, 135, 136, 137, 138, 139, 140, 141, 142, 143, 144, 145, 146, 147, 148, 149, 150, 151, 152, 153, 154, 155, 156, 157, 158, 159, 160, 161, 162, 163, 164, 165, 166, 167, 168, 169, 170, 171, 172, 173, 174, 175, 176, 177, 178, 179, 180, 181, 182, 183, 184, 185, 186, 187, 188, 189, 190, 191, 192, 193, 194, 195, 196, 197, 198, 199, 200, 201, 202, 203, 204, 205, 206, 207, 208, 209, 210, 211, 212, 213, 214, 215, 216, 217, 218, 219, 220, 221, 222, 223, 224, 225, 226, 227, 228, 229, 230, 231, 232, 233, 234, 235, 236, 237, 238, 239, 240, 241, 242, 243, 244, 245, 246, 247, 248, 249, 250, 251, 252, 253, 254, 255, 256, 257, 258, 259, 260, 261, 262, 263, 264, 265, 266, 267, 268, 269, 270, 271, 272, 273, 274, 275, 276, 277, 278, 279, 280, 281, 282, 283, 284, 285, 286, 287, 288, 289, 290, 291, 292, 293, 294, 295, 296, 297, 298, 299, 300, 301, 302, 303, 304, 305, 306, 307, 308, 309, 310, 311, 312, 313, 314, 315, 316, 317, 318, 319, 320, 321, 322, 323, 324, 325, 326, 327, 328, 329, 330, 331, 332, 333, 334, 335, 336, 337, 574, 575, 576, 577, 578, 579, 580, 581, 582, 583, 584, 585, 586, 587, 588, 589, 590, 591, 592, 593, 594, 595, 596, 597, 598, 599, 600, 601, 602, 603, 604, 605, 606, 607, 608, 609, 610, 611, 612, 613, 614, 615, 616, 617, 618, 619, 620, 621, 622, 623, 624, 625, 626, 627, 628, 629, 630, 631, 632, 633, 634, 635, 636, 637, 638, 639, 640, 641, 642, 643, 644, 645, 646, 647, 648, 649, 650, 651, 652, 653, 654, 655, 656, 657, 658, 659, 660, 661, 662, 663, 664, 665, 666, 667, 668, 669, 670, 671, 672, 673, 674, 675, 676, 677, 678, 679, 680, 681, 682, 683, 684, 685, 686, 687, 688, 689, 690, 691, 692, 693, 694, 695, 696, 697, 698, 699, 700, 701, 702, 703, 704, 705, 706, 707, 708, 709, 710, 711, 712, 713, 714, 715, 716, 717, 718, 719, 720, 721, 722, 723, 724, 725, 726, 727, 728, 729, 730, 731, 732, 733, 734, 735, 736, 737, 738, 739, 740, 741, 742, 743, 744, 745, 746, 747, 748, 749, 750, 751, 752, 753, 754, 755, 756, 757, 758, 759, 760, 761, 762, 763, 764, 765, 766, 767, 768, 769, 770, 771, 772, 773, 774, 775, 776, 777, 778, 779, 780, 781, 782, 783, 784, 785, 786, 787, 788, 789, 790, 791, 792, 793]","[105, 114, 138, 141, 152, 153, 154, 155, 157, 159, 164, 165, 176, 182, 191, 192, 194, 195, 196, 200, 204, 208, 209, 210, 211, 215, 226, 228, 241, 242, 243, 245, 248, 249, 250, 257, 261, 270, 271, 282, 287, 289, 291, 294, 296, 298, 306, 308, 309, 311, 314, 327, 333, 335, 337, 576, 585, 609, 612, 623, 624, 626, 627, 629, 631, 636, 637, 647, 653, 662, 663, 665, 666, 667, 671, 674, 678, 679, 680, 681, 690, 692, 705, 706, 707, 709, 711, 712, 713, 719, 721, 729, 730, 741, 746, 748, 750, 753, 755, 757, 764, 766, 767, 769, 772, 785, 791]",[],"[271, 272, 273, 274, 275, 276, 730, 731, 732, 733, 734, 735]","[103, 104, 105, 106, 107, 108, 109, 110, 111, 112, 113, 114, 115, 116, 117, 118, 119, 120, 121, 122, 123, 124, 125, 126, 127, 128, 129, 130, 131, 132, 133, 134, 135, 136, 137, 138, 139, 140, 141, 142, 143, 144, 145, 146, 147, 148, 149, 150, 151, 152, 153, 154, 155, 156, 157, 158, 159, 160, 161, 162, 163, 164, 165, 166, 167, 168, 169, 170, 171, 172, 173, 174, 175, 176, 177, 178, 179, 180, 181, 182, 183, 184, 185, 186, 187, 188, 189, 190, 191, 192, 193, 194, 195, 196, 197, 198, 199, 200, 201, 202, 203, 204, 205, 206, 207, 208, 209, 210, 211, 212, 213, 214, 215, 216, 217, 218, 219, 220, 221, 222, 223, 224, 225, 226, 227, 228, 229, 230, 231, 232, 233, 234, 235, 236, 237, 238, 239, 240, 241, 242, 243, 244, 245, 246, 247, 248, 249, 250, 251, 252, 253, 254, 255, 256, 257, 258, 259, 260, 261, 262, 263, 264, 265, 266, 267, 268, 269, 270, 271, 272, 273, 274, 275, 276, 277, 278, 279, 280, 281, 282, 283, 284, 285, 286, 287, 288, 289, 290, 291, 292, 293, 294, 295, 296, 297, 298, 299, 300, 301, 302, 303, 304, 305, 306, 307, 308, 309, 310, 311, 312, 313, 314, 315, 316, 317, 318, 319, 320, 321, 322, 323, 324, 325, 326, 327, 328, 329, 330, 331, 332, 333, 334, 335, 336, 337, 574, 575, 576, 577, 578, 579, 580, 581, 582, 583, 584, 585, 586, 587, 588, 589, 590, 591, 592, 593, 594, 595, 596, 597, 598, 599, 600, 601, 602, 603, 604, 605, 606, 607, 608, 609, 610, 611, 612, 613, 614, 615, 616, 617, 618, 619, 620, 621, 622, 623, 624, 625, 626, 627, 628, 629, 630, 631, 632, 633, 634, 635, 636, 637, 638, 639, 640, 641, 642, 643, 644, 645, 646, 647, 648, 649, 650, 651, 652, 653, 654, 655, 656, 657, 658, 659, 660, 661, 662, 663, 664, 665, 666, 667, 668, 669, 670, 671, 672, 673, 674, 675, 676, 677, 678, 679, 680, 681, 682, 683, 684, 685, 686, 687, 688, 689, 690, 691, 692, 693, 694, 695, 696, 697, 698, 699, 700, 701, 702, 703, 704, 705, 706, 707, 708, 709, 710, 711, 712, 713, 714, 715, 716, 717, 718, 719, 720, 721, 722, 723, 724, 725, 726, 727, 728, 729, 730, 731, 732, 733, 734, 735, 736, 737, 738, 739, 740, 741, 742, 743, 744, 745, 746, 747, 748, 749, 750, 751, 752, 753, 754, 755, 756, 757, 758, 759, 760, 761, 762, 763, 764, 765, 766, 767, 768, 769, 770, 771, 772, 773, 774, 775, 776, 777, 778, 779, 780, 781, 782, 783, 784, 785, 786, 787, 788, 789, 790, 791, 792, 793]",True,"[209, 243, 271, 311, 679, 707, 730, 769]","[103, 104, 105, 106, 107, 108, 109, 110, 111, 112, 113, 114, 115, 116, 117, 118, 119, 120, 121, 122, 123, 124, 125, 126, 127, 128, 129, 130, 131, 132, 133, 134, 135, 136, 137, 138, 139, 140, 141, 142, 143, 144, 145, 146, 147, 148, 149, 150, 151, 152, 153, 154, 155, 156, 157, 158, 159, 160, 161, 162, 163, 164, 165, 166, 167, 168, 169, 170, 171, 172, 173, 174, 175, 176, 177, 178, 179, 180, 181, 182, 183, 184, 185, 186, 187, 188, 189, 190, 191, 192, 193, 194, 195, 196, 197, 198, 199, 200, 201, 202, 203, 204, 205, 206, 207, 208, 209, 210, 211, 212, 213, 214, 215, 216, 217, 218, 219, 220, 221, 222, 223, 224, 225, 226, 227, 228, 229, 230, 231, 232, 233, 234, 235, 236, 237, 238, 239, 240, 241, 242, 243, 244, 245, 246, 247, 248, 249, 250, 251, 252, 253, 254, 255, 256, 257, 258, 259, 260, 261, 262, 263, 264, 265, 266, 267, 268, 269, 270, 271, 272, 273, 274, 275, 276, 277, 278, 279, 280, 281, 282, 283, 284, 285, 286, 287, 288, 289, 290, 291, 292, 293, 294, 295, 296, 297, 298, 299, 300, 301, 302, 303, 304, 305, 306, 307, 308, 309, 310, 311, 312, 313, 314, 315, 316, 317, 318, 319, 320, 321, 322, 323, 324, 325, 326, 327, 328, 329, 330, 331, 332, 333, 334, 335, 336, 337, 574, 575, 576, 577, 578, 579, 580, 581, 582, 583, 584, 585, 586, 587, 588, 589, 590, 591, 592, 593, 594, 595, 596, 597, 598, 599, 600, 601, 602, 603, 604, 605, 606, 607, 608, 609, 610, 611, 612, 613, 614, 615, 616, 617, 618, 619, 620, 621, 622, 623, 624, 625, 626, 627, 628, 629, 630, 631, 632, 633, 634, 635, 636, 637, 638, 639, 640, 641, 642, 643, 644, 645, 646, 647, 648, 649, 650, 651, 652, 653, 654, 655, 656, 657, 658, 659, 660, 661, 662, 663, 664, 665, 666, 667, 668, 669, 670, 671, 672, 673, 674, 675, 676, 677, 678, 679, 680, 681, 682, 683, 684, 685, 686, 687, 688, 689, 690, 691, 692, 693, 694, 695, 696, 697, 698, 699, 700, 701, 702, 703, 704, 705, 706, 707, 708, 709, 710, 711, 712, 713, 714, 715, 716, 717, 718, 719, 720, 721, 722, 723, 724, 725, 726, 727, 728, 729, 730, 731, 732, 733, 734, 735, 736, 737, 738, 739, 740, 741, 742, 743, 744, 745, 746, 747, 748, 749, 750, 751, 752, 753, 754, 755, 756, 757, 758, 759, 760, 761, 762, 763, 764, 765, 766, 767, 768, 769, 770, 771, 772, 773, 774, 775, 776, 777, 778, 779, 780, 781, 782, 783, 784, 785, 786, 787, 788, 789, 790, 791, 792, 793]","[209, 243, 271, 273, 275, 311, 325, 679, 707, 730, 732, 734, 769, 783]","[209, 271, 311, 679, 730, 769]","[105, 114, 138, 141, 152, 153, 154, 155, 157, 159, 164, 165, 176, 182, 191, 192, 194, 195, 196, 200, 204, 208, 209, 210, 211, 215, 226, 228, 241, 242, 243, 245, 248, 249, 250, 257, 261, 270, 271, 282, 287, 289, 291, 294, 296, 298, 306, 308, 309, 311, 314, 327, 333, 335, 337, 576, 585, 609, 612, 623, 624, 626, 627, 629, 631, 636, 637, 647, 653, 662, 663, 665, 666, 667, 671, 674, 678, 679, 680, 681, 690, 692, 705, 706, 707, 709, 711, 712, 713, 719, 721, 729, 730, 741, 746, 748, 750, 753, 755, 757, 764, 766, 767, 769, 772, 785, 791]","[271, 272, 273, 274, 275, 276, 730, 731, 732, 733, 734, 735]",[],7/6 successful match,True,[644],True,354,False,,,,,
"E Santa Nella , 95322 Rotten Robbie # 59",209-826-4418 I-5 Exit 407 ( CA 33 S ),L 00,Santa Nella,95322,Rotten Robbie # 59,209-826-4418,2007,Gustine,CA,,( CA 33 S ),I-5 Exit 407 ,Exit,407,False,,False,I-5,,,,,"[730, 271]","[209, 243, 271, 311, 679, 707, 730, 769]","[209, 243, 271, 273, 275, 311, 325, 679, 707, 730, 732, 734, 769, 783]","[209, 271, 311, 679, 730, 769]","[103, 104, 105, 106, 107, 108, 109, 110, 111, 112, 113, 114, 115, 116, 117, 118, 119, 120, 121, 122, 123, 124, 125, 126, 127, 128, 129, 130, 131, 132, 133, 134, 135, 136, 137, 138, 139, 140, 141, 142, 143, 144, 145, 146, 147, 148, 149, 150, 151, 152, 153, 154, 155, 156, 157, 158, 159, 160, 161, 162, 163, 164, 165, 166, 167, 168, 169, 170, 171, 172, 173, 174, 175, 176, 177, 178, 179, 180, 181, 182, 183, 184, 185, 186, 187, 188, 189, 190, 191, 192, 193, 194, 195, 196, 197, 198, 199, 200, 201, 202, 203, 204, 205, 206, 207, 208, 209, 210, 211, 212, 213, 214, 215, 216, 217, 218, 219, 220, 221, 222, 223, 224, 225, 226, 227, 228, 229, 230, 231, 232, 233, 234, 235, 236, 237, 238, 239, 240, 241, 242, 243, 244, 245, 246, 247, 248, 249, 250, 251, 252, 253, 254, 255, 256, 257, 258, 259, 260, 261, 262, 263, 264, 265, 266, 267, 268, 269, 270, 271, 272, 273, 274, 275, 276, 277, 278, 279, 280, 281, 282, 283, 284, 285, 286, 287, 288, 289, 290, 291, 292, 293, 294, 295, 296, 297, 298, 299, 300, 301, 302, 303, 304, 305, 306, 307, 308, 309, 310, 311, 312, 313, 314, 315, 316, 317, 318, 319, 320, 321, 322, 323, 324, 325, 326, 327, 328, 329, 330, 331, 332, 333, 334, 335, 336, 337, 574, 575, 576, 577, 578, 579, 580, 581, 582, 583, 584, 585, 586, 587, 588, 589, 590, 591, 592, 593, 594, 595, 596, 597, 598, 599, 600, 601, 602, 603, 604, 605, 606, 607, 608, 609, 610, 611, 612, 613, 614, 615, 616, 617, 618, 619, 620, 621, 622, 623, 624, 625, 626, 627, 628, 629, 630, 631, 632, 633, 634, 635, 636, 637, 638, 639, 640, 641, 642, 643, 644, 645, 646, 647, 648, 649, 650, 651, 652, 653, 654, 655, 656, 657, 658, 659, 660, 661, 662, 663, 664, 665, 666, 667, 668, 669, 670, 671, 672, 673, 674, 675, 676, 677, 678, 679, 680, 681, 682, 683, 684, 685, 686, 687, 688, 689, 690, 691, 692, 693, 694, 695, 696, 697, 698, 699, 700, 701, 702, 703, 704, 705, 706, 707, 708, 709, 710, 711, 712, 713, 714, 715, 716, 717, 718, 719, 720, 721, 722, 723, 724, 725, 726, 727, 728, 729, 730, 731, 732, 733, 734, 735, 736, 737, 738, 739, 740, 741, 742, 743, 744, 745, 746, 747, 748, 749, 750, 751, 752, 753, 754, 755, 756, 757, 758, 759, 760, 761, 762, 763, 764, 765, 766, 767, 768, 769, 770, 771, 772, 773, 774, 775, 776, 777, 778, 779, 780, 781, 782, 783, 784, 785, 786, 787, 788, 789, 790, 791, 792, 793]","[105, 114, 138, 141, 152, 153, 154, 155, 157, 159, 164, 165, 176, 182, 191, 192, 194, 195, 196, 200, 204, 208, 209, 210, 211, 215, 226, 228, 241, 242, 243, 245, 248, 249, 250, 257, 261, 270, 271, 282, 287, 289, 291, 294, 296, 298, 306, 308, 309, 311, 314, 327, 333, 335, 337, 576, 585, 609, 612, 623, 624, 626, 627, 629, 631, 636, 637, 647, 653, 662, 663, 665, 666, 667, 671, 674, 678, 679, 680, 681, 690, 692, 705, 706, 707, 709, 711, 712, 713, 719, 721, 729, 730, 741, 746, 748, 750, 753, 755, 757, 764, 766, 767, 769, 772, 785, 791]",[],"[271, 272, 273, 274, 275, 276, 730, 731, 732, 733, 734, 735]","[103, 104, 105, 106, 107, 108, 109, 110, 111, 112, 113, 114, 115, 116, 117, 118, 119, 120, 121, 122, 123, 124, 125, 126, 127, 128, 129, 130, 131, 132, 133, 134, 135, 136, 137, 138, 139, 140, 141, 142, 143, 144, 145, 146, 147, 148, 149, 150, 151, 152, 153, 154, 155, 156, 157, 158, 159, 160, 161, 162, 163, 164, 165, 166, 167, 168, 169, 170, 171, 172, 173, 174, 175, 176, 177, 178, 179, 180, 181, 182, 183, 184, 185, 186, 187, 188, 189, 190, 191, 192, 193, 194, 195, 196, 197, 198, 199, 200, 201, 202, 203, 204, 205, 206, 207, 208, 209, 210, 211, 212, 213, 214, 215, 216, 217, 218, 219, 220, 221, 222, 223, 224, 225, 226, 227, 228, 229, 230, 231, 232, 233, 234, 235, 236, 237, 238, 239, 240, 241, 242, 243, 244, 245, 246, 247, 248, 249, 250, 251, 252, 253, 254, 255, 256, 257, 258, 259, 260, 261, 262, 263, 264, 265, 266, 267, 268, 269, 270, 271, 272, 273, 274, 275, 276, 277, 278, 279, 280, 281, 282, 283, 284, 285, 286, 287, 288, 289, 290, 291, 292, 293, 294, 295, 296, 297, 298, 299, 300, 301, 302, 303, 304, 305, 306, 307, 308, 309, 310, 311, 312, 313, 314, 315, 316, 317, 318, 319, 320, 321, 322, 323, 324, 325, 326, 327, 328, 329, 330, 331, 332, 333, 334, 335, 336, 337, 574, 575, 576, 577, 578, 579, 580, 581, 582, 583, 584, 585, 586, 587, 588, 589, 590, 591, 592, 593, 594, 595, 596, 597, 598, 599, 600, 601, 602, 603, 604, 605, 606, 607, 608, 609, 610, 611, 612, 613, 614, 615, 616, 617, 618, 619, 620, 621, 622, 623, 624, 625, 626, 627, 628, 629, 630, 631, 632, 633, 634, 635, 636, 637, 638, 639, 640, 641, 642, 643, 644, 645, 646, 647, 648, 649, 650, 651, 652, 653, 654, 655, 656, 657, 658, 659, 660, 661, 662, 663, 664, 665, 666, 667, 668, 669, 670, 671, 672, 673, 674, 675, 676, 677, 678, 679, 680, 681, 682, 683, 684, 685, 686, 687, 688, 689, 690, 691, 692, 693, 694, 695, 696, 697, 698, 699, 700, 701, 702, 703, 704, 705, 706, 707, 708, 709, 710, 711, 712, 713, 714, 715, 716, 717, 718, 719, 720, 721, 722, 723, 724, 725, 726, 727, 728, 729, 730, 731, 732, 733, 734, 735, 736, 737, 738, 739, 740, 741, 742, 743, 744, 745, 746, 747, 748, 749, 750, 751, 752, 753, 754, 755, 756, 757, 758, 759, 760, 761, 762, 763, 764, 765, 766, 767, 768, 769, 770, 771, 772, 773, 774, 775, 776, 777, 778, 779, 780, 781, 782, 783, 784, 785, 786, 787, 788, 789, 790, 791, 792, 793]",True,"[209, 243, 271, 311, 679, 707, 730, 769]","[103, 104, 105, 106, 107, 108, 109, 110, 111, 112, 113, 114, 115, 116, 117, 118, 119, 120, 121, 122, 123, 124, 125, 126, 127, 128, 129, 130, 131, 132, 133, 134, 135, 136, 137, 138, 139, 140, 141, 142, 143, 144, 145, 146, 147, 148, 149, 150, 151, 152, 153, 154, 155, 156, 157, 158, 159, 160, 161, 162, 163, 164, 165, 166, 167, 168, 169, 170, 171, 172, 173, 174, 175, 176, 177, 178, 179, 180, 181, 182, 183, 184, 185, 186, 187, 188, 189, 190, 191, 192, 193, 194, 195, 196, 197, 198, 199, 200, 201, 202, 203, 204, 205, 206, 207, 208, 209, 210, 211, 212, 213, 214, 215, 216, 217, 218, 219, 220, 221, 222, 223, 224, 225, 226, 227, 228, 229, 230, 231, 232, 233, 234, 235, 236, 237, 238, 239, 240, 241, 242, 243, 244, 245, 246, 247, 248, 249, 250, 251, 252, 253, 254, 255, 256, 257, 258, 259, 260, 261, 262, 263, 264, 265, 266, 267, 268, 269, 270, 271, 272, 273, 274, 275, 276, 277, 278, 279, 280, 281, 282, 283, 284, 285, 286, 287, 288, 289, 290, 291, 292, 293, 294, 295, 296, 297, 298, 299, 300, 301, 302, 303, 304, 305, 306, 307, 308, 309, 310, 311, 312, 313, 314, 315, 316, 317, 318, 319, 320, 321, 322, 323, 324, 325, 326, 327, 328, 329, 330, 331, 332, 333, 334, 335, 336, 337, 574, 575, 576, 577, 578, 579, 580, 581, 582, 583, 584, 585, 586, 587, 588, 589, 590, 591, 592, 593, 594, 595, 596, 597, 598, 599, 600, 601, 602, 603, 604, 605, 606, 607, 608, 609, 610, 611, 612, 613, 614, 615, 616, 617, 618, 619, 620, 621, 622, 623, 624, 625, 626, 627, 628, 629, 630, 631, 632, 633, 634, 635, 636, 637, 638, 639, 640, 641, 642, 643, 644, 645, 646, 647, 648, 649, 650, 651, 652, 653, 654, 655, 656, 657, 658, 659, 660, 661, 662, 663, 664, 665, 666, 667, 668, 669, 670, 671, 672, 673, 674, 675, 676, 677, 678, 679, 680, 681, 682, 683, 684, 685, 686, 687, 688, 689, 690, 691, 692, 693, 694, 695, 696, 697, 698, 699, 700, 701, 702, 703, 704, 705, 706, 707, 708, 709, 710, 711, 712, 713, 714, 715, 716, 717, 718, 719, 720, 721, 722, 723, 724, 725, 726, 727, 728, 729, 730, 731, 732, 733, 734, 735, 736, 737, 738, 739, 740, 741, 742, 743, 744, 745, 746, 747, 748, 749, 750, 751, 752, 753, 754, 755, 756, 757, 758, 759, 760, 761, 762, 763, 764, 765, 766, 767, 768, 769, 770, 771, 772, 773, 774, 775, 776, 777, 778, 779, 780, 781, 782, 783, 784, 785, 786, 787, 788, 789, 790, 791, 792, 793]","[209, 243, 271, 273, 275, 311, 325, 679, 707, 730, 732, 734, 769, 783]","[209, 271, 311, 679, 730, 769]","[105, 114, 138, 141, 152, 153, 154, 155, 157, 159, 164, 165, 176, 182, 191, 192, 194, 195, 196, 200, 204, 208, 209, 210, 211, 215, 226, 228, 241, 242, 243, 245, 248, 249, 250, 257, 261, 270, 271, 282, 287, 289, 291, 294, 296, 298, 306, 308, 309, 311, 314, 327, 333, 335, 337, 576, 585, 609, 612, 623, 624, 626, 627, 629, 631, 636, 637, 647, 653, 662, 663, 665, 666, 667, 671, 674, 678, 679, 680, 681, 690, 692, 705, 706, 707, 709, 711, 712, 713, 719, 721, 729, 730, 741, 746, 748, 750, 753, 755, 757, 764, 766, 767, 769, 772, 785, 791]","[271, 272, 273, 274, 275, 276, 730, 731, 732, 733, 734, 735]",[],7/6 successful match,True,[644],True,354,False,,1.0,True,Rotten Robbie # 59,
"E Santa Nella , 95322 Rotten Robbie # 59",2 209-826-4418 I-5 Exit 407 ( CA 33 S ),HRO 24 L,Santa Nella,95322,Rotten Robbie # 59,209-826-4418,2008,Gustine,CA,,( CA 33 S ),I-5 Exit 407 ,Exit,407,False,,False,I-5,,,,,"[730, 271]","[209, 243, 271, 311, 679, 707, 730, 769]","[209, 243, 271, 273, 275, 311, 325, 679, 707, 730, 732, 734, 769, 783]","[209, 271, 311, 679, 730, 769]","[103, 104, 105, 106, 107, 108, 109, 110, 111, 112, 113, 114, 115, 116, 117, 118, 119, 120, 121, 122, 123, 124, 125, 126, 127, 128, 129, 130, 131, 132, 133, 134, 135, 136, 137, 138, 139, 140, 141, 142, 143, 144, 145, 146, 147, 148, 149, 150, 151, 152, 153, 154, 155, 156, 157, 158, 159, 160, 161, 162, 163, 164, 165, 166, 167, 168, 169, 170, 171, 172, 173, 174, 175, 176, 177, 178, 179, 180, 181, 182, 183, 184, 185, 186, 187, 188, 189, 190, 191, 192, 193, 194, 195, 196, 197, 198, 199, 200, 201, 202, 203, 204, 205, 206, 207, 208, 209, 210, 211, 212, 213, 214, 215, 216, 217, 218, 219, 220, 221, 222, 223, 224, 225, 226, 227, 228, 229, 230, 231, 232, 233, 234, 235, 236, 237, 238, 239, 240, 241, 242, 243, 244, 245, 246, 247, 248, 249, 250, 251, 252, 253, 254, 255, 256, 257, 258, 259, 260, 261, 262, 263, 264, 265, 266, 267, 268, 269, 270, 271, 272, 273, 274, 275, 276, 277, 278, 279, 280, 281, 282, 283, 284, 285, 286, 287, 288, 289, 290, 291, 292, 293, 294, 295, 296, 297, 298, 299, 300, 301, 302, 303, 304, 305, 306, 307, 308, 309, 310, 311, 312, 313, 314, 315, 316, 317, 318, 319, 320, 321, 322, 323, 324, 325, 326, 327, 328, 329, 330, 331, 332, 333, 334, 335, 336, 337, 574, 575, 576, 577, 578, 579, 580, 581, 582, 583, 584, 585, 586, 587, 588, 589, 590, 591, 592, 593, 594, 595, 596, 597, 598, 599, 600, 601, 602, 603, 604, 605, 606, 607, 608, 609, 610, 611, 612, 613, 614, 615, 616, 617, 618, 619, 620, 621, 622, 623, 624, 625, 626, 627, 628, 629, 630, 631, 632, 633, 634, 635, 636, 637, 638, 639, 640, 641, 642, 643, 644, 645, 646, 647, 648, 649, 650, 651, 652, 653, 654, 655, 656, 657, 658, 659, 660, 661, 662, 663, 664, 665, 666, 667, 668, 669, 670, 671, 672, 673, 674, 675, 676, 677, 678, 679, 680, 681, 682, 683, 684, 685, 686, 687, 688, 689, 690, 691, 692, 693, 694, 695, 696, 697, 698, 699, 700, 701, 702, 703, 704, 705, 706, 707, 708, 709, 710, 711, 712, 713, 714, 715, 716, 717, 718, 719, 720, 721, 722, 723, 724, 725, 726, 727, 728, 729, 730, 731, 732, 733, 734, 735, 736, 737, 738, 739, 740, 741, 742, 743, 744, 745, 746, 747, 748, 749, 750, 751, 752, 753, 754, 755, 756, 757, 758, 759, 760, 761, 762, 763, 764, 765, 766, 767, 768, 769, 770, 771, 772, 773, 774, 775, 776, 777, 778, 779, 780, 781, 782, 783, 784, 785, 786, 787, 788, 789, 790, 791, 792, 793]","[105, 114, 138, 141, 152, 153, 154, 155, 157, 159, 164, 165, 176, 182, 191, 192, 194, 195, 196, 200, 204, 208, 209, 210, 211, 215, 226, 228, 241, 242, 243, 245, 248, 249, 250, 257, 261, 270, 271, 282, 287, 289, 291, 294, 296, 298, 306, 308, 309, 311, 314, 327, 333, 335, 337, 576, 585, 609, 612, 623, 624, 626, 627, 629, 631, 636, 637, 647, 653, 662, 663, 665, 666, 667, 671, 674, 678, 679, 680, 681, 690, 692, 705, 706, 707, 709, 711, 712, 713, 719, 721, 729, 730, 741, 746, 748, 750, 753, 755, 757, 764, 766, 767, 769, 772, 785, 791]",[],"[271, 272, 273, 274, 275, 276, 730, 731, 732, 733, 734, 735]","[103, 104, 105, 106, 107, 108, 109, 110, 111, 112, 113, 114, 115, 116, 117, 118, 119, 120, 121, 122, 123, 124, 125, 126, 127, 128, 129, 130, 131, 132, 133, 134, 135, 136, 137, 138, 139, 140, 141, 142, 143, 144, 145, 146, 147, 148, 149, 150, 151, 152, 153, 154, 155, 156, 157, 158, 159, 160, 161, 162, 163, 164, 165, 166, 167, 168, 169, 170, 171, 172, 173, 174, 175, 176, 177, 178, 179, 180, 181, 182, 183, 184, 185, 186, 187, 188, 189, 190, 191, 192, 193, 194, 195, 196, 197, 198, 199, 200, 201, 202, 203, 204, 205, 206, 207, 208, 209, 210, 211, 212, 213, 214, 215, 216, 217, 218, 219, 220, 221, 222, 223, 224, 225, 226, 227, 228, 229, 230, 231, 232, 233, 234, 235, 236, 237, 238, 239, 240, 241, 242, 243, 244, 245, 246, 247, 248, 249, 250, 251, 252, 253, 254, 255, 256, 257, 258, 259, 260, 261, 262, 263, 264, 265, 266, 267, 268, 269, 270, 271, 272, 273, 274, 275, 276, 277, 278, 279, 280, 281, 282, 283, 284, 285, 286, 287, 288, 289, 290, 291, 292, 293, 294, 295, 296, 297, 298, 299, 300, 301, 302, 303, 304, 305, 306, 307, 308, 309, 310, 311, 312, 313, 314, 315, 316, 317, 318, 319, 320, 321, 322, 323, 324, 325, 326, 327, 328, 329, 330, 331, 332, 333, 334, 335, 336, 337, 574, 575, 576, 577, 578, 579, 580, 581, 582, 583, 584, 585, 586, 587, 588, 589, 590, 591, 592, 593, 594, 595, 596, 597, 598, 599, 600, 601, 602, 603, 604, 605, 606, 607, 608, 609, 610, 611, 612, 613, 614, 615, 616, 617, 618, 619, 620, 621, 622, 623, 624, 625, 626, 627, 628, 629, 630, 631, 632, 633, 634, 635, 636, 637, 638, 639, 640, 641, 642, 643, 644, 645, 646, 647, 648, 649, 650, 651, 652, 653, 654, 655, 656, 657, 658, 659, 660, 661, 662, 663, 664, 665, 666, 667, 668, 669, 670, 671, 672, 673, 674, 675, 676, 677, 678, 679, 680, 681, 682, 683, 684, 685, 686, 687, 688, 689, 690, 691, 692, 693, 694, 695, 696, 697, 698, 699, 700, 701, 702, 703, 704, 705, 706, 707, 708, 709, 710, 711, 712, 713, 714, 715, 716, 717, 718, 719, 720, 721, 722, 723, 724, 725, 726, 727, 728, 729, 730, 731, 732, 733, 734, 735, 736, 737, 738, 739, 740, 741, 742, 743, 744, 745, 746, 747, 748, 749, 750, 751, 752, 753, 754, 755, 756, 757, 758, 759, 760, 761, 762, 763, 764, 765, 766, 767, 768, 769, 770, 771, 772, 773, 774, 775, 776, 777, 778, 779, 780, 781, 782, 783, 784, 785, 786, 787, 788, 789, 790, 791, 792, 793]",True,"[209, 243, 271, 311, 679, 707, 730, 769]","[103, 104, 105, 106, 107, 108, 109, 110, 111, 112, 113, 114, 115, 116, 117, 118, 119, 120, 121, 122, 123, 124, 125, 126, 127, 128, 129, 130, 131, 132, 133, 134, 135, 136, 137, 138, 139, 140, 141, 142, 143, 144, 145, 146, 147, 148, 149, 150, 151, 152, 153, 154, 155, 156, 157, 158, 159, 160, 161, 162, 163, 164, 165, 166, 167, 168, 169, 170, 171, 172, 173, 174, 175, 176, 177, 178, 179, 180, 181, 182, 183, 184, 185, 186, 187, 188, 189, 190, 191, 192, 193, 194, 195, 196, 197, 198, 199, 200, 201, 202, 203, 204, 205, 206, 207, 208, 209, 210, 211, 212, 213, 214, 215, 216, 217, 218, 219, 220, 221, 222, 223, 224, 225, 226, 227, 228, 229, 230, 231, 232, 233, 234, 235, 236, 237, 238, 239, 240, 241, 242, 243, 244, 245, 246, 247, 248, 249, 250, 251, 252, 253, 254, 255, 256, 257, 258, 259, 260, 261, 262, 263, 264, 265, 266, 267, 268, 269, 270, 271, 272, 273, 274, 275, 276, 277, 278, 279, 280, 281, 282, 283, 284, 285, 286, 287, 288, 289, 290, 291, 292, 293, 294, 295, 296, 297, 298, 299, 300, 301, 302, 303, 304, 305, 306, 307, 308, 309, 310, 311, 312, 313, 314, 315, 316, 317, 318, 319, 320, 321, 322, 323, 324, 325, 326, 327, 328, 329, 330, 331, 332, 333, 334, 335, 336, 337, 574, 575, 576, 577, 578, 579, 580, 581, 582, 583, 584, 585, 586, 587, 588, 589, 590, 591, 592, 593, 594, 595, 596, 597, 598, 599, 600, 601, 602, 603, 604, 605, 606, 607, 608, 609, 610, 611, 612, 613, 614, 615, 616, 617, 618, 619, 620, 621, 622, 623, 624, 625, 626, 627, 628, 629, 630, 631, 632, 633, 634, 635, 636, 637, 638, 639, 640, 641, 642, 643, 644, 645, 646, 647, 648, 649, 650, 651, 652, 653, 654, 655, 656, 657, 658, 659, 660, 661, 662, 663, 664, 665, 666, 667, 668, 669, 670, 671, 672, 673, 674, 675, 676, 677, 678, 679, 680, 681, 682, 683, 684, 685, 686, 687, 688, 689, 690, 691, 692, 693, 694, 695, 696, 697, 698, 699, 700, 701, 702, 703, 704, 705, 706, 707, 708, 709, 710, 711, 712, 713, 714, 715, 716, 717, 718, 719, 720, 721, 722, 723, 724, 725, 726, 727, 728, 729, 730, 731, 732, 733, 734, 735, 736, 737, 738, 739, 740, 741, 742, 743, 744, 745, 746, 747, 748, 749, 750, 751, 752, 753, 754, 755, 756, 757, 758, 759, 760, 761, 762, 763, 764, 765, 766, 767, 768, 769, 770, 771, 772, 773, 774, 775, 776, 777, 778, 779, 780, 781, 782, 783, 784, 785, 786, 787, 788, 789, 790, 791, 792, 793]","[209, 243, 271, 273, 275, 311, 325, 679, 707, 730, 732, 734, 769, 783]","[209, 271, 311, 679, 730, 769]","[105, 114, 138, 141, 152, 153, 154, 155, 157, 159, 164, 165, 176, 182, 191, 192, 194, 195, 196, 200, 204, 208, 209, 210, 211, 215, 226, 228, 241, 242, 243, 245, 248, 249, 250, 257, 261, 270, 271, 282, 287, 289, 291, 294, 296, 298, 306, 308, 309, 311, 314, 327, 333, 335, 337, 576, 585, 609, 612, 623, 624, 626, 627, 629, 631, 636, 637, 647, 653, 662, 663, 665, 666, 667, 671, 674, 678, 679, 680, 681, 690, 692, 705, 706, 707, 709, 711, 712, 713, 719, 721, 729, 730, 741, 746, 748, 750, 753, 755, 757, 764, 766, 767, 769, 772, 785, 791]","[271, 272, 273, 274, 275, 276, 730, 731, 732, 733, 734, 735]",[],7/6 successful match,True,[644],True,354,False,,1.0,True,Rotten Robbie # 59,
Santa Nella ( 95322 ) Rotten Robbie # 59,209-826-4418 I-5 Exit 407 ( CA 33 SW ),24 M <U+25A1>,Santa Nella,95322,Rotten Robbie # 59,209-826-4418,2014,Gustine,CA,,( CA 33 SW ),I-5 Exit 407 ,Exit,407,False,,False,I-5,,,,,"[730, 271]","[209, 243, 271, 311, 679, 707, 730, 769]","[209, 243, 271, 273, 275, 311, 325, 679, 707, 730, 732, 734, 769, 783]","[209, 271, 311, 679, 730, 769]","[103, 104, 105, 106, 107, 108, 109, 110, 111, 112, 113, 114, 115, 116, 117, 118, 119, 120, 121, 122, 123, 124, 125, 126, 127, 128, 129, 130, 131, 132, 133, 134, 135, 136, 137, 138, 139, 140, 141, 142, 143, 144, 145, 146, 147, 148, 149, 150, 151, 152, 153, 154, 155, 156, 157, 158, 159, 160, 161, 162, 163, 164, 165, 166, 167, 168, 169, 170, 171, 172, 173, 174, 175, 176, 177, 178, 179, 180, 181, 182, 183, 184, 185, 186, 187, 188, 189, 190, 191, 192, 193, 194, 195, 196, 197, 198, 199, 200, 201, 202, 203, 204, 205, 206, 207, 208, 209, 210, 211, 212, 213, 214, 215, 216, 217, 218, 219, 220, 221, 222, 223, 224, 225, 226, 227, 228, 229, 230, 231, 232, 233, 234, 235, 236, 237, 238, 239, 240, 241, 242, 243, 244, 245, 246, 247, 248, 249, 250, 251, 252, 253, 254, 255, 256, 257, 258, 259, 260, 261, 262, 263, 264, 265, 266, 267, 268, 269, 270, 271, 272, 273, 274, 275, 276, 277, 278, 279, 280, 281, 282, 283, 284, 285, 286, 287, 288, 289, 290, 291, 292, 293, 294, 295, 296, 297, 298, 299, 300, 301, 302, 303, 304, 305, 306, 307, 308, 309, 310, 311, 312, 313, 314, 315, 316, 317, 318, 319, 320, 321, 322, 323, 324, 325, 326, 327, 328, 329, 330, 331, 332, 333, 334, 335, 336, 337, 574, 575, 576, 577, 578, 579, 580, 581, 582, 583, 584, 585, 586, 587, 588, 589, 590, 591, 592, 593, 594, 595, 596, 597, 598, 599, 600, 601, 602, 603, 604, 605, 606, 607, 608, 609, 610, 611, 612, 613, 614, 615, 616, 617, 618, 619, 620, 621, 622, 623, 624, 625, 626, 627, 628, 629, 630, 631, 632, 633, 634, 635, 636, 637, 638, 639, 640, 641, 642, 643, 644, 645, 646, 647, 648, 649, 650, 651, 652, 653, 654, 655, 656, 657, 658, 659, 660, 661, 662, 663, 664, 665, 666, 667, 668, 669, 670, 671, 672, 673, 674, 675, 676, 677, 678, 679, 680, 681, 682, 683, 684, 685, 686, 687, 688, 689, 690, 691, 692, 693, 694, 695, 696, 697, 698, 699, 700, 701, 702, 703, 704, 705, 706, 707, 708, 709, 710, 711, 712, 713, 714, 715, 716, 717, 718, 719, 720, 721, 722, 723, 724, 725, 726, 727, 728, 729, 730, 731, 732, 733, 734, 735, 736, 737, 738, 739, 740, 741, 742, 743, 744, 745, 746, 747, 748, 749, 750, 751, 752, 753, 754, 755, 756, 757, 758, 759, 760, 761, 762, 763, 764, 765, 766, 767, 768, 769, 770, 771, 772, 773, 774, 775, 776, 777, 778, 779, 780, 781, 782, 783, 784, 785, 786, 787, 788, 789, 790, 791, 792, 793]","[105, 114, 138, 141, 152, 153, 154, 155, 157, 159, 164, 165, 176, 182, 191, 192, 194, 195, 196, 200, 204, 208, 209, 210, 211, 215, 226, 228, 241, 242, 243, 245, 248, 249, 250, 257, 261, 270, 271, 282, 287, 289, 291, 294, 296, 298, 306, 308, 309, 311, 314, 327, 333, 335, 337, 576, 585, 609, 612, 623, 624, 626, 627, 629, 631, 636, 637, 647, 653, 662, 663, 665, 666, 667, 671, 674, 678, 679, 680, 681, 690, 692, 705, 706, 707, 709, 711, 712, 713, 719, 721, 729, 730, 741, 746, 748, 750, 753, 755, 757, 764, 766, 767, 769, 772, 785, 791]",[],"[271, 272, 273, 274, 275, 276, 730, 731, 732, 733, 734, 735]","[103, 104, 105, 106, 107, 108, 109, 110, 111, 112, 113, 114, 115, 116, 117, 118, 119, 120, 121, 122, 123, 124, 125, 126, 127, 128, 129, 130, 131, 132, 133, 134, 135, 136, 137, 138, 139, 140, 141, 142, 143, 144, 145, 146, 147, 148, 149, 150, 151, 152, 153, 154, 155, 156, 157, 158, 159, 160, 161, 162, 163, 164, 165, 166, 167, 168, 169, 170, 171, 172, 173, 174, 175, 176, 177, 178, 179, 180, 181, 182, 183, 184, 185, 186, 187, 188, 189, 190, 191, 192, 193, 194, 195, 196, 197, 198, 199, 200, 201, 202, 203, 204, 205, 206, 207, 208, 209, 210, 211, 212, 213, 214, 215, 216, 217, 218, 219, 220, 221, 222, 223, 224, 225, 226, 227, 228, 229, 230, 231, 232, 233, 234, 235, 236, 237, 238, 239, 240, 241, 242, 243, 244, 245, 246, 247, 248, 249, 250, 251, 252, 253, 254, 255, 256, 257, 258, 259, 260, 261, 262, 263, 264, 265, 266, 267, 268, 269, 270, 271, 272, 273, 274, 275, 276, 277, 278, 279, 280, 281, 282, 283, 284, 285, 286, 287, 288, 289, 290, 291, 292, 293, 294, 295, 296, 297, 298, 299, 300, 301, 302, 303, 304, 305, 306, 307, 308, 309, 310, 311, 312, 313, 314, 315, 316, 317, 318, 319, 320, 321, 322, 323, 324, 325, 326, 327, 328, 329, 330, 331, 332, 333, 334, 335, 336, 337, 574, 575, 576, 577, 578, 579, 580, 581, 582, 583, 584, 585, 586, 587, 588, 589, 590, 591, 592, 593, 594, 595, 596, 597, 598, 599, 600, 601, 602, 603, 604, 605, 606, 607, 608, 609, 610, 611, 612, 613, 614, 615, 616, 617, 618, 619, 620, 621, 622, 623, 624, 625, 626, 627, 628, 629, 630, 631, 632, 633, 634, 635, 636, 637, 638, 639, 640, 641, 642, 643, 644, 645, 646, 647, 648, 649, 650, 651, 652, 653, 654, 655, 656, 657, 658, 659, 660, 661, 662, 663, 664, 665, 666, 667, 668, 669, 670, 671, 672, 673, 674, 675, 676, 677, 678, 679, 680, 681, 682, 683, 684, 685, 686, 687, 688, 689, 690, 691, 692, 693, 694, 695, 696, 697, 698, 699, 700, 701, 702, 703, 704, 705, 706, 707, 708, 709, 710, 711, 712, 713, 714, 715, 716, 717, 718, 719, 720, 721, 722, 723, 724, 725, 726, 727, 728, 729, 730, 731, 732, 733, 734, 735, 736, 737, 738, 739, 740, 741, 742, 743, 744, 745, 746, 747, 748, 749, 750, 751, 752, 753, 754, 755, 756, 757, 758, 759, 760, 761, 762, 763, 764, 765, 766, 767, 768, 769, 770, 771, 772, 773, 774, 775, 776, 777, 778, 779, 780, 781, 782, 783, 784, 785, 786, 787, 788, 789, 790, 791, 792, 793]",True,"[209, 243, 271, 311, 679, 707, 730, 769]","[103, 104, 105, 106, 107, 108, 109, 110, 111, 112, 113, 114, 115, 116, 117, 118, 119, 120, 121, 122, 123, 124, 125, 126, 127, 128, 129, 130, 131, 132, 133, 134, 135, 136, 137, 138, 139, 140, 141, 142, 143, 144, 145, 146, 147, 148, 149, 150, 151, 152, 153, 154, 155, 156, 157, 158, 159, 160, 161, 162, 163, 164, 165, 166, 167, 168, 169, 170, 171, 172, 173, 174, 175, 176, 177, 178, 179, 180, 181, 182, 183, 184, 185, 186, 187, 188, 189, 190, 191, 192, 193, 194, 195, 196, 197, 198, 199, 200, 201, 202, 203, 204, 205, 206, 207, 208, 209, 210, 211, 212, 213, 214, 215, 216, 217, 218, 219, 220, 221, 222, 223, 224, 225, 226, 227, 228, 229, 230, 231, 232, 233, 234, 235, 236, 237, 238, 239, 240, 241, 242, 243, 244, 245, 246, 247, 248, 249, 250, 251, 252, 253, 254, 255, 256, 257, 258, 259, 260, 261, 262, 263, 264, 265, 266, 267, 268, 269, 270, 271, 272, 273, 274, 275, 276, 277, 278, 279, 280, 281, 282, 283, 284, 285, 286, 287, 288, 289, 290, 291, 292, 293, 294, 295, 296, 297, 298, 299, 300, 301, 302, 303, 304, 305, 306, 307, 308, 309, 310, 311, 312, 313, 314, 315, 316, 317, 318, 319, 320, 321, 322, 323, 324, 325, 326, 327, 328, 329, 330, 331, 332, 333, 334, 335, 336, 337, 574, 575, 576, 577, 578, 579, 580, 581, 582, 583, 584, 585, 586, 587, 588, 589, 590, 591, 592, 593, 594, 595, 596, 597, 598, 599, 600, 601, 602, 603, 604, 605, 606, 607, 608, 609, 610, 611, 612, 613, 614, 615, 616, 617, 618, 619, 620, 621, 622, 623, 624, 625, 626, 627, 628, 629, 630, 631, 632, 633, 634, 635, 636, 637, 638, 639, 640, 641, 642, 643, 644, 645, 646, 647, 648, 649, 650, 651, 652, 653, 654, 655, 656, 657, 658, 659, 660, 661, 662, 663, 664, 665, 666, 667, 668, 669, 670, 671, 672, 673, 674, 675, 676, 677, 678, 679, 680, 681, 682, 683, 684, 685, 686, 687, 688, 689, 690, 691, 692, 693, 694, 695, 696, 697, 698, 699, 700, 701, 702, 703, 704, 705, 706, 707, 708, 709, 710, 711, 712, 713, 714, 715, 716, 717, 718, 719, 720, 721, 722, 723, 724, 725, 726, 727, 728, 729, 730, 731, 732, 733, 734, 735, 736, 737, 738, 739, 740, 741, 742, 743, 744, 745, 746, 747, 748, 749, 750, 751, 752, 753, 754, 755, 756, 757, 758, 759, 760, 761, 762, 763, 764, 765, 766, 767, 768, 769, 770, 771, 772, 773, 774, 775, 776, 777, 778, 779, 780, 781, 782, 783, 784, 785, 786, 787, 788, 789, 790, 791, 792, 793]","[209, 243, 271, 273, 275, 311, 325, 679, 707, 730, 732, 734, 769, 783]","[209, 271, 311, 679, 730, 769]","[105, 114, 138, 141, 152, 153, 154, 155, 157, 159, 164, 165, 176, 182, 191, 192, 194, 195, 196, 200, 204, 208, 209, 210, 211, 215, 226, 228, 241, 242, 243, 245, 248, 249, 250, 257, 261, 270, 271, 282, 287, 289, 291, 294, 296, 298, 306, 308, 309, 311, 314, 327, 333, 335, 337, 576, 585, 609, 612, 623, 624, 626, 627, 629, 631, 636, 637, 647, 653, 662, 663, 665, 666, 667, 671, 674, 678, 679, 680, 681, 690, 692, 705, 706, 707, 709, 711, 712, 713, 719, 721, 729, 730, 741, 746, 748, 750, 753, 755, 757, 764, 766, 767, 769, 772, 785, 791]","[271, 272, 273, 274, 275, 276, 730, 731, 732, 733, 734, 735]",[],7/6 successful match,True,[644],True,354,False,,1.0,True,Rotten Robbie # 59,
E Santa Nella ( 95322 ) Rotten Robbie # 59,209-826-4418 I-5 Exit 407 ( CA 33 SW ),24 <U+2610> M [,Santa Nella,95322,Rotten Robbie # 59,209-826-4418,2015,Gustine,CA,,( CA 33 SW ),I-5 Exit 407 ,Exit,407,False,,False,I-5,,,,,"[730, 271]","[209, 243, 271, 311, 679, 707, 730, 769]","[209, 243, 271, 273, 275, 311, 325, 679, 707, 730, 732, 734, 769, 783]","[209, 271, 311, 679, 730, 769]","[103, 104, 105, 106, 107, 108, 109, 110, 111, 112, 113, 114, 115, 116, 117, 118, 119, 120, 121, 122, 123, 124, 125, 126, 127, 128, 129, 130, 131, 132, 133, 134, 135, 136, 137, 138, 139, 140, 141, 142, 143, 144, 145, 146, 147, 148, 149, 150, 151, 152, 153, 154, 155, 156, 157, 158, 159, 160, 161, 162, 163, 164, 165, 166, 167, 168, 169, 170, 171, 172, 173, 174, 175, 176, 177, 178, 179, 180, 181, 182, 183, 184, 185, 186, 187, 188, 189, 190, 191, 192, 193, 194, 195, 196, 197, 198, 199, 200, 201, 202, 203, 204, 205, 206, 207, 208, 209, 210, 211, 212, 213, 214, 215, 216, 217, 218, 219, 220, 221, 222, 223, 224, 225, 226, 227, 228, 229, 230, 231, 232, 233, 234, 235, 236, 237, 238, 239, 240, 241, 242, 243, 244, 245, 246, 247, 248, 249, 250, 251, 252, 253, 254, 255, 256, 257, 258, 259, 260, 261, 262, 263, 264, 265, 266, 267, 268, 269, 270, 271, 272, 273, 274, 275, 276, 277, 278, 279, 280, 281, 282, 283, 284, 285, 286, 287, 288, 289, 290, 291, 292, 293, 294, 295, 296, 297, 298, 299, 300, 301, 302, 303, 304, 305, 306, 307, 308, 309, 310, 311, 312, 313, 314, 315, 316, 317, 318, 319, 320, 321, 322, 323, 324, 325, 326, 327, 328, 329, 330, 331, 332, 333, 334, 335, 336, 337, 574, 575, 576, 577, 578, 579, 580, 581, 582, 583, 584, 585, 586, 587, 588, 589, 590, 591, 592, 593, 594, 595, 596, 597, 598, 599, 600, 601, 602, 603, 604, 605, 606, 607, 608, 609, 610, 611, 612, 613, 614, 615, 616, 617, 618, 619, 620, 621, 622, 623, 624, 625, 626, 627, 628, 629, 630, 631, 632, 633, 634, 635, 636, 637, 638, 639, 640, 641, 642, 643, 644, 645, 646, 647, 648, 649, 650, 651, 652, 653, 654, 655, 656, 657, 658, 659, 660, 661, 662, 663, 664, 665, 666, 667, 668, 669, 670, 671, 672, 673, 674, 675, 676, 677, 678, 679, 680, 681, 682, 683, 684, 685, 686, 687, 688, 689, 690, 691, 692, 693, 694, 695, 696, 697, 698, 699, 700, 701, 702, 703, 704, 705, 706, 707, 708, 709, 710, 711, 712, 713, 714, 715, 716, 717, 718, 719, 720, 721, 722, 723, 724, 725, 726, 727, 728, 729, 730, 731, 732, 733, 734, 735, 736, 737, 738, 739, 740, 741, 742, 743, 744, 745, 746, 747, 748, 749, 750, 751, 752, 753, 754, 755, 756, 757, 758, 759, 760, 761, 762, 763, 764, 765, 766, 767, 768, 769, 770, 771, 772, 773, 774, 775, 776, 777, 778, 779, 780, 781, 782, 783, 784, 785, 786, 787, 788, 789, 790, 791, 792, 793]","[105, 114, 138, 141, 152, 153, 154, 155, 157, 159, 164, 165, 176, 182, 191, 192, 194, 195, 196, 200, 204, 208, 209, 210, 211, 215, 226, 228, 241, 242, 243, 245, 248, 249, 250, 257, 261, 270, 271, 282, 287, 289, 291, 294, 296, 298, 306, 308, 309, 311, 314, 327, 333, 335, 337, 576, 585, 609, 612, 623, 624, 626, 627, 629, 631, 636, 637, 647, 653, 662, 663, 665, 666, 667, 671, 674, 678, 679, 680, 681, 690, 692, 705, 706, 707, 709, 711, 712, 713, 719, 721, 729, 730, 741, 746, 748, 750, 753, 755, 757, 764, 766, 767, 769, 772, 785, 791]",[],"[271, 272, 273, 274, 275, 276, 730, 731, 732, 733, 734, 735]","[103, 104, 105, 106, 107, 108, 109, 110, 111, 112, 113, 114, 115, 116, 117, 118, 119, 120, 121, 122, 123, 124, 125, 126, 127, 128, 129, 130, 131, 132, 133, 134, 135, 136, 137, 138, 139, 140, 141, 142, 143, 144, 145, 146, 147, 148, 149, 150, 151, 152, 153, 154, 155, 156, 157, 158, 159, 160, 161, 162, 163, 164, 165, 166, 167, 168, 169, 170, 171, 172, 173, 174, 175, 176, 177, 178, 179, 180, 181, 182, 183, 184, 185, 186, 187, 188, 189, 190, 191, 192, 193, 194, 195, 196, 197, 198, 199, 200, 201, 202, 203, 204, 205, 206, 207, 208, 209, 210, 211, 212, 213, 214, 215, 216, 217, 218, 219, 220, 221, 222, 223, 224, 225, 226, 227, 228, 229, 230, 231, 232, 233, 234, 235, 236, 237, 238, 239, 240, 241, 242, 243, 244, 245, 246, 247, 248, 249, 250, 251, 252, 253, 254, 255, 256, 257, 258, 259, 260, 261, 262, 263, 264, 265, 266, 267, 268, 269, 270, 271, 272, 273, 274, 275, 276, 277, 278, 279, 280, 281, 282, 283, 284, 285, 286, 287, 288, 289, 290, 291, 292, 293, 294, 295, 296, 297, 298, 299, 300, 301, 302, 303, 304, 305, 306, 307, 308, 309, 310, 311, 312, 313, 314, 315, 316, 317, 318, 319, 320, 321, 322, 323, 324, 325, 326, 327, 328, 329, 330, 331, 332, 333, 334, 335, 336, 337, 574, 575, 576, 577, 578, 579, 580, 581, 582, 583, 584, 585, 586, 587, 588, 589, 590, 591, 592, 593, 594, 595, 596, 597, 598, 599, 600, 601, 602, 603, 604, 605, 606, 607, 608, 609, 610, 611, 612, 613, 614, 615, 616, 617, 618, 619, 620, 621, 622, 623, 624, 625, 626, 627, 628, 629, 630, 631, 632, 633, 634, 635, 636, 637, 638, 639, 640, 641, 642, 643, 644, 645, 646, 647, 648, 649, 650, 651, 652, 653, 654, 655, 656, 657, 658, 659, 660, 661, 662, 663, 664, 665, 666, 667, 668, 669, 670, 671, 672, 673, 674, 675, 676, 677, 678, 679, 680, 681, 682, 683, 684, 685, 686, 687, 688, 689, 690, 691, 692, 693, 694, 695, 696, 697, 698, 699, 700, 701, 702, 703, 704, 705, 706, 707, 708, 709, 710, 711, 712, 713, 714, 715, 716, 717, 718, 719, 720, 721, 722, 723, 724, 725, 726, 727, 728, 729, 730, 731, 732, 733, 734, 735, 736, 737, 738, 739, 740, 741, 742, 743, 744, 745, 746, 747, 748, 749, 750, 751, 752, 753, 754, 755, 756, 757, 758, 759, 760, 761, 762, 763, 764, 765, 766, 767, 768, 769, 770, 771, 772, 773, 774, 775, 776, 777, 778, 779, 780, 781, 782, 783, 784, 785, 786, 787, 788, 789, 790, 791, 792, 793]",True,"[209, 243, 271, 311, 679, 707, 730, 769]","[103, 104, 105, 106, 107, 108, 109, 110, 111, 112, 113, 114, 115, 116, 117, 118, 119, 120, 121, 122, 123, 124, 125, 126, 127, 128, 129, 130, 131, 132, 133, 134, 135, 136, 137, 138, 139, 140, 141, 142, 143, 144, 145, 146, 147, 148, 149, 150, 151, 152, 153, 154, 155, 156, 157, 158, 159, 160, 161, 162, 163, 164, 165, 166, 167, 168, 169, 170, 171, 172, 173, 174, 175, 176, 177, 178, 179, 180, 181, 182, 183, 184, 185, 186, 187, 188, 189, 190, 191, 192, 193, 194, 195, 196, 197, 198, 199, 200, 201, 202, 203, 204, 205, 206, 207, 208, 209, 210, 211, 212, 213, 214, 215, 216, 217, 218, 219, 220, 221, 222, 223, 224, 225, 226, 227, 228, 229, 230, 231, 232, 233, 234, 235, 236, 237, 238, 239, 240, 241, 242, 243, 244, 245, 246, 247, 248, 249, 250, 251, 252, 253, 254, 255, 256, 257, 258, 259, 260, 261, 262, 263, 264, 265, 266, 267, 268, 269, 270, 271, 272, 273, 274, 275, 276, 277, 278, 279, 280, 281, 282, 283, 284, 285, 286, 287, 288, 289, 290, 291, 292, 293, 294, 295, 296, 297, 298, 299, 300, 301, 302, 303, 304, 305, 306, 307, 308, 309, 310, 311, 312, 313, 314, 315, 316, 317, 318, 319, 320, 321, 322, 323, 324, 325, 326, 327, 328, 329, 330, 331, 332, 333, 334, 335, 336, 337, 574, 575, 576, 577, 578, 579, 580, 581, 582, 583, 584, 585, 586, 587, 588, 589, 590, 591, 592, 593, 594, 595, 596, 597, 598, 599, 600, 601, 602, 603, 604, 605, 606, 607, 608, 609, 610, 611, 612, 613, 614, 615, 616, 617, 618, 619, 620, 621, 622, 623, 624, 625, 626, 627, 628, 629, 630, 631, 632, 633, 634, 635, 636, 637, 638, 639, 640, 641, 642, 643, 644, 645, 646, 647, 648, 649, 650, 651, 652, 653, 654, 655, 656, 657, 658, 659, 660, 661, 662, 663, 664, 665, 666, 667, 668, 669, 670, 671, 672, 673, 674, 675, 676, 677, 678, 679, 680, 681, 682, 683, 684, 685, 686, 687, 688, 689, 690, 691, 692, 693, 694, 695, 696, 697, 698, 699, 700, 701, 702, 703, 704, 705, 706, 707, 708, 709, 710, 711, 712, 713, 714, 715, 716, 717, 718, 719, 720, 721, 722, 723, 724, 725, 726, 727, 728, 729, 730, 731, 732, 733, 734, 735, 736, 737, 738, 739, 740, 741, 742, 743, 744, 745, 746, 747, 748, 749, 750, 751, 752, 753, 754, 755, 756, 757, 758, 759, 760, 761, 762, 763, 764, 765, 766, 767, 768, 769, 770, 771, 772, 773, 774, 775, 776, 777, 778, 779, 780, 781, 782, 783, 784, 785, 786, 787, 788, 789, 790, 791, 792, 793]","[209, 243, 271, 273, 275, 311, 325, 679, 707, 730, 732, 734, 769, 783]","[209, 271, 311, 679, 730, 769]","[105, 114, 138, 141, 152, 153, 154, 155, 157, 159, 164, 165, 176, 182, 191, 192, 194, 195, 196, 200, 204, 208, 209, 210, 211, 215, 226, 228, 241, 242, 243, 245, 248, 249, 250, 257, 261, 270, 271, 282, 287, 289, 291, 294, 296, 298, 306, 308, 309, 311, 314, 327, 333, 335, 337, 576, 585, 609, 612, 623, 624, 626, 627, 629, 631, 636, 637, 647, 653, 662, 663, 665, 666, 667, 671, 674, 678, 679, 680, 681, 690, 692, 705, 706, 707, 709, 711, 712, 713, 719, 721, 729, 730, 741, 746, 748, 750, 753, 755, 757, 764, 766, 767, 769, 772, 785, 791]","[271, 272, 273, 274, 275, 276, 730, 731, 732, 733, 734, 735]",[],7/6 successful match,True,[644],True,354,False,,1.0,True,Rotten Robbie # 59,
Santa Nella ( 95322 ) Rotten Robbie # 59,209-826-4418 I-5 Exit 407 ( CA 33 SW ) .,24 HRS MOO DD,Santa Nella,95322,Rotten Robbie # 59,209-826-4418,2016,Gustine,CA,,( CA 33 SW ) .,I-5 Exit 407 ,Exit,407,False,,False,I-5,,,,,"[730, 271]","[209, 243, 271, 311, 679, 707, 730, 769]","[209, 243, 271, 273, 275, 311, 325, 679, 707, 730, 732, 734, 769, 783]","[209, 271, 311, 679, 730, 769]","[103, 104, 105, 106, 107, 108, 109, 110, 111, 112, 113, 114, 115, 116, 117, 118, 119, 120, 121, 122, 123, 124, 125, 126, 127, 128, 129, 130, 131, 132, 133, 134, 135, 136, 137, 138, 139, 140, 141, 142, 143, 144, 145, 146, 147, 148, 149, 150, 151, 152, 153, 154, 155, 156, 157, 158, 159, 160, 161, 162, 163, 164, 165, 166, 167, 168, 169, 170, 171, 172, 173, 174, 175, 176, 177, 178, 179, 180, 181, 182, 183, 184, 185, 186, 187, 188, 189, 190, 191, 192, 193, 194, 195, 196, 197, 198, 199, 200, 201, 202, 203, 204, 205, 206, 207, 208, 209, 210, 211, 212, 213, 214, 215, 216, 217, 218, 219, 220, 221, 222, 223, 224, 225, 226, 227, 228, 229, 230, 231, 232, 233, 234, 235, 236, 237, 238, 239, 240, 241, 242, 243, 244, 245, 246, 247, 248, 249, 250, 251, 252, 253, 254, 255, 256, 257, 258, 259, 260, 261, 262, 263, 264, 265, 266, 267, 268, 269, 270, 271, 272, 273, 274, 275, 276, 277, 278, 279, 280, 281, 282, 283, 284, 285, 286, 287, 288, 289, 290, 291, 292, 293, 294, 295, 296, 297, 298, 299, 300, 301, 302, 303, 304, 305, 306, 307, 308, 309, 310, 311, 312, 313, 314, 315, 316, 317, 318, 319, 320, 321, 322, 323, 324, 325, 326, 327, 328, 329, 330, 331, 332, 333, 334, 335, 336, 337, 574, 575, 576, 577, 578, 579, 580, 581, 582, 583, 584, 585, 586, 587, 588, 589, 590, 591, 592, 593, 594, 595, 596, 597, 598, 599, 600, 601, 602, 603, 604, 605, 606, 607, 608, 609, 610, 611, 612, 613, 614, 615, 616, 617, 618, 619, 620, 621, 622, 623, 624, 625, 626, 627, 628, 629, 630, 631, 632, 633, 634, 635, 636, 637, 638, 639, 640, 641, 642, 643, 644, 645, 646, 647, 648, 649, 650, 651, 652, 653, 654, 655, 656, 657, 658, 659, 660, 661, 662, 663, 664, 665, 666, 667, 668, 669, 670, 671, 672, 673, 674, 675, 676, 677, 678, 679, 680, 681, 682, 683, 684, 685, 686, 687, 688, 689, 690, 691, 692, 693, 694, 695, 696, 697, 698, 699, 700, 701, 702, 703, 704, 705, 706, 707, 708, 709, 710, 711, 712, 713, 714, 715, 716, 717, 718, 719, 720, 721, 722, 723, 724, 725, 726, 727, 728, 729, 730, 731, 732, 733, 734, 735, 736, 737, 738, 739, 740, 741, 742, 743, 744, 745, 746, 747, 748, 749, 750, 751, 752, 753, 754, 755, 756, 757, 758, 759, 760, 761, 762, 763, 764, 765, 766, 767, 768, 769, 770, 771, 772, 773, 774, 775, 776, 777, 778, 779, 780, 781, 782, 783, 784, 785, 786, 787, 788, 789, 790, 791, 792, 793]","[105, 114, 138, 141, 152, 153, 154, 155, 157, 159, 164, 165, 176, 182, 191, 192, 194, 195, 196, 200, 204, 208, 209, 210, 211, 215, 226, 228, 241, 242, 243, 245, 248, 249, 250, 257, 261, 270, 271, 282, 287, 289, 291, 294, 296, 298, 306, 308, 309, 311, 314, 327, 333, 335, 337, 576, 585, 609, 612, 623, 624, 626, 627, 629, 631, 636, 637, 647, 653, 662, 663, 665, 666, 667, 671, 674, 678, 679, 680, 681, 690, 692, 705, 706, 707, 709, 711, 712, 713, 719, 721, 729, 730, 741, 746, 748, 750, 753, 755, 757, 764, 766, 767, 769, 772, 785, 791]",[],"[271, 272, 273, 274, 275, 276, 730, 731, 732, 733, 734, 735]","[103, 104, 105, 106, 107, 108, 109, 110, 111, 112, 113, 114, 115, 116, 117, 118, 119, 120, 121, 122, 123, 124, 125, 126, 127, 128, 129, 130, 131, 132, 133, 134, 135, 136, 137, 138, 139, 140, 141, 142, 143, 144, 145, 146, 147, 148, 149, 150, 151, 152, 153, 154, 155, 156, 157, 158, 159, 160, 161, 162, 163, 164, 165, 166, 167, 168, 169, 170, 171, 172, 173, 174, 175, 176, 177, 178, 179, 180, 181, 182, 183, 184, 185, 186, 187, 188, 189, 190, 191, 192, 193, 194, 195, 196, 197, 198, 199, 200, 201, 202, 203, 204, 205, 206, 207, 208, 209, 210, 211, 212, 213, 214, 215, 216, 217, 218, 219, 220, 221, 222, 223, 224, 225, 226, 227, 228, 229, 230, 231, 232, 233, 234, 235, 236, 237, 238, 239, 240, 241, 242, 243, 244, 245, 246, 247, 248, 249, 250, 251, 252, 253, 254, 255, 256, 257, 258, 259, 260, 261, 262, 263, 264, 265, 266, 267, 268, 269, 270, 271, 272, 273, 274, 275, 276, 277, 278, 279, 280, 281, 282, 283, 284, 285, 286, 287, 288, 289, 290, 291, 292, 293, 294, 295, 296, 297, 298, 299, 300, 301, 302, 303, 304, 305, 306, 307, 308, 309, 310, 311, 312, 313, 314, 315, 316, 317, 318, 319, 320, 321, 322, 323, 324, 325, 326, 327, 328, 329, 330, 331, 332, 333, 334, 335, 336, 337, 574, 575, 576, 577, 578, 579, 580, 581, 582, 583, 584, 585, 586, 587, 588, 589, 590, 591, 592, 593, 594, 595, 596, 597, 598, 599, 600, 601, 602, 603, 604, 605, 606, 607, 608, 609, 610, 611, 612, 613, 614, 615, 616, 617, 618, 619, 620, 621, 622, 623, 624, 625, 626, 627, 628, 629, 630, 631, 632, 633, 634, 635, 636, 637, 638, 639, 640, 641, 642, 643, 644, 645, 646, 647, 648, 649, 650, 651, 652, 653, 654, 655, 656, 657, 658, 659, 660, 661, 662, 663, 664, 665, 666, 667, 668, 669, 670, 671, 672, 673, 674, 675, 676, 677, 678, 679, 680, 681, 682, 683, 684, 685, 686, 687, 688, 689, 690, 691, 692, 693, 694, 695, 696, 697, 698, 699, 700, 701, 702, 703, 704, 705, 706, 707, 708, 709, 710, 711, 712, 713, 714, 715, 716, 717, 718, 719, 720, 721, 722, 723, 724, 725, 726, 727, 728, 729, 730, 731, 732, 733, 734, 735, 736, 737, 738, 739, 740, 741, 742, 743, 744, 745, 746, 747, 748, 749, 750, 751, 752, 753, 754, 755, 756, 757, 758, 759, 760, 761, 762, 763, 764, 765, 766, 767, 768, 769, 770, 771, 772, 773, 774, 775, 776, 777, 778, 779, 780, 781, 782, 783, 784, 785, 786, 787, 788, 789, 790, 791, 792, 793]",True,"[209, 243, 271, 311, 679, 707, 730, 769]","[103, 104, 105, 106, 107, 108, 109, 110, 111, 112, 113, 114, 115, 116, 117, 118, 119, 120, 121, 122, 123, 124, 125, 126, 127, 128, 129, 130, 131, 132, 133, 134, 135, 136, 137, 138, 139, 140, 141, 142, 143, 144, 145, 146, 147, 148, 149, 150, 151, 152, 153, 154, 155, 156, 157, 158, 159, 160, 161, 162, 163, 164, 165, 166, 167, 168, 169, 170, 171, 172, 173, 174, 175, 176, 177, 178, 179, 180, 181, 182, 183, 184, 185, 186, 187, 188, 189, 190, 191, 192, 193, 194, 195, 196, 197, 198, 199, 200, 201, 202, 203, 204, 205, 206, 207, 208, 209, 210, 211, 212, 213, 214, 215, 216, 217, 218, 219, 220, 221, 222, 223, 224, 225, 226, 227, 228, 229, 230, 231, 232, 233, 234, 235, 236, 237, 238, 239, 240, 241, 242, 243, 244, 245, 246, 247, 248, 249, 250, 251, 252, 253, 254, 255, 256, 257, 258, 259, 260, 261, 262, 263, 264, 265, 266, 267, 268, 269, 270, 271, 272, 273, 274, 275, 276, 277, 278, 279, 280, 281, 282, 283, 284, 285, 286, 287, 288, 289, 290, 291, 292, 293, 294, 295, 296, 297, 298, 299, 300, 301, 302, 303, 304, 305, 306, 307, 308, 309, 310, 311, 312, 313, 314, 315, 316, 317, 318, 319, 320, 321, 322, 323, 324, 325, 326, 327, 328, 329, 330, 331, 332, 333, 334, 335, 336, 337, 574, 575, 576, 577, 578, 579, 580, 581, 582, 583, 584, 585, 586, 587, 588, 589, 590, 591, 592, 593, 594, 595, 596, 597, 598, 599, 600, 601, 602, 603, 604, 605, 606, 607, 608, 609, 610, 611, 612, 613, 614, 615, 616, 617, 618, 619, 620, 621, 622, 623, 624, 625, 626, 627, 628, 629, 630, 631, 632, 633, 634, 635, 636, 637, 638, 639, 640, 641, 642, 643, 644, 645, 646, 647, 648, 649, 650, 651, 652, 653, 654, 655, 656, 657, 658, 659, 660, 661, 662, 663, 664, 665, 666, 667, 668, 669, 670, 671, 672, 673, 674, 675, 676, 677, 678, 679, 680, 681, 682, 683, 684, 685, 686, 687, 688, 689, 690, 691, 692, 693, 694, 695, 696, 697, 698, 699, 700, 701, 702, 703, 704, 705, 706, 707, 708, 709, 710, 711, 712, 713, 714, 715, 716, 717, 718, 719, 720, 721, 722, 723, 724, 725, 726, 727, 728, 729, 730, 731, 732, 733, 734, 735, 736, 737, 738, 739, 740, 741, 742, 743, 744, 745, 746, 747, 748, 749, 750, 751, 752, 753, 754, 755, 756, 757, 758, 759, 760, 761, 762, 763, 764, 765, 766, 767, 768, 769, 770, 771, 772, 773, 774, 775, 776, 777, 778, 779, 780, 781, 782, 783, 784, 785, 786, 787, 788, 789, 790, 791, 792, 793]","[209, 243, 271, 273, 275, 311, 325, 679, 707, 730, 732, 734, 769, 783]","[209, 271, 311, 679, 730, 769]","[105, 114, 138, 141, 152, 153, 154, 155, 157, 159, 164, 165, 176, 182, 191, 192, 194, 195, 196, 200, 204, 208, 209, 210, 211, 215, 226, 228, 241, 242, 243, 245, 248, 249, 250, 257, 261, 270, 271, 282, 287, 289, 291, 294, 296, 298, 306, 308, 309, 311, 314, 327, 333, 335, 337, 576, 585, 609, 612, 623, 624, 626, 627, 629, 631, 636, 637, 647, 653, 662, 663, 665, 666, 667, 671, 674, 678, 679, 680, 681, 690, 692, 705, 706, 707, 709, 711, 712, 713, 719, 721, 729, 730, 741, 746, 748, 750, 753, 755, 757, 764, 766, 767, 769, 772, 785, 791]","[271, 272, 273, 274, 275, 276, 730, 731, 732, 733, 734, 735]",[],7/6 successful match,True,[644],True,354,False,,1.0,True,Rotten Robbie # 59,
"E Santa Nella , 95322 Pilot Travel Center # 139",209-827-1399 I-5 Exit 407 ( CA 33 N ),429,Santa Nella,95322,Pilot Travel Center # 139,209-827-1399,2006,Gustine,CA,Pilot,( CA 33 N ),I-5 Exit 407 ,Exit,407,False,,False,I-5,,,,,"[209, 679]","[209, 243, 271, 311, 679, 707, 730, 769]","[209, 243, 271, 273, 275, 311, 325, 679, 707, 730, 732, 734, 769, 783]","[209, 271, 311, 679, 730, 769]","[103, 104, 105, 106, 107, 108, 109, 110, 111, 112, 113, 114, 115, 116, 117, 118, 119, 120, 121, 122, 123, 124, 125, 126, 127, 128, 129, 130, 131, 132, 133, 134, 135, 136, 137, 138, 139, 140, 141, 142, 143, 144, 145, 146, 147, 148, 149, 150, 151, 152, 153, 154, 155, 156, 157, 158, 159, 160, 161, 162, 163, 164, 165, 166, 167, 168, 169, 170, 171, 172, 173, 174, 175, 176, 177, 178, 179, 180, 181, 182, 183, 184, 185, 186, 187, 188, 189, 190, 191, 192, 193, 194, 195, 196, 197, 198, 199, 200, 201, 202, 203, 204, 205, 206, 207, 208, 209, 210, 211, 212, 213, 214, 215, 216, 217, 218, 219, 220, 221, 222, 223, 224, 225, 226, 227, 228, 229, 230, 231, 232, 233, 234, 235, 236, 237, 238, 239, 240, 241, 242, 243, 244, 245, 246, 247, 248, 249, 250, 251, 252, 253, 254, 255, 256, 257, 258, 259, 260, 261, 262, 263, 264, 265, 266, 267, 268, 269, 270, 271, 272, 273, 274, 275, 276, 277, 278, 279, 280, 281, 282, 283, 284, 285, 286, 287, 288, 289, 290, 291, 292, 293, 294, 295, 296, 297, 298, 299, 300, 301, 302, 303, 304, 305, 306, 307, 308, 309, 310, 311, 312, 313, 314, 315, 316, 317, 318, 319, 320, 321, 322, 323, 324, 325, 326, 327, 328, 329, 330, 331, 332, 333, 334, 335, 336, 337, 574, 575, 576, 577, 578, 579, 580, 581, 582, 583, 584, 585, 586, 587, 588, 589, 590, 591, 592, 593, 594, 595, 596, 597, 598, 599, 600, 601, 602, 603, 604, 605, 606, 607, 608, 609, 610, 611, 612, 613, 614, 615, 616, 617, 618, 619, 620, 621, 622, 623, 624, 625, 626, 627, 628, 629, 630, 631, 632, 633, 634, 635, 636, 637, 638, 639, 640, 641, 642, 643, 644, 645, 646, 647, 648, 649, 650, 651, 652, 653, 654, 655, 656, 657, 658, 659, 660, 661, 662, 663, 664, 665, 666, 667, 668, 669, 670, 671, 672, 673, 674, 675, 676, 677, 678, 679, 680, 681, 682, 683, 684, 685, 686, 687, 688, 689, 690, 691, 692, 693, 694, 695, 696, 697, 698, 699, 700, 701, 702, 703, 704, 705, 706, 707, 708, 709, 710, 711, 712, 713, 714, 715, 716, 717, 718, 719, 720, 721, 722, 723, 724, 725, 726, 727, 728, 729, 730, 731, 732, 733, 734, 735, 736, 737, 738, 739, 740, 741, 742, 743, 744, 745, 746, 747, 748, 749, 750, 751, 752, 753, 754, 755, 756, 757, 758, 759, 760, 761, 762, 763, 764, 765, 766, 767, 768, 769, 770, 771, 772, 773, 774, 775, 776, 777, 778, 779, 780, 781, 782, 783, 784, 785, 786, 787, 788, 789, 790, 791, 792, 793]","[105, 114, 138, 141, 152, 153, 154, 155, 157, 159, 164, 165, 176, 182, 191, 192, 194, 195, 196, 200, 204, 208, 209, 210, 211, 215, 226, 228, 241, 242, 243, 245, 248, 249, 250, 257, 261, 270, 271, 282, 287, 289, 291, 294, 296, 298, 306, 308, 309, 311, 314, 327, 333, 335, 337, 576, 585, 609, 612, 623, 624, 626, 627, 629, 631, 636, 637, 647, 653, 662, 663, 665, 666, 667, 671, 674, 678, 679, 680, 681, 690, 692, 705, 706, 707, 709, 711, 712, 713, 719, 721, 729, 730, 741, 746, 748, 750, 753, 755, 757, 764, 766, 767, 769, 772, 785, 791]","[15, 16, 65, 66, 67, 68, 69, 70, 71, 72, 73, 74, 75, 76, 80, 151, 245, 246, 247, 248, 249, 250, 251, 252, 253, 254, 255, 256, 257, 258, 259, 280, 340, 373, 374, 375, 376, 377, 459, 460, 461, 462, 500, 501, 539, 540, 541, 542, 543, 544, 545, 546, 547, 548, 549, 550, 552, 622, 708, 709, 710, 711, 712, 713, 714, 715, 716, 717, 718, 719, 720, 739, 796, 823, 824, 825, 826, 827, 906, 907, 908, 909]","[15, 16, 65, 66, 67, 68, 69, 70, 71, 72, 73, 74, 75, 76, 77, 78, 80, 151, 244, 245, 246, 247, 248, 249, 250, 251, 252, 253, 254, 255, 256, 257, 258, 259, 260, 280, 340, 373, 374, 375, 376, 377, 459, 460, 461, 462, 500, 501, 539, 540, 541, 542, 543, 544, 545, 546, 547, 548, 549, 550, 552, 622, 708, 709, 710, 711, 712, 713, 714, 715, 716, 717, 718, 719, 720, 739, 796, 823, 824, 825, 826, 827, 906, 907, 908, 909]","[15, 16, 65, 66, 67, 68, 69, 70, 71, 72, 73, 74, 75, 76, 77, 78, 80, 103, 104, 105, 106, 107, 108, 109, 110, 111, 112, 113, 114, 115, 116, 117, 118, 119, 120, 121, 122, 123, 124, 125, 126, 127, 128, 129, 130, 131, 132, 133, 134, 135, 136, 137, 138, 139, 140, 141, 142, 143, 144, 145, 146, 147, 148, 149, 150, 151, 152, 153, 154, 155, 156, 157, 158, 159, 160, 161, 162, 163, 164, 165, 166, 167, 168, 169, 170, 171, 172, 173, 174, 175, 176, 177, 178, 179, 180, 181, 182, 183, 184, 185, 186, 187, 188, 189, 190, 191, 192, 193, 194, 195, 196, 197, 198, 199, 200, 201, 202, 203, 204, 205, 206, 207, 208, 209, 210, 211, 212, 213, 214, 215, 216, 217, 218, 219, 220, 221, 222, 223, 224, 225, 226, 227, 228, 229, 230, 231, 232, 233, 234, 235, 236, 237, 238, 239, 240, 241, 242, 243, 244, 245, 246, 247, 248, 249, 250, 251, 252, 253, 254, 255, 256, 257, 258, 259, 260, 261, 262, 263, 264, 265, 266, 267, 268, 269, 270, 271, 272, 273, 274, 275, 276, 277, 278, 279, 280, 281, 282, 283, 284, 285, 286, 287, 288, 289, 290, 291, 292, 293, 294, 295, 296, 297, 298, 299, 300, 301, 302, 303, 304, 305, 306, 307, 308, 309, 310, 311, 312, 313, 314, 315, 316, 317, 318, 319, 320, 321, 322, 323, 324, 325, 326, 327, 328, 329, 330, 331, 332, 333, 334, 335, 336, 337, 340, 373, 374, 375, 376, 377, 459, 460, 461, 462, 500, 501, 539, 540, 541, 542, 543, 544, 545, 546, 547, 548, 549, 550, 552, 574, 575, 576, 577, 578, 579, 580, 581, 582, 583, 584, 585, 586, 587, 588, 589, 590, 591, 592, 593, 594, 595, 596, 597, 598, 599, 600, 601, 602, 603, 604, 605, 606, 607, 608, 609, 610, 611, 612, 613, 614, 615, 616, 617, 618, 619, 620, 621, 622, 623, 624, 625, 626, 627, 628, 629, 630, 631, 632, 633, 634, 635, 636, 637, 638, 639, 640, 641, 642, 643, 644, 645, 646, 647, 648, 649, 650, 651, 652, 653, 654, 655, 656, 657, 658, 659, 660, 661, 662, 663, 664, 665, 666, 667, 668, 669, 670, 671, 672, 673, 674, 675, 676, 677, 678, 679, 680, 681, 682, 683, 684, 685, 686, 687, 688, 689, 690, 691, 692, 693, 694, 695, 696, 697, 698, 699, 700, 701, 702, 703, 704, 705, 706, 707, 708, 709, 710, 711, 712, 713, 714, 715, 716, 717, 718, 719, 720, 721, 722, 723, 724, 725, 726, 727, 728, 729, 730, 731, 732, 733, 734, 735, 736, 737, 738, 739, 740, 741, 742, 743, 744, 745, 746, 747, 748, 749, 750, 751, 752, 753, 754, 755, 756, 757, 758, 759, 760, 761, 762, 763, 764, 765, 766, 767, 768, 769, 770, 771, 772, 773, 774, 775, 776, 777, 778, 779, 780, 781, 782, 783, 784, 785, 786, 787, 788, 789, 790, 791, 792, 793, 796, 823, 824, 825, 826, 827, 906, 907, 908, 909]",True,"[209, 243, 271, 311, 679, 707, 730, 769]","[103, 104, 105, 106, 107, 108, 109, 110, 111, 112, 113, 114, 115, 116, 117, 118, 119, 120, 121, 122, 123, 124, 125, 126, 127, 128, 129, 130, 131, 132, 133, 134, 135, 136, 137, 138, 139, 140, 141, 142, 143, 144, 145, 146, 147, 148, 149, 150, 151, 152, 153, 154, 155, 156, 157, 158, 159, 160, 161, 162, 163, 164, 165, 166, 167, 168, 169, 170, 171, 172, 173, 174, 175, 176, 177, 178, 179, 180, 181, 182, 183, 184, 185, 186, 187, 188, 189, 190, 191, 192, 193, 194, 195, 196, 197, 198, 199, 200, 201, 202, 203, 204, 205, 206, 207, 208, 209, 210, 211, 212, 213, 214, 215, 216, 217, 218, 219, 220, 221, 222, 223, 224, 225, 226, 227, 228, 229, 230, 231, 232, 233, 234, 235, 236, 237, 238, 239, 240, 241, 242, 243, 244, 245, 246, 247, 248, 249, 250, 251, 252, 253, 254, 255, 256, 257, 258, 259, 260, 261, 262, 263, 264, 265, 266, 267, 268, 269, 270, 271, 272, 273, 274, 275, 276, 277, 278, 279, 280, 281, 282, 283, 284, 285, 286, 287, 288, 289, 290, 291, 292, 293, 294, 295, 296, 297, 298, 299, 300, 301, 302, 303, 304, 305, 306, 307, 308, 309, 310, 311, 312, 313, 314, 315, 316, 317, 318, 319, 320, 321, 322, 323, 324, 325, 326, 327, 328, 329, 330, 331, 332, 333, 334, 335, 336, 337, 574, 575, 576, 577, 578, 579, 580, 581, 582, 583, 584, 585, 586, 587, 588, 589, 590, 591, 592, 593, 594, 595, 596, 597, 598, 599, 600, 601, 602, 603, 604, 605, 606, 607, 608, 609, 610, 611, 612, 613, 614, 615, 616, 617, 618, 619, 620, 621, 622, 623, 624, 625, 626, 627, 628, 629, 630, 631, 632, 633, 634, 635, 636, 637, 638, 639, 640, 641, 642, 643, 644, 645, 646, 647, 648, 649, 650, 651, 652, 653, 654, 655, 656, 657, 658, 659, 660, 661, 662, 663, 664, 665, 666, 667, 668, 669, 670, 671, 672, 673, 674, 675, 676, 677, 678, 679, 680, 681, 682, 683, 684, 685, 686, 687, 688, 689, 690, 691, 692, 693, 694, 695, 696, 697, 698, 699, 700, 701, 702, 703, 704, 705, 706, 707, 708, 709, 710, 711, 712, 713, 714, 715, 716, 717, 718, 719, 720, 721, 722, 723, 724, 725, 726, 727, 728, 729, 730, 731, 732, 733, 734, 735, 736, 737, 738, 739, 740, 741, 742, 743, 744, 745, 746, 747, 748, 749, 750, 751, 752, 753, 754, 755, 756, 757, 758, 759, 760, 761, 762, 763, 764, 765, 766, 767, 768, 769, 770, 771, 772, 773, 774, 775, 776, 777, 778, 779, 780, 781, 782, 783, 784, 785, 786, 787, 788, 789, 790, 791, 792, 793]","[209, 243, 271, 273, 275, 311, 325, 679, 707, 730, 732, 734, 769, 783]","[209, 271, 311, 679, 730, 769]","[105, 114, 138, 141, 152, 153, 154, 155, 157, 159, 164, 165, 176, 182, 191, 192, 194, 195, 196, 200, 204, 208, 209, 210, 211, 215, 226, 228, 241, 242, 243, 245, 248, 249, 250, 257, 261, 270, 271, 282, 287, 289, 291, 294, 296, 298, 306, 308, 309, 311, 314, 327, 333, 335, 337, 576, 585, 609, 612, 623, 624, 626, 627, 629, 631, 636, 637, 647, 653, 662, 663, 665, 666, 667, 671, 674, 678, 679, 680, 681, 690, 692, 705, 706, 707, 709, 711, 712, 713, 719, 721, 729, 730, 741, 746, 748, 750, 753, 755, 757, 764, 766, 767, 769, 772, 785, 791]","[15, 16, 65, 66, 67, 68, 69, 70, 71, 72, 73, 74, 75, 76, 77, 78, 80, 151, 244, 245, 246, 247, 248, 249, 250, 251, 252, 253, 254, 255, 256, 257, 258, 259, 260, 280, 340, 373, 374, 375, 376, 377, 459, 460, 461, 462, 500, 501, 539, 540, 541, 542, 543, 544, 545, 546, 547, 548, 549, 550, 552, 622, 708, 709, 710, 711, 712, 713, 714, 715, 716, 717, 718, 719, 720, 739, 796, 823, 824, 825, 826, 827, 906, 907, 908, 909]","[15, 16, 65, 66, 67, 68, 69, 70, 71, 72, 73, 74, 75, 76, 80, 151, 245, 246, 247, 248, 249, 250, 251, 252, 253, 254, 255, 256, 257, 258, 259, 280, 340, 373, 374, 375, 376, 377, 459, 460, 461, 462, 500, 501, 539, 540, 541, 542, 543, 544, 545, 546, 547, 548, 549, 550, 552, 622, 708, 709, 710, 711, 712, 713, 714, 715, 716, 717, 718, 719, 720, 739, 796, 823, 824, 825, 826, 827, 906, 907, 908, 909]",5/6 successful match,True,"[647, 648]",True,355,False,,,,,
"E Santa Nella , 95322 Pilot Travel Center # 139",209-827-1399 I-5 Exit 407 ( CA 33 N ),HRS M,Santa Nella,95322,Pilot Travel Center # 139,209-827-1399,2007,Gustine,CA,Pilot,( CA 33 N ),I-5 Exit 407 ,Exit,407,False,,False,I-5,,,,,"[209, 679]","[209, 243, 271, 311, 679, 707, 730, 769]","[209, 243, 271, 273, 275, 311, 325, 679, 707, 730, 732, 734, 769, 783]","[209, 271, 311, 679, 730, 769]","[103, 104, 105, 106, 107, 108, 109, 110, 111, 112, 113, 114, 115, 116, 117, 118, 119, 120, 121, 122, 123, 124, 125, 126, 127, 128, 129, 130, 131, 132, 133, 134, 135, 136, 137, 138, 139, 140, 141, 142, 143, 144, 145, 146, 147, 148, 149, 150, 151, 152, 153, 154, 155, 156, 157, 158, 159, 160, 161, 162, 163, 164, 165, 166, 167, 168, 169, 170, 171, 172, 173, 174, 175, 176, 177, 178, 179, 180, 181, 182, 183, 184, 185, 186, 187, 188, 189, 190, 191, 192, 193, 194, 195, 196, 197, 198, 199, 200, 201, 202, 203, 204, 205, 206, 207, 208, 209, 210, 211, 212, 213, 214, 215, 216, 217, 218, 219, 220, 221, 222, 223, 224, 225, 226, 227, 228, 229, 230, 231, 232, 233, 234, 235, 236, 237, 238, 239, 240, 241, 242, 243, 244, 245, 246, 247, 248, 249, 250, 251, 252, 253, 254, 255, 256, 257, 258, 259, 260, 261, 262, 263, 264, 265, 266, 267, 268, 269, 270, 271, 272, 273, 274, 275, 276, 277, 278, 279, 280, 281, 282, 283, 284, 285, 286, 287, 288, 289, 290, 291, 292, 293, 294, 295, 296, 297, 298, 299, 300, 301, 302, 303, 304, 305, 306, 307, 308, 309, 310, 311, 312, 313, 314, 315, 316, 317, 318, 319, 320, 321, 322, 323, 324, 325, 326, 327, 328, 329, 330, 331, 332, 333, 334, 335, 336, 337, 574, 575, 576, 577, 578, 579, 580, 581, 582, 583, 584, 585, 586, 587, 588, 589, 590, 591, 592, 593, 594, 595, 596, 597, 598, 599, 600, 601, 602, 603, 604, 605, 606, 607, 608, 609, 610, 611, 612, 613, 614, 615, 616, 617, 618, 619, 620, 621, 622, 623, 624, 625, 626, 627, 628, 629, 630, 631, 632, 633, 634, 635, 636, 637, 638, 639, 640, 641, 642, 643, 644, 645, 646, 647, 648, 649, 650, 651, 652, 653, 654, 655, 656, 657, 658, 659, 660, 661, 662, 663, 664, 665, 666, 667, 668, 669, 670, 671, 672, 673, 674, 675, 676, 677, 678, 679, 680, 681, 682, 683, 684, 685, 686, 687, 688, 689, 690, 691, 692, 693, 694, 695, 696, 697, 698, 699, 700, 701, 702, 703, 704, 705, 706, 707, 708, 709, 710, 711, 712, 713, 714, 715, 716, 717, 718, 719, 720, 721, 722, 723, 724, 725, 726, 727, 728, 729, 730, 731, 732, 733, 734, 735, 736, 737, 738, 739, 740, 741, 742, 743, 744, 745, 746, 747, 748, 749, 750, 751, 752, 753, 754, 755, 756, 757, 758, 759, 760, 761, 762, 763, 764, 765, 766, 767, 768, 769, 770, 771, 772, 773, 774, 775, 776, 777, 778, 779, 780, 781, 782, 783, 784, 785, 786, 787, 788, 789, 790, 791, 792, 793]","[105, 114, 138, 141, 152, 153, 154, 155, 157, 159, 164, 165, 176, 182, 191, 192, 194, 195, 196, 200, 204, 208, 209, 210, 211, 215, 226, 228, 241, 242, 243, 245, 248, 249, 250, 257, 261, 270, 271, 282, 287, 289, 291, 294, 296, 298, 306, 308, 309, 311, 314, 327, 333, 335, 337, 576, 585, 609, 612, 623, 624, 626, 627, 629, 631, 636, 637, 647, 653, 662, 663, 665, 666, 667, 671, 674, 678, 679, 680, 681, 690, 692, 705, 706, 707, 709, 711, 712, 713, 719, 721, 729, 730, 741, 746, 748, 750, 753, 755, 757, 764, 766, 767, 769, 772, 785, 791]","[15, 16, 65, 66, 67, 68, 69, 70, 71, 72, 73, 74, 75, 76, 80, 151, 245, 246, 247, 248, 249, 250, 251, 252, 253, 254, 255, 256, 257, 258, 259, 280, 340, 373, 374, 375, 376, 377, 459, 460, 461, 462, 500, 501, 539, 540, 541, 542, 543, 544, 545, 546, 547, 548, 549, 550, 552, 622, 708, 709, 710, 711, 712, 713, 714, 715, 716, 717, 718, 719, 720, 739, 796, 823, 824, 825, 826, 827, 906, 907, 908, 909]","[15, 16, 65, 66, 67, 68, 69, 70, 71, 72, 73, 74, 75, 76, 77, 78, 80, 151, 244, 245, 246, 247, 248, 249, 250, 251, 252, 253, 254, 255, 256, 257, 258, 259, 260, 280, 340, 373, 374, 375, 376, 377, 459, 460, 461, 462, 500, 501, 539, 540, 541, 542, 543, 544, 545, 546, 547, 548, 549, 550, 552, 622, 708, 709, 710, 711, 712, 713, 714, 715, 716, 717, 718, 719, 720, 739, 796, 823, 824, 825, 826, 827, 906, 907, 908, 909]","[15, 16, 65, 66, 67, 68, 69, 70, 71, 72, 73, 74, 75, 76, 77, 78, 80, 103, 104, 105, 106, 107, 108, 109, 110, 111, 112, 113, 114, 115, 116, 117, 118, 119, 120, 121, 122, 123, 124, 125, 126, 127, 128, 129, 130, 131, 132, 133, 134, 135, 136, 137, 138, 139, 140, 141, 142, 143, 144, 145, 146, 147, 148, 149, 150, 151, 152, 153, 154, 155, 156, 157, 158, 159, 160, 161, 162, 163, 164, 165, 166, 167, 168, 169, 170, 171, 172, 173, 174, 175, 176, 177, 178, 179, 180, 181, 182, 183, 184, 185, 186, 187, 188, 189, 190, 191, 192, 193, 194, 195, 196, 197, 198, 199, 200, 201, 202, 203, 204, 205, 206, 207, 208, 209, 210, 211, 212, 213, 214, 215, 216, 217, 218, 219, 220, 221, 222, 223, 224, 225, 226, 227, 228, 229, 230, 231, 232, 233, 234, 235, 236, 237, 238, 239, 240, 241, 242, 243, 244, 245, 246, 247, 248, 249, 250, 251, 252, 253, 254, 255, 256, 257, 258, 259, 260, 261, 262, 263, 264, 265, 266, 267, 268, 269, 270, 271, 272, 273, 274, 275, 276, 277, 278, 279, 280, 281, 282, 283, 284, 285, 286, 287, 288, 289, 290, 291, 292, 293, 294, 295, 296, 297, 298, 299, 300, 301, 302, 303, 304, 305, 306, 307, 308, 309, 310, 311, 312, 313, 314, 315, 316, 317, 318, 319, 320, 321, 322, 323, 324, 325, 326, 327, 328, 329, 330, 331, 332, 333, 334, 335, 336, 337, 340, 373, 374, 375, 376, 377, 459, 460, 461, 462, 500, 501, 539, 540, 541, 542, 543, 544, 545, 546, 547, 548, 549, 550, 552, 574, 575, 576, 577, 578, 579, 580, 581, 582, 583, 584, 585, 586, 587, 588, 589, 590, 591, 592, 593, 594, 595, 596, 597, 598, 599, 600, 601, 602, 603, 604, 605, 606, 607, 608, 609, 610, 611, 612, 613, 614, 615, 616, 617, 618, 619, 620, 621, 622, 623, 624, 625, 626, 627, 628, 629, 630, 631, 632, 633, 634, 635, 636, 637, 638, 639, 640, 641, 642, 643, 644, 645, 646, 647, 648, 649, 650, 651, 652, 653, 654, 655, 656, 657, 658, 659, 660, 661, 662, 663, 664, 665, 666, 667, 668, 669, 670, 671, 672, 673, 674, 675, 676, 677, 678, 679, 680, 681, 682, 683, 684, 685, 686, 687, 688, 689, 690, 691, 692, 693, 694, 695, 696, 697, 698, 699, 700, 701, 702, 703, 704, 705, 706, 707, 708, 709, 710, 711, 712, 713, 714, 715, 716, 717, 718, 719, 720, 721, 722, 723, 724, 725, 726, 727, 728, 729, 730, 731, 732, 733, 734, 735, 736, 737, 738, 739, 740, 741, 742, 743, 744, 745, 746, 747, 748, 749, 750, 751, 752, 753, 754, 755, 756, 757, 758, 759, 760, 761, 762, 763, 764, 765, 766, 767, 768, 769, 770, 771, 772, 773, 774, 775, 776, 777, 778, 779, 780, 781, 782, 783, 784, 785, 786, 787, 788, 789, 790, 791, 792, 793, 796, 823, 824, 825, 826, 827, 906, 907, 908, 909]",True,"[209, 243, 271, 311, 679, 707, 730, 769]","[103, 104, 105, 106, 107, 108, 109, 110, 111, 112, 113, 114, 115, 116, 117, 118, 119, 120, 121, 122, 123, 124, 125, 126, 127, 128, 129, 130, 131, 132, 133, 134, 135, 136, 137, 138, 139, 140, 141, 142, 143, 144, 145, 146, 147, 148, 149, 150, 151, 152, 153, 154, 155, 156, 157, 158, 159, 160, 161, 162, 163, 164, 165, 166, 167, 168, 169, 170, 171, 172, 173, 174, 175, 176, 177, 178, 179, 180, 181, 182, 183, 184, 185, 186, 187, 188, 189, 190, 191, 192, 193, 194, 195, 196, 197, 198, 199, 200, 201, 202, 203, 204, 205, 206, 207, 208, 209, 210, 211, 212, 213, 214, 215, 216, 217, 218, 219, 220, 221, 222, 223, 224, 225, 226, 227, 228, 229, 230, 231, 232, 233, 234, 235, 236, 237, 238, 239, 240, 241, 242, 243, 244, 245, 246, 247, 248, 249, 250, 251, 252, 253, 254, 255, 256, 257, 258, 259, 260, 261, 262, 263, 264, 265, 266, 267, 268, 269, 270, 271, 272, 273, 274, 275, 276, 277, 278, 279, 280, 281, 282, 283, 284, 285, 286, 287, 288, 289, 290, 291, 292, 293, 294, 295, 296, 297, 298, 299, 300, 301, 302, 303, 304, 305, 306, 307, 308, 309, 310, 311, 312, 313, 314, 315, 316, 317, 318, 319, 320, 321, 322, 323, 324, 325, 326, 327, 328, 329, 330, 331, 332, 333, 334, 335, 336, 337, 574, 575, 576, 577, 578, 579, 580, 581, 582, 583, 584, 585, 586, 587, 588, 589, 590, 591, 592, 593, 594, 595, 596, 597, 598, 599, 600, 601, 602, 603, 604, 605, 606, 607, 608, 609, 610, 611, 612, 613, 614, 615, 616, 617, 618, 619, 620, 621, 622, 623, 624, 625, 626, 627, 628, 629, 630, 631, 632, 633, 634, 635, 636, 637, 638, 639, 640, 641, 642, 643, 644, 645, 646, 647, 648, 649, 650, 651, 652, 653, 654, 655, 656, 657, 658, 659, 660, 661, 662, 663, 664, 665, 666, 667, 668, 669, 670, 671, 672, 673, 674, 675, 676, 677, 678, 679, 680, 681, 682, 683, 684, 685, 686, 687, 688, 689, 690, 691, 692, 693, 694, 695, 696, 697, 698, 699, 700, 701, 702, 703, 704, 705, 706, 707, 708, 709, 710, 711, 712, 713, 714, 715, 716, 717, 718, 719, 720, 721, 722, 723, 724, 725, 726, 727, 728, 729, 730, 731, 732, 733, 734, 735, 736, 737, 738, 739, 740, 741, 742, 743, 744, 745, 746, 747, 748, 749, 750, 751, 752, 753, 754, 755, 756, 757, 758, 759, 760, 761, 762, 763, 764, 765, 766, 767, 768, 769, 770, 771, 772, 773, 774, 775, 776, 777, 778, 779, 780, 781, 782, 783, 784, 785, 786, 787, 788, 789, 790, 791, 792, 793]","[209, 243, 271, 273, 275, 311, 325, 679, 707, 730, 732, 734, 769, 783]","[209, 271, 311, 679, 730, 769]","[105, 114, 138, 141, 152, 153, 154, 155, 157, 159, 164, 165, 176, 182, 191, 192, 194, 195, 196, 200, 204, 208, 209, 210, 211, 215, 226, 228, 241, 242, 243, 245, 248, 249, 250, 257, 261, 270, 271, 282, 287, 289, 291, 294, 296, 298, 306, 308, 309, 311, 314, 327, 333, 335, 337, 576, 585, 609, 612, 623, 624, 626, 627, 629, 631, 636, 637, 647, 653, 662, 663, 665, 666, 667, 671, 674, 678, 679, 680, 681, 690, 692, 705, 706, 707, 709, 711, 712, 713, 719, 721, 729, 730, 741, 746, 748, 750, 753, 755, 757, 764, 766, 767, 769, 772, 785, 791]","[15, 16, 65, 66, 67, 68, 69, 70, 71, 72, 73, 74, 75, 76, 77, 78, 80, 151, 244, 245, 246, 247, 248, 249, 250, 251, 252, 253, 254, 255, 256, 257, 258, 259, 260, 280, 340, 373, 374, 375, 376, 377, 459, 460, 461, 462, 500, 501, 539, 540, 541, 542, 543, 544, 545, 546, 547, 548, 549, 550, 552, 622, 708, 709, 710, 711, 712, 713, 714, 715, 716, 717, 718, 719, 720, 739, 796, 823, 824, 825, 826, 827, 906, 907, 908, 909]","[15, 16, 65, 66, 67, 68, 69, 70, 71, 72, 73, 74, 75, 76, 80, 151, 245, 246, 247, 248, 249, 250, 251, 252, 253, 254, 255, 256, 257, 258, 259, 280, 340, 373, 374, 375, 376, 377, 459, 460, 461, 462, 500, 501, 539, 540, 541, 542, 543, 544, 545, 546, 547, 548, 549, 550, 552, 622, 708, 709, 710, 711, 712, 713, 714, 715, 716, 717, 718, 719, 720, 739, 796, 823, 824, 825, 826, 827, 906, 907, 908, 909]",5/6 successful match,True,"[647, 648]",True,355,False,,1.0,True,Pilot Travel Center # 139,Pilot
"E Santa Nella , 95322 Pilot Travel Center # 139",2 209-827-1399 I-5 Exit 407 ( CA 33 N ),24 M,Santa Nella,95322,Pilot Travel Center # 139,209-827-1399,2008,Gustine,CA,Pilot,( CA 33 N ),I-5 Exit 407 ,Exit,407,False,,False,I-5,,,,,"[209, 679]","[209, 243, 271, 311, 679, 707, 730, 769]","[209, 243, 271, 273, 275, 311, 325, 679, 707, 730, 732, 734, 769, 783]","[209, 271, 311, 679, 730, 769]","[103, 104, 105, 106, 107, 108, 109, 110, 111, 112, 113, 114, 115, 116, 117, 118, 119, 120, 121, 122, 123, 124, 125, 126, 127, 128, 129, 130, 131, 132, 133, 134, 135, 136, 137, 138, 139, 140, 141, 142, 143, 144, 145, 146, 147, 148, 149, 150, 151, 152, 153, 154, 155, 156, 157, 158, 159, 160, 161, 162, 163, 164, 165, 166, 167, 168, 169, 170, 171, 172, 173, 174, 175, 176, 177, 178, 179, 180, 181, 182, 183, 184, 185, 186, 187, 188, 189, 190, 191, 192, 193, 194, 195, 196, 197, 198, 199, 200, 201, 202, 203, 204, 205, 206, 207, 208, 209, 210, 211, 212, 213, 214, 215, 216, 217, 218, 219, 220, 221, 222, 223, 224, 225, 226, 227, 228, 229, 230, 231, 232, 233, 234, 235, 236, 237, 238, 239, 240, 241, 242, 243, 244, 245, 246, 247, 248, 249, 250, 251, 252, 253, 254, 255, 256, 257, 258, 259, 260, 261, 262, 263, 264, 265, 266, 267, 268, 269, 270, 271, 272, 273, 274, 275, 276, 277, 278, 279, 280, 281, 282, 283, 284, 285, 286, 287, 288, 289, 290, 291, 292, 293, 294, 295, 296, 297, 298, 299, 300, 301, 302, 303, 304, 305, 306, 307, 308, 309, 310, 311, 312, 313, 314, 315, 316, 317, 318, 319, 320, 321, 322, 323, 324, 325, 326, 327, 328, 329, 330, 331, 332, 333, 334, 335, 336, 337, 574, 575, 576, 577, 578, 579, 580, 581, 582, 583, 584, 585, 586, 587, 588, 589, 590, 591, 592, 593, 594, 595, 596, 597, 598, 599, 600, 601, 602, 603, 604, 605, 606, 607, 608, 609, 610, 611, 612, 613, 614, 615, 616, 617, 618, 619, 620, 621, 622, 623, 624, 625, 626, 627, 628, 629, 630, 631, 632, 633, 634, 635, 636, 637, 638, 639, 640, 641, 642, 643, 644, 645, 646, 647, 648, 649, 650, 651, 652, 653, 654, 655, 656, 657, 658, 659, 660, 661, 662, 663, 664, 665, 666, 667, 668, 669, 670, 671, 672, 673, 674, 675, 676, 677, 678, 679, 680, 681, 682, 683, 684, 685, 686, 687, 688, 689, 690, 691, 692, 693, 694, 695, 696, 697, 698, 699, 700, 701, 702, 703, 704, 705, 706, 707, 708, 709, 710, 711, 712, 713, 714, 715, 716, 717, 718, 719, 720, 721, 722, 723, 724, 725, 726, 727, 728, 729, 730, 731, 732, 733, 734, 735, 736, 737, 738, 739, 740, 741, 742, 743, 744, 745, 746, 747, 748, 749, 750, 751, 752, 753, 754, 755, 756, 757, 758, 759, 760, 761, 762, 763, 764, 765, 766, 767, 768, 769, 770, 771, 772, 773, 774, 775, 776, 777, 778, 779, 780, 781, 782, 783, 784, 785, 786, 787, 788, 789, 790, 791, 792, 793]","[105, 114, 138, 141, 152, 153, 154, 155, 157, 159, 164, 165, 176, 182, 191, 192, 194, 195, 196, 200, 204, 208, 209, 210, 211, 215, 226, 228, 241, 242, 243, 245, 248, 249, 250, 257, 261, 270, 271, 282, 287, 289, 291, 294, 296, 298, 306, 308, 309, 311, 314, 327, 333, 335, 337, 576, 585, 609, 612, 623, 624, 626, 627, 629, 631, 636, 637, 647, 653, 662, 663, 665, 666, 667, 671, 674, 678, 679, 680, 681, 690, 692, 705, 706, 707, 709, 711, 712, 713, 719, 721, 729, 730, 741, 746, 748, 750, 753, 755, 757, 764, 766, 767, 769, 772, 785, 791]","[15, 16, 65, 66, 67, 68, 69, 70, 71, 72, 73, 74, 75, 76, 80, 151, 245, 246, 247, 248, 249, 250, 251, 252, 253, 254, 255, 256, 257, 258, 259, 280, 340, 373, 374, 375, 376, 377, 459, 460, 461, 462, 500, 501, 539, 540, 541, 542, 543, 544, 545, 546, 547, 548, 549, 550, 552, 622, 708, 709, 710, 711, 712, 713, 714, 715, 716, 717, 718, 719, 720, 739, 796, 823, 824, 825, 826, 827, 906, 907, 908, 909]","[15, 16, 65, 66, 67, 68, 69, 70, 71, 72, 73, 74, 75, 76, 77, 78, 80, 151, 244, 245, 246, 247, 248, 249, 250, 251, 252, 253, 254, 255, 256, 257, 258, 259, 260, 280, 340, 373, 374, 375, 376, 377, 459, 460, 461, 462, 500, 501, 539, 540, 541, 542, 543, 544, 545, 546, 547, 548, 549, 550, 552, 622, 708, 709, 710, 711, 712, 713, 714, 715, 716, 717, 718, 719, 720, 739, 796, 823, 824, 825, 826, 827, 906, 907, 908, 909]","[15, 16, 65, 66, 67, 68, 69, 70, 71, 72, 73, 74, 75, 76, 77, 78, 80, 103, 104, 105, 106, 107, 108, 109, 110, 111, 112, 113, 114, 115, 116, 117, 118, 119, 120, 121, 122, 123, 124, 125, 126, 127, 128, 129, 130, 131, 132, 133, 134, 135, 136, 137, 138, 139, 140, 141, 142, 143, 144, 145, 146, 147, 148, 149, 150, 151, 152, 153, 154, 155, 156, 157, 158, 159, 160, 161, 162, 163, 164, 165, 166, 167, 168, 169, 170, 171, 172, 173, 174, 175, 176, 177, 178, 179, 180, 181, 182, 183, 184, 185, 186, 187, 188, 189, 190, 191, 192, 193, 194, 195, 196, 197, 198, 199, 200, 201, 202, 203, 204, 205, 206, 207, 208, 209, 210, 211, 212, 213, 214, 215, 216, 217, 218, 219, 220, 221, 222, 223, 224, 225, 226, 227, 228, 229, 230, 231, 232, 233, 234, 235, 236, 237, 238, 239, 240, 241, 242, 243, 244, 245, 246, 247, 248, 249, 250, 251, 252, 253, 254, 255, 256, 257, 258, 259, 260, 261, 262, 263, 264, 265, 266, 267, 268, 269, 270, 271, 272, 273, 274, 275, 276, 277, 278, 279, 280, 281, 282, 283, 284, 285, 286, 287, 288, 289, 290, 291, 292, 293, 294, 295, 296, 297, 298, 299, 300, 301, 302, 303, 304, 305, 306, 307, 308, 309, 310, 311, 312, 313, 314, 315, 316, 317, 318, 319, 320, 321, 322, 323, 324, 325, 326, 327, 328, 329, 330, 331, 332, 333, 334, 335, 336, 337, 340, 373, 374, 375, 376, 377, 459, 460, 461, 462, 500, 501, 539, 540, 541, 542, 543, 544, 545, 546, 547, 548, 549, 550, 552, 574, 575, 576, 577, 578, 579, 580, 581, 582, 583, 584, 585, 586, 587, 588, 589, 590, 591, 592, 593, 594, 595, 596, 597, 598, 599, 600, 601, 602, 603, 604, 605, 606, 607, 608, 609, 610, 611, 612, 613, 614, 615, 616, 617, 618, 619, 620, 621, 622, 623, 624, 625, 626, 627, 628, 629, 630, 631, 632, 633, 634, 635, 636, 637, 638, 639, 640, 641, 642, 643, 644, 645, 646, 647, 648, 649, 650, 651, 652, 653, 654, 655, 656, 657, 658, 659, 660, 661, 662, 663, 664, 665, 666, 667, 668, 669, 670, 671, 672, 673, 674, 675, 676, 677, 678, 679, 680, 681, 682, 683, 684, 685, 686, 687, 688, 689, 690, 691, 692, 693, 694, 695, 696, 697, 698, 699, 700, 701, 702, 703, 704, 705, 706, 707, 708, 709, 710, 711, 712, 713, 714, 715, 716, 717, 718, 719, 720, 721, 722, 723, 724, 725, 726, 727, 728, 729, 730, 731, 732, 733, 734, 735, 736, 737, 738, 739, 740, 741, 742, 743, 744, 745, 746, 747, 748, 749, 750, 751, 752, 753, 754, 755, 756, 757, 758, 759, 760, 761, 762, 763, 764, 765, 766, 767, 768, 769, 770, 771, 772, 773, 774, 775, 776, 777, 778, 779, 780, 781, 782, 783, 784, 785, 786, 787, 788, 789, 790, 791, 792, 793, 796, 823, 824, 825, 826, 827, 906, 907, 908, 909]",True,"[209, 243, 271, 311, 679, 707, 730, 769]","[103, 104, 105, 106, 107, 108, 109, 110, 111, 112, 113, 114, 115, 116, 117, 118, 119, 120, 121, 122, 123, 124, 125, 126, 127, 128, 129, 130, 131, 132, 133, 134, 135, 136, 137, 138, 139, 140, 141, 142, 143, 144, 145, 146, 147, 148, 149, 150, 151, 152, 153, 154, 155, 156, 157, 158, 159, 160, 161, 162, 163, 164, 165, 166, 167, 168, 169, 170, 171, 172, 173, 174, 175, 176, 177, 178, 179, 180, 181, 182, 183, 184, 185, 186, 187, 188, 189, 190, 191, 192, 193, 194, 195, 196, 197, 198, 199, 200, 201, 202, 203, 204, 205, 206, 207, 208, 209, 210, 211, 212, 213, 214, 215, 216, 217, 218, 219, 220, 221, 222, 223, 224, 225, 226, 227, 228, 229, 230, 231, 232, 233, 234, 235, 236, 237, 238, 239, 240, 241, 242, 243, 244, 245, 246, 247, 248, 249, 250, 251, 252, 253, 254, 255, 256, 257, 258, 259, 260, 261, 262, 263, 264, 265, 266, 267, 268, 269, 270, 271, 272, 273, 274, 275, 276, 277, 278, 279, 280, 281, 282, 283, 284, 285, 286, 287, 288, 289, 290, 291, 292, 293, 294, 295, 296, 297, 298, 299, 300, 301, 302, 303, 304, 305, 306, 307, 308, 309, 310, 311, 312, 313, 314, 315, 316, 317, 318, 319, 320, 321, 322, 323, 324, 325, 326, 327, 328, 329, 330, 331, 332, 333, 334, 335, 336, 337, 574, 575, 576, 577, 578, 579, 580, 581, 582, 583, 584, 585, 586, 587, 588, 589, 590, 591, 592, 593, 594, 595, 596, 597, 598, 599, 600, 601, 602, 603, 604, 605, 606, 607, 608, 609, 610, 611, 612, 613, 614, 615, 616, 617, 618, 619, 620, 621, 622, 623, 624, 625, 626, 627, 628, 629, 630, 631, 632, 633, 634, 635, 636, 637, 638, 639, 640, 641, 642, 643, 644, 645, 646, 647, 648, 649, 650, 651, 652, 653, 654, 655, 656, 657, 658, 659, 660, 661, 662, 663, 664, 665, 666, 667, 668, 669, 670, 671, 672, 673, 674, 675, 676, 677, 678, 679, 680, 681, 682, 683, 684, 685, 686, 687, 688, 689, 690, 691, 692, 693, 694, 695, 696, 697, 698, 699, 700, 701, 702, 703, 704, 705, 706, 707, 708, 709, 710, 711, 712, 713, 714, 715, 716, 717, 718, 719, 720, 721, 722, 723, 724, 725, 726, 727, 728, 729, 730, 731, 732, 733, 734, 735, 736, 737, 738, 739, 740, 741, 742, 743, 744, 745, 746, 747, 748, 749, 750, 751, 752, 753, 754, 755, 756, 757, 758, 759, 760, 761, 762, 763, 764, 765, 766, 767, 768, 769, 770, 771, 772, 773, 774, 775, 776, 777, 778, 779, 780, 781, 782, 783, 784, 785, 786, 787, 788, 789, 790, 791, 792, 793]","[209, 243, 271, 273, 275, 311, 325, 679, 707, 730, 732, 734, 769, 783]","[209, 271, 311, 679, 730, 769]","[105, 114, 138, 141, 152, 153, 154, 155, 157, 159, 164, 165, 176, 182, 191, 192, 194, 195, 196, 200, 204, 208, 209, 210, 211, 215, 226, 228, 241, 242, 243, 245, 248, 249, 250, 257, 261, 270, 271, 282, 287, 289, 291, 294, 296, 298, 306, 308, 309, 311, 314, 327, 333, 335, 337, 576, 585, 609, 612, 623, 624, 626, 627, 629, 631, 636, 637, 647, 653, 662, 663, 665, 666, 667, 671, 674, 678, 679, 680, 681, 690, 692, 705, 706, 707, 709, 711, 712, 713, 719, 721, 729, 730, 741, 746, 748, 750, 753, 755, 757, 764, 766, 767, 769, 772, 785, 791]","[15, 16, 65, 66, 67, 68, 69, 70, 71, 72, 73, 74, 75, 76, 77, 78, 80, 151, 244, 245, 246, 247, 248, 249, 250, 251, 252, 253, 254, 255, 256, 257, 258, 259, 260, 280, 340, 373, 374, 375, 376, 377, 459, 460, 461, 462, 500, 501, 539, 540, 541, 542, 543, 544, 545, 546, 547, 548, 549, 550, 552, 622, 708, 709, 710, 711, 712, 713, 714, 715, 716, 717, 718, 719, 720, 739, 796, 823, 824, 825, 826, 827, 906, 907, 908, 909]","[15, 16, 65, 66, 67, 68, 69, 70, 71, 72, 73, 74, 75, 76, 80, 151, 245, 246, 247, 248, 249, 250, 251, 252, 253, 254, 255, 256, 257, 258, 259, 280, 340, 373, 374, 375, 376, 377, 459, 460, 461, 462, 500, 501, 539, 540, 541, 542, 543, 544, 545, 546, 547, 548, 549, 550, 552, 622, 708, 709, 710, 711, 712, 713, 714, 715, 716, 717, 718, 719, 720, 739, 796, 823, 824, 825, 826, 827, 906, 907, 908, 909]",5/6 successful match,True,"[647, 648]",True,355,False,,1.0,True,Pilot Travel Center # 139,Pilot
Santa Nella ( 95322 ) Love's Travel Stop # 441,209-827-1399 I-5 Exit 407 ( CA 33 NE ),24 <U+2610><U+2610> M,Santa Nella,95322,Love's Travel Stop # 441,209-827-1399,2014,Gustine,CA,Love's,( CA 33 NE ),I-5 Exit 407 ,Exit,407,False,,False,I-5,,,,,"[209, 679]","[209, 243, 271, 311, 679, 707, 730, 769]","[209, 243, 271, 273, 275, 311, 325, 679, 707, 730, 732, 734, 769, 783]","[209, 271, 311, 679, 730, 769]","[103, 104, 105, 106, 107, 108, 109, 110, 111, 112, 113, 114, 115, 116, 117, 118, 119, 120, 121, 122, 123, 124, 125, 126, 127, 128, 129, 130, 131, 132, 133, 134, 135, 136, 137, 138, 139, 140, 141, 142, 143, 144, 145, 146, 147, 148, 149, 150, 151, 152, 153, 154, 155, 156, 157, 158, 159, 160, 161, 162, 163, 164, 165, 166, 167, 168, 169, 170, 171, 172, 173, 174, 175, 176, 177, 178, 179, 180, 181, 182, 183, 184, 185, 186, 187, 188, 189, 190, 191, 192, 193, 194, 195, 196, 197, 198, 199, 200, 201, 202, 203, 204, 205, 206, 207, 208, 209, 210, 211, 212, 213, 214, 215, 216, 217, 218, 219, 220, 221, 222, 223, 224, 225, 226, 227, 228, 229, 230, 231, 232, 233, 234, 235, 236, 237, 238, 239, 240, 241, 242, 243, 244, 245, 246, 247, 248, 249, 250, 251, 252, 253, 254, 255, 256, 257, 258, 259, 260, 261, 262, 263, 264, 265, 266, 267, 268, 269, 270, 271, 272, 273, 274, 275, 276, 277, 278, 279, 280, 281, 282, 283, 284, 285, 286, 287, 288, 289, 290, 291, 292, 293, 294, 295, 296, 297, 298, 299, 300, 301, 302, 303, 304, 305, 306, 307, 308, 309, 310, 311, 312, 313, 314, 315, 316, 317, 318, 319, 320, 321, 322, 323, 324, 325, 326, 327, 328, 329, 330, 331, 332, 333, 334, 335, 336, 337, 574, 575, 576, 577, 578, 579, 580, 581, 582, 583, 584, 585, 586, 587, 588, 589, 590, 591, 592, 593, 594, 595, 596, 597, 598, 599, 600, 601, 602, 603, 604, 605, 606, 607, 608, 609, 610, 611, 612, 613, 614, 615, 616, 617, 618, 619, 620, 621, 622, 623, 624, 625, 626, 627, 628, 629, 630, 631, 632, 633, 634, 635, 636, 637, 638, 639, 640, 641, 642, 643, 644, 645, 646, 647, 648, 649, 650, 651, 652, 653, 654, 655, 656, 657, 658, 659, 660, 661, 662, 663, 664, 665, 666, 667, 668, 669, 670, 671, 672, 673, 674, 675, 676, 677, 678, 679, 680, 681, 682, 683, 684, 685, 686, 687, 688, 689, 690, 691, 692, 693, 694, 695, 696, 697, 698, 699, 700, 701, 702, 703, 704, 705, 706, 707, 708, 709, 710, 711, 712, 713, 714, 715, 716, 717, 718, 719, 720, 721, 722, 723, 724, 725, 726, 727, 728, 729, 730, 731, 732, 733, 734, 735, 736, 737, 738, 739, 740, 741, 742, 743, 744, 745, 746, 747, 748, 749, 750, 751, 752, 753, 754, 755, 756, 757, 758, 759, 760, 761, 762, 763, 764, 765, 766, 767, 768, 769, 770, 771, 772, 773, 774, 775, 776, 777, 778, 779, 780, 781, 782, 783, 784, 785, 786, 787, 788, 789, 790, 791, 792, 793]","[105, 114, 138, 141, 152, 153, 154, 155, 157, 159, 164, 165, 176, 182, 191, 192, 194, 195, 196, 200, 204, 208, 209, 210, 211, 215, 226, 228, 241, 242, 243, 245, 248, 249, 250, 257, 261, 270, 271, 282, 287, 289, 291, 294, 296, 298, 306, 308, 309, 311, 314, 327, 333, 335, 337, 576, 585, 609, 612, 623, 624, 626, 627, 629, 631, 636, 637, 647, 653, 662, 663, 665, 666, 667, 671, 674, 678, 679, 680, 681, 690, 692, 705, 706, 707, 709, 711, 712, 713, 719, 721, 729, 730, 741, 746, 748, 750, 753, 755, 757, 764, 766, 767, 769, 772, 785, 791]","[34, 35, 36, 37, 38, 39, 40, 41, 42, 43, 44, 45, 46, 47, 48, 201, 202, 203, 204, 205, 206, 207, 208, 209, 210, 211, 212, 213, 214, 215, 216, 355, 356, 357, 358, 359, 360, 361, 429, 430, 431, 432, 433, 434, 435, 515, 516, 517, 518, 519, 520, 521, 522, 523, 524, 525, 526, 527, 672, 673, 674, 675, 676, 677, 678, 679, 680, 681, 682, 683, 684, 810, 811, 812, 813, 814, 881, 882, 883, 884, 885, 886]","[32, 33, 34, 35, 36, 37, 38, 39, 40, 41, 42, 43, 44, 45, 46, 47, 48, 201, 202, 203, 204, 205, 206, 207, 208, 209, 210, 211, 212, 213, 214, 215, 216, 355, 356, 357, 358, 359, 360, 361, 429, 430, 431, 432, 433, 434, 435, 515, 516, 517, 518, 519, 520, 521, 522, 523, 524, 525, 526, 527, 672, 673, 674, 675, 676, 677, 678, 679, 680, 681, 682, 683, 684, 810, 811, 812, 813, 814, 881, 882, 883, 884, 885, 886]","[32, 33, 34, 35, 36, 37, 38, 39, 40, 41, 42, 43, 44, 45, 46, 47, 48, 103, 104, 105, 106, 107, 108, 109, 110, 111, 112, 113, 114, 115, 116, 117, 118, 119, 120, 121, 122, 123, 124, 125, 126, 127, 128, 129, 130, 131, 132, 133, 134, 135, 136, 137, 138, 139, 140, 141, 142, 143, 144, 145, 146, 147, 148, 149, 150, 151, 152, 153, 154, 155, 156, 157, 158, 159, 160, 161, 162, 163, 164, 165, 166, 167, 168, 169, 170, 171, 172, 173, 174, 175, 176, 177, 178, 179, 180, 181, 182, 183, 184, 185, 186, 187, 188, 189, 190, 191, 192, 193, 194, 195, 196, 197, 198, 199, 200, 201, 202, 203, 204, 205, 206, 207, 208, 209, 210, 211, 212, 213, 214, 215, 216, 217, 218, 219, 220, 221, 222, 223, 224, 225, 226, 227, 228, 229, 230, 231, 232, 233, 234, 235, 236, 237, 238, 239, 240, 241, 242, 243, 244, 245, 246, 247, 248, 249, 250, 251, 252, 253, 254, 255, 256, 257, 258, 259, 260, 261, 262, 263, 264, 265, 266, 267, 268, 269, 270, 271, 272, 273, 274, 275, 276, 277, 278, 279, 280, 281, 282, 283, 284, 285, 286, 287, 288, 289, 290, 291, 292, 293, 294, 295, 296, 297, 298, 299, 300, 301, 302, 303, 304, 305, 306, 307, 308, 309, 310, 311, 312, 313, 314, 315, 316, 317, 318, 319, 320, 321, 322, 323, 324, 325, 326, 327, 328, 329, 330, 331, 332, 333, 334, 335, 336, 337, 355, 356, 357, 358, 359, 360, 361, 429, 430, 431, 432, 433, 434, 435, 515, 516, 517, 518, 519, 520, 521, 522, 523, 524, 525, 526, 527, 574, 575, 576, 577, 578, 579, 580, 581, 582, 583, 584, 585, 586, 587, 588, 589, 590, 591, 592, 593, 594, 595, 596, 597, 598, 599, 600, 601, 602, 603, 604, 605, 606, 607, 608, 609, 610, 611, 612, 613, 614, 615, 616, 617, 618, 619, 620, 621, 622, 623, 624, 625, 626, 627, 628, 629, 630, 631, 632, 633, 634, 635, 636, 637, 638, 639, 640, 641, 642, 643, 644, 645, 646, 647, 648, 649, 650, 651, 652, 653, 654, 655, 656, 657, 658, 659, 660, 661, 662, 663, 664, 665, 666, 667, 668, 669, 670, 671, 672, 673, 674, 675, 676, 677, 678, 679, 680, 681, 682, 683, 684, 685, 686, 687, 688, 689, 690, 691, 692, 693, 694, 695, 696, 697, 698, 699, 700, 701, 702, 703, 704, 705, 706, 707, 708, 709, 710, 711, 712, 713, 714, 715, 716, 717, 718, 719, 720, 721, 722, 723, 724, 725, 726, 727, 728, 729, 730, 731, 732, 733, 734, 735, 736, 737, 738, 739, 740, 741, 742, 743, 744, 745, 746, 747, 748, 749, 750, 751, 752, 753, 754, 755, 756, 757, 758, 759, 760, 761, 762, 763, 764, 765, 766, 767, 768, 769, 770, 771, 772, 773, 774, 775, 776, 777, 778, 779, 780, 781, 782, 783, 784, 785, 786, 787, 788, 789, 790, 791, 792, 793, 810, 811, 812, 813, 814, 881, 882, 883, 884, 885, 886]",True,"[209, 243, 271, 311, 679, 707, 730, 769]","[103, 104, 105, 106, 107, 108, 109, 110, 111, 112, 113, 114, 115, 116, 117, 118, 119, 120, 121, 122, 123, 124, 125, 126, 127, 128, 129, 130, 131, 132, 133, 134, 135, 136, 137, 138, 139, 140, 141, 142, 143, 144, 145, 146, 147, 148, 149, 150, 151, 152, 153, 154, 155, 156, 157, 158, 159, 160, 161, 162, 163, 164, 165, 166, 167, 168, 169, 170, 171, 172, 173, 174, 175, 176, 177, 178, 179, 180, 181, 182, 183, 184, 185, 186, 187, 188, 189, 190, 191, 192, 193, 194, 195, 196, 197, 198, 199, 200, 201, 202, 203, 204, 205, 206, 207, 208, 209, 210, 211, 212, 213, 214, 215, 216, 217, 218, 219, 220, 221, 222, 223, 224, 225, 226, 227, 228, 229, 230, 231, 232, 233, 234, 235, 236, 237, 238, 239, 240, 241, 242, 243, 244, 245, 246, 247, 248, 249, 250, 251, 252, 253, 254, 255, 256, 257, 258, 259, 260, 261, 262, 263, 264, 265, 266, 267, 268, 269, 270, 271, 272, 273, 274, 275, 276, 277, 278, 279, 280, 281, 282, 283, 284, 285, 286, 287, 288, 289, 290, 291, 292, 293, 294, 295, 296, 297, 298, 299, 300, 301, 302, 303, 304, 305, 306, 307, 308, 309, 310, 311, 312, 313, 314, 315, 316, 317, 318, 319, 320, 321, 322, 323, 324, 325, 326, 327, 328, 329, 330, 331, 332, 333, 334, 335, 336, 337, 574, 575, 576, 577, 578, 579, 580, 581, 582, 583, 584, 585, 586, 587, 588, 589, 590, 591, 592, 593, 594, 595, 596, 597, 598, 599, 600, 601, 602, 603, 604, 605, 606, 607, 608, 609, 610, 611, 612, 613, 614, 615, 616, 617, 618, 619, 620, 621, 622, 623, 624, 625, 626, 627, 628, 629, 630, 631, 632, 633, 634, 635, 636, 637, 638, 639, 640, 641, 642, 643, 644, 645, 646, 647, 648, 649, 650, 651, 652, 653, 654, 655, 656, 657, 658, 659, 660, 661, 662, 663, 664, 665, 666, 667, 668, 669, 670, 671, 672, 673, 674, 675, 676, 677, 678, 679, 680, 681, 682, 683, 684, 685, 686, 687, 688, 689, 690, 691, 692, 693, 694, 695, 696, 697, 698, 699, 700, 701, 702, 703, 704, 705, 706, 707, 708, 709, 710, 711, 712, 713, 714, 715, 716, 717, 718, 719, 720, 721, 722, 723, 724, 725, 726, 727, 728, 729, 730, 731, 732, 733, 734, 735, 736, 737, 738, 739, 740, 741, 742, 743, 744, 745, 746, 747, 748, 749, 750, 751, 752, 753, 754, 755, 756, 757, 758, 759, 760, 761, 762, 763, 764, 765, 766, 767, 768, 769, 770, 771, 772, 773, 774, 775, 776, 777, 778, 779, 780, 781, 782, 783, 784, 785, 786, 787, 788, 789, 790, 791, 792, 793]","[209, 243, 271, 273, 275, 311, 325, 679, 707, 730, 732, 734, 769, 783]","[209, 271, 311, 679, 730, 769]","[105, 114, 138, 141, 152, 153, 154, 155, 157, 159, 164, 165, 176, 182, 191, 192, 194, 195, 196, 200, 204, 208, 209, 210, 211, 215, 226, 228, 241, 242, 243, 245, 248, 249, 250, 257, 261, 270, 271, 282, 287, 289, 291, 294, 296, 298, 306, 308, 309, 311, 314, 327, 333, 335, 337, 576, 585, 609, 612, 623, 624, 626, 627, 629, 631, 636, 637, 647, 653, 662, 663, 665, 666, 667, 671, 674, 678, 679, 680, 681, 690, 692, 705, 706, 707, 709, 711, 712, 713, 719, 721, 729, 730, 741, 746, 748, 750, 753, 755, 757, 764, 766, 767, 769, 772, 785, 791]","[32, 33, 34, 35, 36, 37, 38, 39, 40, 41, 42, 43, 44, 45, 46, 47, 48, 201, 202, 203, 204, 205, 206, 207, 208, 209, 210, 211, 212, 213, 214, 215, 216, 355, 356, 357, 358, 359, 360, 361, 429, 430, 431, 432, 433, 434, 435, 515, 516, 517, 518, 519, 520, 521, 522, 523, 524, 525, 526, 527, 672, 673, 674, 675, 676, 677, 678, 679, 680, 681, 682, 683, 684, 810, 811, 812, 813, 814, 881, 882, 883, 884, 885, 886]","[34, 35, 36, 37, 38, 39, 40, 41, 42, 43, 44, 45, 46, 47, 48, 201, 202, 203, 204, 205, 206, 207, 208, 209, 210, 211, 212, 213, 214, 215, 216, 355, 356, 357, 358, 359, 360, 361, 429, 430, 431, 432, 433, 434, 435, 515, 516, 517, 518, 519, 520, 521, 522, 523, 524, 525, 526, 527, 672, 673, 674, 675, 676, 677, 678, 679, 680, 681, 682, 683, 684, 810, 811, 812, 813, 814, 881, 882, 883, 884, 885, 886]",7/6 successful match,True,"[647, 648]",True,355,True,2014,0.30612244897959184,False,Pilot Travel Center # 139,Pilot
E Santa Nella ( 95322 ) Love's Travel Stop # 441,2 209-827-1399 I-5 Exit 407 ( CA 33 NE ),24 <U+2610> M,Santa Nella,95322,Love's Travel Stop # 441,209-827-1399,2015,Gustine,CA,Love's,( CA 33 NE ),I-5 Exit 407 ,Exit,407,False,,False,I-5,,,,,"[209, 679]","[209, 243, 271, 311, 679, 707, 730, 769]","[209, 243, 271, 273, 275, 311, 325, 679, 707, 730, 732, 734, 769, 783]","[209, 271, 311, 679, 730, 769]","[103, 104, 105, 106, 107, 108, 109, 110, 111, 112, 113, 114, 115, 116, 117, 118, 119, 120, 121, 122, 123, 124, 125, 126, 127, 128, 129, 130, 131, 132, 133, 134, 135, 136, 137, 138, 139, 140, 141, 142, 143, 144, 145, 146, 147, 148, 149, 150, 151, 152, 153, 154, 155, 156, 157, 158, 159, 160, 161, 162, 163, 164, 165, 166, 167, 168, 169, 170, 171, 172, 173, 174, 175, 176, 177, 178, 179, 180, 181, 182, 183, 184, 185, 186, 187, 188, 189, 190, 191, 192, 193, 194, 195, 196, 197, 198, 199, 200, 201, 202, 203, 204, 205, 206, 207, 208, 209, 210, 211, 212, 213, 214, 215, 216, 217, 218, 219, 220, 221, 222, 223, 224, 225, 226, 227, 228, 229, 230, 231, 232, 233, 234, 235, 236, 237, 238, 239, 240, 241, 242, 243, 244, 245, 246, 247, 248, 249, 250, 251, 252, 253, 254, 255, 256, 257, 258, 259, 260, 261, 262, 263, 264, 265, 266, 267, 268, 269, 270, 271, 272, 273, 274, 275, 276, 277, 278, 279, 280, 281, 282, 283, 284, 285, 286, 287, 288, 289, 290, 291, 292, 293, 294, 295, 296, 297, 298, 299, 300, 301, 302, 303, 304, 305, 306, 307, 308, 309, 310, 311, 312, 313, 314, 315, 316, 317, 318, 319, 320, 321, 322, 323, 324, 325, 326, 327, 328, 329, 330, 331, 332, 333, 334, 335, 336, 337, 574, 575, 576, 577, 578, 579, 580, 581, 582, 583, 584, 585, 586, 587, 588, 589, 590, 591, 592, 593, 594, 595, 596, 597, 598, 599, 600, 601, 602, 603, 604, 605, 606, 607, 608, 609, 610, 611, 612, 613, 614, 615, 616, 617, 618, 619, 620, 621, 622, 623, 624, 625, 626, 627, 628, 629, 630, 631, 632, 633, 634, 635, 636, 637, 638, 639, 640, 641, 642, 643, 644, 645, 646, 647, 648, 649, 650, 651, 652, 653, 654, 655, 656, 657, 658, 659, 660, 661, 662, 663, 664, 665, 666, 667, 668, 669, 670, 671, 672, 673, 674, 675, 676, 677, 678, 679, 680, 681, 682, 683, 684, 685, 686, 687, 688, 689, 690, 691, 692, 693, 694, 695, 696, 697, 698, 699, 700, 701, 702, 703, 704, 705, 706, 707, 708, 709, 710, 711, 712, 713, 714, 715, 716, 717, 718, 719, 720, 721, 722, 723, 724, 725, 726, 727, 728, 729, 730, 731, 732, 733, 734, 735, 736, 737, 738, 739, 740, 741, 742, 743, 744, 745, 746, 747, 748, 749, 750, 751, 752, 753, 754, 755, 756, 757, 758, 759, 760, 761, 762, 763, 764, 765, 766, 767, 768, 769, 770, 771, 772, 773, 774, 775, 776, 777, 778, 779, 780, 781, 782, 783, 784, 785, 786, 787, 788, 789, 790, 791, 792, 793]","[105, 114, 138, 141, 152, 153, 154, 155, 157, 159, 164, 165, 176, 182, 191, 192, 194, 195, 196, 200, 204, 208, 209, 210, 211, 215, 226, 228, 241, 242, 243, 245, 248, 249, 250, 257, 261, 270, 271, 282, 287, 289, 291, 294, 296, 298, 306, 308, 309, 311, 314, 327, 333, 335, 337, 576, 585, 609, 612, 623, 624, 626, 627, 629, 631, 636, 637, 647, 653, 662, 663, 665, 666, 667, 671, 674, 678, 679, 680, 681, 690, 692, 705, 706, 707, 709, 711, 712, 713, 719, 721, 729, 730, 741, 746, 748, 750, 753, 755, 757, 764, 766, 767, 769, 772, 785, 791]","[34, 35, 36, 37, 38, 39, 40, 41, 42, 43, 44, 45, 46, 47, 48, 201, 202, 203, 204, 205, 206, 207, 208, 209, 210, 211, 212, 213, 214, 215, 216, 355, 356, 357, 358, 359, 360, 361, 429, 430, 431, 432, 433, 434, 435, 515, 516, 517, 518, 519, 520, 521, 522, 523, 524, 525, 526, 527, 672, 673, 674, 675, 676, 677, 678, 679, 680, 681, 682, 683, 684, 810, 811, 812, 813, 814, 881, 882, 883, 884, 885, 886]","[32, 33, 34, 35, 36, 37, 38, 39, 40, 41, 42, 43, 44, 45, 46, 47, 48, 201, 202, 203, 204, 205, 206, 207, 208, 209, 210, 211, 212, 213, 214, 215, 216, 355, 356, 357, 358, 359, 360, 361, 429, 430, 431, 432, 433, 434, 435, 515, 516, 517, 518, 519, 520, 521, 522, 523, 524, 525, 526, 527, 672, 673, 674, 675, 676, 677, 678, 679, 680, 681, 682, 683, 684, 810, 811, 812, 813, 814, 881, 882, 883, 884, 885, 886]","[32, 33, 34, 35, 36, 37, 38, 39, 40, 41, 42, 43, 44, 45, 46, 47, 48, 103, 104, 105, 106, 107, 108, 109, 110, 111, 112, 113, 114, 115, 116, 117, 118, 119, 120, 121, 122, 123, 124, 125, 126, 127, 128, 129, 130, 131, 132, 133, 134, 135, 136, 137, 138, 139, 140, 141, 142, 143, 144, 145, 146, 147, 148, 149, 150, 151, 152, 153, 154, 155, 156, 157, 158, 159, 160, 161, 162, 163, 164, 165, 166, 167, 168, 169, 170, 171, 172, 173, 174, 175, 176, 177, 178, 179, 180, 181, 182, 183, 184, 185, 186, 187, 188, 189, 190, 191, 192, 193, 194, 195, 196, 197, 198, 199, 200, 201, 202, 203, 204, 205, 206, 207, 208, 209, 210, 211, 212, 213, 214, 215, 216, 217, 218, 219, 220, 221, 222, 223, 224, 225, 226, 227, 228, 229, 230, 231, 232, 233, 234, 235, 236, 237, 238, 239, 240, 241, 242, 243, 244, 245, 246, 247, 248, 249, 250, 251, 252, 253, 254, 255, 256, 257, 258, 259, 260, 261, 262, 263, 264, 265, 266, 267, 268, 269, 270, 271, 272, 273, 274, 275, 276, 277, 278, 279, 280, 281, 282, 283, 284, 285, 286, 287, 288, 289, 290, 291, 292, 293, 294, 295, 296, 297, 298, 299, 300, 301, 302, 303, 304, 305, 306, 307, 308, 309, 310, 311, 312, 313, 314, 315, 316, 317, 318, 319, 320, 321, 322, 323, 324, 325, 326, 327, 328, 329, 330, 331, 332, 333, 334, 335, 336, 337, 355, 356, 357, 358, 359, 360, 361, 429, 430, 431, 432, 433, 434, 435, 515, 516, 517, 518, 519, 520, 521, 522, 523, 524, 525, 526, 527, 574, 575, 576, 577, 578, 579, 580, 581, 582, 583, 584, 585, 586, 587, 588, 589, 590, 591, 592, 593, 594, 595, 596, 597, 598, 599, 600, 601, 602, 603, 604, 605, 606, 607, 608, 609, 610, 611, 612, 613, 614, 615, 616, 617, 618, 619, 620, 621, 622, 623, 624, 625, 626, 627, 628, 629, 630, 631, 632, 633, 634, 635, 636, 637, 638, 639, 640, 641, 642, 643, 644, 645, 646, 647, 648, 649, 650, 651, 652, 653, 654, 655, 656, 657, 658, 659, 660, 661, 662, 663, 664, 665, 666, 667, 668, 669, 670, 671, 672, 673, 674, 675, 676, 677, 678, 679, 680, 681, 682, 683, 684, 685, 686, 687, 688, 689, 690, 691, 692, 693, 694, 695, 696, 697, 698, 699, 700, 701, 702, 703, 704, 705, 706, 707, 708, 709, 710, 711, 712, 713, 714, 715, 716, 717, 718, 719, 720, 721, 722, 723, 724, 725, 726, 727, 728, 729, 730, 731, 732, 733, 734, 735, 736, 737, 738, 739, 740, 741, 742, 743, 744, 745, 746, 747, 748, 749, 750, 751, 752, 753, 754, 755, 756, 757, 758, 759, 760, 761, 762, 763, 764, 765, 766, 767, 768, 769, 770, 771, 772, 773, 774, 775, 776, 777, 778, 779, 780, 781, 782, 783, 784, 785, 786, 787, 788, 789, 790, 791, 792, 793, 810, 811, 812, 813, 814, 881, 882, 883, 884, 885, 886]",True,"[209, 243, 271, 311, 679, 707, 730, 769]","[103, 104, 105, 106, 107, 108, 109, 110, 111, 112, 113, 114, 115, 116, 117, 118, 119, 120, 121, 122, 123, 124, 125, 126, 127, 128, 129, 130, 131, 132, 133, 134, 135, 136, 137, 138, 139, 140, 141, 142, 143, 144, 145, 146, 147, 148, 149, 150, 151, 152, 153, 154, 155, 156, 157, 158, 159, 160, 161, 162, 163, 164, 165, 166, 167, 168, 169, 170, 171, 172, 173, 174, 175, 176, 177, 178, 179, 180, 181, 182, 183, 184, 185, 186, 187, 188, 189, 190, 191, 192, 193, 194, 195, 196, 197, 198, 199, 200, 201, 202, 203, 204, 205, 206, 207, 208, 209, 210, 211, 212, 213, 214, 215, 216, 217, 218, 219, 220, 221, 222, 223, 224, 225, 226, 227, 228, 229, 230, 231, 232, 233, 234, 235, 236, 237, 238, 239, 240, 241, 242, 243, 244, 245, 246, 247, 248, 249, 250, 251, 252, 253, 254, 255, 256, 257, 258, 259, 260, 261, 262, 263, 264, 265, 266, 267, 268, 269, 270, 271, 272, 273, 274, 275, 276, 277, 278, 279, 280, 281, 282, 283, 284, 285, 286, 287, 288, 289, 290, 291, 292, 293, 294, 295, 296, 297, 298, 299, 300, 301, 302, 303, 304, 305, 306, 307, 308, 309, 310, 311, 312, 313, 314, 315, 316, 317, 318, 319, 320, 321, 322, 323, 324, 325, 326, 327, 328, 329, 330, 331, 332, 333, 334, 335, 336, 337, 574, 575, 576, 577, 578, 579, 580, 581, 582, 583, 584, 585, 586, 587, 588, 589, 590, 591, 592, 593, 594, 595, 596, 597, 598, 599, 600, 601, 602, 603, 604, 605, 606, 607, 608, 609, 610, 611, 612, 613, 614, 615, 616, 617, 618, 619, 620, 621, 622, 623, 624, 625, 626, 627, 628, 629, 630, 631, 632, 633, 634, 635, 636, 637, 638, 639, 640, 641, 642, 643, 644, 645, 646, 647, 648, 649, 650, 651, 652, 653, 654, 655, 656, 657, 658, 659, 660, 661, 662, 663, 664, 665, 666, 667, 668, 669, 670, 671, 672, 673, 674, 675, 676, 677, 678, 679, 680, 681, 682, 683, 684, 685, 686, 687, 688, 689, 690, 691, 692, 693, 694, 695, 696, 697, 698, 699, 700, 701, 702, 703, 704, 705, 706, 707, 708, 709, 710, 711, 712, 713, 714, 715, 716, 717, 718, 719, 720, 721, 722, 723, 724, 725, 726, 727, 728, 729, 730, 731, 732, 733, 734, 735, 736, 737, 738, 739, 740, 741, 742, 743, 744, 745, 746, 747, 748, 749, 750, 751, 752, 753, 754, 755, 756, 757, 758, 759, 760, 761, 762, 763, 764, 765, 766, 767, 768, 769, 770, 771, 772, 773, 774, 775, 776, 777, 778, 779, 780, 781, 782, 783, 784, 785, 786, 787, 788, 789, 790, 791, 792, 793]","[209, 243, 271, 273, 275, 311, 325, 679, 707, 730, 732, 734, 769, 783]","[209, 271, 311, 679, 730, 769]","[105, 114, 138, 141, 152, 153, 154, 155, 157, 159, 164, 165, 176, 182, 191, 192, 194, 195, 196, 200, 204, 208, 209, 210, 211, 215, 226, 228, 241, 242, 243, 245, 248, 249, 250, 257, 261, 270, 271, 282, 287, 289, 291, 294, 296, 298, 306, 308, 309, 311, 314, 327, 333, 335, 337, 576, 585, 609, 612, 623, 624, 626, 627, 629, 631, 636, 637, 647, 653, 662, 663, 665, 666, 667, 671, 674, 678, 679, 680, 681, 690, 692, 705, 706, 707, 709, 711, 712, 713, 719, 721, 729, 730, 741, 746, 748, 750, 753, 755, 757, 764, 766, 767, 769, 772, 785, 791]","[32, 33, 34, 35, 36, 37, 38, 39, 40, 41, 42, 43, 44, 45, 46, 47, 48, 201, 202, 203, 204, 205, 206, 207, 208, 209, 210, 211, 212, 213, 214, 215, 216, 355, 356, 357, 358, 359, 360, 361, 429, 430, 431, 432, 433, 434, 435, 515, 516, 517, 518, 519, 520, 521, 522, 523, 524, 525, 526, 527, 672, 673, 674, 675, 676, 677, 678, 679, 680, 681, 682, 683, 684, 810, 811, 812, 813, 814, 881, 882, 883, 884, 885, 886]","[34, 35, 36, 37, 38, 39, 40, 41, 42, 43, 44, 45, 46, 47, 48, 201, 202, 203, 204, 205, 206, 207, 208, 209, 210, 211, 212, 213, 214, 215, 216, 355, 356, 357, 358, 359, 360, 361, 429, 430, 431, 432, 433, 434, 435, 515, 516, 517, 518, 519, 520, 521, 522, 523, 524, 525, 526, 527, 672, 673, 674, 675, 676, 677, 678, 679, 680, 681, 682, 683, 684, 810, 811, 812, 813, 814, 881, 882, 883, 884, 885, 886]",7/6 successful match,True,"[647, 648]",True,355,False,,1.0,True,Love's Travel Stop # 441,Love's
E Santa Nella ( 95322 ) Love's Travel Stop # 441,2 209-827-1399 I-5 Exit 407 ( CA 33 NE ),24 <U+25A1> M D24,Santa Nella,95322,Love's Travel Stop # 441,209-827-1399,2016,Gustine,CA,Love's,( CA 33 NE ),I-5 Exit 407 ,Exit,407,False,,False,I-5,,,,,"[209, 679]","[209, 243, 271, 311, 679, 707, 730, 769]","[209, 243, 271, 273, 275, 311, 325, 679, 707, 730, 732, 734, 769, 783]","[209, 271, 311, 679, 730, 769]","[103, 104, 105, 106, 107, 108, 109, 110, 111, 112, 113, 114, 115, 116, 117, 118, 119, 120, 121, 122, 123, 124, 125, 126, 127, 128, 129, 130, 131, 132, 133, 134, 135, 136, 137, 138, 139, 140, 141, 142, 143, 144, 145, 146, 147, 148, 149, 150, 151, 152, 153, 154, 155, 156, 157, 158, 159, 160, 161, 162, 163, 164, 165, 166, 167, 168, 169, 170, 171, 172, 173, 174, 175, 176, 177, 178, 179, 180, 181, 182, 183, 184, 185, 186, 187, 188, 189, 190, 191, 192, 193, 194, 195, 196, 197, 198, 199, 200, 201, 202, 203, 204, 205, 206, 207, 208, 209, 210, 211, 212, 213, 214, 215, 216, 217, 218, 219, 220, 221, 222, 223, 224, 225, 226, 227, 228, 229, 230, 231, 232, 233, 234, 235, 236, 237, 238, 239, 240, 241, 242, 243, 244, 245, 246, 247, 248, 249, 250, 251, 252, 253, 254, 255, 256, 257, 258, 259, 260, 261, 262, 263, 264, 265, 266, 267, 268, 269, 270, 271, 272, 273, 274, 275, 276, 277, 278, 279, 280, 281, 282, 283, 284, 285, 286, 287, 288, 289, 290, 291, 292, 293, 294, 295, 296, 297, 298, 299, 300, 301, 302, 303, 304, 305, 306, 307, 308, 309, 310, 311, 312, 313, 314, 315, 316, 317, 318, 319, 320, 321, 322, 323, 324, 325, 326, 327, 328, 329, 330, 331, 332, 333, 334, 335, 336, 337, 574, 575, 576, 577, 578, 579, 580, 581, 582, 583, 584, 585, 586, 587, 588, 589, 590, 591, 592, 593, 594, 595, 596, 597, 598, 599, 600, 601, 602, 603, 604, 605, 606, 607, 608, 609, 610, 611, 612, 613, 614, 615, 616, 617, 618, 619, 620, 621, 622, 623, 624, 625, 626, 627, 628, 629, 630, 631, 632, 633, 634, 635, 636, 637, 638, 639, 640, 641, 642, 643, 644, 645, 646, 647, 648, 649, 650, 651, 652, 653, 654, 655, 656, 657, 658, 659, 660, 661, 662, 663, 664, 665, 666, 667, 668, 669, 670, 671, 672, 673, 674, 675, 676, 677, 678, 679, 680, 681, 682, 683, 684, 685, 686, 687, 688, 689, 690, 691, 692, 693, 694, 695, 696, 697, 698, 699, 700, 701, 702, 703, 704, 705, 706, 707, 708, 709, 710, 711, 712, 713, 714, 715, 716, 717, 718, 719, 720, 721, 722, 723, 724, 725, 726, 727, 728, 729, 730, 731, 732, 733, 734, 735, 736, 737, 738, 739, 740, 741, 742, 743, 744, 745, 746, 747, 748, 749, 750, 751, 752, 753, 754, 755, 756, 757, 758, 759, 760, 761, 762, 763, 764, 765, 766, 767, 768, 769, 770, 771, 772, 773, 774, 775, 776, 777, 778, 779, 780, 781, 782, 783, 784, 785, 786, 787, 788, 789, 790, 791, 792, 793]","[105, 114, 138, 141, 152, 153, 154, 155, 157, 159, 164, 165, 176, 182, 191, 192, 194, 195, 196, 200, 204, 208, 209, 210, 211, 215, 226, 228, 241, 242, 243, 245, 248, 249, 250, 257, 261, 270, 271, 282, 287, 289, 291, 294, 296, 298, 306, 308, 309, 311, 314, 327, 333, 335, 337, 576, 585, 609, 612, 623, 624, 626, 627, 629, 631, 636, 637, 647, 653, 662, 663, 665, 666, 667, 671, 674, 678, 679, 680, 681, 690, 692, 705, 706, 707, 709, 711, 712, 713, 719, 721, 729, 730, 741, 746, 748, 750, 753, 755, 757, 764, 766, 767, 769, 772, 785, 791]","[34, 35, 36, 37, 38, 39, 40, 41, 42, 43, 44, 45, 46, 47, 48, 201, 202, 203, 204, 205, 206, 207, 208, 209, 210, 211, 212, 213, 214, 215, 216, 355, 356, 357, 358, 359, 360, 361, 429, 430, 431, 432, 433, 434, 435, 515, 516, 517, 518, 519, 520, 521, 522, 523, 524, 525, 526, 527, 672, 673, 674, 675, 676, 677, 678, 679, 680, 681, 682, 683, 684, 810, 811, 812, 813, 814, 881, 882, 883, 884, 885, 886]","[32, 33, 34, 35, 36, 37, 38, 39, 40, 41, 42, 43, 44, 45, 46, 47, 48, 201, 202, 203, 204, 205, 206, 207, 208, 209, 210, 211, 212, 213, 214, 215, 216, 355, 356, 357, 358, 359, 360, 361, 429, 430, 431, 432, 433, 434, 435, 515, 516, 517, 518, 519, 520, 521, 522, 523, 524, 525, 526, 527, 672, 673, 674, 675, 676, 677, 678, 679, 680, 681, 682, 683, 684, 810, 811, 812, 813, 814, 881, 882, 883, 884, 885, 886]","[32, 33, 34, 35, 36, 37, 38, 39, 40, 41, 42, 43, 44, 45, 46, 47, 48, 103, 104, 105, 106, 107, 108, 109, 110, 111, 112, 113, 114, 115, 116, 117, 118, 119, 120, 121, 122, 123, 124, 125, 126, 127, 128, 129, 130, 131, 132, 133, 134, 135, 136, 137, 138, 139, 140, 141, 142, 143, 144, 145, 146, 147, 148, 149, 150, 151, 152, 153, 154, 155, 156, 157, 158, 159, 160, 161, 162, 163, 164, 165, 166, 167, 168, 169, 170, 171, 172, 173, 174, 175, 176, 177, 178, 179, 180, 181, 182, 183, 184, 185, 186, 187, 188, 189, 190, 191, 192, 193, 194, 195, 196, 197, 198, 199, 200, 201, 202, 203, 204, 205, 206, 207, 208, 209, 210, 211, 212, 213, 214, 215, 216, 217, 218, 219, 220, 221, 222, 223, 224, 225, 226, 227, 228, 229, 230, 231, 232, 233, 234, 235, 236, 237, 238, 239, 240, 241, 242, 243, 244, 245, 246, 247, 248, 249, 250, 251, 252, 253, 254, 255, 256, 257, 258, 259, 260, 261, 262, 263, 264, 265, 266, 267, 268, 269, 270, 271, 272, 273, 274, 275, 276, 277, 278, 279, 280, 281, 282, 283, 284, 285, 286, 287, 288, 289, 290, 291, 292, 293, 294, 295, 296, 297, 298, 299, 300, 301, 302, 303, 304, 305, 306, 307, 308, 309, 310, 311, 312, 313, 314, 315, 316, 317, 318, 319, 320, 321, 322, 323, 324, 325, 326, 327, 328, 329, 330, 331, 332, 333, 334, 335, 336, 337, 355, 356, 357, 358, 359, 360, 361, 429, 430, 431, 432, 433, 434, 435, 515, 516, 517, 518, 519, 520, 521, 522, 523, 524, 525, 526, 527, 574, 575, 576, 577, 578, 579, 580, 581, 582, 583, 584, 585, 586, 587, 588, 589, 590, 591, 592, 593, 594, 595, 596, 597, 598, 599, 600, 601, 602, 603, 604, 605, 606, 607, 608, 609, 610, 611, 612, 613, 614, 615, 616, 617, 618, 619, 620, 621, 622, 623, 624, 625, 626, 627, 628, 629, 630, 631, 632, 633, 634, 635, 636, 637, 638, 639, 640, 641, 642, 643, 644, 645, 646, 647, 648, 649, 650, 651, 652, 653, 654, 655, 656, 657, 658, 659, 660, 661, 662, 663, 664, 665, 666, 667, 668, 669, 670, 671, 672, 673, 674, 675, 676, 677, 678, 679, 680, 681, 682, 683, 684, 685, 686, 687, 688, 689, 690, 691, 692, 693, 694, 695, 696, 697, 698, 699, 700, 701, 702, 703, 704, 705, 706, 707, 708, 709, 710, 711, 712, 713, 714, 715, 716, 717, 718, 719, 720, 721, 722, 723, 724, 725, 726, 727, 728, 729, 730, 731, 732, 733, 734, 735, 736, 737, 738, 739, 740, 741, 742, 743, 744, 745, 746, 747, 748, 749, 750, 751, 752, 753, 754, 755, 756, 757, 758, 759, 760, 761, 762, 763, 764, 765, 766, 767, 768, 769, 770, 771, 772, 773, 774, 775, 776, 777, 778, 779, 780, 781, 782, 783, 784, 785, 786, 787, 788, 789, 790, 791, 792, 793, 810, 811, 812, 813, 814, 881, 882, 883, 884, 885, 886]",True,"[209, 243, 271, 311, 679, 707, 730, 769]","[103, 104, 105, 106, 107, 108, 109, 110, 111, 112, 113, 114, 115, 116, 117, 118, 119, 120, 121, 122, 123, 124, 125, 126, 127, 128, 129, 130, 131, 132, 133, 134, 135, 136, 137, 138, 139, 140, 141, 142, 143, 144, 145, 146, 147, 148, 149, 150, 151, 152, 153, 154, 155, 156, 157, 158, 159, 160, 161, 162, 163, 164, 165, 166, 167, 168, 169, 170, 171, 172, 173, 174, 175, 176, 177, 178, 179, 180, 181, 182, 183, 184, 185, 186, 187, 188, 189, 190, 191, 192, 193, 194, 195, 196, 197, 198, 199, 200, 201, 202, 203, 204, 205, 206, 207, 208, 209, 210, 211, 212, 213, 214, 215, 216, 217, 218, 219, 220, 221, 222, 223, 224, 225, 226, 227, 228, 229, 230, 231, 232, 233, 234, 235, 236, 237, 238, 239, 240, 241, 242, 243, 244, 245, 246, 247, 248, 249, 250, 251, 252, 253, 254, 255, 256, 257, 258, 259, 260, 261, 262, 263, 264, 265, 266, 267, 268, 269, 270, 271, 272, 273, 274, 275, 276, 277, 278, 279, 280, 281, 282, 283, 284, 285, 286, 287, 288, 289, 290, 291, 292, 293, 294, 295, 296, 297, 298, 299, 300, 301, 302, 303, 304, 305, 306, 307, 308, 309, 310, 311, 312, 313, 314, 315, 316, 317, 318, 319, 320, 321, 322, 323, 324, 325, 326, 327, 328, 329, 330, 331, 332, 333, 334, 335, 336, 337, 574, 575, 576, 577, 578, 579, 580, 581, 582, 583, 584, 585, 586, 587, 588, 589, 590, 591, 592, 593, 594, 595, 596, 597, 598, 599, 600, 601, 602, 603, 604, 605, 606, 607, 608, 609, 610, 611, 612, 613, 614, 615, 616, 617, 618, 619, 620, 621, 622, 623, 624, 625, 626, 627, 628, 629, 630, 631, 632, 633, 634, 635, 636, 637, 638, 639, 640, 641, 642, 643, 644, 645, 646, 647, 648, 649, 650, 651, 652, 653, 654, 655, 656, 657, 658, 659, 660, 661, 662, 663, 664, 665, 666, 667, 668, 669, 670, 671, 672, 673, 674, 675, 676, 677, 678, 679, 680, 681, 682, 683, 684, 685, 686, 687, 688, 689, 690, 691, 692, 693, 694, 695, 696, 697, 698, 699, 700, 701, 702, 703, 704, 705, 706, 707, 708, 709, 710, 711, 712, 713, 714, 715, 716, 717, 718, 719, 720, 721, 722, 723, 724, 725, 726, 727, 728, 729, 730, 731, 732, 733, 734, 735, 736, 737, 738, 739, 740, 741, 742, 743, 744, 745, 746, 747, 748, 749, 750, 751, 752, 753, 754, 755, 756, 757, 758, 759, 760, 761, 762, 763, 764, 765, 766, 767, 768, 769, 770, 771, 772, 773, 774, 775, 776, 777, 778, 779, 780, 781, 782, 783, 784, 785, 786, 787, 788, 789, 790, 791, 792, 793]","[209, 243, 271, 273, 275, 311, 325, 679, 707, 730, 732, 734, 769, 783]","[209, 271, 311, 679, 730, 769]","[105, 114, 138, 141, 152, 153, 154, 155, 157, 159, 164, 165, 176, 182, 191, 192, 194, 195, 196, 200, 204, 208, 209, 210, 211, 215, 226, 228, 241, 242, 243, 245, 248, 249, 250, 257, 261, 270, 271, 282, 287, 289, 291, 294, 296, 298, 306, 308, 309, 311, 314, 327, 333, 335, 337, 576, 585, 609, 612, 623, 624, 626, 627, 629, 631, 636, 637, 647, 653, 662, 663, 665, 666, 667, 671, 674, 678, 679, 680, 681, 690, 692, 705, 706, 707, 709, 711, 712, 713, 719, 721, 729, 730, 741, 746, 748, 750, 753, 755, 757, 764, 766, 767, 769, 772, 785, 791]","[32, 33, 34, 35, 36, 37, 38, 39, 40, 41, 42, 43, 44, 45, 46, 47, 48, 201, 202, 203, 204, 205, 206, 207, 208, 209, 210, 211, 212, 213, 214, 215, 216, 355, 356, 357, 358, 359, 360, 361, 429, 430, 431, 432, 433, 434, 435, 515, 516, 517, 518, 519, 520, 521, 522, 523, 524, 525, 526, 527, 672, 673, 674, 675, 676, 677, 678, 679, 680, 681, 682, 683, 684, 810, 811, 812, 813, 814, 881, 882, 883, 884, 885, 886]","[34, 35, 36, 37, 38, 39, 40, 41, 42, 43, 44, 45, 46, 47, 48, 201, 202, 203, 204, 205, 206, 207, 208, 209, 210, 211, 212, 213, 214, 215, 216, 355, 356, 357, 358, 359, 360, 361, 429, 430, 431, 432, 433, 434, 435, 515, 516, 517, 518, 519, 520, 521, 522, 523, 524, 525, 526, 527, 672, 673, 674, 675, 676, 677, 678, 679, 680, 681, 682, 683, 684, 810, 811, 812, 813, 814, 881, 882, 883, 884, 885, 886]",7/6 successful match,True,"[647, 648]",True,355,False,,1.0,True,Love's Travel Stop # 441,Love's
"Lathrop , 95330 Joe's Travel Plaza",209-982-0341 I-5 Exit 463 ( Lathrop Rd ),M,Lathrop,95330,Joe's Travel Plaza,209-982-0341,2006,Lathrop,CA,,( Lathrop Rd ),I-5 Exit 463 ,Exit,463,False,,False,I-5,,,,,"[665, 194]","[154, 157, 194, 626, 629, 665]","[154, 157, 194, 626, 629, 665]","[194, 665]","[103, 104, 105, 106, 107, 108, 109, 110, 111, 112, 113, 114, 115, 116, 117, 118, 119, 120, 121, 122, 123, 124, 125, 126, 127, 128, 129, 130, 131, 132, 133, 134, 135, 136, 137, 138, 139, 140, 141, 142, 143, 144, 145, 146, 147, 148, 149, 150, 151, 152, 153, 154, 155, 156, 157, 158, 159, 160, 161, 162, 163, 164, 165, 166, 167, 168, 169, 170, 171, 172, 173, 174, 175, 176, 177, 178, 179, 180, 181, 182, 183, 184, 185, 186, 187, 188, 189, 190, 191, 192, 193, 194, 195, 196, 197, 198, 199, 200, 201, 202, 203, 204, 205, 206, 207, 208, 209, 210, 211, 212, 213, 214, 215, 216, 217, 218, 219, 220, 221, 222, 223, 224, 225, 226, 227, 228, 229, 230, 231, 232, 233, 234, 235, 236, 237, 238, 239, 240, 241, 242, 243, 244, 245, 246, 247, 248, 249, 250, 251, 252, 253, 254, 255, 256, 257, 258, 259, 260, 261, 262, 263, 264, 265, 266, 267, 268, 269, 270, 271, 272, 273, 274, 275, 276, 277, 278, 279, 280, 281, 282, 283, 284, 285, 286, 287, 288, 289, 290, 291, 292, 293, 294, 295, 296, 297, 298, 299, 300, 301, 302, 303, 304, 305, 306, 307, 308, 309, 310, 311, 312, 313, 314, 315, 316, 317, 318, 319, 320, 321, 322, 323, 324, 325, 326, 327, 328, 329, 330, 331, 332, 333, 334, 335, 336, 337, 574, 575, 576, 577, 578, 579, 580, 581, 582, 583, 584, 585, 586, 587, 588, 589, 590, 591, 592, 593, 594, 595, 596, 597, 598, 599, 600, 601, 602, 603, 604, 605, 606, 607, 608, 609, 610, 611, 612, 613, 614, 615, 616, 617, 618, 619, 620, 621, 622, 623, 624, 625, 626, 627, 628, 629, 630, 631, 632, 633, 634, 635, 636, 637, 638, 639, 640, 641, 642, 643, 644, 645, 646, 647, 648, 649, 650, 651, 652, 653, 654, 655, 656, 657, 658, 659, 660, 661, 662, 663, 664, 665, 666, 667, 668, 669, 670, 671, 672, 673, 674, 675, 676, 677, 678, 679, 680, 681, 682, 683, 684, 685, 686, 687, 688, 689, 690, 691, 692, 693, 694, 695, 696, 697, 698, 699, 700, 701, 702, 703, 704, 705, 706, 707, 708, 709, 710, 711, 712, 713, 714, 715, 716, 717, 718, 719, 720, 721, 722, 723, 724, 725, 726, 727, 728, 729, 730, 731, 732, 733, 734, 735, 736, 737, 738, 739, 740, 741, 742, 743, 744, 745, 746, 747, 748, 749, 750, 751, 752, 753, 754, 755, 756, 757, 758, 759, 760, 761, 762, 763, 764, 765, 766, 767, 768, 769, 770, 771, 772, 773, 774, 775, 776, 777, 778, 779, 780, 781, 782, 783, 784, 785, 786, 787, 788, 789, 790, 791, 792, 793]","[105, 114, 138, 141, 152, 153, 154, 155, 157, 159, 164, 165, 176, 182, 191, 192, 194, 195, 196, 200, 204, 208, 209, 210, 211, 215, 226, 228, 241, 242, 243, 245, 248, 249, 250, 257, 261, 270, 271, 282, 287, 289, 291, 294, 296, 298, 306, 308, 309, 311, 314, 327, 333, 335, 337, 576, 585, 609, 612, 623, 624, 626, 627, 629, 631, 636, 637, 647, 653, 662, 663, 665, 666, 667, 671, 674, 678, 679, 680, 681, 690, 692, 705, 706, 707, 709, 711, 712, 713, 719, 721, 729, 730, 741, 746, 748, 750, 753, 755, 757, 764, 766, 767, 769, 772, 785, 791]",[],"[194, 195, 665, 666]","[103, 104, 105, 106, 107, 108, 109, 110, 111, 112, 113, 114, 115, 116, 117, 118, 119, 120, 121, 122, 123, 124, 125, 126, 127, 128, 129, 130, 131, 132, 133, 134, 135, 136, 137, 138, 139, 140, 141, 142, 143, 144, 145, 146, 147, 148, 149, 150, 151, 152, 153, 154, 155, 156, 157, 158, 159, 160, 161, 162, 163, 164, 165, 166, 167, 168, 169, 170, 171, 172, 173, 174, 175, 176, 177, 178, 179, 180, 181, 182, 183, 184, 185, 186, 187, 188, 189, 190, 191, 192, 193, 194, 195, 196, 197, 198, 199, 200, 201, 202, 203, 204, 205, 206, 207, 208, 209, 210, 211, 212, 213, 214, 215, 216, 217, 218, 219, 220, 221, 222, 223, 224, 225, 226, 227, 228, 229, 230, 231, 232, 233, 234, 235, 236, 237, 238, 239, 240, 241, 242, 243, 244, 245, 246, 247, 248, 249, 250, 251, 252, 253, 254, 255, 256, 257, 258, 259, 260, 261, 262, 263, 264, 265, 266, 267, 268, 269, 270, 271, 272, 273, 274, 275, 276, 277, 278, 279, 280, 281, 282, 283, 284, 285, 286, 287, 288, 289, 290, 291, 292, 293, 294, 295, 296, 297, 298, 299, 300, 301, 302, 303, 304, 305, 306, 307, 308, 309, 310, 311, 312, 313, 314, 315, 316, 317, 318, 319, 320, 321, 322, 323, 324, 325, 326, 327, 328, 329, 330, 331, 332, 333, 334, 335, 336, 337, 574, 575, 576, 577, 578, 579, 580, 581, 582, 583, 584, 585, 586, 587, 588, 589, 590, 591, 592, 593, 594, 595, 596, 597, 598, 599, 600, 601, 602, 603, 604, 605, 606, 607, 608, 609, 610, 611, 612, 613, 614, 615, 616, 617, 618, 619, 620, 621, 622, 623, 624, 625, 626, 627, 628, 629, 630, 631, 632, 633, 634, 635, 636, 637, 638, 639, 640, 641, 642, 643, 644, 645, 646, 647, 648, 649, 650, 651, 652, 653, 654, 655, 656, 657, 658, 659, 660, 661, 662, 663, 664, 665, 666, 667, 668, 669, 670, 671, 672, 673, 674, 675, 676, 677, 678, 679, 680, 681, 682, 683, 684, 685, 686, 687, 688, 689, 690, 691, 692, 693, 694, 695, 696, 697, 698, 699, 700, 701, 702, 703, 704, 705, 706, 707, 708, 709, 710, 711, 712, 713, 714, 715, 716, 717, 718, 719, 720, 721, 722, 723, 724, 725, 726, 727, 728, 729, 730, 731, 732, 733, 734, 735, 736, 737, 738, 739, 740, 741, 742, 743, 744, 745, 746, 747, 748, 749, 750, 751, 752, 753, 754, 755, 756, 757, 758, 759, 760, 761, 762, 763, 764, 765, 766, 767, 768, 769, 770, 771, 772, 773, 774, 775, 776, 777, 778, 779, 780, 781, 782, 783, 784, 785, 786, 787, 788, 789, 790, 791, 792, 793]",True,"[154, 157, 194, 626, 629, 665]","[103, 104, 105, 106, 107, 108, 109, 110, 111, 112, 113, 114, 115, 116, 117, 118, 119, 120, 121, 122, 123, 124, 125, 126, 127, 128, 129, 130, 131, 132, 133, 134, 135, 136, 137, 138, 139, 140, 141, 142, 143, 144, 145, 146, 147, 148, 149, 150, 151, 152, 153, 154, 155, 156, 157, 158, 159, 160, 161, 162, 163, 164, 165, 166, 167, 168, 169, 170, 171, 172, 173, 174, 175, 176, 177, 178, 179, 180, 181, 182, 183, 184, 185, 186, 187, 188, 189, 190, 191, 192, 193, 194, 195, 196, 197, 198, 199, 200, 201, 202, 203, 204, 205, 206, 207, 208, 209, 210, 211, 212, 213, 214, 215, 216, 217, 218, 219, 220, 221, 222, 223, 224, 225, 226, 227, 228, 229, 230, 231, 232, 233, 234, 235, 236, 237, 238, 239, 240, 241, 242, 243, 244, 245, 246, 247, 248, 249, 250, 251, 252, 253, 254, 255, 256, 257, 258, 259, 260, 261, 262, 263, 264, 265, 266, 267, 268, 269, 270, 271, 272, 273, 274, 275, 276, 277, 278, 279, 280, 281, 282, 283, 284, 285, 286, 287, 288, 289, 290, 291, 292, 293, 294, 295, 296, 297, 298, 299, 300, 301, 302, 303, 304, 305, 306, 307, 308, 309, 310, 311, 312, 313, 314, 315, 316, 317, 318, 319, 320, 321, 322, 323, 324, 325, 326, 327, 328, 329, 330, 331, 332, 333, 334, 335, 336, 337, 574, 575, 576, 577, 578, 579, 580, 581, 582, 583, 584, 585, 586, 587, 588, 589, 590, 591, 592, 593, 594, 595, 596, 597, 598, 599, 600, 601, 602, 603, 604, 605, 606, 607, 608, 609, 610, 611, 612, 613, 614, 615, 616, 617, 618, 619, 620, 621, 622, 623, 624, 625, 626, 627, 628, 629, 630, 631, 632, 633, 634, 635, 636, 637, 638, 639, 640, 641, 642, 643, 644, 645, 646, 647, 648, 649, 650, 651, 652, 653, 654, 655, 656, 657, 658, 659, 660, 661, 662, 663, 664, 665, 666, 667, 668, 669, 670, 671, 672, 673, 674, 675, 676, 677, 678, 679, 680, 681, 682, 683, 684, 685, 686, 687, 688, 689, 690, 691, 692, 693, 694, 695, 696, 697, 698, 699, 700, 701, 702, 703, 704, 705, 706, 707, 708, 709, 710, 711, 712, 713, 714, 715, 716, 717, 718, 719, 720, 721, 722, 723, 724, 725, 726, 727, 728, 729, 730, 731, 732, 733, 734, 735, 736, 737, 738, 739, 740, 741, 742, 743, 744, 745, 746, 747, 748, 749, 750, 751, 752, 753, 754, 755, 756, 757, 758, 759, 760, 761, 762, 763, 764, 765, 766, 767, 768, 769, 770, 771, 772, 773, 774, 775, 776, 777, 778, 779, 780, 781, 782, 783, 784, 785, 786, 787, 788, 789, 790, 791, 792, 793]","[154, 157, 194, 626, 629, 665]","[194, 665]","[105, 114, 138, 141, 152, 153, 154, 155, 157, 159, 164, 165, 176, 182, 191, 192, 194, 195, 196, 200, 204, 208, 209, 210, 211, 215, 226, 228, 241, 242, 243, 245, 248, 249, 250, 257, 261, 270, 271, 282, 287, 289, 291, 294, 296, 298, 306, 308, 309, 311, 314, 327, 333, 335, 337, 576, 585, 609, 612, 623, 624, 626, 627, 629, 631, 636, 637, 647, 653, 662, 663, 665, 666, 667, 671, 674, 678, 679, 680, 681, 690, 692, 705, 706, 707, 709, 711, 712, 713, 719, 721, 729, 730, 741, 746, 748, 750, 753, 755, 757, 764, 766, 767, 769, 772, 785, 791]","[194, 195, 665, 666]",[],7/6 successful match,True,[225],True,356,False,,,,,
"Lathrop , 95330 Joe's Travel Plaza",209-982-0341 I-5 Exit 463 ( Lathrop Rd ),24 BO,Lathrop,95330,Joe's Travel Plaza,209-982-0341,2007,Lathrop,CA,,( Lathrop Rd ),I-5 Exit 463 ,Exit,463,False,,False,I-5,,,,,"[665, 194]","[154, 157, 194, 626, 629, 665]","[154, 157, 194, 626, 629, 665]","[194, 665]","[103, 104, 105, 106, 107, 108, 109, 110, 111, 112, 113, 114, 115, 116, 117, 118, 119, 120, 121, 122, 123, 124, 125, 126, 127, 128, 129, 130, 131, 132, 133, 134, 135, 136, 137, 138, 139, 140, 141, 142, 143, 144, 145, 146, 147, 148, 149, 150, 151, 152, 153, 154, 155, 156, 157, 158, 159, 160, 161, 162, 163, 164, 165, 166, 167, 168, 169, 170, 171, 172, 173, 174, 175, 176, 177, 178, 179, 180, 181, 182, 183, 184, 185, 186, 187, 188, 189, 190, 191, 192, 193, 194, 195, 196, 197, 198, 199, 200, 201, 202, 203, 204, 205, 206, 207, 208, 209, 210, 211, 212, 213, 214, 215, 216, 217, 218, 219, 220, 221, 222, 223, 224, 225, 226, 227, 228, 229, 230, 231, 232, 233, 234, 235, 236, 237, 238, 239, 240, 241, 242, 243, 244, 245, 246, 247, 248, 249, 250, 251, 252, 253, 254, 255, 256, 257, 258, 259, 260, 261, 262, 263, 264, 265, 266, 267, 268, 269, 270, 271, 272, 273, 274, 275, 276, 277, 278, 279, 280, 281, 282, 283, 284, 285, 286, 287, 288, 289, 290, 291, 292, 293, 294, 295, 296, 297, 298, 299, 300, 301, 302, 303, 304, 305, 306, 307, 308, 309, 310, 311, 312, 313, 314, 315, 316, 317, 318, 319, 320, 321, 322, 323, 324, 325, 326, 327, 328, 329, 330, 331, 332, 333, 334, 335, 336, 337, 574, 575, 576, 577, 578, 579, 580, 581, 582, 583, 584, 585, 586, 587, 588, 589, 590, 591, 592, 593, 594, 595, 596, 597, 598, 599, 600, 601, 602, 603, 604, 605, 606, 607, 608, 609, 610, 611, 612, 613, 614, 615, 616, 617, 618, 619, 620, 621, 622, 623, 624, 625, 626, 627, 628, 629, 630, 631, 632, 633, 634, 635, 636, 637, 638, 639, 640, 641, 642, 643, 644, 645, 646, 647, 648, 649, 650, 651, 652, 653, 654, 655, 656, 657, 658, 659, 660, 661, 662, 663, 664, 665, 666, 667, 668, 669, 670, 671, 672, 673, 674, 675, 676, 677, 678, 679, 680, 681, 682, 683, 684, 685, 686, 687, 688, 689, 690, 691, 692, 693, 694, 695, 696, 697, 698, 699, 700, 701, 702, 703, 704, 705, 706, 707, 708, 709, 710, 711, 712, 713, 714, 715, 716, 717, 718, 719, 720, 721, 722, 723, 724, 725, 726, 727, 728, 729, 730, 731, 732, 733, 734, 735, 736, 737, 738, 739, 740, 741, 742, 743, 744, 745, 746, 747, 748, 749, 750, 751, 752, 753, 754, 755, 756, 757, 758, 759, 760, 761, 762, 763, 764, 765, 766, 767, 768, 769, 770, 771, 772, 773, 774, 775, 776, 777, 778, 779, 780, 781, 782, 783, 784, 785, 786, 787, 788, 789, 790, 791, 792, 793]","[105, 114, 138, 141, 152, 153, 154, 155, 157, 159, 164, 165, 176, 182, 191, 192, 194, 195, 196, 200, 204, 208, 209, 210, 211, 215, 226, 228, 241, 242, 243, 245, 248, 249, 250, 257, 261, 270, 271, 282, 287, 289, 291, 294, 296, 298, 306, 308, 309, 311, 314, 327, 333, 335, 337, 576, 585, 609, 612, 623, 624, 626, 627, 629, 631, 636, 637, 647, 653, 662, 663, 665, 666, 667, 671, 674, 678, 679, 680, 681, 690, 692, 705, 706, 707, 709, 711, 712, 713, 719, 721, 729, 730, 741, 746, 748, 750, 753, 755, 757, 764, 766, 767, 769, 772, 785, 791]",[],"[194, 195, 665, 666]","[103, 104, 105, 106, 107, 108, 109, 110, 111, 112, 113, 114, 115, 116, 117, 118, 119, 120, 121, 122, 123, 124, 125, 126, 127, 128, 129, 130, 131, 132, 133, 134, 135, 136, 137, 138, 139, 140, 141, 142, 143, 144, 145, 146, 147, 148, 149, 150, 151, 152, 153, 154, 155, 156, 157, 158, 159, 160, 161, 162, 163, 164, 165, 166, 167, 168, 169, 170, 171, 172, 173, 174, 175, 176, 177, 178, 179, 180, 181, 182, 183, 184, 185, 186, 187, 188, 189, 190, 191, 192, 193, 194, 195, 196, 197, 198, 199, 200, 201, 202, 203, 204, 205, 206, 207, 208, 209, 210, 211, 212, 213, 214, 215, 216, 217, 218, 219, 220, 221, 222, 223, 224, 225, 226, 227, 228, 229, 230, 231, 232, 233, 234, 235, 236, 237, 238, 239, 240, 241, 242, 243, 244, 245, 246, 247, 248, 249, 250, 251, 252, 253, 254, 255, 256, 257, 258, 259, 260, 261, 262, 263, 264, 265, 266, 267, 268, 269, 270, 271, 272, 273, 274, 275, 276, 277, 278, 279, 280, 281, 282, 283, 284, 285, 286, 287, 288, 289, 290, 291, 292, 293, 294, 295, 296, 297, 298, 299, 300, 301, 302, 303, 304, 305, 306, 307, 308, 309, 310, 311, 312, 313, 314, 315, 316, 317, 318, 319, 320, 321, 322, 323, 324, 325, 326, 327, 328, 329, 330, 331, 332, 333, 334, 335, 336, 337, 574, 575, 576, 577, 578, 579, 580, 581, 582, 583, 584, 585, 586, 587, 588, 589, 590, 591, 592, 593, 594, 595, 596, 597, 598, 599, 600, 601, 602, 603, 604, 605, 606, 607, 608, 609, 610, 611, 612, 613, 614, 615, 616, 617, 618, 619, 620, 621, 622, 623, 624, 625, 626, 627, 628, 629, 630, 631, 632, 633, 634, 635, 636, 637, 638, 639, 640, 641, 642, 643, 644, 645, 646, 647, 648, 649, 650, 651, 652, 653, 654, 655, 656, 657, 658, 659, 660, 661, 662, 663, 664, 665, 666, 667, 668, 669, 670, 671, 672, 673, 674, 675, 676, 677, 678, 679, 680, 681, 682, 683, 684, 685, 686, 687, 688, 689, 690, 691, 692, 693, 694, 695, 696, 697, 698, 699, 700, 701, 702, 703, 704, 705, 706, 707, 708, 709, 710, 711, 712, 713, 714, 715, 716, 717, 718, 719, 720, 721, 722, 723, 724, 725, 726, 727, 728, 729, 730, 731, 732, 733, 734, 735, 736, 737, 738, 739, 740, 741, 742, 743, 744, 745, 746, 747, 748, 749, 750, 751, 752, 753, 754, 755, 756, 757, 758, 759, 760, 761, 762, 763, 764, 765, 766, 767, 768, 769, 770, 771, 772, 773, 774, 775, 776, 777, 778, 779, 780, 781, 782, 783, 784, 785, 786, 787, 788, 789, 790, 791, 792, 793]",True,"[154, 157, 194, 626, 629, 665]","[103, 104, 105, 106, 107, 108, 109, 110, 111, 112, 113, 114, 115, 116, 117, 118, 119, 120, 121, 122, 123, 124, 125, 126, 127, 128, 129, 130, 131, 132, 133, 134, 135, 136, 137, 138, 139, 140, 141, 142, 143, 144, 145, 146, 147, 148, 149, 150, 151, 152, 153, 154, 155, 156, 157, 158, 159, 160, 161, 162, 163, 164, 165, 166, 167, 168, 169, 170, 171, 172, 173, 174, 175, 176, 177, 178, 179, 180, 181, 182, 183, 184, 185, 186, 187, 188, 189, 190, 191, 192, 193, 194, 195, 196, 197, 198, 199, 200, 201, 202, 203, 204, 205, 206, 207, 208, 209, 210, 211, 212, 213, 214, 215, 216, 217, 218, 219, 220, 221, 222, 223, 224, 225, 226, 227, 228, 229, 230, 231, 232, 233, 234, 235, 236, 237, 238, 239, 240, 241, 242, 243, 244, 245, 246, 247, 248, 249, 250, 251, 252, 253, 254, 255, 256, 257, 258, 259, 260, 261, 262, 263, 264, 265, 266, 267, 268, 269, 270, 271, 272, 273, 274, 275, 276, 277, 278, 279, 280, 281, 282, 283, 284, 285, 286, 287, 288, 289, 290, 291, 292, 293, 294, 295, 296, 297, 298, 299, 300, 301, 302, 303, 304, 305, 306, 307, 308, 309, 310, 311, 312, 313, 314, 315, 316, 317, 318, 319, 320, 321, 322, 323, 324, 325, 326, 327, 328, 329, 330, 331, 332, 333, 334, 335, 336, 337, 574, 575, 576, 577, 578, 579, 580, 581, 582, 583, 584, 585, 586, 587, 588, 589, 590, 591, 592, 593, 594, 595, 596, 597, 598, 599, 600, 601, 602, 603, 604, 605, 606, 607, 608, 609, 610, 611, 612, 613, 614, 615, 616, 617, 618, 619, 620, 621, 622, 623, 624, 625, 626, 627, 628, 629, 630, 631, 632, 633, 634, 635, 636, 637, 638, 639, 640, 641, 642, 643, 644, 645, 646, 647, 648, 649, 650, 651, 652, 653, 654, 655, 656, 657, 658, 659, 660, 661, 662, 663, 664, 665, 666, 667, 668, 669, 670, 671, 672, 673, 674, 675, 676, 677, 678, 679, 680, 681, 682, 683, 684, 685, 686, 687, 688, 689, 690, 691, 692, 693, 694, 695, 696, 697, 698, 699, 700, 701, 702, 703, 704, 705, 706, 707, 708, 709, 710, 711, 712, 713, 714, 715, 716, 717, 718, 719, 720, 721, 722, 723, 724, 725, 726, 727, 728, 729, 730, 731, 732, 733, 734, 735, 736, 737, 738, 739, 740, 741, 742, 743, 744, 745, 746, 747, 748, 749, 750, 751, 752, 753, 754, 755, 756, 757, 758, 759, 760, 761, 762, 763, 764, 765, 766, 767, 768, 769, 770, 771, 772, 773, 774, 775, 776, 777, 778, 779, 780, 781, 782, 783, 784, 785, 786, 787, 788, 789, 790, 791, 792, 793]","[154, 157, 194, 626, 629, 665]","[194, 665]","[105, 114, 138, 141, 152, 153, 154, 155, 157, 159, 164, 165, 176, 182, 191, 192, 194, 195, 196, 200, 204, 208, 209, 210, 211, 215, 226, 228, 241, 242, 243, 245, 248, 249, 250, 257, 261, 270, 271, 282, 287, 289, 291, 294, 296, 298, 306, 308, 309, 311, 314, 327, 333, 335, 337, 576, 585, 609, 612, 623, 624, 626, 627, 629, 631, 636, 637, 647, 653, 662, 663, 665, 666, 667, 671, 674, 678, 679, 680, 681, 690, 692, 705, 706, 707, 709, 711, 712, 713, 719, 721, 729, 730, 741, 746, 748, 750, 753, 755, 757, 764, 766, 767, 769, 772, 785, 791]","[194, 195, 665, 666]",[],7/6 successful match,True,[225],True,356,False,,0.8999999999999999,True,Joe's Travel Plaza,
"Lathrop , 95330 Joe's Travel Plaza CA 14 & Ave K ) 24",2 209-982-0341 I-5 Exit 463 ( Lathrop Rd ) HRS,24 HRS <U+2610> <U+2610> <U+2610>,Lathrop,95330,Joe's Travel Plaza CA 14 & Ave K ) 24,209-982-0341,2008,Lathrop,CA,,( Lathrop Rd ) HRS,I-5 Exit 463 ,Exit,463,False,,False,I-5,,,,,"[665, 194]","[154, 157, 194, 626, 629, 665]","[154, 157, 194, 626, 629, 665]","[194, 665]","[103, 104, 105, 106, 107, 108, 109, 110, 111, 112, 113, 114, 115, 116, 117, 118, 119, 120, 121, 122, 123, 124, 125, 126, 127, 128, 129, 130, 131, 132, 133, 134, 135, 136, 137, 138, 139, 140, 141, 142, 143, 144, 145, 146, 147, 148, 149, 150, 151, 152, 153, 154, 155, 156, 157, 158, 159, 160, 161, 162, 163, 164, 165, 166, 167, 168, 169, 170, 171, 172, 173, 174, 175, 176, 177, 178, 179, 180, 181, 182, 183, 184, 185, 186, 187, 188, 189, 190, 191, 192, 193, 194, 195, 196, 197, 198, 199, 200, 201, 202, 203, 204, 205, 206, 207, 208, 209, 210, 211, 212, 213, 214, 215, 216, 217, 218, 219, 220, 221, 222, 223, 224, 225, 226, 227, 228, 229, 230, 231, 232, 233, 234, 235, 236, 237, 238, 239, 240, 241, 242, 243, 244, 245, 246, 247, 248, 249, 250, 251, 252, 253, 254, 255, 256, 257, 258, 259, 260, 261, 262, 263, 264, 265, 266, 267, 268, 269, 270, 271, 272, 273, 274, 275, 276, 277, 278, 279, 280, 281, 282, 283, 284, 285, 286, 287, 288, 289, 290, 291, 292, 293, 294, 295, 296, 297, 298, 299, 300, 301, 302, 303, 304, 305, 306, 307, 308, 309, 310, 311, 312, 313, 314, 315, 316, 317, 318, 319, 320, 321, 322, 323, 324, 325, 326, 327, 328, 329, 330, 331, 332, 333, 334, 335, 336, 337, 574, 575, 576, 577, 578, 579, 580, 581, 582, 583, 584, 585, 586, 587, 588, 589, 590, 591, 592, 593, 594, 595, 596, 597, 598, 599, 600, 601, 602, 603, 604, 605, 606, 607, 608, 609, 610, 611, 612, 613, 614, 615, 616, 617, 618, 619, 620, 621, 622, 623, 624, 625, 626, 627, 628, 629, 630, 631, 632, 633, 634, 635, 636, 637, 638, 639, 640, 641, 642, 643, 644, 645, 646, 647, 648, 649, 650, 651, 652, 653, 654, 655, 656, 657, 658, 659, 660, 661, 662, 663, 664, 665, 666, 667, 668, 669, 670, 671, 672, 673, 674, 675, 676, 677, 678, 679, 680, 681, 682, 683, 684, 685, 686, 687, 688, 689, 690, 691, 692, 693, 694, 695, 696, 697, 698, 699, 700, 701, 702, 703, 704, 705, 706, 707, 708, 709, 710, 711, 712, 713, 714, 715, 716, 717, 718, 719, 720, 721, 722, 723, 724, 725, 726, 727, 728, 729, 730, 731, 732, 733, 734, 735, 736, 737, 738, 739, 740, 741, 742, 743, 744, 745, 746, 747, 748, 749, 750, 751, 752, 753, 754, 755, 756, 757, 758, 759, 760, 761, 762, 763, 764, 765, 766, 767, 768, 769, 770, 771, 772, 773, 774, 775, 776, 777, 778, 779, 780, 781, 782, 783, 784, 785, 786, 787, 788, 789, 790, 791, 792, 793]","[105, 114, 138, 141, 152, 153, 154, 155, 157, 159, 164, 165, 176, 182, 191, 192, 194, 195, 196, 200, 204, 208, 209, 210, 211, 215, 226, 228, 241, 242, 243, 245, 248, 249, 250, 257, 261, 270, 271, 282, 287, 289, 291, 294, 296, 298, 306, 308, 309, 311, 314, 327, 333, 335, 337, 576, 585, 609, 612, 623, 624, 626, 627, 629, 631, 636, 637, 647, 653, 662, 663, 665, 666, 667, 671, 674, 678, 679, 680, 681, 690, 692, 705, 706, 707, 709, 711, 712, 713, 719, 721, 729, 730, 741, 746, 748, 750, 753, 755, 757, 764, 766, 767, 769, 772, 785, 791]",[],"[103, 194, 195, 574, 665, 666]","[103, 104, 105, 106, 107, 108, 109, 110, 111, 112, 113, 114, 115, 116, 117, 118, 119, 120, 121, 122, 123, 124, 125, 126, 127, 128, 129, 130, 131, 132, 133, 134, 135, 136, 137, 138, 139, 140, 141, 142, 143, 144, 145, 146, 147, 148, 149, 150, 151, 152, 153, 154, 155, 156, 157, 158, 159, 160, 161, 162, 163, 164, 165, 166, 167, 168, 169, 170, 171, 172, 173, 174, 175, 176, 177, 178, 179, 180, 181, 182, 183, 184, 185, 186, 187, 188, 189, 190, 191, 192, 193, 194, 195, 196, 197, 198, 199, 200, 201, 202, 203, 204, 205, 206, 207, 208, 209, 210, 211, 212, 213, 214, 215, 216, 217, 218, 219, 220, 221, 222, 223, 224, 225, 226, 227, 228, 229, 230, 231, 232, 233, 234, 235, 236, 237, 238, 239, 240, 241, 242, 243, 244, 245, 246, 247, 248, 249, 250, 251, 252, 253, 254, 255, 256, 257, 258, 259, 260, 261, 262, 263, 264, 265, 266, 267, 268, 269, 270, 271, 272, 273, 274, 275, 276, 277, 278, 279, 280, 281, 282, 283, 284, 285, 286, 287, 288, 289, 290, 291, 292, 293, 294, 295, 296, 297, 298, 299, 300, 301, 302, 303, 304, 305, 306, 307, 308, 309, 310, 311, 312, 313, 314, 315, 316, 317, 318, 319, 320, 321, 322, 323, 324, 325, 326, 327, 328, 329, 330, 331, 332, 333, 334, 335, 336, 337, 574, 575, 576, 577, 578, 579, 580, 581, 582, 583, 584, 585, 586, 587, 588, 589, 590, 591, 592, 593, 594, 595, 596, 597, 598, 599, 600, 601, 602, 603, 604, 605, 606, 607, 608, 609, 610, 611, 612, 613, 614, 615, 616, 617, 618, 619, 620, 621, 622, 623, 624, 625, 626, 627, 628, 629, 630, 631, 632, 633, 634, 635, 636, 637, 638, 639, 640, 641, 642, 643, 644, 645, 646, 647, 648, 649, 650, 651, 652, 653, 654, 655, 656, 657, 658, 659, 660, 661, 662, 663, 664, 665, 666, 667, 668, 669, 670, 671, 672, 673, 674, 675, 676, 677, 678, 679, 680, 681, 682, 683, 684, 685, 686, 687, 688, 689, 690, 691, 692, 693, 694, 695, 696, 697, 698, 699, 700, 701, 702, 703, 704, 705, 706, 707, 708, 709, 710, 711, 712, 713, 714, 715, 716, 717, 718, 719, 720, 721, 722, 723, 724, 725, 726, 727, 728, 729, 730, 731, 732, 733, 734, 735, 736, 737, 738, 739, 740, 741, 742, 743, 744, 745, 746, 747, 748, 749, 750, 751, 752, 753, 754, 755, 756, 757, 758, 759, 760, 761, 762, 763, 764, 765, 766, 767, 768, 769, 770, 771, 772, 773, 774, 775, 776, 777, 778, 779, 780, 781, 782, 783, 784, 785, 786, 787, 788, 789, 790, 791, 792, 793]",True,"[154, 157, 194, 626, 629, 665]","[103, 104, 105, 106, 107, 108, 109, 110, 111, 112, 113, 114, 115, 116, 117, 118, 119, 120, 121, 122, 123, 124, 125, 126, 127, 128, 129, 130, 131, 132, 133, 134, 135, 136, 137, 138, 139, 140, 141, 142, 143, 144, 145, 146, 147, 148, 149, 150, 151, 152, 153, 154, 155, 156, 157, 158, 159, 160, 161, 162, 163, 164, 165, 166, 167, 168, 169, 170, 171, 172, 173, 174, 175, 176, 177, 178, 179, 180, 181, 182, 183, 184, 185, 186, 187, 188, 189, 190, 191, 192, 193, 194, 195, 196, 197, 198, 199, 200, 201, 202, 203, 204, 205, 206, 207, 208, 209, 210, 211, 212, 213, 214, 215, 216, 217, 218, 219, 220, 221, 222, 223, 224, 225, 226, 227, 228, 229, 230, 231, 232, 233, 234, 235, 236, 237, 238, 239, 240, 241, 242, 243, 244, 245, 246, 247, 248, 249, 250, 251, 252, 253, 254, 255, 256, 257, 258, 259, 260, 261, 262, 263, 264, 265, 266, 267, 268, 269, 270, 271, 272, 273, 274, 275, 276, 277, 278, 279, 280, 281, 282, 283, 284, 285, 286, 287, 288, 289, 290, 291, 292, 293, 294, 295, 296, 297, 298, 299, 300, 301, 302, 303, 304, 305, 306, 307, 308, 309, 310, 311, 312, 313, 314, 315, 316, 317, 318, 319, 320, 321, 322, 323, 324, 325, 326, 327, 328, 329, 330, 331, 332, 333, 334, 335, 336, 337, 574, 575, 576, 577, 578, 579, 580, 581, 582, 583, 584, 585, 586, 587, 588, 589, 590, 591, 592, 593, 594, 595, 596, 597, 598, 599, 600, 601, 602, 603, 604, 605, 606, 607, 608, 609, 610, 611, 612, 613, 614, 615, 616, 617, 618, 619, 620, 621, 622, 623, 624, 625, 626, 627, 628, 629, 630, 631, 632, 633, 634, 635, 636, 637, 638, 639, 640, 641, 642, 643, 644, 645, 646, 647, 648, 649, 650, 651, 652, 653, 654, 655, 656, 657, 658, 659, 660, 661, 662, 663, 664, 665, 666, 667, 668, 669, 670, 671, 672, 673, 674, 675, 676, 677, 678, 679, 680, 681, 682, 683, 684, 685, 686, 687, 688, 689, 690, 691, 692, 693, 694, 695, 696, 697, 698, 699, 700, 701, 702, 703, 704, 705, 706, 707, 708, 709, 710, 711, 712, 713, 714, 715, 716, 717, 718, 719, 720, 721, 722, 723, 724, 725, 726, 727, 728, 729, 730, 731, 732, 733, 734, 735, 736, 737, 738, 739, 740, 741, 742, 743, 744, 745, 746, 747, 748, 749, 750, 751, 752, 753, 754, 755, 756, 757, 758, 759, 760, 761, 762, 763, 764, 765, 766, 767, 768, 769, 770, 771, 772, 773, 774, 775, 776, 777, 778, 779, 780, 781, 782, 783, 784, 785, 786, 787, 788, 789, 790, 791, 792, 793]","[154, 157, 194, 626, 629, 665]","[194, 665]","[105, 114, 138, 141, 152, 153, 154, 155, 157, 159, 164, 165, 176, 182, 191, 192, 194, 195, 196, 200, 204, 208, 209, 210, 211, 215, 226, 228, 241, 242, 243, 245, 248, 249, 250, 257, 261, 270, 271, 282, 287, 289, 291, 294, 296, 298, 306, 308, 309, 311, 314, 327, 333, 335, 337, 576, 585, 609, 612, 623, 624, 626, 627, 629, 631, 636, 637, 647, 653, 662, 663, 665, 666, 667, 671, 674, 678, 679, 680, 681, 690, 692, 705, 706, 707, 709, 711, 712, 713, 719, 721, 729, 730, 741, 746, 748, 750, 753, 755, 757, 764, 766, 767, 769, 772, 785, 791]","[103, 194, 195, 574, 665, 666]",[],7/6 successful match,True,[225],True,356,False,,0.5296969696969698,True,Joe's Travel Plaza,
E Lathrop ( 95330 ) Joe's Travel Plaza ( Texaco ),2 209-982-0341 I-5 Exit 463 ( Lathrop Rd ),24 <U+2610>,Lathrop,95330,Joe's Travel Plaza ( Texaco ),209-982-0341,2014,Lathrop,CA,Texaco,( Lathrop Rd ),I-5 Exit 463 ,Exit,463,False,,False,I-5,,,,,"[665, 194]","[154, 157, 194, 626, 629, 665]","[154, 157, 194, 626, 629, 665]","[194, 665]","[103, 104, 105, 106, 107, 108, 109, 110, 111, 112, 113, 114, 115, 116, 117, 118, 119, 120, 121, 122, 123, 124, 125, 126, 127, 128, 129, 130, 131, 132, 133, 134, 135, 136, 137, 138, 139, 140, 141, 142, 143, 144, 145, 146, 147, 148, 149, 150, 151, 152, 153, 154, 155, 156, 157, 158, 159, 160, 161, 162, 163, 164, 165, 166, 167, 168, 169, 170, 171, 172, 173, 174, 175, 176, 177, 178, 179, 180, 181, 182, 183, 184, 185, 186, 187, 188, 189, 190, 191, 192, 193, 194, 195, 196, 197, 198, 199, 200, 201, 202, 203, 204, 205, 206, 207, 208, 209, 210, 211, 212, 213, 214, 215, 216, 217, 218, 219, 220, 221, 222, 223, 224, 225, 226, 227, 228, 229, 230, 231, 232, 233, 234, 235, 236, 237, 238, 239, 240, 241, 242, 243, 244, 245, 246, 247, 248, 249, 250, 251, 252, 253, 254, 255, 256, 257, 258, 259, 260, 261, 262, 263, 264, 265, 266, 267, 268, 269, 270, 271, 272, 273, 274, 275, 276, 277, 278, 279, 280, 281, 282, 283, 284, 285, 286, 287, 288, 289, 290, 291, 292, 293, 294, 295, 296, 297, 298, 299, 300, 301, 302, 303, 304, 305, 306, 307, 308, 309, 310, 311, 312, 313, 314, 315, 316, 317, 318, 319, 320, 321, 322, 323, 324, 325, 326, 327, 328, 329, 330, 331, 332, 333, 334, 335, 336, 337, 574, 575, 576, 577, 578, 579, 580, 581, 582, 583, 584, 585, 586, 587, 588, 589, 590, 591, 592, 593, 594, 595, 596, 597, 598, 599, 600, 601, 602, 603, 604, 605, 606, 607, 608, 609, 610, 611, 612, 613, 614, 615, 616, 617, 618, 619, 620, 621, 622, 623, 624, 625, 626, 627, 628, 629, 630, 631, 632, 633, 634, 635, 636, 637, 638, 639, 640, 641, 642, 643, 644, 645, 646, 647, 648, 649, 650, 651, 652, 653, 654, 655, 656, 657, 658, 659, 660, 661, 662, 663, 664, 665, 666, 667, 668, 669, 670, 671, 672, 673, 674, 675, 676, 677, 678, 679, 680, 681, 682, 683, 684, 685, 686, 687, 688, 689, 690, 691, 692, 693, 694, 695, 696, 697, 698, 699, 700, 701, 702, 703, 704, 705, 706, 707, 708, 709, 710, 711, 712, 713, 714, 715, 716, 717, 718, 719, 720, 721, 722, 723, 724, 725, 726, 727, 728, 729, 730, 731, 732, 733, 734, 735, 736, 737, 738, 739, 740, 741, 742, 743, 744, 745, 746, 747, 748, 749, 750, 751, 752, 753, 754, 755, 756, 757, 758, 759, 760, 761, 762, 763, 764, 765, 766, 767, 768, 769, 770, 771, 772, 773, 774, 775, 776, 777, 778, 779, 780, 781, 782, 783, 784, 785, 786, 787, 788, 789, 790, 791, 792, 793]","[105, 114, 138, 141, 152, 153, 154, 155, 157, 159, 164, 165, 176, 182, 191, 192, 194, 195, 196, 200, 204, 208, 209, 210, 211, 215, 226, 228, 241, 242, 243, 245, 248, 249, 250, 257, 261, 270, 271, 282, 287, 289, 291, 294, 296, 298, 306, 308, 309, 311, 314, 327, 333, 335, 337, 576, 585, 609, 612, 623, 624, 626, 627, 629, 631, 636, 637, 647, 653, 662, 663, 665, 666, 667, 671, 674, 678, 679, 680, 681, 690, 692, 705, 706, 707, 709, 711, 712, 713, 719, 721, 729, 730, 741, 746, 748, 750, 753, 755, 757, 764, 766, 767, 769, 772, 785, 791]","[26, 390, 474, 486, 509, 840, 922, 926]","[26, 194, 195, 390, 474, 486, 509, 665, 666, 840, 922, 926]","[26, 103, 104, 105, 106, 107, 108, 109, 110, 111, 112, 113, 114, 115, 116, 117, 118, 119, 120, 121, 122, 123, 124, 125, 126, 127, 128, 129, 130, 131, 132, 133, 134, 135, 136, 137, 138, 139, 140, 141, 142, 143, 144, 145, 146, 147, 148, 149, 150, 151, 152, 153, 154, 155, 156, 157, 158, 159, 160, 161, 162, 163, 164, 165, 166, 167, 168, 169, 170, 171, 172, 173, 174, 175, 176, 177, 178, 179, 180, 181, 182, 183, 184, 185, 186, 187, 188, 189, 190, 191, 192, 193, 194, 195, 196, 197, 198, 199, 200, 201, 202, 203, 204, 205, 206, 207, 208, 209, 210, 211, 212, 213, 214, 215, 216, 217, 218, 219, 220, 221, 222, 223, 224, 225, 226, 227, 228, 229, 230, 231, 232, 233, 234, 235, 236, 237, 238, 239, 240, 241, 242, 243, 244, 245, 246, 247, 248, 249, 250, 251, 252, 253, 254, 255, 256, 257, 258, 259, 260, 261, 262, 263, 264, 265, 266, 267, 268, 269, 270, 271, 272, 273, 274, 275, 276, 277, 278, 279, 280, 281, 282, 283, 284, 285, 286, 287, 288, 289, 290, 291, 292, 293, 294, 295, 296, 297, 298, 299, 300, 301, 302, 303, 304, 305, 306, 307, 308, 309, 310, 311, 312, 313, 314, 315, 316, 317, 318, 319, 320, 321, 322, 323, 324, 325, 326, 327, 328, 329, 330, 331, 332, 333, 334, 335, 336, 337, 390, 474, 486, 509, 574, 575, 576, 577, 578, 579, 580, 581, 582, 583, 584, 585, 586, 587, 588, 589, 590, 591, 592, 593, 594, 595, 596, 597, 598, 599, 600, 601, 602, 603, 604, 605, 606, 607, 608, 609, 610, 611, 612, 613, 614, 615, 616, 617, 618, 619, 620, 621, 622, 623, 624, 625, 626, 627, 628, 629, 630, 631, 632, 633, 634, 635, 636, 637, 638, 639, 640, 641, 642, 643, 644, 645, 646, 647, 648, 649, 650, 651, 652, 653, 654, 655, 656, 657, 658, 659, 660, 661, 662, 663, 664, 665, 666, 667, 668, 669, 670, 671, 672, 673, 674, 675, 676, 677, 678, 679, 680, 681, 682, 683, 684, 685, 686, 687, 688, 689, 690, 691, 692, 693, 694, 695, 696, 697, 698, 699, 700, 701, 702, 703, 704, 705, 706, 707, 708, 709, 710, 711, 712, 713, 714, 715, 716, 717, 718, 719, 720, 721, 722, 723, 724, 725, 726, 727, 728, 729, 730, 731, 732, 733, 734, 735, 736, 737, 738, 739, 740, 741, 742, 743, 744, 745, 746, 747, 748, 749, 750, 751, 752, 753, 754, 755, 756, 757, 758, 759, 760, 761, 762, 763, 764, 765, 766, 767, 768, 769, 770, 771, 772, 773, 774, 775, 776, 777, 778, 779, 780, 781, 782, 783, 784, 785, 786, 787, 788, 789, 790, 791, 792, 793, 840, 922, 926]",True,"[154, 157, 194, 626, 629, 665]","[103, 104, 105, 106, 107, 108, 109, 110, 111, 112, 113, 114, 115, 116, 117, 118, 119, 120, 121, 122, 123, 124, 125, 126, 127, 128, 129, 130, 131, 132, 133, 134, 135, 136, 137, 138, 139, 140, 141, 142, 143, 144, 145, 146, 147, 148, 149, 150, 151, 152, 153, 154, 155, 156, 157, 158, 159, 160, 161, 162, 163, 164, 165, 166, 167, 168, 169, 170, 171, 172, 173, 174, 175, 176, 177, 178, 179, 180, 181, 182, 183, 184, 185, 186, 187, 188, 189, 190, 191, 192, 193, 194, 195, 196, 197, 198, 199, 200, 201, 202, 203, 204, 205, 206, 207, 208, 209, 210, 211, 212, 213, 214, 215, 216, 217, 218, 219, 220, 221, 222, 223, 224, 225, 226, 227, 228, 229, 230, 231, 232, 233, 234, 235, 236, 237, 238, 239, 240, 241, 242, 243, 244, 245, 246, 247, 248, 249, 250, 251, 252, 253, 254, 255, 256, 257, 258, 259, 260, 261, 262, 263, 264, 265, 266, 267, 268, 269, 270, 271, 272, 273, 274, 275, 276, 277, 278, 279, 280, 281, 282, 283, 284, 285, 286, 287, 288, 289, 290, 291, 292, 293, 294, 295, 296, 297, 298, 299, 300, 301, 302, 303, 304, 305, 306, 307, 308, 309, 310, 311, 312, 313, 314, 315, 316, 317, 318, 319, 320, 321, 322, 323, 324, 325, 326, 327, 328, 329, 330, 331, 332, 333, 334, 335, 336, 337, 574, 575, 576, 577, 578, 579, 580, 581, 582, 583, 584, 585, 586, 587, 588, 589, 590, 591, 592, 593, 594, 595, 596, 597, 598, 599, 600, 601, 602, 603, 604, 605, 606, 607, 608, 609, 610, 611, 612, 613, 614, 615, 616, 617, 618, 619, 620, 621, 622, 623, 624, 625, 626, 627, 628, 629, 630, 631, 632, 633, 634, 635, 636, 637, 638, 639, 640, 641, 642, 643, 644, 645, 646, 647, 648, 649, 650, 651, 652, 653, 654, 655, 656, 657, 658, 659, 660, 661, 662, 663, 664, 665, 666, 667, 668, 669, 670, 671, 672, 673, 674, 675, 676, 677, 678, 679, 680, 681, 682, 683, 684, 685, 686, 687, 688, 689, 690, 691, 692, 693, 694, 695, 696, 697, 698, 699, 700, 701, 702, 703, 704, 705, 706, 707, 708, 709, 710, 711, 712, 713, 714, 715, 716, 717, 718, 719, 720, 721, 722, 723, 724, 725, 726, 727, 728, 729, 730, 731, 732, 733, 734, 735, 736, 737, 738, 739, 740, 741, 742, 743, 744, 745, 746, 747, 748, 749, 750, 751, 752, 753, 754, 755, 756, 757, 758, 759, 760, 761, 762, 763, 764, 765, 766, 767, 768, 769, 770, 771, 772, 773, 774, 775, 776, 777, 778, 779, 780, 781, 782, 783, 784, 785, 786, 787, 788, 789, 790, 791, 792, 793]","[154, 157, 194, 626, 629, 665]","[194, 665]","[105, 114, 138, 141, 152, 153, 154, 155, 157, 159, 164, 165, 176, 182, 191, 192, 194, 195, 196, 200, 204, 208, 209, 210, 211, 215, 226, 228, 241, 242, 243, 245, 248, 249, 250, 257, 261, 270, 271, 282, 287, 289, 291, 294, 296, 298, 306, 308, 309, 311, 314, 327, 333, 335, 337, 576, 585, 609, 612, 623, 624, 626, 627, 629, 631, 636, 637, 647, 653, 662, 663, 665, 666, 667, 671, 674, 678, 679, 680, 681, 690, 692, 705, 706, 707, 709, 711, 712, 713, 719, 721, 729, 730, 741, 746, 748, 750, 753, 755, 757, 764, 766, 767, 769, 772, 785, 791]","[26, 194, 195, 390, 474, 486, 509, 665, 666, 840, 922, 926]","[26, 390, 474, 486, 509, 840, 922, 926]",6/6 successful match,True,[225],True,356,False,,0.5424242424242425,True,Joe's Travel Plaza CA 14 & Ave K ) 24,
E Lathrop ( 95330 ) Joe's Travel Plaza ( Texaco ),2 209-982-0341 I-5 Exit 463 ( Lathrop Rd ),24 24 <U+2610>,Lathrop,95330,Joe's Travel Plaza ( Texaco ),209-982-0341,2015,Lathrop,CA,Texaco,( Lathrop Rd ),I-5 Exit 463 ,Exit,463,False,,False,I-5,,,,,"[665, 194]","[154, 157, 194, 626, 629, 665]","[154, 157, 194, 626, 629, 665]","[194, 665]","[103, 104, 105, 106, 107, 108, 109, 110, 111, 112, 113, 114, 115, 116, 117, 118, 119, 120, 121, 122, 123, 124, 125, 126, 127, 128, 129, 130, 131, 132, 133, 134, 135, 136, 137, 138, 139, 140, 141, 142, 143, 144, 145, 146, 147, 148, 149, 150, 151, 152, 153, 154, 155, 156, 157, 158, 159, 160, 161, 162, 163, 164, 165, 166, 167, 168, 169, 170, 171, 172, 173, 174, 175, 176, 177, 178, 179, 180, 181, 182, 183, 184, 185, 186, 187, 188, 189, 190, 191, 192, 193, 194, 195, 196, 197, 198, 199, 200, 201, 202, 203, 204, 205, 206, 207, 208, 209, 210, 211, 212, 213, 214, 215, 216, 217, 218, 219, 220, 221, 222, 223, 224, 225, 226, 227, 228, 229, 230, 231, 232, 233, 234, 235, 236, 237, 238, 239, 240, 241, 242, 243, 244, 245, 246, 247, 248, 249, 250, 251, 252, 253, 254, 255, 256, 257, 258, 259, 260, 261, 262, 263, 264, 265, 266, 267, 268, 269, 270, 271, 272, 273, 274, 275, 276, 277, 278, 279, 280, 281, 282, 283, 284, 285, 286, 287, 288, 289, 290, 291, 292, 293, 294, 295, 296, 297, 298, 299, 300, 301, 302, 303, 304, 305, 306, 307, 308, 309, 310, 311, 312, 313, 314, 315, 316, 317, 318, 319, 320, 321, 322, 323, 324, 325, 326, 327, 328, 329, 330, 331, 332, 333, 334, 335, 336, 337, 574, 575, 576, 577, 578, 579, 580, 581, 582, 583, 584, 585, 586, 587, 588, 589, 590, 591, 592, 593, 594, 595, 596, 597, 598, 599, 600, 601, 602, 603, 604, 605, 606, 607, 608, 609, 610, 611, 612, 613, 614, 615, 616, 617, 618, 619, 620, 621, 622, 623, 624, 625, 626, 627, 628, 629, 630, 631, 632, 633, 634, 635, 636, 637, 638, 639, 640, 641, 642, 643, 644, 645, 646, 647, 648, 649, 650, 651, 652, 653, 654, 655, 656, 657, 658, 659, 660, 661, 662, 663, 664, 665, 666, 667, 668, 669, 670, 671, 672, 673, 674, 675, 676, 677, 678, 679, 680, 681, 682, 683, 684, 685, 686, 687, 688, 689, 690, 691, 692, 693, 694, 695, 696, 697, 698, 699, 700, 701, 702, 703, 704, 705, 706, 707, 708, 709, 710, 711, 712, 713, 714, 715, 716, 717, 718, 719, 720, 721, 722, 723, 724, 725, 726, 727, 728, 729, 730, 731, 732, 733, 734, 735, 736, 737, 738, 739, 740, 741, 742, 743, 744, 745, 746, 747, 748, 749, 750, 751, 752, 753, 754, 755, 756, 757, 758, 759, 760, 761, 762, 763, 764, 765, 766, 767, 768, 769, 770, 771, 772, 773, 774, 775, 776, 777, 778, 779, 780, 781, 782, 783, 784, 785, 786, 787, 788, 789, 790, 791, 792, 793]","[105, 114, 138, 141, 152, 153, 154, 155, 157, 159, 164, 165, 176, 182, 191, 192, 194, 195, 196, 200, 204, 208, 209, 210, 211, 215, 226, 228, 241, 242, 243, 245, 248, 249, 250, 257, 261, 270, 271, 282, 287, 289, 291, 294, 296, 298, 306, 308, 309, 311, 314, 327, 333, 335, 337, 576, 585, 609, 612, 623, 624, 626, 627, 629, 631, 636, 637, 647, 653, 662, 663, 665, 666, 667, 671, 674, 678, 679, 680, 681, 690, 692, 705, 706, 707, 709, 711, 712, 713, 719, 721, 729, 730, 741, 746, 748, 750, 753, 755, 757, 764, 766, 767, 769, 772, 785, 791]","[26, 390, 474, 486, 509, 840, 922, 926]","[26, 194, 195, 390, 474, 486, 509, 665, 666, 840, 922, 926]","[26, 103, 104, 105, 106, 107, 108, 109, 110, 111, 112, 113, 114, 115, 116, 117, 118, 119, 120, 121, 122, 123, 124, 125, 126, 127, 128, 129, 130, 131, 132, 133, 134, 135, 136, 137, 138, 139, 140, 141, 142, 143, 144, 145, 146, 147, 148, 149, 150, 151, 152, 153, 154, 155, 156, 157, 158, 159, 160, 161, 162, 163, 164, 165, 166, 167, 168, 169, 170, 171, 172, 173, 174, 175, 176, 177, 178, 179, 180, 181, 182, 183, 184, 185, 186, 187, 188, 189, 190, 191, 192, 193, 194, 195, 196, 197, 198, 199, 200, 201, 202, 203, 204, 205, 206, 207, 208, 209, 210, 211, 212, 213, 214, 215, 216, 217, 218, 219, 220, 221, 222, 223, 224, 225, 226, 227, 228, 229, 230, 231, 232, 233, 234, 235, 236, 237, 238, 239, 240, 241, 242, 243, 244, 245, 246, 247, 248, 249, 250, 251, 252, 253, 254, 255, 256, 257, 258, 259, 260, 261, 262, 263, 264, 265, 266, 267, 268, 269, 270, 271, 272, 273, 274, 275, 276, 277, 278, 279, 280, 281, 282, 283, 284, 285, 286, 287, 288, 289, 290, 291, 292, 293, 294, 295, 296, 297, 298, 299, 300, 301, 302, 303, 304, 305, 306, 307, 308, 309, 310, 311, 312, 313, 314, 315, 316, 317, 318, 319, 320, 321, 322, 323, 324, 325, 326, 327, 328, 329, 330, 331, 332, 333, 334, 335, 336, 337, 390, 474, 486, 509, 574, 575, 576, 577, 578, 579, 580, 581, 582, 583, 584, 585, 586, 587, 588, 589, 590, 591, 592, 593, 594, 595, 596, 597, 598, 599, 600, 601, 602, 603, 604, 605, 606, 607, 608, 609, 610, 611, 612, 613, 614, 615, 616, 617, 618, 619, 620, 621, 622, 623, 624, 625, 626, 627, 628, 629, 630, 631, 632, 633, 634, 635, 636, 637, 638, 639, 640, 641, 642, 643, 644, 645, 646, 647, 648, 649, 650, 651, 652, 653, 654, 655, 656, 657, 658, 659, 660, 661, 662, 663, 664, 665, 666, 667, 668, 669, 670, 671, 672, 673, 674, 675, 676, 677, 678, 679, 680, 681, 682, 683, 684, 685, 686, 687, 688, 689, 690, 691, 692, 693, 694, 695, 696, 697, 698, 699, 700, 701, 702, 703, 704, 705, 706, 707, 708, 709, 710, 711, 712, 713, 714, 715, 716, 717, 718, 719, 720, 721, 722, 723, 724, 725, 726, 727, 728, 729, 730, 731, 732, 733, 734, 735, 736, 737, 738, 739, 740, 741, 742, 743, 744, 745, 746, 747, 748, 749, 750, 751, 752, 753, 754, 755, 756, 757, 758, 759, 760, 761, 762, 763, 764, 765, 766, 767, 768, 769, 770, 771, 772, 773, 774, 775, 776, 777, 778, 779, 780, 781, 782, 783, 784, 785, 786, 787, 788, 789, 790, 791, 792, 793, 840, 922, 926]",True,"[154, 157, 194, 626, 629, 665]","[103, 104, 105, 106, 107, 108, 109, 110, 111, 112, 113, 114, 115, 116, 117, 118, 119, 120, 121, 122, 123, 124, 125, 126, 127, 128, 129, 130, 131, 132, 133, 134, 135, 136, 137, 138, 139, 140, 141, 142, 143, 144, 145, 146, 147, 148, 149, 150, 151, 152, 153, 154, 155, 156, 157, 158, 159, 160, 161, 162, 163, 164, 165, 166, 167, 168, 169, 170, 171, 172, 173, 174, 175, 176, 177, 178, 179, 180, 181, 182, 183, 184, 185, 186, 187, 188, 189, 190, 191, 192, 193, 194, 195, 196, 197, 198, 199, 200, 201, 202, 203, 204, 205, 206, 207, 208, 209, 210, 211, 212, 213, 214, 215, 216, 217, 218, 219, 220, 221, 222, 223, 224, 225, 226, 227, 228, 229, 230, 231, 232, 233, 234, 235, 236, 237, 238, 239, 240, 241, 242, 243, 244, 245, 246, 247, 248, 249, 250, 251, 252, 253, 254, 255, 256, 257, 258, 259, 260, 261, 262, 263, 264, 265, 266, 267, 268, 269, 270, 271, 272, 273, 274, 275, 276, 277, 278, 279, 280, 281, 282, 283, 284, 285, 286, 287, 288, 289, 290, 291, 292, 293, 294, 295, 296, 297, 298, 299, 300, 301, 302, 303, 304, 305, 306, 307, 308, 309, 310, 311, 312, 313, 314, 315, 316, 317, 318, 319, 320, 321, 322, 323, 324, 325, 326, 327, 328, 329, 330, 331, 332, 333, 334, 335, 336, 337, 574, 575, 576, 577, 578, 579, 580, 581, 582, 583, 584, 585, 586, 587, 588, 589, 590, 591, 592, 593, 594, 595, 596, 597, 598, 599, 600, 601, 602, 603, 604, 605, 606, 607, 608, 609, 610, 611, 612, 613, 614, 615, 616, 617, 618, 619, 620, 621, 622, 623, 624, 625, 626, 627, 628, 629, 630, 631, 632, 633, 634, 635, 636, 637, 638, 639, 640, 641, 642, 643, 644, 645, 646, 647, 648, 649, 650, 651, 652, 653, 654, 655, 656, 657, 658, 659, 660, 661, 662, 663, 664, 665, 666, 667, 668, 669, 670, 671, 672, 673, 674, 675, 676, 677, 678, 679, 680, 681, 682, 683, 684, 685, 686, 687, 688, 689, 690, 691, 692, 693, 694, 695, 696, 697, 698, 699, 700, 701, 702, 703, 704, 705, 706, 707, 708, 709, 710, 711, 712, 713, 714, 715, 716, 717, 718, 719, 720, 721, 722, 723, 724, 725, 726, 727, 728, 729, 730, 731, 732, 733, 734, 735, 736, 737, 738, 739, 740, 741, 742, 743, 744, 745, 746, 747, 748, 749, 750, 751, 752, 753, 754, 755, 756, 757, 758, 759, 760, 761, 762, 763, 764, 765, 766, 767, 768, 769, 770, 771, 772, 773, 774, 775, 776, 777, 778, 779, 780, 781, 782, 783, 784, 785, 786, 787, 788, 789, 790, 791, 792, 793]","[154, 157, 194, 626, 629, 665]","[194, 665]","[105, 114, 138, 141, 152, 153, 154, 155, 157, 159, 164, 165, 176, 182, 191, 192, 194, 195, 196, 200, 204, 208, 209, 210, 211, 215, 226, 228, 241, 242, 243, 245, 248, 249, 250, 257, 261, 270, 271, 282, 287, 289, 291, 294, 296, 298, 306, 308, 309, 311, 314, 327, 333, 335, 337, 576, 585, 609, 612, 623, 624, 626, 627, 629, 631, 636, 637, 647, 653, 662, 663, 665, 666, 667, 671, 674, 678, 679, 680, 681, 690, 692, 705, 706, 707, 709, 711, 712, 713, 719, 721, 729, 730, 741, 746, 748, 750, 753, 755, 757, 764, 766, 767, 769, 772, 785, 791]","[26, 194, 195, 390, 474, 486, 509, 665, 666, 840, 922, 926]","[26, 390, 474, 486, 509, 840, 922, 926]",6/6 successful match,True,[225],True,356,False,,1.0,True,Joe's Travel Plaza ( Texaco ),Texaco
Lathrop ( 95330 ) Joe's Travel Plaza,209-982-0341 I-5 Exit 463 ( Lathrop Rd ),24 RS <U+2610>,Lathrop,95330,Joe's Travel Plaza,209-982-0341,2016,Lathrop,CA,,( Lathrop Rd ),I-5 Exit 463 ,Exit,463,False,,False,I-5,,,,,"[665, 194]","[154, 157, 194, 626, 629, 665]","[154, 157, 194, 626, 629, 665]","[194, 665]","[103, 104, 105, 106, 107, 108, 109, 110, 111, 112, 113, 114, 115, 116, 117, 118, 119, 120, 121, 122, 123, 124, 125, 126, 127, 128, 129, 130, 131, 132, 133, 134, 135, 136, 137, 138, 139, 140, 141, 142, 143, 144, 145, 146, 147, 148, 149, 150, 151, 152, 153, 154, 155, 156, 157, 158, 159, 160, 161, 162, 163, 164, 165, 166, 167, 168, 169, 170, 171, 172, 173, 174, 175, 176, 177, 178, 179, 180, 181, 182, 183, 184, 185, 186, 187, 188, 189, 190, 191, 192, 193, 194, 195, 196, 197, 198, 199, 200, 201, 202, 203, 204, 205, 206, 207, 208, 209, 210, 211, 212, 213, 214, 215, 216, 217, 218, 219, 220, 221, 222, 223, 224, 225, 226, 227, 228, 229, 230, 231, 232, 233, 234, 235, 236, 237, 238, 239, 240, 241, 242, 243, 244, 245, 246, 247, 248, 249, 250, 251, 252, 253, 254, 255, 256, 257, 258, 259, 260, 261, 262, 263, 264, 265, 266, 267, 268, 269, 270, 271, 272, 273, 274, 275, 276, 277, 278, 279, 280, 281, 282, 283, 284, 285, 286, 287, 288, 289, 290, 291, 292, 293, 294, 295, 296, 297, 298, 299, 300, 301, 302, 303, 304, 305, 306, 307, 308, 309, 310, 311, 312, 313, 314, 315, 316, 317, 318, 319, 320, 321, 322, 323, 324, 325, 326, 327, 328, 329, 330, 331, 332, 333, 334, 335, 336, 337, 574, 575, 576, 577, 578, 579, 580, 581, 582, 583, 584, 585, 586, 587, 588, 589, 590, 591, 592, 593, 594, 595, 596, 597, 598, 599, 600, 601, 602, 603, 604, 605, 606, 607, 608, 609, 610, 611, 612, 613, 614, 615, 616, 617, 618, 619, 620, 621, 622, 623, 624, 625, 626, 627, 628, 629, 630, 631, 632, 633, 634, 635, 636, 637, 638, 639, 640, 641, 642, 643, 644, 645, 646, 647, 648, 649, 650, 651, 652, 653, 654, 655, 656, 657, 658, 659, 660, 661, 662, 663, 664, 665, 666, 667, 668, 669, 670, 671, 672, 673, 674, 675, 676, 677, 678, 679, 680, 681, 682, 683, 684, 685, 686, 687, 688, 689, 690, 691, 692, 693, 694, 695, 696, 697, 698, 699, 700, 701, 702, 703, 704, 705, 706, 707, 708, 709, 710, 711, 712, 713, 714, 715, 716, 717, 718, 719, 720, 721, 722, 723, 724, 725, 726, 727, 728, 729, 730, 731, 732, 733, 734, 735, 736, 737, 738, 739, 740, 741, 742, 743, 744, 745, 746, 747, 748, 749, 750, 751, 752, 753, 754, 755, 756, 757, 758, 759, 760, 761, 762, 763, 764, 765, 766, 767, 768, 769, 770, 771, 772, 773, 774, 775, 776, 777, 778, 779, 780, 781, 782, 783, 784, 785, 786, 787, 788, 789, 790, 791, 792, 793]","[105, 114, 138, 141, 152, 153, 154, 155, 157, 159, 164, 165, 176, 182, 191, 192, 194, 195, 196, 200, 204, 208, 209, 210, 211, 215, 226, 228, 241, 242, 243, 245, 248, 249, 250, 257, 261, 270, 271, 282, 287, 289, 291, 294, 296, 298, 306, 308, 309, 311, 314, 327, 333, 335, 337, 576, 585, 609, 612, 623, 624, 626, 627, 629, 631, 636, 637, 647, 653, 662, 663, 665, 666, 667, 671, 674, 678, 679, 680, 681, 690, 692, 705, 706, 707, 709, 711, 712, 713, 719, 721, 729, 730, 741, 746, 748, 750, 753, 755, 757, 764, 766, 767, 769, 772, 785, 791]",[],"[194, 195, 665, 666]","[103, 104, 105, 106, 107, 108, 109, 110, 111, 112, 113, 114, 115, 116, 117, 118, 119, 120, 121, 122, 123, 124, 125, 126, 127, 128, 129, 130, 131, 132, 133, 134, 135, 136, 137, 138, 139, 140, 141, 142, 143, 144, 145, 146, 147, 148, 149, 150, 151, 152, 153, 154, 155, 156, 157, 158, 159, 160, 161, 162, 163, 164, 165, 166, 167, 168, 169, 170, 171, 172, 173, 174, 175, 176, 177, 178, 179, 180, 181, 182, 183, 184, 185, 186, 187, 188, 189, 190, 191, 192, 193, 194, 195, 196, 197, 198, 199, 200, 201, 202, 203, 204, 205, 206, 207, 208, 209, 210, 211, 212, 213, 214, 215, 216, 217, 218, 219, 220, 221, 222, 223, 224, 225, 226, 227, 228, 229, 230, 231, 232, 233, 234, 235, 236, 237, 238, 239, 240, 241, 242, 243, 244, 245, 246, 247, 248, 249, 250, 251, 252, 253, 254, 255, 256, 257, 258, 259, 260, 261, 262, 263, 264, 265, 266, 267, 268, 269, 270, 271, 272, 273, 274, 275, 276, 277, 278, 279, 280, 281, 282, 283, 284, 285, 286, 287, 288, 289, 290, 291, 292, 293, 294, 295, 296, 297, 298, 299, 300, 301, 302, 303, 304, 305, 306, 307, 308, 309, 310, 311, 312, 313, 314, 315, 316, 317, 318, 319, 320, 321, 322, 323, 324, 325, 326, 327, 328, 329, 330, 331, 332, 333, 334, 335, 336, 337, 574, 575, 576, 577, 578, 579, 580, 581, 582, 583, 584, 585, 586, 587, 588, 589, 590, 591, 592, 593, 594, 595, 596, 597, 598, 599, 600, 601, 602, 603, 604, 605, 606, 607, 608, 609, 610, 611, 612, 613, 614, 615, 616, 617, 618, 619, 620, 621, 622, 623, 624, 625, 626, 627, 628, 629, 630, 631, 632, 633, 634, 635, 636, 637, 638, 639, 640, 641, 642, 643, 644, 645, 646, 647, 648, 649, 650, 651, 652, 653, 654, 655, 656, 657, 658, 659, 660, 661, 662, 663, 664, 665, 666, 667, 668, 669, 670, 671, 672, 673, 674, 675, 676, 677, 678, 679, 680, 681, 682, 683, 684, 685, 686, 687, 688, 689, 690, 691, 692, 693, 694, 695, 696, 697, 698, 699, 700, 701, 702, 703, 704, 705, 706, 707, 708, 709, 710, 711, 712, 713, 714, 715, 716, 717, 718, 719, 720, 721, 722, 723, 724, 725, 726, 727, 728, 729, 730, 731, 732, 733, 734, 735, 736, 737, 738, 739, 740, 741, 742, 743, 744, 745, 746, 747, 748, 749, 750, 751, 752, 753, 754, 755, 756, 757, 758, 759, 760, 761, 762, 763, 764, 765, 766, 767, 768, 769, 770, 771, 772, 773, 774, 775, 776, 777, 778, 779, 780, 781, 782, 783, 784, 785, 786, 787, 788, 789, 790, 791, 792, 793]",True,"[154, 157, 194, 626, 629, 665]","[103, 104, 105, 106, 107, 108, 109, 110, 111, 112, 113, 114, 115, 116, 117, 118, 119, 120, 121, 122, 123, 124, 125, 126, 127, 128, 129, 130, 131, 132, 133, 134, 135, 136, 137, 138, 139, 140, 141, 142, 143, 144, 145, 146, 147, 148, 149, 150, 151, 152, 153, 154, 155, 156, 157, 158, 159, 160, 161, 162, 163, 164, 165, 166, 167, 168, 169, 170, 171, 172, 173, 174, 175, 176, 177, 178, 179, 180, 181, 182, 183, 184, 185, 186, 187, 188, 189, 190, 191, 192, 193, 194, 195, 196, 197, 198, 199, 200, 201, 202, 203, 204, 205, 206, 207, 208, 209, 210, 211, 212, 213, 214, 215, 216, 217, 218, 219, 220, 221, 222, 223, 224, 225, 226, 227, 228, 229, 230, 231, 232, 233, 234, 235, 236, 237, 238, 239, 240, 241, 242, 243, 244, 245, 246, 247, 248, 249, 250, 251, 252, 253, 254, 255, 256, 257, 258, 259, 260, 261, 262, 263, 264, 265, 266, 267, 268, 269, 270, 271, 272, 273, 274, 275, 276, 277, 278, 279, 280, 281, 282, 283, 284, 285, 286, 287, 288, 289, 290, 291, 292, 293, 294, 295, 296, 297, 298, 299, 300, 301, 302, 303, 304, 305, 306, 307, 308, 309, 310, 311, 312, 313, 314, 315, 316, 317, 318, 319, 320, 321, 322, 323, 324, 325, 326, 327, 328, 329, 330, 331, 332, 333, 334, 335, 336, 337, 574, 575, 576, 577, 578, 579, 580, 581, 582, 583, 584, 585, 586, 587, 588, 589, 590, 591, 592, 593, 594, 595, 596, 597, 598, 599, 600, 601, 602, 603, 604, 605, 606, 607, 608, 609, 610, 611, 612, 613, 614, 615, 616, 617, 618, 619, 620, 621, 622, 623, 624, 625, 626, 627, 628, 629, 630, 631, 632, 633, 634, 635, 636, 637, 638, 639, 640, 641, 642, 643, 644, 645, 646, 647, 648, 649, 650, 651, 652, 653, 654, 655, 656, 657, 658, 659, 660, 661, 662, 663, 664, 665, 666, 667, 668, 669, 670, 671, 672, 673, 674, 675, 676, 677, 678, 679, 680, 681, 682, 683, 684, 685, 686, 687, 688, 689, 690, 691, 692, 693, 694, 695, 696, 697, 698, 699, 700, 701, 702, 703, 704, 705, 706, 707, 708, 709, 710, 711, 712, 713, 714, 715, 716, 717, 718, 719, 720, 721, 722, 723, 724, 725, 726, 727, 728, 729, 730, 731, 732, 733, 734, 735, 736, 737, 738, 739, 740, 741, 742, 743, 744, 745, 746, 747, 748, 749, 750, 751, 752, 753, 754, 755, 756, 757, 758, 759, 760, 761, 762, 763, 764, 765, 766, 767, 768, 769, 770, 771, 772, 773, 774, 775, 776, 777, 778, 779, 780, 781, 782, 783, 784, 785, 786, 787, 788, 789, 790, 791, 792, 793]","[154, 157, 194, 626, 629, 665]","[194, 665]","[105, 114, 138, 141, 152, 153, 154, 155, 157, 159, 164, 165, 176, 182, 191, 192, 194, 195, 196, 200, 204, 208, 209, 210, 211, 215, 226, 228, 241, 242, 243, 245, 248, 249, 250, 257, 261, 270, 271, 282, 287, 289, 291, 294, 296, 298, 306, 308, 309, 311, 314, 327, 333, 335, 337, 576, 585, 609, 612, 623, 624, 626, 627, 629, 631, 636, 637, 647, 653, 662, 663, 665, 666, 667, 671, 674, 678, 679, 680, 681, 690, 692, 705, 706, 707, 709, 711, 712, 713, 719, 721, 729, 730, 741, 746, 748, 750, 753, 755, 757, 764, 766, 767, 769, 772, 785, 791]","[194, 195, 665, 666]",[],7/6 successful match,True,[225],True,356,False,,0.8297872340425532,True,Joe's Travel Plaza ( Texaco ),Texaco
"E Modesto , 95355 Country Girl Truck Stop",2 209-574-0299 CA 99 Exit 223 ( Hatch Rd W - S 7th ),<U+25A1> O,Modesto,95355,Country Girl Truck Stop,209-574-0299,2006,Modesto,CA,,( Hatch Rd W - S 7th ),CA 99 Exit 223 ,Exit,223,False,,False,CA 99,,,,,"[227, 691]",[],"[227, 691]","[127, 227, 598, 691]","[103, 104, 105, 106, 107, 108, 109, 110, 111, 112, 113, 114, 115, 116, 117, 118, 119, 120, 121, 122, 123, 124, 125, 126, 127, 128, 129, 130, 131, 132, 133, 134, 135, 136, 137, 138, 139, 140, 141, 142, 143, 144, 145, 146, 147, 148, 149, 150, 151, 152, 153, 154, 155, 156, 157, 158, 159, 160, 161, 162, 163, 164, 165, 166, 167, 168, 169, 170, 171, 172, 173, 174, 175, 176, 177, 178, 179, 180, 181, 182, 183, 184, 185, 186, 187, 188, 189, 190, 191, 192, 193, 194, 195, 196, 197, 198, 199, 200, 201, 202, 203, 204, 205, 206, 207, 208, 209, 210, 211, 212, 213, 214, 215, 216, 217, 218, 219, 220, 221, 222, 223, 224, 225, 226, 227, 228, 229, 230, 231, 232, 233, 234, 235, 236, 237, 238, 239, 240, 241, 242, 243, 244, 245, 246, 247, 248, 249, 250, 251, 252, 253, 254, 255, 256, 257, 258, 259, 260, 261, 262, 263, 264, 265, 266, 267, 268, 269, 270, 271, 272, 273, 274, 275, 276, 277, 278, 279, 280, 281, 282, 283, 284, 285, 286, 287, 288, 289, 290, 291, 292, 293, 294, 295, 296, 297, 298, 299, 300, 301, 302, 303, 304, 305, 306, 307, 308, 309, 310, 311, 312, 313, 314, 315, 316, 317, 318, 319, 320, 321, 322, 323, 324, 325, 326, 327, 328, 329, 330, 331, 332, 333, 334, 335, 336, 337, 574, 575, 576, 577, 578, 579, 580, 581, 582, 583, 584, 585, 586, 587, 588, 589, 590, 591, 592, 593, 594, 595, 596, 597, 598, 599, 600, 601, 602, 603, 604, 605, 606, 607, 608, 609, 610, 611, 612, 613, 614, 615, 616, 617, 618, 619, 620, 621, 622, 623, 624, 625, 626, 627, 628, 629, 630, 631, 632, 633, 634, 635, 636, 637, 638, 639, 640, 641, 642, 643, 644, 645, 646, 647, 648, 649, 650, 651, 652, 653, 654, 655, 656, 657, 658, 659, 660, 661, 662, 663, 664, 665, 666, 667, 668, 669, 670, 671, 672, 673, 674, 675, 676, 677, 678, 679, 680, 681, 682, 683, 684, 685, 686, 687, 688, 689, 690, 691, 692, 693, 694, 695, 696, 697, 698, 699, 700, 701, 702, 703, 704, 705, 706, 707, 708, 709, 710, 711, 712, 713, 714, 715, 716, 717, 718, 719, 720, 721, 722, 723, 724, 725, 726, 727, 728, 729, 730, 731, 732, 733, 734, 735, 736, 737, 738, 739, 740, 741, 742, 743, 744, 745, 746, 747, 748, 749, 750, 751, 752, 753, 754, 755, 756, 757, 758, 759, 760, 761, 762, 763, 764, 765, 766, 767, 768, 769, 770, 771, 772, 773, 774, 775, 776, 777, 778, 779, 780, 781, 782, 783, 784, 785, 786, 787, 788, 789, 790, 791, 792, 793]","[10, 75, 103, 104, 106, 117, 118, 120, 127, 128, 129, 131, 133, 135, 136, 137, 139, 146, 147, 148, 149, 151, 158, 160, 162, 166, 173, 178, 179, 185, 190, 192, 198, 201, 203, 204, 206, 207, 212, 213, 214, 219, 223, 224, 225, 227, 230, 235, 237, 246, 247, 256, 259, 262, 263, 266, 268, 269, 271, 272, 278, 279, 284, 285, 288, 290, 292, 304, 306, 312, 316, 319, 320, 323, 324, 329, 332, 335, 495, 549, 574, 575, 577, 588, 589, 591, 598, 599, 600, 602, 604, 606, 607, 608, 610, 617, 618, 619, 620, 622, 625, 630, 632, 634, 638, 644, 649, 650, 656, 661, 663, 669, 673, 674, 676, 677, 682, 683, 684, 687, 688, 689, 691, 694, 699, 701, 710, 718, 722, 723, 727, 728, 730, 731, 737, 738, 743, 744, 747, 749, 751, 762, 764, 770, 774, 777, 778, 781, 782, 789, 791]",[],[],"[10, 75, 103, 104, 105, 106, 107, 108, 109, 110, 111, 112, 113, 114, 115, 116, 117, 118, 119, 120, 121, 122, 123, 124, 125, 126, 127, 128, 129, 130, 131, 132, 133, 134, 135, 136, 137, 138, 139, 140, 141, 142, 143, 144, 145, 146, 147, 148, 149, 150, 151, 152, 153, 154, 155, 156, 157, 158, 159, 160, 161, 162, 163, 164, 165, 166, 167, 168, 169, 170, 171, 172, 173, 174, 175, 176, 177, 178, 179, 180, 181, 182, 183, 184, 185, 186, 187, 188, 189, 190, 191, 192, 193, 194, 195, 196, 197, 198, 199, 200, 201, 202, 203, 204, 205, 206, 207, 208, 209, 210, 211, 212, 213, 214, 215, 216, 217, 218, 219, 220, 221, 222, 223, 224, 225, 226, 227, 228, 229, 230, 231, 232, 233, 234, 235, 236, 237, 238, 239, 240, 241, 242, 243, 244, 245, 246, 247, 248, 249, 250, 251, 252, 253, 254, 255, 256, 257, 258, 259, 260, 261, 262, 263, 264, 265, 266, 267, 268, 269, 270, 271, 272, 273, 274, 275, 276, 277, 278, 279, 280, 281, 282, 283, 284, 285, 286, 287, 288, 289, 290, 291, 292, 293, 294, 295, 296, 297, 298, 299, 300, 301, 302, 303, 304, 305, 306, 307, 308, 309, 310, 311, 312, 313, 314, 315, 316, 317, 318, 319, 320, 321, 322, 323, 324, 325, 326, 327, 328, 329, 330, 331, 332, 333, 334, 335, 336, 337, 495, 549, 574, 575, 576, 577, 578, 579, 580, 581, 582, 583, 584, 585, 586, 587, 588, 589, 590, 591, 592, 593, 594, 595, 596, 597, 598, 599, 600, 601, 602, 603, 604, 605, 606, 607, 608, 609, 610, 611, 612, 613, 614, 615, 616, 617, 618, 619, 620, 621, 622, 623, 624, 625, 626, 627, 628, 629, 630, 631, 632, 633, 634, 635, 636, 637, 638, 639, 640, 641, 642, 643, 644, 645, 646, 647, 648, 649, 650, 651, 652, 653, 654, 655, 656, 657, 658, 659, 660, 661, 662, 663, 664, 665, 666, 667, 668, 669, 670, 671, 672, 673, 674, 675, 676, 677, 678, 679, 680, 681, 682, 683, 684, 685, 686, 687, 688, 689, 690, 691, 692, 693, 694, 695, 696, 697, 698, 699, 700, 701, 702, 703, 704, 705, 706, 707, 708, 709, 710, 711, 712, 713, 714, 715, 716, 717, 718, 719, 720, 721, 722, 723, 724, 725, 726, 727, 728, 729, 730, 731, 732, 733, 734, 735, 736, 737, 738, 739, 740, 741, 742, 743, 744, 745, 746, 747, 748, 749, 750, 751, 752, 753, 754, 755, 756, 757, 758, 759, 760, 761, 762, 763, 764, 765, 766, 767, 768, 769, 770, 771, 772, 773, 774, 775, 776, 777, 778, 779, 780, 781, 782, 783, 784, 785, 786, 787, 788, 789, 790, 791, 792, 793]",True,[],"[103, 104, 105, 106, 107, 108, 109, 110, 111, 112, 113, 114, 115, 116, 117, 118, 119, 120, 121, 122, 123, 124, 125, 126, 127, 128, 129, 130, 131, 132, 133, 134, 135, 136, 137, 138, 139, 140, 141, 142, 143, 144, 145, 146, 147, 148, 149, 150, 151, 152, 153, 154, 155, 156, 157, 158, 159, 160, 161, 162, 163, 164, 165, 166, 167, 168, 169, 170, 171, 172, 173, 174, 175, 176, 177, 178, 179, 180, 181, 182, 183, 184, 185, 186, 187, 188, 189, 190, 191, 192, 193, 194, 195, 196, 197, 198, 199, 200, 201, 202, 203, 204, 205, 206, 207, 208, 209, 210, 211, 212, 213, 214, 215, 216, 217, 218, 219, 220, 221, 222, 223, 224, 225, 226, 227, 228, 229, 230, 231, 232, 233, 234, 235, 236, 237, 238, 239, 240, 241, 242, 243, 244, 245, 246, 247, 248, 249, 250, 251, 252, 253, 254, 255, 256, 257, 258, 259, 260, 261, 262, 263, 264, 265, 266, 267, 268, 269, 270, 271, 272, 273, 274, 275, 276, 277, 278, 279, 280, 281, 282, 283, 284, 285, 286, 287, 288, 289, 290, 291, 292, 293, 294, 295, 296, 297, 298, 299, 300, 301, 302, 303, 304, 305, 306, 307, 308, 309, 310, 311, 312, 313, 314, 315, 316, 317, 318, 319, 320, 321, 322, 323, 324, 325, 326, 327, 328, 329, 330, 331, 332, 333, 334, 335, 336, 337, 574, 575, 576, 577, 578, 579, 580, 581, 582, 583, 584, 585, 586, 587, 588, 589, 590, 591, 592, 593, 594, 595, 596, 597, 598, 599, 600, 601, 602, 603, 604, 605, 606, 607, 608, 609, 610, 611, 612, 613, 614, 615, 616, 617, 618, 619, 620, 621, 622, 623, 624, 625, 626, 627, 628, 629, 630, 631, 632, 633, 634, 635, 636, 637, 638, 639, 640, 641, 642, 643, 644, 645, 646, 647, 648, 649, 650, 651, 652, 653, 654, 655, 656, 657, 658, 659, 660, 661, 662, 663, 664, 665, 666, 667, 668, 669, 670, 671, 672, 673, 674, 675, 676, 677, 678, 679, 680, 681, 682, 683, 684, 685, 686, 687, 688, 689, 690, 691, 692, 693, 694, 695, 696, 697, 698, 699, 700, 701, 702, 703, 704, 705, 706, 707, 708, 709, 710, 711, 712, 713, 714, 715, 716, 717, 718, 719, 720, 721, 722, 723, 724, 725, 726, 727, 728, 729, 730, 731, 732, 733, 734, 735, 736, 737, 738, 739, 740, 741, 742, 743, 744, 745, 746, 747, 748, 749, 750, 751, 752, 753, 754, 755, 756, 757, 758, 759, 760, 761, 762, 763, 764, 765, 766, 767, 768, 769, 770, 771, 772, 773, 774, 775, 776, 777, 778, 779, 780, 781, 782, 783, 784, 785, 786, 787, 788, 789, 790, 791, 792, 793]","[227, 691]","[127, 227, 598, 691]","[10, 75, 103, 104, 106, 117, 118, 120, 127, 128, 129, 131, 133, 135, 136, 137, 139, 146, 147, 148, 149, 151, 158, 160, 162, 166, 173, 178, 179, 185, 190, 192, 198, 201, 203, 204, 206, 207, 212, 213, 214, 219, 223, 224, 225, 227, 230, 235, 237, 246, 247, 256, 259, 262, 263, 266, 268, 269, 271, 272, 278, 279, 284, 285, 288, 290, 292, 304, 306, 312, 316, 319, 320, 323, 324, 329, 332, 335, 495, 549, 574, 575, 577, 588, 589, 591, 598, 599, 600, 602, 604, 606, 607, 608, 610, 617, 618, 619, 620, 622, 625, 630, 632, 634, 638, 644, 649, 650, 656, 661, 663, 669, 673, 674, 676, 677, 682, 683, 684, 687, 688, 689, 691, 694, 699, 701, 710, 718, 722, 723, 727, 728, 730, 731, 737, 738, 743, 744, 747, 749, 751, 762, 764, 770, 774, 777, 778, 781, 782, 789, 791]",[],[],7/6 successful match,True,[368],True,357,False,,,,,
"E Modesto , 95355 Country Girl Truck Stop",209-574-0299 CA 99 Exit 223 ( Hatch Rd W - S 7th ),24 HRS MOO,Modesto,95355,Country Girl Truck Stop,209-574-0299,2007,Modesto,CA,,( Hatch Rd W - S 7th ),CA 99 Exit 223 ,Exit,223,False,,False,CA 99,,,,,"[227, 691]",[],"[227, 691]","[127, 227, 598, 691]","[103, 104, 105, 106, 107, 108, 109, 110, 111, 112, 113, 114, 115, 116, 117, 118, 119, 120, 121, 122, 123, 124, 125, 126, 127, 128, 129, 130, 131, 132, 133, 134, 135, 136, 137, 138, 139, 140, 141, 142, 143, 144, 145, 146, 147, 148, 149, 150, 151, 152, 153, 154, 155, 156, 157, 158, 159, 160, 161, 162, 163, 164, 165, 166, 167, 168, 169, 170, 171, 172, 173, 174, 175, 176, 177, 178, 179, 180, 181, 182, 183, 184, 185, 186, 187, 188, 189, 190, 191, 192, 193, 194, 195, 196, 197, 198, 199, 200, 201, 202, 203, 204, 205, 206, 207, 208, 209, 210, 211, 212, 213, 214, 215, 216, 217, 218, 219, 220, 221, 222, 223, 224, 225, 226, 227, 228, 229, 230, 231, 232, 233, 234, 235, 236, 237, 238, 239, 240, 241, 242, 243, 244, 245, 246, 247, 248, 249, 250, 251, 252, 253, 254, 255, 256, 257, 258, 259, 260, 261, 262, 263, 264, 265, 266, 267, 268, 269, 270, 271, 272, 273, 274, 275, 276, 277, 278, 279, 280, 281, 282, 283, 284, 285, 286, 287, 288, 289, 290, 291, 292, 293, 294, 295, 296, 297, 298, 299, 300, 301, 302, 303, 304, 305, 306, 307, 308, 309, 310, 311, 312, 313, 314, 315, 316, 317, 318, 319, 320, 321, 322, 323, 324, 325, 326, 327, 328, 329, 330, 331, 332, 333, 334, 335, 336, 337, 574, 575, 576, 577, 578, 579, 580, 581, 582, 583, 584, 585, 586, 587, 588, 589, 590, 591, 592, 593, 594, 595, 596, 597, 598, 599, 600, 601, 602, 603, 604, 605, 606, 607, 608, 609, 610, 611, 612, 613, 614, 615, 616, 617, 618, 619, 620, 621, 622, 623, 624, 625, 626, 627, 628, 629, 630, 631, 632, 633, 634, 635, 636, 637, 638, 639, 640, 641, 642, 643, 644, 645, 646, 647, 648, 649, 650, 651, 652, 653, 654, 655, 656, 657, 658, 659, 660, 661, 662, 663, 664, 665, 666, 667, 668, 669, 670, 671, 672, 673, 674, 675, 676, 677, 678, 679, 680, 681, 682, 683, 684, 685, 686, 687, 688, 689, 690, 691, 692, 693, 694, 695, 696, 697, 698, 699, 700, 701, 702, 703, 704, 705, 706, 707, 708, 709, 710, 711, 712, 713, 714, 715, 716, 717, 718, 719, 720, 721, 722, 723, 724, 725, 726, 727, 728, 729, 730, 731, 732, 733, 734, 735, 736, 737, 738, 739, 740, 741, 742, 743, 744, 745, 746, 747, 748, 749, 750, 751, 752, 753, 754, 755, 756, 757, 758, 759, 760, 761, 762, 763, 764, 765, 766, 767, 768, 769, 770, 771, 772, 773, 774, 775, 776, 777, 778, 779, 780, 781, 782, 783, 784, 785, 786, 787, 788, 789, 790, 791, 792, 793]","[10, 75, 103, 104, 106, 117, 118, 120, 127, 128, 129, 131, 133, 135, 136, 137, 139, 146, 147, 148, 149, 151, 158, 160, 162, 166, 173, 178, 179, 185, 190, 192, 198, 201, 203, 204, 206, 207, 212, 213, 214, 219, 223, 224, 225, 227, 230, 235, 237, 246, 247, 256, 259, 262, 263, 266, 268, 269, 271, 272, 278, 279, 284, 285, 288, 290, 292, 304, 306, 312, 316, 319, 320, 323, 324, 329, 332, 335, 495, 549, 574, 575, 577, 588, 589, 591, 598, 599, 600, 602, 604, 606, 607, 608, 610, 617, 618, 619, 620, 622, 625, 630, 632, 634, 638, 644, 649, 650, 656, 661, 663, 669, 673, 674, 676, 677, 682, 683, 684, 687, 688, 689, 691, 694, 699, 701, 710, 718, 722, 723, 727, 728, 730, 731, 737, 738, 743, 744, 747, 749, 751, 762, 764, 770, 774, 777, 778, 781, 782, 789, 791]",[],[],"[10, 75, 103, 104, 105, 106, 107, 108, 109, 110, 111, 112, 113, 114, 115, 116, 117, 118, 119, 120, 121, 122, 123, 124, 125, 126, 127, 128, 129, 130, 131, 132, 133, 134, 135, 136, 137, 138, 139, 140, 141, 142, 143, 144, 145, 146, 147, 148, 149, 150, 151, 152, 153, 154, 155, 156, 157, 158, 159, 160, 161, 162, 163, 164, 165, 166, 167, 168, 169, 170, 171, 172, 173, 174, 175, 176, 177, 178, 179, 180, 181, 182, 183, 184, 185, 186, 187, 188, 189, 190, 191, 192, 193, 194, 195, 196, 197, 198, 199, 200, 201, 202, 203, 204, 205, 206, 207, 208, 209, 210, 211, 212, 213, 214, 215, 216, 217, 218, 219, 220, 221, 222, 223, 224, 225, 226, 227, 228, 229, 230, 231, 232, 233, 234, 235, 236, 237, 238, 239, 240, 241, 242, 243, 244, 245, 246, 247, 248, 249, 250, 251, 252, 253, 254, 255, 256, 257, 258, 259, 260, 261, 262, 263, 264, 265, 266, 267, 268, 269, 270, 271, 272, 273, 274, 275, 276, 277, 278, 279, 280, 281, 282, 283, 284, 285, 286, 287, 288, 289, 290, 291, 292, 293, 294, 295, 296, 297, 298, 299, 300, 301, 302, 303, 304, 305, 306, 307, 308, 309, 310, 311, 312, 313, 314, 315, 316, 317, 318, 319, 320, 321, 322, 323, 324, 325, 326, 327, 328, 329, 330, 331, 332, 333, 334, 335, 336, 337, 495, 549, 574, 575, 576, 577, 578, 579, 580, 581, 582, 583, 584, 585, 586, 587, 588, 589, 590, 591, 592, 593, 594, 595, 596, 597, 598, 599, 600, 601, 602, 603, 604, 605, 606, 607, 608, 609, 610, 611, 612, 613, 614, 615, 616, 617, 618, 619, 620, 621, 622, 623, 624, 625, 626, 627, 628, 629, 630, 631, 632, 633, 634, 635, 636, 637, 638, 639, 640, 641, 642, 643, 644, 645, 646, 647, 648, 649, 650, 651, 652, 653, 654, 655, 656, 657, 658, 659, 660, 661, 662, 663, 664, 665, 666, 667, 668, 669, 670, 671, 672, 673, 674, 675, 676, 677, 678, 679, 680, 681, 682, 683, 684, 685, 686, 687, 688, 689, 690, 691, 692, 693, 694, 695, 696, 697, 698, 699, 700, 701, 702, 703, 704, 705, 706, 707, 708, 709, 710, 711, 712, 713, 714, 715, 716, 717, 718, 719, 720, 721, 722, 723, 724, 725, 726, 727, 728, 729, 730, 731, 732, 733, 734, 735, 736, 737, 738, 739, 740, 741, 742, 743, 744, 745, 746, 747, 748, 749, 750, 751, 752, 753, 754, 755, 756, 757, 758, 759, 760, 761, 762, 763, 764, 765, 766, 767, 768, 769, 770, 771, 772, 773, 774, 775, 776, 777, 778, 779, 780, 781, 782, 783, 784, 785, 786, 787, 788, 789, 790, 791, 792, 793]",True,[],"[103, 104, 105, 106, 107, 108, 109, 110, 111, 112, 113, 114, 115, 116, 117, 118, 119, 120, 121, 122, 123, 124, 125, 126, 127, 128, 129, 130, 131, 132, 133, 134, 135, 136, 137, 138, 139, 140, 141, 142, 143, 144, 145, 146, 147, 148, 149, 150, 151, 152, 153, 154, 155, 156, 157, 158, 159, 160, 161, 162, 163, 164, 165, 166, 167, 168, 169, 170, 171, 172, 173, 174, 175, 176, 177, 178, 179, 180, 181, 182, 183, 184, 185, 186, 187, 188, 189, 190, 191, 192, 193, 194, 195, 196, 197, 198, 199, 200, 201, 202, 203, 204, 205, 206, 207, 208, 209, 210, 211, 212, 213, 214, 215, 216, 217, 218, 219, 220, 221, 222, 223, 224, 225, 226, 227, 228, 229, 230, 231, 232, 233, 234, 235, 236, 237, 238, 239, 240, 241, 242, 243, 244, 245, 246, 247, 248, 249, 250, 251, 252, 253, 254, 255, 256, 257, 258, 259, 260, 261, 262, 263, 264, 265, 266, 267, 268, 269, 270, 271, 272, 273, 274, 275, 276, 277, 278, 279, 280, 281, 282, 283, 284, 285, 286, 287, 288, 289, 290, 291, 292, 293, 294, 295, 296, 297, 298, 299, 300, 301, 302, 303, 304, 305, 306, 307, 308, 309, 310, 311, 312, 313, 314, 315, 316, 317, 318, 319, 320, 321, 322, 323, 324, 325, 326, 327, 328, 329, 330, 331, 332, 333, 334, 335, 336, 337, 574, 575, 576, 577, 578, 579, 580, 581, 582, 583, 584, 585, 586, 587, 588, 589, 590, 591, 592, 593, 594, 595, 596, 597, 598, 599, 600, 601, 602, 603, 604, 605, 606, 607, 608, 609, 610, 611, 612, 613, 614, 615, 616, 617, 618, 619, 620, 621, 622, 623, 624, 625, 626, 627, 628, 629, 630, 631, 632, 633, 634, 635, 636, 637, 638, 639, 640, 641, 642, 643, 644, 645, 646, 647, 648, 649, 650, 651, 652, 653, 654, 655, 656, 657, 658, 659, 660, 661, 662, 663, 664, 665, 666, 667, 668, 669, 670, 671, 672, 673, 674, 675, 676, 677, 678, 679, 680, 681, 682, 683, 684, 685, 686, 687, 688, 689, 690, 691, 692, 693, 694, 695, 696, 697, 698, 699, 700, 701, 702, 703, 704, 705, 706, 707, 708, 709, 710, 711, 712, 713, 714, 715, 716, 717, 718, 719, 720, 721, 722, 723, 724, 725, 726, 727, 728, 729, 730, 731, 732, 733, 734, 735, 736, 737, 738, 739, 740, 741, 742, 743, 744, 745, 746, 747, 748, 749, 750, 751, 752, 753, 754, 755, 756, 757, 758, 759, 760, 761, 762, 763, 764, 765, 766, 767, 768, 769, 770, 771, 772, 773, 774, 775, 776, 777, 778, 779, 780, 781, 782, 783, 784, 785, 786, 787, 788, 789, 790, 791, 792, 793]","[227, 691]","[127, 227, 598, 691]","[10, 75, 103, 104, 106, 117, 118, 120, 127, 128, 129, 131, 133, 135, 136, 137, 139, 146, 147, 148, 149, 151, 158, 160, 162, 166, 173, 178, 179, 185, 190, 192, 198, 201, 203, 204, 206, 207, 212, 213, 214, 219, 223, 224, 225, 227, 230, 235, 237, 246, 247, 256, 259, 262, 263, 266, 268, 269, 271, 272, 278, 279, 284, 285, 288, 290, 292, 304, 306, 312, 316, 319, 320, 323, 324, 329, 332, 335, 495, 549, 574, 575, 577, 588, 589, 591, 598, 599, 600, 602, 604, 606, 607, 608, 610, 617, 618, 619, 620, 622, 625, 630, 632, 634, 638, 644, 649, 650, 656, 661, 663, 669, 673, 674, 676, 677, 682, 683, 684, 687, 688, 689, 691, 694, 699, 701, 710, 718, 722, 723, 727, 728, 730, 731, 737, 738, 743, 744, 747, 749, 751, 762, 764, 770, 774, 777, 778, 781, 782, 789, 791]",[],[],7/6 successful match,True,[368],True,357,False,,1.0,True,Country Girl Truck Stop,
"Modesto , 95355 Country Girl Truck Stop",2 209-574-0299 CA 99 Exit 223 ( Hatch Rd W - S 7th ),HAS 24 M +10 <U+25A1>,Modesto,95355,Country Girl Truck Stop,209-574-0299,2008,Modesto,CA,,( Hatch Rd W - S 7th ),CA 99 Exit 223 ,Exit,223,False,,False,CA 99,,,,,"[227, 691]",[],"[227, 691]","[127, 227, 598, 691]","[103, 104, 105, 106, 107, 108, 109, 110, 111, 112, 113, 114, 115, 116, 117, 118, 119, 120, 121, 122, 123, 124, 125, 126, 127, 128, 129, 130, 131, 132, 133, 134, 135, 136, 137, 138, 139, 140, 141, 142, 143, 144, 145, 146, 147, 148, 149, 150, 151, 152, 153, 154, 155, 156, 157, 158, 159, 160, 161, 162, 163, 164, 165, 166, 167, 168, 169, 170, 171, 172, 173, 174, 175, 176, 177, 178, 179, 180, 181, 182, 183, 184, 185, 186, 187, 188, 189, 190, 191, 192, 193, 194, 195, 196, 197, 198, 199, 200, 201, 202, 203, 204, 205, 206, 207, 208, 209, 210, 211, 212, 213, 214, 215, 216, 217, 218, 219, 220, 221, 222, 223, 224, 225, 226, 227, 228, 229, 230, 231, 232, 233, 234, 235, 236, 237, 238, 239, 240, 241, 242, 243, 244, 245, 246, 247, 248, 249, 250, 251, 252, 253, 254, 255, 256, 257, 258, 259, 260, 261, 262, 263, 264, 265, 266, 267, 268, 269, 270, 271, 272, 273, 274, 275, 276, 277, 278, 279, 280, 281, 282, 283, 284, 285, 286, 287, 288, 289, 290, 291, 292, 293, 294, 295, 296, 297, 298, 299, 300, 301, 302, 303, 304, 305, 306, 307, 308, 309, 310, 311, 312, 313, 314, 315, 316, 317, 318, 319, 320, 321, 322, 323, 324, 325, 326, 327, 328, 329, 330, 331, 332, 333, 334, 335, 336, 337, 574, 575, 576, 577, 578, 579, 580, 581, 582, 583, 584, 585, 586, 587, 588, 589, 590, 591, 592, 593, 594, 595, 596, 597, 598, 599, 600, 601, 602, 603, 604, 605, 606, 607, 608, 609, 610, 611, 612, 613, 614, 615, 616, 617, 618, 619, 620, 621, 622, 623, 624, 625, 626, 627, 628, 629, 630, 631, 632, 633, 634, 635, 636, 637, 638, 639, 640, 641, 642, 643, 644, 645, 646, 647, 648, 649, 650, 651, 652, 653, 654, 655, 656, 657, 658, 659, 660, 661, 662, 663, 664, 665, 666, 667, 668, 669, 670, 671, 672, 673, 674, 675, 676, 677, 678, 679, 680, 681, 682, 683, 684, 685, 686, 687, 688, 689, 690, 691, 692, 693, 694, 695, 696, 697, 698, 699, 700, 701, 702, 703, 704, 705, 706, 707, 708, 709, 710, 711, 712, 713, 714, 715, 716, 717, 718, 719, 720, 721, 722, 723, 724, 725, 726, 727, 728, 729, 730, 731, 732, 733, 734, 735, 736, 737, 738, 739, 740, 741, 742, 743, 744, 745, 746, 747, 748, 749, 750, 751, 752, 753, 754, 755, 756, 757, 758, 759, 760, 761, 762, 763, 764, 765, 766, 767, 768, 769, 770, 771, 772, 773, 774, 775, 776, 777, 778, 779, 780, 781, 782, 783, 784, 785, 786, 787, 788, 789, 790, 791, 792, 793]","[10, 75, 103, 104, 106, 117, 118, 120, 127, 128, 129, 131, 133, 135, 136, 137, 139, 146, 147, 148, 149, 151, 158, 160, 162, 166, 173, 178, 179, 185, 190, 192, 198, 201, 203, 204, 206, 207, 212, 213, 214, 219, 223, 224, 225, 227, 230, 235, 237, 246, 247, 256, 259, 262, 263, 266, 268, 269, 271, 272, 278, 279, 284, 285, 288, 290, 292, 304, 306, 312, 316, 319, 320, 323, 324, 329, 332, 335, 495, 549, 574, 575, 577, 588, 589, 591, 598, 599, 600, 602, 604, 606, 607, 608, 610, 617, 618, 619, 620, 622, 625, 630, 632, 634, 638, 644, 649, 650, 656, 661, 663, 669, 673, 674, 676, 677, 682, 683, 684, 687, 688, 689, 691, 694, 699, 701, 710, 718, 722, 723, 727, 728, 730, 731, 737, 738, 743, 744, 747, 749, 751, 762, 764, 770, 774, 777, 778, 781, 782, 789, 791]",[],[],"[10, 75, 103, 104, 105, 106, 107, 108, 109, 110, 111, 112, 113, 114, 115, 116, 117, 118, 119, 120, 121, 122, 123, 124, 125, 126, 127, 128, 129, 130, 131, 132, 133, 134, 135, 136, 137, 138, 139, 140, 141, 142, 143, 144, 145, 146, 147, 148, 149, 150, 151, 152, 153, 154, 155, 156, 157, 158, 159, 160, 161, 162, 163, 164, 165, 166, 167, 168, 169, 170, 171, 172, 173, 174, 175, 176, 177, 178, 179, 180, 181, 182, 183, 184, 185, 186, 187, 188, 189, 190, 191, 192, 193, 194, 195, 196, 197, 198, 199, 200, 201, 202, 203, 204, 205, 206, 207, 208, 209, 210, 211, 212, 213, 214, 215, 216, 217, 218, 219, 220, 221, 222, 223, 224, 225, 226, 227, 228, 229, 230, 231, 232, 233, 234, 235, 236, 237, 238, 239, 240, 241, 242, 243, 244, 245, 246, 247, 248, 249, 250, 251, 252, 253, 254, 255, 256, 257, 258, 259, 260, 261, 262, 263, 264, 265, 266, 267, 268, 269, 270, 271, 272, 273, 274, 275, 276, 277, 278, 279, 280, 281, 282, 283, 284, 285, 286, 287, 288, 289, 290, 291, 292, 293, 294, 295, 296, 297, 298, 299, 300, 301, 302, 303, 304, 305, 306, 307, 308, 309, 310, 311, 312, 313, 314, 315, 316, 317, 318, 319, 320, 321, 322, 323, 324, 325, 326, 327, 328, 329, 330, 331, 332, 333, 334, 335, 336, 337, 495, 549, 574, 575, 576, 577, 578, 579, 580, 581, 582, 583, 584, 585, 586, 587, 588, 589, 590, 591, 592, 593, 594, 595, 596, 597, 598, 599, 600, 601, 602, 603, 604, 605, 606, 607, 608, 609, 610, 611, 612, 613, 614, 615, 616, 617, 618, 619, 620, 621, 622, 623, 624, 625, 626, 627, 628, 629, 630, 631, 632, 633, 634, 635, 636, 637, 638, 639, 640, 641, 642, 643, 644, 645, 646, 647, 648, 649, 650, 651, 652, 653, 654, 655, 656, 657, 658, 659, 660, 661, 662, 663, 664, 665, 666, 667, 668, 669, 670, 671, 672, 673, 674, 675, 676, 677, 678, 679, 680, 681, 682, 683, 684, 685, 686, 687, 688, 689, 690, 691, 692, 693, 694, 695, 696, 697, 698, 699, 700, 701, 702, 703, 704, 705, 706, 707, 708, 709, 710, 711, 712, 713, 714, 715, 716, 717, 718, 719, 720, 721, 722, 723, 724, 725, 726, 727, 728, 729, 730, 731, 732, 733, 734, 735, 736, 737, 738, 739, 740, 741, 742, 743, 744, 745, 746, 747, 748, 749, 750, 751, 752, 753, 754, 755, 756, 757, 758, 759, 760, 761, 762, 763, 764, 765, 766, 767, 768, 769, 770, 771, 772, 773, 774, 775, 776, 777, 778, 779, 780, 781, 782, 783, 784, 785, 786, 787, 788, 789, 790, 791, 792, 793]",True,[],"[103, 104, 105, 106, 107, 108, 109, 110, 111, 112, 113, 114, 115, 116, 117, 118, 119, 120, 121, 122, 123, 124, 125, 126, 127, 128, 129, 130, 131, 132, 133, 134, 135, 136, 137, 138, 139, 140, 141, 142, 143, 144, 145, 146, 147, 148, 149, 150, 151, 152, 153, 154, 155, 156, 157, 158, 159, 160, 161, 162, 163, 164, 165, 166, 167, 168, 169, 170, 171, 172, 173, 174, 175, 176, 177, 178, 179, 180, 181, 182, 183, 184, 185, 186, 187, 188, 189, 190, 191, 192, 193, 194, 195, 196, 197, 198, 199, 200, 201, 202, 203, 204, 205, 206, 207, 208, 209, 210, 211, 212, 213, 214, 215, 216, 217, 218, 219, 220, 221, 222, 223, 224, 225, 226, 227, 228, 229, 230, 231, 232, 233, 234, 235, 236, 237, 238, 239, 240, 241, 242, 243, 244, 245, 246, 247, 248, 249, 250, 251, 252, 253, 254, 255, 256, 257, 258, 259, 260, 261, 262, 263, 264, 265, 266, 267, 268, 269, 270, 271, 272, 273, 274, 275, 276, 277, 278, 279, 280, 281, 282, 283, 284, 285, 286, 287, 288, 289, 290, 291, 292, 293, 294, 295, 296, 297, 298, 299, 300, 301, 302, 303, 304, 305, 306, 307, 308, 309, 310, 311, 312, 313, 314, 315, 316, 317, 318, 319, 320, 321, 322, 323, 324, 325, 326, 327, 328, 329, 330, 331, 332, 333, 334, 335, 336, 337, 574, 575, 576, 577, 578, 579, 580, 581, 582, 583, 584, 585, 586, 587, 588, 589, 590, 591, 592, 593, 594, 595, 596, 597, 598, 599, 600, 601, 602, 603, 604, 605, 606, 607, 608, 609, 610, 611, 612, 613, 614, 615, 616, 617, 618, 619, 620, 621, 622, 623, 624, 625, 626, 627, 628, 629, 630, 631, 632, 633, 634, 635, 636, 637, 638, 639, 640, 641, 642, 643, 644, 645, 646, 647, 648, 649, 650, 651, 652, 653, 654, 655, 656, 657, 658, 659, 660, 661, 662, 663, 664, 665, 666, 667, 668, 669, 670, 671, 672, 673, 674, 675, 676, 677, 678, 679, 680, 681, 682, 683, 684, 685, 686, 687, 688, 689, 690, 691, 692, 693, 694, 695, 696, 697, 698, 699, 700, 701, 702, 703, 704, 705, 706, 707, 708, 709, 710, 711, 712, 713, 714, 715, 716, 717, 718, 719, 720, 721, 722, 723, 724, 725, 726, 727, 728, 729, 730, 731, 732, 733, 734, 735, 736, 737, 738, 739, 740, 741, 742, 743, 744, 745, 746, 747, 748, 749, 750, 751, 752, 753, 754, 755, 756, 757, 758, 759, 760, 761, 762, 763, 764, 765, 766, 767, 768, 769, 770, 771, 772, 773, 774, 775, 776, 777, 778, 779, 780, 781, 782, 783, 784, 785, 786, 787, 788, 789, 790, 791, 792, 793]","[227, 691]","[127, 227, 598, 691]","[10, 75, 103, 104, 106, 117, 118, 120, 127, 128, 129, 131, 133, 135, 136, 137, 139, 146, 147, 148, 149, 151, 158, 160, 162, 166, 173, 178, 179, 185, 190, 192, 198, 201, 203, 204, 206, 207, 212, 213, 214, 219, 223, 224, 225, 227, 230, 235, 237, 246, 247, 256, 259, 262, 263, 266, 268, 269, 271, 272, 278, 279, 284, 285, 288, 290, 292, 304, 306, 312, 316, 319, 320, 323, 324, 329, 332, 335, 495, 549, 574, 575, 577, 588, 589, 591, 598, 599, 600, 602, 604, 606, 607, 608, 610, 617, 618, 619, 620, 622, 625, 630, 632, 634, 638, 644, 649, 650, 656, 661, 663, 669, 673, 674, 676, 677, 682, 683, 684, 687, 688, 689, 691, 694, 699, 701, 710, 718, 722, 723, 727, 728, 730, 731, 737, 738, 743, 744, 747, 749, 751, 762, 764, 770, 774, 777, 778, 781, 782, 789, 791]",[],[],7/6 successful match,True,[368],True,357,False,,1.0,True,Country Girl Truck Stop,
E Modesto ( 95355 ) Modesto Truck Plaza,209-574-0299 CA 99 Exit 223 ( Hatch Rd W - S 7th ),<U+2610>,Modesto,95355,Modesto Truck Plaza,209-574-0299,2014,Modesto,CA,,( Hatch Rd W - S 7th ),CA 99 Exit 223 ,Exit,223,False,,False,CA 99,,,,,"[227, 691]",[],"[227, 691]","[127, 227, 598, 691]","[103, 104, 105, 106, 107, 108, 109, 110, 111, 112, 113, 114, 115, 116, 117, 118, 119, 120, 121, 122, 123, 124, 125, 126, 127, 128, 129, 130, 131, 132, 133, 134, 135, 136, 137, 138, 139, 140, 141, 142, 143, 144, 145, 146, 147, 148, 149, 150, 151, 152, 153, 154, 155, 156, 157, 158, 159, 160, 161, 162, 163, 164, 165, 166, 167, 168, 169, 170, 171, 172, 173, 174, 175, 176, 177, 178, 179, 180, 181, 182, 183, 184, 185, 186, 187, 188, 189, 190, 191, 192, 193, 194, 195, 196, 197, 198, 199, 200, 201, 202, 203, 204, 205, 206, 207, 208, 209, 210, 211, 212, 213, 214, 215, 216, 217, 218, 219, 220, 221, 222, 223, 224, 225, 226, 227, 228, 229, 230, 231, 232, 233, 234, 235, 236, 237, 238, 239, 240, 241, 242, 243, 244, 245, 246, 247, 248, 249, 250, 251, 252, 253, 254, 255, 256, 257, 258, 259, 260, 261, 262, 263, 264, 265, 266, 267, 268, 269, 270, 271, 272, 273, 274, 275, 276, 277, 278, 279, 280, 281, 282, 283, 284, 285, 286, 287, 288, 289, 290, 291, 292, 293, 294, 295, 296, 297, 298, 299, 300, 301, 302, 303, 304, 305, 306, 307, 308, 309, 310, 311, 312, 313, 314, 315, 316, 317, 318, 319, 320, 321, 322, 323, 324, 325, 326, 327, 328, 329, 330, 331, 332, 333, 334, 335, 336, 337, 574, 575, 576, 577, 578, 579, 580, 581, 582, 583, 584, 585, 586, 587, 588, 589, 590, 591, 592, 593, 594, 595, 596, 597, 598, 599, 600, 601, 602, 603, 604, 605, 606, 607, 608, 609, 610, 611, 612, 613, 614, 615, 616, 617, 618, 619, 620, 621, 622, 623, 624, 625, 626, 627, 628, 629, 630, 631, 632, 633, 634, 635, 636, 637, 638, 639, 640, 641, 642, 643, 644, 645, 646, 647, 648, 649, 650, 651, 652, 653, 654, 655, 656, 657, 658, 659, 660, 661, 662, 663, 664, 665, 666, 667, 668, 669, 670, 671, 672, 673, 674, 675, 676, 677, 678, 679, 680, 681, 682, 683, 684, 685, 686, 687, 688, 689, 690, 691, 692, 693, 694, 695, 696, 697, 698, 699, 700, 701, 702, 703, 704, 705, 706, 707, 708, 709, 710, 711, 712, 713, 714, 715, 716, 717, 718, 719, 720, 721, 722, 723, 724, 725, 726, 727, 728, 729, 730, 731, 732, 733, 734, 735, 736, 737, 738, 739, 740, 741, 742, 743, 744, 745, 746, 747, 748, 749, 750, 751, 752, 753, 754, 755, 756, 757, 758, 759, 760, 761, 762, 763, 764, 765, 766, 767, 768, 769, 770, 771, 772, 773, 774, 775, 776, 777, 778, 779, 780, 781, 782, 783, 784, 785, 786, 787, 788, 789, 790, 791, 792, 793]","[10, 75, 103, 104, 106, 117, 118, 120, 127, 128, 129, 131, 133, 135, 136, 137, 139, 146, 147, 148, 149, 151, 158, 160, 162, 166, 173, 178, 179, 185, 190, 192, 198, 201, 203, 204, 206, 207, 212, 213, 214, 219, 223, 224, 225, 227, 230, 235, 237, 246, 247, 256, 259, 262, 263, 266, 268, 269, 271, 272, 278, 279, 284, 285, 288, 290, 292, 304, 306, 312, 316, 319, 320, 323, 324, 329, 332, 335, 495, 549, 574, 575, 577, 588, 589, 591, 598, 599, 600, 602, 604, 606, 607, 608, 610, 617, 618, 619, 620, 622, 625, 630, 632, 634, 638, 644, 649, 650, 656, 661, 663, 669, 673, 674, 676, 677, 682, 683, 684, 687, 688, 689, 691, 694, 699, 701, 710, 718, 722, 723, 727, 728, 730, 731, 737, 738, 743, 744, 747, 749, 751, 762, 764, 770, 774, 777, 778, 781, 782, 789, 791]",[],"[227, 691]","[10, 75, 103, 104, 105, 106, 107, 108, 109, 110, 111, 112, 113, 114, 115, 116, 117, 118, 119, 120, 121, 122, 123, 124, 125, 126, 127, 128, 129, 130, 131, 132, 133, 134, 135, 136, 137, 138, 139, 140, 141, 142, 143, 144, 145, 146, 147, 148, 149, 150, 151, 152, 153, 154, 155, 156, 157, 158, 159, 160, 161, 162, 163, 164, 165, 166, 167, 168, 169, 170, 171, 172, 173, 174, 175, 176, 177, 178, 179, 180, 181, 182, 183, 184, 185, 186, 187, 188, 189, 190, 191, 192, 193, 194, 195, 196, 197, 198, 199, 200, 201, 202, 203, 204, 205, 206, 207, 208, 209, 210, 211, 212, 213, 214, 215, 216, 217, 218, 219, 220, 221, 222, 223, 224, 225, 226, 227, 228, 229, 230, 231, 232, 233, 234, 235, 236, 237, 238, 239, 240, 241, 242, 243, 244, 245, 246, 247, 248, 249, 250, 251, 252, 253, 254, 255, 256, 257, 258, 259, 260, 261, 262, 263, 264, 265, 266, 267, 268, 269, 270, 271, 272, 273, 274, 275, 276, 277, 278, 279, 280, 281, 282, 283, 284, 285, 286, 287, 288, 289, 290, 291, 292, 293, 294, 295, 296, 297, 298, 299, 300, 301, 302, 303, 304, 305, 306, 307, 308, 309, 310, 311, 312, 313, 314, 315, 316, 317, 318, 319, 320, 321, 322, 323, 324, 325, 326, 327, 328, 329, 330, 331, 332, 333, 334, 335, 336, 337, 495, 549, 574, 575, 576, 577, 578, 579, 580, 581, 582, 583, 584, 585, 586, 587, 588, 589, 590, 591, 592, 593, 594, 595, 596, 597, 598, 599, 600, 601, 602, 603, 604, 605, 606, 607, 608, 609, 610, 611, 612, 613, 614, 615, 616, 617, 618, 619, 620, 621, 622, 623, 624, 625, 626, 627, 628, 629, 630, 631, 632, 633, 634, 635, 636, 637, 638, 639, 640, 641, 642, 643, 644, 645, 646, 647, 648, 649, 650, 651, 652, 653, 654, 655, 656, 657, 658, 659, 660, 661, 662, 663, 664, 665, 666, 667, 668, 669, 670, 671, 672, 673, 674, 675, 676, 677, 678, 679, 680, 681, 682, 683, 684, 685, 686, 687, 688, 689, 690, 691, 692, 693, 694, 695, 696, 697, 698, 699, 700, 701, 702, 703, 704, 705, 706, 707, 708, 709, 710, 711, 712, 713, 714, 715, 716, 717, 718, 719, 720, 721, 722, 723, 724, 725, 726, 727, 728, 729, 730, 731, 732, 733, 734, 735, 736, 737, 738, 739, 740, 741, 742, 743, 744, 745, 746, 747, 748, 749, 750, 751, 752, 753, 754, 755, 756, 757, 758, 759, 760, 761, 762, 763, 764, 765, 766, 767, 768, 769, 770, 771, 772, 773, 774, 775, 776, 777, 778, 779, 780, 781, 782, 783, 784, 785, 786, 787, 788, 789, 790, 791, 792, 793]",True,[],"[103, 104, 105, 106, 107, 108, 109, 110, 111, 112, 113, 114, 115, 116, 117, 118, 119, 120, 121, 122, 123, 124, 125, 126, 127, 128, 129, 130, 131, 132, 133, 134, 135, 136, 137, 138, 139, 140, 141, 142, 143, 144, 145, 146, 147, 148, 149, 150, 151, 152, 153, 154, 155, 156, 157, 158, 159, 160, 161, 162, 163, 164, 165, 166, 167, 168, 169, 170, 171, 172, 173, 174, 175, 176, 177, 178, 179, 180, 181, 182, 183, 184, 185, 186, 187, 188, 189, 190, 191, 192, 193, 194, 195, 196, 197, 198, 199, 200, 201, 202, 203, 204, 205, 206, 207, 208, 209, 210, 211, 212, 213, 214, 215, 216, 217, 218, 219, 220, 221, 222, 223, 224, 225, 226, 227, 228, 229, 230, 231, 232, 233, 234, 235, 236, 237, 238, 239, 240, 241, 242, 243, 244, 245, 246, 247, 248, 249, 250, 251, 252, 253, 254, 255, 256, 257, 258, 259, 260, 261, 262, 263, 264, 265, 266, 267, 268, 269, 270, 271, 272, 273, 274, 275, 276, 277, 278, 279, 280, 281, 282, 283, 284, 285, 286, 287, 288, 289, 290, 291, 292, 293, 294, 295, 296, 297, 298, 299, 300, 301, 302, 303, 304, 305, 306, 307, 308, 309, 310, 311, 312, 313, 314, 315, 316, 317, 318, 319, 320, 321, 322, 323, 324, 325, 326, 327, 328, 329, 330, 331, 332, 333, 334, 335, 336, 337, 574, 575, 576, 577, 578, 579, 580, 581, 582, 583, 584, 585, 586, 587, 588, 589, 590, 591, 592, 593, 594, 595, 596, 597, 598, 599, 600, 601, 602, 603, 604, 605, 606, 607, 608, 609, 610, 611, 612, 613, 614, 615, 616, 617, 618, 619, 620, 621, 622, 623, 624, 625, 626, 627, 628, 629, 630, 631, 632, 633, 634, 635, 636, 637, 638, 639, 640, 641, 642, 643, 644, 645, 646, 647, 648, 649, 650, 651, 652, 653, 654, 655, 656, 657, 658, 659, 660, 661, 662, 663, 664, 665, 666, 667, 668, 669, 670, 671, 672, 673, 674, 675, 676, 677, 678, 679, 680, 681, 682, 683, 684, 685, 686, 687, 688, 689, 690, 691, 692, 693, 694, 695, 696, 697, 698, 699, 700, 701, 702, 703, 704, 705, 706, 707, 708, 709, 710, 711, 712, 713, 714, 715, 716, 717, 718, 719, 720, 721, 722, 723, 724, 725, 726, 727, 728, 729, 730, 731, 732, 733, 734, 735, 736, 737, 738, 739, 740, 741, 742, 743, 744, 745, 746, 747, 748, 749, 750, 751, 752, 753, 754, 755, 756, 757, 758, 759, 760, 761, 762, 763, 764, 765, 766, 767, 768, 769, 770, 771, 772, 773, 774, 775, 776, 777, 778, 779, 780, 781, 782, 783, 784, 785, 786, 787, 788, 789, 790, 791, 792, 793]","[227, 691]","[127, 227, 598, 691]","[10, 75, 103, 104, 106, 117, 118, 120, 127, 128, 129, 131, 133, 135, 136, 137, 139, 146, 147, 148, 149, 151, 158, 160, 162, 166, 173, 178, 179, 185, 190, 192, 198, 201, 203, 204, 206, 207, 212, 213, 214, 219, 223, 224, 225, 227, 230, 235, 237, 246, 247, 256, 259, 262, 263, 266, 268, 269, 271, 272, 278, 279, 284, 285, 288, 290, 292, 304, 306, 312, 316, 319, 320, 323, 324, 329, 332, 335, 495, 549, 574, 575, 577, 588, 589, 591, 598, 599, 600, 602, 604, 606, 607, 608, 610, 617, 618, 619, 620, 622, 625, 630, 632, 634, 638, 644, 649, 650, 656, 661, 663, 669, 673, 674, 676, 677, 682, 683, 684, 687, 688, 689, 691, 694, 699, 701, 710, 718, 722, 723, 727, 728, 730, 731, 737, 738, 743, 744, 747, 749, 751, 762, 764, 770, 774, 777, 778, 781, 782, 789, 791]","[227, 691]",[],7/6 successful match,True,[368],True,357,False,,0.23809523809523808,True,Country Girl Truck Stop,
E Modesto ( 95355 ) Modesto Truck Plaza <U+2610>,2 209-574-0299 CA 99 Exit (,<U+2610> S,Modesto,95355,Modesto Truck Plaza <U+2610>,209-574-0299,2015,Modesto,CA,,(,CA 99 Exit ,Exit,,False,,False,CA 99,,,,,"[227, 691]",[],"[227, 691]",[],"[103, 104, 105, 106, 107, 108, 109, 110, 111, 112, 113, 114, 115, 116, 117, 118, 119, 120, 121, 122, 123, 124, 125, 126, 127, 128, 129, 130, 131, 132, 133, 134, 135, 136, 137, 138, 139, 140, 141, 142, 143, 144, 145, 146, 147, 148, 149, 150, 151, 152, 153, 154, 155, 156, 157, 158, 159, 160, 161, 162, 163, 164, 165, 166, 167, 168, 169, 170, 171, 172, 173, 174, 175, 176, 177, 178, 179, 180, 181, 182, 183, 184, 185, 186, 187, 188, 189, 190, 191, 192, 193, 194, 195, 196, 197, 198, 199, 200, 201, 202, 203, 204, 205, 206, 207, 208, 209, 210, 211, 212, 213, 214, 215, 216, 217, 218, 219, 220, 221, 222, 223, 224, 225, 226, 227, 228, 229, 230, 231, 232, 233, 234, 235, 236, 237, 238, 239, 240, 241, 242, 243, 244, 245, 246, 247, 248, 249, 250, 251, 252, 253, 254, 255, 256, 257, 258, 259, 260, 261, 262, 263, 264, 265, 266, 267, 268, 269, 270, 271, 272, 273, 274, 275, 276, 277, 278, 279, 280, 281, 282, 283, 284, 285, 286, 287, 288, 289, 290, 291, 292, 293, 294, 295, 296, 297, 298, 299, 300, 301, 302, 303, 304, 305, 306, 307, 308, 309, 310, 311, 312, 313, 314, 315, 316, 317, 318, 319, 320, 321, 322, 323, 324, 325, 326, 327, 328, 329, 330, 331, 332, 333, 334, 335, 336, 337, 574, 575, 576, 577, 578, 579, 580, 581, 582, 583, 584, 585, 586, 587, 588, 589, 590, 591, 592, 593, 594, 595, 596, 597, 598, 599, 600, 601, 602, 603, 604, 605, 606, 607, 608, 609, 610, 611, 612, 613, 614, 615, 616, 617, 618, 619, 620, 621, 622, 623, 624, 625, 626, 627, 628, 629, 630, 631, 632, 633, 634, 635, 636, 637, 638, 639, 640, 641, 642, 643, 644, 645, 646, 647, 648, 649, 650, 651, 652, 653, 654, 655, 656, 657, 658, 659, 660, 661, 662, 663, 664, 665, 666, 667, 668, 669, 670, 671, 672, 673, 674, 675, 676, 677, 678, 679, 680, 681, 682, 683, 684, 685, 686, 687, 688, 689, 690, 691, 692, 693, 694, 695, 696, 697, 698, 699, 700, 701, 702, 703, 704, 705, 706, 707, 708, 709, 710, 711, 712, 713, 714, 715, 716, 717, 718, 719, 720, 721, 722, 723, 724, 725, 726, 727, 728, 729, 730, 731, 732, 733, 734, 735, 736, 737, 738, 739, 740, 741, 742, 743, 744, 745, 746, 747, 748, 749, 750, 751, 752, 753, 754, 755, 756, 757, 758, 759, 760, 761, 762, 763, 764, 765, 766, 767, 768, 769, 770, 771, 772, 773, 774, 775, 776, 777, 778, 779, 780, 781, 782, 783, 784, 785, 786, 787, 788, 789, 790, 791, 792, 793]","[10, 75, 103, 104, 106, 117, 118, 120, 127, 128, 129, 131, 133, 135, 136, 137, 139, 146, 147, 148, 149, 151, 158, 160, 162, 166, 173, 178, 179, 185, 190, 192, 198, 201, 203, 204, 206, 207, 212, 213, 214, 219, 223, 224, 225, 227, 230, 235, 237, 246, 247, 256, 259, 262, 263, 266, 268, 269, 271, 272, 278, 279, 284, 285, 288, 290, 292, 304, 306, 312, 316, 319, 320, 323, 324, 329, 332, 335, 495, 549, 574, 575, 577, 588, 589, 591, 598, 599, 600, 602, 604, 606, 607, 608, 610, 617, 618, 619, 620, 622, 625, 630, 632, 634, 638, 644, 649, 650, 656, 661, 663, 669, 673, 674, 676, 677, 682, 683, 684, 687, 688, 689, 691, 694, 699, 701, 710, 718, 722, 723, 727, 728, 730, 731, 737, 738, 743, 744, 747, 749, 751, 762, 764, 770, 774, 777, 778, 781, 782, 789, 791]",[],"[227, 691]","[10, 75, 103, 104, 105, 106, 107, 108, 109, 110, 111, 112, 113, 114, 115, 116, 117, 118, 119, 120, 121, 122, 123, 124, 125, 126, 127, 128, 129, 130, 131, 132, 133, 134, 135, 136, 137, 138, 139, 140, 141, 142, 143, 144, 145, 146, 147, 148, 149, 150, 151, 152, 153, 154, 155, 156, 157, 158, 159, 160, 161, 162, 163, 164, 165, 166, 167, 168, 169, 170, 171, 172, 173, 174, 175, 176, 177, 178, 179, 180, 181, 182, 183, 184, 185, 186, 187, 188, 189, 190, 191, 192, 193, 194, 195, 196, 197, 198, 199, 200, 201, 202, 203, 204, 205, 206, 207, 208, 209, 210, 211, 212, 213, 214, 215, 216, 217, 218, 219, 220, 221, 222, 223, 224, 225, 226, 227, 228, 229, 230, 231, 232, 233, 234, 235, 236, 237, 238, 239, 240, 241, 242, 243, 244, 245, 246, 247, 248, 249, 250, 251, 252, 253, 254, 255, 256, 257, 258, 259, 260, 261, 262, 263, 264, 265, 266, 267, 268, 269, 270, 271, 272, 273, 274, 275, 276, 277, 278, 279, 280, 281, 282, 283, 284, 285, 286, 287, 288, 289, 290, 291, 292, 293, 294, 295, 296, 297, 298, 299, 300, 301, 302, 303, 304, 305, 306, 307, 308, 309, 310, 311, 312, 313, 314, 315, 316, 317, 318, 319, 320, 321, 322, 323, 324, 325, 326, 327, 328, 329, 330, 331, 332, 333, 334, 335, 336, 337, 495, 549, 574, 575, 576, 577, 578, 579, 580, 581, 582, 583, 584, 585, 586, 587, 588, 589, 590, 591, 592, 593, 594, 595, 596, 597, 598, 599, 600, 601, 602, 603, 604, 605, 606, 607, 608, 609, 610, 611, 612, 613, 614, 615, 616, 617, 618, 619, 620, 621, 622, 623, 624, 625, 626, 627, 628, 629, 630, 631, 632, 633, 634, 635, 636, 637, 638, 639, 640, 641, 642, 643, 644, 645, 646, 647, 648, 649, 650, 651, 652, 653, 654, 655, 656, 657, 658, 659, 660, 661, 662, 663, 664, 665, 666, 667, 668, 669, 670, 671, 672, 673, 674, 675, 676, 677, 678, 679, 680, 681, 682, 683, 684, 685, 686, 687, 688, 689, 690, 691, 692, 693, 694, 695, 696, 697, 698, 699, 700, 701, 702, 703, 704, 705, 706, 707, 708, 709, 710, 711, 712, 713, 714, 715, 716, 717, 718, 719, 720, 721, 722, 723, 724, 725, 726, 727, 728, 729, 730, 731, 732, 733, 734, 735, 736, 737, 738, 739, 740, 741, 742, 743, 744, 745, 746, 747, 748, 749, 750, 751, 752, 753, 754, 755, 756, 757, 758, 759, 760, 761, 762, 763, 764, 765, 766, 767, 768, 769, 770, 771, 772, 773, 774, 775, 776, 777, 778, 779, 780, 781, 782, 783, 784, 785, 786, 787, 788, 789, 790, 791, 792, 793]",True,[],"[103, 104, 105, 106, 107, 108, 109, 110, 111, 112, 113, 114, 115, 116, 117, 118, 119, 120, 121, 122, 123, 124, 125, 126, 127, 128, 129, 130, 131, 132, 133, 134, 135, 136, 137, 138, 139, 140, 141, 142, 143, 144, 145, 146, 147, 148, 149, 150, 151, 152, 153, 154, 155, 156, 157, 158, 159, 160, 161, 162, 163, 164, 165, 166, 167, 168, 169, 170, 171, 172, 173, 174, 175, 176, 177, 178, 179, 180, 181, 182, 183, 184, 185, 186, 187, 188, 189, 190, 191, 192, 193, 194, 195, 196, 197, 198, 199, 200, 201, 202, 203, 204, 205, 206, 207, 208, 209, 210, 211, 212, 213, 214, 215, 216, 217, 218, 219, 220, 221, 222, 223, 224, 225, 226, 227, 228, 229, 230, 231, 232, 233, 234, 235, 236, 237, 238, 239, 240, 241, 242, 243, 244, 245, 246, 247, 248, 249, 250, 251, 252, 253, 254, 255, 256, 257, 258, 259, 260, 261, 262, 263, 264, 265, 266, 267, 268, 269, 270, 271, 272, 273, 274, 275, 276, 277, 278, 279, 280, 281, 282, 283, 284, 285, 286, 287, 288, 289, 290, 291, 292, 293, 294, 295, 296, 297, 298, 299, 300, 301, 302, 303, 304, 305, 306, 307, 308, 309, 310, 311, 312, 313, 314, 315, 316, 317, 318, 319, 320, 321, 322, 323, 324, 325, 326, 327, 328, 329, 330, 331, 332, 333, 334, 335, 336, 337, 574, 575, 576, 577, 578, 579, 580, 581, 582, 583, 584, 585, 586, 587, 588, 589, 590, 591, 592, 593, 594, 595, 596, 597, 598, 599, 600, 601, 602, 603, 604, 605, 606, 607, 608, 609, 610, 611, 612, 613, 614, 615, 616, 617, 618, 619, 620, 621, 622, 623, 624, 625, 626, 627, 628, 629, 630, 631, 632, 633, 634, 635, 636, 637, 638, 639, 640, 641, 642, 643, 644, 645, 646, 647, 648, 649, 650, 651, 652, 653, 654, 655, 656, 657, 658, 659, 660, 661, 662, 663, 664, 665, 666, 667, 668, 669, 670, 671, 672, 673, 674, 675, 676, 677, 678, 679, 680, 681, 682, 683, 684, 685, 686, 687, 688, 689, 690, 691, 692, 693, 694, 695, 696, 697, 698, 699, 700, 701, 702, 703, 704, 705, 706, 707, 708, 709, 710, 711, 712, 713, 714, 715, 716, 717, 718, 719, 720, 721, 722, 723, 724, 725, 726, 727, 728, 729, 730, 731, 732, 733, 734, 735, 736, 737, 738, 739, 740, 741, 742, 743, 744, 745, 746, 747, 748, 749, 750, 751, 752, 753, 754, 755, 756, 757, 758, 759, 760, 761, 762, 763, 764, 765, 766, 767, 768, 769, 770, 771, 772, 773, 774, 775, 776, 777, 778, 779, 780, 781, 782, 783, 784, 785, 786, 787, 788, 789, 790, 791, 792, 793]","[227, 691]",[],"[10, 75, 103, 104, 106, 117, 118, 120, 127, 128, 129, 131, 133, 135, 136, 137, 139, 146, 147, 148, 149, 151, 158, 160, 162, 166, 173, 178, 179, 185, 190, 192, 198, 201, 203, 204, 206, 207, 212, 213, 214, 219, 223, 224, 225, 227, 230, 235, 237, 246, 247, 256, 259, 262, 263, 266, 268, 269, 271, 272, 278, 279, 284, 285, 288, 290, 292, 304, 306, 312, 316, 319, 320, 323, 324, 329, 332, 335, 495, 549, 574, 575, 577, 588, 589, 591, 598, 599, 600, 602, 604, 606, 607, 608, 610, 617, 618, 619, 620, 622, 625, 630, 632, 634, 638, 644, 649, 650, 656, 661, 663, 669, 673, 674, 676, 677, 682, 683, 684, 687, 688, 689, 691, 694, 699, 701, 710, 718, 722, 723, 727, 728, 730, 731, 737, 738, 743, 744, 747, 749, 751, 762, 764, 770, 774, 777, 778, 781, 782, 789, 791]","[227, 691]",[],7/6 successful match,True,[368],True,357,False,,0.6425531914893616,True,Modesto Truck Plaza,
Modesto ( 95355 ) Modesto Truck Plaza,2 209-574-0299 CA 99 Exit 223 ( Hatch Rd W - S 7th ),S S <U+2610>,Modesto,95355,Modesto Truck Plaza,209-574-0299,2016,Modesto,CA,,( Hatch Rd W - S 7th ),CA 99 Exit 223 ,Exit,223,False,,False,CA 99,,,,,"[227, 691]",[],"[227, 691]","[127, 227, 598, 691]","[103, 104, 105, 106, 107, 108, 109, 110, 111, 112, 113, 114, 115, 116, 117, 118, 119, 120, 121, 122, 123, 124, 125, 126, 127, 128, 129, 130, 131, 132, 133, 134, 135, 136, 137, 138, 139, 140, 141, 142, 143, 144, 145, 146, 147, 148, 149, 150, 151, 152, 153, 154, 155, 156, 157, 158, 159, 160, 161, 162, 163, 164, 165, 166, 167, 168, 169, 170, 171, 172, 173, 174, 175, 176, 177, 178, 179, 180, 181, 182, 183, 184, 185, 186, 187, 188, 189, 190, 191, 192, 193, 194, 195, 196, 197, 198, 199, 200, 201, 202, 203, 204, 205, 206, 207, 208, 209, 210, 211, 212, 213, 214, 215, 216, 217, 218, 219, 220, 221, 222, 223, 224, 225, 226, 227, 228, 229, 230, 231, 232, 233, 234, 235, 236, 237, 238, 239, 240, 241, 242, 243, 244, 245, 246, 247, 248, 249, 250, 251, 252, 253, 254, 255, 256, 257, 258, 259, 260, 261, 262, 263, 264, 265, 266, 267, 268, 269, 270, 271, 272, 273, 274, 275, 276, 277, 278, 279, 280, 281, 282, 283, 284, 285, 286, 287, 288, 289, 290, 291, 292, 293, 294, 295, 296, 297, 298, 299, 300, 301, 302, 303, 304, 305, 306, 307, 308, 309, 310, 311, 312, 313, 314, 315, 316, 317, 318, 319, 320, 321, 322, 323, 324, 325, 326, 327, 328, 329, 330, 331, 332, 333, 334, 335, 336, 337, 574, 575, 576, 577, 578, 579, 580, 581, 582, 583, 584, 585, 586, 587, 588, 589, 590, 591, 592, 593, 594, 595, 596, 597, 598, 599, 600, 601, 602, 603, 604, 605, 606, 607, 608, 609, 610, 611, 612, 613, 614, 615, 616, 617, 618, 619, 620, 621, 622, 623, 624, 625, 626, 627, 628, 629, 630, 631, 632, 633, 634, 635, 636, 637, 638, 639, 640, 641, 642, 643, 644, 645, 646, 647, 648, 649, 650, 651, 652, 653, 654, 655, 656, 657, 658, 659, 660, 661, 662, 663, 664, 665, 666, 667, 668, 669, 670, 671, 672, 673, 674, 675, 676, 677, 678, 679, 680, 681, 682, 683, 684, 685, 686, 687, 688, 689, 690, 691, 692, 693, 694, 695, 696, 697, 698, 699, 700, 701, 702, 703, 704, 705, 706, 707, 708, 709, 710, 711, 712, 713, 714, 715, 716, 717, 718, 719, 720, 721, 722, 723, 724, 725, 726, 727, 728, 729, 730, 731, 732, 733, 734, 735, 736, 737, 738, 739, 740, 741, 742, 743, 744, 745, 746, 747, 748, 749, 750, 751, 752, 753, 754, 755, 756, 757, 758, 759, 760, 761, 762, 763, 764, 765, 766, 767, 768, 769, 770, 771, 772, 773, 774, 775, 776, 777, 778, 779, 780, 781, 782, 783, 784, 785, 786, 787, 788, 789, 790, 791, 792, 793]","[10, 75, 103, 104, 106, 117, 118, 120, 127, 128, 129, 131, 133, 135, 136, 137, 139, 146, 147, 148, 149, 151, 158, 160, 162, 166, 173, 178, 179, 185, 190, 192, 198, 201, 203, 204, 206, 207, 212, 213, 214, 219, 223, 224, 225, 227, 230, 235, 237, 246, 247, 256, 259, 262, 263, 266, 268, 269, 271, 272, 278, 279, 284, 285, 288, 290, 292, 304, 306, 312, 316, 319, 320, 323, 324, 329, 332, 335, 495, 549, 574, 575, 577, 588, 589, 591, 598, 599, 600, 602, 604, 606, 607, 608, 610, 617, 618, 619, 620, 622, 625, 630, 632, 634, 638, 644, 649, 650, 656, 661, 663, 669, 673, 674, 676, 677, 682, 683, 684, 687, 688, 689, 691, 694, 699, 701, 710, 718, 722, 723, 727, 728, 730, 731, 737, 738, 743, 744, 747, 749, 751, 762, 764, 770, 774, 777, 778, 781, 782, 789, 791]",[],"[227, 691]","[10, 75, 103, 104, 105, 106, 107, 108, 109, 110, 111, 112, 113, 114, 115, 116, 117, 118, 119, 120, 121, 122, 123, 124, 125, 126, 127, 128, 129, 130, 131, 132, 133, 134, 135, 136, 137, 138, 139, 140, 141, 142, 143, 144, 145, 146, 147, 148, 149, 150, 151, 152, 153, 154, 155, 156, 157, 158, 159, 160, 161, 162, 163, 164, 165, 166, 167, 168, 169, 170, 171, 172, 173, 174, 175, 176, 177, 178, 179, 180, 181, 182, 183, 184, 185, 186, 187, 188, 189, 190, 191, 192, 193, 194, 195, 196, 197, 198, 199, 200, 201, 202, 203, 204, 205, 206, 207, 208, 209, 210, 211, 212, 213, 214, 215, 216, 217, 218, 219, 220, 221, 222, 223, 224, 225, 226, 227, 228, 229, 230, 231, 232, 233, 234, 235, 236, 237, 238, 239, 240, 241, 242, 243, 244, 245, 246, 247, 248, 249, 250, 251, 252, 253, 254, 255, 256, 257, 258, 259, 260, 261, 262, 263, 264, 265, 266, 267, 268, 269, 270, 271, 272, 273, 274, 275, 276, 277, 278, 279, 280, 281, 282, 283, 284, 285, 286, 287, 288, 289, 290, 291, 292, 293, 294, 295, 296, 297, 298, 299, 300, 301, 302, 303, 304, 305, 306, 307, 308, 309, 310, 311, 312, 313, 314, 315, 316, 317, 318, 319, 320, 321, 322, 323, 324, 325, 326, 327, 328, 329, 330, 331, 332, 333, 334, 335, 336, 337, 495, 549, 574, 575, 576, 577, 578, 579, 580, 581, 582, 583, 584, 585, 586, 587, 588, 589, 590, 591, 592, 593, 594, 595, 596, 597, 598, 599, 600, 601, 602, 603, 604, 605, 606, 607, 608, 609, 610, 611, 612, 613, 614, 615, 616, 617, 618, 619, 620, 621, 622, 623, 624, 625, 626, 627, 628, 629, 630, 631, 632, 633, 634, 635, 636, 637, 638, 639, 640, 641, 642, 643, 644, 645, 646, 647, 648, 649, 650, 651, 652, 653, 654, 655, 656, 657, 658, 659, 660, 661, 662, 663, 664, 665, 666, 667, 668, 669, 670, 671, 672, 673, 674, 675, 676, 677, 678, 679, 680, 681, 682, 683, 684, 685, 686, 687, 688, 689, 690, 691, 692, 693, 694, 695, 696, 697, 698, 699, 700, 701, 702, 703, 704, 705, 706, 707, 708, 709, 710, 711, 712, 713, 714, 715, 716, 717, 718, 719, 720, 721, 722, 723, 724, 725, 726, 727, 728, 729, 730, 731, 732, 733, 734, 735, 736, 737, 738, 739, 740, 741, 742, 743, 744, 745, 746, 747, 748, 749, 750, 751, 752, 753, 754, 755, 756, 757, 758, 759, 760, 761, 762, 763, 764, 765, 766, 767, 768, 769, 770, 771, 772, 773, 774, 775, 776, 777, 778, 779, 780, 781, 782, 783, 784, 785, 786, 787, 788, 789, 790, 791, 792, 793]",True,[],"[103, 104, 105, 106, 107, 108, 109, 110, 111, 112, 113, 114, 115, 116, 117, 118, 119, 120, 121, 122, 123, 124, 125, 126, 127, 128, 129, 130, 131, 132, 133, 134, 135, 136, 137, 138, 139, 140, 141, 142, 143, 144, 145, 146, 147, 148, 149, 150, 151, 152, 153, 154, 155, 156, 157, 158, 159, 160, 161, 162, 163, 164, 165, 166, 167, 168, 169, 170, 171, 172, 173, 174, 175, 176, 177, 178, 179, 180, 181, 182, 183, 184, 185, 186, 187, 188, 189, 190, 191, 192, 193, 194, 195, 196, 197, 198, 199, 200, 201, 202, 203, 204, 205, 206, 207, 208, 209, 210, 211, 212, 213, 214, 215, 216, 217, 218, 219, 220, 221, 222, 223, 224, 225, 226, 227, 228, 229, 230, 231, 232, 233, 234, 235, 236, 237, 238, 239, 240, 241, 242, 243, 244, 245, 246, 247, 248, 249, 250, 251, 252, 253, 254, 255, 256, 257, 258, 259, 260, 261, 262, 263, 264, 265, 266, 267, 268, 269, 270, 271, 272, 273, 274, 275, 276, 277, 278, 279, 280, 281, 282, 283, 284, 285, 286, 287, 288, 289, 290, 291, 292, 293, 294, 295, 296, 297, 298, 299, 300, 301, 302, 303, 304, 305, 306, 307, 308, 309, 310, 311, 312, 313, 314, 315, 316, 317, 318, 319, 320, 321, 322, 323, 324, 325, 326, 327, 328, 329, 330, 331, 332, 333, 334, 335, 336, 337, 574, 575, 576, 577, 578, 579, 580, 581, 582, 583, 584, 585, 586, 587, 588, 589, 590, 591, 592, 593, 594, 595, 596, 597, 598, 599, 600, 601, 602, 603, 604, 605, 606, 607, 608, 609, 610, 611, 612, 613, 614, 615, 616, 617, 618, 619, 620, 621, 622, 623, 624, 625, 626, 627, 628, 629, 630, 631, 632, 633, 634, 635, 636, 637, 638, 639, 640, 641, 642, 643, 644, 645, 646, 647, 648, 649, 650, 651, 652, 653, 654, 655, 656, 657, 658, 659, 660, 661, 662, 663, 664, 665, 666, 667, 668, 669, 670, 671, 672, 673, 674, 675, 676, 677, 678, 679, 680, 681, 682, 683, 684, 685, 686, 687, 688, 689, 690, 691, 692, 693, 694, 695, 696, 697, 698, 699, 700, 701, 702, 703, 704, 705, 706, 707, 708, 709, 710, 711, 712, 713, 714, 715, 716, 717, 718, 719, 720, 721, 722, 723, 724, 725, 726, 727, 728, 729, 730, 731, 732, 733, 734, 735, 736, 737, 738, 739, 740, 741, 742, 743, 744, 745, 746, 747, 748, 749, 750, 751, 752, 753, 754, 755, 756, 757, 758, 759, 760, 761, 762, 763, 764, 765, 766, 767, 768, 769, 770, 771, 772, 773, 774, 775, 776, 777, 778, 779, 780, 781, 782, 783, 784, 785, 786, 787, 788, 789, 790, 791, 792, 793]","[227, 691]","[127, 227, 598, 691]","[10, 75, 103, 104, 106, 117, 118, 120, 127, 128, 129, 131, 133, 135, 136, 137, 139, 146, 147, 148, 149, 151, 158, 160, 162, 166, 173, 178, 179, 185, 190, 192, 198, 201, 203, 204, 206, 207, 212, 213, 214, 219, 223, 224, 225, 227, 230, 235, 237, 246, 247, 256, 259, 262, 263, 266, 268, 269, 271, 272, 278, 279, 284, 285, 288, 290, 292, 304, 306, 312, 316, 319, 320, 323, 324, 329, 332, 335, 495, 549, 574, 575, 577, 588, 589, 591, 598, 599, 600, 602, 604, 606, 607, 608, 610, 617, 618, 619, 620, 622, 625, 630, 632, 634, 638, 644, 649, 650, 656, 661, 663, 669, 673, 674, 676, 677, 682, 683, 684, 687, 688, 689, 691, 694, 699, 701, 710, 718, 722, 723, 727, 728, 730, 731, 737, 738, 743, 744, 747, 749, 751, 762, 764, 770, 774, 777, 778, 781, 782, 789, 791]","[227, 691]",[],7/6 successful match,True,[368],True,357,False,,0.6425531914893616,True,Modesto Truck Plaza <U+2610>,
"Ripon , 95366 Love's Travel Stop # 223",209-599-0740 CA 99 Exit 237 ( Jack Tone Rd ),,Ripon,95366,Love's Travel Stop # 223,209-599-0740,2006,Ripon,CA,Love's,( Jack Tone Rd ),CA 99 Exit 237 ,Exit,237,False,,False,CA 99,,,,,"[673, 203]","[166, 203, 638, 673]","[166, 203, 638, 673]","[166, 203, 638, 673]","[103, 104, 105, 106, 107, 108, 109, 110, 111, 112, 113, 114, 115, 116, 117, 118, 119, 120, 121, 122, 123, 124, 125, 126, 127, 128, 129, 130, 131, 132, 133, 134, 135, 136, 137, 138, 139, 140, 141, 142, 143, 144, 145, 146, 147, 148, 149, 150, 151, 152, 153, 154, 155, 156, 157, 158, 159, 160, 161, 162, 163, 164, 165, 166, 167, 168, 169, 170, 171, 172, 173, 174, 175, 176, 177, 178, 179, 180, 181, 182, 183, 184, 185, 186, 187, 188, 189, 190, 191, 192, 193, 194, 195, 196, 197, 198, 199, 200, 201, 202, 203, 204, 205, 206, 207, 208, 209, 210, 211, 212, 213, 214, 215, 216, 217, 218, 219, 220, 221, 222, 223, 224, 225, 226, 227, 228, 229, 230, 231, 232, 233, 234, 235, 236, 237, 238, 239, 240, 241, 242, 243, 244, 245, 246, 247, 248, 249, 250, 251, 252, 253, 254, 255, 256, 257, 258, 259, 260, 261, 262, 263, 264, 265, 266, 267, 268, 269, 270, 271, 272, 273, 274, 275, 276, 277, 278, 279, 280, 281, 282, 283, 284, 285, 286, 287, 288, 289, 290, 291, 292, 293, 294, 295, 296, 297, 298, 299, 300, 301, 302, 303, 304, 305, 306, 307, 308, 309, 310, 311, 312, 313, 314, 315, 316, 317, 318, 319, 320, 321, 322, 323, 324, 325, 326, 327, 328, 329, 330, 331, 332, 333, 334, 335, 336, 337, 574, 575, 576, 577, 578, 579, 580, 581, 582, 583, 584, 585, 586, 587, 588, 589, 590, 591, 592, 593, 594, 595, 596, 597, 598, 599, 600, 601, 602, 603, 604, 605, 606, 607, 608, 609, 610, 611, 612, 613, 614, 615, 616, 617, 618, 619, 620, 621, 622, 623, 624, 625, 626, 627, 628, 629, 630, 631, 632, 633, 634, 635, 636, 637, 638, 639, 640, 641, 642, 643, 644, 645, 646, 647, 648, 649, 650, 651, 652, 653, 654, 655, 656, 657, 658, 659, 660, 661, 662, 663, 664, 665, 666, 667, 668, 669, 670, 671, 672, 673, 674, 675, 676, 677, 678, 679, 680, 681, 682, 683, 684, 685, 686, 687, 688, 689, 690, 691, 692, 693, 694, 695, 696, 697, 698, 699, 700, 701, 702, 703, 704, 705, 706, 707, 708, 709, 710, 711, 712, 713, 714, 715, 716, 717, 718, 719, 720, 721, 722, 723, 724, 725, 726, 727, 728, 729, 730, 731, 732, 733, 734, 735, 736, 737, 738, 739, 740, 741, 742, 743, 744, 745, 746, 747, 748, 749, 750, 751, 752, 753, 754, 755, 756, 757, 758, 759, 760, 761, 762, 763, 764, 765, 766, 767, 768, 769, 770, 771, 772, 773, 774, 775, 776, 777, 778, 779, 780, 781, 782, 783, 784, 785, 786, 787, 788, 789, 790, 791, 792, 793]","[10, 75, 103, 104, 106, 117, 118, 120, 127, 128, 129, 131, 133, 135, 136, 137, 139, 146, 147, 148, 149, 151, 158, 160, 162, 166, 173, 178, 179, 185, 190, 192, 198, 201, 203, 204, 206, 207, 212, 213, 214, 219, 223, 224, 225, 227, 230, 235, 237, 246, 247, 256, 259, 262, 263, 266, 268, 269, 271, 272, 278, 279, 284, 285, 288, 290, 292, 304, 306, 312, 316, 319, 320, 323, 324, 329, 332, 335, 495, 549, 574, 575, 577, 588, 589, 591, 598, 599, 600, 602, 604, 606, 607, 608, 610, 617, 618, 619, 620, 622, 625, 630, 632, 634, 638, 644, 649, 650, 656, 661, 663, 669, 673, 674, 676, 677, 682, 683, 684, 687, 688, 689, 691, 694, 699, 701, 710, 718, 722, 723, 727, 728, 730, 731, 737, 738, 743, 744, 747, 749, 751, 762, 764, 770, 774, 777, 778, 781, 782, 789, 791]","[34, 35, 36, 37, 38, 39, 40, 41, 42, 43, 44, 45, 46, 47, 48, 201, 202, 203, 204, 205, 206, 207, 208, 209, 210, 211, 212, 213, 214, 215, 216, 355, 356, 357, 358, 359, 360, 361, 429, 430, 431, 432, 433, 434, 435, 515, 516, 517, 518, 519, 520, 521, 522, 523, 524, 525, 526, 527, 672, 673, 674, 675, 676, 677, 678, 679, 680, 681, 682, 683, 684, 810, 811, 812, 813, 814, 881, 882, 883, 884, 885, 886]","[32, 33, 34, 35, 36, 37, 38, 39, 40, 41, 42, 43, 44, 45, 46, 47, 48, 201, 202, 203, 204, 205, 206, 207, 208, 209, 210, 211, 212, 213, 214, 215, 216, 355, 356, 357, 358, 359, 360, 361, 429, 430, 431, 432, 433, 434, 435, 515, 516, 517, 518, 519, 520, 521, 522, 523, 524, 525, 526, 527, 672, 673, 674, 675, 676, 677, 678, 679, 680, 681, 682, 683, 684, 810, 811, 812, 813, 814, 881, 882, 883, 884, 885, 886]","[10, 32, 33, 34, 35, 36, 37, 38, 39, 40, 41, 42, 43, 44, 45, 46, 47, 48, 75, 103, 104, 105, 106, 107, 108, 109, 110, 111, 112, 113, 114, 115, 116, 117, 118, 119, 120, 121, 122, 123, 124, 125, 126, 127, 128, 129, 130, 131, 132, 133, 134, 135, 136, 137, 138, 139, 140, 141, 142, 143, 144, 145, 146, 147, 148, 149, 150, 151, 152, 153, 154, 155, 156, 157, 158, 159, 160, 161, 162, 163, 164, 165, 166, 167, 168, 169, 170, 171, 172, 173, 174, 175, 176, 177, 178, 179, 180, 181, 182, 183, 184, 185, 186, 187, 188, 189, 190, 191, 192, 193, 194, 195, 196, 197, 198, 199, 200, 201, 202, 203, 204, 205, 206, 207, 208, 209, 210, 211, 212, 213, 214, 215, 216, 217, 218, 219, 220, 221, 222, 223, 224, 225, 226, 227, 228, 229, 230, 231, 232, 233, 234, 235, 236, 237, 238, 239, 240, 241, 242, 243, 244, 245, 246, 247, 248, 249, 250, 251, 252, 253, 254, 255, 256, 257, 258, 259, 260, 261, 262, 263, 264, 265, 266, 267, 268, 269, 270, 271, 272, 273, 274, 275, 276, 277, 278, 279, 280, 281, 282, 283, 284, 285, 286, 287, 288, 289, 290, 291, 292, 293, 294, 295, 296, 297, 298, 299, 300, 301, 302, 303, 304, 305, 306, 307, 308, 309, 310, 311, 312, 313, 314, 315, 316, 317, 318, 319, 320, 321, 322, 323, 324, 325, 326, 327, 328, 329, 330, 331, 332, 333, 334, 335, 336, 337, 355, 356, 357, 358, 359, 360, 361, 429, 430, 431, 432, 433, 434, 435, 495, 515, 516, 517, 518, 519, 520, 521, 522, 523, 524, 525, 526, 527, 549, 574, 575, 576, 577, 578, 579, 580, 581, 582, 583, 584, 585, 586, 587, 588, 589, 590, 591, 592, 593, 594, 595, 596, 597, 598, 599, 600, 601, 602, 603, 604, 605, 606, 607, 608, 609, 610, 611, 612, 613, 614, 615, 616, 617, 618, 619, 620, 621, 622, 623, 624, 625, 626, 627, 628, 629, 630, 631, 632, 633, 634, 635, 636, 637, 638, 639, 640, 641, 642, 643, 644, 645, 646, 647, 648, 649, 650, 651, 652, 653, 654, 655, 656, 657, 658, 659, 660, 661, 662, 663, 664, 665, 666, 667, 668, 669, 670, 671, 672, 673, 674, 675, 676, 677, 678, 679, 680, 681, 682, 683, 684, 685, 686, 687, 688, 689, 690, 691, 692, 693, 694, 695, 696, 697, 698, 699, 700, 701, 702, 703, 704, 705, 706, 707, 708, 709, 710, 711, 712, 713, 714, 715, 716, 717, 718, 719, 720, 721, 722, 723, 724, 725, 726, 727, 728, 729, 730, 731, 732, 733, 734, 735, 736, 737, 738, 739, 740, 741, 742, 743, 744, 745, 746, 747, 748, 749, 750, 751, 752, 753, 754, 755, 756, 757, 758, 759, 760, 761, 762, 763, 764, 765, 766, 767, 768, 769, 770, 771, 772, 773, 774, 775, 776, 777, 778, 779, 780, 781, 782, 783, 784, 785, 786, 787, 788, 789, 790, 791, 792, 793, 810, 811, 812, 813, 814, 881, 882, 883, 884, 885, 886]",True,"[166, 203, 638, 673]","[103, 104, 105, 106, 107, 108, 109, 110, 111, 112, 113, 114, 115, 116, 117, 118, 119, 120, 121, 122, 123, 124, 125, 126, 127, 128, 129, 130, 131, 132, 133, 134, 135, 136, 137, 138, 139, 140, 141, 142, 143, 144, 145, 146, 147, 148, 149, 150, 151, 152, 153, 154, 155, 156, 157, 158, 159, 160, 161, 162, 163, 164, 165, 166, 167, 168, 169, 170, 171, 172, 173, 174, 175, 176, 177, 178, 179, 180, 181, 182, 183, 184, 185, 186, 187, 188, 189, 190, 191, 192, 193, 194, 195, 196, 197, 198, 199, 200, 201, 202, 203, 204, 205, 206, 207, 208, 209, 210, 211, 212, 213, 214, 215, 216, 217, 218, 219, 220, 221, 222, 223, 224, 225, 226, 227, 228, 229, 230, 231, 232, 233, 234, 235, 236, 237, 238, 239, 240, 241, 242, 243, 244, 245, 246, 247, 248, 249, 250, 251, 252, 253, 254, 255, 256, 257, 258, 259, 260, 261, 262, 263, 264, 265, 266, 267, 268, 269, 270, 271, 272, 273, 274, 275, 276, 277, 278, 279, 280, 281, 282, 283, 284, 285, 286, 287, 288, 289, 290, 291, 292, 293, 294, 295, 296, 297, 298, 299, 300, 301, 302, 303, 304, 305, 306, 307, 308, 309, 310, 311, 312, 313, 314, 315, 316, 317, 318, 319, 320, 321, 322, 323, 324, 325, 326, 327, 328, 329, 330, 331, 332, 333, 334, 335, 336, 337, 574, 575, 576, 577, 578, 579, 580, 581, 582, 583, 584, 585, 586, 587, 588, 589, 590, 591, 592, 593, 594, 595, 596, 597, 598, 599, 600, 601, 602, 603, 604, 605, 606, 607, 608, 609, 610, 611, 612, 613, 614, 615, 616, 617, 618, 619, 620, 621, 622, 623, 624, 625, 626, 627, 628, 629, 630, 631, 632, 633, 634, 635, 636, 637, 638, 639, 640, 641, 642, 643, 644, 645, 646, 647, 648, 649, 650, 651, 652, 653, 654, 655, 656, 657, 658, 659, 660, 661, 662, 663, 664, 665, 666, 667, 668, 669, 670, 671, 672, 673, 674, 675, 676, 677, 678, 679, 680, 681, 682, 683, 684, 685, 686, 687, 688, 689, 690, 691, 692, 693, 694, 695, 696, 697, 698, 699, 700, 701, 702, 703, 704, 705, 706, 707, 708, 709, 710, 711, 712, 713, 714, 715, 716, 717, 718, 719, 720, 721, 722, 723, 724, 725, 726, 727, 728, 729, 730, 731, 732, 733, 734, 735, 736, 737, 738, 739, 740, 741, 742, 743, 744, 745, 746, 747, 748, 749, 750, 751, 752, 753, 754, 755, 756, 757, 758, 759, 760, 761, 762, 763, 764, 765, 766, 767, 768, 769, 770, 771, 772, 773, 774, 775, 776, 777, 778, 779, 780, 781, 782, 783, 784, 785, 786, 787, 788, 789, 790, 791, 792, 793]","[166, 203, 638, 673]","[166, 203, 638, 673]","[10, 75, 103, 104, 106, 117, 118, 120, 127, 128, 129, 131, 133, 135, 136, 137, 139, 146, 147, 148, 149, 151, 158, 160, 162, 166, 173, 178, 179, 185, 190, 192, 198, 201, 203, 204, 206, 207, 212, 213, 214, 219, 223, 224, 225, 227, 230, 235, 237, 246, 247, 256, 259, 262, 263, 266, 268, 269, 271, 272, 278, 279, 284, 285, 288, 290, 292, 304, 306, 312, 316, 319, 320, 323, 324, 329, 332, 335, 495, 549, 574, 575, 577, 588, 589, 591, 598, 599, 600, 602, 604, 606, 607, 608, 610, 617, 618, 619, 620, 622, 625, 630, 632, 634, 638, 644, 649, 650, 656, 661, 663, 669, 673, 674, 676, 677, 682, 683, 684, 687, 688, 689, 691, 694, 699, 701, 710, 718, 722, 723, 727, 728, 730, 731, 737, 738, 743, 744, 747, 749, 751, 762, 764, 770, 774, 777, 778, 781, 782, 789, 791]","[32, 33, 34, 35, 36, 37, 38, 39, 40, 41, 42, 43, 44, 45, 46, 47, 48, 201, 202, 203, 204, 205, 206, 207, 208, 209, 210, 211, 212, 213, 214, 215, 216, 355, 356, 357, 358, 359, 360, 361, 429, 430, 431, 432, 433, 434, 435, 515, 516, 517, 518, 519, 520, 521, 522, 523, 524, 525, 526, 527, 672, 673, 674, 675, 676, 677, 678, 679, 680, 681, 682, 683, 684, 810, 811, 812, 813, 814, 881, 882, 883, 884, 885, 886]","[34, 35, 36, 37, 38, 39, 40, 41, 42, 43, 44, 45, 46, 47, 48, 201, 202, 203, 204, 205, 206, 207, 208, 209, 210, 211, 212, 213, 214, 215, 216, 355, 356, 357, 358, 359, 360, 361, 429, 430, 431, 432, 433, 434, 435, 515, 516, 517, 518, 519, 520, 521, 522, 523, 524, 525, 526, 527, 672, 673, 674, 675, 676, 677, 678, 679, 680, 681, 682, 683, 684, 810, 811, 812, 813, 814, 881, 882, 883, 884, 885, 886]",7/6 successful match,True,[479],True,358,False,,,,,
"Ripon , 95366 Love's Travel Stop # 223",209-599-0740 CA 99 Exit 237 ( Jack Tone Rd ),24 HRS L,Ripon,95366,Love's Travel Stop # 223,209-599-0740,2007,Ripon,CA,Love's,( Jack Tone Rd ),CA 99 Exit 237 ,Exit,237,False,,False,CA 99,,,,,"[673, 203]","[166, 203, 638, 673]","[166, 203, 638, 673]","[166, 203, 638, 673]","[103, 104, 105, 106, 107, 108, 109, 110, 111, 112, 113, 114, 115, 116, 117, 118, 119, 120, 121, 122, 123, 124, 125, 126, 127, 128, 129, 130, 131, 132, 133, 134, 135, 136, 137, 138, 139, 140, 141, 142, 143, 144, 145, 146, 147, 148, 149, 150, 151, 152, 153, 154, 155, 156, 157, 158, 159, 160, 161, 162, 163, 164, 165, 166, 167, 168, 169, 170, 171, 172, 173, 174, 175, 176, 177, 178, 179, 180, 181, 182, 183, 184, 185, 186, 187, 188, 189, 190, 191, 192, 193, 194, 195, 196, 197, 198, 199, 200, 201, 202, 203, 204, 205, 206, 207, 208, 209, 210, 211, 212, 213, 214, 215, 216, 217, 218, 219, 220, 221, 222, 223, 224, 225, 226, 227, 228, 229, 230, 231, 232, 233, 234, 235, 236, 237, 238, 239, 240, 241, 242, 243, 244, 245, 246, 247, 248, 249, 250, 251, 252, 253, 254, 255, 256, 257, 258, 259, 260, 261, 262, 263, 264, 265, 266, 267, 268, 269, 270, 271, 272, 273, 274, 275, 276, 277, 278, 279, 280, 281, 282, 283, 284, 285, 286, 287, 288, 289, 290, 291, 292, 293, 294, 295, 296, 297, 298, 299, 300, 301, 302, 303, 304, 305, 306, 307, 308, 309, 310, 311, 312, 313, 314, 315, 316, 317, 318, 319, 320, 321, 322, 323, 324, 325, 326, 327, 328, 329, 330, 331, 332, 333, 334, 335, 336, 337, 574, 575, 576, 577, 578, 579, 580, 581, 582, 583, 584, 585, 586, 587, 588, 589, 590, 591, 592, 593, 594, 595, 596, 597, 598, 599, 600, 601, 602, 603, 604, 605, 606, 607, 608, 609, 610, 611, 612, 613, 614, 615, 616, 617, 618, 619, 620, 621, 622, 623, 624, 625, 626, 627, 628, 629, 630, 631, 632, 633, 634, 635, 636, 637, 638, 639, 640, 641, 642, 643, 644, 645, 646, 647, 648, 649, 650, 651, 652, 653, 654, 655, 656, 657, 658, 659, 660, 661, 662, 663, 664, 665, 666, 667, 668, 669, 670, 671, 672, 673, 674, 675, 676, 677, 678, 679, 680, 681, 682, 683, 684, 685, 686, 687, 688, 689, 690, 691, 692, 693, 694, 695, 696, 697, 698, 699, 700, 701, 702, 703, 704, 705, 706, 707, 708, 709, 710, 711, 712, 713, 714, 715, 716, 717, 718, 719, 720, 721, 722, 723, 724, 725, 726, 727, 728, 729, 730, 731, 732, 733, 734, 735, 736, 737, 738, 739, 740, 741, 742, 743, 744, 745, 746, 747, 748, 749, 750, 751, 752, 753, 754, 755, 756, 757, 758, 759, 760, 761, 762, 763, 764, 765, 766, 767, 768, 769, 770, 771, 772, 773, 774, 775, 776, 777, 778, 779, 780, 781, 782, 783, 784, 785, 786, 787, 788, 789, 790, 791, 792, 793]","[10, 75, 103, 104, 106, 117, 118, 120, 127, 128, 129, 131, 133, 135, 136, 137, 139, 146, 147, 148, 149, 151, 158, 160, 162, 166, 173, 178, 179, 185, 190, 192, 198, 201, 203, 204, 206, 207, 212, 213, 214, 219, 223, 224, 225, 227, 230, 235, 237, 246, 247, 256, 259, 262, 263, 266, 268, 269, 271, 272, 278, 279, 284, 285, 288, 290, 292, 304, 306, 312, 316, 319, 320, 323, 324, 329, 332, 335, 495, 549, 574, 575, 577, 588, 589, 591, 598, 599, 600, 602, 604, 606, 607, 608, 610, 617, 618, 619, 620, 622, 625, 630, 632, 634, 638, 644, 649, 650, 656, 661, 663, 669, 673, 674, 676, 677, 682, 683, 684, 687, 688, 689, 691, 694, 699, 701, 710, 718, 722, 723, 727, 728, 730, 731, 737, 738, 743, 744, 747, 749, 751, 762, 764, 770, 774, 777, 778, 781, 782, 789, 791]","[34, 35, 36, 37, 38, 39, 40, 41, 42, 43, 44, 45, 46, 47, 48, 201, 202, 203, 204, 205, 206, 207, 208, 209, 210, 211, 212, 213, 214, 215, 216, 355, 356, 357, 358, 359, 360, 361, 429, 430, 431, 432, 433, 434, 435, 515, 516, 517, 518, 519, 520, 521, 522, 523, 524, 525, 526, 527, 672, 673, 674, 675, 676, 677, 678, 679, 680, 681, 682, 683, 684, 810, 811, 812, 813, 814, 881, 882, 883, 884, 885, 886]","[32, 33, 34, 35, 36, 37, 38, 39, 40, 41, 42, 43, 44, 45, 46, 47, 48, 201, 202, 203, 204, 205, 206, 207, 208, 209, 210, 211, 212, 213, 214, 215, 216, 355, 356, 357, 358, 359, 360, 361, 429, 430, 431, 432, 433, 434, 435, 515, 516, 517, 518, 519, 520, 521, 522, 523, 524, 525, 526, 527, 672, 673, 674, 675, 676, 677, 678, 679, 680, 681, 682, 683, 684, 810, 811, 812, 813, 814, 881, 882, 883, 884, 885, 886]","[10, 32, 33, 34, 35, 36, 37, 38, 39, 40, 41, 42, 43, 44, 45, 46, 47, 48, 75, 103, 104, 105, 106, 107, 108, 109, 110, 111, 112, 113, 114, 115, 116, 117, 118, 119, 120, 121, 122, 123, 124, 125, 126, 127, 128, 129, 130, 131, 132, 133, 134, 135, 136, 137, 138, 139, 140, 141, 142, 143, 144, 145, 146, 147, 148, 149, 150, 151, 152, 153, 154, 155, 156, 157, 158, 159, 160, 161, 162, 163, 164, 165, 166, 167, 168, 169, 170, 171, 172, 173, 174, 175, 176, 177, 178, 179, 180, 181, 182, 183, 184, 185, 186, 187, 188, 189, 190, 191, 192, 193, 194, 195, 196, 197, 198, 199, 200, 201, 202, 203, 204, 205, 206, 207, 208, 209, 210, 211, 212, 213, 214, 215, 216, 217, 218, 219, 220, 221, 222, 223, 224, 225, 226, 227, 228, 229, 230, 231, 232, 233, 234, 235, 236, 237, 238, 239, 240, 241, 242, 243, 244, 245, 246, 247, 248, 249, 250, 251, 252, 253, 254, 255, 256, 257, 258, 259, 260, 261, 262, 263, 264, 265, 266, 267, 268, 269, 270, 271, 272, 273, 274, 275, 276, 277, 278, 279, 280, 281, 282, 283, 284, 285, 286, 287, 288, 289, 290, 291, 292, 293, 294, 295, 296, 297, 298, 299, 300, 301, 302, 303, 304, 305, 306, 307, 308, 309, 310, 311, 312, 313, 314, 315, 316, 317, 318, 319, 320, 321, 322, 323, 324, 325, 326, 327, 328, 329, 330, 331, 332, 333, 334, 335, 336, 337, 355, 356, 357, 358, 359, 360, 361, 429, 430, 431, 432, 433, 434, 435, 495, 515, 516, 517, 518, 519, 520, 521, 522, 523, 524, 525, 526, 527, 549, 574, 575, 576, 577, 578, 579, 580, 581, 582, 583, 584, 585, 586, 587, 588, 589, 590, 591, 592, 593, 594, 595, 596, 597, 598, 599, 600, 601, 602, 603, 604, 605, 606, 607, 608, 609, 610, 611, 612, 613, 614, 615, 616, 617, 618, 619, 620, 621, 622, 623, 624, 625, 626, 627, 628, 629, 630, 631, 632, 633, 634, 635, 636, 637, 638, 639, 640, 641, 642, 643, 644, 645, 646, 647, 648, 649, 650, 651, 652, 653, 654, 655, 656, 657, 658, 659, 660, 661, 662, 663, 664, 665, 666, 667, 668, 669, 670, 671, 672, 673, 674, 675, 676, 677, 678, 679, 680, 681, 682, 683, 684, 685, 686, 687, 688, 689, 690, 691, 692, 693, 694, 695, 696, 697, 698, 699, 700, 701, 702, 703, 704, 705, 706, 707, 708, 709, 710, 711, 712, 713, 714, 715, 716, 717, 718, 719, 720, 721, 722, 723, 724, 725, 726, 727, 728, 729, 730, 731, 732, 733, 734, 735, 736, 737, 738, 739, 740, 741, 742, 743, 744, 745, 746, 747, 748, 749, 750, 751, 752, 753, 754, 755, 756, 757, 758, 759, 760, 761, 762, 763, 764, 765, 766, 767, 768, 769, 770, 771, 772, 773, 774, 775, 776, 777, 778, 779, 780, 781, 782, 783, 784, 785, 786, 787, 788, 789, 790, 791, 792, 793, 810, 811, 812, 813, 814, 881, 882, 883, 884, 885, 886]",True,"[166, 203, 638, 673]","[103, 104, 105, 106, 107, 108, 109, 110, 111, 112, 113, 114, 115, 116, 117, 118, 119, 120, 121, 122, 123, 124, 125, 126, 127, 128, 129, 130, 131, 132, 133, 134, 135, 136, 137, 138, 139, 140, 141, 142, 143, 144, 145, 146, 147, 148, 149, 150, 151, 152, 153, 154, 155, 156, 157, 158, 159, 160, 161, 162, 163, 164, 165, 166, 167, 168, 169, 170, 171, 172, 173, 174, 175, 176, 177, 178, 179, 180, 181, 182, 183, 184, 185, 186, 187, 188, 189, 190, 191, 192, 193, 194, 195, 196, 197, 198, 199, 200, 201, 202, 203, 204, 205, 206, 207, 208, 209, 210, 211, 212, 213, 214, 215, 216, 217, 218, 219, 220, 221, 222, 223, 224, 225, 226, 227, 228, 229, 230, 231, 232, 233, 234, 235, 236, 237, 238, 239, 240, 241, 242, 243, 244, 245, 246, 247, 248, 249, 250, 251, 252, 253, 254, 255, 256, 257, 258, 259, 260, 261, 262, 263, 264, 265, 266, 267, 268, 269, 270, 271, 272, 273, 274, 275, 276, 277, 278, 279, 280, 281, 282, 283, 284, 285, 286, 287, 288, 289, 290, 291, 292, 293, 294, 295, 296, 297, 298, 299, 300, 301, 302, 303, 304, 305, 306, 307, 308, 309, 310, 311, 312, 313, 314, 315, 316, 317, 318, 319, 320, 321, 322, 323, 324, 325, 326, 327, 328, 329, 330, 331, 332, 333, 334, 335, 336, 337, 574, 575, 576, 577, 578, 579, 580, 581, 582, 583, 584, 585, 586, 587, 588, 589, 590, 591, 592, 593, 594, 595, 596, 597, 598, 599, 600, 601, 602, 603, 604, 605, 606, 607, 608, 609, 610, 611, 612, 613, 614, 615, 616, 617, 618, 619, 620, 621, 622, 623, 624, 625, 626, 627, 628, 629, 630, 631, 632, 633, 634, 635, 636, 637, 638, 639, 640, 641, 642, 643, 644, 645, 646, 647, 648, 649, 650, 651, 652, 653, 654, 655, 656, 657, 658, 659, 660, 661, 662, 663, 664, 665, 666, 667, 668, 669, 670, 671, 672, 673, 674, 675, 676, 677, 678, 679, 680, 681, 682, 683, 684, 685, 686, 687, 688, 689, 690, 691, 692, 693, 694, 695, 696, 697, 698, 699, 700, 701, 702, 703, 704, 705, 706, 707, 708, 709, 710, 711, 712, 713, 714, 715, 716, 717, 718, 719, 720, 721, 722, 723, 724, 725, 726, 727, 728, 729, 730, 731, 732, 733, 734, 735, 736, 737, 738, 739, 740, 741, 742, 743, 744, 745, 746, 747, 748, 749, 750, 751, 752, 753, 754, 755, 756, 757, 758, 759, 760, 761, 762, 763, 764, 765, 766, 767, 768, 769, 770, 771, 772, 773, 774, 775, 776, 777, 778, 779, 780, 781, 782, 783, 784, 785, 786, 787, 788, 789, 790, 791, 792, 793]","[166, 203, 638, 673]","[166, 203, 638, 673]","[10, 75, 103, 104, 106, 117, 118, 120, 127, 128, 129, 131, 133, 135, 136, 137, 139, 146, 147, 148, 149, 151, 158, 160, 162, 166, 173, 178, 179, 185, 190, 192, 198, 201, 203, 204, 206, 207, 212, 213, 214, 219, 223, 224, 225, 227, 230, 235, 237, 246, 247, 256, 259, 262, 263, 266, 268, 269, 271, 272, 278, 279, 284, 285, 288, 290, 292, 304, 306, 312, 316, 319, 320, 323, 324, 329, 332, 335, 495, 549, 574, 575, 577, 588, 589, 591, 598, 599, 600, 602, 604, 606, 607, 608, 610, 617, 618, 619, 620, 622, 625, 630, 632, 634, 638, 644, 649, 650, 656, 661, 663, 669, 673, 674, 676, 677, 682, 683, 684, 687, 688, 689, 691, 694, 699, 701, 710, 718, 722, 723, 727, 728, 730, 731, 737, 738, 743, 744, 747, 749, 751, 762, 764, 770, 774, 777, 778, 781, 782, 789, 791]","[32, 33, 34, 35, 36, 37, 38, 39, 40, 41, 42, 43, 44, 45, 46, 47, 48, 201, 202, 203, 204, 205, 206, 207, 208, 209, 210, 211, 212, 213, 214, 215, 216, 355, 356, 357, 358, 359, 360, 361, 429, 430, 431, 432, 433, 434, 435, 515, 516, 517, 518, 519, 520, 521, 522, 523, 524, 525, 526, 527, 672, 673, 674, 675, 676, 677, 678, 679, 680, 681, 682, 683, 684, 810, 811, 812, 813, 814, 881, 882, 883, 884, 885, 886]","[34, 35, 36, 37, 38, 39, 40, 41, 42, 43, 44, 45, 46, 47, 48, 201, 202, 203, 204, 205, 206, 207, 208, 209, 210, 211, 212, 213, 214, 215, 216, 355, 356, 357, 358, 359, 360, 361, 429, 430, 431, 432, 433, 434, 435, 515, 516, 517, 518, 519, 520, 521, 522, 523, 524, 525, 526, 527, 672, 673, 674, 675, 676, 677, 678, 679, 680, 681, 682, 683, 684, 810, 811, 812, 813, 814, 881, 882, 883, 884, 885, 886]",7/6 successful match,True,[479],True,358,False,,1.0,True,Love's Travel Stop # 223,Love's
"Ripon , 95366 Love's Travel Stop # 223 / Erlandson )",2 209-599-0740 CA 99 Exit 237 ( Jack Tone ),24 <U+2610><U+2610><U+2610> <U+2610> <U+2610><U+2610>,Ripon,95366,Love's Travel Stop # 223 / Erlandson ),209-599-0740,2008,Ripon,CA,Love's,( Jack Tone ),CA 99 Exit 237 ,Exit,237,False,,False,CA 99,,,,,"[673, 203]","[166, 203, 638, 673]","[166, 203, 638, 673]","[166, 203, 638, 673]","[103, 104, 105, 106, 107, 108, 109, 110, 111, 112, 113, 114, 115, 116, 117, 118, 119, 120, 121, 122, 123, 124, 125, 126, 127, 128, 129, 130, 131, 132, 133, 134, 135, 136, 137, 138, 139, 140, 141, 142, 143, 144, 145, 146, 147, 148, 149, 150, 151, 152, 153, 154, 155, 156, 157, 158, 159, 160, 161, 162, 163, 164, 165, 166, 167, 168, 169, 170, 171, 172, 173, 174, 175, 176, 177, 178, 179, 180, 181, 182, 183, 184, 185, 186, 187, 188, 189, 190, 191, 192, 193, 194, 195, 196, 197, 198, 199, 200, 201, 202, 203, 204, 205, 206, 207, 208, 209, 210, 211, 212, 213, 214, 215, 216, 217, 218, 219, 220, 221, 222, 223, 224, 225, 226, 227, 228, 229, 230, 231, 232, 233, 234, 235, 236, 237, 238, 239, 240, 241, 242, 243, 244, 245, 246, 247, 248, 249, 250, 251, 252, 253, 254, 255, 256, 257, 258, 259, 260, 261, 262, 263, 264, 265, 266, 267, 268, 269, 270, 271, 272, 273, 274, 275, 276, 277, 278, 279, 280, 281, 282, 283, 284, 285, 286, 287, 288, 289, 290, 291, 292, 293, 294, 295, 296, 297, 298, 299, 300, 301, 302, 303, 304, 305, 306, 307, 308, 309, 310, 311, 312, 313, 314, 315, 316, 317, 318, 319, 320, 321, 322, 323, 324, 325, 326, 327, 328, 329, 330, 331, 332, 333, 334, 335, 336, 337, 574, 575, 576, 577, 578, 579, 580, 581, 582, 583, 584, 585, 586, 587, 588, 589, 590, 591, 592, 593, 594, 595, 596, 597, 598, 599, 600, 601, 602, 603, 604, 605, 606, 607, 608, 609, 610, 611, 612, 613, 614, 615, 616, 617, 618, 619, 620, 621, 622, 623, 624, 625, 626, 627, 628, 629, 630, 631, 632, 633, 634, 635, 636, 637, 638, 639, 640, 641, 642, 643, 644, 645, 646, 647, 648, 649, 650, 651, 652, 653, 654, 655, 656, 657, 658, 659, 660, 661, 662, 663, 664, 665, 666, 667, 668, 669, 670, 671, 672, 673, 674, 675, 676, 677, 678, 679, 680, 681, 682, 683, 684, 685, 686, 687, 688, 689, 690, 691, 692, 693, 694, 695, 696, 697, 698, 699, 700, 701, 702, 703, 704, 705, 706, 707, 708, 709, 710, 711, 712, 713, 714, 715, 716, 717, 718, 719, 720, 721, 722, 723, 724, 725, 726, 727, 728, 729, 730, 731, 732, 733, 734, 735, 736, 737, 738, 739, 740, 741, 742, 743, 744, 745, 746, 747, 748, 749, 750, 751, 752, 753, 754, 755, 756, 757, 758, 759, 760, 761, 762, 763, 764, 765, 766, 767, 768, 769, 770, 771, 772, 773, 774, 775, 776, 777, 778, 779, 780, 781, 782, 783, 784, 785, 786, 787, 788, 789, 790, 791, 792, 793]","[10, 75, 103, 104, 106, 117, 118, 120, 127, 128, 129, 131, 133, 135, 136, 137, 139, 146, 147, 148, 149, 151, 158, 160, 162, 166, 173, 178, 179, 185, 190, 192, 198, 201, 203, 204, 206, 207, 212, 213, 214, 219, 223, 224, 225, 227, 230, 235, 237, 246, 247, 256, 259, 262, 263, 266, 268, 269, 271, 272, 278, 279, 284, 285, 288, 290, 292, 304, 306, 312, 316, 319, 320, 323, 324, 329, 332, 335, 495, 549, 574, 575, 577, 588, 589, 591, 598, 599, 600, 602, 604, 606, 607, 608, 610, 617, 618, 619, 620, 622, 625, 630, 632, 634, 638, 644, 649, 650, 656, 661, 663, 669, 673, 674, 676, 677, 682, 683, 684, 687, 688, 689, 691, 694, 699, 701, 710, 718, 722, 723, 727, 728, 730, 731, 737, 738, 743, 744, 747, 749, 751, 762, 764, 770, 774, 777, 778, 781, 782, 789, 791]","[34, 35, 36, 37, 38, 39, 40, 41, 42, 43, 44, 45, 46, 47, 48, 201, 202, 203, 204, 205, 206, 207, 208, 209, 210, 211, 212, 213, 214, 215, 216, 355, 356, 357, 358, 359, 360, 361, 429, 430, 431, 432, 433, 434, 435, 515, 516, 517, 518, 519, 520, 521, 522, 523, 524, 525, 526, 527, 672, 673, 674, 675, 676, 677, 678, 679, 680, 681, 682, 683, 684, 810, 811, 812, 813, 814, 881, 882, 883, 884, 885, 886]","[32, 33, 34, 35, 36, 37, 38, 39, 40, 41, 42, 43, 44, 45, 46, 47, 48, 201, 202, 203, 204, 205, 206, 207, 208, 209, 210, 211, 212, 213, 214, 215, 216, 355, 356, 357, 358, 359, 360, 361, 429, 430, 431, 432, 433, 434, 435, 515, 516, 517, 518, 519, 520, 521, 522, 523, 524, 525, 526, 527, 672, 673, 674, 675, 676, 677, 678, 679, 680, 681, 682, 683, 684, 810, 811, 812, 813, 814, 881, 882, 883, 884, 885, 886]","[10, 32, 33, 34, 35, 36, 37, 38, 39, 40, 41, 42, 43, 44, 45, 46, 47, 48, 75, 103, 104, 105, 106, 107, 108, 109, 110, 111, 112, 113, 114, 115, 116, 117, 118, 119, 120, 121, 122, 123, 124, 125, 126, 127, 128, 129, 130, 131, 132, 133, 134, 135, 136, 137, 138, 139, 140, 141, 142, 143, 144, 145, 146, 147, 148, 149, 150, 151, 152, 153, 154, 155, 156, 157, 158, 159, 160, 161, 162, 163, 164, 165, 166, 167, 168, 169, 170, 171, 172, 173, 174, 175, 176, 177, 178, 179, 180, 181, 182, 183, 184, 185, 186, 187, 188, 189, 190, 191, 192, 193, 194, 195, 196, 197, 198, 199, 200, 201, 202, 203, 204, 205, 206, 207, 208, 209, 210, 211, 212, 213, 214, 215, 216, 217, 218, 219, 220, 221, 222, 223, 224, 225, 226, 227, 228, 229, 230, 231, 232, 233, 234, 235, 236, 237, 238, 239, 240, 241, 242, 243, 244, 245, 246, 247, 248, 249, 250, 251, 252, 253, 254, 255, 256, 257, 258, 259, 260, 261, 262, 263, 264, 265, 266, 267, 268, 269, 270, 271, 272, 273, 274, 275, 276, 277, 278, 279, 280, 281, 282, 283, 284, 285, 286, 287, 288, 289, 290, 291, 292, 293, 294, 295, 296, 297, 298, 299, 300, 301, 302, 303, 304, 305, 306, 307, 308, 309, 310, 311, 312, 313, 314, 315, 316, 317, 318, 319, 320, 321, 322, 323, 324, 325, 326, 327, 328, 329, 330, 331, 332, 333, 334, 335, 336, 337, 355, 356, 357, 358, 359, 360, 361, 429, 430, 431, 432, 433, 434, 435, 495, 515, 516, 517, 518, 519, 520, 521, 522, 523, 524, 525, 526, 527, 549, 574, 575, 576, 577, 578, 579, 580, 581, 582, 583, 584, 585, 586, 587, 588, 589, 590, 591, 592, 593, 594, 595, 596, 597, 598, 599, 600, 601, 602, 603, 604, 605, 606, 607, 608, 609, 610, 611, 612, 613, 614, 615, 616, 617, 618, 619, 620, 621, 622, 623, 624, 625, 626, 627, 628, 629, 630, 631, 632, 633, 634, 635, 636, 637, 638, 639, 640, 641, 642, 643, 644, 645, 646, 647, 648, 649, 650, 651, 652, 653, 654, 655, 656, 657, 658, 659, 660, 661, 662, 663, 664, 665, 666, 667, 668, 669, 670, 671, 672, 673, 674, 675, 676, 677, 678, 679, 680, 681, 682, 683, 684, 685, 686, 687, 688, 689, 690, 691, 692, 693, 694, 695, 696, 697, 698, 699, 700, 701, 702, 703, 704, 705, 706, 707, 708, 709, 710, 711, 712, 713, 714, 715, 716, 717, 718, 719, 720, 721, 722, 723, 724, 725, 726, 727, 728, 729, 730, 731, 732, 733, 734, 735, 736, 737, 738, 739, 740, 741, 742, 743, 744, 745, 746, 747, 748, 749, 750, 751, 752, 753, 754, 755, 756, 757, 758, 759, 760, 761, 762, 763, 764, 765, 766, 767, 768, 769, 770, 771, 772, 773, 774, 775, 776, 777, 778, 779, 780, 781, 782, 783, 784, 785, 786, 787, 788, 789, 790, 791, 792, 793, 810, 811, 812, 813, 814, 881, 882, 883, 884, 885, 886]",True,"[166, 203, 638, 673]","[103, 104, 105, 106, 107, 108, 109, 110, 111, 112, 113, 114, 115, 116, 117, 118, 119, 120, 121, 122, 123, 124, 125, 126, 127, 128, 129, 130, 131, 132, 133, 134, 135, 136, 137, 138, 139, 140, 141, 142, 143, 144, 145, 146, 147, 148, 149, 150, 151, 152, 153, 154, 155, 156, 157, 158, 159, 160, 161, 162, 163, 164, 165, 166, 167, 168, 169, 170, 171, 172, 173, 174, 175, 176, 177, 178, 179, 180, 181, 182, 183, 184, 185, 186, 187, 188, 189, 190, 191, 192, 193, 194, 195, 196, 197, 198, 199, 200, 201, 202, 203, 204, 205, 206, 207, 208, 209, 210, 211, 212, 213, 214, 215, 216, 217, 218, 219, 220, 221, 222, 223, 224, 225, 226, 227, 228, 229, 230, 231, 232, 233, 234, 235, 236, 237, 238, 239, 240, 241, 242, 243, 244, 245, 246, 247, 248, 249, 250, 251, 252, 253, 254, 255, 256, 257, 258, 259, 260, 261, 262, 263, 264, 265, 266, 267, 268, 269, 270, 271, 272, 273, 274, 275, 276, 277, 278, 279, 280, 281, 282, 283, 284, 285, 286, 287, 288, 289, 290, 291, 292, 293, 294, 295, 296, 297, 298, 299, 300, 301, 302, 303, 304, 305, 306, 307, 308, 309, 310, 311, 312, 313, 314, 315, 316, 317, 318, 319, 320, 321, 322, 323, 324, 325, 326, 327, 328, 329, 330, 331, 332, 333, 334, 335, 336, 337, 574, 575, 576, 577, 578, 579, 580, 581, 582, 583, 584, 585, 586, 587, 588, 589, 590, 591, 592, 593, 594, 595, 596, 597, 598, 599, 600, 601, 602, 603, 604, 605, 606, 607, 608, 609, 610, 611, 612, 613, 614, 615, 616, 617, 618, 619, 620, 621, 622, 623, 624, 625, 626, 627, 628, 629, 630, 631, 632, 633, 634, 635, 636, 637, 638, 639, 640, 641, 642, 643, 644, 645, 646, 647, 648, 649, 650, 651, 652, 653, 654, 655, 656, 657, 658, 659, 660, 661, 662, 663, 664, 665, 666, 667, 668, 669, 670, 671, 672, 673, 674, 675, 676, 677, 678, 679, 680, 681, 682, 683, 684, 685, 686, 687, 688, 689, 690, 691, 692, 693, 694, 695, 696, 697, 698, 699, 700, 701, 702, 703, 704, 705, 706, 707, 708, 709, 710, 711, 712, 713, 714, 715, 716, 717, 718, 719, 720, 721, 722, 723, 724, 725, 726, 727, 728, 729, 730, 731, 732, 733, 734, 735, 736, 737, 738, 739, 740, 741, 742, 743, 744, 745, 746, 747, 748, 749, 750, 751, 752, 753, 754, 755, 756, 757, 758, 759, 760, 761, 762, 763, 764, 765, 766, 767, 768, 769, 770, 771, 772, 773, 774, 775, 776, 777, 778, 779, 780, 781, 782, 783, 784, 785, 786, 787, 788, 789, 790, 791, 792, 793]","[166, 203, 638, 673]","[166, 203, 638, 673]","[10, 75, 103, 104, 106, 117, 118, 120, 127, 128, 129, 131, 133, 135, 136, 137, 139, 146, 147, 148, 149, 151, 158, 160, 162, 166, 173, 178, 179, 185, 190, 192, 198, 201, 203, 204, 206, 207, 212, 213, 214, 219, 223, 224, 225, 227, 230, 235, 237, 246, 247, 256, 259, 262, 263, 266, 268, 269, 271, 272, 278, 279, 284, 285, 288, 290, 292, 304, 306, 312, 316, 319, 320, 323, 324, 329, 332, 335, 495, 549, 574, 575, 577, 588, 589, 591, 598, 599, 600, 602, 604, 606, 607, 608, 610, 617, 618, 619, 620, 622, 625, 630, 632, 634, 638, 644, 649, 650, 656, 661, 663, 669, 673, 674, 676, 677, 682, 683, 684, 687, 688, 689, 691, 694, 699, 701, 710, 718, 722, 723, 727, 728, 730, 731, 737, 738, 743, 744, 747, 749, 751, 762, 764, 770, 774, 777, 778, 781, 782, 789, 791]","[32, 33, 34, 35, 36, 37, 38, 39, 40, 41, 42, 43, 44, 45, 46, 47, 48, 201, 202, 203, 204, 205, 206, 207, 208, 209, 210, 211, 212, 213, 214, 215, 216, 355, 356, 357, 358, 359, 360, 361, 429, 430, 431, 432, 433, 434, 435, 515, 516, 517, 518, 519, 520, 521, 522, 523, 524, 525, 526, 527, 672, 673, 674, 675, 676, 677, 678, 679, 680, 681, 682, 683, 684, 810, 811, 812, 813, 814, 881, 882, 883, 884, 885, 886]","[34, 35, 36, 37, 38, 39, 40, 41, 42, 43, 44, 45, 46, 47, 48, 201, 202, 203, 204, 205, 206, 207, 208, 209, 210, 211, 212, 213, 214, 215, 216, 355, 356, 357, 358, 359, 360, 361, 429, 430, 431, 432, 433, 434, 435, 515, 516, 517, 518, 519, 520, 521, 522, 523, 524, 525, 526, 527, 672, 673, 674, 675, 676, 677, 678, 679, 680, 681, 682, 683, 684, 810, 811, 812, 813, 814, 881, 882, 883, 884, 885, 886]",7/6 successful match,True,[479],True,358,False,,0.9989247311827957,True,Love's Travel Stop # 223,Love's
E Ripon ( 95366 ) Love's Travel Stop # 223,209-599-0740 CA 99 Exit 237 B ( Jack Tone Rd ),>> 24 LO <U+2610>,Ripon,95366,Love's Travel Stop # 223,209-599-0740,2014,Ripon,CA,Love's,( Jack Tone Rd ),CA 99 Exit 237 B ,Exit,237,False,,False,CA 99,,,,,"[673, 203]","[166, 203, 638, 673]","[166, 203, 638, 673]","[166, 203, 638, 673]","[103, 104, 105, 106, 107, 108, 109, 110, 111, 112, 113, 114, 115, 116, 117, 118, 119, 120, 121, 122, 123, 124, 125, 126, 127, 128, 129, 130, 131, 132, 133, 134, 135, 136, 137, 138, 139, 140, 141, 142, 143, 144, 145, 146, 147, 148, 149, 150, 151, 152, 153, 154, 155, 156, 157, 158, 159, 160, 161, 162, 163, 164, 165, 166, 167, 168, 169, 170, 171, 172, 173, 174, 175, 176, 177, 178, 179, 180, 181, 182, 183, 184, 185, 186, 187, 188, 189, 190, 191, 192, 193, 194, 195, 196, 197, 198, 199, 200, 201, 202, 203, 204, 205, 206, 207, 208, 209, 210, 211, 212, 213, 214, 215, 216, 217, 218, 219, 220, 221, 222, 223, 224, 225, 226, 227, 228, 229, 230, 231, 232, 233, 234, 235, 236, 237, 238, 239, 240, 241, 242, 243, 244, 245, 246, 247, 248, 249, 250, 251, 252, 253, 254, 255, 256, 257, 258, 259, 260, 261, 262, 263, 264, 265, 266, 267, 268, 269, 270, 271, 272, 273, 274, 275, 276, 277, 278, 279, 280, 281, 282, 283, 284, 285, 286, 287, 288, 289, 290, 291, 292, 293, 294, 295, 296, 297, 298, 299, 300, 301, 302, 303, 304, 305, 306, 307, 308, 309, 310, 311, 312, 313, 314, 315, 316, 317, 318, 319, 320, 321, 322, 323, 324, 325, 326, 327, 328, 329, 330, 331, 332, 333, 334, 335, 336, 337, 574, 575, 576, 577, 578, 579, 580, 581, 582, 583, 584, 585, 586, 587, 588, 589, 590, 591, 592, 593, 594, 595, 596, 597, 598, 599, 600, 601, 602, 603, 604, 605, 606, 607, 608, 609, 610, 611, 612, 613, 614, 615, 616, 617, 618, 619, 620, 621, 622, 623, 624, 625, 626, 627, 628, 629, 630, 631, 632, 633, 634, 635, 636, 637, 638, 639, 640, 641, 642, 643, 644, 645, 646, 647, 648, 649, 650, 651, 652, 653, 654, 655, 656, 657, 658, 659, 660, 661, 662, 663, 664, 665, 666, 667, 668, 669, 670, 671, 672, 673, 674, 675, 676, 677, 678, 679, 680, 681, 682, 683, 684, 685, 686, 687, 688, 689, 690, 691, 692, 693, 694, 695, 696, 697, 698, 699, 700, 701, 702, 703, 704, 705, 706, 707, 708, 709, 710, 711, 712, 713, 714, 715, 716, 717, 718, 719, 720, 721, 722, 723, 724, 725, 726, 727, 728, 729, 730, 731, 732, 733, 734, 735, 736, 737, 738, 739, 740, 741, 742, 743, 744, 745, 746, 747, 748, 749, 750, 751, 752, 753, 754, 755, 756, 757, 758, 759, 760, 761, 762, 763, 764, 765, 766, 767, 768, 769, 770, 771, 772, 773, 774, 775, 776, 777, 778, 779, 780, 781, 782, 783, 784, 785, 786, 787, 788, 789, 790, 791, 792, 793]","[10, 75, 103, 104, 106, 117, 118, 120, 127, 128, 129, 131, 133, 135, 136, 137, 139, 146, 147, 148, 149, 151, 158, 160, 162, 166, 173, 178, 179, 185, 190, 192, 198, 201, 203, 204, 206, 207, 212, 213, 214, 219, 223, 224, 225, 227, 230, 235, 237, 246, 247, 256, 259, 262, 263, 266, 268, 269, 271, 272, 278, 279, 284, 285, 288, 290, 292, 304, 306, 312, 316, 319, 320, 323, 324, 329, 332, 335, 495, 549, 574, 575, 577, 588, 589, 591, 598, 599, 600, 602, 604, 606, 607, 608, 610, 617, 618, 619, 620, 622, 625, 630, 632, 634, 638, 644, 649, 650, 656, 661, 663, 669, 673, 674, 676, 677, 682, 683, 684, 687, 688, 689, 691, 694, 699, 701, 710, 718, 722, 723, 727, 728, 730, 731, 737, 738, 743, 744, 747, 749, 751, 762, 764, 770, 774, 777, 778, 781, 782, 789, 791]","[34, 35, 36, 37, 38, 39, 40, 41, 42, 43, 44, 45, 46, 47, 48, 201, 202, 203, 204, 205, 206, 207, 208, 209, 210, 211, 212, 213, 214, 215, 216, 355, 356, 357, 358, 359, 360, 361, 429, 430, 431, 432, 433, 434, 435, 515, 516, 517, 518, 519, 520, 521, 522, 523, 524, 525, 526, 527, 672, 673, 674, 675, 676, 677, 678, 679, 680, 681, 682, 683, 684, 810, 811, 812, 813, 814, 881, 882, 883, 884, 885, 886]","[32, 33, 34, 35, 36, 37, 38, 39, 40, 41, 42, 43, 44, 45, 46, 47, 48, 201, 202, 203, 204, 205, 206, 207, 208, 209, 210, 211, 212, 213, 214, 215, 216, 355, 356, 357, 358, 359, 360, 361, 429, 430, 431, 432, 433, 434, 435, 515, 516, 517, 518, 519, 520, 521, 522, 523, 524, 525, 526, 527, 672, 673, 674, 675, 676, 677, 678, 679, 680, 681, 682, 683, 684, 810, 811, 812, 813, 814, 881, 882, 883, 884, 885, 886]","[10, 32, 33, 34, 35, 36, 37, 38, 39, 40, 41, 42, 43, 44, 45, 46, 47, 48, 75, 103, 104, 105, 106, 107, 108, 109, 110, 111, 112, 113, 114, 115, 116, 117, 118, 119, 120, 121, 122, 123, 124, 125, 126, 127, 128, 129, 130, 131, 132, 133, 134, 135, 136, 137, 138, 139, 140, 141, 142, 143, 144, 145, 146, 147, 148, 149, 150, 151, 152, 153, 154, 155, 156, 157, 158, 159, 160, 161, 162, 163, 164, 165, 166, 167, 168, 169, 170, 171, 172, 173, 174, 175, 176, 177, 178, 179, 180, 181, 182, 183, 184, 185, 186, 187, 188, 189, 190, 191, 192, 193, 194, 195, 196, 197, 198, 199, 200, 201, 202, 203, 204, 205, 206, 207, 208, 209, 210, 211, 212, 213, 214, 215, 216, 217, 218, 219, 220, 221, 222, 223, 224, 225, 226, 227, 228, 229, 230, 231, 232, 233, 234, 235, 236, 237, 238, 239, 240, 241, 242, 243, 244, 245, 246, 247, 248, 249, 250, 251, 252, 253, 254, 255, 256, 257, 258, 259, 260, 261, 262, 263, 264, 265, 266, 267, 268, 269, 270, 271, 272, 273, 274, 275, 276, 277, 278, 279, 280, 281, 282, 283, 284, 285, 286, 287, 288, 289, 290, 291, 292, 293, 294, 295, 296, 297, 298, 299, 300, 301, 302, 303, 304, 305, 306, 307, 308, 309, 310, 311, 312, 313, 314, 315, 316, 317, 318, 319, 320, 321, 322, 323, 324, 325, 326, 327, 328, 329, 330, 331, 332, 333, 334, 335, 336, 337, 355, 356, 357, 358, 359, 360, 361, 429, 430, 431, 432, 433, 434, 435, 495, 515, 516, 517, 518, 519, 520, 521, 522, 523, 524, 525, 526, 527, 549, 574, 575, 576, 577, 578, 579, 580, 581, 582, 583, 584, 585, 586, 587, 588, 589, 590, 591, 592, 593, 594, 595, 596, 597, 598, 599, 600, 601, 602, 603, 604, 605, 606, 607, 608, 609, 610, 611, 612, 613, 614, 615, 616, 617, 618, 619, 620, 621, 622, 623, 624, 625, 626, 627, 628, 629, 630, 631, 632, 633, 634, 635, 636, 637, 638, 639, 640, 641, 642, 643, 644, 645, 646, 647, 648, 649, 650, 651, 652, 653, 654, 655, 656, 657, 658, 659, 660, 661, 662, 663, 664, 665, 666, 667, 668, 669, 670, 671, 672, 673, 674, 675, 676, 677, 678, 679, 680, 681, 682, 683, 684, 685, 686, 687, 688, 689, 690, 691, 692, 693, 694, 695, 696, 697, 698, 699, 700, 701, 702, 703, 704, 705, 706, 707, 708, 709, 710, 711, 712, 713, 714, 715, 716, 717, 718, 719, 720, 721, 722, 723, 724, 725, 726, 727, 728, 729, 730, 731, 732, 733, 734, 735, 736, 737, 738, 739, 740, 741, 742, 743, 744, 745, 746, 747, 748, 749, 750, 751, 752, 753, 754, 755, 756, 757, 758, 759, 760, 761, 762, 763, 764, 765, 766, 767, 768, 769, 770, 771, 772, 773, 774, 775, 776, 777, 778, 779, 780, 781, 782, 783, 784, 785, 786, 787, 788, 789, 790, 791, 792, 793, 810, 811, 812, 813, 814, 881, 882, 883, 884, 885, 886]",True,"[166, 203, 638, 673]","[103, 104, 105, 106, 107, 108, 109, 110, 111, 112, 113, 114, 115, 116, 117, 118, 119, 120, 121, 122, 123, 124, 125, 126, 127, 128, 129, 130, 131, 132, 133, 134, 135, 136, 137, 138, 139, 140, 141, 142, 143, 144, 145, 146, 147, 148, 149, 150, 151, 152, 153, 154, 155, 156, 157, 158, 159, 160, 161, 162, 163, 164, 165, 166, 167, 168, 169, 170, 171, 172, 173, 174, 175, 176, 177, 178, 179, 180, 181, 182, 183, 184, 185, 186, 187, 188, 189, 190, 191, 192, 193, 194, 195, 196, 197, 198, 199, 200, 201, 202, 203, 204, 205, 206, 207, 208, 209, 210, 211, 212, 213, 214, 215, 216, 217, 218, 219, 220, 221, 222, 223, 224, 225, 226, 227, 228, 229, 230, 231, 232, 233, 234, 235, 236, 237, 238, 239, 240, 241, 242, 243, 244, 245, 246, 247, 248, 249, 250, 251, 252, 253, 254, 255, 256, 257, 258, 259, 260, 261, 262, 263, 264, 265, 266, 267, 268, 269, 270, 271, 272, 273, 274, 275, 276, 277, 278, 279, 280, 281, 282, 283, 284, 285, 286, 287, 288, 289, 290, 291, 292, 293, 294, 295, 296, 297, 298, 299, 300, 301, 302, 303, 304, 305, 306, 307, 308, 309, 310, 311, 312, 313, 314, 315, 316, 317, 318, 319, 320, 321, 322, 323, 324, 325, 326, 327, 328, 329, 330, 331, 332, 333, 334, 335, 336, 337, 574, 575, 576, 577, 578, 579, 580, 581, 582, 583, 584, 585, 586, 587, 588, 589, 590, 591, 592, 593, 594, 595, 596, 597, 598, 599, 600, 601, 602, 603, 604, 605, 606, 607, 608, 609, 610, 611, 612, 613, 614, 615, 616, 617, 618, 619, 620, 621, 622, 623, 624, 625, 626, 627, 628, 629, 630, 631, 632, 633, 634, 635, 636, 637, 638, 639, 640, 641, 642, 643, 644, 645, 646, 647, 648, 649, 650, 651, 652, 653, 654, 655, 656, 657, 658, 659, 660, 661, 662, 663, 664, 665, 666, 667, 668, 669, 670, 671, 672, 673, 674, 675, 676, 677, 678, 679, 680, 681, 682, 683, 684, 685, 686, 687, 688, 689, 690, 691, 692, 693, 694, 695, 696, 697, 698, 699, 700, 701, 702, 703, 704, 705, 706, 707, 708, 709, 710, 711, 712, 713, 714, 715, 716, 717, 718, 719, 720, 721, 722, 723, 724, 725, 726, 727, 728, 729, 730, 731, 732, 733, 734, 735, 736, 737, 738, 739, 740, 741, 742, 743, 744, 745, 746, 747, 748, 749, 750, 751, 752, 753, 754, 755, 756, 757, 758, 759, 760, 761, 762, 763, 764, 765, 766, 767, 768, 769, 770, 771, 772, 773, 774, 775, 776, 777, 778, 779, 780, 781, 782, 783, 784, 785, 786, 787, 788, 789, 790, 791, 792, 793]","[166, 203, 638, 673]","[166, 203, 638, 673]","[10, 75, 103, 104, 106, 117, 118, 120, 127, 128, 129, 131, 133, 135, 136, 137, 139, 146, 147, 148, 149, 151, 158, 160, 162, 166, 173, 178, 179, 185, 190, 192, 198, 201, 203, 204, 206, 207, 212, 213, 214, 219, 223, 224, 225, 227, 230, 235, 237, 246, 247, 256, 259, 262, 263, 266, 268, 269, 271, 272, 278, 279, 284, 285, 288, 290, 292, 304, 306, 312, 316, 319, 320, 323, 324, 329, 332, 335, 495, 549, 574, 575, 577, 588, 589, 591, 598, 599, 600, 602, 604, 606, 607, 608, 610, 617, 618, 619, 620, 622, 625, 630, 632, 634, 638, 644, 649, 650, 656, 661, 663, 669, 673, 674, 676, 677, 682, 683, 684, 687, 688, 689, 691, 694, 699, 701, 710, 718, 722, 723, 727, 728, 730, 731, 737, 738, 743, 744, 747, 749, 751, 762, 764, 770, 774, 777, 778, 781, 782, 789, 791]","[32, 33, 34, 35, 36, 37, 38, 39, 40, 41, 42, 43, 44, 45, 46, 47, 48, 201, 202, 203, 204, 205, 206, 207, 208, 209, 210, 211, 212, 213, 214, 215, 216, 355, 356, 357, 358, 359, 360, 361, 429, 430, 431, 432, 433, 434, 435, 515, 516, 517, 518, 519, 520, 521, 522, 523, 524, 525, 526, 527, 672, 673, 674, 675, 676, 677, 678, 679, 680, 681, 682, 683, 684, 810, 811, 812, 813, 814, 881, 882, 883, 884, 885, 886]","[34, 35, 36, 37, 38, 39, 40, 41, 42, 43, 44, 45, 46, 47, 48, 201, 202, 203, 204, 205, 206, 207, 208, 209, 210, 211, 212, 213, 214, 215, 216, 355, 356, 357, 358, 359, 360, 361, 429, 430, 431, 432, 433, 434, 435, 515, 516, 517, 518, 519, 520, 521, 522, 523, 524, 525, 526, 527, 672, 673, 674, 675, 676, 677, 678, 679, 680, 681, 682, 683, 684, 810, 811, 812, 813, 814, 881, 882, 883, 884, 885, 886]",7/6 successful match,True,[479],True,358,False,,0.9989247311827957,True,Love's Travel Stop # 223 / Erlandson ),Love's
E Ripon ( 95366 ) Love's Travel Stop # 223,2 209-599-0740 CA 99 Exit 237 B ( Jack Tone Rd ),24 3P <U+25A1>,Ripon,95366,Love's Travel Stop # 223,209-599-0740,2015,Ripon,CA,Love's,( Jack Tone Rd ),CA 99 Exit 237 B ,Exit,237,False,,False,CA 99,,,,,"[673, 203]","[166, 203, 638, 673]","[166, 203, 638, 673]","[166, 203, 638, 673]","[103, 104, 105, 106, 107, 108, 109, 110, 111, 112, 113, 114, 115, 116, 117, 118, 119, 120, 121, 122, 123, 124, 125, 126, 127, 128, 129, 130, 131, 132, 133, 134, 135, 136, 137, 138, 139, 140, 141, 142, 143, 144, 145, 146, 147, 148, 149, 150, 151, 152, 153, 154, 155, 156, 157, 158, 159, 160, 161, 162, 163, 164, 165, 166, 167, 168, 169, 170, 171, 172, 173, 174, 175, 176, 177, 178, 179, 180, 181, 182, 183, 184, 185, 186, 187, 188, 189, 190, 191, 192, 193, 194, 195, 196, 197, 198, 199, 200, 201, 202, 203, 204, 205, 206, 207, 208, 209, 210, 211, 212, 213, 214, 215, 216, 217, 218, 219, 220, 221, 222, 223, 224, 225, 226, 227, 228, 229, 230, 231, 232, 233, 234, 235, 236, 237, 238, 239, 240, 241, 242, 243, 244, 245, 246, 247, 248, 249, 250, 251, 252, 253, 254, 255, 256, 257, 258, 259, 260, 261, 262, 263, 264, 265, 266, 267, 268, 269, 270, 271, 272, 273, 274, 275, 276, 277, 278, 279, 280, 281, 282, 283, 284, 285, 286, 287, 288, 289, 290, 291, 292, 293, 294, 295, 296, 297, 298, 299, 300, 301, 302, 303, 304, 305, 306, 307, 308, 309, 310, 311, 312, 313, 314, 315, 316, 317, 318, 319, 320, 321, 322, 323, 324, 325, 326, 327, 328, 329, 330, 331, 332, 333, 334, 335, 336, 337, 574, 575, 576, 577, 578, 579, 580, 581, 582, 583, 584, 585, 586, 587, 588, 589, 590, 591, 592, 593, 594, 595, 596, 597, 598, 599, 600, 601, 602, 603, 604, 605, 606, 607, 608, 609, 610, 611, 612, 613, 614, 615, 616, 617, 618, 619, 620, 621, 622, 623, 624, 625, 626, 627, 628, 629, 630, 631, 632, 633, 634, 635, 636, 637, 638, 639, 640, 641, 642, 643, 644, 645, 646, 647, 648, 649, 650, 651, 652, 653, 654, 655, 656, 657, 658, 659, 660, 661, 662, 663, 664, 665, 666, 667, 668, 669, 670, 671, 672, 673, 674, 675, 676, 677, 678, 679, 680, 681, 682, 683, 684, 685, 686, 687, 688, 689, 690, 691, 692, 693, 694, 695, 696, 697, 698, 699, 700, 701, 702, 703, 704, 705, 706, 707, 708, 709, 710, 711, 712, 713, 714, 715, 716, 717, 718, 719, 720, 721, 722, 723, 724, 725, 726, 727, 728, 729, 730, 731, 732, 733, 734, 735, 736, 737, 738, 739, 740, 741, 742, 743, 744, 745, 746, 747, 748, 749, 750, 751, 752, 753, 754, 755, 756, 757, 758, 759, 760, 761, 762, 763, 764, 765, 766, 767, 768, 769, 770, 771, 772, 773, 774, 775, 776, 777, 778, 779, 780, 781, 782, 783, 784, 785, 786, 787, 788, 789, 790, 791, 792, 793]","[10, 75, 103, 104, 106, 117, 118, 120, 127, 128, 129, 131, 133, 135, 136, 137, 139, 146, 147, 148, 149, 151, 158, 160, 162, 166, 173, 178, 179, 185, 190, 192, 198, 201, 203, 204, 206, 207, 212, 213, 214, 219, 223, 224, 225, 227, 230, 235, 237, 246, 247, 256, 259, 262, 263, 266, 268, 269, 271, 272, 278, 279, 284, 285, 288, 290, 292, 304, 306, 312, 316, 319, 320, 323, 324, 329, 332, 335, 495, 549, 574, 575, 577, 588, 589, 591, 598, 599, 600, 602, 604, 606, 607, 608, 610, 617, 618, 619, 620, 622, 625, 630, 632, 634, 638, 644, 649, 650, 656, 661, 663, 669, 673, 674, 676, 677, 682, 683, 684, 687, 688, 689, 691, 694, 699, 701, 710, 718, 722, 723, 727, 728, 730, 731, 737, 738, 743, 744, 747, 749, 751, 762, 764, 770, 774, 777, 778, 781, 782, 789, 791]","[34, 35, 36, 37, 38, 39, 40, 41, 42, 43, 44, 45, 46, 47, 48, 201, 202, 203, 204, 205, 206, 207, 208, 209, 210, 211, 212, 213, 214, 215, 216, 355, 356, 357, 358, 359, 360, 361, 429, 430, 431, 432, 433, 434, 435, 515, 516, 517, 518, 519, 520, 521, 522, 523, 524, 525, 526, 527, 672, 673, 674, 675, 676, 677, 678, 679, 680, 681, 682, 683, 684, 810, 811, 812, 813, 814, 881, 882, 883, 884, 885, 886]","[32, 33, 34, 35, 36, 37, 38, 39, 40, 41, 42, 43, 44, 45, 46, 47, 48, 201, 202, 203, 204, 205, 206, 207, 208, 209, 210, 211, 212, 213, 214, 215, 216, 355, 356, 357, 358, 359, 360, 361, 429, 430, 431, 432, 433, 434, 435, 515, 516, 517, 518, 519, 520, 521, 522, 523, 524, 525, 526, 527, 672, 673, 674, 675, 676, 677, 678, 679, 680, 681, 682, 683, 684, 810, 811, 812, 813, 814, 881, 882, 883, 884, 885, 886]","[10, 32, 33, 34, 35, 36, 37, 38, 39, 40, 41, 42, 43, 44, 45, 46, 47, 48, 75, 103, 104, 105, 106, 107, 108, 109, 110, 111, 112, 113, 114, 115, 116, 117, 118, 119, 120, 121, 122, 123, 124, 125, 126, 127, 128, 129, 130, 131, 132, 133, 134, 135, 136, 137, 138, 139, 140, 141, 142, 143, 144, 145, 146, 147, 148, 149, 150, 151, 152, 153, 154, 155, 156, 157, 158, 159, 160, 161, 162, 163, 164, 165, 166, 167, 168, 169, 170, 171, 172, 173, 174, 175, 176, 177, 178, 179, 180, 181, 182, 183, 184, 185, 186, 187, 188, 189, 190, 191, 192, 193, 194, 195, 196, 197, 198, 199, 200, 201, 202, 203, 204, 205, 206, 207, 208, 209, 210, 211, 212, 213, 214, 215, 216, 217, 218, 219, 220, 221, 222, 223, 224, 225, 226, 227, 228, 229, 230, 231, 232, 233, 234, 235, 236, 237, 238, 239, 240, 241, 242, 243, 244, 245, 246, 247, 248, 249, 250, 251, 252, 253, 254, 255, 256, 257, 258, 259, 260, 261, 262, 263, 264, 265, 266, 267, 268, 269, 270, 271, 272, 273, 274, 275, 276, 277, 278, 279, 280, 281, 282, 283, 284, 285, 286, 287, 288, 289, 290, 291, 292, 293, 294, 295, 296, 297, 298, 299, 300, 301, 302, 303, 304, 305, 306, 307, 308, 309, 310, 311, 312, 313, 314, 315, 316, 317, 318, 319, 320, 321, 322, 323, 324, 325, 326, 327, 328, 329, 330, 331, 332, 333, 334, 335, 336, 337, 355, 356, 357, 358, 359, 360, 361, 429, 430, 431, 432, 433, 434, 435, 495, 515, 516, 517, 518, 519, 520, 521, 522, 523, 524, 525, 526, 527, 549, 574, 575, 576, 577, 578, 579, 580, 581, 582, 583, 584, 585, 586, 587, 588, 589, 590, 591, 592, 593, 594, 595, 596, 597, 598, 599, 600, 601, 602, 603, 604, 605, 606, 607, 608, 609, 610, 611, 612, 613, 614, 615, 616, 617, 618, 619, 620, 621, 622, 623, 624, 625, 626, 627, 628, 629, 630, 631, 632, 633, 634, 635, 636, 637, 638, 639, 640, 641, 642, 643, 644, 645, 646, 647, 648, 649, 650, 651, 652, 653, 654, 655, 656, 657, 658, 659, 660, 661, 662, 663, 664, 665, 666, 667, 668, 669, 670, 671, 672, 673, 674, 675, 676, 677, 678, 679, 680, 681, 682, 683, 684, 685, 686, 687, 688, 689, 690, 691, 692, 693, 694, 695, 696, 697, 698, 699, 700, 701, 702, 703, 704, 705, 706, 707, 708, 709, 710, 711, 712, 713, 714, 715, 716, 717, 718, 719, 720, 721, 722, 723, 724, 725, 726, 727, 728, 729, 730, 731, 732, 733, 734, 735, 736, 737, 738, 739, 740, 741, 742, 743, 744, 745, 746, 747, 748, 749, 750, 751, 752, 753, 754, 755, 756, 757, 758, 759, 760, 761, 762, 763, 764, 765, 766, 767, 768, 769, 770, 771, 772, 773, 774, 775, 776, 777, 778, 779, 780, 781, 782, 783, 784, 785, 786, 787, 788, 789, 790, 791, 792, 793, 810, 811, 812, 813, 814, 881, 882, 883, 884, 885, 886]",True,"[166, 203, 638, 673]","[103, 104, 105, 106, 107, 108, 109, 110, 111, 112, 113, 114, 115, 116, 117, 118, 119, 120, 121, 122, 123, 124, 125, 126, 127, 128, 129, 130, 131, 132, 133, 134, 135, 136, 137, 138, 139, 140, 141, 142, 143, 144, 145, 146, 147, 148, 149, 150, 151, 152, 153, 154, 155, 156, 157, 158, 159, 160, 161, 162, 163, 164, 165, 166, 167, 168, 169, 170, 171, 172, 173, 174, 175, 176, 177, 178, 179, 180, 181, 182, 183, 184, 185, 186, 187, 188, 189, 190, 191, 192, 193, 194, 195, 196, 197, 198, 199, 200, 201, 202, 203, 204, 205, 206, 207, 208, 209, 210, 211, 212, 213, 214, 215, 216, 217, 218, 219, 220, 221, 222, 223, 224, 225, 226, 227, 228, 229, 230, 231, 232, 233, 234, 235, 236, 237, 238, 239, 240, 241, 242, 243, 244, 245, 246, 247, 248, 249, 250, 251, 252, 253, 254, 255, 256, 257, 258, 259, 260, 261, 262, 263, 264, 265, 266, 267, 268, 269, 270, 271, 272, 273, 274, 275, 276, 277, 278, 279, 280, 281, 282, 283, 284, 285, 286, 287, 288, 289, 290, 291, 292, 293, 294, 295, 296, 297, 298, 299, 300, 301, 302, 303, 304, 305, 306, 307, 308, 309, 310, 311, 312, 313, 314, 315, 316, 317, 318, 319, 320, 321, 322, 323, 324, 325, 326, 327, 328, 329, 330, 331, 332, 333, 334, 335, 336, 337, 574, 575, 576, 577, 578, 579, 580, 581, 582, 583, 584, 585, 586, 587, 588, 589, 590, 591, 592, 593, 594, 595, 596, 597, 598, 599, 600, 601, 602, 603, 604, 605, 606, 607, 608, 609, 610, 611, 612, 613, 614, 615, 616, 617, 618, 619, 620, 621, 622, 623, 624, 625, 626, 627, 628, 629, 630, 631, 632, 633, 634, 635, 636, 637, 638, 639, 640, 641, 642, 643, 644, 645, 646, 647, 648, 649, 650, 651, 652, 653, 654, 655, 656, 657, 658, 659, 660, 661, 662, 663, 664, 665, 666, 667, 668, 669, 670, 671, 672, 673, 674, 675, 676, 677, 678, 679, 680, 681, 682, 683, 684, 685, 686, 687, 688, 689, 690, 691, 692, 693, 694, 695, 696, 697, 698, 699, 700, 701, 702, 703, 704, 705, 706, 707, 708, 709, 710, 711, 712, 713, 714, 715, 716, 717, 718, 719, 720, 721, 722, 723, 724, 725, 726, 727, 728, 729, 730, 731, 732, 733, 734, 735, 736, 737, 738, 739, 740, 741, 742, 743, 744, 745, 746, 747, 748, 749, 750, 751, 752, 753, 754, 755, 756, 757, 758, 759, 760, 761, 762, 763, 764, 765, 766, 767, 768, 769, 770, 771, 772, 773, 774, 775, 776, 777, 778, 779, 780, 781, 782, 783, 784, 785, 786, 787, 788, 789, 790, 791, 792, 793]","[166, 203, 638, 673]","[166, 203, 638, 673]","[10, 75, 103, 104, 106, 117, 118, 120, 127, 128, 129, 131, 133, 135, 136, 137, 139, 146, 147, 148, 149, 151, 158, 160, 162, 166, 173, 178, 179, 185, 190, 192, 198, 201, 203, 204, 206, 207, 212, 213, 214, 219, 223, 224, 225, 227, 230, 235, 237, 246, 247, 256, 259, 262, 263, 266, 268, 269, 271, 272, 278, 279, 284, 285, 288, 290, 292, 304, 306, 312, 316, 319, 320, 323, 324, 329, 332, 335, 495, 549, 574, 575, 577, 588, 589, 591, 598, 599, 600, 602, 604, 606, 607, 608, 610, 617, 618, 619, 620, 622, 625, 630, 632, 634, 638, 644, 649, 650, 656, 661, 663, 669, 673, 674, 676, 677, 682, 683, 684, 687, 688, 689, 691, 694, 699, 701, 710, 718, 722, 723, 727, 728, 730, 731, 737, 738, 743, 744, 747, 749, 751, 762, 764, 770, 774, 777, 778, 781, 782, 789, 791]","[32, 33, 34, 35, 36, 37, 38, 39, 40, 41, 42, 43, 44, 45, 46, 47, 48, 201, 202, 203, 204, 205, 206, 207, 208, 209, 210, 211, 212, 213, 214, 215, 216, 355, 356, 357, 358, 359, 360, 361, 429, 430, 431, 432, 433, 434, 435, 515, 516, 517, 518, 519, 520, 521, 522, 523, 524, 525, 526, 527, 672, 673, 674, 675, 676, 677, 678, 679, 680, 681, 682, 683, 684, 810, 811, 812, 813, 814, 881, 882, 883, 884, 885, 886]","[34, 35, 36, 37, 38, 39, 40, 41, 42, 43, 44, 45, 46, 47, 48, 201, 202, 203, 204, 205, 206, 207, 208, 209, 210, 211, 212, 213, 214, 215, 216, 355, 356, 357, 358, 359, 360, 361, 429, 430, 431, 432, 433, 434, 435, 515, 516, 517, 518, 519, 520, 521, 522, 523, 524, 525, 526, 527, 672, 673, 674, 675, 676, 677, 678, 679, 680, 681, 682, 683, 684, 810, 811, 812, 813, 814, 881, 882, 883, 884, 885, 886]",7/6 successful match,True,[479],True,358,False,,1.0,True,Love's Travel Stop # 223,Love's
E Ripon ( 95366 ) Love's Travel Stop # 223,2 209-599-0740 CA 99 Exit 237 B ( Jack Tone Rd ) .,24 LO <U+2610> 24,Ripon,95366,Love's Travel Stop # 223,209-599-0740,2016,Ripon,CA,Love's,( Jack Tone Rd ) .,CA 99 Exit 237 B ,Exit,237,False,,False,CA 99,,,,,"[673, 203]","[166, 203, 638, 673]","[166, 203, 638, 673]","[166, 203, 638, 673]","[103, 104, 105, 106, 107, 108, 109, 110, 111, 112, 113, 114, 115, 116, 117, 118, 119, 120, 121, 122, 123, 124, 125, 126, 127, 128, 129, 130, 131, 132, 133, 134, 135, 136, 137, 138, 139, 140, 141, 142, 143, 144, 145, 146, 147, 148, 149, 150, 151, 152, 153, 154, 155, 156, 157, 158, 159, 160, 161, 162, 163, 164, 165, 166, 167, 168, 169, 170, 171, 172, 173, 174, 175, 176, 177, 178, 179, 180, 181, 182, 183, 184, 185, 186, 187, 188, 189, 190, 191, 192, 193, 194, 195, 196, 197, 198, 199, 200, 201, 202, 203, 204, 205, 206, 207, 208, 209, 210, 211, 212, 213, 214, 215, 216, 217, 218, 219, 220, 221, 222, 223, 224, 225, 226, 227, 228, 229, 230, 231, 232, 233, 234, 235, 236, 237, 238, 239, 240, 241, 242, 243, 244, 245, 246, 247, 248, 249, 250, 251, 252, 253, 254, 255, 256, 257, 258, 259, 260, 261, 262, 263, 264, 265, 266, 267, 268, 269, 270, 271, 272, 273, 274, 275, 276, 277, 278, 279, 280, 281, 282, 283, 284, 285, 286, 287, 288, 289, 290, 291, 292, 293, 294, 295, 296, 297, 298, 299, 300, 301, 302, 303, 304, 305, 306, 307, 308, 309, 310, 311, 312, 313, 314, 315, 316, 317, 318, 319, 320, 321, 322, 323, 324, 325, 326, 327, 328, 329, 330, 331, 332, 333, 334, 335, 336, 337, 574, 575, 576, 577, 578, 579, 580, 581, 582, 583, 584, 585, 586, 587, 588, 589, 590, 591, 592, 593, 594, 595, 596, 597, 598, 599, 600, 601, 602, 603, 604, 605, 606, 607, 608, 609, 610, 611, 612, 613, 614, 615, 616, 617, 618, 619, 620, 621, 622, 623, 624, 625, 626, 627, 628, 629, 630, 631, 632, 633, 634, 635, 636, 637, 638, 639, 640, 641, 642, 643, 644, 645, 646, 647, 648, 649, 650, 651, 652, 653, 654, 655, 656, 657, 658, 659, 660, 661, 662, 663, 664, 665, 666, 667, 668, 669, 670, 671, 672, 673, 674, 675, 676, 677, 678, 679, 680, 681, 682, 683, 684, 685, 686, 687, 688, 689, 690, 691, 692, 693, 694, 695, 696, 697, 698, 699, 700, 701, 702, 703, 704, 705, 706, 707, 708, 709, 710, 711, 712, 713, 714, 715, 716, 717, 718, 719, 720, 721, 722, 723, 724, 725, 726, 727, 728, 729, 730, 731, 732, 733, 734, 735, 736, 737, 738, 739, 740, 741, 742, 743, 744, 745, 746, 747, 748, 749, 750, 751, 752, 753, 754, 755, 756, 757, 758, 759, 760, 761, 762, 763, 764, 765, 766, 767, 768, 769, 770, 771, 772, 773, 774, 775, 776, 777, 778, 779, 780, 781, 782, 783, 784, 785, 786, 787, 788, 789, 790, 791, 792, 793]","[10, 75, 103, 104, 106, 117, 118, 120, 127, 128, 129, 131, 133, 135, 136, 137, 139, 146, 147, 148, 149, 151, 158, 160, 162, 166, 173, 178, 179, 185, 190, 192, 198, 201, 203, 204, 206, 207, 212, 213, 214, 219, 223, 224, 225, 227, 230, 235, 237, 246, 247, 256, 259, 262, 263, 266, 268, 269, 271, 272, 278, 279, 284, 285, 288, 290, 292, 304, 306, 312, 316, 319, 320, 323, 324, 329, 332, 335, 495, 549, 574, 575, 577, 588, 589, 591, 598, 599, 600, 602, 604, 606, 607, 608, 610, 617, 618, 619, 620, 622, 625, 630, 632, 634, 638, 644, 649, 650, 656, 661, 663, 669, 673, 674, 676, 677, 682, 683, 684, 687, 688, 689, 691, 694, 699, 701, 710, 718, 722, 723, 727, 728, 730, 731, 737, 738, 743, 744, 747, 749, 751, 762, 764, 770, 774, 777, 778, 781, 782, 789, 791]","[34, 35, 36, 37, 38, 39, 40, 41, 42, 43, 44, 45, 46, 47, 48, 201, 202, 203, 204, 205, 206, 207, 208, 209, 210, 211, 212, 213, 214, 215, 216, 355, 356, 357, 358, 359, 360, 361, 429, 430, 431, 432, 433, 434, 435, 515, 516, 517, 518, 519, 520, 521, 522, 523, 524, 525, 526, 527, 672, 673, 674, 675, 676, 677, 678, 679, 680, 681, 682, 683, 684, 810, 811, 812, 813, 814, 881, 882, 883, 884, 885, 886]","[32, 33, 34, 35, 36, 37, 38, 39, 40, 41, 42, 43, 44, 45, 46, 47, 48, 201, 202, 203, 204, 205, 206, 207, 208, 209, 210, 211, 212, 213, 214, 215, 216, 355, 356, 357, 358, 359, 360, 361, 429, 430, 431, 432, 433, 434, 435, 515, 516, 517, 518, 519, 520, 521, 522, 523, 524, 525, 526, 527, 672, 673, 674, 675, 676, 677, 678, 679, 680, 681, 682, 683, 684, 810, 811, 812, 813, 814, 881, 882, 883, 884, 885, 886]","[10, 32, 33, 34, 35, 36, 37, 38, 39, 40, 41, 42, 43, 44, 45, 46, 47, 48, 75, 103, 104, 105, 106, 107, 108, 109, 110, 111, 112, 113, 114, 115, 116, 117, 118, 119, 120, 121, 122, 123, 124, 125, 126, 127, 128, 129, 130, 131, 132, 133, 134, 135, 136, 137, 138, 139, 140, 141, 142, 143, 144, 145, 146, 147, 148, 149, 150, 151, 152, 153, 154, 155, 156, 157, 158, 159, 160, 161, 162, 163, 164, 165, 166, 167, 168, 169, 170, 171, 172, 173, 174, 175, 176, 177, 178, 179, 180, 181, 182, 183, 184, 185, 186, 187, 188, 189, 190, 191, 192, 193, 194, 195, 196, 197, 198, 199, 200, 201, 202, 203, 204, 205, 206, 207, 208, 209, 210, 211, 212, 213, 214, 215, 216, 217, 218, 219, 220, 221, 222, 223, 224, 225, 226, 227, 228, 229, 230, 231, 232, 233, 234, 235, 236, 237, 238, 239, 240, 241, 242, 243, 244, 245, 246, 247, 248, 249, 250, 251, 252, 253, 254, 255, 256, 257, 258, 259, 260, 261, 262, 263, 264, 265, 266, 267, 268, 269, 270, 271, 272, 273, 274, 275, 276, 277, 278, 279, 280, 281, 282, 283, 284, 285, 286, 287, 288, 289, 290, 291, 292, 293, 294, 295, 296, 297, 298, 299, 300, 301, 302, 303, 304, 305, 306, 307, 308, 309, 310, 311, 312, 313, 314, 315, 316, 317, 318, 319, 320, 321, 322, 323, 324, 325, 326, 327, 328, 329, 330, 331, 332, 333, 334, 335, 336, 337, 355, 356, 357, 358, 359, 360, 361, 429, 430, 431, 432, 433, 434, 435, 495, 515, 516, 517, 518, 519, 520, 521, 522, 523, 524, 525, 526, 527, 549, 574, 575, 576, 577, 578, 579, 580, 581, 582, 583, 584, 585, 586, 587, 588, 589, 590, 591, 592, 593, 594, 595, 596, 597, 598, 599, 600, 601, 602, 603, 604, 605, 606, 607, 608, 609, 610, 611, 612, 613, 614, 615, 616, 617, 618, 619, 620, 621, 622, 623, 624, 625, 626, 627, 628, 629, 630, 631, 632, 633, 634, 635, 636, 637, 638, 639, 640, 641, 642, 643, 644, 645, 646, 647, 648, 649, 650, 651, 652, 653, 654, 655, 656, 657, 658, 659, 660, 661, 662, 663, 664, 665, 666, 667, 668, 669, 670, 671, 672, 673, 674, 675, 676, 677, 678, 679, 680, 681, 682, 683, 684, 685, 686, 687, 688, 689, 690, 691, 692, 693, 694, 695, 696, 697, 698, 699, 700, 701, 702, 703, 704, 705, 706, 707, 708, 709, 710, 711, 712, 713, 714, 715, 716, 717, 718, 719, 720, 721, 722, 723, 724, 725, 726, 727, 728, 729, 730, 731, 732, 733, 734, 735, 736, 737, 738, 739, 740, 741, 742, 743, 744, 745, 746, 747, 748, 749, 750, 751, 752, 753, 754, 755, 756, 757, 758, 759, 760, 761, 762, 763, 764, 765, 766, 767, 768, 769, 770, 771, 772, 773, 774, 775, 776, 777, 778, 779, 780, 781, 782, 783, 784, 785, 786, 787, 788, 789, 790, 791, 792, 793, 810, 811, 812, 813, 814, 881, 882, 883, 884, 885, 886]",True,"[166, 203, 638, 673]","[103, 104, 105, 106, 107, 108, 109, 110, 111, 112, 113, 114, 115, 116, 117, 118, 119, 120, 121, 122, 123, 124, 125, 126, 127, 128, 129, 130, 131, 132, 133, 134, 135, 136, 137, 138, 139, 140, 141, 142, 143, 144, 145, 146, 147, 148, 149, 150, 151, 152, 153, 154, 155, 156, 157, 158, 159, 160, 161, 162, 163, 164, 165, 166, 167, 168, 169, 170, 171, 172, 173, 174, 175, 176, 177, 178, 179, 180, 181, 182, 183, 184, 185, 186, 187, 188, 189, 190, 191, 192, 193, 194, 195, 196, 197, 198, 199, 200, 201, 202, 203, 204, 205, 206, 207, 208, 209, 210, 211, 212, 213, 214, 215, 216, 217, 218, 219, 220, 221, 222, 223, 224, 225, 226, 227, 228, 229, 230, 231, 232, 233, 234, 235, 236, 237, 238, 239, 240, 241, 242, 243, 244, 245, 246, 247, 248, 249, 250, 251, 252, 253, 254, 255, 256, 257, 258, 259, 260, 261, 262, 263, 264, 265, 266, 267, 268, 269, 270, 271, 272, 273, 274, 275, 276, 277, 278, 279, 280, 281, 282, 283, 284, 285, 286, 287, 288, 289, 290, 291, 292, 293, 294, 295, 296, 297, 298, 299, 300, 301, 302, 303, 304, 305, 306, 307, 308, 309, 310, 311, 312, 313, 314, 315, 316, 317, 318, 319, 320, 321, 322, 323, 324, 325, 326, 327, 328, 329, 330, 331, 332, 333, 334, 335, 336, 337, 574, 575, 576, 577, 578, 579, 580, 581, 582, 583, 584, 585, 586, 587, 588, 589, 590, 591, 592, 593, 594, 595, 596, 597, 598, 599, 600, 601, 602, 603, 604, 605, 606, 607, 608, 609, 610, 611, 612, 613, 614, 615, 616, 617, 618, 619, 620, 621, 622, 623, 624, 625, 626, 627, 628, 629, 630, 631, 632, 633, 634, 635, 636, 637, 638, 639, 640, 641, 642, 643, 644, 645, 646, 647, 648, 649, 650, 651, 652, 653, 654, 655, 656, 657, 658, 659, 660, 661, 662, 663, 664, 665, 666, 667, 668, 669, 670, 671, 672, 673, 674, 675, 676, 677, 678, 679, 680, 681, 682, 683, 684, 685, 686, 687, 688, 689, 690, 691, 692, 693, 694, 695, 696, 697, 698, 699, 700, 701, 702, 703, 704, 705, 706, 707, 708, 709, 710, 711, 712, 713, 714, 715, 716, 717, 718, 719, 720, 721, 722, 723, 724, 725, 726, 727, 728, 729, 730, 731, 732, 733, 734, 735, 736, 737, 738, 739, 740, 741, 742, 743, 744, 745, 746, 747, 748, 749, 750, 751, 752, 753, 754, 755, 756, 757, 758, 759, 760, 761, 762, 763, 764, 765, 766, 767, 768, 769, 770, 771, 772, 773, 774, 775, 776, 777, 778, 779, 780, 781, 782, 783, 784, 785, 786, 787, 788, 789, 790, 791, 792, 793]","[166, 203, 638, 673]","[166, 203, 638, 673]","[10, 75, 103, 104, 106, 117, 118, 120, 127, 128, 129, 131, 133, 135, 136, 137, 139, 146, 147, 148, 149, 151, 158, 160, 162, 166, 173, 178, 179, 185, 190, 192, 198, 201, 203, 204, 206, 207, 212, 213, 214, 219, 223, 224, 225, 227, 230, 235, 237, 246, 247, 256, 259, 262, 263, 266, 268, 269, 271, 272, 278, 279, 284, 285, 288, 290, 292, 304, 306, 312, 316, 319, 320, 323, 324, 329, 332, 335, 495, 549, 574, 575, 577, 588, 589, 591, 598, 599, 600, 602, 604, 606, 607, 608, 610, 617, 618, 619, 620, 622, 625, 630, 632, 634, 638, 644, 649, 650, 656, 661, 663, 669, 673, 674, 676, 677, 682, 683, 684, 687, 688, 689, 691, 694, 699, 701, 710, 718, 722, 723, 727, 728, 730, 731, 737, 738, 743, 744, 747, 749, 751, 762, 764, 770, 774, 777, 778, 781, 782, 789, 791]","[32, 33, 34, 35, 36, 37, 38, 39, 40, 41, 42, 43, 44, 45, 46, 47, 48, 201, 202, 203, 204, 205, 206, 207, 208, 209, 210, 211, 212, 213, 214, 215, 216, 355, 356, 357, 358, 359, 360, 361, 429, 430, 431, 432, 433, 434, 435, 515, 516, 517, 518, 519, 520, 521, 522, 523, 524, 525, 526, 527, 672, 673, 674, 675, 676, 677, 678, 679, 680, 681, 682, 683, 684, 810, 811, 812, 813, 814, 881, 882, 883, 884, 885, 886]","[34, 35, 36, 37, 38, 39, 40, 41, 42, 43, 44, 45, 46, 47, 48, 201, 202, 203, 204, 205, 206, 207, 208, 209, 210, 211, 212, 213, 214, 215, 216, 355, 356, 357, 358, 359, 360, 361, 429, 430, 431, 432, 433, 434, 435, 515, 516, 517, 518, 519, 520, 521, 522, 523, 524, 525, 526, 527, 672, 673, 674, 675, 676, 677, 678, 679, 680, 681, 682, 683, 684, 810, 811, 812, 813, 814, 881, 882, 883, 884, 885, 886]",7/6 successful match,True,[479],True,358,False,,1.0,True,Love's Travel Stop # 223,Love's
"Ripon , 95366 Flying J Travel Plaza # 0500075",209-599-4141 CA 99 Exit 237 B ( Jack Tone Rd ),,Ripon,95366,Flying J Travel Plaza # 0500075,209-599-4141,2006,Ripon,CA,Flying J,( Jack Tone Rd ),CA 99 Exit 237 B ,Exit,237,False,,False,CA 99,,,,,"[638, 166]","[166, 203, 638, 673]","[166, 203, 638, 673]","[166, 203, 638, 673]","[103, 104, 105, 106, 107, 108, 109, 110, 111, 112, 113, 114, 115, 116, 117, 118, 119, 120, 121, 122, 123, 124, 125, 126, 127, 128, 129, 130, 131, 132, 133, 134, 135, 136, 137, 138, 139, 140, 141, 142, 143, 144, 145, 146, 147, 148, 149, 150, 151, 152, 153, 154, 155, 156, 157, 158, 159, 160, 161, 162, 163, 164, 165, 166, 167, 168, 169, 170, 171, 172, 173, 174, 175, 176, 177, 178, 179, 180, 181, 182, 183, 184, 185, 186, 187, 188, 189, 190, 191, 192, 193, 194, 195, 196, 197, 198, 199, 200, 201, 202, 203, 204, 205, 206, 207, 208, 209, 210, 211, 212, 213, 214, 215, 216, 217, 218, 219, 220, 221, 222, 223, 224, 225, 226, 227, 228, 229, 230, 231, 232, 233, 234, 235, 236, 237, 238, 239, 240, 241, 242, 243, 244, 245, 246, 247, 248, 249, 250, 251, 252, 253, 254, 255, 256, 257, 258, 259, 260, 261, 262, 263, 264, 265, 266, 267, 268, 269, 270, 271, 272, 273, 274, 275, 276, 277, 278, 279, 280, 281, 282, 283, 284, 285, 286, 287, 288, 289, 290, 291, 292, 293, 294, 295, 296, 297, 298, 299, 300, 301, 302, 303, 304, 305, 306, 307, 308, 309, 310, 311, 312, 313, 314, 315, 316, 317, 318, 319, 320, 321, 322, 323, 324, 325, 326, 327, 328, 329, 330, 331, 332, 333, 334, 335, 336, 337, 574, 575, 576, 577, 578, 579, 580, 581, 582, 583, 584, 585, 586, 587, 588, 589, 590, 591, 592, 593, 594, 595, 596, 597, 598, 599, 600, 601, 602, 603, 604, 605, 606, 607, 608, 609, 610, 611, 612, 613, 614, 615, 616, 617, 618, 619, 620, 621, 622, 623, 624, 625, 626, 627, 628, 629, 630, 631, 632, 633, 634, 635, 636, 637, 638, 639, 640, 641, 642, 643, 644, 645, 646, 647, 648, 649, 650, 651, 652, 653, 654, 655, 656, 657, 658, 659, 660, 661, 662, 663, 664, 665, 666, 667, 668, 669, 670, 671, 672, 673, 674, 675, 676, 677, 678, 679, 680, 681, 682, 683, 684, 685, 686, 687, 688, 689, 690, 691, 692, 693, 694, 695, 696, 697, 698, 699, 700, 701, 702, 703, 704, 705, 706, 707, 708, 709, 710, 711, 712, 713, 714, 715, 716, 717, 718, 719, 720, 721, 722, 723, 724, 725, 726, 727, 728, 729, 730, 731, 732, 733, 734, 735, 736, 737, 738, 739, 740, 741, 742, 743, 744, 745, 746, 747, 748, 749, 750, 751, 752, 753, 754, 755, 756, 757, 758, 759, 760, 761, 762, 763, 764, 765, 766, 767, 768, 769, 770, 771, 772, 773, 774, 775, 776, 777, 778, 779, 780, 781, 782, 783, 784, 785, 786, 787, 788, 789, 790, 791, 792, 793]","[10, 75, 103, 104, 106, 117, 118, 120, 127, 128, 129, 131, 133, 135, 136, 137, 139, 146, 147, 148, 149, 151, 158, 160, 162, 166, 173, 178, 179, 185, 190, 192, 198, 201, 203, 204, 206, 207, 212, 213, 214, 219, 223, 224, 225, 227, 230, 235, 237, 246, 247, 256, 259, 262, 263, 266, 268, 269, 271, 272, 278, 279, 284, 285, 288, 290, 292, 304, 306, 312, 316, 319, 320, 323, 324, 329, 332, 335, 495, 549, 574, 575, 577, 588, 589, 591, 598, 599, 600, 602, 604, 606, 607, 608, 610, 617, 618, 619, 620, 622, 625, 630, 632, 634, 638, 644, 649, 650, 656, 661, 663, 669, 673, 674, 676, 677, 682, 683, 684, 687, 688, 689, 691, 694, 699, 701, 710, 718, 722, 723, 727, 728, 730, 731, 737, 738, 743, 744, 747, 749, 751, 762, 764, 770, 774, 777, 778, 781, 782, 789, 791]","[17, 18, 19, 20, 21, 22, 23, 156, 157, 158, 159, 160, 161, 162, 163, 164, 165, 166, 167, 341, 342, 343, 344, 345, 412, 413, 414, 415, 416, 417, 418, 419, 420, 421, 422, 502, 503, 504, 505, 506, 507, 628, 629, 630, 631, 632, 633, 634, 635, 636, 637, 638, 639, 792, 797, 798, 799, 800, 801, 863, 864, 865, 866, 867, 868, 869, 870, 871, 872, 873, 874]","[17, 18, 19, 20, 21, 22, 23, 156, 157, 158, 159, 160, 161, 162, 163, 164, 165, 166, 167, 168, 340, 341, 342, 343, 344, 345, 346, 412, 413, 414, 415, 416, 417, 418, 419, 420, 421, 422, 502, 503, 504, 505, 506, 507, 628, 629, 630, 631, 632, 633, 634, 635, 636, 637, 638, 639, 792, 796, 797, 798, 799, 800, 801, 863, 864, 865, 866, 867, 868, 869, 870, 871, 872, 873, 874]","[10, 17, 18, 19, 20, 21, 22, 23, 75, 103, 104, 105, 106, 107, 108, 109, 110, 111, 112, 113, 114, 115, 116, 117, 118, 119, 120, 121, 122, 123, 124, 125, 126, 127, 128, 129, 130, 131, 132, 133, 134, 135, 136, 137, 138, 139, 140, 141, 142, 143, 144, 145, 146, 147, 148, 149, 150, 151, 152, 153, 154, 155, 156, 157, 158, 159, 160, 161, 162, 163, 164, 165, 166, 167, 168, 169, 170, 171, 172, 173, 174, 175, 176, 177, 178, 179, 180, 181, 182, 183, 184, 185, 186, 187, 188, 189, 190, 191, 192, 193, 194, 195, 196, 197, 198, 199, 200, 201, 202, 203, 204, 205, 206, 207, 208, 209, 210, 211, 212, 213, 214, 215, 216, 217, 218, 219, 220, 221, 222, 223, 224, 225, 226, 227, 228, 229, 230, 231, 232, 233, 234, 235, 236, 237, 238, 239, 240, 241, 242, 243, 244, 245, 246, 247, 248, 249, 250, 251, 252, 253, 254, 255, 256, 257, 258, 259, 260, 261, 262, 263, 264, 265, 266, 267, 268, 269, 270, 271, 272, 273, 274, 275, 276, 277, 278, 279, 280, 281, 282, 283, 284, 285, 286, 287, 288, 289, 290, 291, 292, 293, 294, 295, 296, 297, 298, 299, 300, 301, 302, 303, 304, 305, 306, 307, 308, 309, 310, 311, 312, 313, 314, 315, 316, 317, 318, 319, 320, 321, 322, 323, 324, 325, 326, 327, 328, 329, 330, 331, 332, 333, 334, 335, 336, 337, 340, 341, 342, 343, 344, 345, 346, 412, 413, 414, 415, 416, 417, 418, 419, 420, 421, 422, 495, 502, 503, 504, 505, 506, 507, 549, 574, 575, 576, 577, 578, 579, 580, 581, 582, 583, 584, 585, 586, 587, 588, 589, 590, 591, 592, 593, 594, 595, 596, 597, 598, 599, 600, 601, 602, 603, 604, 605, 606, 607, 608, 609, 610, 611, 612, 613, 614, 615, 616, 617, 618, 619, 620, 621, 622, 623, 624, 625, 626, 627, 628, 629, 630, 631, 632, 633, 634, 635, 636, 637, 638, 639, 640, 641, 642, 643, 644, 645, 646, 647, 648, 649, 650, 651, 652, 653, 654, 655, 656, 657, 658, 659, 660, 661, 662, 663, 664, 665, 666, 667, 668, 669, 670, 671, 672, 673, 674, 675, 676, 677, 678, 679, 680, 681, 682, 683, 684, 685, 686, 687, 688, 689, 690, 691, 692, 693, 694, 695, 696, 697, 698, 699, 700, 701, 702, 703, 704, 705, 706, 707, 708, 709, 710, 711, 712, 713, 714, 715, 716, 717, 718, 719, 720, 721, 722, 723, 724, 725, 726, 727, 728, 729, 730, 731, 732, 733, 734, 735, 736, 737, 738, 739, 740, 741, 742, 743, 744, 745, 746, 747, 748, 749, 750, 751, 752, 753, 754, 755, 756, 757, 758, 759, 760, 761, 762, 763, 764, 765, 766, 767, 768, 769, 770, 771, 772, 773, 774, 775, 776, 777, 778, 779, 780, 781, 782, 783, 784, 785, 786, 787, 788, 789, 790, 791, 792, 793, 796, 797, 798, 799, 800, 801, 863, 864, 865, 866, 867, 868, 869, 870, 871, 872, 873, 874]",True,"[166, 203, 638, 673]","[103, 104, 105, 106, 107, 108, 109, 110, 111, 112, 113, 114, 115, 116, 117, 118, 119, 120, 121, 122, 123, 124, 125, 126, 127, 128, 129, 130, 131, 132, 133, 134, 135, 136, 137, 138, 139, 140, 141, 142, 143, 144, 145, 146, 147, 148, 149, 150, 151, 152, 153, 154, 155, 156, 157, 158, 159, 160, 161, 162, 163, 164, 165, 166, 167, 168, 169, 170, 171, 172, 173, 174, 175, 176, 177, 178, 179, 180, 181, 182, 183, 184, 185, 186, 187, 188, 189, 190, 191, 192, 193, 194, 195, 196, 197, 198, 199, 200, 201, 202, 203, 204, 205, 206, 207, 208, 209, 210, 211, 212, 213, 214, 215, 216, 217, 218, 219, 220, 221, 222, 223, 224, 225, 226, 227, 228, 229, 230, 231, 232, 233, 234, 235, 236, 237, 238, 239, 240, 241, 242, 243, 244, 245, 246, 247, 248, 249, 250, 251, 252, 253, 254, 255, 256, 257, 258, 259, 260, 261, 262, 263, 264, 265, 266, 267, 268, 269, 270, 271, 272, 273, 274, 275, 276, 277, 278, 279, 280, 281, 282, 283, 284, 285, 286, 287, 288, 289, 290, 291, 292, 293, 294, 295, 296, 297, 298, 299, 300, 301, 302, 303, 304, 305, 306, 307, 308, 309, 310, 311, 312, 313, 314, 315, 316, 317, 318, 319, 320, 321, 322, 323, 324, 325, 326, 327, 328, 329, 330, 331, 332, 333, 334, 335, 336, 337, 574, 575, 576, 577, 578, 579, 580, 581, 582, 583, 584, 585, 586, 587, 588, 589, 590, 591, 592, 593, 594, 595, 596, 597, 598, 599, 600, 601, 602, 603, 604, 605, 606, 607, 608, 609, 610, 611, 612, 613, 614, 615, 616, 617, 618, 619, 620, 621, 622, 623, 624, 625, 626, 627, 628, 629, 630, 631, 632, 633, 634, 635, 636, 637, 638, 639, 640, 641, 642, 643, 644, 645, 646, 647, 648, 649, 650, 651, 652, 653, 654, 655, 656, 657, 658, 659, 660, 661, 662, 663, 664, 665, 666, 667, 668, 669, 670, 671, 672, 673, 674, 675, 676, 677, 678, 679, 680, 681, 682, 683, 684, 685, 686, 687, 688, 689, 690, 691, 692, 693, 694, 695, 696, 697, 698, 699, 700, 701, 702, 703, 704, 705, 706, 707, 708, 709, 710, 711, 712, 713, 714, 715, 716, 717, 718, 719, 720, 721, 722, 723, 724, 725, 726, 727, 728, 729, 730, 731, 732, 733, 734, 735, 736, 737, 738, 739, 740, 741, 742, 743, 744, 745, 746, 747, 748, 749, 750, 751, 752, 753, 754, 755, 756, 757, 758, 759, 760, 761, 762, 763, 764, 765, 766, 767, 768, 769, 770, 771, 772, 773, 774, 775, 776, 777, 778, 779, 780, 781, 782, 783, 784, 785, 786, 787, 788, 789, 790, 791, 792, 793]","[166, 203, 638, 673]","[166, 203, 638, 673]","[10, 75, 103, 104, 106, 117, 118, 120, 127, 128, 129, 131, 133, 135, 136, 137, 139, 146, 147, 148, 149, 151, 158, 160, 162, 166, 173, 178, 179, 185, 190, 192, 198, 201, 203, 204, 206, 207, 212, 213, 214, 219, 223, 224, 225, 227, 230, 235, 237, 246, 247, 256, 259, 262, 263, 266, 268, 269, 271, 272, 278, 279, 284, 285, 288, 290, 292, 304, 306, 312, 316, 319, 320, 323, 324, 329, 332, 335, 495, 549, 574, 575, 577, 588, 589, 591, 598, 599, 600, 602, 604, 606, 607, 608, 610, 617, 618, 619, 620, 622, 625, 630, 632, 634, 638, 644, 649, 650, 656, 661, 663, 669, 673, 674, 676, 677, 682, 683, 684, 687, 688, 689, 691, 694, 699, 701, 710, 718, 722, 723, 727, 728, 730, 731, 737, 738, 743, 744, 747, 749, 751, 762, 764, 770, 774, 777, 778, 781, 782, 789, 791]","[17, 18, 19, 20, 21, 22, 23, 156, 157, 158, 159, 160, 161, 162, 163, 164, 165, 166, 167, 168, 340, 341, 342, 343, 344, 345, 346, 412, 413, 414, 415, 416, 417, 418, 419, 420, 421, 422, 502, 503, 504, 505, 506, 507, 628, 629, 630, 631, 632, 633, 634, 635, 636, 637, 638, 639, 792, 796, 797, 798, 799, 800, 801, 863, 864, 865, 866, 867, 868, 869, 870, 871, 872, 873, 874]","[17, 18, 19, 20, 21, 22, 23, 156, 157, 158, 159, 160, 161, 162, 163, 164, 165, 166, 167, 341, 342, 343, 344, 345, 412, 413, 414, 415, 416, 417, 418, 419, 420, 421, 422, 502, 503, 504, 505, 506, 507, 628, 629, 630, 631, 632, 633, 634, 635, 636, 637, 638, 639, 792, 797, 798, 799, 800, 801, 863, 864, 865, 866, 867, 868, 869, 870, 871, 872, 873, 874]",7/6 successful match,True,[36],True,359,False,,,,,
"Ripon , 95366 Flying J Travel Plaza # 0500075 Rd )",209-599-4141 CA 99 Exit 237 B ( Jack Tone ),HRS 24 XL,Ripon,95366,Flying J Travel Plaza # 0500075 Rd ),209-599-4141,2007,Ripon,CA,Flying J,( Jack Tone ),CA 99 Exit 237 B ,Exit,237,False,,False,CA 99,,,,,"[638, 166]","[166, 203, 638, 673]","[166, 203, 638, 673]","[166, 203, 638, 673]","[103, 104, 105, 106, 107, 108, 109, 110, 111, 112, 113, 114, 115, 116, 117, 118, 119, 120, 121, 122, 123, 124, 125, 126, 127, 128, 129, 130, 131, 132, 133, 134, 135, 136, 137, 138, 139, 140, 141, 142, 143, 144, 145, 146, 147, 148, 149, 150, 151, 152, 153, 154, 155, 156, 157, 158, 159, 160, 161, 162, 163, 164, 165, 166, 167, 168, 169, 170, 171, 172, 173, 174, 175, 176, 177, 178, 179, 180, 181, 182, 183, 184, 185, 186, 187, 188, 189, 190, 191, 192, 193, 194, 195, 196, 197, 198, 199, 200, 201, 202, 203, 204, 205, 206, 207, 208, 209, 210, 211, 212, 213, 214, 215, 216, 217, 218, 219, 220, 221, 222, 223, 224, 225, 226, 227, 228, 229, 230, 231, 232, 233, 234, 235, 236, 237, 238, 239, 240, 241, 242, 243, 244, 245, 246, 247, 248, 249, 250, 251, 252, 253, 254, 255, 256, 257, 258, 259, 260, 261, 262, 263, 264, 265, 266, 267, 268, 269, 270, 271, 272, 273, 274, 275, 276, 277, 278, 279, 280, 281, 282, 283, 284, 285, 286, 287, 288, 289, 290, 291, 292, 293, 294, 295, 296, 297, 298, 299, 300, 301, 302, 303, 304, 305, 306, 307, 308, 309, 310, 311, 312, 313, 314, 315, 316, 317, 318, 319, 320, 321, 322, 323, 324, 325, 326, 327, 328, 329, 330, 331, 332, 333, 334, 335, 336, 337, 574, 575, 576, 577, 578, 579, 580, 581, 582, 583, 584, 585, 586, 587, 588, 589, 590, 591, 592, 593, 594, 595, 596, 597, 598, 599, 600, 601, 602, 603, 604, 605, 606, 607, 608, 609, 610, 611, 612, 613, 614, 615, 616, 617, 618, 619, 620, 621, 622, 623, 624, 625, 626, 627, 628, 629, 630, 631, 632, 633, 634, 635, 636, 637, 638, 639, 640, 641, 642, 643, 644, 645, 646, 647, 648, 649, 650, 651, 652, 653, 654, 655, 656, 657, 658, 659, 660, 661, 662, 663, 664, 665, 666, 667, 668, 669, 670, 671, 672, 673, 674, 675, 676, 677, 678, 679, 680, 681, 682, 683, 684, 685, 686, 687, 688, 689, 690, 691, 692, 693, 694, 695, 696, 697, 698, 699, 700, 701, 702, 703, 704, 705, 706, 707, 708, 709, 710, 711, 712, 713, 714, 715, 716, 717, 718, 719, 720, 721, 722, 723, 724, 725, 726, 727, 728, 729, 730, 731, 732, 733, 734, 735, 736, 737, 738, 739, 740, 741, 742, 743, 744, 745, 746, 747, 748, 749, 750, 751, 752, 753, 754, 755, 756, 757, 758, 759, 760, 761, 762, 763, 764, 765, 766, 767, 768, 769, 770, 771, 772, 773, 774, 775, 776, 777, 778, 779, 780, 781, 782, 783, 784, 785, 786, 787, 788, 789, 790, 791, 792, 793]","[10, 75, 103, 104, 106, 117, 118, 120, 127, 128, 129, 131, 133, 135, 136, 137, 139, 146, 147, 148, 149, 151, 158, 160, 162, 166, 173, 178, 179, 185, 190, 192, 198, 201, 203, 204, 206, 207, 212, 213, 214, 219, 223, 224, 225, 227, 230, 235, 237, 246, 247, 256, 259, 262, 263, 266, 268, 269, 271, 272, 278, 279, 284, 285, 288, 290, 292, 304, 306, 312, 316, 319, 320, 323, 324, 329, 332, 335, 495, 549, 574, 575, 577, 588, 589, 591, 598, 599, 600, 602, 604, 606, 607, 608, 610, 617, 618, 619, 620, 622, 625, 630, 632, 634, 638, 644, 649, 650, 656, 661, 663, 669, 673, 674, 676, 677, 682, 683, 684, 687, 688, 689, 691, 694, 699, 701, 710, 718, 722, 723, 727, 728, 730, 731, 737, 738, 743, 744, 747, 749, 751, 762, 764, 770, 774, 777, 778, 781, 782, 789, 791]","[17, 18, 19, 20, 21, 22, 23, 156, 157, 158, 159, 160, 161, 162, 163, 164, 165, 166, 167, 341, 342, 343, 344, 345, 412, 413, 414, 415, 416, 417, 418, 419, 420, 421, 422, 502, 503, 504, 505, 506, 507, 628, 629, 630, 631, 632, 633, 634, 635, 636, 637, 638, 639, 792, 797, 798, 799, 800, 801, 863, 864, 865, 866, 867, 868, 869, 870, 871, 872, 873, 874]","[17, 18, 19, 20, 21, 22, 23, 156, 157, 158, 159, 160, 161, 162, 163, 164, 165, 166, 167, 168, 340, 341, 342, 343, 344, 345, 346, 412, 413, 414, 415, 416, 417, 418, 419, 420, 421, 422, 502, 503, 504, 505, 506, 507, 628, 629, 630, 631, 632, 633, 634, 635, 636, 637, 638, 639, 792, 796, 797, 798, 799, 800, 801, 863, 864, 865, 866, 867, 868, 869, 870, 871, 872, 873, 874]","[10, 17, 18, 19, 20, 21, 22, 23, 75, 103, 104, 105, 106, 107, 108, 109, 110, 111, 112, 113, 114, 115, 116, 117, 118, 119, 120, 121, 122, 123, 124, 125, 126, 127, 128, 129, 130, 131, 132, 133, 134, 135, 136, 137, 138, 139, 140, 141, 142, 143, 144, 145, 146, 147, 148, 149, 150, 151, 152, 153, 154, 155, 156, 157, 158, 159, 160, 161, 162, 163, 164, 165, 166, 167, 168, 169, 170, 171, 172, 173, 174, 175, 176, 177, 178, 179, 180, 181, 182, 183, 184, 185, 186, 187, 188, 189, 190, 191, 192, 193, 194, 195, 196, 197, 198, 199, 200, 201, 202, 203, 204, 205, 206, 207, 208, 209, 210, 211, 212, 213, 214, 215, 216, 217, 218, 219, 220, 221, 222, 223, 224, 225, 226, 227, 228, 229, 230, 231, 232, 233, 234, 235, 236, 237, 238, 239, 240, 241, 242, 243, 244, 245, 246, 247, 248, 249, 250, 251, 252, 253, 254, 255, 256, 257, 258, 259, 260, 261, 262, 263, 264, 265, 266, 267, 268, 269, 270, 271, 272, 273, 274, 275, 276, 277, 278, 279, 280, 281, 282, 283, 284, 285, 286, 287, 288, 289, 290, 291, 292, 293, 294, 295, 296, 297, 298, 299, 300, 301, 302, 303, 304, 305, 306, 307, 308, 309, 310, 311, 312, 313, 314, 315, 316, 317, 318, 319, 320, 321, 322, 323, 324, 325, 326, 327, 328, 329, 330, 331, 332, 333, 334, 335, 336, 337, 340, 341, 342, 343, 344, 345, 346, 412, 413, 414, 415, 416, 417, 418, 419, 420, 421, 422, 495, 502, 503, 504, 505, 506, 507, 549, 574, 575, 576, 577, 578, 579, 580, 581, 582, 583, 584, 585, 586, 587, 588, 589, 590, 591, 592, 593, 594, 595, 596, 597, 598, 599, 600, 601, 602, 603, 604, 605, 606, 607, 608, 609, 610, 611, 612, 613, 614, 615, 616, 617, 618, 619, 620, 621, 622, 623, 624, 625, 626, 627, 628, 629, 630, 631, 632, 633, 634, 635, 636, 637, 638, 639, 640, 641, 642, 643, 644, 645, 646, 647, 648, 649, 650, 651, 652, 653, 654, 655, 656, 657, 658, 659, 660, 661, 662, 663, 664, 665, 666, 667, 668, 669, 670, 671, 672, 673, 674, 675, 676, 677, 678, 679, 680, 681, 682, 683, 684, 685, 686, 687, 688, 689, 690, 691, 692, 693, 694, 695, 696, 697, 698, 699, 700, 701, 702, 703, 704, 705, 706, 707, 708, 709, 710, 711, 712, 713, 714, 715, 716, 717, 718, 719, 720, 721, 722, 723, 724, 725, 726, 727, 728, 729, 730, 731, 732, 733, 734, 735, 736, 737, 738, 739, 740, 741, 742, 743, 744, 745, 746, 747, 748, 749, 750, 751, 752, 753, 754, 755, 756, 757, 758, 759, 760, 761, 762, 763, 764, 765, 766, 767, 768, 769, 770, 771, 772, 773, 774, 775, 776, 777, 778, 779, 780, 781, 782, 783, 784, 785, 786, 787, 788, 789, 790, 791, 792, 793, 796, 797, 798, 799, 800, 801, 863, 864, 865, 866, 867, 868, 869, 870, 871, 872, 873, 874]",True,"[166, 203, 638, 673]","[103, 104, 105, 106, 107, 108, 109, 110, 111, 112, 113, 114, 115, 116, 117, 118, 119, 120, 121, 122, 123, 124, 125, 126, 127, 128, 129, 130, 131, 132, 133, 134, 135, 136, 137, 138, 139, 140, 141, 142, 143, 144, 145, 146, 147, 148, 149, 150, 151, 152, 153, 154, 155, 156, 157, 158, 159, 160, 161, 162, 163, 164, 165, 166, 167, 168, 169, 170, 171, 172, 173, 174, 175, 176, 177, 178, 179, 180, 181, 182, 183, 184, 185, 186, 187, 188, 189, 190, 191, 192, 193, 194, 195, 196, 197, 198, 199, 200, 201, 202, 203, 204, 205, 206, 207, 208, 209, 210, 211, 212, 213, 214, 215, 216, 217, 218, 219, 220, 221, 222, 223, 224, 225, 226, 227, 228, 229, 230, 231, 232, 233, 234, 235, 236, 237, 238, 239, 240, 241, 242, 243, 244, 245, 246, 247, 248, 249, 250, 251, 252, 253, 254, 255, 256, 257, 258, 259, 260, 261, 262, 263, 264, 265, 266, 267, 268, 269, 270, 271, 272, 273, 274, 275, 276, 277, 278, 279, 280, 281, 282, 283, 284, 285, 286, 287, 288, 289, 290, 291, 292, 293, 294, 295, 296, 297, 298, 299, 300, 301, 302, 303, 304, 305, 306, 307, 308, 309, 310, 311, 312, 313, 314, 315, 316, 317, 318, 319, 320, 321, 322, 323, 324, 325, 326, 327, 328, 329, 330, 331, 332, 333, 334, 335, 336, 337, 574, 575, 576, 577, 578, 579, 580, 581, 582, 583, 584, 585, 586, 587, 588, 589, 590, 591, 592, 593, 594, 595, 596, 597, 598, 599, 600, 601, 602, 603, 604, 605, 606, 607, 608, 609, 610, 611, 612, 613, 614, 615, 616, 617, 618, 619, 620, 621, 622, 623, 624, 625, 626, 627, 628, 629, 630, 631, 632, 633, 634, 635, 636, 637, 638, 639, 640, 641, 642, 643, 644, 645, 646, 647, 648, 649, 650, 651, 652, 653, 654, 655, 656, 657, 658, 659, 660, 661, 662, 663, 664, 665, 666, 667, 668, 669, 670, 671, 672, 673, 674, 675, 676, 677, 678, 679, 680, 681, 682, 683, 684, 685, 686, 687, 688, 689, 690, 691, 692, 693, 694, 695, 696, 697, 698, 699, 700, 701, 702, 703, 704, 705, 706, 707, 708, 709, 710, 711, 712, 713, 714, 715, 716, 717, 718, 719, 720, 721, 722, 723, 724, 725, 726, 727, 728, 729, 730, 731, 732, 733, 734, 735, 736, 737, 738, 739, 740, 741, 742, 743, 744, 745, 746, 747, 748, 749, 750, 751, 752, 753, 754, 755, 756, 757, 758, 759, 760, 761, 762, 763, 764, 765, 766, 767, 768, 769, 770, 771, 772, 773, 774, 775, 776, 777, 778, 779, 780, 781, 782, 783, 784, 785, 786, 787, 788, 789, 790, 791, 792, 793]","[166, 203, 638, 673]","[166, 203, 638, 673]","[10, 75, 103, 104, 106, 117, 118, 120, 127, 128, 129, 131, 133, 135, 136, 137, 139, 146, 147, 148, 149, 151, 158, 160, 162, 166, 173, 178, 179, 185, 190, 192, 198, 201, 203, 204, 206, 207, 212, 213, 214, 219, 223, 224, 225, 227, 230, 235, 237, 246, 247, 256, 259, 262, 263, 266, 268, 269, 271, 272, 278, 279, 284, 285, 288, 290, 292, 304, 306, 312, 316, 319, 320, 323, 324, 329, 332, 335, 495, 549, 574, 575, 577, 588, 589, 591, 598, 599, 600, 602, 604, 606, 607, 608, 610, 617, 618, 619, 620, 622, 625, 630, 632, 634, 638, 644, 649, 650, 656, 661, 663, 669, 673, 674, 676, 677, 682, 683, 684, 687, 688, 689, 691, 694, 699, 701, 710, 718, 722, 723, 727, 728, 730, 731, 737, 738, 743, 744, 747, 749, 751, 762, 764, 770, 774, 777, 778, 781, 782, 789, 791]","[17, 18, 19, 20, 21, 22, 23, 156, 157, 158, 159, 160, 161, 162, 163, 164, 165, 166, 167, 168, 340, 341, 342, 343, 344, 345, 346, 412, 413, 414, 415, 416, 417, 418, 419, 420, 421, 422, 502, 503, 504, 505, 506, 507, 628, 629, 630, 631, 632, 633, 634, 635, 636, 637, 638, 639, 792, 796, 797, 798, 799, 800, 801, 863, 864, 865, 866, 867, 868, 869, 870, 871, 872, 873, 874]","[17, 18, 19, 20, 21, 22, 23, 156, 157, 158, 159, 160, 161, 162, 163, 164, 165, 166, 167, 341, 342, 343, 344, 345, 412, 413, 414, 415, 416, 417, 418, 419, 420, 421, 422, 502, 503, 504, 505, 506, 507, 628, 629, 630, 631, 632, 633, 634, 635, 636, 637, 638, 639, 792, 797, 798, 799, 800, 801, 863, 864, 865, 866, 867, 868, 869, 870, 871, 872, 873, 874]",7/6 successful match,True,[36],True,359,False,,1.0,True,Flying J Travel Plaza # 0500075,Flying J
"Ripon , 95366 Flying J Travel Plaza ( # 0500075 Tone Rd )",2 209-599-4141 CA 99 Exit 237 B ( Jack Rd,24 XL 24,Ripon,95366,Flying J Travel Plaza ( # 0500075 Tone Rd ),209-599-4141,2008,Ripon,CA,Flying J,( Jack Rd,CA 99 Exit 237 B ,Exit,237,False,,False,CA 99,,,,,"[638, 166]","[166, 203, 638, 673]","[166, 203, 638, 673]","[166, 203, 638, 673]","[103, 104, 105, 106, 107, 108, 109, 110, 111, 112, 113, 114, 115, 116, 117, 118, 119, 120, 121, 122, 123, 124, 125, 126, 127, 128, 129, 130, 131, 132, 133, 134, 135, 136, 137, 138, 139, 140, 141, 142, 143, 144, 145, 146, 147, 148, 149, 150, 151, 152, 153, 154, 155, 156, 157, 158, 159, 160, 161, 162, 163, 164, 165, 166, 167, 168, 169, 170, 171, 172, 173, 174, 175, 176, 177, 178, 179, 180, 181, 182, 183, 184, 185, 186, 187, 188, 189, 190, 191, 192, 193, 194, 195, 196, 197, 198, 199, 200, 201, 202, 203, 204, 205, 206, 207, 208, 209, 210, 211, 212, 213, 214, 215, 216, 217, 218, 219, 220, 221, 222, 223, 224, 225, 226, 227, 228, 229, 230, 231, 232, 233, 234, 235, 236, 237, 238, 239, 240, 241, 242, 243, 244, 245, 246, 247, 248, 249, 250, 251, 252, 253, 254, 255, 256, 257, 258, 259, 260, 261, 262, 263, 264, 265, 266, 267, 268, 269, 270, 271, 272, 273, 274, 275, 276, 277, 278, 279, 280, 281, 282, 283, 284, 285, 286, 287, 288, 289, 290, 291, 292, 293, 294, 295, 296, 297, 298, 299, 300, 301, 302, 303, 304, 305, 306, 307, 308, 309, 310, 311, 312, 313, 314, 315, 316, 317, 318, 319, 320, 321, 322, 323, 324, 325, 326, 327, 328, 329, 330, 331, 332, 333, 334, 335, 336, 337, 574, 575, 576, 577, 578, 579, 580, 581, 582, 583, 584, 585, 586, 587, 588, 589, 590, 591, 592, 593, 594, 595, 596, 597, 598, 599, 600, 601, 602, 603, 604, 605, 606, 607, 608, 609, 610, 611, 612, 613, 614, 615, 616, 617, 618, 619, 620, 621, 622, 623, 624, 625, 626, 627, 628, 629, 630, 631, 632, 633, 634, 635, 636, 637, 638, 639, 640, 641, 642, 643, 644, 645, 646, 647, 648, 649, 650, 651, 652, 653, 654, 655, 656, 657, 658, 659, 660, 661, 662, 663, 664, 665, 666, 667, 668, 669, 670, 671, 672, 673, 674, 675, 676, 677, 678, 679, 680, 681, 682, 683, 684, 685, 686, 687, 688, 689, 690, 691, 692, 693, 694, 695, 696, 697, 698, 699, 700, 701, 702, 703, 704, 705, 706, 707, 708, 709, 710, 711, 712, 713, 714, 715, 716, 717, 718, 719, 720, 721, 722, 723, 724, 725, 726, 727, 728, 729, 730, 731, 732, 733, 734, 735, 736, 737, 738, 739, 740, 741, 742, 743, 744, 745, 746, 747, 748, 749, 750, 751, 752, 753, 754, 755, 756, 757, 758, 759, 760, 761, 762, 763, 764, 765, 766, 767, 768, 769, 770, 771, 772, 773, 774, 775, 776, 777, 778, 779, 780, 781, 782, 783, 784, 785, 786, 787, 788, 789, 790, 791, 792, 793]","[10, 75, 103, 104, 106, 117, 118, 120, 127, 128, 129, 131, 133, 135, 136, 137, 139, 146, 147, 148, 149, 151, 158, 160, 162, 166, 173, 178, 179, 185, 190, 192, 198, 201, 203, 204, 206, 207, 212, 213, 214, 219, 223, 224, 225, 227, 230, 235, 237, 246, 247, 256, 259, 262, 263, 266, 268, 269, 271, 272, 278, 279, 284, 285, 288, 290, 292, 304, 306, 312, 316, 319, 320, 323, 324, 329, 332, 335, 495, 549, 574, 575, 577, 588, 589, 591, 598, 599, 600, 602, 604, 606, 607, 608, 610, 617, 618, 619, 620, 622, 625, 630, 632, 634, 638, 644, 649, 650, 656, 661, 663, 669, 673, 674, 676, 677, 682, 683, 684, 687, 688, 689, 691, 694, 699, 701, 710, 718, 722, 723, 727, 728, 730, 731, 737, 738, 743, 744, 747, 749, 751, 762, 764, 770, 774, 777, 778, 781, 782, 789, 791]","[17, 18, 19, 20, 21, 22, 23, 156, 157, 158, 159, 160, 161, 162, 163, 164, 165, 166, 167, 341, 342, 343, 344, 345, 412, 413, 414, 415, 416, 417, 418, 419, 420, 421, 422, 502, 503, 504, 505, 506, 507, 628, 629, 630, 631, 632, 633, 634, 635, 636, 637, 638, 639, 792, 797, 798, 799, 800, 801, 863, 864, 865, 866, 867, 868, 869, 870, 871, 872, 873, 874]","[17, 18, 19, 20, 21, 22, 23, 156, 157, 158, 159, 160, 161, 162, 163, 164, 165, 166, 167, 168, 340, 341, 342, 343, 344, 345, 346, 412, 413, 414, 415, 416, 417, 418, 419, 420, 421, 422, 502, 503, 504, 505, 506, 507, 628, 629, 630, 631, 632, 633, 634, 635, 636, 637, 638, 639, 792, 796, 797, 798, 799, 800, 801, 863, 864, 865, 866, 867, 868, 869, 870, 871, 872, 873, 874]","[10, 17, 18, 19, 20, 21, 22, 23, 75, 103, 104, 105, 106, 107, 108, 109, 110, 111, 112, 113, 114, 115, 116, 117, 118, 119, 120, 121, 122, 123, 124, 125, 126, 127, 128, 129, 130, 131, 132, 133, 134, 135, 136, 137, 138, 139, 140, 141, 142, 143, 144, 145, 146, 147, 148, 149, 150, 151, 152, 153, 154, 155, 156, 157, 158, 159, 160, 161, 162, 163, 164, 165, 166, 167, 168, 169, 170, 171, 172, 173, 174, 175, 176, 177, 178, 179, 180, 181, 182, 183, 184, 185, 186, 187, 188, 189, 190, 191, 192, 193, 194, 195, 196, 197, 198, 199, 200, 201, 202, 203, 204, 205, 206, 207, 208, 209, 210, 211, 212, 213, 214, 215, 216, 217, 218, 219, 220, 221, 222, 223, 224, 225, 226, 227, 228, 229, 230, 231, 232, 233, 234, 235, 236, 237, 238, 239, 240, 241, 242, 243, 244, 245, 246, 247, 248, 249, 250, 251, 252, 253, 254, 255, 256, 257, 258, 259, 260, 261, 262, 263, 264, 265, 266, 267, 268, 269, 270, 271, 272, 273, 274, 275, 276, 277, 278, 279, 280, 281, 282, 283, 284, 285, 286, 287, 288, 289, 290, 291, 292, 293, 294, 295, 296, 297, 298, 299, 300, 301, 302, 303, 304, 305, 306, 307, 308, 309, 310, 311, 312, 313, 314, 315, 316, 317, 318, 319, 320, 321, 322, 323, 324, 325, 326, 327, 328, 329, 330, 331, 332, 333, 334, 335, 336, 337, 340, 341, 342, 343, 344, 345, 346, 412, 413, 414, 415, 416, 417, 418, 419, 420, 421, 422, 495, 502, 503, 504, 505, 506, 507, 549, 574, 575, 576, 577, 578, 579, 580, 581, 582, 583, 584, 585, 586, 587, 588, 589, 590, 591, 592, 593, 594, 595, 596, 597, 598, 599, 600, 601, 602, 603, 604, 605, 606, 607, 608, 609, 610, 611, 612, 613, 614, 615, 616, 617, 618, 619, 620, 621, 622, 623, 624, 625, 626, 627, 628, 629, 630, 631, 632, 633, 634, 635, 636, 637, 638, 639, 640, 641, 642, 643, 644, 645, 646, 647, 648, 649, 650, 651, 652, 653, 654, 655, 656, 657, 658, 659, 660, 661, 662, 663, 664, 665, 666, 667, 668, 669, 670, 671, 672, 673, 674, 675, 676, 677, 678, 679, 680, 681, 682, 683, 684, 685, 686, 687, 688, 689, 690, 691, 692, 693, 694, 695, 696, 697, 698, 699, 700, 701, 702, 703, 704, 705, 706, 707, 708, 709, 710, 711, 712, 713, 714, 715, 716, 717, 718, 719, 720, 721, 722, 723, 724, 725, 726, 727, 728, 729, 730, 731, 732, 733, 734, 735, 736, 737, 738, 739, 740, 741, 742, 743, 744, 745, 746, 747, 748, 749, 750, 751, 752, 753, 754, 755, 756, 757, 758, 759, 760, 761, 762, 763, 764, 765, 766, 767, 768, 769, 770, 771, 772, 773, 774, 775, 776, 777, 778, 779, 780, 781, 782, 783, 784, 785, 786, 787, 788, 789, 790, 791, 792, 793, 796, 797, 798, 799, 800, 801, 863, 864, 865, 866, 867, 868, 869, 870, 871, 872, 873, 874]",True,"[166, 203, 638, 673]","[103, 104, 105, 106, 107, 108, 109, 110, 111, 112, 113, 114, 115, 116, 117, 118, 119, 120, 121, 122, 123, 124, 125, 126, 127, 128, 129, 130, 131, 132, 133, 134, 135, 136, 137, 138, 139, 140, 141, 142, 143, 144, 145, 146, 147, 148, 149, 150, 151, 152, 153, 154, 155, 156, 157, 158, 159, 160, 161, 162, 163, 164, 165, 166, 167, 168, 169, 170, 171, 172, 173, 174, 175, 176, 177, 178, 179, 180, 181, 182, 183, 184, 185, 186, 187, 188, 189, 190, 191, 192, 193, 194, 195, 196, 197, 198, 199, 200, 201, 202, 203, 204, 205, 206, 207, 208, 209, 210, 211, 212, 213, 214, 215, 216, 217, 218, 219, 220, 221, 222, 223, 224, 225, 226, 227, 228, 229, 230, 231, 232, 233, 234, 235, 236, 237, 238, 239, 240, 241, 242, 243, 244, 245, 246, 247, 248, 249, 250, 251, 252, 253, 254, 255, 256, 257, 258, 259, 260, 261, 262, 263, 264, 265, 266, 267, 268, 269, 270, 271, 272, 273, 274, 275, 276, 277, 278, 279, 280, 281, 282, 283, 284, 285, 286, 287, 288, 289, 290, 291, 292, 293, 294, 295, 296, 297, 298, 299, 300, 301, 302, 303, 304, 305, 306, 307, 308, 309, 310, 311, 312, 313, 314, 315, 316, 317, 318, 319, 320, 321, 322, 323, 324, 325, 326, 327, 328, 329, 330, 331, 332, 333, 334, 335, 336, 337, 574, 575, 576, 577, 578, 579, 580, 581, 582, 583, 584, 585, 586, 587, 588, 589, 590, 591, 592, 593, 594, 595, 596, 597, 598, 599, 600, 601, 602, 603, 604, 605, 606, 607, 608, 609, 610, 611, 612, 613, 614, 615, 616, 617, 618, 619, 620, 621, 622, 623, 624, 625, 626, 627, 628, 629, 630, 631, 632, 633, 634, 635, 636, 637, 638, 639, 640, 641, 642, 643, 644, 645, 646, 647, 648, 649, 650, 651, 652, 653, 654, 655, 656, 657, 658, 659, 660, 661, 662, 663, 664, 665, 666, 667, 668, 669, 670, 671, 672, 673, 674, 675, 676, 677, 678, 679, 680, 681, 682, 683, 684, 685, 686, 687, 688, 689, 690, 691, 692, 693, 694, 695, 696, 697, 698, 699, 700, 701, 702, 703, 704, 705, 706, 707, 708, 709, 710, 711, 712, 713, 714, 715, 716, 717, 718, 719, 720, 721, 722, 723, 724, 725, 726, 727, 728, 729, 730, 731, 732, 733, 734, 735, 736, 737, 738, 739, 740, 741, 742, 743, 744, 745, 746, 747, 748, 749, 750, 751, 752, 753, 754, 755, 756, 757, 758, 759, 760, 761, 762, 763, 764, 765, 766, 767, 768, 769, 770, 771, 772, 773, 774, 775, 776, 777, 778, 779, 780, 781, 782, 783, 784, 785, 786, 787, 788, 789, 790, 791, 792, 793]","[166, 203, 638, 673]","[166, 203, 638, 673]","[10, 75, 103, 104, 106, 117, 118, 120, 127, 128, 129, 131, 133, 135, 136, 137, 139, 146, 147, 148, 149, 151, 158, 160, 162, 166, 173, 178, 179, 185, 190, 192, 198, 201, 203, 204, 206, 207, 212, 213, 214, 219, 223, 224, 225, 227, 230, 235, 237, 246, 247, 256, 259, 262, 263, 266, 268, 269, 271, 272, 278, 279, 284, 285, 288, 290, 292, 304, 306, 312, 316, 319, 320, 323, 324, 329, 332, 335, 495, 549, 574, 575, 577, 588, 589, 591, 598, 599, 600, 602, 604, 606, 607, 608, 610, 617, 618, 619, 620, 622, 625, 630, 632, 634, 638, 644, 649, 650, 656, 661, 663, 669, 673, 674, 676, 677, 682, 683, 684, 687, 688, 689, 691, 694, 699, 701, 710, 718, 722, 723, 727, 728, 730, 731, 737, 738, 743, 744, 747, 749, 751, 762, 764, 770, 774, 777, 778, 781, 782, 789, 791]","[17, 18, 19, 20, 21, 22, 23, 156, 157, 158, 159, 160, 161, 162, 163, 164, 165, 166, 167, 168, 340, 341, 342, 343, 344, 345, 346, 412, 413, 414, 415, 416, 417, 418, 419, 420, 421, 422, 502, 503, 504, 505, 506, 507, 628, 629, 630, 631, 632, 633, 634, 635, 636, 637, 638, 639, 792, 796, 797, 798, 799, 800, 801, 863, 864, 865, 866, 867, 868, 869, 870, 871, 872, 873, 874]","[17, 18, 19, 20, 21, 22, 23, 156, 157, 158, 159, 160, 161, 162, 163, 164, 165, 166, 167, 341, 342, 343, 344, 345, 412, 413, 414, 415, 416, 417, 418, 419, 420, 421, 422, 502, 503, 504, 505, 506, 507, 628, 629, 630, 631, 632, 633, 634, 635, 636, 637, 638, 639, 792, 797, 798, 799, 800, 801, 863, 864, 865, 866, 867, 868, 869, 870, 871, 872, 873, 874]",7/6 successful match,True,[36],True,359,False,,1.0,True,Flying J Travel Plaza # 0500075 Rd ),Flying J
Ripon ( 95366 ) Flying J Travel Plaza # 618 ( Conoco ),2 209-599-4141 CA 99 Exit 237 B ( Jack Tone Rd ),24 XL 24,Ripon,95366,Flying J Travel Plaza # 618 ( Conoco ),209-599-4141,2014,Ripon,CA,Flying J,( Jack Tone Rd ),CA 99 Exit 237 B ,Exit,237,False,,False,CA 99,,,,,"[638, 166]","[166, 203, 638, 673]","[166, 203, 638, 673]","[166, 203, 638, 673]","[103, 104, 105, 106, 107, 108, 109, 110, 111, 112, 113, 114, 115, 116, 117, 118, 119, 120, 121, 122, 123, 124, 125, 126, 127, 128, 129, 130, 131, 132, 133, 134, 135, 136, 137, 138, 139, 140, 141, 142, 143, 144, 145, 146, 147, 148, 149, 150, 151, 152, 153, 154, 155, 156, 157, 158, 159, 160, 161, 162, 163, 164, 165, 166, 167, 168, 169, 170, 171, 172, 173, 174, 175, 176, 177, 178, 179, 180, 181, 182, 183, 184, 185, 186, 187, 188, 189, 190, 191, 192, 193, 194, 195, 196, 197, 198, 199, 200, 201, 202, 203, 204, 205, 206, 207, 208, 209, 210, 211, 212, 213, 214, 215, 216, 217, 218, 219, 220, 221, 222, 223, 224, 225, 226, 227, 228, 229, 230, 231, 232, 233, 234, 235, 236, 237, 238, 239, 240, 241, 242, 243, 244, 245, 246, 247, 248, 249, 250, 251, 252, 253, 254, 255, 256, 257, 258, 259, 260, 261, 262, 263, 264, 265, 266, 267, 268, 269, 270, 271, 272, 273, 274, 275, 276, 277, 278, 279, 280, 281, 282, 283, 284, 285, 286, 287, 288, 289, 290, 291, 292, 293, 294, 295, 296, 297, 298, 299, 300, 301, 302, 303, 304, 305, 306, 307, 308, 309, 310, 311, 312, 313, 314, 315, 316, 317, 318, 319, 320, 321, 322, 323, 324, 325, 326, 327, 328, 329, 330, 331, 332, 333, 334, 335, 336, 337, 574, 575, 576, 577, 578, 579, 580, 581, 582, 583, 584, 585, 586, 587, 588, 589, 590, 591, 592, 593, 594, 595, 596, 597, 598, 599, 600, 601, 602, 603, 604, 605, 606, 607, 608, 609, 610, 611, 612, 613, 614, 615, 616, 617, 618, 619, 620, 621, 622, 623, 624, 625, 626, 627, 628, 629, 630, 631, 632, 633, 634, 635, 636, 637, 638, 639, 640, 641, 642, 643, 644, 645, 646, 647, 648, 649, 650, 651, 652, 653, 654, 655, 656, 657, 658, 659, 660, 661, 662, 663, 664, 665, 666, 667, 668, 669, 670, 671, 672, 673, 674, 675, 676, 677, 678, 679, 680, 681, 682, 683, 684, 685, 686, 687, 688, 689, 690, 691, 692, 693, 694, 695, 696, 697, 698, 699, 700, 701, 702, 703, 704, 705, 706, 707, 708, 709, 710, 711, 712, 713, 714, 715, 716, 717, 718, 719, 720, 721, 722, 723, 724, 725, 726, 727, 728, 729, 730, 731, 732, 733, 734, 735, 736, 737, 738, 739, 740, 741, 742, 743, 744, 745, 746, 747, 748, 749, 750, 751, 752, 753, 754, 755, 756, 757, 758, 759, 760, 761, 762, 763, 764, 765, 766, 767, 768, 769, 770, 771, 772, 773, 774, 775, 776, 777, 778, 779, 780, 781, 782, 783, 784, 785, 786, 787, 788, 789, 790, 791, 792, 793]","[10, 75, 103, 104, 106, 117, 118, 120, 127, 128, 129, 131, 133, 135, 136, 137, 139, 146, 147, 148, 149, 151, 158, 160, 162, 166, 173, 178, 179, 185, 190, 192, 198, 201, 203, 204, 206, 207, 212, 213, 214, 219, 223, 224, 225, 227, 230, 235, 237, 246, 247, 256, 259, 262, 263, 266, 268, 269, 271, 272, 278, 279, 284, 285, 288, 290, 292, 304, 306, 312, 316, 319, 320, 323, 324, 329, 332, 335, 495, 549, 574, 575, 577, 588, 589, 591, 598, 599, 600, 602, 604, 606, 607, 608, 610, 617, 618, 619, 620, 622, 625, 630, 632, 634, 638, 644, 649, 650, 656, 661, 663, 669, 673, 674, 676, 677, 682, 683, 684, 687, 688, 689, 691, 694, 699, 701, 710, 718, 722, 723, 727, 728, 730, 731, 737, 738, 743, 744, 747, 749, 751, 762, 764, 770, 774, 777, 778, 781, 782, 789, 791]","[17, 18, 19, 20, 21, 22, 23, 156, 157, 158, 159, 160, 161, 162, 163, 164, 165, 166, 167, 341, 342, 343, 344, 345, 412, 413, 414, 415, 416, 417, 418, 419, 420, 421, 422, 502, 503, 504, 505, 506, 507, 628, 629, 630, 631, 632, 633, 634, 635, 636, 637, 638, 639, 792, 797, 798, 799, 800, 801, 863, 864, 865, 866, 867, 868, 869, 870, 871, 872, 873, 874]","[3, 17, 18, 19, 20, 21, 22, 23, 27, 156, 157, 158, 159, 160, 161, 162, 163, 164, 165, 166, 167, 168, 340, 341, 342, 343, 344, 345, 346, 349, 406, 412, 413, 414, 415, 416, 417, 418, 419, 420, 421, 422, 451, 489, 502, 503, 504, 505, 506, 507, 510, 628, 629, 630, 631, 632, 633, 634, 635, 636, 637, 638, 639, 792, 796, 797, 798, 799, 800, 801, 804, 855, 863, 864, 865, 866, 867, 868, 869, 870, 871, 872, 873, 874, 898]","[3, 10, 17, 18, 19, 20, 21, 22, 23, 27, 75, 103, 104, 105, 106, 107, 108, 109, 110, 111, 112, 113, 114, 115, 116, 117, 118, 119, 120, 121, 122, 123, 124, 125, 126, 127, 128, 129, 130, 131, 132, 133, 134, 135, 136, 137, 138, 139, 140, 141, 142, 143, 144, 145, 146, 147, 148, 149, 150, 151, 152, 153, 154, 155, 156, 157, 158, 159, 160, 161, 162, 163, 164, 165, 166, 167, 168, 169, 170, 171, 172, 173, 174, 175, 176, 177, 178, 179, 180, 181, 182, 183, 184, 185, 186, 187, 188, 189, 190, 191, 192, 193, 194, 195, 196, 197, 198, 199, 200, 201, 202, 203, 204, 205, 206, 207, 208, 209, 210, 211, 212, 213, 214, 215, 216, 217, 218, 219, 220, 221, 222, 223, 224, 225, 226, 227, 228, 229, 230, 231, 232, 233, 234, 235, 236, 237, 238, 239, 240, 241, 242, 243, 244, 245, 246, 247, 248, 249, 250, 251, 252, 253, 254, 255, 256, 257, 258, 259, 260, 261, 262, 263, 264, 265, 266, 267, 268, 269, 270, 271, 272, 273, 274, 275, 276, 277, 278, 279, 280, 281, 282, 283, 284, 285, 286, 287, 288, 289, 290, 291, 292, 293, 294, 295, 296, 297, 298, 299, 300, 301, 302, 303, 304, 305, 306, 307, 308, 309, 310, 311, 312, 313, 314, 315, 316, 317, 318, 319, 320, 321, 322, 323, 324, 325, 326, 327, 328, 329, 330, 331, 332, 333, 334, 335, 336, 337, 340, 341, 342, 343, 344, 345, 346, 349, 406, 412, 413, 414, 415, 416, 417, 418, 419, 420, 421, 422, 451, 489, 495, 502, 503, 504, 505, 506, 507, 510, 549, 574, 575, 576, 577, 578, 579, 580, 581, 582, 583, 584, 585, 586, 587, 588, 589, 590, 591, 592, 593, 594, 595, 596, 597, 598, 599, 600, 601, 602, 603, 604, 605, 606, 607, 608, 609, 610, 611, 612, 613, 614, 615, 616, 617, 618, 619, 620, 621, 622, 623, 624, 625, 626, 627, 628, 629, 630, 631, 632, 633, 634, 635, 636, 637, 638, 639, 640, 641, 642, 643, 644, 645, 646, 647, 648, 649, 650, 651, 652, 653, 654, 655, 656, 657, 658, 659, 660, 661, 662, 663, 664, 665, 666, 667, 668, 669, 670, 671, 672, 673, 674, 675, 676, 677, 678, 679, 680, 681, 682, 683, 684, 685, 686, 687, 688, 689, 690, 691, 692, 693, 694, 695, 696, 697, 698, 699, 700, 701, 702, 703, 704, 705, 706, 707, 708, 709, 710, 711, 712, 713, 714, 715, 716, 717, 718, 719, 720, 721, 722, 723, 724, 725, 726, 727, 728, 729, 730, 731, 732, 733, 734, 735, 736, 737, 738, 739, 740, 741, 742, 743, 744, 745, 746, 747, 748, 749, 750, 751, 752, 753, 754, 755, 756, 757, 758, 759, 760, 761, 762, 763, 764, 765, 766, 767, 768, 769, 770, 771, 772, 773, 774, 775, 776, 777, 778, 779, 780, 781, 782, 783, 784, 785, 786, 787, 788, 789, 790, 791, 792, 793, 796, 797, 798, 799, 800, 801, 804, 855, 863, 864, 865, 866, 867, 868, 869, 870, 871, 872, 873, 874, 898]",True,"[166, 203, 638, 673]","[103, 104, 105, 106, 107, 108, 109, 110, 111, 112, 113, 114, 115, 116, 117, 118, 119, 120, 121, 122, 123, 124, 125, 126, 127, 128, 129, 130, 131, 132, 133, 134, 135, 136, 137, 138, 139, 140, 141, 142, 143, 144, 145, 146, 147, 148, 149, 150, 151, 152, 153, 154, 155, 156, 157, 158, 159, 160, 161, 162, 163, 164, 165, 166, 167, 168, 169, 170, 171, 172, 173, 174, 175, 176, 177, 178, 179, 180, 181, 182, 183, 184, 185, 186, 187, 188, 189, 190, 191, 192, 193, 194, 195, 196, 197, 198, 199, 200, 201, 202, 203, 204, 205, 206, 207, 208, 209, 210, 211, 212, 213, 214, 215, 216, 217, 218, 219, 220, 221, 222, 223, 224, 225, 226, 227, 228, 229, 230, 231, 232, 233, 234, 235, 236, 237, 238, 239, 240, 241, 242, 243, 244, 245, 246, 247, 248, 249, 250, 251, 252, 253, 254, 255, 256, 257, 258, 259, 260, 261, 262, 263, 264, 265, 266, 267, 268, 269, 270, 271, 272, 273, 274, 275, 276, 277, 278, 279, 280, 281, 282, 283, 284, 285, 286, 287, 288, 289, 290, 291, 292, 293, 294, 295, 296, 297, 298, 299, 300, 301, 302, 303, 304, 305, 306, 307, 308, 309, 310, 311, 312, 313, 314, 315, 316, 317, 318, 319, 320, 321, 322, 323, 324, 325, 326, 327, 328, 329, 330, 331, 332, 333, 334, 335, 336, 337, 574, 575, 576, 577, 578, 579, 580, 581, 582, 583, 584, 585, 586, 587, 588, 589, 590, 591, 592, 593, 594, 595, 596, 597, 598, 599, 600, 601, 602, 603, 604, 605, 606, 607, 608, 609, 610, 611, 612, 613, 614, 615, 616, 617, 618, 619, 620, 621, 622, 623, 624, 625, 626, 627, 628, 629, 630, 631, 632, 633, 634, 635, 636, 637, 638, 639, 640, 641, 642, 643, 644, 645, 646, 647, 648, 649, 650, 651, 652, 653, 654, 655, 656, 657, 658, 659, 660, 661, 662, 663, 664, 665, 666, 667, 668, 669, 670, 671, 672, 673, 674, 675, 676, 677, 678, 679, 680, 681, 682, 683, 684, 685, 686, 687, 688, 689, 690, 691, 692, 693, 694, 695, 696, 697, 698, 699, 700, 701, 702, 703, 704, 705, 706, 707, 708, 709, 710, 711, 712, 713, 714, 715, 716, 717, 718, 719, 720, 721, 722, 723, 724, 725, 726, 727, 728, 729, 730, 731, 732, 733, 734, 735, 736, 737, 738, 739, 740, 741, 742, 743, 744, 745, 746, 747, 748, 749, 750, 751, 752, 753, 754, 755, 756, 757, 758, 759, 760, 761, 762, 763, 764, 765, 766, 767, 768, 769, 770, 771, 772, 773, 774, 775, 776, 777, 778, 779, 780, 781, 782, 783, 784, 785, 786, 787, 788, 789, 790, 791, 792, 793]","[166, 203, 638, 673]","[166, 203, 638, 673]","[10, 75, 103, 104, 106, 117, 118, 120, 127, 128, 129, 131, 133, 135, 136, 137, 139, 146, 147, 148, 149, 151, 158, 160, 162, 166, 173, 178, 179, 185, 190, 192, 198, 201, 203, 204, 206, 207, 212, 213, 214, 219, 223, 224, 225, 227, 230, 235, 237, 246, 247, 256, 259, 262, 263, 266, 268, 269, 271, 272, 278, 279, 284, 285, 288, 290, 292, 304, 306, 312, 316, 319, 320, 323, 324, 329, 332, 335, 495, 549, 574, 575, 577, 588, 589, 591, 598, 599, 600, 602, 604, 606, 607, 608, 610, 617, 618, 619, 620, 622, 625, 630, 632, 634, 638, 644, 649, 650, 656, 661, 663, 669, 673, 674, 676, 677, 682, 683, 684, 687, 688, 689, 691, 694, 699, 701, 710, 718, 722, 723, 727, 728, 730, 731, 737, 738, 743, 744, 747, 749, 751, 762, 764, 770, 774, 777, 778, 781, 782, 789, 791]","[3, 17, 18, 19, 20, 21, 22, 23, 27, 156, 157, 158, 159, 160, 161, 162, 163, 164, 165, 166, 167, 168, 340, 341, 342, 343, 344, 345, 346, 349, 406, 412, 413, 414, 415, 416, 417, 418, 419, 420, 421, 422, 451, 489, 502, 503, 504, 505, 506, 507, 510, 628, 629, 630, 631, 632, 633, 634, 635, 636, 637, 638, 639, 792, 796, 797, 798, 799, 800, 801, 804, 855, 863, 864, 865, 866, 867, 868, 869, 870, 871, 872, 873, 874, 898]","[17, 18, 19, 20, 21, 22, 23, 156, 157, 158, 159, 160, 161, 162, 163, 164, 165, 166, 167, 341, 342, 343, 344, 345, 412, 413, 414, 415, 416, 417, 418, 419, 420, 421, 422, 502, 503, 504, 505, 506, 507, 628, 629, 630, 631, 632, 633, 634, 635, 636, 637, 638, 639, 792, 797, 798, 799, 800, 801, 863, 864, 865, 866, 867, 868, 869, 870, 871, 872, 873, 874]",7/6 successful match,True,[36],True,359,False,,0.4948148148148148,True,Flying J Travel Plaza ( # 0500075 Tone Rd ),Flying J
E Ripon ( 95366 ) Flying J Travel Plaza # 618 ( Conoco ),2 209-599-4141 CA 99 Exit 237 B ( Jack Tone Rd ) FLYING J,J 24 XLO 24,Ripon,95366,Flying J Travel Plaza # 618 ( Conoco ),209-599-4141,2015,Ripon,CA,Flying J,( Jack Tone Rd ) FLYING J,CA 99 Exit 237 B ,Exit,237,False,,False,CA 99,,,,,"[638, 166]","[166, 203, 638, 673]","[166, 203, 638, 673]","[166, 203, 638, 673]","[103, 104, 105, 106, 107, 108, 109, 110, 111, 112, 113, 114, 115, 116, 117, 118, 119, 120, 121, 122, 123, 124, 125, 126, 127, 128, 129, 130, 131, 132, 133, 134, 135, 136, 137, 138, 139, 140, 141, 142, 143, 144, 145, 146, 147, 148, 149, 150, 151, 152, 153, 154, 155, 156, 157, 158, 159, 160, 161, 162, 163, 164, 165, 166, 167, 168, 169, 170, 171, 172, 173, 174, 175, 176, 177, 178, 179, 180, 181, 182, 183, 184, 185, 186, 187, 188, 189, 190, 191, 192, 193, 194, 195, 196, 197, 198, 199, 200, 201, 202, 203, 204, 205, 206, 207, 208, 209, 210, 211, 212, 213, 214, 215, 216, 217, 218, 219, 220, 221, 222, 223, 224, 225, 226, 227, 228, 229, 230, 231, 232, 233, 234, 235, 236, 237, 238, 239, 240, 241, 242, 243, 244, 245, 246, 247, 248, 249, 250, 251, 252, 253, 254, 255, 256, 257, 258, 259, 260, 261, 262, 263, 264, 265, 266, 267, 268, 269, 270, 271, 272, 273, 274, 275, 276, 277, 278, 279, 280, 281, 282, 283, 284, 285, 286, 287, 288, 289, 290, 291, 292, 293, 294, 295, 296, 297, 298, 299, 300, 301, 302, 303, 304, 305, 306, 307, 308, 309, 310, 311, 312, 313, 314, 315, 316, 317, 318, 319, 320, 321, 322, 323, 324, 325, 326, 327, 328, 329, 330, 331, 332, 333, 334, 335, 336, 337, 574, 575, 576, 577, 578, 579, 580, 581, 582, 583, 584, 585, 586, 587, 588, 589, 590, 591, 592, 593, 594, 595, 596, 597, 598, 599, 600, 601, 602, 603, 604, 605, 606, 607, 608, 609, 610, 611, 612, 613, 614, 615, 616, 617, 618, 619, 620, 621, 622, 623, 624, 625, 626, 627, 628, 629, 630, 631, 632, 633, 634, 635, 636, 637, 638, 639, 640, 641, 642, 643, 644, 645, 646, 647, 648, 649, 650, 651, 652, 653, 654, 655, 656, 657, 658, 659, 660, 661, 662, 663, 664, 665, 666, 667, 668, 669, 670, 671, 672, 673, 674, 675, 676, 677, 678, 679, 680, 681, 682, 683, 684, 685, 686, 687, 688, 689, 690, 691, 692, 693, 694, 695, 696, 697, 698, 699, 700, 701, 702, 703, 704, 705, 706, 707, 708, 709, 710, 711, 712, 713, 714, 715, 716, 717, 718, 719, 720, 721, 722, 723, 724, 725, 726, 727, 728, 729, 730, 731, 732, 733, 734, 735, 736, 737, 738, 739, 740, 741, 742, 743, 744, 745, 746, 747, 748, 749, 750, 751, 752, 753, 754, 755, 756, 757, 758, 759, 760, 761, 762, 763, 764, 765, 766, 767, 768, 769, 770, 771, 772, 773, 774, 775, 776, 777, 778, 779, 780, 781, 782, 783, 784, 785, 786, 787, 788, 789, 790, 791, 792, 793]","[10, 75, 103, 104, 106, 117, 118, 120, 127, 128, 129, 131, 133, 135, 136, 137, 139, 146, 147, 148, 149, 151, 158, 160, 162, 166, 173, 178, 179, 185, 190, 192, 198, 201, 203, 204, 206, 207, 212, 213, 214, 219, 223, 224, 225, 227, 230, 235, 237, 246, 247, 256, 259, 262, 263, 266, 268, 269, 271, 272, 278, 279, 284, 285, 288, 290, 292, 304, 306, 312, 316, 319, 320, 323, 324, 329, 332, 335, 495, 549, 574, 575, 577, 588, 589, 591, 598, 599, 600, 602, 604, 606, 607, 608, 610, 617, 618, 619, 620, 622, 625, 630, 632, 634, 638, 644, 649, 650, 656, 661, 663, 669, 673, 674, 676, 677, 682, 683, 684, 687, 688, 689, 691, 694, 699, 701, 710, 718, 722, 723, 727, 728, 730, 731, 737, 738, 743, 744, 747, 749, 751, 762, 764, 770, 774, 777, 778, 781, 782, 789, 791]","[17, 18, 19, 20, 21, 22, 23, 156, 157, 158, 159, 160, 161, 162, 163, 164, 165, 166, 167, 341, 342, 343, 344, 345, 412, 413, 414, 415, 416, 417, 418, 419, 420, 421, 422, 502, 503, 504, 505, 506, 507, 628, 629, 630, 631, 632, 633, 634, 635, 636, 637, 638, 639, 792, 797, 798, 799, 800, 801, 863, 864, 865, 866, 867, 868, 869, 870, 871, 872, 873, 874]","[3, 17, 18, 19, 20, 21, 22, 23, 27, 156, 157, 158, 159, 160, 161, 162, 163, 164, 165, 166, 167, 168, 340, 341, 342, 343, 344, 345, 346, 349, 406, 412, 413, 414, 415, 416, 417, 418, 419, 420, 421, 422, 451, 489, 502, 503, 504, 505, 506, 507, 510, 628, 629, 630, 631, 632, 633, 634, 635, 636, 637, 638, 639, 792, 796, 797, 798, 799, 800, 801, 804, 855, 863, 864, 865, 866, 867, 868, 869, 870, 871, 872, 873, 874, 898]","[3, 10, 17, 18, 19, 20, 21, 22, 23, 27, 75, 103, 104, 105, 106, 107, 108, 109, 110, 111, 112, 113, 114, 115, 116, 117, 118, 119, 120, 121, 122, 123, 124, 125, 126, 127, 128, 129, 130, 131, 132, 133, 134, 135, 136, 137, 138, 139, 140, 141, 142, 143, 144, 145, 146, 147, 148, 149, 150, 151, 152, 153, 154, 155, 156, 157, 158, 159, 160, 161, 162, 163, 164, 165, 166, 167, 168, 169, 170, 171, 172, 173, 174, 175, 176, 177, 178, 179, 180, 181, 182, 183, 184, 185, 186, 187, 188, 189, 190, 191, 192, 193, 194, 195, 196, 197, 198, 199, 200, 201, 202, 203, 204, 205, 206, 207, 208, 209, 210, 211, 212, 213, 214, 215, 216, 217, 218, 219, 220, 221, 222, 223, 224, 225, 226, 227, 228, 229, 230, 231, 232, 233, 234, 235, 236, 237, 238, 239, 240, 241, 242, 243, 244, 245, 246, 247, 248, 249, 250, 251, 252, 253, 254, 255, 256, 257, 258, 259, 260, 261, 262, 263, 264, 265, 266, 267, 268, 269, 270, 271, 272, 273, 274, 275, 276, 277, 278, 279, 280, 281, 282, 283, 284, 285, 286, 287, 288, 289, 290, 291, 292, 293, 294, 295, 296, 297, 298, 299, 300, 301, 302, 303, 304, 305, 306, 307, 308, 309, 310, 311, 312, 313, 314, 315, 316, 317, 318, 319, 320, 321, 322, 323, 324, 325, 326, 327, 328, 329, 330, 331, 332, 333, 334, 335, 336, 337, 340, 341, 342, 343, 344, 345, 346, 349, 406, 412, 413, 414, 415, 416, 417, 418, 419, 420, 421, 422, 451, 489, 495, 502, 503, 504, 505, 506, 507, 510, 549, 574, 575, 576, 577, 578, 579, 580, 581, 582, 583, 584, 585, 586, 587, 588, 589, 590, 591, 592, 593, 594, 595, 596, 597, 598, 599, 600, 601, 602, 603, 604, 605, 606, 607, 608, 609, 610, 611, 612, 613, 614, 615, 616, 617, 618, 619, 620, 621, 622, 623, 624, 625, 626, 627, 628, 629, 630, 631, 632, 633, 634, 635, 636, 637, 638, 639, 640, 641, 642, 643, 644, 645, 646, 647, 648, 649, 650, 651, 652, 653, 654, 655, 656, 657, 658, 659, 660, 661, 662, 663, 664, 665, 666, 667, 668, 669, 670, 671, 672, 673, 674, 675, 676, 677, 678, 679, 680, 681, 682, 683, 684, 685, 686, 687, 688, 689, 690, 691, 692, 693, 694, 695, 696, 697, 698, 699, 700, 701, 702, 703, 704, 705, 706, 707, 708, 709, 710, 711, 712, 713, 714, 715, 716, 717, 718, 719, 720, 721, 722, 723, 724, 725, 726, 727, 728, 729, 730, 731, 732, 733, 734, 735, 736, 737, 738, 739, 740, 741, 742, 743, 744, 745, 746, 747, 748, 749, 750, 751, 752, 753, 754, 755, 756, 757, 758, 759, 760, 761, 762, 763, 764, 765, 766, 767, 768, 769, 770, 771, 772, 773, 774, 775, 776, 777, 778, 779, 780, 781, 782, 783, 784, 785, 786, 787, 788, 789, 790, 791, 792, 793, 796, 797, 798, 799, 800, 801, 804, 855, 863, 864, 865, 866, 867, 868, 869, 870, 871, 872, 873, 874, 898]",True,"[166, 203, 638, 673]","[103, 104, 105, 106, 107, 108, 109, 110, 111, 112, 113, 114, 115, 116, 117, 118, 119, 120, 121, 122, 123, 124, 125, 126, 127, 128, 129, 130, 131, 132, 133, 134, 135, 136, 137, 138, 139, 140, 141, 142, 143, 144, 145, 146, 147, 148, 149, 150, 151, 152, 153, 154, 155, 156, 157, 158, 159, 160, 161, 162, 163, 164, 165, 166, 167, 168, 169, 170, 171, 172, 173, 174, 175, 176, 177, 178, 179, 180, 181, 182, 183, 184, 185, 186, 187, 188, 189, 190, 191, 192, 193, 194, 195, 196, 197, 198, 199, 200, 201, 202, 203, 204, 205, 206, 207, 208, 209, 210, 211, 212, 213, 214, 215, 216, 217, 218, 219, 220, 221, 222, 223, 224, 225, 226, 227, 228, 229, 230, 231, 232, 233, 234, 235, 236, 237, 238, 239, 240, 241, 242, 243, 244, 245, 246, 247, 248, 249, 250, 251, 252, 253, 254, 255, 256, 257, 258, 259, 260, 261, 262, 263, 264, 265, 266, 267, 268, 269, 270, 271, 272, 273, 274, 275, 276, 277, 278, 279, 280, 281, 282, 283, 284, 285, 286, 287, 288, 289, 290, 291, 292, 293, 294, 295, 296, 297, 298, 299, 300, 301, 302, 303, 304, 305, 306, 307, 308, 309, 310, 311, 312, 313, 314, 315, 316, 317, 318, 319, 320, 321, 322, 323, 324, 325, 326, 327, 328, 329, 330, 331, 332, 333, 334, 335, 336, 337, 574, 575, 576, 577, 578, 579, 580, 581, 582, 583, 584, 585, 586, 587, 588, 589, 590, 591, 592, 593, 594, 595, 596, 597, 598, 599, 600, 601, 602, 603, 604, 605, 606, 607, 608, 609, 610, 611, 612, 613, 614, 615, 616, 617, 618, 619, 620, 621, 622, 623, 624, 625, 626, 627, 628, 629, 630, 631, 632, 633, 634, 635, 636, 637, 638, 639, 640, 641, 642, 643, 644, 645, 646, 647, 648, 649, 650, 651, 652, 653, 654, 655, 656, 657, 658, 659, 660, 661, 662, 663, 664, 665, 666, 667, 668, 669, 670, 671, 672, 673, 674, 675, 676, 677, 678, 679, 680, 681, 682, 683, 684, 685, 686, 687, 688, 689, 690, 691, 692, 693, 694, 695, 696, 697, 698, 699, 700, 701, 702, 703, 704, 705, 706, 707, 708, 709, 710, 711, 712, 713, 714, 715, 716, 717, 718, 719, 720, 721, 722, 723, 724, 725, 726, 727, 728, 729, 730, 731, 732, 733, 734, 735, 736, 737, 738, 739, 740, 741, 742, 743, 744, 745, 746, 747, 748, 749, 750, 751, 752, 753, 754, 755, 756, 757, 758, 759, 760, 761, 762, 763, 764, 765, 766, 767, 768, 769, 770, 771, 772, 773, 774, 775, 776, 777, 778, 779, 780, 781, 782, 783, 784, 785, 786, 787, 788, 789, 790, 791, 792, 793]","[166, 203, 638, 673]","[166, 203, 638, 673]","[10, 75, 103, 104, 106, 117, 118, 120, 127, 128, 129, 131, 133, 135, 136, 137, 139, 146, 147, 148, 149, 151, 158, 160, 162, 166, 173, 178, 179, 185, 190, 192, 198, 201, 203, 204, 206, 207, 212, 213, 214, 219, 223, 224, 225, 227, 230, 235, 237, 246, 247, 256, 259, 262, 263, 266, 268, 269, 271, 272, 278, 279, 284, 285, 288, 290, 292, 304, 306, 312, 316, 319, 320, 323, 324, 329, 332, 335, 495, 549, 574, 575, 577, 588, 589, 591, 598, 599, 600, 602, 604, 606, 607, 608, 610, 617, 618, 619, 620, 622, 625, 630, 632, 634, 638, 644, 649, 650, 656, 661, 663, 669, 673, 674, 676, 677, 682, 683, 684, 687, 688, 689, 691, 694, 699, 701, 710, 718, 722, 723, 727, 728, 730, 731, 737, 738, 743, 744, 747, 749, 751, 762, 764, 770, 774, 777, 778, 781, 782, 789, 791]","[3, 17, 18, 19, 20, 21, 22, 23, 27, 156, 157, 158, 159, 160, 161, 162, 163, 164, 165, 166, 167, 168, 340, 341, 342, 343, 344, 345, 346, 349, 406, 412, 413, 414, 415, 416, 417, 418, 419, 420, 421, 422, 451, 489, 502, 503, 504, 505, 506, 507, 510, 628, 629, 630, 631, 632, 633, 634, 635, 636, 637, 638, 639, 792, 796, 797, 798, 799, 800, 801, 804, 855, 863, 864, 865, 866, 867, 868, 869, 870, 871, 872, 873, 874, 898]","[17, 18, 19, 20, 21, 22, 23, 156, 157, 158, 159, 160, 161, 162, 163, 164, 165, 166, 167, 341, 342, 343, 344, 345, 412, 413, 414, 415, 416, 417, 418, 419, 420, 421, 422, 502, 503, 504, 505, 506, 507, 628, 629, 630, 631, 632, 633, 634, 635, 636, 637, 638, 639, 792, 797, 798, 799, 800, 801, 863, 864, 865, 866, 867, 868, 869, 870, 871, 872, 873, 874]",7/6 successful match,True,[36],True,359,False,,1.0,True,Flying J Travel Plaza # 618 ( Conoco ),Flying J
Ripon ( 95366 ) Flying J Travel Plaza # 618 FLYING,2 209-599-4141 CA 99 Exit 237 B ( Jack Tone Rd ),FLYING J 24 XL 24 24,Ripon,95366,Flying J Travel Plaza # 618 FLYING,209-599-4141,2016,Ripon,CA,Flying J,( Jack Tone Rd ),CA 99 Exit 237 B ,Exit,237,False,,False,CA 99,,,,,"[638, 166]","[166, 203, 638, 673]","[166, 203, 638, 673]","[166, 203, 638, 673]","[103, 104, 105, 106, 107, 108, 109, 110, 111, 112, 113, 114, 115, 116, 117, 118, 119, 120, 121, 122, 123, 124, 125, 126, 127, 128, 129, 130, 131, 132, 133, 134, 135, 136, 137, 138, 139, 140, 141, 142, 143, 144, 145, 146, 147, 148, 149, 150, 151, 152, 153, 154, 155, 156, 157, 158, 159, 160, 161, 162, 163, 164, 165, 166, 167, 168, 169, 170, 171, 172, 173, 174, 175, 176, 177, 178, 179, 180, 181, 182, 183, 184, 185, 186, 187, 188, 189, 190, 191, 192, 193, 194, 195, 196, 197, 198, 199, 200, 201, 202, 203, 204, 205, 206, 207, 208, 209, 210, 211, 212, 213, 214, 215, 216, 217, 218, 219, 220, 221, 222, 223, 224, 225, 226, 227, 228, 229, 230, 231, 232, 233, 234, 235, 236, 237, 238, 239, 240, 241, 242, 243, 244, 245, 246, 247, 248, 249, 250, 251, 252, 253, 254, 255, 256, 257, 258, 259, 260, 261, 262, 263, 264, 265, 266, 267, 268, 269, 270, 271, 272, 273, 274, 275, 276, 277, 278, 279, 280, 281, 282, 283, 284, 285, 286, 287, 288, 289, 290, 291, 292, 293, 294, 295, 296, 297, 298, 299, 300, 301, 302, 303, 304, 305, 306, 307, 308, 309, 310, 311, 312, 313, 314, 315, 316, 317, 318, 319, 320, 321, 322, 323, 324, 325, 326, 327, 328, 329, 330, 331, 332, 333, 334, 335, 336, 337, 574, 575, 576, 577, 578, 579, 580, 581, 582, 583, 584, 585, 586, 587, 588, 589, 590, 591, 592, 593, 594, 595, 596, 597, 598, 599, 600, 601, 602, 603, 604, 605, 606, 607, 608, 609, 610, 611, 612, 613, 614, 615, 616, 617, 618, 619, 620, 621, 622, 623, 624, 625, 626, 627, 628, 629, 630, 631, 632, 633, 634, 635, 636, 637, 638, 639, 640, 641, 642, 643, 644, 645, 646, 647, 648, 649, 650, 651, 652, 653, 654, 655, 656, 657, 658, 659, 660, 661, 662, 663, 664, 665, 666, 667, 668, 669, 670, 671, 672, 673, 674, 675, 676, 677, 678, 679, 680, 681, 682, 683, 684, 685, 686, 687, 688, 689, 690, 691, 692, 693, 694, 695, 696, 697, 698, 699, 700, 701, 702, 703, 704, 705, 706, 707, 708, 709, 710, 711, 712, 713, 714, 715, 716, 717, 718, 719, 720, 721, 722, 723, 724, 725, 726, 727, 728, 729, 730, 731, 732, 733, 734, 735, 736, 737, 738, 739, 740, 741, 742, 743, 744, 745, 746, 747, 748, 749, 750, 751, 752, 753, 754, 755, 756, 757, 758, 759, 760, 761, 762, 763, 764, 765, 766, 767, 768, 769, 770, 771, 772, 773, 774, 775, 776, 777, 778, 779, 780, 781, 782, 783, 784, 785, 786, 787, 788, 789, 790, 791, 792, 793]","[10, 75, 103, 104, 106, 117, 118, 120, 127, 128, 129, 131, 133, 135, 136, 137, 139, 146, 147, 148, 149, 151, 158, 160, 162, 166, 173, 178, 179, 185, 190, 192, 198, 201, 203, 204, 206, 207, 212, 213, 214, 219, 223, 224, 225, 227, 230, 235, 237, 246, 247, 256, 259, 262, 263, 266, 268, 269, 271, 272, 278, 279, 284, 285, 288, 290, 292, 304, 306, 312, 316, 319, 320, 323, 324, 329, 332, 335, 495, 549, 574, 575, 577, 588, 589, 591, 598, 599, 600, 602, 604, 606, 607, 608, 610, 617, 618, 619, 620, 622, 625, 630, 632, 634, 638, 644, 649, 650, 656, 661, 663, 669, 673, 674, 676, 677, 682, 683, 684, 687, 688, 689, 691, 694, 699, 701, 710, 718, 722, 723, 727, 728, 730, 731, 737, 738, 743, 744, 747, 749, 751, 762, 764, 770, 774, 777, 778, 781, 782, 789, 791]","[17, 18, 19, 20, 21, 22, 23, 156, 157, 158, 159, 160, 161, 162, 163, 164, 165, 166, 167, 341, 342, 343, 344, 345, 412, 413, 414, 415, 416, 417, 418, 419, 420, 421, 422, 502, 503, 504, 505, 506, 507, 628, 629, 630, 631, 632, 633, 634, 635, 636, 637, 638, 639, 792, 797, 798, 799, 800, 801, 863, 864, 865, 866, 867, 868, 869, 870, 871, 872, 873, 874]","[17, 18, 19, 20, 21, 22, 23, 156, 157, 158, 159, 160, 161, 162, 163, 164, 165, 166, 167, 168, 340, 341, 342, 343, 344, 345, 346, 412, 413, 414, 415, 416, 417, 418, 419, 420, 421, 422, 502, 503, 504, 505, 506, 507, 628, 629, 630, 631, 632, 633, 634, 635, 636, 637, 638, 639, 792, 796, 797, 798, 799, 800, 801, 863, 864, 865, 866, 867, 868, 869, 870, 871, 872, 873, 874]","[10, 17, 18, 19, 20, 21, 22, 23, 75, 103, 104, 105, 106, 107, 108, 109, 110, 111, 112, 113, 114, 115, 116, 117, 118, 119, 120, 121, 122, 123, 124, 125, 126, 127, 128, 129, 130, 131, 132, 133, 134, 135, 136, 137, 138, 139, 140, 141, 142, 143, 144, 145, 146, 147, 148, 149, 150, 151, 152, 153, 154, 155, 156, 157, 158, 159, 160, 161, 162, 163, 164, 165, 166, 167, 168, 169, 170, 171, 172, 173, 174, 175, 176, 177, 178, 179, 180, 181, 182, 183, 184, 185, 186, 187, 188, 189, 190, 191, 192, 193, 194, 195, 196, 197, 198, 199, 200, 201, 202, 203, 204, 205, 206, 207, 208, 209, 210, 211, 212, 213, 214, 215, 216, 217, 218, 219, 220, 221, 222, 223, 224, 225, 226, 227, 228, 229, 230, 231, 232, 233, 234, 235, 236, 237, 238, 239, 240, 241, 242, 243, 244, 245, 246, 247, 248, 249, 250, 251, 252, 253, 254, 255, 256, 257, 258, 259, 260, 261, 262, 263, 264, 265, 266, 267, 268, 269, 270, 271, 272, 273, 274, 275, 276, 277, 278, 279, 280, 281, 282, 283, 284, 285, 286, 287, 288, 289, 290, 291, 292, 293, 294, 295, 296, 297, 298, 299, 300, 301, 302, 303, 304, 305, 306, 307, 308, 309, 310, 311, 312, 313, 314, 315, 316, 317, 318, 319, 320, 321, 322, 323, 324, 325, 326, 327, 328, 329, 330, 331, 332, 333, 334, 335, 336, 337, 340, 341, 342, 343, 344, 345, 346, 412, 413, 414, 415, 416, 417, 418, 419, 420, 421, 422, 495, 502, 503, 504, 505, 506, 507, 549, 574, 575, 576, 577, 578, 579, 580, 581, 582, 583, 584, 585, 586, 587, 588, 589, 590, 591, 592, 593, 594, 595, 596, 597, 598, 599, 600, 601, 602, 603, 604, 605, 606, 607, 608, 609, 610, 611, 612, 613, 614, 615, 616, 617, 618, 619, 620, 621, 622, 623, 624, 625, 626, 627, 628, 629, 630, 631, 632, 633, 634, 635, 636, 637, 638, 639, 640, 641, 642, 643, 644, 645, 646, 647, 648, 649, 650, 651, 652, 653, 654, 655, 656, 657, 658, 659, 660, 661, 662, 663, 664, 665, 666, 667, 668, 669, 670, 671, 672, 673, 674, 675, 676, 677, 678, 679, 680, 681, 682, 683, 684, 685, 686, 687, 688, 689, 690, 691, 692, 693, 694, 695, 696, 697, 698, 699, 700, 701, 702, 703, 704, 705, 706, 707, 708, 709, 710, 711, 712, 713, 714, 715, 716, 717, 718, 719, 720, 721, 722, 723, 724, 725, 726, 727, 728, 729, 730, 731, 732, 733, 734, 735, 736, 737, 738, 739, 740, 741, 742, 743, 744, 745, 746, 747, 748, 749, 750, 751, 752, 753, 754, 755, 756, 757, 758, 759, 760, 761, 762, 763, 764, 765, 766, 767, 768, 769, 770, 771, 772, 773, 774, 775, 776, 777, 778, 779, 780, 781, 782, 783, 784, 785, 786, 787, 788, 789, 790, 791, 792, 793, 796, 797, 798, 799, 800, 801, 863, 864, 865, 866, 867, 868, 869, 870, 871, 872, 873, 874]",True,"[166, 203, 638, 673]","[103, 104, 105, 106, 107, 108, 109, 110, 111, 112, 113, 114, 115, 116, 117, 118, 119, 120, 121, 122, 123, 124, 125, 126, 127, 128, 129, 130, 131, 132, 133, 134, 135, 136, 137, 138, 139, 140, 141, 142, 143, 144, 145, 146, 147, 148, 149, 150, 151, 152, 153, 154, 155, 156, 157, 158, 159, 160, 161, 162, 163, 164, 165, 166, 167, 168, 169, 170, 171, 172, 173, 174, 175, 176, 177, 178, 179, 180, 181, 182, 183, 184, 185, 186, 187, 188, 189, 190, 191, 192, 193, 194, 195, 196, 197, 198, 199, 200, 201, 202, 203, 204, 205, 206, 207, 208, 209, 210, 211, 212, 213, 214, 215, 216, 217, 218, 219, 220, 221, 222, 223, 224, 225, 226, 227, 228, 229, 230, 231, 232, 233, 234, 235, 236, 237, 238, 239, 240, 241, 242, 243, 244, 245, 246, 247, 248, 249, 250, 251, 252, 253, 254, 255, 256, 257, 258, 259, 260, 261, 262, 263, 264, 265, 266, 267, 268, 269, 270, 271, 272, 273, 274, 275, 276, 277, 278, 279, 280, 281, 282, 283, 284, 285, 286, 287, 288, 289, 290, 291, 292, 293, 294, 295, 296, 297, 298, 299, 300, 301, 302, 303, 304, 305, 306, 307, 308, 309, 310, 311, 312, 313, 314, 315, 316, 317, 318, 319, 320, 321, 322, 323, 324, 325, 326, 327, 328, 329, 330, 331, 332, 333, 334, 335, 336, 337, 574, 575, 576, 577, 578, 579, 580, 581, 582, 583, 584, 585, 586, 587, 588, 589, 590, 591, 592, 593, 594, 595, 596, 597, 598, 599, 600, 601, 602, 603, 604, 605, 606, 607, 608, 609, 610, 611, 612, 613, 614, 615, 616, 617, 618, 619, 620, 621, 622, 623, 624, 625, 626, 627, 628, 629, 630, 631, 632, 633, 634, 635, 636, 637, 638, 639, 640, 641, 642, 643, 644, 645, 646, 647, 648, 649, 650, 651, 652, 653, 654, 655, 656, 657, 658, 659, 660, 661, 662, 663, 664, 665, 666, 667, 668, 669, 670, 671, 672, 673, 674, 675, 676, 677, 678, 679, 680, 681, 682, 683, 684, 685, 686, 687, 688, 689, 690, 691, 692, 693, 694, 695, 696, 697, 698, 699, 700, 701, 702, 703, 704, 705, 706, 707, 708, 709, 710, 711, 712, 713, 714, 715, 716, 717, 718, 719, 720, 721, 722, 723, 724, 725, 726, 727, 728, 729, 730, 731, 732, 733, 734, 735, 736, 737, 738, 739, 740, 741, 742, 743, 744, 745, 746, 747, 748, 749, 750, 751, 752, 753, 754, 755, 756, 757, 758, 759, 760, 761, 762, 763, 764, 765, 766, 767, 768, 769, 770, 771, 772, 773, 774, 775, 776, 777, 778, 779, 780, 781, 782, 783, 784, 785, 786, 787, 788, 789, 790, 791, 792, 793]","[166, 203, 638, 673]","[166, 203, 638, 673]","[10, 75, 103, 104, 106, 117, 118, 120, 127, 128, 129, 131, 133, 135, 136, 137, 139, 146, 147, 148, 149, 151, 158, 160, 162, 166, 173, 178, 179, 185, 190, 192, 198, 201, 203, 204, 206, 207, 212, 213, 214, 219, 223, 224, 225, 227, 230, 235, 237, 246, 247, 256, 259, 262, 263, 266, 268, 269, 271, 272, 278, 279, 284, 285, 288, 290, 292, 304, 306, 312, 316, 319, 320, 323, 324, 329, 332, 335, 495, 549, 574, 575, 577, 588, 589, 591, 598, 599, 600, 602, 604, 606, 607, 608, 610, 617, 618, 619, 620, 622, 625, 630, 632, 634, 638, 644, 649, 650, 656, 661, 663, 669, 673, 674, 676, 677, 682, 683, 684, 687, 688, 689, 691, 694, 699, 701, 710, 718, 722, 723, 727, 728, 730, 731, 737, 738, 743, 744, 747, 749, 751, 762, 764, 770, 774, 777, 778, 781, 782, 789, 791]","[17, 18, 19, 20, 21, 22, 23, 156, 157, 158, 159, 160, 161, 162, 163, 164, 165, 166, 167, 168, 340, 341, 342, 343, 344, 345, 346, 412, 413, 414, 415, 416, 417, 418, 419, 420, 421, 422, 502, 503, 504, 505, 506, 507, 628, 629, 630, 631, 632, 633, 634, 635, 636, 637, 638, 639, 792, 796, 797, 798, 799, 800, 801, 863, 864, 865, 866, 867, 868, 869, 870, 871, 872, 873, 874]","[17, 18, 19, 20, 21, 22, 23, 156, 157, 158, 159, 160, 161, 162, 163, 164, 165, 166, 167, 341, 342, 343, 344, 345, 412, 413, 414, 415, 416, 417, 418, 419, 420, 421, 422, 502, 503, 504, 505, 506, 507, 628, 629, 630, 631, 632, 633, 634, 635, 636, 637, 638, 639, 792, 797, 798, 799, 800, 801, 863, 864, 865, 866, 867, 868, 869, 870, 871, 872, 873, 874]",7/6 successful match,True,[36],True,359,False,,1.0,True,Flying J Travel Plaza # 618 ( Conoco ),Flying J
"E Tracy , 95376 Country Mart Diesel & Gas ( 76 )",2 209-832-8642 I-580 Ex 76 B ( 132 N to 34243 S Crisman ),),Tracy,95376,Country Mart Diesel & Gas ( 76 ),209-832-8642,2006,Tracy,CA,,( 132 N to 34243 S Crisman ),I-580 Ex 76 B ,Exit,76,False,,False,I-580,,,,,"[144, 615]","[144, 615]","[144, 305, 615, 763]","[144, 323, 615, 781]","[103, 104, 105, 106, 107, 108, 109, 110, 111, 112, 113, 114, 115, 116, 117, 118, 119, 120, 121, 122, 123, 124, 125, 126, 127, 128, 129, 130, 131, 132, 133, 134, 135, 136, 137, 138, 139, 140, 141, 142, 143, 144, 145, 146, 147, 148, 149, 150, 151, 152, 153, 154, 155, 156, 157, 158, 159, 160, 161, 162, 163, 164, 165, 166, 167, 168, 169, 170, 171, 172, 173, 174, 175, 176, 177, 178, 179, 180, 181, 182, 183, 184, 185, 186, 187, 188, 189, 190, 191, 192, 193, 194, 195, 196, 197, 198, 199, 200, 201, 202, 203, 204, 205, 206, 207, 208, 209, 210, 211, 212, 213, 214, 215, 216, 217, 218, 219, 220, 221, 222, 223, 224, 225, 226, 227, 228, 229, 230, 231, 232, 233, 234, 235, 236, 237, 238, 239, 240, 241, 242, 243, 244, 245, 246, 247, 248, 249, 250, 251, 252, 253, 254, 255, 256, 257, 258, 259, 260, 261, 262, 263, 264, 265, 266, 267, 268, 269, 270, 271, 272, 273, 274, 275, 276, 277, 278, 279, 280, 281, 282, 283, 284, 285, 286, 287, 288, 289, 290, 291, 292, 293, 294, 295, 296, 297, 298, 299, 300, 301, 302, 303, 304, 305, 306, 307, 308, 309, 310, 311, 312, 313, 314, 315, 316, 317, 318, 319, 320, 321, 322, 323, 324, 325, 326, 327, 328, 329, 330, 331, 332, 333, 334, 335, 336, 337, 574, 575, 576, 577, 578, 579, 580, 581, 582, 583, 584, 585, 586, 587, 588, 589, 590, 591, 592, 593, 594, 595, 596, 597, 598, 599, 600, 601, 602, 603, 604, 605, 606, 607, 608, 609, 610, 611, 612, 613, 614, 615, 616, 617, 618, 619, 620, 621, 622, 623, 624, 625, 626, 627, 628, 629, 630, 631, 632, 633, 634, 635, 636, 637, 638, 639, 640, 641, 642, 643, 644, 645, 646, 647, 648, 649, 650, 651, 652, 653, 654, 655, 656, 657, 658, 659, 660, 661, 662, 663, 664, 665, 666, 667, 668, 669, 670, 671, 672, 673, 674, 675, 676, 677, 678, 679, 680, 681, 682, 683, 684, 685, 686, 687, 688, 689, 690, 691, 692, 693, 694, 695, 696, 697, 698, 699, 700, 701, 702, 703, 704, 705, 706, 707, 708, 709, 710, 711, 712, 713, 714, 715, 716, 717, 718, 719, 720, 721, 722, 723, 724, 725, 726, 727, 728, 729, 730, 731, 732, 733, 734, 735, 736, 737, 738, 739, 740, 741, 742, 743, 744, 745, 746, 747, 748, 749, 750, 751, 752, 753, 754, 755, 756, 757, 758, 759, 760, 761, 762, 763, 764, 765, 766, 767, 768, 769, 770, 771, 772, 773, 774, 775, 776, 777, 778, 779, 780, 781, 782, 783, 784, 785, 786, 787, 788, 789, 790, 791, 792, 793]","[144, 263, 276, 615, 723, 735]",[],"[84, 87, 89, 114, 115, 117, 124, 132, 135, 137, 144, 152, 178, 239, 268, 281, 297, 318, 320, 327, 348, 394, 555, 558, 560, 585, 586, 588, 595, 603, 606, 608, 615, 623, 649, 703, 727, 740, 756, 776, 778, 785, 803, 844]","[84, 87, 89, 103, 104, 105, 106, 107, 108, 109, 110, 111, 112, 113, 114, 115, 116, 117, 118, 119, 120, 121, 122, 123, 124, 125, 126, 127, 128, 129, 130, 131, 132, 133, 134, 135, 136, 137, 138, 139, 140, 141, 142, 143, 144, 145, 146, 147, 148, 149, 150, 151, 152, 153, 154, 155, 156, 157, 158, 159, 160, 161, 162, 163, 164, 165, 166, 167, 168, 169, 170, 171, 172, 173, 174, 175, 176, 177, 178, 179, 180, 181, 182, 183, 184, 185, 186, 187, 188, 189, 190, 191, 192, 193, 194, 195, 196, 197, 198, 199, 200, 201, 202, 203, 204, 205, 206, 207, 208, 209, 210, 211, 212, 213, 214, 215, 216, 217, 218, 219, 220, 221, 222, 223, 224, 225, 226, 227, 228, 229, 230, 231, 232, 233, 234, 235, 236, 237, 238, 239, 240, 241, 242, 243, 244, 245, 246, 247, 248, 249, 250, 251, 252, 253, 254, 255, 256, 257, 258, 259, 260, 261, 262, 263, 264, 265, 266, 267, 268, 269, 270, 271, 272, 273, 274, 275, 276, 277, 278, 279, 280, 281, 282, 283, 284, 285, 286, 287, 288, 289, 290, 291, 292, 293, 294, 295, 296, 297, 298, 299, 300, 301, 302, 303, 304, 305, 306, 307, 308, 309, 310, 311, 312, 313, 314, 315, 316, 317, 318, 319, 320, 321, 322, 323, 324, 325, 326, 327, 328, 329, 330, 331, 332, 333, 334, 335, 336, 337, 348, 394, 555, 558, 560, 574, 575, 576, 577, 578, 579, 580, 581, 582, 583, 584, 585, 586, 587, 588, 589, 590, 591, 592, 593, 594, 595, 596, 597, 598, 599, 600, 601, 602, 603, 604, 605, 606, 607, 608, 609, 610, 611, 612, 613, 614, 615, 616, 617, 618, 619, 620, 621, 622, 623, 624, 625, 626, 627, 628, 629, 630, 631, 632, 633, 634, 635, 636, 637, 638, 639, 640, 641, 642, 643, 644, 645, 646, 647, 648, 649, 650, 651, 652, 653, 654, 655, 656, 657, 658, 659, 660, 661, 662, 663, 664, 665, 666, 667, 668, 669, 670, 671, 672, 673, 674, 675, 676, 677, 678, 679, 680, 681, 682, 683, 684, 685, 686, 687, 688, 689, 690, 691, 692, 693, 694, 695, 696, 697, 698, 699, 700, 701, 702, 703, 704, 705, 706, 707, 708, 709, 710, 711, 712, 713, 714, 715, 716, 717, 718, 719, 720, 721, 722, 723, 724, 725, 726, 727, 728, 729, 730, 731, 732, 733, 734, 735, 736, 737, 738, 739, 740, 741, 742, 743, 744, 745, 746, 747, 748, 749, 750, 751, 752, 753, 754, 755, 756, 757, 758, 759, 760, 761, 762, 763, 764, 765, 766, 767, 768, 769, 770, 771, 772, 773, 774, 775, 776, 777, 778, 779, 780, 781, 782, 783, 784, 785, 786, 787, 788, 789, 790, 791, 792, 793, 803, 844]",True,"[144, 615]","[103, 104, 105, 106, 107, 108, 109, 110, 111, 112, 113, 114, 115, 116, 117, 118, 119, 120, 121, 122, 123, 124, 125, 126, 127, 128, 129, 130, 131, 132, 133, 134, 135, 136, 137, 138, 139, 140, 141, 142, 143, 144, 145, 146, 147, 148, 149, 150, 151, 152, 153, 154, 155, 156, 157, 158, 159, 160, 161, 162, 163, 164, 165, 166, 167, 168, 169, 170, 171, 172, 173, 174, 175, 176, 177, 178, 179, 180, 181, 182, 183, 184, 185, 186, 187, 188, 189, 190, 191, 192, 193, 194, 195, 196, 197, 198, 199, 200, 201, 202, 203, 204, 205, 206, 207, 208, 209, 210, 211, 212, 213, 214, 215, 216, 217, 218, 219, 220, 221, 222, 223, 224, 225, 226, 227, 228, 229, 230, 231, 232, 233, 234, 235, 236, 237, 238, 239, 240, 241, 242, 243, 244, 245, 246, 247, 248, 249, 250, 251, 252, 253, 254, 255, 256, 257, 258, 259, 260, 261, 262, 263, 264, 265, 266, 267, 268, 269, 270, 271, 272, 273, 274, 275, 276, 277, 278, 279, 280, 281, 282, 283, 284, 285, 286, 287, 288, 289, 290, 291, 292, 293, 294, 295, 296, 297, 298, 299, 300, 301, 302, 303, 304, 305, 306, 307, 308, 309, 310, 311, 312, 313, 314, 315, 316, 317, 318, 319, 320, 321, 322, 323, 324, 325, 326, 327, 328, 329, 330, 331, 332, 333, 334, 335, 336, 337, 574, 575, 576, 577, 578, 579, 580, 581, 582, 583, 584, 585, 586, 587, 588, 589, 590, 591, 592, 593, 594, 595, 596, 597, 598, 599, 600, 601, 602, 603, 604, 605, 606, 607, 608, 609, 610, 611, 612, 613, 614, 615, 616, 617, 618, 619, 620, 621, 622, 623, 624, 625, 626, 627, 628, 629, 630, 631, 632, 633, 634, 635, 636, 637, 638, 639, 640, 641, 642, 643, 644, 645, 646, 647, 648, 649, 650, 651, 652, 653, 654, 655, 656, 657, 658, 659, 660, 661, 662, 663, 664, 665, 666, 667, 668, 669, 670, 671, 672, 673, 674, 675, 676, 677, 678, 679, 680, 681, 682, 683, 684, 685, 686, 687, 688, 689, 690, 691, 692, 693, 694, 695, 696, 697, 698, 699, 700, 701, 702, 703, 704, 705, 706, 707, 708, 709, 710, 711, 712, 713, 714, 715, 716, 717, 718, 719, 720, 721, 722, 723, 724, 725, 726, 727, 728, 729, 730, 731, 732, 733, 734, 735, 736, 737, 738, 739, 740, 741, 742, 743, 744, 745, 746, 747, 748, 749, 750, 751, 752, 753, 754, 755, 756, 757, 758, 759, 760, 761, 762, 763, 764, 765, 766, 767, 768, 769, 770, 771, 772, 773, 774, 775, 776, 777, 778, 779, 780, 781, 782, 783, 784, 785, 786, 787, 788, 789, 790, 791, 792, 793]","[144, 305, 615, 763]","[144, 323, 615, 781]","[144, 263, 276, 615, 723, 735]","[84, 87, 89, 114, 115, 117, 124, 132, 135, 137, 144, 152, 178, 239, 268, 281, 297, 318, 320, 327, 348, 394, 555, 558, 560, 585, 586, 588, 595, 603, 606, 608, 615, 623, 649, 703, 727, 740, 756, 776, 778, 785, 803, 844]",[],7/6 successful match,True,[64],True,360,False,,,,,
"Tracy , 95376 Country Mart Diesel & Gas ( 76 )",2 209-832-8642 I-580 X 76 B ( 132 N to 34243 S Chrisman,24 S S,Tracy,95376,Country Mart Diesel & Gas ( 76 ),209-832-8642,2007,Tracy,CA,,( 132 N to 34243 S Chrisman,I-580 X 76 B ,Exit,76,False,,False,I-580,,,,,"[144, 615]","[144, 615]","[144, 305, 615, 763]","[144, 323, 615, 781]","[103, 104, 105, 106, 107, 108, 109, 110, 111, 112, 113, 114, 115, 116, 117, 118, 119, 120, 121, 122, 123, 124, 125, 126, 127, 128, 129, 130, 131, 132, 133, 134, 135, 136, 137, 138, 139, 140, 141, 142, 143, 144, 145, 146, 147, 148, 149, 150, 151, 152, 153, 154, 155, 156, 157, 158, 159, 160, 161, 162, 163, 164, 165, 166, 167, 168, 169, 170, 171, 172, 173, 174, 175, 176, 177, 178, 179, 180, 181, 182, 183, 184, 185, 186, 187, 188, 189, 190, 191, 192, 193, 194, 195, 196, 197, 198, 199, 200, 201, 202, 203, 204, 205, 206, 207, 208, 209, 210, 211, 212, 213, 214, 215, 216, 217, 218, 219, 220, 221, 222, 223, 224, 225, 226, 227, 228, 229, 230, 231, 232, 233, 234, 235, 236, 237, 238, 239, 240, 241, 242, 243, 244, 245, 246, 247, 248, 249, 250, 251, 252, 253, 254, 255, 256, 257, 258, 259, 260, 261, 262, 263, 264, 265, 266, 267, 268, 269, 270, 271, 272, 273, 274, 275, 276, 277, 278, 279, 280, 281, 282, 283, 284, 285, 286, 287, 288, 289, 290, 291, 292, 293, 294, 295, 296, 297, 298, 299, 300, 301, 302, 303, 304, 305, 306, 307, 308, 309, 310, 311, 312, 313, 314, 315, 316, 317, 318, 319, 320, 321, 322, 323, 324, 325, 326, 327, 328, 329, 330, 331, 332, 333, 334, 335, 336, 337, 574, 575, 576, 577, 578, 579, 580, 581, 582, 583, 584, 585, 586, 587, 588, 589, 590, 591, 592, 593, 594, 595, 596, 597, 598, 599, 600, 601, 602, 603, 604, 605, 606, 607, 608, 609, 610, 611, 612, 613, 614, 615, 616, 617, 618, 619, 620, 621, 622, 623, 624, 625, 626, 627, 628, 629, 630, 631, 632, 633, 634, 635, 636, 637, 638, 639, 640, 641, 642, 643, 644, 645, 646, 647, 648, 649, 650, 651, 652, 653, 654, 655, 656, 657, 658, 659, 660, 661, 662, 663, 664, 665, 666, 667, 668, 669, 670, 671, 672, 673, 674, 675, 676, 677, 678, 679, 680, 681, 682, 683, 684, 685, 686, 687, 688, 689, 690, 691, 692, 693, 694, 695, 696, 697, 698, 699, 700, 701, 702, 703, 704, 705, 706, 707, 708, 709, 710, 711, 712, 713, 714, 715, 716, 717, 718, 719, 720, 721, 722, 723, 724, 725, 726, 727, 728, 729, 730, 731, 732, 733, 734, 735, 736, 737, 738, 739, 740, 741, 742, 743, 744, 745, 746, 747, 748, 749, 750, 751, 752, 753, 754, 755, 756, 757, 758, 759, 760, 761, 762, 763, 764, 765, 766, 767, 768, 769, 770, 771, 772, 773, 774, 775, 776, 777, 778, 779, 780, 781, 782, 783, 784, 785, 786, 787, 788, 789, 790, 791, 792, 793]","[144, 263, 276, 615, 723, 735]",[],"[84, 87, 89, 114, 115, 117, 124, 132, 135, 137, 144, 152, 178, 239, 268, 281, 297, 318, 320, 327, 348, 394, 555, 558, 560, 585, 586, 588, 595, 603, 606, 608, 615, 623, 649, 703, 727, 740, 756, 776, 778, 785, 803, 844]","[84, 87, 89, 103, 104, 105, 106, 107, 108, 109, 110, 111, 112, 113, 114, 115, 116, 117, 118, 119, 120, 121, 122, 123, 124, 125, 126, 127, 128, 129, 130, 131, 132, 133, 134, 135, 136, 137, 138, 139, 140, 141, 142, 143, 144, 145, 146, 147, 148, 149, 150, 151, 152, 153, 154, 155, 156, 157, 158, 159, 160, 161, 162, 163, 164, 165, 166, 167, 168, 169, 170, 171, 172, 173, 174, 175, 176, 177, 178, 179, 180, 181, 182, 183, 184, 185, 186, 187, 188, 189, 190, 191, 192, 193, 194, 195, 196, 197, 198, 199, 200, 201, 202, 203, 204, 205, 206, 207, 208, 209, 210, 211, 212, 213, 214, 215, 216, 217, 218, 219, 220, 221, 222, 223, 224, 225, 226, 227, 228, 229, 230, 231, 232, 233, 234, 235, 236, 237, 238, 239, 240, 241, 242, 243, 244, 245, 246, 247, 248, 249, 250, 251, 252, 253, 254, 255, 256, 257, 258, 259, 260, 261, 262, 263, 264, 265, 266, 267, 268, 269, 270, 271, 272, 273, 274, 275, 276, 277, 278, 279, 280, 281, 282, 283, 284, 285, 286, 287, 288, 289, 290, 291, 292, 293, 294, 295, 296, 297, 298, 299, 300, 301, 302, 303, 304, 305, 306, 307, 308, 309, 310, 311, 312, 313, 314, 315, 316, 317, 318, 319, 320, 321, 322, 323, 324, 325, 326, 327, 328, 329, 330, 331, 332, 333, 334, 335, 336, 337, 348, 394, 555, 558, 560, 574, 575, 576, 577, 578, 579, 580, 581, 582, 583, 584, 585, 586, 587, 588, 589, 590, 591, 592, 593, 594, 595, 596, 597, 598, 599, 600, 601, 602, 603, 604, 605, 606, 607, 608, 609, 610, 611, 612, 613, 614, 615, 616, 617, 618, 619, 620, 621, 622, 623, 624, 625, 626, 627, 628, 629, 630, 631, 632, 633, 634, 635, 636, 637, 638, 639, 640, 641, 642, 643, 644, 645, 646, 647, 648, 649, 650, 651, 652, 653, 654, 655, 656, 657, 658, 659, 660, 661, 662, 663, 664, 665, 666, 667, 668, 669, 670, 671, 672, 673, 674, 675, 676, 677, 678, 679, 680, 681, 682, 683, 684, 685, 686, 687, 688, 689, 690, 691, 692, 693, 694, 695, 696, 697, 698, 699, 700, 701, 702, 703, 704, 705, 706, 707, 708, 709, 710, 711, 712, 713, 714, 715, 716, 717, 718, 719, 720, 721, 722, 723, 724, 725, 726, 727, 728, 729, 730, 731, 732, 733, 734, 735, 736, 737, 738, 739, 740, 741, 742, 743, 744, 745, 746, 747, 748, 749, 750, 751, 752, 753, 754, 755, 756, 757, 758, 759, 760, 761, 762, 763, 764, 765, 766, 767, 768, 769, 770, 771, 772, 773, 774, 775, 776, 777, 778, 779, 780, 781, 782, 783, 784, 785, 786, 787, 788, 789, 790, 791, 792, 793, 803, 844]",True,"[144, 615]","[103, 104, 105, 106, 107, 108, 109, 110, 111, 112, 113, 114, 115, 116, 117, 118, 119, 120, 121, 122, 123, 124, 125, 126, 127, 128, 129, 130, 131, 132, 133, 134, 135, 136, 137, 138, 139, 140, 141, 142, 143, 144, 145, 146, 147, 148, 149, 150, 151, 152, 153, 154, 155, 156, 157, 158, 159, 160, 161, 162, 163, 164, 165, 166, 167, 168, 169, 170, 171, 172, 173, 174, 175, 176, 177, 178, 179, 180, 181, 182, 183, 184, 185, 186, 187, 188, 189, 190, 191, 192, 193, 194, 195, 196, 197, 198, 199, 200, 201, 202, 203, 204, 205, 206, 207, 208, 209, 210, 211, 212, 213, 214, 215, 216, 217, 218, 219, 220, 221, 222, 223, 224, 225, 226, 227, 228, 229, 230, 231, 232, 233, 234, 235, 236, 237, 238, 239, 240, 241, 242, 243, 244, 245, 246, 247, 248, 249, 250, 251, 252, 253, 254, 255, 256, 257, 258, 259, 260, 261, 262, 263, 264, 265, 266, 267, 268, 269, 270, 271, 272, 273, 274, 275, 276, 277, 278, 279, 280, 281, 282, 283, 284, 285, 286, 287, 288, 289, 290, 291, 292, 293, 294, 295, 296, 297, 298, 299, 300, 301, 302, 303, 304, 305, 306, 307, 308, 309, 310, 311, 312, 313, 314, 315, 316, 317, 318, 319, 320, 321, 322, 323, 324, 325, 326, 327, 328, 329, 330, 331, 332, 333, 334, 335, 336, 337, 574, 575, 576, 577, 578, 579, 580, 581, 582, 583, 584, 585, 586, 587, 588, 589, 590, 591, 592, 593, 594, 595, 596, 597, 598, 599, 600, 601, 602, 603, 604, 605, 606, 607, 608, 609, 610, 611, 612, 613, 614, 615, 616, 617, 618, 619, 620, 621, 622, 623, 624, 625, 626, 627, 628, 629, 630, 631, 632, 633, 634, 635, 636, 637, 638, 639, 640, 641, 642, 643, 644, 645, 646, 647, 648, 649, 650, 651, 652, 653, 654, 655, 656, 657, 658, 659, 660, 661, 662, 663, 664, 665, 666, 667, 668, 669, 670, 671, 672, 673, 674, 675, 676, 677, 678, 679, 680, 681, 682, 683, 684, 685, 686, 687, 688, 689, 690, 691, 692, 693, 694, 695, 696, 697, 698, 699, 700, 701, 702, 703, 704, 705, 706, 707, 708, 709, 710, 711, 712, 713, 714, 715, 716, 717, 718, 719, 720, 721, 722, 723, 724, 725, 726, 727, 728, 729, 730, 731, 732, 733, 734, 735, 736, 737, 738, 739, 740, 741, 742, 743, 744, 745, 746, 747, 748, 749, 750, 751, 752, 753, 754, 755, 756, 757, 758, 759, 760, 761, 762, 763, 764, 765, 766, 767, 768, 769, 770, 771, 772, 773, 774, 775, 776, 777, 778, 779, 780, 781, 782, 783, 784, 785, 786, 787, 788, 789, 790, 791, 792, 793]","[144, 305, 615, 763]","[144, 323, 615, 781]","[144, 263, 276, 615, 723, 735]","[84, 87, 89, 114, 115, 117, 124, 132, 135, 137, 144, 152, 178, 239, 268, 281, 297, 318, 320, 327, 348, 394, 555, 558, 560, 585, 586, 588, 595, 603, 606, 608, 615, 623, 649, 703, 727, 740, 756, 776, 778, 785, 803, 844]",[],7/6 successful match,True,[64],True,360,False,,1.0,True,Country Mart Diesel & Gas ( 76 ),
"Tracy , 95376 Country Mart Diesel & Gas ( 76 )",2 209-832-8642 I-580 X 76 B ( 132 N to 34243 S,24 S <U+2610> DO,Tracy,95376,Country Mart Diesel & Gas ( 76 ),209-832-8642,2008,Tracy,CA,,( 132 N to 34243 S,I-580 X 76 B ,Exit,76,False,,False,I-580,,,,,"[144, 615]","[144, 615]","[144, 305, 615, 763]","[144, 323, 615, 781]","[103, 104, 105, 106, 107, 108, 109, 110, 111, 112, 113, 114, 115, 116, 117, 118, 119, 120, 121, 122, 123, 124, 125, 126, 127, 128, 129, 130, 131, 132, 133, 134, 135, 136, 137, 138, 139, 140, 141, 142, 143, 144, 145, 146, 147, 148, 149, 150, 151, 152, 153, 154, 155, 156, 157, 158, 159, 160, 161, 162, 163, 164, 165, 166, 167, 168, 169, 170, 171, 172, 173, 174, 175, 176, 177, 178, 179, 180, 181, 182, 183, 184, 185, 186, 187, 188, 189, 190, 191, 192, 193, 194, 195, 196, 197, 198, 199, 200, 201, 202, 203, 204, 205, 206, 207, 208, 209, 210, 211, 212, 213, 214, 215, 216, 217, 218, 219, 220, 221, 222, 223, 224, 225, 226, 227, 228, 229, 230, 231, 232, 233, 234, 235, 236, 237, 238, 239, 240, 241, 242, 243, 244, 245, 246, 247, 248, 249, 250, 251, 252, 253, 254, 255, 256, 257, 258, 259, 260, 261, 262, 263, 264, 265, 266, 267, 268, 269, 270, 271, 272, 273, 274, 275, 276, 277, 278, 279, 280, 281, 282, 283, 284, 285, 286, 287, 288, 289, 290, 291, 292, 293, 294, 295, 296, 297, 298, 299, 300, 301, 302, 303, 304, 305, 306, 307, 308, 309, 310, 311, 312, 313, 314, 315, 316, 317, 318, 319, 320, 321, 322, 323, 324, 325, 326, 327, 328, 329, 330, 331, 332, 333, 334, 335, 336, 337, 574, 575, 576, 577, 578, 579, 580, 581, 582, 583, 584, 585, 586, 587, 588, 589, 590, 591, 592, 593, 594, 595, 596, 597, 598, 599, 600, 601, 602, 603, 604, 605, 606, 607, 608, 609, 610, 611, 612, 613, 614, 615, 616, 617, 618, 619, 620, 621, 622, 623, 624, 625, 626, 627, 628, 629, 630, 631, 632, 633, 634, 635, 636, 637, 638, 639, 640, 641, 642, 643, 644, 645, 646, 647, 648, 649, 650, 651, 652, 653, 654, 655, 656, 657, 658, 659, 660, 661, 662, 663, 664, 665, 666, 667, 668, 669, 670, 671, 672, 673, 674, 675, 676, 677, 678, 679, 680, 681, 682, 683, 684, 685, 686, 687, 688, 689, 690, 691, 692, 693, 694, 695, 696, 697, 698, 699, 700, 701, 702, 703, 704, 705, 706, 707, 708, 709, 710, 711, 712, 713, 714, 715, 716, 717, 718, 719, 720, 721, 722, 723, 724, 725, 726, 727, 728, 729, 730, 731, 732, 733, 734, 735, 736, 737, 738, 739, 740, 741, 742, 743, 744, 745, 746, 747, 748, 749, 750, 751, 752, 753, 754, 755, 756, 757, 758, 759, 760, 761, 762, 763, 764, 765, 766, 767, 768, 769, 770, 771, 772, 773, 774, 775, 776, 777, 778, 779, 780, 781, 782, 783, 784, 785, 786, 787, 788, 789, 790, 791, 792, 793]","[144, 263, 276, 615, 723, 735]",[],"[84, 87, 89, 114, 115, 117, 124, 132, 135, 137, 144, 152, 178, 239, 268, 281, 297, 318, 320, 327, 348, 394, 555, 558, 560, 585, 586, 588, 595, 603, 606, 608, 615, 623, 649, 703, 727, 740, 756, 776, 778, 785, 803, 844]","[84, 87, 89, 103, 104, 105, 106, 107, 108, 109, 110, 111, 112, 113, 114, 115, 116, 117, 118, 119, 120, 121, 122, 123, 124, 125, 126, 127, 128, 129, 130, 131, 132, 133, 134, 135, 136, 137, 138, 139, 140, 141, 142, 143, 144, 145, 146, 147, 148, 149, 150, 151, 152, 153, 154, 155, 156, 157, 158, 159, 160, 161, 162, 163, 164, 165, 166, 167, 168, 169, 170, 171, 172, 173, 174, 175, 176, 177, 178, 179, 180, 181, 182, 183, 184, 185, 186, 187, 188, 189, 190, 191, 192, 193, 194, 195, 196, 197, 198, 199, 200, 201, 202, 203, 204, 205, 206, 207, 208, 209, 210, 211, 212, 213, 214, 215, 216, 217, 218, 219, 220, 221, 222, 223, 224, 225, 226, 227, 228, 229, 230, 231, 232, 233, 234, 235, 236, 237, 238, 239, 240, 241, 242, 243, 244, 245, 246, 247, 248, 249, 250, 251, 252, 253, 254, 255, 256, 257, 258, 259, 260, 261, 262, 263, 264, 265, 266, 267, 268, 269, 270, 271, 272, 273, 274, 275, 276, 277, 278, 279, 280, 281, 282, 283, 284, 285, 286, 287, 288, 289, 290, 291, 292, 293, 294, 295, 296, 297, 298, 299, 300, 301, 302, 303, 304, 305, 306, 307, 308, 309, 310, 311, 312, 313, 314, 315, 316, 317, 318, 319, 320, 321, 322, 323, 324, 325, 326, 327, 328, 329, 330, 331, 332, 333, 334, 335, 336, 337, 348, 394, 555, 558, 560, 574, 575, 576, 577, 578, 579, 580, 581, 582, 583, 584, 585, 586, 587, 588, 589, 590, 591, 592, 593, 594, 595, 596, 597, 598, 599, 600, 601, 602, 603, 604, 605, 606, 607, 608, 609, 610, 611, 612, 613, 614, 615, 616, 617, 618, 619, 620, 621, 622, 623, 624, 625, 626, 627, 628, 629, 630, 631, 632, 633, 634, 635, 636, 637, 638, 639, 640, 641, 642, 643, 644, 645, 646, 647, 648, 649, 650, 651, 652, 653, 654, 655, 656, 657, 658, 659, 660, 661, 662, 663, 664, 665, 666, 667, 668, 669, 670, 671, 672, 673, 674, 675, 676, 677, 678, 679, 680, 681, 682, 683, 684, 685, 686, 687, 688, 689, 690, 691, 692, 693, 694, 695, 696, 697, 698, 699, 700, 701, 702, 703, 704, 705, 706, 707, 708, 709, 710, 711, 712, 713, 714, 715, 716, 717, 718, 719, 720, 721, 722, 723, 724, 725, 726, 727, 728, 729, 730, 731, 732, 733, 734, 735, 736, 737, 738, 739, 740, 741, 742, 743, 744, 745, 746, 747, 748, 749, 750, 751, 752, 753, 754, 755, 756, 757, 758, 759, 760, 761, 762, 763, 764, 765, 766, 767, 768, 769, 770, 771, 772, 773, 774, 775, 776, 777, 778, 779, 780, 781, 782, 783, 784, 785, 786, 787, 788, 789, 790, 791, 792, 793, 803, 844]",True,"[144, 615]","[103, 104, 105, 106, 107, 108, 109, 110, 111, 112, 113, 114, 115, 116, 117, 118, 119, 120, 121, 122, 123, 124, 125, 126, 127, 128, 129, 130, 131, 132, 133, 134, 135, 136, 137, 138, 139, 140, 141, 142, 143, 144, 145, 146, 147, 148, 149, 150, 151, 152, 153, 154, 155, 156, 157, 158, 159, 160, 161, 162, 163, 164, 165, 166, 167, 168, 169, 170, 171, 172, 173, 174, 175, 176, 177, 178, 179, 180, 181, 182, 183, 184, 185, 186, 187, 188, 189, 190, 191, 192, 193, 194, 195, 196, 197, 198, 199, 200, 201, 202, 203, 204, 205, 206, 207, 208, 209, 210, 211, 212, 213, 214, 215, 216, 217, 218, 219, 220, 221, 222, 223, 224, 225, 226, 227, 228, 229, 230, 231, 232, 233, 234, 235, 236, 237, 238, 239, 240, 241, 242, 243, 244, 245, 246, 247, 248, 249, 250, 251, 252, 253, 254, 255, 256, 257, 258, 259, 260, 261, 262, 263, 264, 265, 266, 267, 268, 269, 270, 271, 272, 273, 274, 275, 276, 277, 278, 279, 280, 281, 282, 283, 284, 285, 286, 287, 288, 289, 290, 291, 292, 293, 294, 295, 296, 297, 298, 299, 300, 301, 302, 303, 304, 305, 306, 307, 308, 309, 310, 311, 312, 313, 314, 315, 316, 317, 318, 319, 320, 321, 322, 323, 324, 325, 326, 327, 328, 329, 330, 331, 332, 333, 334, 335, 336, 337, 574, 575, 576, 577, 578, 579, 580, 581, 582, 583, 584, 585, 586, 587, 588, 589, 590, 591, 592, 593, 594, 595, 596, 597, 598, 599, 600, 601, 602, 603, 604, 605, 606, 607, 608, 609, 610, 611, 612, 613, 614, 615, 616, 617, 618, 619, 620, 621, 622, 623, 624, 625, 626, 627, 628, 629, 630, 631, 632, 633, 634, 635, 636, 637, 638, 639, 640, 641, 642, 643, 644, 645, 646, 647, 648, 649, 650, 651, 652, 653, 654, 655, 656, 657, 658, 659, 660, 661, 662, 663, 664, 665, 666, 667, 668, 669, 670, 671, 672, 673, 674, 675, 676, 677, 678, 679, 680, 681, 682, 683, 684, 685, 686, 687, 688, 689, 690, 691, 692, 693, 694, 695, 696, 697, 698, 699, 700, 701, 702, 703, 704, 705, 706, 707, 708, 709, 710, 711, 712, 713, 714, 715, 716, 717, 718, 719, 720, 721, 722, 723, 724, 725, 726, 727, 728, 729, 730, 731, 732, 733, 734, 735, 736, 737, 738, 739, 740, 741, 742, 743, 744, 745, 746, 747, 748, 749, 750, 751, 752, 753, 754, 755, 756, 757, 758, 759, 760, 761, 762, 763, 764, 765, 766, 767, 768, 769, 770, 771, 772, 773, 774, 775, 776, 777, 778, 779, 780, 781, 782, 783, 784, 785, 786, 787, 788, 789, 790, 791, 792, 793]","[144, 305, 615, 763]","[144, 323, 615, 781]","[144, 263, 276, 615, 723, 735]","[84, 87, 89, 114, 115, 117, 124, 132, 135, 137, 144, 152, 178, 239, 268, 281, 297, 318, 320, 327, 348, 394, 555, 558, 560, 585, 586, 588, 595, 603, 606, 608, 615, 623, 649, 703, 727, 740, 756, 776, 778, 785, 803, 844]",[],7/6 successful match,True,[64],True,360,False,,1.0,True,Country Mart Diesel & Gas ( 76 ),
E Tracy ( 95376 ) Country Mart Diesel & Gas ( 76 ),2 209-832-8642 I-580 X 76 B ( 132 N to 34243 S Chrisman ),) <U+25A1> S 1,Tracy,95376,Country Mart Diesel & Gas ( 76 ),209-832-8642,2014,Tracy,CA,,( 132 N to 34243 S Chrisman ),I-580 X 76 B ,Exit,76,False,,False,I-580,,,,,"[144, 615]","[144, 615]","[144, 305, 615, 763]","[144, 323, 615, 781]","[103, 104, 105, 106, 107, 108, 109, 110, 111, 112, 113, 114, 115, 116, 117, 118, 119, 120, 121, 122, 123, 124, 125, 126, 127, 128, 129, 130, 131, 132, 133, 134, 135, 136, 137, 138, 139, 140, 141, 142, 143, 144, 145, 146, 147, 148, 149, 150, 151, 152, 153, 154, 155, 156, 157, 158, 159, 160, 161, 162, 163, 164, 165, 166, 167, 168, 169, 170, 171, 172, 173, 174, 175, 176, 177, 178, 179, 180, 181, 182, 183, 184, 185, 186, 187, 188, 189, 190, 191, 192, 193, 194, 195, 196, 197, 198, 199, 200, 201, 202, 203, 204, 205, 206, 207, 208, 209, 210, 211, 212, 213, 214, 215, 216, 217, 218, 219, 220, 221, 222, 223, 224, 225, 226, 227, 228, 229, 230, 231, 232, 233, 234, 235, 236, 237, 238, 239, 240, 241, 242, 243, 244, 245, 246, 247, 248, 249, 250, 251, 252, 253, 254, 255, 256, 257, 258, 259, 260, 261, 262, 263, 264, 265, 266, 267, 268, 269, 270, 271, 272, 273, 274, 275, 276, 277, 278, 279, 280, 281, 282, 283, 284, 285, 286, 287, 288, 289, 290, 291, 292, 293, 294, 295, 296, 297, 298, 299, 300, 301, 302, 303, 304, 305, 306, 307, 308, 309, 310, 311, 312, 313, 314, 315, 316, 317, 318, 319, 320, 321, 322, 323, 324, 325, 326, 327, 328, 329, 330, 331, 332, 333, 334, 335, 336, 337, 574, 575, 576, 577, 578, 579, 580, 581, 582, 583, 584, 585, 586, 587, 588, 589, 590, 591, 592, 593, 594, 595, 596, 597, 598, 599, 600, 601, 602, 603, 604, 605, 606, 607, 608, 609, 610, 611, 612, 613, 614, 615, 616, 617, 618, 619, 620, 621, 622, 623, 624, 625, 626, 627, 628, 629, 630, 631, 632, 633, 634, 635, 636, 637, 638, 639, 640, 641, 642, 643, 644, 645, 646, 647, 648, 649, 650, 651, 652, 653, 654, 655, 656, 657, 658, 659, 660, 661, 662, 663, 664, 665, 666, 667, 668, 669, 670, 671, 672, 673, 674, 675, 676, 677, 678, 679, 680, 681, 682, 683, 684, 685, 686, 687, 688, 689, 690, 691, 692, 693, 694, 695, 696, 697, 698, 699, 700, 701, 702, 703, 704, 705, 706, 707, 708, 709, 710, 711, 712, 713, 714, 715, 716, 717, 718, 719, 720, 721, 722, 723, 724, 725, 726, 727, 728, 729, 730, 731, 732, 733, 734, 735, 736, 737, 738, 739, 740, 741, 742, 743, 744, 745, 746, 747, 748, 749, 750, 751, 752, 753, 754, 755, 756, 757, 758, 759, 760, 761, 762, 763, 764, 765, 766, 767, 768, 769, 770, 771, 772, 773, 774, 775, 776, 777, 778, 779, 780, 781, 782, 783, 784, 785, 786, 787, 788, 789, 790, 791, 792, 793]","[144, 263, 276, 615, 723, 735]",[],"[84, 87, 89, 114, 115, 117, 124, 132, 135, 137, 144, 152, 178, 239, 268, 281, 297, 318, 320, 327, 348, 394, 555, 558, 560, 585, 586, 588, 595, 603, 606, 608, 615, 623, 649, 703, 727, 740, 756, 776, 778, 785, 803, 844]","[84, 87, 89, 103, 104, 105, 106, 107, 108, 109, 110, 111, 112, 113, 114, 115, 116, 117, 118, 119, 120, 121, 122, 123, 124, 125, 126, 127, 128, 129, 130, 131, 132, 133, 134, 135, 136, 137, 138, 139, 140, 141, 142, 143, 144, 145, 146, 147, 148, 149, 150, 151, 152, 153, 154, 155, 156, 157, 158, 159, 160, 161, 162, 163, 164, 165, 166, 167, 168, 169, 170, 171, 172, 173, 174, 175, 176, 177, 178, 179, 180, 181, 182, 183, 184, 185, 186, 187, 188, 189, 190, 191, 192, 193, 194, 195, 196, 197, 198, 199, 200, 201, 202, 203, 204, 205, 206, 207, 208, 209, 210, 211, 212, 213, 214, 215, 216, 217, 218, 219, 220, 221, 222, 223, 224, 225, 226, 227, 228, 229, 230, 231, 232, 233, 234, 235, 236, 237, 238, 239, 240, 241, 242, 243, 244, 245, 246, 247, 248, 249, 250, 251, 252, 253, 254, 255, 256, 257, 258, 259, 260, 261, 262, 263, 264, 265, 266, 267, 268, 269, 270, 271, 272, 273, 274, 275, 276, 277, 278, 279, 280, 281, 282, 283, 284, 285, 286, 287, 288, 289, 290, 291, 292, 293, 294, 295, 296, 297, 298, 299, 300, 301, 302, 303, 304, 305, 306, 307, 308, 309, 310, 311, 312, 313, 314, 315, 316, 317, 318, 319, 320, 321, 322, 323, 324, 325, 326, 327, 328, 329, 330, 331, 332, 333, 334, 335, 336, 337, 348, 394, 555, 558, 560, 574, 575, 576, 577, 578, 579, 580, 581, 582, 583, 584, 585, 586, 587, 588, 589, 590, 591, 592, 593, 594, 595, 596, 597, 598, 599, 600, 601, 602, 603, 604, 605, 606, 607, 608, 609, 610, 611, 612, 613, 614, 615, 616, 617, 618, 619, 620, 621, 622, 623, 624, 625, 626, 627, 628, 629, 630, 631, 632, 633, 634, 635, 636, 637, 638, 639, 640, 641, 642, 643, 644, 645, 646, 647, 648, 649, 650, 651, 652, 653, 654, 655, 656, 657, 658, 659, 660, 661, 662, 663, 664, 665, 666, 667, 668, 669, 670, 671, 672, 673, 674, 675, 676, 677, 678, 679, 680, 681, 682, 683, 684, 685, 686, 687, 688, 689, 690, 691, 692, 693, 694, 695, 696, 697, 698, 699, 700, 701, 702, 703, 704, 705, 706, 707, 708, 709, 710, 711, 712, 713, 714, 715, 716, 717, 718, 719, 720, 721, 722, 723, 724, 725, 726, 727, 728, 729, 730, 731, 732, 733, 734, 735, 736, 737, 738, 739, 740, 741, 742, 743, 744, 745, 746, 747, 748, 749, 750, 751, 752, 753, 754, 755, 756, 757, 758, 759, 760, 761, 762, 763, 764, 765, 766, 767, 768, 769, 770, 771, 772, 773, 774, 775, 776, 777, 778, 779, 780, 781, 782, 783, 784, 785, 786, 787, 788, 789, 790, 791, 792, 793, 803, 844]",True,"[144, 615]","[103, 104, 105, 106, 107, 108, 109, 110, 111, 112, 113, 114, 115, 116, 117, 118, 119, 120, 121, 122, 123, 124, 125, 126, 127, 128, 129, 130, 131, 132, 133, 134, 135, 136, 137, 138, 139, 140, 141, 142, 143, 144, 145, 146, 147, 148, 149, 150, 151, 152, 153, 154, 155, 156, 157, 158, 159, 160, 161, 162, 163, 164, 165, 166, 167, 168, 169, 170, 171, 172, 173, 174, 175, 176, 177, 178, 179, 180, 181, 182, 183, 184, 185, 186, 187, 188, 189, 190, 191, 192, 193, 194, 195, 196, 197, 198, 199, 200, 201, 202, 203, 204, 205, 206, 207, 208, 209, 210, 211, 212, 213, 214, 215, 216, 217, 218, 219, 220, 221, 222, 223, 224, 225, 226, 227, 228, 229, 230, 231, 232, 233, 234, 235, 236, 237, 238, 239, 240, 241, 242, 243, 244, 245, 246, 247, 248, 249, 250, 251, 252, 253, 254, 255, 256, 257, 258, 259, 260, 261, 262, 263, 264, 265, 266, 267, 268, 269, 270, 271, 272, 273, 274, 275, 276, 277, 278, 279, 280, 281, 282, 283, 284, 285, 286, 287, 288, 289, 290, 291, 292, 293, 294, 295, 296, 297, 298, 299, 300, 301, 302, 303, 304, 305, 306, 307, 308, 309, 310, 311, 312, 313, 314, 315, 316, 317, 318, 319, 320, 321, 322, 323, 324, 325, 326, 327, 328, 329, 330, 331, 332, 333, 334, 335, 336, 337, 574, 575, 576, 577, 578, 579, 580, 581, 582, 583, 584, 585, 586, 587, 588, 589, 590, 591, 592, 593, 594, 595, 596, 597, 598, 599, 600, 601, 602, 603, 604, 605, 606, 607, 608, 609, 610, 611, 612, 613, 614, 615, 616, 617, 618, 619, 620, 621, 622, 623, 624, 625, 626, 627, 628, 629, 630, 631, 632, 633, 634, 635, 636, 637, 638, 639, 640, 641, 642, 643, 644, 645, 646, 647, 648, 649, 650, 651, 652, 653, 654, 655, 656, 657, 658, 659, 660, 661, 662, 663, 664, 665, 666, 667, 668, 669, 670, 671, 672, 673, 674, 675, 676, 677, 678, 679, 680, 681, 682, 683, 684, 685, 686, 687, 688, 689, 690, 691, 692, 693, 694, 695, 696, 697, 698, 699, 700, 701, 702, 703, 704, 705, 706, 707, 708, 709, 710, 711, 712, 713, 714, 715, 716, 717, 718, 719, 720, 721, 722, 723, 724, 725, 726, 727, 728, 729, 730, 731, 732, 733, 734, 735, 736, 737, 738, 739, 740, 741, 742, 743, 744, 745, 746, 747, 748, 749, 750, 751, 752, 753, 754, 755, 756, 757, 758, 759, 760, 761, 762, 763, 764, 765, 766, 767, 768, 769, 770, 771, 772, 773, 774, 775, 776, 777, 778, 779, 780, 781, 782, 783, 784, 785, 786, 787, 788, 789, 790, 791, 792, 793]","[144, 305, 615, 763]","[144, 323, 615, 781]","[144, 263, 276, 615, 723, 735]","[84, 87, 89, 114, 115, 117, 124, 132, 135, 137, 144, 152, 178, 239, 268, 281, 297, 318, 320, 327, 348, 394, 555, 558, 560, 585, 586, 588, 595, 603, 606, 608, 615, 623, 649, 703, 727, 740, 756, 776, 778, 785, 803, 844]",[],7/6 successful match,True,[64],True,360,False,,1.0,True,Country Mart Diesel & Gas ( 76 ),
E Tracy ( 95376 ) Country Mart Diesel N & Tracy Gas Blvd ( 76 ) ),209-832-8642 I-580 X 76 B ( 132 N to,) 24 S 11 ],Tracy,95376,Country Mart Diesel N & Tracy Gas Blvd ( 76 ) ),209-832-8642,2015,Tracy,CA,,( 132 N to,I-580 X 76 B ,Exit,76,False,,False,I-580,,,,,"[144, 615]","[144, 615]","[144, 305, 615, 763]","[144, 323, 615, 781]","[103, 104, 105, 106, 107, 108, 109, 110, 111, 112, 113, 114, 115, 116, 117, 118, 119, 120, 121, 122, 123, 124, 125, 126, 127, 128, 129, 130, 131, 132, 133, 134, 135, 136, 137, 138, 139, 140, 141, 142, 143, 144, 145, 146, 147, 148, 149, 150, 151, 152, 153, 154, 155, 156, 157, 158, 159, 160, 161, 162, 163, 164, 165, 166, 167, 168, 169, 170, 171, 172, 173, 174, 175, 176, 177, 178, 179, 180, 181, 182, 183, 184, 185, 186, 187, 188, 189, 190, 191, 192, 193, 194, 195, 196, 197, 198, 199, 200, 201, 202, 203, 204, 205, 206, 207, 208, 209, 210, 211, 212, 213, 214, 215, 216, 217, 218, 219, 220, 221, 222, 223, 224, 225, 226, 227, 228, 229, 230, 231, 232, 233, 234, 235, 236, 237, 238, 239, 240, 241, 242, 243, 244, 245, 246, 247, 248, 249, 250, 251, 252, 253, 254, 255, 256, 257, 258, 259, 260, 261, 262, 263, 264, 265, 266, 267, 268, 269, 270, 271, 272, 273, 274, 275, 276, 277, 278, 279, 280, 281, 282, 283, 284, 285, 286, 287, 288, 289, 290, 291, 292, 293, 294, 295, 296, 297, 298, 299, 300, 301, 302, 303, 304, 305, 306, 307, 308, 309, 310, 311, 312, 313, 314, 315, 316, 317, 318, 319, 320, 321, 322, 323, 324, 325, 326, 327, 328, 329, 330, 331, 332, 333, 334, 335, 336, 337, 574, 575, 576, 577, 578, 579, 580, 581, 582, 583, 584, 585, 586, 587, 588, 589, 590, 591, 592, 593, 594, 595, 596, 597, 598, 599, 600, 601, 602, 603, 604, 605, 606, 607, 608, 609, 610, 611, 612, 613, 614, 615, 616, 617, 618, 619, 620, 621, 622, 623, 624, 625, 626, 627, 628, 629, 630, 631, 632, 633, 634, 635, 636, 637, 638, 639, 640, 641, 642, 643, 644, 645, 646, 647, 648, 649, 650, 651, 652, 653, 654, 655, 656, 657, 658, 659, 660, 661, 662, 663, 664, 665, 666, 667, 668, 669, 670, 671, 672, 673, 674, 675, 676, 677, 678, 679, 680, 681, 682, 683, 684, 685, 686, 687, 688, 689, 690, 691, 692, 693, 694, 695, 696, 697, 698, 699, 700, 701, 702, 703, 704, 705, 706, 707, 708, 709, 710, 711, 712, 713, 714, 715, 716, 717, 718, 719, 720, 721, 722, 723, 724, 725, 726, 727, 728, 729, 730, 731, 732, 733, 734, 735, 736, 737, 738, 739, 740, 741, 742, 743, 744, 745, 746, 747, 748, 749, 750, 751, 752, 753, 754, 755, 756, 757, 758, 759, 760, 761, 762, 763, 764, 765, 766, 767, 768, 769, 770, 771, 772, 773, 774, 775, 776, 777, 778, 779, 780, 781, 782, 783, 784, 785, 786, 787, 788, 789, 790, 791, 792, 793]","[144, 263, 276, 615, 723, 735]",[],"[84, 87, 89, 114, 115, 117, 124, 132, 135, 137, 144, 152, 178, 239, 268, 281, 297, 305, 318, 320, 327, 348, 394, 555, 558, 560, 585, 586, 588, 595, 603, 606, 608, 615, 623, 649, 703, 727, 740, 756, 763, 776, 778, 785, 803, 844]","[84, 87, 89, 103, 104, 105, 106, 107, 108, 109, 110, 111, 112, 113, 114, 115, 116, 117, 118, 119, 120, 121, 122, 123, 124, 125, 126, 127, 128, 129, 130, 131, 132, 133, 134, 135, 136, 137, 138, 139, 140, 141, 142, 143, 144, 145, 146, 147, 148, 149, 150, 151, 152, 153, 154, 155, 156, 157, 158, 159, 160, 161, 162, 163, 164, 165, 166, 167, 168, 169, 170, 171, 172, 173, 174, 175, 176, 177, 178, 179, 180, 181, 182, 183, 184, 185, 186, 187, 188, 189, 190, 191, 192, 193, 194, 195, 196, 197, 198, 199, 200, 201, 202, 203, 204, 205, 206, 207, 208, 209, 210, 211, 212, 213, 214, 215, 216, 217, 218, 219, 220, 221, 222, 223, 224, 225, 226, 227, 228, 229, 230, 231, 232, 233, 234, 235, 236, 237, 238, 239, 240, 241, 242, 243, 244, 245, 246, 247, 248, 249, 250, 251, 252, 253, 254, 255, 256, 257, 258, 259, 260, 261, 262, 263, 264, 265, 266, 267, 268, 269, 270, 271, 272, 273, 274, 275, 276, 277, 278, 279, 280, 281, 282, 283, 284, 285, 286, 287, 288, 289, 290, 291, 292, 293, 294, 295, 296, 297, 298, 299, 300, 301, 302, 303, 304, 305, 306, 307, 308, 309, 310, 311, 312, 313, 314, 315, 316, 317, 318, 319, 320, 321, 322, 323, 324, 325, 326, 327, 328, 329, 330, 331, 332, 333, 334, 335, 336, 337, 348, 394, 555, 558, 560, 574, 575, 576, 577, 578, 579, 580, 581, 582, 583, 584, 585, 586, 587, 588, 589, 590, 591, 592, 593, 594, 595, 596, 597, 598, 599, 600, 601, 602, 603, 604, 605, 606, 607, 608, 609, 610, 611, 612, 613, 614, 615, 616, 617, 618, 619, 620, 621, 622, 623, 624, 625, 626, 627, 628, 629, 630, 631, 632, 633, 634, 635, 636, 637, 638, 639, 640, 641, 642, 643, 644, 645, 646, 647, 648, 649, 650, 651, 652, 653, 654, 655, 656, 657, 658, 659, 660, 661, 662, 663, 664, 665, 666, 667, 668, 669, 670, 671, 672, 673, 674, 675, 676, 677, 678, 679, 680, 681, 682, 683, 684, 685, 686, 687, 688, 689, 690, 691, 692, 693, 694, 695, 696, 697, 698, 699, 700, 701, 702, 703, 704, 705, 706, 707, 708, 709, 710, 711, 712, 713, 714, 715, 716, 717, 718, 719, 720, 721, 722, 723, 724, 725, 726, 727, 728, 729, 730, 731, 732, 733, 734, 735, 736, 737, 738, 739, 740, 741, 742, 743, 744, 745, 746, 747, 748, 749, 750, 751, 752, 753, 754, 755, 756, 757, 758, 759, 760, 761, 762, 763, 764, 765, 766, 767, 768, 769, 770, 771, 772, 773, 774, 775, 776, 777, 778, 779, 780, 781, 782, 783, 784, 785, 786, 787, 788, 789, 790, 791, 792, 793, 803, 844]",True,"[144, 615]","[103, 104, 105, 106, 107, 108, 109, 110, 111, 112, 113, 114, 115, 116, 117, 118, 119, 120, 121, 122, 123, 124, 125, 126, 127, 128, 129, 130, 131, 132, 133, 134, 135, 136, 137, 138, 139, 140, 141, 142, 143, 144, 145, 146, 147, 148, 149, 150, 151, 152, 153, 154, 155, 156, 157, 158, 159, 160, 161, 162, 163, 164, 165, 166, 167, 168, 169, 170, 171, 172, 173, 174, 175, 176, 177, 178, 179, 180, 181, 182, 183, 184, 185, 186, 187, 188, 189, 190, 191, 192, 193, 194, 195, 196, 197, 198, 199, 200, 201, 202, 203, 204, 205, 206, 207, 208, 209, 210, 211, 212, 213, 214, 215, 216, 217, 218, 219, 220, 221, 222, 223, 224, 225, 226, 227, 228, 229, 230, 231, 232, 233, 234, 235, 236, 237, 238, 239, 240, 241, 242, 243, 244, 245, 246, 247, 248, 249, 250, 251, 252, 253, 254, 255, 256, 257, 258, 259, 260, 261, 262, 263, 264, 265, 266, 267, 268, 269, 270, 271, 272, 273, 274, 275, 276, 277, 278, 279, 280, 281, 282, 283, 284, 285, 286, 287, 288, 289, 290, 291, 292, 293, 294, 295, 296, 297, 298, 299, 300, 301, 302, 303, 304, 305, 306, 307, 308, 309, 310, 311, 312, 313, 314, 315, 316, 317, 318, 319, 320, 321, 322, 323, 324, 325, 326, 327, 328, 329, 330, 331, 332, 333, 334, 335, 336, 337, 574, 575, 576, 577, 578, 579, 580, 581, 582, 583, 584, 585, 586, 587, 588, 589, 590, 591, 592, 593, 594, 595, 596, 597, 598, 599, 600, 601, 602, 603, 604, 605, 606, 607, 608, 609, 610, 611, 612, 613, 614, 615, 616, 617, 618, 619, 620, 621, 622, 623, 624, 625, 626, 627, 628, 629, 630, 631, 632, 633, 634, 635, 636, 637, 638, 639, 640, 641, 642, 643, 644, 645, 646, 647, 648, 649, 650, 651, 652, 653, 654, 655, 656, 657, 658, 659, 660, 661, 662, 663, 664, 665, 666, 667, 668, 669, 670, 671, 672, 673, 674, 675, 676, 677, 678, 679, 680, 681, 682, 683, 684, 685, 686, 687, 688, 689, 690, 691, 692, 693, 694, 695, 696, 697, 698, 699, 700, 701, 702, 703, 704, 705, 706, 707, 708, 709, 710, 711, 712, 713, 714, 715, 716, 717, 718, 719, 720, 721, 722, 723, 724, 725, 726, 727, 728, 729, 730, 731, 732, 733, 734, 735, 736, 737, 738, 739, 740, 741, 742, 743, 744, 745, 746, 747, 748, 749, 750, 751, 752, 753, 754, 755, 756, 757, 758, 759, 760, 761, 762, 763, 764, 765, 766, 767, 768, 769, 770, 771, 772, 773, 774, 775, 776, 777, 778, 779, 780, 781, 782, 783, 784, 785, 786, 787, 788, 789, 790, 791, 792, 793]","[144, 305, 615, 763]","[144, 323, 615, 781]","[144, 263, 276, 615, 723, 735]","[84, 87, 89, 114, 115, 117, 124, 132, 135, 137, 144, 152, 178, 239, 268, 281, 297, 305, 318, 320, 327, 348, 394, 555, 558, 560, 585, 586, 588, 595, 603, 606, 608, 615, 623, 649, 703, 727, 740, 756, 763, 776, 778, 785, 803, 844]",[],7/6 successful match,True,[64],True,360,False,,1.0,True,Country Mart Diesel & Gas ( 76 ),
Tracy ( 95376 ) Country Mart Diesel & Gas ( 76 ) ),2 209-832-8642 I-580 X 76 B ( 132 N to 34243 S,) 24 S O <U+2610>,Tracy,95376,Country Mart Diesel & Gas ( 76 ) ),209-832-8642,2016,Tracy,CA,,( 132 N to 34243 S,I-580 X 76 B ,Exit,76,False,,False,I-580,,,,,"[144, 615]","[144, 615]","[144, 305, 615, 763]","[144, 323, 615, 781]","[103, 104, 105, 106, 107, 108, 109, 110, 111, 112, 113, 114, 115, 116, 117, 118, 119, 120, 121, 122, 123, 124, 125, 126, 127, 128, 129, 130, 131, 132, 133, 134, 135, 136, 137, 138, 139, 140, 141, 142, 143, 144, 145, 146, 147, 148, 149, 150, 151, 152, 153, 154, 155, 156, 157, 158, 159, 160, 161, 162, 163, 164, 165, 166, 167, 168, 169, 170, 171, 172, 173, 174, 175, 176, 177, 178, 179, 180, 181, 182, 183, 184, 185, 186, 187, 188, 189, 190, 191, 192, 193, 194, 195, 196, 197, 198, 199, 200, 201, 202, 203, 204, 205, 206, 207, 208, 209, 210, 211, 212, 213, 214, 215, 216, 217, 218, 219, 220, 221, 222, 223, 224, 225, 226, 227, 228, 229, 230, 231, 232, 233, 234, 235, 236, 237, 238, 239, 240, 241, 242, 243, 244, 245, 246, 247, 248, 249, 250, 251, 252, 253, 254, 255, 256, 257, 258, 259, 260, 261, 262, 263, 264, 265, 266, 267, 268, 269, 270, 271, 272, 273, 274, 275, 276, 277, 278, 279, 280, 281, 282, 283, 284, 285, 286, 287, 288, 289, 290, 291, 292, 293, 294, 295, 296, 297, 298, 299, 300, 301, 302, 303, 304, 305, 306, 307, 308, 309, 310, 311, 312, 313, 314, 315, 316, 317, 318, 319, 320, 321, 322, 323, 324, 325, 326, 327, 328, 329, 330, 331, 332, 333, 334, 335, 336, 337, 574, 575, 576, 577, 578, 579, 580, 581, 582, 583, 584, 585, 586, 587, 588, 589, 590, 591, 592, 593, 594, 595, 596, 597, 598, 599, 600, 601, 602, 603, 604, 605, 606, 607, 608, 609, 610, 611, 612, 613, 614, 615, 616, 617, 618, 619, 620, 621, 622, 623, 624, 625, 626, 627, 628, 629, 630, 631, 632, 633, 634, 635, 636, 637, 638, 639, 640, 641, 642, 643, 644, 645, 646, 647, 648, 649, 650, 651, 652, 653, 654, 655, 656, 657, 658, 659, 660, 661, 662, 663, 664, 665, 666, 667, 668, 669, 670, 671, 672, 673, 674, 675, 676, 677, 678, 679, 680, 681, 682, 683, 684, 685, 686, 687, 688, 689, 690, 691, 692, 693, 694, 695, 696, 697, 698, 699, 700, 701, 702, 703, 704, 705, 706, 707, 708, 709, 710, 711, 712, 713, 714, 715, 716, 717, 718, 719, 720, 721, 722, 723, 724, 725, 726, 727, 728, 729, 730, 731, 732, 733, 734, 735, 736, 737, 738, 739, 740, 741, 742, 743, 744, 745, 746, 747, 748, 749, 750, 751, 752, 753, 754, 755, 756, 757, 758, 759, 760, 761, 762, 763, 764, 765, 766, 767, 768, 769, 770, 771, 772, 773, 774, 775, 776, 777, 778, 779, 780, 781, 782, 783, 784, 785, 786, 787, 788, 789, 790, 791, 792, 793]","[144, 263, 276, 615, 723, 735]",[],"[84, 87, 89, 114, 115, 117, 124, 132, 135, 137, 144, 152, 178, 239, 268, 281, 297, 318, 320, 327, 348, 394, 555, 558, 560, 585, 586, 588, 595, 603, 606, 608, 615, 623, 649, 703, 727, 740, 756, 776, 778, 785, 803, 844]","[84, 87, 89, 103, 104, 105, 106, 107, 108, 109, 110, 111, 112, 113, 114, 115, 116, 117, 118, 119, 120, 121, 122, 123, 124, 125, 126, 127, 128, 129, 130, 131, 132, 133, 134, 135, 136, 137, 138, 139, 140, 141, 142, 143, 144, 145, 146, 147, 148, 149, 150, 151, 152, 153, 154, 155, 156, 157, 158, 159, 160, 161, 162, 163, 164, 165, 166, 167, 168, 169, 170, 171, 172, 173, 174, 175, 176, 177, 178, 179, 180, 181, 182, 183, 184, 185, 186, 187, 188, 189, 190, 191, 192, 193, 194, 195, 196, 197, 198, 199, 200, 201, 202, 203, 204, 205, 206, 207, 208, 209, 210, 211, 212, 213, 214, 215, 216, 217, 218, 219, 220, 221, 222, 223, 224, 225, 226, 227, 228, 229, 230, 231, 232, 233, 234, 235, 236, 237, 238, 239, 240, 241, 242, 243, 244, 245, 246, 247, 248, 249, 250, 251, 252, 253, 254, 255, 256, 257, 258, 259, 260, 261, 262, 263, 264, 265, 266, 267, 268, 269, 270, 271, 272, 273, 274, 275, 276, 277, 278, 279, 280, 281, 282, 283, 284, 285, 286, 287, 288, 289, 290, 291, 292, 293, 294, 295, 296, 297, 298, 299, 300, 301, 302, 303, 304, 305, 306, 307, 308, 309, 310, 311, 312, 313, 314, 315, 316, 317, 318, 319, 320, 321, 322, 323, 324, 325, 326, 327, 328, 329, 330, 331, 332, 333, 334, 335, 336, 337, 348, 394, 555, 558, 560, 574, 575, 576, 577, 578, 579, 580, 581, 582, 583, 584, 585, 586, 587, 588, 589, 590, 591, 592, 593, 594, 595, 596, 597, 598, 599, 600, 601, 602, 603, 604, 605, 606, 607, 608, 609, 610, 611, 612, 613, 614, 615, 616, 617, 618, 619, 620, 621, 622, 623, 624, 625, 626, 627, 628, 629, 630, 631, 632, 633, 634, 635, 636, 637, 638, 639, 640, 641, 642, 643, 644, 645, 646, 647, 648, 649, 650, 651, 652, 653, 654, 655, 656, 657, 658, 659, 660, 661, 662, 663, 664, 665, 666, 667, 668, 669, 670, 671, 672, 673, 674, 675, 676, 677, 678, 679, 680, 681, 682, 683, 684, 685, 686, 687, 688, 689, 690, 691, 692, 693, 694, 695, 696, 697, 698, 699, 700, 701, 702, 703, 704, 705, 706, 707, 708, 709, 710, 711, 712, 713, 714, 715, 716, 717, 718, 719, 720, 721, 722, 723, 724, 725, 726, 727, 728, 729, 730, 731, 732, 733, 734, 735, 736, 737, 738, 739, 740, 741, 742, 743, 744, 745, 746, 747, 748, 749, 750, 751, 752, 753, 754, 755, 756, 757, 758, 759, 760, 761, 762, 763, 764, 765, 766, 767, 768, 769, 770, 771, 772, 773, 774, 775, 776, 777, 778, 779, 780, 781, 782, 783, 784, 785, 786, 787, 788, 789, 790, 791, 792, 793, 803, 844]",True,"[144, 615]","[103, 104, 105, 106, 107, 108, 109, 110, 111, 112, 113, 114, 115, 116, 117, 118, 119, 120, 121, 122, 123, 124, 125, 126, 127, 128, 129, 130, 131, 132, 133, 134, 135, 136, 137, 138, 139, 140, 141, 142, 143, 144, 145, 146, 147, 148, 149, 150, 151, 152, 153, 154, 155, 156, 157, 158, 159, 160, 161, 162, 163, 164, 165, 166, 167, 168, 169, 170, 171, 172, 173, 174, 175, 176, 177, 178, 179, 180, 181, 182, 183, 184, 185, 186, 187, 188, 189, 190, 191, 192, 193, 194, 195, 196, 197, 198, 199, 200, 201, 202, 203, 204, 205, 206, 207, 208, 209, 210, 211, 212, 213, 214, 215, 216, 217, 218, 219, 220, 221, 222, 223, 224, 225, 226, 227, 228, 229, 230, 231, 232, 233, 234, 235, 236, 237, 238, 239, 240, 241, 242, 243, 244, 245, 246, 247, 248, 249, 250, 251, 252, 253, 254, 255, 256, 257, 258, 259, 260, 261, 262, 263, 264, 265, 266, 267, 268, 269, 270, 271, 272, 273, 274, 275, 276, 277, 278, 279, 280, 281, 282, 283, 284, 285, 286, 287, 288, 289, 290, 291, 292, 293, 294, 295, 296, 297, 298, 299, 300, 301, 302, 303, 304, 305, 306, 307, 308, 309, 310, 311, 312, 313, 314, 315, 316, 317, 318, 319, 320, 321, 322, 323, 324, 325, 326, 327, 328, 329, 330, 331, 332, 333, 334, 335, 336, 337, 574, 575, 576, 577, 578, 579, 580, 581, 582, 583, 584, 585, 586, 587, 588, 589, 590, 591, 592, 593, 594, 595, 596, 597, 598, 599, 600, 601, 602, 603, 604, 605, 606, 607, 608, 609, 610, 611, 612, 613, 614, 615, 616, 617, 618, 619, 620, 621, 622, 623, 624, 625, 626, 627, 628, 629, 630, 631, 632, 633, 634, 635, 636, 637, 638, 639, 640, 641, 642, 643, 644, 645, 646, 647, 648, 649, 650, 651, 652, 653, 654, 655, 656, 657, 658, 659, 660, 661, 662, 663, 664, 665, 666, 667, 668, 669, 670, 671, 672, 673, 674, 675, 676, 677, 678, 679, 680, 681, 682, 683, 684, 685, 686, 687, 688, 689, 690, 691, 692, 693, 694, 695, 696, 697, 698, 699, 700, 701, 702, 703, 704, 705, 706, 707, 708, 709, 710, 711, 712, 713, 714, 715, 716, 717, 718, 719, 720, 721, 722, 723, 724, 725, 726, 727, 728, 729, 730, 731, 732, 733, 734, 735, 736, 737, 738, 739, 740, 741, 742, 743, 744, 745, 746, 747, 748, 749, 750, 751, 752, 753, 754, 755, 756, 757, 758, 759, 760, 761, 762, 763, 764, 765, 766, 767, 768, 769, 770, 771, 772, 773, 774, 775, 776, 777, 778, 779, 780, 781, 782, 783, 784, 785, 786, 787, 788, 789, 790, 791, 792, 793]","[144, 305, 615, 763]","[144, 323, 615, 781]","[144, 263, 276, 615, 723, 735]","[84, 87, 89, 114, 115, 117, 124, 132, 135, 137, 144, 152, 178, 239, 268, 281, 297, 318, 320, 327, 348, 394, 555, 558, 560, 585, 586, 588, 595, 603, 606, 608, 615, 623, 649, 703, 727, 740, 756, 776, 778, 785, 803, 844]",[],7/6 successful match,True,[64],True,360,False,,1.0,True,Country Mart Diesel N & Tracy Gas Blvd ( 76 ) ),
"Westley , 95387 Westley Triangle Truck Stop ) ( Chevron )",209-894-3000 I-5 Exit 441 ( NE to Rd ),24 HRS XL 00,Westley,95387,Westley Triangle Truck Stop ) ( Chevron ),209-894-3000,2006,Westley,CA,Chevron,( NE to Rd ),I-5 Exit 441 ,Exit,441,False,,False,I-5,,,,,[],"[195, 333, 666]","[195, 333, 666]","[195, 333, 666]","[103, 104, 105, 106, 107, 108, 109, 110, 111, 112, 113, 114, 115, 116, 117, 118, 119, 120, 121, 122, 123, 124, 125, 126, 127, 128, 129, 130, 131, 132, 133, 134, 135, 136, 137, 138, 139, 140, 141, 142, 143, 144, 145, 146, 147, 148, 149, 150, 151, 152, 153, 154, 155, 156, 157, 158, 159, 160, 161, 162, 163, 164, 165, 166, 167, 168, 169, 170, 171, 172, 173, 174, 175, 176, 177, 178, 179, 180, 181, 182, 183, 184, 185, 186, 187, 188, 189, 190, 191, 192, 193, 194, 195, 196, 197, 198, 199, 200, 201, 202, 203, 204, 205, 206, 207, 208, 209, 210, 211, 212, 213, 214, 215, 216, 217, 218, 219, 220, 221, 222, 223, 224, 225, 226, 227, 228, 229, 230, 231, 232, 233, 234, 235, 236, 237, 238, 239, 240, 241, 242, 243, 244, 245, 246, 247, 248, 249, 250, 251, 252, 253, 254, 255, 256, 257, 258, 259, 260, 261, 262, 263, 264, 265, 266, 267, 268, 269, 270, 271, 272, 273, 274, 275, 276, 277, 278, 279, 280, 281, 282, 283, 284, 285, 286, 287, 288, 289, 290, 291, 292, 293, 294, 295, 296, 297, 298, 299, 300, 301, 302, 303, 304, 305, 306, 307, 308, 309, 310, 311, 312, 313, 314, 315, 316, 317, 318, 319, 320, 321, 322, 323, 324, 325, 326, 327, 328, 329, 330, 331, 332, 333, 334, 335, 336, 337, 574, 575, 576, 577, 578, 579, 580, 581, 582, 583, 584, 585, 586, 587, 588, 589, 590, 591, 592, 593, 594, 595, 596, 597, 598, 599, 600, 601, 602, 603, 604, 605, 606, 607, 608, 609, 610, 611, 612, 613, 614, 615, 616, 617, 618, 619, 620, 621, 622, 623, 624, 625, 626, 627, 628, 629, 630, 631, 632, 633, 634, 635, 636, 637, 638, 639, 640, 641, 642, 643, 644, 645, 646, 647, 648, 649, 650, 651, 652, 653, 654, 655, 656, 657, 658, 659, 660, 661, 662, 663, 664, 665, 666, 667, 668, 669, 670, 671, 672, 673, 674, 675, 676, 677, 678, 679, 680, 681, 682, 683, 684, 685, 686, 687, 688, 689, 690, 691, 692, 693, 694, 695, 696, 697, 698, 699, 700, 701, 702, 703, 704, 705, 706, 707, 708, 709, 710, 711, 712, 713, 714, 715, 716, 717, 718, 719, 720, 721, 722, 723, 724, 725, 726, 727, 728, 729, 730, 731, 732, 733, 734, 735, 736, 737, 738, 739, 740, 741, 742, 743, 744, 745, 746, 747, 748, 749, 750, 751, 752, 753, 754, 755, 756, 757, 758, 759, 760, 761, 762, 763, 764, 765, 766, 767, 768, 769, 770, 771, 772, 773, 774, 775, 776, 777, 778, 779, 780, 781, 782, 783, 784, 785, 786, 787, 788, 789, 790, 791, 792, 793]","[105, 114, 138, 141, 152, 153, 154, 155, 157, 159, 164, 165, 176, 182, 191, 192, 194, 195, 196, 200, 204, 208, 209, 210, 211, 215, 226, 228, 241, 242, 243, 245, 248, 249, 250, 257, 261, 270, 271, 282, 287, 289, 291, 294, 296, 298, 306, 308, 309, 311, 314, 327, 333, 335, 337, 576, 585, 609, 612, 623, 624, 626, 627, 629, 631, 636, 637, 647, 653, 662, 663, 665, 666, 667, 671, 674, 678, 679, 680, 681, 690, 692, 705, 706, 707, 709, 711, 712, 713, 719, 721, 729, 730, 741, 746, 748, 750, 753, 755, 757, 764, 766, 767, 769, 772, 785, 791]","[12, 24, 25, 28, 88, 100, 104, 119, 123, 129, 136, 137, 139, 140, 141, 148, 155, 169, 172, 179, 183, 185, 188, 196, 198, 217, 237, 267, 270, 278, 319, 321, 324, 325, 330, 334, 335, 354, 366, 369, 380, 383, 384, 386, 395, 407, 411, 423, 428, 436, 437, 452, 453, 456, 467, 471, 477, 478, 479, 497, 508, 511, 559, 571, 575, 590, 594, 600, 607, 608, 610, 611, 612, 619, 627, 640, 643, 650, 654, 656, 659, 667, 669, 685, 701, 726, 729, 737, 777, 779, 782, 783, 787, 790, 791, 809, 817, 819, 830, 833, 834, 836, 845, 856, 857, 860, 862, 875, 880, 887, 888, 899, 900, 914, 918, 921, 928, 929, 930]","[12, 24, 25, 28, 88, 100, 104, 119, 123, 129, 136, 137, 139, 140, 141, 148, 155, 169, 172, 179, 183, 185, 188, 196, 198, 217, 237, 267, 270, 278, 319, 321, 324, 325, 330, 333, 334, 335, 354, 366, 369, 380, 383, 384, 386, 395, 407, 411, 423, 428, 436, 437, 452, 453, 456, 467, 471, 477, 478, 479, 497, 508, 511, 559, 571, 575, 590, 594, 600, 607, 608, 610, 611, 612, 619, 627, 640, 643, 650, 654, 656, 659, 667, 669, 685, 701, 726, 729, 737, 777, 779, 782, 783, 787, 790, 791, 809, 817, 819, 830, 833, 834, 836, 845, 856, 857, 860, 862, 875, 880, 887, 888, 899, 900, 914, 918, 921, 928, 929, 930]","[12, 24, 25, 28, 88, 100, 103, 104, 105, 106, 107, 108, 109, 110, 111, 112, 113, 114, 115, 116, 117, 118, 119, 120, 121, 122, 123, 124, 125, 126, 127, 128, 129, 130, 131, 132, 133, 134, 135, 136, 137, 138, 139, 140, 141, 142, 143, 144, 145, 146, 147, 148, 149, 150, 151, 152, 153, 154, 155, 156, 157, 158, 159, 160, 161, 162, 163, 164, 165, 166, 167, 168, 169, 170, 171, 172, 173, 174, 175, 176, 177, 178, 179, 180, 181, 182, 183, 184, 185, 186, 187, 188, 189, 190, 191, 192, 193, 194, 195, 196, 197, 198, 199, 200, 201, 202, 203, 204, 205, 206, 207, 208, 209, 210, 211, 212, 213, 214, 215, 216, 217, 218, 219, 220, 221, 222, 223, 224, 225, 226, 227, 228, 229, 230, 231, 232, 233, 234, 235, 236, 237, 238, 239, 240, 241, 242, 243, 244, 245, 246, 247, 248, 249, 250, 251, 252, 253, 254, 255, 256, 257, 258, 259, 260, 261, 262, 263, 264, 265, 266, 267, 268, 269, 270, 271, 272, 273, 274, 275, 276, 277, 278, 279, 280, 281, 282, 283, 284, 285, 286, 287, 288, 289, 290, 291, 292, 293, 294, 295, 296, 297, 298, 299, 300, 301, 302, 303, 304, 305, 306, 307, 308, 309, 310, 311, 312, 313, 314, 315, 316, 317, 318, 319, 320, 321, 322, 323, 324, 325, 326, 327, 328, 329, 330, 331, 332, 333, 334, 335, 336, 337, 354, 366, 369, 380, 383, 384, 386, 395, 407, 411, 423, 428, 436, 437, 452, 453, 456, 467, 471, 477, 478, 479, 497, 508, 511, 559, 571, 574, 575, 576, 577, 578, 579, 580, 581, 582, 583, 584, 585, 586, 587, 588, 589, 590, 591, 592, 593, 594, 595, 596, 597, 598, 599, 600, 601, 602, 603, 604, 605, 606, 607, 608, 609, 610, 611, 612, 613, 614, 615, 616, 617, 618, 619, 620, 621, 622, 623, 624, 625, 626, 627, 628, 629, 630, 631, 632, 633, 634, 635, 636, 637, 638, 639, 640, 641, 642, 643, 644, 645, 646, 647, 648, 649, 650, 651, 652, 653, 654, 655, 656, 657, 658, 659, 660, 661, 662, 663, 664, 665, 666, 667, 668, 669, 670, 671, 672, 673, 674, 675, 676, 677, 678, 679, 680, 681, 682, 683, 684, 685, 686, 687, 688, 689, 690, 691, 692, 693, 694, 695, 696, 697, 698, 699, 700, 701, 702, 703, 704, 705, 706, 707, 708, 709, 710, 711, 712, 713, 714, 715, 716, 717, 718, 719, 720, 721, 722, 723, 724, 725, 726, 727, 728, 729, 730, 731, 732, 733, 734, 735, 736, 737, 738, 739, 740, 741, 742, 743, 744, 745, 746, 747, 748, 749, 750, 751, 752, 753, 754, 755, 756, 757, 758, 759, 760, 761, 762, 763, 764, 765, 766, 767, 768, 769, 770, 771, 772, 773, 774, 775, 776, 777, 778, 779, 780, 781, 782, 783, 784, 785, 786, 787, 788, 789, 790, 791, 792, 793, 809, 817, 819, 830, 833, 834, 836, 845, 856, 857, 860, 862, 875, 880, 887, 888, 899, 900, 914, 918, 921, 928, 929, 930]",False,"[195, 333, 666]","[103, 104, 105, 106, 107, 108, 109, 110, 111, 112, 113, 114, 115, 116, 117, 118, 119, 120, 121, 122, 123, 124, 125, 126, 127, 128, 129, 130, 131, 132, 133, 134, 135, 136, 137, 138, 139, 140, 141, 142, 143, 144, 145, 146, 147, 148, 149, 150, 151, 152, 153, 154, 155, 156, 157, 158, 159, 160, 161, 162, 163, 164, 165, 166, 167, 168, 169, 170, 171, 172, 173, 174, 175, 176, 177, 178, 179, 180, 181, 182, 183, 184, 185, 186, 187, 188, 189, 190, 191, 192, 193, 194, 195, 196, 197, 198, 199, 200, 201, 202, 203, 204, 205, 206, 207, 208, 209, 210, 211, 212, 213, 214, 215, 216, 217, 218, 219, 220, 221, 222, 223, 224, 225, 226, 227, 228, 229, 230, 231, 232, 233, 234, 235, 236, 237, 238, 239, 240, 241, 242, 243, 244, 245, 246, 247, 248, 249, 250, 251, 252, 253, 254, 255, 256, 257, 258, 259, 260, 261, 262, 263, 264, 265, 266, 267, 268, 269, 270, 271, 272, 273, 274, 275, 276, 277, 278, 279, 280, 281, 282, 283, 284, 285, 286, 287, 288, 289, 290, 291, 292, 293, 294, 295, 296, 297, 298, 299, 300, 301, 302, 303, 304, 305, 306, 307, 308, 309, 310, 311, 312, 313, 314, 315, 316, 317, 318, 319, 320, 321, 322, 323, 324, 325, 326, 327, 328, 329, 330, 331, 332, 333, 334, 335, 336, 337, 574, 575, 576, 577, 578, 579, 580, 581, 582, 583, 584, 585, 586, 587, 588, 589, 590, 591, 592, 593, 594, 595, 596, 597, 598, 599, 600, 601, 602, 603, 604, 605, 606, 607, 608, 609, 610, 611, 612, 613, 614, 615, 616, 617, 618, 619, 620, 621, 622, 623, 624, 625, 626, 627, 628, 629, 630, 631, 632, 633, 634, 635, 636, 637, 638, 639, 640, 641, 642, 643, 644, 645, 646, 647, 648, 649, 650, 651, 652, 653, 654, 655, 656, 657, 658, 659, 660, 661, 662, 663, 664, 665, 666, 667, 668, 669, 670, 671, 672, 673, 674, 675, 676, 677, 678, 679, 680, 681, 682, 683, 684, 685, 686, 687, 688, 689, 690, 691, 692, 693, 694, 695, 696, 697, 698, 699, 700, 701, 702, 703, 704, 705, 706, 707, 708, 709, 710, 711, 712, 713, 714, 715, 716, 717, 718, 719, 720, 721, 722, 723, 724, 725, 726, 727, 728, 729, 730, 731, 732, 733, 734, 735, 736, 737, 738, 739, 740, 741, 742, 743, 744, 745, 746, 747, 748, 749, 750, 751, 752, 753, 754, 755, 756, 757, 758, 759, 760, 761, 762, 763, 764, 765, 766, 767, 768, 769, 770, 771, 772, 773, 774, 775, 776, 777, 778, 779, 780, 781, 782, 783, 784, 785, 786, 787, 788, 789, 790, 791, 792, 793]","[195, 333, 666]","[195, 333, 666]","[105, 114, 138, 141, 152, 153, 154, 155, 157, 159, 164, 165, 176, 182, 191, 192, 194, 195, 196, 200, 204, 208, 209, 210, 211, 215, 226, 228, 241, 242, 243, 245, 248, 249, 250, 257, 261, 270, 271, 282, 287, 289, 291, 294, 296, 298, 306, 308, 309, 311, 314, 327, 333, 335, 337, 576, 585, 609, 612, 623, 624, 626, 627, 629, 631, 636, 637, 647, 653, 662, 663, 665, 666, 667, 671, 674, 678, 679, 680, 681, 690, 692, 705, 706, 707, 709, 711, 712, 713, 719, 721, 729, 730, 741, 746, 748, 750, 753, 755, 757, 764, 766, 767, 769, 772, 785, 791]","[12, 24, 25, 28, 88, 100, 104, 119, 123, 129, 136, 137, 139, 140, 141, 148, 155, 169, 172, 179, 183, 185, 188, 196, 198, 217, 237, 267, 270, 278, 319, 321, 324, 325, 330, 333, 334, 335, 354, 366, 369, 380, 383, 384, 386, 395, 407, 411, 423, 428, 436, 437, 452, 453, 456, 467, 471, 477, 478, 479, 497, 508, 511, 559, 571, 575, 590, 594, 600, 607, 608, 610, 611, 612, 619, 627, 640, 643, 650, 654, 656, 659, 667, 669, 685, 701, 726, 729, 737, 777, 779, 782, 783, 787, 790, 791, 809, 817, 819, 830, 833, 834, 836, 845, 856, 857, 860, 862, 875, 880, 887, 888, 899, 900, 914, 918, 921, 928, 929, 930]","[12, 24, 25, 28, 88, 100, 104, 119, 123, 129, 136, 137, 139, 140, 141, 148, 155, 169, 172, 179, 183, 185, 188, 196, 198, 217, 237, 267, 270, 278, 319, 321, 324, 325, 330, 334, 335, 354, 366, 369, 380, 383, 384, 386, 395, 407, 411, 423, 428, 436, 437, 452, 453, 456, 467, 471, 477, 478, 479, 497, 508, 511, 559, 571, 575, 590, 594, 600, 607, 608, 610, 611, 612, 619, 627, 640, 643, 650, 654, 656, 659, 667, 669, 685, 701, 726, 729, 737, 777, 779, 782, 783, 787, 790, 791, 809, 817, 819, 830, 833, 834, 836, 845, 856, 857, 860, 862, 875, 880, 887, 888, 899, 900, 914, 918, 921, 928, 929, 930]",6/6 successful match,False,,False,361,False,,,,,
"Westley , 95387 Westley Triangle Truck Stop",209-894-3000 I-5 Exit 441 ( NE to McCracken Rd ),24 XLO,Westley,95387,Westley Triangle Truck Stop,209-894-3000,2007,Westley,CA,,( NE to McCracken Rd ),I-5 Exit 441 ,Exit,441,False,,False,I-5,,,,,[],"[195, 333, 666]","[195, 333, 666]","[195, 333, 666]","[103, 104, 105, 106, 107, 108, 109, 110, 111, 112, 113, 114, 115, 116, 117, 118, 119, 120, 121, 122, 123, 124, 125, 126, 127, 128, 129, 130, 131, 132, 133, 134, 135, 136, 137, 138, 139, 140, 141, 142, 143, 144, 145, 146, 147, 148, 149, 150, 151, 152, 153, 154, 155, 156, 157, 158, 159, 160, 161, 162, 163, 164, 165, 166, 167, 168, 169, 170, 171, 172, 173, 174, 175, 176, 177, 178, 179, 180, 181, 182, 183, 184, 185, 186, 187, 188, 189, 190, 191, 192, 193, 194, 195, 196, 197, 198, 199, 200, 201, 202, 203, 204, 205, 206, 207, 208, 209, 210, 211, 212, 213, 214, 215, 216, 217, 218, 219, 220, 221, 222, 223, 224, 225, 226, 227, 228, 229, 230, 231, 232, 233, 234, 235, 236, 237, 238, 239, 240, 241, 242, 243, 244, 245, 246, 247, 248, 249, 250, 251, 252, 253, 254, 255, 256, 257, 258, 259, 260, 261, 262, 263, 264, 265, 266, 267, 268, 269, 270, 271, 272, 273, 274, 275, 276, 277, 278, 279, 280, 281, 282, 283, 284, 285, 286, 287, 288, 289, 290, 291, 292, 293, 294, 295, 296, 297, 298, 299, 300, 301, 302, 303, 304, 305, 306, 307, 308, 309, 310, 311, 312, 313, 314, 315, 316, 317, 318, 319, 320, 321, 322, 323, 324, 325, 326, 327, 328, 329, 330, 331, 332, 333, 334, 335, 336, 337, 574, 575, 576, 577, 578, 579, 580, 581, 582, 583, 584, 585, 586, 587, 588, 589, 590, 591, 592, 593, 594, 595, 596, 597, 598, 599, 600, 601, 602, 603, 604, 605, 606, 607, 608, 609, 610, 611, 612, 613, 614, 615, 616, 617, 618, 619, 620, 621, 622, 623, 624, 625, 626, 627, 628, 629, 630, 631, 632, 633, 634, 635, 636, 637, 638, 639, 640, 641, 642, 643, 644, 645, 646, 647, 648, 649, 650, 651, 652, 653, 654, 655, 656, 657, 658, 659, 660, 661, 662, 663, 664, 665, 666, 667, 668, 669, 670, 671, 672, 673, 674, 675, 676, 677, 678, 679, 680, 681, 682, 683, 684, 685, 686, 687, 688, 689, 690, 691, 692, 693, 694, 695, 696, 697, 698, 699, 700, 701, 702, 703, 704, 705, 706, 707, 708, 709, 710, 711, 712, 713, 714, 715, 716, 717, 718, 719, 720, 721, 722, 723, 724, 725, 726, 727, 728, 729, 730, 731, 732, 733, 734, 735, 736, 737, 738, 739, 740, 741, 742, 743, 744, 745, 746, 747, 748, 749, 750, 751, 752, 753, 754, 755, 756, 757, 758, 759, 760, 761, 762, 763, 764, 765, 766, 767, 768, 769, 770, 771, 772, 773, 774, 775, 776, 777, 778, 779, 780, 781, 782, 783, 784, 785, 786, 787, 788, 789, 790, 791, 792, 793]","[105, 114, 138, 141, 152, 153, 154, 155, 157, 159, 164, 165, 176, 182, 191, 192, 194, 195, 196, 200, 204, 208, 209, 210, 211, 215, 226, 228, 241, 242, 243, 245, 248, 249, 250, 257, 261, 270, 271, 282, 287, 289, 291, 294, 296, 298, 306, 308, 309, 311, 314, 327, 333, 335, 337, 576, 585, 609, 612, 623, 624, 626, 627, 629, 631, 636, 637, 647, 653, 662, 663, 665, 666, 667, 671, 674, 678, 679, 680, 681, 690, 692, 705, 706, 707, 709, 711, 712, 713, 719, 721, 729, 730, 741, 746, 748, 750, 753, 755, 757, 764, 766, 767, 769, 772, 785, 791]",[],[333],"[103, 104, 105, 106, 107, 108, 109, 110, 111, 112, 113, 114, 115, 116, 117, 118, 119, 120, 121, 122, 123, 124, 125, 126, 127, 128, 129, 130, 131, 132, 133, 134, 135, 136, 137, 138, 139, 140, 141, 142, 143, 144, 145, 146, 147, 148, 149, 150, 151, 152, 153, 154, 155, 156, 157, 158, 159, 160, 161, 162, 163, 164, 165, 166, 167, 168, 169, 170, 171, 172, 173, 174, 175, 176, 177, 178, 179, 180, 181, 182, 183, 184, 185, 186, 187, 188, 189, 190, 191, 192, 193, 194, 195, 196, 197, 198, 199, 200, 201, 202, 203, 204, 205, 206, 207, 208, 209, 210, 211, 212, 213, 214, 215, 216, 217, 218, 219, 220, 221, 222, 223, 224, 225, 226, 227, 228, 229, 230, 231, 232, 233, 234, 235, 236, 237, 238, 239, 240, 241, 242, 243, 244, 245, 246, 247, 248, 249, 250, 251, 252, 253, 254, 255, 256, 257, 258, 259, 260, 261, 262, 263, 264, 265, 266, 267, 268, 269, 270, 271, 272, 273, 274, 275, 276, 277, 278, 279, 280, 281, 282, 283, 284, 285, 286, 287, 288, 289, 290, 291, 292, 293, 294, 295, 296, 297, 298, 299, 300, 301, 302, 303, 304, 305, 306, 307, 308, 309, 310, 311, 312, 313, 314, 315, 316, 317, 318, 319, 320, 321, 322, 323, 324, 325, 326, 327, 328, 329, 330, 331, 332, 333, 334, 335, 336, 337, 574, 575, 576, 577, 578, 579, 580, 581, 582, 583, 584, 585, 586, 587, 588, 589, 590, 591, 592, 593, 594, 595, 596, 597, 598, 599, 600, 601, 602, 603, 604, 605, 606, 607, 608, 609, 610, 611, 612, 613, 614, 615, 616, 617, 618, 619, 620, 621, 622, 623, 624, 625, 626, 627, 628, 629, 630, 631, 632, 633, 634, 635, 636, 637, 638, 639, 640, 641, 642, 643, 644, 645, 646, 647, 648, 649, 650, 651, 652, 653, 654, 655, 656, 657, 658, 659, 660, 661, 662, 663, 664, 665, 666, 667, 668, 669, 670, 671, 672, 673, 674, 675, 676, 677, 678, 679, 680, 681, 682, 683, 684, 685, 686, 687, 688, 689, 690, 691, 692, 693, 694, 695, 696, 697, 698, 699, 700, 701, 702, 703, 704, 705, 706, 707, 708, 709, 710, 711, 712, 713, 714, 715, 716, 717, 718, 719, 720, 721, 722, 723, 724, 725, 726, 727, 728, 729, 730, 731, 732, 733, 734, 735, 736, 737, 738, 739, 740, 741, 742, 743, 744, 745, 746, 747, 748, 749, 750, 751, 752, 753, 754, 755, 756, 757, 758, 759, 760, 761, 762, 763, 764, 765, 766, 767, 768, 769, 770, 771, 772, 773, 774, 775, 776, 777, 778, 779, 780, 781, 782, 783, 784, 785, 786, 787, 788, 789, 790, 791, 792, 793]",False,"[195, 333, 666]","[103, 104, 105, 106, 107, 108, 109, 110, 111, 112, 113, 114, 115, 116, 117, 118, 119, 120, 121, 122, 123, 124, 125, 126, 127, 128, 129, 130, 131, 132, 133, 134, 135, 136, 137, 138, 139, 140, 141, 142, 143, 144, 145, 146, 147, 148, 149, 150, 151, 152, 153, 154, 155, 156, 157, 158, 159, 160, 161, 162, 163, 164, 165, 166, 167, 168, 169, 170, 171, 172, 173, 174, 175, 176, 177, 178, 179, 180, 181, 182, 183, 184, 185, 186, 187, 188, 189, 190, 191, 192, 193, 194, 195, 196, 197, 198, 199, 200, 201, 202, 203, 204, 205, 206, 207, 208, 209, 210, 211, 212, 213, 214, 215, 216, 217, 218, 219, 220, 221, 222, 223, 224, 225, 226, 227, 228, 229, 230, 231, 232, 233, 234, 235, 236, 237, 238, 239, 240, 241, 242, 243, 244, 245, 246, 247, 248, 249, 250, 251, 252, 253, 254, 255, 256, 257, 258, 259, 260, 261, 262, 263, 264, 265, 266, 267, 268, 269, 270, 271, 272, 273, 274, 275, 276, 277, 278, 279, 280, 281, 282, 283, 284, 285, 286, 287, 288, 289, 290, 291, 292, 293, 294, 295, 296, 297, 298, 299, 300, 301, 302, 303, 304, 305, 306, 307, 308, 309, 310, 311, 312, 313, 314, 315, 316, 317, 318, 319, 320, 321, 322, 323, 324, 325, 326, 327, 328, 329, 330, 331, 332, 333, 334, 335, 336, 337, 574, 575, 576, 577, 578, 579, 580, 581, 582, 583, 584, 585, 586, 587, 588, 589, 590, 591, 592, 593, 594, 595, 596, 597, 598, 599, 600, 601, 602, 603, 604, 605, 606, 607, 608, 609, 610, 611, 612, 613, 614, 615, 616, 617, 618, 619, 620, 621, 622, 623, 624, 625, 626, 627, 628, 629, 630, 631, 632, 633, 634, 635, 636, 637, 638, 639, 640, 641, 642, 643, 644, 645, 646, 647, 648, 649, 650, 651, 652, 653, 654, 655, 656, 657, 658, 659, 660, 661, 662, 663, 664, 665, 666, 667, 668, 669, 670, 671, 672, 673, 674, 675, 676, 677, 678, 679, 680, 681, 682, 683, 684, 685, 686, 687, 688, 689, 690, 691, 692, 693, 694, 695, 696, 697, 698, 699, 700, 701, 702, 703, 704, 705, 706, 707, 708, 709, 710, 711, 712, 713, 714, 715, 716, 717, 718, 719, 720, 721, 722, 723, 724, 725, 726, 727, 728, 729, 730, 731, 732, 733, 734, 735, 736, 737, 738, 739, 740, 741, 742, 743, 744, 745, 746, 747, 748, 749, 750, 751, 752, 753, 754, 755, 756, 757, 758, 759, 760, 761, 762, 763, 764, 765, 766, 767, 768, 769, 770, 771, 772, 773, 774, 775, 776, 777, 778, 779, 780, 781, 782, 783, 784, 785, 786, 787, 788, 789, 790, 791, 792, 793]","[195, 333, 666]","[195, 333, 666]","[105, 114, 138, 141, 152, 153, 154, 155, 157, 159, 164, 165, 176, 182, 191, 192, 194, 195, 196, 200, 204, 208, 209, 210, 211, 215, 226, 228, 241, 242, 243, 245, 248, 249, 250, 257, 261, 270, 271, 282, 287, 289, 291, 294, 296, 298, 306, 308, 309, 311, 314, 327, 333, 335, 337, 576, 585, 609, 612, 623, 624, 626, 627, 629, 631, 636, 637, 647, 653, 662, 663, 665, 666, 667, 671, 674, 678, 679, 680, 681, 690, 692, 705, 706, 707, 709, 711, 712, 713, 719, 721, 729, 730, 741, 746, 748, 750, 753, 755, 757, 764, 766, 767, 769, 772, 785, 791]",[333],[],7/6 successful match,False,,False,361,False,,1.0,True,Westley Triangle Truck Stop ) ( Chevron ),Chevron
"Westley , 95387 Westley Triangle ( Howard Truck Rd Stop )",209-894-3000 I-5 Exit 441 ( NE to,24 XL DO,Westley,95387,Westley Triangle ( Howard Truck Rd Stop ),209-894-3000,2008,Westley,CA,,( NE to,I-5 Exit 441 ,Exit,441,False,,False,I-5,,,,,[],"[195, 333, 666]","[195, 333, 666]","[195, 333, 666]","[103, 104, 105, 106, 107, 108, 109, 110, 111, 112, 113, 114, 115, 116, 117, 118, 119, 120, 121, 122, 123, 124, 125, 126, 127, 128, 129, 130, 131, 132, 133, 134, 135, 136, 137, 138, 139, 140, 141, 142, 143, 144, 145, 146, 147, 148, 149, 150, 151, 152, 153, 154, 155, 156, 157, 158, 159, 160, 161, 162, 163, 164, 165, 166, 167, 168, 169, 170, 171, 172, 173, 174, 175, 176, 177, 178, 179, 180, 181, 182, 183, 184, 185, 186, 187, 188, 189, 190, 191, 192, 193, 194, 195, 196, 197, 198, 199, 200, 201, 202, 203, 204, 205, 206, 207, 208, 209, 210, 211, 212, 213, 214, 215, 216, 217, 218, 219, 220, 221, 222, 223, 224, 225, 226, 227, 228, 229, 230, 231, 232, 233, 234, 235, 236, 237, 238, 239, 240, 241, 242, 243, 244, 245, 246, 247, 248, 249, 250, 251, 252, 253, 254, 255, 256, 257, 258, 259, 260, 261, 262, 263, 264, 265, 266, 267, 268, 269, 270, 271, 272, 273, 274, 275, 276, 277, 278, 279, 280, 281, 282, 283, 284, 285, 286, 287, 288, 289, 290, 291, 292, 293, 294, 295, 296, 297, 298, 299, 300, 301, 302, 303, 304, 305, 306, 307, 308, 309, 310, 311, 312, 313, 314, 315, 316, 317, 318, 319, 320, 321, 322, 323, 324, 325, 326, 327, 328, 329, 330, 331, 332, 333, 334, 335, 336, 337, 574, 575, 576, 577, 578, 579, 580, 581, 582, 583, 584, 585, 586, 587, 588, 589, 590, 591, 592, 593, 594, 595, 596, 597, 598, 599, 600, 601, 602, 603, 604, 605, 606, 607, 608, 609, 610, 611, 612, 613, 614, 615, 616, 617, 618, 619, 620, 621, 622, 623, 624, 625, 626, 627, 628, 629, 630, 631, 632, 633, 634, 635, 636, 637, 638, 639, 640, 641, 642, 643, 644, 645, 646, 647, 648, 649, 650, 651, 652, 653, 654, 655, 656, 657, 658, 659, 660, 661, 662, 663, 664, 665, 666, 667, 668, 669, 670, 671, 672, 673, 674, 675, 676, 677, 678, 679, 680, 681, 682, 683, 684, 685, 686, 687, 688, 689, 690, 691, 692, 693, 694, 695, 696, 697, 698, 699, 700, 701, 702, 703, 704, 705, 706, 707, 708, 709, 710, 711, 712, 713, 714, 715, 716, 717, 718, 719, 720, 721, 722, 723, 724, 725, 726, 727, 728, 729, 730, 731, 732, 733, 734, 735, 736, 737, 738, 739, 740, 741, 742, 743, 744, 745, 746, 747, 748, 749, 750, 751, 752, 753, 754, 755, 756, 757, 758, 759, 760, 761, 762, 763, 764, 765, 766, 767, 768, 769, 770, 771, 772, 773, 774, 775, 776, 777, 778, 779, 780, 781, 782, 783, 784, 785, 786, 787, 788, 789, 790, 791, 792, 793]","[105, 114, 138, 141, 152, 153, 154, 155, 157, 159, 164, 165, 176, 182, 191, 192, 194, 195, 196, 200, 204, 208, 209, 210, 211, 215, 226, 228, 241, 242, 243, 245, 248, 249, 250, 257, 261, 270, 271, 282, 287, 289, 291, 294, 296, 298, 306, 308, 309, 311, 314, 327, 333, 335, 337, 576, 585, 609, 612, 623, 624, 626, 627, 629, 631, 636, 637, 647, 653, 662, 663, 665, 666, 667, 671, 674, 678, 679, 680, 681, 690, 692, 705, 706, 707, 709, 711, 712, 713, 719, 721, 729, 730, 741, 746, 748, 750, 753, 755, 757, 764, 766, 767, 769, 772, 785, 791]",[],[333],"[103, 104, 105, 106, 107, 108, 109, 110, 111, 112, 113, 114, 115, 116, 117, 118, 119, 120, 121, 122, 123, 124, 125, 126, 127, 128, 129, 130, 131, 132, 133, 134, 135, 136, 137, 138, 139, 140, 141, 142, 143, 144, 145, 146, 147, 148, 149, 150, 151, 152, 153, 154, 155, 156, 157, 158, 159, 160, 161, 162, 163, 164, 165, 166, 167, 168, 169, 170, 171, 172, 173, 174, 175, 176, 177, 178, 179, 180, 181, 182, 183, 184, 185, 186, 187, 188, 189, 190, 191, 192, 193, 194, 195, 196, 197, 198, 199, 200, 201, 202, 203, 204, 205, 206, 207, 208, 209, 210, 211, 212, 213, 214, 215, 216, 217, 218, 219, 220, 221, 222, 223, 224, 225, 226, 227, 228, 229, 230, 231, 232, 233, 234, 235, 236, 237, 238, 239, 240, 241, 242, 243, 244, 245, 246, 247, 248, 249, 250, 251, 252, 253, 254, 255, 256, 257, 258, 259, 260, 261, 262, 263, 264, 265, 266, 267, 268, 269, 270, 271, 272, 273, 274, 275, 276, 277, 278, 279, 280, 281, 282, 283, 284, 285, 286, 287, 288, 289, 290, 291, 292, 293, 294, 295, 296, 297, 298, 299, 300, 301, 302, 303, 304, 305, 306, 307, 308, 309, 310, 311, 312, 313, 314, 315, 316, 317, 318, 319, 320, 321, 322, 323, 324, 325, 326, 327, 328, 329, 330, 331, 332, 333, 334, 335, 336, 337, 574, 575, 576, 577, 578, 579, 580, 581, 582, 583, 584, 585, 586, 587, 588, 589, 590, 591, 592, 593, 594, 595, 596, 597, 598, 599, 600, 601, 602, 603, 604, 605, 606, 607, 608, 609, 610, 611, 612, 613, 614, 615, 616, 617, 618, 619, 620, 621, 622, 623, 624, 625, 626, 627, 628, 629, 630, 631, 632, 633, 634, 635, 636, 637, 638, 639, 640, 641, 642, 643, 644, 645, 646, 647, 648, 649, 650, 651, 652, 653, 654, 655, 656, 657, 658, 659, 660, 661, 662, 663, 664, 665, 666, 667, 668, 669, 670, 671, 672, 673, 674, 675, 676, 677, 678, 679, 680, 681, 682, 683, 684, 685, 686, 687, 688, 689, 690, 691, 692, 693, 694, 695, 696, 697, 698, 699, 700, 701, 702, 703, 704, 705, 706, 707, 708, 709, 710, 711, 712, 713, 714, 715, 716, 717, 718, 719, 720, 721, 722, 723, 724, 725, 726, 727, 728, 729, 730, 731, 732, 733, 734, 735, 736, 737, 738, 739, 740, 741, 742, 743, 744, 745, 746, 747, 748, 749, 750, 751, 752, 753, 754, 755, 756, 757, 758, 759, 760, 761, 762, 763, 764, 765, 766, 767, 768, 769, 770, 771, 772, 773, 774, 775, 776, 777, 778, 779, 780, 781, 782, 783, 784, 785, 786, 787, 788, 789, 790, 791, 792, 793]",False,"[195, 333, 666]","[103, 104, 105, 106, 107, 108, 109, 110, 111, 112, 113, 114, 115, 116, 117, 118, 119, 120, 121, 122, 123, 124, 125, 126, 127, 128, 129, 130, 131, 132, 133, 134, 135, 136, 137, 138, 139, 140, 141, 142, 143, 144, 145, 146, 147, 148, 149, 150, 151, 152, 153, 154, 155, 156, 157, 158, 159, 160, 161, 162, 163, 164, 165, 166, 167, 168, 169, 170, 171, 172, 173, 174, 175, 176, 177, 178, 179, 180, 181, 182, 183, 184, 185, 186, 187, 188, 189, 190, 191, 192, 193, 194, 195, 196, 197, 198, 199, 200, 201, 202, 203, 204, 205, 206, 207, 208, 209, 210, 211, 212, 213, 214, 215, 216, 217, 218, 219, 220, 221, 222, 223, 224, 225, 226, 227, 228, 229, 230, 231, 232, 233, 234, 235, 236, 237, 238, 239, 240, 241, 242, 243, 244, 245, 246, 247, 248, 249, 250, 251, 252, 253, 254, 255, 256, 257, 258, 259, 260, 261, 262, 263, 264, 265, 266, 267, 268, 269, 270, 271, 272, 273, 274, 275, 276, 277, 278, 279, 280, 281, 282, 283, 284, 285, 286, 287, 288, 289, 290, 291, 292, 293, 294, 295, 296, 297, 298, 299, 300, 301, 302, 303, 304, 305, 306, 307, 308, 309, 310, 311, 312, 313, 314, 315, 316, 317, 318, 319, 320, 321, 322, 323, 324, 325, 326, 327, 328, 329, 330, 331, 332, 333, 334, 335, 336, 337, 574, 575, 576, 577, 578, 579, 580, 581, 582, 583, 584, 585, 586, 587, 588, 589, 590, 591, 592, 593, 594, 595, 596, 597, 598, 599, 600, 601, 602, 603, 604, 605, 606, 607, 608, 609, 610, 611, 612, 613, 614, 615, 616, 617, 618, 619, 620, 621, 622, 623, 624, 625, 626, 627, 628, 629, 630, 631, 632, 633, 634, 635, 636, 637, 638, 639, 640, 641, 642, 643, 644, 645, 646, 647, 648, 649, 650, 651, 652, 653, 654, 655, 656, 657, 658, 659, 660, 661, 662, 663, 664, 665, 666, 667, 668, 669, 670, 671, 672, 673, 674, 675, 676, 677, 678, 679, 680, 681, 682, 683, 684, 685, 686, 687, 688, 689, 690, 691, 692, 693, 694, 695, 696, 697, 698, 699, 700, 701, 702, 703, 704, 705, 706, 707, 708, 709, 710, 711, 712, 713, 714, 715, 716, 717, 718, 719, 720, 721, 722, 723, 724, 725, 726, 727, 728, 729, 730, 731, 732, 733, 734, 735, 736, 737, 738, 739, 740, 741, 742, 743, 744, 745, 746, 747, 748, 749, 750, 751, 752, 753, 754, 755, 756, 757, 758, 759, 760, 761, 762, 763, 764, 765, 766, 767, 768, 769, 770, 771, 772, 773, 774, 775, 776, 777, 778, 779, 780, 781, 782, 783, 784, 785, 786, 787, 788, 789, 790, 791, 792, 793]","[195, 333, 666]","[195, 333, 666]","[105, 114, 138, 141, 152, 153, 154, 155, 157, 159, 164, 165, 176, 182, 191, 192, 194, 195, 196, 200, 204, 208, 209, 210, 211, 215, 226, 228, 241, 242, 243, 245, 248, 249, 250, 257, 261, 270, 271, 282, 287, 289, 291, 294, 296, 298, 306, 308, 309, 311, 314, 327, 333, 335, 337, 576, 585, 609, 612, 623, 624, 626, 627, 629, 631, 636, 637, 647, 653, 662, 663, 665, 666, 667, 671, 674, 678, 679, 680, 681, 690, 692, 705, 706, 707, 709, 711, 712, 713, 719, 721, 729, 730, 741, 746, 748, 750, 753, 755, 757, 764, 766, 767, 769, 772, 785, 791]",[333],[],7/6 successful match,False,,False,361,False,,1.0,True,Westley Triangle Truck Stop,
E Westley ( 95387 ) Westley Triangle Truck Stop,209-894-3000 I-5 Exit 441 ( NE to McCracken Rd ),24 XL <U+25A1>,Westley,95387,Westley Triangle Truck Stop,209-894-3000,2014,Westley,CA,,( NE to McCracken Rd ),I-5 Exit 441 ,Exit,441,False,,False,I-5,,,,,[],"[195, 333, 666]","[195, 333, 666]","[195, 333, 666]","[103, 104, 105, 106, 107, 108, 109, 110, 111, 112, 113, 114, 115, 116, 117, 118, 119, 120, 121, 122, 123, 124, 125, 126, 127, 128, 129, 130, 131, 132, 133, 134, 135, 136, 137, 138, 139, 140, 141, 142, 143, 144, 145, 146, 147, 148, 149, 150, 151, 152, 153, 154, 155, 156, 157, 158, 159, 160, 161, 162, 163, 164, 165, 166, 167, 168, 169, 170, 171, 172, 173, 174, 175, 176, 177, 178, 179, 180, 181, 182, 183, 184, 185, 186, 187, 188, 189, 190, 191, 192, 193, 194, 195, 196, 197, 198, 199, 200, 201, 202, 203, 204, 205, 206, 207, 208, 209, 210, 211, 212, 213, 214, 215, 216, 217, 218, 219, 220, 221, 222, 223, 224, 225, 226, 227, 228, 229, 230, 231, 232, 233, 234, 235, 236, 237, 238, 239, 240, 241, 242, 243, 244, 245, 246, 247, 248, 249, 250, 251, 252, 253, 254, 255, 256, 257, 258, 259, 260, 261, 262, 263, 264, 265, 266, 267, 268, 269, 270, 271, 272, 273, 274, 275, 276, 277, 278, 279, 280, 281, 282, 283, 284, 285, 286, 287, 288, 289, 290, 291, 292, 293, 294, 295, 296, 297, 298, 299, 300, 301, 302, 303, 304, 305, 306, 307, 308, 309, 310, 311, 312, 313, 314, 315, 316, 317, 318, 319, 320, 321, 322, 323, 324, 325, 326, 327, 328, 329, 330, 331, 332, 333, 334, 335, 336, 337, 574, 575, 576, 577, 578, 579, 580, 581, 582, 583, 584, 585, 586, 587, 588, 589, 590, 591, 592, 593, 594, 595, 596, 597, 598, 599, 600, 601, 602, 603, 604, 605, 606, 607, 608, 609, 610, 611, 612, 613, 614, 615, 616, 617, 618, 619, 620, 621, 622, 623, 624, 625, 626, 627, 628, 629, 630, 631, 632, 633, 634, 635, 636, 637, 638, 639, 640, 641, 642, 643, 644, 645, 646, 647, 648, 649, 650, 651, 652, 653, 654, 655, 656, 657, 658, 659, 660, 661, 662, 663, 664, 665, 666, 667, 668, 669, 670, 671, 672, 673, 674, 675, 676, 677, 678, 679, 680, 681, 682, 683, 684, 685, 686, 687, 688, 689, 690, 691, 692, 693, 694, 695, 696, 697, 698, 699, 700, 701, 702, 703, 704, 705, 706, 707, 708, 709, 710, 711, 712, 713, 714, 715, 716, 717, 718, 719, 720, 721, 722, 723, 724, 725, 726, 727, 728, 729, 730, 731, 732, 733, 734, 735, 736, 737, 738, 739, 740, 741, 742, 743, 744, 745, 746, 747, 748, 749, 750, 751, 752, 753, 754, 755, 756, 757, 758, 759, 760, 761, 762, 763, 764, 765, 766, 767, 768, 769, 770, 771, 772, 773, 774, 775, 776, 777, 778, 779, 780, 781, 782, 783, 784, 785, 786, 787, 788, 789, 790, 791, 792, 793]","[105, 114, 138, 141, 152, 153, 154, 155, 157, 159, 164, 165, 176, 182, 191, 192, 194, 195, 196, 200, 204, 208, 209, 210, 211, 215, 226, 228, 241, 242, 243, 245, 248, 249, 250, 257, 261, 270, 271, 282, 287, 289, 291, 294, 296, 298, 306, 308, 309, 311, 314, 327, 333, 335, 337, 576, 585, 609, 612, 623, 624, 626, 627, 629, 631, 636, 637, 647, 653, 662, 663, 665, 666, 667, 671, 674, 678, 679, 680, 681, 690, 692, 705, 706, 707, 709, 711, 712, 713, 719, 721, 729, 730, 741, 746, 748, 750, 753, 755, 757, 764, 766, 767, 769, 772, 785, 791]",[],[333],"[103, 104, 105, 106, 107, 108, 109, 110, 111, 112, 113, 114, 115, 116, 117, 118, 119, 120, 121, 122, 123, 124, 125, 126, 127, 128, 129, 130, 131, 132, 133, 134, 135, 136, 137, 138, 139, 140, 141, 142, 143, 144, 145, 146, 147, 148, 149, 150, 151, 152, 153, 154, 155, 156, 157, 158, 159, 160, 161, 162, 163, 164, 165, 166, 167, 168, 169, 170, 171, 172, 173, 174, 175, 176, 177, 178, 179, 180, 181, 182, 183, 184, 185, 186, 187, 188, 189, 190, 191, 192, 193, 194, 195, 196, 197, 198, 199, 200, 201, 202, 203, 204, 205, 206, 207, 208, 209, 210, 211, 212, 213, 214, 215, 216, 217, 218, 219, 220, 221, 222, 223, 224, 225, 226, 227, 228, 229, 230, 231, 232, 233, 234, 235, 236, 237, 238, 239, 240, 241, 242, 243, 244, 245, 246, 247, 248, 249, 250, 251, 252, 253, 254, 255, 256, 257, 258, 259, 260, 261, 262, 263, 264, 265, 266, 267, 268, 269, 270, 271, 272, 273, 274, 275, 276, 277, 278, 279, 280, 281, 282, 283, 284, 285, 286, 287, 288, 289, 290, 291, 292, 293, 294, 295, 296, 297, 298, 299, 300, 301, 302, 303, 304, 305, 306, 307, 308, 309, 310, 311, 312, 313, 314, 315, 316, 317, 318, 319, 320, 321, 322, 323, 324, 325, 326, 327, 328, 329, 330, 331, 332, 333, 334, 335, 336, 337, 574, 575, 576, 577, 578, 579, 580, 581, 582, 583, 584, 585, 586, 587, 588, 589, 590, 591, 592, 593, 594, 595, 596, 597, 598, 599, 600, 601, 602, 603, 604, 605, 606, 607, 608, 609, 610, 611, 612, 613, 614, 615, 616, 617, 618, 619, 620, 621, 622, 623, 624, 625, 626, 627, 628, 629, 630, 631, 632, 633, 634, 635, 636, 637, 638, 639, 640, 641, 642, 643, 644, 645, 646, 647, 648, 649, 650, 651, 652, 653, 654, 655, 656, 657, 658, 659, 660, 661, 662, 663, 664, 665, 666, 667, 668, 669, 670, 671, 672, 673, 674, 675, 676, 677, 678, 679, 680, 681, 682, 683, 684, 685, 686, 687, 688, 689, 690, 691, 692, 693, 694, 695, 696, 697, 698, 699, 700, 701, 702, 703, 704, 705, 706, 707, 708, 709, 710, 711, 712, 713, 714, 715, 716, 717, 718, 719, 720, 721, 722, 723, 724, 725, 726, 727, 728, 729, 730, 731, 732, 733, 734, 735, 736, 737, 738, 739, 740, 741, 742, 743, 744, 745, 746, 747, 748, 749, 750, 751, 752, 753, 754, 755, 756, 757, 758, 759, 760, 761, 762, 763, 764, 765, 766, 767, 768, 769, 770, 771, 772, 773, 774, 775, 776, 777, 778, 779, 780, 781, 782, 783, 784, 785, 786, 787, 788, 789, 790, 791, 792, 793]",False,"[195, 333, 666]","[103, 104, 105, 106, 107, 108, 109, 110, 111, 112, 113, 114, 115, 116, 117, 118, 119, 120, 121, 122, 123, 124, 125, 126, 127, 128, 129, 130, 131, 132, 133, 134, 135, 136, 137, 138, 139, 140, 141, 142, 143, 144, 145, 146, 147, 148, 149, 150, 151, 152, 153, 154, 155, 156, 157, 158, 159, 160, 161, 162, 163, 164, 165, 166, 167, 168, 169, 170, 171, 172, 173, 174, 175, 176, 177, 178, 179, 180, 181, 182, 183, 184, 185, 186, 187, 188, 189, 190, 191, 192, 193, 194, 195, 196, 197, 198, 199, 200, 201, 202, 203, 204, 205, 206, 207, 208, 209, 210, 211, 212, 213, 214, 215, 216, 217, 218, 219, 220, 221, 222, 223, 224, 225, 226, 227, 228, 229, 230, 231, 232, 233, 234, 235, 236, 237, 238, 239, 240, 241, 242, 243, 244, 245, 246, 247, 248, 249, 250, 251, 252, 253, 254, 255, 256, 257, 258, 259, 260, 261, 262, 263, 264, 265, 266, 267, 268, 269, 270, 271, 272, 273, 274, 275, 276, 277, 278, 279, 280, 281, 282, 283, 284, 285, 286, 287, 288, 289, 290, 291, 292, 293, 294, 295, 296, 297, 298, 299, 300, 301, 302, 303, 304, 305, 306, 307, 308, 309, 310, 311, 312, 313, 314, 315, 316, 317, 318, 319, 320, 321, 322, 323, 324, 325, 326, 327, 328, 329, 330, 331, 332, 333, 334, 335, 336, 337, 574, 575, 576, 577, 578, 579, 580, 581, 582, 583, 584, 585, 586, 587, 588, 589, 590, 591, 592, 593, 594, 595, 596, 597, 598, 599, 600, 601, 602, 603, 604, 605, 606, 607, 608, 609, 610, 611, 612, 613, 614, 615, 616, 617, 618, 619, 620, 621, 622, 623, 624, 625, 626, 627, 628, 629, 630, 631, 632, 633, 634, 635, 636, 637, 638, 639, 640, 641, 642, 643, 644, 645, 646, 647, 648, 649, 650, 651, 652, 653, 654, 655, 656, 657, 658, 659, 660, 661, 662, 663, 664, 665, 666, 667, 668, 669, 670, 671, 672, 673, 674, 675, 676, 677, 678, 679, 680, 681, 682, 683, 684, 685, 686, 687, 688, 689, 690, 691, 692, 693, 694, 695, 696, 697, 698, 699, 700, 701, 702, 703, 704, 705, 706, 707, 708, 709, 710, 711, 712, 713, 714, 715, 716, 717, 718, 719, 720, 721, 722, 723, 724, 725, 726, 727, 728, 729, 730, 731, 732, 733, 734, 735, 736, 737, 738, 739, 740, 741, 742, 743, 744, 745, 746, 747, 748, 749, 750, 751, 752, 753, 754, 755, 756, 757, 758, 759, 760, 761, 762, 763, 764, 765, 766, 767, 768, 769, 770, 771, 772, 773, 774, 775, 776, 777, 778, 779, 780, 781, 782, 783, 784, 785, 786, 787, 788, 789, 790, 791, 792, 793]","[195, 333, 666]","[195, 333, 666]","[105, 114, 138, 141, 152, 153, 154, 155, 157, 159, 164, 165, 176, 182, 191, 192, 194, 195, 196, 200, 204, 208, 209, 210, 211, 215, 226, 228, 241, 242, 243, 245, 248, 249, 250, 257, 261, 270, 271, 282, 287, 289, 291, 294, 296, 298, 306, 308, 309, 311, 314, 327, 333, 335, 337, 576, 585, 609, 612, 623, 624, 626, 627, 629, 631, 636, 637, 647, 653, 662, 663, 665, 666, 667, 671, 674, 678, 679, 680, 681, 690, 692, 705, 706, 707, 709, 711, 712, 713, 719, 721, 729, 730, 741, 746, 748, 750, 753, 755, 757, 764, 766, 767, 769, 772, 785, 791]",[333],[],7/6 successful match,False,,False,361,False,,1.0,True,Westley Triangle ( Howard Truck Rd Stop ),
Westley ( 95387 ) Westley Triangle Truck Stop ),209-894-3000 I-5 Exit 441 ( NE to,M <U+25A1> <U+2610>,Westley,95387,Westley Triangle Truck Stop ),209-894-3000,2015,Westley,CA,,( NE to,I-5 Exit 441 ,Exit,441,False,,False,I-5,,,,,[],"[195, 333, 666]","[195, 333, 666]","[195, 333, 666]","[103, 104, 105, 106, 107, 108, 109, 110, 111, 112, 113, 114, 115, 116, 117, 118, 119, 120, 121, 122, 123, 124, 125, 126, 127, 128, 129, 130, 131, 132, 133, 134, 135, 136, 137, 138, 139, 140, 141, 142, 143, 144, 145, 146, 147, 148, 149, 150, 151, 152, 153, 154, 155, 156, 157, 158, 159, 160, 161, 162, 163, 164, 165, 166, 167, 168, 169, 170, 171, 172, 173, 174, 175, 176, 177, 178, 179, 180, 181, 182, 183, 184, 185, 186, 187, 188, 189, 190, 191, 192, 193, 194, 195, 196, 197, 198, 199, 200, 201, 202, 203, 204, 205, 206, 207, 208, 209, 210, 211, 212, 213, 214, 215, 216, 217, 218, 219, 220, 221, 222, 223, 224, 225, 226, 227, 228, 229, 230, 231, 232, 233, 234, 235, 236, 237, 238, 239, 240, 241, 242, 243, 244, 245, 246, 247, 248, 249, 250, 251, 252, 253, 254, 255, 256, 257, 258, 259, 260, 261, 262, 263, 264, 265, 266, 267, 268, 269, 270, 271, 272, 273, 274, 275, 276, 277, 278, 279, 280, 281, 282, 283, 284, 285, 286, 287, 288, 289, 290, 291, 292, 293, 294, 295, 296, 297, 298, 299, 300, 301, 302, 303, 304, 305, 306, 307, 308, 309, 310, 311, 312, 313, 314, 315, 316, 317, 318, 319, 320, 321, 322, 323, 324, 325, 326, 327, 328, 329, 330, 331, 332, 333, 334, 335, 336, 337, 574, 575, 576, 577, 578, 579, 580, 581, 582, 583, 584, 585, 586, 587, 588, 589, 590, 591, 592, 593, 594, 595, 596, 597, 598, 599, 600, 601, 602, 603, 604, 605, 606, 607, 608, 609, 610, 611, 612, 613, 614, 615, 616, 617, 618, 619, 620, 621, 622, 623, 624, 625, 626, 627, 628, 629, 630, 631, 632, 633, 634, 635, 636, 637, 638, 639, 640, 641, 642, 643, 644, 645, 646, 647, 648, 649, 650, 651, 652, 653, 654, 655, 656, 657, 658, 659, 660, 661, 662, 663, 664, 665, 666, 667, 668, 669, 670, 671, 672, 673, 674, 675, 676, 677, 678, 679, 680, 681, 682, 683, 684, 685, 686, 687, 688, 689, 690, 691, 692, 693, 694, 695, 696, 697, 698, 699, 700, 701, 702, 703, 704, 705, 706, 707, 708, 709, 710, 711, 712, 713, 714, 715, 716, 717, 718, 719, 720, 721, 722, 723, 724, 725, 726, 727, 728, 729, 730, 731, 732, 733, 734, 735, 736, 737, 738, 739, 740, 741, 742, 743, 744, 745, 746, 747, 748, 749, 750, 751, 752, 753, 754, 755, 756, 757, 758, 759, 760, 761, 762, 763, 764, 765, 766, 767, 768, 769, 770, 771, 772, 773, 774, 775, 776, 777, 778, 779, 780, 781, 782, 783, 784, 785, 786, 787, 788, 789, 790, 791, 792, 793]","[105, 114, 138, 141, 152, 153, 154, 155, 157, 159, 164, 165, 176, 182, 191, 192, 194, 195, 196, 200, 204, 208, 209, 210, 211, 215, 226, 228, 241, 242, 243, 245, 248, 249, 250, 257, 261, 270, 271, 282, 287, 289, 291, 294, 296, 298, 306, 308, 309, 311, 314, 327, 333, 335, 337, 576, 585, 609, 612, 623, 624, 626, 627, 629, 631, 636, 637, 647, 653, 662, 663, 665, 666, 667, 671, 674, 678, 679, 680, 681, 690, 692, 705, 706, 707, 709, 711, 712, 713, 719, 721, 729, 730, 741, 746, 748, 750, 753, 755, 757, 764, 766, 767, 769, 772, 785, 791]",[],[333],"[103, 104, 105, 106, 107, 108, 109, 110, 111, 112, 113, 114, 115, 116, 117, 118, 119, 120, 121, 122, 123, 124, 125, 126, 127, 128, 129, 130, 131, 132, 133, 134, 135, 136, 137, 138, 139, 140, 141, 142, 143, 144, 145, 146, 147, 148, 149, 150, 151, 152, 153, 154, 155, 156, 157, 158, 159, 160, 161, 162, 163, 164, 165, 166, 167, 168, 169, 170, 171, 172, 173, 174, 175, 176, 177, 178, 179, 180, 181, 182, 183, 184, 185, 186, 187, 188, 189, 190, 191, 192, 193, 194, 195, 196, 197, 198, 199, 200, 201, 202, 203, 204, 205, 206, 207, 208, 209, 210, 211, 212, 213, 214, 215, 216, 217, 218, 219, 220, 221, 222, 223, 224, 225, 226, 227, 228, 229, 230, 231, 232, 233, 234, 235, 236, 237, 238, 239, 240, 241, 242, 243, 244, 245, 246, 247, 248, 249, 250, 251, 252, 253, 254, 255, 256, 257, 258, 259, 260, 261, 262, 263, 264, 265, 266, 267, 268, 269, 270, 271, 272, 273, 274, 275, 276, 277, 278, 279, 280, 281, 282, 283, 284, 285, 286, 287, 288, 289, 290, 291, 292, 293, 294, 295, 296, 297, 298, 299, 300, 301, 302, 303, 304, 305, 306, 307, 308, 309, 310, 311, 312, 313, 314, 315, 316, 317, 318, 319, 320, 321, 322, 323, 324, 325, 326, 327, 328, 329, 330, 331, 332, 333, 334, 335, 336, 337, 574, 575, 576, 577, 578, 579, 580, 581, 582, 583, 584, 585, 586, 587, 588, 589, 590, 591, 592, 593, 594, 595, 596, 597, 598, 599, 600, 601, 602, 603, 604, 605, 606, 607, 608, 609, 610, 611, 612, 613, 614, 615, 616, 617, 618, 619, 620, 621, 622, 623, 624, 625, 626, 627, 628, 629, 630, 631, 632, 633, 634, 635, 636, 637, 638, 639, 640, 641, 642, 643, 644, 645, 646, 647, 648, 649, 650, 651, 652, 653, 654, 655, 656, 657, 658, 659, 660, 661, 662, 663, 664, 665, 666, 667, 668, 669, 670, 671, 672, 673, 674, 675, 676, 677, 678, 679, 680, 681, 682, 683, 684, 685, 686, 687, 688, 689, 690, 691, 692, 693, 694, 695, 696, 697, 698, 699, 700, 701, 702, 703, 704, 705, 706, 707, 708, 709, 710, 711, 712, 713, 714, 715, 716, 717, 718, 719, 720, 721, 722, 723, 724, 725, 726, 727, 728, 729, 730, 731, 732, 733, 734, 735, 736, 737, 738, 739, 740, 741, 742, 743, 744, 745, 746, 747, 748, 749, 750, 751, 752, 753, 754, 755, 756, 757, 758, 759, 760, 761, 762, 763, 764, 765, 766, 767, 768, 769, 770, 771, 772, 773, 774, 775, 776, 777, 778, 779, 780, 781, 782, 783, 784, 785, 786, 787, 788, 789, 790, 791, 792, 793]",False,"[195, 333, 666]","[103, 104, 105, 106, 107, 108, 109, 110, 111, 112, 113, 114, 115, 116, 117, 118, 119, 120, 121, 122, 123, 124, 125, 126, 127, 128, 129, 130, 131, 132, 133, 134, 135, 136, 137, 138, 139, 140, 141, 142, 143, 144, 145, 146, 147, 148, 149, 150, 151, 152, 153, 154, 155, 156, 157, 158, 159, 160, 161, 162, 163, 164, 165, 166, 167, 168, 169, 170, 171, 172, 173, 174, 175, 176, 177, 178, 179, 180, 181, 182, 183, 184, 185, 186, 187, 188, 189, 190, 191, 192, 193, 194, 195, 196, 197, 198, 199, 200, 201, 202, 203, 204, 205, 206, 207, 208, 209, 210, 211, 212, 213, 214, 215, 216, 217, 218, 219, 220, 221, 222, 223, 224, 225, 226, 227, 228, 229, 230, 231, 232, 233, 234, 235, 236, 237, 238, 239, 240, 241, 242, 243, 244, 245, 246, 247, 248, 249, 250, 251, 252, 253, 254, 255, 256, 257, 258, 259, 260, 261, 262, 263, 264, 265, 266, 267, 268, 269, 270, 271, 272, 273, 274, 275, 276, 277, 278, 279, 280, 281, 282, 283, 284, 285, 286, 287, 288, 289, 290, 291, 292, 293, 294, 295, 296, 297, 298, 299, 300, 301, 302, 303, 304, 305, 306, 307, 308, 309, 310, 311, 312, 313, 314, 315, 316, 317, 318, 319, 320, 321, 322, 323, 324, 325, 326, 327, 328, 329, 330, 331, 332, 333, 334, 335, 336, 337, 574, 575, 576, 577, 578, 579, 580, 581, 582, 583, 584, 585, 586, 587, 588, 589, 590, 591, 592, 593, 594, 595, 596, 597, 598, 599, 600, 601, 602, 603, 604, 605, 606, 607, 608, 609, 610, 611, 612, 613, 614, 615, 616, 617, 618, 619, 620, 621, 622, 623, 624, 625, 626, 627, 628, 629, 630, 631, 632, 633, 634, 635, 636, 637, 638, 639, 640, 641, 642, 643, 644, 645, 646, 647, 648, 649, 650, 651, 652, 653, 654, 655, 656, 657, 658, 659, 660, 661, 662, 663, 664, 665, 666, 667, 668, 669, 670, 671, 672, 673, 674, 675, 676, 677, 678, 679, 680, 681, 682, 683, 684, 685, 686, 687, 688, 689, 690, 691, 692, 693, 694, 695, 696, 697, 698, 699, 700, 701, 702, 703, 704, 705, 706, 707, 708, 709, 710, 711, 712, 713, 714, 715, 716, 717, 718, 719, 720, 721, 722, 723, 724, 725, 726, 727, 728, 729, 730, 731, 732, 733, 734, 735, 736, 737, 738, 739, 740, 741, 742, 743, 744, 745, 746, 747, 748, 749, 750, 751, 752, 753, 754, 755, 756, 757, 758, 759, 760, 761, 762, 763, 764, 765, 766, 767, 768, 769, 770, 771, 772, 773, 774, 775, 776, 777, 778, 779, 780, 781, 782, 783, 784, 785, 786, 787, 788, 789, 790, 791, 792, 793]","[195, 333, 666]","[195, 333, 666]","[105, 114, 138, 141, 152, 153, 154, 155, 157, 159, 164, 165, 176, 182, 191, 192, 194, 195, 196, 200, 204, 208, 209, 210, 211, 215, 226, 228, 241, 242, 243, 245, 248, 249, 250, 257, 261, 270, 271, 282, 287, 289, 291, 294, 296, 298, 306, 308, 309, 311, 314, 327, 333, 335, 337, 576, 585, 609, 612, 623, 624, 626, 627, 629, 631, 636, 637, 647, 653, 662, 663, 665, 666, 667, 671, 674, 678, 679, 680, 681, 690, 692, 705, 706, 707, 709, 711, 712, 713, 719, 721, 729, 730, 741, 746, 748, 750, 753, 755, 757, 764, 766, 767, 769, 772, 785, 791]",[333],[],7/6 successful match,False,,False,361,False,,1.0,True,Westley Triangle Truck Stop,
Westley ( 95387 ) Westley Triangle Truck Stop,209-894-3000 I-5 Exit 441 ( NE to McCracken ),24 M 0,Westley,95387,Westley Triangle Truck Stop,209-894-3000,2016,Westley,CA,,( NE to McCracken ),I-5 Exit 441 ,Exit,441,False,,False,I-5,,,,,[],"[195, 333, 666]","[195, 333, 666]","[195, 333, 666]","[103, 104, 105, 106, 107, 108, 109, 110, 111, 112, 113, 114, 115, 116, 117, 118, 119, 120, 121, 122, 123, 124, 125, 126, 127, 128, 129, 130, 131, 132, 133, 134, 135, 136, 137, 138, 139, 140, 141, 142, 143, 144, 145, 146, 147, 148, 149, 150, 151, 152, 153, 154, 155, 156, 157, 158, 159, 160, 161, 162, 163, 164, 165, 166, 167, 168, 169, 170, 171, 172, 173, 174, 175, 176, 177, 178, 179, 180, 181, 182, 183, 184, 185, 186, 187, 188, 189, 190, 191, 192, 193, 194, 195, 196, 197, 198, 199, 200, 201, 202, 203, 204, 205, 206, 207, 208, 209, 210, 211, 212, 213, 214, 215, 216, 217, 218, 219, 220, 221, 222, 223, 224, 225, 226, 227, 228, 229, 230, 231, 232, 233, 234, 235, 236, 237, 238, 239, 240, 241, 242, 243, 244, 245, 246, 247, 248, 249, 250, 251, 252, 253, 254, 255, 256, 257, 258, 259, 260, 261, 262, 263, 264, 265, 266, 267, 268, 269, 270, 271, 272, 273, 274, 275, 276, 277, 278, 279, 280, 281, 282, 283, 284, 285, 286, 287, 288, 289, 290, 291, 292, 293, 294, 295, 296, 297, 298, 299, 300, 301, 302, 303, 304, 305, 306, 307, 308, 309, 310, 311, 312, 313, 314, 315, 316, 317, 318, 319, 320, 321, 322, 323, 324, 325, 326, 327, 328, 329, 330, 331, 332, 333, 334, 335, 336, 337, 574, 575, 576, 577, 578, 579, 580, 581, 582, 583, 584, 585, 586, 587, 588, 589, 590, 591, 592, 593, 594, 595, 596, 597, 598, 599, 600, 601, 602, 603, 604, 605, 606, 607, 608, 609, 610, 611, 612, 613, 614, 615, 616, 617, 618, 619, 620, 621, 622, 623, 624, 625, 626, 627, 628, 629, 630, 631, 632, 633, 634, 635, 636, 637, 638, 639, 640, 641, 642, 643, 644, 645, 646, 647, 648, 649, 650, 651, 652, 653, 654, 655, 656, 657, 658, 659, 660, 661, 662, 663, 664, 665, 666, 667, 668, 669, 670, 671, 672, 673, 674, 675, 676, 677, 678, 679, 680, 681, 682, 683, 684, 685, 686, 687, 688, 689, 690, 691, 692, 693, 694, 695, 696, 697, 698, 699, 700, 701, 702, 703, 704, 705, 706, 707, 708, 709, 710, 711, 712, 713, 714, 715, 716, 717, 718, 719, 720, 721, 722, 723, 724, 725, 726, 727, 728, 729, 730, 731, 732, 733, 734, 735, 736, 737, 738, 739, 740, 741, 742, 743, 744, 745, 746, 747, 748, 749, 750, 751, 752, 753, 754, 755, 756, 757, 758, 759, 760, 761, 762, 763, 764, 765, 766, 767, 768, 769, 770, 771, 772, 773, 774, 775, 776, 777, 778, 779, 780, 781, 782, 783, 784, 785, 786, 787, 788, 789, 790, 791, 792, 793]","[105, 114, 138, 141, 152, 153, 154, 155, 157, 159, 164, 165, 176, 182, 191, 192, 194, 195, 196, 200, 204, 208, 209, 210, 211, 215, 226, 228, 241, 242, 243, 245, 248, 249, 250, 257, 261, 270, 271, 282, 287, 289, 291, 294, 296, 298, 306, 308, 309, 311, 314, 327, 333, 335, 337, 576, 585, 609, 612, 623, 624, 626, 627, 629, 631, 636, 637, 647, 653, 662, 663, 665, 666, 667, 671, 674, 678, 679, 680, 681, 690, 692, 705, 706, 707, 709, 711, 712, 713, 719, 721, 729, 730, 741, 746, 748, 750, 753, 755, 757, 764, 766, 767, 769, 772, 785, 791]",[],[333],"[103, 104, 105, 106, 107, 108, 109, 110, 111, 112, 113, 114, 115, 116, 117, 118, 119, 120, 121, 122, 123, 124, 125, 126, 127, 128, 129, 130, 131, 132, 133, 134, 135, 136, 137, 138, 139, 140, 141, 142, 143, 144, 145, 146, 147, 148, 149, 150, 151, 152, 153, 154, 155, 156, 157, 158, 159, 160, 161, 162, 163, 164, 165, 166, 167, 168, 169, 170, 171, 172, 173, 174, 175, 176, 177, 178, 179, 180, 181, 182, 183, 184, 185, 186, 187, 188, 189, 190, 191, 192, 193, 194, 195, 196, 197, 198, 199, 200, 201, 202, 203, 204, 205, 206, 207, 208, 209, 210, 211, 212, 213, 214, 215, 216, 217, 218, 219, 220, 221, 222, 223, 224, 225, 226, 227, 228, 229, 230, 231, 232, 233, 234, 235, 236, 237, 238, 239, 240, 241, 242, 243, 244, 245, 246, 247, 248, 249, 250, 251, 252, 253, 254, 255, 256, 257, 258, 259, 260, 261, 262, 263, 264, 265, 266, 267, 268, 269, 270, 271, 272, 273, 274, 275, 276, 277, 278, 279, 280, 281, 282, 283, 284, 285, 286, 287, 288, 289, 290, 291, 292, 293, 294, 295, 296, 297, 298, 299, 300, 301, 302, 303, 304, 305, 306, 307, 308, 309, 310, 311, 312, 313, 314, 315, 316, 317, 318, 319, 320, 321, 322, 323, 324, 325, 326, 327, 328, 329, 330, 331, 332, 333, 334, 335, 336, 337, 574, 575, 576, 577, 578, 579, 580, 581, 582, 583, 584, 585, 586, 587, 588, 589, 590, 591, 592, 593, 594, 595, 596, 597, 598, 599, 600, 601, 602, 603, 604, 605, 606, 607, 608, 609, 610, 611, 612, 613, 614, 615, 616, 617, 618, 619, 620, 621, 622, 623, 624, 625, 626, 627, 628, 629, 630, 631, 632, 633, 634, 635, 636, 637, 638, 639, 640, 641, 642, 643, 644, 645, 646, 647, 648, 649, 650, 651, 652, 653, 654, 655, 656, 657, 658, 659, 660, 661, 662, 663, 664, 665, 666, 667, 668, 669, 670, 671, 672, 673, 674, 675, 676, 677, 678, 679, 680, 681, 682, 683, 684, 685, 686, 687, 688, 689, 690, 691, 692, 693, 694, 695, 696, 697, 698, 699, 700, 701, 702, 703, 704, 705, 706, 707, 708, 709, 710, 711, 712, 713, 714, 715, 716, 717, 718, 719, 720, 721, 722, 723, 724, 725, 726, 727, 728, 729, 730, 731, 732, 733, 734, 735, 736, 737, 738, 739, 740, 741, 742, 743, 744, 745, 746, 747, 748, 749, 750, 751, 752, 753, 754, 755, 756, 757, 758, 759, 760, 761, 762, 763, 764, 765, 766, 767, 768, 769, 770, 771, 772, 773, 774, 775, 776, 777, 778, 779, 780, 781, 782, 783, 784, 785, 786, 787, 788, 789, 790, 791, 792, 793]",False,"[195, 333, 666]","[103, 104, 105, 106, 107, 108, 109, 110, 111, 112, 113, 114, 115, 116, 117, 118, 119, 120, 121, 122, 123, 124, 125, 126, 127, 128, 129, 130, 131, 132, 133, 134, 135, 136, 137, 138, 139, 140, 141, 142, 143, 144, 145, 146, 147, 148, 149, 150, 151, 152, 153, 154, 155, 156, 157, 158, 159, 160, 161, 162, 163, 164, 165, 166, 167, 168, 169, 170, 171, 172, 173, 174, 175, 176, 177, 178, 179, 180, 181, 182, 183, 184, 185, 186, 187, 188, 189, 190, 191, 192, 193, 194, 195, 196, 197, 198, 199, 200, 201, 202, 203, 204, 205, 206, 207, 208, 209, 210, 211, 212, 213, 214, 215, 216, 217, 218, 219, 220, 221, 222, 223, 224, 225, 226, 227, 228, 229, 230, 231, 232, 233, 234, 235, 236, 237, 238, 239, 240, 241, 242, 243, 244, 245, 246, 247, 248, 249, 250, 251, 252, 253, 254, 255, 256, 257, 258, 259, 260, 261, 262, 263, 264, 265, 266, 267, 268, 269, 270, 271, 272, 273, 274, 275, 276, 277, 278, 279, 280, 281, 282, 283, 284, 285, 286, 287, 288, 289, 290, 291, 292, 293, 294, 295, 296, 297, 298, 299, 300, 301, 302, 303, 304, 305, 306, 307, 308, 309, 310, 311, 312, 313, 314, 315, 316, 317, 318, 319, 320, 321, 322, 323, 324, 325, 326, 327, 328, 329, 330, 331, 332, 333, 334, 335, 336, 337, 574, 575, 576, 577, 578, 579, 580, 581, 582, 583, 584, 585, 586, 587, 588, 589, 590, 591, 592, 593, 594, 595, 596, 597, 598, 599, 600, 601, 602, 603, 604, 605, 606, 607, 608, 609, 610, 611, 612, 613, 614, 615, 616, 617, 618, 619, 620, 621, 622, 623, 624, 625, 626, 627, 628, 629, 630, 631, 632, 633, 634, 635, 636, 637, 638, 639, 640, 641, 642, 643, 644, 645, 646, 647, 648, 649, 650, 651, 652, 653, 654, 655, 656, 657, 658, 659, 660, 661, 662, 663, 664, 665, 666, 667, 668, 669, 670, 671, 672, 673, 674, 675, 676, 677, 678, 679, 680, 681, 682, 683, 684, 685, 686, 687, 688, 689, 690, 691, 692, 693, 694, 695, 696, 697, 698, 699, 700, 701, 702, 703, 704, 705, 706, 707, 708, 709, 710, 711, 712, 713, 714, 715, 716, 717, 718, 719, 720, 721, 722, 723, 724, 725, 726, 727, 728, 729, 730, 731, 732, 733, 734, 735, 736, 737, 738, 739, 740, 741, 742, 743, 744, 745, 746, 747, 748, 749, 750, 751, 752, 753, 754, 755, 756, 757, 758, 759, 760, 761, 762, 763, 764, 765, 766, 767, 768, 769, 770, 771, 772, 773, 774, 775, 776, 777, 778, 779, 780, 781, 782, 783, 784, 785, 786, 787, 788, 789, 790, 791, 792, 793]","[195, 333, 666]","[195, 333, 666]","[105, 114, 138, 141, 152, 153, 154, 155, 157, 159, 164, 165, 176, 182, 191, 192, 194, 195, 196, 200, 204, 208, 209, 210, 211, 215, 226, 228, 241, 242, 243, 245, 248, 249, 250, 257, 261, 270, 271, 282, 287, 289, 291, 294, 296, 298, 306, 308, 309, 311, 314, 327, 333, 335, 337, 576, 585, 609, 612, 623, 624, 626, 627, 629, 631, 636, 637, 647, 653, 662, 663, 665, 666, 667, 671, 674, 678, 679, 680, 681, 690, 692, 705, 706, 707, 709, 711, 712, 713, 719, 721, 729, 730, 741, 746, 748, 750, 753, 755, 757, 764, 766, 767, 769, 772, 785, 791]",[333],[],7/6 successful match,False,,False,361,False,,1.0,True,Westley Triangle Truck Stop ),
"Westley , 95387 Joe's Travel Plaza )",2 209-894-3040 I-5 Exit 441 ( Howard Rd ),24 HRS <U+2610>,Westley,95387,Joe's Travel Plaza ),209-894-3040,2006,Westley,CA,,( Howard Rd ),I-5 Exit 441 ,Exit,441,False,,False,I-5,,,,,"[666, 195]","[195, 333, 666]","[195, 333, 666]","[195, 333, 666]","[103, 104, 105, 106, 107, 108, 109, 110, 111, 112, 113, 114, 115, 116, 117, 118, 119, 120, 121, 122, 123, 124, 125, 126, 127, 128, 129, 130, 131, 132, 133, 134, 135, 136, 137, 138, 139, 140, 141, 142, 143, 144, 145, 146, 147, 148, 149, 150, 151, 152, 153, 154, 155, 156, 157, 158, 159, 160, 161, 162, 163, 164, 165, 166, 167, 168, 169, 170, 171, 172, 173, 174, 175, 176, 177, 178, 179, 180, 181, 182, 183, 184, 185, 186, 187, 188, 189, 190, 191, 192, 193, 194, 195, 196, 197, 198, 199, 200, 201, 202, 203, 204, 205, 206, 207, 208, 209, 210, 211, 212, 213, 214, 215, 216, 217, 218, 219, 220, 221, 222, 223, 224, 225, 226, 227, 228, 229, 230, 231, 232, 233, 234, 235, 236, 237, 238, 239, 240, 241, 242, 243, 244, 245, 246, 247, 248, 249, 250, 251, 252, 253, 254, 255, 256, 257, 258, 259, 260, 261, 262, 263, 264, 265, 266, 267, 268, 269, 270, 271, 272, 273, 274, 275, 276, 277, 278, 279, 280, 281, 282, 283, 284, 285, 286, 287, 288, 289, 290, 291, 292, 293, 294, 295, 296, 297, 298, 299, 300, 301, 302, 303, 304, 305, 306, 307, 308, 309, 310, 311, 312, 313, 314, 315, 316, 317, 318, 319, 320, 321, 322, 323, 324, 325, 326, 327, 328, 329, 330, 331, 332, 333, 334, 335, 336, 337, 574, 575, 576, 577, 578, 579, 580, 581, 582, 583, 584, 585, 586, 587, 588, 589, 590, 591, 592, 593, 594, 595, 596, 597, 598, 599, 600, 601, 602, 603, 604, 605, 606, 607, 608, 609, 610, 611, 612, 613, 614, 615, 616, 617, 618, 619, 620, 621, 622, 623, 624, 625, 626, 627, 628, 629, 630, 631, 632, 633, 634, 635, 636, 637, 638, 639, 640, 641, 642, 643, 644, 645, 646, 647, 648, 649, 650, 651, 652, 653, 654, 655, 656, 657, 658, 659, 660, 661, 662, 663, 664, 665, 666, 667, 668, 669, 670, 671, 672, 673, 674, 675, 676, 677, 678, 679, 680, 681, 682, 683, 684, 685, 686, 687, 688, 689, 690, 691, 692, 693, 694, 695, 696, 697, 698, 699, 700, 701, 702, 703, 704, 705, 706, 707, 708, 709, 710, 711, 712, 713, 714, 715, 716, 717, 718, 719, 720, 721, 722, 723, 724, 725, 726, 727, 728, 729, 730, 731, 732, 733, 734, 735, 736, 737, 738, 739, 740, 741, 742, 743, 744, 745, 746, 747, 748, 749, 750, 751, 752, 753, 754, 755, 756, 757, 758, 759, 760, 761, 762, 763, 764, 765, 766, 767, 768, 769, 770, 771, 772, 773, 774, 775, 776, 777, 778, 779, 780, 781, 782, 783, 784, 785, 786, 787, 788, 789, 790, 791, 792, 793]","[105, 114, 138, 141, 152, 153, 154, 155, 157, 159, 164, 165, 176, 182, 191, 192, 194, 195, 196, 200, 204, 208, 209, 210, 211, 215, 226, 228, 241, 242, 243, 245, 248, 249, 250, 257, 261, 270, 271, 282, 287, 289, 291, 294, 296, 298, 306, 308, 309, 311, 314, 327, 333, 335, 337, 576, 585, 609, 612, 623, 624, 626, 627, 629, 631, 636, 637, 647, 653, 662, 663, 665, 666, 667, 671, 674, 678, 679, 680, 681, 690, 692, 705, 706, 707, 709, 711, 712, 713, 719, 721, 729, 730, 741, 746, 748, 750, 753, 755, 757, 764, 766, 767, 769, 772, 785, 791]",[],"[194, 195, 665, 666]","[103, 104, 105, 106, 107, 108, 109, 110, 111, 112, 113, 114, 115, 116, 117, 118, 119, 120, 121, 122, 123, 124, 125, 126, 127, 128, 129, 130, 131, 132, 133, 134, 135, 136, 137, 138, 139, 140, 141, 142, 143, 144, 145, 146, 147, 148, 149, 150, 151, 152, 153, 154, 155, 156, 157, 158, 159, 160, 161, 162, 163, 164, 165, 166, 167, 168, 169, 170, 171, 172, 173, 174, 175, 176, 177, 178, 179, 180, 181, 182, 183, 184, 185, 186, 187, 188, 189, 190, 191, 192, 193, 194, 195, 196, 197, 198, 199, 200, 201, 202, 203, 204, 205, 206, 207, 208, 209, 210, 211, 212, 213, 214, 215, 216, 217, 218, 219, 220, 221, 222, 223, 224, 225, 226, 227, 228, 229, 230, 231, 232, 233, 234, 235, 236, 237, 238, 239, 240, 241, 242, 243, 244, 245, 246, 247, 248, 249, 250, 251, 252, 253, 254, 255, 256, 257, 258, 259, 260, 261, 262, 263, 264, 265, 266, 267, 268, 269, 270, 271, 272, 273, 274, 275, 276, 277, 278, 279, 280, 281, 282, 283, 284, 285, 286, 287, 288, 289, 290, 291, 292, 293, 294, 295, 296, 297, 298, 299, 300, 301, 302, 303, 304, 305, 306, 307, 308, 309, 310, 311, 312, 313, 314, 315, 316, 317, 318, 319, 320, 321, 322, 323, 324, 325, 326, 327, 328, 329, 330, 331, 332, 333, 334, 335, 336, 337, 574, 575, 576, 577, 578, 579, 580, 581, 582, 583, 584, 585, 586, 587, 588, 589, 590, 591, 592, 593, 594, 595, 596, 597, 598, 599, 600, 601, 602, 603, 604, 605, 606, 607, 608, 609, 610, 611, 612, 613, 614, 615, 616, 617, 618, 619, 620, 621, 622, 623, 624, 625, 626, 627, 628, 629, 630, 631, 632, 633, 634, 635, 636, 637, 638, 639, 640, 641, 642, 643, 644, 645, 646, 647, 648, 649, 650, 651, 652, 653, 654, 655, 656, 657, 658, 659, 660, 661, 662, 663, 664, 665, 666, 667, 668, 669, 670, 671, 672, 673, 674, 675, 676, 677, 678, 679, 680, 681, 682, 683, 684, 685, 686, 687, 688, 689, 690, 691, 692, 693, 694, 695, 696, 697, 698, 699, 700, 701, 702, 703, 704, 705, 706, 707, 708, 709, 710, 711, 712, 713, 714, 715, 716, 717, 718, 719, 720, 721, 722, 723, 724, 725, 726, 727, 728, 729, 730, 731, 732, 733, 734, 735, 736, 737, 738, 739, 740, 741, 742, 743, 744, 745, 746, 747, 748, 749, 750, 751, 752, 753, 754, 755, 756, 757, 758, 759, 760, 761, 762, 763, 764, 765, 766, 767, 768, 769, 770, 771, 772, 773, 774, 775, 776, 777, 778, 779, 780, 781, 782, 783, 784, 785, 786, 787, 788, 789, 790, 791, 792, 793]",True,"[195, 333, 666]","[103, 104, 105, 106, 107, 108, 109, 110, 111, 112, 113, 114, 115, 116, 117, 118, 119, 120, 121, 122, 123, 124, 125, 126, 127, 128, 129, 130, 131, 132, 133, 134, 135, 136, 137, 138, 139, 140, 141, 142, 143, 144, 145, 146, 147, 148, 149, 150, 151, 152, 153, 154, 155, 156, 157, 158, 159, 160, 161, 162, 163, 164, 165, 166, 167, 168, 169, 170, 171, 172, 173, 174, 175, 176, 177, 178, 179, 180, 181, 182, 183, 184, 185, 186, 187, 188, 189, 190, 191, 192, 193, 194, 195, 196, 197, 198, 199, 200, 201, 202, 203, 204, 205, 206, 207, 208, 209, 210, 211, 212, 213, 214, 215, 216, 217, 218, 219, 220, 221, 222, 223, 224, 225, 226, 227, 228, 229, 230, 231, 232, 233, 234, 235, 236, 237, 238, 239, 240, 241, 242, 243, 244, 245, 246, 247, 248, 249, 250, 251, 252, 253, 254, 255, 256, 257, 258, 259, 260, 261, 262, 263, 264, 265, 266, 267, 268, 269, 270, 271, 272, 273, 274, 275, 276, 277, 278, 279, 280, 281, 282, 283, 284, 285, 286, 287, 288, 289, 290, 291, 292, 293, 294, 295, 296, 297, 298, 299, 300, 301, 302, 303, 304, 305, 306, 307, 308, 309, 310, 311, 312, 313, 314, 315, 316, 317, 318, 319, 320, 321, 322, 323, 324, 325, 326, 327, 328, 329, 330, 331, 332, 333, 334, 335, 336, 337, 574, 575, 576, 577, 578, 579, 580, 581, 582, 583, 584, 585, 586, 587, 588, 589, 590, 591, 592, 593, 594, 595, 596, 597, 598, 599, 600, 601, 602, 603, 604, 605, 606, 607, 608, 609, 610, 611, 612, 613, 614, 615, 616, 617, 618, 619, 620, 621, 622, 623, 624, 625, 626, 627, 628, 629, 630, 631, 632, 633, 634, 635, 636, 637, 638, 639, 640, 641, 642, 643, 644, 645, 646, 647, 648, 649, 650, 651, 652, 653, 654, 655, 656, 657, 658, 659, 660, 661, 662, 663, 664, 665, 666, 667, 668, 669, 670, 671, 672, 673, 674, 675, 676, 677, 678, 679, 680, 681, 682, 683, 684, 685, 686, 687, 688, 689, 690, 691, 692, 693, 694, 695, 696, 697, 698, 699, 700, 701, 702, 703, 704, 705, 706, 707, 708, 709, 710, 711, 712, 713, 714, 715, 716, 717, 718, 719, 720, 721, 722, 723, 724, 725, 726, 727, 728, 729, 730, 731, 732, 733, 734, 735, 736, 737, 738, 739, 740, 741, 742, 743, 744, 745, 746, 747, 748, 749, 750, 751, 752, 753, 754, 755, 756, 757, 758, 759, 760, 761, 762, 763, 764, 765, 766, 767, 768, 769, 770, 771, 772, 773, 774, 775, 776, 777, 778, 779, 780, 781, 782, 783, 784, 785, 786, 787, 788, 789, 790, 791, 792, 793]","[195, 333, 666]","[195, 333, 666]","[105, 114, 138, 141, 152, 153, 154, 155, 157, 159, 164, 165, 176, 182, 191, 192, 194, 195, 196, 200, 204, 208, 209, 210, 211, 215, 226, 228, 241, 242, 243, 245, 248, 249, 250, 257, 261, 270, 271, 282, 287, 289, 291, 294, 296, 298, 306, 308, 309, 311, 314, 327, 333, 335, 337, 576, 585, 609, 612, 623, 624, 626, 627, 629, 631, 636, 637, 647, 653, 662, 663, 665, 666, 667, 671, 674, 678, 679, 680, 681, 690, 692, 705, 706, 707, 709, 711, 712, 713, 719, 721, 729, 730, 741, 746, 748, 750, 753, 755, 757, 764, 766, 767, 769, 772, 785, 791]","[194, 195, 665, 666]",[],7/6 successful match,True,[345],True,362,False,,,,,
"Westley , 95387 Joe's Travel Plaza",209-894-3040 I-5 Exit 441 ( Howard Rd ),24 HRS L,Westley,95387,Joe's Travel Plaza,209-894-3040,2007,Westley,CA,,( Howard Rd ),I-5 Exit 441 ,Exit,441,False,,False,I-5,,,,,"[666, 195]","[195, 333, 666]","[195, 333, 666]","[195, 333, 666]","[103, 104, 105, 106, 107, 108, 109, 110, 111, 112, 113, 114, 115, 116, 117, 118, 119, 120, 121, 122, 123, 124, 125, 126, 127, 128, 129, 130, 131, 132, 133, 134, 135, 136, 137, 138, 139, 140, 141, 142, 143, 144, 145, 146, 147, 148, 149, 150, 151, 152, 153, 154, 155, 156, 157, 158, 159, 160, 161, 162, 163, 164, 165, 166, 167, 168, 169, 170, 171, 172, 173, 174, 175, 176, 177, 178, 179, 180, 181, 182, 183, 184, 185, 186, 187, 188, 189, 190, 191, 192, 193, 194, 195, 196, 197, 198, 199, 200, 201, 202, 203, 204, 205, 206, 207, 208, 209, 210, 211, 212, 213, 214, 215, 216, 217, 218, 219, 220, 221, 222, 223, 224, 225, 226, 227, 228, 229, 230, 231, 232, 233, 234, 235, 236, 237, 238, 239, 240, 241, 242, 243, 244, 245, 246, 247, 248, 249, 250, 251, 252, 253, 254, 255, 256, 257, 258, 259, 260, 261, 262, 263, 264, 265, 266, 267, 268, 269, 270, 271, 272, 273, 274, 275, 276, 277, 278, 279, 280, 281, 282, 283, 284, 285, 286, 287, 288, 289, 290, 291, 292, 293, 294, 295, 296, 297, 298, 299, 300, 301, 302, 303, 304, 305, 306, 307, 308, 309, 310, 311, 312, 313, 314, 315, 316, 317, 318, 319, 320, 321, 322, 323, 324, 325, 326, 327, 328, 329, 330, 331, 332, 333, 334, 335, 336, 337, 574, 575, 576, 577, 578, 579, 580, 581, 582, 583, 584, 585, 586, 587, 588, 589, 590, 591, 592, 593, 594, 595, 596, 597, 598, 599, 600, 601, 602, 603, 604, 605, 606, 607, 608, 609, 610, 611, 612, 613, 614, 615, 616, 617, 618, 619, 620, 621, 622, 623, 624, 625, 626, 627, 628, 629, 630, 631, 632, 633, 634, 635, 636, 637, 638, 639, 640, 641, 642, 643, 644, 645, 646, 647, 648, 649, 650, 651, 652, 653, 654, 655, 656, 657, 658, 659, 660, 661, 662, 663, 664, 665, 666, 667, 668, 669, 670, 671, 672, 673, 674, 675, 676, 677, 678, 679, 680, 681, 682, 683, 684, 685, 686, 687, 688, 689, 690, 691, 692, 693, 694, 695, 696, 697, 698, 699, 700, 701, 702, 703, 704, 705, 706, 707, 708, 709, 710, 711, 712, 713, 714, 715, 716, 717, 718, 719, 720, 721, 722, 723, 724, 725, 726, 727, 728, 729, 730, 731, 732, 733, 734, 735, 736, 737, 738, 739, 740, 741, 742, 743, 744, 745, 746, 747, 748, 749, 750, 751, 752, 753, 754, 755, 756, 757, 758, 759, 760, 761, 762, 763, 764, 765, 766, 767, 768, 769, 770, 771, 772, 773, 774, 775, 776, 777, 778, 779, 780, 781, 782, 783, 784, 785, 786, 787, 788, 789, 790, 791, 792, 793]","[105, 114, 138, 141, 152, 153, 154, 155, 157, 159, 164, 165, 176, 182, 191, 192, 194, 195, 196, 200, 204, 208, 209, 210, 211, 215, 226, 228, 241, 242, 243, 245, 248, 249, 250, 257, 261, 270, 271, 282, 287, 289, 291, 294, 296, 298, 306, 308, 309, 311, 314, 327, 333, 335, 337, 576, 585, 609, 612, 623, 624, 626, 627, 629, 631, 636, 637, 647, 653, 662, 663, 665, 666, 667, 671, 674, 678, 679, 680, 681, 690, 692, 705, 706, 707, 709, 711, 712, 713, 719, 721, 729, 730, 741, 746, 748, 750, 753, 755, 757, 764, 766, 767, 769, 772, 785, 791]",[],"[194, 195, 665, 666]","[103, 104, 105, 106, 107, 108, 109, 110, 111, 112, 113, 114, 115, 116, 117, 118, 119, 120, 121, 122, 123, 124, 125, 126, 127, 128, 129, 130, 131, 132, 133, 134, 135, 136, 137, 138, 139, 140, 141, 142, 143, 144, 145, 146, 147, 148, 149, 150, 151, 152, 153, 154, 155, 156, 157, 158, 159, 160, 161, 162, 163, 164, 165, 166, 167, 168, 169, 170, 171, 172, 173, 174, 175, 176, 177, 178, 179, 180, 181, 182, 183, 184, 185, 186, 187, 188, 189, 190, 191, 192, 193, 194, 195, 196, 197, 198, 199, 200, 201, 202, 203, 204, 205, 206, 207, 208, 209, 210, 211, 212, 213, 214, 215, 216, 217, 218, 219, 220, 221, 222, 223, 224, 225, 226, 227, 228, 229, 230, 231, 232, 233, 234, 235, 236, 237, 238, 239, 240, 241, 242, 243, 244, 245, 246, 247, 248, 249, 250, 251, 252, 253, 254, 255, 256, 257, 258, 259, 260, 261, 262, 263, 264, 265, 266, 267, 268, 269, 270, 271, 272, 273, 274, 275, 276, 277, 278, 279, 280, 281, 282, 283, 284, 285, 286, 287, 288, 289, 290, 291, 292, 293, 294, 295, 296, 297, 298, 299, 300, 301, 302, 303, 304, 305, 306, 307, 308, 309, 310, 311, 312, 313, 314, 315, 316, 317, 318, 319, 320, 321, 322, 323, 324, 325, 326, 327, 328, 329, 330, 331, 332, 333, 334, 335, 336, 337, 574, 575, 576, 577, 578, 579, 580, 581, 582, 583, 584, 585, 586, 587, 588, 589, 590, 591, 592, 593, 594, 595, 596, 597, 598, 599, 600, 601, 602, 603, 604, 605, 606, 607, 608, 609, 610, 611, 612, 613, 614, 615, 616, 617, 618, 619, 620, 621, 622, 623, 624, 625, 626, 627, 628, 629, 630, 631, 632, 633, 634, 635, 636, 637, 638, 639, 640, 641, 642, 643, 644, 645, 646, 647, 648, 649, 650, 651, 652, 653, 654, 655, 656, 657, 658, 659, 660, 661, 662, 663, 664, 665, 666, 667, 668, 669, 670, 671, 672, 673, 674, 675, 676, 677, 678, 679, 680, 681, 682, 683, 684, 685, 686, 687, 688, 689, 690, 691, 692, 693, 694, 695, 696, 697, 698, 699, 700, 701, 702, 703, 704, 705, 706, 707, 708, 709, 710, 711, 712, 713, 714, 715, 716, 717, 718, 719, 720, 721, 722, 723, 724, 725, 726, 727, 728, 729, 730, 731, 732, 733, 734, 735, 736, 737, 738, 739, 740, 741, 742, 743, 744, 745, 746, 747, 748, 749, 750, 751, 752, 753, 754, 755, 756, 757, 758, 759, 760, 761, 762, 763, 764, 765, 766, 767, 768, 769, 770, 771, 772, 773, 774, 775, 776, 777, 778, 779, 780, 781, 782, 783, 784, 785, 786, 787, 788, 789, 790, 791, 792, 793]",True,"[195, 333, 666]","[103, 104, 105, 106, 107, 108, 109, 110, 111, 112, 113, 114, 115, 116, 117, 118, 119, 120, 121, 122, 123, 124, 125, 126, 127, 128, 129, 130, 131, 132, 133, 134, 135, 136, 137, 138, 139, 140, 141, 142, 143, 144, 145, 146, 147, 148, 149, 150, 151, 152, 153, 154, 155, 156, 157, 158, 159, 160, 161, 162, 163, 164, 165, 166, 167, 168, 169, 170, 171, 172, 173, 174, 175, 176, 177, 178, 179, 180, 181, 182, 183, 184, 185, 186, 187, 188, 189, 190, 191, 192, 193, 194, 195, 196, 197, 198, 199, 200, 201, 202, 203, 204, 205, 206, 207, 208, 209, 210, 211, 212, 213, 214, 215, 216, 217, 218, 219, 220, 221, 222, 223, 224, 225, 226, 227, 228, 229, 230, 231, 232, 233, 234, 235, 236, 237, 238, 239, 240, 241, 242, 243, 244, 245, 246, 247, 248, 249, 250, 251, 252, 253, 254, 255, 256, 257, 258, 259, 260, 261, 262, 263, 264, 265, 266, 267, 268, 269, 270, 271, 272, 273, 274, 275, 276, 277, 278, 279, 280, 281, 282, 283, 284, 285, 286, 287, 288, 289, 290, 291, 292, 293, 294, 295, 296, 297, 298, 299, 300, 301, 302, 303, 304, 305, 306, 307, 308, 309, 310, 311, 312, 313, 314, 315, 316, 317, 318, 319, 320, 321, 322, 323, 324, 325, 326, 327, 328, 329, 330, 331, 332, 333, 334, 335, 336, 337, 574, 575, 576, 577, 578, 579, 580, 581, 582, 583, 584, 585, 586, 587, 588, 589, 590, 591, 592, 593, 594, 595, 596, 597, 598, 599, 600, 601, 602, 603, 604, 605, 606, 607, 608, 609, 610, 611, 612, 613, 614, 615, 616, 617, 618, 619, 620, 621, 622, 623, 624, 625, 626, 627, 628, 629, 630, 631, 632, 633, 634, 635, 636, 637, 638, 639, 640, 641, 642, 643, 644, 645, 646, 647, 648, 649, 650, 651, 652, 653, 654, 655, 656, 657, 658, 659, 660, 661, 662, 663, 664, 665, 666, 667, 668, 669, 670, 671, 672, 673, 674, 675, 676, 677, 678, 679, 680, 681, 682, 683, 684, 685, 686, 687, 688, 689, 690, 691, 692, 693, 694, 695, 696, 697, 698, 699, 700, 701, 702, 703, 704, 705, 706, 707, 708, 709, 710, 711, 712, 713, 714, 715, 716, 717, 718, 719, 720, 721, 722, 723, 724, 725, 726, 727, 728, 729, 730, 731, 732, 733, 734, 735, 736, 737, 738, 739, 740, 741, 742, 743, 744, 745, 746, 747, 748, 749, 750, 751, 752, 753, 754, 755, 756, 757, 758, 759, 760, 761, 762, 763, 764, 765, 766, 767, 768, 769, 770, 771, 772, 773, 774, 775, 776, 777, 778, 779, 780, 781, 782, 783, 784, 785, 786, 787, 788, 789, 790, 791, 792, 793]","[195, 333, 666]","[195, 333, 666]","[105, 114, 138, 141, 152, 153, 154, 155, 157, 159, 164, 165, 176, 182, 191, 192, 194, 195, 196, 200, 204, 208, 209, 210, 211, 215, 226, 228, 241, 242, 243, 245, 248, 249, 250, 257, 261, 270, 271, 282, 287, 289, 291, 294, 296, 298, 306, 308, 309, 311, 314, 327, 333, 335, 337, 576, 585, 609, 612, 623, 624, 626, 627, 629, 631, 636, 637, 647, 653, 662, 663, 665, 666, 667, 671, 674, 678, 679, 680, 681, 690, 692, 705, 706, 707, 709, 711, 712, 713, 719, 721, 729, 730, 741, 746, 748, 750, 753, 755, 757, 764, 766, 767, 769, 772, 785, 791]","[194, 195, 665, 666]",[],7/6 successful match,True,[345],True,362,False,,0.8842105263157896,True,Joe's Travel Plaza ),
"Westley , 95387 Joe's Travel ( S Plaza Weed Blvd )",209-894-3040 I-5 Exit 441 ( 24,24 <U+25A1>,Westley,95387,Joe's Travel ( S Plaza Weed Blvd ),209-894-3040,2008,Westley,CA,,( 24,I-5 Exit 441 ,Exit,441,False,,False,I-5,,,,,"[666, 195]","[195, 333, 666]","[195, 333, 666]","[195, 333, 666]","[103, 104, 105, 106, 107, 108, 109, 110, 111, 112, 113, 114, 115, 116, 117, 118, 119, 120, 121, 122, 123, 124, 125, 126, 127, 128, 129, 130, 131, 132, 133, 134, 135, 136, 137, 138, 139, 140, 141, 142, 143, 144, 145, 146, 147, 148, 149, 150, 151, 152, 153, 154, 155, 156, 157, 158, 159, 160, 161, 162, 163, 164, 165, 166, 167, 168, 169, 170, 171, 172, 173, 174, 175, 176, 177, 178, 179, 180, 181, 182, 183, 184, 185, 186, 187, 188, 189, 190, 191, 192, 193, 194, 195, 196, 197, 198, 199, 200, 201, 202, 203, 204, 205, 206, 207, 208, 209, 210, 211, 212, 213, 214, 215, 216, 217, 218, 219, 220, 221, 222, 223, 224, 225, 226, 227, 228, 229, 230, 231, 232, 233, 234, 235, 236, 237, 238, 239, 240, 241, 242, 243, 244, 245, 246, 247, 248, 249, 250, 251, 252, 253, 254, 255, 256, 257, 258, 259, 260, 261, 262, 263, 264, 265, 266, 267, 268, 269, 270, 271, 272, 273, 274, 275, 276, 277, 278, 279, 280, 281, 282, 283, 284, 285, 286, 287, 288, 289, 290, 291, 292, 293, 294, 295, 296, 297, 298, 299, 300, 301, 302, 303, 304, 305, 306, 307, 308, 309, 310, 311, 312, 313, 314, 315, 316, 317, 318, 319, 320, 321, 322, 323, 324, 325, 326, 327, 328, 329, 330, 331, 332, 333, 334, 335, 336, 337, 574, 575, 576, 577, 578, 579, 580, 581, 582, 583, 584, 585, 586, 587, 588, 589, 590, 591, 592, 593, 594, 595, 596, 597, 598, 599, 600, 601, 602, 603, 604, 605, 606, 607, 608, 609, 610, 611, 612, 613, 614, 615, 616, 617, 618, 619, 620, 621, 622, 623, 624, 625, 626, 627, 628, 629, 630, 631, 632, 633, 634, 635, 636, 637, 638, 639, 640, 641, 642, 643, 644, 645, 646, 647, 648, 649, 650, 651, 652, 653, 654, 655, 656, 657, 658, 659, 660, 661, 662, 663, 664, 665, 666, 667, 668, 669, 670, 671, 672, 673, 674, 675, 676, 677, 678, 679, 680, 681, 682, 683, 684, 685, 686, 687, 688, 689, 690, 691, 692, 693, 694, 695, 696, 697, 698, 699, 700, 701, 702, 703, 704, 705, 706, 707, 708, 709, 710, 711, 712, 713, 714, 715, 716, 717, 718, 719, 720, 721, 722, 723, 724, 725, 726, 727, 728, 729, 730, 731, 732, 733, 734, 735, 736, 737, 738, 739, 740, 741, 742, 743, 744, 745, 746, 747, 748, 749, 750, 751, 752, 753, 754, 755, 756, 757, 758, 759, 760, 761, 762, 763, 764, 765, 766, 767, 768, 769, 770, 771, 772, 773, 774, 775, 776, 777, 778, 779, 780, 781, 782, 783, 784, 785, 786, 787, 788, 789, 790, 791, 792, 793]","[105, 114, 138, 141, 152, 153, 154, 155, 157, 159, 164, 165, 176, 182, 191, 192, 194, 195, 196, 200, 204, 208, 209, 210, 211, 215, 226, 228, 241, 242, 243, 245, 248, 249, 250, 257, 261, 270, 271, 282, 287, 289, 291, 294, 296, 298, 306, 308, 309, 311, 314, 327, 333, 335, 337, 576, 585, 609, 612, 623, 624, 626, 627, 629, 631, 636, 637, 647, 653, 662, 663, 665, 666, 667, 671, 674, 678, 679, 680, 681, 690, 692, 705, 706, 707, 709, 711, 712, 713, 719, 721, 729, 730, 741, 746, 748, 750, 753, 755, 757, 764, 766, 767, 769, 772, 785, 791]",[],"[194, 195, 665, 666]","[103, 104, 105, 106, 107, 108, 109, 110, 111, 112, 113, 114, 115, 116, 117, 118, 119, 120, 121, 122, 123, 124, 125, 126, 127, 128, 129, 130, 131, 132, 133, 134, 135, 136, 137, 138, 139, 140, 141, 142, 143, 144, 145, 146, 147, 148, 149, 150, 151, 152, 153, 154, 155, 156, 157, 158, 159, 160, 161, 162, 163, 164, 165, 166, 167, 168, 169, 170, 171, 172, 173, 174, 175, 176, 177, 178, 179, 180, 181, 182, 183, 184, 185, 186, 187, 188, 189, 190, 191, 192, 193, 194, 195, 196, 197, 198, 199, 200, 201, 202, 203, 204, 205, 206, 207, 208, 209, 210, 211, 212, 213, 214, 215, 216, 217, 218, 219, 220, 221, 222, 223, 224, 225, 226, 227, 228, 229, 230, 231, 232, 233, 234, 235, 236, 237, 238, 239, 240, 241, 242, 243, 244, 245, 246, 247, 248, 249, 250, 251, 252, 253, 254, 255, 256, 257, 258, 259, 260, 261, 262, 263, 264, 265, 266, 267, 268, 269, 270, 271, 272, 273, 274, 275, 276, 277, 278, 279, 280, 281, 282, 283, 284, 285, 286, 287, 288, 289, 290, 291, 292, 293, 294, 295, 296, 297, 298, 299, 300, 301, 302, 303, 304, 305, 306, 307, 308, 309, 310, 311, 312, 313, 314, 315, 316, 317, 318, 319, 320, 321, 322, 323, 324, 325, 326, 327, 328, 329, 330, 331, 332, 333, 334, 335, 336, 337, 574, 575, 576, 577, 578, 579, 580, 581, 582, 583, 584, 585, 586, 587, 588, 589, 590, 591, 592, 593, 594, 595, 596, 597, 598, 599, 600, 601, 602, 603, 604, 605, 606, 607, 608, 609, 610, 611, 612, 613, 614, 615, 616, 617, 618, 619, 620, 621, 622, 623, 624, 625, 626, 627, 628, 629, 630, 631, 632, 633, 634, 635, 636, 637, 638, 639, 640, 641, 642, 643, 644, 645, 646, 647, 648, 649, 650, 651, 652, 653, 654, 655, 656, 657, 658, 659, 660, 661, 662, 663, 664, 665, 666, 667, 668, 669, 670, 671, 672, 673, 674, 675, 676, 677, 678, 679, 680, 681, 682, 683, 684, 685, 686, 687, 688, 689, 690, 691, 692, 693, 694, 695, 696, 697, 698, 699, 700, 701, 702, 703, 704, 705, 706, 707, 708, 709, 710, 711, 712, 713, 714, 715, 716, 717, 718, 719, 720, 721, 722, 723, 724, 725, 726, 727, 728, 729, 730, 731, 732, 733, 734, 735, 736, 737, 738, 739, 740, 741, 742, 743, 744, 745, 746, 747, 748, 749, 750, 751, 752, 753, 754, 755, 756, 757, 758, 759, 760, 761, 762, 763, 764, 765, 766, 767, 768, 769, 770, 771, 772, 773, 774, 775, 776, 777, 778, 779, 780, 781, 782, 783, 784, 785, 786, 787, 788, 789, 790, 791, 792, 793]",True,"[195, 333, 666]","[103, 104, 105, 106, 107, 108, 109, 110, 111, 112, 113, 114, 115, 116, 117, 118, 119, 120, 121, 122, 123, 124, 125, 126, 127, 128, 129, 130, 131, 132, 133, 134, 135, 136, 137, 138, 139, 140, 141, 142, 143, 144, 145, 146, 147, 148, 149, 150, 151, 152, 153, 154, 155, 156, 157, 158, 159, 160, 161, 162, 163, 164, 165, 166, 167, 168, 169, 170, 171, 172, 173, 174, 175, 176, 177, 178, 179, 180, 181, 182, 183, 184, 185, 186, 187, 188, 189, 190, 191, 192, 193, 194, 195, 196, 197, 198, 199, 200, 201, 202, 203, 204, 205, 206, 207, 208, 209, 210, 211, 212, 213, 214, 215, 216, 217, 218, 219, 220, 221, 222, 223, 224, 225, 226, 227, 228, 229, 230, 231, 232, 233, 234, 235, 236, 237, 238, 239, 240, 241, 242, 243, 244, 245, 246, 247, 248, 249, 250, 251, 252, 253, 254, 255, 256, 257, 258, 259, 260, 261, 262, 263, 264, 265, 266, 267, 268, 269, 270, 271, 272, 273, 274, 275, 276, 277, 278, 279, 280, 281, 282, 283, 284, 285, 286, 287, 288, 289, 290, 291, 292, 293, 294, 295, 296, 297, 298, 299, 300, 301, 302, 303, 304, 305, 306, 307, 308, 309, 310, 311, 312, 313, 314, 315, 316, 317, 318, 319, 320, 321, 322, 323, 324, 325, 326, 327, 328, 329, 330, 331, 332, 333, 334, 335, 336, 337, 574, 575, 576, 577, 578, 579, 580, 581, 582, 583, 584, 585, 586, 587, 588, 589, 590, 591, 592, 593, 594, 595, 596, 597, 598, 599, 600, 601, 602, 603, 604, 605, 606, 607, 608, 609, 610, 611, 612, 613, 614, 615, 616, 617, 618, 619, 620, 621, 622, 623, 624, 625, 626, 627, 628, 629, 630, 631, 632, 633, 634, 635, 636, 637, 638, 639, 640, 641, 642, 643, 644, 645, 646, 647, 648, 649, 650, 651, 652, 653, 654, 655, 656, 657, 658, 659, 660, 661, 662, 663, 664, 665, 666, 667, 668, 669, 670, 671, 672, 673, 674, 675, 676, 677, 678, 679, 680, 681, 682, 683, 684, 685, 686, 687, 688, 689, 690, 691, 692, 693, 694, 695, 696, 697, 698, 699, 700, 701, 702, 703, 704, 705, 706, 707, 708, 709, 710, 711, 712, 713, 714, 715, 716, 717, 718, 719, 720, 721, 722, 723, 724, 725, 726, 727, 728, 729, 730, 731, 732, 733, 734, 735, 736, 737, 738, 739, 740, 741, 742, 743, 744, 745, 746, 747, 748, 749, 750, 751, 752, 753, 754, 755, 756, 757, 758, 759, 760, 761, 762, 763, 764, 765, 766, 767, 768, 769, 770, 771, 772, 773, 774, 775, 776, 777, 778, 779, 780, 781, 782, 783, 784, 785, 786, 787, 788, 789, 790, 791, 792, 793]","[195, 333, 666]","[195, 333, 666]","[105, 114, 138, 141, 152, 153, 154, 155, 157, 159, 164, 165, 176, 182, 191, 192, 194, 195, 196, 200, 204, 208, 209, 210, 211, 215, 226, 228, 241, 242, 243, 245, 248, 249, 250, 257, 261, 270, 271, 282, 287, 289, 291, 294, 296, 298, 306, 308, 309, 311, 314, 327, 333, 335, 337, 576, 585, 609, 612, 623, 624, 626, 627, 629, 631, 636, 637, 647, 653, 662, 663, 665, 666, 667, 671, 674, 678, 679, 680, 681, 690, 692, 705, 706, 707, 709, 711, 712, 713, 719, 721, 729, 730, 741, 746, 748, 750, 753, 755, 757, 764, 766, 767, 769, 772, 785, 791]","[194, 195, 665, 666]",[],7/6 successful match,True,[345],True,362,False,,0.6076923076923078,True,Joe's Travel Plaza,
Westley ( 95387 ) Joe's Travel Plaza # 2,209-894-3040 I-5 Exit 441 ( Howard Rd ),24,Westley,95387,Joe's Travel Plaza # 2,209-894-3040,2014,Westley,CA,,( Howard Rd ),I-5 Exit 441 ,Exit,441,False,,False,I-5,,,,,"[666, 195]","[195, 333, 666]","[195, 333, 666]","[195, 333, 666]","[103, 104, 105, 106, 107, 108, 109, 110, 111, 112, 113, 114, 115, 116, 117, 118, 119, 120, 121, 122, 123, 124, 125, 126, 127, 128, 129, 130, 131, 132, 133, 134, 135, 136, 137, 138, 139, 140, 141, 142, 143, 144, 145, 146, 147, 148, 149, 150, 151, 152, 153, 154, 155, 156, 157, 158, 159, 160, 161, 162, 163, 164, 165, 166, 167, 168, 169, 170, 171, 172, 173, 174, 175, 176, 177, 178, 179, 180, 181, 182, 183, 184, 185, 186, 187, 188, 189, 190, 191, 192, 193, 194, 195, 196, 197, 198, 199, 200, 201, 202, 203, 204, 205, 206, 207, 208, 209, 210, 211, 212, 213, 214, 215, 216, 217, 218, 219, 220, 221, 222, 223, 224, 225, 226, 227, 228, 229, 230, 231, 232, 233, 234, 235, 236, 237, 238, 239, 240, 241, 242, 243, 244, 245, 246, 247, 248, 249, 250, 251, 252, 253, 254, 255, 256, 257, 258, 259, 260, 261, 262, 263, 264, 265, 266, 267, 268, 269, 270, 271, 272, 273, 274, 275, 276, 277, 278, 279, 280, 281, 282, 283, 284, 285, 286, 287, 288, 289, 290, 291, 292, 293, 294, 295, 296, 297, 298, 299, 300, 301, 302, 303, 304, 305, 306, 307, 308, 309, 310, 311, 312, 313, 314, 315, 316, 317, 318, 319, 320, 321, 322, 323, 324, 325, 326, 327, 328, 329, 330, 331, 332, 333, 334, 335, 336, 337, 574, 575, 576, 577, 578, 579, 580, 581, 582, 583, 584, 585, 586, 587, 588, 589, 590, 591, 592, 593, 594, 595, 596, 597, 598, 599, 600, 601, 602, 603, 604, 605, 606, 607, 608, 609, 610, 611, 612, 613, 614, 615, 616, 617, 618, 619, 620, 621, 622, 623, 624, 625, 626, 627, 628, 629, 630, 631, 632, 633, 634, 635, 636, 637, 638, 639, 640, 641, 642, 643, 644, 645, 646, 647, 648, 649, 650, 651, 652, 653, 654, 655, 656, 657, 658, 659, 660, 661, 662, 663, 664, 665, 666, 667, 668, 669, 670, 671, 672, 673, 674, 675, 676, 677, 678, 679, 680, 681, 682, 683, 684, 685, 686, 687, 688, 689, 690, 691, 692, 693, 694, 695, 696, 697, 698, 699, 700, 701, 702, 703, 704, 705, 706, 707, 708, 709, 710, 711, 712, 713, 714, 715, 716, 717, 718, 719, 720, 721, 722, 723, 724, 725, 726, 727, 728, 729, 730, 731, 732, 733, 734, 735, 736, 737, 738, 739, 740, 741, 742, 743, 744, 745, 746, 747, 748, 749, 750, 751, 752, 753, 754, 755, 756, 757, 758, 759, 760, 761, 762, 763, 764, 765, 766, 767, 768, 769, 770, 771, 772, 773, 774, 775, 776, 777, 778, 779, 780, 781, 782, 783, 784, 785, 786, 787, 788, 789, 790, 791, 792, 793]","[105, 114, 138, 141, 152, 153, 154, 155, 157, 159, 164, 165, 176, 182, 191, 192, 194, 195, 196, 200, 204, 208, 209, 210, 211, 215, 226, 228, 241, 242, 243, 245, 248, 249, 250, 257, 261, 270, 271, 282, 287, 289, 291, 294, 296, 298, 306, 308, 309, 311, 314, 327, 333, 335, 337, 576, 585, 609, 612, 623, 624, 626, 627, 629, 631, 636, 637, 647, 653, 662, 663, 665, 666, 667, 671, 674, 678, 679, 680, 681, 690, 692, 705, 706, 707, 709, 711, 712, 713, 719, 721, 729, 730, 741, 746, 748, 750, 753, 755, 757, 764, 766, 767, 769, 772, 785, 791]",[],"[194, 195, 665, 666]","[103, 104, 105, 106, 107, 108, 109, 110, 111, 112, 113, 114, 115, 116, 117, 118, 119, 120, 121, 122, 123, 124, 125, 126, 127, 128, 129, 130, 131, 132, 133, 134, 135, 136, 137, 138, 139, 140, 141, 142, 143, 144, 145, 146, 147, 148, 149, 150, 151, 152, 153, 154, 155, 156, 157, 158, 159, 160, 161, 162, 163, 164, 165, 166, 167, 168, 169, 170, 171, 172, 173, 174, 175, 176, 177, 178, 179, 180, 181, 182, 183, 184, 185, 186, 187, 188, 189, 190, 191, 192, 193, 194, 195, 196, 197, 198, 199, 200, 201, 202, 203, 204, 205, 206, 207, 208, 209, 210, 211, 212, 213, 214, 215, 216, 217, 218, 219, 220, 221, 222, 223, 224, 225, 226, 227, 228, 229, 230, 231, 232, 233, 234, 235, 236, 237, 238, 239, 240, 241, 242, 243, 244, 245, 246, 247, 248, 249, 250, 251, 252, 253, 254, 255, 256, 257, 258, 259, 260, 261, 262, 263, 264, 265, 266, 267, 268, 269, 270, 271, 272, 273, 274, 275, 276, 277, 278, 279, 280, 281, 282, 283, 284, 285, 286, 287, 288, 289, 290, 291, 292, 293, 294, 295, 296, 297, 298, 299, 300, 301, 302, 303, 304, 305, 306, 307, 308, 309, 310, 311, 312, 313, 314, 315, 316, 317, 318, 319, 320, 321, 322, 323, 324, 325, 326, 327, 328, 329, 330, 331, 332, 333, 334, 335, 336, 337, 574, 575, 576, 577, 578, 579, 580, 581, 582, 583, 584, 585, 586, 587, 588, 589, 590, 591, 592, 593, 594, 595, 596, 597, 598, 599, 600, 601, 602, 603, 604, 605, 606, 607, 608, 609, 610, 611, 612, 613, 614, 615, 616, 617, 618, 619, 620, 621, 622, 623, 624, 625, 626, 627, 628, 629, 630, 631, 632, 633, 634, 635, 636, 637, 638, 639, 640, 641, 642, 643, 644, 645, 646, 647, 648, 649, 650, 651, 652, 653, 654, 655, 656, 657, 658, 659, 660, 661, 662, 663, 664, 665, 666, 667, 668, 669, 670, 671, 672, 673, 674, 675, 676, 677, 678, 679, 680, 681, 682, 683, 684, 685, 686, 687, 688, 689, 690, 691, 692, 693, 694, 695, 696, 697, 698, 699, 700, 701, 702, 703, 704, 705, 706, 707, 708, 709, 710, 711, 712, 713, 714, 715, 716, 717, 718, 719, 720, 721, 722, 723, 724, 725, 726, 727, 728, 729, 730, 731, 732, 733, 734, 735, 736, 737, 738, 739, 740, 741, 742, 743, 744, 745, 746, 747, 748, 749, 750, 751, 752, 753, 754, 755, 756, 757, 758, 759, 760, 761, 762, 763, 764, 765, 766, 767, 768, 769, 770, 771, 772, 773, 774, 775, 776, 777, 778, 779, 780, 781, 782, 783, 784, 785, 786, 787, 788, 789, 790, 791, 792, 793]",True,"[195, 333, 666]","[103, 104, 105, 106, 107, 108, 109, 110, 111, 112, 113, 114, 115, 116, 117, 118, 119, 120, 121, 122, 123, 124, 125, 126, 127, 128, 129, 130, 131, 132, 133, 134, 135, 136, 137, 138, 139, 140, 141, 142, 143, 144, 145, 146, 147, 148, 149, 150, 151, 152, 153, 154, 155, 156, 157, 158, 159, 160, 161, 162, 163, 164, 165, 166, 167, 168, 169, 170, 171, 172, 173, 174, 175, 176, 177, 178, 179, 180, 181, 182, 183, 184, 185, 186, 187, 188, 189, 190, 191, 192, 193, 194, 195, 196, 197, 198, 199, 200, 201, 202, 203, 204, 205, 206, 207, 208, 209, 210, 211, 212, 213, 214, 215, 216, 217, 218, 219, 220, 221, 222, 223, 224, 225, 226, 227, 228, 229, 230, 231, 232, 233, 234, 235, 236, 237, 238, 239, 240, 241, 242, 243, 244, 245, 246, 247, 248, 249, 250, 251, 252, 253, 254, 255, 256, 257, 258, 259, 260, 261, 262, 263, 264, 265, 266, 267, 268, 269, 270, 271, 272, 273, 274, 275, 276, 277, 278, 279, 280, 281, 282, 283, 284, 285, 286, 287, 288, 289, 290, 291, 292, 293, 294, 295, 296, 297, 298, 299, 300, 301, 302, 303, 304, 305, 306, 307, 308, 309, 310, 311, 312, 313, 314, 315, 316, 317, 318, 319, 320, 321, 322, 323, 324, 325, 326, 327, 328, 329, 330, 331, 332, 333, 334, 335, 336, 337, 574, 575, 576, 577, 578, 579, 580, 581, 582, 583, 584, 585, 586, 587, 588, 589, 590, 591, 592, 593, 594, 595, 596, 597, 598, 599, 600, 601, 602, 603, 604, 605, 606, 607, 608, 609, 610, 611, 612, 613, 614, 615, 616, 617, 618, 619, 620, 621, 622, 623, 624, 625, 626, 627, 628, 629, 630, 631, 632, 633, 634, 635, 636, 637, 638, 639, 640, 641, 642, 643, 644, 645, 646, 647, 648, 649, 650, 651, 652, 653, 654, 655, 656, 657, 658, 659, 660, 661, 662, 663, 664, 665, 666, 667, 668, 669, 670, 671, 672, 673, 674, 675, 676, 677, 678, 679, 680, 681, 682, 683, 684, 685, 686, 687, 688, 689, 690, 691, 692, 693, 694, 695, 696, 697, 698, 699, 700, 701, 702, 703, 704, 705, 706, 707, 708, 709, 710, 711, 712, 713, 714, 715, 716, 717, 718, 719, 720, 721, 722, 723, 724, 725, 726, 727, 728, 729, 730, 731, 732, 733, 734, 735, 736, 737, 738, 739, 740, 741, 742, 743, 744, 745, 746, 747, 748, 749, 750, 751, 752, 753, 754, 755, 756, 757, 758, 759, 760, 761, 762, 763, 764, 765, 766, 767, 768, 769, 770, 771, 772, 773, 774, 775, 776, 777, 778, 779, 780, 781, 782, 783, 784, 785, 786, 787, 788, 789, 790, 791, 792, 793]","[195, 333, 666]","[195, 333, 666]","[105, 114, 138, 141, 152, 153, 154, 155, 157, 159, 164, 165, 176, 182, 191, 192, 194, 195, 196, 200, 204, 208, 209, 210, 211, 215, 226, 228, 241, 242, 243, 245, 248, 249, 250, 257, 261, 270, 271, 282, 287, 289, 291, 294, 296, 298, 306, 308, 309, 311, 314, 327, 333, 335, 337, 576, 585, 609, 612, 623, 624, 626, 627, 629, 631, 636, 637, 647, 653, 662, 663, 665, 666, 667, 671, 674, 678, 679, 680, 681, 690, 692, 705, 706, 707, 709, 711, 712, 713, 719, 721, 729, 730, 741, 746, 748, 750, 753, 755, 757, 764, 766, 767, 769, 772, 785, 791]","[194, 195, 665, 666]",[],7/6 successful match,True,[345],True,362,False,,0.6142857142857143,True,Joe's Travel ( S Plaza Weed Blvd ),
E Westley ( 95387 ) Joe's Travel Plaza # 2 ),209-894-3040 I-5 Exit 441 ( Howard ),24 <U+25A1> LO 24,Westley,95387,Joe's Travel Plaza # 2 ),209-894-3040,2015,Westley,CA,,( Howard ),I-5 Exit 441 ,Exit,441,False,,False,I-5,,,,,"[666, 195]","[195, 333, 666]","[195, 333, 666]","[195, 333, 666]","[103, 104, 105, 106, 107, 108, 109, 110, 111, 112, 113, 114, 115, 116, 117, 118, 119, 120, 121, 122, 123, 124, 125, 126, 127, 128, 129, 130, 131, 132, 133, 134, 135, 136, 137, 138, 139, 140, 141, 142, 143, 144, 145, 146, 147, 148, 149, 150, 151, 152, 153, 154, 155, 156, 157, 158, 159, 160, 161, 162, 163, 164, 165, 166, 167, 168, 169, 170, 171, 172, 173, 174, 175, 176, 177, 178, 179, 180, 181, 182, 183, 184, 185, 186, 187, 188, 189, 190, 191, 192, 193, 194, 195, 196, 197, 198, 199, 200, 201, 202, 203, 204, 205, 206, 207, 208, 209, 210, 211, 212, 213, 214, 215, 216, 217, 218, 219, 220, 221, 222, 223, 224, 225, 226, 227, 228, 229, 230, 231, 232, 233, 234, 235, 236, 237, 238, 239, 240, 241, 242, 243, 244, 245, 246, 247, 248, 249, 250, 251, 252, 253, 254, 255, 256, 257, 258, 259, 260, 261, 262, 263, 264, 265, 266, 267, 268, 269, 270, 271, 272, 273, 274, 275, 276, 277, 278, 279, 280, 281, 282, 283, 284, 285, 286, 287, 288, 289, 290, 291, 292, 293, 294, 295, 296, 297, 298, 299, 300, 301, 302, 303, 304, 305, 306, 307, 308, 309, 310, 311, 312, 313, 314, 315, 316, 317, 318, 319, 320, 321, 322, 323, 324, 325, 326, 327, 328, 329, 330, 331, 332, 333, 334, 335, 336, 337, 574, 575, 576, 577, 578, 579, 580, 581, 582, 583, 584, 585, 586, 587, 588, 589, 590, 591, 592, 593, 594, 595, 596, 597, 598, 599, 600, 601, 602, 603, 604, 605, 606, 607, 608, 609, 610, 611, 612, 613, 614, 615, 616, 617, 618, 619, 620, 621, 622, 623, 624, 625, 626, 627, 628, 629, 630, 631, 632, 633, 634, 635, 636, 637, 638, 639, 640, 641, 642, 643, 644, 645, 646, 647, 648, 649, 650, 651, 652, 653, 654, 655, 656, 657, 658, 659, 660, 661, 662, 663, 664, 665, 666, 667, 668, 669, 670, 671, 672, 673, 674, 675, 676, 677, 678, 679, 680, 681, 682, 683, 684, 685, 686, 687, 688, 689, 690, 691, 692, 693, 694, 695, 696, 697, 698, 699, 700, 701, 702, 703, 704, 705, 706, 707, 708, 709, 710, 711, 712, 713, 714, 715, 716, 717, 718, 719, 720, 721, 722, 723, 724, 725, 726, 727, 728, 729, 730, 731, 732, 733, 734, 735, 736, 737, 738, 739, 740, 741, 742, 743, 744, 745, 746, 747, 748, 749, 750, 751, 752, 753, 754, 755, 756, 757, 758, 759, 760, 761, 762, 763, 764, 765, 766, 767, 768, 769, 770, 771, 772, 773, 774, 775, 776, 777, 778, 779, 780, 781, 782, 783, 784, 785, 786, 787, 788, 789, 790, 791, 792, 793]","[105, 114, 138, 141, 152, 153, 154, 155, 157, 159, 164, 165, 176, 182, 191, 192, 194, 195, 196, 200, 204, 208, 209, 210, 211, 215, 226, 228, 241, 242, 243, 245, 248, 249, 250, 257, 261, 270, 271, 282, 287, 289, 291, 294, 296, 298, 306, 308, 309, 311, 314, 327, 333, 335, 337, 576, 585, 609, 612, 623, 624, 626, 627, 629, 631, 636, 637, 647, 653, 662, 663, 665, 666, 667, 671, 674, 678, 679, 680, 681, 690, 692, 705, 706, 707, 709, 711, 712, 713, 719, 721, 729, 730, 741, 746, 748, 750, 753, 755, 757, 764, 766, 767, 769, 772, 785, 791]",[],"[194, 195, 665, 666]","[103, 104, 105, 106, 107, 108, 109, 110, 111, 112, 113, 114, 115, 116, 117, 118, 119, 120, 121, 122, 123, 124, 125, 126, 127, 128, 129, 130, 131, 132, 133, 134, 135, 136, 137, 138, 139, 140, 141, 142, 143, 144, 145, 146, 147, 148, 149, 150, 151, 152, 153, 154, 155, 156, 157, 158, 159, 160, 161, 162, 163, 164, 165, 166, 167, 168, 169, 170, 171, 172, 173, 174, 175, 176, 177, 178, 179, 180, 181, 182, 183, 184, 185, 186, 187, 188, 189, 190, 191, 192, 193, 194, 195, 196, 197, 198, 199, 200, 201, 202, 203, 204, 205, 206, 207, 208, 209, 210, 211, 212, 213, 214, 215, 216, 217, 218, 219, 220, 221, 222, 223, 224, 225, 226, 227, 228, 229, 230, 231, 232, 233, 234, 235, 236, 237, 238, 239, 240, 241, 242, 243, 244, 245, 246, 247, 248, 249, 250, 251, 252, 253, 254, 255, 256, 257, 258, 259, 260, 261, 262, 263, 264, 265, 266, 267, 268, 269, 270, 271, 272, 273, 274, 275, 276, 277, 278, 279, 280, 281, 282, 283, 284, 285, 286, 287, 288, 289, 290, 291, 292, 293, 294, 295, 296, 297, 298, 299, 300, 301, 302, 303, 304, 305, 306, 307, 308, 309, 310, 311, 312, 313, 314, 315, 316, 317, 318, 319, 320, 321, 322, 323, 324, 325, 326, 327, 328, 329, 330, 331, 332, 333, 334, 335, 336, 337, 574, 575, 576, 577, 578, 579, 580, 581, 582, 583, 584, 585, 586, 587, 588, 589, 590, 591, 592, 593, 594, 595, 596, 597, 598, 599, 600, 601, 602, 603, 604, 605, 606, 607, 608, 609, 610, 611, 612, 613, 614, 615, 616, 617, 618, 619, 620, 621, 622, 623, 624, 625, 626, 627, 628, 629, 630, 631, 632, 633, 634, 635, 636, 637, 638, 639, 640, 641, 642, 643, 644, 645, 646, 647, 648, 649, 650, 651, 652, 653, 654, 655, 656, 657, 658, 659, 660, 661, 662, 663, 664, 665, 666, 667, 668, 669, 670, 671, 672, 673, 674, 675, 676, 677, 678, 679, 680, 681, 682, 683, 684, 685, 686, 687, 688, 689, 690, 691, 692, 693, 694, 695, 696, 697, 698, 699, 700, 701, 702, 703, 704, 705, 706, 707, 708, 709, 710, 711, 712, 713, 714, 715, 716, 717, 718, 719, 720, 721, 722, 723, 724, 725, 726, 727, 728, 729, 730, 731, 732, 733, 734, 735, 736, 737, 738, 739, 740, 741, 742, 743, 744, 745, 746, 747, 748, 749, 750, 751, 752, 753, 754, 755, 756, 757, 758, 759, 760, 761, 762, 763, 764, 765, 766, 767, 768, 769, 770, 771, 772, 773, 774, 775, 776, 777, 778, 779, 780, 781, 782, 783, 784, 785, 786, 787, 788, 789, 790, 791, 792, 793]",True,"[195, 333, 666]","[103, 104, 105, 106, 107, 108, 109, 110, 111, 112, 113, 114, 115, 116, 117, 118, 119, 120, 121, 122, 123, 124, 125, 126, 127, 128, 129, 130, 131, 132, 133, 134, 135, 136, 137, 138, 139, 140, 141, 142, 143, 144, 145, 146, 147, 148, 149, 150, 151, 152, 153, 154, 155, 156, 157, 158, 159, 160, 161, 162, 163, 164, 165, 166, 167, 168, 169, 170, 171, 172, 173, 174, 175, 176, 177, 178, 179, 180, 181, 182, 183, 184, 185, 186, 187, 188, 189, 190, 191, 192, 193, 194, 195, 196, 197, 198, 199, 200, 201, 202, 203, 204, 205, 206, 207, 208, 209, 210, 211, 212, 213, 214, 215, 216, 217, 218, 219, 220, 221, 222, 223, 224, 225, 226, 227, 228, 229, 230, 231, 232, 233, 234, 235, 236, 237, 238, 239, 240, 241, 242, 243, 244, 245, 246, 247, 248, 249, 250, 251, 252, 253, 254, 255, 256, 257, 258, 259, 260, 261, 262, 263, 264, 265, 266, 267, 268, 269, 270, 271, 272, 273, 274, 275, 276, 277, 278, 279, 280, 281, 282, 283, 284, 285, 286, 287, 288, 289, 290, 291, 292, 293, 294, 295, 296, 297, 298, 299, 300, 301, 302, 303, 304, 305, 306, 307, 308, 309, 310, 311, 312, 313, 314, 315, 316, 317, 318, 319, 320, 321, 322, 323, 324, 325, 326, 327, 328, 329, 330, 331, 332, 333, 334, 335, 336, 337, 574, 575, 576, 577, 578, 579, 580, 581, 582, 583, 584, 585, 586, 587, 588, 589, 590, 591, 592, 593, 594, 595, 596, 597, 598, 599, 600, 601, 602, 603, 604, 605, 606, 607, 608, 609, 610, 611, 612, 613, 614, 615, 616, 617, 618, 619, 620, 621, 622, 623, 624, 625, 626, 627, 628, 629, 630, 631, 632, 633, 634, 635, 636, 637, 638, 639, 640, 641, 642, 643, 644, 645, 646, 647, 648, 649, 650, 651, 652, 653, 654, 655, 656, 657, 658, 659, 660, 661, 662, 663, 664, 665, 666, 667, 668, 669, 670, 671, 672, 673, 674, 675, 676, 677, 678, 679, 680, 681, 682, 683, 684, 685, 686, 687, 688, 689, 690, 691, 692, 693, 694, 695, 696, 697, 698, 699, 700, 701, 702, 703, 704, 705, 706, 707, 708, 709, 710, 711, 712, 713, 714, 715, 716, 717, 718, 719, 720, 721, 722, 723, 724, 725, 726, 727, 728, 729, 730, 731, 732, 733, 734, 735, 736, 737, 738, 739, 740, 741, 742, 743, 744, 745, 746, 747, 748, 749, 750, 751, 752, 753, 754, 755, 756, 757, 758, 759, 760, 761, 762, 763, 764, 765, 766, 767, 768, 769, 770, 771, 772, 773, 774, 775, 776, 777, 778, 779, 780, 781, 782, 783, 784, 785, 786, 787, 788, 789, 790, 791, 792, 793]","[195, 333, 666]","[195, 333, 666]","[105, 114, 138, 141, 152, 153, 154, 155, 157, 159, 164, 165, 176, 182, 191, 192, 194, 195, 196, 200, 204, 208, 209, 210, 211, 215, 226, 228, 241, 242, 243, 245, 248, 249, 250, 257, 261, 270, 271, 282, 287, 289, 291, 294, 296, 298, 306, 308, 309, 311, 314, 327, 333, 335, 337, 576, 585, 609, 612, 623, 624, 626, 627, 629, 631, 636, 637, 647, 653, 662, 663, 665, 666, 667, 671, 674, 678, 679, 680, 681, 690, 692, 705, 706, 707, 709, 711, 712, 713, 719, 721, 729, 730, 741, 746, 748, 750, 753, 755, 757, 764, 766, 767, 769, 772, 785, 791]","[194, 195, 665, 666]",[],7/6 successful match,True,[345],True,362,False,,0.8869565217391304,True,Joe's Travel Plaza # 2,
Westley ( 95387 ) Joe's Travel Plaza # 2,209-894-3040 I-5 Exit 441 ( Howard Rd ),24 L 24,Westley,95387,Joe's Travel Plaza # 2,209-894-3040,2016,Westley,CA,,( Howard Rd ),I-5 Exit 441 ,Exit,441,False,,False,I-5,,,,,"[666, 195]","[195, 333, 666]","[195, 333, 666]","[195, 333, 666]","[103, 104, 105, 106, 107, 108, 109, 110, 111, 112, 113, 114, 115, 116, 117, 118, 119, 120, 121, 122, 123, 124, 125, 126, 127, 128, 129, 130, 131, 132, 133, 134, 135, 136, 137, 138, 139, 140, 141, 142, 143, 144, 145, 146, 147, 148, 149, 150, 151, 152, 153, 154, 155, 156, 157, 158, 159, 160, 161, 162, 163, 164, 165, 166, 167, 168, 169, 170, 171, 172, 173, 174, 175, 176, 177, 178, 179, 180, 181, 182, 183, 184, 185, 186, 187, 188, 189, 190, 191, 192, 193, 194, 195, 196, 197, 198, 199, 200, 201, 202, 203, 204, 205, 206, 207, 208, 209, 210, 211, 212, 213, 214, 215, 216, 217, 218, 219, 220, 221, 222, 223, 224, 225, 226, 227, 228, 229, 230, 231, 232, 233, 234, 235, 236, 237, 238, 239, 240, 241, 242, 243, 244, 245, 246, 247, 248, 249, 250, 251, 252, 253, 254, 255, 256, 257, 258, 259, 260, 261, 262, 263, 264, 265, 266, 267, 268, 269, 270, 271, 272, 273, 274, 275, 276, 277, 278, 279, 280, 281, 282, 283, 284, 285, 286, 287, 288, 289, 290, 291, 292, 293, 294, 295, 296, 297, 298, 299, 300, 301, 302, 303, 304, 305, 306, 307, 308, 309, 310, 311, 312, 313, 314, 315, 316, 317, 318, 319, 320, 321, 322, 323, 324, 325, 326, 327, 328, 329, 330, 331, 332, 333, 334, 335, 336, 337, 574, 575, 576, 577, 578, 579, 580, 581, 582, 583, 584, 585, 586, 587, 588, 589, 590, 591, 592, 593, 594, 595, 596, 597, 598, 599, 600, 601, 602, 603, 604, 605, 606, 607, 608, 609, 610, 611, 612, 613, 614, 615, 616, 617, 618, 619, 620, 621, 622, 623, 624, 625, 626, 627, 628, 629, 630, 631, 632, 633, 634, 635, 636, 637, 638, 639, 640, 641, 642, 643, 644, 645, 646, 647, 648, 649, 650, 651, 652, 653, 654, 655, 656, 657, 658, 659, 660, 661, 662, 663, 664, 665, 666, 667, 668, 669, 670, 671, 672, 673, 674, 675, 676, 677, 678, 679, 680, 681, 682, 683, 684, 685, 686, 687, 688, 689, 690, 691, 692, 693, 694, 695, 696, 697, 698, 699, 700, 701, 702, 703, 704, 705, 706, 707, 708, 709, 710, 711, 712, 713, 714, 715, 716, 717, 718, 719, 720, 721, 722, 723, 724, 725, 726, 727, 728, 729, 730, 731, 732, 733, 734, 735, 736, 737, 738, 739, 740, 741, 742, 743, 744, 745, 746, 747, 748, 749, 750, 751, 752, 753, 754, 755, 756, 757, 758, 759, 760, 761, 762, 763, 764, 765, 766, 767, 768, 769, 770, 771, 772, 773, 774, 775, 776, 777, 778, 779, 780, 781, 782, 783, 784, 785, 786, 787, 788, 789, 790, 791, 792, 793]","[105, 114, 138, 141, 152, 153, 154, 155, 157, 159, 164, 165, 176, 182, 191, 192, 194, 195, 196, 200, 204, 208, 209, 210, 211, 215, 226, 228, 241, 242, 243, 245, 248, 249, 250, 257, 261, 270, 271, 282, 287, 289, 291, 294, 296, 298, 306, 308, 309, 311, 314, 327, 333, 335, 337, 576, 585, 609, 612, 623, 624, 626, 627, 629, 631, 636, 637, 647, 653, 662, 663, 665, 666, 667, 671, 674, 678, 679, 680, 681, 690, 692, 705, 706, 707, 709, 711, 712, 713, 719, 721, 729, 730, 741, 746, 748, 750, 753, 755, 757, 764, 766, 767, 769, 772, 785, 791]",[],"[194, 195, 665, 666]","[103, 104, 105, 106, 107, 108, 109, 110, 111, 112, 113, 114, 115, 116, 117, 118, 119, 120, 121, 122, 123, 124, 125, 126, 127, 128, 129, 130, 131, 132, 133, 134, 135, 136, 137, 138, 139, 140, 141, 142, 143, 144, 145, 146, 147, 148, 149, 150, 151, 152, 153, 154, 155, 156, 157, 158, 159, 160, 161, 162, 163, 164, 165, 166, 167, 168, 169, 170, 171, 172, 173, 174, 175, 176, 177, 178, 179, 180, 181, 182, 183, 184, 185, 186, 187, 188, 189, 190, 191, 192, 193, 194, 195, 196, 197, 198, 199, 200, 201, 202, 203, 204, 205, 206, 207, 208, 209, 210, 211, 212, 213, 214, 215, 216, 217, 218, 219, 220, 221, 222, 223, 224, 225, 226, 227, 228, 229, 230, 231, 232, 233, 234, 235, 236, 237, 238, 239, 240, 241, 242, 243, 244, 245, 246, 247, 248, 249, 250, 251, 252, 253, 254, 255, 256, 257, 258, 259, 260, 261, 262, 263, 264, 265, 266, 267, 268, 269, 270, 271, 272, 273, 274, 275, 276, 277, 278, 279, 280, 281, 282, 283, 284, 285, 286, 287, 288, 289, 290, 291, 292, 293, 294, 295, 296, 297, 298, 299, 300, 301, 302, 303, 304, 305, 306, 307, 308, 309, 310, 311, 312, 313, 314, 315, 316, 317, 318, 319, 320, 321, 322, 323, 324, 325, 326, 327, 328, 329, 330, 331, 332, 333, 334, 335, 336, 337, 574, 575, 576, 577, 578, 579, 580, 581, 582, 583, 584, 585, 586, 587, 588, 589, 590, 591, 592, 593, 594, 595, 596, 597, 598, 599, 600, 601, 602, 603, 604, 605, 606, 607, 608, 609, 610, 611, 612, 613, 614, 615, 616, 617, 618, 619, 620, 621, 622, 623, 624, 625, 626, 627, 628, 629, 630, 631, 632, 633, 634, 635, 636, 637, 638, 639, 640, 641, 642, 643, 644, 645, 646, 647, 648, 649, 650, 651, 652, 653, 654, 655, 656, 657, 658, 659, 660, 661, 662, 663, 664, 665, 666, 667, 668, 669, 670, 671, 672, 673, 674, 675, 676, 677, 678, 679, 680, 681, 682, 683, 684, 685, 686, 687, 688, 689, 690, 691, 692, 693, 694, 695, 696, 697, 698, 699, 700, 701, 702, 703, 704, 705, 706, 707, 708, 709, 710, 711, 712, 713, 714, 715, 716, 717, 718, 719, 720, 721, 722, 723, 724, 725, 726, 727, 728, 729, 730, 731, 732, 733, 734, 735, 736, 737, 738, 739, 740, 741, 742, 743, 744, 745, 746, 747, 748, 749, 750, 751, 752, 753, 754, 755, 756, 757, 758, 759, 760, 761, 762, 763, 764, 765, 766, 767, 768, 769, 770, 771, 772, 773, 774, 775, 776, 777, 778, 779, 780, 781, 782, 783, 784, 785, 786, 787, 788, 789, 790, 791, 792, 793]",True,"[195, 333, 666]","[103, 104, 105, 106, 107, 108, 109, 110, 111, 112, 113, 114, 115, 116, 117, 118, 119, 120, 121, 122, 123, 124, 125, 126, 127, 128, 129, 130, 131, 132, 133, 134, 135, 136, 137, 138, 139, 140, 141, 142, 143, 144, 145, 146, 147, 148, 149, 150, 151, 152, 153, 154, 155, 156, 157, 158, 159, 160, 161, 162, 163, 164, 165, 166, 167, 168, 169, 170, 171, 172, 173, 174, 175, 176, 177, 178, 179, 180, 181, 182, 183, 184, 185, 186, 187, 188, 189, 190, 191, 192, 193, 194, 195, 196, 197, 198, 199, 200, 201, 202, 203, 204, 205, 206, 207, 208, 209, 210, 211, 212, 213, 214, 215, 216, 217, 218, 219, 220, 221, 222, 223, 224, 225, 226, 227, 228, 229, 230, 231, 232, 233, 234, 235, 236, 237, 238, 239, 240, 241, 242, 243, 244, 245, 246, 247, 248, 249, 250, 251, 252, 253, 254, 255, 256, 257, 258, 259, 260, 261, 262, 263, 264, 265, 266, 267, 268, 269, 270, 271, 272, 273, 274, 275, 276, 277, 278, 279, 280, 281, 282, 283, 284, 285, 286, 287, 288, 289, 290, 291, 292, 293, 294, 295, 296, 297, 298, 299, 300, 301, 302, 303, 304, 305, 306, 307, 308, 309, 310, 311, 312, 313, 314, 315, 316, 317, 318, 319, 320, 321, 322, 323, 324, 325, 326, 327, 328, 329, 330, 331, 332, 333, 334, 335, 336, 337, 574, 575, 576, 577, 578, 579, 580, 581, 582, 583, 584, 585, 586, 587, 588, 589, 590, 591, 592, 593, 594, 595, 596, 597, 598, 599, 600, 601, 602, 603, 604, 605, 606, 607, 608, 609, 610, 611, 612, 613, 614, 615, 616, 617, 618, 619, 620, 621, 622, 623, 624, 625, 626, 627, 628, 629, 630, 631, 632, 633, 634, 635, 636, 637, 638, 639, 640, 641, 642, 643, 644, 645, 646, 647, 648, 649, 650, 651, 652, 653, 654, 655, 656, 657, 658, 659, 660, 661, 662, 663, 664, 665, 666, 667, 668, 669, 670, 671, 672, 673, 674, 675, 676, 677, 678, 679, 680, 681, 682, 683, 684, 685, 686, 687, 688, 689, 690, 691, 692, 693, 694, 695, 696, 697, 698, 699, 700, 701, 702, 703, 704, 705, 706, 707, 708, 709, 710, 711, 712, 713, 714, 715, 716, 717, 718, 719, 720, 721, 722, 723, 724, 725, 726, 727, 728, 729, 730, 731, 732, 733, 734, 735, 736, 737, 738, 739, 740, 741, 742, 743, 744, 745, 746, 747, 748, 749, 750, 751, 752, 753, 754, 755, 756, 757, 758, 759, 760, 761, 762, 763, 764, 765, 766, 767, 768, 769, 770, 771, 772, 773, 774, 775, 776, 777, 778, 779, 780, 781, 782, 783, 784, 785, 786, 787, 788, 789, 790, 791, 792, 793]","[195, 333, 666]","[195, 333, 666]","[105, 114, 138, 141, 152, 153, 154, 155, 157, 159, 164, 165, 176, 182, 191, 192, 194, 195, 196, 200, 204, 208, 209, 210, 211, 215, 226, 228, 241, 242, 243, 245, 248, 249, 250, 257, 261, 270, 271, 282, 287, 289, 291, 294, 296, 298, 306, 308, 309, 311, 314, 327, 333, 335, 337, 576, 585, 609, 612, 623, 624, 626, 627, 629, 631, 636, 637, 647, 653, 662, 663, 665, 666, 667, 671, 674, 678, 679, 680, 681, 690, 692, 705, 706, 707, 709, 711, 712, 713, 719, 721, 729, 730, 741, 746, 748, 750, 753, 755, 757, 764, 766, 767, 769, 772, 785, 791]","[194, 195, 665, 666]",[],7/6 successful match,True,[345],True,362,False,,0.8869565217391304,True,Joe's Travel Plaza # 2 ),
"Santa Rosa , 95407 Rotten Robbie # 60",707-584-9610 US 101 & Todd Rd,FRS,Santa Rosa,95407,Rotten Robbie # 60,707-584-9610,2006,Santa Rosa,CA,,,US 101 & Todd Rd,empty,,False,,False,US 101,Todd Rd,,,,"[275, 734]","[275, 734]","[209, 243, 273, 275, 311, 325, 679, 707, 732, 734, 769, 783]",[],"[103, 104, 105, 106, 107, 108, 109, 110, 111, 112, 113, 114, 115, 116, 117, 118, 119, 120, 121, 122, 123, 124, 125, 126, 127, 128, 129, 130, 131, 132, 133, 134, 135, 136, 137, 138, 139, 140, 141, 142, 143, 144, 145, 146, 147, 148, 149, 150, 151, 152, 153, 154, 155, 156, 157, 158, 159, 160, 161, 162, 163, 164, 165, 166, 167, 168, 169, 170, 171, 172, 173, 174, 175, 176, 177, 178, 179, 180, 181, 182, 183, 184, 185, 186, 187, 188, 189, 190, 191, 192, 193, 194, 195, 196, 197, 198, 199, 200, 201, 202, 203, 204, 205, 206, 207, 208, 209, 210, 211, 212, 213, 214, 215, 216, 217, 218, 219, 220, 221, 222, 223, 224, 225, 226, 227, 228, 229, 230, 231, 232, 233, 234, 235, 236, 237, 238, 239, 240, 241, 242, 243, 244, 245, 246, 247, 248, 249, 250, 251, 252, 253, 254, 255, 256, 257, 258, 259, 260, 261, 262, 263, 264, 265, 266, 267, 268, 269, 270, 271, 272, 273, 274, 275, 276, 277, 278, 279, 280, 281, 282, 283, 284, 285, 286, 287, 288, 289, 290, 291, 292, 293, 294, 295, 296, 297, 298, 299, 300, 301, 302, 303, 304, 305, 306, 307, 308, 309, 310, 311, 312, 313, 314, 315, 316, 317, 318, 319, 320, 321, 322, 323, 324, 325, 326, 327, 328, 329, 330, 331, 332, 333, 334, 335, 336, 337, 574, 575, 576, 577, 578, 579, 580, 581, 582, 583, 584, 585, 586, 587, 588, 589, 590, 591, 592, 593, 594, 595, 596, 597, 598, 599, 600, 601, 602, 603, 604, 605, 606, 607, 608, 609, 610, 611, 612, 613, 614, 615, 616, 617, 618, 619, 620, 621, 622, 623, 624, 625, 626, 627, 628, 629, 630, 631, 632, 633, 634, 635, 636, 637, 638, 639, 640, 641, 642, 643, 644, 645, 646, 647, 648, 649, 650, 651, 652, 653, 654, 655, 656, 657, 658, 659, 660, 661, 662, 663, 664, 665, 666, 667, 668, 669, 670, 671, 672, 673, 674, 675, 676, 677, 678, 679, 680, 681, 682, 683, 684, 685, 686, 687, 688, 689, 690, 691, 692, 693, 694, 695, 696, 697, 698, 699, 700, 701, 702, 703, 704, 705, 706, 707, 708, 709, 710, 711, 712, 713, 714, 715, 716, 717, 718, 719, 720, 721, 722, 723, 724, 725, 726, 727, 728, 729, 730, 731, 732, 733, 734, 735, 736, 737, 738, 739, 740, 741, 742, 743, 744, 745, 746, 747, 748, 749, 750, 751, 752, 753, 754, 755, 756, 757, 758, 759, 760, 761, 762, 763, 764, 765, 766, 767, 768, 769, 770, 771, 772, 773, 774, 775, 776, 777, 778, 779, 780, 781, 782, 783, 784, 785, 786, 787, 788, 789, 790, 791, 792, 793]","[15, 91, 107, 110, 113, 123, 132, 136, 193, 216, 218, 252, 274, 275, 281, 286, 293, 302, 325, 326, 500, 562, 578, 580, 583, 594, 603, 607, 664, 686, 715, 733, 734, 740, 745, 752, 760, 783, 784]",[],"[271, 272, 273, 274, 275, 276, 730, 731, 732, 733, 734, 735]","[15, 91, 103, 104, 105, 106, 107, 108, 109, 110, 111, 112, 113, 114, 115, 116, 117, 118, 119, 120, 121, 122, 123, 124, 125, 126, 127, 128, 129, 130, 131, 132, 133, 134, 135, 136, 137, 138, 139, 140, 141, 142, 143, 144, 145, 146, 147, 148, 149, 150, 151, 152, 153, 154, 155, 156, 157, 158, 159, 160, 161, 162, 163, 164, 165, 166, 167, 168, 169, 170, 171, 172, 173, 174, 175, 176, 177, 178, 179, 180, 181, 182, 183, 184, 185, 186, 187, 188, 189, 190, 191, 192, 193, 194, 195, 196, 197, 198, 199, 200, 201, 202, 203, 204, 205, 206, 207, 208, 209, 210, 211, 212, 213, 214, 215, 216, 217, 218, 219, 220, 221, 222, 223, 224, 225, 226, 227, 228, 229, 230, 231, 232, 233, 234, 235, 236, 237, 238, 239, 240, 241, 242, 243, 244, 245, 246, 247, 248, 249, 250, 251, 252, 253, 254, 255, 256, 257, 258, 259, 260, 261, 262, 263, 264, 265, 266, 267, 268, 269, 270, 271, 272, 273, 274, 275, 276, 277, 278, 279, 280, 281, 282, 283, 284, 285, 286, 287, 288, 289, 290, 291, 292, 293, 294, 295, 296, 297, 298, 299, 300, 301, 302, 303, 304, 305, 306, 307, 308, 309, 310, 311, 312, 313, 314, 315, 316, 317, 318, 319, 320, 321, 322, 323, 324, 325, 326, 327, 328, 329, 330, 331, 332, 333, 334, 335, 336, 337, 500, 562, 574, 575, 576, 577, 578, 579, 580, 581, 582, 583, 584, 585, 586, 587, 588, 589, 590, 591, 592, 593, 594, 595, 596, 597, 598, 599, 600, 601, 602, 603, 604, 605, 606, 607, 608, 609, 610, 611, 612, 613, 614, 615, 616, 617, 618, 619, 620, 621, 622, 623, 624, 625, 626, 627, 628, 629, 630, 631, 632, 633, 634, 635, 636, 637, 638, 639, 640, 641, 642, 643, 644, 645, 646, 647, 648, 649, 650, 651, 652, 653, 654, 655, 656, 657, 658, 659, 660, 661, 662, 663, 664, 665, 666, 667, 668, 669, 670, 671, 672, 673, 674, 675, 676, 677, 678, 679, 680, 681, 682, 683, 684, 685, 686, 687, 688, 689, 690, 691, 692, 693, 694, 695, 696, 697, 698, 699, 700, 701, 702, 703, 704, 705, 706, 707, 708, 709, 710, 711, 712, 713, 714, 715, 716, 717, 718, 719, 720, 721, 722, 723, 724, 725, 726, 727, 728, 729, 730, 731, 732, 733, 734, 735, 736, 737, 738, 739, 740, 741, 742, 743, 744, 745, 746, 747, 748, 749, 750, 751, 752, 753, 754, 755, 756, 757, 758, 759, 760, 761, 762, 763, 764, 765, 766, 767, 768, 769, 770, 771, 772, 773, 774, 775, 776, 777, 778, 779, 780, 781, 782, 783, 784, 785, 786, 787, 788, 789, 790, 791, 792, 793]",True,"[275, 734]","[103, 104, 105, 106, 107, 108, 109, 110, 111, 112, 113, 114, 115, 116, 117, 118, 119, 120, 121, 122, 123, 124, 125, 126, 127, 128, 129, 130, 131, 132, 133, 134, 135, 136, 137, 138, 139, 140, 141, 142, 143, 144, 145, 146, 147, 148, 149, 150, 151, 152, 153, 154, 155, 156, 157, 158, 159, 160, 161, 162, 163, 164, 165, 166, 167, 168, 169, 170, 171, 172, 173, 174, 175, 176, 177, 178, 179, 180, 181, 182, 183, 184, 185, 186, 187, 188, 189, 190, 191, 192, 193, 194, 195, 196, 197, 198, 199, 200, 201, 202, 203, 204, 205, 206, 207, 208, 209, 210, 211, 212, 213, 214, 215, 216, 217, 218, 219, 220, 221, 222, 223, 224, 225, 226, 227, 228, 229, 230, 231, 232, 233, 234, 235, 236, 237, 238, 239, 240, 241, 242, 243, 244, 245, 246, 247, 248, 249, 250, 251, 252, 253, 254, 255, 256, 257, 258, 259, 260, 261, 262, 263, 264, 265, 266, 267, 268, 269, 270, 271, 272, 273, 274, 275, 276, 277, 278, 279, 280, 281, 282, 283, 284, 285, 286, 287, 288, 289, 290, 291, 292, 293, 294, 295, 296, 297, 298, 299, 300, 301, 302, 303, 304, 305, 306, 307, 308, 309, 310, 311, 312, 313, 314, 315, 316, 317, 318, 319, 320, 321, 322, 323, 324, 325, 326, 327, 328, 329, 330, 331, 332, 333, 334, 335, 336, 337, 574, 575, 576, 577, 578, 579, 580, 581, 582, 583, 584, 585, 586, 587, 588, 589, 590, 591, 592, 593, 594, 595, 596, 597, 598, 599, 600, 601, 602, 603, 604, 605, 606, 607, 608, 609, 610, 611, 612, 613, 614, 615, 616, 617, 618, 619, 620, 621, 622, 623, 624, 625, 626, 627, 628, 629, 630, 631, 632, 633, 634, 635, 636, 637, 638, 639, 640, 641, 642, 643, 644, 645, 646, 647, 648, 649, 650, 651, 652, 653, 654, 655, 656, 657, 658, 659, 660, 661, 662, 663, 664, 665, 666, 667, 668, 669, 670, 671, 672, 673, 674, 675, 676, 677, 678, 679, 680, 681, 682, 683, 684, 685, 686, 687, 688, 689, 690, 691, 692, 693, 694, 695, 696, 697, 698, 699, 700, 701, 702, 703, 704, 705, 706, 707, 708, 709, 710, 711, 712, 713, 714, 715, 716, 717, 718, 719, 720, 721, 722, 723, 724, 725, 726, 727, 728, 729, 730, 731, 732, 733, 734, 735, 736, 737, 738, 739, 740, 741, 742, 743, 744, 745, 746, 747, 748, 749, 750, 751, 752, 753, 754, 755, 756, 757, 758, 759, 760, 761, 762, 763, 764, 765, 766, 767, 768, 769, 770, 771, 772, 773, 774, 775, 776, 777, 778, 779, 780, 781, 782, 783, 784, 785, 786, 787, 788, 789, 790, 791, 792, 793]","[209, 243, 273, 275, 311, 325, 679, 707, 732, 734, 769, 783]",[],"[15, 91, 107, 110, 113, 123, 132, 136, 193, 216, 218, 252, 274, 275, 281, 286, 293, 302, 325, 326, 500, 562, 578, 580, 583, 594, 603, 607, 664, 686, 715, 733, 734, 740, 745, 752, 760, 783, 784]","[271, 272, 273, 274, 275, 276, 730, 731, 732, 733, 734, 735]",[],7/6 successful match,True,[99],True,363,False,,,,,
"Santa Rosa , 95407 Rotten Robbie # 60",707-584-9610 US 101 S & E Todd Rd,000,Santa Rosa,95407,Rotten Robbie # 60,707-584-9610,2007,Santa Rosa,CA,,,US 101 S & E Todd Rd,empty,,False,,False,US 101,E Todd Rd,,,,"[275, 734]","[275, 734]","[209, 243, 273, 275, 311, 325, 679, 707, 732, 734, 769, 783]",[],"[103, 104, 105, 106, 107, 108, 109, 110, 111, 112, 113, 114, 115, 116, 117, 118, 119, 120, 121, 122, 123, 124, 125, 126, 127, 128, 129, 130, 131, 132, 133, 134, 135, 136, 137, 138, 139, 140, 141, 142, 143, 144, 145, 146, 147, 148, 149, 150, 151, 152, 153, 154, 155, 156, 157, 158, 159, 160, 161, 162, 163, 164, 165, 166, 167, 168, 169, 170, 171, 172, 173, 174, 175, 176, 177, 178, 179, 180, 181, 182, 183, 184, 185, 186, 187, 188, 189, 190, 191, 192, 193, 194, 195, 196, 197, 198, 199, 200, 201, 202, 203, 204, 205, 206, 207, 208, 209, 210, 211, 212, 213, 214, 215, 216, 217, 218, 219, 220, 221, 222, 223, 224, 225, 226, 227, 228, 229, 230, 231, 232, 233, 234, 235, 236, 237, 238, 239, 240, 241, 242, 243, 244, 245, 246, 247, 248, 249, 250, 251, 252, 253, 254, 255, 256, 257, 258, 259, 260, 261, 262, 263, 264, 265, 266, 267, 268, 269, 270, 271, 272, 273, 274, 275, 276, 277, 278, 279, 280, 281, 282, 283, 284, 285, 286, 287, 288, 289, 290, 291, 292, 293, 294, 295, 296, 297, 298, 299, 300, 301, 302, 303, 304, 305, 306, 307, 308, 309, 310, 311, 312, 313, 314, 315, 316, 317, 318, 319, 320, 321, 322, 323, 324, 325, 326, 327, 328, 329, 330, 331, 332, 333, 334, 335, 336, 337, 574, 575, 576, 577, 578, 579, 580, 581, 582, 583, 584, 585, 586, 587, 588, 589, 590, 591, 592, 593, 594, 595, 596, 597, 598, 599, 600, 601, 602, 603, 604, 605, 606, 607, 608, 609, 610, 611, 612, 613, 614, 615, 616, 617, 618, 619, 620, 621, 622, 623, 624, 625, 626, 627, 628, 629, 630, 631, 632, 633, 634, 635, 636, 637, 638, 639, 640, 641, 642, 643, 644, 645, 646, 647, 648, 649, 650, 651, 652, 653, 654, 655, 656, 657, 658, 659, 660, 661, 662, 663, 664, 665, 666, 667, 668, 669, 670, 671, 672, 673, 674, 675, 676, 677, 678, 679, 680, 681, 682, 683, 684, 685, 686, 687, 688, 689, 690, 691, 692, 693, 694, 695, 696, 697, 698, 699, 700, 701, 702, 703, 704, 705, 706, 707, 708, 709, 710, 711, 712, 713, 714, 715, 716, 717, 718, 719, 720, 721, 722, 723, 724, 725, 726, 727, 728, 729, 730, 731, 732, 733, 734, 735, 736, 737, 738, 739, 740, 741, 742, 743, 744, 745, 746, 747, 748, 749, 750, 751, 752, 753, 754, 755, 756, 757, 758, 759, 760, 761, 762, 763, 764, 765, 766, 767, 768, 769, 770, 771, 772, 773, 774, 775, 776, 777, 778, 779, 780, 781, 782, 783, 784, 785, 786, 787, 788, 789, 790, 791, 792, 793]","[15, 91, 107, 110, 113, 123, 132, 136, 193, 216, 218, 252, 274, 275, 281, 286, 293, 302, 325, 326, 500, 562, 578, 580, 583, 594, 603, 607, 664, 686, 715, 733, 734, 740, 745, 752, 760, 783, 784]",[],"[271, 272, 273, 274, 275, 276, 730, 731, 732, 733, 734, 735]","[15, 91, 103, 104, 105, 106, 107, 108, 109, 110, 111, 112, 113, 114, 115, 116, 117, 118, 119, 120, 121, 122, 123, 124, 125, 126, 127, 128, 129, 130, 131, 132, 133, 134, 135, 136, 137, 138, 139, 140, 141, 142, 143, 144, 145, 146, 147, 148, 149, 150, 151, 152, 153, 154, 155, 156, 157, 158, 159, 160, 161, 162, 163, 164, 165, 166, 167, 168, 169, 170, 171, 172, 173, 174, 175, 176, 177, 178, 179, 180, 181, 182, 183, 184, 185, 186, 187, 188, 189, 190, 191, 192, 193, 194, 195, 196, 197, 198, 199, 200, 201, 202, 203, 204, 205, 206, 207, 208, 209, 210, 211, 212, 213, 214, 215, 216, 217, 218, 219, 220, 221, 222, 223, 224, 225, 226, 227, 228, 229, 230, 231, 232, 233, 234, 235, 236, 237, 238, 239, 240, 241, 242, 243, 244, 245, 246, 247, 248, 249, 250, 251, 252, 253, 254, 255, 256, 257, 258, 259, 260, 261, 262, 263, 264, 265, 266, 267, 268, 269, 270, 271, 272, 273, 274, 275, 276, 277, 278, 279, 280, 281, 282, 283, 284, 285, 286, 287, 288, 289, 290, 291, 292, 293, 294, 295, 296, 297, 298, 299, 300, 301, 302, 303, 304, 305, 306, 307, 308, 309, 310, 311, 312, 313, 314, 315, 316, 317, 318, 319, 320, 321, 322, 323, 324, 325, 326, 327, 328, 329, 330, 331, 332, 333, 334, 335, 336, 337, 500, 562, 574, 575, 576, 577, 578, 579, 580, 581, 582, 583, 584, 585, 586, 587, 588, 589, 590, 591, 592, 593, 594, 595, 596, 597, 598, 599, 600, 601, 602, 603, 604, 605, 606, 607, 608, 609, 610, 611, 612, 613, 614, 615, 616, 617, 618, 619, 620, 621, 622, 623, 624, 625, 626, 627, 628, 629, 630, 631, 632, 633, 634, 635, 636, 637, 638, 639, 640, 641, 642, 643, 644, 645, 646, 647, 648, 649, 650, 651, 652, 653, 654, 655, 656, 657, 658, 659, 660, 661, 662, 663, 664, 665, 666, 667, 668, 669, 670, 671, 672, 673, 674, 675, 676, 677, 678, 679, 680, 681, 682, 683, 684, 685, 686, 687, 688, 689, 690, 691, 692, 693, 694, 695, 696, 697, 698, 699, 700, 701, 702, 703, 704, 705, 706, 707, 708, 709, 710, 711, 712, 713, 714, 715, 716, 717, 718, 719, 720, 721, 722, 723, 724, 725, 726, 727, 728, 729, 730, 731, 732, 733, 734, 735, 736, 737, 738, 739, 740, 741, 742, 743, 744, 745, 746, 747, 748, 749, 750, 751, 752, 753, 754, 755, 756, 757, 758, 759, 760, 761, 762, 763, 764, 765, 766, 767, 768, 769, 770, 771, 772, 773, 774, 775, 776, 777, 778, 779, 780, 781, 782, 783, 784, 785, 786, 787, 788, 789, 790, 791, 792, 793]",True,"[275, 734]","[103, 104, 105, 106, 107, 108, 109, 110, 111, 112, 113, 114, 115, 116, 117, 118, 119, 120, 121, 122, 123, 124, 125, 126, 127, 128, 129, 130, 131, 132, 133, 134, 135, 136, 137, 138, 139, 140, 141, 142, 143, 144, 145, 146, 147, 148, 149, 150, 151, 152, 153, 154, 155, 156, 157, 158, 159, 160, 161, 162, 163, 164, 165, 166, 167, 168, 169, 170, 171, 172, 173, 174, 175, 176, 177, 178, 179, 180, 181, 182, 183, 184, 185, 186, 187, 188, 189, 190, 191, 192, 193, 194, 195, 196, 197, 198, 199, 200, 201, 202, 203, 204, 205, 206, 207, 208, 209, 210, 211, 212, 213, 214, 215, 216, 217, 218, 219, 220, 221, 222, 223, 224, 225, 226, 227, 228, 229, 230, 231, 232, 233, 234, 235, 236, 237, 238, 239, 240, 241, 242, 243, 244, 245, 246, 247, 248, 249, 250, 251, 252, 253, 254, 255, 256, 257, 258, 259, 260, 261, 262, 263, 264, 265, 266, 267, 268, 269, 270, 271, 272, 273, 274, 275, 276, 277, 278, 279, 280, 281, 282, 283, 284, 285, 286, 287, 288, 289, 290, 291, 292, 293, 294, 295, 296, 297, 298, 299, 300, 301, 302, 303, 304, 305, 306, 307, 308, 309, 310, 311, 312, 313, 314, 315, 316, 317, 318, 319, 320, 321, 322, 323, 324, 325, 326, 327, 328, 329, 330, 331, 332, 333, 334, 335, 336, 337, 574, 575, 576, 577, 578, 579, 580, 581, 582, 583, 584, 585, 586, 587, 588, 589, 590, 591, 592, 593, 594, 595, 596, 597, 598, 599, 600, 601, 602, 603, 604, 605, 606, 607, 608, 609, 610, 611, 612, 613, 614, 615, 616, 617, 618, 619, 620, 621, 622, 623, 624, 625, 626, 627, 628, 629, 630, 631, 632, 633, 634, 635, 636, 637, 638, 639, 640, 641, 642, 643, 644, 645, 646, 647, 648, 649, 650, 651, 652, 653, 654, 655, 656, 657, 658, 659, 660, 661, 662, 663, 664, 665, 666, 667, 668, 669, 670, 671, 672, 673, 674, 675, 676, 677, 678, 679, 680, 681, 682, 683, 684, 685, 686, 687, 688, 689, 690, 691, 692, 693, 694, 695, 696, 697, 698, 699, 700, 701, 702, 703, 704, 705, 706, 707, 708, 709, 710, 711, 712, 713, 714, 715, 716, 717, 718, 719, 720, 721, 722, 723, 724, 725, 726, 727, 728, 729, 730, 731, 732, 733, 734, 735, 736, 737, 738, 739, 740, 741, 742, 743, 744, 745, 746, 747, 748, 749, 750, 751, 752, 753, 754, 755, 756, 757, 758, 759, 760, 761, 762, 763, 764, 765, 766, 767, 768, 769, 770, 771, 772, 773, 774, 775, 776, 777, 778, 779, 780, 781, 782, 783, 784, 785, 786, 787, 788, 789, 790, 791, 792, 793]","[209, 243, 273, 275, 311, 325, 679, 707, 732, 734, 769, 783]",[],"[15, 91, 107, 110, 113, 123, 132, 136, 193, 216, 218, 252, 274, 275, 281, 286, 293, 302, 325, 326, 500, 562, 578, 580, 583, 594, 603, 607, 664, 686, 715, 733, 734, 740, 745, 752, 760, 783, 784]","[271, 272, 273, 274, 275, 276, 730, 731, 732, 733, 734, 735]",[],7/6 successful match,True,[99],True,363,False,,1.0,True,Rotten Robbie # 60,
"D Santa Rosa , 95407 Rotten Robbie # 60",707-584-9610 US 101 S & E Todd Rd,24 HRS <U+2610><U+2610> <U+25A1> <U+25A1> <U+2610>,Santa Rosa,95407,Rotten Robbie # 60,707-584-9610,2008,Santa Rosa,CA,,,US 101 S & E Todd Rd,empty,,False,,False,US 101,E Todd Rd,,,,"[275, 734]","[275, 734]","[209, 243, 273, 275, 311, 325, 679, 707, 732, 734, 769, 783]",[],"[103, 104, 105, 106, 107, 108, 109, 110, 111, 112, 113, 114, 115, 116, 117, 118, 119, 120, 121, 122, 123, 124, 125, 126, 127, 128, 129, 130, 131, 132, 133, 134, 135, 136, 137, 138, 139, 140, 141, 142, 143, 144, 145, 146, 147, 148, 149, 150, 151, 152, 153, 154, 155, 156, 157, 158, 159, 160, 161, 162, 163, 164, 165, 166, 167, 168, 169, 170, 171, 172, 173, 174, 175, 176, 177, 178, 179, 180, 181, 182, 183, 184, 185, 186, 187, 188, 189, 190, 191, 192, 193, 194, 195, 196, 197, 198, 199, 200, 201, 202, 203, 204, 205, 206, 207, 208, 209, 210, 211, 212, 213, 214, 215, 216, 217, 218, 219, 220, 221, 222, 223, 224, 225, 226, 227, 228, 229, 230, 231, 232, 233, 234, 235, 236, 237, 238, 239, 240, 241, 242, 243, 244, 245, 246, 247, 248, 249, 250, 251, 252, 253, 254, 255, 256, 257, 258, 259, 260, 261, 262, 263, 264, 265, 266, 267, 268, 269, 270, 271, 272, 273, 274, 275, 276, 277, 278, 279, 280, 281, 282, 283, 284, 285, 286, 287, 288, 289, 290, 291, 292, 293, 294, 295, 296, 297, 298, 299, 300, 301, 302, 303, 304, 305, 306, 307, 308, 309, 310, 311, 312, 313, 314, 315, 316, 317, 318, 319, 320, 321, 322, 323, 324, 325, 326, 327, 328, 329, 330, 331, 332, 333, 334, 335, 336, 337, 574, 575, 576, 577, 578, 579, 580, 581, 582, 583, 584, 585, 586, 587, 588, 589, 590, 591, 592, 593, 594, 595, 596, 597, 598, 599, 600, 601, 602, 603, 604, 605, 606, 607, 608, 609, 610, 611, 612, 613, 614, 615, 616, 617, 618, 619, 620, 621, 622, 623, 624, 625, 626, 627, 628, 629, 630, 631, 632, 633, 634, 635, 636, 637, 638, 639, 640, 641, 642, 643, 644, 645, 646, 647, 648, 649, 650, 651, 652, 653, 654, 655, 656, 657, 658, 659, 660, 661, 662, 663, 664, 665, 666, 667, 668, 669, 670, 671, 672, 673, 674, 675, 676, 677, 678, 679, 680, 681, 682, 683, 684, 685, 686, 687, 688, 689, 690, 691, 692, 693, 694, 695, 696, 697, 698, 699, 700, 701, 702, 703, 704, 705, 706, 707, 708, 709, 710, 711, 712, 713, 714, 715, 716, 717, 718, 719, 720, 721, 722, 723, 724, 725, 726, 727, 728, 729, 730, 731, 732, 733, 734, 735, 736, 737, 738, 739, 740, 741, 742, 743, 744, 745, 746, 747, 748, 749, 750, 751, 752, 753, 754, 755, 756, 757, 758, 759, 760, 761, 762, 763, 764, 765, 766, 767, 768, 769, 770, 771, 772, 773, 774, 775, 776, 777, 778, 779, 780, 781, 782, 783, 784, 785, 786, 787, 788, 789, 790, 791, 792, 793]","[15, 91, 107, 110, 113, 123, 132, 136, 193, 216, 218, 252, 274, 275, 281, 286, 293, 302, 325, 326, 500, 562, 578, 580, 583, 594, 603, 607, 664, 686, 715, 733, 734, 740, 745, 752, 760, 783, 784]",[],"[271, 272, 273, 274, 275, 276, 730, 731, 732, 733, 734, 735]","[15, 91, 103, 104, 105, 106, 107, 108, 109, 110, 111, 112, 113, 114, 115, 116, 117, 118, 119, 120, 121, 122, 123, 124, 125, 126, 127, 128, 129, 130, 131, 132, 133, 134, 135, 136, 137, 138, 139, 140, 141, 142, 143, 144, 145, 146, 147, 148, 149, 150, 151, 152, 153, 154, 155, 156, 157, 158, 159, 160, 161, 162, 163, 164, 165, 166, 167, 168, 169, 170, 171, 172, 173, 174, 175, 176, 177, 178, 179, 180, 181, 182, 183, 184, 185, 186, 187, 188, 189, 190, 191, 192, 193, 194, 195, 196, 197, 198, 199, 200, 201, 202, 203, 204, 205, 206, 207, 208, 209, 210, 211, 212, 213, 214, 215, 216, 217, 218, 219, 220, 221, 222, 223, 224, 225, 226, 227, 228, 229, 230, 231, 232, 233, 234, 235, 236, 237, 238, 239, 240, 241, 242, 243, 244, 245, 246, 247, 248, 249, 250, 251, 252, 253, 254, 255, 256, 257, 258, 259, 260, 261, 262, 263, 264, 265, 266, 267, 268, 269, 270, 271, 272, 273, 274, 275, 276, 277, 278, 279, 280, 281, 282, 283, 284, 285, 286, 287, 288, 289, 290, 291, 292, 293, 294, 295, 296, 297, 298, 299, 300, 301, 302, 303, 304, 305, 306, 307, 308, 309, 310, 311, 312, 313, 314, 315, 316, 317, 318, 319, 320, 321, 322, 323, 324, 325, 326, 327, 328, 329, 330, 331, 332, 333, 334, 335, 336, 337, 500, 562, 574, 575, 576, 577, 578, 579, 580, 581, 582, 583, 584, 585, 586, 587, 588, 589, 590, 591, 592, 593, 594, 595, 596, 597, 598, 599, 600, 601, 602, 603, 604, 605, 606, 607, 608, 609, 610, 611, 612, 613, 614, 615, 616, 617, 618, 619, 620, 621, 622, 623, 624, 625, 626, 627, 628, 629, 630, 631, 632, 633, 634, 635, 636, 637, 638, 639, 640, 641, 642, 643, 644, 645, 646, 647, 648, 649, 650, 651, 652, 653, 654, 655, 656, 657, 658, 659, 660, 661, 662, 663, 664, 665, 666, 667, 668, 669, 670, 671, 672, 673, 674, 675, 676, 677, 678, 679, 680, 681, 682, 683, 684, 685, 686, 687, 688, 689, 690, 691, 692, 693, 694, 695, 696, 697, 698, 699, 700, 701, 702, 703, 704, 705, 706, 707, 708, 709, 710, 711, 712, 713, 714, 715, 716, 717, 718, 719, 720, 721, 722, 723, 724, 725, 726, 727, 728, 729, 730, 731, 732, 733, 734, 735, 736, 737, 738, 739, 740, 741, 742, 743, 744, 745, 746, 747, 748, 749, 750, 751, 752, 753, 754, 755, 756, 757, 758, 759, 760, 761, 762, 763, 764, 765, 766, 767, 768, 769, 770, 771, 772, 773, 774, 775, 776, 777, 778, 779, 780, 781, 782, 783, 784, 785, 786, 787, 788, 789, 790, 791, 792, 793]",True,"[275, 734]","[103, 104, 105, 106, 107, 108, 109, 110, 111, 112, 113, 114, 115, 116, 117, 118, 119, 120, 121, 122, 123, 124, 125, 126, 127, 128, 129, 130, 131, 132, 133, 134, 135, 136, 137, 138, 139, 140, 141, 142, 143, 144, 145, 146, 147, 148, 149, 150, 151, 152, 153, 154, 155, 156, 157, 158, 159, 160, 161, 162, 163, 164, 165, 166, 167, 168, 169, 170, 171, 172, 173, 174, 175, 176, 177, 178, 179, 180, 181, 182, 183, 184, 185, 186, 187, 188, 189, 190, 191, 192, 193, 194, 195, 196, 197, 198, 199, 200, 201, 202, 203, 204, 205, 206, 207, 208, 209, 210, 211, 212, 213, 214, 215, 216, 217, 218, 219, 220, 221, 222, 223, 224, 225, 226, 227, 228, 229, 230, 231, 232, 233, 234, 235, 236, 237, 238, 239, 240, 241, 242, 243, 244, 245, 246, 247, 248, 249, 250, 251, 252, 253, 254, 255, 256, 257, 258, 259, 260, 261, 262, 263, 264, 265, 266, 267, 268, 269, 270, 271, 272, 273, 274, 275, 276, 277, 278, 279, 280, 281, 282, 283, 284, 285, 286, 287, 288, 289, 290, 291, 292, 293, 294, 295, 296, 297, 298, 299, 300, 301, 302, 303, 304, 305, 306, 307, 308, 309, 310, 311, 312, 313, 314, 315, 316, 317, 318, 319, 320, 321, 322, 323, 324, 325, 326, 327, 328, 329, 330, 331, 332, 333, 334, 335, 336, 337, 574, 575, 576, 577, 578, 579, 580, 581, 582, 583, 584, 585, 586, 587, 588, 589, 590, 591, 592, 593, 594, 595, 596, 597, 598, 599, 600, 601, 602, 603, 604, 605, 606, 607, 608, 609, 610, 611, 612, 613, 614, 615, 616, 617, 618, 619, 620, 621, 622, 623, 624, 625, 626, 627, 628, 629, 630, 631, 632, 633, 634, 635, 636, 637, 638, 639, 640, 641, 642, 643, 644, 645, 646, 647, 648, 649, 650, 651, 652, 653, 654, 655, 656, 657, 658, 659, 660, 661, 662, 663, 664, 665, 666, 667, 668, 669, 670, 671, 672, 673, 674, 675, 676, 677, 678, 679, 680, 681, 682, 683, 684, 685, 686, 687, 688, 689, 690, 691, 692, 693, 694, 695, 696, 697, 698, 699, 700, 701, 702, 703, 704, 705, 706, 707, 708, 709, 710, 711, 712, 713, 714, 715, 716, 717, 718, 719, 720, 721, 722, 723, 724, 725, 726, 727, 728, 729, 730, 731, 732, 733, 734, 735, 736, 737, 738, 739, 740, 741, 742, 743, 744, 745, 746, 747, 748, 749, 750, 751, 752, 753, 754, 755, 756, 757, 758, 759, 760, 761, 762, 763, 764, 765, 766, 767, 768, 769, 770, 771, 772, 773, 774, 775, 776, 777, 778, 779, 780, 781, 782, 783, 784, 785, 786, 787, 788, 789, 790, 791, 792, 793]","[209, 243, 273, 275, 311, 325, 679, 707, 732, 734, 769, 783]",[],"[15, 91, 107, 110, 113, 123, 132, 136, 193, 216, 218, 252, 274, 275, 281, 286, 293, 302, 325, 326, 500, 562, 578, 580, 583, 594, 603, 607, 664, 686, 715, 733, 734, 740, 745, 752, 760, 783, 784]","[271, 272, 273, 274, 275, 276, 730, 731, 732, 733, 734, 735]",[],7/6 successful match,True,[99],True,363,False,,1.0,True,Rotten Robbie # 60,
D Santa Rosa ( 95407 ) Rotten Robbie # 60,707-584-9610 US 101 Exit 485 ( Todd Rd E ),D,Santa Rosa,95407,Rotten Robbie # 60,707-584-9610,2014,Santa Rosa,CA,,( Todd Rd E ),US 101 Exit 485 ,Exit,485,False,,False,US 101,,,,,"[275, 734]","[275, 734]","[209, 243, 273, 275, 311, 325, 679, 707, 732, 734, 769, 783]","[105, 165, 210, 275, 576, 637, 680, 734]","[103, 104, 105, 106, 107, 108, 109, 110, 111, 112, 113, 114, 115, 116, 117, 118, 119, 120, 121, 122, 123, 124, 125, 126, 127, 128, 129, 130, 131, 132, 133, 134, 135, 136, 137, 138, 139, 140, 141, 142, 143, 144, 145, 146, 147, 148, 149, 150, 151, 152, 153, 154, 155, 156, 157, 158, 159, 160, 161, 162, 163, 164, 165, 166, 167, 168, 169, 170, 171, 172, 173, 174, 175, 176, 177, 178, 179, 180, 181, 182, 183, 184, 185, 186, 187, 188, 189, 190, 191, 192, 193, 194, 195, 196, 197, 198, 199, 200, 201, 202, 203, 204, 205, 206, 207, 208, 209, 210, 211, 212, 213, 214, 215, 216, 217, 218, 219, 220, 221, 222, 223, 224, 225, 226, 227, 228, 229, 230, 231, 232, 233, 234, 235, 236, 237, 238, 239, 240, 241, 242, 243, 244, 245, 246, 247, 248, 249, 250, 251, 252, 253, 254, 255, 256, 257, 258, 259, 260, 261, 262, 263, 264, 265, 266, 267, 268, 269, 270, 271, 272, 273, 274, 275, 276, 277, 278, 279, 280, 281, 282, 283, 284, 285, 286, 287, 288, 289, 290, 291, 292, 293, 294, 295, 296, 297, 298, 299, 300, 301, 302, 303, 304, 305, 306, 307, 308, 309, 310, 311, 312, 313, 314, 315, 316, 317, 318, 319, 320, 321, 322, 323, 324, 325, 326, 327, 328, 329, 330, 331, 332, 333, 334, 335, 336, 337, 574, 575, 576, 577, 578, 579, 580, 581, 582, 583, 584, 585, 586, 587, 588, 589, 590, 591, 592, 593, 594, 595, 596, 597, 598, 599, 600, 601, 602, 603, 604, 605, 606, 607, 608, 609, 610, 611, 612, 613, 614, 615, 616, 617, 618, 619, 620, 621, 622, 623, 624, 625, 626, 627, 628, 629, 630, 631, 632, 633, 634, 635, 636, 637, 638, 639, 640, 641, 642, 643, 644, 645, 646, 647, 648, 649, 650, 651, 652, 653, 654, 655, 656, 657, 658, 659, 660, 661, 662, 663, 664, 665, 666, 667, 668, 669, 670, 671, 672, 673, 674, 675, 676, 677, 678, 679, 680, 681, 682, 683, 684, 685, 686, 687, 688, 689, 690, 691, 692, 693, 694, 695, 696, 697, 698, 699, 700, 701, 702, 703, 704, 705, 706, 707, 708, 709, 710, 711, 712, 713, 714, 715, 716, 717, 718, 719, 720, 721, 722, 723, 724, 725, 726, 727, 728, 729, 730, 731, 732, 733, 734, 735, 736, 737, 738, 739, 740, 741, 742, 743, 744, 745, 746, 747, 748, 749, 750, 751, 752, 753, 754, 755, 756, 757, 758, 759, 760, 761, 762, 763, 764, 765, 766, 767, 768, 769, 770, 771, 772, 773, 774, 775, 776, 777, 778, 779, 780, 781, 782, 783, 784, 785, 786, 787, 788, 789, 790, 791, 792, 793]","[15, 91, 107, 110, 113, 123, 132, 136, 193, 216, 218, 252, 274, 275, 281, 286, 293, 302, 325, 326, 500, 562, 578, 580, 583, 594, 603, 607, 664, 686, 715, 733, 734, 740, 745, 752, 760, 783, 784]",[],"[271, 272, 273, 274, 275, 276, 730, 731, 732, 733, 734, 735]","[15, 91, 103, 104, 105, 106, 107, 108, 109, 110, 111, 112, 113, 114, 115, 116, 117, 118, 119, 120, 121, 122, 123, 124, 125, 126, 127, 128, 129, 130, 131, 132, 133, 134, 135, 136, 137, 138, 139, 140, 141, 142, 143, 144, 145, 146, 147, 148, 149, 150, 151, 152, 153, 154, 155, 156, 157, 158, 159, 160, 161, 162, 163, 164, 165, 166, 167, 168, 169, 170, 171, 172, 173, 174, 175, 176, 177, 178, 179, 180, 181, 182, 183, 184, 185, 186, 187, 188, 189, 190, 191, 192, 193, 194, 195, 196, 197, 198, 199, 200, 201, 202, 203, 204, 205, 206, 207, 208, 209, 210, 211, 212, 213, 214, 215, 216, 217, 218, 219, 220, 221, 222, 223, 224, 225, 226, 227, 228, 229, 230, 231, 232, 233, 234, 235, 236, 237, 238, 239, 240, 241, 242, 243, 244, 245, 246, 247, 248, 249, 250, 251, 252, 253, 254, 255, 256, 257, 258, 259, 260, 261, 262, 263, 264, 265, 266, 267, 268, 269, 270, 271, 272, 273, 274, 275, 276, 277, 278, 279, 280, 281, 282, 283, 284, 285, 286, 287, 288, 289, 290, 291, 292, 293, 294, 295, 296, 297, 298, 299, 300, 301, 302, 303, 304, 305, 306, 307, 308, 309, 310, 311, 312, 313, 314, 315, 316, 317, 318, 319, 320, 321, 322, 323, 324, 325, 326, 327, 328, 329, 330, 331, 332, 333, 334, 335, 336, 337, 500, 562, 574, 575, 576, 577, 578, 579, 580, 581, 582, 583, 584, 585, 586, 587, 588, 589, 590, 591, 592, 593, 594, 595, 596, 597, 598, 599, 600, 601, 602, 603, 604, 605, 606, 607, 608, 609, 610, 611, 612, 613, 614, 615, 616, 617, 618, 619, 620, 621, 622, 623, 624, 625, 626, 627, 628, 629, 630, 631, 632, 633, 634, 635, 636, 637, 638, 639, 640, 641, 642, 643, 644, 645, 646, 647, 648, 649, 650, 651, 652, 653, 654, 655, 656, 657, 658, 659, 660, 661, 662, 663, 664, 665, 666, 667, 668, 669, 670, 671, 672, 673, 674, 675, 676, 677, 678, 679, 680, 681, 682, 683, 684, 685, 686, 687, 688, 689, 690, 691, 692, 693, 694, 695, 696, 697, 698, 699, 700, 701, 702, 703, 704, 705, 706, 707, 708, 709, 710, 711, 712, 713, 714, 715, 716, 717, 718, 719, 720, 721, 722, 723, 724, 725, 726, 727, 728, 729, 730, 731, 732, 733, 734, 735, 736, 737, 738, 739, 740, 741, 742, 743, 744, 745, 746, 747, 748, 749, 750, 751, 752, 753, 754, 755, 756, 757, 758, 759, 760, 761, 762, 763, 764, 765, 766, 767, 768, 769, 770, 771, 772, 773, 774, 775, 776, 777, 778, 779, 780, 781, 782, 783, 784, 785, 786, 787, 788, 789, 790, 791, 792, 793]",True,"[275, 734]","[103, 104, 105, 106, 107, 108, 109, 110, 111, 112, 113, 114, 115, 116, 117, 118, 119, 120, 121, 122, 123, 124, 125, 126, 127, 128, 129, 130, 131, 132, 133, 134, 135, 136, 137, 138, 139, 140, 141, 142, 143, 144, 145, 146, 147, 148, 149, 150, 151, 152, 153, 154, 155, 156, 157, 158, 159, 160, 161, 162, 163, 164, 165, 166, 167, 168, 169, 170, 171, 172, 173, 174, 175, 176, 177, 178, 179, 180, 181, 182, 183, 184, 185, 186, 187, 188, 189, 190, 191, 192, 193, 194, 195, 196, 197, 198, 199, 200, 201, 202, 203, 204, 205, 206, 207, 208, 209, 210, 211, 212, 213, 214, 215, 216, 217, 218, 219, 220, 221, 222, 223, 224, 225, 226, 227, 228, 229, 230, 231, 232, 233, 234, 235, 236, 237, 238, 239, 240, 241, 242, 243, 244, 245, 246, 247, 248, 249, 250, 251, 252, 253, 254, 255, 256, 257, 258, 259, 260, 261, 262, 263, 264, 265, 266, 267, 268, 269, 270, 271, 272, 273, 274, 275, 276, 277, 278, 279, 280, 281, 282, 283, 284, 285, 286, 287, 288, 289, 290, 291, 292, 293, 294, 295, 296, 297, 298, 299, 300, 301, 302, 303, 304, 305, 306, 307, 308, 309, 310, 311, 312, 313, 314, 315, 316, 317, 318, 319, 320, 321, 322, 323, 324, 325, 326, 327, 328, 329, 330, 331, 332, 333, 334, 335, 336, 337, 574, 575, 576, 577, 578, 579, 580, 581, 582, 583, 584, 585, 586, 587, 588, 589, 590, 591, 592, 593, 594, 595, 596, 597, 598, 599, 600, 601, 602, 603, 604, 605, 606, 607, 608, 609, 610, 611, 612, 613, 614, 615, 616, 617, 618, 619, 620, 621, 622, 623, 624, 625, 626, 627, 628, 629, 630, 631, 632, 633, 634, 635, 636, 637, 638, 639, 640, 641, 642, 643, 644, 645, 646, 647, 648, 649, 650, 651, 652, 653, 654, 655, 656, 657, 658, 659, 660, 661, 662, 663, 664, 665, 666, 667, 668, 669, 670, 671, 672, 673, 674, 675, 676, 677, 678, 679, 680, 681, 682, 683, 684, 685, 686, 687, 688, 689, 690, 691, 692, 693, 694, 695, 696, 697, 698, 699, 700, 701, 702, 703, 704, 705, 706, 707, 708, 709, 710, 711, 712, 713, 714, 715, 716, 717, 718, 719, 720, 721, 722, 723, 724, 725, 726, 727, 728, 729, 730, 731, 732, 733, 734, 735, 736, 737, 738, 739, 740, 741, 742, 743, 744, 745, 746, 747, 748, 749, 750, 751, 752, 753, 754, 755, 756, 757, 758, 759, 760, 761, 762, 763, 764, 765, 766, 767, 768, 769, 770, 771, 772, 773, 774, 775, 776, 777, 778, 779, 780, 781, 782, 783, 784, 785, 786, 787, 788, 789, 790, 791, 792, 793]","[209, 243, 273, 275, 311, 325, 679, 707, 732, 734, 769, 783]","[105, 165, 210, 275, 576, 637, 680, 734]","[15, 91, 107, 110, 113, 123, 132, 136, 193, 216, 218, 252, 274, 275, 281, 286, 293, 302, 325, 326, 500, 562, 578, 580, 583, 594, 603, 607, 664, 686, 715, 733, 734, 740, 745, 752, 760, 783, 784]","[271, 272, 273, 274, 275, 276, 730, 731, 732, 733, 734, 735]",[],7/6 successful match,True,[99],True,363,False,,1.0,True,Rotten Robbie # 60,
Santa Rosa ( 95407 ) Rotten Robbie # 60,707-584-9610 US 101 Exit 485 ( Todd Rd E ),<U+2610> <U+2610>,Santa Rosa,95407,Rotten Robbie # 60,707-584-9610,2015,Santa Rosa,CA,,( Todd Rd E ),US 101 Exit 485 ,Exit,485,False,,False,US 101,,,,,"[275, 734]","[275, 734]","[209, 243, 273, 275, 311, 325, 679, 707, 732, 734, 769, 783]","[105, 165, 210, 275, 576, 637, 680, 734]","[103, 104, 105, 106, 107, 108, 109, 110, 111, 112, 113, 114, 115, 116, 117, 118, 119, 120, 121, 122, 123, 124, 125, 126, 127, 128, 129, 130, 131, 132, 133, 134, 135, 136, 137, 138, 139, 140, 141, 142, 143, 144, 145, 146, 147, 148, 149, 150, 151, 152, 153, 154, 155, 156, 157, 158, 159, 160, 161, 162, 163, 164, 165, 166, 167, 168, 169, 170, 171, 172, 173, 174, 175, 176, 177, 178, 179, 180, 181, 182, 183, 184, 185, 186, 187, 188, 189, 190, 191, 192, 193, 194, 195, 196, 197, 198, 199, 200, 201, 202, 203, 204, 205, 206, 207, 208, 209, 210, 211, 212, 213, 214, 215, 216, 217, 218, 219, 220, 221, 222, 223, 224, 225, 226, 227, 228, 229, 230, 231, 232, 233, 234, 235, 236, 237, 238, 239, 240, 241, 242, 243, 244, 245, 246, 247, 248, 249, 250, 251, 252, 253, 254, 255, 256, 257, 258, 259, 260, 261, 262, 263, 264, 265, 266, 267, 268, 269, 270, 271, 272, 273, 274, 275, 276, 277, 278, 279, 280, 281, 282, 283, 284, 285, 286, 287, 288, 289, 290, 291, 292, 293, 294, 295, 296, 297, 298, 299, 300, 301, 302, 303, 304, 305, 306, 307, 308, 309, 310, 311, 312, 313, 314, 315, 316, 317, 318, 319, 320, 321, 322, 323, 324, 325, 326, 327, 328, 329, 330, 331, 332, 333, 334, 335, 336, 337, 574, 575, 576, 577, 578, 579, 580, 581, 582, 583, 584, 585, 586, 587, 588, 589, 590, 591, 592, 593, 594, 595, 596, 597, 598, 599, 600, 601, 602, 603, 604, 605, 606, 607, 608, 609, 610, 611, 612, 613, 614, 615, 616, 617, 618, 619, 620, 621, 622, 623, 624, 625, 626, 627, 628, 629, 630, 631, 632, 633, 634, 635, 636, 637, 638, 639, 640, 641, 642, 643, 644, 645, 646, 647, 648, 649, 650, 651, 652, 653, 654, 655, 656, 657, 658, 659, 660, 661, 662, 663, 664, 665, 666, 667, 668, 669, 670, 671, 672, 673, 674, 675, 676, 677, 678, 679, 680, 681, 682, 683, 684, 685, 686, 687, 688, 689, 690, 691, 692, 693, 694, 695, 696, 697, 698, 699, 700, 701, 702, 703, 704, 705, 706, 707, 708, 709, 710, 711, 712, 713, 714, 715, 716, 717, 718, 719, 720, 721, 722, 723, 724, 725, 726, 727, 728, 729, 730, 731, 732, 733, 734, 735, 736, 737, 738, 739, 740, 741, 742, 743, 744, 745, 746, 747, 748, 749, 750, 751, 752, 753, 754, 755, 756, 757, 758, 759, 760, 761, 762, 763, 764, 765, 766, 767, 768, 769, 770, 771, 772, 773, 774, 775, 776, 777, 778, 779, 780, 781, 782, 783, 784, 785, 786, 787, 788, 789, 790, 791, 792, 793]","[15, 91, 107, 110, 113, 123, 132, 136, 193, 216, 218, 252, 274, 275, 281, 286, 293, 302, 325, 326, 500, 562, 578, 580, 583, 594, 603, 607, 664, 686, 715, 733, 734, 740, 745, 752, 760, 783, 784]",[],"[271, 272, 273, 274, 275, 276, 730, 731, 732, 733, 734, 735]","[15, 91, 103, 104, 105, 106, 107, 108, 109, 110, 111, 112, 113, 114, 115, 116, 117, 118, 119, 120, 121, 122, 123, 124, 125, 126, 127, 128, 129, 130, 131, 132, 133, 134, 135, 136, 137, 138, 139, 140, 141, 142, 143, 144, 145, 146, 147, 148, 149, 150, 151, 152, 153, 154, 155, 156, 157, 158, 159, 160, 161, 162, 163, 164, 165, 166, 167, 168, 169, 170, 171, 172, 173, 174, 175, 176, 177, 178, 179, 180, 181, 182, 183, 184, 185, 186, 187, 188, 189, 190, 191, 192, 193, 194, 195, 196, 197, 198, 199, 200, 201, 202, 203, 204, 205, 206, 207, 208, 209, 210, 211, 212, 213, 214, 215, 216, 217, 218, 219, 220, 221, 222, 223, 224, 225, 226, 227, 228, 229, 230, 231, 232, 233, 234, 235, 236, 237, 238, 239, 240, 241, 242, 243, 244, 245, 246, 247, 248, 249, 250, 251, 252, 253, 254, 255, 256, 257, 258, 259, 260, 261, 262, 263, 264, 265, 266, 267, 268, 269, 270, 271, 272, 273, 274, 275, 276, 277, 278, 279, 280, 281, 282, 283, 284, 285, 286, 287, 288, 289, 290, 291, 292, 293, 294, 295, 296, 297, 298, 299, 300, 301, 302, 303, 304, 305, 306, 307, 308, 309, 310, 311, 312, 313, 314, 315, 316, 317, 318, 319, 320, 321, 322, 323, 324, 325, 326, 327, 328, 329, 330, 331, 332, 333, 334, 335, 336, 337, 500, 562, 574, 575, 576, 577, 578, 579, 580, 581, 582, 583, 584, 585, 586, 587, 588, 589, 590, 591, 592, 593, 594, 595, 596, 597, 598, 599, 600, 601, 602, 603, 604, 605, 606, 607, 608, 609, 610, 611, 612, 613, 614, 615, 616, 617, 618, 619, 620, 621, 622, 623, 624, 625, 626, 627, 628, 629, 630, 631, 632, 633, 634, 635, 636, 637, 638, 639, 640, 641, 642, 643, 644, 645, 646, 647, 648, 649, 650, 651, 652, 653, 654, 655, 656, 657, 658, 659, 660, 661, 662, 663, 664, 665, 666, 667, 668, 669, 670, 671, 672, 673, 674, 675, 676, 677, 678, 679, 680, 681, 682, 683, 684, 685, 686, 687, 688, 689, 690, 691, 692, 693, 694, 695, 696, 697, 698, 699, 700, 701, 702, 703, 704, 705, 706, 707, 708, 709, 710, 711, 712, 713, 714, 715, 716, 717, 718, 719, 720, 721, 722, 723, 724, 725, 726, 727, 728, 729, 730, 731, 732, 733, 734, 735, 736, 737, 738, 739, 740, 741, 742, 743, 744, 745, 746, 747, 748, 749, 750, 751, 752, 753, 754, 755, 756, 757, 758, 759, 760, 761, 762, 763, 764, 765, 766, 767, 768, 769, 770, 771, 772, 773, 774, 775, 776, 777, 778, 779, 780, 781, 782, 783, 784, 785, 786, 787, 788, 789, 790, 791, 792, 793]",True,"[275, 734]","[103, 104, 105, 106, 107, 108, 109, 110, 111, 112, 113, 114, 115, 116, 117, 118, 119, 120, 121, 122, 123, 124, 125, 126, 127, 128, 129, 130, 131, 132, 133, 134, 135, 136, 137, 138, 139, 140, 141, 142, 143, 144, 145, 146, 147, 148, 149, 150, 151, 152, 153, 154, 155, 156, 157, 158, 159, 160, 161, 162, 163, 164, 165, 166, 167, 168, 169, 170, 171, 172, 173, 174, 175, 176, 177, 178, 179, 180, 181, 182, 183, 184, 185, 186, 187, 188, 189, 190, 191, 192, 193, 194, 195, 196, 197, 198, 199, 200, 201, 202, 203, 204, 205, 206, 207, 208, 209, 210, 211, 212, 213, 214, 215, 216, 217, 218, 219, 220, 221, 222, 223, 224, 225, 226, 227, 228, 229, 230, 231, 232, 233, 234, 235, 236, 237, 238, 239, 240, 241, 242, 243, 244, 245, 246, 247, 248, 249, 250, 251, 252, 253, 254, 255, 256, 257, 258, 259, 260, 261, 262, 263, 264, 265, 266, 267, 268, 269, 270, 271, 272, 273, 274, 275, 276, 277, 278, 279, 280, 281, 282, 283, 284, 285, 286, 287, 288, 289, 290, 291, 292, 293, 294, 295, 296, 297, 298, 299, 300, 301, 302, 303, 304, 305, 306, 307, 308, 309, 310, 311, 312, 313, 314, 315, 316, 317, 318, 319, 320, 321, 322, 323, 324, 325, 326, 327, 328, 329, 330, 331, 332, 333, 334, 335, 336, 337, 574, 575, 576, 577, 578, 579, 580, 581, 582, 583, 584, 585, 586, 587, 588, 589, 590, 591, 592, 593, 594, 595, 596, 597, 598, 599, 600, 601, 602, 603, 604, 605, 606, 607, 608, 609, 610, 611, 612, 613, 614, 615, 616, 617, 618, 619, 620, 621, 622, 623, 624, 625, 626, 627, 628, 629, 630, 631, 632, 633, 634, 635, 636, 637, 638, 639, 640, 641, 642, 643, 644, 645, 646, 647, 648, 649, 650, 651, 652, 653, 654, 655, 656, 657, 658, 659, 660, 661, 662, 663, 664, 665, 666, 667, 668, 669, 670, 671, 672, 673, 674, 675, 676, 677, 678, 679, 680, 681, 682, 683, 684, 685, 686, 687, 688, 689, 690, 691, 692, 693, 694, 695, 696, 697, 698, 699, 700, 701, 702, 703, 704, 705, 706, 707, 708, 709, 710, 711, 712, 713, 714, 715, 716, 717, 718, 719, 720, 721, 722, 723, 724, 725, 726, 727, 728, 729, 730, 731, 732, 733, 734, 735, 736, 737, 738, 739, 740, 741, 742, 743, 744, 745, 746, 747, 748, 749, 750, 751, 752, 753, 754, 755, 756, 757, 758, 759, 760, 761, 762, 763, 764, 765, 766, 767, 768, 769, 770, 771, 772, 773, 774, 775, 776, 777, 778, 779, 780, 781, 782, 783, 784, 785, 786, 787, 788, 789, 790, 791, 792, 793]","[209, 243, 273, 275, 311, 325, 679, 707, 732, 734, 769, 783]","[105, 165, 210, 275, 576, 637, 680, 734]","[15, 91, 107, 110, 113, 123, 132, 136, 193, 216, 218, 252, 274, 275, 281, 286, 293, 302, 325, 326, 500, 562, 578, 580, 583, 594, 603, 607, 664, 686, 715, 733, 734, 740, 745, 752, 760, 783, 784]","[271, 272, 273, 274, 275, 276, 730, 731, 732, 733, 734, 735]",[],7/6 successful match,True,[99],True,363,False,,1.0,True,Rotten Robbie # 60,
D Santa Rosa ( 95407 ) Rotten Robbie # 60,707-584-9610 US 101 Exit 485 ( Todd Rd E ),24 0,Santa Rosa,95407,Rotten Robbie # 60,707-584-9610,2016,Santa Rosa,CA,,( Todd Rd E ),US 101 Exit 485 ,Exit,485,False,,False,US 101,,,,,"[275, 734]","[275, 734]","[209, 243, 273, 275, 311, 325, 679, 707, 732, 734, 769, 783]","[105, 165, 210, 275, 576, 637, 680, 734]","[103, 104, 105, 106, 107, 108, 109, 110, 111, 112, 113, 114, 115, 116, 117, 118, 119, 120, 121, 122, 123, 124, 125, 126, 127, 128, 129, 130, 131, 132, 133, 134, 135, 136, 137, 138, 139, 140, 141, 142, 143, 144, 145, 146, 147, 148, 149, 150, 151, 152, 153, 154, 155, 156, 157, 158, 159, 160, 161, 162, 163, 164, 165, 166, 167, 168, 169, 170, 171, 172, 173, 174, 175, 176, 177, 178, 179, 180, 181, 182, 183, 184, 185, 186, 187, 188, 189, 190, 191, 192, 193, 194, 195, 196, 197, 198, 199, 200, 201, 202, 203, 204, 205, 206, 207, 208, 209, 210, 211, 212, 213, 214, 215, 216, 217, 218, 219, 220, 221, 222, 223, 224, 225, 226, 227, 228, 229, 230, 231, 232, 233, 234, 235, 236, 237, 238, 239, 240, 241, 242, 243, 244, 245, 246, 247, 248, 249, 250, 251, 252, 253, 254, 255, 256, 257, 258, 259, 260, 261, 262, 263, 264, 265, 266, 267, 268, 269, 270, 271, 272, 273, 274, 275, 276, 277, 278, 279, 280, 281, 282, 283, 284, 285, 286, 287, 288, 289, 290, 291, 292, 293, 294, 295, 296, 297, 298, 299, 300, 301, 302, 303, 304, 305, 306, 307, 308, 309, 310, 311, 312, 313, 314, 315, 316, 317, 318, 319, 320, 321, 322, 323, 324, 325, 326, 327, 328, 329, 330, 331, 332, 333, 334, 335, 336, 337, 574, 575, 576, 577, 578, 579, 580, 581, 582, 583, 584, 585, 586, 587, 588, 589, 590, 591, 592, 593, 594, 595, 596, 597, 598, 599, 600, 601, 602, 603, 604, 605, 606, 607, 608, 609, 610, 611, 612, 613, 614, 615, 616, 617, 618, 619, 620, 621, 622, 623, 624, 625, 626, 627, 628, 629, 630, 631, 632, 633, 634, 635, 636, 637, 638, 639, 640, 641, 642, 643, 644, 645, 646, 647, 648, 649, 650, 651, 652, 653, 654, 655, 656, 657, 658, 659, 660, 661, 662, 663, 664, 665, 666, 667, 668, 669, 670, 671, 672, 673, 674, 675, 676, 677, 678, 679, 680, 681, 682, 683, 684, 685, 686, 687, 688, 689, 690, 691, 692, 693, 694, 695, 696, 697, 698, 699, 700, 701, 702, 703, 704, 705, 706, 707, 708, 709, 710, 711, 712, 713, 714, 715, 716, 717, 718, 719, 720, 721, 722, 723, 724, 725, 726, 727, 728, 729, 730, 731, 732, 733, 734, 735, 736, 737, 738, 739, 740, 741, 742, 743, 744, 745, 746, 747, 748, 749, 750, 751, 752, 753, 754, 755, 756, 757, 758, 759, 760, 761, 762, 763, 764, 765, 766, 767, 768, 769, 770, 771, 772, 773, 774, 775, 776, 777, 778, 779, 780, 781, 782, 783, 784, 785, 786, 787, 788, 789, 790, 791, 792, 793]","[15, 91, 107, 110, 113, 123, 132, 136, 193, 216, 218, 252, 274, 275, 281, 286, 293, 302, 325, 326, 500, 562, 578, 580, 583, 594, 603, 607, 664, 686, 715, 733, 734, 740, 745, 752, 760, 783, 784]",[],"[271, 272, 273, 274, 275, 276, 730, 731, 732, 733, 734, 735]","[15, 91, 103, 104, 105, 106, 107, 108, 109, 110, 111, 112, 113, 114, 115, 116, 117, 118, 119, 120, 121, 122, 123, 124, 125, 126, 127, 128, 129, 130, 131, 132, 133, 134, 135, 136, 137, 138, 139, 140, 141, 142, 143, 144, 145, 146, 147, 148, 149, 150, 151, 152, 153, 154, 155, 156, 157, 158, 159, 160, 161, 162, 163, 164, 165, 166, 167, 168, 169, 170, 171, 172, 173, 174, 175, 176, 177, 178, 179, 180, 181, 182, 183, 184, 185, 186, 187, 188, 189, 190, 191, 192, 193, 194, 195, 196, 197, 198, 199, 200, 201, 202, 203, 204, 205, 206, 207, 208, 209, 210, 211, 212, 213, 214, 215, 216, 217, 218, 219, 220, 221, 222, 223, 224, 225, 226, 227, 228, 229, 230, 231, 232, 233, 234, 235, 236, 237, 238, 239, 240, 241, 242, 243, 244, 245, 246, 247, 248, 249, 250, 251, 252, 253, 254, 255, 256, 257, 258, 259, 260, 261, 262, 263, 264, 265, 266, 267, 268, 269, 270, 271, 272, 273, 274, 275, 276, 277, 278, 279, 280, 281, 282, 283, 284, 285, 286, 287, 288, 289, 290, 291, 292, 293, 294, 295, 296, 297, 298, 299, 300, 301, 302, 303, 304, 305, 306, 307, 308, 309, 310, 311, 312, 313, 314, 315, 316, 317, 318, 319, 320, 321, 322, 323, 324, 325, 326, 327, 328, 329, 330, 331, 332, 333, 334, 335, 336, 337, 500, 562, 574, 575, 576, 577, 578, 579, 580, 581, 582, 583, 584, 585, 586, 587, 588, 589, 590, 591, 592, 593, 594, 595, 596, 597, 598, 599, 600, 601, 602, 603, 604, 605, 606, 607, 608, 609, 610, 611, 612, 613, 614, 615, 616, 617, 618, 619, 620, 621, 622, 623, 624, 625, 626, 627, 628, 629, 630, 631, 632, 633, 634, 635, 636, 637, 638, 639, 640, 641, 642, 643, 644, 645, 646, 647, 648, 649, 650, 651, 652, 653, 654, 655, 656, 657, 658, 659, 660, 661, 662, 663, 664, 665, 666, 667, 668, 669, 670, 671, 672, 673, 674, 675, 676, 677, 678, 679, 680, 681, 682, 683, 684, 685, 686, 687, 688, 689, 690, 691, 692, 693, 694, 695, 696, 697, 698, 699, 700, 701, 702, 703, 704, 705, 706, 707, 708, 709, 710, 711, 712, 713, 714, 715, 716, 717, 718, 719, 720, 721, 722, 723, 724, 725, 726, 727, 728, 729, 730, 731, 732, 733, 734, 735, 736, 737, 738, 739, 740, 741, 742, 743, 744, 745, 746, 747, 748, 749, 750, 751, 752, 753, 754, 755, 756, 757, 758, 759, 760, 761, 762, 763, 764, 765, 766, 767, 768, 769, 770, 771, 772, 773, 774, 775, 776, 777, 778, 779, 780, 781, 782, 783, 784, 785, 786, 787, 788, 789, 790, 791, 792, 793]",True,"[275, 734]","[103, 104, 105, 106, 107, 108, 109, 110, 111, 112, 113, 114, 115, 116, 117, 118, 119, 120, 121, 122, 123, 124, 125, 126, 127, 128, 129, 130, 131, 132, 133, 134, 135, 136, 137, 138, 139, 140, 141, 142, 143, 144, 145, 146, 147, 148, 149, 150, 151, 152, 153, 154, 155, 156, 157, 158, 159, 160, 161, 162, 163, 164, 165, 166, 167, 168, 169, 170, 171, 172, 173, 174, 175, 176, 177, 178, 179, 180, 181, 182, 183, 184, 185, 186, 187, 188, 189, 190, 191, 192, 193, 194, 195, 196, 197, 198, 199, 200, 201, 202, 203, 204, 205, 206, 207, 208, 209, 210, 211, 212, 213, 214, 215, 216, 217, 218, 219, 220, 221, 222, 223, 224, 225, 226, 227, 228, 229, 230, 231, 232, 233, 234, 235, 236, 237, 238, 239, 240, 241, 242, 243, 244, 245, 246, 247, 248, 249, 250, 251, 252, 253, 254, 255, 256, 257, 258, 259, 260, 261, 262, 263, 264, 265, 266, 267, 268, 269, 270, 271, 272, 273, 274, 275, 276, 277, 278, 279, 280, 281, 282, 283, 284, 285, 286, 287, 288, 289, 290, 291, 292, 293, 294, 295, 296, 297, 298, 299, 300, 301, 302, 303, 304, 305, 306, 307, 308, 309, 310, 311, 312, 313, 314, 315, 316, 317, 318, 319, 320, 321, 322, 323, 324, 325, 326, 327, 328, 329, 330, 331, 332, 333, 334, 335, 336, 337, 574, 575, 576, 577, 578, 579, 580, 581, 582, 583, 584, 585, 586, 587, 588, 589, 590, 591, 592, 593, 594, 595, 596, 597, 598, 599, 600, 601, 602, 603, 604, 605, 606, 607, 608, 609, 610, 611, 612, 613, 614, 615, 616, 617, 618, 619, 620, 621, 622, 623, 624, 625, 626, 627, 628, 629, 630, 631, 632, 633, 634, 635, 636, 637, 638, 639, 640, 641, 642, 643, 644, 645, 646, 647, 648, 649, 650, 651, 652, 653, 654, 655, 656, 657, 658, 659, 660, 661, 662, 663, 664, 665, 666, 667, 668, 669, 670, 671, 672, 673, 674, 675, 676, 677, 678, 679, 680, 681, 682, 683, 684, 685, 686, 687, 688, 689, 690, 691, 692, 693, 694, 695, 696, 697, 698, 699, 700, 701, 702, 703, 704, 705, 706, 707, 708, 709, 710, 711, 712, 713, 714, 715, 716, 717, 718, 719, 720, 721, 722, 723, 724, 725, 726, 727, 728, 729, 730, 731, 732, 733, 734, 735, 736, 737, 738, 739, 740, 741, 742, 743, 744, 745, 746, 747, 748, 749, 750, 751, 752, 753, 754, 755, 756, 757, 758, 759, 760, 761, 762, 763, 764, 765, 766, 767, 768, 769, 770, 771, 772, 773, 774, 775, 776, 777, 778, 779, 780, 781, 782, 783, 784, 785, 786, 787, 788, 789, 790, 791, 792, 793]","[209, 243, 273, 275, 311, 325, 679, 707, 732, 734, 769, 783]","[105, 165, 210, 275, 576, 637, 680, 734]","[15, 91, 107, 110, 113, 123, 132, 136, 193, 216, 218, 252, 274, 275, 281, 286, 293, 302, 325, 326, 500, 562, 578, 580, 583, 594, 603, 607, 664, 686, 715, 733, 734, 740, 745, 752, 760, 783, 784]","[271, 272, 273, 274, 275, 276, 730, 731, 732, 733, 734, 735]",[],7/6 successful match,True,[99],True,363,False,,1.0,True,Rotten Robbie # 60,
"Lakeport , 95453 Golden Gate Petroleum ( Shell )",707-263-5790 2725 S Main St,""" <U+2610>",Lakeport,95453,Golden Gate Petroleum ( Shell ),707-263-5790,2006,Lakeport,CA,Shell,,2725 S Main St,Proper,,False,,False,S Main St,,,,,"[272, 731]","[272, 332, 731, 789]","[272, 332, 731, 789]",[],"[103, 104, 105, 106, 107, 108, 109, 110, 111, 112, 113, 114, 115, 116, 117, 118, 119, 120, 121, 122, 123, 124, 125, 126, 127, 128, 129, 130, 131, 132, 133, 134, 135, 136, 137, 138, 139, 140, 141, 142, 143, 144, 145, 146, 147, 148, 149, 150, 151, 152, 153, 154, 155, 156, 157, 158, 159, 160, 161, 162, 163, 164, 165, 166, 167, 168, 169, 170, 171, 172, 173, 174, 175, 176, 177, 178, 179, 180, 181, 182, 183, 184, 185, 186, 187, 188, 189, 190, 191, 192, 193, 194, 195, 196, 197, 198, 199, 200, 201, 202, 203, 204, 205, 206, 207, 208, 209, 210, 211, 212, 213, 214, 215, 216, 217, 218, 219, 220, 221, 222, 223, 224, 225, 226, 227, 228, 229, 230, 231, 232, 233, 234, 235, 236, 237, 238, 239, 240, 241, 242, 243, 244, 245, 246, 247, 248, 249, 250, 251, 252, 253, 254, 255, 256, 257, 258, 259, 260, 261, 262, 263, 264, 265, 266, 267, 268, 269, 270, 271, 272, 273, 274, 275, 276, 277, 278, 279, 280, 281, 282, 283, 284, 285, 286, 287, 288, 289, 290, 291, 292, 293, 294, 295, 296, 297, 298, 299, 300, 301, 302, 303, 304, 305, 306, 307, 308, 309, 310, 311, 312, 313, 314, 315, 316, 317, 318, 319, 320, 321, 322, 323, 324, 325, 326, 327, 328, 329, 330, 331, 332, 333, 334, 335, 336, 337, 574, 575, 576, 577, 578, 579, 580, 581, 582, 583, 584, 585, 586, 587, 588, 589, 590, 591, 592, 593, 594, 595, 596, 597, 598, 599, 600, 601, 602, 603, 604, 605, 606, 607, 608, 609, 610, 611, 612, 613, 614, 615, 616, 617, 618, 619, 620, 621, 622, 623, 624, 625, 626, 627, 628, 629, 630, 631, 632, 633, 634, 635, 636, 637, 638, 639, 640, 641, 642, 643, 644, 645, 646, 647, 648, 649, 650, 651, 652, 653, 654, 655, 656, 657, 658, 659, 660, 661, 662, 663, 664, 665, 666, 667, 668, 669, 670, 671, 672, 673, 674, 675, 676, 677, 678, 679, 680, 681, 682, 683, 684, 685, 686, 687, 688, 689, 690, 691, 692, 693, 694, 695, 696, 697, 698, 699, 700, 701, 702, 703, 704, 705, 706, 707, 708, 709, 710, 711, 712, 713, 714, 715, 716, 717, 718, 719, 720, 721, 722, 723, 724, 725, 726, 727, 728, 729, 730, 731, 732, 733, 734, 735, 736, 737, 738, 739, 740, 741, 742, 743, 744, 745, 746, 747, 748, 749, 750, 751, 752, 753, 754, 755, 756, 757, 758, 759, 760, 761, 762, 763, 764, 765, 766, 767, 768, 769, 770, 771, 772, 773, 774, 775, 776, 777, 778, 779, 780, 781, 782, 783, 784, 785, 786, 787, 788, 789, 790, 791, 792, 793]","[36, 73, 84, 122, 130, 141, 187, 213, 246, 272, 349, 388, 398, 406, 408, 409, 410, 415, 423, 425, 427, 434, 440, 444, 451, 453, 455, 456, 465, 467, 473, 517, 547, 555, 593, 601, 612, 658, 683, 710, 731, 804, 838, 855, 858, 859, 861, 866, 875, 877, 879, 886, 891, 894, 898, 900, 902, 903, 904, 912, 914, 920, 921, 926, 931]","[1, 13, 14, 29, 54, 55, 56, 57, 58, 60, 102, 118, 125, 127, 130, 134, 146, 149, 153, 175, 182, 187, 189, 191, 197, 225, 230, 238, 264, 265, 266, 286, 302, 317, 336, 379, 388, 389, 425, 454, 458, 463, 475, 487, 498, 499, 512, 530, 531, 532, 533, 534, 536, 573, 589, 596, 598, 601, 605, 617, 620, 624, 646, 653, 658, 660, 662, 668, 689, 694, 702, 724, 725, 745, 760, 775, 793, 829, 838, 839, 877, 901, 903, 905, 910, 923]","[1, 13, 14, 29, 54, 55, 56, 57, 58, 60, 102, 118, 125, 127, 130, 134, 146, 149, 153, 174, 175, 176, 177, 178, 182, 187, 189, 191, 197, 225, 230, 238, 264, 265, 266, 286, 302, 317, 325, 332, 336, 347, 348, 349, 350, 351, 352, 354, 379, 388, 389, 423, 425, 454, 458, 463, 467, 475, 483, 484, 487, 498, 499, 512, 530, 531, 532, 533, 534, 536, 573, 589, 596, 598, 601, 605, 617, 620, 624, 645, 646, 647, 648, 649, 653, 658, 660, 662, 668, 689, 694, 702, 724, 725, 745, 760, 775, 783, 789, 793, 802, 803, 804, 805, 806, 807, 809, 829, 838, 839, 875, 877, 901, 903, 905, 910, 914, 923, 927, 934, 935]","[1, 13, 14, 29, 36, 54, 55, 56, 57, 58, 60, 73, 84, 102, 103, 104, 105, 106, 107, 108, 109, 110, 111, 112, 113, 114, 115, 116, 117, 118, 119, 120, 121, 122, 123, 124, 125, 126, 127, 128, 129, 130, 131, 132, 133, 134, 135, 136, 137, 138, 139, 140, 141, 142, 143, 144, 145, 146, 147, 148, 149, 150, 151, 152, 153, 154, 155, 156, 157, 158, 159, 160, 161, 162, 163, 164, 165, 166, 167, 168, 169, 170, 171, 172, 173, 174, 175, 176, 177, 178, 179, 180, 181, 182, 183, 184, 185, 186, 187, 188, 189, 190, 191, 192, 193, 194, 195, 196, 197, 198, 199, 200, 201, 202, 203, 204, 205, 206, 207, 208, 209, 210, 211, 212, 213, 214, 215, 216, 217, 218, 219, 220, 221, 222, 223, 224, 225, 226, 227, 228, 229, 230, 231, 232, 233, 234, 235, 236, 237, 238, 239, 240, 241, 242, 243, 244, 245, 246, 247, 248, 249, 250, 251, 252, 253, 254, 255, 256, 257, 258, 259, 260, 261, 262, 263, 264, 265, 266, 267, 268, 269, 270, 271, 272, 273, 274, 275, 276, 277, 278, 279, 280, 281, 282, 283, 284, 285, 286, 287, 288, 289, 290, 291, 292, 293, 294, 295, 296, 297, 298, 299, 300, 301, 302, 303, 304, 305, 306, 307, 308, 309, 310, 311, 312, 313, 314, 315, 316, 317, 318, 319, 320, 321, 322, 323, 324, 325, 326, 327, 328, 329, 330, 331, 332, 333, 334, 335, 336, 337, 347, 348, 349, 350, 351, 352, 354, 379, 388, 389, 398, 406, 408, 409, 410, 415, 423, 425, 427, 434, 440, 444, 451, 453, 454, 455, 456, 458, 463, 465, 467, 473, 475, 483, 484, 487, 498, 499, 512, 517, 530, 531, 532, 533, 534, 536, 547, 555, 573, 574, 575, 576, 577, 578, 579, 580, 581, 582, 583, 584, 585, 586, 587, 588, 589, 590, 591, 592, 593, 594, 595, 596, 597, 598, 599, 600, 601, 602, 603, 604, 605, 606, 607, 608, 609, 610, 611, 612, 613, 614, 615, 616, 617, 618, 619, 620, 621, 622, 623, 624, 625, 626, 627, 628, 629, 630, 631, 632, 633, 634, 635, 636, 637, 638, 639, 640, 641, 642, 643, 644, 645, 646, 647, 648, 649, 650, 651, 652, 653, 654, 655, 656, 657, 658, 659, 660, 661, 662, 663, 664, 665, 666, 667, 668, 669, 670, 671, 672, 673, 674, 675, 676, 677, 678, 679, 680, 681, 682, 683, 684, 685, 686, 687, 688, 689, 690, 691, 692, 693, 694, 695, 696, 697, 698, 699, 700, 701, 702, 703, 704, 705, 706, 707, 708, 709, 710, 711, 712, 713, 714, 715, 716, 717, 718, 719, 720, 721, 722, 723, 724, 725, 726, 727, 728, 729, 730, 731, 732, 733, 734, 735, 736, 737, 738, 739, 740, 741, 742, 743, 744, 745, 746, 747, 748, 749, 750, 751, 752, 753, 754, 755, 756, 757, 758, 759, 760, 761, 762, 763, 764, 765, 766, 767, 768, 769, 770, 771, 772, 773, 774, 775, 776, 777, 778, 779, 780, 781, 782, 783, 784, 785, 786, 787, 788, 789, 790, 791, 792, 793, 802, 803, 804, 805, 806, 807, 809, 829, 838, 839, 855, 858, 859, 861, 866, 875, 877, 879, 886, 891, 894, 898, 900, 901, 902, 903, 904, 905, 910, 912, 914, 920, 921, 923, 926, 927, 931, 934, 935]",True,"[272, 332, 731, 789]","[103, 104, 105, 106, 107, 108, 109, 110, 111, 112, 113, 114, 115, 116, 117, 118, 119, 120, 121, 122, 123, 124, 125, 126, 127, 128, 129, 130, 131, 132, 133, 134, 135, 136, 137, 138, 139, 140, 141, 142, 143, 144, 145, 146, 147, 148, 149, 150, 151, 152, 153, 154, 155, 156, 157, 158, 159, 160, 161, 162, 163, 164, 165, 166, 167, 168, 169, 170, 171, 172, 173, 174, 175, 176, 177, 178, 179, 180, 181, 182, 183, 184, 185, 186, 187, 188, 189, 190, 191, 192, 193, 194, 195, 196, 197, 198, 199, 200, 201, 202, 203, 204, 205, 206, 207, 208, 209, 210, 211, 212, 213, 214, 215, 216, 217, 218, 219, 220, 221, 222, 223, 224, 225, 226, 227, 228, 229, 230, 231, 232, 233, 234, 235, 236, 237, 238, 239, 240, 241, 242, 243, 244, 245, 246, 247, 248, 249, 250, 251, 252, 253, 254, 255, 256, 257, 258, 259, 260, 261, 262, 263, 264, 265, 266, 267, 268, 269, 270, 271, 272, 273, 274, 275, 276, 277, 278, 279, 280, 281, 282, 283, 284, 285, 286, 287, 288, 289, 290, 291, 292, 293, 294, 295, 296, 297, 298, 299, 300, 301, 302, 303, 304, 305, 306, 307, 308, 309, 310, 311, 312, 313, 314, 315, 316, 317, 318, 319, 320, 321, 322, 323, 324, 325, 326, 327, 328, 329, 330, 331, 332, 333, 334, 335, 336, 337, 574, 575, 576, 577, 578, 579, 580, 581, 582, 583, 584, 585, 586, 587, 588, 589, 590, 591, 592, 593, 594, 595, 596, 597, 598, 599, 600, 601, 602, 603, 604, 605, 606, 607, 608, 609, 610, 611, 612, 613, 614, 615, 616, 617, 618, 619, 620, 621, 622, 623, 624, 625, 626, 627, 628, 629, 630, 631, 632, 633, 634, 635, 636, 637, 638, 639, 640, 641, 642, 643, 644, 645, 646, 647, 648, 649, 650, 651, 652, 653, 654, 655, 656, 657, 658, 659, 660, 661, 662, 663, 664, 665, 666, 667, 668, 669, 670, 671, 672, 673, 674, 675, 676, 677, 678, 679, 680, 681, 682, 683, 684, 685, 686, 687, 688, 689, 690, 691, 692, 693, 694, 695, 696, 697, 698, 699, 700, 701, 702, 703, 704, 705, 706, 707, 708, 709, 710, 711, 712, 713, 714, 715, 716, 717, 718, 719, 720, 721, 722, 723, 724, 725, 726, 727, 728, 729, 730, 731, 732, 733, 734, 735, 736, 737, 738, 739, 740, 741, 742, 743, 744, 745, 746, 747, 748, 749, 750, 751, 752, 753, 754, 755, 756, 757, 758, 759, 760, 761, 762, 763, 764, 765, 766, 767, 768, 769, 770, 771, 772, 773, 774, 775, 776, 777, 778, 779, 780, 781, 782, 783, 784, 785, 786, 787, 788, 789, 790, 791, 792, 793]","[272, 332, 731, 789]",[],"[36, 73, 84, 122, 130, 141, 187, 213, 246, 272, 349, 388, 398, 406, 408, 409, 410, 415, 423, 425, 427, 434, 440, 444, 451, 453, 455, 456, 465, 467, 473, 517, 547, 555, 593, 601, 612, 658, 683, 710, 731, 804, 838, 855, 858, 859, 861, 866, 875, 877, 879, 886, 891, 894, 898, 900, 902, 903, 904, 912, 914, 920, 921, 926, 931]","[1, 13, 14, 29, 54, 55, 56, 57, 58, 60, 102, 118, 125, 127, 130, 134, 146, 149, 153, 174, 175, 176, 177, 178, 182, 187, 189, 191, 197, 225, 230, 238, 264, 265, 266, 286, 302, 317, 325, 332, 336, 347, 348, 349, 350, 351, 352, 354, 379, 388, 389, 423, 425, 454, 458, 463, 467, 475, 483, 484, 487, 498, 499, 512, 530, 531, 532, 533, 534, 536, 573, 589, 596, 598, 601, 605, 617, 620, 624, 645, 646, 647, 648, 649, 653, 658, 660, 662, 668, 689, 694, 702, 724, 725, 745, 760, 775, 783, 789, 793, 802, 803, 804, 805, 806, 807, 809, 829, 838, 839, 875, 877, 901, 903, 905, 910, 914, 923, 927, 934, 935]","[1, 13, 14, 29, 54, 55, 56, 57, 58, 60, 102, 118, 125, 127, 130, 134, 146, 149, 153, 175, 182, 187, 189, 191, 197, 225, 230, 238, 264, 265, 266, 286, 302, 317, 336, 379, 388, 389, 425, 454, 458, 463, 475, 487, 498, 499, 512, 530, 531, 532, 533, 534, 536, 573, 589, 596, 598, 601, 605, 617, 620, 624, 646, 653, 658, 660, 662, 668, 689, 694, 702, 724, 725, 745, 760, 775, 793, 829, 838, 839, 877, 901, 903, 905, 910, 923]",5/6 successful match,True,[606],True,364,False,,,,,
"Lakeport , 95453 Golden Gate Petroleum ( Shell )",707-263-5790 2725 S Main St,00,Lakeport,95453,Golden Gate Petroleum ( Shell ),707-263-5790,2007,Lakeport,CA,Shell,,2725 S Main St,Proper,,False,,False,S Main St,,,,,"[272, 731]","[272, 332, 731, 789]","[272, 332, 731, 789]",[],"[103, 104, 105, 106, 107, 108, 109, 110, 111, 112, 113, 114, 115, 116, 117, 118, 119, 120, 121, 122, 123, 124, 125, 126, 127, 128, 129, 130, 131, 132, 133, 134, 135, 136, 137, 138, 139, 140, 141, 142, 143, 144, 145, 146, 147, 148, 149, 150, 151, 152, 153, 154, 155, 156, 157, 158, 159, 160, 161, 162, 163, 164, 165, 166, 167, 168, 169, 170, 171, 172, 173, 174, 175, 176, 177, 178, 179, 180, 181, 182, 183, 184, 185, 186, 187, 188, 189, 190, 191, 192, 193, 194, 195, 196, 197, 198, 199, 200, 201, 202, 203, 204, 205, 206, 207, 208, 209, 210, 211, 212, 213, 214, 215, 216, 217, 218, 219, 220, 221, 222, 223, 224, 225, 226, 227, 228, 229, 230, 231, 232, 233, 234, 235, 236, 237, 238, 239, 240, 241, 242, 243, 244, 245, 246, 247, 248, 249, 250, 251, 252, 253, 254, 255, 256, 257, 258, 259, 260, 261, 262, 263, 264, 265, 266, 267, 268, 269, 270, 271, 272, 273, 274, 275, 276, 277, 278, 279, 280, 281, 282, 283, 284, 285, 286, 287, 288, 289, 290, 291, 292, 293, 294, 295, 296, 297, 298, 299, 300, 301, 302, 303, 304, 305, 306, 307, 308, 309, 310, 311, 312, 313, 314, 315, 316, 317, 318, 319, 320, 321, 322, 323, 324, 325, 326, 327, 328, 329, 330, 331, 332, 333, 334, 335, 336, 337, 574, 575, 576, 577, 578, 579, 580, 581, 582, 583, 584, 585, 586, 587, 588, 589, 590, 591, 592, 593, 594, 595, 596, 597, 598, 599, 600, 601, 602, 603, 604, 605, 606, 607, 608, 609, 610, 611, 612, 613, 614, 615, 616, 617, 618, 619, 620, 621, 622, 623, 624, 625, 626, 627, 628, 629, 630, 631, 632, 633, 634, 635, 636, 637, 638, 639, 640, 641, 642, 643, 644, 645, 646, 647, 648, 649, 650, 651, 652, 653, 654, 655, 656, 657, 658, 659, 660, 661, 662, 663, 664, 665, 666, 667, 668, 669, 670, 671, 672, 673, 674, 675, 676, 677, 678, 679, 680, 681, 682, 683, 684, 685, 686, 687, 688, 689, 690, 691, 692, 693, 694, 695, 696, 697, 698, 699, 700, 701, 702, 703, 704, 705, 706, 707, 708, 709, 710, 711, 712, 713, 714, 715, 716, 717, 718, 719, 720, 721, 722, 723, 724, 725, 726, 727, 728, 729, 730, 731, 732, 733, 734, 735, 736, 737, 738, 739, 740, 741, 742, 743, 744, 745, 746, 747, 748, 749, 750, 751, 752, 753, 754, 755, 756, 757, 758, 759, 760, 761, 762, 763, 764, 765, 766, 767, 768, 769, 770, 771, 772, 773, 774, 775, 776, 777, 778, 779, 780, 781, 782, 783, 784, 785, 786, 787, 788, 789, 790, 791, 792, 793]","[36, 73, 84, 122, 130, 141, 187, 213, 246, 272, 349, 388, 398, 406, 408, 409, 410, 415, 423, 425, 427, 434, 440, 444, 451, 453, 455, 456, 465, 467, 473, 517, 547, 555, 593, 601, 612, 658, 683, 710, 731, 804, 838, 855, 858, 859, 861, 866, 875, 877, 879, 886, 891, 894, 898, 900, 902, 903, 904, 912, 914, 920, 921, 926, 931]","[1, 13, 14, 29, 54, 55, 56, 57, 58, 60, 102, 118, 125, 127, 130, 134, 146, 149, 153, 175, 182, 187, 189, 191, 197, 225, 230, 238, 264, 265, 266, 286, 302, 317, 336, 379, 388, 389, 425, 454, 458, 463, 475, 487, 498, 499, 512, 530, 531, 532, 533, 534, 536, 573, 589, 596, 598, 601, 605, 617, 620, 624, 646, 653, 658, 660, 662, 668, 689, 694, 702, 724, 725, 745, 760, 775, 793, 829, 838, 839, 877, 901, 903, 905, 910, 923]","[1, 13, 14, 29, 54, 55, 56, 57, 58, 60, 102, 118, 125, 127, 130, 134, 146, 149, 153, 174, 175, 176, 177, 178, 182, 187, 189, 191, 197, 225, 230, 238, 264, 265, 266, 286, 302, 317, 325, 332, 336, 347, 348, 349, 350, 351, 352, 354, 379, 388, 389, 423, 425, 454, 458, 463, 467, 475, 483, 484, 487, 498, 499, 512, 530, 531, 532, 533, 534, 536, 573, 589, 596, 598, 601, 605, 617, 620, 624, 645, 646, 647, 648, 649, 653, 658, 660, 662, 668, 689, 694, 702, 724, 725, 745, 760, 775, 783, 789, 793, 802, 803, 804, 805, 806, 807, 809, 829, 838, 839, 875, 877, 901, 903, 905, 910, 914, 923, 927, 934, 935]","[1, 13, 14, 29, 36, 54, 55, 56, 57, 58, 60, 73, 84, 102, 103, 104, 105, 106, 107, 108, 109, 110, 111, 112, 113, 114, 115, 116, 117, 118, 119, 120, 121, 122, 123, 124, 125, 126, 127, 128, 129, 130, 131, 132, 133, 134, 135, 136, 137, 138, 139, 140, 141, 142, 143, 144, 145, 146, 147, 148, 149, 150, 151, 152, 153, 154, 155, 156, 157, 158, 159, 160, 161, 162, 163, 164, 165, 166, 167, 168, 169, 170, 171, 172, 173, 174, 175, 176, 177, 178, 179, 180, 181, 182, 183, 184, 185, 186, 187, 188, 189, 190, 191, 192, 193, 194, 195, 196, 197, 198, 199, 200, 201, 202, 203, 204, 205, 206, 207, 208, 209, 210, 211, 212, 213, 214, 215, 216, 217, 218, 219, 220, 221, 222, 223, 224, 225, 226, 227, 228, 229, 230, 231, 232, 233, 234, 235, 236, 237, 238, 239, 240, 241, 242, 243, 244, 245, 246, 247, 248, 249, 250, 251, 252, 253, 254, 255, 256, 257, 258, 259, 260, 261, 262, 263, 264, 265, 266, 267, 268, 269, 270, 271, 272, 273, 274, 275, 276, 277, 278, 279, 280, 281, 282, 283, 284, 285, 286, 287, 288, 289, 290, 291, 292, 293, 294, 295, 296, 297, 298, 299, 300, 301, 302, 303, 304, 305, 306, 307, 308, 309, 310, 311, 312, 313, 314, 315, 316, 317, 318, 319, 320, 321, 322, 323, 324, 325, 326, 327, 328, 329, 330, 331, 332, 333, 334, 335, 336, 337, 347, 348, 349, 350, 351, 352, 354, 379, 388, 389, 398, 406, 408, 409, 410, 415, 423, 425, 427, 434, 440, 444, 451, 453, 454, 455, 456, 458, 463, 465, 467, 473, 475, 483, 484, 487, 498, 499, 512, 517, 530, 531, 532, 533, 534, 536, 547, 555, 573, 574, 575, 576, 577, 578, 579, 580, 581, 582, 583, 584, 585, 586, 587, 588, 589, 590, 591, 592, 593, 594, 595, 596, 597, 598, 599, 600, 601, 602, 603, 604, 605, 606, 607, 608, 609, 610, 611, 612, 613, 614, 615, 616, 617, 618, 619, 620, 621, 622, 623, 624, 625, 626, 627, 628, 629, 630, 631, 632, 633, 634, 635, 636, 637, 638, 639, 640, 641, 642, 643, 644, 645, 646, 647, 648, 649, 650, 651, 652, 653, 654, 655, 656, 657, 658, 659, 660, 661, 662, 663, 664, 665, 666, 667, 668, 669, 670, 671, 672, 673, 674, 675, 676, 677, 678, 679, 680, 681, 682, 683, 684, 685, 686, 687, 688, 689, 690, 691, 692, 693, 694, 695, 696, 697, 698, 699, 700, 701, 702, 703, 704, 705, 706, 707, 708, 709, 710, 711, 712, 713, 714, 715, 716, 717, 718, 719, 720, 721, 722, 723, 724, 725, 726, 727, 728, 729, 730, 731, 732, 733, 734, 735, 736, 737, 738, 739, 740, 741, 742, 743, 744, 745, 746, 747, 748, 749, 750, 751, 752, 753, 754, 755, 756, 757, 758, 759, 760, 761, 762, 763, 764, 765, 766, 767, 768, 769, 770, 771, 772, 773, 774, 775, 776, 777, 778, 779, 780, 781, 782, 783, 784, 785, 786, 787, 788, 789, 790, 791, 792, 793, 802, 803, 804, 805, 806, 807, 809, 829, 838, 839, 855, 858, 859, 861, 866, 875, 877, 879, 886, 891, 894, 898, 900, 901, 902, 903, 904, 905, 910, 912, 914, 920, 921, 923, 926, 927, 931, 934, 935]",True,"[272, 332, 731, 789]","[103, 104, 105, 106, 107, 108, 109, 110, 111, 112, 113, 114, 115, 116, 117, 118, 119, 120, 121, 122, 123, 124, 125, 126, 127, 128, 129, 130, 131, 132, 133, 134, 135, 136, 137, 138, 139, 140, 141, 142, 143, 144, 145, 146, 147, 148, 149, 150, 151, 152, 153, 154, 155, 156, 157, 158, 159, 160, 161, 162, 163, 164, 165, 166, 167, 168, 169, 170, 171, 172, 173, 174, 175, 176, 177, 178, 179, 180, 181, 182, 183, 184, 185, 186, 187, 188, 189, 190, 191, 192, 193, 194, 195, 196, 197, 198, 199, 200, 201, 202, 203, 204, 205, 206, 207, 208, 209, 210, 211, 212, 213, 214, 215, 216, 217, 218, 219, 220, 221, 222, 223, 224, 225, 226, 227, 228, 229, 230, 231, 232, 233, 234, 235, 236, 237, 238, 239, 240, 241, 242, 243, 244, 245, 246, 247, 248, 249, 250, 251, 252, 253, 254, 255, 256, 257, 258, 259, 260, 261, 262, 263, 264, 265, 266, 267, 268, 269, 270, 271, 272, 273, 274, 275, 276, 277, 278, 279, 280, 281, 282, 283, 284, 285, 286, 287, 288, 289, 290, 291, 292, 293, 294, 295, 296, 297, 298, 299, 300, 301, 302, 303, 304, 305, 306, 307, 308, 309, 310, 311, 312, 313, 314, 315, 316, 317, 318, 319, 320, 321, 322, 323, 324, 325, 326, 327, 328, 329, 330, 331, 332, 333, 334, 335, 336, 337, 574, 575, 576, 577, 578, 579, 580, 581, 582, 583, 584, 585, 586, 587, 588, 589, 590, 591, 592, 593, 594, 595, 596, 597, 598, 599, 600, 601, 602, 603, 604, 605, 606, 607, 608, 609, 610, 611, 612, 613, 614, 615, 616, 617, 618, 619, 620, 621, 622, 623, 624, 625, 626, 627, 628, 629, 630, 631, 632, 633, 634, 635, 636, 637, 638, 639, 640, 641, 642, 643, 644, 645, 646, 647, 648, 649, 650, 651, 652, 653, 654, 655, 656, 657, 658, 659, 660, 661, 662, 663, 664, 665, 666, 667, 668, 669, 670, 671, 672, 673, 674, 675, 676, 677, 678, 679, 680, 681, 682, 683, 684, 685, 686, 687, 688, 689, 690, 691, 692, 693, 694, 695, 696, 697, 698, 699, 700, 701, 702, 703, 704, 705, 706, 707, 708, 709, 710, 711, 712, 713, 714, 715, 716, 717, 718, 719, 720, 721, 722, 723, 724, 725, 726, 727, 728, 729, 730, 731, 732, 733, 734, 735, 736, 737, 738, 739, 740, 741, 742, 743, 744, 745, 746, 747, 748, 749, 750, 751, 752, 753, 754, 755, 756, 757, 758, 759, 760, 761, 762, 763, 764, 765, 766, 767, 768, 769, 770, 771, 772, 773, 774, 775, 776, 777, 778, 779, 780, 781, 782, 783, 784, 785, 786, 787, 788, 789, 790, 791, 792, 793]","[272, 332, 731, 789]",[],"[36, 73, 84, 122, 130, 141, 187, 213, 246, 272, 349, 388, 398, 406, 408, 409, 410, 415, 423, 425, 427, 434, 440, 444, 451, 453, 455, 456, 465, 467, 473, 517, 547, 555, 593, 601, 612, 658, 683, 710, 731, 804, 838, 855, 858, 859, 861, 866, 875, 877, 879, 886, 891, 894, 898, 900, 902, 903, 904, 912, 914, 920, 921, 926, 931]","[1, 13, 14, 29, 54, 55, 56, 57, 58, 60, 102, 118, 125, 127, 130, 134, 146, 149, 153, 174, 175, 176, 177, 178, 182, 187, 189, 191, 197, 225, 230, 238, 264, 265, 266, 286, 302, 317, 325, 332, 336, 347, 348, 349, 350, 351, 352, 354, 379, 388, 389, 423, 425, 454, 458, 463, 467, 475, 483, 484, 487, 498, 499, 512, 530, 531, 532, 533, 534, 536, 573, 589, 596, 598, 601, 605, 617, 620, 624, 645, 646, 647, 648, 649, 653, 658, 660, 662, 668, 689, 694, 702, 724, 725, 745, 760, 775, 783, 789, 793, 802, 803, 804, 805, 806, 807, 809, 829, 838, 839, 875, 877, 901, 903, 905, 910, 914, 923, 927, 934, 935]","[1, 13, 14, 29, 54, 55, 56, 57, 58, 60, 102, 118, 125, 127, 130, 134, 146, 149, 153, 175, 182, 187, 189, 191, 197, 225, 230, 238, 264, 265, 266, 286, 302, 317, 336, 379, 388, 389, 425, 454, 458, 463, 475, 487, 498, 499, 512, 530, 531, 532, 533, 534, 536, 573, 589, 596, 598, 601, 605, 617, 620, 624, 646, 653, 658, 660, 662, 668, 689, 694, 702, 724, 725, 745, 760, 775, 793, 829, 838, 839, 877, 901, 903, 905, 910, 923]",5/6 successful match,True,[606],True,364,False,,1.0,True,Golden Gate Petroleum ( Shell ),Shell
"Lakeport , 95453 Golden Gate Petroleum N of ( CA Shell 29 ) & CA 175 )",707-263-5790 2725 S Main St,) <U+2610>,Lakeport,95453,Golden Gate Petroleum N of ( CA Shell 29 ) & CA 175 ),707-263-5790,2008,Lakeport,CA,Shell,,2725 S Main St,Proper,,False,,False,S Main St,,,,,"[272, 731]","[272, 332, 731, 789]","[272, 332, 731, 789]",[],"[103, 104, 105, 106, 107, 108, 109, 110, 111, 112, 113, 114, 115, 116, 117, 118, 119, 120, 121, 122, 123, 124, 125, 126, 127, 128, 129, 130, 131, 132, 133, 134, 135, 136, 137, 138, 139, 140, 141, 142, 143, 144, 145, 146, 147, 148, 149, 150, 151, 152, 153, 154, 155, 156, 157, 158, 159, 160, 161, 162, 163, 164, 165, 166, 167, 168, 169, 170, 171, 172, 173, 174, 175, 176, 177, 178, 179, 180, 181, 182, 183, 184, 185, 186, 187, 188, 189, 190, 191, 192, 193, 194, 195, 196, 197, 198, 199, 200, 201, 202, 203, 204, 205, 206, 207, 208, 209, 210, 211, 212, 213, 214, 215, 216, 217, 218, 219, 220, 221, 222, 223, 224, 225, 226, 227, 228, 229, 230, 231, 232, 233, 234, 235, 236, 237, 238, 239, 240, 241, 242, 243, 244, 245, 246, 247, 248, 249, 250, 251, 252, 253, 254, 255, 256, 257, 258, 259, 260, 261, 262, 263, 264, 265, 266, 267, 268, 269, 270, 271, 272, 273, 274, 275, 276, 277, 278, 279, 280, 281, 282, 283, 284, 285, 286, 287, 288, 289, 290, 291, 292, 293, 294, 295, 296, 297, 298, 299, 300, 301, 302, 303, 304, 305, 306, 307, 308, 309, 310, 311, 312, 313, 314, 315, 316, 317, 318, 319, 320, 321, 322, 323, 324, 325, 326, 327, 328, 329, 330, 331, 332, 333, 334, 335, 336, 337, 574, 575, 576, 577, 578, 579, 580, 581, 582, 583, 584, 585, 586, 587, 588, 589, 590, 591, 592, 593, 594, 595, 596, 597, 598, 599, 600, 601, 602, 603, 604, 605, 606, 607, 608, 609, 610, 611, 612, 613, 614, 615, 616, 617, 618, 619, 620, 621, 622, 623, 624, 625, 626, 627, 628, 629, 630, 631, 632, 633, 634, 635, 636, 637, 638, 639, 640, 641, 642, 643, 644, 645, 646, 647, 648, 649, 650, 651, 652, 653, 654, 655, 656, 657, 658, 659, 660, 661, 662, 663, 664, 665, 666, 667, 668, 669, 670, 671, 672, 673, 674, 675, 676, 677, 678, 679, 680, 681, 682, 683, 684, 685, 686, 687, 688, 689, 690, 691, 692, 693, 694, 695, 696, 697, 698, 699, 700, 701, 702, 703, 704, 705, 706, 707, 708, 709, 710, 711, 712, 713, 714, 715, 716, 717, 718, 719, 720, 721, 722, 723, 724, 725, 726, 727, 728, 729, 730, 731, 732, 733, 734, 735, 736, 737, 738, 739, 740, 741, 742, 743, 744, 745, 746, 747, 748, 749, 750, 751, 752, 753, 754, 755, 756, 757, 758, 759, 760, 761, 762, 763, 764, 765, 766, 767, 768, 769, 770, 771, 772, 773, 774, 775, 776, 777, 778, 779, 780, 781, 782, 783, 784, 785, 786, 787, 788, 789, 790, 791, 792, 793]","[36, 73, 84, 122, 130, 141, 187, 213, 246, 272, 349, 388, 398, 406, 408, 409, 410, 415, 423, 425, 427, 434, 440, 444, 451, 453, 455, 456, 465, 467, 473, 517, 547, 555, 593, 601, 612, 658, 683, 710, 731, 804, 838, 855, 858, 859, 861, 866, 875, 877, 879, 886, 891, 894, 898, 900, 902, 903, 904, 912, 914, 920, 921, 926, 931]","[1, 13, 14, 29, 54, 55, 56, 57, 58, 60, 102, 118, 125, 127, 130, 134, 146, 149, 153, 175, 182, 187, 189, 191, 197, 225, 230, 238, 264, 265, 266, 286, 302, 317, 336, 379, 388, 389, 425, 454, 458, 463, 475, 487, 498, 499, 512, 530, 531, 532, 533, 534, 536, 573, 589, 596, 598, 601, 605, 617, 620, 624, 646, 653, 658, 660, 662, 668, 689, 694, 702, 724, 725, 745, 760, 775, 793, 829, 838, 839, 877, 901, 903, 905, 910, 923]","[1, 13, 14, 29, 54, 55, 56, 57, 58, 60, 102, 118, 125, 127, 130, 134, 146, 149, 153, 174, 175, 176, 177, 178, 182, 187, 189, 191, 197, 225, 230, 238, 264, 265, 266, 286, 302, 317, 325, 332, 336, 347, 348, 349, 350, 351, 352, 354, 379, 388, 389, 423, 425, 454, 458, 463, 467, 475, 483, 484, 487, 498, 499, 512, 530, 531, 532, 533, 534, 536, 573, 589, 596, 598, 601, 605, 617, 620, 624, 645, 646, 647, 648, 649, 653, 658, 660, 662, 668, 689, 694, 702, 724, 725, 745, 760, 775, 783, 789, 793, 802, 803, 804, 805, 806, 807, 809, 829, 838, 839, 875, 877, 901, 903, 905, 910, 914, 923, 927, 934, 935]","[1, 13, 14, 29, 36, 54, 55, 56, 57, 58, 60, 73, 84, 102, 103, 104, 105, 106, 107, 108, 109, 110, 111, 112, 113, 114, 115, 116, 117, 118, 119, 120, 121, 122, 123, 124, 125, 126, 127, 128, 129, 130, 131, 132, 133, 134, 135, 136, 137, 138, 139, 140, 141, 142, 143, 144, 145, 146, 147, 148, 149, 150, 151, 152, 153, 154, 155, 156, 157, 158, 159, 160, 161, 162, 163, 164, 165, 166, 167, 168, 169, 170, 171, 172, 173, 174, 175, 176, 177, 178, 179, 180, 181, 182, 183, 184, 185, 186, 187, 188, 189, 190, 191, 192, 193, 194, 195, 196, 197, 198, 199, 200, 201, 202, 203, 204, 205, 206, 207, 208, 209, 210, 211, 212, 213, 214, 215, 216, 217, 218, 219, 220, 221, 222, 223, 224, 225, 226, 227, 228, 229, 230, 231, 232, 233, 234, 235, 236, 237, 238, 239, 240, 241, 242, 243, 244, 245, 246, 247, 248, 249, 250, 251, 252, 253, 254, 255, 256, 257, 258, 259, 260, 261, 262, 263, 264, 265, 266, 267, 268, 269, 270, 271, 272, 273, 274, 275, 276, 277, 278, 279, 280, 281, 282, 283, 284, 285, 286, 287, 288, 289, 290, 291, 292, 293, 294, 295, 296, 297, 298, 299, 300, 301, 302, 303, 304, 305, 306, 307, 308, 309, 310, 311, 312, 313, 314, 315, 316, 317, 318, 319, 320, 321, 322, 323, 324, 325, 326, 327, 328, 329, 330, 331, 332, 333, 334, 335, 336, 337, 347, 348, 349, 350, 351, 352, 354, 379, 388, 389, 398, 406, 408, 409, 410, 415, 423, 425, 427, 434, 440, 444, 451, 453, 454, 455, 456, 458, 463, 465, 467, 473, 475, 483, 484, 487, 498, 499, 512, 517, 530, 531, 532, 533, 534, 536, 547, 555, 573, 574, 575, 576, 577, 578, 579, 580, 581, 582, 583, 584, 585, 586, 587, 588, 589, 590, 591, 592, 593, 594, 595, 596, 597, 598, 599, 600, 601, 602, 603, 604, 605, 606, 607, 608, 609, 610, 611, 612, 613, 614, 615, 616, 617, 618, 619, 620, 621, 622, 623, 624, 625, 626, 627, 628, 629, 630, 631, 632, 633, 634, 635, 636, 637, 638, 639, 640, 641, 642, 643, 644, 645, 646, 647, 648, 649, 650, 651, 652, 653, 654, 655, 656, 657, 658, 659, 660, 661, 662, 663, 664, 665, 666, 667, 668, 669, 670, 671, 672, 673, 674, 675, 676, 677, 678, 679, 680, 681, 682, 683, 684, 685, 686, 687, 688, 689, 690, 691, 692, 693, 694, 695, 696, 697, 698, 699, 700, 701, 702, 703, 704, 705, 706, 707, 708, 709, 710, 711, 712, 713, 714, 715, 716, 717, 718, 719, 720, 721, 722, 723, 724, 725, 726, 727, 728, 729, 730, 731, 732, 733, 734, 735, 736, 737, 738, 739, 740, 741, 742, 743, 744, 745, 746, 747, 748, 749, 750, 751, 752, 753, 754, 755, 756, 757, 758, 759, 760, 761, 762, 763, 764, 765, 766, 767, 768, 769, 770, 771, 772, 773, 774, 775, 776, 777, 778, 779, 780, 781, 782, 783, 784, 785, 786, 787, 788, 789, 790, 791, 792, 793, 802, 803, 804, 805, 806, 807, 809, 829, 838, 839, 855, 858, 859, 861, 866, 875, 877, 879, 886, 891, 894, 898, 900, 901, 902, 903, 904, 905, 910, 912, 914, 920, 921, 923, 926, 927, 931, 934, 935]",True,"[272, 332, 731, 789]","[103, 104, 105, 106, 107, 108, 109, 110, 111, 112, 113, 114, 115, 116, 117, 118, 119, 120, 121, 122, 123, 124, 125, 126, 127, 128, 129, 130, 131, 132, 133, 134, 135, 136, 137, 138, 139, 140, 141, 142, 143, 144, 145, 146, 147, 148, 149, 150, 151, 152, 153, 154, 155, 156, 157, 158, 159, 160, 161, 162, 163, 164, 165, 166, 167, 168, 169, 170, 171, 172, 173, 174, 175, 176, 177, 178, 179, 180, 181, 182, 183, 184, 185, 186, 187, 188, 189, 190, 191, 192, 193, 194, 195, 196, 197, 198, 199, 200, 201, 202, 203, 204, 205, 206, 207, 208, 209, 210, 211, 212, 213, 214, 215, 216, 217, 218, 219, 220, 221, 222, 223, 224, 225, 226, 227, 228, 229, 230, 231, 232, 233, 234, 235, 236, 237, 238, 239, 240, 241, 242, 243, 244, 245, 246, 247, 248, 249, 250, 251, 252, 253, 254, 255, 256, 257, 258, 259, 260, 261, 262, 263, 264, 265, 266, 267, 268, 269, 270, 271, 272, 273, 274, 275, 276, 277, 278, 279, 280, 281, 282, 283, 284, 285, 286, 287, 288, 289, 290, 291, 292, 293, 294, 295, 296, 297, 298, 299, 300, 301, 302, 303, 304, 305, 306, 307, 308, 309, 310, 311, 312, 313, 314, 315, 316, 317, 318, 319, 320, 321, 322, 323, 324, 325, 326, 327, 328, 329, 330, 331, 332, 333, 334, 335, 336, 337, 574, 575, 576, 577, 578, 579, 580, 581, 582, 583, 584, 585, 586, 587, 588, 589, 590, 591, 592, 593, 594, 595, 596, 597, 598, 599, 600, 601, 602, 603, 604, 605, 606, 607, 608, 609, 610, 611, 612, 613, 614, 615, 616, 617, 618, 619, 620, 621, 622, 623, 624, 625, 626, 627, 628, 629, 630, 631, 632, 633, 634, 635, 636, 637, 638, 639, 640, 641, 642, 643, 644, 645, 646, 647, 648, 649, 650, 651, 652, 653, 654, 655, 656, 657, 658, 659, 660, 661, 662, 663, 664, 665, 666, 667, 668, 669, 670, 671, 672, 673, 674, 675, 676, 677, 678, 679, 680, 681, 682, 683, 684, 685, 686, 687, 688, 689, 690, 691, 692, 693, 694, 695, 696, 697, 698, 699, 700, 701, 702, 703, 704, 705, 706, 707, 708, 709, 710, 711, 712, 713, 714, 715, 716, 717, 718, 719, 720, 721, 722, 723, 724, 725, 726, 727, 728, 729, 730, 731, 732, 733, 734, 735, 736, 737, 738, 739, 740, 741, 742, 743, 744, 745, 746, 747, 748, 749, 750, 751, 752, 753, 754, 755, 756, 757, 758, 759, 760, 761, 762, 763, 764, 765, 766, 767, 768, 769, 770, 771, 772, 773, 774, 775, 776, 777, 778, 779, 780, 781, 782, 783, 784, 785, 786, 787, 788, 789, 790, 791, 792, 793]","[272, 332, 731, 789]",[],"[36, 73, 84, 122, 130, 141, 187, 213, 246, 272, 349, 388, 398, 406, 408, 409, 410, 415, 423, 425, 427, 434, 440, 444, 451, 453, 455, 456, 465, 467, 473, 517, 547, 555, 593, 601, 612, 658, 683, 710, 731, 804, 838, 855, 858, 859, 861, 866, 875, 877, 879, 886, 891, 894, 898, 900, 902, 903, 904, 912, 914, 920, 921, 926, 931]","[1, 13, 14, 29, 54, 55, 56, 57, 58, 60, 102, 118, 125, 127, 130, 134, 146, 149, 153, 174, 175, 176, 177, 178, 182, 187, 189, 191, 197, 225, 230, 238, 264, 265, 266, 286, 302, 317, 325, 332, 336, 347, 348, 349, 350, 351, 352, 354, 379, 388, 389, 423, 425, 454, 458, 463, 467, 475, 483, 484, 487, 498, 499, 512, 530, 531, 532, 533, 534, 536, 573, 589, 596, 598, 601, 605, 617, 620, 624, 645, 646, 647, 648, 649, 653, 658, 660, 662, 668, 689, 694, 702, 724, 725, 745, 760, 775, 783, 789, 793, 802, 803, 804, 805, 806, 807, 809, 829, 838, 839, 875, 877, 901, 903, 905, 910, 914, 923, 927, 934, 935]","[1, 13, 14, 29, 54, 55, 56, 57, 58, 60, 102, 118, 125, 127, 130, 134, 146, 149, 153, 175, 182, 187, 189, 191, 197, 225, 230, 238, 264, 265, 266, 286, 302, 317, 336, 379, 388, 389, 425, 454, 458, 463, 475, 487, 498, 499, 512, 530, 531, 532, 533, 534, 536, 573, 589, 596, 598, 601, 605, 617, 620, 624, 646, 653, 658, 660, 662, 668, 689, 694, 702, 724, 725, 745, 760, 775, 793, 829, 838, 839, 877, 901, 903, 905, 910, 923]",5/6 successful match,True,[606],True,364,False,,1.0,True,Golden Gate Petroleum ( Shell ),Shell
D Lakeport ( 95453 ) Rotten Robbie # 65,707-263-5790 CA 29 & CA 175 ( NE to S Main St ),<U+2610> <U+25A1>,Lakeport,95453,Rotten Robbie # 65,707-263-5790,2014,Lakeport,CA,,( NE to S Main St ),CA 29 & CA 175,empty,,False,,False,CA 29,CA 175,,,,"[272, 731]","[272, 332, 731, 789]","[272, 332, 731, 789]",[],"[103, 104, 105, 106, 107, 108, 109, 110, 111, 112, 113, 114, 115, 116, 117, 118, 119, 120, 121, 122, 123, 124, 125, 126, 127, 128, 129, 130, 131, 132, 133, 134, 135, 136, 137, 138, 139, 140, 141, 142, 143, 144, 145, 146, 147, 148, 149, 150, 151, 152, 153, 154, 155, 156, 157, 158, 159, 160, 161, 162, 163, 164, 165, 166, 167, 168, 169, 170, 171, 172, 173, 174, 175, 176, 177, 178, 179, 180, 181, 182, 183, 184, 185, 186, 187, 188, 189, 190, 191, 192, 193, 194, 195, 196, 197, 198, 199, 200, 201, 202, 203, 204, 205, 206, 207, 208, 209, 210, 211, 212, 213, 214, 215, 216, 217, 218, 219, 220, 221, 222, 223, 224, 225, 226, 227, 228, 229, 230, 231, 232, 233, 234, 235, 236, 237, 238, 239, 240, 241, 242, 243, 244, 245, 246, 247, 248, 249, 250, 251, 252, 253, 254, 255, 256, 257, 258, 259, 260, 261, 262, 263, 264, 265, 266, 267, 268, 269, 270, 271, 272, 273, 274, 275, 276, 277, 278, 279, 280, 281, 282, 283, 284, 285, 286, 287, 288, 289, 290, 291, 292, 293, 294, 295, 296, 297, 298, 299, 300, 301, 302, 303, 304, 305, 306, 307, 308, 309, 310, 311, 312, 313, 314, 315, 316, 317, 318, 319, 320, 321, 322, 323, 324, 325, 326, 327, 328, 329, 330, 331, 332, 333, 334, 335, 336, 337, 574, 575, 576, 577, 578, 579, 580, 581, 582, 583, 584, 585, 586, 587, 588, 589, 590, 591, 592, 593, 594, 595, 596, 597, 598, 599, 600, 601, 602, 603, 604, 605, 606, 607, 608, 609, 610, 611, 612, 613, 614, 615, 616, 617, 618, 619, 620, 621, 622, 623, 624, 625, 626, 627, 628, 629, 630, 631, 632, 633, 634, 635, 636, 637, 638, 639, 640, 641, 642, 643, 644, 645, 646, 647, 648, 649, 650, 651, 652, 653, 654, 655, 656, 657, 658, 659, 660, 661, 662, 663, 664, 665, 666, 667, 668, 669, 670, 671, 672, 673, 674, 675, 676, 677, 678, 679, 680, 681, 682, 683, 684, 685, 686, 687, 688, 689, 690, 691, 692, 693, 694, 695, 696, 697, 698, 699, 700, 701, 702, 703, 704, 705, 706, 707, 708, 709, 710, 711, 712, 713, 714, 715, 716, 717, 718, 719, 720, 721, 722, 723, 724, 725, 726, 727, 728, 729, 730, 731, 732, 733, 734, 735, 736, 737, 738, 739, 740, 741, 742, 743, 744, 745, 746, 747, 748, 749, 750, 751, 752, 753, 754, 755, 756, 757, 758, 759, 760, 761, 762, 763, 764, 765, 766, 767, 768, 769, 770, 771, 772, 773, 774, 775, 776, 777, 778, 779, 780, 781, 782, 783, 784, 785, 786, 787, 788, 789, 790, 791, 792, 793]","[103, 104, 106, 117, 118, 120, 127, 128, 129, 131, 133, 135, 136, 137, 139, 146, 147, 148, 149, 151, 158, 160, 162, 166, 173, 178, 179, 185, 190, 192, 198, 201, 203, 204, 206, 207, 212, 213, 214, 219, 223, 224, 225, 227, 230, 235, 237, 246, 247, 256, 259, 262, 263, 266, 268, 269, 271, 272, 278, 279, 284, 285, 288, 290, 292, 304, 312, 316, 319, 320, 323, 324, 332, 574, 575, 588, 591, 607, 608, 610, 618, 619, 620, 622, 632, 644, 649, 650, 656, 661, 663, 669, 674, 677, 683, 684, 687, 688, 689, 701, 710, 723, 730, 731, 738, 747, 751, 762, 774, 778, 789]",[],"[271, 272, 273, 274, 275, 276, 730, 731, 732, 733, 734, 735]","[103, 104, 105, 106, 107, 108, 109, 110, 111, 112, 113, 114, 115, 116, 117, 118, 119, 120, 121, 122, 123, 124, 125, 126, 127, 128, 129, 130, 131, 132, 133, 134, 135, 136, 137, 138, 139, 140, 141, 142, 143, 144, 145, 146, 147, 148, 149, 150, 151, 152, 153, 154, 155, 156, 157, 158, 159, 160, 161, 162, 163, 164, 165, 166, 167, 168, 169, 170, 171, 172, 173, 174, 175, 176, 177, 178, 179, 180, 181, 182, 183, 184, 185, 186, 187, 188, 189, 190, 191, 192, 193, 194, 195, 196, 197, 198, 199, 200, 201, 202, 203, 204, 205, 206, 207, 208, 209, 210, 211, 212, 213, 214, 215, 216, 217, 218, 219, 220, 221, 222, 223, 224, 225, 226, 227, 228, 229, 230, 231, 232, 233, 234, 235, 236, 237, 238, 239, 240, 241, 242, 243, 244, 245, 246, 247, 248, 249, 250, 251, 252, 253, 254, 255, 256, 257, 258, 259, 260, 261, 262, 263, 264, 265, 266, 267, 268, 269, 270, 271, 272, 273, 274, 275, 276, 277, 278, 279, 280, 281, 282, 283, 284, 285, 286, 287, 288, 289, 290, 291, 292, 293, 294, 295, 296, 297, 298, 299, 300, 301, 302, 303, 304, 305, 306, 307, 308, 309, 310, 311, 312, 313, 314, 315, 316, 317, 318, 319, 320, 321, 322, 323, 324, 325, 326, 327, 328, 329, 330, 331, 332, 333, 334, 335, 336, 337, 574, 575, 576, 577, 578, 579, 580, 581, 582, 583, 584, 585, 586, 587, 588, 589, 590, 591, 592, 593, 594, 595, 596, 597, 598, 599, 600, 601, 602, 603, 604, 605, 606, 607, 608, 609, 610, 611, 612, 613, 614, 615, 616, 617, 618, 619, 620, 621, 622, 623, 624, 625, 626, 627, 628, 629, 630, 631, 632, 633, 634, 635, 636, 637, 638, 639, 640, 641, 642, 643, 644, 645, 646, 647, 648, 649, 650, 651, 652, 653, 654, 655, 656, 657, 658, 659, 660, 661, 662, 663, 664, 665, 666, 667, 668, 669, 670, 671, 672, 673, 674, 675, 676, 677, 678, 679, 680, 681, 682, 683, 684, 685, 686, 687, 688, 689, 690, 691, 692, 693, 694, 695, 696, 697, 698, 699, 700, 701, 702, 703, 704, 705, 706, 707, 708, 709, 710, 711, 712, 713, 714, 715, 716, 717, 718, 719, 720, 721, 722, 723, 724, 725, 726, 727, 728, 729, 730, 731, 732, 733, 734, 735, 736, 737, 738, 739, 740, 741, 742, 743, 744, 745, 746, 747, 748, 749, 750, 751, 752, 753, 754, 755, 756, 757, 758, 759, 760, 761, 762, 763, 764, 765, 766, 767, 768, 769, 770, 771, 772, 773, 774, 775, 776, 777, 778, 779, 780, 781, 782, 783, 784, 785, 786, 787, 788, 789, 790, 791, 792, 793]",True,"[272, 332, 731, 789]","[103, 104, 105, 106, 107, 108, 109, 110, 111, 112, 113, 114, 115, 116, 117, 118, 119, 120, 121, 122, 123, 124, 125, 126, 127, 128, 129, 130, 131, 132, 133, 134, 135, 136, 137, 138, 139, 140, 141, 142, 143, 144, 145, 146, 147, 148, 149, 150, 151, 152, 153, 154, 155, 156, 157, 158, 159, 160, 161, 162, 163, 164, 165, 166, 167, 168, 169, 170, 171, 172, 173, 174, 175, 176, 177, 178, 179, 180, 181, 182, 183, 184, 185, 186, 187, 188, 189, 190, 191, 192, 193, 194, 195, 196, 197, 198, 199, 200, 201, 202, 203, 204, 205, 206, 207, 208, 209, 210, 211, 212, 213, 214, 215, 216, 217, 218, 219, 220, 221, 222, 223, 224, 225, 226, 227, 228, 229, 230, 231, 232, 233, 234, 235, 236, 237, 238, 239, 240, 241, 242, 243, 244, 245, 246, 247, 248, 249, 250, 251, 252, 253, 254, 255, 256, 257, 258, 259, 260, 261, 262, 263, 264, 265, 266, 267, 268, 269, 270, 271, 272, 273, 274, 275, 276, 277, 278, 279, 280, 281, 282, 283, 284, 285, 286, 287, 288, 289, 290, 291, 292, 293, 294, 295, 296, 297, 298, 299, 300, 301, 302, 303, 304, 305, 306, 307, 308, 309, 310, 311, 312, 313, 314, 315, 316, 317, 318, 319, 320, 321, 322, 323, 324, 325, 326, 327, 328, 329, 330, 331, 332, 333, 334, 335, 336, 337, 574, 575, 576, 577, 578, 579, 580, 581, 582, 583, 584, 585, 586, 587, 588, 589, 590, 591, 592, 593, 594, 595, 596, 597, 598, 599, 600, 601, 602, 603, 604, 605, 606, 607, 608, 609, 610, 611, 612, 613, 614, 615, 616, 617, 618, 619, 620, 621, 622, 623, 624, 625, 626, 627, 628, 629, 630, 631, 632, 633, 634, 635, 636, 637, 638, 639, 640, 641, 642, 643, 644, 645, 646, 647, 648, 649, 650, 651, 652, 653, 654, 655, 656, 657, 658, 659, 660, 661, 662, 663, 664, 665, 666, 667, 668, 669, 670, 671, 672, 673, 674, 675, 676, 677, 678, 679, 680, 681, 682, 683, 684, 685, 686, 687, 688, 689, 690, 691, 692, 693, 694, 695, 696, 697, 698, 699, 700, 701, 702, 703, 704, 705, 706, 707, 708, 709, 710, 711, 712, 713, 714, 715, 716, 717, 718, 719, 720, 721, 722, 723, 724, 725, 726, 727, 728, 729, 730, 731, 732, 733, 734, 735, 736, 737, 738, 739, 740, 741, 742, 743, 744, 745, 746, 747, 748, 749, 750, 751, 752, 753, 754, 755, 756, 757, 758, 759, 760, 761, 762, 763, 764, 765, 766, 767, 768, 769, 770, 771, 772, 773, 774, 775, 776, 777, 778, 779, 780, 781, 782, 783, 784, 785, 786, 787, 788, 789, 790, 791, 792, 793]","[272, 332, 731, 789]",[],"[103, 104, 106, 117, 118, 120, 127, 128, 129, 131, 133, 135, 136, 137, 139, 146, 147, 148, 149, 151, 158, 160, 162, 166, 173, 178, 179, 185, 190, 192, 198, 201, 203, 204, 206, 207, 212, 213, 214, 219, 223, 224, 225, 227, 230, 235, 237, 246, 247, 256, 259, 262, 263, 266, 268, 269, 271, 272, 278, 279, 284, 285, 288, 290, 292, 304, 312, 316, 319, 320, 323, 324, 332, 574, 575, 588, 591, 607, 608, 610, 618, 619, 620, 622, 632, 644, 649, 650, 656, 661, 663, 669, 674, 677, 683, 684, 687, 688, 689, 701, 710, 723, 730, 731, 738, 747, 751, 762, 774, 778, 789]","[271, 272, 273, 274, 275, 276, 730, 731, 732, 733, 734, 735]",[],7/6 successful match,True,[606],True,364,True,2014,0.14084507042253522,True,Golden Gate Petroleum N of ( CA Shell 29 ) & CA 175 ),Shell
Lakeport ( 95453 ) Rotten Robbie # 65,707-263-5790 CA 29 & CA 175 ( NE to S Main St ),<U+2610> <U+25A1>,Lakeport,95453,Rotten Robbie # 65,707-263-5790,2015,Lakeport,CA,,( NE to S Main St ),CA 29 & CA 175,empty,,False,,False,CA 29,CA 175,,,,"[272, 731]","[272, 332, 731, 789]","[272, 332, 731, 789]",[],"[103, 104, 105, 106, 107, 108, 109, 110, 111, 112, 113, 114, 115, 116, 117, 118, 119, 120, 121, 122, 123, 124, 125, 126, 127, 128, 129, 130, 131, 132, 133, 134, 135, 136, 137, 138, 139, 140, 141, 142, 143, 144, 145, 146, 147, 148, 149, 150, 151, 152, 153, 154, 155, 156, 157, 158, 159, 160, 161, 162, 163, 164, 165, 166, 167, 168, 169, 170, 171, 172, 173, 174, 175, 176, 177, 178, 179, 180, 181, 182, 183, 184, 185, 186, 187, 188, 189, 190, 191, 192, 193, 194, 195, 196, 197, 198, 199, 200, 201, 202, 203, 204, 205, 206, 207, 208, 209, 210, 211, 212, 213, 214, 215, 216, 217, 218, 219, 220, 221, 222, 223, 224, 225, 226, 227, 228, 229, 230, 231, 232, 233, 234, 235, 236, 237, 238, 239, 240, 241, 242, 243, 244, 245, 246, 247, 248, 249, 250, 251, 252, 253, 254, 255, 256, 257, 258, 259, 260, 261, 262, 263, 264, 265, 266, 267, 268, 269, 270, 271, 272, 273, 274, 275, 276, 277, 278, 279, 280, 281, 282, 283, 284, 285, 286, 287, 288, 289, 290, 291, 292, 293, 294, 295, 296, 297, 298, 299, 300, 301, 302, 303, 304, 305, 306, 307, 308, 309, 310, 311, 312, 313, 314, 315, 316, 317, 318, 319, 320, 321, 322, 323, 324, 325, 326, 327, 328, 329, 330, 331, 332, 333, 334, 335, 336, 337, 574, 575, 576, 577, 578, 579, 580, 581, 582, 583, 584, 585, 586, 587, 588, 589, 590, 591, 592, 593, 594, 595, 596, 597, 598, 599, 600, 601, 602, 603, 604, 605, 606, 607, 608, 609, 610, 611, 612, 613, 614, 615, 616, 617, 618, 619, 620, 621, 622, 623, 624, 625, 626, 627, 628, 629, 630, 631, 632, 633, 634, 635, 636, 637, 638, 639, 640, 641, 642, 643, 644, 645, 646, 647, 648, 649, 650, 651, 652, 653, 654, 655, 656, 657, 658, 659, 660, 661, 662, 663, 664, 665, 666, 667, 668, 669, 670, 671, 672, 673, 674, 675, 676, 677, 678, 679, 680, 681, 682, 683, 684, 685, 686, 687, 688, 689, 690, 691, 692, 693, 694, 695, 696, 697, 698, 699, 700, 701, 702, 703, 704, 705, 706, 707, 708, 709, 710, 711, 712, 713, 714, 715, 716, 717, 718, 719, 720, 721, 722, 723, 724, 725, 726, 727, 728, 729, 730, 731, 732, 733, 734, 735, 736, 737, 738, 739, 740, 741, 742, 743, 744, 745, 746, 747, 748, 749, 750, 751, 752, 753, 754, 755, 756, 757, 758, 759, 760, 761, 762, 763, 764, 765, 766, 767, 768, 769, 770, 771, 772, 773, 774, 775, 776, 777, 778, 779, 780, 781, 782, 783, 784, 785, 786, 787, 788, 789, 790, 791, 792, 793]","[103, 104, 106, 117, 118, 120, 127, 128, 129, 131, 133, 135, 136, 137, 139, 146, 147, 148, 149, 151, 158, 160, 162, 166, 173, 178, 179, 185, 190, 192, 198, 201, 203, 204, 206, 207, 212, 213, 214, 219, 223, 224, 225, 227, 230, 235, 237, 246, 247, 256, 259, 262, 263, 266, 268, 269, 271, 272, 278, 279, 284, 285, 288, 290, 292, 304, 312, 316, 319, 320, 323, 324, 332, 574, 575, 588, 591, 607, 608, 610, 618, 619, 620, 622, 632, 644, 649, 650, 656, 661, 663, 669, 674, 677, 683, 684, 687, 688, 689, 701, 710, 723, 730, 731, 738, 747, 751, 762, 774, 778, 789]",[],"[271, 272, 273, 274, 275, 276, 730, 731, 732, 733, 734, 735]","[103, 104, 105, 106, 107, 108, 109, 110, 111, 112, 113, 114, 115, 116, 117, 118, 119, 120, 121, 122, 123, 124, 125, 126, 127, 128, 129, 130, 131, 132, 133, 134, 135, 136, 137, 138, 139, 140, 141, 142, 143, 144, 145, 146, 147, 148, 149, 150, 151, 152, 153, 154, 155, 156, 157, 158, 159, 160, 161, 162, 163, 164, 165, 166, 167, 168, 169, 170, 171, 172, 173, 174, 175, 176, 177, 178, 179, 180, 181, 182, 183, 184, 185, 186, 187, 188, 189, 190, 191, 192, 193, 194, 195, 196, 197, 198, 199, 200, 201, 202, 203, 204, 205, 206, 207, 208, 209, 210, 211, 212, 213, 214, 215, 216, 217, 218, 219, 220, 221, 222, 223, 224, 225, 226, 227, 228, 229, 230, 231, 232, 233, 234, 235, 236, 237, 238, 239, 240, 241, 242, 243, 244, 245, 246, 247, 248, 249, 250, 251, 252, 253, 254, 255, 256, 257, 258, 259, 260, 261, 262, 263, 264, 265, 266, 267, 268, 269, 270, 271, 272, 273, 274, 275, 276, 277, 278, 279, 280, 281, 282, 283, 284, 285, 286, 287, 288, 289, 290, 291, 292, 293, 294, 295, 296, 297, 298, 299, 300, 301, 302, 303, 304, 305, 306, 307, 308, 309, 310, 311, 312, 313, 314, 315, 316, 317, 318, 319, 320, 321, 322, 323, 324, 325, 326, 327, 328, 329, 330, 331, 332, 333, 334, 335, 336, 337, 574, 575, 576, 577, 578, 579, 580, 581, 582, 583, 584, 585, 586, 587, 588, 589, 590, 591, 592, 593, 594, 595, 596, 597, 598, 599, 600, 601, 602, 603, 604, 605, 606, 607, 608, 609, 610, 611, 612, 613, 614, 615, 616, 617, 618, 619, 620, 621, 622, 623, 624, 625, 626, 627, 628, 629, 630, 631, 632, 633, 634, 635, 636, 637, 638, 639, 640, 641, 642, 643, 644, 645, 646, 647, 648, 649, 650, 651, 652, 653, 654, 655, 656, 657, 658, 659, 660, 661, 662, 663, 664, 665, 666, 667, 668, 669, 670, 671, 672, 673, 674, 675, 676, 677, 678, 679, 680, 681, 682, 683, 684, 685, 686, 687, 688, 689, 690, 691, 692, 693, 694, 695, 696, 697, 698, 699, 700, 701, 702, 703, 704, 705, 706, 707, 708, 709, 710, 711, 712, 713, 714, 715, 716, 717, 718, 719, 720, 721, 722, 723, 724, 725, 726, 727, 728, 729, 730, 731, 732, 733, 734, 735, 736, 737, 738, 739, 740, 741, 742, 743, 744, 745, 746, 747, 748, 749, 750, 751, 752, 753, 754, 755, 756, 757, 758, 759, 760, 761, 762, 763, 764, 765, 766, 767, 768, 769, 770, 771, 772, 773, 774, 775, 776, 777, 778, 779, 780, 781, 782, 783, 784, 785, 786, 787, 788, 789, 790, 791, 792, 793]",True,"[272, 332, 731, 789]","[103, 104, 105, 106, 107, 108, 109, 110, 111, 112, 113, 114, 115, 116, 117, 118, 119, 120, 121, 122, 123, 124, 125, 126, 127, 128, 129, 130, 131, 132, 133, 134, 135, 136, 137, 138, 139, 140, 141, 142, 143, 144, 145, 146, 147, 148, 149, 150, 151, 152, 153, 154, 155, 156, 157, 158, 159, 160, 161, 162, 163, 164, 165, 166, 167, 168, 169, 170, 171, 172, 173, 174, 175, 176, 177, 178, 179, 180, 181, 182, 183, 184, 185, 186, 187, 188, 189, 190, 191, 192, 193, 194, 195, 196, 197, 198, 199, 200, 201, 202, 203, 204, 205, 206, 207, 208, 209, 210, 211, 212, 213, 214, 215, 216, 217, 218, 219, 220, 221, 222, 223, 224, 225, 226, 227, 228, 229, 230, 231, 232, 233, 234, 235, 236, 237, 238, 239, 240, 241, 242, 243, 244, 245, 246, 247, 248, 249, 250, 251, 252, 253, 254, 255, 256, 257, 258, 259, 260, 261, 262, 263, 264, 265, 266, 267, 268, 269, 270, 271, 272, 273, 274, 275, 276, 277, 278, 279, 280, 281, 282, 283, 284, 285, 286, 287, 288, 289, 290, 291, 292, 293, 294, 295, 296, 297, 298, 299, 300, 301, 302, 303, 304, 305, 306, 307, 308, 309, 310, 311, 312, 313, 314, 315, 316, 317, 318, 319, 320, 321, 322, 323, 324, 325, 326, 327, 328, 329, 330, 331, 332, 333, 334, 335, 336, 337, 574, 575, 576, 577, 578, 579, 580, 581, 582, 583, 584, 585, 586, 587, 588, 589, 590, 591, 592, 593, 594, 595, 596, 597, 598, 599, 600, 601, 602, 603, 604, 605, 606, 607, 608, 609, 610, 611, 612, 613, 614, 615, 616, 617, 618, 619, 620, 621, 622, 623, 624, 625, 626, 627, 628, 629, 630, 631, 632, 633, 634, 635, 636, 637, 638, 639, 640, 641, 642, 643, 644, 645, 646, 647, 648, 649, 650, 651, 652, 653, 654, 655, 656, 657, 658, 659, 660, 661, 662, 663, 664, 665, 666, 667, 668, 669, 670, 671, 672, 673, 674, 675, 676, 677, 678, 679, 680, 681, 682, 683, 684, 685, 686, 687, 688, 689, 690, 691, 692, 693, 694, 695, 696, 697, 698, 699, 700, 701, 702, 703, 704, 705, 706, 707, 708, 709, 710, 711, 712, 713, 714, 715, 716, 717, 718, 719, 720, 721, 722, 723, 724, 725, 726, 727, 728, 729, 730, 731, 732, 733, 734, 735, 736, 737, 738, 739, 740, 741, 742, 743, 744, 745, 746, 747, 748, 749, 750, 751, 752, 753, 754, 755, 756, 757, 758, 759, 760, 761, 762, 763, 764, 765, 766, 767, 768, 769, 770, 771, 772, 773, 774, 775, 776, 777, 778, 779, 780, 781, 782, 783, 784, 785, 786, 787, 788, 789, 790, 791, 792, 793]","[272, 332, 731, 789]",[],"[103, 104, 106, 117, 118, 120, 127, 128, 129, 131, 133, 135, 136, 137, 139, 146, 147, 148, 149, 151, 158, 160, 162, 166, 173, 178, 179, 185, 190, 192, 198, 201, 203, 204, 206, 207, 212, 213, 214, 219, 223, 224, 225, 227, 230, 235, 237, 246, 247, 256, 259, 262, 263, 266, 268, 269, 271, 272, 278, 279, 284, 285, 288, 290, 292, 304, 312, 316, 319, 320, 323, 324, 332, 574, 575, 588, 591, 607, 608, 610, 618, 619, 620, 622, 632, 644, 649, 650, 656, 661, 663, 669, 674, 677, 683, 684, 687, 688, 689, 701, 710, 723, 730, 731, 738, 747, 751, 762, 774, 778, 789]","[271, 272, 273, 274, 275, 276, 730, 731, 732, 733, 734, 735]",[],7/6 successful match,True,[606],True,364,False,,1.0,True,Rotten Robbie # 65,
D Lakeport ( 95453 ) Rotten Robbie # 65,707-263-5790 CA 29 & CA 175 ( NE to S Main St ),D <U+25A1>,Lakeport,95453,Rotten Robbie # 65,707-263-5790,2016,Lakeport,CA,,( NE to S Main St ),CA 29 & CA 175,empty,,False,,False,CA 29,CA 175,,,,"[272, 731]","[272, 332, 731, 789]","[272, 332, 731, 789]",[],"[103, 104, 105, 106, 107, 108, 109, 110, 111, 112, 113, 114, 115, 116, 117, 118, 119, 120, 121, 122, 123, 124, 125, 126, 127, 128, 129, 130, 131, 132, 133, 134, 135, 136, 137, 138, 139, 140, 141, 142, 143, 144, 145, 146, 147, 148, 149, 150, 151, 152, 153, 154, 155, 156, 157, 158, 159, 160, 161, 162, 163, 164, 165, 166, 167, 168, 169, 170, 171, 172, 173, 174, 175, 176, 177, 178, 179, 180, 181, 182, 183, 184, 185, 186, 187, 188, 189, 190, 191, 192, 193, 194, 195, 196, 197, 198, 199, 200, 201, 202, 203, 204, 205, 206, 207, 208, 209, 210, 211, 212, 213, 214, 215, 216, 217, 218, 219, 220, 221, 222, 223, 224, 225, 226, 227, 228, 229, 230, 231, 232, 233, 234, 235, 236, 237, 238, 239, 240, 241, 242, 243, 244, 245, 246, 247, 248, 249, 250, 251, 252, 253, 254, 255, 256, 257, 258, 259, 260, 261, 262, 263, 264, 265, 266, 267, 268, 269, 270, 271, 272, 273, 274, 275, 276, 277, 278, 279, 280, 281, 282, 283, 284, 285, 286, 287, 288, 289, 290, 291, 292, 293, 294, 295, 296, 297, 298, 299, 300, 301, 302, 303, 304, 305, 306, 307, 308, 309, 310, 311, 312, 313, 314, 315, 316, 317, 318, 319, 320, 321, 322, 323, 324, 325, 326, 327, 328, 329, 330, 331, 332, 333, 334, 335, 336, 337, 574, 575, 576, 577, 578, 579, 580, 581, 582, 583, 584, 585, 586, 587, 588, 589, 590, 591, 592, 593, 594, 595, 596, 597, 598, 599, 600, 601, 602, 603, 604, 605, 606, 607, 608, 609, 610, 611, 612, 613, 614, 615, 616, 617, 618, 619, 620, 621, 622, 623, 624, 625, 626, 627, 628, 629, 630, 631, 632, 633, 634, 635, 636, 637, 638, 639, 640, 641, 642, 643, 644, 645, 646, 647, 648, 649, 650, 651, 652, 653, 654, 655, 656, 657, 658, 659, 660, 661, 662, 663, 664, 665, 666, 667, 668, 669, 670, 671, 672, 673, 674, 675, 676, 677, 678, 679, 680, 681, 682, 683, 684, 685, 686, 687, 688, 689, 690, 691, 692, 693, 694, 695, 696, 697, 698, 699, 700, 701, 702, 703, 704, 705, 706, 707, 708, 709, 710, 711, 712, 713, 714, 715, 716, 717, 718, 719, 720, 721, 722, 723, 724, 725, 726, 727, 728, 729, 730, 731, 732, 733, 734, 735, 736, 737, 738, 739, 740, 741, 742, 743, 744, 745, 746, 747, 748, 749, 750, 751, 752, 753, 754, 755, 756, 757, 758, 759, 760, 761, 762, 763, 764, 765, 766, 767, 768, 769, 770, 771, 772, 773, 774, 775, 776, 777, 778, 779, 780, 781, 782, 783, 784, 785, 786, 787, 788, 789, 790, 791, 792, 793]","[103, 104, 106, 117, 118, 120, 127, 128, 129, 131, 133, 135, 136, 137, 139, 146, 147, 148, 149, 151, 158, 160, 162, 166, 173, 178, 179, 185, 190, 192, 198, 201, 203, 204, 206, 207, 212, 213, 214, 219, 223, 224, 225, 227, 230, 235, 237, 246, 247, 256, 259, 262, 263, 266, 268, 269, 271, 272, 278, 279, 284, 285, 288, 290, 292, 304, 312, 316, 319, 320, 323, 324, 332, 574, 575, 588, 591, 607, 608, 610, 618, 619, 620, 622, 632, 644, 649, 650, 656, 661, 663, 669, 674, 677, 683, 684, 687, 688, 689, 701, 710, 723, 730, 731, 738, 747, 751, 762, 774, 778, 789]",[],"[271, 272, 273, 274, 275, 276, 730, 731, 732, 733, 734, 735]","[103, 104, 105, 106, 107, 108, 109, 110, 111, 112, 113, 114, 115, 116, 117, 118, 119, 120, 121, 122, 123, 124, 125, 126, 127, 128, 129, 130, 131, 132, 133, 134, 135, 136, 137, 138, 139, 140, 141, 142, 143, 144, 145, 146, 147, 148, 149, 150, 151, 152, 153, 154, 155, 156, 157, 158, 159, 160, 161, 162, 163, 164, 165, 166, 167, 168, 169, 170, 171, 172, 173, 174, 175, 176, 177, 178, 179, 180, 181, 182, 183, 184, 185, 186, 187, 188, 189, 190, 191, 192, 193, 194, 195, 196, 197, 198, 199, 200, 201, 202, 203, 204, 205, 206, 207, 208, 209, 210, 211, 212, 213, 214, 215, 216, 217, 218, 219, 220, 221, 222, 223, 224, 225, 226, 227, 228, 229, 230, 231, 232, 233, 234, 235, 236, 237, 238, 239, 240, 241, 242, 243, 244, 245, 246, 247, 248, 249, 250, 251, 252, 253, 254, 255, 256, 257, 258, 259, 260, 261, 262, 263, 264, 265, 266, 267, 268, 269, 270, 271, 272, 273, 274, 275, 276, 277, 278, 279, 280, 281, 282, 283, 284, 285, 286, 287, 288, 289, 290, 291, 292, 293, 294, 295, 296, 297, 298, 299, 300, 301, 302, 303, 304, 305, 306, 307, 308, 309, 310, 311, 312, 313, 314, 315, 316, 317, 318, 319, 320, 321, 322, 323, 324, 325, 326, 327, 328, 329, 330, 331, 332, 333, 334, 335, 336, 337, 574, 575, 576, 577, 578, 579, 580, 581, 582, 583, 584, 585, 586, 587, 588, 589, 590, 591, 592, 593, 594, 595, 596, 597, 598, 599, 600, 601, 602, 603, 604, 605, 606, 607, 608, 609, 610, 611, 612, 613, 614, 615, 616, 617, 618, 619, 620, 621, 622, 623, 624, 625, 626, 627, 628, 629, 630, 631, 632, 633, 634, 635, 636, 637, 638, 639, 640, 641, 642, 643, 644, 645, 646, 647, 648, 649, 650, 651, 652, 653, 654, 655, 656, 657, 658, 659, 660, 661, 662, 663, 664, 665, 666, 667, 668, 669, 670, 671, 672, 673, 674, 675, 676, 677, 678, 679, 680, 681, 682, 683, 684, 685, 686, 687, 688, 689, 690, 691, 692, 693, 694, 695, 696, 697, 698, 699, 700, 701, 702, 703, 704, 705, 706, 707, 708, 709, 710, 711, 712, 713, 714, 715, 716, 717, 718, 719, 720, 721, 722, 723, 724, 725, 726, 727, 728, 729, 730, 731, 732, 733, 734, 735, 736, 737, 738, 739, 740, 741, 742, 743, 744, 745, 746, 747, 748, 749, 750, 751, 752, 753, 754, 755, 756, 757, 758, 759, 760, 761, 762, 763, 764, 765, 766, 767, 768, 769, 770, 771, 772, 773, 774, 775, 776, 777, 778, 779, 780, 781, 782, 783, 784, 785, 786, 787, 788, 789, 790, 791, 792, 793]",True,"[272, 332, 731, 789]","[103, 104, 105, 106, 107, 108, 109, 110, 111, 112, 113, 114, 115, 116, 117, 118, 119, 120, 121, 122, 123, 124, 125, 126, 127, 128, 129, 130, 131, 132, 133, 134, 135, 136, 137, 138, 139, 140, 141, 142, 143, 144, 145, 146, 147, 148, 149, 150, 151, 152, 153, 154, 155, 156, 157, 158, 159, 160, 161, 162, 163, 164, 165, 166, 167, 168, 169, 170, 171, 172, 173, 174, 175, 176, 177, 178, 179, 180, 181, 182, 183, 184, 185, 186, 187, 188, 189, 190, 191, 192, 193, 194, 195, 196, 197, 198, 199, 200, 201, 202, 203, 204, 205, 206, 207, 208, 209, 210, 211, 212, 213, 214, 215, 216, 217, 218, 219, 220, 221, 222, 223, 224, 225, 226, 227, 228, 229, 230, 231, 232, 233, 234, 235, 236, 237, 238, 239, 240, 241, 242, 243, 244, 245, 246, 247, 248, 249, 250, 251, 252, 253, 254, 255, 256, 257, 258, 259, 260, 261, 262, 263, 264, 265, 266, 267, 268, 269, 270, 271, 272, 273, 274, 275, 276, 277, 278, 279, 280, 281, 282, 283, 284, 285, 286, 287, 288, 289, 290, 291, 292, 293, 294, 295, 296, 297, 298, 299, 300, 301, 302, 303, 304, 305, 306, 307, 308, 309, 310, 311, 312, 313, 314, 315, 316, 317, 318, 319, 320, 321, 322, 323, 324, 325, 326, 327, 328, 329, 330, 331, 332, 333, 334, 335, 336, 337, 574, 575, 576, 577, 578, 579, 580, 581, 582, 583, 584, 585, 586, 587, 588, 589, 590, 591, 592, 593, 594, 595, 596, 597, 598, 599, 600, 601, 602, 603, 604, 605, 606, 607, 608, 609, 610, 611, 612, 613, 614, 615, 616, 617, 618, 619, 620, 621, 622, 623, 624, 625, 626, 627, 628, 629, 630, 631, 632, 633, 634, 635, 636, 637, 638, 639, 640, 641, 642, 643, 644, 645, 646, 647, 648, 649, 650, 651, 652, 653, 654, 655, 656, 657, 658, 659, 660, 661, 662, 663, 664, 665, 666, 667, 668, 669, 670, 671, 672, 673, 674, 675, 676, 677, 678, 679, 680, 681, 682, 683, 684, 685, 686, 687, 688, 689, 690, 691, 692, 693, 694, 695, 696, 697, 698, 699, 700, 701, 702, 703, 704, 705, 706, 707, 708, 709, 710, 711, 712, 713, 714, 715, 716, 717, 718, 719, 720, 721, 722, 723, 724, 725, 726, 727, 728, 729, 730, 731, 732, 733, 734, 735, 736, 737, 738, 739, 740, 741, 742, 743, 744, 745, 746, 747, 748, 749, 750, 751, 752, 753, 754, 755, 756, 757, 758, 759, 760, 761, 762, 763, 764, 765, 766, 767, 768, 769, 770, 771, 772, 773, 774, 775, 776, 777, 778, 779, 780, 781, 782, 783, 784, 785, 786, 787, 788, 789, 790, 791, 792, 793]","[272, 332, 731, 789]",[],"[103, 104, 106, 117, 118, 120, 127, 128, 129, 131, 133, 135, 136, 137, 139, 146, 147, 148, 149, 151, 158, 160, 162, 166, 173, 178, 179, 185, 190, 192, 198, 201, 203, 204, 206, 207, 212, 213, 214, 219, 223, 224, 225, 227, 230, 235, 237, 246, 247, 256, 259, 262, 263, 266, 268, 269, 271, 272, 278, 279, 284, 285, 288, 290, 292, 304, 312, 316, 319, 320, 323, 324, 332, 574, 575, 588, 591, 607, 608, 610, 618, 619, 620, 622, 632, 644, 649, 650, 656, 661, 663, 669, 674, 677, 683, 684, 687, 688, 689, 701, 710, 723, 730, 731, 738, 747, 751, 762, 774, 778, 789]","[271, 272, 273, 274, 275, 276, 730, 731, 732, 733, 734, 735]",[],7/6 successful match,True,[606],True,364,False,,1.0,True,Rotten Robbie # 65,
"B Eureka , 95501 Broadway Gas & Deli ( Conoco",707-442-5507 4050 US 101 ),FRS 24 000 000,Eureka,95501,Broadway Gas & Deli ( Conoco,707-442-5507,2006,Eureka,CA,Conoco,,4050 US 101 ,Proper,,False,,False,US 101,,,,,"[603, 132]",[],"[132, 286, 603, 745]",[],"[103, 104, 105, 106, 107, 108, 109, 110, 111, 112, 113, 114, 115, 116, 117, 118, 119, 120, 121, 122, 123, 124, 125, 126, 127, 128, 129, 130, 131, 132, 133, 134, 135, 136, 137, 138, 139, 140, 141, 142, 143, 144, 145, 146, 147, 148, 149, 150, 151, 152, 153, 154, 155, 156, 157, 158, 159, 160, 161, 162, 163, 164, 165, 166, 167, 168, 169, 170, 171, 172, 173, 174, 175, 176, 177, 178, 179, 180, 181, 182, 183, 184, 185, 186, 187, 188, 189, 190, 191, 192, 193, 194, 195, 196, 197, 198, 199, 200, 201, 202, 203, 204, 205, 206, 207, 208, 209, 210, 211, 212, 213, 214, 215, 216, 217, 218, 219, 220, 221, 222, 223, 224, 225, 226, 227, 228, 229, 230, 231, 232, 233, 234, 235, 236, 237, 238, 239, 240, 241, 242, 243, 244, 245, 246, 247, 248, 249, 250, 251, 252, 253, 254, 255, 256, 257, 258, 259, 260, 261, 262, 263, 264, 265, 266, 267, 268, 269, 270, 271, 272, 273, 274, 275, 276, 277, 278, 279, 280, 281, 282, 283, 284, 285, 286, 287, 288, 289, 290, 291, 292, 293, 294, 295, 296, 297, 298, 299, 300, 301, 302, 303, 304, 305, 306, 307, 308, 309, 310, 311, 312, 313, 314, 315, 316, 317, 318, 319, 320, 321, 322, 323, 324, 325, 326, 327, 328, 329, 330, 331, 332, 333, 334, 335, 336, 337, 574, 575, 576, 577, 578, 579, 580, 581, 582, 583, 584, 585, 586, 587, 588, 589, 590, 591, 592, 593, 594, 595, 596, 597, 598, 599, 600, 601, 602, 603, 604, 605, 606, 607, 608, 609, 610, 611, 612, 613, 614, 615, 616, 617, 618, 619, 620, 621, 622, 623, 624, 625, 626, 627, 628, 629, 630, 631, 632, 633, 634, 635, 636, 637, 638, 639, 640, 641, 642, 643, 644, 645, 646, 647, 648, 649, 650, 651, 652, 653, 654, 655, 656, 657, 658, 659, 660, 661, 662, 663, 664, 665, 666, 667, 668, 669, 670, 671, 672, 673, 674, 675, 676, 677, 678, 679, 680, 681, 682, 683, 684, 685, 686, 687, 688, 689, 690, 691, 692, 693, 694, 695, 696, 697, 698, 699, 700, 701, 702, 703, 704, 705, 706, 707, 708, 709, 710, 711, 712, 713, 714, 715, 716, 717, 718, 719, 720, 721, 722, 723, 724, 725, 726, 727, 728, 729, 730, 731, 732, 733, 734, 735, 736, 737, 738, 739, 740, 741, 742, 743, 744, 745, 746, 747, 748, 749, 750, 751, 752, 753, 754, 755, 756, 757, 758, 759, 760, 761, 762, 763, 764, 765, 766, 767, 768, 769, 770, 771, 772, 773, 774, 775, 776, 777, 778, 779, 780, 781, 782, 783, 784, 785, 786, 787, 788, 789, 790, 791, 792, 793]","[15, 91, 107, 110, 113, 123, 132, 136, 193, 216, 218, 252, 274, 275, 281, 286, 293, 302, 325, 326, 500, 562, 578, 580, 583, 594, 603, 607, 664, 686, 715, 733, 734, 740, 745, 752, 760, 783, 784]","[3, 27, 349, 406, 451, 489, 510, 804, 855, 898]","[3, 27, 132, 286, 349, 406, 451, 489, 510, 603, 745, 804, 855, 898]","[3, 15, 27, 91, 103, 104, 105, 106, 107, 108, 109, 110, 111, 112, 113, 114, 115, 116, 117, 118, 119, 120, 121, 122, 123, 124, 125, 126, 127, 128, 129, 130, 131, 132, 133, 134, 135, 136, 137, 138, 139, 140, 141, 142, 143, 144, 145, 146, 147, 148, 149, 150, 151, 152, 153, 154, 155, 156, 157, 158, 159, 160, 161, 162, 163, 164, 165, 166, 167, 168, 169, 170, 171, 172, 173, 174, 175, 176, 177, 178, 179, 180, 181, 182, 183, 184, 185, 186, 187, 188, 189, 190, 191, 192, 193, 194, 195, 196, 197, 198, 199, 200, 201, 202, 203, 204, 205, 206, 207, 208, 209, 210, 211, 212, 213, 214, 215, 216, 217, 218, 219, 220, 221, 222, 223, 224, 225, 226, 227, 228, 229, 230, 231, 232, 233, 234, 235, 236, 237, 238, 239, 240, 241, 242, 243, 244, 245, 246, 247, 248, 249, 250, 251, 252, 253, 254, 255, 256, 257, 258, 259, 260, 261, 262, 263, 264, 265, 266, 267, 268, 269, 270, 271, 272, 273, 274, 275, 276, 277, 278, 279, 280, 281, 282, 283, 284, 285, 286, 287, 288, 289, 290, 291, 292, 293, 294, 295, 296, 297, 298, 299, 300, 301, 302, 303, 304, 305, 306, 307, 308, 309, 310, 311, 312, 313, 314, 315, 316, 317, 318, 319, 320, 321, 322, 323, 324, 325, 326, 327, 328, 329, 330, 331, 332, 333, 334, 335, 336, 337, 349, 406, 451, 489, 500, 510, 562, 574, 575, 576, 577, 578, 579, 580, 581, 582, 583, 584, 585, 586, 587, 588, 589, 590, 591, 592, 593, 594, 595, 596, 597, 598, 599, 600, 601, 602, 603, 604, 605, 606, 607, 608, 609, 610, 611, 612, 613, 614, 615, 616, 617, 618, 619, 620, 621, 622, 623, 624, 625, 626, 627, 628, 629, 630, 631, 632, 633, 634, 635, 636, 637, 638, 639, 640, 641, 642, 643, 644, 645, 646, 647, 648, 649, 650, 651, 652, 653, 654, 655, 656, 657, 658, 659, 660, 661, 662, 663, 664, 665, 666, 667, 668, 669, 670, 671, 672, 673, 674, 675, 676, 677, 678, 679, 680, 681, 682, 683, 684, 685, 686, 687, 688, 689, 690, 691, 692, 693, 694, 695, 696, 697, 698, 699, 700, 701, 702, 703, 704, 705, 706, 707, 708, 709, 710, 711, 712, 713, 714, 715, 716, 717, 718, 719, 720, 721, 722, 723, 724, 725, 726, 727, 728, 729, 730, 731, 732, 733, 734, 735, 736, 737, 738, 739, 740, 741, 742, 743, 744, 745, 746, 747, 748, 749, 750, 751, 752, 753, 754, 755, 756, 757, 758, 759, 760, 761, 762, 763, 764, 765, 766, 767, 768, 769, 770, 771, 772, 773, 774, 775, 776, 777, 778, 779, 780, 781, 782, 783, 784, 785, 786, 787, 788, 789, 790, 791, 792, 793, 804, 855, 898]",True,[],"[103, 104, 105, 106, 107, 108, 109, 110, 111, 112, 113, 114, 115, 116, 117, 118, 119, 120, 121, 122, 123, 124, 125, 126, 127, 128, 129, 130, 131, 132, 133, 134, 135, 136, 137, 138, 139, 140, 141, 142, 143, 144, 145, 146, 147, 148, 149, 150, 151, 152, 153, 154, 155, 156, 157, 158, 159, 160, 161, 162, 163, 164, 165, 166, 167, 168, 169, 170, 171, 172, 173, 174, 175, 176, 177, 178, 179, 180, 181, 182, 183, 184, 185, 186, 187, 188, 189, 190, 191, 192, 193, 194, 195, 196, 197, 198, 199, 200, 201, 202, 203, 204, 205, 206, 207, 208, 209, 210, 211, 212, 213, 214, 215, 216, 217, 218, 219, 220, 221, 222, 223, 224, 225, 226, 227, 228, 229, 230, 231, 232, 233, 234, 235, 236, 237, 238, 239, 240, 241, 242, 243, 244, 245, 246, 247, 248, 249, 250, 251, 252, 253, 254, 255, 256, 257, 258, 259, 260, 261, 262, 263, 264, 265, 266, 267, 268, 269, 270, 271, 272, 273, 274, 275, 276, 277, 278, 279, 280, 281, 282, 283, 284, 285, 286, 287, 288, 289, 290, 291, 292, 293, 294, 295, 296, 297, 298, 299, 300, 301, 302, 303, 304, 305, 306, 307, 308, 309, 310, 311, 312, 313, 314, 315, 316, 317, 318, 319, 320, 321, 322, 323, 324, 325, 326, 327, 328, 329, 330, 331, 332, 333, 334, 335, 336, 337, 574, 575, 576, 577, 578, 579, 580, 581, 582, 583, 584, 585, 586, 587, 588, 589, 590, 591, 592, 593, 594, 595, 596, 597, 598, 599, 600, 601, 602, 603, 604, 605, 606, 607, 608, 609, 610, 611, 612, 613, 614, 615, 616, 617, 618, 619, 620, 621, 622, 623, 624, 625, 626, 627, 628, 629, 630, 631, 632, 633, 634, 635, 636, 637, 638, 639, 640, 641, 642, 643, 644, 645, 646, 647, 648, 649, 650, 651, 652, 653, 654, 655, 656, 657, 658, 659, 660, 661, 662, 663, 664, 665, 666, 667, 668, 669, 670, 671, 672, 673, 674, 675, 676, 677, 678, 679, 680, 681, 682, 683, 684, 685, 686, 687, 688, 689, 690, 691, 692, 693, 694, 695, 696, 697, 698, 699, 700, 701, 702, 703, 704, 705, 706, 707, 708, 709, 710, 711, 712, 713, 714, 715, 716, 717, 718, 719, 720, 721, 722, 723, 724, 725, 726, 727, 728, 729, 730, 731, 732, 733, 734, 735, 736, 737, 738, 739, 740, 741, 742, 743, 744, 745, 746, 747, 748, 749, 750, 751, 752, 753, 754, 755, 756, 757, 758, 759, 760, 761, 762, 763, 764, 765, 766, 767, 768, 769, 770, 771, 772, 773, 774, 775, 776, 777, 778, 779, 780, 781, 782, 783, 784, 785, 786, 787, 788, 789, 790, 791, 792, 793]","[132, 286, 603, 745]",[],"[15, 91, 107, 110, 113, 123, 132, 136, 193, 216, 218, 252, 274, 275, 281, 286, 293, 302, 325, 326, 500, 562, 578, 580, 583, 594, 603, 607, 664, 686, 715, 733, 734, 740, 745, 752, 760, 783, 784]","[3, 27, 132, 286, 349, 406, 451, 489, 510, 603, 745, 804, 855, 898]","[3, 27, 349, 406, 451, 489, 510, 804, 855, 898]",6/6 successful match,True,[206],True,365,False,,,,,
"Eureka , 95501 Broadway Gas & Deli ( Conoco )",707-442-5507 4050 US 101,24 000 000,Eureka,95501,Broadway Gas & Deli ( Conoco ),707-442-5507,2007,Eureka,CA,Conoco,,4050 US 101,Proper,,False,,False,US 101,,,,,"[603, 132]",[],"[132, 286, 603, 745]",[],"[103, 104, 105, 106, 107, 108, 109, 110, 111, 112, 113, 114, 115, 116, 117, 118, 119, 120, 121, 122, 123, 124, 125, 126, 127, 128, 129, 130, 131, 132, 133, 134, 135, 136, 137, 138, 139, 140, 141, 142, 143, 144, 145, 146, 147, 148, 149, 150, 151, 152, 153, 154, 155, 156, 157, 158, 159, 160, 161, 162, 163, 164, 165, 166, 167, 168, 169, 170, 171, 172, 173, 174, 175, 176, 177, 178, 179, 180, 181, 182, 183, 184, 185, 186, 187, 188, 189, 190, 191, 192, 193, 194, 195, 196, 197, 198, 199, 200, 201, 202, 203, 204, 205, 206, 207, 208, 209, 210, 211, 212, 213, 214, 215, 216, 217, 218, 219, 220, 221, 222, 223, 224, 225, 226, 227, 228, 229, 230, 231, 232, 233, 234, 235, 236, 237, 238, 239, 240, 241, 242, 243, 244, 245, 246, 247, 248, 249, 250, 251, 252, 253, 254, 255, 256, 257, 258, 259, 260, 261, 262, 263, 264, 265, 266, 267, 268, 269, 270, 271, 272, 273, 274, 275, 276, 277, 278, 279, 280, 281, 282, 283, 284, 285, 286, 287, 288, 289, 290, 291, 292, 293, 294, 295, 296, 297, 298, 299, 300, 301, 302, 303, 304, 305, 306, 307, 308, 309, 310, 311, 312, 313, 314, 315, 316, 317, 318, 319, 320, 321, 322, 323, 324, 325, 326, 327, 328, 329, 330, 331, 332, 333, 334, 335, 336, 337, 574, 575, 576, 577, 578, 579, 580, 581, 582, 583, 584, 585, 586, 587, 588, 589, 590, 591, 592, 593, 594, 595, 596, 597, 598, 599, 600, 601, 602, 603, 604, 605, 606, 607, 608, 609, 610, 611, 612, 613, 614, 615, 616, 617, 618, 619, 620, 621, 622, 623, 624, 625, 626, 627, 628, 629, 630, 631, 632, 633, 634, 635, 636, 637, 638, 639, 640, 641, 642, 643, 644, 645, 646, 647, 648, 649, 650, 651, 652, 653, 654, 655, 656, 657, 658, 659, 660, 661, 662, 663, 664, 665, 666, 667, 668, 669, 670, 671, 672, 673, 674, 675, 676, 677, 678, 679, 680, 681, 682, 683, 684, 685, 686, 687, 688, 689, 690, 691, 692, 693, 694, 695, 696, 697, 698, 699, 700, 701, 702, 703, 704, 705, 706, 707, 708, 709, 710, 711, 712, 713, 714, 715, 716, 717, 718, 719, 720, 721, 722, 723, 724, 725, 726, 727, 728, 729, 730, 731, 732, 733, 734, 735, 736, 737, 738, 739, 740, 741, 742, 743, 744, 745, 746, 747, 748, 749, 750, 751, 752, 753, 754, 755, 756, 757, 758, 759, 760, 761, 762, 763, 764, 765, 766, 767, 768, 769, 770, 771, 772, 773, 774, 775, 776, 777, 778, 779, 780, 781, 782, 783, 784, 785, 786, 787, 788, 789, 790, 791, 792, 793]","[15, 91, 107, 110, 113, 123, 132, 136, 193, 216, 218, 252, 274, 275, 281, 286, 293, 302, 325, 326, 500, 562, 578, 580, 583, 594, 603, 607, 664, 686, 715, 733, 734, 740, 745, 752, 760, 783, 784]","[3, 27, 349, 406, 451, 489, 510, 804, 855, 898]","[3, 27, 132, 286, 349, 406, 451, 489, 510, 603, 745, 804, 855, 898]","[3, 15, 27, 91, 103, 104, 105, 106, 107, 108, 109, 110, 111, 112, 113, 114, 115, 116, 117, 118, 119, 120, 121, 122, 123, 124, 125, 126, 127, 128, 129, 130, 131, 132, 133, 134, 135, 136, 137, 138, 139, 140, 141, 142, 143, 144, 145, 146, 147, 148, 149, 150, 151, 152, 153, 154, 155, 156, 157, 158, 159, 160, 161, 162, 163, 164, 165, 166, 167, 168, 169, 170, 171, 172, 173, 174, 175, 176, 177, 178, 179, 180, 181, 182, 183, 184, 185, 186, 187, 188, 189, 190, 191, 192, 193, 194, 195, 196, 197, 198, 199, 200, 201, 202, 203, 204, 205, 206, 207, 208, 209, 210, 211, 212, 213, 214, 215, 216, 217, 218, 219, 220, 221, 222, 223, 224, 225, 226, 227, 228, 229, 230, 231, 232, 233, 234, 235, 236, 237, 238, 239, 240, 241, 242, 243, 244, 245, 246, 247, 248, 249, 250, 251, 252, 253, 254, 255, 256, 257, 258, 259, 260, 261, 262, 263, 264, 265, 266, 267, 268, 269, 270, 271, 272, 273, 274, 275, 276, 277, 278, 279, 280, 281, 282, 283, 284, 285, 286, 287, 288, 289, 290, 291, 292, 293, 294, 295, 296, 297, 298, 299, 300, 301, 302, 303, 304, 305, 306, 307, 308, 309, 310, 311, 312, 313, 314, 315, 316, 317, 318, 319, 320, 321, 322, 323, 324, 325, 326, 327, 328, 329, 330, 331, 332, 333, 334, 335, 336, 337, 349, 406, 451, 489, 500, 510, 562, 574, 575, 576, 577, 578, 579, 580, 581, 582, 583, 584, 585, 586, 587, 588, 589, 590, 591, 592, 593, 594, 595, 596, 597, 598, 599, 600, 601, 602, 603, 604, 605, 606, 607, 608, 609, 610, 611, 612, 613, 614, 615, 616, 617, 618, 619, 620, 621, 622, 623, 624, 625, 626, 627, 628, 629, 630, 631, 632, 633, 634, 635, 636, 637, 638, 639, 640, 641, 642, 643, 644, 645, 646, 647, 648, 649, 650, 651, 652, 653, 654, 655, 656, 657, 658, 659, 660, 661, 662, 663, 664, 665, 666, 667, 668, 669, 670, 671, 672, 673, 674, 675, 676, 677, 678, 679, 680, 681, 682, 683, 684, 685, 686, 687, 688, 689, 690, 691, 692, 693, 694, 695, 696, 697, 698, 699, 700, 701, 702, 703, 704, 705, 706, 707, 708, 709, 710, 711, 712, 713, 714, 715, 716, 717, 718, 719, 720, 721, 722, 723, 724, 725, 726, 727, 728, 729, 730, 731, 732, 733, 734, 735, 736, 737, 738, 739, 740, 741, 742, 743, 744, 745, 746, 747, 748, 749, 750, 751, 752, 753, 754, 755, 756, 757, 758, 759, 760, 761, 762, 763, 764, 765, 766, 767, 768, 769, 770, 771, 772, 773, 774, 775, 776, 777, 778, 779, 780, 781, 782, 783, 784, 785, 786, 787, 788, 789, 790, 791, 792, 793, 804, 855, 898]",True,[],"[103, 104, 105, 106, 107, 108, 109, 110, 111, 112, 113, 114, 115, 116, 117, 118, 119, 120, 121, 122, 123, 124, 125, 126, 127, 128, 129, 130, 131, 132, 133, 134, 135, 136, 137, 138, 139, 140, 141, 142, 143, 144, 145, 146, 147, 148, 149, 150, 151, 152, 153, 154, 155, 156, 157, 158, 159, 160, 161, 162, 163, 164, 165, 166, 167, 168, 169, 170, 171, 172, 173, 174, 175, 176, 177, 178, 179, 180, 181, 182, 183, 184, 185, 186, 187, 188, 189, 190, 191, 192, 193, 194, 195, 196, 197, 198, 199, 200, 201, 202, 203, 204, 205, 206, 207, 208, 209, 210, 211, 212, 213, 214, 215, 216, 217, 218, 219, 220, 221, 222, 223, 224, 225, 226, 227, 228, 229, 230, 231, 232, 233, 234, 235, 236, 237, 238, 239, 240, 241, 242, 243, 244, 245, 246, 247, 248, 249, 250, 251, 252, 253, 254, 255, 256, 257, 258, 259, 260, 261, 262, 263, 264, 265, 266, 267, 268, 269, 270, 271, 272, 273, 274, 275, 276, 277, 278, 279, 280, 281, 282, 283, 284, 285, 286, 287, 288, 289, 290, 291, 292, 293, 294, 295, 296, 297, 298, 299, 300, 301, 302, 303, 304, 305, 306, 307, 308, 309, 310, 311, 312, 313, 314, 315, 316, 317, 318, 319, 320, 321, 322, 323, 324, 325, 326, 327, 328, 329, 330, 331, 332, 333, 334, 335, 336, 337, 574, 575, 576, 577, 578, 579, 580, 581, 582, 583, 584, 585, 586, 587, 588, 589, 590, 591, 592, 593, 594, 595, 596, 597, 598, 599, 600, 601, 602, 603, 604, 605, 606, 607, 608, 609, 610, 611, 612, 613, 614, 615, 616, 617, 618, 619, 620, 621, 622, 623, 624, 625, 626, 627, 628, 629, 630, 631, 632, 633, 634, 635, 636, 637, 638, 639, 640, 641, 642, 643, 644, 645, 646, 647, 648, 649, 650, 651, 652, 653, 654, 655, 656, 657, 658, 659, 660, 661, 662, 663, 664, 665, 666, 667, 668, 669, 670, 671, 672, 673, 674, 675, 676, 677, 678, 679, 680, 681, 682, 683, 684, 685, 686, 687, 688, 689, 690, 691, 692, 693, 694, 695, 696, 697, 698, 699, 700, 701, 702, 703, 704, 705, 706, 707, 708, 709, 710, 711, 712, 713, 714, 715, 716, 717, 718, 719, 720, 721, 722, 723, 724, 725, 726, 727, 728, 729, 730, 731, 732, 733, 734, 735, 736, 737, 738, 739, 740, 741, 742, 743, 744, 745, 746, 747, 748, 749, 750, 751, 752, 753, 754, 755, 756, 757, 758, 759, 760, 761, 762, 763, 764, 765, 766, 767, 768, 769, 770, 771, 772, 773, 774, 775, 776, 777, 778, 779, 780, 781, 782, 783, 784, 785, 786, 787, 788, 789, 790, 791, 792, 793]","[132, 286, 603, 745]",[],"[15, 91, 107, 110, 113, 123, 132, 136, 193, 216, 218, 252, 274, 275, 281, 286, 293, 302, 325, 326, 500, 562, 578, 580, 583, 594, 603, 607, 664, 686, 715, 733, 734, 740, 745, 752, 760, 783, 784]","[3, 27, 132, 286, 349, 406, 451, 489, 510, 603, 745, 804, 855, 898]","[3, 27, 349, 406, 451, 489, 510, 804, 855, 898]",6/6 successful match,True,[206],True,365,False,,1.0,True,Broadway Gas & Deli ( Conoco,Conoco
"Eureka , 95501 Broadway Gas & Deli ( Conoco )",1 707-442-5507 4050 US 101,24 HRS,Eureka,95501,Broadway Gas & Deli ( Conoco ),707-442-5507,2008,Eureka,CA,Conoco,,4050 US 101,Proper,,False,,False,US 101,,,,,"[603, 132]",[],"[132, 286, 603, 745]",[],"[103, 104, 105, 106, 107, 108, 109, 110, 111, 112, 113, 114, 115, 116, 117, 118, 119, 120, 121, 122, 123, 124, 125, 126, 127, 128, 129, 130, 131, 132, 133, 134, 135, 136, 137, 138, 139, 140, 141, 142, 143, 144, 145, 146, 147, 148, 149, 150, 151, 152, 153, 154, 155, 156, 157, 158, 159, 160, 161, 162, 163, 164, 165, 166, 167, 168, 169, 170, 171, 172, 173, 174, 175, 176, 177, 178, 179, 180, 181, 182, 183, 184, 185, 186, 187, 188, 189, 190, 191, 192, 193, 194, 195, 196, 197, 198, 199, 200, 201, 202, 203, 204, 205, 206, 207, 208, 209, 210, 211, 212, 213, 214, 215, 216, 217, 218, 219, 220, 221, 222, 223, 224, 225, 226, 227, 228, 229, 230, 231, 232, 233, 234, 235, 236, 237, 238, 239, 240, 241, 242, 243, 244, 245, 246, 247, 248, 249, 250, 251, 252, 253, 254, 255, 256, 257, 258, 259, 260, 261, 262, 263, 264, 265, 266, 267, 268, 269, 270, 271, 272, 273, 274, 275, 276, 277, 278, 279, 280, 281, 282, 283, 284, 285, 286, 287, 288, 289, 290, 291, 292, 293, 294, 295, 296, 297, 298, 299, 300, 301, 302, 303, 304, 305, 306, 307, 308, 309, 310, 311, 312, 313, 314, 315, 316, 317, 318, 319, 320, 321, 322, 323, 324, 325, 326, 327, 328, 329, 330, 331, 332, 333, 334, 335, 336, 337, 574, 575, 576, 577, 578, 579, 580, 581, 582, 583, 584, 585, 586, 587, 588, 589, 590, 591, 592, 593, 594, 595, 596, 597, 598, 599, 600, 601, 602, 603, 604, 605, 606, 607, 608, 609, 610, 611, 612, 613, 614, 615, 616, 617, 618, 619, 620, 621, 622, 623, 624, 625, 626, 627, 628, 629, 630, 631, 632, 633, 634, 635, 636, 637, 638, 639, 640, 641, 642, 643, 644, 645, 646, 647, 648, 649, 650, 651, 652, 653, 654, 655, 656, 657, 658, 659, 660, 661, 662, 663, 664, 665, 666, 667, 668, 669, 670, 671, 672, 673, 674, 675, 676, 677, 678, 679, 680, 681, 682, 683, 684, 685, 686, 687, 688, 689, 690, 691, 692, 693, 694, 695, 696, 697, 698, 699, 700, 701, 702, 703, 704, 705, 706, 707, 708, 709, 710, 711, 712, 713, 714, 715, 716, 717, 718, 719, 720, 721, 722, 723, 724, 725, 726, 727, 728, 729, 730, 731, 732, 733, 734, 735, 736, 737, 738, 739, 740, 741, 742, 743, 744, 745, 746, 747, 748, 749, 750, 751, 752, 753, 754, 755, 756, 757, 758, 759, 760, 761, 762, 763, 764, 765, 766, 767, 768, 769, 770, 771, 772, 773, 774, 775, 776, 777, 778, 779, 780, 781, 782, 783, 784, 785, 786, 787, 788, 789, 790, 791, 792, 793]","[15, 91, 107, 110, 113, 123, 132, 136, 193, 216, 218, 252, 274, 275, 281, 286, 293, 302, 325, 326, 500, 562, 578, 580, 583, 594, 603, 607, 664, 686, 715, 733, 734, 740, 745, 752, 760, 783, 784]","[3, 27, 349, 406, 451, 489, 510, 804, 855, 898]","[3, 27, 132, 286, 349, 406, 451, 489, 510, 603, 745, 804, 855, 898]","[3, 15, 27, 91, 103, 104, 105, 106, 107, 108, 109, 110, 111, 112, 113, 114, 115, 116, 117, 118, 119, 120, 121, 122, 123, 124, 125, 126, 127, 128, 129, 130, 131, 132, 133, 134, 135, 136, 137, 138, 139, 140, 141, 142, 143, 144, 145, 146, 147, 148, 149, 150, 151, 152, 153, 154, 155, 156, 157, 158, 159, 160, 161, 162, 163, 164, 165, 166, 167, 168, 169, 170, 171, 172, 173, 174, 175, 176, 177, 178, 179, 180, 181, 182, 183, 184, 185, 186, 187, 188, 189, 190, 191, 192, 193, 194, 195, 196, 197, 198, 199, 200, 201, 202, 203, 204, 205, 206, 207, 208, 209, 210, 211, 212, 213, 214, 215, 216, 217, 218, 219, 220, 221, 222, 223, 224, 225, 226, 227, 228, 229, 230, 231, 232, 233, 234, 235, 236, 237, 238, 239, 240, 241, 242, 243, 244, 245, 246, 247, 248, 249, 250, 251, 252, 253, 254, 255, 256, 257, 258, 259, 260, 261, 262, 263, 264, 265, 266, 267, 268, 269, 270, 271, 272, 273, 274, 275, 276, 277, 278, 279, 280, 281, 282, 283, 284, 285, 286, 287, 288, 289, 290, 291, 292, 293, 294, 295, 296, 297, 298, 299, 300, 301, 302, 303, 304, 305, 306, 307, 308, 309, 310, 311, 312, 313, 314, 315, 316, 317, 318, 319, 320, 321, 322, 323, 324, 325, 326, 327, 328, 329, 330, 331, 332, 333, 334, 335, 336, 337, 349, 406, 451, 489, 500, 510, 562, 574, 575, 576, 577, 578, 579, 580, 581, 582, 583, 584, 585, 586, 587, 588, 589, 590, 591, 592, 593, 594, 595, 596, 597, 598, 599, 600, 601, 602, 603, 604, 605, 606, 607, 608, 609, 610, 611, 612, 613, 614, 615, 616, 617, 618, 619, 620, 621, 622, 623, 624, 625, 626, 627, 628, 629, 630, 631, 632, 633, 634, 635, 636, 637, 638, 639, 640, 641, 642, 643, 644, 645, 646, 647, 648, 649, 650, 651, 652, 653, 654, 655, 656, 657, 658, 659, 660, 661, 662, 663, 664, 665, 666, 667, 668, 669, 670, 671, 672, 673, 674, 675, 676, 677, 678, 679, 680, 681, 682, 683, 684, 685, 686, 687, 688, 689, 690, 691, 692, 693, 694, 695, 696, 697, 698, 699, 700, 701, 702, 703, 704, 705, 706, 707, 708, 709, 710, 711, 712, 713, 714, 715, 716, 717, 718, 719, 720, 721, 722, 723, 724, 725, 726, 727, 728, 729, 730, 731, 732, 733, 734, 735, 736, 737, 738, 739, 740, 741, 742, 743, 744, 745, 746, 747, 748, 749, 750, 751, 752, 753, 754, 755, 756, 757, 758, 759, 760, 761, 762, 763, 764, 765, 766, 767, 768, 769, 770, 771, 772, 773, 774, 775, 776, 777, 778, 779, 780, 781, 782, 783, 784, 785, 786, 787, 788, 789, 790, 791, 792, 793, 804, 855, 898]",True,[],"[103, 104, 105, 106, 107, 108, 109, 110, 111, 112, 113, 114, 115, 116, 117, 118, 119, 120, 121, 122, 123, 124, 125, 126, 127, 128, 129, 130, 131, 132, 133, 134, 135, 136, 137, 138, 139, 140, 141, 142, 143, 144, 145, 146, 147, 148, 149, 150, 151, 152, 153, 154, 155, 156, 157, 158, 159, 160, 161, 162, 163, 164, 165, 166, 167, 168, 169, 170, 171, 172, 173, 174, 175, 176, 177, 178, 179, 180, 181, 182, 183, 184, 185, 186, 187, 188, 189, 190, 191, 192, 193, 194, 195, 196, 197, 198, 199, 200, 201, 202, 203, 204, 205, 206, 207, 208, 209, 210, 211, 212, 213, 214, 215, 216, 217, 218, 219, 220, 221, 222, 223, 224, 225, 226, 227, 228, 229, 230, 231, 232, 233, 234, 235, 236, 237, 238, 239, 240, 241, 242, 243, 244, 245, 246, 247, 248, 249, 250, 251, 252, 253, 254, 255, 256, 257, 258, 259, 260, 261, 262, 263, 264, 265, 266, 267, 268, 269, 270, 271, 272, 273, 274, 275, 276, 277, 278, 279, 280, 281, 282, 283, 284, 285, 286, 287, 288, 289, 290, 291, 292, 293, 294, 295, 296, 297, 298, 299, 300, 301, 302, 303, 304, 305, 306, 307, 308, 309, 310, 311, 312, 313, 314, 315, 316, 317, 318, 319, 320, 321, 322, 323, 324, 325, 326, 327, 328, 329, 330, 331, 332, 333, 334, 335, 336, 337, 574, 575, 576, 577, 578, 579, 580, 581, 582, 583, 584, 585, 586, 587, 588, 589, 590, 591, 592, 593, 594, 595, 596, 597, 598, 599, 600, 601, 602, 603, 604, 605, 606, 607, 608, 609, 610, 611, 612, 613, 614, 615, 616, 617, 618, 619, 620, 621, 622, 623, 624, 625, 626, 627, 628, 629, 630, 631, 632, 633, 634, 635, 636, 637, 638, 639, 640, 641, 642, 643, 644, 645, 646, 647, 648, 649, 650, 651, 652, 653, 654, 655, 656, 657, 658, 659, 660, 661, 662, 663, 664, 665, 666, 667, 668, 669, 670, 671, 672, 673, 674, 675, 676, 677, 678, 679, 680, 681, 682, 683, 684, 685, 686, 687, 688, 689, 690, 691, 692, 693, 694, 695, 696, 697, 698, 699, 700, 701, 702, 703, 704, 705, 706, 707, 708, 709, 710, 711, 712, 713, 714, 715, 716, 717, 718, 719, 720, 721, 722, 723, 724, 725, 726, 727, 728, 729, 730, 731, 732, 733, 734, 735, 736, 737, 738, 739, 740, 741, 742, 743, 744, 745, 746, 747, 748, 749, 750, 751, 752, 753, 754, 755, 756, 757, 758, 759, 760, 761, 762, 763, 764, 765, 766, 767, 768, 769, 770, 771, 772, 773, 774, 775, 776, 777, 778, 779, 780, 781, 782, 783, 784, 785, 786, 787, 788, 789, 790, 791, 792, 793]","[132, 286, 603, 745]",[],"[15, 91, 107, 110, 113, 123, 132, 136, 193, 216, 218, 252, 274, 275, 281, 286, 293, 302, 325, 326, 500, 562, 578, 580, 583, 594, 603, 607, 664, 686, 715, 733, 734, 740, 745, 752, 760, 783, 784]","[3, 27, 132, 286, 349, 406, 451, 489, 510, 603, 745, 804, 855, 898]","[3, 27, 349, 406, 451, 489, 510, 804, 855, 898]",6/6 successful match,True,[206],True,365,False,,1.0,True,Broadway Gas & Deli ( Conoco ),Conoco
B Eureka ( 95501 ) Broadway Gas & Deli ( 76 ),707-442-5507 4050 US 101,24 D,Eureka,95501,Broadway Gas & Deli ( 76 ),707-442-5507,2014,Eureka,CA,,,4050 US 101,Proper,,False,,False,US 101,,,,,"[603, 132]",[],"[132, 286, 603, 745]",[],"[103, 104, 105, 106, 107, 108, 109, 110, 111, 112, 113, 114, 115, 116, 117, 118, 119, 120, 121, 122, 123, 124, 125, 126, 127, 128, 129, 130, 131, 132, 133, 134, 135, 136, 137, 138, 139, 140, 141, 142, 143, 144, 145, 146, 147, 148, 149, 150, 151, 152, 153, 154, 155, 156, 157, 158, 159, 160, 161, 162, 163, 164, 165, 166, 167, 168, 169, 170, 171, 172, 173, 174, 175, 176, 177, 178, 179, 180, 181, 182, 183, 184, 185, 186, 187, 188, 189, 190, 191, 192, 193, 194, 195, 196, 197, 198, 199, 200, 201, 202, 203, 204, 205, 206, 207, 208, 209, 210, 211, 212, 213, 214, 215, 216, 217, 218, 219, 220, 221, 222, 223, 224, 225, 226, 227, 228, 229, 230, 231, 232, 233, 234, 235, 236, 237, 238, 239, 240, 241, 242, 243, 244, 245, 246, 247, 248, 249, 250, 251, 252, 253, 254, 255, 256, 257, 258, 259, 260, 261, 262, 263, 264, 265, 266, 267, 268, 269, 270, 271, 272, 273, 274, 275, 276, 277, 278, 279, 280, 281, 282, 283, 284, 285, 286, 287, 288, 289, 290, 291, 292, 293, 294, 295, 296, 297, 298, 299, 300, 301, 302, 303, 304, 305, 306, 307, 308, 309, 310, 311, 312, 313, 314, 315, 316, 317, 318, 319, 320, 321, 322, 323, 324, 325, 326, 327, 328, 329, 330, 331, 332, 333, 334, 335, 336, 337, 574, 575, 576, 577, 578, 579, 580, 581, 582, 583, 584, 585, 586, 587, 588, 589, 590, 591, 592, 593, 594, 595, 596, 597, 598, 599, 600, 601, 602, 603, 604, 605, 606, 607, 608, 609, 610, 611, 612, 613, 614, 615, 616, 617, 618, 619, 620, 621, 622, 623, 624, 625, 626, 627, 628, 629, 630, 631, 632, 633, 634, 635, 636, 637, 638, 639, 640, 641, 642, 643, 644, 645, 646, 647, 648, 649, 650, 651, 652, 653, 654, 655, 656, 657, 658, 659, 660, 661, 662, 663, 664, 665, 666, 667, 668, 669, 670, 671, 672, 673, 674, 675, 676, 677, 678, 679, 680, 681, 682, 683, 684, 685, 686, 687, 688, 689, 690, 691, 692, 693, 694, 695, 696, 697, 698, 699, 700, 701, 702, 703, 704, 705, 706, 707, 708, 709, 710, 711, 712, 713, 714, 715, 716, 717, 718, 719, 720, 721, 722, 723, 724, 725, 726, 727, 728, 729, 730, 731, 732, 733, 734, 735, 736, 737, 738, 739, 740, 741, 742, 743, 744, 745, 746, 747, 748, 749, 750, 751, 752, 753, 754, 755, 756, 757, 758, 759, 760, 761, 762, 763, 764, 765, 766, 767, 768, 769, 770, 771, 772, 773, 774, 775, 776, 777, 778, 779, 780, 781, 782, 783, 784, 785, 786, 787, 788, 789, 790, 791, 792, 793]","[15, 91, 107, 110, 113, 123, 132, 136, 193, 216, 218, 252, 274, 275, 281, 286, 293, 302, 325, 326, 500, 562, 578, 580, 583, 594, 603, 607, 664, 686, 715, 733, 734, 740, 745, 752, 760, 783, 784]",[],"[84, 87, 89, 114, 115, 117, 124, 132, 135, 144, 152, 178, 239, 268, 281, 286, 297, 318, 320, 327, 348, 394, 555, 558, 560, 585, 586, 588, 595, 603, 606, 615, 623, 649, 703, 727, 740, 745, 756, 776, 778, 785, 803, 844]","[15, 84, 87, 89, 91, 103, 104, 105, 106, 107, 108, 109, 110, 111, 112, 113, 114, 115, 116, 117, 118, 119, 120, 121, 122, 123, 124, 125, 126, 127, 128, 129, 130, 131, 132, 133, 134, 135, 136, 137, 138, 139, 140, 141, 142, 143, 144, 145, 146, 147, 148, 149, 150, 151, 152, 153, 154, 155, 156, 157, 158, 159, 160, 161, 162, 163, 164, 165, 166, 167, 168, 169, 170, 171, 172, 173, 174, 175, 176, 177, 178, 179, 180, 181, 182, 183, 184, 185, 186, 187, 188, 189, 190, 191, 192, 193, 194, 195, 196, 197, 198, 199, 200, 201, 202, 203, 204, 205, 206, 207, 208, 209, 210, 211, 212, 213, 214, 215, 216, 217, 218, 219, 220, 221, 222, 223, 224, 225, 226, 227, 228, 229, 230, 231, 232, 233, 234, 235, 236, 237, 238, 239, 240, 241, 242, 243, 244, 245, 246, 247, 248, 249, 250, 251, 252, 253, 254, 255, 256, 257, 258, 259, 260, 261, 262, 263, 264, 265, 266, 267, 268, 269, 270, 271, 272, 273, 274, 275, 276, 277, 278, 279, 280, 281, 282, 283, 284, 285, 286, 287, 288, 289, 290, 291, 292, 293, 294, 295, 296, 297, 298, 299, 300, 301, 302, 303, 304, 305, 306, 307, 308, 309, 310, 311, 312, 313, 314, 315, 316, 317, 318, 319, 320, 321, 322, 323, 324, 325, 326, 327, 328, 329, 330, 331, 332, 333, 334, 335, 336, 337, 348, 394, 500, 555, 558, 560, 562, 574, 575, 576, 577, 578, 579, 580, 581, 582, 583, 584, 585, 586, 587, 588, 589, 590, 591, 592, 593, 594, 595, 596, 597, 598, 599, 600, 601, 602, 603, 604, 605, 606, 607, 608, 609, 610, 611, 612, 613, 614, 615, 616, 617, 618, 619, 620, 621, 622, 623, 624, 625, 626, 627, 628, 629, 630, 631, 632, 633, 634, 635, 636, 637, 638, 639, 640, 641, 642, 643, 644, 645, 646, 647, 648, 649, 650, 651, 652, 653, 654, 655, 656, 657, 658, 659, 660, 661, 662, 663, 664, 665, 666, 667, 668, 669, 670, 671, 672, 673, 674, 675, 676, 677, 678, 679, 680, 681, 682, 683, 684, 685, 686, 687, 688, 689, 690, 691, 692, 693, 694, 695, 696, 697, 698, 699, 700, 701, 702, 703, 704, 705, 706, 707, 708, 709, 710, 711, 712, 713, 714, 715, 716, 717, 718, 719, 720, 721, 722, 723, 724, 725, 726, 727, 728, 729, 730, 731, 732, 733, 734, 735, 736, 737, 738, 739, 740, 741, 742, 743, 744, 745, 746, 747, 748, 749, 750, 751, 752, 753, 754, 755, 756, 757, 758, 759, 760, 761, 762, 763, 764, 765, 766, 767, 768, 769, 770, 771, 772, 773, 774, 775, 776, 777, 778, 779, 780, 781, 782, 783, 784, 785, 786, 787, 788, 789, 790, 791, 792, 793, 803, 844]",True,[],"[103, 104, 105, 106, 107, 108, 109, 110, 111, 112, 113, 114, 115, 116, 117, 118, 119, 120, 121, 122, 123, 124, 125, 126, 127, 128, 129, 130, 131, 132, 133, 134, 135, 136, 137, 138, 139, 140, 141, 142, 143, 144, 145, 146, 147, 148, 149, 150, 151, 152, 153, 154, 155, 156, 157, 158, 159, 160, 161, 162, 163, 164, 165, 166, 167, 168, 169, 170, 171, 172, 173, 174, 175, 176, 177, 178, 179, 180, 181, 182, 183, 184, 185, 186, 187, 188, 189, 190, 191, 192, 193, 194, 195, 196, 197, 198, 199, 200, 201, 202, 203, 204, 205, 206, 207, 208, 209, 210, 211, 212, 213, 214, 215, 216, 217, 218, 219, 220, 221, 222, 223, 224, 225, 226, 227, 228, 229, 230, 231, 232, 233, 234, 235, 236, 237, 238, 239, 240, 241, 242, 243, 244, 245, 246, 247, 248, 249, 250, 251, 252, 253, 254, 255, 256, 257, 258, 259, 260, 261, 262, 263, 264, 265, 266, 267, 268, 269, 270, 271, 272, 273, 274, 275, 276, 277, 278, 279, 280, 281, 282, 283, 284, 285, 286, 287, 288, 289, 290, 291, 292, 293, 294, 295, 296, 297, 298, 299, 300, 301, 302, 303, 304, 305, 306, 307, 308, 309, 310, 311, 312, 313, 314, 315, 316, 317, 318, 319, 320, 321, 322, 323, 324, 325, 326, 327, 328, 329, 330, 331, 332, 333, 334, 335, 336, 337, 574, 575, 576, 577, 578, 579, 580, 581, 582, 583, 584, 585, 586, 587, 588, 589, 590, 591, 592, 593, 594, 595, 596, 597, 598, 599, 600, 601, 602, 603, 604, 605, 606, 607, 608, 609, 610, 611, 612, 613, 614, 615, 616, 617, 618, 619, 620, 621, 622, 623, 624, 625, 626, 627, 628, 629, 630, 631, 632, 633, 634, 635, 636, 637, 638, 639, 640, 641, 642, 643, 644, 645, 646, 647, 648, 649, 650, 651, 652, 653, 654, 655, 656, 657, 658, 659, 660, 661, 662, 663, 664, 665, 666, 667, 668, 669, 670, 671, 672, 673, 674, 675, 676, 677, 678, 679, 680, 681, 682, 683, 684, 685, 686, 687, 688, 689, 690, 691, 692, 693, 694, 695, 696, 697, 698, 699, 700, 701, 702, 703, 704, 705, 706, 707, 708, 709, 710, 711, 712, 713, 714, 715, 716, 717, 718, 719, 720, 721, 722, 723, 724, 725, 726, 727, 728, 729, 730, 731, 732, 733, 734, 735, 736, 737, 738, 739, 740, 741, 742, 743, 744, 745, 746, 747, 748, 749, 750, 751, 752, 753, 754, 755, 756, 757, 758, 759, 760, 761, 762, 763, 764, 765, 766, 767, 768, 769, 770, 771, 772, 773, 774, 775, 776, 777, 778, 779, 780, 781, 782, 783, 784, 785, 786, 787, 788, 789, 790, 791, 792, 793]","[132, 286, 603, 745]",[],"[15, 91, 107, 110, 113, 123, 132, 136, 193, 216, 218, 252, 274, 275, 281, 286, 293, 302, 325, 326, 500, 562, 578, 580, 583, 594, 603, 607, 664, 686, 715, 733, 734, 740, 745, 752, 760, 783, 784]","[84, 87, 89, 114, 115, 117, 124, 132, 135, 144, 152, 178, 239, 268, 281, 286, 297, 318, 320, 327, 348, 394, 555, 558, 560, 585, 586, 588, 595, 603, 606, 615, 623, 649, 703, 727, 740, 745, 756, 776, 778, 785, 803, 844]",[],7/6 successful match,True,[206],True,365,False,,0.9571428571428571,True,Broadway Gas & Deli ( Conoco ),Conoco
B Eureka ( 95501 ) Broadway Gas & Deli ( 76 ),707-442-5507 4050 US 101,24 <U+2610> <U+2610> 0,Eureka,95501,Broadway Gas & Deli ( 76 ),707-442-5507,2015,Eureka,CA,,,4050 US 101,Proper,,False,,False,US 101,,,,,"[603, 132]",[],"[132, 286, 603, 745]",[],"[103, 104, 105, 106, 107, 108, 109, 110, 111, 112, 113, 114, 115, 116, 117, 118, 119, 120, 121, 122, 123, 124, 125, 126, 127, 128, 129, 130, 131, 132, 133, 134, 135, 136, 137, 138, 139, 140, 141, 142, 143, 144, 145, 146, 147, 148, 149, 150, 151, 152, 153, 154, 155, 156, 157, 158, 159, 160, 161, 162, 163, 164, 165, 166, 167, 168, 169, 170, 171, 172, 173, 174, 175, 176, 177, 178, 179, 180, 181, 182, 183, 184, 185, 186, 187, 188, 189, 190, 191, 192, 193, 194, 195, 196, 197, 198, 199, 200, 201, 202, 203, 204, 205, 206, 207, 208, 209, 210, 211, 212, 213, 214, 215, 216, 217, 218, 219, 220, 221, 222, 223, 224, 225, 226, 227, 228, 229, 230, 231, 232, 233, 234, 235, 236, 237, 238, 239, 240, 241, 242, 243, 244, 245, 246, 247, 248, 249, 250, 251, 252, 253, 254, 255, 256, 257, 258, 259, 260, 261, 262, 263, 264, 265, 266, 267, 268, 269, 270, 271, 272, 273, 274, 275, 276, 277, 278, 279, 280, 281, 282, 283, 284, 285, 286, 287, 288, 289, 290, 291, 292, 293, 294, 295, 296, 297, 298, 299, 300, 301, 302, 303, 304, 305, 306, 307, 308, 309, 310, 311, 312, 313, 314, 315, 316, 317, 318, 319, 320, 321, 322, 323, 324, 325, 326, 327, 328, 329, 330, 331, 332, 333, 334, 335, 336, 337, 574, 575, 576, 577, 578, 579, 580, 581, 582, 583, 584, 585, 586, 587, 588, 589, 590, 591, 592, 593, 594, 595, 596, 597, 598, 599, 600, 601, 602, 603, 604, 605, 606, 607, 608, 609, 610, 611, 612, 613, 614, 615, 616, 617, 618, 619, 620, 621, 622, 623, 624, 625, 626, 627, 628, 629, 630, 631, 632, 633, 634, 635, 636, 637, 638, 639, 640, 641, 642, 643, 644, 645, 646, 647, 648, 649, 650, 651, 652, 653, 654, 655, 656, 657, 658, 659, 660, 661, 662, 663, 664, 665, 666, 667, 668, 669, 670, 671, 672, 673, 674, 675, 676, 677, 678, 679, 680, 681, 682, 683, 684, 685, 686, 687, 688, 689, 690, 691, 692, 693, 694, 695, 696, 697, 698, 699, 700, 701, 702, 703, 704, 705, 706, 707, 708, 709, 710, 711, 712, 713, 714, 715, 716, 717, 718, 719, 720, 721, 722, 723, 724, 725, 726, 727, 728, 729, 730, 731, 732, 733, 734, 735, 736, 737, 738, 739, 740, 741, 742, 743, 744, 745, 746, 747, 748, 749, 750, 751, 752, 753, 754, 755, 756, 757, 758, 759, 760, 761, 762, 763, 764, 765, 766, 767, 768, 769, 770, 771, 772, 773, 774, 775, 776, 777, 778, 779, 780, 781, 782, 783, 784, 785, 786, 787, 788, 789, 790, 791, 792, 793]","[15, 91, 107, 110, 113, 123, 132, 136, 193, 216, 218, 252, 274, 275, 281, 286, 293, 302, 325, 326, 500, 562, 578, 580, 583, 594, 603, 607, 664, 686, 715, 733, 734, 740, 745, 752, 760, 783, 784]",[],"[84, 87, 89, 114, 115, 117, 124, 132, 135, 144, 152, 178, 239, 268, 281, 286, 297, 318, 320, 327, 348, 394, 555, 558, 560, 585, 586, 588, 595, 603, 606, 615, 623, 649, 703, 727, 740, 745, 756, 776, 778, 785, 803, 844]","[15, 84, 87, 89, 91, 103, 104, 105, 106, 107, 108, 109, 110, 111, 112, 113, 114, 115, 116, 117, 118, 119, 120, 121, 122, 123, 124, 125, 126, 127, 128, 129, 130, 131, 132, 133, 134, 135, 136, 137, 138, 139, 140, 141, 142, 143, 144, 145, 146, 147, 148, 149, 150, 151, 152, 153, 154, 155, 156, 157, 158, 159, 160, 161, 162, 163, 164, 165, 166, 167, 168, 169, 170, 171, 172, 173, 174, 175, 176, 177, 178, 179, 180, 181, 182, 183, 184, 185, 186, 187, 188, 189, 190, 191, 192, 193, 194, 195, 196, 197, 198, 199, 200, 201, 202, 203, 204, 205, 206, 207, 208, 209, 210, 211, 212, 213, 214, 215, 216, 217, 218, 219, 220, 221, 222, 223, 224, 225, 226, 227, 228, 229, 230, 231, 232, 233, 234, 235, 236, 237, 238, 239, 240, 241, 242, 243, 244, 245, 246, 247, 248, 249, 250, 251, 252, 253, 254, 255, 256, 257, 258, 259, 260, 261, 262, 263, 264, 265, 266, 267, 268, 269, 270, 271, 272, 273, 274, 275, 276, 277, 278, 279, 280, 281, 282, 283, 284, 285, 286, 287, 288, 289, 290, 291, 292, 293, 294, 295, 296, 297, 298, 299, 300, 301, 302, 303, 304, 305, 306, 307, 308, 309, 310, 311, 312, 313, 314, 315, 316, 317, 318, 319, 320, 321, 322, 323, 324, 325, 326, 327, 328, 329, 330, 331, 332, 333, 334, 335, 336, 337, 348, 394, 500, 555, 558, 560, 562, 574, 575, 576, 577, 578, 579, 580, 581, 582, 583, 584, 585, 586, 587, 588, 589, 590, 591, 592, 593, 594, 595, 596, 597, 598, 599, 600, 601, 602, 603, 604, 605, 606, 607, 608, 609, 610, 611, 612, 613, 614, 615, 616, 617, 618, 619, 620, 621, 622, 623, 624, 625, 626, 627, 628, 629, 630, 631, 632, 633, 634, 635, 636, 637, 638, 639, 640, 641, 642, 643, 644, 645, 646, 647, 648, 649, 650, 651, 652, 653, 654, 655, 656, 657, 658, 659, 660, 661, 662, 663, 664, 665, 666, 667, 668, 669, 670, 671, 672, 673, 674, 675, 676, 677, 678, 679, 680, 681, 682, 683, 684, 685, 686, 687, 688, 689, 690, 691, 692, 693, 694, 695, 696, 697, 698, 699, 700, 701, 702, 703, 704, 705, 706, 707, 708, 709, 710, 711, 712, 713, 714, 715, 716, 717, 718, 719, 720, 721, 722, 723, 724, 725, 726, 727, 728, 729, 730, 731, 732, 733, 734, 735, 736, 737, 738, 739, 740, 741, 742, 743, 744, 745, 746, 747, 748, 749, 750, 751, 752, 753, 754, 755, 756, 757, 758, 759, 760, 761, 762, 763, 764, 765, 766, 767, 768, 769, 770, 771, 772, 773, 774, 775, 776, 777, 778, 779, 780, 781, 782, 783, 784, 785, 786, 787, 788, 789, 790, 791, 792, 793, 803, 844]",True,[],"[103, 104, 105, 106, 107, 108, 109, 110, 111, 112, 113, 114, 115, 116, 117, 118, 119, 120, 121, 122, 123, 124, 125, 126, 127, 128, 129, 130, 131, 132, 133, 134, 135, 136, 137, 138, 139, 140, 141, 142, 143, 144, 145, 146, 147, 148, 149, 150, 151, 152, 153, 154, 155, 156, 157, 158, 159, 160, 161, 162, 163, 164, 165, 166, 167, 168, 169, 170, 171, 172, 173, 174, 175, 176, 177, 178, 179, 180, 181, 182, 183, 184, 185, 186, 187, 188, 189, 190, 191, 192, 193, 194, 195, 196, 197, 198, 199, 200, 201, 202, 203, 204, 205, 206, 207, 208, 209, 210, 211, 212, 213, 214, 215, 216, 217, 218, 219, 220, 221, 222, 223, 224, 225, 226, 227, 228, 229, 230, 231, 232, 233, 234, 235, 236, 237, 238, 239, 240, 241, 242, 243, 244, 245, 246, 247, 248, 249, 250, 251, 252, 253, 254, 255, 256, 257, 258, 259, 260, 261, 262, 263, 264, 265, 266, 267, 268, 269, 270, 271, 272, 273, 274, 275, 276, 277, 278, 279, 280, 281, 282, 283, 284, 285, 286, 287, 288, 289, 290, 291, 292, 293, 294, 295, 296, 297, 298, 299, 300, 301, 302, 303, 304, 305, 306, 307, 308, 309, 310, 311, 312, 313, 314, 315, 316, 317, 318, 319, 320, 321, 322, 323, 324, 325, 326, 327, 328, 329, 330, 331, 332, 333, 334, 335, 336, 337, 574, 575, 576, 577, 578, 579, 580, 581, 582, 583, 584, 585, 586, 587, 588, 589, 590, 591, 592, 593, 594, 595, 596, 597, 598, 599, 600, 601, 602, 603, 604, 605, 606, 607, 608, 609, 610, 611, 612, 613, 614, 615, 616, 617, 618, 619, 620, 621, 622, 623, 624, 625, 626, 627, 628, 629, 630, 631, 632, 633, 634, 635, 636, 637, 638, 639, 640, 641, 642, 643, 644, 645, 646, 647, 648, 649, 650, 651, 652, 653, 654, 655, 656, 657, 658, 659, 660, 661, 662, 663, 664, 665, 666, 667, 668, 669, 670, 671, 672, 673, 674, 675, 676, 677, 678, 679, 680, 681, 682, 683, 684, 685, 686, 687, 688, 689, 690, 691, 692, 693, 694, 695, 696, 697, 698, 699, 700, 701, 702, 703, 704, 705, 706, 707, 708, 709, 710, 711, 712, 713, 714, 715, 716, 717, 718, 719, 720, 721, 722, 723, 724, 725, 726, 727, 728, 729, 730, 731, 732, 733, 734, 735, 736, 737, 738, 739, 740, 741, 742, 743, 744, 745, 746, 747, 748, 749, 750, 751, 752, 753, 754, 755, 756, 757, 758, 759, 760, 761, 762, 763, 764, 765, 766, 767, 768, 769, 770, 771, 772, 773, 774, 775, 776, 777, 778, 779, 780, 781, 782, 783, 784, 785, 786, 787, 788, 789, 790, 791, 792, 793]","[132, 286, 603, 745]",[],"[15, 91, 107, 110, 113, 123, 132, 136, 193, 216, 218, 252, 274, 275, 281, 286, 293, 302, 325, 326, 500, 562, 578, 580, 583, 594, 603, 607, 664, 686, 715, 733, 734, 740, 745, 752, 760, 783, 784]","[84, 87, 89, 114, 115, 117, 124, 132, 135, 144, 152, 178, 239, 268, 281, 286, 297, 318, 320, 327, 348, 394, 555, 558, 560, 585, 586, 588, 595, 603, 606, 615, 623, 649, 703, 727, 740, 745, 756, 776, 778, 785, 803, 844]",[],7/6 successful match,True,[206],True,365,False,,1.0,True,Broadway Gas & Deli ( 76 ),
B Eureka ( 95501 ) Broadway Gas & Deli ( 76 ),707-442-5507 4050 US 101,24 <U+25A1>,Eureka,95501,Broadway Gas & Deli ( 76 ),707-442-5507,2016,Eureka,CA,,,4050 US 101,Proper,,False,,False,US 101,,,,,"[603, 132]",[],"[132, 286, 603, 745]",[],"[103, 104, 105, 106, 107, 108, 109, 110, 111, 112, 113, 114, 115, 116, 117, 118, 119, 120, 121, 122, 123, 124, 125, 126, 127, 128, 129, 130, 131, 132, 133, 134, 135, 136, 137, 138, 139, 140, 141, 142, 143, 144, 145, 146, 147, 148, 149, 150, 151, 152, 153, 154, 155, 156, 157, 158, 159, 160, 161, 162, 163, 164, 165, 166, 167, 168, 169, 170, 171, 172, 173, 174, 175, 176, 177, 178, 179, 180, 181, 182, 183, 184, 185, 186, 187, 188, 189, 190, 191, 192, 193, 194, 195, 196, 197, 198, 199, 200, 201, 202, 203, 204, 205, 206, 207, 208, 209, 210, 211, 212, 213, 214, 215, 216, 217, 218, 219, 220, 221, 222, 223, 224, 225, 226, 227, 228, 229, 230, 231, 232, 233, 234, 235, 236, 237, 238, 239, 240, 241, 242, 243, 244, 245, 246, 247, 248, 249, 250, 251, 252, 253, 254, 255, 256, 257, 258, 259, 260, 261, 262, 263, 264, 265, 266, 267, 268, 269, 270, 271, 272, 273, 274, 275, 276, 277, 278, 279, 280, 281, 282, 283, 284, 285, 286, 287, 288, 289, 290, 291, 292, 293, 294, 295, 296, 297, 298, 299, 300, 301, 302, 303, 304, 305, 306, 307, 308, 309, 310, 311, 312, 313, 314, 315, 316, 317, 318, 319, 320, 321, 322, 323, 324, 325, 326, 327, 328, 329, 330, 331, 332, 333, 334, 335, 336, 337, 574, 575, 576, 577, 578, 579, 580, 581, 582, 583, 584, 585, 586, 587, 588, 589, 590, 591, 592, 593, 594, 595, 596, 597, 598, 599, 600, 601, 602, 603, 604, 605, 606, 607, 608, 609, 610, 611, 612, 613, 614, 615, 616, 617, 618, 619, 620, 621, 622, 623, 624, 625, 626, 627, 628, 629, 630, 631, 632, 633, 634, 635, 636, 637, 638, 639, 640, 641, 642, 643, 644, 645, 646, 647, 648, 649, 650, 651, 652, 653, 654, 655, 656, 657, 658, 659, 660, 661, 662, 663, 664, 665, 666, 667, 668, 669, 670, 671, 672, 673, 674, 675, 676, 677, 678, 679, 680, 681, 682, 683, 684, 685, 686, 687, 688, 689, 690, 691, 692, 693, 694, 695, 696, 697, 698, 699, 700, 701, 702, 703, 704, 705, 706, 707, 708, 709, 710, 711, 712, 713, 714, 715, 716, 717, 718, 719, 720, 721, 722, 723, 724, 725, 726, 727, 728, 729, 730, 731, 732, 733, 734, 735, 736, 737, 738, 739, 740, 741, 742, 743, 744, 745, 746, 747, 748, 749, 750, 751, 752, 753, 754, 755, 756, 757, 758, 759, 760, 761, 762, 763, 764, 765, 766, 767, 768, 769, 770, 771, 772, 773, 774, 775, 776, 777, 778, 779, 780, 781, 782, 783, 784, 785, 786, 787, 788, 789, 790, 791, 792, 793]","[15, 91, 107, 110, 113, 123, 132, 136, 193, 216, 218, 252, 274, 275, 281, 286, 293, 302, 325, 326, 500, 562, 578, 580, 583, 594, 603, 607, 664, 686, 715, 733, 734, 740, 745, 752, 760, 783, 784]",[],"[84, 87, 89, 114, 115, 117, 124, 132, 135, 144, 152, 178, 239, 268, 281, 286, 297, 318, 320, 327, 348, 394, 555, 558, 560, 585, 586, 588, 595, 603, 606, 615, 623, 649, 703, 727, 740, 745, 756, 776, 778, 785, 803, 844]","[15, 84, 87, 89, 91, 103, 104, 105, 106, 107, 108, 109, 110, 111, 112, 113, 114, 115, 116, 117, 118, 119, 120, 121, 122, 123, 124, 125, 126, 127, 128, 129, 130, 131, 132, 133, 134, 135, 136, 137, 138, 139, 140, 141, 142, 143, 144, 145, 146, 147, 148, 149, 150, 151, 152, 153, 154, 155, 156, 157, 158, 159, 160, 161, 162, 163, 164, 165, 166, 167, 168, 169, 170, 171, 172, 173, 174, 175, 176, 177, 178, 179, 180, 181, 182, 183, 184, 185, 186, 187, 188, 189, 190, 191, 192, 193, 194, 195, 196, 197, 198, 199, 200, 201, 202, 203, 204, 205, 206, 207, 208, 209, 210, 211, 212, 213, 214, 215, 216, 217, 218, 219, 220, 221, 222, 223, 224, 225, 226, 227, 228, 229, 230, 231, 232, 233, 234, 235, 236, 237, 238, 239, 240, 241, 242, 243, 244, 245, 246, 247, 248, 249, 250, 251, 252, 253, 254, 255, 256, 257, 258, 259, 260, 261, 262, 263, 264, 265, 266, 267, 268, 269, 270, 271, 272, 273, 274, 275, 276, 277, 278, 279, 280, 281, 282, 283, 284, 285, 286, 287, 288, 289, 290, 291, 292, 293, 294, 295, 296, 297, 298, 299, 300, 301, 302, 303, 304, 305, 306, 307, 308, 309, 310, 311, 312, 313, 314, 315, 316, 317, 318, 319, 320, 321, 322, 323, 324, 325, 326, 327, 328, 329, 330, 331, 332, 333, 334, 335, 336, 337, 348, 394, 500, 555, 558, 560, 562, 574, 575, 576, 577, 578, 579, 580, 581, 582, 583, 584, 585, 586, 587, 588, 589, 590, 591, 592, 593, 594, 595, 596, 597, 598, 599, 600, 601, 602, 603, 604, 605, 606, 607, 608, 609, 610, 611, 612, 613, 614, 615, 616, 617, 618, 619, 620, 621, 622, 623, 624, 625, 626, 627, 628, 629, 630, 631, 632, 633, 634, 635, 636, 637, 638, 639, 640, 641, 642, 643, 644, 645, 646, 647, 648, 649, 650, 651, 652, 653, 654, 655, 656, 657, 658, 659, 660, 661, 662, 663, 664, 665, 666, 667, 668, 669, 670, 671, 672, 673, 674, 675, 676, 677, 678, 679, 680, 681, 682, 683, 684, 685, 686, 687, 688, 689, 690, 691, 692, 693, 694, 695, 696, 697, 698, 699, 700, 701, 702, 703, 704, 705, 706, 707, 708, 709, 710, 711, 712, 713, 714, 715, 716, 717, 718, 719, 720, 721, 722, 723, 724, 725, 726, 727, 728, 729, 730, 731, 732, 733, 734, 735, 736, 737, 738, 739, 740, 741, 742, 743, 744, 745, 746, 747, 748, 749, 750, 751, 752, 753, 754, 755, 756, 757, 758, 759, 760, 761, 762, 763, 764, 765, 766, 767, 768, 769, 770, 771, 772, 773, 774, 775, 776, 777, 778, 779, 780, 781, 782, 783, 784, 785, 786, 787, 788, 789, 790, 791, 792, 793, 803, 844]",True,[],"[103, 104, 105, 106, 107, 108, 109, 110, 111, 112, 113, 114, 115, 116, 117, 118, 119, 120, 121, 122, 123, 124, 125, 126, 127, 128, 129, 130, 131, 132, 133, 134, 135, 136, 137, 138, 139, 140, 141, 142, 143, 144, 145, 146, 147, 148, 149, 150, 151, 152, 153, 154, 155, 156, 157, 158, 159, 160, 161, 162, 163, 164, 165, 166, 167, 168, 169, 170, 171, 172, 173, 174, 175, 176, 177, 178, 179, 180, 181, 182, 183, 184, 185, 186, 187, 188, 189, 190, 191, 192, 193, 194, 195, 196, 197, 198, 199, 200, 201, 202, 203, 204, 205, 206, 207, 208, 209, 210, 211, 212, 213, 214, 215, 216, 217, 218, 219, 220, 221, 222, 223, 224, 225, 226, 227, 228, 229, 230, 231, 232, 233, 234, 235, 236, 237, 238, 239, 240, 241, 242, 243, 244, 245, 246, 247, 248, 249, 250, 251, 252, 253, 254, 255, 256, 257, 258, 259, 260, 261, 262, 263, 264, 265, 266, 267, 268, 269, 270, 271, 272, 273, 274, 275, 276, 277, 278, 279, 280, 281, 282, 283, 284, 285, 286, 287, 288, 289, 290, 291, 292, 293, 294, 295, 296, 297, 298, 299, 300, 301, 302, 303, 304, 305, 306, 307, 308, 309, 310, 311, 312, 313, 314, 315, 316, 317, 318, 319, 320, 321, 322, 323, 324, 325, 326, 327, 328, 329, 330, 331, 332, 333, 334, 335, 336, 337, 574, 575, 576, 577, 578, 579, 580, 581, 582, 583, 584, 585, 586, 587, 588, 589, 590, 591, 592, 593, 594, 595, 596, 597, 598, 599, 600, 601, 602, 603, 604, 605, 606, 607, 608, 609, 610, 611, 612, 613, 614, 615, 616, 617, 618, 619, 620, 621, 622, 623, 624, 625, 626, 627, 628, 629, 630, 631, 632, 633, 634, 635, 636, 637, 638, 639, 640, 641, 642, 643, 644, 645, 646, 647, 648, 649, 650, 651, 652, 653, 654, 655, 656, 657, 658, 659, 660, 661, 662, 663, 664, 665, 666, 667, 668, 669, 670, 671, 672, 673, 674, 675, 676, 677, 678, 679, 680, 681, 682, 683, 684, 685, 686, 687, 688, 689, 690, 691, 692, 693, 694, 695, 696, 697, 698, 699, 700, 701, 702, 703, 704, 705, 706, 707, 708, 709, 710, 711, 712, 713, 714, 715, 716, 717, 718, 719, 720, 721, 722, 723, 724, 725, 726, 727, 728, 729, 730, 731, 732, 733, 734, 735, 736, 737, 738, 739, 740, 741, 742, 743, 744, 745, 746, 747, 748, 749, 750, 751, 752, 753, 754, 755, 756, 757, 758, 759, 760, 761, 762, 763, 764, 765, 766, 767, 768, 769, 770, 771, 772, 773, 774, 775, 776, 777, 778, 779, 780, 781, 782, 783, 784, 785, 786, 787, 788, 789, 790, 791, 792, 793]","[132, 286, 603, 745]",[],"[15, 91, 107, 110, 113, 123, 132, 136, 193, 216, 218, 252, 274, 275, 281, 286, 293, 302, 325, 326, 500, 562, 578, 580, 583, 594, 603, 607, 664, 686, 715, 733, 734, 740, 745, 752, 760, 783, 784]","[84, 87, 89, 114, 115, 117, 124, 132, 135, 144, 152, 178, 239, 268, 281, 286, 297, 318, 320, 327, 348, 394, 555, 558, 560, 585, 586, 588, 595, 603, 606, 615, 623, 649, 703, 727, 740, 745, 756, 776, 778, 785, 803, 844]",[],7/6 successful match,True,[206],True,365,False,,1.0,True,Broadway Gas & Deli ( 76 ),
"Woodland , 95776 Valero Food Shop","530-666-3117 I-5 Exit 537 ( CA 113 ,",000,Woodland,95776,Valero Food Shop,530-666-3117,2006,Woodland,CA,Valero,"( CA 113 ,",I-5 Exit 537 ,Exit,537,False,,False,I-5,,,,,"[612, 141]","[141, 612]","[141, 612]","[141, 612]","[103, 104, 105, 106, 107, 108, 109, 110, 111, 112, 113, 114, 115, 116, 117, 118, 119, 120, 121, 122, 123, 124, 125, 126, 127, 128, 129, 130, 131, 132, 133, 134, 135, 136, 137, 138, 139, 140, 141, 142, 143, 144, 145, 146, 147, 148, 149, 150, 151, 152, 153, 154, 155, 156, 157, 158, 159, 160, 161, 162, 163, 164, 165, 166, 167, 168, 169, 170, 171, 172, 173, 174, 175, 176, 177, 178, 179, 180, 181, 182, 183, 184, 185, 186, 187, 188, 189, 190, 191, 192, 193, 194, 195, 196, 197, 198, 199, 200, 201, 202, 203, 204, 205, 206, 207, 208, 209, 210, 211, 212, 213, 214, 215, 216, 217, 218, 219, 220, 221, 222, 223, 224, 225, 226, 227, 228, 229, 230, 231, 232, 233, 234, 235, 236, 237, 238, 239, 240, 241, 242, 243, 244, 245, 246, 247, 248, 249, 250, 251, 252, 253, 254, 255, 256, 257, 258, 259, 260, 261, 262, 263, 264, 265, 266, 267, 268, 269, 270, 271, 272, 273, 274, 275, 276, 277, 278, 279, 280, 281, 282, 283, 284, 285, 286, 287, 288, 289, 290, 291, 292, 293, 294, 295, 296, 297, 298, 299, 300, 301, 302, 303, 304, 305, 306, 307, 308, 309, 310, 311, 312, 313, 314, 315, 316, 317, 318, 319, 320, 321, 322, 323, 324, 325, 326, 327, 328, 329, 330, 331, 332, 333, 334, 335, 336, 337, 574, 575, 576, 577, 578, 579, 580, 581, 582, 583, 584, 585, 586, 587, 588, 589, 590, 591, 592, 593, 594, 595, 596, 597, 598, 599, 600, 601, 602, 603, 604, 605, 606, 607, 608, 609, 610, 611, 612, 613, 614, 615, 616, 617, 618, 619, 620, 621, 622, 623, 624, 625, 626, 627, 628, 629, 630, 631, 632, 633, 634, 635, 636, 637, 638, 639, 640, 641, 642, 643, 644, 645, 646, 647, 648, 649, 650, 651, 652, 653, 654, 655, 656, 657, 658, 659, 660, 661, 662, 663, 664, 665, 666, 667, 668, 669, 670, 671, 672, 673, 674, 675, 676, 677, 678, 679, 680, 681, 682, 683, 684, 685, 686, 687, 688, 689, 690, 691, 692, 693, 694, 695, 696, 697, 698, 699, 700, 701, 702, 703, 704, 705, 706, 707, 708, 709, 710, 711, 712, 713, 714, 715, 716, 717, 718, 719, 720, 721, 722, 723, 724, 725, 726, 727, 728, 729, 730, 731, 732, 733, 734, 735, 736, 737, 738, 739, 740, 741, 742, 743, 744, 745, 746, 747, 748, 749, 750, 751, 752, 753, 754, 755, 756, 757, 758, 759, 760, 761, 762, 763, 764, 765, 766, 767, 768, 769, 770, 771, 772, 773, 774, 775, 776, 777, 778, 779, 780, 781, 782, 783, 784, 785, 786, 787, 788, 789, 790, 791, 792, 793]","[105, 114, 138, 141, 152, 153, 154, 155, 157, 159, 164, 165, 176, 182, 191, 192, 194, 195, 196, 200, 204, 208, 209, 210, 211, 215, 226, 228, 241, 242, 243, 245, 248, 249, 250, 257, 261, 270, 271, 282, 287, 289, 291, 294, 296, 298, 306, 308, 309, 311, 314, 327, 333, 335, 337, 576, 585, 609, 612, 623, 624, 626, 627, 629, 631, 636, 637, 647, 653, 662, 663, 665, 666, 667, 671, 674, 678, 679, 680, 681, 690, 692, 705, 706, 707, 709, 711, 712, 713, 719, 721, 729, 730, 741, 746, 748, 750, 753, 755, 757, 764, 766, 767, 769, 772, 785, 791]","[2, 9, 10, 82, 111, 112, 113, 199, 279, 284, 285, 300, 488, 494, 495, 553, 581, 582, 583, 670, 738, 743, 744, 759, 818]","[2, 9, 10, 82, 111, 112, 113, 199, 279, 284, 285, 300, 488, 494, 495, 553, 581, 582, 583, 670, 738, 743, 744, 759, 818]","[2, 9, 10, 82, 103, 104, 105, 106, 107, 108, 109, 110, 111, 112, 113, 114, 115, 116, 117, 118, 119, 120, 121, 122, 123, 124, 125, 126, 127, 128, 129, 130, 131, 132, 133, 134, 135, 136, 137, 138, 139, 140, 141, 142, 143, 144, 145, 146, 147, 148, 149, 150, 151, 152, 153, 154, 155, 156, 157, 158, 159, 160, 161, 162, 163, 164, 165, 166, 167, 168, 169, 170, 171, 172, 173, 174, 175, 176, 177, 178, 179, 180, 181, 182, 183, 184, 185, 186, 187, 188, 189, 190, 191, 192, 193, 194, 195, 196, 197, 198, 199, 200, 201, 202, 203, 204, 205, 206, 207, 208, 209, 210, 211, 212, 213, 214, 215, 216, 217, 218, 219, 220, 221, 222, 223, 224, 225, 226, 227, 228, 229, 230, 231, 232, 233, 234, 235, 236, 237, 238, 239, 240, 241, 242, 243, 244, 245, 246, 247, 248, 249, 250, 251, 252, 253, 254, 255, 256, 257, 258, 259, 260, 261, 262, 263, 264, 265, 266, 267, 268, 269, 270, 271, 272, 273, 274, 275, 276, 277, 278, 279, 280, 281, 282, 283, 284, 285, 286, 287, 288, 289, 290, 291, 292, 293, 294, 295, 296, 297, 298, 299, 300, 301, 302, 303, 304, 305, 306, 307, 308, 309, 310, 311, 312, 313, 314, 315, 316, 317, 318, 319, 320, 321, 322, 323, 324, 325, 326, 327, 328, 329, 330, 331, 332, 333, 334, 335, 336, 337, 488, 494, 495, 553, 574, 575, 576, 577, 578, 579, 580, 581, 582, 583, 584, 585, 586, 587, 588, 589, 590, 591, 592, 593, 594, 595, 596, 597, 598, 599, 600, 601, 602, 603, 604, 605, 606, 607, 608, 609, 610, 611, 612, 613, 614, 615, 616, 617, 618, 619, 620, 621, 622, 623, 624, 625, 626, 627, 628, 629, 630, 631, 632, 633, 634, 635, 636, 637, 638, 639, 640, 641, 642, 643, 644, 645, 646, 647, 648, 649, 650, 651, 652, 653, 654, 655, 656, 657, 658, 659, 660, 661, 662, 663, 664, 665, 666, 667, 668, 669, 670, 671, 672, 673, 674, 675, 676, 677, 678, 679, 680, 681, 682, 683, 684, 685, 686, 687, 688, 689, 690, 691, 692, 693, 694, 695, 696, 697, 698, 699, 700, 701, 702, 703, 704, 705, 706, 707, 708, 709, 710, 711, 712, 713, 714, 715, 716, 717, 718, 719, 720, 721, 722, 723, 724, 725, 726, 727, 728, 729, 730, 731, 732, 733, 734, 735, 736, 737, 738, 739, 740, 741, 742, 743, 744, 745, 746, 747, 748, 749, 750, 751, 752, 753, 754, 755, 756, 757, 758, 759, 760, 761, 762, 763, 764, 765, 766, 767, 768, 769, 770, 771, 772, 773, 774, 775, 776, 777, 778, 779, 780, 781, 782, 783, 784, 785, 786, 787, 788, 789, 790, 791, 792, 793, 818]",True,"[141, 612]","[103, 104, 105, 106, 107, 108, 109, 110, 111, 112, 113, 114, 115, 116, 117, 118, 119, 120, 121, 122, 123, 124, 125, 126, 127, 128, 129, 130, 131, 132, 133, 134, 135, 136, 137, 138, 139, 140, 141, 142, 143, 144, 145, 146, 147, 148, 149, 150, 151, 152, 153, 154, 155, 156, 157, 158, 159, 160, 161, 162, 163, 164, 165, 166, 167, 168, 169, 170, 171, 172, 173, 174, 175, 176, 177, 178, 179, 180, 181, 182, 183, 184, 185, 186, 187, 188, 189, 190, 191, 192, 193, 194, 195, 196, 197, 198, 199, 200, 201, 202, 203, 204, 205, 206, 207, 208, 209, 210, 211, 212, 213, 214, 215, 216, 217, 218, 219, 220, 221, 222, 223, 224, 225, 226, 227, 228, 229, 230, 231, 232, 233, 234, 235, 236, 237, 238, 239, 240, 241, 242, 243, 244, 245, 246, 247, 248, 249, 250, 251, 252, 253, 254, 255, 256, 257, 258, 259, 260, 261, 262, 263, 264, 265, 266, 267, 268, 269, 270, 271, 272, 273, 274, 275, 276, 277, 278, 279, 280, 281, 282, 283, 284, 285, 286, 287, 288, 289, 290, 291, 292, 293, 294, 295, 296, 297, 298, 299, 300, 301, 302, 303, 304, 305, 306, 307, 308, 309, 310, 311, 312, 313, 314, 315, 316, 317, 318, 319, 320, 321, 322, 323, 324, 325, 326, 327, 328, 329, 330, 331, 332, 333, 334, 335, 336, 337, 574, 575, 576, 577, 578, 579, 580, 581, 582, 583, 584, 585, 586, 587, 588, 589, 590, 591, 592, 593, 594, 595, 596, 597, 598, 599, 600, 601, 602, 603, 604, 605, 606, 607, 608, 609, 610, 611, 612, 613, 614, 615, 616, 617, 618, 619, 620, 621, 622, 623, 624, 625, 626, 627, 628, 629, 630, 631, 632, 633, 634, 635, 636, 637, 638, 639, 640, 641, 642, 643, 644, 645, 646, 647, 648, 649, 650, 651, 652, 653, 654, 655, 656, 657, 658, 659, 660, 661, 662, 663, 664, 665, 666, 667, 668, 669, 670, 671, 672, 673, 674, 675, 676, 677, 678, 679, 680, 681, 682, 683, 684, 685, 686, 687, 688, 689, 690, 691, 692, 693, 694, 695, 696, 697, 698, 699, 700, 701, 702, 703, 704, 705, 706, 707, 708, 709, 710, 711, 712, 713, 714, 715, 716, 717, 718, 719, 720, 721, 722, 723, 724, 725, 726, 727, 728, 729, 730, 731, 732, 733, 734, 735, 736, 737, 738, 739, 740, 741, 742, 743, 744, 745, 746, 747, 748, 749, 750, 751, 752, 753, 754, 755, 756, 757, 758, 759, 760, 761, 762, 763, 764, 765, 766, 767, 768, 769, 770, 771, 772, 773, 774, 775, 776, 777, 778, 779, 780, 781, 782, 783, 784, 785, 786, 787, 788, 789, 790, 791, 792, 793]","[141, 612]","[141, 612]","[105, 114, 138, 141, 152, 153, 154, 155, 157, 159, 164, 165, 176, 182, 191, 192, 194, 195, 196, 200, 204, 208, 209, 210, 211, 215, 226, 228, 241, 242, 243, 245, 248, 249, 250, 257, 261, 270, 271, 282, 287, 289, 291, 294, 296, 298, 306, 308, 309, 311, 314, 327, 333, 335, 337, 576, 585, 609, 612, 623, 624, 626, 627, 629, 631, 636, 637, 647, 653, 662, 663, 665, 666, 667, 671, 674, 678, 679, 680, 681, 690, 692, 705, 706, 707, 709, 711, 712, 713, 719, 721, 729, 730, 741, 746, 748, 750, 753, 755, 757, 764, 766, 767, 769, 772, 785, 791]","[2, 9, 10, 82, 111, 112, 113, 199, 279, 284, 285, 300, 488, 494, 495, 553, 581, 582, 583, 670, 738, 743, 744, 759, 818]","[2, 9, 10, 82, 111, 112, 113, 199, 279, 284, 285, 300, 488, 494, 495, 553, 581, 582, 583, 670, 738, 743, 744, 759, 818]",5/6 successful match,True,[691],True,366,False,,,,,
"Woodland , 95776 Valero Food Shop","530-666-3117 I-5 Exit 537 ( CA 113 , 1/2 mi S )",24 489 000,Woodland,95776,Valero Food Shop,530-666-3117,2007,Woodland,CA,Valero,"( CA 113 , 1/2 mi S )",I-5 Exit 537 ,Exit,537,False,,False,I-5,,,,,"[612, 141]","[141, 612]","[141, 612]","[141, 612]","[103, 104, 105, 106, 107, 108, 109, 110, 111, 112, 113, 114, 115, 116, 117, 118, 119, 120, 121, 122, 123, 124, 125, 126, 127, 128, 129, 130, 131, 132, 133, 134, 135, 136, 137, 138, 139, 140, 141, 142, 143, 144, 145, 146, 147, 148, 149, 150, 151, 152, 153, 154, 155, 156, 157, 158, 159, 160, 161, 162, 163, 164, 165, 166, 167, 168, 169, 170, 171, 172, 173, 174, 175, 176, 177, 178, 179, 180, 181, 182, 183, 184, 185, 186, 187, 188, 189, 190, 191, 192, 193, 194, 195, 196, 197, 198, 199, 200, 201, 202, 203, 204, 205, 206, 207, 208, 209, 210, 211, 212, 213, 214, 215, 216, 217, 218, 219, 220, 221, 222, 223, 224, 225, 226, 227, 228, 229, 230, 231, 232, 233, 234, 235, 236, 237, 238, 239, 240, 241, 242, 243, 244, 245, 246, 247, 248, 249, 250, 251, 252, 253, 254, 255, 256, 257, 258, 259, 260, 261, 262, 263, 264, 265, 266, 267, 268, 269, 270, 271, 272, 273, 274, 275, 276, 277, 278, 279, 280, 281, 282, 283, 284, 285, 286, 287, 288, 289, 290, 291, 292, 293, 294, 295, 296, 297, 298, 299, 300, 301, 302, 303, 304, 305, 306, 307, 308, 309, 310, 311, 312, 313, 314, 315, 316, 317, 318, 319, 320, 321, 322, 323, 324, 325, 326, 327, 328, 329, 330, 331, 332, 333, 334, 335, 336, 337, 574, 575, 576, 577, 578, 579, 580, 581, 582, 583, 584, 585, 586, 587, 588, 589, 590, 591, 592, 593, 594, 595, 596, 597, 598, 599, 600, 601, 602, 603, 604, 605, 606, 607, 608, 609, 610, 611, 612, 613, 614, 615, 616, 617, 618, 619, 620, 621, 622, 623, 624, 625, 626, 627, 628, 629, 630, 631, 632, 633, 634, 635, 636, 637, 638, 639, 640, 641, 642, 643, 644, 645, 646, 647, 648, 649, 650, 651, 652, 653, 654, 655, 656, 657, 658, 659, 660, 661, 662, 663, 664, 665, 666, 667, 668, 669, 670, 671, 672, 673, 674, 675, 676, 677, 678, 679, 680, 681, 682, 683, 684, 685, 686, 687, 688, 689, 690, 691, 692, 693, 694, 695, 696, 697, 698, 699, 700, 701, 702, 703, 704, 705, 706, 707, 708, 709, 710, 711, 712, 713, 714, 715, 716, 717, 718, 719, 720, 721, 722, 723, 724, 725, 726, 727, 728, 729, 730, 731, 732, 733, 734, 735, 736, 737, 738, 739, 740, 741, 742, 743, 744, 745, 746, 747, 748, 749, 750, 751, 752, 753, 754, 755, 756, 757, 758, 759, 760, 761, 762, 763, 764, 765, 766, 767, 768, 769, 770, 771, 772, 773, 774, 775, 776, 777, 778, 779, 780, 781, 782, 783, 784, 785, 786, 787, 788, 789, 790, 791, 792, 793]","[105, 114, 138, 141, 152, 153, 154, 155, 157, 159, 164, 165, 176, 182, 191, 192, 194, 195, 196, 200, 204, 208, 209, 210, 211, 215, 226, 228, 241, 242, 243, 245, 248, 249, 250, 257, 261, 270, 271, 282, 287, 289, 291, 294, 296, 298, 306, 308, 309, 311, 314, 327, 333, 335, 337, 576, 585, 609, 612, 623, 624, 626, 627, 629, 631, 636, 637, 647, 653, 662, 663, 665, 666, 667, 671, 674, 678, 679, 680, 681, 690, 692, 705, 706, 707, 709, 711, 712, 713, 719, 721, 729, 730, 741, 746, 748, 750, 753, 755, 757, 764, 766, 767, 769, 772, 785, 791]","[2, 9, 10, 82, 111, 112, 113, 199, 279, 284, 285, 300, 488, 494, 495, 553, 581, 582, 583, 670, 738, 743, 744, 759, 818]","[2, 9, 10, 82, 111, 112, 113, 199, 279, 284, 285, 300, 488, 494, 495, 553, 581, 582, 583, 670, 738, 743, 744, 759, 818]","[2, 9, 10, 82, 103, 104, 105, 106, 107, 108, 109, 110, 111, 112, 113, 114, 115, 116, 117, 118, 119, 120, 121, 122, 123, 124, 125, 126, 127, 128, 129, 130, 131, 132, 133, 134, 135, 136, 137, 138, 139, 140, 141, 142, 143, 144, 145, 146, 147, 148, 149, 150, 151, 152, 153, 154, 155, 156, 157, 158, 159, 160, 161, 162, 163, 164, 165, 166, 167, 168, 169, 170, 171, 172, 173, 174, 175, 176, 177, 178, 179, 180, 181, 182, 183, 184, 185, 186, 187, 188, 189, 190, 191, 192, 193, 194, 195, 196, 197, 198, 199, 200, 201, 202, 203, 204, 205, 206, 207, 208, 209, 210, 211, 212, 213, 214, 215, 216, 217, 218, 219, 220, 221, 222, 223, 224, 225, 226, 227, 228, 229, 230, 231, 232, 233, 234, 235, 236, 237, 238, 239, 240, 241, 242, 243, 244, 245, 246, 247, 248, 249, 250, 251, 252, 253, 254, 255, 256, 257, 258, 259, 260, 261, 262, 263, 264, 265, 266, 267, 268, 269, 270, 271, 272, 273, 274, 275, 276, 277, 278, 279, 280, 281, 282, 283, 284, 285, 286, 287, 288, 289, 290, 291, 292, 293, 294, 295, 296, 297, 298, 299, 300, 301, 302, 303, 304, 305, 306, 307, 308, 309, 310, 311, 312, 313, 314, 315, 316, 317, 318, 319, 320, 321, 322, 323, 324, 325, 326, 327, 328, 329, 330, 331, 332, 333, 334, 335, 336, 337, 488, 494, 495, 553, 574, 575, 576, 577, 578, 579, 580, 581, 582, 583, 584, 585, 586, 587, 588, 589, 590, 591, 592, 593, 594, 595, 596, 597, 598, 599, 600, 601, 602, 603, 604, 605, 606, 607, 608, 609, 610, 611, 612, 613, 614, 615, 616, 617, 618, 619, 620, 621, 622, 623, 624, 625, 626, 627, 628, 629, 630, 631, 632, 633, 634, 635, 636, 637, 638, 639, 640, 641, 642, 643, 644, 645, 646, 647, 648, 649, 650, 651, 652, 653, 654, 655, 656, 657, 658, 659, 660, 661, 662, 663, 664, 665, 666, 667, 668, 669, 670, 671, 672, 673, 674, 675, 676, 677, 678, 679, 680, 681, 682, 683, 684, 685, 686, 687, 688, 689, 690, 691, 692, 693, 694, 695, 696, 697, 698, 699, 700, 701, 702, 703, 704, 705, 706, 707, 708, 709, 710, 711, 712, 713, 714, 715, 716, 717, 718, 719, 720, 721, 722, 723, 724, 725, 726, 727, 728, 729, 730, 731, 732, 733, 734, 735, 736, 737, 738, 739, 740, 741, 742, 743, 744, 745, 746, 747, 748, 749, 750, 751, 752, 753, 754, 755, 756, 757, 758, 759, 760, 761, 762, 763, 764, 765, 766, 767, 768, 769, 770, 771, 772, 773, 774, 775, 776, 777, 778, 779, 780, 781, 782, 783, 784, 785, 786, 787, 788, 789, 790, 791, 792, 793, 818]",True,"[141, 612]","[103, 104, 105, 106, 107, 108, 109, 110, 111, 112, 113, 114, 115, 116, 117, 118, 119, 120, 121, 122, 123, 124, 125, 126, 127, 128, 129, 130, 131, 132, 133, 134, 135, 136, 137, 138, 139, 140, 141, 142, 143, 144, 145, 146, 147, 148, 149, 150, 151, 152, 153, 154, 155, 156, 157, 158, 159, 160, 161, 162, 163, 164, 165, 166, 167, 168, 169, 170, 171, 172, 173, 174, 175, 176, 177, 178, 179, 180, 181, 182, 183, 184, 185, 186, 187, 188, 189, 190, 191, 192, 193, 194, 195, 196, 197, 198, 199, 200, 201, 202, 203, 204, 205, 206, 207, 208, 209, 210, 211, 212, 213, 214, 215, 216, 217, 218, 219, 220, 221, 222, 223, 224, 225, 226, 227, 228, 229, 230, 231, 232, 233, 234, 235, 236, 237, 238, 239, 240, 241, 242, 243, 244, 245, 246, 247, 248, 249, 250, 251, 252, 253, 254, 255, 256, 257, 258, 259, 260, 261, 262, 263, 264, 265, 266, 267, 268, 269, 270, 271, 272, 273, 274, 275, 276, 277, 278, 279, 280, 281, 282, 283, 284, 285, 286, 287, 288, 289, 290, 291, 292, 293, 294, 295, 296, 297, 298, 299, 300, 301, 302, 303, 304, 305, 306, 307, 308, 309, 310, 311, 312, 313, 314, 315, 316, 317, 318, 319, 320, 321, 322, 323, 324, 325, 326, 327, 328, 329, 330, 331, 332, 333, 334, 335, 336, 337, 574, 575, 576, 577, 578, 579, 580, 581, 582, 583, 584, 585, 586, 587, 588, 589, 590, 591, 592, 593, 594, 595, 596, 597, 598, 599, 600, 601, 602, 603, 604, 605, 606, 607, 608, 609, 610, 611, 612, 613, 614, 615, 616, 617, 618, 619, 620, 621, 622, 623, 624, 625, 626, 627, 628, 629, 630, 631, 632, 633, 634, 635, 636, 637, 638, 639, 640, 641, 642, 643, 644, 645, 646, 647, 648, 649, 650, 651, 652, 653, 654, 655, 656, 657, 658, 659, 660, 661, 662, 663, 664, 665, 666, 667, 668, 669, 670, 671, 672, 673, 674, 675, 676, 677, 678, 679, 680, 681, 682, 683, 684, 685, 686, 687, 688, 689, 690, 691, 692, 693, 694, 695, 696, 697, 698, 699, 700, 701, 702, 703, 704, 705, 706, 707, 708, 709, 710, 711, 712, 713, 714, 715, 716, 717, 718, 719, 720, 721, 722, 723, 724, 725, 726, 727, 728, 729, 730, 731, 732, 733, 734, 735, 736, 737, 738, 739, 740, 741, 742, 743, 744, 745, 746, 747, 748, 749, 750, 751, 752, 753, 754, 755, 756, 757, 758, 759, 760, 761, 762, 763, 764, 765, 766, 767, 768, 769, 770, 771, 772, 773, 774, 775, 776, 777, 778, 779, 780, 781, 782, 783, 784, 785, 786, 787, 788, 789, 790, 791, 792, 793]","[141, 612]","[141, 612]","[105, 114, 138, 141, 152, 153, 154, 155, 157, 159, 164, 165, 176, 182, 191, 192, 194, 195, 196, 200, 204, 208, 209, 210, 211, 215, 226, 228, 241, 242, 243, 245, 248, 249, 250, 257, 261, 270, 271, 282, 287, 289, 291, 294, 296, 298, 306, 308, 309, 311, 314, 327, 333, 335, 337, 576, 585, 609, 612, 623, 624, 626, 627, 629, 631, 636, 637, 647, 653, 662, 663, 665, 666, 667, 671, 674, 678, 679, 680, 681, 690, 692, 705, 706, 707, 709, 711, 712, 713, 719, 721, 729, 730, 741, 746, 748, 750, 753, 755, 757, 764, 766, 767, 769, 772, 785, 791]","[2, 9, 10, 82, 111, 112, 113, 199, 279, 284, 285, 300, 488, 494, 495, 553, 581, 582, 583, 670, 738, 743, 744, 759, 818]","[2, 9, 10, 82, 111, 112, 113, 199, 279, 284, 285, 300, 488, 494, 495, 553, 581, 582, 583, 670, 738, 743, 744, 759, 818]",5/6 successful match,True,[691],True,366,False,,1.0,True,Valero Food Shop,Valero
"Woodland , 95776 Valero Food Shop","530-666-3117 I-5 Exit 537 ( CA 113 ,",24 O,Woodland,95776,Valero Food Shop,530-666-3117,2008,Woodland,CA,Valero,"( CA 113 ,",I-5 Exit 537 ,Exit,537,False,,False,I-5,,,,,"[612, 141]","[141, 612]","[141, 612]","[141, 612]","[103, 104, 105, 106, 107, 108, 109, 110, 111, 112, 113, 114, 115, 116, 117, 118, 119, 120, 121, 122, 123, 124, 125, 126, 127, 128, 129, 130, 131, 132, 133, 134, 135, 136, 137, 138, 139, 140, 141, 142, 143, 144, 145, 146, 147, 148, 149, 150, 151, 152, 153, 154, 155, 156, 157, 158, 159, 160, 161, 162, 163, 164, 165, 166, 167, 168, 169, 170, 171, 172, 173, 174, 175, 176, 177, 178, 179, 180, 181, 182, 183, 184, 185, 186, 187, 188, 189, 190, 191, 192, 193, 194, 195, 196, 197, 198, 199, 200, 201, 202, 203, 204, 205, 206, 207, 208, 209, 210, 211, 212, 213, 214, 215, 216, 217, 218, 219, 220, 221, 222, 223, 224, 225, 226, 227, 228, 229, 230, 231, 232, 233, 234, 235, 236, 237, 238, 239, 240, 241, 242, 243, 244, 245, 246, 247, 248, 249, 250, 251, 252, 253, 254, 255, 256, 257, 258, 259, 260, 261, 262, 263, 264, 265, 266, 267, 268, 269, 270, 271, 272, 273, 274, 275, 276, 277, 278, 279, 280, 281, 282, 283, 284, 285, 286, 287, 288, 289, 290, 291, 292, 293, 294, 295, 296, 297, 298, 299, 300, 301, 302, 303, 304, 305, 306, 307, 308, 309, 310, 311, 312, 313, 314, 315, 316, 317, 318, 319, 320, 321, 322, 323, 324, 325, 326, 327, 328, 329, 330, 331, 332, 333, 334, 335, 336, 337, 574, 575, 576, 577, 578, 579, 580, 581, 582, 583, 584, 585, 586, 587, 588, 589, 590, 591, 592, 593, 594, 595, 596, 597, 598, 599, 600, 601, 602, 603, 604, 605, 606, 607, 608, 609, 610, 611, 612, 613, 614, 615, 616, 617, 618, 619, 620, 621, 622, 623, 624, 625, 626, 627, 628, 629, 630, 631, 632, 633, 634, 635, 636, 637, 638, 639, 640, 641, 642, 643, 644, 645, 646, 647, 648, 649, 650, 651, 652, 653, 654, 655, 656, 657, 658, 659, 660, 661, 662, 663, 664, 665, 666, 667, 668, 669, 670, 671, 672, 673, 674, 675, 676, 677, 678, 679, 680, 681, 682, 683, 684, 685, 686, 687, 688, 689, 690, 691, 692, 693, 694, 695, 696, 697, 698, 699, 700, 701, 702, 703, 704, 705, 706, 707, 708, 709, 710, 711, 712, 713, 714, 715, 716, 717, 718, 719, 720, 721, 722, 723, 724, 725, 726, 727, 728, 729, 730, 731, 732, 733, 734, 735, 736, 737, 738, 739, 740, 741, 742, 743, 744, 745, 746, 747, 748, 749, 750, 751, 752, 753, 754, 755, 756, 757, 758, 759, 760, 761, 762, 763, 764, 765, 766, 767, 768, 769, 770, 771, 772, 773, 774, 775, 776, 777, 778, 779, 780, 781, 782, 783, 784, 785, 786, 787, 788, 789, 790, 791, 792, 793]","[105, 114, 138, 141, 152, 153, 154, 155, 157, 159, 164, 165, 176, 182, 191, 192, 194, 195, 196, 200, 204, 208, 209, 210, 211, 215, 226, 228, 241, 242, 243, 245, 248, 249, 250, 257, 261, 270, 271, 282, 287, 289, 291, 294, 296, 298, 306, 308, 309, 311, 314, 327, 333, 335, 337, 576, 585, 609, 612, 623, 624, 626, 627, 629, 631, 636, 637, 647, 653, 662, 663, 665, 666, 667, 671, 674, 678, 679, 680, 681, 690, 692, 705, 706, 707, 709, 711, 712, 713, 719, 721, 729, 730, 741, 746, 748, 750, 753, 755, 757, 764, 766, 767, 769, 772, 785, 791]","[2, 9, 10, 82, 111, 112, 113, 199, 279, 284, 285, 300, 488, 494, 495, 553, 581, 582, 583, 670, 738, 743, 744, 759, 818]","[2, 9, 10, 82, 111, 112, 113, 199, 279, 284, 285, 300, 488, 494, 495, 553, 581, 582, 583, 670, 738, 743, 744, 759, 818]","[2, 9, 10, 82, 103, 104, 105, 106, 107, 108, 109, 110, 111, 112, 113, 114, 115, 116, 117, 118, 119, 120, 121, 122, 123, 124, 125, 126, 127, 128, 129, 130, 131, 132, 133, 134, 135, 136, 137, 138, 139, 140, 141, 142, 143, 144, 145, 146, 147, 148, 149, 150, 151, 152, 153, 154, 155, 156, 157, 158, 159, 160, 161, 162, 163, 164, 165, 166, 167, 168, 169, 170, 171, 172, 173, 174, 175, 176, 177, 178, 179, 180, 181, 182, 183, 184, 185, 186, 187, 188, 189, 190, 191, 192, 193, 194, 195, 196, 197, 198, 199, 200, 201, 202, 203, 204, 205, 206, 207, 208, 209, 210, 211, 212, 213, 214, 215, 216, 217, 218, 219, 220, 221, 222, 223, 224, 225, 226, 227, 228, 229, 230, 231, 232, 233, 234, 235, 236, 237, 238, 239, 240, 241, 242, 243, 244, 245, 246, 247, 248, 249, 250, 251, 252, 253, 254, 255, 256, 257, 258, 259, 260, 261, 262, 263, 264, 265, 266, 267, 268, 269, 270, 271, 272, 273, 274, 275, 276, 277, 278, 279, 280, 281, 282, 283, 284, 285, 286, 287, 288, 289, 290, 291, 292, 293, 294, 295, 296, 297, 298, 299, 300, 301, 302, 303, 304, 305, 306, 307, 308, 309, 310, 311, 312, 313, 314, 315, 316, 317, 318, 319, 320, 321, 322, 323, 324, 325, 326, 327, 328, 329, 330, 331, 332, 333, 334, 335, 336, 337, 488, 494, 495, 553, 574, 575, 576, 577, 578, 579, 580, 581, 582, 583, 584, 585, 586, 587, 588, 589, 590, 591, 592, 593, 594, 595, 596, 597, 598, 599, 600, 601, 602, 603, 604, 605, 606, 607, 608, 609, 610, 611, 612, 613, 614, 615, 616, 617, 618, 619, 620, 621, 622, 623, 624, 625, 626, 627, 628, 629, 630, 631, 632, 633, 634, 635, 636, 637, 638, 639, 640, 641, 642, 643, 644, 645, 646, 647, 648, 649, 650, 651, 652, 653, 654, 655, 656, 657, 658, 659, 660, 661, 662, 663, 664, 665, 666, 667, 668, 669, 670, 671, 672, 673, 674, 675, 676, 677, 678, 679, 680, 681, 682, 683, 684, 685, 686, 687, 688, 689, 690, 691, 692, 693, 694, 695, 696, 697, 698, 699, 700, 701, 702, 703, 704, 705, 706, 707, 708, 709, 710, 711, 712, 713, 714, 715, 716, 717, 718, 719, 720, 721, 722, 723, 724, 725, 726, 727, 728, 729, 730, 731, 732, 733, 734, 735, 736, 737, 738, 739, 740, 741, 742, 743, 744, 745, 746, 747, 748, 749, 750, 751, 752, 753, 754, 755, 756, 757, 758, 759, 760, 761, 762, 763, 764, 765, 766, 767, 768, 769, 770, 771, 772, 773, 774, 775, 776, 777, 778, 779, 780, 781, 782, 783, 784, 785, 786, 787, 788, 789, 790, 791, 792, 793, 818]",True,"[141, 612]","[103, 104, 105, 106, 107, 108, 109, 110, 111, 112, 113, 114, 115, 116, 117, 118, 119, 120, 121, 122, 123, 124, 125, 126, 127, 128, 129, 130, 131, 132, 133, 134, 135, 136, 137, 138, 139, 140, 141, 142, 143, 144, 145, 146, 147, 148, 149, 150, 151, 152, 153, 154, 155, 156, 157, 158, 159, 160, 161, 162, 163, 164, 165, 166, 167, 168, 169, 170, 171, 172, 173, 174, 175, 176, 177, 178, 179, 180, 181, 182, 183, 184, 185, 186, 187, 188, 189, 190, 191, 192, 193, 194, 195, 196, 197, 198, 199, 200, 201, 202, 203, 204, 205, 206, 207, 208, 209, 210, 211, 212, 213, 214, 215, 216, 217, 218, 219, 220, 221, 222, 223, 224, 225, 226, 227, 228, 229, 230, 231, 232, 233, 234, 235, 236, 237, 238, 239, 240, 241, 242, 243, 244, 245, 246, 247, 248, 249, 250, 251, 252, 253, 254, 255, 256, 257, 258, 259, 260, 261, 262, 263, 264, 265, 266, 267, 268, 269, 270, 271, 272, 273, 274, 275, 276, 277, 278, 279, 280, 281, 282, 283, 284, 285, 286, 287, 288, 289, 290, 291, 292, 293, 294, 295, 296, 297, 298, 299, 300, 301, 302, 303, 304, 305, 306, 307, 308, 309, 310, 311, 312, 313, 314, 315, 316, 317, 318, 319, 320, 321, 322, 323, 324, 325, 326, 327, 328, 329, 330, 331, 332, 333, 334, 335, 336, 337, 574, 575, 576, 577, 578, 579, 580, 581, 582, 583, 584, 585, 586, 587, 588, 589, 590, 591, 592, 593, 594, 595, 596, 597, 598, 599, 600, 601, 602, 603, 604, 605, 606, 607, 608, 609, 610, 611, 612, 613, 614, 615, 616, 617, 618, 619, 620, 621, 622, 623, 624, 625, 626, 627, 628, 629, 630, 631, 632, 633, 634, 635, 636, 637, 638, 639, 640, 641, 642, 643, 644, 645, 646, 647, 648, 649, 650, 651, 652, 653, 654, 655, 656, 657, 658, 659, 660, 661, 662, 663, 664, 665, 666, 667, 668, 669, 670, 671, 672, 673, 674, 675, 676, 677, 678, 679, 680, 681, 682, 683, 684, 685, 686, 687, 688, 689, 690, 691, 692, 693, 694, 695, 696, 697, 698, 699, 700, 701, 702, 703, 704, 705, 706, 707, 708, 709, 710, 711, 712, 713, 714, 715, 716, 717, 718, 719, 720, 721, 722, 723, 724, 725, 726, 727, 728, 729, 730, 731, 732, 733, 734, 735, 736, 737, 738, 739, 740, 741, 742, 743, 744, 745, 746, 747, 748, 749, 750, 751, 752, 753, 754, 755, 756, 757, 758, 759, 760, 761, 762, 763, 764, 765, 766, 767, 768, 769, 770, 771, 772, 773, 774, 775, 776, 777, 778, 779, 780, 781, 782, 783, 784, 785, 786, 787, 788, 789, 790, 791, 792, 793]","[141, 612]","[141, 612]","[105, 114, 138, 141, 152, 153, 154, 155, 157, 159, 164, 165, 176, 182, 191, 192, 194, 195, 196, 200, 204, 208, 209, 210, 211, 215, 226, 228, 241, 242, 243, 245, 248, 249, 250, 257, 261, 270, 271, 282, 287, 289, 291, 294, 296, 298, 306, 308, 309, 311, 314, 327, 333, 335, 337, 576, 585, 609, 612, 623, 624, 626, 627, 629, 631, 636, 637, 647, 653, 662, 663, 665, 666, 667, 671, 674, 678, 679, 680, 681, 690, 692, 705, 706, 707, 709, 711, 712, 713, 719, 721, 729, 730, 741, 746, 748, 750, 753, 755, 757, 764, 766, 767, 769, 772, 785, 791]","[2, 9, 10, 82, 111, 112, 113, 199, 279, 284, 285, 300, 488, 494, 495, 553, 581, 582, 583, 670, 738, 743, 744, 759, 818]","[2, 9, 10, 82, 111, 112, 113, 199, 279, 284, 285, 300, 488, 494, 495, 553, 581, 582, 583, 670, 738, 743, 744, 759, 818]",5/6 successful match,True,[691],True,366,False,,1.0,True,Valero Food Shop,Valero
D Woodland ( 95776 ) Chevron Food Shop,"530-666-3117 I-5 Exit 537 ( CA 113 , 1/2 mi S )",24 <U+2610> <U+2610>,Woodland,95776,Chevron Food Shop,530-666-3117,2014,Woodland,CA,Chevron,"( CA 113 , 1/2 mi S )",I-5 Exit 537 ,Exit,537,False,,False,I-5,,,,,"[612, 141]","[141, 612]","[141, 612]","[141, 612]","[103, 104, 105, 106, 107, 108, 109, 110, 111, 112, 113, 114, 115, 116, 117, 118, 119, 120, 121, 122, 123, 124, 125, 126, 127, 128, 129, 130, 131, 132, 133, 134, 135, 136, 137, 138, 139, 140, 141, 142, 143, 144, 145, 146, 147, 148, 149, 150, 151, 152, 153, 154, 155, 156, 157, 158, 159, 160, 161, 162, 163, 164, 165, 166, 167, 168, 169, 170, 171, 172, 173, 174, 175, 176, 177, 178, 179, 180, 181, 182, 183, 184, 185, 186, 187, 188, 189, 190, 191, 192, 193, 194, 195, 196, 197, 198, 199, 200, 201, 202, 203, 204, 205, 206, 207, 208, 209, 210, 211, 212, 213, 214, 215, 216, 217, 218, 219, 220, 221, 222, 223, 224, 225, 226, 227, 228, 229, 230, 231, 232, 233, 234, 235, 236, 237, 238, 239, 240, 241, 242, 243, 244, 245, 246, 247, 248, 249, 250, 251, 252, 253, 254, 255, 256, 257, 258, 259, 260, 261, 262, 263, 264, 265, 266, 267, 268, 269, 270, 271, 272, 273, 274, 275, 276, 277, 278, 279, 280, 281, 282, 283, 284, 285, 286, 287, 288, 289, 290, 291, 292, 293, 294, 295, 296, 297, 298, 299, 300, 301, 302, 303, 304, 305, 306, 307, 308, 309, 310, 311, 312, 313, 314, 315, 316, 317, 318, 319, 320, 321, 322, 323, 324, 325, 326, 327, 328, 329, 330, 331, 332, 333, 334, 335, 336, 337, 574, 575, 576, 577, 578, 579, 580, 581, 582, 583, 584, 585, 586, 587, 588, 589, 590, 591, 592, 593, 594, 595, 596, 597, 598, 599, 600, 601, 602, 603, 604, 605, 606, 607, 608, 609, 610, 611, 612, 613, 614, 615, 616, 617, 618, 619, 620, 621, 622, 623, 624, 625, 626, 627, 628, 629, 630, 631, 632, 633, 634, 635, 636, 637, 638, 639, 640, 641, 642, 643, 644, 645, 646, 647, 648, 649, 650, 651, 652, 653, 654, 655, 656, 657, 658, 659, 660, 661, 662, 663, 664, 665, 666, 667, 668, 669, 670, 671, 672, 673, 674, 675, 676, 677, 678, 679, 680, 681, 682, 683, 684, 685, 686, 687, 688, 689, 690, 691, 692, 693, 694, 695, 696, 697, 698, 699, 700, 701, 702, 703, 704, 705, 706, 707, 708, 709, 710, 711, 712, 713, 714, 715, 716, 717, 718, 719, 720, 721, 722, 723, 724, 725, 726, 727, 728, 729, 730, 731, 732, 733, 734, 735, 736, 737, 738, 739, 740, 741, 742, 743, 744, 745, 746, 747, 748, 749, 750, 751, 752, 753, 754, 755, 756, 757, 758, 759, 760, 761, 762, 763, 764, 765, 766, 767, 768, 769, 770, 771, 772, 773, 774, 775, 776, 777, 778, 779, 780, 781, 782, 783, 784, 785, 786, 787, 788, 789, 790, 791, 792, 793]","[105, 114, 138, 141, 152, 153, 154, 155, 157, 159, 164, 165, 176, 182, 191, 192, 194, 195, 196, 200, 204, 208, 209, 210, 211, 215, 226, 228, 241, 242, 243, 245, 248, 249, 250, 257, 261, 270, 271, 282, 287, 289, 291, 294, 296, 298, 306, 308, 309, 311, 314, 327, 333, 335, 337, 576, 585, 609, 612, 623, 624, 626, 627, 629, 631, 636, 637, 647, 653, 662, 663, 665, 666, 667, 671, 674, 678, 679, 680, 681, 690, 692, 705, 706, 707, 709, 711, 712, 713, 719, 721, 729, 730, 741, 746, 748, 750, 753, 755, 757, 764, 766, 767, 769, 772, 785, 791]","[12, 24, 25, 28, 88, 100, 104, 119, 123, 129, 136, 137, 139, 140, 141, 148, 155, 169, 172, 179, 183, 185, 188, 196, 198, 217, 237, 267, 270, 278, 319, 321, 324, 325, 330, 334, 335, 354, 366, 369, 380, 383, 384, 386, 395, 407, 411, 423, 428, 436, 437, 452, 453, 456, 467, 471, 477, 478, 479, 497, 508, 511, 559, 571, 575, 590, 594, 600, 607, 608, 610, 611, 612, 619, 627, 640, 643, 650, 654, 656, 659, 667, 669, 685, 701, 726, 729, 737, 777, 779, 782, 783, 787, 790, 791, 809, 817, 819, 830, 833, 834, 836, 845, 856, 857, 860, 862, 875, 880, 887, 888, 899, 900, 914, 918, 921, 928, 929, 930]","[12, 24, 25, 28, 88, 100, 104, 119, 123, 129, 136, 137, 139, 140, 141, 148, 155, 169, 172, 179, 183, 185, 188, 196, 198, 217, 237, 267, 270, 278, 319, 321, 324, 325, 330, 334, 335, 354, 366, 369, 380, 383, 384, 386, 395, 407, 411, 423, 428, 436, 437, 452, 453, 456, 467, 471, 477, 478, 479, 497, 508, 511, 559, 571, 575, 590, 594, 600, 607, 608, 610, 611, 612, 619, 627, 640, 643, 650, 654, 656, 659, 667, 669, 685, 701, 726, 729, 737, 777, 779, 782, 783, 787, 790, 791, 809, 817, 819, 830, 833, 834, 836, 845, 856, 857, 860, 862, 875, 880, 887, 888, 899, 900, 914, 918, 921, 928, 929, 930]","[12, 24, 25, 28, 88, 100, 103, 104, 105, 106, 107, 108, 109, 110, 111, 112, 113, 114, 115, 116, 117, 118, 119, 120, 121, 122, 123, 124, 125, 126, 127, 128, 129, 130, 131, 132, 133, 134, 135, 136, 137, 138, 139, 140, 141, 142, 143, 144, 145, 146, 147, 148, 149, 150, 151, 152, 153, 154, 155, 156, 157, 158, 159, 160, 161, 162, 163, 164, 165, 166, 167, 168, 169, 170, 171, 172, 173, 174, 175, 176, 177, 178, 179, 180, 181, 182, 183, 184, 185, 186, 187, 188, 189, 190, 191, 192, 193, 194, 195, 196, 197, 198, 199, 200, 201, 202, 203, 204, 205, 206, 207, 208, 209, 210, 211, 212, 213, 214, 215, 216, 217, 218, 219, 220, 221, 222, 223, 224, 225, 226, 227, 228, 229, 230, 231, 232, 233, 234, 235, 236, 237, 238, 239, 240, 241, 242, 243, 244, 245, 246, 247, 248, 249, 250, 251, 252, 253, 254, 255, 256, 257, 258, 259, 260, 261, 262, 263, 264, 265, 266, 267, 268, 269, 270, 271, 272, 273, 274, 275, 276, 277, 278, 279, 280, 281, 282, 283, 284, 285, 286, 287, 288, 289, 290, 291, 292, 293, 294, 295, 296, 297, 298, 299, 300, 301, 302, 303, 304, 305, 306, 307, 308, 309, 310, 311, 312, 313, 314, 315, 316, 317, 318, 319, 320, 321, 322, 323, 324, 325, 326, 327, 328, 329, 330, 331, 332, 333, 334, 335, 336, 337, 354, 366, 369, 380, 383, 384, 386, 395, 407, 411, 423, 428, 436, 437, 452, 453, 456, 467, 471, 477, 478, 479, 497, 508, 511, 559, 571, 574, 575, 576, 577, 578, 579, 580, 581, 582, 583, 584, 585, 586, 587, 588, 589, 590, 591, 592, 593, 594, 595, 596, 597, 598, 599, 600, 601, 602, 603, 604, 605, 606, 607, 608, 609, 610, 611, 612, 613, 614, 615, 616, 617, 618, 619, 620, 621, 622, 623, 624, 625, 626, 627, 628, 629, 630, 631, 632, 633, 634, 635, 636, 637, 638, 639, 640, 641, 642, 643, 644, 645, 646, 647, 648, 649, 650, 651, 652, 653, 654, 655, 656, 657, 658, 659, 660, 661, 662, 663, 664, 665, 666, 667, 668, 669, 670, 671, 672, 673, 674, 675, 676, 677, 678, 679, 680, 681, 682, 683, 684, 685, 686, 687, 688, 689, 690, 691, 692, 693, 694, 695, 696, 697, 698, 699, 700, 701, 702, 703, 704, 705, 706, 707, 708, 709, 710, 711, 712, 713, 714, 715, 716, 717, 718, 719, 720, 721, 722, 723, 724, 725, 726, 727, 728, 729, 730, 731, 732, 733, 734, 735, 736, 737, 738, 739, 740, 741, 742, 743, 744, 745, 746, 747, 748, 749, 750, 751, 752, 753, 754, 755, 756, 757, 758, 759, 760, 761, 762, 763, 764, 765, 766, 767, 768, 769, 770, 771, 772, 773, 774, 775, 776, 777, 778, 779, 780, 781, 782, 783, 784, 785, 786, 787, 788, 789, 790, 791, 792, 793, 809, 817, 819, 830, 833, 834, 836, 845, 856, 857, 860, 862, 875, 880, 887, 888, 899, 900, 914, 918, 921, 928, 929, 930]",True,"[141, 612]","[103, 104, 105, 106, 107, 108, 109, 110, 111, 112, 113, 114, 115, 116, 117, 118, 119, 120, 121, 122, 123, 124, 125, 126, 127, 128, 129, 130, 131, 132, 133, 134, 135, 136, 137, 138, 139, 140, 141, 142, 143, 144, 145, 146, 147, 148, 149, 150, 151, 152, 153, 154, 155, 156, 157, 158, 159, 160, 161, 162, 163, 164, 165, 166, 167, 168, 169, 170, 171, 172, 173, 174, 175, 176, 177, 178, 179, 180, 181, 182, 183, 184, 185, 186, 187, 188, 189, 190, 191, 192, 193, 194, 195, 196, 197, 198, 199, 200, 201, 202, 203, 204, 205, 206, 207, 208, 209, 210, 211, 212, 213, 214, 215, 216, 217, 218, 219, 220, 221, 222, 223, 224, 225, 226, 227, 228, 229, 230, 231, 232, 233, 234, 235, 236, 237, 238, 239, 240, 241, 242, 243, 244, 245, 246, 247, 248, 249, 250, 251, 252, 253, 254, 255, 256, 257, 258, 259, 260, 261, 262, 263, 264, 265, 266, 267, 268, 269, 270, 271, 272, 273, 274, 275, 276, 277, 278, 279, 280, 281, 282, 283, 284, 285, 286, 287, 288, 289, 290, 291, 292, 293, 294, 295, 296, 297, 298, 299, 300, 301, 302, 303, 304, 305, 306, 307, 308, 309, 310, 311, 312, 313, 314, 315, 316, 317, 318, 319, 320, 321, 322, 323, 324, 325, 326, 327, 328, 329, 330, 331, 332, 333, 334, 335, 336, 337, 574, 575, 576, 577, 578, 579, 580, 581, 582, 583, 584, 585, 586, 587, 588, 589, 590, 591, 592, 593, 594, 595, 596, 597, 598, 599, 600, 601, 602, 603, 604, 605, 606, 607, 608, 609, 610, 611, 612, 613, 614, 615, 616, 617, 618, 619, 620, 621, 622, 623, 624, 625, 626, 627, 628, 629, 630, 631, 632, 633, 634, 635, 636, 637, 638, 639, 640, 641, 642, 643, 644, 645, 646, 647, 648, 649, 650, 651, 652, 653, 654, 655, 656, 657, 658, 659, 660, 661, 662, 663, 664, 665, 666, 667, 668, 669, 670, 671, 672, 673, 674, 675, 676, 677, 678, 679, 680, 681, 682, 683, 684, 685, 686, 687, 688, 689, 690, 691, 692, 693, 694, 695, 696, 697, 698, 699, 700, 701, 702, 703, 704, 705, 706, 707, 708, 709, 710, 711, 712, 713, 714, 715, 716, 717, 718, 719, 720, 721, 722, 723, 724, 725, 726, 727, 728, 729, 730, 731, 732, 733, 734, 735, 736, 737, 738, 739, 740, 741, 742, 743, 744, 745, 746, 747, 748, 749, 750, 751, 752, 753, 754, 755, 756, 757, 758, 759, 760, 761, 762, 763, 764, 765, 766, 767, 768, 769, 770, 771, 772, 773, 774, 775, 776, 777, 778, 779, 780, 781, 782, 783, 784, 785, 786, 787, 788, 789, 790, 791, 792, 793]","[141, 612]","[141, 612]","[105, 114, 138, 141, 152, 153, 154, 155, 157, 159, 164, 165, 176, 182, 191, 192, 194, 195, 196, 200, 204, 208, 209, 210, 211, 215, 226, 228, 241, 242, 243, 245, 248, 249, 250, 257, 261, 270, 271, 282, 287, 289, 291, 294, 296, 298, 306, 308, 309, 311, 314, 327, 333, 335, 337, 576, 585, 609, 612, 623, 624, 626, 627, 629, 631, 636, 637, 647, 653, 662, 663, 665, 666, 667, 671, 674, 678, 679, 680, 681, 690, 692, 705, 706, 707, 709, 711, 712, 713, 719, 721, 729, 730, 741, 746, 748, 750, 753, 755, 757, 764, 766, 767, 769, 772, 785, 791]","[12, 24, 25, 28, 88, 100, 104, 119, 123, 129, 136, 137, 139, 140, 141, 148, 155, 169, 172, 179, 183, 185, 188, 196, 198, 217, 237, 267, 270, 278, 319, 321, 324, 325, 330, 334, 335, 354, 366, 369, 380, 383, 384, 386, 395, 407, 411, 423, 428, 436, 437, 452, 453, 456, 467, 471, 477, 478, 479, 497, 508, 511, 559, 571, 575, 590, 594, 600, 607, 608, 610, 611, 612, 619, 627, 640, 643, 650, 654, 656, 659, 667, 669, 685, 701, 726, 729, 737, 777, 779, 782, 783, 787, 790, 791, 809, 817, 819, 830, 833, 834, 836, 845, 856, 857, 860, 862, 875, 880, 887, 888, 899, 900, 914, 918, 921, 928, 929, 930]","[12, 24, 25, 28, 88, 100, 104, 119, 123, 129, 136, 137, 139, 140, 141, 148, 155, 169, 172, 179, 183, 185, 188, 196, 198, 217, 237, 267, 270, 278, 319, 321, 324, 325, 330, 334, 335, 354, 366, 369, 380, 383, 384, 386, 395, 407, 411, 423, 428, 436, 437, 452, 453, 456, 467, 471, 477, 478, 479, 497, 508, 511, 559, 571, 575, 590, 594, 600, 607, 608, 610, 611, 612, 619, 627, 640, 643, 650, 654, 656, 659, 667, 669, 685, 701, 726, 729, 737, 777, 779, 782, 783, 787, 790, 791, 809, 817, 819, 830, 833, 834, 836, 845, 856, 857, 860, 862, 875, 880, 887, 888, 899, 900, 914, 918, 921, 928, 929, 930]",7/6 successful match,True,[691],True,366,False,,1.0,False,Valero Food Shop,Valero
Woodland ( 95776 ) Chevron Food Shop S of CA 1 ),"530-666-3117 I-5 Exit 537 ( CA 113 , 1/2 mi S",24 <U+2610>,Woodland,95776,Chevron Food Shop S of CA 1 ),530-666-3117,2015,Woodland,CA,Chevron,"( CA 113 , 1/2 mi S",I-5 Exit 537 ,Exit,537,False,,False,I-5,,,,,"[612, 141]","[141, 612]","[141, 612]","[141, 612]","[103, 104, 105, 106, 107, 108, 109, 110, 111, 112, 113, 114, 115, 116, 117, 118, 119, 120, 121, 122, 123, 124, 125, 126, 127, 128, 129, 130, 131, 132, 133, 134, 135, 136, 137, 138, 139, 140, 141, 142, 143, 144, 145, 146, 147, 148, 149, 150, 151, 152, 153, 154, 155, 156, 157, 158, 159, 160, 161, 162, 163, 164, 165, 166, 167, 168, 169, 170, 171, 172, 173, 174, 175, 176, 177, 178, 179, 180, 181, 182, 183, 184, 185, 186, 187, 188, 189, 190, 191, 192, 193, 194, 195, 196, 197, 198, 199, 200, 201, 202, 203, 204, 205, 206, 207, 208, 209, 210, 211, 212, 213, 214, 215, 216, 217, 218, 219, 220, 221, 222, 223, 224, 225, 226, 227, 228, 229, 230, 231, 232, 233, 234, 235, 236, 237, 238, 239, 240, 241, 242, 243, 244, 245, 246, 247, 248, 249, 250, 251, 252, 253, 254, 255, 256, 257, 258, 259, 260, 261, 262, 263, 264, 265, 266, 267, 268, 269, 270, 271, 272, 273, 274, 275, 276, 277, 278, 279, 280, 281, 282, 283, 284, 285, 286, 287, 288, 289, 290, 291, 292, 293, 294, 295, 296, 297, 298, 299, 300, 301, 302, 303, 304, 305, 306, 307, 308, 309, 310, 311, 312, 313, 314, 315, 316, 317, 318, 319, 320, 321, 322, 323, 324, 325, 326, 327, 328, 329, 330, 331, 332, 333, 334, 335, 336, 337, 574, 575, 576, 577, 578, 579, 580, 581, 582, 583, 584, 585, 586, 587, 588, 589, 590, 591, 592, 593, 594, 595, 596, 597, 598, 599, 600, 601, 602, 603, 604, 605, 606, 607, 608, 609, 610, 611, 612, 613, 614, 615, 616, 617, 618, 619, 620, 621, 622, 623, 624, 625, 626, 627, 628, 629, 630, 631, 632, 633, 634, 635, 636, 637, 638, 639, 640, 641, 642, 643, 644, 645, 646, 647, 648, 649, 650, 651, 652, 653, 654, 655, 656, 657, 658, 659, 660, 661, 662, 663, 664, 665, 666, 667, 668, 669, 670, 671, 672, 673, 674, 675, 676, 677, 678, 679, 680, 681, 682, 683, 684, 685, 686, 687, 688, 689, 690, 691, 692, 693, 694, 695, 696, 697, 698, 699, 700, 701, 702, 703, 704, 705, 706, 707, 708, 709, 710, 711, 712, 713, 714, 715, 716, 717, 718, 719, 720, 721, 722, 723, 724, 725, 726, 727, 728, 729, 730, 731, 732, 733, 734, 735, 736, 737, 738, 739, 740, 741, 742, 743, 744, 745, 746, 747, 748, 749, 750, 751, 752, 753, 754, 755, 756, 757, 758, 759, 760, 761, 762, 763, 764, 765, 766, 767, 768, 769, 770, 771, 772, 773, 774, 775, 776, 777, 778, 779, 780, 781, 782, 783, 784, 785, 786, 787, 788, 789, 790, 791, 792, 793]","[105, 114, 138, 141, 152, 153, 154, 155, 157, 159, 164, 165, 176, 182, 191, 192, 194, 195, 196, 200, 204, 208, 209, 210, 211, 215, 226, 228, 241, 242, 243, 245, 248, 249, 250, 257, 261, 270, 271, 282, 287, 289, 291, 294, 296, 298, 306, 308, 309, 311, 314, 327, 333, 335, 337, 576, 585, 609, 612, 623, 624, 626, 627, 629, 631, 636, 637, 647, 653, 662, 663, 665, 666, 667, 671, 674, 678, 679, 680, 681, 690, 692, 705, 706, 707, 709, 711, 712, 713, 719, 721, 729, 730, 741, 746, 748, 750, 753, 755, 757, 764, 766, 767, 769, 772, 785, 791]","[12, 24, 25, 28, 88, 100, 104, 119, 123, 129, 136, 137, 139, 140, 141, 148, 155, 169, 172, 179, 183, 185, 188, 196, 198, 217, 237, 267, 270, 278, 319, 321, 324, 325, 330, 334, 335, 354, 366, 369, 380, 383, 384, 386, 395, 407, 411, 423, 428, 436, 437, 452, 453, 456, 467, 471, 477, 478, 479, 497, 508, 511, 559, 571, 575, 590, 594, 600, 607, 608, 610, 611, 612, 619, 627, 640, 643, 650, 654, 656, 659, 667, 669, 685, 701, 726, 729, 737, 777, 779, 782, 783, 787, 790, 791, 809, 817, 819, 830, 833, 834, 836, 845, 856, 857, 860, 862, 875, 880, 887, 888, 899, 900, 914, 918, 921, 928, 929, 930]","[12, 24, 25, 28, 88, 100, 104, 119, 123, 129, 136, 137, 139, 140, 141, 148, 155, 169, 172, 179, 183, 185, 188, 196, 198, 217, 237, 267, 270, 278, 319, 321, 324, 325, 330, 334, 335, 354, 366, 369, 380, 383, 384, 386, 395, 407, 411, 423, 428, 436, 437, 452, 453, 456, 467, 471, 477, 478, 479, 497, 508, 511, 559, 571, 575, 590, 594, 600, 607, 608, 610, 611, 612, 619, 627, 640, 643, 650, 654, 656, 659, 667, 669, 685, 701, 726, 729, 737, 777, 779, 782, 783, 787, 790, 791, 809, 817, 819, 830, 833, 834, 836, 845, 856, 857, 860, 862, 875, 880, 887, 888, 899, 900, 914, 918, 921, 928, 929, 930]","[12, 24, 25, 28, 88, 100, 103, 104, 105, 106, 107, 108, 109, 110, 111, 112, 113, 114, 115, 116, 117, 118, 119, 120, 121, 122, 123, 124, 125, 126, 127, 128, 129, 130, 131, 132, 133, 134, 135, 136, 137, 138, 139, 140, 141, 142, 143, 144, 145, 146, 147, 148, 149, 150, 151, 152, 153, 154, 155, 156, 157, 158, 159, 160, 161, 162, 163, 164, 165, 166, 167, 168, 169, 170, 171, 172, 173, 174, 175, 176, 177, 178, 179, 180, 181, 182, 183, 184, 185, 186, 187, 188, 189, 190, 191, 192, 193, 194, 195, 196, 197, 198, 199, 200, 201, 202, 203, 204, 205, 206, 207, 208, 209, 210, 211, 212, 213, 214, 215, 216, 217, 218, 219, 220, 221, 222, 223, 224, 225, 226, 227, 228, 229, 230, 231, 232, 233, 234, 235, 236, 237, 238, 239, 240, 241, 242, 243, 244, 245, 246, 247, 248, 249, 250, 251, 252, 253, 254, 255, 256, 257, 258, 259, 260, 261, 262, 263, 264, 265, 266, 267, 268, 269, 270, 271, 272, 273, 274, 275, 276, 277, 278, 279, 280, 281, 282, 283, 284, 285, 286, 287, 288, 289, 290, 291, 292, 293, 294, 295, 296, 297, 298, 299, 300, 301, 302, 303, 304, 305, 306, 307, 308, 309, 310, 311, 312, 313, 314, 315, 316, 317, 318, 319, 320, 321, 322, 323, 324, 325, 326, 327, 328, 329, 330, 331, 332, 333, 334, 335, 336, 337, 354, 366, 369, 380, 383, 384, 386, 395, 407, 411, 423, 428, 436, 437, 452, 453, 456, 467, 471, 477, 478, 479, 497, 508, 511, 559, 571, 574, 575, 576, 577, 578, 579, 580, 581, 582, 583, 584, 585, 586, 587, 588, 589, 590, 591, 592, 593, 594, 595, 596, 597, 598, 599, 600, 601, 602, 603, 604, 605, 606, 607, 608, 609, 610, 611, 612, 613, 614, 615, 616, 617, 618, 619, 620, 621, 622, 623, 624, 625, 626, 627, 628, 629, 630, 631, 632, 633, 634, 635, 636, 637, 638, 639, 640, 641, 642, 643, 644, 645, 646, 647, 648, 649, 650, 651, 652, 653, 654, 655, 656, 657, 658, 659, 660, 661, 662, 663, 664, 665, 666, 667, 668, 669, 670, 671, 672, 673, 674, 675, 676, 677, 678, 679, 680, 681, 682, 683, 684, 685, 686, 687, 688, 689, 690, 691, 692, 693, 694, 695, 696, 697, 698, 699, 700, 701, 702, 703, 704, 705, 706, 707, 708, 709, 710, 711, 712, 713, 714, 715, 716, 717, 718, 719, 720, 721, 722, 723, 724, 725, 726, 727, 728, 729, 730, 731, 732, 733, 734, 735, 736, 737, 738, 739, 740, 741, 742, 743, 744, 745, 746, 747, 748, 749, 750, 751, 752, 753, 754, 755, 756, 757, 758, 759, 760, 761, 762, 763, 764, 765, 766, 767, 768, 769, 770, 771, 772, 773, 774, 775, 776, 777, 778, 779, 780, 781, 782, 783, 784, 785, 786, 787, 788, 789, 790, 791, 792, 793, 809, 817, 819, 830, 833, 834, 836, 845, 856, 857, 860, 862, 875, 880, 887, 888, 899, 900, 914, 918, 921, 928, 929, 930]",True,"[141, 612]","[103, 104, 105, 106, 107, 108, 109, 110, 111, 112, 113, 114, 115, 116, 117, 118, 119, 120, 121, 122, 123, 124, 125, 126, 127, 128, 129, 130, 131, 132, 133, 134, 135, 136, 137, 138, 139, 140, 141, 142, 143, 144, 145, 146, 147, 148, 149, 150, 151, 152, 153, 154, 155, 156, 157, 158, 159, 160, 161, 162, 163, 164, 165, 166, 167, 168, 169, 170, 171, 172, 173, 174, 175, 176, 177, 178, 179, 180, 181, 182, 183, 184, 185, 186, 187, 188, 189, 190, 191, 192, 193, 194, 195, 196, 197, 198, 199, 200, 201, 202, 203, 204, 205, 206, 207, 208, 209, 210, 211, 212, 213, 214, 215, 216, 217, 218, 219, 220, 221, 222, 223, 224, 225, 226, 227, 228, 229, 230, 231, 232, 233, 234, 235, 236, 237, 238, 239, 240, 241, 242, 243, 244, 245, 246, 247, 248, 249, 250, 251, 252, 253, 254, 255, 256, 257, 258, 259, 260, 261, 262, 263, 264, 265, 266, 267, 268, 269, 270, 271, 272, 273, 274, 275, 276, 277, 278, 279, 280, 281, 282, 283, 284, 285, 286, 287, 288, 289, 290, 291, 292, 293, 294, 295, 296, 297, 298, 299, 300, 301, 302, 303, 304, 305, 306, 307, 308, 309, 310, 311, 312, 313, 314, 315, 316, 317, 318, 319, 320, 321, 322, 323, 324, 325, 326, 327, 328, 329, 330, 331, 332, 333, 334, 335, 336, 337, 574, 575, 576, 577, 578, 579, 580, 581, 582, 583, 584, 585, 586, 587, 588, 589, 590, 591, 592, 593, 594, 595, 596, 597, 598, 599, 600, 601, 602, 603, 604, 605, 606, 607, 608, 609, 610, 611, 612, 613, 614, 615, 616, 617, 618, 619, 620, 621, 622, 623, 624, 625, 626, 627, 628, 629, 630, 631, 632, 633, 634, 635, 636, 637, 638, 639, 640, 641, 642, 643, 644, 645, 646, 647, 648, 649, 650, 651, 652, 653, 654, 655, 656, 657, 658, 659, 660, 661, 662, 663, 664, 665, 666, 667, 668, 669, 670, 671, 672, 673, 674, 675, 676, 677, 678, 679, 680, 681, 682, 683, 684, 685, 686, 687, 688, 689, 690, 691, 692, 693, 694, 695, 696, 697, 698, 699, 700, 701, 702, 703, 704, 705, 706, 707, 708, 709, 710, 711, 712, 713, 714, 715, 716, 717, 718, 719, 720, 721, 722, 723, 724, 725, 726, 727, 728, 729, 730, 731, 732, 733, 734, 735, 736, 737, 738, 739, 740, 741, 742, 743, 744, 745, 746, 747, 748, 749, 750, 751, 752, 753, 754, 755, 756, 757, 758, 759, 760, 761, 762, 763, 764, 765, 766, 767, 768, 769, 770, 771, 772, 773, 774, 775, 776, 777, 778, 779, 780, 781, 782, 783, 784, 785, 786, 787, 788, 789, 790, 791, 792, 793]","[141, 612]","[141, 612]","[105, 114, 138, 141, 152, 153, 154, 155, 157, 159, 164, 165, 176, 182, 191, 192, 194, 195, 196, 200, 204, 208, 209, 210, 211, 215, 226, 228, 241, 242, 243, 245, 248, 249, 250, 257, 261, 270, 271, 282, 287, 289, 291, 294, 296, 298, 306, 308, 309, 311, 314, 327, 333, 335, 337, 576, 585, 609, 612, 623, 624, 626, 627, 629, 631, 636, 637, 647, 653, 662, 663, 665, 666, 667, 671, 674, 678, 679, 680, 681, 690, 692, 705, 706, 707, 709, 711, 712, 713, 719, 721, 729, 730, 741, 746, 748, 750, 753, 755, 757, 764, 766, 767, 769, 772, 785, 791]","[12, 24, 25, 28, 88, 100, 104, 119, 123, 129, 136, 137, 139, 140, 141, 148, 155, 169, 172, 179, 183, 185, 188, 196, 198, 217, 237, 267, 270, 278, 319, 321, 324, 325, 330, 334, 335, 354, 366, 369, 380, 383, 384, 386, 395, 407, 411, 423, 428, 436, 437, 452, 453, 456, 467, 471, 477, 478, 479, 497, 508, 511, 559, 571, 575, 590, 594, 600, 607, 608, 610, 611, 612, 619, 627, 640, 643, 650, 654, 656, 659, 667, 669, 685, 701, 726, 729, 737, 777, 779, 782, 783, 787, 790, 791, 809, 817, 819, 830, 833, 834, 836, 845, 856, 857, 860, 862, 875, 880, 887, 888, 899, 900, 914, 918, 921, 928, 929, 930]","[12, 24, 25, 28, 88, 100, 104, 119, 123, 129, 136, 137, 139, 140, 141, 148, 155, 169, 172, 179, 183, 185, 188, 196, 198, 217, 237, 267, 270, 278, 319, 321, 324, 325, 330, 334, 335, 354, 366, 369, 380, 383, 384, 386, 395, 407, 411, 423, 428, 436, 437, 452, 453, 456, 467, 471, 477, 478, 479, 497, 508, 511, 559, 571, 575, 590, 594, 600, 607, 608, 610, 611, 612, 619, 627, 640, 643, 650, 654, 656, 659, 667, 669, 685, 701, 726, 729, 737, 777, 779, 782, 783, 787, 790, 791, 809, 817, 819, 830, 833, 834, 836, 845, 856, 857, 860, 862, 875, 880, 887, 888, 899, 900, 914, 918, 921, 928, 929, 930]",7/6 successful match,True,[691],True,366,False,,1.0,True,Chevron Food Shop,Chevron
Woodland ( 95776 ) Chevron Food Shop 1 ) .,"530-666-3117 I-5 Exit 537 ( CA 113 , 1/2 mi S )",24 <U+25A1> <U+2610> <U+2610>,Woodland,95776,Chevron Food Shop 1 ) .,530-666-3117,2016,Woodland,CA,Chevron,"( CA 113 , 1/2 mi S )",I-5 Exit 537 ,Exit,537,False,,False,I-5,,,,,"[612, 141]","[141, 612]","[141, 612]","[141, 612]","[103, 104, 105, 106, 107, 108, 109, 110, 111, 112, 113, 114, 115, 116, 117, 118, 119, 120, 121, 122, 123, 124, 125, 126, 127, 128, 129, 130, 131, 132, 133, 134, 135, 136, 137, 138, 139, 140, 141, 142, 143, 144, 145, 146, 147, 148, 149, 150, 151, 152, 153, 154, 155, 156, 157, 158, 159, 160, 161, 162, 163, 164, 165, 166, 167, 168, 169, 170, 171, 172, 173, 174, 175, 176, 177, 178, 179, 180, 181, 182, 183, 184, 185, 186, 187, 188, 189, 190, 191, 192, 193, 194, 195, 196, 197, 198, 199, 200, 201, 202, 203, 204, 205, 206, 207, 208, 209, 210, 211, 212, 213, 214, 215, 216, 217, 218, 219, 220, 221, 222, 223, 224, 225, 226, 227, 228, 229, 230, 231, 232, 233, 234, 235, 236, 237, 238, 239, 240, 241, 242, 243, 244, 245, 246, 247, 248, 249, 250, 251, 252, 253, 254, 255, 256, 257, 258, 259, 260, 261, 262, 263, 264, 265, 266, 267, 268, 269, 270, 271, 272, 273, 274, 275, 276, 277, 278, 279, 280, 281, 282, 283, 284, 285, 286, 287, 288, 289, 290, 291, 292, 293, 294, 295, 296, 297, 298, 299, 300, 301, 302, 303, 304, 305, 306, 307, 308, 309, 310, 311, 312, 313, 314, 315, 316, 317, 318, 319, 320, 321, 322, 323, 324, 325, 326, 327, 328, 329, 330, 331, 332, 333, 334, 335, 336, 337, 574, 575, 576, 577, 578, 579, 580, 581, 582, 583, 584, 585, 586, 587, 588, 589, 590, 591, 592, 593, 594, 595, 596, 597, 598, 599, 600, 601, 602, 603, 604, 605, 606, 607, 608, 609, 610, 611, 612, 613, 614, 615, 616, 617, 618, 619, 620, 621, 622, 623, 624, 625, 626, 627, 628, 629, 630, 631, 632, 633, 634, 635, 636, 637, 638, 639, 640, 641, 642, 643, 644, 645, 646, 647, 648, 649, 650, 651, 652, 653, 654, 655, 656, 657, 658, 659, 660, 661, 662, 663, 664, 665, 666, 667, 668, 669, 670, 671, 672, 673, 674, 675, 676, 677, 678, 679, 680, 681, 682, 683, 684, 685, 686, 687, 688, 689, 690, 691, 692, 693, 694, 695, 696, 697, 698, 699, 700, 701, 702, 703, 704, 705, 706, 707, 708, 709, 710, 711, 712, 713, 714, 715, 716, 717, 718, 719, 720, 721, 722, 723, 724, 725, 726, 727, 728, 729, 730, 731, 732, 733, 734, 735, 736, 737, 738, 739, 740, 741, 742, 743, 744, 745, 746, 747, 748, 749, 750, 751, 752, 753, 754, 755, 756, 757, 758, 759, 760, 761, 762, 763, 764, 765, 766, 767, 768, 769, 770, 771, 772, 773, 774, 775, 776, 777, 778, 779, 780, 781, 782, 783, 784, 785, 786, 787, 788, 789, 790, 791, 792, 793]","[105, 114, 138, 141, 152, 153, 154, 155, 157, 159, 164, 165, 176, 182, 191, 192, 194, 195, 196, 200, 204, 208, 209, 210, 211, 215, 226, 228, 241, 242, 243, 245, 248, 249, 250, 257, 261, 270, 271, 282, 287, 289, 291, 294, 296, 298, 306, 308, 309, 311, 314, 327, 333, 335, 337, 576, 585, 609, 612, 623, 624, 626, 627, 629, 631, 636, 637, 647, 653, 662, 663, 665, 666, 667, 671, 674, 678, 679, 680, 681, 690, 692, 705, 706, 707, 709, 711, 712, 713, 719, 721, 729, 730, 741, 746, 748, 750, 753, 755, 757, 764, 766, 767, 769, 772, 785, 791]","[12, 24, 25, 28, 88, 100, 104, 119, 123, 129, 136, 137, 139, 140, 141, 148, 155, 169, 172, 179, 183, 185, 188, 196, 198, 217, 237, 267, 270, 278, 319, 321, 324, 325, 330, 334, 335, 354, 366, 369, 380, 383, 384, 386, 395, 407, 411, 423, 428, 436, 437, 452, 453, 456, 467, 471, 477, 478, 479, 497, 508, 511, 559, 571, 575, 590, 594, 600, 607, 608, 610, 611, 612, 619, 627, 640, 643, 650, 654, 656, 659, 667, 669, 685, 701, 726, 729, 737, 777, 779, 782, 783, 787, 790, 791, 809, 817, 819, 830, 833, 834, 836, 845, 856, 857, 860, 862, 875, 880, 887, 888, 899, 900, 914, 918, 921, 928, 929, 930]","[12, 24, 25, 28, 88, 100, 104, 119, 123, 129, 136, 137, 139, 140, 141, 148, 155, 169, 172, 179, 183, 185, 188, 196, 198, 217, 237, 267, 270, 278, 319, 321, 324, 325, 330, 334, 335, 354, 366, 369, 380, 383, 384, 386, 395, 407, 411, 423, 428, 436, 437, 452, 453, 456, 467, 471, 477, 478, 479, 497, 508, 511, 559, 571, 575, 590, 594, 600, 607, 608, 610, 611, 612, 619, 627, 640, 643, 650, 654, 656, 659, 667, 669, 685, 701, 726, 729, 737, 777, 779, 782, 783, 787, 790, 791, 809, 817, 819, 830, 833, 834, 836, 845, 856, 857, 860, 862, 875, 880, 887, 888, 899, 900, 914, 918, 921, 928, 929, 930]","[12, 24, 25, 28, 88, 100, 103, 104, 105, 106, 107, 108, 109, 110, 111, 112, 113, 114, 115, 116, 117, 118, 119, 120, 121, 122, 123, 124, 125, 126, 127, 128, 129, 130, 131, 132, 133, 134, 135, 136, 137, 138, 139, 140, 141, 142, 143, 144, 145, 146, 147, 148, 149, 150, 151, 152, 153, 154, 155, 156, 157, 158, 159, 160, 161, 162, 163, 164, 165, 166, 167, 168, 169, 170, 171, 172, 173, 174, 175, 176, 177, 178, 179, 180, 181, 182, 183, 184, 185, 186, 187, 188, 189, 190, 191, 192, 193, 194, 195, 196, 197, 198, 199, 200, 201, 202, 203, 204, 205, 206, 207, 208, 209, 210, 211, 212, 213, 214, 215, 216, 217, 218, 219, 220, 221, 222, 223, 224, 225, 226, 227, 228, 229, 230, 231, 232, 233, 234, 235, 236, 237, 238, 239, 240, 241, 242, 243, 244, 245, 246, 247, 248, 249, 250, 251, 252, 253, 254, 255, 256, 257, 258, 259, 260, 261, 262, 263, 264, 265, 266, 267, 268, 269, 270, 271, 272, 273, 274, 275, 276, 277, 278, 279, 280, 281, 282, 283, 284, 285, 286, 287, 288, 289, 290, 291, 292, 293, 294, 295, 296, 297, 298, 299, 300, 301, 302, 303, 304, 305, 306, 307, 308, 309, 310, 311, 312, 313, 314, 315, 316, 317, 318, 319, 320, 321, 322, 323, 324, 325, 326, 327, 328, 329, 330, 331, 332, 333, 334, 335, 336, 337, 354, 366, 369, 380, 383, 384, 386, 395, 407, 411, 423, 428, 436, 437, 452, 453, 456, 467, 471, 477, 478, 479, 497, 508, 511, 559, 571, 574, 575, 576, 577, 578, 579, 580, 581, 582, 583, 584, 585, 586, 587, 588, 589, 590, 591, 592, 593, 594, 595, 596, 597, 598, 599, 600, 601, 602, 603, 604, 605, 606, 607, 608, 609, 610, 611, 612, 613, 614, 615, 616, 617, 618, 619, 620, 621, 622, 623, 624, 625, 626, 627, 628, 629, 630, 631, 632, 633, 634, 635, 636, 637, 638, 639, 640, 641, 642, 643, 644, 645, 646, 647, 648, 649, 650, 651, 652, 653, 654, 655, 656, 657, 658, 659, 660, 661, 662, 663, 664, 665, 666, 667, 668, 669, 670, 671, 672, 673, 674, 675, 676, 677, 678, 679, 680, 681, 682, 683, 684, 685, 686, 687, 688, 689, 690, 691, 692, 693, 694, 695, 696, 697, 698, 699, 700, 701, 702, 703, 704, 705, 706, 707, 708, 709, 710, 711, 712, 713, 714, 715, 716, 717, 718, 719, 720, 721, 722, 723, 724, 725, 726, 727, 728, 729, 730, 731, 732, 733, 734, 735, 736, 737, 738, 739, 740, 741, 742, 743, 744, 745, 746, 747, 748, 749, 750, 751, 752, 753, 754, 755, 756, 757, 758, 759, 760, 761, 762, 763, 764, 765, 766, 767, 768, 769, 770, 771, 772, 773, 774, 775, 776, 777, 778, 779, 780, 781, 782, 783, 784, 785, 786, 787, 788, 789, 790, 791, 792, 793, 809, 817, 819, 830, 833, 834, 836, 845, 856, 857, 860, 862, 875, 880, 887, 888, 899, 900, 914, 918, 921, 928, 929, 930]",True,"[141, 612]","[103, 104, 105, 106, 107, 108, 109, 110, 111, 112, 113, 114, 115, 116, 117, 118, 119, 120, 121, 122, 123, 124, 125, 126, 127, 128, 129, 130, 131, 132, 133, 134, 135, 136, 137, 138, 139, 140, 141, 142, 143, 144, 145, 146, 147, 148, 149, 150, 151, 152, 153, 154, 155, 156, 157, 158, 159, 160, 161, 162, 163, 164, 165, 166, 167, 168, 169, 170, 171, 172, 173, 174, 175, 176, 177, 178, 179, 180, 181, 182, 183, 184, 185, 186, 187, 188, 189, 190, 191, 192, 193, 194, 195, 196, 197, 198, 199, 200, 201, 202, 203, 204, 205, 206, 207, 208, 209, 210, 211, 212, 213, 214, 215, 216, 217, 218, 219, 220, 221, 222, 223, 224, 225, 226, 227, 228, 229, 230, 231, 232, 233, 234, 235, 236, 237, 238, 239, 240, 241, 242, 243, 244, 245, 246, 247, 248, 249, 250, 251, 252, 253, 254, 255, 256, 257, 258, 259, 260, 261, 262, 263, 264, 265, 266, 267, 268, 269, 270, 271, 272, 273, 274, 275, 276, 277, 278, 279, 280, 281, 282, 283, 284, 285, 286, 287, 288, 289, 290, 291, 292, 293, 294, 295, 296, 297, 298, 299, 300, 301, 302, 303, 304, 305, 306, 307, 308, 309, 310, 311, 312, 313, 314, 315, 316, 317, 318, 319, 320, 321, 322, 323, 324, 325, 326, 327, 328, 329, 330, 331, 332, 333, 334, 335, 336, 337, 574, 575, 576, 577, 578, 579, 580, 581, 582, 583, 584, 585, 586, 587, 588, 589, 590, 591, 592, 593, 594, 595, 596, 597, 598, 599, 600, 601, 602, 603, 604, 605, 606, 607, 608, 609, 610, 611, 612, 613, 614, 615, 616, 617, 618, 619, 620, 621, 622, 623, 624, 625, 626, 627, 628, 629, 630, 631, 632, 633, 634, 635, 636, 637, 638, 639, 640, 641, 642, 643, 644, 645, 646, 647, 648, 649, 650, 651, 652, 653, 654, 655, 656, 657, 658, 659, 660, 661, 662, 663, 664, 665, 666, 667, 668, 669, 670, 671, 672, 673, 674, 675, 676, 677, 678, 679, 680, 681, 682, 683, 684, 685, 686, 687, 688, 689, 690, 691, 692, 693, 694, 695, 696, 697, 698, 699, 700, 701, 702, 703, 704, 705, 706, 707, 708, 709, 710, 711, 712, 713, 714, 715, 716, 717, 718, 719, 720, 721, 722, 723, 724, 725, 726, 727, 728, 729, 730, 731, 732, 733, 734, 735, 736, 737, 738, 739, 740, 741, 742, 743, 744, 745, 746, 747, 748, 749, 750, 751, 752, 753, 754, 755, 756, 757, 758, 759, 760, 761, 762, 763, 764, 765, 766, 767, 768, 769, 770, 771, 772, 773, 774, 775, 776, 777, 778, 779, 780, 781, 782, 783, 784, 785, 786, 787, 788, 789, 790, 791, 792, 793]","[141, 612]","[141, 612]","[105, 114, 138, 141, 152, 153, 154, 155, 157, 159, 164, 165, 176, 182, 191, 192, 194, 195, 196, 200, 204, 208, 209, 210, 211, 215, 226, 228, 241, 242, 243, 245, 248, 249, 250, 257, 261, 270, 271, 282, 287, 289, 291, 294, 296, 298, 306, 308, 309, 311, 314, 327, 333, 335, 337, 576, 585, 609, 612, 623, 624, 626, 627, 629, 631, 636, 637, 647, 653, 662, 663, 665, 666, 667, 671, 674, 678, 679, 680, 681, 690, 692, 705, 706, 707, 709, 711, 712, 713, 719, 721, 729, 730, 741, 746, 748, 750, 753, 755, 757, 764, 766, 767, 769, 772, 785, 791]","[12, 24, 25, 28, 88, 100, 104, 119, 123, 129, 136, 137, 139, 140, 141, 148, 155, 169, 172, 179, 183, 185, 188, 196, 198, 217, 237, 267, 270, 278, 319, 321, 324, 325, 330, 334, 335, 354, 366, 369, 380, 383, 384, 386, 395, 407, 411, 423, 428, 436, 437, 452, 453, 456, 467, 471, 477, 478, 479, 497, 508, 511, 559, 571, 575, 590, 594, 600, 607, 608, 610, 611, 612, 619, 627, 640, 643, 650, 654, 656, 659, 667, 669, 685, 701, 726, 729, 737, 777, 779, 782, 783, 787, 790, 791, 809, 817, 819, 830, 833, 834, 836, 845, 856, 857, 860, 862, 875, 880, 887, 888, 899, 900, 914, 918, 921, 928, 929, 930]","[12, 24, 25, 28, 88, 100, 104, 119, 123, 129, 136, 137, 139, 140, 141, 148, 155, 169, 172, 179, 183, 185, 188, 196, 198, 217, 237, 267, 270, 278, 319, 321, 324, 325, 330, 334, 335, 354, 366, 369, 380, 383, 384, 386, 395, 407, 411, 423, 428, 436, 437, 452, 453, 456, 467, 471, 477, 478, 479, 497, 508, 511, 559, 571, 575, 590, 594, 600, 607, 608, 610, 611, 612, 619, 627, 640, 643, 650, 654, 656, 659, 667, 669, 685, 701, 726, 729, 737, 777, 779, 782, 783, 787, 790, 791, 809, 817, 819, 830, 833, 834, 836, 845, 856, 857, 860, 862, 875, 880, 887, 888, 899, 900, 914, 918, 921, 928, 929, 930]",7/6 successful match,True,[691],True,366,False,,1.0,True,Chevron Food Shop S of CA 1 ),Chevron
"Sacramento , 95833 Sacramento 49er Travel Plaza","916-927-4774 I-80 Exit 85 ( W El Camino , 1 mi W of I-5 )",) HRS,Sacramento,95833,Sacramento 49er Travel Plaza,916-927-4774,2006,Sacramento,CA,,"( W El Camino , 1 mi W of I-5 )",I-80 Exit 85 ,Exit,85,False,,False,I-80,,,,,"[280, 739]","[280, 739]","[180, 221, 279, 280, 651, 738, 739]","[158, 206, 235, 269, 280, 630, 676, 699, 728, 739]","[103, 104, 105, 106, 107, 108, 109, 110, 111, 112, 113, 114, 115, 116, 117, 118, 119, 120, 121, 122, 123, 124, 125, 126, 127, 128, 129, 130, 131, 132, 133, 134, 135, 136, 137, 138, 139, 140, 141, 142, 143, 144, 145, 146, 147, 148, 149, 150, 151, 152, 153, 154, 155, 156, 157, 158, 159, 160, 161, 162, 163, 164, 165, 166, 167, 168, 169, 170, 171, 172, 173, 174, 175, 176, 177, 178, 179, 180, 181, 182, 183, 184, 185, 186, 187, 188, 189, 190, 191, 192, 193, 194, 195, 196, 197, 198, 199, 200, 201, 202, 203, 204, 205, 206, 207, 208, 209, 210, 211, 212, 213, 214, 215, 216, 217, 218, 219, 220, 221, 222, 223, 224, 225, 226, 227, 228, 229, 230, 231, 232, 233, 234, 235, 236, 237, 238, 239, 240, 241, 242, 243, 244, 245, 246, 247, 248, 249, 250, 251, 252, 253, 254, 255, 256, 257, 258, 259, 260, 261, 262, 263, 264, 265, 266, 267, 268, 269, 270, 271, 272, 273, 274, 275, 276, 277, 278, 279, 280, 281, 282, 283, 284, 285, 286, 287, 288, 289, 290, 291, 292, 293, 294, 295, 296, 297, 298, 299, 300, 301, 302, 303, 304, 305, 306, 307, 308, 309, 310, 311, 312, 313, 314, 315, 316, 317, 318, 319, 320, 321, 322, 323, 324, 325, 326, 327, 328, 329, 330, 331, 332, 333, 334, 335, 336, 337, 574, 575, 576, 577, 578, 579, 580, 581, 582, 583, 584, 585, 586, 587, 588, 589, 590, 591, 592, 593, 594, 595, 596, 597, 598, 599, 600, 601, 602, 603, 604, 605, 606, 607, 608, 609, 610, 611, 612, 613, 614, 615, 616, 617, 618, 619, 620, 621, 622, 623, 624, 625, 626, 627, 628, 629, 630, 631, 632, 633, 634, 635, 636, 637, 638, 639, 640, 641, 642, 643, 644, 645, 646, 647, 648, 649, 650, 651, 652, 653, 654, 655, 656, 657, 658, 659, 660, 661, 662, 663, 664, 665, 666, 667, 668, 669, 670, 671, 672, 673, 674, 675, 676, 677, 678, 679, 680, 681, 682, 683, 684, 685, 686, 687, 688, 689, 690, 691, 692, 693, 694, 695, 696, 697, 698, 699, 700, 701, 702, 703, 704, 705, 706, 707, 708, 709, 710, 711, 712, 713, 714, 715, 716, 717, 718, 719, 720, 721, 722, 723, 724, 725, 726, 727, 728, 729, 730, 731, 732, 733, 734, 735, 736, 737, 738, 739, 740, 741, 742, 743, 744, 745, 746, 747, 748, 749, 750, 751, 752, 753, 754, 755, 756, 757, 758, 759, 760, 761, 762, 763, 764, 765, 766, 767, 768, 769, 770, 771, 772, 773, 774, 775, 776, 777, 778, 779, 780, 781, 782, 783, 784, 785, 786, 787, 788, 789, 790, 791, 792, 793]","[89, 108, 172, 217, 221, 239, 264, 280, 321, 342, 343, 344, 345, 346, 349, 351, 352, 355, 357, 359, 364, 368, 371, 372, 373, 374, 376, 377, 387, 392, 393, 403, 409, 411, 414, 424, 430, 449, 454, 470, 480, 560, 584, 643, 685, 703, 724, 739, 779, 798, 799, 800, 801, 804, 806, 807, 810, 812, 814, 816, 821, 822, 823, 824, 826, 827, 837, 842, 843, 852, 859, 862, 865, 869, 876, 882, 897, 901, 917, 932]",[],"[280, 739]","[89, 103, 104, 105, 106, 107, 108, 109, 110, 111, 112, 113, 114, 115, 116, 117, 118, 119, 120, 121, 122, 123, 124, 125, 126, 127, 128, 129, 130, 131, 132, 133, 134, 135, 136, 137, 138, 139, 140, 141, 142, 143, 144, 145, 146, 147, 148, 149, 150, 151, 152, 153, 154, 155, 156, 157, 158, 159, 160, 161, 162, 163, 164, 165, 166, 167, 168, 169, 170, 171, 172, 173, 174, 175, 176, 177, 178, 179, 180, 181, 182, 183, 184, 185, 186, 187, 188, 189, 190, 191, 192, 193, 194, 195, 196, 197, 198, 199, 200, 201, 202, 203, 204, 205, 206, 207, 208, 209, 210, 211, 212, 213, 214, 215, 216, 217, 218, 219, 220, 221, 222, 223, 224, 225, 226, 227, 228, 229, 230, 231, 232, 233, 234, 235, 236, 237, 238, 239, 240, 241, 242, 243, 244, 245, 246, 247, 248, 249, 250, 251, 252, 253, 254, 255, 256, 257, 258, 259, 260, 261, 262, 263, 264, 265, 266, 267, 268, 269, 270, 271, 272, 273, 274, 275, 276, 277, 278, 279, 280, 281, 282, 283, 284, 285, 286, 287, 288, 289, 290, 291, 292, 293, 294, 295, 296, 297, 298, 299, 300, 301, 302, 303, 304, 305, 306, 307, 308, 309, 310, 311, 312, 313, 314, 315, 316, 317, 318, 319, 320, 321, 322, 323, 324, 325, 326, 327, 328, 329, 330, 331, 332, 333, 334, 335, 336, 337, 342, 343, 344, 345, 346, 349, 351, 352, 355, 357, 359, 364, 368, 371, 372, 373, 374, 376, 377, 387, 392, 393, 403, 409, 411, 414, 424, 430, 449, 454, 470, 480, 560, 574, 575, 576, 577, 578, 579, 580, 581, 582, 583, 584, 585, 586, 587, 588, 589, 590, 591, 592, 593, 594, 595, 596, 597, 598, 599, 600, 601, 602, 603, 604, 605, 606, 607, 608, 609, 610, 611, 612, 613, 614, 615, 616, 617, 618, 619, 620, 621, 622, 623, 624, 625, 626, 627, 628, 629, 630, 631, 632, 633, 634, 635, 636, 637, 638, 639, 640, 641, 642, 643, 644, 645, 646, 647, 648, 649, 650, 651, 652, 653, 654, 655, 656, 657, 658, 659, 660, 661, 662, 663, 664, 665, 666, 667, 668, 669, 670, 671, 672, 673, 674, 675, 676, 677, 678, 679, 680, 681, 682, 683, 684, 685, 686, 687, 688, 689, 690, 691, 692, 693, 694, 695, 696, 697, 698, 699, 700, 701, 702, 703, 704, 705, 706, 707, 708, 709, 710, 711, 712, 713, 714, 715, 716, 717, 718, 719, 720, 721, 722, 723, 724, 725, 726, 727, 728, 729, 730, 731, 732, 733, 734, 735, 736, 737, 738, 739, 740, 741, 742, 743, 744, 745, 746, 747, 748, 749, 750, 751, 752, 753, 754, 755, 756, 757, 758, 759, 760, 761, 762, 763, 764, 765, 766, 767, 768, 769, 770, 771, 772, 773, 774, 775, 776, 777, 778, 779, 780, 781, 782, 783, 784, 785, 786, 787, 788, 789, 790, 791, 792, 793, 798, 799, 800, 801, 804, 806, 807, 810, 812, 814, 816, 821, 822, 823, 824, 826, 827, 837, 842, 843, 852, 859, 862, 865, 869, 876, 882, 897, 901, 917, 932]",True,"[280, 739]","[103, 104, 105, 106, 107, 108, 109, 110, 111, 112, 113, 114, 115, 116, 117, 118, 119, 120, 121, 122, 123, 124, 125, 126, 127, 128, 129, 130, 131, 132, 133, 134, 135, 136, 137, 138, 139, 140, 141, 142, 143, 144, 145, 146, 147, 148, 149, 150, 151, 152, 153, 154, 155, 156, 157, 158, 159, 160, 161, 162, 163, 164, 165, 166, 167, 168, 169, 170, 171, 172, 173, 174, 175, 176, 177, 178, 179, 180, 181, 182, 183, 184, 185, 186, 187, 188, 189, 190, 191, 192, 193, 194, 195, 196, 197, 198, 199, 200, 201, 202, 203, 204, 205, 206, 207, 208, 209, 210, 211, 212, 213, 214, 215, 216, 217, 218, 219, 220, 221, 222, 223, 224, 225, 226, 227, 228, 229, 230, 231, 232, 233, 234, 235, 236, 237, 238, 239, 240, 241, 242, 243, 244, 245, 246, 247, 248, 249, 250, 251, 252, 253, 254, 255, 256, 257, 258, 259, 260, 261, 262, 263, 264, 265, 266, 267, 268, 269, 270, 271, 272, 273, 274, 275, 276, 277, 278, 279, 280, 281, 282, 283, 284, 285, 286, 287, 288, 289, 290, 291, 292, 293, 294, 295, 296, 297, 298, 299, 300, 301, 302, 303, 304, 305, 306, 307, 308, 309, 310, 311, 312, 313, 314, 315, 316, 317, 318, 319, 320, 321, 322, 323, 324, 325, 326, 327, 328, 329, 330, 331, 332, 333, 334, 335, 336, 337, 574, 575, 576, 577, 578, 579, 580, 581, 582, 583, 584, 585, 586, 587, 588, 589, 590, 591, 592, 593, 594, 595, 596, 597, 598, 599, 600, 601, 602, 603, 604, 605, 606, 607, 608, 609, 610, 611, 612, 613, 614, 615, 616, 617, 618, 619, 620, 621, 622, 623, 624, 625, 626, 627, 628, 629, 630, 631, 632, 633, 634, 635, 636, 637, 638, 639, 640, 641, 642, 643, 644, 645, 646, 647, 648, 649, 650, 651, 652, 653, 654, 655, 656, 657, 658, 659, 660, 661, 662, 663, 664, 665, 666, 667, 668, 669, 670, 671, 672, 673, 674, 675, 676, 677, 678, 679, 680, 681, 682, 683, 684, 685, 686, 687, 688, 689, 690, 691, 692, 693, 694, 695, 696, 697, 698, 699, 700, 701, 702, 703, 704, 705, 706, 707, 708, 709, 710, 711, 712, 713, 714, 715, 716, 717, 718, 719, 720, 721, 722, 723, 724, 725, 726, 727, 728, 729, 730, 731, 732, 733, 734, 735, 736, 737, 738, 739, 740, 741, 742, 743, 744, 745, 746, 747, 748, 749, 750, 751, 752, 753, 754, 755, 756, 757, 758, 759, 760, 761, 762, 763, 764, 765, 766, 767, 768, 769, 770, 771, 772, 773, 774, 775, 776, 777, 778, 779, 780, 781, 782, 783, 784, 785, 786, 787, 788, 789, 790, 791, 792, 793]","[180, 221, 279, 280, 651, 738, 739]","[158, 206, 235, 269, 280, 630, 676, 699, 728, 739]","[89, 108, 172, 217, 221, 239, 264, 280, 321, 342, 343, 344, 345, 346, 349, 351, 352, 355, 357, 359, 364, 368, 371, 372, 373, 374, 376, 377, 387, 392, 393, 403, 409, 411, 414, 424, 430, 449, 454, 470, 480, 560, 584, 643, 685, 703, 724, 739, 779, 798, 799, 800, 801, 804, 806, 807, 810, 812, 814, 816, 821, 822, 823, 824, 826, 827, 837, 842, 843, 852, 859, 862, 865, 869, 876, 882, 897, 901, 917, 932]","[280, 739]",[],7/6 successful match,True,"[160, 161, 162]",True,367,False,,,,,
"Sacramento , 95833 Sacramento 49er Travel Plaza )","916-927-4774 I-80 Exit 85 ( W El Camino , 1 mi W",I-5 ) RS XL,Sacramento,95833,Sacramento 49er Travel Plaza ),916-927-4774,2007,Sacramento,CA,,"( W El Camino , 1 mi W",I-80 Exit 85 ,Exit,85,False,,False,I-80,,,,,"[280, 739]","[280, 739]","[180, 221, 279, 280, 651, 738, 739]","[158, 206, 235, 269, 280, 630, 676, 699, 728, 739]","[103, 104, 105, 106, 107, 108, 109, 110, 111, 112, 113, 114, 115, 116, 117, 118, 119, 120, 121, 122, 123, 124, 125, 126, 127, 128, 129, 130, 131, 132, 133, 134, 135, 136, 137, 138, 139, 140, 141, 142, 143, 144, 145, 146, 147, 148, 149, 150, 151, 152, 153, 154, 155, 156, 157, 158, 159, 160, 161, 162, 163, 164, 165, 166, 167, 168, 169, 170, 171, 172, 173, 174, 175, 176, 177, 178, 179, 180, 181, 182, 183, 184, 185, 186, 187, 188, 189, 190, 191, 192, 193, 194, 195, 196, 197, 198, 199, 200, 201, 202, 203, 204, 205, 206, 207, 208, 209, 210, 211, 212, 213, 214, 215, 216, 217, 218, 219, 220, 221, 222, 223, 224, 225, 226, 227, 228, 229, 230, 231, 232, 233, 234, 235, 236, 237, 238, 239, 240, 241, 242, 243, 244, 245, 246, 247, 248, 249, 250, 251, 252, 253, 254, 255, 256, 257, 258, 259, 260, 261, 262, 263, 264, 265, 266, 267, 268, 269, 270, 271, 272, 273, 274, 275, 276, 277, 278, 279, 280, 281, 282, 283, 284, 285, 286, 287, 288, 289, 290, 291, 292, 293, 294, 295, 296, 297, 298, 299, 300, 301, 302, 303, 304, 305, 306, 307, 308, 309, 310, 311, 312, 313, 314, 315, 316, 317, 318, 319, 320, 321, 322, 323, 324, 325, 326, 327, 328, 329, 330, 331, 332, 333, 334, 335, 336, 337, 574, 575, 576, 577, 578, 579, 580, 581, 582, 583, 584, 585, 586, 587, 588, 589, 590, 591, 592, 593, 594, 595, 596, 597, 598, 599, 600, 601, 602, 603, 604, 605, 606, 607, 608, 609, 610, 611, 612, 613, 614, 615, 616, 617, 618, 619, 620, 621, 622, 623, 624, 625, 626, 627, 628, 629, 630, 631, 632, 633, 634, 635, 636, 637, 638, 639, 640, 641, 642, 643, 644, 645, 646, 647, 648, 649, 650, 651, 652, 653, 654, 655, 656, 657, 658, 659, 660, 661, 662, 663, 664, 665, 666, 667, 668, 669, 670, 671, 672, 673, 674, 675, 676, 677, 678, 679, 680, 681, 682, 683, 684, 685, 686, 687, 688, 689, 690, 691, 692, 693, 694, 695, 696, 697, 698, 699, 700, 701, 702, 703, 704, 705, 706, 707, 708, 709, 710, 711, 712, 713, 714, 715, 716, 717, 718, 719, 720, 721, 722, 723, 724, 725, 726, 727, 728, 729, 730, 731, 732, 733, 734, 735, 736, 737, 738, 739, 740, 741, 742, 743, 744, 745, 746, 747, 748, 749, 750, 751, 752, 753, 754, 755, 756, 757, 758, 759, 760, 761, 762, 763, 764, 765, 766, 767, 768, 769, 770, 771, 772, 773, 774, 775, 776, 777, 778, 779, 780, 781, 782, 783, 784, 785, 786, 787, 788, 789, 790, 791, 792, 793]","[89, 108, 172, 217, 221, 239, 264, 280, 321, 342, 343, 344, 345, 346, 349, 351, 352, 355, 357, 359, 364, 368, 371, 372, 373, 374, 376, 377, 387, 392, 393, 403, 409, 411, 414, 424, 430, 449, 454, 470, 480, 560, 584, 643, 685, 703, 724, 739, 779, 798, 799, 800, 801, 804, 806, 807, 810, 812, 814, 816, 821, 822, 823, 824, 826, 827, 837, 842, 843, 852, 859, 862, 865, 869, 876, 882, 897, 901, 917, 932]",[],"[280, 739]","[89, 103, 104, 105, 106, 107, 108, 109, 110, 111, 112, 113, 114, 115, 116, 117, 118, 119, 120, 121, 122, 123, 124, 125, 126, 127, 128, 129, 130, 131, 132, 133, 134, 135, 136, 137, 138, 139, 140, 141, 142, 143, 144, 145, 146, 147, 148, 149, 150, 151, 152, 153, 154, 155, 156, 157, 158, 159, 160, 161, 162, 163, 164, 165, 166, 167, 168, 169, 170, 171, 172, 173, 174, 175, 176, 177, 178, 179, 180, 181, 182, 183, 184, 185, 186, 187, 188, 189, 190, 191, 192, 193, 194, 195, 196, 197, 198, 199, 200, 201, 202, 203, 204, 205, 206, 207, 208, 209, 210, 211, 212, 213, 214, 215, 216, 217, 218, 219, 220, 221, 222, 223, 224, 225, 226, 227, 228, 229, 230, 231, 232, 233, 234, 235, 236, 237, 238, 239, 240, 241, 242, 243, 244, 245, 246, 247, 248, 249, 250, 251, 252, 253, 254, 255, 256, 257, 258, 259, 260, 261, 262, 263, 264, 265, 266, 267, 268, 269, 270, 271, 272, 273, 274, 275, 276, 277, 278, 279, 280, 281, 282, 283, 284, 285, 286, 287, 288, 289, 290, 291, 292, 293, 294, 295, 296, 297, 298, 299, 300, 301, 302, 303, 304, 305, 306, 307, 308, 309, 310, 311, 312, 313, 314, 315, 316, 317, 318, 319, 320, 321, 322, 323, 324, 325, 326, 327, 328, 329, 330, 331, 332, 333, 334, 335, 336, 337, 342, 343, 344, 345, 346, 349, 351, 352, 355, 357, 359, 364, 368, 371, 372, 373, 374, 376, 377, 387, 392, 393, 403, 409, 411, 414, 424, 430, 449, 454, 470, 480, 560, 574, 575, 576, 577, 578, 579, 580, 581, 582, 583, 584, 585, 586, 587, 588, 589, 590, 591, 592, 593, 594, 595, 596, 597, 598, 599, 600, 601, 602, 603, 604, 605, 606, 607, 608, 609, 610, 611, 612, 613, 614, 615, 616, 617, 618, 619, 620, 621, 622, 623, 624, 625, 626, 627, 628, 629, 630, 631, 632, 633, 634, 635, 636, 637, 638, 639, 640, 641, 642, 643, 644, 645, 646, 647, 648, 649, 650, 651, 652, 653, 654, 655, 656, 657, 658, 659, 660, 661, 662, 663, 664, 665, 666, 667, 668, 669, 670, 671, 672, 673, 674, 675, 676, 677, 678, 679, 680, 681, 682, 683, 684, 685, 686, 687, 688, 689, 690, 691, 692, 693, 694, 695, 696, 697, 698, 699, 700, 701, 702, 703, 704, 705, 706, 707, 708, 709, 710, 711, 712, 713, 714, 715, 716, 717, 718, 719, 720, 721, 722, 723, 724, 725, 726, 727, 728, 729, 730, 731, 732, 733, 734, 735, 736, 737, 738, 739, 740, 741, 742, 743, 744, 745, 746, 747, 748, 749, 750, 751, 752, 753, 754, 755, 756, 757, 758, 759, 760, 761, 762, 763, 764, 765, 766, 767, 768, 769, 770, 771, 772, 773, 774, 775, 776, 777, 778, 779, 780, 781, 782, 783, 784, 785, 786, 787, 788, 789, 790, 791, 792, 793, 798, 799, 800, 801, 804, 806, 807, 810, 812, 814, 816, 821, 822, 823, 824, 826, 827, 837, 842, 843, 852, 859, 862, 865, 869, 876, 882, 897, 901, 917, 932]",True,"[280, 739]","[103, 104, 105, 106, 107, 108, 109, 110, 111, 112, 113, 114, 115, 116, 117, 118, 119, 120, 121, 122, 123, 124, 125, 126, 127, 128, 129, 130, 131, 132, 133, 134, 135, 136, 137, 138, 139, 140, 141, 142, 143, 144, 145, 146, 147, 148, 149, 150, 151, 152, 153, 154, 155, 156, 157, 158, 159, 160, 161, 162, 163, 164, 165, 166, 167, 168, 169, 170, 171, 172, 173, 174, 175, 176, 177, 178, 179, 180, 181, 182, 183, 184, 185, 186, 187, 188, 189, 190, 191, 192, 193, 194, 195, 196, 197, 198, 199, 200, 201, 202, 203, 204, 205, 206, 207, 208, 209, 210, 211, 212, 213, 214, 215, 216, 217, 218, 219, 220, 221, 222, 223, 224, 225, 226, 227, 228, 229, 230, 231, 232, 233, 234, 235, 236, 237, 238, 239, 240, 241, 242, 243, 244, 245, 246, 247, 248, 249, 250, 251, 252, 253, 254, 255, 256, 257, 258, 259, 260, 261, 262, 263, 264, 265, 266, 267, 268, 269, 270, 271, 272, 273, 274, 275, 276, 277, 278, 279, 280, 281, 282, 283, 284, 285, 286, 287, 288, 289, 290, 291, 292, 293, 294, 295, 296, 297, 298, 299, 300, 301, 302, 303, 304, 305, 306, 307, 308, 309, 310, 311, 312, 313, 314, 315, 316, 317, 318, 319, 320, 321, 322, 323, 324, 325, 326, 327, 328, 329, 330, 331, 332, 333, 334, 335, 336, 337, 574, 575, 576, 577, 578, 579, 580, 581, 582, 583, 584, 585, 586, 587, 588, 589, 590, 591, 592, 593, 594, 595, 596, 597, 598, 599, 600, 601, 602, 603, 604, 605, 606, 607, 608, 609, 610, 611, 612, 613, 614, 615, 616, 617, 618, 619, 620, 621, 622, 623, 624, 625, 626, 627, 628, 629, 630, 631, 632, 633, 634, 635, 636, 637, 638, 639, 640, 641, 642, 643, 644, 645, 646, 647, 648, 649, 650, 651, 652, 653, 654, 655, 656, 657, 658, 659, 660, 661, 662, 663, 664, 665, 666, 667, 668, 669, 670, 671, 672, 673, 674, 675, 676, 677, 678, 679, 680, 681, 682, 683, 684, 685, 686, 687, 688, 689, 690, 691, 692, 693, 694, 695, 696, 697, 698, 699, 700, 701, 702, 703, 704, 705, 706, 707, 708, 709, 710, 711, 712, 713, 714, 715, 716, 717, 718, 719, 720, 721, 722, 723, 724, 725, 726, 727, 728, 729, 730, 731, 732, 733, 734, 735, 736, 737, 738, 739, 740, 741, 742, 743, 744, 745, 746, 747, 748, 749, 750, 751, 752, 753, 754, 755, 756, 757, 758, 759, 760, 761, 762, 763, 764, 765, 766, 767, 768, 769, 770, 771, 772, 773, 774, 775, 776, 777, 778, 779, 780, 781, 782, 783, 784, 785, 786, 787, 788, 789, 790, 791, 792, 793]","[180, 221, 279, 280, 651, 738, 739]","[158, 206, 235, 269, 280, 630, 676, 699, 728, 739]","[89, 108, 172, 217, 221, 239, 264, 280, 321, 342, 343, 344, 345, 346, 349, 351, 352, 355, 357, 359, 364, 368, 371, 372, 373, 374, 376, 377, 387, 392, 393, 403, 409, 411, 414, 424, 430, 449, 454, 470, 480, 560, 584, 643, 685, 703, 724, 739, 779, 798, 799, 800, 801, 804, 806, 807, 810, 812, 814, 816, 821, 822, 823, 824, 826, 827, 837, 842, 843, 852, 859, 862, 865, 869, 876, 882, 897, 901, 917, 932]","[280, 739]",[],7/6 successful match,True,"[160, 161, 162]",True,367,False,,1.0,True,Sacramento 49er Travel Plaza,
"Sacramento , 95833 Sacramento 49er B Travel ( Jack Plaza Tone Rd )",916-927-4774 I-80 Exit 85 ( W El,) INS 24 XL240,Sacramento,95833,Sacramento 49er B Travel ( Jack Plaza Tone Rd ),916-927-4774,2008,Sacramento,CA,,( W El,I-80 Exit 85 ,Exit,85,False,,False,I-80,,,,,"[280, 739]","[280, 739]","[180, 221, 279, 280, 651, 738, 739]","[158, 206, 235, 269, 280, 630, 676, 699, 728, 739]","[103, 104, 105, 106, 107, 108, 109, 110, 111, 112, 113, 114, 115, 116, 117, 118, 119, 120, 121, 122, 123, 124, 125, 126, 127, 128, 129, 130, 131, 132, 133, 134, 135, 136, 137, 138, 139, 140, 141, 142, 143, 144, 145, 146, 147, 148, 149, 150, 151, 152, 153, 154, 155, 156, 157, 158, 159, 160, 161, 162, 163, 164, 165, 166, 167, 168, 169, 170, 171, 172, 173, 174, 175, 176, 177, 178, 179, 180, 181, 182, 183, 184, 185, 186, 187, 188, 189, 190, 191, 192, 193, 194, 195, 196, 197, 198, 199, 200, 201, 202, 203, 204, 205, 206, 207, 208, 209, 210, 211, 212, 213, 214, 215, 216, 217, 218, 219, 220, 221, 222, 223, 224, 225, 226, 227, 228, 229, 230, 231, 232, 233, 234, 235, 236, 237, 238, 239, 240, 241, 242, 243, 244, 245, 246, 247, 248, 249, 250, 251, 252, 253, 254, 255, 256, 257, 258, 259, 260, 261, 262, 263, 264, 265, 266, 267, 268, 269, 270, 271, 272, 273, 274, 275, 276, 277, 278, 279, 280, 281, 282, 283, 284, 285, 286, 287, 288, 289, 290, 291, 292, 293, 294, 295, 296, 297, 298, 299, 300, 301, 302, 303, 304, 305, 306, 307, 308, 309, 310, 311, 312, 313, 314, 315, 316, 317, 318, 319, 320, 321, 322, 323, 324, 325, 326, 327, 328, 329, 330, 331, 332, 333, 334, 335, 336, 337, 574, 575, 576, 577, 578, 579, 580, 581, 582, 583, 584, 585, 586, 587, 588, 589, 590, 591, 592, 593, 594, 595, 596, 597, 598, 599, 600, 601, 602, 603, 604, 605, 606, 607, 608, 609, 610, 611, 612, 613, 614, 615, 616, 617, 618, 619, 620, 621, 622, 623, 624, 625, 626, 627, 628, 629, 630, 631, 632, 633, 634, 635, 636, 637, 638, 639, 640, 641, 642, 643, 644, 645, 646, 647, 648, 649, 650, 651, 652, 653, 654, 655, 656, 657, 658, 659, 660, 661, 662, 663, 664, 665, 666, 667, 668, 669, 670, 671, 672, 673, 674, 675, 676, 677, 678, 679, 680, 681, 682, 683, 684, 685, 686, 687, 688, 689, 690, 691, 692, 693, 694, 695, 696, 697, 698, 699, 700, 701, 702, 703, 704, 705, 706, 707, 708, 709, 710, 711, 712, 713, 714, 715, 716, 717, 718, 719, 720, 721, 722, 723, 724, 725, 726, 727, 728, 729, 730, 731, 732, 733, 734, 735, 736, 737, 738, 739, 740, 741, 742, 743, 744, 745, 746, 747, 748, 749, 750, 751, 752, 753, 754, 755, 756, 757, 758, 759, 760, 761, 762, 763, 764, 765, 766, 767, 768, 769, 770, 771, 772, 773, 774, 775, 776, 777, 778, 779, 780, 781, 782, 783, 784, 785, 786, 787, 788, 789, 790, 791, 792, 793]","[89, 108, 172, 217, 221, 239, 264, 280, 321, 342, 343, 344, 345, 346, 349, 351, 352, 355, 357, 359, 364, 368, 371, 372, 373, 374, 376, 377, 387, 392, 393, 403, 409, 411, 414, 424, 430, 449, 454, 470, 480, 560, 584, 643, 685, 703, 724, 739, 779, 798, 799, 800, 801, 804, 806, 807, 810, 812, 814, 816, 821, 822, 823, 824, 826, 827, 837, 842, 843, 852, 859, 862, 865, 869, 876, 882, 897, 901, 917, 932]",[],"[280, 739]","[89, 103, 104, 105, 106, 107, 108, 109, 110, 111, 112, 113, 114, 115, 116, 117, 118, 119, 120, 121, 122, 123, 124, 125, 126, 127, 128, 129, 130, 131, 132, 133, 134, 135, 136, 137, 138, 139, 140, 141, 142, 143, 144, 145, 146, 147, 148, 149, 150, 151, 152, 153, 154, 155, 156, 157, 158, 159, 160, 161, 162, 163, 164, 165, 166, 167, 168, 169, 170, 171, 172, 173, 174, 175, 176, 177, 178, 179, 180, 181, 182, 183, 184, 185, 186, 187, 188, 189, 190, 191, 192, 193, 194, 195, 196, 197, 198, 199, 200, 201, 202, 203, 204, 205, 206, 207, 208, 209, 210, 211, 212, 213, 214, 215, 216, 217, 218, 219, 220, 221, 222, 223, 224, 225, 226, 227, 228, 229, 230, 231, 232, 233, 234, 235, 236, 237, 238, 239, 240, 241, 242, 243, 244, 245, 246, 247, 248, 249, 250, 251, 252, 253, 254, 255, 256, 257, 258, 259, 260, 261, 262, 263, 264, 265, 266, 267, 268, 269, 270, 271, 272, 273, 274, 275, 276, 277, 278, 279, 280, 281, 282, 283, 284, 285, 286, 287, 288, 289, 290, 291, 292, 293, 294, 295, 296, 297, 298, 299, 300, 301, 302, 303, 304, 305, 306, 307, 308, 309, 310, 311, 312, 313, 314, 315, 316, 317, 318, 319, 320, 321, 322, 323, 324, 325, 326, 327, 328, 329, 330, 331, 332, 333, 334, 335, 336, 337, 342, 343, 344, 345, 346, 349, 351, 352, 355, 357, 359, 364, 368, 371, 372, 373, 374, 376, 377, 387, 392, 393, 403, 409, 411, 414, 424, 430, 449, 454, 470, 480, 560, 574, 575, 576, 577, 578, 579, 580, 581, 582, 583, 584, 585, 586, 587, 588, 589, 590, 591, 592, 593, 594, 595, 596, 597, 598, 599, 600, 601, 602, 603, 604, 605, 606, 607, 608, 609, 610, 611, 612, 613, 614, 615, 616, 617, 618, 619, 620, 621, 622, 623, 624, 625, 626, 627, 628, 629, 630, 631, 632, 633, 634, 635, 636, 637, 638, 639, 640, 641, 642, 643, 644, 645, 646, 647, 648, 649, 650, 651, 652, 653, 654, 655, 656, 657, 658, 659, 660, 661, 662, 663, 664, 665, 666, 667, 668, 669, 670, 671, 672, 673, 674, 675, 676, 677, 678, 679, 680, 681, 682, 683, 684, 685, 686, 687, 688, 689, 690, 691, 692, 693, 694, 695, 696, 697, 698, 699, 700, 701, 702, 703, 704, 705, 706, 707, 708, 709, 710, 711, 712, 713, 714, 715, 716, 717, 718, 719, 720, 721, 722, 723, 724, 725, 726, 727, 728, 729, 730, 731, 732, 733, 734, 735, 736, 737, 738, 739, 740, 741, 742, 743, 744, 745, 746, 747, 748, 749, 750, 751, 752, 753, 754, 755, 756, 757, 758, 759, 760, 761, 762, 763, 764, 765, 766, 767, 768, 769, 770, 771, 772, 773, 774, 775, 776, 777, 778, 779, 780, 781, 782, 783, 784, 785, 786, 787, 788, 789, 790, 791, 792, 793, 798, 799, 800, 801, 804, 806, 807, 810, 812, 814, 816, 821, 822, 823, 824, 826, 827, 837, 842, 843, 852, 859, 862, 865, 869, 876, 882, 897, 901, 917, 932]",True,"[280, 739]","[103, 104, 105, 106, 107, 108, 109, 110, 111, 112, 113, 114, 115, 116, 117, 118, 119, 120, 121, 122, 123, 124, 125, 126, 127, 128, 129, 130, 131, 132, 133, 134, 135, 136, 137, 138, 139, 140, 141, 142, 143, 144, 145, 146, 147, 148, 149, 150, 151, 152, 153, 154, 155, 156, 157, 158, 159, 160, 161, 162, 163, 164, 165, 166, 167, 168, 169, 170, 171, 172, 173, 174, 175, 176, 177, 178, 179, 180, 181, 182, 183, 184, 185, 186, 187, 188, 189, 190, 191, 192, 193, 194, 195, 196, 197, 198, 199, 200, 201, 202, 203, 204, 205, 206, 207, 208, 209, 210, 211, 212, 213, 214, 215, 216, 217, 218, 219, 220, 221, 222, 223, 224, 225, 226, 227, 228, 229, 230, 231, 232, 233, 234, 235, 236, 237, 238, 239, 240, 241, 242, 243, 244, 245, 246, 247, 248, 249, 250, 251, 252, 253, 254, 255, 256, 257, 258, 259, 260, 261, 262, 263, 264, 265, 266, 267, 268, 269, 270, 271, 272, 273, 274, 275, 276, 277, 278, 279, 280, 281, 282, 283, 284, 285, 286, 287, 288, 289, 290, 291, 292, 293, 294, 295, 296, 297, 298, 299, 300, 301, 302, 303, 304, 305, 306, 307, 308, 309, 310, 311, 312, 313, 314, 315, 316, 317, 318, 319, 320, 321, 322, 323, 324, 325, 326, 327, 328, 329, 330, 331, 332, 333, 334, 335, 336, 337, 574, 575, 576, 577, 578, 579, 580, 581, 582, 583, 584, 585, 586, 587, 588, 589, 590, 591, 592, 593, 594, 595, 596, 597, 598, 599, 600, 601, 602, 603, 604, 605, 606, 607, 608, 609, 610, 611, 612, 613, 614, 615, 616, 617, 618, 619, 620, 621, 622, 623, 624, 625, 626, 627, 628, 629, 630, 631, 632, 633, 634, 635, 636, 637, 638, 639, 640, 641, 642, 643, 644, 645, 646, 647, 648, 649, 650, 651, 652, 653, 654, 655, 656, 657, 658, 659, 660, 661, 662, 663, 664, 665, 666, 667, 668, 669, 670, 671, 672, 673, 674, 675, 676, 677, 678, 679, 680, 681, 682, 683, 684, 685, 686, 687, 688, 689, 690, 691, 692, 693, 694, 695, 696, 697, 698, 699, 700, 701, 702, 703, 704, 705, 706, 707, 708, 709, 710, 711, 712, 713, 714, 715, 716, 717, 718, 719, 720, 721, 722, 723, 724, 725, 726, 727, 728, 729, 730, 731, 732, 733, 734, 735, 736, 737, 738, 739, 740, 741, 742, 743, 744, 745, 746, 747, 748, 749, 750, 751, 752, 753, 754, 755, 756, 757, 758, 759, 760, 761, 762, 763, 764, 765, 766, 767, 768, 769, 770, 771, 772, 773, 774, 775, 776, 777, 778, 779, 780, 781, 782, 783, 784, 785, 786, 787, 788, 789, 790, 791, 792, 793]","[180, 221, 279, 280, 651, 738, 739]","[158, 206, 235, 269, 280, 630, 676, 699, 728, 739]","[89, 108, 172, 217, 221, 239, 264, 280, 321, 342, 343, 344, 345, 346, 349, 351, 352, 355, 357, 359, 364, 368, 371, 372, 373, 374, 376, 377, 387, 392, 393, 403, 409, 411, 414, 424, 430, 449, 454, 470, 480, 560, 584, 643, 685, 703, 724, 739, 779, 798, 799, 800, 801, 804, 806, 807, 810, 812, 814, 816, 821, 822, 823, 824, 826, 827, 837, 842, 843, 852, 859, 862, 865, 869, 876, 882, 897, 901, 917, 932]","[280, 739]",[],7/6 successful match,True,"[160, 161, 162]",True,367,False,,0.9337662337662338,True,Sacramento 49er Travel Plaza ),
D Sacramento ( 95833 ) Sacramento 49er ( Pilot # 879 ),"2 916-927-4774 I-80 Exit 85 ( W El Camino , 1 mi W of I-5 )",Pilot ) 24 XL 24,Sacramento,95833,Sacramento 49er ( Pilot # 879 ),916-927-4774,2014,Sacramento,CA,Pilot,"( W El Camino , 1 mi W of I-5 )",I-80 Exit 85 ,Exit,85,False,,False,I-80,,,,,"[280, 739]","[280, 739]","[180, 221, 279, 280, 651, 738, 739]","[158, 206, 235, 269, 280, 630, 676, 699, 728, 739]","[103, 104, 105, 106, 107, 108, 109, 110, 111, 112, 113, 114, 115, 116, 117, 118, 119, 120, 121, 122, 123, 124, 125, 126, 127, 128, 129, 130, 131, 132, 133, 134, 135, 136, 137, 138, 139, 140, 141, 142, 143, 144, 145, 146, 147, 148, 149, 150, 151, 152, 153, 154, 155, 156, 157, 158, 159, 160, 161, 162, 163, 164, 165, 166, 167, 168, 169, 170, 171, 172, 173, 174, 175, 176, 177, 178, 179, 180, 181, 182, 183, 184, 185, 186, 187, 188, 189, 190, 191, 192, 193, 194, 195, 196, 197, 198, 199, 200, 201, 202, 203, 204, 205, 206, 207, 208, 209, 210, 211, 212, 213, 214, 215, 216, 217, 218, 219, 220, 221, 222, 223, 224, 225, 226, 227, 228, 229, 230, 231, 232, 233, 234, 235, 236, 237, 238, 239, 240, 241, 242, 243, 244, 245, 246, 247, 248, 249, 250, 251, 252, 253, 254, 255, 256, 257, 258, 259, 260, 261, 262, 263, 264, 265, 266, 267, 268, 269, 270, 271, 272, 273, 274, 275, 276, 277, 278, 279, 280, 281, 282, 283, 284, 285, 286, 287, 288, 289, 290, 291, 292, 293, 294, 295, 296, 297, 298, 299, 300, 301, 302, 303, 304, 305, 306, 307, 308, 309, 310, 311, 312, 313, 314, 315, 316, 317, 318, 319, 320, 321, 322, 323, 324, 325, 326, 327, 328, 329, 330, 331, 332, 333, 334, 335, 336, 337, 574, 575, 576, 577, 578, 579, 580, 581, 582, 583, 584, 585, 586, 587, 588, 589, 590, 591, 592, 593, 594, 595, 596, 597, 598, 599, 600, 601, 602, 603, 604, 605, 606, 607, 608, 609, 610, 611, 612, 613, 614, 615, 616, 617, 618, 619, 620, 621, 622, 623, 624, 625, 626, 627, 628, 629, 630, 631, 632, 633, 634, 635, 636, 637, 638, 639, 640, 641, 642, 643, 644, 645, 646, 647, 648, 649, 650, 651, 652, 653, 654, 655, 656, 657, 658, 659, 660, 661, 662, 663, 664, 665, 666, 667, 668, 669, 670, 671, 672, 673, 674, 675, 676, 677, 678, 679, 680, 681, 682, 683, 684, 685, 686, 687, 688, 689, 690, 691, 692, 693, 694, 695, 696, 697, 698, 699, 700, 701, 702, 703, 704, 705, 706, 707, 708, 709, 710, 711, 712, 713, 714, 715, 716, 717, 718, 719, 720, 721, 722, 723, 724, 725, 726, 727, 728, 729, 730, 731, 732, 733, 734, 735, 736, 737, 738, 739, 740, 741, 742, 743, 744, 745, 746, 747, 748, 749, 750, 751, 752, 753, 754, 755, 756, 757, 758, 759, 760, 761, 762, 763, 764, 765, 766, 767, 768, 769, 770, 771, 772, 773, 774, 775, 776, 777, 778, 779, 780, 781, 782, 783, 784, 785, 786, 787, 788, 789, 790, 791, 792, 793]","[89, 108, 172, 217, 221, 239, 264, 280, 321, 342, 343, 344, 345, 346, 349, 351, 352, 355, 357, 359, 364, 368, 371, 372, 373, 374, 376, 377, 387, 392, 393, 403, 409, 411, 414, 424, 430, 449, 454, 470, 480, 560, 584, 643, 685, 703, 724, 739, 779, 798, 799, 800, 801, 804, 806, 807, 810, 812, 814, 816, 821, 822, 823, 824, 826, 827, 837, 842, 843, 852, 859, 862, 865, 869, 876, 882, 897, 901, 917, 932]","[15, 16, 65, 66, 67, 68, 69, 70, 71, 72, 73, 74, 75, 76, 80, 151, 245, 246, 247, 248, 249, 250, 251, 252, 253, 254, 255, 256, 257, 258, 259, 280, 340, 373, 374, 375, 376, 377, 459, 460, 461, 462, 500, 501, 539, 540, 541, 542, 543, 544, 545, 546, 547, 548, 549, 550, 552, 622, 708, 709, 710, 711, 712, 713, 714, 715, 716, 717, 718, 719, 720, 739, 796, 823, 824, 825, 826, 827, 906, 907, 908, 909]","[15, 16, 65, 66, 67, 68, 69, 70, 71, 72, 73, 74, 75, 76, 77, 78, 80, 151, 244, 245, 246, 247, 248, 249, 250, 251, 252, 253, 254, 255, 256, 257, 258, 259, 260, 280, 340, 373, 374, 375, 376, 377, 459, 460, 461, 462, 500, 501, 539, 540, 541, 542, 543, 544, 545, 546, 547, 548, 549, 550, 552, 622, 708, 709, 710, 711, 712, 713, 714, 715, 716, 717, 718, 719, 720, 739, 796, 823, 824, 825, 826, 827, 906, 907, 908, 909]","[15, 16, 65, 66, 67, 68, 69, 70, 71, 72, 73, 74, 75, 76, 77, 78, 80, 89, 103, 104, 105, 106, 107, 108, 109, 110, 111, 112, 113, 114, 115, 116, 117, 118, 119, 120, 121, 122, 123, 124, 125, 126, 127, 128, 129, 130, 131, 132, 133, 134, 135, 136, 137, 138, 139, 140, 141, 142, 143, 144, 145, 146, 147, 148, 149, 150, 151, 152, 153, 154, 155, 156, 157, 158, 159, 160, 161, 162, 163, 164, 165, 166, 167, 168, 169, 170, 171, 172, 173, 174, 175, 176, 177, 178, 179, 180, 181, 182, 183, 184, 185, 186, 187, 188, 189, 190, 191, 192, 193, 194, 195, 196, 197, 198, 199, 200, 201, 202, 203, 204, 205, 206, 207, 208, 209, 210, 211, 212, 213, 214, 215, 216, 217, 218, 219, 220, 221, 222, 223, 224, 225, 226, 227, 228, 229, 230, 231, 232, 233, 234, 235, 236, 237, 238, 239, 240, 241, 242, 243, 244, 245, 246, 247, 248, 249, 250, 251, 252, 253, 254, 255, 256, 257, 258, 259, 260, 261, 262, 263, 264, 265, 266, 267, 268, 269, 270, 271, 272, 273, 274, 275, 276, 277, 278, 279, 280, 281, 282, 283, 284, 285, 286, 287, 288, 289, 290, 291, 292, 293, 294, 295, 296, 297, 298, 299, 300, 301, 302, 303, 304, 305, 306, 307, 308, 309, 310, 311, 312, 313, 314, 315, 316, 317, 318, 319, 320, 321, 322, 323, 324, 325, 326, 327, 328, 329, 330, 331, 332, 333, 334, 335, 336, 337, 340, 342, 343, 344, 345, 346, 349, 351, 352, 355, 357, 359, 364, 368, 371, 372, 373, 374, 375, 376, 377, 387, 392, 393, 403, 409, 411, 414, 424, 430, 449, 454, 459, 460, 461, 462, 470, 480, 500, 501, 539, 540, 541, 542, 543, 544, 545, 546, 547, 548, 549, 550, 552, 560, 574, 575, 576, 577, 578, 579, 580, 581, 582, 583, 584, 585, 586, 587, 588, 589, 590, 591, 592, 593, 594, 595, 596, 597, 598, 599, 600, 601, 602, 603, 604, 605, 606, 607, 608, 609, 610, 611, 612, 613, 614, 615, 616, 617, 618, 619, 620, 621, 622, 623, 624, 625, 626, 627, 628, 629, 630, 631, 632, 633, 634, 635, 636, 637, 638, 639, 640, 641, 642, 643, 644, 645, 646, 647, 648, 649, 650, 651, 652, 653, 654, 655, 656, 657, 658, 659, 660, 661, 662, 663, 664, 665, 666, 667, 668, 669, 670, 671, 672, 673, 674, 675, 676, 677, 678, 679, 680, 681, 682, 683, 684, 685, 686, 687, 688, 689, 690, 691, 692, 693, 694, 695, 696, 697, 698, 699, 700, 701, 702, 703, 704, 705, 706, 707, 708, 709, 710, 711, 712, 713, 714, 715, 716, 717, 718, 719, 720, 721, 722, 723, 724, 725, 726, 727, 728, 729, 730, 731, 732, 733, 734, 735, 736, 737, 738, 739, 740, 741, 742, 743, 744, 745, 746, 747, 748, 749, 750, 751, 752, 753, 754, 755, 756, 757, 758, 759, 760, 761, 762, 763, 764, 765, 766, 767, 768, 769, 770, 771, 772, 773, 774, 775, 776, 777, 778, 779, 780, 781, 782, 783, 784, 785, 786, 787, 788, 789, 790, 791, 792, 793, 796, 798, 799, 800, 801, 804, 806, 807, 810, 812, 814, 816, 821, 822, 823, 824, 825, 826, 827, 837, 842, 843, 852, 859, 862, 865, 869, 876, 882, 897, 901, 906, 907, 908, 909, 917, 932]",True,"[280, 739]","[103, 104, 105, 106, 107, 108, 109, 110, 111, 112, 113, 114, 115, 116, 117, 118, 119, 120, 121, 122, 123, 124, 125, 126, 127, 128, 129, 130, 131, 132, 133, 134, 135, 136, 137, 138, 139, 140, 141, 142, 143, 144, 145, 146, 147, 148, 149, 150, 151, 152, 153, 154, 155, 156, 157, 158, 159, 160, 161, 162, 163, 164, 165, 166, 167, 168, 169, 170, 171, 172, 173, 174, 175, 176, 177, 178, 179, 180, 181, 182, 183, 184, 185, 186, 187, 188, 189, 190, 191, 192, 193, 194, 195, 196, 197, 198, 199, 200, 201, 202, 203, 204, 205, 206, 207, 208, 209, 210, 211, 212, 213, 214, 215, 216, 217, 218, 219, 220, 221, 222, 223, 224, 225, 226, 227, 228, 229, 230, 231, 232, 233, 234, 235, 236, 237, 238, 239, 240, 241, 242, 243, 244, 245, 246, 247, 248, 249, 250, 251, 252, 253, 254, 255, 256, 257, 258, 259, 260, 261, 262, 263, 264, 265, 266, 267, 268, 269, 270, 271, 272, 273, 274, 275, 276, 277, 278, 279, 280, 281, 282, 283, 284, 285, 286, 287, 288, 289, 290, 291, 292, 293, 294, 295, 296, 297, 298, 299, 300, 301, 302, 303, 304, 305, 306, 307, 308, 309, 310, 311, 312, 313, 314, 315, 316, 317, 318, 319, 320, 321, 322, 323, 324, 325, 326, 327, 328, 329, 330, 331, 332, 333, 334, 335, 336, 337, 574, 575, 576, 577, 578, 579, 580, 581, 582, 583, 584, 585, 586, 587, 588, 589, 590, 591, 592, 593, 594, 595, 596, 597, 598, 599, 600, 601, 602, 603, 604, 605, 606, 607, 608, 609, 610, 611, 612, 613, 614, 615, 616, 617, 618, 619, 620, 621, 622, 623, 624, 625, 626, 627, 628, 629, 630, 631, 632, 633, 634, 635, 636, 637, 638, 639, 640, 641, 642, 643, 644, 645, 646, 647, 648, 649, 650, 651, 652, 653, 654, 655, 656, 657, 658, 659, 660, 661, 662, 663, 664, 665, 666, 667, 668, 669, 670, 671, 672, 673, 674, 675, 676, 677, 678, 679, 680, 681, 682, 683, 684, 685, 686, 687, 688, 689, 690, 691, 692, 693, 694, 695, 696, 697, 698, 699, 700, 701, 702, 703, 704, 705, 706, 707, 708, 709, 710, 711, 712, 713, 714, 715, 716, 717, 718, 719, 720, 721, 722, 723, 724, 725, 726, 727, 728, 729, 730, 731, 732, 733, 734, 735, 736, 737, 738, 739, 740, 741, 742, 743, 744, 745, 746, 747, 748, 749, 750, 751, 752, 753, 754, 755, 756, 757, 758, 759, 760, 761, 762, 763, 764, 765, 766, 767, 768, 769, 770, 771, 772, 773, 774, 775, 776, 777, 778, 779, 780, 781, 782, 783, 784, 785, 786, 787, 788, 789, 790, 791, 792, 793]","[180, 221, 279, 280, 651, 738, 739]","[158, 206, 235, 269, 280, 630, 676, 699, 728, 739]","[89, 108, 172, 217, 221, 239, 264, 280, 321, 342, 343, 344, 345, 346, 349, 351, 352, 355, 357, 359, 364, 368, 371, 372, 373, 374, 376, 377, 387, 392, 393, 403, 409, 411, 414, 424, 430, 449, 454, 470, 480, 560, 584, 643, 685, 703, 724, 739, 779, 798, 799, 800, 801, 804, 806, 807, 810, 812, 814, 816, 821, 822, 823, 824, 826, 827, 837, 842, 843, 852, 859, 862, 865, 869, 876, 882, 897, 901, 917, 932]","[15, 16, 65, 66, 67, 68, 69, 70, 71, 72, 73, 74, 75, 76, 77, 78, 80, 151, 244, 245, 246, 247, 248, 249, 250, 251, 252, 253, 254, 255, 256, 257, 258, 259, 260, 280, 340, 373, 374, 375, 376, 377, 459, 460, 461, 462, 500, 501, 539, 540, 541, 542, 543, 544, 545, 546, 547, 548, 549, 550, 552, 622, 708, 709, 710, 711, 712, 713, 714, 715, 716, 717, 718, 719, 720, 739, 796, 823, 824, 825, 826, 827, 906, 907, 908, 909]","[15, 16, 65, 66, 67, 68, 69, 70, 71, 72, 73, 74, 75, 76, 80, 151, 245, 246, 247, 248, 249, 250, 251, 252, 253, 254, 255, 256, 257, 258, 259, 280, 340, 373, 374, 375, 376, 377, 459, 460, 461, 462, 500, 501, 539, 540, 541, 542, 543, 544, 545, 546, 547, 548, 549, 550, 552, 622, 708, 709, 710, 711, 712, 713, 714, 715, 716, 717, 718, 719, 720, 739, 796, 823, 824, 825, 826, 827, 906, 907, 908, 909]",7/6 successful match,True,"[160, 161, 162]",True,367,False,,0.8179487179487179,True,Sacramento 49er B Travel ( Jack Plaza Tone Rd ),
D Sacramento ( 95833 ) Sacramento 49er ( Pilot # 879 ),"2 916-927-4774 I-80 Exit 85 ( W El Camino , 1 mi W of I-5 Pilot ) .",) . 24 X 24,Sacramento,95833,Sacramento 49er ( Pilot # 879 ),916-927-4774,2015,Sacramento,CA,Pilot,"( W El Camino , 1 mi W of I-5 Pilot ) .",I-80 Exit 85 ,Exit,85,False,,False,I-80,,,,,"[280, 739]","[280, 739]","[180, 221, 279, 280, 651, 738, 739]","[158, 206, 235, 269, 280, 630, 676, 699, 728, 739]","[103, 104, 105, 106, 107, 108, 109, 110, 111, 112, 113, 114, 115, 116, 117, 118, 119, 120, 121, 122, 123, 124, 125, 126, 127, 128, 129, 130, 131, 132, 133, 134, 135, 136, 137, 138, 139, 140, 141, 142, 143, 144, 145, 146, 147, 148, 149, 150, 151, 152, 153, 154, 155, 156, 157, 158, 159, 160, 161, 162, 163, 164, 165, 166, 167, 168, 169, 170, 171, 172, 173, 174, 175, 176, 177, 178, 179, 180, 181, 182, 183, 184, 185, 186, 187, 188, 189, 190, 191, 192, 193, 194, 195, 196, 197, 198, 199, 200, 201, 202, 203, 204, 205, 206, 207, 208, 209, 210, 211, 212, 213, 214, 215, 216, 217, 218, 219, 220, 221, 222, 223, 224, 225, 226, 227, 228, 229, 230, 231, 232, 233, 234, 235, 236, 237, 238, 239, 240, 241, 242, 243, 244, 245, 246, 247, 248, 249, 250, 251, 252, 253, 254, 255, 256, 257, 258, 259, 260, 261, 262, 263, 264, 265, 266, 267, 268, 269, 270, 271, 272, 273, 274, 275, 276, 277, 278, 279, 280, 281, 282, 283, 284, 285, 286, 287, 288, 289, 290, 291, 292, 293, 294, 295, 296, 297, 298, 299, 300, 301, 302, 303, 304, 305, 306, 307, 308, 309, 310, 311, 312, 313, 314, 315, 316, 317, 318, 319, 320, 321, 322, 323, 324, 325, 326, 327, 328, 329, 330, 331, 332, 333, 334, 335, 336, 337, 574, 575, 576, 577, 578, 579, 580, 581, 582, 583, 584, 585, 586, 587, 588, 589, 590, 591, 592, 593, 594, 595, 596, 597, 598, 599, 600, 601, 602, 603, 604, 605, 606, 607, 608, 609, 610, 611, 612, 613, 614, 615, 616, 617, 618, 619, 620, 621, 622, 623, 624, 625, 626, 627, 628, 629, 630, 631, 632, 633, 634, 635, 636, 637, 638, 639, 640, 641, 642, 643, 644, 645, 646, 647, 648, 649, 650, 651, 652, 653, 654, 655, 656, 657, 658, 659, 660, 661, 662, 663, 664, 665, 666, 667, 668, 669, 670, 671, 672, 673, 674, 675, 676, 677, 678, 679, 680, 681, 682, 683, 684, 685, 686, 687, 688, 689, 690, 691, 692, 693, 694, 695, 696, 697, 698, 699, 700, 701, 702, 703, 704, 705, 706, 707, 708, 709, 710, 711, 712, 713, 714, 715, 716, 717, 718, 719, 720, 721, 722, 723, 724, 725, 726, 727, 728, 729, 730, 731, 732, 733, 734, 735, 736, 737, 738, 739, 740, 741, 742, 743, 744, 745, 746, 747, 748, 749, 750, 751, 752, 753, 754, 755, 756, 757, 758, 759, 760, 761, 762, 763, 764, 765, 766, 767, 768, 769, 770, 771, 772, 773, 774, 775, 776, 777, 778, 779, 780, 781, 782, 783, 784, 785, 786, 787, 788, 789, 790, 791, 792, 793]","[89, 108, 172, 217, 221, 239, 264, 280, 321, 342, 343, 344, 345, 346, 349, 351, 352, 355, 357, 359, 364, 368, 371, 372, 373, 374, 376, 377, 387, 392, 393, 403, 409, 411, 414, 424, 430, 449, 454, 470, 480, 560, 584, 643, 685, 703, 724, 739, 779, 798, 799, 800, 801, 804, 806, 807, 810, 812, 814, 816, 821, 822, 823, 824, 826, 827, 837, 842, 843, 852, 859, 862, 865, 869, 876, 882, 897, 901, 917, 932]","[15, 16, 65, 66, 67, 68, 69, 70, 71, 72, 73, 74, 75, 76, 80, 151, 245, 246, 247, 248, 249, 250, 251, 252, 253, 254, 255, 256, 257, 258, 259, 280, 340, 373, 374, 375, 376, 377, 459, 460, 461, 462, 500, 501, 539, 540, 541, 542, 543, 544, 545, 546, 547, 548, 549, 550, 552, 622, 708, 709, 710, 711, 712, 713, 714, 715, 716, 717, 718, 719, 720, 739, 796, 823, 824, 825, 826, 827, 906, 907, 908, 909]","[15, 16, 65, 66, 67, 68, 69, 70, 71, 72, 73, 74, 75, 76, 77, 78, 80, 151, 244, 245, 246, 247, 248, 249, 250, 251, 252, 253, 254, 255, 256, 257, 258, 259, 260, 280, 340, 373, 374, 375, 376, 377, 459, 460, 461, 462, 500, 501, 539, 540, 541, 542, 543, 544, 545, 546, 547, 548, 549, 550, 552, 622, 708, 709, 710, 711, 712, 713, 714, 715, 716, 717, 718, 719, 720, 739, 796, 823, 824, 825, 826, 827, 906, 907, 908, 909]","[15, 16, 65, 66, 67, 68, 69, 70, 71, 72, 73, 74, 75, 76, 77, 78, 80, 89, 103, 104, 105, 106, 107, 108, 109, 110, 111, 112, 113, 114, 115, 116, 117, 118, 119, 120, 121, 122, 123, 124, 125, 126, 127, 128, 129, 130, 131, 132, 133, 134, 135, 136, 137, 138, 139, 140, 141, 142, 143, 144, 145, 146, 147, 148, 149, 150, 151, 152, 153, 154, 155, 156, 157, 158, 159, 160, 161, 162, 163, 164, 165, 166, 167, 168, 169, 170, 171, 172, 173, 174, 175, 176, 177, 178, 179, 180, 181, 182, 183, 184, 185, 186, 187, 188, 189, 190, 191, 192, 193, 194, 195, 196, 197, 198, 199, 200, 201, 202, 203, 204, 205, 206, 207, 208, 209, 210, 211, 212, 213, 214, 215, 216, 217, 218, 219, 220, 221, 222, 223, 224, 225, 226, 227, 228, 229, 230, 231, 232, 233, 234, 235, 236, 237, 238, 239, 240, 241, 242, 243, 244, 245, 246, 247, 248, 249, 250, 251, 252, 253, 254, 255, 256, 257, 258, 259, 260, 261, 262, 263, 264, 265, 266, 267, 268, 269, 270, 271, 272, 273, 274, 275, 276, 277, 278, 279, 280, 281, 282, 283, 284, 285, 286, 287, 288, 289, 290, 291, 292, 293, 294, 295, 296, 297, 298, 299, 300, 301, 302, 303, 304, 305, 306, 307, 308, 309, 310, 311, 312, 313, 314, 315, 316, 317, 318, 319, 320, 321, 322, 323, 324, 325, 326, 327, 328, 329, 330, 331, 332, 333, 334, 335, 336, 337, 340, 342, 343, 344, 345, 346, 349, 351, 352, 355, 357, 359, 364, 368, 371, 372, 373, 374, 375, 376, 377, 387, 392, 393, 403, 409, 411, 414, 424, 430, 449, 454, 459, 460, 461, 462, 470, 480, 500, 501, 539, 540, 541, 542, 543, 544, 545, 546, 547, 548, 549, 550, 552, 560, 574, 575, 576, 577, 578, 579, 580, 581, 582, 583, 584, 585, 586, 587, 588, 589, 590, 591, 592, 593, 594, 595, 596, 597, 598, 599, 600, 601, 602, 603, 604, 605, 606, 607, 608, 609, 610, 611, 612, 613, 614, 615, 616, 617, 618, 619, 620, 621, 622, 623, 624, 625, 626, 627, 628, 629, 630, 631, 632, 633, 634, 635, 636, 637, 638, 639, 640, 641, 642, 643, 644, 645, 646, 647, 648, 649, 650, 651, 652, 653, 654, 655, 656, 657, 658, 659, 660, 661, 662, 663, 664, 665, 666, 667, 668, 669, 670, 671, 672, 673, 674, 675, 676, 677, 678, 679, 680, 681, 682, 683, 684, 685, 686, 687, 688, 689, 690, 691, 692, 693, 694, 695, 696, 697, 698, 699, 700, 701, 702, 703, 704, 705, 706, 707, 708, 709, 710, 711, 712, 713, 714, 715, 716, 717, 718, 719, 720, 721, 722, 723, 724, 725, 726, 727, 728, 729, 730, 731, 732, 733, 734, 735, 736, 737, 738, 739, 740, 741, 742, 743, 744, 745, 746, 747, 748, 749, 750, 751, 752, 753, 754, 755, 756, 757, 758, 759, 760, 761, 762, 763, 764, 765, 766, 767, 768, 769, 770, 771, 772, 773, 774, 775, 776, 777, 778, 779, 780, 781, 782, 783, 784, 785, 786, 787, 788, 789, 790, 791, 792, 793, 796, 798, 799, 800, 801, 804, 806, 807, 810, 812, 814, 816, 821, 822, 823, 824, 825, 826, 827, 837, 842, 843, 852, 859, 862, 865, 869, 876, 882, 897, 901, 906, 907, 908, 909, 917, 932]",True,"[280, 739]","[103, 104, 105, 106, 107, 108, 109, 110, 111, 112, 113, 114, 115, 116, 117, 118, 119, 120, 121, 122, 123, 124, 125, 126, 127, 128, 129, 130, 131, 132, 133, 134, 135, 136, 137, 138, 139, 140, 141, 142, 143, 144, 145, 146, 147, 148, 149, 150, 151, 152, 153, 154, 155, 156, 157, 158, 159, 160, 161, 162, 163, 164, 165, 166, 167, 168, 169, 170, 171, 172, 173, 174, 175, 176, 177, 178, 179, 180, 181, 182, 183, 184, 185, 186, 187, 188, 189, 190, 191, 192, 193, 194, 195, 196, 197, 198, 199, 200, 201, 202, 203, 204, 205, 206, 207, 208, 209, 210, 211, 212, 213, 214, 215, 216, 217, 218, 219, 220, 221, 222, 223, 224, 225, 226, 227, 228, 229, 230, 231, 232, 233, 234, 235, 236, 237, 238, 239, 240, 241, 242, 243, 244, 245, 246, 247, 248, 249, 250, 251, 252, 253, 254, 255, 256, 257, 258, 259, 260, 261, 262, 263, 264, 265, 266, 267, 268, 269, 270, 271, 272, 273, 274, 275, 276, 277, 278, 279, 280, 281, 282, 283, 284, 285, 286, 287, 288, 289, 290, 291, 292, 293, 294, 295, 296, 297, 298, 299, 300, 301, 302, 303, 304, 305, 306, 307, 308, 309, 310, 311, 312, 313, 314, 315, 316, 317, 318, 319, 320, 321, 322, 323, 324, 325, 326, 327, 328, 329, 330, 331, 332, 333, 334, 335, 336, 337, 574, 575, 576, 577, 578, 579, 580, 581, 582, 583, 584, 585, 586, 587, 588, 589, 590, 591, 592, 593, 594, 595, 596, 597, 598, 599, 600, 601, 602, 603, 604, 605, 606, 607, 608, 609, 610, 611, 612, 613, 614, 615, 616, 617, 618, 619, 620, 621, 622, 623, 624, 625, 626, 627, 628, 629, 630, 631, 632, 633, 634, 635, 636, 637, 638, 639, 640, 641, 642, 643, 644, 645, 646, 647, 648, 649, 650, 651, 652, 653, 654, 655, 656, 657, 658, 659, 660, 661, 662, 663, 664, 665, 666, 667, 668, 669, 670, 671, 672, 673, 674, 675, 676, 677, 678, 679, 680, 681, 682, 683, 684, 685, 686, 687, 688, 689, 690, 691, 692, 693, 694, 695, 696, 697, 698, 699, 700, 701, 702, 703, 704, 705, 706, 707, 708, 709, 710, 711, 712, 713, 714, 715, 716, 717, 718, 719, 720, 721, 722, 723, 724, 725, 726, 727, 728, 729, 730, 731, 732, 733, 734, 735, 736, 737, 738, 739, 740, 741, 742, 743, 744, 745, 746, 747, 748, 749, 750, 751, 752, 753, 754, 755, 756, 757, 758, 759, 760, 761, 762, 763, 764, 765, 766, 767, 768, 769, 770, 771, 772, 773, 774, 775, 776, 777, 778, 779, 780, 781, 782, 783, 784, 785, 786, 787, 788, 789, 790, 791, 792, 793]","[180, 221, 279, 280, 651, 738, 739]","[158, 206, 235, 269, 280, 630, 676, 699, 728, 739]","[89, 108, 172, 217, 221, 239, 264, 280, 321, 342, 343, 344, 345, 346, 349, 351, 352, 355, 357, 359, 364, 368, 371, 372, 373, 374, 376, 377, 387, 392, 393, 403, 409, 411, 414, 424, 430, 449, 454, 470, 480, 560, 584, 643, 685, 703, 724, 739, 779, 798, 799, 800, 801, 804, 806, 807, 810, 812, 814, 816, 821, 822, 823, 824, 826, 827, 837, 842, 843, 852, 859, 862, 865, 869, 876, 882, 897, 901, 917, 932]","[15, 16, 65, 66, 67, 68, 69, 70, 71, 72, 73, 74, 75, 76, 77, 78, 80, 151, 244, 245, 246, 247, 248, 249, 250, 251, 252, 253, 254, 255, 256, 257, 258, 259, 260, 280, 340, 373, 374, 375, 376, 377, 459, 460, 461, 462, 500, 501, 539, 540, 541, 542, 543, 544, 545, 546, 547, 548, 549, 550, 552, 622, 708, 709, 710, 711, 712, 713, 714, 715, 716, 717, 718, 719, 720, 739, 796, 823, 824, 825, 826, 827, 906, 907, 908, 909]","[15, 16, 65, 66, 67, 68, 69, 70, 71, 72, 73, 74, 75, 76, 80, 151, 245, 246, 247, 248, 249, 250, 251, 252, 253, 254, 255, 256, 257, 258, 259, 280, 340, 373, 374, 375, 376, 377, 459, 460, 461, 462, 500, 501, 539, 540, 541, 542, 543, 544, 545, 546, 547, 548, 549, 550, 552, 622, 708, 709, 710, 711, 712, 713, 714, 715, 716, 717, 718, 719, 720, 739, 796, 823, 824, 825, 826, 827, 906, 907, 908, 909]",7/6 successful match,True,"[160, 161, 162]",True,367,False,,1.0,True,Sacramento 49er ( Pilot # 879 ),Pilot
Sacramento ( 95833 ) Sacramento 49er ( Pilot # 879 ) Pllat,"916-927-4774 I-80 Exit 85 ( W El Camino , 1 mi W of I-5 )",) 24 RS XL 24 HOS,Sacramento,95833,Sacramento 49er ( Pilot # 879 ) Pllat,916-927-4774,2016,Sacramento,CA,Pilot,"( W El Camino , 1 mi W of I-5 )",I-80 Exit 85 ,Exit,85,False,,False,I-80,,,,,"[280, 739]","[280, 739]","[180, 221, 279, 280, 651, 738, 739]","[158, 206, 235, 269, 280, 630, 676, 699, 728, 739]","[103, 104, 105, 106, 107, 108, 109, 110, 111, 112, 113, 114, 115, 116, 117, 118, 119, 120, 121, 122, 123, 124, 125, 126, 127, 128, 129, 130, 131, 132, 133, 134, 135, 136, 137, 138, 139, 140, 141, 142, 143, 144, 145, 146, 147, 148, 149, 150, 151, 152, 153, 154, 155, 156, 157, 158, 159, 160, 161, 162, 163, 164, 165, 166, 167, 168, 169, 170, 171, 172, 173, 174, 175, 176, 177, 178, 179, 180, 181, 182, 183, 184, 185, 186, 187, 188, 189, 190, 191, 192, 193, 194, 195, 196, 197, 198, 199, 200, 201, 202, 203, 204, 205, 206, 207, 208, 209, 210, 211, 212, 213, 214, 215, 216, 217, 218, 219, 220, 221, 222, 223, 224, 225, 226, 227, 228, 229, 230, 231, 232, 233, 234, 235, 236, 237, 238, 239, 240, 241, 242, 243, 244, 245, 246, 247, 248, 249, 250, 251, 252, 253, 254, 255, 256, 257, 258, 259, 260, 261, 262, 263, 264, 265, 266, 267, 268, 269, 270, 271, 272, 273, 274, 275, 276, 277, 278, 279, 280, 281, 282, 283, 284, 285, 286, 287, 288, 289, 290, 291, 292, 293, 294, 295, 296, 297, 298, 299, 300, 301, 302, 303, 304, 305, 306, 307, 308, 309, 310, 311, 312, 313, 314, 315, 316, 317, 318, 319, 320, 321, 322, 323, 324, 325, 326, 327, 328, 329, 330, 331, 332, 333, 334, 335, 336, 337, 574, 575, 576, 577, 578, 579, 580, 581, 582, 583, 584, 585, 586, 587, 588, 589, 590, 591, 592, 593, 594, 595, 596, 597, 598, 599, 600, 601, 602, 603, 604, 605, 606, 607, 608, 609, 610, 611, 612, 613, 614, 615, 616, 617, 618, 619, 620, 621, 622, 623, 624, 625, 626, 627, 628, 629, 630, 631, 632, 633, 634, 635, 636, 637, 638, 639, 640, 641, 642, 643, 644, 645, 646, 647, 648, 649, 650, 651, 652, 653, 654, 655, 656, 657, 658, 659, 660, 661, 662, 663, 664, 665, 666, 667, 668, 669, 670, 671, 672, 673, 674, 675, 676, 677, 678, 679, 680, 681, 682, 683, 684, 685, 686, 687, 688, 689, 690, 691, 692, 693, 694, 695, 696, 697, 698, 699, 700, 701, 702, 703, 704, 705, 706, 707, 708, 709, 710, 711, 712, 713, 714, 715, 716, 717, 718, 719, 720, 721, 722, 723, 724, 725, 726, 727, 728, 729, 730, 731, 732, 733, 734, 735, 736, 737, 738, 739, 740, 741, 742, 743, 744, 745, 746, 747, 748, 749, 750, 751, 752, 753, 754, 755, 756, 757, 758, 759, 760, 761, 762, 763, 764, 765, 766, 767, 768, 769, 770, 771, 772, 773, 774, 775, 776, 777, 778, 779, 780, 781, 782, 783, 784, 785, 786, 787, 788, 789, 790, 791, 792, 793]","[89, 108, 172, 217, 221, 239, 264, 280, 321, 342, 343, 344, 345, 346, 349, 351, 352, 355, 357, 359, 364, 368, 371, 372, 373, 374, 376, 377, 387, 392, 393, 403, 409, 411, 414, 424, 430, 449, 454, 470, 480, 560, 584, 643, 685, 703, 724, 739, 779, 798, 799, 800, 801, 804, 806, 807, 810, 812, 814, 816, 821, 822, 823, 824, 826, 827, 837, 842, 843, 852, 859, 862, 865, 869, 876, 882, 897, 901, 917, 932]","[15, 16, 65, 66, 67, 68, 69, 70, 71, 72, 73, 74, 75, 76, 80, 151, 245, 246, 247, 248, 249, 250, 251, 252, 253, 254, 255, 256, 257, 258, 259, 280, 340, 373, 374, 375, 376, 377, 459, 460, 461, 462, 500, 501, 539, 540, 541, 542, 543, 544, 545, 546, 547, 548, 549, 550, 552, 622, 708, 709, 710, 711, 712, 713, 714, 715, 716, 717, 718, 719, 720, 739, 796, 823, 824, 825, 826, 827, 906, 907, 908, 909]","[15, 16, 65, 66, 67, 68, 69, 70, 71, 72, 73, 74, 75, 76, 77, 78, 80, 151, 244, 245, 246, 247, 248, 249, 250, 251, 252, 253, 254, 255, 256, 257, 258, 259, 260, 280, 340, 373, 374, 375, 376, 377, 459, 460, 461, 462, 500, 501, 539, 540, 541, 542, 543, 544, 545, 546, 547, 548, 549, 550, 552, 622, 708, 709, 710, 711, 712, 713, 714, 715, 716, 717, 718, 719, 720, 739, 796, 823, 824, 825, 826, 827, 906, 907, 908, 909]","[15, 16, 65, 66, 67, 68, 69, 70, 71, 72, 73, 74, 75, 76, 77, 78, 80, 89, 103, 104, 105, 106, 107, 108, 109, 110, 111, 112, 113, 114, 115, 116, 117, 118, 119, 120, 121, 122, 123, 124, 125, 126, 127, 128, 129, 130, 131, 132, 133, 134, 135, 136, 137, 138, 139, 140, 141, 142, 143, 144, 145, 146, 147, 148, 149, 150, 151, 152, 153, 154, 155, 156, 157, 158, 159, 160, 161, 162, 163, 164, 165, 166, 167, 168, 169, 170, 171, 172, 173, 174, 175, 176, 177, 178, 179, 180, 181, 182, 183, 184, 185, 186, 187, 188, 189, 190, 191, 192, 193, 194, 195, 196, 197, 198, 199, 200, 201, 202, 203, 204, 205, 206, 207, 208, 209, 210, 211, 212, 213, 214, 215, 216, 217, 218, 219, 220, 221, 222, 223, 224, 225, 226, 227, 228, 229, 230, 231, 232, 233, 234, 235, 236, 237, 238, 239, 240, 241, 242, 243, 244, 245, 246, 247, 248, 249, 250, 251, 252, 253, 254, 255, 256, 257, 258, 259, 260, 261, 262, 263, 264, 265, 266, 267, 268, 269, 270, 271, 272, 273, 274, 275, 276, 277, 278, 279, 280, 281, 282, 283, 284, 285, 286, 287, 288, 289, 290, 291, 292, 293, 294, 295, 296, 297, 298, 299, 300, 301, 302, 303, 304, 305, 306, 307, 308, 309, 310, 311, 312, 313, 314, 315, 316, 317, 318, 319, 320, 321, 322, 323, 324, 325, 326, 327, 328, 329, 330, 331, 332, 333, 334, 335, 336, 337, 340, 342, 343, 344, 345, 346, 349, 351, 352, 355, 357, 359, 364, 368, 371, 372, 373, 374, 375, 376, 377, 387, 392, 393, 403, 409, 411, 414, 424, 430, 449, 454, 459, 460, 461, 462, 470, 480, 500, 501, 539, 540, 541, 542, 543, 544, 545, 546, 547, 548, 549, 550, 552, 560, 574, 575, 576, 577, 578, 579, 580, 581, 582, 583, 584, 585, 586, 587, 588, 589, 590, 591, 592, 593, 594, 595, 596, 597, 598, 599, 600, 601, 602, 603, 604, 605, 606, 607, 608, 609, 610, 611, 612, 613, 614, 615, 616, 617, 618, 619, 620, 621, 622, 623, 624, 625, 626, 627, 628, 629, 630, 631, 632, 633, 634, 635, 636, 637, 638, 639, 640, 641, 642, 643, 644, 645, 646, 647, 648, 649, 650, 651, 652, 653, 654, 655, 656, 657, 658, 659, 660, 661, 662, 663, 664, 665, 666, 667, 668, 669, 670, 671, 672, 673, 674, 675, 676, 677, 678, 679, 680, 681, 682, 683, 684, 685, 686, 687, 688, 689, 690, 691, 692, 693, 694, 695, 696, 697, 698, 699, 700, 701, 702, 703, 704, 705, 706, 707, 708, 709, 710, 711, 712, 713, 714, 715, 716, 717, 718, 719, 720, 721, 722, 723, 724, 725, 726, 727, 728, 729, 730, 731, 732, 733, 734, 735, 736, 737, 738, 739, 740, 741, 742, 743, 744, 745, 746, 747, 748, 749, 750, 751, 752, 753, 754, 755, 756, 757, 758, 759, 760, 761, 762, 763, 764, 765, 766, 767, 768, 769, 770, 771, 772, 773, 774, 775, 776, 777, 778, 779, 780, 781, 782, 783, 784, 785, 786, 787, 788, 789, 790, 791, 792, 793, 796, 798, 799, 800, 801, 804, 806, 807, 810, 812, 814, 816, 821, 822, 823, 824, 825, 826, 827, 837, 842, 843, 852, 859, 862, 865, 869, 876, 882, 897, 901, 906, 907, 908, 909, 917, 932]",True,"[280, 739]","[103, 104, 105, 106, 107, 108, 109, 110, 111, 112, 113, 114, 115, 116, 117, 118, 119, 120, 121, 122, 123, 124, 125, 126, 127, 128, 129, 130, 131, 132, 133, 134, 135, 136, 137, 138, 139, 140, 141, 142, 143, 144, 145, 146, 147, 148, 149, 150, 151, 152, 153, 154, 155, 156, 157, 158, 159, 160, 161, 162, 163, 164, 165, 166, 167, 168, 169, 170, 171, 172, 173, 174, 175, 176, 177, 178, 179, 180, 181, 182, 183, 184, 185, 186, 187, 188, 189, 190, 191, 192, 193, 194, 195, 196, 197, 198, 199, 200, 201, 202, 203, 204, 205, 206, 207, 208, 209, 210, 211, 212, 213, 214, 215, 216, 217, 218, 219, 220, 221, 222, 223, 224, 225, 226, 227, 228, 229, 230, 231, 232, 233, 234, 235, 236, 237, 238, 239, 240, 241, 242, 243, 244, 245, 246, 247, 248, 249, 250, 251, 252, 253, 254, 255, 256, 257, 258, 259, 260, 261, 262, 263, 264, 265, 266, 267, 268, 269, 270, 271, 272, 273, 274, 275, 276, 277, 278, 279, 280, 281, 282, 283, 284, 285, 286, 287, 288, 289, 290, 291, 292, 293, 294, 295, 296, 297, 298, 299, 300, 301, 302, 303, 304, 305, 306, 307, 308, 309, 310, 311, 312, 313, 314, 315, 316, 317, 318, 319, 320, 321, 322, 323, 324, 325, 326, 327, 328, 329, 330, 331, 332, 333, 334, 335, 336, 337, 574, 575, 576, 577, 578, 579, 580, 581, 582, 583, 584, 585, 586, 587, 588, 589, 590, 591, 592, 593, 594, 595, 596, 597, 598, 599, 600, 601, 602, 603, 604, 605, 606, 607, 608, 609, 610, 611, 612, 613, 614, 615, 616, 617, 618, 619, 620, 621, 622, 623, 624, 625, 626, 627, 628, 629, 630, 631, 632, 633, 634, 635, 636, 637, 638, 639, 640, 641, 642, 643, 644, 645, 646, 647, 648, 649, 650, 651, 652, 653, 654, 655, 656, 657, 658, 659, 660, 661, 662, 663, 664, 665, 666, 667, 668, 669, 670, 671, 672, 673, 674, 675, 676, 677, 678, 679, 680, 681, 682, 683, 684, 685, 686, 687, 688, 689, 690, 691, 692, 693, 694, 695, 696, 697, 698, 699, 700, 701, 702, 703, 704, 705, 706, 707, 708, 709, 710, 711, 712, 713, 714, 715, 716, 717, 718, 719, 720, 721, 722, 723, 724, 725, 726, 727, 728, 729, 730, 731, 732, 733, 734, 735, 736, 737, 738, 739, 740, 741, 742, 743, 744, 745, 746, 747, 748, 749, 750, 751, 752, 753, 754, 755, 756, 757, 758, 759, 760, 761, 762, 763, 764, 765, 766, 767, 768, 769, 770, 771, 772, 773, 774, 775, 776, 777, 778, 779, 780, 781, 782, 783, 784, 785, 786, 787, 788, 789, 790, 791, 792, 793]","[180, 221, 279, 280, 651, 738, 739]","[158, 206, 235, 269, 280, 630, 676, 699, 728, 739]","[89, 108, 172, 217, 221, 239, 264, 280, 321, 342, 343, 344, 345, 346, 349, 351, 352, 355, 357, 359, 364, 368, 371, 372, 373, 374, 376, 377, 387, 392, 393, 403, 409, 411, 414, 424, 430, 449, 454, 470, 480, 560, 584, 643, 685, 703, 724, 739, 779, 798, 799, 800, 801, 804, 806, 807, 810, 812, 814, 816, 821, 822, 823, 824, 826, 827, 837, 842, 843, 852, 859, 862, 865, 869, 876, 882, 897, 901, 917, 932]","[15, 16, 65, 66, 67, 68, 69, 70, 71, 72, 73, 74, 75, 76, 77, 78, 80, 151, 244, 245, 246, 247, 248, 249, 250, 251, 252, 253, 254, 255, 256, 257, 258, 259, 260, 280, 340, 373, 374, 375, 376, 377, 459, 460, 461, 462, 500, 501, 539, 540, 541, 542, 543, 544, 545, 546, 547, 548, 549, 550, 552, 622, 708, 709, 710, 711, 712, 713, 714, 715, 716, 717, 718, 719, 720, 739, 796, 823, 824, 825, 826, 827, 906, 907, 908, 909]","[15, 16, 65, 66, 67, 68, 69, 70, 71, 72, 73, 74, 75, 76, 80, 151, 245, 246, 247, 248, 249, 250, 251, 252, 253, 254, 255, 256, 257, 258, 259, 280, 340, 373, 374, 375, 376, 377, 459, 460, 461, 462, 500, 501, 539, 540, 541, 542, 543, 544, 545, 546, 547, 548, 549, 550, 552, 622, 708, 709, 710, 711, 712, 713, 714, 715, 716, 717, 718, 719, 720, 739, 796, 823, 824, 825, 826, 827, 906, 907, 908, 909]",7/6 successful match,True,"[160, 161, 162]",True,367,False,,1.0,True,Sacramento 49er ( Pilot # 879 ),Pilot
"Dunnigan , 95937 Pilot Travel Center # 168","530-724-3060 I-5 Exit 554 ( CR 8 , SE Corner )",,Dunnigan,95937,Pilot Travel Center # 168,530-724-3060,2006,Dunnigan,CA,Pilot,"( CR 8 , SE Corner )",I-5 Exit 554 ,Exit,554,False,,False,I-5,,,,,"[713, 250]","[250, 713]","[250, 713]","[250, 713]","[103, 104, 105, 106, 107, 108, 109, 110, 111, 112, 113, 114, 115, 116, 117, 118, 119, 120, 121, 122, 123, 124, 125, 126, 127, 128, 129, 130, 131, 132, 133, 134, 135, 136, 137, 138, 139, 140, 141, 142, 143, 144, 145, 146, 147, 148, 149, 150, 151, 152, 153, 154, 155, 156, 157, 158, 159, 160, 161, 162, 163, 164, 165, 166, 167, 168, 169, 170, 171, 172, 173, 174, 175, 176, 177, 178, 179, 180, 181, 182, 183, 184, 185, 186, 187, 188, 189, 190, 191, 192, 193, 194, 195, 196, 197, 198, 199, 200, 201, 202, 203, 204, 205, 206, 207, 208, 209, 210, 211, 212, 213, 214, 215, 216, 217, 218, 219, 220, 221, 222, 223, 224, 225, 226, 227, 228, 229, 230, 231, 232, 233, 234, 235, 236, 237, 238, 239, 240, 241, 242, 243, 244, 245, 246, 247, 248, 249, 250, 251, 252, 253, 254, 255, 256, 257, 258, 259, 260, 261, 262, 263, 264, 265, 266, 267, 268, 269, 270, 271, 272, 273, 274, 275, 276, 277, 278, 279, 280, 281, 282, 283, 284, 285, 286, 287, 288, 289, 290, 291, 292, 293, 294, 295, 296, 297, 298, 299, 300, 301, 302, 303, 304, 305, 306, 307, 308, 309, 310, 311, 312, 313, 314, 315, 316, 317, 318, 319, 320, 321, 322, 323, 324, 325, 326, 327, 328, 329, 330, 331, 332, 333, 334, 335, 336, 337, 574, 575, 576, 577, 578, 579, 580, 581, 582, 583, 584, 585, 586, 587, 588, 589, 590, 591, 592, 593, 594, 595, 596, 597, 598, 599, 600, 601, 602, 603, 604, 605, 606, 607, 608, 609, 610, 611, 612, 613, 614, 615, 616, 617, 618, 619, 620, 621, 622, 623, 624, 625, 626, 627, 628, 629, 630, 631, 632, 633, 634, 635, 636, 637, 638, 639, 640, 641, 642, 643, 644, 645, 646, 647, 648, 649, 650, 651, 652, 653, 654, 655, 656, 657, 658, 659, 660, 661, 662, 663, 664, 665, 666, 667, 668, 669, 670, 671, 672, 673, 674, 675, 676, 677, 678, 679, 680, 681, 682, 683, 684, 685, 686, 687, 688, 689, 690, 691, 692, 693, 694, 695, 696, 697, 698, 699, 700, 701, 702, 703, 704, 705, 706, 707, 708, 709, 710, 711, 712, 713, 714, 715, 716, 717, 718, 719, 720, 721, 722, 723, 724, 725, 726, 727, 728, 729, 730, 731, 732, 733, 734, 735, 736, 737, 738, 739, 740, 741, 742, 743, 744, 745, 746, 747, 748, 749, 750, 751, 752, 753, 754, 755, 756, 757, 758, 759, 760, 761, 762, 763, 764, 765, 766, 767, 768, 769, 770, 771, 772, 773, 774, 775, 776, 777, 778, 779, 780, 781, 782, 783, 784, 785, 786, 787, 788, 789, 790, 791, 792, 793]","[105, 114, 138, 141, 152, 153, 154, 155, 157, 159, 164, 165, 176, 182, 191, 192, 194, 195, 196, 200, 204, 208, 209, 210, 211, 215, 226, 228, 241, 242, 243, 245, 248, 249, 250, 257, 261, 270, 271, 282, 287, 289, 291, 294, 296, 298, 306, 308, 309, 311, 314, 327, 333, 335, 337, 576, 585, 609, 612, 623, 624, 626, 627, 629, 631, 636, 637, 647, 653, 662, 663, 665, 666, 667, 671, 674, 678, 679, 680, 681, 690, 692, 705, 706, 707, 709, 711, 712, 713, 719, 721, 729, 730, 741, 746, 748, 750, 753, 755, 757, 764, 766, 767, 769, 772, 785, 791]","[15, 16, 65, 66, 67, 68, 69, 70, 71, 72, 73, 74, 75, 76, 80, 151, 245, 246, 247, 248, 249, 250, 251, 252, 253, 254, 255, 256, 257, 258, 259, 280, 340, 373, 374, 375, 376, 377, 459, 460, 461, 462, 500, 501, 539, 540, 541, 542, 543, 544, 545, 546, 547, 548, 549, 550, 552, 622, 708, 709, 710, 711, 712, 713, 714, 715, 716, 717, 718, 719, 720, 739, 796, 823, 824, 825, 826, 827, 906, 907, 908, 909]","[15, 16, 65, 66, 67, 68, 69, 70, 71, 72, 73, 74, 75, 76, 77, 78, 80, 151, 244, 245, 246, 247, 248, 249, 250, 251, 252, 253, 254, 255, 256, 257, 258, 259, 260, 280, 340, 373, 374, 375, 376, 377, 459, 460, 461, 462, 500, 501, 539, 540, 541, 542, 543, 544, 545, 546, 547, 548, 549, 550, 552, 622, 708, 709, 710, 711, 712, 713, 714, 715, 716, 717, 718, 719, 720, 739, 796, 823, 824, 825, 826, 827, 906, 907, 908, 909]","[15, 16, 65, 66, 67, 68, 69, 70, 71, 72, 73, 74, 75, 76, 77, 78, 80, 103, 104, 105, 106, 107, 108, 109, 110, 111, 112, 113, 114, 115, 116, 117, 118, 119, 120, 121, 122, 123, 124, 125, 126, 127, 128, 129, 130, 131, 132, 133, 134, 135, 136, 137, 138, 139, 140, 141, 142, 143, 144, 145, 146, 147, 148, 149, 150, 151, 152, 153, 154, 155, 156, 157, 158, 159, 160, 161, 162, 163, 164, 165, 166, 167, 168, 169, 170, 171, 172, 173, 174, 175, 176, 177, 178, 179, 180, 181, 182, 183, 184, 185, 186, 187, 188, 189, 190, 191, 192, 193, 194, 195, 196, 197, 198, 199, 200, 201, 202, 203, 204, 205, 206, 207, 208, 209, 210, 211, 212, 213, 214, 215, 216, 217, 218, 219, 220, 221, 222, 223, 224, 225, 226, 227, 228, 229, 230, 231, 232, 233, 234, 235, 236, 237, 238, 239, 240, 241, 242, 243, 244, 245, 246, 247, 248, 249, 250, 251, 252, 253, 254, 255, 256, 257, 258, 259, 260, 261, 262, 263, 264, 265, 266, 267, 268, 269, 270, 271, 272, 273, 274, 275, 276, 277, 278, 279, 280, 281, 282, 283, 284, 285, 286, 287, 288, 289, 290, 291, 292, 293, 294, 295, 296, 297, 298, 299, 300, 301, 302, 303, 304, 305, 306, 307, 308, 309, 310, 311, 312, 313, 314, 315, 316, 317, 318, 319, 320, 321, 322, 323, 324, 325, 326, 327, 328, 329, 330, 331, 332, 333, 334, 335, 336, 337, 340, 373, 374, 375, 376, 377, 459, 460, 461, 462, 500, 501, 539, 540, 541, 542, 543, 544, 545, 546, 547, 548, 549, 550, 552, 574, 575, 576, 577, 578, 579, 580, 581, 582, 583, 584, 585, 586, 587, 588, 589, 590, 591, 592, 593, 594, 595, 596, 597, 598, 599, 600, 601, 602, 603, 604, 605, 606, 607, 608, 609, 610, 611, 612, 613, 614, 615, 616, 617, 618, 619, 620, 621, 622, 623, 624, 625, 626, 627, 628, 629, 630, 631, 632, 633, 634, 635, 636, 637, 638, 639, 640, 641, 642, 643, 644, 645, 646, 647, 648, 649, 650, 651, 652, 653, 654, 655, 656, 657, 658, 659, 660, 661, 662, 663, 664, 665, 666, 667, 668, 669, 670, 671, 672, 673, 674, 675, 676, 677, 678, 679, 680, 681, 682, 683, 684, 685, 686, 687, 688, 689, 690, 691, 692, 693, 694, 695, 696, 697, 698, 699, 700, 701, 702, 703, 704, 705, 706, 707, 708, 709, 710, 711, 712, 713, 714, 715, 716, 717, 718, 719, 720, 721, 722, 723, 724, 725, 726, 727, 728, 729, 730, 731, 732, 733, 734, 735, 736, 737, 738, 739, 740, 741, 742, 743, 744, 745, 746, 747, 748, 749, 750, 751, 752, 753, 754, 755, 756, 757, 758, 759, 760, 761, 762, 763, 764, 765, 766, 767, 768, 769, 770, 771, 772, 773, 774, 775, 776, 777, 778, 779, 780, 781, 782, 783, 784, 785, 786, 787, 788, 789, 790, 791, 792, 793, 796, 823, 824, 825, 826, 827, 906, 907, 908, 909]",True,"[250, 713]","[103, 104, 105, 106, 107, 108, 109, 110, 111, 112, 113, 114, 115, 116, 117, 118, 119, 120, 121, 122, 123, 124, 125, 126, 127, 128, 129, 130, 131, 132, 133, 134, 135, 136, 137, 138, 139, 140, 141, 142, 143, 144, 145, 146, 147, 148, 149, 150, 151, 152, 153, 154, 155, 156, 157, 158, 159, 160, 161, 162, 163, 164, 165, 166, 167, 168, 169, 170, 171, 172, 173, 174, 175, 176, 177, 178, 179, 180, 181, 182, 183, 184, 185, 186, 187, 188, 189, 190, 191, 192, 193, 194, 195, 196, 197, 198, 199, 200, 201, 202, 203, 204, 205, 206, 207, 208, 209, 210, 211, 212, 213, 214, 215, 216, 217, 218, 219, 220, 221, 222, 223, 224, 225, 226, 227, 228, 229, 230, 231, 232, 233, 234, 235, 236, 237, 238, 239, 240, 241, 242, 243, 244, 245, 246, 247, 248, 249, 250, 251, 252, 253, 254, 255, 256, 257, 258, 259, 260, 261, 262, 263, 264, 265, 266, 267, 268, 269, 270, 271, 272, 273, 274, 275, 276, 277, 278, 279, 280, 281, 282, 283, 284, 285, 286, 287, 288, 289, 290, 291, 292, 293, 294, 295, 296, 297, 298, 299, 300, 301, 302, 303, 304, 305, 306, 307, 308, 309, 310, 311, 312, 313, 314, 315, 316, 317, 318, 319, 320, 321, 322, 323, 324, 325, 326, 327, 328, 329, 330, 331, 332, 333, 334, 335, 336, 337, 574, 575, 576, 577, 578, 579, 580, 581, 582, 583, 584, 585, 586, 587, 588, 589, 590, 591, 592, 593, 594, 595, 596, 597, 598, 599, 600, 601, 602, 603, 604, 605, 606, 607, 608, 609, 610, 611, 612, 613, 614, 615, 616, 617, 618, 619, 620, 621, 622, 623, 624, 625, 626, 627, 628, 629, 630, 631, 632, 633, 634, 635, 636, 637, 638, 639, 640, 641, 642, 643, 644, 645, 646, 647, 648, 649, 650, 651, 652, 653, 654, 655, 656, 657, 658, 659, 660, 661, 662, 663, 664, 665, 666, 667, 668, 669, 670, 671, 672, 673, 674, 675, 676, 677, 678, 679, 680, 681, 682, 683, 684, 685, 686, 687, 688, 689, 690, 691, 692, 693, 694, 695, 696, 697, 698, 699, 700, 701, 702, 703, 704, 705, 706, 707, 708, 709, 710, 711, 712, 713, 714, 715, 716, 717, 718, 719, 720, 721, 722, 723, 724, 725, 726, 727, 728, 729, 730, 731, 732, 733, 734, 735, 736, 737, 738, 739, 740, 741, 742, 743, 744, 745, 746, 747, 748, 749, 750, 751, 752, 753, 754, 755, 756, 757, 758, 759, 760, 761, 762, 763, 764, 765, 766, 767, 768, 769, 770, 771, 772, 773, 774, 775, 776, 777, 778, 779, 780, 781, 782, 783, 784, 785, 786, 787, 788, 789, 790, 791, 792, 793]","[250, 713]","[250, 713]","[105, 114, 138, 141, 152, 153, 154, 155, 157, 159, 164, 165, 176, 182, 191, 192, 194, 195, 196, 200, 204, 208, 209, 210, 211, 215, 226, 228, 241, 242, 243, 245, 248, 249, 250, 257, 261, 270, 271, 282, 287, 289, 291, 294, 296, 298, 306, 308, 309, 311, 314, 327, 333, 335, 337, 576, 585, 609, 612, 623, 624, 626, 627, 629, 631, 636, 637, 647, 653, 662, 663, 665, 666, 667, 671, 674, 678, 679, 680, 681, 690, 692, 705, 706, 707, 709, 711, 712, 713, 719, 721, 729, 730, 741, 746, 748, 750, 753, 755, 757, 764, 766, 767, 769, 772, 785, 791]","[15, 16, 65, 66, 67, 68, 69, 70, 71, 72, 73, 74, 75, 76, 77, 78, 80, 151, 244, 245, 246, 247, 248, 249, 250, 251, 252, 253, 254, 255, 256, 257, 258, 259, 260, 280, 340, 373, 374, 375, 376, 377, 459, 460, 461, 462, 500, 501, 539, 540, 541, 542, 543, 544, 545, 546, 547, 548, 549, 550, 552, 622, 708, 709, 710, 711, 712, 713, 714, 715, 716, 717, 718, 719, 720, 739, 796, 823, 824, 825, 826, 827, 906, 907, 908, 909]","[15, 16, 65, 66, 67, 68, 69, 70, 71, 72, 73, 74, 75, 76, 80, 151, 245, 246, 247, 248, 249, 250, 251, 252, 253, 254, 255, 256, 257, 258, 259, 280, 340, 373, 374, 375, 376, 377, 459, 460, 461, 462, 500, 501, 539, 540, 541, 542, 543, 544, 545, 546, 547, 548, 549, 550, 552, 622, 708, 709, 710, 711, 712, 713, 714, 715, 716, 717, 718, 719, 720, 739, 796, 823, 824, 825, 826, 827, 906, 907, 908, 909]",7/6 successful match,True,"[324, 325]",True,368,False,,,,,
", 95937 Pilot Travel Center # 168","DDunnigan 2530-724-3060 I-5 Exit 554 ( CR 8 , SE Corner )",,,95937,Pilot Travel Center # 168,530-724-3060,2007,Dunnigan,CA,Pilot,"( CR 8 , SE Corner )",I-5 Exit 554 ,Exit,554,False,,False,I-5,,,,,"[713, 250]","[250, 713]","[250, 713]","[250, 713]","[103, 104, 105, 106, 107, 108, 109, 110, 111, 112, 113, 114, 115, 116, 117, 118, 119, 120, 121, 122, 123, 124, 125, 126, 127, 128, 129, 130, 131, 132, 133, 134, 135, 136, 137, 138, 139, 140, 141, 142, 143, 144, 145, 146, 147, 148, 149, 150, 151, 152, 153, 154, 155, 156, 157, 158, 159, 160, 161, 162, 163, 164, 165, 166, 167, 168, 169, 170, 171, 172, 173, 174, 175, 176, 177, 178, 179, 180, 181, 182, 183, 184, 185, 186, 187, 188, 189, 190, 191, 192, 193, 194, 195, 196, 197, 198, 199, 200, 201, 202, 203, 204, 205, 206, 207, 208, 209, 210, 211, 212, 213, 214, 215, 216, 217, 218, 219, 220, 221, 222, 223, 224, 225, 226, 227, 228, 229, 230, 231, 232, 233, 234, 235, 236, 237, 238, 239, 240, 241, 242, 243, 244, 245, 246, 247, 248, 249, 250, 251, 252, 253, 254, 255, 256, 257, 258, 259, 260, 261, 262, 263, 264, 265, 266, 267, 268, 269, 270, 271, 272, 273, 274, 275, 276, 277, 278, 279, 280, 281, 282, 283, 284, 285, 286, 287, 288, 289, 290, 291, 292, 293, 294, 295, 296, 297, 298, 299, 300, 301, 302, 303, 304, 305, 306, 307, 308, 309, 310, 311, 312, 313, 314, 315, 316, 317, 318, 319, 320, 321, 322, 323, 324, 325, 326, 327, 328, 329, 330, 331, 332, 333, 334, 335, 336, 337, 574, 575, 576, 577, 578, 579, 580, 581, 582, 583, 584, 585, 586, 587, 588, 589, 590, 591, 592, 593, 594, 595, 596, 597, 598, 599, 600, 601, 602, 603, 604, 605, 606, 607, 608, 609, 610, 611, 612, 613, 614, 615, 616, 617, 618, 619, 620, 621, 622, 623, 624, 625, 626, 627, 628, 629, 630, 631, 632, 633, 634, 635, 636, 637, 638, 639, 640, 641, 642, 643, 644, 645, 646, 647, 648, 649, 650, 651, 652, 653, 654, 655, 656, 657, 658, 659, 660, 661, 662, 663, 664, 665, 666, 667, 668, 669, 670, 671, 672, 673, 674, 675, 676, 677, 678, 679, 680, 681, 682, 683, 684, 685, 686, 687, 688, 689, 690, 691, 692, 693, 694, 695, 696, 697, 698, 699, 700, 701, 702, 703, 704, 705, 706, 707, 708, 709, 710, 711, 712, 713, 714, 715, 716, 717, 718, 719, 720, 721, 722, 723, 724, 725, 726, 727, 728, 729, 730, 731, 732, 733, 734, 735, 736, 737, 738, 739, 740, 741, 742, 743, 744, 745, 746, 747, 748, 749, 750, 751, 752, 753, 754, 755, 756, 757, 758, 759, 760, 761, 762, 763, 764, 765, 766, 767, 768, 769, 770, 771, 772, 773, 774, 775, 776, 777, 778, 779, 780, 781, 782, 783, 784, 785, 786, 787, 788, 789, 790, 791, 792, 793]","[105, 114, 138, 141, 152, 153, 154, 155, 157, 159, 164, 165, 176, 182, 191, 192, 194, 195, 196, 200, 204, 208, 209, 210, 211, 215, 226, 228, 241, 242, 243, 245, 248, 249, 250, 257, 261, 270, 271, 282, 287, 289, 291, 294, 296, 298, 306, 308, 309, 311, 314, 327, 333, 335, 337, 576, 585, 609, 612, 623, 624, 626, 627, 629, 631, 636, 637, 647, 653, 662, 663, 665, 666, 667, 671, 674, 678, 679, 680, 681, 690, 692, 705, 706, 707, 709, 711, 712, 713, 719, 721, 729, 730, 741, 746, 748, 750, 753, 755, 757, 764, 766, 767, 769, 772, 785, 791]","[15, 16, 65, 66, 67, 68, 69, 70, 71, 72, 73, 74, 75, 76, 80, 151, 245, 246, 247, 248, 249, 250, 251, 252, 253, 254, 255, 256, 257, 258, 259, 280, 340, 373, 374, 375, 376, 377, 459, 460, 461, 462, 500, 501, 539, 540, 541, 542, 543, 544, 545, 546, 547, 548, 549, 550, 552, 622, 708, 709, 710, 711, 712, 713, 714, 715, 716, 717, 718, 719, 720, 739, 796, 823, 824, 825, 826, 827, 906, 907, 908, 909]","[15, 16, 65, 66, 67, 68, 69, 70, 71, 72, 73, 74, 75, 76, 77, 78, 80, 151, 244, 245, 246, 247, 248, 249, 250, 251, 252, 253, 254, 255, 256, 257, 258, 259, 260, 280, 340, 373, 374, 375, 376, 377, 459, 460, 461, 462, 500, 501, 539, 540, 541, 542, 543, 544, 545, 546, 547, 548, 549, 550, 552, 622, 708, 709, 710, 711, 712, 713, 714, 715, 716, 717, 718, 719, 720, 739, 796, 823, 824, 825, 826, 827, 906, 907, 908, 909]","[15, 16, 65, 66, 67, 68, 69, 70, 71, 72, 73, 74, 75, 76, 77, 78, 80, 103, 104, 105, 106, 107, 108, 109, 110, 111, 112, 113, 114, 115, 116, 117, 118, 119, 120, 121, 122, 123, 124, 125, 126, 127, 128, 129, 130, 131, 132, 133, 134, 135, 136, 137, 138, 139, 140, 141, 142, 143, 144, 145, 146, 147, 148, 149, 150, 151, 152, 153, 154, 155, 156, 157, 158, 159, 160, 161, 162, 163, 164, 165, 166, 167, 168, 169, 170, 171, 172, 173, 174, 175, 176, 177, 178, 179, 180, 181, 182, 183, 184, 185, 186, 187, 188, 189, 190, 191, 192, 193, 194, 195, 196, 197, 198, 199, 200, 201, 202, 203, 204, 205, 206, 207, 208, 209, 210, 211, 212, 213, 214, 215, 216, 217, 218, 219, 220, 221, 222, 223, 224, 225, 226, 227, 228, 229, 230, 231, 232, 233, 234, 235, 236, 237, 238, 239, 240, 241, 242, 243, 244, 245, 246, 247, 248, 249, 250, 251, 252, 253, 254, 255, 256, 257, 258, 259, 260, 261, 262, 263, 264, 265, 266, 267, 268, 269, 270, 271, 272, 273, 274, 275, 276, 277, 278, 279, 280, 281, 282, 283, 284, 285, 286, 287, 288, 289, 290, 291, 292, 293, 294, 295, 296, 297, 298, 299, 300, 301, 302, 303, 304, 305, 306, 307, 308, 309, 310, 311, 312, 313, 314, 315, 316, 317, 318, 319, 320, 321, 322, 323, 324, 325, 326, 327, 328, 329, 330, 331, 332, 333, 334, 335, 336, 337, 340, 373, 374, 375, 376, 377, 459, 460, 461, 462, 500, 501, 539, 540, 541, 542, 543, 544, 545, 546, 547, 548, 549, 550, 552, 574, 575, 576, 577, 578, 579, 580, 581, 582, 583, 584, 585, 586, 587, 588, 589, 590, 591, 592, 593, 594, 595, 596, 597, 598, 599, 600, 601, 602, 603, 604, 605, 606, 607, 608, 609, 610, 611, 612, 613, 614, 615, 616, 617, 618, 619, 620, 621, 622, 623, 624, 625, 626, 627, 628, 629, 630, 631, 632, 633, 634, 635, 636, 637, 638, 639, 640, 641, 642, 643, 644, 645, 646, 647, 648, 649, 650, 651, 652, 653, 654, 655, 656, 657, 658, 659, 660, 661, 662, 663, 664, 665, 666, 667, 668, 669, 670, 671, 672, 673, 674, 675, 676, 677, 678, 679, 680, 681, 682, 683, 684, 685, 686, 687, 688, 689, 690, 691, 692, 693, 694, 695, 696, 697, 698, 699, 700, 701, 702, 703, 704, 705, 706, 707, 708, 709, 710, 711, 712, 713, 714, 715, 716, 717, 718, 719, 720, 721, 722, 723, 724, 725, 726, 727, 728, 729, 730, 731, 732, 733, 734, 735, 736, 737, 738, 739, 740, 741, 742, 743, 744, 745, 746, 747, 748, 749, 750, 751, 752, 753, 754, 755, 756, 757, 758, 759, 760, 761, 762, 763, 764, 765, 766, 767, 768, 769, 770, 771, 772, 773, 774, 775, 776, 777, 778, 779, 780, 781, 782, 783, 784, 785, 786, 787, 788, 789, 790, 791, 792, 793, 796, 823, 824, 825, 826, 827, 906, 907, 908, 909]",True,"[250, 713]","[103, 104, 105, 106, 107, 108, 109, 110, 111, 112, 113, 114, 115, 116, 117, 118, 119, 120, 121, 122, 123, 124, 125, 126, 127, 128, 129, 130, 131, 132, 133, 134, 135, 136, 137, 138, 139, 140, 141, 142, 143, 144, 145, 146, 147, 148, 149, 150, 151, 152, 153, 154, 155, 156, 157, 158, 159, 160, 161, 162, 163, 164, 165, 166, 167, 168, 169, 170, 171, 172, 173, 174, 175, 176, 177, 178, 179, 180, 181, 182, 183, 184, 185, 186, 187, 188, 189, 190, 191, 192, 193, 194, 195, 196, 197, 198, 199, 200, 201, 202, 203, 204, 205, 206, 207, 208, 209, 210, 211, 212, 213, 214, 215, 216, 217, 218, 219, 220, 221, 222, 223, 224, 225, 226, 227, 228, 229, 230, 231, 232, 233, 234, 235, 236, 237, 238, 239, 240, 241, 242, 243, 244, 245, 246, 247, 248, 249, 250, 251, 252, 253, 254, 255, 256, 257, 258, 259, 260, 261, 262, 263, 264, 265, 266, 267, 268, 269, 270, 271, 272, 273, 274, 275, 276, 277, 278, 279, 280, 281, 282, 283, 284, 285, 286, 287, 288, 289, 290, 291, 292, 293, 294, 295, 296, 297, 298, 299, 300, 301, 302, 303, 304, 305, 306, 307, 308, 309, 310, 311, 312, 313, 314, 315, 316, 317, 318, 319, 320, 321, 322, 323, 324, 325, 326, 327, 328, 329, 330, 331, 332, 333, 334, 335, 336, 337, 574, 575, 576, 577, 578, 579, 580, 581, 582, 583, 584, 585, 586, 587, 588, 589, 590, 591, 592, 593, 594, 595, 596, 597, 598, 599, 600, 601, 602, 603, 604, 605, 606, 607, 608, 609, 610, 611, 612, 613, 614, 615, 616, 617, 618, 619, 620, 621, 622, 623, 624, 625, 626, 627, 628, 629, 630, 631, 632, 633, 634, 635, 636, 637, 638, 639, 640, 641, 642, 643, 644, 645, 646, 647, 648, 649, 650, 651, 652, 653, 654, 655, 656, 657, 658, 659, 660, 661, 662, 663, 664, 665, 666, 667, 668, 669, 670, 671, 672, 673, 674, 675, 676, 677, 678, 679, 680, 681, 682, 683, 684, 685, 686, 687, 688, 689, 690, 691, 692, 693, 694, 695, 696, 697, 698, 699, 700, 701, 702, 703, 704, 705, 706, 707, 708, 709, 710, 711, 712, 713, 714, 715, 716, 717, 718, 719, 720, 721, 722, 723, 724, 725, 726, 727, 728, 729, 730, 731, 732, 733, 734, 735, 736, 737, 738, 739, 740, 741, 742, 743, 744, 745, 746, 747, 748, 749, 750, 751, 752, 753, 754, 755, 756, 757, 758, 759, 760, 761, 762, 763, 764, 765, 766, 767, 768, 769, 770, 771, 772, 773, 774, 775, 776, 777, 778, 779, 780, 781, 782, 783, 784, 785, 786, 787, 788, 789, 790, 791, 792, 793]","[250, 713]","[250, 713]","[105, 114, 138, 141, 152, 153, 154, 155, 157, 159, 164, 165, 176, 182, 191, 192, 194, 195, 196, 200, 204, 208, 209, 210, 211, 215, 226, 228, 241, 242, 243, 245, 248, 249, 250, 257, 261, 270, 271, 282, 287, 289, 291, 294, 296, 298, 306, 308, 309, 311, 314, 327, 333, 335, 337, 576, 585, 609, 612, 623, 624, 626, 627, 629, 631, 636, 637, 647, 653, 662, 663, 665, 666, 667, 671, 674, 678, 679, 680, 681, 690, 692, 705, 706, 707, 709, 711, 712, 713, 719, 721, 729, 730, 741, 746, 748, 750, 753, 755, 757, 764, 766, 767, 769, 772, 785, 791]","[15, 16, 65, 66, 67, 68, 69, 70, 71, 72, 73, 74, 75, 76, 77, 78, 80, 151, 244, 245, 246, 247, 248, 249, 250, 251, 252, 253, 254, 255, 256, 257, 258, 259, 260, 280, 340, 373, 374, 375, 376, 377, 459, 460, 461, 462, 500, 501, 539, 540, 541, 542, 543, 544, 545, 546, 547, 548, 549, 550, 552, 622, 708, 709, 710, 711, 712, 713, 714, 715, 716, 717, 718, 719, 720, 739, 796, 823, 824, 825, 826, 827, 906, 907, 908, 909]","[15, 16, 65, 66, 67, 68, 69, 70, 71, 72, 73, 74, 75, 76, 80, 151, 245, 246, 247, 248, 249, 250, 251, 252, 253, 254, 255, 256, 257, 258, 259, 280, 340, 373, 374, 375, 376, 377, 459, 460, 461, 462, 500, 501, 539, 540, 541, 542, 543, 544, 545, 546, 547, 548, 549, 550, 552, 622, 708, 709, 710, 711, 712, 713, 714, 715, 716, 717, 718, 719, 720, 739, 796, 823, 824, 825, 826, 827, 906, 907, 908, 909]",7/6 successful match,True,"[324, 325]",True,368,False,,1.0,True,Pilot Travel Center # 168,Pilot
"Dunnigan , 95937 Pilot Travel Center # 168","530-724-3060 I-5 Exit 554 ( CR 8 , SE Corner )",24 HRS L,Dunnigan,95937,Pilot Travel Center # 168,530-724-3060,2008,Dunnigan,CA,Pilot,"( CR 8 , SE Corner )",I-5 Exit 554 ,Exit,554,False,,False,I-5,,,,,"[713, 250]","[250, 713]","[250, 713]","[250, 713]","[103, 104, 105, 106, 107, 108, 109, 110, 111, 112, 113, 114, 115, 116, 117, 118, 119, 120, 121, 122, 123, 124, 125, 126, 127, 128, 129, 130, 131, 132, 133, 134, 135, 136, 137, 138, 139, 140, 141, 142, 143, 144, 145, 146, 147, 148, 149, 150, 151, 152, 153, 154, 155, 156, 157, 158, 159, 160, 161, 162, 163, 164, 165, 166, 167, 168, 169, 170, 171, 172, 173, 174, 175, 176, 177, 178, 179, 180, 181, 182, 183, 184, 185, 186, 187, 188, 189, 190, 191, 192, 193, 194, 195, 196, 197, 198, 199, 200, 201, 202, 203, 204, 205, 206, 207, 208, 209, 210, 211, 212, 213, 214, 215, 216, 217, 218, 219, 220, 221, 222, 223, 224, 225, 226, 227, 228, 229, 230, 231, 232, 233, 234, 235, 236, 237, 238, 239, 240, 241, 242, 243, 244, 245, 246, 247, 248, 249, 250, 251, 252, 253, 254, 255, 256, 257, 258, 259, 260, 261, 262, 263, 264, 265, 266, 267, 268, 269, 270, 271, 272, 273, 274, 275, 276, 277, 278, 279, 280, 281, 282, 283, 284, 285, 286, 287, 288, 289, 290, 291, 292, 293, 294, 295, 296, 297, 298, 299, 300, 301, 302, 303, 304, 305, 306, 307, 308, 309, 310, 311, 312, 313, 314, 315, 316, 317, 318, 319, 320, 321, 322, 323, 324, 325, 326, 327, 328, 329, 330, 331, 332, 333, 334, 335, 336, 337, 574, 575, 576, 577, 578, 579, 580, 581, 582, 583, 584, 585, 586, 587, 588, 589, 590, 591, 592, 593, 594, 595, 596, 597, 598, 599, 600, 601, 602, 603, 604, 605, 606, 607, 608, 609, 610, 611, 612, 613, 614, 615, 616, 617, 618, 619, 620, 621, 622, 623, 624, 625, 626, 627, 628, 629, 630, 631, 632, 633, 634, 635, 636, 637, 638, 639, 640, 641, 642, 643, 644, 645, 646, 647, 648, 649, 650, 651, 652, 653, 654, 655, 656, 657, 658, 659, 660, 661, 662, 663, 664, 665, 666, 667, 668, 669, 670, 671, 672, 673, 674, 675, 676, 677, 678, 679, 680, 681, 682, 683, 684, 685, 686, 687, 688, 689, 690, 691, 692, 693, 694, 695, 696, 697, 698, 699, 700, 701, 702, 703, 704, 705, 706, 707, 708, 709, 710, 711, 712, 713, 714, 715, 716, 717, 718, 719, 720, 721, 722, 723, 724, 725, 726, 727, 728, 729, 730, 731, 732, 733, 734, 735, 736, 737, 738, 739, 740, 741, 742, 743, 744, 745, 746, 747, 748, 749, 750, 751, 752, 753, 754, 755, 756, 757, 758, 759, 760, 761, 762, 763, 764, 765, 766, 767, 768, 769, 770, 771, 772, 773, 774, 775, 776, 777, 778, 779, 780, 781, 782, 783, 784, 785, 786, 787, 788, 789, 790, 791, 792, 793]","[105, 114, 138, 141, 152, 153, 154, 155, 157, 159, 164, 165, 176, 182, 191, 192, 194, 195, 196, 200, 204, 208, 209, 210, 211, 215, 226, 228, 241, 242, 243, 245, 248, 249, 250, 257, 261, 270, 271, 282, 287, 289, 291, 294, 296, 298, 306, 308, 309, 311, 314, 327, 333, 335, 337, 576, 585, 609, 612, 623, 624, 626, 627, 629, 631, 636, 637, 647, 653, 662, 663, 665, 666, 667, 671, 674, 678, 679, 680, 681, 690, 692, 705, 706, 707, 709, 711, 712, 713, 719, 721, 729, 730, 741, 746, 748, 750, 753, 755, 757, 764, 766, 767, 769, 772, 785, 791]","[15, 16, 65, 66, 67, 68, 69, 70, 71, 72, 73, 74, 75, 76, 80, 151, 245, 246, 247, 248, 249, 250, 251, 252, 253, 254, 255, 256, 257, 258, 259, 280, 340, 373, 374, 375, 376, 377, 459, 460, 461, 462, 500, 501, 539, 540, 541, 542, 543, 544, 545, 546, 547, 548, 549, 550, 552, 622, 708, 709, 710, 711, 712, 713, 714, 715, 716, 717, 718, 719, 720, 739, 796, 823, 824, 825, 826, 827, 906, 907, 908, 909]","[15, 16, 65, 66, 67, 68, 69, 70, 71, 72, 73, 74, 75, 76, 77, 78, 80, 151, 244, 245, 246, 247, 248, 249, 250, 251, 252, 253, 254, 255, 256, 257, 258, 259, 260, 280, 340, 373, 374, 375, 376, 377, 459, 460, 461, 462, 500, 501, 539, 540, 541, 542, 543, 544, 545, 546, 547, 548, 549, 550, 552, 622, 708, 709, 710, 711, 712, 713, 714, 715, 716, 717, 718, 719, 720, 739, 796, 823, 824, 825, 826, 827, 906, 907, 908, 909]","[15, 16, 65, 66, 67, 68, 69, 70, 71, 72, 73, 74, 75, 76, 77, 78, 80, 103, 104, 105, 106, 107, 108, 109, 110, 111, 112, 113, 114, 115, 116, 117, 118, 119, 120, 121, 122, 123, 124, 125, 126, 127, 128, 129, 130, 131, 132, 133, 134, 135, 136, 137, 138, 139, 140, 141, 142, 143, 144, 145, 146, 147, 148, 149, 150, 151, 152, 153, 154, 155, 156, 157, 158, 159, 160, 161, 162, 163, 164, 165, 166, 167, 168, 169, 170, 171, 172, 173, 174, 175, 176, 177, 178, 179, 180, 181, 182, 183, 184, 185, 186, 187, 188, 189, 190, 191, 192, 193, 194, 195, 196, 197, 198, 199, 200, 201, 202, 203, 204, 205, 206, 207, 208, 209, 210, 211, 212, 213, 214, 215, 216, 217, 218, 219, 220, 221, 222, 223, 224, 225, 226, 227, 228, 229, 230, 231, 232, 233, 234, 235, 236, 237, 238, 239, 240, 241, 242, 243, 244, 245, 246, 247, 248, 249, 250, 251, 252, 253, 254, 255, 256, 257, 258, 259, 260, 261, 262, 263, 264, 265, 266, 267, 268, 269, 270, 271, 272, 273, 274, 275, 276, 277, 278, 279, 280, 281, 282, 283, 284, 285, 286, 287, 288, 289, 290, 291, 292, 293, 294, 295, 296, 297, 298, 299, 300, 301, 302, 303, 304, 305, 306, 307, 308, 309, 310, 311, 312, 313, 314, 315, 316, 317, 318, 319, 320, 321, 322, 323, 324, 325, 326, 327, 328, 329, 330, 331, 332, 333, 334, 335, 336, 337, 340, 373, 374, 375, 376, 377, 459, 460, 461, 462, 500, 501, 539, 540, 541, 542, 543, 544, 545, 546, 547, 548, 549, 550, 552, 574, 575, 576, 577, 578, 579, 580, 581, 582, 583, 584, 585, 586, 587, 588, 589, 590, 591, 592, 593, 594, 595, 596, 597, 598, 599, 600, 601, 602, 603, 604, 605, 606, 607, 608, 609, 610, 611, 612, 613, 614, 615, 616, 617, 618, 619, 620, 621, 622, 623, 624, 625, 626, 627, 628, 629, 630, 631, 632, 633, 634, 635, 636, 637, 638, 639, 640, 641, 642, 643, 644, 645, 646, 647, 648, 649, 650, 651, 652, 653, 654, 655, 656, 657, 658, 659, 660, 661, 662, 663, 664, 665, 666, 667, 668, 669, 670, 671, 672, 673, 674, 675, 676, 677, 678, 679, 680, 681, 682, 683, 684, 685, 686, 687, 688, 689, 690, 691, 692, 693, 694, 695, 696, 697, 698, 699, 700, 701, 702, 703, 704, 705, 706, 707, 708, 709, 710, 711, 712, 713, 714, 715, 716, 717, 718, 719, 720, 721, 722, 723, 724, 725, 726, 727, 728, 729, 730, 731, 732, 733, 734, 735, 736, 737, 738, 739, 740, 741, 742, 743, 744, 745, 746, 747, 748, 749, 750, 751, 752, 753, 754, 755, 756, 757, 758, 759, 760, 761, 762, 763, 764, 765, 766, 767, 768, 769, 770, 771, 772, 773, 774, 775, 776, 777, 778, 779, 780, 781, 782, 783, 784, 785, 786, 787, 788, 789, 790, 791, 792, 793, 796, 823, 824, 825, 826, 827, 906, 907, 908, 909]",True,"[250, 713]","[103, 104, 105, 106, 107, 108, 109, 110, 111, 112, 113, 114, 115, 116, 117, 118, 119, 120, 121, 122, 123, 124, 125, 126, 127, 128, 129, 130, 131, 132, 133, 134, 135, 136, 137, 138, 139, 140, 141, 142, 143, 144, 145, 146, 147, 148, 149, 150, 151, 152, 153, 154, 155, 156, 157, 158, 159, 160, 161, 162, 163, 164, 165, 166, 167, 168, 169, 170, 171, 172, 173, 174, 175, 176, 177, 178, 179, 180, 181, 182, 183, 184, 185, 186, 187, 188, 189, 190, 191, 192, 193, 194, 195, 196, 197, 198, 199, 200, 201, 202, 203, 204, 205, 206, 207, 208, 209, 210, 211, 212, 213, 214, 215, 216, 217, 218, 219, 220, 221, 222, 223, 224, 225, 226, 227, 228, 229, 230, 231, 232, 233, 234, 235, 236, 237, 238, 239, 240, 241, 242, 243, 244, 245, 246, 247, 248, 249, 250, 251, 252, 253, 254, 255, 256, 257, 258, 259, 260, 261, 262, 263, 264, 265, 266, 267, 268, 269, 270, 271, 272, 273, 274, 275, 276, 277, 278, 279, 280, 281, 282, 283, 284, 285, 286, 287, 288, 289, 290, 291, 292, 293, 294, 295, 296, 297, 298, 299, 300, 301, 302, 303, 304, 305, 306, 307, 308, 309, 310, 311, 312, 313, 314, 315, 316, 317, 318, 319, 320, 321, 322, 323, 324, 325, 326, 327, 328, 329, 330, 331, 332, 333, 334, 335, 336, 337, 574, 575, 576, 577, 578, 579, 580, 581, 582, 583, 584, 585, 586, 587, 588, 589, 590, 591, 592, 593, 594, 595, 596, 597, 598, 599, 600, 601, 602, 603, 604, 605, 606, 607, 608, 609, 610, 611, 612, 613, 614, 615, 616, 617, 618, 619, 620, 621, 622, 623, 624, 625, 626, 627, 628, 629, 630, 631, 632, 633, 634, 635, 636, 637, 638, 639, 640, 641, 642, 643, 644, 645, 646, 647, 648, 649, 650, 651, 652, 653, 654, 655, 656, 657, 658, 659, 660, 661, 662, 663, 664, 665, 666, 667, 668, 669, 670, 671, 672, 673, 674, 675, 676, 677, 678, 679, 680, 681, 682, 683, 684, 685, 686, 687, 688, 689, 690, 691, 692, 693, 694, 695, 696, 697, 698, 699, 700, 701, 702, 703, 704, 705, 706, 707, 708, 709, 710, 711, 712, 713, 714, 715, 716, 717, 718, 719, 720, 721, 722, 723, 724, 725, 726, 727, 728, 729, 730, 731, 732, 733, 734, 735, 736, 737, 738, 739, 740, 741, 742, 743, 744, 745, 746, 747, 748, 749, 750, 751, 752, 753, 754, 755, 756, 757, 758, 759, 760, 761, 762, 763, 764, 765, 766, 767, 768, 769, 770, 771, 772, 773, 774, 775, 776, 777, 778, 779, 780, 781, 782, 783, 784, 785, 786, 787, 788, 789, 790, 791, 792, 793]","[250, 713]","[250, 713]","[105, 114, 138, 141, 152, 153, 154, 155, 157, 159, 164, 165, 176, 182, 191, 192, 194, 195, 196, 200, 204, 208, 209, 210, 211, 215, 226, 228, 241, 242, 243, 245, 248, 249, 250, 257, 261, 270, 271, 282, 287, 289, 291, 294, 296, 298, 306, 308, 309, 311, 314, 327, 333, 335, 337, 576, 585, 609, 612, 623, 624, 626, 627, 629, 631, 636, 637, 647, 653, 662, 663, 665, 666, 667, 671, 674, 678, 679, 680, 681, 690, 692, 705, 706, 707, 709, 711, 712, 713, 719, 721, 729, 730, 741, 746, 748, 750, 753, 755, 757, 764, 766, 767, 769, 772, 785, 791]","[15, 16, 65, 66, 67, 68, 69, 70, 71, 72, 73, 74, 75, 76, 77, 78, 80, 151, 244, 245, 246, 247, 248, 249, 250, 251, 252, 253, 254, 255, 256, 257, 258, 259, 260, 280, 340, 373, 374, 375, 376, 377, 459, 460, 461, 462, 500, 501, 539, 540, 541, 542, 543, 544, 545, 546, 547, 548, 549, 550, 552, 622, 708, 709, 710, 711, 712, 713, 714, 715, 716, 717, 718, 719, 720, 739, 796, 823, 824, 825, 826, 827, 906, 907, 908, 909]","[15, 16, 65, 66, 67, 68, 69, 70, 71, 72, 73, 74, 75, 76, 80, 151, 245, 246, 247, 248, 249, 250, 251, 252, 253, 254, 255, 256, 257, 258, 259, 280, 340, 373, 374, 375, 376, 377, 459, 460, 461, 462, 500, 501, 539, 540, 541, 542, 543, 544, 545, 546, 547, 548, 549, 550, 552, 622, 708, 709, 710, 711, 712, 713, 714, 715, 716, 717, 718, 719, 720, 739, 796, 823, 824, 825, 826, 827, 906, 907, 908, 909]",7/6 successful match,True,"[324, 325]",True,368,False,,1.0,True,Pilot Travel Center # 168,Pilot
D Dunnigan ( 95937 ) Pilot Travel Center # 168,530-724-3060 I-5 Exit 554 ( CR 8 E ),Plat 24,Dunnigan,95937,Pilot Travel Center # 168,530-724-3060,2014,Dunnigan,CA,Pilot,( CR 8 E ),I-5 Exit 554 ,Exit,554,False,,False,I-5,,,,,"[713, 250]","[250, 713]","[250, 713]","[250, 713]","[103, 104, 105, 106, 107, 108, 109, 110, 111, 112, 113, 114, 115, 116, 117, 118, 119, 120, 121, 122, 123, 124, 125, 126, 127, 128, 129, 130, 131, 132, 133, 134, 135, 136, 137, 138, 139, 140, 141, 142, 143, 144, 145, 146, 147, 148, 149, 150, 151, 152, 153, 154, 155, 156, 157, 158, 159, 160, 161, 162, 163, 164, 165, 166, 167, 168, 169, 170, 171, 172, 173, 174, 175, 176, 177, 178, 179, 180, 181, 182, 183, 184, 185, 186, 187, 188, 189, 190, 191, 192, 193, 194, 195, 196, 197, 198, 199, 200, 201, 202, 203, 204, 205, 206, 207, 208, 209, 210, 211, 212, 213, 214, 215, 216, 217, 218, 219, 220, 221, 222, 223, 224, 225, 226, 227, 228, 229, 230, 231, 232, 233, 234, 235, 236, 237, 238, 239, 240, 241, 242, 243, 244, 245, 246, 247, 248, 249, 250, 251, 252, 253, 254, 255, 256, 257, 258, 259, 260, 261, 262, 263, 264, 265, 266, 267, 268, 269, 270, 271, 272, 273, 274, 275, 276, 277, 278, 279, 280, 281, 282, 283, 284, 285, 286, 287, 288, 289, 290, 291, 292, 293, 294, 295, 296, 297, 298, 299, 300, 301, 302, 303, 304, 305, 306, 307, 308, 309, 310, 311, 312, 313, 314, 315, 316, 317, 318, 319, 320, 321, 322, 323, 324, 325, 326, 327, 328, 329, 330, 331, 332, 333, 334, 335, 336, 337, 574, 575, 576, 577, 578, 579, 580, 581, 582, 583, 584, 585, 586, 587, 588, 589, 590, 591, 592, 593, 594, 595, 596, 597, 598, 599, 600, 601, 602, 603, 604, 605, 606, 607, 608, 609, 610, 611, 612, 613, 614, 615, 616, 617, 618, 619, 620, 621, 622, 623, 624, 625, 626, 627, 628, 629, 630, 631, 632, 633, 634, 635, 636, 637, 638, 639, 640, 641, 642, 643, 644, 645, 646, 647, 648, 649, 650, 651, 652, 653, 654, 655, 656, 657, 658, 659, 660, 661, 662, 663, 664, 665, 666, 667, 668, 669, 670, 671, 672, 673, 674, 675, 676, 677, 678, 679, 680, 681, 682, 683, 684, 685, 686, 687, 688, 689, 690, 691, 692, 693, 694, 695, 696, 697, 698, 699, 700, 701, 702, 703, 704, 705, 706, 707, 708, 709, 710, 711, 712, 713, 714, 715, 716, 717, 718, 719, 720, 721, 722, 723, 724, 725, 726, 727, 728, 729, 730, 731, 732, 733, 734, 735, 736, 737, 738, 739, 740, 741, 742, 743, 744, 745, 746, 747, 748, 749, 750, 751, 752, 753, 754, 755, 756, 757, 758, 759, 760, 761, 762, 763, 764, 765, 766, 767, 768, 769, 770, 771, 772, 773, 774, 775, 776, 777, 778, 779, 780, 781, 782, 783, 784, 785, 786, 787, 788, 789, 790, 791, 792, 793]","[105, 114, 138, 141, 152, 153, 154, 155, 157, 159, 164, 165, 176, 182, 191, 192, 194, 195, 196, 200, 204, 208, 209, 210, 211, 215, 226, 228, 241, 242, 243, 245, 248, 249, 250, 257, 261, 270, 271, 282, 287, 289, 291, 294, 296, 298, 306, 308, 309, 311, 314, 327, 333, 335, 337, 576, 585, 609, 612, 623, 624, 626, 627, 629, 631, 636, 637, 647, 653, 662, 663, 665, 666, 667, 671, 674, 678, 679, 680, 681, 690, 692, 705, 706, 707, 709, 711, 712, 713, 719, 721, 729, 730, 741, 746, 748, 750, 753, 755, 757, 764, 766, 767, 769, 772, 785, 791]","[15, 16, 65, 66, 67, 68, 69, 70, 71, 72, 73, 74, 75, 76, 80, 151, 245, 246, 247, 248, 249, 250, 251, 252, 253, 254, 255, 256, 257, 258, 259, 280, 340, 373, 374, 375, 376, 377, 459, 460, 461, 462, 500, 501, 539, 540, 541, 542, 543, 544, 545, 546, 547, 548, 549, 550, 552, 622, 708, 709, 710, 711, 712, 713, 714, 715, 716, 717, 718, 719, 720, 739, 796, 823, 824, 825, 826, 827, 906, 907, 908, 909]","[15, 16, 65, 66, 67, 68, 69, 70, 71, 72, 73, 74, 75, 76, 77, 78, 80, 151, 244, 245, 246, 247, 248, 249, 250, 251, 252, 253, 254, 255, 256, 257, 258, 259, 260, 280, 340, 373, 374, 375, 376, 377, 459, 460, 461, 462, 500, 501, 539, 540, 541, 542, 543, 544, 545, 546, 547, 548, 549, 550, 552, 622, 708, 709, 710, 711, 712, 713, 714, 715, 716, 717, 718, 719, 720, 739, 796, 823, 824, 825, 826, 827, 906, 907, 908, 909]","[15, 16, 65, 66, 67, 68, 69, 70, 71, 72, 73, 74, 75, 76, 77, 78, 80, 103, 104, 105, 106, 107, 108, 109, 110, 111, 112, 113, 114, 115, 116, 117, 118, 119, 120, 121, 122, 123, 124, 125, 126, 127, 128, 129, 130, 131, 132, 133, 134, 135, 136, 137, 138, 139, 140, 141, 142, 143, 144, 145, 146, 147, 148, 149, 150, 151, 152, 153, 154, 155, 156, 157, 158, 159, 160, 161, 162, 163, 164, 165, 166, 167, 168, 169, 170, 171, 172, 173, 174, 175, 176, 177, 178, 179, 180, 181, 182, 183, 184, 185, 186, 187, 188, 189, 190, 191, 192, 193, 194, 195, 196, 197, 198, 199, 200, 201, 202, 203, 204, 205, 206, 207, 208, 209, 210, 211, 212, 213, 214, 215, 216, 217, 218, 219, 220, 221, 222, 223, 224, 225, 226, 227, 228, 229, 230, 231, 232, 233, 234, 235, 236, 237, 238, 239, 240, 241, 242, 243, 244, 245, 246, 247, 248, 249, 250, 251, 252, 253, 254, 255, 256, 257, 258, 259, 260, 261, 262, 263, 264, 265, 266, 267, 268, 269, 270, 271, 272, 273, 274, 275, 276, 277, 278, 279, 280, 281, 282, 283, 284, 285, 286, 287, 288, 289, 290, 291, 292, 293, 294, 295, 296, 297, 298, 299, 300, 301, 302, 303, 304, 305, 306, 307, 308, 309, 310, 311, 312, 313, 314, 315, 316, 317, 318, 319, 320, 321, 322, 323, 324, 325, 326, 327, 328, 329, 330, 331, 332, 333, 334, 335, 336, 337, 340, 373, 374, 375, 376, 377, 459, 460, 461, 462, 500, 501, 539, 540, 541, 542, 543, 544, 545, 546, 547, 548, 549, 550, 552, 574, 575, 576, 577, 578, 579, 580, 581, 582, 583, 584, 585, 586, 587, 588, 589, 590, 591, 592, 593, 594, 595, 596, 597, 598, 599, 600, 601, 602, 603, 604, 605, 606, 607, 608, 609, 610, 611, 612, 613, 614, 615, 616, 617, 618, 619, 620, 621, 622, 623, 624, 625, 626, 627, 628, 629, 630, 631, 632, 633, 634, 635, 636, 637, 638, 639, 640, 641, 642, 643, 644, 645, 646, 647, 648, 649, 650, 651, 652, 653, 654, 655, 656, 657, 658, 659, 660, 661, 662, 663, 664, 665, 666, 667, 668, 669, 670, 671, 672, 673, 674, 675, 676, 677, 678, 679, 680, 681, 682, 683, 684, 685, 686, 687, 688, 689, 690, 691, 692, 693, 694, 695, 696, 697, 698, 699, 700, 701, 702, 703, 704, 705, 706, 707, 708, 709, 710, 711, 712, 713, 714, 715, 716, 717, 718, 719, 720, 721, 722, 723, 724, 725, 726, 727, 728, 729, 730, 731, 732, 733, 734, 735, 736, 737, 738, 739, 740, 741, 742, 743, 744, 745, 746, 747, 748, 749, 750, 751, 752, 753, 754, 755, 756, 757, 758, 759, 760, 761, 762, 763, 764, 765, 766, 767, 768, 769, 770, 771, 772, 773, 774, 775, 776, 777, 778, 779, 780, 781, 782, 783, 784, 785, 786, 787, 788, 789, 790, 791, 792, 793, 796, 823, 824, 825, 826, 827, 906, 907, 908, 909]",True,"[250, 713]","[103, 104, 105, 106, 107, 108, 109, 110, 111, 112, 113, 114, 115, 116, 117, 118, 119, 120, 121, 122, 123, 124, 125, 126, 127, 128, 129, 130, 131, 132, 133, 134, 135, 136, 137, 138, 139, 140, 141, 142, 143, 144, 145, 146, 147, 148, 149, 150, 151, 152, 153, 154, 155, 156, 157, 158, 159, 160, 161, 162, 163, 164, 165, 166, 167, 168, 169, 170, 171, 172, 173, 174, 175, 176, 177, 178, 179, 180, 181, 182, 183, 184, 185, 186, 187, 188, 189, 190, 191, 192, 193, 194, 195, 196, 197, 198, 199, 200, 201, 202, 203, 204, 205, 206, 207, 208, 209, 210, 211, 212, 213, 214, 215, 216, 217, 218, 219, 220, 221, 222, 223, 224, 225, 226, 227, 228, 229, 230, 231, 232, 233, 234, 235, 236, 237, 238, 239, 240, 241, 242, 243, 244, 245, 246, 247, 248, 249, 250, 251, 252, 253, 254, 255, 256, 257, 258, 259, 260, 261, 262, 263, 264, 265, 266, 267, 268, 269, 270, 271, 272, 273, 274, 275, 276, 277, 278, 279, 280, 281, 282, 283, 284, 285, 286, 287, 288, 289, 290, 291, 292, 293, 294, 295, 296, 297, 298, 299, 300, 301, 302, 303, 304, 305, 306, 307, 308, 309, 310, 311, 312, 313, 314, 315, 316, 317, 318, 319, 320, 321, 322, 323, 324, 325, 326, 327, 328, 329, 330, 331, 332, 333, 334, 335, 336, 337, 574, 575, 576, 577, 578, 579, 580, 581, 582, 583, 584, 585, 586, 587, 588, 589, 590, 591, 592, 593, 594, 595, 596, 597, 598, 599, 600, 601, 602, 603, 604, 605, 606, 607, 608, 609, 610, 611, 612, 613, 614, 615, 616, 617, 618, 619, 620, 621, 622, 623, 624, 625, 626, 627, 628, 629, 630, 631, 632, 633, 634, 635, 636, 637, 638, 639, 640, 641, 642, 643, 644, 645, 646, 647, 648, 649, 650, 651, 652, 653, 654, 655, 656, 657, 658, 659, 660, 661, 662, 663, 664, 665, 666, 667, 668, 669, 670, 671, 672, 673, 674, 675, 676, 677, 678, 679, 680, 681, 682, 683, 684, 685, 686, 687, 688, 689, 690, 691, 692, 693, 694, 695, 696, 697, 698, 699, 700, 701, 702, 703, 704, 705, 706, 707, 708, 709, 710, 711, 712, 713, 714, 715, 716, 717, 718, 719, 720, 721, 722, 723, 724, 725, 726, 727, 728, 729, 730, 731, 732, 733, 734, 735, 736, 737, 738, 739, 740, 741, 742, 743, 744, 745, 746, 747, 748, 749, 750, 751, 752, 753, 754, 755, 756, 757, 758, 759, 760, 761, 762, 763, 764, 765, 766, 767, 768, 769, 770, 771, 772, 773, 774, 775, 776, 777, 778, 779, 780, 781, 782, 783, 784, 785, 786, 787, 788, 789, 790, 791, 792, 793]","[250, 713]","[250, 713]","[105, 114, 138, 141, 152, 153, 154, 155, 157, 159, 164, 165, 176, 182, 191, 192, 194, 195, 196, 200, 204, 208, 209, 210, 211, 215, 226, 228, 241, 242, 243, 245, 248, 249, 250, 257, 261, 270, 271, 282, 287, 289, 291, 294, 296, 298, 306, 308, 309, 311, 314, 327, 333, 335, 337, 576, 585, 609, 612, 623, 624, 626, 627, 629, 631, 636, 637, 647, 653, 662, 663, 665, 666, 667, 671, 674, 678, 679, 680, 681, 690, 692, 705, 706, 707, 709, 711, 712, 713, 719, 721, 729, 730, 741, 746, 748, 750, 753, 755, 757, 764, 766, 767, 769, 772, 785, 791]","[15, 16, 65, 66, 67, 68, 69, 70, 71, 72, 73, 74, 75, 76, 77, 78, 80, 151, 244, 245, 246, 247, 248, 249, 250, 251, 252, 253, 254, 255, 256, 257, 258, 259, 260, 280, 340, 373, 374, 375, 376, 377, 459, 460, 461, 462, 500, 501, 539, 540, 541, 542, 543, 544, 545, 546, 547, 548, 549, 550, 552, 622, 708, 709, 710, 711, 712, 713, 714, 715, 716, 717, 718, 719, 720, 739, 796, 823, 824, 825, 826, 827, 906, 907, 908, 909]","[15, 16, 65, 66, 67, 68, 69, 70, 71, 72, 73, 74, 75, 76, 80, 151, 245, 246, 247, 248, 249, 250, 251, 252, 253, 254, 255, 256, 257, 258, 259, 280, 340, 373, 374, 375, 376, 377, 459, 460, 461, 462, 500, 501, 539, 540, 541, 542, 543, 544, 545, 546, 547, 548, 549, 550, 552, 622, 708, 709, 710, 711, 712, 713, 714, 715, 716, 717, 718, 719, 720, 739, 796, 823, 824, 825, 826, 827, 906, 907, 908, 909]",7/6 successful match,True,"[324, 325]",True,368,False,,1.0,True,Pilot Travel Center # 168,Pilot
D Dunnigan ( 95937 ) Pilot Travel Center # 168,530-724-3060 I-5 Exit 554 ( CR8E ),pilot 24 XL,Dunnigan,95937,Pilot Travel Center # 168,530-724-3060,2015,Dunnigan,CA,Pilot,( CR8E ),I-5 Exit 554 ,Exit,554,False,,False,I-5,,,,,"[713, 250]","[250, 713]","[250, 713]","[250, 713]","[103, 104, 105, 106, 107, 108, 109, 110, 111, 112, 113, 114, 115, 116, 117, 118, 119, 120, 121, 122, 123, 124, 125, 126, 127, 128, 129, 130, 131, 132, 133, 134, 135, 136, 137, 138, 139, 140, 141, 142, 143, 144, 145, 146, 147, 148, 149, 150, 151, 152, 153, 154, 155, 156, 157, 158, 159, 160, 161, 162, 163, 164, 165, 166, 167, 168, 169, 170, 171, 172, 173, 174, 175, 176, 177, 178, 179, 180, 181, 182, 183, 184, 185, 186, 187, 188, 189, 190, 191, 192, 193, 194, 195, 196, 197, 198, 199, 200, 201, 202, 203, 204, 205, 206, 207, 208, 209, 210, 211, 212, 213, 214, 215, 216, 217, 218, 219, 220, 221, 222, 223, 224, 225, 226, 227, 228, 229, 230, 231, 232, 233, 234, 235, 236, 237, 238, 239, 240, 241, 242, 243, 244, 245, 246, 247, 248, 249, 250, 251, 252, 253, 254, 255, 256, 257, 258, 259, 260, 261, 262, 263, 264, 265, 266, 267, 268, 269, 270, 271, 272, 273, 274, 275, 276, 277, 278, 279, 280, 281, 282, 283, 284, 285, 286, 287, 288, 289, 290, 291, 292, 293, 294, 295, 296, 297, 298, 299, 300, 301, 302, 303, 304, 305, 306, 307, 308, 309, 310, 311, 312, 313, 314, 315, 316, 317, 318, 319, 320, 321, 322, 323, 324, 325, 326, 327, 328, 329, 330, 331, 332, 333, 334, 335, 336, 337, 574, 575, 576, 577, 578, 579, 580, 581, 582, 583, 584, 585, 586, 587, 588, 589, 590, 591, 592, 593, 594, 595, 596, 597, 598, 599, 600, 601, 602, 603, 604, 605, 606, 607, 608, 609, 610, 611, 612, 613, 614, 615, 616, 617, 618, 619, 620, 621, 622, 623, 624, 625, 626, 627, 628, 629, 630, 631, 632, 633, 634, 635, 636, 637, 638, 639, 640, 641, 642, 643, 644, 645, 646, 647, 648, 649, 650, 651, 652, 653, 654, 655, 656, 657, 658, 659, 660, 661, 662, 663, 664, 665, 666, 667, 668, 669, 670, 671, 672, 673, 674, 675, 676, 677, 678, 679, 680, 681, 682, 683, 684, 685, 686, 687, 688, 689, 690, 691, 692, 693, 694, 695, 696, 697, 698, 699, 700, 701, 702, 703, 704, 705, 706, 707, 708, 709, 710, 711, 712, 713, 714, 715, 716, 717, 718, 719, 720, 721, 722, 723, 724, 725, 726, 727, 728, 729, 730, 731, 732, 733, 734, 735, 736, 737, 738, 739, 740, 741, 742, 743, 744, 745, 746, 747, 748, 749, 750, 751, 752, 753, 754, 755, 756, 757, 758, 759, 760, 761, 762, 763, 764, 765, 766, 767, 768, 769, 770, 771, 772, 773, 774, 775, 776, 777, 778, 779, 780, 781, 782, 783, 784, 785, 786, 787, 788, 789, 790, 791, 792, 793]","[105, 114, 138, 141, 152, 153, 154, 155, 157, 159, 164, 165, 176, 182, 191, 192, 194, 195, 196, 200, 204, 208, 209, 210, 211, 215, 226, 228, 241, 242, 243, 245, 248, 249, 250, 257, 261, 270, 271, 282, 287, 289, 291, 294, 296, 298, 306, 308, 309, 311, 314, 327, 333, 335, 337, 576, 585, 609, 612, 623, 624, 626, 627, 629, 631, 636, 637, 647, 653, 662, 663, 665, 666, 667, 671, 674, 678, 679, 680, 681, 690, 692, 705, 706, 707, 709, 711, 712, 713, 719, 721, 729, 730, 741, 746, 748, 750, 753, 755, 757, 764, 766, 767, 769, 772, 785, 791]","[15, 16, 65, 66, 67, 68, 69, 70, 71, 72, 73, 74, 75, 76, 80, 151, 245, 246, 247, 248, 249, 250, 251, 252, 253, 254, 255, 256, 257, 258, 259, 280, 340, 373, 374, 375, 376, 377, 459, 460, 461, 462, 500, 501, 539, 540, 541, 542, 543, 544, 545, 546, 547, 548, 549, 550, 552, 622, 708, 709, 710, 711, 712, 713, 714, 715, 716, 717, 718, 719, 720, 739, 796, 823, 824, 825, 826, 827, 906, 907, 908, 909]","[15, 16, 65, 66, 67, 68, 69, 70, 71, 72, 73, 74, 75, 76, 77, 78, 80, 151, 244, 245, 246, 247, 248, 249, 250, 251, 252, 253, 254, 255, 256, 257, 258, 259, 260, 280, 340, 373, 374, 375, 376, 377, 459, 460, 461, 462, 500, 501, 539, 540, 541, 542, 543, 544, 545, 546, 547, 548, 549, 550, 552, 622, 708, 709, 710, 711, 712, 713, 714, 715, 716, 717, 718, 719, 720, 739, 796, 823, 824, 825, 826, 827, 906, 907, 908, 909]","[15, 16, 65, 66, 67, 68, 69, 70, 71, 72, 73, 74, 75, 76, 77, 78, 80, 103, 104, 105, 106, 107, 108, 109, 110, 111, 112, 113, 114, 115, 116, 117, 118, 119, 120, 121, 122, 123, 124, 125, 126, 127, 128, 129, 130, 131, 132, 133, 134, 135, 136, 137, 138, 139, 140, 141, 142, 143, 144, 145, 146, 147, 148, 149, 150, 151, 152, 153, 154, 155, 156, 157, 158, 159, 160, 161, 162, 163, 164, 165, 166, 167, 168, 169, 170, 171, 172, 173, 174, 175, 176, 177, 178, 179, 180, 181, 182, 183, 184, 185, 186, 187, 188, 189, 190, 191, 192, 193, 194, 195, 196, 197, 198, 199, 200, 201, 202, 203, 204, 205, 206, 207, 208, 209, 210, 211, 212, 213, 214, 215, 216, 217, 218, 219, 220, 221, 222, 223, 224, 225, 226, 227, 228, 229, 230, 231, 232, 233, 234, 235, 236, 237, 238, 239, 240, 241, 242, 243, 244, 245, 246, 247, 248, 249, 250, 251, 252, 253, 254, 255, 256, 257, 258, 259, 260, 261, 262, 263, 264, 265, 266, 267, 268, 269, 270, 271, 272, 273, 274, 275, 276, 277, 278, 279, 280, 281, 282, 283, 284, 285, 286, 287, 288, 289, 290, 291, 292, 293, 294, 295, 296, 297, 298, 299, 300, 301, 302, 303, 304, 305, 306, 307, 308, 309, 310, 311, 312, 313, 314, 315, 316, 317, 318, 319, 320, 321, 322, 323, 324, 325, 326, 327, 328, 329, 330, 331, 332, 333, 334, 335, 336, 337, 340, 373, 374, 375, 376, 377, 459, 460, 461, 462, 500, 501, 539, 540, 541, 542, 543, 544, 545, 546, 547, 548, 549, 550, 552, 574, 575, 576, 577, 578, 579, 580, 581, 582, 583, 584, 585, 586, 587, 588, 589, 590, 591, 592, 593, 594, 595, 596, 597, 598, 599, 600, 601, 602, 603, 604, 605, 606, 607, 608, 609, 610, 611, 612, 613, 614, 615, 616, 617, 618, 619, 620, 621, 622, 623, 624, 625, 626, 627, 628, 629, 630, 631, 632, 633, 634, 635, 636, 637, 638, 639, 640, 641, 642, 643, 644, 645, 646, 647, 648, 649, 650, 651, 652, 653, 654, 655, 656, 657, 658, 659, 660, 661, 662, 663, 664, 665, 666, 667, 668, 669, 670, 671, 672, 673, 674, 675, 676, 677, 678, 679, 680, 681, 682, 683, 684, 685, 686, 687, 688, 689, 690, 691, 692, 693, 694, 695, 696, 697, 698, 699, 700, 701, 702, 703, 704, 705, 706, 707, 708, 709, 710, 711, 712, 713, 714, 715, 716, 717, 718, 719, 720, 721, 722, 723, 724, 725, 726, 727, 728, 729, 730, 731, 732, 733, 734, 735, 736, 737, 738, 739, 740, 741, 742, 743, 744, 745, 746, 747, 748, 749, 750, 751, 752, 753, 754, 755, 756, 757, 758, 759, 760, 761, 762, 763, 764, 765, 766, 767, 768, 769, 770, 771, 772, 773, 774, 775, 776, 777, 778, 779, 780, 781, 782, 783, 784, 785, 786, 787, 788, 789, 790, 791, 792, 793, 796, 823, 824, 825, 826, 827, 906, 907, 908, 909]",True,"[250, 713]","[103, 104, 105, 106, 107, 108, 109, 110, 111, 112, 113, 114, 115, 116, 117, 118, 119, 120, 121, 122, 123, 124, 125, 126, 127, 128, 129, 130, 131, 132, 133, 134, 135, 136, 137, 138, 139, 140, 141, 142, 143, 144, 145, 146, 147, 148, 149, 150, 151, 152, 153, 154, 155, 156, 157, 158, 159, 160, 161, 162, 163, 164, 165, 166, 167, 168, 169, 170, 171, 172, 173, 174, 175, 176, 177, 178, 179, 180, 181, 182, 183, 184, 185, 186, 187, 188, 189, 190, 191, 192, 193, 194, 195, 196, 197, 198, 199, 200, 201, 202, 203, 204, 205, 206, 207, 208, 209, 210, 211, 212, 213, 214, 215, 216, 217, 218, 219, 220, 221, 222, 223, 224, 225, 226, 227, 228, 229, 230, 231, 232, 233, 234, 235, 236, 237, 238, 239, 240, 241, 242, 243, 244, 245, 246, 247, 248, 249, 250, 251, 252, 253, 254, 255, 256, 257, 258, 259, 260, 261, 262, 263, 264, 265, 266, 267, 268, 269, 270, 271, 272, 273, 274, 275, 276, 277, 278, 279, 280, 281, 282, 283, 284, 285, 286, 287, 288, 289, 290, 291, 292, 293, 294, 295, 296, 297, 298, 299, 300, 301, 302, 303, 304, 305, 306, 307, 308, 309, 310, 311, 312, 313, 314, 315, 316, 317, 318, 319, 320, 321, 322, 323, 324, 325, 326, 327, 328, 329, 330, 331, 332, 333, 334, 335, 336, 337, 574, 575, 576, 577, 578, 579, 580, 581, 582, 583, 584, 585, 586, 587, 588, 589, 590, 591, 592, 593, 594, 595, 596, 597, 598, 599, 600, 601, 602, 603, 604, 605, 606, 607, 608, 609, 610, 611, 612, 613, 614, 615, 616, 617, 618, 619, 620, 621, 622, 623, 624, 625, 626, 627, 628, 629, 630, 631, 632, 633, 634, 635, 636, 637, 638, 639, 640, 641, 642, 643, 644, 645, 646, 647, 648, 649, 650, 651, 652, 653, 654, 655, 656, 657, 658, 659, 660, 661, 662, 663, 664, 665, 666, 667, 668, 669, 670, 671, 672, 673, 674, 675, 676, 677, 678, 679, 680, 681, 682, 683, 684, 685, 686, 687, 688, 689, 690, 691, 692, 693, 694, 695, 696, 697, 698, 699, 700, 701, 702, 703, 704, 705, 706, 707, 708, 709, 710, 711, 712, 713, 714, 715, 716, 717, 718, 719, 720, 721, 722, 723, 724, 725, 726, 727, 728, 729, 730, 731, 732, 733, 734, 735, 736, 737, 738, 739, 740, 741, 742, 743, 744, 745, 746, 747, 748, 749, 750, 751, 752, 753, 754, 755, 756, 757, 758, 759, 760, 761, 762, 763, 764, 765, 766, 767, 768, 769, 770, 771, 772, 773, 774, 775, 776, 777, 778, 779, 780, 781, 782, 783, 784, 785, 786, 787, 788, 789, 790, 791, 792, 793]","[250, 713]","[250, 713]","[105, 114, 138, 141, 152, 153, 154, 155, 157, 159, 164, 165, 176, 182, 191, 192, 194, 195, 196, 200, 204, 208, 209, 210, 211, 215, 226, 228, 241, 242, 243, 245, 248, 249, 250, 257, 261, 270, 271, 282, 287, 289, 291, 294, 296, 298, 306, 308, 309, 311, 314, 327, 333, 335, 337, 576, 585, 609, 612, 623, 624, 626, 627, 629, 631, 636, 637, 647, 653, 662, 663, 665, 666, 667, 671, 674, 678, 679, 680, 681, 690, 692, 705, 706, 707, 709, 711, 712, 713, 719, 721, 729, 730, 741, 746, 748, 750, 753, 755, 757, 764, 766, 767, 769, 772, 785, 791]","[15, 16, 65, 66, 67, 68, 69, 70, 71, 72, 73, 74, 75, 76, 77, 78, 80, 151, 244, 245, 246, 247, 248, 249, 250, 251, 252, 253, 254, 255, 256, 257, 258, 259, 260, 280, 340, 373, 374, 375, 376, 377, 459, 460, 461, 462, 500, 501, 539, 540, 541, 542, 543, 544, 545, 546, 547, 548, 549, 550, 552, 622, 708, 709, 710, 711, 712, 713, 714, 715, 716, 717, 718, 719, 720, 739, 796, 823, 824, 825, 826, 827, 906, 907, 908, 909]","[15, 16, 65, 66, 67, 68, 69, 70, 71, 72, 73, 74, 75, 76, 80, 151, 245, 246, 247, 248, 249, 250, 251, 252, 253, 254, 255, 256, 257, 258, 259, 280, 340, 373, 374, 375, 376, 377, 459, 460, 461, 462, 500, 501, 539, 540, 541, 542, 543, 544, 545, 546, 547, 548, 549, 550, 552, 622, 708, 709, 710, 711, 712, 713, 714, 715, 716, 717, 718, 719, 720, 739, 796, 823, 824, 825, 826, 827, 906, 907, 908, 909]",7/6 successful match,True,"[324, 325]",True,368,False,,1.0,True,Pilot Travel Center # 168,Pilot
Dunnigan ( 95937 ) Pilot Travel Center # 168,530-724-3060 I-5 Exit 554 ( CR8E ),Plot 24 XL 24 0,Dunnigan,95937,Pilot Travel Center # 168,530-724-3060,2016,Dunnigan,CA,Pilot,( CR8E ),I-5 Exit 554 ,Exit,554,False,,False,I-5,,,,,"[713, 250]","[250, 713]","[250, 713]","[250, 713]","[103, 104, 105, 106, 107, 108, 109, 110, 111, 112, 113, 114, 115, 116, 117, 118, 119, 120, 121, 122, 123, 124, 125, 126, 127, 128, 129, 130, 131, 132, 133, 134, 135, 136, 137, 138, 139, 140, 141, 142, 143, 144, 145, 146, 147, 148, 149, 150, 151, 152, 153, 154, 155, 156, 157, 158, 159, 160, 161, 162, 163, 164, 165, 166, 167, 168, 169, 170, 171, 172, 173, 174, 175, 176, 177, 178, 179, 180, 181, 182, 183, 184, 185, 186, 187, 188, 189, 190, 191, 192, 193, 194, 195, 196, 197, 198, 199, 200, 201, 202, 203, 204, 205, 206, 207, 208, 209, 210, 211, 212, 213, 214, 215, 216, 217, 218, 219, 220, 221, 222, 223, 224, 225, 226, 227, 228, 229, 230, 231, 232, 233, 234, 235, 236, 237, 238, 239, 240, 241, 242, 243, 244, 245, 246, 247, 248, 249, 250, 251, 252, 253, 254, 255, 256, 257, 258, 259, 260, 261, 262, 263, 264, 265, 266, 267, 268, 269, 270, 271, 272, 273, 274, 275, 276, 277, 278, 279, 280, 281, 282, 283, 284, 285, 286, 287, 288, 289, 290, 291, 292, 293, 294, 295, 296, 297, 298, 299, 300, 301, 302, 303, 304, 305, 306, 307, 308, 309, 310, 311, 312, 313, 314, 315, 316, 317, 318, 319, 320, 321, 322, 323, 324, 325, 326, 327, 328, 329, 330, 331, 332, 333, 334, 335, 336, 337, 574, 575, 576, 577, 578, 579, 580, 581, 582, 583, 584, 585, 586, 587, 588, 589, 590, 591, 592, 593, 594, 595, 596, 597, 598, 599, 600, 601, 602, 603, 604, 605, 606, 607, 608, 609, 610, 611, 612, 613, 614, 615, 616, 617, 618, 619, 620, 621, 622, 623, 624, 625, 626, 627, 628, 629, 630, 631, 632, 633, 634, 635, 636, 637, 638, 639, 640, 641, 642, 643, 644, 645, 646, 647, 648, 649, 650, 651, 652, 653, 654, 655, 656, 657, 658, 659, 660, 661, 662, 663, 664, 665, 666, 667, 668, 669, 670, 671, 672, 673, 674, 675, 676, 677, 678, 679, 680, 681, 682, 683, 684, 685, 686, 687, 688, 689, 690, 691, 692, 693, 694, 695, 696, 697, 698, 699, 700, 701, 702, 703, 704, 705, 706, 707, 708, 709, 710, 711, 712, 713, 714, 715, 716, 717, 718, 719, 720, 721, 722, 723, 724, 725, 726, 727, 728, 729, 730, 731, 732, 733, 734, 735, 736, 737, 738, 739, 740, 741, 742, 743, 744, 745, 746, 747, 748, 749, 750, 751, 752, 753, 754, 755, 756, 757, 758, 759, 760, 761, 762, 763, 764, 765, 766, 767, 768, 769, 770, 771, 772, 773, 774, 775, 776, 777, 778, 779, 780, 781, 782, 783, 784, 785, 786, 787, 788, 789, 790, 791, 792, 793]","[105, 114, 138, 141, 152, 153, 154, 155, 157, 159, 164, 165, 176, 182, 191, 192, 194, 195, 196, 200, 204, 208, 209, 210, 211, 215, 226, 228, 241, 242, 243, 245, 248, 249, 250, 257, 261, 270, 271, 282, 287, 289, 291, 294, 296, 298, 306, 308, 309, 311, 314, 327, 333, 335, 337, 576, 585, 609, 612, 623, 624, 626, 627, 629, 631, 636, 637, 647, 653, 662, 663, 665, 666, 667, 671, 674, 678, 679, 680, 681, 690, 692, 705, 706, 707, 709, 711, 712, 713, 719, 721, 729, 730, 741, 746, 748, 750, 753, 755, 757, 764, 766, 767, 769, 772, 785, 791]","[15, 16, 65, 66, 67, 68, 69, 70, 71, 72, 73, 74, 75, 76, 80, 151, 245, 246, 247, 248, 249, 250, 251, 252, 253, 254, 255, 256, 257, 258, 259, 280, 340, 373, 374, 375, 376, 377, 459, 460, 461, 462, 500, 501, 539, 540, 541, 542, 543, 544, 545, 546, 547, 548, 549, 550, 552, 622, 708, 709, 710, 711, 712, 713, 714, 715, 716, 717, 718, 719, 720, 739, 796, 823, 824, 825, 826, 827, 906, 907, 908, 909]","[15, 16, 65, 66, 67, 68, 69, 70, 71, 72, 73, 74, 75, 76, 77, 78, 80, 151, 244, 245, 246, 247, 248, 249, 250, 251, 252, 253, 254, 255, 256, 257, 258, 259, 260, 280, 340, 373, 374, 375, 376, 377, 459, 460, 461, 462, 500, 501, 539, 540, 541, 542, 543, 544, 545, 546, 547, 548, 549, 550, 552, 622, 708, 709, 710, 711, 712, 713, 714, 715, 716, 717, 718, 719, 720, 739, 796, 823, 824, 825, 826, 827, 906, 907, 908, 909]","[15, 16, 65, 66, 67, 68, 69, 70, 71, 72, 73, 74, 75, 76, 77, 78, 80, 103, 104, 105, 106, 107, 108, 109, 110, 111, 112, 113, 114, 115, 116, 117, 118, 119, 120, 121, 122, 123, 124, 125, 126, 127, 128, 129, 130, 131, 132, 133, 134, 135, 136, 137, 138, 139, 140, 141, 142, 143, 144, 145, 146, 147, 148, 149, 150, 151, 152, 153, 154, 155, 156, 157, 158, 159, 160, 161, 162, 163, 164, 165, 166, 167, 168, 169, 170, 171, 172, 173, 174, 175, 176, 177, 178, 179, 180, 181, 182, 183, 184, 185, 186, 187, 188, 189, 190, 191, 192, 193, 194, 195, 196, 197, 198, 199, 200, 201, 202, 203, 204, 205, 206, 207, 208, 209, 210, 211, 212, 213, 214, 215, 216, 217, 218, 219, 220, 221, 222, 223, 224, 225, 226, 227, 228, 229, 230, 231, 232, 233, 234, 235, 236, 237, 238, 239, 240, 241, 242, 243, 244, 245, 246, 247, 248, 249, 250, 251, 252, 253, 254, 255, 256, 257, 258, 259, 260, 261, 262, 263, 264, 265, 266, 267, 268, 269, 270, 271, 272, 273, 274, 275, 276, 277, 278, 279, 280, 281, 282, 283, 284, 285, 286, 287, 288, 289, 290, 291, 292, 293, 294, 295, 296, 297, 298, 299, 300, 301, 302, 303, 304, 305, 306, 307, 308, 309, 310, 311, 312, 313, 314, 315, 316, 317, 318, 319, 320, 321, 322, 323, 324, 325, 326, 327, 328, 329, 330, 331, 332, 333, 334, 335, 336, 337, 340, 373, 374, 375, 376, 377, 459, 460, 461, 462, 500, 501, 539, 540, 541, 542, 543, 544, 545, 546, 547, 548, 549, 550, 552, 574, 575, 576, 577, 578, 579, 580, 581, 582, 583, 584, 585, 586, 587, 588, 589, 590, 591, 592, 593, 594, 595, 596, 597, 598, 599, 600, 601, 602, 603, 604, 605, 606, 607, 608, 609, 610, 611, 612, 613, 614, 615, 616, 617, 618, 619, 620, 621, 622, 623, 624, 625, 626, 627, 628, 629, 630, 631, 632, 633, 634, 635, 636, 637, 638, 639, 640, 641, 642, 643, 644, 645, 646, 647, 648, 649, 650, 651, 652, 653, 654, 655, 656, 657, 658, 659, 660, 661, 662, 663, 664, 665, 666, 667, 668, 669, 670, 671, 672, 673, 674, 675, 676, 677, 678, 679, 680, 681, 682, 683, 684, 685, 686, 687, 688, 689, 690, 691, 692, 693, 694, 695, 696, 697, 698, 699, 700, 701, 702, 703, 704, 705, 706, 707, 708, 709, 710, 711, 712, 713, 714, 715, 716, 717, 718, 719, 720, 721, 722, 723, 724, 725, 726, 727, 728, 729, 730, 731, 732, 733, 734, 735, 736, 737, 738, 739, 740, 741, 742, 743, 744, 745, 746, 747, 748, 749, 750, 751, 752, 753, 754, 755, 756, 757, 758, 759, 760, 761, 762, 763, 764, 765, 766, 767, 768, 769, 770, 771, 772, 773, 774, 775, 776, 777, 778, 779, 780, 781, 782, 783, 784, 785, 786, 787, 788, 789, 790, 791, 792, 793, 796, 823, 824, 825, 826, 827, 906, 907, 908, 909]",True,"[250, 713]","[103, 104, 105, 106, 107, 108, 109, 110, 111, 112, 113, 114, 115, 116, 117, 118, 119, 120, 121, 122, 123, 124, 125, 126, 127, 128, 129, 130, 131, 132, 133, 134, 135, 136, 137, 138, 139, 140, 141, 142, 143, 144, 145, 146, 147, 148, 149, 150, 151, 152, 153, 154, 155, 156, 157, 158, 159, 160, 161, 162, 163, 164, 165, 166, 167, 168, 169, 170, 171, 172, 173, 174, 175, 176, 177, 178, 179, 180, 181, 182, 183, 184, 185, 186, 187, 188, 189, 190, 191, 192, 193, 194, 195, 196, 197, 198, 199, 200, 201, 202, 203, 204, 205, 206, 207, 208, 209, 210, 211, 212, 213, 214, 215, 216, 217, 218, 219, 220, 221, 222, 223, 224, 225, 226, 227, 228, 229, 230, 231, 232, 233, 234, 235, 236, 237, 238, 239, 240, 241, 242, 243, 244, 245, 246, 247, 248, 249, 250, 251, 252, 253, 254, 255, 256, 257, 258, 259, 260, 261, 262, 263, 264, 265, 266, 267, 268, 269, 270, 271, 272, 273, 274, 275, 276, 277, 278, 279, 280, 281, 282, 283, 284, 285, 286, 287, 288, 289, 290, 291, 292, 293, 294, 295, 296, 297, 298, 299, 300, 301, 302, 303, 304, 305, 306, 307, 308, 309, 310, 311, 312, 313, 314, 315, 316, 317, 318, 319, 320, 321, 322, 323, 324, 325, 326, 327, 328, 329, 330, 331, 332, 333, 334, 335, 336, 337, 574, 575, 576, 577, 578, 579, 580, 581, 582, 583, 584, 585, 586, 587, 588, 589, 590, 591, 592, 593, 594, 595, 596, 597, 598, 599, 600, 601, 602, 603, 604, 605, 606, 607, 608, 609, 610, 611, 612, 613, 614, 615, 616, 617, 618, 619, 620, 621, 622, 623, 624, 625, 626, 627, 628, 629, 630, 631, 632, 633, 634, 635, 636, 637, 638, 639, 640, 641, 642, 643, 644, 645, 646, 647, 648, 649, 650, 651, 652, 653, 654, 655, 656, 657, 658, 659, 660, 661, 662, 663, 664, 665, 666, 667, 668, 669, 670, 671, 672, 673, 674, 675, 676, 677, 678, 679, 680, 681, 682, 683, 684, 685, 686, 687, 688, 689, 690, 691, 692, 693, 694, 695, 696, 697, 698, 699, 700, 701, 702, 703, 704, 705, 706, 707, 708, 709, 710, 711, 712, 713, 714, 715, 716, 717, 718, 719, 720, 721, 722, 723, 724, 725, 726, 727, 728, 729, 730, 731, 732, 733, 734, 735, 736, 737, 738, 739, 740, 741, 742, 743, 744, 745, 746, 747, 748, 749, 750, 751, 752, 753, 754, 755, 756, 757, 758, 759, 760, 761, 762, 763, 764, 765, 766, 767, 768, 769, 770, 771, 772, 773, 774, 775, 776, 777, 778, 779, 780, 781, 782, 783, 784, 785, 786, 787, 788, 789, 790, 791, 792, 793]","[250, 713]","[250, 713]","[105, 114, 138, 141, 152, 153, 154, 155, 157, 159, 164, 165, 176, 182, 191, 192, 194, 195, 196, 200, 204, 208, 209, 210, 211, 215, 226, 228, 241, 242, 243, 245, 248, 249, 250, 257, 261, 270, 271, 282, 287, 289, 291, 294, 296, 298, 306, 308, 309, 311, 314, 327, 333, 335, 337, 576, 585, 609, 612, 623, 624, 626, 627, 629, 631, 636, 637, 647, 653, 662, 663, 665, 666, 667, 671, 674, 678, 679, 680, 681, 690, 692, 705, 706, 707, 709, 711, 712, 713, 719, 721, 729, 730, 741, 746, 748, 750, 753, 755, 757, 764, 766, 767, 769, 772, 785, 791]","[15, 16, 65, 66, 67, 68, 69, 70, 71, 72, 73, 74, 75, 76, 77, 78, 80, 151, 244, 245, 246, 247, 248, 249, 250, 251, 252, 253, 254, 255, 256, 257, 258, 259, 260, 280, 340, 373, 374, 375, 376, 377, 459, 460, 461, 462, 500, 501, 539, 540, 541, 542, 543, 544, 545, 546, 547, 548, 549, 550, 552, 622, 708, 709, 710, 711, 712, 713, 714, 715, 716, 717, 718, 719, 720, 739, 796, 823, 824, 825, 826, 827, 906, 907, 908, 909]","[15, 16, 65, 66, 67, 68, 69, 70, 71, 72, 73, 74, 75, 76, 80, 151, 245, 246, 247, 248, 249, 250, 251, 252, 253, 254, 255, 256, 257, 258, 259, 280, 340, 373, 374, 375, 376, 377, 459, 460, 461, 462, 500, 501, 539, 540, 541, 542, 543, 544, 545, 546, 547, 548, 549, 550, 552, 622, 708, 709, 710, 711, 712, 713, 714, 715, 716, 717, 718, 719, 720, 739, 796, 823, 824, 825, 826, 827, 906, 907, 908, 909]",7/6 successful match,True,"[324, 325]",True,368,False,,1.0,True,Pilot Travel Center # 168,Pilot
"Orland , 95963 USA Fuel Stop",530-865-9645 I-5 Exit 618 ( South St E ),S,Orland,95963,USA Fuel Stop,530-865-9645,2006,Orland,CA,,( South St E ),I-5 Exit 618 ,Exit,618,False,,False,I-5,,,,,[],"[245, 291, 709, 750]","[245, 291, 709, 750]","[291, 750]","[103, 104, 105, 106, 107, 108, 109, 110, 111, 112, 113, 114, 115, 116, 117, 118, 119, 120, 121, 122, 123, 124, 125, 126, 127, 128, 129, 130, 131, 132, 133, 134, 135, 136, 137, 138, 139, 140, 141, 142, 143, 144, 145, 146, 147, 148, 149, 150, 151, 152, 153, 154, 155, 156, 157, 158, 159, 160, 161, 162, 163, 164, 165, 166, 167, 168, 169, 170, 171, 172, 173, 174, 175, 176, 177, 178, 179, 180, 181, 182, 183, 184, 185, 186, 187, 188, 189, 190, 191, 192, 193, 194, 195, 196, 197, 198, 199, 200, 201, 202, 203, 204, 205, 206, 207, 208, 209, 210, 211, 212, 213, 214, 215, 216, 217, 218, 219, 220, 221, 222, 223, 224, 225, 226, 227, 228, 229, 230, 231, 232, 233, 234, 235, 236, 237, 238, 239, 240, 241, 242, 243, 244, 245, 246, 247, 248, 249, 250, 251, 252, 253, 254, 255, 256, 257, 258, 259, 260, 261, 262, 263, 264, 265, 266, 267, 268, 269, 270, 271, 272, 273, 274, 275, 276, 277, 278, 279, 280, 281, 282, 283, 284, 285, 286, 287, 288, 289, 290, 291, 292, 293, 294, 295, 296, 297, 298, 299, 300, 301, 302, 303, 304, 305, 306, 307, 308, 309, 310, 311, 312, 313, 314, 315, 316, 317, 318, 319, 320, 321, 322, 323, 324, 325, 326, 327, 328, 329, 330, 331, 332, 333, 334, 335, 336, 337, 574, 575, 576, 577, 578, 579, 580, 581, 582, 583, 584, 585, 586, 587, 588, 589, 590, 591, 592, 593, 594, 595, 596, 597, 598, 599, 600, 601, 602, 603, 604, 605, 606, 607, 608, 609, 610, 611, 612, 613, 614, 615, 616, 617, 618, 619, 620, 621, 622, 623, 624, 625, 626, 627, 628, 629, 630, 631, 632, 633, 634, 635, 636, 637, 638, 639, 640, 641, 642, 643, 644, 645, 646, 647, 648, 649, 650, 651, 652, 653, 654, 655, 656, 657, 658, 659, 660, 661, 662, 663, 664, 665, 666, 667, 668, 669, 670, 671, 672, 673, 674, 675, 676, 677, 678, 679, 680, 681, 682, 683, 684, 685, 686, 687, 688, 689, 690, 691, 692, 693, 694, 695, 696, 697, 698, 699, 700, 701, 702, 703, 704, 705, 706, 707, 708, 709, 710, 711, 712, 713, 714, 715, 716, 717, 718, 719, 720, 721, 722, 723, 724, 725, 726, 727, 728, 729, 730, 731, 732, 733, 734, 735, 736, 737, 738, 739, 740, 741, 742, 743, 744, 745, 746, 747, 748, 749, 750, 751, 752, 753, 754, 755, 756, 757, 758, 759, 760, 761, 762, 763, 764, 765, 766, 767, 768, 769, 770, 771, 772, 773, 774, 775, 776, 777, 778, 779, 780, 781, 782, 783, 784, 785, 786, 787, 788, 789, 790, 791, 792, 793]","[105, 114, 138, 141, 152, 153, 154, 155, 157, 159, 164, 165, 176, 182, 191, 192, 194, 195, 196, 200, 204, 208, 209, 210, 211, 215, 226, 228, 241, 242, 243, 245, 248, 249, 250, 257, 261, 270, 271, 282, 287, 289, 291, 294, 296, 298, 306, 308, 309, 311, 314, 327, 333, 335, 337, 576, 585, 609, 612, 623, 624, 626, 627, 629, 631, 636, 637, 647, 653, 662, 663, 665, 666, 667, 671, 674, 678, 679, 680, 681, 690, 692, 705, 706, 707, 709, 711, 712, 713, 719, 721, 729, 730, 741, 746, 748, 750, 753, 755, 757, 764, 766, 767, 769, 772, 785, 791]",[],[],"[103, 104, 105, 106, 107, 108, 109, 110, 111, 112, 113, 114, 115, 116, 117, 118, 119, 120, 121, 122, 123, 124, 125, 126, 127, 128, 129, 130, 131, 132, 133, 134, 135, 136, 137, 138, 139, 140, 141, 142, 143, 144, 145, 146, 147, 148, 149, 150, 151, 152, 153, 154, 155, 156, 157, 158, 159, 160, 161, 162, 163, 164, 165, 166, 167, 168, 169, 170, 171, 172, 173, 174, 175, 176, 177, 178, 179, 180, 181, 182, 183, 184, 185, 186, 187, 188, 189, 190, 191, 192, 193, 194, 195, 196, 197, 198, 199, 200, 201, 202, 203, 204, 205, 206, 207, 208, 209, 210, 211, 212, 213, 214, 215, 216, 217, 218, 219, 220, 221, 222, 223, 224, 225, 226, 227, 228, 229, 230, 231, 232, 233, 234, 235, 236, 237, 238, 239, 240, 241, 242, 243, 244, 245, 246, 247, 248, 249, 250, 251, 252, 253, 254, 255, 256, 257, 258, 259, 260, 261, 262, 263, 264, 265, 266, 267, 268, 269, 270, 271, 272, 273, 274, 275, 276, 277, 278, 279, 280, 281, 282, 283, 284, 285, 286, 287, 288, 289, 290, 291, 292, 293, 294, 295, 296, 297, 298, 299, 300, 301, 302, 303, 304, 305, 306, 307, 308, 309, 310, 311, 312, 313, 314, 315, 316, 317, 318, 319, 320, 321, 322, 323, 324, 325, 326, 327, 328, 329, 330, 331, 332, 333, 334, 335, 336, 337, 574, 575, 576, 577, 578, 579, 580, 581, 582, 583, 584, 585, 586, 587, 588, 589, 590, 591, 592, 593, 594, 595, 596, 597, 598, 599, 600, 601, 602, 603, 604, 605, 606, 607, 608, 609, 610, 611, 612, 613, 614, 615, 616, 617, 618, 619, 620, 621, 622, 623, 624, 625, 626, 627, 628, 629, 630, 631, 632, 633, 634, 635, 636, 637, 638, 639, 640, 641, 642, 643, 644, 645, 646, 647, 648, 649, 650, 651, 652, 653, 654, 655, 656, 657, 658, 659, 660, 661, 662, 663, 664, 665, 666, 667, 668, 669, 670, 671, 672, 673, 674, 675, 676, 677, 678, 679, 680, 681, 682, 683, 684, 685, 686, 687, 688, 689, 690, 691, 692, 693, 694, 695, 696, 697, 698, 699, 700, 701, 702, 703, 704, 705, 706, 707, 708, 709, 710, 711, 712, 713, 714, 715, 716, 717, 718, 719, 720, 721, 722, 723, 724, 725, 726, 727, 728, 729, 730, 731, 732, 733, 734, 735, 736, 737, 738, 739, 740, 741, 742, 743, 744, 745, 746, 747, 748, 749, 750, 751, 752, 753, 754, 755, 756, 757, 758, 759, 760, 761, 762, 763, 764, 765, 766, 767, 768, 769, 770, 771, 772, 773, 774, 775, 776, 777, 778, 779, 780, 781, 782, 783, 784, 785, 786, 787, 788, 789, 790, 791, 792, 793]",False,"[245, 291, 709, 750]","[103, 104, 105, 106, 107, 108, 109, 110, 111, 112, 113, 114, 115, 116, 117, 118, 119, 120, 121, 122, 123, 124, 125, 126, 127, 128, 129, 130, 131, 132, 133, 134, 135, 136, 137, 138, 139, 140, 141, 142, 143, 144, 145, 146, 147, 148, 149, 150, 151, 152, 153, 154, 155, 156, 157, 158, 159, 160, 161, 162, 163, 164, 165, 166, 167, 168, 169, 170, 171, 172, 173, 174, 175, 176, 177, 178, 179, 180, 181, 182, 183, 184, 185, 186, 187, 188, 189, 190, 191, 192, 193, 194, 195, 196, 197, 198, 199, 200, 201, 202, 203, 204, 205, 206, 207, 208, 209, 210, 211, 212, 213, 214, 215, 216, 217, 218, 219, 220, 221, 222, 223, 224, 225, 226, 227, 228, 229, 230, 231, 232, 233, 234, 235, 236, 237, 238, 239, 240, 241, 242, 243, 244, 245, 246, 247, 248, 249, 250, 251, 252, 253, 254, 255, 256, 257, 258, 259, 260, 261, 262, 263, 264, 265, 266, 267, 268, 269, 270, 271, 272, 273, 274, 275, 276, 277, 278, 279, 280, 281, 282, 283, 284, 285, 286, 287, 288, 289, 290, 291, 292, 293, 294, 295, 296, 297, 298, 299, 300, 301, 302, 303, 304, 305, 306, 307, 308, 309, 310, 311, 312, 313, 314, 315, 316, 317, 318, 319, 320, 321, 322, 323, 324, 325, 326, 327, 328, 329, 330, 331, 332, 333, 334, 335, 336, 337, 574, 575, 576, 577, 578, 579, 580, 581, 582, 583, 584, 585, 586, 587, 588, 589, 590, 591, 592, 593, 594, 595, 596, 597, 598, 599, 600, 601, 602, 603, 604, 605, 606, 607, 608, 609, 610, 611, 612, 613, 614, 615, 616, 617, 618, 619, 620, 621, 622, 623, 624, 625, 626, 627, 628, 629, 630, 631, 632, 633, 634, 635, 636, 637, 638, 639, 640, 641, 642, 643, 644, 645, 646, 647, 648, 649, 650, 651, 652, 653, 654, 655, 656, 657, 658, 659, 660, 661, 662, 663, 664, 665, 666, 667, 668, 669, 670, 671, 672, 673, 674, 675, 676, 677, 678, 679, 680, 681, 682, 683, 684, 685, 686, 687, 688, 689, 690, 691, 692, 693, 694, 695, 696, 697, 698, 699, 700, 701, 702, 703, 704, 705, 706, 707, 708, 709, 710, 711, 712, 713, 714, 715, 716, 717, 718, 719, 720, 721, 722, 723, 724, 725, 726, 727, 728, 729, 730, 731, 732, 733, 734, 735, 736, 737, 738, 739, 740, 741, 742, 743, 744, 745, 746, 747, 748, 749, 750, 751, 752, 753, 754, 755, 756, 757, 758, 759, 760, 761, 762, 763, 764, 765, 766, 767, 768, 769, 770, 771, 772, 773, 774, 775, 776, 777, 778, 779, 780, 781, 782, 783, 784, 785, 786, 787, 788, 789, 790, 791, 792, 793]","[245, 291, 709, 750]","[291, 750]","[105, 114, 138, 141, 152, 153, 154, 155, 157, 159, 164, 165, 176, 182, 191, 192, 194, 195, 196, 200, 204, 208, 209, 210, 211, 215, 226, 228, 241, 242, 243, 245, 248, 249, 250, 257, 261, 270, 271, 282, 287, 289, 291, 294, 296, 298, 306, 308, 309, 311, 314, 327, 333, 335, 337, 576, 585, 609, 612, 623, 624, 626, 627, 629, 631, 636, 637, 647, 653, 662, 663, 665, 666, 667, 671, 674, 678, 679, 680, 681, 690, 692, 705, 706, 707, 709, 711, 712, 713, 719, 721, 729, 730, 741, 746, 748, 750, 753, 755, 757, 764, 766, 767, 769, 772, 785, 791]",[],[],7/6 successful match,False,,False,369,False,,,,,
"Orland , 95963 USA Fuel Stop Ave )",530-865-9645 I-5 Exit 618 ( South E ),24 HRS S,Orland,95963,USA Fuel Stop Ave ),530-865-9645,2007,Orland,CA,,( South E ),I-5 Exit 618 ,Exit,618,False,,False,I-5,,,,,[],"[245, 291, 709, 750]","[245, 291, 709, 750]","[291, 750]","[103, 104, 105, 106, 107, 108, 109, 110, 111, 112, 113, 114, 115, 116, 117, 118, 119, 120, 121, 122, 123, 124, 125, 126, 127, 128, 129, 130, 131, 132, 133, 134, 135, 136, 137, 138, 139, 140, 141, 142, 143, 144, 145, 146, 147, 148, 149, 150, 151, 152, 153, 154, 155, 156, 157, 158, 159, 160, 161, 162, 163, 164, 165, 166, 167, 168, 169, 170, 171, 172, 173, 174, 175, 176, 177, 178, 179, 180, 181, 182, 183, 184, 185, 186, 187, 188, 189, 190, 191, 192, 193, 194, 195, 196, 197, 198, 199, 200, 201, 202, 203, 204, 205, 206, 207, 208, 209, 210, 211, 212, 213, 214, 215, 216, 217, 218, 219, 220, 221, 222, 223, 224, 225, 226, 227, 228, 229, 230, 231, 232, 233, 234, 235, 236, 237, 238, 239, 240, 241, 242, 243, 244, 245, 246, 247, 248, 249, 250, 251, 252, 253, 254, 255, 256, 257, 258, 259, 260, 261, 262, 263, 264, 265, 266, 267, 268, 269, 270, 271, 272, 273, 274, 275, 276, 277, 278, 279, 280, 281, 282, 283, 284, 285, 286, 287, 288, 289, 290, 291, 292, 293, 294, 295, 296, 297, 298, 299, 300, 301, 302, 303, 304, 305, 306, 307, 308, 309, 310, 311, 312, 313, 314, 315, 316, 317, 318, 319, 320, 321, 322, 323, 324, 325, 326, 327, 328, 329, 330, 331, 332, 333, 334, 335, 336, 337, 574, 575, 576, 577, 578, 579, 580, 581, 582, 583, 584, 585, 586, 587, 588, 589, 590, 591, 592, 593, 594, 595, 596, 597, 598, 599, 600, 601, 602, 603, 604, 605, 606, 607, 608, 609, 610, 611, 612, 613, 614, 615, 616, 617, 618, 619, 620, 621, 622, 623, 624, 625, 626, 627, 628, 629, 630, 631, 632, 633, 634, 635, 636, 637, 638, 639, 640, 641, 642, 643, 644, 645, 646, 647, 648, 649, 650, 651, 652, 653, 654, 655, 656, 657, 658, 659, 660, 661, 662, 663, 664, 665, 666, 667, 668, 669, 670, 671, 672, 673, 674, 675, 676, 677, 678, 679, 680, 681, 682, 683, 684, 685, 686, 687, 688, 689, 690, 691, 692, 693, 694, 695, 696, 697, 698, 699, 700, 701, 702, 703, 704, 705, 706, 707, 708, 709, 710, 711, 712, 713, 714, 715, 716, 717, 718, 719, 720, 721, 722, 723, 724, 725, 726, 727, 728, 729, 730, 731, 732, 733, 734, 735, 736, 737, 738, 739, 740, 741, 742, 743, 744, 745, 746, 747, 748, 749, 750, 751, 752, 753, 754, 755, 756, 757, 758, 759, 760, 761, 762, 763, 764, 765, 766, 767, 768, 769, 770, 771, 772, 773, 774, 775, 776, 777, 778, 779, 780, 781, 782, 783, 784, 785, 786, 787, 788, 789, 790, 791, 792, 793]","[105, 114, 138, 141, 152, 153, 154, 155, 157, 159, 164, 165, 176, 182, 191, 192, 194, 195, 196, 200, 204, 208, 209, 210, 211, 215, 226, 228, 241, 242, 243, 245, 248, 249, 250, 257, 261, 270, 271, 282, 287, 289, 291, 294, 296, 298, 306, 308, 309, 311, 314, 327, 333, 335, 337, 576, 585, 609, 612, 623, 624, 626, 627, 629, 631, 636, 637, 647, 653, 662, 663, 665, 666, 667, 671, 674, 678, 679, 680, 681, 690, 692, 705, 706, 707, 709, 711, 712, 713, 719, 721, 729, 730, 741, 746, 748, 750, 753, 755, 757, 764, 766, 767, 769, 772, 785, 791]",[],[],"[103, 104, 105, 106, 107, 108, 109, 110, 111, 112, 113, 114, 115, 116, 117, 118, 119, 120, 121, 122, 123, 124, 125, 126, 127, 128, 129, 130, 131, 132, 133, 134, 135, 136, 137, 138, 139, 140, 141, 142, 143, 144, 145, 146, 147, 148, 149, 150, 151, 152, 153, 154, 155, 156, 157, 158, 159, 160, 161, 162, 163, 164, 165, 166, 167, 168, 169, 170, 171, 172, 173, 174, 175, 176, 177, 178, 179, 180, 181, 182, 183, 184, 185, 186, 187, 188, 189, 190, 191, 192, 193, 194, 195, 196, 197, 198, 199, 200, 201, 202, 203, 204, 205, 206, 207, 208, 209, 210, 211, 212, 213, 214, 215, 216, 217, 218, 219, 220, 221, 222, 223, 224, 225, 226, 227, 228, 229, 230, 231, 232, 233, 234, 235, 236, 237, 238, 239, 240, 241, 242, 243, 244, 245, 246, 247, 248, 249, 250, 251, 252, 253, 254, 255, 256, 257, 258, 259, 260, 261, 262, 263, 264, 265, 266, 267, 268, 269, 270, 271, 272, 273, 274, 275, 276, 277, 278, 279, 280, 281, 282, 283, 284, 285, 286, 287, 288, 289, 290, 291, 292, 293, 294, 295, 296, 297, 298, 299, 300, 301, 302, 303, 304, 305, 306, 307, 308, 309, 310, 311, 312, 313, 314, 315, 316, 317, 318, 319, 320, 321, 322, 323, 324, 325, 326, 327, 328, 329, 330, 331, 332, 333, 334, 335, 336, 337, 574, 575, 576, 577, 578, 579, 580, 581, 582, 583, 584, 585, 586, 587, 588, 589, 590, 591, 592, 593, 594, 595, 596, 597, 598, 599, 600, 601, 602, 603, 604, 605, 606, 607, 608, 609, 610, 611, 612, 613, 614, 615, 616, 617, 618, 619, 620, 621, 622, 623, 624, 625, 626, 627, 628, 629, 630, 631, 632, 633, 634, 635, 636, 637, 638, 639, 640, 641, 642, 643, 644, 645, 646, 647, 648, 649, 650, 651, 652, 653, 654, 655, 656, 657, 658, 659, 660, 661, 662, 663, 664, 665, 666, 667, 668, 669, 670, 671, 672, 673, 674, 675, 676, 677, 678, 679, 680, 681, 682, 683, 684, 685, 686, 687, 688, 689, 690, 691, 692, 693, 694, 695, 696, 697, 698, 699, 700, 701, 702, 703, 704, 705, 706, 707, 708, 709, 710, 711, 712, 713, 714, 715, 716, 717, 718, 719, 720, 721, 722, 723, 724, 725, 726, 727, 728, 729, 730, 731, 732, 733, 734, 735, 736, 737, 738, 739, 740, 741, 742, 743, 744, 745, 746, 747, 748, 749, 750, 751, 752, 753, 754, 755, 756, 757, 758, 759, 760, 761, 762, 763, 764, 765, 766, 767, 768, 769, 770, 771, 772, 773, 774, 775, 776, 777, 778, 779, 780, 781, 782, 783, 784, 785, 786, 787, 788, 789, 790, 791, 792, 793]",False,"[245, 291, 709, 750]","[103, 104, 105, 106, 107, 108, 109, 110, 111, 112, 113, 114, 115, 116, 117, 118, 119, 120, 121, 122, 123, 124, 125, 126, 127, 128, 129, 130, 131, 132, 133, 134, 135, 136, 137, 138, 139, 140, 141, 142, 143, 144, 145, 146, 147, 148, 149, 150, 151, 152, 153, 154, 155, 156, 157, 158, 159, 160, 161, 162, 163, 164, 165, 166, 167, 168, 169, 170, 171, 172, 173, 174, 175, 176, 177, 178, 179, 180, 181, 182, 183, 184, 185, 186, 187, 188, 189, 190, 191, 192, 193, 194, 195, 196, 197, 198, 199, 200, 201, 202, 203, 204, 205, 206, 207, 208, 209, 210, 211, 212, 213, 214, 215, 216, 217, 218, 219, 220, 221, 222, 223, 224, 225, 226, 227, 228, 229, 230, 231, 232, 233, 234, 235, 236, 237, 238, 239, 240, 241, 242, 243, 244, 245, 246, 247, 248, 249, 250, 251, 252, 253, 254, 255, 256, 257, 258, 259, 260, 261, 262, 263, 264, 265, 266, 267, 268, 269, 270, 271, 272, 273, 274, 275, 276, 277, 278, 279, 280, 281, 282, 283, 284, 285, 286, 287, 288, 289, 290, 291, 292, 293, 294, 295, 296, 297, 298, 299, 300, 301, 302, 303, 304, 305, 306, 307, 308, 309, 310, 311, 312, 313, 314, 315, 316, 317, 318, 319, 320, 321, 322, 323, 324, 325, 326, 327, 328, 329, 330, 331, 332, 333, 334, 335, 336, 337, 574, 575, 576, 577, 578, 579, 580, 581, 582, 583, 584, 585, 586, 587, 588, 589, 590, 591, 592, 593, 594, 595, 596, 597, 598, 599, 600, 601, 602, 603, 604, 605, 606, 607, 608, 609, 610, 611, 612, 613, 614, 615, 616, 617, 618, 619, 620, 621, 622, 623, 624, 625, 626, 627, 628, 629, 630, 631, 632, 633, 634, 635, 636, 637, 638, 639, 640, 641, 642, 643, 644, 645, 646, 647, 648, 649, 650, 651, 652, 653, 654, 655, 656, 657, 658, 659, 660, 661, 662, 663, 664, 665, 666, 667, 668, 669, 670, 671, 672, 673, 674, 675, 676, 677, 678, 679, 680, 681, 682, 683, 684, 685, 686, 687, 688, 689, 690, 691, 692, 693, 694, 695, 696, 697, 698, 699, 700, 701, 702, 703, 704, 705, 706, 707, 708, 709, 710, 711, 712, 713, 714, 715, 716, 717, 718, 719, 720, 721, 722, 723, 724, 725, 726, 727, 728, 729, 730, 731, 732, 733, 734, 735, 736, 737, 738, 739, 740, 741, 742, 743, 744, 745, 746, 747, 748, 749, 750, 751, 752, 753, 754, 755, 756, 757, 758, 759, 760, 761, 762, 763, 764, 765, 766, 767, 768, 769, 770, 771, 772, 773, 774, 775, 776, 777, 778, 779, 780, 781, 782, 783, 784, 785, 786, 787, 788, 789, 790, 791, 792, 793]","[245, 291, 709, 750]","[291, 750]","[105, 114, 138, 141, 152, 153, 154, 155, 157, 159, 164, 165, 176, 182, 191, 192, 194, 195, 196, 200, 204, 208, 209, 210, 211, 215, 226, 228, 241, 242, 243, 245, 248, 249, 250, 257, 261, 270, 271, 282, 287, 289, 291, 294, 296, 298, 306, 308, 309, 311, 314, 327, 333, 335, 337, 576, 585, 609, 612, 623, 624, 626, 627, 629, 631, 636, 637, 647, 653, 662, 663, 665, 666, 667, 671, 674, 678, 679, 680, 681, 690, 692, 705, 706, 707, 709, 711, 712, 713, 719, 721, 729, 730, 741, 746, 748, 750, 753, 755, 757, 764, 766, 767, 769, 772, 785, 791]",[],[],7/6 successful match,False,,False,369,False,,0.84375,True,USA Fuel Stop,
"Orland , 95963 USA Fuel Stop",21530-865-9645 I-5 Exit 618 ( South St E ),103 24 S 00 <U+2610> <U+2610>,Orland,95963,USA Fuel Stop,530-865-9645,2008,Orland,CA,,( South St E ),I-5 Exit 618 ,Exit,618,False,,False,I-5,,,,,[],"[245, 291, 709, 750]","[245, 291, 709, 750]","[291, 750]","[103, 104, 105, 106, 107, 108, 109, 110, 111, 112, 113, 114, 115, 116, 117, 118, 119, 120, 121, 122, 123, 124, 125, 126, 127, 128, 129, 130, 131, 132, 133, 134, 135, 136, 137, 138, 139, 140, 141, 142, 143, 144, 145, 146, 147, 148, 149, 150, 151, 152, 153, 154, 155, 156, 157, 158, 159, 160, 161, 162, 163, 164, 165, 166, 167, 168, 169, 170, 171, 172, 173, 174, 175, 176, 177, 178, 179, 180, 181, 182, 183, 184, 185, 186, 187, 188, 189, 190, 191, 192, 193, 194, 195, 196, 197, 198, 199, 200, 201, 202, 203, 204, 205, 206, 207, 208, 209, 210, 211, 212, 213, 214, 215, 216, 217, 218, 219, 220, 221, 222, 223, 224, 225, 226, 227, 228, 229, 230, 231, 232, 233, 234, 235, 236, 237, 238, 239, 240, 241, 242, 243, 244, 245, 246, 247, 248, 249, 250, 251, 252, 253, 254, 255, 256, 257, 258, 259, 260, 261, 262, 263, 264, 265, 266, 267, 268, 269, 270, 271, 272, 273, 274, 275, 276, 277, 278, 279, 280, 281, 282, 283, 284, 285, 286, 287, 288, 289, 290, 291, 292, 293, 294, 295, 296, 297, 298, 299, 300, 301, 302, 303, 304, 305, 306, 307, 308, 309, 310, 311, 312, 313, 314, 315, 316, 317, 318, 319, 320, 321, 322, 323, 324, 325, 326, 327, 328, 329, 330, 331, 332, 333, 334, 335, 336, 337, 574, 575, 576, 577, 578, 579, 580, 581, 582, 583, 584, 585, 586, 587, 588, 589, 590, 591, 592, 593, 594, 595, 596, 597, 598, 599, 600, 601, 602, 603, 604, 605, 606, 607, 608, 609, 610, 611, 612, 613, 614, 615, 616, 617, 618, 619, 620, 621, 622, 623, 624, 625, 626, 627, 628, 629, 630, 631, 632, 633, 634, 635, 636, 637, 638, 639, 640, 641, 642, 643, 644, 645, 646, 647, 648, 649, 650, 651, 652, 653, 654, 655, 656, 657, 658, 659, 660, 661, 662, 663, 664, 665, 666, 667, 668, 669, 670, 671, 672, 673, 674, 675, 676, 677, 678, 679, 680, 681, 682, 683, 684, 685, 686, 687, 688, 689, 690, 691, 692, 693, 694, 695, 696, 697, 698, 699, 700, 701, 702, 703, 704, 705, 706, 707, 708, 709, 710, 711, 712, 713, 714, 715, 716, 717, 718, 719, 720, 721, 722, 723, 724, 725, 726, 727, 728, 729, 730, 731, 732, 733, 734, 735, 736, 737, 738, 739, 740, 741, 742, 743, 744, 745, 746, 747, 748, 749, 750, 751, 752, 753, 754, 755, 756, 757, 758, 759, 760, 761, 762, 763, 764, 765, 766, 767, 768, 769, 770, 771, 772, 773, 774, 775, 776, 777, 778, 779, 780, 781, 782, 783, 784, 785, 786, 787, 788, 789, 790, 791, 792, 793]","[105, 114, 138, 141, 152, 153, 154, 155, 157, 159, 164, 165, 176, 182, 191, 192, 194, 195, 196, 200, 204, 208, 209, 210, 211, 215, 226, 228, 241, 242, 243, 245, 248, 249, 250, 257, 261, 270, 271, 282, 287, 289, 291, 294, 296, 298, 306, 308, 309, 311, 314, 327, 333, 335, 337, 576, 585, 609, 612, 623, 624, 626, 627, 629, 631, 636, 637, 647, 653, 662, 663, 665, 666, 667, 671, 674, 678, 679, 680, 681, 690, 692, 705, 706, 707, 709, 711, 712, 713, 719, 721, 729, 730, 741, 746, 748, 750, 753, 755, 757, 764, 766, 767, 769, 772, 785, 791]",[],[],"[103, 104, 105, 106, 107, 108, 109, 110, 111, 112, 113, 114, 115, 116, 117, 118, 119, 120, 121, 122, 123, 124, 125, 126, 127, 128, 129, 130, 131, 132, 133, 134, 135, 136, 137, 138, 139, 140, 141, 142, 143, 144, 145, 146, 147, 148, 149, 150, 151, 152, 153, 154, 155, 156, 157, 158, 159, 160, 161, 162, 163, 164, 165, 166, 167, 168, 169, 170, 171, 172, 173, 174, 175, 176, 177, 178, 179, 180, 181, 182, 183, 184, 185, 186, 187, 188, 189, 190, 191, 192, 193, 194, 195, 196, 197, 198, 199, 200, 201, 202, 203, 204, 205, 206, 207, 208, 209, 210, 211, 212, 213, 214, 215, 216, 217, 218, 219, 220, 221, 222, 223, 224, 225, 226, 227, 228, 229, 230, 231, 232, 233, 234, 235, 236, 237, 238, 239, 240, 241, 242, 243, 244, 245, 246, 247, 248, 249, 250, 251, 252, 253, 254, 255, 256, 257, 258, 259, 260, 261, 262, 263, 264, 265, 266, 267, 268, 269, 270, 271, 272, 273, 274, 275, 276, 277, 278, 279, 280, 281, 282, 283, 284, 285, 286, 287, 288, 289, 290, 291, 292, 293, 294, 295, 296, 297, 298, 299, 300, 301, 302, 303, 304, 305, 306, 307, 308, 309, 310, 311, 312, 313, 314, 315, 316, 317, 318, 319, 320, 321, 322, 323, 324, 325, 326, 327, 328, 329, 330, 331, 332, 333, 334, 335, 336, 337, 574, 575, 576, 577, 578, 579, 580, 581, 582, 583, 584, 585, 586, 587, 588, 589, 590, 591, 592, 593, 594, 595, 596, 597, 598, 599, 600, 601, 602, 603, 604, 605, 606, 607, 608, 609, 610, 611, 612, 613, 614, 615, 616, 617, 618, 619, 620, 621, 622, 623, 624, 625, 626, 627, 628, 629, 630, 631, 632, 633, 634, 635, 636, 637, 638, 639, 640, 641, 642, 643, 644, 645, 646, 647, 648, 649, 650, 651, 652, 653, 654, 655, 656, 657, 658, 659, 660, 661, 662, 663, 664, 665, 666, 667, 668, 669, 670, 671, 672, 673, 674, 675, 676, 677, 678, 679, 680, 681, 682, 683, 684, 685, 686, 687, 688, 689, 690, 691, 692, 693, 694, 695, 696, 697, 698, 699, 700, 701, 702, 703, 704, 705, 706, 707, 708, 709, 710, 711, 712, 713, 714, 715, 716, 717, 718, 719, 720, 721, 722, 723, 724, 725, 726, 727, 728, 729, 730, 731, 732, 733, 734, 735, 736, 737, 738, 739, 740, 741, 742, 743, 744, 745, 746, 747, 748, 749, 750, 751, 752, 753, 754, 755, 756, 757, 758, 759, 760, 761, 762, 763, 764, 765, 766, 767, 768, 769, 770, 771, 772, 773, 774, 775, 776, 777, 778, 779, 780, 781, 782, 783, 784, 785, 786, 787, 788, 789, 790, 791, 792, 793]",False,"[245, 291, 709, 750]","[103, 104, 105, 106, 107, 108, 109, 110, 111, 112, 113, 114, 115, 116, 117, 118, 119, 120, 121, 122, 123, 124, 125, 126, 127, 128, 129, 130, 131, 132, 133, 134, 135, 136, 137, 138, 139, 140, 141, 142, 143, 144, 145, 146, 147, 148, 149, 150, 151, 152, 153, 154, 155, 156, 157, 158, 159, 160, 161, 162, 163, 164, 165, 166, 167, 168, 169, 170, 171, 172, 173, 174, 175, 176, 177, 178, 179, 180, 181, 182, 183, 184, 185, 186, 187, 188, 189, 190, 191, 192, 193, 194, 195, 196, 197, 198, 199, 200, 201, 202, 203, 204, 205, 206, 207, 208, 209, 210, 211, 212, 213, 214, 215, 216, 217, 218, 219, 220, 221, 222, 223, 224, 225, 226, 227, 228, 229, 230, 231, 232, 233, 234, 235, 236, 237, 238, 239, 240, 241, 242, 243, 244, 245, 246, 247, 248, 249, 250, 251, 252, 253, 254, 255, 256, 257, 258, 259, 260, 261, 262, 263, 264, 265, 266, 267, 268, 269, 270, 271, 272, 273, 274, 275, 276, 277, 278, 279, 280, 281, 282, 283, 284, 285, 286, 287, 288, 289, 290, 291, 292, 293, 294, 295, 296, 297, 298, 299, 300, 301, 302, 303, 304, 305, 306, 307, 308, 309, 310, 311, 312, 313, 314, 315, 316, 317, 318, 319, 320, 321, 322, 323, 324, 325, 326, 327, 328, 329, 330, 331, 332, 333, 334, 335, 336, 337, 574, 575, 576, 577, 578, 579, 580, 581, 582, 583, 584, 585, 586, 587, 588, 589, 590, 591, 592, 593, 594, 595, 596, 597, 598, 599, 600, 601, 602, 603, 604, 605, 606, 607, 608, 609, 610, 611, 612, 613, 614, 615, 616, 617, 618, 619, 620, 621, 622, 623, 624, 625, 626, 627, 628, 629, 630, 631, 632, 633, 634, 635, 636, 637, 638, 639, 640, 641, 642, 643, 644, 645, 646, 647, 648, 649, 650, 651, 652, 653, 654, 655, 656, 657, 658, 659, 660, 661, 662, 663, 664, 665, 666, 667, 668, 669, 670, 671, 672, 673, 674, 675, 676, 677, 678, 679, 680, 681, 682, 683, 684, 685, 686, 687, 688, 689, 690, 691, 692, 693, 694, 695, 696, 697, 698, 699, 700, 701, 702, 703, 704, 705, 706, 707, 708, 709, 710, 711, 712, 713, 714, 715, 716, 717, 718, 719, 720, 721, 722, 723, 724, 725, 726, 727, 728, 729, 730, 731, 732, 733, 734, 735, 736, 737, 738, 739, 740, 741, 742, 743, 744, 745, 746, 747, 748, 749, 750, 751, 752, 753, 754, 755, 756, 757, 758, 759, 760, 761, 762, 763, 764, 765, 766, 767, 768, 769, 770, 771, 772, 773, 774, 775, 776, 777, 778, 779, 780, 781, 782, 783, 784, 785, 786, 787, 788, 789, 790, 791, 792, 793]","[245, 291, 709, 750]","[291, 750]","[105, 114, 138, 141, 152, 153, 154, 155, 157, 159, 164, 165, 176, 182, 191, 192, 194, 195, 196, 200, 204, 208, 209, 210, 211, 215, 226, 228, 241, 242, 243, 245, 248, 249, 250, 257, 261, 270, 271, 282, 287, 289, 291, 294, 296, 298, 306, 308, 309, 311, 314, 327, 333, 335, 337, 576, 585, 609, 612, 623, 624, 626, 627, 629, 631, 636, 637, 647, 653, 662, 663, 665, 666, 667, 671, 674, 678, 679, 680, 681, 690, 692, 705, 706, 707, 709, 711, 712, 713, 719, 721, 729, 730, 741, 746, 748, 750, 753, 755, 757, 764, 766, 767, 769, 772, 785, 791]",[],[],7/6 successful match,False,,False,369,False,,0.84375,True,USA Fuel Stop Ave ),
Orland ( 95963 ) Fuel Stop ( Shell ),2 530-865-9645 I-5 Exit 618 ( South St E ),24 S <U+25A1>,Orland,95963,Fuel Stop ( Shell ),530-865-9645,2014,Orland,CA,Shell,( South St E ),I-5 Exit 618 ,Exit,618,False,,False,I-5,,,,,[],"[245, 291, 709, 750]","[245, 291, 709, 750]","[291, 750]","[103, 104, 105, 106, 107, 108, 109, 110, 111, 112, 113, 114, 115, 116, 117, 118, 119, 120, 121, 122, 123, 124, 125, 126, 127, 128, 129, 130, 131, 132, 133, 134, 135, 136, 137, 138, 139, 140, 141, 142, 143, 144, 145, 146, 147, 148, 149, 150, 151, 152, 153, 154, 155, 156, 157, 158, 159, 160, 161, 162, 163, 164, 165, 166, 167, 168, 169, 170, 171, 172, 173, 174, 175, 176, 177, 178, 179, 180, 181, 182, 183, 184, 185, 186, 187, 188, 189, 190, 191, 192, 193, 194, 195, 196, 197, 198, 199, 200, 201, 202, 203, 204, 205, 206, 207, 208, 209, 210, 211, 212, 213, 214, 215, 216, 217, 218, 219, 220, 221, 222, 223, 224, 225, 226, 227, 228, 229, 230, 231, 232, 233, 234, 235, 236, 237, 238, 239, 240, 241, 242, 243, 244, 245, 246, 247, 248, 249, 250, 251, 252, 253, 254, 255, 256, 257, 258, 259, 260, 261, 262, 263, 264, 265, 266, 267, 268, 269, 270, 271, 272, 273, 274, 275, 276, 277, 278, 279, 280, 281, 282, 283, 284, 285, 286, 287, 288, 289, 290, 291, 292, 293, 294, 295, 296, 297, 298, 299, 300, 301, 302, 303, 304, 305, 306, 307, 308, 309, 310, 311, 312, 313, 314, 315, 316, 317, 318, 319, 320, 321, 322, 323, 324, 325, 326, 327, 328, 329, 330, 331, 332, 333, 334, 335, 336, 337, 574, 575, 576, 577, 578, 579, 580, 581, 582, 583, 584, 585, 586, 587, 588, 589, 590, 591, 592, 593, 594, 595, 596, 597, 598, 599, 600, 601, 602, 603, 604, 605, 606, 607, 608, 609, 610, 611, 612, 613, 614, 615, 616, 617, 618, 619, 620, 621, 622, 623, 624, 625, 626, 627, 628, 629, 630, 631, 632, 633, 634, 635, 636, 637, 638, 639, 640, 641, 642, 643, 644, 645, 646, 647, 648, 649, 650, 651, 652, 653, 654, 655, 656, 657, 658, 659, 660, 661, 662, 663, 664, 665, 666, 667, 668, 669, 670, 671, 672, 673, 674, 675, 676, 677, 678, 679, 680, 681, 682, 683, 684, 685, 686, 687, 688, 689, 690, 691, 692, 693, 694, 695, 696, 697, 698, 699, 700, 701, 702, 703, 704, 705, 706, 707, 708, 709, 710, 711, 712, 713, 714, 715, 716, 717, 718, 719, 720, 721, 722, 723, 724, 725, 726, 727, 728, 729, 730, 731, 732, 733, 734, 735, 736, 737, 738, 739, 740, 741, 742, 743, 744, 745, 746, 747, 748, 749, 750, 751, 752, 753, 754, 755, 756, 757, 758, 759, 760, 761, 762, 763, 764, 765, 766, 767, 768, 769, 770, 771, 772, 773, 774, 775, 776, 777, 778, 779, 780, 781, 782, 783, 784, 785, 786, 787, 788, 789, 790, 791, 792, 793]","[105, 114, 138, 141, 152, 153, 154, 155, 157, 159, 164, 165, 176, 182, 191, 192, 194, 195, 196, 200, 204, 208, 209, 210, 211, 215, 226, 228, 241, 242, 243, 245, 248, 249, 250, 257, 261, 270, 271, 282, 287, 289, 291, 294, 296, 298, 306, 308, 309, 311, 314, 327, 333, 335, 337, 576, 585, 609, 612, 623, 624, 626, 627, 629, 631, 636, 637, 647, 653, 662, 663, 665, 666, 667, 671, 674, 678, 679, 680, 681, 690, 692, 705, 706, 707, 709, 711, 712, 713, 719, 721, 729, 730, 741, 746, 748, 750, 753, 755, 757, 764, 766, 767, 769, 772, 785, 791]","[1, 13, 14, 29, 54, 55, 56, 57, 58, 60, 102, 118, 125, 127, 130, 134, 146, 149, 153, 175, 182, 187, 189, 191, 197, 225, 230, 238, 264, 265, 266, 286, 302, 317, 336, 379, 388, 389, 425, 454, 458, 463, 475, 487, 498, 499, 512, 530, 531, 532, 533, 534, 536, 573, 589, 596, 598, 601, 605, 617, 620, 624, 646, 653, 658, 660, 662, 668, 689, 694, 702, 724, 725, 745, 760, 775, 793, 829, 838, 839, 877, 901, 903, 905, 910, 923]","[1, 13, 14, 29, 54, 55, 56, 57, 58, 60, 102, 118, 125, 127, 130, 134, 146, 149, 153, 175, 182, 187, 189, 191, 197, 225, 230, 238, 264, 265, 266, 286, 302, 317, 336, 354, 379, 388, 389, 425, 454, 458, 463, 475, 487, 498, 499, 512, 530, 531, 532, 533, 534, 536, 573, 589, 596, 598, 601, 605, 617, 620, 624, 646, 653, 658, 660, 662, 668, 689, 694, 702, 724, 725, 745, 760, 775, 793, 809, 829, 838, 839, 877, 901, 903, 905, 910, 923]","[1, 13, 14, 29, 54, 55, 56, 57, 58, 60, 102, 103, 104, 105, 106, 107, 108, 109, 110, 111, 112, 113, 114, 115, 116, 117, 118, 119, 120, 121, 122, 123, 124, 125, 126, 127, 128, 129, 130, 131, 132, 133, 134, 135, 136, 137, 138, 139, 140, 141, 142, 143, 144, 145, 146, 147, 148, 149, 150, 151, 152, 153, 154, 155, 156, 157, 158, 159, 160, 161, 162, 163, 164, 165, 166, 167, 168, 169, 170, 171, 172, 173, 174, 175, 176, 177, 178, 179, 180, 181, 182, 183, 184, 185, 186, 187, 188, 189, 190, 191, 192, 193, 194, 195, 196, 197, 198, 199, 200, 201, 202, 203, 204, 205, 206, 207, 208, 209, 210, 211, 212, 213, 214, 215, 216, 217, 218, 219, 220, 221, 222, 223, 224, 225, 226, 227, 228, 229, 230, 231, 232, 233, 234, 235, 236, 237, 238, 239, 240, 241, 242, 243, 244, 245, 246, 247, 248, 249, 250, 251, 252, 253, 254, 255, 256, 257, 258, 259, 260, 261, 262, 263, 264, 265, 266, 267, 268, 269, 270, 271, 272, 273, 274, 275, 276, 277, 278, 279, 280, 281, 282, 283, 284, 285, 286, 287, 288, 289, 290, 291, 292, 293, 294, 295, 296, 297, 298, 299, 300, 301, 302, 303, 304, 305, 306, 307, 308, 309, 310, 311, 312, 313, 314, 315, 316, 317, 318, 319, 320, 321, 322, 323, 324, 325, 326, 327, 328, 329, 330, 331, 332, 333, 334, 335, 336, 337, 354, 379, 388, 389, 425, 454, 458, 463, 475, 487, 498, 499, 512, 530, 531, 532, 533, 534, 536, 573, 574, 575, 576, 577, 578, 579, 580, 581, 582, 583, 584, 585, 586, 587, 588, 589, 590, 591, 592, 593, 594, 595, 596, 597, 598, 599, 600, 601, 602, 603, 604, 605, 606, 607, 608, 609, 610, 611, 612, 613, 614, 615, 616, 617, 618, 619, 620, 621, 622, 623, 624, 625, 626, 627, 628, 629, 630, 631, 632, 633, 634, 635, 636, 637, 638, 639, 640, 641, 642, 643, 644, 645, 646, 647, 648, 649, 650, 651, 652, 653, 654, 655, 656, 657, 658, 659, 660, 661, 662, 663, 664, 665, 666, 667, 668, 669, 670, 671, 672, 673, 674, 675, 676, 677, 678, 679, 680, 681, 682, 683, 684, 685, 686, 687, 688, 689, 690, 691, 692, 693, 694, 695, 696, 697, 698, 699, 700, 701, 702, 703, 704, 705, 706, 707, 708, 709, 710, 711, 712, 713, 714, 715, 716, 717, 718, 719, 720, 721, 722, 723, 724, 725, 726, 727, 728, 729, 730, 731, 732, 733, 734, 735, 736, 737, 738, 739, 740, 741, 742, 743, 744, 745, 746, 747, 748, 749, 750, 751, 752, 753, 754, 755, 756, 757, 758, 759, 760, 761, 762, 763, 764, 765, 766, 767, 768, 769, 770, 771, 772, 773, 774, 775, 776, 777, 778, 779, 780, 781, 782, 783, 784, 785, 786, 787, 788, 789, 790, 791, 792, 793, 809, 829, 838, 839, 877, 901, 903, 905, 910, 923]",False,"[245, 291, 709, 750]","[103, 104, 105, 106, 107, 108, 109, 110, 111, 112, 113, 114, 115, 116, 117, 118, 119, 120, 121, 122, 123, 124, 125, 126, 127, 128, 129, 130, 131, 132, 133, 134, 135, 136, 137, 138, 139, 140, 141, 142, 143, 144, 145, 146, 147, 148, 149, 150, 151, 152, 153, 154, 155, 156, 157, 158, 159, 160, 161, 162, 163, 164, 165, 166, 167, 168, 169, 170, 171, 172, 173, 174, 175, 176, 177, 178, 179, 180, 181, 182, 183, 184, 185, 186, 187, 188, 189, 190, 191, 192, 193, 194, 195, 196, 197, 198, 199, 200, 201, 202, 203, 204, 205, 206, 207, 208, 209, 210, 211, 212, 213, 214, 215, 216, 217, 218, 219, 220, 221, 222, 223, 224, 225, 226, 227, 228, 229, 230, 231, 232, 233, 234, 235, 236, 237, 238, 239, 240, 241, 242, 243, 244, 245, 246, 247, 248, 249, 250, 251, 252, 253, 254, 255, 256, 257, 258, 259, 260, 261, 262, 263, 264, 265, 266, 267, 268, 269, 270, 271, 272, 273, 274, 275, 276, 277, 278, 279, 280, 281, 282, 283, 284, 285, 286, 287, 288, 289, 290, 291, 292, 293, 294, 295, 296, 297, 298, 299, 300, 301, 302, 303, 304, 305, 306, 307, 308, 309, 310, 311, 312, 313, 314, 315, 316, 317, 318, 319, 320, 321, 322, 323, 324, 325, 326, 327, 328, 329, 330, 331, 332, 333, 334, 335, 336, 337, 574, 575, 576, 577, 578, 579, 580, 581, 582, 583, 584, 585, 586, 587, 588, 589, 590, 591, 592, 593, 594, 595, 596, 597, 598, 599, 600, 601, 602, 603, 604, 605, 606, 607, 608, 609, 610, 611, 612, 613, 614, 615, 616, 617, 618, 619, 620, 621, 622, 623, 624, 625, 626, 627, 628, 629, 630, 631, 632, 633, 634, 635, 636, 637, 638, 639, 640, 641, 642, 643, 644, 645, 646, 647, 648, 649, 650, 651, 652, 653, 654, 655, 656, 657, 658, 659, 660, 661, 662, 663, 664, 665, 666, 667, 668, 669, 670, 671, 672, 673, 674, 675, 676, 677, 678, 679, 680, 681, 682, 683, 684, 685, 686, 687, 688, 689, 690, 691, 692, 693, 694, 695, 696, 697, 698, 699, 700, 701, 702, 703, 704, 705, 706, 707, 708, 709, 710, 711, 712, 713, 714, 715, 716, 717, 718, 719, 720, 721, 722, 723, 724, 725, 726, 727, 728, 729, 730, 731, 732, 733, 734, 735, 736, 737, 738, 739, 740, 741, 742, 743, 744, 745, 746, 747, 748, 749, 750, 751, 752, 753, 754, 755, 756, 757, 758, 759, 760, 761, 762, 763, 764, 765, 766, 767, 768, 769, 770, 771, 772, 773, 774, 775, 776, 777, 778, 779, 780, 781, 782, 783, 784, 785, 786, 787, 788, 789, 790, 791, 792, 793]","[245, 291, 709, 750]","[291, 750]","[105, 114, 138, 141, 152, 153, 154, 155, 157, 159, 164, 165, 176, 182, 191, 192, 194, 195, 196, 200, 204, 208, 209, 210, 211, 215, 226, 228, 241, 242, 243, 245, 248, 249, 250, 257, 261, 270, 271, 282, 287, 289, 291, 294, 296, 298, 306, 308, 309, 311, 314, 327, 333, 335, 337, 576, 585, 609, 612, 623, 624, 626, 627, 629, 631, 636, 637, 647, 653, 662, 663, 665, 666, 667, 671, 674, 678, 679, 680, 681, 690, 692, 705, 706, 707, 709, 711, 712, 713, 719, 721, 729, 730, 741, 746, 748, 750, 753, 755, 757, 764, 766, 767, 769, 772, 785, 791]","[1, 13, 14, 29, 54, 55, 56, 57, 58, 60, 102, 118, 125, 127, 130, 134, 146, 149, 153, 175, 182, 187, 189, 191, 197, 225, 230, 238, 264, 265, 266, 286, 302, 317, 336, 354, 379, 388, 389, 425, 454, 458, 463, 475, 487, 498, 499, 512, 530, 531, 532, 533, 534, 536, 573, 589, 596, 598, 601, 605, 617, 620, 624, 646, 653, 658, 660, 662, 668, 689, 694, 702, 724, 725, 745, 760, 775, 793, 809, 829, 838, 839, 877, 901, 903, 905, 910, 923]","[1, 13, 14, 29, 54, 55, 56, 57, 58, 60, 102, 118, 125, 127, 130, 134, 146, 149, 153, 175, 182, 187, 189, 191, 197, 225, 230, 238, 264, 265, 266, 286, 302, 317, 336, 379, 388, 389, 425, 454, 458, 463, 475, 487, 498, 499, 512, 530, 531, 532, 533, 534, 536, 573, 589, 596, 598, 601, 605, 617, 620, 624, 646, 653, 658, 660, 662, 668, 689, 694, 702, 724, 725, 745, 760, 775, 793, 829, 838, 839, 877, 901, 903, 905, 910, 923]",5/6 successful match,False,,False,369,False,,0.28125,True,USA Fuel Stop,
Orland ( 95963 ) Fuel Stop ( Shell ) ),530-865-9645 I-5 Exit 618 ( South St E ),24 E D <U+25A1> <U+25A1>,Orland,95963,Fuel Stop ( Shell ) ),530-865-9645,2015,Orland,CA,Shell,( South St E ),I-5 Exit 618 ,Exit,618,False,,False,I-5,,,,,[],"[245, 291, 709, 750]","[245, 291, 709, 750]","[291, 750]","[103, 104, 105, 106, 107, 108, 109, 110, 111, 112, 113, 114, 115, 116, 117, 118, 119, 120, 121, 122, 123, 124, 125, 126, 127, 128, 129, 130, 131, 132, 133, 134, 135, 136, 137, 138, 139, 140, 141, 142, 143, 144, 145, 146, 147, 148, 149, 150, 151, 152, 153, 154, 155, 156, 157, 158, 159, 160, 161, 162, 163, 164, 165, 166, 167, 168, 169, 170, 171, 172, 173, 174, 175, 176, 177, 178, 179, 180, 181, 182, 183, 184, 185, 186, 187, 188, 189, 190, 191, 192, 193, 194, 195, 196, 197, 198, 199, 200, 201, 202, 203, 204, 205, 206, 207, 208, 209, 210, 211, 212, 213, 214, 215, 216, 217, 218, 219, 220, 221, 222, 223, 224, 225, 226, 227, 228, 229, 230, 231, 232, 233, 234, 235, 236, 237, 238, 239, 240, 241, 242, 243, 244, 245, 246, 247, 248, 249, 250, 251, 252, 253, 254, 255, 256, 257, 258, 259, 260, 261, 262, 263, 264, 265, 266, 267, 268, 269, 270, 271, 272, 273, 274, 275, 276, 277, 278, 279, 280, 281, 282, 283, 284, 285, 286, 287, 288, 289, 290, 291, 292, 293, 294, 295, 296, 297, 298, 299, 300, 301, 302, 303, 304, 305, 306, 307, 308, 309, 310, 311, 312, 313, 314, 315, 316, 317, 318, 319, 320, 321, 322, 323, 324, 325, 326, 327, 328, 329, 330, 331, 332, 333, 334, 335, 336, 337, 574, 575, 576, 577, 578, 579, 580, 581, 582, 583, 584, 585, 586, 587, 588, 589, 590, 591, 592, 593, 594, 595, 596, 597, 598, 599, 600, 601, 602, 603, 604, 605, 606, 607, 608, 609, 610, 611, 612, 613, 614, 615, 616, 617, 618, 619, 620, 621, 622, 623, 624, 625, 626, 627, 628, 629, 630, 631, 632, 633, 634, 635, 636, 637, 638, 639, 640, 641, 642, 643, 644, 645, 646, 647, 648, 649, 650, 651, 652, 653, 654, 655, 656, 657, 658, 659, 660, 661, 662, 663, 664, 665, 666, 667, 668, 669, 670, 671, 672, 673, 674, 675, 676, 677, 678, 679, 680, 681, 682, 683, 684, 685, 686, 687, 688, 689, 690, 691, 692, 693, 694, 695, 696, 697, 698, 699, 700, 701, 702, 703, 704, 705, 706, 707, 708, 709, 710, 711, 712, 713, 714, 715, 716, 717, 718, 719, 720, 721, 722, 723, 724, 725, 726, 727, 728, 729, 730, 731, 732, 733, 734, 735, 736, 737, 738, 739, 740, 741, 742, 743, 744, 745, 746, 747, 748, 749, 750, 751, 752, 753, 754, 755, 756, 757, 758, 759, 760, 761, 762, 763, 764, 765, 766, 767, 768, 769, 770, 771, 772, 773, 774, 775, 776, 777, 778, 779, 780, 781, 782, 783, 784, 785, 786, 787, 788, 789, 790, 791, 792, 793]","[105, 114, 138, 141, 152, 153, 154, 155, 157, 159, 164, 165, 176, 182, 191, 192, 194, 195, 196, 200, 204, 208, 209, 210, 211, 215, 226, 228, 241, 242, 243, 245, 248, 249, 250, 257, 261, 270, 271, 282, 287, 289, 291, 294, 296, 298, 306, 308, 309, 311, 314, 327, 333, 335, 337, 576, 585, 609, 612, 623, 624, 626, 627, 629, 631, 636, 637, 647, 653, 662, 663, 665, 666, 667, 671, 674, 678, 679, 680, 681, 690, 692, 705, 706, 707, 709, 711, 712, 713, 719, 721, 729, 730, 741, 746, 748, 750, 753, 755, 757, 764, 766, 767, 769, 772, 785, 791]","[1, 13, 14, 29, 54, 55, 56, 57, 58, 60, 102, 118, 125, 127, 130, 134, 146, 149, 153, 175, 182, 187, 189, 191, 197, 225, 230, 238, 264, 265, 266, 286, 302, 317, 336, 379, 388, 389, 425, 454, 458, 463, 475, 487, 498, 499, 512, 530, 531, 532, 533, 534, 536, 573, 589, 596, 598, 601, 605, 617, 620, 624, 646, 653, 658, 660, 662, 668, 689, 694, 702, 724, 725, 745, 760, 775, 793, 829, 838, 839, 877, 901, 903, 905, 910, 923]","[1, 13, 14, 29, 54, 55, 56, 57, 58, 60, 102, 118, 125, 127, 130, 134, 146, 149, 153, 175, 182, 187, 189, 191, 197, 225, 230, 238, 264, 265, 266, 286, 302, 317, 336, 354, 379, 388, 389, 425, 454, 458, 463, 475, 487, 498, 499, 512, 530, 531, 532, 533, 534, 536, 573, 589, 596, 598, 601, 605, 617, 620, 624, 646, 653, 658, 660, 662, 668, 689, 694, 702, 724, 725, 745, 760, 775, 793, 809, 829, 838, 839, 877, 901, 903, 905, 910, 923]","[1, 13, 14, 29, 54, 55, 56, 57, 58, 60, 102, 103, 104, 105, 106, 107, 108, 109, 110, 111, 112, 113, 114, 115, 116, 117, 118, 119, 120, 121, 122, 123, 124, 125, 126, 127, 128, 129, 130, 131, 132, 133, 134, 135, 136, 137, 138, 139, 140, 141, 142, 143, 144, 145, 146, 147, 148, 149, 150, 151, 152, 153, 154, 155, 156, 157, 158, 159, 160, 161, 162, 163, 164, 165, 166, 167, 168, 169, 170, 171, 172, 173, 174, 175, 176, 177, 178, 179, 180, 181, 182, 183, 184, 185, 186, 187, 188, 189, 190, 191, 192, 193, 194, 195, 196, 197, 198, 199, 200, 201, 202, 203, 204, 205, 206, 207, 208, 209, 210, 211, 212, 213, 214, 215, 216, 217, 218, 219, 220, 221, 222, 223, 224, 225, 226, 227, 228, 229, 230, 231, 232, 233, 234, 235, 236, 237, 238, 239, 240, 241, 242, 243, 244, 245, 246, 247, 248, 249, 250, 251, 252, 253, 254, 255, 256, 257, 258, 259, 260, 261, 262, 263, 264, 265, 266, 267, 268, 269, 270, 271, 272, 273, 274, 275, 276, 277, 278, 279, 280, 281, 282, 283, 284, 285, 286, 287, 288, 289, 290, 291, 292, 293, 294, 295, 296, 297, 298, 299, 300, 301, 302, 303, 304, 305, 306, 307, 308, 309, 310, 311, 312, 313, 314, 315, 316, 317, 318, 319, 320, 321, 322, 323, 324, 325, 326, 327, 328, 329, 330, 331, 332, 333, 334, 335, 336, 337, 354, 379, 388, 389, 425, 454, 458, 463, 475, 487, 498, 499, 512, 530, 531, 532, 533, 534, 536, 573, 574, 575, 576, 577, 578, 579, 580, 581, 582, 583, 584, 585, 586, 587, 588, 589, 590, 591, 592, 593, 594, 595, 596, 597, 598, 599, 600, 601, 602, 603, 604, 605, 606, 607, 608, 609, 610, 611, 612, 613, 614, 615, 616, 617, 618, 619, 620, 621, 622, 623, 624, 625, 626, 627, 628, 629, 630, 631, 632, 633, 634, 635, 636, 637, 638, 639, 640, 641, 642, 643, 644, 645, 646, 647, 648, 649, 650, 651, 652, 653, 654, 655, 656, 657, 658, 659, 660, 661, 662, 663, 664, 665, 666, 667, 668, 669, 670, 671, 672, 673, 674, 675, 676, 677, 678, 679, 680, 681, 682, 683, 684, 685, 686, 687, 688, 689, 690, 691, 692, 693, 694, 695, 696, 697, 698, 699, 700, 701, 702, 703, 704, 705, 706, 707, 708, 709, 710, 711, 712, 713, 714, 715, 716, 717, 718, 719, 720, 721, 722, 723, 724, 725, 726, 727, 728, 729, 730, 731, 732, 733, 734, 735, 736, 737, 738, 739, 740, 741, 742, 743, 744, 745, 746, 747, 748, 749, 750, 751, 752, 753, 754, 755, 756, 757, 758, 759, 760, 761, 762, 763, 764, 765, 766, 767, 768, 769, 770, 771, 772, 773, 774, 775, 776, 777, 778, 779, 780, 781, 782, 783, 784, 785, 786, 787, 788, 789, 790, 791, 792, 793, 809, 829, 838, 839, 877, 901, 903, 905, 910, 923]",False,"[245, 291, 709, 750]","[103, 104, 105, 106, 107, 108, 109, 110, 111, 112, 113, 114, 115, 116, 117, 118, 119, 120, 121, 122, 123, 124, 125, 126, 127, 128, 129, 130, 131, 132, 133, 134, 135, 136, 137, 138, 139, 140, 141, 142, 143, 144, 145, 146, 147, 148, 149, 150, 151, 152, 153, 154, 155, 156, 157, 158, 159, 160, 161, 162, 163, 164, 165, 166, 167, 168, 169, 170, 171, 172, 173, 174, 175, 176, 177, 178, 179, 180, 181, 182, 183, 184, 185, 186, 187, 188, 189, 190, 191, 192, 193, 194, 195, 196, 197, 198, 199, 200, 201, 202, 203, 204, 205, 206, 207, 208, 209, 210, 211, 212, 213, 214, 215, 216, 217, 218, 219, 220, 221, 222, 223, 224, 225, 226, 227, 228, 229, 230, 231, 232, 233, 234, 235, 236, 237, 238, 239, 240, 241, 242, 243, 244, 245, 246, 247, 248, 249, 250, 251, 252, 253, 254, 255, 256, 257, 258, 259, 260, 261, 262, 263, 264, 265, 266, 267, 268, 269, 270, 271, 272, 273, 274, 275, 276, 277, 278, 279, 280, 281, 282, 283, 284, 285, 286, 287, 288, 289, 290, 291, 292, 293, 294, 295, 296, 297, 298, 299, 300, 301, 302, 303, 304, 305, 306, 307, 308, 309, 310, 311, 312, 313, 314, 315, 316, 317, 318, 319, 320, 321, 322, 323, 324, 325, 326, 327, 328, 329, 330, 331, 332, 333, 334, 335, 336, 337, 574, 575, 576, 577, 578, 579, 580, 581, 582, 583, 584, 585, 586, 587, 588, 589, 590, 591, 592, 593, 594, 595, 596, 597, 598, 599, 600, 601, 602, 603, 604, 605, 606, 607, 608, 609, 610, 611, 612, 613, 614, 615, 616, 617, 618, 619, 620, 621, 622, 623, 624, 625, 626, 627, 628, 629, 630, 631, 632, 633, 634, 635, 636, 637, 638, 639, 640, 641, 642, 643, 644, 645, 646, 647, 648, 649, 650, 651, 652, 653, 654, 655, 656, 657, 658, 659, 660, 661, 662, 663, 664, 665, 666, 667, 668, 669, 670, 671, 672, 673, 674, 675, 676, 677, 678, 679, 680, 681, 682, 683, 684, 685, 686, 687, 688, 689, 690, 691, 692, 693, 694, 695, 696, 697, 698, 699, 700, 701, 702, 703, 704, 705, 706, 707, 708, 709, 710, 711, 712, 713, 714, 715, 716, 717, 718, 719, 720, 721, 722, 723, 724, 725, 726, 727, 728, 729, 730, 731, 732, 733, 734, 735, 736, 737, 738, 739, 740, 741, 742, 743, 744, 745, 746, 747, 748, 749, 750, 751, 752, 753, 754, 755, 756, 757, 758, 759, 760, 761, 762, 763, 764, 765, 766, 767, 768, 769, 770, 771, 772, 773, 774, 775, 776, 777, 778, 779, 780, 781, 782, 783, 784, 785, 786, 787, 788, 789, 790, 791, 792, 793]","[245, 291, 709, 750]","[291, 750]","[105, 114, 138, 141, 152, 153, 154, 155, 157, 159, 164, 165, 176, 182, 191, 192, 194, 195, 196, 200, 204, 208, 209, 210, 211, 215, 226, 228, 241, 242, 243, 245, 248, 249, 250, 257, 261, 270, 271, 282, 287, 289, 291, 294, 296, 298, 306, 308, 309, 311, 314, 327, 333, 335, 337, 576, 585, 609, 612, 623, 624, 626, 627, 629, 631, 636, 637, 647, 653, 662, 663, 665, 666, 667, 671, 674, 678, 679, 680, 681, 690, 692, 705, 706, 707, 709, 711, 712, 713, 719, 721, 729, 730, 741, 746, 748, 750, 753, 755, 757, 764, 766, 767, 769, 772, 785, 791]","[1, 13, 14, 29, 54, 55, 56, 57, 58, 60, 102, 118, 125, 127, 130, 134, 146, 149, 153, 175, 182, 187, 189, 191, 197, 225, 230, 238, 264, 265, 266, 286, 302, 317, 336, 354, 379, 388, 389, 425, 454, 458, 463, 475, 487, 498, 499, 512, 530, 531, 532, 533, 534, 536, 573, 589, 596, 598, 601, 605, 617, 620, 624, 646, 653, 658, 660, 662, 668, 689, 694, 702, 724, 725, 745, 760, 775, 793, 809, 829, 838, 839, 877, 901, 903, 905, 910, 923]","[1, 13, 14, 29, 54, 55, 56, 57, 58, 60, 102, 118, 125, 127, 130, 134, 146, 149, 153, 175, 182, 187, 189, 191, 197, 225, 230, 238, 264, 265, 266, 286, 302, 317, 336, 379, 388, 389, 425, 454, 458, 463, 475, 487, 498, 499, 512, 530, 531, 532, 533, 534, 536, 573, 589, 596, 598, 601, 605, 617, 620, 624, 646, 653, 658, 660, 662, 668, 689, 694, 702, 724, 725, 745, 760, 775, 793, 829, 838, 839, 877, 901, 903, 905, 910, 923]",5/6 successful match,False,,False,369,False,,0.975,True,Fuel Stop ( Shell ),Shell
Orland ( 95963 ) Fuel Stop ( Shell ) ),530-865-9645 I-5 Exit 618 ( South St E ),24 <U+2610> <U+25A1>,Orland,95963,Fuel Stop ( Shell ) ),530-865-9645,2016,Orland,CA,Shell,( South St E ),I-5 Exit 618 ,Exit,618,False,,False,I-5,,,,,[],"[245, 291, 709, 750]","[245, 291, 709, 750]","[291, 750]","[103, 104, 105, 106, 107, 108, 109, 110, 111, 112, 113, 114, 115, 116, 117, 118, 119, 120, 121, 122, 123, 124, 125, 126, 127, 128, 129, 130, 131, 132, 133, 134, 135, 136, 137, 138, 139, 140, 141, 142, 143, 144, 145, 146, 147, 148, 149, 150, 151, 152, 153, 154, 155, 156, 157, 158, 159, 160, 161, 162, 163, 164, 165, 166, 167, 168, 169, 170, 171, 172, 173, 174, 175, 176, 177, 178, 179, 180, 181, 182, 183, 184, 185, 186, 187, 188, 189, 190, 191, 192, 193, 194, 195, 196, 197, 198, 199, 200, 201, 202, 203, 204, 205, 206, 207, 208, 209, 210, 211, 212, 213, 214, 215, 216, 217, 218, 219, 220, 221, 222, 223, 224, 225, 226, 227, 228, 229, 230, 231, 232, 233, 234, 235, 236, 237, 238, 239, 240, 241, 242, 243, 244, 245, 246, 247, 248, 249, 250, 251, 252, 253, 254, 255, 256, 257, 258, 259, 260, 261, 262, 263, 264, 265, 266, 267, 268, 269, 270, 271, 272, 273, 274, 275, 276, 277, 278, 279, 280, 281, 282, 283, 284, 285, 286, 287, 288, 289, 290, 291, 292, 293, 294, 295, 296, 297, 298, 299, 300, 301, 302, 303, 304, 305, 306, 307, 308, 309, 310, 311, 312, 313, 314, 315, 316, 317, 318, 319, 320, 321, 322, 323, 324, 325, 326, 327, 328, 329, 330, 331, 332, 333, 334, 335, 336, 337, 574, 575, 576, 577, 578, 579, 580, 581, 582, 583, 584, 585, 586, 587, 588, 589, 590, 591, 592, 593, 594, 595, 596, 597, 598, 599, 600, 601, 602, 603, 604, 605, 606, 607, 608, 609, 610, 611, 612, 613, 614, 615, 616, 617, 618, 619, 620, 621, 622, 623, 624, 625, 626, 627, 628, 629, 630, 631, 632, 633, 634, 635, 636, 637, 638, 639, 640, 641, 642, 643, 644, 645, 646, 647, 648, 649, 650, 651, 652, 653, 654, 655, 656, 657, 658, 659, 660, 661, 662, 663, 664, 665, 666, 667, 668, 669, 670, 671, 672, 673, 674, 675, 676, 677, 678, 679, 680, 681, 682, 683, 684, 685, 686, 687, 688, 689, 690, 691, 692, 693, 694, 695, 696, 697, 698, 699, 700, 701, 702, 703, 704, 705, 706, 707, 708, 709, 710, 711, 712, 713, 714, 715, 716, 717, 718, 719, 720, 721, 722, 723, 724, 725, 726, 727, 728, 729, 730, 731, 732, 733, 734, 735, 736, 737, 738, 739, 740, 741, 742, 743, 744, 745, 746, 747, 748, 749, 750, 751, 752, 753, 754, 755, 756, 757, 758, 759, 760, 761, 762, 763, 764, 765, 766, 767, 768, 769, 770, 771, 772, 773, 774, 775, 776, 777, 778, 779, 780, 781, 782, 783, 784, 785, 786, 787, 788, 789, 790, 791, 792, 793]","[105, 114, 138, 141, 152, 153, 154, 155, 157, 159, 164, 165, 176, 182, 191, 192, 194, 195, 196, 200, 204, 208, 209, 210, 211, 215, 226, 228, 241, 242, 243, 245, 248, 249, 250, 257, 261, 270, 271, 282, 287, 289, 291, 294, 296, 298, 306, 308, 309, 311, 314, 327, 333, 335, 337, 576, 585, 609, 612, 623, 624, 626, 627, 629, 631, 636, 637, 647, 653, 662, 663, 665, 666, 667, 671, 674, 678, 679, 680, 681, 690, 692, 705, 706, 707, 709, 711, 712, 713, 719, 721, 729, 730, 741, 746, 748, 750, 753, 755, 757, 764, 766, 767, 769, 772, 785, 791]","[1, 13, 14, 29, 54, 55, 56, 57, 58, 60, 102, 118, 125, 127, 130, 134, 146, 149, 153, 175, 182, 187, 189, 191, 197, 225, 230, 238, 264, 265, 266, 286, 302, 317, 336, 379, 388, 389, 425, 454, 458, 463, 475, 487, 498, 499, 512, 530, 531, 532, 533, 534, 536, 573, 589, 596, 598, 601, 605, 617, 620, 624, 646, 653, 658, 660, 662, 668, 689, 694, 702, 724, 725, 745, 760, 775, 793, 829, 838, 839, 877, 901, 903, 905, 910, 923]","[1, 13, 14, 29, 54, 55, 56, 57, 58, 60, 102, 118, 125, 127, 130, 134, 146, 149, 153, 175, 182, 187, 189, 191, 197, 225, 230, 238, 264, 265, 266, 286, 302, 317, 336, 354, 379, 388, 389, 425, 454, 458, 463, 475, 487, 498, 499, 512, 530, 531, 532, 533, 534, 536, 573, 589, 596, 598, 601, 605, 617, 620, 624, 646, 653, 658, 660, 662, 668, 689, 694, 702, 724, 725, 745, 760, 775, 793, 809, 829, 838, 839, 877, 901, 903, 905, 910, 923]","[1, 13, 14, 29, 54, 55, 56, 57, 58, 60, 102, 103, 104, 105, 106, 107, 108, 109, 110, 111, 112, 113, 114, 115, 116, 117, 118, 119, 120, 121, 122, 123, 124, 125, 126, 127, 128, 129, 130, 131, 132, 133, 134, 135, 136, 137, 138, 139, 140, 141, 142, 143, 144, 145, 146, 147, 148, 149, 150, 151, 152, 153, 154, 155, 156, 157, 158, 159, 160, 161, 162, 163, 164, 165, 166, 167, 168, 169, 170, 171, 172, 173, 174, 175, 176, 177, 178, 179, 180, 181, 182, 183, 184, 185, 186, 187, 188, 189, 190, 191, 192, 193, 194, 195, 196, 197, 198, 199, 200, 201, 202, 203, 204, 205, 206, 207, 208, 209, 210, 211, 212, 213, 214, 215, 216, 217, 218, 219, 220, 221, 222, 223, 224, 225, 226, 227, 228, 229, 230, 231, 232, 233, 234, 235, 236, 237, 238, 239, 240, 241, 242, 243, 244, 245, 246, 247, 248, 249, 250, 251, 252, 253, 254, 255, 256, 257, 258, 259, 260, 261, 262, 263, 264, 265, 266, 267, 268, 269, 270, 271, 272, 273, 274, 275, 276, 277, 278, 279, 280, 281, 282, 283, 284, 285, 286, 287, 288, 289, 290, 291, 292, 293, 294, 295, 296, 297, 298, 299, 300, 301, 302, 303, 304, 305, 306, 307, 308, 309, 310, 311, 312, 313, 314, 315, 316, 317, 318, 319, 320, 321, 322, 323, 324, 325, 326, 327, 328, 329, 330, 331, 332, 333, 334, 335, 336, 337, 354, 379, 388, 389, 425, 454, 458, 463, 475, 487, 498, 499, 512, 530, 531, 532, 533, 534, 536, 573, 574, 575, 576, 577, 578, 579, 580, 581, 582, 583, 584, 585, 586, 587, 588, 589, 590, 591, 592, 593, 594, 595, 596, 597, 598, 599, 600, 601, 602, 603, 604, 605, 606, 607, 608, 609, 610, 611, 612, 613, 614, 615, 616, 617, 618, 619, 620, 621, 622, 623, 624, 625, 626, 627, 628, 629, 630, 631, 632, 633, 634, 635, 636, 637, 638, 639, 640, 641, 642, 643, 644, 645, 646, 647, 648, 649, 650, 651, 652, 653, 654, 655, 656, 657, 658, 659, 660, 661, 662, 663, 664, 665, 666, 667, 668, 669, 670, 671, 672, 673, 674, 675, 676, 677, 678, 679, 680, 681, 682, 683, 684, 685, 686, 687, 688, 689, 690, 691, 692, 693, 694, 695, 696, 697, 698, 699, 700, 701, 702, 703, 704, 705, 706, 707, 708, 709, 710, 711, 712, 713, 714, 715, 716, 717, 718, 719, 720, 721, 722, 723, 724, 725, 726, 727, 728, 729, 730, 731, 732, 733, 734, 735, 736, 737, 738, 739, 740, 741, 742, 743, 744, 745, 746, 747, 748, 749, 750, 751, 752, 753, 754, 755, 756, 757, 758, 759, 760, 761, 762, 763, 764, 765, 766, 767, 768, 769, 770, 771, 772, 773, 774, 775, 776, 777, 778, 779, 780, 781, 782, 783, 784, 785, 786, 787, 788, 789, 790, 791, 792, 793, 809, 829, 838, 839, 877, 901, 903, 905, 910, 923]",False,"[245, 291, 709, 750]","[103, 104, 105, 106, 107, 108, 109, 110, 111, 112, 113, 114, 115, 116, 117, 118, 119, 120, 121, 122, 123, 124, 125, 126, 127, 128, 129, 130, 131, 132, 133, 134, 135, 136, 137, 138, 139, 140, 141, 142, 143, 144, 145, 146, 147, 148, 149, 150, 151, 152, 153, 154, 155, 156, 157, 158, 159, 160, 161, 162, 163, 164, 165, 166, 167, 168, 169, 170, 171, 172, 173, 174, 175, 176, 177, 178, 179, 180, 181, 182, 183, 184, 185, 186, 187, 188, 189, 190, 191, 192, 193, 194, 195, 196, 197, 198, 199, 200, 201, 202, 203, 204, 205, 206, 207, 208, 209, 210, 211, 212, 213, 214, 215, 216, 217, 218, 219, 220, 221, 222, 223, 224, 225, 226, 227, 228, 229, 230, 231, 232, 233, 234, 235, 236, 237, 238, 239, 240, 241, 242, 243, 244, 245, 246, 247, 248, 249, 250, 251, 252, 253, 254, 255, 256, 257, 258, 259, 260, 261, 262, 263, 264, 265, 266, 267, 268, 269, 270, 271, 272, 273, 274, 275, 276, 277, 278, 279, 280, 281, 282, 283, 284, 285, 286, 287, 288, 289, 290, 291, 292, 293, 294, 295, 296, 297, 298, 299, 300, 301, 302, 303, 304, 305, 306, 307, 308, 309, 310, 311, 312, 313, 314, 315, 316, 317, 318, 319, 320, 321, 322, 323, 324, 325, 326, 327, 328, 329, 330, 331, 332, 333, 334, 335, 336, 337, 574, 575, 576, 577, 578, 579, 580, 581, 582, 583, 584, 585, 586, 587, 588, 589, 590, 591, 592, 593, 594, 595, 596, 597, 598, 599, 600, 601, 602, 603, 604, 605, 606, 607, 608, 609, 610, 611, 612, 613, 614, 615, 616, 617, 618, 619, 620, 621, 622, 623, 624, 625, 626, 627, 628, 629, 630, 631, 632, 633, 634, 635, 636, 637, 638, 639, 640, 641, 642, 643, 644, 645, 646, 647, 648, 649, 650, 651, 652, 653, 654, 655, 656, 657, 658, 659, 660, 661, 662, 663, 664, 665, 666, 667, 668, 669, 670, 671, 672, 673, 674, 675, 676, 677, 678, 679, 680, 681, 682, 683, 684, 685, 686, 687, 688, 689, 690, 691, 692, 693, 694, 695, 696, 697, 698, 699, 700, 701, 702, 703, 704, 705, 706, 707, 708, 709, 710, 711, 712, 713, 714, 715, 716, 717, 718, 719, 720, 721, 722, 723, 724, 725, 726, 727, 728, 729, 730, 731, 732, 733, 734, 735, 736, 737, 738, 739, 740, 741, 742, 743, 744, 745, 746, 747, 748, 749, 750, 751, 752, 753, 754, 755, 756, 757, 758, 759, 760, 761, 762, 763, 764, 765, 766, 767, 768, 769, 770, 771, 772, 773, 774, 775, 776, 777, 778, 779, 780, 781, 782, 783, 784, 785, 786, 787, 788, 789, 790, 791, 792, 793]","[245, 291, 709, 750]","[291, 750]","[105, 114, 138, 141, 152, 153, 154, 155, 157, 159, 164, 165, 176, 182, 191, 192, 194, 195, 196, 200, 204, 208, 209, 210, 211, 215, 226, 228, 241, 242, 243, 245, 248, 249, 250, 257, 261, 270, 271, 282, 287, 289, 291, 294, 296, 298, 306, 308, 309, 311, 314, 327, 333, 335, 337, 576, 585, 609, 612, 623, 624, 626, 627, 629, 631, 636, 637, 647, 653, 662, 663, 665, 666, 667, 671, 674, 678, 679, 680, 681, 690, 692, 705, 706, 707, 709, 711, 712, 713, 719, 721, 729, 730, 741, 746, 748, 750, 753, 755, 757, 764, 766, 767, 769, 772, 785, 791]","[1, 13, 14, 29, 54, 55, 56, 57, 58, 60, 102, 118, 125, 127, 130, 134, 146, 149, 153, 175, 182, 187, 189, 191, 197, 225, 230, 238, 264, 265, 266, 286, 302, 317, 336, 354, 379, 388, 389, 425, 454, 458, 463, 475, 487, 498, 499, 512, 530, 531, 532, 533, 534, 536, 573, 589, 596, 598, 601, 605, 617, 620, 624, 646, 653, 658, 660, 662, 668, 689, 694, 702, 724, 725, 745, 760, 775, 793, 809, 829, 838, 839, 877, 901, 903, 905, 910, 923]","[1, 13, 14, 29, 54, 55, 56, 57, 58, 60, 102, 118, 125, 127, 130, 134, 146, 149, 153, 175, 182, 187, 189, 191, 197, 225, 230, 238, 264, 265, 266, 286, 302, 317, 336, 379, 388, 389, 425, 454, 458, 463, 475, 487, 498, 499, 512, 530, 531, 532, 533, 534, 536, 573, 589, 596, 598, 601, 605, 617, 620, 624, 646, 653, 658, 660, 662, 668, 689, 694, 702, 724, 725, 745, 760, 775, 793, 829, 838, 839, 877, 901, 903, 905, 910, 923]",5/6 successful match,False,,False,369,False,,1.0,True,Fuel Stop ( Shell ) ),Shell
"Oroville , 95965 Gold Nugget 76 Station",3 530-533-9093 CA 70 & Georgia Pacific Way,000,Oroville,95965,Gold Nugget 76 Station,530-533-9093,2006,Oroville,CA,,,CA 70 & Georgia Pacific Way,empty,,False,,False,CA 70,Georgia Pacific Way,,,,[],[219],[219],[],"[103, 104, 105, 106, 107, 108, 109, 110, 111, 112, 113, 114, 115, 116, 117, 118, 119, 120, 121, 122, 123, 124, 125, 126, 127, 128, 129, 130, 131, 132, 133, 134, 135, 136, 137, 138, 139, 140, 141, 142, 143, 144, 145, 146, 147, 148, 149, 150, 151, 152, 153, 154, 155, 156, 157, 158, 159, 160, 161, 162, 163, 164, 165, 166, 167, 168, 169, 170, 171, 172, 173, 174, 175, 176, 177, 178, 179, 180, 181, 182, 183, 184, 185, 186, 187, 188, 189, 190, 191, 192, 193, 194, 195, 196, 197, 198, 199, 200, 201, 202, 203, 204, 205, 206, 207, 208, 209, 210, 211, 212, 213, 214, 215, 216, 217, 218, 219, 220, 221, 222, 223, 224, 225, 226, 227, 228, 229, 230, 231, 232, 233, 234, 235, 236, 237, 238, 239, 240, 241, 242, 243, 244, 245, 246, 247, 248, 249, 250, 251, 252, 253, 254, 255, 256, 257, 258, 259, 260, 261, 262, 263, 264, 265, 266, 267, 268, 269, 270, 271, 272, 273, 274, 275, 276, 277, 278, 279, 280, 281, 282, 283, 284, 285, 286, 287, 288, 289, 290, 291, 292, 293, 294, 295, 296, 297, 298, 299, 300, 301, 302, 303, 304, 305, 306, 307, 308, 309, 310, 311, 312, 313, 314, 315, 316, 317, 318, 319, 320, 321, 322, 323, 324, 325, 326, 327, 328, 329, 330, 331, 332, 333, 334, 335, 336, 337, 574, 575, 576, 577, 578, 579, 580, 581, 582, 583, 584, 585, 586, 587, 588, 589, 590, 591, 592, 593, 594, 595, 596, 597, 598, 599, 600, 601, 602, 603, 604, 605, 606, 607, 608, 609, 610, 611, 612, 613, 614, 615, 616, 617, 618, 619, 620, 621, 622, 623, 624, 625, 626, 627, 628, 629, 630, 631, 632, 633, 634, 635, 636, 637, 638, 639, 640, 641, 642, 643, 644, 645, 646, 647, 648, 649, 650, 651, 652, 653, 654, 655, 656, 657, 658, 659, 660, 661, 662, 663, 664, 665, 666, 667, 668, 669, 670, 671, 672, 673, 674, 675, 676, 677, 678, 679, 680, 681, 682, 683, 684, 685, 686, 687, 688, 689, 690, 691, 692, 693, 694, 695, 696, 697, 698, 699, 700, 701, 702, 703, 704, 705, 706, 707, 708, 709, 710, 711, 712, 713, 714, 715, 716, 717, 718, 719, 720, 721, 722, 723, 724, 725, 726, 727, 728, 729, 730, 731, 732, 733, 734, 735, 736, 737, 738, 739, 740, 741, 742, 743, 744, 745, 746, 747, 748, 749, 750, 751, 752, 753, 754, 755, 756, 757, 758, 759, 760, 761, 762, 763, 764, 765, 766, 767, 768, 769, 770, 771, 772, 773, 774, 775, 776, 777, 778, 779, 780, 781, 782, 783, 784, 785, 786, 787, 788, 789, 790, 791, 792, 793]","[103, 104, 106, 117, 118, 120, 127, 128, 129, 131, 133, 135, 136, 137, 139, 146, 147, 148, 149, 151, 158, 160, 162, 166, 173, 178, 179, 181, 185, 190, 192, 198, 201, 203, 204, 206, 207, 212, 213, 214, 219, 223, 224, 225, 227, 230, 235, 236, 237, 246, 247, 256, 259, 262, 263, 266, 268, 269, 271, 272, 278, 279, 284, 285, 288, 290, 292, 304, 312, 316, 319, 320, 323, 324, 332, 399, 421, 432, 434, 462, 466, 469, 476, 479, 574, 575, 588, 591, 607, 608, 610, 618, 619, 620, 622, 632, 644, 649, 650, 652, 656, 661, 663, 669, 674, 677, 683, 684, 687, 688, 689, 700, 701, 710, 723, 730, 731, 738, 747, 751, 762, 774, 778, 789, 848, 873, 884, 886, 909, 913, 916, 925, 930]",[],"[84, 87, 89, 114, 115, 117, 124, 132, 135, 144, 152, 178, 239, 268, 281, 297, 318, 320, 327, 348, 394, 555, 558, 560, 585, 586, 588, 595, 603, 606, 615, 623, 649, 703, 727, 740, 756, 776, 778, 785, 803, 844]","[84, 87, 89, 103, 104, 105, 106, 107, 108, 109, 110, 111, 112, 113, 114, 115, 116, 117, 118, 119, 120, 121, 122, 123, 124, 125, 126, 127, 128, 129, 130, 131, 132, 133, 134, 135, 136, 137, 138, 139, 140, 141, 142, 143, 144, 145, 146, 147, 148, 149, 150, 151, 152, 153, 154, 155, 156, 157, 158, 159, 160, 161, 162, 163, 164, 165, 166, 167, 168, 169, 170, 171, 172, 173, 174, 175, 176, 177, 178, 179, 180, 181, 182, 183, 184, 185, 186, 187, 188, 189, 190, 191, 192, 193, 194, 195, 196, 197, 198, 199, 200, 201, 202, 203, 204, 205, 206, 207, 208, 209, 210, 211, 212, 213, 214, 215, 216, 217, 218, 219, 220, 221, 222, 223, 224, 225, 226, 227, 228, 229, 230, 231, 232, 233, 234, 235, 236, 237, 238, 239, 240, 241, 242, 243, 244, 245, 246, 247, 248, 249, 250, 251, 252, 253, 254, 255, 256, 257, 258, 259, 260, 261, 262, 263, 264, 265, 266, 267, 268, 269, 270, 271, 272, 273, 274, 275, 276, 277, 278, 279, 280, 281, 282, 283, 284, 285, 286, 287, 288, 289, 290, 291, 292, 293, 294, 295, 296, 297, 298, 299, 300, 301, 302, 303, 304, 305, 306, 307, 308, 309, 310, 311, 312, 313, 314, 315, 316, 317, 318, 319, 320, 321, 322, 323, 324, 325, 326, 327, 328, 329, 330, 331, 332, 333, 334, 335, 336, 337, 348, 394, 399, 421, 432, 434, 462, 466, 469, 476, 479, 555, 558, 560, 574, 575, 576, 577, 578, 579, 580, 581, 582, 583, 584, 585, 586, 587, 588, 589, 590, 591, 592, 593, 594, 595, 596, 597, 598, 599, 600, 601, 602, 603, 604, 605, 606, 607, 608, 609, 610, 611, 612, 613, 614, 615, 616, 617, 618, 619, 620, 621, 622, 623, 624, 625, 626, 627, 628, 629, 630, 631, 632, 633, 634, 635, 636, 637, 638, 639, 640, 641, 642, 643, 644, 645, 646, 647, 648, 649, 650, 651, 652, 653, 654, 655, 656, 657, 658, 659, 660, 661, 662, 663, 664, 665, 666, 667, 668, 669, 670, 671, 672, 673, 674, 675, 676, 677, 678, 679, 680, 681, 682, 683, 684, 685, 686, 687, 688, 689, 690, 691, 692, 693, 694, 695, 696, 697, 698, 699, 700, 701, 702, 703, 704, 705, 706, 707, 708, 709, 710, 711, 712, 713, 714, 715, 716, 717, 718, 719, 720, 721, 722, 723, 724, 725, 726, 727, 728, 729, 730, 731, 732, 733, 734, 735, 736, 737, 738, 739, 740, 741, 742, 743, 744, 745, 746, 747, 748, 749, 750, 751, 752, 753, 754, 755, 756, 757, 758, 759, 760, 761, 762, 763, 764, 765, 766, 767, 768, 769, 770, 771, 772, 773, 774, 775, 776, 777, 778, 779, 780, 781, 782, 783, 784, 785, 786, 787, 788, 789, 790, 791, 792, 793, 803, 844, 848, 873, 884, 886, 909, 913, 916, 925, 930]",False,[219],"[103, 104, 105, 106, 107, 108, 109, 110, 111, 112, 113, 114, 115, 116, 117, 118, 119, 120, 121, 122, 123, 124, 125, 126, 127, 128, 129, 130, 131, 132, 133, 134, 135, 136, 137, 138, 139, 140, 141, 142, 143, 144, 145, 146, 147, 148, 149, 150, 151, 152, 153, 154, 155, 156, 157, 158, 159, 160, 161, 162, 163, 164, 165, 166, 167, 168, 169, 170, 171, 172, 173, 174, 175, 176, 177, 178, 179, 180, 181, 182, 183, 184, 185, 186, 187, 188, 189, 190, 191, 192, 193, 194, 195, 196, 197, 198, 199, 200, 201, 202, 203, 204, 205, 206, 207, 208, 209, 210, 211, 212, 213, 214, 215, 216, 217, 218, 219, 220, 221, 222, 223, 224, 225, 226, 227, 228, 229, 230, 231, 232, 233, 234, 235, 236, 237, 238, 239, 240, 241, 242, 243, 244, 245, 246, 247, 248, 249, 250, 251, 252, 253, 254, 255, 256, 257, 258, 259, 260, 261, 262, 263, 264, 265, 266, 267, 268, 269, 270, 271, 272, 273, 274, 275, 276, 277, 278, 279, 280, 281, 282, 283, 284, 285, 286, 287, 288, 289, 290, 291, 292, 293, 294, 295, 296, 297, 298, 299, 300, 301, 302, 303, 304, 305, 306, 307, 308, 309, 310, 311, 312, 313, 314, 315, 316, 317, 318, 319, 320, 321, 322, 323, 324, 325, 326, 327, 328, 329, 330, 331, 332, 333, 334, 335, 336, 337, 574, 575, 576, 577, 578, 579, 580, 581, 582, 583, 584, 585, 586, 587, 588, 589, 590, 591, 592, 593, 594, 595, 596, 597, 598, 599, 600, 601, 602, 603, 604, 605, 606, 607, 608, 609, 610, 611, 612, 613, 614, 615, 616, 617, 618, 619, 620, 621, 622, 623, 624, 625, 626, 627, 628, 629, 630, 631, 632, 633, 634, 635, 636, 637, 638, 639, 640, 641, 642, 643, 644, 645, 646, 647, 648, 649, 650, 651, 652, 653, 654, 655, 656, 657, 658, 659, 660, 661, 662, 663, 664, 665, 666, 667, 668, 669, 670, 671, 672, 673, 674, 675, 676, 677, 678, 679, 680, 681, 682, 683, 684, 685, 686, 687, 688, 689, 690, 691, 692, 693, 694, 695, 696, 697, 698, 699, 700, 701, 702, 703, 704, 705, 706, 707, 708, 709, 710, 711, 712, 713, 714, 715, 716, 717, 718, 719, 720, 721, 722, 723, 724, 725, 726, 727, 728, 729, 730, 731, 732, 733, 734, 735, 736, 737, 738, 739, 740, 741, 742, 743, 744, 745, 746, 747, 748, 749, 750, 751, 752, 753, 754, 755, 756, 757, 758, 759, 760, 761, 762, 763, 764, 765, 766, 767, 768, 769, 770, 771, 772, 773, 774, 775, 776, 777, 778, 779, 780, 781, 782, 783, 784, 785, 786, 787, 788, 789, 790, 791, 792, 793]",[219],[],"[103, 104, 106, 117, 118, 120, 127, 128, 129, 131, 133, 135, 136, 137, 139, 146, 147, 148, 149, 151, 158, 160, 162, 166, 173, 178, 179, 181, 185, 190, 192, 198, 201, 203, 204, 206, 207, 212, 213, 214, 219, 223, 224, 225, 227, 230, 235, 236, 237, 246, 247, 256, 259, 262, 263, 266, 268, 269, 271, 272, 278, 279, 284, 285, 288, 290, 292, 304, 312, 316, 319, 320, 323, 324, 332, 399, 421, 432, 434, 462, 466, 469, 476, 479, 574, 575, 588, 591, 607, 608, 610, 618, 619, 620, 622, 632, 644, 649, 650, 652, 656, 661, 663, 669, 674, 677, 683, 684, 687, 688, 689, 700, 701, 710, 723, 730, 731, 738, 747, 751, 762, 774, 778, 789, 848, 873, 884, 886, 909, 913, 916, 925, 930]","[84, 87, 89, 114, 115, 117, 124, 132, 135, 144, 152, 178, 239, 268, 281, 297, 318, 320, 327, 348, 394, 555, 558, 560, 585, 586, 588, 595, 603, 606, 615, 623, 649, 703, 727, 740, 756, 776, 778, 785, 803, 844]",[],5/6 successful match,False,[555],True,370,False,,,,,
"Oroville , 95965 Gold Nugget 76",530-533-9093 CA 70 & Georgia Station,S 000,Oroville,95965,Gold Nugget 76,530-533-9093,2007,Oroville,CA,,,CA 70 & Georgia Station,empty,,False,,False,CA 70,Georgia Station,,,,[],[219],[219],[],"[103, 104, 105, 106, 107, 108, 109, 110, 111, 112, 113, 114, 115, 116, 117, 118, 119, 120, 121, 122, 123, 124, 125, 126, 127, 128, 129, 130, 131, 132, 133, 134, 135, 136, 137, 138, 139, 140, 141, 142, 143, 144, 145, 146, 147, 148, 149, 150, 151, 152, 153, 154, 155, 156, 157, 158, 159, 160, 161, 162, 163, 164, 165, 166, 167, 168, 169, 170, 171, 172, 173, 174, 175, 176, 177, 178, 179, 180, 181, 182, 183, 184, 185, 186, 187, 188, 189, 190, 191, 192, 193, 194, 195, 196, 197, 198, 199, 200, 201, 202, 203, 204, 205, 206, 207, 208, 209, 210, 211, 212, 213, 214, 215, 216, 217, 218, 219, 220, 221, 222, 223, 224, 225, 226, 227, 228, 229, 230, 231, 232, 233, 234, 235, 236, 237, 238, 239, 240, 241, 242, 243, 244, 245, 246, 247, 248, 249, 250, 251, 252, 253, 254, 255, 256, 257, 258, 259, 260, 261, 262, 263, 264, 265, 266, 267, 268, 269, 270, 271, 272, 273, 274, 275, 276, 277, 278, 279, 280, 281, 282, 283, 284, 285, 286, 287, 288, 289, 290, 291, 292, 293, 294, 295, 296, 297, 298, 299, 300, 301, 302, 303, 304, 305, 306, 307, 308, 309, 310, 311, 312, 313, 314, 315, 316, 317, 318, 319, 320, 321, 322, 323, 324, 325, 326, 327, 328, 329, 330, 331, 332, 333, 334, 335, 336, 337, 574, 575, 576, 577, 578, 579, 580, 581, 582, 583, 584, 585, 586, 587, 588, 589, 590, 591, 592, 593, 594, 595, 596, 597, 598, 599, 600, 601, 602, 603, 604, 605, 606, 607, 608, 609, 610, 611, 612, 613, 614, 615, 616, 617, 618, 619, 620, 621, 622, 623, 624, 625, 626, 627, 628, 629, 630, 631, 632, 633, 634, 635, 636, 637, 638, 639, 640, 641, 642, 643, 644, 645, 646, 647, 648, 649, 650, 651, 652, 653, 654, 655, 656, 657, 658, 659, 660, 661, 662, 663, 664, 665, 666, 667, 668, 669, 670, 671, 672, 673, 674, 675, 676, 677, 678, 679, 680, 681, 682, 683, 684, 685, 686, 687, 688, 689, 690, 691, 692, 693, 694, 695, 696, 697, 698, 699, 700, 701, 702, 703, 704, 705, 706, 707, 708, 709, 710, 711, 712, 713, 714, 715, 716, 717, 718, 719, 720, 721, 722, 723, 724, 725, 726, 727, 728, 729, 730, 731, 732, 733, 734, 735, 736, 737, 738, 739, 740, 741, 742, 743, 744, 745, 746, 747, 748, 749, 750, 751, 752, 753, 754, 755, 756, 757, 758, 759, 760, 761, 762, 763, 764, 765, 766, 767, 768, 769, 770, 771, 772, 773, 774, 775, 776, 777, 778, 779, 780, 781, 782, 783, 784, 785, 786, 787, 788, 789, 790, 791, 792, 793]","[103, 104, 106, 117, 118, 120, 127, 128, 129, 131, 133, 135, 136, 137, 139, 146, 147, 148, 149, 151, 158, 160, 162, 166, 173, 178, 179, 185, 190, 192, 198, 201, 203, 204, 206, 207, 212, 213, 214, 219, 223, 224, 225, 227, 230, 235, 237, 246, 247, 256, 259, 262, 263, 266, 268, 269, 271, 272, 278, 279, 284, 285, 288, 290, 292, 304, 312, 316, 319, 320, 323, 324, 332, 399, 421, 432, 434, 462, 466, 469, 476, 479, 574, 575, 588, 591, 607, 608, 610, 618, 619, 620, 622, 632, 644, 649, 650, 656, 661, 663, 669, 674, 677, 683, 684, 687, 688, 689, 701, 710, 723, 730, 731, 738, 747, 751, 762, 774, 778, 789, 848, 873, 884, 886, 909, 913, 916, 925, 930]",[],"[84, 87, 89, 114, 115, 117, 124, 132, 135, 144, 152, 178, 239, 268, 281, 297, 318, 320, 327, 348, 394, 555, 558, 560, 585, 586, 588, 595, 603, 606, 615, 623, 649, 703, 727, 740, 756, 776, 778, 785, 803, 844]","[84, 87, 89, 103, 104, 105, 106, 107, 108, 109, 110, 111, 112, 113, 114, 115, 116, 117, 118, 119, 120, 121, 122, 123, 124, 125, 126, 127, 128, 129, 130, 131, 132, 133, 134, 135, 136, 137, 138, 139, 140, 141, 142, 143, 144, 145, 146, 147, 148, 149, 150, 151, 152, 153, 154, 155, 156, 157, 158, 159, 160, 161, 162, 163, 164, 165, 166, 167, 168, 169, 170, 171, 172, 173, 174, 175, 176, 177, 178, 179, 180, 181, 182, 183, 184, 185, 186, 187, 188, 189, 190, 191, 192, 193, 194, 195, 196, 197, 198, 199, 200, 201, 202, 203, 204, 205, 206, 207, 208, 209, 210, 211, 212, 213, 214, 215, 216, 217, 218, 219, 220, 221, 222, 223, 224, 225, 226, 227, 228, 229, 230, 231, 232, 233, 234, 235, 236, 237, 238, 239, 240, 241, 242, 243, 244, 245, 246, 247, 248, 249, 250, 251, 252, 253, 254, 255, 256, 257, 258, 259, 260, 261, 262, 263, 264, 265, 266, 267, 268, 269, 270, 271, 272, 273, 274, 275, 276, 277, 278, 279, 280, 281, 282, 283, 284, 285, 286, 287, 288, 289, 290, 291, 292, 293, 294, 295, 296, 297, 298, 299, 300, 301, 302, 303, 304, 305, 306, 307, 308, 309, 310, 311, 312, 313, 314, 315, 316, 317, 318, 319, 320, 321, 322, 323, 324, 325, 326, 327, 328, 329, 330, 331, 332, 333, 334, 335, 336, 337, 348, 394, 399, 421, 432, 434, 462, 466, 469, 476, 479, 555, 558, 560, 574, 575, 576, 577, 578, 579, 580, 581, 582, 583, 584, 585, 586, 587, 588, 589, 590, 591, 592, 593, 594, 595, 596, 597, 598, 599, 600, 601, 602, 603, 604, 605, 606, 607, 608, 609, 610, 611, 612, 613, 614, 615, 616, 617, 618, 619, 620, 621, 622, 623, 624, 625, 626, 627, 628, 629, 630, 631, 632, 633, 634, 635, 636, 637, 638, 639, 640, 641, 642, 643, 644, 645, 646, 647, 648, 649, 650, 651, 652, 653, 654, 655, 656, 657, 658, 659, 660, 661, 662, 663, 664, 665, 666, 667, 668, 669, 670, 671, 672, 673, 674, 675, 676, 677, 678, 679, 680, 681, 682, 683, 684, 685, 686, 687, 688, 689, 690, 691, 692, 693, 694, 695, 696, 697, 698, 699, 700, 701, 702, 703, 704, 705, 706, 707, 708, 709, 710, 711, 712, 713, 714, 715, 716, 717, 718, 719, 720, 721, 722, 723, 724, 725, 726, 727, 728, 729, 730, 731, 732, 733, 734, 735, 736, 737, 738, 739, 740, 741, 742, 743, 744, 745, 746, 747, 748, 749, 750, 751, 752, 753, 754, 755, 756, 757, 758, 759, 760, 761, 762, 763, 764, 765, 766, 767, 768, 769, 770, 771, 772, 773, 774, 775, 776, 777, 778, 779, 780, 781, 782, 783, 784, 785, 786, 787, 788, 789, 790, 791, 792, 793, 803, 844, 848, 873, 884, 886, 909, 913, 916, 925, 930]",False,[219],"[103, 104, 105, 106, 107, 108, 109, 110, 111, 112, 113, 114, 115, 116, 117, 118, 119, 120, 121, 122, 123, 124, 125, 126, 127, 128, 129, 130, 131, 132, 133, 134, 135, 136, 137, 138, 139, 140, 141, 142, 143, 144, 145, 146, 147, 148, 149, 150, 151, 152, 153, 154, 155, 156, 157, 158, 159, 160, 161, 162, 163, 164, 165, 166, 167, 168, 169, 170, 171, 172, 173, 174, 175, 176, 177, 178, 179, 180, 181, 182, 183, 184, 185, 186, 187, 188, 189, 190, 191, 192, 193, 194, 195, 196, 197, 198, 199, 200, 201, 202, 203, 204, 205, 206, 207, 208, 209, 210, 211, 212, 213, 214, 215, 216, 217, 218, 219, 220, 221, 222, 223, 224, 225, 226, 227, 228, 229, 230, 231, 232, 233, 234, 235, 236, 237, 238, 239, 240, 241, 242, 243, 244, 245, 246, 247, 248, 249, 250, 251, 252, 253, 254, 255, 256, 257, 258, 259, 260, 261, 262, 263, 264, 265, 266, 267, 268, 269, 270, 271, 272, 273, 274, 275, 276, 277, 278, 279, 280, 281, 282, 283, 284, 285, 286, 287, 288, 289, 290, 291, 292, 293, 294, 295, 296, 297, 298, 299, 300, 301, 302, 303, 304, 305, 306, 307, 308, 309, 310, 311, 312, 313, 314, 315, 316, 317, 318, 319, 320, 321, 322, 323, 324, 325, 326, 327, 328, 329, 330, 331, 332, 333, 334, 335, 336, 337, 574, 575, 576, 577, 578, 579, 580, 581, 582, 583, 584, 585, 586, 587, 588, 589, 590, 591, 592, 593, 594, 595, 596, 597, 598, 599, 600, 601, 602, 603, 604, 605, 606, 607, 608, 609, 610, 611, 612, 613, 614, 615, 616, 617, 618, 619, 620, 621, 622, 623, 624, 625, 626, 627, 628, 629, 630, 631, 632, 633, 634, 635, 636, 637, 638, 639, 640, 641, 642, 643, 644, 645, 646, 647, 648, 649, 650, 651, 652, 653, 654, 655, 656, 657, 658, 659, 660, 661, 662, 663, 664, 665, 666, 667, 668, 669, 670, 671, 672, 673, 674, 675, 676, 677, 678, 679, 680, 681, 682, 683, 684, 685, 686, 687, 688, 689, 690, 691, 692, 693, 694, 695, 696, 697, 698, 699, 700, 701, 702, 703, 704, 705, 706, 707, 708, 709, 710, 711, 712, 713, 714, 715, 716, 717, 718, 719, 720, 721, 722, 723, 724, 725, 726, 727, 728, 729, 730, 731, 732, 733, 734, 735, 736, 737, 738, 739, 740, 741, 742, 743, 744, 745, 746, 747, 748, 749, 750, 751, 752, 753, 754, 755, 756, 757, 758, 759, 760, 761, 762, 763, 764, 765, 766, 767, 768, 769, 770, 771, 772, 773, 774, 775, 776, 777, 778, 779, 780, 781, 782, 783, 784, 785, 786, 787, 788, 789, 790, 791, 792, 793]",[219],[],"[103, 104, 106, 117, 118, 120, 127, 128, 129, 131, 133, 135, 136, 137, 139, 146, 147, 148, 149, 151, 158, 160, 162, 166, 173, 178, 179, 185, 190, 192, 198, 201, 203, 204, 206, 207, 212, 213, 214, 219, 223, 224, 225, 227, 230, 235, 237, 246, 247, 256, 259, 262, 263, 266, 268, 269, 271, 272, 278, 279, 284, 285, 288, 290, 292, 304, 312, 316, 319, 320, 323, 324, 332, 399, 421, 432, 434, 462, 466, 469, 476, 479, 574, 575, 588, 591, 607, 608, 610, 618, 619, 620, 622, 632, 644, 649, 650, 656, 661, 663, 669, 674, 677, 683, 684, 687, 688, 689, 701, 710, 723, 730, 731, 738, 747, 751, 762, 774, 778, 789, 848, 873, 884, 886, 909, 913, 916, 925, 930]","[84, 87, 89, 114, 115, 117, 124, 132, 135, 144, 152, 178, 239, 268, 281, 297, 318, 320, 327, 348, 394, 555, 558, 560, 585, 586, 588, 595, 603, 606, 615, 623, 649, 703, 727, 740, 756, 776, 778, 785, 803, 844]",[],5/6 successful match,False,[555],True,370,False,,1.0,True,Gold Nugget 76 Station,
"Oroville , 95965 Royal Mini Mart ( 76 )",31530-533-9093 CA 70 & Georgia Pacific Way,<U+2610> S 00,Oroville,95965,Royal Mini Mart ( 76 ),530-533-9093,2008,Oroville,CA,,,CA 70 & Georgia Pacific Way,empty,,False,,False,CA 70,Georgia Pacific Way,,,,[],[219],[219],[],"[103, 104, 105, 106, 107, 108, 109, 110, 111, 112, 113, 114, 115, 116, 117, 118, 119, 120, 121, 122, 123, 124, 125, 126, 127, 128, 129, 130, 131, 132, 133, 134, 135, 136, 137, 138, 139, 140, 141, 142, 143, 144, 145, 146, 147, 148, 149, 150, 151, 152, 153, 154, 155, 156, 157, 158, 159, 160, 161, 162, 163, 164, 165, 166, 167, 168, 169, 170, 171, 172, 173, 174, 175, 176, 177, 178, 179, 180, 181, 182, 183, 184, 185, 186, 187, 188, 189, 190, 191, 192, 193, 194, 195, 196, 197, 198, 199, 200, 201, 202, 203, 204, 205, 206, 207, 208, 209, 210, 211, 212, 213, 214, 215, 216, 217, 218, 219, 220, 221, 222, 223, 224, 225, 226, 227, 228, 229, 230, 231, 232, 233, 234, 235, 236, 237, 238, 239, 240, 241, 242, 243, 244, 245, 246, 247, 248, 249, 250, 251, 252, 253, 254, 255, 256, 257, 258, 259, 260, 261, 262, 263, 264, 265, 266, 267, 268, 269, 270, 271, 272, 273, 274, 275, 276, 277, 278, 279, 280, 281, 282, 283, 284, 285, 286, 287, 288, 289, 290, 291, 292, 293, 294, 295, 296, 297, 298, 299, 300, 301, 302, 303, 304, 305, 306, 307, 308, 309, 310, 311, 312, 313, 314, 315, 316, 317, 318, 319, 320, 321, 322, 323, 324, 325, 326, 327, 328, 329, 330, 331, 332, 333, 334, 335, 336, 337, 574, 575, 576, 577, 578, 579, 580, 581, 582, 583, 584, 585, 586, 587, 588, 589, 590, 591, 592, 593, 594, 595, 596, 597, 598, 599, 600, 601, 602, 603, 604, 605, 606, 607, 608, 609, 610, 611, 612, 613, 614, 615, 616, 617, 618, 619, 620, 621, 622, 623, 624, 625, 626, 627, 628, 629, 630, 631, 632, 633, 634, 635, 636, 637, 638, 639, 640, 641, 642, 643, 644, 645, 646, 647, 648, 649, 650, 651, 652, 653, 654, 655, 656, 657, 658, 659, 660, 661, 662, 663, 664, 665, 666, 667, 668, 669, 670, 671, 672, 673, 674, 675, 676, 677, 678, 679, 680, 681, 682, 683, 684, 685, 686, 687, 688, 689, 690, 691, 692, 693, 694, 695, 696, 697, 698, 699, 700, 701, 702, 703, 704, 705, 706, 707, 708, 709, 710, 711, 712, 713, 714, 715, 716, 717, 718, 719, 720, 721, 722, 723, 724, 725, 726, 727, 728, 729, 730, 731, 732, 733, 734, 735, 736, 737, 738, 739, 740, 741, 742, 743, 744, 745, 746, 747, 748, 749, 750, 751, 752, 753, 754, 755, 756, 757, 758, 759, 760, 761, 762, 763, 764, 765, 766, 767, 768, 769, 770, 771, 772, 773, 774, 775, 776, 777, 778, 779, 780, 781, 782, 783, 784, 785, 786, 787, 788, 789, 790, 791, 792, 793]","[103, 104, 106, 117, 118, 120, 127, 128, 129, 131, 133, 135, 136, 137, 139, 146, 147, 148, 149, 151, 158, 160, 162, 166, 173, 178, 179, 181, 185, 190, 192, 198, 201, 203, 204, 206, 207, 212, 213, 214, 219, 223, 224, 225, 227, 230, 235, 236, 237, 246, 247, 256, 259, 262, 263, 266, 268, 269, 271, 272, 278, 279, 284, 285, 288, 290, 292, 304, 312, 316, 319, 320, 323, 324, 332, 399, 421, 432, 434, 462, 466, 469, 476, 479, 574, 575, 588, 591, 607, 608, 610, 618, 619, 620, 622, 632, 644, 649, 650, 652, 656, 661, 663, 669, 674, 677, 683, 684, 687, 688, 689, 700, 701, 710, 723, 730, 731, 738, 747, 751, 762, 774, 778, 789, 848, 873, 884, 886, 909, 913, 916, 925, 930]",[],"[84, 87, 89, 114, 115, 117, 124, 132, 135, 144, 152, 178, 239, 268, 277, 281, 297, 318, 320, 327, 348, 394, 555, 558, 560, 585, 586, 588, 595, 603, 606, 615, 623, 649, 703, 727, 736, 740, 756, 776, 778, 785, 803, 844]","[84, 87, 89, 103, 104, 105, 106, 107, 108, 109, 110, 111, 112, 113, 114, 115, 116, 117, 118, 119, 120, 121, 122, 123, 124, 125, 126, 127, 128, 129, 130, 131, 132, 133, 134, 135, 136, 137, 138, 139, 140, 141, 142, 143, 144, 145, 146, 147, 148, 149, 150, 151, 152, 153, 154, 155, 156, 157, 158, 159, 160, 161, 162, 163, 164, 165, 166, 167, 168, 169, 170, 171, 172, 173, 174, 175, 176, 177, 178, 179, 180, 181, 182, 183, 184, 185, 186, 187, 188, 189, 190, 191, 192, 193, 194, 195, 196, 197, 198, 199, 200, 201, 202, 203, 204, 205, 206, 207, 208, 209, 210, 211, 212, 213, 214, 215, 216, 217, 218, 219, 220, 221, 222, 223, 224, 225, 226, 227, 228, 229, 230, 231, 232, 233, 234, 235, 236, 237, 238, 239, 240, 241, 242, 243, 244, 245, 246, 247, 248, 249, 250, 251, 252, 253, 254, 255, 256, 257, 258, 259, 260, 261, 262, 263, 264, 265, 266, 267, 268, 269, 270, 271, 272, 273, 274, 275, 276, 277, 278, 279, 280, 281, 282, 283, 284, 285, 286, 287, 288, 289, 290, 291, 292, 293, 294, 295, 296, 297, 298, 299, 300, 301, 302, 303, 304, 305, 306, 307, 308, 309, 310, 311, 312, 313, 314, 315, 316, 317, 318, 319, 320, 321, 322, 323, 324, 325, 326, 327, 328, 329, 330, 331, 332, 333, 334, 335, 336, 337, 348, 394, 399, 421, 432, 434, 462, 466, 469, 476, 479, 555, 558, 560, 574, 575, 576, 577, 578, 579, 580, 581, 582, 583, 584, 585, 586, 587, 588, 589, 590, 591, 592, 593, 594, 595, 596, 597, 598, 599, 600, 601, 602, 603, 604, 605, 606, 607, 608, 609, 610, 611, 612, 613, 614, 615, 616, 617, 618, 619, 620, 621, 622, 623, 624, 625, 626, 627, 628, 629, 630, 631, 632, 633, 634, 635, 636, 637, 638, 639, 640, 641, 642, 643, 644, 645, 646, 647, 648, 649, 650, 651, 652, 653, 654, 655, 656, 657, 658, 659, 660, 661, 662, 663, 664, 665, 666, 667, 668, 669, 670, 671, 672, 673, 674, 675, 676, 677, 678, 679, 680, 681, 682, 683, 684, 685, 686, 687, 688, 689, 690, 691, 692, 693, 694, 695, 696, 697, 698, 699, 700, 701, 702, 703, 704, 705, 706, 707, 708, 709, 710, 711, 712, 713, 714, 715, 716, 717, 718, 719, 720, 721, 722, 723, 724, 725, 726, 727, 728, 729, 730, 731, 732, 733, 734, 735, 736, 737, 738, 739, 740, 741, 742, 743, 744, 745, 746, 747, 748, 749, 750, 751, 752, 753, 754, 755, 756, 757, 758, 759, 760, 761, 762, 763, 764, 765, 766, 767, 768, 769, 770, 771, 772, 773, 774, 775, 776, 777, 778, 779, 780, 781, 782, 783, 784, 785, 786, 787, 788, 789, 790, 791, 792, 793, 803, 844, 848, 873, 884, 886, 909, 913, 916, 925, 930]",False,[219],"[103, 104, 105, 106, 107, 108, 109, 110, 111, 112, 113, 114, 115, 116, 117, 118, 119, 120, 121, 122, 123, 124, 125, 126, 127, 128, 129, 130, 131, 132, 133, 134, 135, 136, 137, 138, 139, 140, 141, 142, 143, 144, 145, 146, 147, 148, 149, 150, 151, 152, 153, 154, 155, 156, 157, 158, 159, 160, 161, 162, 163, 164, 165, 166, 167, 168, 169, 170, 171, 172, 173, 174, 175, 176, 177, 178, 179, 180, 181, 182, 183, 184, 185, 186, 187, 188, 189, 190, 191, 192, 193, 194, 195, 196, 197, 198, 199, 200, 201, 202, 203, 204, 205, 206, 207, 208, 209, 210, 211, 212, 213, 214, 215, 216, 217, 218, 219, 220, 221, 222, 223, 224, 225, 226, 227, 228, 229, 230, 231, 232, 233, 234, 235, 236, 237, 238, 239, 240, 241, 242, 243, 244, 245, 246, 247, 248, 249, 250, 251, 252, 253, 254, 255, 256, 257, 258, 259, 260, 261, 262, 263, 264, 265, 266, 267, 268, 269, 270, 271, 272, 273, 274, 275, 276, 277, 278, 279, 280, 281, 282, 283, 284, 285, 286, 287, 288, 289, 290, 291, 292, 293, 294, 295, 296, 297, 298, 299, 300, 301, 302, 303, 304, 305, 306, 307, 308, 309, 310, 311, 312, 313, 314, 315, 316, 317, 318, 319, 320, 321, 322, 323, 324, 325, 326, 327, 328, 329, 330, 331, 332, 333, 334, 335, 336, 337, 574, 575, 576, 577, 578, 579, 580, 581, 582, 583, 584, 585, 586, 587, 588, 589, 590, 591, 592, 593, 594, 595, 596, 597, 598, 599, 600, 601, 602, 603, 604, 605, 606, 607, 608, 609, 610, 611, 612, 613, 614, 615, 616, 617, 618, 619, 620, 621, 622, 623, 624, 625, 626, 627, 628, 629, 630, 631, 632, 633, 634, 635, 636, 637, 638, 639, 640, 641, 642, 643, 644, 645, 646, 647, 648, 649, 650, 651, 652, 653, 654, 655, 656, 657, 658, 659, 660, 661, 662, 663, 664, 665, 666, 667, 668, 669, 670, 671, 672, 673, 674, 675, 676, 677, 678, 679, 680, 681, 682, 683, 684, 685, 686, 687, 688, 689, 690, 691, 692, 693, 694, 695, 696, 697, 698, 699, 700, 701, 702, 703, 704, 705, 706, 707, 708, 709, 710, 711, 712, 713, 714, 715, 716, 717, 718, 719, 720, 721, 722, 723, 724, 725, 726, 727, 728, 729, 730, 731, 732, 733, 734, 735, 736, 737, 738, 739, 740, 741, 742, 743, 744, 745, 746, 747, 748, 749, 750, 751, 752, 753, 754, 755, 756, 757, 758, 759, 760, 761, 762, 763, 764, 765, 766, 767, 768, 769, 770, 771, 772, 773, 774, 775, 776, 777, 778, 779, 780, 781, 782, 783, 784, 785, 786, 787, 788, 789, 790, 791, 792, 793]",[219],[],"[103, 104, 106, 117, 118, 120, 127, 128, 129, 131, 133, 135, 136, 137, 139, 146, 147, 148, 149, 151, 158, 160, 162, 166, 173, 178, 179, 181, 185, 190, 192, 198, 201, 203, 204, 206, 207, 212, 213, 214, 219, 223, 224, 225, 227, 230, 235, 236, 237, 246, 247, 256, 259, 262, 263, 266, 268, 269, 271, 272, 278, 279, 284, 285, 288, 290, 292, 304, 312, 316, 319, 320, 323, 324, 332, 399, 421, 432, 434, 462, 466, 469, 476, 479, 574, 575, 588, 591, 607, 608, 610, 618, 619, 620, 622, 632, 644, 649, 650, 652, 656, 661, 663, 669, 674, 677, 683, 684, 687, 688, 689, 700, 701, 710, 723, 730, 731, 738, 747, 751, 762, 774, 778, 789, 848, 873, 884, 886, 909, 913, 916, 925, 930]","[84, 87, 89, 114, 115, 117, 124, 132, 135, 144, 152, 178, 239, 268, 277, 281, 297, 318, 320, 327, 348, 394, 555, 558, 560, 585, 586, 588, 595, 603, 606, 615, 623, 649, 703, 727, 736, 740, 756, 776, 778, 785, 803, 844]",[],5/6 successful match,False,[555],True,370,False,,0.4,True,Gold Nugget 76,
Oroville ( 95965 ) Royal Mini Mart # 2970 ( 76 ),3 530-533-9093 CA 70 & Georgia Pacific Way E,24 23 S <U+2610>,Oroville,95965,Royal Mini Mart # 2970 ( 76 ),530-533-9093,2014,Oroville,CA,,,CA 70 & Georgia Pacific Way E,empty,,False,,False,CA 70,Way E,,,,[],[219],[219],[],"[103, 104, 105, 106, 107, 108, 109, 110, 111, 112, 113, 114, 115, 116, 117, 118, 119, 120, 121, 122, 123, 124, 125, 126, 127, 128, 129, 130, 131, 132, 133, 134, 135, 136, 137, 138, 139, 140, 141, 142, 143, 144, 145, 146, 147, 148, 149, 150, 151, 152, 153, 154, 155, 156, 157, 158, 159, 160, 161, 162, 163, 164, 165, 166, 167, 168, 169, 170, 171, 172, 173, 174, 175, 176, 177, 178, 179, 180, 181, 182, 183, 184, 185, 186, 187, 188, 189, 190, 191, 192, 193, 194, 195, 196, 197, 198, 199, 200, 201, 202, 203, 204, 205, 206, 207, 208, 209, 210, 211, 212, 213, 214, 215, 216, 217, 218, 219, 220, 221, 222, 223, 224, 225, 226, 227, 228, 229, 230, 231, 232, 233, 234, 235, 236, 237, 238, 239, 240, 241, 242, 243, 244, 245, 246, 247, 248, 249, 250, 251, 252, 253, 254, 255, 256, 257, 258, 259, 260, 261, 262, 263, 264, 265, 266, 267, 268, 269, 270, 271, 272, 273, 274, 275, 276, 277, 278, 279, 280, 281, 282, 283, 284, 285, 286, 287, 288, 289, 290, 291, 292, 293, 294, 295, 296, 297, 298, 299, 300, 301, 302, 303, 304, 305, 306, 307, 308, 309, 310, 311, 312, 313, 314, 315, 316, 317, 318, 319, 320, 321, 322, 323, 324, 325, 326, 327, 328, 329, 330, 331, 332, 333, 334, 335, 336, 337, 574, 575, 576, 577, 578, 579, 580, 581, 582, 583, 584, 585, 586, 587, 588, 589, 590, 591, 592, 593, 594, 595, 596, 597, 598, 599, 600, 601, 602, 603, 604, 605, 606, 607, 608, 609, 610, 611, 612, 613, 614, 615, 616, 617, 618, 619, 620, 621, 622, 623, 624, 625, 626, 627, 628, 629, 630, 631, 632, 633, 634, 635, 636, 637, 638, 639, 640, 641, 642, 643, 644, 645, 646, 647, 648, 649, 650, 651, 652, 653, 654, 655, 656, 657, 658, 659, 660, 661, 662, 663, 664, 665, 666, 667, 668, 669, 670, 671, 672, 673, 674, 675, 676, 677, 678, 679, 680, 681, 682, 683, 684, 685, 686, 687, 688, 689, 690, 691, 692, 693, 694, 695, 696, 697, 698, 699, 700, 701, 702, 703, 704, 705, 706, 707, 708, 709, 710, 711, 712, 713, 714, 715, 716, 717, 718, 719, 720, 721, 722, 723, 724, 725, 726, 727, 728, 729, 730, 731, 732, 733, 734, 735, 736, 737, 738, 739, 740, 741, 742, 743, 744, 745, 746, 747, 748, 749, 750, 751, 752, 753, 754, 755, 756, 757, 758, 759, 760, 761, 762, 763, 764, 765, 766, 767, 768, 769, 770, 771, 772, 773, 774, 775, 776, 777, 778, 779, 780, 781, 782, 783, 784, 785, 786, 787, 788, 789, 790, 791, 792, 793]","[103, 104, 106, 117, 118, 120, 127, 128, 129, 131, 133, 135, 136, 137, 139, 146, 147, 148, 149, 151, 158, 160, 162, 166, 173, 178, 179, 185, 190, 192, 198, 201, 203, 204, 206, 207, 212, 213, 214, 219, 223, 224, 225, 227, 230, 235, 237, 246, 247, 256, 259, 262, 263, 266, 268, 269, 271, 272, 278, 279, 284, 285, 288, 290, 292, 304, 312, 316, 319, 320, 323, 324, 332, 399, 421, 432, 434, 462, 466, 469, 476, 479, 574, 575, 588, 591, 607, 608, 610, 618, 619, 620, 622, 632, 644, 649, 650, 656, 661, 663, 669, 674, 677, 683, 684, 687, 688, 689, 701, 710, 723, 730, 731, 738, 747, 751, 762, 774, 778, 789, 848, 873, 884, 886, 909, 913, 916, 925, 930]",[],"[84, 87, 89, 114, 115, 117, 124, 132, 135, 144, 152, 178, 239, 268, 277, 281, 297, 318, 320, 327, 348, 394, 555, 558, 560, 585, 586, 588, 595, 603, 606, 615, 623, 649, 703, 727, 736, 740, 756, 776, 778, 785, 803, 844]","[84, 87, 89, 103, 104, 105, 106, 107, 108, 109, 110, 111, 112, 113, 114, 115, 116, 117, 118, 119, 120, 121, 122, 123, 124, 125, 126, 127, 128, 129, 130, 131, 132, 133, 134, 135, 136, 137, 138, 139, 140, 141, 142, 143, 144, 145, 146, 147, 148, 149, 150, 151, 152, 153, 154, 155, 156, 157, 158, 159, 160, 161, 162, 163, 164, 165, 166, 167, 168, 169, 170, 171, 172, 173, 174, 175, 176, 177, 178, 179, 180, 181, 182, 183, 184, 185, 186, 187, 188, 189, 190, 191, 192, 193, 194, 195, 196, 197, 198, 199, 200, 201, 202, 203, 204, 205, 206, 207, 208, 209, 210, 211, 212, 213, 214, 215, 216, 217, 218, 219, 220, 221, 222, 223, 224, 225, 226, 227, 228, 229, 230, 231, 232, 233, 234, 235, 236, 237, 238, 239, 240, 241, 242, 243, 244, 245, 246, 247, 248, 249, 250, 251, 252, 253, 254, 255, 256, 257, 258, 259, 260, 261, 262, 263, 264, 265, 266, 267, 268, 269, 270, 271, 272, 273, 274, 275, 276, 277, 278, 279, 280, 281, 282, 283, 284, 285, 286, 287, 288, 289, 290, 291, 292, 293, 294, 295, 296, 297, 298, 299, 300, 301, 302, 303, 304, 305, 306, 307, 308, 309, 310, 311, 312, 313, 314, 315, 316, 317, 318, 319, 320, 321, 322, 323, 324, 325, 326, 327, 328, 329, 330, 331, 332, 333, 334, 335, 336, 337, 348, 394, 399, 421, 432, 434, 462, 466, 469, 476, 479, 555, 558, 560, 574, 575, 576, 577, 578, 579, 580, 581, 582, 583, 584, 585, 586, 587, 588, 589, 590, 591, 592, 593, 594, 595, 596, 597, 598, 599, 600, 601, 602, 603, 604, 605, 606, 607, 608, 609, 610, 611, 612, 613, 614, 615, 616, 617, 618, 619, 620, 621, 622, 623, 624, 625, 626, 627, 628, 629, 630, 631, 632, 633, 634, 635, 636, 637, 638, 639, 640, 641, 642, 643, 644, 645, 646, 647, 648, 649, 650, 651, 652, 653, 654, 655, 656, 657, 658, 659, 660, 661, 662, 663, 664, 665, 666, 667, 668, 669, 670, 671, 672, 673, 674, 675, 676, 677, 678, 679, 680, 681, 682, 683, 684, 685, 686, 687, 688, 689, 690, 691, 692, 693, 694, 695, 696, 697, 698, 699, 700, 701, 702, 703, 704, 705, 706, 707, 708, 709, 710, 711, 712, 713, 714, 715, 716, 717, 718, 719, 720, 721, 722, 723, 724, 725, 726, 727, 728, 729, 730, 731, 732, 733, 734, 735, 736, 737, 738, 739, 740, 741, 742, 743, 744, 745, 746, 747, 748, 749, 750, 751, 752, 753, 754, 755, 756, 757, 758, 759, 760, 761, 762, 763, 764, 765, 766, 767, 768, 769, 770, 771, 772, 773, 774, 775, 776, 777, 778, 779, 780, 781, 782, 783, 784, 785, 786, 787, 788, 789, 790, 791, 792, 793, 803, 844, 848, 873, 884, 886, 909, 913, 916, 925, 930]",False,[219],"[103, 104, 105, 106, 107, 108, 109, 110, 111, 112, 113, 114, 115, 116, 117, 118, 119, 120, 121, 122, 123, 124, 125, 126, 127, 128, 129, 130, 131, 132, 133, 134, 135, 136, 137, 138, 139, 140, 141, 142, 143, 144, 145, 146, 147, 148, 149, 150, 151, 152, 153, 154, 155, 156, 157, 158, 159, 160, 161, 162, 163, 164, 165, 166, 167, 168, 169, 170, 171, 172, 173, 174, 175, 176, 177, 178, 179, 180, 181, 182, 183, 184, 185, 186, 187, 188, 189, 190, 191, 192, 193, 194, 195, 196, 197, 198, 199, 200, 201, 202, 203, 204, 205, 206, 207, 208, 209, 210, 211, 212, 213, 214, 215, 216, 217, 218, 219, 220, 221, 222, 223, 224, 225, 226, 227, 228, 229, 230, 231, 232, 233, 234, 235, 236, 237, 238, 239, 240, 241, 242, 243, 244, 245, 246, 247, 248, 249, 250, 251, 252, 253, 254, 255, 256, 257, 258, 259, 260, 261, 262, 263, 264, 265, 266, 267, 268, 269, 270, 271, 272, 273, 274, 275, 276, 277, 278, 279, 280, 281, 282, 283, 284, 285, 286, 287, 288, 289, 290, 291, 292, 293, 294, 295, 296, 297, 298, 299, 300, 301, 302, 303, 304, 305, 306, 307, 308, 309, 310, 311, 312, 313, 314, 315, 316, 317, 318, 319, 320, 321, 322, 323, 324, 325, 326, 327, 328, 329, 330, 331, 332, 333, 334, 335, 336, 337, 574, 575, 576, 577, 578, 579, 580, 581, 582, 583, 584, 585, 586, 587, 588, 589, 590, 591, 592, 593, 594, 595, 596, 597, 598, 599, 600, 601, 602, 603, 604, 605, 606, 607, 608, 609, 610, 611, 612, 613, 614, 615, 616, 617, 618, 619, 620, 621, 622, 623, 624, 625, 626, 627, 628, 629, 630, 631, 632, 633, 634, 635, 636, 637, 638, 639, 640, 641, 642, 643, 644, 645, 646, 647, 648, 649, 650, 651, 652, 653, 654, 655, 656, 657, 658, 659, 660, 661, 662, 663, 664, 665, 666, 667, 668, 669, 670, 671, 672, 673, 674, 675, 676, 677, 678, 679, 680, 681, 682, 683, 684, 685, 686, 687, 688, 689, 690, 691, 692, 693, 694, 695, 696, 697, 698, 699, 700, 701, 702, 703, 704, 705, 706, 707, 708, 709, 710, 711, 712, 713, 714, 715, 716, 717, 718, 719, 720, 721, 722, 723, 724, 725, 726, 727, 728, 729, 730, 731, 732, 733, 734, 735, 736, 737, 738, 739, 740, 741, 742, 743, 744, 745, 746, 747, 748, 749, 750, 751, 752, 753, 754, 755, 756, 757, 758, 759, 760, 761, 762, 763, 764, 765, 766, 767, 768, 769, 770, 771, 772, 773, 774, 775, 776, 777, 778, 779, 780, 781, 782, 783, 784, 785, 786, 787, 788, 789, 790, 791, 792, 793]",[219],[],"[103, 104, 106, 117, 118, 120, 127, 128, 129, 131, 133, 135, 136, 137, 139, 146, 147, 148, 149, 151, 158, 160, 162, 166, 173, 178, 179, 185, 190, 192, 198, 201, 203, 204, 206, 207, 212, 213, 214, 219, 223, 224, 225, 227, 230, 235, 237, 246, 247, 256, 259, 262, 263, 266, 268, 269, 271, 272, 278, 279, 284, 285, 288, 290, 292, 304, 312, 316, 319, 320, 323, 324, 332, 399, 421, 432, 434, 462, 466, 469, 476, 479, 574, 575, 588, 591, 607, 608, 610, 618, 619, 620, 622, 632, 644, 649, 650, 656, 661, 663, 669, 674, 677, 683, 684, 687, 688, 689, 701, 710, 723, 730, 731, 738, 747, 751, 762, 774, 778, 789, 848, 873, 884, 886, 909, 913, 916, 925, 930]","[84, 87, 89, 114, 115, 117, 124, 132, 135, 144, 152, 178, 239, 268, 277, 281, 297, 318, 320, 327, 348, 394, 555, 558, 560, 585, 586, 588, 595, 603, 606, 615, 623, 649, 703, 727, 736, 740, 756, 776, 778, 785, 803, 844]",[],5/6 successful match,False,[555],True,370,False,,1.0,True,Royal Mini Mart ( 76 ),
Oroville ( 95965 ) Royal Mini Mart # 2970 E ( 76 ) ),3 530-533-9093 CA 70 & Georgia Pacific,24 T <U+25A1> <U+25A1>,Oroville,95965,Royal Mini Mart # 2970 E ( 76 ) ),530-533-9093,2015,Oroville,CA,,,CA 70 & Georgia Pacific,empty,,False,,False,CA 70,Georgia Pacific,,,,[],[219],[219],[],"[103, 104, 105, 106, 107, 108, 109, 110, 111, 112, 113, 114, 115, 116, 117, 118, 119, 120, 121, 122, 123, 124, 125, 126, 127, 128, 129, 130, 131, 132, 133, 134, 135, 136, 137, 138, 139, 140, 141, 142, 143, 144, 145, 146, 147, 148, 149, 150, 151, 152, 153, 154, 155, 156, 157, 158, 159, 160, 161, 162, 163, 164, 165, 166, 167, 168, 169, 170, 171, 172, 173, 174, 175, 176, 177, 178, 179, 180, 181, 182, 183, 184, 185, 186, 187, 188, 189, 190, 191, 192, 193, 194, 195, 196, 197, 198, 199, 200, 201, 202, 203, 204, 205, 206, 207, 208, 209, 210, 211, 212, 213, 214, 215, 216, 217, 218, 219, 220, 221, 222, 223, 224, 225, 226, 227, 228, 229, 230, 231, 232, 233, 234, 235, 236, 237, 238, 239, 240, 241, 242, 243, 244, 245, 246, 247, 248, 249, 250, 251, 252, 253, 254, 255, 256, 257, 258, 259, 260, 261, 262, 263, 264, 265, 266, 267, 268, 269, 270, 271, 272, 273, 274, 275, 276, 277, 278, 279, 280, 281, 282, 283, 284, 285, 286, 287, 288, 289, 290, 291, 292, 293, 294, 295, 296, 297, 298, 299, 300, 301, 302, 303, 304, 305, 306, 307, 308, 309, 310, 311, 312, 313, 314, 315, 316, 317, 318, 319, 320, 321, 322, 323, 324, 325, 326, 327, 328, 329, 330, 331, 332, 333, 334, 335, 336, 337, 574, 575, 576, 577, 578, 579, 580, 581, 582, 583, 584, 585, 586, 587, 588, 589, 590, 591, 592, 593, 594, 595, 596, 597, 598, 599, 600, 601, 602, 603, 604, 605, 606, 607, 608, 609, 610, 611, 612, 613, 614, 615, 616, 617, 618, 619, 620, 621, 622, 623, 624, 625, 626, 627, 628, 629, 630, 631, 632, 633, 634, 635, 636, 637, 638, 639, 640, 641, 642, 643, 644, 645, 646, 647, 648, 649, 650, 651, 652, 653, 654, 655, 656, 657, 658, 659, 660, 661, 662, 663, 664, 665, 666, 667, 668, 669, 670, 671, 672, 673, 674, 675, 676, 677, 678, 679, 680, 681, 682, 683, 684, 685, 686, 687, 688, 689, 690, 691, 692, 693, 694, 695, 696, 697, 698, 699, 700, 701, 702, 703, 704, 705, 706, 707, 708, 709, 710, 711, 712, 713, 714, 715, 716, 717, 718, 719, 720, 721, 722, 723, 724, 725, 726, 727, 728, 729, 730, 731, 732, 733, 734, 735, 736, 737, 738, 739, 740, 741, 742, 743, 744, 745, 746, 747, 748, 749, 750, 751, 752, 753, 754, 755, 756, 757, 758, 759, 760, 761, 762, 763, 764, 765, 766, 767, 768, 769, 770, 771, 772, 773, 774, 775, 776, 777, 778, 779, 780, 781, 782, 783, 784, 785, 786, 787, 788, 789, 790, 791, 792, 793]","[103, 104, 106, 117, 118, 120, 127, 128, 129, 131, 133, 135, 136, 137, 139, 146, 147, 148, 149, 151, 158, 160, 162, 166, 173, 178, 179, 181, 185, 190, 192, 198, 201, 203, 204, 206, 207, 212, 213, 214, 219, 223, 224, 225, 227, 230, 235, 236, 237, 246, 247, 256, 259, 262, 263, 266, 268, 269, 271, 272, 278, 279, 284, 285, 288, 290, 292, 304, 312, 316, 319, 320, 323, 324, 332, 399, 421, 432, 434, 462, 466, 469, 476, 479, 574, 575, 588, 591, 607, 608, 610, 618, 619, 620, 622, 632, 644, 649, 650, 652, 656, 661, 663, 669, 674, 677, 683, 684, 687, 688, 689, 700, 701, 710, 723, 730, 731, 738, 747, 751, 762, 774, 778, 789, 848, 873, 884, 886, 909, 913, 916, 925, 930]",[],"[84, 87, 89, 114, 115, 117, 124, 132, 135, 144, 152, 178, 239, 268, 277, 281, 297, 318, 320, 327, 348, 394, 555, 558, 560, 585, 586, 588, 595, 603, 606, 615, 623, 649, 703, 727, 736, 740, 756, 776, 778, 785, 803, 844]","[84, 87, 89, 103, 104, 105, 106, 107, 108, 109, 110, 111, 112, 113, 114, 115, 116, 117, 118, 119, 120, 121, 122, 123, 124, 125, 126, 127, 128, 129, 130, 131, 132, 133, 134, 135, 136, 137, 138, 139, 140, 141, 142, 143, 144, 145, 146, 147, 148, 149, 150, 151, 152, 153, 154, 155, 156, 157, 158, 159, 160, 161, 162, 163, 164, 165, 166, 167, 168, 169, 170, 171, 172, 173, 174, 175, 176, 177, 178, 179, 180, 181, 182, 183, 184, 185, 186, 187, 188, 189, 190, 191, 192, 193, 194, 195, 196, 197, 198, 199, 200, 201, 202, 203, 204, 205, 206, 207, 208, 209, 210, 211, 212, 213, 214, 215, 216, 217, 218, 219, 220, 221, 222, 223, 224, 225, 226, 227, 228, 229, 230, 231, 232, 233, 234, 235, 236, 237, 238, 239, 240, 241, 242, 243, 244, 245, 246, 247, 248, 249, 250, 251, 252, 253, 254, 255, 256, 257, 258, 259, 260, 261, 262, 263, 264, 265, 266, 267, 268, 269, 270, 271, 272, 273, 274, 275, 276, 277, 278, 279, 280, 281, 282, 283, 284, 285, 286, 287, 288, 289, 290, 291, 292, 293, 294, 295, 296, 297, 298, 299, 300, 301, 302, 303, 304, 305, 306, 307, 308, 309, 310, 311, 312, 313, 314, 315, 316, 317, 318, 319, 320, 321, 322, 323, 324, 325, 326, 327, 328, 329, 330, 331, 332, 333, 334, 335, 336, 337, 348, 394, 399, 421, 432, 434, 462, 466, 469, 476, 479, 555, 558, 560, 574, 575, 576, 577, 578, 579, 580, 581, 582, 583, 584, 585, 586, 587, 588, 589, 590, 591, 592, 593, 594, 595, 596, 597, 598, 599, 600, 601, 602, 603, 604, 605, 606, 607, 608, 609, 610, 611, 612, 613, 614, 615, 616, 617, 618, 619, 620, 621, 622, 623, 624, 625, 626, 627, 628, 629, 630, 631, 632, 633, 634, 635, 636, 637, 638, 639, 640, 641, 642, 643, 644, 645, 646, 647, 648, 649, 650, 651, 652, 653, 654, 655, 656, 657, 658, 659, 660, 661, 662, 663, 664, 665, 666, 667, 668, 669, 670, 671, 672, 673, 674, 675, 676, 677, 678, 679, 680, 681, 682, 683, 684, 685, 686, 687, 688, 689, 690, 691, 692, 693, 694, 695, 696, 697, 698, 699, 700, 701, 702, 703, 704, 705, 706, 707, 708, 709, 710, 711, 712, 713, 714, 715, 716, 717, 718, 719, 720, 721, 722, 723, 724, 725, 726, 727, 728, 729, 730, 731, 732, 733, 734, 735, 736, 737, 738, 739, 740, 741, 742, 743, 744, 745, 746, 747, 748, 749, 750, 751, 752, 753, 754, 755, 756, 757, 758, 759, 760, 761, 762, 763, 764, 765, 766, 767, 768, 769, 770, 771, 772, 773, 774, 775, 776, 777, 778, 779, 780, 781, 782, 783, 784, 785, 786, 787, 788, 789, 790, 791, 792, 793, 803, 844, 848, 873, 884, 886, 909, 913, 916, 925, 930]",False,[219],"[103, 104, 105, 106, 107, 108, 109, 110, 111, 112, 113, 114, 115, 116, 117, 118, 119, 120, 121, 122, 123, 124, 125, 126, 127, 128, 129, 130, 131, 132, 133, 134, 135, 136, 137, 138, 139, 140, 141, 142, 143, 144, 145, 146, 147, 148, 149, 150, 151, 152, 153, 154, 155, 156, 157, 158, 159, 160, 161, 162, 163, 164, 165, 166, 167, 168, 169, 170, 171, 172, 173, 174, 175, 176, 177, 178, 179, 180, 181, 182, 183, 184, 185, 186, 187, 188, 189, 190, 191, 192, 193, 194, 195, 196, 197, 198, 199, 200, 201, 202, 203, 204, 205, 206, 207, 208, 209, 210, 211, 212, 213, 214, 215, 216, 217, 218, 219, 220, 221, 222, 223, 224, 225, 226, 227, 228, 229, 230, 231, 232, 233, 234, 235, 236, 237, 238, 239, 240, 241, 242, 243, 244, 245, 246, 247, 248, 249, 250, 251, 252, 253, 254, 255, 256, 257, 258, 259, 260, 261, 262, 263, 264, 265, 266, 267, 268, 269, 270, 271, 272, 273, 274, 275, 276, 277, 278, 279, 280, 281, 282, 283, 284, 285, 286, 287, 288, 289, 290, 291, 292, 293, 294, 295, 296, 297, 298, 299, 300, 301, 302, 303, 304, 305, 306, 307, 308, 309, 310, 311, 312, 313, 314, 315, 316, 317, 318, 319, 320, 321, 322, 323, 324, 325, 326, 327, 328, 329, 330, 331, 332, 333, 334, 335, 336, 337, 574, 575, 576, 577, 578, 579, 580, 581, 582, 583, 584, 585, 586, 587, 588, 589, 590, 591, 592, 593, 594, 595, 596, 597, 598, 599, 600, 601, 602, 603, 604, 605, 606, 607, 608, 609, 610, 611, 612, 613, 614, 615, 616, 617, 618, 619, 620, 621, 622, 623, 624, 625, 626, 627, 628, 629, 630, 631, 632, 633, 634, 635, 636, 637, 638, 639, 640, 641, 642, 643, 644, 645, 646, 647, 648, 649, 650, 651, 652, 653, 654, 655, 656, 657, 658, 659, 660, 661, 662, 663, 664, 665, 666, 667, 668, 669, 670, 671, 672, 673, 674, 675, 676, 677, 678, 679, 680, 681, 682, 683, 684, 685, 686, 687, 688, 689, 690, 691, 692, 693, 694, 695, 696, 697, 698, 699, 700, 701, 702, 703, 704, 705, 706, 707, 708, 709, 710, 711, 712, 713, 714, 715, 716, 717, 718, 719, 720, 721, 722, 723, 724, 725, 726, 727, 728, 729, 730, 731, 732, 733, 734, 735, 736, 737, 738, 739, 740, 741, 742, 743, 744, 745, 746, 747, 748, 749, 750, 751, 752, 753, 754, 755, 756, 757, 758, 759, 760, 761, 762, 763, 764, 765, 766, 767, 768, 769, 770, 771, 772, 773, 774, 775, 776, 777, 778, 779, 780, 781, 782, 783, 784, 785, 786, 787, 788, 789, 790, 791, 792, 793]",[219],[],"[103, 104, 106, 117, 118, 120, 127, 128, 129, 131, 133, 135, 136, 137, 139, 146, 147, 148, 149, 151, 158, 160, 162, 166, 173, 178, 179, 181, 185, 190, 192, 198, 201, 203, 204, 206, 207, 212, 213, 214, 219, 223, 224, 225, 227, 230, 235, 236, 237, 246, 247, 256, 259, 262, 263, 266, 268, 269, 271, 272, 278, 279, 284, 285, 288, 290, 292, 304, 312, 316, 319, 320, 323, 324, 332, 399, 421, 432, 434, 462, 466, 469, 476, 479, 574, 575, 588, 591, 607, 608, 610, 618, 619, 620, 622, 632, 644, 649, 650, 652, 656, 661, 663, 669, 674, 677, 683, 684, 687, 688, 689, 700, 701, 710, 723, 730, 731, 738, 747, 751, 762, 774, 778, 789, 848, 873, 884, 886, 909, 913, 916, 925, 930]","[84, 87, 89, 114, 115, 117, 124, 132, 135, 144, 152, 178, 239, 268, 277, 281, 297, 318, 320, 327, 348, 394, 555, 558, 560, 585, 586, 588, 595, 603, 606, 615, 623, 649, 703, 727, 736, 740, 756, 776, 778, 785, 803, 844]",[],5/6 successful match,False,[555],True,370,False,,1.0,True,Royal Mini Mart # 2970 ( 76 ),
Oroville ( 95965 ) Royal Mini Mart # 2970 ( 76 ),530-533-9093 CA 70 & Georgia Pacific Way E,24 D,Oroville,95965,Royal Mini Mart # 2970 ( 76 ),530-533-9093,2016,Oroville,CA,,,CA 70 & Georgia Pacific Way E,empty,,False,,False,CA 70,Way E,,,,[],[219],[219],[],"[103, 104, 105, 106, 107, 108, 109, 110, 111, 112, 113, 114, 115, 116, 117, 118, 119, 120, 121, 122, 123, 124, 125, 126, 127, 128, 129, 130, 131, 132, 133, 134, 135, 136, 137, 138, 139, 140, 141, 142, 143, 144, 145, 146, 147, 148, 149, 150, 151, 152, 153, 154, 155, 156, 157, 158, 159, 160, 161, 162, 163, 164, 165, 166, 167, 168, 169, 170, 171, 172, 173, 174, 175, 176, 177, 178, 179, 180, 181, 182, 183, 184, 185, 186, 187, 188, 189, 190, 191, 192, 193, 194, 195, 196, 197, 198, 199, 200, 201, 202, 203, 204, 205, 206, 207, 208, 209, 210, 211, 212, 213, 214, 215, 216, 217, 218, 219, 220, 221, 222, 223, 224, 225, 226, 227, 228, 229, 230, 231, 232, 233, 234, 235, 236, 237, 238, 239, 240, 241, 242, 243, 244, 245, 246, 247, 248, 249, 250, 251, 252, 253, 254, 255, 256, 257, 258, 259, 260, 261, 262, 263, 264, 265, 266, 267, 268, 269, 270, 271, 272, 273, 274, 275, 276, 277, 278, 279, 280, 281, 282, 283, 284, 285, 286, 287, 288, 289, 290, 291, 292, 293, 294, 295, 296, 297, 298, 299, 300, 301, 302, 303, 304, 305, 306, 307, 308, 309, 310, 311, 312, 313, 314, 315, 316, 317, 318, 319, 320, 321, 322, 323, 324, 325, 326, 327, 328, 329, 330, 331, 332, 333, 334, 335, 336, 337, 574, 575, 576, 577, 578, 579, 580, 581, 582, 583, 584, 585, 586, 587, 588, 589, 590, 591, 592, 593, 594, 595, 596, 597, 598, 599, 600, 601, 602, 603, 604, 605, 606, 607, 608, 609, 610, 611, 612, 613, 614, 615, 616, 617, 618, 619, 620, 621, 622, 623, 624, 625, 626, 627, 628, 629, 630, 631, 632, 633, 634, 635, 636, 637, 638, 639, 640, 641, 642, 643, 644, 645, 646, 647, 648, 649, 650, 651, 652, 653, 654, 655, 656, 657, 658, 659, 660, 661, 662, 663, 664, 665, 666, 667, 668, 669, 670, 671, 672, 673, 674, 675, 676, 677, 678, 679, 680, 681, 682, 683, 684, 685, 686, 687, 688, 689, 690, 691, 692, 693, 694, 695, 696, 697, 698, 699, 700, 701, 702, 703, 704, 705, 706, 707, 708, 709, 710, 711, 712, 713, 714, 715, 716, 717, 718, 719, 720, 721, 722, 723, 724, 725, 726, 727, 728, 729, 730, 731, 732, 733, 734, 735, 736, 737, 738, 739, 740, 741, 742, 743, 744, 745, 746, 747, 748, 749, 750, 751, 752, 753, 754, 755, 756, 757, 758, 759, 760, 761, 762, 763, 764, 765, 766, 767, 768, 769, 770, 771, 772, 773, 774, 775, 776, 777, 778, 779, 780, 781, 782, 783, 784, 785, 786, 787, 788, 789, 790, 791, 792, 793]","[103, 104, 106, 117, 118, 120, 127, 128, 129, 131, 133, 135, 136, 137, 139, 146, 147, 148, 149, 151, 158, 160, 162, 166, 173, 178, 179, 185, 190, 192, 198, 201, 203, 204, 206, 207, 212, 213, 214, 219, 223, 224, 225, 227, 230, 235, 237, 246, 247, 256, 259, 262, 263, 266, 268, 269, 271, 272, 278, 279, 284, 285, 288, 290, 292, 304, 312, 316, 319, 320, 323, 324, 332, 399, 421, 432, 434, 462, 466, 469, 476, 479, 574, 575, 588, 591, 607, 608, 610, 618, 619, 620, 622, 632, 644, 649, 650, 656, 661, 663, 669, 674, 677, 683, 684, 687, 688, 689, 701, 710, 723, 730, 731, 738, 747, 751, 762, 774, 778, 789, 848, 873, 884, 886, 909, 913, 916, 925, 930]",[],"[84, 87, 89, 114, 115, 117, 124, 132, 135, 144, 152, 178, 239, 268, 277, 281, 297, 318, 320, 327, 348, 394, 555, 558, 560, 585, 586, 588, 595, 603, 606, 615, 623, 649, 703, 727, 736, 740, 756, 776, 778, 785, 803, 844]","[84, 87, 89, 103, 104, 105, 106, 107, 108, 109, 110, 111, 112, 113, 114, 115, 116, 117, 118, 119, 120, 121, 122, 123, 124, 125, 126, 127, 128, 129, 130, 131, 132, 133, 134, 135, 136, 137, 138, 139, 140, 141, 142, 143, 144, 145, 146, 147, 148, 149, 150, 151, 152, 153, 154, 155, 156, 157, 158, 159, 160, 161, 162, 163, 164, 165, 166, 167, 168, 169, 170, 171, 172, 173, 174, 175, 176, 177, 178, 179, 180, 181, 182, 183, 184, 185, 186, 187, 188, 189, 190, 191, 192, 193, 194, 195, 196, 197, 198, 199, 200, 201, 202, 203, 204, 205, 206, 207, 208, 209, 210, 211, 212, 213, 214, 215, 216, 217, 218, 219, 220, 221, 222, 223, 224, 225, 226, 227, 228, 229, 230, 231, 232, 233, 234, 235, 236, 237, 238, 239, 240, 241, 242, 243, 244, 245, 246, 247, 248, 249, 250, 251, 252, 253, 254, 255, 256, 257, 258, 259, 260, 261, 262, 263, 264, 265, 266, 267, 268, 269, 270, 271, 272, 273, 274, 275, 276, 277, 278, 279, 280, 281, 282, 283, 284, 285, 286, 287, 288, 289, 290, 291, 292, 293, 294, 295, 296, 297, 298, 299, 300, 301, 302, 303, 304, 305, 306, 307, 308, 309, 310, 311, 312, 313, 314, 315, 316, 317, 318, 319, 320, 321, 322, 323, 324, 325, 326, 327, 328, 329, 330, 331, 332, 333, 334, 335, 336, 337, 348, 394, 399, 421, 432, 434, 462, 466, 469, 476, 479, 555, 558, 560, 574, 575, 576, 577, 578, 579, 580, 581, 582, 583, 584, 585, 586, 587, 588, 589, 590, 591, 592, 593, 594, 595, 596, 597, 598, 599, 600, 601, 602, 603, 604, 605, 606, 607, 608, 609, 610, 611, 612, 613, 614, 615, 616, 617, 618, 619, 620, 621, 622, 623, 624, 625, 626, 627, 628, 629, 630, 631, 632, 633, 634, 635, 636, 637, 638, 639, 640, 641, 642, 643, 644, 645, 646, 647, 648, 649, 650, 651, 652, 653, 654, 655, 656, 657, 658, 659, 660, 661, 662, 663, 664, 665, 666, 667, 668, 669, 670, 671, 672, 673, 674, 675, 676, 677, 678, 679, 680, 681, 682, 683, 684, 685, 686, 687, 688, 689, 690, 691, 692, 693, 694, 695, 696, 697, 698, 699, 700, 701, 702, 703, 704, 705, 706, 707, 708, 709, 710, 711, 712, 713, 714, 715, 716, 717, 718, 719, 720, 721, 722, 723, 724, 725, 726, 727, 728, 729, 730, 731, 732, 733, 734, 735, 736, 737, 738, 739, 740, 741, 742, 743, 744, 745, 746, 747, 748, 749, 750, 751, 752, 753, 754, 755, 756, 757, 758, 759, 760, 761, 762, 763, 764, 765, 766, 767, 768, 769, 770, 771, 772, 773, 774, 775, 776, 777, 778, 779, 780, 781, 782, 783, 784, 785, 786, 787, 788, 789, 790, 791, 792, 793, 803, 844, 848, 873, 884, 886, 909, 913, 916, 925, 930]",False,[219],"[103, 104, 105, 106, 107, 108, 109, 110, 111, 112, 113, 114, 115, 116, 117, 118, 119, 120, 121, 122, 123, 124, 125, 126, 127, 128, 129, 130, 131, 132, 133, 134, 135, 136, 137, 138, 139, 140, 141, 142, 143, 144, 145, 146, 147, 148, 149, 150, 151, 152, 153, 154, 155, 156, 157, 158, 159, 160, 161, 162, 163, 164, 165, 166, 167, 168, 169, 170, 171, 172, 173, 174, 175, 176, 177, 178, 179, 180, 181, 182, 183, 184, 185, 186, 187, 188, 189, 190, 191, 192, 193, 194, 195, 196, 197, 198, 199, 200, 201, 202, 203, 204, 205, 206, 207, 208, 209, 210, 211, 212, 213, 214, 215, 216, 217, 218, 219, 220, 221, 222, 223, 224, 225, 226, 227, 228, 229, 230, 231, 232, 233, 234, 235, 236, 237, 238, 239, 240, 241, 242, 243, 244, 245, 246, 247, 248, 249, 250, 251, 252, 253, 254, 255, 256, 257, 258, 259, 260, 261, 262, 263, 264, 265, 266, 267, 268, 269, 270, 271, 272, 273, 274, 275, 276, 277, 278, 279, 280, 281, 282, 283, 284, 285, 286, 287, 288, 289, 290, 291, 292, 293, 294, 295, 296, 297, 298, 299, 300, 301, 302, 303, 304, 305, 306, 307, 308, 309, 310, 311, 312, 313, 314, 315, 316, 317, 318, 319, 320, 321, 322, 323, 324, 325, 326, 327, 328, 329, 330, 331, 332, 333, 334, 335, 336, 337, 574, 575, 576, 577, 578, 579, 580, 581, 582, 583, 584, 585, 586, 587, 588, 589, 590, 591, 592, 593, 594, 595, 596, 597, 598, 599, 600, 601, 602, 603, 604, 605, 606, 607, 608, 609, 610, 611, 612, 613, 614, 615, 616, 617, 618, 619, 620, 621, 622, 623, 624, 625, 626, 627, 628, 629, 630, 631, 632, 633, 634, 635, 636, 637, 638, 639, 640, 641, 642, 643, 644, 645, 646, 647, 648, 649, 650, 651, 652, 653, 654, 655, 656, 657, 658, 659, 660, 661, 662, 663, 664, 665, 666, 667, 668, 669, 670, 671, 672, 673, 674, 675, 676, 677, 678, 679, 680, 681, 682, 683, 684, 685, 686, 687, 688, 689, 690, 691, 692, 693, 694, 695, 696, 697, 698, 699, 700, 701, 702, 703, 704, 705, 706, 707, 708, 709, 710, 711, 712, 713, 714, 715, 716, 717, 718, 719, 720, 721, 722, 723, 724, 725, 726, 727, 728, 729, 730, 731, 732, 733, 734, 735, 736, 737, 738, 739, 740, 741, 742, 743, 744, 745, 746, 747, 748, 749, 750, 751, 752, 753, 754, 755, 756, 757, 758, 759, 760, 761, 762, 763, 764, 765, 766, 767, 768, 769, 770, 771, 772, 773, 774, 775, 776, 777, 778, 779, 780, 781, 782, 783, 784, 785, 786, 787, 788, 789, 790, 791, 792, 793]",[219],[],"[103, 104, 106, 117, 118, 120, 127, 128, 129, 131, 133, 135, 136, 137, 139, 146, 147, 148, 149, 151, 158, 160, 162, 166, 173, 178, 179, 185, 190, 192, 198, 201, 203, 204, 206, 207, 212, 213, 214, 219, 223, 224, 225, 227, 230, 235, 237, 246, 247, 256, 259, 262, 263, 266, 268, 269, 271, 272, 278, 279, 284, 285, 288, 290, 292, 304, 312, 316, 319, 320, 323, 324, 332, 399, 421, 432, 434, 462, 466, 469, 476, 479, 574, 575, 588, 591, 607, 608, 610, 618, 619, 620, 622, 632, 644, 649, 650, 656, 661, 663, 669, 674, 677, 683, 684, 687, 688, 689, 701, 710, 723, 730, 731, 738, 747, 751, 762, 774, 778, 789, 848, 873, 884, 886, 909, 913, 916, 925, 930]","[84, 87, 89, 114, 115, 117, 124, 132, 135, 144, 152, 178, 239, 268, 277, 281, 297, 318, 320, 327, 348, 394, 555, 558, 560, 585, 586, 588, 595, 603, 606, 615, 623, 649, 703, 727, 736, 740, 756, 776, 778, 785, 803, 844]",[],5/6 successful match,False,[555],True,370,False,,1.0,True,Royal Mini Mart # 2970 E ( 76 ) ),
"Yuba City , 95991 Hwy 99 Travel Center Town ( Chevron Rd ) )",530-790-0588 4142 CA 99 ( 5 mi S of town,24,Yuba City,95991,Hwy 99 Travel Center Town ( Chevron Rd ) ),530-790-0588,2006,Yuba City,CA,Chevron,( 5 mi S of town,4142 CA 99,Proper,,False,,False,CA 99,,,,,"[656, 185]","[146, 185, 617, 656]","[146, 185, 617, 656]",[],"[103, 104, 105, 106, 107, 108, 109, 110, 111, 112, 113, 114, 115, 116, 117, 118, 119, 120, 121, 122, 123, 124, 125, 126, 127, 128, 129, 130, 131, 132, 133, 134, 135, 136, 137, 138, 139, 140, 141, 142, 143, 144, 145, 146, 147, 148, 149, 150, 151, 152, 153, 154, 155, 156, 157, 158, 159, 160, 161, 162, 163, 164, 165, 166, 167, 168, 169, 170, 171, 172, 173, 174, 175, 176, 177, 178, 179, 180, 181, 182, 183, 184, 185, 186, 187, 188, 189, 190, 191, 192, 193, 194, 195, 196, 197, 198, 199, 200, 201, 202, 203, 204, 205, 206, 207, 208, 209, 210, 211, 212, 213, 214, 215, 216, 217, 218, 219, 220, 221, 222, 223, 224, 225, 226, 227, 228, 229, 230, 231, 232, 233, 234, 235, 236, 237, 238, 239, 240, 241, 242, 243, 244, 245, 246, 247, 248, 249, 250, 251, 252, 253, 254, 255, 256, 257, 258, 259, 260, 261, 262, 263, 264, 265, 266, 267, 268, 269, 270, 271, 272, 273, 274, 275, 276, 277, 278, 279, 280, 281, 282, 283, 284, 285, 286, 287, 288, 289, 290, 291, 292, 293, 294, 295, 296, 297, 298, 299, 300, 301, 302, 303, 304, 305, 306, 307, 308, 309, 310, 311, 312, 313, 314, 315, 316, 317, 318, 319, 320, 321, 322, 323, 324, 325, 326, 327, 328, 329, 330, 331, 332, 333, 334, 335, 336, 337, 574, 575, 576, 577, 578, 579, 580, 581, 582, 583, 584, 585, 586, 587, 588, 589, 590, 591, 592, 593, 594, 595, 596, 597, 598, 599, 600, 601, 602, 603, 604, 605, 606, 607, 608, 609, 610, 611, 612, 613, 614, 615, 616, 617, 618, 619, 620, 621, 622, 623, 624, 625, 626, 627, 628, 629, 630, 631, 632, 633, 634, 635, 636, 637, 638, 639, 640, 641, 642, 643, 644, 645, 646, 647, 648, 649, 650, 651, 652, 653, 654, 655, 656, 657, 658, 659, 660, 661, 662, 663, 664, 665, 666, 667, 668, 669, 670, 671, 672, 673, 674, 675, 676, 677, 678, 679, 680, 681, 682, 683, 684, 685, 686, 687, 688, 689, 690, 691, 692, 693, 694, 695, 696, 697, 698, 699, 700, 701, 702, 703, 704, 705, 706, 707, 708, 709, 710, 711, 712, 713, 714, 715, 716, 717, 718, 719, 720, 721, 722, 723, 724, 725, 726, 727, 728, 729, 730, 731, 732, 733, 734, 735, 736, 737, 738, 739, 740, 741, 742, 743, 744, 745, 746, 747, 748, 749, 750, 751, 752, 753, 754, 755, 756, 757, 758, 759, 760, 761, 762, 763, 764, 765, 766, 767, 768, 769, 770, 771, 772, 773, 774, 775, 776, 777, 778, 779, 780, 781, 782, 783, 784, 785, 786, 787, 788, 789, 790, 791, 792, 793]","[10, 75, 103, 104, 106, 117, 118, 120, 127, 128, 129, 131, 133, 135, 136, 137, 139, 146, 147, 148, 149, 151, 158, 160, 162, 166, 173, 178, 179, 185, 190, 192, 198, 201, 203, 204, 206, 207, 212, 213, 214, 219, 223, 224, 225, 227, 230, 235, 237, 246, 247, 256, 259, 262, 263, 266, 268, 269, 271, 272, 278, 279, 284, 285, 288, 290, 292, 304, 306, 312, 316, 319, 320, 323, 324, 329, 332, 335, 495, 549, 574, 575, 577, 588, 589, 591, 598, 599, 600, 602, 604, 606, 607, 608, 610, 617, 618, 619, 620, 622, 625, 630, 632, 634, 638, 644, 649, 650, 656, 661, 663, 669, 673, 674, 676, 677, 682, 683, 684, 687, 688, 689, 691, 694, 699, 701, 710, 718, 722, 723, 727, 728, 730, 731, 737, 738, 743, 744, 747, 749, 751, 762, 764, 770, 774, 777, 778, 781, 782, 789, 791]","[12, 24, 25, 28, 88, 100, 104, 119, 123, 129, 136, 137, 139, 140, 141, 148, 155, 169, 172, 179, 183, 185, 188, 196, 198, 217, 237, 267, 270, 278, 319, 321, 324, 325, 330, 334, 335, 354, 366, 369, 380, 383, 384, 386, 395, 407, 411, 423, 428, 436, 437, 452, 453, 456, 467, 471, 477, 478, 479, 497, 508, 511, 559, 571, 575, 590, 594, 600, 607, 608, 610, 611, 612, 619, 627, 640, 643, 650, 654, 656, 659, 667, 669, 685, 701, 726, 729, 737, 777, 779, 782, 783, 787, 790, 791, 809, 817, 819, 830, 833, 834, 836, 845, 856, 857, 860, 862, 875, 880, 887, 888, 899, 900, 914, 918, 921, 928, 929, 930]","[12, 24, 25, 28, 88, 100, 104, 119, 123, 129, 136, 137, 139, 140, 141, 148, 155, 169, 172, 179, 183, 185, 188, 196, 198, 217, 237, 267, 270, 278, 319, 321, 324, 325, 330, 334, 335, 354, 366, 369, 380, 383, 384, 386, 395, 407, 411, 423, 428, 436, 437, 452, 453, 456, 467, 471, 477, 478, 479, 497, 508, 511, 559, 571, 575, 590, 594, 600, 607, 608, 610, 611, 612, 619, 627, 640, 643, 650, 654, 656, 659, 667, 669, 685, 701, 726, 729, 737, 777, 779, 782, 783, 787, 790, 791, 809, 817, 819, 830, 833, 834, 836, 845, 856, 857, 860, 862, 875, 880, 887, 888, 899, 900, 914, 918, 921, 928, 929, 930]","[10, 12, 24, 25, 28, 75, 88, 100, 103, 104, 105, 106, 107, 108, 109, 110, 111, 112, 113, 114, 115, 116, 117, 118, 119, 120, 121, 122, 123, 124, 125, 126, 127, 128, 129, 130, 131, 132, 133, 134, 135, 136, 137, 138, 139, 140, 141, 142, 143, 144, 145, 146, 147, 148, 149, 150, 151, 152, 153, 154, 155, 156, 157, 158, 159, 160, 161, 162, 163, 164, 165, 166, 167, 168, 169, 170, 171, 172, 173, 174, 175, 176, 177, 178, 179, 180, 181, 182, 183, 184, 185, 186, 187, 188, 189, 190, 191, 192, 193, 194, 195, 196, 197, 198, 199, 200, 201, 202, 203, 204, 205, 206, 207, 208, 209, 210, 211, 212, 213, 214, 215, 216, 217, 218, 219, 220, 221, 222, 223, 224, 225, 226, 227, 228, 229, 230, 231, 232, 233, 234, 235, 236, 237, 238, 239, 240, 241, 242, 243, 244, 245, 246, 247, 248, 249, 250, 251, 252, 253, 254, 255, 256, 257, 258, 259, 260, 261, 262, 263, 264, 265, 266, 267, 268, 269, 270, 271, 272, 273, 274, 275, 276, 277, 278, 279, 280, 281, 282, 283, 284, 285, 286, 287, 288, 289, 290, 291, 292, 293, 294, 295, 296, 297, 298, 299, 300, 301, 302, 303, 304, 305, 306, 307, 308, 309, 310, 311, 312, 313, 314, 315, 316, 317, 318, 319, 320, 321, 322, 323, 324, 325, 326, 327, 328, 329, 330, 331, 332, 333, 334, 335, 336, 337, 354, 366, 369, 380, 383, 384, 386, 395, 407, 411, 423, 428, 436, 437, 452, 453, 456, 467, 471, 477, 478, 479, 495, 497, 508, 511, 549, 559, 571, 574, 575, 576, 577, 578, 579, 580, 581, 582, 583, 584, 585, 586, 587, 588, 589, 590, 591, 592, 593, 594, 595, 596, 597, 598, 599, 600, 601, 602, 603, 604, 605, 606, 607, 608, 609, 610, 611, 612, 613, 614, 615, 616, 617, 618, 619, 620, 621, 622, 623, 624, 625, 626, 627, 628, 629, 630, 631, 632, 633, 634, 635, 636, 637, 638, 639, 640, 641, 642, 643, 644, 645, 646, 647, 648, 649, 650, 651, 652, 653, 654, 655, 656, 657, 658, 659, 660, 661, 662, 663, 664, 665, 666, 667, 668, 669, 670, 671, 672, 673, 674, 675, 676, 677, 678, 679, 680, 681, 682, 683, 684, 685, 686, 687, 688, 689, 690, 691, 692, 693, 694, 695, 696, 697, 698, 699, 700, 701, 702, 703, 704, 705, 706, 707, 708, 709, 710, 711, 712, 713, 714, 715, 716, 717, 718, 719, 720, 721, 722, 723, 724, 725, 726, 727, 728, 729, 730, 731, 732, 733, 734, 735, 736, 737, 738, 739, 740, 741, 742, 743, 744, 745, 746, 747, 748, 749, 750, 751, 752, 753, 754, 755, 756, 757, 758, 759, 760, 761, 762, 763, 764, 765, 766, 767, 768, 769, 770, 771, 772, 773, 774, 775, 776, 777, 778, 779, 780, 781, 782, 783, 784, 785, 786, 787, 788, 789, 790, 791, 792, 793, 809, 817, 819, 830, 833, 834, 836, 845, 856, 857, 860, 862, 875, 880, 887, 888, 899, 900, 914, 918, 921, 928, 929, 930]",True,"[146, 185, 617, 656]","[103, 104, 105, 106, 107, 108, 109, 110, 111, 112, 113, 114, 115, 116, 117, 118, 119, 120, 121, 122, 123, 124, 125, 126, 127, 128, 129, 130, 131, 132, 133, 134, 135, 136, 137, 138, 139, 140, 141, 142, 143, 144, 145, 146, 147, 148, 149, 150, 151, 152, 153, 154, 155, 156, 157, 158, 159, 160, 161, 162, 163, 164, 165, 166, 167, 168, 169, 170, 171, 172, 173, 174, 175, 176, 177, 178, 179, 180, 181, 182, 183, 184, 185, 186, 187, 188, 189, 190, 191, 192, 193, 194, 195, 196, 197, 198, 199, 200, 201, 202, 203, 204, 205, 206, 207, 208, 209, 210, 211, 212, 213, 214, 215, 216, 217, 218, 219, 220, 221, 222, 223, 224, 225, 226, 227, 228, 229, 230, 231, 232, 233, 234, 235, 236, 237, 238, 239, 240, 241, 242, 243, 244, 245, 246, 247, 248, 249, 250, 251, 252, 253, 254, 255, 256, 257, 258, 259, 260, 261, 262, 263, 264, 265, 266, 267, 268, 269, 270, 271, 272, 273, 274, 275, 276, 277, 278, 279, 280, 281, 282, 283, 284, 285, 286, 287, 288, 289, 290, 291, 292, 293, 294, 295, 296, 297, 298, 299, 300, 301, 302, 303, 304, 305, 306, 307, 308, 309, 310, 311, 312, 313, 314, 315, 316, 317, 318, 319, 320, 321, 322, 323, 324, 325, 326, 327, 328, 329, 330, 331, 332, 333, 334, 335, 336, 337, 574, 575, 576, 577, 578, 579, 580, 581, 582, 583, 584, 585, 586, 587, 588, 589, 590, 591, 592, 593, 594, 595, 596, 597, 598, 599, 600, 601, 602, 603, 604, 605, 606, 607, 608, 609, 610, 611, 612, 613, 614, 615, 616, 617, 618, 619, 620, 621, 622, 623, 624, 625, 626, 627, 628, 629, 630, 631, 632, 633, 634, 635, 636, 637, 638, 639, 640, 641, 642, 643, 644, 645, 646, 647, 648, 649, 650, 651, 652, 653, 654, 655, 656, 657, 658, 659, 660, 661, 662, 663, 664, 665, 666, 667, 668, 669, 670, 671, 672, 673, 674, 675, 676, 677, 678, 679, 680, 681, 682, 683, 684, 685, 686, 687, 688, 689, 690, 691, 692, 693, 694, 695, 696, 697, 698, 699, 700, 701, 702, 703, 704, 705, 706, 707, 708, 709, 710, 711, 712, 713, 714, 715, 716, 717, 718, 719, 720, 721, 722, 723, 724, 725, 726, 727, 728, 729, 730, 731, 732, 733, 734, 735, 736, 737, 738, 739, 740, 741, 742, 743, 744, 745, 746, 747, 748, 749, 750, 751, 752, 753, 754, 755, 756, 757, 758, 759, 760, 761, 762, 763, 764, 765, 766, 767, 768, 769, 770, 771, 772, 773, 774, 775, 776, 777, 778, 779, 780, 781, 782, 783, 784, 785, 786, 787, 788, 789, 790, 791, 792, 793]","[146, 185, 617, 656]",[],"[10, 75, 103, 104, 106, 117, 118, 120, 127, 128, 129, 131, 133, 135, 136, 137, 139, 146, 147, 148, 149, 151, 158, 160, 162, 166, 173, 178, 179, 185, 190, 192, 198, 201, 203, 204, 206, 207, 212, 213, 214, 219, 223, 224, 225, 227, 230, 235, 237, 246, 247, 256, 259, 262, 263, 266, 268, 269, 271, 272, 278, 279, 284, 285, 288, 290, 292, 304, 306, 312, 316, 319, 320, 323, 324, 329, 332, 335, 495, 549, 574, 575, 577, 588, 589, 591, 598, 599, 600, 602, 604, 606, 607, 608, 610, 617, 618, 619, 620, 622, 625, 630, 632, 634, 638, 644, 649, 650, 656, 661, 663, 669, 673, 674, 676, 677, 682, 683, 684, 687, 688, 689, 691, 694, 699, 701, 710, 718, 722, 723, 727, 728, 730, 731, 737, 738, 743, 744, 747, 749, 751, 762, 764, 770, 774, 777, 778, 781, 782, 789, 791]","[12, 24, 25, 28, 88, 100, 104, 119, 123, 129, 136, 137, 139, 140, 141, 148, 155, 169, 172, 179, 183, 185, 188, 196, 198, 217, 237, 267, 270, 278, 319, 321, 324, 325, 330, 334, 335, 354, 366, 369, 380, 383, 384, 386, 395, 407, 411, 423, 428, 436, 437, 452, 453, 456, 467, 471, 477, 478, 479, 497, 508, 511, 559, 571, 575, 590, 594, 600, 607, 608, 610, 611, 612, 619, 627, 640, 643, 650, 654, 656, 659, 667, 669, 685, 701, 726, 729, 737, 777, 779, 782, 783, 787, 790, 791, 809, 817, 819, 830, 833, 834, 836, 845, 856, 857, 860, 862, 875, 880, 887, 888, 899, 900, 914, 918, 921, 928, 929, 930]","[12, 24, 25, 28, 88, 100, 104, 119, 123, 129, 136, 137, 139, 140, 141, 148, 155, 169, 172, 179, 183, 185, 188, 196, 198, 217, 237, 267, 270, 278, 319, 321, 324, 325, 330, 334, 335, 354, 366, 369, 380, 383, 384, 386, 395, 407, 411, 423, 428, 436, 437, 452, 453, 456, 467, 471, 477, 478, 479, 497, 508, 511, 559, 571, 575, 590, 594, 600, 607, 608, 610, 611, 612, 619, 627, 640, 643, 650, 654, 656, 659, 667, 669, 685, 701, 726, 729, 737, 777, 779, 782, 783, 787, 790, 791, 809, 817, 819, 830, 833, 834, 836, 845, 856, 857, 860, 862, 875, 880, 887, 888, 899, 900, 914, 918, 921, 928, 929, 930]",7/6 successful match,True,,False,371,False,,,,,
"Yuba City , 95991 Hwy 99 Travel Center ( Chevron )",530-790-0588 4142 CA 99 ( 5 mi S of town ),HRS,Yuba City,95991,Hwy 99 Travel Center ( Chevron ),530-790-0588,2007,Yuba City,CA,Chevron,( 5 mi S of town ),4142 CA 99,Proper,,False,,False,CA 99,,,,,"[656, 185]","[146, 185, 617, 656]","[146, 185, 617, 656]",[],"[103, 104, 105, 106, 107, 108, 109, 110, 111, 112, 113, 114, 115, 116, 117, 118, 119, 120, 121, 122, 123, 124, 125, 126, 127, 128, 129, 130, 131, 132, 133, 134, 135, 136, 137, 138, 139, 140, 141, 142, 143, 144, 145, 146, 147, 148, 149, 150, 151, 152, 153, 154, 155, 156, 157, 158, 159, 160, 161, 162, 163, 164, 165, 166, 167, 168, 169, 170, 171, 172, 173, 174, 175, 176, 177, 178, 179, 180, 181, 182, 183, 184, 185, 186, 187, 188, 189, 190, 191, 192, 193, 194, 195, 196, 197, 198, 199, 200, 201, 202, 203, 204, 205, 206, 207, 208, 209, 210, 211, 212, 213, 214, 215, 216, 217, 218, 219, 220, 221, 222, 223, 224, 225, 226, 227, 228, 229, 230, 231, 232, 233, 234, 235, 236, 237, 238, 239, 240, 241, 242, 243, 244, 245, 246, 247, 248, 249, 250, 251, 252, 253, 254, 255, 256, 257, 258, 259, 260, 261, 262, 263, 264, 265, 266, 267, 268, 269, 270, 271, 272, 273, 274, 275, 276, 277, 278, 279, 280, 281, 282, 283, 284, 285, 286, 287, 288, 289, 290, 291, 292, 293, 294, 295, 296, 297, 298, 299, 300, 301, 302, 303, 304, 305, 306, 307, 308, 309, 310, 311, 312, 313, 314, 315, 316, 317, 318, 319, 320, 321, 322, 323, 324, 325, 326, 327, 328, 329, 330, 331, 332, 333, 334, 335, 336, 337, 574, 575, 576, 577, 578, 579, 580, 581, 582, 583, 584, 585, 586, 587, 588, 589, 590, 591, 592, 593, 594, 595, 596, 597, 598, 599, 600, 601, 602, 603, 604, 605, 606, 607, 608, 609, 610, 611, 612, 613, 614, 615, 616, 617, 618, 619, 620, 621, 622, 623, 624, 625, 626, 627, 628, 629, 630, 631, 632, 633, 634, 635, 636, 637, 638, 639, 640, 641, 642, 643, 644, 645, 646, 647, 648, 649, 650, 651, 652, 653, 654, 655, 656, 657, 658, 659, 660, 661, 662, 663, 664, 665, 666, 667, 668, 669, 670, 671, 672, 673, 674, 675, 676, 677, 678, 679, 680, 681, 682, 683, 684, 685, 686, 687, 688, 689, 690, 691, 692, 693, 694, 695, 696, 697, 698, 699, 700, 701, 702, 703, 704, 705, 706, 707, 708, 709, 710, 711, 712, 713, 714, 715, 716, 717, 718, 719, 720, 721, 722, 723, 724, 725, 726, 727, 728, 729, 730, 731, 732, 733, 734, 735, 736, 737, 738, 739, 740, 741, 742, 743, 744, 745, 746, 747, 748, 749, 750, 751, 752, 753, 754, 755, 756, 757, 758, 759, 760, 761, 762, 763, 764, 765, 766, 767, 768, 769, 770, 771, 772, 773, 774, 775, 776, 777, 778, 779, 780, 781, 782, 783, 784, 785, 786, 787, 788, 789, 790, 791, 792, 793]","[10, 75, 103, 104, 106, 117, 118, 120, 127, 128, 129, 131, 133, 135, 136, 137, 139, 146, 147, 148, 149, 151, 158, 160, 162, 166, 173, 178, 179, 185, 190, 192, 198, 201, 203, 204, 206, 207, 212, 213, 214, 219, 223, 224, 225, 227, 230, 235, 237, 246, 247, 256, 259, 262, 263, 266, 268, 269, 271, 272, 278, 279, 284, 285, 288, 290, 292, 304, 306, 312, 316, 319, 320, 323, 324, 329, 332, 335, 495, 549, 574, 575, 577, 588, 589, 591, 598, 599, 600, 602, 604, 606, 607, 608, 610, 617, 618, 619, 620, 622, 625, 630, 632, 634, 638, 644, 649, 650, 656, 661, 663, 669, 673, 674, 676, 677, 682, 683, 684, 687, 688, 689, 691, 694, 699, 701, 710, 718, 722, 723, 727, 728, 730, 731, 737, 738, 743, 744, 747, 749, 751, 762, 764, 770, 774, 777, 778, 781, 782, 789, 791]","[12, 24, 25, 28, 88, 100, 104, 119, 123, 129, 136, 137, 139, 140, 141, 148, 155, 169, 172, 179, 183, 185, 188, 196, 198, 217, 237, 267, 270, 278, 319, 321, 324, 325, 330, 334, 335, 354, 366, 369, 380, 383, 384, 386, 395, 407, 411, 423, 428, 436, 437, 452, 453, 456, 467, 471, 477, 478, 479, 497, 508, 511, 559, 571, 575, 590, 594, 600, 607, 608, 610, 611, 612, 619, 627, 640, 643, 650, 654, 656, 659, 667, 669, 685, 701, 726, 729, 737, 777, 779, 782, 783, 787, 790, 791, 809, 817, 819, 830, 833, 834, 836, 845, 856, 857, 860, 862, 875, 880, 887, 888, 899, 900, 914, 918, 921, 928, 929, 930]","[12, 24, 25, 28, 88, 100, 104, 119, 123, 129, 136, 137, 139, 140, 141, 148, 155, 169, 172, 179, 183, 185, 188, 196, 198, 217, 237, 267, 270, 278, 319, 321, 324, 325, 330, 334, 335, 354, 366, 369, 380, 383, 384, 386, 395, 407, 411, 423, 428, 436, 437, 452, 453, 456, 467, 471, 477, 478, 479, 497, 508, 511, 559, 571, 575, 590, 594, 600, 607, 608, 610, 611, 612, 619, 627, 640, 643, 650, 654, 656, 659, 667, 669, 685, 701, 726, 729, 737, 777, 779, 782, 783, 787, 790, 791, 809, 817, 819, 830, 833, 834, 836, 845, 856, 857, 860, 862, 875, 880, 887, 888, 899, 900, 914, 918, 921, 928, 929, 930]","[10, 12, 24, 25, 28, 75, 88, 100, 103, 104, 105, 106, 107, 108, 109, 110, 111, 112, 113, 114, 115, 116, 117, 118, 119, 120, 121, 122, 123, 124, 125, 126, 127, 128, 129, 130, 131, 132, 133, 134, 135, 136, 137, 138, 139, 140, 141, 142, 143, 144, 145, 146, 147, 148, 149, 150, 151, 152, 153, 154, 155, 156, 157, 158, 159, 160, 161, 162, 163, 164, 165, 166, 167, 168, 169, 170, 171, 172, 173, 174, 175, 176, 177, 178, 179, 180, 181, 182, 183, 184, 185, 186, 187, 188, 189, 190, 191, 192, 193, 194, 195, 196, 197, 198, 199, 200, 201, 202, 203, 204, 205, 206, 207, 208, 209, 210, 211, 212, 213, 214, 215, 216, 217, 218, 219, 220, 221, 222, 223, 224, 225, 226, 227, 228, 229, 230, 231, 232, 233, 234, 235, 236, 237, 238, 239, 240, 241, 242, 243, 244, 245, 246, 247, 248, 249, 250, 251, 252, 253, 254, 255, 256, 257, 258, 259, 260, 261, 262, 263, 264, 265, 266, 267, 268, 269, 270, 271, 272, 273, 274, 275, 276, 277, 278, 279, 280, 281, 282, 283, 284, 285, 286, 287, 288, 289, 290, 291, 292, 293, 294, 295, 296, 297, 298, 299, 300, 301, 302, 303, 304, 305, 306, 307, 308, 309, 310, 311, 312, 313, 314, 315, 316, 317, 318, 319, 320, 321, 322, 323, 324, 325, 326, 327, 328, 329, 330, 331, 332, 333, 334, 335, 336, 337, 354, 366, 369, 380, 383, 384, 386, 395, 407, 411, 423, 428, 436, 437, 452, 453, 456, 467, 471, 477, 478, 479, 495, 497, 508, 511, 549, 559, 571, 574, 575, 576, 577, 578, 579, 580, 581, 582, 583, 584, 585, 586, 587, 588, 589, 590, 591, 592, 593, 594, 595, 596, 597, 598, 599, 600, 601, 602, 603, 604, 605, 606, 607, 608, 609, 610, 611, 612, 613, 614, 615, 616, 617, 618, 619, 620, 621, 622, 623, 624, 625, 626, 627, 628, 629, 630, 631, 632, 633, 634, 635, 636, 637, 638, 639, 640, 641, 642, 643, 644, 645, 646, 647, 648, 649, 650, 651, 652, 653, 654, 655, 656, 657, 658, 659, 660, 661, 662, 663, 664, 665, 666, 667, 668, 669, 670, 671, 672, 673, 674, 675, 676, 677, 678, 679, 680, 681, 682, 683, 684, 685, 686, 687, 688, 689, 690, 691, 692, 693, 694, 695, 696, 697, 698, 699, 700, 701, 702, 703, 704, 705, 706, 707, 708, 709, 710, 711, 712, 713, 714, 715, 716, 717, 718, 719, 720, 721, 722, 723, 724, 725, 726, 727, 728, 729, 730, 731, 732, 733, 734, 735, 736, 737, 738, 739, 740, 741, 742, 743, 744, 745, 746, 747, 748, 749, 750, 751, 752, 753, 754, 755, 756, 757, 758, 759, 760, 761, 762, 763, 764, 765, 766, 767, 768, 769, 770, 771, 772, 773, 774, 775, 776, 777, 778, 779, 780, 781, 782, 783, 784, 785, 786, 787, 788, 789, 790, 791, 792, 793, 809, 817, 819, 830, 833, 834, 836, 845, 856, 857, 860, 862, 875, 880, 887, 888, 899, 900, 914, 918, 921, 928, 929, 930]",True,"[146, 185, 617, 656]","[103, 104, 105, 106, 107, 108, 109, 110, 111, 112, 113, 114, 115, 116, 117, 118, 119, 120, 121, 122, 123, 124, 125, 126, 127, 128, 129, 130, 131, 132, 133, 134, 135, 136, 137, 138, 139, 140, 141, 142, 143, 144, 145, 146, 147, 148, 149, 150, 151, 152, 153, 154, 155, 156, 157, 158, 159, 160, 161, 162, 163, 164, 165, 166, 167, 168, 169, 170, 171, 172, 173, 174, 175, 176, 177, 178, 179, 180, 181, 182, 183, 184, 185, 186, 187, 188, 189, 190, 191, 192, 193, 194, 195, 196, 197, 198, 199, 200, 201, 202, 203, 204, 205, 206, 207, 208, 209, 210, 211, 212, 213, 214, 215, 216, 217, 218, 219, 220, 221, 222, 223, 224, 225, 226, 227, 228, 229, 230, 231, 232, 233, 234, 235, 236, 237, 238, 239, 240, 241, 242, 243, 244, 245, 246, 247, 248, 249, 250, 251, 252, 253, 254, 255, 256, 257, 258, 259, 260, 261, 262, 263, 264, 265, 266, 267, 268, 269, 270, 271, 272, 273, 274, 275, 276, 277, 278, 279, 280, 281, 282, 283, 284, 285, 286, 287, 288, 289, 290, 291, 292, 293, 294, 295, 296, 297, 298, 299, 300, 301, 302, 303, 304, 305, 306, 307, 308, 309, 310, 311, 312, 313, 314, 315, 316, 317, 318, 319, 320, 321, 322, 323, 324, 325, 326, 327, 328, 329, 330, 331, 332, 333, 334, 335, 336, 337, 574, 575, 576, 577, 578, 579, 580, 581, 582, 583, 584, 585, 586, 587, 588, 589, 590, 591, 592, 593, 594, 595, 596, 597, 598, 599, 600, 601, 602, 603, 604, 605, 606, 607, 608, 609, 610, 611, 612, 613, 614, 615, 616, 617, 618, 619, 620, 621, 622, 623, 624, 625, 626, 627, 628, 629, 630, 631, 632, 633, 634, 635, 636, 637, 638, 639, 640, 641, 642, 643, 644, 645, 646, 647, 648, 649, 650, 651, 652, 653, 654, 655, 656, 657, 658, 659, 660, 661, 662, 663, 664, 665, 666, 667, 668, 669, 670, 671, 672, 673, 674, 675, 676, 677, 678, 679, 680, 681, 682, 683, 684, 685, 686, 687, 688, 689, 690, 691, 692, 693, 694, 695, 696, 697, 698, 699, 700, 701, 702, 703, 704, 705, 706, 707, 708, 709, 710, 711, 712, 713, 714, 715, 716, 717, 718, 719, 720, 721, 722, 723, 724, 725, 726, 727, 728, 729, 730, 731, 732, 733, 734, 735, 736, 737, 738, 739, 740, 741, 742, 743, 744, 745, 746, 747, 748, 749, 750, 751, 752, 753, 754, 755, 756, 757, 758, 759, 760, 761, 762, 763, 764, 765, 766, 767, 768, 769, 770, 771, 772, 773, 774, 775, 776, 777, 778, 779, 780, 781, 782, 783, 784, 785, 786, 787, 788, 789, 790, 791, 792, 793]","[146, 185, 617, 656]",[],"[10, 75, 103, 104, 106, 117, 118, 120, 127, 128, 129, 131, 133, 135, 136, 137, 139, 146, 147, 148, 149, 151, 158, 160, 162, 166, 173, 178, 179, 185, 190, 192, 198, 201, 203, 204, 206, 207, 212, 213, 214, 219, 223, 224, 225, 227, 230, 235, 237, 246, 247, 256, 259, 262, 263, 266, 268, 269, 271, 272, 278, 279, 284, 285, 288, 290, 292, 304, 306, 312, 316, 319, 320, 323, 324, 329, 332, 335, 495, 549, 574, 575, 577, 588, 589, 591, 598, 599, 600, 602, 604, 606, 607, 608, 610, 617, 618, 619, 620, 622, 625, 630, 632, 634, 638, 644, 649, 650, 656, 661, 663, 669, 673, 674, 676, 677, 682, 683, 684, 687, 688, 689, 691, 694, 699, 701, 710, 718, 722, 723, 727, 728, 730, 731, 737, 738, 743, 744, 747, 749, 751, 762, 764, 770, 774, 777, 778, 781, 782, 789, 791]","[12, 24, 25, 28, 88, 100, 104, 119, 123, 129, 136, 137, 139, 140, 141, 148, 155, 169, 172, 179, 183, 185, 188, 196, 198, 217, 237, 267, 270, 278, 319, 321, 324, 325, 330, 334, 335, 354, 366, 369, 380, 383, 384, 386, 395, 407, 411, 423, 428, 436, 437, 452, 453, 456, 467, 471, 477, 478, 479, 497, 508, 511, 559, 571, 575, 590, 594, 600, 607, 608, 610, 611, 612, 619, 627, 640, 643, 650, 654, 656, 659, 667, 669, 685, 701, 726, 729, 737, 777, 779, 782, 783, 787, 790, 791, 809, 817, 819, 830, 833, 834, 836, 845, 856, 857, 860, 862, 875, 880, 887, 888, 899, 900, 914, 918, 921, 928, 929, 930]","[12, 24, 25, 28, 88, 100, 104, 119, 123, 129, 136, 137, 139, 140, 141, 148, 155, 169, 172, 179, 183, 185, 188, 196, 198, 217, 237, 267, 270, 278, 319, 321, 324, 325, 330, 334, 335, 354, 366, 369, 380, 383, 384, 386, 395, 407, 411, 423, 428, 436, 437, 452, 453, 456, 467, 471, 477, 478, 479, 497, 508, 511, 559, 571, 575, 590, 594, 600, 607, 608, 610, 611, 612, 619, 627, 640, 643, 650, 654, 656, 659, 667, 669, 685, 701, 726, 729, 737, 777, 779, 782, 783, 787, 790, 791, 809, 817, 819, 830, 833, 834, 836, 845, 856, 857, 860, 862, 875, 880, 887, 888, 899, 900, 914, 918, 921, 928, 929, 930]",7/6 successful match,True,,False,371,False,,1.0,True,Hwy 99 Travel Center Town ( Chevron Rd ) ),Chevron
"Yuba City , 95991 Hwy 99 Travel ( Ghost Center Town ( Chevron Rd )",530-790-0588 4142 CA 99 ( 5 mi S ),24,Yuba City,95991,Hwy 99 Travel ( Ghost Center Town ( Chevron Rd ),530-790-0588,2008,Yuba City,CA,Chevron,( 5 mi S ),4142 CA 99,Proper,,False,,False,CA 99,,,,,"[656, 185]","[146, 185, 617, 656]","[146, 185, 617, 656]",[],"[103, 104, 105, 106, 107, 108, 109, 110, 111, 112, 113, 114, 115, 116, 117, 118, 119, 120, 121, 122, 123, 124, 125, 126, 127, 128, 129, 130, 131, 132, 133, 134, 135, 136, 137, 138, 139, 140, 141, 142, 143, 144, 145, 146, 147, 148, 149, 150, 151, 152, 153, 154, 155, 156, 157, 158, 159, 160, 161, 162, 163, 164, 165, 166, 167, 168, 169, 170, 171, 172, 173, 174, 175, 176, 177, 178, 179, 180, 181, 182, 183, 184, 185, 186, 187, 188, 189, 190, 191, 192, 193, 194, 195, 196, 197, 198, 199, 200, 201, 202, 203, 204, 205, 206, 207, 208, 209, 210, 211, 212, 213, 214, 215, 216, 217, 218, 219, 220, 221, 222, 223, 224, 225, 226, 227, 228, 229, 230, 231, 232, 233, 234, 235, 236, 237, 238, 239, 240, 241, 242, 243, 244, 245, 246, 247, 248, 249, 250, 251, 252, 253, 254, 255, 256, 257, 258, 259, 260, 261, 262, 263, 264, 265, 266, 267, 268, 269, 270, 271, 272, 273, 274, 275, 276, 277, 278, 279, 280, 281, 282, 283, 284, 285, 286, 287, 288, 289, 290, 291, 292, 293, 294, 295, 296, 297, 298, 299, 300, 301, 302, 303, 304, 305, 306, 307, 308, 309, 310, 311, 312, 313, 314, 315, 316, 317, 318, 319, 320, 321, 322, 323, 324, 325, 326, 327, 328, 329, 330, 331, 332, 333, 334, 335, 336, 337, 574, 575, 576, 577, 578, 579, 580, 581, 582, 583, 584, 585, 586, 587, 588, 589, 590, 591, 592, 593, 594, 595, 596, 597, 598, 599, 600, 601, 602, 603, 604, 605, 606, 607, 608, 609, 610, 611, 612, 613, 614, 615, 616, 617, 618, 619, 620, 621, 622, 623, 624, 625, 626, 627, 628, 629, 630, 631, 632, 633, 634, 635, 636, 637, 638, 639, 640, 641, 642, 643, 644, 645, 646, 647, 648, 649, 650, 651, 652, 653, 654, 655, 656, 657, 658, 659, 660, 661, 662, 663, 664, 665, 666, 667, 668, 669, 670, 671, 672, 673, 674, 675, 676, 677, 678, 679, 680, 681, 682, 683, 684, 685, 686, 687, 688, 689, 690, 691, 692, 693, 694, 695, 696, 697, 698, 699, 700, 701, 702, 703, 704, 705, 706, 707, 708, 709, 710, 711, 712, 713, 714, 715, 716, 717, 718, 719, 720, 721, 722, 723, 724, 725, 726, 727, 728, 729, 730, 731, 732, 733, 734, 735, 736, 737, 738, 739, 740, 741, 742, 743, 744, 745, 746, 747, 748, 749, 750, 751, 752, 753, 754, 755, 756, 757, 758, 759, 760, 761, 762, 763, 764, 765, 766, 767, 768, 769, 770, 771, 772, 773, 774, 775, 776, 777, 778, 779, 780, 781, 782, 783, 784, 785, 786, 787, 788, 789, 790, 791, 792, 793]","[10, 75, 103, 104, 106, 117, 118, 120, 127, 128, 129, 131, 133, 135, 136, 137, 139, 146, 147, 148, 149, 151, 158, 160, 162, 166, 173, 178, 179, 185, 190, 192, 198, 201, 203, 204, 206, 207, 212, 213, 214, 219, 223, 224, 225, 227, 230, 235, 237, 246, 247, 256, 259, 262, 263, 266, 268, 269, 271, 272, 278, 279, 284, 285, 288, 290, 292, 304, 306, 312, 316, 319, 320, 323, 324, 329, 332, 335, 495, 549, 574, 575, 577, 588, 589, 591, 598, 599, 600, 602, 604, 606, 607, 608, 610, 617, 618, 619, 620, 622, 625, 630, 632, 634, 638, 644, 649, 650, 656, 661, 663, 669, 673, 674, 676, 677, 682, 683, 684, 687, 688, 689, 691, 694, 699, 701, 710, 718, 722, 723, 727, 728, 730, 731, 737, 738, 743, 744, 747, 749, 751, 762, 764, 770, 774, 777, 778, 781, 782, 789, 791]","[12, 24, 25, 28, 88, 100, 104, 119, 123, 129, 136, 137, 139, 140, 141, 148, 155, 169, 172, 179, 183, 185, 188, 196, 198, 217, 237, 267, 270, 278, 319, 321, 324, 325, 330, 334, 335, 354, 366, 369, 380, 383, 384, 386, 395, 407, 411, 423, 428, 436, 437, 452, 453, 456, 467, 471, 477, 478, 479, 497, 508, 511, 559, 571, 575, 590, 594, 600, 607, 608, 610, 611, 612, 619, 627, 640, 643, 650, 654, 656, 659, 667, 669, 685, 701, 726, 729, 737, 777, 779, 782, 783, 787, 790, 791, 809, 817, 819, 830, 833, 834, 836, 845, 856, 857, 860, 862, 875, 880, 887, 888, 899, 900, 914, 918, 921, 928, 929, 930]","[12, 24, 25, 28, 88, 100, 104, 119, 123, 129, 136, 137, 139, 140, 141, 148, 155, 169, 172, 179, 183, 185, 188, 196, 198, 217, 237, 267, 270, 278, 319, 321, 324, 325, 330, 334, 335, 354, 366, 369, 380, 383, 384, 386, 395, 407, 411, 423, 428, 436, 437, 452, 453, 456, 467, 471, 477, 478, 479, 497, 508, 511, 559, 571, 575, 590, 594, 600, 607, 608, 610, 611, 612, 619, 627, 640, 643, 650, 654, 656, 659, 667, 669, 685, 701, 726, 729, 737, 777, 779, 782, 783, 787, 790, 791, 809, 817, 819, 830, 833, 834, 836, 845, 856, 857, 860, 862, 875, 880, 887, 888, 899, 900, 914, 918, 921, 928, 929, 930]","[10, 12, 24, 25, 28, 75, 88, 100, 103, 104, 105, 106, 107, 108, 109, 110, 111, 112, 113, 114, 115, 116, 117, 118, 119, 120, 121, 122, 123, 124, 125, 126, 127, 128, 129, 130, 131, 132, 133, 134, 135, 136, 137, 138, 139, 140, 141, 142, 143, 144, 145, 146, 147, 148, 149, 150, 151, 152, 153, 154, 155, 156, 157, 158, 159, 160, 161, 162, 163, 164, 165, 166, 167, 168, 169, 170, 171, 172, 173, 174, 175, 176, 177, 178, 179, 180, 181, 182, 183, 184, 185, 186, 187, 188, 189, 190, 191, 192, 193, 194, 195, 196, 197, 198, 199, 200, 201, 202, 203, 204, 205, 206, 207, 208, 209, 210, 211, 212, 213, 214, 215, 216, 217, 218, 219, 220, 221, 222, 223, 224, 225, 226, 227, 228, 229, 230, 231, 232, 233, 234, 235, 236, 237, 238, 239, 240, 241, 242, 243, 244, 245, 246, 247, 248, 249, 250, 251, 252, 253, 254, 255, 256, 257, 258, 259, 260, 261, 262, 263, 264, 265, 266, 267, 268, 269, 270, 271, 272, 273, 274, 275, 276, 277, 278, 279, 280, 281, 282, 283, 284, 285, 286, 287, 288, 289, 290, 291, 292, 293, 294, 295, 296, 297, 298, 299, 300, 301, 302, 303, 304, 305, 306, 307, 308, 309, 310, 311, 312, 313, 314, 315, 316, 317, 318, 319, 320, 321, 322, 323, 324, 325, 326, 327, 328, 329, 330, 331, 332, 333, 334, 335, 336, 337, 354, 366, 369, 380, 383, 384, 386, 395, 407, 411, 423, 428, 436, 437, 452, 453, 456, 467, 471, 477, 478, 479, 495, 497, 508, 511, 549, 559, 571, 574, 575, 576, 577, 578, 579, 580, 581, 582, 583, 584, 585, 586, 587, 588, 589, 590, 591, 592, 593, 594, 595, 596, 597, 598, 599, 600, 601, 602, 603, 604, 605, 606, 607, 608, 609, 610, 611, 612, 613, 614, 615, 616, 617, 618, 619, 620, 621, 622, 623, 624, 625, 626, 627, 628, 629, 630, 631, 632, 633, 634, 635, 636, 637, 638, 639, 640, 641, 642, 643, 644, 645, 646, 647, 648, 649, 650, 651, 652, 653, 654, 655, 656, 657, 658, 659, 660, 661, 662, 663, 664, 665, 666, 667, 668, 669, 670, 671, 672, 673, 674, 675, 676, 677, 678, 679, 680, 681, 682, 683, 684, 685, 686, 687, 688, 689, 690, 691, 692, 693, 694, 695, 696, 697, 698, 699, 700, 701, 702, 703, 704, 705, 706, 707, 708, 709, 710, 711, 712, 713, 714, 715, 716, 717, 718, 719, 720, 721, 722, 723, 724, 725, 726, 727, 728, 729, 730, 731, 732, 733, 734, 735, 736, 737, 738, 739, 740, 741, 742, 743, 744, 745, 746, 747, 748, 749, 750, 751, 752, 753, 754, 755, 756, 757, 758, 759, 760, 761, 762, 763, 764, 765, 766, 767, 768, 769, 770, 771, 772, 773, 774, 775, 776, 777, 778, 779, 780, 781, 782, 783, 784, 785, 786, 787, 788, 789, 790, 791, 792, 793, 809, 817, 819, 830, 833, 834, 836, 845, 856, 857, 860, 862, 875, 880, 887, 888, 899, 900, 914, 918, 921, 928, 929, 930]",True,"[146, 185, 617, 656]","[103, 104, 105, 106, 107, 108, 109, 110, 111, 112, 113, 114, 115, 116, 117, 118, 119, 120, 121, 122, 123, 124, 125, 126, 127, 128, 129, 130, 131, 132, 133, 134, 135, 136, 137, 138, 139, 140, 141, 142, 143, 144, 145, 146, 147, 148, 149, 150, 151, 152, 153, 154, 155, 156, 157, 158, 159, 160, 161, 162, 163, 164, 165, 166, 167, 168, 169, 170, 171, 172, 173, 174, 175, 176, 177, 178, 179, 180, 181, 182, 183, 184, 185, 186, 187, 188, 189, 190, 191, 192, 193, 194, 195, 196, 197, 198, 199, 200, 201, 202, 203, 204, 205, 206, 207, 208, 209, 210, 211, 212, 213, 214, 215, 216, 217, 218, 219, 220, 221, 222, 223, 224, 225, 226, 227, 228, 229, 230, 231, 232, 233, 234, 235, 236, 237, 238, 239, 240, 241, 242, 243, 244, 245, 246, 247, 248, 249, 250, 251, 252, 253, 254, 255, 256, 257, 258, 259, 260, 261, 262, 263, 264, 265, 266, 267, 268, 269, 270, 271, 272, 273, 274, 275, 276, 277, 278, 279, 280, 281, 282, 283, 284, 285, 286, 287, 288, 289, 290, 291, 292, 293, 294, 295, 296, 297, 298, 299, 300, 301, 302, 303, 304, 305, 306, 307, 308, 309, 310, 311, 312, 313, 314, 315, 316, 317, 318, 319, 320, 321, 322, 323, 324, 325, 326, 327, 328, 329, 330, 331, 332, 333, 334, 335, 336, 337, 574, 575, 576, 577, 578, 579, 580, 581, 582, 583, 584, 585, 586, 587, 588, 589, 590, 591, 592, 593, 594, 595, 596, 597, 598, 599, 600, 601, 602, 603, 604, 605, 606, 607, 608, 609, 610, 611, 612, 613, 614, 615, 616, 617, 618, 619, 620, 621, 622, 623, 624, 625, 626, 627, 628, 629, 630, 631, 632, 633, 634, 635, 636, 637, 638, 639, 640, 641, 642, 643, 644, 645, 646, 647, 648, 649, 650, 651, 652, 653, 654, 655, 656, 657, 658, 659, 660, 661, 662, 663, 664, 665, 666, 667, 668, 669, 670, 671, 672, 673, 674, 675, 676, 677, 678, 679, 680, 681, 682, 683, 684, 685, 686, 687, 688, 689, 690, 691, 692, 693, 694, 695, 696, 697, 698, 699, 700, 701, 702, 703, 704, 705, 706, 707, 708, 709, 710, 711, 712, 713, 714, 715, 716, 717, 718, 719, 720, 721, 722, 723, 724, 725, 726, 727, 728, 729, 730, 731, 732, 733, 734, 735, 736, 737, 738, 739, 740, 741, 742, 743, 744, 745, 746, 747, 748, 749, 750, 751, 752, 753, 754, 755, 756, 757, 758, 759, 760, 761, 762, 763, 764, 765, 766, 767, 768, 769, 770, 771, 772, 773, 774, 775, 776, 777, 778, 779, 780, 781, 782, 783, 784, 785, 786, 787, 788, 789, 790, 791, 792, 793]","[146, 185, 617, 656]",[],"[10, 75, 103, 104, 106, 117, 118, 120, 127, 128, 129, 131, 133, 135, 136, 137, 139, 146, 147, 148, 149, 151, 158, 160, 162, 166, 173, 178, 179, 185, 190, 192, 198, 201, 203, 204, 206, 207, 212, 213, 214, 219, 223, 224, 225, 227, 230, 235, 237, 246, 247, 256, 259, 262, 263, 266, 268, 269, 271, 272, 278, 279, 284, 285, 288, 290, 292, 304, 306, 312, 316, 319, 320, 323, 324, 329, 332, 335, 495, 549, 574, 575, 577, 588, 589, 591, 598, 599, 600, 602, 604, 606, 607, 608, 610, 617, 618, 619, 620, 622, 625, 630, 632, 634, 638, 644, 649, 650, 656, 661, 663, 669, 673, 674, 676, 677, 682, 683, 684, 687, 688, 689, 691, 694, 699, 701, 710, 718, 722, 723, 727, 728, 730, 731, 737, 738, 743, 744, 747, 749, 751, 762, 764, 770, 774, 777, 778, 781, 782, 789, 791]","[12, 24, 25, 28, 88, 100, 104, 119, 123, 129, 136, 137, 139, 140, 141, 148, 155, 169, 172, 179, 183, 185, 188, 196, 198, 217, 237, 267, 270, 278, 319, 321, 324, 325, 330, 334, 335, 354, 366, 369, 380, 383, 384, 386, 395, 407, 411, 423, 428, 436, 437, 452, 453, 456, 467, 471, 477, 478, 479, 497, 508, 511, 559, 571, 575, 590, 594, 600, 607, 608, 610, 611, 612, 619, 627, 640, 643, 650, 654, 656, 659, 667, 669, 685, 701, 726, 729, 737, 777, 779, 782, 783, 787, 790, 791, 809, 817, 819, 830, 833, 834, 836, 845, 856, 857, 860, 862, 875, 880, 887, 888, 899, 900, 914, 918, 921, 928, 929, 930]","[12, 24, 25, 28, 88, 100, 104, 119, 123, 129, 136, 137, 139, 140, 141, 148, 155, 169, 172, 179, 183, 185, 188, 196, 198, 217, 237, 267, 270, 278, 319, 321, 324, 325, 330, 334, 335, 354, 366, 369, 380, 383, 384, 386, 395, 407, 411, 423, 428, 436, 437, 452, 453, 456, 467, 471, 477, 478, 479, 497, 508, 511, 559, 571, 575, 590, 594, 600, 607, 608, 610, 611, 612, 619, 627, 640, 643, 650, 654, 656, 659, 667, 669, 685, 701, 726, 729, 737, 777, 779, 782, 783, 787, 790, 791, 809, 817, 819, 830, 833, 834, 836, 845, 856, 857, 860, 862, 875, 880, 887, 888, 899, 900, 914, 918, 921, 928, 929, 930]",7/6 successful match,True,,False,371,False,,1.0,True,Hwy 99 Travel Center ( Chevron ),Chevron
D Yuba City ( 95991 ) Hwy 99 Travel Center ( Chevron Rd S ) ),2 530-790-0588 4142 CA 99 ( 5 mi S of town ),24,Yuba City,95991,Hwy 99 Travel Center ( Chevron Rd S ) ),530-790-0588,2014,Yuba City,CA,Chevron,( 5 mi S of town ),4142 CA 99,Proper,,False,,False,CA 99,,,,,"[656, 185]","[146, 185, 617, 656]","[146, 185, 617, 656]",[],"[103, 104, 105, 106, 107, 108, 109, 110, 111, 112, 113, 114, 115, 116, 117, 118, 119, 120, 121, 122, 123, 124, 125, 126, 127, 128, 129, 130, 131, 132, 133, 134, 135, 136, 137, 138, 139, 140, 141, 142, 143, 144, 145, 146, 147, 148, 149, 150, 151, 152, 153, 154, 155, 156, 157, 158, 159, 160, 161, 162, 163, 164, 165, 166, 167, 168, 169, 170, 171, 172, 173, 174, 175, 176, 177, 178, 179, 180, 181, 182, 183, 184, 185, 186, 187, 188, 189, 190, 191, 192, 193, 194, 195, 196, 197, 198, 199, 200, 201, 202, 203, 204, 205, 206, 207, 208, 209, 210, 211, 212, 213, 214, 215, 216, 217, 218, 219, 220, 221, 222, 223, 224, 225, 226, 227, 228, 229, 230, 231, 232, 233, 234, 235, 236, 237, 238, 239, 240, 241, 242, 243, 244, 245, 246, 247, 248, 249, 250, 251, 252, 253, 254, 255, 256, 257, 258, 259, 260, 261, 262, 263, 264, 265, 266, 267, 268, 269, 270, 271, 272, 273, 274, 275, 276, 277, 278, 279, 280, 281, 282, 283, 284, 285, 286, 287, 288, 289, 290, 291, 292, 293, 294, 295, 296, 297, 298, 299, 300, 301, 302, 303, 304, 305, 306, 307, 308, 309, 310, 311, 312, 313, 314, 315, 316, 317, 318, 319, 320, 321, 322, 323, 324, 325, 326, 327, 328, 329, 330, 331, 332, 333, 334, 335, 336, 337, 574, 575, 576, 577, 578, 579, 580, 581, 582, 583, 584, 585, 586, 587, 588, 589, 590, 591, 592, 593, 594, 595, 596, 597, 598, 599, 600, 601, 602, 603, 604, 605, 606, 607, 608, 609, 610, 611, 612, 613, 614, 615, 616, 617, 618, 619, 620, 621, 622, 623, 624, 625, 626, 627, 628, 629, 630, 631, 632, 633, 634, 635, 636, 637, 638, 639, 640, 641, 642, 643, 644, 645, 646, 647, 648, 649, 650, 651, 652, 653, 654, 655, 656, 657, 658, 659, 660, 661, 662, 663, 664, 665, 666, 667, 668, 669, 670, 671, 672, 673, 674, 675, 676, 677, 678, 679, 680, 681, 682, 683, 684, 685, 686, 687, 688, 689, 690, 691, 692, 693, 694, 695, 696, 697, 698, 699, 700, 701, 702, 703, 704, 705, 706, 707, 708, 709, 710, 711, 712, 713, 714, 715, 716, 717, 718, 719, 720, 721, 722, 723, 724, 725, 726, 727, 728, 729, 730, 731, 732, 733, 734, 735, 736, 737, 738, 739, 740, 741, 742, 743, 744, 745, 746, 747, 748, 749, 750, 751, 752, 753, 754, 755, 756, 757, 758, 759, 760, 761, 762, 763, 764, 765, 766, 767, 768, 769, 770, 771, 772, 773, 774, 775, 776, 777, 778, 779, 780, 781, 782, 783, 784, 785, 786, 787, 788, 789, 790, 791, 792, 793]","[10, 75, 103, 104, 106, 117, 118, 120, 127, 128, 129, 131, 133, 135, 136, 137, 139, 146, 147, 148, 149, 151, 158, 160, 162, 166, 173, 178, 179, 185, 190, 192, 198, 201, 203, 204, 206, 207, 212, 213, 214, 219, 223, 224, 225, 227, 230, 235, 237, 246, 247, 256, 259, 262, 263, 266, 268, 269, 271, 272, 278, 279, 284, 285, 288, 290, 292, 304, 306, 312, 316, 319, 320, 323, 324, 329, 332, 335, 495, 549, 574, 575, 577, 588, 589, 591, 598, 599, 600, 602, 604, 606, 607, 608, 610, 617, 618, 619, 620, 622, 625, 630, 632, 634, 638, 644, 649, 650, 656, 661, 663, 669, 673, 674, 676, 677, 682, 683, 684, 687, 688, 689, 691, 694, 699, 701, 710, 718, 722, 723, 727, 728, 730, 731, 737, 738, 743, 744, 747, 749, 751, 762, 764, 770, 774, 777, 778, 781, 782, 789, 791]","[12, 24, 25, 28, 88, 100, 104, 119, 123, 129, 136, 137, 139, 140, 141, 148, 155, 169, 172, 179, 183, 185, 188, 196, 198, 217, 237, 267, 270, 278, 319, 321, 324, 325, 330, 334, 335, 354, 366, 369, 380, 383, 384, 386, 395, 407, 411, 423, 428, 436, 437, 452, 453, 456, 467, 471, 477, 478, 479, 497, 508, 511, 559, 571, 575, 590, 594, 600, 607, 608, 610, 611, 612, 619, 627, 640, 643, 650, 654, 656, 659, 667, 669, 685, 701, 726, 729, 737, 777, 779, 782, 783, 787, 790, 791, 809, 817, 819, 830, 833, 834, 836, 845, 856, 857, 860, 862, 875, 880, 887, 888, 899, 900, 914, 918, 921, 928, 929, 930]","[12, 24, 25, 28, 88, 100, 104, 119, 123, 129, 136, 137, 139, 140, 141, 148, 155, 169, 172, 179, 183, 185, 188, 196, 198, 217, 237, 267, 270, 278, 319, 321, 324, 325, 330, 334, 335, 354, 366, 369, 380, 383, 384, 386, 395, 407, 411, 423, 428, 436, 437, 452, 453, 456, 467, 471, 477, 478, 479, 497, 508, 511, 559, 571, 575, 590, 594, 600, 607, 608, 610, 611, 612, 619, 627, 640, 643, 650, 654, 656, 659, 667, 669, 685, 701, 726, 729, 737, 777, 779, 782, 783, 787, 790, 791, 809, 817, 819, 830, 833, 834, 836, 845, 856, 857, 860, 862, 875, 880, 887, 888, 899, 900, 914, 918, 921, 928, 929, 930]","[10, 12, 24, 25, 28, 75, 88, 100, 103, 104, 105, 106, 107, 108, 109, 110, 111, 112, 113, 114, 115, 116, 117, 118, 119, 120, 121, 122, 123, 124, 125, 126, 127, 128, 129, 130, 131, 132, 133, 134, 135, 136, 137, 138, 139, 140, 141, 142, 143, 144, 145, 146, 147, 148, 149, 150, 151, 152, 153, 154, 155, 156, 157, 158, 159, 160, 161, 162, 163, 164, 165, 166, 167, 168, 169, 170, 171, 172, 173, 174, 175, 176, 177, 178, 179, 180, 181, 182, 183, 184, 185, 186, 187, 188, 189, 190, 191, 192, 193, 194, 195, 196, 197, 198, 199, 200, 201, 202, 203, 204, 205, 206, 207, 208, 209, 210, 211, 212, 213, 214, 215, 216, 217, 218, 219, 220, 221, 222, 223, 224, 225, 226, 227, 228, 229, 230, 231, 232, 233, 234, 235, 236, 237, 238, 239, 240, 241, 242, 243, 244, 245, 246, 247, 248, 249, 250, 251, 252, 253, 254, 255, 256, 257, 258, 259, 260, 261, 262, 263, 264, 265, 266, 267, 268, 269, 270, 271, 272, 273, 274, 275, 276, 277, 278, 279, 280, 281, 282, 283, 284, 285, 286, 287, 288, 289, 290, 291, 292, 293, 294, 295, 296, 297, 298, 299, 300, 301, 302, 303, 304, 305, 306, 307, 308, 309, 310, 311, 312, 313, 314, 315, 316, 317, 318, 319, 320, 321, 322, 323, 324, 325, 326, 327, 328, 329, 330, 331, 332, 333, 334, 335, 336, 337, 354, 366, 369, 380, 383, 384, 386, 395, 407, 411, 423, 428, 436, 437, 452, 453, 456, 467, 471, 477, 478, 479, 495, 497, 508, 511, 549, 559, 571, 574, 575, 576, 577, 578, 579, 580, 581, 582, 583, 584, 585, 586, 587, 588, 589, 590, 591, 592, 593, 594, 595, 596, 597, 598, 599, 600, 601, 602, 603, 604, 605, 606, 607, 608, 609, 610, 611, 612, 613, 614, 615, 616, 617, 618, 619, 620, 621, 622, 623, 624, 625, 626, 627, 628, 629, 630, 631, 632, 633, 634, 635, 636, 637, 638, 639, 640, 641, 642, 643, 644, 645, 646, 647, 648, 649, 650, 651, 652, 653, 654, 655, 656, 657, 658, 659, 660, 661, 662, 663, 664, 665, 666, 667, 668, 669, 670, 671, 672, 673, 674, 675, 676, 677, 678, 679, 680, 681, 682, 683, 684, 685, 686, 687, 688, 689, 690, 691, 692, 693, 694, 695, 696, 697, 698, 699, 700, 701, 702, 703, 704, 705, 706, 707, 708, 709, 710, 711, 712, 713, 714, 715, 716, 717, 718, 719, 720, 721, 722, 723, 724, 725, 726, 727, 728, 729, 730, 731, 732, 733, 734, 735, 736, 737, 738, 739, 740, 741, 742, 743, 744, 745, 746, 747, 748, 749, 750, 751, 752, 753, 754, 755, 756, 757, 758, 759, 760, 761, 762, 763, 764, 765, 766, 767, 768, 769, 770, 771, 772, 773, 774, 775, 776, 777, 778, 779, 780, 781, 782, 783, 784, 785, 786, 787, 788, 789, 790, 791, 792, 793, 809, 817, 819, 830, 833, 834, 836, 845, 856, 857, 860, 862, 875, 880, 887, 888, 899, 900, 914, 918, 921, 928, 929, 930]",True,"[146, 185, 617, 656]","[103, 104, 105, 106, 107, 108, 109, 110, 111, 112, 113, 114, 115, 116, 117, 118, 119, 120, 121, 122, 123, 124, 125, 126, 127, 128, 129, 130, 131, 132, 133, 134, 135, 136, 137, 138, 139, 140, 141, 142, 143, 144, 145, 146, 147, 148, 149, 150, 151, 152, 153, 154, 155, 156, 157, 158, 159, 160, 161, 162, 163, 164, 165, 166, 167, 168, 169, 170, 171, 172, 173, 174, 175, 176, 177, 178, 179, 180, 181, 182, 183, 184, 185, 186, 187, 188, 189, 190, 191, 192, 193, 194, 195, 196, 197, 198, 199, 200, 201, 202, 203, 204, 205, 206, 207, 208, 209, 210, 211, 212, 213, 214, 215, 216, 217, 218, 219, 220, 221, 222, 223, 224, 225, 226, 227, 228, 229, 230, 231, 232, 233, 234, 235, 236, 237, 238, 239, 240, 241, 242, 243, 244, 245, 246, 247, 248, 249, 250, 251, 252, 253, 254, 255, 256, 257, 258, 259, 260, 261, 262, 263, 264, 265, 266, 267, 268, 269, 270, 271, 272, 273, 274, 275, 276, 277, 278, 279, 280, 281, 282, 283, 284, 285, 286, 287, 288, 289, 290, 291, 292, 293, 294, 295, 296, 297, 298, 299, 300, 301, 302, 303, 304, 305, 306, 307, 308, 309, 310, 311, 312, 313, 314, 315, 316, 317, 318, 319, 320, 321, 322, 323, 324, 325, 326, 327, 328, 329, 330, 331, 332, 333, 334, 335, 336, 337, 574, 575, 576, 577, 578, 579, 580, 581, 582, 583, 584, 585, 586, 587, 588, 589, 590, 591, 592, 593, 594, 595, 596, 597, 598, 599, 600, 601, 602, 603, 604, 605, 606, 607, 608, 609, 610, 611, 612, 613, 614, 615, 616, 617, 618, 619, 620, 621, 622, 623, 624, 625, 626, 627, 628, 629, 630, 631, 632, 633, 634, 635, 636, 637, 638, 639, 640, 641, 642, 643, 644, 645, 646, 647, 648, 649, 650, 651, 652, 653, 654, 655, 656, 657, 658, 659, 660, 661, 662, 663, 664, 665, 666, 667, 668, 669, 670, 671, 672, 673, 674, 675, 676, 677, 678, 679, 680, 681, 682, 683, 684, 685, 686, 687, 688, 689, 690, 691, 692, 693, 694, 695, 696, 697, 698, 699, 700, 701, 702, 703, 704, 705, 706, 707, 708, 709, 710, 711, 712, 713, 714, 715, 716, 717, 718, 719, 720, 721, 722, 723, 724, 725, 726, 727, 728, 729, 730, 731, 732, 733, 734, 735, 736, 737, 738, 739, 740, 741, 742, 743, 744, 745, 746, 747, 748, 749, 750, 751, 752, 753, 754, 755, 756, 757, 758, 759, 760, 761, 762, 763, 764, 765, 766, 767, 768, 769, 770, 771, 772, 773, 774, 775, 776, 777, 778, 779, 780, 781, 782, 783, 784, 785, 786, 787, 788, 789, 790, 791, 792, 793]","[146, 185, 617, 656]",[],"[10, 75, 103, 104, 106, 117, 118, 120, 127, 128, 129, 131, 133, 135, 136, 137, 139, 146, 147, 148, 149, 151, 158, 160, 162, 166, 173, 178, 179, 185, 190, 192, 198, 201, 203, 204, 206, 207, 212, 213, 214, 219, 223, 224, 225, 227, 230, 235, 237, 246, 247, 256, 259, 262, 263, 266, 268, 269, 271, 272, 278, 279, 284, 285, 288, 290, 292, 304, 306, 312, 316, 319, 320, 323, 324, 329, 332, 335, 495, 549, 574, 575, 577, 588, 589, 591, 598, 599, 600, 602, 604, 606, 607, 608, 610, 617, 618, 619, 620, 622, 625, 630, 632, 634, 638, 644, 649, 650, 656, 661, 663, 669, 673, 674, 676, 677, 682, 683, 684, 687, 688, 689, 691, 694, 699, 701, 710, 718, 722, 723, 727, 728, 730, 731, 737, 738, 743, 744, 747, 749, 751, 762, 764, 770, 774, 777, 778, 781, 782, 789, 791]","[12, 24, 25, 28, 88, 100, 104, 119, 123, 129, 136, 137, 139, 140, 141, 148, 155, 169, 172, 179, 183, 185, 188, 196, 198, 217, 237, 267, 270, 278, 319, 321, 324, 325, 330, 334, 335, 354, 366, 369, 380, 383, 384, 386, 395, 407, 411, 423, 428, 436, 437, 452, 453, 456, 467, 471, 477, 478, 479, 497, 508, 511, 559, 571, 575, 590, 594, 600, 607, 608, 610, 611, 612, 619, 627, 640, 643, 650, 654, 656, 659, 667, 669, 685, 701, 726, 729, 737, 777, 779, 782, 783, 787, 790, 791, 809, 817, 819, 830, 833, 834, 836, 845, 856, 857, 860, 862, 875, 880, 887, 888, 899, 900, 914, 918, 921, 928, 929, 930]","[12, 24, 25, 28, 88, 100, 104, 119, 123, 129, 136, 137, 139, 140, 141, 148, 155, 169, 172, 179, 183, 185, 188, 196, 198, 217, 237, 267, 270, 278, 319, 321, 324, 325, 330, 334, 335, 354, 366, 369, 380, 383, 384, 386, 395, 407, 411, 423, 428, 436, 437, 452, 453, 456, 467, 471, 477, 478, 479, 497, 508, 511, 559, 571, 575, 590, 594, 600, 607, 608, 610, 611, 612, 619, 627, 640, 643, 650, 654, 656, 659, 667, 669, 685, 701, 726, 729, 737, 777, 779, 782, 783, 787, 790, 791, 809, 817, 819, 830, 833, 834, 836, 845, 856, 857, 860, 862, 875, 880, 887, 888, 899, 900, 914, 918, 921, 928, 929, 930]",7/6 successful match,True,,False,371,False,,1.0,True,Hwy 99 Travel ( Ghost Center Town ( Chevron Rd ),Chevron
D Yuba City ( 95991 ) Hwy 99 Travel ( Ghost Center Town ( Chevron Rd S ) ),530-790-0588 4142 CA 99 ( 5 mi S of ),24 $,Yuba City,95991,Hwy 99 Travel ( Ghost Center Town ( Chevron Rd S ) ),530-790-0588,2015,Yuba City,CA,Chevron,( 5 mi S of ),4142 CA 99,Proper,,False,,False,CA 99,,,,,"[656, 185]","[146, 185, 617, 656]","[146, 185, 617, 656]",[],"[103, 104, 105, 106, 107, 108, 109, 110, 111, 112, 113, 114, 115, 116, 117, 118, 119, 120, 121, 122, 123, 124, 125, 126, 127, 128, 129, 130, 131, 132, 133, 134, 135, 136, 137, 138, 139, 140, 141, 142, 143, 144, 145, 146, 147, 148, 149, 150, 151, 152, 153, 154, 155, 156, 157, 158, 159, 160, 161, 162, 163, 164, 165, 166, 167, 168, 169, 170, 171, 172, 173, 174, 175, 176, 177, 178, 179, 180, 181, 182, 183, 184, 185, 186, 187, 188, 189, 190, 191, 192, 193, 194, 195, 196, 197, 198, 199, 200, 201, 202, 203, 204, 205, 206, 207, 208, 209, 210, 211, 212, 213, 214, 215, 216, 217, 218, 219, 220, 221, 222, 223, 224, 225, 226, 227, 228, 229, 230, 231, 232, 233, 234, 235, 236, 237, 238, 239, 240, 241, 242, 243, 244, 245, 246, 247, 248, 249, 250, 251, 252, 253, 254, 255, 256, 257, 258, 259, 260, 261, 262, 263, 264, 265, 266, 267, 268, 269, 270, 271, 272, 273, 274, 275, 276, 277, 278, 279, 280, 281, 282, 283, 284, 285, 286, 287, 288, 289, 290, 291, 292, 293, 294, 295, 296, 297, 298, 299, 300, 301, 302, 303, 304, 305, 306, 307, 308, 309, 310, 311, 312, 313, 314, 315, 316, 317, 318, 319, 320, 321, 322, 323, 324, 325, 326, 327, 328, 329, 330, 331, 332, 333, 334, 335, 336, 337, 574, 575, 576, 577, 578, 579, 580, 581, 582, 583, 584, 585, 586, 587, 588, 589, 590, 591, 592, 593, 594, 595, 596, 597, 598, 599, 600, 601, 602, 603, 604, 605, 606, 607, 608, 609, 610, 611, 612, 613, 614, 615, 616, 617, 618, 619, 620, 621, 622, 623, 624, 625, 626, 627, 628, 629, 630, 631, 632, 633, 634, 635, 636, 637, 638, 639, 640, 641, 642, 643, 644, 645, 646, 647, 648, 649, 650, 651, 652, 653, 654, 655, 656, 657, 658, 659, 660, 661, 662, 663, 664, 665, 666, 667, 668, 669, 670, 671, 672, 673, 674, 675, 676, 677, 678, 679, 680, 681, 682, 683, 684, 685, 686, 687, 688, 689, 690, 691, 692, 693, 694, 695, 696, 697, 698, 699, 700, 701, 702, 703, 704, 705, 706, 707, 708, 709, 710, 711, 712, 713, 714, 715, 716, 717, 718, 719, 720, 721, 722, 723, 724, 725, 726, 727, 728, 729, 730, 731, 732, 733, 734, 735, 736, 737, 738, 739, 740, 741, 742, 743, 744, 745, 746, 747, 748, 749, 750, 751, 752, 753, 754, 755, 756, 757, 758, 759, 760, 761, 762, 763, 764, 765, 766, 767, 768, 769, 770, 771, 772, 773, 774, 775, 776, 777, 778, 779, 780, 781, 782, 783, 784, 785, 786, 787, 788, 789, 790, 791, 792, 793]","[10, 75, 103, 104, 106, 117, 118, 120, 127, 128, 129, 131, 133, 135, 136, 137, 139, 146, 147, 148, 149, 151, 158, 160, 162, 166, 173, 178, 179, 185, 190, 192, 198, 201, 203, 204, 206, 207, 212, 213, 214, 219, 223, 224, 225, 227, 230, 235, 237, 246, 247, 256, 259, 262, 263, 266, 268, 269, 271, 272, 278, 279, 284, 285, 288, 290, 292, 304, 306, 312, 316, 319, 320, 323, 324, 329, 332, 335, 495, 549, 574, 575, 577, 588, 589, 591, 598, 599, 600, 602, 604, 606, 607, 608, 610, 617, 618, 619, 620, 622, 625, 630, 632, 634, 638, 644, 649, 650, 656, 661, 663, 669, 673, 674, 676, 677, 682, 683, 684, 687, 688, 689, 691, 694, 699, 701, 710, 718, 722, 723, 727, 728, 730, 731, 737, 738, 743, 744, 747, 749, 751, 762, 764, 770, 774, 777, 778, 781, 782, 789, 791]","[12, 24, 25, 28, 88, 100, 104, 119, 123, 129, 136, 137, 139, 140, 141, 148, 155, 169, 172, 179, 183, 185, 188, 196, 198, 217, 237, 267, 270, 278, 319, 321, 324, 325, 330, 334, 335, 354, 366, 369, 380, 383, 384, 386, 395, 407, 411, 423, 428, 436, 437, 452, 453, 456, 467, 471, 477, 478, 479, 497, 508, 511, 559, 571, 575, 590, 594, 600, 607, 608, 610, 611, 612, 619, 627, 640, 643, 650, 654, 656, 659, 667, 669, 685, 701, 726, 729, 737, 777, 779, 782, 783, 787, 790, 791, 809, 817, 819, 830, 833, 834, 836, 845, 856, 857, 860, 862, 875, 880, 887, 888, 899, 900, 914, 918, 921, 928, 929, 930]","[12, 24, 25, 28, 88, 100, 104, 119, 123, 129, 136, 137, 139, 140, 141, 148, 155, 169, 172, 179, 183, 185, 188, 196, 198, 217, 237, 267, 270, 278, 319, 321, 324, 325, 330, 334, 335, 354, 366, 369, 380, 383, 384, 386, 395, 407, 411, 423, 428, 436, 437, 452, 453, 456, 467, 471, 477, 478, 479, 497, 508, 511, 559, 571, 575, 590, 594, 600, 607, 608, 610, 611, 612, 619, 627, 640, 643, 650, 654, 656, 659, 667, 669, 685, 701, 726, 729, 737, 777, 779, 782, 783, 787, 790, 791, 809, 817, 819, 830, 833, 834, 836, 845, 856, 857, 860, 862, 875, 880, 887, 888, 899, 900, 914, 918, 921, 928, 929, 930]","[10, 12, 24, 25, 28, 75, 88, 100, 103, 104, 105, 106, 107, 108, 109, 110, 111, 112, 113, 114, 115, 116, 117, 118, 119, 120, 121, 122, 123, 124, 125, 126, 127, 128, 129, 130, 131, 132, 133, 134, 135, 136, 137, 138, 139, 140, 141, 142, 143, 144, 145, 146, 147, 148, 149, 150, 151, 152, 153, 154, 155, 156, 157, 158, 159, 160, 161, 162, 163, 164, 165, 166, 167, 168, 169, 170, 171, 172, 173, 174, 175, 176, 177, 178, 179, 180, 181, 182, 183, 184, 185, 186, 187, 188, 189, 190, 191, 192, 193, 194, 195, 196, 197, 198, 199, 200, 201, 202, 203, 204, 205, 206, 207, 208, 209, 210, 211, 212, 213, 214, 215, 216, 217, 218, 219, 220, 221, 222, 223, 224, 225, 226, 227, 228, 229, 230, 231, 232, 233, 234, 235, 236, 237, 238, 239, 240, 241, 242, 243, 244, 245, 246, 247, 248, 249, 250, 251, 252, 253, 254, 255, 256, 257, 258, 259, 260, 261, 262, 263, 264, 265, 266, 267, 268, 269, 270, 271, 272, 273, 274, 275, 276, 277, 278, 279, 280, 281, 282, 283, 284, 285, 286, 287, 288, 289, 290, 291, 292, 293, 294, 295, 296, 297, 298, 299, 300, 301, 302, 303, 304, 305, 306, 307, 308, 309, 310, 311, 312, 313, 314, 315, 316, 317, 318, 319, 320, 321, 322, 323, 324, 325, 326, 327, 328, 329, 330, 331, 332, 333, 334, 335, 336, 337, 354, 366, 369, 380, 383, 384, 386, 395, 407, 411, 423, 428, 436, 437, 452, 453, 456, 467, 471, 477, 478, 479, 495, 497, 508, 511, 549, 559, 571, 574, 575, 576, 577, 578, 579, 580, 581, 582, 583, 584, 585, 586, 587, 588, 589, 590, 591, 592, 593, 594, 595, 596, 597, 598, 599, 600, 601, 602, 603, 604, 605, 606, 607, 608, 609, 610, 611, 612, 613, 614, 615, 616, 617, 618, 619, 620, 621, 622, 623, 624, 625, 626, 627, 628, 629, 630, 631, 632, 633, 634, 635, 636, 637, 638, 639, 640, 641, 642, 643, 644, 645, 646, 647, 648, 649, 650, 651, 652, 653, 654, 655, 656, 657, 658, 659, 660, 661, 662, 663, 664, 665, 666, 667, 668, 669, 670, 671, 672, 673, 674, 675, 676, 677, 678, 679, 680, 681, 682, 683, 684, 685, 686, 687, 688, 689, 690, 691, 692, 693, 694, 695, 696, 697, 698, 699, 700, 701, 702, 703, 704, 705, 706, 707, 708, 709, 710, 711, 712, 713, 714, 715, 716, 717, 718, 719, 720, 721, 722, 723, 724, 725, 726, 727, 728, 729, 730, 731, 732, 733, 734, 735, 736, 737, 738, 739, 740, 741, 742, 743, 744, 745, 746, 747, 748, 749, 750, 751, 752, 753, 754, 755, 756, 757, 758, 759, 760, 761, 762, 763, 764, 765, 766, 767, 768, 769, 770, 771, 772, 773, 774, 775, 776, 777, 778, 779, 780, 781, 782, 783, 784, 785, 786, 787, 788, 789, 790, 791, 792, 793, 809, 817, 819, 830, 833, 834, 836, 845, 856, 857, 860, 862, 875, 880, 887, 888, 899, 900, 914, 918, 921, 928, 929, 930]",True,"[146, 185, 617, 656]","[103, 104, 105, 106, 107, 108, 109, 110, 111, 112, 113, 114, 115, 116, 117, 118, 119, 120, 121, 122, 123, 124, 125, 126, 127, 128, 129, 130, 131, 132, 133, 134, 135, 136, 137, 138, 139, 140, 141, 142, 143, 144, 145, 146, 147, 148, 149, 150, 151, 152, 153, 154, 155, 156, 157, 158, 159, 160, 161, 162, 163, 164, 165, 166, 167, 168, 169, 170, 171, 172, 173, 174, 175, 176, 177, 178, 179, 180, 181, 182, 183, 184, 185, 186, 187, 188, 189, 190, 191, 192, 193, 194, 195, 196, 197, 198, 199, 200, 201, 202, 203, 204, 205, 206, 207, 208, 209, 210, 211, 212, 213, 214, 215, 216, 217, 218, 219, 220, 221, 222, 223, 224, 225, 226, 227, 228, 229, 230, 231, 232, 233, 234, 235, 236, 237, 238, 239, 240, 241, 242, 243, 244, 245, 246, 247, 248, 249, 250, 251, 252, 253, 254, 255, 256, 257, 258, 259, 260, 261, 262, 263, 264, 265, 266, 267, 268, 269, 270, 271, 272, 273, 274, 275, 276, 277, 278, 279, 280, 281, 282, 283, 284, 285, 286, 287, 288, 289, 290, 291, 292, 293, 294, 295, 296, 297, 298, 299, 300, 301, 302, 303, 304, 305, 306, 307, 308, 309, 310, 311, 312, 313, 314, 315, 316, 317, 318, 319, 320, 321, 322, 323, 324, 325, 326, 327, 328, 329, 330, 331, 332, 333, 334, 335, 336, 337, 574, 575, 576, 577, 578, 579, 580, 581, 582, 583, 584, 585, 586, 587, 588, 589, 590, 591, 592, 593, 594, 595, 596, 597, 598, 599, 600, 601, 602, 603, 604, 605, 606, 607, 608, 609, 610, 611, 612, 613, 614, 615, 616, 617, 618, 619, 620, 621, 622, 623, 624, 625, 626, 627, 628, 629, 630, 631, 632, 633, 634, 635, 636, 637, 638, 639, 640, 641, 642, 643, 644, 645, 646, 647, 648, 649, 650, 651, 652, 653, 654, 655, 656, 657, 658, 659, 660, 661, 662, 663, 664, 665, 666, 667, 668, 669, 670, 671, 672, 673, 674, 675, 676, 677, 678, 679, 680, 681, 682, 683, 684, 685, 686, 687, 688, 689, 690, 691, 692, 693, 694, 695, 696, 697, 698, 699, 700, 701, 702, 703, 704, 705, 706, 707, 708, 709, 710, 711, 712, 713, 714, 715, 716, 717, 718, 719, 720, 721, 722, 723, 724, 725, 726, 727, 728, 729, 730, 731, 732, 733, 734, 735, 736, 737, 738, 739, 740, 741, 742, 743, 744, 745, 746, 747, 748, 749, 750, 751, 752, 753, 754, 755, 756, 757, 758, 759, 760, 761, 762, 763, 764, 765, 766, 767, 768, 769, 770, 771, 772, 773, 774, 775, 776, 777, 778, 779, 780, 781, 782, 783, 784, 785, 786, 787, 788, 789, 790, 791, 792, 793]","[146, 185, 617, 656]",[],"[10, 75, 103, 104, 106, 117, 118, 120, 127, 128, 129, 131, 133, 135, 136, 137, 139, 146, 147, 148, 149, 151, 158, 160, 162, 166, 173, 178, 179, 185, 190, 192, 198, 201, 203, 204, 206, 207, 212, 213, 214, 219, 223, 224, 225, 227, 230, 235, 237, 246, 247, 256, 259, 262, 263, 266, 268, 269, 271, 272, 278, 279, 284, 285, 288, 290, 292, 304, 306, 312, 316, 319, 320, 323, 324, 329, 332, 335, 495, 549, 574, 575, 577, 588, 589, 591, 598, 599, 600, 602, 604, 606, 607, 608, 610, 617, 618, 619, 620, 622, 625, 630, 632, 634, 638, 644, 649, 650, 656, 661, 663, 669, 673, 674, 676, 677, 682, 683, 684, 687, 688, 689, 691, 694, 699, 701, 710, 718, 722, 723, 727, 728, 730, 731, 737, 738, 743, 744, 747, 749, 751, 762, 764, 770, 774, 777, 778, 781, 782, 789, 791]","[12, 24, 25, 28, 88, 100, 104, 119, 123, 129, 136, 137, 139, 140, 141, 148, 155, 169, 172, 179, 183, 185, 188, 196, 198, 217, 237, 267, 270, 278, 319, 321, 324, 325, 330, 334, 335, 354, 366, 369, 380, 383, 384, 386, 395, 407, 411, 423, 428, 436, 437, 452, 453, 456, 467, 471, 477, 478, 479, 497, 508, 511, 559, 571, 575, 590, 594, 600, 607, 608, 610, 611, 612, 619, 627, 640, 643, 650, 654, 656, 659, 667, 669, 685, 701, 726, 729, 737, 777, 779, 782, 783, 787, 790, 791, 809, 817, 819, 830, 833, 834, 836, 845, 856, 857, 860, 862, 875, 880, 887, 888, 899, 900, 914, 918, 921, 928, 929, 930]","[12, 24, 25, 28, 88, 100, 104, 119, 123, 129, 136, 137, 139, 140, 141, 148, 155, 169, 172, 179, 183, 185, 188, 196, 198, 217, 237, 267, 270, 278, 319, 321, 324, 325, 330, 334, 335, 354, 366, 369, 380, 383, 384, 386, 395, 407, 411, 423, 428, 436, 437, 452, 453, 456, 467, 471, 477, 478, 479, 497, 508, 511, 559, 571, 575, 590, 594, 600, 607, 608, 610, 611, 612, 619, 627, 640, 643, 650, 654, 656, 659, 667, 669, 685, 701, 726, 729, 737, 777, 779, 782, 783, 787, 790, 791, 809, 817, 819, 830, 833, 834, 836, 845, 856, 857, 860, 862, 875, 880, 887, 888, 899, 900, 914, 918, 921, 928, 929, 930]",7/6 successful match,True,,False,371,False,,1.0,True,Hwy 99 Travel Center ( Chevron Rd S ) ),Chevron
Yuba City ( 95991 ) Hwy 99 Travel Center ( Chevron Rd S ) ),530-790-0588 4142 CA 99 ( 5 mi S of town ),24,Yuba City,95991,Hwy 99 Travel Center ( Chevron Rd S ) ),530-790-0588,2016,Yuba City,CA,Chevron,( 5 mi S of town ),4142 CA 99,Proper,,False,,False,CA 99,,,,,"[656, 185]","[146, 185, 617, 656]","[146, 185, 617, 656]",[],"[103, 104, 105, 106, 107, 108, 109, 110, 111, 112, 113, 114, 115, 116, 117, 118, 119, 120, 121, 122, 123, 124, 125, 126, 127, 128, 129, 130, 131, 132, 133, 134, 135, 136, 137, 138, 139, 140, 141, 142, 143, 144, 145, 146, 147, 148, 149, 150, 151, 152, 153, 154, 155, 156, 157, 158, 159, 160, 161, 162, 163, 164, 165, 166, 167, 168, 169, 170, 171, 172, 173, 174, 175, 176, 177, 178, 179, 180, 181, 182, 183, 184, 185, 186, 187, 188, 189, 190, 191, 192, 193, 194, 195, 196, 197, 198, 199, 200, 201, 202, 203, 204, 205, 206, 207, 208, 209, 210, 211, 212, 213, 214, 215, 216, 217, 218, 219, 220, 221, 222, 223, 224, 225, 226, 227, 228, 229, 230, 231, 232, 233, 234, 235, 236, 237, 238, 239, 240, 241, 242, 243, 244, 245, 246, 247, 248, 249, 250, 251, 252, 253, 254, 255, 256, 257, 258, 259, 260, 261, 262, 263, 264, 265, 266, 267, 268, 269, 270, 271, 272, 273, 274, 275, 276, 277, 278, 279, 280, 281, 282, 283, 284, 285, 286, 287, 288, 289, 290, 291, 292, 293, 294, 295, 296, 297, 298, 299, 300, 301, 302, 303, 304, 305, 306, 307, 308, 309, 310, 311, 312, 313, 314, 315, 316, 317, 318, 319, 320, 321, 322, 323, 324, 325, 326, 327, 328, 329, 330, 331, 332, 333, 334, 335, 336, 337, 574, 575, 576, 577, 578, 579, 580, 581, 582, 583, 584, 585, 586, 587, 588, 589, 590, 591, 592, 593, 594, 595, 596, 597, 598, 599, 600, 601, 602, 603, 604, 605, 606, 607, 608, 609, 610, 611, 612, 613, 614, 615, 616, 617, 618, 619, 620, 621, 622, 623, 624, 625, 626, 627, 628, 629, 630, 631, 632, 633, 634, 635, 636, 637, 638, 639, 640, 641, 642, 643, 644, 645, 646, 647, 648, 649, 650, 651, 652, 653, 654, 655, 656, 657, 658, 659, 660, 661, 662, 663, 664, 665, 666, 667, 668, 669, 670, 671, 672, 673, 674, 675, 676, 677, 678, 679, 680, 681, 682, 683, 684, 685, 686, 687, 688, 689, 690, 691, 692, 693, 694, 695, 696, 697, 698, 699, 700, 701, 702, 703, 704, 705, 706, 707, 708, 709, 710, 711, 712, 713, 714, 715, 716, 717, 718, 719, 720, 721, 722, 723, 724, 725, 726, 727, 728, 729, 730, 731, 732, 733, 734, 735, 736, 737, 738, 739, 740, 741, 742, 743, 744, 745, 746, 747, 748, 749, 750, 751, 752, 753, 754, 755, 756, 757, 758, 759, 760, 761, 762, 763, 764, 765, 766, 767, 768, 769, 770, 771, 772, 773, 774, 775, 776, 777, 778, 779, 780, 781, 782, 783, 784, 785, 786, 787, 788, 789, 790, 791, 792, 793]","[10, 75, 103, 104, 106, 117, 118, 120, 127, 128, 129, 131, 133, 135, 136, 137, 139, 146, 147, 148, 149, 151, 158, 160, 162, 166, 173, 178, 179, 185, 190, 192, 198, 201, 203, 204, 206, 207, 212, 213, 214, 219, 223, 224, 225, 227, 230, 235, 237, 246, 247, 256, 259, 262, 263, 266, 268, 269, 271, 272, 278, 279, 284, 285, 288, 290, 292, 304, 306, 312, 316, 319, 320, 323, 324, 329, 332, 335, 495, 549, 574, 575, 577, 588, 589, 591, 598, 599, 600, 602, 604, 606, 607, 608, 610, 617, 618, 619, 620, 622, 625, 630, 632, 634, 638, 644, 649, 650, 656, 661, 663, 669, 673, 674, 676, 677, 682, 683, 684, 687, 688, 689, 691, 694, 699, 701, 710, 718, 722, 723, 727, 728, 730, 731, 737, 738, 743, 744, 747, 749, 751, 762, 764, 770, 774, 777, 778, 781, 782, 789, 791]","[12, 24, 25, 28, 88, 100, 104, 119, 123, 129, 136, 137, 139, 140, 141, 148, 155, 169, 172, 179, 183, 185, 188, 196, 198, 217, 237, 267, 270, 278, 319, 321, 324, 325, 330, 334, 335, 354, 366, 369, 380, 383, 384, 386, 395, 407, 411, 423, 428, 436, 437, 452, 453, 456, 467, 471, 477, 478, 479, 497, 508, 511, 559, 571, 575, 590, 594, 600, 607, 608, 610, 611, 612, 619, 627, 640, 643, 650, 654, 656, 659, 667, 669, 685, 701, 726, 729, 737, 777, 779, 782, 783, 787, 790, 791, 809, 817, 819, 830, 833, 834, 836, 845, 856, 857, 860, 862, 875, 880, 887, 888, 899, 900, 914, 918, 921, 928, 929, 930]","[12, 24, 25, 28, 88, 100, 104, 119, 123, 129, 136, 137, 139, 140, 141, 148, 155, 169, 172, 179, 183, 185, 188, 196, 198, 217, 237, 267, 270, 278, 319, 321, 324, 325, 330, 334, 335, 354, 366, 369, 380, 383, 384, 386, 395, 407, 411, 423, 428, 436, 437, 452, 453, 456, 467, 471, 477, 478, 479, 497, 508, 511, 559, 571, 575, 590, 594, 600, 607, 608, 610, 611, 612, 619, 627, 640, 643, 650, 654, 656, 659, 667, 669, 685, 701, 726, 729, 737, 777, 779, 782, 783, 787, 790, 791, 809, 817, 819, 830, 833, 834, 836, 845, 856, 857, 860, 862, 875, 880, 887, 888, 899, 900, 914, 918, 921, 928, 929, 930]","[10, 12, 24, 25, 28, 75, 88, 100, 103, 104, 105, 106, 107, 108, 109, 110, 111, 112, 113, 114, 115, 116, 117, 118, 119, 120, 121, 122, 123, 124, 125, 126, 127, 128, 129, 130, 131, 132, 133, 134, 135, 136, 137, 138, 139, 140, 141, 142, 143, 144, 145, 146, 147, 148, 149, 150, 151, 152, 153, 154, 155, 156, 157, 158, 159, 160, 161, 162, 163, 164, 165, 166, 167, 168, 169, 170, 171, 172, 173, 174, 175, 176, 177, 178, 179, 180, 181, 182, 183, 184, 185, 186, 187, 188, 189, 190, 191, 192, 193, 194, 195, 196, 197, 198, 199, 200, 201, 202, 203, 204, 205, 206, 207, 208, 209, 210, 211, 212, 213, 214, 215, 216, 217, 218, 219, 220, 221, 222, 223, 224, 225, 226, 227, 228, 229, 230, 231, 232, 233, 234, 235, 236, 237, 238, 239, 240, 241, 242, 243, 244, 245, 246, 247, 248, 249, 250, 251, 252, 253, 254, 255, 256, 257, 258, 259, 260, 261, 262, 263, 264, 265, 266, 267, 268, 269, 270, 271, 272, 273, 274, 275, 276, 277, 278, 279, 280, 281, 282, 283, 284, 285, 286, 287, 288, 289, 290, 291, 292, 293, 294, 295, 296, 297, 298, 299, 300, 301, 302, 303, 304, 305, 306, 307, 308, 309, 310, 311, 312, 313, 314, 315, 316, 317, 318, 319, 320, 321, 322, 323, 324, 325, 326, 327, 328, 329, 330, 331, 332, 333, 334, 335, 336, 337, 354, 366, 369, 380, 383, 384, 386, 395, 407, 411, 423, 428, 436, 437, 452, 453, 456, 467, 471, 477, 478, 479, 495, 497, 508, 511, 549, 559, 571, 574, 575, 576, 577, 578, 579, 580, 581, 582, 583, 584, 585, 586, 587, 588, 589, 590, 591, 592, 593, 594, 595, 596, 597, 598, 599, 600, 601, 602, 603, 604, 605, 606, 607, 608, 609, 610, 611, 612, 613, 614, 615, 616, 617, 618, 619, 620, 621, 622, 623, 624, 625, 626, 627, 628, 629, 630, 631, 632, 633, 634, 635, 636, 637, 638, 639, 640, 641, 642, 643, 644, 645, 646, 647, 648, 649, 650, 651, 652, 653, 654, 655, 656, 657, 658, 659, 660, 661, 662, 663, 664, 665, 666, 667, 668, 669, 670, 671, 672, 673, 674, 675, 676, 677, 678, 679, 680, 681, 682, 683, 684, 685, 686, 687, 688, 689, 690, 691, 692, 693, 694, 695, 696, 697, 698, 699, 700, 701, 702, 703, 704, 705, 706, 707, 708, 709, 710, 711, 712, 713, 714, 715, 716, 717, 718, 719, 720, 721, 722, 723, 724, 725, 726, 727, 728, 729, 730, 731, 732, 733, 734, 735, 736, 737, 738, 739, 740, 741, 742, 743, 744, 745, 746, 747, 748, 749, 750, 751, 752, 753, 754, 755, 756, 757, 758, 759, 760, 761, 762, 763, 764, 765, 766, 767, 768, 769, 770, 771, 772, 773, 774, 775, 776, 777, 778, 779, 780, 781, 782, 783, 784, 785, 786, 787, 788, 789, 790, 791, 792, 793, 809, 817, 819, 830, 833, 834, 836, 845, 856, 857, 860, 862, 875, 880, 887, 888, 899, 900, 914, 918, 921, 928, 929, 930]",True,"[146, 185, 617, 656]","[103, 104, 105, 106, 107, 108, 109, 110, 111, 112, 113, 114, 115, 116, 117, 118, 119, 120, 121, 122, 123, 124, 125, 126, 127, 128, 129, 130, 131, 132, 133, 134, 135, 136, 137, 138, 139, 140, 141, 142, 143, 144, 145, 146, 147, 148, 149, 150, 151, 152, 153, 154, 155, 156, 157, 158, 159, 160, 161, 162, 163, 164, 165, 166, 167, 168, 169, 170, 171, 172, 173, 174, 175, 176, 177, 178, 179, 180, 181, 182, 183, 184, 185, 186, 187, 188, 189, 190, 191, 192, 193, 194, 195, 196, 197, 198, 199, 200, 201, 202, 203, 204, 205, 206, 207, 208, 209, 210, 211, 212, 213, 214, 215, 216, 217, 218, 219, 220, 221, 222, 223, 224, 225, 226, 227, 228, 229, 230, 231, 232, 233, 234, 235, 236, 237, 238, 239, 240, 241, 242, 243, 244, 245, 246, 247, 248, 249, 250, 251, 252, 253, 254, 255, 256, 257, 258, 259, 260, 261, 262, 263, 264, 265, 266, 267, 268, 269, 270, 271, 272, 273, 274, 275, 276, 277, 278, 279, 280, 281, 282, 283, 284, 285, 286, 287, 288, 289, 290, 291, 292, 293, 294, 295, 296, 297, 298, 299, 300, 301, 302, 303, 304, 305, 306, 307, 308, 309, 310, 311, 312, 313, 314, 315, 316, 317, 318, 319, 320, 321, 322, 323, 324, 325, 326, 327, 328, 329, 330, 331, 332, 333, 334, 335, 336, 337, 574, 575, 576, 577, 578, 579, 580, 581, 582, 583, 584, 585, 586, 587, 588, 589, 590, 591, 592, 593, 594, 595, 596, 597, 598, 599, 600, 601, 602, 603, 604, 605, 606, 607, 608, 609, 610, 611, 612, 613, 614, 615, 616, 617, 618, 619, 620, 621, 622, 623, 624, 625, 626, 627, 628, 629, 630, 631, 632, 633, 634, 635, 636, 637, 638, 639, 640, 641, 642, 643, 644, 645, 646, 647, 648, 649, 650, 651, 652, 653, 654, 655, 656, 657, 658, 659, 660, 661, 662, 663, 664, 665, 666, 667, 668, 669, 670, 671, 672, 673, 674, 675, 676, 677, 678, 679, 680, 681, 682, 683, 684, 685, 686, 687, 688, 689, 690, 691, 692, 693, 694, 695, 696, 697, 698, 699, 700, 701, 702, 703, 704, 705, 706, 707, 708, 709, 710, 711, 712, 713, 714, 715, 716, 717, 718, 719, 720, 721, 722, 723, 724, 725, 726, 727, 728, 729, 730, 731, 732, 733, 734, 735, 736, 737, 738, 739, 740, 741, 742, 743, 744, 745, 746, 747, 748, 749, 750, 751, 752, 753, 754, 755, 756, 757, 758, 759, 760, 761, 762, 763, 764, 765, 766, 767, 768, 769, 770, 771, 772, 773, 774, 775, 776, 777, 778, 779, 780, 781, 782, 783, 784, 785, 786, 787, 788, 789, 790, 791, 792, 793]","[146, 185, 617, 656]",[],"[10, 75, 103, 104, 106, 117, 118, 120, 127, 128, 129, 131, 133, 135, 136, 137, 139, 146, 147, 148, 149, 151, 158, 160, 162, 166, 173, 178, 179, 185, 190, 192, 198, 201, 203, 204, 206, 207, 212, 213, 214, 219, 223, 224, 225, 227, 230, 235, 237, 246, 247, 256, 259, 262, 263, 266, 268, 269, 271, 272, 278, 279, 284, 285, 288, 290, 292, 304, 306, 312, 316, 319, 320, 323, 324, 329, 332, 335, 495, 549, 574, 575, 577, 588, 589, 591, 598, 599, 600, 602, 604, 606, 607, 608, 610, 617, 618, 619, 620, 622, 625, 630, 632, 634, 638, 644, 649, 650, 656, 661, 663, 669, 673, 674, 676, 677, 682, 683, 684, 687, 688, 689, 691, 694, 699, 701, 710, 718, 722, 723, 727, 728, 730, 731, 737, 738, 743, 744, 747, 749, 751, 762, 764, 770, 774, 777, 778, 781, 782, 789, 791]","[12, 24, 25, 28, 88, 100, 104, 119, 123, 129, 136, 137, 139, 140, 141, 148, 155, 169, 172, 179, 183, 185, 188, 196, 198, 217, 237, 267, 270, 278, 319, 321, 324, 325, 330, 334, 335, 354, 366, 369, 380, 383, 384, 386, 395, 407, 411, 423, 428, 436, 437, 452, 453, 456, 467, 471, 477, 478, 479, 497, 508, 511, 559, 571, 575, 590, 594, 600, 607, 608, 610, 611, 612, 619, 627, 640, 643, 650, 654, 656, 659, 667, 669, 685, 701, 726, 729, 737, 777, 779, 782, 783, 787, 790, 791, 809, 817, 819, 830, 833, 834, 836, 845, 856, 857, 860, 862, 875, 880, 887, 888, 899, 900, 914, 918, 921, 928, 929, 930]","[12, 24, 25, 28, 88, 100, 104, 119, 123, 129, 136, 137, 139, 140, 141, 148, 155, 169, 172, 179, 183, 185, 188, 196, 198, 217, 237, 267, 270, 278, 319, 321, 324, 325, 330, 334, 335, 354, 366, 369, 380, 383, 384, 386, 395, 407, 411, 423, 428, 436, 437, 452, 453, 456, 467, 471, 477, 478, 479, 497, 508, 511, 559, 571, 575, 590, 594, 600, 607, 608, 610, 611, 612, 619, 627, 640, 643, 650, 654, 656, 659, 667, 669, 685, 701, 726, 729, 737, 777, 779, 782, 783, 787, 790, 791, 809, 817, 819, 830, 833, 834, 836, 845, 856, 857, 860, 862, 875, 880, 887, 888, 899, 900, 914, 918, 921, 928, 929, 930]",7/6 successful match,True,,False,371,False,,1.0,True,Hwy 99 Travel ( Ghost Center Town ( Chevron Rd S ) ),Chevron
"Redding , 96002 TravelCenters of America ( 76 )",530-221-4760 I-5 Exit 673 ( Knighton Rd ) TA,M,Redding,96002,TravelCenters of America ( 76 ),530-221-4760,2006,Redding,CA,TravelCenters,( Knighton Rd ) TA,I-5 Exit 673 ,Exit,673,False,,False,I-5,,,,,"[308, 766]","[308, 766]","[196, 308, 667, 766]","[308, 766]","[103, 104, 105, 106, 107, 108, 109, 110, 111, 112, 113, 114, 115, 116, 117, 118, 119, 120, 121, 122, 123, 124, 125, 126, 127, 128, 129, 130, 131, 132, 133, 134, 135, 136, 137, 138, 139, 140, 141, 142, 143, 144, 145, 146, 147, 148, 149, 150, 151, 152, 153, 154, 155, 156, 157, 158, 159, 160, 161, 162, 163, 164, 165, 166, 167, 168, 169, 170, 171, 172, 173, 174, 175, 176, 177, 178, 179, 180, 181, 182, 183, 184, 185, 186, 187, 188, 189, 190, 191, 192, 193, 194, 195, 196, 197, 198, 199, 200, 201, 202, 203, 204, 205, 206, 207, 208, 209, 210, 211, 212, 213, 214, 215, 216, 217, 218, 219, 220, 221, 222, 223, 224, 225, 226, 227, 228, 229, 230, 231, 232, 233, 234, 235, 236, 237, 238, 239, 240, 241, 242, 243, 244, 245, 246, 247, 248, 249, 250, 251, 252, 253, 254, 255, 256, 257, 258, 259, 260, 261, 262, 263, 264, 265, 266, 267, 268, 269, 270, 271, 272, 273, 274, 275, 276, 277, 278, 279, 280, 281, 282, 283, 284, 285, 286, 287, 288, 289, 290, 291, 292, 293, 294, 295, 296, 297, 298, 299, 300, 301, 302, 303, 304, 305, 306, 307, 308, 309, 310, 311, 312, 313, 314, 315, 316, 317, 318, 319, 320, 321, 322, 323, 324, 325, 326, 327, 328, 329, 330, 331, 332, 333, 334, 335, 336, 337, 574, 575, 576, 577, 578, 579, 580, 581, 582, 583, 584, 585, 586, 587, 588, 589, 590, 591, 592, 593, 594, 595, 596, 597, 598, 599, 600, 601, 602, 603, 604, 605, 606, 607, 608, 609, 610, 611, 612, 613, 614, 615, 616, 617, 618, 619, 620, 621, 622, 623, 624, 625, 626, 627, 628, 629, 630, 631, 632, 633, 634, 635, 636, 637, 638, 639, 640, 641, 642, 643, 644, 645, 646, 647, 648, 649, 650, 651, 652, 653, 654, 655, 656, 657, 658, 659, 660, 661, 662, 663, 664, 665, 666, 667, 668, 669, 670, 671, 672, 673, 674, 675, 676, 677, 678, 679, 680, 681, 682, 683, 684, 685, 686, 687, 688, 689, 690, 691, 692, 693, 694, 695, 696, 697, 698, 699, 700, 701, 702, 703, 704, 705, 706, 707, 708, 709, 710, 711, 712, 713, 714, 715, 716, 717, 718, 719, 720, 721, 722, 723, 724, 725, 726, 727, 728, 729, 730, 731, 732, 733, 734, 735, 736, 737, 738, 739, 740, 741, 742, 743, 744, 745, 746, 747, 748, 749, 750, 751, 752, 753, 754, 755, 756, 757, 758, 759, 760, 761, 762, 763, 764, 765, 766, 767, 768, 769, 770, 771, 772, 773, 774, 775, 776, 777, 778, 779, 780, 781, 782, 783, 784, 785, 786, 787, 788, 789, 790, 791, 792, 793]","[105, 114, 138, 141, 152, 153, 154, 155, 157, 159, 164, 165, 176, 182, 191, 192, 194, 195, 196, 200, 204, 208, 209, 210, 211, 215, 226, 228, 241, 242, 243, 245, 248, 249, 250, 257, 261, 270, 271, 282, 287, 289, 291, 294, 296, 298, 306, 308, 309, 311, 314, 327, 333, 335, 337, 576, 585, 609, 612, 623, 624, 626, 627, 629, 631, 636, 637, 647, 653, 662, 663, 665, 666, 667, 671, 674, 678, 679, 680, 681, 690, 692, 705, 706, 707, 709, 711, 712, 713, 719, 721, 729, 730, 741, 746, 748, 750, 753, 755, 757, 764, 766, 767, 769, 772, 785, 791]","[98, 476, 481, 569, 924, 925]","[84, 87, 89, 114, 115, 117, 124, 132, 135, 144, 152, 178, 239, 268, 281, 297, 318, 320, 327, 348, 394, 555, 558, 560, 585, 586, 588, 595, 603, 606, 615, 623, 649, 703, 727, 740, 756, 776, 778, 785, 803, 844]","[84, 87, 89, 98, 103, 104, 105, 106, 107, 108, 109, 110, 111, 112, 113, 114, 115, 116, 117, 118, 119, 120, 121, 122, 123, 124, 125, 126, 127, 128, 129, 130, 131, 132, 133, 134, 135, 136, 137, 138, 139, 140, 141, 142, 143, 144, 145, 146, 147, 148, 149, 150, 151, 152, 153, 154, 155, 156, 157, 158, 159, 160, 161, 162, 163, 164, 165, 166, 167, 168, 169, 170, 171, 172, 173, 174, 175, 176, 177, 178, 179, 180, 181, 182, 183, 184, 185, 186, 187, 188, 189, 190, 191, 192, 193, 194, 195, 196, 197, 198, 199, 200, 201, 202, 203, 204, 205, 206, 207, 208, 209, 210, 211, 212, 213, 214, 215, 216, 217, 218, 219, 220, 221, 222, 223, 224, 225, 226, 227, 228, 229, 230, 231, 232, 233, 234, 235, 236, 237, 238, 239, 240, 241, 242, 243, 244, 245, 246, 247, 248, 249, 250, 251, 252, 253, 254, 255, 256, 257, 258, 259, 260, 261, 262, 263, 264, 265, 266, 267, 268, 269, 270, 271, 272, 273, 274, 275, 276, 277, 278, 279, 280, 281, 282, 283, 284, 285, 286, 287, 288, 289, 290, 291, 292, 293, 294, 295, 296, 297, 298, 299, 300, 301, 302, 303, 304, 305, 306, 307, 308, 309, 310, 311, 312, 313, 314, 315, 316, 317, 318, 319, 320, 321, 322, 323, 324, 325, 326, 327, 328, 329, 330, 331, 332, 333, 334, 335, 336, 337, 348, 394, 476, 481, 555, 558, 560, 569, 574, 575, 576, 577, 578, 579, 580, 581, 582, 583, 584, 585, 586, 587, 588, 589, 590, 591, 592, 593, 594, 595, 596, 597, 598, 599, 600, 601, 602, 603, 604, 605, 606, 607, 608, 609, 610, 611, 612, 613, 614, 615, 616, 617, 618, 619, 620, 621, 622, 623, 624, 625, 626, 627, 628, 629, 630, 631, 632, 633, 634, 635, 636, 637, 638, 639, 640, 641, 642, 643, 644, 645, 646, 647, 648, 649, 650, 651, 652, 653, 654, 655, 656, 657, 658, 659, 660, 661, 662, 663, 664, 665, 666, 667, 668, 669, 670, 671, 672, 673, 674, 675, 676, 677, 678, 679, 680, 681, 682, 683, 684, 685, 686, 687, 688, 689, 690, 691, 692, 693, 694, 695, 696, 697, 698, 699, 700, 701, 702, 703, 704, 705, 706, 707, 708, 709, 710, 711, 712, 713, 714, 715, 716, 717, 718, 719, 720, 721, 722, 723, 724, 725, 726, 727, 728, 729, 730, 731, 732, 733, 734, 735, 736, 737, 738, 739, 740, 741, 742, 743, 744, 745, 746, 747, 748, 749, 750, 751, 752, 753, 754, 755, 756, 757, 758, 759, 760, 761, 762, 763, 764, 765, 766, 767, 768, 769, 770, 771, 772, 773, 774, 775, 776, 777, 778, 779, 780, 781, 782, 783, 784, 785, 786, 787, 788, 789, 790, 791, 792, 793, 803, 844, 924, 925]",True,"[308, 766]","[103, 104, 105, 106, 107, 108, 109, 110, 111, 112, 113, 114, 115, 116, 117, 118, 119, 120, 121, 122, 123, 124, 125, 126, 127, 128, 129, 130, 131, 132, 133, 134, 135, 136, 137, 138, 139, 140, 141, 142, 143, 144, 145, 146, 147, 148, 149, 150, 151, 152, 153, 154, 155, 156, 157, 158, 159, 160, 161, 162, 163, 164, 165, 166, 167, 168, 169, 170, 171, 172, 173, 174, 175, 176, 177, 178, 179, 180, 181, 182, 183, 184, 185, 186, 187, 188, 189, 190, 191, 192, 193, 194, 195, 196, 197, 198, 199, 200, 201, 202, 203, 204, 205, 206, 207, 208, 209, 210, 211, 212, 213, 214, 215, 216, 217, 218, 219, 220, 221, 222, 223, 224, 225, 226, 227, 228, 229, 230, 231, 232, 233, 234, 235, 236, 237, 238, 239, 240, 241, 242, 243, 244, 245, 246, 247, 248, 249, 250, 251, 252, 253, 254, 255, 256, 257, 258, 259, 260, 261, 262, 263, 264, 265, 266, 267, 268, 269, 270, 271, 272, 273, 274, 275, 276, 277, 278, 279, 280, 281, 282, 283, 284, 285, 286, 287, 288, 289, 290, 291, 292, 293, 294, 295, 296, 297, 298, 299, 300, 301, 302, 303, 304, 305, 306, 307, 308, 309, 310, 311, 312, 313, 314, 315, 316, 317, 318, 319, 320, 321, 322, 323, 324, 325, 326, 327, 328, 329, 330, 331, 332, 333, 334, 335, 336, 337, 574, 575, 576, 577, 578, 579, 580, 581, 582, 583, 584, 585, 586, 587, 588, 589, 590, 591, 592, 593, 594, 595, 596, 597, 598, 599, 600, 601, 602, 603, 604, 605, 606, 607, 608, 609, 610, 611, 612, 613, 614, 615, 616, 617, 618, 619, 620, 621, 622, 623, 624, 625, 626, 627, 628, 629, 630, 631, 632, 633, 634, 635, 636, 637, 638, 639, 640, 641, 642, 643, 644, 645, 646, 647, 648, 649, 650, 651, 652, 653, 654, 655, 656, 657, 658, 659, 660, 661, 662, 663, 664, 665, 666, 667, 668, 669, 670, 671, 672, 673, 674, 675, 676, 677, 678, 679, 680, 681, 682, 683, 684, 685, 686, 687, 688, 689, 690, 691, 692, 693, 694, 695, 696, 697, 698, 699, 700, 701, 702, 703, 704, 705, 706, 707, 708, 709, 710, 711, 712, 713, 714, 715, 716, 717, 718, 719, 720, 721, 722, 723, 724, 725, 726, 727, 728, 729, 730, 731, 732, 733, 734, 735, 736, 737, 738, 739, 740, 741, 742, 743, 744, 745, 746, 747, 748, 749, 750, 751, 752, 753, 754, 755, 756, 757, 758, 759, 760, 761, 762, 763, 764, 765, 766, 767, 768, 769, 770, 771, 772, 773, 774, 775, 776, 777, 778, 779, 780, 781, 782, 783, 784, 785, 786, 787, 788, 789, 790, 791, 792, 793]","[196, 308, 667, 766]","[308, 766]","[105, 114, 138, 141, 152, 153, 154, 155, 157, 159, 164, 165, 176, 182, 191, 192, 194, 195, 196, 200, 204, 208, 209, 210, 211, 215, 226, 228, 241, 242, 243, 245, 248, 249, 250, 257, 261, 270, 271, 282, 287, 289, 291, 294, 296, 298, 306, 308, 309, 311, 314, 327, 333, 335, 337, 576, 585, 609, 612, 623, 624, 626, 627, 629, 631, 636, 637, 647, 653, 662, 663, 665, 666, 667, 671, 674, 678, 679, 680, 681, 690, 692, 705, 706, 707, 709, 711, 712, 713, 719, 721, 729, 730, 741, 746, 748, 750, 753, 755, 757, 764, 766, 767, 769, 772, 785, 791]","[84, 87, 89, 114, 115, 117, 124, 132, 135, 144, 152, 178, 239, 268, 281, 297, 318, 320, 327, 348, 394, 555, 558, 560, 585, 586, 588, 595, 603, 606, 615, 623, 649, 703, 727, 740, 756, 776, 778, 785, 803, 844]","[98, 476, 481, 569, 924, 925]",5/6 successful match,True,"[112, 113]",True,372,False,,,,,
"Redding , 96002 TravelCenters of America Mt Blvd )",530-221-4760 I-5 Exit 673 ( Knighton ( 76 ),HRS 24 XL HRS 24,Redding,96002,TravelCenters of America Mt Blvd ),530-221-4760,2007,Redding,CA,TravelCenters,( Knighton ( 76 ),I-5 Exit 673 ,Exit,673,False,,False,I-5,,,,,"[308, 766]","[308, 766]","[196, 308, 667, 766]","[308, 766]","[103, 104, 105, 106, 107, 108, 109, 110, 111, 112, 113, 114, 115, 116, 117, 118, 119, 120, 121, 122, 123, 124, 125, 126, 127, 128, 129, 130, 131, 132, 133, 134, 135, 136, 137, 138, 139, 140, 141, 142, 143, 144, 145, 146, 147, 148, 149, 150, 151, 152, 153, 154, 155, 156, 157, 158, 159, 160, 161, 162, 163, 164, 165, 166, 167, 168, 169, 170, 171, 172, 173, 174, 175, 176, 177, 178, 179, 180, 181, 182, 183, 184, 185, 186, 187, 188, 189, 190, 191, 192, 193, 194, 195, 196, 197, 198, 199, 200, 201, 202, 203, 204, 205, 206, 207, 208, 209, 210, 211, 212, 213, 214, 215, 216, 217, 218, 219, 220, 221, 222, 223, 224, 225, 226, 227, 228, 229, 230, 231, 232, 233, 234, 235, 236, 237, 238, 239, 240, 241, 242, 243, 244, 245, 246, 247, 248, 249, 250, 251, 252, 253, 254, 255, 256, 257, 258, 259, 260, 261, 262, 263, 264, 265, 266, 267, 268, 269, 270, 271, 272, 273, 274, 275, 276, 277, 278, 279, 280, 281, 282, 283, 284, 285, 286, 287, 288, 289, 290, 291, 292, 293, 294, 295, 296, 297, 298, 299, 300, 301, 302, 303, 304, 305, 306, 307, 308, 309, 310, 311, 312, 313, 314, 315, 316, 317, 318, 319, 320, 321, 322, 323, 324, 325, 326, 327, 328, 329, 330, 331, 332, 333, 334, 335, 336, 337, 574, 575, 576, 577, 578, 579, 580, 581, 582, 583, 584, 585, 586, 587, 588, 589, 590, 591, 592, 593, 594, 595, 596, 597, 598, 599, 600, 601, 602, 603, 604, 605, 606, 607, 608, 609, 610, 611, 612, 613, 614, 615, 616, 617, 618, 619, 620, 621, 622, 623, 624, 625, 626, 627, 628, 629, 630, 631, 632, 633, 634, 635, 636, 637, 638, 639, 640, 641, 642, 643, 644, 645, 646, 647, 648, 649, 650, 651, 652, 653, 654, 655, 656, 657, 658, 659, 660, 661, 662, 663, 664, 665, 666, 667, 668, 669, 670, 671, 672, 673, 674, 675, 676, 677, 678, 679, 680, 681, 682, 683, 684, 685, 686, 687, 688, 689, 690, 691, 692, 693, 694, 695, 696, 697, 698, 699, 700, 701, 702, 703, 704, 705, 706, 707, 708, 709, 710, 711, 712, 713, 714, 715, 716, 717, 718, 719, 720, 721, 722, 723, 724, 725, 726, 727, 728, 729, 730, 731, 732, 733, 734, 735, 736, 737, 738, 739, 740, 741, 742, 743, 744, 745, 746, 747, 748, 749, 750, 751, 752, 753, 754, 755, 756, 757, 758, 759, 760, 761, 762, 763, 764, 765, 766, 767, 768, 769, 770, 771, 772, 773, 774, 775, 776, 777, 778, 779, 780, 781, 782, 783, 784, 785, 786, 787, 788, 789, 790, 791, 792, 793]","[105, 114, 138, 141, 152, 153, 154, 155, 157, 159, 164, 165, 176, 182, 191, 192, 194, 195, 196, 200, 204, 208, 209, 210, 211, 215, 226, 228, 241, 242, 243, 245, 248, 249, 250, 257, 261, 270, 271, 282, 287, 289, 291, 294, 296, 298, 306, 308, 309, 311, 314, 327, 333, 335, 337, 576, 585, 609, 612, 623, 624, 626, 627, 629, 631, 636, 637, 647, 653, 662, 663, 665, 666, 667, 671, 674, 678, 679, 680, 681, 690, 692, 705, 706, 707, 709, 711, 712, 713, 719, 721, 729, 730, 741, 746, 748, 750, 753, 755, 757, 764, 766, 767, 769, 772, 785, 791]","[98, 476, 481, 569, 924, 925]",[],"[98, 103, 104, 105, 106, 107, 108, 109, 110, 111, 112, 113, 114, 115, 116, 117, 118, 119, 120, 121, 122, 123, 124, 125, 126, 127, 128, 129, 130, 131, 132, 133, 134, 135, 136, 137, 138, 139, 140, 141, 142, 143, 144, 145, 146, 147, 148, 149, 150, 151, 152, 153, 154, 155, 156, 157, 158, 159, 160, 161, 162, 163, 164, 165, 166, 167, 168, 169, 170, 171, 172, 173, 174, 175, 176, 177, 178, 179, 180, 181, 182, 183, 184, 185, 186, 187, 188, 189, 190, 191, 192, 193, 194, 195, 196, 197, 198, 199, 200, 201, 202, 203, 204, 205, 206, 207, 208, 209, 210, 211, 212, 213, 214, 215, 216, 217, 218, 219, 220, 221, 222, 223, 224, 225, 226, 227, 228, 229, 230, 231, 232, 233, 234, 235, 236, 237, 238, 239, 240, 241, 242, 243, 244, 245, 246, 247, 248, 249, 250, 251, 252, 253, 254, 255, 256, 257, 258, 259, 260, 261, 262, 263, 264, 265, 266, 267, 268, 269, 270, 271, 272, 273, 274, 275, 276, 277, 278, 279, 280, 281, 282, 283, 284, 285, 286, 287, 288, 289, 290, 291, 292, 293, 294, 295, 296, 297, 298, 299, 300, 301, 302, 303, 304, 305, 306, 307, 308, 309, 310, 311, 312, 313, 314, 315, 316, 317, 318, 319, 320, 321, 322, 323, 324, 325, 326, 327, 328, 329, 330, 331, 332, 333, 334, 335, 336, 337, 476, 481, 569, 574, 575, 576, 577, 578, 579, 580, 581, 582, 583, 584, 585, 586, 587, 588, 589, 590, 591, 592, 593, 594, 595, 596, 597, 598, 599, 600, 601, 602, 603, 604, 605, 606, 607, 608, 609, 610, 611, 612, 613, 614, 615, 616, 617, 618, 619, 620, 621, 622, 623, 624, 625, 626, 627, 628, 629, 630, 631, 632, 633, 634, 635, 636, 637, 638, 639, 640, 641, 642, 643, 644, 645, 646, 647, 648, 649, 650, 651, 652, 653, 654, 655, 656, 657, 658, 659, 660, 661, 662, 663, 664, 665, 666, 667, 668, 669, 670, 671, 672, 673, 674, 675, 676, 677, 678, 679, 680, 681, 682, 683, 684, 685, 686, 687, 688, 689, 690, 691, 692, 693, 694, 695, 696, 697, 698, 699, 700, 701, 702, 703, 704, 705, 706, 707, 708, 709, 710, 711, 712, 713, 714, 715, 716, 717, 718, 719, 720, 721, 722, 723, 724, 725, 726, 727, 728, 729, 730, 731, 732, 733, 734, 735, 736, 737, 738, 739, 740, 741, 742, 743, 744, 745, 746, 747, 748, 749, 750, 751, 752, 753, 754, 755, 756, 757, 758, 759, 760, 761, 762, 763, 764, 765, 766, 767, 768, 769, 770, 771, 772, 773, 774, 775, 776, 777, 778, 779, 780, 781, 782, 783, 784, 785, 786, 787, 788, 789, 790, 791, 792, 793, 924, 925]",True,"[308, 766]","[103, 104, 105, 106, 107, 108, 109, 110, 111, 112, 113, 114, 115, 116, 117, 118, 119, 120, 121, 122, 123, 124, 125, 126, 127, 128, 129, 130, 131, 132, 133, 134, 135, 136, 137, 138, 139, 140, 141, 142, 143, 144, 145, 146, 147, 148, 149, 150, 151, 152, 153, 154, 155, 156, 157, 158, 159, 160, 161, 162, 163, 164, 165, 166, 167, 168, 169, 170, 171, 172, 173, 174, 175, 176, 177, 178, 179, 180, 181, 182, 183, 184, 185, 186, 187, 188, 189, 190, 191, 192, 193, 194, 195, 196, 197, 198, 199, 200, 201, 202, 203, 204, 205, 206, 207, 208, 209, 210, 211, 212, 213, 214, 215, 216, 217, 218, 219, 220, 221, 222, 223, 224, 225, 226, 227, 228, 229, 230, 231, 232, 233, 234, 235, 236, 237, 238, 239, 240, 241, 242, 243, 244, 245, 246, 247, 248, 249, 250, 251, 252, 253, 254, 255, 256, 257, 258, 259, 260, 261, 262, 263, 264, 265, 266, 267, 268, 269, 270, 271, 272, 273, 274, 275, 276, 277, 278, 279, 280, 281, 282, 283, 284, 285, 286, 287, 288, 289, 290, 291, 292, 293, 294, 295, 296, 297, 298, 299, 300, 301, 302, 303, 304, 305, 306, 307, 308, 309, 310, 311, 312, 313, 314, 315, 316, 317, 318, 319, 320, 321, 322, 323, 324, 325, 326, 327, 328, 329, 330, 331, 332, 333, 334, 335, 336, 337, 574, 575, 576, 577, 578, 579, 580, 581, 582, 583, 584, 585, 586, 587, 588, 589, 590, 591, 592, 593, 594, 595, 596, 597, 598, 599, 600, 601, 602, 603, 604, 605, 606, 607, 608, 609, 610, 611, 612, 613, 614, 615, 616, 617, 618, 619, 620, 621, 622, 623, 624, 625, 626, 627, 628, 629, 630, 631, 632, 633, 634, 635, 636, 637, 638, 639, 640, 641, 642, 643, 644, 645, 646, 647, 648, 649, 650, 651, 652, 653, 654, 655, 656, 657, 658, 659, 660, 661, 662, 663, 664, 665, 666, 667, 668, 669, 670, 671, 672, 673, 674, 675, 676, 677, 678, 679, 680, 681, 682, 683, 684, 685, 686, 687, 688, 689, 690, 691, 692, 693, 694, 695, 696, 697, 698, 699, 700, 701, 702, 703, 704, 705, 706, 707, 708, 709, 710, 711, 712, 713, 714, 715, 716, 717, 718, 719, 720, 721, 722, 723, 724, 725, 726, 727, 728, 729, 730, 731, 732, 733, 734, 735, 736, 737, 738, 739, 740, 741, 742, 743, 744, 745, 746, 747, 748, 749, 750, 751, 752, 753, 754, 755, 756, 757, 758, 759, 760, 761, 762, 763, 764, 765, 766, 767, 768, 769, 770, 771, 772, 773, 774, 775, 776, 777, 778, 779, 780, 781, 782, 783, 784, 785, 786, 787, 788, 789, 790, 791, 792, 793]","[196, 308, 667, 766]","[308, 766]","[105, 114, 138, 141, 152, 153, 154, 155, 157, 159, 164, 165, 176, 182, 191, 192, 194, 195, 196, 200, 204, 208, 209, 210, 211, 215, 226, 228, 241, 242, 243, 245, 248, 249, 250, 257, 261, 270, 271, 282, 287, 289, 291, 294, 296, 298, 306, 308, 309, 311, 314, 327, 333, 335, 337, 576, 585, 609, 612, 623, 624, 626, 627, 629, 631, 636, 637, 647, 653, 662, 663, 665, 666, 667, 671, 674, 678, 679, 680, 681, 690, 692, 705, 706, 707, 709, 711, 712, 713, 719, 721, 729, 730, 741, 746, 748, 750, 753, 755, 757, 764, 766, 767, 769, 772, 785, 791]",[],"[98, 476, 481, 569, 924, 925]",6/6 successful match,True,"[112, 113]",True,372,False,,1.0,True,TravelCenters of America ( 76 ),TravelCenters
"Redding , 96002 TravelCenters of America 223 , Bear Mt Blvd )",2 530-221-4760 I-5 Exit 673 ( Knighton ( 76 ),) XL 24,Redding TravelCenters of America,96002,"TravelCenters of America 223 , Bear Mt Blvd )",530-221-4760,2008,Redding,CA,TravelCenters,( Knighton ( 76 ),I-5 Exit 673 ,Exit,673,False,,False,I-5,,,,,"[308, 766]","[308, 766]","[196, 308, 667, 766]","[308, 766]","[103, 104, 105, 106, 107, 108, 109, 110, 111, 112, 113, 114, 115, 116, 117, 118, 119, 120, 121, 122, 123, 124, 125, 126, 127, 128, 129, 130, 131, 132, 133, 134, 135, 136, 137, 138, 139, 140, 141, 142, 143, 144, 145, 146, 147, 148, 149, 150, 151, 152, 153, 154, 155, 156, 157, 158, 159, 160, 161, 162, 163, 164, 165, 166, 167, 168, 169, 170, 171, 172, 173, 174, 175, 176, 177, 178, 179, 180, 181, 182, 183, 184, 185, 186, 187, 188, 189, 190, 191, 192, 193, 194, 195, 196, 197, 198, 199, 200, 201, 202, 203, 204, 205, 206, 207, 208, 209, 210, 211, 212, 213, 214, 215, 216, 217, 218, 219, 220, 221, 222, 223, 224, 225, 226, 227, 228, 229, 230, 231, 232, 233, 234, 235, 236, 237, 238, 239, 240, 241, 242, 243, 244, 245, 246, 247, 248, 249, 250, 251, 252, 253, 254, 255, 256, 257, 258, 259, 260, 261, 262, 263, 264, 265, 266, 267, 268, 269, 270, 271, 272, 273, 274, 275, 276, 277, 278, 279, 280, 281, 282, 283, 284, 285, 286, 287, 288, 289, 290, 291, 292, 293, 294, 295, 296, 297, 298, 299, 300, 301, 302, 303, 304, 305, 306, 307, 308, 309, 310, 311, 312, 313, 314, 315, 316, 317, 318, 319, 320, 321, 322, 323, 324, 325, 326, 327, 328, 329, 330, 331, 332, 333, 334, 335, 336, 337, 574, 575, 576, 577, 578, 579, 580, 581, 582, 583, 584, 585, 586, 587, 588, 589, 590, 591, 592, 593, 594, 595, 596, 597, 598, 599, 600, 601, 602, 603, 604, 605, 606, 607, 608, 609, 610, 611, 612, 613, 614, 615, 616, 617, 618, 619, 620, 621, 622, 623, 624, 625, 626, 627, 628, 629, 630, 631, 632, 633, 634, 635, 636, 637, 638, 639, 640, 641, 642, 643, 644, 645, 646, 647, 648, 649, 650, 651, 652, 653, 654, 655, 656, 657, 658, 659, 660, 661, 662, 663, 664, 665, 666, 667, 668, 669, 670, 671, 672, 673, 674, 675, 676, 677, 678, 679, 680, 681, 682, 683, 684, 685, 686, 687, 688, 689, 690, 691, 692, 693, 694, 695, 696, 697, 698, 699, 700, 701, 702, 703, 704, 705, 706, 707, 708, 709, 710, 711, 712, 713, 714, 715, 716, 717, 718, 719, 720, 721, 722, 723, 724, 725, 726, 727, 728, 729, 730, 731, 732, 733, 734, 735, 736, 737, 738, 739, 740, 741, 742, 743, 744, 745, 746, 747, 748, 749, 750, 751, 752, 753, 754, 755, 756, 757, 758, 759, 760, 761, 762, 763, 764, 765, 766, 767, 768, 769, 770, 771, 772, 773, 774, 775, 776, 777, 778, 779, 780, 781, 782, 783, 784, 785, 786, 787, 788, 789, 790, 791, 792, 793]","[105, 114, 138, 141, 152, 153, 154, 155, 157, 159, 164, 165, 176, 182, 191, 192, 194, 195, 196, 200, 204, 208, 209, 210, 211, 215, 226, 228, 241, 242, 243, 245, 248, 249, 250, 257, 261, 270, 271, 282, 287, 289, 291, 294, 296, 298, 306, 308, 309, 311, 314, 327, 333, 335, 337, 576, 585, 609, 612, 623, 624, 626, 627, 629, 631, 636, 637, 647, 653, 662, 663, 665, 666, 667, 671, 674, 678, 679, 680, 681, 690, 692, 705, 706, 707, 709, 711, 712, 713, 719, 721, 729, 730, 741, 746, 748, 750, 753, 755, 757, 764, 766, 767, 769, 772, 785, 791]","[98, 476, 481, 569, 924, 925]","[127, 203, 401, 598, 673, 850]","[98, 103, 104, 105, 106, 107, 108, 109, 110, 111, 112, 113, 114, 115, 116, 117, 118, 119, 120, 121, 122, 123, 124, 125, 126, 127, 128, 129, 130, 131, 132, 133, 134, 135, 136, 137, 138, 139, 140, 141, 142, 143, 144, 145, 146, 147, 148, 149, 150, 151, 152, 153, 154, 155, 156, 157, 158, 159, 160, 161, 162, 163, 164, 165, 166, 167, 168, 169, 170, 171, 172, 173, 174, 175, 176, 177, 178, 179, 180, 181, 182, 183, 184, 185, 186, 187, 188, 189, 190, 191, 192, 193, 194, 195, 196, 197, 198, 199, 200, 201, 202, 203, 204, 205, 206, 207, 208, 209, 210, 211, 212, 213, 214, 215, 216, 217, 218, 219, 220, 221, 222, 223, 224, 225, 226, 227, 228, 229, 230, 231, 232, 233, 234, 235, 236, 237, 238, 239, 240, 241, 242, 243, 244, 245, 246, 247, 248, 249, 250, 251, 252, 253, 254, 255, 256, 257, 258, 259, 260, 261, 262, 263, 264, 265, 266, 267, 268, 269, 270, 271, 272, 273, 274, 275, 276, 277, 278, 279, 280, 281, 282, 283, 284, 285, 286, 287, 288, 289, 290, 291, 292, 293, 294, 295, 296, 297, 298, 299, 300, 301, 302, 303, 304, 305, 306, 307, 308, 309, 310, 311, 312, 313, 314, 315, 316, 317, 318, 319, 320, 321, 322, 323, 324, 325, 326, 327, 328, 329, 330, 331, 332, 333, 334, 335, 336, 337, 401, 476, 481, 569, 574, 575, 576, 577, 578, 579, 580, 581, 582, 583, 584, 585, 586, 587, 588, 589, 590, 591, 592, 593, 594, 595, 596, 597, 598, 599, 600, 601, 602, 603, 604, 605, 606, 607, 608, 609, 610, 611, 612, 613, 614, 615, 616, 617, 618, 619, 620, 621, 622, 623, 624, 625, 626, 627, 628, 629, 630, 631, 632, 633, 634, 635, 636, 637, 638, 639, 640, 641, 642, 643, 644, 645, 646, 647, 648, 649, 650, 651, 652, 653, 654, 655, 656, 657, 658, 659, 660, 661, 662, 663, 664, 665, 666, 667, 668, 669, 670, 671, 672, 673, 674, 675, 676, 677, 678, 679, 680, 681, 682, 683, 684, 685, 686, 687, 688, 689, 690, 691, 692, 693, 694, 695, 696, 697, 698, 699, 700, 701, 702, 703, 704, 705, 706, 707, 708, 709, 710, 711, 712, 713, 714, 715, 716, 717, 718, 719, 720, 721, 722, 723, 724, 725, 726, 727, 728, 729, 730, 731, 732, 733, 734, 735, 736, 737, 738, 739, 740, 741, 742, 743, 744, 745, 746, 747, 748, 749, 750, 751, 752, 753, 754, 755, 756, 757, 758, 759, 760, 761, 762, 763, 764, 765, 766, 767, 768, 769, 770, 771, 772, 773, 774, 775, 776, 777, 778, 779, 780, 781, 782, 783, 784, 785, 786, 787, 788, 789, 790, 791, 792, 793, 850, 924, 925]",True,"[308, 766]","[103, 104, 105, 106, 107, 108, 109, 110, 111, 112, 113, 114, 115, 116, 117, 118, 119, 120, 121, 122, 123, 124, 125, 126, 127, 128, 129, 130, 131, 132, 133, 134, 135, 136, 137, 138, 139, 140, 141, 142, 143, 144, 145, 146, 147, 148, 149, 150, 151, 152, 153, 154, 155, 156, 157, 158, 159, 160, 161, 162, 163, 164, 165, 166, 167, 168, 169, 170, 171, 172, 173, 174, 175, 176, 177, 178, 179, 180, 181, 182, 183, 184, 185, 186, 187, 188, 189, 190, 191, 192, 193, 194, 195, 196, 197, 198, 199, 200, 201, 202, 203, 204, 205, 206, 207, 208, 209, 210, 211, 212, 213, 214, 215, 216, 217, 218, 219, 220, 221, 222, 223, 224, 225, 226, 227, 228, 229, 230, 231, 232, 233, 234, 235, 236, 237, 238, 239, 240, 241, 242, 243, 244, 245, 246, 247, 248, 249, 250, 251, 252, 253, 254, 255, 256, 257, 258, 259, 260, 261, 262, 263, 264, 265, 266, 267, 268, 269, 270, 271, 272, 273, 274, 275, 276, 277, 278, 279, 280, 281, 282, 283, 284, 285, 286, 287, 288, 289, 290, 291, 292, 293, 294, 295, 296, 297, 298, 299, 300, 301, 302, 303, 304, 305, 306, 307, 308, 309, 310, 311, 312, 313, 314, 315, 316, 317, 318, 319, 320, 321, 322, 323, 324, 325, 326, 327, 328, 329, 330, 331, 332, 333, 334, 335, 336, 337, 574, 575, 576, 577, 578, 579, 580, 581, 582, 583, 584, 585, 586, 587, 588, 589, 590, 591, 592, 593, 594, 595, 596, 597, 598, 599, 600, 601, 602, 603, 604, 605, 606, 607, 608, 609, 610, 611, 612, 613, 614, 615, 616, 617, 618, 619, 620, 621, 622, 623, 624, 625, 626, 627, 628, 629, 630, 631, 632, 633, 634, 635, 636, 637, 638, 639, 640, 641, 642, 643, 644, 645, 646, 647, 648, 649, 650, 651, 652, 653, 654, 655, 656, 657, 658, 659, 660, 661, 662, 663, 664, 665, 666, 667, 668, 669, 670, 671, 672, 673, 674, 675, 676, 677, 678, 679, 680, 681, 682, 683, 684, 685, 686, 687, 688, 689, 690, 691, 692, 693, 694, 695, 696, 697, 698, 699, 700, 701, 702, 703, 704, 705, 706, 707, 708, 709, 710, 711, 712, 713, 714, 715, 716, 717, 718, 719, 720, 721, 722, 723, 724, 725, 726, 727, 728, 729, 730, 731, 732, 733, 734, 735, 736, 737, 738, 739, 740, 741, 742, 743, 744, 745, 746, 747, 748, 749, 750, 751, 752, 753, 754, 755, 756, 757, 758, 759, 760, 761, 762, 763, 764, 765, 766, 767, 768, 769, 770, 771, 772, 773, 774, 775, 776, 777, 778, 779, 780, 781, 782, 783, 784, 785, 786, 787, 788, 789, 790, 791, 792, 793]","[196, 308, 667, 766]","[308, 766]","[105, 114, 138, 141, 152, 153, 154, 155, 157, 159, 164, 165, 176, 182, 191, 192, 194, 195, 196, 200, 204, 208, 209, 210, 211, 215, 226, 228, 241, 242, 243, 245, 248, 249, 250, 257, 261, 270, 271, 282, 287, 289, 291, 294, 296, 298, 306, 308, 309, 311, 314, 327, 333, 335, 337, 576, 585, 609, 612, 623, 624, 626, 627, 629, 631, 636, 637, 647, 653, 662, 663, 665, 666, 667, 671, 674, 678, 679, 680, 681, 690, 692, 705, 706, 707, 709, 711, 712, 713, 719, 721, 729, 730, 741, 746, 748, 750, 753, 755, 757, 764, 766, 767, 769, 772, 785, 791]","[127, 203, 401, 598, 673, 850]","[98, 476, 481, 569, 924, 925]",5/6 successful match,True,"[112, 113]",True,372,False,,0.9582278481012658,True,TravelCenters of America Mt Blvd ),TravelCenters
B Redding ( 96002 ) TA Redding # 057 ( Shell ),21530-221-4760 I-5 Exit 673 ( Knighton Rd ),ZA 24 [ T XL 24,Redding,96002,TA Redding # 057 ( Shell ),530-221-4760,2014,Redding,CA,Shell,( Knighton Rd ),I-5 Exit 673 ,Exit,673,False,,False,I-5,,,,,"[308, 766]","[308, 766]","[196, 308, 667, 766]","[308, 766]","[103, 104, 105, 106, 107, 108, 109, 110, 111, 112, 113, 114, 115, 116, 117, 118, 119, 120, 121, 122, 123, 124, 125, 126, 127, 128, 129, 130, 131, 132, 133, 134, 135, 136, 137, 138, 139, 140, 141, 142, 143, 144, 145, 146, 147, 148, 149, 150, 151, 152, 153, 154, 155, 156, 157, 158, 159, 160, 161, 162, 163, 164, 165, 166, 167, 168, 169, 170, 171, 172, 173, 174, 175, 176, 177, 178, 179, 180, 181, 182, 183, 184, 185, 186, 187, 188, 189, 190, 191, 192, 193, 194, 195, 196, 197, 198, 199, 200, 201, 202, 203, 204, 205, 206, 207, 208, 209, 210, 211, 212, 213, 214, 215, 216, 217, 218, 219, 220, 221, 222, 223, 224, 225, 226, 227, 228, 229, 230, 231, 232, 233, 234, 235, 236, 237, 238, 239, 240, 241, 242, 243, 244, 245, 246, 247, 248, 249, 250, 251, 252, 253, 254, 255, 256, 257, 258, 259, 260, 261, 262, 263, 264, 265, 266, 267, 268, 269, 270, 271, 272, 273, 274, 275, 276, 277, 278, 279, 280, 281, 282, 283, 284, 285, 286, 287, 288, 289, 290, 291, 292, 293, 294, 295, 296, 297, 298, 299, 300, 301, 302, 303, 304, 305, 306, 307, 308, 309, 310, 311, 312, 313, 314, 315, 316, 317, 318, 319, 320, 321, 322, 323, 324, 325, 326, 327, 328, 329, 330, 331, 332, 333, 334, 335, 336, 337, 574, 575, 576, 577, 578, 579, 580, 581, 582, 583, 584, 585, 586, 587, 588, 589, 590, 591, 592, 593, 594, 595, 596, 597, 598, 599, 600, 601, 602, 603, 604, 605, 606, 607, 608, 609, 610, 611, 612, 613, 614, 615, 616, 617, 618, 619, 620, 621, 622, 623, 624, 625, 626, 627, 628, 629, 630, 631, 632, 633, 634, 635, 636, 637, 638, 639, 640, 641, 642, 643, 644, 645, 646, 647, 648, 649, 650, 651, 652, 653, 654, 655, 656, 657, 658, 659, 660, 661, 662, 663, 664, 665, 666, 667, 668, 669, 670, 671, 672, 673, 674, 675, 676, 677, 678, 679, 680, 681, 682, 683, 684, 685, 686, 687, 688, 689, 690, 691, 692, 693, 694, 695, 696, 697, 698, 699, 700, 701, 702, 703, 704, 705, 706, 707, 708, 709, 710, 711, 712, 713, 714, 715, 716, 717, 718, 719, 720, 721, 722, 723, 724, 725, 726, 727, 728, 729, 730, 731, 732, 733, 734, 735, 736, 737, 738, 739, 740, 741, 742, 743, 744, 745, 746, 747, 748, 749, 750, 751, 752, 753, 754, 755, 756, 757, 758, 759, 760, 761, 762, 763, 764, 765, 766, 767, 768, 769, 770, 771, 772, 773, 774, 775, 776, 777, 778, 779, 780, 781, 782, 783, 784, 785, 786, 787, 788, 789, 790, 791, 792, 793]","[105, 114, 138, 141, 152, 153, 154, 155, 157, 159, 164, 165, 176, 182, 191, 192, 194, 195, 196, 200, 204, 208, 209, 210, 211, 215, 226, 228, 241, 242, 243, 245, 248, 249, 250, 257, 261, 270, 271, 282, 287, 289, 291, 294, 296, 298, 306, 308, 309, 311, 314, 327, 333, 335, 337, 576, 585, 609, 612, 623, 624, 626, 627, 629, 631, 636, 637, 647, 653, 662, 663, 665, 666, 667, 671, 674, 678, 679, 680, 681, 690, 692, 705, 706, 707, 709, 711, 712, 713, 719, 721, 729, 730, 741, 746, 748, 750, 753, 755, 757, 764, 766, 767, 769, 772, 785, 791]","[1, 13, 14, 29, 54, 55, 56, 57, 58, 60, 102, 118, 125, 127, 130, 134, 146, 149, 153, 175, 182, 187, 189, 191, 197, 225, 230, 238, 264, 265, 266, 286, 302, 317, 336, 379, 388, 389, 425, 454, 458, 463, 475, 487, 498, 499, 512, 530, 531, 532, 533, 534, 536, 573, 589, 596, 598, 601, 605, 617, 620, 624, 646, 653, 658, 660, 662, 668, 689, 694, 702, 724, 725, 745, 760, 775, 793, 829, 838, 839, 877, 901, 903, 905, 910, 923]","[1, 13, 14, 29, 54, 55, 56, 57, 58, 60, 102, 118, 125, 127, 130, 134, 146, 149, 153, 175, 182, 187, 189, 191, 197, 225, 230, 238, 264, 265, 266, 286, 301, 302, 308, 317, 336, 354, 379, 388, 389, 425, 454, 458, 463, 475, 476, 487, 498, 499, 512, 530, 531, 532, 533, 534, 536, 573, 589, 596, 598, 601, 605, 617, 620, 624, 646, 653, 658, 660, 662, 668, 689, 694, 702, 724, 725, 745, 760, 766, 775, 793, 809, 829, 838, 839, 877, 901, 903, 905, 910, 923, 924, 925]","[1, 13, 14, 29, 54, 55, 56, 57, 58, 60, 102, 103, 104, 105, 106, 107, 108, 109, 110, 111, 112, 113, 114, 115, 116, 117, 118, 119, 120, 121, 122, 123, 124, 125, 126, 127, 128, 129, 130, 131, 132, 133, 134, 135, 136, 137, 138, 139, 140, 141, 142, 143, 144, 145, 146, 147, 148, 149, 150, 151, 152, 153, 154, 155, 156, 157, 158, 159, 160, 161, 162, 163, 164, 165, 166, 167, 168, 169, 170, 171, 172, 173, 174, 175, 176, 177, 178, 179, 180, 181, 182, 183, 184, 185, 186, 187, 188, 189, 190, 191, 192, 193, 194, 195, 196, 197, 198, 199, 200, 201, 202, 203, 204, 205, 206, 207, 208, 209, 210, 211, 212, 213, 214, 215, 216, 217, 218, 219, 220, 221, 222, 223, 224, 225, 226, 227, 228, 229, 230, 231, 232, 233, 234, 235, 236, 237, 238, 239, 240, 241, 242, 243, 244, 245, 246, 247, 248, 249, 250, 251, 252, 253, 254, 255, 256, 257, 258, 259, 260, 261, 262, 263, 264, 265, 266, 267, 268, 269, 270, 271, 272, 273, 274, 275, 276, 277, 278, 279, 280, 281, 282, 283, 284, 285, 286, 287, 288, 289, 290, 291, 292, 293, 294, 295, 296, 297, 298, 299, 300, 301, 302, 303, 304, 305, 306, 307, 308, 309, 310, 311, 312, 313, 314, 315, 316, 317, 318, 319, 320, 321, 322, 323, 324, 325, 326, 327, 328, 329, 330, 331, 332, 333, 334, 335, 336, 337, 354, 379, 388, 389, 425, 454, 458, 463, 475, 476, 487, 498, 499, 512, 530, 531, 532, 533, 534, 536, 573, 574, 575, 576, 577, 578, 579, 580, 581, 582, 583, 584, 585, 586, 587, 588, 589, 590, 591, 592, 593, 594, 595, 596, 597, 598, 599, 600, 601, 602, 603, 604, 605, 606, 607, 608, 609, 610, 611, 612, 613, 614, 615, 616, 617, 618, 619, 620, 621, 622, 623, 624, 625, 626, 627, 628, 629, 630, 631, 632, 633, 634, 635, 636, 637, 638, 639, 640, 641, 642, 643, 644, 645, 646, 647, 648, 649, 650, 651, 652, 653, 654, 655, 656, 657, 658, 659, 660, 661, 662, 663, 664, 665, 666, 667, 668, 669, 670, 671, 672, 673, 674, 675, 676, 677, 678, 679, 680, 681, 682, 683, 684, 685, 686, 687, 688, 689, 690, 691, 692, 693, 694, 695, 696, 697, 698, 699, 700, 701, 702, 703, 704, 705, 706, 707, 708, 709, 710, 711, 712, 713, 714, 715, 716, 717, 718, 719, 720, 721, 722, 723, 724, 725, 726, 727, 728, 729, 730, 731, 732, 733, 734, 735, 736, 737, 738, 739, 740, 741, 742, 743, 744, 745, 746, 747, 748, 749, 750, 751, 752, 753, 754, 755, 756, 757, 758, 759, 760, 761, 762, 763, 764, 765, 766, 767, 768, 769, 770, 771, 772, 773, 774, 775, 776, 777, 778, 779, 780, 781, 782, 783, 784, 785, 786, 787, 788, 789, 790, 791, 792, 793, 809, 829, 838, 839, 877, 901, 903, 905, 910, 923, 924, 925]",True,"[308, 766]","[103, 104, 105, 106, 107, 108, 109, 110, 111, 112, 113, 114, 115, 116, 117, 118, 119, 120, 121, 122, 123, 124, 125, 126, 127, 128, 129, 130, 131, 132, 133, 134, 135, 136, 137, 138, 139, 140, 141, 142, 143, 144, 145, 146, 147, 148, 149, 150, 151, 152, 153, 154, 155, 156, 157, 158, 159, 160, 161, 162, 163, 164, 165, 166, 167, 168, 169, 170, 171, 172, 173, 174, 175, 176, 177, 178, 179, 180, 181, 182, 183, 184, 185, 186, 187, 188, 189, 190, 191, 192, 193, 194, 195, 196, 197, 198, 199, 200, 201, 202, 203, 204, 205, 206, 207, 208, 209, 210, 211, 212, 213, 214, 215, 216, 217, 218, 219, 220, 221, 222, 223, 224, 225, 226, 227, 228, 229, 230, 231, 232, 233, 234, 235, 236, 237, 238, 239, 240, 241, 242, 243, 244, 245, 246, 247, 248, 249, 250, 251, 252, 253, 254, 255, 256, 257, 258, 259, 260, 261, 262, 263, 264, 265, 266, 267, 268, 269, 270, 271, 272, 273, 274, 275, 276, 277, 278, 279, 280, 281, 282, 283, 284, 285, 286, 287, 288, 289, 290, 291, 292, 293, 294, 295, 296, 297, 298, 299, 300, 301, 302, 303, 304, 305, 306, 307, 308, 309, 310, 311, 312, 313, 314, 315, 316, 317, 318, 319, 320, 321, 322, 323, 324, 325, 326, 327, 328, 329, 330, 331, 332, 333, 334, 335, 336, 337, 574, 575, 576, 577, 578, 579, 580, 581, 582, 583, 584, 585, 586, 587, 588, 589, 590, 591, 592, 593, 594, 595, 596, 597, 598, 599, 600, 601, 602, 603, 604, 605, 606, 607, 608, 609, 610, 611, 612, 613, 614, 615, 616, 617, 618, 619, 620, 621, 622, 623, 624, 625, 626, 627, 628, 629, 630, 631, 632, 633, 634, 635, 636, 637, 638, 639, 640, 641, 642, 643, 644, 645, 646, 647, 648, 649, 650, 651, 652, 653, 654, 655, 656, 657, 658, 659, 660, 661, 662, 663, 664, 665, 666, 667, 668, 669, 670, 671, 672, 673, 674, 675, 676, 677, 678, 679, 680, 681, 682, 683, 684, 685, 686, 687, 688, 689, 690, 691, 692, 693, 694, 695, 696, 697, 698, 699, 700, 701, 702, 703, 704, 705, 706, 707, 708, 709, 710, 711, 712, 713, 714, 715, 716, 717, 718, 719, 720, 721, 722, 723, 724, 725, 726, 727, 728, 729, 730, 731, 732, 733, 734, 735, 736, 737, 738, 739, 740, 741, 742, 743, 744, 745, 746, 747, 748, 749, 750, 751, 752, 753, 754, 755, 756, 757, 758, 759, 760, 761, 762, 763, 764, 765, 766, 767, 768, 769, 770, 771, 772, 773, 774, 775, 776, 777, 778, 779, 780, 781, 782, 783, 784, 785, 786, 787, 788, 789, 790, 791, 792, 793]","[196, 308, 667, 766]","[308, 766]","[105, 114, 138, 141, 152, 153, 154, 155, 157, 159, 164, 165, 176, 182, 191, 192, 194, 195, 196, 200, 204, 208, 209, 210, 211, 215, 226, 228, 241, 242, 243, 245, 248, 249, 250, 257, 261, 270, 271, 282, 287, 289, 291, 294, 296, 298, 306, 308, 309, 311, 314, 327, 333, 335, 337, 576, 585, 609, 612, 623, 624, 626, 627, 629, 631, 636, 637, 647, 653, 662, 663, 665, 666, 667, 671, 674, 678, 679, 680, 681, 690, 692, 705, 706, 707, 709, 711, 712, 713, 719, 721, 729, 730, 741, 746, 748, 750, 753, 755, 757, 764, 766, 767, 769, 772, 785, 791]","[1, 13, 14, 29, 54, 55, 56, 57, 58, 60, 102, 118, 125, 127, 130, 134, 146, 149, 153, 175, 182, 187, 189, 191, 197, 225, 230, 238, 264, 265, 266, 286, 301, 302, 308, 317, 336, 354, 379, 388, 389, 425, 454, 458, 463, 475, 476, 487, 498, 499, 512, 530, 531, 532, 533, 534, 536, 573, 589, 596, 598, 601, 605, 617, 620, 624, 646, 653, 658, 660, 662, 668, 689, 694, 702, 724, 725, 745, 760, 766, 775, 793, 809, 829, 838, 839, 877, 901, 903, 905, 910, 923, 924, 925]","[1, 13, 14, 29, 54, 55, 56, 57, 58, 60, 102, 118, 125, 127, 130, 134, 146, 149, 153, 175, 182, 187, 189, 191, 197, 225, 230, 238, 264, 265, 266, 286, 302, 317, 336, 379, 388, 389, 425, 454, 458, 463, 475, 487, 498, 499, 512, 530, 531, 532, 533, 534, 536, 573, 589, 596, 598, 601, 605, 617, 620, 624, 646, 653, 658, 660, 662, 668, 689, 694, 702, 724, 725, 745, 760, 775, 793, 829, 838, 839, 877, 901, 903, 905, 910, 923]",6/6 successful match,True,"[112, 113]",True,372,True,2014,0.09859154929577464,False,"TravelCenters of America 223 , Bear Mt Blvd )",TravelCenters
Redding ( 96002 ) TA Redding # 057 ( Shell ),2 530-221-4760 I-5 Exit 673 ( Knighton Rd ) TA,TA 24 <U+2610> XL,Redding,96002,TA Redding # 057 ( Shell ),530-221-4760,2015,Redding,CA,Shell,( Knighton Rd ) TA,I-5 Exit 673 ,Exit,673,False,,False,I-5,,,,,"[308, 766]","[308, 766]","[196, 308, 667, 766]","[308, 766]","[103, 104, 105, 106, 107, 108, 109, 110, 111, 112, 113, 114, 115, 116, 117, 118, 119, 120, 121, 122, 123, 124, 125, 126, 127, 128, 129, 130, 131, 132, 133, 134, 135, 136, 137, 138, 139, 140, 141, 142, 143, 144, 145, 146, 147, 148, 149, 150, 151, 152, 153, 154, 155, 156, 157, 158, 159, 160, 161, 162, 163, 164, 165, 166, 167, 168, 169, 170, 171, 172, 173, 174, 175, 176, 177, 178, 179, 180, 181, 182, 183, 184, 185, 186, 187, 188, 189, 190, 191, 192, 193, 194, 195, 196, 197, 198, 199, 200, 201, 202, 203, 204, 205, 206, 207, 208, 209, 210, 211, 212, 213, 214, 215, 216, 217, 218, 219, 220, 221, 222, 223, 224, 225, 226, 227, 228, 229, 230, 231, 232, 233, 234, 235, 236, 237, 238, 239, 240, 241, 242, 243, 244, 245, 246, 247, 248, 249, 250, 251, 252, 253, 254, 255, 256, 257, 258, 259, 260, 261, 262, 263, 264, 265, 266, 267, 268, 269, 270, 271, 272, 273, 274, 275, 276, 277, 278, 279, 280, 281, 282, 283, 284, 285, 286, 287, 288, 289, 290, 291, 292, 293, 294, 295, 296, 297, 298, 299, 300, 301, 302, 303, 304, 305, 306, 307, 308, 309, 310, 311, 312, 313, 314, 315, 316, 317, 318, 319, 320, 321, 322, 323, 324, 325, 326, 327, 328, 329, 330, 331, 332, 333, 334, 335, 336, 337, 574, 575, 576, 577, 578, 579, 580, 581, 582, 583, 584, 585, 586, 587, 588, 589, 590, 591, 592, 593, 594, 595, 596, 597, 598, 599, 600, 601, 602, 603, 604, 605, 606, 607, 608, 609, 610, 611, 612, 613, 614, 615, 616, 617, 618, 619, 620, 621, 622, 623, 624, 625, 626, 627, 628, 629, 630, 631, 632, 633, 634, 635, 636, 637, 638, 639, 640, 641, 642, 643, 644, 645, 646, 647, 648, 649, 650, 651, 652, 653, 654, 655, 656, 657, 658, 659, 660, 661, 662, 663, 664, 665, 666, 667, 668, 669, 670, 671, 672, 673, 674, 675, 676, 677, 678, 679, 680, 681, 682, 683, 684, 685, 686, 687, 688, 689, 690, 691, 692, 693, 694, 695, 696, 697, 698, 699, 700, 701, 702, 703, 704, 705, 706, 707, 708, 709, 710, 711, 712, 713, 714, 715, 716, 717, 718, 719, 720, 721, 722, 723, 724, 725, 726, 727, 728, 729, 730, 731, 732, 733, 734, 735, 736, 737, 738, 739, 740, 741, 742, 743, 744, 745, 746, 747, 748, 749, 750, 751, 752, 753, 754, 755, 756, 757, 758, 759, 760, 761, 762, 763, 764, 765, 766, 767, 768, 769, 770, 771, 772, 773, 774, 775, 776, 777, 778, 779, 780, 781, 782, 783, 784, 785, 786, 787, 788, 789, 790, 791, 792, 793]","[105, 114, 138, 141, 152, 153, 154, 155, 157, 159, 164, 165, 176, 182, 191, 192, 194, 195, 196, 200, 204, 208, 209, 210, 211, 215, 226, 228, 241, 242, 243, 245, 248, 249, 250, 257, 261, 270, 271, 282, 287, 289, 291, 294, 296, 298, 306, 308, 309, 311, 314, 327, 333, 335, 337, 576, 585, 609, 612, 623, 624, 626, 627, 629, 631, 636, 637, 647, 653, 662, 663, 665, 666, 667, 671, 674, 678, 679, 680, 681, 690, 692, 705, 706, 707, 709, 711, 712, 713, 719, 721, 729, 730, 741, 746, 748, 750, 753, 755, 757, 764, 766, 767, 769, 772, 785, 791]","[1, 13, 14, 29, 54, 55, 56, 57, 58, 60, 102, 118, 125, 127, 130, 134, 146, 149, 153, 175, 182, 187, 189, 191, 197, 225, 230, 238, 264, 265, 266, 286, 302, 317, 336, 379, 388, 389, 425, 454, 458, 463, 475, 487, 498, 499, 512, 530, 531, 532, 533, 534, 536, 573, 589, 596, 598, 601, 605, 617, 620, 624, 646, 653, 658, 660, 662, 668, 689, 694, 702, 724, 725, 745, 760, 775, 793, 829, 838, 839, 877, 901, 903, 905, 910, 923]","[1, 13, 14, 29, 54, 55, 56, 57, 58, 60, 102, 118, 125, 127, 130, 134, 146, 149, 153, 175, 182, 187, 189, 191, 197, 225, 230, 238, 264, 265, 266, 286, 301, 302, 308, 317, 336, 354, 379, 388, 389, 425, 454, 458, 463, 475, 476, 487, 498, 499, 512, 530, 531, 532, 533, 534, 536, 573, 589, 596, 598, 601, 605, 617, 620, 624, 646, 653, 658, 660, 662, 668, 689, 694, 702, 724, 725, 745, 760, 766, 775, 793, 809, 829, 838, 839, 877, 901, 903, 905, 910, 923, 924, 925]","[1, 13, 14, 29, 54, 55, 56, 57, 58, 60, 102, 103, 104, 105, 106, 107, 108, 109, 110, 111, 112, 113, 114, 115, 116, 117, 118, 119, 120, 121, 122, 123, 124, 125, 126, 127, 128, 129, 130, 131, 132, 133, 134, 135, 136, 137, 138, 139, 140, 141, 142, 143, 144, 145, 146, 147, 148, 149, 150, 151, 152, 153, 154, 155, 156, 157, 158, 159, 160, 161, 162, 163, 164, 165, 166, 167, 168, 169, 170, 171, 172, 173, 174, 175, 176, 177, 178, 179, 180, 181, 182, 183, 184, 185, 186, 187, 188, 189, 190, 191, 192, 193, 194, 195, 196, 197, 198, 199, 200, 201, 202, 203, 204, 205, 206, 207, 208, 209, 210, 211, 212, 213, 214, 215, 216, 217, 218, 219, 220, 221, 222, 223, 224, 225, 226, 227, 228, 229, 230, 231, 232, 233, 234, 235, 236, 237, 238, 239, 240, 241, 242, 243, 244, 245, 246, 247, 248, 249, 250, 251, 252, 253, 254, 255, 256, 257, 258, 259, 260, 261, 262, 263, 264, 265, 266, 267, 268, 269, 270, 271, 272, 273, 274, 275, 276, 277, 278, 279, 280, 281, 282, 283, 284, 285, 286, 287, 288, 289, 290, 291, 292, 293, 294, 295, 296, 297, 298, 299, 300, 301, 302, 303, 304, 305, 306, 307, 308, 309, 310, 311, 312, 313, 314, 315, 316, 317, 318, 319, 320, 321, 322, 323, 324, 325, 326, 327, 328, 329, 330, 331, 332, 333, 334, 335, 336, 337, 354, 379, 388, 389, 425, 454, 458, 463, 475, 476, 487, 498, 499, 512, 530, 531, 532, 533, 534, 536, 573, 574, 575, 576, 577, 578, 579, 580, 581, 582, 583, 584, 585, 586, 587, 588, 589, 590, 591, 592, 593, 594, 595, 596, 597, 598, 599, 600, 601, 602, 603, 604, 605, 606, 607, 608, 609, 610, 611, 612, 613, 614, 615, 616, 617, 618, 619, 620, 621, 622, 623, 624, 625, 626, 627, 628, 629, 630, 631, 632, 633, 634, 635, 636, 637, 638, 639, 640, 641, 642, 643, 644, 645, 646, 647, 648, 649, 650, 651, 652, 653, 654, 655, 656, 657, 658, 659, 660, 661, 662, 663, 664, 665, 666, 667, 668, 669, 670, 671, 672, 673, 674, 675, 676, 677, 678, 679, 680, 681, 682, 683, 684, 685, 686, 687, 688, 689, 690, 691, 692, 693, 694, 695, 696, 697, 698, 699, 700, 701, 702, 703, 704, 705, 706, 707, 708, 709, 710, 711, 712, 713, 714, 715, 716, 717, 718, 719, 720, 721, 722, 723, 724, 725, 726, 727, 728, 729, 730, 731, 732, 733, 734, 735, 736, 737, 738, 739, 740, 741, 742, 743, 744, 745, 746, 747, 748, 749, 750, 751, 752, 753, 754, 755, 756, 757, 758, 759, 760, 761, 762, 763, 764, 765, 766, 767, 768, 769, 770, 771, 772, 773, 774, 775, 776, 777, 778, 779, 780, 781, 782, 783, 784, 785, 786, 787, 788, 789, 790, 791, 792, 793, 809, 829, 838, 839, 877, 901, 903, 905, 910, 923, 924, 925]",True,"[308, 766]","[103, 104, 105, 106, 107, 108, 109, 110, 111, 112, 113, 114, 115, 116, 117, 118, 119, 120, 121, 122, 123, 124, 125, 126, 127, 128, 129, 130, 131, 132, 133, 134, 135, 136, 137, 138, 139, 140, 141, 142, 143, 144, 145, 146, 147, 148, 149, 150, 151, 152, 153, 154, 155, 156, 157, 158, 159, 160, 161, 162, 163, 164, 165, 166, 167, 168, 169, 170, 171, 172, 173, 174, 175, 176, 177, 178, 179, 180, 181, 182, 183, 184, 185, 186, 187, 188, 189, 190, 191, 192, 193, 194, 195, 196, 197, 198, 199, 200, 201, 202, 203, 204, 205, 206, 207, 208, 209, 210, 211, 212, 213, 214, 215, 216, 217, 218, 219, 220, 221, 222, 223, 224, 225, 226, 227, 228, 229, 230, 231, 232, 233, 234, 235, 236, 237, 238, 239, 240, 241, 242, 243, 244, 245, 246, 247, 248, 249, 250, 251, 252, 253, 254, 255, 256, 257, 258, 259, 260, 261, 262, 263, 264, 265, 266, 267, 268, 269, 270, 271, 272, 273, 274, 275, 276, 277, 278, 279, 280, 281, 282, 283, 284, 285, 286, 287, 288, 289, 290, 291, 292, 293, 294, 295, 296, 297, 298, 299, 300, 301, 302, 303, 304, 305, 306, 307, 308, 309, 310, 311, 312, 313, 314, 315, 316, 317, 318, 319, 320, 321, 322, 323, 324, 325, 326, 327, 328, 329, 330, 331, 332, 333, 334, 335, 336, 337, 574, 575, 576, 577, 578, 579, 580, 581, 582, 583, 584, 585, 586, 587, 588, 589, 590, 591, 592, 593, 594, 595, 596, 597, 598, 599, 600, 601, 602, 603, 604, 605, 606, 607, 608, 609, 610, 611, 612, 613, 614, 615, 616, 617, 618, 619, 620, 621, 622, 623, 624, 625, 626, 627, 628, 629, 630, 631, 632, 633, 634, 635, 636, 637, 638, 639, 640, 641, 642, 643, 644, 645, 646, 647, 648, 649, 650, 651, 652, 653, 654, 655, 656, 657, 658, 659, 660, 661, 662, 663, 664, 665, 666, 667, 668, 669, 670, 671, 672, 673, 674, 675, 676, 677, 678, 679, 680, 681, 682, 683, 684, 685, 686, 687, 688, 689, 690, 691, 692, 693, 694, 695, 696, 697, 698, 699, 700, 701, 702, 703, 704, 705, 706, 707, 708, 709, 710, 711, 712, 713, 714, 715, 716, 717, 718, 719, 720, 721, 722, 723, 724, 725, 726, 727, 728, 729, 730, 731, 732, 733, 734, 735, 736, 737, 738, 739, 740, 741, 742, 743, 744, 745, 746, 747, 748, 749, 750, 751, 752, 753, 754, 755, 756, 757, 758, 759, 760, 761, 762, 763, 764, 765, 766, 767, 768, 769, 770, 771, 772, 773, 774, 775, 776, 777, 778, 779, 780, 781, 782, 783, 784, 785, 786, 787, 788, 789, 790, 791, 792, 793]","[196, 308, 667, 766]","[308, 766]","[105, 114, 138, 141, 152, 153, 154, 155, 157, 159, 164, 165, 176, 182, 191, 192, 194, 195, 196, 200, 204, 208, 209, 210, 211, 215, 226, 228, 241, 242, 243, 245, 248, 249, 250, 257, 261, 270, 271, 282, 287, 289, 291, 294, 296, 298, 306, 308, 309, 311, 314, 327, 333, 335, 337, 576, 585, 609, 612, 623, 624, 626, 627, 629, 631, 636, 637, 647, 653, 662, 663, 665, 666, 667, 671, 674, 678, 679, 680, 681, 690, 692, 705, 706, 707, 709, 711, 712, 713, 719, 721, 729, 730, 741, 746, 748, 750, 753, 755, 757, 764, 766, 767, 769, 772, 785, 791]","[1, 13, 14, 29, 54, 55, 56, 57, 58, 60, 102, 118, 125, 127, 130, 134, 146, 149, 153, 175, 182, 187, 189, 191, 197, 225, 230, 238, 264, 265, 266, 286, 301, 302, 308, 317, 336, 354, 379, 388, 389, 425, 454, 458, 463, 475, 476, 487, 498, 499, 512, 530, 531, 532, 533, 534, 536, 573, 589, 596, 598, 601, 605, 617, 620, 624, 646, 653, 658, 660, 662, 668, 689, 694, 702, 724, 725, 745, 760, 766, 775, 793, 809, 829, 838, 839, 877, 901, 903, 905, 910, 923, 924, 925]","[1, 13, 14, 29, 54, 55, 56, 57, 58, 60, 102, 118, 125, 127, 130, 134, 146, 149, 153, 175, 182, 187, 189, 191, 197, 225, 230, 238, 264, 265, 266, 286, 302, 317, 336, 379, 388, 389, 425, 454, 458, 463, 475, 487, 498, 499, 512, 530, 531, 532, 533, 534, 536, 573, 589, 596, 598, 601, 605, 617, 620, 624, 646, 653, 658, 660, 662, 668, 689, 694, 702, 724, 725, 745, 760, 775, 793, 829, 838, 839, 877, 901, 903, 905, 910, 923]",6/6 successful match,True,"[112, 113]",True,372,False,,1.0,True,TA Redding # 057 ( Shell ),Shell
B Redding ( 96002 ) TA Redding # 057 ( Shell ),2 530-221-4760 I-5 Exit 673 ( Knighton Rd ),A 24 XLO,Redding,96002,TA Redding # 057 ( Shell ),530-221-4760,2016,Redding,CA,Shell,( Knighton Rd ),I-5 Exit 673 ,Exit,673,False,,False,I-5,,,,,"[308, 766]","[308, 766]","[196, 308, 667, 766]","[308, 766]","[103, 104, 105, 106, 107, 108, 109, 110, 111, 112, 113, 114, 115, 116, 117, 118, 119, 120, 121, 122, 123, 124, 125, 126, 127, 128, 129, 130, 131, 132, 133, 134, 135, 136, 137, 138, 139, 140, 141, 142, 143, 144, 145, 146, 147, 148, 149, 150, 151, 152, 153, 154, 155, 156, 157, 158, 159, 160, 161, 162, 163, 164, 165, 166, 167, 168, 169, 170, 171, 172, 173, 174, 175, 176, 177, 178, 179, 180, 181, 182, 183, 184, 185, 186, 187, 188, 189, 190, 191, 192, 193, 194, 195, 196, 197, 198, 199, 200, 201, 202, 203, 204, 205, 206, 207, 208, 209, 210, 211, 212, 213, 214, 215, 216, 217, 218, 219, 220, 221, 222, 223, 224, 225, 226, 227, 228, 229, 230, 231, 232, 233, 234, 235, 236, 237, 238, 239, 240, 241, 242, 243, 244, 245, 246, 247, 248, 249, 250, 251, 252, 253, 254, 255, 256, 257, 258, 259, 260, 261, 262, 263, 264, 265, 266, 267, 268, 269, 270, 271, 272, 273, 274, 275, 276, 277, 278, 279, 280, 281, 282, 283, 284, 285, 286, 287, 288, 289, 290, 291, 292, 293, 294, 295, 296, 297, 298, 299, 300, 301, 302, 303, 304, 305, 306, 307, 308, 309, 310, 311, 312, 313, 314, 315, 316, 317, 318, 319, 320, 321, 322, 323, 324, 325, 326, 327, 328, 329, 330, 331, 332, 333, 334, 335, 336, 337, 574, 575, 576, 577, 578, 579, 580, 581, 582, 583, 584, 585, 586, 587, 588, 589, 590, 591, 592, 593, 594, 595, 596, 597, 598, 599, 600, 601, 602, 603, 604, 605, 606, 607, 608, 609, 610, 611, 612, 613, 614, 615, 616, 617, 618, 619, 620, 621, 622, 623, 624, 625, 626, 627, 628, 629, 630, 631, 632, 633, 634, 635, 636, 637, 638, 639, 640, 641, 642, 643, 644, 645, 646, 647, 648, 649, 650, 651, 652, 653, 654, 655, 656, 657, 658, 659, 660, 661, 662, 663, 664, 665, 666, 667, 668, 669, 670, 671, 672, 673, 674, 675, 676, 677, 678, 679, 680, 681, 682, 683, 684, 685, 686, 687, 688, 689, 690, 691, 692, 693, 694, 695, 696, 697, 698, 699, 700, 701, 702, 703, 704, 705, 706, 707, 708, 709, 710, 711, 712, 713, 714, 715, 716, 717, 718, 719, 720, 721, 722, 723, 724, 725, 726, 727, 728, 729, 730, 731, 732, 733, 734, 735, 736, 737, 738, 739, 740, 741, 742, 743, 744, 745, 746, 747, 748, 749, 750, 751, 752, 753, 754, 755, 756, 757, 758, 759, 760, 761, 762, 763, 764, 765, 766, 767, 768, 769, 770, 771, 772, 773, 774, 775, 776, 777, 778, 779, 780, 781, 782, 783, 784, 785, 786, 787, 788, 789, 790, 791, 792, 793]","[105, 114, 138, 141, 152, 153, 154, 155, 157, 159, 164, 165, 176, 182, 191, 192, 194, 195, 196, 200, 204, 208, 209, 210, 211, 215, 226, 228, 241, 242, 243, 245, 248, 249, 250, 257, 261, 270, 271, 282, 287, 289, 291, 294, 296, 298, 306, 308, 309, 311, 314, 327, 333, 335, 337, 576, 585, 609, 612, 623, 624, 626, 627, 629, 631, 636, 637, 647, 653, 662, 663, 665, 666, 667, 671, 674, 678, 679, 680, 681, 690, 692, 705, 706, 707, 709, 711, 712, 713, 719, 721, 729, 730, 741, 746, 748, 750, 753, 755, 757, 764, 766, 767, 769, 772, 785, 791]","[1, 13, 14, 29, 54, 55, 56, 57, 58, 60, 102, 118, 125, 127, 130, 134, 146, 149, 153, 175, 182, 187, 189, 191, 197, 225, 230, 238, 264, 265, 266, 286, 302, 317, 336, 379, 388, 389, 425, 454, 458, 463, 475, 487, 498, 499, 512, 530, 531, 532, 533, 534, 536, 573, 589, 596, 598, 601, 605, 617, 620, 624, 646, 653, 658, 660, 662, 668, 689, 694, 702, 724, 725, 745, 760, 775, 793, 829, 838, 839, 877, 901, 903, 905, 910, 923]","[1, 13, 14, 29, 54, 55, 56, 57, 58, 60, 102, 118, 125, 127, 130, 134, 146, 149, 153, 175, 182, 187, 189, 191, 197, 225, 230, 238, 264, 265, 266, 286, 301, 302, 308, 317, 336, 354, 379, 388, 389, 425, 454, 458, 463, 475, 476, 487, 498, 499, 512, 530, 531, 532, 533, 534, 536, 573, 589, 596, 598, 601, 605, 617, 620, 624, 646, 653, 658, 660, 662, 668, 689, 694, 702, 724, 725, 745, 760, 766, 775, 793, 809, 829, 838, 839, 877, 901, 903, 905, 910, 923, 924, 925]","[1, 13, 14, 29, 54, 55, 56, 57, 58, 60, 102, 103, 104, 105, 106, 107, 108, 109, 110, 111, 112, 113, 114, 115, 116, 117, 118, 119, 120, 121, 122, 123, 124, 125, 126, 127, 128, 129, 130, 131, 132, 133, 134, 135, 136, 137, 138, 139, 140, 141, 142, 143, 144, 145, 146, 147, 148, 149, 150, 151, 152, 153, 154, 155, 156, 157, 158, 159, 160, 161, 162, 163, 164, 165, 166, 167, 168, 169, 170, 171, 172, 173, 174, 175, 176, 177, 178, 179, 180, 181, 182, 183, 184, 185, 186, 187, 188, 189, 190, 191, 192, 193, 194, 195, 196, 197, 198, 199, 200, 201, 202, 203, 204, 205, 206, 207, 208, 209, 210, 211, 212, 213, 214, 215, 216, 217, 218, 219, 220, 221, 222, 223, 224, 225, 226, 227, 228, 229, 230, 231, 232, 233, 234, 235, 236, 237, 238, 239, 240, 241, 242, 243, 244, 245, 246, 247, 248, 249, 250, 251, 252, 253, 254, 255, 256, 257, 258, 259, 260, 261, 262, 263, 264, 265, 266, 267, 268, 269, 270, 271, 272, 273, 274, 275, 276, 277, 278, 279, 280, 281, 282, 283, 284, 285, 286, 287, 288, 289, 290, 291, 292, 293, 294, 295, 296, 297, 298, 299, 300, 301, 302, 303, 304, 305, 306, 307, 308, 309, 310, 311, 312, 313, 314, 315, 316, 317, 318, 319, 320, 321, 322, 323, 324, 325, 326, 327, 328, 329, 330, 331, 332, 333, 334, 335, 336, 337, 354, 379, 388, 389, 425, 454, 458, 463, 475, 476, 487, 498, 499, 512, 530, 531, 532, 533, 534, 536, 573, 574, 575, 576, 577, 578, 579, 580, 581, 582, 583, 584, 585, 586, 587, 588, 589, 590, 591, 592, 593, 594, 595, 596, 597, 598, 599, 600, 601, 602, 603, 604, 605, 606, 607, 608, 609, 610, 611, 612, 613, 614, 615, 616, 617, 618, 619, 620, 621, 622, 623, 624, 625, 626, 627, 628, 629, 630, 631, 632, 633, 634, 635, 636, 637, 638, 639, 640, 641, 642, 643, 644, 645, 646, 647, 648, 649, 650, 651, 652, 653, 654, 655, 656, 657, 658, 659, 660, 661, 662, 663, 664, 665, 666, 667, 668, 669, 670, 671, 672, 673, 674, 675, 676, 677, 678, 679, 680, 681, 682, 683, 684, 685, 686, 687, 688, 689, 690, 691, 692, 693, 694, 695, 696, 697, 698, 699, 700, 701, 702, 703, 704, 705, 706, 707, 708, 709, 710, 711, 712, 713, 714, 715, 716, 717, 718, 719, 720, 721, 722, 723, 724, 725, 726, 727, 728, 729, 730, 731, 732, 733, 734, 735, 736, 737, 738, 739, 740, 741, 742, 743, 744, 745, 746, 747, 748, 749, 750, 751, 752, 753, 754, 755, 756, 757, 758, 759, 760, 761, 762, 763, 764, 765, 766, 767, 768, 769, 770, 771, 772, 773, 774, 775, 776, 777, 778, 779, 780, 781, 782, 783, 784, 785, 786, 787, 788, 789, 790, 791, 792, 793, 809, 829, 838, 839, 877, 901, 903, 905, 910, 923, 924, 925]",True,"[308, 766]","[103, 104, 105, 106, 107, 108, 109, 110, 111, 112, 113, 114, 115, 116, 117, 118, 119, 120, 121, 122, 123, 124, 125, 126, 127, 128, 129, 130, 131, 132, 133, 134, 135, 136, 137, 138, 139, 140, 141, 142, 143, 144, 145, 146, 147, 148, 149, 150, 151, 152, 153, 154, 155, 156, 157, 158, 159, 160, 161, 162, 163, 164, 165, 166, 167, 168, 169, 170, 171, 172, 173, 174, 175, 176, 177, 178, 179, 180, 181, 182, 183, 184, 185, 186, 187, 188, 189, 190, 191, 192, 193, 194, 195, 196, 197, 198, 199, 200, 201, 202, 203, 204, 205, 206, 207, 208, 209, 210, 211, 212, 213, 214, 215, 216, 217, 218, 219, 220, 221, 222, 223, 224, 225, 226, 227, 228, 229, 230, 231, 232, 233, 234, 235, 236, 237, 238, 239, 240, 241, 242, 243, 244, 245, 246, 247, 248, 249, 250, 251, 252, 253, 254, 255, 256, 257, 258, 259, 260, 261, 262, 263, 264, 265, 266, 267, 268, 269, 270, 271, 272, 273, 274, 275, 276, 277, 278, 279, 280, 281, 282, 283, 284, 285, 286, 287, 288, 289, 290, 291, 292, 293, 294, 295, 296, 297, 298, 299, 300, 301, 302, 303, 304, 305, 306, 307, 308, 309, 310, 311, 312, 313, 314, 315, 316, 317, 318, 319, 320, 321, 322, 323, 324, 325, 326, 327, 328, 329, 330, 331, 332, 333, 334, 335, 336, 337, 574, 575, 576, 577, 578, 579, 580, 581, 582, 583, 584, 585, 586, 587, 588, 589, 590, 591, 592, 593, 594, 595, 596, 597, 598, 599, 600, 601, 602, 603, 604, 605, 606, 607, 608, 609, 610, 611, 612, 613, 614, 615, 616, 617, 618, 619, 620, 621, 622, 623, 624, 625, 626, 627, 628, 629, 630, 631, 632, 633, 634, 635, 636, 637, 638, 639, 640, 641, 642, 643, 644, 645, 646, 647, 648, 649, 650, 651, 652, 653, 654, 655, 656, 657, 658, 659, 660, 661, 662, 663, 664, 665, 666, 667, 668, 669, 670, 671, 672, 673, 674, 675, 676, 677, 678, 679, 680, 681, 682, 683, 684, 685, 686, 687, 688, 689, 690, 691, 692, 693, 694, 695, 696, 697, 698, 699, 700, 701, 702, 703, 704, 705, 706, 707, 708, 709, 710, 711, 712, 713, 714, 715, 716, 717, 718, 719, 720, 721, 722, 723, 724, 725, 726, 727, 728, 729, 730, 731, 732, 733, 734, 735, 736, 737, 738, 739, 740, 741, 742, 743, 744, 745, 746, 747, 748, 749, 750, 751, 752, 753, 754, 755, 756, 757, 758, 759, 760, 761, 762, 763, 764, 765, 766, 767, 768, 769, 770, 771, 772, 773, 774, 775, 776, 777, 778, 779, 780, 781, 782, 783, 784, 785, 786, 787, 788, 789, 790, 791, 792, 793]","[196, 308, 667, 766]","[308, 766]","[105, 114, 138, 141, 152, 153, 154, 155, 157, 159, 164, 165, 176, 182, 191, 192, 194, 195, 196, 200, 204, 208, 209, 210, 211, 215, 226, 228, 241, 242, 243, 245, 248, 249, 250, 257, 261, 270, 271, 282, 287, 289, 291, 294, 296, 298, 306, 308, 309, 311, 314, 327, 333, 335, 337, 576, 585, 609, 612, 623, 624, 626, 627, 629, 631, 636, 637, 647, 653, 662, 663, 665, 666, 667, 671, 674, 678, 679, 680, 681, 690, 692, 705, 706, 707, 709, 711, 712, 713, 719, 721, 729, 730, 741, 746, 748, 750, 753, 755, 757, 764, 766, 767, 769, 772, 785, 791]","[1, 13, 14, 29, 54, 55, 56, 57, 58, 60, 102, 118, 125, 127, 130, 134, 146, 149, 153, 175, 182, 187, 189, 191, 197, 225, 230, 238, 264, 265, 266, 286, 301, 302, 308, 317, 336, 354, 379, 388, 389, 425, 454, 458, 463, 475, 476, 487, 498, 499, 512, 530, 531, 532, 533, 534, 536, 573, 589, 596, 598, 601, 605, 617, 620, 624, 646, 653, 658, 660, 662, 668, 689, 694, 702, 724, 725, 745, 760, 766, 775, 793, 809, 829, 838, 839, 877, 901, 903, 905, 910, 923, 924, 925]","[1, 13, 14, 29, 54, 55, 56, 57, 58, 60, 102, 118, 125, 127, 130, 134, 146, 149, 153, 175, 182, 187, 189, 191, 197, 225, 230, 238, 264, 265, 266, 286, 302, 317, 336, 379, 388, 389, 425, 454, 458, 463, 475, 487, 498, 499, 512, 530, 531, 532, 533, 534, 536, 573, 589, 596, 598, 601, 605, 617, 620, 624, 646, 653, 658, 660, 662, 668, 689, 694, 702, 724, 725, 745, 760, 775, 793, 829, 838, 839, 877, 901, 903, 905, 910, 923]",6/6 successful match,True,"[112, 113]",True,372,False,,1.0,True,TA Redding # 057 ( Shell ),Shell
"Corning , 96021 TravelCenters of America ( Arco )",530-824-4646 I-5 Exit 630 ( South Ave ) TA,HRS 24 24 <U+25A1>,Corning,96021,TravelCenters of America ( Arco ),530-824-4646,2006,Corning,CA,TravelCenters,( South Ave ) TA,I-5 Exit 630 ,Exit,630,False,,False,I-5,,,,,"[306, 764]","[208, 241, 270, 306, 678, 705, 729, 764]","[208, 241, 270, 306, 678, 705, 729, 764]","[208, 241, 306, 678, 705, 764]","[103, 104, 105, 106, 107, 108, 109, 110, 111, 112, 113, 114, 115, 116, 117, 118, 119, 120, 121, 122, 123, 124, 125, 126, 127, 128, 129, 130, 131, 132, 133, 134, 135, 136, 137, 138, 139, 140, 141, 142, 143, 144, 145, 146, 147, 148, 149, 150, 151, 152, 153, 154, 155, 156, 157, 158, 159, 160, 161, 162, 163, 164, 165, 166, 167, 168, 169, 170, 171, 172, 173, 174, 175, 176, 177, 178, 179, 180, 181, 182, 183, 184, 185, 186, 187, 188, 189, 190, 191, 192, 193, 194, 195, 196, 197, 198, 199, 200, 201, 202, 203, 204, 205, 206, 207, 208, 209, 210, 211, 212, 213, 214, 215, 216, 217, 218, 219, 220, 221, 222, 223, 224, 225, 226, 227, 228, 229, 230, 231, 232, 233, 234, 235, 236, 237, 238, 239, 240, 241, 242, 243, 244, 245, 246, 247, 248, 249, 250, 251, 252, 253, 254, 255, 256, 257, 258, 259, 260, 261, 262, 263, 264, 265, 266, 267, 268, 269, 270, 271, 272, 273, 274, 275, 276, 277, 278, 279, 280, 281, 282, 283, 284, 285, 286, 287, 288, 289, 290, 291, 292, 293, 294, 295, 296, 297, 298, 299, 300, 301, 302, 303, 304, 305, 306, 307, 308, 309, 310, 311, 312, 313, 314, 315, 316, 317, 318, 319, 320, 321, 322, 323, 324, 325, 326, 327, 328, 329, 330, 331, 332, 333, 334, 335, 336, 337, 574, 575, 576, 577, 578, 579, 580, 581, 582, 583, 584, 585, 586, 587, 588, 589, 590, 591, 592, 593, 594, 595, 596, 597, 598, 599, 600, 601, 602, 603, 604, 605, 606, 607, 608, 609, 610, 611, 612, 613, 614, 615, 616, 617, 618, 619, 620, 621, 622, 623, 624, 625, 626, 627, 628, 629, 630, 631, 632, 633, 634, 635, 636, 637, 638, 639, 640, 641, 642, 643, 644, 645, 646, 647, 648, 649, 650, 651, 652, 653, 654, 655, 656, 657, 658, 659, 660, 661, 662, 663, 664, 665, 666, 667, 668, 669, 670, 671, 672, 673, 674, 675, 676, 677, 678, 679, 680, 681, 682, 683, 684, 685, 686, 687, 688, 689, 690, 691, 692, 693, 694, 695, 696, 697, 698, 699, 700, 701, 702, 703, 704, 705, 706, 707, 708, 709, 710, 711, 712, 713, 714, 715, 716, 717, 718, 719, 720, 721, 722, 723, 724, 725, 726, 727, 728, 729, 730, 731, 732, 733, 734, 735, 736, 737, 738, 739, 740, 741, 742, 743, 744, 745, 746, 747, 748, 749, 750, 751, 752, 753, 754, 755, 756, 757, 758, 759, 760, 761, 762, 763, 764, 765, 766, 767, 768, 769, 770, 771, 772, 773, 774, 775, 776, 777, 778, 779, 780, 781, 782, 783, 784, 785, 786, 787, 788, 789, 790, 791, 792, 793]","[105, 114, 138, 141, 152, 153, 154, 155, 157, 159, 164, 165, 176, 182, 191, 192, 194, 195, 196, 200, 204, 208, 209, 210, 211, 215, 226, 228, 241, 242, 243, 245, 248, 249, 250, 257, 261, 270, 271, 282, 287, 289, 291, 294, 296, 298, 306, 308, 309, 311, 314, 327, 333, 335, 337, 576, 585, 609, 612, 623, 624, 626, 627, 629, 631, 636, 637, 647, 653, 662, 663, 665, 666, 667, 671, 674, 678, 679, 680, 681, 690, 692, 705, 706, 707, 709, 711, 712, 713, 719, 721, 729, 730, 741, 746, 748, 750, 753, 755, 757, 764, 766, 767, 769, 772, 785, 791]","[98, 476, 481, 569, 924, 925]","[0, 120, 122, 200, 223, 226, 315, 382, 485, 591, 593, 625, 671, 687, 690, 773, 832]","[0, 98, 103, 104, 105, 106, 107, 108, 109, 110, 111, 112, 113, 114, 115, 116, 117, 118, 119, 120, 121, 122, 123, 124, 125, 126, 127, 128, 129, 130, 131, 132, 133, 134, 135, 136, 137, 138, 139, 140, 141, 142, 143, 144, 145, 146, 147, 148, 149, 150, 151, 152, 153, 154, 155, 156, 157, 158, 159, 160, 161, 162, 163, 164, 165, 166, 167, 168, 169, 170, 171, 172, 173, 174, 175, 176, 177, 178, 179, 180, 181, 182, 183, 184, 185, 186, 187, 188, 189, 190, 191, 192, 193, 194, 195, 196, 197, 198, 199, 200, 201, 202, 203, 204, 205, 206, 207, 208, 209, 210, 211, 212, 213, 214, 215, 216, 217, 218, 219, 220, 221, 222, 223, 224, 225, 226, 227, 228, 229, 230, 231, 232, 233, 234, 235, 236, 237, 238, 239, 240, 241, 242, 243, 244, 245, 246, 247, 248, 249, 250, 251, 252, 253, 254, 255, 256, 257, 258, 259, 260, 261, 262, 263, 264, 265, 266, 267, 268, 269, 270, 271, 272, 273, 274, 275, 276, 277, 278, 279, 280, 281, 282, 283, 284, 285, 286, 287, 288, 289, 290, 291, 292, 293, 294, 295, 296, 297, 298, 299, 300, 301, 302, 303, 304, 305, 306, 307, 308, 309, 310, 311, 312, 313, 314, 315, 316, 317, 318, 319, 320, 321, 322, 323, 324, 325, 326, 327, 328, 329, 330, 331, 332, 333, 334, 335, 336, 337, 382, 476, 481, 485, 569, 574, 575, 576, 577, 578, 579, 580, 581, 582, 583, 584, 585, 586, 587, 588, 589, 590, 591, 592, 593, 594, 595, 596, 597, 598, 599, 600, 601, 602, 603, 604, 605, 606, 607, 608, 609, 610, 611, 612, 613, 614, 615, 616, 617, 618, 619, 620, 621, 622, 623, 624, 625, 626, 627, 628, 629, 630, 631, 632, 633, 634, 635, 636, 637, 638, 639, 640, 641, 642, 643, 644, 645, 646, 647, 648, 649, 650, 651, 652, 653, 654, 655, 656, 657, 658, 659, 660, 661, 662, 663, 664, 665, 666, 667, 668, 669, 670, 671, 672, 673, 674, 675, 676, 677, 678, 679, 680, 681, 682, 683, 684, 685, 686, 687, 688, 689, 690, 691, 692, 693, 694, 695, 696, 697, 698, 699, 700, 701, 702, 703, 704, 705, 706, 707, 708, 709, 710, 711, 712, 713, 714, 715, 716, 717, 718, 719, 720, 721, 722, 723, 724, 725, 726, 727, 728, 729, 730, 731, 732, 733, 734, 735, 736, 737, 738, 739, 740, 741, 742, 743, 744, 745, 746, 747, 748, 749, 750, 751, 752, 753, 754, 755, 756, 757, 758, 759, 760, 761, 762, 763, 764, 765, 766, 767, 768, 769, 770, 771, 772, 773, 774, 775, 776, 777, 778, 779, 780, 781, 782, 783, 784, 785, 786, 787, 788, 789, 790, 791, 792, 793, 832, 924, 925]",True,"[208, 241, 270, 306, 678, 705, 729, 764]","[103, 104, 105, 106, 107, 108, 109, 110, 111, 112, 113, 114, 115, 116, 117, 118, 119, 120, 121, 122, 123, 124, 125, 126, 127, 128, 129, 130, 131, 132, 133, 134, 135, 136, 137, 138, 139, 140, 141, 142, 143, 144, 145, 146, 147, 148, 149, 150, 151, 152, 153, 154, 155, 156, 157, 158, 159, 160, 161, 162, 163, 164, 165, 166, 167, 168, 169, 170, 171, 172, 173, 174, 175, 176, 177, 178, 179, 180, 181, 182, 183, 184, 185, 186, 187, 188, 189, 190, 191, 192, 193, 194, 195, 196, 197, 198, 199, 200, 201, 202, 203, 204, 205, 206, 207, 208, 209, 210, 211, 212, 213, 214, 215, 216, 217, 218, 219, 220, 221, 222, 223, 224, 225, 226, 227, 228, 229, 230, 231, 232, 233, 234, 235, 236, 237, 238, 239, 240, 241, 242, 243, 244, 245, 246, 247, 248, 249, 250, 251, 252, 253, 254, 255, 256, 257, 258, 259, 260, 261, 262, 263, 264, 265, 266, 267, 268, 269, 270, 271, 272, 273, 274, 275, 276, 277, 278, 279, 280, 281, 282, 283, 284, 285, 286, 287, 288, 289, 290, 291, 292, 293, 294, 295, 296, 297, 298, 299, 300, 301, 302, 303, 304, 305, 306, 307, 308, 309, 310, 311, 312, 313, 314, 315, 316, 317, 318, 319, 320, 321, 322, 323, 324, 325, 326, 327, 328, 329, 330, 331, 332, 333, 334, 335, 336, 337, 574, 575, 576, 577, 578, 579, 580, 581, 582, 583, 584, 585, 586, 587, 588, 589, 590, 591, 592, 593, 594, 595, 596, 597, 598, 599, 600, 601, 602, 603, 604, 605, 606, 607, 608, 609, 610, 611, 612, 613, 614, 615, 616, 617, 618, 619, 620, 621, 622, 623, 624, 625, 626, 627, 628, 629, 630, 631, 632, 633, 634, 635, 636, 637, 638, 639, 640, 641, 642, 643, 644, 645, 646, 647, 648, 649, 650, 651, 652, 653, 654, 655, 656, 657, 658, 659, 660, 661, 662, 663, 664, 665, 666, 667, 668, 669, 670, 671, 672, 673, 674, 675, 676, 677, 678, 679, 680, 681, 682, 683, 684, 685, 686, 687, 688, 689, 690, 691, 692, 693, 694, 695, 696, 697, 698, 699, 700, 701, 702, 703, 704, 705, 706, 707, 708, 709, 710, 711, 712, 713, 714, 715, 716, 717, 718, 719, 720, 721, 722, 723, 724, 725, 726, 727, 728, 729, 730, 731, 732, 733, 734, 735, 736, 737, 738, 739, 740, 741, 742, 743, 744, 745, 746, 747, 748, 749, 750, 751, 752, 753, 754, 755, 756, 757, 758, 759, 760, 761, 762, 763, 764, 765, 766, 767, 768, 769, 770, 771, 772, 773, 774, 775, 776, 777, 778, 779, 780, 781, 782, 783, 784, 785, 786, 787, 788, 789, 790, 791, 792, 793]","[208, 241, 270, 306, 678, 705, 729, 764]","[208, 241, 306, 678, 705, 764]","[105, 114, 138, 141, 152, 153, 154, 155, 157, 159, 164, 165, 176, 182, 191, 192, 194, 195, 196, 200, 204, 208, 209, 210, 211, 215, 226, 228, 241, 242, 243, 245, 248, 249, 250, 257, 261, 270, 271, 282, 287, 289, 291, 294, 296, 298, 306, 308, 309, 311, 314, 327, 333, 335, 337, 576, 585, 609, 612, 623, 624, 626, 627, 629, 631, 636, 637, 647, 653, 662, 663, 665, 666, 667, 671, 674, 678, 679, 680, 681, 690, 692, 705, 706, 707, 709, 711, 712, 713, 719, 721, 729, 730, 741, 746, 748, 750, 753, 755, 757, 764, 766, 767, 769, 772, 785, 791]","[0, 120, 122, 200, 223, 226, 315, 382, 485, 591, 593, 625, 671, 687, 690, 773, 832]","[98, 476, 481, 569, 924, 925]",5/6 successful match,True,"[486, 487, 488]",True,373,False,,,,,
", 96021 TravelCenters of America ( Arco )",CCorning 2530-824-4646 I-5 Exit 630 ( South Ave ) TA,FRS 24 XL,,96021,TravelCenters of America ( Arco ),530-824-4646,2007,Corning,CA,TravelCenters,( South Ave ) TA,I-5 Exit 630 ,Exit,630,False,,False,I-5,,,,,"[306, 764]","[208, 241, 270, 306, 678, 705, 729, 764]","[208, 241, 270, 306, 678, 705, 729, 764]","[208, 241, 306, 678, 705, 764]","[103, 104, 105, 106, 107, 108, 109, 110, 111, 112, 113, 114, 115, 116, 117, 118, 119, 120, 121, 122, 123, 124, 125, 126, 127, 128, 129, 130, 131, 132, 133, 134, 135, 136, 137, 138, 139, 140, 141, 142, 143, 144, 145, 146, 147, 148, 149, 150, 151, 152, 153, 154, 155, 156, 157, 158, 159, 160, 161, 162, 163, 164, 165, 166, 167, 168, 169, 170, 171, 172, 173, 174, 175, 176, 177, 178, 179, 180, 181, 182, 183, 184, 185, 186, 187, 188, 189, 190, 191, 192, 193, 194, 195, 196, 197, 198, 199, 200, 201, 202, 203, 204, 205, 206, 207, 208, 209, 210, 211, 212, 213, 214, 215, 216, 217, 218, 219, 220, 221, 222, 223, 224, 225, 226, 227, 228, 229, 230, 231, 232, 233, 234, 235, 236, 237, 238, 239, 240, 241, 242, 243, 244, 245, 246, 247, 248, 249, 250, 251, 252, 253, 254, 255, 256, 257, 258, 259, 260, 261, 262, 263, 264, 265, 266, 267, 268, 269, 270, 271, 272, 273, 274, 275, 276, 277, 278, 279, 280, 281, 282, 283, 284, 285, 286, 287, 288, 289, 290, 291, 292, 293, 294, 295, 296, 297, 298, 299, 300, 301, 302, 303, 304, 305, 306, 307, 308, 309, 310, 311, 312, 313, 314, 315, 316, 317, 318, 319, 320, 321, 322, 323, 324, 325, 326, 327, 328, 329, 330, 331, 332, 333, 334, 335, 336, 337, 574, 575, 576, 577, 578, 579, 580, 581, 582, 583, 584, 585, 586, 587, 588, 589, 590, 591, 592, 593, 594, 595, 596, 597, 598, 599, 600, 601, 602, 603, 604, 605, 606, 607, 608, 609, 610, 611, 612, 613, 614, 615, 616, 617, 618, 619, 620, 621, 622, 623, 624, 625, 626, 627, 628, 629, 630, 631, 632, 633, 634, 635, 636, 637, 638, 639, 640, 641, 642, 643, 644, 645, 646, 647, 648, 649, 650, 651, 652, 653, 654, 655, 656, 657, 658, 659, 660, 661, 662, 663, 664, 665, 666, 667, 668, 669, 670, 671, 672, 673, 674, 675, 676, 677, 678, 679, 680, 681, 682, 683, 684, 685, 686, 687, 688, 689, 690, 691, 692, 693, 694, 695, 696, 697, 698, 699, 700, 701, 702, 703, 704, 705, 706, 707, 708, 709, 710, 711, 712, 713, 714, 715, 716, 717, 718, 719, 720, 721, 722, 723, 724, 725, 726, 727, 728, 729, 730, 731, 732, 733, 734, 735, 736, 737, 738, 739, 740, 741, 742, 743, 744, 745, 746, 747, 748, 749, 750, 751, 752, 753, 754, 755, 756, 757, 758, 759, 760, 761, 762, 763, 764, 765, 766, 767, 768, 769, 770, 771, 772, 773, 774, 775, 776, 777, 778, 779, 780, 781, 782, 783, 784, 785, 786, 787, 788, 789, 790, 791, 792, 793]","[105, 114, 138, 141, 152, 153, 154, 155, 157, 159, 164, 165, 176, 182, 191, 192, 194, 195, 196, 200, 204, 208, 209, 210, 211, 215, 226, 228, 241, 242, 243, 245, 248, 249, 250, 257, 261, 270, 271, 282, 287, 289, 291, 294, 296, 298, 306, 308, 309, 311, 314, 327, 333, 335, 337, 576, 585, 609, 612, 623, 624, 626, 627, 629, 631, 636, 637, 647, 653, 662, 663, 665, 666, 667, 671, 674, 678, 679, 680, 681, 690, 692, 705, 706, 707, 709, 711, 712, 713, 719, 721, 729, 730, 741, 746, 748, 750, 753, 755, 757, 764, 766, 767, 769, 772, 785, 791]","[98, 476, 481, 569, 924, 925]","[0, 120, 122, 200, 223, 226, 315, 382, 485, 591, 593, 625, 671, 687, 690, 773, 832]","[0, 98, 103, 104, 105, 106, 107, 108, 109, 110, 111, 112, 113, 114, 115, 116, 117, 118, 119, 120, 121, 122, 123, 124, 125, 126, 127, 128, 129, 130, 131, 132, 133, 134, 135, 136, 137, 138, 139, 140, 141, 142, 143, 144, 145, 146, 147, 148, 149, 150, 151, 152, 153, 154, 155, 156, 157, 158, 159, 160, 161, 162, 163, 164, 165, 166, 167, 168, 169, 170, 171, 172, 173, 174, 175, 176, 177, 178, 179, 180, 181, 182, 183, 184, 185, 186, 187, 188, 189, 190, 191, 192, 193, 194, 195, 196, 197, 198, 199, 200, 201, 202, 203, 204, 205, 206, 207, 208, 209, 210, 211, 212, 213, 214, 215, 216, 217, 218, 219, 220, 221, 222, 223, 224, 225, 226, 227, 228, 229, 230, 231, 232, 233, 234, 235, 236, 237, 238, 239, 240, 241, 242, 243, 244, 245, 246, 247, 248, 249, 250, 251, 252, 253, 254, 255, 256, 257, 258, 259, 260, 261, 262, 263, 264, 265, 266, 267, 268, 269, 270, 271, 272, 273, 274, 275, 276, 277, 278, 279, 280, 281, 282, 283, 284, 285, 286, 287, 288, 289, 290, 291, 292, 293, 294, 295, 296, 297, 298, 299, 300, 301, 302, 303, 304, 305, 306, 307, 308, 309, 310, 311, 312, 313, 314, 315, 316, 317, 318, 319, 320, 321, 322, 323, 324, 325, 326, 327, 328, 329, 330, 331, 332, 333, 334, 335, 336, 337, 382, 476, 481, 485, 569, 574, 575, 576, 577, 578, 579, 580, 581, 582, 583, 584, 585, 586, 587, 588, 589, 590, 591, 592, 593, 594, 595, 596, 597, 598, 599, 600, 601, 602, 603, 604, 605, 606, 607, 608, 609, 610, 611, 612, 613, 614, 615, 616, 617, 618, 619, 620, 621, 622, 623, 624, 625, 626, 627, 628, 629, 630, 631, 632, 633, 634, 635, 636, 637, 638, 639, 640, 641, 642, 643, 644, 645, 646, 647, 648, 649, 650, 651, 652, 653, 654, 655, 656, 657, 658, 659, 660, 661, 662, 663, 664, 665, 666, 667, 668, 669, 670, 671, 672, 673, 674, 675, 676, 677, 678, 679, 680, 681, 682, 683, 684, 685, 686, 687, 688, 689, 690, 691, 692, 693, 694, 695, 696, 697, 698, 699, 700, 701, 702, 703, 704, 705, 706, 707, 708, 709, 710, 711, 712, 713, 714, 715, 716, 717, 718, 719, 720, 721, 722, 723, 724, 725, 726, 727, 728, 729, 730, 731, 732, 733, 734, 735, 736, 737, 738, 739, 740, 741, 742, 743, 744, 745, 746, 747, 748, 749, 750, 751, 752, 753, 754, 755, 756, 757, 758, 759, 760, 761, 762, 763, 764, 765, 766, 767, 768, 769, 770, 771, 772, 773, 774, 775, 776, 777, 778, 779, 780, 781, 782, 783, 784, 785, 786, 787, 788, 789, 790, 791, 792, 793, 832, 924, 925]",True,"[208, 241, 270, 306, 678, 705, 729, 764]","[103, 104, 105, 106, 107, 108, 109, 110, 111, 112, 113, 114, 115, 116, 117, 118, 119, 120, 121, 122, 123, 124, 125, 126, 127, 128, 129, 130, 131, 132, 133, 134, 135, 136, 137, 138, 139, 140, 141, 142, 143, 144, 145, 146, 147, 148, 149, 150, 151, 152, 153, 154, 155, 156, 157, 158, 159, 160, 161, 162, 163, 164, 165, 166, 167, 168, 169, 170, 171, 172, 173, 174, 175, 176, 177, 178, 179, 180, 181, 182, 183, 184, 185, 186, 187, 188, 189, 190, 191, 192, 193, 194, 195, 196, 197, 198, 199, 200, 201, 202, 203, 204, 205, 206, 207, 208, 209, 210, 211, 212, 213, 214, 215, 216, 217, 218, 219, 220, 221, 222, 223, 224, 225, 226, 227, 228, 229, 230, 231, 232, 233, 234, 235, 236, 237, 238, 239, 240, 241, 242, 243, 244, 245, 246, 247, 248, 249, 250, 251, 252, 253, 254, 255, 256, 257, 258, 259, 260, 261, 262, 263, 264, 265, 266, 267, 268, 269, 270, 271, 272, 273, 274, 275, 276, 277, 278, 279, 280, 281, 282, 283, 284, 285, 286, 287, 288, 289, 290, 291, 292, 293, 294, 295, 296, 297, 298, 299, 300, 301, 302, 303, 304, 305, 306, 307, 308, 309, 310, 311, 312, 313, 314, 315, 316, 317, 318, 319, 320, 321, 322, 323, 324, 325, 326, 327, 328, 329, 330, 331, 332, 333, 334, 335, 336, 337, 574, 575, 576, 577, 578, 579, 580, 581, 582, 583, 584, 585, 586, 587, 588, 589, 590, 591, 592, 593, 594, 595, 596, 597, 598, 599, 600, 601, 602, 603, 604, 605, 606, 607, 608, 609, 610, 611, 612, 613, 614, 615, 616, 617, 618, 619, 620, 621, 622, 623, 624, 625, 626, 627, 628, 629, 630, 631, 632, 633, 634, 635, 636, 637, 638, 639, 640, 641, 642, 643, 644, 645, 646, 647, 648, 649, 650, 651, 652, 653, 654, 655, 656, 657, 658, 659, 660, 661, 662, 663, 664, 665, 666, 667, 668, 669, 670, 671, 672, 673, 674, 675, 676, 677, 678, 679, 680, 681, 682, 683, 684, 685, 686, 687, 688, 689, 690, 691, 692, 693, 694, 695, 696, 697, 698, 699, 700, 701, 702, 703, 704, 705, 706, 707, 708, 709, 710, 711, 712, 713, 714, 715, 716, 717, 718, 719, 720, 721, 722, 723, 724, 725, 726, 727, 728, 729, 730, 731, 732, 733, 734, 735, 736, 737, 738, 739, 740, 741, 742, 743, 744, 745, 746, 747, 748, 749, 750, 751, 752, 753, 754, 755, 756, 757, 758, 759, 760, 761, 762, 763, 764, 765, 766, 767, 768, 769, 770, 771, 772, 773, 774, 775, 776, 777, 778, 779, 780, 781, 782, 783, 784, 785, 786, 787, 788, 789, 790, 791, 792, 793]","[208, 241, 270, 306, 678, 705, 729, 764]","[208, 241, 306, 678, 705, 764]","[105, 114, 138, 141, 152, 153, 154, 155, 157, 159, 164, 165, 176, 182, 191, 192, 194, 195, 196, 200, 204, 208, 209, 210, 211, 215, 226, 228, 241, 242, 243, 245, 248, 249, 250, 257, 261, 270, 271, 282, 287, 289, 291, 294, 296, 298, 306, 308, 309, 311, 314, 327, 333, 335, 337, 576, 585, 609, 612, 623, 624, 626, 627, 629, 631, 636, 637, 647, 653, 662, 663, 665, 666, 667, 671, 674, 678, 679, 680, 681, 690, 692, 705, 706, 707, 709, 711, 712, 713, 719, 721, 729, 730, 741, 746, 748, 750, 753, 755, 757, 764, 766, 767, 769, 772, 785, 791]","[0, 120, 122, 200, 223, 226, 315, 382, 485, 591, 593, 625, 671, 687, 690, 773, 832]","[98, 476, 481, 569, 924, 925]",5/6 successful match,True,"[486, 487, 488]",True,373,False,,1.0,True,TravelCenters of America ( Arco ),TravelCenters
"Corning , 96021 TravelCenters of America ( Arco )",2 530-824-4646 I-5 Exit 630 ( South Ave ),24 HRS XL <U+2610> 24 HRS,Corning,96021,TravelCenters of America ( Arco ),530-824-4646,2008,Corning,CA,TravelCenters,( South Ave ),I-5 Exit 630 ,Exit,630,False,,False,I-5,,,,,"[306, 764]","[208, 241, 270, 306, 678, 705, 729, 764]","[208, 241, 270, 306, 678, 705, 729, 764]","[208, 241, 306, 678, 705, 764]","[103, 104, 105, 106, 107, 108, 109, 110, 111, 112, 113, 114, 115, 116, 117, 118, 119, 120, 121, 122, 123, 124, 125, 126, 127, 128, 129, 130, 131, 132, 133, 134, 135, 136, 137, 138, 139, 140, 141, 142, 143, 144, 145, 146, 147, 148, 149, 150, 151, 152, 153, 154, 155, 156, 157, 158, 159, 160, 161, 162, 163, 164, 165, 166, 167, 168, 169, 170, 171, 172, 173, 174, 175, 176, 177, 178, 179, 180, 181, 182, 183, 184, 185, 186, 187, 188, 189, 190, 191, 192, 193, 194, 195, 196, 197, 198, 199, 200, 201, 202, 203, 204, 205, 206, 207, 208, 209, 210, 211, 212, 213, 214, 215, 216, 217, 218, 219, 220, 221, 222, 223, 224, 225, 226, 227, 228, 229, 230, 231, 232, 233, 234, 235, 236, 237, 238, 239, 240, 241, 242, 243, 244, 245, 246, 247, 248, 249, 250, 251, 252, 253, 254, 255, 256, 257, 258, 259, 260, 261, 262, 263, 264, 265, 266, 267, 268, 269, 270, 271, 272, 273, 274, 275, 276, 277, 278, 279, 280, 281, 282, 283, 284, 285, 286, 287, 288, 289, 290, 291, 292, 293, 294, 295, 296, 297, 298, 299, 300, 301, 302, 303, 304, 305, 306, 307, 308, 309, 310, 311, 312, 313, 314, 315, 316, 317, 318, 319, 320, 321, 322, 323, 324, 325, 326, 327, 328, 329, 330, 331, 332, 333, 334, 335, 336, 337, 574, 575, 576, 577, 578, 579, 580, 581, 582, 583, 584, 585, 586, 587, 588, 589, 590, 591, 592, 593, 594, 595, 596, 597, 598, 599, 600, 601, 602, 603, 604, 605, 606, 607, 608, 609, 610, 611, 612, 613, 614, 615, 616, 617, 618, 619, 620, 621, 622, 623, 624, 625, 626, 627, 628, 629, 630, 631, 632, 633, 634, 635, 636, 637, 638, 639, 640, 641, 642, 643, 644, 645, 646, 647, 648, 649, 650, 651, 652, 653, 654, 655, 656, 657, 658, 659, 660, 661, 662, 663, 664, 665, 666, 667, 668, 669, 670, 671, 672, 673, 674, 675, 676, 677, 678, 679, 680, 681, 682, 683, 684, 685, 686, 687, 688, 689, 690, 691, 692, 693, 694, 695, 696, 697, 698, 699, 700, 701, 702, 703, 704, 705, 706, 707, 708, 709, 710, 711, 712, 713, 714, 715, 716, 717, 718, 719, 720, 721, 722, 723, 724, 725, 726, 727, 728, 729, 730, 731, 732, 733, 734, 735, 736, 737, 738, 739, 740, 741, 742, 743, 744, 745, 746, 747, 748, 749, 750, 751, 752, 753, 754, 755, 756, 757, 758, 759, 760, 761, 762, 763, 764, 765, 766, 767, 768, 769, 770, 771, 772, 773, 774, 775, 776, 777, 778, 779, 780, 781, 782, 783, 784, 785, 786, 787, 788, 789, 790, 791, 792, 793]","[105, 114, 138, 141, 152, 153, 154, 155, 157, 159, 164, 165, 176, 182, 191, 192, 194, 195, 196, 200, 204, 208, 209, 210, 211, 215, 226, 228, 241, 242, 243, 245, 248, 249, 250, 257, 261, 270, 271, 282, 287, 289, 291, 294, 296, 298, 306, 308, 309, 311, 314, 327, 333, 335, 337, 576, 585, 609, 612, 623, 624, 626, 627, 629, 631, 636, 637, 647, 653, 662, 663, 665, 666, 667, 671, 674, 678, 679, 680, 681, 690, 692, 705, 706, 707, 709, 711, 712, 713, 719, 721, 729, 730, 741, 746, 748, 750, 753, 755, 757, 764, 766, 767, 769, 772, 785, 791]","[98, 476, 481, 569, 924, 925]","[0, 120, 122, 200, 223, 226, 315, 382, 485, 591, 593, 625, 671, 687, 690, 773, 832]","[0, 98, 103, 104, 105, 106, 107, 108, 109, 110, 111, 112, 113, 114, 115, 116, 117, 118, 119, 120, 121, 122, 123, 124, 125, 126, 127, 128, 129, 130, 131, 132, 133, 134, 135, 136, 137, 138, 139, 140, 141, 142, 143, 144, 145, 146, 147, 148, 149, 150, 151, 152, 153, 154, 155, 156, 157, 158, 159, 160, 161, 162, 163, 164, 165, 166, 167, 168, 169, 170, 171, 172, 173, 174, 175, 176, 177, 178, 179, 180, 181, 182, 183, 184, 185, 186, 187, 188, 189, 190, 191, 192, 193, 194, 195, 196, 197, 198, 199, 200, 201, 202, 203, 204, 205, 206, 207, 208, 209, 210, 211, 212, 213, 214, 215, 216, 217, 218, 219, 220, 221, 222, 223, 224, 225, 226, 227, 228, 229, 230, 231, 232, 233, 234, 235, 236, 237, 238, 239, 240, 241, 242, 243, 244, 245, 246, 247, 248, 249, 250, 251, 252, 253, 254, 255, 256, 257, 258, 259, 260, 261, 262, 263, 264, 265, 266, 267, 268, 269, 270, 271, 272, 273, 274, 275, 276, 277, 278, 279, 280, 281, 282, 283, 284, 285, 286, 287, 288, 289, 290, 291, 292, 293, 294, 295, 296, 297, 298, 299, 300, 301, 302, 303, 304, 305, 306, 307, 308, 309, 310, 311, 312, 313, 314, 315, 316, 317, 318, 319, 320, 321, 322, 323, 324, 325, 326, 327, 328, 329, 330, 331, 332, 333, 334, 335, 336, 337, 382, 476, 481, 485, 569, 574, 575, 576, 577, 578, 579, 580, 581, 582, 583, 584, 585, 586, 587, 588, 589, 590, 591, 592, 593, 594, 595, 596, 597, 598, 599, 600, 601, 602, 603, 604, 605, 606, 607, 608, 609, 610, 611, 612, 613, 614, 615, 616, 617, 618, 619, 620, 621, 622, 623, 624, 625, 626, 627, 628, 629, 630, 631, 632, 633, 634, 635, 636, 637, 638, 639, 640, 641, 642, 643, 644, 645, 646, 647, 648, 649, 650, 651, 652, 653, 654, 655, 656, 657, 658, 659, 660, 661, 662, 663, 664, 665, 666, 667, 668, 669, 670, 671, 672, 673, 674, 675, 676, 677, 678, 679, 680, 681, 682, 683, 684, 685, 686, 687, 688, 689, 690, 691, 692, 693, 694, 695, 696, 697, 698, 699, 700, 701, 702, 703, 704, 705, 706, 707, 708, 709, 710, 711, 712, 713, 714, 715, 716, 717, 718, 719, 720, 721, 722, 723, 724, 725, 726, 727, 728, 729, 730, 731, 732, 733, 734, 735, 736, 737, 738, 739, 740, 741, 742, 743, 744, 745, 746, 747, 748, 749, 750, 751, 752, 753, 754, 755, 756, 757, 758, 759, 760, 761, 762, 763, 764, 765, 766, 767, 768, 769, 770, 771, 772, 773, 774, 775, 776, 777, 778, 779, 780, 781, 782, 783, 784, 785, 786, 787, 788, 789, 790, 791, 792, 793, 832, 924, 925]",True,"[208, 241, 270, 306, 678, 705, 729, 764]","[103, 104, 105, 106, 107, 108, 109, 110, 111, 112, 113, 114, 115, 116, 117, 118, 119, 120, 121, 122, 123, 124, 125, 126, 127, 128, 129, 130, 131, 132, 133, 134, 135, 136, 137, 138, 139, 140, 141, 142, 143, 144, 145, 146, 147, 148, 149, 150, 151, 152, 153, 154, 155, 156, 157, 158, 159, 160, 161, 162, 163, 164, 165, 166, 167, 168, 169, 170, 171, 172, 173, 174, 175, 176, 177, 178, 179, 180, 181, 182, 183, 184, 185, 186, 187, 188, 189, 190, 191, 192, 193, 194, 195, 196, 197, 198, 199, 200, 201, 202, 203, 204, 205, 206, 207, 208, 209, 210, 211, 212, 213, 214, 215, 216, 217, 218, 219, 220, 221, 222, 223, 224, 225, 226, 227, 228, 229, 230, 231, 232, 233, 234, 235, 236, 237, 238, 239, 240, 241, 242, 243, 244, 245, 246, 247, 248, 249, 250, 251, 252, 253, 254, 255, 256, 257, 258, 259, 260, 261, 262, 263, 264, 265, 266, 267, 268, 269, 270, 271, 272, 273, 274, 275, 276, 277, 278, 279, 280, 281, 282, 283, 284, 285, 286, 287, 288, 289, 290, 291, 292, 293, 294, 295, 296, 297, 298, 299, 300, 301, 302, 303, 304, 305, 306, 307, 308, 309, 310, 311, 312, 313, 314, 315, 316, 317, 318, 319, 320, 321, 322, 323, 324, 325, 326, 327, 328, 329, 330, 331, 332, 333, 334, 335, 336, 337, 574, 575, 576, 577, 578, 579, 580, 581, 582, 583, 584, 585, 586, 587, 588, 589, 590, 591, 592, 593, 594, 595, 596, 597, 598, 599, 600, 601, 602, 603, 604, 605, 606, 607, 608, 609, 610, 611, 612, 613, 614, 615, 616, 617, 618, 619, 620, 621, 622, 623, 624, 625, 626, 627, 628, 629, 630, 631, 632, 633, 634, 635, 636, 637, 638, 639, 640, 641, 642, 643, 644, 645, 646, 647, 648, 649, 650, 651, 652, 653, 654, 655, 656, 657, 658, 659, 660, 661, 662, 663, 664, 665, 666, 667, 668, 669, 670, 671, 672, 673, 674, 675, 676, 677, 678, 679, 680, 681, 682, 683, 684, 685, 686, 687, 688, 689, 690, 691, 692, 693, 694, 695, 696, 697, 698, 699, 700, 701, 702, 703, 704, 705, 706, 707, 708, 709, 710, 711, 712, 713, 714, 715, 716, 717, 718, 719, 720, 721, 722, 723, 724, 725, 726, 727, 728, 729, 730, 731, 732, 733, 734, 735, 736, 737, 738, 739, 740, 741, 742, 743, 744, 745, 746, 747, 748, 749, 750, 751, 752, 753, 754, 755, 756, 757, 758, 759, 760, 761, 762, 763, 764, 765, 766, 767, 768, 769, 770, 771, 772, 773, 774, 775, 776, 777, 778, 779, 780, 781, 782, 783, 784, 785, 786, 787, 788, 789, 790, 791, 792, 793]","[208, 241, 270, 306, 678, 705, 729, 764]","[208, 241, 306, 678, 705, 764]","[105, 114, 138, 141, 152, 153, 154, 155, 157, 159, 164, 165, 176, 182, 191, 192, 194, 195, 196, 200, 204, 208, 209, 210, 211, 215, 226, 228, 241, 242, 243, 245, 248, 249, 250, 257, 261, 270, 271, 282, 287, 289, 291, 294, 296, 298, 306, 308, 309, 311, 314, 327, 333, 335, 337, 576, 585, 609, 612, 623, 624, 626, 627, 629, 631, 636, 637, 647, 653, 662, 663, 665, 666, 667, 671, 674, 678, 679, 680, 681, 690, 692, 705, 706, 707, 709, 711, 712, 713, 719, 721, 729, 730, 741, 746, 748, 750, 753, 755, 757, 764, 766, 767, 769, 772, 785, 791]","[0, 120, 122, 200, 223, 226, 315, 382, 485, 591, 593, 625, 671, 687, 690, 773, 832]","[98, 476, 481, 569, 924, 925]",5/6 successful match,True,"[486, 487, 488]",True,373,False,,1.0,True,TravelCenters of America ( Arco ),TravelCenters
Corning ( 96021 ) TA Corning # 040 ( Shell ),530-824-4646 I-5 Exit 630 ( South Ave ),ZA 24 XL,Corning,96021,TA Corning # 040 ( Shell ),530-824-4646,2014,Corning,CA,Shell,( South Ave ),I-5 Exit 630 ,Exit,630,False,,False,I-5,,,,,"[306, 764]","[208, 241, 270, 306, 678, 705, 729, 764]","[208, 241, 270, 306, 678, 705, 729, 764]","[208, 241, 306, 678, 705, 764]","[103, 104, 105, 106, 107, 108, 109, 110, 111, 112, 113, 114, 115, 116, 117, 118, 119, 120, 121, 122, 123, 124, 125, 126, 127, 128, 129, 130, 131, 132, 133, 134, 135, 136, 137, 138, 139, 140, 141, 142, 143, 144, 145, 146, 147, 148, 149, 150, 151, 152, 153, 154, 155, 156, 157, 158, 159, 160, 161, 162, 163, 164, 165, 166, 167, 168, 169, 170, 171, 172, 173, 174, 175, 176, 177, 178, 179, 180, 181, 182, 183, 184, 185, 186, 187, 188, 189, 190, 191, 192, 193, 194, 195, 196, 197, 198, 199, 200, 201, 202, 203, 204, 205, 206, 207, 208, 209, 210, 211, 212, 213, 214, 215, 216, 217, 218, 219, 220, 221, 222, 223, 224, 225, 226, 227, 228, 229, 230, 231, 232, 233, 234, 235, 236, 237, 238, 239, 240, 241, 242, 243, 244, 245, 246, 247, 248, 249, 250, 251, 252, 253, 254, 255, 256, 257, 258, 259, 260, 261, 262, 263, 264, 265, 266, 267, 268, 269, 270, 271, 272, 273, 274, 275, 276, 277, 278, 279, 280, 281, 282, 283, 284, 285, 286, 287, 288, 289, 290, 291, 292, 293, 294, 295, 296, 297, 298, 299, 300, 301, 302, 303, 304, 305, 306, 307, 308, 309, 310, 311, 312, 313, 314, 315, 316, 317, 318, 319, 320, 321, 322, 323, 324, 325, 326, 327, 328, 329, 330, 331, 332, 333, 334, 335, 336, 337, 574, 575, 576, 577, 578, 579, 580, 581, 582, 583, 584, 585, 586, 587, 588, 589, 590, 591, 592, 593, 594, 595, 596, 597, 598, 599, 600, 601, 602, 603, 604, 605, 606, 607, 608, 609, 610, 611, 612, 613, 614, 615, 616, 617, 618, 619, 620, 621, 622, 623, 624, 625, 626, 627, 628, 629, 630, 631, 632, 633, 634, 635, 636, 637, 638, 639, 640, 641, 642, 643, 644, 645, 646, 647, 648, 649, 650, 651, 652, 653, 654, 655, 656, 657, 658, 659, 660, 661, 662, 663, 664, 665, 666, 667, 668, 669, 670, 671, 672, 673, 674, 675, 676, 677, 678, 679, 680, 681, 682, 683, 684, 685, 686, 687, 688, 689, 690, 691, 692, 693, 694, 695, 696, 697, 698, 699, 700, 701, 702, 703, 704, 705, 706, 707, 708, 709, 710, 711, 712, 713, 714, 715, 716, 717, 718, 719, 720, 721, 722, 723, 724, 725, 726, 727, 728, 729, 730, 731, 732, 733, 734, 735, 736, 737, 738, 739, 740, 741, 742, 743, 744, 745, 746, 747, 748, 749, 750, 751, 752, 753, 754, 755, 756, 757, 758, 759, 760, 761, 762, 763, 764, 765, 766, 767, 768, 769, 770, 771, 772, 773, 774, 775, 776, 777, 778, 779, 780, 781, 782, 783, 784, 785, 786, 787, 788, 789, 790, 791, 792, 793]","[105, 114, 138, 141, 152, 153, 154, 155, 157, 159, 164, 165, 176, 182, 191, 192, 194, 195, 196, 200, 204, 208, 209, 210, 211, 215, 226, 228, 241, 242, 243, 245, 248, 249, 250, 257, 261, 270, 271, 282, 287, 289, 291, 294, 296, 298, 306, 308, 309, 311, 314, 327, 333, 335, 337, 576, 585, 609, 612, 623, 624, 626, 627, 629, 631, 636, 637, 647, 653, 662, 663, 665, 666, 667, 671, 674, 678, 679, 680, 681, 690, 692, 705, 706, 707, 709, 711, 712, 713, 719, 721, 729, 730, 741, 746, 748, 750, 753, 755, 757, 764, 766, 767, 769, 772, 785, 791]","[1, 13, 14, 29, 54, 55, 56, 57, 58, 60, 102, 118, 125, 127, 130, 134, 146, 149, 153, 175, 182, 187, 189, 191, 197, 225, 230, 238, 264, 265, 266, 286, 302, 317, 336, 379, 388, 389, 425, 454, 458, 463, 475, 487, 498, 499, 512, 530, 531, 532, 533, 534, 536, 573, 589, 596, 598, 601, 605, 617, 620, 624, 646, 653, 658, 660, 662, 668, 689, 694, 702, 724, 725, 745, 760, 775, 793, 829, 838, 839, 877, 901, 903, 905, 910, 923]","[1, 13, 14, 29, 54, 55, 56, 57, 58, 60, 102, 118, 125, 127, 130, 134, 146, 149, 153, 175, 182, 187, 189, 191, 197, 225, 230, 238, 264, 265, 266, 286, 301, 302, 306, 317, 336, 354, 379, 388, 389, 425, 454, 458, 463, 475, 476, 487, 498, 499, 512, 530, 531, 532, 533, 534, 536, 573, 589, 596, 598, 601, 605, 617, 620, 624, 646, 653, 658, 660, 662, 668, 689, 694, 702, 724, 725, 745, 760, 764, 775, 793, 809, 829, 838, 839, 877, 901, 903, 905, 910, 923, 924, 925]","[1, 13, 14, 29, 54, 55, 56, 57, 58, 60, 102, 103, 104, 105, 106, 107, 108, 109, 110, 111, 112, 113, 114, 115, 116, 117, 118, 119, 120, 121, 122, 123, 124, 125, 126, 127, 128, 129, 130, 131, 132, 133, 134, 135, 136, 137, 138, 139, 140, 141, 142, 143, 144, 145, 146, 147, 148, 149, 150, 151, 152, 153, 154, 155, 156, 157, 158, 159, 160, 161, 162, 163, 164, 165, 166, 167, 168, 169, 170, 171, 172, 173, 174, 175, 176, 177, 178, 179, 180, 181, 182, 183, 184, 185, 186, 187, 188, 189, 190, 191, 192, 193, 194, 195, 196, 197, 198, 199, 200, 201, 202, 203, 204, 205, 206, 207, 208, 209, 210, 211, 212, 213, 214, 215, 216, 217, 218, 219, 220, 221, 222, 223, 224, 225, 226, 227, 228, 229, 230, 231, 232, 233, 234, 235, 236, 237, 238, 239, 240, 241, 242, 243, 244, 245, 246, 247, 248, 249, 250, 251, 252, 253, 254, 255, 256, 257, 258, 259, 260, 261, 262, 263, 264, 265, 266, 267, 268, 269, 270, 271, 272, 273, 274, 275, 276, 277, 278, 279, 280, 281, 282, 283, 284, 285, 286, 287, 288, 289, 290, 291, 292, 293, 294, 295, 296, 297, 298, 299, 300, 301, 302, 303, 304, 305, 306, 307, 308, 309, 310, 311, 312, 313, 314, 315, 316, 317, 318, 319, 320, 321, 322, 323, 324, 325, 326, 327, 328, 329, 330, 331, 332, 333, 334, 335, 336, 337, 354, 379, 388, 389, 425, 454, 458, 463, 475, 476, 487, 498, 499, 512, 530, 531, 532, 533, 534, 536, 573, 574, 575, 576, 577, 578, 579, 580, 581, 582, 583, 584, 585, 586, 587, 588, 589, 590, 591, 592, 593, 594, 595, 596, 597, 598, 599, 600, 601, 602, 603, 604, 605, 606, 607, 608, 609, 610, 611, 612, 613, 614, 615, 616, 617, 618, 619, 620, 621, 622, 623, 624, 625, 626, 627, 628, 629, 630, 631, 632, 633, 634, 635, 636, 637, 638, 639, 640, 641, 642, 643, 644, 645, 646, 647, 648, 649, 650, 651, 652, 653, 654, 655, 656, 657, 658, 659, 660, 661, 662, 663, 664, 665, 666, 667, 668, 669, 670, 671, 672, 673, 674, 675, 676, 677, 678, 679, 680, 681, 682, 683, 684, 685, 686, 687, 688, 689, 690, 691, 692, 693, 694, 695, 696, 697, 698, 699, 700, 701, 702, 703, 704, 705, 706, 707, 708, 709, 710, 711, 712, 713, 714, 715, 716, 717, 718, 719, 720, 721, 722, 723, 724, 725, 726, 727, 728, 729, 730, 731, 732, 733, 734, 735, 736, 737, 738, 739, 740, 741, 742, 743, 744, 745, 746, 747, 748, 749, 750, 751, 752, 753, 754, 755, 756, 757, 758, 759, 760, 761, 762, 763, 764, 765, 766, 767, 768, 769, 770, 771, 772, 773, 774, 775, 776, 777, 778, 779, 780, 781, 782, 783, 784, 785, 786, 787, 788, 789, 790, 791, 792, 793, 809, 829, 838, 839, 877, 901, 903, 905, 910, 923, 924, 925]",True,"[208, 241, 270, 306, 678, 705, 729, 764]","[103, 104, 105, 106, 107, 108, 109, 110, 111, 112, 113, 114, 115, 116, 117, 118, 119, 120, 121, 122, 123, 124, 125, 126, 127, 128, 129, 130, 131, 132, 133, 134, 135, 136, 137, 138, 139, 140, 141, 142, 143, 144, 145, 146, 147, 148, 149, 150, 151, 152, 153, 154, 155, 156, 157, 158, 159, 160, 161, 162, 163, 164, 165, 166, 167, 168, 169, 170, 171, 172, 173, 174, 175, 176, 177, 178, 179, 180, 181, 182, 183, 184, 185, 186, 187, 188, 189, 190, 191, 192, 193, 194, 195, 196, 197, 198, 199, 200, 201, 202, 203, 204, 205, 206, 207, 208, 209, 210, 211, 212, 213, 214, 215, 216, 217, 218, 219, 220, 221, 222, 223, 224, 225, 226, 227, 228, 229, 230, 231, 232, 233, 234, 235, 236, 237, 238, 239, 240, 241, 242, 243, 244, 245, 246, 247, 248, 249, 250, 251, 252, 253, 254, 255, 256, 257, 258, 259, 260, 261, 262, 263, 264, 265, 266, 267, 268, 269, 270, 271, 272, 273, 274, 275, 276, 277, 278, 279, 280, 281, 282, 283, 284, 285, 286, 287, 288, 289, 290, 291, 292, 293, 294, 295, 296, 297, 298, 299, 300, 301, 302, 303, 304, 305, 306, 307, 308, 309, 310, 311, 312, 313, 314, 315, 316, 317, 318, 319, 320, 321, 322, 323, 324, 325, 326, 327, 328, 329, 330, 331, 332, 333, 334, 335, 336, 337, 574, 575, 576, 577, 578, 579, 580, 581, 582, 583, 584, 585, 586, 587, 588, 589, 590, 591, 592, 593, 594, 595, 596, 597, 598, 599, 600, 601, 602, 603, 604, 605, 606, 607, 608, 609, 610, 611, 612, 613, 614, 615, 616, 617, 618, 619, 620, 621, 622, 623, 624, 625, 626, 627, 628, 629, 630, 631, 632, 633, 634, 635, 636, 637, 638, 639, 640, 641, 642, 643, 644, 645, 646, 647, 648, 649, 650, 651, 652, 653, 654, 655, 656, 657, 658, 659, 660, 661, 662, 663, 664, 665, 666, 667, 668, 669, 670, 671, 672, 673, 674, 675, 676, 677, 678, 679, 680, 681, 682, 683, 684, 685, 686, 687, 688, 689, 690, 691, 692, 693, 694, 695, 696, 697, 698, 699, 700, 701, 702, 703, 704, 705, 706, 707, 708, 709, 710, 711, 712, 713, 714, 715, 716, 717, 718, 719, 720, 721, 722, 723, 724, 725, 726, 727, 728, 729, 730, 731, 732, 733, 734, 735, 736, 737, 738, 739, 740, 741, 742, 743, 744, 745, 746, 747, 748, 749, 750, 751, 752, 753, 754, 755, 756, 757, 758, 759, 760, 761, 762, 763, 764, 765, 766, 767, 768, 769, 770, 771, 772, 773, 774, 775, 776, 777, 778, 779, 780, 781, 782, 783, 784, 785, 786, 787, 788, 789, 790, 791, 792, 793]","[208, 241, 270, 306, 678, 705, 729, 764]","[208, 241, 306, 678, 705, 764]","[105, 114, 138, 141, 152, 153, 154, 155, 157, 159, 164, 165, 176, 182, 191, 192, 194, 195, 196, 200, 204, 208, 209, 210, 211, 215, 226, 228, 241, 242, 243, 245, 248, 249, 250, 257, 261, 270, 271, 282, 287, 289, 291, 294, 296, 298, 306, 308, 309, 311, 314, 327, 333, 335, 337, 576, 585, 609, 612, 623, 624, 626, 627, 629, 631, 636, 637, 647, 653, 662, 663, 665, 666, 667, 671, 674, 678, 679, 680, 681, 690, 692, 705, 706, 707, 709, 711, 712, 713, 719, 721, 729, 730, 741, 746, 748, 750, 753, 755, 757, 764, 766, 767, 769, 772, 785, 791]","[1, 13, 14, 29, 54, 55, 56, 57, 58, 60, 102, 118, 125, 127, 130, 134, 146, 149, 153, 175, 182, 187, 189, 191, 197, 225, 230, 238, 264, 265, 266, 286, 301, 302, 306, 317, 336, 354, 379, 388, 389, 425, 454, 458, 463, 475, 476, 487, 498, 499, 512, 530, 531, 532, 533, 534, 536, 573, 589, 596, 598, 601, 605, 617, 620, 624, 646, 653, 658, 660, 662, 668, 689, 694, 702, 724, 725, 745, 760, 764, 775, 793, 809, 829, 838, 839, 877, 901, 903, 905, 910, 923, 924, 925]","[1, 13, 14, 29, 54, 55, 56, 57, 58, 60, 102, 118, 125, 127, 130, 134, 146, 149, 153, 175, 182, 187, 189, 191, 197, 225, 230, 238, 264, 265, 266, 286, 302, 317, 336, 379, 388, 389, 425, 454, 458, 463, 475, 487, 498, 499, 512, 530, 531, 532, 533, 534, 536, 573, 589, 596, 598, 601, 605, 617, 620, 624, 646, 653, 658, 660, 662, 668, 689, 694, 702, 724, 725, 745, 760, 775, 793, 829, 838, 839, 877, 901, 903, 905, 910, 923]",6/6 successful match,True,"[486, 487, 488]",True,373,True,2014,0.15254237288135594,False,TravelCenters of America ( Arco ),TravelCenters
Corning ( 96021 ) TA Corning # 040 ( Shell ),2 530-824-4646 I-5 Exit 630 ( South Ave ) TA,TA 24 XLO,Corning,96021,TA Corning # 040 ( Shell ),530-824-4646,2015,Corning,CA,Shell,( South Ave ) TA,I-5 Exit 630 ,Exit,630,False,,False,I-5,,,,,"[306, 764]","[208, 241, 270, 306, 678, 705, 729, 764]","[208, 241, 270, 306, 678, 705, 729, 764]","[208, 241, 306, 678, 705, 764]","[103, 104, 105, 106, 107, 108, 109, 110, 111, 112, 113, 114, 115, 116, 117, 118, 119, 120, 121, 122, 123, 124, 125, 126, 127, 128, 129, 130, 131, 132, 133, 134, 135, 136, 137, 138, 139, 140, 141, 142, 143, 144, 145, 146, 147, 148, 149, 150, 151, 152, 153, 154, 155, 156, 157, 158, 159, 160, 161, 162, 163, 164, 165, 166, 167, 168, 169, 170, 171, 172, 173, 174, 175, 176, 177, 178, 179, 180, 181, 182, 183, 184, 185, 186, 187, 188, 189, 190, 191, 192, 193, 194, 195, 196, 197, 198, 199, 200, 201, 202, 203, 204, 205, 206, 207, 208, 209, 210, 211, 212, 213, 214, 215, 216, 217, 218, 219, 220, 221, 222, 223, 224, 225, 226, 227, 228, 229, 230, 231, 232, 233, 234, 235, 236, 237, 238, 239, 240, 241, 242, 243, 244, 245, 246, 247, 248, 249, 250, 251, 252, 253, 254, 255, 256, 257, 258, 259, 260, 261, 262, 263, 264, 265, 266, 267, 268, 269, 270, 271, 272, 273, 274, 275, 276, 277, 278, 279, 280, 281, 282, 283, 284, 285, 286, 287, 288, 289, 290, 291, 292, 293, 294, 295, 296, 297, 298, 299, 300, 301, 302, 303, 304, 305, 306, 307, 308, 309, 310, 311, 312, 313, 314, 315, 316, 317, 318, 319, 320, 321, 322, 323, 324, 325, 326, 327, 328, 329, 330, 331, 332, 333, 334, 335, 336, 337, 574, 575, 576, 577, 578, 579, 580, 581, 582, 583, 584, 585, 586, 587, 588, 589, 590, 591, 592, 593, 594, 595, 596, 597, 598, 599, 600, 601, 602, 603, 604, 605, 606, 607, 608, 609, 610, 611, 612, 613, 614, 615, 616, 617, 618, 619, 620, 621, 622, 623, 624, 625, 626, 627, 628, 629, 630, 631, 632, 633, 634, 635, 636, 637, 638, 639, 640, 641, 642, 643, 644, 645, 646, 647, 648, 649, 650, 651, 652, 653, 654, 655, 656, 657, 658, 659, 660, 661, 662, 663, 664, 665, 666, 667, 668, 669, 670, 671, 672, 673, 674, 675, 676, 677, 678, 679, 680, 681, 682, 683, 684, 685, 686, 687, 688, 689, 690, 691, 692, 693, 694, 695, 696, 697, 698, 699, 700, 701, 702, 703, 704, 705, 706, 707, 708, 709, 710, 711, 712, 713, 714, 715, 716, 717, 718, 719, 720, 721, 722, 723, 724, 725, 726, 727, 728, 729, 730, 731, 732, 733, 734, 735, 736, 737, 738, 739, 740, 741, 742, 743, 744, 745, 746, 747, 748, 749, 750, 751, 752, 753, 754, 755, 756, 757, 758, 759, 760, 761, 762, 763, 764, 765, 766, 767, 768, 769, 770, 771, 772, 773, 774, 775, 776, 777, 778, 779, 780, 781, 782, 783, 784, 785, 786, 787, 788, 789, 790, 791, 792, 793]","[105, 114, 138, 141, 152, 153, 154, 155, 157, 159, 164, 165, 176, 182, 191, 192, 194, 195, 196, 200, 204, 208, 209, 210, 211, 215, 226, 228, 241, 242, 243, 245, 248, 249, 250, 257, 261, 270, 271, 282, 287, 289, 291, 294, 296, 298, 306, 308, 309, 311, 314, 327, 333, 335, 337, 576, 585, 609, 612, 623, 624, 626, 627, 629, 631, 636, 637, 647, 653, 662, 663, 665, 666, 667, 671, 674, 678, 679, 680, 681, 690, 692, 705, 706, 707, 709, 711, 712, 713, 719, 721, 729, 730, 741, 746, 748, 750, 753, 755, 757, 764, 766, 767, 769, 772, 785, 791]","[1, 13, 14, 29, 54, 55, 56, 57, 58, 60, 102, 118, 125, 127, 130, 134, 146, 149, 153, 175, 182, 187, 189, 191, 197, 225, 230, 238, 264, 265, 266, 286, 302, 317, 336, 379, 388, 389, 425, 454, 458, 463, 475, 487, 498, 499, 512, 530, 531, 532, 533, 534, 536, 573, 589, 596, 598, 601, 605, 617, 620, 624, 646, 653, 658, 660, 662, 668, 689, 694, 702, 724, 725, 745, 760, 775, 793, 829, 838, 839, 877, 901, 903, 905, 910, 923]","[1, 13, 14, 29, 54, 55, 56, 57, 58, 60, 102, 118, 125, 127, 130, 134, 146, 149, 153, 175, 182, 187, 189, 191, 197, 225, 230, 238, 264, 265, 266, 286, 301, 302, 306, 317, 336, 354, 379, 388, 389, 425, 454, 458, 463, 475, 476, 487, 498, 499, 512, 530, 531, 532, 533, 534, 536, 573, 589, 596, 598, 601, 605, 617, 620, 624, 646, 653, 658, 660, 662, 668, 689, 694, 702, 724, 725, 745, 760, 764, 775, 793, 809, 829, 838, 839, 877, 901, 903, 905, 910, 923, 924, 925]","[1, 13, 14, 29, 54, 55, 56, 57, 58, 60, 102, 103, 104, 105, 106, 107, 108, 109, 110, 111, 112, 113, 114, 115, 116, 117, 118, 119, 120, 121, 122, 123, 124, 125, 126, 127, 128, 129, 130, 131, 132, 133, 134, 135, 136, 137, 138, 139, 140, 141, 142, 143, 144, 145, 146, 147, 148, 149, 150, 151, 152, 153, 154, 155, 156, 157, 158, 159, 160, 161, 162, 163, 164, 165, 166, 167, 168, 169, 170, 171, 172, 173, 174, 175, 176, 177, 178, 179, 180, 181, 182, 183, 184, 185, 186, 187, 188, 189, 190, 191, 192, 193, 194, 195, 196, 197, 198, 199, 200, 201, 202, 203, 204, 205, 206, 207, 208, 209, 210, 211, 212, 213, 214, 215, 216, 217, 218, 219, 220, 221, 222, 223, 224, 225, 226, 227, 228, 229, 230, 231, 232, 233, 234, 235, 236, 237, 238, 239, 240, 241, 242, 243, 244, 245, 246, 247, 248, 249, 250, 251, 252, 253, 254, 255, 256, 257, 258, 259, 260, 261, 262, 263, 264, 265, 266, 267, 268, 269, 270, 271, 272, 273, 274, 275, 276, 277, 278, 279, 280, 281, 282, 283, 284, 285, 286, 287, 288, 289, 290, 291, 292, 293, 294, 295, 296, 297, 298, 299, 300, 301, 302, 303, 304, 305, 306, 307, 308, 309, 310, 311, 312, 313, 314, 315, 316, 317, 318, 319, 320, 321, 322, 323, 324, 325, 326, 327, 328, 329, 330, 331, 332, 333, 334, 335, 336, 337, 354, 379, 388, 389, 425, 454, 458, 463, 475, 476, 487, 498, 499, 512, 530, 531, 532, 533, 534, 536, 573, 574, 575, 576, 577, 578, 579, 580, 581, 582, 583, 584, 585, 586, 587, 588, 589, 590, 591, 592, 593, 594, 595, 596, 597, 598, 599, 600, 601, 602, 603, 604, 605, 606, 607, 608, 609, 610, 611, 612, 613, 614, 615, 616, 617, 618, 619, 620, 621, 622, 623, 624, 625, 626, 627, 628, 629, 630, 631, 632, 633, 634, 635, 636, 637, 638, 639, 640, 641, 642, 643, 644, 645, 646, 647, 648, 649, 650, 651, 652, 653, 654, 655, 656, 657, 658, 659, 660, 661, 662, 663, 664, 665, 666, 667, 668, 669, 670, 671, 672, 673, 674, 675, 676, 677, 678, 679, 680, 681, 682, 683, 684, 685, 686, 687, 688, 689, 690, 691, 692, 693, 694, 695, 696, 697, 698, 699, 700, 701, 702, 703, 704, 705, 706, 707, 708, 709, 710, 711, 712, 713, 714, 715, 716, 717, 718, 719, 720, 721, 722, 723, 724, 725, 726, 727, 728, 729, 730, 731, 732, 733, 734, 735, 736, 737, 738, 739, 740, 741, 742, 743, 744, 745, 746, 747, 748, 749, 750, 751, 752, 753, 754, 755, 756, 757, 758, 759, 760, 761, 762, 763, 764, 765, 766, 767, 768, 769, 770, 771, 772, 773, 774, 775, 776, 777, 778, 779, 780, 781, 782, 783, 784, 785, 786, 787, 788, 789, 790, 791, 792, 793, 809, 829, 838, 839, 877, 901, 903, 905, 910, 923, 924, 925]",True,"[208, 241, 270, 306, 678, 705, 729, 764]","[103, 104, 105, 106, 107, 108, 109, 110, 111, 112, 113, 114, 115, 116, 117, 118, 119, 120, 121, 122, 123, 124, 125, 126, 127, 128, 129, 130, 131, 132, 133, 134, 135, 136, 137, 138, 139, 140, 141, 142, 143, 144, 145, 146, 147, 148, 149, 150, 151, 152, 153, 154, 155, 156, 157, 158, 159, 160, 161, 162, 163, 164, 165, 166, 167, 168, 169, 170, 171, 172, 173, 174, 175, 176, 177, 178, 179, 180, 181, 182, 183, 184, 185, 186, 187, 188, 189, 190, 191, 192, 193, 194, 195, 196, 197, 198, 199, 200, 201, 202, 203, 204, 205, 206, 207, 208, 209, 210, 211, 212, 213, 214, 215, 216, 217, 218, 219, 220, 221, 222, 223, 224, 225, 226, 227, 228, 229, 230, 231, 232, 233, 234, 235, 236, 237, 238, 239, 240, 241, 242, 243, 244, 245, 246, 247, 248, 249, 250, 251, 252, 253, 254, 255, 256, 257, 258, 259, 260, 261, 262, 263, 264, 265, 266, 267, 268, 269, 270, 271, 272, 273, 274, 275, 276, 277, 278, 279, 280, 281, 282, 283, 284, 285, 286, 287, 288, 289, 290, 291, 292, 293, 294, 295, 296, 297, 298, 299, 300, 301, 302, 303, 304, 305, 306, 307, 308, 309, 310, 311, 312, 313, 314, 315, 316, 317, 318, 319, 320, 321, 322, 323, 324, 325, 326, 327, 328, 329, 330, 331, 332, 333, 334, 335, 336, 337, 574, 575, 576, 577, 578, 579, 580, 581, 582, 583, 584, 585, 586, 587, 588, 589, 590, 591, 592, 593, 594, 595, 596, 597, 598, 599, 600, 601, 602, 603, 604, 605, 606, 607, 608, 609, 610, 611, 612, 613, 614, 615, 616, 617, 618, 619, 620, 621, 622, 623, 624, 625, 626, 627, 628, 629, 630, 631, 632, 633, 634, 635, 636, 637, 638, 639, 640, 641, 642, 643, 644, 645, 646, 647, 648, 649, 650, 651, 652, 653, 654, 655, 656, 657, 658, 659, 660, 661, 662, 663, 664, 665, 666, 667, 668, 669, 670, 671, 672, 673, 674, 675, 676, 677, 678, 679, 680, 681, 682, 683, 684, 685, 686, 687, 688, 689, 690, 691, 692, 693, 694, 695, 696, 697, 698, 699, 700, 701, 702, 703, 704, 705, 706, 707, 708, 709, 710, 711, 712, 713, 714, 715, 716, 717, 718, 719, 720, 721, 722, 723, 724, 725, 726, 727, 728, 729, 730, 731, 732, 733, 734, 735, 736, 737, 738, 739, 740, 741, 742, 743, 744, 745, 746, 747, 748, 749, 750, 751, 752, 753, 754, 755, 756, 757, 758, 759, 760, 761, 762, 763, 764, 765, 766, 767, 768, 769, 770, 771, 772, 773, 774, 775, 776, 777, 778, 779, 780, 781, 782, 783, 784, 785, 786, 787, 788, 789, 790, 791, 792, 793]","[208, 241, 270, 306, 678, 705, 729, 764]","[208, 241, 306, 678, 705, 764]","[105, 114, 138, 141, 152, 153, 154, 155, 157, 159, 164, 165, 176, 182, 191, 192, 194, 195, 196, 200, 204, 208, 209, 210, 211, 215, 226, 228, 241, 242, 243, 245, 248, 249, 250, 257, 261, 270, 271, 282, 287, 289, 291, 294, 296, 298, 306, 308, 309, 311, 314, 327, 333, 335, 337, 576, 585, 609, 612, 623, 624, 626, 627, 629, 631, 636, 637, 647, 653, 662, 663, 665, 666, 667, 671, 674, 678, 679, 680, 681, 690, 692, 705, 706, 707, 709, 711, 712, 713, 719, 721, 729, 730, 741, 746, 748, 750, 753, 755, 757, 764, 766, 767, 769, 772, 785, 791]","[1, 13, 14, 29, 54, 55, 56, 57, 58, 60, 102, 118, 125, 127, 130, 134, 146, 149, 153, 175, 182, 187, 189, 191, 197, 225, 230, 238, 264, 265, 266, 286, 301, 302, 306, 317, 336, 354, 379, 388, 389, 425, 454, 458, 463, 475, 476, 487, 498, 499, 512, 530, 531, 532, 533, 534, 536, 573, 589, 596, 598, 601, 605, 617, 620, 624, 646, 653, 658, 660, 662, 668, 689, 694, 702, 724, 725, 745, 760, 764, 775, 793, 809, 829, 838, 839, 877, 901, 903, 905, 910, 923, 924, 925]","[1, 13, 14, 29, 54, 55, 56, 57, 58, 60, 102, 118, 125, 127, 130, 134, 146, 149, 153, 175, 182, 187, 189, 191, 197, 225, 230, 238, 264, 265, 266, 286, 302, 317, 336, 379, 388, 389, 425, 454, 458, 463, 475, 487, 498, 499, 512, 530, 531, 532, 533, 534, 536, 573, 589, 596, 598, 601, 605, 617, 620, 624, 646, 653, 658, 660, 662, 668, 689, 694, 702, 724, 725, 745, 760, 775, 793, 829, 838, 839, 877, 901, 903, 905, 910, 923]",6/6 successful match,True,"[486, 487, 488]",True,373,False,,1.0,True,TA Corning # 040 ( Shell ),Shell
Corning ( 96021 ) TA Corning # 040 ( Shell ),530-824-4646 I-5 Exit 630 ( South Ave ),24 XL O,Corning,96021,TA Corning # 040 ( Shell ),530-824-4646,2016,Corning,CA,Shell,( South Ave ),I-5 Exit 630 ,Exit,630,False,,False,I-5,,,,,"[306, 764]","[208, 241, 270, 306, 678, 705, 729, 764]","[208, 241, 270, 306, 678, 705, 729, 764]","[208, 241, 306, 678, 705, 764]","[103, 104, 105, 106, 107, 108, 109, 110, 111, 112, 113, 114, 115, 116, 117, 118, 119, 120, 121, 122, 123, 124, 125, 126, 127, 128, 129, 130, 131, 132, 133, 134, 135, 136, 137, 138, 139, 140, 141, 142, 143, 144, 145, 146, 147, 148, 149, 150, 151, 152, 153, 154, 155, 156, 157, 158, 159, 160, 161, 162, 163, 164, 165, 166, 167, 168, 169, 170, 171, 172, 173, 174, 175, 176, 177, 178, 179, 180, 181, 182, 183, 184, 185, 186, 187, 188, 189, 190, 191, 192, 193, 194, 195, 196, 197, 198, 199, 200, 201, 202, 203, 204, 205, 206, 207, 208, 209, 210, 211, 212, 213, 214, 215, 216, 217, 218, 219, 220, 221, 222, 223, 224, 225, 226, 227, 228, 229, 230, 231, 232, 233, 234, 235, 236, 237, 238, 239, 240, 241, 242, 243, 244, 245, 246, 247, 248, 249, 250, 251, 252, 253, 254, 255, 256, 257, 258, 259, 260, 261, 262, 263, 264, 265, 266, 267, 268, 269, 270, 271, 272, 273, 274, 275, 276, 277, 278, 279, 280, 281, 282, 283, 284, 285, 286, 287, 288, 289, 290, 291, 292, 293, 294, 295, 296, 297, 298, 299, 300, 301, 302, 303, 304, 305, 306, 307, 308, 309, 310, 311, 312, 313, 314, 315, 316, 317, 318, 319, 320, 321, 322, 323, 324, 325, 326, 327, 328, 329, 330, 331, 332, 333, 334, 335, 336, 337, 574, 575, 576, 577, 578, 579, 580, 581, 582, 583, 584, 585, 586, 587, 588, 589, 590, 591, 592, 593, 594, 595, 596, 597, 598, 599, 600, 601, 602, 603, 604, 605, 606, 607, 608, 609, 610, 611, 612, 613, 614, 615, 616, 617, 618, 619, 620, 621, 622, 623, 624, 625, 626, 627, 628, 629, 630, 631, 632, 633, 634, 635, 636, 637, 638, 639, 640, 641, 642, 643, 644, 645, 646, 647, 648, 649, 650, 651, 652, 653, 654, 655, 656, 657, 658, 659, 660, 661, 662, 663, 664, 665, 666, 667, 668, 669, 670, 671, 672, 673, 674, 675, 676, 677, 678, 679, 680, 681, 682, 683, 684, 685, 686, 687, 688, 689, 690, 691, 692, 693, 694, 695, 696, 697, 698, 699, 700, 701, 702, 703, 704, 705, 706, 707, 708, 709, 710, 711, 712, 713, 714, 715, 716, 717, 718, 719, 720, 721, 722, 723, 724, 725, 726, 727, 728, 729, 730, 731, 732, 733, 734, 735, 736, 737, 738, 739, 740, 741, 742, 743, 744, 745, 746, 747, 748, 749, 750, 751, 752, 753, 754, 755, 756, 757, 758, 759, 760, 761, 762, 763, 764, 765, 766, 767, 768, 769, 770, 771, 772, 773, 774, 775, 776, 777, 778, 779, 780, 781, 782, 783, 784, 785, 786, 787, 788, 789, 790, 791, 792, 793]","[105, 114, 138, 141, 152, 153, 154, 155, 157, 159, 164, 165, 176, 182, 191, 192, 194, 195, 196, 200, 204, 208, 209, 210, 211, 215, 226, 228, 241, 242, 243, 245, 248, 249, 250, 257, 261, 270, 271, 282, 287, 289, 291, 294, 296, 298, 306, 308, 309, 311, 314, 327, 333, 335, 337, 576, 585, 609, 612, 623, 624, 626, 627, 629, 631, 636, 637, 647, 653, 662, 663, 665, 666, 667, 671, 674, 678, 679, 680, 681, 690, 692, 705, 706, 707, 709, 711, 712, 713, 719, 721, 729, 730, 741, 746, 748, 750, 753, 755, 757, 764, 766, 767, 769, 772, 785, 791]","[1, 13, 14, 29, 54, 55, 56, 57, 58, 60, 102, 118, 125, 127, 130, 134, 146, 149, 153, 175, 182, 187, 189, 191, 197, 225, 230, 238, 264, 265, 266, 286, 302, 317, 336, 379, 388, 389, 425, 454, 458, 463, 475, 487, 498, 499, 512, 530, 531, 532, 533, 534, 536, 573, 589, 596, 598, 601, 605, 617, 620, 624, 646, 653, 658, 660, 662, 668, 689, 694, 702, 724, 725, 745, 760, 775, 793, 829, 838, 839, 877, 901, 903, 905, 910, 923]","[1, 13, 14, 29, 54, 55, 56, 57, 58, 60, 102, 118, 125, 127, 130, 134, 146, 149, 153, 175, 182, 187, 189, 191, 197, 225, 230, 238, 264, 265, 266, 286, 301, 302, 306, 317, 336, 354, 379, 388, 389, 425, 454, 458, 463, 475, 476, 487, 498, 499, 512, 530, 531, 532, 533, 534, 536, 573, 589, 596, 598, 601, 605, 617, 620, 624, 646, 653, 658, 660, 662, 668, 689, 694, 702, 724, 725, 745, 760, 764, 775, 793, 809, 829, 838, 839, 877, 901, 903, 905, 910, 923, 924, 925]","[1, 13, 14, 29, 54, 55, 56, 57, 58, 60, 102, 103, 104, 105, 106, 107, 108, 109, 110, 111, 112, 113, 114, 115, 116, 117, 118, 119, 120, 121, 122, 123, 124, 125, 126, 127, 128, 129, 130, 131, 132, 133, 134, 135, 136, 137, 138, 139, 140, 141, 142, 143, 144, 145, 146, 147, 148, 149, 150, 151, 152, 153, 154, 155, 156, 157, 158, 159, 160, 161, 162, 163, 164, 165, 166, 167, 168, 169, 170, 171, 172, 173, 174, 175, 176, 177, 178, 179, 180, 181, 182, 183, 184, 185, 186, 187, 188, 189, 190, 191, 192, 193, 194, 195, 196, 197, 198, 199, 200, 201, 202, 203, 204, 205, 206, 207, 208, 209, 210, 211, 212, 213, 214, 215, 216, 217, 218, 219, 220, 221, 222, 223, 224, 225, 226, 227, 228, 229, 230, 231, 232, 233, 234, 235, 236, 237, 238, 239, 240, 241, 242, 243, 244, 245, 246, 247, 248, 249, 250, 251, 252, 253, 254, 255, 256, 257, 258, 259, 260, 261, 262, 263, 264, 265, 266, 267, 268, 269, 270, 271, 272, 273, 274, 275, 276, 277, 278, 279, 280, 281, 282, 283, 284, 285, 286, 287, 288, 289, 290, 291, 292, 293, 294, 295, 296, 297, 298, 299, 300, 301, 302, 303, 304, 305, 306, 307, 308, 309, 310, 311, 312, 313, 314, 315, 316, 317, 318, 319, 320, 321, 322, 323, 324, 325, 326, 327, 328, 329, 330, 331, 332, 333, 334, 335, 336, 337, 354, 379, 388, 389, 425, 454, 458, 463, 475, 476, 487, 498, 499, 512, 530, 531, 532, 533, 534, 536, 573, 574, 575, 576, 577, 578, 579, 580, 581, 582, 583, 584, 585, 586, 587, 588, 589, 590, 591, 592, 593, 594, 595, 596, 597, 598, 599, 600, 601, 602, 603, 604, 605, 606, 607, 608, 609, 610, 611, 612, 613, 614, 615, 616, 617, 618, 619, 620, 621, 622, 623, 624, 625, 626, 627, 628, 629, 630, 631, 632, 633, 634, 635, 636, 637, 638, 639, 640, 641, 642, 643, 644, 645, 646, 647, 648, 649, 650, 651, 652, 653, 654, 655, 656, 657, 658, 659, 660, 661, 662, 663, 664, 665, 666, 667, 668, 669, 670, 671, 672, 673, 674, 675, 676, 677, 678, 679, 680, 681, 682, 683, 684, 685, 686, 687, 688, 689, 690, 691, 692, 693, 694, 695, 696, 697, 698, 699, 700, 701, 702, 703, 704, 705, 706, 707, 708, 709, 710, 711, 712, 713, 714, 715, 716, 717, 718, 719, 720, 721, 722, 723, 724, 725, 726, 727, 728, 729, 730, 731, 732, 733, 734, 735, 736, 737, 738, 739, 740, 741, 742, 743, 744, 745, 746, 747, 748, 749, 750, 751, 752, 753, 754, 755, 756, 757, 758, 759, 760, 761, 762, 763, 764, 765, 766, 767, 768, 769, 770, 771, 772, 773, 774, 775, 776, 777, 778, 779, 780, 781, 782, 783, 784, 785, 786, 787, 788, 789, 790, 791, 792, 793, 809, 829, 838, 839, 877, 901, 903, 905, 910, 923, 924, 925]",True,"[208, 241, 270, 306, 678, 705, 729, 764]","[103, 104, 105, 106, 107, 108, 109, 110, 111, 112, 113, 114, 115, 116, 117, 118, 119, 120, 121, 122, 123, 124, 125, 126, 127, 128, 129, 130, 131, 132, 133, 134, 135, 136, 137, 138, 139, 140, 141, 142, 143, 144, 145, 146, 147, 148, 149, 150, 151, 152, 153, 154, 155, 156, 157, 158, 159, 160, 161, 162, 163, 164, 165, 166, 167, 168, 169, 170, 171, 172, 173, 174, 175, 176, 177, 178, 179, 180, 181, 182, 183, 184, 185, 186, 187, 188, 189, 190, 191, 192, 193, 194, 195, 196, 197, 198, 199, 200, 201, 202, 203, 204, 205, 206, 207, 208, 209, 210, 211, 212, 213, 214, 215, 216, 217, 218, 219, 220, 221, 222, 223, 224, 225, 226, 227, 228, 229, 230, 231, 232, 233, 234, 235, 236, 237, 238, 239, 240, 241, 242, 243, 244, 245, 246, 247, 248, 249, 250, 251, 252, 253, 254, 255, 256, 257, 258, 259, 260, 261, 262, 263, 264, 265, 266, 267, 268, 269, 270, 271, 272, 273, 274, 275, 276, 277, 278, 279, 280, 281, 282, 283, 284, 285, 286, 287, 288, 289, 290, 291, 292, 293, 294, 295, 296, 297, 298, 299, 300, 301, 302, 303, 304, 305, 306, 307, 308, 309, 310, 311, 312, 313, 314, 315, 316, 317, 318, 319, 320, 321, 322, 323, 324, 325, 326, 327, 328, 329, 330, 331, 332, 333, 334, 335, 336, 337, 574, 575, 576, 577, 578, 579, 580, 581, 582, 583, 584, 585, 586, 587, 588, 589, 590, 591, 592, 593, 594, 595, 596, 597, 598, 599, 600, 601, 602, 603, 604, 605, 606, 607, 608, 609, 610, 611, 612, 613, 614, 615, 616, 617, 618, 619, 620, 621, 622, 623, 624, 625, 626, 627, 628, 629, 630, 631, 632, 633, 634, 635, 636, 637, 638, 639, 640, 641, 642, 643, 644, 645, 646, 647, 648, 649, 650, 651, 652, 653, 654, 655, 656, 657, 658, 659, 660, 661, 662, 663, 664, 665, 666, 667, 668, 669, 670, 671, 672, 673, 674, 675, 676, 677, 678, 679, 680, 681, 682, 683, 684, 685, 686, 687, 688, 689, 690, 691, 692, 693, 694, 695, 696, 697, 698, 699, 700, 701, 702, 703, 704, 705, 706, 707, 708, 709, 710, 711, 712, 713, 714, 715, 716, 717, 718, 719, 720, 721, 722, 723, 724, 725, 726, 727, 728, 729, 730, 731, 732, 733, 734, 735, 736, 737, 738, 739, 740, 741, 742, 743, 744, 745, 746, 747, 748, 749, 750, 751, 752, 753, 754, 755, 756, 757, 758, 759, 760, 761, 762, 763, 764, 765, 766, 767, 768, 769, 770, 771, 772, 773, 774, 775, 776, 777, 778, 779, 780, 781, 782, 783, 784, 785, 786, 787, 788, 789, 790, 791, 792, 793]","[208, 241, 270, 306, 678, 705, 729, 764]","[208, 241, 306, 678, 705, 764]","[105, 114, 138, 141, 152, 153, 154, 155, 157, 159, 164, 165, 176, 182, 191, 192, 194, 195, 196, 200, 204, 208, 209, 210, 211, 215, 226, 228, 241, 242, 243, 245, 248, 249, 250, 257, 261, 270, 271, 282, 287, 289, 291, 294, 296, 298, 306, 308, 309, 311, 314, 327, 333, 335, 337, 576, 585, 609, 612, 623, 624, 626, 627, 629, 631, 636, 637, 647, 653, 662, 663, 665, 666, 667, 671, 674, 678, 679, 680, 681, 690, 692, 705, 706, 707, 709, 711, 712, 713, 719, 721, 729, 730, 741, 746, 748, 750, 753, 755, 757, 764, 766, 767, 769, 772, 785, 791]","[1, 13, 14, 29, 54, 55, 56, 57, 58, 60, 102, 118, 125, 127, 130, 134, 146, 149, 153, 175, 182, 187, 189, 191, 197, 225, 230, 238, 264, 265, 266, 286, 301, 302, 306, 317, 336, 354, 379, 388, 389, 425, 454, 458, 463, 475, 476, 487, 498, 499, 512, 530, 531, 532, 533, 534, 536, 573, 589, 596, 598, 601, 605, 617, 620, 624, 646, 653, 658, 660, 662, 668, 689, 694, 702, 724, 725, 745, 760, 764, 775, 793, 809, 829, 838, 839, 877, 901, 903, 905, 910, 923, 924, 925]","[1, 13, 14, 29, 54, 55, 56, 57, 58, 60, 102, 118, 125, 127, 130, 134, 146, 149, 153, 175, 182, 187, 189, 191, 197, 225, 230, 238, 264, 265, 266, 286, 302, 317, 336, 379, 388, 389, 425, 454, 458, 463, 475, 487, 498, 499, 512, 530, 531, 532, 533, 534, 536, 573, 589, 596, 598, 601, 605, 617, 620, 624, 646, 653, 658, 660, 662, 668, 689, 694, 702, 724, 725, 745, 760, 775, 793, 829, 838, 839, 877, 901, 903, 905, 910, 923]",6/6 successful match,True,"[486, 487, 488]",True,373,False,,1.0,True,TA Corning # 040 ( Shell ),Shell
"Corning , 96021 Petro Stopping Center # 9",530-824-4685 I-5 Exit 630 ( South Ave ),24 D,Corning,96021,Petro Stopping Center # 9,530-824-4685,2006,Corning,CA,,( South Ave ),I-5 Exit 630 ,Exit,630,False,,False,I-5,,,,,"[241, 705]","[208, 241, 270, 306, 678, 705, 729, 764]","[208, 241, 270, 306, 678, 705, 729, 764]","[208, 241, 306, 678, 705, 764]","[103, 104, 105, 106, 107, 108, 109, 110, 111, 112, 113, 114, 115, 116, 117, 118, 119, 120, 121, 122, 123, 124, 125, 126, 127, 128, 129, 130, 131, 132, 133, 134, 135, 136, 137, 138, 139, 140, 141, 142, 143, 144, 145, 146, 147, 148, 149, 150, 151, 152, 153, 154, 155, 156, 157, 158, 159, 160, 161, 162, 163, 164, 165, 166, 167, 168, 169, 170, 171, 172, 173, 174, 175, 176, 177, 178, 179, 180, 181, 182, 183, 184, 185, 186, 187, 188, 189, 190, 191, 192, 193, 194, 195, 196, 197, 198, 199, 200, 201, 202, 203, 204, 205, 206, 207, 208, 209, 210, 211, 212, 213, 214, 215, 216, 217, 218, 219, 220, 221, 222, 223, 224, 225, 226, 227, 228, 229, 230, 231, 232, 233, 234, 235, 236, 237, 238, 239, 240, 241, 242, 243, 244, 245, 246, 247, 248, 249, 250, 251, 252, 253, 254, 255, 256, 257, 258, 259, 260, 261, 262, 263, 264, 265, 266, 267, 268, 269, 270, 271, 272, 273, 274, 275, 276, 277, 278, 279, 280, 281, 282, 283, 284, 285, 286, 287, 288, 289, 290, 291, 292, 293, 294, 295, 296, 297, 298, 299, 300, 301, 302, 303, 304, 305, 306, 307, 308, 309, 310, 311, 312, 313, 314, 315, 316, 317, 318, 319, 320, 321, 322, 323, 324, 325, 326, 327, 328, 329, 330, 331, 332, 333, 334, 335, 336, 337, 574, 575, 576, 577, 578, 579, 580, 581, 582, 583, 584, 585, 586, 587, 588, 589, 590, 591, 592, 593, 594, 595, 596, 597, 598, 599, 600, 601, 602, 603, 604, 605, 606, 607, 608, 609, 610, 611, 612, 613, 614, 615, 616, 617, 618, 619, 620, 621, 622, 623, 624, 625, 626, 627, 628, 629, 630, 631, 632, 633, 634, 635, 636, 637, 638, 639, 640, 641, 642, 643, 644, 645, 646, 647, 648, 649, 650, 651, 652, 653, 654, 655, 656, 657, 658, 659, 660, 661, 662, 663, 664, 665, 666, 667, 668, 669, 670, 671, 672, 673, 674, 675, 676, 677, 678, 679, 680, 681, 682, 683, 684, 685, 686, 687, 688, 689, 690, 691, 692, 693, 694, 695, 696, 697, 698, 699, 700, 701, 702, 703, 704, 705, 706, 707, 708, 709, 710, 711, 712, 713, 714, 715, 716, 717, 718, 719, 720, 721, 722, 723, 724, 725, 726, 727, 728, 729, 730, 731, 732, 733, 734, 735, 736, 737, 738, 739, 740, 741, 742, 743, 744, 745, 746, 747, 748, 749, 750, 751, 752, 753, 754, 755, 756, 757, 758, 759, 760, 761, 762, 763, 764, 765, 766, 767, 768, 769, 770, 771, 772, 773, 774, 775, 776, 777, 778, 779, 780, 781, 782, 783, 784, 785, 786, 787, 788, 789, 790, 791, 792, 793]","[105, 114, 138, 141, 152, 153, 154, 155, 157, 159, 164, 165, 176, 182, 191, 192, 194, 195, 196, 200, 204, 208, 209, 210, 211, 215, 226, 228, 241, 242, 243, 245, 248, 249, 250, 257, 261, 270, 271, 282, 287, 289, 291, 294, 296, 298, 306, 308, 309, 311, 314, 327, 333, 335, 337, 576, 585, 609, 612, 623, 624, 626, 627, 629, 631, 636, 637, 647, 653, 662, 663, 665, 666, 667, 671, 674, 678, 679, 680, 681, 690, 692, 705, 706, 707, 709, 711, 712, 713, 719, 721, 729, 730, 741, 746, 748, 750, 753, 755, 757, 764, 766, 767, 769, 772, 785, 791]",[],"[63, 64, 240, 241, 242, 243, 370, 371, 372, 537, 538, 704, 705, 706, 707, 820, 821, 822]","[63, 64, 103, 104, 105, 106, 107, 108, 109, 110, 111, 112, 113, 114, 115, 116, 117, 118, 119, 120, 121, 122, 123, 124, 125, 126, 127, 128, 129, 130, 131, 132, 133, 134, 135, 136, 137, 138, 139, 140, 141, 142, 143, 144, 145, 146, 147, 148, 149, 150, 151, 152, 153, 154, 155, 156, 157, 158, 159, 160, 161, 162, 163, 164, 165, 166, 167, 168, 169, 170, 171, 172, 173, 174, 175, 176, 177, 178, 179, 180, 181, 182, 183, 184, 185, 186, 187, 188, 189, 190, 191, 192, 193, 194, 195, 196, 197, 198, 199, 200, 201, 202, 203, 204, 205, 206, 207, 208, 209, 210, 211, 212, 213, 214, 215, 216, 217, 218, 219, 220, 221, 222, 223, 224, 225, 226, 227, 228, 229, 230, 231, 232, 233, 234, 235, 236, 237, 238, 239, 240, 241, 242, 243, 244, 245, 246, 247, 248, 249, 250, 251, 252, 253, 254, 255, 256, 257, 258, 259, 260, 261, 262, 263, 264, 265, 266, 267, 268, 269, 270, 271, 272, 273, 274, 275, 276, 277, 278, 279, 280, 281, 282, 283, 284, 285, 286, 287, 288, 289, 290, 291, 292, 293, 294, 295, 296, 297, 298, 299, 300, 301, 302, 303, 304, 305, 306, 307, 308, 309, 310, 311, 312, 313, 314, 315, 316, 317, 318, 319, 320, 321, 322, 323, 324, 325, 326, 327, 328, 329, 330, 331, 332, 333, 334, 335, 336, 337, 370, 371, 372, 537, 538, 574, 575, 576, 577, 578, 579, 580, 581, 582, 583, 584, 585, 586, 587, 588, 589, 590, 591, 592, 593, 594, 595, 596, 597, 598, 599, 600, 601, 602, 603, 604, 605, 606, 607, 608, 609, 610, 611, 612, 613, 614, 615, 616, 617, 618, 619, 620, 621, 622, 623, 624, 625, 626, 627, 628, 629, 630, 631, 632, 633, 634, 635, 636, 637, 638, 639, 640, 641, 642, 643, 644, 645, 646, 647, 648, 649, 650, 651, 652, 653, 654, 655, 656, 657, 658, 659, 660, 661, 662, 663, 664, 665, 666, 667, 668, 669, 670, 671, 672, 673, 674, 675, 676, 677, 678, 679, 680, 681, 682, 683, 684, 685, 686, 687, 688, 689, 690, 691, 692, 693, 694, 695, 696, 697, 698, 699, 700, 701, 702, 703, 704, 705, 706, 707, 708, 709, 710, 711, 712, 713, 714, 715, 716, 717, 718, 719, 720, 721, 722, 723, 724, 725, 726, 727, 728, 729, 730, 731, 732, 733, 734, 735, 736, 737, 738, 739, 740, 741, 742, 743, 744, 745, 746, 747, 748, 749, 750, 751, 752, 753, 754, 755, 756, 757, 758, 759, 760, 761, 762, 763, 764, 765, 766, 767, 768, 769, 770, 771, 772, 773, 774, 775, 776, 777, 778, 779, 780, 781, 782, 783, 784, 785, 786, 787, 788, 789, 790, 791, 792, 793, 820, 821, 822]",True,"[208, 241, 270, 306, 678, 705, 729, 764]","[103, 104, 105, 106, 107, 108, 109, 110, 111, 112, 113, 114, 115, 116, 117, 118, 119, 120, 121, 122, 123, 124, 125, 126, 127, 128, 129, 130, 131, 132, 133, 134, 135, 136, 137, 138, 139, 140, 141, 142, 143, 144, 145, 146, 147, 148, 149, 150, 151, 152, 153, 154, 155, 156, 157, 158, 159, 160, 161, 162, 163, 164, 165, 166, 167, 168, 169, 170, 171, 172, 173, 174, 175, 176, 177, 178, 179, 180, 181, 182, 183, 184, 185, 186, 187, 188, 189, 190, 191, 192, 193, 194, 195, 196, 197, 198, 199, 200, 201, 202, 203, 204, 205, 206, 207, 208, 209, 210, 211, 212, 213, 214, 215, 216, 217, 218, 219, 220, 221, 222, 223, 224, 225, 226, 227, 228, 229, 230, 231, 232, 233, 234, 235, 236, 237, 238, 239, 240, 241, 242, 243, 244, 245, 246, 247, 248, 249, 250, 251, 252, 253, 254, 255, 256, 257, 258, 259, 260, 261, 262, 263, 264, 265, 266, 267, 268, 269, 270, 271, 272, 273, 274, 275, 276, 277, 278, 279, 280, 281, 282, 283, 284, 285, 286, 287, 288, 289, 290, 291, 292, 293, 294, 295, 296, 297, 298, 299, 300, 301, 302, 303, 304, 305, 306, 307, 308, 309, 310, 311, 312, 313, 314, 315, 316, 317, 318, 319, 320, 321, 322, 323, 324, 325, 326, 327, 328, 329, 330, 331, 332, 333, 334, 335, 336, 337, 574, 575, 576, 577, 578, 579, 580, 581, 582, 583, 584, 585, 586, 587, 588, 589, 590, 591, 592, 593, 594, 595, 596, 597, 598, 599, 600, 601, 602, 603, 604, 605, 606, 607, 608, 609, 610, 611, 612, 613, 614, 615, 616, 617, 618, 619, 620, 621, 622, 623, 624, 625, 626, 627, 628, 629, 630, 631, 632, 633, 634, 635, 636, 637, 638, 639, 640, 641, 642, 643, 644, 645, 646, 647, 648, 649, 650, 651, 652, 653, 654, 655, 656, 657, 658, 659, 660, 661, 662, 663, 664, 665, 666, 667, 668, 669, 670, 671, 672, 673, 674, 675, 676, 677, 678, 679, 680, 681, 682, 683, 684, 685, 686, 687, 688, 689, 690, 691, 692, 693, 694, 695, 696, 697, 698, 699, 700, 701, 702, 703, 704, 705, 706, 707, 708, 709, 710, 711, 712, 713, 714, 715, 716, 717, 718, 719, 720, 721, 722, 723, 724, 725, 726, 727, 728, 729, 730, 731, 732, 733, 734, 735, 736, 737, 738, 739, 740, 741, 742, 743, 744, 745, 746, 747, 748, 749, 750, 751, 752, 753, 754, 755, 756, 757, 758, 759, 760, 761, 762, 763, 764, 765, 766, 767, 768, 769, 770, 771, 772, 773, 774, 775, 776, 777, 778, 779, 780, 781, 782, 783, 784, 785, 786, 787, 788, 789, 790, 791, 792, 793]","[208, 241, 270, 306, 678, 705, 729, 764]","[208, 241, 306, 678, 705, 764]","[105, 114, 138, 141, 152, 153, 154, 155, 157, 159, 164, 165, 176, 182, 191, 192, 194, 195, 196, 200, 204, 208, 209, 210, 211, 215, 226, 228, 241, 242, 243, 245, 248, 249, 250, 257, 261, 270, 271, 282, 287, 289, 291, 294, 296, 298, 306, 308, 309, 311, 314, 327, 333, 335, 337, 576, 585, 609, 612, 623, 624, 626, 627, 629, 631, 636, 637, 647, 653, 662, 663, 665, 666, 667, 671, 674, 678, 679, 680, 681, 690, 692, 705, 706, 707, 709, 711, 712, 713, 719, 721, 729, 730, 741, 746, 748, 750, 753, 755, 757, 764, 766, 767, 769, 772, 785, 791]","[63, 64, 240, 241, 242, 243, 370, 371, 372, 537, 538, 704, 705, 706, 707, 820, 821, 822]",[],7/6 successful match,True,[246],True,374,False,,,,,
", 96021 Petro Stopping Center # 9",CCorning 2530-824-4685 I-5 Exit 630 ( South Ave ) PETRO,24 L <U+2610> <U+2610>,,96021,Petro Stopping Center # 9,530-824-4685,2007,Corning,CA,,( South Ave ) PETRO,I-5 Exit 630 ,Exit,630,False,,False,I-5,,,,,"[241, 705]","[208, 241, 270, 306, 678, 705, 729, 764]","[208, 241, 270, 306, 678, 705, 729, 764]","[208, 241, 306, 678, 705, 764]","[103, 104, 105, 106, 107, 108, 109, 110, 111, 112, 113, 114, 115, 116, 117, 118, 119, 120, 121, 122, 123, 124, 125, 126, 127, 128, 129, 130, 131, 132, 133, 134, 135, 136, 137, 138, 139, 140, 141, 142, 143, 144, 145, 146, 147, 148, 149, 150, 151, 152, 153, 154, 155, 156, 157, 158, 159, 160, 161, 162, 163, 164, 165, 166, 167, 168, 169, 170, 171, 172, 173, 174, 175, 176, 177, 178, 179, 180, 181, 182, 183, 184, 185, 186, 187, 188, 189, 190, 191, 192, 193, 194, 195, 196, 197, 198, 199, 200, 201, 202, 203, 204, 205, 206, 207, 208, 209, 210, 211, 212, 213, 214, 215, 216, 217, 218, 219, 220, 221, 222, 223, 224, 225, 226, 227, 228, 229, 230, 231, 232, 233, 234, 235, 236, 237, 238, 239, 240, 241, 242, 243, 244, 245, 246, 247, 248, 249, 250, 251, 252, 253, 254, 255, 256, 257, 258, 259, 260, 261, 262, 263, 264, 265, 266, 267, 268, 269, 270, 271, 272, 273, 274, 275, 276, 277, 278, 279, 280, 281, 282, 283, 284, 285, 286, 287, 288, 289, 290, 291, 292, 293, 294, 295, 296, 297, 298, 299, 300, 301, 302, 303, 304, 305, 306, 307, 308, 309, 310, 311, 312, 313, 314, 315, 316, 317, 318, 319, 320, 321, 322, 323, 324, 325, 326, 327, 328, 329, 330, 331, 332, 333, 334, 335, 336, 337, 574, 575, 576, 577, 578, 579, 580, 581, 582, 583, 584, 585, 586, 587, 588, 589, 590, 591, 592, 593, 594, 595, 596, 597, 598, 599, 600, 601, 602, 603, 604, 605, 606, 607, 608, 609, 610, 611, 612, 613, 614, 615, 616, 617, 618, 619, 620, 621, 622, 623, 624, 625, 626, 627, 628, 629, 630, 631, 632, 633, 634, 635, 636, 637, 638, 639, 640, 641, 642, 643, 644, 645, 646, 647, 648, 649, 650, 651, 652, 653, 654, 655, 656, 657, 658, 659, 660, 661, 662, 663, 664, 665, 666, 667, 668, 669, 670, 671, 672, 673, 674, 675, 676, 677, 678, 679, 680, 681, 682, 683, 684, 685, 686, 687, 688, 689, 690, 691, 692, 693, 694, 695, 696, 697, 698, 699, 700, 701, 702, 703, 704, 705, 706, 707, 708, 709, 710, 711, 712, 713, 714, 715, 716, 717, 718, 719, 720, 721, 722, 723, 724, 725, 726, 727, 728, 729, 730, 731, 732, 733, 734, 735, 736, 737, 738, 739, 740, 741, 742, 743, 744, 745, 746, 747, 748, 749, 750, 751, 752, 753, 754, 755, 756, 757, 758, 759, 760, 761, 762, 763, 764, 765, 766, 767, 768, 769, 770, 771, 772, 773, 774, 775, 776, 777, 778, 779, 780, 781, 782, 783, 784, 785, 786, 787, 788, 789, 790, 791, 792, 793]","[105, 114, 138, 141, 152, 153, 154, 155, 157, 159, 164, 165, 176, 182, 191, 192, 194, 195, 196, 200, 204, 208, 209, 210, 211, 215, 226, 228, 241, 242, 243, 245, 248, 249, 250, 257, 261, 270, 271, 282, 287, 289, 291, 294, 296, 298, 306, 308, 309, 311, 314, 327, 333, 335, 337, 576, 585, 609, 612, 623, 624, 626, 627, 629, 631, 636, 637, 647, 653, 662, 663, 665, 666, 667, 671, 674, 678, 679, 680, 681, 690, 692, 705, 706, 707, 709, 711, 712, 713, 719, 721, 729, 730, 741, 746, 748, 750, 753, 755, 757, 764, 766, 767, 769, 772, 785, 791]",[],"[63, 64, 240, 241, 242, 243, 370, 371, 372, 537, 538, 704, 705, 706, 707, 820, 821, 822]","[63, 64, 103, 104, 105, 106, 107, 108, 109, 110, 111, 112, 113, 114, 115, 116, 117, 118, 119, 120, 121, 122, 123, 124, 125, 126, 127, 128, 129, 130, 131, 132, 133, 134, 135, 136, 137, 138, 139, 140, 141, 142, 143, 144, 145, 146, 147, 148, 149, 150, 151, 152, 153, 154, 155, 156, 157, 158, 159, 160, 161, 162, 163, 164, 165, 166, 167, 168, 169, 170, 171, 172, 173, 174, 175, 176, 177, 178, 179, 180, 181, 182, 183, 184, 185, 186, 187, 188, 189, 190, 191, 192, 193, 194, 195, 196, 197, 198, 199, 200, 201, 202, 203, 204, 205, 206, 207, 208, 209, 210, 211, 212, 213, 214, 215, 216, 217, 218, 219, 220, 221, 222, 223, 224, 225, 226, 227, 228, 229, 230, 231, 232, 233, 234, 235, 236, 237, 238, 239, 240, 241, 242, 243, 244, 245, 246, 247, 248, 249, 250, 251, 252, 253, 254, 255, 256, 257, 258, 259, 260, 261, 262, 263, 264, 265, 266, 267, 268, 269, 270, 271, 272, 273, 274, 275, 276, 277, 278, 279, 280, 281, 282, 283, 284, 285, 286, 287, 288, 289, 290, 291, 292, 293, 294, 295, 296, 297, 298, 299, 300, 301, 302, 303, 304, 305, 306, 307, 308, 309, 310, 311, 312, 313, 314, 315, 316, 317, 318, 319, 320, 321, 322, 323, 324, 325, 326, 327, 328, 329, 330, 331, 332, 333, 334, 335, 336, 337, 370, 371, 372, 537, 538, 574, 575, 576, 577, 578, 579, 580, 581, 582, 583, 584, 585, 586, 587, 588, 589, 590, 591, 592, 593, 594, 595, 596, 597, 598, 599, 600, 601, 602, 603, 604, 605, 606, 607, 608, 609, 610, 611, 612, 613, 614, 615, 616, 617, 618, 619, 620, 621, 622, 623, 624, 625, 626, 627, 628, 629, 630, 631, 632, 633, 634, 635, 636, 637, 638, 639, 640, 641, 642, 643, 644, 645, 646, 647, 648, 649, 650, 651, 652, 653, 654, 655, 656, 657, 658, 659, 660, 661, 662, 663, 664, 665, 666, 667, 668, 669, 670, 671, 672, 673, 674, 675, 676, 677, 678, 679, 680, 681, 682, 683, 684, 685, 686, 687, 688, 689, 690, 691, 692, 693, 694, 695, 696, 697, 698, 699, 700, 701, 702, 703, 704, 705, 706, 707, 708, 709, 710, 711, 712, 713, 714, 715, 716, 717, 718, 719, 720, 721, 722, 723, 724, 725, 726, 727, 728, 729, 730, 731, 732, 733, 734, 735, 736, 737, 738, 739, 740, 741, 742, 743, 744, 745, 746, 747, 748, 749, 750, 751, 752, 753, 754, 755, 756, 757, 758, 759, 760, 761, 762, 763, 764, 765, 766, 767, 768, 769, 770, 771, 772, 773, 774, 775, 776, 777, 778, 779, 780, 781, 782, 783, 784, 785, 786, 787, 788, 789, 790, 791, 792, 793, 820, 821, 822]",True,"[208, 241, 270, 306, 678, 705, 729, 764]","[103, 104, 105, 106, 107, 108, 109, 110, 111, 112, 113, 114, 115, 116, 117, 118, 119, 120, 121, 122, 123, 124, 125, 126, 127, 128, 129, 130, 131, 132, 133, 134, 135, 136, 137, 138, 139, 140, 141, 142, 143, 144, 145, 146, 147, 148, 149, 150, 151, 152, 153, 154, 155, 156, 157, 158, 159, 160, 161, 162, 163, 164, 165, 166, 167, 168, 169, 170, 171, 172, 173, 174, 175, 176, 177, 178, 179, 180, 181, 182, 183, 184, 185, 186, 187, 188, 189, 190, 191, 192, 193, 194, 195, 196, 197, 198, 199, 200, 201, 202, 203, 204, 205, 206, 207, 208, 209, 210, 211, 212, 213, 214, 215, 216, 217, 218, 219, 220, 221, 222, 223, 224, 225, 226, 227, 228, 229, 230, 231, 232, 233, 234, 235, 236, 237, 238, 239, 240, 241, 242, 243, 244, 245, 246, 247, 248, 249, 250, 251, 252, 253, 254, 255, 256, 257, 258, 259, 260, 261, 262, 263, 264, 265, 266, 267, 268, 269, 270, 271, 272, 273, 274, 275, 276, 277, 278, 279, 280, 281, 282, 283, 284, 285, 286, 287, 288, 289, 290, 291, 292, 293, 294, 295, 296, 297, 298, 299, 300, 301, 302, 303, 304, 305, 306, 307, 308, 309, 310, 311, 312, 313, 314, 315, 316, 317, 318, 319, 320, 321, 322, 323, 324, 325, 326, 327, 328, 329, 330, 331, 332, 333, 334, 335, 336, 337, 574, 575, 576, 577, 578, 579, 580, 581, 582, 583, 584, 585, 586, 587, 588, 589, 590, 591, 592, 593, 594, 595, 596, 597, 598, 599, 600, 601, 602, 603, 604, 605, 606, 607, 608, 609, 610, 611, 612, 613, 614, 615, 616, 617, 618, 619, 620, 621, 622, 623, 624, 625, 626, 627, 628, 629, 630, 631, 632, 633, 634, 635, 636, 637, 638, 639, 640, 641, 642, 643, 644, 645, 646, 647, 648, 649, 650, 651, 652, 653, 654, 655, 656, 657, 658, 659, 660, 661, 662, 663, 664, 665, 666, 667, 668, 669, 670, 671, 672, 673, 674, 675, 676, 677, 678, 679, 680, 681, 682, 683, 684, 685, 686, 687, 688, 689, 690, 691, 692, 693, 694, 695, 696, 697, 698, 699, 700, 701, 702, 703, 704, 705, 706, 707, 708, 709, 710, 711, 712, 713, 714, 715, 716, 717, 718, 719, 720, 721, 722, 723, 724, 725, 726, 727, 728, 729, 730, 731, 732, 733, 734, 735, 736, 737, 738, 739, 740, 741, 742, 743, 744, 745, 746, 747, 748, 749, 750, 751, 752, 753, 754, 755, 756, 757, 758, 759, 760, 761, 762, 763, 764, 765, 766, 767, 768, 769, 770, 771, 772, 773, 774, 775, 776, 777, 778, 779, 780, 781, 782, 783, 784, 785, 786, 787, 788, 789, 790, 791, 792, 793]","[208, 241, 270, 306, 678, 705, 729, 764]","[208, 241, 306, 678, 705, 764]","[105, 114, 138, 141, 152, 153, 154, 155, 157, 159, 164, 165, 176, 182, 191, 192, 194, 195, 196, 200, 204, 208, 209, 210, 211, 215, 226, 228, 241, 242, 243, 245, 248, 249, 250, 257, 261, 270, 271, 282, 287, 289, 291, 294, 296, 298, 306, 308, 309, 311, 314, 327, 333, 335, 337, 576, 585, 609, 612, 623, 624, 626, 627, 629, 631, 636, 637, 647, 653, 662, 663, 665, 666, 667, 671, 674, 678, 679, 680, 681, 690, 692, 705, 706, 707, 709, 711, 712, 713, 719, 721, 729, 730, 741, 746, 748, 750, 753, 755, 757, 764, 766, 767, 769, 772, 785, 791]","[63, 64, 240, 241, 242, 243, 370, 371, 372, 537, 538, 704, 705, 706, 707, 820, 821, 822]",[],7/6 successful match,True,[246],True,374,False,,1.0,True,Petro Stopping Center # 9,
"Corning , 96021 Petro Stopping Center # 9",530-824-4685 I-5 Exit 630 ( South Ave ) PETRO,24 HRS LON O,Corning,96021,Petro Stopping Center # 9,530-824-4685,2008,Corning,CA,,( South Ave ) PETRO,I-5 Exit 630 ,Exit,630,False,,False,I-5,,,,,"[241, 705]","[208, 241, 270, 306, 678, 705, 729, 764]","[208, 241, 270, 306, 678, 705, 729, 764]","[208, 241, 306, 678, 705, 764]","[103, 104, 105, 106, 107, 108, 109, 110, 111, 112, 113, 114, 115, 116, 117, 118, 119, 120, 121, 122, 123, 124, 125, 126, 127, 128, 129, 130, 131, 132, 133, 134, 135, 136, 137, 138, 139, 140, 141, 142, 143, 144, 145, 146, 147, 148, 149, 150, 151, 152, 153, 154, 155, 156, 157, 158, 159, 160, 161, 162, 163, 164, 165, 166, 167, 168, 169, 170, 171, 172, 173, 174, 175, 176, 177, 178, 179, 180, 181, 182, 183, 184, 185, 186, 187, 188, 189, 190, 191, 192, 193, 194, 195, 196, 197, 198, 199, 200, 201, 202, 203, 204, 205, 206, 207, 208, 209, 210, 211, 212, 213, 214, 215, 216, 217, 218, 219, 220, 221, 222, 223, 224, 225, 226, 227, 228, 229, 230, 231, 232, 233, 234, 235, 236, 237, 238, 239, 240, 241, 242, 243, 244, 245, 246, 247, 248, 249, 250, 251, 252, 253, 254, 255, 256, 257, 258, 259, 260, 261, 262, 263, 264, 265, 266, 267, 268, 269, 270, 271, 272, 273, 274, 275, 276, 277, 278, 279, 280, 281, 282, 283, 284, 285, 286, 287, 288, 289, 290, 291, 292, 293, 294, 295, 296, 297, 298, 299, 300, 301, 302, 303, 304, 305, 306, 307, 308, 309, 310, 311, 312, 313, 314, 315, 316, 317, 318, 319, 320, 321, 322, 323, 324, 325, 326, 327, 328, 329, 330, 331, 332, 333, 334, 335, 336, 337, 574, 575, 576, 577, 578, 579, 580, 581, 582, 583, 584, 585, 586, 587, 588, 589, 590, 591, 592, 593, 594, 595, 596, 597, 598, 599, 600, 601, 602, 603, 604, 605, 606, 607, 608, 609, 610, 611, 612, 613, 614, 615, 616, 617, 618, 619, 620, 621, 622, 623, 624, 625, 626, 627, 628, 629, 630, 631, 632, 633, 634, 635, 636, 637, 638, 639, 640, 641, 642, 643, 644, 645, 646, 647, 648, 649, 650, 651, 652, 653, 654, 655, 656, 657, 658, 659, 660, 661, 662, 663, 664, 665, 666, 667, 668, 669, 670, 671, 672, 673, 674, 675, 676, 677, 678, 679, 680, 681, 682, 683, 684, 685, 686, 687, 688, 689, 690, 691, 692, 693, 694, 695, 696, 697, 698, 699, 700, 701, 702, 703, 704, 705, 706, 707, 708, 709, 710, 711, 712, 713, 714, 715, 716, 717, 718, 719, 720, 721, 722, 723, 724, 725, 726, 727, 728, 729, 730, 731, 732, 733, 734, 735, 736, 737, 738, 739, 740, 741, 742, 743, 744, 745, 746, 747, 748, 749, 750, 751, 752, 753, 754, 755, 756, 757, 758, 759, 760, 761, 762, 763, 764, 765, 766, 767, 768, 769, 770, 771, 772, 773, 774, 775, 776, 777, 778, 779, 780, 781, 782, 783, 784, 785, 786, 787, 788, 789, 790, 791, 792, 793]","[105, 114, 138, 141, 152, 153, 154, 155, 157, 159, 164, 165, 176, 182, 191, 192, 194, 195, 196, 200, 204, 208, 209, 210, 211, 215, 226, 228, 241, 242, 243, 245, 248, 249, 250, 257, 261, 270, 271, 282, 287, 289, 291, 294, 296, 298, 306, 308, 309, 311, 314, 327, 333, 335, 337, 576, 585, 609, 612, 623, 624, 626, 627, 629, 631, 636, 637, 647, 653, 662, 663, 665, 666, 667, 671, 674, 678, 679, 680, 681, 690, 692, 705, 706, 707, 709, 711, 712, 713, 719, 721, 729, 730, 741, 746, 748, 750, 753, 755, 757, 764, 766, 767, 769, 772, 785, 791]",[],"[63, 64, 240, 241, 242, 243, 370, 371, 372, 537, 538, 704, 705, 706, 707, 820, 821, 822]","[63, 64, 103, 104, 105, 106, 107, 108, 109, 110, 111, 112, 113, 114, 115, 116, 117, 118, 119, 120, 121, 122, 123, 124, 125, 126, 127, 128, 129, 130, 131, 132, 133, 134, 135, 136, 137, 138, 139, 140, 141, 142, 143, 144, 145, 146, 147, 148, 149, 150, 151, 152, 153, 154, 155, 156, 157, 158, 159, 160, 161, 162, 163, 164, 165, 166, 167, 168, 169, 170, 171, 172, 173, 174, 175, 176, 177, 178, 179, 180, 181, 182, 183, 184, 185, 186, 187, 188, 189, 190, 191, 192, 193, 194, 195, 196, 197, 198, 199, 200, 201, 202, 203, 204, 205, 206, 207, 208, 209, 210, 211, 212, 213, 214, 215, 216, 217, 218, 219, 220, 221, 222, 223, 224, 225, 226, 227, 228, 229, 230, 231, 232, 233, 234, 235, 236, 237, 238, 239, 240, 241, 242, 243, 244, 245, 246, 247, 248, 249, 250, 251, 252, 253, 254, 255, 256, 257, 258, 259, 260, 261, 262, 263, 264, 265, 266, 267, 268, 269, 270, 271, 272, 273, 274, 275, 276, 277, 278, 279, 280, 281, 282, 283, 284, 285, 286, 287, 288, 289, 290, 291, 292, 293, 294, 295, 296, 297, 298, 299, 300, 301, 302, 303, 304, 305, 306, 307, 308, 309, 310, 311, 312, 313, 314, 315, 316, 317, 318, 319, 320, 321, 322, 323, 324, 325, 326, 327, 328, 329, 330, 331, 332, 333, 334, 335, 336, 337, 370, 371, 372, 537, 538, 574, 575, 576, 577, 578, 579, 580, 581, 582, 583, 584, 585, 586, 587, 588, 589, 590, 591, 592, 593, 594, 595, 596, 597, 598, 599, 600, 601, 602, 603, 604, 605, 606, 607, 608, 609, 610, 611, 612, 613, 614, 615, 616, 617, 618, 619, 620, 621, 622, 623, 624, 625, 626, 627, 628, 629, 630, 631, 632, 633, 634, 635, 636, 637, 638, 639, 640, 641, 642, 643, 644, 645, 646, 647, 648, 649, 650, 651, 652, 653, 654, 655, 656, 657, 658, 659, 660, 661, 662, 663, 664, 665, 666, 667, 668, 669, 670, 671, 672, 673, 674, 675, 676, 677, 678, 679, 680, 681, 682, 683, 684, 685, 686, 687, 688, 689, 690, 691, 692, 693, 694, 695, 696, 697, 698, 699, 700, 701, 702, 703, 704, 705, 706, 707, 708, 709, 710, 711, 712, 713, 714, 715, 716, 717, 718, 719, 720, 721, 722, 723, 724, 725, 726, 727, 728, 729, 730, 731, 732, 733, 734, 735, 736, 737, 738, 739, 740, 741, 742, 743, 744, 745, 746, 747, 748, 749, 750, 751, 752, 753, 754, 755, 756, 757, 758, 759, 760, 761, 762, 763, 764, 765, 766, 767, 768, 769, 770, 771, 772, 773, 774, 775, 776, 777, 778, 779, 780, 781, 782, 783, 784, 785, 786, 787, 788, 789, 790, 791, 792, 793, 820, 821, 822]",True,"[208, 241, 270, 306, 678, 705, 729, 764]","[103, 104, 105, 106, 107, 108, 109, 110, 111, 112, 113, 114, 115, 116, 117, 118, 119, 120, 121, 122, 123, 124, 125, 126, 127, 128, 129, 130, 131, 132, 133, 134, 135, 136, 137, 138, 139, 140, 141, 142, 143, 144, 145, 146, 147, 148, 149, 150, 151, 152, 153, 154, 155, 156, 157, 158, 159, 160, 161, 162, 163, 164, 165, 166, 167, 168, 169, 170, 171, 172, 173, 174, 175, 176, 177, 178, 179, 180, 181, 182, 183, 184, 185, 186, 187, 188, 189, 190, 191, 192, 193, 194, 195, 196, 197, 198, 199, 200, 201, 202, 203, 204, 205, 206, 207, 208, 209, 210, 211, 212, 213, 214, 215, 216, 217, 218, 219, 220, 221, 222, 223, 224, 225, 226, 227, 228, 229, 230, 231, 232, 233, 234, 235, 236, 237, 238, 239, 240, 241, 242, 243, 244, 245, 246, 247, 248, 249, 250, 251, 252, 253, 254, 255, 256, 257, 258, 259, 260, 261, 262, 263, 264, 265, 266, 267, 268, 269, 270, 271, 272, 273, 274, 275, 276, 277, 278, 279, 280, 281, 282, 283, 284, 285, 286, 287, 288, 289, 290, 291, 292, 293, 294, 295, 296, 297, 298, 299, 300, 301, 302, 303, 304, 305, 306, 307, 308, 309, 310, 311, 312, 313, 314, 315, 316, 317, 318, 319, 320, 321, 322, 323, 324, 325, 326, 327, 328, 329, 330, 331, 332, 333, 334, 335, 336, 337, 574, 575, 576, 577, 578, 579, 580, 581, 582, 583, 584, 585, 586, 587, 588, 589, 590, 591, 592, 593, 594, 595, 596, 597, 598, 599, 600, 601, 602, 603, 604, 605, 606, 607, 608, 609, 610, 611, 612, 613, 614, 615, 616, 617, 618, 619, 620, 621, 622, 623, 624, 625, 626, 627, 628, 629, 630, 631, 632, 633, 634, 635, 636, 637, 638, 639, 640, 641, 642, 643, 644, 645, 646, 647, 648, 649, 650, 651, 652, 653, 654, 655, 656, 657, 658, 659, 660, 661, 662, 663, 664, 665, 666, 667, 668, 669, 670, 671, 672, 673, 674, 675, 676, 677, 678, 679, 680, 681, 682, 683, 684, 685, 686, 687, 688, 689, 690, 691, 692, 693, 694, 695, 696, 697, 698, 699, 700, 701, 702, 703, 704, 705, 706, 707, 708, 709, 710, 711, 712, 713, 714, 715, 716, 717, 718, 719, 720, 721, 722, 723, 724, 725, 726, 727, 728, 729, 730, 731, 732, 733, 734, 735, 736, 737, 738, 739, 740, 741, 742, 743, 744, 745, 746, 747, 748, 749, 750, 751, 752, 753, 754, 755, 756, 757, 758, 759, 760, 761, 762, 763, 764, 765, 766, 767, 768, 769, 770, 771, 772, 773, 774, 775, 776, 777, 778, 779, 780, 781, 782, 783, 784, 785, 786, 787, 788, 789, 790, 791, 792, 793]","[208, 241, 270, 306, 678, 705, 729, 764]","[208, 241, 306, 678, 705, 764]","[105, 114, 138, 141, 152, 153, 154, 155, 157, 159, 164, 165, 176, 182, 191, 192, 194, 195, 196, 200, 204, 208, 209, 210, 211, 215, 226, 228, 241, 242, 243, 245, 248, 249, 250, 257, 261, 270, 271, 282, 287, 289, 291, 294, 296, 298, 306, 308, 309, 311, 314, 327, 333, 335, 337, 576, 585, 609, 612, 623, 624, 626, 627, 629, 631, 636, 637, 647, 653, 662, 663, 665, 666, 667, 671, 674, 678, 679, 680, 681, 690, 692, 705, 706, 707, 709, 711, 712, 713, 719, 721, 729, 730, 741, 746, 748, 750, 753, 755, 757, 764, 766, 767, 769, 772, 785, 791]","[63, 64, 240, 241, 242, 243, 370, 371, 372, 537, 538, 704, 705, 706, 707, 820, 821, 822]",[],7/6 successful match,True,[246],True,374,False,,1.0,True,Petro Stopping Center # 9,
Corning ( 96021 ) Petro Corning # 309 ( Valero ),2 530-824-4685 I-5 Exit 630 ( South Ave ),PETRO <U+2610> LO 124 223,Corning,96021,Petro Corning # 309 ( Valero ),530-824-4685,2014,Corning,CA,Valero,( South Ave ),I-5 Exit 630 ,Exit,630,False,,False,I-5,,,,,"[241, 705]","[208, 241, 270, 306, 678, 705, 729, 764]","[208, 241, 270, 306, 678, 705, 729, 764]","[208, 241, 306, 678, 705, 764]","[103, 104, 105, 106, 107, 108, 109, 110, 111, 112, 113, 114, 115, 116, 117, 118, 119, 120, 121, 122, 123, 124, 125, 126, 127, 128, 129, 130, 131, 132, 133, 134, 135, 136, 137, 138, 139, 140, 141, 142, 143, 144, 145, 146, 147, 148, 149, 150, 151, 152, 153, 154, 155, 156, 157, 158, 159, 160, 161, 162, 163, 164, 165, 166, 167, 168, 169, 170, 171, 172, 173, 174, 175, 176, 177, 178, 179, 180, 181, 182, 183, 184, 185, 186, 187, 188, 189, 190, 191, 192, 193, 194, 195, 196, 197, 198, 199, 200, 201, 202, 203, 204, 205, 206, 207, 208, 209, 210, 211, 212, 213, 214, 215, 216, 217, 218, 219, 220, 221, 222, 223, 224, 225, 226, 227, 228, 229, 230, 231, 232, 233, 234, 235, 236, 237, 238, 239, 240, 241, 242, 243, 244, 245, 246, 247, 248, 249, 250, 251, 252, 253, 254, 255, 256, 257, 258, 259, 260, 261, 262, 263, 264, 265, 266, 267, 268, 269, 270, 271, 272, 273, 274, 275, 276, 277, 278, 279, 280, 281, 282, 283, 284, 285, 286, 287, 288, 289, 290, 291, 292, 293, 294, 295, 296, 297, 298, 299, 300, 301, 302, 303, 304, 305, 306, 307, 308, 309, 310, 311, 312, 313, 314, 315, 316, 317, 318, 319, 320, 321, 322, 323, 324, 325, 326, 327, 328, 329, 330, 331, 332, 333, 334, 335, 336, 337, 574, 575, 576, 577, 578, 579, 580, 581, 582, 583, 584, 585, 586, 587, 588, 589, 590, 591, 592, 593, 594, 595, 596, 597, 598, 599, 600, 601, 602, 603, 604, 605, 606, 607, 608, 609, 610, 611, 612, 613, 614, 615, 616, 617, 618, 619, 620, 621, 622, 623, 624, 625, 626, 627, 628, 629, 630, 631, 632, 633, 634, 635, 636, 637, 638, 639, 640, 641, 642, 643, 644, 645, 646, 647, 648, 649, 650, 651, 652, 653, 654, 655, 656, 657, 658, 659, 660, 661, 662, 663, 664, 665, 666, 667, 668, 669, 670, 671, 672, 673, 674, 675, 676, 677, 678, 679, 680, 681, 682, 683, 684, 685, 686, 687, 688, 689, 690, 691, 692, 693, 694, 695, 696, 697, 698, 699, 700, 701, 702, 703, 704, 705, 706, 707, 708, 709, 710, 711, 712, 713, 714, 715, 716, 717, 718, 719, 720, 721, 722, 723, 724, 725, 726, 727, 728, 729, 730, 731, 732, 733, 734, 735, 736, 737, 738, 739, 740, 741, 742, 743, 744, 745, 746, 747, 748, 749, 750, 751, 752, 753, 754, 755, 756, 757, 758, 759, 760, 761, 762, 763, 764, 765, 766, 767, 768, 769, 770, 771, 772, 773, 774, 775, 776, 777, 778, 779, 780, 781, 782, 783, 784, 785, 786, 787, 788, 789, 790, 791, 792, 793]","[105, 114, 138, 141, 152, 153, 154, 155, 157, 159, 164, 165, 176, 182, 191, 192, 194, 195, 196, 200, 204, 208, 209, 210, 211, 215, 226, 228, 241, 242, 243, 245, 248, 249, 250, 257, 261, 270, 271, 282, 287, 289, 291, 294, 296, 298, 306, 308, 309, 311, 314, 327, 333, 335, 337, 576, 585, 609, 612, 623, 624, 626, 627, 629, 631, 636, 637, 647, 653, 662, 663, 665, 666, 667, 671, 674, 678, 679, 680, 681, 690, 692, 705, 706, 707, 709, 711, 712, 713, 719, 721, 729, 730, 741, 746, 748, 750, 753, 755, 757, 764, 766, 767, 769, 772, 785, 791]","[2, 9, 10, 82, 111, 112, 113, 199, 279, 284, 285, 300, 488, 494, 495, 553, 581, 582, 583, 670, 738, 743, 744, 759, 818]","[2, 9, 10, 63, 64, 82, 111, 112, 113, 199, 240, 241, 242, 243, 279, 284, 285, 300, 370, 371, 372, 488, 494, 495, 537, 538, 553, 581, 582, 583, 670, 704, 705, 706, 707, 738, 743, 744, 759, 818, 820, 821, 822]","[2, 9, 10, 63, 64, 82, 103, 104, 105, 106, 107, 108, 109, 110, 111, 112, 113, 114, 115, 116, 117, 118, 119, 120, 121, 122, 123, 124, 125, 126, 127, 128, 129, 130, 131, 132, 133, 134, 135, 136, 137, 138, 139, 140, 141, 142, 143, 144, 145, 146, 147, 148, 149, 150, 151, 152, 153, 154, 155, 156, 157, 158, 159, 160, 161, 162, 163, 164, 165, 166, 167, 168, 169, 170, 171, 172, 173, 174, 175, 176, 177, 178, 179, 180, 181, 182, 183, 184, 185, 186, 187, 188, 189, 190, 191, 192, 193, 194, 195, 196, 197, 198, 199, 200, 201, 202, 203, 204, 205, 206, 207, 208, 209, 210, 211, 212, 213, 214, 215, 216, 217, 218, 219, 220, 221, 222, 223, 224, 225, 226, 227, 228, 229, 230, 231, 232, 233, 234, 235, 236, 237, 238, 239, 240, 241, 242, 243, 244, 245, 246, 247, 248, 249, 250, 251, 252, 253, 254, 255, 256, 257, 258, 259, 260, 261, 262, 263, 264, 265, 266, 267, 268, 269, 270, 271, 272, 273, 274, 275, 276, 277, 278, 279, 280, 281, 282, 283, 284, 285, 286, 287, 288, 289, 290, 291, 292, 293, 294, 295, 296, 297, 298, 299, 300, 301, 302, 303, 304, 305, 306, 307, 308, 309, 310, 311, 312, 313, 314, 315, 316, 317, 318, 319, 320, 321, 322, 323, 324, 325, 326, 327, 328, 329, 330, 331, 332, 333, 334, 335, 336, 337, 370, 371, 372, 488, 494, 495, 537, 538, 553, 574, 575, 576, 577, 578, 579, 580, 581, 582, 583, 584, 585, 586, 587, 588, 589, 590, 591, 592, 593, 594, 595, 596, 597, 598, 599, 600, 601, 602, 603, 604, 605, 606, 607, 608, 609, 610, 611, 612, 613, 614, 615, 616, 617, 618, 619, 620, 621, 622, 623, 624, 625, 626, 627, 628, 629, 630, 631, 632, 633, 634, 635, 636, 637, 638, 639, 640, 641, 642, 643, 644, 645, 646, 647, 648, 649, 650, 651, 652, 653, 654, 655, 656, 657, 658, 659, 660, 661, 662, 663, 664, 665, 666, 667, 668, 669, 670, 671, 672, 673, 674, 675, 676, 677, 678, 679, 680, 681, 682, 683, 684, 685, 686, 687, 688, 689, 690, 691, 692, 693, 694, 695, 696, 697, 698, 699, 700, 701, 702, 703, 704, 705, 706, 707, 708, 709, 710, 711, 712, 713, 714, 715, 716, 717, 718, 719, 720, 721, 722, 723, 724, 725, 726, 727, 728, 729, 730, 731, 732, 733, 734, 735, 736, 737, 738, 739, 740, 741, 742, 743, 744, 745, 746, 747, 748, 749, 750, 751, 752, 753, 754, 755, 756, 757, 758, 759, 760, 761, 762, 763, 764, 765, 766, 767, 768, 769, 770, 771, 772, 773, 774, 775, 776, 777, 778, 779, 780, 781, 782, 783, 784, 785, 786, 787, 788, 789, 790, 791, 792, 793, 818, 820, 821, 822]",True,"[208, 241, 270, 306, 678, 705, 729, 764]","[103, 104, 105, 106, 107, 108, 109, 110, 111, 112, 113, 114, 115, 116, 117, 118, 119, 120, 121, 122, 123, 124, 125, 126, 127, 128, 129, 130, 131, 132, 133, 134, 135, 136, 137, 138, 139, 140, 141, 142, 143, 144, 145, 146, 147, 148, 149, 150, 151, 152, 153, 154, 155, 156, 157, 158, 159, 160, 161, 162, 163, 164, 165, 166, 167, 168, 169, 170, 171, 172, 173, 174, 175, 176, 177, 178, 179, 180, 181, 182, 183, 184, 185, 186, 187, 188, 189, 190, 191, 192, 193, 194, 195, 196, 197, 198, 199, 200, 201, 202, 203, 204, 205, 206, 207, 208, 209, 210, 211, 212, 213, 214, 215, 216, 217, 218, 219, 220, 221, 222, 223, 224, 225, 226, 227, 228, 229, 230, 231, 232, 233, 234, 235, 236, 237, 238, 239, 240, 241, 242, 243, 244, 245, 246, 247, 248, 249, 250, 251, 252, 253, 254, 255, 256, 257, 258, 259, 260, 261, 262, 263, 264, 265, 266, 267, 268, 269, 270, 271, 272, 273, 274, 275, 276, 277, 278, 279, 280, 281, 282, 283, 284, 285, 286, 287, 288, 289, 290, 291, 292, 293, 294, 295, 296, 297, 298, 299, 300, 301, 302, 303, 304, 305, 306, 307, 308, 309, 310, 311, 312, 313, 314, 315, 316, 317, 318, 319, 320, 321, 322, 323, 324, 325, 326, 327, 328, 329, 330, 331, 332, 333, 334, 335, 336, 337, 574, 575, 576, 577, 578, 579, 580, 581, 582, 583, 584, 585, 586, 587, 588, 589, 590, 591, 592, 593, 594, 595, 596, 597, 598, 599, 600, 601, 602, 603, 604, 605, 606, 607, 608, 609, 610, 611, 612, 613, 614, 615, 616, 617, 618, 619, 620, 621, 622, 623, 624, 625, 626, 627, 628, 629, 630, 631, 632, 633, 634, 635, 636, 637, 638, 639, 640, 641, 642, 643, 644, 645, 646, 647, 648, 649, 650, 651, 652, 653, 654, 655, 656, 657, 658, 659, 660, 661, 662, 663, 664, 665, 666, 667, 668, 669, 670, 671, 672, 673, 674, 675, 676, 677, 678, 679, 680, 681, 682, 683, 684, 685, 686, 687, 688, 689, 690, 691, 692, 693, 694, 695, 696, 697, 698, 699, 700, 701, 702, 703, 704, 705, 706, 707, 708, 709, 710, 711, 712, 713, 714, 715, 716, 717, 718, 719, 720, 721, 722, 723, 724, 725, 726, 727, 728, 729, 730, 731, 732, 733, 734, 735, 736, 737, 738, 739, 740, 741, 742, 743, 744, 745, 746, 747, 748, 749, 750, 751, 752, 753, 754, 755, 756, 757, 758, 759, 760, 761, 762, 763, 764, 765, 766, 767, 768, 769, 770, 771, 772, 773, 774, 775, 776, 777, 778, 779, 780, 781, 782, 783, 784, 785, 786, 787, 788, 789, 790, 791, 792, 793]","[208, 241, 270, 306, 678, 705, 729, 764]","[208, 241, 306, 678, 705, 764]","[105, 114, 138, 141, 152, 153, 154, 155, 157, 159, 164, 165, 176, 182, 191, 192, 194, 195, 196, 200, 204, 208, 209, 210, 211, 215, 226, 228, 241, 242, 243, 245, 248, 249, 250, 257, 261, 270, 271, 282, 287, 289, 291, 294, 296, 298, 306, 308, 309, 311, 314, 327, 333, 335, 337, 576, 585, 609, 612, 623, 624, 626, 627, 629, 631, 636, 637, 647, 653, 662, 663, 665, 666, 667, 671, 674, 678, 679, 680, 681, 690, 692, 705, 706, 707, 709, 711, 712, 713, 719, 721, 729, 730, 741, 746, 748, 750, 753, 755, 757, 764, 766, 767, 769, 772, 785, 791]","[2, 9, 10, 63, 64, 82, 111, 112, 113, 199, 240, 241, 242, 243, 279, 284, 285, 300, 370, 371, 372, 488, 494, 495, 537, 538, 553, 581, 582, 583, 670, 704, 705, 706, 707, 738, 743, 744, 759, 818, 820, 821, 822]","[2, 9, 10, 82, 111, 112, 113, 199, 279, 284, 285, 300, 488, 494, 495, 553, 581, 582, 583, 670, 738, 743, 744, 759, 818]",6/6 successful match,True,[246],True,374,False,,0.4193939393939394,True,Petro Stopping Center # 9,
Corning ( 96021 ) Petro Corning # 309 ( Valero ),530-824-4685 I-5 Exit 630 ( South Ave ),PETRO 24 m LO 24,Corning,96021,Petro Corning # 309 ( Valero ),530-824-4685,2015,Corning,CA,Valero,( South Ave ),I-5 Exit 630 ,Exit,630,False,,False,I-5,,,,,"[241, 705]","[208, 241, 270, 306, 678, 705, 729, 764]","[208, 241, 270, 306, 678, 705, 729, 764]","[208, 241, 306, 678, 705, 764]","[103, 104, 105, 106, 107, 108, 109, 110, 111, 112, 113, 114, 115, 116, 117, 118, 119, 120, 121, 122, 123, 124, 125, 126, 127, 128, 129, 130, 131, 132, 133, 134, 135, 136, 137, 138, 139, 140, 141, 142, 143, 144, 145, 146, 147, 148, 149, 150, 151, 152, 153, 154, 155, 156, 157, 158, 159, 160, 161, 162, 163, 164, 165, 166, 167, 168, 169, 170, 171, 172, 173, 174, 175, 176, 177, 178, 179, 180, 181, 182, 183, 184, 185, 186, 187, 188, 189, 190, 191, 192, 193, 194, 195, 196, 197, 198, 199, 200, 201, 202, 203, 204, 205, 206, 207, 208, 209, 210, 211, 212, 213, 214, 215, 216, 217, 218, 219, 220, 221, 222, 223, 224, 225, 226, 227, 228, 229, 230, 231, 232, 233, 234, 235, 236, 237, 238, 239, 240, 241, 242, 243, 244, 245, 246, 247, 248, 249, 250, 251, 252, 253, 254, 255, 256, 257, 258, 259, 260, 261, 262, 263, 264, 265, 266, 267, 268, 269, 270, 271, 272, 273, 274, 275, 276, 277, 278, 279, 280, 281, 282, 283, 284, 285, 286, 287, 288, 289, 290, 291, 292, 293, 294, 295, 296, 297, 298, 299, 300, 301, 302, 303, 304, 305, 306, 307, 308, 309, 310, 311, 312, 313, 314, 315, 316, 317, 318, 319, 320, 321, 322, 323, 324, 325, 326, 327, 328, 329, 330, 331, 332, 333, 334, 335, 336, 337, 574, 575, 576, 577, 578, 579, 580, 581, 582, 583, 584, 585, 586, 587, 588, 589, 590, 591, 592, 593, 594, 595, 596, 597, 598, 599, 600, 601, 602, 603, 604, 605, 606, 607, 608, 609, 610, 611, 612, 613, 614, 615, 616, 617, 618, 619, 620, 621, 622, 623, 624, 625, 626, 627, 628, 629, 630, 631, 632, 633, 634, 635, 636, 637, 638, 639, 640, 641, 642, 643, 644, 645, 646, 647, 648, 649, 650, 651, 652, 653, 654, 655, 656, 657, 658, 659, 660, 661, 662, 663, 664, 665, 666, 667, 668, 669, 670, 671, 672, 673, 674, 675, 676, 677, 678, 679, 680, 681, 682, 683, 684, 685, 686, 687, 688, 689, 690, 691, 692, 693, 694, 695, 696, 697, 698, 699, 700, 701, 702, 703, 704, 705, 706, 707, 708, 709, 710, 711, 712, 713, 714, 715, 716, 717, 718, 719, 720, 721, 722, 723, 724, 725, 726, 727, 728, 729, 730, 731, 732, 733, 734, 735, 736, 737, 738, 739, 740, 741, 742, 743, 744, 745, 746, 747, 748, 749, 750, 751, 752, 753, 754, 755, 756, 757, 758, 759, 760, 761, 762, 763, 764, 765, 766, 767, 768, 769, 770, 771, 772, 773, 774, 775, 776, 777, 778, 779, 780, 781, 782, 783, 784, 785, 786, 787, 788, 789, 790, 791, 792, 793]","[105, 114, 138, 141, 152, 153, 154, 155, 157, 159, 164, 165, 176, 182, 191, 192, 194, 195, 196, 200, 204, 208, 209, 210, 211, 215, 226, 228, 241, 242, 243, 245, 248, 249, 250, 257, 261, 270, 271, 282, 287, 289, 291, 294, 296, 298, 306, 308, 309, 311, 314, 327, 333, 335, 337, 576, 585, 609, 612, 623, 624, 626, 627, 629, 631, 636, 637, 647, 653, 662, 663, 665, 666, 667, 671, 674, 678, 679, 680, 681, 690, 692, 705, 706, 707, 709, 711, 712, 713, 719, 721, 729, 730, 741, 746, 748, 750, 753, 755, 757, 764, 766, 767, 769, 772, 785, 791]","[2, 9, 10, 82, 111, 112, 113, 199, 279, 284, 285, 300, 488, 494, 495, 553, 581, 582, 583, 670, 738, 743, 744, 759, 818]","[2, 9, 10, 63, 64, 82, 111, 112, 113, 199, 240, 241, 242, 243, 279, 284, 285, 300, 370, 371, 372, 488, 494, 495, 537, 538, 553, 581, 582, 583, 670, 704, 705, 706, 707, 738, 743, 744, 759, 818, 820, 821, 822]","[2, 9, 10, 63, 64, 82, 103, 104, 105, 106, 107, 108, 109, 110, 111, 112, 113, 114, 115, 116, 117, 118, 119, 120, 121, 122, 123, 124, 125, 126, 127, 128, 129, 130, 131, 132, 133, 134, 135, 136, 137, 138, 139, 140, 141, 142, 143, 144, 145, 146, 147, 148, 149, 150, 151, 152, 153, 154, 155, 156, 157, 158, 159, 160, 161, 162, 163, 164, 165, 166, 167, 168, 169, 170, 171, 172, 173, 174, 175, 176, 177, 178, 179, 180, 181, 182, 183, 184, 185, 186, 187, 188, 189, 190, 191, 192, 193, 194, 195, 196, 197, 198, 199, 200, 201, 202, 203, 204, 205, 206, 207, 208, 209, 210, 211, 212, 213, 214, 215, 216, 217, 218, 219, 220, 221, 222, 223, 224, 225, 226, 227, 228, 229, 230, 231, 232, 233, 234, 235, 236, 237, 238, 239, 240, 241, 242, 243, 244, 245, 246, 247, 248, 249, 250, 251, 252, 253, 254, 255, 256, 257, 258, 259, 260, 261, 262, 263, 264, 265, 266, 267, 268, 269, 270, 271, 272, 273, 274, 275, 276, 277, 278, 279, 280, 281, 282, 283, 284, 285, 286, 287, 288, 289, 290, 291, 292, 293, 294, 295, 296, 297, 298, 299, 300, 301, 302, 303, 304, 305, 306, 307, 308, 309, 310, 311, 312, 313, 314, 315, 316, 317, 318, 319, 320, 321, 322, 323, 324, 325, 326, 327, 328, 329, 330, 331, 332, 333, 334, 335, 336, 337, 370, 371, 372, 488, 494, 495, 537, 538, 553, 574, 575, 576, 577, 578, 579, 580, 581, 582, 583, 584, 585, 586, 587, 588, 589, 590, 591, 592, 593, 594, 595, 596, 597, 598, 599, 600, 601, 602, 603, 604, 605, 606, 607, 608, 609, 610, 611, 612, 613, 614, 615, 616, 617, 618, 619, 620, 621, 622, 623, 624, 625, 626, 627, 628, 629, 630, 631, 632, 633, 634, 635, 636, 637, 638, 639, 640, 641, 642, 643, 644, 645, 646, 647, 648, 649, 650, 651, 652, 653, 654, 655, 656, 657, 658, 659, 660, 661, 662, 663, 664, 665, 666, 667, 668, 669, 670, 671, 672, 673, 674, 675, 676, 677, 678, 679, 680, 681, 682, 683, 684, 685, 686, 687, 688, 689, 690, 691, 692, 693, 694, 695, 696, 697, 698, 699, 700, 701, 702, 703, 704, 705, 706, 707, 708, 709, 710, 711, 712, 713, 714, 715, 716, 717, 718, 719, 720, 721, 722, 723, 724, 725, 726, 727, 728, 729, 730, 731, 732, 733, 734, 735, 736, 737, 738, 739, 740, 741, 742, 743, 744, 745, 746, 747, 748, 749, 750, 751, 752, 753, 754, 755, 756, 757, 758, 759, 760, 761, 762, 763, 764, 765, 766, 767, 768, 769, 770, 771, 772, 773, 774, 775, 776, 777, 778, 779, 780, 781, 782, 783, 784, 785, 786, 787, 788, 789, 790, 791, 792, 793, 818, 820, 821, 822]",True,"[208, 241, 270, 306, 678, 705, 729, 764]","[103, 104, 105, 106, 107, 108, 109, 110, 111, 112, 113, 114, 115, 116, 117, 118, 119, 120, 121, 122, 123, 124, 125, 126, 127, 128, 129, 130, 131, 132, 133, 134, 135, 136, 137, 138, 139, 140, 141, 142, 143, 144, 145, 146, 147, 148, 149, 150, 151, 152, 153, 154, 155, 156, 157, 158, 159, 160, 161, 162, 163, 164, 165, 166, 167, 168, 169, 170, 171, 172, 173, 174, 175, 176, 177, 178, 179, 180, 181, 182, 183, 184, 185, 186, 187, 188, 189, 190, 191, 192, 193, 194, 195, 196, 197, 198, 199, 200, 201, 202, 203, 204, 205, 206, 207, 208, 209, 210, 211, 212, 213, 214, 215, 216, 217, 218, 219, 220, 221, 222, 223, 224, 225, 226, 227, 228, 229, 230, 231, 232, 233, 234, 235, 236, 237, 238, 239, 240, 241, 242, 243, 244, 245, 246, 247, 248, 249, 250, 251, 252, 253, 254, 255, 256, 257, 258, 259, 260, 261, 262, 263, 264, 265, 266, 267, 268, 269, 270, 271, 272, 273, 274, 275, 276, 277, 278, 279, 280, 281, 282, 283, 284, 285, 286, 287, 288, 289, 290, 291, 292, 293, 294, 295, 296, 297, 298, 299, 300, 301, 302, 303, 304, 305, 306, 307, 308, 309, 310, 311, 312, 313, 314, 315, 316, 317, 318, 319, 320, 321, 322, 323, 324, 325, 326, 327, 328, 329, 330, 331, 332, 333, 334, 335, 336, 337, 574, 575, 576, 577, 578, 579, 580, 581, 582, 583, 584, 585, 586, 587, 588, 589, 590, 591, 592, 593, 594, 595, 596, 597, 598, 599, 600, 601, 602, 603, 604, 605, 606, 607, 608, 609, 610, 611, 612, 613, 614, 615, 616, 617, 618, 619, 620, 621, 622, 623, 624, 625, 626, 627, 628, 629, 630, 631, 632, 633, 634, 635, 636, 637, 638, 639, 640, 641, 642, 643, 644, 645, 646, 647, 648, 649, 650, 651, 652, 653, 654, 655, 656, 657, 658, 659, 660, 661, 662, 663, 664, 665, 666, 667, 668, 669, 670, 671, 672, 673, 674, 675, 676, 677, 678, 679, 680, 681, 682, 683, 684, 685, 686, 687, 688, 689, 690, 691, 692, 693, 694, 695, 696, 697, 698, 699, 700, 701, 702, 703, 704, 705, 706, 707, 708, 709, 710, 711, 712, 713, 714, 715, 716, 717, 718, 719, 720, 721, 722, 723, 724, 725, 726, 727, 728, 729, 730, 731, 732, 733, 734, 735, 736, 737, 738, 739, 740, 741, 742, 743, 744, 745, 746, 747, 748, 749, 750, 751, 752, 753, 754, 755, 756, 757, 758, 759, 760, 761, 762, 763, 764, 765, 766, 767, 768, 769, 770, 771, 772, 773, 774, 775, 776, 777, 778, 779, 780, 781, 782, 783, 784, 785, 786, 787, 788, 789, 790, 791, 792, 793]","[208, 241, 270, 306, 678, 705, 729, 764]","[208, 241, 306, 678, 705, 764]","[105, 114, 138, 141, 152, 153, 154, 155, 157, 159, 164, 165, 176, 182, 191, 192, 194, 195, 196, 200, 204, 208, 209, 210, 211, 215, 226, 228, 241, 242, 243, 245, 248, 249, 250, 257, 261, 270, 271, 282, 287, 289, 291, 294, 296, 298, 306, 308, 309, 311, 314, 327, 333, 335, 337, 576, 585, 609, 612, 623, 624, 626, 627, 629, 631, 636, 637, 647, 653, 662, 663, 665, 666, 667, 671, 674, 678, 679, 680, 681, 690, 692, 705, 706, 707, 709, 711, 712, 713, 719, 721, 729, 730, 741, 746, 748, 750, 753, 755, 757, 764, 766, 767, 769, 772, 785, 791]","[2, 9, 10, 63, 64, 82, 111, 112, 113, 199, 240, 241, 242, 243, 279, 284, 285, 300, 370, 371, 372, 488, 494, 495, 537, 538, 553, 581, 582, 583, 670, 704, 705, 706, 707, 738, 743, 744, 759, 818, 820, 821, 822]","[2, 9, 10, 82, 111, 112, 113, 199, 279, 284, 285, 300, 488, 494, 495, 553, 581, 582, 583, 670, 738, 743, 744, 759, 818]",6/6 successful match,True,[246],True,374,False,,1.0,True,Petro Corning # 309 ( Valero ),Valero
Corning ( 96021 ) Petro Corning # 309 ( Valero ),530-824-4685 I-5 Exit 630 ( South Ave ),PETRO 24 <U+2610> BLOO 24 HRS,Corning,96021,Petro Corning # 309 ( Valero ),530-824-4685,2016,Corning,CA,Valero,( South Ave ),I-5 Exit 630 ,Exit,630,False,,False,I-5,,,,,"[241, 705]","[208, 241, 270, 306, 678, 705, 729, 764]","[208, 241, 270, 306, 678, 705, 729, 764]","[208, 241, 306, 678, 705, 764]","[103, 104, 105, 106, 107, 108, 109, 110, 111, 112, 113, 114, 115, 116, 117, 118, 119, 120, 121, 122, 123, 124, 125, 126, 127, 128, 129, 130, 131, 132, 133, 134, 135, 136, 137, 138, 139, 140, 141, 142, 143, 144, 145, 146, 147, 148, 149, 150, 151, 152, 153, 154, 155, 156, 157, 158, 159, 160, 161, 162, 163, 164, 165, 166, 167, 168, 169, 170, 171, 172, 173, 174, 175, 176, 177, 178, 179, 180, 181, 182, 183, 184, 185, 186, 187, 188, 189, 190, 191, 192, 193, 194, 195, 196, 197, 198, 199, 200, 201, 202, 203, 204, 205, 206, 207, 208, 209, 210, 211, 212, 213, 214, 215, 216, 217, 218, 219, 220, 221, 222, 223, 224, 225, 226, 227, 228, 229, 230, 231, 232, 233, 234, 235, 236, 237, 238, 239, 240, 241, 242, 243, 244, 245, 246, 247, 248, 249, 250, 251, 252, 253, 254, 255, 256, 257, 258, 259, 260, 261, 262, 263, 264, 265, 266, 267, 268, 269, 270, 271, 272, 273, 274, 275, 276, 277, 278, 279, 280, 281, 282, 283, 284, 285, 286, 287, 288, 289, 290, 291, 292, 293, 294, 295, 296, 297, 298, 299, 300, 301, 302, 303, 304, 305, 306, 307, 308, 309, 310, 311, 312, 313, 314, 315, 316, 317, 318, 319, 320, 321, 322, 323, 324, 325, 326, 327, 328, 329, 330, 331, 332, 333, 334, 335, 336, 337, 574, 575, 576, 577, 578, 579, 580, 581, 582, 583, 584, 585, 586, 587, 588, 589, 590, 591, 592, 593, 594, 595, 596, 597, 598, 599, 600, 601, 602, 603, 604, 605, 606, 607, 608, 609, 610, 611, 612, 613, 614, 615, 616, 617, 618, 619, 620, 621, 622, 623, 624, 625, 626, 627, 628, 629, 630, 631, 632, 633, 634, 635, 636, 637, 638, 639, 640, 641, 642, 643, 644, 645, 646, 647, 648, 649, 650, 651, 652, 653, 654, 655, 656, 657, 658, 659, 660, 661, 662, 663, 664, 665, 666, 667, 668, 669, 670, 671, 672, 673, 674, 675, 676, 677, 678, 679, 680, 681, 682, 683, 684, 685, 686, 687, 688, 689, 690, 691, 692, 693, 694, 695, 696, 697, 698, 699, 700, 701, 702, 703, 704, 705, 706, 707, 708, 709, 710, 711, 712, 713, 714, 715, 716, 717, 718, 719, 720, 721, 722, 723, 724, 725, 726, 727, 728, 729, 730, 731, 732, 733, 734, 735, 736, 737, 738, 739, 740, 741, 742, 743, 744, 745, 746, 747, 748, 749, 750, 751, 752, 753, 754, 755, 756, 757, 758, 759, 760, 761, 762, 763, 764, 765, 766, 767, 768, 769, 770, 771, 772, 773, 774, 775, 776, 777, 778, 779, 780, 781, 782, 783, 784, 785, 786, 787, 788, 789, 790, 791, 792, 793]","[105, 114, 138, 141, 152, 153, 154, 155, 157, 159, 164, 165, 176, 182, 191, 192, 194, 195, 196, 200, 204, 208, 209, 210, 211, 215, 226, 228, 241, 242, 243, 245, 248, 249, 250, 257, 261, 270, 271, 282, 287, 289, 291, 294, 296, 298, 306, 308, 309, 311, 314, 327, 333, 335, 337, 576, 585, 609, 612, 623, 624, 626, 627, 629, 631, 636, 637, 647, 653, 662, 663, 665, 666, 667, 671, 674, 678, 679, 680, 681, 690, 692, 705, 706, 707, 709, 711, 712, 713, 719, 721, 729, 730, 741, 746, 748, 750, 753, 755, 757, 764, 766, 767, 769, 772, 785, 791]","[2, 9, 10, 82, 111, 112, 113, 199, 279, 284, 285, 300, 488, 494, 495, 553, 581, 582, 583, 670, 738, 743, 744, 759, 818]","[2, 9, 10, 63, 64, 82, 111, 112, 113, 199, 240, 241, 242, 243, 279, 284, 285, 300, 370, 371, 372, 488, 494, 495, 537, 538, 553, 581, 582, 583, 670, 704, 705, 706, 707, 738, 743, 744, 759, 818, 820, 821, 822]","[2, 9, 10, 63, 64, 82, 103, 104, 105, 106, 107, 108, 109, 110, 111, 112, 113, 114, 115, 116, 117, 118, 119, 120, 121, 122, 123, 124, 125, 126, 127, 128, 129, 130, 131, 132, 133, 134, 135, 136, 137, 138, 139, 140, 141, 142, 143, 144, 145, 146, 147, 148, 149, 150, 151, 152, 153, 154, 155, 156, 157, 158, 159, 160, 161, 162, 163, 164, 165, 166, 167, 168, 169, 170, 171, 172, 173, 174, 175, 176, 177, 178, 179, 180, 181, 182, 183, 184, 185, 186, 187, 188, 189, 190, 191, 192, 193, 194, 195, 196, 197, 198, 199, 200, 201, 202, 203, 204, 205, 206, 207, 208, 209, 210, 211, 212, 213, 214, 215, 216, 217, 218, 219, 220, 221, 222, 223, 224, 225, 226, 227, 228, 229, 230, 231, 232, 233, 234, 235, 236, 237, 238, 239, 240, 241, 242, 243, 244, 245, 246, 247, 248, 249, 250, 251, 252, 253, 254, 255, 256, 257, 258, 259, 260, 261, 262, 263, 264, 265, 266, 267, 268, 269, 270, 271, 272, 273, 274, 275, 276, 277, 278, 279, 280, 281, 282, 283, 284, 285, 286, 287, 288, 289, 290, 291, 292, 293, 294, 295, 296, 297, 298, 299, 300, 301, 302, 303, 304, 305, 306, 307, 308, 309, 310, 311, 312, 313, 314, 315, 316, 317, 318, 319, 320, 321, 322, 323, 324, 325, 326, 327, 328, 329, 330, 331, 332, 333, 334, 335, 336, 337, 370, 371, 372, 488, 494, 495, 537, 538, 553, 574, 575, 576, 577, 578, 579, 580, 581, 582, 583, 584, 585, 586, 587, 588, 589, 590, 591, 592, 593, 594, 595, 596, 597, 598, 599, 600, 601, 602, 603, 604, 605, 606, 607, 608, 609, 610, 611, 612, 613, 614, 615, 616, 617, 618, 619, 620, 621, 622, 623, 624, 625, 626, 627, 628, 629, 630, 631, 632, 633, 634, 635, 636, 637, 638, 639, 640, 641, 642, 643, 644, 645, 646, 647, 648, 649, 650, 651, 652, 653, 654, 655, 656, 657, 658, 659, 660, 661, 662, 663, 664, 665, 666, 667, 668, 669, 670, 671, 672, 673, 674, 675, 676, 677, 678, 679, 680, 681, 682, 683, 684, 685, 686, 687, 688, 689, 690, 691, 692, 693, 694, 695, 696, 697, 698, 699, 700, 701, 702, 703, 704, 705, 706, 707, 708, 709, 710, 711, 712, 713, 714, 715, 716, 717, 718, 719, 720, 721, 722, 723, 724, 725, 726, 727, 728, 729, 730, 731, 732, 733, 734, 735, 736, 737, 738, 739, 740, 741, 742, 743, 744, 745, 746, 747, 748, 749, 750, 751, 752, 753, 754, 755, 756, 757, 758, 759, 760, 761, 762, 763, 764, 765, 766, 767, 768, 769, 770, 771, 772, 773, 774, 775, 776, 777, 778, 779, 780, 781, 782, 783, 784, 785, 786, 787, 788, 789, 790, 791, 792, 793, 818, 820, 821, 822]",True,"[208, 241, 270, 306, 678, 705, 729, 764]","[103, 104, 105, 106, 107, 108, 109, 110, 111, 112, 113, 114, 115, 116, 117, 118, 119, 120, 121, 122, 123, 124, 125, 126, 127, 128, 129, 130, 131, 132, 133, 134, 135, 136, 137, 138, 139, 140, 141, 142, 143, 144, 145, 146, 147, 148, 149, 150, 151, 152, 153, 154, 155, 156, 157, 158, 159, 160, 161, 162, 163, 164, 165, 166, 167, 168, 169, 170, 171, 172, 173, 174, 175, 176, 177, 178, 179, 180, 181, 182, 183, 184, 185, 186, 187, 188, 189, 190, 191, 192, 193, 194, 195, 196, 197, 198, 199, 200, 201, 202, 203, 204, 205, 206, 207, 208, 209, 210, 211, 212, 213, 214, 215, 216, 217, 218, 219, 220, 221, 222, 223, 224, 225, 226, 227, 228, 229, 230, 231, 232, 233, 234, 235, 236, 237, 238, 239, 240, 241, 242, 243, 244, 245, 246, 247, 248, 249, 250, 251, 252, 253, 254, 255, 256, 257, 258, 259, 260, 261, 262, 263, 264, 265, 266, 267, 268, 269, 270, 271, 272, 273, 274, 275, 276, 277, 278, 279, 280, 281, 282, 283, 284, 285, 286, 287, 288, 289, 290, 291, 292, 293, 294, 295, 296, 297, 298, 299, 300, 301, 302, 303, 304, 305, 306, 307, 308, 309, 310, 311, 312, 313, 314, 315, 316, 317, 318, 319, 320, 321, 322, 323, 324, 325, 326, 327, 328, 329, 330, 331, 332, 333, 334, 335, 336, 337, 574, 575, 576, 577, 578, 579, 580, 581, 582, 583, 584, 585, 586, 587, 588, 589, 590, 591, 592, 593, 594, 595, 596, 597, 598, 599, 600, 601, 602, 603, 604, 605, 606, 607, 608, 609, 610, 611, 612, 613, 614, 615, 616, 617, 618, 619, 620, 621, 622, 623, 624, 625, 626, 627, 628, 629, 630, 631, 632, 633, 634, 635, 636, 637, 638, 639, 640, 641, 642, 643, 644, 645, 646, 647, 648, 649, 650, 651, 652, 653, 654, 655, 656, 657, 658, 659, 660, 661, 662, 663, 664, 665, 666, 667, 668, 669, 670, 671, 672, 673, 674, 675, 676, 677, 678, 679, 680, 681, 682, 683, 684, 685, 686, 687, 688, 689, 690, 691, 692, 693, 694, 695, 696, 697, 698, 699, 700, 701, 702, 703, 704, 705, 706, 707, 708, 709, 710, 711, 712, 713, 714, 715, 716, 717, 718, 719, 720, 721, 722, 723, 724, 725, 726, 727, 728, 729, 730, 731, 732, 733, 734, 735, 736, 737, 738, 739, 740, 741, 742, 743, 744, 745, 746, 747, 748, 749, 750, 751, 752, 753, 754, 755, 756, 757, 758, 759, 760, 761, 762, 763, 764, 765, 766, 767, 768, 769, 770, 771, 772, 773, 774, 775, 776, 777, 778, 779, 780, 781, 782, 783, 784, 785, 786, 787, 788, 789, 790, 791, 792, 793]","[208, 241, 270, 306, 678, 705, 729, 764]","[208, 241, 306, 678, 705, 764]","[105, 114, 138, 141, 152, 153, 154, 155, 157, 159, 164, 165, 176, 182, 191, 192, 194, 195, 196, 200, 204, 208, 209, 210, 211, 215, 226, 228, 241, 242, 243, 245, 248, 249, 250, 257, 261, 270, 271, 282, 287, 289, 291, 294, 296, 298, 306, 308, 309, 311, 314, 327, 333, 335, 337, 576, 585, 609, 612, 623, 624, 626, 627, 629, 631, 636, 637, 647, 653, 662, 663, 665, 666, 667, 671, 674, 678, 679, 680, 681, 690, 692, 705, 706, 707, 709, 711, 712, 713, 719, 721, 729, 730, 741, 746, 748, 750, 753, 755, 757, 764, 766, 767, 769, 772, 785, 791]","[2, 9, 10, 63, 64, 82, 111, 112, 113, 199, 240, 241, 242, 243, 279, 284, 285, 300, 370, 371, 372, 488, 494, 495, 537, 538, 553, 581, 582, 583, 670, 704, 705, 706, 707, 738, 743, 744, 759, 818, 820, 821, 822]","[2, 9, 10, 82, 111, 112, 113, 199, 279, 284, 285, 300, 488, 494, 495, 553, 581, 582, 583, 670, 738, 743, 744, 759, 818]",6/6 successful match,True,[246],True,374,False,,1.0,True,Petro Corning # 309 ( Valero ),Valero
"C Cottonwood , 96022 Cross Country Travel Center ( Shell )",530-347-5353 I-5 Exit 662 ( Bowman Rd ),HRS <U+2610> <U+2610>,Cottonwood,96022,Cross Country Travel Center ( Shell ),530-347-5353,2006,Cottonwood,CA,Shell,( Bowman Rd ),I-5 Exit 662 ,Exit,662,False,,False,I-5,,,,,[],[],[],[],"[103, 104, 105, 106, 107, 108, 109, 110, 111, 112, 113, 114, 115, 116, 117, 118, 119, 120, 121, 122, 123, 124, 125, 126, 127, 128, 129, 130, 131, 132, 133, 134, 135, 136, 137, 138, 139, 140, 141, 142, 143, 144, 145, 146, 147, 148, 149, 150, 151, 152, 153, 154, 155, 156, 157, 158, 159, 160, 161, 162, 163, 164, 165, 166, 167, 168, 169, 170, 171, 172, 173, 174, 175, 176, 177, 178, 179, 180, 181, 182, 183, 184, 185, 186, 187, 188, 189, 190, 191, 192, 193, 194, 195, 196, 197, 198, 199, 200, 201, 202, 203, 204, 205, 206, 207, 208, 209, 210, 211, 212, 213, 214, 215, 216, 217, 218, 219, 220, 221, 222, 223, 224, 225, 226, 227, 228, 229, 230, 231, 232, 233, 234, 235, 236, 237, 238, 239, 240, 241, 242, 243, 244, 245, 246, 247, 248, 249, 250, 251, 252, 253, 254, 255, 256, 257, 258, 259, 260, 261, 262, 263, 264, 265, 266, 267, 268, 269, 270, 271, 272, 273, 274, 275, 276, 277, 278, 279, 280, 281, 282, 283, 284, 285, 286, 287, 288, 289, 290, 291, 292, 293, 294, 295, 296, 297, 298, 299, 300, 301, 302, 303, 304, 305, 306, 307, 308, 309, 310, 311, 312, 313, 314, 315, 316, 317, 318, 319, 320, 321, 322, 323, 324, 325, 326, 327, 328, 329, 330, 331, 332, 333, 334, 335, 336, 337, 574, 575, 576, 577, 578, 579, 580, 581, 582, 583, 584, 585, 586, 587, 588, 589, 590, 591, 592, 593, 594, 595, 596, 597, 598, 599, 600, 601, 602, 603, 604, 605, 606, 607, 608, 609, 610, 611, 612, 613, 614, 615, 616, 617, 618, 619, 620, 621, 622, 623, 624, 625, 626, 627, 628, 629, 630, 631, 632, 633, 634, 635, 636, 637, 638, 639, 640, 641, 642, 643, 644, 645, 646, 647, 648, 649, 650, 651, 652, 653, 654, 655, 656, 657, 658, 659, 660, 661, 662, 663, 664, 665, 666, 667, 668, 669, 670, 671, 672, 673, 674, 675, 676, 677, 678, 679, 680, 681, 682, 683, 684, 685, 686, 687, 688, 689, 690, 691, 692, 693, 694, 695, 696, 697, 698, 699, 700, 701, 702, 703, 704, 705, 706, 707, 708, 709, 710, 711, 712, 713, 714, 715, 716, 717, 718, 719, 720, 721, 722, 723, 724, 725, 726, 727, 728, 729, 730, 731, 732, 733, 734, 735, 736, 737, 738, 739, 740, 741, 742, 743, 744, 745, 746, 747, 748, 749, 750, 751, 752, 753, 754, 755, 756, 757, 758, 759, 760, 761, 762, 763, 764, 765, 766, 767, 768, 769, 770, 771, 772, 773, 774, 775, 776, 777, 778, 779, 780, 781, 782, 783, 784, 785, 786, 787, 788, 789, 790, 791, 792, 793]","[105, 114, 138, 141, 152, 153, 154, 155, 157, 159, 164, 165, 176, 182, 191, 192, 194, 195, 196, 200, 204, 208, 209, 210, 211, 215, 226, 228, 241, 242, 243, 245, 248, 249, 250, 257, 261, 270, 271, 282, 287, 289, 291, 294, 296, 298, 306, 308, 309, 311, 314, 327, 333, 335, 337, 576, 585, 609, 612, 623, 624, 626, 627, 629, 631, 636, 637, 647, 653, 662, 663, 665, 666, 667, 671, 674, 678, 679, 680, 681, 690, 692, 705, 706, 707, 709, 711, 712, 713, 719, 721, 729, 730, 741, 746, 748, 750, 753, 755, 757, 764, 766, 767, 769, 772, 785, 791]","[1, 13, 14, 29, 54, 55, 56, 57, 58, 60, 102, 118, 125, 127, 130, 134, 146, 149, 153, 175, 182, 187, 189, 191, 197, 225, 230, 238, 264, 265, 266, 286, 302, 317, 336, 379, 388, 389, 425, 454, 458, 463, 475, 487, 498, 499, 512, 530, 531, 532, 533, 534, 536, 573, 589, 596, 598, 601, 605, 617, 620, 624, 646, 653, 658, 660, 662, 668, 689, 694, 702, 724, 725, 745, 760, 775, 793, 829, 838, 839, 877, 901, 903, 905, 910, 923]","[1, 13, 14, 29, 54, 55, 56, 57, 58, 60, 102, 118, 125, 127, 130, 134, 146, 149, 153, 175, 182, 187, 189, 191, 197, 225, 230, 238, 264, 265, 266, 286, 302, 317, 336, 354, 379, 388, 389, 425, 454, 458, 463, 475, 487, 498, 499, 512, 530, 531, 532, 533, 534, 536, 573, 589, 596, 598, 601, 605, 617, 620, 624, 646, 653, 658, 660, 662, 668, 689, 694, 702, 724, 725, 745, 760, 775, 793, 809, 829, 838, 839, 877, 901, 903, 905, 910, 923]","[1, 13, 14, 29, 54, 55, 56, 57, 58, 60, 102, 103, 104, 105, 106, 107, 108, 109, 110, 111, 112, 113, 114, 115, 116, 117, 118, 119, 120, 121, 122, 123, 124, 125, 126, 127, 128, 129, 130, 131, 132, 133, 134, 135, 136, 137, 138, 139, 140, 141, 142, 143, 144, 145, 146, 147, 148, 149, 150, 151, 152, 153, 154, 155, 156, 157, 158, 159, 160, 161, 162, 163, 164, 165, 166, 167, 168, 169, 170, 171, 172, 173, 174, 175, 176, 177, 178, 179, 180, 181, 182, 183, 184, 185, 186, 187, 188, 189, 190, 191, 192, 193, 194, 195, 196, 197, 198, 199, 200, 201, 202, 203, 204, 205, 206, 207, 208, 209, 210, 211, 212, 213, 214, 215, 216, 217, 218, 219, 220, 221, 222, 223, 224, 225, 226, 227, 228, 229, 230, 231, 232, 233, 234, 235, 236, 237, 238, 239, 240, 241, 242, 243, 244, 245, 246, 247, 248, 249, 250, 251, 252, 253, 254, 255, 256, 257, 258, 259, 260, 261, 262, 263, 264, 265, 266, 267, 268, 269, 270, 271, 272, 273, 274, 275, 276, 277, 278, 279, 280, 281, 282, 283, 284, 285, 286, 287, 288, 289, 290, 291, 292, 293, 294, 295, 296, 297, 298, 299, 300, 301, 302, 303, 304, 305, 306, 307, 308, 309, 310, 311, 312, 313, 314, 315, 316, 317, 318, 319, 320, 321, 322, 323, 324, 325, 326, 327, 328, 329, 330, 331, 332, 333, 334, 335, 336, 337, 354, 379, 388, 389, 425, 454, 458, 463, 475, 487, 498, 499, 512, 530, 531, 532, 533, 534, 536, 573, 574, 575, 576, 577, 578, 579, 580, 581, 582, 583, 584, 585, 586, 587, 588, 589, 590, 591, 592, 593, 594, 595, 596, 597, 598, 599, 600, 601, 602, 603, 604, 605, 606, 607, 608, 609, 610, 611, 612, 613, 614, 615, 616, 617, 618, 619, 620, 621, 622, 623, 624, 625, 626, 627, 628, 629, 630, 631, 632, 633, 634, 635, 636, 637, 638, 639, 640, 641, 642, 643, 644, 645, 646, 647, 648, 649, 650, 651, 652, 653, 654, 655, 656, 657, 658, 659, 660, 661, 662, 663, 664, 665, 666, 667, 668, 669, 670, 671, 672, 673, 674, 675, 676, 677, 678, 679, 680, 681, 682, 683, 684, 685, 686, 687, 688, 689, 690, 691, 692, 693, 694, 695, 696, 697, 698, 699, 700, 701, 702, 703, 704, 705, 706, 707, 708, 709, 710, 711, 712, 713, 714, 715, 716, 717, 718, 719, 720, 721, 722, 723, 724, 725, 726, 727, 728, 729, 730, 731, 732, 733, 734, 735, 736, 737, 738, 739, 740, 741, 742, 743, 744, 745, 746, 747, 748, 749, 750, 751, 752, 753, 754, 755, 756, 757, 758, 759, 760, 761, 762, 763, 764, 765, 766, 767, 768, 769, 770, 771, 772, 773, 774, 775, 776, 777, 778, 779, 780, 781, 782, 783, 784, 785, 786, 787, 788, 789, 790, 791, 792, 793, 809, 829, 838, 839, 877, 901, 903, 905, 910, 923]",False,[],"[103, 104, 105, 106, 107, 108, 109, 110, 111, 112, 113, 114, 115, 116, 117, 118, 119, 120, 121, 122, 123, 124, 125, 126, 127, 128, 129, 130, 131, 132, 133, 134, 135, 136, 137, 138, 139, 140, 141, 142, 143, 144, 145, 146, 147, 148, 149, 150, 151, 152, 153, 154, 155, 156, 157, 158, 159, 160, 161, 162, 163, 164, 165, 166, 167, 168, 169, 170, 171, 172, 173, 174, 175, 176, 177, 178, 179, 180, 181, 182, 183, 184, 185, 186, 187, 188, 189, 190, 191, 192, 193, 194, 195, 196, 197, 198, 199, 200, 201, 202, 203, 204, 205, 206, 207, 208, 209, 210, 211, 212, 213, 214, 215, 216, 217, 218, 219, 220, 221, 222, 223, 224, 225, 226, 227, 228, 229, 230, 231, 232, 233, 234, 235, 236, 237, 238, 239, 240, 241, 242, 243, 244, 245, 246, 247, 248, 249, 250, 251, 252, 253, 254, 255, 256, 257, 258, 259, 260, 261, 262, 263, 264, 265, 266, 267, 268, 269, 270, 271, 272, 273, 274, 275, 276, 277, 278, 279, 280, 281, 282, 283, 284, 285, 286, 287, 288, 289, 290, 291, 292, 293, 294, 295, 296, 297, 298, 299, 300, 301, 302, 303, 304, 305, 306, 307, 308, 309, 310, 311, 312, 313, 314, 315, 316, 317, 318, 319, 320, 321, 322, 323, 324, 325, 326, 327, 328, 329, 330, 331, 332, 333, 334, 335, 336, 337, 574, 575, 576, 577, 578, 579, 580, 581, 582, 583, 584, 585, 586, 587, 588, 589, 590, 591, 592, 593, 594, 595, 596, 597, 598, 599, 600, 601, 602, 603, 604, 605, 606, 607, 608, 609, 610, 611, 612, 613, 614, 615, 616, 617, 618, 619, 620, 621, 622, 623, 624, 625, 626, 627, 628, 629, 630, 631, 632, 633, 634, 635, 636, 637, 638, 639, 640, 641, 642, 643, 644, 645, 646, 647, 648, 649, 650, 651, 652, 653, 654, 655, 656, 657, 658, 659, 660, 661, 662, 663, 664, 665, 666, 667, 668, 669, 670, 671, 672, 673, 674, 675, 676, 677, 678, 679, 680, 681, 682, 683, 684, 685, 686, 687, 688, 689, 690, 691, 692, 693, 694, 695, 696, 697, 698, 699, 700, 701, 702, 703, 704, 705, 706, 707, 708, 709, 710, 711, 712, 713, 714, 715, 716, 717, 718, 719, 720, 721, 722, 723, 724, 725, 726, 727, 728, 729, 730, 731, 732, 733, 734, 735, 736, 737, 738, 739, 740, 741, 742, 743, 744, 745, 746, 747, 748, 749, 750, 751, 752, 753, 754, 755, 756, 757, 758, 759, 760, 761, 762, 763, 764, 765, 766, 767, 768, 769, 770, 771, 772, 773, 774, 775, 776, 777, 778, 779, 780, 781, 782, 783, 784, 785, 786, 787, 788, 789, 790, 791, 792, 793]",[],[],"[105, 114, 138, 141, 152, 153, 154, 155, 157, 159, 164, 165, 176, 182, 191, 192, 194, 195, 196, 200, 204, 208, 209, 210, 211, 215, 226, 228, 241, 242, 243, 245, 248, 249, 250, 257, 261, 270, 271, 282, 287, 289, 291, 294, 296, 298, 306, 308, 309, 311, 314, 327, 333, 335, 337, 576, 585, 609, 612, 623, 624, 626, 627, 629, 631, 636, 637, 647, 653, 662, 663, 665, 666, 667, 671, 674, 678, 679, 680, 681, 690, 692, 705, 706, 707, 709, 711, 712, 713, 719, 721, 729, 730, 741, 746, 748, 750, 753, 755, 757, 764, 766, 767, 769, 772, 785, 791]","[1, 13, 14, 29, 54, 55, 56, 57, 58, 60, 102, 118, 125, 127, 130, 134, 146, 149, 153, 175, 182, 187, 189, 191, 197, 225, 230, 238, 264, 265, 266, 286, 302, 317, 336, 354, 379, 388, 389, 425, 454, 458, 463, 475, 487, 498, 499, 512, 530, 531, 532, 533, 534, 536, 573, 589, 596, 598, 601, 605, 617, 620, 624, 646, 653, 658, 660, 662, 668, 689, 694, 702, 724, 725, 745, 760, 775, 793, 809, 829, 838, 839, 877, 901, 903, 905, 910, 923]","[1, 13, 14, 29, 54, 55, 56, 57, 58, 60, 102, 118, 125, 127, 130, 134, 146, 149, 153, 175, 182, 187, 189, 191, 197, 225, 230, 238, 264, 265, 266, 286, 302, 317, 336, 379, 388, 389, 425, 454, 458, 463, 475, 487, 498, 499, 512, 530, 531, 532, 533, 534, 536, 573, 589, 596, 598, 601, 605, 617, 620, 624, 646, 653, 658, 660, 662, 668, 689, 694, 702, 724, 725, 745, 760, 775, 793, 829, 838, 839, 877, 901, 903, 905, 910, 923]",7/6 successful match,False,[589],True,375,False,,,,,
"C Cottonwood , 96022 Cross Country Travel Center ( Texaco )",530-347-5353 I-5 Exit 662 ( Bowman Rd ),) HRS 24 S <U+2610>,Cottonwood,96022,Cross Country Travel Center ( Texaco ),530-347-5353,2007,Cottonwood,CA,Texaco,( Bowman Rd ),I-5 Exit 662 ,Exit,662,False,,False,I-5,,,,,[],[],[],[],"[103, 104, 105, 106, 107, 108, 109, 110, 111, 112, 113, 114, 115, 116, 117, 118, 119, 120, 121, 122, 123, 124, 125, 126, 127, 128, 129, 130, 131, 132, 133, 134, 135, 136, 137, 138, 139, 140, 141, 142, 143, 144, 145, 146, 147, 148, 149, 150, 151, 152, 153, 154, 155, 156, 157, 158, 159, 160, 161, 162, 163, 164, 165, 166, 167, 168, 169, 170, 171, 172, 173, 174, 175, 176, 177, 178, 179, 180, 181, 182, 183, 184, 185, 186, 187, 188, 189, 190, 191, 192, 193, 194, 195, 196, 197, 198, 199, 200, 201, 202, 203, 204, 205, 206, 207, 208, 209, 210, 211, 212, 213, 214, 215, 216, 217, 218, 219, 220, 221, 222, 223, 224, 225, 226, 227, 228, 229, 230, 231, 232, 233, 234, 235, 236, 237, 238, 239, 240, 241, 242, 243, 244, 245, 246, 247, 248, 249, 250, 251, 252, 253, 254, 255, 256, 257, 258, 259, 260, 261, 262, 263, 264, 265, 266, 267, 268, 269, 270, 271, 272, 273, 274, 275, 276, 277, 278, 279, 280, 281, 282, 283, 284, 285, 286, 287, 288, 289, 290, 291, 292, 293, 294, 295, 296, 297, 298, 299, 300, 301, 302, 303, 304, 305, 306, 307, 308, 309, 310, 311, 312, 313, 314, 315, 316, 317, 318, 319, 320, 321, 322, 323, 324, 325, 326, 327, 328, 329, 330, 331, 332, 333, 334, 335, 336, 337, 574, 575, 576, 577, 578, 579, 580, 581, 582, 583, 584, 585, 586, 587, 588, 589, 590, 591, 592, 593, 594, 595, 596, 597, 598, 599, 600, 601, 602, 603, 604, 605, 606, 607, 608, 609, 610, 611, 612, 613, 614, 615, 616, 617, 618, 619, 620, 621, 622, 623, 624, 625, 626, 627, 628, 629, 630, 631, 632, 633, 634, 635, 636, 637, 638, 639, 640, 641, 642, 643, 644, 645, 646, 647, 648, 649, 650, 651, 652, 653, 654, 655, 656, 657, 658, 659, 660, 661, 662, 663, 664, 665, 666, 667, 668, 669, 670, 671, 672, 673, 674, 675, 676, 677, 678, 679, 680, 681, 682, 683, 684, 685, 686, 687, 688, 689, 690, 691, 692, 693, 694, 695, 696, 697, 698, 699, 700, 701, 702, 703, 704, 705, 706, 707, 708, 709, 710, 711, 712, 713, 714, 715, 716, 717, 718, 719, 720, 721, 722, 723, 724, 725, 726, 727, 728, 729, 730, 731, 732, 733, 734, 735, 736, 737, 738, 739, 740, 741, 742, 743, 744, 745, 746, 747, 748, 749, 750, 751, 752, 753, 754, 755, 756, 757, 758, 759, 760, 761, 762, 763, 764, 765, 766, 767, 768, 769, 770, 771, 772, 773, 774, 775, 776, 777, 778, 779, 780, 781, 782, 783, 784, 785, 786, 787, 788, 789, 790, 791, 792, 793]","[105, 114, 138, 141, 152, 153, 154, 155, 157, 159, 164, 165, 176, 182, 191, 192, 194, 195, 196, 200, 204, 208, 209, 210, 211, 215, 226, 228, 241, 242, 243, 245, 248, 249, 250, 257, 261, 270, 271, 282, 287, 289, 291, 294, 296, 298, 306, 308, 309, 311, 314, 327, 333, 335, 337, 576, 585, 609, 612, 623, 624, 626, 627, 629, 631, 636, 637, 647, 653, 662, 663, 665, 666, 667, 671, 674, 678, 679, 680, 681, 690, 692, 705, 706, 707, 709, 711, 712, 713, 719, 721, 729, 730, 741, 746, 748, 750, 753, 755, 757, 764, 766, 767, 769, 772, 785, 791]","[26, 390, 474, 486, 509, 840, 922, 926]","[26, 390, 474, 486, 509, 840, 922, 926]","[26, 103, 104, 105, 106, 107, 108, 109, 110, 111, 112, 113, 114, 115, 116, 117, 118, 119, 120, 121, 122, 123, 124, 125, 126, 127, 128, 129, 130, 131, 132, 133, 134, 135, 136, 137, 138, 139, 140, 141, 142, 143, 144, 145, 146, 147, 148, 149, 150, 151, 152, 153, 154, 155, 156, 157, 158, 159, 160, 161, 162, 163, 164, 165, 166, 167, 168, 169, 170, 171, 172, 173, 174, 175, 176, 177, 178, 179, 180, 181, 182, 183, 184, 185, 186, 187, 188, 189, 190, 191, 192, 193, 194, 195, 196, 197, 198, 199, 200, 201, 202, 203, 204, 205, 206, 207, 208, 209, 210, 211, 212, 213, 214, 215, 216, 217, 218, 219, 220, 221, 222, 223, 224, 225, 226, 227, 228, 229, 230, 231, 232, 233, 234, 235, 236, 237, 238, 239, 240, 241, 242, 243, 244, 245, 246, 247, 248, 249, 250, 251, 252, 253, 254, 255, 256, 257, 258, 259, 260, 261, 262, 263, 264, 265, 266, 267, 268, 269, 270, 271, 272, 273, 274, 275, 276, 277, 278, 279, 280, 281, 282, 283, 284, 285, 286, 287, 288, 289, 290, 291, 292, 293, 294, 295, 296, 297, 298, 299, 300, 301, 302, 303, 304, 305, 306, 307, 308, 309, 310, 311, 312, 313, 314, 315, 316, 317, 318, 319, 320, 321, 322, 323, 324, 325, 326, 327, 328, 329, 330, 331, 332, 333, 334, 335, 336, 337, 390, 474, 486, 509, 574, 575, 576, 577, 578, 579, 580, 581, 582, 583, 584, 585, 586, 587, 588, 589, 590, 591, 592, 593, 594, 595, 596, 597, 598, 599, 600, 601, 602, 603, 604, 605, 606, 607, 608, 609, 610, 611, 612, 613, 614, 615, 616, 617, 618, 619, 620, 621, 622, 623, 624, 625, 626, 627, 628, 629, 630, 631, 632, 633, 634, 635, 636, 637, 638, 639, 640, 641, 642, 643, 644, 645, 646, 647, 648, 649, 650, 651, 652, 653, 654, 655, 656, 657, 658, 659, 660, 661, 662, 663, 664, 665, 666, 667, 668, 669, 670, 671, 672, 673, 674, 675, 676, 677, 678, 679, 680, 681, 682, 683, 684, 685, 686, 687, 688, 689, 690, 691, 692, 693, 694, 695, 696, 697, 698, 699, 700, 701, 702, 703, 704, 705, 706, 707, 708, 709, 710, 711, 712, 713, 714, 715, 716, 717, 718, 719, 720, 721, 722, 723, 724, 725, 726, 727, 728, 729, 730, 731, 732, 733, 734, 735, 736, 737, 738, 739, 740, 741, 742, 743, 744, 745, 746, 747, 748, 749, 750, 751, 752, 753, 754, 755, 756, 757, 758, 759, 760, 761, 762, 763, 764, 765, 766, 767, 768, 769, 770, 771, 772, 773, 774, 775, 776, 777, 778, 779, 780, 781, 782, 783, 784, 785, 786, 787, 788, 789, 790, 791, 792, 793, 840, 922, 926]",False,[],"[103, 104, 105, 106, 107, 108, 109, 110, 111, 112, 113, 114, 115, 116, 117, 118, 119, 120, 121, 122, 123, 124, 125, 126, 127, 128, 129, 130, 131, 132, 133, 134, 135, 136, 137, 138, 139, 140, 141, 142, 143, 144, 145, 146, 147, 148, 149, 150, 151, 152, 153, 154, 155, 156, 157, 158, 159, 160, 161, 162, 163, 164, 165, 166, 167, 168, 169, 170, 171, 172, 173, 174, 175, 176, 177, 178, 179, 180, 181, 182, 183, 184, 185, 186, 187, 188, 189, 190, 191, 192, 193, 194, 195, 196, 197, 198, 199, 200, 201, 202, 203, 204, 205, 206, 207, 208, 209, 210, 211, 212, 213, 214, 215, 216, 217, 218, 219, 220, 221, 222, 223, 224, 225, 226, 227, 228, 229, 230, 231, 232, 233, 234, 235, 236, 237, 238, 239, 240, 241, 242, 243, 244, 245, 246, 247, 248, 249, 250, 251, 252, 253, 254, 255, 256, 257, 258, 259, 260, 261, 262, 263, 264, 265, 266, 267, 268, 269, 270, 271, 272, 273, 274, 275, 276, 277, 278, 279, 280, 281, 282, 283, 284, 285, 286, 287, 288, 289, 290, 291, 292, 293, 294, 295, 296, 297, 298, 299, 300, 301, 302, 303, 304, 305, 306, 307, 308, 309, 310, 311, 312, 313, 314, 315, 316, 317, 318, 319, 320, 321, 322, 323, 324, 325, 326, 327, 328, 329, 330, 331, 332, 333, 334, 335, 336, 337, 574, 575, 576, 577, 578, 579, 580, 581, 582, 583, 584, 585, 586, 587, 588, 589, 590, 591, 592, 593, 594, 595, 596, 597, 598, 599, 600, 601, 602, 603, 604, 605, 606, 607, 608, 609, 610, 611, 612, 613, 614, 615, 616, 617, 618, 619, 620, 621, 622, 623, 624, 625, 626, 627, 628, 629, 630, 631, 632, 633, 634, 635, 636, 637, 638, 639, 640, 641, 642, 643, 644, 645, 646, 647, 648, 649, 650, 651, 652, 653, 654, 655, 656, 657, 658, 659, 660, 661, 662, 663, 664, 665, 666, 667, 668, 669, 670, 671, 672, 673, 674, 675, 676, 677, 678, 679, 680, 681, 682, 683, 684, 685, 686, 687, 688, 689, 690, 691, 692, 693, 694, 695, 696, 697, 698, 699, 700, 701, 702, 703, 704, 705, 706, 707, 708, 709, 710, 711, 712, 713, 714, 715, 716, 717, 718, 719, 720, 721, 722, 723, 724, 725, 726, 727, 728, 729, 730, 731, 732, 733, 734, 735, 736, 737, 738, 739, 740, 741, 742, 743, 744, 745, 746, 747, 748, 749, 750, 751, 752, 753, 754, 755, 756, 757, 758, 759, 760, 761, 762, 763, 764, 765, 766, 767, 768, 769, 770, 771, 772, 773, 774, 775, 776, 777, 778, 779, 780, 781, 782, 783, 784, 785, 786, 787, 788, 789, 790, 791, 792, 793]",[],[],"[105, 114, 138, 141, 152, 153, 154, 155, 157, 159, 164, 165, 176, 182, 191, 192, 194, 195, 196, 200, 204, 208, 209, 210, 211, 215, 226, 228, 241, 242, 243, 245, 248, 249, 250, 257, 261, 270, 271, 282, 287, 289, 291, 294, 296, 298, 306, 308, 309, 311, 314, 327, 333, 335, 337, 576, 585, 609, 612, 623, 624, 626, 627, 629, 631, 636, 637, 647, 653, 662, 663, 665, 666, 667, 671, 674, 678, 679, 680, 681, 690, 692, 705, 706, 707, 709, 711, 712, 713, 719, 721, 729, 730, 741, 746, 748, 750, 753, 755, 757, 764, 766, 767, 769, 772, 785, 791]","[26, 390, 474, 486, 509, 840, 922, 926]","[26, 390, 474, 486, 509, 840, 922, 926]",5/6 successful match,False,[589],True,375,False,,1.0,False,Cross Country Travel Center ( Shell ),Shell
"C Cottonwood , 96022 Cross Country Travel Center ( Texaco )",2 530-347-5353 I-5 Exit 662 ( Bowman Rd ),24 S <U+2610>,Cottonwood,96022,Cross Country Travel Center ( Texaco ),530-347-5353,2008,Cottonwood,CA,Texaco,( Bowman Rd ),I-5 Exit 662 ,Exit,662,False,,False,I-5,,,,,[],[],[],[],"[103, 104, 105, 106, 107, 108, 109, 110, 111, 112, 113, 114, 115, 116, 117, 118, 119, 120, 121, 122, 123, 124, 125, 126, 127, 128, 129, 130, 131, 132, 133, 134, 135, 136, 137, 138, 139, 140, 141, 142, 143, 144, 145, 146, 147, 148, 149, 150, 151, 152, 153, 154, 155, 156, 157, 158, 159, 160, 161, 162, 163, 164, 165, 166, 167, 168, 169, 170, 171, 172, 173, 174, 175, 176, 177, 178, 179, 180, 181, 182, 183, 184, 185, 186, 187, 188, 189, 190, 191, 192, 193, 194, 195, 196, 197, 198, 199, 200, 201, 202, 203, 204, 205, 206, 207, 208, 209, 210, 211, 212, 213, 214, 215, 216, 217, 218, 219, 220, 221, 222, 223, 224, 225, 226, 227, 228, 229, 230, 231, 232, 233, 234, 235, 236, 237, 238, 239, 240, 241, 242, 243, 244, 245, 246, 247, 248, 249, 250, 251, 252, 253, 254, 255, 256, 257, 258, 259, 260, 261, 262, 263, 264, 265, 266, 267, 268, 269, 270, 271, 272, 273, 274, 275, 276, 277, 278, 279, 280, 281, 282, 283, 284, 285, 286, 287, 288, 289, 290, 291, 292, 293, 294, 295, 296, 297, 298, 299, 300, 301, 302, 303, 304, 305, 306, 307, 308, 309, 310, 311, 312, 313, 314, 315, 316, 317, 318, 319, 320, 321, 322, 323, 324, 325, 326, 327, 328, 329, 330, 331, 332, 333, 334, 335, 336, 337, 574, 575, 576, 577, 578, 579, 580, 581, 582, 583, 584, 585, 586, 587, 588, 589, 590, 591, 592, 593, 594, 595, 596, 597, 598, 599, 600, 601, 602, 603, 604, 605, 606, 607, 608, 609, 610, 611, 612, 613, 614, 615, 616, 617, 618, 619, 620, 621, 622, 623, 624, 625, 626, 627, 628, 629, 630, 631, 632, 633, 634, 635, 636, 637, 638, 639, 640, 641, 642, 643, 644, 645, 646, 647, 648, 649, 650, 651, 652, 653, 654, 655, 656, 657, 658, 659, 660, 661, 662, 663, 664, 665, 666, 667, 668, 669, 670, 671, 672, 673, 674, 675, 676, 677, 678, 679, 680, 681, 682, 683, 684, 685, 686, 687, 688, 689, 690, 691, 692, 693, 694, 695, 696, 697, 698, 699, 700, 701, 702, 703, 704, 705, 706, 707, 708, 709, 710, 711, 712, 713, 714, 715, 716, 717, 718, 719, 720, 721, 722, 723, 724, 725, 726, 727, 728, 729, 730, 731, 732, 733, 734, 735, 736, 737, 738, 739, 740, 741, 742, 743, 744, 745, 746, 747, 748, 749, 750, 751, 752, 753, 754, 755, 756, 757, 758, 759, 760, 761, 762, 763, 764, 765, 766, 767, 768, 769, 770, 771, 772, 773, 774, 775, 776, 777, 778, 779, 780, 781, 782, 783, 784, 785, 786, 787, 788, 789, 790, 791, 792, 793]","[105, 114, 138, 141, 152, 153, 154, 155, 157, 159, 164, 165, 176, 182, 191, 192, 194, 195, 196, 200, 204, 208, 209, 210, 211, 215, 226, 228, 241, 242, 243, 245, 248, 249, 250, 257, 261, 270, 271, 282, 287, 289, 291, 294, 296, 298, 306, 308, 309, 311, 314, 327, 333, 335, 337, 576, 585, 609, 612, 623, 624, 626, 627, 629, 631, 636, 637, 647, 653, 662, 663, 665, 666, 667, 671, 674, 678, 679, 680, 681, 690, 692, 705, 706, 707, 709, 711, 712, 713, 719, 721, 729, 730, 741, 746, 748, 750, 753, 755, 757, 764, 766, 767, 769, 772, 785, 791]","[26, 390, 474, 486, 509, 840, 922, 926]","[26, 390, 474, 486, 509, 840, 922, 926]","[26, 103, 104, 105, 106, 107, 108, 109, 110, 111, 112, 113, 114, 115, 116, 117, 118, 119, 120, 121, 122, 123, 124, 125, 126, 127, 128, 129, 130, 131, 132, 133, 134, 135, 136, 137, 138, 139, 140, 141, 142, 143, 144, 145, 146, 147, 148, 149, 150, 151, 152, 153, 154, 155, 156, 157, 158, 159, 160, 161, 162, 163, 164, 165, 166, 167, 168, 169, 170, 171, 172, 173, 174, 175, 176, 177, 178, 179, 180, 181, 182, 183, 184, 185, 186, 187, 188, 189, 190, 191, 192, 193, 194, 195, 196, 197, 198, 199, 200, 201, 202, 203, 204, 205, 206, 207, 208, 209, 210, 211, 212, 213, 214, 215, 216, 217, 218, 219, 220, 221, 222, 223, 224, 225, 226, 227, 228, 229, 230, 231, 232, 233, 234, 235, 236, 237, 238, 239, 240, 241, 242, 243, 244, 245, 246, 247, 248, 249, 250, 251, 252, 253, 254, 255, 256, 257, 258, 259, 260, 261, 262, 263, 264, 265, 266, 267, 268, 269, 270, 271, 272, 273, 274, 275, 276, 277, 278, 279, 280, 281, 282, 283, 284, 285, 286, 287, 288, 289, 290, 291, 292, 293, 294, 295, 296, 297, 298, 299, 300, 301, 302, 303, 304, 305, 306, 307, 308, 309, 310, 311, 312, 313, 314, 315, 316, 317, 318, 319, 320, 321, 322, 323, 324, 325, 326, 327, 328, 329, 330, 331, 332, 333, 334, 335, 336, 337, 390, 474, 486, 509, 574, 575, 576, 577, 578, 579, 580, 581, 582, 583, 584, 585, 586, 587, 588, 589, 590, 591, 592, 593, 594, 595, 596, 597, 598, 599, 600, 601, 602, 603, 604, 605, 606, 607, 608, 609, 610, 611, 612, 613, 614, 615, 616, 617, 618, 619, 620, 621, 622, 623, 624, 625, 626, 627, 628, 629, 630, 631, 632, 633, 634, 635, 636, 637, 638, 639, 640, 641, 642, 643, 644, 645, 646, 647, 648, 649, 650, 651, 652, 653, 654, 655, 656, 657, 658, 659, 660, 661, 662, 663, 664, 665, 666, 667, 668, 669, 670, 671, 672, 673, 674, 675, 676, 677, 678, 679, 680, 681, 682, 683, 684, 685, 686, 687, 688, 689, 690, 691, 692, 693, 694, 695, 696, 697, 698, 699, 700, 701, 702, 703, 704, 705, 706, 707, 708, 709, 710, 711, 712, 713, 714, 715, 716, 717, 718, 719, 720, 721, 722, 723, 724, 725, 726, 727, 728, 729, 730, 731, 732, 733, 734, 735, 736, 737, 738, 739, 740, 741, 742, 743, 744, 745, 746, 747, 748, 749, 750, 751, 752, 753, 754, 755, 756, 757, 758, 759, 760, 761, 762, 763, 764, 765, 766, 767, 768, 769, 770, 771, 772, 773, 774, 775, 776, 777, 778, 779, 780, 781, 782, 783, 784, 785, 786, 787, 788, 789, 790, 791, 792, 793, 840, 922, 926]",False,[],"[103, 104, 105, 106, 107, 108, 109, 110, 111, 112, 113, 114, 115, 116, 117, 118, 119, 120, 121, 122, 123, 124, 125, 126, 127, 128, 129, 130, 131, 132, 133, 134, 135, 136, 137, 138, 139, 140, 141, 142, 143, 144, 145, 146, 147, 148, 149, 150, 151, 152, 153, 154, 155, 156, 157, 158, 159, 160, 161, 162, 163, 164, 165, 166, 167, 168, 169, 170, 171, 172, 173, 174, 175, 176, 177, 178, 179, 180, 181, 182, 183, 184, 185, 186, 187, 188, 189, 190, 191, 192, 193, 194, 195, 196, 197, 198, 199, 200, 201, 202, 203, 204, 205, 206, 207, 208, 209, 210, 211, 212, 213, 214, 215, 216, 217, 218, 219, 220, 221, 222, 223, 224, 225, 226, 227, 228, 229, 230, 231, 232, 233, 234, 235, 236, 237, 238, 239, 240, 241, 242, 243, 244, 245, 246, 247, 248, 249, 250, 251, 252, 253, 254, 255, 256, 257, 258, 259, 260, 261, 262, 263, 264, 265, 266, 267, 268, 269, 270, 271, 272, 273, 274, 275, 276, 277, 278, 279, 280, 281, 282, 283, 284, 285, 286, 287, 288, 289, 290, 291, 292, 293, 294, 295, 296, 297, 298, 299, 300, 301, 302, 303, 304, 305, 306, 307, 308, 309, 310, 311, 312, 313, 314, 315, 316, 317, 318, 319, 320, 321, 322, 323, 324, 325, 326, 327, 328, 329, 330, 331, 332, 333, 334, 335, 336, 337, 574, 575, 576, 577, 578, 579, 580, 581, 582, 583, 584, 585, 586, 587, 588, 589, 590, 591, 592, 593, 594, 595, 596, 597, 598, 599, 600, 601, 602, 603, 604, 605, 606, 607, 608, 609, 610, 611, 612, 613, 614, 615, 616, 617, 618, 619, 620, 621, 622, 623, 624, 625, 626, 627, 628, 629, 630, 631, 632, 633, 634, 635, 636, 637, 638, 639, 640, 641, 642, 643, 644, 645, 646, 647, 648, 649, 650, 651, 652, 653, 654, 655, 656, 657, 658, 659, 660, 661, 662, 663, 664, 665, 666, 667, 668, 669, 670, 671, 672, 673, 674, 675, 676, 677, 678, 679, 680, 681, 682, 683, 684, 685, 686, 687, 688, 689, 690, 691, 692, 693, 694, 695, 696, 697, 698, 699, 700, 701, 702, 703, 704, 705, 706, 707, 708, 709, 710, 711, 712, 713, 714, 715, 716, 717, 718, 719, 720, 721, 722, 723, 724, 725, 726, 727, 728, 729, 730, 731, 732, 733, 734, 735, 736, 737, 738, 739, 740, 741, 742, 743, 744, 745, 746, 747, 748, 749, 750, 751, 752, 753, 754, 755, 756, 757, 758, 759, 760, 761, 762, 763, 764, 765, 766, 767, 768, 769, 770, 771, 772, 773, 774, 775, 776, 777, 778, 779, 780, 781, 782, 783, 784, 785, 786, 787, 788, 789, 790, 791, 792, 793]",[],[],"[105, 114, 138, 141, 152, 153, 154, 155, 157, 159, 164, 165, 176, 182, 191, 192, 194, 195, 196, 200, 204, 208, 209, 210, 211, 215, 226, 228, 241, 242, 243, 245, 248, 249, 250, 257, 261, 270, 271, 282, 287, 289, 291, 294, 296, 298, 306, 308, 309, 311, 314, 327, 333, 335, 337, 576, 585, 609, 612, 623, 624, 626, 627, 629, 631, 636, 637, 647, 653, 662, 663, 665, 666, 667, 671, 674, 678, 679, 680, 681, 690, 692, 705, 706, 707, 709, 711, 712, 713, 719, 721, 729, 730, 741, 746, 748, 750, 753, 755, 757, 764, 766, 767, 769, 772, 785, 791]","[26, 390, 474, 486, 509, 840, 922, 926]","[26, 390, 474, 486, 509, 840, 922, 926]",5/6 successful match,False,[589],True,375,False,,1.0,True,Cross Country Travel Center ( Texaco ),Texaco
Cottonwood ( 96022 ) Cross Country Travel Center ( Texaco ),2 530-347-5353 I-5 Exit 662 ( Bowman Rd ),24 S,Cottonwood,96022,Cross Country Travel Center ( Texaco ),530-347-5353,2014,Cottonwood,CA,Texaco,( Bowman Rd ),I-5 Exit 662 ,Exit,662,False,,False,I-5,,,,,[],[],[],[],"[103, 104, 105, 106, 107, 108, 109, 110, 111, 112, 113, 114, 115, 116, 117, 118, 119, 120, 121, 122, 123, 124, 125, 126, 127, 128, 129, 130, 131, 132, 133, 134, 135, 136, 137, 138, 139, 140, 141, 142, 143, 144, 145, 146, 147, 148, 149, 150, 151, 152, 153, 154, 155, 156, 157, 158, 159, 160, 161, 162, 163, 164, 165, 166, 167, 168, 169, 170, 171, 172, 173, 174, 175, 176, 177, 178, 179, 180, 181, 182, 183, 184, 185, 186, 187, 188, 189, 190, 191, 192, 193, 194, 195, 196, 197, 198, 199, 200, 201, 202, 203, 204, 205, 206, 207, 208, 209, 210, 211, 212, 213, 214, 215, 216, 217, 218, 219, 220, 221, 222, 223, 224, 225, 226, 227, 228, 229, 230, 231, 232, 233, 234, 235, 236, 237, 238, 239, 240, 241, 242, 243, 244, 245, 246, 247, 248, 249, 250, 251, 252, 253, 254, 255, 256, 257, 258, 259, 260, 261, 262, 263, 264, 265, 266, 267, 268, 269, 270, 271, 272, 273, 274, 275, 276, 277, 278, 279, 280, 281, 282, 283, 284, 285, 286, 287, 288, 289, 290, 291, 292, 293, 294, 295, 296, 297, 298, 299, 300, 301, 302, 303, 304, 305, 306, 307, 308, 309, 310, 311, 312, 313, 314, 315, 316, 317, 318, 319, 320, 321, 322, 323, 324, 325, 326, 327, 328, 329, 330, 331, 332, 333, 334, 335, 336, 337, 574, 575, 576, 577, 578, 579, 580, 581, 582, 583, 584, 585, 586, 587, 588, 589, 590, 591, 592, 593, 594, 595, 596, 597, 598, 599, 600, 601, 602, 603, 604, 605, 606, 607, 608, 609, 610, 611, 612, 613, 614, 615, 616, 617, 618, 619, 620, 621, 622, 623, 624, 625, 626, 627, 628, 629, 630, 631, 632, 633, 634, 635, 636, 637, 638, 639, 640, 641, 642, 643, 644, 645, 646, 647, 648, 649, 650, 651, 652, 653, 654, 655, 656, 657, 658, 659, 660, 661, 662, 663, 664, 665, 666, 667, 668, 669, 670, 671, 672, 673, 674, 675, 676, 677, 678, 679, 680, 681, 682, 683, 684, 685, 686, 687, 688, 689, 690, 691, 692, 693, 694, 695, 696, 697, 698, 699, 700, 701, 702, 703, 704, 705, 706, 707, 708, 709, 710, 711, 712, 713, 714, 715, 716, 717, 718, 719, 720, 721, 722, 723, 724, 725, 726, 727, 728, 729, 730, 731, 732, 733, 734, 735, 736, 737, 738, 739, 740, 741, 742, 743, 744, 745, 746, 747, 748, 749, 750, 751, 752, 753, 754, 755, 756, 757, 758, 759, 760, 761, 762, 763, 764, 765, 766, 767, 768, 769, 770, 771, 772, 773, 774, 775, 776, 777, 778, 779, 780, 781, 782, 783, 784, 785, 786, 787, 788, 789, 790, 791, 792, 793]","[105, 114, 138, 141, 152, 153, 154, 155, 157, 159, 164, 165, 176, 182, 191, 192, 194, 195, 196, 200, 204, 208, 209, 210, 211, 215, 226, 228, 241, 242, 243, 245, 248, 249, 250, 257, 261, 270, 271, 282, 287, 289, 291, 294, 296, 298, 306, 308, 309, 311, 314, 327, 333, 335, 337, 576, 585, 609, 612, 623, 624, 626, 627, 629, 631, 636, 637, 647, 653, 662, 663, 665, 666, 667, 671, 674, 678, 679, 680, 681, 690, 692, 705, 706, 707, 709, 711, 712, 713, 719, 721, 729, 730, 741, 746, 748, 750, 753, 755, 757, 764, 766, 767, 769, 772, 785, 791]","[26, 390, 474, 486, 509, 840, 922, 926]","[26, 390, 474, 486, 509, 840, 922, 926]","[26, 103, 104, 105, 106, 107, 108, 109, 110, 111, 112, 113, 114, 115, 116, 117, 118, 119, 120, 121, 122, 123, 124, 125, 126, 127, 128, 129, 130, 131, 132, 133, 134, 135, 136, 137, 138, 139, 140, 141, 142, 143, 144, 145, 146, 147, 148, 149, 150, 151, 152, 153, 154, 155, 156, 157, 158, 159, 160, 161, 162, 163, 164, 165, 166, 167, 168, 169, 170, 171, 172, 173, 174, 175, 176, 177, 178, 179, 180, 181, 182, 183, 184, 185, 186, 187, 188, 189, 190, 191, 192, 193, 194, 195, 196, 197, 198, 199, 200, 201, 202, 203, 204, 205, 206, 207, 208, 209, 210, 211, 212, 213, 214, 215, 216, 217, 218, 219, 220, 221, 222, 223, 224, 225, 226, 227, 228, 229, 230, 231, 232, 233, 234, 235, 236, 237, 238, 239, 240, 241, 242, 243, 244, 245, 246, 247, 248, 249, 250, 251, 252, 253, 254, 255, 256, 257, 258, 259, 260, 261, 262, 263, 264, 265, 266, 267, 268, 269, 270, 271, 272, 273, 274, 275, 276, 277, 278, 279, 280, 281, 282, 283, 284, 285, 286, 287, 288, 289, 290, 291, 292, 293, 294, 295, 296, 297, 298, 299, 300, 301, 302, 303, 304, 305, 306, 307, 308, 309, 310, 311, 312, 313, 314, 315, 316, 317, 318, 319, 320, 321, 322, 323, 324, 325, 326, 327, 328, 329, 330, 331, 332, 333, 334, 335, 336, 337, 390, 474, 486, 509, 574, 575, 576, 577, 578, 579, 580, 581, 582, 583, 584, 585, 586, 587, 588, 589, 590, 591, 592, 593, 594, 595, 596, 597, 598, 599, 600, 601, 602, 603, 604, 605, 606, 607, 608, 609, 610, 611, 612, 613, 614, 615, 616, 617, 618, 619, 620, 621, 622, 623, 624, 625, 626, 627, 628, 629, 630, 631, 632, 633, 634, 635, 636, 637, 638, 639, 640, 641, 642, 643, 644, 645, 646, 647, 648, 649, 650, 651, 652, 653, 654, 655, 656, 657, 658, 659, 660, 661, 662, 663, 664, 665, 666, 667, 668, 669, 670, 671, 672, 673, 674, 675, 676, 677, 678, 679, 680, 681, 682, 683, 684, 685, 686, 687, 688, 689, 690, 691, 692, 693, 694, 695, 696, 697, 698, 699, 700, 701, 702, 703, 704, 705, 706, 707, 708, 709, 710, 711, 712, 713, 714, 715, 716, 717, 718, 719, 720, 721, 722, 723, 724, 725, 726, 727, 728, 729, 730, 731, 732, 733, 734, 735, 736, 737, 738, 739, 740, 741, 742, 743, 744, 745, 746, 747, 748, 749, 750, 751, 752, 753, 754, 755, 756, 757, 758, 759, 760, 761, 762, 763, 764, 765, 766, 767, 768, 769, 770, 771, 772, 773, 774, 775, 776, 777, 778, 779, 780, 781, 782, 783, 784, 785, 786, 787, 788, 789, 790, 791, 792, 793, 840, 922, 926]",False,[],"[103, 104, 105, 106, 107, 108, 109, 110, 111, 112, 113, 114, 115, 116, 117, 118, 119, 120, 121, 122, 123, 124, 125, 126, 127, 128, 129, 130, 131, 132, 133, 134, 135, 136, 137, 138, 139, 140, 141, 142, 143, 144, 145, 146, 147, 148, 149, 150, 151, 152, 153, 154, 155, 156, 157, 158, 159, 160, 161, 162, 163, 164, 165, 166, 167, 168, 169, 170, 171, 172, 173, 174, 175, 176, 177, 178, 179, 180, 181, 182, 183, 184, 185, 186, 187, 188, 189, 190, 191, 192, 193, 194, 195, 196, 197, 198, 199, 200, 201, 202, 203, 204, 205, 206, 207, 208, 209, 210, 211, 212, 213, 214, 215, 216, 217, 218, 219, 220, 221, 222, 223, 224, 225, 226, 227, 228, 229, 230, 231, 232, 233, 234, 235, 236, 237, 238, 239, 240, 241, 242, 243, 244, 245, 246, 247, 248, 249, 250, 251, 252, 253, 254, 255, 256, 257, 258, 259, 260, 261, 262, 263, 264, 265, 266, 267, 268, 269, 270, 271, 272, 273, 274, 275, 276, 277, 278, 279, 280, 281, 282, 283, 284, 285, 286, 287, 288, 289, 290, 291, 292, 293, 294, 295, 296, 297, 298, 299, 300, 301, 302, 303, 304, 305, 306, 307, 308, 309, 310, 311, 312, 313, 314, 315, 316, 317, 318, 319, 320, 321, 322, 323, 324, 325, 326, 327, 328, 329, 330, 331, 332, 333, 334, 335, 336, 337, 574, 575, 576, 577, 578, 579, 580, 581, 582, 583, 584, 585, 586, 587, 588, 589, 590, 591, 592, 593, 594, 595, 596, 597, 598, 599, 600, 601, 602, 603, 604, 605, 606, 607, 608, 609, 610, 611, 612, 613, 614, 615, 616, 617, 618, 619, 620, 621, 622, 623, 624, 625, 626, 627, 628, 629, 630, 631, 632, 633, 634, 635, 636, 637, 638, 639, 640, 641, 642, 643, 644, 645, 646, 647, 648, 649, 650, 651, 652, 653, 654, 655, 656, 657, 658, 659, 660, 661, 662, 663, 664, 665, 666, 667, 668, 669, 670, 671, 672, 673, 674, 675, 676, 677, 678, 679, 680, 681, 682, 683, 684, 685, 686, 687, 688, 689, 690, 691, 692, 693, 694, 695, 696, 697, 698, 699, 700, 701, 702, 703, 704, 705, 706, 707, 708, 709, 710, 711, 712, 713, 714, 715, 716, 717, 718, 719, 720, 721, 722, 723, 724, 725, 726, 727, 728, 729, 730, 731, 732, 733, 734, 735, 736, 737, 738, 739, 740, 741, 742, 743, 744, 745, 746, 747, 748, 749, 750, 751, 752, 753, 754, 755, 756, 757, 758, 759, 760, 761, 762, 763, 764, 765, 766, 767, 768, 769, 770, 771, 772, 773, 774, 775, 776, 777, 778, 779, 780, 781, 782, 783, 784, 785, 786, 787, 788, 789, 790, 791, 792, 793]",[],[],"[105, 114, 138, 141, 152, 153, 154, 155, 157, 159, 164, 165, 176, 182, 191, 192, 194, 195, 196, 200, 204, 208, 209, 210, 211, 215, 226, 228, 241, 242, 243, 245, 248, 249, 250, 257, 261, 270, 271, 282, 287, 289, 291, 294, 296, 298, 306, 308, 309, 311, 314, 327, 333, 335, 337, 576, 585, 609, 612, 623, 624, 626, 627, 629, 631, 636, 637, 647, 653, 662, 663, 665, 666, 667, 671, 674, 678, 679, 680, 681, 690, 692, 705, 706, 707, 709, 711, 712, 713, 719, 721, 729, 730, 741, 746, 748, 750, 753, 755, 757, 764, 766, 767, 769, 772, 785, 791]","[26, 390, 474, 486, 509, 840, 922, 926]","[26, 390, 474, 486, 509, 840, 922, 926]",5/6 successful match,False,[589],True,375,False,,1.0,True,Cross Country Travel Center ( Texaco ),Texaco
C Cottonwood ( 96022 ) Cottonwood Texaco,530-347-5353 I-5 Exit 662 ( Bowman Rd ),24 SO,Cottonwood,96022,Cottonwood Texaco,530-347-5353,2015,Cottonwood,CA,Texaco,( Bowman Rd ),I-5 Exit 662 ,Exit,662,False,,False,I-5,,,,,[],[],[],[],"[103, 104, 105, 106, 107, 108, 109, 110, 111, 112, 113, 114, 115, 116, 117, 118, 119, 120, 121, 122, 123, 124, 125, 126, 127, 128, 129, 130, 131, 132, 133, 134, 135, 136, 137, 138, 139, 140, 141, 142, 143, 144, 145, 146, 147, 148, 149, 150, 151, 152, 153, 154, 155, 156, 157, 158, 159, 160, 161, 162, 163, 164, 165, 166, 167, 168, 169, 170, 171, 172, 173, 174, 175, 176, 177, 178, 179, 180, 181, 182, 183, 184, 185, 186, 187, 188, 189, 190, 191, 192, 193, 194, 195, 196, 197, 198, 199, 200, 201, 202, 203, 204, 205, 206, 207, 208, 209, 210, 211, 212, 213, 214, 215, 216, 217, 218, 219, 220, 221, 222, 223, 224, 225, 226, 227, 228, 229, 230, 231, 232, 233, 234, 235, 236, 237, 238, 239, 240, 241, 242, 243, 244, 245, 246, 247, 248, 249, 250, 251, 252, 253, 254, 255, 256, 257, 258, 259, 260, 261, 262, 263, 264, 265, 266, 267, 268, 269, 270, 271, 272, 273, 274, 275, 276, 277, 278, 279, 280, 281, 282, 283, 284, 285, 286, 287, 288, 289, 290, 291, 292, 293, 294, 295, 296, 297, 298, 299, 300, 301, 302, 303, 304, 305, 306, 307, 308, 309, 310, 311, 312, 313, 314, 315, 316, 317, 318, 319, 320, 321, 322, 323, 324, 325, 326, 327, 328, 329, 330, 331, 332, 333, 334, 335, 336, 337, 574, 575, 576, 577, 578, 579, 580, 581, 582, 583, 584, 585, 586, 587, 588, 589, 590, 591, 592, 593, 594, 595, 596, 597, 598, 599, 600, 601, 602, 603, 604, 605, 606, 607, 608, 609, 610, 611, 612, 613, 614, 615, 616, 617, 618, 619, 620, 621, 622, 623, 624, 625, 626, 627, 628, 629, 630, 631, 632, 633, 634, 635, 636, 637, 638, 639, 640, 641, 642, 643, 644, 645, 646, 647, 648, 649, 650, 651, 652, 653, 654, 655, 656, 657, 658, 659, 660, 661, 662, 663, 664, 665, 666, 667, 668, 669, 670, 671, 672, 673, 674, 675, 676, 677, 678, 679, 680, 681, 682, 683, 684, 685, 686, 687, 688, 689, 690, 691, 692, 693, 694, 695, 696, 697, 698, 699, 700, 701, 702, 703, 704, 705, 706, 707, 708, 709, 710, 711, 712, 713, 714, 715, 716, 717, 718, 719, 720, 721, 722, 723, 724, 725, 726, 727, 728, 729, 730, 731, 732, 733, 734, 735, 736, 737, 738, 739, 740, 741, 742, 743, 744, 745, 746, 747, 748, 749, 750, 751, 752, 753, 754, 755, 756, 757, 758, 759, 760, 761, 762, 763, 764, 765, 766, 767, 768, 769, 770, 771, 772, 773, 774, 775, 776, 777, 778, 779, 780, 781, 782, 783, 784, 785, 786, 787, 788, 789, 790, 791, 792, 793]","[105, 114, 138, 141, 152, 153, 154, 155, 157, 159, 164, 165, 176, 182, 191, 192, 194, 195, 196, 200, 204, 208, 209, 210, 211, 215, 226, 228, 241, 242, 243, 245, 248, 249, 250, 257, 261, 270, 271, 282, 287, 289, 291, 294, 296, 298, 306, 308, 309, 311, 314, 327, 333, 335, 337, 576, 585, 609, 612, 623, 624, 626, 627, 629, 631, 636, 637, 647, 653, 662, 663, 665, 666, 667, 671, 674, 678, 679, 680, 681, 690, 692, 705, 706, 707, 709, 711, 712, 713, 719, 721, 729, 730, 741, 746, 748, 750, 753, 755, 757, 764, 766, 767, 769, 772, 785, 791]","[26, 390, 474, 486, 509, 840, 922, 926]","[26, 390, 408, 474, 486, 509, 840, 858, 922, 926]","[26, 103, 104, 105, 106, 107, 108, 109, 110, 111, 112, 113, 114, 115, 116, 117, 118, 119, 120, 121, 122, 123, 124, 125, 126, 127, 128, 129, 130, 131, 132, 133, 134, 135, 136, 137, 138, 139, 140, 141, 142, 143, 144, 145, 146, 147, 148, 149, 150, 151, 152, 153, 154, 155, 156, 157, 158, 159, 160, 161, 162, 163, 164, 165, 166, 167, 168, 169, 170, 171, 172, 173, 174, 175, 176, 177, 178, 179, 180, 181, 182, 183, 184, 185, 186, 187, 188, 189, 190, 191, 192, 193, 194, 195, 196, 197, 198, 199, 200, 201, 202, 203, 204, 205, 206, 207, 208, 209, 210, 211, 212, 213, 214, 215, 216, 217, 218, 219, 220, 221, 222, 223, 224, 225, 226, 227, 228, 229, 230, 231, 232, 233, 234, 235, 236, 237, 238, 239, 240, 241, 242, 243, 244, 245, 246, 247, 248, 249, 250, 251, 252, 253, 254, 255, 256, 257, 258, 259, 260, 261, 262, 263, 264, 265, 266, 267, 268, 269, 270, 271, 272, 273, 274, 275, 276, 277, 278, 279, 280, 281, 282, 283, 284, 285, 286, 287, 288, 289, 290, 291, 292, 293, 294, 295, 296, 297, 298, 299, 300, 301, 302, 303, 304, 305, 306, 307, 308, 309, 310, 311, 312, 313, 314, 315, 316, 317, 318, 319, 320, 321, 322, 323, 324, 325, 326, 327, 328, 329, 330, 331, 332, 333, 334, 335, 336, 337, 390, 408, 474, 486, 509, 574, 575, 576, 577, 578, 579, 580, 581, 582, 583, 584, 585, 586, 587, 588, 589, 590, 591, 592, 593, 594, 595, 596, 597, 598, 599, 600, 601, 602, 603, 604, 605, 606, 607, 608, 609, 610, 611, 612, 613, 614, 615, 616, 617, 618, 619, 620, 621, 622, 623, 624, 625, 626, 627, 628, 629, 630, 631, 632, 633, 634, 635, 636, 637, 638, 639, 640, 641, 642, 643, 644, 645, 646, 647, 648, 649, 650, 651, 652, 653, 654, 655, 656, 657, 658, 659, 660, 661, 662, 663, 664, 665, 666, 667, 668, 669, 670, 671, 672, 673, 674, 675, 676, 677, 678, 679, 680, 681, 682, 683, 684, 685, 686, 687, 688, 689, 690, 691, 692, 693, 694, 695, 696, 697, 698, 699, 700, 701, 702, 703, 704, 705, 706, 707, 708, 709, 710, 711, 712, 713, 714, 715, 716, 717, 718, 719, 720, 721, 722, 723, 724, 725, 726, 727, 728, 729, 730, 731, 732, 733, 734, 735, 736, 737, 738, 739, 740, 741, 742, 743, 744, 745, 746, 747, 748, 749, 750, 751, 752, 753, 754, 755, 756, 757, 758, 759, 760, 761, 762, 763, 764, 765, 766, 767, 768, 769, 770, 771, 772, 773, 774, 775, 776, 777, 778, 779, 780, 781, 782, 783, 784, 785, 786, 787, 788, 789, 790, 791, 792, 793, 840, 858, 922, 926]",False,[],"[103, 104, 105, 106, 107, 108, 109, 110, 111, 112, 113, 114, 115, 116, 117, 118, 119, 120, 121, 122, 123, 124, 125, 126, 127, 128, 129, 130, 131, 132, 133, 134, 135, 136, 137, 138, 139, 140, 141, 142, 143, 144, 145, 146, 147, 148, 149, 150, 151, 152, 153, 154, 155, 156, 157, 158, 159, 160, 161, 162, 163, 164, 165, 166, 167, 168, 169, 170, 171, 172, 173, 174, 175, 176, 177, 178, 179, 180, 181, 182, 183, 184, 185, 186, 187, 188, 189, 190, 191, 192, 193, 194, 195, 196, 197, 198, 199, 200, 201, 202, 203, 204, 205, 206, 207, 208, 209, 210, 211, 212, 213, 214, 215, 216, 217, 218, 219, 220, 221, 222, 223, 224, 225, 226, 227, 228, 229, 230, 231, 232, 233, 234, 235, 236, 237, 238, 239, 240, 241, 242, 243, 244, 245, 246, 247, 248, 249, 250, 251, 252, 253, 254, 255, 256, 257, 258, 259, 260, 261, 262, 263, 264, 265, 266, 267, 268, 269, 270, 271, 272, 273, 274, 275, 276, 277, 278, 279, 280, 281, 282, 283, 284, 285, 286, 287, 288, 289, 290, 291, 292, 293, 294, 295, 296, 297, 298, 299, 300, 301, 302, 303, 304, 305, 306, 307, 308, 309, 310, 311, 312, 313, 314, 315, 316, 317, 318, 319, 320, 321, 322, 323, 324, 325, 326, 327, 328, 329, 330, 331, 332, 333, 334, 335, 336, 337, 574, 575, 576, 577, 578, 579, 580, 581, 582, 583, 584, 585, 586, 587, 588, 589, 590, 591, 592, 593, 594, 595, 596, 597, 598, 599, 600, 601, 602, 603, 604, 605, 606, 607, 608, 609, 610, 611, 612, 613, 614, 615, 616, 617, 618, 619, 620, 621, 622, 623, 624, 625, 626, 627, 628, 629, 630, 631, 632, 633, 634, 635, 636, 637, 638, 639, 640, 641, 642, 643, 644, 645, 646, 647, 648, 649, 650, 651, 652, 653, 654, 655, 656, 657, 658, 659, 660, 661, 662, 663, 664, 665, 666, 667, 668, 669, 670, 671, 672, 673, 674, 675, 676, 677, 678, 679, 680, 681, 682, 683, 684, 685, 686, 687, 688, 689, 690, 691, 692, 693, 694, 695, 696, 697, 698, 699, 700, 701, 702, 703, 704, 705, 706, 707, 708, 709, 710, 711, 712, 713, 714, 715, 716, 717, 718, 719, 720, 721, 722, 723, 724, 725, 726, 727, 728, 729, 730, 731, 732, 733, 734, 735, 736, 737, 738, 739, 740, 741, 742, 743, 744, 745, 746, 747, 748, 749, 750, 751, 752, 753, 754, 755, 756, 757, 758, 759, 760, 761, 762, 763, 764, 765, 766, 767, 768, 769, 770, 771, 772, 773, 774, 775, 776, 777, 778, 779, 780, 781, 782, 783, 784, 785, 786, 787, 788, 789, 790, 791, 792, 793]",[],[],"[105, 114, 138, 141, 152, 153, 154, 155, 157, 159, 164, 165, 176, 182, 191, 192, 194, 195, 196, 200, 204, 208, 209, 210, 211, 215, 226, 228, 241, 242, 243, 245, 248, 249, 250, 257, 261, 270, 271, 282, 287, 289, 291, 294, 296, 298, 306, 308, 309, 311, 314, 327, 333, 335, 337, 576, 585, 609, 612, 623, 624, 626, 627, 629, 631, 636, 637, 647, 653, 662, 663, 665, 666, 667, 671, 674, 678, 679, 680, 681, 690, 692, 705, 706, 707, 709, 711, 712, 713, 719, 721, 729, 730, 741, 746, 748, 750, 753, 755, 757, 764, 766, 767, 769, 772, 785, 791]","[26, 390, 408, 474, 486, 509, 840, 858, 922, 926]","[26, 390, 474, 486, 509, 840, 922, 926]",5/6 successful match,False,[589],True,375,False,,0.7181818181818181,True,Cross Country Travel Center ( Texaco ),Texaco
Cottonwood ( 96022 ) Maruli Chevron,530-347-5353 I-5 Exit 662 ( Bowman Rd ),24 SO,Cottonwood,96022,Maruli Chevron,530-347-5353,2016,Cottonwood,CA,Chevron,( Bowman Rd ),I-5 Exit 662 ,Exit,662,False,,False,I-5,,,,,[],[],[],[],"[103, 104, 105, 106, 107, 108, 109, 110, 111, 112, 113, 114, 115, 116, 117, 118, 119, 120, 121, 122, 123, 124, 125, 126, 127, 128, 129, 130, 131, 132, 133, 134, 135, 136, 137, 138, 139, 140, 141, 142, 143, 144, 145, 146, 147, 148, 149, 150, 151, 152, 153, 154, 155, 156, 157, 158, 159, 160, 161, 162, 163, 164, 165, 166, 167, 168, 169, 170, 171, 172, 173, 174, 175, 176, 177, 178, 179, 180, 181, 182, 183, 184, 185, 186, 187, 188, 189, 190, 191, 192, 193, 194, 195, 196, 197, 198, 199, 200, 201, 202, 203, 204, 205, 206, 207, 208, 209, 210, 211, 212, 213, 214, 215, 216, 217, 218, 219, 220, 221, 222, 223, 224, 225, 226, 227, 228, 229, 230, 231, 232, 233, 234, 235, 236, 237, 238, 239, 240, 241, 242, 243, 244, 245, 246, 247, 248, 249, 250, 251, 252, 253, 254, 255, 256, 257, 258, 259, 260, 261, 262, 263, 264, 265, 266, 267, 268, 269, 270, 271, 272, 273, 274, 275, 276, 277, 278, 279, 280, 281, 282, 283, 284, 285, 286, 287, 288, 289, 290, 291, 292, 293, 294, 295, 296, 297, 298, 299, 300, 301, 302, 303, 304, 305, 306, 307, 308, 309, 310, 311, 312, 313, 314, 315, 316, 317, 318, 319, 320, 321, 322, 323, 324, 325, 326, 327, 328, 329, 330, 331, 332, 333, 334, 335, 336, 337, 574, 575, 576, 577, 578, 579, 580, 581, 582, 583, 584, 585, 586, 587, 588, 589, 590, 591, 592, 593, 594, 595, 596, 597, 598, 599, 600, 601, 602, 603, 604, 605, 606, 607, 608, 609, 610, 611, 612, 613, 614, 615, 616, 617, 618, 619, 620, 621, 622, 623, 624, 625, 626, 627, 628, 629, 630, 631, 632, 633, 634, 635, 636, 637, 638, 639, 640, 641, 642, 643, 644, 645, 646, 647, 648, 649, 650, 651, 652, 653, 654, 655, 656, 657, 658, 659, 660, 661, 662, 663, 664, 665, 666, 667, 668, 669, 670, 671, 672, 673, 674, 675, 676, 677, 678, 679, 680, 681, 682, 683, 684, 685, 686, 687, 688, 689, 690, 691, 692, 693, 694, 695, 696, 697, 698, 699, 700, 701, 702, 703, 704, 705, 706, 707, 708, 709, 710, 711, 712, 713, 714, 715, 716, 717, 718, 719, 720, 721, 722, 723, 724, 725, 726, 727, 728, 729, 730, 731, 732, 733, 734, 735, 736, 737, 738, 739, 740, 741, 742, 743, 744, 745, 746, 747, 748, 749, 750, 751, 752, 753, 754, 755, 756, 757, 758, 759, 760, 761, 762, 763, 764, 765, 766, 767, 768, 769, 770, 771, 772, 773, 774, 775, 776, 777, 778, 779, 780, 781, 782, 783, 784, 785, 786, 787, 788, 789, 790, 791, 792, 793]","[105, 114, 138, 141, 152, 153, 154, 155, 157, 159, 164, 165, 176, 182, 191, 192, 194, 195, 196, 200, 204, 208, 209, 210, 211, 215, 226, 228, 241, 242, 243, 245, 248, 249, 250, 257, 261, 270, 271, 282, 287, 289, 291, 294, 296, 298, 306, 308, 309, 311, 314, 327, 333, 335, 337, 576, 585, 609, 612, 623, 624, 626, 627, 629, 631, 636, 637, 647, 653, 662, 663, 665, 666, 667, 671, 674, 678, 679, 680, 681, 690, 692, 705, 706, 707, 709, 711, 712, 713, 719, 721, 729, 730, 741, 746, 748, 750, 753, 755, 757, 764, 766, 767, 769, 772, 785, 791]","[12, 24, 25, 28, 88, 100, 104, 119, 123, 129, 136, 137, 139, 140, 141, 148, 155, 169, 172, 179, 183, 185, 188, 196, 198, 217, 237, 267, 270, 278, 319, 321, 324, 325, 330, 334, 335, 354, 366, 369, 380, 383, 384, 386, 395, 407, 411, 423, 428, 436, 437, 452, 453, 456, 467, 471, 477, 478, 479, 497, 508, 511, 559, 571, 575, 590, 594, 600, 607, 608, 610, 611, 612, 619, 627, 640, 643, 650, 654, 656, 659, 667, 669, 685, 701, 726, 729, 737, 777, 779, 782, 783, 787, 790, 791, 809, 817, 819, 830, 833, 834, 836, 845, 856, 857, 860, 862, 875, 880, 887, 888, 899, 900, 914, 918, 921, 928, 929, 930]","[12, 24, 25, 28, 88, 100, 104, 119, 123, 129, 136, 137, 139, 140, 141, 148, 155, 169, 172, 179, 183, 185, 188, 196, 198, 217, 237, 267, 270, 278, 319, 321, 324, 325, 330, 334, 335, 354, 366, 369, 380, 383, 384, 386, 395, 407, 411, 423, 428, 436, 437, 452, 453, 456, 467, 471, 477, 478, 479, 497, 508, 511, 559, 571, 575, 590, 594, 600, 607, 608, 610, 611, 612, 619, 627, 640, 643, 650, 654, 656, 659, 667, 669, 685, 701, 726, 729, 737, 777, 779, 782, 783, 787, 790, 791, 809, 817, 819, 830, 833, 834, 836, 845, 856, 857, 860, 862, 875, 880, 887, 888, 899, 900, 914, 918, 921, 928, 929, 930]","[12, 24, 25, 28, 88, 100, 103, 104, 105, 106, 107, 108, 109, 110, 111, 112, 113, 114, 115, 116, 117, 118, 119, 120, 121, 122, 123, 124, 125, 126, 127, 128, 129, 130, 131, 132, 133, 134, 135, 136, 137, 138, 139, 140, 141, 142, 143, 144, 145, 146, 147, 148, 149, 150, 151, 152, 153, 154, 155, 156, 157, 158, 159, 160, 161, 162, 163, 164, 165, 166, 167, 168, 169, 170, 171, 172, 173, 174, 175, 176, 177, 178, 179, 180, 181, 182, 183, 184, 185, 186, 187, 188, 189, 190, 191, 192, 193, 194, 195, 196, 197, 198, 199, 200, 201, 202, 203, 204, 205, 206, 207, 208, 209, 210, 211, 212, 213, 214, 215, 216, 217, 218, 219, 220, 221, 222, 223, 224, 225, 226, 227, 228, 229, 230, 231, 232, 233, 234, 235, 236, 237, 238, 239, 240, 241, 242, 243, 244, 245, 246, 247, 248, 249, 250, 251, 252, 253, 254, 255, 256, 257, 258, 259, 260, 261, 262, 263, 264, 265, 266, 267, 268, 269, 270, 271, 272, 273, 274, 275, 276, 277, 278, 279, 280, 281, 282, 283, 284, 285, 286, 287, 288, 289, 290, 291, 292, 293, 294, 295, 296, 297, 298, 299, 300, 301, 302, 303, 304, 305, 306, 307, 308, 309, 310, 311, 312, 313, 314, 315, 316, 317, 318, 319, 320, 321, 322, 323, 324, 325, 326, 327, 328, 329, 330, 331, 332, 333, 334, 335, 336, 337, 354, 366, 369, 380, 383, 384, 386, 395, 407, 411, 423, 428, 436, 437, 452, 453, 456, 467, 471, 477, 478, 479, 497, 508, 511, 559, 571, 574, 575, 576, 577, 578, 579, 580, 581, 582, 583, 584, 585, 586, 587, 588, 589, 590, 591, 592, 593, 594, 595, 596, 597, 598, 599, 600, 601, 602, 603, 604, 605, 606, 607, 608, 609, 610, 611, 612, 613, 614, 615, 616, 617, 618, 619, 620, 621, 622, 623, 624, 625, 626, 627, 628, 629, 630, 631, 632, 633, 634, 635, 636, 637, 638, 639, 640, 641, 642, 643, 644, 645, 646, 647, 648, 649, 650, 651, 652, 653, 654, 655, 656, 657, 658, 659, 660, 661, 662, 663, 664, 665, 666, 667, 668, 669, 670, 671, 672, 673, 674, 675, 676, 677, 678, 679, 680, 681, 682, 683, 684, 685, 686, 687, 688, 689, 690, 691, 692, 693, 694, 695, 696, 697, 698, 699, 700, 701, 702, 703, 704, 705, 706, 707, 708, 709, 710, 711, 712, 713, 714, 715, 716, 717, 718, 719, 720, 721, 722, 723, 724, 725, 726, 727, 728, 729, 730, 731, 732, 733, 734, 735, 736, 737, 738, 739, 740, 741, 742, 743, 744, 745, 746, 747, 748, 749, 750, 751, 752, 753, 754, 755, 756, 757, 758, 759, 760, 761, 762, 763, 764, 765, 766, 767, 768, 769, 770, 771, 772, 773, 774, 775, 776, 777, 778, 779, 780, 781, 782, 783, 784, 785, 786, 787, 788, 789, 790, 791, 792, 793, 809, 817, 819, 830, 833, 834, 836, 845, 856, 857, 860, 862, 875, 880, 887, 888, 899, 900, 914, 918, 921, 928, 929, 930]",False,[],"[103, 104, 105, 106, 107, 108, 109, 110, 111, 112, 113, 114, 115, 116, 117, 118, 119, 120, 121, 122, 123, 124, 125, 126, 127, 128, 129, 130, 131, 132, 133, 134, 135, 136, 137, 138, 139, 140, 141, 142, 143, 144, 145, 146, 147, 148, 149, 150, 151, 152, 153, 154, 155, 156, 157, 158, 159, 160, 161, 162, 163, 164, 165, 166, 167, 168, 169, 170, 171, 172, 173, 174, 175, 176, 177, 178, 179, 180, 181, 182, 183, 184, 185, 186, 187, 188, 189, 190, 191, 192, 193, 194, 195, 196, 197, 198, 199, 200, 201, 202, 203, 204, 205, 206, 207, 208, 209, 210, 211, 212, 213, 214, 215, 216, 217, 218, 219, 220, 221, 222, 223, 224, 225, 226, 227, 228, 229, 230, 231, 232, 233, 234, 235, 236, 237, 238, 239, 240, 241, 242, 243, 244, 245, 246, 247, 248, 249, 250, 251, 252, 253, 254, 255, 256, 257, 258, 259, 260, 261, 262, 263, 264, 265, 266, 267, 268, 269, 270, 271, 272, 273, 274, 275, 276, 277, 278, 279, 280, 281, 282, 283, 284, 285, 286, 287, 288, 289, 290, 291, 292, 293, 294, 295, 296, 297, 298, 299, 300, 301, 302, 303, 304, 305, 306, 307, 308, 309, 310, 311, 312, 313, 314, 315, 316, 317, 318, 319, 320, 321, 322, 323, 324, 325, 326, 327, 328, 329, 330, 331, 332, 333, 334, 335, 336, 337, 574, 575, 576, 577, 578, 579, 580, 581, 582, 583, 584, 585, 586, 587, 588, 589, 590, 591, 592, 593, 594, 595, 596, 597, 598, 599, 600, 601, 602, 603, 604, 605, 606, 607, 608, 609, 610, 611, 612, 613, 614, 615, 616, 617, 618, 619, 620, 621, 622, 623, 624, 625, 626, 627, 628, 629, 630, 631, 632, 633, 634, 635, 636, 637, 638, 639, 640, 641, 642, 643, 644, 645, 646, 647, 648, 649, 650, 651, 652, 653, 654, 655, 656, 657, 658, 659, 660, 661, 662, 663, 664, 665, 666, 667, 668, 669, 670, 671, 672, 673, 674, 675, 676, 677, 678, 679, 680, 681, 682, 683, 684, 685, 686, 687, 688, 689, 690, 691, 692, 693, 694, 695, 696, 697, 698, 699, 700, 701, 702, 703, 704, 705, 706, 707, 708, 709, 710, 711, 712, 713, 714, 715, 716, 717, 718, 719, 720, 721, 722, 723, 724, 725, 726, 727, 728, 729, 730, 731, 732, 733, 734, 735, 736, 737, 738, 739, 740, 741, 742, 743, 744, 745, 746, 747, 748, 749, 750, 751, 752, 753, 754, 755, 756, 757, 758, 759, 760, 761, 762, 763, 764, 765, 766, 767, 768, 769, 770, 771, 772, 773, 774, 775, 776, 777, 778, 779, 780, 781, 782, 783, 784, 785, 786, 787, 788, 789, 790, 791, 792, 793]",[],[],"[105, 114, 138, 141, 152, 153, 154, 155, 157, 159, 164, 165, 176, 182, 191, 192, 194, 195, 196, 200, 204, 208, 209, 210, 211, 215, 226, 228, 241, 242, 243, 245, 248, 249, 250, 257, 261, 270, 271, 282, 287, 289, 291, 294, 296, 298, 306, 308, 309, 311, 314, 327, 333, 335, 337, 576, 585, 609, 612, 623, 624, 626, 627, 629, 631, 636, 637, 647, 653, 662, 663, 665, 666, 667, 671, 674, 678, 679, 680, 681, 690, 692, 705, 706, 707, 709, 711, 712, 713, 719, 721, 729, 730, 741, 746, 748, 750, 753, 755, 757, 764, 766, 767, 769, 772, 785, 791]","[12, 24, 25, 28, 88, 100, 104, 119, 123, 129, 136, 137, 139, 140, 141, 148, 155, 169, 172, 179, 183, 185, 188, 196, 198, 217, 237, 267, 270, 278, 319, 321, 324, 325, 330, 334, 335, 354, 366, 369, 380, 383, 384, 386, 395, 407, 411, 423, 428, 436, 437, 452, 453, 456, 467, 471, 477, 478, 479, 497, 508, 511, 559, 571, 575, 590, 594, 600, 607, 608, 610, 611, 612, 619, 627, 640, 643, 650, 654, 656, 659, 667, 669, 685, 701, 726, 729, 737, 777, 779, 782, 783, 787, 790, 791, 809, 817, 819, 830, 833, 834, 836, 845, 856, 857, 860, 862, 875, 880, 887, 888, 899, 900, 914, 918, 921, 928, 929, 930]","[12, 24, 25, 28, 88, 100, 104, 119, 123, 129, 136, 137, 139, 140, 141, 148, 155, 169, 172, 179, 183, 185, 188, 196, 198, 217, 237, 267, 270, 278, 319, 321, 324, 325, 330, 334, 335, 354, 366, 369, 380, 383, 384, 386, 395, 407, 411, 423, 428, 436, 437, 452, 453, 456, 467, 471, 477, 478, 479, 497, 508, 511, 559, 571, 575, 590, 594, 600, 607, 608, 610, 611, 612, 619, 627, 640, 643, 650, 654, 656, 659, 667, 669, 685, 701, 726, 729, 737, 777, 779, 782, 783, 787, 790, 791, 809, 817, 819, 830, 833, 834, 836, 845, 856, 857, 860, 862, 875, 880, 887, 888, 899, 900, 914, 918, 921, 928, 929, 930]",7/6 successful match,False,[589],True,375,True,2016,0.0967741935483871,False,Cottonwood Texaco,Texaco
"B Pollard Flat , 96051 Pollard Flat USA ( Exxon )",530-238-2534 I-5 Exit 712 ( Eagles Roost Rd ),HRS 24 M 24,Pollard Flat,96051,Pollard Flat USA ( Exxon ),530-238-2534,2006,Lakehead,CA,Exxon,( Eagles Roost Rd ),I-5 Exit 712 ,Exit,712,False,,False,I-5,,,,,"[721, 261]","[261, 721]","[261, 721]","[261, 721]","[103, 104, 105, 106, 107, 108, 109, 110, 111, 112, 113, 114, 115, 116, 117, 118, 119, 120, 121, 122, 123, 124, 125, 126, 127, 128, 129, 130, 131, 132, 133, 134, 135, 136, 137, 138, 139, 140, 141, 142, 143, 144, 145, 146, 147, 148, 149, 150, 151, 152, 153, 154, 155, 156, 157, 158, 159, 160, 161, 162, 163, 164, 165, 166, 167, 168, 169, 170, 171, 172, 173, 174, 175, 176, 177, 178, 179, 180, 181, 182, 183, 184, 185, 186, 187, 188, 189, 190, 191, 192, 193, 194, 195, 196, 197, 198, 199, 200, 201, 202, 203, 204, 205, 206, 207, 208, 209, 210, 211, 212, 213, 214, 215, 216, 217, 218, 219, 220, 221, 222, 223, 224, 225, 226, 227, 228, 229, 230, 231, 232, 233, 234, 235, 236, 237, 238, 239, 240, 241, 242, 243, 244, 245, 246, 247, 248, 249, 250, 251, 252, 253, 254, 255, 256, 257, 258, 259, 260, 261, 262, 263, 264, 265, 266, 267, 268, 269, 270, 271, 272, 273, 274, 275, 276, 277, 278, 279, 280, 281, 282, 283, 284, 285, 286, 287, 288, 289, 290, 291, 292, 293, 294, 295, 296, 297, 298, 299, 300, 301, 302, 303, 304, 305, 306, 307, 308, 309, 310, 311, 312, 313, 314, 315, 316, 317, 318, 319, 320, 321, 322, 323, 324, 325, 326, 327, 328, 329, 330, 331, 332, 333, 334, 335, 336, 337, 574, 575, 576, 577, 578, 579, 580, 581, 582, 583, 584, 585, 586, 587, 588, 589, 590, 591, 592, 593, 594, 595, 596, 597, 598, 599, 600, 601, 602, 603, 604, 605, 606, 607, 608, 609, 610, 611, 612, 613, 614, 615, 616, 617, 618, 619, 620, 621, 622, 623, 624, 625, 626, 627, 628, 629, 630, 631, 632, 633, 634, 635, 636, 637, 638, 639, 640, 641, 642, 643, 644, 645, 646, 647, 648, 649, 650, 651, 652, 653, 654, 655, 656, 657, 658, 659, 660, 661, 662, 663, 664, 665, 666, 667, 668, 669, 670, 671, 672, 673, 674, 675, 676, 677, 678, 679, 680, 681, 682, 683, 684, 685, 686, 687, 688, 689, 690, 691, 692, 693, 694, 695, 696, 697, 698, 699, 700, 701, 702, 703, 704, 705, 706, 707, 708, 709, 710, 711, 712, 713, 714, 715, 716, 717, 718, 719, 720, 721, 722, 723, 724, 725, 726, 727, 728, 729, 730, 731, 732, 733, 734, 735, 736, 737, 738, 739, 740, 741, 742, 743, 744, 745, 746, 747, 748, 749, 750, 751, 752, 753, 754, 755, 756, 757, 758, 759, 760, 761, 762, 763, 764, 765, 766, 767, 768, 769, 770, 771, 772, 773, 774, 775, 776, 777, 778, 779, 780, 781, 782, 783, 784, 785, 786, 787, 788, 789, 790, 791, 792, 793]","[105, 114, 138, 141, 152, 153, 154, 155, 157, 159, 164, 165, 176, 182, 191, 192, 194, 195, 196, 200, 204, 208, 209, 210, 211, 215, 226, 228, 241, 242, 243, 245, 248, 249, 250, 257, 261, 270, 271, 282, 287, 289, 291, 294, 296, 298, 306, 308, 309, 311, 314, 327, 333, 335, 337, 576, 585, 609, 612, 623, 624, 626, 627, 629, 631, 636, 637, 647, 653, 662, 663, 665, 666, 667, 671, 674, 678, 679, 680, 681, 690, 692, 705, 706, 707, 709, 711, 712, 713, 719, 721, 729, 730, 741, 746, 748, 750, 753, 755, 757, 764, 766, 767, 769, 772, 785, 791]","[398, 399, 400, 848, 849]","[261, 398, 399, 400, 721, 848, 849]","[103, 104, 105, 106, 107, 108, 109, 110, 111, 112, 113, 114, 115, 116, 117, 118, 119, 120, 121, 122, 123, 124, 125, 126, 127, 128, 129, 130, 131, 132, 133, 134, 135, 136, 137, 138, 139, 140, 141, 142, 143, 144, 145, 146, 147, 148, 149, 150, 151, 152, 153, 154, 155, 156, 157, 158, 159, 160, 161, 162, 163, 164, 165, 166, 167, 168, 169, 170, 171, 172, 173, 174, 175, 176, 177, 178, 179, 180, 181, 182, 183, 184, 185, 186, 187, 188, 189, 190, 191, 192, 193, 194, 195, 196, 197, 198, 199, 200, 201, 202, 203, 204, 205, 206, 207, 208, 209, 210, 211, 212, 213, 214, 215, 216, 217, 218, 219, 220, 221, 222, 223, 224, 225, 226, 227, 228, 229, 230, 231, 232, 233, 234, 235, 236, 237, 238, 239, 240, 241, 242, 243, 244, 245, 246, 247, 248, 249, 250, 251, 252, 253, 254, 255, 256, 257, 258, 259, 260, 261, 262, 263, 264, 265, 266, 267, 268, 269, 270, 271, 272, 273, 274, 275, 276, 277, 278, 279, 280, 281, 282, 283, 284, 285, 286, 287, 288, 289, 290, 291, 292, 293, 294, 295, 296, 297, 298, 299, 300, 301, 302, 303, 304, 305, 306, 307, 308, 309, 310, 311, 312, 313, 314, 315, 316, 317, 318, 319, 320, 321, 322, 323, 324, 325, 326, 327, 328, 329, 330, 331, 332, 333, 334, 335, 336, 337, 398, 399, 400, 574, 575, 576, 577, 578, 579, 580, 581, 582, 583, 584, 585, 586, 587, 588, 589, 590, 591, 592, 593, 594, 595, 596, 597, 598, 599, 600, 601, 602, 603, 604, 605, 606, 607, 608, 609, 610, 611, 612, 613, 614, 615, 616, 617, 618, 619, 620, 621, 622, 623, 624, 625, 626, 627, 628, 629, 630, 631, 632, 633, 634, 635, 636, 637, 638, 639, 640, 641, 642, 643, 644, 645, 646, 647, 648, 649, 650, 651, 652, 653, 654, 655, 656, 657, 658, 659, 660, 661, 662, 663, 664, 665, 666, 667, 668, 669, 670, 671, 672, 673, 674, 675, 676, 677, 678, 679, 680, 681, 682, 683, 684, 685, 686, 687, 688, 689, 690, 691, 692, 693, 694, 695, 696, 697, 698, 699, 700, 701, 702, 703, 704, 705, 706, 707, 708, 709, 710, 711, 712, 713, 714, 715, 716, 717, 718, 719, 720, 721, 722, 723, 724, 725, 726, 727, 728, 729, 730, 731, 732, 733, 734, 735, 736, 737, 738, 739, 740, 741, 742, 743, 744, 745, 746, 747, 748, 749, 750, 751, 752, 753, 754, 755, 756, 757, 758, 759, 760, 761, 762, 763, 764, 765, 766, 767, 768, 769, 770, 771, 772, 773, 774, 775, 776, 777, 778, 779, 780, 781, 782, 783, 784, 785, 786, 787, 788, 789, 790, 791, 792, 793, 848, 849]",True,"[261, 721]","[103, 104, 105, 106, 107, 108, 109, 110, 111, 112, 113, 114, 115, 116, 117, 118, 119, 120, 121, 122, 123, 124, 125, 126, 127, 128, 129, 130, 131, 132, 133, 134, 135, 136, 137, 138, 139, 140, 141, 142, 143, 144, 145, 146, 147, 148, 149, 150, 151, 152, 153, 154, 155, 156, 157, 158, 159, 160, 161, 162, 163, 164, 165, 166, 167, 168, 169, 170, 171, 172, 173, 174, 175, 176, 177, 178, 179, 180, 181, 182, 183, 184, 185, 186, 187, 188, 189, 190, 191, 192, 193, 194, 195, 196, 197, 198, 199, 200, 201, 202, 203, 204, 205, 206, 207, 208, 209, 210, 211, 212, 213, 214, 215, 216, 217, 218, 219, 220, 221, 222, 223, 224, 225, 226, 227, 228, 229, 230, 231, 232, 233, 234, 235, 236, 237, 238, 239, 240, 241, 242, 243, 244, 245, 246, 247, 248, 249, 250, 251, 252, 253, 254, 255, 256, 257, 258, 259, 260, 261, 262, 263, 264, 265, 266, 267, 268, 269, 270, 271, 272, 273, 274, 275, 276, 277, 278, 279, 280, 281, 282, 283, 284, 285, 286, 287, 288, 289, 290, 291, 292, 293, 294, 295, 296, 297, 298, 299, 300, 301, 302, 303, 304, 305, 306, 307, 308, 309, 310, 311, 312, 313, 314, 315, 316, 317, 318, 319, 320, 321, 322, 323, 324, 325, 326, 327, 328, 329, 330, 331, 332, 333, 334, 335, 336, 337, 574, 575, 576, 577, 578, 579, 580, 581, 582, 583, 584, 585, 586, 587, 588, 589, 590, 591, 592, 593, 594, 595, 596, 597, 598, 599, 600, 601, 602, 603, 604, 605, 606, 607, 608, 609, 610, 611, 612, 613, 614, 615, 616, 617, 618, 619, 620, 621, 622, 623, 624, 625, 626, 627, 628, 629, 630, 631, 632, 633, 634, 635, 636, 637, 638, 639, 640, 641, 642, 643, 644, 645, 646, 647, 648, 649, 650, 651, 652, 653, 654, 655, 656, 657, 658, 659, 660, 661, 662, 663, 664, 665, 666, 667, 668, 669, 670, 671, 672, 673, 674, 675, 676, 677, 678, 679, 680, 681, 682, 683, 684, 685, 686, 687, 688, 689, 690, 691, 692, 693, 694, 695, 696, 697, 698, 699, 700, 701, 702, 703, 704, 705, 706, 707, 708, 709, 710, 711, 712, 713, 714, 715, 716, 717, 718, 719, 720, 721, 722, 723, 724, 725, 726, 727, 728, 729, 730, 731, 732, 733, 734, 735, 736, 737, 738, 739, 740, 741, 742, 743, 744, 745, 746, 747, 748, 749, 750, 751, 752, 753, 754, 755, 756, 757, 758, 759, 760, 761, 762, 763, 764, 765, 766, 767, 768, 769, 770, 771, 772, 773, 774, 775, 776, 777, 778, 779, 780, 781, 782, 783, 784, 785, 786, 787, 788, 789, 790, 791, 792, 793]","[261, 721]","[261, 721]","[105, 114, 138, 141, 152, 153, 154, 155, 157, 159, 164, 165, 176, 182, 191, 192, 194, 195, 196, 200, 204, 208, 209, 210, 211, 215, 226, 228, 241, 242, 243, 245, 248, 249, 250, 257, 261, 270, 271, 282, 287, 289, 291, 294, 296, 298, 306, 308, 309, 311, 314, 327, 333, 335, 337, 576, 585, 609, 612, 623, 624, 626, 627, 629, 631, 636, 637, 647, 653, 662, 663, 665, 666, 667, 671, 674, 678, 679, 680, 681, 690, 692, 705, 706, 707, 709, 711, 712, 713, 719, 721, 729, 730, 741, 746, 748, 750, 753, 755, 757, 764, 766, 767, 769, 772, 785, 791]","[261, 398, 399, 400, 721, 848, 849]","[398, 399, 400, 848, 849]",6/6 successful match,True,[54],True,376,False,,,,,
"B Pollard Flat , 96051 Pollard Flat USA ( Exxon )",530-238-2534 I-5 Exit 712 ( Eagles ),24 M 24 HRS 475,Pollard Flat,96051,Pollard Flat USA ( Exxon ),530-238-2534,2007,Lakehead,CA,Exxon,( Eagles ),I-5 Exit 712 ,Exit,712,False,,False,I-5,,,,,"[721, 261]","[261, 721]","[261, 721]","[261, 721]","[103, 104, 105, 106, 107, 108, 109, 110, 111, 112, 113, 114, 115, 116, 117, 118, 119, 120, 121, 122, 123, 124, 125, 126, 127, 128, 129, 130, 131, 132, 133, 134, 135, 136, 137, 138, 139, 140, 141, 142, 143, 144, 145, 146, 147, 148, 149, 150, 151, 152, 153, 154, 155, 156, 157, 158, 159, 160, 161, 162, 163, 164, 165, 166, 167, 168, 169, 170, 171, 172, 173, 174, 175, 176, 177, 178, 179, 180, 181, 182, 183, 184, 185, 186, 187, 188, 189, 190, 191, 192, 193, 194, 195, 196, 197, 198, 199, 200, 201, 202, 203, 204, 205, 206, 207, 208, 209, 210, 211, 212, 213, 214, 215, 216, 217, 218, 219, 220, 221, 222, 223, 224, 225, 226, 227, 228, 229, 230, 231, 232, 233, 234, 235, 236, 237, 238, 239, 240, 241, 242, 243, 244, 245, 246, 247, 248, 249, 250, 251, 252, 253, 254, 255, 256, 257, 258, 259, 260, 261, 262, 263, 264, 265, 266, 267, 268, 269, 270, 271, 272, 273, 274, 275, 276, 277, 278, 279, 280, 281, 282, 283, 284, 285, 286, 287, 288, 289, 290, 291, 292, 293, 294, 295, 296, 297, 298, 299, 300, 301, 302, 303, 304, 305, 306, 307, 308, 309, 310, 311, 312, 313, 314, 315, 316, 317, 318, 319, 320, 321, 322, 323, 324, 325, 326, 327, 328, 329, 330, 331, 332, 333, 334, 335, 336, 337, 574, 575, 576, 577, 578, 579, 580, 581, 582, 583, 584, 585, 586, 587, 588, 589, 590, 591, 592, 593, 594, 595, 596, 597, 598, 599, 600, 601, 602, 603, 604, 605, 606, 607, 608, 609, 610, 611, 612, 613, 614, 615, 616, 617, 618, 619, 620, 621, 622, 623, 624, 625, 626, 627, 628, 629, 630, 631, 632, 633, 634, 635, 636, 637, 638, 639, 640, 641, 642, 643, 644, 645, 646, 647, 648, 649, 650, 651, 652, 653, 654, 655, 656, 657, 658, 659, 660, 661, 662, 663, 664, 665, 666, 667, 668, 669, 670, 671, 672, 673, 674, 675, 676, 677, 678, 679, 680, 681, 682, 683, 684, 685, 686, 687, 688, 689, 690, 691, 692, 693, 694, 695, 696, 697, 698, 699, 700, 701, 702, 703, 704, 705, 706, 707, 708, 709, 710, 711, 712, 713, 714, 715, 716, 717, 718, 719, 720, 721, 722, 723, 724, 725, 726, 727, 728, 729, 730, 731, 732, 733, 734, 735, 736, 737, 738, 739, 740, 741, 742, 743, 744, 745, 746, 747, 748, 749, 750, 751, 752, 753, 754, 755, 756, 757, 758, 759, 760, 761, 762, 763, 764, 765, 766, 767, 768, 769, 770, 771, 772, 773, 774, 775, 776, 777, 778, 779, 780, 781, 782, 783, 784, 785, 786, 787, 788, 789, 790, 791, 792, 793]","[105, 114, 138, 141, 152, 153, 154, 155, 157, 159, 164, 165, 176, 182, 191, 192, 194, 195, 196, 200, 204, 208, 209, 210, 211, 215, 226, 228, 241, 242, 243, 245, 248, 249, 250, 257, 261, 270, 271, 282, 287, 289, 291, 294, 296, 298, 306, 308, 309, 311, 314, 327, 333, 335, 337, 576, 585, 609, 612, 623, 624, 626, 627, 629, 631, 636, 637, 647, 653, 662, 663, 665, 666, 667, 671, 674, 678, 679, 680, 681, 690, 692, 705, 706, 707, 709, 711, 712, 713, 719, 721, 729, 730, 741, 746, 748, 750, 753, 755, 757, 764, 766, 767, 769, 772, 785, 791]","[398, 399, 400, 848, 849]","[261, 398, 399, 400, 721, 848, 849]","[103, 104, 105, 106, 107, 108, 109, 110, 111, 112, 113, 114, 115, 116, 117, 118, 119, 120, 121, 122, 123, 124, 125, 126, 127, 128, 129, 130, 131, 132, 133, 134, 135, 136, 137, 138, 139, 140, 141, 142, 143, 144, 145, 146, 147, 148, 149, 150, 151, 152, 153, 154, 155, 156, 157, 158, 159, 160, 161, 162, 163, 164, 165, 166, 167, 168, 169, 170, 171, 172, 173, 174, 175, 176, 177, 178, 179, 180, 181, 182, 183, 184, 185, 186, 187, 188, 189, 190, 191, 192, 193, 194, 195, 196, 197, 198, 199, 200, 201, 202, 203, 204, 205, 206, 207, 208, 209, 210, 211, 212, 213, 214, 215, 216, 217, 218, 219, 220, 221, 222, 223, 224, 225, 226, 227, 228, 229, 230, 231, 232, 233, 234, 235, 236, 237, 238, 239, 240, 241, 242, 243, 244, 245, 246, 247, 248, 249, 250, 251, 252, 253, 254, 255, 256, 257, 258, 259, 260, 261, 262, 263, 264, 265, 266, 267, 268, 269, 270, 271, 272, 273, 274, 275, 276, 277, 278, 279, 280, 281, 282, 283, 284, 285, 286, 287, 288, 289, 290, 291, 292, 293, 294, 295, 296, 297, 298, 299, 300, 301, 302, 303, 304, 305, 306, 307, 308, 309, 310, 311, 312, 313, 314, 315, 316, 317, 318, 319, 320, 321, 322, 323, 324, 325, 326, 327, 328, 329, 330, 331, 332, 333, 334, 335, 336, 337, 398, 399, 400, 574, 575, 576, 577, 578, 579, 580, 581, 582, 583, 584, 585, 586, 587, 588, 589, 590, 591, 592, 593, 594, 595, 596, 597, 598, 599, 600, 601, 602, 603, 604, 605, 606, 607, 608, 609, 610, 611, 612, 613, 614, 615, 616, 617, 618, 619, 620, 621, 622, 623, 624, 625, 626, 627, 628, 629, 630, 631, 632, 633, 634, 635, 636, 637, 638, 639, 640, 641, 642, 643, 644, 645, 646, 647, 648, 649, 650, 651, 652, 653, 654, 655, 656, 657, 658, 659, 660, 661, 662, 663, 664, 665, 666, 667, 668, 669, 670, 671, 672, 673, 674, 675, 676, 677, 678, 679, 680, 681, 682, 683, 684, 685, 686, 687, 688, 689, 690, 691, 692, 693, 694, 695, 696, 697, 698, 699, 700, 701, 702, 703, 704, 705, 706, 707, 708, 709, 710, 711, 712, 713, 714, 715, 716, 717, 718, 719, 720, 721, 722, 723, 724, 725, 726, 727, 728, 729, 730, 731, 732, 733, 734, 735, 736, 737, 738, 739, 740, 741, 742, 743, 744, 745, 746, 747, 748, 749, 750, 751, 752, 753, 754, 755, 756, 757, 758, 759, 760, 761, 762, 763, 764, 765, 766, 767, 768, 769, 770, 771, 772, 773, 774, 775, 776, 777, 778, 779, 780, 781, 782, 783, 784, 785, 786, 787, 788, 789, 790, 791, 792, 793, 848, 849]",True,"[261, 721]","[103, 104, 105, 106, 107, 108, 109, 110, 111, 112, 113, 114, 115, 116, 117, 118, 119, 120, 121, 122, 123, 124, 125, 126, 127, 128, 129, 130, 131, 132, 133, 134, 135, 136, 137, 138, 139, 140, 141, 142, 143, 144, 145, 146, 147, 148, 149, 150, 151, 152, 153, 154, 155, 156, 157, 158, 159, 160, 161, 162, 163, 164, 165, 166, 167, 168, 169, 170, 171, 172, 173, 174, 175, 176, 177, 178, 179, 180, 181, 182, 183, 184, 185, 186, 187, 188, 189, 190, 191, 192, 193, 194, 195, 196, 197, 198, 199, 200, 201, 202, 203, 204, 205, 206, 207, 208, 209, 210, 211, 212, 213, 214, 215, 216, 217, 218, 219, 220, 221, 222, 223, 224, 225, 226, 227, 228, 229, 230, 231, 232, 233, 234, 235, 236, 237, 238, 239, 240, 241, 242, 243, 244, 245, 246, 247, 248, 249, 250, 251, 252, 253, 254, 255, 256, 257, 258, 259, 260, 261, 262, 263, 264, 265, 266, 267, 268, 269, 270, 271, 272, 273, 274, 275, 276, 277, 278, 279, 280, 281, 282, 283, 284, 285, 286, 287, 288, 289, 290, 291, 292, 293, 294, 295, 296, 297, 298, 299, 300, 301, 302, 303, 304, 305, 306, 307, 308, 309, 310, 311, 312, 313, 314, 315, 316, 317, 318, 319, 320, 321, 322, 323, 324, 325, 326, 327, 328, 329, 330, 331, 332, 333, 334, 335, 336, 337, 574, 575, 576, 577, 578, 579, 580, 581, 582, 583, 584, 585, 586, 587, 588, 589, 590, 591, 592, 593, 594, 595, 596, 597, 598, 599, 600, 601, 602, 603, 604, 605, 606, 607, 608, 609, 610, 611, 612, 613, 614, 615, 616, 617, 618, 619, 620, 621, 622, 623, 624, 625, 626, 627, 628, 629, 630, 631, 632, 633, 634, 635, 636, 637, 638, 639, 640, 641, 642, 643, 644, 645, 646, 647, 648, 649, 650, 651, 652, 653, 654, 655, 656, 657, 658, 659, 660, 661, 662, 663, 664, 665, 666, 667, 668, 669, 670, 671, 672, 673, 674, 675, 676, 677, 678, 679, 680, 681, 682, 683, 684, 685, 686, 687, 688, 689, 690, 691, 692, 693, 694, 695, 696, 697, 698, 699, 700, 701, 702, 703, 704, 705, 706, 707, 708, 709, 710, 711, 712, 713, 714, 715, 716, 717, 718, 719, 720, 721, 722, 723, 724, 725, 726, 727, 728, 729, 730, 731, 732, 733, 734, 735, 736, 737, 738, 739, 740, 741, 742, 743, 744, 745, 746, 747, 748, 749, 750, 751, 752, 753, 754, 755, 756, 757, 758, 759, 760, 761, 762, 763, 764, 765, 766, 767, 768, 769, 770, 771, 772, 773, 774, 775, 776, 777, 778, 779, 780, 781, 782, 783, 784, 785, 786, 787, 788, 789, 790, 791, 792, 793]","[261, 721]","[261, 721]","[105, 114, 138, 141, 152, 153, 154, 155, 157, 159, 164, 165, 176, 182, 191, 192, 194, 195, 196, 200, 204, 208, 209, 210, 211, 215, 226, 228, 241, 242, 243, 245, 248, 249, 250, 257, 261, 270, 271, 282, 287, 289, 291, 294, 296, 298, 306, 308, 309, 311, 314, 327, 333, 335, 337, 576, 585, 609, 612, 623, 624, 626, 627, 629, 631, 636, 637, 647, 653, 662, 663, 665, 666, 667, 671, 674, 678, 679, 680, 681, 690, 692, 705, 706, 707, 709, 711, 712, 713, 719, 721, 729, 730, 741, 746, 748, 750, 753, 755, 757, 764, 766, 767, 769, 772, 785, 791]","[261, 398, 399, 400, 721, 848, 849]","[398, 399, 400, 848, 849]",6/6 successful match,True,[54],True,376,False,,1.0,True,Pollard Flat USA ( Exxon ),Exxon
"B Pollard Flat , 96051 Pollard Flat USA ( Exxon St E , 415 N",530-238-2534 I-5 Exit 712 ( Eagles ),) HRS 24 M 24 <U+2610><U+2610>,Pollard Flat Pollard Flat SA ( Exxon St,96051,"Pollard Flat USA ( Exxon St E , 415 N",530-238-2534,2008,Lakehead,CA,Exxon,( Eagles ),I-5 Exit 712 ,Exit,712,False,,False,I-5,,,,,"[721, 261]","[261, 721]","[261, 721]","[261, 721]","[103, 104, 105, 106, 107, 108, 109, 110, 111, 112, 113, 114, 115, 116, 117, 118, 119, 120, 121, 122, 123, 124, 125, 126, 127, 128, 129, 130, 131, 132, 133, 134, 135, 136, 137, 138, 139, 140, 141, 142, 143, 144, 145, 146, 147, 148, 149, 150, 151, 152, 153, 154, 155, 156, 157, 158, 159, 160, 161, 162, 163, 164, 165, 166, 167, 168, 169, 170, 171, 172, 173, 174, 175, 176, 177, 178, 179, 180, 181, 182, 183, 184, 185, 186, 187, 188, 189, 190, 191, 192, 193, 194, 195, 196, 197, 198, 199, 200, 201, 202, 203, 204, 205, 206, 207, 208, 209, 210, 211, 212, 213, 214, 215, 216, 217, 218, 219, 220, 221, 222, 223, 224, 225, 226, 227, 228, 229, 230, 231, 232, 233, 234, 235, 236, 237, 238, 239, 240, 241, 242, 243, 244, 245, 246, 247, 248, 249, 250, 251, 252, 253, 254, 255, 256, 257, 258, 259, 260, 261, 262, 263, 264, 265, 266, 267, 268, 269, 270, 271, 272, 273, 274, 275, 276, 277, 278, 279, 280, 281, 282, 283, 284, 285, 286, 287, 288, 289, 290, 291, 292, 293, 294, 295, 296, 297, 298, 299, 300, 301, 302, 303, 304, 305, 306, 307, 308, 309, 310, 311, 312, 313, 314, 315, 316, 317, 318, 319, 320, 321, 322, 323, 324, 325, 326, 327, 328, 329, 330, 331, 332, 333, 334, 335, 336, 337, 574, 575, 576, 577, 578, 579, 580, 581, 582, 583, 584, 585, 586, 587, 588, 589, 590, 591, 592, 593, 594, 595, 596, 597, 598, 599, 600, 601, 602, 603, 604, 605, 606, 607, 608, 609, 610, 611, 612, 613, 614, 615, 616, 617, 618, 619, 620, 621, 622, 623, 624, 625, 626, 627, 628, 629, 630, 631, 632, 633, 634, 635, 636, 637, 638, 639, 640, 641, 642, 643, 644, 645, 646, 647, 648, 649, 650, 651, 652, 653, 654, 655, 656, 657, 658, 659, 660, 661, 662, 663, 664, 665, 666, 667, 668, 669, 670, 671, 672, 673, 674, 675, 676, 677, 678, 679, 680, 681, 682, 683, 684, 685, 686, 687, 688, 689, 690, 691, 692, 693, 694, 695, 696, 697, 698, 699, 700, 701, 702, 703, 704, 705, 706, 707, 708, 709, 710, 711, 712, 713, 714, 715, 716, 717, 718, 719, 720, 721, 722, 723, 724, 725, 726, 727, 728, 729, 730, 731, 732, 733, 734, 735, 736, 737, 738, 739, 740, 741, 742, 743, 744, 745, 746, 747, 748, 749, 750, 751, 752, 753, 754, 755, 756, 757, 758, 759, 760, 761, 762, 763, 764, 765, 766, 767, 768, 769, 770, 771, 772, 773, 774, 775, 776, 777, 778, 779, 780, 781, 782, 783, 784, 785, 786, 787, 788, 789, 790, 791, 792, 793]","[105, 114, 138, 141, 152, 153, 154, 155, 157, 159, 164, 165, 176, 182, 191, 192, 194, 195, 196, 200, 204, 208, 209, 210, 211, 215, 226, 228, 241, 242, 243, 245, 248, 249, 250, 257, 261, 270, 271, 282, 287, 289, 291, 294, 296, 298, 306, 308, 309, 311, 314, 327, 333, 335, 337, 576, 585, 609, 612, 623, 624, 626, 627, 629, 631, 636, 637, 647, 653, 662, 663, 665, 666, 667, 671, 674, 678, 679, 680, 681, 690, 692, 705, 706, 707, 709, 711, 712, 713, 719, 721, 729, 730, 741, 746, 748, 750, 753, 755, 757, 764, 766, 767, 769, 772, 785, 791]","[398, 399, 400, 848, 849]","[261, 398, 399, 400, 721, 848, 849]","[103, 104, 105, 106, 107, 108, 109, 110, 111, 112, 113, 114, 115, 116, 117, 118, 119, 120, 121, 122, 123, 124, 125, 126, 127, 128, 129, 130, 131, 132, 133, 134, 135, 136, 137, 138, 139, 140, 141, 142, 143, 144, 145, 146, 147, 148, 149, 150, 151, 152, 153, 154, 155, 156, 157, 158, 159, 160, 161, 162, 163, 164, 165, 166, 167, 168, 169, 170, 171, 172, 173, 174, 175, 176, 177, 178, 179, 180, 181, 182, 183, 184, 185, 186, 187, 188, 189, 190, 191, 192, 193, 194, 195, 196, 197, 198, 199, 200, 201, 202, 203, 204, 205, 206, 207, 208, 209, 210, 211, 212, 213, 214, 215, 216, 217, 218, 219, 220, 221, 222, 223, 224, 225, 226, 227, 228, 229, 230, 231, 232, 233, 234, 235, 236, 237, 238, 239, 240, 241, 242, 243, 244, 245, 246, 247, 248, 249, 250, 251, 252, 253, 254, 255, 256, 257, 258, 259, 260, 261, 262, 263, 264, 265, 266, 267, 268, 269, 270, 271, 272, 273, 274, 275, 276, 277, 278, 279, 280, 281, 282, 283, 284, 285, 286, 287, 288, 289, 290, 291, 292, 293, 294, 295, 296, 297, 298, 299, 300, 301, 302, 303, 304, 305, 306, 307, 308, 309, 310, 311, 312, 313, 314, 315, 316, 317, 318, 319, 320, 321, 322, 323, 324, 325, 326, 327, 328, 329, 330, 331, 332, 333, 334, 335, 336, 337, 398, 399, 400, 574, 575, 576, 577, 578, 579, 580, 581, 582, 583, 584, 585, 586, 587, 588, 589, 590, 591, 592, 593, 594, 595, 596, 597, 598, 599, 600, 601, 602, 603, 604, 605, 606, 607, 608, 609, 610, 611, 612, 613, 614, 615, 616, 617, 618, 619, 620, 621, 622, 623, 624, 625, 626, 627, 628, 629, 630, 631, 632, 633, 634, 635, 636, 637, 638, 639, 640, 641, 642, 643, 644, 645, 646, 647, 648, 649, 650, 651, 652, 653, 654, 655, 656, 657, 658, 659, 660, 661, 662, 663, 664, 665, 666, 667, 668, 669, 670, 671, 672, 673, 674, 675, 676, 677, 678, 679, 680, 681, 682, 683, 684, 685, 686, 687, 688, 689, 690, 691, 692, 693, 694, 695, 696, 697, 698, 699, 700, 701, 702, 703, 704, 705, 706, 707, 708, 709, 710, 711, 712, 713, 714, 715, 716, 717, 718, 719, 720, 721, 722, 723, 724, 725, 726, 727, 728, 729, 730, 731, 732, 733, 734, 735, 736, 737, 738, 739, 740, 741, 742, 743, 744, 745, 746, 747, 748, 749, 750, 751, 752, 753, 754, 755, 756, 757, 758, 759, 760, 761, 762, 763, 764, 765, 766, 767, 768, 769, 770, 771, 772, 773, 774, 775, 776, 777, 778, 779, 780, 781, 782, 783, 784, 785, 786, 787, 788, 789, 790, 791, 792, 793, 848, 849]",True,"[261, 721]","[103, 104, 105, 106, 107, 108, 109, 110, 111, 112, 113, 114, 115, 116, 117, 118, 119, 120, 121, 122, 123, 124, 125, 126, 127, 128, 129, 130, 131, 132, 133, 134, 135, 136, 137, 138, 139, 140, 141, 142, 143, 144, 145, 146, 147, 148, 149, 150, 151, 152, 153, 154, 155, 156, 157, 158, 159, 160, 161, 162, 163, 164, 165, 166, 167, 168, 169, 170, 171, 172, 173, 174, 175, 176, 177, 178, 179, 180, 181, 182, 183, 184, 185, 186, 187, 188, 189, 190, 191, 192, 193, 194, 195, 196, 197, 198, 199, 200, 201, 202, 203, 204, 205, 206, 207, 208, 209, 210, 211, 212, 213, 214, 215, 216, 217, 218, 219, 220, 221, 222, 223, 224, 225, 226, 227, 228, 229, 230, 231, 232, 233, 234, 235, 236, 237, 238, 239, 240, 241, 242, 243, 244, 245, 246, 247, 248, 249, 250, 251, 252, 253, 254, 255, 256, 257, 258, 259, 260, 261, 262, 263, 264, 265, 266, 267, 268, 269, 270, 271, 272, 273, 274, 275, 276, 277, 278, 279, 280, 281, 282, 283, 284, 285, 286, 287, 288, 289, 290, 291, 292, 293, 294, 295, 296, 297, 298, 299, 300, 301, 302, 303, 304, 305, 306, 307, 308, 309, 310, 311, 312, 313, 314, 315, 316, 317, 318, 319, 320, 321, 322, 323, 324, 325, 326, 327, 328, 329, 330, 331, 332, 333, 334, 335, 336, 337, 574, 575, 576, 577, 578, 579, 580, 581, 582, 583, 584, 585, 586, 587, 588, 589, 590, 591, 592, 593, 594, 595, 596, 597, 598, 599, 600, 601, 602, 603, 604, 605, 606, 607, 608, 609, 610, 611, 612, 613, 614, 615, 616, 617, 618, 619, 620, 621, 622, 623, 624, 625, 626, 627, 628, 629, 630, 631, 632, 633, 634, 635, 636, 637, 638, 639, 640, 641, 642, 643, 644, 645, 646, 647, 648, 649, 650, 651, 652, 653, 654, 655, 656, 657, 658, 659, 660, 661, 662, 663, 664, 665, 666, 667, 668, 669, 670, 671, 672, 673, 674, 675, 676, 677, 678, 679, 680, 681, 682, 683, 684, 685, 686, 687, 688, 689, 690, 691, 692, 693, 694, 695, 696, 697, 698, 699, 700, 701, 702, 703, 704, 705, 706, 707, 708, 709, 710, 711, 712, 713, 714, 715, 716, 717, 718, 719, 720, 721, 722, 723, 724, 725, 726, 727, 728, 729, 730, 731, 732, 733, 734, 735, 736, 737, 738, 739, 740, 741, 742, 743, 744, 745, 746, 747, 748, 749, 750, 751, 752, 753, 754, 755, 756, 757, 758, 759, 760, 761, 762, 763, 764, 765, 766, 767, 768, 769, 770, 771, 772, 773, 774, 775, 776, 777, 778, 779, 780, 781, 782, 783, 784, 785, 786, 787, 788, 789, 790, 791, 792, 793]","[261, 721]","[261, 721]","[105, 114, 138, 141, 152, 153, 154, 155, 157, 159, 164, 165, 176, 182, 191, 192, 194, 195, 196, 200, 204, 208, 209, 210, 211, 215, 226, 228, 241, 242, 243, 245, 248, 249, 250, 257, 261, 270, 271, 282, 287, 289, 291, 294, 296, 298, 306, 308, 309, 311, 314, 327, 333, 335, 337, 576, 585, 609, 612, 623, 624, 626, 627, 629, 631, 636, 637, 647, 653, 662, 663, 665, 666, 667, 671, 674, 678, 679, 680, 681, 690, 692, 705, 706, 707, 709, 711, 712, 713, 719, 721, 729, 730, 741, 746, 748, 750, 753, 755, 757, 764, 766, 767, 769, 772, 785, 791]","[261, 398, 399, 400, 721, 848, 849]","[398, 399, 400, 848, 849]",6/6 successful match,True,[54],True,376,False,,1.0,True,Pollard Flat USA ( Exxon ),Exxon
B Pollard Flat ( 96051 ) Pollard Flat Food & Gas,2 530-238-2534 I-5 Exit 712 ( Eagles Roost Rd ),M,Pollard Flat,96051,Pollard Flat Food & Gas,530-238-2534,2014,Lakehead,CA,,( Eagles Roost Rd ),I-5 Exit 712 ,Exit,712,False,,False,I-5,,,,,"[721, 261]","[261, 721]","[261, 721]","[261, 721]","[103, 104, 105, 106, 107, 108, 109, 110, 111, 112, 113, 114, 115, 116, 117, 118, 119, 120, 121, 122, 123, 124, 125, 126, 127, 128, 129, 130, 131, 132, 133, 134, 135, 136, 137, 138, 139, 140, 141, 142, 143, 144, 145, 146, 147, 148, 149, 150, 151, 152, 153, 154, 155, 156, 157, 158, 159, 160, 161, 162, 163, 164, 165, 166, 167, 168, 169, 170, 171, 172, 173, 174, 175, 176, 177, 178, 179, 180, 181, 182, 183, 184, 185, 186, 187, 188, 189, 190, 191, 192, 193, 194, 195, 196, 197, 198, 199, 200, 201, 202, 203, 204, 205, 206, 207, 208, 209, 210, 211, 212, 213, 214, 215, 216, 217, 218, 219, 220, 221, 222, 223, 224, 225, 226, 227, 228, 229, 230, 231, 232, 233, 234, 235, 236, 237, 238, 239, 240, 241, 242, 243, 244, 245, 246, 247, 248, 249, 250, 251, 252, 253, 254, 255, 256, 257, 258, 259, 260, 261, 262, 263, 264, 265, 266, 267, 268, 269, 270, 271, 272, 273, 274, 275, 276, 277, 278, 279, 280, 281, 282, 283, 284, 285, 286, 287, 288, 289, 290, 291, 292, 293, 294, 295, 296, 297, 298, 299, 300, 301, 302, 303, 304, 305, 306, 307, 308, 309, 310, 311, 312, 313, 314, 315, 316, 317, 318, 319, 320, 321, 322, 323, 324, 325, 326, 327, 328, 329, 330, 331, 332, 333, 334, 335, 336, 337, 574, 575, 576, 577, 578, 579, 580, 581, 582, 583, 584, 585, 586, 587, 588, 589, 590, 591, 592, 593, 594, 595, 596, 597, 598, 599, 600, 601, 602, 603, 604, 605, 606, 607, 608, 609, 610, 611, 612, 613, 614, 615, 616, 617, 618, 619, 620, 621, 622, 623, 624, 625, 626, 627, 628, 629, 630, 631, 632, 633, 634, 635, 636, 637, 638, 639, 640, 641, 642, 643, 644, 645, 646, 647, 648, 649, 650, 651, 652, 653, 654, 655, 656, 657, 658, 659, 660, 661, 662, 663, 664, 665, 666, 667, 668, 669, 670, 671, 672, 673, 674, 675, 676, 677, 678, 679, 680, 681, 682, 683, 684, 685, 686, 687, 688, 689, 690, 691, 692, 693, 694, 695, 696, 697, 698, 699, 700, 701, 702, 703, 704, 705, 706, 707, 708, 709, 710, 711, 712, 713, 714, 715, 716, 717, 718, 719, 720, 721, 722, 723, 724, 725, 726, 727, 728, 729, 730, 731, 732, 733, 734, 735, 736, 737, 738, 739, 740, 741, 742, 743, 744, 745, 746, 747, 748, 749, 750, 751, 752, 753, 754, 755, 756, 757, 758, 759, 760, 761, 762, 763, 764, 765, 766, 767, 768, 769, 770, 771, 772, 773, 774, 775, 776, 777, 778, 779, 780, 781, 782, 783, 784, 785, 786, 787, 788, 789, 790, 791, 792, 793]","[105, 114, 138, 141, 152, 153, 154, 155, 157, 159, 164, 165, 176, 182, 191, 192, 194, 195, 196, 200, 204, 208, 209, 210, 211, 215, 226, 228, 241, 242, 243, 245, 248, 249, 250, 257, 261, 270, 271, 282, 287, 289, 291, 294, 296, 298, 306, 308, 309, 311, 314, 327, 333, 335, 337, 576, 585, 609, 612, 623, 624, 626, 627, 629, 631, 636, 637, 647, 653, 662, 663, 665, 666, 667, 671, 674, 678, 679, 680, 681, 690, 692, 705, 706, 707, 709, 711, 712, 713, 719, 721, 729, 730, 741, 746, 748, 750, 753, 755, 757, 764, 766, 767, 769, 772, 785, 791]",[],"[261, 721]","[103, 104, 105, 106, 107, 108, 109, 110, 111, 112, 113, 114, 115, 116, 117, 118, 119, 120, 121, 122, 123, 124, 125, 126, 127, 128, 129, 130, 131, 132, 133, 134, 135, 136, 137, 138, 139, 140, 141, 142, 143, 144, 145, 146, 147, 148, 149, 150, 151, 152, 153, 154, 155, 156, 157, 158, 159, 160, 161, 162, 163, 164, 165, 166, 167, 168, 169, 170, 171, 172, 173, 174, 175, 176, 177, 178, 179, 180, 181, 182, 183, 184, 185, 186, 187, 188, 189, 190, 191, 192, 193, 194, 195, 196, 197, 198, 199, 200, 201, 202, 203, 204, 205, 206, 207, 208, 209, 210, 211, 212, 213, 214, 215, 216, 217, 218, 219, 220, 221, 222, 223, 224, 225, 226, 227, 228, 229, 230, 231, 232, 233, 234, 235, 236, 237, 238, 239, 240, 241, 242, 243, 244, 245, 246, 247, 248, 249, 250, 251, 252, 253, 254, 255, 256, 257, 258, 259, 260, 261, 262, 263, 264, 265, 266, 267, 268, 269, 270, 271, 272, 273, 274, 275, 276, 277, 278, 279, 280, 281, 282, 283, 284, 285, 286, 287, 288, 289, 290, 291, 292, 293, 294, 295, 296, 297, 298, 299, 300, 301, 302, 303, 304, 305, 306, 307, 308, 309, 310, 311, 312, 313, 314, 315, 316, 317, 318, 319, 320, 321, 322, 323, 324, 325, 326, 327, 328, 329, 330, 331, 332, 333, 334, 335, 336, 337, 574, 575, 576, 577, 578, 579, 580, 581, 582, 583, 584, 585, 586, 587, 588, 589, 590, 591, 592, 593, 594, 595, 596, 597, 598, 599, 600, 601, 602, 603, 604, 605, 606, 607, 608, 609, 610, 611, 612, 613, 614, 615, 616, 617, 618, 619, 620, 621, 622, 623, 624, 625, 626, 627, 628, 629, 630, 631, 632, 633, 634, 635, 636, 637, 638, 639, 640, 641, 642, 643, 644, 645, 646, 647, 648, 649, 650, 651, 652, 653, 654, 655, 656, 657, 658, 659, 660, 661, 662, 663, 664, 665, 666, 667, 668, 669, 670, 671, 672, 673, 674, 675, 676, 677, 678, 679, 680, 681, 682, 683, 684, 685, 686, 687, 688, 689, 690, 691, 692, 693, 694, 695, 696, 697, 698, 699, 700, 701, 702, 703, 704, 705, 706, 707, 708, 709, 710, 711, 712, 713, 714, 715, 716, 717, 718, 719, 720, 721, 722, 723, 724, 725, 726, 727, 728, 729, 730, 731, 732, 733, 734, 735, 736, 737, 738, 739, 740, 741, 742, 743, 744, 745, 746, 747, 748, 749, 750, 751, 752, 753, 754, 755, 756, 757, 758, 759, 760, 761, 762, 763, 764, 765, 766, 767, 768, 769, 770, 771, 772, 773, 774, 775, 776, 777, 778, 779, 780, 781, 782, 783, 784, 785, 786, 787, 788, 789, 790, 791, 792, 793]",True,"[261, 721]","[103, 104, 105, 106, 107, 108, 109, 110, 111, 112, 113, 114, 115, 116, 117, 118, 119, 120, 121, 122, 123, 124, 125, 126, 127, 128, 129, 130, 131, 132, 133, 134, 135, 136, 137, 138, 139, 140, 141, 142, 143, 144, 145, 146, 147, 148, 149, 150, 151, 152, 153, 154, 155, 156, 157, 158, 159, 160, 161, 162, 163, 164, 165, 166, 167, 168, 169, 170, 171, 172, 173, 174, 175, 176, 177, 178, 179, 180, 181, 182, 183, 184, 185, 186, 187, 188, 189, 190, 191, 192, 193, 194, 195, 196, 197, 198, 199, 200, 201, 202, 203, 204, 205, 206, 207, 208, 209, 210, 211, 212, 213, 214, 215, 216, 217, 218, 219, 220, 221, 222, 223, 224, 225, 226, 227, 228, 229, 230, 231, 232, 233, 234, 235, 236, 237, 238, 239, 240, 241, 242, 243, 244, 245, 246, 247, 248, 249, 250, 251, 252, 253, 254, 255, 256, 257, 258, 259, 260, 261, 262, 263, 264, 265, 266, 267, 268, 269, 270, 271, 272, 273, 274, 275, 276, 277, 278, 279, 280, 281, 282, 283, 284, 285, 286, 287, 288, 289, 290, 291, 292, 293, 294, 295, 296, 297, 298, 299, 300, 301, 302, 303, 304, 305, 306, 307, 308, 309, 310, 311, 312, 313, 314, 315, 316, 317, 318, 319, 320, 321, 322, 323, 324, 325, 326, 327, 328, 329, 330, 331, 332, 333, 334, 335, 336, 337, 574, 575, 576, 577, 578, 579, 580, 581, 582, 583, 584, 585, 586, 587, 588, 589, 590, 591, 592, 593, 594, 595, 596, 597, 598, 599, 600, 601, 602, 603, 604, 605, 606, 607, 608, 609, 610, 611, 612, 613, 614, 615, 616, 617, 618, 619, 620, 621, 622, 623, 624, 625, 626, 627, 628, 629, 630, 631, 632, 633, 634, 635, 636, 637, 638, 639, 640, 641, 642, 643, 644, 645, 646, 647, 648, 649, 650, 651, 652, 653, 654, 655, 656, 657, 658, 659, 660, 661, 662, 663, 664, 665, 666, 667, 668, 669, 670, 671, 672, 673, 674, 675, 676, 677, 678, 679, 680, 681, 682, 683, 684, 685, 686, 687, 688, 689, 690, 691, 692, 693, 694, 695, 696, 697, 698, 699, 700, 701, 702, 703, 704, 705, 706, 707, 708, 709, 710, 711, 712, 713, 714, 715, 716, 717, 718, 719, 720, 721, 722, 723, 724, 725, 726, 727, 728, 729, 730, 731, 732, 733, 734, 735, 736, 737, 738, 739, 740, 741, 742, 743, 744, 745, 746, 747, 748, 749, 750, 751, 752, 753, 754, 755, 756, 757, 758, 759, 760, 761, 762, 763, 764, 765, 766, 767, 768, 769, 770, 771, 772, 773, 774, 775, 776, 777, 778, 779, 780, 781, 782, 783, 784, 785, 786, 787, 788, 789, 790, 791, 792, 793]","[261, 721]","[261, 721]","[105, 114, 138, 141, 152, 153, 154, 155, 157, 159, 164, 165, 176, 182, 191, 192, 194, 195, 196, 200, 204, 208, 209, 210, 211, 215, 226, 228, 241, 242, 243, 245, 248, 249, 250, 257, 261, 270, 271, 282, 287, 289, 291, 294, 296, 298, 306, 308, 309, 311, 314, 327, 333, 335, 337, 576, 585, 609, 612, 623, 624, 626, 627, 629, 631, 636, 637, 647, 653, 662, 663, 665, 666, 667, 671, 674, 678, 679, 680, 681, 690, 692, 705, 706, 707, 709, 711, 712, 713, 719, 721, 729, 730, 741, 746, 748, 750, 753, 755, 757, 764, 766, 767, 769, 772, 785, 791]","[261, 721]",[],7/6 successful match,True,[54],True,376,False,,0.8200000000000001,True,"Pollard Flat USA ( Exxon St E , 415 N",Exxon
B Pollard Flat ( 96051 ) Food & Fuel,2 530-238-2534 I-5 Exit 712 ( Eagles Roost Rd ),M <U+25A1> <U+25A1>,Pollard Flat,96051,Food & Fuel,530-238-2534,2015,Lakehead,CA,,( Eagles Roost Rd ),I-5 Exit 712 ,Exit,712,False,,False,I-5,,,,,"[721, 261]","[261, 721]","[261, 721]","[261, 721]","[103, 104, 105, 106, 107, 108, 109, 110, 111, 112, 113, 114, 115, 116, 117, 118, 119, 120, 121, 122, 123, 124, 125, 126, 127, 128, 129, 130, 131, 132, 133, 134, 135, 136, 137, 138, 139, 140, 141, 142, 143, 144, 145, 146, 147, 148, 149, 150, 151, 152, 153, 154, 155, 156, 157, 158, 159, 160, 161, 162, 163, 164, 165, 166, 167, 168, 169, 170, 171, 172, 173, 174, 175, 176, 177, 178, 179, 180, 181, 182, 183, 184, 185, 186, 187, 188, 189, 190, 191, 192, 193, 194, 195, 196, 197, 198, 199, 200, 201, 202, 203, 204, 205, 206, 207, 208, 209, 210, 211, 212, 213, 214, 215, 216, 217, 218, 219, 220, 221, 222, 223, 224, 225, 226, 227, 228, 229, 230, 231, 232, 233, 234, 235, 236, 237, 238, 239, 240, 241, 242, 243, 244, 245, 246, 247, 248, 249, 250, 251, 252, 253, 254, 255, 256, 257, 258, 259, 260, 261, 262, 263, 264, 265, 266, 267, 268, 269, 270, 271, 272, 273, 274, 275, 276, 277, 278, 279, 280, 281, 282, 283, 284, 285, 286, 287, 288, 289, 290, 291, 292, 293, 294, 295, 296, 297, 298, 299, 300, 301, 302, 303, 304, 305, 306, 307, 308, 309, 310, 311, 312, 313, 314, 315, 316, 317, 318, 319, 320, 321, 322, 323, 324, 325, 326, 327, 328, 329, 330, 331, 332, 333, 334, 335, 336, 337, 574, 575, 576, 577, 578, 579, 580, 581, 582, 583, 584, 585, 586, 587, 588, 589, 590, 591, 592, 593, 594, 595, 596, 597, 598, 599, 600, 601, 602, 603, 604, 605, 606, 607, 608, 609, 610, 611, 612, 613, 614, 615, 616, 617, 618, 619, 620, 621, 622, 623, 624, 625, 626, 627, 628, 629, 630, 631, 632, 633, 634, 635, 636, 637, 638, 639, 640, 641, 642, 643, 644, 645, 646, 647, 648, 649, 650, 651, 652, 653, 654, 655, 656, 657, 658, 659, 660, 661, 662, 663, 664, 665, 666, 667, 668, 669, 670, 671, 672, 673, 674, 675, 676, 677, 678, 679, 680, 681, 682, 683, 684, 685, 686, 687, 688, 689, 690, 691, 692, 693, 694, 695, 696, 697, 698, 699, 700, 701, 702, 703, 704, 705, 706, 707, 708, 709, 710, 711, 712, 713, 714, 715, 716, 717, 718, 719, 720, 721, 722, 723, 724, 725, 726, 727, 728, 729, 730, 731, 732, 733, 734, 735, 736, 737, 738, 739, 740, 741, 742, 743, 744, 745, 746, 747, 748, 749, 750, 751, 752, 753, 754, 755, 756, 757, 758, 759, 760, 761, 762, 763, 764, 765, 766, 767, 768, 769, 770, 771, 772, 773, 774, 775, 776, 777, 778, 779, 780, 781, 782, 783, 784, 785, 786, 787, 788, 789, 790, 791, 792, 793]","[105, 114, 138, 141, 152, 153, 154, 155, 157, 159, 164, 165, 176, 182, 191, 192, 194, 195, 196, 200, 204, 208, 209, 210, 211, 215, 226, 228, 241, 242, 243, 245, 248, 249, 250, 257, 261, 270, 271, 282, 287, 289, 291, 294, 296, 298, 306, 308, 309, 311, 314, 327, 333, 335, 337, 576, 585, 609, 612, 623, 624, 626, 627, 629, 631, 636, 637, 647, 653, 662, 663, 665, 666, 667, 671, 674, 678, 679, 680, 681, 690, 692, 705, 706, 707, 709, 711, 712, 713, 719, 721, 729, 730, 741, 746, 748, 750, 753, 755, 757, 764, 766, 767, 769, 772, 785, 791]",[],[],"[103, 104, 105, 106, 107, 108, 109, 110, 111, 112, 113, 114, 115, 116, 117, 118, 119, 120, 121, 122, 123, 124, 125, 126, 127, 128, 129, 130, 131, 132, 133, 134, 135, 136, 137, 138, 139, 140, 141, 142, 143, 144, 145, 146, 147, 148, 149, 150, 151, 152, 153, 154, 155, 156, 157, 158, 159, 160, 161, 162, 163, 164, 165, 166, 167, 168, 169, 170, 171, 172, 173, 174, 175, 176, 177, 178, 179, 180, 181, 182, 183, 184, 185, 186, 187, 188, 189, 190, 191, 192, 193, 194, 195, 196, 197, 198, 199, 200, 201, 202, 203, 204, 205, 206, 207, 208, 209, 210, 211, 212, 213, 214, 215, 216, 217, 218, 219, 220, 221, 222, 223, 224, 225, 226, 227, 228, 229, 230, 231, 232, 233, 234, 235, 236, 237, 238, 239, 240, 241, 242, 243, 244, 245, 246, 247, 248, 249, 250, 251, 252, 253, 254, 255, 256, 257, 258, 259, 260, 261, 262, 263, 264, 265, 266, 267, 268, 269, 270, 271, 272, 273, 274, 275, 276, 277, 278, 279, 280, 281, 282, 283, 284, 285, 286, 287, 288, 289, 290, 291, 292, 293, 294, 295, 296, 297, 298, 299, 300, 301, 302, 303, 304, 305, 306, 307, 308, 309, 310, 311, 312, 313, 314, 315, 316, 317, 318, 319, 320, 321, 322, 323, 324, 325, 326, 327, 328, 329, 330, 331, 332, 333, 334, 335, 336, 337, 574, 575, 576, 577, 578, 579, 580, 581, 582, 583, 584, 585, 586, 587, 588, 589, 590, 591, 592, 593, 594, 595, 596, 597, 598, 599, 600, 601, 602, 603, 604, 605, 606, 607, 608, 609, 610, 611, 612, 613, 614, 615, 616, 617, 618, 619, 620, 621, 622, 623, 624, 625, 626, 627, 628, 629, 630, 631, 632, 633, 634, 635, 636, 637, 638, 639, 640, 641, 642, 643, 644, 645, 646, 647, 648, 649, 650, 651, 652, 653, 654, 655, 656, 657, 658, 659, 660, 661, 662, 663, 664, 665, 666, 667, 668, 669, 670, 671, 672, 673, 674, 675, 676, 677, 678, 679, 680, 681, 682, 683, 684, 685, 686, 687, 688, 689, 690, 691, 692, 693, 694, 695, 696, 697, 698, 699, 700, 701, 702, 703, 704, 705, 706, 707, 708, 709, 710, 711, 712, 713, 714, 715, 716, 717, 718, 719, 720, 721, 722, 723, 724, 725, 726, 727, 728, 729, 730, 731, 732, 733, 734, 735, 736, 737, 738, 739, 740, 741, 742, 743, 744, 745, 746, 747, 748, 749, 750, 751, 752, 753, 754, 755, 756, 757, 758, 759, 760, 761, 762, 763, 764, 765, 766, 767, 768, 769, 770, 771, 772, 773, 774, 775, 776, 777, 778, 779, 780, 781, 782, 783, 784, 785, 786, 787, 788, 789, 790, 791, 792, 793]",True,"[261, 721]","[103, 104, 105, 106, 107, 108, 109, 110, 111, 112, 113, 114, 115, 116, 117, 118, 119, 120, 121, 122, 123, 124, 125, 126, 127, 128, 129, 130, 131, 132, 133, 134, 135, 136, 137, 138, 139, 140, 141, 142, 143, 144, 145, 146, 147, 148, 149, 150, 151, 152, 153, 154, 155, 156, 157, 158, 159, 160, 161, 162, 163, 164, 165, 166, 167, 168, 169, 170, 171, 172, 173, 174, 175, 176, 177, 178, 179, 180, 181, 182, 183, 184, 185, 186, 187, 188, 189, 190, 191, 192, 193, 194, 195, 196, 197, 198, 199, 200, 201, 202, 203, 204, 205, 206, 207, 208, 209, 210, 211, 212, 213, 214, 215, 216, 217, 218, 219, 220, 221, 222, 223, 224, 225, 226, 227, 228, 229, 230, 231, 232, 233, 234, 235, 236, 237, 238, 239, 240, 241, 242, 243, 244, 245, 246, 247, 248, 249, 250, 251, 252, 253, 254, 255, 256, 257, 258, 259, 260, 261, 262, 263, 264, 265, 266, 267, 268, 269, 270, 271, 272, 273, 274, 275, 276, 277, 278, 279, 280, 281, 282, 283, 284, 285, 286, 287, 288, 289, 290, 291, 292, 293, 294, 295, 296, 297, 298, 299, 300, 301, 302, 303, 304, 305, 306, 307, 308, 309, 310, 311, 312, 313, 314, 315, 316, 317, 318, 319, 320, 321, 322, 323, 324, 325, 326, 327, 328, 329, 330, 331, 332, 333, 334, 335, 336, 337, 574, 575, 576, 577, 578, 579, 580, 581, 582, 583, 584, 585, 586, 587, 588, 589, 590, 591, 592, 593, 594, 595, 596, 597, 598, 599, 600, 601, 602, 603, 604, 605, 606, 607, 608, 609, 610, 611, 612, 613, 614, 615, 616, 617, 618, 619, 620, 621, 622, 623, 624, 625, 626, 627, 628, 629, 630, 631, 632, 633, 634, 635, 636, 637, 638, 639, 640, 641, 642, 643, 644, 645, 646, 647, 648, 649, 650, 651, 652, 653, 654, 655, 656, 657, 658, 659, 660, 661, 662, 663, 664, 665, 666, 667, 668, 669, 670, 671, 672, 673, 674, 675, 676, 677, 678, 679, 680, 681, 682, 683, 684, 685, 686, 687, 688, 689, 690, 691, 692, 693, 694, 695, 696, 697, 698, 699, 700, 701, 702, 703, 704, 705, 706, 707, 708, 709, 710, 711, 712, 713, 714, 715, 716, 717, 718, 719, 720, 721, 722, 723, 724, 725, 726, 727, 728, 729, 730, 731, 732, 733, 734, 735, 736, 737, 738, 739, 740, 741, 742, 743, 744, 745, 746, 747, 748, 749, 750, 751, 752, 753, 754, 755, 756, 757, 758, 759, 760, 761, 762, 763, 764, 765, 766, 767, 768, 769, 770, 771, 772, 773, 774, 775, 776, 777, 778, 779, 780, 781, 782, 783, 784, 785, 786, 787, 788, 789, 790, 791, 792, 793]","[261, 721]","[261, 721]","[105, 114, 138, 141, 152, 153, 154, 155, 157, 159, 164, 165, 176, 182, 191, 192, 194, 195, 196, 200, 204, 208, 209, 210, 211, 215, 226, 228, 241, 242, 243, 245, 248, 249, 250, 257, 261, 270, 271, 282, 287, 289, 291, 294, 296, 298, 306, 308, 309, 311, 314, 327, 333, 335, 337, 576, 585, 609, 612, 623, 624, 626, 627, 629, 631, 636, 637, 647, 653, 662, 663, 665, 666, 667, 671, 674, 678, 679, 680, 681, 690, 692, 705, 706, 707, 709, 711, 712, 713, 719, 721, 729, 730, 741, 746, 748, 750, 753, 755, 757, 764, 766, 767, 769, 772, 785, 791]",[],[],7/6 successful match,True,[54],True,376,False,,0.4568627450980392,True,Pollard Flat Food & Gas,
B Pollard Flat ( 96051 ) Pollard Flat Fuel N Park ),530-238-2534 I-5 Exit 712 ( Eagles Roost Rd ),) <U+25A1> M <U+25A1> <U+25A1> <U+2610> <U+25A1>,Pollard Flat,96051,Pollard Flat Fuel N Park ),530-238-2534,2016,Lakehead,CA,,( Eagles Roost Rd ),I-5 Exit 712 ,Exit,712,False,,False,I-5,,,,,"[721, 261]","[261, 721]","[261, 721]","[261, 721]","[103, 104, 105, 106, 107, 108, 109, 110, 111, 112, 113, 114, 115, 116, 117, 118, 119, 120, 121, 122, 123, 124, 125, 126, 127, 128, 129, 130, 131, 132, 133, 134, 135, 136, 137, 138, 139, 140, 141, 142, 143, 144, 145, 146, 147, 148, 149, 150, 151, 152, 153, 154, 155, 156, 157, 158, 159, 160, 161, 162, 163, 164, 165, 166, 167, 168, 169, 170, 171, 172, 173, 174, 175, 176, 177, 178, 179, 180, 181, 182, 183, 184, 185, 186, 187, 188, 189, 190, 191, 192, 193, 194, 195, 196, 197, 198, 199, 200, 201, 202, 203, 204, 205, 206, 207, 208, 209, 210, 211, 212, 213, 214, 215, 216, 217, 218, 219, 220, 221, 222, 223, 224, 225, 226, 227, 228, 229, 230, 231, 232, 233, 234, 235, 236, 237, 238, 239, 240, 241, 242, 243, 244, 245, 246, 247, 248, 249, 250, 251, 252, 253, 254, 255, 256, 257, 258, 259, 260, 261, 262, 263, 264, 265, 266, 267, 268, 269, 270, 271, 272, 273, 274, 275, 276, 277, 278, 279, 280, 281, 282, 283, 284, 285, 286, 287, 288, 289, 290, 291, 292, 293, 294, 295, 296, 297, 298, 299, 300, 301, 302, 303, 304, 305, 306, 307, 308, 309, 310, 311, 312, 313, 314, 315, 316, 317, 318, 319, 320, 321, 322, 323, 324, 325, 326, 327, 328, 329, 330, 331, 332, 333, 334, 335, 336, 337, 574, 575, 576, 577, 578, 579, 580, 581, 582, 583, 584, 585, 586, 587, 588, 589, 590, 591, 592, 593, 594, 595, 596, 597, 598, 599, 600, 601, 602, 603, 604, 605, 606, 607, 608, 609, 610, 611, 612, 613, 614, 615, 616, 617, 618, 619, 620, 621, 622, 623, 624, 625, 626, 627, 628, 629, 630, 631, 632, 633, 634, 635, 636, 637, 638, 639, 640, 641, 642, 643, 644, 645, 646, 647, 648, 649, 650, 651, 652, 653, 654, 655, 656, 657, 658, 659, 660, 661, 662, 663, 664, 665, 666, 667, 668, 669, 670, 671, 672, 673, 674, 675, 676, 677, 678, 679, 680, 681, 682, 683, 684, 685, 686, 687, 688, 689, 690, 691, 692, 693, 694, 695, 696, 697, 698, 699, 700, 701, 702, 703, 704, 705, 706, 707, 708, 709, 710, 711, 712, 713, 714, 715, 716, 717, 718, 719, 720, 721, 722, 723, 724, 725, 726, 727, 728, 729, 730, 731, 732, 733, 734, 735, 736, 737, 738, 739, 740, 741, 742, 743, 744, 745, 746, 747, 748, 749, 750, 751, 752, 753, 754, 755, 756, 757, 758, 759, 760, 761, 762, 763, 764, 765, 766, 767, 768, 769, 770, 771, 772, 773, 774, 775, 776, 777, 778, 779, 780, 781, 782, 783, 784, 785, 786, 787, 788, 789, 790, 791, 792, 793]","[105, 114, 138, 141, 152, 153, 154, 155, 157, 159, 164, 165, 176, 182, 191, 192, 194, 195, 196, 200, 204, 208, 209, 210, 211, 215, 226, 228, 241, 242, 243, 245, 248, 249, 250, 257, 261, 270, 271, 282, 287, 289, 291, 294, 296, 298, 306, 308, 309, 311, 314, 327, 333, 335, 337, 576, 585, 609, 612, 623, 624, 626, 627, 629, 631, 636, 637, 647, 653, 662, 663, 665, 666, 667, 671, 674, 678, 679, 680, 681, 690, 692, 705, 706, 707, 709, 711, 712, 713, 719, 721, 729, 730, 741, 746, 748, 750, 753, 755, 757, 764, 766, 767, 769, 772, 785, 791]",[],"[261, 319, 424, 458, 721, 777, 876, 904, 905]","[103, 104, 105, 106, 107, 108, 109, 110, 111, 112, 113, 114, 115, 116, 117, 118, 119, 120, 121, 122, 123, 124, 125, 126, 127, 128, 129, 130, 131, 132, 133, 134, 135, 136, 137, 138, 139, 140, 141, 142, 143, 144, 145, 146, 147, 148, 149, 150, 151, 152, 153, 154, 155, 156, 157, 158, 159, 160, 161, 162, 163, 164, 165, 166, 167, 168, 169, 170, 171, 172, 173, 174, 175, 176, 177, 178, 179, 180, 181, 182, 183, 184, 185, 186, 187, 188, 189, 190, 191, 192, 193, 194, 195, 196, 197, 198, 199, 200, 201, 202, 203, 204, 205, 206, 207, 208, 209, 210, 211, 212, 213, 214, 215, 216, 217, 218, 219, 220, 221, 222, 223, 224, 225, 226, 227, 228, 229, 230, 231, 232, 233, 234, 235, 236, 237, 238, 239, 240, 241, 242, 243, 244, 245, 246, 247, 248, 249, 250, 251, 252, 253, 254, 255, 256, 257, 258, 259, 260, 261, 262, 263, 264, 265, 266, 267, 268, 269, 270, 271, 272, 273, 274, 275, 276, 277, 278, 279, 280, 281, 282, 283, 284, 285, 286, 287, 288, 289, 290, 291, 292, 293, 294, 295, 296, 297, 298, 299, 300, 301, 302, 303, 304, 305, 306, 307, 308, 309, 310, 311, 312, 313, 314, 315, 316, 317, 318, 319, 320, 321, 322, 323, 324, 325, 326, 327, 328, 329, 330, 331, 332, 333, 334, 335, 336, 337, 424, 458, 574, 575, 576, 577, 578, 579, 580, 581, 582, 583, 584, 585, 586, 587, 588, 589, 590, 591, 592, 593, 594, 595, 596, 597, 598, 599, 600, 601, 602, 603, 604, 605, 606, 607, 608, 609, 610, 611, 612, 613, 614, 615, 616, 617, 618, 619, 620, 621, 622, 623, 624, 625, 626, 627, 628, 629, 630, 631, 632, 633, 634, 635, 636, 637, 638, 639, 640, 641, 642, 643, 644, 645, 646, 647, 648, 649, 650, 651, 652, 653, 654, 655, 656, 657, 658, 659, 660, 661, 662, 663, 664, 665, 666, 667, 668, 669, 670, 671, 672, 673, 674, 675, 676, 677, 678, 679, 680, 681, 682, 683, 684, 685, 686, 687, 688, 689, 690, 691, 692, 693, 694, 695, 696, 697, 698, 699, 700, 701, 702, 703, 704, 705, 706, 707, 708, 709, 710, 711, 712, 713, 714, 715, 716, 717, 718, 719, 720, 721, 722, 723, 724, 725, 726, 727, 728, 729, 730, 731, 732, 733, 734, 735, 736, 737, 738, 739, 740, 741, 742, 743, 744, 745, 746, 747, 748, 749, 750, 751, 752, 753, 754, 755, 756, 757, 758, 759, 760, 761, 762, 763, 764, 765, 766, 767, 768, 769, 770, 771, 772, 773, 774, 775, 776, 777, 778, 779, 780, 781, 782, 783, 784, 785, 786, 787, 788, 789, 790, 791, 792, 793, 876, 904, 905]",True,"[261, 721]","[103, 104, 105, 106, 107, 108, 109, 110, 111, 112, 113, 114, 115, 116, 117, 118, 119, 120, 121, 122, 123, 124, 125, 126, 127, 128, 129, 130, 131, 132, 133, 134, 135, 136, 137, 138, 139, 140, 141, 142, 143, 144, 145, 146, 147, 148, 149, 150, 151, 152, 153, 154, 155, 156, 157, 158, 159, 160, 161, 162, 163, 164, 165, 166, 167, 168, 169, 170, 171, 172, 173, 174, 175, 176, 177, 178, 179, 180, 181, 182, 183, 184, 185, 186, 187, 188, 189, 190, 191, 192, 193, 194, 195, 196, 197, 198, 199, 200, 201, 202, 203, 204, 205, 206, 207, 208, 209, 210, 211, 212, 213, 214, 215, 216, 217, 218, 219, 220, 221, 222, 223, 224, 225, 226, 227, 228, 229, 230, 231, 232, 233, 234, 235, 236, 237, 238, 239, 240, 241, 242, 243, 244, 245, 246, 247, 248, 249, 250, 251, 252, 253, 254, 255, 256, 257, 258, 259, 260, 261, 262, 263, 264, 265, 266, 267, 268, 269, 270, 271, 272, 273, 274, 275, 276, 277, 278, 279, 280, 281, 282, 283, 284, 285, 286, 287, 288, 289, 290, 291, 292, 293, 294, 295, 296, 297, 298, 299, 300, 301, 302, 303, 304, 305, 306, 307, 308, 309, 310, 311, 312, 313, 314, 315, 316, 317, 318, 319, 320, 321, 322, 323, 324, 325, 326, 327, 328, 329, 330, 331, 332, 333, 334, 335, 336, 337, 574, 575, 576, 577, 578, 579, 580, 581, 582, 583, 584, 585, 586, 587, 588, 589, 590, 591, 592, 593, 594, 595, 596, 597, 598, 599, 600, 601, 602, 603, 604, 605, 606, 607, 608, 609, 610, 611, 612, 613, 614, 615, 616, 617, 618, 619, 620, 621, 622, 623, 624, 625, 626, 627, 628, 629, 630, 631, 632, 633, 634, 635, 636, 637, 638, 639, 640, 641, 642, 643, 644, 645, 646, 647, 648, 649, 650, 651, 652, 653, 654, 655, 656, 657, 658, 659, 660, 661, 662, 663, 664, 665, 666, 667, 668, 669, 670, 671, 672, 673, 674, 675, 676, 677, 678, 679, 680, 681, 682, 683, 684, 685, 686, 687, 688, 689, 690, 691, 692, 693, 694, 695, 696, 697, 698, 699, 700, 701, 702, 703, 704, 705, 706, 707, 708, 709, 710, 711, 712, 713, 714, 715, 716, 717, 718, 719, 720, 721, 722, 723, 724, 725, 726, 727, 728, 729, 730, 731, 732, 733, 734, 735, 736, 737, 738, 739, 740, 741, 742, 743, 744, 745, 746, 747, 748, 749, 750, 751, 752, 753, 754, 755, 756, 757, 758, 759, 760, 761, 762, 763, 764, 765, 766, 767, 768, 769, 770, 771, 772, 773, 774, 775, 776, 777, 778, 779, 780, 781, 782, 783, 784, 785, 786, 787, 788, 789, 790, 791, 792, 793]","[261, 721]","[261, 721]","[105, 114, 138, 141, 152, 153, 154, 155, 157, 159, 164, 165, 176, 182, 191, 192, 194, 195, 196, 200, 204, 208, 209, 210, 211, 215, 226, 228, 241, 242, 243, 245, 248, 249, 250, 257, 261, 270, 271, 282, 287, 289, 291, 294, 296, 298, 306, 308, 309, 311, 314, 327, 333, 335, 337, 576, 585, 609, 612, 623, 624, 626, 627, 629, 631, 636, 637, 647, 653, 662, 663, 665, 666, 667, 671, 674, 678, 679, 680, 681, 690, 692, 705, 706, 707, 709, 711, 712, 713, 719, 721, 729, 730, 741, 746, 748, 750, 753, 755, 757, 764, 766, 767, 769, 772, 785, 791]","[261, 319, 424, 458, 721, 777, 876, 904, 905]",[],7/6 successful match,True,[54],True,376,False,,0.21621621621621623,True,Food & Fuel,
"Weed , 96094 Travelers Travel Plaza",530-938-9600 I-5 Exit 745 ( S Weed Blvd ),<U+2610>,Weed,96094,Travelers Travel Plaza,530-938-9600,2006,Weed,CA,,( S Weed Blvd ),I-5 Exit 745 ,Exit,745,False,,False,I-5,,,,,"[248, 711]","[248, 711]","[248, 711]","[248, 711]","[103, 104, 105, 106, 107, 108, 109, 110, 111, 112, 113, 114, 115, 116, 117, 118, 119, 120, 121, 122, 123, 124, 125, 126, 127, 128, 129, 130, 131, 132, 133, 134, 135, 136, 137, 138, 139, 140, 141, 142, 143, 144, 145, 146, 147, 148, 149, 150, 151, 152, 153, 154, 155, 156, 157, 158, 159, 160, 161, 162, 163, 164, 165, 166, 167, 168, 169, 170, 171, 172, 173, 174, 175, 176, 177, 178, 179, 180, 181, 182, 183, 184, 185, 186, 187, 188, 189, 190, 191, 192, 193, 194, 195, 196, 197, 198, 199, 200, 201, 202, 203, 204, 205, 206, 207, 208, 209, 210, 211, 212, 213, 214, 215, 216, 217, 218, 219, 220, 221, 222, 223, 224, 225, 226, 227, 228, 229, 230, 231, 232, 233, 234, 235, 236, 237, 238, 239, 240, 241, 242, 243, 244, 245, 246, 247, 248, 249, 250, 251, 252, 253, 254, 255, 256, 257, 258, 259, 260, 261, 262, 263, 264, 265, 266, 267, 268, 269, 270, 271, 272, 273, 274, 275, 276, 277, 278, 279, 280, 281, 282, 283, 284, 285, 286, 287, 288, 289, 290, 291, 292, 293, 294, 295, 296, 297, 298, 299, 300, 301, 302, 303, 304, 305, 306, 307, 308, 309, 310, 311, 312, 313, 314, 315, 316, 317, 318, 319, 320, 321, 322, 323, 324, 325, 326, 327, 328, 329, 330, 331, 332, 333, 334, 335, 336, 337, 574, 575, 576, 577, 578, 579, 580, 581, 582, 583, 584, 585, 586, 587, 588, 589, 590, 591, 592, 593, 594, 595, 596, 597, 598, 599, 600, 601, 602, 603, 604, 605, 606, 607, 608, 609, 610, 611, 612, 613, 614, 615, 616, 617, 618, 619, 620, 621, 622, 623, 624, 625, 626, 627, 628, 629, 630, 631, 632, 633, 634, 635, 636, 637, 638, 639, 640, 641, 642, 643, 644, 645, 646, 647, 648, 649, 650, 651, 652, 653, 654, 655, 656, 657, 658, 659, 660, 661, 662, 663, 664, 665, 666, 667, 668, 669, 670, 671, 672, 673, 674, 675, 676, 677, 678, 679, 680, 681, 682, 683, 684, 685, 686, 687, 688, 689, 690, 691, 692, 693, 694, 695, 696, 697, 698, 699, 700, 701, 702, 703, 704, 705, 706, 707, 708, 709, 710, 711, 712, 713, 714, 715, 716, 717, 718, 719, 720, 721, 722, 723, 724, 725, 726, 727, 728, 729, 730, 731, 732, 733, 734, 735, 736, 737, 738, 739, 740, 741, 742, 743, 744, 745, 746, 747, 748, 749, 750, 751, 752, 753, 754, 755, 756, 757, 758, 759, 760, 761, 762, 763, 764, 765, 766, 767, 768, 769, 770, 771, 772, 773, 774, 775, 776, 777, 778, 779, 780, 781, 782, 783, 784, 785, 786, 787, 788, 789, 790, 791, 792, 793]","[105, 114, 138, 141, 152, 153, 154, 155, 157, 159, 164, 165, 176, 182, 191, 192, 194, 195, 196, 200, 204, 208, 209, 210, 211, 215, 226, 228, 241, 242, 243, 245, 248, 249, 250, 257, 261, 270, 271, 282, 287, 289, 291, 294, 296, 298, 306, 308, 309, 311, 314, 327, 333, 335, 337, 576, 585, 609, 612, 623, 624, 626, 627, 629, 631, 636, 637, 647, 653, 662, 663, 665, 666, 667, 671, 674, 678, 679, 680, 681, 690, 692, 705, 706, 707, 709, 711, 712, 713, 719, 721, 729, 730, 741, 746, 748, 750, 753, 755, 757, 764, 766, 767, 769, 772, 785, 791]",[],[],"[103, 104, 105, 106, 107, 108, 109, 110, 111, 112, 113, 114, 115, 116, 117, 118, 119, 120, 121, 122, 123, 124, 125, 126, 127, 128, 129, 130, 131, 132, 133, 134, 135, 136, 137, 138, 139, 140, 141, 142, 143, 144, 145, 146, 147, 148, 149, 150, 151, 152, 153, 154, 155, 156, 157, 158, 159, 160, 161, 162, 163, 164, 165, 166, 167, 168, 169, 170, 171, 172, 173, 174, 175, 176, 177, 178, 179, 180, 181, 182, 183, 184, 185, 186, 187, 188, 189, 190, 191, 192, 193, 194, 195, 196, 197, 198, 199, 200, 201, 202, 203, 204, 205, 206, 207, 208, 209, 210, 211, 212, 213, 214, 215, 216, 217, 218, 219, 220, 221, 222, 223, 224, 225, 226, 227, 228, 229, 230, 231, 232, 233, 234, 235, 236, 237, 238, 239, 240, 241, 242, 243, 244, 245, 246, 247, 248, 249, 250, 251, 252, 253, 254, 255, 256, 257, 258, 259, 260, 261, 262, 263, 264, 265, 266, 267, 268, 269, 270, 271, 272, 273, 274, 275, 276, 277, 278, 279, 280, 281, 282, 283, 284, 285, 286, 287, 288, 289, 290, 291, 292, 293, 294, 295, 296, 297, 298, 299, 300, 301, 302, 303, 304, 305, 306, 307, 308, 309, 310, 311, 312, 313, 314, 315, 316, 317, 318, 319, 320, 321, 322, 323, 324, 325, 326, 327, 328, 329, 330, 331, 332, 333, 334, 335, 336, 337, 574, 575, 576, 577, 578, 579, 580, 581, 582, 583, 584, 585, 586, 587, 588, 589, 590, 591, 592, 593, 594, 595, 596, 597, 598, 599, 600, 601, 602, 603, 604, 605, 606, 607, 608, 609, 610, 611, 612, 613, 614, 615, 616, 617, 618, 619, 620, 621, 622, 623, 624, 625, 626, 627, 628, 629, 630, 631, 632, 633, 634, 635, 636, 637, 638, 639, 640, 641, 642, 643, 644, 645, 646, 647, 648, 649, 650, 651, 652, 653, 654, 655, 656, 657, 658, 659, 660, 661, 662, 663, 664, 665, 666, 667, 668, 669, 670, 671, 672, 673, 674, 675, 676, 677, 678, 679, 680, 681, 682, 683, 684, 685, 686, 687, 688, 689, 690, 691, 692, 693, 694, 695, 696, 697, 698, 699, 700, 701, 702, 703, 704, 705, 706, 707, 708, 709, 710, 711, 712, 713, 714, 715, 716, 717, 718, 719, 720, 721, 722, 723, 724, 725, 726, 727, 728, 729, 730, 731, 732, 733, 734, 735, 736, 737, 738, 739, 740, 741, 742, 743, 744, 745, 746, 747, 748, 749, 750, 751, 752, 753, 754, 755, 756, 757, 758, 759, 760, 761, 762, 763, 764, 765, 766, 767, 768, 769, 770, 771, 772, 773, 774, 775, 776, 777, 778, 779, 780, 781, 782, 783, 784, 785, 786, 787, 788, 789, 790, 791, 792, 793]",True,"[248, 711]","[103, 104, 105, 106, 107, 108, 109, 110, 111, 112, 113, 114, 115, 116, 117, 118, 119, 120, 121, 122, 123, 124, 125, 126, 127, 128, 129, 130, 131, 132, 133, 134, 135, 136, 137, 138, 139, 140, 141, 142, 143, 144, 145, 146, 147, 148, 149, 150, 151, 152, 153, 154, 155, 156, 157, 158, 159, 160, 161, 162, 163, 164, 165, 166, 167, 168, 169, 170, 171, 172, 173, 174, 175, 176, 177, 178, 179, 180, 181, 182, 183, 184, 185, 186, 187, 188, 189, 190, 191, 192, 193, 194, 195, 196, 197, 198, 199, 200, 201, 202, 203, 204, 205, 206, 207, 208, 209, 210, 211, 212, 213, 214, 215, 216, 217, 218, 219, 220, 221, 222, 223, 224, 225, 226, 227, 228, 229, 230, 231, 232, 233, 234, 235, 236, 237, 238, 239, 240, 241, 242, 243, 244, 245, 246, 247, 248, 249, 250, 251, 252, 253, 254, 255, 256, 257, 258, 259, 260, 261, 262, 263, 264, 265, 266, 267, 268, 269, 270, 271, 272, 273, 274, 275, 276, 277, 278, 279, 280, 281, 282, 283, 284, 285, 286, 287, 288, 289, 290, 291, 292, 293, 294, 295, 296, 297, 298, 299, 300, 301, 302, 303, 304, 305, 306, 307, 308, 309, 310, 311, 312, 313, 314, 315, 316, 317, 318, 319, 320, 321, 322, 323, 324, 325, 326, 327, 328, 329, 330, 331, 332, 333, 334, 335, 336, 337, 574, 575, 576, 577, 578, 579, 580, 581, 582, 583, 584, 585, 586, 587, 588, 589, 590, 591, 592, 593, 594, 595, 596, 597, 598, 599, 600, 601, 602, 603, 604, 605, 606, 607, 608, 609, 610, 611, 612, 613, 614, 615, 616, 617, 618, 619, 620, 621, 622, 623, 624, 625, 626, 627, 628, 629, 630, 631, 632, 633, 634, 635, 636, 637, 638, 639, 640, 641, 642, 643, 644, 645, 646, 647, 648, 649, 650, 651, 652, 653, 654, 655, 656, 657, 658, 659, 660, 661, 662, 663, 664, 665, 666, 667, 668, 669, 670, 671, 672, 673, 674, 675, 676, 677, 678, 679, 680, 681, 682, 683, 684, 685, 686, 687, 688, 689, 690, 691, 692, 693, 694, 695, 696, 697, 698, 699, 700, 701, 702, 703, 704, 705, 706, 707, 708, 709, 710, 711, 712, 713, 714, 715, 716, 717, 718, 719, 720, 721, 722, 723, 724, 725, 726, 727, 728, 729, 730, 731, 732, 733, 734, 735, 736, 737, 738, 739, 740, 741, 742, 743, 744, 745, 746, 747, 748, 749, 750, 751, 752, 753, 754, 755, 756, 757, 758, 759, 760, 761, 762, 763, 764, 765, 766, 767, 768, 769, 770, 771, 772, 773, 774, 775, 776, 777, 778, 779, 780, 781, 782, 783, 784, 785, 786, 787, 788, 789, 790, 791, 792, 793]","[248, 711]","[248, 711]","[105, 114, 138, 141, 152, 153, 154, 155, 157, 159, 164, 165, 176, 182, 191, 192, 194, 195, 196, 200, 204, 208, 209, 210, 211, 215, 226, 228, 241, 242, 243, 245, 248, 249, 250, 257, 261, 270, 271, 282, 287, 289, 291, 294, 296, 298, 306, 308, 309, 311, 314, 327, 333, 335, 337, 576, 585, 609, 612, 623, 624, 626, 627, 629, 631, 636, 637, 647, 653, 662, 663, 665, 666, 667, 671, 674, 678, 679, 680, 681, 690, 692, 705, 706, 707, 709, 711, 712, 713, 719, 721, 729, 730, 741, 746, 748, 750, 753, 755, 757, 764, 766, 767, 769, 772, 785, 791]",[],[],7/6 successful match,True,[68],True,377,False,,,,,
"Weed , 96094 Travelers Travel Plaza",530-938-9600 I-5 Exit 745 ( S Weed Blvd ),124 RS M,Weed,96094,Travelers Travel Plaza,530-938-9600,2007,Weed,CA,,( S Weed Blvd ),I-5 Exit 745 ,Exit,745,False,,False,I-5,,,,,"[248, 711]","[248, 711]","[248, 711]","[248, 711]","[103, 104, 105, 106, 107, 108, 109, 110, 111, 112, 113, 114, 115, 116, 117, 118, 119, 120, 121, 122, 123, 124, 125, 126, 127, 128, 129, 130, 131, 132, 133, 134, 135, 136, 137, 138, 139, 140, 141, 142, 143, 144, 145, 146, 147, 148, 149, 150, 151, 152, 153, 154, 155, 156, 157, 158, 159, 160, 161, 162, 163, 164, 165, 166, 167, 168, 169, 170, 171, 172, 173, 174, 175, 176, 177, 178, 179, 180, 181, 182, 183, 184, 185, 186, 187, 188, 189, 190, 191, 192, 193, 194, 195, 196, 197, 198, 199, 200, 201, 202, 203, 204, 205, 206, 207, 208, 209, 210, 211, 212, 213, 214, 215, 216, 217, 218, 219, 220, 221, 222, 223, 224, 225, 226, 227, 228, 229, 230, 231, 232, 233, 234, 235, 236, 237, 238, 239, 240, 241, 242, 243, 244, 245, 246, 247, 248, 249, 250, 251, 252, 253, 254, 255, 256, 257, 258, 259, 260, 261, 262, 263, 264, 265, 266, 267, 268, 269, 270, 271, 272, 273, 274, 275, 276, 277, 278, 279, 280, 281, 282, 283, 284, 285, 286, 287, 288, 289, 290, 291, 292, 293, 294, 295, 296, 297, 298, 299, 300, 301, 302, 303, 304, 305, 306, 307, 308, 309, 310, 311, 312, 313, 314, 315, 316, 317, 318, 319, 320, 321, 322, 323, 324, 325, 326, 327, 328, 329, 330, 331, 332, 333, 334, 335, 336, 337, 574, 575, 576, 577, 578, 579, 580, 581, 582, 583, 584, 585, 586, 587, 588, 589, 590, 591, 592, 593, 594, 595, 596, 597, 598, 599, 600, 601, 602, 603, 604, 605, 606, 607, 608, 609, 610, 611, 612, 613, 614, 615, 616, 617, 618, 619, 620, 621, 622, 623, 624, 625, 626, 627, 628, 629, 630, 631, 632, 633, 634, 635, 636, 637, 638, 639, 640, 641, 642, 643, 644, 645, 646, 647, 648, 649, 650, 651, 652, 653, 654, 655, 656, 657, 658, 659, 660, 661, 662, 663, 664, 665, 666, 667, 668, 669, 670, 671, 672, 673, 674, 675, 676, 677, 678, 679, 680, 681, 682, 683, 684, 685, 686, 687, 688, 689, 690, 691, 692, 693, 694, 695, 696, 697, 698, 699, 700, 701, 702, 703, 704, 705, 706, 707, 708, 709, 710, 711, 712, 713, 714, 715, 716, 717, 718, 719, 720, 721, 722, 723, 724, 725, 726, 727, 728, 729, 730, 731, 732, 733, 734, 735, 736, 737, 738, 739, 740, 741, 742, 743, 744, 745, 746, 747, 748, 749, 750, 751, 752, 753, 754, 755, 756, 757, 758, 759, 760, 761, 762, 763, 764, 765, 766, 767, 768, 769, 770, 771, 772, 773, 774, 775, 776, 777, 778, 779, 780, 781, 782, 783, 784, 785, 786, 787, 788, 789, 790, 791, 792, 793]","[105, 114, 138, 141, 152, 153, 154, 155, 157, 159, 164, 165, 176, 182, 191, 192, 194, 195, 196, 200, 204, 208, 209, 210, 211, 215, 226, 228, 241, 242, 243, 245, 248, 249, 250, 257, 261, 270, 271, 282, 287, 289, 291, 294, 296, 298, 306, 308, 309, 311, 314, 327, 333, 335, 337, 576, 585, 609, 612, 623, 624, 626, 627, 629, 631, 636, 637, 647, 653, 662, 663, 665, 666, 667, 671, 674, 678, 679, 680, 681, 690, 692, 705, 706, 707, 709, 711, 712, 713, 719, 721, 729, 730, 741, 746, 748, 750, 753, 755, 757, 764, 766, 767, 769, 772, 785, 791]",[],[],"[103, 104, 105, 106, 107, 108, 109, 110, 111, 112, 113, 114, 115, 116, 117, 118, 119, 120, 121, 122, 123, 124, 125, 126, 127, 128, 129, 130, 131, 132, 133, 134, 135, 136, 137, 138, 139, 140, 141, 142, 143, 144, 145, 146, 147, 148, 149, 150, 151, 152, 153, 154, 155, 156, 157, 158, 159, 160, 161, 162, 163, 164, 165, 166, 167, 168, 169, 170, 171, 172, 173, 174, 175, 176, 177, 178, 179, 180, 181, 182, 183, 184, 185, 186, 187, 188, 189, 190, 191, 192, 193, 194, 195, 196, 197, 198, 199, 200, 201, 202, 203, 204, 205, 206, 207, 208, 209, 210, 211, 212, 213, 214, 215, 216, 217, 218, 219, 220, 221, 222, 223, 224, 225, 226, 227, 228, 229, 230, 231, 232, 233, 234, 235, 236, 237, 238, 239, 240, 241, 242, 243, 244, 245, 246, 247, 248, 249, 250, 251, 252, 253, 254, 255, 256, 257, 258, 259, 260, 261, 262, 263, 264, 265, 266, 267, 268, 269, 270, 271, 272, 273, 274, 275, 276, 277, 278, 279, 280, 281, 282, 283, 284, 285, 286, 287, 288, 289, 290, 291, 292, 293, 294, 295, 296, 297, 298, 299, 300, 301, 302, 303, 304, 305, 306, 307, 308, 309, 310, 311, 312, 313, 314, 315, 316, 317, 318, 319, 320, 321, 322, 323, 324, 325, 326, 327, 328, 329, 330, 331, 332, 333, 334, 335, 336, 337, 574, 575, 576, 577, 578, 579, 580, 581, 582, 583, 584, 585, 586, 587, 588, 589, 590, 591, 592, 593, 594, 595, 596, 597, 598, 599, 600, 601, 602, 603, 604, 605, 606, 607, 608, 609, 610, 611, 612, 613, 614, 615, 616, 617, 618, 619, 620, 621, 622, 623, 624, 625, 626, 627, 628, 629, 630, 631, 632, 633, 634, 635, 636, 637, 638, 639, 640, 641, 642, 643, 644, 645, 646, 647, 648, 649, 650, 651, 652, 653, 654, 655, 656, 657, 658, 659, 660, 661, 662, 663, 664, 665, 666, 667, 668, 669, 670, 671, 672, 673, 674, 675, 676, 677, 678, 679, 680, 681, 682, 683, 684, 685, 686, 687, 688, 689, 690, 691, 692, 693, 694, 695, 696, 697, 698, 699, 700, 701, 702, 703, 704, 705, 706, 707, 708, 709, 710, 711, 712, 713, 714, 715, 716, 717, 718, 719, 720, 721, 722, 723, 724, 725, 726, 727, 728, 729, 730, 731, 732, 733, 734, 735, 736, 737, 738, 739, 740, 741, 742, 743, 744, 745, 746, 747, 748, 749, 750, 751, 752, 753, 754, 755, 756, 757, 758, 759, 760, 761, 762, 763, 764, 765, 766, 767, 768, 769, 770, 771, 772, 773, 774, 775, 776, 777, 778, 779, 780, 781, 782, 783, 784, 785, 786, 787, 788, 789, 790, 791, 792, 793]",True,"[248, 711]","[103, 104, 105, 106, 107, 108, 109, 110, 111, 112, 113, 114, 115, 116, 117, 118, 119, 120, 121, 122, 123, 124, 125, 126, 127, 128, 129, 130, 131, 132, 133, 134, 135, 136, 137, 138, 139, 140, 141, 142, 143, 144, 145, 146, 147, 148, 149, 150, 151, 152, 153, 154, 155, 156, 157, 158, 159, 160, 161, 162, 163, 164, 165, 166, 167, 168, 169, 170, 171, 172, 173, 174, 175, 176, 177, 178, 179, 180, 181, 182, 183, 184, 185, 186, 187, 188, 189, 190, 191, 192, 193, 194, 195, 196, 197, 198, 199, 200, 201, 202, 203, 204, 205, 206, 207, 208, 209, 210, 211, 212, 213, 214, 215, 216, 217, 218, 219, 220, 221, 222, 223, 224, 225, 226, 227, 228, 229, 230, 231, 232, 233, 234, 235, 236, 237, 238, 239, 240, 241, 242, 243, 244, 245, 246, 247, 248, 249, 250, 251, 252, 253, 254, 255, 256, 257, 258, 259, 260, 261, 262, 263, 264, 265, 266, 267, 268, 269, 270, 271, 272, 273, 274, 275, 276, 277, 278, 279, 280, 281, 282, 283, 284, 285, 286, 287, 288, 289, 290, 291, 292, 293, 294, 295, 296, 297, 298, 299, 300, 301, 302, 303, 304, 305, 306, 307, 308, 309, 310, 311, 312, 313, 314, 315, 316, 317, 318, 319, 320, 321, 322, 323, 324, 325, 326, 327, 328, 329, 330, 331, 332, 333, 334, 335, 336, 337, 574, 575, 576, 577, 578, 579, 580, 581, 582, 583, 584, 585, 586, 587, 588, 589, 590, 591, 592, 593, 594, 595, 596, 597, 598, 599, 600, 601, 602, 603, 604, 605, 606, 607, 608, 609, 610, 611, 612, 613, 614, 615, 616, 617, 618, 619, 620, 621, 622, 623, 624, 625, 626, 627, 628, 629, 630, 631, 632, 633, 634, 635, 636, 637, 638, 639, 640, 641, 642, 643, 644, 645, 646, 647, 648, 649, 650, 651, 652, 653, 654, 655, 656, 657, 658, 659, 660, 661, 662, 663, 664, 665, 666, 667, 668, 669, 670, 671, 672, 673, 674, 675, 676, 677, 678, 679, 680, 681, 682, 683, 684, 685, 686, 687, 688, 689, 690, 691, 692, 693, 694, 695, 696, 697, 698, 699, 700, 701, 702, 703, 704, 705, 706, 707, 708, 709, 710, 711, 712, 713, 714, 715, 716, 717, 718, 719, 720, 721, 722, 723, 724, 725, 726, 727, 728, 729, 730, 731, 732, 733, 734, 735, 736, 737, 738, 739, 740, 741, 742, 743, 744, 745, 746, 747, 748, 749, 750, 751, 752, 753, 754, 755, 756, 757, 758, 759, 760, 761, 762, 763, 764, 765, 766, 767, 768, 769, 770, 771, 772, 773, 774, 775, 776, 777, 778, 779, 780, 781, 782, 783, 784, 785, 786, 787, 788, 789, 790, 791, 792, 793]","[248, 711]","[248, 711]","[105, 114, 138, 141, 152, 153, 154, 155, 157, 159, 164, 165, 176, 182, 191, 192, 194, 195, 196, 200, 204, 208, 209, 210, 211, 215, 226, 228, 241, 242, 243, 245, 248, 249, 250, 257, 261, 270, 271, 282, 287, 289, 291, 294, 296, 298, 306, 308, 309, 311, 314, 327, 333, 335, 337, 576, 585, 609, 612, 623, 624, 626, 627, 629, 631, 636, 637, 647, 653, 662, 663, 665, 666, 667, 671, 674, 678, 679, 680, 681, 690, 692, 705, 706, 707, 709, 711, 712, 713, 719, 721, 729, 730, 741, 746, 748, 750, 753, 755, 757, 764, 766, 767, 769, 772, 785, 791]",[],[],7/6 successful match,True,[68],True,377,False,,0.8999999999999999,True,Travelers Travel Plaza,
"Weed , 96094 Travelers Publishers Travel . All Plaza rights reserved .",2 530-938-9600 I-5 Exit 745 ( S Weed ) 24,24 = MO <U+2610>,Weed,96094,Travelers Publishers Travel . All Plaza rights reserved .,530-938-9600,2008,Weed,CA,,( S Weed ) 24,I-5 Exit 745 ,Exit,745,False,,False,I-5,,,,,"[248, 711]","[248, 711]","[248, 711]","[248, 711]","[103, 104, 105, 106, 107, 108, 109, 110, 111, 112, 113, 114, 115, 116, 117, 118, 119, 120, 121, 122, 123, 124, 125, 126, 127, 128, 129, 130, 131, 132, 133, 134, 135, 136, 137, 138, 139, 140, 141, 142, 143, 144, 145, 146, 147, 148, 149, 150, 151, 152, 153, 154, 155, 156, 157, 158, 159, 160, 161, 162, 163, 164, 165, 166, 167, 168, 169, 170, 171, 172, 173, 174, 175, 176, 177, 178, 179, 180, 181, 182, 183, 184, 185, 186, 187, 188, 189, 190, 191, 192, 193, 194, 195, 196, 197, 198, 199, 200, 201, 202, 203, 204, 205, 206, 207, 208, 209, 210, 211, 212, 213, 214, 215, 216, 217, 218, 219, 220, 221, 222, 223, 224, 225, 226, 227, 228, 229, 230, 231, 232, 233, 234, 235, 236, 237, 238, 239, 240, 241, 242, 243, 244, 245, 246, 247, 248, 249, 250, 251, 252, 253, 254, 255, 256, 257, 258, 259, 260, 261, 262, 263, 264, 265, 266, 267, 268, 269, 270, 271, 272, 273, 274, 275, 276, 277, 278, 279, 280, 281, 282, 283, 284, 285, 286, 287, 288, 289, 290, 291, 292, 293, 294, 295, 296, 297, 298, 299, 300, 301, 302, 303, 304, 305, 306, 307, 308, 309, 310, 311, 312, 313, 314, 315, 316, 317, 318, 319, 320, 321, 322, 323, 324, 325, 326, 327, 328, 329, 330, 331, 332, 333, 334, 335, 336, 337, 574, 575, 576, 577, 578, 579, 580, 581, 582, 583, 584, 585, 586, 587, 588, 589, 590, 591, 592, 593, 594, 595, 596, 597, 598, 599, 600, 601, 602, 603, 604, 605, 606, 607, 608, 609, 610, 611, 612, 613, 614, 615, 616, 617, 618, 619, 620, 621, 622, 623, 624, 625, 626, 627, 628, 629, 630, 631, 632, 633, 634, 635, 636, 637, 638, 639, 640, 641, 642, 643, 644, 645, 646, 647, 648, 649, 650, 651, 652, 653, 654, 655, 656, 657, 658, 659, 660, 661, 662, 663, 664, 665, 666, 667, 668, 669, 670, 671, 672, 673, 674, 675, 676, 677, 678, 679, 680, 681, 682, 683, 684, 685, 686, 687, 688, 689, 690, 691, 692, 693, 694, 695, 696, 697, 698, 699, 700, 701, 702, 703, 704, 705, 706, 707, 708, 709, 710, 711, 712, 713, 714, 715, 716, 717, 718, 719, 720, 721, 722, 723, 724, 725, 726, 727, 728, 729, 730, 731, 732, 733, 734, 735, 736, 737, 738, 739, 740, 741, 742, 743, 744, 745, 746, 747, 748, 749, 750, 751, 752, 753, 754, 755, 756, 757, 758, 759, 760, 761, 762, 763, 764, 765, 766, 767, 768, 769, 770, 771, 772, 773, 774, 775, 776, 777, 778, 779, 780, 781, 782, 783, 784, 785, 786, 787, 788, 789, 790, 791, 792, 793]","[105, 114, 138, 141, 152, 153, 154, 155, 157, 159, 164, 165, 176, 182, 191, 192, 194, 195, 196, 200, 204, 208, 209, 210, 211, 215, 226, 228, 241, 242, 243, 245, 248, 249, 250, 257, 261, 270, 271, 282, 287, 289, 291, 294, 296, 298, 306, 308, 309, 311, 314, 327, 333, 335, 337, 576, 585, 609, 612, 623, 624, 626, 627, 629, 631, 636, 637, 647, 653, 662, 663, 665, 666, 667, 671, 674, 678, 679, 680, 681, 690, 692, 705, 706, 707, 709, 711, 712, 713, 719, 721, 729, 730, 741, 746, 748, 750, 753, 755, 757, 764, 766, 767, 769, 772, 785, 791]",[],[],"[103, 104, 105, 106, 107, 108, 109, 110, 111, 112, 113, 114, 115, 116, 117, 118, 119, 120, 121, 122, 123, 124, 125, 126, 127, 128, 129, 130, 131, 132, 133, 134, 135, 136, 137, 138, 139, 140, 141, 142, 143, 144, 145, 146, 147, 148, 149, 150, 151, 152, 153, 154, 155, 156, 157, 158, 159, 160, 161, 162, 163, 164, 165, 166, 167, 168, 169, 170, 171, 172, 173, 174, 175, 176, 177, 178, 179, 180, 181, 182, 183, 184, 185, 186, 187, 188, 189, 190, 191, 192, 193, 194, 195, 196, 197, 198, 199, 200, 201, 202, 203, 204, 205, 206, 207, 208, 209, 210, 211, 212, 213, 214, 215, 216, 217, 218, 219, 220, 221, 222, 223, 224, 225, 226, 227, 228, 229, 230, 231, 232, 233, 234, 235, 236, 237, 238, 239, 240, 241, 242, 243, 244, 245, 246, 247, 248, 249, 250, 251, 252, 253, 254, 255, 256, 257, 258, 259, 260, 261, 262, 263, 264, 265, 266, 267, 268, 269, 270, 271, 272, 273, 274, 275, 276, 277, 278, 279, 280, 281, 282, 283, 284, 285, 286, 287, 288, 289, 290, 291, 292, 293, 294, 295, 296, 297, 298, 299, 300, 301, 302, 303, 304, 305, 306, 307, 308, 309, 310, 311, 312, 313, 314, 315, 316, 317, 318, 319, 320, 321, 322, 323, 324, 325, 326, 327, 328, 329, 330, 331, 332, 333, 334, 335, 336, 337, 574, 575, 576, 577, 578, 579, 580, 581, 582, 583, 584, 585, 586, 587, 588, 589, 590, 591, 592, 593, 594, 595, 596, 597, 598, 599, 600, 601, 602, 603, 604, 605, 606, 607, 608, 609, 610, 611, 612, 613, 614, 615, 616, 617, 618, 619, 620, 621, 622, 623, 624, 625, 626, 627, 628, 629, 630, 631, 632, 633, 634, 635, 636, 637, 638, 639, 640, 641, 642, 643, 644, 645, 646, 647, 648, 649, 650, 651, 652, 653, 654, 655, 656, 657, 658, 659, 660, 661, 662, 663, 664, 665, 666, 667, 668, 669, 670, 671, 672, 673, 674, 675, 676, 677, 678, 679, 680, 681, 682, 683, 684, 685, 686, 687, 688, 689, 690, 691, 692, 693, 694, 695, 696, 697, 698, 699, 700, 701, 702, 703, 704, 705, 706, 707, 708, 709, 710, 711, 712, 713, 714, 715, 716, 717, 718, 719, 720, 721, 722, 723, 724, 725, 726, 727, 728, 729, 730, 731, 732, 733, 734, 735, 736, 737, 738, 739, 740, 741, 742, 743, 744, 745, 746, 747, 748, 749, 750, 751, 752, 753, 754, 755, 756, 757, 758, 759, 760, 761, 762, 763, 764, 765, 766, 767, 768, 769, 770, 771, 772, 773, 774, 775, 776, 777, 778, 779, 780, 781, 782, 783, 784, 785, 786, 787, 788, 789, 790, 791, 792, 793]",True,"[248, 711]","[103, 104, 105, 106, 107, 108, 109, 110, 111, 112, 113, 114, 115, 116, 117, 118, 119, 120, 121, 122, 123, 124, 125, 126, 127, 128, 129, 130, 131, 132, 133, 134, 135, 136, 137, 138, 139, 140, 141, 142, 143, 144, 145, 146, 147, 148, 149, 150, 151, 152, 153, 154, 155, 156, 157, 158, 159, 160, 161, 162, 163, 164, 165, 166, 167, 168, 169, 170, 171, 172, 173, 174, 175, 176, 177, 178, 179, 180, 181, 182, 183, 184, 185, 186, 187, 188, 189, 190, 191, 192, 193, 194, 195, 196, 197, 198, 199, 200, 201, 202, 203, 204, 205, 206, 207, 208, 209, 210, 211, 212, 213, 214, 215, 216, 217, 218, 219, 220, 221, 222, 223, 224, 225, 226, 227, 228, 229, 230, 231, 232, 233, 234, 235, 236, 237, 238, 239, 240, 241, 242, 243, 244, 245, 246, 247, 248, 249, 250, 251, 252, 253, 254, 255, 256, 257, 258, 259, 260, 261, 262, 263, 264, 265, 266, 267, 268, 269, 270, 271, 272, 273, 274, 275, 276, 277, 278, 279, 280, 281, 282, 283, 284, 285, 286, 287, 288, 289, 290, 291, 292, 293, 294, 295, 296, 297, 298, 299, 300, 301, 302, 303, 304, 305, 306, 307, 308, 309, 310, 311, 312, 313, 314, 315, 316, 317, 318, 319, 320, 321, 322, 323, 324, 325, 326, 327, 328, 329, 330, 331, 332, 333, 334, 335, 336, 337, 574, 575, 576, 577, 578, 579, 580, 581, 582, 583, 584, 585, 586, 587, 588, 589, 590, 591, 592, 593, 594, 595, 596, 597, 598, 599, 600, 601, 602, 603, 604, 605, 606, 607, 608, 609, 610, 611, 612, 613, 614, 615, 616, 617, 618, 619, 620, 621, 622, 623, 624, 625, 626, 627, 628, 629, 630, 631, 632, 633, 634, 635, 636, 637, 638, 639, 640, 641, 642, 643, 644, 645, 646, 647, 648, 649, 650, 651, 652, 653, 654, 655, 656, 657, 658, 659, 660, 661, 662, 663, 664, 665, 666, 667, 668, 669, 670, 671, 672, 673, 674, 675, 676, 677, 678, 679, 680, 681, 682, 683, 684, 685, 686, 687, 688, 689, 690, 691, 692, 693, 694, 695, 696, 697, 698, 699, 700, 701, 702, 703, 704, 705, 706, 707, 708, 709, 710, 711, 712, 713, 714, 715, 716, 717, 718, 719, 720, 721, 722, 723, 724, 725, 726, 727, 728, 729, 730, 731, 732, 733, 734, 735, 736, 737, 738, 739, 740, 741, 742, 743, 744, 745, 746, 747, 748, 749, 750, 751, 752, 753, 754, 755, 756, 757, 758, 759, 760, 761, 762, 763, 764, 765, 766, 767, 768, 769, 770, 771, 772, 773, 774, 775, 776, 777, 778, 779, 780, 781, 782, 783, 784, 785, 786, 787, 788, 789, 790, 791, 792, 793]","[248, 711]","[248, 711]","[105, 114, 138, 141, 152, 153, 154, 155, 157, 159, 164, 165, 176, 182, 191, 192, 194, 195, 196, 200, 204, 208, 209, 210, 211, 215, 226, 228, 241, 242, 243, 245, 248, 249, 250, 257, 261, 270, 271, 282, 287, 289, 291, 294, 296, 298, 306, 308, 309, 311, 314, 327, 333, 335, 337, 576, 585, 609, 612, 623, 624, 626, 627, 629, 631, 636, 637, 647, 653, 662, 663, 665, 666, 667, 671, 674, 678, 679, 680, 681, 690, 692, 705, 706, 707, 709, 711, 712, 713, 719, 721, 729, 730, 741, 746, 748, 750, 753, 755, 757, 764, 766, 767, 769, 772, 785, 791]",[],[],7/6 successful match,True,[68],True,377,False,,0.44708860759493674,True,Travelers Travel Plaza,
B Weed ( 96094 ) Pilot Travel Center # 137,2 530-938-9600 I-5 Exit 745 ( S Weed Blvd ),Plot 24 L O,Weed,96094,Pilot Travel Center # 137,530-938-9600,2014,Weed,CA,Pilot,( S Weed Blvd ),I-5 Exit 745 ,Exit,745,False,,False,I-5,,,,,"[248, 711]","[248, 711]","[248, 711]","[248, 711]","[103, 104, 105, 106, 107, 108, 109, 110, 111, 112, 113, 114, 115, 116, 117, 118, 119, 120, 121, 122, 123, 124, 125, 126, 127, 128, 129, 130, 131, 132, 133, 134, 135, 136, 137, 138, 139, 140, 141, 142, 143, 144, 145, 146, 147, 148, 149, 150, 151, 152, 153, 154, 155, 156, 157, 158, 159, 160, 161, 162, 163, 164, 165, 166, 167, 168, 169, 170, 171, 172, 173, 174, 175, 176, 177, 178, 179, 180, 181, 182, 183, 184, 185, 186, 187, 188, 189, 190, 191, 192, 193, 194, 195, 196, 197, 198, 199, 200, 201, 202, 203, 204, 205, 206, 207, 208, 209, 210, 211, 212, 213, 214, 215, 216, 217, 218, 219, 220, 221, 222, 223, 224, 225, 226, 227, 228, 229, 230, 231, 232, 233, 234, 235, 236, 237, 238, 239, 240, 241, 242, 243, 244, 245, 246, 247, 248, 249, 250, 251, 252, 253, 254, 255, 256, 257, 258, 259, 260, 261, 262, 263, 264, 265, 266, 267, 268, 269, 270, 271, 272, 273, 274, 275, 276, 277, 278, 279, 280, 281, 282, 283, 284, 285, 286, 287, 288, 289, 290, 291, 292, 293, 294, 295, 296, 297, 298, 299, 300, 301, 302, 303, 304, 305, 306, 307, 308, 309, 310, 311, 312, 313, 314, 315, 316, 317, 318, 319, 320, 321, 322, 323, 324, 325, 326, 327, 328, 329, 330, 331, 332, 333, 334, 335, 336, 337, 574, 575, 576, 577, 578, 579, 580, 581, 582, 583, 584, 585, 586, 587, 588, 589, 590, 591, 592, 593, 594, 595, 596, 597, 598, 599, 600, 601, 602, 603, 604, 605, 606, 607, 608, 609, 610, 611, 612, 613, 614, 615, 616, 617, 618, 619, 620, 621, 622, 623, 624, 625, 626, 627, 628, 629, 630, 631, 632, 633, 634, 635, 636, 637, 638, 639, 640, 641, 642, 643, 644, 645, 646, 647, 648, 649, 650, 651, 652, 653, 654, 655, 656, 657, 658, 659, 660, 661, 662, 663, 664, 665, 666, 667, 668, 669, 670, 671, 672, 673, 674, 675, 676, 677, 678, 679, 680, 681, 682, 683, 684, 685, 686, 687, 688, 689, 690, 691, 692, 693, 694, 695, 696, 697, 698, 699, 700, 701, 702, 703, 704, 705, 706, 707, 708, 709, 710, 711, 712, 713, 714, 715, 716, 717, 718, 719, 720, 721, 722, 723, 724, 725, 726, 727, 728, 729, 730, 731, 732, 733, 734, 735, 736, 737, 738, 739, 740, 741, 742, 743, 744, 745, 746, 747, 748, 749, 750, 751, 752, 753, 754, 755, 756, 757, 758, 759, 760, 761, 762, 763, 764, 765, 766, 767, 768, 769, 770, 771, 772, 773, 774, 775, 776, 777, 778, 779, 780, 781, 782, 783, 784, 785, 786, 787, 788, 789, 790, 791, 792, 793]","[105, 114, 138, 141, 152, 153, 154, 155, 157, 159, 164, 165, 176, 182, 191, 192, 194, 195, 196, 200, 204, 208, 209, 210, 211, 215, 226, 228, 241, 242, 243, 245, 248, 249, 250, 257, 261, 270, 271, 282, 287, 289, 291, 294, 296, 298, 306, 308, 309, 311, 314, 327, 333, 335, 337, 576, 585, 609, 612, 623, 624, 626, 627, 629, 631, 636, 637, 647, 653, 662, 663, 665, 666, 667, 671, 674, 678, 679, 680, 681, 690, 692, 705, 706, 707, 709, 711, 712, 713, 719, 721, 729, 730, 741, 746, 748, 750, 753, 755, 757, 764, 766, 767, 769, 772, 785, 791]","[15, 16, 65, 66, 67, 68, 69, 70, 71, 72, 73, 74, 75, 76, 80, 151, 245, 246, 247, 248, 249, 250, 251, 252, 253, 254, 255, 256, 257, 258, 259, 280, 340, 373, 374, 375, 376, 377, 459, 460, 461, 462, 500, 501, 539, 540, 541, 542, 543, 544, 545, 546, 547, 548, 549, 550, 552, 622, 708, 709, 710, 711, 712, 713, 714, 715, 716, 717, 718, 719, 720, 739, 796, 823, 824, 825, 826, 827, 906, 907, 908, 909]","[15, 16, 65, 66, 67, 68, 69, 70, 71, 72, 73, 74, 75, 76, 77, 78, 80, 151, 244, 245, 246, 247, 248, 249, 250, 251, 252, 253, 254, 255, 256, 257, 258, 259, 260, 280, 340, 373, 374, 375, 376, 377, 459, 460, 461, 462, 500, 501, 539, 540, 541, 542, 543, 544, 545, 546, 547, 548, 549, 550, 552, 622, 708, 709, 710, 711, 712, 713, 714, 715, 716, 717, 718, 719, 720, 739, 796, 823, 824, 825, 826, 827, 906, 907, 908, 909]","[15, 16, 65, 66, 67, 68, 69, 70, 71, 72, 73, 74, 75, 76, 77, 78, 80, 103, 104, 105, 106, 107, 108, 109, 110, 111, 112, 113, 114, 115, 116, 117, 118, 119, 120, 121, 122, 123, 124, 125, 126, 127, 128, 129, 130, 131, 132, 133, 134, 135, 136, 137, 138, 139, 140, 141, 142, 143, 144, 145, 146, 147, 148, 149, 150, 151, 152, 153, 154, 155, 156, 157, 158, 159, 160, 161, 162, 163, 164, 165, 166, 167, 168, 169, 170, 171, 172, 173, 174, 175, 176, 177, 178, 179, 180, 181, 182, 183, 184, 185, 186, 187, 188, 189, 190, 191, 192, 193, 194, 195, 196, 197, 198, 199, 200, 201, 202, 203, 204, 205, 206, 207, 208, 209, 210, 211, 212, 213, 214, 215, 216, 217, 218, 219, 220, 221, 222, 223, 224, 225, 226, 227, 228, 229, 230, 231, 232, 233, 234, 235, 236, 237, 238, 239, 240, 241, 242, 243, 244, 245, 246, 247, 248, 249, 250, 251, 252, 253, 254, 255, 256, 257, 258, 259, 260, 261, 262, 263, 264, 265, 266, 267, 268, 269, 270, 271, 272, 273, 274, 275, 276, 277, 278, 279, 280, 281, 282, 283, 284, 285, 286, 287, 288, 289, 290, 291, 292, 293, 294, 295, 296, 297, 298, 299, 300, 301, 302, 303, 304, 305, 306, 307, 308, 309, 310, 311, 312, 313, 314, 315, 316, 317, 318, 319, 320, 321, 322, 323, 324, 325, 326, 327, 328, 329, 330, 331, 332, 333, 334, 335, 336, 337, 340, 373, 374, 375, 376, 377, 459, 460, 461, 462, 500, 501, 539, 540, 541, 542, 543, 544, 545, 546, 547, 548, 549, 550, 552, 574, 575, 576, 577, 578, 579, 580, 581, 582, 583, 584, 585, 586, 587, 588, 589, 590, 591, 592, 593, 594, 595, 596, 597, 598, 599, 600, 601, 602, 603, 604, 605, 606, 607, 608, 609, 610, 611, 612, 613, 614, 615, 616, 617, 618, 619, 620, 621, 622, 623, 624, 625, 626, 627, 628, 629, 630, 631, 632, 633, 634, 635, 636, 637, 638, 639, 640, 641, 642, 643, 644, 645, 646, 647, 648, 649, 650, 651, 652, 653, 654, 655, 656, 657, 658, 659, 660, 661, 662, 663, 664, 665, 666, 667, 668, 669, 670, 671, 672, 673, 674, 675, 676, 677, 678, 679, 680, 681, 682, 683, 684, 685, 686, 687, 688, 689, 690, 691, 692, 693, 694, 695, 696, 697, 698, 699, 700, 701, 702, 703, 704, 705, 706, 707, 708, 709, 710, 711, 712, 713, 714, 715, 716, 717, 718, 719, 720, 721, 722, 723, 724, 725, 726, 727, 728, 729, 730, 731, 732, 733, 734, 735, 736, 737, 738, 739, 740, 741, 742, 743, 744, 745, 746, 747, 748, 749, 750, 751, 752, 753, 754, 755, 756, 757, 758, 759, 760, 761, 762, 763, 764, 765, 766, 767, 768, 769, 770, 771, 772, 773, 774, 775, 776, 777, 778, 779, 780, 781, 782, 783, 784, 785, 786, 787, 788, 789, 790, 791, 792, 793, 796, 823, 824, 825, 826, 827, 906, 907, 908, 909]",True,"[248, 711]","[103, 104, 105, 106, 107, 108, 109, 110, 111, 112, 113, 114, 115, 116, 117, 118, 119, 120, 121, 122, 123, 124, 125, 126, 127, 128, 129, 130, 131, 132, 133, 134, 135, 136, 137, 138, 139, 140, 141, 142, 143, 144, 145, 146, 147, 148, 149, 150, 151, 152, 153, 154, 155, 156, 157, 158, 159, 160, 161, 162, 163, 164, 165, 166, 167, 168, 169, 170, 171, 172, 173, 174, 175, 176, 177, 178, 179, 180, 181, 182, 183, 184, 185, 186, 187, 188, 189, 190, 191, 192, 193, 194, 195, 196, 197, 198, 199, 200, 201, 202, 203, 204, 205, 206, 207, 208, 209, 210, 211, 212, 213, 214, 215, 216, 217, 218, 219, 220, 221, 222, 223, 224, 225, 226, 227, 228, 229, 230, 231, 232, 233, 234, 235, 236, 237, 238, 239, 240, 241, 242, 243, 244, 245, 246, 247, 248, 249, 250, 251, 252, 253, 254, 255, 256, 257, 258, 259, 260, 261, 262, 263, 264, 265, 266, 267, 268, 269, 270, 271, 272, 273, 274, 275, 276, 277, 278, 279, 280, 281, 282, 283, 284, 285, 286, 287, 288, 289, 290, 291, 292, 293, 294, 295, 296, 297, 298, 299, 300, 301, 302, 303, 304, 305, 306, 307, 308, 309, 310, 311, 312, 313, 314, 315, 316, 317, 318, 319, 320, 321, 322, 323, 324, 325, 326, 327, 328, 329, 330, 331, 332, 333, 334, 335, 336, 337, 574, 575, 576, 577, 578, 579, 580, 581, 582, 583, 584, 585, 586, 587, 588, 589, 590, 591, 592, 593, 594, 595, 596, 597, 598, 599, 600, 601, 602, 603, 604, 605, 606, 607, 608, 609, 610, 611, 612, 613, 614, 615, 616, 617, 618, 619, 620, 621, 622, 623, 624, 625, 626, 627, 628, 629, 630, 631, 632, 633, 634, 635, 636, 637, 638, 639, 640, 641, 642, 643, 644, 645, 646, 647, 648, 649, 650, 651, 652, 653, 654, 655, 656, 657, 658, 659, 660, 661, 662, 663, 664, 665, 666, 667, 668, 669, 670, 671, 672, 673, 674, 675, 676, 677, 678, 679, 680, 681, 682, 683, 684, 685, 686, 687, 688, 689, 690, 691, 692, 693, 694, 695, 696, 697, 698, 699, 700, 701, 702, 703, 704, 705, 706, 707, 708, 709, 710, 711, 712, 713, 714, 715, 716, 717, 718, 719, 720, 721, 722, 723, 724, 725, 726, 727, 728, 729, 730, 731, 732, 733, 734, 735, 736, 737, 738, 739, 740, 741, 742, 743, 744, 745, 746, 747, 748, 749, 750, 751, 752, 753, 754, 755, 756, 757, 758, 759, 760, 761, 762, 763, 764, 765, 766, 767, 768, 769, 770, 771, 772, 773, 774, 775, 776, 777, 778, 779, 780, 781, 782, 783, 784, 785, 786, 787, 788, 789, 790, 791, 792, 793]","[248, 711]","[248, 711]","[105, 114, 138, 141, 152, 153, 154, 155, 157, 159, 164, 165, 176, 182, 191, 192, 194, 195, 196, 200, 204, 208, 209, 210, 211, 215, 226, 228, 241, 242, 243, 245, 248, 249, 250, 257, 261, 270, 271, 282, 287, 289, 291, 294, 296, 298, 306, 308, 309, 311, 314, 327, 333, 335, 337, 576, 585, 609, 612, 623, 624, 626, 627, 629, 631, 636, 637, 647, 653, 662, 663, 665, 666, 667, 671, 674, 678, 679, 680, 681, 690, 692, 705, 706, 707, 709, 711, 712, 713, 719, 721, 729, 730, 741, 746, 748, 750, 753, 755, 757, 764, 766, 767, 769, 772, 785, 791]","[15, 16, 65, 66, 67, 68, 69, 70, 71, 72, 73, 74, 75, 76, 77, 78, 80, 151, 244, 245, 246, 247, 248, 249, 250, 251, 252, 253, 254, 255, 256, 257, 258, 259, 260, 280, 340, 373, 374, 375, 376, 377, 459, 460, 461, 462, 500, 501, 539, 540, 541, 542, 543, 544, 545, 546, 547, 548, 549, 550, 552, 622, 708, 709, 710, 711, 712, 713, 714, 715, 716, 717, 718, 719, 720, 739, 796, 823, 824, 825, 826, 827, 906, 907, 908, 909]","[15, 16, 65, 66, 67, 68, 69, 70, 71, 72, 73, 74, 75, 76, 80, 151, 245, 246, 247, 248, 249, 250, 251, 252, 253, 254, 255, 256, 257, 258, 259, 280, 340, 373, 374, 375, 376, 377, 459, 460, 461, 462, 500, 501, 539, 540, 541, 542, 543, 544, 545, 546, 547, 548, 549, 550, 552, 622, 708, 709, 710, 711, 712, 713, 714, 715, 716, 717, 718, 719, 720, 739, 796, 823, 824, 825, 826, 827, 906, 907, 908, 909]",7/6 successful match,True,[68],True,377,True,2014,0.17073170731707318,True,Travelers Publishers Travel . All Plaza rights reserved .,
Weed ( 96094 ) Pilot Travel Center # 137 of I-710 ),530-938-9600 I-5 Exit 745 ( S,Pilot 24 LO,Weed,96094,Pilot Travel Center # 137 of I-710 ),530-938-9600,2015,Weed,CA,Pilot,( S,I-5 Exit 745 ,Exit,745,False,,False,I-5,,,,,"[248, 711]","[248, 711]","[248, 711]","[248, 711]","[103, 104, 105, 106, 107, 108, 109, 110, 111, 112, 113, 114, 115, 116, 117, 118, 119, 120, 121, 122, 123, 124, 125, 126, 127, 128, 129, 130, 131, 132, 133, 134, 135, 136, 137, 138, 139, 140, 141, 142, 143, 144, 145, 146, 147, 148, 149, 150, 151, 152, 153, 154, 155, 156, 157, 158, 159, 160, 161, 162, 163, 164, 165, 166, 167, 168, 169, 170, 171, 172, 173, 174, 175, 176, 177, 178, 179, 180, 181, 182, 183, 184, 185, 186, 187, 188, 189, 190, 191, 192, 193, 194, 195, 196, 197, 198, 199, 200, 201, 202, 203, 204, 205, 206, 207, 208, 209, 210, 211, 212, 213, 214, 215, 216, 217, 218, 219, 220, 221, 222, 223, 224, 225, 226, 227, 228, 229, 230, 231, 232, 233, 234, 235, 236, 237, 238, 239, 240, 241, 242, 243, 244, 245, 246, 247, 248, 249, 250, 251, 252, 253, 254, 255, 256, 257, 258, 259, 260, 261, 262, 263, 264, 265, 266, 267, 268, 269, 270, 271, 272, 273, 274, 275, 276, 277, 278, 279, 280, 281, 282, 283, 284, 285, 286, 287, 288, 289, 290, 291, 292, 293, 294, 295, 296, 297, 298, 299, 300, 301, 302, 303, 304, 305, 306, 307, 308, 309, 310, 311, 312, 313, 314, 315, 316, 317, 318, 319, 320, 321, 322, 323, 324, 325, 326, 327, 328, 329, 330, 331, 332, 333, 334, 335, 336, 337, 574, 575, 576, 577, 578, 579, 580, 581, 582, 583, 584, 585, 586, 587, 588, 589, 590, 591, 592, 593, 594, 595, 596, 597, 598, 599, 600, 601, 602, 603, 604, 605, 606, 607, 608, 609, 610, 611, 612, 613, 614, 615, 616, 617, 618, 619, 620, 621, 622, 623, 624, 625, 626, 627, 628, 629, 630, 631, 632, 633, 634, 635, 636, 637, 638, 639, 640, 641, 642, 643, 644, 645, 646, 647, 648, 649, 650, 651, 652, 653, 654, 655, 656, 657, 658, 659, 660, 661, 662, 663, 664, 665, 666, 667, 668, 669, 670, 671, 672, 673, 674, 675, 676, 677, 678, 679, 680, 681, 682, 683, 684, 685, 686, 687, 688, 689, 690, 691, 692, 693, 694, 695, 696, 697, 698, 699, 700, 701, 702, 703, 704, 705, 706, 707, 708, 709, 710, 711, 712, 713, 714, 715, 716, 717, 718, 719, 720, 721, 722, 723, 724, 725, 726, 727, 728, 729, 730, 731, 732, 733, 734, 735, 736, 737, 738, 739, 740, 741, 742, 743, 744, 745, 746, 747, 748, 749, 750, 751, 752, 753, 754, 755, 756, 757, 758, 759, 760, 761, 762, 763, 764, 765, 766, 767, 768, 769, 770, 771, 772, 773, 774, 775, 776, 777, 778, 779, 780, 781, 782, 783, 784, 785, 786, 787, 788, 789, 790, 791, 792, 793]","[105, 114, 138, 141, 152, 153, 154, 155, 157, 159, 164, 165, 176, 182, 191, 192, 194, 195, 196, 200, 204, 208, 209, 210, 211, 215, 226, 228, 241, 242, 243, 245, 248, 249, 250, 257, 261, 270, 271, 282, 287, 289, 291, 294, 296, 298, 306, 308, 309, 311, 314, 327, 333, 335, 337, 576, 585, 609, 612, 623, 624, 626, 627, 629, 631, 636, 637, 647, 653, 662, 663, 665, 666, 667, 671, 674, 678, 679, 680, 681, 690, 692, 705, 706, 707, 709, 711, 712, 713, 719, 721, 729, 730, 741, 746, 748, 750, 753, 755, 757, 764, 766, 767, 769, 772, 785, 791]","[15, 16, 65, 66, 67, 68, 69, 70, 71, 72, 73, 74, 75, 76, 80, 151, 245, 246, 247, 248, 249, 250, 251, 252, 253, 254, 255, 256, 257, 258, 259, 280, 340, 373, 374, 375, 376, 377, 459, 460, 461, 462, 500, 501, 539, 540, 541, 542, 543, 544, 545, 546, 547, 548, 549, 550, 552, 622, 708, 709, 710, 711, 712, 713, 714, 715, 716, 717, 718, 719, 720, 739, 796, 823, 824, 825, 826, 827, 906, 907, 908, 909]","[15, 16, 65, 66, 67, 68, 69, 70, 71, 72, 73, 74, 75, 76, 77, 78, 80, 151, 244, 245, 246, 247, 248, 249, 250, 251, 252, 253, 254, 255, 256, 257, 258, 259, 260, 280, 340, 373, 374, 375, 376, 377, 459, 460, 461, 462, 500, 501, 539, 540, 541, 542, 543, 544, 545, 546, 547, 548, 549, 550, 552, 622, 708, 709, 710, 711, 712, 713, 714, 715, 716, 717, 718, 719, 720, 739, 796, 823, 824, 825, 826, 827, 906, 907, 908, 909]","[15, 16, 65, 66, 67, 68, 69, 70, 71, 72, 73, 74, 75, 76, 77, 78, 80, 103, 104, 105, 106, 107, 108, 109, 110, 111, 112, 113, 114, 115, 116, 117, 118, 119, 120, 121, 122, 123, 124, 125, 126, 127, 128, 129, 130, 131, 132, 133, 134, 135, 136, 137, 138, 139, 140, 141, 142, 143, 144, 145, 146, 147, 148, 149, 150, 151, 152, 153, 154, 155, 156, 157, 158, 159, 160, 161, 162, 163, 164, 165, 166, 167, 168, 169, 170, 171, 172, 173, 174, 175, 176, 177, 178, 179, 180, 181, 182, 183, 184, 185, 186, 187, 188, 189, 190, 191, 192, 193, 194, 195, 196, 197, 198, 199, 200, 201, 202, 203, 204, 205, 206, 207, 208, 209, 210, 211, 212, 213, 214, 215, 216, 217, 218, 219, 220, 221, 222, 223, 224, 225, 226, 227, 228, 229, 230, 231, 232, 233, 234, 235, 236, 237, 238, 239, 240, 241, 242, 243, 244, 245, 246, 247, 248, 249, 250, 251, 252, 253, 254, 255, 256, 257, 258, 259, 260, 261, 262, 263, 264, 265, 266, 267, 268, 269, 270, 271, 272, 273, 274, 275, 276, 277, 278, 279, 280, 281, 282, 283, 284, 285, 286, 287, 288, 289, 290, 291, 292, 293, 294, 295, 296, 297, 298, 299, 300, 301, 302, 303, 304, 305, 306, 307, 308, 309, 310, 311, 312, 313, 314, 315, 316, 317, 318, 319, 320, 321, 322, 323, 324, 325, 326, 327, 328, 329, 330, 331, 332, 333, 334, 335, 336, 337, 340, 373, 374, 375, 376, 377, 459, 460, 461, 462, 500, 501, 539, 540, 541, 542, 543, 544, 545, 546, 547, 548, 549, 550, 552, 574, 575, 576, 577, 578, 579, 580, 581, 582, 583, 584, 585, 586, 587, 588, 589, 590, 591, 592, 593, 594, 595, 596, 597, 598, 599, 600, 601, 602, 603, 604, 605, 606, 607, 608, 609, 610, 611, 612, 613, 614, 615, 616, 617, 618, 619, 620, 621, 622, 623, 624, 625, 626, 627, 628, 629, 630, 631, 632, 633, 634, 635, 636, 637, 638, 639, 640, 641, 642, 643, 644, 645, 646, 647, 648, 649, 650, 651, 652, 653, 654, 655, 656, 657, 658, 659, 660, 661, 662, 663, 664, 665, 666, 667, 668, 669, 670, 671, 672, 673, 674, 675, 676, 677, 678, 679, 680, 681, 682, 683, 684, 685, 686, 687, 688, 689, 690, 691, 692, 693, 694, 695, 696, 697, 698, 699, 700, 701, 702, 703, 704, 705, 706, 707, 708, 709, 710, 711, 712, 713, 714, 715, 716, 717, 718, 719, 720, 721, 722, 723, 724, 725, 726, 727, 728, 729, 730, 731, 732, 733, 734, 735, 736, 737, 738, 739, 740, 741, 742, 743, 744, 745, 746, 747, 748, 749, 750, 751, 752, 753, 754, 755, 756, 757, 758, 759, 760, 761, 762, 763, 764, 765, 766, 767, 768, 769, 770, 771, 772, 773, 774, 775, 776, 777, 778, 779, 780, 781, 782, 783, 784, 785, 786, 787, 788, 789, 790, 791, 792, 793, 796, 823, 824, 825, 826, 827, 906, 907, 908, 909]",True,"[248, 711]","[103, 104, 105, 106, 107, 108, 109, 110, 111, 112, 113, 114, 115, 116, 117, 118, 119, 120, 121, 122, 123, 124, 125, 126, 127, 128, 129, 130, 131, 132, 133, 134, 135, 136, 137, 138, 139, 140, 141, 142, 143, 144, 145, 146, 147, 148, 149, 150, 151, 152, 153, 154, 155, 156, 157, 158, 159, 160, 161, 162, 163, 164, 165, 166, 167, 168, 169, 170, 171, 172, 173, 174, 175, 176, 177, 178, 179, 180, 181, 182, 183, 184, 185, 186, 187, 188, 189, 190, 191, 192, 193, 194, 195, 196, 197, 198, 199, 200, 201, 202, 203, 204, 205, 206, 207, 208, 209, 210, 211, 212, 213, 214, 215, 216, 217, 218, 219, 220, 221, 222, 223, 224, 225, 226, 227, 228, 229, 230, 231, 232, 233, 234, 235, 236, 237, 238, 239, 240, 241, 242, 243, 244, 245, 246, 247, 248, 249, 250, 251, 252, 253, 254, 255, 256, 257, 258, 259, 260, 261, 262, 263, 264, 265, 266, 267, 268, 269, 270, 271, 272, 273, 274, 275, 276, 277, 278, 279, 280, 281, 282, 283, 284, 285, 286, 287, 288, 289, 290, 291, 292, 293, 294, 295, 296, 297, 298, 299, 300, 301, 302, 303, 304, 305, 306, 307, 308, 309, 310, 311, 312, 313, 314, 315, 316, 317, 318, 319, 320, 321, 322, 323, 324, 325, 326, 327, 328, 329, 330, 331, 332, 333, 334, 335, 336, 337, 574, 575, 576, 577, 578, 579, 580, 581, 582, 583, 584, 585, 586, 587, 588, 589, 590, 591, 592, 593, 594, 595, 596, 597, 598, 599, 600, 601, 602, 603, 604, 605, 606, 607, 608, 609, 610, 611, 612, 613, 614, 615, 616, 617, 618, 619, 620, 621, 622, 623, 624, 625, 626, 627, 628, 629, 630, 631, 632, 633, 634, 635, 636, 637, 638, 639, 640, 641, 642, 643, 644, 645, 646, 647, 648, 649, 650, 651, 652, 653, 654, 655, 656, 657, 658, 659, 660, 661, 662, 663, 664, 665, 666, 667, 668, 669, 670, 671, 672, 673, 674, 675, 676, 677, 678, 679, 680, 681, 682, 683, 684, 685, 686, 687, 688, 689, 690, 691, 692, 693, 694, 695, 696, 697, 698, 699, 700, 701, 702, 703, 704, 705, 706, 707, 708, 709, 710, 711, 712, 713, 714, 715, 716, 717, 718, 719, 720, 721, 722, 723, 724, 725, 726, 727, 728, 729, 730, 731, 732, 733, 734, 735, 736, 737, 738, 739, 740, 741, 742, 743, 744, 745, 746, 747, 748, 749, 750, 751, 752, 753, 754, 755, 756, 757, 758, 759, 760, 761, 762, 763, 764, 765, 766, 767, 768, 769, 770, 771, 772, 773, 774, 775, 776, 777, 778, 779, 780, 781, 782, 783, 784, 785, 786, 787, 788, 789, 790, 791, 792, 793]","[248, 711]","[248, 711]","[105, 114, 138, 141, 152, 153, 154, 155, 157, 159, 164, 165, 176, 182, 191, 192, 194, 195, 196, 200, 204, 208, 209, 210, 211, 215, 226, 228, 241, 242, 243, 245, 248, 249, 250, 257, 261, 270, 271, 282, 287, 289, 291, 294, 296, 298, 306, 308, 309, 311, 314, 327, 333, 335, 337, 576, 585, 609, 612, 623, 624, 626, 627, 629, 631, 636, 637, 647, 653, 662, 663, 665, 666, 667, 671, 674, 678, 679, 680, 681, 690, 692, 705, 706, 707, 709, 711, 712, 713, 719, 721, 729, 730, 741, 746, 748, 750, 753, 755, 757, 764, 766, 767, 769, 772, 785, 791]","[15, 16, 65, 66, 67, 68, 69, 70, 71, 72, 73, 74, 75, 76, 77, 78, 80, 151, 244, 245, 246, 247, 248, 249, 250, 251, 252, 253, 254, 255, 256, 257, 258, 259, 260, 280, 340, 373, 374, 375, 376, 377, 459, 460, 461, 462, 500, 501, 539, 540, 541, 542, 543, 544, 545, 546, 547, 548, 549, 550, 552, 622, 708, 709, 710, 711, 712, 713, 714, 715, 716, 717, 718, 719, 720, 739, 796, 823, 824, 825, 826, 827, 906, 907, 908, 909]","[15, 16, 65, 66, 67, 68, 69, 70, 71, 72, 73, 74, 75, 76, 80, 151, 245, 246, 247, 248, 249, 250, 251, 252, 253, 254, 255, 256, 257, 258, 259, 280, 340, 373, 374, 375, 376, 377, 459, 460, 461, 462, 500, 501, 539, 540, 541, 542, 543, 544, 545, 546, 547, 548, 549, 550, 552, 622, 708, 709, 710, 711, 712, 713, 714, 715, 716, 717, 718, 719, 720, 739, 796, 823, 824, 825, 826, 827, 906, 907, 908, 909]",7/6 successful match,True,[68],True,377,False,,1.0,True,Pilot Travel Center # 137,Pilot
Weed ( 96094 ) Pilot Travel Center # 137,530-938-9600 I-5 Exit 745 ( S Weed Blvd ) Pilot,Pilot 24 24,Weed,96094,Pilot Travel Center # 137,530-938-9600,2016,Weed,CA,Pilot,( S Weed Blvd ) Pilot,I-5 Exit 745 ,Exit,745,False,,False,I-5,,,,,"[248, 711]","[248, 711]","[248, 711]","[248, 711]","[103, 104, 105, 106, 107, 108, 109, 110, 111, 112, 113, 114, 115, 116, 117, 118, 119, 120, 121, 122, 123, 124, 125, 126, 127, 128, 129, 130, 131, 132, 133, 134, 135, 136, 137, 138, 139, 140, 141, 142, 143, 144, 145, 146, 147, 148, 149, 150, 151, 152, 153, 154, 155, 156, 157, 158, 159, 160, 161, 162, 163, 164, 165, 166, 167, 168, 169, 170, 171, 172, 173, 174, 175, 176, 177, 178, 179, 180, 181, 182, 183, 184, 185, 186, 187, 188, 189, 190, 191, 192, 193, 194, 195, 196, 197, 198, 199, 200, 201, 202, 203, 204, 205, 206, 207, 208, 209, 210, 211, 212, 213, 214, 215, 216, 217, 218, 219, 220, 221, 222, 223, 224, 225, 226, 227, 228, 229, 230, 231, 232, 233, 234, 235, 236, 237, 238, 239, 240, 241, 242, 243, 244, 245, 246, 247, 248, 249, 250, 251, 252, 253, 254, 255, 256, 257, 258, 259, 260, 261, 262, 263, 264, 265, 266, 267, 268, 269, 270, 271, 272, 273, 274, 275, 276, 277, 278, 279, 280, 281, 282, 283, 284, 285, 286, 287, 288, 289, 290, 291, 292, 293, 294, 295, 296, 297, 298, 299, 300, 301, 302, 303, 304, 305, 306, 307, 308, 309, 310, 311, 312, 313, 314, 315, 316, 317, 318, 319, 320, 321, 322, 323, 324, 325, 326, 327, 328, 329, 330, 331, 332, 333, 334, 335, 336, 337, 574, 575, 576, 577, 578, 579, 580, 581, 582, 583, 584, 585, 586, 587, 588, 589, 590, 591, 592, 593, 594, 595, 596, 597, 598, 599, 600, 601, 602, 603, 604, 605, 606, 607, 608, 609, 610, 611, 612, 613, 614, 615, 616, 617, 618, 619, 620, 621, 622, 623, 624, 625, 626, 627, 628, 629, 630, 631, 632, 633, 634, 635, 636, 637, 638, 639, 640, 641, 642, 643, 644, 645, 646, 647, 648, 649, 650, 651, 652, 653, 654, 655, 656, 657, 658, 659, 660, 661, 662, 663, 664, 665, 666, 667, 668, 669, 670, 671, 672, 673, 674, 675, 676, 677, 678, 679, 680, 681, 682, 683, 684, 685, 686, 687, 688, 689, 690, 691, 692, 693, 694, 695, 696, 697, 698, 699, 700, 701, 702, 703, 704, 705, 706, 707, 708, 709, 710, 711, 712, 713, 714, 715, 716, 717, 718, 719, 720, 721, 722, 723, 724, 725, 726, 727, 728, 729, 730, 731, 732, 733, 734, 735, 736, 737, 738, 739, 740, 741, 742, 743, 744, 745, 746, 747, 748, 749, 750, 751, 752, 753, 754, 755, 756, 757, 758, 759, 760, 761, 762, 763, 764, 765, 766, 767, 768, 769, 770, 771, 772, 773, 774, 775, 776, 777, 778, 779, 780, 781, 782, 783, 784, 785, 786, 787, 788, 789, 790, 791, 792, 793]","[105, 114, 138, 141, 152, 153, 154, 155, 157, 159, 164, 165, 176, 182, 191, 192, 194, 195, 196, 200, 204, 208, 209, 210, 211, 215, 226, 228, 241, 242, 243, 245, 248, 249, 250, 257, 261, 270, 271, 282, 287, 289, 291, 294, 296, 298, 306, 308, 309, 311, 314, 327, 333, 335, 337, 576, 585, 609, 612, 623, 624, 626, 627, 629, 631, 636, 637, 647, 653, 662, 663, 665, 666, 667, 671, 674, 678, 679, 680, 681, 690, 692, 705, 706, 707, 709, 711, 712, 713, 719, 721, 729, 730, 741, 746, 748, 750, 753, 755, 757, 764, 766, 767, 769, 772, 785, 791]","[15, 16, 65, 66, 67, 68, 69, 70, 71, 72, 73, 74, 75, 76, 80, 151, 245, 246, 247, 248, 249, 250, 251, 252, 253, 254, 255, 256, 257, 258, 259, 280, 340, 373, 374, 375, 376, 377, 459, 460, 461, 462, 500, 501, 539, 540, 541, 542, 543, 544, 545, 546, 547, 548, 549, 550, 552, 622, 708, 709, 710, 711, 712, 713, 714, 715, 716, 717, 718, 719, 720, 739, 796, 823, 824, 825, 826, 827, 906, 907, 908, 909]","[15, 16, 65, 66, 67, 68, 69, 70, 71, 72, 73, 74, 75, 76, 77, 78, 80, 151, 244, 245, 246, 247, 248, 249, 250, 251, 252, 253, 254, 255, 256, 257, 258, 259, 260, 280, 340, 373, 374, 375, 376, 377, 459, 460, 461, 462, 500, 501, 539, 540, 541, 542, 543, 544, 545, 546, 547, 548, 549, 550, 552, 622, 708, 709, 710, 711, 712, 713, 714, 715, 716, 717, 718, 719, 720, 739, 796, 823, 824, 825, 826, 827, 906, 907, 908, 909]","[15, 16, 65, 66, 67, 68, 69, 70, 71, 72, 73, 74, 75, 76, 77, 78, 80, 103, 104, 105, 106, 107, 108, 109, 110, 111, 112, 113, 114, 115, 116, 117, 118, 119, 120, 121, 122, 123, 124, 125, 126, 127, 128, 129, 130, 131, 132, 133, 134, 135, 136, 137, 138, 139, 140, 141, 142, 143, 144, 145, 146, 147, 148, 149, 150, 151, 152, 153, 154, 155, 156, 157, 158, 159, 160, 161, 162, 163, 164, 165, 166, 167, 168, 169, 170, 171, 172, 173, 174, 175, 176, 177, 178, 179, 180, 181, 182, 183, 184, 185, 186, 187, 188, 189, 190, 191, 192, 193, 194, 195, 196, 197, 198, 199, 200, 201, 202, 203, 204, 205, 206, 207, 208, 209, 210, 211, 212, 213, 214, 215, 216, 217, 218, 219, 220, 221, 222, 223, 224, 225, 226, 227, 228, 229, 230, 231, 232, 233, 234, 235, 236, 237, 238, 239, 240, 241, 242, 243, 244, 245, 246, 247, 248, 249, 250, 251, 252, 253, 254, 255, 256, 257, 258, 259, 260, 261, 262, 263, 264, 265, 266, 267, 268, 269, 270, 271, 272, 273, 274, 275, 276, 277, 278, 279, 280, 281, 282, 283, 284, 285, 286, 287, 288, 289, 290, 291, 292, 293, 294, 295, 296, 297, 298, 299, 300, 301, 302, 303, 304, 305, 306, 307, 308, 309, 310, 311, 312, 313, 314, 315, 316, 317, 318, 319, 320, 321, 322, 323, 324, 325, 326, 327, 328, 329, 330, 331, 332, 333, 334, 335, 336, 337, 340, 373, 374, 375, 376, 377, 459, 460, 461, 462, 500, 501, 539, 540, 541, 542, 543, 544, 545, 546, 547, 548, 549, 550, 552, 574, 575, 576, 577, 578, 579, 580, 581, 582, 583, 584, 585, 586, 587, 588, 589, 590, 591, 592, 593, 594, 595, 596, 597, 598, 599, 600, 601, 602, 603, 604, 605, 606, 607, 608, 609, 610, 611, 612, 613, 614, 615, 616, 617, 618, 619, 620, 621, 622, 623, 624, 625, 626, 627, 628, 629, 630, 631, 632, 633, 634, 635, 636, 637, 638, 639, 640, 641, 642, 643, 644, 645, 646, 647, 648, 649, 650, 651, 652, 653, 654, 655, 656, 657, 658, 659, 660, 661, 662, 663, 664, 665, 666, 667, 668, 669, 670, 671, 672, 673, 674, 675, 676, 677, 678, 679, 680, 681, 682, 683, 684, 685, 686, 687, 688, 689, 690, 691, 692, 693, 694, 695, 696, 697, 698, 699, 700, 701, 702, 703, 704, 705, 706, 707, 708, 709, 710, 711, 712, 713, 714, 715, 716, 717, 718, 719, 720, 721, 722, 723, 724, 725, 726, 727, 728, 729, 730, 731, 732, 733, 734, 735, 736, 737, 738, 739, 740, 741, 742, 743, 744, 745, 746, 747, 748, 749, 750, 751, 752, 753, 754, 755, 756, 757, 758, 759, 760, 761, 762, 763, 764, 765, 766, 767, 768, 769, 770, 771, 772, 773, 774, 775, 776, 777, 778, 779, 780, 781, 782, 783, 784, 785, 786, 787, 788, 789, 790, 791, 792, 793, 796, 823, 824, 825, 826, 827, 906, 907, 908, 909]",True,"[248, 711]","[103, 104, 105, 106, 107, 108, 109, 110, 111, 112, 113, 114, 115, 116, 117, 118, 119, 120, 121, 122, 123, 124, 125, 126, 127, 128, 129, 130, 131, 132, 133, 134, 135, 136, 137, 138, 139, 140, 141, 142, 143, 144, 145, 146, 147, 148, 149, 150, 151, 152, 153, 154, 155, 156, 157, 158, 159, 160, 161, 162, 163, 164, 165, 166, 167, 168, 169, 170, 171, 172, 173, 174, 175, 176, 177, 178, 179, 180, 181, 182, 183, 184, 185, 186, 187, 188, 189, 190, 191, 192, 193, 194, 195, 196, 197, 198, 199, 200, 201, 202, 203, 204, 205, 206, 207, 208, 209, 210, 211, 212, 213, 214, 215, 216, 217, 218, 219, 220, 221, 222, 223, 224, 225, 226, 227, 228, 229, 230, 231, 232, 233, 234, 235, 236, 237, 238, 239, 240, 241, 242, 243, 244, 245, 246, 247, 248, 249, 250, 251, 252, 253, 254, 255, 256, 257, 258, 259, 260, 261, 262, 263, 264, 265, 266, 267, 268, 269, 270, 271, 272, 273, 274, 275, 276, 277, 278, 279, 280, 281, 282, 283, 284, 285, 286, 287, 288, 289, 290, 291, 292, 293, 294, 295, 296, 297, 298, 299, 300, 301, 302, 303, 304, 305, 306, 307, 308, 309, 310, 311, 312, 313, 314, 315, 316, 317, 318, 319, 320, 321, 322, 323, 324, 325, 326, 327, 328, 329, 330, 331, 332, 333, 334, 335, 336, 337, 574, 575, 576, 577, 578, 579, 580, 581, 582, 583, 584, 585, 586, 587, 588, 589, 590, 591, 592, 593, 594, 595, 596, 597, 598, 599, 600, 601, 602, 603, 604, 605, 606, 607, 608, 609, 610, 611, 612, 613, 614, 615, 616, 617, 618, 619, 620, 621, 622, 623, 624, 625, 626, 627, 628, 629, 630, 631, 632, 633, 634, 635, 636, 637, 638, 639, 640, 641, 642, 643, 644, 645, 646, 647, 648, 649, 650, 651, 652, 653, 654, 655, 656, 657, 658, 659, 660, 661, 662, 663, 664, 665, 666, 667, 668, 669, 670, 671, 672, 673, 674, 675, 676, 677, 678, 679, 680, 681, 682, 683, 684, 685, 686, 687, 688, 689, 690, 691, 692, 693, 694, 695, 696, 697, 698, 699, 700, 701, 702, 703, 704, 705, 706, 707, 708, 709, 710, 711, 712, 713, 714, 715, 716, 717, 718, 719, 720, 721, 722, 723, 724, 725, 726, 727, 728, 729, 730, 731, 732, 733, 734, 735, 736, 737, 738, 739, 740, 741, 742, 743, 744, 745, 746, 747, 748, 749, 750, 751, 752, 753, 754, 755, 756, 757, 758, 759, 760, 761, 762, 763, 764, 765, 766, 767, 768, 769, 770, 771, 772, 773, 774, 775, 776, 777, 778, 779, 780, 781, 782, 783, 784, 785, 786, 787, 788, 789, 790, 791, 792, 793]","[248, 711]","[248, 711]","[105, 114, 138, 141, 152, 153, 154, 155, 157, 159, 164, 165, 176, 182, 191, 192, 194, 195, 196, 200, 204, 208, 209, 210, 211, 215, 226, 228, 241, 242, 243, 245, 248, 249, 250, 257, 261, 270, 271, 282, 287, 289, 291, 294, 296, 298, 306, 308, 309, 311, 314, 327, 333, 335, 337, 576, 585, 609, 612, 623, 624, 626, 627, 629, 631, 636, 637, 647, 653, 662, 663, 665, 666, 667, 671, 674, 678, 679, 680, 681, 690, 692, 705, 706, 707, 709, 711, 712, 713, 719, 721, 729, 730, 741, 746, 748, 750, 753, 755, 757, 764, 766, 767, 769, 772, 785, 791]","[15, 16, 65, 66, 67, 68, 69, 70, 71, 72, 73, 74, 75, 76, 77, 78, 80, 151, 244, 245, 246, 247, 248, 249, 250, 251, 252, 253, 254, 255, 256, 257, 258, 259, 260, 280, 340, 373, 374, 375, 376, 377, 459, 460, 461, 462, 500, 501, 539, 540, 541, 542, 543, 544, 545, 546, 547, 548, 549, 550, 552, 622, 708, 709, 710, 711, 712, 713, 714, 715, 716, 717, 718, 719, 720, 739, 796, 823, 824, 825, 826, 827, 906, 907, 908, 909]","[15, 16, 65, 66, 67, 68, 69, 70, 71, 72, 73, 74, 75, 76, 80, 151, 245, 246, 247, 248, 249, 250, 251, 252, 253, 254, 255, 256, 257, 258, 259, 280, 340, 373, 374, 375, 376, 377, 459, 460, 461, 462, 500, 501, 539, 540, 541, 542, 543, 544, 545, 546, 547, 548, 549, 550, 552, 622, 708, 709, 710, 711, 712, 713, 714, 715, 716, 717, 718, 719, 720, 739, 796, 823, 824, 825, 826, 827, 906, 907, 908, 909]",7/6 successful match,True,[68],True,377,False,,1.0,True,Pilot Travel Center # 137 of I-710 ),Pilot
"Hallelujah Jct , 96105 Hallelujah Junction Market ( Shell )",530-993-0110 US 395 & CA 70,FRS 24 M <U+2610>,Hallelujah Jct,96105,Hallelujah Junction Market ( Shell ),530-993-0110,2006,Chilcoot,CA,Shell,,US 395 & CA 70,empty,,False,,False,US 395,CA 70,,,,"[650, 179]","[179, 650]","[179, 650]",[],"[103, 104, 105, 106, 107, 108, 109, 110, 111, 112, 113, 114, 115, 116, 117, 118, 119, 120, 121, 122, 123, 124, 125, 126, 127, 128, 129, 130, 131, 132, 133, 134, 135, 136, 137, 138, 139, 140, 141, 142, 143, 144, 145, 146, 147, 148, 149, 150, 151, 152, 153, 154, 155, 156, 157, 158, 159, 160, 161, 162, 163, 164, 165, 166, 167, 168, 169, 170, 171, 172, 173, 174, 175, 176, 177, 178, 179, 180, 181, 182, 183, 184, 185, 186, 187, 188, 189, 190, 191, 192, 193, 194, 195, 196, 197, 198, 199, 200, 201, 202, 203, 204, 205, 206, 207, 208, 209, 210, 211, 212, 213, 214, 215, 216, 217, 218, 219, 220, 221, 222, 223, 224, 225, 226, 227, 228, 229, 230, 231, 232, 233, 234, 235, 236, 237, 238, 239, 240, 241, 242, 243, 244, 245, 246, 247, 248, 249, 250, 251, 252, 253, 254, 255, 256, 257, 258, 259, 260, 261, 262, 263, 264, 265, 266, 267, 268, 269, 270, 271, 272, 273, 274, 275, 276, 277, 278, 279, 280, 281, 282, 283, 284, 285, 286, 287, 288, 289, 290, 291, 292, 293, 294, 295, 296, 297, 298, 299, 300, 301, 302, 303, 304, 305, 306, 307, 308, 309, 310, 311, 312, 313, 314, 315, 316, 317, 318, 319, 320, 321, 322, 323, 324, 325, 326, 327, 328, 329, 330, 331, 332, 333, 334, 335, 336, 337, 574, 575, 576, 577, 578, 579, 580, 581, 582, 583, 584, 585, 586, 587, 588, 589, 590, 591, 592, 593, 594, 595, 596, 597, 598, 599, 600, 601, 602, 603, 604, 605, 606, 607, 608, 609, 610, 611, 612, 613, 614, 615, 616, 617, 618, 619, 620, 621, 622, 623, 624, 625, 626, 627, 628, 629, 630, 631, 632, 633, 634, 635, 636, 637, 638, 639, 640, 641, 642, 643, 644, 645, 646, 647, 648, 649, 650, 651, 652, 653, 654, 655, 656, 657, 658, 659, 660, 661, 662, 663, 664, 665, 666, 667, 668, 669, 670, 671, 672, 673, 674, 675, 676, 677, 678, 679, 680, 681, 682, 683, 684, 685, 686, 687, 688, 689, 690, 691, 692, 693, 694, 695, 696, 697, 698, 699, 700, 701, 702, 703, 704, 705, 706, 707, 708, 709, 710, 711, 712, 713, 714, 715, 716, 717, 718, 719, 720, 721, 722, 723, 724, 725, 726, 727, 728, 729, 730, 731, 732, 733, 734, 735, 736, 737, 738, 739, 740, 741, 742, 743, 744, 745, 746, 747, 748, 749, 750, 751, 752, 753, 754, 755, 756, 757, 758, 759, 760, 761, 762, 763, 764, 765, 766, 767, 768, 769, 770, 771, 772, 773, 774, 775, 776, 777, 778, 779, 780, 781, 782, 783, 784, 785, 786, 787, 788, 789, 790, 791, 792, 793]","[103, 104, 106, 117, 118, 120, 122, 127, 128, 129, 130, 131, 133, 135, 136, 137, 139, 146, 147, 148, 149, 151, 158, 160, 162, 166, 171, 173, 178, 179, 184, 185, 187, 190, 192, 198, 201, 203, 204, 206, 207, 212, 213, 214, 219, 223, 224, 225, 227, 230, 235, 237, 238, 246, 247, 248, 251, 256, 258, 259, 262, 263, 266, 268, 269, 271, 272, 278, 279, 284, 285, 288, 290, 292, 301, 304, 312, 316, 319, 320, 323, 324, 332, 350, 362, 395, 397, 399, 421, 432, 434, 462, 466, 469, 476, 479, 574, 575, 588, 591, 593, 601, 607, 608, 610, 618, 619, 620, 622, 632, 642, 644, 649, 650, 655, 656, 658, 661, 663, 669, 674, 677, 683, 684, 687, 688, 689, 701, 702, 710, 711, 714, 720, 723, 730, 731, 738, 747, 751, 762, 774, 778, 789, 805, 815, 845, 847, 848, 873, 884, 886, 909, 913, 916, 925, 930]","[1, 13, 14, 29, 54, 55, 56, 57, 58, 60, 102, 118, 125, 127, 130, 134, 146, 149, 153, 175, 182, 187, 189, 191, 197, 225, 230, 238, 264, 265, 266, 286, 302, 317, 336, 379, 388, 389, 425, 454, 458, 463, 475, 487, 498, 499, 512, 530, 531, 532, 533, 534, 536, 573, 589, 596, 598, 601, 605, 617, 620, 624, 646, 653, 658, 660, 662, 668, 689, 694, 702, 724, 725, 745, 760, 775, 793, 829, 838, 839, 877, 901, 903, 905, 910, 923]","[1, 13, 14, 29, 54, 55, 56, 57, 58, 60, 102, 118, 125, 127, 130, 134, 146, 149, 153, 175, 179, 182, 187, 189, 191, 197, 225, 230, 238, 264, 265, 266, 286, 302, 317, 336, 353, 354, 379, 388, 389, 403, 425, 454, 458, 463, 475, 487, 498, 499, 512, 530, 531, 532, 533, 534, 536, 573, 589, 596, 598, 601, 605, 617, 620, 624, 646, 650, 653, 658, 660, 662, 668, 689, 694, 702, 724, 725, 745, 760, 775, 793, 808, 809, 829, 838, 839, 852, 877, 901, 903, 905, 910, 923]","[1, 13, 14, 29, 54, 55, 56, 57, 58, 60, 102, 103, 104, 105, 106, 107, 108, 109, 110, 111, 112, 113, 114, 115, 116, 117, 118, 119, 120, 121, 122, 123, 124, 125, 126, 127, 128, 129, 130, 131, 132, 133, 134, 135, 136, 137, 138, 139, 140, 141, 142, 143, 144, 145, 146, 147, 148, 149, 150, 151, 152, 153, 154, 155, 156, 157, 158, 159, 160, 161, 162, 163, 164, 165, 166, 167, 168, 169, 170, 171, 172, 173, 174, 175, 176, 177, 178, 179, 180, 181, 182, 183, 184, 185, 186, 187, 188, 189, 190, 191, 192, 193, 194, 195, 196, 197, 198, 199, 200, 201, 202, 203, 204, 205, 206, 207, 208, 209, 210, 211, 212, 213, 214, 215, 216, 217, 218, 219, 220, 221, 222, 223, 224, 225, 226, 227, 228, 229, 230, 231, 232, 233, 234, 235, 236, 237, 238, 239, 240, 241, 242, 243, 244, 245, 246, 247, 248, 249, 250, 251, 252, 253, 254, 255, 256, 257, 258, 259, 260, 261, 262, 263, 264, 265, 266, 267, 268, 269, 270, 271, 272, 273, 274, 275, 276, 277, 278, 279, 280, 281, 282, 283, 284, 285, 286, 287, 288, 289, 290, 291, 292, 293, 294, 295, 296, 297, 298, 299, 300, 301, 302, 303, 304, 305, 306, 307, 308, 309, 310, 311, 312, 313, 314, 315, 316, 317, 318, 319, 320, 321, 322, 323, 324, 325, 326, 327, 328, 329, 330, 331, 332, 333, 334, 335, 336, 337, 350, 353, 354, 362, 379, 388, 389, 395, 397, 399, 403, 421, 425, 432, 434, 454, 458, 462, 463, 466, 469, 475, 476, 479, 487, 498, 499, 512, 530, 531, 532, 533, 534, 536, 573, 574, 575, 576, 577, 578, 579, 580, 581, 582, 583, 584, 585, 586, 587, 588, 589, 590, 591, 592, 593, 594, 595, 596, 597, 598, 599, 600, 601, 602, 603, 604, 605, 606, 607, 608, 609, 610, 611, 612, 613, 614, 615, 616, 617, 618, 619, 620, 621, 622, 623, 624, 625, 626, 627, 628, 629, 630, 631, 632, 633, 634, 635, 636, 637, 638, 639, 640, 641, 642, 643, 644, 645, 646, 647, 648, 649, 650, 651, 652, 653, 654, 655, 656, 657, 658, 659, 660, 661, 662, 663, 664, 665, 666, 667, 668, 669, 670, 671, 672, 673, 674, 675, 676, 677, 678, 679, 680, 681, 682, 683, 684, 685, 686, 687, 688, 689, 690, 691, 692, 693, 694, 695, 696, 697, 698, 699, 700, 701, 702, 703, 704, 705, 706, 707, 708, 709, 710, 711, 712, 713, 714, 715, 716, 717, 718, 719, 720, 721, 722, 723, 724, 725, 726, 727, 728, 729, 730, 731, 732, 733, 734, 735, 736, 737, 738, 739, 740, 741, 742, 743, 744, 745, 746, 747, 748, 749, 750, 751, 752, 753, 754, 755, 756, 757, 758, 759, 760, 761, 762, 763, 764, 765, 766, 767, 768, 769, 770, 771, 772, 773, 774, 775, 776, 777, 778, 779, 780, 781, 782, 783, 784, 785, 786, 787, 788, 789, 790, 791, 792, 793, 805, 808, 809, 815, 829, 838, 839, 845, 847, 848, 852, 873, 877, 884, 886, 901, 903, 905, 909, 910, 913, 916, 923, 925, 930]",True,"[179, 650]","[103, 104, 105, 106, 107, 108, 109, 110, 111, 112, 113, 114, 115, 116, 117, 118, 119, 120, 121, 122, 123, 124, 125, 126, 127, 128, 129, 130, 131, 132, 133, 134, 135, 136, 137, 138, 139, 140, 141, 142, 143, 144, 145, 146, 147, 148, 149, 150, 151, 152, 153, 154, 155, 156, 157, 158, 159, 160, 161, 162, 163, 164, 165, 166, 167, 168, 169, 170, 171, 172, 173, 174, 175, 176, 177, 178, 179, 180, 181, 182, 183, 184, 185, 186, 187, 188, 189, 190, 191, 192, 193, 194, 195, 196, 197, 198, 199, 200, 201, 202, 203, 204, 205, 206, 207, 208, 209, 210, 211, 212, 213, 214, 215, 216, 217, 218, 219, 220, 221, 222, 223, 224, 225, 226, 227, 228, 229, 230, 231, 232, 233, 234, 235, 236, 237, 238, 239, 240, 241, 242, 243, 244, 245, 246, 247, 248, 249, 250, 251, 252, 253, 254, 255, 256, 257, 258, 259, 260, 261, 262, 263, 264, 265, 266, 267, 268, 269, 270, 271, 272, 273, 274, 275, 276, 277, 278, 279, 280, 281, 282, 283, 284, 285, 286, 287, 288, 289, 290, 291, 292, 293, 294, 295, 296, 297, 298, 299, 300, 301, 302, 303, 304, 305, 306, 307, 308, 309, 310, 311, 312, 313, 314, 315, 316, 317, 318, 319, 320, 321, 322, 323, 324, 325, 326, 327, 328, 329, 330, 331, 332, 333, 334, 335, 336, 337, 574, 575, 576, 577, 578, 579, 580, 581, 582, 583, 584, 585, 586, 587, 588, 589, 590, 591, 592, 593, 594, 595, 596, 597, 598, 599, 600, 601, 602, 603, 604, 605, 606, 607, 608, 609, 610, 611, 612, 613, 614, 615, 616, 617, 618, 619, 620, 621, 622, 623, 624, 625, 626, 627, 628, 629, 630, 631, 632, 633, 634, 635, 636, 637, 638, 639, 640, 641, 642, 643, 644, 645, 646, 647, 648, 649, 650, 651, 652, 653, 654, 655, 656, 657, 658, 659, 660, 661, 662, 663, 664, 665, 666, 667, 668, 669, 670, 671, 672, 673, 674, 675, 676, 677, 678, 679, 680, 681, 682, 683, 684, 685, 686, 687, 688, 689, 690, 691, 692, 693, 694, 695, 696, 697, 698, 699, 700, 701, 702, 703, 704, 705, 706, 707, 708, 709, 710, 711, 712, 713, 714, 715, 716, 717, 718, 719, 720, 721, 722, 723, 724, 725, 726, 727, 728, 729, 730, 731, 732, 733, 734, 735, 736, 737, 738, 739, 740, 741, 742, 743, 744, 745, 746, 747, 748, 749, 750, 751, 752, 753, 754, 755, 756, 757, 758, 759, 760, 761, 762, 763, 764, 765, 766, 767, 768, 769, 770, 771, 772, 773, 774, 775, 776, 777, 778, 779, 780, 781, 782, 783, 784, 785, 786, 787, 788, 789, 790, 791, 792, 793]","[179, 650]",[],"[103, 104, 106, 117, 118, 120, 122, 127, 128, 129, 130, 131, 133, 135, 136, 137, 139, 146, 147, 148, 149, 151, 158, 160, 162, 166, 171, 173, 178, 179, 184, 185, 187, 190, 192, 198, 201, 203, 204, 206, 207, 212, 213, 214, 219, 223, 224, 225, 227, 230, 235, 237, 238, 246, 247, 248, 251, 256, 258, 259, 262, 263, 266, 268, 269, 271, 272, 278, 279, 284, 285, 288, 290, 292, 301, 304, 312, 316, 319, 320, 323, 324, 332, 350, 362, 395, 397, 399, 421, 432, 434, 462, 466, 469, 476, 479, 574, 575, 588, 591, 593, 601, 607, 608, 610, 618, 619, 620, 622, 632, 642, 644, 649, 650, 655, 656, 658, 661, 663, 669, 674, 677, 683, 684, 687, 688, 689, 701, 702, 710, 711, 714, 720, 723, 730, 731, 738, 747, 751, 762, 774, 778, 789, 805, 815, 845, 847, 848, 873, 884, 886, 909, 913, 916, 925, 930]","[1, 13, 14, 29, 54, 55, 56, 57, 58, 60, 102, 118, 125, 127, 130, 134, 146, 149, 153, 175, 179, 182, 187, 189, 191, 197, 225, 230, 238, 264, 265, 266, 286, 302, 317, 336, 353, 354, 379, 388, 389, 403, 425, 454, 458, 463, 475, 487, 498, 499, 512, 530, 531, 532, 533, 534, 536, 573, 589, 596, 598, 601, 605, 617, 620, 624, 646, 650, 653, 658, 660, 662, 668, 689, 694, 702, 724, 725, 745, 760, 775, 793, 808, 809, 829, 838, 839, 852, 877, 901, 903, 905, 910, 923]","[1, 13, 14, 29, 54, 55, 56, 57, 58, 60, 102, 118, 125, 127, 130, 134, 146, 149, 153, 175, 182, 187, 189, 191, 197, 225, 230, 238, 264, 265, 266, 286, 302, 317, 336, 379, 388, 389, 425, 454, 458, 463, 475, 487, 498, 499, 512, 530, 531, 532, 533, 534, 536, 573, 589, 596, 598, 601, 605, 617, 620, 624, 646, 653, 658, 660, 662, 668, 689, 694, 702, 724, 725, 745, 760, 775, 793, 829, 838, 839, 877, 901, 903, 905, 910, 923]",6/6 successful match,True,[513],True,378,False,,,,,
"Hallelujah Jct , 96105 Hallelujah Junction Market ( Shell )",530-993-0110 US 395 & CA 70,FRS 24 M <U+2610>,Hallelujah Jct,96105,Hallelujah Junction Market ( Shell ),530-993-0110,2007,Chilcoot,CA,Shell,,US 395 & CA 70,empty,,False,,False,US 395,CA 70,,,,"[650, 179]","[179, 650]","[179, 650]",[],"[103, 104, 105, 106, 107, 108, 109, 110, 111, 112, 113, 114, 115, 116, 117, 118, 119, 120, 121, 122, 123, 124, 125, 126, 127, 128, 129, 130, 131, 132, 133, 134, 135, 136, 137, 138, 139, 140, 141, 142, 143, 144, 145, 146, 147, 148, 149, 150, 151, 152, 153, 154, 155, 156, 157, 158, 159, 160, 161, 162, 163, 164, 165, 166, 167, 168, 169, 170, 171, 172, 173, 174, 175, 176, 177, 178, 179, 180, 181, 182, 183, 184, 185, 186, 187, 188, 189, 190, 191, 192, 193, 194, 195, 196, 197, 198, 199, 200, 201, 202, 203, 204, 205, 206, 207, 208, 209, 210, 211, 212, 213, 214, 215, 216, 217, 218, 219, 220, 221, 222, 223, 224, 225, 226, 227, 228, 229, 230, 231, 232, 233, 234, 235, 236, 237, 238, 239, 240, 241, 242, 243, 244, 245, 246, 247, 248, 249, 250, 251, 252, 253, 254, 255, 256, 257, 258, 259, 260, 261, 262, 263, 264, 265, 266, 267, 268, 269, 270, 271, 272, 273, 274, 275, 276, 277, 278, 279, 280, 281, 282, 283, 284, 285, 286, 287, 288, 289, 290, 291, 292, 293, 294, 295, 296, 297, 298, 299, 300, 301, 302, 303, 304, 305, 306, 307, 308, 309, 310, 311, 312, 313, 314, 315, 316, 317, 318, 319, 320, 321, 322, 323, 324, 325, 326, 327, 328, 329, 330, 331, 332, 333, 334, 335, 336, 337, 574, 575, 576, 577, 578, 579, 580, 581, 582, 583, 584, 585, 586, 587, 588, 589, 590, 591, 592, 593, 594, 595, 596, 597, 598, 599, 600, 601, 602, 603, 604, 605, 606, 607, 608, 609, 610, 611, 612, 613, 614, 615, 616, 617, 618, 619, 620, 621, 622, 623, 624, 625, 626, 627, 628, 629, 630, 631, 632, 633, 634, 635, 636, 637, 638, 639, 640, 641, 642, 643, 644, 645, 646, 647, 648, 649, 650, 651, 652, 653, 654, 655, 656, 657, 658, 659, 660, 661, 662, 663, 664, 665, 666, 667, 668, 669, 670, 671, 672, 673, 674, 675, 676, 677, 678, 679, 680, 681, 682, 683, 684, 685, 686, 687, 688, 689, 690, 691, 692, 693, 694, 695, 696, 697, 698, 699, 700, 701, 702, 703, 704, 705, 706, 707, 708, 709, 710, 711, 712, 713, 714, 715, 716, 717, 718, 719, 720, 721, 722, 723, 724, 725, 726, 727, 728, 729, 730, 731, 732, 733, 734, 735, 736, 737, 738, 739, 740, 741, 742, 743, 744, 745, 746, 747, 748, 749, 750, 751, 752, 753, 754, 755, 756, 757, 758, 759, 760, 761, 762, 763, 764, 765, 766, 767, 768, 769, 770, 771, 772, 773, 774, 775, 776, 777, 778, 779, 780, 781, 782, 783, 784, 785, 786, 787, 788, 789, 790, 791, 792, 793]","[103, 104, 106, 117, 118, 120, 122, 127, 128, 129, 130, 131, 133, 135, 136, 137, 139, 146, 147, 148, 149, 151, 158, 160, 162, 166, 171, 173, 178, 179, 184, 185, 187, 190, 192, 198, 201, 203, 204, 206, 207, 212, 213, 214, 219, 223, 224, 225, 227, 230, 235, 237, 238, 246, 247, 248, 251, 256, 258, 259, 262, 263, 266, 268, 269, 271, 272, 278, 279, 284, 285, 288, 290, 292, 301, 304, 312, 316, 319, 320, 323, 324, 332, 350, 362, 395, 397, 399, 421, 432, 434, 462, 466, 469, 476, 479, 574, 575, 588, 591, 593, 601, 607, 608, 610, 618, 619, 620, 622, 632, 642, 644, 649, 650, 655, 656, 658, 661, 663, 669, 674, 677, 683, 684, 687, 688, 689, 701, 702, 710, 711, 714, 720, 723, 730, 731, 738, 747, 751, 762, 774, 778, 789, 805, 815, 845, 847, 848, 873, 884, 886, 909, 913, 916, 925, 930]","[1, 13, 14, 29, 54, 55, 56, 57, 58, 60, 102, 118, 125, 127, 130, 134, 146, 149, 153, 175, 182, 187, 189, 191, 197, 225, 230, 238, 264, 265, 266, 286, 302, 317, 336, 379, 388, 389, 425, 454, 458, 463, 475, 487, 498, 499, 512, 530, 531, 532, 533, 534, 536, 573, 589, 596, 598, 601, 605, 617, 620, 624, 646, 653, 658, 660, 662, 668, 689, 694, 702, 724, 725, 745, 760, 775, 793, 829, 838, 839, 877, 901, 903, 905, 910, 923]","[1, 13, 14, 29, 54, 55, 56, 57, 58, 60, 102, 118, 125, 127, 130, 134, 146, 149, 153, 175, 179, 182, 187, 189, 191, 197, 225, 230, 238, 264, 265, 266, 286, 302, 317, 336, 353, 354, 379, 388, 389, 403, 425, 454, 458, 463, 475, 487, 498, 499, 512, 530, 531, 532, 533, 534, 536, 573, 589, 596, 598, 601, 605, 617, 620, 624, 646, 650, 653, 658, 660, 662, 668, 689, 694, 702, 724, 725, 745, 760, 775, 793, 808, 809, 829, 838, 839, 852, 877, 901, 903, 905, 910, 923]","[1, 13, 14, 29, 54, 55, 56, 57, 58, 60, 102, 103, 104, 105, 106, 107, 108, 109, 110, 111, 112, 113, 114, 115, 116, 117, 118, 119, 120, 121, 122, 123, 124, 125, 126, 127, 128, 129, 130, 131, 132, 133, 134, 135, 136, 137, 138, 139, 140, 141, 142, 143, 144, 145, 146, 147, 148, 149, 150, 151, 152, 153, 154, 155, 156, 157, 158, 159, 160, 161, 162, 163, 164, 165, 166, 167, 168, 169, 170, 171, 172, 173, 174, 175, 176, 177, 178, 179, 180, 181, 182, 183, 184, 185, 186, 187, 188, 189, 190, 191, 192, 193, 194, 195, 196, 197, 198, 199, 200, 201, 202, 203, 204, 205, 206, 207, 208, 209, 210, 211, 212, 213, 214, 215, 216, 217, 218, 219, 220, 221, 222, 223, 224, 225, 226, 227, 228, 229, 230, 231, 232, 233, 234, 235, 236, 237, 238, 239, 240, 241, 242, 243, 244, 245, 246, 247, 248, 249, 250, 251, 252, 253, 254, 255, 256, 257, 258, 259, 260, 261, 262, 263, 264, 265, 266, 267, 268, 269, 270, 271, 272, 273, 274, 275, 276, 277, 278, 279, 280, 281, 282, 283, 284, 285, 286, 287, 288, 289, 290, 291, 292, 293, 294, 295, 296, 297, 298, 299, 300, 301, 302, 303, 304, 305, 306, 307, 308, 309, 310, 311, 312, 313, 314, 315, 316, 317, 318, 319, 320, 321, 322, 323, 324, 325, 326, 327, 328, 329, 330, 331, 332, 333, 334, 335, 336, 337, 350, 353, 354, 362, 379, 388, 389, 395, 397, 399, 403, 421, 425, 432, 434, 454, 458, 462, 463, 466, 469, 475, 476, 479, 487, 498, 499, 512, 530, 531, 532, 533, 534, 536, 573, 574, 575, 576, 577, 578, 579, 580, 581, 582, 583, 584, 585, 586, 587, 588, 589, 590, 591, 592, 593, 594, 595, 596, 597, 598, 599, 600, 601, 602, 603, 604, 605, 606, 607, 608, 609, 610, 611, 612, 613, 614, 615, 616, 617, 618, 619, 620, 621, 622, 623, 624, 625, 626, 627, 628, 629, 630, 631, 632, 633, 634, 635, 636, 637, 638, 639, 640, 641, 642, 643, 644, 645, 646, 647, 648, 649, 650, 651, 652, 653, 654, 655, 656, 657, 658, 659, 660, 661, 662, 663, 664, 665, 666, 667, 668, 669, 670, 671, 672, 673, 674, 675, 676, 677, 678, 679, 680, 681, 682, 683, 684, 685, 686, 687, 688, 689, 690, 691, 692, 693, 694, 695, 696, 697, 698, 699, 700, 701, 702, 703, 704, 705, 706, 707, 708, 709, 710, 711, 712, 713, 714, 715, 716, 717, 718, 719, 720, 721, 722, 723, 724, 725, 726, 727, 728, 729, 730, 731, 732, 733, 734, 735, 736, 737, 738, 739, 740, 741, 742, 743, 744, 745, 746, 747, 748, 749, 750, 751, 752, 753, 754, 755, 756, 757, 758, 759, 760, 761, 762, 763, 764, 765, 766, 767, 768, 769, 770, 771, 772, 773, 774, 775, 776, 777, 778, 779, 780, 781, 782, 783, 784, 785, 786, 787, 788, 789, 790, 791, 792, 793, 805, 808, 809, 815, 829, 838, 839, 845, 847, 848, 852, 873, 877, 884, 886, 901, 903, 905, 909, 910, 913, 916, 923, 925, 930]",True,"[179, 650]","[103, 104, 105, 106, 107, 108, 109, 110, 111, 112, 113, 114, 115, 116, 117, 118, 119, 120, 121, 122, 123, 124, 125, 126, 127, 128, 129, 130, 131, 132, 133, 134, 135, 136, 137, 138, 139, 140, 141, 142, 143, 144, 145, 146, 147, 148, 149, 150, 151, 152, 153, 154, 155, 156, 157, 158, 159, 160, 161, 162, 163, 164, 165, 166, 167, 168, 169, 170, 171, 172, 173, 174, 175, 176, 177, 178, 179, 180, 181, 182, 183, 184, 185, 186, 187, 188, 189, 190, 191, 192, 193, 194, 195, 196, 197, 198, 199, 200, 201, 202, 203, 204, 205, 206, 207, 208, 209, 210, 211, 212, 213, 214, 215, 216, 217, 218, 219, 220, 221, 222, 223, 224, 225, 226, 227, 228, 229, 230, 231, 232, 233, 234, 235, 236, 237, 238, 239, 240, 241, 242, 243, 244, 245, 246, 247, 248, 249, 250, 251, 252, 253, 254, 255, 256, 257, 258, 259, 260, 261, 262, 263, 264, 265, 266, 267, 268, 269, 270, 271, 272, 273, 274, 275, 276, 277, 278, 279, 280, 281, 282, 283, 284, 285, 286, 287, 288, 289, 290, 291, 292, 293, 294, 295, 296, 297, 298, 299, 300, 301, 302, 303, 304, 305, 306, 307, 308, 309, 310, 311, 312, 313, 314, 315, 316, 317, 318, 319, 320, 321, 322, 323, 324, 325, 326, 327, 328, 329, 330, 331, 332, 333, 334, 335, 336, 337, 574, 575, 576, 577, 578, 579, 580, 581, 582, 583, 584, 585, 586, 587, 588, 589, 590, 591, 592, 593, 594, 595, 596, 597, 598, 599, 600, 601, 602, 603, 604, 605, 606, 607, 608, 609, 610, 611, 612, 613, 614, 615, 616, 617, 618, 619, 620, 621, 622, 623, 624, 625, 626, 627, 628, 629, 630, 631, 632, 633, 634, 635, 636, 637, 638, 639, 640, 641, 642, 643, 644, 645, 646, 647, 648, 649, 650, 651, 652, 653, 654, 655, 656, 657, 658, 659, 660, 661, 662, 663, 664, 665, 666, 667, 668, 669, 670, 671, 672, 673, 674, 675, 676, 677, 678, 679, 680, 681, 682, 683, 684, 685, 686, 687, 688, 689, 690, 691, 692, 693, 694, 695, 696, 697, 698, 699, 700, 701, 702, 703, 704, 705, 706, 707, 708, 709, 710, 711, 712, 713, 714, 715, 716, 717, 718, 719, 720, 721, 722, 723, 724, 725, 726, 727, 728, 729, 730, 731, 732, 733, 734, 735, 736, 737, 738, 739, 740, 741, 742, 743, 744, 745, 746, 747, 748, 749, 750, 751, 752, 753, 754, 755, 756, 757, 758, 759, 760, 761, 762, 763, 764, 765, 766, 767, 768, 769, 770, 771, 772, 773, 774, 775, 776, 777, 778, 779, 780, 781, 782, 783, 784, 785, 786, 787, 788, 789, 790, 791, 792, 793]","[179, 650]",[],"[103, 104, 106, 117, 118, 120, 122, 127, 128, 129, 130, 131, 133, 135, 136, 137, 139, 146, 147, 148, 149, 151, 158, 160, 162, 166, 171, 173, 178, 179, 184, 185, 187, 190, 192, 198, 201, 203, 204, 206, 207, 212, 213, 214, 219, 223, 224, 225, 227, 230, 235, 237, 238, 246, 247, 248, 251, 256, 258, 259, 262, 263, 266, 268, 269, 271, 272, 278, 279, 284, 285, 288, 290, 292, 301, 304, 312, 316, 319, 320, 323, 324, 332, 350, 362, 395, 397, 399, 421, 432, 434, 462, 466, 469, 476, 479, 574, 575, 588, 591, 593, 601, 607, 608, 610, 618, 619, 620, 622, 632, 642, 644, 649, 650, 655, 656, 658, 661, 663, 669, 674, 677, 683, 684, 687, 688, 689, 701, 702, 710, 711, 714, 720, 723, 730, 731, 738, 747, 751, 762, 774, 778, 789, 805, 815, 845, 847, 848, 873, 884, 886, 909, 913, 916, 925, 930]","[1, 13, 14, 29, 54, 55, 56, 57, 58, 60, 102, 118, 125, 127, 130, 134, 146, 149, 153, 175, 179, 182, 187, 189, 191, 197, 225, 230, 238, 264, 265, 266, 286, 302, 317, 336, 353, 354, 379, 388, 389, 403, 425, 454, 458, 463, 475, 487, 498, 499, 512, 530, 531, 532, 533, 534, 536, 573, 589, 596, 598, 601, 605, 617, 620, 624, 646, 650, 653, 658, 660, 662, 668, 689, 694, 702, 724, 725, 745, 760, 775, 793, 808, 809, 829, 838, 839, 852, 877, 901, 903, 905, 910, 923]","[1, 13, 14, 29, 54, 55, 56, 57, 58, 60, 102, 118, 125, 127, 130, 134, 146, 149, 153, 175, 182, 187, 189, 191, 197, 225, 230, 238, 264, 265, 266, 286, 302, 317, 336, 379, 388, 389, 425, 454, 458, 463, 475, 487, 498, 499, 512, 530, 531, 532, 533, 534, 536, 573, 589, 596, 598, 601, 605, 617, 620, 624, 646, 653, 658, 660, 662, 668, 689, 694, 702, 724, 725, 745, 760, 775, 793, 829, 838, 839, 877, 901, 903, 905, 910, 923]",6/6 successful match,True,[513],True,378,False,,1.0,True,Hallelujah Junction Market ( Shell ),Shell
"Hallelujah Jnction , 96105 Hallelujah Publishers Junction . All rights reserved .",3 530-993-0110 US 395 & CA 70 Market ( Shell ) 24,24 <U+2610> M LOT,Hallelujah Jnction,96105,Hallelujah Publishers Junction . All rights reserved .,530-993-0110,2008,Chilcoot,CA,,( Shell ) 24,US 395 & CA 70 Market,empty,,False,,False,US 395,CA 70,,,,"[650, 179]","[179, 650]","[179, 650]",[],"[103, 104, 105, 106, 107, 108, 109, 110, 111, 112, 113, 114, 115, 116, 117, 118, 119, 120, 121, 122, 123, 124, 125, 126, 127, 128, 129, 130, 131, 132, 133, 134, 135, 136, 137, 138, 139, 140, 141, 142, 143, 144, 145, 146, 147, 148, 149, 150, 151, 152, 153, 154, 155, 156, 157, 158, 159, 160, 161, 162, 163, 164, 165, 166, 167, 168, 169, 170, 171, 172, 173, 174, 175, 176, 177, 178, 179, 180, 181, 182, 183, 184, 185, 186, 187, 188, 189, 190, 191, 192, 193, 194, 195, 196, 197, 198, 199, 200, 201, 202, 203, 204, 205, 206, 207, 208, 209, 210, 211, 212, 213, 214, 215, 216, 217, 218, 219, 220, 221, 222, 223, 224, 225, 226, 227, 228, 229, 230, 231, 232, 233, 234, 235, 236, 237, 238, 239, 240, 241, 242, 243, 244, 245, 246, 247, 248, 249, 250, 251, 252, 253, 254, 255, 256, 257, 258, 259, 260, 261, 262, 263, 264, 265, 266, 267, 268, 269, 270, 271, 272, 273, 274, 275, 276, 277, 278, 279, 280, 281, 282, 283, 284, 285, 286, 287, 288, 289, 290, 291, 292, 293, 294, 295, 296, 297, 298, 299, 300, 301, 302, 303, 304, 305, 306, 307, 308, 309, 310, 311, 312, 313, 314, 315, 316, 317, 318, 319, 320, 321, 322, 323, 324, 325, 326, 327, 328, 329, 330, 331, 332, 333, 334, 335, 336, 337, 574, 575, 576, 577, 578, 579, 580, 581, 582, 583, 584, 585, 586, 587, 588, 589, 590, 591, 592, 593, 594, 595, 596, 597, 598, 599, 600, 601, 602, 603, 604, 605, 606, 607, 608, 609, 610, 611, 612, 613, 614, 615, 616, 617, 618, 619, 620, 621, 622, 623, 624, 625, 626, 627, 628, 629, 630, 631, 632, 633, 634, 635, 636, 637, 638, 639, 640, 641, 642, 643, 644, 645, 646, 647, 648, 649, 650, 651, 652, 653, 654, 655, 656, 657, 658, 659, 660, 661, 662, 663, 664, 665, 666, 667, 668, 669, 670, 671, 672, 673, 674, 675, 676, 677, 678, 679, 680, 681, 682, 683, 684, 685, 686, 687, 688, 689, 690, 691, 692, 693, 694, 695, 696, 697, 698, 699, 700, 701, 702, 703, 704, 705, 706, 707, 708, 709, 710, 711, 712, 713, 714, 715, 716, 717, 718, 719, 720, 721, 722, 723, 724, 725, 726, 727, 728, 729, 730, 731, 732, 733, 734, 735, 736, 737, 738, 739, 740, 741, 742, 743, 744, 745, 746, 747, 748, 749, 750, 751, 752, 753, 754, 755, 756, 757, 758, 759, 760, 761, 762, 763, 764, 765, 766, 767, 768, 769, 770, 771, 772, 773, 774, 775, 776, 777, 778, 779, 780, 781, 782, 783, 784, 785, 786, 787, 788, 789, 790, 791, 792, 793]","[103, 104, 106, 117, 118, 120, 122, 127, 128, 129, 130, 131, 133, 135, 136, 137, 139, 146, 147, 148, 149, 151, 158, 160, 162, 166, 171, 173, 178, 179, 184, 185, 187, 190, 192, 198, 201, 203, 204, 206, 207, 212, 213, 214, 219, 223, 224, 225, 227, 230, 235, 237, 238, 246, 247, 248, 251, 256, 258, 259, 262, 263, 266, 268, 269, 271, 272, 278, 279, 284, 285, 288, 290, 292, 301, 304, 312, 316, 319, 320, 323, 324, 332, 350, 362, 395, 397, 399, 421, 432, 434, 462, 466, 469, 476, 479, 574, 575, 588, 591, 593, 601, 607, 608, 610, 618, 619, 620, 622, 632, 642, 644, 649, 650, 655, 656, 658, 661, 663, 669, 674, 677, 683, 684, 687, 688, 689, 701, 702, 710, 711, 714, 720, 723, 730, 731, 738, 747, 751, 762, 774, 778, 789, 805, 815, 845, 847, 848, 873, 884, 886, 909, 913, 916, 925, 930]",[],"[179, 353, 403, 650, 808, 852]","[103, 104, 105, 106, 107, 108, 109, 110, 111, 112, 113, 114, 115, 116, 117, 118, 119, 120, 121, 122, 123, 124, 125, 126, 127, 128, 129, 130, 131, 132, 133, 134, 135, 136, 137, 138, 139, 140, 141, 142, 143, 144, 145, 146, 147, 148, 149, 150, 151, 152, 153, 154, 155, 156, 157, 158, 159, 160, 161, 162, 163, 164, 165, 166, 167, 168, 169, 170, 171, 172, 173, 174, 175, 176, 177, 178, 179, 180, 181, 182, 183, 184, 185, 186, 187, 188, 189, 190, 191, 192, 193, 194, 195, 196, 197, 198, 199, 200, 201, 202, 203, 204, 205, 206, 207, 208, 209, 210, 211, 212, 213, 214, 215, 216, 217, 218, 219, 220, 221, 222, 223, 224, 225, 226, 227, 228, 229, 230, 231, 232, 233, 234, 235, 236, 237, 238, 239, 240, 241, 242, 243, 244, 245, 246, 247, 248, 249, 250, 251, 252, 253, 254, 255, 256, 257, 258, 259, 260, 261, 262, 263, 264, 265, 266, 267, 268, 269, 270, 271, 272, 273, 274, 275, 276, 277, 278, 279, 280, 281, 282, 283, 284, 285, 286, 287, 288, 289, 290, 291, 292, 293, 294, 295, 296, 297, 298, 299, 300, 301, 302, 303, 304, 305, 306, 307, 308, 309, 310, 311, 312, 313, 314, 315, 316, 317, 318, 319, 320, 321, 322, 323, 324, 325, 326, 327, 328, 329, 330, 331, 332, 333, 334, 335, 336, 337, 350, 353, 362, 395, 397, 399, 403, 421, 432, 434, 462, 466, 469, 476, 479, 574, 575, 576, 577, 578, 579, 580, 581, 582, 583, 584, 585, 586, 587, 588, 589, 590, 591, 592, 593, 594, 595, 596, 597, 598, 599, 600, 601, 602, 603, 604, 605, 606, 607, 608, 609, 610, 611, 612, 613, 614, 615, 616, 617, 618, 619, 620, 621, 622, 623, 624, 625, 626, 627, 628, 629, 630, 631, 632, 633, 634, 635, 636, 637, 638, 639, 640, 641, 642, 643, 644, 645, 646, 647, 648, 649, 650, 651, 652, 653, 654, 655, 656, 657, 658, 659, 660, 661, 662, 663, 664, 665, 666, 667, 668, 669, 670, 671, 672, 673, 674, 675, 676, 677, 678, 679, 680, 681, 682, 683, 684, 685, 686, 687, 688, 689, 690, 691, 692, 693, 694, 695, 696, 697, 698, 699, 700, 701, 702, 703, 704, 705, 706, 707, 708, 709, 710, 711, 712, 713, 714, 715, 716, 717, 718, 719, 720, 721, 722, 723, 724, 725, 726, 727, 728, 729, 730, 731, 732, 733, 734, 735, 736, 737, 738, 739, 740, 741, 742, 743, 744, 745, 746, 747, 748, 749, 750, 751, 752, 753, 754, 755, 756, 757, 758, 759, 760, 761, 762, 763, 764, 765, 766, 767, 768, 769, 770, 771, 772, 773, 774, 775, 776, 777, 778, 779, 780, 781, 782, 783, 784, 785, 786, 787, 788, 789, 790, 791, 792, 793, 805, 808, 815, 845, 847, 848, 852, 873, 884, 886, 909, 913, 916, 925, 930]",True,"[179, 650]","[103, 104, 105, 106, 107, 108, 109, 110, 111, 112, 113, 114, 115, 116, 117, 118, 119, 120, 121, 122, 123, 124, 125, 126, 127, 128, 129, 130, 131, 132, 133, 134, 135, 136, 137, 138, 139, 140, 141, 142, 143, 144, 145, 146, 147, 148, 149, 150, 151, 152, 153, 154, 155, 156, 157, 158, 159, 160, 161, 162, 163, 164, 165, 166, 167, 168, 169, 170, 171, 172, 173, 174, 175, 176, 177, 178, 179, 180, 181, 182, 183, 184, 185, 186, 187, 188, 189, 190, 191, 192, 193, 194, 195, 196, 197, 198, 199, 200, 201, 202, 203, 204, 205, 206, 207, 208, 209, 210, 211, 212, 213, 214, 215, 216, 217, 218, 219, 220, 221, 222, 223, 224, 225, 226, 227, 228, 229, 230, 231, 232, 233, 234, 235, 236, 237, 238, 239, 240, 241, 242, 243, 244, 245, 246, 247, 248, 249, 250, 251, 252, 253, 254, 255, 256, 257, 258, 259, 260, 261, 262, 263, 264, 265, 266, 267, 268, 269, 270, 271, 272, 273, 274, 275, 276, 277, 278, 279, 280, 281, 282, 283, 284, 285, 286, 287, 288, 289, 290, 291, 292, 293, 294, 295, 296, 297, 298, 299, 300, 301, 302, 303, 304, 305, 306, 307, 308, 309, 310, 311, 312, 313, 314, 315, 316, 317, 318, 319, 320, 321, 322, 323, 324, 325, 326, 327, 328, 329, 330, 331, 332, 333, 334, 335, 336, 337, 574, 575, 576, 577, 578, 579, 580, 581, 582, 583, 584, 585, 586, 587, 588, 589, 590, 591, 592, 593, 594, 595, 596, 597, 598, 599, 600, 601, 602, 603, 604, 605, 606, 607, 608, 609, 610, 611, 612, 613, 614, 615, 616, 617, 618, 619, 620, 621, 622, 623, 624, 625, 626, 627, 628, 629, 630, 631, 632, 633, 634, 635, 636, 637, 638, 639, 640, 641, 642, 643, 644, 645, 646, 647, 648, 649, 650, 651, 652, 653, 654, 655, 656, 657, 658, 659, 660, 661, 662, 663, 664, 665, 666, 667, 668, 669, 670, 671, 672, 673, 674, 675, 676, 677, 678, 679, 680, 681, 682, 683, 684, 685, 686, 687, 688, 689, 690, 691, 692, 693, 694, 695, 696, 697, 698, 699, 700, 701, 702, 703, 704, 705, 706, 707, 708, 709, 710, 711, 712, 713, 714, 715, 716, 717, 718, 719, 720, 721, 722, 723, 724, 725, 726, 727, 728, 729, 730, 731, 732, 733, 734, 735, 736, 737, 738, 739, 740, 741, 742, 743, 744, 745, 746, 747, 748, 749, 750, 751, 752, 753, 754, 755, 756, 757, 758, 759, 760, 761, 762, 763, 764, 765, 766, 767, 768, 769, 770, 771, 772, 773, 774, 775, 776, 777, 778, 779, 780, 781, 782, 783, 784, 785, 786, 787, 788, 789, 790, 791, 792, 793]","[179, 650]",[],"[103, 104, 106, 117, 118, 120, 122, 127, 128, 129, 130, 131, 133, 135, 136, 137, 139, 146, 147, 148, 149, 151, 158, 160, 162, 166, 171, 173, 178, 179, 184, 185, 187, 190, 192, 198, 201, 203, 204, 206, 207, 212, 213, 214, 219, 223, 224, 225, 227, 230, 235, 237, 238, 246, 247, 248, 251, 256, 258, 259, 262, 263, 266, 268, 269, 271, 272, 278, 279, 284, 285, 288, 290, 292, 301, 304, 312, 316, 319, 320, 323, 324, 332, 350, 362, 395, 397, 399, 421, 432, 434, 462, 466, 469, 476, 479, 574, 575, 588, 591, 593, 601, 607, 608, 610, 618, 619, 620, 622, 632, 642, 644, 649, 650, 655, 656, 658, 661, 663, 669, 674, 677, 683, 684, 687, 688, 689, 701, 702, 710, 711, 714, 720, 723, 730, 731, 738, 747, 751, 762, 774, 778, 789, 805, 815, 845, 847, 848, 873, 884, 886, 909, 913, 916, 925, 930]","[179, 353, 403, 650, 808, 852]",[],7/6 successful match,True,[513],True,378,False,,0.7742857142857142,True,Hallelujah Junction Market ( Shell ),Shell
Hallelujah Junction ( 96105 ) Hallelujah Junction Market ( Chevron ),3 530-993-0110 US 395 & CA 70,<U+2610> MOO <U+2610>,Hallelujah Junction,96105,Hallelujah Junction Market ( Chevron ),530-993-0110,2014,Chilcoot,CA,Chevron,,US 395 & CA 70,empty,,False,,False,US 395,CA 70,,,,"[650, 179]","[179, 650]","[179, 650]",[],"[103, 104, 105, 106, 107, 108, 109, 110, 111, 112, 113, 114, 115, 116, 117, 118, 119, 120, 121, 122, 123, 124, 125, 126, 127, 128, 129, 130, 131, 132, 133, 134, 135, 136, 137, 138, 139, 140, 141, 142, 143, 144, 145, 146, 147, 148, 149, 150, 151, 152, 153, 154, 155, 156, 157, 158, 159, 160, 161, 162, 163, 164, 165, 166, 167, 168, 169, 170, 171, 172, 173, 174, 175, 176, 177, 178, 179, 180, 181, 182, 183, 184, 185, 186, 187, 188, 189, 190, 191, 192, 193, 194, 195, 196, 197, 198, 199, 200, 201, 202, 203, 204, 205, 206, 207, 208, 209, 210, 211, 212, 213, 214, 215, 216, 217, 218, 219, 220, 221, 222, 223, 224, 225, 226, 227, 228, 229, 230, 231, 232, 233, 234, 235, 236, 237, 238, 239, 240, 241, 242, 243, 244, 245, 246, 247, 248, 249, 250, 251, 252, 253, 254, 255, 256, 257, 258, 259, 260, 261, 262, 263, 264, 265, 266, 267, 268, 269, 270, 271, 272, 273, 274, 275, 276, 277, 278, 279, 280, 281, 282, 283, 284, 285, 286, 287, 288, 289, 290, 291, 292, 293, 294, 295, 296, 297, 298, 299, 300, 301, 302, 303, 304, 305, 306, 307, 308, 309, 310, 311, 312, 313, 314, 315, 316, 317, 318, 319, 320, 321, 322, 323, 324, 325, 326, 327, 328, 329, 330, 331, 332, 333, 334, 335, 336, 337, 574, 575, 576, 577, 578, 579, 580, 581, 582, 583, 584, 585, 586, 587, 588, 589, 590, 591, 592, 593, 594, 595, 596, 597, 598, 599, 600, 601, 602, 603, 604, 605, 606, 607, 608, 609, 610, 611, 612, 613, 614, 615, 616, 617, 618, 619, 620, 621, 622, 623, 624, 625, 626, 627, 628, 629, 630, 631, 632, 633, 634, 635, 636, 637, 638, 639, 640, 641, 642, 643, 644, 645, 646, 647, 648, 649, 650, 651, 652, 653, 654, 655, 656, 657, 658, 659, 660, 661, 662, 663, 664, 665, 666, 667, 668, 669, 670, 671, 672, 673, 674, 675, 676, 677, 678, 679, 680, 681, 682, 683, 684, 685, 686, 687, 688, 689, 690, 691, 692, 693, 694, 695, 696, 697, 698, 699, 700, 701, 702, 703, 704, 705, 706, 707, 708, 709, 710, 711, 712, 713, 714, 715, 716, 717, 718, 719, 720, 721, 722, 723, 724, 725, 726, 727, 728, 729, 730, 731, 732, 733, 734, 735, 736, 737, 738, 739, 740, 741, 742, 743, 744, 745, 746, 747, 748, 749, 750, 751, 752, 753, 754, 755, 756, 757, 758, 759, 760, 761, 762, 763, 764, 765, 766, 767, 768, 769, 770, 771, 772, 773, 774, 775, 776, 777, 778, 779, 780, 781, 782, 783, 784, 785, 786, 787, 788, 789, 790, 791, 792, 793]","[103, 104, 106, 117, 118, 120, 122, 127, 128, 129, 130, 131, 133, 135, 136, 137, 139, 146, 147, 148, 149, 151, 158, 160, 162, 166, 171, 173, 178, 179, 184, 185, 187, 190, 192, 198, 201, 203, 204, 206, 207, 212, 213, 214, 219, 223, 224, 225, 227, 230, 235, 237, 238, 246, 247, 248, 251, 256, 258, 259, 262, 263, 266, 268, 269, 271, 272, 278, 279, 284, 285, 288, 290, 292, 301, 304, 312, 316, 319, 320, 323, 324, 332, 350, 362, 395, 397, 399, 421, 432, 434, 462, 466, 469, 476, 479, 574, 575, 588, 591, 593, 601, 607, 608, 610, 618, 619, 620, 622, 632, 642, 644, 649, 650, 655, 656, 658, 661, 663, 669, 674, 677, 683, 684, 687, 688, 689, 701, 702, 710, 711, 714, 720, 723, 730, 731, 738, 747, 751, 762, 774, 778, 789, 805, 815, 845, 847, 848, 873, 884, 886, 909, 913, 916, 925, 930]","[12, 24, 25, 28, 88, 100, 104, 119, 123, 129, 136, 137, 139, 140, 141, 148, 155, 169, 172, 179, 183, 185, 188, 196, 198, 217, 237, 267, 270, 278, 319, 321, 324, 325, 330, 334, 335, 354, 366, 369, 380, 383, 384, 386, 395, 407, 411, 423, 428, 436, 437, 452, 453, 456, 467, 471, 477, 478, 479, 497, 508, 511, 559, 571, 575, 590, 594, 600, 607, 608, 610, 611, 612, 619, 627, 640, 643, 650, 654, 656, 659, 667, 669, 685, 701, 726, 729, 737, 777, 779, 782, 783, 787, 790, 791, 809, 817, 819, 830, 833, 834, 836, 845, 856, 857, 860, 862, 875, 880, 887, 888, 899, 900, 914, 918, 921, 928, 929, 930]","[12, 24, 25, 28, 88, 100, 104, 119, 123, 129, 136, 137, 139, 140, 141, 148, 155, 169, 172, 179, 183, 185, 188, 196, 198, 217, 237, 267, 270, 278, 319, 321, 324, 325, 330, 334, 335, 353, 354, 366, 369, 380, 383, 384, 386, 395, 403, 407, 411, 423, 428, 436, 437, 452, 453, 456, 467, 471, 477, 478, 479, 497, 508, 511, 559, 571, 575, 590, 594, 600, 607, 608, 610, 611, 612, 619, 627, 640, 643, 650, 654, 656, 659, 667, 669, 685, 701, 726, 729, 737, 777, 779, 782, 783, 787, 790, 791, 808, 809, 817, 819, 830, 833, 834, 836, 845, 852, 856, 857, 860, 862, 875, 880, 887, 888, 899, 900, 914, 918, 921, 928, 929, 930]","[12, 24, 25, 28, 88, 100, 103, 104, 105, 106, 107, 108, 109, 110, 111, 112, 113, 114, 115, 116, 117, 118, 119, 120, 121, 122, 123, 124, 125, 126, 127, 128, 129, 130, 131, 132, 133, 134, 135, 136, 137, 138, 139, 140, 141, 142, 143, 144, 145, 146, 147, 148, 149, 150, 151, 152, 153, 154, 155, 156, 157, 158, 159, 160, 161, 162, 163, 164, 165, 166, 167, 168, 169, 170, 171, 172, 173, 174, 175, 176, 177, 178, 179, 180, 181, 182, 183, 184, 185, 186, 187, 188, 189, 190, 191, 192, 193, 194, 195, 196, 197, 198, 199, 200, 201, 202, 203, 204, 205, 206, 207, 208, 209, 210, 211, 212, 213, 214, 215, 216, 217, 218, 219, 220, 221, 222, 223, 224, 225, 226, 227, 228, 229, 230, 231, 232, 233, 234, 235, 236, 237, 238, 239, 240, 241, 242, 243, 244, 245, 246, 247, 248, 249, 250, 251, 252, 253, 254, 255, 256, 257, 258, 259, 260, 261, 262, 263, 264, 265, 266, 267, 268, 269, 270, 271, 272, 273, 274, 275, 276, 277, 278, 279, 280, 281, 282, 283, 284, 285, 286, 287, 288, 289, 290, 291, 292, 293, 294, 295, 296, 297, 298, 299, 300, 301, 302, 303, 304, 305, 306, 307, 308, 309, 310, 311, 312, 313, 314, 315, 316, 317, 318, 319, 320, 321, 322, 323, 324, 325, 326, 327, 328, 329, 330, 331, 332, 333, 334, 335, 336, 337, 350, 353, 354, 362, 366, 369, 380, 383, 384, 386, 395, 397, 399, 403, 407, 411, 421, 423, 428, 432, 434, 436, 437, 452, 453, 456, 462, 466, 467, 469, 471, 476, 477, 478, 479, 497, 508, 511, 559, 571, 574, 575, 576, 577, 578, 579, 580, 581, 582, 583, 584, 585, 586, 587, 588, 589, 590, 591, 592, 593, 594, 595, 596, 597, 598, 599, 600, 601, 602, 603, 604, 605, 606, 607, 608, 609, 610, 611, 612, 613, 614, 615, 616, 617, 618, 619, 620, 621, 622, 623, 624, 625, 626, 627, 628, 629, 630, 631, 632, 633, 634, 635, 636, 637, 638, 639, 640, 641, 642, 643, 644, 645, 646, 647, 648, 649, 650, 651, 652, 653, 654, 655, 656, 657, 658, 659, 660, 661, 662, 663, 664, 665, 666, 667, 668, 669, 670, 671, 672, 673, 674, 675, 676, 677, 678, 679, 680, 681, 682, 683, 684, 685, 686, 687, 688, 689, 690, 691, 692, 693, 694, 695, 696, 697, 698, 699, 700, 701, 702, 703, 704, 705, 706, 707, 708, 709, 710, 711, 712, 713, 714, 715, 716, 717, 718, 719, 720, 721, 722, 723, 724, 725, 726, 727, 728, 729, 730, 731, 732, 733, 734, 735, 736, 737, 738, 739, 740, 741, 742, 743, 744, 745, 746, 747, 748, 749, 750, 751, 752, 753, 754, 755, 756, 757, 758, 759, 760, 761, 762, 763, 764, 765, 766, 767, 768, 769, 770, 771, 772, 773, 774, 775, 776, 777, 778, 779, 780, 781, 782, 783, 784, 785, 786, 787, 788, 789, 790, 791, 792, 793, 805, 808, 809, 815, 817, 819, 830, 833, 834, 836, 845, 847, 848, 852, 856, 857, 860, 862, 873, 875, 880, 884, 886, 887, 888, 899, 900, 909, 913, 914, 916, 918, 921, 925, 928, 929, 930]",True,"[179, 650]","[103, 104, 105, 106, 107, 108, 109, 110, 111, 112, 113, 114, 115, 116, 117, 118, 119, 120, 121, 122, 123, 124, 125, 126, 127, 128, 129, 130, 131, 132, 133, 134, 135, 136, 137, 138, 139, 140, 141, 142, 143, 144, 145, 146, 147, 148, 149, 150, 151, 152, 153, 154, 155, 156, 157, 158, 159, 160, 161, 162, 163, 164, 165, 166, 167, 168, 169, 170, 171, 172, 173, 174, 175, 176, 177, 178, 179, 180, 181, 182, 183, 184, 185, 186, 187, 188, 189, 190, 191, 192, 193, 194, 195, 196, 197, 198, 199, 200, 201, 202, 203, 204, 205, 206, 207, 208, 209, 210, 211, 212, 213, 214, 215, 216, 217, 218, 219, 220, 221, 222, 223, 224, 225, 226, 227, 228, 229, 230, 231, 232, 233, 234, 235, 236, 237, 238, 239, 240, 241, 242, 243, 244, 245, 246, 247, 248, 249, 250, 251, 252, 253, 254, 255, 256, 257, 258, 259, 260, 261, 262, 263, 264, 265, 266, 267, 268, 269, 270, 271, 272, 273, 274, 275, 276, 277, 278, 279, 280, 281, 282, 283, 284, 285, 286, 287, 288, 289, 290, 291, 292, 293, 294, 295, 296, 297, 298, 299, 300, 301, 302, 303, 304, 305, 306, 307, 308, 309, 310, 311, 312, 313, 314, 315, 316, 317, 318, 319, 320, 321, 322, 323, 324, 325, 326, 327, 328, 329, 330, 331, 332, 333, 334, 335, 336, 337, 574, 575, 576, 577, 578, 579, 580, 581, 582, 583, 584, 585, 586, 587, 588, 589, 590, 591, 592, 593, 594, 595, 596, 597, 598, 599, 600, 601, 602, 603, 604, 605, 606, 607, 608, 609, 610, 611, 612, 613, 614, 615, 616, 617, 618, 619, 620, 621, 622, 623, 624, 625, 626, 627, 628, 629, 630, 631, 632, 633, 634, 635, 636, 637, 638, 639, 640, 641, 642, 643, 644, 645, 646, 647, 648, 649, 650, 651, 652, 653, 654, 655, 656, 657, 658, 659, 660, 661, 662, 663, 664, 665, 666, 667, 668, 669, 670, 671, 672, 673, 674, 675, 676, 677, 678, 679, 680, 681, 682, 683, 684, 685, 686, 687, 688, 689, 690, 691, 692, 693, 694, 695, 696, 697, 698, 699, 700, 701, 702, 703, 704, 705, 706, 707, 708, 709, 710, 711, 712, 713, 714, 715, 716, 717, 718, 719, 720, 721, 722, 723, 724, 725, 726, 727, 728, 729, 730, 731, 732, 733, 734, 735, 736, 737, 738, 739, 740, 741, 742, 743, 744, 745, 746, 747, 748, 749, 750, 751, 752, 753, 754, 755, 756, 757, 758, 759, 760, 761, 762, 763, 764, 765, 766, 767, 768, 769, 770, 771, 772, 773, 774, 775, 776, 777, 778, 779, 780, 781, 782, 783, 784, 785, 786, 787, 788, 789, 790, 791, 792, 793]","[179, 650]",[],"[103, 104, 106, 117, 118, 120, 122, 127, 128, 129, 130, 131, 133, 135, 136, 137, 139, 146, 147, 148, 149, 151, 158, 160, 162, 166, 171, 173, 178, 179, 184, 185, 187, 190, 192, 198, 201, 203, 204, 206, 207, 212, 213, 214, 219, 223, 224, 225, 227, 230, 235, 237, 238, 246, 247, 248, 251, 256, 258, 259, 262, 263, 266, 268, 269, 271, 272, 278, 279, 284, 285, 288, 290, 292, 301, 304, 312, 316, 319, 320, 323, 324, 332, 350, 362, 395, 397, 399, 421, 432, 434, 462, 466, 469, 476, 479, 574, 575, 588, 591, 593, 601, 607, 608, 610, 618, 619, 620, 622, 632, 642, 644, 649, 650, 655, 656, 658, 661, 663, 669, 674, 677, 683, 684, 687, 688, 689, 701, 702, 710, 711, 714, 720, 723, 730, 731, 738, 747, 751, 762, 774, 778, 789, 805, 815, 845, 847, 848, 873, 884, 886, 909, 913, 916, 925, 930]","[12, 24, 25, 28, 88, 100, 104, 119, 123, 129, 136, 137, 139, 140, 141, 148, 155, 169, 172, 179, 183, 185, 188, 196, 198, 217, 237, 267, 270, 278, 319, 321, 324, 325, 330, 334, 335, 353, 354, 366, 369, 380, 383, 384, 386, 395, 403, 407, 411, 423, 428, 436, 437, 452, 453, 456, 467, 471, 477, 478, 479, 497, 508, 511, 559, 571, 575, 590, 594, 600, 607, 608, 610, 611, 612, 619, 627, 640, 643, 650, 654, 656, 659, 667, 669, 685, 701, 726, 729, 737, 777, 779, 782, 783, 787, 790, 791, 808, 809, 817, 819, 830, 833, 834, 836, 845, 852, 856, 857, 860, 862, 875, 880, 887, 888, 899, 900, 914, 918, 921, 928, 929, 930]","[12, 24, 25, 28, 88, 100, 104, 119, 123, 129, 136, 137, 139, 140, 141, 148, 155, 169, 172, 179, 183, 185, 188, 196, 198, 217, 237, 267, 270, 278, 319, 321, 324, 325, 330, 334, 335, 354, 366, 369, 380, 383, 384, 386, 395, 407, 411, 423, 428, 436, 437, 452, 453, 456, 467, 471, 477, 478, 479, 497, 508, 511, 559, 571, 575, 590, 594, 600, 607, 608, 610, 611, 612, 619, 627, 640, 643, 650, 654, 656, 659, 667, 669, 685, 701, 726, 729, 737, 777, 779, 782, 783, 787, 790, 791, 809, 817, 819, 830, 833, 834, 836, 845, 856, 857, 860, 862, 875, 880, 887, 888, 899, 900, 914, 918, 921, 928, 929, 930]",7/6 successful match,True,[513],True,378,False,,0.7708074534161491,True,Hallelujah Publishers Junction . All rights reserved .,
Hallelujah Junction ( 96105 ) Hallelujah Junction Market E ) ( Chevron ),530-993-0110 US 395 & CA 70,<U+2610> <U+2610> <U+2610>,Hallelujah Junction,96105,Hallelujah Junction Market E ) ( Chevron ),530-993-0110,2015,Chilcoot,CA,Chevron,,US 395 & CA 70,empty,,False,,False,US 395,CA 70,,,,"[650, 179]","[179, 650]","[179, 650]",[],"[103, 104, 105, 106, 107, 108, 109, 110, 111, 112, 113, 114, 115, 116, 117, 118, 119, 120, 121, 122, 123, 124, 125, 126, 127, 128, 129, 130, 131, 132, 133, 134, 135, 136, 137, 138, 139, 140, 141, 142, 143, 144, 145, 146, 147, 148, 149, 150, 151, 152, 153, 154, 155, 156, 157, 158, 159, 160, 161, 162, 163, 164, 165, 166, 167, 168, 169, 170, 171, 172, 173, 174, 175, 176, 177, 178, 179, 180, 181, 182, 183, 184, 185, 186, 187, 188, 189, 190, 191, 192, 193, 194, 195, 196, 197, 198, 199, 200, 201, 202, 203, 204, 205, 206, 207, 208, 209, 210, 211, 212, 213, 214, 215, 216, 217, 218, 219, 220, 221, 222, 223, 224, 225, 226, 227, 228, 229, 230, 231, 232, 233, 234, 235, 236, 237, 238, 239, 240, 241, 242, 243, 244, 245, 246, 247, 248, 249, 250, 251, 252, 253, 254, 255, 256, 257, 258, 259, 260, 261, 262, 263, 264, 265, 266, 267, 268, 269, 270, 271, 272, 273, 274, 275, 276, 277, 278, 279, 280, 281, 282, 283, 284, 285, 286, 287, 288, 289, 290, 291, 292, 293, 294, 295, 296, 297, 298, 299, 300, 301, 302, 303, 304, 305, 306, 307, 308, 309, 310, 311, 312, 313, 314, 315, 316, 317, 318, 319, 320, 321, 322, 323, 324, 325, 326, 327, 328, 329, 330, 331, 332, 333, 334, 335, 336, 337, 574, 575, 576, 577, 578, 579, 580, 581, 582, 583, 584, 585, 586, 587, 588, 589, 590, 591, 592, 593, 594, 595, 596, 597, 598, 599, 600, 601, 602, 603, 604, 605, 606, 607, 608, 609, 610, 611, 612, 613, 614, 615, 616, 617, 618, 619, 620, 621, 622, 623, 624, 625, 626, 627, 628, 629, 630, 631, 632, 633, 634, 635, 636, 637, 638, 639, 640, 641, 642, 643, 644, 645, 646, 647, 648, 649, 650, 651, 652, 653, 654, 655, 656, 657, 658, 659, 660, 661, 662, 663, 664, 665, 666, 667, 668, 669, 670, 671, 672, 673, 674, 675, 676, 677, 678, 679, 680, 681, 682, 683, 684, 685, 686, 687, 688, 689, 690, 691, 692, 693, 694, 695, 696, 697, 698, 699, 700, 701, 702, 703, 704, 705, 706, 707, 708, 709, 710, 711, 712, 713, 714, 715, 716, 717, 718, 719, 720, 721, 722, 723, 724, 725, 726, 727, 728, 729, 730, 731, 732, 733, 734, 735, 736, 737, 738, 739, 740, 741, 742, 743, 744, 745, 746, 747, 748, 749, 750, 751, 752, 753, 754, 755, 756, 757, 758, 759, 760, 761, 762, 763, 764, 765, 766, 767, 768, 769, 770, 771, 772, 773, 774, 775, 776, 777, 778, 779, 780, 781, 782, 783, 784, 785, 786, 787, 788, 789, 790, 791, 792, 793]","[103, 104, 106, 117, 118, 120, 122, 127, 128, 129, 130, 131, 133, 135, 136, 137, 139, 146, 147, 148, 149, 151, 158, 160, 162, 166, 171, 173, 178, 179, 184, 185, 187, 190, 192, 198, 201, 203, 204, 206, 207, 212, 213, 214, 219, 223, 224, 225, 227, 230, 235, 237, 238, 246, 247, 248, 251, 256, 258, 259, 262, 263, 266, 268, 269, 271, 272, 278, 279, 284, 285, 288, 290, 292, 301, 304, 312, 316, 319, 320, 323, 324, 332, 350, 362, 395, 397, 399, 421, 432, 434, 462, 466, 469, 476, 479, 574, 575, 588, 591, 593, 601, 607, 608, 610, 618, 619, 620, 622, 632, 642, 644, 649, 650, 655, 656, 658, 661, 663, 669, 674, 677, 683, 684, 687, 688, 689, 701, 702, 710, 711, 714, 720, 723, 730, 731, 738, 747, 751, 762, 774, 778, 789, 805, 815, 845, 847, 848, 873, 884, 886, 909, 913, 916, 925, 930]","[12, 24, 25, 28, 88, 100, 104, 119, 123, 129, 136, 137, 139, 140, 141, 148, 155, 169, 172, 179, 183, 185, 188, 196, 198, 217, 237, 267, 270, 278, 319, 321, 324, 325, 330, 334, 335, 354, 366, 369, 380, 383, 384, 386, 395, 407, 411, 423, 428, 436, 437, 452, 453, 456, 467, 471, 477, 478, 479, 497, 508, 511, 559, 571, 575, 590, 594, 600, 607, 608, 610, 611, 612, 619, 627, 640, 643, 650, 654, 656, 659, 667, 669, 685, 701, 726, 729, 737, 777, 779, 782, 783, 787, 790, 791, 809, 817, 819, 830, 833, 834, 836, 845, 856, 857, 860, 862, 875, 880, 887, 888, 899, 900, 914, 918, 921, 928, 929, 930]","[12, 24, 25, 28, 88, 100, 104, 119, 123, 129, 136, 137, 139, 140, 141, 148, 155, 169, 172, 179, 183, 185, 188, 196, 198, 217, 237, 267, 270, 278, 319, 321, 324, 325, 330, 334, 335, 353, 354, 366, 369, 380, 383, 384, 386, 395, 403, 407, 411, 423, 428, 436, 437, 452, 453, 456, 467, 471, 477, 478, 479, 497, 508, 511, 559, 571, 575, 590, 594, 600, 607, 608, 610, 611, 612, 619, 627, 640, 643, 650, 654, 656, 659, 667, 669, 685, 701, 726, 729, 737, 777, 779, 782, 783, 787, 790, 791, 808, 809, 817, 819, 830, 833, 834, 836, 845, 852, 856, 857, 860, 862, 875, 880, 887, 888, 899, 900, 914, 918, 921, 928, 929, 930]","[12, 24, 25, 28, 88, 100, 103, 104, 105, 106, 107, 108, 109, 110, 111, 112, 113, 114, 115, 116, 117, 118, 119, 120, 121, 122, 123, 124, 125, 126, 127, 128, 129, 130, 131, 132, 133, 134, 135, 136, 137, 138, 139, 140, 141, 142, 143, 144, 145, 146, 147, 148, 149, 150, 151, 152, 153, 154, 155, 156, 157, 158, 159, 160, 161, 162, 163, 164, 165, 166, 167, 168, 169, 170, 171, 172, 173, 174, 175, 176, 177, 178, 179, 180, 181, 182, 183, 184, 185, 186, 187, 188, 189, 190, 191, 192, 193, 194, 195, 196, 197, 198, 199, 200, 201, 202, 203, 204, 205, 206, 207, 208, 209, 210, 211, 212, 213, 214, 215, 216, 217, 218, 219, 220, 221, 222, 223, 224, 225, 226, 227, 228, 229, 230, 231, 232, 233, 234, 235, 236, 237, 238, 239, 240, 241, 242, 243, 244, 245, 246, 247, 248, 249, 250, 251, 252, 253, 254, 255, 256, 257, 258, 259, 260, 261, 262, 263, 264, 265, 266, 267, 268, 269, 270, 271, 272, 273, 274, 275, 276, 277, 278, 279, 280, 281, 282, 283, 284, 285, 286, 287, 288, 289, 290, 291, 292, 293, 294, 295, 296, 297, 298, 299, 300, 301, 302, 303, 304, 305, 306, 307, 308, 309, 310, 311, 312, 313, 314, 315, 316, 317, 318, 319, 320, 321, 322, 323, 324, 325, 326, 327, 328, 329, 330, 331, 332, 333, 334, 335, 336, 337, 350, 353, 354, 362, 366, 369, 380, 383, 384, 386, 395, 397, 399, 403, 407, 411, 421, 423, 428, 432, 434, 436, 437, 452, 453, 456, 462, 466, 467, 469, 471, 476, 477, 478, 479, 497, 508, 511, 559, 571, 574, 575, 576, 577, 578, 579, 580, 581, 582, 583, 584, 585, 586, 587, 588, 589, 590, 591, 592, 593, 594, 595, 596, 597, 598, 599, 600, 601, 602, 603, 604, 605, 606, 607, 608, 609, 610, 611, 612, 613, 614, 615, 616, 617, 618, 619, 620, 621, 622, 623, 624, 625, 626, 627, 628, 629, 630, 631, 632, 633, 634, 635, 636, 637, 638, 639, 640, 641, 642, 643, 644, 645, 646, 647, 648, 649, 650, 651, 652, 653, 654, 655, 656, 657, 658, 659, 660, 661, 662, 663, 664, 665, 666, 667, 668, 669, 670, 671, 672, 673, 674, 675, 676, 677, 678, 679, 680, 681, 682, 683, 684, 685, 686, 687, 688, 689, 690, 691, 692, 693, 694, 695, 696, 697, 698, 699, 700, 701, 702, 703, 704, 705, 706, 707, 708, 709, 710, 711, 712, 713, 714, 715, 716, 717, 718, 719, 720, 721, 722, 723, 724, 725, 726, 727, 728, 729, 730, 731, 732, 733, 734, 735, 736, 737, 738, 739, 740, 741, 742, 743, 744, 745, 746, 747, 748, 749, 750, 751, 752, 753, 754, 755, 756, 757, 758, 759, 760, 761, 762, 763, 764, 765, 766, 767, 768, 769, 770, 771, 772, 773, 774, 775, 776, 777, 778, 779, 780, 781, 782, 783, 784, 785, 786, 787, 788, 789, 790, 791, 792, 793, 805, 808, 809, 815, 817, 819, 830, 833, 834, 836, 845, 847, 848, 852, 856, 857, 860, 862, 873, 875, 880, 884, 886, 887, 888, 899, 900, 909, 913, 914, 916, 918, 921, 925, 928, 929, 930]",True,"[179, 650]","[103, 104, 105, 106, 107, 108, 109, 110, 111, 112, 113, 114, 115, 116, 117, 118, 119, 120, 121, 122, 123, 124, 125, 126, 127, 128, 129, 130, 131, 132, 133, 134, 135, 136, 137, 138, 139, 140, 141, 142, 143, 144, 145, 146, 147, 148, 149, 150, 151, 152, 153, 154, 155, 156, 157, 158, 159, 160, 161, 162, 163, 164, 165, 166, 167, 168, 169, 170, 171, 172, 173, 174, 175, 176, 177, 178, 179, 180, 181, 182, 183, 184, 185, 186, 187, 188, 189, 190, 191, 192, 193, 194, 195, 196, 197, 198, 199, 200, 201, 202, 203, 204, 205, 206, 207, 208, 209, 210, 211, 212, 213, 214, 215, 216, 217, 218, 219, 220, 221, 222, 223, 224, 225, 226, 227, 228, 229, 230, 231, 232, 233, 234, 235, 236, 237, 238, 239, 240, 241, 242, 243, 244, 245, 246, 247, 248, 249, 250, 251, 252, 253, 254, 255, 256, 257, 258, 259, 260, 261, 262, 263, 264, 265, 266, 267, 268, 269, 270, 271, 272, 273, 274, 275, 276, 277, 278, 279, 280, 281, 282, 283, 284, 285, 286, 287, 288, 289, 290, 291, 292, 293, 294, 295, 296, 297, 298, 299, 300, 301, 302, 303, 304, 305, 306, 307, 308, 309, 310, 311, 312, 313, 314, 315, 316, 317, 318, 319, 320, 321, 322, 323, 324, 325, 326, 327, 328, 329, 330, 331, 332, 333, 334, 335, 336, 337, 574, 575, 576, 577, 578, 579, 580, 581, 582, 583, 584, 585, 586, 587, 588, 589, 590, 591, 592, 593, 594, 595, 596, 597, 598, 599, 600, 601, 602, 603, 604, 605, 606, 607, 608, 609, 610, 611, 612, 613, 614, 615, 616, 617, 618, 619, 620, 621, 622, 623, 624, 625, 626, 627, 628, 629, 630, 631, 632, 633, 634, 635, 636, 637, 638, 639, 640, 641, 642, 643, 644, 645, 646, 647, 648, 649, 650, 651, 652, 653, 654, 655, 656, 657, 658, 659, 660, 661, 662, 663, 664, 665, 666, 667, 668, 669, 670, 671, 672, 673, 674, 675, 676, 677, 678, 679, 680, 681, 682, 683, 684, 685, 686, 687, 688, 689, 690, 691, 692, 693, 694, 695, 696, 697, 698, 699, 700, 701, 702, 703, 704, 705, 706, 707, 708, 709, 710, 711, 712, 713, 714, 715, 716, 717, 718, 719, 720, 721, 722, 723, 724, 725, 726, 727, 728, 729, 730, 731, 732, 733, 734, 735, 736, 737, 738, 739, 740, 741, 742, 743, 744, 745, 746, 747, 748, 749, 750, 751, 752, 753, 754, 755, 756, 757, 758, 759, 760, 761, 762, 763, 764, 765, 766, 767, 768, 769, 770, 771, 772, 773, 774, 775, 776, 777, 778, 779, 780, 781, 782, 783, 784, 785, 786, 787, 788, 789, 790, 791, 792, 793]","[179, 650]",[],"[103, 104, 106, 117, 118, 120, 122, 127, 128, 129, 130, 131, 133, 135, 136, 137, 139, 146, 147, 148, 149, 151, 158, 160, 162, 166, 171, 173, 178, 179, 184, 185, 187, 190, 192, 198, 201, 203, 204, 206, 207, 212, 213, 214, 219, 223, 224, 225, 227, 230, 235, 237, 238, 246, 247, 248, 251, 256, 258, 259, 262, 263, 266, 268, 269, 271, 272, 278, 279, 284, 285, 288, 290, 292, 301, 304, 312, 316, 319, 320, 323, 324, 332, 350, 362, 395, 397, 399, 421, 432, 434, 462, 466, 469, 476, 479, 574, 575, 588, 591, 593, 601, 607, 608, 610, 618, 619, 620, 622, 632, 642, 644, 649, 650, 655, 656, 658, 661, 663, 669, 674, 677, 683, 684, 687, 688, 689, 701, 702, 710, 711, 714, 720, 723, 730, 731, 738, 747, 751, 762, 774, 778, 789, 805, 815, 845, 847, 848, 873, 884, 886, 909, 913, 916, 925, 930]","[12, 24, 25, 28, 88, 100, 104, 119, 123, 129, 136, 137, 139, 140, 141, 148, 155, 169, 172, 179, 183, 185, 188, 196, 198, 217, 237, 267, 270, 278, 319, 321, 324, 325, 330, 334, 335, 353, 354, 366, 369, 380, 383, 384, 386, 395, 403, 407, 411, 423, 428, 436, 437, 452, 453, 456, 467, 471, 477, 478, 479, 497, 508, 511, 559, 571, 575, 590, 594, 600, 607, 608, 610, 611, 612, 619, 627, 640, 643, 650, 654, 656, 659, 667, 669, 685, 701, 726, 729, 737, 777, 779, 782, 783, 787, 790, 791, 808, 809, 817, 819, 830, 833, 834, 836, 845, 852, 856, 857, 860, 862, 875, 880, 887, 888, 899, 900, 914, 918, 921, 928, 929, 930]","[12, 24, 25, 28, 88, 100, 104, 119, 123, 129, 136, 137, 139, 140, 141, 148, 155, 169, 172, 179, 183, 185, 188, 196, 198, 217, 237, 267, 270, 278, 319, 321, 324, 325, 330, 334, 335, 354, 366, 369, 380, 383, 384, 386, 395, 407, 411, 423, 428, 436, 437, 452, 453, 456, 467, 471, 477, 478, 479, 497, 508, 511, 559, 571, 575, 590, 594, 600, 607, 608, 610, 611, 612, 619, 627, 640, 643, 650, 654, 656, 659, 667, 669, 685, 701, 726, 729, 737, 777, 779, 782, 783, 787, 790, 791, 809, 817, 819, 830, 833, 834, 836, 845, 856, 857, 860, 862, 875, 880, 887, 888, 899, 900, 914, 918, 921, 928, 929, 930]",7/6 successful match,True,[513],True,378,False,,1.0,True,Hallelujah Junction Market ( Chevron ),Chevron
Hallelujah Junction ( 96105 ) Hallelujah Junction Market Dr ) ( Chevron,3 530-993-0110 US 395 & CA 70 ),<U+2610> <U+2610>,Hallelujah Junction,96105,Hallelujah Junction Market Dr ) ( Chevron,530-993-0110,2016,Chilcoot,CA,Chevron,,US 395 & CA 70 ,empty,,False,,False,US 395,CA 70,,,,"[650, 179]","[179, 650]","[179, 650]",[],"[103, 104, 105, 106, 107, 108, 109, 110, 111, 112, 113, 114, 115, 116, 117, 118, 119, 120, 121, 122, 123, 124, 125, 126, 127, 128, 129, 130, 131, 132, 133, 134, 135, 136, 137, 138, 139, 140, 141, 142, 143, 144, 145, 146, 147, 148, 149, 150, 151, 152, 153, 154, 155, 156, 157, 158, 159, 160, 161, 162, 163, 164, 165, 166, 167, 168, 169, 170, 171, 172, 173, 174, 175, 176, 177, 178, 179, 180, 181, 182, 183, 184, 185, 186, 187, 188, 189, 190, 191, 192, 193, 194, 195, 196, 197, 198, 199, 200, 201, 202, 203, 204, 205, 206, 207, 208, 209, 210, 211, 212, 213, 214, 215, 216, 217, 218, 219, 220, 221, 222, 223, 224, 225, 226, 227, 228, 229, 230, 231, 232, 233, 234, 235, 236, 237, 238, 239, 240, 241, 242, 243, 244, 245, 246, 247, 248, 249, 250, 251, 252, 253, 254, 255, 256, 257, 258, 259, 260, 261, 262, 263, 264, 265, 266, 267, 268, 269, 270, 271, 272, 273, 274, 275, 276, 277, 278, 279, 280, 281, 282, 283, 284, 285, 286, 287, 288, 289, 290, 291, 292, 293, 294, 295, 296, 297, 298, 299, 300, 301, 302, 303, 304, 305, 306, 307, 308, 309, 310, 311, 312, 313, 314, 315, 316, 317, 318, 319, 320, 321, 322, 323, 324, 325, 326, 327, 328, 329, 330, 331, 332, 333, 334, 335, 336, 337, 574, 575, 576, 577, 578, 579, 580, 581, 582, 583, 584, 585, 586, 587, 588, 589, 590, 591, 592, 593, 594, 595, 596, 597, 598, 599, 600, 601, 602, 603, 604, 605, 606, 607, 608, 609, 610, 611, 612, 613, 614, 615, 616, 617, 618, 619, 620, 621, 622, 623, 624, 625, 626, 627, 628, 629, 630, 631, 632, 633, 634, 635, 636, 637, 638, 639, 640, 641, 642, 643, 644, 645, 646, 647, 648, 649, 650, 651, 652, 653, 654, 655, 656, 657, 658, 659, 660, 661, 662, 663, 664, 665, 666, 667, 668, 669, 670, 671, 672, 673, 674, 675, 676, 677, 678, 679, 680, 681, 682, 683, 684, 685, 686, 687, 688, 689, 690, 691, 692, 693, 694, 695, 696, 697, 698, 699, 700, 701, 702, 703, 704, 705, 706, 707, 708, 709, 710, 711, 712, 713, 714, 715, 716, 717, 718, 719, 720, 721, 722, 723, 724, 725, 726, 727, 728, 729, 730, 731, 732, 733, 734, 735, 736, 737, 738, 739, 740, 741, 742, 743, 744, 745, 746, 747, 748, 749, 750, 751, 752, 753, 754, 755, 756, 757, 758, 759, 760, 761, 762, 763, 764, 765, 766, 767, 768, 769, 770, 771, 772, 773, 774, 775, 776, 777, 778, 779, 780, 781, 782, 783, 784, 785, 786, 787, 788, 789, 790, 791, 792, 793]","[103, 104, 106, 117, 118, 120, 122, 127, 128, 129, 130, 131, 133, 135, 136, 137, 139, 146, 147, 148, 149, 151, 158, 160, 162, 166, 171, 173, 178, 179, 184, 185, 187, 190, 192, 198, 201, 203, 204, 206, 207, 212, 213, 214, 219, 223, 224, 225, 227, 230, 235, 237, 238, 246, 247, 248, 251, 256, 258, 259, 262, 263, 266, 268, 269, 271, 272, 278, 279, 284, 285, 288, 290, 292, 301, 304, 312, 316, 319, 320, 323, 324, 332, 350, 362, 395, 397, 399, 421, 432, 434, 462, 466, 469, 476, 479, 574, 575, 588, 591, 593, 601, 607, 608, 610, 618, 619, 620, 622, 632, 642, 644, 649, 650, 655, 656, 658, 661, 663, 669, 674, 677, 683, 684, 687, 688, 689, 701, 702, 710, 711, 714, 720, 723, 730, 731, 738, 747, 751, 762, 774, 778, 789, 805, 815, 845, 847, 848, 873, 884, 886, 909, 913, 916, 925, 930]","[12, 24, 25, 28, 88, 100, 104, 119, 123, 129, 136, 137, 139, 140, 141, 148, 155, 169, 172, 179, 183, 185, 188, 196, 198, 217, 237, 267, 270, 278, 319, 321, 324, 325, 330, 334, 335, 354, 366, 369, 380, 383, 384, 386, 395, 407, 411, 423, 428, 436, 437, 452, 453, 456, 467, 471, 477, 478, 479, 497, 508, 511, 559, 571, 575, 590, 594, 600, 607, 608, 610, 611, 612, 619, 627, 640, 643, 650, 654, 656, 659, 667, 669, 685, 701, 726, 729, 737, 777, 779, 782, 783, 787, 790, 791, 809, 817, 819, 830, 833, 834, 836, 845, 856, 857, 860, 862, 875, 880, 887, 888, 899, 900, 914, 918, 921, 928, 929, 930]","[12, 24, 25, 28, 88, 100, 104, 119, 123, 129, 136, 137, 139, 140, 141, 148, 155, 169, 172, 179, 183, 185, 188, 196, 198, 217, 237, 267, 270, 278, 319, 321, 324, 325, 330, 334, 335, 353, 354, 366, 369, 380, 383, 384, 386, 395, 403, 407, 411, 423, 428, 436, 437, 452, 453, 456, 467, 471, 477, 478, 479, 497, 508, 511, 559, 571, 575, 590, 594, 600, 607, 608, 610, 611, 612, 619, 627, 640, 643, 650, 654, 656, 659, 667, 669, 685, 701, 726, 729, 737, 777, 779, 782, 783, 787, 790, 791, 808, 809, 817, 819, 830, 833, 834, 836, 845, 852, 856, 857, 860, 862, 875, 880, 887, 888, 899, 900, 914, 918, 921, 928, 929, 930]","[12, 24, 25, 28, 88, 100, 103, 104, 105, 106, 107, 108, 109, 110, 111, 112, 113, 114, 115, 116, 117, 118, 119, 120, 121, 122, 123, 124, 125, 126, 127, 128, 129, 130, 131, 132, 133, 134, 135, 136, 137, 138, 139, 140, 141, 142, 143, 144, 145, 146, 147, 148, 149, 150, 151, 152, 153, 154, 155, 156, 157, 158, 159, 160, 161, 162, 163, 164, 165, 166, 167, 168, 169, 170, 171, 172, 173, 174, 175, 176, 177, 178, 179, 180, 181, 182, 183, 184, 185, 186, 187, 188, 189, 190, 191, 192, 193, 194, 195, 196, 197, 198, 199, 200, 201, 202, 203, 204, 205, 206, 207, 208, 209, 210, 211, 212, 213, 214, 215, 216, 217, 218, 219, 220, 221, 222, 223, 224, 225, 226, 227, 228, 229, 230, 231, 232, 233, 234, 235, 236, 237, 238, 239, 240, 241, 242, 243, 244, 245, 246, 247, 248, 249, 250, 251, 252, 253, 254, 255, 256, 257, 258, 259, 260, 261, 262, 263, 264, 265, 266, 267, 268, 269, 270, 271, 272, 273, 274, 275, 276, 277, 278, 279, 280, 281, 282, 283, 284, 285, 286, 287, 288, 289, 290, 291, 292, 293, 294, 295, 296, 297, 298, 299, 300, 301, 302, 303, 304, 305, 306, 307, 308, 309, 310, 311, 312, 313, 314, 315, 316, 317, 318, 319, 320, 321, 322, 323, 324, 325, 326, 327, 328, 329, 330, 331, 332, 333, 334, 335, 336, 337, 350, 353, 354, 362, 366, 369, 380, 383, 384, 386, 395, 397, 399, 403, 407, 411, 421, 423, 428, 432, 434, 436, 437, 452, 453, 456, 462, 466, 467, 469, 471, 476, 477, 478, 479, 497, 508, 511, 559, 571, 574, 575, 576, 577, 578, 579, 580, 581, 582, 583, 584, 585, 586, 587, 588, 589, 590, 591, 592, 593, 594, 595, 596, 597, 598, 599, 600, 601, 602, 603, 604, 605, 606, 607, 608, 609, 610, 611, 612, 613, 614, 615, 616, 617, 618, 619, 620, 621, 622, 623, 624, 625, 626, 627, 628, 629, 630, 631, 632, 633, 634, 635, 636, 637, 638, 639, 640, 641, 642, 643, 644, 645, 646, 647, 648, 649, 650, 651, 652, 653, 654, 655, 656, 657, 658, 659, 660, 661, 662, 663, 664, 665, 666, 667, 668, 669, 670, 671, 672, 673, 674, 675, 676, 677, 678, 679, 680, 681, 682, 683, 684, 685, 686, 687, 688, 689, 690, 691, 692, 693, 694, 695, 696, 697, 698, 699, 700, 701, 702, 703, 704, 705, 706, 707, 708, 709, 710, 711, 712, 713, 714, 715, 716, 717, 718, 719, 720, 721, 722, 723, 724, 725, 726, 727, 728, 729, 730, 731, 732, 733, 734, 735, 736, 737, 738, 739, 740, 741, 742, 743, 744, 745, 746, 747, 748, 749, 750, 751, 752, 753, 754, 755, 756, 757, 758, 759, 760, 761, 762, 763, 764, 765, 766, 767, 768, 769, 770, 771, 772, 773, 774, 775, 776, 777, 778, 779, 780, 781, 782, 783, 784, 785, 786, 787, 788, 789, 790, 791, 792, 793, 805, 808, 809, 815, 817, 819, 830, 833, 834, 836, 845, 847, 848, 852, 856, 857, 860, 862, 873, 875, 880, 884, 886, 887, 888, 899, 900, 909, 913, 914, 916, 918, 921, 925, 928, 929, 930]",True,"[179, 650]","[103, 104, 105, 106, 107, 108, 109, 110, 111, 112, 113, 114, 115, 116, 117, 118, 119, 120, 121, 122, 123, 124, 125, 126, 127, 128, 129, 130, 131, 132, 133, 134, 135, 136, 137, 138, 139, 140, 141, 142, 143, 144, 145, 146, 147, 148, 149, 150, 151, 152, 153, 154, 155, 156, 157, 158, 159, 160, 161, 162, 163, 164, 165, 166, 167, 168, 169, 170, 171, 172, 173, 174, 175, 176, 177, 178, 179, 180, 181, 182, 183, 184, 185, 186, 187, 188, 189, 190, 191, 192, 193, 194, 195, 196, 197, 198, 199, 200, 201, 202, 203, 204, 205, 206, 207, 208, 209, 210, 211, 212, 213, 214, 215, 216, 217, 218, 219, 220, 221, 222, 223, 224, 225, 226, 227, 228, 229, 230, 231, 232, 233, 234, 235, 236, 237, 238, 239, 240, 241, 242, 243, 244, 245, 246, 247, 248, 249, 250, 251, 252, 253, 254, 255, 256, 257, 258, 259, 260, 261, 262, 263, 264, 265, 266, 267, 268, 269, 270, 271, 272, 273, 274, 275, 276, 277, 278, 279, 280, 281, 282, 283, 284, 285, 286, 287, 288, 289, 290, 291, 292, 293, 294, 295, 296, 297, 298, 299, 300, 301, 302, 303, 304, 305, 306, 307, 308, 309, 310, 311, 312, 313, 314, 315, 316, 317, 318, 319, 320, 321, 322, 323, 324, 325, 326, 327, 328, 329, 330, 331, 332, 333, 334, 335, 336, 337, 574, 575, 576, 577, 578, 579, 580, 581, 582, 583, 584, 585, 586, 587, 588, 589, 590, 591, 592, 593, 594, 595, 596, 597, 598, 599, 600, 601, 602, 603, 604, 605, 606, 607, 608, 609, 610, 611, 612, 613, 614, 615, 616, 617, 618, 619, 620, 621, 622, 623, 624, 625, 626, 627, 628, 629, 630, 631, 632, 633, 634, 635, 636, 637, 638, 639, 640, 641, 642, 643, 644, 645, 646, 647, 648, 649, 650, 651, 652, 653, 654, 655, 656, 657, 658, 659, 660, 661, 662, 663, 664, 665, 666, 667, 668, 669, 670, 671, 672, 673, 674, 675, 676, 677, 678, 679, 680, 681, 682, 683, 684, 685, 686, 687, 688, 689, 690, 691, 692, 693, 694, 695, 696, 697, 698, 699, 700, 701, 702, 703, 704, 705, 706, 707, 708, 709, 710, 711, 712, 713, 714, 715, 716, 717, 718, 719, 720, 721, 722, 723, 724, 725, 726, 727, 728, 729, 730, 731, 732, 733, 734, 735, 736, 737, 738, 739, 740, 741, 742, 743, 744, 745, 746, 747, 748, 749, 750, 751, 752, 753, 754, 755, 756, 757, 758, 759, 760, 761, 762, 763, 764, 765, 766, 767, 768, 769, 770, 771, 772, 773, 774, 775, 776, 777, 778, 779, 780, 781, 782, 783, 784, 785, 786, 787, 788, 789, 790, 791, 792, 793]","[179, 650]",[],"[103, 104, 106, 117, 118, 120, 122, 127, 128, 129, 130, 131, 133, 135, 136, 137, 139, 146, 147, 148, 149, 151, 158, 160, 162, 166, 171, 173, 178, 179, 184, 185, 187, 190, 192, 198, 201, 203, 204, 206, 207, 212, 213, 214, 219, 223, 224, 225, 227, 230, 235, 237, 238, 246, 247, 248, 251, 256, 258, 259, 262, 263, 266, 268, 269, 271, 272, 278, 279, 284, 285, 288, 290, 292, 301, 304, 312, 316, 319, 320, 323, 324, 332, 350, 362, 395, 397, 399, 421, 432, 434, 462, 466, 469, 476, 479, 574, 575, 588, 591, 593, 601, 607, 608, 610, 618, 619, 620, 622, 632, 642, 644, 649, 650, 655, 656, 658, 661, 663, 669, 674, 677, 683, 684, 687, 688, 689, 701, 702, 710, 711, 714, 720, 723, 730, 731, 738, 747, 751, 762, 774, 778, 789, 805, 815, 845, 847, 848, 873, 884, 886, 909, 913, 916, 925, 930]","[12, 24, 25, 28, 88, 100, 104, 119, 123, 129, 136, 137, 139, 140, 141, 148, 155, 169, 172, 179, 183, 185, 188, 196, 198, 217, 237, 267, 270, 278, 319, 321, 324, 325, 330, 334, 335, 353, 354, 366, 369, 380, 383, 384, 386, 395, 403, 407, 411, 423, 428, 436, 437, 452, 453, 456, 467, 471, 477, 478, 479, 497, 508, 511, 559, 571, 575, 590, 594, 600, 607, 608, 610, 611, 612, 619, 627, 640, 643, 650, 654, 656, 659, 667, 669, 685, 701, 726, 729, 737, 777, 779, 782, 783, 787, 790, 791, 808, 809, 817, 819, 830, 833, 834, 836, 845, 852, 856, 857, 860, 862, 875, 880, 887, 888, 899, 900, 914, 918, 921, 928, 929, 930]","[12, 24, 25, 28, 88, 100, 104, 119, 123, 129, 136, 137, 139, 140, 141, 148, 155, 169, 172, 179, 183, 185, 188, 196, 198, 217, 237, 267, 270, 278, 319, 321, 324, 325, 330, 334, 335, 354, 366, 369, 380, 383, 384, 386, 395, 407, 411, 423, 428, 436, 437, 452, 453, 456, 467, 471, 477, 478, 479, 497, 508, 511, 559, 571, 575, 590, 594, 600, 607, 608, 610, 611, 612, 619, 627, 640, 643, 650, 654, 656, 659, 667, 669, 685, 701, 726, 729, 737, 777, 779, 782, 783, 787, 790, 791, 809, 817, 819, 830, 833, 834, 836, 845, 856, 857, 860, 862, 875, 880, 887, 888, 899, 900, 914, 918, 921, 928, 929, 930]",7/6 successful match,True,[513],True,378,False,,1.0,True,Hallelujah Junction Market E ) ( Chevron ),Chevron
"Aurora , 97002 TravelCenters of America / Portland",503-678-2111 I-5 Exit 278 TA,- S 000 <U+2610> <U+2610> <U+2610> <U+25A1>,Aurora,97002,TravelCenters of America / Portland,503-678-2111,2006,Aurora,OR,TravelCenters,,I-5 Exit 278 TA,Exit,278,False,,False,I-5,,,,,[],[],[],"[53, 113, 200, 204, 249, 583, 671, 674, 712]",[],"[105, 114, 138, 141, 152, 153, 154, 155, 157, 159, 164, 165, 176, 182, 191, 192, 194, 195, 196, 200, 204, 208, 209, 210, 211, 215, 226, 228, 241, 242, 243, 245, 248, 249, 250, 257, 261, 270, 271, 282, 287, 289, 291, 294, 296, 298, 306, 308, 309, 311, 314, 327, 333, 335, 337, 576, 585, 609, 612, 623, 624, 626, 627, 629, 631, 636, 637, 647, 653, 662, 663, 665, 666, 667, 671, 674, 678, 679, 680, 681, 690, 692, 705, 706, 707, 709, 711, 712, 713, 719, 721, 729, 730, 741, 746, 748, 750, 753, 755, 757, 764, 766, 767, 769, 772, 785, 791]","[98, 476, 481, 569, 924, 925]",[],"[53, 569, 576, 583, 585, 609, 98, 612, 105, 623, 624, 113, 114, 626, 627, 629, 631, 636, 637, 647, 138, 141, 653, 662, 663, 152, 153, 154, 155, 665, 157, 666, 159, 671, 667, 674, 164, 165, 678, 679, 680, 681, 176, 690, 692, 182, 191, 192, 705, 194, 195, 196, 706, 707, 709, 200, 712, 711, 713, 204, 719, 208, 209, 210, 211, 721, 215, 729, 730, 226, 228, 741, 746, 748, 750, 241, 242, 243, 753, 245, 755, 757, 248, 249, 250, 764, 766, 767, 257, 769, 772, 261, 270, 271, 785, 791, 282, 287, 289, 291, 294, 296, 298, 306, 308, 309, 311, 314, 327, 333, 335, 337, 924, 925, 476, 481]",False,[],[],[],"[53, 113, 200, 204, 249, 583, 671, 674, 712]","[105, 114, 138, 141, 152, 153, 154, 155, 157, 159, 164, 165, 176, 182, 191, 192, 194, 195, 196, 200, 204, 208, 209, 210, 211, 215, 226, 228, 241, 242, 243, 245, 248, 249, 250, 257, 261, 270, 271, 282, 287, 289, 291, 294, 296, 298, 306, 308, 309, 311, 314, 327, 333, 335, 337, 576, 585, 609, 612, 623, 624, 626, 627, 629, 631, 636, 637, 647, 653, 662, 663, 665, 666, 667, 671, 674, 678, 679, 680, 681, 690, 692, 705, 706, 707, 709, 711, 712, 713, 719, 721, 729, 730, 741, 746, 748, 750, 753, 755, 757, 764, 766, 767, 769, 772, 785, 791]",[],"[98, 476, 481, 569, 924, 925]",0/6 successful match,False,,False,379,False,,,,,
"Aurora , 97002 TravelCenters of America / Portland",503-678-2111 I-5 Exit 278,<U+2610>,Aurora,97002,TravelCenters of America / Portland,503-678-2111,2007,Aurora,OR,TravelCenters,,I-5 Exit 278,Exit,278,False,,False,I-5,,,,,[],[],[],"[53, 113, 200, 204, 249, 583, 671, 674, 712]",[],"[105, 114, 138, 141, 152, 153, 154, 155, 157, 159, 164, 165, 176, 182, 191, 192, 194, 195, 196, 200, 204, 208, 209, 210, 211, 215, 226, 228, 241, 242, 243, 245, 248, 249, 250, 257, 261, 270, 271, 282, 287, 289, 291, 294, 296, 298, 306, 308, 309, 311, 314, 327, 333, 335, 337, 576, 585, 609, 612, 623, 624, 626, 627, 629, 631, 636, 637, 647, 653, 662, 663, 665, 666, 667, 671, 674, 678, 679, 680, 681, 690, 692, 705, 706, 707, 709, 711, 712, 713, 719, 721, 729, 730, 741, 746, 748, 750, 753, 755, 757, 764, 766, 767, 769, 772, 785, 791]","[98, 476, 481, 569, 924, 925]",[],"[53, 569, 576, 583, 585, 609, 98, 612, 105, 623, 624, 113, 114, 626, 627, 629, 631, 636, 637, 647, 138, 141, 653, 662, 663, 152, 153, 154, 155, 665, 157, 666, 159, 671, 667, 674, 164, 165, 678, 679, 680, 681, 176, 690, 692, 182, 191, 192, 705, 194, 195, 196, 706, 707, 709, 200, 712, 711, 713, 204, 719, 208, 209, 210, 211, 721, 215, 729, 730, 226, 228, 741, 746, 748, 750, 241, 242, 243, 753, 245, 755, 757, 248, 249, 250, 764, 766, 767, 257, 769, 772, 261, 270, 271, 785, 791, 282, 287, 289, 291, 294, 296, 298, 306, 308, 309, 311, 314, 327, 333, 335, 337, 924, 925, 476, 481]",False,[],[],[],"[53, 113, 200, 204, 249, 583, 671, 674, 712]","[105, 114, 138, 141, 152, 153, 154, 155, 157, 159, 164, 165, 176, 182, 191, 192, 194, 195, 196, 200, 204, 208, 209, 210, 211, 215, 226, 228, 241, 242, 243, 245, 248, 249, 250, 257, 261, 270, 271, 282, 287, 289, 291, 294, 296, 298, 306, 308, 309, 311, 314, 327, 333, 335, 337, 576, 585, 609, 612, 623, 624, 626, 627, 629, 631, 636, 637, 647, 653, 662, 663, 665, 666, 667, 671, 674, 678, 679, 680, 681, 690, 692, 705, 706, 707, 709, 711, 712, 713, 719, 721, 729, 730, 741, 746, 748, 750, 753, 755, 757, 764, 766, 767, 769, 772, 785, 791]",[],"[98, 476, 481, 569, 924, 925]",0/6 successful match,False,,False,379,False,,1.0,True,TravelCenters of America / Portland,TravelCenters
"Aurora , 97002 TravelCenters of America / Portland",3 503-678-2111 I-5 Exit 278 TA,HRS 24 XL 24,Aurora,97002,TravelCenters of America / Portland,503-678-2111,2008,Aurora,OR,TravelCenters,,I-5 Exit 278 TA,Exit,278,False,,False,I-5,,,,,[],[],[],"[53, 113, 200, 204, 249, 583, 671, 674, 712]",[],"[105, 114, 138, 141, 152, 153, 154, 155, 157, 159, 164, 165, 176, 182, 191, 192, 194, 195, 196, 200, 204, 208, 209, 210, 211, 215, 226, 228, 241, 242, 243, 245, 248, 249, 250, 257, 261, 270, 271, 282, 287, 289, 291, 294, 296, 298, 306, 308, 309, 311, 314, 327, 333, 335, 337, 576, 585, 609, 612, 623, 624, 626, 627, 629, 631, 636, 637, 647, 653, 662, 663, 665, 666, 667, 671, 674, 678, 679, 680, 681, 690, 692, 705, 706, 707, 709, 711, 712, 713, 719, 721, 729, 730, 741, 746, 748, 750, 753, 755, 757, 764, 766, 767, 769, 772, 785, 791]","[98, 476, 481, 569, 924, 925]",[],"[53, 569, 576, 583, 585, 609, 98, 612, 105, 623, 624, 113, 114, 626, 627, 629, 631, 636, 637, 647, 138, 141, 653, 662, 663, 152, 153, 154, 155, 665, 157, 666, 159, 671, 667, 674, 164, 165, 678, 679, 680, 681, 176, 690, 692, 182, 191, 192, 705, 194, 195, 196, 706, 707, 709, 200, 712, 711, 713, 204, 719, 208, 209, 210, 211, 721, 215, 729, 730, 226, 228, 741, 746, 748, 750, 241, 242, 243, 753, 245, 755, 757, 248, 249, 250, 764, 766, 767, 257, 769, 772, 261, 270, 271, 785, 791, 282, 287, 289, 291, 294, 296, 298, 306, 308, 309, 311, 314, 327, 333, 335, 337, 924, 925, 476, 481]",False,[],[],[],"[53, 113, 200, 204, 249, 583, 671, 674, 712]","[105, 114, 138, 141, 152, 153, 154, 155, 157, 159, 164, 165, 176, 182, 191, 192, 194, 195, 196, 200, 204, 208, 209, 210, 211, 215, 226, 228, 241, 242, 243, 245, 248, 249, 250, 257, 261, 270, 271, 282, 287, 289, 291, 294, 296, 298, 306, 308, 309, 311, 314, 327, 333, 335, 337, 576, 585, 609, 612, 623, 624, 626, 627, 629, 631, 636, 637, 647, 653, 662, 663, 665, 666, 667, 671, 674, 678, 679, 680, 681, 690, 692, 705, 706, 707, 709, 711, 712, 713, 719, 721, 729, 730, 741, 746, 748, 750, 753, 755, 757, 764, 766, 767, 769, 772, 785, 791]",[],"[98, 476, 481, 569, 924, 925]",0/6 successful match,False,,False,379,False,,1.0,True,TravelCenters of America / Portland,TravelCenters
Aurora ( 97002 ) TA Aurora # 056 ( Shell ),3 503-678-2111 I-5 Exit 278 ( West ),A 24 XL <U+2610>,Aurora,97002,TA Aurora # 056 ( Shell ),503-678-2111,2014,Aurora,OR,Shell,( West ),I-5 Exit 278 ,Exit,278,False,,False,I-5,,,,,[],[],[],"[53, 113, 200, 204, 249, 583, 671, 674, 712]",[],"[105, 114, 138, 141, 152, 153, 154, 155, 157, 159, 164, 165, 176, 182, 191, 192, 194, 195, 196, 200, 204, 208, 209, 210, 211, 215, 226, 228, 241, 242, 243, 245, 248, 249, 250, 257, 261, 270, 271, 282, 287, 289, 291, 294, 296, 298, 306, 308, 309, 311, 314, 327, 333, 335, 337, 576, 585, 609, 612, 623, 624, 626, 627, 629, 631, 636, 637, 647, 653, 662, 663, 665, 666, 667, 671, 674, 678, 679, 680, 681, 690, 692, 705, 706, 707, 709, 711, 712, 713, 719, 721, 729, 730, 741, 746, 748, 750, 753, 755, 757, 764, 766, 767, 769, 772, 785, 791]","[1, 13, 14, 29, 54, 55, 56, 57, 58, 60, 102, 118, 125, 127, 130, 134, 146, 149, 153, 175, 182, 187, 189, 191, 197, 225, 230, 238, 264, 265, 266, 286, 302, 317, 336, 379, 388, 389, 425, 454, 458, 463, 475, 487, 498, 499, 512, 530, 531, 532, 533, 534, 536, 573, 589, 596, 598, 601, 605, 617, 620, 624, 646, 653, 658, 660, 662, 668, 689, 694, 702, 724, 725, 745, 760, 775, 793, 829, 838, 839, 877, 901, 903, 905, 910, 923]","[1, 13, 14, 29, 54, 55, 56, 57, 58, 60, 102, 118, 125, 127, 130, 134, 146, 149, 153, 175, 182, 187, 189, 191, 197, 225, 230, 238, 264, 265, 266, 286, 301, 302, 317, 336, 354, 379, 388, 389, 425, 454, 458, 463, 475, 476, 487, 498, 499, 512, 530, 531, 532, 533, 534, 536, 573, 589, 596, 598, 601, 605, 617, 620, 624, 646, 653, 658, 660, 662, 668, 689, 694, 702, 724, 725, 745, 760, 775, 793, 809, 829, 838, 839, 877, 901, 903, 905, 910, 923, 924, 925]","[512, 1, 13, 14, 530, 531, 532, 533, 534, 536, 29, 53, 54, 55, 56, 57, 58, 60, 573, 576, 583, 585, 589, 596, 598, 601, 605, 609, 612, 102, 105, 617, 620, 623, 624, 113, 114, 626, 627, 629, 118, 631, 636, 637, 125, 127, 130, 134, 647, 646, 138, 141, 653, 146, 658, 660, 149, 662, 663, 152, 153, 154, 155, 665, 157, 666, 159, 671, 667, 674, 668, 164, 165, 678, 679, 680, 681, 175, 176, 689, 690, 692, 182, 694, 187, 189, 702, 191, 192, 705, 194, 195, 196, 706, 707, 709, 200, 712, 711, 713, 204, 197, 719, 208, 209, 210, 211, 721, 724, 725, 215, 729, 730, 225, 226, 228, 741, 230, 745, 746, 748, 750, 238, 241, 242, 243, 753, 245, 755, 757, 248, 249, 250, 760, 764, 766, 767, 257, 769, 772, 261, 775, 264, 265, 266, 270, 271, 785, 791, 793, 282, 286, 287, 289, 291, 294, 296, 809, 298, 301, 302, 306, 308, 309, 311, 314, 317, 829, 838, 327, 839, 333, 335, 336, 337, 354, 877, 379, 388, 389, 901, 903, 905, 910, 923, 924, 925, 425, 454, 458, 463, 475, 476, 487, 498, 499]",False,[],[],[],"[53, 113, 200, 204, 249, 583, 671, 674, 712]","[105, 114, 138, 141, 152, 153, 154, 155, 157, 159, 164, 165, 176, 182, 191, 192, 194, 195, 196, 200, 204, 208, 209, 210, 211, 215, 226, 228, 241, 242, 243, 245, 248, 249, 250, 257, 261, 270, 271, 282, 287, 289, 291, 294, 296, 298, 306, 308, 309, 311, 314, 327, 333, 335, 337, 576, 585, 609, 612, 623, 624, 626, 627, 629, 631, 636, 637, 647, 653, 662, 663, 665, 666, 667, 671, 674, 678, 679, 680, 681, 690, 692, 705, 706, 707, 709, 711, 712, 713, 719, 721, 729, 730, 741, 746, 748, 750, 753, 755, 757, 764, 766, 767, 769, 772, 785, 791]","[1, 13, 14, 29, 54, 55, 56, 57, 58, 60, 102, 118, 125, 127, 130, 134, 146, 149, 153, 175, 182, 187, 189, 191, 197, 225, 230, 238, 264, 265, 266, 286, 301, 302, 317, 336, 354, 379, 388, 389, 425, 454, 458, 463, 475, 476, 487, 498, 499, 512, 530, 531, 532, 533, 534, 536, 573, 589, 596, 598, 601, 605, 617, 620, 624, 646, 653, 658, 660, 662, 668, 689, 694, 702, 724, 725, 745, 760, 775, 793, 809, 829, 838, 839, 877, 901, 903, 905, 910, 923, 924, 925]","[1, 13, 14, 29, 54, 55, 56, 57, 58, 60, 102, 118, 125, 127, 130, 134, 146, 149, 153, 175, 182, 187, 189, 191, 197, 225, 230, 238, 264, 265, 266, 286, 302, 317, 336, 379, 388, 389, 425, 454, 458, 463, 475, 487, 498, 499, 512, 530, 531, 532, 533, 534, 536, 573, 589, 596, 598, 601, 605, 617, 620, 624, 646, 653, 658, 660, 662, 668, 689, 694, 702, 724, 725, 745, 760, 775, 793, 829, 838, 839, 877, 901, 903, 905, 910, 923]",0/6 successful match,False,,False,379,True,2014,0.1,False,TravelCenters of America / Portland,TravelCenters
B Aurora ( 97002 ) TA Aurora # 056 ( Shell ),503-678-2111 I-5 Exit 278 ( West ) ZA,ZA 24 XL 24,Aurora,97002,TA Aurora # 056 ( Shell ),503-678-2111,2015,Aurora,OR,Shell,( West ) ZA,I-5 Exit 278 ,Exit,278,False,,False,I-5,,,,,[],[],[],"[53, 113, 200, 204, 249, 583, 671, 674, 712]",[],"[105, 114, 138, 141, 152, 153, 154, 155, 157, 159, 164, 165, 176, 182, 191, 192, 194, 195, 196, 200, 204, 208, 209, 210, 211, 215, 226, 228, 241, 242, 243, 245, 248, 249, 250, 257, 261, 270, 271, 282, 287, 289, 291, 294, 296, 298, 306, 308, 309, 311, 314, 327, 333, 335, 337, 576, 585, 609, 612, 623, 624, 626, 627, 629, 631, 636, 637, 647, 653, 662, 663, 665, 666, 667, 671, 674, 678, 679, 680, 681, 690, 692, 705, 706, 707, 709, 711, 712, 713, 719, 721, 729, 730, 741, 746, 748, 750, 753, 755, 757, 764, 766, 767, 769, 772, 785, 791]","[1, 13, 14, 29, 54, 55, 56, 57, 58, 60, 102, 118, 125, 127, 130, 134, 146, 149, 153, 175, 182, 187, 189, 191, 197, 225, 230, 238, 264, 265, 266, 286, 302, 317, 336, 379, 388, 389, 425, 454, 458, 463, 475, 487, 498, 499, 512, 530, 531, 532, 533, 534, 536, 573, 589, 596, 598, 601, 605, 617, 620, 624, 646, 653, 658, 660, 662, 668, 689, 694, 702, 724, 725, 745, 760, 775, 793, 829, 838, 839, 877, 901, 903, 905, 910, 923]","[1, 13, 14, 29, 54, 55, 56, 57, 58, 60, 102, 118, 125, 127, 130, 134, 146, 149, 153, 175, 182, 187, 189, 191, 197, 225, 230, 238, 264, 265, 266, 286, 301, 302, 317, 336, 354, 379, 388, 389, 425, 454, 458, 463, 475, 476, 487, 498, 499, 512, 530, 531, 532, 533, 534, 536, 573, 589, 596, 598, 601, 605, 617, 620, 624, 646, 653, 658, 660, 662, 668, 689, 694, 702, 724, 725, 745, 760, 775, 793, 809, 829, 838, 839, 877, 901, 903, 905, 910, 923, 924, 925]","[512, 1, 13, 14, 530, 531, 532, 533, 534, 536, 29, 53, 54, 55, 56, 57, 58, 60, 573, 576, 583, 585, 589, 596, 598, 601, 605, 609, 612, 102, 105, 617, 620, 623, 624, 113, 114, 626, 627, 629, 118, 631, 636, 637, 125, 127, 130, 134, 647, 646, 138, 141, 653, 146, 658, 660, 149, 662, 663, 152, 153, 154, 155, 665, 157, 666, 159, 671, 667, 674, 668, 164, 165, 678, 679, 680, 681, 175, 176, 689, 690, 692, 182, 694, 187, 189, 702, 191, 192, 705, 194, 195, 196, 706, 707, 709, 200, 712, 711, 713, 204, 197, 719, 208, 209, 210, 211, 721, 724, 725, 215, 729, 730, 225, 226, 228, 741, 230, 745, 746, 748, 750, 238, 241, 242, 243, 753, 245, 755, 757, 248, 249, 250, 760, 764, 766, 767, 257, 769, 772, 261, 775, 264, 265, 266, 270, 271, 785, 791, 793, 282, 286, 287, 289, 291, 294, 296, 809, 298, 301, 302, 306, 308, 309, 311, 314, 317, 829, 838, 327, 839, 333, 335, 336, 337, 354, 877, 379, 388, 389, 901, 903, 905, 910, 923, 924, 925, 425, 454, 458, 463, 475, 476, 487, 498, 499]",False,[],[],[],"[53, 113, 200, 204, 249, 583, 671, 674, 712]","[105, 114, 138, 141, 152, 153, 154, 155, 157, 159, 164, 165, 176, 182, 191, 192, 194, 195, 196, 200, 204, 208, 209, 210, 211, 215, 226, 228, 241, 242, 243, 245, 248, 249, 250, 257, 261, 270, 271, 282, 287, 289, 291, 294, 296, 298, 306, 308, 309, 311, 314, 327, 333, 335, 337, 576, 585, 609, 612, 623, 624, 626, 627, 629, 631, 636, 637, 647, 653, 662, 663, 665, 666, 667, 671, 674, 678, 679, 680, 681, 690, 692, 705, 706, 707, 709, 711, 712, 713, 719, 721, 729, 730, 741, 746, 748, 750, 753, 755, 757, 764, 766, 767, 769, 772, 785, 791]","[1, 13, 14, 29, 54, 55, 56, 57, 58, 60, 102, 118, 125, 127, 130, 134, 146, 149, 153, 175, 182, 187, 189, 191, 197, 225, 230, 238, 264, 265, 266, 286, 301, 302, 317, 336, 354, 379, 388, 389, 425, 454, 458, 463, 475, 476, 487, 498, 499, 512, 530, 531, 532, 533, 534, 536, 573, 589, 596, 598, 601, 605, 617, 620, 624, 646, 653, 658, 660, 662, 668, 689, 694, 702, 724, 725, 745, 760, 775, 793, 809, 829, 838, 839, 877, 901, 903, 905, 910, 923, 924, 925]","[1, 13, 14, 29, 54, 55, 56, 57, 58, 60, 102, 118, 125, 127, 130, 134, 146, 149, 153, 175, 182, 187, 189, 191, 197, 225, 230, 238, 264, 265, 266, 286, 302, 317, 336, 379, 388, 389, 425, 454, 458, 463, 475, 487, 498, 499, 512, 530, 531, 532, 533, 534, 536, 573, 589, 596, 598, 601, 605, 617, 620, 624, 646, 653, 658, 660, 662, 668, 689, 694, 702, 724, 725, 745, 760, 775, 793, 829, 838, 839, 877, 901, 903, 905, 910, 923]",0/6 successful match,False,,False,379,False,,1.0,True,TA Aurora # 056 ( Shell ),Shell
B Aurora ( 97002 ) TA Aurora # 056 ( Shell ),503-678-2111 I-5 Exit 278 ( West ),29 D XL 24,Aurora,97002,TA Aurora # 056 ( Shell ),503-678-2111,2016,Aurora,OR,Shell,( West ),I-5 Exit 278 ,Exit,278,False,,False,I-5,,,,,[],[],[],"[53, 113, 200, 204, 249, 583, 671, 674, 712]",[],"[105, 114, 138, 141, 152, 153, 154, 155, 157, 159, 164, 165, 176, 182, 191, 192, 194, 195, 196, 200, 204, 208, 209, 210, 211, 215, 226, 228, 241, 242, 243, 245, 248, 249, 250, 257, 261, 270, 271, 282, 287, 289, 291, 294, 296, 298, 306, 308, 309, 311, 314, 327, 333, 335, 337, 576, 585, 609, 612, 623, 624, 626, 627, 629, 631, 636, 637, 647, 653, 662, 663, 665, 666, 667, 671, 674, 678, 679, 680, 681, 690, 692, 705, 706, 707, 709, 711, 712, 713, 719, 721, 729, 730, 741, 746, 748, 750, 753, 755, 757, 764, 766, 767, 769, 772, 785, 791]","[1, 13, 14, 29, 54, 55, 56, 57, 58, 60, 102, 118, 125, 127, 130, 134, 146, 149, 153, 175, 182, 187, 189, 191, 197, 225, 230, 238, 264, 265, 266, 286, 302, 317, 336, 379, 388, 389, 425, 454, 458, 463, 475, 487, 498, 499, 512, 530, 531, 532, 533, 534, 536, 573, 589, 596, 598, 601, 605, 617, 620, 624, 646, 653, 658, 660, 662, 668, 689, 694, 702, 724, 725, 745, 760, 775, 793, 829, 838, 839, 877, 901, 903, 905, 910, 923]","[1, 13, 14, 29, 54, 55, 56, 57, 58, 60, 102, 118, 125, 127, 130, 134, 146, 149, 153, 175, 182, 187, 189, 191, 197, 225, 230, 238, 264, 265, 266, 286, 301, 302, 317, 336, 354, 379, 388, 389, 425, 454, 458, 463, 475, 476, 487, 498, 499, 512, 530, 531, 532, 533, 534, 536, 573, 589, 596, 598, 601, 605, 617, 620, 624, 646, 653, 658, 660, 662, 668, 689, 694, 702, 724, 725, 745, 760, 775, 793, 809, 829, 838, 839, 877, 901, 903, 905, 910, 923, 924, 925]","[512, 1, 13, 14, 530, 531, 532, 533, 534, 536, 29, 53, 54, 55, 56, 57, 58, 60, 573, 576, 583, 585, 589, 596, 598, 601, 605, 609, 612, 102, 105, 617, 620, 623, 624, 113, 114, 626, 627, 629, 118, 631, 636, 637, 125, 127, 130, 134, 647, 646, 138, 141, 653, 146, 658, 660, 149, 662, 663, 152, 153, 154, 155, 665, 157, 666, 159, 671, 667, 674, 668, 164, 165, 678, 679, 680, 681, 175, 176, 689, 690, 692, 182, 694, 187, 189, 702, 191, 192, 705, 194, 195, 196, 706, 707, 709, 200, 712, 711, 713, 204, 197, 719, 208, 209, 210, 211, 721, 724, 725, 215, 729, 730, 225, 226, 228, 741, 230, 745, 746, 748, 750, 238, 241, 242, 243, 753, 245, 755, 757, 248, 249, 250, 760, 764, 766, 767, 257, 769, 772, 261, 775, 264, 265, 266, 270, 271, 785, 791, 793, 282, 286, 287, 289, 291, 294, 296, 809, 298, 301, 302, 306, 308, 309, 311, 314, 317, 829, 838, 327, 839, 333, 335, 336, 337, 354, 877, 379, 388, 389, 901, 903, 905, 910, 923, 924, 925, 425, 454, 458, 463, 475, 476, 487, 498, 499]",False,[],[],[],"[53, 113, 200, 204, 249, 583, 671, 674, 712]","[105, 114, 138, 141, 152, 153, 154, 155, 157, 159, 164, 165, 176, 182, 191, 192, 194, 195, 196, 200, 204, 208, 209, 210, 211, 215, 226, 228, 241, 242, 243, 245, 248, 249, 250, 257, 261, 270, 271, 282, 287, 289, 291, 294, 296, 298, 306, 308, 309, 311, 314, 327, 333, 335, 337, 576, 585, 609, 612, 623, 624, 626, 627, 629, 631, 636, 637, 647, 653, 662, 663, 665, 666, 667, 671, 674, 678, 679, 680, 681, 690, 692, 705, 706, 707, 709, 711, 712, 713, 719, 721, 729, 730, 741, 746, 748, 750, 753, 755, 757, 764, 766, 767, 769, 772, 785, 791]","[1, 13, 14, 29, 54, 55, 56, 57, 58, 60, 102, 118, 125, 127, 130, 134, 146, 149, 153, 175, 182, 187, 189, 191, 197, 225, 230, 238, 264, 265, 266, 286, 301, 302, 317, 336, 354, 379, 388, 389, 425, 454, 458, 463, 475, 476, 487, 498, 499, 512, 530, 531, 532, 533, 534, 536, 573, 589, 596, 598, 601, 605, 617, 620, 624, 646, 653, 658, 660, 662, 668, 689, 694, 702, 724, 725, 745, 760, 775, 793, 809, 829, 838, 839, 877, 901, 903, 905, 910, 923, 924, 925]","[1, 13, 14, 29, 54, 55, 56, 57, 58, 60, 102, 118, 125, 127, 130, 134, 146, 149, 153, 175, 182, 187, 189, 191, 197, 225, 230, 238, 264, 265, 266, 286, 302, 317, 336, 379, 388, 389, 425, 454, 458, 463, 475, 487, 498, 499, 512, 530, 531, 532, 533, 534, 536, 573, 589, 596, 598, 601, 605, 617, 620, 624, 646, 653, 658, 660, 662, 668, 689, 694, 702, 724, 725, 745, 760, 775, 793, 829, 838, 839, 877, 901, 903, 905, 910, 923]",0/6 successful match,False,,False,379,False,,1.0,True,TA Aurora # 056 ( Shell ),Shell
"Troutdale , 97060 Flying J Travel Plaza # 0500019",503-665-7741 I-84 Exit 17,45 D,Troutdale,97060,Flying J Travel Plaza # 0500019,503-665-7741,2006,Troutdale,OR,Flying J,,I-84 Exit 17,Exit,17,False,,False,I-84,,,,,[],[],[],"[38, 73, 143, 295, 519, 547, 614, 754]",[],"[402, 416, 422, 423, 465, 851, 867, 874, 875, 912]","[17, 18, 19, 20, 21, 22, 23, 156, 157, 158, 159, 160, 161, 162, 163, 164, 165, 166, 167, 341, 342, 343, 344, 345, 412, 413, 414, 415, 416, 417, 418, 419, 420, 421, 422, 502, 503, 504, 505, 506, 507, 628, 629, 630, 631, 632, 633, 634, 635, 636, 637, 638, 639, 792, 797, 798, 799, 800, 801, 863, 864, 865, 866, 867, 868, 869, 870, 871, 872, 873, 874]","[17, 18, 19, 20, 21, 22, 23, 156, 157, 158, 159, 160, 161, 162, 163, 164, 165, 166, 167, 168, 340, 341, 342, 343, 344, 345, 346, 412, 413, 414, 415, 416, 417, 418, 419, 420, 421, 422, 502, 503, 504, 505, 506, 507, 628, 629, 630, 631, 632, 633, 634, 635, 636, 637, 638, 639, 792, 796, 797, 798, 799, 800, 801, 863, 864, 865, 866, 867, 868, 869, 870, 871, 872, 873, 874]","[519, 17, 18, 19, 20, 21, 22, 23, 547, 38, 73, 614, 628, 629, 630, 631, 632, 633, 634, 635, 636, 637, 638, 639, 143, 156, 157, 158, 159, 160, 161, 162, 163, 164, 165, 166, 167, 168, 754, 792, 796, 797, 798, 799, 800, 801, 295, 851, 340, 341, 342, 343, 344, 345, 346, 863, 864, 865, 866, 867, 868, 869, 870, 871, 872, 873, 874, 875, 912, 402, 412, 413, 414, 415, 416, 417, 418, 419, 420, 421, 422, 423, 465, 502, 503, 504, 505, 506, 507]",False,[],[],[],"[38, 73, 143, 295, 519, 547, 614, 754]","[402, 416, 422, 423, 465, 851, 867, 874, 875, 912]","[17, 18, 19, 20, 21, 22, 23, 156, 157, 158, 159, 160, 161, 162, 163, 164, 165, 166, 167, 168, 340, 341, 342, 343, 344, 345, 346, 412, 413, 414, 415, 416, 417, 418, 419, 420, 421, 422, 502, 503, 504, 505, 506, 507, 628, 629, 630, 631, 632, 633, 634, 635, 636, 637, 638, 639, 792, 796, 797, 798, 799, 800, 801, 863, 864, 865, 866, 867, 868, 869, 870, 871, 872, 873, 874]","[17, 18, 19, 20, 21, 22, 23, 156, 157, 158, 159, 160, 161, 162, 163, 164, 165, 166, 167, 341, 342, 343, 344, 345, 412, 413, 414, 415, 416, 417, 418, 419, 420, 421, 422, 502, 503, 504, 505, 506, 507, 628, 629, 630, 631, 632, 633, 634, 635, 636, 637, 638, 639, 792, 797, 798, 799, 800, 801, 863, 864, 865, 866, 867, 868, 869, 870, 871, 872, 873, 874]",0/6 successful match,False,,False,380,False,,,,,
"B Troutdale , 97060 Flying J Travel Plaza # 0500019",3 503-665-7741 I-84 Exit 17,24 M,Troutdale,97060,Flying J Travel Plaza # 0500019,503-665-7741,2007,Troutdale,OR,Flying J,,I-84 Exit 17,Exit,17,False,,False,I-84,,,,,[],[],[],"[38, 73, 143, 295, 519, 547, 614, 754]",[],"[402, 416, 422, 423, 465, 851, 867, 874, 875, 912]","[17, 18, 19, 20, 21, 22, 23, 156, 157, 158, 159, 160, 161, 162, 163, 164, 165, 166, 167, 341, 342, 343, 344, 345, 412, 413, 414, 415, 416, 417, 418, 419, 420, 421, 422, 502, 503, 504, 505, 506, 507, 628, 629, 630, 631, 632, 633, 634, 635, 636, 637, 638, 639, 792, 797, 798, 799, 800, 801, 863, 864, 865, 866, 867, 868, 869, 870, 871, 872, 873, 874]","[17, 18, 19, 20, 21, 22, 23, 156, 157, 158, 159, 160, 161, 162, 163, 164, 165, 166, 167, 168, 340, 341, 342, 343, 344, 345, 346, 412, 413, 414, 415, 416, 417, 418, 419, 420, 421, 422, 502, 503, 504, 505, 506, 507, 628, 629, 630, 631, 632, 633, 634, 635, 636, 637, 638, 639, 792, 796, 797, 798, 799, 800, 801, 863, 864, 865, 866, 867, 868, 869, 870, 871, 872, 873, 874]","[519, 17, 18, 19, 20, 21, 22, 23, 547, 38, 73, 614, 628, 629, 630, 631, 632, 633, 634, 635, 636, 637, 638, 639, 143, 156, 157, 158, 159, 160, 161, 162, 163, 164, 165, 166, 167, 168, 754, 792, 796, 797, 798, 799, 800, 801, 295, 851, 340, 341, 342, 343, 344, 345, 346, 863, 864, 865, 866, 867, 868, 869, 870, 871, 872, 873, 874, 875, 912, 402, 412, 413, 414, 415, 416, 417, 418, 419, 420, 421, 422, 423, 465, 502, 503, 504, 505, 506, 507]",False,[],[],[],"[38, 73, 143, 295, 519, 547, 614, 754]","[402, 416, 422, 423, 465, 851, 867, 874, 875, 912]","[17, 18, 19, 20, 21, 22, 23, 156, 157, 158, 159, 160, 161, 162, 163, 164, 165, 166, 167, 168, 340, 341, 342, 343, 344, 345, 346, 412, 413, 414, 415, 416, 417, 418, 419, 420, 421, 422, 502, 503, 504, 505, 506, 507, 628, 629, 630, 631, 632, 633, 634, 635, 636, 637, 638, 639, 792, 796, 797, 798, 799, 800, 801, 863, 864, 865, 866, 867, 868, 869, 870, 871, 872, 873, 874]","[17, 18, 19, 20, 21, 22, 23, 156, 157, 158, 159, 160, 161, 162, 163, 164, 165, 166, 167, 341, 342, 343, 344, 345, 412, 413, 414, 415, 416, 417, 418, 419, 420, 421, 422, 502, 503, 504, 505, 506, 507, 628, 629, 630, 631, 632, 633, 634, 635, 636, 637, 638, 639, 792, 797, 798, 799, 800, 801, 863, 864, 865, 866, 867, 868, 869, 870, 871, 872, 873, 874]",0/6 successful match,False,,False,380,False,,1.0,True,Flying J Travel Plaza # 0500019,Flying J
"B Troutdale , 97060 J Travel Plaza # 0500019",503-665-7741 I-84 Flying Exit 17 #,24,Troutdale,97060,J Travel Plaza # 0500019,503-665-7741,2008,Troutdale,OR,,,I-84 Flying Exit 17 #,Exit,17,False,,False,I-84,,,,,[],[],[],"[38, 73, 143, 295, 519, 547, 614, 754]",[],"[402, 416, 422, 423, 465, 851, 867, 874, 875, 912]",[],[],"[416, 547, 867, 38, 519, 295, 73, 614, 422, 423, 874, 875, 143, 912, 465, 754, 402, 851]",False,[],[],[],"[38, 73, 143, 295, 519, 547, 614, 754]","[402, 416, 422, 423, 465, 851, 867, 874, 875, 912]",[],[],0/6 successful match,False,,False,380,False,,0.6618181818181819,True,Flying J Travel Plaza # 0500019,Flying J
B Troutdale ( 97060 ) Love's Travel Stop # 449,3 503-665-7741 I-84 Exit 17,24 XL,Troutdale,97060,Love's Travel Stop # 449,503-665-7741,2014,Troutdale,OR,Love's,,I-84 Exit 17,Exit,17,False,,False,I-84,,,,,[],[],[],"[38, 73, 143, 295, 519, 547, 614, 754]",[],"[402, 416, 422, 423, 465, 851, 867, 874, 875, 912]","[34, 35, 36, 37, 38, 39, 40, 41, 42, 43, 44, 45, 46, 47, 48, 201, 202, 203, 204, 205, 206, 207, 208, 209, 210, 211, 212, 213, 214, 215, 216, 355, 356, 357, 358, 359, 360, 361, 429, 430, 431, 432, 433, 434, 435, 515, 516, 517, 518, 519, 520, 521, 522, 523, 524, 525, 526, 527, 672, 673, 674, 675, 676, 677, 678, 679, 680, 681, 682, 683, 684, 810, 811, 812, 813, 814, 881, 882, 883, 884, 885, 886]","[32, 33, 34, 35, 36, 37, 38, 39, 40, 41, 42, 43, 44, 45, 46, 47, 48, 201, 202, 203, 204, 205, 206, 207, 208, 209, 210, 211, 212, 213, 214, 215, 216, 355, 356, 357, 358, 359, 360, 361, 429, 430, 431, 432, 433, 434, 435, 515, 516, 517, 518, 519, 520, 521, 522, 523, 524, 525, 526, 527, 672, 673, 674, 675, 676, 677, 678, 679, 680, 681, 682, 683, 684, 810, 811, 812, 813, 814, 881, 882, 883, 884, 885, 886]","[515, 516, 517, 518, 519, 520, 521, 522, 523, 524, 525, 526, 527, 32, 33, 34, 547, 35, 36, 38, 37, 39, 40, 41, 42, 43, 44, 45, 46, 47, 48, 73, 614, 143, 672, 673, 674, 675, 676, 677, 678, 679, 680, 681, 682, 683, 684, 201, 202, 203, 204, 205, 206, 207, 208, 209, 210, 211, 212, 213, 214, 215, 216, 754, 295, 810, 811, 812, 813, 814, 851, 867, 355, 356, 357, 358, 359, 360, 874, 875, 361, 881, 882, 883, 884, 885, 886, 912, 402, 416, 422, 423, 429, 430, 431, 432, 433, 434, 435, 465]",False,[],[],[],"[38, 73, 143, 295, 519, 547, 614, 754]","[402, 416, 422, 423, 465, 851, 867, 874, 875, 912]","[32, 33, 34, 35, 36, 37, 38, 39, 40, 41, 42, 43, 44, 45, 46, 47, 48, 201, 202, 203, 204, 205, 206, 207, 208, 209, 210, 211, 212, 213, 214, 215, 216, 355, 356, 357, 358, 359, 360, 361, 429, 430, 431, 432, 433, 434, 435, 515, 516, 517, 518, 519, 520, 521, 522, 523, 524, 525, 526, 527, 672, 673, 674, 675, 676, 677, 678, 679, 680, 681, 682, 683, 684, 810, 811, 812, 813, 814, 881, 882, 883, 884, 885, 886]","[34, 35, 36, 37, 38, 39, 40, 41, 42, 43, 44, 45, 46, 47, 48, 201, 202, 203, 204, 205, 206, 207, 208, 209, 210, 211, 212, 213, 214, 215, 216, 355, 356, 357, 358, 359, 360, 361, 429, 430, 431, 432, 433, 434, 435, 515, 516, 517, 518, 519, 520, 521, 522, 523, 524, 525, 526, 527, 672, 673, 674, 675, 676, 677, 678, 679, 680, 681, 682, 683, 684, 810, 811, 812, 813, 814, 881, 882, 883, 884, 885, 886]",0/6 successful match,False,,False,380,False,,0.2708333333333333,True,J Travel Plaza # 0500019,
B Troutdale ( 97060 ) Love's Travel Stop # 449,3 503-665-7741 I-84 Exit 17,24 XL,Troutdale,97060,Love's Travel Stop # 449,503-665-7741,2015,Troutdale,OR,Love's,,I-84 Exit 17,Exit,17,False,,False,I-84,,,,,[],[],[],"[38, 73, 143, 295, 519, 547, 614, 754]",[],"[402, 416, 422, 423, 465, 851, 867, 874, 875, 912]","[34, 35, 36, 37, 38, 39, 40, 41, 42, 43, 44, 45, 46, 47, 48, 201, 202, 203, 204, 205, 206, 207, 208, 209, 210, 211, 212, 213, 214, 215, 216, 355, 356, 357, 358, 359, 360, 361, 429, 430, 431, 432, 433, 434, 435, 515, 516, 517, 518, 519, 520, 521, 522, 523, 524, 525, 526, 527, 672, 673, 674, 675, 676, 677, 678, 679, 680, 681, 682, 683, 684, 810, 811, 812, 813, 814, 881, 882, 883, 884, 885, 886]","[32, 33, 34, 35, 36, 37, 38, 39, 40, 41, 42, 43, 44, 45, 46, 47, 48, 201, 202, 203, 204, 205, 206, 207, 208, 209, 210, 211, 212, 213, 214, 215, 216, 355, 356, 357, 358, 359, 360, 361, 429, 430, 431, 432, 433, 434, 435, 515, 516, 517, 518, 519, 520, 521, 522, 523, 524, 525, 526, 527, 672, 673, 674, 675, 676, 677, 678, 679, 680, 681, 682, 683, 684, 810, 811, 812, 813, 814, 881, 882, 883, 884, 885, 886]","[515, 516, 517, 518, 519, 520, 521, 522, 523, 524, 525, 526, 527, 32, 33, 34, 547, 35, 36, 38, 37, 39, 40, 41, 42, 43, 44, 45, 46, 47, 48, 73, 614, 143, 672, 673, 674, 675, 676, 677, 678, 679, 680, 681, 682, 683, 684, 201, 202, 203, 204, 205, 206, 207, 208, 209, 210, 211, 212, 213, 214, 215, 216, 754, 295, 810, 811, 812, 813, 814, 851, 867, 355, 356, 357, 358, 359, 360, 874, 875, 361, 881, 882, 883, 884, 885, 886, 912, 402, 416, 422, 423, 429, 430, 431, 432, 433, 434, 435, 465]",False,[],[],[],"[38, 73, 143, 295, 519, 547, 614, 754]","[402, 416, 422, 423, 465, 851, 867, 874, 875, 912]","[32, 33, 34, 35, 36, 37, 38, 39, 40, 41, 42, 43, 44, 45, 46, 47, 48, 201, 202, 203, 204, 205, 206, 207, 208, 209, 210, 211, 212, 213, 214, 215, 216, 355, 356, 357, 358, 359, 360, 361, 429, 430, 431, 432, 433, 434, 435, 515, 516, 517, 518, 519, 520, 521, 522, 523, 524, 525, 526, 527, 672, 673, 674, 675, 676, 677, 678, 679, 680, 681, 682, 683, 684, 810, 811, 812, 813, 814, 881, 882, 883, 884, 885, 886]","[34, 35, 36, 37, 38, 39, 40, 41, 42, 43, 44, 45, 46, 47, 48, 201, 202, 203, 204, 205, 206, 207, 208, 209, 210, 211, 212, 213, 214, 215, 216, 355, 356, 357, 358, 359, 360, 361, 429, 430, 431, 432, 433, 434, 435, 515, 516, 517, 518, 519, 520, 521, 522, 523, 524, 525, 526, 527, 672, 673, 674, 675, 676, 677, 678, 679, 680, 681, 682, 683, 684, 810, 811, 812, 813, 814, 881, 882, 883, 884, 885, 886]",0/6 successful match,False,,False,380,False,,1.0,True,Love's Travel Stop # 449,Love's
B Troutdale ( 97060 ) Love's Travel Stop # 449,3 503-665-7741 I-84 Exit 17,XLO FRS 24 FRIS 24,Troutdale,97060,Love's Travel Stop # 449,503-665-7741,2016,Troutdale,OR,Love's,,I-84 Exit 17,Exit,17,False,,False,I-84,,,,,[],[],[],"[38, 73, 143, 295, 519, 547, 614, 754]",[],"[402, 416, 422, 423, 465, 851, 867, 874, 875, 912]","[34, 35, 36, 37, 38, 39, 40, 41, 42, 43, 44, 45, 46, 47, 48, 201, 202, 203, 204, 205, 206, 207, 208, 209, 210, 211, 212, 213, 214, 215, 216, 355, 356, 357, 358, 359, 360, 361, 429, 430, 431, 432, 433, 434, 435, 515, 516, 517, 518, 519, 520, 521, 522, 523, 524, 525, 526, 527, 672, 673, 674, 675, 676, 677, 678, 679, 680, 681, 682, 683, 684, 810, 811, 812, 813, 814, 881, 882, 883, 884, 885, 886]","[32, 33, 34, 35, 36, 37, 38, 39, 40, 41, 42, 43, 44, 45, 46, 47, 48, 201, 202, 203, 204, 205, 206, 207, 208, 209, 210, 211, 212, 213, 214, 215, 216, 355, 356, 357, 358, 359, 360, 361, 429, 430, 431, 432, 433, 434, 435, 515, 516, 517, 518, 519, 520, 521, 522, 523, 524, 525, 526, 527, 672, 673, 674, 675, 676, 677, 678, 679, 680, 681, 682, 683, 684, 810, 811, 812, 813, 814, 881, 882, 883, 884, 885, 886]","[515, 516, 517, 518, 519, 520, 521, 522, 523, 524, 525, 526, 527, 32, 33, 34, 547, 35, 36, 38, 37, 39, 40, 41, 42, 43, 44, 45, 46, 47, 48, 73, 614, 143, 672, 673, 674, 675, 676, 677, 678, 679, 680, 681, 682, 683, 684, 201, 202, 203, 204, 205, 206, 207, 208, 209, 210, 211, 212, 213, 214, 215, 216, 754, 295, 810, 811, 812, 813, 814, 851, 867, 355, 356, 357, 358, 359, 360, 874, 875, 361, 881, 882, 883, 884, 885, 886, 912, 402, 416, 422, 423, 429, 430, 431, 432, 433, 434, 435, 465]",False,[],[],[],"[38, 73, 143, 295, 519, 547, 614, 754]","[402, 416, 422, 423, 465, 851, 867, 874, 875, 912]","[32, 33, 34, 35, 36, 37, 38, 39, 40, 41, 42, 43, 44, 45, 46, 47, 48, 201, 202, 203, 204, 205, 206, 207, 208, 209, 210, 211, 212, 213, 214, 215, 216, 355, 356, 357, 358, 359, 360, 361, 429, 430, 431, 432, 433, 434, 435, 515, 516, 517, 518, 519, 520, 521, 522, 523, 524, 525, 526, 527, 672, 673, 674, 675, 676, 677, 678, 679, 680, 681, 682, 683, 684, 810, 811, 812, 813, 814, 881, 882, 883, 884, 885, 886]","[34, 35, 36, 37, 38, 39, 40, 41, 42, 43, 44, 45, 46, 47, 48, 201, 202, 203, 204, 205, 206, 207, 208, 209, 210, 211, 212, 213, 214, 215, 216, 355, 356, 357, 358, 359, 360, 361, 429, 430, 431, 432, 433, 434, 435, 515, 516, 517, 518, 519, 520, 521, 522, 523, 524, 525, 526, 527, 672, 673, 674, 675, 676, 677, 678, 679, 680, 681, 682, 683, 684, 810, 811, 812, 813, 814, 881, 882, 883, 884, 885, 886]",0/6 successful match,False,,False,380,False,,1.0,True,Love's Travel Stop # 449,Love's
"Troutdale , 97060 TravelCenters of America ( Arco )",503-666-1588 I-84 Exit 17 ( NW Frontage Rd ),000,Troutdale,97060,TravelCenters of America ( Arco ),503-666-1588,2006,Troutdale,OR,TravelCenters,( NW Frontage Rd ),I-84 Exit 17 ,Exit,17,False,,False,I-84,,,,,[],[],[],"[38, 73, 143, 295, 519, 547, 614, 754]",[],"[402, 416, 422, 423, 465, 851, 867, 874, 875, 912]","[98, 476, 481, 569, 924, 925]","[0, 120, 122, 200, 223, 226, 315, 382, 485, 591, 593, 625, 671, 687, 690, 773, 832]","[0, 773, 519, 143, 912, 402, 924, 925, 671, 416, 547, 38, 295, 422, 423, 687, 690, 569, 315, 832, 200, 73, 591, 465, 593, 851, 476, 223, 481, 98, 867, 226, 485, 614, 874, 875, 625, 754, 120, 122, 382]",False,[],[],[],"[38, 73, 143, 295, 519, 547, 614, 754]","[402, 416, 422, 423, 465, 851, 867, 874, 875, 912]","[0, 120, 122, 200, 223, 226, 315, 382, 485, 591, 593, 625, 671, 687, 690, 773, 832]","[98, 476, 481, 569, 924, 925]",0/6 successful match,False,,False,381,False,,,,,
"B Troutdale , 97060 TravelCenters of America ( Arco )",503-666-1588 I-84 Exit 17 ( NW Frontage Rd ),RS R,Troutdale,97060,TravelCenters of America ( Arco ),503-666-1588,2007,Troutdale,OR,TravelCenters,( NW Frontage Rd ),I-84 Exit 17 ,Exit,17,False,,False,I-84,,,,,[],[],[],"[38, 73, 143, 295, 519, 547, 614, 754]",[],"[402, 416, 422, 423, 465, 851, 867, 874, 875, 912]","[98, 476, 481, 569, 924, 925]","[0, 120, 122, 200, 223, 226, 315, 382, 485, 591, 593, 625, 671, 687, 690, 773, 832]","[0, 773, 519, 143, 912, 402, 924, 925, 671, 416, 547, 38, 295, 422, 423, 687, 690, 569, 315, 832, 200, 73, 591, 465, 593, 851, 476, 223, 481, 98, 867, 226, 485, 614, 874, 875, 625, 754, 120, 122, 382]",False,[],[],[],"[38, 73, 143, 295, 519, 547, 614, 754]","[402, 416, 422, 423, 465, 851, 867, 874, 875, 912]","[0, 120, 122, 200, 223, 226, 315, 382, 485, 591, 593, 625, 671, 687, 690, 773, 832]","[98, 476, 481, 569, 924, 925]",0/6 successful match,False,,False,381,False,,1.0,True,TravelCenters of America ( Arco ),TravelCenters
"B Troutdale , 97060 TravelCenters of America ( Arco )",3 503-666-1588 I-84 Exit 17 ( NW Frontage Rd ),24 XL 24,Troutdale,97060,TravelCenters of America ( Arco ),503-666-1588,2008,Troutdale,OR,TravelCenters,( NW Frontage Rd ),I-84 Exit 17 ,Exit,17,False,,False,I-84,,,,,[],[],[],"[38, 73, 143, 295, 519, 547, 614, 754]",[],"[402, 416, 422, 423, 465, 851, 867, 874, 875, 912]","[98, 476, 481, 569, 924, 925]","[0, 120, 122, 200, 223, 226, 315, 382, 485, 591, 593, 625, 671, 687, 690, 773, 832]","[0, 773, 519, 143, 912, 402, 924, 925, 671, 416, 547, 38, 295, 422, 423, 687, 690, 569, 315, 832, 200, 73, 591, 465, 593, 851, 476, 223, 481, 98, 867, 226, 485, 614, 874, 875, 625, 754, 120, 122, 382]",False,[],[],[],"[38, 73, 143, 295, 519, 547, 614, 754]","[402, 416, 422, 423, 465, 851, 867, 874, 875, 912]","[0, 120, 122, 200, 223, 226, 315, 382, 485, 591, 593, 625, 671, 687, 690, 773, 832]","[98, 476, 481, 569, 924, 925]",0/6 successful match,False,,False,381,False,,1.0,True,TravelCenters of America ( Arco ),TravelCenters
B Troutdale ( 97060 ) TA Troutdale # 183 ( Shell ),3 503-666-1588 I-84 Exit 17 ( NW Frontage Rd EB ),24 <U+2610> XL 24,Troutdale,97060,TA Troutdale # 183 ( Shell ),503-666-1588,2014,Troutdale,OR,Shell,( NW Frontage Rd EB ),I-84 Exit 17 ,Exit,17,False,,False,I-84,,,,,[],[],[],"[38, 73, 143, 295, 519, 547, 614, 754]",[],"[402, 416, 422, 423, 465, 851, 867, 874, 875, 912]","[1, 13, 14, 29, 54, 55, 56, 57, 58, 60, 102, 118, 125, 127, 130, 134, 146, 149, 153, 175, 182, 187, 189, 191, 197, 225, 230, 238, 264, 265, 266, 286, 302, 317, 336, 379, 388, 389, 425, 454, 458, 463, 475, 487, 498, 499, 512, 530, 531, 532, 533, 534, 536, 573, 589, 596, 598, 601, 605, 617, 620, 624, 646, 653, 658, 660, 662, 668, 689, 694, 702, 724, 725, 745, 760, 775, 793, 829, 838, 839, 877, 901, 903, 905, 910, 923]","[1, 13, 14, 29, 54, 55, 56, 57, 58, 60, 102, 118, 125, 127, 130, 134, 146, 149, 153, 175, 182, 187, 189, 191, 197, 225, 230, 238, 264, 265, 266, 286, 301, 302, 317, 336, 354, 379, 388, 389, 425, 454, 458, 463, 475, 476, 487, 498, 499, 512, 530, 531, 532, 533, 534, 536, 573, 589, 596, 598, 601, 605, 617, 620, 624, 646, 653, 658, 660, 662, 668, 689, 694, 702, 724, 725, 745, 760, 775, 793, 809, 829, 838, 839, 877, 901, 903, 905, 910, 923, 924, 925]","[512, 1, 519, 13, 14, 530, 531, 532, 533, 534, 536, 29, 547, 38, 54, 55, 56, 57, 58, 60, 573, 73, 589, 596, 598, 601, 605, 614, 102, 617, 620, 624, 118, 125, 127, 130, 134, 646, 653, 143, 146, 658, 660, 149, 662, 153, 668, 175, 689, 182, 694, 187, 189, 702, 191, 197, 724, 725, 225, 230, 745, 238, 754, 760, 775, 264, 265, 266, 793, 286, 295, 809, 301, 302, 317, 829, 838, 839, 336, 851, 354, 867, 874, 875, 877, 379, 388, 389, 901, 903, 905, 910, 912, 402, 923, 924, 925, 416, 422, 423, 425, 454, 458, 463, 465, 475, 476, 487, 498, 499]",False,[],[],[],"[38, 73, 143, 295, 519, 547, 614, 754]","[402, 416, 422, 423, 465, 851, 867, 874, 875, 912]","[1, 13, 14, 29, 54, 55, 56, 57, 58, 60, 102, 118, 125, 127, 130, 134, 146, 149, 153, 175, 182, 187, 189, 191, 197, 225, 230, 238, 264, 265, 266, 286, 301, 302, 317, 336, 354, 379, 388, 389, 425, 454, 458, 463, 475, 476, 487, 498, 499, 512, 530, 531, 532, 533, 534, 536, 573, 589, 596, 598, 601, 605, 617, 620, 624, 646, 653, 658, 660, 662, 668, 689, 694, 702, 724, 725, 745, 760, 775, 793, 809, 829, 838, 839, 877, 901, 903, 905, 910, 923, 924, 925]","[1, 13, 14, 29, 54, 55, 56, 57, 58, 60, 102, 118, 125, 127, 130, 134, 146, 149, 153, 175, 182, 187, 189, 191, 197, 225, 230, 238, 264, 265, 266, 286, 302, 317, 336, 379, 388, 389, 425, 454, 458, 463, 475, 487, 498, 499, 512, 530, 531, 532, 533, 534, 536, 573, 589, 596, 598, 601, 605, 617, 620, 624, 646, 653, 658, 660, 662, 668, 689, 694, 702, 724, 725, 745, 760, 775, 793, 829, 838, 839, 877, 901, 903, 905, 910, 923]",0/6 successful match,False,,False,381,True,2014,0.16393442622950818,False,TravelCenters of America ( Arco ),TravelCenters
B Troutdale ( 97060 ) TA Troutdale # 183 ( Shell ),3 503-666-1588 I-84 Exit 17 ( NW Frontage Rd EB ) TA,24 XLO NES 24,Troutdale,97060,TA Troutdale # 183 ( Shell ),503-666-1588,2015,Troutdale,OR,Shell,( NW Frontage Rd EB ) TA,I-84 Exit 17 ,Exit,17,False,,False,I-84,,,,,[],[],[],"[38, 73, 143, 295, 519, 547, 614, 754]",[],"[402, 416, 422, 423, 465, 851, 867, 874, 875, 912]","[1, 13, 14, 29, 54, 55, 56, 57, 58, 60, 102, 118, 125, 127, 130, 134, 146, 149, 153, 175, 182, 187, 189, 191, 197, 225, 230, 238, 264, 265, 266, 286, 302, 317, 336, 379, 388, 389, 425, 454, 458, 463, 475, 487, 498, 499, 512, 530, 531, 532, 533, 534, 536, 573, 589, 596, 598, 601, 605, 617, 620, 624, 646, 653, 658, 660, 662, 668, 689, 694, 702, 724, 725, 745, 760, 775, 793, 829, 838, 839, 877, 901, 903, 905, 910, 923]","[1, 13, 14, 29, 54, 55, 56, 57, 58, 60, 102, 118, 125, 127, 130, 134, 146, 149, 153, 175, 182, 187, 189, 191, 197, 225, 230, 238, 264, 265, 266, 286, 301, 302, 317, 336, 354, 379, 388, 389, 425, 454, 458, 463, 475, 476, 487, 498, 499, 512, 530, 531, 532, 533, 534, 536, 573, 589, 596, 598, 601, 605, 617, 620, 624, 646, 653, 658, 660, 662, 668, 689, 694, 702, 724, 725, 745, 760, 775, 793, 809, 829, 838, 839, 877, 901, 903, 905, 910, 923, 924, 925]","[512, 1, 519, 13, 14, 530, 531, 532, 533, 534, 536, 29, 547, 38, 54, 55, 56, 57, 58, 60, 573, 73, 589, 596, 598, 601, 605, 614, 102, 617, 620, 624, 118, 125, 127, 130, 134, 646, 653, 143, 146, 658, 660, 149, 662, 153, 668, 175, 689, 182, 694, 187, 189, 702, 191, 197, 724, 725, 225, 230, 745, 238, 754, 760, 775, 264, 265, 266, 793, 286, 295, 809, 301, 302, 317, 829, 838, 839, 336, 851, 354, 867, 874, 875, 877, 379, 388, 389, 901, 903, 905, 910, 912, 402, 923, 924, 925, 416, 422, 423, 425, 454, 458, 463, 465, 475, 476, 487, 498, 499]",False,[],[],[],"[38, 73, 143, 295, 519, 547, 614, 754]","[402, 416, 422, 423, 465, 851, 867, 874, 875, 912]","[1, 13, 14, 29, 54, 55, 56, 57, 58, 60, 102, 118, 125, 127, 130, 134, 146, 149, 153, 175, 182, 187, 189, 191, 197, 225, 230, 238, 264, 265, 266, 286, 301, 302, 317, 336, 354, 379, 388, 389, 425, 454, 458, 463, 475, 476, 487, 498, 499, 512, 530, 531, 532, 533, 534, 536, 573, 589, 596, 598, 601, 605, 617, 620, 624, 646, 653, 658, 660, 662, 668, 689, 694, 702, 724, 725, 745, 760, 775, 793, 809, 829, 838, 839, 877, 901, 903, 905, 910, 923, 924, 925]","[1, 13, 14, 29, 54, 55, 56, 57, 58, 60, 102, 118, 125, 127, 130, 134, 146, 149, 153, 175, 182, 187, 189, 191, 197, 225, 230, 238, 264, 265, 266, 286, 302, 317, 336, 379, 388, 389, 425, 454, 458, 463, 475, 487, 498, 499, 512, 530, 531, 532, 533, 534, 536, 573, 589, 596, 598, 601, 605, 617, 620, 624, 646, 653, 658, 660, 662, 668, 689, 694, 702, 724, 725, 745, 760, 775, 793, 829, 838, 839, 877, 901, 903, 905, 910, 923]",0/6 successful match,False,,False,381,False,,1.0,True,TA Troutdale # 183 ( Shell ),Shell
B Troutdale ( 97060 ) TA Troutdale # 183 ( Shell ) A,503-666-1588 I-84 Exit 17 ( NW Frontage Rd EB ),A 24 24 XL 24 <U+2610> <U+2610> <U+2610>,Troutdale,97060,TA Troutdale # 183 ( Shell ) A,503-666-1588,2016,Troutdale,OR,Shell,( NW Frontage Rd EB ),I-84 Exit 17 ,Exit,17,False,,False,I-84,,,,,[],[],[],"[38, 73, 143, 295, 519, 547, 614, 754]",[],"[402, 416, 422, 423, 465, 851, 867, 874, 875, 912]","[1, 13, 14, 29, 54, 55, 56, 57, 58, 60, 102, 118, 125, 127, 130, 134, 146, 149, 153, 175, 182, 187, 189, 191, 197, 225, 230, 238, 264, 265, 266, 286, 302, 317, 336, 379, 388, 389, 425, 454, 458, 463, 475, 487, 498, 499, 512, 530, 531, 532, 533, 534, 536, 573, 589, 596, 598, 601, 605, 617, 620, 624, 646, 653, 658, 660, 662, 668, 689, 694, 702, 724, 725, 745, 760, 775, 793, 829, 838, 839, 877, 901, 903, 905, 910, 923]","[1, 13, 14, 29, 54, 55, 56, 57, 58, 60, 102, 118, 125, 127, 130, 134, 146, 149, 153, 175, 182, 187, 189, 191, 197, 225, 230, 238, 264, 265, 266, 286, 301, 302, 317, 336, 354, 379, 388, 389, 425, 454, 458, 463, 475, 476, 487, 498, 499, 512, 530, 531, 532, 533, 534, 536, 573, 589, 596, 598, 601, 605, 617, 620, 624, 646, 653, 658, 660, 662, 668, 689, 694, 702, 724, 725, 745, 760, 775, 793, 809, 829, 838, 839, 877, 901, 903, 905, 910, 923, 924, 925]","[512, 1, 519, 13, 14, 530, 531, 532, 533, 534, 536, 29, 547, 38, 54, 55, 56, 57, 58, 60, 573, 73, 589, 596, 598, 601, 605, 614, 102, 617, 620, 624, 118, 125, 127, 130, 134, 646, 653, 143, 146, 658, 660, 149, 662, 153, 668, 175, 689, 182, 694, 187, 189, 702, 191, 197, 724, 725, 225, 230, 745, 238, 754, 760, 775, 264, 265, 266, 793, 286, 295, 809, 301, 302, 317, 829, 838, 839, 336, 851, 354, 867, 874, 875, 877, 379, 388, 389, 901, 903, 905, 910, 912, 402, 923, 924, 925, 416, 422, 423, 425, 454, 458, 463, 465, 475, 476, 487, 498, 499]",False,[],[],[],"[38, 73, 143, 295, 519, 547, 614, 754]","[402, 416, 422, 423, 465, 851, 867, 874, 875, 912]","[1, 13, 14, 29, 54, 55, 56, 57, 58, 60, 102, 118, 125, 127, 130, 134, 146, 149, 153, 175, 182, 187, 189, 191, 197, 225, 230, 238, 264, 265, 266, 286, 301, 302, 317, 336, 354, 379, 388, 389, 425, 454, 458, 463, 475, 476, 487, 498, 499, 512, 530, 531, 532, 533, 534, 536, 573, 589, 596, 598, 601, 605, 617, 620, 624, 646, 653, 658, 660, 662, 668, 689, 694, 702, 724, 725, 745, 760, 775, 793, 809, 829, 838, 839, 877, 901, 903, 905, 910, 923, 924, 925]","[1, 13, 14, 29, 54, 55, 56, 57, 58, 60, 102, 118, 125, 127, 130, 134, 146, 149, 153, 175, 182, 187, 189, 191, 197, 225, 230, 238, 264, 265, 266, 286, 302, 317, 336, 379, 388, 389, 425, 454, 458, 463, 475, 487, 498, 499, 512, 530, 531, 532, 533, 534, 536, 573, 589, 596, 598, 601, 605, 617, 620, 624, 646, 653, 658, 660, 662, 668, 689, 694, 702, 724, 725, 745, 760, 775, 793, 829, 838, 839, 877, 901, 903, 905, 910, 923]",0/6 successful match,False,,False,381,False,,1.0,True,TA Troutdale # 183 ( Shell ),Shell
"Biggs Junction , 97065 Pilot Travel Center # 195",541-739-2174 I-84 Exit 104 ( US 97 ),HRS LO XL,Biggs Junction,97065,Pilot Travel Center # 195,541-739-2174,2006,Wasco,OR,Pilot,( US 97 ),I-84 Exit 104 ,Exit,104,False,,False,I-84,,,,,[],[],[],[],[],"[402, 416, 422, 423, 465, 851, 867, 874, 875, 912]","[15, 16, 65, 66, 67, 68, 69, 70, 71, 72, 73, 74, 75, 76, 80, 151, 245, 246, 247, 248, 249, 250, 251, 252, 253, 254, 255, 256, 257, 258, 259, 280, 340, 373, 374, 375, 376, 377, 459, 460, 461, 462, 500, 501, 539, 540, 541, 542, 543, 544, 545, 546, 547, 548, 549, 550, 552, 622, 708, 709, 710, 711, 712, 713, 714, 715, 716, 717, 718, 719, 720, 739, 796, 823, 824, 825, 826, 827, 906, 907, 908, 909]","[15, 16, 65, 66, 67, 68, 69, 70, 71, 72, 73, 74, 75, 76, 77, 78, 80, 151, 244, 245, 246, 247, 248, 249, 250, 251, 252, 253, 254, 255, 256, 257, 258, 259, 260, 280, 340, 373, 374, 375, 376, 377, 459, 460, 461, 462, 500, 501, 539, 540, 541, 542, 543, 544, 545, 546, 547, 548, 549, 550, 552, 622, 708, 709, 710, 711, 712, 713, 714, 715, 716, 717, 718, 719, 720, 739, 796, 823, 824, 825, 826, 827, 906, 907, 908, 909]","[15, 16, 539, 540, 541, 542, 543, 544, 545, 546, 547, 548, 549, 550, 552, 65, 66, 67, 68, 69, 70, 71, 72, 73, 74, 75, 76, 77, 78, 80, 622, 151, 708, 709, 710, 711, 712, 713, 714, 715, 716, 717, 718, 719, 720, 739, 244, 245, 246, 247, 248, 249, 250, 251, 252, 253, 254, 255, 256, 257, 258, 259, 260, 280, 796, 823, 824, 825, 826, 827, 851, 340, 867, 874, 875, 373, 374, 375, 376, 377, 906, 907, 908, 909, 912, 402, 416, 422, 423, 459, 460, 461, 462, 465, 500, 501]",False,[],[],[],[],"[402, 416, 422, 423, 465, 851, 867, 874, 875, 912]","[15, 16, 65, 66, 67, 68, 69, 70, 71, 72, 73, 74, 75, 76, 77, 78, 80, 151, 244, 245, 246, 247, 248, 249, 250, 251, 252, 253, 254, 255, 256, 257, 258, 259, 260, 280, 340, 373, 374, 375, 376, 377, 459, 460, 461, 462, 500, 501, 539, 540, 541, 542, 543, 544, 545, 546, 547, 548, 549, 550, 552, 622, 708, 709, 710, 711, 712, 713, 714, 715, 716, 717, 718, 719, 720, 739, 796, 823, 824, 825, 826, 827, 906, 907, 908, 909]","[15, 16, 65, 66, 67, 68, 69, 70, 71, 72, 73, 74, 75, 76, 80, 151, 245, 246, 247, 248, 249, 250, 251, 252, 253, 254, 255, 256, 257, 258, 259, 280, 340, 373, 374, 375, 376, 377, 459, 460, 461, 462, 500, 501, 539, 540, 541, 542, 543, 544, 545, 546, 547, 548, 549, 550, 552, 622, 708, 709, 710, 711, 712, 713, 714, 715, 716, 717, 718, 719, 720, 739, 796, 823, 824, 825, 826, 827, 906, 907, 908, 909]",0/6 successful match,False,,False,382,False,,,,,
"B Biggs Junction , 97065 Pilot Travel Center # 195",541-739-2174 I-84 Exit 104 ( US 97 ),24 HRS L,Biggs Junction,97065,Pilot Travel Center # 195,541-739-2174,2007,Wasco,OR,Pilot,( US 97 ),I-84 Exit 104 ,Exit,104,False,,False,I-84,,,,,[],[],[],[],[],"[402, 416, 422, 423, 465, 851, 867, 874, 875, 912]","[15, 16, 65, 66, 67, 68, 69, 70, 71, 72, 73, 74, 75, 76, 80, 151, 245, 246, 247, 248, 249, 250, 251, 252, 253, 254, 255, 256, 257, 258, 259, 280, 340, 373, 374, 375, 376, 377, 459, 460, 461, 462, 500, 501, 539, 540, 541, 542, 543, 544, 545, 546, 547, 548, 549, 550, 552, 622, 708, 709, 710, 711, 712, 713, 714, 715, 716, 717, 718, 719, 720, 739, 796, 823, 824, 825, 826, 827, 906, 907, 908, 909]","[15, 16, 65, 66, 67, 68, 69, 70, 71, 72, 73, 74, 75, 76, 77, 78, 80, 151, 244, 245, 246, 247, 248, 249, 250, 251, 252, 253, 254, 255, 256, 257, 258, 259, 260, 280, 340, 373, 374, 375, 376, 377, 459, 460, 461, 462, 500, 501, 539, 540, 541, 542, 543, 544, 545, 546, 547, 548, 549, 550, 552, 622, 708, 709, 710, 711, 712, 713, 714, 715, 716, 717, 718, 719, 720, 739, 796, 823, 824, 825, 826, 827, 906, 907, 908, 909]","[15, 16, 539, 540, 541, 542, 543, 544, 545, 546, 547, 548, 549, 550, 552, 65, 66, 67, 68, 69, 70, 71, 72, 73, 74, 75, 76, 77, 78, 80, 622, 151, 708, 709, 710, 711, 712, 713, 714, 715, 716, 717, 718, 719, 720, 739, 244, 245, 246, 247, 248, 249, 250, 251, 252, 253, 254, 255, 256, 257, 258, 259, 260, 280, 796, 823, 824, 825, 826, 827, 851, 340, 867, 874, 875, 373, 374, 375, 376, 377, 906, 907, 908, 909, 912, 402, 416, 422, 423, 459, 460, 461, 462, 465, 500, 501]",False,[],[],[],[],"[402, 416, 422, 423, 465, 851, 867, 874, 875, 912]","[15, 16, 65, 66, 67, 68, 69, 70, 71, 72, 73, 74, 75, 76, 77, 78, 80, 151, 244, 245, 246, 247, 248, 249, 250, 251, 252, 253, 254, 255, 256, 257, 258, 259, 260, 280, 340, 373, 374, 375, 376, 377, 459, 460, 461, 462, 500, 501, 539, 540, 541, 542, 543, 544, 545, 546, 547, 548, 549, 550, 552, 622, 708, 709, 710, 711, 712, 713, 714, 715, 716, 717, 718, 719, 720, 739, 796, 823, 824, 825, 826, 827, 906, 907, 908, 909]","[15, 16, 65, 66, 67, 68, 69, 70, 71, 72, 73, 74, 75, 76, 80, 151, 245, 246, 247, 248, 249, 250, 251, 252, 253, 254, 255, 256, 257, 258, 259, 280, 340, 373, 374, 375, 376, 377, 459, 460, 461, 462, 500, 501, 539, 540, 541, 542, 543, 544, 545, 546, 547, 548, 549, 550, 552, 622, 708, 709, 710, 711, 712, 713, 714, 715, 716, 717, 718, 719, 720, 739, 796, 823, 824, 825, 826, 827, 906, 907, 908, 909]",0/6 successful match,False,,False,382,False,,1.0,True,Pilot Travel Center # 195,Pilot
"Biggs Junction , 97065 Pilot Travel Center # 195",4 541-739-2174 I-84 Exit 104 ( US 97 ),24 M <U+2610> <U+2610><U+2610><U+2610>,Biggs Junction,97065,Pilot Travel Center # 195,541-739-2174,2008,Wasco,OR,Pilot,( US 97 ),I-84 Exit 104 ,Exit,104,False,,False,I-84,,,,,[],[],[],[],[],"[402, 416, 422, 423, 465, 851, 867, 874, 875, 912]","[15, 16, 65, 66, 67, 68, 69, 70, 71, 72, 73, 74, 75, 76, 80, 151, 245, 246, 247, 248, 249, 250, 251, 252, 253, 254, 255, 256, 257, 258, 259, 280, 340, 373, 374, 375, 376, 377, 459, 460, 461, 462, 500, 501, 539, 540, 541, 542, 543, 544, 545, 546, 547, 548, 549, 550, 552, 622, 708, 709, 710, 711, 712, 713, 714, 715, 716, 717, 718, 719, 720, 739, 796, 823, 824, 825, 826, 827, 906, 907, 908, 909]","[15, 16, 65, 66, 67, 68, 69, 70, 71, 72, 73, 74, 75, 76, 77, 78, 80, 151, 244, 245, 246, 247, 248, 249, 250, 251, 252, 253, 254, 255, 256, 257, 258, 259, 260, 280, 340, 373, 374, 375, 376, 377, 459, 460, 461, 462, 500, 501, 539, 540, 541, 542, 543, 544, 545, 546, 547, 548, 549, 550, 552, 622, 708, 709, 710, 711, 712, 713, 714, 715, 716, 717, 718, 719, 720, 739, 796, 823, 824, 825, 826, 827, 906, 907, 908, 909]","[15, 16, 539, 540, 541, 542, 543, 544, 545, 546, 547, 548, 549, 550, 552, 65, 66, 67, 68, 69, 70, 71, 72, 73, 74, 75, 76, 77, 78, 80, 622, 151, 708, 709, 710, 711, 712, 713, 714, 715, 716, 717, 718, 719, 720, 739, 244, 245, 246, 247, 248, 249, 250, 251, 252, 253, 254, 255, 256, 257, 258, 259, 260, 280, 796, 823, 824, 825, 826, 827, 851, 340, 867, 874, 875, 373, 374, 375, 376, 377, 906, 907, 908, 909, 912, 402, 416, 422, 423, 459, 460, 461, 462, 465, 500, 501]",False,[],[],[],[],"[402, 416, 422, 423, 465, 851, 867, 874, 875, 912]","[15, 16, 65, 66, 67, 68, 69, 70, 71, 72, 73, 74, 75, 76, 77, 78, 80, 151, 244, 245, 246, 247, 248, 249, 250, 251, 252, 253, 254, 255, 256, 257, 258, 259, 260, 280, 340, 373, 374, 375, 376, 377, 459, 460, 461, 462, 500, 501, 539, 540, 541, 542, 543, 544, 545, 546, 547, 548, 549, 550, 552, 622, 708, 709, 710, 711, 712, 713, 714, 715, 716, 717, 718, 719, 720, 739, 796, 823, 824, 825, 826, 827, 906, 907, 908, 909]","[15, 16, 65, 66, 67, 68, 69, 70, 71, 72, 73, 74, 75, 76, 80, 151, 245, 246, 247, 248, 249, 250, 251, 252, 253, 254, 255, 256, 257, 258, 259, 280, 340, 373, 374, 375, 376, 377, 459, 460, 461, 462, 500, 501, 539, 540, 541, 542, 543, 544, 545, 546, 547, 548, 549, 550, 552, 622, 708, 709, 710, 711, 712, 713, 714, 715, 716, 717, 718, 719, 720, 739, 796, 823, 824, 825, 826, 827, 906, 907, 908, 909]",0/6 successful match,False,,False,382,False,,1.0,True,Pilot Travel Center # 195,Pilot
B Biggs Junction ( 97065 ) Pilot Travel Center # 195,4 541-739-2174 I-84 Exit 104 ( US 97 ),PRO 24 M,Biggs Junction,97065,Pilot Travel Center # 195,541-739-2174,2014,Wasco,OR,Pilot,( US 97 ),I-84 Exit 104 ,Exit,104,False,,False,I-84,,,,,[],[],[],[],[],"[402, 416, 422, 423, 465, 851, 867, 874, 875, 912]","[15, 16, 65, 66, 67, 68, 69, 70, 71, 72, 73, 74, 75, 76, 80, 151, 245, 246, 247, 248, 249, 250, 251, 252, 253, 254, 255, 256, 257, 258, 259, 280, 340, 373, 374, 375, 376, 377, 459, 460, 461, 462, 500, 501, 539, 540, 541, 542, 543, 544, 545, 546, 547, 548, 549, 550, 552, 622, 708, 709, 710, 711, 712, 713, 714, 715, 716, 717, 718, 719, 720, 739, 796, 823, 824, 825, 826, 827, 906, 907, 908, 909]","[15, 16, 65, 66, 67, 68, 69, 70, 71, 72, 73, 74, 75, 76, 77, 78, 80, 151, 244, 245, 246, 247, 248, 249, 250, 251, 252, 253, 254, 255, 256, 257, 258, 259, 260, 280, 340, 373, 374, 375, 376, 377, 459, 460, 461, 462, 500, 501, 539, 540, 541, 542, 543, 544, 545, 546, 547, 548, 549, 550, 552, 622, 708, 709, 710, 711, 712, 713, 714, 715, 716, 717, 718, 719, 720, 739, 796, 823, 824, 825, 826, 827, 906, 907, 908, 909]","[15, 16, 539, 540, 541, 542, 543, 544, 545, 546, 547, 548, 549, 550, 552, 65, 66, 67, 68, 69, 70, 71, 72, 73, 74, 75, 76, 77, 78, 80, 622, 151, 708, 709, 710, 711, 712, 713, 714, 715, 716, 717, 718, 719, 720, 739, 244, 245, 246, 247, 248, 249, 250, 251, 252, 253, 254, 255, 256, 257, 258, 259, 260, 280, 796, 823, 824, 825, 826, 827, 851, 340, 867, 874, 875, 373, 374, 375, 376, 377, 906, 907, 908, 909, 912, 402, 416, 422, 423, 459, 460, 461, 462, 465, 500, 501]",False,[],[],[],[],"[402, 416, 422, 423, 465, 851, 867, 874, 875, 912]","[15, 16, 65, 66, 67, 68, 69, 70, 71, 72, 73, 74, 75, 76, 77, 78, 80, 151, 244, 245, 246, 247, 248, 249, 250, 251, 252, 253, 254, 255, 256, 257, 258, 259, 260, 280, 340, 373, 374, 375, 376, 377, 459, 460, 461, 462, 500, 501, 539, 540, 541, 542, 543, 544, 545, 546, 547, 548, 549, 550, 552, 622, 708, 709, 710, 711, 712, 713, 714, 715, 716, 717, 718, 719, 720, 739, 796, 823, 824, 825, 826, 827, 906, 907, 908, 909]","[15, 16, 65, 66, 67, 68, 69, 70, 71, 72, 73, 74, 75, 76, 80, 151, 245, 246, 247, 248, 249, 250, 251, 252, 253, 254, 255, 256, 257, 258, 259, 280, 340, 373, 374, 375, 376, 377, 459, 460, 461, 462, 500, 501, 539, 540, 541, 542, 543, 544, 545, 546, 547, 548, 549, 550, 552, 622, 708, 709, 710, 711, 712, 713, 714, 715, 716, 717, 718, 719, 720, 739, 796, 823, 824, 825, 826, 827, 906, 907, 908, 909]",0/6 successful match,False,,False,382,False,,1.0,True,Pilot Travel Center # 195,Pilot
B Biggs Junction ( 97065 ) Pilot Travel Center # 195 St ),541-739-2174 I-84 Exit 104 ( US 97 ) Pilat,24 M <U+2610><U+2610><U+2610><U+2610> <U+2610>,Biggs Junction,97065,Pilot Travel Center # 195 St ),541-739-2174,2015,Wasco,OR,Pilot,( US 97 ) Pilat,I-84 Exit 104 ,Exit,104,False,,False,I-84,,,,,[],[],[],[],[],"[402, 416, 422, 423, 465, 851, 867, 874, 875, 912]","[15, 16, 65, 66, 67, 68, 69, 70, 71, 72, 73, 74, 75, 76, 80, 151, 245, 246, 247, 248, 249, 250, 251, 252, 253, 254, 255, 256, 257, 258, 259, 280, 340, 373, 374, 375, 376, 377, 459, 460, 461, 462, 500, 501, 539, 540, 541, 542, 543, 544, 545, 546, 547, 548, 549, 550, 552, 622, 708, 709, 710, 711, 712, 713, 714, 715, 716, 717, 718, 719, 720, 739, 796, 823, 824, 825, 826, 827, 906, 907, 908, 909]","[15, 16, 65, 66, 67, 68, 69, 70, 71, 72, 73, 74, 75, 76, 77, 78, 80, 151, 244, 245, 246, 247, 248, 249, 250, 251, 252, 253, 254, 255, 256, 257, 258, 259, 260, 280, 340, 373, 374, 375, 376, 377, 459, 460, 461, 462, 500, 501, 539, 540, 541, 542, 543, 544, 545, 546, 547, 548, 549, 550, 552, 622, 708, 709, 710, 711, 712, 713, 714, 715, 716, 717, 718, 719, 720, 739, 796, 823, 824, 825, 826, 827, 906, 907, 908, 909]","[15, 16, 539, 540, 541, 542, 543, 544, 545, 546, 547, 548, 549, 550, 552, 65, 66, 67, 68, 69, 70, 71, 72, 73, 74, 75, 76, 77, 78, 80, 622, 151, 708, 709, 710, 711, 712, 713, 714, 715, 716, 717, 718, 719, 720, 739, 244, 245, 246, 247, 248, 249, 250, 251, 252, 253, 254, 255, 256, 257, 258, 259, 260, 280, 796, 823, 824, 825, 826, 827, 851, 340, 867, 874, 875, 373, 374, 375, 376, 377, 906, 907, 908, 909, 912, 402, 416, 422, 423, 459, 460, 461, 462, 465, 500, 501]",False,[],[],[],[],"[402, 416, 422, 423, 465, 851, 867, 874, 875, 912]","[15, 16, 65, 66, 67, 68, 69, 70, 71, 72, 73, 74, 75, 76, 77, 78, 80, 151, 244, 245, 246, 247, 248, 249, 250, 251, 252, 253, 254, 255, 256, 257, 258, 259, 260, 280, 340, 373, 374, 375, 376, 377, 459, 460, 461, 462, 500, 501, 539, 540, 541, 542, 543, 544, 545, 546, 547, 548, 549, 550, 552, 622, 708, 709, 710, 711, 712, 713, 714, 715, 716, 717, 718, 719, 720, 739, 796, 823, 824, 825, 826, 827, 906, 907, 908, 909]","[15, 16, 65, 66, 67, 68, 69, 70, 71, 72, 73, 74, 75, 76, 80, 151, 245, 246, 247, 248, 249, 250, 251, 252, 253, 254, 255, 256, 257, 258, 259, 280, 340, 373, 374, 375, 376, 377, 459, 460, 461, 462, 500, 501, 539, 540, 541, 542, 543, 544, 545, 546, 547, 548, 549, 550, 552, 622, 708, 709, 710, 711, 712, 713, 714, 715, 716, 717, 718, 719, 720, 739, 796, 823, 824, 825, 826, 827, 906, 907, 908, 909]",0/6 successful match,False,,False,382,False,,1.0,True,Pilot Travel Center # 195,Pilot
Biggs Junction ( 97065 ) Pilot Travel Center # 195 ),541-739-2174 I-84 Exit 104 ( US 97 ),Pilot 24 <U+2610> M 24,Biggs Junction,97065,Pilot Travel Center # 195 ),541-739-2174,2016,Wasco,OR,Pilot,( US 97 ),I-84 Exit 104 ,Exit,104,False,,False,I-84,,,,,[],[],[],[],[],"[402, 416, 422, 423, 465, 851, 867, 874, 875, 912]","[15, 16, 65, 66, 67, 68, 69, 70, 71, 72, 73, 74, 75, 76, 80, 151, 245, 246, 247, 248, 249, 250, 251, 252, 253, 254, 255, 256, 257, 258, 259, 280, 340, 373, 374, 375, 376, 377, 459, 460, 461, 462, 500, 501, 539, 540, 541, 542, 543, 544, 545, 546, 547, 548, 549, 550, 552, 622, 708, 709, 710, 711, 712, 713, 714, 715, 716, 717, 718, 719, 720, 739, 796, 823, 824, 825, 826, 827, 906, 907, 908, 909]","[15, 16, 65, 66, 67, 68, 69, 70, 71, 72, 73, 74, 75, 76, 77, 78, 80, 151, 244, 245, 246, 247, 248, 249, 250, 251, 252, 253, 254, 255, 256, 257, 258, 259, 260, 280, 340, 373, 374, 375, 376, 377, 459, 460, 461, 462, 500, 501, 539, 540, 541, 542, 543, 544, 545, 546, 547, 548, 549, 550, 552, 622, 708, 709, 710, 711, 712, 713, 714, 715, 716, 717, 718, 719, 720, 739, 796, 823, 824, 825, 826, 827, 906, 907, 908, 909]","[15, 16, 539, 540, 541, 542, 543, 544, 545, 546, 547, 548, 549, 550, 552, 65, 66, 67, 68, 69, 70, 71, 72, 73, 74, 75, 76, 77, 78, 80, 622, 151, 708, 709, 710, 711, 712, 713, 714, 715, 716, 717, 718, 719, 720, 739, 244, 245, 246, 247, 248, 249, 250, 251, 252, 253, 254, 255, 256, 257, 258, 259, 260, 280, 796, 823, 824, 825, 826, 827, 851, 340, 867, 874, 875, 373, 374, 375, 376, 377, 906, 907, 908, 909, 912, 402, 416, 422, 423, 459, 460, 461, 462, 465, 500, 501]",False,[],[],[],[],"[402, 416, 422, 423, 465, 851, 867, 874, 875, 912]","[15, 16, 65, 66, 67, 68, 69, 70, 71, 72, 73, 74, 75, 76, 77, 78, 80, 151, 244, 245, 246, 247, 248, 249, 250, 251, 252, 253, 254, 255, 256, 257, 258, 259, 260, 280, 340, 373, 374, 375, 376, 377, 459, 460, 461, 462, 500, 501, 539, 540, 541, 542, 543, 544, 545, 546, 547, 548, 549, 550, 552, 622, 708, 709, 710, 711, 712, 713, 714, 715, 716, 717, 718, 719, 720, 739, 796, 823, 824, 825, 826, 827, 906, 907, 908, 909]","[15, 16, 65, 66, 67, 68, 69, 70, 71, 72, 73, 74, 75, 76, 80, 151, 245, 246, 247, 248, 249, 250, 251, 252, 253, 254, 255, 256, 257, 258, 259, 280, 340, 373, 374, 375, 376, 377, 459, 460, 461, 462, 500, 501, 539, 540, 541, 542, 543, 544, 545, 546, 547, 548, 549, 550, 552, 622, 708, 709, 710, 711, 712, 713, 714, 715, 716, 717, 718, 719, 720, 739, 796, 823, 824, 825, 826, 827, 906, 907, 908, 909]",0/6 successful match,False,,False,382,False,,1.0,True,Pilot Travel Center # 195 St ),Pilot
"Portland , 97211 Jubitz Travel Center",503-283-1111 I-5 Exit 307 ( E to N Vancouver Way ),M N <U+2610> <U+2610>,Portland,97211,Jubitz Travel Center,503-283-1111,2006,Portland,OR,,( E to N Vancouver Way ),I-5 Exit 307 ,Exit,307,False,,False,I-5,,,,,[],[],[],[],[],"[105, 114, 138, 141, 152, 153, 154, 155, 157, 159, 164, 165, 176, 182, 191, 192, 194, 195, 196, 200, 204, 208, 209, 210, 211, 215, 226, 228, 241, 242, 243, 245, 248, 249, 250, 257, 261, 270, 271, 282, 287, 289, 291, 294, 296, 298, 306, 308, 309, 311, 314, 327, 333, 335, 337, 576, 585, 609, 612, 623, 624, 626, 627, 629, 631, 636, 637, 647, 653, 662, 663, 665, 666, 667, 671, 674, 678, 679, 680, 681, 690, 692, 705, 706, 707, 709, 711, 712, 713, 719, 721, 729, 730, 741, 746, 748, 750, 753, 755, 757, 764, 766, 767, 769, 772, 785, 791]",[],[],"[576, 585, 609, 612, 105, 623, 624, 114, 626, 627, 629, 631, 636, 637, 647, 138, 141, 653, 662, 663, 152, 153, 154, 667, 155, 157, 665, 159, 666, 671, 674, 164, 165, 678, 679, 680, 681, 176, 690, 692, 182, 191, 192, 705, 194, 195, 196, 706, 707, 709, 200, 711, 712, 713, 204, 719, 208, 209, 210, 211, 721, 215, 729, 730, 226, 228, 741, 746, 748, 750, 241, 242, 243, 753, 245, 755, 757, 248, 249, 250, 764, 766, 767, 257, 769, 772, 261, 270, 271, 785, 791, 282, 287, 289, 291, 294, 296, 298, 306, 308, 309, 311, 314, 327, 333, 335, 337]",False,[],[],[],[],"[105, 114, 138, 141, 152, 153, 154, 155, 157, 159, 164, 165, 176, 182, 191, 192, 194, 195, 196, 200, 204, 208, 209, 210, 211, 215, 226, 228, 241, 242, 243, 245, 248, 249, 250, 257, 261, 270, 271, 282, 287, 289, 291, 294, 296, 298, 306, 308, 309, 311, 314, 327, 333, 335, 337, 576, 585, 609, 612, 623, 624, 626, 627, 629, 631, 636, 637, 647, 653, 662, 663, 665, 666, 667, 671, 674, 678, 679, 680, 681, 690, 692, 705, 706, 707, 709, 711, 712, 713, 719, 721, 729, 730, 741, 746, 748, 750, 753, 755, 757, 764, 766, 767, 769, 772, 785, 791]",[],[],0/6 successful match,False,,False,383,False,,,,,
"Portland , 97211 Jubitz Travel Center",503-283-1111 I-5 Exit 307 ( E to N Vancouver Way ),) 24 XL 240,Portland,97211,Jubitz Travel Center,503-283-1111,2007,Portland,OR,,( E to N Vancouver Way ),I-5 Exit 307 ,Exit,307,False,,False,I-5,,,,,[],[],[],[],[],"[105, 114, 138, 141, 152, 153, 154, 155, 157, 159, 164, 165, 176, 182, 191, 192, 194, 195, 196, 200, 204, 208, 209, 210, 211, 215, 226, 228, 241, 242, 243, 245, 248, 249, 250, 257, 261, 270, 271, 282, 287, 289, 291, 294, 296, 298, 306, 308, 309, 311, 314, 327, 333, 335, 337, 576, 585, 609, 612, 623, 624, 626, 627, 629, 631, 636, 637, 647, 653, 662, 663, 665, 666, 667, 671, 674, 678, 679, 680, 681, 690, 692, 705, 706, 707, 709, 711, 712, 713, 719, 721, 729, 730, 741, 746, 748, 750, 753, 755, 757, 764, 766, 767, 769, 772, 785, 791]",[],[],"[576, 585, 609, 612, 105, 623, 624, 114, 626, 627, 629, 631, 636, 637, 647, 138, 141, 653, 662, 663, 152, 153, 154, 667, 155, 157, 665, 159, 666, 671, 674, 164, 165, 678, 679, 680, 681, 176, 690, 692, 182, 191, 192, 705, 194, 195, 196, 706, 707, 709, 200, 711, 712, 713, 204, 719, 208, 209, 210, 211, 721, 215, 729, 730, 226, 228, 741, 746, 748, 750, 241, 242, 243, 753, 245, 755, 757, 248, 249, 250, 764, 766, 767, 257, 769, 772, 261, 270, 271, 785, 791, 282, 287, 289, 291, 294, 296, 298, 306, 308, 309, 311, 314, 327, 333, 335, 337]",False,[],[],[],[],"[105, 114, 138, 141, 152, 153, 154, 155, 157, 159, 164, 165, 176, 182, 191, 192, 194, 195, 196, 200, 204, 208, 209, 210, 211, 215, 226, 228, 241, 242, 243, 245, 248, 249, 250, 257, 261, 270, 271, 282, 287, 289, 291, 294, 296, 298, 306, 308, 309, 311, 314, 327, 333, 335, 337, 576, 585, 609, 612, 623, 624, 626, 627, 629, 631, 636, 637, 647, 653, 662, 663, 665, 666, 667, 671, 674, 678, 679, 680, 681, 690, 692, 705, 706, 707, 709, 711, 712, 713, 719, 721, 729, 730, 741, 746, 748, 750, 753, 755, 757, 764, 766, 767, 769, 772, 785, 791]",[],[],0/6 successful match,False,,False,383,False,,1.0,True,Jubitz Travel Center,
"B Portland , 97211 Jubitz Travel Center",3 503-283-1111 I-5 Exit 307 ( E to N Vancouver Way ),124 1915 XL 24 O,Portland,97211,Jubitz Travel Center,503-283-1111,2008,Portland,OR,,( E to N Vancouver Way ),I-5 Exit 307 ,Exit,307,False,,False,I-5,,,,,[],[],[],[],[],"[105, 114, 138, 141, 152, 153, 154, 155, 157, 159, 164, 165, 176, 182, 191, 192, 194, 195, 196, 200, 204, 208, 209, 210, 211, 215, 226, 228, 241, 242, 243, 245, 248, 249, 250, 257, 261, 270, 271, 282, 287, 289, 291, 294, 296, 298, 306, 308, 309, 311, 314, 327, 333, 335, 337, 576, 585, 609, 612, 623, 624, 626, 627, 629, 631, 636, 637, 647, 653, 662, 663, 665, 666, 667, 671, 674, 678, 679, 680, 681, 690, 692, 705, 706, 707, 709, 711, 712, 713, 719, 721, 729, 730, 741, 746, 748, 750, 753, 755, 757, 764, 766, 767, 769, 772, 785, 791]",[],[],"[576, 585, 609, 612, 105, 623, 624, 114, 626, 627, 629, 631, 636, 637, 647, 138, 141, 653, 662, 663, 152, 153, 154, 667, 155, 157, 665, 159, 666, 671, 674, 164, 165, 678, 679, 680, 681, 176, 690, 692, 182, 191, 192, 705, 194, 195, 196, 706, 707, 709, 200, 711, 712, 713, 204, 719, 208, 209, 210, 211, 721, 215, 729, 730, 226, 228, 741, 746, 748, 750, 241, 242, 243, 753, 245, 755, 757, 248, 249, 250, 764, 766, 767, 257, 769, 772, 261, 270, 271, 785, 791, 282, 287, 289, 291, 294, 296, 298, 306, 308, 309, 311, 314, 327, 333, 335, 337]",False,[],[],[],[],"[105, 114, 138, 141, 152, 153, 154, 155, 157, 159, 164, 165, 176, 182, 191, 192, 194, 195, 196, 200, 204, 208, 209, 210, 211, 215, 226, 228, 241, 242, 243, 245, 248, 249, 250, 257, 261, 270, 271, 282, 287, 289, 291, 294, 296, 298, 306, 308, 309, 311, 314, 327, 333, 335, 337, 576, 585, 609, 612, 623, 624, 626, 627, 629, 631, 636, 637, 647, 653, 662, 663, 665, 666, 667, 671, 674, 678, 679, 680, 681, 690, 692, 705, 706, 707, 709, 711, 712, 713, 719, 721, 729, 730, 741, 746, 748, 750, 753, 755, 757, 764, 766, 767, 769, 772, 785, 791]",[],[],0/6 successful match,False,,False,383,False,,1.0,True,Jubitz Travel Center,
B Portland ( 97211 ) Jubitz Travel Center,3 503-283-1111 I-5 Exit 307 ( E to N Vancouver Way ),24 XL 24,Portland,97211,Jubitz Travel Center,503-283-1111,2014,Portland,OR,,( E to N Vancouver Way ),I-5 Exit 307 ,Exit,307,False,,False,I-5,,,,,[],[],[],[],[],"[105, 114, 138, 141, 152, 153, 154, 155, 157, 159, 164, 165, 176, 182, 191, 192, 194, 195, 196, 200, 204, 208, 209, 210, 211, 215, 226, 228, 241, 242, 243, 245, 248, 249, 250, 257, 261, 270, 271, 282, 287, 289, 291, 294, 296, 298, 306, 308, 309, 311, 314, 327, 333, 335, 337, 576, 585, 609, 612, 623, 624, 626, 627, 629, 631, 636, 637, 647, 653, 662, 663, 665, 666, 667, 671, 674, 678, 679, 680, 681, 690, 692, 705, 706, 707, 709, 711, 712, 713, 719, 721, 729, 730, 741, 746, 748, 750, 753, 755, 757, 764, 766, 767, 769, 772, 785, 791]",[],[],"[576, 585, 609, 612, 105, 623, 624, 114, 626, 627, 629, 631, 636, 637, 647, 138, 141, 653, 662, 663, 152, 153, 154, 667, 155, 157, 665, 159, 666, 671, 674, 164, 165, 678, 679, 680, 681, 176, 690, 692, 182, 191, 192, 705, 194, 195, 196, 706, 707, 709, 200, 711, 712, 713, 204, 719, 208, 209, 210, 211, 721, 215, 729, 730, 226, 228, 741, 746, 748, 750, 241, 242, 243, 753, 245, 755, 757, 248, 249, 250, 764, 766, 767, 257, 769, 772, 261, 270, 271, 785, 791, 282, 287, 289, 291, 294, 296, 298, 306, 308, 309, 311, 314, 327, 333, 335, 337]",False,[],[],[],[],"[105, 114, 138, 141, 152, 153, 154, 155, 157, 159, 164, 165, 176, 182, 191, 192, 194, 195, 196, 200, 204, 208, 209, 210, 211, 215, 226, 228, 241, 242, 243, 245, 248, 249, 250, 257, 261, 270, 271, 282, 287, 289, 291, 294, 296, 298, 306, 308, 309, 311, 314, 327, 333, 335, 337, 576, 585, 609, 612, 623, 624, 626, 627, 629, 631, 636, 637, 647, 653, 662, 663, 665, 666, 667, 671, 674, 678, 679, 680, 681, 690, 692, 705, 706, 707, 709, 711, 712, 713, 719, 721, 729, 730, 741, 746, 748, 750, 753, 755, 757, 764, 766, 767, 769, 772, 785, 791]",[],[],0/6 successful match,False,,False,383,False,,1.0,True,Jubitz Travel Center,
B Portland ( 97211 ) Jubitz Travel Center,3 503-283-1111 I-5 Exit 307 ( E to N Vancouver Way ) AMDEST,4XL 24,Portland,97211,Jubitz Travel Center,503-283-1111,2015,Portland,OR,,( E to N Vancouver Way ) AMDEST,I-5 Exit 307 ,Exit,307,False,,False,I-5,,,,,[],[],[],[],[],"[105, 114, 138, 141, 152, 153, 154, 155, 157, 159, 164, 165, 176, 182, 191, 192, 194, 195, 196, 200, 204, 208, 209, 210, 211, 215, 226, 228, 241, 242, 243, 245, 248, 249, 250, 257, 261, 270, 271, 282, 287, 289, 291, 294, 296, 298, 306, 308, 309, 311, 314, 327, 333, 335, 337, 576, 585, 609, 612, 623, 624, 626, 627, 629, 631, 636, 637, 647, 653, 662, 663, 665, 666, 667, 671, 674, 678, 679, 680, 681, 690, 692, 705, 706, 707, 709, 711, 712, 713, 719, 721, 729, 730, 741, 746, 748, 750, 753, 755, 757, 764, 766, 767, 769, 772, 785, 791]",[],[],"[576, 585, 609, 612, 105, 623, 624, 114, 626, 627, 629, 631, 636, 637, 647, 138, 141, 653, 662, 663, 152, 153, 154, 667, 155, 157, 665, 159, 666, 671, 674, 164, 165, 678, 679, 680, 681, 176, 690, 692, 182, 191, 192, 705, 194, 195, 196, 706, 707, 709, 200, 711, 712, 713, 204, 719, 208, 209, 210, 211, 721, 215, 729, 730, 226, 228, 741, 746, 748, 750, 241, 242, 243, 753, 245, 755, 757, 248, 249, 250, 764, 766, 767, 257, 769, 772, 261, 270, 271, 785, 791, 282, 287, 289, 291, 294, 296, 298, 306, 308, 309, 311, 314, 327, 333, 335, 337]",False,[],[],[],[],"[105, 114, 138, 141, 152, 153, 154, 155, 157, 159, 164, 165, 176, 182, 191, 192, 194, 195, 196, 200, 204, 208, 209, 210, 211, 215, 226, 228, 241, 242, 243, 245, 248, 249, 250, 257, 261, 270, 271, 282, 287, 289, 291, 294, 296, 298, 306, 308, 309, 311, 314, 327, 333, 335, 337, 576, 585, 609, 612, 623, 624, 626, 627, 629, 631, 636, 637, 647, 653, 662, 663, 665, 666, 667, 671, 674, 678, 679, 680, 681, 690, 692, 705, 706, 707, 709, 711, 712, 713, 719, 721, 729, 730, 741, 746, 748, 750, 753, 755, 757, 764, 766, 767, 769, 772, 785, 791]",[],[],0/6 successful match,False,,False,383,False,,1.0,True,Jubitz Travel Center,
B Portland ( 97211 ) Jubitz Travel Center,503-283-1111 I-5 Exit 307 ( E to N Vancouver Way ),8 XL 24,Portland,97211,Jubitz Travel Center,503-283-1111,2016,Portland,OR,,( E to N Vancouver Way ),I-5 Exit 307 ,Exit,307,False,,False,I-5,,,,,[],[],[],[],[],"[105, 114, 138, 141, 152, 153, 154, 155, 157, 159, 164, 165, 176, 182, 191, 192, 194, 195, 196, 200, 204, 208, 209, 210, 211, 215, 226, 228, 241, 242, 243, 245, 248, 249, 250, 257, 261, 270, 271, 282, 287, 289, 291, 294, 296, 298, 306, 308, 309, 311, 314, 327, 333, 335, 337, 576, 585, 609, 612, 623, 624, 626, 627, 629, 631, 636, 637, 647, 653, 662, 663, 665, 666, 667, 671, 674, 678, 679, 680, 681, 690, 692, 705, 706, 707, 709, 711, 712, 713, 719, 721, 729, 730, 741, 746, 748, 750, 753, 755, 757, 764, 766, 767, 769, 772, 785, 791]",[],[],"[576, 585, 609, 612, 105, 623, 624, 114, 626, 627, 629, 631, 636, 637, 647, 138, 141, 653, 662, 663, 152, 153, 154, 667, 155, 157, 665, 159, 666, 671, 674, 164, 165, 678, 679, 680, 681, 176, 690, 692, 182, 191, 192, 705, 194, 195, 196, 706, 707, 709, 200, 711, 712, 713, 204, 719, 208, 209, 210, 211, 721, 215, 729, 730, 226, 228, 741, 746, 748, 750, 241, 242, 243, 753, 245, 755, 757, 248, 249, 250, 764, 766, 767, 257, 769, 772, 261, 270, 271, 785, 791, 282, 287, 289, 291, 294, 296, 298, 306, 308, 309, 311, 314, 327, 333, 335, 337]",False,[],[],[],[],"[105, 114, 138, 141, 152, 153, 154, 155, 157, 159, 164, 165, 176, 182, 191, 192, 194, 195, 196, 200, 204, 208, 209, 210, 211, 215, 226, 228, 241, 242, 243, 245, 248, 249, 250, 257, 261, 270, 271, 282, 287, 289, 291, 294, 296, 298, 306, 308, 309, 311, 314, 327, 333, 335, 337, 576, 585, 609, 612, 623, 624, 626, 627, 629, 631, 636, 637, 647, 653, 662, 663, 665, 666, 667, 671, 674, 678, 679, 680, 681, 690, 692, 705, 706, 707, 709, 711, 712, 713, 719, 721, 729, 730, 741, 746, 748, 750, 753, 755, 757, 764, 766, 767, 769, 772, 785, 791]",[],[],0/6 successful match,False,,False,383,False,,1.0,True,Jubitz Travel Center,
"Brooks , 97305 Pilot Travel Center # 386",503-463-1114 I-5 Exit 263 ( Brooklake Rd ),HRS 24 HRS MOO,Brooks,97305,Pilot Travel Center # 386,503-463-1114,2006,Salem,OR,Pilot,( Brooklake Rd ),I-5 Exit 263 ,Exit,263,False,,False,I-5,,,,,[],[],[],"[47, 66, 527, 541]",[],"[105, 114, 138, 141, 152, 153, 154, 155, 157, 159, 164, 165, 176, 182, 191, 192, 194, 195, 196, 200, 204, 208, 209, 210, 211, 215, 226, 228, 241, 242, 243, 245, 248, 249, 250, 257, 261, 270, 271, 282, 287, 289, 291, 294, 296, 298, 306, 308, 309, 311, 314, 327, 333, 335, 337, 576, 585, 609, 612, 623, 624, 626, 627, 629, 631, 636, 637, 647, 653, 662, 663, 665, 666, 667, 671, 674, 678, 679, 680, 681, 690, 692, 705, 706, 707, 709, 711, 712, 713, 719, 721, 729, 730, 741, 746, 748, 750, 753, 755, 757, 764, 766, 767, 769, 772, 785, 791]","[15, 16, 65, 66, 67, 68, 69, 70, 71, 72, 73, 74, 75, 76, 80, 151, 245, 246, 247, 248, 249, 250, 251, 252, 253, 254, 255, 256, 257, 258, 259, 280, 340, 373, 374, 375, 376, 377, 459, 460, 461, 462, 500, 501, 539, 540, 541, 542, 543, 544, 545, 546, 547, 548, 549, 550, 552, 622, 708, 709, 710, 711, 712, 713, 714, 715, 716, 717, 718, 719, 720, 739, 796, 823, 824, 825, 826, 827, 906, 907, 908, 909]","[15, 16, 43, 65, 66, 67, 68, 69, 70, 71, 72, 73, 74, 75, 76, 77, 78, 80, 151, 220, 244, 245, 246, 247, 248, 249, 250, 251, 252, 253, 254, 255, 256, 257, 258, 259, 260, 280, 340, 373, 374, 375, 376, 377, 459, 460, 461, 462, 500, 501, 523, 539, 540, 541, 542, 543, 544, 545, 546, 547, 548, 549, 550, 552, 622, 708, 709, 710, 711, 712, 713, 714, 715, 716, 717, 718, 719, 720, 739, 796, 823, 824, 825, 826, 827, 906, 907, 908, 909]","[714, 523, 715, 527, 15, 16, 539, 540, 541, 542, 543, 544, 545, 546, 547, 548, 549, 550, 552, 43, 47, 576, 65, 66, 67, 68, 69, 70, 71, 72, 585, 73, 74, 75, 76, 77, 78, 80, 609, 612, 105, 622, 623, 624, 114, 626, 627, 629, 631, 636, 637, 647, 138, 141, 653, 718, 662, 663, 152, 153, 154, 155, 665, 157, 666, 159, 667, 671, 674, 164, 165, 678, 679, 680, 681, 176, 690, 692, 182, 191, 192, 705, 194, 195, 196, 706, 707, 709, 200, 711, 712, 713, 204, 252, 710, 719, 208, 209, 210, 211, 721, 716, 717, 215, 720, 729, 730, 220, 226, 739, 228, 741, 746, 748, 750, 241, 242, 243, 753, 245, 755, 757, 248, 249, 250, 151, 764, 246, 766, 767, 247, 257, 769, 251, 772, 261, 253, 254, 255, 256, 258, 259, 260, 270, 271, 785, 791, 280, 282, 796, 287, 289, 291, 294, 296, 298, 306, 308, 309, 311, 823, 824, 314, 825, 826, 827, 327, 333, 335, 337, 340, 373, 374, 375, 376, 377, 906, 907, 908, 909, 459, 460, 461, 462, 708, 500, 501, 244]",False,[],[],[],"[47, 66, 527, 541]","[105, 114, 138, 141, 152, 153, 154, 155, 157, 159, 164, 165, 176, 182, 191, 192, 194, 195, 196, 200, 204, 208, 209, 210, 211, 215, 226, 228, 241, 242, 243, 245, 248, 249, 250, 257, 261, 270, 271, 282, 287, 289, 291, 294, 296, 298, 306, 308, 309, 311, 314, 327, 333, 335, 337, 576, 585, 609, 612, 623, 624, 626, 627, 629, 631, 636, 637, 647, 653, 662, 663, 665, 666, 667, 671, 674, 678, 679, 680, 681, 690, 692, 705, 706, 707, 709, 711, 712, 713, 719, 721, 729, 730, 741, 746, 748, 750, 753, 755, 757, 764, 766, 767, 769, 772, 785, 791]","[15, 16, 43, 65, 66, 67, 68, 69, 70, 71, 72, 73, 74, 75, 76, 77, 78, 80, 151, 220, 244, 245, 246, 247, 248, 249, 250, 251, 252, 253, 254, 255, 256, 257, 258, 259, 260, 280, 340, 373, 374, 375, 376, 377, 459, 460, 461, 462, 500, 501, 523, 539, 540, 541, 542, 543, 544, 545, 546, 547, 548, 549, 550, 552, 622, 708, 709, 710, 711, 712, 713, 714, 715, 716, 717, 718, 719, 720, 739, 796, 823, 824, 825, 826, 827, 906, 907, 908, 909]","[15, 16, 65, 66, 67, 68, 69, 70, 71, 72, 73, 74, 75, 76, 80, 151, 245, 246, 247, 248, 249, 250, 251, 252, 253, 254, 255, 256, 257, 258, 259, 280, 340, 373, 374, 375, 376, 377, 459, 460, 461, 462, 500, 501, 539, 540, 541, 542, 543, 544, 545, 546, 547, 548, 549, 550, 552, 622, 708, 709, 710, 711, 712, 713, 714, 715, 716, 717, 718, 719, 720, 739, 796, 823, 824, 825, 826, 827, 906, 907, 908, 909]",0/6 successful match,False,,False,384,False,,,,,
"Brooks , 97305 Pilot Travel Center # 386",503-463-1114 I-5 Exit 263 ( Brooklake Rd ),) 24,Brooks,97305,Pilot Travel Center # 386,503-463-1114,2007,Salem,OR,Pilot,( Brooklake Rd ),I-5 Exit 263 ,Exit,263,False,,False,I-5,,,,,[],[],[],"[47, 66, 527, 541]",[],"[105, 114, 138, 141, 152, 153, 154, 155, 157, 159, 164, 165, 176, 182, 191, 192, 194, 195, 196, 200, 204, 208, 209, 210, 211, 215, 226, 228, 241, 242, 243, 245, 248, 249, 250, 257, 261, 270, 271, 282, 287, 289, 291, 294, 296, 298, 306, 308, 309, 311, 314, 327, 333, 335, 337, 576, 585, 609, 612, 623, 624, 626, 627, 629, 631, 636, 637, 647, 653, 662, 663, 665, 666, 667, 671, 674, 678, 679, 680, 681, 690, 692, 705, 706, 707, 709, 711, 712, 713, 719, 721, 729, 730, 741, 746, 748, 750, 753, 755, 757, 764, 766, 767, 769, 772, 785, 791]","[15, 16, 65, 66, 67, 68, 69, 70, 71, 72, 73, 74, 75, 76, 80, 151, 245, 246, 247, 248, 249, 250, 251, 252, 253, 254, 255, 256, 257, 258, 259, 280, 340, 373, 374, 375, 376, 377, 459, 460, 461, 462, 500, 501, 539, 540, 541, 542, 543, 544, 545, 546, 547, 548, 549, 550, 552, 622, 708, 709, 710, 711, 712, 713, 714, 715, 716, 717, 718, 719, 720, 739, 796, 823, 824, 825, 826, 827, 906, 907, 908, 909]","[15, 16, 43, 65, 66, 67, 68, 69, 70, 71, 72, 73, 74, 75, 76, 77, 78, 80, 151, 220, 244, 245, 246, 247, 248, 249, 250, 251, 252, 253, 254, 255, 256, 257, 258, 259, 260, 280, 340, 373, 374, 375, 376, 377, 459, 460, 461, 462, 500, 501, 523, 539, 540, 541, 542, 543, 544, 545, 546, 547, 548, 549, 550, 552, 622, 708, 709, 710, 711, 712, 713, 714, 715, 716, 717, 718, 719, 720, 739, 796, 823, 824, 825, 826, 827, 906, 907, 908, 909]","[714, 523, 715, 527, 15, 16, 539, 540, 541, 542, 543, 544, 545, 546, 547, 548, 549, 550, 552, 43, 47, 576, 65, 66, 67, 68, 69, 70, 71, 72, 585, 73, 74, 75, 76, 77, 78, 80, 609, 612, 105, 622, 623, 624, 114, 626, 627, 629, 631, 636, 637, 647, 138, 141, 653, 718, 662, 663, 152, 153, 154, 155, 665, 157, 666, 159, 667, 671, 674, 164, 165, 678, 679, 680, 681, 176, 690, 692, 182, 191, 192, 705, 194, 195, 196, 706, 707, 709, 200, 711, 712, 713, 204, 252, 710, 719, 208, 209, 210, 211, 721, 716, 717, 215, 720, 729, 730, 220, 226, 739, 228, 741, 746, 748, 750, 241, 242, 243, 753, 245, 755, 757, 248, 249, 250, 151, 764, 246, 766, 767, 247, 257, 769, 251, 772, 261, 253, 254, 255, 256, 258, 259, 260, 270, 271, 785, 791, 280, 282, 796, 287, 289, 291, 294, 296, 298, 306, 308, 309, 311, 823, 824, 314, 825, 826, 827, 327, 333, 335, 337, 340, 373, 374, 375, 376, 377, 906, 907, 908, 909, 459, 460, 461, 462, 708, 500, 501, 244]",False,[],[],[],"[47, 66, 527, 541]","[105, 114, 138, 141, 152, 153, 154, 155, 157, 159, 164, 165, 176, 182, 191, 192, 194, 195, 196, 200, 204, 208, 209, 210, 211, 215, 226, 228, 241, 242, 243, 245, 248, 249, 250, 257, 261, 270, 271, 282, 287, 289, 291, 294, 296, 298, 306, 308, 309, 311, 314, 327, 333, 335, 337, 576, 585, 609, 612, 623, 624, 626, 627, 629, 631, 636, 637, 647, 653, 662, 663, 665, 666, 667, 671, 674, 678, 679, 680, 681, 690, 692, 705, 706, 707, 709, 711, 712, 713, 719, 721, 729, 730, 741, 746, 748, 750, 753, 755, 757, 764, 766, 767, 769, 772, 785, 791]","[15, 16, 43, 65, 66, 67, 68, 69, 70, 71, 72, 73, 74, 75, 76, 77, 78, 80, 151, 220, 244, 245, 246, 247, 248, 249, 250, 251, 252, 253, 254, 255, 256, 257, 258, 259, 260, 280, 340, 373, 374, 375, 376, 377, 459, 460, 461, 462, 500, 501, 523, 539, 540, 541, 542, 543, 544, 545, 546, 547, 548, 549, 550, 552, 622, 708, 709, 710, 711, 712, 713, 714, 715, 716, 717, 718, 719, 720, 739, 796, 823, 824, 825, 826, 827, 906, 907, 908, 909]","[15, 16, 65, 66, 67, 68, 69, 70, 71, 72, 73, 74, 75, 76, 80, 151, 245, 246, 247, 248, 249, 250, 251, 252, 253, 254, 255, 256, 257, 258, 259, 280, 340, 373, 374, 375, 376, 377, 459, 460, 461, 462, 500, 501, 539, 540, 541, 542, 543, 544, 545, 546, 547, 548, 549, 550, 552, 622, 708, 709, 710, 711, 712, 713, 714, 715, 716, 717, 718, 719, 720, 739, 796, 823, 824, 825, 826, 827, 906, 907, 908, 909]",0/6 successful match,False,,False,384,False,,1.0,True,Pilot Travel Center # 386,Pilot
"Brooks , 97305 Pilot Travel Center # 386",2 503-463-1114 I-5 Exit 263 ( Brooklake Rd ),HRS 24 L <U+2610><U+2610>,Brooks,97305,Pilot Travel Center # 386,503-463-1114,2008,Salem,OR,Pilot,( Brooklake Rd ),I-5 Exit 263 ,Exit,263,False,,False,I-5,,,,,[],[],[],"[47, 66, 527, 541]",[],"[105, 114, 138, 141, 152, 153, 154, 155, 157, 159, 164, 165, 176, 182, 191, 192, 194, 195, 196, 200, 204, 208, 209, 210, 211, 215, 226, 228, 241, 242, 243, 245, 248, 249, 250, 257, 261, 270, 271, 282, 287, 289, 291, 294, 296, 298, 306, 308, 309, 311, 314, 327, 333, 335, 337, 576, 585, 609, 612, 623, 624, 626, 627, 629, 631, 636, 637, 647, 653, 662, 663, 665, 666, 667, 671, 674, 678, 679, 680, 681, 690, 692, 705, 706, 707, 709, 711, 712, 713, 719, 721, 729, 730, 741, 746, 748, 750, 753, 755, 757, 764, 766, 767, 769, 772, 785, 791]","[15, 16, 65, 66, 67, 68, 69, 70, 71, 72, 73, 74, 75, 76, 80, 151, 245, 246, 247, 248, 249, 250, 251, 252, 253, 254, 255, 256, 257, 258, 259, 280, 340, 373, 374, 375, 376, 377, 459, 460, 461, 462, 500, 501, 539, 540, 541, 542, 543, 544, 545, 546, 547, 548, 549, 550, 552, 622, 708, 709, 710, 711, 712, 713, 714, 715, 716, 717, 718, 719, 720, 739, 796, 823, 824, 825, 826, 827, 906, 907, 908, 909]","[15, 16, 43, 65, 66, 67, 68, 69, 70, 71, 72, 73, 74, 75, 76, 77, 78, 80, 151, 220, 244, 245, 246, 247, 248, 249, 250, 251, 252, 253, 254, 255, 256, 257, 258, 259, 260, 280, 340, 373, 374, 375, 376, 377, 459, 460, 461, 462, 500, 501, 523, 539, 540, 541, 542, 543, 544, 545, 546, 547, 548, 549, 550, 552, 622, 708, 709, 710, 711, 712, 713, 714, 715, 716, 717, 718, 719, 720, 739, 796, 823, 824, 825, 826, 827, 906, 907, 908, 909]","[714, 523, 715, 527, 15, 16, 539, 540, 541, 542, 543, 544, 545, 546, 547, 548, 549, 550, 552, 43, 47, 576, 65, 66, 67, 68, 69, 70, 71, 72, 585, 73, 74, 75, 76, 77, 78, 80, 609, 612, 105, 622, 623, 624, 114, 626, 627, 629, 631, 636, 637, 647, 138, 141, 653, 718, 662, 663, 152, 153, 154, 155, 665, 157, 666, 159, 667, 671, 674, 164, 165, 678, 679, 680, 681, 176, 690, 692, 182, 191, 192, 705, 194, 195, 196, 706, 707, 709, 200, 711, 712, 713, 204, 252, 710, 719, 208, 209, 210, 211, 721, 716, 717, 215, 720, 729, 730, 220, 226, 739, 228, 741, 746, 748, 750, 241, 242, 243, 753, 245, 755, 757, 248, 249, 250, 151, 764, 246, 766, 767, 247, 257, 769, 251, 772, 261, 253, 254, 255, 256, 258, 259, 260, 270, 271, 785, 791, 280, 282, 796, 287, 289, 291, 294, 296, 298, 306, 308, 309, 311, 823, 824, 314, 825, 826, 827, 327, 333, 335, 337, 340, 373, 374, 375, 376, 377, 906, 907, 908, 909, 459, 460, 461, 462, 708, 500, 501, 244]",False,[],[],[],"[47, 66, 527, 541]","[105, 114, 138, 141, 152, 153, 154, 155, 157, 159, 164, 165, 176, 182, 191, 192, 194, 195, 196, 200, 204, 208, 209, 210, 211, 215, 226, 228, 241, 242, 243, 245, 248, 249, 250, 257, 261, 270, 271, 282, 287, 289, 291, 294, 296, 298, 306, 308, 309, 311, 314, 327, 333, 335, 337, 576, 585, 609, 612, 623, 624, 626, 627, 629, 631, 636, 637, 647, 653, 662, 663, 665, 666, 667, 671, 674, 678, 679, 680, 681, 690, 692, 705, 706, 707, 709, 711, 712, 713, 719, 721, 729, 730, 741, 746, 748, 750, 753, 755, 757, 764, 766, 767, 769, 772, 785, 791]","[15, 16, 43, 65, 66, 67, 68, 69, 70, 71, 72, 73, 74, 75, 76, 77, 78, 80, 151, 220, 244, 245, 246, 247, 248, 249, 250, 251, 252, 253, 254, 255, 256, 257, 258, 259, 260, 280, 340, 373, 374, 375, 376, 377, 459, 460, 461, 462, 500, 501, 523, 539, 540, 541, 542, 543, 544, 545, 546, 547, 548, 549, 550, 552, 622, 708, 709, 710, 711, 712, 713, 714, 715, 716, 717, 718, 719, 720, 739, 796, 823, 824, 825, 826, 827, 906, 907, 908, 909]","[15, 16, 65, 66, 67, 68, 69, 70, 71, 72, 73, 74, 75, 76, 80, 151, 245, 246, 247, 248, 249, 250, 251, 252, 253, 254, 255, 256, 257, 258, 259, 280, 340, 373, 374, 375, 376, 377, 459, 460, 461, 462, 500, 501, 539, 540, 541, 542, 543, 544, 545, 546, 547, 548, 549, 550, 552, 622, 708, 709, 710, 711, 712, 713, 714, 715, 716, 717, 718, 719, 720, 739, 796, 823, 824, 825, 826, 827, 906, 907, 908, 909]",0/6 successful match,False,,False,384,False,,1.0,True,Pilot Travel Center # 386,Pilot
Brooks ( 97305 ) Pilot Travel Center # 386,503-463-1114 I-5 Exit 263 ( Brooklake Rd ),Pilot 24,Brooks,97305,Pilot Travel Center # 386,503-463-1114,2014,Salem,OR,Pilot,( Brooklake Rd ),I-5 Exit 263 ,Exit,263,False,,False,I-5,,,,,[],[],[],"[47, 66, 527, 541]",[],"[105, 114, 138, 141, 152, 153, 154, 155, 157, 159, 164, 165, 176, 182, 191, 192, 194, 195, 196, 200, 204, 208, 209, 210, 211, 215, 226, 228, 241, 242, 243, 245, 248, 249, 250, 257, 261, 270, 271, 282, 287, 289, 291, 294, 296, 298, 306, 308, 309, 311, 314, 327, 333, 335, 337, 576, 585, 609, 612, 623, 624, 626, 627, 629, 631, 636, 637, 647, 653, 662, 663, 665, 666, 667, 671, 674, 678, 679, 680, 681, 690, 692, 705, 706, 707, 709, 711, 712, 713, 719, 721, 729, 730, 741, 746, 748, 750, 753, 755, 757, 764, 766, 767, 769, 772, 785, 791]","[15, 16, 65, 66, 67, 68, 69, 70, 71, 72, 73, 74, 75, 76, 80, 151, 245, 246, 247, 248, 249, 250, 251, 252, 253, 254, 255, 256, 257, 258, 259, 280, 340, 373, 374, 375, 376, 377, 459, 460, 461, 462, 500, 501, 539, 540, 541, 542, 543, 544, 545, 546, 547, 548, 549, 550, 552, 622, 708, 709, 710, 711, 712, 713, 714, 715, 716, 717, 718, 719, 720, 739, 796, 823, 824, 825, 826, 827, 906, 907, 908, 909]","[15, 16, 43, 65, 66, 67, 68, 69, 70, 71, 72, 73, 74, 75, 76, 77, 78, 80, 151, 220, 244, 245, 246, 247, 248, 249, 250, 251, 252, 253, 254, 255, 256, 257, 258, 259, 260, 280, 340, 373, 374, 375, 376, 377, 459, 460, 461, 462, 500, 501, 523, 539, 540, 541, 542, 543, 544, 545, 546, 547, 548, 549, 550, 552, 622, 708, 709, 710, 711, 712, 713, 714, 715, 716, 717, 718, 719, 720, 739, 796, 823, 824, 825, 826, 827, 906, 907, 908, 909]","[714, 523, 715, 527, 15, 16, 539, 540, 541, 542, 543, 544, 545, 546, 547, 548, 549, 550, 552, 43, 47, 576, 65, 66, 67, 68, 69, 70, 71, 72, 585, 73, 74, 75, 76, 77, 78, 80, 609, 612, 105, 622, 623, 624, 114, 626, 627, 629, 631, 636, 637, 647, 138, 141, 653, 718, 662, 663, 152, 153, 154, 155, 665, 157, 666, 159, 667, 671, 674, 164, 165, 678, 679, 680, 681, 176, 690, 692, 182, 191, 192, 705, 194, 195, 196, 706, 707, 709, 200, 711, 712, 713, 204, 252, 710, 719, 208, 209, 210, 211, 721, 716, 717, 215, 720, 729, 730, 220, 226, 739, 228, 741, 746, 748, 750, 241, 242, 243, 753, 245, 755, 757, 248, 249, 250, 151, 764, 246, 766, 767, 247, 257, 769, 251, 772, 261, 253, 254, 255, 256, 258, 259, 260, 270, 271, 785, 791, 280, 282, 796, 287, 289, 291, 294, 296, 298, 306, 308, 309, 311, 823, 824, 314, 825, 826, 827, 327, 333, 335, 337, 340, 373, 374, 375, 376, 377, 906, 907, 908, 909, 459, 460, 461, 462, 708, 500, 501, 244]",False,[],[],[],"[47, 66, 527, 541]","[105, 114, 138, 141, 152, 153, 154, 155, 157, 159, 164, 165, 176, 182, 191, 192, 194, 195, 196, 200, 204, 208, 209, 210, 211, 215, 226, 228, 241, 242, 243, 245, 248, 249, 250, 257, 261, 270, 271, 282, 287, 289, 291, 294, 296, 298, 306, 308, 309, 311, 314, 327, 333, 335, 337, 576, 585, 609, 612, 623, 624, 626, 627, 629, 631, 636, 637, 647, 653, 662, 663, 665, 666, 667, 671, 674, 678, 679, 680, 681, 690, 692, 705, 706, 707, 709, 711, 712, 713, 719, 721, 729, 730, 741, 746, 748, 750, 753, 755, 757, 764, 766, 767, 769, 772, 785, 791]","[15, 16, 43, 65, 66, 67, 68, 69, 70, 71, 72, 73, 74, 75, 76, 77, 78, 80, 151, 220, 244, 245, 246, 247, 248, 249, 250, 251, 252, 253, 254, 255, 256, 257, 258, 259, 260, 280, 340, 373, 374, 375, 376, 377, 459, 460, 461, 462, 500, 501, 523, 539, 540, 541, 542, 543, 544, 545, 546, 547, 548, 549, 550, 552, 622, 708, 709, 710, 711, 712, 713, 714, 715, 716, 717, 718, 719, 720, 739, 796, 823, 824, 825, 826, 827, 906, 907, 908, 909]","[15, 16, 65, 66, 67, 68, 69, 70, 71, 72, 73, 74, 75, 76, 80, 151, 245, 246, 247, 248, 249, 250, 251, 252, 253, 254, 255, 256, 257, 258, 259, 280, 340, 373, 374, 375, 376, 377, 459, 460, 461, 462, 500, 501, 539, 540, 541, 542, 543, 544, 545, 546, 547, 548, 549, 550, 552, 622, 708, 709, 710, 711, 712, 713, 714, 715, 716, 717, 718, 719, 720, 739, 796, 823, 824, 825, 826, 827, 906, 907, 908, 909]",0/6 successful match,False,,False,384,False,,1.0,True,Pilot Travel Center # 386,Pilot
Brooks ( 97305 ) Pilot Travel Center # 386,2 503-463-1114 I-5 Exit 263 ( Brooklake Rd ) Pilot,L,Brooks,97305,Pilot Travel Center # 386,503-463-1114,2015,Salem,OR,Pilot,( Brooklake Rd ) Pilot,I-5 Exit 263 ,Exit,263,False,,False,I-5,,,,,[],[],[],"[47, 66, 527, 541]",[],"[105, 114, 138, 141, 152, 153, 154, 155, 157, 159, 164, 165, 176, 182, 191, 192, 194, 195, 196, 200, 204, 208, 209, 210, 211, 215, 226, 228, 241, 242, 243, 245, 248, 249, 250, 257, 261, 270, 271, 282, 287, 289, 291, 294, 296, 298, 306, 308, 309, 311, 314, 327, 333, 335, 337, 576, 585, 609, 612, 623, 624, 626, 627, 629, 631, 636, 637, 647, 653, 662, 663, 665, 666, 667, 671, 674, 678, 679, 680, 681, 690, 692, 705, 706, 707, 709, 711, 712, 713, 719, 721, 729, 730, 741, 746, 748, 750, 753, 755, 757, 764, 766, 767, 769, 772, 785, 791]","[15, 16, 65, 66, 67, 68, 69, 70, 71, 72, 73, 74, 75, 76, 80, 151, 245, 246, 247, 248, 249, 250, 251, 252, 253, 254, 255, 256, 257, 258, 259, 280, 340, 373, 374, 375, 376, 377, 459, 460, 461, 462, 500, 501, 539, 540, 541, 542, 543, 544, 545, 546, 547, 548, 549, 550, 552, 622, 708, 709, 710, 711, 712, 713, 714, 715, 716, 717, 718, 719, 720, 739, 796, 823, 824, 825, 826, 827, 906, 907, 908, 909]","[15, 16, 43, 65, 66, 67, 68, 69, 70, 71, 72, 73, 74, 75, 76, 77, 78, 80, 151, 220, 244, 245, 246, 247, 248, 249, 250, 251, 252, 253, 254, 255, 256, 257, 258, 259, 260, 280, 340, 373, 374, 375, 376, 377, 459, 460, 461, 462, 500, 501, 523, 539, 540, 541, 542, 543, 544, 545, 546, 547, 548, 549, 550, 552, 622, 708, 709, 710, 711, 712, 713, 714, 715, 716, 717, 718, 719, 720, 739, 796, 823, 824, 825, 826, 827, 906, 907, 908, 909]","[714, 523, 715, 527, 15, 16, 539, 540, 541, 542, 543, 544, 545, 546, 547, 548, 549, 550, 552, 43, 47, 576, 65, 66, 67, 68, 69, 70, 71, 72, 585, 73, 74, 75, 76, 77, 78, 80, 609, 612, 105, 622, 623, 624, 114, 626, 627, 629, 631, 636, 637, 647, 138, 141, 653, 718, 662, 663, 152, 153, 154, 155, 665, 157, 666, 159, 667, 671, 674, 164, 165, 678, 679, 680, 681, 176, 690, 692, 182, 191, 192, 705, 194, 195, 196, 706, 707, 709, 200, 711, 712, 713, 204, 252, 710, 719, 208, 209, 210, 211, 721, 716, 717, 215, 720, 729, 730, 220, 226, 739, 228, 741, 746, 748, 750, 241, 242, 243, 753, 245, 755, 757, 248, 249, 250, 151, 764, 246, 766, 767, 247, 257, 769, 251, 772, 261, 253, 254, 255, 256, 258, 259, 260, 270, 271, 785, 791, 280, 282, 796, 287, 289, 291, 294, 296, 298, 306, 308, 309, 311, 823, 824, 314, 825, 826, 827, 327, 333, 335, 337, 340, 373, 374, 375, 376, 377, 906, 907, 908, 909, 459, 460, 461, 462, 708, 500, 501, 244]",False,[],[],[],"[47, 66, 527, 541]","[105, 114, 138, 141, 152, 153, 154, 155, 157, 159, 164, 165, 176, 182, 191, 192, 194, 195, 196, 200, 204, 208, 209, 210, 211, 215, 226, 228, 241, 242, 243, 245, 248, 249, 250, 257, 261, 270, 271, 282, 287, 289, 291, 294, 296, 298, 306, 308, 309, 311, 314, 327, 333, 335, 337, 576, 585, 609, 612, 623, 624, 626, 627, 629, 631, 636, 637, 647, 653, 662, 663, 665, 666, 667, 671, 674, 678, 679, 680, 681, 690, 692, 705, 706, 707, 709, 711, 712, 713, 719, 721, 729, 730, 741, 746, 748, 750, 753, 755, 757, 764, 766, 767, 769, 772, 785, 791]","[15, 16, 43, 65, 66, 67, 68, 69, 70, 71, 72, 73, 74, 75, 76, 77, 78, 80, 151, 220, 244, 245, 246, 247, 248, 249, 250, 251, 252, 253, 254, 255, 256, 257, 258, 259, 260, 280, 340, 373, 374, 375, 376, 377, 459, 460, 461, 462, 500, 501, 523, 539, 540, 541, 542, 543, 544, 545, 546, 547, 548, 549, 550, 552, 622, 708, 709, 710, 711, 712, 713, 714, 715, 716, 717, 718, 719, 720, 739, 796, 823, 824, 825, 826, 827, 906, 907, 908, 909]","[15, 16, 65, 66, 67, 68, 69, 70, 71, 72, 73, 74, 75, 76, 80, 151, 245, 246, 247, 248, 249, 250, 251, 252, 253, 254, 255, 256, 257, 258, 259, 280, 340, 373, 374, 375, 376, 377, 459, 460, 461, 462, 500, 501, 539, 540, 541, 542, 543, 544, 545, 546, 547, 548, 549, 550, 552, 622, 708, 709, 710, 711, 712, 713, 714, 715, 716, 717, 718, 719, 720, 739, 796, 823, 824, 825, 826, 827, 906, 907, 908, 909]",0/6 successful match,False,,False,384,False,,1.0,True,Pilot Travel Center # 386,Pilot
C Brooks ( 97305 ) Pilot Travel Center # 386 St S ),2 503-463-1114 I-5 Exit 263 ( Brooklake Rd ) pilot,24 24 <U+25A1> <U+25A1>,Brooks,97305,Pilot Travel Center # 386 St S ),503-463-1114,2016,Salem,OR,Pilot,( Brooklake Rd ) pilot,I-5 Exit 263 ,Exit,263,False,,False,I-5,,,,,[],[],[],"[47, 66, 527, 541]",[],"[105, 114, 138, 141, 152, 153, 154, 155, 157, 159, 164, 165, 176, 182, 191, 192, 194, 195, 196, 200, 204, 208, 209, 210, 211, 215, 226, 228, 241, 242, 243, 245, 248, 249, 250, 257, 261, 270, 271, 282, 287, 289, 291, 294, 296, 298, 306, 308, 309, 311, 314, 327, 333, 335, 337, 576, 585, 609, 612, 623, 624, 626, 627, 629, 631, 636, 637, 647, 653, 662, 663, 665, 666, 667, 671, 674, 678, 679, 680, 681, 690, 692, 705, 706, 707, 709, 711, 712, 713, 719, 721, 729, 730, 741, 746, 748, 750, 753, 755, 757, 764, 766, 767, 769, 772, 785, 791]","[15, 16, 65, 66, 67, 68, 69, 70, 71, 72, 73, 74, 75, 76, 80, 151, 245, 246, 247, 248, 249, 250, 251, 252, 253, 254, 255, 256, 257, 258, 259, 280, 340, 373, 374, 375, 376, 377, 459, 460, 461, 462, 500, 501, 539, 540, 541, 542, 543, 544, 545, 546, 547, 548, 549, 550, 552, 622, 708, 709, 710, 711, 712, 713, 714, 715, 716, 717, 718, 719, 720, 739, 796, 823, 824, 825, 826, 827, 906, 907, 908, 909]","[15, 16, 43, 65, 66, 67, 68, 69, 70, 71, 72, 73, 74, 75, 76, 77, 78, 80, 151, 220, 244, 245, 246, 247, 248, 249, 250, 251, 252, 253, 254, 255, 256, 257, 258, 259, 260, 280, 340, 373, 374, 375, 376, 377, 459, 460, 461, 462, 500, 501, 523, 539, 540, 541, 542, 543, 544, 545, 546, 547, 548, 549, 550, 552, 622, 708, 709, 710, 711, 712, 713, 714, 715, 716, 717, 718, 719, 720, 739, 796, 823, 824, 825, 826, 827, 906, 907, 908, 909]","[714, 523, 715, 527, 15, 16, 539, 540, 541, 542, 543, 544, 545, 546, 547, 548, 549, 550, 552, 43, 47, 576, 65, 66, 67, 68, 69, 70, 71, 72, 585, 73, 74, 75, 76, 77, 78, 80, 609, 612, 105, 622, 623, 624, 114, 626, 627, 629, 631, 636, 637, 647, 138, 141, 653, 718, 662, 663, 152, 153, 154, 155, 665, 157, 666, 159, 667, 671, 674, 164, 165, 678, 679, 680, 681, 176, 690, 692, 182, 191, 192, 705, 194, 195, 196, 706, 707, 709, 200, 711, 712, 713, 204, 252, 710, 719, 208, 209, 210, 211, 721, 716, 717, 215, 720, 729, 730, 220, 226, 739, 228, 741, 746, 748, 750, 241, 242, 243, 753, 245, 755, 757, 248, 249, 250, 151, 764, 246, 766, 767, 247, 257, 769, 251, 772, 261, 253, 254, 255, 256, 258, 259, 260, 270, 271, 785, 791, 280, 282, 796, 287, 289, 291, 294, 296, 298, 306, 308, 309, 311, 823, 824, 314, 825, 826, 827, 327, 333, 335, 337, 340, 373, 374, 375, 376, 377, 906, 907, 908, 909, 459, 460, 461, 462, 708, 500, 501, 244]",False,[],[],[],"[47, 66, 527, 541]","[105, 114, 138, 141, 152, 153, 154, 155, 157, 159, 164, 165, 176, 182, 191, 192, 194, 195, 196, 200, 204, 208, 209, 210, 211, 215, 226, 228, 241, 242, 243, 245, 248, 249, 250, 257, 261, 270, 271, 282, 287, 289, 291, 294, 296, 298, 306, 308, 309, 311, 314, 327, 333, 335, 337, 576, 585, 609, 612, 623, 624, 626, 627, 629, 631, 636, 637, 647, 653, 662, 663, 665, 666, 667, 671, 674, 678, 679, 680, 681, 690, 692, 705, 706, 707, 709, 711, 712, 713, 719, 721, 729, 730, 741, 746, 748, 750, 753, 755, 757, 764, 766, 767, 769, 772, 785, 791]","[15, 16, 43, 65, 66, 67, 68, 69, 70, 71, 72, 73, 74, 75, 76, 77, 78, 80, 151, 220, 244, 245, 246, 247, 248, 249, 250, 251, 252, 253, 254, 255, 256, 257, 258, 259, 260, 280, 340, 373, 374, 375, 376, 377, 459, 460, 461, 462, 500, 501, 523, 539, 540, 541, 542, 543, 544, 545, 546, 547, 548, 549, 550, 552, 622, 708, 709, 710, 711, 712, 713, 714, 715, 716, 717, 718, 719, 720, 739, 796, 823, 824, 825, 826, 827, 906, 907, 908, 909]","[15, 16, 65, 66, 67, 68, 69, 70, 71, 72, 73, 74, 75, 76, 80, 151, 245, 246, 247, 248, 249, 250, 251, 252, 253, 254, 255, 256, 257, 258, 259, 280, 340, 373, 374, 375, 376, 377, 459, 460, 461, 462, 500, 501, 539, 540, 541, 542, 543, 544, 545, 546, 547, 548, 549, 550, 552, 622, 708, 709, 710, 711, 712, 713, 714, 715, 716, 717, 718, 719, 720, 739, 796, 823, 824, 825, 826, 827, 906, 907, 908, 909]",0/6 successful match,False,,False,384,False,,1.0,True,Pilot Travel Center # 386,Pilot
"Albany , 97322 Carson Chevron Food Mart",541-924-5726 I-5 Exit 233 ( 4175 Santiam Hwy SE ),HRS 24 S NU <U+2610> <U+2610> <U+2610> <U+2610>,Albany,97322,Carson Chevron Food Mart,541-924-5726,2006,Albany,OR,Chevron,( 4175 Santiam Hwy SE ),I-5 Exit 233 ,Exit,233,False,,False,I-5,,,,,[],[],[],"[265, 458, 725, 905]",[],"[105, 114, 138, 141, 152, 153, 154, 155, 157, 159, 164, 165, 176, 182, 191, 192, 194, 195, 196, 200, 204, 208, 209, 210, 211, 215, 226, 228, 241, 242, 243, 245, 248, 249, 250, 257, 261, 270, 271, 282, 287, 289, 291, 294, 296, 298, 306, 308, 309, 311, 314, 327, 333, 335, 337, 576, 585, 609, 612, 623, 624, 626, 627, 629, 631, 636, 637, 647, 653, 662, 663, 665, 666, 667, 671, 674, 678, 679, 680, 681, 690, 692, 705, 706, 707, 709, 711, 712, 713, 719, 721, 729, 730, 741, 746, 748, 750, 753, 755, 757, 764, 766, 767, 769, 772, 785, 791]","[12, 24, 25, 28, 88, 100, 104, 119, 123, 129, 136, 137, 139, 140, 141, 148, 155, 169, 172, 179, 183, 185, 188, 196, 198, 217, 237, 267, 270, 278, 319, 321, 324, 325, 330, 334, 335, 354, 366, 369, 380, 383, 384, 386, 395, 407, 411, 423, 428, 436, 437, 452, 453, 456, 467, 471, 477, 478, 479, 497, 508, 511, 559, 571, 575, 590, 594, 600, 607, 608, 610, 611, 612, 619, 627, 640, 643, 650, 654, 656, 659, 667, 669, 685, 701, 726, 729, 737, 777, 779, 782, 783, 787, 790, 791, 809, 817, 819, 830, 833, 834, 836, 845, 856, 857, 860, 862, 875, 880, 887, 888, 899, 900, 914, 918, 921, 928, 929, 930]","[12, 24, 25, 28, 88, 100, 104, 119, 123, 129, 136, 137, 139, 140, 141, 148, 155, 169, 172, 179, 183, 185, 188, 196, 198, 217, 237, 267, 270, 278, 319, 321, 324, 325, 330, 334, 335, 354, 366, 369, 380, 383, 384, 386, 395, 407, 411, 423, 428, 436, 437, 452, 453, 456, 467, 471, 477, 478, 479, 497, 508, 511, 559, 571, 575, 590, 594, 600, 607, 608, 610, 611, 612, 619, 627, 640, 643, 650, 654, 656, 659, 667, 669, 685, 701, 726, 729, 737, 777, 779, 782, 783, 787, 790, 791, 809, 817, 819, 830, 833, 834, 836, 845, 856, 857, 860, 862, 875, 880, 887, 888, 899, 900, 914, 918, 921, 928, 929, 930]","[12, 24, 25, 28, 559, 571, 575, 576, 585, 590, 594, 88, 600, 607, 608, 609, 610, 611, 612, 100, 104, 105, 619, 623, 624, 114, 626, 627, 629, 631, 119, 123, 636, 637, 640, 129, 643, 647, 136, 137, 138, 139, 140, 141, 653, 650, 654, 656, 659, 148, 662, 663, 152, 153, 154, 155, 665, 157, 666, 159, 667, 671, 674, 669, 164, 165, 678, 679, 680, 681, 169, 172, 685, 176, 690, 179, 692, 182, 183, 185, 188, 701, 191, 192, 705, 194, 195, 196, 706, 707, 709, 200, 711, 712, 713, 204, 198, 719, 208, 209, 210, 211, 721, 725, 726, 215, 729, 730, 217, 737, 226, 228, 741, 746, 748, 237, 750, 241, 242, 243, 753, 245, 755, 757, 248, 249, 250, 764, 766, 767, 257, 769, 772, 261, 265, 777, 267, 779, 270, 271, 782, 785, 783, 787, 278, 791, 790, 282, 287, 289, 291, 294, 296, 809, 298, 817, 306, 819, 308, 309, 311, 314, 830, 319, 321, 833, 834, 324, 325, 836, 327, 330, 333, 334, 335, 845, 337, 856, 857, 860, 862, 354, 875, 366, 880, 369, 887, 888, 380, 383, 384, 386, 899, 900, 905, 395, 914, 918, 407, 921, 411, 928, 929, 930, 423, 428, 436, 437, 452, 453, 456, 458, 467, 471, 477, 478, 479, 497, 508, 511]",False,[],[],[],"[265, 458, 725, 905]","[105, 114, 138, 141, 152, 153, 154, 155, 157, 159, 164, 165, 176, 182, 191, 192, 194, 195, 196, 200, 204, 208, 209, 210, 211, 215, 226, 228, 241, 242, 243, 245, 248, 249, 250, 257, 261, 270, 271, 282, 287, 289, 291, 294, 296, 298, 306, 308, 309, 311, 314, 327, 333, 335, 337, 576, 585, 609, 612, 623, 624, 626, 627, 629, 631, 636, 637, 647, 653, 662, 663, 665, 666, 667, 671, 674, 678, 679, 680, 681, 690, 692, 705, 706, 707, 709, 711, 712, 713, 719, 721, 729, 730, 741, 746, 748, 750, 753, 755, 757, 764, 766, 767, 769, 772, 785, 791]","[12, 24, 25, 28, 88, 100, 104, 119, 123, 129, 136, 137, 139, 140, 141, 148, 155, 169, 172, 179, 183, 185, 188, 196, 198, 217, 237, 267, 270, 278, 319, 321, 324, 325, 330, 334, 335, 354, 366, 369, 380, 383, 384, 386, 395, 407, 411, 423, 428, 436, 437, 452, 453, 456, 467, 471, 477, 478, 479, 497, 508, 511, 559, 571, 575, 590, 594, 600, 607, 608, 610, 611, 612, 619, 627, 640, 643, 650, 654, 656, 659, 667, 669, 685, 701, 726, 729, 737, 777, 779, 782, 783, 787, 790, 791, 809, 817, 819, 830, 833, 834, 836, 845, 856, 857, 860, 862, 875, 880, 887, 888, 899, 900, 914, 918, 921, 928, 929, 930]","[12, 24, 25, 28, 88, 100, 104, 119, 123, 129, 136, 137, 139, 140, 141, 148, 155, 169, 172, 179, 183, 185, 188, 196, 198, 217, 237, 267, 270, 278, 319, 321, 324, 325, 330, 334, 335, 354, 366, 369, 380, 383, 384, 386, 395, 407, 411, 423, 428, 436, 437, 452, 453, 456, 467, 471, 477, 478, 479, 497, 508, 511, 559, 571, 575, 590, 594, 600, 607, 608, 610, 611, 612, 619, 627, 640, 643, 650, 654, 656, 659, 667, 669, 685, 701, 726, 729, 737, 777, 779, 782, 783, 787, 790, 791, 809, 817, 819, 830, 833, 834, 836, 845, 856, 857, 860, 862, 875, 880, 887, 888, 899, 900, 914, 918, 921, 928, 929, 930]",0/6 successful match,False,,False,385,False,,,,,
"Albany , 97322 Carson Chevron Food Mart",541-924-5726 I-5 Exit 233 ( 4175 Santiam Hwy SE ),24 S,Albany,97322,Carson Chevron Food Mart,541-924-5726,2007,Albany,OR,Chevron,( 4175 Santiam Hwy SE ),I-5 Exit 233 ,Exit,233,False,,False,I-5,,,,,[],[],[],"[265, 458, 725, 905]",[],"[105, 114, 138, 141, 152, 153, 154, 155, 157, 159, 164, 165, 176, 182, 191, 192, 194, 195, 196, 200, 204, 208, 209, 210, 211, 215, 226, 228, 241, 242, 243, 245, 248, 249, 250, 257, 261, 270, 271, 282, 287, 289, 291, 294, 296, 298, 306, 308, 309, 311, 314, 327, 333, 335, 337, 576, 585, 609, 612, 623, 624, 626, 627, 629, 631, 636, 637, 647, 653, 662, 663, 665, 666, 667, 671, 674, 678, 679, 680, 681, 690, 692, 705, 706, 707, 709, 711, 712, 713, 719, 721, 729, 730, 741, 746, 748, 750, 753, 755, 757, 764, 766, 767, 769, 772, 785, 791]","[12, 24, 25, 28, 88, 100, 104, 119, 123, 129, 136, 137, 139, 140, 141, 148, 155, 169, 172, 179, 183, 185, 188, 196, 198, 217, 237, 267, 270, 278, 319, 321, 324, 325, 330, 334, 335, 354, 366, 369, 380, 383, 384, 386, 395, 407, 411, 423, 428, 436, 437, 452, 453, 456, 467, 471, 477, 478, 479, 497, 508, 511, 559, 571, 575, 590, 594, 600, 607, 608, 610, 611, 612, 619, 627, 640, 643, 650, 654, 656, 659, 667, 669, 685, 701, 726, 729, 737, 777, 779, 782, 783, 787, 790, 791, 809, 817, 819, 830, 833, 834, 836, 845, 856, 857, 860, 862, 875, 880, 887, 888, 899, 900, 914, 918, 921, 928, 929, 930]","[12, 24, 25, 28, 88, 100, 104, 119, 123, 129, 136, 137, 139, 140, 141, 148, 155, 169, 172, 179, 183, 185, 188, 196, 198, 217, 237, 267, 270, 278, 319, 321, 324, 325, 330, 334, 335, 354, 366, 369, 380, 383, 384, 386, 395, 407, 411, 423, 428, 436, 437, 452, 453, 456, 467, 471, 477, 478, 479, 497, 508, 511, 559, 571, 575, 590, 594, 600, 607, 608, 610, 611, 612, 619, 627, 640, 643, 650, 654, 656, 659, 667, 669, 685, 701, 726, 729, 737, 777, 779, 782, 783, 787, 790, 791, 809, 817, 819, 830, 833, 834, 836, 845, 856, 857, 860, 862, 875, 880, 887, 888, 899, 900, 914, 918, 921, 928, 929, 930]","[12, 24, 25, 28, 559, 571, 575, 576, 585, 590, 594, 88, 600, 607, 608, 609, 610, 611, 612, 100, 104, 105, 619, 623, 624, 114, 626, 627, 629, 631, 119, 123, 636, 637, 640, 129, 643, 647, 136, 137, 138, 139, 140, 141, 653, 650, 654, 656, 659, 148, 662, 663, 152, 153, 154, 155, 665, 157, 666, 159, 667, 671, 674, 669, 164, 165, 678, 679, 680, 681, 169, 172, 685, 176, 690, 179, 692, 182, 183, 185, 188, 701, 191, 192, 705, 194, 195, 196, 706, 707, 709, 200, 711, 712, 713, 204, 198, 719, 208, 209, 210, 211, 721, 725, 726, 215, 729, 730, 217, 737, 226, 228, 741, 746, 748, 237, 750, 241, 242, 243, 753, 245, 755, 757, 248, 249, 250, 764, 766, 767, 257, 769, 772, 261, 265, 777, 267, 779, 270, 271, 782, 785, 783, 787, 278, 791, 790, 282, 287, 289, 291, 294, 296, 809, 298, 817, 306, 819, 308, 309, 311, 314, 830, 319, 321, 833, 834, 324, 325, 836, 327, 330, 333, 334, 335, 845, 337, 856, 857, 860, 862, 354, 875, 366, 880, 369, 887, 888, 380, 383, 384, 386, 899, 900, 905, 395, 914, 918, 407, 921, 411, 928, 929, 930, 423, 428, 436, 437, 452, 453, 456, 458, 467, 471, 477, 478, 479, 497, 508, 511]",False,[],[],[],"[265, 458, 725, 905]","[105, 114, 138, 141, 152, 153, 154, 155, 157, 159, 164, 165, 176, 182, 191, 192, 194, 195, 196, 200, 204, 208, 209, 210, 211, 215, 226, 228, 241, 242, 243, 245, 248, 249, 250, 257, 261, 270, 271, 282, 287, 289, 291, 294, 296, 298, 306, 308, 309, 311, 314, 327, 333, 335, 337, 576, 585, 609, 612, 623, 624, 626, 627, 629, 631, 636, 637, 647, 653, 662, 663, 665, 666, 667, 671, 674, 678, 679, 680, 681, 690, 692, 705, 706, 707, 709, 711, 712, 713, 719, 721, 729, 730, 741, 746, 748, 750, 753, 755, 757, 764, 766, 767, 769, 772, 785, 791]","[12, 24, 25, 28, 88, 100, 104, 119, 123, 129, 136, 137, 139, 140, 141, 148, 155, 169, 172, 179, 183, 185, 188, 196, 198, 217, 237, 267, 270, 278, 319, 321, 324, 325, 330, 334, 335, 354, 366, 369, 380, 383, 384, 386, 395, 407, 411, 423, 428, 436, 437, 452, 453, 456, 467, 471, 477, 478, 479, 497, 508, 511, 559, 571, 575, 590, 594, 600, 607, 608, 610, 611, 612, 619, 627, 640, 643, 650, 654, 656, 659, 667, 669, 685, 701, 726, 729, 737, 777, 779, 782, 783, 787, 790, 791, 809, 817, 819, 830, 833, 834, 836, 845, 856, 857, 860, 862, 875, 880, 887, 888, 899, 900, 914, 918, 921, 928, 929, 930]","[12, 24, 25, 28, 88, 100, 104, 119, 123, 129, 136, 137, 139, 140, 141, 148, 155, 169, 172, 179, 183, 185, 188, 196, 198, 217, 237, 267, 270, 278, 319, 321, 324, 325, 330, 334, 335, 354, 366, 369, 380, 383, 384, 386, 395, 407, 411, 423, 428, 436, 437, 452, 453, 456, 467, 471, 477, 478, 479, 497, 508, 511, 559, 571, 575, 590, 594, 600, 607, 608, 610, 611, 612, 619, 627, 640, 643, 650, 654, 656, 659, 667, 669, 685, 701, 726, 729, 737, 777, 779, 782, 783, 787, 790, 791, 809, 817, 819, 830, 833, 834, 836, 845, 856, 857, 860, 862, 875, 880, 887, 888, 899, 900, 914, 918, 921, 928, 929, 930]",0/6 successful match,False,,False,385,False,,1.0,True,Carson Chevron Food Mart,Chevron
"Albany , 97322 Carson Chevron Food Mart",541-924-5726 I-5 Exit 233 ( 4175 Santiam Hwy SE ),<U+2610> <U+2610>,Albany,97322,Carson Chevron Food Mart,541-924-5726,2008,Albany,OR,Chevron,( 4175 Santiam Hwy SE ),I-5 Exit 233 ,Exit,233,False,,False,I-5,,,,,[],[],[],"[265, 458, 725, 905]",[],"[105, 114, 138, 141, 152, 153, 154, 155, 157, 159, 164, 165, 176, 182, 191, 192, 194, 195, 196, 200, 204, 208, 209, 210, 211, 215, 226, 228, 241, 242, 243, 245, 248, 249, 250, 257, 261, 270, 271, 282, 287, 289, 291, 294, 296, 298, 306, 308, 309, 311, 314, 327, 333, 335, 337, 576, 585, 609, 612, 623, 624, 626, 627, 629, 631, 636, 637, 647, 653, 662, 663, 665, 666, 667, 671, 674, 678, 679, 680, 681, 690, 692, 705, 706, 707, 709, 711, 712, 713, 719, 721, 729, 730, 741, 746, 748, 750, 753, 755, 757, 764, 766, 767, 769, 772, 785, 791]","[12, 24, 25, 28, 88, 100, 104, 119, 123, 129, 136, 137, 139, 140, 141, 148, 155, 169, 172, 179, 183, 185, 188, 196, 198, 217, 237, 267, 270, 278, 319, 321, 324, 325, 330, 334, 335, 354, 366, 369, 380, 383, 384, 386, 395, 407, 411, 423, 428, 436, 437, 452, 453, 456, 467, 471, 477, 478, 479, 497, 508, 511, 559, 571, 575, 590, 594, 600, 607, 608, 610, 611, 612, 619, 627, 640, 643, 650, 654, 656, 659, 667, 669, 685, 701, 726, 729, 737, 777, 779, 782, 783, 787, 790, 791, 809, 817, 819, 830, 833, 834, 836, 845, 856, 857, 860, 862, 875, 880, 887, 888, 899, 900, 914, 918, 921, 928, 929, 930]","[12, 24, 25, 28, 88, 100, 104, 119, 123, 129, 136, 137, 139, 140, 141, 148, 155, 169, 172, 179, 183, 185, 188, 196, 198, 217, 237, 267, 270, 278, 319, 321, 324, 325, 330, 334, 335, 354, 366, 369, 380, 383, 384, 386, 395, 407, 411, 423, 428, 436, 437, 452, 453, 456, 467, 471, 477, 478, 479, 497, 508, 511, 559, 571, 575, 590, 594, 600, 607, 608, 610, 611, 612, 619, 627, 640, 643, 650, 654, 656, 659, 667, 669, 685, 701, 726, 729, 737, 777, 779, 782, 783, 787, 790, 791, 809, 817, 819, 830, 833, 834, 836, 845, 856, 857, 860, 862, 875, 880, 887, 888, 899, 900, 914, 918, 921, 928, 929, 930]","[12, 24, 25, 28, 559, 571, 575, 576, 585, 590, 594, 88, 600, 607, 608, 609, 610, 611, 612, 100, 104, 105, 619, 623, 624, 114, 626, 627, 629, 631, 119, 123, 636, 637, 640, 129, 643, 647, 136, 137, 138, 139, 140, 141, 653, 650, 654, 656, 659, 148, 662, 663, 152, 153, 154, 155, 665, 157, 666, 159, 667, 671, 674, 669, 164, 165, 678, 679, 680, 681, 169, 172, 685, 176, 690, 179, 692, 182, 183, 185, 188, 701, 191, 192, 705, 194, 195, 196, 706, 707, 709, 200, 711, 712, 713, 204, 198, 719, 208, 209, 210, 211, 721, 725, 726, 215, 729, 730, 217, 737, 226, 228, 741, 746, 748, 237, 750, 241, 242, 243, 753, 245, 755, 757, 248, 249, 250, 764, 766, 767, 257, 769, 772, 261, 265, 777, 267, 779, 270, 271, 782, 785, 783, 787, 278, 791, 790, 282, 287, 289, 291, 294, 296, 809, 298, 817, 306, 819, 308, 309, 311, 314, 830, 319, 321, 833, 834, 324, 325, 836, 327, 330, 333, 334, 335, 845, 337, 856, 857, 860, 862, 354, 875, 366, 880, 369, 887, 888, 380, 383, 384, 386, 899, 900, 905, 395, 914, 918, 407, 921, 411, 928, 929, 930, 423, 428, 436, 437, 452, 453, 456, 458, 467, 471, 477, 478, 479, 497, 508, 511]",False,[],[],[],"[265, 458, 725, 905]","[105, 114, 138, 141, 152, 153, 154, 155, 157, 159, 164, 165, 176, 182, 191, 192, 194, 195, 196, 200, 204, 208, 209, 210, 211, 215, 226, 228, 241, 242, 243, 245, 248, 249, 250, 257, 261, 270, 271, 282, 287, 289, 291, 294, 296, 298, 306, 308, 309, 311, 314, 327, 333, 335, 337, 576, 585, 609, 612, 623, 624, 626, 627, 629, 631, 636, 637, 647, 653, 662, 663, 665, 666, 667, 671, 674, 678, 679, 680, 681, 690, 692, 705, 706, 707, 709, 711, 712, 713, 719, 721, 729, 730, 741, 746, 748, 750, 753, 755, 757, 764, 766, 767, 769, 772, 785, 791]","[12, 24, 25, 28, 88, 100, 104, 119, 123, 129, 136, 137, 139, 140, 141, 148, 155, 169, 172, 179, 183, 185, 188, 196, 198, 217, 237, 267, 270, 278, 319, 321, 324, 325, 330, 334, 335, 354, 366, 369, 380, 383, 384, 386, 395, 407, 411, 423, 428, 436, 437, 452, 453, 456, 467, 471, 477, 478, 479, 497, 508, 511, 559, 571, 575, 590, 594, 600, 607, 608, 610, 611, 612, 619, 627, 640, 643, 650, 654, 656, 659, 667, 669, 685, 701, 726, 729, 737, 777, 779, 782, 783, 787, 790, 791, 809, 817, 819, 830, 833, 834, 836, 845, 856, 857, 860, 862, 875, 880, 887, 888, 899, 900, 914, 918, 921, 928, 929, 930]","[12, 24, 25, 28, 88, 100, 104, 119, 123, 129, 136, 137, 139, 140, 141, 148, 155, 169, 172, 179, 183, 185, 188, 196, 198, 217, 237, 267, 270, 278, 319, 321, 324, 325, 330, 334, 335, 354, 366, 369, 380, 383, 384, 386, 395, 407, 411, 423, 428, 436, 437, 452, 453, 456, 467, 471, 477, 478, 479, 497, 508, 511, 559, 571, 575, 590, 594, 600, 607, 608, 610, 611, 612, 619, 627, 640, 643, 650, 654, 656, 659, 667, 669, 685, 701, 726, 729, 737, 777, 779, 782, 783, 787, 790, 791, 809, 817, 819, 830, 833, 834, 836, 845, 856, 857, 860, 862, 875, 880, 887, 888, 899, 900, 914, 918, 921, 928, 929, 930]",0/6 successful match,False,,False,385,False,,1.0,True,Carson Chevron Food Mart,Chevron
Albany ( 97322 ) Carson Chevron Food Mart,541-924-5726 I-5 Exit 233 ( 4175 Santiam Hwy SE ),24 S <U+2610> O,Albany,97322,Carson Chevron Food Mart,541-924-5726,2014,Albany,OR,Chevron,( 4175 Santiam Hwy SE ),I-5 Exit 233 ,Exit,233,False,,False,I-5,,,,,[],[],[],"[265, 458, 725, 905]",[],"[105, 114, 138, 141, 152, 153, 154, 155, 157, 159, 164, 165, 176, 182, 191, 192, 194, 195, 196, 200, 204, 208, 209, 210, 211, 215, 226, 228, 241, 242, 243, 245, 248, 249, 250, 257, 261, 270, 271, 282, 287, 289, 291, 294, 296, 298, 306, 308, 309, 311, 314, 327, 333, 335, 337, 576, 585, 609, 612, 623, 624, 626, 627, 629, 631, 636, 637, 647, 653, 662, 663, 665, 666, 667, 671, 674, 678, 679, 680, 681, 690, 692, 705, 706, 707, 709, 711, 712, 713, 719, 721, 729, 730, 741, 746, 748, 750, 753, 755, 757, 764, 766, 767, 769, 772, 785, 791]","[12, 24, 25, 28, 88, 100, 104, 119, 123, 129, 136, 137, 139, 140, 141, 148, 155, 169, 172, 179, 183, 185, 188, 196, 198, 217, 237, 267, 270, 278, 319, 321, 324, 325, 330, 334, 335, 354, 366, 369, 380, 383, 384, 386, 395, 407, 411, 423, 428, 436, 437, 452, 453, 456, 467, 471, 477, 478, 479, 497, 508, 511, 559, 571, 575, 590, 594, 600, 607, 608, 610, 611, 612, 619, 627, 640, 643, 650, 654, 656, 659, 667, 669, 685, 701, 726, 729, 737, 777, 779, 782, 783, 787, 790, 791, 809, 817, 819, 830, 833, 834, 836, 845, 856, 857, 860, 862, 875, 880, 887, 888, 899, 900, 914, 918, 921, 928, 929, 930]","[12, 24, 25, 28, 88, 100, 104, 119, 123, 129, 136, 137, 139, 140, 141, 148, 155, 169, 172, 179, 183, 185, 188, 196, 198, 217, 237, 267, 270, 278, 319, 321, 324, 325, 330, 334, 335, 354, 366, 369, 380, 383, 384, 386, 395, 407, 411, 423, 428, 436, 437, 452, 453, 456, 467, 471, 477, 478, 479, 497, 508, 511, 559, 571, 575, 590, 594, 600, 607, 608, 610, 611, 612, 619, 627, 640, 643, 650, 654, 656, 659, 667, 669, 685, 701, 726, 729, 737, 777, 779, 782, 783, 787, 790, 791, 809, 817, 819, 830, 833, 834, 836, 845, 856, 857, 860, 862, 875, 880, 887, 888, 899, 900, 914, 918, 921, 928, 929, 930]","[12, 24, 25, 28, 559, 571, 575, 576, 585, 590, 594, 88, 600, 607, 608, 609, 610, 611, 612, 100, 104, 105, 619, 623, 624, 114, 626, 627, 629, 631, 119, 123, 636, 637, 640, 129, 643, 647, 136, 137, 138, 139, 140, 141, 653, 650, 654, 656, 659, 148, 662, 663, 152, 153, 154, 155, 665, 157, 666, 159, 667, 671, 674, 669, 164, 165, 678, 679, 680, 681, 169, 172, 685, 176, 690, 179, 692, 182, 183, 185, 188, 701, 191, 192, 705, 194, 195, 196, 706, 707, 709, 200, 711, 712, 713, 204, 198, 719, 208, 209, 210, 211, 721, 725, 726, 215, 729, 730, 217, 737, 226, 228, 741, 746, 748, 237, 750, 241, 242, 243, 753, 245, 755, 757, 248, 249, 250, 764, 766, 767, 257, 769, 772, 261, 265, 777, 267, 779, 270, 271, 782, 785, 783, 787, 278, 791, 790, 282, 287, 289, 291, 294, 296, 809, 298, 817, 306, 819, 308, 309, 311, 314, 830, 319, 321, 833, 834, 324, 325, 836, 327, 330, 333, 334, 335, 845, 337, 856, 857, 860, 862, 354, 875, 366, 880, 369, 887, 888, 380, 383, 384, 386, 899, 900, 905, 395, 914, 918, 407, 921, 411, 928, 929, 930, 423, 428, 436, 437, 452, 453, 456, 458, 467, 471, 477, 478, 479, 497, 508, 511]",False,[],[],[],"[265, 458, 725, 905]","[105, 114, 138, 141, 152, 153, 154, 155, 157, 159, 164, 165, 176, 182, 191, 192, 194, 195, 196, 200, 204, 208, 209, 210, 211, 215, 226, 228, 241, 242, 243, 245, 248, 249, 250, 257, 261, 270, 271, 282, 287, 289, 291, 294, 296, 298, 306, 308, 309, 311, 314, 327, 333, 335, 337, 576, 585, 609, 612, 623, 624, 626, 627, 629, 631, 636, 637, 647, 653, 662, 663, 665, 666, 667, 671, 674, 678, 679, 680, 681, 690, 692, 705, 706, 707, 709, 711, 712, 713, 719, 721, 729, 730, 741, 746, 748, 750, 753, 755, 757, 764, 766, 767, 769, 772, 785, 791]","[12, 24, 25, 28, 88, 100, 104, 119, 123, 129, 136, 137, 139, 140, 141, 148, 155, 169, 172, 179, 183, 185, 188, 196, 198, 217, 237, 267, 270, 278, 319, 321, 324, 325, 330, 334, 335, 354, 366, 369, 380, 383, 384, 386, 395, 407, 411, 423, 428, 436, 437, 452, 453, 456, 467, 471, 477, 478, 479, 497, 508, 511, 559, 571, 575, 590, 594, 600, 607, 608, 610, 611, 612, 619, 627, 640, 643, 650, 654, 656, 659, 667, 669, 685, 701, 726, 729, 737, 777, 779, 782, 783, 787, 790, 791, 809, 817, 819, 830, 833, 834, 836, 845, 856, 857, 860, 862, 875, 880, 887, 888, 899, 900, 914, 918, 921, 928, 929, 930]","[12, 24, 25, 28, 88, 100, 104, 119, 123, 129, 136, 137, 139, 140, 141, 148, 155, 169, 172, 179, 183, 185, 188, 196, 198, 217, 237, 267, 270, 278, 319, 321, 324, 325, 330, 334, 335, 354, 366, 369, 380, 383, 384, 386, 395, 407, 411, 423, 428, 436, 437, 452, 453, 456, 467, 471, 477, 478, 479, 497, 508, 511, 559, 571, 575, 590, 594, 600, 607, 608, 610, 611, 612, 619, 627, 640, 643, 650, 654, 656, 659, 667, 669, 685, 701, 726, 729, 737, 777, 779, 782, 783, 787, 790, 791, 809, 817, 819, 830, 833, 834, 836, 845, 856, 857, 860, 862, 875, 880, 887, 888, 899, 900, 914, 918, 921, 928, 929, 930]",0/6 successful match,False,,False,385,False,,1.0,True,Carson Chevron Food Mart,Chevron
Albany ( 97322 ) Carson Chevron Food ) Mart,541-924-5726 I-5 Exit 233 ( 4175 Santiam Hwy ),S D,Albany,97322,Carson Chevron Food ) Mart,541-924-5726,2015,Albany,OR,Chevron,( 4175 Santiam Hwy ),I-5 Exit 233 ,Exit,233,False,,False,I-5,,,,,[],[],[],"[265, 458, 725, 905]",[],"[105, 114, 138, 141, 152, 153, 154, 155, 157, 159, 164, 165, 176, 182, 191, 192, 194, 195, 196, 200, 204, 208, 209, 210, 211, 215, 226, 228, 241, 242, 243, 245, 248, 249, 250, 257, 261, 270, 271, 282, 287, 289, 291, 294, 296, 298, 306, 308, 309, 311, 314, 327, 333, 335, 337, 576, 585, 609, 612, 623, 624, 626, 627, 629, 631, 636, 637, 647, 653, 662, 663, 665, 666, 667, 671, 674, 678, 679, 680, 681, 690, 692, 705, 706, 707, 709, 711, 712, 713, 719, 721, 729, 730, 741, 746, 748, 750, 753, 755, 757, 764, 766, 767, 769, 772, 785, 791]","[12, 24, 25, 28, 88, 100, 104, 119, 123, 129, 136, 137, 139, 140, 141, 148, 155, 169, 172, 179, 183, 185, 188, 196, 198, 217, 237, 267, 270, 278, 319, 321, 324, 325, 330, 334, 335, 354, 366, 369, 380, 383, 384, 386, 395, 407, 411, 423, 428, 436, 437, 452, 453, 456, 467, 471, 477, 478, 479, 497, 508, 511, 559, 571, 575, 590, 594, 600, 607, 608, 610, 611, 612, 619, 627, 640, 643, 650, 654, 656, 659, 667, 669, 685, 701, 726, 729, 737, 777, 779, 782, 783, 787, 790, 791, 809, 817, 819, 830, 833, 834, 836, 845, 856, 857, 860, 862, 875, 880, 887, 888, 899, 900, 914, 918, 921, 928, 929, 930]","[12, 24, 25, 28, 88, 100, 104, 119, 123, 129, 136, 137, 139, 140, 141, 148, 155, 169, 172, 179, 183, 185, 188, 196, 198, 217, 237, 267, 270, 278, 319, 321, 324, 325, 330, 334, 335, 354, 366, 369, 380, 383, 384, 386, 395, 407, 411, 423, 428, 436, 437, 452, 453, 456, 467, 471, 477, 478, 479, 497, 508, 511, 559, 571, 575, 590, 594, 600, 607, 608, 610, 611, 612, 619, 627, 640, 643, 650, 654, 656, 659, 667, 669, 685, 701, 726, 729, 737, 777, 779, 782, 783, 787, 790, 791, 809, 817, 819, 830, 833, 834, 836, 845, 856, 857, 860, 862, 875, 880, 887, 888, 899, 900, 914, 918, 921, 928, 929, 930]","[12, 24, 25, 28, 559, 571, 575, 576, 585, 590, 594, 88, 600, 607, 608, 609, 610, 611, 612, 100, 104, 105, 619, 623, 624, 114, 626, 627, 629, 631, 119, 123, 636, 637, 640, 129, 643, 647, 136, 137, 138, 139, 140, 141, 653, 650, 654, 656, 659, 148, 662, 663, 152, 153, 154, 155, 665, 157, 666, 159, 667, 671, 674, 669, 164, 165, 678, 679, 680, 681, 169, 172, 685, 176, 690, 179, 692, 182, 183, 185, 188, 701, 191, 192, 705, 194, 195, 196, 706, 707, 709, 200, 711, 712, 713, 204, 198, 719, 208, 209, 210, 211, 721, 725, 726, 215, 729, 730, 217, 737, 226, 228, 741, 746, 748, 237, 750, 241, 242, 243, 753, 245, 755, 757, 248, 249, 250, 764, 766, 767, 257, 769, 772, 261, 265, 777, 267, 779, 270, 271, 782, 785, 783, 787, 278, 791, 790, 282, 287, 289, 291, 294, 296, 809, 298, 817, 306, 819, 308, 309, 311, 314, 830, 319, 321, 833, 834, 324, 325, 836, 327, 330, 333, 334, 335, 845, 337, 856, 857, 860, 862, 354, 875, 366, 880, 369, 887, 888, 380, 383, 384, 386, 899, 900, 905, 395, 914, 918, 407, 921, 411, 928, 929, 930, 423, 428, 436, 437, 452, 453, 456, 458, 467, 471, 477, 478, 479, 497, 508, 511]",False,[],[],[],"[265, 458, 725, 905]","[105, 114, 138, 141, 152, 153, 154, 155, 157, 159, 164, 165, 176, 182, 191, 192, 194, 195, 196, 200, 204, 208, 209, 210, 211, 215, 226, 228, 241, 242, 243, 245, 248, 249, 250, 257, 261, 270, 271, 282, 287, 289, 291, 294, 296, 298, 306, 308, 309, 311, 314, 327, 333, 335, 337, 576, 585, 609, 612, 623, 624, 626, 627, 629, 631, 636, 637, 647, 653, 662, 663, 665, 666, 667, 671, 674, 678, 679, 680, 681, 690, 692, 705, 706, 707, 709, 711, 712, 713, 719, 721, 729, 730, 741, 746, 748, 750, 753, 755, 757, 764, 766, 767, 769, 772, 785, 791]","[12, 24, 25, 28, 88, 100, 104, 119, 123, 129, 136, 137, 139, 140, 141, 148, 155, 169, 172, 179, 183, 185, 188, 196, 198, 217, 237, 267, 270, 278, 319, 321, 324, 325, 330, 334, 335, 354, 366, 369, 380, 383, 384, 386, 395, 407, 411, 423, 428, 436, 437, 452, 453, 456, 467, 471, 477, 478, 479, 497, 508, 511, 559, 571, 575, 590, 594, 600, 607, 608, 610, 611, 612, 619, 627, 640, 643, 650, 654, 656, 659, 667, 669, 685, 701, 726, 729, 737, 777, 779, 782, 783, 787, 790, 791, 809, 817, 819, 830, 833, 834, 836, 845, 856, 857, 860, 862, 875, 880, 887, 888, 899, 900, 914, 918, 921, 928, 929, 930]","[12, 24, 25, 28, 88, 100, 104, 119, 123, 129, 136, 137, 139, 140, 141, 148, 155, 169, 172, 179, 183, 185, 188, 196, 198, 217, 237, 267, 270, 278, 319, 321, 324, 325, 330, 334, 335, 354, 366, 369, 380, 383, 384, 386, 395, 407, 411, 423, 428, 436, 437, 452, 453, 456, 467, 471, 477, 478, 479, 497, 508, 511, 559, 571, 575, 590, 594, 600, 607, 608, 610, 611, 612, 619, 627, 640, 643, 650, 654, 656, 659, 667, 669, 685, 701, 726, 729, 737, 777, 779, 782, 783, 787, 790, 791, 809, 817, 819, 830, 833, 834, 836, 845, 856, 857, 860, 862, 875, 880, 887, 888, 899, 900, 914, 918, 921, 928, 929, 930]",0/6 successful match,False,,False,385,False,,1.0,True,Carson Chevron Food Mart,Chevron
Albany ( 97322 ) Carson Chevron Food Mart,541-924-5726 I-5 Exit 233 ( 4175 Santiam Hwy ),SO <U+25A1>,Albany,97322,Carson Chevron Food Mart,541-924-5726,2016,Albany,OR,Chevron,( 4175 Santiam Hwy ),I-5 Exit 233 ,Exit,233,False,,False,I-5,,,,,[],[],[],"[265, 458, 725, 905]",[],"[105, 114, 138, 141, 152, 153, 154, 155, 157, 159, 164, 165, 176, 182, 191, 192, 194, 195, 196, 200, 204, 208, 209, 210, 211, 215, 226, 228, 241, 242, 243, 245, 248, 249, 250, 257, 261, 270, 271, 282, 287, 289, 291, 294, 296, 298, 306, 308, 309, 311, 314, 327, 333, 335, 337, 576, 585, 609, 612, 623, 624, 626, 627, 629, 631, 636, 637, 647, 653, 662, 663, 665, 666, 667, 671, 674, 678, 679, 680, 681, 690, 692, 705, 706, 707, 709, 711, 712, 713, 719, 721, 729, 730, 741, 746, 748, 750, 753, 755, 757, 764, 766, 767, 769, 772, 785, 791]","[12, 24, 25, 28, 88, 100, 104, 119, 123, 129, 136, 137, 139, 140, 141, 148, 155, 169, 172, 179, 183, 185, 188, 196, 198, 217, 237, 267, 270, 278, 319, 321, 324, 325, 330, 334, 335, 354, 366, 369, 380, 383, 384, 386, 395, 407, 411, 423, 428, 436, 437, 452, 453, 456, 467, 471, 477, 478, 479, 497, 508, 511, 559, 571, 575, 590, 594, 600, 607, 608, 610, 611, 612, 619, 627, 640, 643, 650, 654, 656, 659, 667, 669, 685, 701, 726, 729, 737, 777, 779, 782, 783, 787, 790, 791, 809, 817, 819, 830, 833, 834, 836, 845, 856, 857, 860, 862, 875, 880, 887, 888, 899, 900, 914, 918, 921, 928, 929, 930]","[12, 24, 25, 28, 88, 100, 104, 119, 123, 129, 136, 137, 139, 140, 141, 148, 155, 169, 172, 179, 183, 185, 188, 196, 198, 217, 237, 267, 270, 278, 319, 321, 324, 325, 330, 334, 335, 354, 366, 369, 380, 383, 384, 386, 395, 407, 411, 423, 428, 436, 437, 452, 453, 456, 467, 471, 477, 478, 479, 497, 508, 511, 559, 571, 575, 590, 594, 600, 607, 608, 610, 611, 612, 619, 627, 640, 643, 650, 654, 656, 659, 667, 669, 685, 701, 726, 729, 737, 777, 779, 782, 783, 787, 790, 791, 809, 817, 819, 830, 833, 834, 836, 845, 856, 857, 860, 862, 875, 880, 887, 888, 899, 900, 914, 918, 921, 928, 929, 930]","[12, 24, 25, 28, 559, 571, 575, 576, 585, 590, 594, 88, 600, 607, 608, 609, 610, 611, 612, 100, 104, 105, 619, 623, 624, 114, 626, 627, 629, 631, 119, 123, 636, 637, 640, 129, 643, 647, 136, 137, 138, 139, 140, 141, 653, 650, 654, 656, 659, 148, 662, 663, 152, 153, 154, 155, 665, 157, 666, 159, 667, 671, 674, 669, 164, 165, 678, 679, 680, 681, 169, 172, 685, 176, 690, 179, 692, 182, 183, 185, 188, 701, 191, 192, 705, 194, 195, 196, 706, 707, 709, 200, 711, 712, 713, 204, 198, 719, 208, 209, 210, 211, 721, 725, 726, 215, 729, 730, 217, 737, 226, 228, 741, 746, 748, 237, 750, 241, 242, 243, 753, 245, 755, 757, 248, 249, 250, 764, 766, 767, 257, 769, 772, 261, 265, 777, 267, 779, 270, 271, 782, 785, 783, 787, 278, 791, 790, 282, 287, 289, 291, 294, 296, 809, 298, 817, 306, 819, 308, 309, 311, 314, 830, 319, 321, 833, 834, 324, 325, 836, 327, 330, 333, 334, 335, 845, 337, 856, 857, 860, 862, 354, 875, 366, 880, 369, 887, 888, 380, 383, 384, 386, 899, 900, 905, 395, 914, 918, 407, 921, 411, 928, 929, 930, 423, 428, 436, 437, 452, 453, 456, 458, 467, 471, 477, 478, 479, 497, 508, 511]",False,[],[],[],"[265, 458, 725, 905]","[105, 114, 138, 141, 152, 153, 154, 155, 157, 159, 164, 165, 176, 182, 191, 192, 194, 195, 196, 200, 204, 208, 209, 210, 211, 215, 226, 228, 241, 242, 243, 245, 248, 249, 250, 257, 261, 270, 271, 282, 287, 289, 291, 294, 296, 298, 306, 308, 309, 311, 314, 327, 333, 335, 337, 576, 585, 609, 612, 623, 624, 626, 627, 629, 631, 636, 637, 647, 653, 662, 663, 665, 666, 667, 671, 674, 678, 679, 680, 681, 690, 692, 705, 706, 707, 709, 711, 712, 713, 719, 721, 729, 730, 741, 746, 748, 750, 753, 755, 757, 764, 766, 767, 769, 772, 785, 791]","[12, 24, 25, 28, 88, 100, 104, 119, 123, 129, 136, 137, 139, 140, 141, 148, 155, 169, 172, 179, 183, 185, 188, 196, 198, 217, 237, 267, 270, 278, 319, 321, 324, 325, 330, 334, 335, 354, 366, 369, 380, 383, 384, 386, 395, 407, 411, 423, 428, 436, 437, 452, 453, 456, 467, 471, 477, 478, 479, 497, 508, 511, 559, 571, 575, 590, 594, 600, 607, 608, 610, 611, 612, 619, 627, 640, 643, 650, 654, 656, 659, 667, 669, 685, 701, 726, 729, 737, 777, 779, 782, 783, 787, 790, 791, 809, 817, 819, 830, 833, 834, 836, 845, 856, 857, 860, 862, 875, 880, 887, 888, 899, 900, 914, 918, 921, 928, 929, 930]","[12, 24, 25, 28, 88, 100, 104, 119, 123, 129, 136, 137, 139, 140, 141, 148, 155, 169, 172, 179, 183, 185, 188, 196, 198, 217, 237, 267, 270, 278, 319, 321, 324, 325, 330, 334, 335, 354, 366, 369, 380, 383, 384, 386, 395, 407, 411, 423, 428, 436, 437, 452, 453, 456, 467, 471, 477, 478, 479, 497, 508, 511, 559, 571, 575, 590, 594, 600, 607, 608, 610, 611, 612, 619, 627, 640, 643, 650, 654, 656, 659, 667, 669, 685, 701, 726, 729, 737, 777, 779, 782, 783, 787, 790, 791, 809, 817, 819, 830, 833, 834, 836, 845, 856, 857, 860, 862, 875, 880, 887, 888, 899, 900, 914, 918, 921, 928, 929, 930]",0/6 successful match,False,,False,385,False,,1.0,True,Carson Chevron Food ) Mart,Chevron
"Halsey , 97348 Pioneer Villa Truck Plaza ( 76 )",541-369-2801 I-5 Exit 216,,Halsey,97348,Pioneer Villa Truck Plaza ( 76 ),541-369-2801,2006,Halsey,OR,,,I-5 Exit 216,Exit,216,False,,False,I-5,,,,,[],[],[],[],[],"[105, 114, 138, 141, 152, 153, 154, 155, 157, 159, 164, 165, 176, 182, 191, 192, 194, 195, 196, 200, 204, 208, 209, 210, 211, 215, 226, 228, 241, 242, 243, 245, 248, 249, 250, 257, 261, 270, 271, 282, 287, 289, 291, 294, 296, 298, 306, 308, 309, 311, 314, 327, 333, 335, 337, 576, 585, 609, 612, 623, 624, 626, 627, 629, 631, 636, 637, 647, 653, 662, 663, 665, 666, 667, 671, 674, 678, 679, 680, 681, 690, 692, 705, 706, 707, 709, 711, 712, 713, 719, 721, 729, 730, 741, 746, 748, 750, 753, 755, 757, 764, 766, 767, 769, 772, 785, 791]",[],"[84, 87, 89, 114, 115, 117, 124, 132, 135, 144, 152, 178, 239, 268, 281, 297, 318, 320, 327, 348, 394, 555, 558, 560, 585, 586, 588, 595, 603, 606, 615, 623, 649, 703, 727, 740, 756, 776, 778, 785, 803, 844]","[555, 558, 560, 576, 585, 586, 588, 595, 84, 87, 89, 603, 606, 609, 612, 615, 105, 623, 624, 114, 626, 627, 629, 115, 631, 117, 636, 637, 124, 132, 647, 135, 649, 138, 141, 653, 144, 662, 663, 152, 153, 154, 667, 155, 157, 665, 159, 666, 671, 674, 164, 165, 678, 679, 680, 681, 176, 690, 178, 692, 182, 191, 192, 705, 194, 195, 196, 706, 707, 709, 200, 711, 712, 713, 204, 719, 208, 209, 210, 211, 721, 215, 727, 729, 730, 226, 228, 741, 740, 746, 748, 750, 239, 241, 242, 243, 753, 245, 755, 757, 248, 249, 250, 756, 764, 766, 767, 257, 769, 772, 261, 776, 778, 268, 270, 271, 785, 791, 281, 282, 287, 289, 291, 803, 294, 296, 297, 298, 306, 308, 309, 311, 314, 318, 320, 327, 844, 333, 335, 337, 348, 394, 703]",False,[],[],[],[],"[105, 114, 138, 141, 152, 153, 154, 155, 157, 159, 164, 165, 176, 182, 191, 192, 194, 195, 196, 200, 204, 208, 209, 210, 211, 215, 226, 228, 241, 242, 243, 245, 248, 249, 250, 257, 261, 270, 271, 282, 287, 289, 291, 294, 296, 298, 306, 308, 309, 311, 314, 327, 333, 335, 337, 576, 585, 609, 612, 623, 624, 626, 627, 629, 631, 636, 637, 647, 653, 662, 663, 665, 666, 667, 671, 674, 678, 679, 680, 681, 690, 692, 705, 706, 707, 709, 711, 712, 713, 719, 721, 729, 730, 741, 746, 748, 750, 753, 755, 757, 764, 766, 767, 769, 772, 785, 791]","[84, 87, 89, 114, 115, 117, 124, 132, 135, 144, 152, 178, 239, 268, 281, 297, 318, 320, 327, 348, 394, 555, 558, 560, 585, 586, 588, 595, 603, 606, 615, 623, 649, 703, 727, 740, 756, 776, 778, 785, 803, 844]",[],0/6 successful match,False,,False,386,False,,,,,
"Halsey , 97348 Pioneer Villa Truck Plaza ( 76 )",541-369-2801 I-5 Exit 216,) M,Halsey,97348,Pioneer Villa Truck Plaza ( 76 ),541-369-2801,2007,Halsey,OR,,,I-5 Exit 216,Exit,216,False,,False,I-5,,,,,[],[],[],[],[],"[105, 114, 138, 141, 152, 153, 154, 155, 157, 159, 164, 165, 176, 182, 191, 192, 194, 195, 196, 200, 204, 208, 209, 210, 211, 215, 226, 228, 241, 242, 243, 245, 248, 249, 250, 257, 261, 270, 271, 282, 287, 289, 291, 294, 296, 298, 306, 308, 309, 311, 314, 327, 333, 335, 337, 576, 585, 609, 612, 623, 624, 626, 627, 629, 631, 636, 637, 647, 653, 662, 663, 665, 666, 667, 671, 674, 678, 679, 680, 681, 690, 692, 705, 706, 707, 709, 711, 712, 713, 719, 721, 729, 730, 741, 746, 748, 750, 753, 755, 757, 764, 766, 767, 769, 772, 785, 791]",[],"[84, 87, 89, 114, 115, 117, 124, 132, 135, 144, 152, 178, 239, 268, 281, 297, 318, 320, 327, 348, 394, 555, 558, 560, 585, 586, 588, 595, 603, 606, 615, 623, 649, 703, 727, 740, 756, 776, 778, 785, 803, 844]","[555, 558, 560, 576, 585, 586, 588, 595, 84, 87, 89, 603, 606, 609, 612, 615, 105, 623, 624, 114, 626, 627, 629, 115, 631, 117, 636, 637, 124, 132, 647, 135, 649, 138, 141, 653, 144, 662, 663, 152, 153, 154, 667, 155, 157, 665, 159, 666, 671, 674, 164, 165, 678, 679, 680, 681, 176, 690, 178, 692, 182, 191, 192, 705, 194, 195, 196, 706, 707, 709, 200, 711, 712, 713, 204, 719, 208, 209, 210, 211, 721, 215, 727, 729, 730, 226, 228, 741, 740, 746, 748, 750, 239, 241, 242, 243, 753, 245, 755, 757, 248, 249, 250, 756, 764, 766, 767, 257, 769, 772, 261, 776, 778, 268, 270, 271, 785, 791, 281, 282, 287, 289, 291, 803, 294, 296, 297, 298, 306, 308, 309, 311, 314, 318, 320, 327, 844, 333, 335, 337, 348, 394, 703]",False,[],[],[],[],"[105, 114, 138, 141, 152, 153, 154, 155, 157, 159, 164, 165, 176, 182, 191, 192, 194, 195, 196, 200, 204, 208, 209, 210, 211, 215, 226, 228, 241, 242, 243, 245, 248, 249, 250, 257, 261, 270, 271, 282, 287, 289, 291, 294, 296, 298, 306, 308, 309, 311, 314, 327, 333, 335, 337, 576, 585, 609, 612, 623, 624, 626, 627, 629, 631, 636, 637, 647, 653, 662, 663, 665, 666, 667, 671, 674, 678, 679, 680, 681, 690, 692, 705, 706, 707, 709, 711, 712, 713, 719, 721, 729, 730, 741, 746, 748, 750, 753, 755, 757, 764, 766, 767, 769, 772, 785, 791]","[84, 87, 89, 114, 115, 117, 124, 132, 135, 144, 152, 178, 239, 268, 281, 297, 318, 320, 327, 348, 394, 555, 558, 560, 585, 586, 588, 595, 603, 606, 615, 623, 649, 703, 727, 740, 756, 776, 778, 785, 803, 844]",[],0/6 successful match,False,,False,386,False,,1.0,True,Pioneer Villa Truck Plaza ( 76 ),
"Halsey , 97348 Pioneer Villa Truck Plaza ( 76 )",541-369-2801 I-5 Exit 216,24 HRS XL 24,Halsey,97348,Pioneer Villa Truck Plaza ( 76 ),541-369-2801,2008,Halsey,OR,,,I-5 Exit 216,Exit,216,False,,False,I-5,,,,,[],[],[],[],[],"[105, 114, 138, 141, 152, 153, 154, 155, 157, 159, 164, 165, 176, 182, 191, 192, 194, 195, 196, 200, 204, 208, 209, 210, 211, 215, 226, 228, 241, 242, 243, 245, 248, 249, 250, 257, 261, 270, 271, 282, 287, 289, 291, 294, 296, 298, 306, 308, 309, 311, 314, 327, 333, 335, 337, 576, 585, 609, 612, 623, 624, 626, 627, 629, 631, 636, 637, 647, 653, 662, 663, 665, 666, 667, 671, 674, 678, 679, 680, 681, 690, 692, 705, 706, 707, 709, 711, 712, 713, 719, 721, 729, 730, 741, 746, 748, 750, 753, 755, 757, 764, 766, 767, 769, 772, 785, 791]",[],"[84, 87, 89, 114, 115, 117, 124, 132, 135, 144, 152, 178, 239, 268, 281, 297, 318, 320, 327, 348, 394, 555, 558, 560, 585, 586, 588, 595, 603, 606, 615, 623, 649, 703, 727, 740, 756, 776, 778, 785, 803, 844]","[555, 558, 560, 576, 585, 586, 588, 595, 84, 87, 89, 603, 606, 609, 612, 615, 105, 623, 624, 114, 626, 627, 629, 115, 631, 117, 636, 637, 124, 132, 647, 135, 649, 138, 141, 653, 144, 662, 663, 152, 153, 154, 667, 155, 157, 665, 159, 666, 671, 674, 164, 165, 678, 679, 680, 681, 176, 690, 178, 692, 182, 191, 192, 705, 194, 195, 196, 706, 707, 709, 200, 711, 712, 713, 204, 719, 208, 209, 210, 211, 721, 215, 727, 729, 730, 226, 228, 741, 740, 746, 748, 750, 239, 241, 242, 243, 753, 245, 755, 757, 248, 249, 250, 756, 764, 766, 767, 257, 769, 772, 261, 776, 778, 268, 270, 271, 785, 791, 281, 282, 287, 289, 291, 803, 294, 296, 297, 298, 306, 308, 309, 311, 314, 318, 320, 327, 844, 333, 335, 337, 348, 394, 703]",False,[],[],[],[],"[105, 114, 138, 141, 152, 153, 154, 155, 157, 159, 164, 165, 176, 182, 191, 192, 194, 195, 196, 200, 204, 208, 209, 210, 211, 215, 226, 228, 241, 242, 243, 245, 248, 249, 250, 257, 261, 270, 271, 282, 287, 289, 291, 294, 296, 298, 306, 308, 309, 311, 314, 327, 333, 335, 337, 576, 585, 609, 612, 623, 624, 626, 627, 629, 631, 636, 637, 647, 653, 662, 663, 665, 666, 667, 671, 674, 678, 679, 680, 681, 690, 692, 705, 706, 707, 709, 711, 712, 713, 719, 721, 729, 730, 741, 746, 748, 750, 753, 755, 757, 764, 766, 767, 769, 772, 785, 791]","[84, 87, 89, 114, 115, 117, 124, 132, 135, 144, 152, 178, 239, 268, 281, 297, 318, 320, 327, 348, 394, 555, 558, 560, 585, 586, 588, 595, 603, 606, 615, 623, 649, 703, 727, 740, 756, 776, 778, 785, 803, 844]",[],0/6 successful match,False,,False,386,False,,1.0,True,Pioneer Villa Truck Plaza ( 76 ),
Halsey ( 97348 ) Pioneer Villa Truck Plaza ( 76 ),541-369-2801 I-5 Exit 216,24 XL <U+2610> 24,Halsey,97348,Pioneer Villa Truck Plaza ( 76 ),541-369-2801,2014,Halsey,OR,,,I-5 Exit 216,Exit,216,False,,False,I-5,,,,,[],[],[],[],[],"[105, 114, 138, 141, 152, 153, 154, 155, 157, 159, 164, 165, 176, 182, 191, 192, 194, 195, 196, 200, 204, 208, 209, 210, 211, 215, 226, 228, 241, 242, 243, 245, 248, 249, 250, 257, 261, 270, 271, 282, 287, 289, 291, 294, 296, 298, 306, 308, 309, 311, 314, 327, 333, 335, 337, 576, 585, 609, 612, 623, 624, 626, 627, 629, 631, 636, 637, 647, 653, 662, 663, 665, 666, 667, 671, 674, 678, 679, 680, 681, 690, 692, 705, 706, 707, 709, 711, 712, 713, 719, 721, 729, 730, 741, 746, 748, 750, 753, 755, 757, 764, 766, 767, 769, 772, 785, 791]",[],"[84, 87, 89, 114, 115, 117, 124, 132, 135, 144, 152, 178, 239, 268, 281, 297, 318, 320, 327, 348, 394, 555, 558, 560, 585, 586, 588, 595, 603, 606, 615, 623, 649, 703, 727, 740, 756, 776, 778, 785, 803, 844]","[555, 558, 560, 576, 585, 586, 588, 595, 84, 87, 89, 603, 606, 609, 612, 615, 105, 623, 624, 114, 626, 627, 629, 115, 631, 117, 636, 637, 124, 132, 647, 135, 649, 138, 141, 653, 144, 662, 663, 152, 153, 154, 667, 155, 157, 665, 159, 666, 671, 674, 164, 165, 678, 679, 680, 681, 176, 690, 178, 692, 182, 191, 192, 705, 194, 195, 196, 706, 707, 709, 200, 711, 712, 713, 204, 719, 208, 209, 210, 211, 721, 215, 727, 729, 730, 226, 228, 741, 740, 746, 748, 750, 239, 241, 242, 243, 753, 245, 755, 757, 248, 249, 250, 756, 764, 766, 767, 257, 769, 772, 261, 776, 778, 268, 270, 271, 785, 791, 281, 282, 287, 289, 291, 803, 294, 296, 297, 298, 306, 308, 309, 311, 314, 318, 320, 327, 844, 333, 335, 337, 348, 394, 703]",False,[],[],[],[],"[105, 114, 138, 141, 152, 153, 154, 155, 157, 159, 164, 165, 176, 182, 191, 192, 194, 195, 196, 200, 204, 208, 209, 210, 211, 215, 226, 228, 241, 242, 243, 245, 248, 249, 250, 257, 261, 270, 271, 282, 287, 289, 291, 294, 296, 298, 306, 308, 309, 311, 314, 327, 333, 335, 337, 576, 585, 609, 612, 623, 624, 626, 627, 629, 631, 636, 637, 647, 653, 662, 663, 665, 666, 667, 671, 674, 678, 679, 680, 681, 690, 692, 705, 706, 707, 709, 711, 712, 713, 719, 721, 729, 730, 741, 746, 748, 750, 753, 755, 757, 764, 766, 767, 769, 772, 785, 791]","[84, 87, 89, 114, 115, 117, 124, 132, 135, 144, 152, 178, 239, 268, 281, 297, 318, 320, 327, 348, 394, 555, 558, 560, 585, 586, 588, 595, 603, 606, 615, 623, 649, 703, 727, 740, 756, 776, 778, 785, 803, 844]",[],0/6 successful match,False,,False,386,False,,1.0,True,Pioneer Villa Truck Plaza ( 76 ),
Halsey ( 97348 ) Pioneer Villa Truck Plaza ( 76 ),541-369-2801 I-5 Exit 216,24 XL <U+25A1> 24,Halsey,97348,Pioneer Villa Truck Plaza ( 76 ),541-369-2801,2015,Halsey,OR,,,I-5 Exit 216,Exit,216,False,,False,I-5,,,,,[],[],[],[],[],"[105, 114, 138, 141, 152, 153, 154, 155, 157, 159, 164, 165, 176, 182, 191, 192, 194, 195, 196, 200, 204, 208, 209, 210, 211, 215, 226, 228, 241, 242, 243, 245, 248, 249, 250, 257, 261, 270, 271, 282, 287, 289, 291, 294, 296, 298, 306, 308, 309, 311, 314, 327, 333, 335, 337, 576, 585, 609, 612, 623, 624, 626, 627, 629, 631, 636, 637, 647, 653, 662, 663, 665, 666, 667, 671, 674, 678, 679, 680, 681, 690, 692, 705, 706, 707, 709, 711, 712, 713, 719, 721, 729, 730, 741, 746, 748, 750, 753, 755, 757, 764, 766, 767, 769, 772, 785, 791]",[],"[84, 87, 89, 114, 115, 117, 124, 132, 135, 144, 152, 178, 239, 268, 281, 297, 318, 320, 327, 348, 394, 555, 558, 560, 585, 586, 588, 595, 603, 606, 615, 623, 649, 703, 727, 740, 756, 776, 778, 785, 803, 844]","[555, 558, 560, 576, 585, 586, 588, 595, 84, 87, 89, 603, 606, 609, 612, 615, 105, 623, 624, 114, 626, 627, 629, 115, 631, 117, 636, 637, 124, 132, 647, 135, 649, 138, 141, 653, 144, 662, 663, 152, 153, 154, 667, 155, 157, 665, 159, 666, 671, 674, 164, 165, 678, 679, 680, 681, 176, 690, 178, 692, 182, 191, 192, 705, 194, 195, 196, 706, 707, 709, 200, 711, 712, 713, 204, 719, 208, 209, 210, 211, 721, 215, 727, 729, 730, 226, 228, 741, 740, 746, 748, 750, 239, 241, 242, 243, 753, 245, 755, 757, 248, 249, 250, 756, 764, 766, 767, 257, 769, 772, 261, 776, 778, 268, 270, 271, 785, 791, 281, 282, 287, 289, 291, 803, 294, 296, 297, 298, 306, 308, 309, 311, 314, 318, 320, 327, 844, 333, 335, 337, 348, 394, 703]",False,[],[],[],[],"[105, 114, 138, 141, 152, 153, 154, 155, 157, 159, 164, 165, 176, 182, 191, 192, 194, 195, 196, 200, 204, 208, 209, 210, 211, 215, 226, 228, 241, 242, 243, 245, 248, 249, 250, 257, 261, 270, 271, 282, 287, 289, 291, 294, 296, 298, 306, 308, 309, 311, 314, 327, 333, 335, 337, 576, 585, 609, 612, 623, 624, 626, 627, 629, 631, 636, 637, 647, 653, 662, 663, 665, 666, 667, 671, 674, 678, 679, 680, 681, 690, 692, 705, 706, 707, 709, 711, 712, 713, 719, 721, 729, 730, 741, 746, 748, 750, 753, 755, 757, 764, 766, 767, 769, 772, 785, 791]","[84, 87, 89, 114, 115, 117, 124, 132, 135, 144, 152, 178, 239, 268, 281, 297, 318, 320, 327, 348, 394, 555, 558, 560, 585, 586, 588, 595, 603, 606, 615, 623, 649, 703, 727, 740, 756, 776, 778, 785, 803, 844]",[],0/6 successful match,False,,False,386,False,,1.0,True,Pioneer Villa Truck Plaza ( 76 ),
Halsey ( 97348 ) Pioneer Villa Truck Plaza ( 76 ),541-369-2801 I-5 Exit 216,24 XL <U+2610> 24 TR,Halsey,97348,Pioneer Villa Truck Plaza ( 76 ),541-369-2801,2016,Halsey,OR,,,I-5 Exit 216,Exit,216,False,,False,I-5,,,,,[],[],[],[],[],"[105, 114, 138, 141, 152, 153, 154, 155, 157, 159, 164, 165, 176, 182, 191, 192, 194, 195, 196, 200, 204, 208, 209, 210, 211, 215, 226, 228, 241, 242, 243, 245, 248, 249, 250, 257, 261, 270, 271, 282, 287, 289, 291, 294, 296, 298, 306, 308, 309, 311, 314, 327, 333, 335, 337, 576, 585, 609, 612, 623, 624, 626, 627, 629, 631, 636, 637, 647, 653, 662, 663, 665, 666, 667, 671, 674, 678, 679, 680, 681, 690, 692, 705, 706, 707, 709, 711, 712, 713, 719, 721, 729, 730, 741, 746, 748, 750, 753, 755, 757, 764, 766, 767, 769, 772, 785, 791]",[],"[84, 87, 89, 114, 115, 117, 124, 132, 135, 144, 152, 178, 239, 268, 281, 297, 318, 320, 327, 348, 394, 555, 558, 560, 585, 586, 588, 595, 603, 606, 615, 623, 649, 703, 727, 740, 756, 776, 778, 785, 803, 844]","[555, 558, 560, 576, 585, 586, 588, 595, 84, 87, 89, 603, 606, 609, 612, 615, 105, 623, 624, 114, 626, 627, 629, 115, 631, 117, 636, 637, 124, 132, 647, 135, 649, 138, 141, 653, 144, 662, 663, 152, 153, 154, 667, 155, 157, 665, 159, 666, 671, 674, 164, 165, 678, 679, 680, 681, 176, 690, 178, 692, 182, 191, 192, 705, 194, 195, 196, 706, 707, 709, 200, 711, 712, 713, 204, 719, 208, 209, 210, 211, 721, 215, 727, 729, 730, 226, 228, 741, 740, 746, 748, 750, 239, 241, 242, 243, 753, 245, 755, 757, 248, 249, 250, 756, 764, 766, 767, 257, 769, 772, 261, 776, 778, 268, 270, 271, 785, 791, 281, 282, 287, 289, 291, 803, 294, 296, 297, 298, 306, 308, 309, 311, 314, 318, 320, 327, 844, 333, 335, 337, 348, 394, 703]",False,[],[],[],[],"[105, 114, 138, 141, 152, 153, 154, 155, 157, 159, 164, 165, 176, 182, 191, 192, 194, 195, 196, 200, 204, 208, 209, 210, 211, 215, 226, 228, 241, 242, 243, 245, 248, 249, 250, 257, 261, 270, 271, 282, 287, 289, 291, 294, 296, 298, 306, 308, 309, 311, 314, 327, 333, 335, 337, 576, 585, 609, 612, 623, 624, 626, 627, 629, 631, 636, 637, 647, 653, 662, 663, 665, 666, 667, 671, 674, 678, 679, 680, 681, 690, 692, 705, 706, 707, 709, 711, 712, 713, 719, 721, 729, 730, 741, 746, 748, 750, 753, 755, 757, 764, 766, 767, 769, 772, 785, 791]","[84, 87, 89, 114, 115, 117, 124, 132, 135, 144, 152, 178, 239, 268, 281, 297, 318, 320, 327, 348, 394, 555, 558, 560, 585, 586, 588, 595, 603, 606, 615, 623, 649, 703, 727, 740, 756, 776, 778, 785, 803, 844]",[],0/6 successful match,False,,False,386,False,,1.0,True,Pioneer Villa Truck Plaza ( 76 ),
"Coburg , 97408 TravelCenters of America / Truck ' N Travel",LO 2541-485-2137 I-5 Exit 199,24 HRS XL <U+2610>,Coburg,97408,TravelCenters of America / Truck ' N Travel,541-485-2137,2006,Eugene,OR,TravelCenters,,I-5 Exit 199,Exit,199,False,,False,I-5,,,,,[],[],[],"[214, 684]",[],"[105, 114, 138, 141, 152, 153, 154, 155, 157, 159, 164, 165, 176, 182, 191, 192, 194, 195, 196, 200, 204, 208, 209, 210, 211, 215, 226, 228, 241, 242, 243, 245, 248, 249, 250, 257, 261, 270, 271, 282, 287, 289, 291, 294, 296, 298, 306, 308, 309, 311, 314, 327, 333, 335, 337, 576, 585, 609, 612, 623, 624, 626, 627, 629, 631, 636, 637, 647, 653, 662, 663, 665, 666, 667, 671, 674, 678, 679, 680, 681, 690, 692, 705, 706, 707, 709, 711, 712, 713, 719, 721, 729, 730, 741, 746, 748, 750, 753, 755, 757, 764, 766, 767, 769, 772, 785, 791]","[98, 476, 481, 569, 924, 925]",[],"[569, 576, 585, 609, 98, 612, 105, 623, 624, 114, 626, 627, 629, 631, 636, 637, 647, 138, 141, 653, 662, 663, 152, 153, 154, 667, 155, 157, 665, 159, 666, 671, 674, 164, 165, 678, 679, 680, 681, 684, 176, 690, 692, 182, 191, 192, 705, 194, 195, 196, 706, 707, 709, 200, 711, 712, 713, 204, 719, 208, 209, 210, 211, 721, 214, 215, 729, 730, 226, 228, 741, 746, 748, 750, 241, 242, 243, 753, 245, 755, 757, 248, 249, 250, 764, 766, 767, 257, 769, 772, 261, 270, 271, 785, 791, 282, 287, 289, 291, 294, 296, 298, 306, 308, 309, 311, 314, 327, 333, 335, 337, 924, 925, 476, 481]",False,[],[],[],"[214, 684]","[105, 114, 138, 141, 152, 153, 154, 155, 157, 159, 164, 165, 176, 182, 191, 192, 194, 195, 196, 200, 204, 208, 209, 210, 211, 215, 226, 228, 241, 242, 243, 245, 248, 249, 250, 257, 261, 270, 271, 282, 287, 289, 291, 294, 296, 298, 306, 308, 309, 311, 314, 327, 333, 335, 337, 576, 585, 609, 612, 623, 624, 626, 627, 629, 631, 636, 637, 647, 653, 662, 663, 665, 666, 667, 671, 674, 678, 679, 680, 681, 690, 692, 705, 706, 707, 709, 711, 712, 713, 719, 721, 729, 730, 741, 746, 748, 750, 753, 755, 757, 764, 766, 767, 769, 772, 785, 791]",[],"[98, 476, 481, 569, 924, 925]",0/6 successful match,False,,False,387,False,,,,,
"5 DCoburg 2541-485-2137 , 97408 I-5 TravelCenters Exit 199 of America",TA,,Coburg,97408,I-5 TravelCenters Exit 199 of America,541-485-2137,2007,Eugene,OR,TravelCenters,,TA,empty,199,False,,False,TA,,,,,[],[],[],"[214, 684]",[],[],"[98, 476, 481, 569, 924, 925]",[],"[481, 98, 924, 684, 214, 569, 476, 925]",False,[],[],[],"[214, 684]",[],[],"[98, 476, 481, 569, 924, 925]",0/6 successful match,False,,False,387,False,,0.9466666666666667,True,TravelCenters of America / Truck ' N Travel,TravelCenters
"Coburg , 97408 TA Truck ' N Travel",541-485-2137 I-5 Exit 199 TA,24 X <U+2610> 24,Coburg,97408,TA Truck ' N Travel,541-485-2137,2008,Eugene,OR,,,I-5 Exit 199 TA,Exit,199,False,,False,I-5,,,,,[],[],[],"[214, 684]",[],"[105, 114, 138, 141, 152, 153, 154, 155, 157, 159, 164, 165, 176, 182, 191, 192, 194, 195, 196, 200, 204, 208, 209, 210, 211, 215, 226, 228, 241, 242, 243, 245, 248, 249, 250, 257, 261, 270, 271, 282, 287, 289, 291, 294, 296, 298, 306, 308, 309, 311, 314, 327, 333, 335, 337, 576, 585, 609, 612, 623, 624, 626, 627, 629, 631, 636, 637, 647, 653, 662, 663, 665, 666, 667, 671, 674, 678, 679, 680, 681, 690, 692, 705, 706, 707, 709, 711, 712, 713, 719, 721, 729, 730, 741, 746, 748, 750, 753, 755, 757, 764, 766, 767, 769, 772, 785, 791]",[],"[301, 476, 924, 925]","[576, 585, 609, 612, 105, 623, 624, 114, 626, 627, 629, 631, 636, 637, 647, 138, 141, 653, 662, 663, 152, 153, 154, 667, 155, 157, 665, 159, 666, 671, 674, 164, 165, 678, 679, 680, 681, 684, 176, 690, 692, 182, 191, 192, 705, 194, 195, 196, 706, 707, 709, 200, 711, 712, 713, 204, 719, 208, 209, 210, 211, 721, 214, 215, 729, 730, 226, 228, 741, 746, 748, 750, 241, 242, 243, 753, 245, 755, 757, 248, 249, 250, 764, 766, 767, 257, 769, 772, 261, 270, 271, 785, 791, 282, 287, 289, 291, 294, 296, 298, 301, 306, 308, 309, 311, 314, 327, 333, 335, 337, 924, 925, 476]",False,[],[],[],"[214, 684]","[105, 114, 138, 141, 152, 153, 154, 155, 157, 159, 164, 165, 176, 182, 191, 192, 194, 195, 196, 200, 204, 208, 209, 210, 211, 215, 226, 228, 241, 242, 243, 245, 248, 249, 250, 257, 261, 270, 271, 282, 287, 289, 291, 294, 296, 298, 306, 308, 309, 311, 314, 327, 333, 335, 337, 576, 585, 609, 612, 623, 624, 626, 627, 629, 631, 636, 637, 647, 653, 662, 663, 665, 666, 667, 671, 674, 678, 679, 680, 681, 690, 692, 705, 706, 707, 709, 711, 712, 713, 719, 721, 729, 730, 741, 746, 748, 750, 753, 755, 757, 764, 766, 767, 769, 772, 785, 791]","[301, 476, 924, 925]",[],0/6 successful match,False,,False,387,False,,0.25,True,I-5 TravelCenters Exit 199 of America,TravelCenters
D Coburg ( 97408 ) TA Coburg # 078 ( Shell ),541-485-2137 I-5 Exit 199,A XL <U+2610>,Coburg,97408,TA Coburg # 078 ( Shell ),541-485-2137,2014,Eugene,OR,Shell,,I-5 Exit 199,Exit,199,False,,False,I-5,,,,,[],[],[],"[214, 684]",[],"[105, 114, 138, 141, 152, 153, 154, 155, 157, 159, 164, 165, 176, 182, 191, 192, 194, 195, 196, 200, 204, 208, 209, 210, 211, 215, 226, 228, 241, 242, 243, 245, 248, 249, 250, 257, 261, 270, 271, 282, 287, 289, 291, 294, 296, 298, 306, 308, 309, 311, 314, 327, 333, 335, 337, 576, 585, 609, 612, 623, 624, 626, 627, 629, 631, 636, 637, 647, 653, 662, 663, 665, 666, 667, 671, 674, 678, 679, 680, 681, 690, 692, 705, 706, 707, 709, 711, 712, 713, 719, 721, 729, 730, 741, 746, 748, 750, 753, 755, 757, 764, 766, 767, 769, 772, 785, 791]","[1, 13, 14, 29, 54, 55, 56, 57, 58, 60, 102, 118, 125, 127, 130, 134, 146, 149, 153, 175, 182, 187, 189, 191, 197, 225, 230, 238, 264, 265, 266, 286, 302, 317, 336, 379, 388, 389, 425, 454, 458, 463, 475, 487, 498, 499, 512, 530, 531, 532, 533, 534, 536, 573, 589, 596, 598, 601, 605, 617, 620, 624, 646, 653, 658, 660, 662, 668, 689, 694, 702, 724, 725, 745, 760, 775, 793, 829, 838, 839, 877, 901, 903, 905, 910, 923]","[1, 13, 14, 29, 54, 55, 56, 57, 58, 60, 102, 118, 125, 127, 130, 134, 146, 149, 153, 175, 182, 187, 189, 191, 197, 225, 230, 238, 264, 265, 266, 286, 301, 302, 317, 336, 354, 379, 388, 389, 425, 454, 458, 463, 475, 476, 487, 498, 499, 512, 530, 531, 532, 533, 534, 536, 573, 589, 596, 598, 601, 605, 617, 620, 624, 646, 653, 658, 660, 662, 668, 689, 694, 702, 724, 725, 745, 760, 775, 793, 809, 829, 838, 839, 877, 901, 903, 905, 910, 923, 924, 925]","[512, 1, 13, 14, 530, 531, 532, 533, 534, 536, 29, 54, 55, 56, 57, 58, 60, 573, 576, 585, 589, 596, 598, 601, 605, 609, 612, 102, 105, 617, 620, 623, 624, 114, 626, 627, 629, 118, 631, 636, 637, 125, 127, 130, 134, 647, 646, 138, 141, 653, 146, 658, 660, 149, 662, 663, 152, 153, 154, 667, 155, 157, 665, 159, 666, 671, 674, 668, 164, 165, 678, 679, 680, 681, 684, 175, 176, 689, 690, 692, 182, 694, 187, 189, 702, 191, 192, 705, 194, 195, 196, 706, 707, 709, 200, 711, 712, 713, 204, 197, 719, 208, 209, 210, 211, 721, 724, 214, 215, 725, 729, 730, 225, 226, 228, 741, 230, 745, 746, 748, 750, 238, 241, 242, 243, 753, 245, 755, 757, 248, 249, 250, 760, 764, 766, 767, 257, 769, 772, 261, 775, 264, 265, 266, 270, 271, 785, 791, 793, 282, 286, 287, 289, 291, 294, 296, 809, 298, 301, 302, 306, 308, 309, 311, 314, 317, 829, 838, 327, 839, 333, 335, 336, 337, 354, 877, 379, 388, 389, 901, 903, 905, 910, 923, 924, 925, 425, 454, 458, 463, 475, 476, 487, 498, 499]",False,[],[],[],"[214, 684]","[105, 114, 138, 141, 152, 153, 154, 155, 157, 159, 164, 165, 176, 182, 191, 192, 194, 195, 196, 200, 204, 208, 209, 210, 211, 215, 226, 228, 241, 242, 243, 245, 248, 249, 250, 257, 261, 270, 271, 282, 287, 289, 291, 294, 296, 298, 306, 308, 309, 311, 314, 327, 333, 335, 337, 576, 585, 609, 612, 623, 624, 626, 627, 629, 631, 636, 637, 647, 653, 662, 663, 665, 666, 667, 671, 674, 678, 679, 680, 681, 690, 692, 705, 706, 707, 709, 711, 712, 713, 719, 721, 729, 730, 741, 746, 748, 750, 753, 755, 757, 764, 766, 767, 769, 772, 785, 791]","[1, 13, 14, 29, 54, 55, 56, 57, 58, 60, 102, 118, 125, 127, 130, 134, 146, 149, 153, 175, 182, 187, 189, 191, 197, 225, 230, 238, 264, 265, 266, 286, 301, 302, 317, 336, 354, 379, 388, 389, 425, 454, 458, 463, 475, 476, 487, 498, 499, 512, 530, 531, 532, 533, 534, 536, 573, 589, 596, 598, 601, 605, 617, 620, 624, 646, 653, 658, 660, 662, 668, 689, 694, 702, 724, 725, 745, 760, 775, 793, 809, 829, 838, 839, 877, 901, 903, 905, 910, 923, 924, 925]","[1, 13, 14, 29, 54, 55, 56, 57, 58, 60, 102, 118, 125, 127, 130, 134, 146, 149, 153, 175, 182, 187, 189, 191, 197, 225, 230, 238, 264, 265, 266, 286, 302, 317, 336, 379, 388, 389, 425, 454, 458, 463, 475, 487, 498, 499, 512, 530, 531, 532, 533, 534, 536, 573, 589, 596, 598, 601, 605, 617, 620, 624, 646, 653, 658, 660, 662, 668, 689, 694, 702, 724, 725, 745, 760, 775, 793, 829, 838, 839, 877, 901, 903, 905, 910, 923]",0/6 successful match,False,,False,387,False,,0.3181818181818182,True,TA Truck ' N Travel,
D Coburg ( 97408 ) TA Coburg # 078 ( Shell ),541-485-2137 I-5 Exit 199,NAS 24 XL,Coburg,97408,TA Coburg # 078 ( Shell ),541-485-2137,2015,Eugene,OR,Shell,,I-5 Exit 199,Exit,199,False,,False,I-5,,,,,[],[],[],"[214, 684]",[],"[105, 114, 138, 141, 152, 153, 154, 155, 157, 159, 164, 165, 176, 182, 191, 192, 194, 195, 196, 200, 204, 208, 209, 210, 211, 215, 226, 228, 241, 242, 243, 245, 248, 249, 250, 257, 261, 270, 271, 282, 287, 289, 291, 294, 296, 298, 306, 308, 309, 311, 314, 327, 333, 335, 337, 576, 585, 609, 612, 623, 624, 626, 627, 629, 631, 636, 637, 647, 653, 662, 663, 665, 666, 667, 671, 674, 678, 679, 680, 681, 690, 692, 705, 706, 707, 709, 711, 712, 713, 719, 721, 729, 730, 741, 746, 748, 750, 753, 755, 757, 764, 766, 767, 769, 772, 785, 791]","[1, 13, 14, 29, 54, 55, 56, 57, 58, 60, 102, 118, 125, 127, 130, 134, 146, 149, 153, 175, 182, 187, 189, 191, 197, 225, 230, 238, 264, 265, 266, 286, 302, 317, 336, 379, 388, 389, 425, 454, 458, 463, 475, 487, 498, 499, 512, 530, 531, 532, 533, 534, 536, 573, 589, 596, 598, 601, 605, 617, 620, 624, 646, 653, 658, 660, 662, 668, 689, 694, 702, 724, 725, 745, 760, 775, 793, 829, 838, 839, 877, 901, 903, 905, 910, 923]","[1, 13, 14, 29, 54, 55, 56, 57, 58, 60, 102, 118, 125, 127, 130, 134, 146, 149, 153, 175, 182, 187, 189, 191, 197, 225, 230, 238, 264, 265, 266, 286, 301, 302, 317, 336, 354, 379, 388, 389, 425, 454, 458, 463, 475, 476, 487, 498, 499, 512, 530, 531, 532, 533, 534, 536, 573, 589, 596, 598, 601, 605, 617, 620, 624, 646, 653, 658, 660, 662, 668, 689, 694, 702, 724, 725, 745, 760, 775, 793, 809, 829, 838, 839, 877, 901, 903, 905, 910, 923, 924, 925]","[512, 1, 13, 14, 530, 531, 532, 533, 534, 536, 29, 54, 55, 56, 57, 58, 60, 573, 576, 585, 589, 596, 598, 601, 605, 609, 612, 102, 105, 617, 620, 623, 624, 114, 626, 627, 629, 118, 631, 636, 637, 125, 127, 130, 134, 647, 646, 138, 141, 653, 146, 658, 660, 149, 662, 663, 152, 153, 154, 667, 155, 157, 665, 159, 666, 671, 674, 668, 164, 165, 678, 679, 680, 681, 684, 175, 176, 689, 690, 692, 182, 694, 187, 189, 702, 191, 192, 705, 194, 195, 196, 706, 707, 709, 200, 711, 712, 713, 204, 197, 719, 208, 209, 210, 211, 721, 724, 214, 215, 725, 729, 730, 225, 226, 228, 741, 230, 745, 746, 748, 750, 238, 241, 242, 243, 753, 245, 755, 757, 248, 249, 250, 760, 764, 766, 767, 257, 769, 772, 261, 775, 264, 265, 266, 270, 271, 785, 791, 793, 282, 286, 287, 289, 291, 294, 296, 809, 298, 301, 302, 306, 308, 309, 311, 314, 317, 829, 838, 327, 839, 333, 335, 336, 337, 354, 877, 379, 388, 389, 901, 903, 905, 910, 923, 924, 925, 425, 454, 458, 463, 475, 476, 487, 498, 499]",False,[],[],[],"[214, 684]","[105, 114, 138, 141, 152, 153, 154, 155, 157, 159, 164, 165, 176, 182, 191, 192, 194, 195, 196, 200, 204, 208, 209, 210, 211, 215, 226, 228, 241, 242, 243, 245, 248, 249, 250, 257, 261, 270, 271, 282, 287, 289, 291, 294, 296, 298, 306, 308, 309, 311, 314, 327, 333, 335, 337, 576, 585, 609, 612, 623, 624, 626, 627, 629, 631, 636, 637, 647, 653, 662, 663, 665, 666, 667, 671, 674, 678, 679, 680, 681, 690, 692, 705, 706, 707, 709, 711, 712, 713, 719, 721, 729, 730, 741, 746, 748, 750, 753, 755, 757, 764, 766, 767, 769, 772, 785, 791]","[1, 13, 14, 29, 54, 55, 56, 57, 58, 60, 102, 118, 125, 127, 130, 134, 146, 149, 153, 175, 182, 187, 189, 191, 197, 225, 230, 238, 264, 265, 266, 286, 301, 302, 317, 336, 354, 379, 388, 389, 425, 454, 458, 463, 475, 476, 487, 498, 499, 512, 530, 531, 532, 533, 534, 536, 573, 589, 596, 598, 601, 605, 617, 620, 624, 646, 653, 658, 660, 662, 668, 689, 694, 702, 724, 725, 745, 760, 775, 793, 809, 829, 838, 839, 877, 901, 903, 905, 910, 923, 924, 925]","[1, 13, 14, 29, 54, 55, 56, 57, 58, 60, 102, 118, 125, 127, 130, 134, 146, 149, 153, 175, 182, 187, 189, 191, 197, 225, 230, 238, 264, 265, 266, 286, 302, 317, 336, 379, 388, 389, 425, 454, 458, 463, 475, 487, 498, 499, 512, 530, 531, 532, 533, 534, 536, 573, 589, 596, 598, 601, 605, 617, 620, 624, 646, 653, 658, 660, 662, 668, 689, 694, 702, 724, 725, 745, 760, 775, 793, 829, 838, 839, 877, 901, 903, 905, 910, 923]",0/6 successful match,False,,False,387,False,,1.0,True,TA Coburg # 078 ( Shell ),Shell
Coburg ( 97408 ) TA Coburg # 078 ( Truck N Travel ),541-485-2137 I-5 Exit 199,4 XLO,Coburg,97408,TA Coburg # 078 ( Truck N Travel ),541-485-2137,2016,Eugene,OR,,,I-5 Exit 199,Exit,199,False,,False,I-5,,,,,[],[],[],"[214, 684]",[],"[105, 114, 138, 141, 152, 153, 154, 155, 157, 159, 164, 165, 176, 182, 191, 192, 194, 195, 196, 200, 204, 208, 209, 210, 211, 215, 226, 228, 241, 242, 243, 245, 248, 249, 250, 257, 261, 270, 271, 282, 287, 289, 291, 294, 296, 298, 306, 308, 309, 311, 314, 327, 333, 335, 337, 576, 585, 609, 612, 623, 624, 626, 627, 629, 631, 636, 637, 647, 653, 662, 663, 665, 666, 667, 671, 674, 678, 679, 680, 681, 690, 692, 705, 706, 707, 709, 711, 712, 713, 719, 721, 729, 730, 741, 746, 748, 750, 753, 755, 757, 764, 766, 767, 769, 772, 785, 791]",[],"[301, 476, 924, 925]","[576, 585, 609, 612, 105, 623, 624, 114, 626, 627, 629, 631, 636, 637, 647, 138, 141, 653, 662, 663, 152, 153, 154, 667, 155, 157, 665, 159, 666, 671, 674, 164, 165, 678, 679, 680, 681, 684, 176, 690, 692, 182, 191, 192, 705, 194, 195, 196, 706, 707, 709, 200, 711, 712, 713, 204, 719, 208, 209, 210, 211, 721, 214, 215, 729, 730, 226, 228, 741, 746, 748, 750, 241, 242, 243, 753, 245, 755, 757, 248, 249, 250, 764, 766, 767, 257, 769, 772, 261, 270, 271, 785, 791, 282, 287, 289, 291, 294, 296, 298, 301, 306, 308, 309, 311, 314, 327, 333, 335, 337, 924, 925, 476]",False,[],[],[],"[214, 684]","[105, 114, 138, 141, 152, 153, 154, 155, 157, 159, 164, 165, 176, 182, 191, 192, 194, 195, 196, 200, 204, 208, 209, 210, 211, 215, 226, 228, 241, 242, 243, 245, 248, 249, 250, 257, 261, 270, 271, 282, 287, 289, 291, 294, 296, 298, 306, 308, 309, 311, 314, 327, 333, 335, 337, 576, 585, 609, 612, 623, 624, 626, 627, 629, 631, 636, 637, 647, 653, 662, 663, 665, 666, 667, 671, 674, 678, 679, 680, 681, 690, 692, 705, 706, 707, 709, 711, 712, 713, 719, 721, 729, 730, 741, 746, 748, 750, 753, 755, 757, 764, 766, 767, 769, 772, 785, 791]","[301, 476, 924, 925]",[],0/6 successful match,False,,False,387,False,,1.0,True,TA Coburg # 078 ( Shell ),Shell
"Coburg , 97408 Fuel - N - Go ( Pac Pride )",541-686-2900 I-5 Exit 199,FRS 24 HRS 24 XL,Coburg,97408,Fuel - N - Go ( Pac Pride ),541-686-2900,2006,Eugene,OR,,,I-5 Exit 199,Exit,199,False,,False,I-5,,,,,[],[],[],"[214, 684]",[],"[105, 114, 138, 141, 152, 153, 154, 155, 157, 159, 164, 165, 176, 182, 191, 192, 194, 195, 196, 200, 204, 208, 209, 210, 211, 215, 226, 228, 241, 242, 243, 245, 248, 249, 250, 257, 261, 270, 271, 282, 287, 289, 291, 294, 296, 298, 306, 308, 309, 311, 314, 327, 333, 335, 337, 576, 585, 609, 612, 623, 624, 626, 627, 629, 631, 636, 637, 647, 653, 662, 663, 665, 666, 667, 671, 674, 678, 679, 680, 681, 690, 692, 705, 706, 707, 709, 711, 712, 713, 719, 721, 729, 730, 741, 746, 748, 750, 753, 755, 757, 764, 766, 767, 769, 772, 785, 791]",[],"[79, 80, 81, 82, 284, 285, 551, 552, 553, 743, 744]","[551, 552, 553, 576, 585, 79, 80, 81, 82, 609, 612, 105, 623, 624, 114, 626, 627, 629, 631, 636, 637, 647, 138, 141, 653, 662, 663, 152, 153, 154, 667, 155, 157, 665, 159, 666, 671, 674, 164, 165, 678, 679, 680, 681, 684, 176, 690, 692, 182, 191, 192, 705, 194, 195, 196, 706, 707, 709, 200, 711, 712, 713, 204, 719, 208, 209, 210, 211, 721, 214, 215, 729, 730, 226, 228, 741, 743, 744, 746, 748, 750, 241, 242, 243, 753, 245, 755, 757, 248, 249, 250, 764, 766, 767, 257, 769, 772, 261, 270, 271, 785, 791, 282, 284, 285, 287, 289, 291, 294, 296, 298, 306, 308, 309, 311, 314, 327, 333, 335, 337]",False,[],[],[],"[214, 684]","[105, 114, 138, 141, 152, 153, 154, 155, 157, 159, 164, 165, 176, 182, 191, 192, 194, 195, 196, 200, 204, 208, 209, 210, 211, 215, 226, 228, 241, 242, 243, 245, 248, 249, 250, 257, 261, 270, 271, 282, 287, 289, 291, 294, 296, 298, 306, 308, 309, 311, 314, 327, 333, 335, 337, 576, 585, 609, 612, 623, 624, 626, 627, 629, 631, 636, 637, 647, 653, 662, 663, 665, 666, 667, 671, 674, 678, 679, 680, 681, 690, 692, 705, 706, 707, 709, 711, 712, 713, 719, 721, 729, 730, 741, 746, 748, 750, 753, 755, 757, 764, 766, 767, 769, 772, 785, 791]","[79, 80, 81, 82, 284, 285, 551, 552, 553, 743, 744]",[],0/6 successful match,False,,False,388,False,,,,,
"Coburg , 97408 Fuel - N - Go ( Pac Pride )",541-686-2900 I-5 Exit 199,XL,Coburg,97408,Fuel - N - Go ( Pac Pride ),541-686-2900,2007,Eugene,OR,,,I-5 Exit 199,Exit,199,False,,False,I-5,,,,,[],[],[],"[214, 684]",[],"[105, 114, 138, 141, 152, 153, 154, 155, 157, 159, 164, 165, 176, 182, 191, 192, 194, 195, 196, 200, 204, 208, 209, 210, 211, 215, 226, 228, 241, 242, 243, 245, 248, 249, 250, 257, 261, 270, 271, 282, 287, 289, 291, 294, 296, 298, 306, 308, 309, 311, 314, 327, 333, 335, 337, 576, 585, 609, 612, 623, 624, 626, 627, 629, 631, 636, 637, 647, 653, 662, 663, 665, 666, 667, 671, 674, 678, 679, 680, 681, 690, 692, 705, 706, 707, 709, 711, 712, 713, 719, 721, 729, 730, 741, 746, 748, 750, 753, 755, 757, 764, 766, 767, 769, 772, 785, 791]",[],"[79, 80, 81, 82, 284, 285, 551, 552, 553, 743, 744]","[551, 552, 553, 576, 585, 79, 80, 81, 82, 609, 612, 105, 623, 624, 114, 626, 627, 629, 631, 636, 637, 647, 138, 141, 653, 662, 663, 152, 153, 154, 667, 155, 157, 665, 159, 666, 671, 674, 164, 165, 678, 679, 680, 681, 684, 176, 690, 692, 182, 191, 192, 705, 194, 195, 196, 706, 707, 709, 200, 711, 712, 713, 204, 719, 208, 209, 210, 211, 721, 214, 215, 729, 730, 226, 228, 741, 743, 744, 746, 748, 750, 241, 242, 243, 753, 245, 755, 757, 248, 249, 250, 764, 766, 767, 257, 769, 772, 261, 270, 271, 785, 791, 282, 284, 285, 287, 289, 291, 294, 296, 298, 306, 308, 309, 311, 314, 327, 333, 335, 337]",False,[],[],[],"[214, 684]","[105, 114, 138, 141, 152, 153, 154, 155, 157, 159, 164, 165, 176, 182, 191, 192, 194, 195, 196, 200, 204, 208, 209, 210, 211, 215, 226, 228, 241, 242, 243, 245, 248, 249, 250, 257, 261, 270, 271, 282, 287, 289, 291, 294, 296, 298, 306, 308, 309, 311, 314, 327, 333, 335, 337, 576, 585, 609, 612, 623, 624, 626, 627, 629, 631, 636, 637, 647, 653, 662, 663, 665, 666, 667, 671, 674, 678, 679, 680, 681, 690, 692, 705, 706, 707, 709, 711, 712, 713, 719, 721, 729, 730, 741, 746, 748, 750, 753, 755, 757, 764, 766, 767, 769, 772, 785, 791]","[79, 80, 81, 82, 284, 285, 551, 552, 553, 743, 744]",[],0/6 successful match,False,,False,388,False,,1.0,True,Fuel - N - Go ( Pac Pride ),
"Coburg , 97408 Fuel - N - Go ( Pac Pride )",541-686-2900 I-5 Exit 199,24 <U+2610><U+2610><U+2610> <U+2610>,Coburg,97408,Fuel - N - Go ( Pac Pride ),541-686-2900,2008,Eugene,OR,,,I-5 Exit 199,Exit,199,False,,False,I-5,,,,,[],[],[],"[214, 684]",[],"[105, 114, 138, 141, 152, 153, 154, 155, 157, 159, 164, 165, 176, 182, 191, 192, 194, 195, 196, 200, 204, 208, 209, 210, 211, 215, 226, 228, 241, 242, 243, 245, 248, 249, 250, 257, 261, 270, 271, 282, 287, 289, 291, 294, 296, 298, 306, 308, 309, 311, 314, 327, 333, 335, 337, 576, 585, 609, 612, 623, 624, 626, 627, 629, 631, 636, 637, 647, 653, 662, 663, 665, 666, 667, 671, 674, 678, 679, 680, 681, 690, 692, 705, 706, 707, 709, 711, 712, 713, 719, 721, 729, 730, 741, 746, 748, 750, 753, 755, 757, 764, 766, 767, 769, 772, 785, 791]",[],"[79, 80, 81, 82, 284, 285, 551, 552, 553, 743, 744]","[551, 552, 553, 576, 585, 79, 80, 81, 82, 609, 612, 105, 623, 624, 114, 626, 627, 629, 631, 636, 637, 647, 138, 141, 653, 662, 663, 152, 153, 154, 667, 155, 157, 665, 159, 666, 671, 674, 164, 165, 678, 679, 680, 681, 684, 176, 690, 692, 182, 191, 192, 705, 194, 195, 196, 706, 707, 709, 200, 711, 712, 713, 204, 719, 208, 209, 210, 211, 721, 214, 215, 729, 730, 226, 228, 741, 743, 744, 746, 748, 750, 241, 242, 243, 753, 245, 755, 757, 248, 249, 250, 764, 766, 767, 257, 769, 772, 261, 270, 271, 785, 791, 282, 284, 285, 287, 289, 291, 294, 296, 298, 306, 308, 309, 311, 314, 327, 333, 335, 337]",False,[],[],[],"[214, 684]","[105, 114, 138, 141, 152, 153, 154, 155, 157, 159, 164, 165, 176, 182, 191, 192, 194, 195, 196, 200, 204, 208, 209, 210, 211, 215, 226, 228, 241, 242, 243, 245, 248, 249, 250, 257, 261, 270, 271, 282, 287, 289, 291, 294, 296, 298, 306, 308, 309, 311, 314, 327, 333, 335, 337, 576, 585, 609, 612, 623, 624, 626, 627, 629, 631, 636, 637, 647, 653, 662, 663, 665, 666, 667, 671, 674, 678, 679, 680, 681, 690, 692, 705, 706, 707, 709, 711, 712, 713, 719, 721, 729, 730, 741, 746, 748, 750, 753, 755, 757, 764, 766, 767, 769, 772, 785, 791]","[79, 80, 81, 82, 284, 285, 551, 552, 553, 743, 744]",[],0/6 successful match,False,,False,388,False,,1.0,True,Fuel - N - Go ( Pac Pride ),
D Coburg ( 97408 ) Fuel - N - Go Cardlock ( Pac Pride ),541-686-2900 I-5 Exit 199,24,Coburg,97408,Fuel - N - Go Cardlock ( Pac Pride ),541-686-2900,2014,Eugene,OR,,,I-5 Exit 199,Exit,199,False,,False,I-5,,,,,[],[],[],"[214, 684]",[],"[105, 114, 138, 141, 152, 153, 154, 155, 157, 159, 164, 165, 176, 182, 191, 192, 194, 195, 196, 200, 204, 208, 209, 210, 211, 215, 226, 228, 241, 242, 243, 245, 248, 249, 250, 257, 261, 270, 271, 282, 287, 289, 291, 294, 296, 298, 306, 308, 309, 311, 314, 327, 333, 335, 337, 576, 585, 609, 612, 623, 624, 626, 627, 629, 631, 636, 637, 647, 653, 662, 663, 665, 666, 667, 671, 674, 678, 679, 680, 681, 690, 692, 705, 706, 707, 709, 711, 712, 713, 719, 721, 729, 730, 741, 746, 748, 750, 753, 755, 757, 764, 766, 767, 769, 772, 785, 791]",[],"[79, 80, 81, 82, 284, 285, 551, 552, 553, 743, 744]","[551, 552, 553, 576, 585, 79, 80, 81, 82, 609, 612, 105, 623, 624, 114, 626, 627, 629, 631, 636, 637, 647, 138, 141, 653, 662, 663, 152, 153, 154, 667, 155, 157, 665, 159, 666, 671, 674, 164, 165, 678, 679, 680, 681, 684, 176, 690, 692, 182, 191, 192, 705, 194, 195, 196, 706, 707, 709, 200, 711, 712, 713, 204, 719, 208, 209, 210, 211, 721, 214, 215, 729, 730, 226, 228, 741, 743, 744, 746, 748, 750, 241, 242, 243, 753, 245, 755, 757, 248, 249, 250, 764, 766, 767, 257, 769, 772, 261, 270, 271, 785, 791, 282, 284, 285, 287, 289, 291, 294, 296, 298, 306, 308, 309, 311, 314, 327, 333, 335, 337]",False,[],[],[],"[214, 684]","[105, 114, 138, 141, 152, 153, 154, 155, 157, 159, 164, 165, 176, 182, 191, 192, 194, 195, 196, 200, 204, 208, 209, 210, 211, 215, 226, 228, 241, 242, 243, 245, 248, 249, 250, 257, 261, 270, 271, 282, 287, 289, 291, 294, 296, 298, 306, 308, 309, 311, 314, 327, 333, 335, 337, 576, 585, 609, 612, 623, 624, 626, 627, 629, 631, 636, 637, 647, 653, 662, 663, 665, 666, 667, 671, 674, 678, 679, 680, 681, 690, 692, 705, 706, 707, 709, 711, 712, 713, 719, 721, 729, 730, 741, 746, 748, 750, 753, 755, 757, 764, 766, 767, 769, 772, 785, 791]","[79, 80, 81, 82, 284, 285, 551, 552, 553, 743, 744]",[],0/6 successful match,False,,False,388,False,,1.0,True,Fuel - N - Go ( Pac Pride ),
D Coburg ( 97408 ) Fuel - N - Go Cardlock ( Pac Pride ),541-686-2900 I-5 Exit 199,24 24 <U+2610>,Coburg,97408,Fuel - N - Go Cardlock ( Pac Pride ),541-686-2900,2015,Eugene,OR,,,I-5 Exit 199,Exit,199,False,,False,I-5,,,,,[],[],[],"[214, 684]",[],"[105, 114, 138, 141, 152, 153, 154, 155, 157, 159, 164, 165, 176, 182, 191, 192, 194, 195, 196, 200, 204, 208, 209, 210, 211, 215, 226, 228, 241, 242, 243, 245, 248, 249, 250, 257, 261, 270, 271, 282, 287, 289, 291, 294, 296, 298, 306, 308, 309, 311, 314, 327, 333, 335, 337, 576, 585, 609, 612, 623, 624, 626, 627, 629, 631, 636, 637, 647, 653, 662, 663, 665, 666, 667, 671, 674, 678, 679, 680, 681, 690, 692, 705, 706, 707, 709, 711, 712, 713, 719, 721, 729, 730, 741, 746, 748, 750, 753, 755, 757, 764, 766, 767, 769, 772, 785, 791]",[],"[79, 80, 81, 82, 284, 285, 551, 552, 553, 743, 744]","[551, 552, 553, 576, 585, 79, 80, 81, 82, 609, 612, 105, 623, 624, 114, 626, 627, 629, 631, 636, 637, 647, 138, 141, 653, 662, 663, 152, 153, 154, 667, 155, 157, 665, 159, 666, 671, 674, 164, 165, 678, 679, 680, 681, 684, 176, 690, 692, 182, 191, 192, 705, 194, 195, 196, 706, 707, 709, 200, 711, 712, 713, 204, 719, 208, 209, 210, 211, 721, 214, 215, 729, 730, 226, 228, 741, 743, 744, 746, 748, 750, 241, 242, 243, 753, 245, 755, 757, 248, 249, 250, 764, 766, 767, 257, 769, 772, 261, 270, 271, 785, 791, 282, 284, 285, 287, 289, 291, 294, 296, 298, 306, 308, 309, 311, 314, 327, 333, 335, 337]",False,[],[],[],"[214, 684]","[105, 114, 138, 141, 152, 153, 154, 155, 157, 159, 164, 165, 176, 182, 191, 192, 194, 195, 196, 200, 204, 208, 209, 210, 211, 215, 226, 228, 241, 242, 243, 245, 248, 249, 250, 257, 261, 270, 271, 282, 287, 289, 291, 294, 296, 298, 306, 308, 309, 311, 314, 327, 333, 335, 337, 576, 585, 609, 612, 623, 624, 626, 627, 629, 631, 636, 637, 647, 653, 662, 663, 665, 666, 667, 671, 674, 678, 679, 680, 681, 690, 692, 705, 706, 707, 709, 711, 712, 713, 719, 721, 729, 730, 741, 746, 748, 750, 753, 755, 757, 764, 766, 767, 769, 772, 785, 791]","[79, 80, 81, 82, 284, 285, 551, 552, 553, 743, 744]",[],0/6 successful match,False,,False,388,False,,1.0,True,Fuel - N - Go Cardlock ( Pac Pride ),
Coburg ( 97408 ) Fuel - N - Go Cardlock ( Pac,2 541-686-2900 I-5 Exit 199 Pride ),24 <U+2610> <U+2610> <U+2610>,Coburg,97408,Fuel - N - Go Cardlock ( Pac,541-686-2900,2016,Eugene,OR,,,I-5 Exit 199 Pride ,Exit,199,False,,False,I-5,,,,,[],[],[],"[214, 684]",[],"[105, 114, 138, 141, 152, 153, 154, 155, 157, 159, 164, 165, 176, 182, 191, 192, 194, 195, 196, 200, 204, 208, 209, 210, 211, 215, 226, 228, 241, 242, 243, 245, 248, 249, 250, 257, 261, 270, 271, 282, 287, 289, 291, 294, 296, 298, 306, 308, 309, 311, 314, 327, 333, 335, 337, 576, 585, 609, 612, 623, 624, 626, 627, 629, 631, 636, 637, 647, 653, 662, 663, 665, 666, 667, 671, 674, 678, 679, 680, 681, 690, 692, 705, 706, 707, 709, 711, 712, 713, 719, 721, 729, 730, 741, 746, 748, 750, 753, 755, 757, 764, 766, 767, 769, 772, 785, 791]",[],"[284, 285, 743, 744]","[576, 585, 609, 612, 105, 623, 624, 114, 626, 627, 629, 631, 636, 637, 647, 138, 141, 653, 662, 663, 152, 153, 154, 667, 155, 157, 665, 159, 666, 671, 674, 164, 165, 678, 679, 680, 681, 684, 176, 690, 692, 182, 191, 192, 705, 194, 195, 196, 706, 707, 709, 200, 711, 712, 713, 204, 719, 208, 209, 210, 211, 721, 214, 215, 729, 730, 226, 228, 741, 743, 744, 746, 748, 750, 241, 242, 243, 753, 245, 755, 757, 248, 249, 250, 764, 766, 767, 257, 769, 772, 261, 270, 271, 785, 791, 282, 284, 285, 287, 289, 291, 294, 296, 298, 306, 308, 309, 311, 314, 327, 333, 335, 337]",False,[],[],[],"[214, 684]","[105, 114, 138, 141, 152, 153, 154, 155, 157, 159, 164, 165, 176, 182, 191, 192, 194, 195, 196, 200, 204, 208, 209, 210, 211, 215, 226, 228, 241, 242, 243, 245, 248, 249, 250, 257, 261, 270, 271, 282, 287, 289, 291, 294, 296, 298, 306, 308, 309, 311, 314, 327, 333, 335, 337, 576, 585, 609, 612, 623, 624, 626, 627, 629, 631, 636, 637, 647, 653, 662, 663, 665, 666, 667, 671, 674, 678, 679, 680, 681, 690, 692, 705, 706, 707, 709, 711, 712, 713, 719, 721, 729, 730, 741, 746, 748, 750, 753, 755, 757, 764, 766, 767, 769, 772, 785, 791]","[284, 285, 743, 744]",[],0/6 successful match,False,,False,388,False,,1.0,True,Fuel - N - Go Cardlock ( Pac Pride ),
"Canyonville , 97417 Seven Feathers Truck / Travel Center",541-839-4868 I-5 Exit 99,M M,Canyonville,97417,Seven Feathers Truck / Travel Center,541-839-4868,2006,Canyonville,OR,,,I-5 Exit 99,Exit,99,False,,False,I-5,,,,,[],[],[],"[118, 335, 414, 480, 589, 791, 865, 932]",[],"[105, 114, 138, 141, 152, 153, 154, 155, 157, 159, 164, 165, 176, 182, 191, 192, 194, 195, 196, 200, 204, 208, 209, 210, 211, 215, 226, 228, 241, 242, 243, 245, 248, 249, 250, 257, 261, 270, 271, 282, 287, 289, 291, 294, 296, 298, 306, 308, 309, 311, 314, 327, 333, 335, 337, 576, 585, 609, 612, 623, 624, 626, 627, 629, 631, 636, 637, 647, 653, 662, 663, 665, 666, 667, 671, 674, 678, 679, 680, 681, 690, 692, 705, 706, 707, 709, 711, 712, 713, 719, 721, 729, 730, 741, 746, 748, 750, 753, 755, 757, 764, 766, 767, 769, 772, 785, 791]",[],[],"[576, 585, 589, 609, 612, 105, 623, 624, 114, 626, 627, 629, 118, 631, 636, 637, 647, 138, 141, 653, 662, 663, 152, 153, 154, 155, 665, 157, 666, 159, 667, 671, 674, 164, 165, 678, 679, 680, 681, 176, 690, 692, 182, 191, 192, 705, 194, 195, 196, 706, 707, 709, 200, 711, 712, 713, 204, 719, 208, 209, 210, 211, 721, 215, 729, 730, 226, 228, 741, 746, 748, 750, 241, 242, 243, 753, 245, 755, 757, 248, 249, 250, 764, 766, 767, 257, 769, 772, 261, 270, 271, 785, 791, 282, 287, 289, 291, 294, 296, 298, 306, 308, 309, 311, 314, 327, 333, 335, 337, 865, 414, 932, 480]",False,[],[],[],"[118, 335, 414, 480, 589, 791, 865, 932]","[105, 114, 138, 141, 152, 153, 154, 155, 157, 159, 164, 165, 176, 182, 191, 192, 194, 195, 196, 200, 204, 208, 209, 210, 211, 215, 226, 228, 241, 242, 243, 245, 248, 249, 250, 257, 261, 270, 271, 282, 287, 289, 291, 294, 296, 298, 306, 308, 309, 311, 314, 327, 333, 335, 337, 576, 585, 609, 612, 623, 624, 626, 627, 629, 631, 636, 637, 647, 653, 662, 663, 665, 666, 667, 671, 674, 678, 679, 680, 681, 690, 692, 705, 706, 707, 709, 711, 712, 713, 719, 721, 729, 730, 741, 746, 748, 750, 753, 755, 757, 764, 766, 767, 769, 772, 785, 791]",[],[],0/6 successful match,False,,False,389,False,,,,,
"F Canyonville , 97417 Seven Feathers Truck / Travel Center",541-839-4868 I-5 Exit 99 W,M 000,Canyonville,97417,Seven Feathers Truck / Travel Center,541-839-4868,2007,Canyonville,OR,,,I-5 Exit 99 W,Exit,99,False,,False,I-5,,,,,[],[],[],"[118, 335, 414, 480, 589, 791, 865, 932]",[],"[105, 114, 138, 141, 152, 153, 154, 155, 157, 159, 164, 165, 176, 182, 191, 192, 194, 195, 196, 200, 204, 208, 209, 210, 211, 215, 226, 228, 241, 242, 243, 245, 248, 249, 250, 257, 261, 270, 271, 282, 287, 289, 291, 294, 296, 298, 306, 308, 309, 311, 314, 327, 333, 335, 337, 576, 585, 609, 612, 623, 624, 626, 627, 629, 631, 636, 637, 647, 653, 662, 663, 665, 666, 667, 671, 674, 678, 679, 680, 681, 690, 692, 705, 706, 707, 709, 711, 712, 713, 719, 721, 729, 730, 741, 746, 748, 750, 753, 755, 757, 764, 766, 767, 769, 772, 785, 791]",[],[],"[576, 585, 589, 609, 612, 105, 623, 624, 114, 626, 627, 629, 118, 631, 636, 637, 647, 138, 141, 653, 662, 663, 152, 153, 154, 155, 665, 157, 666, 159, 667, 671, 674, 164, 165, 678, 679, 680, 681, 176, 690, 692, 182, 191, 192, 705, 194, 195, 196, 706, 707, 709, 200, 711, 712, 713, 204, 719, 208, 209, 210, 211, 721, 215, 729, 730, 226, 228, 741, 746, 748, 750, 241, 242, 243, 753, 245, 755, 757, 248, 249, 250, 764, 766, 767, 257, 769, 772, 261, 270, 271, 785, 791, 282, 287, 289, 291, 294, 296, 298, 306, 308, 309, 311, 314, 327, 333, 335, 337, 865, 414, 932, 480]",False,[],[],[],"[118, 335, 414, 480, 589, 791, 865, 932]","[105, 114, 138, 141, 152, 153, 154, 155, 157, 159, 164, 165, 176, 182, 191, 192, 194, 195, 196, 200, 204, 208, 209, 210, 211, 215, 226, 228, 241, 242, 243, 245, 248, 249, 250, 257, 261, 270, 271, 282, 287, 289, 291, 294, 296, 298, 306, 308, 309, 311, 314, 327, 333, 335, 337, 576, 585, 609, 612, 623, 624, 626, 627, 629, 631, 636, 637, 647, 653, 662, 663, 665, 666, 667, 671, 674, 678, 679, 680, 681, 690, 692, 705, 706, 707, 709, 711, 712, 713, 719, 721, 729, 730, 741, 746, 748, 750, 753, 755, 757, 764, 766, 767, 769, 772, 785, 791]",[],[],0/6 successful match,False,,False,389,False,,1.0,True,Seven Feathers Truck / Travel Center,
"Canyonville , 97417 Seven Feathers Truck / Travel Center",2 541-839-4868 I-5 Exit 99,24 X 24,Canyonville,97417,Seven Feathers Truck / Travel Center,541-839-4868,2008,Canyonville,OR,,,I-5 Exit 99,Exit,99,False,,False,I-5,,,,,[],[],[],"[118, 335, 414, 480, 589, 791, 865, 932]",[],"[105, 114, 138, 141, 152, 153, 154, 155, 157, 159, 164, 165, 176, 182, 191, 192, 194, 195, 196, 200, 204, 208, 209, 210, 211, 215, 226, 228, 241, 242, 243, 245, 248, 249, 250, 257, 261, 270, 271, 282, 287, 289, 291, 294, 296, 298, 306, 308, 309, 311, 314, 327, 333, 335, 337, 576, 585, 609, 612, 623, 624, 626, 627, 629, 631, 636, 637, 647, 653, 662, 663, 665, 666, 667, 671, 674, 678, 679, 680, 681, 690, 692, 705, 706, 707, 709, 711, 712, 713, 719, 721, 729, 730, 741, 746, 748, 750, 753, 755, 757, 764, 766, 767, 769, 772, 785, 791]",[],[],"[576, 585, 589, 609, 612, 105, 623, 624, 114, 626, 627, 629, 118, 631, 636, 637, 647, 138, 141, 653, 662, 663, 152, 153, 154, 155, 665, 157, 666, 159, 667, 671, 674, 164, 165, 678, 679, 680, 681, 176, 690, 692, 182, 191, 192, 705, 194, 195, 196, 706, 707, 709, 200, 711, 712, 713, 204, 719, 208, 209, 210, 211, 721, 215, 729, 730, 226, 228, 741, 746, 748, 750, 241, 242, 243, 753, 245, 755, 757, 248, 249, 250, 764, 766, 767, 257, 769, 772, 261, 270, 271, 785, 791, 282, 287, 289, 291, 294, 296, 298, 306, 308, 309, 311, 314, 327, 333, 335, 337, 865, 414, 932, 480]",False,[],[],[],"[118, 335, 414, 480, 589, 791, 865, 932]","[105, 114, 138, 141, 152, 153, 154, 155, 157, 159, 164, 165, 176, 182, 191, 192, 194, 195, 196, 200, 204, 208, 209, 210, 211, 215, 226, 228, 241, 242, 243, 245, 248, 249, 250, 257, 261, 270, 271, 282, 287, 289, 291, 294, 296, 298, 306, 308, 309, 311, 314, 327, 333, 335, 337, 576, 585, 609, 612, 623, 624, 626, 627, 629, 631, 636, 637, 647, 653, 662, 663, 665, 666, 667, 671, 674, 678, 679, 680, 681, 690, 692, 705, 706, 707, 709, 711, 712, 713, 719, 721, 729, 730, 741, 746, 748, 750, 753, 755, 757, 764, 766, 767, 769, 772, 785, 791]",[],[],0/6 successful match,False,,False,389,False,,1.0,True,Seven Feathers Truck / Travel Center,
Canyonville ( 97417 ) Seven Feathers Truck / Travel Center ( BP,541-839-4868 I-5 Exit 99,( BP ) 24 <U+25A1> XL,Canyonville,97417,Seven Feathers Truck / Travel Center ( BP,541-839-4868,2014,Canyonville,OR,BP,,I-5 Exit 99,Exit,99,False,,False,I-5,,,,,[],[],[],"[118, 335, 414, 480, 589, 791, 865, 932]",[],"[105, 114, 138, 141, 152, 153, 154, 155, 157, 159, 164, 165, 176, 182, 191, 192, 194, 195, 196, 200, 204, 208, 209, 210, 211, 215, 226, 228, 241, 242, 243, 245, 248, 249, 250, 257, 261, 270, 271, 282, 287, 289, 291, 294, 296, 298, 306, 308, 309, 311, 314, 327, 333, 335, 337, 576, 585, 609, 612, 623, 624, 626, 627, 629, 631, 636, 637, 647, 653, 662, 663, 665, 666, 667, 671, 674, 678, 679, 680, 681, 690, 692, 705, 706, 707, 709, 711, 712, 713, 719, 721, 729, 730, 741, 746, 748, 750, 753, 755, 757, 764, 766, 767, 769, 772, 785, 791]",[],[],"[576, 585, 589, 609, 612, 105, 623, 624, 114, 626, 627, 629, 118, 631, 636, 637, 647, 138, 141, 653, 662, 663, 152, 153, 154, 155, 665, 157, 666, 159, 667, 671, 674, 164, 165, 678, 679, 680, 681, 176, 690, 692, 182, 191, 192, 705, 194, 195, 196, 706, 707, 709, 200, 711, 712, 713, 204, 719, 208, 209, 210, 211, 721, 215, 729, 730, 226, 228, 741, 746, 748, 750, 241, 242, 243, 753, 245, 755, 757, 248, 249, 250, 764, 766, 767, 257, 769, 772, 261, 270, 271, 785, 791, 282, 287, 289, 291, 294, 296, 298, 306, 308, 309, 311, 314, 327, 333, 335, 337, 865, 414, 932, 480]",False,[],[],[],"[118, 335, 414, 480, 589, 791, 865, 932]","[105, 114, 138, 141, 152, 153, 154, 155, 157, 159, 164, 165, 176, 182, 191, 192, 194, 195, 196, 200, 204, 208, 209, 210, 211, 215, 226, 228, 241, 242, 243, 245, 248, 249, 250, 257, 261, 270, 271, 282, 287, 289, 291, 294, 296, 298, 306, 308, 309, 311, 314, 327, 333, 335, 337, 576, 585, 609, 612, 623, 624, 626, 627, 629, 631, 636, 637, 647, 653, 662, 663, 665, 666, 667, 671, 674, 678, 679, 680, 681, 690, 692, 705, 706, 707, 709, 711, 712, 713, 719, 721, 729, 730, 741, 746, 748, 750, 753, 755, 757, 764, 766, 767, 769, 772, 785, 791]",[],[],0/6 successful match,False,,False,389,False,,1.0,True,Seven Feathers Truck / Travel Center,
Canyonville ( 97417 ) Seven Feathers Truck / Travel Center,541-839-4868 I-5 Exit 99 AMBEST,24 XL D,Canyonville,97417,Seven Feathers Truck / Travel Center,541-839-4868,2015,Canyonville,OR,,,I-5 Exit 99 AMBEST,Exit,99,False,,False,I-5,,,,,[],[],[],"[118, 335, 414, 480, 589, 791, 865, 932]",[],"[105, 114, 138, 141, 152, 153, 154, 155, 157, 159, 164, 165, 176, 182, 191, 192, 194, 195, 196, 200, 204, 208, 209, 210, 211, 215, 226, 228, 241, 242, 243, 245, 248, 249, 250, 257, 261, 270, 271, 282, 287, 289, 291, 294, 296, 298, 306, 308, 309, 311, 314, 327, 333, 335, 337, 576, 585, 609, 612, 623, 624, 626, 627, 629, 631, 636, 637, 647, 653, 662, 663, 665, 666, 667, 671, 674, 678, 679, 680, 681, 690, 692, 705, 706, 707, 709, 711, 712, 713, 719, 721, 729, 730, 741, 746, 748, 750, 753, 755, 757, 764, 766, 767, 769, 772, 785, 791]",[],[],"[576, 585, 589, 609, 612, 105, 623, 624, 114, 626, 627, 629, 118, 631, 636, 637, 647, 138, 141, 653, 662, 663, 152, 153, 154, 155, 665, 157, 666, 159, 667, 671, 674, 164, 165, 678, 679, 680, 681, 176, 690, 692, 182, 191, 192, 705, 194, 195, 196, 706, 707, 709, 200, 711, 712, 713, 204, 719, 208, 209, 210, 211, 721, 215, 729, 730, 226, 228, 741, 746, 748, 750, 241, 242, 243, 753, 245, 755, 757, 248, 249, 250, 764, 766, 767, 257, 769, 772, 261, 270, 271, 785, 791, 282, 287, 289, 291, 294, 296, 298, 306, 308, 309, 311, 314, 327, 333, 335, 337, 865, 414, 932, 480]",False,[],[],[],"[118, 335, 414, 480, 589, 791, 865, 932]","[105, 114, 138, 141, 152, 153, 154, 155, 157, 159, 164, 165, 176, 182, 191, 192, 194, 195, 196, 200, 204, 208, 209, 210, 211, 215, 226, 228, 241, 242, 243, 245, 248, 249, 250, 257, 261, 270, 271, 282, 287, 289, 291, 294, 296, 298, 306, 308, 309, 311, 314, 327, 333, 335, 337, 576, 585, 609, 612, 623, 624, 626, 627, 629, 631, 636, 637, 647, 653, 662, 663, 665, 666, 667, 671, 674, 678, 679, 680, 681, 690, 692, 705, 706, 707, 709, 711, 712, 713, 719, 721, 729, 730, 741, 746, 748, 750, 753, 755, 757, 764, 766, 767, 769, 772, 785, 791]",[],[],0/6 successful match,False,,False,389,False,,1.0,True,Seven Feathers Truck / Travel Center ( BP,BP
Canyonville ( 97417 ) Seven Feathers ( Truck / Travel Rd ) Center pilot,541-839-4868 I-5 Exit 99,XL,Canyonville,97417,Seven Feathers ( Truck / Travel Rd ) Center pilot,541-839-4868,2016,Canyonville,OR,,,I-5 Exit 99,Exit,99,False,,False,I-5,,,,,[],[],[],"[118, 335, 414, 480, 589, 791, 865, 932]",[],"[105, 114, 138, 141, 152, 153, 154, 155, 157, 159, 164, 165, 176, 182, 191, 192, 194, 195, 196, 200, 204, 208, 209, 210, 211, 215, 226, 228, 241, 242, 243, 245, 248, 249, 250, 257, 261, 270, 271, 282, 287, 289, 291, 294, 296, 298, 306, 308, 309, 311, 314, 327, 333, 335, 337, 576, 585, 609, 612, 623, 624, 626, 627, 629, 631, 636, 637, 647, 653, 662, 663, 665, 666, 667, 671, 674, 678, 679, 680, 681, 690, 692, 705, 706, 707, 709, 711, 712, 713, 719, 721, 729, 730, 741, 746, 748, 750, 753, 755, 757, 764, 766, 767, 769, 772, 785, 791]",[],"[15, 16, 65, 66, 67, 68, 69, 70, 71, 72, 73, 74, 75, 76, 77, 78, 80, 151, 244, 245, 246, 247, 248, 249, 250, 251, 252, 253, 254, 255, 256, 257, 258, 259, 260, 280, 340, 373, 374, 375, 376, 377, 459, 460, 461, 462, 500, 501, 539, 540, 541, 542, 543, 544, 545, 546, 547, 548, 549, 550, 552, 622, 708, 709, 710, 711, 712, 713, 714, 715, 716, 717, 718, 719, 720, 739, 796, 823, 824, 825, 826, 827, 906, 907, 908, 909]","[714, 715, 15, 16, 717, 539, 540, 541, 542, 543, 544, 545, 546, 547, 548, 549, 550, 552, 576, 65, 66, 67, 68, 69, 70, 71, 72, 585, 73, 74, 75, 589, 76, 77, 78, 80, 609, 612, 105, 622, 623, 624, 114, 626, 627, 629, 118, 631, 636, 637, 647, 138, 141, 653, 718, 662, 663, 152, 153, 154, 155, 665, 157, 666, 159, 667, 671, 674, 164, 165, 678, 679, 680, 681, 176, 690, 692, 182, 191, 192, 705, 194, 195, 196, 706, 707, 709, 200, 711, 712, 713, 204, 252, 710, 719, 208, 209, 210, 211, 721, 716, 246, 215, 720, 729, 730, 226, 739, 228, 741, 746, 748, 750, 241, 242, 243, 753, 245, 755, 757, 248, 249, 250, 151, 764, 244, 766, 767, 247, 257, 769, 251, 772, 261, 253, 254, 255, 256, 258, 259, 260, 270, 271, 785, 791, 280, 282, 796, 287, 289, 291, 294, 296, 298, 306, 308, 309, 311, 823, 824, 314, 825, 826, 827, 327, 333, 335, 337, 340, 865, 373, 374, 375, 376, 377, 906, 907, 908, 909, 414, 932, 459, 460, 461, 462, 480, 708, 500, 501]",False,[],[],[],"[118, 335, 414, 480, 589, 791, 865, 932]","[105, 114, 138, 141, 152, 153, 154, 155, 157, 159, 164, 165, 176, 182, 191, 192, 194, 195, 196, 200, 204, 208, 209, 210, 211, 215, 226, 228, 241, 242, 243, 245, 248, 249, 250, 257, 261, 270, 271, 282, 287, 289, 291, 294, 296, 298, 306, 308, 309, 311, 314, 327, 333, 335, 337, 576, 585, 609, 612, 623, 624, 626, 627, 629, 631, 636, 637, 647, 653, 662, 663, 665, 666, 667, 671, 674, 678, 679, 680, 681, 690, 692, 705, 706, 707, 709, 711, 712, 713, 719, 721, 729, 730, 741, 746, 748, 750, 753, 755, 757, 764, 766, 767, 769, 772, 785, 791]","[15, 16, 65, 66, 67, 68, 69, 70, 71, 72, 73, 74, 75, 76, 77, 78, 80, 151, 244, 245, 246, 247, 248, 249, 250, 251, 252, 253, 254, 255, 256, 257, 258, 259, 260, 280, 340, 373, 374, 375, 376, 377, 459, 460, 461, 462, 500, 501, 539, 540, 541, 542, 543, 544, 545, 546, 547, 548, 549, 550, 552, 622, 708, 709, 710, 711, 712, 713, 714, 715, 716, 717, 718, 719, 720, 739, 796, 823, 824, 825, 826, 827, 906, 907, 908, 909]",[],0/6 successful match,False,,False,389,False,,1.0,True,Seven Feathers Truck / Travel Center,
"Coos Bay , 97420 Bassett Hyland Fuel Center ( Chevron )",541-269-5682 US 101 S ( 1059 Evans Blvd ),FRS FRS 24 24 <U+2610>,Coos Bay,97420,Bassett Hyland Fuel Center ( Chevron ),541-269-5682,2006,Coos Bay,OR,Chevron,( 1059 Evans Blvd ),US 101 S,empty,,False,,False,US 101,,,,,[],[],[],[],[],"[15, 91, 107, 110, 113, 123, 132, 136, 193, 216, 218, 252, 274, 275, 281, 286, 293, 302, 325, 326, 500, 562, 578, 580, 583, 594, 603, 607, 664, 686, 715, 733, 734, 740, 745, 752, 760, 783, 784]","[12, 24, 25, 28, 88, 100, 104, 119, 123, 129, 136, 137, 139, 140, 141, 148, 155, 169, 172, 179, 183, 185, 188, 196, 198, 217, 237, 267, 270, 278, 319, 321, 324, 325, 330, 334, 335, 354, 366, 369, 380, 383, 384, 386, 395, 407, 411, 423, 428, 436, 437, 452, 453, 456, 467, 471, 477, 478, 479, 497, 508, 511, 559, 571, 575, 590, 594, 600, 607, 608, 610, 611, 612, 619, 627, 640, 643, 650, 654, 656, 659, 667, 669, 685, 701, 726, 729, 737, 777, 779, 782, 783, 787, 790, 791, 809, 817, 819, 830, 833, 834, 836, 845, 856, 857, 860, 862, 875, 880, 887, 888, 899, 900, 914, 918, 921, 928, 929, 930]","[12, 24, 25, 28, 88, 100, 104, 119, 123, 129, 136, 137, 139, 140, 141, 148, 155, 169, 172, 179, 183, 185, 188, 196, 198, 217, 237, 267, 270, 278, 319, 321, 324, 325, 330, 334, 335, 354, 366, 369, 380, 383, 384, 386, 395, 407, 411, 423, 428, 436, 437, 452, 453, 456, 467, 471, 477, 478, 479, 497, 508, 511, 559, 571, 575, 590, 594, 600, 607, 608, 610, 611, 612, 619, 627, 640, 643, 650, 654, 656, 659, 667, 669, 685, 701, 726, 729, 737, 777, 779, 782, 783, 787, 790, 791, 809, 817, 819, 830, 833, 834, 836, 845, 856, 857, 860, 862, 875, 880, 887, 888, 899, 900, 914, 918, 921, 928, 929, 930]","[12, 15, 24, 25, 28, 559, 562, 571, 575, 578, 580, 583, 590, 594, 88, 600, 91, 603, 607, 608, 610, 611, 100, 612, 104, 107, 619, 110, 113, 627, 119, 123, 640, 129, 643, 132, 136, 137, 650, 139, 140, 141, 654, 656, 659, 148, 664, 155, 667, 669, 169, 172, 685, 686, 179, 183, 185, 188, 701, 193, 196, 198, 715, 726, 216, 217, 218, 729, 733, 734, 737, 740, 745, 237, 752, 760, 252, 777, 267, 779, 270, 783, 784, 782, 274, 275, 787, 278, 790, 791, 281, 286, 293, 809, 302, 817, 819, 830, 319, 321, 833, 834, 324, 325, 326, 836, 330, 845, 334, 335, 856, 857, 860, 862, 354, 875, 366, 880, 369, 887, 888, 380, 383, 384, 386, 899, 900, 395, 914, 918, 407, 921, 411, 928, 929, 930, 423, 428, 436, 437, 452, 453, 456, 467, 471, 477, 478, 479, 497, 500, 508, 511]",False,[],[],[],[],"[15, 91, 107, 110, 113, 123, 132, 136, 193, 216, 218, 252, 274, 275, 281, 286, 293, 302, 325, 326, 500, 562, 578, 580, 583, 594, 603, 607, 664, 686, 715, 733, 734, 740, 745, 752, 760, 783, 784]","[12, 24, 25, 28, 88, 100, 104, 119, 123, 129, 136, 137, 139, 140, 141, 148, 155, 169, 172, 179, 183, 185, 188, 196, 198, 217, 237, 267, 270, 278, 319, 321, 324, 325, 330, 334, 335, 354, 366, 369, 380, 383, 384, 386, 395, 407, 411, 423, 428, 436, 437, 452, 453, 456, 467, 471, 477, 478, 479, 497, 508, 511, 559, 571, 575, 590, 594, 600, 607, 608, 610, 611, 612, 619, 627, 640, 643, 650, 654, 656, 659, 667, 669, 685, 701, 726, 729, 737, 777, 779, 782, 783, 787, 790, 791, 809, 817, 819, 830, 833, 834, 836, 845, 856, 857, 860, 862, 875, 880, 887, 888, 899, 900, 914, 918, 921, 928, 929, 930]","[12, 24, 25, 28, 88, 100, 104, 119, 123, 129, 136, 137, 139, 140, 141, 148, 155, 169, 172, 179, 183, 185, 188, 196, 198, 217, 237, 267, 270, 278, 319, 321, 324, 325, 330, 334, 335, 354, 366, 369, 380, 383, 384, 386, 395, 407, 411, 423, 428, 436, 437, 452, 453, 456, 467, 471, 477, 478, 479, 497, 508, 511, 559, 571, 575, 590, 594, 600, 607, 608, 610, 611, 612, 619, 627, 640, 643, 650, 654, 656, 659, 667, 669, 685, 701, 726, 729, 737, 777, 779, 782, 783, 787, 790, 791, 809, 817, 819, 830, 833, 834, 836, 845, 856, 857, 860, 862, 875, 880, 887, 888, 899, 900, 914, 918, 921, 928, 929, 930]",0/6 successful match,False,,False,390,False,,,,,
"Coos Bay , 97420 Bassett Hyland Fuel Center ( Chevron )",541-269-5682 US 101 S ( 1059 Evans Blvd ),L,Coos Bay,97420,Bassett Hyland Fuel Center ( Chevron ),541-269-5682,2007,Coos Bay,OR,Chevron,( 1059 Evans Blvd ),US 101 S,empty,,False,,False,US 101,,,,,[],[],[],[],[],"[15, 91, 107, 110, 113, 123, 132, 136, 193, 216, 218, 252, 274, 275, 281, 286, 293, 302, 325, 326, 500, 562, 578, 580, 583, 594, 603, 607, 664, 686, 715, 733, 734, 740, 745, 752, 760, 783, 784]","[12, 24, 25, 28, 88, 100, 104, 119, 123, 129, 136, 137, 139, 140, 141, 148, 155, 169, 172, 179, 183, 185, 188, 196, 198, 217, 237, 267, 270, 278, 319, 321, 324, 325, 330, 334, 335, 354, 366, 369, 380, 383, 384, 386, 395, 407, 411, 423, 428, 436, 437, 452, 453, 456, 467, 471, 477, 478, 479, 497, 508, 511, 559, 571, 575, 590, 594, 600, 607, 608, 610, 611, 612, 619, 627, 640, 643, 650, 654, 656, 659, 667, 669, 685, 701, 726, 729, 737, 777, 779, 782, 783, 787, 790, 791, 809, 817, 819, 830, 833, 834, 836, 845, 856, 857, 860, 862, 875, 880, 887, 888, 899, 900, 914, 918, 921, 928, 929, 930]","[12, 24, 25, 28, 88, 100, 104, 119, 123, 129, 136, 137, 139, 140, 141, 148, 155, 169, 172, 179, 183, 185, 188, 196, 198, 217, 237, 267, 270, 278, 319, 321, 324, 325, 330, 334, 335, 354, 366, 369, 380, 383, 384, 386, 395, 407, 411, 423, 428, 436, 437, 452, 453, 456, 467, 471, 477, 478, 479, 497, 508, 511, 559, 571, 575, 590, 594, 600, 607, 608, 610, 611, 612, 619, 627, 640, 643, 650, 654, 656, 659, 667, 669, 685, 701, 726, 729, 737, 777, 779, 782, 783, 787, 790, 791, 809, 817, 819, 830, 833, 834, 836, 845, 856, 857, 860, 862, 875, 880, 887, 888, 899, 900, 914, 918, 921, 928, 929, 930]","[12, 15, 24, 25, 28, 559, 562, 571, 575, 578, 580, 583, 590, 594, 88, 600, 91, 603, 607, 608, 610, 611, 100, 612, 104, 107, 619, 110, 113, 627, 119, 123, 640, 129, 643, 132, 136, 137, 650, 139, 140, 141, 654, 656, 659, 148, 664, 155, 667, 669, 169, 172, 685, 686, 179, 183, 185, 188, 701, 193, 196, 198, 715, 726, 216, 217, 218, 729, 733, 734, 737, 740, 745, 237, 752, 760, 252, 777, 267, 779, 270, 783, 784, 782, 274, 275, 787, 278, 790, 791, 281, 286, 293, 809, 302, 817, 819, 830, 319, 321, 833, 834, 324, 325, 326, 836, 330, 845, 334, 335, 856, 857, 860, 862, 354, 875, 366, 880, 369, 887, 888, 380, 383, 384, 386, 899, 900, 395, 914, 918, 407, 921, 411, 928, 929, 930, 423, 428, 436, 437, 452, 453, 456, 467, 471, 477, 478, 479, 497, 500, 508, 511]",False,[],[],[],[],"[15, 91, 107, 110, 113, 123, 132, 136, 193, 216, 218, 252, 274, 275, 281, 286, 293, 302, 325, 326, 500, 562, 578, 580, 583, 594, 603, 607, 664, 686, 715, 733, 734, 740, 745, 752, 760, 783, 784]","[12, 24, 25, 28, 88, 100, 104, 119, 123, 129, 136, 137, 139, 140, 141, 148, 155, 169, 172, 179, 183, 185, 188, 196, 198, 217, 237, 267, 270, 278, 319, 321, 324, 325, 330, 334, 335, 354, 366, 369, 380, 383, 384, 386, 395, 407, 411, 423, 428, 436, 437, 452, 453, 456, 467, 471, 477, 478, 479, 497, 508, 511, 559, 571, 575, 590, 594, 600, 607, 608, 610, 611, 612, 619, 627, 640, 643, 650, 654, 656, 659, 667, 669, 685, 701, 726, 729, 737, 777, 779, 782, 783, 787, 790, 791, 809, 817, 819, 830, 833, 834, 836, 845, 856, 857, 860, 862, 875, 880, 887, 888, 899, 900, 914, 918, 921, 928, 929, 930]","[12, 24, 25, 28, 88, 100, 104, 119, 123, 129, 136, 137, 139, 140, 141, 148, 155, 169, 172, 179, 183, 185, 188, 196, 198, 217, 237, 267, 270, 278, 319, 321, 324, 325, 330, 334, 335, 354, 366, 369, 380, 383, 384, 386, 395, 407, 411, 423, 428, 436, 437, 452, 453, 456, 467, 471, 477, 478, 479, 497, 508, 511, 559, 571, 575, 590, 594, 600, 607, 608, 610, 611, 612, 619, 627, 640, 643, 650, 654, 656, 659, 667, 669, 685, 701, 726, 729, 737, 777, 779, 782, 783, 787, 790, 791, 809, 817, 819, 830, 833, 834, 836, 845, 856, 857, 860, 862, 875, 880, 887, 888, 899, 900, 914, 918, 921, 928, 929, 930]",0/6 successful match,False,,False,390,False,,1.0,True,Bassett Hyland Fuel Center ( Chevron ),Chevron
"Coos Bay , 97420 Bassett Hyland Fuel Center ( Chevron",541-269-5682 US 101 S ( 1059 Evans Blvd ) ),24,Coos Bay,97420,Bassett Hyland Fuel Center ( Chevron,541-269-5682,2008,Coos Bay,OR,Chevron,( 1059 Evans Blvd ) ),US 101 S,empty,,False,,False,US 101,,,,,[],[],[],[],[],"[15, 91, 107, 110, 113, 123, 132, 136, 193, 216, 218, 252, 274, 275, 281, 286, 293, 302, 325, 326, 500, 562, 578, 580, 583, 594, 603, 607, 664, 686, 715, 733, 734, 740, 745, 752, 760, 783, 784]","[12, 24, 25, 28, 88, 100, 104, 119, 123, 129, 136, 137, 139, 140, 141, 148, 155, 169, 172, 179, 183, 185, 188, 196, 198, 217, 237, 267, 270, 278, 319, 321, 324, 325, 330, 334, 335, 354, 366, 369, 380, 383, 384, 386, 395, 407, 411, 423, 428, 436, 437, 452, 453, 456, 467, 471, 477, 478, 479, 497, 508, 511, 559, 571, 575, 590, 594, 600, 607, 608, 610, 611, 612, 619, 627, 640, 643, 650, 654, 656, 659, 667, 669, 685, 701, 726, 729, 737, 777, 779, 782, 783, 787, 790, 791, 809, 817, 819, 830, 833, 834, 836, 845, 856, 857, 860, 862, 875, 880, 887, 888, 899, 900, 914, 918, 921, 928, 929, 930]","[12, 24, 25, 28, 88, 100, 104, 119, 123, 129, 136, 137, 139, 140, 141, 148, 155, 169, 172, 179, 183, 185, 188, 196, 198, 217, 237, 267, 270, 278, 319, 321, 324, 325, 330, 334, 335, 354, 366, 369, 380, 383, 384, 386, 395, 407, 411, 423, 428, 436, 437, 452, 453, 456, 467, 471, 477, 478, 479, 497, 508, 511, 559, 571, 575, 590, 594, 600, 607, 608, 610, 611, 612, 619, 627, 640, 643, 650, 654, 656, 659, 667, 669, 685, 701, 726, 729, 737, 777, 779, 782, 783, 787, 790, 791, 809, 817, 819, 830, 833, 834, 836, 845, 856, 857, 860, 862, 875, 880, 887, 888, 899, 900, 914, 918, 921, 928, 929, 930]","[12, 15, 24, 25, 28, 559, 562, 571, 575, 578, 580, 583, 590, 594, 88, 600, 91, 603, 607, 608, 610, 611, 100, 612, 104, 107, 619, 110, 113, 627, 119, 123, 640, 129, 643, 132, 136, 137, 650, 139, 140, 141, 654, 656, 659, 148, 664, 155, 667, 669, 169, 172, 685, 686, 179, 183, 185, 188, 701, 193, 196, 198, 715, 726, 216, 217, 218, 729, 733, 734, 737, 740, 745, 237, 752, 760, 252, 777, 267, 779, 270, 783, 784, 782, 274, 275, 787, 278, 790, 791, 281, 286, 293, 809, 302, 817, 819, 830, 319, 321, 833, 834, 324, 325, 326, 836, 330, 845, 334, 335, 856, 857, 860, 862, 354, 875, 366, 880, 369, 887, 888, 380, 383, 384, 386, 899, 900, 395, 914, 918, 407, 921, 411, 928, 929, 930, 423, 428, 436, 437, 452, 453, 456, 467, 471, 477, 478, 479, 497, 500, 508, 511]",False,[],[],[],[],"[15, 91, 107, 110, 113, 123, 132, 136, 193, 216, 218, 252, 274, 275, 281, 286, 293, 302, 325, 326, 500, 562, 578, 580, 583, 594, 603, 607, 664, 686, 715, 733, 734, 740, 745, 752, 760, 783, 784]","[12, 24, 25, 28, 88, 100, 104, 119, 123, 129, 136, 137, 139, 140, 141, 148, 155, 169, 172, 179, 183, 185, 188, 196, 198, 217, 237, 267, 270, 278, 319, 321, 324, 325, 330, 334, 335, 354, 366, 369, 380, 383, 384, 386, 395, 407, 411, 423, 428, 436, 437, 452, 453, 456, 467, 471, 477, 478, 479, 497, 508, 511, 559, 571, 575, 590, 594, 600, 607, 608, 610, 611, 612, 619, 627, 640, 643, 650, 654, 656, 659, 667, 669, 685, 701, 726, 729, 737, 777, 779, 782, 783, 787, 790, 791, 809, 817, 819, 830, 833, 834, 836, 845, 856, 857, 860, 862, 875, 880, 887, 888, 899, 900, 914, 918, 921, 928, 929, 930]","[12, 24, 25, 28, 88, 100, 104, 119, 123, 129, 136, 137, 139, 140, 141, 148, 155, 169, 172, 179, 183, 185, 188, 196, 198, 217, 237, 267, 270, 278, 319, 321, 324, 325, 330, 334, 335, 354, 366, 369, 380, 383, 384, 386, 395, 407, 411, 423, 428, 436, 437, 452, 453, 456, 467, 471, 477, 478, 479, 497, 508, 511, 559, 571, 575, 590, 594, 600, 607, 608, 610, 611, 612, 619, 627, 640, 643, 650, 654, 656, 659, 667, 669, 685, 701, 726, 729, 737, 777, 779, 782, 783, 787, 790, 791, 809, 817, 819, 830, 833, 834, 836, 845, 856, 857, 860, 862, 875, 880, 887, 888, 899, 900, 914, 918, 921, 928, 929, 930]",0/6 successful match,False,,False,390,False,,1.0,True,Bassett Hyland Fuel Center ( Chevron ),Chevron
Coos Bay ( 97420 ) Bassett Hyland Fuel Center ( Chevron ),1 541-269-5682 US 101 S ( 1059 Evans Blvd ),) 24 <U+25A1> <U+25A1>,Coos Bay,97420,Bassett Hyland Fuel Center ( Chevron ),541-269-5682,2014,Coos Bay,OR,Chevron,( 1059 Evans Blvd ),US 101 S,empty,,False,,False,US 101,,,,,[],[],[],[],[],"[15, 91, 107, 110, 113, 123, 132, 136, 193, 216, 218, 252, 274, 275, 281, 286, 293, 302, 325, 326, 500, 562, 578, 580, 583, 594, 603, 607, 664, 686, 715, 733, 734, 740, 745, 752, 760, 783, 784]","[12, 24, 25, 28, 88, 100, 104, 119, 123, 129, 136, 137, 139, 140, 141, 148, 155, 169, 172, 179, 183, 185, 188, 196, 198, 217, 237, 267, 270, 278, 319, 321, 324, 325, 330, 334, 335, 354, 366, 369, 380, 383, 384, 386, 395, 407, 411, 423, 428, 436, 437, 452, 453, 456, 467, 471, 477, 478, 479, 497, 508, 511, 559, 571, 575, 590, 594, 600, 607, 608, 610, 611, 612, 619, 627, 640, 643, 650, 654, 656, 659, 667, 669, 685, 701, 726, 729, 737, 777, 779, 782, 783, 787, 790, 791, 809, 817, 819, 830, 833, 834, 836, 845, 856, 857, 860, 862, 875, 880, 887, 888, 899, 900, 914, 918, 921, 928, 929, 930]","[12, 24, 25, 28, 88, 100, 104, 119, 123, 129, 136, 137, 139, 140, 141, 148, 155, 169, 172, 179, 183, 185, 188, 196, 198, 217, 237, 267, 270, 278, 319, 321, 324, 325, 330, 334, 335, 354, 366, 369, 380, 383, 384, 386, 395, 407, 411, 423, 428, 436, 437, 452, 453, 456, 467, 471, 477, 478, 479, 497, 508, 511, 559, 571, 575, 590, 594, 600, 607, 608, 610, 611, 612, 619, 627, 640, 643, 650, 654, 656, 659, 667, 669, 685, 701, 726, 729, 737, 777, 779, 782, 783, 787, 790, 791, 809, 817, 819, 830, 833, 834, 836, 845, 856, 857, 860, 862, 875, 880, 887, 888, 899, 900, 914, 918, 921, 928, 929, 930]","[12, 15, 24, 25, 28, 559, 562, 571, 575, 578, 580, 583, 590, 594, 88, 600, 91, 603, 607, 608, 610, 611, 100, 612, 104, 107, 619, 110, 113, 627, 119, 123, 640, 129, 643, 132, 136, 137, 650, 139, 140, 141, 654, 656, 659, 148, 664, 155, 667, 669, 169, 172, 685, 686, 179, 183, 185, 188, 701, 193, 196, 198, 715, 726, 216, 217, 218, 729, 733, 734, 737, 740, 745, 237, 752, 760, 252, 777, 267, 779, 270, 783, 784, 782, 274, 275, 787, 278, 790, 791, 281, 286, 293, 809, 302, 817, 819, 830, 319, 321, 833, 834, 324, 325, 326, 836, 330, 845, 334, 335, 856, 857, 860, 862, 354, 875, 366, 880, 369, 887, 888, 380, 383, 384, 386, 899, 900, 395, 914, 918, 407, 921, 411, 928, 929, 930, 423, 428, 436, 437, 452, 453, 456, 467, 471, 477, 478, 479, 497, 500, 508, 511]",False,[],[],[],[],"[15, 91, 107, 110, 113, 123, 132, 136, 193, 216, 218, 252, 274, 275, 281, 286, 293, 302, 325, 326, 500, 562, 578, 580, 583, 594, 603, 607, 664, 686, 715, 733, 734, 740, 745, 752, 760, 783, 784]","[12, 24, 25, 28, 88, 100, 104, 119, 123, 129, 136, 137, 139, 140, 141, 148, 155, 169, 172, 179, 183, 185, 188, 196, 198, 217, 237, 267, 270, 278, 319, 321, 324, 325, 330, 334, 335, 354, 366, 369, 380, 383, 384, 386, 395, 407, 411, 423, 428, 436, 437, 452, 453, 456, 467, 471, 477, 478, 479, 497, 508, 511, 559, 571, 575, 590, 594, 600, 607, 608, 610, 611, 612, 619, 627, 640, 643, 650, 654, 656, 659, 667, 669, 685, 701, 726, 729, 737, 777, 779, 782, 783, 787, 790, 791, 809, 817, 819, 830, 833, 834, 836, 845, 856, 857, 860, 862, 875, 880, 887, 888, 899, 900, 914, 918, 921, 928, 929, 930]","[12, 24, 25, 28, 88, 100, 104, 119, 123, 129, 136, 137, 139, 140, 141, 148, 155, 169, 172, 179, 183, 185, 188, 196, 198, 217, 237, 267, 270, 278, 319, 321, 324, 325, 330, 334, 335, 354, 366, 369, 380, 383, 384, 386, 395, 407, 411, 423, 428, 436, 437, 452, 453, 456, 467, 471, 477, 478, 479, 497, 508, 511, 559, 571, 575, 590, 594, 600, 607, 608, 610, 611, 612, 619, 627, 640, 643, 650, 654, 656, 659, 667, 669, 685, 701, 726, 729, 737, 777, 779, 782, 783, 787, 790, 791, 809, 817, 819, 830, 833, 834, 836, 845, 856, 857, 860, 862, 875, 880, 887, 888, 899, 900, 914, 918, 921, 928, 929, 930]",0/6 successful match,False,,False,390,False,,1.0,True,Bassett Hyland Fuel Center ( Chevron,Chevron
E Coos Bay ( 97420 ) Bassett Hyland Chevron,1 541-269-5682 US 101 S ( 1059 Evans Blvd ),<U+2610> <U+25A1> <U+25A1> <U+25A1>,Coos Bay,97420,Bassett Hyland Chevron,541-269-5682,2015,Coos Bay,OR,Chevron,( 1059 Evans Blvd ),US 101 S,empty,,False,,False,US 101,,,,,[],[],[],[],[],"[15, 91, 107, 110, 113, 123, 132, 136, 193, 216, 218, 252, 274, 275, 281, 286, 293, 302, 325, 326, 500, 562, 578, 580, 583, 594, 603, 607, 664, 686, 715, 733, 734, 740, 745, 752, 760, 783, 784]","[12, 24, 25, 28, 88, 100, 104, 119, 123, 129, 136, 137, 139, 140, 141, 148, 155, 169, 172, 179, 183, 185, 188, 196, 198, 217, 237, 267, 270, 278, 319, 321, 324, 325, 330, 334, 335, 354, 366, 369, 380, 383, 384, 386, 395, 407, 411, 423, 428, 436, 437, 452, 453, 456, 467, 471, 477, 478, 479, 497, 508, 511, 559, 571, 575, 590, 594, 600, 607, 608, 610, 611, 612, 619, 627, 640, 643, 650, 654, 656, 659, 667, 669, 685, 701, 726, 729, 737, 777, 779, 782, 783, 787, 790, 791, 809, 817, 819, 830, 833, 834, 836, 845, 856, 857, 860, 862, 875, 880, 887, 888, 899, 900, 914, 918, 921, 928, 929, 930]","[12, 24, 25, 28, 88, 100, 104, 119, 123, 129, 136, 137, 139, 140, 141, 148, 155, 169, 172, 179, 183, 185, 188, 196, 198, 217, 237, 267, 270, 278, 319, 321, 324, 325, 330, 334, 335, 354, 366, 369, 380, 383, 384, 386, 395, 407, 411, 423, 428, 436, 437, 452, 453, 456, 467, 471, 477, 478, 479, 497, 508, 511, 559, 571, 575, 590, 594, 600, 607, 608, 610, 611, 612, 619, 627, 640, 643, 650, 654, 656, 659, 667, 669, 685, 701, 726, 729, 737, 777, 779, 782, 783, 787, 790, 791, 809, 817, 819, 830, 833, 834, 836, 845, 856, 857, 860, 862, 875, 880, 887, 888, 899, 900, 914, 918, 921, 928, 929, 930]","[12, 15, 24, 25, 28, 559, 562, 571, 575, 578, 580, 583, 590, 594, 88, 600, 91, 603, 607, 608, 610, 611, 100, 612, 104, 107, 619, 110, 113, 627, 119, 123, 640, 129, 643, 132, 136, 137, 650, 139, 140, 141, 654, 656, 659, 148, 664, 155, 667, 669, 169, 172, 685, 686, 179, 183, 185, 188, 701, 193, 196, 198, 715, 726, 216, 217, 218, 729, 733, 734, 737, 740, 745, 237, 752, 760, 252, 777, 267, 779, 270, 783, 784, 782, 274, 275, 787, 278, 790, 791, 281, 286, 293, 809, 302, 817, 819, 830, 319, 321, 833, 834, 324, 325, 326, 836, 330, 845, 334, 335, 856, 857, 860, 862, 354, 875, 366, 880, 369, 887, 888, 380, 383, 384, 386, 899, 900, 395, 914, 918, 407, 921, 411, 928, 929, 930, 423, 428, 436, 437, 452, 453, 456, 467, 471, 477, 478, 479, 497, 500, 508, 511]",False,[],[],[],[],"[15, 91, 107, 110, 113, 123, 132, 136, 193, 216, 218, 252, 274, 275, 281, 286, 293, 302, 325, 326, 500, 562, 578, 580, 583, 594, 603, 607, 664, 686, 715, 733, 734, 740, 745, 752, 760, 783, 784]","[12, 24, 25, 28, 88, 100, 104, 119, 123, 129, 136, 137, 139, 140, 141, 148, 155, 169, 172, 179, 183, 185, 188, 196, 198, 217, 237, 267, 270, 278, 319, 321, 324, 325, 330, 334, 335, 354, 366, 369, 380, 383, 384, 386, 395, 407, 411, 423, 428, 436, 437, 452, 453, 456, 467, 471, 477, 478, 479, 497, 508, 511, 559, 571, 575, 590, 594, 600, 607, 608, 610, 611, 612, 619, 627, 640, 643, 650, 654, 656, 659, 667, 669, 685, 701, 726, 729, 737, 777, 779, 782, 783, 787, 790, 791, 809, 817, 819, 830, 833, 834, 836, 845, 856, 857, 860, 862, 875, 880, 887, 888, 899, 900, 914, 918, 921, 928, 929, 930]","[12, 24, 25, 28, 88, 100, 104, 119, 123, 129, 136, 137, 139, 140, 141, 148, 155, 169, 172, 179, 183, 185, 188, 196, 198, 217, 237, 267, 270, 278, 319, 321, 324, 325, 330, 334, 335, 354, 366, 369, 380, 383, 384, 386, 395, 407, 411, 423, 428, 436, 437, 452, 453, 456, 467, 471, 477, 478, 479, 497, 508, 511, 559, 571, 575, 590, 594, 600, 607, 608, 610, 611, 612, 619, 627, 640, 643, 650, 654, 656, 659, 667, 669, 685, 701, 726, 729, 737, 777, 779, 782, 783, 787, 790, 791, 809, 817, 819, 830, 833, 834, 836, 845, 856, 857, 860, 862, 875, 880, 887, 888, 899, 900, 914, 918, 921, 928, 929, 930]",0/6 successful match,False,,False,390,False,,1.0,True,Bassett Hyland Fuel Center ( Chevron ),Chevron
E Coos Bay ( 97420 ) Bassett Hyland Chevron,541-269-5682 US 101 S ( 1059 Evans ),24 22 <U+25A1> <U+25A1> <U+25A1> <U+2610>,Coos Bay,97420,Bassett Hyland Chevron,541-269-5682,2016,Coos Bay,OR,Chevron,( 1059 Evans ),US 101 S,empty,,False,,False,US 101,,,,,[],[],[],[],[],"[15, 91, 107, 110, 113, 123, 132, 136, 193, 216, 218, 252, 274, 275, 281, 286, 293, 302, 325, 326, 500, 562, 578, 580, 583, 594, 603, 607, 664, 686, 715, 733, 734, 740, 745, 752, 760, 783, 784]","[12, 24, 25, 28, 88, 100, 104, 119, 123, 129, 136, 137, 139, 140, 141, 148, 155, 169, 172, 179, 183, 185, 188, 196, 198, 217, 237, 267, 270, 278, 319, 321, 324, 325, 330, 334, 335, 354, 366, 369, 380, 383, 384, 386, 395, 407, 411, 423, 428, 436, 437, 452, 453, 456, 467, 471, 477, 478, 479, 497, 508, 511, 559, 571, 575, 590, 594, 600, 607, 608, 610, 611, 612, 619, 627, 640, 643, 650, 654, 656, 659, 667, 669, 685, 701, 726, 729, 737, 777, 779, 782, 783, 787, 790, 791, 809, 817, 819, 830, 833, 834, 836, 845, 856, 857, 860, 862, 875, 880, 887, 888, 899, 900, 914, 918, 921, 928, 929, 930]","[12, 24, 25, 28, 88, 100, 104, 119, 123, 129, 136, 137, 139, 140, 141, 148, 155, 169, 172, 179, 183, 185, 188, 196, 198, 217, 237, 267, 270, 278, 319, 321, 324, 325, 330, 334, 335, 354, 366, 369, 380, 383, 384, 386, 395, 407, 411, 423, 428, 436, 437, 452, 453, 456, 467, 471, 477, 478, 479, 497, 508, 511, 559, 571, 575, 590, 594, 600, 607, 608, 610, 611, 612, 619, 627, 640, 643, 650, 654, 656, 659, 667, 669, 685, 701, 726, 729, 737, 777, 779, 782, 783, 787, 790, 791, 809, 817, 819, 830, 833, 834, 836, 845, 856, 857, 860, 862, 875, 880, 887, 888, 899, 900, 914, 918, 921, 928, 929, 930]","[12, 15, 24, 25, 28, 559, 562, 571, 575, 578, 580, 583, 590, 594, 88, 600, 91, 603, 607, 608, 610, 611, 100, 612, 104, 107, 619, 110, 113, 627, 119, 123, 640, 129, 643, 132, 136, 137, 650, 139, 140, 141, 654, 656, 659, 148, 664, 155, 667, 669, 169, 172, 685, 686, 179, 183, 185, 188, 701, 193, 196, 198, 715, 726, 216, 217, 218, 729, 733, 734, 737, 740, 745, 237, 752, 760, 252, 777, 267, 779, 270, 783, 784, 782, 274, 275, 787, 278, 790, 791, 281, 286, 293, 809, 302, 817, 819, 830, 319, 321, 833, 834, 324, 325, 326, 836, 330, 845, 334, 335, 856, 857, 860, 862, 354, 875, 366, 880, 369, 887, 888, 380, 383, 384, 386, 899, 900, 395, 914, 918, 407, 921, 411, 928, 929, 930, 423, 428, 436, 437, 452, 453, 456, 467, 471, 477, 478, 479, 497, 500, 508, 511]",False,[],[],[],[],"[15, 91, 107, 110, 113, 123, 132, 136, 193, 216, 218, 252, 274, 275, 281, 286, 293, 302, 325, 326, 500, 562, 578, 580, 583, 594, 603, 607, 664, 686, 715, 733, 734, 740, 745, 752, 760, 783, 784]","[12, 24, 25, 28, 88, 100, 104, 119, 123, 129, 136, 137, 139, 140, 141, 148, 155, 169, 172, 179, 183, 185, 188, 196, 198, 217, 237, 267, 270, 278, 319, 321, 324, 325, 330, 334, 335, 354, 366, 369, 380, 383, 384, 386, 395, 407, 411, 423, 428, 436, 437, 452, 453, 456, 467, 471, 477, 478, 479, 497, 508, 511, 559, 571, 575, 590, 594, 600, 607, 608, 610, 611, 612, 619, 627, 640, 643, 650, 654, 656, 659, 667, 669, 685, 701, 726, 729, 737, 777, 779, 782, 783, 787, 790, 791, 809, 817, 819, 830, 833, 834, 836, 845, 856, 857, 860, 862, 875, 880, 887, 888, 899, 900, 914, 918, 921, 928, 929, 930]","[12, 24, 25, 28, 88, 100, 104, 119, 123, 129, 136, 137, 139, 140, 141, 148, 155, 169, 172, 179, 183, 185, 188, 196, 198, 217, 237, 267, 270, 278, 319, 321, 324, 325, 330, 334, 335, 354, 366, 369, 380, 383, 384, 386, 395, 407, 411, 423, 428, 436, 437, 452, 453, 456, 467, 471, 477, 478, 479, 497, 508, 511, 559, 571, 575, 590, 594, 600, 607, 608, 610, 611, 612, 619, 627, 640, 643, 650, 654, 656, 659, 667, 669, 685, 701, 726, 729, 737, 777, 779, 782, 783, 787, 790, 791, 809, 817, 819, 830, 833, 834, 836, 845, 856, 857, 860, 862, 875, 880, 887, 888, 899, 900, 914, 918, 921, 928, 929, 930]",0/6 successful match,False,,False,390,False,,1.0,True,Bassett Hyland Chevron,Chevron
"Cottage Grove , 97424 Market Express ( Chevron",541-942-0105 I-5 Exit 174 ),FRS HRS 24 24 <U+2610>,Cottage Grove,97424,Market Express ( Chevron,541-942-0105,2006,Cottage Grove,OR,Chevron,,I-5 Exit 174 ,Exit,174,False,,False,I-5,,,,,[],[],"[217, 685]",[],[],"[105, 114, 138, 141, 152, 153, 154, 155, 157, 159, 164, 165, 176, 182, 191, 192, 194, 195, 196, 200, 204, 208, 209, 210, 211, 215, 226, 228, 241, 242, 243, 245, 248, 249, 250, 257, 261, 270, 271, 282, 287, 289, 291, 294, 296, 298, 306, 308, 309, 311, 314, 327, 333, 335, 337, 576, 585, 609, 612, 623, 624, 626, 627, 629, 631, 636, 637, 647, 653, 662, 663, 665, 666, 667, 671, 674, 678, 679, 680, 681, 690, 692, 705, 706, 707, 709, 711, 712, 713, 719, 721, 729, 730, 741, 746, 748, 750, 753, 755, 757, 764, 766, 767, 769, 772, 785, 791]","[12, 24, 25, 28, 88, 100, 104, 119, 123, 129, 136, 137, 139, 140, 141, 148, 155, 169, 172, 179, 183, 185, 188, 196, 198, 217, 237, 267, 270, 278, 319, 321, 324, 325, 330, 334, 335, 354, 366, 369, 380, 383, 384, 386, 395, 407, 411, 423, 428, 436, 437, 452, 453, 456, 467, 471, 477, 478, 479, 497, 508, 511, 559, 571, 575, 590, 594, 600, 607, 608, 610, 611, 612, 619, 627, 640, 643, 650, 654, 656, 659, 667, 669, 685, 701, 726, 729, 737, 777, 779, 782, 783, 787, 790, 791, 809, 817, 819, 830, 833, 834, 836, 845, 856, 857, 860, 862, 875, 880, 887, 888, 899, 900, 914, 918, 921, 928, 929, 930]","[12, 24, 25, 28, 88, 100, 104, 119, 123, 129, 136, 137, 139, 140, 141, 148, 155, 169, 172, 179, 183, 185, 188, 196, 198, 217, 237, 267, 270, 278, 319, 321, 324, 325, 330, 334, 335, 354, 366, 369, 380, 383, 384, 386, 395, 407, 411, 423, 428, 436, 437, 452, 453, 456, 467, 471, 477, 478, 479, 497, 508, 511, 559, 571, 575, 590, 594, 600, 607, 608, 610, 611, 612, 619, 627, 640, 643, 650, 654, 656, 659, 667, 669, 685, 701, 726, 729, 737, 777, 779, 782, 783, 787, 790, 791, 809, 817, 819, 830, 833, 834, 836, 845, 856, 857, 860, 862, 875, 880, 887, 888, 899, 900, 914, 918, 921, 928, 929, 930]","[12, 24, 25, 28, 559, 571, 575, 576, 585, 590, 594, 88, 600, 607, 608, 609, 610, 611, 612, 100, 104, 105, 619, 623, 624, 114, 626, 627, 629, 631, 119, 123, 636, 637, 640, 129, 643, 647, 136, 137, 138, 139, 140, 141, 653, 650, 654, 656, 659, 148, 662, 663, 152, 153, 154, 667, 155, 157, 665, 159, 666, 671, 674, 669, 164, 165, 678, 679, 680, 681, 169, 172, 685, 176, 690, 179, 692, 182, 183, 185, 188, 701, 191, 192, 705, 194, 195, 196, 706, 707, 709, 200, 711, 712, 713, 204, 198, 719, 208, 209, 210, 211, 721, 726, 215, 217, 729, 730, 737, 226, 228, 741, 746, 748, 237, 750, 241, 242, 243, 753, 245, 755, 757, 248, 249, 250, 764, 766, 767, 257, 769, 772, 261, 777, 267, 779, 270, 271, 782, 785, 783, 787, 278, 791, 790, 282, 287, 289, 291, 294, 296, 809, 298, 817, 306, 819, 308, 309, 311, 314, 830, 319, 321, 833, 834, 324, 325, 836, 327, 330, 333, 334, 335, 845, 337, 856, 857, 860, 862, 354, 875, 366, 880, 369, 887, 888, 380, 383, 384, 386, 899, 900, 395, 914, 918, 407, 921, 411, 928, 929, 930, 423, 428, 436, 437, 452, 453, 456, 467, 471, 477, 478, 479, 497, 508, 511]",False,[],[],"[217, 685]",[],"[105, 114, 138, 141, 152, 153, 154, 155, 157, 159, 164, 165, 176, 182, 191, 192, 194, 195, 196, 200, 204, 208, 209, 210, 211, 215, 226, 228, 241, 242, 243, 245, 248, 249, 250, 257, 261, 270, 271, 282, 287, 289, 291, 294, 296, 298, 306, 308, 309, 311, 314, 327, 333, 335, 337, 576, 585, 609, 612, 623, 624, 626, 627, 629, 631, 636, 637, 647, 653, 662, 663, 665, 666, 667, 671, 674, 678, 679, 680, 681, 690, 692, 705, 706, 707, 709, 711, 712, 713, 719, 721, 729, 730, 741, 746, 748, 750, 753, 755, 757, 764, 766, 767, 769, 772, 785, 791]","[12, 24, 25, 28, 88, 100, 104, 119, 123, 129, 136, 137, 139, 140, 141, 148, 155, 169, 172, 179, 183, 185, 188, 196, 198, 217, 237, 267, 270, 278, 319, 321, 324, 325, 330, 334, 335, 354, 366, 369, 380, 383, 384, 386, 395, 407, 411, 423, 428, 436, 437, 452, 453, 456, 467, 471, 477, 478, 479, 497, 508, 511, 559, 571, 575, 590, 594, 600, 607, 608, 610, 611, 612, 619, 627, 640, 643, 650, 654, 656, 659, 667, 669, 685, 701, 726, 729, 737, 777, 779, 782, 783, 787, 790, 791, 809, 817, 819, 830, 833, 834, 836, 845, 856, 857, 860, 862, 875, 880, 887, 888, 899, 900, 914, 918, 921, 928, 929, 930]","[12, 24, 25, 28, 88, 100, 104, 119, 123, 129, 136, 137, 139, 140, 141, 148, 155, 169, 172, 179, 183, 185, 188, 196, 198, 217, 237, 267, 270, 278, 319, 321, 324, 325, 330, 334, 335, 354, 366, 369, 380, 383, 384, 386, 395, 407, 411, 423, 428, 436, 437, 452, 453, 456, 467, 471, 477, 478, 479, 497, 508, 511, 559, 571, 575, 590, 594, 600, 607, 608, 610, 611, 612, 619, 627, 640, 643, 650, 654, 656, 659, 667, 669, 685, 701, 726, 729, 737, 777, 779, 782, 783, 787, 790, 791, 809, 817, 819, 830, 833, 834, 836, 845, 856, 857, 860, 862, 875, 880, 887, 888, 899, 900, 914, 918, 921, 928, 929, 930]",0/6 successful match,False,,False,391,False,,,,,
"Cottage Grove , 97424 Market Express ( Chevron )",541-942-0105 I-5 Exit 174,,Cottage Grove,97424,Market Express ( Chevron ),541-942-0105,2007,Cottage Grove,OR,Chevron,,I-5 Exit 174,Exit,174,False,,False,I-5,,,,,[],[],"[217, 685]",[],[],"[105, 114, 138, 141, 152, 153, 154, 155, 157, 159, 164, 165, 176, 182, 191, 192, 194, 195, 196, 200, 204, 208, 209, 210, 211, 215, 226, 228, 241, 242, 243, 245, 248, 249, 250, 257, 261, 270, 271, 282, 287, 289, 291, 294, 296, 298, 306, 308, 309, 311, 314, 327, 333, 335, 337, 576, 585, 609, 612, 623, 624, 626, 627, 629, 631, 636, 637, 647, 653, 662, 663, 665, 666, 667, 671, 674, 678, 679, 680, 681, 690, 692, 705, 706, 707, 709, 711, 712, 713, 719, 721, 729, 730, 741, 746, 748, 750, 753, 755, 757, 764, 766, 767, 769, 772, 785, 791]","[12, 24, 25, 28, 88, 100, 104, 119, 123, 129, 136, 137, 139, 140, 141, 148, 155, 169, 172, 179, 183, 185, 188, 196, 198, 217, 237, 267, 270, 278, 319, 321, 324, 325, 330, 334, 335, 354, 366, 369, 380, 383, 384, 386, 395, 407, 411, 423, 428, 436, 437, 452, 453, 456, 467, 471, 477, 478, 479, 497, 508, 511, 559, 571, 575, 590, 594, 600, 607, 608, 610, 611, 612, 619, 627, 640, 643, 650, 654, 656, 659, 667, 669, 685, 701, 726, 729, 737, 777, 779, 782, 783, 787, 790, 791, 809, 817, 819, 830, 833, 834, 836, 845, 856, 857, 860, 862, 875, 880, 887, 888, 899, 900, 914, 918, 921, 928, 929, 930]","[12, 24, 25, 28, 88, 100, 104, 119, 123, 129, 136, 137, 139, 140, 141, 148, 155, 169, 172, 179, 183, 185, 188, 196, 198, 217, 237, 267, 270, 278, 319, 321, 324, 325, 330, 334, 335, 354, 366, 369, 380, 383, 384, 386, 395, 407, 411, 423, 428, 436, 437, 452, 453, 456, 467, 471, 477, 478, 479, 497, 508, 511, 559, 571, 575, 590, 594, 600, 607, 608, 610, 611, 612, 619, 627, 640, 643, 650, 654, 656, 659, 667, 669, 685, 701, 726, 729, 737, 777, 779, 782, 783, 787, 790, 791, 809, 817, 819, 830, 833, 834, 836, 845, 856, 857, 860, 862, 875, 880, 887, 888, 899, 900, 914, 918, 921, 928, 929, 930]","[12, 24, 25, 28, 559, 571, 575, 576, 585, 590, 594, 88, 600, 607, 608, 609, 610, 611, 612, 100, 104, 105, 619, 623, 624, 114, 626, 627, 629, 631, 119, 123, 636, 637, 640, 129, 643, 647, 136, 137, 138, 139, 140, 141, 653, 650, 654, 656, 659, 148, 662, 663, 152, 153, 154, 667, 155, 157, 665, 159, 666, 671, 674, 669, 164, 165, 678, 679, 680, 681, 169, 172, 685, 176, 690, 179, 692, 182, 183, 185, 188, 701, 191, 192, 705, 194, 195, 196, 706, 707, 709, 200, 711, 712, 713, 204, 198, 719, 208, 209, 210, 211, 721, 726, 215, 217, 729, 730, 737, 226, 228, 741, 746, 748, 237, 750, 241, 242, 243, 753, 245, 755, 757, 248, 249, 250, 764, 766, 767, 257, 769, 772, 261, 777, 267, 779, 270, 271, 782, 785, 783, 787, 278, 791, 790, 282, 287, 289, 291, 294, 296, 809, 298, 817, 306, 819, 308, 309, 311, 314, 830, 319, 321, 833, 834, 324, 325, 836, 327, 330, 333, 334, 335, 845, 337, 856, 857, 860, 862, 354, 875, 366, 880, 369, 887, 888, 380, 383, 384, 386, 899, 900, 395, 914, 918, 407, 921, 411, 928, 929, 930, 423, 428, 436, 437, 452, 453, 456, 467, 471, 477, 478, 479, 497, 508, 511]",False,[],[],"[217, 685]",[],"[105, 114, 138, 141, 152, 153, 154, 155, 157, 159, 164, 165, 176, 182, 191, 192, 194, 195, 196, 200, 204, 208, 209, 210, 211, 215, 226, 228, 241, 242, 243, 245, 248, 249, 250, 257, 261, 270, 271, 282, 287, 289, 291, 294, 296, 298, 306, 308, 309, 311, 314, 327, 333, 335, 337, 576, 585, 609, 612, 623, 624, 626, 627, 629, 631, 636, 637, 647, 653, 662, 663, 665, 666, 667, 671, 674, 678, 679, 680, 681, 690, 692, 705, 706, 707, 709, 711, 712, 713, 719, 721, 729, 730, 741, 746, 748, 750, 753, 755, 757, 764, 766, 767, 769, 772, 785, 791]","[12, 24, 25, 28, 88, 100, 104, 119, 123, 129, 136, 137, 139, 140, 141, 148, 155, 169, 172, 179, 183, 185, 188, 196, 198, 217, 237, 267, 270, 278, 319, 321, 324, 325, 330, 334, 335, 354, 366, 369, 380, 383, 384, 386, 395, 407, 411, 423, 428, 436, 437, 452, 453, 456, 467, 471, 477, 478, 479, 497, 508, 511, 559, 571, 575, 590, 594, 600, 607, 608, 610, 611, 612, 619, 627, 640, 643, 650, 654, 656, 659, 667, 669, 685, 701, 726, 729, 737, 777, 779, 782, 783, 787, 790, 791, 809, 817, 819, 830, 833, 834, 836, 845, 856, 857, 860, 862, 875, 880, 887, 888, 899, 900, 914, 918, 921, 928, 929, 930]","[12, 24, 25, 28, 88, 100, 104, 119, 123, 129, 136, 137, 139, 140, 141, 148, 155, 169, 172, 179, 183, 185, 188, 196, 198, 217, 237, 267, 270, 278, 319, 321, 324, 325, 330, 334, 335, 354, 366, 369, 380, 383, 384, 386, 395, 407, 411, 423, 428, 436, 437, 452, 453, 456, 467, 471, 477, 478, 479, 497, 508, 511, 559, 571, 575, 590, 594, 600, 607, 608, 610, 611, 612, 619, 627, 640, 643, 650, 654, 656, 659, 667, 669, 685, 701, 726, 729, 737, 777, 779, 782, 783, 787, 790, 791, 809, 817, 819, 830, 833, 834, 836, 845, 856, 857, 860, 862, 875, 880, 887, 888, 899, 900, 914, 918, 921, 928, 929, 930]",0/6 successful match,False,,False,391,False,,1.0,True,Market Express ( Chevron,Chevron
"E Cottage Grove , 97424 Market Express (",541-942-0105 I-5 Exit 174 Chevron ),24 M <U+25A1> <U+25A1> <U+25A1> <U+25A1>,Cottage Grove,97424,Market Express (,541-942-0105,2008,Cottage Grove,OR,,,I-5 Exit 174 Chevron ,Exit,174,False,,False,I-5,,,,,[],[],"[217, 685]",[],[],"[105, 114, 138, 141, 152, 153, 154, 155, 157, 159, 164, 165, 176, 182, 191, 192, 194, 195, 196, 200, 204, 208, 209, 210, 211, 215, 226, 228, 241, 242, 243, 245, 248, 249, 250, 257, 261, 270, 271, 282, 287, 289, 291, 294, 296, 298, 306, 308, 309, 311, 314, 327, 333, 335, 337, 576, 585, 609, 612, 623, 624, 626, 627, 629, 631, 636, 637, 647, 653, 662, 663, 665, 666, 667, 671, 674, 678, 679, 680, 681, 690, 692, 705, 706, 707, 709, 711, 712, 713, 719, 721, 729, 730, 741, 746, 748, 750, 753, 755, 757, 764, 766, 767, 769, 772, 785, 791]",[],[],"[576, 585, 609, 612, 105, 623, 624, 114, 626, 627, 629, 631, 636, 637, 647, 138, 141, 653, 662, 663, 152, 153, 154, 667, 155, 157, 665, 159, 666, 671, 674, 164, 165, 678, 679, 680, 681, 685, 176, 690, 692, 182, 191, 192, 705, 194, 195, 196, 706, 707, 709, 200, 711, 712, 713, 204, 719, 208, 209, 210, 211, 721, 215, 217, 729, 730, 226, 228, 741, 746, 748, 750, 241, 242, 243, 753, 245, 755, 757, 248, 249, 250, 764, 766, 767, 257, 769, 772, 261, 270, 271, 785, 791, 282, 287, 289, 291, 294, 296, 298, 306, 308, 309, 311, 314, 327, 333, 335, 337]",False,[],[],"[217, 685]",[],"[105, 114, 138, 141, 152, 153, 154, 155, 157, 159, 164, 165, 176, 182, 191, 192, 194, 195, 196, 200, 204, 208, 209, 210, 211, 215, 226, 228, 241, 242, 243, 245, 248, 249, 250, 257, 261, 270, 271, 282, 287, 289, 291, 294, 296, 298, 306, 308, 309, 311, 314, 327, 333, 335, 337, 576, 585, 609, 612, 623, 624, 626, 627, 629, 631, 636, 637, 647, 653, 662, 663, 665, 666, 667, 671, 674, 678, 679, 680, 681, 690, 692, 705, 706, 707, 709, 711, 712, 713, 719, 721, 729, 730, 741, 746, 748, 750, 753, 755, 757, 764, 766, 767, 769, 772, 785, 791]",[],[],0/6 successful match,False,,False,391,False,,1.0,True,Market Express ( Chevron ),Chevron
Cottage Grove ( 97424 ) Market Express ( Chevron ),541-942-0105 I-5 Exit 174,24 MOO,Cottage Grove,97424,Market Express ( Chevron ),541-942-0105,2014,Cottage Grove,OR,Chevron,,I-5 Exit 174,Exit,174,False,,False,I-5,,,,,[],[],"[217, 685]",[],[],"[105, 114, 138, 141, 152, 153, 154, 155, 157, 159, 164, 165, 176, 182, 191, 192, 194, 195, 196, 200, 204, 208, 209, 210, 211, 215, 226, 228, 241, 242, 243, 245, 248, 249, 250, 257, 261, 270, 271, 282, 287, 289, 291, 294, 296, 298, 306, 308, 309, 311, 314, 327, 333, 335, 337, 576, 585, 609, 612, 623, 624, 626, 627, 629, 631, 636, 637, 647, 653, 662, 663, 665, 666, 667, 671, 674, 678, 679, 680, 681, 690, 692, 705, 706, 707, 709, 711, 712, 713, 719, 721, 729, 730, 741, 746, 748, 750, 753, 755, 757, 764, 766, 767, 769, 772, 785, 791]","[12, 24, 25, 28, 88, 100, 104, 119, 123, 129, 136, 137, 139, 140, 141, 148, 155, 169, 172, 179, 183, 185, 188, 196, 198, 217, 237, 267, 270, 278, 319, 321, 324, 325, 330, 334, 335, 354, 366, 369, 380, 383, 384, 386, 395, 407, 411, 423, 428, 436, 437, 452, 453, 456, 467, 471, 477, 478, 479, 497, 508, 511, 559, 571, 575, 590, 594, 600, 607, 608, 610, 611, 612, 619, 627, 640, 643, 650, 654, 656, 659, 667, 669, 685, 701, 726, 729, 737, 777, 779, 782, 783, 787, 790, 791, 809, 817, 819, 830, 833, 834, 836, 845, 856, 857, 860, 862, 875, 880, 887, 888, 899, 900, 914, 918, 921, 928, 929, 930]","[12, 24, 25, 28, 88, 100, 104, 119, 123, 129, 136, 137, 139, 140, 141, 148, 155, 169, 172, 179, 183, 185, 188, 196, 198, 217, 237, 267, 270, 278, 319, 321, 324, 325, 330, 334, 335, 354, 366, 369, 380, 383, 384, 386, 395, 407, 411, 423, 428, 436, 437, 452, 453, 456, 467, 471, 477, 478, 479, 497, 508, 511, 559, 571, 575, 590, 594, 600, 607, 608, 610, 611, 612, 619, 627, 640, 643, 650, 654, 656, 659, 667, 669, 685, 701, 726, 729, 737, 777, 779, 782, 783, 787, 790, 791, 809, 817, 819, 830, 833, 834, 836, 845, 856, 857, 860, 862, 875, 880, 887, 888, 899, 900, 914, 918, 921, 928, 929, 930]","[12, 24, 25, 28, 559, 571, 575, 576, 585, 590, 594, 88, 600, 607, 608, 609, 610, 611, 612, 100, 104, 105, 619, 623, 624, 114, 626, 627, 629, 631, 119, 123, 636, 637, 640, 129, 643, 647, 136, 137, 138, 139, 140, 141, 653, 650, 654, 656, 659, 148, 662, 663, 152, 153, 154, 667, 155, 157, 665, 159, 666, 671, 674, 669, 164, 165, 678, 679, 680, 681, 169, 172, 685, 176, 690, 179, 692, 182, 183, 185, 188, 701, 191, 192, 705, 194, 195, 196, 706, 707, 709, 200, 711, 712, 713, 204, 198, 719, 208, 209, 210, 211, 721, 726, 215, 217, 729, 730, 737, 226, 228, 741, 746, 748, 237, 750, 241, 242, 243, 753, 245, 755, 757, 248, 249, 250, 764, 766, 767, 257, 769, 772, 261, 777, 267, 779, 270, 271, 782, 785, 783, 787, 278, 791, 790, 282, 287, 289, 291, 294, 296, 809, 298, 817, 306, 819, 308, 309, 311, 314, 830, 319, 321, 833, 834, 324, 325, 836, 327, 330, 333, 334, 335, 845, 337, 856, 857, 860, 862, 354, 875, 366, 880, 369, 887, 888, 380, 383, 384, 386, 899, 900, 395, 914, 918, 407, 921, 411, 928, 929, 930, 423, 428, 436, 437, 452, 453, 456, 467, 471, 477, 478, 479, 497, 508, 511]",False,[],[],"[217, 685]",[],"[105, 114, 138, 141, 152, 153, 154, 155, 157, 159, 164, 165, 176, 182, 191, 192, 194, 195, 196, 200, 204, 208, 209, 210, 211, 215, 226, 228, 241, 242, 243, 245, 248, 249, 250, 257, 261, 270, 271, 282, 287, 289, 291, 294, 296, 298, 306, 308, 309, 311, 314, 327, 333, 335, 337, 576, 585, 609, 612, 623, 624, 626, 627, 629, 631, 636, 637, 647, 653, 662, 663, 665, 666, 667, 671, 674, 678, 679, 680, 681, 690, 692, 705, 706, 707, 709, 711, 712, 713, 719, 721, 729, 730, 741, 746, 748, 750, 753, 755, 757, 764, 766, 767, 769, 772, 785, 791]","[12, 24, 25, 28, 88, 100, 104, 119, 123, 129, 136, 137, 139, 140, 141, 148, 155, 169, 172, 179, 183, 185, 188, 196, 198, 217, 237, 267, 270, 278, 319, 321, 324, 325, 330, 334, 335, 354, 366, 369, 380, 383, 384, 386, 395, 407, 411, 423, 428, 436, 437, 452, 453, 456, 467, 471, 477, 478, 479, 497, 508, 511, 559, 571, 575, 590, 594, 600, 607, 608, 610, 611, 612, 619, 627, 640, 643, 650, 654, 656, 659, 667, 669, 685, 701, 726, 729, 737, 777, 779, 782, 783, 787, 790, 791, 809, 817, 819, 830, 833, 834, 836, 845, 856, 857, 860, 862, 875, 880, 887, 888, 899, 900, 914, 918, 921, 928, 929, 930]","[12, 24, 25, 28, 88, 100, 104, 119, 123, 129, 136, 137, 139, 140, 141, 148, 155, 169, 172, 179, 183, 185, 188, 196, 198, 217, 237, 267, 270, 278, 319, 321, 324, 325, 330, 334, 335, 354, 366, 369, 380, 383, 384, 386, 395, 407, 411, 423, 428, 436, 437, 452, 453, 456, 467, 471, 477, 478, 479, 497, 508, 511, 559, 571, 575, 590, 594, 600, 607, 608, 610, 611, 612, 619, 627, 640, 643, 650, 654, 656, 659, 667, 669, 685, 701, 726, 729, 737, 777, 779, 782, 783, 787, 790, 791, 809, 817, 819, 830, 833, 834, 836, 845, 856, 857, 860, 862, 875, 880, 887, 888, 899, 900, 914, 918, 921, 928, 929, 930]",0/6 successful match,False,,False,391,False,,1.0,True,Market Express (,
Cottage Grove ( 97424 ) Market Express ( Chevron ),541-942-0105 I-5 Exit 174,24 MOO,Cottage Grove,97424,Market Express ( Chevron ),541-942-0105,2015,Cottage Grove,OR,Chevron,,I-5 Exit 174,Exit,174,False,,False,I-5,,,,,[],[],"[217, 685]",[],[],"[105, 114, 138, 141, 152, 153, 154, 155, 157, 159, 164, 165, 176, 182, 191, 192, 194, 195, 196, 200, 204, 208, 209, 210, 211, 215, 226, 228, 241, 242, 243, 245, 248, 249, 250, 257, 261, 270, 271, 282, 287, 289, 291, 294, 296, 298, 306, 308, 309, 311, 314, 327, 333, 335, 337, 576, 585, 609, 612, 623, 624, 626, 627, 629, 631, 636, 637, 647, 653, 662, 663, 665, 666, 667, 671, 674, 678, 679, 680, 681, 690, 692, 705, 706, 707, 709, 711, 712, 713, 719, 721, 729, 730, 741, 746, 748, 750, 753, 755, 757, 764, 766, 767, 769, 772, 785, 791]","[12, 24, 25, 28, 88, 100, 104, 119, 123, 129, 136, 137, 139, 140, 141, 148, 155, 169, 172, 179, 183, 185, 188, 196, 198, 217, 237, 267, 270, 278, 319, 321, 324, 325, 330, 334, 335, 354, 366, 369, 380, 383, 384, 386, 395, 407, 411, 423, 428, 436, 437, 452, 453, 456, 467, 471, 477, 478, 479, 497, 508, 511, 559, 571, 575, 590, 594, 600, 607, 608, 610, 611, 612, 619, 627, 640, 643, 650, 654, 656, 659, 667, 669, 685, 701, 726, 729, 737, 777, 779, 782, 783, 787, 790, 791, 809, 817, 819, 830, 833, 834, 836, 845, 856, 857, 860, 862, 875, 880, 887, 888, 899, 900, 914, 918, 921, 928, 929, 930]","[12, 24, 25, 28, 88, 100, 104, 119, 123, 129, 136, 137, 139, 140, 141, 148, 155, 169, 172, 179, 183, 185, 188, 196, 198, 217, 237, 267, 270, 278, 319, 321, 324, 325, 330, 334, 335, 354, 366, 369, 380, 383, 384, 386, 395, 407, 411, 423, 428, 436, 437, 452, 453, 456, 467, 471, 477, 478, 479, 497, 508, 511, 559, 571, 575, 590, 594, 600, 607, 608, 610, 611, 612, 619, 627, 640, 643, 650, 654, 656, 659, 667, 669, 685, 701, 726, 729, 737, 777, 779, 782, 783, 787, 790, 791, 809, 817, 819, 830, 833, 834, 836, 845, 856, 857, 860, 862, 875, 880, 887, 888, 899, 900, 914, 918, 921, 928, 929, 930]","[12, 24, 25, 28, 559, 571, 575, 576, 585, 590, 594, 88, 600, 607, 608, 609, 610, 611, 612, 100, 104, 105, 619, 623, 624, 114, 626, 627, 629, 631, 119, 123, 636, 637, 640, 129, 643, 647, 136, 137, 138, 139, 140, 141, 653, 650, 654, 656, 659, 148, 662, 663, 152, 153, 154, 667, 155, 157, 665, 159, 666, 671, 674, 669, 164, 165, 678, 679, 680, 681, 169, 172, 685, 176, 690, 179, 692, 182, 183, 185, 188, 701, 191, 192, 705, 194, 195, 196, 706, 707, 709, 200, 711, 712, 713, 204, 198, 719, 208, 209, 210, 211, 721, 726, 215, 217, 729, 730, 737, 226, 228, 741, 746, 748, 237, 750, 241, 242, 243, 753, 245, 755, 757, 248, 249, 250, 764, 766, 767, 257, 769, 772, 261, 777, 267, 779, 270, 271, 782, 785, 783, 787, 278, 791, 790, 282, 287, 289, 291, 294, 296, 809, 298, 817, 306, 819, 308, 309, 311, 314, 830, 319, 321, 833, 834, 324, 325, 836, 327, 330, 333, 334, 335, 845, 337, 856, 857, 860, 862, 354, 875, 366, 880, 369, 887, 888, 380, 383, 384, 386, 899, 900, 395, 914, 918, 407, 921, 411, 928, 929, 930, 423, 428, 436, 437, 452, 453, 456, 467, 471, 477, 478, 479, 497, 508, 511]",False,[],[],"[217, 685]",[],"[105, 114, 138, 141, 152, 153, 154, 155, 157, 159, 164, 165, 176, 182, 191, 192, 194, 195, 196, 200, 204, 208, 209, 210, 211, 215, 226, 228, 241, 242, 243, 245, 248, 249, 250, 257, 261, 270, 271, 282, 287, 289, 291, 294, 296, 298, 306, 308, 309, 311, 314, 327, 333, 335, 337, 576, 585, 609, 612, 623, 624, 626, 627, 629, 631, 636, 637, 647, 653, 662, 663, 665, 666, 667, 671, 674, 678, 679, 680, 681, 690, 692, 705, 706, 707, 709, 711, 712, 713, 719, 721, 729, 730, 741, 746, 748, 750, 753, 755, 757, 764, 766, 767, 769, 772, 785, 791]","[12, 24, 25, 28, 88, 100, 104, 119, 123, 129, 136, 137, 139, 140, 141, 148, 155, 169, 172, 179, 183, 185, 188, 196, 198, 217, 237, 267, 270, 278, 319, 321, 324, 325, 330, 334, 335, 354, 366, 369, 380, 383, 384, 386, 395, 407, 411, 423, 428, 436, 437, 452, 453, 456, 467, 471, 477, 478, 479, 497, 508, 511, 559, 571, 575, 590, 594, 600, 607, 608, 610, 611, 612, 619, 627, 640, 643, 650, 654, 656, 659, 667, 669, 685, 701, 726, 729, 737, 777, 779, 782, 783, 787, 790, 791, 809, 817, 819, 830, 833, 834, 836, 845, 856, 857, 860, 862, 875, 880, 887, 888, 899, 900, 914, 918, 921, 928, 929, 930]","[12, 24, 25, 28, 88, 100, 104, 119, 123, 129, 136, 137, 139, 140, 141, 148, 155, 169, 172, 179, 183, 185, 188, 196, 198, 217, 237, 267, 270, 278, 319, 321, 324, 325, 330, 334, 335, 354, 366, 369, 380, 383, 384, 386, 395, 407, 411, 423, 428, 436, 437, 452, 453, 456, 467, 471, 477, 478, 479, 497, 508, 511, 559, 571, 575, 590, 594, 600, 607, 608, 610, 611, 612, 619, 627, 640, 643, 650, 654, 656, 659, 667, 669, 685, 701, 726, 729, 737, 777, 779, 782, 783, 787, 790, 791, 809, 817, 819, 830, 833, 834, 836, 845, 856, 857, 860, 862, 875, 880, 887, 888, 899, 900, 914, 918, 921, 928, 929, 930]",0/6 successful match,False,,False,391,False,,1.0,True,Market Express ( Chevron ),Chevron
E Cottage Grove ( 97424 ) Market Express ( Chevron Blvd ) ),541-942-0105 I-5 Exit 174,24 MOO,Cottage Grove,97424,Market Express ( Chevron Blvd ) ),541-942-0105,2016,Cottage Grove,OR,Chevron,,I-5 Exit 174,Exit,174,False,,False,I-5,,,,,[],[],"[217, 685]",[],[],"[105, 114, 138, 141, 152, 153, 154, 155, 157, 159, 164, 165, 176, 182, 191, 192, 194, 195, 196, 200, 204, 208, 209, 210, 211, 215, 226, 228, 241, 242, 243, 245, 248, 249, 250, 257, 261, 270, 271, 282, 287, 289, 291, 294, 296, 298, 306, 308, 309, 311, 314, 327, 333, 335, 337, 576, 585, 609, 612, 623, 624, 626, 627, 629, 631, 636, 637, 647, 653, 662, 663, 665, 666, 667, 671, 674, 678, 679, 680, 681, 690, 692, 705, 706, 707, 709, 711, 712, 713, 719, 721, 729, 730, 741, 746, 748, 750, 753, 755, 757, 764, 766, 767, 769, 772, 785, 791]","[12, 24, 25, 28, 88, 100, 104, 119, 123, 129, 136, 137, 139, 140, 141, 148, 155, 169, 172, 179, 183, 185, 188, 196, 198, 217, 237, 267, 270, 278, 319, 321, 324, 325, 330, 334, 335, 354, 366, 369, 380, 383, 384, 386, 395, 407, 411, 423, 428, 436, 437, 452, 453, 456, 467, 471, 477, 478, 479, 497, 508, 511, 559, 571, 575, 590, 594, 600, 607, 608, 610, 611, 612, 619, 627, 640, 643, 650, 654, 656, 659, 667, 669, 685, 701, 726, 729, 737, 777, 779, 782, 783, 787, 790, 791, 809, 817, 819, 830, 833, 834, 836, 845, 856, 857, 860, 862, 875, 880, 887, 888, 899, 900, 914, 918, 921, 928, 929, 930]","[12, 24, 25, 28, 88, 100, 104, 119, 123, 129, 136, 137, 139, 140, 141, 148, 155, 169, 172, 179, 183, 185, 188, 196, 198, 217, 237, 267, 270, 278, 319, 321, 324, 325, 330, 334, 335, 354, 366, 369, 380, 383, 384, 386, 395, 407, 411, 423, 428, 436, 437, 452, 453, 456, 467, 471, 477, 478, 479, 497, 508, 511, 559, 571, 575, 590, 594, 600, 607, 608, 610, 611, 612, 619, 627, 640, 643, 650, 654, 656, 659, 667, 669, 685, 701, 726, 729, 737, 777, 779, 782, 783, 787, 790, 791, 809, 817, 819, 830, 833, 834, 836, 845, 856, 857, 860, 862, 875, 880, 887, 888, 899, 900, 914, 918, 921, 928, 929, 930]","[12, 24, 25, 28, 559, 571, 575, 576, 585, 590, 594, 88, 600, 607, 608, 609, 610, 611, 612, 100, 104, 105, 619, 623, 624, 114, 626, 627, 629, 631, 119, 123, 636, 637, 640, 129, 643, 647, 136, 137, 138, 139, 140, 141, 653, 650, 654, 656, 659, 148, 662, 663, 152, 153, 154, 667, 155, 157, 665, 159, 666, 671, 674, 669, 164, 165, 678, 679, 680, 681, 169, 172, 685, 176, 690, 179, 692, 182, 183, 185, 188, 701, 191, 192, 705, 194, 195, 196, 706, 707, 709, 200, 711, 712, 713, 204, 198, 719, 208, 209, 210, 211, 721, 726, 215, 217, 729, 730, 737, 226, 228, 741, 746, 748, 237, 750, 241, 242, 243, 753, 245, 755, 757, 248, 249, 250, 764, 766, 767, 257, 769, 772, 261, 777, 267, 779, 270, 271, 782, 785, 783, 787, 278, 791, 790, 282, 287, 289, 291, 294, 296, 809, 298, 817, 306, 819, 308, 309, 311, 314, 830, 319, 321, 833, 834, 324, 325, 836, 327, 330, 333, 334, 335, 845, 337, 856, 857, 860, 862, 354, 875, 366, 880, 369, 887, 888, 380, 383, 384, 386, 899, 900, 395, 914, 918, 407, 921, 411, 928, 929, 930, 423, 428, 436, 437, 452, 453, 456, 467, 471, 477, 478, 479, 497, 508, 511]",False,[],[],"[217, 685]",[],"[105, 114, 138, 141, 152, 153, 154, 155, 157, 159, 164, 165, 176, 182, 191, 192, 194, 195, 196, 200, 204, 208, 209, 210, 211, 215, 226, 228, 241, 242, 243, 245, 248, 249, 250, 257, 261, 270, 271, 282, 287, 289, 291, 294, 296, 298, 306, 308, 309, 311, 314, 327, 333, 335, 337, 576, 585, 609, 612, 623, 624, 626, 627, 629, 631, 636, 637, 647, 653, 662, 663, 665, 666, 667, 671, 674, 678, 679, 680, 681, 690, 692, 705, 706, 707, 709, 711, 712, 713, 719, 721, 729, 730, 741, 746, 748, 750, 753, 755, 757, 764, 766, 767, 769, 772, 785, 791]","[12, 24, 25, 28, 88, 100, 104, 119, 123, 129, 136, 137, 139, 140, 141, 148, 155, 169, 172, 179, 183, 185, 188, 196, 198, 217, 237, 267, 270, 278, 319, 321, 324, 325, 330, 334, 335, 354, 366, 369, 380, 383, 384, 386, 395, 407, 411, 423, 428, 436, 437, 452, 453, 456, 467, 471, 477, 478, 479, 497, 508, 511, 559, 571, 575, 590, 594, 600, 607, 608, 610, 611, 612, 619, 627, 640, 643, 650, 654, 656, 659, 667, 669, 685, 701, 726, 729, 737, 777, 779, 782, 783, 787, 790, 791, 809, 817, 819, 830, 833, 834, 836, 845, 856, 857, 860, 862, 875, 880, 887, 888, 899, 900, 914, 918, 921, 928, 929, 930]","[12, 24, 25, 28, 88, 100, 104, 119, 123, 129, 136, 137, 139, 140, 141, 148, 155, 169, 172, 179, 183, 185, 188, 196, 198, 217, 237, 267, 270, 278, 319, 321, 324, 325, 330, 334, 335, 354, 366, 369, 380, 383, 384, 386, 395, 407, 411, 423, 428, 436, 437, 452, 453, 456, 467, 471, 477, 478, 479, 497, 508, 511, 559, 571, 575, 590, 594, 600, 607, 608, 610, 611, 612, 619, 627, 640, 643, 650, 654, 656, 659, 667, 669, 685, 701, 726, 729, 737, 777, 779, 782, 783, 787, 790, 791, 809, 817, 819, 830, 833, 834, 836, 845, 856, 857, 860, 862, 875, 880, 887, 888, 899, 900, 914, 918, 921, 928, 929, 930]",0/6 successful match,False,,False,391,False,,1.0,True,Market Express ( Chevron ),Chevron
"E Roseburg , 97470 Love's Travel Stop # 312",541-679-1916 I-5 Exit 119 ( CR 42 ),<U+2610>,Roseburg,97470,Love's Travel Stop # 312,541-679-1916,2006,Roseburg,OR,Love's,( CR 42 ),I-5 Exit 119 ,Exit,119,False,,False,I-5,,,,,[],[],[],"[57, 69, 534, 544]",[],"[105, 114, 138, 141, 152, 153, 154, 155, 157, 159, 164, 165, 176, 182, 191, 192, 194, 195, 196, 200, 204, 208, 209, 210, 211, 215, 226, 228, 241, 242, 243, 245, 248, 249, 250, 257, 261, 270, 271, 282, 287, 289, 291, 294, 296, 298, 306, 308, 309, 311, 314, 327, 333, 335, 337, 576, 585, 609, 612, 623, 624, 626, 627, 629, 631, 636, 637, 647, 653, 662, 663, 665, 666, 667, 671, 674, 678, 679, 680, 681, 690, 692, 705, 706, 707, 709, 711, 712, 713, 719, 721, 729, 730, 741, 746, 748, 750, 753, 755, 757, 764, 766, 767, 769, 772, 785, 791]","[34, 35, 36, 37, 38, 39, 40, 41, 42, 43, 44, 45, 46, 47, 48, 201, 202, 203, 204, 205, 206, 207, 208, 209, 210, 211, 212, 213, 214, 215, 216, 355, 356, 357, 358, 359, 360, 361, 429, 430, 431, 432, 433, 434, 435, 515, 516, 517, 518, 519, 520, 521, 522, 523, 524, 525, 526, 527, 672, 673, 674, 675, 676, 677, 678, 679, 680, 681, 682, 683, 684, 810, 811, 812, 813, 814, 881, 882, 883, 884, 885, 886]","[32, 33, 34, 35, 36, 37, 38, 39, 40, 41, 42, 43, 44, 45, 46, 47, 48, 201, 202, 203, 204, 205, 206, 207, 208, 209, 210, 211, 212, 213, 214, 215, 216, 355, 356, 357, 358, 359, 360, 361, 429, 430, 431, 432, 433, 434, 435, 515, 516, 517, 518, 519, 520, 521, 522, 523, 524, 525, 526, 527, 672, 673, 674, 675, 676, 677, 678, 679, 680, 681, 682, 683, 684, 810, 811, 812, 813, 814, 881, 882, 883, 884, 885, 886]","[515, 516, 517, 518, 519, 520, 521, 522, 523, 524, 525, 526, 527, 534, 544, 32, 34, 35, 36, 37, 38, 39, 40, 41, 42, 43, 44, 45, 46, 47, 48, 57, 576, 69, 585, 609, 612, 105, 623, 624, 114, 626, 627, 629, 631, 636, 637, 647, 138, 141, 653, 662, 663, 152, 665, 153, 154, 155, 157, 666, 159, 667, 671, 674, 672, 164, 165, 678, 679, 680, 681, 673, 675, 676, 677, 682, 683, 176, 684, 690, 692, 182, 191, 192, 705, 194, 195, 196, 706, 707, 709, 200, 711, 712, 713, 204, 201, 202, 719, 208, 209, 210, 211, 721, 205, 206, 215, 207, 729, 730, 212, 213, 214, 216, 226, 228, 741, 746, 748, 750, 241, 242, 243, 753, 245, 755, 757, 248, 249, 250, 764, 766, 767, 257, 769, 772, 261, 270, 271, 785, 791, 282, 287, 289, 291, 294, 296, 298, 810, 811, 812, 813, 814, 306, 308, 309, 311, 314, 33, 327, 333, 335, 337, 355, 356, 357, 358, 359, 360, 361, 881, 882, 883, 884, 885, 886, 429, 430, 431, 432, 433, 434, 435, 203]",False,[],[],[],"[57, 69, 534, 544]","[105, 114, 138, 141, 152, 153, 154, 155, 157, 159, 164, 165, 176, 182, 191, 192, 194, 195, 196, 200, 204, 208, 209, 210, 211, 215, 226, 228, 241, 242, 243, 245, 248, 249, 250, 257, 261, 270, 271, 282, 287, 289, 291, 294, 296, 298, 306, 308, 309, 311, 314, 327, 333, 335, 337, 576, 585, 609, 612, 623, 624, 626, 627, 629, 631, 636, 637, 647, 653, 662, 663, 665, 666, 667, 671, 674, 678, 679, 680, 681, 690, 692, 705, 706, 707, 709, 711, 712, 713, 719, 721, 729, 730, 741, 746, 748, 750, 753, 755, 757, 764, 766, 767, 769, 772, 785, 791]","[32, 33, 34, 35, 36, 37, 38, 39, 40, 41, 42, 43, 44, 45, 46, 47, 48, 201, 202, 203, 204, 205, 206, 207, 208, 209, 210, 211, 212, 213, 214, 215, 216, 355, 356, 357, 358, 359, 360, 361, 429, 430, 431, 432, 433, 434, 435, 515, 516, 517, 518, 519, 520, 521, 522, 523, 524, 525, 526, 527, 672, 673, 674, 675, 676, 677, 678, 679, 680, 681, 682, 683, 684, 810, 811, 812, 813, 814, 881, 882, 883, 884, 885, 886]","[34, 35, 36, 37, 38, 39, 40, 41, 42, 43, 44, 45, 46, 47, 48, 201, 202, 203, 204, 205, 206, 207, 208, 209, 210, 211, 212, 213, 214, 215, 216, 355, 356, 357, 358, 359, 360, 361, 429, 430, 431, 432, 433, 434, 435, 515, 516, 517, 518, 519, 520, 521, 522, 523, 524, 525, 526, 527, 672, 673, 674, 675, 676, 677, 678, 679, 680, 681, 682, 683, 684, 810, 811, 812, 813, 814, 881, 882, 883, 884, 885, 886]",0/6 successful match,False,,False,392,False,,,,,
"Roseburg , 97470 Love's Travel Stop # 312",541-679-1916 I-5 Exit 119 ( CR 42 ),<U+2610> <U+2610> <U+2610>,Roseburg,97470,Love's Travel Stop # 312,541-679-1916,2007,Roseburg,OR,Love's,( CR 42 ),I-5 Exit 119 ,Exit,119,False,,False,I-5,,,,,[],[],[],"[57, 69, 534, 544]",[],"[105, 114, 138, 141, 152, 153, 154, 155, 157, 159, 164, 165, 176, 182, 191, 192, 194, 195, 196, 200, 204, 208, 209, 210, 211, 215, 226, 228, 241, 242, 243, 245, 248, 249, 250, 257, 261, 270, 271, 282, 287, 289, 291, 294, 296, 298, 306, 308, 309, 311, 314, 327, 333, 335, 337, 576, 585, 609, 612, 623, 624, 626, 627, 629, 631, 636, 637, 647, 653, 662, 663, 665, 666, 667, 671, 674, 678, 679, 680, 681, 690, 692, 705, 706, 707, 709, 711, 712, 713, 719, 721, 729, 730, 741, 746, 748, 750, 753, 755, 757, 764, 766, 767, 769, 772, 785, 791]","[34, 35, 36, 37, 38, 39, 40, 41, 42, 43, 44, 45, 46, 47, 48, 201, 202, 203, 204, 205, 206, 207, 208, 209, 210, 211, 212, 213, 214, 215, 216, 355, 356, 357, 358, 359, 360, 361, 429, 430, 431, 432, 433, 434, 435, 515, 516, 517, 518, 519, 520, 521, 522, 523, 524, 525, 526, 527, 672, 673, 674, 675, 676, 677, 678, 679, 680, 681, 682, 683, 684, 810, 811, 812, 813, 814, 881, 882, 883, 884, 885, 886]","[32, 33, 34, 35, 36, 37, 38, 39, 40, 41, 42, 43, 44, 45, 46, 47, 48, 201, 202, 203, 204, 205, 206, 207, 208, 209, 210, 211, 212, 213, 214, 215, 216, 355, 356, 357, 358, 359, 360, 361, 429, 430, 431, 432, 433, 434, 435, 515, 516, 517, 518, 519, 520, 521, 522, 523, 524, 525, 526, 527, 672, 673, 674, 675, 676, 677, 678, 679, 680, 681, 682, 683, 684, 810, 811, 812, 813, 814, 881, 882, 883, 884, 885, 886]","[515, 516, 517, 518, 519, 520, 521, 522, 523, 524, 525, 526, 527, 534, 544, 32, 34, 35, 36, 37, 38, 39, 40, 41, 42, 43, 44, 45, 46, 47, 48, 57, 576, 69, 585, 609, 612, 105, 623, 624, 114, 626, 627, 629, 631, 636, 637, 647, 138, 141, 653, 662, 663, 152, 665, 153, 154, 155, 157, 666, 159, 667, 671, 674, 672, 164, 165, 678, 679, 680, 681, 673, 675, 676, 677, 682, 683, 176, 684, 690, 692, 182, 191, 192, 705, 194, 195, 196, 706, 707, 709, 200, 711, 712, 713, 204, 201, 202, 719, 208, 209, 210, 211, 721, 205, 206, 215, 207, 729, 730, 212, 213, 214, 216, 226, 228, 741, 746, 748, 750, 241, 242, 243, 753, 245, 755, 757, 248, 249, 250, 764, 766, 767, 257, 769, 772, 261, 270, 271, 785, 791, 282, 287, 289, 291, 294, 296, 298, 810, 811, 812, 813, 814, 306, 308, 309, 311, 314, 33, 327, 333, 335, 337, 355, 356, 357, 358, 359, 360, 361, 881, 882, 883, 884, 885, 886, 429, 430, 431, 432, 433, 434, 435, 203]",False,[],[],[],"[57, 69, 534, 544]","[105, 114, 138, 141, 152, 153, 154, 155, 157, 159, 164, 165, 176, 182, 191, 192, 194, 195, 196, 200, 204, 208, 209, 210, 211, 215, 226, 228, 241, 242, 243, 245, 248, 249, 250, 257, 261, 270, 271, 282, 287, 289, 291, 294, 296, 298, 306, 308, 309, 311, 314, 327, 333, 335, 337, 576, 585, 609, 612, 623, 624, 626, 627, 629, 631, 636, 637, 647, 653, 662, 663, 665, 666, 667, 671, 674, 678, 679, 680, 681, 690, 692, 705, 706, 707, 709, 711, 712, 713, 719, 721, 729, 730, 741, 746, 748, 750, 753, 755, 757, 764, 766, 767, 769, 772, 785, 791]","[32, 33, 34, 35, 36, 37, 38, 39, 40, 41, 42, 43, 44, 45, 46, 47, 48, 201, 202, 203, 204, 205, 206, 207, 208, 209, 210, 211, 212, 213, 214, 215, 216, 355, 356, 357, 358, 359, 360, 361, 429, 430, 431, 432, 433, 434, 435, 515, 516, 517, 518, 519, 520, 521, 522, 523, 524, 525, 526, 527, 672, 673, 674, 675, 676, 677, 678, 679, 680, 681, 682, 683, 684, 810, 811, 812, 813, 814, 881, 882, 883, 884, 885, 886]","[34, 35, 36, 37, 38, 39, 40, 41, 42, 43, 44, 45, 46, 47, 48, 201, 202, 203, 204, 205, 206, 207, 208, 209, 210, 211, 212, 213, 214, 215, 216, 355, 356, 357, 358, 359, 360, 361, 429, 430, 431, 432, 433, 434, 435, 515, 516, 517, 518, 519, 520, 521, 522, 523, 524, 525, 526, 527, 672, 673, 674, 675, 676, 677, 678, 679, 680, 681, 682, 683, 684, 810, 811, 812, 813, 814, 881, 882, 883, 884, 885, 886]",0/6 successful match,False,,False,392,False,,1.0,True,Love's Travel Stop # 312,Love's
"E Roseburg , 97470 Love's Travel Stop # 312",21541-679-1916 I-5 Exit 119 ( CR 42 ),24 FORS <U+2610><U+2610>,Roseburg,97470,Love's Travel Stop # 312,541-679-1916,2008,Roseburg,OR,Love's,( CR 42 ),I-5 Exit 119 ,Exit,119,False,,False,I-5,,,,,[],[],[],"[57, 69, 534, 544]",[],"[105, 114, 138, 141, 152, 153, 154, 155, 157, 159, 164, 165, 176, 182, 191, 192, 194, 195, 196, 200, 204, 208, 209, 210, 211, 215, 226, 228, 241, 242, 243, 245, 248, 249, 250, 257, 261, 270, 271, 282, 287, 289, 291, 294, 296, 298, 306, 308, 309, 311, 314, 327, 333, 335, 337, 576, 585, 609, 612, 623, 624, 626, 627, 629, 631, 636, 637, 647, 653, 662, 663, 665, 666, 667, 671, 674, 678, 679, 680, 681, 690, 692, 705, 706, 707, 709, 711, 712, 713, 719, 721, 729, 730, 741, 746, 748, 750, 753, 755, 757, 764, 766, 767, 769, 772, 785, 791]","[34, 35, 36, 37, 38, 39, 40, 41, 42, 43, 44, 45, 46, 47, 48, 201, 202, 203, 204, 205, 206, 207, 208, 209, 210, 211, 212, 213, 214, 215, 216, 355, 356, 357, 358, 359, 360, 361, 429, 430, 431, 432, 433, 434, 435, 515, 516, 517, 518, 519, 520, 521, 522, 523, 524, 525, 526, 527, 672, 673, 674, 675, 676, 677, 678, 679, 680, 681, 682, 683, 684, 810, 811, 812, 813, 814, 881, 882, 883, 884, 885, 886]","[32, 33, 34, 35, 36, 37, 38, 39, 40, 41, 42, 43, 44, 45, 46, 47, 48, 201, 202, 203, 204, 205, 206, 207, 208, 209, 210, 211, 212, 213, 214, 215, 216, 355, 356, 357, 358, 359, 360, 361, 429, 430, 431, 432, 433, 434, 435, 515, 516, 517, 518, 519, 520, 521, 522, 523, 524, 525, 526, 527, 672, 673, 674, 675, 676, 677, 678, 679, 680, 681, 682, 683, 684, 810, 811, 812, 813, 814, 881, 882, 883, 884, 885, 886]","[515, 516, 517, 518, 519, 520, 521, 522, 523, 524, 525, 526, 527, 534, 544, 32, 34, 35, 36, 37, 38, 39, 40, 41, 42, 43, 44, 45, 46, 47, 48, 57, 576, 69, 585, 609, 612, 105, 623, 624, 114, 626, 627, 629, 631, 636, 637, 647, 138, 141, 653, 662, 663, 152, 665, 153, 154, 155, 157, 666, 159, 667, 671, 674, 672, 164, 165, 678, 679, 680, 681, 673, 675, 676, 677, 682, 683, 176, 684, 690, 692, 182, 191, 192, 705, 194, 195, 196, 706, 707, 709, 200, 711, 712, 713, 204, 201, 202, 719, 208, 209, 210, 211, 721, 205, 206, 215, 207, 729, 730, 212, 213, 214, 216, 226, 228, 741, 746, 748, 750, 241, 242, 243, 753, 245, 755, 757, 248, 249, 250, 764, 766, 767, 257, 769, 772, 261, 270, 271, 785, 791, 282, 287, 289, 291, 294, 296, 298, 810, 811, 812, 813, 814, 306, 308, 309, 311, 314, 33, 327, 333, 335, 337, 355, 356, 357, 358, 359, 360, 361, 881, 882, 883, 884, 885, 886, 429, 430, 431, 432, 433, 434, 435, 203]",False,[],[],[],"[57, 69, 534, 544]","[105, 114, 138, 141, 152, 153, 154, 155, 157, 159, 164, 165, 176, 182, 191, 192, 194, 195, 196, 200, 204, 208, 209, 210, 211, 215, 226, 228, 241, 242, 243, 245, 248, 249, 250, 257, 261, 270, 271, 282, 287, 289, 291, 294, 296, 298, 306, 308, 309, 311, 314, 327, 333, 335, 337, 576, 585, 609, 612, 623, 624, 626, 627, 629, 631, 636, 637, 647, 653, 662, 663, 665, 666, 667, 671, 674, 678, 679, 680, 681, 690, 692, 705, 706, 707, 709, 711, 712, 713, 719, 721, 729, 730, 741, 746, 748, 750, 753, 755, 757, 764, 766, 767, 769, 772, 785, 791]","[32, 33, 34, 35, 36, 37, 38, 39, 40, 41, 42, 43, 44, 45, 46, 47, 48, 201, 202, 203, 204, 205, 206, 207, 208, 209, 210, 211, 212, 213, 214, 215, 216, 355, 356, 357, 358, 359, 360, 361, 429, 430, 431, 432, 433, 434, 435, 515, 516, 517, 518, 519, 520, 521, 522, 523, 524, 525, 526, 527, 672, 673, 674, 675, 676, 677, 678, 679, 680, 681, 682, 683, 684, 810, 811, 812, 813, 814, 881, 882, 883, 884, 885, 886]","[34, 35, 36, 37, 38, 39, 40, 41, 42, 43, 44, 45, 46, 47, 48, 201, 202, 203, 204, 205, 206, 207, 208, 209, 210, 211, 212, 213, 214, 215, 216, 355, 356, 357, 358, 359, 360, 361, 429, 430, 431, 432, 433, 434, 435, 515, 516, 517, 518, 519, 520, 521, 522, 523, 524, 525, 526, 527, 672, 673, 674, 675, 676, 677, 678, 679, 680, 681, 682, 683, 684, 810, 811, 812, 813, 814, 881, 882, 883, 884, 885, 886]",0/6 successful match,False,,False,392,False,,1.0,True,Love's Travel Stop # 312,Love's
Roseburg ( 97470 ) Love's Travel Stop # 312,2 541-679-1916 I-5 Exit 119 ( CR 42 ),MO,Roseburg,97470,Love's Travel Stop # 312,541-679-1916,2014,Roseburg,OR,Love's,( CR 42 ),I-5 Exit 119 ,Exit,119,False,,False,I-5,,,,,[],[],[],"[57, 69, 534, 544]",[],"[105, 114, 138, 141, 152, 153, 154, 155, 157, 159, 164, 165, 176, 182, 191, 192, 194, 195, 196, 200, 204, 208, 209, 210, 211, 215, 226, 228, 241, 242, 243, 245, 248, 249, 250, 257, 261, 270, 271, 282, 287, 289, 291, 294, 296, 298, 306, 308, 309, 311, 314, 327, 333, 335, 337, 576, 585, 609, 612, 623, 624, 626, 627, 629, 631, 636, 637, 647, 653, 662, 663, 665, 666, 667, 671, 674, 678, 679, 680, 681, 690, 692, 705, 706, 707, 709, 711, 712, 713, 719, 721, 729, 730, 741, 746, 748, 750, 753, 755, 757, 764, 766, 767, 769, 772, 785, 791]","[34, 35, 36, 37, 38, 39, 40, 41, 42, 43, 44, 45, 46, 47, 48, 201, 202, 203, 204, 205, 206, 207, 208, 209, 210, 211, 212, 213, 214, 215, 216, 355, 356, 357, 358, 359, 360, 361, 429, 430, 431, 432, 433, 434, 435, 515, 516, 517, 518, 519, 520, 521, 522, 523, 524, 525, 526, 527, 672, 673, 674, 675, 676, 677, 678, 679, 680, 681, 682, 683, 684, 810, 811, 812, 813, 814, 881, 882, 883, 884, 885, 886]","[32, 33, 34, 35, 36, 37, 38, 39, 40, 41, 42, 43, 44, 45, 46, 47, 48, 201, 202, 203, 204, 205, 206, 207, 208, 209, 210, 211, 212, 213, 214, 215, 216, 355, 356, 357, 358, 359, 360, 361, 429, 430, 431, 432, 433, 434, 435, 515, 516, 517, 518, 519, 520, 521, 522, 523, 524, 525, 526, 527, 672, 673, 674, 675, 676, 677, 678, 679, 680, 681, 682, 683, 684, 810, 811, 812, 813, 814, 881, 882, 883, 884, 885, 886]","[515, 516, 517, 518, 519, 520, 521, 522, 523, 524, 525, 526, 527, 534, 544, 32, 34, 35, 36, 37, 38, 39, 40, 41, 42, 43, 44, 45, 46, 47, 48, 57, 576, 69, 585, 609, 612, 105, 623, 624, 114, 626, 627, 629, 631, 636, 637, 647, 138, 141, 653, 662, 663, 152, 665, 153, 154, 155, 157, 666, 159, 667, 671, 674, 672, 164, 165, 678, 679, 680, 681, 673, 675, 676, 677, 682, 683, 176, 684, 690, 692, 182, 191, 192, 705, 194, 195, 196, 706, 707, 709, 200, 711, 712, 713, 204, 201, 202, 719, 208, 209, 210, 211, 721, 205, 206, 215, 207, 729, 730, 212, 213, 214, 216, 226, 228, 741, 746, 748, 750, 241, 242, 243, 753, 245, 755, 757, 248, 249, 250, 764, 766, 767, 257, 769, 772, 261, 270, 271, 785, 791, 282, 287, 289, 291, 294, 296, 298, 810, 811, 812, 813, 814, 306, 308, 309, 311, 314, 33, 327, 333, 335, 337, 355, 356, 357, 358, 359, 360, 361, 881, 882, 883, 884, 885, 886, 429, 430, 431, 432, 433, 434, 435, 203]",False,[],[],[],"[57, 69, 534, 544]","[105, 114, 138, 141, 152, 153, 154, 155, 157, 159, 164, 165, 176, 182, 191, 192, 194, 195, 196, 200, 204, 208, 209, 210, 211, 215, 226, 228, 241, 242, 243, 245, 248, 249, 250, 257, 261, 270, 271, 282, 287, 289, 291, 294, 296, 298, 306, 308, 309, 311, 314, 327, 333, 335, 337, 576, 585, 609, 612, 623, 624, 626, 627, 629, 631, 636, 637, 647, 653, 662, 663, 665, 666, 667, 671, 674, 678, 679, 680, 681, 690, 692, 705, 706, 707, 709, 711, 712, 713, 719, 721, 729, 730, 741, 746, 748, 750, 753, 755, 757, 764, 766, 767, 769, 772, 785, 791]","[32, 33, 34, 35, 36, 37, 38, 39, 40, 41, 42, 43, 44, 45, 46, 47, 48, 201, 202, 203, 204, 205, 206, 207, 208, 209, 210, 211, 212, 213, 214, 215, 216, 355, 356, 357, 358, 359, 360, 361, 429, 430, 431, 432, 433, 434, 435, 515, 516, 517, 518, 519, 520, 521, 522, 523, 524, 525, 526, 527, 672, 673, 674, 675, 676, 677, 678, 679, 680, 681, 682, 683, 684, 810, 811, 812, 813, 814, 881, 882, 883, 884, 885, 886]","[34, 35, 36, 37, 38, 39, 40, 41, 42, 43, 44, 45, 46, 47, 48, 201, 202, 203, 204, 205, 206, 207, 208, 209, 210, 211, 212, 213, 214, 215, 216, 355, 356, 357, 358, 359, 360, 361, 429, 430, 431, 432, 433, 434, 435, 515, 516, 517, 518, 519, 520, 521, 522, 523, 524, 525, 526, 527, 672, 673, 674, 675, 676, 677, 678, 679, 680, 681, 682, 683, 684, 810, 811, 812, 813, 814, 881, 882, 883, 884, 885, 886]",0/6 successful match,False,,False,392,False,,1.0,True,Love's Travel Stop # 312,Love's
E Roseburg ( 97470 ) Love's Travel Stop # 312,541-679-1916 I-5 Exit 119 ( CR 42 ),24 M,Roseburg,97470,Love's Travel Stop # 312,541-679-1916,2015,Roseburg,OR,Love's,( CR 42 ),I-5 Exit 119 ,Exit,119,False,,False,I-5,,,,,[],[],[],"[57, 69, 534, 544]",[],"[105, 114, 138, 141, 152, 153, 154, 155, 157, 159, 164, 165, 176, 182, 191, 192, 194, 195, 196, 200, 204, 208, 209, 210, 211, 215, 226, 228, 241, 242, 243, 245, 248, 249, 250, 257, 261, 270, 271, 282, 287, 289, 291, 294, 296, 298, 306, 308, 309, 311, 314, 327, 333, 335, 337, 576, 585, 609, 612, 623, 624, 626, 627, 629, 631, 636, 637, 647, 653, 662, 663, 665, 666, 667, 671, 674, 678, 679, 680, 681, 690, 692, 705, 706, 707, 709, 711, 712, 713, 719, 721, 729, 730, 741, 746, 748, 750, 753, 755, 757, 764, 766, 767, 769, 772, 785, 791]","[34, 35, 36, 37, 38, 39, 40, 41, 42, 43, 44, 45, 46, 47, 48, 201, 202, 203, 204, 205, 206, 207, 208, 209, 210, 211, 212, 213, 214, 215, 216, 355, 356, 357, 358, 359, 360, 361, 429, 430, 431, 432, 433, 434, 435, 515, 516, 517, 518, 519, 520, 521, 522, 523, 524, 525, 526, 527, 672, 673, 674, 675, 676, 677, 678, 679, 680, 681, 682, 683, 684, 810, 811, 812, 813, 814, 881, 882, 883, 884, 885, 886]","[32, 33, 34, 35, 36, 37, 38, 39, 40, 41, 42, 43, 44, 45, 46, 47, 48, 201, 202, 203, 204, 205, 206, 207, 208, 209, 210, 211, 212, 213, 214, 215, 216, 355, 356, 357, 358, 359, 360, 361, 429, 430, 431, 432, 433, 434, 435, 515, 516, 517, 518, 519, 520, 521, 522, 523, 524, 525, 526, 527, 672, 673, 674, 675, 676, 677, 678, 679, 680, 681, 682, 683, 684, 810, 811, 812, 813, 814, 881, 882, 883, 884, 885, 886]","[515, 516, 517, 518, 519, 520, 521, 522, 523, 524, 525, 526, 527, 534, 544, 32, 34, 35, 36, 37, 38, 39, 40, 41, 42, 43, 44, 45, 46, 47, 48, 57, 576, 69, 585, 609, 612, 105, 623, 624, 114, 626, 627, 629, 631, 636, 637, 647, 138, 141, 653, 662, 663, 152, 665, 153, 154, 155, 157, 666, 159, 667, 671, 674, 672, 164, 165, 678, 679, 680, 681, 673, 675, 676, 677, 682, 683, 176, 684, 690, 692, 182, 191, 192, 705, 194, 195, 196, 706, 707, 709, 200, 711, 712, 713, 204, 201, 202, 719, 208, 209, 210, 211, 721, 205, 206, 215, 207, 729, 730, 212, 213, 214, 216, 226, 228, 741, 746, 748, 750, 241, 242, 243, 753, 245, 755, 757, 248, 249, 250, 764, 766, 767, 257, 769, 772, 261, 270, 271, 785, 791, 282, 287, 289, 291, 294, 296, 298, 810, 811, 812, 813, 814, 306, 308, 309, 311, 314, 33, 327, 333, 335, 337, 355, 356, 357, 358, 359, 360, 361, 881, 882, 883, 884, 885, 886, 429, 430, 431, 432, 433, 434, 435, 203]",False,[],[],[],"[57, 69, 534, 544]","[105, 114, 138, 141, 152, 153, 154, 155, 157, 159, 164, 165, 176, 182, 191, 192, 194, 195, 196, 200, 204, 208, 209, 210, 211, 215, 226, 228, 241, 242, 243, 245, 248, 249, 250, 257, 261, 270, 271, 282, 287, 289, 291, 294, 296, 298, 306, 308, 309, 311, 314, 327, 333, 335, 337, 576, 585, 609, 612, 623, 624, 626, 627, 629, 631, 636, 637, 647, 653, 662, 663, 665, 666, 667, 671, 674, 678, 679, 680, 681, 690, 692, 705, 706, 707, 709, 711, 712, 713, 719, 721, 729, 730, 741, 746, 748, 750, 753, 755, 757, 764, 766, 767, 769, 772, 785, 791]","[32, 33, 34, 35, 36, 37, 38, 39, 40, 41, 42, 43, 44, 45, 46, 47, 48, 201, 202, 203, 204, 205, 206, 207, 208, 209, 210, 211, 212, 213, 214, 215, 216, 355, 356, 357, 358, 359, 360, 361, 429, 430, 431, 432, 433, 434, 435, 515, 516, 517, 518, 519, 520, 521, 522, 523, 524, 525, 526, 527, 672, 673, 674, 675, 676, 677, 678, 679, 680, 681, 682, 683, 684, 810, 811, 812, 813, 814, 881, 882, 883, 884, 885, 886]","[34, 35, 36, 37, 38, 39, 40, 41, 42, 43, 44, 45, 46, 47, 48, 201, 202, 203, 204, 205, 206, 207, 208, 209, 210, 211, 212, 213, 214, 215, 216, 355, 356, 357, 358, 359, 360, 361, 429, 430, 431, 432, 433, 434, 435, 515, 516, 517, 518, 519, 520, 521, 522, 523, 524, 525, 526, 527, 672, 673, 674, 675, 676, 677, 678, 679, 680, 681, 682, 683, 684, 810, 811, 812, 813, 814, 881, 882, 883, 884, 885, 886]",0/6 successful match,False,,False,392,False,,1.0,True,Love's Travel Stop # 312,Love's
Roseburg ( 97470 ) Love's Travel Stop # 312,541-679-1916 I-5 Exit 119 ( CR 42 ),24 MO 225 24 D,Roseburg,97470,Love's Travel Stop # 312,541-679-1916,2016,Roseburg,OR,Love's,( CR 42 ),I-5 Exit 119 ,Exit,119,False,,False,I-5,,,,,[],[],[],"[57, 69, 534, 544]",[],"[105, 114, 138, 141, 152, 153, 154, 155, 157, 159, 164, 165, 176, 182, 191, 192, 194, 195, 196, 200, 204, 208, 209, 210, 211, 215, 226, 228, 241, 242, 243, 245, 248, 249, 250, 257, 261, 270, 271, 282, 287, 289, 291, 294, 296, 298, 306, 308, 309, 311, 314, 327, 333, 335, 337, 576, 585, 609, 612, 623, 624, 626, 627, 629, 631, 636, 637, 647, 653, 662, 663, 665, 666, 667, 671, 674, 678, 679, 680, 681, 690, 692, 705, 706, 707, 709, 711, 712, 713, 719, 721, 729, 730, 741, 746, 748, 750, 753, 755, 757, 764, 766, 767, 769, 772, 785, 791]","[34, 35, 36, 37, 38, 39, 40, 41, 42, 43, 44, 45, 46, 47, 48, 201, 202, 203, 204, 205, 206, 207, 208, 209, 210, 211, 212, 213, 214, 215, 216, 355, 356, 357, 358, 359, 360, 361, 429, 430, 431, 432, 433, 434, 435, 515, 516, 517, 518, 519, 520, 521, 522, 523, 524, 525, 526, 527, 672, 673, 674, 675, 676, 677, 678, 679, 680, 681, 682, 683, 684, 810, 811, 812, 813, 814, 881, 882, 883, 884, 885, 886]","[32, 33, 34, 35, 36, 37, 38, 39, 40, 41, 42, 43, 44, 45, 46, 47, 48, 201, 202, 203, 204, 205, 206, 207, 208, 209, 210, 211, 212, 213, 214, 215, 216, 355, 356, 357, 358, 359, 360, 361, 429, 430, 431, 432, 433, 434, 435, 515, 516, 517, 518, 519, 520, 521, 522, 523, 524, 525, 526, 527, 672, 673, 674, 675, 676, 677, 678, 679, 680, 681, 682, 683, 684, 810, 811, 812, 813, 814, 881, 882, 883, 884, 885, 886]","[515, 516, 517, 518, 519, 520, 521, 522, 523, 524, 525, 526, 527, 534, 544, 32, 34, 35, 36, 37, 38, 39, 40, 41, 42, 43, 44, 45, 46, 47, 48, 57, 576, 69, 585, 609, 612, 105, 623, 624, 114, 626, 627, 629, 631, 636, 637, 647, 138, 141, 653, 662, 663, 152, 665, 153, 154, 155, 157, 666, 159, 667, 671, 674, 672, 164, 165, 678, 679, 680, 681, 673, 675, 676, 677, 682, 683, 176, 684, 690, 692, 182, 191, 192, 705, 194, 195, 196, 706, 707, 709, 200, 711, 712, 713, 204, 201, 202, 719, 208, 209, 210, 211, 721, 205, 206, 215, 207, 729, 730, 212, 213, 214, 216, 226, 228, 741, 746, 748, 750, 241, 242, 243, 753, 245, 755, 757, 248, 249, 250, 764, 766, 767, 257, 769, 772, 261, 270, 271, 785, 791, 282, 287, 289, 291, 294, 296, 298, 810, 811, 812, 813, 814, 306, 308, 309, 311, 314, 33, 327, 333, 335, 337, 355, 356, 357, 358, 359, 360, 361, 881, 882, 883, 884, 885, 886, 429, 430, 431, 432, 433, 434, 435, 203]",False,[],[],[],"[57, 69, 534, 544]","[105, 114, 138, 141, 152, 153, 154, 155, 157, 159, 164, 165, 176, 182, 191, 192, 194, 195, 196, 200, 204, 208, 209, 210, 211, 215, 226, 228, 241, 242, 243, 245, 248, 249, 250, 257, 261, 270, 271, 282, 287, 289, 291, 294, 296, 298, 306, 308, 309, 311, 314, 327, 333, 335, 337, 576, 585, 609, 612, 623, 624, 626, 627, 629, 631, 636, 637, 647, 653, 662, 663, 665, 666, 667, 671, 674, 678, 679, 680, 681, 690, 692, 705, 706, 707, 709, 711, 712, 713, 719, 721, 729, 730, 741, 746, 748, 750, 753, 755, 757, 764, 766, 767, 769, 772, 785, 791]","[32, 33, 34, 35, 36, 37, 38, 39, 40, 41, 42, 43, 44, 45, 46, 47, 48, 201, 202, 203, 204, 205, 206, 207, 208, 209, 210, 211, 212, 213, 214, 215, 216, 355, 356, 357, 358, 359, 360, 361, 429, 430, 431, 432, 433, 434, 435, 515, 516, 517, 518, 519, 520, 521, 522, 523, 524, 525, 526, 527, 672, 673, 674, 675, 676, 677, 678, 679, 680, 681, 682, 683, 684, 810, 811, 812, 813, 814, 881, 882, 883, 884, 885, 886]","[34, 35, 36, 37, 38, 39, 40, 41, 42, 43, 44, 45, 46, 47, 48, 201, 202, 203, 204, 205, 206, 207, 208, 209, 210, 211, 212, 213, 214, 215, 216, 355, 356, 357, 358, 359, 360, 361, 429, 430, 431, 432, 433, 434, 435, 515, 516, 517, 518, 519, 520, 521, 522, 523, 524, 525, 526, 527, 672, 673, 674, 675, 676, 677, 678, 679, 680, 681, 682, 683, 684, 810, 811, 812, 813, 814, 881, 882, 883, 884, 885, 886]",0/6 successful match,False,,False,392,False,,1.0,True,Love's Travel Stop # 312,Love's
"E Rice Hill , 97499 Pilot Travel Center # 233",541-849-2133 I-5 Exit 148,XL,Rice Hill,97499,Pilot Travel Center # 233,541-849-2133,2006,Yoncalla,OR,Pilot,,I-5 Exit 148,Exit,148,False,,False,I-5,,,,,[],[],"[383, 833]",[],[],"[105, 114, 138, 141, 152, 153, 154, 155, 157, 159, 164, 165, 176, 182, 191, 192, 194, 195, 196, 200, 204, 208, 209, 210, 211, 215, 226, 228, 241, 242, 243, 245, 248, 249, 250, 257, 261, 270, 271, 282, 287, 289, 291, 294, 296, 298, 306, 308, 309, 311, 314, 327, 333, 335, 337, 576, 585, 609, 612, 623, 624, 626, 627, 629, 631, 636, 637, 647, 653, 662, 663, 665, 666, 667, 671, 674, 678, 679, 680, 681, 690, 692, 705, 706, 707, 709, 711, 712, 713, 719, 721, 729, 730, 741, 746, 748, 750, 753, 755, 757, 764, 766, 767, 769, 772, 785, 791]","[15, 16, 65, 66, 67, 68, 69, 70, 71, 72, 73, 74, 75, 76, 80, 151, 245, 246, 247, 248, 249, 250, 251, 252, 253, 254, 255, 256, 257, 258, 259, 280, 340, 373, 374, 375, 376, 377, 459, 460, 461, 462, 500, 501, 539, 540, 541, 542, 543, 544, 545, 546, 547, 548, 549, 550, 552, 622, 708, 709, 710, 711, 712, 713, 714, 715, 716, 717, 718, 719, 720, 739, 796, 823, 824, 825, 826, 827, 906, 907, 908, 909]","[15, 16, 65, 66, 67, 68, 69, 70, 71, 72, 73, 74, 75, 76, 77, 78, 80, 151, 244, 245, 246, 247, 248, 249, 250, 251, 252, 253, 254, 255, 256, 257, 258, 259, 260, 280, 340, 373, 374, 375, 376, 377, 459, 460, 461, 462, 500, 501, 539, 540, 541, 542, 543, 544, 545, 546, 547, 548, 549, 550, 552, 622, 708, 709, 710, 711, 712, 713, 714, 715, 716, 717, 718, 719, 720, 739, 796, 823, 824, 825, 826, 827, 906, 907, 908, 909]","[714, 715, 15, 16, 539, 540, 541, 542, 543, 544, 545, 546, 547, 548, 549, 550, 552, 576, 65, 66, 67, 68, 69, 70, 71, 72, 585, 73, 74, 75, 76, 77, 78, 80, 609, 612, 105, 622, 623, 624, 114, 626, 627, 629, 631, 636, 637, 647, 138, 141, 653, 718, 662, 663, 152, 153, 154, 667, 155, 157, 665, 159, 666, 671, 674, 164, 165, 678, 679, 680, 681, 176, 690, 692, 182, 191, 192, 705, 194, 195, 196, 706, 707, 709, 200, 711, 712, 713, 204, 252, 710, 719, 208, 209, 210, 211, 721, 716, 717, 215, 720, 729, 730, 226, 739, 228, 741, 746, 748, 750, 241, 242, 243, 753, 245, 755, 757, 248, 249, 250, 151, 764, 246, 766, 767, 247, 257, 769, 251, 772, 261, 253, 254, 255, 256, 258, 259, 260, 270, 271, 785, 791, 280, 282, 796, 287, 289, 291, 294, 296, 298, 306, 308, 309, 311, 823, 824, 314, 825, 826, 827, 833, 327, 333, 335, 337, 340, 373, 374, 375, 376, 377, 383, 906, 907, 908, 909, 459, 460, 461, 462, 708, 500, 501, 244]",False,[],[],"[383, 833]",[],"[105, 114, 138, 141, 152, 153, 154, 155, 157, 159, 164, 165, 176, 182, 191, 192, 194, 195, 196, 200, 204, 208, 209, 210, 211, 215, 226, 228, 241, 242, 243, 245, 248, 249, 250, 257, 261, 270, 271, 282, 287, 289, 291, 294, 296, 298, 306, 308, 309, 311, 314, 327, 333, 335, 337, 576, 585, 609, 612, 623, 624, 626, 627, 629, 631, 636, 637, 647, 653, 662, 663, 665, 666, 667, 671, 674, 678, 679, 680, 681, 690, 692, 705, 706, 707, 709, 711, 712, 713, 719, 721, 729, 730, 741, 746, 748, 750, 753, 755, 757, 764, 766, 767, 769, 772, 785, 791]","[15, 16, 65, 66, 67, 68, 69, 70, 71, 72, 73, 74, 75, 76, 77, 78, 80, 151, 244, 245, 246, 247, 248, 249, 250, 251, 252, 253, 254, 255, 256, 257, 258, 259, 260, 280, 340, 373, 374, 375, 376, 377, 459, 460, 461, 462, 500, 501, 539, 540, 541, 542, 543, 544, 545, 546, 547, 548, 549, 550, 552, 622, 708, 709, 710, 711, 712, 713, 714, 715, 716, 717, 718, 719, 720, 739, 796, 823, 824, 825, 826, 827, 906, 907, 908, 909]","[15, 16, 65, 66, 67, 68, 69, 70, 71, 72, 73, 74, 75, 76, 80, 151, 245, 246, 247, 248, 249, 250, 251, 252, 253, 254, 255, 256, 257, 258, 259, 280, 340, 373, 374, 375, 376, 377, 459, 460, 461, 462, 500, 501, 539, 540, 541, 542, 543, 544, 545, 546, 547, 548, 549, 550, 552, 622, 708, 709, 710, 711, 712, 713, 714, 715, 716, 717, 718, 719, 720, 739, 796, 823, 824, 825, 826, 827, 906, 907, 908, 909]",0/6 successful match,False,,False,393,False,,,,,
"Rice Hill , 97499 Pilot Travel Center # 233",541-849-2133 I-5 Exit 148,XL,Rice Hill,97499,Pilot Travel Center # 233,541-849-2133,2007,Yoncalla,OR,Pilot,,I-5 Exit 148,Exit,148,False,,False,I-5,,,,,[],[],"[383, 833]",[],[],"[105, 114, 138, 141, 152, 153, 154, 155, 157, 159, 164, 165, 176, 182, 191, 192, 194, 195, 196, 200, 204, 208, 209, 210, 211, 215, 226, 228, 241, 242, 243, 245, 248, 249, 250, 257, 261, 270, 271, 282, 287, 289, 291, 294, 296, 298, 306, 308, 309, 311, 314, 327, 333, 335, 337, 576, 585, 609, 612, 623, 624, 626, 627, 629, 631, 636, 637, 647, 653, 662, 663, 665, 666, 667, 671, 674, 678, 679, 680, 681, 690, 692, 705, 706, 707, 709, 711, 712, 713, 719, 721, 729, 730, 741, 746, 748, 750, 753, 755, 757, 764, 766, 767, 769, 772, 785, 791]","[15, 16, 65, 66, 67, 68, 69, 70, 71, 72, 73, 74, 75, 76, 80, 151, 245, 246, 247, 248, 249, 250, 251, 252, 253, 254, 255, 256, 257, 258, 259, 280, 340, 373, 374, 375, 376, 377, 459, 460, 461, 462, 500, 501, 539, 540, 541, 542, 543, 544, 545, 546, 547, 548, 549, 550, 552, 622, 708, 709, 710, 711, 712, 713, 714, 715, 716, 717, 718, 719, 720, 739, 796, 823, 824, 825, 826, 827, 906, 907, 908, 909]","[15, 16, 65, 66, 67, 68, 69, 70, 71, 72, 73, 74, 75, 76, 77, 78, 80, 151, 244, 245, 246, 247, 248, 249, 250, 251, 252, 253, 254, 255, 256, 257, 258, 259, 260, 280, 340, 373, 374, 375, 376, 377, 459, 460, 461, 462, 500, 501, 539, 540, 541, 542, 543, 544, 545, 546, 547, 548, 549, 550, 552, 622, 708, 709, 710, 711, 712, 713, 714, 715, 716, 717, 718, 719, 720, 739, 796, 823, 824, 825, 826, 827, 906, 907, 908, 909]","[714, 715, 15, 16, 539, 540, 541, 542, 543, 544, 545, 546, 547, 548, 549, 550, 552, 576, 65, 66, 67, 68, 69, 70, 71, 72, 585, 73, 74, 75, 76, 77, 78, 80, 609, 612, 105, 622, 623, 624, 114, 626, 627, 629, 631, 636, 637, 647, 138, 141, 653, 718, 662, 663, 152, 153, 154, 667, 155, 157, 665, 159, 666, 671, 674, 164, 165, 678, 679, 680, 681, 176, 690, 692, 182, 191, 192, 705, 194, 195, 196, 706, 707, 709, 200, 711, 712, 713, 204, 252, 710, 719, 208, 209, 210, 211, 721, 716, 717, 215, 720, 729, 730, 226, 739, 228, 741, 746, 748, 750, 241, 242, 243, 753, 245, 755, 757, 248, 249, 250, 151, 764, 246, 766, 767, 247, 257, 769, 251, 772, 261, 253, 254, 255, 256, 258, 259, 260, 270, 271, 785, 791, 280, 282, 796, 287, 289, 291, 294, 296, 298, 306, 308, 309, 311, 823, 824, 314, 825, 826, 827, 833, 327, 333, 335, 337, 340, 373, 374, 375, 376, 377, 383, 906, 907, 908, 909, 459, 460, 461, 462, 708, 500, 501, 244]",False,[],[],"[383, 833]",[],"[105, 114, 138, 141, 152, 153, 154, 155, 157, 159, 164, 165, 176, 182, 191, 192, 194, 195, 196, 200, 204, 208, 209, 210, 211, 215, 226, 228, 241, 242, 243, 245, 248, 249, 250, 257, 261, 270, 271, 282, 287, 289, 291, 294, 296, 298, 306, 308, 309, 311, 314, 327, 333, 335, 337, 576, 585, 609, 612, 623, 624, 626, 627, 629, 631, 636, 637, 647, 653, 662, 663, 665, 666, 667, 671, 674, 678, 679, 680, 681, 690, 692, 705, 706, 707, 709, 711, 712, 713, 719, 721, 729, 730, 741, 746, 748, 750, 753, 755, 757, 764, 766, 767, 769, 772, 785, 791]","[15, 16, 65, 66, 67, 68, 69, 70, 71, 72, 73, 74, 75, 76, 77, 78, 80, 151, 244, 245, 246, 247, 248, 249, 250, 251, 252, 253, 254, 255, 256, 257, 258, 259, 260, 280, 340, 373, 374, 375, 376, 377, 459, 460, 461, 462, 500, 501, 539, 540, 541, 542, 543, 544, 545, 546, 547, 548, 549, 550, 552, 622, 708, 709, 710, 711, 712, 713, 714, 715, 716, 717, 718, 719, 720, 739, 796, 823, 824, 825, 826, 827, 906, 907, 908, 909]","[15, 16, 65, 66, 67, 68, 69, 70, 71, 72, 73, 74, 75, 76, 80, 151, 245, 246, 247, 248, 249, 250, 251, 252, 253, 254, 255, 256, 257, 258, 259, 280, 340, 373, 374, 375, 376, 377, 459, 460, 461, 462, 500, 501, 539, 540, 541, 542, 543, 544, 545, 546, 547, 548, 549, 550, 552, 622, 708, 709, 710, 711, 712, 713, 714, 715, 716, 717, 718, 719, 720, 739, 796, 823, 824, 825, 826, 827, 906, 907, 908, 909]",0/6 successful match,False,,False,393,False,,1.0,True,Pilot Travel Center # 233,Pilot
"E Rice Hill , 97499 Pilot Travel Center # 233",541-849-2133 I-5 Exit 148,24 X 24,Rice Hill,97499,Pilot Travel Center # 233,541-849-2133,2008,Yoncalla,OR,Pilot,,I-5 Exit 148,Exit,148,False,,False,I-5,,,,,[],[],"[383, 833]",[],[],"[105, 114, 138, 141, 152, 153, 154, 155, 157, 159, 164, 165, 176, 182, 191, 192, 194, 195, 196, 200, 204, 208, 209, 210, 211, 215, 226, 228, 241, 242, 243, 245, 248, 249, 250, 257, 261, 270, 271, 282, 287, 289, 291, 294, 296, 298, 306, 308, 309, 311, 314, 327, 333, 335, 337, 576, 585, 609, 612, 623, 624, 626, 627, 629, 631, 636, 637, 647, 653, 662, 663, 665, 666, 667, 671, 674, 678, 679, 680, 681, 690, 692, 705, 706, 707, 709, 711, 712, 713, 719, 721, 729, 730, 741, 746, 748, 750, 753, 755, 757, 764, 766, 767, 769, 772, 785, 791]","[15, 16, 65, 66, 67, 68, 69, 70, 71, 72, 73, 74, 75, 76, 80, 151, 245, 246, 247, 248, 249, 250, 251, 252, 253, 254, 255, 256, 257, 258, 259, 280, 340, 373, 374, 375, 376, 377, 459, 460, 461, 462, 500, 501, 539, 540, 541, 542, 543, 544, 545, 546, 547, 548, 549, 550, 552, 622, 708, 709, 710, 711, 712, 713, 714, 715, 716, 717, 718, 719, 720, 739, 796, 823, 824, 825, 826, 827, 906, 907, 908, 909]","[15, 16, 65, 66, 67, 68, 69, 70, 71, 72, 73, 74, 75, 76, 77, 78, 80, 151, 244, 245, 246, 247, 248, 249, 250, 251, 252, 253, 254, 255, 256, 257, 258, 259, 260, 280, 340, 373, 374, 375, 376, 377, 459, 460, 461, 462, 500, 501, 539, 540, 541, 542, 543, 544, 545, 546, 547, 548, 549, 550, 552, 622, 708, 709, 710, 711, 712, 713, 714, 715, 716, 717, 718, 719, 720, 739, 796, 823, 824, 825, 826, 827, 906, 907, 908, 909]","[714, 715, 15, 16, 539, 540, 541, 542, 543, 544, 545, 546, 547, 548, 549, 550, 552, 576, 65, 66, 67, 68, 69, 70, 71, 72, 585, 73, 74, 75, 76, 77, 78, 80, 609, 612, 105, 622, 623, 624, 114, 626, 627, 629, 631, 636, 637, 647, 138, 141, 653, 718, 662, 663, 152, 153, 154, 667, 155, 157, 665, 159, 666, 671, 674, 164, 165, 678, 679, 680, 681, 176, 690, 692, 182, 191, 192, 705, 194, 195, 196, 706, 707, 709, 200, 711, 712, 713, 204, 252, 710, 719, 208, 209, 210, 211, 721, 716, 717, 215, 720, 729, 730, 226, 739, 228, 741, 746, 748, 750, 241, 242, 243, 753, 245, 755, 757, 248, 249, 250, 151, 764, 246, 766, 767, 247, 257, 769, 251, 772, 261, 253, 254, 255, 256, 258, 259, 260, 270, 271, 785, 791, 280, 282, 796, 287, 289, 291, 294, 296, 298, 306, 308, 309, 311, 823, 824, 314, 825, 826, 827, 833, 327, 333, 335, 337, 340, 373, 374, 375, 376, 377, 383, 906, 907, 908, 909, 459, 460, 461, 462, 708, 500, 501, 244]",False,[],[],"[383, 833]",[],"[105, 114, 138, 141, 152, 153, 154, 155, 157, 159, 164, 165, 176, 182, 191, 192, 194, 195, 196, 200, 204, 208, 209, 210, 211, 215, 226, 228, 241, 242, 243, 245, 248, 249, 250, 257, 261, 270, 271, 282, 287, 289, 291, 294, 296, 298, 306, 308, 309, 311, 314, 327, 333, 335, 337, 576, 585, 609, 612, 623, 624, 626, 627, 629, 631, 636, 637, 647, 653, 662, 663, 665, 666, 667, 671, 674, 678, 679, 680, 681, 690, 692, 705, 706, 707, 709, 711, 712, 713, 719, 721, 729, 730, 741, 746, 748, 750, 753, 755, 757, 764, 766, 767, 769, 772, 785, 791]","[15, 16, 65, 66, 67, 68, 69, 70, 71, 72, 73, 74, 75, 76, 77, 78, 80, 151, 244, 245, 246, 247, 248, 249, 250, 251, 252, 253, 254, 255, 256, 257, 258, 259, 260, 280, 340, 373, 374, 375, 376, 377, 459, 460, 461, 462, 500, 501, 539, 540, 541, 542, 543, 544, 545, 546, 547, 548, 549, 550, 552, 622, 708, 709, 710, 711, 712, 713, 714, 715, 716, 717, 718, 719, 720, 739, 796, 823, 824, 825, 826, 827, 906, 907, 908, 909]","[15, 16, 65, 66, 67, 68, 69, 70, 71, 72, 73, 74, 75, 76, 80, 151, 245, 246, 247, 248, 249, 250, 251, 252, 253, 254, 255, 256, 257, 258, 259, 280, 340, 373, 374, 375, 376, 377, 459, 460, 461, 462, 500, 501, 539, 540, 541, 542, 543, 544, 545, 546, 547, 548, 549, 550, 552, 622, 708, 709, 710, 711, 712, 713, 714, 715, 716, 717, 718, 719, 720, 739, 796, 823, 824, 825, 826, 827, 906, 907, 908, 909]",0/6 successful match,False,,False,393,False,,1.0,True,Pilot Travel Center # 233,Pilot
Rice Hill ( 97499 ) Pilot Travel Center # 233,541-849-2133 I-5 Exit 148,Poot 24 <U+25A1> XL 24,Rice Hill,97499,Pilot Travel Center # 233,541-849-2133,2014,Yoncalla,OR,Pilot,,I-5 Exit 148,Exit,148,False,,False,I-5,,,,,[],[],"[383, 833]",[],[],"[105, 114, 138, 141, 152, 153, 154, 155, 157, 159, 164, 165, 176, 182, 191, 192, 194, 195, 196, 200, 204, 208, 209, 210, 211, 215, 226, 228, 241, 242, 243, 245, 248, 249, 250, 257, 261, 270, 271, 282, 287, 289, 291, 294, 296, 298, 306, 308, 309, 311, 314, 327, 333, 335, 337, 576, 585, 609, 612, 623, 624, 626, 627, 629, 631, 636, 637, 647, 653, 662, 663, 665, 666, 667, 671, 674, 678, 679, 680, 681, 690, 692, 705, 706, 707, 709, 711, 712, 713, 719, 721, 729, 730, 741, 746, 748, 750, 753, 755, 757, 764, 766, 767, 769, 772, 785, 791]","[15, 16, 65, 66, 67, 68, 69, 70, 71, 72, 73, 74, 75, 76, 80, 151, 245, 246, 247, 248, 249, 250, 251, 252, 253, 254, 255, 256, 257, 258, 259, 280, 340, 373, 374, 375, 376, 377, 459, 460, 461, 462, 500, 501, 539, 540, 541, 542, 543, 544, 545, 546, 547, 548, 549, 550, 552, 622, 708, 709, 710, 711, 712, 713, 714, 715, 716, 717, 718, 719, 720, 739, 796, 823, 824, 825, 826, 827, 906, 907, 908, 909]","[15, 16, 65, 66, 67, 68, 69, 70, 71, 72, 73, 74, 75, 76, 77, 78, 80, 151, 244, 245, 246, 247, 248, 249, 250, 251, 252, 253, 254, 255, 256, 257, 258, 259, 260, 280, 340, 373, 374, 375, 376, 377, 459, 460, 461, 462, 500, 501, 539, 540, 541, 542, 543, 544, 545, 546, 547, 548, 549, 550, 552, 622, 708, 709, 710, 711, 712, 713, 714, 715, 716, 717, 718, 719, 720, 739, 796, 823, 824, 825, 826, 827, 906, 907, 908, 909]","[714, 715, 15, 16, 539, 540, 541, 542, 543, 544, 545, 546, 547, 548, 549, 550, 552, 576, 65, 66, 67, 68, 69, 70, 71, 72, 585, 73, 74, 75, 76, 77, 78, 80, 609, 612, 105, 622, 623, 624, 114, 626, 627, 629, 631, 636, 637, 647, 138, 141, 653, 718, 662, 663, 152, 153, 154, 667, 155, 157, 665, 159, 666, 671, 674, 164, 165, 678, 679, 680, 681, 176, 690, 692, 182, 191, 192, 705, 194, 195, 196, 706, 707, 709, 200, 711, 712, 713, 204, 252, 710, 719, 208, 209, 210, 211, 721, 716, 717, 215, 720, 729, 730, 226, 739, 228, 741, 746, 748, 750, 241, 242, 243, 753, 245, 755, 757, 248, 249, 250, 151, 764, 246, 766, 767, 247, 257, 769, 251, 772, 261, 253, 254, 255, 256, 258, 259, 260, 270, 271, 785, 791, 280, 282, 796, 287, 289, 291, 294, 296, 298, 306, 308, 309, 311, 823, 824, 314, 825, 826, 827, 833, 327, 333, 335, 337, 340, 373, 374, 375, 376, 377, 383, 906, 907, 908, 909, 459, 460, 461, 462, 708, 500, 501, 244]",False,[],[],"[383, 833]",[],"[105, 114, 138, 141, 152, 153, 154, 155, 157, 159, 164, 165, 176, 182, 191, 192, 194, 195, 196, 200, 204, 208, 209, 210, 211, 215, 226, 228, 241, 242, 243, 245, 248, 249, 250, 257, 261, 270, 271, 282, 287, 289, 291, 294, 296, 298, 306, 308, 309, 311, 314, 327, 333, 335, 337, 576, 585, 609, 612, 623, 624, 626, 627, 629, 631, 636, 637, 647, 653, 662, 663, 665, 666, 667, 671, 674, 678, 679, 680, 681, 690, 692, 705, 706, 707, 709, 711, 712, 713, 719, 721, 729, 730, 741, 746, 748, 750, 753, 755, 757, 764, 766, 767, 769, 772, 785, 791]","[15, 16, 65, 66, 67, 68, 69, 70, 71, 72, 73, 74, 75, 76, 77, 78, 80, 151, 244, 245, 246, 247, 248, 249, 250, 251, 252, 253, 254, 255, 256, 257, 258, 259, 260, 280, 340, 373, 374, 375, 376, 377, 459, 460, 461, 462, 500, 501, 539, 540, 541, 542, 543, 544, 545, 546, 547, 548, 549, 550, 552, 622, 708, 709, 710, 711, 712, 713, 714, 715, 716, 717, 718, 719, 720, 739, 796, 823, 824, 825, 826, 827, 906, 907, 908, 909]","[15, 16, 65, 66, 67, 68, 69, 70, 71, 72, 73, 74, 75, 76, 80, 151, 245, 246, 247, 248, 249, 250, 251, 252, 253, 254, 255, 256, 257, 258, 259, 280, 340, 373, 374, 375, 376, 377, 459, 460, 461, 462, 500, 501, 539, 540, 541, 542, 543, 544, 545, 546, 547, 548, 549, 550, 552, 622, 708, 709, 710, 711, 712, 713, 714, 715, 716, 717, 718, 719, 720, 739, 796, 823, 824, 825, 826, 827, 906, 907, 908, 909]",0/6 successful match,False,,False,393,False,,1.0,True,Pilot Travel Center # 233,Pilot
E Rice Hill ( 97499 ) Pilot Travel Center # 233,541-849-2133 I-5 Exit 148 pilot,pilot 24 <U+2610> XL 24,Rice Hill,97499,Pilot Travel Center # 233,541-849-2133,2015,Yoncalla,OR,Pilot,,I-5 Exit 148 pilot,Exit,148,False,,False,I-5,,,,,[],[],"[383, 833]",[],[],"[105, 114, 138, 141, 152, 153, 154, 155, 157, 159, 164, 165, 176, 182, 191, 192, 194, 195, 196, 200, 204, 208, 209, 210, 211, 215, 226, 228, 241, 242, 243, 245, 248, 249, 250, 257, 261, 270, 271, 282, 287, 289, 291, 294, 296, 298, 306, 308, 309, 311, 314, 327, 333, 335, 337, 576, 585, 609, 612, 623, 624, 626, 627, 629, 631, 636, 637, 647, 653, 662, 663, 665, 666, 667, 671, 674, 678, 679, 680, 681, 690, 692, 705, 706, 707, 709, 711, 712, 713, 719, 721, 729, 730, 741, 746, 748, 750, 753, 755, 757, 764, 766, 767, 769, 772, 785, 791]","[15, 16, 65, 66, 67, 68, 69, 70, 71, 72, 73, 74, 75, 76, 80, 151, 245, 246, 247, 248, 249, 250, 251, 252, 253, 254, 255, 256, 257, 258, 259, 280, 340, 373, 374, 375, 376, 377, 459, 460, 461, 462, 500, 501, 539, 540, 541, 542, 543, 544, 545, 546, 547, 548, 549, 550, 552, 622, 708, 709, 710, 711, 712, 713, 714, 715, 716, 717, 718, 719, 720, 739, 796, 823, 824, 825, 826, 827, 906, 907, 908, 909]","[15, 16, 65, 66, 67, 68, 69, 70, 71, 72, 73, 74, 75, 76, 77, 78, 80, 151, 244, 245, 246, 247, 248, 249, 250, 251, 252, 253, 254, 255, 256, 257, 258, 259, 260, 280, 340, 373, 374, 375, 376, 377, 459, 460, 461, 462, 500, 501, 539, 540, 541, 542, 543, 544, 545, 546, 547, 548, 549, 550, 552, 622, 708, 709, 710, 711, 712, 713, 714, 715, 716, 717, 718, 719, 720, 739, 796, 823, 824, 825, 826, 827, 906, 907, 908, 909]","[714, 715, 15, 16, 539, 540, 541, 542, 543, 544, 545, 546, 547, 548, 549, 550, 552, 576, 65, 66, 67, 68, 69, 70, 71, 72, 585, 73, 74, 75, 76, 77, 78, 80, 609, 612, 105, 622, 623, 624, 114, 626, 627, 629, 631, 636, 637, 647, 138, 141, 653, 718, 662, 663, 152, 153, 154, 667, 155, 157, 665, 159, 666, 671, 674, 164, 165, 678, 679, 680, 681, 176, 690, 692, 182, 191, 192, 705, 194, 195, 196, 706, 707, 709, 200, 711, 712, 713, 204, 252, 710, 719, 208, 209, 210, 211, 721, 716, 717, 215, 720, 729, 730, 226, 739, 228, 741, 746, 748, 750, 241, 242, 243, 753, 245, 755, 757, 248, 249, 250, 151, 764, 246, 766, 767, 247, 257, 769, 251, 772, 261, 253, 254, 255, 256, 258, 259, 260, 270, 271, 785, 791, 280, 282, 796, 287, 289, 291, 294, 296, 298, 306, 308, 309, 311, 823, 824, 314, 825, 826, 827, 833, 327, 333, 335, 337, 340, 373, 374, 375, 376, 377, 383, 906, 907, 908, 909, 459, 460, 461, 462, 708, 500, 501, 244]",False,[],[],"[383, 833]",[],"[105, 114, 138, 141, 152, 153, 154, 155, 157, 159, 164, 165, 176, 182, 191, 192, 194, 195, 196, 200, 204, 208, 209, 210, 211, 215, 226, 228, 241, 242, 243, 245, 248, 249, 250, 257, 261, 270, 271, 282, 287, 289, 291, 294, 296, 298, 306, 308, 309, 311, 314, 327, 333, 335, 337, 576, 585, 609, 612, 623, 624, 626, 627, 629, 631, 636, 637, 647, 653, 662, 663, 665, 666, 667, 671, 674, 678, 679, 680, 681, 690, 692, 705, 706, 707, 709, 711, 712, 713, 719, 721, 729, 730, 741, 746, 748, 750, 753, 755, 757, 764, 766, 767, 769, 772, 785, 791]","[15, 16, 65, 66, 67, 68, 69, 70, 71, 72, 73, 74, 75, 76, 77, 78, 80, 151, 244, 245, 246, 247, 248, 249, 250, 251, 252, 253, 254, 255, 256, 257, 258, 259, 260, 280, 340, 373, 374, 375, 376, 377, 459, 460, 461, 462, 500, 501, 539, 540, 541, 542, 543, 544, 545, 546, 547, 548, 549, 550, 552, 622, 708, 709, 710, 711, 712, 713, 714, 715, 716, 717, 718, 719, 720, 739, 796, 823, 824, 825, 826, 827, 906, 907, 908, 909]","[15, 16, 65, 66, 67, 68, 69, 70, 71, 72, 73, 74, 75, 76, 80, 151, 245, 246, 247, 248, 249, 250, 251, 252, 253, 254, 255, 256, 257, 258, 259, 280, 340, 373, 374, 375, 376, 377, 459, 460, 461, 462, 500, 501, 539, 540, 541, 542, 543, 544, 545, 546, 547, 548, 549, 550, 552, 622, 708, 709, 710, 711, 712, 713, 714, 715, 716, 717, 718, 719, 720, 739, 796, 823, 824, 825, 826, 827, 906, 907, 908, 909]",0/6 successful match,False,,False,393,False,,1.0,True,Pilot Travel Center # 233,Pilot
Rice Hill ( 97499 ) Pilot Travel Center # 233 Pilot,2 541-849-2133 I-5 Exit 148,25 24 24 <U+2610> XLO 24 24 24 D,Rice Hill,97499,Pilot Travel Center # 233 Pilot,541-849-2133,2016,Yoncalla,OR,Pilot,,I-5 Exit 148,Exit,148,False,,False,I-5,,,,,[],[],"[383, 833]",[],[],"[105, 114, 138, 141, 152, 153, 154, 155, 157, 159, 164, 165, 176, 182, 191, 192, 194, 195, 196, 200, 204, 208, 209, 210, 211, 215, 226, 228, 241, 242, 243, 245, 248, 249, 250, 257, 261, 270, 271, 282, 287, 289, 291, 294, 296, 298, 306, 308, 309, 311, 314, 327, 333, 335, 337, 576, 585, 609, 612, 623, 624, 626, 627, 629, 631, 636, 637, 647, 653, 662, 663, 665, 666, 667, 671, 674, 678, 679, 680, 681, 690, 692, 705, 706, 707, 709, 711, 712, 713, 719, 721, 729, 730, 741, 746, 748, 750, 753, 755, 757, 764, 766, 767, 769, 772, 785, 791]","[15, 16, 65, 66, 67, 68, 69, 70, 71, 72, 73, 74, 75, 76, 80, 151, 245, 246, 247, 248, 249, 250, 251, 252, 253, 254, 255, 256, 257, 258, 259, 280, 340, 373, 374, 375, 376, 377, 459, 460, 461, 462, 500, 501, 539, 540, 541, 542, 543, 544, 545, 546, 547, 548, 549, 550, 552, 622, 708, 709, 710, 711, 712, 713, 714, 715, 716, 717, 718, 719, 720, 739, 796, 823, 824, 825, 826, 827, 906, 907, 908, 909]","[15, 16, 65, 66, 67, 68, 69, 70, 71, 72, 73, 74, 75, 76, 77, 78, 80, 151, 244, 245, 246, 247, 248, 249, 250, 251, 252, 253, 254, 255, 256, 257, 258, 259, 260, 280, 340, 373, 374, 375, 376, 377, 459, 460, 461, 462, 500, 501, 539, 540, 541, 542, 543, 544, 545, 546, 547, 548, 549, 550, 552, 622, 708, 709, 710, 711, 712, 713, 714, 715, 716, 717, 718, 719, 720, 739, 796, 823, 824, 825, 826, 827, 906, 907, 908, 909]","[714, 715, 15, 16, 539, 540, 541, 542, 543, 544, 545, 546, 547, 548, 549, 550, 552, 576, 65, 66, 67, 68, 69, 70, 71, 72, 585, 73, 74, 75, 76, 77, 78, 80, 609, 612, 105, 622, 623, 624, 114, 626, 627, 629, 631, 636, 637, 647, 138, 141, 653, 718, 662, 663, 152, 153, 154, 667, 155, 157, 665, 159, 666, 671, 674, 164, 165, 678, 679, 680, 681, 176, 690, 692, 182, 191, 192, 705, 194, 195, 196, 706, 707, 709, 200, 711, 712, 713, 204, 252, 710, 719, 208, 209, 210, 211, 721, 716, 717, 215, 720, 729, 730, 226, 739, 228, 741, 746, 748, 750, 241, 242, 243, 753, 245, 755, 757, 248, 249, 250, 151, 764, 246, 766, 767, 247, 257, 769, 251, 772, 261, 253, 254, 255, 256, 258, 259, 260, 270, 271, 785, 791, 280, 282, 796, 287, 289, 291, 294, 296, 298, 306, 308, 309, 311, 823, 824, 314, 825, 826, 827, 833, 327, 333, 335, 337, 340, 373, 374, 375, 376, 377, 383, 906, 907, 908, 909, 459, 460, 461, 462, 708, 500, 501, 244]",False,[],[],"[383, 833]",[],"[105, 114, 138, 141, 152, 153, 154, 155, 157, 159, 164, 165, 176, 182, 191, 192, 194, 195, 196, 200, 204, 208, 209, 210, 211, 215, 226, 228, 241, 242, 243, 245, 248, 249, 250, 257, 261, 270, 271, 282, 287, 289, 291, 294, 296, 298, 306, 308, 309, 311, 314, 327, 333, 335, 337, 576, 585, 609, 612, 623, 624, 626, 627, 629, 631, 636, 637, 647, 653, 662, 663, 665, 666, 667, 671, 674, 678, 679, 680, 681, 690, 692, 705, 706, 707, 709, 711, 712, 713, 719, 721, 729, 730, 741, 746, 748, 750, 753, 755, 757, 764, 766, 767, 769, 772, 785, 791]","[15, 16, 65, 66, 67, 68, 69, 70, 71, 72, 73, 74, 75, 76, 77, 78, 80, 151, 244, 245, 246, 247, 248, 249, 250, 251, 252, 253, 254, 255, 256, 257, 258, 259, 260, 280, 340, 373, 374, 375, 376, 377, 459, 460, 461, 462, 500, 501, 539, 540, 541, 542, 543, 544, 545, 546, 547, 548, 549, 550, 552, 622, 708, 709, 710, 711, 712, 713, 714, 715, 716, 717, 718, 719, 720, 739, 796, 823, 824, 825, 826, 827, 906, 907, 908, 909]","[15, 16, 65, 66, 67, 68, 69, 70, 71, 72, 73, 74, 75, 76, 80, 151, 245, 246, 247, 248, 249, 250, 251, 252, 253, 254, 255, 256, 257, 258, 259, 280, 340, 373, 374, 375, 376, 377, 459, 460, 461, 462, 500, 501, 539, 540, 541, 542, 543, 544, 545, 546, 547, 548, 549, 550, 552, 622, 708, 709, 710, 711, 712, 713, 714, 715, 716, 717, 718, 719, 720, 739, 796, 823, 824, 825, 826, 827, 906, 907, 908, 909]",0/6 successful match,False,,False,393,False,,1.0,True,Pilot Travel Center # 233,Pilot
"Central Point , 97502 Pilot Travel Center # 391",541-664-7001 I-5 Exit 33 ( Pine St ),M <U+2610>,Central Point,97502,Pilot Travel Center # 391,541-664-7001,2006,Central Point,OR,Pilot,( Pine St ),I-5 Exit 33 ,Exit,33,False,,False,I-5,,,,,[],[],"[12, 414, 497, 865]","[209, 243, 271, 311, 391, 679, 707, 730, 769, 841]",[],"[105, 114, 138, 141, 152, 153, 154, 155, 157, 159, 164, 165, 176, 182, 191, 192, 194, 195, 196, 200, 204, 208, 209, 210, 211, 215, 226, 228, 241, 242, 243, 245, 248, 249, 250, 257, 261, 270, 271, 282, 287, 289, 291, 294, 296, 298, 306, 308, 309, 311, 314, 327, 333, 335, 337, 576, 585, 609, 612, 623, 624, 626, 627, 629, 631, 636, 637, 647, 653, 662, 663, 665, 666, 667, 671, 674, 678, 679, 680, 681, 690, 692, 705, 706, 707, 709, 711, 712, 713, 719, 721, 729, 730, 741, 746, 748, 750, 753, 755, 757, 764, 766, 767, 769, 772, 785, 791]","[15, 16, 65, 66, 67, 68, 69, 70, 71, 72, 73, 74, 75, 76, 80, 151, 245, 246, 247, 248, 249, 250, 251, 252, 253, 254, 255, 256, 257, 258, 259, 280, 340, 373, 374, 375, 376, 377, 459, 460, 461, 462, 500, 501, 539, 540, 541, 542, 543, 544, 545, 546, 547, 548, 549, 550, 552, 622, 708, 709, 710, 711, 712, 713, 714, 715, 716, 717, 718, 719, 720, 739, 796, 823, 824, 825, 826, 827, 906, 907, 908, 909]","[15, 16, 65, 66, 67, 68, 69, 70, 71, 72, 73, 74, 75, 76, 77, 78, 80, 151, 244, 245, 246, 247, 248, 249, 250, 251, 252, 253, 254, 255, 256, 257, 258, 259, 260, 280, 340, 373, 374, 375, 376, 377, 459, 460, 461, 462, 500, 501, 539, 540, 541, 542, 543, 544, 545, 546, 547, 548, 549, 550, 552, 622, 708, 709, 710, 711, 712, 713, 714, 715, 716, 717, 718, 719, 720, 739, 796, 823, 824, 825, 826, 827, 906, 907, 908, 909]","[714, 12, 715, 15, 16, 539, 540, 541, 542, 543, 544, 545, 546, 547, 548, 549, 550, 552, 576, 65, 66, 67, 68, 69, 70, 71, 72, 585, 73, 74, 75, 76, 77, 78, 80, 609, 612, 105, 622, 623, 624, 114, 626, 627, 629, 631, 636, 637, 647, 138, 141, 653, 718, 662, 663, 152, 153, 154, 155, 665, 157, 666, 159, 667, 671, 674, 164, 165, 678, 679, 680, 681, 176, 690, 692, 182, 191, 192, 705, 194, 707, 195, 196, 706, 709, 200, 711, 712, 713, 204, 252, 710, 719, 208, 209, 210, 211, 721, 716, 717, 215, 720, 729, 730, 226, 739, 228, 741, 746, 748, 750, 241, 242, 243, 753, 245, 755, 757, 248, 249, 250, 151, 764, 246, 766, 767, 247, 769, 257, 251, 772, 261, 253, 254, 255, 256, 258, 259, 260, 270, 271, 785, 791, 280, 282, 796, 287, 289, 291, 294, 296, 298, 306, 308, 309, 311, 823, 824, 314, 825, 826, 827, 327, 841, 333, 335, 337, 340, 865, 373, 374, 375, 376, 377, 391, 906, 907, 908, 909, 414, 459, 460, 461, 462, 708, 497, 500, 501, 244]",False,[],[],"[12, 414, 497, 865]","[209, 243, 271, 311, 391, 679, 707, 730, 769, 841]","[105, 114, 138, 141, 152, 153, 154, 155, 157, 159, 164, 165, 176, 182, 191, 192, 194, 195, 196, 200, 204, 208, 209, 210, 211, 215, 226, 228, 241, 242, 243, 245, 248, 249, 250, 257, 261, 270, 271, 282, 287, 289, 291, 294, 296, 298, 306, 308, 309, 311, 314, 327, 333, 335, 337, 576, 585, 609, 612, 623, 624, 626, 627, 629, 631, 636, 637, 647, 653, 662, 663, 665, 666, 667, 671, 674, 678, 679, 680, 681, 690, 692, 705, 706, 707, 709, 711, 712, 713, 719, 721, 729, 730, 741, 746, 748, 750, 753, 755, 757, 764, 766, 767, 769, 772, 785, 791]","[15, 16, 65, 66, 67, 68, 69, 70, 71, 72, 73, 74, 75, 76, 77, 78, 80, 151, 244, 245, 246, 247, 248, 249, 250, 251, 252, 253, 254, 255, 256, 257, 258, 259, 260, 280, 340, 373, 374, 375, 376, 377, 459, 460, 461, 462, 500, 501, 539, 540, 541, 542, 543, 544, 545, 546, 547, 548, 549, 550, 552, 622, 708, 709, 710, 711, 712, 713, 714, 715, 716, 717, 718, 719, 720, 739, 796, 823, 824, 825, 826, 827, 906, 907, 908, 909]","[15, 16, 65, 66, 67, 68, 69, 70, 71, 72, 73, 74, 75, 76, 80, 151, 245, 246, 247, 248, 249, 250, 251, 252, 253, 254, 255, 256, 257, 258, 259, 280, 340, 373, 374, 375, 376, 377, 459, 460, 461, 462, 500, 501, 539, 540, 541, 542, 543, 544, 545, 546, 547, 548, 549, 550, 552, 622, 708, 709, 710, 711, 712, 713, 714, 715, 716, 717, 718, 719, 720, 739, 796, 823, 824, 825, 826, 827, 906, 907, 908, 909]",0/6 successful match,False,,False,394,False,,,,,
"Central Point , 97502 Pilot Travel Center # 391",541-664-7001 I-5 Exit 33 ( Pine St ),M <U+2610>,Central Point,97502,Pilot Travel Center # 391,541-664-7001,2007,Central Point,OR,Pilot,( Pine St ),I-5 Exit 33 ,Exit,33,False,,False,I-5,,,,,[],[],"[12, 414, 497, 865]","[209, 243, 271, 311, 391, 679, 707, 730, 769, 841]",[],"[105, 114, 138, 141, 152, 153, 154, 155, 157, 159, 164, 165, 176, 182, 191, 192, 194, 195, 196, 200, 204, 208, 209, 210, 211, 215, 226, 228, 241, 242, 243, 245, 248, 249, 250, 257, 261, 270, 271, 282, 287, 289, 291, 294, 296, 298, 306, 308, 309, 311, 314, 327, 333, 335, 337, 576, 585, 609, 612, 623, 624, 626, 627, 629, 631, 636, 637, 647, 653, 662, 663, 665, 666, 667, 671, 674, 678, 679, 680, 681, 690, 692, 705, 706, 707, 709, 711, 712, 713, 719, 721, 729, 730, 741, 746, 748, 750, 753, 755, 757, 764, 766, 767, 769, 772, 785, 791]","[15, 16, 65, 66, 67, 68, 69, 70, 71, 72, 73, 74, 75, 76, 80, 151, 245, 246, 247, 248, 249, 250, 251, 252, 253, 254, 255, 256, 257, 258, 259, 280, 340, 373, 374, 375, 376, 377, 459, 460, 461, 462, 500, 501, 539, 540, 541, 542, 543, 544, 545, 546, 547, 548, 549, 550, 552, 622, 708, 709, 710, 711, 712, 713, 714, 715, 716, 717, 718, 719, 720, 739, 796, 823, 824, 825, 826, 827, 906, 907, 908, 909]","[15, 16, 65, 66, 67, 68, 69, 70, 71, 72, 73, 74, 75, 76, 77, 78, 80, 151, 244, 245, 246, 247, 248, 249, 250, 251, 252, 253, 254, 255, 256, 257, 258, 259, 260, 280, 340, 373, 374, 375, 376, 377, 459, 460, 461, 462, 500, 501, 539, 540, 541, 542, 543, 544, 545, 546, 547, 548, 549, 550, 552, 622, 708, 709, 710, 711, 712, 713, 714, 715, 716, 717, 718, 719, 720, 739, 796, 823, 824, 825, 826, 827, 906, 907, 908, 909]","[714, 12, 715, 15, 16, 539, 540, 541, 542, 543, 544, 545, 546, 547, 548, 549, 550, 552, 576, 65, 66, 67, 68, 69, 70, 71, 72, 585, 73, 74, 75, 76, 77, 78, 80, 609, 612, 105, 622, 623, 624, 114, 626, 627, 629, 631, 636, 637, 647, 138, 141, 653, 718, 662, 663, 152, 153, 154, 155, 665, 157, 666, 159, 667, 671, 674, 164, 165, 678, 679, 680, 681, 176, 690, 692, 182, 191, 192, 705, 194, 707, 195, 196, 706, 709, 200, 711, 712, 713, 204, 252, 710, 719, 208, 209, 210, 211, 721, 716, 717, 215, 720, 729, 730, 226, 739, 228, 741, 746, 748, 750, 241, 242, 243, 753, 245, 755, 757, 248, 249, 250, 151, 764, 246, 766, 767, 247, 769, 257, 251, 772, 261, 253, 254, 255, 256, 258, 259, 260, 270, 271, 785, 791, 280, 282, 796, 287, 289, 291, 294, 296, 298, 306, 308, 309, 311, 823, 824, 314, 825, 826, 827, 327, 841, 333, 335, 337, 340, 865, 373, 374, 375, 376, 377, 391, 906, 907, 908, 909, 414, 459, 460, 461, 462, 708, 497, 500, 501, 244]",False,[],[],"[12, 414, 497, 865]","[209, 243, 271, 311, 391, 679, 707, 730, 769, 841]","[105, 114, 138, 141, 152, 153, 154, 155, 157, 159, 164, 165, 176, 182, 191, 192, 194, 195, 196, 200, 204, 208, 209, 210, 211, 215, 226, 228, 241, 242, 243, 245, 248, 249, 250, 257, 261, 270, 271, 282, 287, 289, 291, 294, 296, 298, 306, 308, 309, 311, 314, 327, 333, 335, 337, 576, 585, 609, 612, 623, 624, 626, 627, 629, 631, 636, 637, 647, 653, 662, 663, 665, 666, 667, 671, 674, 678, 679, 680, 681, 690, 692, 705, 706, 707, 709, 711, 712, 713, 719, 721, 729, 730, 741, 746, 748, 750, 753, 755, 757, 764, 766, 767, 769, 772, 785, 791]","[15, 16, 65, 66, 67, 68, 69, 70, 71, 72, 73, 74, 75, 76, 77, 78, 80, 151, 244, 245, 246, 247, 248, 249, 250, 251, 252, 253, 254, 255, 256, 257, 258, 259, 260, 280, 340, 373, 374, 375, 376, 377, 459, 460, 461, 462, 500, 501, 539, 540, 541, 542, 543, 544, 545, 546, 547, 548, 549, 550, 552, 622, 708, 709, 710, 711, 712, 713, 714, 715, 716, 717, 718, 719, 720, 739, 796, 823, 824, 825, 826, 827, 906, 907, 908, 909]","[15, 16, 65, 66, 67, 68, 69, 70, 71, 72, 73, 74, 75, 76, 80, 151, 245, 246, 247, 248, 249, 250, 251, 252, 253, 254, 255, 256, 257, 258, 259, 280, 340, 373, 374, 375, 376, 377, 459, 460, 461, 462, 500, 501, 539, 540, 541, 542, 543, 544, 545, 546, 547, 548, 549, 550, 552, 622, 708, 709, 710, 711, 712, 713, 714, 715, 716, 717, 718, 719, 720, 739, 796, 823, 824, 825, 826, 827, 906, 907, 908, 909]",0/6 successful match,False,,False,394,False,,1.0,True,Pilot Travel Center # 391,Pilot
"Central Point , 97502 Pilot Travel Center # 391",541-664-7001 I-5 Exit 33 ( Pine St ),24,Central Point,97502,Pilot Travel Center # 391,541-664-7001,2008,Central Point,OR,Pilot,( Pine St ),I-5 Exit 33 ,Exit,33,False,,False,I-5,,,,,[],[],"[12, 414, 497, 865]","[209, 243, 271, 311, 391, 679, 707, 730, 769, 841]",[],"[105, 114, 138, 141, 152, 153, 154, 155, 157, 159, 164, 165, 176, 182, 191, 192, 194, 195, 196, 200, 204, 208, 209, 210, 211, 215, 226, 228, 241, 242, 243, 245, 248, 249, 250, 257, 261, 270, 271, 282, 287, 289, 291, 294, 296, 298, 306, 308, 309, 311, 314, 327, 333, 335, 337, 576, 585, 609, 612, 623, 624, 626, 627, 629, 631, 636, 637, 647, 653, 662, 663, 665, 666, 667, 671, 674, 678, 679, 680, 681, 690, 692, 705, 706, 707, 709, 711, 712, 713, 719, 721, 729, 730, 741, 746, 748, 750, 753, 755, 757, 764, 766, 767, 769, 772, 785, 791]","[15, 16, 65, 66, 67, 68, 69, 70, 71, 72, 73, 74, 75, 76, 80, 151, 245, 246, 247, 248, 249, 250, 251, 252, 253, 254, 255, 256, 257, 258, 259, 280, 340, 373, 374, 375, 376, 377, 459, 460, 461, 462, 500, 501, 539, 540, 541, 542, 543, 544, 545, 546, 547, 548, 549, 550, 552, 622, 708, 709, 710, 711, 712, 713, 714, 715, 716, 717, 718, 719, 720, 739, 796, 823, 824, 825, 826, 827, 906, 907, 908, 909]","[15, 16, 65, 66, 67, 68, 69, 70, 71, 72, 73, 74, 75, 76, 77, 78, 80, 151, 244, 245, 246, 247, 248, 249, 250, 251, 252, 253, 254, 255, 256, 257, 258, 259, 260, 280, 340, 373, 374, 375, 376, 377, 459, 460, 461, 462, 500, 501, 539, 540, 541, 542, 543, 544, 545, 546, 547, 548, 549, 550, 552, 622, 708, 709, 710, 711, 712, 713, 714, 715, 716, 717, 718, 719, 720, 739, 796, 823, 824, 825, 826, 827, 906, 907, 908, 909]","[714, 12, 715, 15, 16, 539, 540, 541, 542, 543, 544, 545, 546, 547, 548, 549, 550, 552, 576, 65, 66, 67, 68, 69, 70, 71, 72, 585, 73, 74, 75, 76, 77, 78, 80, 609, 612, 105, 622, 623, 624, 114, 626, 627, 629, 631, 636, 637, 647, 138, 141, 653, 718, 662, 663, 152, 153, 154, 155, 665, 157, 666, 159, 667, 671, 674, 164, 165, 678, 679, 680, 681, 176, 690, 692, 182, 191, 192, 705, 194, 707, 195, 196, 706, 709, 200, 711, 712, 713, 204, 252, 710, 719, 208, 209, 210, 211, 721, 716, 717, 215, 720, 729, 730, 226, 739, 228, 741, 746, 748, 750, 241, 242, 243, 753, 245, 755, 757, 248, 249, 250, 151, 764, 246, 766, 767, 247, 769, 257, 251, 772, 261, 253, 254, 255, 256, 258, 259, 260, 270, 271, 785, 791, 280, 282, 796, 287, 289, 291, 294, 296, 298, 306, 308, 309, 311, 823, 824, 314, 825, 826, 827, 327, 841, 333, 335, 337, 340, 865, 373, 374, 375, 376, 377, 391, 906, 907, 908, 909, 414, 459, 460, 461, 462, 708, 497, 500, 501, 244]",False,[],[],"[12, 414, 497, 865]","[209, 243, 271, 311, 391, 679, 707, 730, 769, 841]","[105, 114, 138, 141, 152, 153, 154, 155, 157, 159, 164, 165, 176, 182, 191, 192, 194, 195, 196, 200, 204, 208, 209, 210, 211, 215, 226, 228, 241, 242, 243, 245, 248, 249, 250, 257, 261, 270, 271, 282, 287, 289, 291, 294, 296, 298, 306, 308, 309, 311, 314, 327, 333, 335, 337, 576, 585, 609, 612, 623, 624, 626, 627, 629, 631, 636, 637, 647, 653, 662, 663, 665, 666, 667, 671, 674, 678, 679, 680, 681, 690, 692, 705, 706, 707, 709, 711, 712, 713, 719, 721, 729, 730, 741, 746, 748, 750, 753, 755, 757, 764, 766, 767, 769, 772, 785, 791]","[15, 16, 65, 66, 67, 68, 69, 70, 71, 72, 73, 74, 75, 76, 77, 78, 80, 151, 244, 245, 246, 247, 248, 249, 250, 251, 252, 253, 254, 255, 256, 257, 258, 259, 260, 280, 340, 373, 374, 375, 376, 377, 459, 460, 461, 462, 500, 501, 539, 540, 541, 542, 543, 544, 545, 546, 547, 548, 549, 550, 552, 622, 708, 709, 710, 711, 712, 713, 714, 715, 716, 717, 718, 719, 720, 739, 796, 823, 824, 825, 826, 827, 906, 907, 908, 909]","[15, 16, 65, 66, 67, 68, 69, 70, 71, 72, 73, 74, 75, 76, 80, 151, 245, 246, 247, 248, 249, 250, 251, 252, 253, 254, 255, 256, 257, 258, 259, 280, 340, 373, 374, 375, 376, 377, 459, 460, 461, 462, 500, 501, 539, 540, 541, 542, 543, 544, 545, 546, 547, 548, 549, 550, 552, 622, 708, 709, 710, 711, 712, 713, 714, 715, 716, 717, 718, 719, 720, 739, 796, 823, 824, 825, 826, 827, 906, 907, 908, 909]",0/6 successful match,False,,False,394,False,,1.0,True,Pilot Travel Center # 391,Pilot
G Central Point ( 97502 ) Pilot Travel Center # 391,541-664-7001 I-5 Exit 33 ( Pine St ),L,Central Point,97502,Pilot Travel Center # 391,541-664-7001,2014,Central Point,OR,Pilot,( Pine St ),I-5 Exit 33 ,Exit,33,False,,False,I-5,,,,,[],[],"[12, 414, 497, 865]","[209, 243, 271, 311, 391, 679, 707, 730, 769, 841]",[],"[105, 114, 138, 141, 152, 153, 154, 155, 157, 159, 164, 165, 176, 182, 191, 192, 194, 195, 196, 200, 204, 208, 209, 210, 211, 215, 226, 228, 241, 242, 243, 245, 248, 249, 250, 257, 261, 270, 271, 282, 287, 289, 291, 294, 296, 298, 306, 308, 309, 311, 314, 327, 333, 335, 337, 576, 585, 609, 612, 623, 624, 626, 627, 629, 631, 636, 637, 647, 653, 662, 663, 665, 666, 667, 671, 674, 678, 679, 680, 681, 690, 692, 705, 706, 707, 709, 711, 712, 713, 719, 721, 729, 730, 741, 746, 748, 750, 753, 755, 757, 764, 766, 767, 769, 772, 785, 791]","[15, 16, 65, 66, 67, 68, 69, 70, 71, 72, 73, 74, 75, 76, 80, 151, 245, 246, 247, 248, 249, 250, 251, 252, 253, 254, 255, 256, 257, 258, 259, 280, 340, 373, 374, 375, 376, 377, 459, 460, 461, 462, 500, 501, 539, 540, 541, 542, 543, 544, 545, 546, 547, 548, 549, 550, 552, 622, 708, 709, 710, 711, 712, 713, 714, 715, 716, 717, 718, 719, 720, 739, 796, 823, 824, 825, 826, 827, 906, 907, 908, 909]","[15, 16, 65, 66, 67, 68, 69, 70, 71, 72, 73, 74, 75, 76, 77, 78, 80, 151, 244, 245, 246, 247, 248, 249, 250, 251, 252, 253, 254, 255, 256, 257, 258, 259, 260, 280, 340, 373, 374, 375, 376, 377, 459, 460, 461, 462, 500, 501, 539, 540, 541, 542, 543, 544, 545, 546, 547, 548, 549, 550, 552, 622, 708, 709, 710, 711, 712, 713, 714, 715, 716, 717, 718, 719, 720, 739, 796, 823, 824, 825, 826, 827, 906, 907, 908, 909]","[714, 12, 715, 15, 16, 539, 540, 541, 542, 543, 544, 545, 546, 547, 548, 549, 550, 552, 576, 65, 66, 67, 68, 69, 70, 71, 72, 585, 73, 74, 75, 76, 77, 78, 80, 609, 612, 105, 622, 623, 624, 114, 626, 627, 629, 631, 636, 637, 647, 138, 141, 653, 718, 662, 663, 152, 153, 154, 155, 665, 157, 666, 159, 667, 671, 674, 164, 165, 678, 679, 680, 681, 176, 690, 692, 182, 191, 192, 705, 194, 707, 195, 196, 706, 709, 200, 711, 712, 713, 204, 252, 710, 719, 208, 209, 210, 211, 721, 716, 717, 215, 720, 729, 730, 226, 739, 228, 741, 746, 748, 750, 241, 242, 243, 753, 245, 755, 757, 248, 249, 250, 151, 764, 246, 766, 767, 247, 769, 257, 251, 772, 261, 253, 254, 255, 256, 258, 259, 260, 270, 271, 785, 791, 280, 282, 796, 287, 289, 291, 294, 296, 298, 306, 308, 309, 311, 823, 824, 314, 825, 826, 827, 327, 841, 333, 335, 337, 340, 865, 373, 374, 375, 376, 377, 391, 906, 907, 908, 909, 414, 459, 460, 461, 462, 708, 497, 500, 501, 244]",False,[],[],"[12, 414, 497, 865]","[209, 243, 271, 311, 391, 679, 707, 730, 769, 841]","[105, 114, 138, 141, 152, 153, 154, 155, 157, 159, 164, 165, 176, 182, 191, 192, 194, 195, 196, 200, 204, 208, 209, 210, 211, 215, 226, 228, 241, 242, 243, 245, 248, 249, 250, 257, 261, 270, 271, 282, 287, 289, 291, 294, 296, 298, 306, 308, 309, 311, 314, 327, 333, 335, 337, 576, 585, 609, 612, 623, 624, 626, 627, 629, 631, 636, 637, 647, 653, 662, 663, 665, 666, 667, 671, 674, 678, 679, 680, 681, 690, 692, 705, 706, 707, 709, 711, 712, 713, 719, 721, 729, 730, 741, 746, 748, 750, 753, 755, 757, 764, 766, 767, 769, 772, 785, 791]","[15, 16, 65, 66, 67, 68, 69, 70, 71, 72, 73, 74, 75, 76, 77, 78, 80, 151, 244, 245, 246, 247, 248, 249, 250, 251, 252, 253, 254, 255, 256, 257, 258, 259, 260, 280, 340, 373, 374, 375, 376, 377, 459, 460, 461, 462, 500, 501, 539, 540, 541, 542, 543, 544, 545, 546, 547, 548, 549, 550, 552, 622, 708, 709, 710, 711, 712, 713, 714, 715, 716, 717, 718, 719, 720, 739, 796, 823, 824, 825, 826, 827, 906, 907, 908, 909]","[15, 16, 65, 66, 67, 68, 69, 70, 71, 72, 73, 74, 75, 76, 80, 151, 245, 246, 247, 248, 249, 250, 251, 252, 253, 254, 255, 256, 257, 258, 259, 280, 340, 373, 374, 375, 376, 377, 459, 460, 461, 462, 500, 501, 539, 540, 541, 542, 543, 544, 545, 546, 547, 548, 549, 550, 552, 622, 708, 709, 710, 711, 712, 713, 714, 715, 716, 717, 718, 719, 720, 739, 796, 823, 824, 825, 826, 827, 906, 907, 908, 909]",0/6 successful match,False,,False,394,False,,1.0,True,Pilot Travel Center # 391,Pilot
Central Point ( 97502 ) Pilot Travel Center # 391,2 541-664-7001 I-5 Exit 33 ( Pine St ) Pilot,ze,Central Point,97502,Pilot Travel Center # 391,541-664-7001,2015,Central Point,OR,Pilot,( Pine St ) Pilot,I-5 Exit 33 ,Exit,33,False,,False,I-5,,,,,[],[],"[12, 414, 497, 865]","[209, 243, 271, 311, 391, 679, 707, 730, 769, 841]",[],"[105, 114, 138, 141, 152, 153, 154, 155, 157, 159, 164, 165, 176, 182, 191, 192, 194, 195, 196, 200, 204, 208, 209, 210, 211, 215, 226, 228, 241, 242, 243, 245, 248, 249, 250, 257, 261, 270, 271, 282, 287, 289, 291, 294, 296, 298, 306, 308, 309, 311, 314, 327, 333, 335, 337, 576, 585, 609, 612, 623, 624, 626, 627, 629, 631, 636, 637, 647, 653, 662, 663, 665, 666, 667, 671, 674, 678, 679, 680, 681, 690, 692, 705, 706, 707, 709, 711, 712, 713, 719, 721, 729, 730, 741, 746, 748, 750, 753, 755, 757, 764, 766, 767, 769, 772, 785, 791]","[15, 16, 65, 66, 67, 68, 69, 70, 71, 72, 73, 74, 75, 76, 80, 151, 245, 246, 247, 248, 249, 250, 251, 252, 253, 254, 255, 256, 257, 258, 259, 280, 340, 373, 374, 375, 376, 377, 459, 460, 461, 462, 500, 501, 539, 540, 541, 542, 543, 544, 545, 546, 547, 548, 549, 550, 552, 622, 708, 709, 710, 711, 712, 713, 714, 715, 716, 717, 718, 719, 720, 739, 796, 823, 824, 825, 826, 827, 906, 907, 908, 909]","[15, 16, 65, 66, 67, 68, 69, 70, 71, 72, 73, 74, 75, 76, 77, 78, 80, 151, 244, 245, 246, 247, 248, 249, 250, 251, 252, 253, 254, 255, 256, 257, 258, 259, 260, 280, 340, 373, 374, 375, 376, 377, 459, 460, 461, 462, 500, 501, 539, 540, 541, 542, 543, 544, 545, 546, 547, 548, 549, 550, 552, 622, 708, 709, 710, 711, 712, 713, 714, 715, 716, 717, 718, 719, 720, 739, 796, 823, 824, 825, 826, 827, 906, 907, 908, 909]","[714, 12, 715, 15, 16, 539, 540, 541, 542, 543, 544, 545, 546, 547, 548, 549, 550, 552, 576, 65, 66, 67, 68, 69, 70, 71, 72, 585, 73, 74, 75, 76, 77, 78, 80, 609, 612, 105, 622, 623, 624, 114, 626, 627, 629, 631, 636, 637, 647, 138, 141, 653, 718, 662, 663, 152, 153, 154, 155, 665, 157, 666, 159, 667, 671, 674, 164, 165, 678, 679, 680, 681, 176, 690, 692, 182, 191, 192, 705, 194, 707, 195, 196, 706, 709, 200, 711, 712, 713, 204, 252, 710, 719, 208, 209, 210, 211, 721, 716, 717, 215, 720, 729, 730, 226, 739, 228, 741, 746, 748, 750, 241, 242, 243, 753, 245, 755, 757, 248, 249, 250, 151, 764, 246, 766, 767, 247, 769, 257, 251, 772, 261, 253, 254, 255, 256, 258, 259, 260, 270, 271, 785, 791, 280, 282, 796, 287, 289, 291, 294, 296, 298, 306, 308, 309, 311, 823, 824, 314, 825, 826, 827, 327, 841, 333, 335, 337, 340, 865, 373, 374, 375, 376, 377, 391, 906, 907, 908, 909, 414, 459, 460, 461, 462, 708, 497, 500, 501, 244]",False,[],[],"[12, 414, 497, 865]","[209, 243, 271, 311, 391, 679, 707, 730, 769, 841]","[105, 114, 138, 141, 152, 153, 154, 155, 157, 159, 164, 165, 176, 182, 191, 192, 194, 195, 196, 200, 204, 208, 209, 210, 211, 215, 226, 228, 241, 242, 243, 245, 248, 249, 250, 257, 261, 270, 271, 282, 287, 289, 291, 294, 296, 298, 306, 308, 309, 311, 314, 327, 333, 335, 337, 576, 585, 609, 612, 623, 624, 626, 627, 629, 631, 636, 637, 647, 653, 662, 663, 665, 666, 667, 671, 674, 678, 679, 680, 681, 690, 692, 705, 706, 707, 709, 711, 712, 713, 719, 721, 729, 730, 741, 746, 748, 750, 753, 755, 757, 764, 766, 767, 769, 772, 785, 791]","[15, 16, 65, 66, 67, 68, 69, 70, 71, 72, 73, 74, 75, 76, 77, 78, 80, 151, 244, 245, 246, 247, 248, 249, 250, 251, 252, 253, 254, 255, 256, 257, 258, 259, 260, 280, 340, 373, 374, 375, 376, 377, 459, 460, 461, 462, 500, 501, 539, 540, 541, 542, 543, 544, 545, 546, 547, 548, 549, 550, 552, 622, 708, 709, 710, 711, 712, 713, 714, 715, 716, 717, 718, 719, 720, 739, 796, 823, 824, 825, 826, 827, 906, 907, 908, 909]","[15, 16, 65, 66, 67, 68, 69, 70, 71, 72, 73, 74, 75, 76, 80, 151, 245, 246, 247, 248, 249, 250, 251, 252, 253, 254, 255, 256, 257, 258, 259, 280, 340, 373, 374, 375, 376, 377, 459, 460, 461, 462, 500, 501, 539, 540, 541, 542, 543, 544, 545, 546, 547, 548, 549, 550, 552, 622, 708, 709, 710, 711, 712, 713, 714, 715, 716, 717, 718, 719, 720, 739, 796, 823, 824, 825, 826, 827, 906, 907, 908, 909]",0/6 successful match,False,,False,394,False,,1.0,True,Pilot Travel Center # 391,Pilot
Central Point ( 97502 ) Pilot Travel Center # 391,541-664-7001 I-5 Exit 33 ( Pine St ) patos,4 L 024,Central Point,97502,Pilot Travel Center # 391,541-664-7001,2016,Central Point,OR,Pilot,( Pine St ) patos,I-5 Exit 33 ,Exit,33,False,,False,I-5,,,,,[],[],"[12, 414, 497, 865]","[209, 243, 271, 311, 391, 679, 707, 730, 769, 841]",[],"[105, 114, 138, 141, 152, 153, 154, 155, 157, 159, 164, 165, 176, 182, 191, 192, 194, 195, 196, 200, 204, 208, 209, 210, 211, 215, 226, 228, 241, 242, 243, 245, 248, 249, 250, 257, 261, 270, 271, 282, 287, 289, 291, 294, 296, 298, 306, 308, 309, 311, 314, 327, 333, 335, 337, 576, 585, 609, 612, 623, 624, 626, 627, 629, 631, 636, 637, 647, 653, 662, 663, 665, 666, 667, 671, 674, 678, 679, 680, 681, 690, 692, 705, 706, 707, 709, 711, 712, 713, 719, 721, 729, 730, 741, 746, 748, 750, 753, 755, 757, 764, 766, 767, 769, 772, 785, 791]","[15, 16, 65, 66, 67, 68, 69, 70, 71, 72, 73, 74, 75, 76, 80, 151, 245, 246, 247, 248, 249, 250, 251, 252, 253, 254, 255, 256, 257, 258, 259, 280, 340, 373, 374, 375, 376, 377, 459, 460, 461, 462, 500, 501, 539, 540, 541, 542, 543, 544, 545, 546, 547, 548, 549, 550, 552, 622, 708, 709, 710, 711, 712, 713, 714, 715, 716, 717, 718, 719, 720, 739, 796, 823, 824, 825, 826, 827, 906, 907, 908, 909]","[15, 16, 65, 66, 67, 68, 69, 70, 71, 72, 73, 74, 75, 76, 77, 78, 80, 151, 244, 245, 246, 247, 248, 249, 250, 251, 252, 253, 254, 255, 256, 257, 258, 259, 260, 280, 340, 373, 374, 375, 376, 377, 459, 460, 461, 462, 500, 501, 539, 540, 541, 542, 543, 544, 545, 546, 547, 548, 549, 550, 552, 622, 708, 709, 710, 711, 712, 713, 714, 715, 716, 717, 718, 719, 720, 739, 796, 823, 824, 825, 826, 827, 906, 907, 908, 909]","[714, 12, 715, 15, 16, 539, 540, 541, 542, 543, 544, 545, 546, 547, 548, 549, 550, 552, 576, 65, 66, 67, 68, 69, 70, 71, 72, 585, 73, 74, 75, 76, 77, 78, 80, 609, 612, 105, 622, 623, 624, 114, 626, 627, 629, 631, 636, 637, 647, 138, 141, 653, 718, 662, 663, 152, 153, 154, 155, 665, 157, 666, 159, 667, 671, 674, 164, 165, 678, 679, 680, 681, 176, 690, 692, 182, 191, 192, 705, 194, 707, 195, 196, 706, 709, 200, 711, 712, 713, 204, 252, 710, 719, 208, 209, 210, 211, 721, 716, 717, 215, 720, 729, 730, 226, 739, 228, 741, 746, 748, 750, 241, 242, 243, 753, 245, 755, 757, 248, 249, 250, 151, 764, 246, 766, 767, 247, 769, 257, 251, 772, 261, 253, 254, 255, 256, 258, 259, 260, 270, 271, 785, 791, 280, 282, 796, 287, 289, 291, 294, 296, 298, 306, 308, 309, 311, 823, 824, 314, 825, 826, 827, 327, 841, 333, 335, 337, 340, 865, 373, 374, 375, 376, 377, 391, 906, 907, 908, 909, 414, 459, 460, 461, 462, 708, 497, 500, 501, 244]",False,[],[],"[12, 414, 497, 865]","[209, 243, 271, 311, 391, 679, 707, 730, 769, 841]","[105, 114, 138, 141, 152, 153, 154, 155, 157, 159, 164, 165, 176, 182, 191, 192, 194, 195, 196, 200, 204, 208, 209, 210, 211, 215, 226, 228, 241, 242, 243, 245, 248, 249, 250, 257, 261, 270, 271, 282, 287, 289, 291, 294, 296, 298, 306, 308, 309, 311, 314, 327, 333, 335, 337, 576, 585, 609, 612, 623, 624, 626, 627, 629, 631, 636, 637, 647, 653, 662, 663, 665, 666, 667, 671, 674, 678, 679, 680, 681, 690, 692, 705, 706, 707, 709, 711, 712, 713, 719, 721, 729, 730, 741, 746, 748, 750, 753, 755, 757, 764, 766, 767, 769, 772, 785, 791]","[15, 16, 65, 66, 67, 68, 69, 70, 71, 72, 73, 74, 75, 76, 77, 78, 80, 151, 244, 245, 246, 247, 248, 249, 250, 251, 252, 253, 254, 255, 256, 257, 258, 259, 260, 280, 340, 373, 374, 375, 376, 377, 459, 460, 461, 462, 500, 501, 539, 540, 541, 542, 543, 544, 545, 546, 547, 548, 549, 550, 552, 622, 708, 709, 710, 711, 712, 713, 714, 715, 716, 717, 718, 719, 720, 739, 796, 823, 824, 825, 826, 827, 906, 907, 908, 909]","[15, 16, 65, 66, 67, 68, 69, 70, 71, 72, 73, 74, 75, 76, 80, 151, 245, 246, 247, 248, 249, 250, 251, 252, 253, 254, 255, 256, 257, 258, 259, 280, 340, 373, 374, 375, 376, 377, 459, 460, 461, 462, 500, 501, 539, 540, 541, 542, 543, 544, 545, 546, 547, 548, 549, 550, 552, 622, 708, 709, 710, 711, 712, 713, 714, 715, 716, 717, 718, 719, 720, 739, 796, 823, 824, 825, 826, 827, 906, 907, 908, 909]",0/6 successful match,False,,False,394,False,,1.0,True,Pilot Travel Center # 391,Pilot
"IMedford , 97504 Witham Truck Stop ( Chevron )",541-779-0792 I-5 Exit 30,,Medford,97504,Witham Truck Stop ( Chevron ),541-779-0792,2006,Medford,OR,Chevron,,I-5 Exit 30,Exit,30,False,,False,I-5,,,,,[],[],[],"[119, 590]",[],"[105, 114, 138, 141, 152, 153, 154, 155, 157, 159, 164, 165, 176, 182, 191, 192, 194, 195, 196, 200, 204, 208, 209, 210, 211, 215, 226, 228, 241, 242, 243, 245, 248, 249, 250, 257, 261, 270, 271, 282, 287, 289, 291, 294, 296, 298, 306, 308, 309, 311, 314, 327, 333, 335, 337, 576, 585, 609, 612, 623, 624, 626, 627, 629, 631, 636, 637, 647, 653, 662, 663, 665, 666, 667, 671, 674, 678, 679, 680, 681, 690, 692, 705, 706, 707, 709, 711, 712, 713, 719, 721, 729, 730, 741, 746, 748, 750, 753, 755, 757, 764, 766, 767, 769, 772, 785, 791]","[12, 24, 25, 28, 88, 100, 104, 119, 123, 129, 136, 137, 139, 140, 141, 148, 155, 169, 172, 179, 183, 185, 188, 196, 198, 217, 237, 267, 270, 278, 319, 321, 324, 325, 330, 334, 335, 354, 366, 369, 380, 383, 384, 386, 395, 407, 411, 423, 428, 436, 437, 452, 453, 456, 467, 471, 477, 478, 479, 497, 508, 511, 559, 571, 575, 590, 594, 600, 607, 608, 610, 611, 612, 619, 627, 640, 643, 650, 654, 656, 659, 667, 669, 685, 701, 726, 729, 737, 777, 779, 782, 783, 787, 790, 791, 809, 817, 819, 830, 833, 834, 836, 845, 856, 857, 860, 862, 875, 880, 887, 888, 899, 900, 914, 918, 921, 928, 929, 930]","[12, 24, 25, 28, 88, 100, 104, 119, 123, 129, 136, 137, 139, 140, 141, 148, 155, 169, 172, 179, 183, 185, 188, 196, 198, 217, 237, 267, 270, 278, 319, 321, 324, 325, 330, 334, 335, 354, 366, 369, 380, 383, 384, 386, 395, 407, 411, 423, 428, 436, 437, 452, 453, 456, 467, 471, 477, 478, 479, 497, 508, 511, 559, 571, 575, 590, 594, 600, 607, 608, 610, 611, 612, 619, 627, 640, 643, 650, 654, 656, 659, 667, 669, 685, 701, 726, 729, 737, 777, 779, 782, 783, 787, 790, 791, 809, 817, 819, 830, 833, 834, 836, 845, 856, 857, 860, 862, 875, 880, 887, 888, 899, 900, 914, 918, 921, 928, 929, 930]","[12, 24, 25, 28, 559, 571, 575, 576, 585, 590, 594, 88, 600, 607, 608, 609, 610, 611, 612, 100, 104, 105, 619, 623, 624, 114, 626, 627, 629, 631, 119, 123, 636, 637, 640, 129, 643, 647, 136, 137, 138, 139, 140, 141, 653, 650, 654, 656, 659, 148, 662, 663, 152, 153, 154, 667, 155, 157, 665, 159, 666, 671, 674, 669, 164, 165, 678, 679, 680, 681, 169, 172, 685, 176, 690, 179, 692, 182, 183, 185, 188, 701, 191, 192, 705, 194, 195, 196, 706, 707, 709, 200, 711, 712, 713, 204, 198, 719, 208, 209, 210, 211, 721, 726, 215, 729, 730, 217, 737, 226, 228, 741, 746, 748, 237, 750, 241, 242, 243, 753, 245, 755, 757, 248, 249, 250, 764, 766, 767, 257, 769, 772, 261, 777, 267, 779, 270, 271, 782, 785, 783, 787, 278, 791, 790, 282, 287, 289, 291, 294, 296, 809, 298, 817, 306, 819, 308, 309, 311, 314, 830, 319, 321, 833, 834, 324, 325, 836, 327, 330, 333, 334, 335, 845, 337, 856, 857, 860, 862, 354, 875, 366, 880, 369, 887, 888, 380, 383, 384, 386, 899, 900, 395, 914, 918, 407, 921, 411, 928, 929, 930, 423, 428, 436, 437, 452, 453, 456, 467, 471, 477, 478, 479, 497, 508, 511]",False,[],[],[],"[119, 590]","[105, 114, 138, 141, 152, 153, 154, 155, 157, 159, 164, 165, 176, 182, 191, 192, 194, 195, 196, 200, 204, 208, 209, 210, 211, 215, 226, 228, 241, 242, 243, 245, 248, 249, 250, 257, 261, 270, 271, 282, 287, 289, 291, 294, 296, 298, 306, 308, 309, 311, 314, 327, 333, 335, 337, 576, 585, 609, 612, 623, 624, 626, 627, 629, 631, 636, 637, 647, 653, 662, 663, 665, 666, 667, 671, 674, 678, 679, 680, 681, 690, 692, 705, 706, 707, 709, 711, 712, 713, 719, 721, 729, 730, 741, 746, 748, 750, 753, 755, 757, 764, 766, 767, 769, 772, 785, 791]","[12, 24, 25, 28, 88, 100, 104, 119, 123, 129, 136, 137, 139, 140, 141, 148, 155, 169, 172, 179, 183, 185, 188, 196, 198, 217, 237, 267, 270, 278, 319, 321, 324, 325, 330, 334, 335, 354, 366, 369, 380, 383, 384, 386, 395, 407, 411, 423, 428, 436, 437, 452, 453, 456, 467, 471, 477, 478, 479, 497, 508, 511, 559, 571, 575, 590, 594, 600, 607, 608, 610, 611, 612, 619, 627, 640, 643, 650, 654, 656, 659, 667, 669, 685, 701, 726, 729, 737, 777, 779, 782, 783, 787, 790, 791, 809, 817, 819, 830, 833, 834, 836, 845, 856, 857, 860, 862, 875, 880, 887, 888, 899, 900, 914, 918, 921, 928, 929, 930]","[12, 24, 25, 28, 88, 100, 104, 119, 123, 129, 136, 137, 139, 140, 141, 148, 155, 169, 172, 179, 183, 185, 188, 196, 198, 217, 237, 267, 270, 278, 319, 321, 324, 325, 330, 334, 335, 354, 366, 369, 380, 383, 384, 386, 395, 407, 411, 423, 428, 436, 437, 452, 453, 456, 467, 471, 477, 478, 479, 497, 508, 511, 559, 571, 575, 590, 594, 600, 607, 608, 610, 611, 612, 619, 627, 640, 643, 650, 654, 656, 659, 667, 669, 685, 701, 726, 729, 737, 777, 779, 782, 783, 787, 790, 791, 809, 817, 819, 830, 833, 834, 836, 845, 856, 857, 860, 862, 875, 880, 887, 888, 899, 900, 914, 918, 921, 928, 929, 930]",0/6 successful match,False,,False,395,False,,,,,
"Medford , 97504 Witham Truck Stop ( 76 )",541-779-0792 I-5 Exit 30,<U+2610> M . 4 D,Medford,97504,Witham Truck Stop ( 76 ),541-779-0792,2007,Medford,OR,,,I-5 Exit 30,Exit,30,False,,False,I-5,,,,,[],[],[],"[119, 590]",[],"[105, 114, 138, 141, 152, 153, 154, 155, 157, 159, 164, 165, 176, 182, 191, 192, 194, 195, 196, 200, 204, 208, 209, 210, 211, 215, 226, 228, 241, 242, 243, 245, 248, 249, 250, 257, 261, 270, 271, 282, 287, 289, 291, 294, 296, 298, 306, 308, 309, 311, 314, 327, 333, 335, 337, 576, 585, 609, 612, 623, 624, 626, 627, 629, 631, 636, 637, 647, 653, 662, 663, 665, 666, 667, 671, 674, 678, 679, 680, 681, 690, 692, 705, 706, 707, 709, 711, 712, 713, 719, 721, 729, 730, 741, 746, 748, 750, 753, 755, 757, 764, 766, 767, 769, 772, 785, 791]",[],"[84, 87, 89, 114, 115, 117, 124, 132, 135, 144, 152, 178, 239, 268, 281, 297, 318, 320, 327, 348, 394, 555, 558, 560, 585, 586, 588, 595, 603, 606, 615, 623, 649, 703, 727, 740, 756, 776, 778, 785, 803, 844]","[555, 558, 560, 576, 585, 586, 588, 590, 595, 84, 87, 89, 603, 606, 609, 612, 615, 105, 623, 624, 114, 626, 627, 629, 115, 631, 119, 117, 636, 637, 124, 132, 647, 135, 649, 138, 141, 653, 144, 662, 663, 152, 153, 154, 667, 155, 157, 665, 159, 666, 671, 674, 164, 165, 678, 679, 680, 681, 176, 690, 178, 692, 182, 191, 192, 705, 194, 195, 196, 706, 707, 709, 200, 711, 712, 713, 204, 719, 208, 209, 210, 211, 721, 215, 727, 729, 730, 226, 228, 741, 740, 746, 748, 750, 239, 241, 242, 243, 753, 245, 755, 757, 248, 249, 250, 756, 764, 766, 767, 257, 769, 772, 261, 776, 778, 268, 270, 271, 785, 791, 281, 282, 287, 289, 291, 803, 294, 296, 297, 298, 306, 308, 309, 311, 314, 318, 320, 327, 844, 333, 335, 337, 348, 394, 703]",False,[],[],[],"[119, 590]","[105, 114, 138, 141, 152, 153, 154, 155, 157, 159, 164, 165, 176, 182, 191, 192, 194, 195, 196, 200, 204, 208, 209, 210, 211, 215, 226, 228, 241, 242, 243, 245, 248, 249, 250, 257, 261, 270, 271, 282, 287, 289, 291, 294, 296, 298, 306, 308, 309, 311, 314, 327, 333, 335, 337, 576, 585, 609, 612, 623, 624, 626, 627, 629, 631, 636, 637, 647, 653, 662, 663, 665, 666, 667, 671, 674, 678, 679, 680, 681, 690, 692, 705, 706, 707, 709, 711, 712, 713, 719, 721, 729, 730, 741, 746, 748, 750, 753, 755, 757, 764, 766, 767, 769, 772, 785, 791]","[84, 87, 89, 114, 115, 117, 124, 132, 135, 144, 152, 178, 239, 268, 281, 297, 318, 320, 327, 348, 394, 555, 558, 560, 585, 586, 588, 595, 603, 606, 615, 623, 649, 703, 727, 740, 756, 776, 778, 785, 803, 844]",[],0/6 successful match,False,,False,395,False,,0.649056603773585,True,Witham Truck Stop ( Chevron ),Chevron
"Medford , 97504 Witham Truck Stop ( 76 )",541-779-0792 I-5 Exit 30,M 24,Medford,97504,Witham Truck Stop ( 76 ),541-779-0792,2008,Medford,OR,,,I-5 Exit 30,Exit,30,False,,False,I-5,,,,,[],[],[],"[119, 590]",[],"[105, 114, 138, 141, 152, 153, 154, 155, 157, 159, 164, 165, 176, 182, 191, 192, 194, 195, 196, 200, 204, 208, 209, 210, 211, 215, 226, 228, 241, 242, 243, 245, 248, 249, 250, 257, 261, 270, 271, 282, 287, 289, 291, 294, 296, 298, 306, 308, 309, 311, 314, 327, 333, 335, 337, 576, 585, 609, 612, 623, 624, 626, 627, 629, 631, 636, 637, 647, 653, 662, 663, 665, 666, 667, 671, 674, 678, 679, 680, 681, 690, 692, 705, 706, 707, 709, 711, 712, 713, 719, 721, 729, 730, 741, 746, 748, 750, 753, 755, 757, 764, 766, 767, 769, 772, 785, 791]",[],"[84, 87, 89, 114, 115, 117, 124, 132, 135, 144, 152, 178, 239, 268, 281, 297, 318, 320, 327, 348, 394, 555, 558, 560, 585, 586, 588, 595, 603, 606, 615, 623, 649, 703, 727, 740, 756, 776, 778, 785, 803, 844]","[555, 558, 560, 576, 585, 586, 588, 590, 595, 84, 87, 89, 603, 606, 609, 612, 615, 105, 623, 624, 114, 626, 627, 629, 115, 631, 119, 117, 636, 637, 124, 132, 647, 135, 649, 138, 141, 653, 144, 662, 663, 152, 153, 154, 667, 155, 157, 665, 159, 666, 671, 674, 164, 165, 678, 679, 680, 681, 176, 690, 178, 692, 182, 191, 192, 705, 194, 195, 196, 706, 707, 709, 200, 711, 712, 713, 204, 719, 208, 209, 210, 211, 721, 215, 727, 729, 730, 226, 228, 741, 740, 746, 748, 750, 239, 241, 242, 243, 753, 245, 755, 757, 248, 249, 250, 756, 764, 766, 767, 257, 769, 772, 261, 776, 778, 268, 270, 271, 785, 791, 281, 282, 287, 289, 291, 803, 294, 296, 297, 298, 306, 308, 309, 311, 314, 318, 320, 327, 844, 333, 335, 337, 348, 394, 703]",False,[],[],[],"[119, 590]","[105, 114, 138, 141, 152, 153, 154, 155, 157, 159, 164, 165, 176, 182, 191, 192, 194, 195, 196, 200, 204, 208, 209, 210, 211, 215, 226, 228, 241, 242, 243, 245, 248, 249, 250, 257, 261, 270, 271, 282, 287, 289, 291, 294, 296, 298, 306, 308, 309, 311, 314, 327, 333, 335, 337, 576, 585, 609, 612, 623, 624, 626, 627, 629, 631, 636, 637, 647, 653, 662, 663, 665, 666, 667, 671, 674, 678, 679, 680, 681, 690, 692, 705, 706, 707, 709, 711, 712, 713, 719, 721, 729, 730, 741, 746, 748, 750, 753, 755, 757, 764, 766, 767, 769, 772, 785, 791]","[84, 87, 89, 114, 115, 117, 124, 132, 135, 144, 152, 178, 239, 268, 281, 297, 318, 320, 327, 348, 394, 555, 558, 560, 585, 586, 588, 595, 603, 606, 615, 623, 649, 703, 727, 740, 756, 776, 778, 785, 803, 844]",[],0/6 successful match,False,,False,395,False,,1.0,True,Witham Truck Stop ( 76 ),
G Medford ( 97504 ) Pacific Truck Center ( 76 ),2 541-779-0792 I-5 Exit 30,"<U+2610> MOO """,Medford,97504,Pacific Truck Center ( 76 ),541-779-0792,2014,Medford,OR,,,I-5 Exit 30,Exit,30,False,,False,I-5,,,,,[],[],[],"[119, 590]",[],"[105, 114, 138, 141, 152, 153, 154, 155, 157, 159, 164, 165, 176, 182, 191, 192, 194, 195, 196, 200, 204, 208, 209, 210, 211, 215, 226, 228, 241, 242, 243, 245, 248, 249, 250, 257, 261, 270, 271, 282, 287, 289, 291, 294, 296, 298, 306, 308, 309, 311, 314, 327, 333, 335, 337, 576, 585, 609, 612, 623, 624, 626, 627, 629, 631, 636, 637, 647, 653, 662, 663, 665, 666, 667, 671, 674, 678, 679, 680, 681, 690, 692, 705, 706, 707, 709, 711, 712, 713, 719, 721, 729, 730, 741, 746, 748, 750, 753, 755, 757, 764, 766, 767, 769, 772, 785, 791]",[],"[84, 87, 89, 114, 115, 117, 124, 132, 135, 144, 152, 178, 239, 268, 281, 297, 318, 320, 325, 327, 348, 394, 555, 558, 560, 585, 586, 588, 595, 603, 606, 615, 623, 649, 703, 727, 740, 756, 776, 778, 783, 785, 803, 844]","[555, 558, 560, 576, 585, 586, 588, 590, 595, 84, 87, 89, 603, 606, 609, 612, 615, 105, 623, 624, 114, 626, 627, 629, 115, 631, 119, 117, 636, 637, 124, 132, 647, 135, 649, 138, 141, 653, 144, 662, 663, 152, 153, 154, 667, 155, 157, 665, 159, 666, 671, 674, 164, 165, 678, 679, 680, 681, 176, 690, 178, 692, 182, 191, 192, 705, 194, 195, 196, 706, 707, 709, 200, 711, 712, 713, 204, 719, 208, 209, 210, 211, 721, 215, 727, 729, 730, 226, 228, 741, 740, 746, 748, 750, 239, 241, 242, 243, 753, 245, 755, 757, 248, 249, 250, 756, 764, 766, 767, 257, 769, 772, 261, 776, 778, 268, 270, 271, 783, 785, 791, 281, 282, 287, 289, 291, 803, 294, 296, 297, 298, 306, 308, 309, 311, 314, 318, 320, 325, 327, 844, 333, 335, 337, 348, 394, 703]",False,[],[],[],"[119, 590]","[105, 114, 138, 141, 152, 153, 154, 155, 157, 159, 164, 165, 176, 182, 191, 192, 194, 195, 196, 200, 204, 208, 209, 210, 211, 215, 226, 228, 241, 242, 243, 245, 248, 249, 250, 257, 261, 270, 271, 282, 287, 289, 291, 294, 296, 298, 306, 308, 309, 311, 314, 327, 333, 335, 337, 576, 585, 609, 612, 623, 624, 626, 627, 629, 631, 636, 637, 647, 653, 662, 663, 665, 666, 667, 671, 674, 678, 679, 680, 681, 690, 692, 705, 706, 707, 709, 711, 712, 713, 719, 721, 729, 730, 741, 746, 748, 750, 753, 755, 757, 764, 766, 767, 769, 772, 785, 791]","[84, 87, 89, 114, 115, 117, 124, 132, 135, 144, 152, 178, 239, 268, 281, 297, 318, 320, 325, 327, 348, 394, 555, 558, 560, 585, 586, 588, 595, 603, 606, 615, 623, 649, 703, 727, 740, 756, 776, 778, 783, 785, 803, 844]",[],0/6 successful match,False,,False,395,False,,0.48823529411764705,True,Witham Truck Stop ( 76 ),
Medford ( 97504 ) Pacific Truck Center ( 76 ),2 541-779-0792 I-5 Exit 30,<U+25A1>,Medford,97504,Pacific Truck Center ( 76 ),541-779-0792,2015,Medford,OR,,,I-5 Exit 30,Exit,30,False,,False,I-5,,,,,[],[],[],"[119, 590]",[],"[105, 114, 138, 141, 152, 153, 154, 155, 157, 159, 164, 165, 176, 182, 191, 192, 194, 195, 196, 200, 204, 208, 209, 210, 211, 215, 226, 228, 241, 242, 243, 245, 248, 249, 250, 257, 261, 270, 271, 282, 287, 289, 291, 294, 296, 298, 306, 308, 309, 311, 314, 327, 333, 335, 337, 576, 585, 609, 612, 623, 624, 626, 627, 629, 631, 636, 637, 647, 653, 662, 663, 665, 666, 667, 671, 674, 678, 679, 680, 681, 690, 692, 705, 706, 707, 709, 711, 712, 713, 719, 721, 729, 730, 741, 746, 748, 750, 753, 755, 757, 764, 766, 767, 769, 772, 785, 791]",[],"[84, 87, 89, 114, 115, 117, 124, 132, 135, 144, 152, 178, 239, 268, 281, 297, 318, 320, 325, 327, 348, 394, 555, 558, 560, 585, 586, 588, 595, 603, 606, 615, 623, 649, 703, 727, 740, 756, 776, 778, 783, 785, 803, 844]","[555, 558, 560, 576, 585, 586, 588, 590, 595, 84, 87, 89, 603, 606, 609, 612, 615, 105, 623, 624, 114, 626, 627, 629, 115, 631, 119, 117, 636, 637, 124, 132, 647, 135, 649, 138, 141, 653, 144, 662, 663, 152, 153, 154, 667, 155, 157, 665, 159, 666, 671, 674, 164, 165, 678, 679, 680, 681, 176, 690, 178, 692, 182, 191, 192, 705, 194, 195, 196, 706, 707, 709, 200, 711, 712, 713, 204, 719, 208, 209, 210, 211, 721, 215, 727, 729, 730, 226, 228, 741, 740, 746, 748, 750, 239, 241, 242, 243, 753, 245, 755, 757, 248, 249, 250, 756, 764, 766, 767, 257, 769, 772, 261, 776, 778, 268, 270, 271, 783, 785, 791, 281, 282, 287, 289, 291, 803, 294, 296, 297, 298, 306, 308, 309, 311, 314, 318, 320, 325, 327, 844, 333, 335, 337, 348, 394, 703]",False,[],[],[],"[119, 590]","[105, 114, 138, 141, 152, 153, 154, 155, 157, 159, 164, 165, 176, 182, 191, 192, 194, 195, 196, 200, 204, 208, 209, 210, 211, 215, 226, 228, 241, 242, 243, 245, 248, 249, 250, 257, 261, 270, 271, 282, 287, 289, 291, 294, 296, 298, 306, 308, 309, 311, 314, 327, 333, 335, 337, 576, 585, 609, 612, 623, 624, 626, 627, 629, 631, 636, 637, 647, 653, 662, 663, 665, 666, 667, 671, 674, 678, 679, 680, 681, 690, 692, 705, 706, 707, 709, 711, 712, 713, 719, 721, 729, 730, 741, 746, 748, 750, 753, 755, 757, 764, 766, 767, 769, 772, 785, 791]","[84, 87, 89, 114, 115, 117, 124, 132, 135, 144, 152, 178, 239, 268, 281, 297, 318, 320, 325, 327, 348, 394, 555, 558, 560, 585, 586, 588, 595, 603, 606, 615, 623, 649, 703, 727, 740, 756, 776, 778, 783, 785, 803, 844]",[],0/6 successful match,False,,False,395,False,,1.0,True,Pacific Truck Center ( 76 ),
Medford ( 97504 ) Pacific Truck Center ( 76 ),541-779-0792 I-5 Exit 30,,Medford,97504,Pacific Truck Center ( 76 ),541-779-0792,2016,Medford,OR,,,I-5 Exit 30,Exit,30,False,,False,I-5,,,,,[],[],[],"[119, 590]",[],"[105, 114, 138, 141, 152, 153, 154, 155, 157, 159, 164, 165, 176, 182, 191, 192, 194, 195, 196, 200, 204, 208, 209, 210, 211, 215, 226, 228, 241, 242, 243, 245, 248, 249, 250, 257, 261, 270, 271, 282, 287, 289, 291, 294, 296, 298, 306, 308, 309, 311, 314, 327, 333, 335, 337, 576, 585, 609, 612, 623, 624, 626, 627, 629, 631, 636, 637, 647, 653, 662, 663, 665, 666, 667, 671, 674, 678, 679, 680, 681, 690, 692, 705, 706, 707, 709, 711, 712, 713, 719, 721, 729, 730, 741, 746, 748, 750, 753, 755, 757, 764, 766, 767, 769, 772, 785, 791]",[],"[84, 87, 89, 114, 115, 117, 124, 132, 135, 144, 152, 178, 239, 268, 281, 297, 318, 320, 325, 327, 348, 394, 555, 558, 560, 585, 586, 588, 595, 603, 606, 615, 623, 649, 703, 727, 740, 756, 776, 778, 783, 785, 803, 844]","[555, 558, 560, 576, 585, 586, 588, 590, 595, 84, 87, 89, 603, 606, 609, 612, 615, 105, 623, 624, 114, 626, 627, 629, 115, 631, 119, 117, 636, 637, 124, 132, 647, 135, 649, 138, 141, 653, 144, 662, 663, 152, 153, 154, 667, 155, 157, 665, 159, 666, 671, 674, 164, 165, 678, 679, 680, 681, 176, 690, 178, 692, 182, 191, 192, 705, 194, 195, 196, 706, 707, 709, 200, 711, 712, 713, 204, 719, 208, 209, 210, 211, 721, 215, 727, 729, 730, 226, 228, 741, 740, 746, 748, 750, 239, 241, 242, 243, 753, 245, 755, 757, 248, 249, 250, 756, 764, 766, 767, 257, 769, 772, 261, 776, 778, 268, 270, 271, 783, 785, 791, 281, 282, 287, 289, 291, 803, 294, 296, 297, 298, 306, 308, 309, 311, 314, 318, 320, 325, 327, 844, 333, 335, 337, 348, 394, 703]",False,[],[],[],"[119, 590]","[105, 114, 138, 141, 152, 153, 154, 155, 157, 159, 164, 165, 176, 182, 191, 192, 194, 195, 196, 200, 204, 208, 209, 210, 211, 215, 226, 228, 241, 242, 243, 245, 248, 249, 250, 257, 261, 270, 271, 282, 287, 289, 291, 294, 296, 298, 306, 308, 309, 311, 314, 327, 333, 335, 337, 576, 585, 609, 612, 623, 624, 626, 627, 629, 631, 636, 637, 647, 653, 662, 663, 665, 666, 667, 671, 674, 678, 679, 680, 681, 690, 692, 705, 706, 707, 709, 711, 712, 713, 719, 721, 729, 730, 741, 746, 748, 750, 753, 755, 757, 764, 766, 767, 769, 772, 785, 791]","[84, 87, 89, 114, 115, 117, 124, 132, 135, 144, 152, 178, 239, 268, 281, 297, 318, 320, 325, 327, 348, 394, 555, 558, 560, 585, 586, 588, 595, 603, 606, 615, 623, 649, 703, 727, 740, 756, 776, 778, 783, 785, 803, 844]",[],0/6 successful match,False,,False,395,False,,1.0,True,Pacific Truck Center ( 76 ),
"Worden , 97603 Worden Truck Stop",541-273-6216 19777 US 97 S ( 3 mi N of CA border ),,Worden,97603,Worden Truck Stop,541-273-6216,2006,Klamath Falls,OR,,( 3 mi N of CA border ),19777 US 97 S,Proper,,False,,False,US 97,,,,,[],[],[],[],[],[],[],[],[],False,[],[],[],[],[],[],[],0/6 successful match,False,,False,396,False,,,,,
"Worden , 97603 Worden Truck Stop",541-273-6216 19777 US 97 S ( 3 mi N of CA border ),) M,Worden,97603,Worden Truck Stop,541-273-6216,2007,Klamath Falls,OR,,( 3 mi N of CA border ),19777 US 97 S,Proper,,False,,False,US 97,,,,,[],[],[],[],[],[],[],[],[],False,[],[],[],[],[],[],[],0/6 successful match,False,,False,396,False,,0.8999999999999999,True,Worden Truck Stop,
"Worden , 97603 Worden Truck Stop",541-273-6216 19777 US 97 S ( 3 mi N of CA border ),) M,Worden,97603,Worden Truck Stop,541-273-6216,2008,Klamath Falls,OR,,( 3 mi N of CA border ),19777 US 97 S,Proper,,False,,False,US 97,,,,,[],[],[],[],[],[],[],[],[],False,[],[],[],[],[],[],[],0/6 successful match,False,,False,396,False,,0.8999999999999999,True,Worden Truck Stop,
G Worden ( 97603 ) Worden Truck Stop,541-273-6216 19777 US 97 S ( 5 mi N of CA border ),),Worden,97603,Worden Truck Stop,541-273-6216,2014,Klamath Falls,OR,,( 5 mi N of CA border ),19777 US 97 S,Proper,,False,,False,US 97,,,,,[],[],[],[],[],[],[],[],[],False,[],[],[],[],[],[],[],0/6 successful match,False,,False,396,False,,0.8999999999999999,True,Worden Truck Stop,
Worden ( 97603 ) Worden Truck Stop,541-273-6216 19777 US 97 S ( 5 mi N of CA border ),M,Worden,97603,Worden Truck Stop,541-273-6216,2015,Klamath Falls,OR,,( 5 mi N of CA border ),19777 US 97 S,Proper,,False,,False,US 97,,,,,[],[],[],[],[],[],[],[],[],False,[],[],[],[],[],[],[],0/6 successful match,False,,False,396,False,,0.8999999999999999,True,Worden Truck Stop,
G Worden ( 97603 ) Worden Truck Stop,541-273-6216 19777 US 97 S ( 5 mi N of CA border ),<U+2610> <U+2610> D,Worden,97603,Worden Truck Stop,541-273-6216,2016,Klamath Falls,OR,,( 5 mi N of CA border ),19777 US 97 S,Proper,,False,,False,US 97,,,,,[],[],[],[],[],[],[],[],[],False,[],[],[],[],[],[],[],0/6 successful match,False,,False,396,False,,0.8999999999999999,True,Worden Truck Stop,
"Culver , 97734 Culver Shell",541-546-6603 Hwy 361,HRS 24,Culver,97734,Culver Shell,541-546-6603,2006,Culver,OR,Shell,,Hwy 361,empty,,False,,False,Hwy 361,,,,,[],[],[],[],[],[],"[1, 13, 14, 29, 54, 55, 56, 57, 58, 60, 102, 118, 125, 127, 130, 134, 146, 149, 153, 175, 182, 187, 189, 191, 197, 225, 230, 238, 264, 265, 266, 286, 302, 317, 336, 379, 388, 389, 425, 454, 458, 463, 475, 487, 498, 499, 512, 530, 531, 532, 533, 534, 536, 573, 589, 596, 598, 601, 605, 617, 620, 624, 646, 653, 658, 660, 662, 668, 689, 694, 702, 724, 725, 745, 760, 775, 793, 829, 838, 839, 877, 901, 903, 905, 910, 923]","[1, 13, 14, 29, 54, 55, 56, 57, 58, 60, 102, 118, 125, 127, 130, 134, 146, 149, 153, 175, 182, 187, 189, 191, 197, 225, 230, 238, 264, 265, 266, 286, 302, 317, 336, 354, 379, 388, 389, 425, 454, 458, 463, 475, 487, 498, 499, 512, 530, 531, 532, 533, 534, 536, 573, 589, 596, 598, 601, 605, 617, 620, 624, 646, 653, 658, 660, 662, 668, 689, 694, 702, 724, 725, 745, 760, 775, 793, 809, 829, 838, 839, 877, 901, 903, 905, 910, 923]","[512, 1, 13, 14, 530, 531, 532, 533, 534, 536, 29, 54, 55, 56, 57, 58, 60, 573, 589, 596, 598, 601, 605, 102, 617, 620, 624, 118, 125, 127, 130, 134, 646, 653, 146, 658, 660, 149, 662, 153, 668, 175, 689, 694, 182, 187, 189, 702, 191, 197, 724, 725, 225, 230, 745, 238, 760, 775, 264, 265, 266, 793, 286, 809, 302, 317, 829, 838, 839, 336, 354, 877, 379, 388, 389, 901, 903, 905, 910, 923, 425, 454, 458, 463, 475, 487, 498, 499]",False,[],[],[],[],[],"[1, 13, 14, 29, 54, 55, 56, 57, 58, 60, 102, 118, 125, 127, 130, 134, 146, 149, 153, 175, 182, 187, 189, 191, 197, 225, 230, 238, 264, 265, 266, 286, 302, 317, 336, 354, 379, 388, 389, 425, 454, 458, 463, 475, 487, 498, 499, 512, 530, 531, 532, 533, 534, 536, 573, 589, 596, 598, 601, 605, 617, 620, 624, 646, 653, 658, 660, 662, 668, 689, 694, 702, 724, 725, 745, 760, 775, 793, 809, 829, 838, 839, 877, 901, 903, 905, 910, 923]","[1, 13, 14, 29, 54, 55, 56, 57, 58, 60, 102, 118, 125, 127, 130, 134, 146, 149, 153, 175, 182, 187, 189, 191, 197, 225, 230, 238, 264, 265, 266, 286, 302, 317, 336, 379, 388, 389, 425, 454, 458, 463, 475, 487, 498, 499, 512, 530, 531, 532, 533, 534, 536, 573, 589, 596, 598, 601, 605, 617, 620, 624, 646, 653, 658, 660, 662, 668, 689, 694, 702, 724, 725, 745, 760, 775, 793, 829, 838, 839, 877, 901, 903, 905, 910, 923]",0/6 successful match,False,,False,397,False,,,,,
"Culver , 97734 Culver Shell",541-546-6603 Hwy 361,289 S O D,Culver,97734,Culver Shell,541-546-6603,2007,Culver,OR,Shell,,Hwy 361,empty,,False,,False,Hwy 361,,,,,[],[],[],[],[],[],"[1, 13, 14, 29, 54, 55, 56, 57, 58, 60, 102, 118, 125, 127, 130, 134, 146, 149, 153, 175, 182, 187, 189, 191, 197, 225, 230, 238, 264, 265, 266, 286, 302, 317, 336, 379, 388, 389, 425, 454, 458, 463, 475, 487, 498, 499, 512, 530, 531, 532, 533, 534, 536, 573, 589, 596, 598, 601, 605, 617, 620, 624, 646, 653, 658, 660, 662, 668, 689, 694, 702, 724, 725, 745, 760, 775, 793, 829, 838, 839, 877, 901, 903, 905, 910, 923]","[1, 13, 14, 29, 54, 55, 56, 57, 58, 60, 102, 118, 125, 127, 130, 134, 146, 149, 153, 175, 182, 187, 189, 191, 197, 225, 230, 238, 264, 265, 266, 286, 302, 317, 336, 354, 379, 388, 389, 425, 454, 458, 463, 475, 487, 498, 499, 512, 530, 531, 532, 533, 534, 536, 573, 589, 596, 598, 601, 605, 617, 620, 624, 646, 653, 658, 660, 662, 668, 689, 694, 702, 724, 725, 745, 760, 775, 793, 809, 829, 838, 839, 877, 901, 903, 905, 910, 923]","[512, 1, 13, 14, 530, 531, 532, 533, 534, 536, 29, 54, 55, 56, 57, 58, 60, 573, 589, 596, 598, 601, 605, 102, 617, 620, 624, 118, 125, 127, 130, 134, 646, 653, 146, 658, 660, 149, 662, 153, 668, 175, 689, 694, 182, 187, 189, 702, 191, 197, 724, 725, 225, 230, 745, 238, 760, 775, 264, 265, 266, 793, 286, 809, 302, 317, 829, 838, 839, 336, 354, 877, 379, 388, 389, 901, 903, 905, 910, 923, 425, 454, 458, 463, 475, 487, 498, 499]",False,[],[],[],[],[],"[1, 13, 14, 29, 54, 55, 56, 57, 58, 60, 102, 118, 125, 127, 130, 134, 146, 149, 153, 175, 182, 187, 189, 191, 197, 225, 230, 238, 264, 265, 266, 286, 302, 317, 336, 354, 379, 388, 389, 425, 454, 458, 463, 475, 487, 498, 499, 512, 530, 531, 532, 533, 534, 536, 573, 589, 596, 598, 601, 605, 617, 620, 624, 646, 653, 658, 660, 662, 668, 689, 694, 702, 724, 725, 745, 760, 775, 793, 809, 829, 838, 839, 877, 901, 903, 905, 910, 923]","[1, 13, 14, 29, 54, 55, 56, 57, 58, 60, 102, 118, 125, 127, 130, 134, 146, 149, 153, 175, 182, 187, 189, 191, 197, 225, 230, 238, 264, 265, 266, 286, 302, 317, 336, 379, 388, 389, 425, 454, 458, 463, 475, 487, 498, 499, 512, 530, 531, 532, 533, 534, 536, 573, 589, 596, 598, 601, 605, 617, 620, 624, 646, 653, 658, 660, 662, 668, 689, 694, 702, 724, 725, 745, 760, 775, 793, 829, 838, 839, 877, 901, 903, 905, 910, 923]",0/6 successful match,False,,False,397,False,,1.0,True,Culver Shell,Shell
"Culver , 97734 Culver Shell",541-546-6603 Hwy 361,M <U+2610> <U+2610> <U+2610>,Culver,97734,Culver Shell,541-546-6603,2008,Culver,OR,Shell,,Hwy 361,empty,,False,,False,Hwy 361,,,,,[],[],[],[],[],[],"[1, 13, 14, 29, 54, 55, 56, 57, 58, 60, 102, 118, 125, 127, 130, 134, 146, 149, 153, 175, 182, 187, 189, 191, 197, 225, 230, 238, 264, 265, 266, 286, 302, 317, 336, 379, 388, 389, 425, 454, 458, 463, 475, 487, 498, 499, 512, 530, 531, 532, 533, 534, 536, 573, 589, 596, 598, 601, 605, 617, 620, 624, 646, 653, 658, 660, 662, 668, 689, 694, 702, 724, 725, 745, 760, 775, 793, 829, 838, 839, 877, 901, 903, 905, 910, 923]","[1, 13, 14, 29, 54, 55, 56, 57, 58, 60, 102, 118, 125, 127, 130, 134, 146, 149, 153, 175, 182, 187, 189, 191, 197, 225, 230, 238, 264, 265, 266, 286, 302, 317, 336, 354, 379, 388, 389, 425, 454, 458, 463, 475, 487, 498, 499, 512, 530, 531, 532, 533, 534, 536, 573, 589, 596, 598, 601, 605, 617, 620, 624, 646, 653, 658, 660, 662, 668, 689, 694, 702, 724, 725, 745, 760, 775, 793, 809, 829, 838, 839, 877, 901, 903, 905, 910, 923]","[512, 1, 13, 14, 530, 531, 532, 533, 534, 536, 29, 54, 55, 56, 57, 58, 60, 573, 589, 596, 598, 601, 605, 102, 617, 620, 624, 118, 125, 127, 130, 134, 646, 653, 146, 658, 660, 149, 662, 153, 668, 175, 689, 694, 182, 187, 189, 702, 191, 197, 724, 725, 225, 230, 745, 238, 760, 775, 264, 265, 266, 793, 286, 809, 302, 317, 829, 838, 839, 336, 354, 877, 379, 388, 389, 901, 903, 905, 910, 923, 425, 454, 458, 463, 475, 487, 498, 499]",False,[],[],[],[],[],"[1, 13, 14, 29, 54, 55, 56, 57, 58, 60, 102, 118, 125, 127, 130, 134, 146, 149, 153, 175, 182, 187, 189, 191, 197, 225, 230, 238, 264, 265, 266, 286, 302, 317, 336, 354, 379, 388, 389, 425, 454, 458, 463, 475, 487, 498, 499, 512, 530, 531, 532, 533, 534, 536, 573, 589, 596, 598, 601, 605, 617, 620, 624, 646, 653, 658, 660, 662, 668, 689, 694, 702, 724, 725, 745, 760, 775, 793, 809, 829, 838, 839, 877, 901, 903, 905, 910, 923]","[1, 13, 14, 29, 54, 55, 56, 57, 58, 60, 102, 118, 125, 127, 130, 134, 146, 149, 153, 175, 182, 187, 189, 191, 197, 225, 230, 238, 264, 265, 266, 286, 302, 317, 336, 379, 388, 389, 425, 454, 458, 463, 475, 487, 498, 499, 512, 530, 531, 532, 533, 534, 536, 573, 589, 596, 598, 601, 605, 617, 620, 624, 646, 653, 658, 660, 662, 668, 689, 694, 702, 724, 725, 745, 760, 775, 793, 829, 838, 839, 877, 901, 903, 905, 910, 923]",0/6 successful match,False,,False,397,False,,1.0,True,Culver Shell,Shell
Culver ( 97734 ) Culver Shell,541-546-6603 603 1st St ( in town ),<U+2610> M <U+25A1> <U+2610>,Culver,97734,Culver Shell,541-546-6603,2014,Culver,OR,Shell,( in town ),603 1st St,Proper,,False,,False,1st St,,,,,[],[],[],[],[],"[117, 256, 264, 385, 388, 409, 588, 718, 724, 835, 838, 859]","[1, 13, 14, 29, 54, 55, 56, 57, 58, 60, 102, 118, 125, 127, 130, 134, 146, 149, 153, 175, 182, 187, 189, 191, 197, 225, 230, 238, 264, 265, 266, 286, 302, 317, 336, 379, 388, 389, 425, 454, 458, 463, 475, 487, 498, 499, 512, 530, 531, 532, 533, 534, 536, 573, 589, 596, 598, 601, 605, 617, 620, 624, 646, 653, 658, 660, 662, 668, 689, 694, 702, 724, 725, 745, 760, 775, 793, 829, 838, 839, 877, 901, 903, 905, 910, 923]","[1, 13, 14, 29, 54, 55, 56, 57, 58, 60, 102, 118, 125, 127, 130, 134, 146, 149, 153, 175, 182, 187, 189, 191, 197, 225, 230, 238, 264, 265, 266, 286, 302, 317, 336, 354, 379, 388, 389, 425, 454, 458, 463, 475, 487, 498, 499, 512, 530, 531, 532, 533, 534, 536, 573, 589, 596, 598, 601, 605, 617, 620, 624, 646, 653, 658, 660, 662, 668, 689, 694, 702, 724, 725, 745, 760, 775, 793, 809, 829, 838, 839, 877, 901, 903, 905, 910, 923]","[512, 1, 13, 14, 530, 531, 532, 533, 534, 536, 29, 54, 55, 56, 57, 58, 60, 573, 588, 589, 596, 598, 601, 605, 102, 617, 620, 624, 117, 118, 125, 127, 130, 134, 646, 653, 146, 658, 660, 149, 662, 153, 668, 175, 689, 182, 694, 187, 189, 702, 191, 197, 718, 724, 725, 225, 230, 745, 238, 760, 256, 775, 264, 265, 266, 793, 286, 809, 302, 317, 829, 835, 838, 839, 336, 859, 354, 877, 379, 385, 388, 389, 901, 903, 905, 910, 409, 923, 425, 454, 458, 463, 475, 487, 498, 499]",False,[],[],[],[],"[117, 256, 264, 385, 388, 409, 588, 718, 724, 835, 838, 859]","[1, 13, 14, 29, 54, 55, 56, 57, 58, 60, 102, 118, 125, 127, 130, 134, 146, 149, 153, 175, 182, 187, 189, 191, 197, 225, 230, 238, 264, 265, 266, 286, 302, 317, 336, 354, 379, 388, 389, 425, 454, 458, 463, 475, 487, 498, 499, 512, 530, 531, 532, 533, 534, 536, 573, 589, 596, 598, 601, 605, 617, 620, 624, 646, 653, 658, 660, 662, 668, 689, 694, 702, 724, 725, 745, 760, 775, 793, 809, 829, 838, 839, 877, 901, 903, 905, 910, 923]","[1, 13, 14, 29, 54, 55, 56, 57, 58, 60, 102, 118, 125, 127, 130, 134, 146, 149, 153, 175, 182, 187, 189, 191, 197, 225, 230, 238, 264, 265, 266, 286, 302, 317, 336, 379, 388, 389, 425, 454, 458, 463, 475, 487, 498, 499, 512, 530, 531, 532, 533, 534, 536, 573, 589, 596, 598, 601, 605, 617, 620, 624, 646, 653, 658, 660, 662, 668, 689, 694, 702, 724, 725, 745, 760, 775, 793, 829, 838, 839, 877, 901, 903, 905, 910, 923]",0/6 successful match,False,,False,397,False,,1.0,True,Culver Shell,Shell
Culver ( 97734 ) Culver Shell,4 541-546-6603 603 1st St ( in town ),M <U+2610> 0,Culver,97734,Culver Shell,541-546-6603,2015,Culver,OR,Shell,( in town ),603 1st St,Proper,,False,,False,1st St,,,,,[],[],[],[],[],"[117, 256, 264, 385, 388, 409, 588, 718, 724, 835, 838, 859]","[1, 13, 14, 29, 54, 55, 56, 57, 58, 60, 102, 118, 125, 127, 130, 134, 146, 149, 153, 175, 182, 187, 189, 191, 197, 225, 230, 238, 264, 265, 266, 286, 302, 317, 336, 379, 388, 389, 425, 454, 458, 463, 475, 487, 498, 499, 512, 530, 531, 532, 533, 534, 536, 573, 589, 596, 598, 601, 605, 617, 620, 624, 646, 653, 658, 660, 662, 668, 689, 694, 702, 724, 725, 745, 760, 775, 793, 829, 838, 839, 877, 901, 903, 905, 910, 923]","[1, 13, 14, 29, 54, 55, 56, 57, 58, 60, 102, 118, 125, 127, 130, 134, 146, 149, 153, 175, 182, 187, 189, 191, 197, 225, 230, 238, 264, 265, 266, 286, 302, 317, 336, 354, 379, 388, 389, 425, 454, 458, 463, 475, 487, 498, 499, 512, 530, 531, 532, 533, 534, 536, 573, 589, 596, 598, 601, 605, 617, 620, 624, 646, 653, 658, 660, 662, 668, 689, 694, 702, 724, 725, 745, 760, 775, 793, 809, 829, 838, 839, 877, 901, 903, 905, 910, 923]","[512, 1, 13, 14, 530, 531, 532, 533, 534, 536, 29, 54, 55, 56, 57, 58, 60, 573, 588, 589, 596, 598, 601, 605, 102, 617, 620, 624, 117, 118, 125, 127, 130, 134, 646, 653, 146, 658, 660, 149, 662, 153, 668, 175, 689, 182, 694, 187, 189, 702, 191, 197, 718, 724, 725, 225, 230, 745, 238, 760, 256, 775, 264, 265, 266, 793, 286, 809, 302, 317, 829, 835, 838, 839, 336, 859, 354, 877, 379, 385, 388, 389, 901, 903, 905, 910, 409, 923, 425, 454, 458, 463, 475, 487, 498, 499]",False,[],[],[],[],"[117, 256, 264, 385, 388, 409, 588, 718, 724, 835, 838, 859]","[1, 13, 14, 29, 54, 55, 56, 57, 58, 60, 102, 118, 125, 127, 130, 134, 146, 149, 153, 175, 182, 187, 189, 191, 197, 225, 230, 238, 264, 265, 266, 286, 302, 317, 336, 354, 379, 388, 389, 425, 454, 458, 463, 475, 487, 498, 499, 512, 530, 531, 532, 533, 534, 536, 573, 589, 596, 598, 601, 605, 617, 620, 624, 646, 653, 658, 660, 662, 668, 689, 694, 702, 724, 725, 745, 760, 775, 793, 809, 829, 838, 839, 877, 901, 903, 905, 910, 923]","[1, 13, 14, 29, 54, 55, 56, 57, 58, 60, 102, 118, 125, 127, 130, 134, 146, 149, 153, 175, 182, 187, 189, 191, 197, 225, 230, 238, 264, 265, 266, 286, 302, 317, 336, 379, 388, 389, 425, 454, 458, 463, 475, 487, 498, 499, 512, 530, 531, 532, 533, 534, 536, 573, 589, 596, 598, 601, 605, 617, 620, 624, 646, 653, 658, 660, 662, 668, 689, 694, 702, 724, 725, 745, 760, 775, 793, 829, 838, 839, 877, 901, 903, 905, 910, 923]",0/6 successful match,False,,False,397,False,,1.0,True,Culver Shell,Shell
Culver ( 97734 ) Culver Shell,541-546-6603 603 1st St ( in town ),M,Culver,97734,Culver Shell,541-546-6603,2016,Culver,OR,Shell,( in town ),603 1st St,Proper,,False,,False,1st St,,,,,[],[],[],[],[],"[117, 256, 264, 385, 388, 409, 588, 718, 724, 835, 838, 859]","[1, 13, 14, 29, 54, 55, 56, 57, 58, 60, 102, 118, 125, 127, 130, 134, 146, 149, 153, 175, 182, 187, 189, 191, 197, 225, 230, 238, 264, 265, 266, 286, 302, 317, 336, 379, 388, 389, 425, 454, 458, 463, 475, 487, 498, 499, 512, 530, 531, 532, 533, 534, 536, 573, 589, 596, 598, 601, 605, 617, 620, 624, 646, 653, 658, 660, 662, 668, 689, 694, 702, 724, 725, 745, 760, 775, 793, 829, 838, 839, 877, 901, 903, 905, 910, 923]","[1, 13, 14, 29, 54, 55, 56, 57, 58, 60, 102, 118, 125, 127, 130, 134, 146, 149, 153, 175, 182, 187, 189, 191, 197, 225, 230, 238, 264, 265, 266, 286, 302, 317, 336, 354, 379, 388, 389, 425, 454, 458, 463, 475, 487, 498, 499, 512, 530, 531, 532, 533, 534, 536, 573, 589, 596, 598, 601, 605, 617, 620, 624, 646, 653, 658, 660, 662, 668, 689, 694, 702, 724, 725, 745, 760, 775, 793, 809, 829, 838, 839, 877, 901, 903, 905, 910, 923]","[512, 1, 13, 14, 530, 531, 532, 533, 534, 536, 29, 54, 55, 56, 57, 58, 60, 573, 588, 589, 596, 598, 601, 605, 102, 617, 620, 624, 117, 118, 125, 127, 130, 134, 646, 653, 146, 658, 660, 149, 662, 153, 668, 175, 689, 182, 694, 187, 189, 702, 191, 197, 718, 724, 725, 225, 230, 745, 238, 760, 256, 775, 264, 265, 266, 793, 286, 809, 302, 317, 829, 835, 838, 839, 336, 859, 354, 877, 379, 385, 388, 389, 901, 903, 905, 910, 409, 923, 425, 454, 458, 463, 475, 487, 498, 499]",False,[],[],[],[],"[117, 256, 264, 385, 388, 409, 588, 718, 724, 835, 838, 859]","[1, 13, 14, 29, 54, 55, 56, 57, 58, 60, 102, 118, 125, 127, 130, 134, 146, 149, 153, 175, 182, 187, 189, 191, 197, 225, 230, 238, 264, 265, 266, 286, 302, 317, 336, 354, 379, 388, 389, 425, 454, 458, 463, 475, 487, 498, 499, 512, 530, 531, 532, 533, 534, 536, 573, 589, 596, 598, 601, 605, 617, 620, 624, 646, 653, 658, 660, 662, 668, 689, 694, 702, 724, 725, 745, 760, 775, 793, 809, 829, 838, 839, 877, 901, 903, 905, 910, 923]","[1, 13, 14, 29, 54, 55, 56, 57, 58, 60, 102, 118, 125, 127, 130, 134, 146, 149, 153, 175, 182, 187, 189, 191, 197, 225, 230, 238, 264, 265, 266, 286, 302, 317, 336, 379, 388, 389, 425, 454, 458, 463, 475, 487, 498, 499, 512, 530, 531, 532, 533, 534, 536, 573, 589, 596, 598, 601, 605, 617, 620, 624, 646, 653, 658, 660, 662, 668, 689, 694, 702, 724, 725, 745, 760, 775, 793, 829, 838, 839, 877, 901, 903, 905, 910, 923]",0/6 successful match,False,,False,397,False,,1.0,True,Culver Shell,Shell
"Hines , 97738 Eddie's Truck & Auto Center",541-573-2639 US 20-395 MM 128.5,FRS 24 24 HRS M L 2400,Hines,97738,Eddie's Truck & Auto Center,541-573-2639,2006,Hines,OR,,,US 20-395 MM 128.5,empty,,False,,False,US 20-395,,,,,[],[],[],[],[],"[104, 122, 130, 171, 179, 184, 187, 238, 248, 251, 258, 301, 350, 362, 395, 397, 433, 575, 593, 601, 642, 650, 655, 658, 702, 711, 714, 720, 805, 815, 845, 847, 885]",[],[],"[130, 258, 642, 650, 395, 397, 655, 658, 805, 171, 301, 815, 433, 179, 184, 187, 702, 575, 711, 714, 845, 847, 720, 593, 601, 350, 104, 362, 238, 885, 248, 122, 251]",False,[],[],[],[],"[104, 122, 130, 171, 179, 184, 187, 238, 248, 251, 258, 301, 350, 362, 395, 397, 433, 575, 593, 601, 642, 650, 655, 658, 702, 711, 714, 720, 805, 815, 845, 847, 885]",[],[],0/6 successful match,False,,False,398,False,,,,,
"Hines , 97738 Eddie's Truck & Auto Center",541-573-2639 US 20-395 MM 128.5,24 HRS 24 48,Hines,97738,Eddie's Truck & Auto Center,541-573-2639,2007,Hines,OR,,,US 20-395 MM 128.5,empty,,False,,False,US 20-395,,,,,[],[],[],[],[],"[104, 122, 130, 171, 179, 184, 187, 238, 248, 251, 258, 301, 350, 362, 395, 397, 433, 575, 593, 601, 642, 650, 655, 658, 702, 711, 714, 720, 805, 815, 845, 847, 885]",[],[],"[130, 258, 642, 650, 395, 397, 655, 658, 805, 171, 301, 815, 433, 179, 184, 187, 702, 575, 711, 714, 845, 847, 720, 593, 601, 350, 104, 362, 238, 885, 248, 122, 251]",False,[],[],[],[],"[104, 122, 130, 171, 179, 184, 187, 238, 248, 251, 258, 301, 350, 362, 395, 397, 433, 575, 593, 601, 642, 650, 655, 658, 702, 711, 714, 720, 805, 815, 845, 847, 885]",[],[],0/6 successful match,False,,False,398,False,,1.0,True,Eddie's Truck & Auto Center,
"Hines , 97738 Eddie's Truck & Auto Center",541-573-2639 US 20-395 MM 128.5,<U+2610> M <U+25A1> <U+2610><U+2610> <U+2610> <U+2610>,Hines,97738,Eddie's Truck & Auto Center,541-573-2639,2008,Hines,OR,,,US 20-395 MM 128.5,empty,,False,,False,US 20-395,,,,,[],[],[],[],[],"[104, 122, 130, 171, 179, 184, 187, 238, 248, 251, 258, 301, 350, 362, 395, 397, 433, 575, 593, 601, 642, 650, 655, 658, 702, 711, 714, 720, 805, 815, 845, 847, 885]",[],[],"[130, 258, 642, 650, 395, 397, 655, 658, 805, 171, 301, 815, 433, 179, 184, 187, 702, 575, 711, 714, 845, 847, 720, 593, 601, 350, 104, 362, 238, 885, 248, 122, 251]",False,[],[],[],[],"[104, 122, 130, 171, 179, 184, 187, 238, 248, 251, 258, 301, 350, 362, 395, 397, 433, 575, 593, 601, 642, 650, 655, 658, 702, 711, 714, 720, 805, 815, 845, 847, 885]",[],[],0/6 successful match,False,,False,398,False,,1.0,True,Eddie's Truck & Auto Center,
Hines ( 97738 ) Eddie's Truck & Auto Center,541-573-2639 12846 US 20-395 S,M <U+2610> <U+2610>,Hines,97738,Eddie's Truck & Auto Center,541-573-2639,2014,Hines,OR,,,12846 US 20-395 S,Proper,,False,,False,US 20-395,,,,,[],[],[],[],[],"[104, 122, 130, 171, 179, 184, 187, 238, 248, 251, 258, 301, 350, 362, 395, 397, 433, 575, 593, 601, 642, 650, 655, 658, 702, 711, 714, 720, 805, 815, 845, 847, 885]",[],[],"[130, 258, 642, 650, 395, 397, 655, 658, 805, 171, 301, 815, 433, 179, 184, 187, 702, 575, 711, 714, 845, 847, 720, 593, 601, 350, 104, 362, 238, 885, 248, 122, 251]",False,[],[],[],[],"[104, 122, 130, 171, 179, 184, 187, 238, 248, 251, 258, 301, 350, 362, 395, 397, 433, 575, 593, 601, 642, 650, 655, 658, 702, 711, 714, 720, 805, 815, 845, 847, 885]",[],[],0/6 successful match,False,,False,398,False,,1.0,True,Eddie's Truck & Auto Center,
"Hines ( 97738 ) 1202 Eddie's US Truck 20-395 & Auto N Center ( Chevron ) ,",541-573-2639 12846 US 20-395 S,"M <U+2610> """,Hines,97738,"1202 Eddie's US Truck 20-395 & Auto N Center ( Chevron ) ,",541-573-2639,2015,Hines,OR,Chevron,,12846 US 20-395 S,Proper,,False,,False,US 20-395,,,,,[],[],[],[],[],"[104, 122, 130, 171, 179, 184, 187, 238, 248, 251, 258, 301, 350, 362, 395, 397, 433, 575, 593, 601, 642, 650, 655, 658, 702, 711, 714, 720, 805, 815, 845, 847, 885]","[12, 24, 25, 28, 88, 100, 104, 119, 123, 129, 136, 137, 139, 140, 141, 148, 155, 169, 172, 179, 183, 185, 188, 196, 198, 217, 237, 267, 270, 278, 319, 321, 324, 325, 330, 334, 335, 354, 366, 369, 380, 383, 384, 386, 395, 407, 411, 423, 428, 436, 437, 452, 453, 456, 467, 471, 477, 478, 479, 497, 508, 511, 559, 571, 575, 590, 594, 600, 607, 608, 610, 611, 612, 619, 627, 640, 643, 650, 654, 656, 659, 667, 669, 685, 701, 726, 729, 737, 777, 779, 782, 783, 787, 790, 791, 809, 817, 819, 830, 833, 834, 836, 845, 856, 857, 860, 862, 875, 880, 887, 888, 899, 900, 914, 918, 921, 928, 929, 930]","[12, 24, 25, 28, 88, 100, 104, 119, 123, 129, 136, 137, 139, 140, 141, 148, 155, 169, 172, 179, 183, 185, 188, 196, 198, 217, 237, 267, 270, 278, 319, 321, 324, 325, 330, 334, 335, 354, 366, 369, 380, 383, 384, 386, 395, 407, 411, 423, 428, 436, 437, 452, 453, 456, 467, 471, 477, 478, 479, 497, 508, 511, 559, 571, 575, 590, 594, 600, 607, 608, 610, 611, 612, 619, 627, 640, 643, 650, 654, 656, 659, 667, 669, 685, 701, 726, 729, 737, 777, 779, 782, 783, 787, 790, 791, 809, 817, 819, 830, 833, 834, 836, 845, 856, 857, 860, 862, 875, 880, 887, 888, 899, 900, 914, 918, 921, 928, 929, 930]","[12, 24, 25, 28, 559, 571, 575, 590, 593, 594, 88, 601, 600, 607, 608, 610, 611, 100, 612, 104, 619, 627, 119, 122, 123, 640, 129, 130, 642, 643, 136, 137, 650, 139, 140, 141, 654, 655, 656, 658, 659, 148, 155, 667, 669, 169, 171, 172, 685, 179, 183, 184, 185, 187, 188, 701, 702, 196, 198, 711, 714, 720, 726, 217, 729, 737, 237, 238, 248, 251, 258, 777, 267, 779, 270, 782, 783, 787, 278, 790, 791, 805, 809, 301, 815, 817, 819, 830, 319, 321, 833, 834, 324, 325, 836, 330, 845, 334, 847, 335, 856, 857, 860, 350, 862, 354, 362, 875, 366, 880, 369, 885, 887, 888, 380, 383, 384, 386, 899, 900, 395, 397, 914, 918, 407, 921, 411, 928, 929, 930, 423, 428, 433, 436, 437, 452, 453, 456, 467, 471, 477, 478, 479, 497, 508, 511]",False,[],[],[],[],"[104, 122, 130, 171, 179, 184, 187, 238, 248, 251, 258, 301, 350, 362, 395, 397, 433, 575, 593, 601, 642, 650, 655, 658, 702, 711, 714, 720, 805, 815, 845, 847, 885]","[12, 24, 25, 28, 88, 100, 104, 119, 123, 129, 136, 137, 139, 140, 141, 148, 155, 169, 172, 179, 183, 185, 188, 196, 198, 217, 237, 267, 270, 278, 319, 321, 324, 325, 330, 334, 335, 354, 366, 369, 380, 383, 384, 386, 395, 407, 411, 423, 428, 436, 437, 452, 453, 456, 467, 471, 477, 478, 479, 497, 508, 511, 559, 571, 575, 590, 594, 600, 607, 608, 610, 611, 612, 619, 627, 640, 643, 650, 654, 656, 659, 667, 669, 685, 701, 726, 729, 737, 777, 779, 782, 783, 787, 790, 791, 809, 817, 819, 830, 833, 834, 836, 845, 856, 857, 860, 862, 875, 880, 887, 888, 899, 900, 914, 918, 921, 928, 929, 930]","[12, 24, 25, 28, 88, 100, 104, 119, 123, 129, 136, 137, 139, 140, 141, 148, 155, 169, 172, 179, 183, 185, 188, 196, 198, 217, 237, 267, 270, 278, 319, 321, 324, 325, 330, 334, 335, 354, 366, 369, 380, 383, 384, 386, 395, 407, 411, 423, 428, 436, 437, 452, 453, 456, 467, 471, 477, 478, 479, 497, 508, 511, 559, 571, 575, 590, 594, 600, 607, 608, 610, 611, 612, 619, 627, 640, 643, 650, 654, 656, 659, 667, 669, 685, 701, 726, 729, 737, 777, 779, 782, 783, 787, 790, 791, 809, 817, 819, 830, 833, 834, 836, 845, 856, 857, 860, 862, 875, 880, 887, 888, 899, 900, 914, 918, 921, 928, 929, 930]",0/6 successful match,False,,False,398,False,,0.8905882352941177,True,Eddie's Truck & Auto Center,
Hines ( 97738 ) 531 Eddie's US Truck 395 / OR & Auto 20 N Ctr ( Chevron ),541-573-2639 740 US 20-395 S,M <U+25A1>,Hines,97738,531 Eddie's US Truck 395 / OR & Auto 20 N Ctr ( Chevron ),541-573-2639,2016,Hines,OR,Chevron,,740 US 20-395 S,Proper,,False,,False,US 20-395,,,,,[],[],[],[],[],"[104, 122, 130, 171, 179, 184, 187, 238, 248, 251, 258, 301, 350, 362, 395, 397, 433, 575, 593, 601, 642, 650, 655, 658, 702, 711, 714, 720, 805, 815, 845, 847, 885]","[12, 24, 25, 28, 88, 100, 104, 119, 123, 129, 136, 137, 139, 140, 141, 148, 155, 169, 172, 179, 183, 185, 188, 196, 198, 217, 237, 267, 270, 278, 319, 321, 324, 325, 330, 334, 335, 354, 366, 369, 380, 383, 384, 386, 395, 407, 411, 423, 428, 436, 437, 452, 453, 456, 467, 471, 477, 478, 479, 497, 508, 511, 559, 571, 575, 590, 594, 600, 607, 608, 610, 611, 612, 619, 627, 640, 643, 650, 654, 656, 659, 667, 669, 685, 701, 726, 729, 737, 777, 779, 782, 783, 787, 790, 791, 809, 817, 819, 830, 833, 834, 836, 845, 856, 857, 860, 862, 875, 880, 887, 888, 899, 900, 914, 918, 921, 928, 929, 930]","[12, 24, 25, 28, 88, 100, 104, 119, 123, 129, 136, 137, 139, 140, 141, 148, 155, 169, 172, 179, 183, 185, 188, 196, 198, 217, 237, 267, 270, 278, 319, 321, 324, 325, 330, 334, 335, 354, 366, 369, 380, 383, 384, 386, 395, 407, 411, 423, 428, 436, 437, 452, 453, 456, 467, 471, 477, 478, 479, 497, 508, 511, 559, 571, 575, 590, 594, 600, 607, 608, 610, 611, 612, 619, 627, 640, 643, 650, 654, 656, 659, 667, 669, 685, 701, 726, 729, 737, 777, 779, 782, 783, 787, 790, 791, 809, 817, 819, 830, 833, 834, 836, 845, 856, 857, 860, 862, 875, 880, 887, 888, 899, 900, 914, 918, 921, 928, 929, 930]","[12, 24, 25, 28, 559, 571, 575, 590, 593, 594, 88, 601, 600, 607, 608, 610, 611, 100, 612, 104, 619, 627, 119, 122, 123, 640, 129, 130, 642, 643, 136, 137, 650, 139, 140, 141, 654, 655, 656, 658, 659, 148, 155, 667, 669, 169, 171, 172, 685, 179, 183, 184, 185, 187, 188, 701, 702, 196, 198, 711, 714, 720, 726, 217, 729, 737, 237, 238, 248, 251, 258, 777, 267, 779, 270, 782, 783, 787, 278, 790, 791, 805, 809, 301, 815, 817, 819, 830, 319, 321, 833, 834, 324, 325, 836, 330, 845, 334, 847, 335, 856, 857, 860, 350, 862, 354, 362, 875, 366, 880, 369, 885, 887, 888, 380, 383, 384, 386, 899, 900, 395, 397, 914, 918, 407, 921, 411, 928, 929, 930, 423, 428, 433, 436, 437, 452, 453, 456, 467, 471, 477, 478, 479, 497, 508, 511]",False,[],[],[],[],"[104, 122, 130, 171, 179, 184, 187, 238, 248, 251, 258, 301, 350, 362, 395, 397, 433, 575, 593, 601, 642, 650, 655, 658, 702, 711, 714, 720, 805, 815, 845, 847, 885]","[12, 24, 25, 28, 88, 100, 104, 119, 123, 129, 136, 137, 139, 140, 141, 148, 155, 169, 172, 179, 183, 185, 188, 196, 198, 217, 237, 267, 270, 278, 319, 321, 324, 325, 330, 334, 335, 354, 366, 369, 380, 383, 384, 386, 395, 407, 411, 423, 428, 436, 437, 452, 453, 456, 467, 471, 477, 478, 479, 497, 508, 511, 559, 571, 575, 590, 594, 600, 607, 608, 610, 611, 612, 619, 627, 640, 643, 650, 654, 656, 659, 667, 669, 685, 701, 726, 729, 737, 777, 779, 782, 783, 787, 790, 791, 809, 817, 819, 830, 833, 834, 836, 845, 856, 857, 860, 862, 875, 880, 887, 888, 899, 900, 914, 918, 921, 928, 929, 930]","[12, 24, 25, 28, 88, 100, 104, 119, 123, 129, 136, 137, 139, 140, 141, 148, 155, 169, 172, 179, 183, 185, 188, 196, 198, 217, 237, 267, 270, 278, 319, 321, 324, 325, 330, 334, 335, 354, 366, 369, 380, 383, 384, 386, 395, 407, 411, 423, 428, 436, 437, 452, 453, 456, 467, 471, 477, 478, 479, 497, 508, 511, 559, 571, 575, 590, 594, 600, 607, 608, 610, 611, 612, 619, 627, 640, 643, 650, 654, 656, 659, 667, 669, 685, 701, 726, 729, 737, 777, 779, 782, 783, 787, 790, 791, 809, 817, 819, 830, 833, 834, 836, 845, 856, 857, 860, 862, 875, 880, 887, 888, 899, 900, 914, 918, 921, 928, 929, 930]",0/6 successful match,False,,False,398,False,,1.0,True,"1202 Eddie's US Truck 20-395 & Auto N Center ( Chevron ) ,",Chevron
"Hines , 97738 Leather's Shell # 23",541-573-7070 1202 Oregon Avenue,24 HRS L 2400,Hines,97738,Leather's Shell # 23,541-573-7070,2006,Hines,OR,Shell,,1202 Oregon Avenue,Proper,,False,,False,Oregon Avenue,,,,,[],[],[],[],[],[],"[1, 13, 14, 29, 54, 55, 56, 57, 58, 60, 102, 118, 125, 127, 130, 134, 146, 149, 153, 175, 182, 187, 189, 191, 197, 225, 230, 238, 264, 265, 266, 286, 302, 317, 336, 379, 388, 389, 425, 454, 458, 463, 475, 487, 498, 499, 512, 530, 531, 532, 533, 534, 536, 573, 589, 596, 598, 601, 605, 617, 620, 624, 646, 653, 658, 660, 662, 668, 689, 694, 702, 724, 725, 745, 760, 775, 793, 829, 838, 839, 877, 901, 903, 905, 910, 923]","[1, 13, 14, 29, 54, 55, 56, 57, 58, 60, 102, 118, 125, 127, 130, 134, 146, 149, 153, 175, 182, 187, 189, 191, 197, 225, 230, 238, 264, 265, 266, 286, 302, 317, 336, 354, 379, 388, 389, 425, 454, 458, 463, 475, 487, 498, 499, 512, 530, 531, 532, 533, 534, 536, 573, 589, 596, 598, 601, 605, 617, 620, 624, 646, 653, 658, 660, 662, 668, 689, 694, 702, 724, 725, 745, 760, 775, 793, 809, 829, 838, 839, 877, 901, 903, 905, 910, 923]","[512, 1, 13, 14, 530, 531, 532, 533, 534, 536, 29, 54, 55, 56, 57, 58, 60, 573, 589, 596, 598, 601, 605, 102, 617, 620, 624, 118, 125, 127, 130, 134, 646, 653, 146, 658, 660, 149, 662, 153, 668, 175, 689, 694, 182, 187, 189, 702, 191, 197, 724, 725, 225, 230, 745, 238, 760, 775, 264, 265, 266, 793, 286, 809, 302, 317, 829, 838, 839, 336, 354, 877, 379, 388, 389, 901, 903, 905, 910, 923, 425, 454, 458, 463, 475, 487, 498, 499]",False,[],[],[],[],[],"[1, 13, 14, 29, 54, 55, 56, 57, 58, 60, 102, 118, 125, 127, 130, 134, 146, 149, 153, 175, 182, 187, 189, 191, 197, 225, 230, 238, 264, 265, 266, 286, 302, 317, 336, 354, 379, 388, 389, 425, 454, 458, 463, 475, 487, 498, 499, 512, 530, 531, 532, 533, 534, 536, 573, 589, 596, 598, 601, 605, 617, 620, 624, 646, 653, 658, 660, 662, 668, 689, 694, 702, 724, 725, 745, 760, 775, 793, 809, 829, 838, 839, 877, 901, 903, 905, 910, 923]","[1, 13, 14, 29, 54, 55, 56, 57, 58, 60, 102, 118, 125, 127, 130, 134, 146, 149, 153, 175, 182, 187, 189, 191, 197, 225, 230, 238, 264, 265, 266, 286, 302, 317, 336, 379, 388, 389, 425, 454, 458, 463, 475, 487, 498, 499, 512, 530, 531, 532, 533, 534, 536, 573, 589, 596, 598, 601, 605, 617, 620, 624, 646, 653, 658, 660, 662, 668, 689, 694, 702, 724, 725, 745, 760, 775, 793, 829, 838, 839, 877, 901, 903, 905, 910, 923]",0/6 successful match,False,,False,399,False,,,,,
"Hines , 97738 Leather's Shell # 23",541-573-7070 1202 US 20-395 N,24 24 HRS,Hines,97738,Leather's Shell # 23,541-573-7070,2007,Hines,OR,Shell,,1202 US 20-395 N,Proper,,False,,False,US 20-395,,,,,[],[],[],[],[],"[104, 122, 130, 171, 179, 184, 187, 238, 248, 251, 258, 301, 350, 362, 395, 397, 433, 575, 593, 601, 642, 650, 655, 658, 702, 711, 714, 720, 805, 815, 845, 847, 885]","[1, 13, 14, 29, 54, 55, 56, 57, 58, 60, 102, 118, 125, 127, 130, 134, 146, 149, 153, 175, 182, 187, 189, 191, 197, 225, 230, 238, 264, 265, 266, 286, 302, 317, 336, 379, 388, 389, 425, 454, 458, 463, 475, 487, 498, 499, 512, 530, 531, 532, 533, 534, 536, 573, 589, 596, 598, 601, 605, 617, 620, 624, 646, 653, 658, 660, 662, 668, 689, 694, 702, 724, 725, 745, 760, 775, 793, 829, 838, 839, 877, 901, 903, 905, 910, 923]","[1, 13, 14, 29, 54, 55, 56, 57, 58, 60, 102, 118, 125, 127, 130, 134, 146, 149, 153, 175, 182, 187, 189, 191, 197, 225, 230, 238, 264, 265, 266, 286, 302, 317, 336, 354, 379, 388, 389, 425, 454, 458, 463, 475, 487, 498, 499, 512, 530, 531, 532, 533, 534, 536, 573, 589, 596, 598, 601, 605, 617, 620, 624, 646, 653, 658, 660, 662, 668, 689, 694, 702, 724, 725, 745, 760, 775, 793, 809, 829, 838, 839, 877, 901, 903, 905, 910, 923]","[512, 1, 13, 14, 530, 531, 532, 533, 534, 536, 29, 54, 55, 56, 57, 58, 60, 573, 575, 589, 593, 596, 598, 601, 605, 102, 104, 617, 620, 624, 118, 122, 125, 127, 130, 642, 134, 646, 650, 653, 655, 658, 146, 660, 149, 662, 153, 668, 171, 175, 689, 179, 182, 694, 184, 187, 189, 702, 191, 197, 711, 714, 720, 724, 725, 225, 230, 745, 238, 248, 760, 251, 258, 775, 264, 265, 266, 793, 286, 805, 809, 301, 302, 815, 317, 829, 838, 839, 845, 847, 336, 350, 354, 362, 877, 885, 379, 388, 389, 901, 903, 905, 395, 397, 910, 923, 425, 433, 454, 458, 463, 475, 487, 498, 499]",False,[],[],[],[],"[104, 122, 130, 171, 179, 184, 187, 238, 248, 251, 258, 301, 350, 362, 395, 397, 433, 575, 593, 601, 642, 650, 655, 658, 702, 711, 714, 720, 805, 815, 845, 847, 885]","[1, 13, 14, 29, 54, 55, 56, 57, 58, 60, 102, 118, 125, 127, 130, 134, 146, 149, 153, 175, 182, 187, 189, 191, 197, 225, 230, 238, 264, 265, 266, 286, 302, 317, 336, 354, 379, 388, 389, 425, 454, 458, 463, 475, 487, 498, 499, 512, 530, 531, 532, 533, 534, 536, 573, 589, 596, 598, 601, 605, 617, 620, 624, 646, 653, 658, 660, 662, 668, 689, 694, 702, 724, 725, 745, 760, 775, 793, 809, 829, 838, 839, 877, 901, 903, 905, 910, 923]","[1, 13, 14, 29, 54, 55, 56, 57, 58, 60, 102, 118, 125, 127, 130, 134, 146, 149, 153, 175, 182, 187, 189, 191, 197, 225, 230, 238, 264, 265, 266, 286, 302, 317, 336, 379, 388, 389, 425, 454, 458, 463, 475, 487, 498, 499, 512, 530, 531, 532, 533, 534, 536, 573, 589, 596, 598, 601, 605, 617, 620, 624, 646, 653, 658, 660, 662, 668, 689, 694, 702, 724, 725, 745, 760, 775, 793, 829, 838, 839, 877, 901, 903, 905, 910, 923]",0/6 successful match,False,,False,399,False,,1.0,True,Leather's Shell # 23,Shell
"Hines , 97738 Leather's Shell # 23",6 541-573-7070 1202 US 20-395 N,HRIS 24 <U+2610> <U+2610>,Hines,97738,Leather's Shell # 23,541-573-7070,2008,Hines,OR,Shell,,1202 US 20-395 N,Proper,,False,,False,US 20-395,,,,,[],[],[],[],[],"[104, 122, 130, 171, 179, 184, 187, 238, 248, 251, 258, 301, 350, 362, 395, 397, 433, 575, 593, 601, 642, 650, 655, 658, 702, 711, 714, 720, 805, 815, 845, 847, 885]","[1, 13, 14, 29, 54, 55, 56, 57, 58, 60, 102, 118, 125, 127, 130, 134, 146, 149, 153, 175, 182, 187, 189, 191, 197, 225, 230, 238, 264, 265, 266, 286, 302, 317, 336, 379, 388, 389, 425, 454, 458, 463, 475, 487, 498, 499, 512, 530, 531, 532, 533, 534, 536, 573, 589, 596, 598, 601, 605, 617, 620, 624, 646, 653, 658, 660, 662, 668, 689, 694, 702, 724, 725, 745, 760, 775, 793, 829, 838, 839, 877, 901, 903, 905, 910, 923]","[1, 13, 14, 29, 54, 55, 56, 57, 58, 60, 102, 118, 125, 127, 130, 134, 146, 149, 153, 175, 182, 187, 189, 191, 197, 225, 230, 238, 264, 265, 266, 286, 302, 317, 336, 354, 379, 388, 389, 425, 454, 458, 463, 475, 487, 498, 499, 512, 530, 531, 532, 533, 534, 536, 573, 589, 596, 598, 601, 605, 617, 620, 624, 646, 653, 658, 660, 662, 668, 689, 694, 702, 724, 725, 745, 760, 775, 793, 809, 829, 838, 839, 877, 901, 903, 905, 910, 923]","[512, 1, 13, 14, 530, 531, 532, 533, 534, 536, 29, 54, 55, 56, 57, 58, 60, 573, 575, 589, 593, 596, 598, 601, 605, 102, 104, 617, 620, 624, 118, 122, 125, 127, 130, 642, 134, 646, 650, 653, 655, 658, 146, 660, 149, 662, 153, 668, 171, 175, 689, 179, 182, 694, 184, 187, 189, 702, 191, 197, 711, 714, 720, 724, 725, 225, 230, 745, 238, 248, 760, 251, 258, 775, 264, 265, 266, 793, 286, 805, 809, 301, 302, 815, 317, 829, 838, 839, 845, 847, 336, 350, 354, 362, 877, 885, 379, 388, 389, 901, 903, 905, 395, 397, 910, 923, 425, 433, 454, 458, 463, 475, 487, 498, 499]",False,[],[],[],[],"[104, 122, 130, 171, 179, 184, 187, 238, 248, 251, 258, 301, 350, 362, 395, 397, 433, 575, 593, 601, 642, 650, 655, 658, 702, 711, 714, 720, 805, 815, 845, 847, 885]","[1, 13, 14, 29, 54, 55, 56, 57, 58, 60, 102, 118, 125, 127, 130, 134, 146, 149, 153, 175, 182, 187, 189, 191, 197, 225, 230, 238, 264, 265, 266, 286, 302, 317, 336, 354, 379, 388, 389, 425, 454, 458, 463, 475, 487, 498, 499, 512, 530, 531, 532, 533, 534, 536, 573, 589, 596, 598, 601, 605, 617, 620, 624, 646, 653, 658, 660, 662, 668, 689, 694, 702, 724, 725, 745, 760, 775, 793, 809, 829, 838, 839, 877, 901, 903, 905, 910, 923]","[1, 13, 14, 29, 54, 55, 56, 57, 58, 60, 102, 118, 125, 127, 130, 134, 146, 149, 153, 175, 182, 187, 189, 191, 197, 225, 230, 238, 264, 265, 266, 286, 302, 317, 336, 379, 388, 389, 425, 454, 458, 463, 475, 487, 498, 499, 512, 530, 531, 532, 533, 534, 536, 573, 589, 596, 598, 601, 605, 617, 620, 624, 646, 653, 658, 660, 662, 668, 689, 694, 702, 724, 725, 745, 760, 775, 793, 829, 838, 839, 877, 901, 903, 905, 910, 923]",0/6 successful match,False,,False,399,False,,1.0,True,Leather's Shell # 23,Shell
Hines ( 97738 ) Leather's Shell # 23,541-573-7070 1202 US 20-395 N,24 SO,Hines,97738,Leather's Shell # 23,541-573-7070,2014,Hines,OR,Shell,,1202 US 20-395 N,Proper,,False,,False,US 20-395,,,,,[],[],[],[],[],"[104, 122, 130, 171, 179, 184, 187, 238, 248, 251, 258, 301, 350, 362, 395, 397, 433, 575, 593, 601, 642, 650, 655, 658, 702, 711, 714, 720, 805, 815, 845, 847, 885]","[1, 13, 14, 29, 54, 55, 56, 57, 58, 60, 102, 118, 125, 127, 130, 134, 146, 149, 153, 175, 182, 187, 189, 191, 197, 225, 230, 238, 264, 265, 266, 286, 302, 317, 336, 379, 388, 389, 425, 454, 458, 463, 475, 487, 498, 499, 512, 530, 531, 532, 533, 534, 536, 573, 589, 596, 598, 601, 605, 617, 620, 624, 646, 653, 658, 660, 662, 668, 689, 694, 702, 724, 725, 745, 760, 775, 793, 829, 838, 839, 877, 901, 903, 905, 910, 923]","[1, 13, 14, 29, 54, 55, 56, 57, 58, 60, 102, 118, 125, 127, 130, 134, 146, 149, 153, 175, 182, 187, 189, 191, 197, 225, 230, 238, 264, 265, 266, 286, 302, 317, 336, 354, 379, 388, 389, 425, 454, 458, 463, 475, 487, 498, 499, 512, 530, 531, 532, 533, 534, 536, 573, 589, 596, 598, 601, 605, 617, 620, 624, 646, 653, 658, 660, 662, 668, 689, 694, 702, 724, 725, 745, 760, 775, 793, 809, 829, 838, 839, 877, 901, 903, 905, 910, 923]","[512, 1, 13, 14, 530, 531, 532, 533, 534, 536, 29, 54, 55, 56, 57, 58, 60, 573, 575, 589, 593, 596, 598, 601, 605, 102, 104, 617, 620, 624, 118, 122, 125, 127, 130, 642, 134, 646, 650, 653, 655, 658, 146, 660, 149, 662, 153, 668, 171, 175, 689, 179, 182, 694, 184, 187, 189, 702, 191, 197, 711, 714, 720, 724, 725, 225, 230, 745, 238, 248, 760, 251, 258, 775, 264, 265, 266, 793, 286, 805, 809, 301, 302, 815, 317, 829, 838, 839, 845, 847, 336, 350, 354, 362, 877, 885, 379, 388, 389, 901, 903, 905, 395, 397, 910, 923, 425, 433, 454, 458, 463, 475, 487, 498, 499]",False,[],[],[],[],"[104, 122, 130, 171, 179, 184, 187, 238, 248, 251, 258, 301, 350, 362, 395, 397, 433, 575, 593, 601, 642, 650, 655, 658, 702, 711, 714, 720, 805, 815, 845, 847, 885]","[1, 13, 14, 29, 54, 55, 56, 57, 58, 60, 102, 118, 125, 127, 130, 134, 146, 149, 153, 175, 182, 187, 189, 191, 197, 225, 230, 238, 264, 265, 266, 286, 302, 317, 336, 354, 379, 388, 389, 425, 454, 458, 463, 475, 487, 498, 499, 512, 530, 531, 532, 533, 534, 536, 573, 589, 596, 598, 601, 605, 617, 620, 624, 646, 653, 658, 660, 662, 668, 689, 694, 702, 724, 725, 745, 760, 775, 793, 809, 829, 838, 839, 877, 901, 903, 905, 910, 923]","[1, 13, 14, 29, 54, 55, 56, 57, 58, 60, 102, 118, 125, 127, 130, 134, 146, 149, 153, 175, 182, 187, 189, 191, 197, 225, 230, 238, 264, 265, 266, 286, 302, 317, 336, 379, 388, 389, 425, 454, 458, 463, 475, 487, 498, 499, 512, 530, 531, 532, 533, 534, 536, 573, 589, 596, 598, 601, 605, 617, 620, 624, 646, 653, 658, 660, 662, 668, 689, 694, 702, 724, 725, 745, 760, 775, 793, 829, 838, 839, 877, 901, 903, 905, 910, 923]",0/6 successful match,False,,False,399,False,,1.0,True,Leather's Shell # 23,Shell
Hines ( 97738 ) Leather's Shell # 23,541-573-7070 1202 US 20-395 N,24 m S 0,Hines,97738,Leather's Shell # 23,541-573-7070,2015,Hines,OR,Shell,,1202 US 20-395 N,Proper,,False,,False,US 20-395,,,,,[],[],[],[],[],"[104, 122, 130, 171, 179, 184, 187, 238, 248, 251, 258, 301, 350, 362, 395, 397, 433, 575, 593, 601, 642, 650, 655, 658, 702, 711, 714, 720, 805, 815, 845, 847, 885]","[1, 13, 14, 29, 54, 55, 56, 57, 58, 60, 102, 118, 125, 127, 130, 134, 146, 149, 153, 175, 182, 187, 189, 191, 197, 225, 230, 238, 264, 265, 266, 286, 302, 317, 336, 379, 388, 389, 425, 454, 458, 463, 475, 487, 498, 499, 512, 530, 531, 532, 533, 534, 536, 573, 589, 596, 598, 601, 605, 617, 620, 624, 646, 653, 658, 660, 662, 668, 689, 694, 702, 724, 725, 745, 760, 775, 793, 829, 838, 839, 877, 901, 903, 905, 910, 923]","[1, 13, 14, 29, 54, 55, 56, 57, 58, 60, 102, 118, 125, 127, 130, 134, 146, 149, 153, 175, 182, 187, 189, 191, 197, 225, 230, 238, 264, 265, 266, 286, 302, 317, 336, 354, 379, 388, 389, 425, 454, 458, 463, 475, 487, 498, 499, 512, 530, 531, 532, 533, 534, 536, 573, 589, 596, 598, 601, 605, 617, 620, 624, 646, 653, 658, 660, 662, 668, 689, 694, 702, 724, 725, 745, 760, 775, 793, 809, 829, 838, 839, 877, 901, 903, 905, 910, 923]","[512, 1, 13, 14, 530, 531, 532, 533, 534, 536, 29, 54, 55, 56, 57, 58, 60, 573, 575, 589, 593, 596, 598, 601, 605, 102, 104, 617, 620, 624, 118, 122, 125, 127, 130, 642, 134, 646, 650, 653, 655, 658, 146, 660, 149, 662, 153, 668, 171, 175, 689, 179, 182, 694, 184, 187, 189, 702, 191, 197, 711, 714, 720, 724, 725, 225, 230, 745, 238, 248, 760, 251, 258, 775, 264, 265, 266, 793, 286, 805, 809, 301, 302, 815, 317, 829, 838, 839, 845, 847, 336, 350, 354, 362, 877, 885, 379, 388, 389, 901, 903, 905, 395, 397, 910, 923, 425, 433, 454, 458, 463, 475, 487, 498, 499]",False,[],[],[],[],"[104, 122, 130, 171, 179, 184, 187, 238, 248, 251, 258, 301, 350, 362, 395, 397, 433, 575, 593, 601, 642, 650, 655, 658, 702, 711, 714, 720, 805, 815, 845, 847, 885]","[1, 13, 14, 29, 54, 55, 56, 57, 58, 60, 102, 118, 125, 127, 130, 134, 146, 149, 153, 175, 182, 187, 189, 191, 197, 225, 230, 238, 264, 265, 266, 286, 302, 317, 336, 354, 379, 388, 389, 425, 454, 458, 463, 475, 487, 498, 499, 512, 530, 531, 532, 533, 534, 536, 573, 589, 596, 598, 601, 605, 617, 620, 624, 646, 653, 658, 660, 662, 668, 689, 694, 702, 724, 725, 745, 760, 775, 793, 809, 829, 838, 839, 877, 901, 903, 905, 910, 923]","[1, 13, 14, 29, 54, 55, 56, 57, 58, 60, 102, 118, 125, 127, 130, 134, 146, 149, 153, 175, 182, 187, 189, 191, 197, 225, 230, 238, 264, 265, 266, 286, 302, 317, 336, 379, 388, 389, 425, 454, 458, 463, 475, 487, 498, 499, 512, 530, 531, 532, 533, 534, 536, 573, 589, 596, 598, 601, 605, 617, 620, 624, 646, 653, 658, 660, 662, 668, 689, 694, 702, 724, 725, 745, 760, 775, 793, 829, 838, 839, 877, 901, 903, 905, 910, 923]",0/6 successful match,False,,False,399,False,,1.0,True,Leather's Shell # 23,Shell
Hines ( 97738 ) Leather's Shell # 23,541-573-7070 1202 US 20-395 N,24 SO <U+25A1>,Hines,97738,Leather's Shell # 23,541-573-7070,2016,Hines,OR,Shell,,1202 US 20-395 N,Proper,,False,,False,US 20-395,,,,,[],[],[],[],[],"[104, 122, 130, 171, 179, 184, 187, 238, 248, 251, 258, 301, 350, 362, 395, 397, 433, 575, 593, 601, 642, 650, 655, 658, 702, 711, 714, 720, 805, 815, 845, 847, 885]","[1, 13, 14, 29, 54, 55, 56, 57, 58, 60, 102, 118, 125, 127, 130, 134, 146, 149, 153, 175, 182, 187, 189, 191, 197, 225, 230, 238, 264, 265, 266, 286, 302, 317, 336, 379, 388, 389, 425, 454, 458, 463, 475, 487, 498, 499, 512, 530, 531, 532, 533, 534, 536, 573, 589, 596, 598, 601, 605, 617, 620, 624, 646, 653, 658, 660, 662, 668, 689, 694, 702, 724, 725, 745, 760, 775, 793, 829, 838, 839, 877, 901, 903, 905, 910, 923]","[1, 13, 14, 29, 54, 55, 56, 57, 58, 60, 102, 118, 125, 127, 130, 134, 146, 149, 153, 175, 182, 187, 189, 191, 197, 225, 230, 238, 264, 265, 266, 286, 302, 317, 336, 354, 379, 388, 389, 425, 454, 458, 463, 475, 487, 498, 499, 512, 530, 531, 532, 533, 534, 536, 573, 589, 596, 598, 601, 605, 617, 620, 624, 646, 653, 658, 660, 662, 668, 689, 694, 702, 724, 725, 745, 760, 775, 793, 809, 829, 838, 839, 877, 901, 903, 905, 910, 923]","[512, 1, 13, 14, 530, 531, 532, 533, 534, 536, 29, 54, 55, 56, 57, 58, 60, 573, 575, 589, 593, 596, 598, 601, 605, 102, 104, 617, 620, 624, 118, 122, 125, 127, 130, 642, 134, 646, 650, 653, 655, 658, 146, 660, 149, 662, 153, 668, 171, 175, 689, 179, 182, 694, 184, 187, 189, 702, 191, 197, 711, 714, 720, 724, 725, 225, 230, 745, 238, 248, 760, 251, 258, 775, 264, 265, 266, 793, 286, 805, 809, 301, 302, 815, 317, 829, 838, 839, 845, 847, 336, 350, 354, 362, 877, 885, 379, 388, 389, 901, 903, 905, 395, 397, 910, 923, 425, 433, 454, 458, 463, 475, 487, 498, 499]",False,[],[],[],[],"[104, 122, 130, 171, 179, 184, 187, 238, 248, 251, 258, 301, 350, 362, 395, 397, 433, 575, 593, 601, 642, 650, 655, 658, 702, 711, 714, 720, 805, 815, 845, 847, 885]","[1, 13, 14, 29, 54, 55, 56, 57, 58, 60, 102, 118, 125, 127, 130, 134, 146, 149, 153, 175, 182, 187, 189, 191, 197, 225, 230, 238, 264, 265, 266, 286, 302, 317, 336, 354, 379, 388, 389, 425, 454, 458, 463, 475, 487, 498, 499, 512, 530, 531, 532, 533, 534, 536, 573, 589, 596, 598, 601, 605, 617, 620, 624, 646, 653, 658, 660, 662, 668, 689, 694, 702, 724, 725, 745, 760, 775, 793, 809, 829, 838, 839, 877, 901, 903, 905, 910, 923]","[1, 13, 14, 29, 54, 55, 56, 57, 58, 60, 102, 118, 125, 127, 130, 134, 146, 149, 153, 175, 182, 187, 189, 191, 197, 225, 230, 238, 264, 265, 266, 286, 302, 317, 336, 379, 388, 389, 425, 454, 458, 463, 475, 487, 498, 499, 512, 530, 531, 532, 533, 534, 536, 573, 589, 596, 598, 601, 605, 617, 620, 624, 646, 653, 658, 660, 662, 668, 689, 694, 702, 724, 725, 745, 760, 775, 793, 829, 838, 839, 877, 901, 903, 905, 910, 923]",0/6 successful match,False,,False,399,False,,1.0,True,Leather's Shell # 23,Shell
"LaPine , 97739 Gordys Truck Stop",541-536-6055 17045 Whitney Road,,LaPine,97739,Gordys Truck Stop,541-536-6055,2006,La Pine,OR,,,17045 Whitney Road,Proper,,False,,False,Whitney Road,,,,,[],[],"[130, 601]",[],[],[],[],[],"[601, 130]",False,[],[],"[130, 601]",[],[],[],[],0/6 successful match,False,,False,400,False,,,,,
"Rosland , 97739 Gordys Truck Stop",541-536-6055 US 97 & CR 43 ( 3 mi N of LaPine ),,Rosland,97739,Gordys Truck Stop,541-536-6055,2007,La Pine,OR,,( 3 mi N of LaPine ),US 97 & CR 43,empty,,False,,False,US 97,CR 43,,,,[],[],"[130, 601]",[],[],"[62, 139, 173, 610, 644]",[],[],"[130, 610, 644, 139, 173, 601, 62]",False,[],[],"[130, 601]",[],"[62, 139, 173, 610, 644]",[],[],0/6 successful match,False,,False,400,False,,0.8999999999999999,True,Gordys Truck Stop,
"LaPine , 97739 Gordys Truck Stop",541-536-6055 US 97 & CR 43 ( 3 mi N of town ),HRS 24 XL 24,LaPine,97739,Gordys Truck Stop,541-536-6055,2008,La Pine,OR,,( 3 mi N of town ),US 97 & CR 43,empty,,False,,False,US 97,CR 43,,,,[],[],"[130, 601]",[],[],"[62, 139, 173, 610, 644]",[],[],"[130, 610, 644, 139, 173, 601, 62]",False,[],[],"[130, 601]",[],"[62, 139, 173, 610, 644]",[],[],0/6 successful match,False,,False,400,False,,0.8999999999999999,True,Gordys Truck Stop,
E LaPine ( 97739 ) Gordys Truck Stop,541-536-6055 US 97 & CR 43 ( 3 mi N of town ),24 XLO 24 23,LaPine,97739,Gordys Truck Stop,541-536-6055,2014,La Pine,OR,,( 3 mi N of town ),US 97 & CR 43,empty,,False,,False,US 97,CR 43,,,,[],[],"[130, 601]",[],[],"[62, 139, 173, 610, 644]",[],[],"[130, 610, 644, 139, 173, 601, 62]",False,[],[],"[130, 601]",[],"[62, 139, 173, 610, 644]",[],[],0/6 successful match,False,,False,400,False,,0.8999999999999999,True,Gordys Truck Stop,
E LaPine ( 97739 ) Gordys Truck Stop,541-536-6055 US 97 & CR 43 ( 3 mi N of town ),24 +10 XL 24 24,LaPine,97739,Gordys Truck Stop,541-536-6055,2015,La Pine,OR,,( 3 mi N of town ),US 97 & CR 43,empty,,False,,False,US 97,CR 43,,,,[],[],"[130, 601]",[],[],"[62, 139, 173, 610, 644]",[],[],"[130, 610, 644, 139, 173, 601, 62]",False,[],[],"[130, 601]",[],"[62, 139, 173, 610, 644]",[],[],0/6 successful match,False,,False,400,False,,0.8999999999999999,True,Gordys Truck Stop,
LaPine ( 97739 ) Gordys Truck Stop,541-536-6055 US 97 & CR 43 ( 3 mi N of town ),24 XLO 2 24,LaPine,97739,Gordys Truck Stop,541-536-6055,2016,La Pine,OR,,( 3 mi N of town ),US 97 & CR 43,empty,,False,,False,US 97,CR 43,,,,[],[],"[130, 601]",[],[],"[62, 139, 173, 610, 644]",[],[],"[130, 610, 644, 139, 173, 601, 62]",False,[],[],"[130, 601]",[],"[62, 139, 173, 610, 644]",[],[],0/6 successful match,False,,False,400,False,,0.8999999999999999,True,Gordys Truck Stop,
"IMadras , 97741 Madras J & L ( Shell )",4 541-475-7027 992 US 97 S & L Street,,Madras,97741,Madras J & L ( Shell ),541-475-7027,2006,Madras,OR,Shell,,992 US 97 S & L Street,Proper,,False,,False,US 97,L Street,,,,[],[],[],[],[],"[47, 527]","[1, 13, 14, 29, 54, 55, 56, 57, 58, 60, 102, 118, 125, 127, 130, 134, 146, 149, 153, 175, 182, 187, 189, 191, 197, 225, 230, 238, 264, 265, 266, 286, 302, 317, 336, 379, 388, 389, 425, 454, 458, 463, 475, 487, 498, 499, 512, 530, 531, 532, 533, 534, 536, 573, 589, 596, 598, 601, 605, 617, 620, 624, 646, 653, 658, 660, 662, 668, 689, 694, 702, 724, 725, 745, 760, 775, 793, 829, 838, 839, 877, 901, 903, 905, 910, 923]","[1, 13, 14, 29, 54, 55, 56, 57, 58, 60, 102, 118, 125, 127, 130, 134, 146, 149, 153, 175, 182, 187, 189, 191, 197, 225, 230, 238, 264, 265, 266, 286, 302, 317, 336, 354, 379, 388, 389, 425, 454, 458, 463, 475, 487, 498, 499, 512, 530, 531, 532, 533, 534, 536, 573, 589, 596, 598, 601, 605, 617, 620, 624, 646, 653, 658, 660, 662, 668, 689, 694, 702, 724, 725, 745, 760, 775, 793, 809, 829, 838, 839, 877, 901, 903, 905, 910, 923]","[512, 1, 13, 14, 527, 530, 531, 532, 533, 534, 536, 29, 47, 54, 55, 56, 57, 58, 60, 573, 589, 596, 598, 601, 605, 102, 617, 620, 624, 118, 125, 127, 130, 134, 646, 653, 146, 658, 660, 149, 662, 153, 668, 175, 689, 694, 182, 187, 189, 702, 191, 197, 724, 725, 225, 230, 745, 238, 760, 775, 264, 265, 266, 793, 286, 809, 302, 317, 829, 838, 839, 336, 354, 877, 379, 388, 389, 901, 903, 905, 910, 923, 425, 454, 458, 463, 475, 487, 498, 499]",False,[],[],[],[],"[47, 527]","[1, 13, 14, 29, 54, 55, 56, 57, 58, 60, 102, 118, 125, 127, 130, 134, 146, 149, 153, 175, 182, 187, 189, 191, 197, 225, 230, 238, 264, 265, 266, 286, 302, 317, 336, 354, 379, 388, 389, 425, 454, 458, 463, 475, 487, 498, 499, 512, 530, 531, 532, 533, 534, 536, 573, 589, 596, 598, 601, 605, 617, 620, 624, 646, 653, 658, 660, 662, 668, 689, 694, 702, 724, 725, 745, 760, 775, 793, 809, 829, 838, 839, 877, 901, 903, 905, 910, 923]","[1, 13, 14, 29, 54, 55, 56, 57, 58, 60, 102, 118, 125, 127, 130, 134, 146, 149, 153, 175, 182, 187, 189, 191, 197, 225, 230, 238, 264, 265, 266, 286, 302, 317, 336, 379, 388, 389, 425, 454, 458, 463, 475, 487, 498, 499, 512, 530, 531, 532, 533, 534, 536, 573, 589, 596, 598, 601, 605, 617, 620, 624, 646, 653, 658, 660, 662, 668, 689, 694, 702, 724, 725, 745, 760, 775, 793, 829, 838, 839, 877, 901, 903, 905, 910, 923]",0/6 successful match,False,,False,401,False,,,,,
"Madras , 97741 Madras J & L ( Shell )",541-475-7027 992 US 97 S & L Street,- M 49 <U+2610>,Madras,97741,Madras J & L ( Shell ),541-475-7027,2007,Madras,OR,Shell,,992 US 97 S & L Street,Proper,,False,,False,US 97,L Street,,,,[],[],[],[],[],"[47, 527]","[1, 13, 14, 29, 54, 55, 56, 57, 58, 60, 102, 118, 125, 127, 130, 134, 146, 149, 153, 175, 182, 187, 189, 191, 197, 225, 230, 238, 264, 265, 266, 286, 302, 317, 336, 379, 388, 389, 425, 454, 458, 463, 475, 487, 498, 499, 512, 530, 531, 532, 533, 534, 536, 573, 589, 596, 598, 601, 605, 617, 620, 624, 646, 653, 658, 660, 662, 668, 689, 694, 702, 724, 725, 745, 760, 775, 793, 829, 838, 839, 877, 901, 903, 905, 910, 923]","[1, 13, 14, 29, 54, 55, 56, 57, 58, 60, 102, 118, 125, 127, 130, 134, 146, 149, 153, 175, 182, 187, 189, 191, 197, 225, 230, 238, 264, 265, 266, 286, 302, 317, 336, 354, 379, 388, 389, 425, 454, 458, 463, 475, 487, 498, 499, 512, 530, 531, 532, 533, 534, 536, 573, 589, 596, 598, 601, 605, 617, 620, 624, 646, 653, 658, 660, 662, 668, 689, 694, 702, 724, 725, 745, 760, 775, 793, 809, 829, 838, 839, 877, 901, 903, 905, 910, 923]","[512, 1, 13, 14, 527, 530, 531, 532, 533, 534, 536, 29, 47, 54, 55, 56, 57, 58, 60, 573, 589, 596, 598, 601, 605, 102, 617, 620, 624, 118, 125, 127, 130, 134, 646, 653, 146, 658, 660, 149, 662, 153, 668, 175, 689, 694, 182, 187, 189, 702, 191, 197, 724, 725, 225, 230, 745, 238, 760, 775, 264, 265, 266, 793, 286, 809, 302, 317, 829, 838, 839, 336, 354, 877, 379, 388, 389, 901, 903, 905, 910, 923, 425, 454, 458, 463, 475, 487, 498, 499]",False,[],[],[],[],"[47, 527]","[1, 13, 14, 29, 54, 55, 56, 57, 58, 60, 102, 118, 125, 127, 130, 134, 146, 149, 153, 175, 182, 187, 189, 191, 197, 225, 230, 238, 264, 265, 266, 286, 302, 317, 336, 354, 379, 388, 389, 425, 454, 458, 463, 475, 487, 498, 499, 512, 530, 531, 532, 533, 534, 536, 573, 589, 596, 598, 601, 605, 617, 620, 624, 646, 653, 658, 660, 662, 668, 689, 694, 702, 724, 725, 745, 760, 775, 793, 809, 829, 838, 839, 877, 901, 903, 905, 910, 923]","[1, 13, 14, 29, 54, 55, 56, 57, 58, 60, 102, 118, 125, 127, 130, 134, 146, 149, 153, 175, 182, 187, 189, 191, 197, 225, 230, 238, 264, 265, 266, 286, 302, 317, 336, 379, 388, 389, 425, 454, 458, 463, 475, 487, 498, 499, 512, 530, 531, 532, 533, 534, 536, 573, 589, 596, 598, 601, 605, 617, 620, 624, 646, 653, 658, 660, 662, 668, 689, 694, 702, 724, 725, 745, 760, 775, 793, 829, 838, 839, 877, 901, 903, 905, 910, 923]",0/6 successful match,False,,False,401,False,,1.0,True,Madras J & L ( Shell ),Shell
"Madras , 97741 J & L Truck Stop ( Shell )",541-475-7027 992 US 97 S & L Street,24 HRS M 24 <U+2610> <U+2610>,Madras,97741,J & L Truck Stop ( Shell ),541-475-7027,2008,Madras,OR,Shell,,992 US 97 S & L Street,Proper,,False,,False,US 97,L Street,,,,[],[],[],[],[],"[47, 527]","[1, 13, 14, 29, 54, 55, 56, 57, 58, 60, 102, 118, 125, 127, 130, 134, 146, 149, 153, 175, 182, 187, 189, 191, 197, 225, 230, 238, 264, 265, 266, 286, 302, 317, 336, 379, 388, 389, 425, 454, 458, 463, 475, 487, 498, 499, 512, 530, 531, 532, 533, 534, 536, 573, 589, 596, 598, 601, 605, 617, 620, 624, 646, 653, 658, 660, 662, 668, 689, 694, 702, 724, 725, 745, 760, 775, 793, 829, 838, 839, 877, 901, 903, 905, 910, 923]","[1, 13, 14, 29, 54, 55, 56, 57, 58, 60, 102, 118, 125, 127, 130, 134, 146, 149, 153, 175, 182, 187, 189, 191, 197, 225, 230, 238, 264, 265, 266, 286, 302, 317, 336, 354, 379, 388, 389, 425, 454, 458, 463, 475, 487, 498, 499, 512, 530, 531, 532, 533, 534, 536, 573, 589, 596, 598, 601, 605, 617, 620, 624, 646, 653, 658, 660, 662, 668, 689, 694, 702, 724, 725, 745, 760, 775, 793, 809, 829, 838, 839, 877, 901, 903, 905, 910, 923]","[512, 1, 13, 14, 527, 530, 531, 532, 533, 534, 536, 29, 47, 54, 55, 56, 57, 58, 60, 573, 589, 596, 598, 601, 605, 102, 617, 620, 624, 118, 125, 127, 130, 134, 646, 653, 146, 658, 660, 149, 662, 153, 668, 175, 689, 694, 182, 187, 189, 702, 191, 197, 724, 725, 225, 230, 745, 238, 760, 775, 264, 265, 266, 793, 286, 809, 302, 317, 829, 838, 839, 336, 354, 877, 379, 388, 389, 901, 903, 905, 910, 923, 425, 454, 458, 463, 475, 487, 498, 499]",False,[],[],[],[],"[47, 527]","[1, 13, 14, 29, 54, 55, 56, 57, 58, 60, 102, 118, 125, 127, 130, 134, 146, 149, 153, 175, 182, 187, 189, 191, 197, 225, 230, 238, 264, 265, 266, 286, 302, 317, 336, 354, 379, 388, 389, 425, 454, 458, 463, 475, 487, 498, 499, 512, 530, 531, 532, 533, 534, 536, 573, 589, 596, 598, 601, 605, 617, 620, 624, 646, 653, 658, 660, 662, 668, 689, 694, 702, 724, 725, 745, 760, 775, 793, 809, 829, 838, 839, 877, 901, 903, 905, 910, 923]","[1, 13, 14, 29, 54, 55, 56, 57, 58, 60, 102, 118, 125, 127, 130, 134, 146, 149, 153, 175, 182, 187, 189, 191, 197, 225, 230, 238, 264, 265, 266, 286, 302, 317, 336, 379, 388, 389, 425, 454, 458, 463, 475, 487, 498, 499, 512, 530, 531, 532, 533, 534, 536, 573, 589, 596, 598, 601, 605, 617, 620, 624, 646, 653, 658, 660, 662, 668, 689, 694, 702, 724, 725, 745, 760, 775, 793, 829, 838, 839, 877, 901, 903, 905, 910, 923]",0/6 successful match,False,,False,401,False,,0.8125,True,Madras J & L ( Shell ),Shell
Madras ( 97741 ) J & L Truck Stop ( Shell ),4 541-475-7027 992 US 26-97 S,24 S 24,Madras,97741,J & L Truck Stop ( Shell ),541-475-7027,2014,Madras,OR,Shell,,992 US 26-97 S,Proper,,False,,False,US 26-97,,,,,[],[],[],[],[],"[84, 555]","[1, 13, 14, 29, 54, 55, 56, 57, 58, 60, 102, 118, 125, 127, 130, 134, 146, 149, 153, 175, 182, 187, 189, 191, 197, 225, 230, 238, 264, 265, 266, 286, 302, 317, 336, 379, 388, 389, 425, 454, 458, 463, 475, 487, 498, 499, 512, 530, 531, 532, 533, 534, 536, 573, 589, 596, 598, 601, 605, 617, 620, 624, 646, 653, 658, 660, 662, 668, 689, 694, 702, 724, 725, 745, 760, 775, 793, 829, 838, 839, 877, 901, 903, 905, 910, 923]","[1, 13, 14, 29, 54, 55, 56, 57, 58, 60, 102, 118, 125, 127, 130, 134, 146, 149, 153, 175, 182, 187, 189, 191, 197, 225, 230, 238, 264, 265, 266, 286, 302, 317, 336, 354, 379, 388, 389, 425, 454, 458, 463, 475, 487, 498, 499, 512, 530, 531, 532, 533, 534, 536, 573, 589, 596, 598, 601, 605, 617, 620, 624, 646, 653, 658, 660, 662, 668, 689, 694, 702, 724, 725, 745, 760, 775, 793, 809, 829, 838, 839, 877, 901, 903, 905, 910, 923]","[512, 1, 13, 14, 530, 531, 532, 533, 534, 536, 29, 555, 54, 55, 56, 57, 58, 60, 573, 589, 84, 596, 598, 601, 605, 102, 617, 620, 624, 118, 125, 127, 130, 134, 646, 653, 146, 658, 660, 149, 662, 153, 668, 175, 689, 694, 182, 187, 189, 702, 191, 197, 724, 725, 225, 230, 745, 238, 760, 775, 264, 265, 266, 793, 286, 809, 302, 317, 829, 838, 839, 336, 354, 877, 379, 388, 389, 901, 903, 905, 910, 923, 425, 454, 458, 463, 475, 487, 498, 499]",False,[],[],[],[],"[84, 555]","[1, 13, 14, 29, 54, 55, 56, 57, 58, 60, 102, 118, 125, 127, 130, 134, 146, 149, 153, 175, 182, 187, 189, 191, 197, 225, 230, 238, 264, 265, 266, 286, 302, 317, 336, 354, 379, 388, 389, 425, 454, 458, 463, 475, 487, 498, 499, 512, 530, 531, 532, 533, 534, 536, 573, 589, 596, 598, 601, 605, 617, 620, 624, 646, 653, 658, 660, 662, 668, 689, 694, 702, 724, 725, 745, 760, 775, 793, 809, 829, 838, 839, 877, 901, 903, 905, 910, 923]","[1, 13, 14, 29, 54, 55, 56, 57, 58, 60, 102, 118, 125, 127, 130, 134, 146, 149, 153, 175, 182, 187, 189, 191, 197, 225, 230, 238, 264, 265, 266, 286, 302, 317, 336, 379, 388, 389, 425, 454, 458, 463, 475, 487, 498, 499, 512, 530, 531, 532, 533, 534, 536, 573, 589, 596, 598, 601, 605, 617, 620, 624, 646, 653, 658, 660, 662, 668, 689, 694, 702, 724, 725, 745, 760, 775, 793, 829, 838, 839, 877, 901, 903, 905, 910, 923]",0/6 successful match,False,,False,401,False,,1.0,True,J & L Truck Stop ( Shell ),Shell
Madras ( 97741 ) J & L Truck Stop ( Shell ),541-475-7027 992 US 26-97 S,2513 24 SO 24 <U+25A1> <U+25A1>,Madras,97741,J & L Truck Stop ( Shell ),541-475-7027,2015,Madras,OR,Shell,,992 US 26-97 S,Proper,,False,,False,US 26-97,,,,,[],[],[],[],[],"[84, 555]","[1, 13, 14, 29, 54, 55, 56, 57, 58, 60, 102, 118, 125, 127, 130, 134, 146, 149, 153, 175, 182, 187, 189, 191, 197, 225, 230, 238, 264, 265, 266, 286, 302, 317, 336, 379, 388, 389, 425, 454, 458, 463, 475, 487, 498, 499, 512, 530, 531, 532, 533, 534, 536, 573, 589, 596, 598, 601, 605, 617, 620, 624, 646, 653, 658, 660, 662, 668, 689, 694, 702, 724, 725, 745, 760, 775, 793, 829, 838, 839, 877, 901, 903, 905, 910, 923]","[1, 13, 14, 29, 54, 55, 56, 57, 58, 60, 102, 118, 125, 127, 130, 134, 146, 149, 153, 175, 182, 187, 189, 191, 197, 225, 230, 238, 264, 265, 266, 286, 302, 317, 336, 354, 379, 388, 389, 425, 454, 458, 463, 475, 487, 498, 499, 512, 530, 531, 532, 533, 534, 536, 573, 589, 596, 598, 601, 605, 617, 620, 624, 646, 653, 658, 660, 662, 668, 689, 694, 702, 724, 725, 745, 760, 775, 793, 809, 829, 838, 839, 877, 901, 903, 905, 910, 923]","[512, 1, 13, 14, 530, 531, 532, 533, 534, 536, 29, 555, 54, 55, 56, 57, 58, 60, 573, 589, 84, 596, 598, 601, 605, 102, 617, 620, 624, 118, 125, 127, 130, 134, 646, 653, 146, 658, 660, 149, 662, 153, 668, 175, 689, 694, 182, 187, 189, 702, 191, 197, 724, 725, 225, 230, 745, 238, 760, 775, 264, 265, 266, 793, 286, 809, 302, 317, 829, 838, 839, 336, 354, 877, 379, 388, 389, 901, 903, 905, 910, 923, 425, 454, 458, 463, 475, 487, 498, 499]",False,[],[],[],[],"[84, 555]","[1, 13, 14, 29, 54, 55, 56, 57, 58, 60, 102, 118, 125, 127, 130, 134, 146, 149, 153, 175, 182, 187, 189, 191, 197, 225, 230, 238, 264, 265, 266, 286, 302, 317, 336, 354, 379, 388, 389, 425, 454, 458, 463, 475, 487, 498, 499, 512, 530, 531, 532, 533, 534, 536, 573, 589, 596, 598, 601, 605, 617, 620, 624, 646, 653, 658, 660, 662, 668, 689, 694, 702, 724, 725, 745, 760, 775, 793, 809, 829, 838, 839, 877, 901, 903, 905, 910, 923]","[1, 13, 14, 29, 54, 55, 56, 57, 58, 60, 102, 118, 125, 127, 130, 134, 146, 149, 153, 175, 182, 187, 189, 191, 197, 225, 230, 238, 264, 265, 266, 286, 302, 317, 336, 379, 388, 389, 425, 454, 458, 463, 475, 487, 498, 499, 512, 530, 531, 532, 533, 534, 536, 573, 589, 596, 598, 601, 605, 617, 620, 624, 646, 653, 658, 660, 662, 668, 689, 694, 702, 724, 725, 745, 760, 775, 793, 829, 838, 839, 877, 901, 903, 905, 910, 923]",0/6 successful match,False,,False,401,False,,1.0,True,J & L Truck Stop ( Shell ),Shell
Madras ( 97741 ) J & L Truck Stop ( Shell ),541-475-7027 992 US 26-97 S,24 S 24 2P,Madras,97741,J & L Truck Stop ( Shell ),541-475-7027,2016,Madras,OR,Shell,,992 US 26-97 S,Proper,,False,,False,US 26-97,,,,,[],[],[],[],[],"[84, 555]","[1, 13, 14, 29, 54, 55, 56, 57, 58, 60, 102, 118, 125, 127, 130, 134, 146, 149, 153, 175, 182, 187, 189, 191, 197, 225, 230, 238, 264, 265, 266, 286, 302, 317, 336, 379, 388, 389, 425, 454, 458, 463, 475, 487, 498, 499, 512, 530, 531, 532, 533, 534, 536, 573, 589, 596, 598, 601, 605, 617, 620, 624, 646, 653, 658, 660, 662, 668, 689, 694, 702, 724, 725, 745, 760, 775, 793, 829, 838, 839, 877, 901, 903, 905, 910, 923]","[1, 13, 14, 29, 54, 55, 56, 57, 58, 60, 102, 118, 125, 127, 130, 134, 146, 149, 153, 175, 182, 187, 189, 191, 197, 225, 230, 238, 264, 265, 266, 286, 302, 317, 336, 354, 379, 388, 389, 425, 454, 458, 463, 475, 487, 498, 499, 512, 530, 531, 532, 533, 534, 536, 573, 589, 596, 598, 601, 605, 617, 620, 624, 646, 653, 658, 660, 662, 668, 689, 694, 702, 724, 725, 745, 760, 775, 793, 809, 829, 838, 839, 877, 901, 903, 905, 910, 923]","[512, 1, 13, 14, 530, 531, 532, 533, 534, 536, 29, 555, 54, 55, 56, 57, 58, 60, 573, 589, 84, 596, 598, 601, 605, 102, 617, 620, 624, 118, 125, 127, 130, 134, 646, 653, 146, 658, 660, 149, 662, 153, 668, 175, 689, 694, 182, 187, 189, 702, 191, 197, 724, 725, 225, 230, 745, 238, 760, 775, 264, 265, 266, 793, 286, 809, 302, 317, 829, 838, 839, 336, 354, 877, 379, 388, 389, 901, 903, 905, 910, 923, 425, 454, 458, 463, 475, 487, 498, 499]",False,[],[],[],[],"[84, 555]","[1, 13, 14, 29, 54, 55, 56, 57, 58, 60, 102, 118, 125, 127, 130, 134, 146, 149, 153, 175, 182, 187, 189, 191, 197, 225, 230, 238, 264, 265, 266, 286, 302, 317, 336, 354, 379, 388, 389, 425, 454, 458, 463, 475, 487, 498, 499, 512, 530, 531, 532, 533, 534, 536, 573, 589, 596, 598, 601, 605, 617, 620, 624, 646, 653, 658, 660, 662, 668, 689, 694, 702, 724, 725, 745, 760, 775, 793, 809, 829, 838, 839, 877, 901, 903, 905, 910, 923]","[1, 13, 14, 29, 54, 55, 56, 57, 58, 60, 102, 118, 125, 127, 130, 134, 146, 149, 153, 175, 182, 187, 189, 191, 197, 225, 230, 238, 264, 265, 266, 286, 302, 317, 336, 379, 388, 389, 425, 454, 458, 463, 475, 487, 498, 499, 512, 530, 531, 532, 533, 534, 536, 573, 589, 596, 598, 601, 605, 617, 620, 624, 646, 653, 658, 660, 662, 668, 689, 694, 702, 724, 725, 745, 760, 775, 793, 829, 838, 839, 877, 901, 903, 905, 910, 923]",0/6 successful match,False,,False,401,False,,1.0,True,J & L Truck Stop ( Shell ),Shell
"Madras , 97741 Tiger Mart & Deli ( Chevron )",541-475-7127 1210 US 97 SW,,Madras,97741,Tiger Mart & Deli ( Chevron ),541-475-7127,2006,Madras,OR,Chevron,,1210 US 97 SW,Proper,,False,,False,US 97,,,,,[],[],[],[],[],[],"[12, 24, 25, 28, 88, 100, 104, 119, 123, 129, 136, 137, 139, 140, 141, 148, 155, 169, 172, 179, 183, 185, 188, 196, 198, 217, 237, 267, 270, 278, 319, 321, 324, 325, 330, 334, 335, 354, 366, 369, 380, 383, 384, 386, 395, 407, 411, 423, 428, 436, 437, 452, 453, 456, 467, 471, 477, 478, 479, 497, 508, 511, 559, 571, 575, 590, 594, 600, 607, 608, 610, 611, 612, 619, 627, 640, 643, 650, 654, 656, 659, 667, 669, 685, 701, 726, 729, 737, 777, 779, 782, 783, 787, 790, 791, 809, 817, 819, 830, 833, 834, 836, 845, 856, 857, 860, 862, 875, 880, 887, 888, 899, 900, 914, 918, 921, 928, 929, 930]","[12, 24, 25, 28, 88, 100, 104, 119, 123, 129, 132, 136, 137, 139, 140, 141, 148, 155, 169, 172, 179, 183, 185, 188, 196, 198, 217, 237, 267, 270, 278, 319, 321, 324, 325, 330, 334, 335, 354, 366, 369, 380, 383, 384, 386, 395, 407, 411, 423, 428, 436, 437, 452, 453, 456, 467, 471, 477, 478, 479, 497, 508, 511, 559, 571, 575, 590, 594, 600, 603, 607, 608, 610, 611, 612, 619, 627, 640, 643, 650, 654, 656, 659, 667, 669, 685, 701, 726, 729, 737, 777, 779, 782, 783, 787, 790, 791, 809, 817, 819, 830, 833, 834, 836, 845, 856, 857, 860, 862, 875, 880, 887, 888, 899, 900, 914, 918, 921, 928, 929, 930]","[12, 24, 25, 28, 559, 571, 575, 590, 594, 88, 600, 603, 607, 608, 610, 611, 100, 612, 104, 619, 627, 119, 123, 640, 129, 643, 132, 136, 137, 650, 139, 140, 141, 654, 656, 659, 148, 155, 667, 669, 169, 172, 685, 179, 183, 185, 188, 701, 196, 198, 726, 217, 729, 737, 237, 777, 267, 779, 270, 782, 783, 787, 278, 790, 791, 809, 817, 819, 830, 319, 321, 833, 834, 324, 325, 836, 330, 845, 334, 335, 856, 857, 860, 862, 354, 875, 366, 880, 369, 887, 888, 380, 383, 384, 386, 899, 900, 395, 914, 918, 407, 921, 411, 928, 929, 930, 423, 428, 436, 437, 452, 453, 456, 467, 471, 477, 478, 479, 497, 508, 511]",False,[],[],[],[],[],"[12, 24, 25, 28, 88, 100, 104, 119, 123, 129, 132, 136, 137, 139, 140, 141, 148, 155, 169, 172, 179, 183, 185, 188, 196, 198, 217, 237, 267, 270, 278, 319, 321, 324, 325, 330, 334, 335, 354, 366, 369, 380, 383, 384, 386, 395, 407, 411, 423, 428, 436, 437, 452, 453, 456, 467, 471, 477, 478, 479, 497, 508, 511, 559, 571, 575, 590, 594, 600, 603, 607, 608, 610, 611, 612, 619, 627, 640, 643, 650, 654, 656, 659, 667, 669, 685, 701, 726, 729, 737, 777, 779, 782, 783, 787, 790, 791, 809, 817, 819, 830, 833, 834, 836, 845, 856, 857, 860, 862, 875, 880, 887, 888, 899, 900, 914, 918, 921, 928, 929, 930]","[12, 24, 25, 28, 88, 100, 104, 119, 123, 129, 136, 137, 139, 140, 141, 148, 155, 169, 172, 179, 183, 185, 188, 196, 198, 217, 237, 267, 270, 278, 319, 321, 324, 325, 330, 334, 335, 354, 366, 369, 380, 383, 384, 386, 395, 407, 411, 423, 428, 436, 437, 452, 453, 456, 467, 471, 477, 478, 479, 497, 508, 511, 559, 571, 575, 590, 594, 600, 607, 608, 610, 611, 612, 619, 627, 640, 643, 650, 654, 656, 659, 667, 669, 685, 701, 726, 729, 737, 777, 779, 782, 783, 787, 790, 791, 809, 817, 819, 830, 833, 834, 836, 845, 856, 857, 860, 862, 875, 880, 887, 888, 899, 900, 914, 918, 921, 928, 929, 930]",0/6 successful match,False,,False,402,False,,,,,
"Madras , 97741 Tiger Mart & Deli ( Chevron )",541-475-7127 1210 US 97 SW,S <U+2610> <U+2610>,Madras,97741,Tiger Mart & Deli ( Chevron ),541-475-7127,2007,Madras,OR,Chevron,,1210 US 97 SW,Proper,,False,,False,US 97,,,,,[],[],[],[],[],[],"[12, 24, 25, 28, 88, 100, 104, 119, 123, 129, 136, 137, 139, 140, 141, 148, 155, 169, 172, 179, 183, 185, 188, 196, 198, 217, 237, 267, 270, 278, 319, 321, 324, 325, 330, 334, 335, 354, 366, 369, 380, 383, 384, 386, 395, 407, 411, 423, 428, 436, 437, 452, 453, 456, 467, 471, 477, 478, 479, 497, 508, 511, 559, 571, 575, 590, 594, 600, 607, 608, 610, 611, 612, 619, 627, 640, 643, 650, 654, 656, 659, 667, 669, 685, 701, 726, 729, 737, 777, 779, 782, 783, 787, 790, 791, 809, 817, 819, 830, 833, 834, 836, 845, 856, 857, 860, 862, 875, 880, 887, 888, 899, 900, 914, 918, 921, 928, 929, 930]","[12, 24, 25, 28, 88, 100, 104, 119, 123, 129, 132, 136, 137, 139, 140, 141, 148, 155, 169, 172, 179, 183, 185, 188, 196, 198, 217, 237, 267, 270, 278, 319, 321, 324, 325, 330, 334, 335, 354, 366, 369, 380, 383, 384, 386, 395, 407, 411, 423, 428, 436, 437, 452, 453, 456, 467, 471, 477, 478, 479, 497, 508, 511, 559, 571, 575, 590, 594, 600, 603, 607, 608, 610, 611, 612, 619, 627, 640, 643, 650, 654, 656, 659, 667, 669, 685, 701, 726, 729, 737, 777, 779, 782, 783, 787, 790, 791, 809, 817, 819, 830, 833, 834, 836, 845, 856, 857, 860, 862, 875, 880, 887, 888, 899, 900, 914, 918, 921, 928, 929, 930]","[12, 24, 25, 28, 559, 571, 575, 590, 594, 88, 600, 603, 607, 608, 610, 611, 100, 612, 104, 619, 627, 119, 123, 640, 129, 643, 132, 136, 137, 650, 139, 140, 141, 654, 656, 659, 148, 155, 667, 669, 169, 172, 685, 179, 183, 185, 188, 701, 196, 198, 726, 217, 729, 737, 237, 777, 267, 779, 270, 782, 783, 787, 278, 790, 791, 809, 817, 819, 830, 319, 321, 833, 834, 324, 325, 836, 330, 845, 334, 335, 856, 857, 860, 862, 354, 875, 366, 880, 369, 887, 888, 380, 383, 384, 386, 899, 900, 395, 914, 918, 407, 921, 411, 928, 929, 930, 423, 428, 436, 437, 452, 453, 456, 467, 471, 477, 478, 479, 497, 508, 511]",False,[],[],[],[],[],"[12, 24, 25, 28, 88, 100, 104, 119, 123, 129, 132, 136, 137, 139, 140, 141, 148, 155, 169, 172, 179, 183, 185, 188, 196, 198, 217, 237, 267, 270, 278, 319, 321, 324, 325, 330, 334, 335, 354, 366, 369, 380, 383, 384, 386, 395, 407, 411, 423, 428, 436, 437, 452, 453, 456, 467, 471, 477, 478, 479, 497, 508, 511, 559, 571, 575, 590, 594, 600, 603, 607, 608, 610, 611, 612, 619, 627, 640, 643, 650, 654, 656, 659, 667, 669, 685, 701, 726, 729, 737, 777, 779, 782, 783, 787, 790, 791, 809, 817, 819, 830, 833, 834, 836, 845, 856, 857, 860, 862, 875, 880, 887, 888, 899, 900, 914, 918, 921, 928, 929, 930]","[12, 24, 25, 28, 88, 100, 104, 119, 123, 129, 136, 137, 139, 140, 141, 148, 155, 169, 172, 179, 183, 185, 188, 196, 198, 217, 237, 267, 270, 278, 319, 321, 324, 325, 330, 334, 335, 354, 366, 369, 380, 383, 384, 386, 395, 407, 411, 423, 428, 436, 437, 452, 453, 456, 467, 471, 477, 478, 479, 497, 508, 511, 559, 571, 575, 590, 594, 600, 607, 608, 610, 611, 612, 619, 627, 640, 643, 650, 654, 656, 659, 667, 669, 685, 701, 726, 729, 737, 777, 779, 782, 783, 787, 790, 791, 809, 817, 819, 830, 833, 834, 836, 845, 856, 857, 860, 862, 875, 880, 887, 888, 899, 900, 914, 918, 921, 928, 929, 930]",0/6 successful match,False,,False,402,False,,1.0,True,Tiger Mart & Deli ( Chevron ),Chevron
"Madras , 97741 Tiger Mart & Deli ( Chevron )",541-475-7127 1210 US 97 SW,24 S 10 <U+2610><U+2610>,Madras,97741,Tiger Mart & Deli ( Chevron ),541-475-7127,2008,Madras,OR,Chevron,,1210 US 97 SW,Proper,,False,,False,US 97,,,,,[],[],[],[],[],[],"[12, 24, 25, 28, 88, 100, 104, 119, 123, 129, 136, 137, 139, 140, 141, 148, 155, 169, 172, 179, 183, 185, 188, 196, 198, 217, 237, 267, 270, 278, 319, 321, 324, 325, 330, 334, 335, 354, 366, 369, 380, 383, 384, 386, 395, 407, 411, 423, 428, 436, 437, 452, 453, 456, 467, 471, 477, 478, 479, 497, 508, 511, 559, 571, 575, 590, 594, 600, 607, 608, 610, 611, 612, 619, 627, 640, 643, 650, 654, 656, 659, 667, 669, 685, 701, 726, 729, 737, 777, 779, 782, 783, 787, 790, 791, 809, 817, 819, 830, 833, 834, 836, 845, 856, 857, 860, 862, 875, 880, 887, 888, 899, 900, 914, 918, 921, 928, 929, 930]","[12, 24, 25, 28, 88, 100, 104, 119, 123, 129, 132, 136, 137, 139, 140, 141, 148, 155, 169, 172, 179, 183, 185, 188, 196, 198, 217, 237, 267, 270, 278, 319, 321, 324, 325, 330, 334, 335, 354, 366, 369, 380, 383, 384, 386, 395, 407, 411, 423, 428, 436, 437, 452, 453, 456, 467, 471, 477, 478, 479, 497, 508, 511, 559, 571, 575, 590, 594, 600, 603, 607, 608, 610, 611, 612, 619, 627, 640, 643, 650, 654, 656, 659, 667, 669, 685, 701, 726, 729, 737, 777, 779, 782, 783, 787, 790, 791, 809, 817, 819, 830, 833, 834, 836, 845, 856, 857, 860, 862, 875, 880, 887, 888, 899, 900, 914, 918, 921, 928, 929, 930]","[12, 24, 25, 28, 559, 571, 575, 590, 594, 88, 600, 603, 607, 608, 610, 611, 100, 612, 104, 619, 627, 119, 123, 640, 129, 643, 132, 136, 137, 650, 139, 140, 141, 654, 656, 659, 148, 155, 667, 669, 169, 172, 685, 179, 183, 185, 188, 701, 196, 198, 726, 217, 729, 737, 237, 777, 267, 779, 270, 782, 783, 787, 278, 790, 791, 809, 817, 819, 830, 319, 321, 833, 834, 324, 325, 836, 330, 845, 334, 335, 856, 857, 860, 862, 354, 875, 366, 880, 369, 887, 888, 380, 383, 384, 386, 899, 900, 395, 914, 918, 407, 921, 411, 928, 929, 930, 423, 428, 436, 437, 452, 453, 456, 467, 471, 477, 478, 479, 497, 508, 511]",False,[],[],[],[],[],"[12, 24, 25, 28, 88, 100, 104, 119, 123, 129, 132, 136, 137, 139, 140, 141, 148, 155, 169, 172, 179, 183, 185, 188, 196, 198, 217, 237, 267, 270, 278, 319, 321, 324, 325, 330, 334, 335, 354, 366, 369, 380, 383, 384, 386, 395, 407, 411, 423, 428, 436, 437, 452, 453, 456, 467, 471, 477, 478, 479, 497, 508, 511, 559, 571, 575, 590, 594, 600, 603, 607, 608, 610, 611, 612, 619, 627, 640, 643, 650, 654, 656, 659, 667, 669, 685, 701, 726, 729, 737, 777, 779, 782, 783, 787, 790, 791, 809, 817, 819, 830, 833, 834, 836, 845, 856, 857, 860, 862, 875, 880, 887, 888, 899, 900, 914, 918, 921, 928, 929, 930]","[12, 24, 25, 28, 88, 100, 104, 119, 123, 129, 136, 137, 139, 140, 141, 148, 155, 169, 172, 179, 183, 185, 188, 196, 198, 217, 237, 267, 270, 278, 319, 321, 324, 325, 330, 334, 335, 354, 366, 369, 380, 383, 384, 386, 395, 407, 411, 423, 428, 436, 437, 452, 453, 456, 467, 471, 477, 478, 479, 497, 508, 511, 559, 571, 575, 590, 594, 600, 607, 608, 610, 611, 612, 619, 627, 640, 643, 650, 654, 656, 659, 667, 669, 685, 701, 726, 729, 737, 777, 779, 782, 783, 787, 790, 791, 809, 817, 819, 830, 833, 834, 836, 845, 856, 857, 860, 862, 875, 880, 887, 888, 899, 900, 914, 918, 921, 928, 929, 930]",0/6 successful match,False,,False,402,False,,1.0,True,Tiger Mart & Deli ( Chevron ),Chevron
Madras ( 97741 ) Tiger Mart & Deli ( Chevron ),541-475-7127 1210 US 97 SW,24 S O,Madras,97741,Tiger Mart & Deli ( Chevron ),541-475-7127,2014,Madras,OR,Chevron,,1210 US 97 SW,Proper,,False,,False,US 97,,,,,[],[],[],[],[],[],"[12, 24, 25, 28, 88, 100, 104, 119, 123, 129, 136, 137, 139, 140, 141, 148, 155, 169, 172, 179, 183, 185, 188, 196, 198, 217, 237, 267, 270, 278, 319, 321, 324, 325, 330, 334, 335, 354, 366, 369, 380, 383, 384, 386, 395, 407, 411, 423, 428, 436, 437, 452, 453, 456, 467, 471, 477, 478, 479, 497, 508, 511, 559, 571, 575, 590, 594, 600, 607, 608, 610, 611, 612, 619, 627, 640, 643, 650, 654, 656, 659, 667, 669, 685, 701, 726, 729, 737, 777, 779, 782, 783, 787, 790, 791, 809, 817, 819, 830, 833, 834, 836, 845, 856, 857, 860, 862, 875, 880, 887, 888, 899, 900, 914, 918, 921, 928, 929, 930]","[12, 24, 25, 28, 88, 100, 104, 119, 123, 129, 132, 136, 137, 139, 140, 141, 148, 155, 169, 172, 179, 183, 185, 188, 196, 198, 217, 237, 267, 270, 278, 319, 321, 324, 325, 330, 334, 335, 354, 366, 369, 380, 383, 384, 386, 395, 407, 411, 423, 428, 436, 437, 452, 453, 456, 467, 471, 477, 478, 479, 497, 508, 511, 559, 571, 575, 590, 594, 600, 603, 607, 608, 610, 611, 612, 619, 627, 640, 643, 650, 654, 656, 659, 667, 669, 685, 701, 726, 729, 737, 777, 779, 782, 783, 787, 790, 791, 809, 817, 819, 830, 833, 834, 836, 845, 856, 857, 860, 862, 875, 880, 887, 888, 899, 900, 914, 918, 921, 928, 929, 930]","[12, 24, 25, 28, 559, 571, 575, 590, 594, 88, 600, 603, 607, 608, 610, 611, 100, 612, 104, 619, 627, 119, 123, 640, 129, 643, 132, 136, 137, 650, 139, 140, 141, 654, 656, 659, 148, 155, 667, 669, 169, 172, 685, 179, 183, 185, 188, 701, 196, 198, 726, 217, 729, 737, 237, 777, 267, 779, 270, 782, 783, 787, 278, 790, 791, 809, 817, 819, 830, 319, 321, 833, 834, 324, 325, 836, 330, 845, 334, 335, 856, 857, 860, 862, 354, 875, 366, 880, 369, 887, 888, 380, 383, 384, 386, 899, 900, 395, 914, 918, 407, 921, 411, 928, 929, 930, 423, 428, 436, 437, 452, 453, 456, 467, 471, 477, 478, 479, 497, 508, 511]",False,[],[],[],[],[],"[12, 24, 25, 28, 88, 100, 104, 119, 123, 129, 132, 136, 137, 139, 140, 141, 148, 155, 169, 172, 179, 183, 185, 188, 196, 198, 217, 237, 267, 270, 278, 319, 321, 324, 325, 330, 334, 335, 354, 366, 369, 380, 383, 384, 386, 395, 407, 411, 423, 428, 436, 437, 452, 453, 456, 467, 471, 477, 478, 479, 497, 508, 511, 559, 571, 575, 590, 594, 600, 603, 607, 608, 610, 611, 612, 619, 627, 640, 643, 650, 654, 656, 659, 667, 669, 685, 701, 726, 729, 737, 777, 779, 782, 783, 787, 790, 791, 809, 817, 819, 830, 833, 834, 836, 845, 856, 857, 860, 862, 875, 880, 887, 888, 899, 900, 914, 918, 921, 928, 929, 930]","[12, 24, 25, 28, 88, 100, 104, 119, 123, 129, 136, 137, 139, 140, 141, 148, 155, 169, 172, 179, 183, 185, 188, 196, 198, 217, 237, 267, 270, 278, 319, 321, 324, 325, 330, 334, 335, 354, 366, 369, 380, 383, 384, 386, 395, 407, 411, 423, 428, 436, 437, 452, 453, 456, 467, 471, 477, 478, 479, 497, 508, 511, 559, 571, 575, 590, 594, 600, 607, 608, 610, 611, 612, 619, 627, 640, 643, 650, 654, 656, 659, 667, 669, 685, 701, 726, 729, 737, 777, 779, 782, 783, 787, 790, 791, 809, 817, 819, 830, 833, 834, 836, 845, 856, 857, 860, 862, 875, 880, 887, 888, 899, 900, 914, 918, 921, 928, 929, 930]",0/6 successful match,False,,False,402,False,,1.0,True,Tiger Mart & Deli ( Chevron ),Chevron
Madras ( 97741 ) Circle K ( Chevron ),4 541-475-7127 1210 US 97 SW,24 S,Madras,97741,Circle K ( Chevron ),541-475-7127,2015,Madras,OR,Circle K,,1210 US 97 SW,Proper,,False,,False,US 97,,,,,[],[],[],[],[],[],"[6, 7, 492, 493]","[12, 24, 25, 28, 88, 100, 104, 119, 123, 129, 136, 137, 139, 140, 141, 148, 155, 169, 172, 179, 183, 185, 188, 196, 198, 217, 237, 267, 270, 278, 319, 321, 324, 325, 330, 334, 335, 354, 366, 369, 380, 383, 384, 386, 395, 407, 411, 423, 428, 436, 437, 452, 453, 456, 467, 471, 477, 478, 479, 497, 508, 511, 559, 571, 575, 590, 594, 600, 607, 608, 610, 611, 612, 619, 627, 640, 643, 650, 654, 656, 659, 667, 669, 685, 701, 726, 729, 737, 777, 779, 782, 783, 787, 790, 791, 809, 817, 819, 830, 833, 834, 836, 845, 856, 857, 860, 862, 875, 880, 887, 888, 899, 900, 914, 918, 921, 928, 929, 930]","[6, 7, 12, 24, 25, 28, 559, 571, 575, 590, 594, 88, 600, 607, 608, 610, 611, 100, 612, 104, 619, 627, 119, 123, 640, 129, 643, 136, 137, 650, 139, 140, 141, 654, 656, 659, 148, 155, 667, 669, 169, 172, 685, 179, 183, 185, 188, 701, 196, 198, 726, 217, 729, 737, 237, 777, 267, 779, 270, 782, 783, 787, 278, 790, 791, 809, 817, 819, 830, 319, 321, 833, 834, 324, 325, 836, 330, 845, 334, 335, 856, 857, 860, 862, 354, 875, 366, 880, 369, 887, 888, 380, 383, 384, 386, 899, 900, 395, 914, 918, 407, 921, 411, 928, 929, 930, 423, 428, 436, 437, 452, 453, 456, 467, 471, 477, 478, 479, 492, 493, 497, 508, 511]",False,[],[],[],[],[],"[12, 24, 25, 28, 88, 100, 104, 119, 123, 129, 136, 137, 139, 140, 141, 148, 155, 169, 172, 179, 183, 185, 188, 196, 198, 217, 237, 267, 270, 278, 319, 321, 324, 325, 330, 334, 335, 354, 366, 369, 380, 383, 384, 386, 395, 407, 411, 423, 428, 436, 437, 452, 453, 456, 467, 471, 477, 478, 479, 497, 508, 511, 559, 571, 575, 590, 594, 600, 607, 608, 610, 611, 612, 619, 627, 640, 643, 650, 654, 656, 659, 667, 669, 685, 701, 726, 729, 737, 777, 779, 782, 783, 787, 790, 791, 809, 817, 819, 830, 833, 834, 836, 845, 856, 857, 860, 862, 875, 880, 887, 888, 899, 900, 914, 918, 921, 928, 929, 930]","[6, 7, 492, 493]",0/6 successful match,False,,False,402,False,,0.8061224489795918,False,Tiger Mart & Deli ( Chevron ),Chevron
Madras ( 97741 ) Circle K ( Chevron ),541-475-7127 1210 US 97 SW,24 S <U+2610> 24 BOO,Madras,97741,Circle K ( Chevron ),541-475-7127,2016,Madras,OR,Circle K,,1210 US 97 SW,Proper,,False,,False,US 97,,,,,[],[],[],[],[],[],"[6, 7, 492, 493]","[12, 24, 25, 28, 88, 100, 104, 119, 123, 129, 136, 137, 139, 140, 141, 148, 155, 169, 172, 179, 183, 185, 188, 196, 198, 217, 237, 267, 270, 278, 319, 321, 324, 325, 330, 334, 335, 354, 366, 369, 380, 383, 384, 386, 395, 407, 411, 423, 428, 436, 437, 452, 453, 456, 467, 471, 477, 478, 479, 497, 508, 511, 559, 571, 575, 590, 594, 600, 607, 608, 610, 611, 612, 619, 627, 640, 643, 650, 654, 656, 659, 667, 669, 685, 701, 726, 729, 737, 777, 779, 782, 783, 787, 790, 791, 809, 817, 819, 830, 833, 834, 836, 845, 856, 857, 860, 862, 875, 880, 887, 888, 899, 900, 914, 918, 921, 928, 929, 930]","[6, 7, 12, 24, 25, 28, 559, 571, 575, 590, 594, 88, 600, 607, 608, 610, 611, 100, 612, 104, 619, 627, 119, 123, 640, 129, 643, 136, 137, 650, 139, 140, 141, 654, 656, 659, 148, 155, 667, 669, 169, 172, 685, 179, 183, 185, 188, 701, 196, 198, 726, 217, 729, 737, 237, 777, 267, 779, 270, 782, 783, 787, 278, 790, 791, 809, 817, 819, 830, 319, 321, 833, 834, 324, 325, 836, 330, 845, 334, 335, 856, 857, 860, 862, 354, 875, 366, 880, 369, 887, 888, 380, 383, 384, 386, 899, 900, 395, 914, 918, 407, 921, 411, 928, 929, 930, 423, 428, 436, 437, 452, 453, 456, 467, 471, 477, 478, 479, 492, 493, 497, 508, 511]",False,[],[],[],[],[],"[12, 24, 25, 28, 88, 100, 104, 119, 123, 129, 136, 137, 139, 140, 141, 148, 155, 169, 172, 179, 183, 185, 188, 196, 198, 217, 237, 267, 270, 278, 319, 321, 324, 325, 330, 334, 335, 354, 366, 369, 380, 383, 384, 386, 395, 407, 411, 423, 428, 436, 437, 452, 453, 456, 467, 471, 477, 478, 479, 497, 508, 511, 559, 571, 575, 590, 594, 600, 607, 608, 610, 611, 612, 619, 627, 640, 643, 650, 654, 656, 659, 667, 669, 685, 701, 726, 729, 737, 777, 779, 782, 783, 787, 790, 791, 809, 817, 819, 830, 833, 834, 836, 845, 856, 857, 860, 862, 875, 880, 887, 888, 899, 900, 914, 918, 921, 928, 929, 930]","[6, 7, 492, 493]",0/6 successful match,False,,False,402,False,,1.0,True,Circle K ( Chevron ),Circle K
"Mission , 97801 Arrowhead Travel Plaza",541-276-8080 I-84 Exit 216,,Mission,97801,Arrowhead Travel Plaza,541-276-8080,2006,Pendleton,OR,,,I-84 Exit 216,Exit,216,False,,False,I-84,,,,,[],[],[],[],[],"[402, 416, 422, 423, 465, 851, 867, 874, 875, 912]",[],[],"[416, 867, 422, 423, 874, 875, 912, 465, 402, 851]",False,[],[],[],[],"[402, 416, 422, 423, 465, 851, 867, 874, 875, 912]",[],[],0/6 successful match,False,,False,403,False,,,,,
"B Mission , 97801 Arrowhead Travel Plaza",541-276-8080 I-84 Exit 216,NR . <U+2610>,Mission,97801,Arrowhead Travel Plaza,541-276-8080,2007,Pendleton,OR,,,I-84 Exit 216,Exit,216,False,,False,I-84,,,,,[],[],[],[],[],"[402, 416, 422, 423, 465, 851, 867, 874, 875, 912]",[],[],"[416, 867, 422, 423, 874, 875, 912, 465, 402, 851]",False,[],[],[],[],"[402, 416, 422, 423, 465, 851, 867, 874, 875, 912]",[],[],0/6 successful match,False,,False,403,False,,0.8999999999999999,True,Arrowhead Travel Plaza,
"B Mission , 97801 Arrowhead Travel Plaza",6 541-276-8080 I-84 Exit 216,FRS 24 X <U+2610> <U+2610> <U+2610> <U+2610> <U+2610>,Mission,97801,Arrowhead Travel Plaza,541-276-8080,2008,Pendleton,OR,,,I-84 Exit 216,Exit,216,False,,False,I-84,,,,,[],[],[],[],[],"[402, 416, 422, 423, 465, 851, 867, 874, 875, 912]",[],[],"[416, 867, 422, 423, 874, 875, 912, 465, 402, 851]",False,[],[],[],[],"[402, 416, 422, 423, 465, 851, 867, 874, 875, 912]",[],[],0/6 successful match,False,,False,403,False,,0.8999999999999999,True,Arrowhead Travel Plaza,
Mission ( 97801 ) Arrowhead Travel Plaza,6 541-276-8080 I-84 Exit 216,24 XL,Mission,97801,Arrowhead Travel Plaza,541-276-8080,2014,Pendleton,OR,,,I-84 Exit 216,Exit,216,False,,False,I-84,,,,,[],[],[],[],[],"[402, 416, 422, 423, 465, 851, 867, 874, 875, 912]",[],[],"[416, 867, 422, 423, 874, 875, 912, 465, 402, 851]",False,[],[],[],[],"[402, 416, 422, 423, 465, 851, 867, 874, 875, 912]",[],[],0/6 successful match,False,,False,403,False,,0.8999999999999999,True,Arrowhead Travel Plaza,
B Mission ( 97801 ) Arrowhead Travel Plaza,541-276-8080 I-84 Exit 216 AMCREST,24 XL,Mission,97801,Arrowhead Travel Plaza,541-276-8080,2015,Pendleton,OR,,,I-84 Exit 216 AMCREST,Exit,216,False,,False,I-84,,,,,[],[],[],[],[],"[402, 416, 422, 423, 465, 851, 867, 874, 875, 912]",[],[],"[416, 867, 422, 423, 874, 875, 912, 465, 402, 851]",False,[],[],[],[],"[402, 416, 422, 423, 465, 851, 867, 874, 875, 912]",[],[],0/6 successful match,False,,False,403,False,,0.8999999999999999,True,Arrowhead Travel Plaza,
B Mission ( 97801 ) Arrowhead Travel Plaza,541-276-8080 I-84 Exit 216,24 XL 0240,Mission,97801,Arrowhead Travel Plaza,541-276-8080,2016,Pendleton,OR,,,I-84 Exit 216,Exit,216,False,,False,I-84,,,,,[],[],[],[],[],"[402, 416, 422, 423, 465, 851, 867, 874, 875, 912]",[],[],"[416, 867, 422, 423, 874, 875, 912, 465, 402, 851]",False,[],[],[],[],"[402, 416, 422, 423, 465, 851, 867, 874, 875, 912]",[],[],0/6 successful match,False,,False,403,False,,0.8999999999999999,True,Arrowhead Travel Plaza,
"Baker City , 97814 Baker Truck Corral ( Sinclair )",541-523-3952 I-84 Exit 304 ( Campbell St ),<U+25A1> O,Baker City,97814,Baker Truck Corral ( Sinclair ),541-523-3952,2006,Baker City,OR,Sinclair,( Campbell St ),I-84 Exit 304 ,Exit,304,False,,False,I-84,,,,,[],[],"[125, 265, 317, 596, 725, 775]",[],[],"[402, 416, 422, 423, 465, 851, 867, 874, 875, 912]","[31, 142, 147, 180, 338, 352, 367, 387, 403, 405, 408, 410, 455, 465, 466, 468, 470, 472, 473, 483, 484, 514, 613, 618, 651, 794, 807, 837, 852, 854, 858, 861, 902, 912, 913, 915, 917, 919, 920, 931, 934, 935]","[31, 125, 142, 147, 180, 338, 352, 367, 387, 403, 405, 408, 410, 455, 465, 466, 468, 470, 472, 473, 483, 484, 514, 596, 613, 618, 651, 794, 807, 837, 852, 854, 858, 861, 902, 912, 913, 915, 917, 919, 920, 931, 934, 935]","[514, 387, 902, 775, 265, 651, 142, 912, 913, 402, 147, 403, 405, 915, 917, 408, 919, 410, 794, 920, 31, 416, 931, 422, 423, 807, 934, 935, 180, 317, 837, 455, 465, 338, 851, 596, 725, 466, 468, 470, 472, 473, 852, 854, 858, 861, 352, 867, 483, 484, 613, 874, 875, 618, 367, 125]",False,[],[],"[125, 265, 317, 596, 725, 775]",[],"[402, 416, 422, 423, 465, 851, 867, 874, 875, 912]","[31, 125, 142, 147, 180, 338, 352, 367, 387, 403, 405, 408, 410, 455, 465, 466, 468, 470, 472, 473, 483, 484, 514, 596, 613, 618, 651, 794, 807, 837, 852, 854, 858, 861, 902, 912, 913, 915, 917, 919, 920, 931, 934, 935]","[31, 142, 147, 180, 338, 352, 367, 387, 403, 405, 408, 410, 455, 465, 466, 468, 470, 472, 473, 483, 484, 514, 613, 618, 651, 794, 807, 837, 852, 854, 858, 861, 902, 912, 913, 915, 917, 919, 920, 931, 934, 935]",0/6 successful match,False,,False,404,False,,,,,
"Baker City , 97814 Baker Truck Corral ( Sinclair )",541-523-3952 I-84 Exit 304 ( Campbell St ),<U+2610>,Baker City,97814,Baker Truck Corral ( Sinclair ),541-523-3952,2007,Baker City,OR,Sinclair,( Campbell St ),I-84 Exit 304 ,Exit,304,False,,False,I-84,,,,,[],[],"[125, 265, 317, 596, 725, 775]",[],[],"[402, 416, 422, 423, 465, 851, 867, 874, 875, 912]","[31, 142, 147, 180, 338, 352, 367, 387, 403, 405, 408, 410, 455, 465, 466, 468, 470, 472, 473, 483, 484, 514, 613, 618, 651, 794, 807, 837, 852, 854, 858, 861, 902, 912, 913, 915, 917, 919, 920, 931, 934, 935]","[31, 125, 142, 147, 180, 338, 352, 367, 387, 403, 405, 408, 410, 455, 465, 466, 468, 470, 472, 473, 483, 484, 514, 596, 613, 618, 651, 794, 807, 837, 852, 854, 858, 861, 902, 912, 913, 915, 917, 919, 920, 931, 934, 935]","[514, 387, 902, 775, 265, 651, 142, 912, 913, 402, 147, 403, 405, 915, 917, 408, 919, 410, 794, 920, 31, 416, 931, 422, 423, 807, 934, 935, 180, 317, 837, 455, 465, 338, 851, 596, 725, 466, 468, 470, 472, 473, 852, 854, 858, 861, 352, 867, 483, 484, 613, 874, 875, 618, 367, 125]",False,[],[],"[125, 265, 317, 596, 725, 775]",[],"[402, 416, 422, 423, 465, 851, 867, 874, 875, 912]","[31, 125, 142, 147, 180, 338, 352, 367, 387, 403, 405, 408, 410, 455, 465, 466, 468, 470, 472, 473, 483, 484, 514, 596, 613, 618, 651, 794, 807, 837, 852, 854, 858, 861, 902, 912, 913, 915, 917, 919, 920, 931, 934, 935]","[31, 142, 147, 180, 338, 352, 367, 387, 403, 405, 408, 410, 455, 465, 466, 468, 470, 472, 473, 483, 484, 514, 613, 618, 651, 794, 807, 837, 852, 854, 858, 861, 902, 912, 913, 915, 917, 919, 920, 931, 934, 935]",0/6 successful match,False,,False,404,False,,1.0,True,Baker Truck Corral ( Sinclair ),Sinclair
"Baker City , 97814 Baker Truck Corral ( Sinclair )",541-523-3952 I-84 Exit 304 ( St ),24 XL,Baker City,97814,Baker Truck Corral ( Sinclair ),541-523-3952,2008,Baker City,OR,Sinclair,( St ),I-84 Exit 304 ,Exit,304,False,,False,I-84,,,,,[],[],"[125, 265, 317, 596, 725, 775]",[],[],"[402, 416, 422, 423, 465, 851, 867, 874, 875, 912]","[31, 142, 147, 180, 338, 352, 367, 387, 403, 405, 408, 410, 455, 465, 466, 468, 470, 472, 473, 483, 484, 514, 613, 618, 651, 794, 807, 837, 852, 854, 858, 861, 902, 912, 913, 915, 917, 919, 920, 931, 934, 935]","[31, 125, 142, 147, 180, 338, 352, 367, 387, 403, 405, 408, 410, 455, 465, 466, 468, 470, 472, 473, 483, 484, 514, 596, 613, 618, 651, 794, 807, 837, 852, 854, 858, 861, 902, 912, 913, 915, 917, 919, 920, 931, 934, 935]","[514, 387, 902, 775, 265, 651, 142, 912, 913, 402, 147, 403, 405, 915, 917, 408, 919, 410, 794, 920, 31, 416, 931, 422, 423, 807, 934, 935, 180, 317, 837, 455, 465, 338, 851, 596, 725, 466, 468, 470, 472, 473, 852, 854, 858, 861, 352, 867, 483, 484, 613, 874, 875, 618, 367, 125]",False,[],[],"[125, 265, 317, 596, 725, 775]",[],"[402, 416, 422, 423, 465, 851, 867, 874, 875, 912]","[31, 125, 142, 147, 180, 338, 352, 367, 387, 403, 405, 408, 410, 455, 465, 466, 468, 470, 472, 473, 483, 484, 514, 596, 613, 618, 651, 794, 807, 837, 852, 854, 858, 861, 902, 912, 913, 915, 917, 919, 920, 931, 934, 935]","[31, 142, 147, 180, 338, 352, 367, 387, 403, 405, 408, 410, 455, 465, 466, 468, 470, 472, 473, 483, 484, 514, 613, 618, 651, 794, 807, 837, 852, 854, 858, 861, 902, 912, 913, 915, 917, 919, 920, 931, 934, 935]",0/6 successful match,False,,False,404,False,,1.0,True,Baker Truck Corral ( Sinclair ),Sinclair
Baker City ( 97814 ) Baker Truck Corral ( Sinclair ),541-523-3952 I-84 Exit 304 ( Campbell St ),24 XL 24,Baker City,97814,Baker Truck Corral ( Sinclair ),541-523-3952,2014,Baker City,OR,Sinclair,( Campbell St ),I-84 Exit 304 ,Exit,304,False,,False,I-84,,,,,[],[],"[125, 265, 317, 596, 725, 775]",[],[],"[402, 416, 422, 423, 465, 851, 867, 874, 875, 912]","[31, 142, 147, 180, 338, 352, 367, 387, 403, 405, 408, 410, 455, 465, 466, 468, 470, 472, 473, 483, 484, 514, 613, 618, 651, 794, 807, 837, 852, 854, 858, 861, 902, 912, 913, 915, 917, 919, 920, 931, 934, 935]","[31, 125, 142, 147, 180, 338, 352, 367, 387, 403, 405, 408, 410, 455, 465, 466, 468, 470, 472, 473, 483, 484, 514, 596, 613, 618, 651, 794, 807, 837, 852, 854, 858, 861, 902, 912, 913, 915, 917, 919, 920, 931, 934, 935]","[514, 387, 902, 775, 265, 651, 142, 912, 913, 402, 147, 403, 405, 915, 917, 408, 919, 410, 794, 920, 31, 416, 931, 422, 423, 807, 934, 935, 180, 317, 837, 455, 465, 338, 851, 596, 725, 466, 468, 470, 472, 473, 852, 854, 858, 861, 352, 867, 483, 484, 613, 874, 875, 618, 367, 125]",False,[],[],"[125, 265, 317, 596, 725, 775]",[],"[402, 416, 422, 423, 465, 851, 867, 874, 875, 912]","[31, 125, 142, 147, 180, 338, 352, 367, 387, 403, 405, 408, 410, 455, 465, 466, 468, 470, 472, 473, 483, 484, 514, 596, 613, 618, 651, 794, 807, 837, 852, 854, 858, 861, 902, 912, 913, 915, 917, 919, 920, 931, 934, 935]","[31, 142, 147, 180, 338, 352, 367, 387, 403, 405, 408, 410, 455, 465, 466, 468, 470, 472, 473, 483, 484, 514, 613, 618, 651, 794, 807, 837, 852, 854, 858, 861, 902, 912, 913, 915, 917, 919, 920, 931, 934, 935]",0/6 successful match,False,,False,404,False,,1.0,True,Baker Truck Corral ( Sinclair ),Sinclair
Baker City ( 97814 ) Baker Truck Corral ( Sinclair ),541-523-3952 I-84 Exit 304 ( Campbell St ),XL 24,Baker City,97814,Baker Truck Corral ( Sinclair ),541-523-3952,2015,Baker City,OR,Sinclair,( Campbell St ),I-84 Exit 304 ,Exit,304,False,,False,I-84,,,,,[],[],"[125, 265, 317, 596, 725, 775]",[],[],"[402, 416, 422, 423, 465, 851, 867, 874, 875, 912]","[31, 142, 147, 180, 338, 352, 367, 387, 403, 405, 408, 410, 455, 465, 466, 468, 470, 472, 473, 483, 484, 514, 613, 618, 651, 794, 807, 837, 852, 854, 858, 861, 902, 912, 913, 915, 917, 919, 920, 931, 934, 935]","[31, 125, 142, 147, 180, 338, 352, 367, 387, 403, 405, 408, 410, 455, 465, 466, 468, 470, 472, 473, 483, 484, 514, 596, 613, 618, 651, 794, 807, 837, 852, 854, 858, 861, 902, 912, 913, 915, 917, 919, 920, 931, 934, 935]","[514, 387, 902, 775, 265, 651, 142, 912, 913, 402, 147, 403, 405, 915, 917, 408, 919, 410, 794, 920, 31, 416, 931, 422, 423, 807, 934, 935, 180, 317, 837, 455, 465, 338, 851, 596, 725, 466, 468, 470, 472, 473, 852, 854, 858, 861, 352, 867, 483, 484, 613, 874, 875, 618, 367, 125]",False,[],[],"[125, 265, 317, 596, 725, 775]",[],"[402, 416, 422, 423, 465, 851, 867, 874, 875, 912]","[31, 125, 142, 147, 180, 338, 352, 367, 387, 403, 405, 408, 410, 455, 465, 466, 468, 470, 472, 473, 483, 484, 514, 596, 613, 618, 651, 794, 807, 837, 852, 854, 858, 861, 902, 912, 913, 915, 917, 919, 920, 931, 934, 935]","[31, 142, 147, 180, 338, 352, 367, 387, 403, 405, 408, 410, 455, 465, 466, 468, 470, 472, 473, 483, 484, 514, 613, 618, 651, 794, 807, 837, 852, 854, 858, 861, 902, 912, 913, 915, 917, 919, 920, 931, 934, 935]",0/6 successful match,False,,False,404,False,,1.0,True,Baker Truck Corral ( Sinclair ),Sinclair
Baker City ( 97814 ) Baker Truck Corral ( Sinclair ) W ),541-523-3952 I-84 Exit 304 ( Campbell ),XL 24,Baker City,97814,Baker Truck Corral ( Sinclair ) W ),541-523-3952,2016,Baker City,OR,Sinclair,( Campbell ),I-84 Exit 304 ,Exit,304,False,,False,I-84,,,,,[],[],"[125, 265, 317, 596, 725, 775]",[],[],"[402, 416, 422, 423, 465, 851, 867, 874, 875, 912]","[31, 142, 147, 180, 338, 352, 367, 387, 403, 405, 408, 410, 455, 465, 466, 468, 470, 472, 473, 483, 484, 514, 613, 618, 651, 794, 807, 837, 852, 854, 858, 861, 902, 912, 913, 915, 917, 919, 920, 931, 934, 935]","[31, 125, 142, 147, 180, 338, 352, 367, 387, 403, 405, 408, 410, 455, 465, 466, 468, 470, 472, 473, 483, 484, 514, 596, 613, 618, 651, 794, 807, 837, 852, 854, 858, 861, 902, 912, 913, 915, 917, 919, 920, 931, 934, 935]","[514, 387, 902, 775, 265, 651, 142, 912, 913, 402, 147, 403, 405, 915, 917, 408, 919, 410, 794, 920, 31, 416, 931, 422, 423, 807, 934, 935, 180, 317, 837, 455, 465, 338, 851, 596, 725, 466, 468, 470, 472, 473, 852, 854, 858, 861, 352, 867, 483, 484, 613, 874, 875, 618, 367, 125]",False,[],[],"[125, 265, 317, 596, 725, 775]",[],"[402, 416, 422, 423, 465, 851, 867, 874, 875, 912]","[31, 125, 142, 147, 180, 338, 352, 367, 387, 403, 405, 408, 410, 455, 465, 466, 468, 470, 472, 473, 483, 484, 514, 596, 613, 618, 651, 794, 807, 837, 852, 854, 858, 861, 902, 912, 913, 915, 917, 919, 920, 931, 934, 935]","[31, 142, 147, 180, 338, 352, 367, 387, 403, 405, 408, 410, 455, 465, 466, 468, 470, 472, 473, 483, 484, 514, 613, 618, 651, 794, 807, 837, 852, 854, 858, 861, 902, 912, 913, 915, 917, 919, 920, 931, 934, 935]",0/6 successful match,False,,False,404,False,,1.0,True,Baker Truck Corral ( Sinclair ),Sinclair
"Baker City , 97814 Baker City Chevron",541-523-6341 I-84 Exit 304,<U+2610> <U+25A1>,Baker City,97814,Baker City Chevron,541-523-6341,2006,Baker City,OR,Chevron,,I-84 Exit 304,Exit,304,False,,False,I-84,,,,,[],[],"[125, 265, 317, 596, 725, 775]",[],[],"[402, 416, 422, 423, 465, 851, 867, 874, 875, 912]","[12, 24, 25, 28, 88, 100, 104, 119, 123, 129, 136, 137, 139, 140, 141, 148, 155, 169, 172, 179, 183, 185, 188, 196, 198, 217, 237, 267, 270, 278, 319, 321, 324, 325, 330, 334, 335, 354, 366, 369, 380, 383, 384, 386, 395, 407, 411, 423, 428, 436, 437, 452, 453, 456, 467, 471, 477, 478, 479, 497, 508, 511, 559, 571, 575, 590, 594, 600, 607, 608, 610, 611, 612, 619, 627, 640, 643, 650, 654, 656, 659, 667, 669, 685, 701, 726, 729, 737, 777, 779, 782, 783, 787, 790, 791, 809, 817, 819, 830, 833, 834, 836, 845, 856, 857, 860, 862, 875, 880, 887, 888, 899, 900, 914, 918, 921, 928, 929, 930]","[12, 24, 25, 28, 88, 100, 104, 119, 123, 125, 129, 136, 137, 139, 140, 141, 148, 155, 169, 172, 179, 183, 185, 188, 196, 198, 217, 237, 267, 270, 278, 319, 321, 324, 325, 330, 334, 335, 354, 366, 369, 380, 383, 384, 386, 395, 407, 411, 423, 428, 436, 437, 452, 453, 456, 467, 471, 477, 478, 479, 497, 508, 511, 559, 571, 575, 590, 594, 596, 600, 607, 608, 610, 611, 612, 619, 627, 640, 643, 650, 654, 656, 659, 667, 669, 685, 701, 726, 729, 737, 777, 779, 782, 783, 787, 790, 791, 809, 817, 819, 830, 833, 834, 836, 845, 856, 857, 860, 862, 875, 880, 887, 888, 899, 900, 914, 918, 921, 928, 929, 930]","[12, 24, 25, 28, 559, 571, 575, 590, 594, 596, 88, 600, 607, 608, 610, 611, 100, 612, 104, 619, 627, 119, 123, 125, 640, 129, 643, 136, 137, 650, 139, 140, 141, 654, 656, 659, 148, 155, 667, 669, 169, 172, 685, 179, 183, 185, 188, 701, 196, 198, 725, 726, 217, 729, 737, 237, 775, 265, 777, 267, 779, 270, 782, 783, 787, 278, 790, 791, 809, 817, 819, 317, 830, 319, 321, 833, 834, 324, 325, 836, 330, 845, 334, 335, 851, 856, 857, 860, 862, 354, 867, 874, 875, 366, 880, 369, 887, 888, 380, 383, 384, 386, 899, 900, 395, 912, 402, 914, 918, 407, 921, 411, 416, 928, 929, 930, 422, 423, 428, 436, 437, 452, 453, 456, 465, 467, 471, 477, 478, 479, 497, 508, 511]",False,[],[],"[125, 265, 317, 596, 725, 775]",[],"[402, 416, 422, 423, 465, 851, 867, 874, 875, 912]","[12, 24, 25, 28, 88, 100, 104, 119, 123, 125, 129, 136, 137, 139, 140, 141, 148, 155, 169, 172, 179, 183, 185, 188, 196, 198, 217, 237, 267, 270, 278, 319, 321, 324, 325, 330, 334, 335, 354, 366, 369, 380, 383, 384, 386, 395, 407, 411, 423, 428, 436, 437, 452, 453, 456, 467, 471, 477, 478, 479, 497, 508, 511, 559, 571, 575, 590, 594, 596, 600, 607, 608, 610, 611, 612, 619, 627, 640, 643, 650, 654, 656, 659, 667, 669, 685, 701, 726, 729, 737, 777, 779, 782, 783, 787, 790, 791, 809, 817, 819, 830, 833, 834, 836, 845, 856, 857, 860, 862, 875, 880, 887, 888, 899, 900, 914, 918, 921, 928, 929, 930]","[12, 24, 25, 28, 88, 100, 104, 119, 123, 129, 136, 137, 139, 140, 141, 148, 155, 169, 172, 179, 183, 185, 188, 196, 198, 217, 237, 267, 270, 278, 319, 321, 324, 325, 330, 334, 335, 354, 366, 369, 380, 383, 384, 386, 395, 407, 411, 423, 428, 436, 437, 452, 453, 456, 467, 471, 477, 478, 479, 497, 508, 511, 559, 571, 575, 590, 594, 600, 607, 608, 610, 611, 612, 619, 627, 640, 643, 650, 654, 656, 659, 667, 669, 685, 701, 726, 729, 737, 777, 779, 782, 783, 787, 790, 791, 809, 817, 819, 830, 833, 834, 836, 845, 856, 857, 860, 862, 875, 880, 887, 888, 899, 900, 914, 918, 921, 928, 929, 930]",0/6 successful match,False,,False,405,False,,,,,
"Baker City , 97814 Baker City Chevron",541-523-6341 I-84 Exit 304,HRS 24 L,Baker City,97814,Baker City Chevron,541-523-6341,2007,Baker City,OR,Chevron,,I-84 Exit 304,Exit,304,False,,False,I-84,,,,,[],[],"[125, 265, 317, 596, 725, 775]",[],[],"[402, 416, 422, 423, 465, 851, 867, 874, 875, 912]","[12, 24, 25, 28, 88, 100, 104, 119, 123, 129, 136, 137, 139, 140, 141, 148, 155, 169, 172, 179, 183, 185, 188, 196, 198, 217, 237, 267, 270, 278, 319, 321, 324, 325, 330, 334, 335, 354, 366, 369, 380, 383, 384, 386, 395, 407, 411, 423, 428, 436, 437, 452, 453, 456, 467, 471, 477, 478, 479, 497, 508, 511, 559, 571, 575, 590, 594, 600, 607, 608, 610, 611, 612, 619, 627, 640, 643, 650, 654, 656, 659, 667, 669, 685, 701, 726, 729, 737, 777, 779, 782, 783, 787, 790, 791, 809, 817, 819, 830, 833, 834, 836, 845, 856, 857, 860, 862, 875, 880, 887, 888, 899, 900, 914, 918, 921, 928, 929, 930]","[12, 24, 25, 28, 88, 100, 104, 119, 123, 125, 129, 136, 137, 139, 140, 141, 148, 155, 169, 172, 179, 183, 185, 188, 196, 198, 217, 237, 267, 270, 278, 319, 321, 324, 325, 330, 334, 335, 354, 366, 369, 380, 383, 384, 386, 395, 407, 411, 423, 428, 436, 437, 452, 453, 456, 467, 471, 477, 478, 479, 497, 508, 511, 559, 571, 575, 590, 594, 596, 600, 607, 608, 610, 611, 612, 619, 627, 640, 643, 650, 654, 656, 659, 667, 669, 685, 701, 726, 729, 737, 777, 779, 782, 783, 787, 790, 791, 809, 817, 819, 830, 833, 834, 836, 845, 856, 857, 860, 862, 875, 880, 887, 888, 899, 900, 914, 918, 921, 928, 929, 930]","[12, 24, 25, 28, 559, 571, 575, 590, 594, 596, 88, 600, 607, 608, 610, 611, 100, 612, 104, 619, 627, 119, 123, 125, 640, 129, 643, 136, 137, 650, 139, 140, 141, 654, 656, 659, 148, 155, 667, 669, 169, 172, 685, 179, 183, 185, 188, 701, 196, 198, 725, 726, 217, 729, 737, 237, 775, 265, 777, 267, 779, 270, 782, 783, 787, 278, 790, 791, 809, 817, 819, 317, 830, 319, 321, 833, 834, 324, 325, 836, 330, 845, 334, 335, 851, 856, 857, 860, 862, 354, 867, 874, 875, 366, 880, 369, 887, 888, 380, 383, 384, 386, 899, 900, 395, 912, 402, 914, 918, 407, 921, 411, 416, 928, 929, 930, 422, 423, 428, 436, 437, 452, 453, 456, 465, 467, 471, 477, 478, 479, 497, 508, 511]",False,[],[],"[125, 265, 317, 596, 725, 775]",[],"[402, 416, 422, 423, 465, 851, 867, 874, 875, 912]","[12, 24, 25, 28, 88, 100, 104, 119, 123, 125, 129, 136, 137, 139, 140, 141, 148, 155, 169, 172, 179, 183, 185, 188, 196, 198, 217, 237, 267, 270, 278, 319, 321, 324, 325, 330, 334, 335, 354, 366, 369, 380, 383, 384, 386, 395, 407, 411, 423, 428, 436, 437, 452, 453, 456, 467, 471, 477, 478, 479, 497, 508, 511, 559, 571, 575, 590, 594, 596, 600, 607, 608, 610, 611, 612, 619, 627, 640, 643, 650, 654, 656, 659, 667, 669, 685, 701, 726, 729, 737, 777, 779, 782, 783, 787, 790, 791, 809, 817, 819, 830, 833, 834, 836, 845, 856, 857, 860, 862, 875, 880, 887, 888, 899, 900, 914, 918, 921, 928, 929, 930]","[12, 24, 25, 28, 88, 100, 104, 119, 123, 129, 136, 137, 139, 140, 141, 148, 155, 169, 172, 179, 183, 185, 188, 196, 198, 217, 237, 267, 270, 278, 319, 321, 324, 325, 330, 334, 335, 354, 366, 369, 380, 383, 384, 386, 395, 407, 411, 423, 428, 436, 437, 452, 453, 456, 467, 471, 477, 478, 479, 497, 508, 511, 559, 571, 575, 590, 594, 600, 607, 608, 610, 611, 612, 619, 627, 640, 643, 650, 654, 656, 659, 667, 669, 685, 701, 726, 729, 737, 777, 779, 782, 783, 787, 790, 791, 809, 817, 819, 830, 833, 834, 836, 845, 856, 857, 860, 862, 875, 880, 887, 888, 899, 900, 914, 918, 921, 928, 929, 930]",0/6 successful match,False,,False,405,False,,1.0,True,Baker City Chevron,Chevron
"Baker City , 97814 Baker City Chevron",541-523-6341 I-84 Exit 304,<U+2610> M <U+2610> <U+25A1> <U+25A1>,Baker City,97814,Baker City Chevron,541-523-6341,2008,Baker City,OR,Chevron,,I-84 Exit 304,Exit,304,False,,False,I-84,,,,,[],[],"[125, 265, 317, 596, 725, 775]",[],[],"[402, 416, 422, 423, 465, 851, 867, 874, 875, 912]","[12, 24, 25, 28, 88, 100, 104, 119, 123, 129, 136, 137, 139, 140, 141, 148, 155, 169, 172, 179, 183, 185, 188, 196, 198, 217, 237, 267, 270, 278, 319, 321, 324, 325, 330, 334, 335, 354, 366, 369, 380, 383, 384, 386, 395, 407, 411, 423, 428, 436, 437, 452, 453, 456, 467, 471, 477, 478, 479, 497, 508, 511, 559, 571, 575, 590, 594, 600, 607, 608, 610, 611, 612, 619, 627, 640, 643, 650, 654, 656, 659, 667, 669, 685, 701, 726, 729, 737, 777, 779, 782, 783, 787, 790, 791, 809, 817, 819, 830, 833, 834, 836, 845, 856, 857, 860, 862, 875, 880, 887, 888, 899, 900, 914, 918, 921, 928, 929, 930]","[12, 24, 25, 28, 88, 100, 104, 119, 123, 125, 129, 136, 137, 139, 140, 141, 148, 155, 169, 172, 179, 183, 185, 188, 196, 198, 217, 237, 267, 270, 278, 319, 321, 324, 325, 330, 334, 335, 354, 366, 369, 380, 383, 384, 386, 395, 407, 411, 423, 428, 436, 437, 452, 453, 456, 467, 471, 477, 478, 479, 497, 508, 511, 559, 571, 575, 590, 594, 596, 600, 607, 608, 610, 611, 612, 619, 627, 640, 643, 650, 654, 656, 659, 667, 669, 685, 701, 726, 729, 737, 777, 779, 782, 783, 787, 790, 791, 809, 817, 819, 830, 833, 834, 836, 845, 856, 857, 860, 862, 875, 880, 887, 888, 899, 900, 914, 918, 921, 928, 929, 930]","[12, 24, 25, 28, 559, 571, 575, 590, 594, 596, 88, 600, 607, 608, 610, 611, 100, 612, 104, 619, 627, 119, 123, 125, 640, 129, 643, 136, 137, 650, 139, 140, 141, 654, 656, 659, 148, 155, 667, 669, 169, 172, 685, 179, 183, 185, 188, 701, 196, 198, 725, 726, 217, 729, 737, 237, 775, 265, 777, 267, 779, 270, 782, 783, 787, 278, 790, 791, 809, 817, 819, 317, 830, 319, 321, 833, 834, 324, 325, 836, 330, 845, 334, 335, 851, 856, 857, 860, 862, 354, 867, 874, 875, 366, 880, 369, 887, 888, 380, 383, 384, 386, 899, 900, 395, 912, 402, 914, 918, 407, 921, 411, 416, 928, 929, 930, 422, 423, 428, 436, 437, 452, 453, 456, 465, 467, 471, 477, 478, 479, 497, 508, 511]",False,[],[],"[125, 265, 317, 596, 725, 775]",[],"[402, 416, 422, 423, 465, 851, 867, 874, 875, 912]","[12, 24, 25, 28, 88, 100, 104, 119, 123, 125, 129, 136, 137, 139, 140, 141, 148, 155, 169, 172, 179, 183, 185, 188, 196, 198, 217, 237, 267, 270, 278, 319, 321, 324, 325, 330, 334, 335, 354, 366, 369, 380, 383, 384, 386, 395, 407, 411, 423, 428, 436, 437, 452, 453, 456, 467, 471, 477, 478, 479, 497, 508, 511, 559, 571, 575, 590, 594, 596, 600, 607, 608, 610, 611, 612, 619, 627, 640, 643, 650, 654, 656, 659, 667, 669, 685, 701, 726, 729, 737, 777, 779, 782, 783, 787, 790, 791, 809, 817, 819, 830, 833, 834, 836, 845, 856, 857, 860, 862, 875, 880, 887, 888, 899, 900, 914, 918, 921, 928, 929, 930]","[12, 24, 25, 28, 88, 100, 104, 119, 123, 129, 136, 137, 139, 140, 141, 148, 155, 169, 172, 179, 183, 185, 188, 196, 198, 217, 237, 267, 270, 278, 319, 321, 324, 325, 330, 334, 335, 354, 366, 369, 380, 383, 384, 386, 395, 407, 411, 423, 428, 436, 437, 452, 453, 456, 467, 471, 477, 478, 479, 497, 508, 511, 559, 571, 575, 590, 594, 600, 607, 608, 610, 611, 612, 619, 627, 640, 643, 650, 654, 656, 659, 667, 669, 685, 701, 726, 729, 737, 777, 779, 782, 783, 787, 790, 791, 809, 817, 819, 830, 833, 834, 836, 845, 856, 857, 860, 862, 875, 880, 887, 888, 899, 900, 914, 918, 921, 928, 929, 930]",0/6 successful match,False,,False,405,False,,1.0,True,Baker City Chevron,Chevron
Baker City ( 97814 ) Baker City Chevron,541-523-6341 I-84 Exit 304,M L <U+25A1> <U+25A1>,Baker City,97814,Baker City Chevron,541-523-6341,2014,Baker City,OR,Chevron,,I-84 Exit 304,Exit,304,False,,False,I-84,,,,,[],[],"[125, 265, 317, 596, 725, 775]",[],[],"[402, 416, 422, 423, 465, 851, 867, 874, 875, 912]","[12, 24, 25, 28, 88, 100, 104, 119, 123, 129, 136, 137, 139, 140, 141, 148, 155, 169, 172, 179, 183, 185, 188, 196, 198, 217, 237, 267, 270, 278, 319, 321, 324, 325, 330, 334, 335, 354, 366, 369, 380, 383, 384, 386, 395, 407, 411, 423, 428, 436, 437, 452, 453, 456, 467, 471, 477, 478, 479, 497, 508, 511, 559, 571, 575, 590, 594, 600, 607, 608, 610, 611, 612, 619, 627, 640, 643, 650, 654, 656, 659, 667, 669, 685, 701, 726, 729, 737, 777, 779, 782, 783, 787, 790, 791, 809, 817, 819, 830, 833, 834, 836, 845, 856, 857, 860, 862, 875, 880, 887, 888, 899, 900, 914, 918, 921, 928, 929, 930]","[12, 24, 25, 28, 88, 100, 104, 119, 123, 125, 129, 136, 137, 139, 140, 141, 148, 155, 169, 172, 179, 183, 185, 188, 196, 198, 217, 237, 267, 270, 278, 319, 321, 324, 325, 330, 334, 335, 354, 366, 369, 380, 383, 384, 386, 395, 407, 411, 423, 428, 436, 437, 452, 453, 456, 467, 471, 477, 478, 479, 497, 508, 511, 559, 571, 575, 590, 594, 596, 600, 607, 608, 610, 611, 612, 619, 627, 640, 643, 650, 654, 656, 659, 667, 669, 685, 701, 726, 729, 737, 777, 779, 782, 783, 787, 790, 791, 809, 817, 819, 830, 833, 834, 836, 845, 856, 857, 860, 862, 875, 880, 887, 888, 899, 900, 914, 918, 921, 928, 929, 930]","[12, 24, 25, 28, 559, 571, 575, 590, 594, 596, 88, 600, 607, 608, 610, 611, 100, 612, 104, 619, 627, 119, 123, 125, 640, 129, 643, 136, 137, 650, 139, 140, 141, 654, 656, 659, 148, 155, 667, 669, 169, 172, 685, 179, 183, 185, 188, 701, 196, 198, 725, 726, 217, 729, 737, 237, 775, 265, 777, 267, 779, 270, 782, 783, 787, 278, 790, 791, 809, 817, 819, 317, 830, 319, 321, 833, 834, 324, 325, 836, 330, 845, 334, 335, 851, 856, 857, 860, 862, 354, 867, 874, 875, 366, 880, 369, 887, 888, 380, 383, 384, 386, 899, 900, 395, 912, 402, 914, 918, 407, 921, 411, 416, 928, 929, 930, 422, 423, 428, 436, 437, 452, 453, 456, 465, 467, 471, 477, 478, 479, 497, 508, 511]",False,[],[],"[125, 265, 317, 596, 725, 775]",[],"[402, 416, 422, 423, 465, 851, 867, 874, 875, 912]","[12, 24, 25, 28, 88, 100, 104, 119, 123, 125, 129, 136, 137, 139, 140, 141, 148, 155, 169, 172, 179, 183, 185, 188, 196, 198, 217, 237, 267, 270, 278, 319, 321, 324, 325, 330, 334, 335, 354, 366, 369, 380, 383, 384, 386, 395, 407, 411, 423, 428, 436, 437, 452, 453, 456, 467, 471, 477, 478, 479, 497, 508, 511, 559, 571, 575, 590, 594, 596, 600, 607, 608, 610, 611, 612, 619, 627, 640, 643, 650, 654, 656, 659, 667, 669, 685, 701, 726, 729, 737, 777, 779, 782, 783, 787, 790, 791, 809, 817, 819, 830, 833, 834, 836, 845, 856, 857, 860, 862, 875, 880, 887, 888, 899, 900, 914, 918, 921, 928, 929, 930]","[12, 24, 25, 28, 88, 100, 104, 119, 123, 129, 136, 137, 139, 140, 141, 148, 155, 169, 172, 179, 183, 185, 188, 196, 198, 217, 237, 267, 270, 278, 319, 321, 324, 325, 330, 334, 335, 354, 366, 369, 380, 383, 384, 386, 395, 407, 411, 423, 428, 436, 437, 452, 453, 456, 467, 471, 477, 478, 479, 497, 508, 511, 559, 571, 575, 590, 594, 600, 607, 608, 610, 611, 612, 619, 627, 640, 643, 650, 654, 656, 659, 667, 669, 685, 701, 726, 729, 737, 777, 779, 782, 783, 787, 790, 791, 809, 817, 819, 830, 833, 834, 836, 845, 856, 857, 860, 862, 875, 880, 887, 888, 899, 900, 914, 918, 921, 928, 929, 930]",0/6 successful match,False,,False,405,False,,1.0,True,Baker City Chevron,Chevron
Baker City ( 97814 ) Baker City Chevron,541-523-6341 I-84 Exit 304,M E D <U+2610><U+2610>,Baker City,97814,Baker City Chevron,541-523-6341,2015,Baker City,OR,Chevron,,I-84 Exit 304,Exit,304,False,,False,I-84,,,,,[],[],"[125, 265, 317, 596, 725, 775]",[],[],"[402, 416, 422, 423, 465, 851, 867, 874, 875, 912]","[12, 24, 25, 28, 88, 100, 104, 119, 123, 129, 136, 137, 139, 140, 141, 148, 155, 169, 172, 179, 183, 185, 188, 196, 198, 217, 237, 267, 270, 278, 319, 321, 324, 325, 330, 334, 335, 354, 366, 369, 380, 383, 384, 386, 395, 407, 411, 423, 428, 436, 437, 452, 453, 456, 467, 471, 477, 478, 479, 497, 508, 511, 559, 571, 575, 590, 594, 600, 607, 608, 610, 611, 612, 619, 627, 640, 643, 650, 654, 656, 659, 667, 669, 685, 701, 726, 729, 737, 777, 779, 782, 783, 787, 790, 791, 809, 817, 819, 830, 833, 834, 836, 845, 856, 857, 860, 862, 875, 880, 887, 888, 899, 900, 914, 918, 921, 928, 929, 930]","[12, 24, 25, 28, 88, 100, 104, 119, 123, 125, 129, 136, 137, 139, 140, 141, 148, 155, 169, 172, 179, 183, 185, 188, 196, 198, 217, 237, 267, 270, 278, 319, 321, 324, 325, 330, 334, 335, 354, 366, 369, 380, 383, 384, 386, 395, 407, 411, 423, 428, 436, 437, 452, 453, 456, 467, 471, 477, 478, 479, 497, 508, 511, 559, 571, 575, 590, 594, 596, 600, 607, 608, 610, 611, 612, 619, 627, 640, 643, 650, 654, 656, 659, 667, 669, 685, 701, 726, 729, 737, 777, 779, 782, 783, 787, 790, 791, 809, 817, 819, 830, 833, 834, 836, 845, 856, 857, 860, 862, 875, 880, 887, 888, 899, 900, 914, 918, 921, 928, 929, 930]","[12, 24, 25, 28, 559, 571, 575, 590, 594, 596, 88, 600, 607, 608, 610, 611, 100, 612, 104, 619, 627, 119, 123, 125, 640, 129, 643, 136, 137, 650, 139, 140, 141, 654, 656, 659, 148, 155, 667, 669, 169, 172, 685, 179, 183, 185, 188, 701, 196, 198, 725, 726, 217, 729, 737, 237, 775, 265, 777, 267, 779, 270, 782, 783, 787, 278, 790, 791, 809, 817, 819, 317, 830, 319, 321, 833, 834, 324, 325, 836, 330, 845, 334, 335, 851, 856, 857, 860, 862, 354, 867, 874, 875, 366, 880, 369, 887, 888, 380, 383, 384, 386, 899, 900, 395, 912, 402, 914, 918, 407, 921, 411, 416, 928, 929, 930, 422, 423, 428, 436, 437, 452, 453, 456, 465, 467, 471, 477, 478, 479, 497, 508, 511]",False,[],[],"[125, 265, 317, 596, 725, 775]",[],"[402, 416, 422, 423, 465, 851, 867, 874, 875, 912]","[12, 24, 25, 28, 88, 100, 104, 119, 123, 125, 129, 136, 137, 139, 140, 141, 148, 155, 169, 172, 179, 183, 185, 188, 196, 198, 217, 237, 267, 270, 278, 319, 321, 324, 325, 330, 334, 335, 354, 366, 369, 380, 383, 384, 386, 395, 407, 411, 423, 428, 436, 437, 452, 453, 456, 467, 471, 477, 478, 479, 497, 508, 511, 559, 571, 575, 590, 594, 596, 600, 607, 608, 610, 611, 612, 619, 627, 640, 643, 650, 654, 656, 659, 667, 669, 685, 701, 726, 729, 737, 777, 779, 782, 783, 787, 790, 791, 809, 817, 819, 830, 833, 834, 836, 845, 856, 857, 860, 862, 875, 880, 887, 888, 899, 900, 914, 918, 921, 928, 929, 930]","[12, 24, 25, 28, 88, 100, 104, 119, 123, 129, 136, 137, 139, 140, 141, 148, 155, 169, 172, 179, 183, 185, 188, 196, 198, 217, 237, 267, 270, 278, 319, 321, 324, 325, 330, 334, 335, 354, 366, 369, 380, 383, 384, 386, 395, 407, 411, 423, 428, 436, 437, 452, 453, 456, 467, 471, 477, 478, 479, 497, 508, 511, 559, 571, 575, 590, 594, 600, 607, 608, 610, 611, 612, 619, 627, 640, 643, 650, 654, 656, 659, 667, 669, 685, 701, 726, 729, 737, 777, 779, 782, 783, 787, 790, 791, 809, 817, 819, 830, 833, 834, 836, 845, 856, 857, 860, 862, 875, 880, 887, 888, 899, 900, 914, 918, 921, 928, 929, 930]",0/6 successful match,False,,False,405,False,,1.0,True,Baker City Chevron,Chevron
Baker City ( 97814 ) Baker City Chevron,541-523-6341 I-84 Exit 304,M <U+25A1> <U+2610> <U+2610>,Baker City,97814,Baker City Chevron,541-523-6341,2016,Baker City,OR,Chevron,,I-84 Exit 304,Exit,304,False,,False,I-84,,,,,[],[],"[125, 265, 317, 596, 725, 775]",[],[],"[402, 416, 422, 423, 465, 851, 867, 874, 875, 912]","[12, 24, 25, 28, 88, 100, 104, 119, 123, 129, 136, 137, 139, 140, 141, 148, 155, 169, 172, 179, 183, 185, 188, 196, 198, 217, 237, 267, 270, 278, 319, 321, 324, 325, 330, 334, 335, 354, 366, 369, 380, 383, 384, 386, 395, 407, 411, 423, 428, 436, 437, 452, 453, 456, 467, 471, 477, 478, 479, 497, 508, 511, 559, 571, 575, 590, 594, 600, 607, 608, 610, 611, 612, 619, 627, 640, 643, 650, 654, 656, 659, 667, 669, 685, 701, 726, 729, 737, 777, 779, 782, 783, 787, 790, 791, 809, 817, 819, 830, 833, 834, 836, 845, 856, 857, 860, 862, 875, 880, 887, 888, 899, 900, 914, 918, 921, 928, 929, 930]","[12, 24, 25, 28, 88, 100, 104, 119, 123, 125, 129, 136, 137, 139, 140, 141, 148, 155, 169, 172, 179, 183, 185, 188, 196, 198, 217, 237, 267, 270, 278, 319, 321, 324, 325, 330, 334, 335, 354, 366, 369, 380, 383, 384, 386, 395, 407, 411, 423, 428, 436, 437, 452, 453, 456, 467, 471, 477, 478, 479, 497, 508, 511, 559, 571, 575, 590, 594, 596, 600, 607, 608, 610, 611, 612, 619, 627, 640, 643, 650, 654, 656, 659, 667, 669, 685, 701, 726, 729, 737, 777, 779, 782, 783, 787, 790, 791, 809, 817, 819, 830, 833, 834, 836, 845, 856, 857, 860, 862, 875, 880, 887, 888, 899, 900, 914, 918, 921, 928, 929, 930]","[12, 24, 25, 28, 559, 571, 575, 590, 594, 596, 88, 600, 607, 608, 610, 611, 100, 612, 104, 619, 627, 119, 123, 125, 640, 129, 643, 136, 137, 650, 139, 140, 141, 654, 656, 659, 148, 155, 667, 669, 169, 172, 685, 179, 183, 185, 188, 701, 196, 198, 725, 726, 217, 729, 737, 237, 775, 265, 777, 267, 779, 270, 782, 783, 787, 278, 790, 791, 809, 817, 819, 317, 830, 319, 321, 833, 834, 324, 325, 836, 330, 845, 334, 335, 851, 856, 857, 860, 862, 354, 867, 874, 875, 366, 880, 369, 887, 888, 380, 383, 384, 386, 899, 900, 395, 912, 402, 914, 918, 407, 921, 411, 416, 928, 929, 930, 422, 423, 428, 436, 437, 452, 453, 456, 465, 467, 471, 477, 478, 479, 497, 508, 511]",False,[],[],"[125, 265, 317, 596, 725, 775]",[],"[402, 416, 422, 423, 465, 851, 867, 874, 875, 912]","[12, 24, 25, 28, 88, 100, 104, 119, 123, 125, 129, 136, 137, 139, 140, 141, 148, 155, 169, 172, 179, 183, 185, 188, 196, 198, 217, 237, 267, 270, 278, 319, 321, 324, 325, 330, 334, 335, 354, 366, 369, 380, 383, 384, 386, 395, 407, 411, 423, 428, 436, 437, 452, 453, 456, 467, 471, 477, 478, 479, 497, 508, 511, 559, 571, 575, 590, 594, 596, 600, 607, 608, 610, 611, 612, 619, 627, 640, 643, 650, 654, 656, 659, 667, 669, 685, 701, 726, 729, 737, 777, 779, 782, 783, 787, 790, 791, 809, 817, 819, 830, 833, 834, 836, 845, 856, 857, 860, 862, 875, 880, 887, 888, 899, 900, 914, 918, 921, 928, 929, 930]","[12, 24, 25, 28, 88, 100, 104, 119, 123, 129, 136, 137, 139, 140, 141, 148, 155, 169, 172, 179, 183, 185, 188, 196, 198, 217, 237, 267, 270, 278, 319, 321, 324, 325, 330, 334, 335, 354, 366, 369, 380, 383, 384, 386, 395, 407, 411, 423, 428, 436, 437, 452, 453, 456, 467, 471, 477, 478, 479, 497, 508, 511, 559, 571, 575, 590, 594, 600, 607, 608, 610, 611, 612, 619, 627, 640, 643, 650, 654, 656, 659, 667, 669, 685, 701, 726, 729, 737, 777, 779, 782, 783, 787, 790, 791, 809, 817, 819, 830, 833, 834, 836, 845, 856, 857, 860, 862, 875, 880, 887, 888, 899, 900, 914, 918, 921, 928, 929, 930]",0/6 successful match,False,,False,405,False,,1.0,True,Baker City Chevron,Chevron
"CBaker City , 97814 Jackson's Food Mart # 83 ( Shell )",541-523-7812 I-84 Exit 304 ( Campbell St ),XL <U+25A1> O,Baker City,97814,Jackson's Food Mart # 83 ( Shell ),541-523-7812,2006,Baker City,OR,Shell,( Campbell St ),I-84 Exit 304 ,Exit,304,False,,False,I-84,,,,,[],[],"[125, 265, 317, 596, 725, 775]",[],[],"[402, 416, 422, 423, 465, 851, 867, 874, 875, 912]","[1, 13, 14, 29, 54, 55, 56, 57, 58, 60, 102, 118, 125, 127, 130, 134, 146, 149, 153, 175, 182, 187, 189, 191, 197, 225, 230, 238, 264, 265, 266, 286, 302, 317, 336, 379, 388, 389, 425, 454, 458, 463, 475, 487, 498, 499, 512, 530, 531, 532, 533, 534, 536, 573, 589, 596, 598, 601, 605, 617, 620, 624, 646, 653, 658, 660, 662, 668, 689, 694, 702, 724, 725, 745, 760, 775, 793, 829, 838, 839, 877, 901, 903, 905, 910, 923]","[1, 13, 14, 29, 54, 55, 56, 57, 58, 60, 102, 118, 125, 127, 130, 134, 146, 149, 153, 175, 182, 187, 189, 191, 197, 225, 230, 238, 264, 265, 266, 286, 302, 317, 336, 354, 379, 388, 389, 425, 454, 458, 463, 475, 479, 487, 498, 499, 512, 530, 531, 532, 533, 534, 536, 573, 589, 596, 598, 601, 605, 617, 620, 624, 646, 653, 658, 660, 662, 668, 689, 694, 702, 724, 725, 745, 760, 775, 793, 809, 829, 838, 839, 877, 901, 903, 905, 910, 923, 930]","[512, 1, 13, 14, 530, 531, 532, 533, 534, 536, 29, 54, 55, 56, 57, 58, 60, 573, 589, 596, 598, 601, 605, 102, 617, 620, 624, 118, 125, 127, 130, 134, 646, 653, 146, 658, 660, 149, 662, 153, 668, 175, 689, 182, 694, 187, 189, 702, 191, 197, 724, 725, 225, 230, 745, 238, 760, 775, 264, 265, 266, 793, 286, 809, 302, 317, 829, 838, 839, 336, 851, 354, 867, 874, 875, 877, 379, 388, 389, 901, 903, 905, 910, 912, 402, 923, 416, 930, 422, 423, 425, 454, 458, 463, 465, 475, 479, 487, 498, 499]",False,[],[],"[125, 265, 317, 596, 725, 775]",[],"[402, 416, 422, 423, 465, 851, 867, 874, 875, 912]","[1, 13, 14, 29, 54, 55, 56, 57, 58, 60, 102, 118, 125, 127, 130, 134, 146, 149, 153, 175, 182, 187, 189, 191, 197, 225, 230, 238, 264, 265, 266, 286, 302, 317, 336, 354, 379, 388, 389, 425, 454, 458, 463, 475, 479, 487, 498, 499, 512, 530, 531, 532, 533, 534, 536, 573, 589, 596, 598, 601, 605, 617, 620, 624, 646, 653, 658, 660, 662, 668, 689, 694, 702, 724, 725, 745, 760, 775, 793, 809, 829, 838, 839, 877, 901, 903, 905, 910, 923, 930]","[1, 13, 14, 29, 54, 55, 56, 57, 58, 60, 102, 118, 125, 127, 130, 134, 146, 149, 153, 175, 182, 187, 189, 191, 197, 225, 230, 238, 264, 265, 266, 286, 302, 317, 336, 379, 388, 389, 425, 454, 458, 463, 475, 487, 498, 499, 512, 530, 531, 532, 533, 534, 536, 573, 589, 596, 598, 601, 605, 617, 620, 624, 646, 653, 658, 660, 662, 668, 689, 694, 702, 724, 725, 745, 760, 775, 793, 829, 838, 839, 877, 901, 903, 905, 910, 923]",0/6 successful match,False,,False,406,False,,,,,
"Baker City , 97814 Jackson's Food Mart # 83 ( Shell )",541-523-7812 I-84 Exit 304 ( Campbell St ),W HRS 24 XL 24,Baker City,97814,Jackson's Food Mart # 83 ( Shell ),541-523-7812,2007,Baker City,OR,Shell,( Campbell St ),I-84 Exit 304 ,Exit,304,False,,False,I-84,,,,,[],[],"[125, 265, 317, 596, 725, 775]",[],[],"[402, 416, 422, 423, 465, 851, 867, 874, 875, 912]","[1, 13, 14, 29, 54, 55, 56, 57, 58, 60, 102, 118, 125, 127, 130, 134, 146, 149, 153, 175, 182, 187, 189, 191, 197, 225, 230, 238, 264, 265, 266, 286, 302, 317, 336, 379, 388, 389, 425, 454, 458, 463, 475, 487, 498, 499, 512, 530, 531, 532, 533, 534, 536, 573, 589, 596, 598, 601, 605, 617, 620, 624, 646, 653, 658, 660, 662, 668, 689, 694, 702, 724, 725, 745, 760, 775, 793, 829, 838, 839, 877, 901, 903, 905, 910, 923]","[1, 13, 14, 29, 54, 55, 56, 57, 58, 60, 102, 118, 125, 127, 130, 134, 146, 149, 153, 175, 182, 187, 189, 191, 197, 225, 230, 238, 264, 265, 266, 286, 302, 317, 336, 354, 379, 388, 389, 425, 454, 458, 463, 475, 479, 487, 498, 499, 512, 530, 531, 532, 533, 534, 536, 573, 589, 596, 598, 601, 605, 617, 620, 624, 646, 653, 658, 660, 662, 668, 689, 694, 702, 724, 725, 745, 760, 775, 793, 809, 829, 838, 839, 877, 901, 903, 905, 910, 923, 930]","[512, 1, 13, 14, 530, 531, 532, 533, 534, 536, 29, 54, 55, 56, 57, 58, 60, 573, 589, 596, 598, 601, 605, 102, 617, 620, 624, 118, 125, 127, 130, 134, 646, 653, 146, 658, 660, 149, 662, 153, 668, 175, 689, 182, 694, 187, 189, 702, 191, 197, 724, 725, 225, 230, 745, 238, 760, 775, 264, 265, 266, 793, 286, 809, 302, 317, 829, 838, 839, 336, 851, 354, 867, 874, 875, 877, 379, 388, 389, 901, 903, 905, 910, 912, 402, 923, 416, 930, 422, 423, 425, 454, 458, 463, 465, 475, 479, 487, 498, 499]",False,[],[],"[125, 265, 317, 596, 725, 775]",[],"[402, 416, 422, 423, 465, 851, 867, 874, 875, 912]","[1, 13, 14, 29, 54, 55, 56, 57, 58, 60, 102, 118, 125, 127, 130, 134, 146, 149, 153, 175, 182, 187, 189, 191, 197, 225, 230, 238, 264, 265, 266, 286, 302, 317, 336, 354, 379, 388, 389, 425, 454, 458, 463, 475, 479, 487, 498, 499, 512, 530, 531, 532, 533, 534, 536, 573, 589, 596, 598, 601, 605, 617, 620, 624, 646, 653, 658, 660, 662, 668, 689, 694, 702, 724, 725, 745, 760, 775, 793, 809, 829, 838, 839, 877, 901, 903, 905, 910, 923, 930]","[1, 13, 14, 29, 54, 55, 56, 57, 58, 60, 102, 118, 125, 127, 130, 134, 146, 149, 153, 175, 182, 187, 189, 191, 197, 225, 230, 238, 264, 265, 266, 286, 302, 317, 336, 379, 388, 389, 425, 454, 458, 463, 475, 487, 498, 499, 512, 530, 531, 532, 533, 534, 536, 573, 589, 596, 598, 601, 605, 617, 620, 624, 646, 653, 658, 660, 662, 668, 689, 694, 702, 724, 725, 745, 760, 775, 793, 829, 838, 839, 877, 901, 903, 905, 910, 923]",0/6 successful match,False,,False,406,False,,1.0,True,Jackson's Food Mart # 83 ( Shell ),Shell
"Baker City , 97814 Jackson's Food Mart # 83 ( Shell )",541-523-7812 I-84 Exit 304 ( Campbell St ),24 S,Baker City,97814,Jackson's Food Mart # 83 ( Shell ),541-523-7812,2008,Baker City,OR,Shell,( Campbell St ),I-84 Exit 304 ,Exit,304,False,,False,I-84,,,,,[],[],"[125, 265, 317, 596, 725, 775]",[],[],"[402, 416, 422, 423, 465, 851, 867, 874, 875, 912]","[1, 13, 14, 29, 54, 55, 56, 57, 58, 60, 102, 118, 125, 127, 130, 134, 146, 149, 153, 175, 182, 187, 189, 191, 197, 225, 230, 238, 264, 265, 266, 286, 302, 317, 336, 379, 388, 389, 425, 454, 458, 463, 475, 487, 498, 499, 512, 530, 531, 532, 533, 534, 536, 573, 589, 596, 598, 601, 605, 617, 620, 624, 646, 653, 658, 660, 662, 668, 689, 694, 702, 724, 725, 745, 760, 775, 793, 829, 838, 839, 877, 901, 903, 905, 910, 923]","[1, 13, 14, 29, 54, 55, 56, 57, 58, 60, 102, 118, 125, 127, 130, 134, 146, 149, 153, 175, 182, 187, 189, 191, 197, 225, 230, 238, 264, 265, 266, 286, 302, 317, 336, 354, 379, 388, 389, 425, 454, 458, 463, 475, 479, 487, 498, 499, 512, 530, 531, 532, 533, 534, 536, 573, 589, 596, 598, 601, 605, 617, 620, 624, 646, 653, 658, 660, 662, 668, 689, 694, 702, 724, 725, 745, 760, 775, 793, 809, 829, 838, 839, 877, 901, 903, 905, 910, 923, 930]","[512, 1, 13, 14, 530, 531, 532, 533, 534, 536, 29, 54, 55, 56, 57, 58, 60, 573, 589, 596, 598, 601, 605, 102, 617, 620, 624, 118, 125, 127, 130, 134, 646, 653, 146, 658, 660, 149, 662, 153, 668, 175, 689, 182, 694, 187, 189, 702, 191, 197, 724, 725, 225, 230, 745, 238, 760, 775, 264, 265, 266, 793, 286, 809, 302, 317, 829, 838, 839, 336, 851, 354, 867, 874, 875, 877, 379, 388, 389, 901, 903, 905, 910, 912, 402, 923, 416, 930, 422, 423, 425, 454, 458, 463, 465, 475, 479, 487, 498, 499]",False,[],[],"[125, 265, 317, 596, 725, 775]",[],"[402, 416, 422, 423, 465, 851, 867, 874, 875, 912]","[1, 13, 14, 29, 54, 55, 56, 57, 58, 60, 102, 118, 125, 127, 130, 134, 146, 149, 153, 175, 182, 187, 189, 191, 197, 225, 230, 238, 264, 265, 266, 286, 302, 317, 336, 354, 379, 388, 389, 425, 454, 458, 463, 475, 479, 487, 498, 499, 512, 530, 531, 532, 533, 534, 536, 573, 589, 596, 598, 601, 605, 617, 620, 624, 646, 653, 658, 660, 662, 668, 689, 694, 702, 724, 725, 745, 760, 775, 793, 809, 829, 838, 839, 877, 901, 903, 905, 910, 923, 930]","[1, 13, 14, 29, 54, 55, 56, 57, 58, 60, 102, 118, 125, 127, 130, 134, 146, 149, 153, 175, 182, 187, 189, 191, 197, 225, 230, 238, 264, 265, 266, 286, 302, 317, 336, 379, 388, 389, 425, 454, 458, 463, 475, 487, 498, 499, 512, 530, 531, 532, 533, 534, 536, 573, 589, 596, 598, 601, 605, 617, 620, 624, 646, 653, 658, 660, 662, 668, 689, 694, 702, 724, 725, 745, 760, 775, 793, 829, 838, 839, 877, 901, 903, 905, 910, 923]",0/6 successful match,False,,False,406,False,,1.0,True,Jackson's Food Mart # 83 ( Shell ),Shell
Baker City ( 97814 ) Jacksons # 083 ( Shell ),541-523-7812 I-84 Exit 304 ( Campbell St W ),24 S,Baker City,97814,Jacksons # 083 ( Shell ),541-523-7812,2014,Baker City,OR,Shell,( Campbell St W ),I-84 Exit 304 ,Exit,304,False,,False,I-84,,,,,[],[],"[125, 265, 317, 596, 725, 775]",[],[],"[402, 416, 422, 423, 465, 851, 867, 874, 875, 912]","[1, 13, 14, 29, 54, 55, 56, 57, 58, 60, 102, 118, 125, 127, 130, 134, 146, 149, 153, 175, 182, 187, 189, 191, 197, 225, 230, 238, 264, 265, 266, 286, 302, 317, 336, 379, 388, 389, 425, 454, 458, 463, 475, 487, 498, 499, 512, 530, 531, 532, 533, 534, 536, 573, 589, 596, 598, 601, 605, 617, 620, 624, 646, 653, 658, 660, 662, 668, 689, 694, 702, 724, 725, 745, 760, 775, 793, 829, 838, 839, 877, 901, 903, 905, 910, 923]","[1, 13, 14, 29, 54, 55, 56, 57, 58, 60, 102, 118, 125, 127, 130, 134, 146, 149, 153, 175, 182, 187, 189, 191, 197, 225, 230, 238, 264, 265, 266, 286, 302, 317, 336, 354, 379, 388, 389, 425, 454, 458, 463, 475, 487, 498, 499, 512, 530, 531, 532, 533, 534, 536, 573, 589, 596, 598, 601, 605, 617, 620, 624, 646, 653, 658, 660, 662, 668, 689, 694, 702, 724, 725, 745, 760, 775, 793, 809, 829, 838, 839, 877, 901, 903, 905, 910, 923]","[512, 1, 13, 14, 530, 531, 532, 533, 534, 536, 29, 54, 55, 56, 57, 58, 60, 573, 589, 596, 598, 601, 605, 102, 617, 620, 624, 118, 125, 127, 130, 134, 646, 653, 146, 658, 660, 149, 662, 153, 668, 175, 689, 182, 694, 187, 189, 702, 191, 197, 724, 725, 225, 230, 745, 238, 760, 775, 264, 265, 266, 793, 286, 809, 302, 317, 829, 838, 839, 336, 851, 354, 867, 874, 875, 877, 379, 388, 389, 901, 903, 905, 910, 912, 402, 923, 416, 422, 423, 425, 454, 458, 463, 465, 475, 487, 498, 499]",False,[],[],"[125, 265, 317, 596, 725, 775]",[],"[402, 416, 422, 423, 465, 851, 867, 874, 875, 912]","[1, 13, 14, 29, 54, 55, 56, 57, 58, 60, 102, 118, 125, 127, 130, 134, 146, 149, 153, 175, 182, 187, 189, 191, 197, 225, 230, 238, 264, 265, 266, 286, 302, 317, 336, 354, 379, 388, 389, 425, 454, 458, 463, 475, 487, 498, 499, 512, 530, 531, 532, 533, 534, 536, 573, 589, 596, 598, 601, 605, 617, 620, 624, 646, 653, 658, 660, 662, 668, 689, 694, 702, 724, 725, 745, 760, 775, 793, 809, 829, 838, 839, 877, 901, 903, 905, 910, 923]","[1, 13, 14, 29, 54, 55, 56, 57, 58, 60, 102, 118, 125, 127, 130, 134, 146, 149, 153, 175, 182, 187, 189, 191, 197, 225, 230, 238, 264, 265, 266, 286, 302, 317, 336, 379, 388, 389, 425, 454, 458, 463, 475, 487, 498, 499, 512, 530, 531, 532, 533, 534, 536, 573, 589, 596, 598, 601, 605, 617, 620, 624, 646, 653, 658, 660, 662, 668, 689, 694, 702, 724, 725, 745, 760, 775, 793, 829, 838, 839, 877, 901, 903, 905, 910, 923]",0/6 successful match,False,,False,406,False,,0.896551724137931,True,Jackson's Food Mart # 83 ( Shell ),Shell
Baker City ( 97814 ) Jacksons # 083 ( Shell ),541-523-7812 I-84 Exit 304 ( Campbell St W ),24 S,Baker City,97814,Jacksons # 083 ( Shell ),541-523-7812,2015,Baker City,OR,Shell,( Campbell St W ),I-84 Exit 304 ,Exit,304,False,,False,I-84,,,,,[],[],"[125, 265, 317, 596, 725, 775]",[],[],"[402, 416, 422, 423, 465, 851, 867, 874, 875, 912]","[1, 13, 14, 29, 54, 55, 56, 57, 58, 60, 102, 118, 125, 127, 130, 134, 146, 149, 153, 175, 182, 187, 189, 191, 197, 225, 230, 238, 264, 265, 266, 286, 302, 317, 336, 379, 388, 389, 425, 454, 458, 463, 475, 487, 498, 499, 512, 530, 531, 532, 533, 534, 536, 573, 589, 596, 598, 601, 605, 617, 620, 624, 646, 653, 658, 660, 662, 668, 689, 694, 702, 724, 725, 745, 760, 775, 793, 829, 838, 839, 877, 901, 903, 905, 910, 923]","[1, 13, 14, 29, 54, 55, 56, 57, 58, 60, 102, 118, 125, 127, 130, 134, 146, 149, 153, 175, 182, 187, 189, 191, 197, 225, 230, 238, 264, 265, 266, 286, 302, 317, 336, 354, 379, 388, 389, 425, 454, 458, 463, 475, 487, 498, 499, 512, 530, 531, 532, 533, 534, 536, 573, 589, 596, 598, 601, 605, 617, 620, 624, 646, 653, 658, 660, 662, 668, 689, 694, 702, 724, 725, 745, 760, 775, 793, 809, 829, 838, 839, 877, 901, 903, 905, 910, 923]","[512, 1, 13, 14, 530, 531, 532, 533, 534, 536, 29, 54, 55, 56, 57, 58, 60, 573, 589, 596, 598, 601, 605, 102, 617, 620, 624, 118, 125, 127, 130, 134, 646, 653, 146, 658, 660, 149, 662, 153, 668, 175, 689, 182, 694, 187, 189, 702, 191, 197, 724, 725, 225, 230, 745, 238, 760, 775, 264, 265, 266, 793, 286, 809, 302, 317, 829, 838, 839, 336, 851, 354, 867, 874, 875, 877, 379, 388, 389, 901, 903, 905, 910, 912, 402, 923, 416, 422, 423, 425, 454, 458, 463, 465, 475, 487, 498, 499]",False,[],[],"[125, 265, 317, 596, 725, 775]",[],"[402, 416, 422, 423, 465, 851, 867, 874, 875, 912]","[1, 13, 14, 29, 54, 55, 56, 57, 58, 60, 102, 118, 125, 127, 130, 134, 146, 149, 153, 175, 182, 187, 189, 191, 197, 225, 230, 238, 264, 265, 266, 286, 302, 317, 336, 354, 379, 388, 389, 425, 454, 458, 463, 475, 487, 498, 499, 512, 530, 531, 532, 533, 534, 536, 573, 589, 596, 598, 601, 605, 617, 620, 624, 646, 653, 658, 660, 662, 668, 689, 694, 702, 724, 725, 745, 760, 775, 793, 809, 829, 838, 839, 877, 901, 903, 905, 910, 923]","[1, 13, 14, 29, 54, 55, 56, 57, 58, 60, 102, 118, 125, 127, 130, 134, 146, 149, 153, 175, 182, 187, 189, 191, 197, 225, 230, 238, 264, 265, 266, 286, 302, 317, 336, 379, 388, 389, 425, 454, 458, 463, 475, 487, 498, 499, 512, 530, 531, 532, 533, 534, 536, 573, 589, 596, 598, 601, 605, 617, 620, 624, 646, 653, 658, 660, 662, 668, 689, 694, 702, 724, 725, 745, 760, 775, 793, 829, 838, 839, 877, 901, 903, 905, 910, 923]",0/6 successful match,False,,False,406,False,,1.0,True,Jacksons # 083 ( Shell ),Shell
Baker City ( 97814 ) Jacksons # 083 ( Shell ),541-523-7812 I-84 Exit 304 ( Campbell,24 S 24,Baker City,97814,Jacksons # 083 ( Shell ),541-523-7812,2016,Baker City,OR,Shell,( Campbell,I-84 Exit 304 ,Exit,304,False,,False,I-84,,,,,[],[],"[125, 265, 317, 596, 725, 775]",[],[],"[402, 416, 422, 423, 465, 851, 867, 874, 875, 912]","[1, 13, 14, 29, 54, 55, 56, 57, 58, 60, 102, 118, 125, 127, 130, 134, 146, 149, 153, 175, 182, 187, 189, 191, 197, 225, 230, 238, 264, 265, 266, 286, 302, 317, 336, 379, 388, 389, 425, 454, 458, 463, 475, 487, 498, 499, 512, 530, 531, 532, 533, 534, 536, 573, 589, 596, 598, 601, 605, 617, 620, 624, 646, 653, 658, 660, 662, 668, 689, 694, 702, 724, 725, 745, 760, 775, 793, 829, 838, 839, 877, 901, 903, 905, 910, 923]","[1, 13, 14, 29, 54, 55, 56, 57, 58, 60, 102, 118, 125, 127, 130, 134, 146, 149, 153, 175, 182, 187, 189, 191, 197, 225, 230, 238, 264, 265, 266, 286, 302, 317, 336, 354, 379, 388, 389, 425, 454, 458, 463, 475, 487, 498, 499, 512, 530, 531, 532, 533, 534, 536, 573, 589, 596, 598, 601, 605, 617, 620, 624, 646, 653, 658, 660, 662, 668, 689, 694, 702, 724, 725, 745, 760, 775, 793, 809, 829, 838, 839, 877, 901, 903, 905, 910, 923]","[512, 1, 13, 14, 530, 531, 532, 533, 534, 536, 29, 54, 55, 56, 57, 58, 60, 573, 589, 596, 598, 601, 605, 102, 617, 620, 624, 118, 125, 127, 130, 134, 646, 653, 146, 658, 660, 149, 662, 153, 668, 175, 689, 182, 694, 187, 189, 702, 191, 197, 724, 725, 225, 230, 745, 238, 760, 775, 264, 265, 266, 793, 286, 809, 302, 317, 829, 838, 839, 336, 851, 354, 867, 874, 875, 877, 379, 388, 389, 901, 903, 905, 910, 912, 402, 923, 416, 422, 423, 425, 454, 458, 463, 465, 475, 487, 498, 499]",False,[],[],"[125, 265, 317, 596, 725, 775]",[],"[402, 416, 422, 423, 465, 851, 867, 874, 875, 912]","[1, 13, 14, 29, 54, 55, 56, 57, 58, 60, 102, 118, 125, 127, 130, 134, 146, 149, 153, 175, 182, 187, 189, 191, 197, 225, 230, 238, 264, 265, 266, 286, 302, 317, 336, 354, 379, 388, 389, 425, 454, 458, 463, 475, 487, 498, 499, 512, 530, 531, 532, 533, 534, 536, 573, 589, 596, 598, 601, 605, 617, 620, 624, 646, 653, 658, 660, 662, 668, 689, 694, 702, 724, 725, 745, 760, 775, 793, 809, 829, 838, 839, 877, 901, 903, 905, 910, 923]","[1, 13, 14, 29, 54, 55, 56, 57, 58, 60, 102, 118, 125, 127, 130, 134, 146, 149, 153, 175, 182, 187, 189, 191, 197, 225, 230, 238, 264, 265, 266, 286, 302, 317, 336, 379, 388, 389, 425, 454, 458, 463, 475, 487, 498, 499, 512, 530, 531, 532, 533, 534, 536, 573, 589, 596, 598, 601, 605, 617, 620, 624, 646, 653, 658, 660, 662, 668, 689, 694, 702, 724, 725, 745, 760, 775, 793, 829, 838, 839, 877, 901, 903, 905, 910, 923]",0/6 successful match,False,,False,406,False,,1.0,True,Jacksons # 083 ( Shell ),Shell
"Boardman , 97818 Main Street Shell",541-481-6750 I-84 Exit 164 ( Main St N ),TA FRS 24 M24,Boardman,97818,Main Street Shell,541-481-6750,2006,Boardman,OR,Shell,( Main St N ),I-84 Exit 164 ,Exit,164,False,,False,I-84,,,,,[],[],[],"[462, 909]",[],"[402, 416, 422, 423, 465, 851, 867, 874, 875, 912]","[1, 13, 14, 29, 54, 55, 56, 57, 58, 60, 102, 118, 125, 127, 130, 134, 146, 149, 153, 175, 182, 187, 189, 191, 197, 225, 230, 238, 264, 265, 266, 286, 302, 317, 336, 379, 388, 389, 425, 454, 458, 463, 475, 487, 498, 499, 512, 530, 531, 532, 533, 534, 536, 573, 589, 596, 598, 601, 605, 617, 620, 624, 646, 653, 658, 660, 662, 668, 689, 694, 702, 724, 725, 745, 760, 775, 793, 829, 838, 839, 877, 901, 903, 905, 910, 923]","[1, 13, 14, 29, 54, 55, 56, 57, 58, 60, 102, 118, 125, 127, 130, 134, 146, 149, 153, 175, 182, 187, 189, 191, 197, 225, 230, 238, 264, 265, 266, 286, 302, 317, 336, 354, 379, 388, 389, 425, 454, 458, 463, 475, 487, 498, 499, 512, 530, 531, 532, 533, 534, 536, 573, 589, 596, 598, 601, 605, 617, 620, 624, 646, 653, 658, 660, 662, 668, 689, 694, 702, 724, 725, 745, 760, 775, 793, 809, 829, 838, 839, 877, 901, 903, 905, 910, 923]","[512, 1, 13, 14, 530, 531, 532, 533, 534, 536, 29, 54, 55, 56, 57, 58, 60, 573, 589, 596, 598, 601, 605, 102, 617, 620, 624, 118, 125, 127, 130, 134, 646, 653, 146, 658, 660, 149, 662, 153, 668, 175, 689, 182, 694, 187, 189, 702, 191, 197, 724, 725, 225, 230, 745, 238, 760, 775, 264, 265, 266, 793, 286, 809, 302, 317, 829, 838, 839, 336, 851, 354, 867, 874, 875, 877, 379, 388, 389, 901, 903, 905, 909, 910, 912, 402, 923, 416, 422, 423, 425, 454, 458, 462, 463, 465, 475, 487, 498, 499]",False,[],[],[],"[462, 909]","[402, 416, 422, 423, 465, 851, 867, 874, 875, 912]","[1, 13, 14, 29, 54, 55, 56, 57, 58, 60, 102, 118, 125, 127, 130, 134, 146, 149, 153, 175, 182, 187, 189, 191, 197, 225, 230, 238, 264, 265, 266, 286, 302, 317, 336, 354, 379, 388, 389, 425, 454, 458, 463, 475, 487, 498, 499, 512, 530, 531, 532, 533, 534, 536, 573, 589, 596, 598, 601, 605, 617, 620, 624, 646, 653, 658, 660, 662, 668, 689, 694, 702, 724, 725, 745, 760, 775, 793, 809, 829, 838, 839, 877, 901, 903, 905, 910, 923]","[1, 13, 14, 29, 54, 55, 56, 57, 58, 60, 102, 118, 125, 127, 130, 134, 146, 149, 153, 175, 182, 187, 189, 191, 197, 225, 230, 238, 264, 265, 266, 286, 302, 317, 336, 379, 388, 389, 425, 454, 458, 463, 475, 487, 498, 499, 512, 530, 531, 532, 533, 534, 536, 573, 589, 596, 598, 601, 605, 617, 620, 624, 646, 653, 658, 660, 662, 668, 689, 694, 702, 724, 725, 745, 760, 775, 793, 829, 838, 839, 877, 901, 903, 905, 910, 923]",0/6 successful match,False,,False,407,False,,,,,
"B Boardman , 97818 Main Street Shell",541-481-6750 I-84 Exit 164 ( Main St N ),FRS 24 XL 24,Boardman,97818,Main Street Shell,541-481-6750,2007,Boardman,OR,Shell,( Main St N ),I-84 Exit 164 ,Exit,164,False,,False,I-84,,,,,[],[],[],"[462, 909]",[],"[402, 416, 422, 423, 465, 851, 867, 874, 875, 912]","[1, 13, 14, 29, 54, 55, 56, 57, 58, 60, 102, 118, 125, 127, 130, 134, 146, 149, 153, 175, 182, 187, 189, 191, 197, 225, 230, 238, 264, 265, 266, 286, 302, 317, 336, 379, 388, 389, 425, 454, 458, 463, 475, 487, 498, 499, 512, 530, 531, 532, 533, 534, 536, 573, 589, 596, 598, 601, 605, 617, 620, 624, 646, 653, 658, 660, 662, 668, 689, 694, 702, 724, 725, 745, 760, 775, 793, 829, 838, 839, 877, 901, 903, 905, 910, 923]","[1, 13, 14, 29, 54, 55, 56, 57, 58, 60, 102, 118, 125, 127, 130, 134, 146, 149, 153, 175, 182, 187, 189, 191, 197, 225, 230, 238, 264, 265, 266, 286, 302, 317, 336, 354, 379, 388, 389, 425, 454, 458, 463, 475, 487, 498, 499, 512, 530, 531, 532, 533, 534, 536, 573, 589, 596, 598, 601, 605, 617, 620, 624, 646, 653, 658, 660, 662, 668, 689, 694, 702, 724, 725, 745, 760, 775, 793, 809, 829, 838, 839, 877, 901, 903, 905, 910, 923]","[512, 1, 13, 14, 530, 531, 532, 533, 534, 536, 29, 54, 55, 56, 57, 58, 60, 573, 589, 596, 598, 601, 605, 102, 617, 620, 624, 118, 125, 127, 130, 134, 646, 653, 146, 658, 660, 149, 662, 153, 668, 175, 689, 182, 694, 187, 189, 702, 191, 197, 724, 725, 225, 230, 745, 238, 760, 775, 264, 265, 266, 793, 286, 809, 302, 317, 829, 838, 839, 336, 851, 354, 867, 874, 875, 877, 379, 388, 389, 901, 903, 905, 909, 910, 912, 402, 923, 416, 422, 423, 425, 454, 458, 462, 463, 465, 475, 487, 498, 499]",False,[],[],[],"[462, 909]","[402, 416, 422, 423, 465, 851, 867, 874, 875, 912]","[1, 13, 14, 29, 54, 55, 56, 57, 58, 60, 102, 118, 125, 127, 130, 134, 146, 149, 153, 175, 182, 187, 189, 191, 197, 225, 230, 238, 264, 265, 266, 286, 302, 317, 336, 354, 379, 388, 389, 425, 454, 458, 463, 475, 487, 498, 499, 512, 530, 531, 532, 533, 534, 536, 573, 589, 596, 598, 601, 605, 617, 620, 624, 646, 653, 658, 660, 662, 668, 689, 694, 702, 724, 725, 745, 760, 775, 793, 809, 829, 838, 839, 877, 901, 903, 905, 910, 923]","[1, 13, 14, 29, 54, 55, 56, 57, 58, 60, 102, 118, 125, 127, 130, 134, 146, 149, 153, 175, 182, 187, 189, 191, 197, 225, 230, 238, 264, 265, 266, 286, 302, 317, 336, 379, 388, 389, 425, 454, 458, 463, 475, 487, 498, 499, 512, 530, 531, 532, 533, 534, 536, 573, 589, 596, 598, 601, 605, 617, 620, 624, 646, 653, 658, 660, 662, 668, 689, 694, 702, 724, 725, 745, 760, 775, 793, 829, 838, 839, 877, 901, 903, 905, 910, 923]",0/6 successful match,False,,False,407,False,,1.0,True,Main Street Shell,Shell
"Boardman , 97818 Main Street Shell",541-481-6750 I-84 Exit 164 ( Main St N ),24 S 00,Boardman,97818,Main Street Shell,541-481-6750,2008,Boardman,OR,Shell,( Main St N ),I-84 Exit 164 ,Exit,164,False,,False,I-84,,,,,[],[],[],"[462, 909]",[],"[402, 416, 422, 423, 465, 851, 867, 874, 875, 912]","[1, 13, 14, 29, 54, 55, 56, 57, 58, 60, 102, 118, 125, 127, 130, 134, 146, 149, 153, 175, 182, 187, 189, 191, 197, 225, 230, 238, 264, 265, 266, 286, 302, 317, 336, 379, 388, 389, 425, 454, 458, 463, 475, 487, 498, 499, 512, 530, 531, 532, 533, 534, 536, 573, 589, 596, 598, 601, 605, 617, 620, 624, 646, 653, 658, 660, 662, 668, 689, 694, 702, 724, 725, 745, 760, 775, 793, 829, 838, 839, 877, 901, 903, 905, 910, 923]","[1, 13, 14, 29, 54, 55, 56, 57, 58, 60, 102, 118, 125, 127, 130, 134, 146, 149, 153, 175, 182, 187, 189, 191, 197, 225, 230, 238, 264, 265, 266, 286, 302, 317, 336, 354, 379, 388, 389, 425, 454, 458, 463, 475, 487, 498, 499, 512, 530, 531, 532, 533, 534, 536, 573, 589, 596, 598, 601, 605, 617, 620, 624, 646, 653, 658, 660, 662, 668, 689, 694, 702, 724, 725, 745, 760, 775, 793, 809, 829, 838, 839, 877, 901, 903, 905, 910, 923]","[512, 1, 13, 14, 530, 531, 532, 533, 534, 536, 29, 54, 55, 56, 57, 58, 60, 573, 589, 596, 598, 601, 605, 102, 617, 620, 624, 118, 125, 127, 130, 134, 646, 653, 146, 658, 660, 149, 662, 153, 668, 175, 689, 182, 694, 187, 189, 702, 191, 197, 724, 725, 225, 230, 745, 238, 760, 775, 264, 265, 266, 793, 286, 809, 302, 317, 829, 838, 839, 336, 851, 354, 867, 874, 875, 877, 379, 388, 389, 901, 903, 905, 909, 910, 912, 402, 923, 416, 422, 423, 425, 454, 458, 462, 463, 465, 475, 487, 498, 499]",False,[],[],[],"[462, 909]","[402, 416, 422, 423, 465, 851, 867, 874, 875, 912]","[1, 13, 14, 29, 54, 55, 56, 57, 58, 60, 102, 118, 125, 127, 130, 134, 146, 149, 153, 175, 182, 187, 189, 191, 197, 225, 230, 238, 264, 265, 266, 286, 302, 317, 336, 354, 379, 388, 389, 425, 454, 458, 463, 475, 487, 498, 499, 512, 530, 531, 532, 533, 534, 536, 573, 589, 596, 598, 601, 605, 617, 620, 624, 646, 653, 658, 660, 662, 668, 689, 694, 702, 724, 725, 745, 760, 775, 793, 809, 829, 838, 839, 877, 901, 903, 905, 910, 923]","[1, 13, 14, 29, 54, 55, 56, 57, 58, 60, 102, 118, 125, 127, 130, 134, 146, 149, 153, 175, 182, 187, 189, 191, 197, 225, 230, 238, 264, 265, 266, 286, 302, 317, 336, 379, 388, 389, 425, 454, 458, 463, 475, 487, 498, 499, 512, 530, 531, 532, 533, 534, 536, 573, 589, 596, 598, 601, 605, 617, 620, 624, 646, 653, 658, 660, 662, 668, 689, 694, 702, 724, 725, 745, 760, 775, 793, 829, 838, 839, 877, 901, 903, 905, 910, 923]",0/6 successful match,False,,False,407,False,,1.0,True,Main Street Shell,Shell
Boardman ( 97818 ) Main Street Shell,541-481-6750 I-84 Exit 164 ( Main St N ),<U+2610> D <U+25A1>,Boardman,97818,Main Street Shell,541-481-6750,2014,Boardman,OR,Shell,( Main St N ),I-84 Exit 164 ,Exit,164,False,,False,I-84,,,,,[],[],[],"[462, 909]",[],"[402, 416, 422, 423, 465, 851, 867, 874, 875, 912]","[1, 13, 14, 29, 54, 55, 56, 57, 58, 60, 102, 118, 125, 127, 130, 134, 146, 149, 153, 175, 182, 187, 189, 191, 197, 225, 230, 238, 264, 265, 266, 286, 302, 317, 336, 379, 388, 389, 425, 454, 458, 463, 475, 487, 498, 499, 512, 530, 531, 532, 533, 534, 536, 573, 589, 596, 598, 601, 605, 617, 620, 624, 646, 653, 658, 660, 662, 668, 689, 694, 702, 724, 725, 745, 760, 775, 793, 829, 838, 839, 877, 901, 903, 905, 910, 923]","[1, 13, 14, 29, 54, 55, 56, 57, 58, 60, 102, 118, 125, 127, 130, 134, 146, 149, 153, 175, 182, 187, 189, 191, 197, 225, 230, 238, 264, 265, 266, 286, 302, 317, 336, 354, 379, 388, 389, 425, 454, 458, 463, 475, 487, 498, 499, 512, 530, 531, 532, 533, 534, 536, 573, 589, 596, 598, 601, 605, 617, 620, 624, 646, 653, 658, 660, 662, 668, 689, 694, 702, 724, 725, 745, 760, 775, 793, 809, 829, 838, 839, 877, 901, 903, 905, 910, 923]","[512, 1, 13, 14, 530, 531, 532, 533, 534, 536, 29, 54, 55, 56, 57, 58, 60, 573, 589, 596, 598, 601, 605, 102, 617, 620, 624, 118, 125, 127, 130, 134, 646, 653, 146, 658, 660, 149, 662, 153, 668, 175, 689, 182, 694, 187, 189, 702, 191, 197, 724, 725, 225, 230, 745, 238, 760, 775, 264, 265, 266, 793, 286, 809, 302, 317, 829, 838, 839, 336, 851, 354, 867, 874, 875, 877, 379, 388, 389, 901, 903, 905, 909, 910, 912, 402, 923, 416, 422, 423, 425, 454, 458, 462, 463, 465, 475, 487, 498, 499]",False,[],[],[],"[462, 909]","[402, 416, 422, 423, 465, 851, 867, 874, 875, 912]","[1, 13, 14, 29, 54, 55, 56, 57, 58, 60, 102, 118, 125, 127, 130, 134, 146, 149, 153, 175, 182, 187, 189, 191, 197, 225, 230, 238, 264, 265, 266, 286, 302, 317, 336, 354, 379, 388, 389, 425, 454, 458, 463, 475, 487, 498, 499, 512, 530, 531, 532, 533, 534, 536, 573, 589, 596, 598, 601, 605, 617, 620, 624, 646, 653, 658, 660, 662, 668, 689, 694, 702, 724, 725, 745, 760, 775, 793, 809, 829, 838, 839, 877, 901, 903, 905, 910, 923]","[1, 13, 14, 29, 54, 55, 56, 57, 58, 60, 102, 118, 125, 127, 130, 134, 146, 149, 153, 175, 182, 187, 189, 191, 197, 225, 230, 238, 264, 265, 266, 286, 302, 317, 336, 379, 388, 389, 425, 454, 458, 463, 475, 487, 498, 499, 512, 530, 531, 532, 533, 534, 536, 573, 589, 596, 598, 601, 605, 617, 620, 624, 646, 653, 658, 660, 662, 668, 689, 694, 702, 724, 725, 745, 760, 775, 793, 829, 838, 839, 877, 901, 903, 905, 910, 923]",0/6 successful match,False,,False,407,False,,1.0,True,Main Street Shell,Shell
B Boardman ( 97818 ) Main Street Sinclair ),541-481-6750 I-84 Exit 164 ( Main St N ),24 <U+25A1>,Boardman,97818,Main Street Sinclair ),541-481-6750,2015,Boardman,OR,Sinclair,( Main St N ),I-84 Exit 164 ,Exit,164,False,,False,I-84,,,,,[],[],[],"[462, 909]",[],"[402, 416, 422, 423, 465, 851, 867, 874, 875, 912]","[31, 142, 147, 180, 338, 352, 367, 387, 403, 405, 408, 410, 455, 465, 466, 468, 470, 472, 473, 483, 484, 514, 613, 618, 651, 794, 807, 837, 852, 854, 858, 861, 902, 912, 913, 915, 917, 919, 920, 931, 934, 935]","[31, 142, 147, 180, 338, 352, 367, 387, 403, 405, 408, 410, 455, 465, 466, 468, 470, 472, 473, 483, 484, 514, 613, 618, 651, 794, 807, 837, 852, 854, 858, 861, 902, 912, 913, 915, 917, 919, 920, 931, 934, 935]","[514, 387, 902, 651, 909, 142, 912, 913, 402, 147, 403, 405, 915, 917, 408, 919, 410, 794, 920, 31, 416, 931, 422, 423, 807, 934, 935, 180, 837, 455, 462, 465, 338, 851, 466, 468, 470, 852, 472, 473, 854, 858, 861, 352, 867, 483, 484, 613, 874, 875, 618, 367]",False,[],[],[],"[462, 909]","[402, 416, 422, 423, 465, 851, 867, 874, 875, 912]","[31, 142, 147, 180, 338, 352, 367, 387, 403, 405, 408, 410, 455, 465, 466, 468, 470, 472, 473, 483, 484, 514, 613, 618, 651, 794, 807, 837, 852, 854, 858, 861, 902, 912, 913, 915, 917, 919, 920, 931, 934, 935]","[31, 142, 147, 180, 338, 352, 367, 387, 403, 405, 408, 410, 455, 465, 466, 468, 470, 472, 473, 483, 484, 514, 613, 618, 651, 794, 807, 837, 852, 854, 858, 861, 902, 912, 913, 915, 917, 919, 920, 931, 934, 935]",0/6 successful match,False,,False,407,False,,0.982051282051282,False,Main Street Shell,Shell
Boardman ( 97818 ) Main Street Sinclair ),541-481-6750 I-84 Exit 164 ( Main St N ),24 <U+2610> <U+25A1> <U+25A1> <U+25A1>,Boardman,97818,Main Street Sinclair ),541-481-6750,2016,Boardman,OR,Sinclair,( Main St N ),I-84 Exit 164 ,Exit,164,False,,False,I-84,,,,,[],[],[],"[462, 909]",[],"[402, 416, 422, 423, 465, 851, 867, 874, 875, 912]","[31, 142, 147, 180, 338, 352, 367, 387, 403, 405, 408, 410, 455, 465, 466, 468, 470, 472, 473, 483, 484, 514, 613, 618, 651, 794, 807, 837, 852, 854, 858, 861, 902, 912, 913, 915, 917, 919, 920, 931, 934, 935]","[31, 142, 147, 180, 338, 352, 367, 387, 403, 405, 408, 410, 455, 465, 466, 468, 470, 472, 473, 483, 484, 514, 613, 618, 651, 794, 807, 837, 852, 854, 858, 861, 902, 912, 913, 915, 917, 919, 920, 931, 934, 935]","[514, 387, 902, 651, 909, 142, 912, 913, 402, 147, 403, 405, 915, 917, 408, 919, 410, 794, 920, 31, 416, 931, 422, 423, 807, 934, 935, 180, 837, 455, 462, 465, 338, 851, 466, 468, 470, 852, 472, 473, 854, 858, 861, 352, 867, 483, 484, 613, 874, 875, 618, 367]",False,[],[],[],"[462, 909]","[402, 416, 422, 423, 465, 851, 867, 874, 875, 912]","[31, 142, 147, 180, 338, 352, 367, 387, 403, 405, 408, 410, 455, 465, 466, 468, 470, 472, 473, 483, 484, 514, 613, 618, 651, 794, 807, 837, 852, 854, 858, 861, 902, 912, 913, 915, 917, 919, 920, 931, 934, 935]","[31, 142, 147, 180, 338, 352, 367, 387, 403, 405, 408, 410, 455, 465, 466, 468, 470, 472, 473, 483, 484, 514, 613, 618, 651, 794, 807, 837, 852, 854, 858, 861, 902, 912, 913, 915, 917, 919, 920, 931, 934, 935]",0/6 successful match,False,,False,407,False,,1.0,True,Main Street Sinclair ),Sinclair
"Boardman , 97818 Devin Oil ( Shell )",541-481-9391 I-84 Exit 164,24 HRS LO,Boardman,97818,Devin Oil ( Shell ),541-481-9391,2006,Boardman,OR,Shell,,I-84 Exit 164,Exit,164,False,,False,I-84,,,,,[],[],[],"[462, 909]",[],"[402, 416, 422, 423, 465, 851, 867, 874, 875, 912]","[1, 13, 14, 29, 54, 55, 56, 57, 58, 60, 102, 118, 125, 127, 130, 134, 146, 149, 153, 175, 182, 187, 189, 191, 197, 225, 230, 238, 264, 265, 266, 286, 302, 317, 336, 379, 388, 389, 425, 454, 458, 463, 475, 487, 498, 499, 512, 530, 531, 532, 533, 534, 536, 573, 589, 596, 598, 601, 605, 617, 620, 624, 646, 653, 658, 660, 662, 668, 689, 694, 702, 724, 725, 745, 760, 775, 793, 829, 838, 839, 877, 901, 903, 905, 910, 923]","[1, 4, 13, 14, 29, 31, 54, 55, 56, 57, 58, 59, 60, 102, 118, 125, 127, 130, 134, 135, 142, 146, 147, 149, 153, 175, 180, 182, 187, 189, 191, 197, 218, 225, 229, 230, 232, 238, 264, 265, 266, 269, 286, 299, 302, 317, 318, 320, 331, 336, 338, 352, 354, 367, 379, 382, 387, 388, 389, 403, 405, 408, 410, 425, 454, 455, 458, 463, 465, 466, 468, 470, 472, 473, 475, 483, 484, 487, 490, 498, 499, 512, 514, 530, 531, 532, 533, 534, 535, 536, 573, 589, 596, 598, 601, 605, 606, 613, 617, 618, 620, 624, 646, 651, 653, 658, 660, 662, 668, 686, 689, 693, 694, 696, 702, 724, 725, 728, 745, 758, 760, 775, 776, 778, 788, 793, 794, 807, 809, 829, 832, 837, 838, 839, 852, 854, 858, 860, 861, 877, 901, 902, 903, 905, 910, 912, 913, 915, 917, 919, 920, 923, 931, 934, 935]","[512, 1, 514, 4, 13, 14, 530, 531, 532, 533, 534, 535, 536, 29, 31, 54, 55, 56, 57, 58, 59, 60, 573, 589, 596, 598, 601, 605, 606, 613, 102, 617, 618, 620, 624, 118, 125, 127, 130, 134, 646, 135, 651, 653, 142, 146, 658, 660, 149, 662, 147, 153, 668, 686, 175, 689, 180, 693, 182, 694, 696, 187, 189, 702, 191, 197, 724, 725, 728, 218, 225, 229, 230, 232, 745, 238, 758, 760, 775, 264, 265, 266, 776, 778, 269, 788, 793, 794, 286, 807, 809, 299, 302, 317, 829, 318, 320, 832, 837, 838, 839, 331, 336, 338, 851, 852, 854, 858, 860, 861, 352, 354, 867, 874, 875, 877, 367, 379, 382, 387, 388, 389, 901, 903, 902, 905, 909, 910, 912, 913, 402, 403, 915, 405, 917, 919, 408, 920, 410, 923, 416, 931, 422, 423, 934, 425, 935, 454, 455, 458, 462, 463, 465, 466, 468, 470, 472, 473, 475, 483, 484, 487, 490, 498, 499]",False,[],[],[],"[462, 909]","[402, 416, 422, 423, 465, 851, 867, 874, 875, 912]","[1, 4, 13, 14, 29, 31, 54, 55, 56, 57, 58, 59, 60, 102, 118, 125, 127, 130, 134, 135, 142, 146, 147, 149, 153, 175, 180, 182, 187, 189, 191, 197, 218, 225, 229, 230, 232, 238, 264, 265, 266, 269, 286, 299, 302, 317, 318, 320, 331, 336, 338, 352, 354, 367, 379, 382, 387, 388, 389, 403, 405, 408, 410, 425, 454, 455, 458, 463, 465, 466, 468, 470, 472, 473, 475, 483, 484, 487, 490, 498, 499, 512, 514, 530, 531, 532, 533, 534, 535, 536, 573, 589, 596, 598, 601, 605, 606, 613, 617, 618, 620, 624, 646, 651, 653, 658, 660, 662, 668, 686, 689, 693, 694, 696, 702, 724, 725, 728, 745, 758, 760, 775, 776, 778, 788, 793, 794, 807, 809, 829, 832, 837, 838, 839, 852, 854, 858, 860, 861, 877, 901, 902, 903, 905, 910, 912, 913, 915, 917, 919, 920, 923, 931, 934, 935]","[1, 13, 14, 29, 54, 55, 56, 57, 58, 60, 102, 118, 125, 127, 130, 134, 146, 149, 153, 175, 182, 187, 189, 191, 197, 225, 230, 238, 264, 265, 266, 286, 302, 317, 336, 379, 388, 389, 425, 454, 458, 463, 475, 487, 498, 499, 512, 530, 531, 532, 533, 534, 536, 573, 589, 596, 598, 601, 605, 617, 620, 624, 646, 653, 658, 660, 662, 668, 689, 694, 702, 724, 725, 745, 760, 775, 793, 829, 838, 839, 877, 901, 903, 905, 910, 923]",0/6 successful match,False,,False,408,False,,,,,
"B Boardman , 97818 Devin Oil ( Shell )",541-481-9391 I-84 Exit 164,24 HRS MO,Boardman,97818,Devin Oil ( Shell ),541-481-9391,2007,Boardman,OR,Shell,,I-84 Exit 164,Exit,164,False,,False,I-84,,,,,[],[],[],"[462, 909]",[],"[402, 416, 422, 423, 465, 851, 867, 874, 875, 912]","[1, 13, 14, 29, 54, 55, 56, 57, 58, 60, 102, 118, 125, 127, 130, 134, 146, 149, 153, 175, 182, 187, 189, 191, 197, 225, 230, 238, 264, 265, 266, 286, 302, 317, 336, 379, 388, 389, 425, 454, 458, 463, 475, 487, 498, 499, 512, 530, 531, 532, 533, 534, 536, 573, 589, 596, 598, 601, 605, 617, 620, 624, 646, 653, 658, 660, 662, 668, 689, 694, 702, 724, 725, 745, 760, 775, 793, 829, 838, 839, 877, 901, 903, 905, 910, 923]","[1, 4, 13, 14, 29, 31, 54, 55, 56, 57, 58, 59, 60, 102, 118, 125, 127, 130, 134, 135, 142, 146, 147, 149, 153, 175, 180, 182, 187, 189, 191, 197, 218, 225, 229, 230, 232, 238, 264, 265, 266, 269, 286, 299, 302, 317, 318, 320, 331, 336, 338, 352, 354, 367, 379, 382, 387, 388, 389, 403, 405, 408, 410, 425, 454, 455, 458, 463, 465, 466, 468, 470, 472, 473, 475, 483, 484, 487, 490, 498, 499, 512, 514, 530, 531, 532, 533, 534, 535, 536, 573, 589, 596, 598, 601, 605, 606, 613, 617, 618, 620, 624, 646, 651, 653, 658, 660, 662, 668, 686, 689, 693, 694, 696, 702, 724, 725, 728, 745, 758, 760, 775, 776, 778, 788, 793, 794, 807, 809, 829, 832, 837, 838, 839, 852, 854, 858, 860, 861, 877, 901, 902, 903, 905, 910, 912, 913, 915, 917, 919, 920, 923, 931, 934, 935]","[512, 1, 514, 4, 13, 14, 530, 531, 532, 533, 534, 535, 536, 29, 31, 54, 55, 56, 57, 58, 59, 60, 573, 589, 596, 598, 601, 605, 606, 613, 102, 617, 618, 620, 624, 118, 125, 127, 130, 134, 646, 135, 651, 653, 142, 146, 658, 660, 149, 662, 147, 153, 668, 686, 175, 689, 180, 693, 182, 694, 696, 187, 189, 702, 191, 197, 724, 725, 728, 218, 225, 229, 230, 232, 745, 238, 758, 760, 775, 264, 265, 266, 776, 778, 269, 788, 793, 794, 286, 807, 809, 299, 302, 317, 829, 318, 320, 832, 837, 838, 839, 331, 336, 338, 851, 852, 854, 858, 860, 861, 352, 354, 867, 874, 875, 877, 367, 379, 382, 387, 388, 389, 901, 903, 902, 905, 909, 910, 912, 913, 402, 403, 915, 405, 917, 919, 408, 920, 410, 923, 416, 931, 422, 423, 934, 425, 935, 454, 455, 458, 462, 463, 465, 466, 468, 470, 472, 473, 475, 483, 484, 487, 490, 498, 499]",False,[],[],[],"[462, 909]","[402, 416, 422, 423, 465, 851, 867, 874, 875, 912]","[1, 4, 13, 14, 29, 31, 54, 55, 56, 57, 58, 59, 60, 102, 118, 125, 127, 130, 134, 135, 142, 146, 147, 149, 153, 175, 180, 182, 187, 189, 191, 197, 218, 225, 229, 230, 232, 238, 264, 265, 266, 269, 286, 299, 302, 317, 318, 320, 331, 336, 338, 352, 354, 367, 379, 382, 387, 388, 389, 403, 405, 408, 410, 425, 454, 455, 458, 463, 465, 466, 468, 470, 472, 473, 475, 483, 484, 487, 490, 498, 499, 512, 514, 530, 531, 532, 533, 534, 535, 536, 573, 589, 596, 598, 601, 605, 606, 613, 617, 618, 620, 624, 646, 651, 653, 658, 660, 662, 668, 686, 689, 693, 694, 696, 702, 724, 725, 728, 745, 758, 760, 775, 776, 778, 788, 793, 794, 807, 809, 829, 832, 837, 838, 839, 852, 854, 858, 860, 861, 877, 901, 902, 903, 905, 910, 912, 913, 915, 917, 919, 920, 923, 931, 934, 935]","[1, 13, 14, 29, 54, 55, 56, 57, 58, 60, 102, 118, 125, 127, 130, 134, 146, 149, 153, 175, 182, 187, 189, 191, 197, 225, 230, 238, 264, 265, 266, 286, 302, 317, 336, 379, 388, 389, 425, 454, 458, 463, 475, 487, 498, 499, 512, 530, 531, 532, 533, 534, 536, 573, 589, 596, 598, 601, 605, 617, 620, 624, 646, 653, 658, 660, 662, 668, 689, 694, 702, 724, 725, 745, 760, 775, 793, 829, 838, 839, 877, 901, 903, 905, 910, 923]",0/6 successful match,False,,False,408,False,,1.0,True,Devin Oil ( Shell ),Shell
"B Boardman , 97818 Devin Oil ( Shell )",541-481-9391 I-84 Exit 164,<U+2610>,Boardman,97818,Devin Oil ( Shell ),541-481-9391,2008,Boardman,OR,Shell,,I-84 Exit 164,Exit,164,False,,False,I-84,,,,,[],[],[],"[462, 909]",[],"[402, 416, 422, 423, 465, 851, 867, 874, 875, 912]","[1, 13, 14, 29, 54, 55, 56, 57, 58, 60, 102, 118, 125, 127, 130, 134, 146, 149, 153, 175, 182, 187, 189, 191, 197, 225, 230, 238, 264, 265, 266, 286, 302, 317, 336, 379, 388, 389, 425, 454, 458, 463, 475, 487, 498, 499, 512, 530, 531, 532, 533, 534, 536, 573, 589, 596, 598, 601, 605, 617, 620, 624, 646, 653, 658, 660, 662, 668, 689, 694, 702, 724, 725, 745, 760, 775, 793, 829, 838, 839, 877, 901, 903, 905, 910, 923]","[1, 4, 13, 14, 29, 31, 54, 55, 56, 57, 58, 59, 60, 102, 118, 125, 127, 130, 134, 135, 142, 146, 147, 149, 153, 175, 180, 182, 187, 189, 191, 197, 218, 225, 229, 230, 232, 238, 264, 265, 266, 269, 286, 299, 302, 317, 318, 320, 331, 336, 338, 352, 354, 367, 379, 382, 387, 388, 389, 403, 405, 408, 410, 425, 454, 455, 458, 463, 465, 466, 468, 470, 472, 473, 475, 483, 484, 487, 490, 498, 499, 512, 514, 530, 531, 532, 533, 534, 535, 536, 573, 589, 596, 598, 601, 605, 606, 613, 617, 618, 620, 624, 646, 651, 653, 658, 660, 662, 668, 686, 689, 693, 694, 696, 702, 724, 725, 728, 745, 758, 760, 775, 776, 778, 788, 793, 794, 807, 809, 829, 832, 837, 838, 839, 852, 854, 858, 860, 861, 877, 901, 902, 903, 905, 910, 912, 913, 915, 917, 919, 920, 923, 931, 934, 935]","[512, 1, 514, 4, 13, 14, 530, 531, 532, 533, 534, 535, 536, 29, 31, 54, 55, 56, 57, 58, 59, 60, 573, 589, 596, 598, 601, 605, 606, 613, 102, 617, 618, 620, 624, 118, 125, 127, 130, 134, 646, 135, 651, 653, 142, 146, 658, 660, 149, 662, 147, 153, 668, 686, 175, 689, 180, 693, 182, 694, 696, 187, 189, 702, 191, 197, 724, 725, 728, 218, 225, 229, 230, 232, 745, 238, 758, 760, 775, 264, 265, 266, 776, 778, 269, 788, 793, 794, 286, 807, 809, 299, 302, 317, 829, 318, 320, 832, 837, 838, 839, 331, 336, 338, 851, 852, 854, 858, 860, 861, 352, 354, 867, 874, 875, 877, 367, 379, 382, 387, 388, 389, 901, 903, 902, 905, 909, 910, 912, 913, 402, 403, 915, 405, 917, 919, 408, 920, 410, 923, 416, 931, 422, 423, 934, 425, 935, 454, 455, 458, 462, 463, 465, 466, 468, 470, 472, 473, 475, 483, 484, 487, 490, 498, 499]",False,[],[],[],"[462, 909]","[402, 416, 422, 423, 465, 851, 867, 874, 875, 912]","[1, 4, 13, 14, 29, 31, 54, 55, 56, 57, 58, 59, 60, 102, 118, 125, 127, 130, 134, 135, 142, 146, 147, 149, 153, 175, 180, 182, 187, 189, 191, 197, 218, 225, 229, 230, 232, 238, 264, 265, 266, 269, 286, 299, 302, 317, 318, 320, 331, 336, 338, 352, 354, 367, 379, 382, 387, 388, 389, 403, 405, 408, 410, 425, 454, 455, 458, 463, 465, 466, 468, 470, 472, 473, 475, 483, 484, 487, 490, 498, 499, 512, 514, 530, 531, 532, 533, 534, 535, 536, 573, 589, 596, 598, 601, 605, 606, 613, 617, 618, 620, 624, 646, 651, 653, 658, 660, 662, 668, 686, 689, 693, 694, 696, 702, 724, 725, 728, 745, 758, 760, 775, 776, 778, 788, 793, 794, 807, 809, 829, 832, 837, 838, 839, 852, 854, 858, 860, 861, 877, 901, 902, 903, 905, 910, 912, 913, 915, 917, 919, 920, 923, 931, 934, 935]","[1, 13, 14, 29, 54, 55, 56, 57, 58, 60, 102, 118, 125, 127, 130, 134, 146, 149, 153, 175, 182, 187, 189, 191, 197, 225, 230, 238, 264, 265, 266, 286, 302, 317, 336, 379, 388, 389, 425, 454, 458, 463, 475, 487, 498, 499, 512, 530, 531, 532, 533, 534, 536, 573, 589, 596, 598, 601, 605, 617, 620, 624, 646, 653, 658, 660, 662, 668, 689, 694, 702, 724, 725, 745, 760, 775, 793, 829, 838, 839, 877, 901, 903, 905, 910, 923]",0/6 successful match,False,,False,408,False,,1.0,True,Devin Oil ( Shell ),Shell
Boardman ( 97818 ) Devin Oil ( Shell ),541-481-9391 I-84 Exit 164 ( Main St S ),<U+2610> S D,Boardman,97818,Devin Oil ( Shell ),541-481-9391,2014,Boardman,OR,Shell,( Main St S ),I-84 Exit 164 ,Exit,164,False,,False,I-84,,,,,[],[],[],"[462, 909]",[],"[402, 416, 422, 423, 465, 851, 867, 874, 875, 912]","[1, 13, 14, 29, 54, 55, 56, 57, 58, 60, 102, 118, 125, 127, 130, 134, 146, 149, 153, 175, 182, 187, 189, 191, 197, 225, 230, 238, 264, 265, 266, 286, 302, 317, 336, 379, 388, 389, 425, 454, 458, 463, 475, 487, 498, 499, 512, 530, 531, 532, 533, 534, 536, 573, 589, 596, 598, 601, 605, 617, 620, 624, 646, 653, 658, 660, 662, 668, 689, 694, 702, 724, 725, 745, 760, 775, 793, 829, 838, 839, 877, 901, 903, 905, 910, 923]","[1, 4, 13, 14, 29, 31, 54, 55, 56, 57, 58, 59, 60, 102, 118, 125, 127, 130, 134, 135, 142, 146, 147, 149, 153, 175, 180, 182, 187, 189, 191, 197, 218, 225, 229, 230, 232, 238, 264, 265, 266, 269, 286, 299, 302, 317, 318, 320, 331, 336, 338, 352, 354, 367, 379, 382, 387, 388, 389, 403, 405, 408, 410, 425, 454, 455, 458, 463, 465, 466, 468, 470, 472, 473, 475, 483, 484, 487, 490, 498, 499, 512, 514, 530, 531, 532, 533, 534, 535, 536, 573, 589, 596, 598, 601, 605, 606, 613, 617, 618, 620, 624, 646, 651, 653, 658, 660, 662, 668, 686, 689, 693, 694, 696, 702, 724, 725, 728, 745, 758, 760, 775, 776, 778, 788, 793, 794, 807, 809, 829, 832, 837, 838, 839, 852, 854, 858, 860, 861, 877, 901, 902, 903, 905, 910, 912, 913, 915, 917, 919, 920, 923, 931, 934, 935]","[512, 1, 514, 4, 13, 14, 530, 531, 532, 533, 534, 535, 536, 29, 31, 54, 55, 56, 57, 58, 59, 60, 573, 589, 596, 598, 601, 605, 606, 613, 102, 617, 618, 620, 624, 118, 125, 127, 130, 134, 646, 135, 651, 653, 142, 146, 658, 660, 149, 662, 147, 153, 668, 686, 175, 689, 180, 693, 182, 694, 696, 187, 189, 702, 191, 197, 724, 725, 728, 218, 225, 229, 230, 232, 745, 238, 758, 760, 775, 264, 265, 266, 776, 778, 269, 788, 793, 794, 286, 807, 809, 299, 302, 317, 829, 318, 320, 832, 837, 838, 839, 331, 336, 338, 851, 852, 854, 858, 860, 861, 352, 354, 867, 874, 875, 877, 367, 379, 382, 387, 388, 389, 901, 903, 902, 905, 909, 910, 912, 913, 402, 403, 915, 405, 917, 919, 408, 920, 410, 923, 416, 931, 422, 423, 934, 425, 935, 454, 455, 458, 462, 463, 465, 466, 468, 470, 472, 473, 475, 483, 484, 487, 490, 498, 499]",False,[],[],[],"[462, 909]","[402, 416, 422, 423, 465, 851, 867, 874, 875, 912]","[1, 4, 13, 14, 29, 31, 54, 55, 56, 57, 58, 59, 60, 102, 118, 125, 127, 130, 134, 135, 142, 146, 147, 149, 153, 175, 180, 182, 187, 189, 191, 197, 218, 225, 229, 230, 232, 238, 264, 265, 266, 269, 286, 299, 302, 317, 318, 320, 331, 336, 338, 352, 354, 367, 379, 382, 387, 388, 389, 403, 405, 408, 410, 425, 454, 455, 458, 463, 465, 466, 468, 470, 472, 473, 475, 483, 484, 487, 490, 498, 499, 512, 514, 530, 531, 532, 533, 534, 535, 536, 573, 589, 596, 598, 601, 605, 606, 613, 617, 618, 620, 624, 646, 651, 653, 658, 660, 662, 668, 686, 689, 693, 694, 696, 702, 724, 725, 728, 745, 758, 760, 775, 776, 778, 788, 793, 794, 807, 809, 829, 832, 837, 838, 839, 852, 854, 858, 860, 861, 877, 901, 902, 903, 905, 910, 912, 913, 915, 917, 919, 920, 923, 931, 934, 935]","[1, 13, 14, 29, 54, 55, 56, 57, 58, 60, 102, 118, 125, 127, 130, 134, 146, 149, 153, 175, 182, 187, 189, 191, 197, 225, 230, 238, 264, 265, 266, 286, 302, 317, 336, 379, 388, 389, 425, 454, 458, 463, 475, 487, 498, 499, 512, 530, 531, 532, 533, 534, 536, 573, 589, 596, 598, 601, 605, 617, 620, 624, 646, 653, 658, 660, 662, 668, 689, 694, 702, 724, 725, 745, 760, 775, 793, 829, 838, 839, 877, 901, 903, 905, 910, 923]",0/6 successful match,False,,False,408,False,,1.0,True,Devin Oil ( Shell ),Shell
Boardman ( 97818 ) Devin Oil ( Shell ),541-481-9391 I-84 Exit 164 ( Main St S ),<U+2610> S <U+2610>,Boardman,97818,Devin Oil ( Shell ),541-481-9391,2015,Boardman,OR,Shell,( Main St S ),I-84 Exit 164 ,Exit,164,False,,False,I-84,,,,,[],[],[],"[462, 909]",[],"[402, 416, 422, 423, 465, 851, 867, 874, 875, 912]","[1, 13, 14, 29, 54, 55, 56, 57, 58, 60, 102, 118, 125, 127, 130, 134, 146, 149, 153, 175, 182, 187, 189, 191, 197, 225, 230, 238, 264, 265, 266, 286, 302, 317, 336, 379, 388, 389, 425, 454, 458, 463, 475, 487, 498, 499, 512, 530, 531, 532, 533, 534, 536, 573, 589, 596, 598, 601, 605, 617, 620, 624, 646, 653, 658, 660, 662, 668, 689, 694, 702, 724, 725, 745, 760, 775, 793, 829, 838, 839, 877, 901, 903, 905, 910, 923]","[1, 4, 13, 14, 29, 31, 54, 55, 56, 57, 58, 59, 60, 102, 118, 125, 127, 130, 134, 135, 142, 146, 147, 149, 153, 175, 180, 182, 187, 189, 191, 197, 218, 225, 229, 230, 232, 238, 264, 265, 266, 269, 286, 299, 302, 317, 318, 320, 331, 336, 338, 352, 354, 367, 379, 382, 387, 388, 389, 403, 405, 408, 410, 425, 454, 455, 458, 463, 465, 466, 468, 470, 472, 473, 475, 483, 484, 487, 490, 498, 499, 512, 514, 530, 531, 532, 533, 534, 535, 536, 573, 589, 596, 598, 601, 605, 606, 613, 617, 618, 620, 624, 646, 651, 653, 658, 660, 662, 668, 686, 689, 693, 694, 696, 702, 724, 725, 728, 745, 758, 760, 775, 776, 778, 788, 793, 794, 807, 809, 829, 832, 837, 838, 839, 852, 854, 858, 860, 861, 877, 901, 902, 903, 905, 910, 912, 913, 915, 917, 919, 920, 923, 931, 934, 935]","[512, 1, 514, 4, 13, 14, 530, 531, 532, 533, 534, 535, 536, 29, 31, 54, 55, 56, 57, 58, 59, 60, 573, 589, 596, 598, 601, 605, 606, 613, 102, 617, 618, 620, 624, 118, 125, 127, 130, 134, 646, 135, 651, 653, 142, 146, 658, 660, 149, 662, 147, 153, 668, 686, 175, 689, 180, 693, 182, 694, 696, 187, 189, 702, 191, 197, 724, 725, 728, 218, 225, 229, 230, 232, 745, 238, 758, 760, 775, 264, 265, 266, 776, 778, 269, 788, 793, 794, 286, 807, 809, 299, 302, 317, 829, 318, 320, 832, 837, 838, 839, 331, 336, 338, 851, 852, 854, 858, 860, 861, 352, 354, 867, 874, 875, 877, 367, 379, 382, 387, 388, 389, 901, 903, 902, 905, 909, 910, 912, 913, 402, 403, 915, 405, 917, 919, 408, 920, 410, 923, 416, 931, 422, 423, 934, 425, 935, 454, 455, 458, 462, 463, 465, 466, 468, 470, 472, 473, 475, 483, 484, 487, 490, 498, 499]",False,[],[],[],"[462, 909]","[402, 416, 422, 423, 465, 851, 867, 874, 875, 912]","[1, 4, 13, 14, 29, 31, 54, 55, 56, 57, 58, 59, 60, 102, 118, 125, 127, 130, 134, 135, 142, 146, 147, 149, 153, 175, 180, 182, 187, 189, 191, 197, 218, 225, 229, 230, 232, 238, 264, 265, 266, 269, 286, 299, 302, 317, 318, 320, 331, 336, 338, 352, 354, 367, 379, 382, 387, 388, 389, 403, 405, 408, 410, 425, 454, 455, 458, 463, 465, 466, 468, 470, 472, 473, 475, 483, 484, 487, 490, 498, 499, 512, 514, 530, 531, 532, 533, 534, 535, 536, 573, 589, 596, 598, 601, 605, 606, 613, 617, 618, 620, 624, 646, 651, 653, 658, 660, 662, 668, 686, 689, 693, 694, 696, 702, 724, 725, 728, 745, 758, 760, 775, 776, 778, 788, 793, 794, 807, 809, 829, 832, 837, 838, 839, 852, 854, 858, 860, 861, 877, 901, 902, 903, 905, 910, 912, 913, 915, 917, 919, 920, 923, 931, 934, 935]","[1, 13, 14, 29, 54, 55, 56, 57, 58, 60, 102, 118, 125, 127, 130, 134, 146, 149, 153, 175, 182, 187, 189, 191, 197, 225, 230, 238, 264, 265, 266, 286, 302, 317, 336, 379, 388, 389, 425, 454, 458, 463, 475, 487, 498, 499, 512, 530, 531, 532, 533, 534, 536, 573, 589, 596, 598, 601, 605, 617, 620, 624, 646, 653, 658, 660, 662, 668, 689, 694, 702, 724, 725, 745, 760, 775, 793, 829, 838, 839, 877, 901, 903, 905, 910, 923]",0/6 successful match,False,,False,408,False,,1.0,True,Devin Oil ( Shell ),Shell
B Boardman ( 97818 ) Boardman Shell St N ),541-481-9391 I-84 Exit 164 ( Main S,<U+2610> S D,Boardman,97818,Boardman Shell St N ),541-481-9391,2016,Boardman,OR,Shell,( Main S,I-84 Exit 164 ,Exit,164,False,,False,I-84,,,,,[],[],[],"[462, 909]",[],"[402, 416, 422, 423, 465, 851, 867, 874, 875, 912]","[1, 13, 14, 29, 54, 55, 56, 57, 58, 60, 102, 118, 125, 127, 130, 134, 146, 149, 153, 175, 182, 187, 189, 191, 197, 225, 230, 238, 264, 265, 266, 286, 302, 317, 336, 379, 388, 389, 425, 454, 458, 463, 475, 487, 498, 499, 512, 530, 531, 532, 533, 534, 536, 573, 589, 596, 598, 601, 605, 617, 620, 624, 646, 653, 658, 660, 662, 668, 689, 694, 702, 724, 725, 745, 760, 775, 793, 829, 838, 839, 877, 901, 903, 905, 910, 923]","[1, 13, 14, 29, 54, 55, 56, 57, 58, 60, 102, 118, 125, 127, 130, 134, 146, 149, 153, 175, 182, 187, 189, 191, 197, 225, 230, 238, 264, 265, 266, 286, 302, 317, 336, 354, 379, 388, 389, 425, 454, 458, 463, 475, 487, 498, 499, 512, 530, 531, 532, 533, 534, 536, 573, 589, 596, 598, 601, 605, 617, 620, 624, 646, 653, 658, 660, 662, 668, 689, 694, 702, 724, 725, 745, 760, 775, 793, 809, 829, 838, 839, 877, 901, 903, 905, 910, 923]","[512, 1, 13, 14, 530, 531, 532, 533, 534, 536, 29, 54, 55, 56, 57, 58, 60, 573, 589, 596, 598, 601, 605, 102, 617, 620, 624, 118, 125, 127, 130, 134, 646, 653, 146, 658, 660, 149, 662, 153, 668, 175, 689, 182, 694, 187, 189, 702, 191, 197, 724, 725, 225, 230, 745, 238, 760, 775, 264, 265, 266, 793, 286, 809, 302, 317, 829, 838, 839, 336, 851, 354, 867, 874, 875, 877, 379, 388, 389, 901, 903, 905, 909, 910, 912, 402, 923, 416, 422, 423, 425, 454, 458, 462, 463, 465, 475, 487, 498, 499]",False,[],[],[],"[462, 909]","[402, 416, 422, 423, 465, 851, 867, 874, 875, 912]","[1, 13, 14, 29, 54, 55, 56, 57, 58, 60, 102, 118, 125, 127, 130, 134, 146, 149, 153, 175, 182, 187, 189, 191, 197, 225, 230, 238, 264, 265, 266, 286, 302, 317, 336, 354, 379, 388, 389, 425, 454, 458, 463, 475, 487, 498, 499, 512, 530, 531, 532, 533, 534, 536, 573, 589, 596, 598, 601, 605, 617, 620, 624, 646, 653, 658, 660, 662, 668, 689, 694, 702, 724, 725, 745, 760, 775, 793, 809, 829, 838, 839, 877, 901, 903, 905, 910, 923]","[1, 13, 14, 29, 54, 55, 56, 57, 58, 60, 102, 118, 125, 127, 130, 134, 146, 149, 153, 175, 182, 187, 189, 191, 197, 225, 230, 238, 264, 265, 266, 286, 302, 317, 336, 379, 388, 389, 425, 454, 458, 463, 475, 487, 498, 499, 512, 530, 531, 532, 533, 534, 536, 573, 589, 596, 598, 601, 605, 617, 620, 624, 646, 653, 658, 660, 662, 668, 689, 694, 702, 724, 725, 745, 760, 775, 793, 829, 838, 839, 877, 901, 903, 905, 910, 923]",0/6 successful match,False,,False,408,False,,0.725,True,Devin Oil ( Shell ),Shell
"Hermiston , 97838 Space Age Travel Center",3 541-564-6254 I-84 Exit 182,S <U+25A1>,Hermiston,97838,Space Age Travel Center,541-564-6254,2006,Hermiston,OR,,,I-84 Exit 182,Exit,182,False,,False,I-84,,,,,[],[],[],[],[],"[402, 416, 422, 423, 465, 851, 867, 874, 875, 912]",[],[],"[416, 867, 422, 423, 874, 875, 912, 465, 402, 851]",False,[],[],[],[],"[402, 416, 422, 423, 465, 851, 867, 874, 875, 912]",[],[],0/6 successful match,False,,False,409,False,,,,,
"Hermiston , 97838 Space Age Travel Center",541-564-6254 I-84 Exit 182,24 S D,Hermiston,97838,Space Age Travel Center,541-564-6254,2007,Hermiston,OR,,,I-84 Exit 182,Exit,182,False,,False,I-84,,,,,[],[],[],[],[],"[402, 416, 422, 423, 465, 851, 867, 874, 875, 912]",[],[],"[416, 867, 422, 423, 874, 875, 912, 465, 402, 851]",False,[],[],[],[],"[402, 416, 422, 423, 465, 851, 867, 874, 875, 912]",[],[],0/6 successful match,False,,False,409,False,,1.0,True,Space Age Travel Center,
"B Hermiston , 97838 Space Age Travel Center",5 541-564-6254 I-84 Exit 182,HRS 24 L <U+2610> <U+2610> <U+2610> <U+2610> <U+2610> <U+2610>,Hermiston,97838,Space Age Travel Center,541-564-6254,2008,Hermiston,OR,,,I-84 Exit 182,Exit,182,False,,False,I-84,,,,,[],[],[],[],[],"[402, 416, 422, 423, 465, 851, 867, 874, 875, 912]",[],[],"[416, 867, 422, 423, 874, 875, 912, 465, 402, 851]",False,[],[],[],[],"[402, 416, 422, 423, 465, 851, 867, 874, 875, 912]",[],[],0/6 successful match,False,,False,409,False,,1.0,True,Space Age Travel Center,
B Hermiston ( 97838 ) Space Age Travel Center ( Exxon ),541-564-6254 I-84 Exit 182,12 LO O,Hermiston,97838,Space Age Travel Center ( Exxon ),541-564-6254,2014,Hermiston,OR,Exxon,,I-84 Exit 182,Exit,182,False,,False,I-84,,,,,[],[],[],[],[],"[402, 416, 422, 423, 465, 851, 867, 874, 875, 912]","[398, 399, 400, 848, 849]","[398, 399, 400, 848, 849]","[416, 867, 422, 423, 874, 875, 398, 399, 912, 465, 402, 851, 400, 848, 849]",False,[],[],[],[],"[402, 416, 422, 423, 465, 851, 867, 874, 875, 912]","[398, 399, 400, 848, 849]","[398, 399, 400, 848, 849]",0/6 successful match,False,,False,409,False,,1.0,True,Space Age Travel Center,
B Hermiston ( 97838 ) Space Age Travel Center,541-564-6254 I-84 Exit 182,N L,Hermiston,97838,Space Age Travel Center,541-564-6254,2015,Hermiston,OR,,,I-84 Exit 182,Exit,182,False,,False,I-84,,,,,[],[],[],[],[],"[402, 416, 422, 423, 465, 851, 867, 874, 875, 912]",[],[],"[416, 867, 422, 423, 874, 875, 912, 465, 402, 851]",False,[],[],[],[],"[402, 416, 422, 423, 465, 851, 867, 874, 875, 912]",[],[],0/6 successful match,False,,False,409,False,,1.0,True,Space Age Travel Center ( Exxon ),Exxon
Hermiston ( 97838 ) Space Age Travel Center Rd N ),541-564-6254 I-84 Exit 182,24 HRS,Hermiston,97838,Space Age Travel Center Rd N ),541-564-6254,2016,Hermiston,OR,,,I-84 Exit 182,Exit,182,False,,False,I-84,,,,,[],[],[],[],[],"[402, 416, 422, 423, 465, 851, 867, 874, 875, 912]",[],[],"[416, 867, 422, 423, 874, 875, 912, 465, 402, 851]",False,[],[],[],[],"[402, 416, 422, 423, 465, 851, 867, 874, 875, 912]",[],[],0/6 successful match,False,,False,409,False,,1.0,True,Space Age Travel Center,
"Hermiston , 97838 Western Express ( Shell )",541-567-5900 I-84 Exit 180 ( Westland Rd N ),S 000 <U+25A1>,Hermiston,97838,Western Express ( Shell ),541-567-5900,2006,Hermiston,OR,Shell,( Westland Rd N ),I-84 Exit 180 ,Exit,180,False,,False,I-84,,,,,[],[],[],[],[],"[402, 416, 422, 423, 465, 851, 867, 874, 875, 912]","[1, 13, 14, 29, 54, 55, 56, 57, 58, 60, 102, 118, 125, 127, 130, 134, 146, 149, 153, 175, 182, 187, 189, 191, 197, 225, 230, 238, 264, 265, 266, 286, 302, 317, 336, 379, 388, 389, 425, 454, 458, 463, 475, 487, 498, 499, 512, 530, 531, 532, 533, 534, 536, 573, 589, 596, 598, 601, 605, 617, 620, 624, 646, 653, 658, 660, 662, 668, 689, 694, 702, 724, 725, 745, 760, 775, 793, 829, 838, 839, 877, 901, 903, 905, 910, 923]","[1, 13, 14, 29, 54, 55, 56, 57, 58, 60, 102, 118, 125, 127, 130, 134, 146, 149, 153, 175, 182, 187, 189, 191, 197, 225, 230, 238, 264, 265, 266, 286, 302, 317, 336, 354, 379, 388, 389, 425, 454, 458, 463, 475, 487, 498, 499, 512, 530, 531, 532, 533, 534, 536, 573, 589, 596, 598, 601, 605, 617, 620, 624, 646, 653, 658, 660, 662, 668, 689, 694, 702, 724, 725, 745, 760, 775, 793, 809, 829, 838, 839, 877, 901, 903, 905, 910, 923]","[512, 1, 13, 14, 530, 531, 532, 533, 534, 536, 29, 54, 55, 56, 57, 58, 60, 573, 589, 596, 598, 601, 605, 102, 617, 620, 624, 118, 125, 127, 130, 134, 646, 653, 146, 658, 660, 149, 662, 153, 668, 175, 689, 182, 694, 187, 189, 702, 191, 197, 724, 725, 225, 230, 745, 238, 760, 775, 264, 265, 266, 793, 286, 809, 302, 317, 829, 838, 839, 336, 851, 354, 867, 874, 875, 877, 379, 388, 389, 901, 903, 905, 910, 912, 402, 923, 416, 422, 423, 425, 454, 458, 463, 465, 475, 487, 498, 499]",False,[],[],[],[],"[402, 416, 422, 423, 465, 851, 867, 874, 875, 912]","[1, 13, 14, 29, 54, 55, 56, 57, 58, 60, 102, 118, 125, 127, 130, 134, 146, 149, 153, 175, 182, 187, 189, 191, 197, 225, 230, 238, 264, 265, 266, 286, 302, 317, 336, 354, 379, 388, 389, 425, 454, 458, 463, 475, 487, 498, 499, 512, 530, 531, 532, 533, 534, 536, 573, 589, 596, 598, 601, 605, 617, 620, 624, 646, 653, 658, 660, 662, 668, 689, 694, 702, 724, 725, 745, 760, 775, 793, 809, 829, 838, 839, 877, 901, 903, 905, 910, 923]","[1, 13, 14, 29, 54, 55, 56, 57, 58, 60, 102, 118, 125, 127, 130, 134, 146, 149, 153, 175, 182, 187, 189, 191, 197, 225, 230, 238, 264, 265, 266, 286, 302, 317, 336, 379, 388, 389, 425, 454, 458, 463, 475, 487, 498, 499, 512, 530, 531, 532, 533, 534, 536, 573, 589, 596, 598, 601, 605, 617, 620, 624, 646, 653, 658, 660, 662, 668, 689, 694, 702, 724, 725, 745, 760, 775, 793, 829, 838, 839, 877, 901, 903, 905, 910, 923]",0/6 successful match,False,,False,410,False,,,,,
"Hermiston , 97838 Western Express ( Shell )",541-567-5900 I-84 Exit 180 ( Westland Rd N ),000,Hermiston,97838,Western Express ( Shell ),541-567-5900,2007,Hermiston,OR,Shell,( Westland Rd N ),I-84 Exit 180 ,Exit,180,False,,False,I-84,,,,,[],[],[],[],[],"[402, 416, 422, 423, 465, 851, 867, 874, 875, 912]","[1, 13, 14, 29, 54, 55, 56, 57, 58, 60, 102, 118, 125, 127, 130, 134, 146, 149, 153, 175, 182, 187, 189, 191, 197, 225, 230, 238, 264, 265, 266, 286, 302, 317, 336, 379, 388, 389, 425, 454, 458, 463, 475, 487, 498, 499, 512, 530, 531, 532, 533, 534, 536, 573, 589, 596, 598, 601, 605, 617, 620, 624, 646, 653, 658, 660, 662, 668, 689, 694, 702, 724, 725, 745, 760, 775, 793, 829, 838, 839, 877, 901, 903, 905, 910, 923]","[1, 13, 14, 29, 54, 55, 56, 57, 58, 60, 102, 118, 125, 127, 130, 134, 146, 149, 153, 175, 182, 187, 189, 191, 197, 225, 230, 238, 264, 265, 266, 286, 302, 317, 336, 354, 379, 388, 389, 425, 454, 458, 463, 475, 487, 498, 499, 512, 530, 531, 532, 533, 534, 536, 573, 589, 596, 598, 601, 605, 617, 620, 624, 646, 653, 658, 660, 662, 668, 689, 694, 702, 724, 725, 745, 760, 775, 793, 809, 829, 838, 839, 877, 901, 903, 905, 910, 923]","[512, 1, 13, 14, 530, 531, 532, 533, 534, 536, 29, 54, 55, 56, 57, 58, 60, 573, 589, 596, 598, 601, 605, 102, 617, 620, 624, 118, 125, 127, 130, 134, 646, 653, 146, 658, 660, 149, 662, 153, 668, 175, 689, 182, 694, 187, 189, 702, 191, 197, 724, 725, 225, 230, 745, 238, 760, 775, 264, 265, 266, 793, 286, 809, 302, 317, 829, 838, 839, 336, 851, 354, 867, 874, 875, 877, 379, 388, 389, 901, 903, 905, 910, 912, 402, 923, 416, 422, 423, 425, 454, 458, 463, 465, 475, 487, 498, 499]",False,[],[],[],[],"[402, 416, 422, 423, 465, 851, 867, 874, 875, 912]","[1, 13, 14, 29, 54, 55, 56, 57, 58, 60, 102, 118, 125, 127, 130, 134, 146, 149, 153, 175, 182, 187, 189, 191, 197, 225, 230, 238, 264, 265, 266, 286, 302, 317, 336, 354, 379, 388, 389, 425, 454, 458, 463, 475, 487, 498, 499, 512, 530, 531, 532, 533, 534, 536, 573, 589, 596, 598, 601, 605, 617, 620, 624, 646, 653, 658, 660, 662, 668, 689, 694, 702, 724, 725, 745, 760, 775, 793, 809, 829, 838, 839, 877, 901, 903, 905, 910, 923]","[1, 13, 14, 29, 54, 55, 56, 57, 58, 60, 102, 118, 125, 127, 130, 134, 146, 149, 153, 175, 182, 187, 189, 191, 197, 225, 230, 238, 264, 265, 266, 286, 302, 317, 336, 379, 388, 389, 425, 454, 458, 463, 475, 487, 498, 499, 512, 530, 531, 532, 533, 534, 536, 573, 589, 596, 598, 601, 605, 617, 620, 624, 646, 653, 658, 660, 662, 668, 689, 694, 702, 724, 725, 745, 760, 775, 793, 829, 838, 839, 877, 901, 903, 905, 910, 923]",0/6 successful match,False,,False,410,False,,1.0,True,Western Express ( Shell ),Shell
"B Hermiston , 97838 Western Express ( Shell )",541-567-5900 I-84 Exit 180 ( Westland Rd N ),24 MRS L <U+2610> <U+2610> <U+2610>,Hermiston,97838,Western Express ( Shell ),541-567-5900,2008,Hermiston,OR,Shell,( Westland Rd N ),I-84 Exit 180 ,Exit,180,False,,False,I-84,,,,,[],[],[],[],[],"[402, 416, 422, 423, 465, 851, 867, 874, 875, 912]","[1, 13, 14, 29, 54, 55, 56, 57, 58, 60, 102, 118, 125, 127, 130, 134, 146, 149, 153, 175, 182, 187, 189, 191, 197, 225, 230, 238, 264, 265, 266, 286, 302, 317, 336, 379, 388, 389, 425, 454, 458, 463, 475, 487, 498, 499, 512, 530, 531, 532, 533, 534, 536, 573, 589, 596, 598, 601, 605, 617, 620, 624, 646, 653, 658, 660, 662, 668, 689, 694, 702, 724, 725, 745, 760, 775, 793, 829, 838, 839, 877, 901, 903, 905, 910, 923]","[1, 13, 14, 29, 54, 55, 56, 57, 58, 60, 102, 118, 125, 127, 130, 134, 146, 149, 153, 175, 182, 187, 189, 191, 197, 225, 230, 238, 264, 265, 266, 286, 302, 317, 336, 354, 379, 388, 389, 425, 454, 458, 463, 475, 487, 498, 499, 512, 530, 531, 532, 533, 534, 536, 573, 589, 596, 598, 601, 605, 617, 620, 624, 646, 653, 658, 660, 662, 668, 689, 694, 702, 724, 725, 745, 760, 775, 793, 809, 829, 838, 839, 877, 901, 903, 905, 910, 923]","[512, 1, 13, 14, 530, 531, 532, 533, 534, 536, 29, 54, 55, 56, 57, 58, 60, 573, 589, 596, 598, 601, 605, 102, 617, 620, 624, 118, 125, 127, 130, 134, 646, 653, 146, 658, 660, 149, 662, 153, 668, 175, 689, 182, 694, 187, 189, 702, 191, 197, 724, 725, 225, 230, 745, 238, 760, 775, 264, 265, 266, 793, 286, 809, 302, 317, 829, 838, 839, 336, 851, 354, 867, 874, 875, 877, 379, 388, 389, 901, 903, 905, 910, 912, 402, 923, 416, 422, 423, 425, 454, 458, 463, 465, 475, 487, 498, 499]",False,[],[],[],[],"[402, 416, 422, 423, 465, 851, 867, 874, 875, 912]","[1, 13, 14, 29, 54, 55, 56, 57, 58, 60, 102, 118, 125, 127, 130, 134, 146, 149, 153, 175, 182, 187, 189, 191, 197, 225, 230, 238, 264, 265, 266, 286, 302, 317, 336, 354, 379, 388, 389, 425, 454, 458, 463, 475, 487, 498, 499, 512, 530, 531, 532, 533, 534, 536, 573, 589, 596, 598, 601, 605, 617, 620, 624, 646, 653, 658, 660, 662, 668, 689, 694, 702, 724, 725, 745, 760, 775, 793, 809, 829, 838, 839, 877, 901, 903, 905, 910, 923]","[1, 13, 14, 29, 54, 55, 56, 57, 58, 60, 102, 118, 125, 127, 130, 134, 146, 149, 153, 175, 182, 187, 189, 191, 197, 225, 230, 238, 264, 265, 266, 286, 302, 317, 336, 379, 388, 389, 425, 454, 458, 463, 475, 487, 498, 499, 512, 530, 531, 532, 533, 534, 536, 573, 589, 596, 598, 601, 605, 617, 620, 624, 646, 653, 658, 660, 662, 668, 689, 694, 702, 724, 725, 745, 760, 775, 793, 829, 838, 839, 877, 901, 903, 905, 910, 923]",0/6 successful match,False,,False,410,False,,1.0,True,Western Express ( Shell ),Shell
Hermiston ( 97838 ) One Stop Mart,541-567-5900 I-84 Exit 180 ( Westland Rd N ),24 L <U+2610> <U+2610><U+2610>,Hermiston,97838,One Stop Mart,541-567-5900,2014,Hermiston,OR,,( Westland Rd N ),I-84 Exit 180 ,Exit,180,False,,False,I-84,,,,,[],[],[],[],[],"[402, 416, 422, 423, 465, 851, 867, 874, 875, 912]",[],[],"[416, 867, 422, 423, 874, 875, 912, 465, 402, 851]",False,[],[],[],[],"[402, 416, 422, 423, 465, 851, 867, 874, 875, 912]",[],[],0/6 successful match,False,,False,410,True,2014,0.13157894736842105,True,Western Express ( Shell ),Shell
B Hermiston ( 97838 ) One Stop Mart,541-567-5900 I-84 Exit 180 ( Westland Rd N ),124 L <U+2610> <U+2610><U+2610>,Hermiston,97838,One Stop Mart,541-567-5900,2015,Hermiston,OR,,( Westland Rd N ),I-84 Exit 180 ,Exit,180,False,,False,I-84,,,,,[],[],[],[],[],"[402, 416, 422, 423, 465, 851, 867, 874, 875, 912]",[],[],"[416, 867, 422, 423, 874, 875, 912, 465, 402, 851]",False,[],[],[],[],"[402, 416, 422, 423, 465, 851, 867, 874, 875, 912]",[],[],0/6 successful match,False,,False,410,False,,1.0,True,One Stop Mart,
Hermiston ( 97838 ) One Stop Mart,541-567-5900 I-84 Exit 180 ( Westland Rd N ),DOL <U+2610> 24 HRS <U+25A1>,Hermiston,97838,One Stop Mart,541-567-5900,2016,Hermiston,OR,,( Westland Rd N ),I-84 Exit 180 ,Exit,180,False,,False,I-84,,,,,[],[],[],[],[],"[402, 416, 422, 423, 465, 851, 867, 874, 875, 912]",[],[],"[416, 867, 422, 423, 874, 875, 912, 465, 402, 851]",False,[],[],[],[],"[402, 416, 422, 423, 465, 851, 867, 874, 875, 912]",[],[],0/6 successful match,False,,False,410,False,,1.0,True,One Stop Mart,
"Irrigon , 97844 Huwe's Has It All ( Shell )",541-922-4221 300 US 730 E ( 6 mi N of I-84 Exit 168 ),24 S 00,Irrigon,97844,Huwe's Has It All ( Shell ),541-922-4221,2006,Irrigon,OR,Shell,( 6 mi N of I-84 Exit 168 ),300 US 730 E,Proper,,False,,False,US 730,,,,,[],[],[],[],[],[],"[1, 13, 14, 29, 54, 55, 56, 57, 58, 60, 102, 118, 125, 127, 130, 134, 146, 149, 153, 175, 182, 187, 189, 191, 197, 225, 230, 238, 264, 265, 266, 286, 302, 317, 336, 379, 388, 389, 425, 454, 458, 463, 475, 487, 498, 499, 512, 530, 531, 532, 533, 534, 536, 573, 589, 596, 598, 601, 605, 617, 620, 624, 646, 653, 658, 660, 662, 668, 689, 694, 702, 724, 725, 745, 760, 775, 793, 829, 838, 839, 877, 901, 903, 905, 910, 923]","[1, 13, 14, 29, 54, 55, 56, 57, 58, 60, 102, 118, 125, 127, 130, 134, 146, 149, 153, 175, 182, 187, 189, 191, 197, 225, 230, 238, 264, 265, 266, 286, 302, 317, 336, 354, 379, 388, 389, 425, 454, 458, 463, 475, 487, 498, 499, 512, 530, 531, 532, 533, 534, 536, 573, 589, 596, 598, 601, 605, 617, 620, 624, 646, 653, 658, 660, 662, 668, 689, 694, 702, 724, 725, 745, 760, 775, 793, 809, 829, 838, 839, 877, 901, 903, 905, 910, 923]","[512, 1, 13, 14, 530, 531, 532, 533, 534, 536, 29, 54, 55, 56, 57, 58, 60, 573, 589, 596, 598, 601, 605, 102, 617, 620, 624, 118, 125, 127, 130, 134, 646, 653, 146, 658, 660, 149, 662, 153, 668, 175, 689, 694, 182, 187, 189, 702, 191, 197, 724, 725, 225, 230, 745, 238, 760, 775, 264, 265, 266, 793, 286, 809, 302, 317, 829, 838, 839, 336, 354, 877, 379, 388, 389, 901, 903, 905, 910, 923, 425, 454, 458, 463, 475, 487, 498, 499]",False,[],[],[],[],[],"[1, 13, 14, 29, 54, 55, 56, 57, 58, 60, 102, 118, 125, 127, 130, 134, 146, 149, 153, 175, 182, 187, 189, 191, 197, 225, 230, 238, 264, 265, 266, 286, 302, 317, 336, 354, 379, 388, 389, 425, 454, 458, 463, 475, 487, 498, 499, 512, 530, 531, 532, 533, 534, 536, 573, 589, 596, 598, 601, 605, 617, 620, 624, 646, 653, 658, 660, 662, 668, 689, 694, 702, 724, 725, 745, 760, 775, 793, 809, 829, 838, 839, 877, 901, 903, 905, 910, 923]","[1, 13, 14, 29, 54, 55, 56, 57, 58, 60, 102, 118, 125, 127, 130, 134, 146, 149, 153, 175, 182, 187, 189, 191, 197, 225, 230, 238, 264, 265, 266, 286, 302, 317, 336, 379, 388, 389, 425, 454, 458, 463, 475, 487, 498, 499, 512, 530, 531, 532, 533, 534, 536, 573, 589, 596, 598, 601, 605, 617, 620, 624, 646, 653, 658, 660, 662, 668, 689, 694, 702, 724, 725, 745, 760, 775, 793, 829, 838, 839, 877, 901, 903, 905, 910, 923]",0/6 successful match,False,,False,411,False,,,,,
"Arrigon , 97844 Huwe's Has It All ( Shell )",541-922-4221 300 US 730 E ( 6 mi N of I-84 Exit 168 ),24,Arrigon,97844,Huwe's Has It All ( Shell ),541-922-4221,2007,Irrigon,OR,Shell,( 6 mi N of I-84 Exit 168 ),300 US 730 E,Proper,,False,,False,US 730,,,,,[],[],[],[],[],[],"[1, 13, 14, 29, 54, 55, 56, 57, 58, 60, 102, 118, 125, 127, 130, 134, 146, 149, 153, 175, 182, 187, 189, 191, 197, 225, 230, 238, 264, 265, 266, 286, 302, 317, 336, 379, 388, 389, 425, 454, 458, 463, 475, 487, 498, 499, 512, 530, 531, 532, 533, 534, 536, 573, 589, 596, 598, 601, 605, 617, 620, 624, 646, 653, 658, 660, 662, 668, 689, 694, 702, 724, 725, 745, 760, 775, 793, 829, 838, 839, 877, 901, 903, 905, 910, 923]","[1, 13, 14, 29, 54, 55, 56, 57, 58, 60, 102, 118, 125, 127, 130, 134, 146, 149, 153, 175, 182, 187, 189, 191, 197, 225, 230, 238, 264, 265, 266, 286, 302, 317, 336, 354, 379, 388, 389, 425, 454, 458, 463, 475, 487, 498, 499, 512, 530, 531, 532, 533, 534, 536, 573, 589, 596, 598, 601, 605, 617, 620, 624, 646, 653, 658, 660, 662, 668, 689, 694, 702, 724, 725, 745, 760, 775, 793, 809, 829, 838, 839, 877, 901, 903, 905, 910, 923]","[512, 1, 13, 14, 530, 531, 532, 533, 534, 536, 29, 54, 55, 56, 57, 58, 60, 573, 589, 596, 598, 601, 605, 102, 617, 620, 624, 118, 125, 127, 130, 134, 646, 653, 146, 658, 660, 149, 662, 153, 668, 175, 689, 694, 182, 187, 189, 702, 191, 197, 724, 725, 225, 230, 745, 238, 760, 775, 264, 265, 266, 793, 286, 809, 302, 317, 829, 838, 839, 336, 354, 877, 379, 388, 389, 901, 903, 905, 910, 923, 425, 454, 458, 463, 475, 487, 498, 499]",False,[],[],[],[],[],"[1, 13, 14, 29, 54, 55, 56, 57, 58, 60, 102, 118, 125, 127, 130, 134, 146, 149, 153, 175, 182, 187, 189, 191, 197, 225, 230, 238, 264, 265, 266, 286, 302, 317, 336, 354, 379, 388, 389, 425, 454, 458, 463, 475, 487, 498, 499, 512, 530, 531, 532, 533, 534, 536, 573, 589, 596, 598, 601, 605, 617, 620, 624, 646, 653, 658, 660, 662, 668, 689, 694, 702, 724, 725, 745, 760, 775, 793, 809, 829, 838, 839, 877, 901, 903, 905, 910, 923]","[1, 13, 14, 29, 54, 55, 56, 57, 58, 60, 102, 118, 125, 127, 130, 134, 146, 149, 153, 175, 182, 187, 189, 191, 197, 225, 230, 238, 264, 265, 266, 286, 302, 317, 336, 379, 388, 389, 425, 454, 458, 463, 475, 487, 498, 499, 512, 530, 531, 532, 533, 534, 536, 573, 589, 596, 598, 601, 605, 617, 620, 624, 646, 653, 658, 660, 662, 668, 689, 694, 702, 724, 725, 745, 760, 775, 793, 829, 838, 839, 877, 901, 903, 905, 910, 923]",0/6 successful match,False,,False,411,False,,1.0,True,Huwe's Has It All ( Shell ),Shell
"Arrigon , 97844 Huwe's Has It All ( Shell )",541-922-4221 300 US 730 E ( 6 mi N of I-84 Exit 168 ),) = 0 <U+25A1>,Arrigon,97844,Huwe's Has It All ( Shell ),541-922-4221,2008,Irrigon,OR,Shell,( 6 mi N of I-84 Exit 168 ),300 US 730 E,Proper,,False,,False,US 730,,,,,[],[],[],[],[],[],"[1, 13, 14, 29, 54, 55, 56, 57, 58, 60, 102, 118, 125, 127, 130, 134, 146, 149, 153, 175, 182, 187, 189, 191, 197, 225, 230, 238, 264, 265, 266, 286, 302, 317, 336, 379, 388, 389, 425, 454, 458, 463, 475, 487, 498, 499, 512, 530, 531, 532, 533, 534, 536, 573, 589, 596, 598, 601, 605, 617, 620, 624, 646, 653, 658, 660, 662, 668, 689, 694, 702, 724, 725, 745, 760, 775, 793, 829, 838, 839, 877, 901, 903, 905, 910, 923]","[1, 13, 14, 29, 54, 55, 56, 57, 58, 60, 102, 118, 125, 127, 130, 134, 146, 149, 153, 175, 182, 187, 189, 191, 197, 225, 230, 238, 264, 265, 266, 286, 302, 317, 336, 354, 379, 388, 389, 425, 454, 458, 463, 475, 487, 498, 499, 512, 530, 531, 532, 533, 534, 536, 573, 589, 596, 598, 601, 605, 617, 620, 624, 646, 653, 658, 660, 662, 668, 689, 694, 702, 724, 725, 745, 760, 775, 793, 809, 829, 838, 839, 877, 901, 903, 905, 910, 923]","[512, 1, 13, 14, 530, 531, 532, 533, 534, 536, 29, 54, 55, 56, 57, 58, 60, 573, 589, 596, 598, 601, 605, 102, 617, 620, 624, 118, 125, 127, 130, 134, 646, 653, 146, 658, 660, 149, 662, 153, 668, 175, 689, 694, 182, 187, 189, 702, 191, 197, 724, 725, 225, 230, 745, 238, 760, 775, 264, 265, 266, 793, 286, 809, 302, 317, 829, 838, 839, 336, 354, 877, 379, 388, 389, 901, 903, 905, 910, 923, 425, 454, 458, 463, 475, 487, 498, 499]",False,[],[],[],[],[],"[1, 13, 14, 29, 54, 55, 56, 57, 58, 60, 102, 118, 125, 127, 130, 134, 146, 149, 153, 175, 182, 187, 189, 191, 197, 225, 230, 238, 264, 265, 266, 286, 302, 317, 336, 354, 379, 388, 389, 425, 454, 458, 463, 475, 487, 498, 499, 512, 530, 531, 532, 533, 534, 536, 573, 589, 596, 598, 601, 605, 617, 620, 624, 646, 653, 658, 660, 662, 668, 689, 694, 702, 724, 725, 745, 760, 775, 793, 809, 829, 838, 839, 877, 901, 903, 905, 910, 923]","[1, 13, 14, 29, 54, 55, 56, 57, 58, 60, 102, 118, 125, 127, 130, 134, 146, 149, 153, 175, 182, 187, 189, 191, 197, 225, 230, 238, 264, 265, 266, 286, 302, 317, 336, 379, 388, 389, 425, 454, 458, 463, 475, 487, 498, 499, 512, 530, 531, 532, 533, 534, 536, 573, 589, 596, 598, 601, 605, 617, 620, 624, 646, 653, 658, 660, 662, 668, 689, 694, 702, 724, 725, 745, 760, 775, 793, 829, 838, 839, 877, 901, 903, 905, 910, 923]",0/6 successful match,False,,False,411,False,,1.0,True,Huwe's Has It All ( Shell ),Shell
A Trigon ( 97844 ) Shell 395 / OR 20 N,541-922-4221 300 US 730 E ( 6 mi N of I-84 Exit 168 ),) 24 M O,Trigon,97844,Shell 395 / OR 20 N,541-922-4221,2014,Irrigon,OR,Shell,( 6 mi N of I-84 Exit 168 ),300 US 730 E,Proper,,False,,False,US 730,,,,,[],[],[],[],[],[],"[1, 13, 14, 29, 54, 55, 56, 57, 58, 60, 102, 118, 125, 127, 130, 134, 146, 149, 153, 175, 182, 187, 189, 191, 197, 225, 230, 238, 264, 265, 266, 286, 302, 317, 336, 379, 388, 389, 425, 454, 458, 463, 475, 487, 498, 499, 512, 530, 531, 532, 533, 534, 536, 573, 589, 596, 598, 601, 605, 617, 620, 624, 646, 653, 658, 660, 662, 668, 689, 694, 702, 724, 725, 745, 760, 775, 793, 829, 838, 839, 877, 901, 903, 905, 910, 923]","[1, 13, 14, 29, 54, 55, 56, 57, 58, 60, 102, 118, 125, 127, 130, 134, 146, 149, 153, 175, 182, 187, 189, 191, 197, 225, 230, 238, 264, 265, 266, 286, 302, 317, 336, 354, 379, 388, 389, 425, 454, 458, 463, 475, 487, 498, 499, 512, 530, 531, 532, 533, 534, 536, 573, 589, 596, 598, 601, 605, 617, 620, 624, 646, 653, 658, 660, 662, 668, 689, 694, 702, 724, 725, 745, 760, 775, 793, 809, 829, 838, 839, 877, 901, 903, 905, 910, 923]","[512, 1, 13, 14, 530, 531, 532, 533, 534, 536, 29, 54, 55, 56, 57, 58, 60, 573, 589, 596, 598, 601, 605, 102, 617, 620, 624, 118, 125, 127, 130, 134, 646, 653, 146, 658, 660, 149, 662, 153, 668, 175, 689, 694, 182, 187, 189, 702, 191, 197, 724, 725, 225, 230, 745, 238, 760, 775, 264, 265, 266, 793, 286, 809, 302, 317, 829, 838, 839, 336, 354, 877, 379, 388, 389, 901, 903, 905, 910, 923, 425, 454, 458, 463, 475, 487, 498, 499]",False,[],[],[],[],[],"[1, 13, 14, 29, 54, 55, 56, 57, 58, 60, 102, 118, 125, 127, 130, 134, 146, 149, 153, 175, 182, 187, 189, 191, 197, 225, 230, 238, 264, 265, 266, 286, 302, 317, 336, 354, 379, 388, 389, 425, 454, 458, 463, 475, 487, 498, 499, 512, 530, 531, 532, 533, 534, 536, 573, 589, 596, 598, 601, 605, 617, 620, 624, 646, 653, 658, 660, 662, 668, 689, 694, 702, 724, 725, 745, 760, 775, 793, 809, 829, 838, 839, 877, 901, 903, 905, 910, 923]","[1, 13, 14, 29, 54, 55, 56, 57, 58, 60, 102, 118, 125, 127, 130, 134, 146, 149, 153, 175, 182, 187, 189, 191, 197, 225, 230, 238, 264, 265, 266, 286, 302, 317, 336, 379, 388, 389, 425, 454, 458, 463, 475, 487, 498, 499, 512, 530, 531, 532, 533, 534, 536, 573, 589, 596, 598, 601, 605, 617, 620, 624, 646, 653, 658, 660, 662, 668, 689, 694, 702, 724, 725, 745, 760, 775, 793, 829, 838, 839, 877, 901, 903, 905, 910, 923]",0/6 successful match,False,,False,411,False,,0.6304347826086957,True,Huwe's Has It All ( Shell ),Shell
A Irrigon ( 97844 ) Shell,5 541-922-4221 300 US 730 E ( 6 mi N of I-84 Exit 168 ),24 MOO O,Irrigon,97844,Shell,541-922-4221,2015,Irrigon,OR,Shell,( 6 mi N of I-84 Exit 168 ),300 US 730 E,Proper,,False,,False,US 730,,,,,[],[],[],[],[],[],"[1, 13, 14, 29, 54, 55, 56, 57, 58, 60, 102, 118, 125, 127, 130, 134, 146, 149, 153, 175, 182, 187, 189, 191, 197, 225, 230, 238, 264, 265, 266, 286, 302, 317, 336, 379, 388, 389, 425, 454, 458, 463, 475, 487, 498, 499, 512, 530, 531, 532, 533, 534, 536, 573, 589, 596, 598, 601, 605, 617, 620, 624, 646, 653, 658, 660, 662, 668, 689, 694, 702, 724, 725, 745, 760, 775, 793, 829, 838, 839, 877, 901, 903, 905, 910, 923]","[1, 13, 14, 29, 54, 55, 56, 57, 58, 60, 102, 118, 125, 127, 130, 134, 146, 149, 153, 175, 182, 187, 189, 191, 197, 225, 230, 238, 264, 265, 266, 286, 302, 317, 336, 354, 379, 388, 389, 425, 454, 458, 463, 475, 487, 498, 499, 512, 530, 531, 532, 533, 534, 536, 573, 589, 596, 598, 601, 605, 617, 620, 624, 646, 653, 658, 660, 662, 668, 689, 694, 702, 724, 725, 745, 760, 775, 793, 809, 829, 838, 839, 877, 901, 903, 905, 910, 923]","[512, 1, 13, 14, 530, 531, 532, 533, 534, 536, 29, 54, 55, 56, 57, 58, 60, 573, 589, 596, 598, 601, 605, 102, 617, 620, 624, 118, 125, 127, 130, 134, 646, 653, 146, 658, 660, 149, 662, 153, 668, 175, 689, 694, 182, 187, 189, 702, 191, 197, 724, 725, 225, 230, 745, 238, 760, 775, 264, 265, 266, 793, 286, 809, 302, 317, 829, 838, 839, 336, 354, 877, 379, 388, 389, 901, 903, 905, 910, 923, 425, 454, 458, 463, 475, 487, 498, 499]",False,[],[],[],[],[],"[1, 13, 14, 29, 54, 55, 56, 57, 58, 60, 102, 118, 125, 127, 130, 134, 146, 149, 153, 175, 182, 187, 189, 191, 197, 225, 230, 238, 264, 265, 266, 286, 302, 317, 336, 354, 379, 388, 389, 425, 454, 458, 463, 475, 487, 498, 499, 512, 530, 531, 532, 533, 534, 536, 573, 589, 596, 598, 601, 605, 617, 620, 624, 646, 653, 658, 660, 662, 668, 689, 694, 702, 724, 725, 745, 760, 775, 793, 809, 829, 838, 839, 877, 901, 903, 905, 910, 923]","[1, 13, 14, 29, 54, 55, 56, 57, 58, 60, 102, 118, 125, 127, 130, 134, 146, 149, 153, 175, 182, 187, 189, 191, 197, 225, 230, 238, 264, 265, 266, 286, 302, 317, 336, 379, 388, 389, 425, 454, 458, 463, 475, 487, 498, 499, 512, 530, 531, 532, 533, 534, 536, 573, 589, 596, 598, 601, 605, 617, 620, 624, 646, 653, 658, 660, 662, 668, 689, 694, 702, 724, 725, 745, 760, 775, 793, 829, 838, 839, 877, 901, 903, 905, 910, 923]",0/6 successful match,False,,False,411,False,,0.7083333333333334,True,Shell 395 / OR 20 N,Shell
A Irrigon ( 97844 ) Circle K ( Shell ),541-922-4221 300 US 730 E ( 6 mi N of I-84 Exit 168 ),) DOMO O,Irrigon,97844,Circle K ( Shell ),541-922-4221,2016,Irrigon,OR,Circle K,( 6 mi N of I-84 Exit 168 ),300 US 730 E,Proper,,False,,False,US 730,,,,,[],[],[],[],[],[],"[6, 7, 492, 493]","[1, 13, 14, 29, 54, 55, 56, 57, 58, 60, 102, 118, 125, 127, 130, 134, 146, 149, 153, 175, 182, 187, 189, 191, 197, 225, 230, 238, 264, 265, 266, 286, 302, 317, 336, 354, 379, 388, 389, 425, 454, 458, 463, 475, 487, 498, 499, 512, 530, 531, 532, 533, 534, 536, 573, 589, 596, 598, 601, 605, 617, 620, 624, 646, 653, 658, 660, 662, 668, 689, 694, 702, 724, 725, 745, 760, 775, 793, 809, 829, 838, 839, 877, 901, 903, 905, 910, 923]","[512, 1, 6, 7, 13, 14, 530, 531, 532, 533, 534, 536, 29, 54, 55, 56, 57, 58, 60, 573, 589, 596, 598, 601, 605, 102, 617, 620, 624, 118, 125, 127, 130, 134, 646, 653, 146, 658, 660, 149, 662, 153, 668, 175, 689, 694, 182, 187, 189, 702, 191, 197, 724, 725, 225, 230, 745, 238, 760, 775, 264, 265, 266, 793, 286, 809, 302, 317, 829, 838, 839, 336, 354, 877, 379, 388, 389, 901, 903, 905, 910, 923, 425, 454, 458, 463, 475, 487, 492, 493, 498, 499]",False,[],[],[],[],[],"[1, 13, 14, 29, 54, 55, 56, 57, 58, 60, 102, 118, 125, 127, 130, 134, 146, 149, 153, 175, 182, 187, 189, 191, 197, 225, 230, 238, 264, 265, 266, 286, 302, 317, 336, 354, 379, 388, 389, 425, 454, 458, 463, 475, 487, 498, 499, 512, 530, 531, 532, 533, 534, 536, 573, 589, 596, 598, 601, 605, 617, 620, 624, 646, 653, 658, 660, 662, 668, 689, 694, 702, 724, 725, 745, 760, 775, 793, 809, 829, 838, 839, 877, 901, 903, 905, 910, 923]","[6, 7, 492, 493]",0/6 successful match,False,,False,411,False,,0.717391304347826,False,Shell,Shell
"John Day , 97845 Jackson's Shell",541-575-2585 US 26 W,24 M24 <U+2610>,John Day,97845,Jackson's Shell,541-575-2585,2006,John Day,OR,Shell,,US 26 W,empty,,False,,False,US 26,,,,,[],[],[],[],[],"[84, 555]","[1, 13, 14, 29, 54, 55, 56, 57, 58, 60, 102, 118, 125, 127, 130, 134, 146, 149, 153, 175, 182, 187, 189, 191, 197, 225, 230, 238, 264, 265, 266, 286, 302, 317, 336, 379, 388, 389, 425, 454, 458, 463, 475, 487, 498, 499, 512, 530, 531, 532, 533, 534, 536, 573, 589, 596, 598, 601, 605, 617, 620, 624, 646, 653, 658, 660, 662, 668, 689, 694, 702, 724, 725, 745, 760, 775, 793, 829, 838, 839, 877, 901, 903, 905, 910, 923]","[1, 13, 14, 29, 54, 55, 56, 57, 58, 60, 102, 118, 125, 127, 130, 134, 146, 149, 153, 175, 182, 187, 189, 191, 197, 225, 230, 238, 264, 265, 266, 286, 302, 317, 336, 354, 379, 388, 389, 425, 454, 458, 463, 475, 487, 498, 499, 512, 530, 531, 532, 533, 534, 536, 573, 589, 596, 598, 601, 605, 617, 620, 624, 646, 653, 658, 660, 662, 668, 689, 694, 702, 724, 725, 745, 760, 775, 793, 809, 829, 838, 839, 877, 901, 903, 905, 910, 923]","[512, 1, 13, 14, 530, 531, 532, 533, 534, 536, 29, 555, 54, 55, 56, 57, 58, 60, 573, 589, 84, 596, 598, 601, 605, 102, 617, 620, 624, 118, 125, 127, 130, 134, 646, 653, 146, 658, 660, 149, 662, 153, 668, 175, 689, 694, 182, 187, 189, 702, 191, 197, 724, 725, 225, 230, 745, 238, 760, 775, 264, 265, 266, 793, 286, 809, 302, 317, 829, 838, 839, 336, 354, 877, 379, 388, 389, 901, 903, 905, 910, 923, 425, 454, 458, 463, 475, 487, 498, 499]",False,[],[],[],[],"[84, 555]","[1, 13, 14, 29, 54, 55, 56, 57, 58, 60, 102, 118, 125, 127, 130, 134, 146, 149, 153, 175, 182, 187, 189, 191, 197, 225, 230, 238, 264, 265, 266, 286, 302, 317, 336, 354, 379, 388, 389, 425, 454, 458, 463, 475, 487, 498, 499, 512, 530, 531, 532, 533, 534, 536, 573, 589, 596, 598, 601, 605, 617, 620, 624, 646, 653, 658, 660, 662, 668, 689, 694, 702, 724, 725, 745, 760, 775, 793, 809, 829, 838, 839, 877, 901, 903, 905, 910, 923]","[1, 13, 14, 29, 54, 55, 56, 57, 58, 60, 102, 118, 125, 127, 130, 134, 146, 149, 153, 175, 182, 187, 189, 191, 197, 225, 230, 238, 264, 265, 266, 286, 302, 317, 336, 379, 388, 389, 425, 454, 458, 463, 475, 487, 498, 499, 512, 530, 531, 532, 533, 534, 536, 573, 589, 596, 598, 601, 605, 617, 620, 624, 646, 653, 658, 660, 662, 668, 689, 694, 702, 724, 725, 745, 760, 775, 793, 829, 838, 839, 877, 901, 903, 905, 910, 923]",0/6 successful match,False,,False,412,False,,,,,
"John Day , 97845 Jackson's Shell",541-575-2585 US 26 W,24 48 <U+2610> M 24 FRS,John Day,97845,Jackson's Shell,541-575-2585,2007,John Day,OR,Shell,,US 26 W,empty,,False,,False,US 26,,,,,[],[],[],[],[],"[84, 555]","[1, 13, 14, 29, 54, 55, 56, 57, 58, 60, 102, 118, 125, 127, 130, 134, 146, 149, 153, 175, 182, 187, 189, 191, 197, 225, 230, 238, 264, 265, 266, 286, 302, 317, 336, 379, 388, 389, 425, 454, 458, 463, 475, 487, 498, 499, 512, 530, 531, 532, 533, 534, 536, 573, 589, 596, 598, 601, 605, 617, 620, 624, 646, 653, 658, 660, 662, 668, 689, 694, 702, 724, 725, 745, 760, 775, 793, 829, 838, 839, 877, 901, 903, 905, 910, 923]","[1, 13, 14, 29, 54, 55, 56, 57, 58, 60, 102, 118, 125, 127, 130, 134, 146, 149, 153, 175, 182, 187, 189, 191, 197, 225, 230, 238, 264, 265, 266, 286, 302, 317, 336, 354, 379, 388, 389, 425, 454, 458, 463, 475, 487, 498, 499, 512, 530, 531, 532, 533, 534, 536, 573, 589, 596, 598, 601, 605, 617, 620, 624, 646, 653, 658, 660, 662, 668, 689, 694, 702, 724, 725, 745, 760, 775, 793, 809, 829, 838, 839, 877, 901, 903, 905, 910, 923]","[512, 1, 13, 14, 530, 531, 532, 533, 534, 536, 29, 555, 54, 55, 56, 57, 58, 60, 573, 589, 84, 596, 598, 601, 605, 102, 617, 620, 624, 118, 125, 127, 130, 134, 646, 653, 146, 658, 660, 149, 662, 153, 668, 175, 689, 694, 182, 187, 189, 702, 191, 197, 724, 725, 225, 230, 745, 238, 760, 775, 264, 265, 266, 793, 286, 809, 302, 317, 829, 838, 839, 336, 354, 877, 379, 388, 389, 901, 903, 905, 910, 923, 425, 454, 458, 463, 475, 487, 498, 499]",False,[],[],[],[],"[84, 555]","[1, 13, 14, 29, 54, 55, 56, 57, 58, 60, 102, 118, 125, 127, 130, 134, 146, 149, 153, 175, 182, 187, 189, 191, 197, 225, 230, 238, 264, 265, 266, 286, 302, 317, 336, 354, 379, 388, 389, 425, 454, 458, 463, 475, 487, 498, 499, 512, 530, 531, 532, 533, 534, 536, 573, 589, 596, 598, 601, 605, 617, 620, 624, 646, 653, 658, 660, 662, 668, 689, 694, 702, 724, 725, 745, 760, 775, 793, 809, 829, 838, 839, 877, 901, 903, 905, 910, 923]","[1, 13, 14, 29, 54, 55, 56, 57, 58, 60, 102, 118, 125, 127, 130, 134, 146, 149, 153, 175, 182, 187, 189, 191, 197, 225, 230, 238, 264, 265, 266, 286, 302, 317, 336, 379, 388, 389, 425, 454, 458, 463, 475, 487, 498, 499, 512, 530, 531, 532, 533, 534, 536, 573, 589, 596, 598, 601, 605, 617, 620, 624, 646, 653, 658, 660, 662, 668, 689, 694, 702, 724, 725, 745, 760, 775, 793, 829, 838, 839, 877, 901, 903, 905, 910, 923]",0/6 successful match,False,,False,412,False,,1.0,True,Jackson's Shell,Shell
"John Day , 97845 Jackson's Shell",541-575-2585 US 26 W,<U+2610> S <U+2610>,John Day,97845,Jackson's Shell,541-575-2585,2008,John Day,OR,Shell,,US 26 W,empty,,False,,False,US 26,,,,,[],[],[],[],[],"[84, 555]","[1, 13, 14, 29, 54, 55, 56, 57, 58, 60, 102, 118, 125, 127, 130, 134, 146, 149, 153, 175, 182, 187, 189, 191, 197, 225, 230, 238, 264, 265, 266, 286, 302, 317, 336, 379, 388, 389, 425, 454, 458, 463, 475, 487, 498, 499, 512, 530, 531, 532, 533, 534, 536, 573, 589, 596, 598, 601, 605, 617, 620, 624, 646, 653, 658, 660, 662, 668, 689, 694, 702, 724, 725, 745, 760, 775, 793, 829, 838, 839, 877, 901, 903, 905, 910, 923]","[1, 13, 14, 29, 54, 55, 56, 57, 58, 60, 102, 118, 125, 127, 130, 134, 146, 149, 153, 175, 182, 187, 189, 191, 197, 225, 230, 238, 264, 265, 266, 286, 302, 317, 336, 354, 379, 388, 389, 425, 454, 458, 463, 475, 487, 498, 499, 512, 530, 531, 532, 533, 534, 536, 573, 589, 596, 598, 601, 605, 617, 620, 624, 646, 653, 658, 660, 662, 668, 689, 694, 702, 724, 725, 745, 760, 775, 793, 809, 829, 838, 839, 877, 901, 903, 905, 910, 923]","[512, 1, 13, 14, 530, 531, 532, 533, 534, 536, 29, 555, 54, 55, 56, 57, 58, 60, 573, 589, 84, 596, 598, 601, 605, 102, 617, 620, 624, 118, 125, 127, 130, 134, 646, 653, 146, 658, 660, 149, 662, 153, 668, 175, 689, 694, 182, 187, 189, 702, 191, 197, 724, 725, 225, 230, 745, 238, 760, 775, 264, 265, 266, 793, 286, 809, 302, 317, 829, 838, 839, 336, 354, 877, 379, 388, 389, 901, 903, 905, 910, 923, 425, 454, 458, 463, 475, 487, 498, 499]",False,[],[],[],[],"[84, 555]","[1, 13, 14, 29, 54, 55, 56, 57, 58, 60, 102, 118, 125, 127, 130, 134, 146, 149, 153, 175, 182, 187, 189, 191, 197, 225, 230, 238, 264, 265, 266, 286, 302, 317, 336, 354, 379, 388, 389, 425, 454, 458, 463, 475, 487, 498, 499, 512, 530, 531, 532, 533, 534, 536, 573, 589, 596, 598, 601, 605, 617, 620, 624, 646, 653, 658, 660, 662, 668, 689, 694, 702, 724, 725, 745, 760, 775, 793, 809, 829, 838, 839, 877, 901, 903, 905, 910, 923]","[1, 13, 14, 29, 54, 55, 56, 57, 58, 60, 102, 118, 125, 127, 130, 134, 146, 149, 153, 175, 182, 187, 189, 191, 197, 225, 230, 238, 264, 265, 266, 286, 302, 317, 336, 379, 388, 389, 425, 454, 458, 463, 475, 487, 498, 499, 512, 530, 531, 532, 533, 534, 536, 573, 589, 596, 598, 601, 605, 617, 620, 624, 646, 653, 658, 660, 662, 668, 689, 694, 702, 724, 725, 745, 760, 775, 793, 829, 838, 839, 877, 901, 903, 905, 910, 923]",0/6 successful match,False,,False,412,False,,1.0,True,Jackson's Shell,Shell
D John Day ( 97845 ) John Day Shell,541-575-2585 US 26 W,S <U+25A1>,John Day,97845,John Day Shell,541-575-2585,2014,John Day,OR,Shell,,US 26 W,empty,,False,,False,US 26,,,,,[],[],[],[],[],"[84, 555]","[1, 13, 14, 29, 54, 55, 56, 57, 58, 60, 102, 118, 125, 127, 130, 134, 146, 149, 153, 175, 182, 187, 189, 191, 197, 225, 230, 238, 264, 265, 266, 286, 302, 317, 336, 379, 388, 389, 425, 454, 458, 463, 475, 487, 498, 499, 512, 530, 531, 532, 533, 534, 536, 573, 589, 596, 598, 601, 605, 617, 620, 624, 646, 653, 658, 660, 662, 668, 689, 694, 702, 724, 725, 745, 760, 775, 793, 829, 838, 839, 877, 901, 903, 905, 910, 923]","[1, 13, 14, 29, 54, 55, 56, 57, 58, 60, 102, 118, 125, 127, 130, 134, 146, 149, 153, 175, 182, 187, 189, 191, 197, 225, 230, 238, 264, 265, 266, 286, 302, 317, 336, 354, 379, 388, 389, 425, 454, 458, 463, 475, 487, 498, 499, 512, 530, 531, 532, 533, 534, 536, 573, 589, 596, 598, 601, 605, 617, 620, 624, 646, 653, 658, 660, 662, 668, 689, 694, 702, 724, 725, 745, 760, 775, 793, 809, 829, 838, 839, 877, 901, 903, 905, 910, 923]","[512, 1, 13, 14, 530, 531, 532, 533, 534, 536, 29, 555, 54, 55, 56, 57, 58, 60, 573, 589, 84, 596, 598, 601, 605, 102, 617, 620, 624, 118, 125, 127, 130, 134, 646, 653, 146, 658, 660, 149, 662, 153, 668, 175, 689, 694, 182, 187, 189, 702, 191, 197, 724, 725, 225, 230, 745, 238, 760, 775, 264, 265, 266, 793, 286, 809, 302, 317, 829, 838, 839, 336, 354, 877, 379, 388, 389, 901, 903, 905, 910, 923, 425, 454, 458, 463, 475, 487, 498, 499]",False,[],[],[],[],"[84, 555]","[1, 13, 14, 29, 54, 55, 56, 57, 58, 60, 102, 118, 125, 127, 130, 134, 146, 149, 153, 175, 182, 187, 189, 191, 197, 225, 230, 238, 264, 265, 266, 286, 302, 317, 336, 354, 379, 388, 389, 425, 454, 458, 463, 475, 487, 498, 499, 512, 530, 531, 532, 533, 534, 536, 573, 589, 596, 598, 601, 605, 617, 620, 624, 646, 653, 658, 660, 662, 668, 689, 694, 702, 724, 725, 745, 760, 775, 793, 809, 829, 838, 839, 877, 901, 903, 905, 910, 923]","[1, 13, 14, 29, 54, 55, 56, 57, 58, 60, 102, 118, 125, 127, 130, 134, 146, 149, 153, 175, 182, 187, 189, 191, 197, 225, 230, 238, 264, 265, 266, 286, 302, 317, 336, 379, 388, 389, 425, 454, 458, 463, 475, 487, 498, 499, 512, 530, 531, 532, 533, 534, 536, 573, 589, 596, 598, 601, 605, 617, 620, 624, 646, 653, 658, 660, 662, 668, 689, 694, 702, 724, 725, 745, 760, 775, 793, 829, 838, 839, 877, 901, 903, 905, 910, 923]",0/6 successful match,False,,False,412,False,,0.8103448275862069,True,Jackson's Shell,Shell
John Day ( 97845 ) John Day Shell,541-575-2585 US 26 W,S <U+25A1>,John Day,97845,John Day Shell,541-575-2585,2015,John Day,OR,Shell,,US 26 W,empty,,False,,False,US 26,,,,,[],[],[],[],[],"[84, 555]","[1, 13, 14, 29, 54, 55, 56, 57, 58, 60, 102, 118, 125, 127, 130, 134, 146, 149, 153, 175, 182, 187, 189, 191, 197, 225, 230, 238, 264, 265, 266, 286, 302, 317, 336, 379, 388, 389, 425, 454, 458, 463, 475, 487, 498, 499, 512, 530, 531, 532, 533, 534, 536, 573, 589, 596, 598, 601, 605, 617, 620, 624, 646, 653, 658, 660, 662, 668, 689, 694, 702, 724, 725, 745, 760, 775, 793, 829, 838, 839, 877, 901, 903, 905, 910, 923]","[1, 13, 14, 29, 54, 55, 56, 57, 58, 60, 102, 118, 125, 127, 130, 134, 146, 149, 153, 175, 182, 187, 189, 191, 197, 225, 230, 238, 264, 265, 266, 286, 302, 317, 336, 354, 379, 388, 389, 425, 454, 458, 463, 475, 487, 498, 499, 512, 530, 531, 532, 533, 534, 536, 573, 589, 596, 598, 601, 605, 617, 620, 624, 646, 653, 658, 660, 662, 668, 689, 694, 702, 724, 725, 745, 760, 775, 793, 809, 829, 838, 839, 877, 901, 903, 905, 910, 923]","[512, 1, 13, 14, 530, 531, 532, 533, 534, 536, 29, 555, 54, 55, 56, 57, 58, 60, 573, 589, 84, 596, 598, 601, 605, 102, 617, 620, 624, 118, 125, 127, 130, 134, 646, 653, 146, 658, 660, 149, 662, 153, 668, 175, 689, 694, 182, 187, 189, 702, 191, 197, 724, 725, 225, 230, 745, 238, 760, 775, 264, 265, 266, 793, 286, 809, 302, 317, 829, 838, 839, 336, 354, 877, 379, 388, 389, 901, 903, 905, 910, 923, 425, 454, 458, 463, 475, 487, 498, 499]",False,[],[],[],[],"[84, 555]","[1, 13, 14, 29, 54, 55, 56, 57, 58, 60, 102, 118, 125, 127, 130, 134, 146, 149, 153, 175, 182, 187, 189, 191, 197, 225, 230, 238, 264, 265, 266, 286, 302, 317, 336, 354, 379, 388, 389, 425, 454, 458, 463, 475, 487, 498, 499, 512, 530, 531, 532, 533, 534, 536, 573, 589, 596, 598, 601, 605, 617, 620, 624, 646, 653, 658, 660, 662, 668, 689, 694, 702, 724, 725, 745, 760, 775, 793, 809, 829, 838, 839, 877, 901, 903, 905, 910, 923]","[1, 13, 14, 29, 54, 55, 56, 57, 58, 60, 102, 118, 125, 127, 130, 134, 146, 149, 153, 175, 182, 187, 189, 191, 197, 225, 230, 238, 264, 265, 266, 286, 302, 317, 336, 379, 388, 389, 425, 454, 458, 463, 475, 487, 498, 499, 512, 530, 531, 532, 533, 534, 536, 573, 589, 596, 598, 601, 605, 617, 620, 624, 646, 653, 658, 660, 662, 668, 689, 694, 702, 724, 725, 745, 760, 775, 793, 829, 838, 839, 877, 901, 903, 905, 910, 923]",0/6 successful match,False,,False,412,False,,1.0,True,John Day Shell,Shell
John Day ( 97845 ) John Day Shell,541-575-2585 US 26 W,<U+2610><U+2610> S D,John Day,97845,John Day Shell,541-575-2585,2016,John Day,OR,Shell,,US 26 W,empty,,False,,False,US 26,,,,,[],[],[],[],[],"[84, 555]","[1, 13, 14, 29, 54, 55, 56, 57, 58, 60, 102, 118, 125, 127, 130, 134, 146, 149, 153, 175, 182, 187, 189, 191, 197, 225, 230, 238, 264, 265, 266, 286, 302, 317, 336, 379, 388, 389, 425, 454, 458, 463, 475, 487, 498, 499, 512, 530, 531, 532, 533, 534, 536, 573, 589, 596, 598, 601, 605, 617, 620, 624, 646, 653, 658, 660, 662, 668, 689, 694, 702, 724, 725, 745, 760, 775, 793, 829, 838, 839, 877, 901, 903, 905, 910, 923]","[1, 13, 14, 29, 54, 55, 56, 57, 58, 60, 102, 118, 125, 127, 130, 134, 146, 149, 153, 175, 182, 187, 189, 191, 197, 225, 230, 238, 264, 265, 266, 286, 302, 317, 336, 354, 379, 388, 389, 425, 454, 458, 463, 475, 487, 498, 499, 512, 530, 531, 532, 533, 534, 536, 573, 589, 596, 598, 601, 605, 617, 620, 624, 646, 653, 658, 660, 662, 668, 689, 694, 702, 724, 725, 745, 760, 775, 793, 809, 829, 838, 839, 877, 901, 903, 905, 910, 923]","[512, 1, 13, 14, 530, 531, 532, 533, 534, 536, 29, 555, 54, 55, 56, 57, 58, 60, 573, 589, 84, 596, 598, 601, 605, 102, 617, 620, 624, 118, 125, 127, 130, 134, 646, 653, 146, 658, 660, 149, 662, 153, 668, 175, 689, 694, 182, 187, 189, 702, 191, 197, 724, 725, 225, 230, 745, 238, 760, 775, 264, 265, 266, 793, 286, 809, 302, 317, 829, 838, 839, 336, 354, 877, 379, 388, 389, 901, 903, 905, 910, 923, 425, 454, 458, 463, 475, 487, 498, 499]",False,[],[],[],[],"[84, 555]","[1, 13, 14, 29, 54, 55, 56, 57, 58, 60, 102, 118, 125, 127, 130, 134, 146, 149, 153, 175, 182, 187, 189, 191, 197, 225, 230, 238, 264, 265, 266, 286, 302, 317, 336, 354, 379, 388, 389, 425, 454, 458, 463, 475, 487, 498, 499, 512, 530, 531, 532, 533, 534, 536, 573, 589, 596, 598, 601, 605, 617, 620, 624, 646, 653, 658, 660, 662, 668, 689, 694, 702, 724, 725, 745, 760, 775, 793, 809, 829, 838, 839, 877, 901, 903, 905, 910, 923]","[1, 13, 14, 29, 54, 55, 56, 57, 58, 60, 102, 118, 125, 127, 130, 134, 146, 149, 153, 175, 182, 187, 189, 191, 197, 225, 230, 238, 264, 265, 266, 286, 302, 317, 336, 379, 388, 389, 425, 454, 458, 463, 475, 487, 498, 499, 512, 530, 531, 532, 533, 534, 536, 573, 589, 596, 598, 601, 605, 617, 620, 624, 646, 653, 658, 660, 662, 668, 689, 694, 702, 724, 725, 745, 760, 775, 793, 829, 838, 839, 877, 901, 903, 905, 910, 923]",0/6 successful match,False,,False,412,False,,1.0,True,John Day Shell,Shell
"Island City , 97850 C & M Country Store ( 76 )",2 541-963-3411 10102 N Hwy 82,24 M24 <U+2610>,Island City,97850,C & M Country Store ( 76 ),541-963-3411,2006,La Grande,OR,,,10102 N Hwy 82,Proper,,False,,False,Hwy 82,,,,,[],[],"[34, 63, 79, 81, 515, 537, 551]",[],[],[],[],"[84, 87, 89, 114, 115, 117, 124, 132, 135, 144, 152, 178, 239, 268, 281, 297, 318, 320, 327, 348, 394, 555, 558, 560, 585, 586, 588, 595, 603, 606, 615, 623, 649, 703, 727, 740, 756, 776, 778, 785, 803, 844]","[515, 132, 135, 776, 649, 394, 778, 268, 144, 785, 152, 537, 281, 34, 803, 551, 297, 555, 558, 560, 178, 318, 63, 320, 703, 327, 585, 586, 588, 844, 79, 81, 595, 84, 87, 727, 89, 603, 348, 606, 740, 615, 239, 623, 114, 115, 756, 117, 124]",False,[],[],"[34, 63, 79, 81, 515, 537, 551]",[],[],"[84, 87, 89, 114, 115, 117, 124, 132, 135, 144, 152, 178, 239, 268, 281, 297, 318, 320, 327, 348, 394, 555, 558, 560, 585, 586, 588, 595, 603, 606, 615, 623, 649, 703, 727, 740, 756, 776, 778, 785, 803, 844]",[],0/6 successful match,False,,False,413,False,,,,,
"Bisland City , 97850 C & M Country Store ( 76 )",541-963-3411 10102 N Hwy 82,24 24 000,Bisland City,97850,C & M Country Store ( 76 ),541-963-3411,2007,La Grande,OR,,,10102 N Hwy 82,Proper,,False,,False,Hwy 82,,,,,[],[],"[34, 63, 79, 81, 515, 537, 551]",[],[],[],[],"[84, 87, 89, 114, 115, 117, 124, 132, 135, 144, 152, 178, 239, 268, 281, 297, 318, 320, 327, 348, 394, 555, 558, 560, 585, 586, 588, 595, 603, 606, 615, 623, 649, 703, 727, 740, 756, 776, 778, 785, 803, 844]","[515, 132, 135, 776, 649, 394, 778, 268, 144, 785, 152, 537, 281, 34, 803, 551, 297, 555, 558, 560, 178, 318, 63, 320, 703, 327, 585, 586, 588, 844, 79, 81, 595, 84, 87, 727, 89, 603, 348, 606, 740, 615, 239, 623, 114, 115, 756, 117, 124]",False,[],[],"[34, 63, 79, 81, 515, 537, 551]",[],[],"[84, 87, 89, 114, 115, 117, 124, 132, 135, 144, 152, 178, 239, 268, 281, 297, 318, 320, 327, 348, 394, 555, 558, 560, 585, 586, 588, 595, 603, 606, 615, 623, 649, 703, 727, 740, 756, 776, 778, 785, 803, 844]",[],0/6 successful match,False,,False,413,False,,1.0,True,C & M Country Store ( 76 ),
"Island City , 97850 C & M Country Store ( 76 )",541-963-3411 10102 N Hwy 82,<U+2610> <U+2610>,Island City,97850,C & M Country Store ( 76 ),541-963-3411,2008,La Grande,OR,,,10102 N Hwy 82,Proper,,False,,False,Hwy 82,,,,,[],[],"[34, 63, 79, 81, 515, 537, 551]",[],[],[],[],"[84, 87, 89, 114, 115, 117, 124, 132, 135, 144, 152, 178, 239, 268, 281, 297, 318, 320, 327, 348, 394, 555, 558, 560, 585, 586, 588, 595, 603, 606, 615, 623, 649, 703, 727, 740, 756, 776, 778, 785, 803, 844]","[515, 132, 135, 776, 649, 394, 778, 268, 144, 785, 152, 537, 281, 34, 803, 551, 297, 555, 558, 560, 178, 318, 63, 320, 703, 327, 585, 586, 588, 844, 79, 81, 595, 84, 87, 727, 89, 603, 348, 606, 740, 615, 239, 623, 114, 115, 756, 117, 124]",False,[],[],"[34, 63, 79, 81, 515, 537, 551]",[],[],"[84, 87, 89, 114, 115, 117, 124, 132, 135, 144, 152, 178, 239, 268, 281, 297, 318, 320, 327, 348, 394, 555, 558, 560, 585, 586, 588, 595, 603, 606, 615, 623, 649, 703, 727, 740, 756, 776, 778, 785, 803, 844]",[],0/6 successful match,False,,False,413,False,,1.0,True,C & M Country Store ( 76 ),
B Island City ( 97850 ) C & M Country Store ( 76 ),7 541-963-3411 10102 N Hwy 82,<U+25A1>,Island City,97850,C & M Country Store ( 76 ),541-963-3411,2014,La Grande,OR,,,10102 N Hwy 82,Proper,,False,,False,Hwy 82,,,,,[],[],"[34, 63, 79, 81, 515, 537, 551]",[],[],[],[],"[84, 87, 89, 114, 115, 117, 124, 132, 135, 144, 152, 178, 239, 268, 281, 297, 318, 320, 327, 348, 394, 555, 558, 560, 585, 586, 588, 595, 603, 606, 615, 623, 649, 703, 727, 740, 756, 776, 778, 785, 803, 844]","[515, 132, 135, 776, 649, 394, 778, 268, 144, 785, 152, 537, 281, 34, 803, 551, 297, 555, 558, 560, 178, 318, 63, 320, 703, 327, 585, 586, 588, 844, 79, 81, 595, 84, 87, 727, 89, 603, 348, 606, 740, 615, 239, 623, 114, 115, 756, 117, 124]",False,[],[],"[34, 63, 79, 81, 515, 537, 551]",[],[],"[84, 87, 89, 114, 115, 117, 124, 132, 135, 144, 152, 178, 239, 268, 281, 297, 318, 320, 327, 348, 394, 555, 558, 560, 585, 586, 588, 595, 603, 606, 615, 623, 649, 703, 727, 740, 756, 776, 778, 785, 803, 844]",[],0/6 successful match,False,,False,413,False,,1.0,True,C & M Country Store ( 76 ),
B Island City ( 97850 ) C & M Country Store ( Chevron ),541-963-3411 10102 N Hwy 82,<U+2610> <U+2610><U+2610><U+2610><U+2610>,Island City,97850,C & M Country Store ( Chevron ),541-963-3411,2015,La Grande,OR,Chevron,,10102 N Hwy 82,Proper,,False,,False,Hwy 82,,,,,[],[],"[34, 63, 79, 81, 515, 537, 551]",[],[],[],"[12, 24, 25, 28, 88, 100, 104, 119, 123, 129, 136, 137, 139, 140, 141, 148, 155, 169, 172, 179, 183, 185, 188, 196, 198, 217, 237, 267, 270, 278, 319, 321, 324, 325, 330, 334, 335, 354, 366, 369, 380, 383, 384, 386, 395, 407, 411, 423, 428, 436, 437, 452, 453, 456, 467, 471, 477, 478, 479, 497, 508, 511, 559, 571, 575, 590, 594, 600, 607, 608, 610, 611, 612, 619, 627, 640, 643, 650, 654, 656, 659, 667, 669, 685, 701, 726, 729, 737, 777, 779, 782, 783, 787, 790, 791, 809, 817, 819, 830, 833, 834, 836, 845, 856, 857, 860, 862, 875, 880, 887, 888, 899, 900, 914, 918, 921, 928, 929, 930]","[12, 24, 25, 28, 88, 100, 104, 119, 123, 129, 136, 137, 139, 140, 141, 148, 155, 169, 172, 179, 183, 185, 188, 196, 198, 217, 237, 267, 270, 278, 319, 321, 324, 325, 330, 334, 335, 354, 366, 369, 380, 383, 384, 386, 395, 407, 411, 423, 428, 436, 437, 452, 453, 456, 467, 471, 477, 478, 479, 497, 508, 511, 559, 571, 575, 590, 594, 600, 607, 608, 610, 611, 612, 619, 627, 640, 643, 650, 654, 656, 659, 667, 669, 685, 701, 726, 729, 737, 777, 779, 782, 783, 787, 790, 791, 809, 817, 819, 830, 833, 834, 836, 845, 856, 857, 860, 862, 875, 880, 887, 888, 899, 900, 914, 918, 921, 928, 929, 930]","[515, 12, 24, 537, 25, 28, 34, 551, 559, 571, 63, 575, 590, 79, 81, 594, 88, 600, 607, 608, 610, 611, 100, 612, 104, 619, 627, 119, 123, 640, 129, 643, 136, 137, 650, 139, 140, 141, 654, 656, 659, 148, 155, 667, 669, 169, 172, 685, 179, 183, 185, 188, 701, 196, 198, 726, 217, 729, 737, 237, 777, 267, 779, 270, 782, 783, 787, 278, 790, 791, 809, 817, 819, 830, 319, 321, 833, 834, 324, 325, 836, 330, 845, 334, 335, 856, 857, 860, 862, 354, 875, 366, 880, 369, 887, 888, 380, 383, 384, 386, 899, 900, 395, 914, 918, 407, 921, 411, 928, 929, 930, 423, 428, 436, 437, 452, 453, 456, 467, 471, 477, 478, 479, 497, 508, 511]",False,[],[],"[34, 63, 79, 81, 515, 537, 551]",[],[],"[12, 24, 25, 28, 88, 100, 104, 119, 123, 129, 136, 137, 139, 140, 141, 148, 155, 169, 172, 179, 183, 185, 188, 196, 198, 217, 237, 267, 270, 278, 319, 321, 324, 325, 330, 334, 335, 354, 366, 369, 380, 383, 384, 386, 395, 407, 411, 423, 428, 436, 437, 452, 453, 456, 467, 471, 477, 478, 479, 497, 508, 511, 559, 571, 575, 590, 594, 600, 607, 608, 610, 611, 612, 619, 627, 640, 643, 650, 654, 656, 659, 667, 669, 685, 701, 726, 729, 737, 777, 779, 782, 783, 787, 790, 791, 809, 817, 819, 830, 833, 834, 836, 845, 856, 857, 860, 862, 875, 880, 887, 888, 899, 900, 914, 918, 921, 928, 929, 930]","[12, 24, 25, 28, 88, 100, 104, 119, 123, 129, 136, 137, 139, 140, 141, 148, 155, 169, 172, 179, 183, 185, 188, 196, 198, 217, 237, 267, 270, 278, 319, 321, 324, 325, 330, 334, 335, 354, 366, 369, 380, 383, 384, 386, 395, 407, 411, 423, 428, 436, 437, 452, 453, 456, 467, 471, 477, 478, 479, 497, 508, 511, 559, 571, 575, 590, 594, 600, 607, 608, 610, 611, 612, 619, 627, 640, 643, 650, 654, 656, 659, 667, 669, 685, 701, 726, 729, 737, 777, 779, 782, 783, 787, 790, 791, 809, 817, 819, 830, 833, 834, 836, 845, 856, 857, 860, 862, 875, 880, 887, 888, 899, 900, 914, 918, 921, 928, 929, 930]",0/6 successful match,False,,False,413,False,,1.0,True,C & M Country Store ( 76 ),
B Island City ( 97850 ) C & M Country Store ( Chevron ),541-963-3411 10102 N Hwy 82,<U+2610><U+2610> <U+2610>,Island City,97850,C & M Country Store ( Chevron ),541-963-3411,2016,La Grande,OR,Chevron,,10102 N Hwy 82,Proper,,False,,False,Hwy 82,,,,,[],[],"[34, 63, 79, 81, 515, 537, 551]",[],[],[],"[12, 24, 25, 28, 88, 100, 104, 119, 123, 129, 136, 137, 139, 140, 141, 148, 155, 169, 172, 179, 183, 185, 188, 196, 198, 217, 237, 267, 270, 278, 319, 321, 324, 325, 330, 334, 335, 354, 366, 369, 380, 383, 384, 386, 395, 407, 411, 423, 428, 436, 437, 452, 453, 456, 467, 471, 477, 478, 479, 497, 508, 511, 559, 571, 575, 590, 594, 600, 607, 608, 610, 611, 612, 619, 627, 640, 643, 650, 654, 656, 659, 667, 669, 685, 701, 726, 729, 737, 777, 779, 782, 783, 787, 790, 791, 809, 817, 819, 830, 833, 834, 836, 845, 856, 857, 860, 862, 875, 880, 887, 888, 899, 900, 914, 918, 921, 928, 929, 930]","[12, 24, 25, 28, 88, 100, 104, 119, 123, 129, 136, 137, 139, 140, 141, 148, 155, 169, 172, 179, 183, 185, 188, 196, 198, 217, 237, 267, 270, 278, 319, 321, 324, 325, 330, 334, 335, 354, 366, 369, 380, 383, 384, 386, 395, 407, 411, 423, 428, 436, 437, 452, 453, 456, 467, 471, 477, 478, 479, 497, 508, 511, 559, 571, 575, 590, 594, 600, 607, 608, 610, 611, 612, 619, 627, 640, 643, 650, 654, 656, 659, 667, 669, 685, 701, 726, 729, 737, 777, 779, 782, 783, 787, 790, 791, 809, 817, 819, 830, 833, 834, 836, 845, 856, 857, 860, 862, 875, 880, 887, 888, 899, 900, 914, 918, 921, 928, 929, 930]","[515, 12, 24, 537, 25, 28, 34, 551, 559, 571, 63, 575, 590, 79, 81, 594, 88, 600, 607, 608, 610, 611, 100, 612, 104, 619, 627, 119, 123, 640, 129, 643, 136, 137, 650, 139, 140, 141, 654, 656, 659, 148, 155, 667, 669, 169, 172, 685, 179, 183, 185, 188, 701, 196, 198, 726, 217, 729, 737, 237, 777, 267, 779, 270, 782, 783, 787, 278, 790, 791, 809, 817, 819, 830, 319, 321, 833, 834, 324, 325, 836, 330, 845, 334, 335, 856, 857, 860, 862, 354, 875, 366, 880, 369, 887, 888, 380, 383, 384, 386, 899, 900, 395, 914, 918, 407, 921, 411, 928, 929, 930, 423, 428, 436, 437, 452, 453, 456, 467, 471, 477, 478, 479, 497, 508, 511]",False,[],[],"[34, 63, 79, 81, 515, 537, 551]",[],[],"[12, 24, 25, 28, 88, 100, 104, 119, 123, 129, 136, 137, 139, 140, 141, 148, 155, 169, 172, 179, 183, 185, 188, 196, 198, 217, 237, 267, 270, 278, 319, 321, 324, 325, 330, 334, 335, 354, 366, 369, 380, 383, 384, 386, 395, 407, 411, 423, 428, 436, 437, 452, 453, 456, 467, 471, 477, 478, 479, 497, 508, 511, 559, 571, 575, 590, 594, 600, 607, 608, 610, 611, 612, 619, 627, 640, 643, 650, 654, 656, 659, 667, 669, 685, 701, 726, 729, 737, 777, 779, 782, 783, 787, 790, 791, 809, 817, 819, 830, 833, 834, 836, 845, 856, 857, 860, 862, 875, 880, 887, 888, 899, 900, 914, 918, 921, 928, 929, 930]","[12, 24, 25, 28, 88, 100, 104, 119, 123, 129, 136, 137, 139, 140, 141, 148, 155, 169, 172, 179, 183, 185, 188, 196, 198, 217, 237, 267, 270, 278, 319, 321, 324, 325, 330, 334, 335, 354, 366, 369, 380, 383, 384, 386, 395, 407, 411, 423, 428, 436, 437, 452, 453, 456, 467, 471, 477, 478, 479, 497, 508, 511, 559, 571, 575, 590, 594, 600, 607, 608, 610, 611, 612, 619, 627, 640, 643, 650, 654, 656, 659, 667, 669, 685, 701, 726, 729, 737, 777, 779, 782, 783, 787, 790, 791, 809, 817, 819, 830, 833, 834, 836, 845, 856, 857, 860, 862, 875, 880, 887, 888, 899, 900, 914, 918, 921, 928, 929, 930]",0/6 successful match,False,,False,413,False,,1.0,True,C & M Country Store ( Chevron ),Chevron
"LaGrande , 97850",541-963-3432 Flying I-84 Exit J Travel 265 Plaza # 0010120 ( Shell ),,LaGrande,97850,,541-963-3432,2006,La Grande,OR,,( Shell ),Flying I-84 Exit J Travel 265 Plaza # 0010120 ,Exit,,True,unclear address_standardized_OFF_parenthesis,True,I-84,,,,,[],[],"[34, 63, 79, 81, 515, 537, 551]",[],[],"[402, 416, 422, 423, 465, 851, 867, 874, 875, 912]",[],[],"[416, 34, 515, 867, 422, 551, 423, 874, 875, 79, 912, 81, 402, 465, 851, 537, 63]",False,[],[],"[34, 63, 79, 81, 515, 537, 551]",[],"[402, 416, 422, 423, 465, 851, 867, 874, 875, 912]",[],[],0/6 successful match,False,,False,414,False,,,,,
"LaGrande , 97850 Flying J Travel Plaza # 0010120",541-963-3432 I-84 Exit 265,,LaGrande,97850,Flying J Travel Plaza # 0010120,541-963-3432,2007,La Grande,OR,Flying J,,I-84 Exit 265,Exit,265,False,,False,I-84,,,,,[],[],"[34, 63, 79, 81, 515, 537, 551]",[],[],"[402, 416, 422, 423, 465, 851, 867, 874, 875, 912]","[17, 18, 19, 20, 21, 22, 23, 156, 157, 158, 159, 160, 161, 162, 163, 164, 165, 166, 167, 341, 342, 343, 344, 345, 412, 413, 414, 415, 416, 417, 418, 419, 420, 421, 422, 502, 503, 504, 505, 506, 507, 628, 629, 630, 631, 632, 633, 634, 635, 636, 637, 638, 639, 792, 797, 798, 799, 800, 801, 863, 864, 865, 866, 867, 868, 869, 870, 871, 872, 873, 874]","[17, 18, 19, 20, 21, 22, 23, 156, 157, 158, 159, 160, 161, 162, 163, 164, 165, 166, 167, 168, 340, 341, 342, 343, 344, 345, 346, 412, 413, 414, 415, 416, 417, 418, 419, 420, 421, 422, 502, 503, 504, 505, 506, 507, 628, 629, 630, 631, 632, 633, 634, 635, 636, 637, 638, 639, 792, 796, 797, 798, 799, 800, 801, 863, 864, 865, 866, 867, 868, 869, 870, 871, 872, 873, 874]","[515, 17, 18, 19, 20, 21, 22, 23, 537, 34, 551, 63, 79, 81, 628, 629, 630, 631, 632, 633, 634, 635, 636, 637, 638, 639, 156, 157, 158, 159, 160, 161, 162, 163, 164, 165, 166, 167, 168, 792, 796, 797, 798, 799, 800, 801, 851, 340, 341, 342, 343, 344, 345, 346, 863, 864, 865, 866, 867, 868, 869, 870, 871, 872, 873, 874, 875, 912, 402, 412, 413, 414, 415, 416, 417, 418, 419, 420, 421, 422, 423, 465, 502, 503, 504, 505, 506, 507]",False,[],[],"[34, 63, 79, 81, 515, 537, 551]",[],"[402, 416, 422, 423, 465, 851, 867, 874, 875, 912]","[17, 18, 19, 20, 21, 22, 23, 156, 157, 158, 159, 160, 161, 162, 163, 164, 165, 166, 167, 168, 340, 341, 342, 343, 344, 345, 346, 412, 413, 414, 415, 416, 417, 418, 419, 420, 421, 422, 502, 503, 504, 505, 506, 507, 628, 629, 630, 631, 632, 633, 634, 635, 636, 637, 638, 639, 792, 796, 797, 798, 799, 800, 801, 863, 864, 865, 866, 867, 868, 869, 870, 871, 872, 873, 874]","[17, 18, 19, 20, 21, 22, 23, 156, 157, 158, 159, 160, 161, 162, 163, 164, 165, 166, 167, 341, 342, 343, 344, 345, 412, 413, 414, 415, 416, 417, 418, 419, 420, 421, 422, 502, 503, 504, 505, 506, 507, 628, 629, 630, 631, 632, 633, 634, 635, 636, 637, 638, 639, 792, 797, 798, 799, 800, 801, 863, 864, 865, 866, 867, 868, 869, 870, 871, 872, 873, 874]",0/6 successful match,False,,False,414,True,2007,0.0,True,,
"LaGrande , 97850 Flying J Travel Plaza # 0510120",541-963-3432 I-84 Exit 265,M <U+2610> 24,LaGrande,97850,Flying J Travel Plaza # 0510120,541-963-3432,2008,La Grande,OR,Flying J,,I-84 Exit 265,Exit,265,False,,False,I-84,,,,,[],[],"[34, 63, 79, 81, 515, 537, 551]",[],[],"[402, 416, 422, 423, 465, 851, 867, 874, 875, 912]","[17, 18, 19, 20, 21, 22, 23, 156, 157, 158, 159, 160, 161, 162, 163, 164, 165, 166, 167, 341, 342, 343, 344, 345, 412, 413, 414, 415, 416, 417, 418, 419, 420, 421, 422, 502, 503, 504, 505, 506, 507, 628, 629, 630, 631, 632, 633, 634, 635, 636, 637, 638, 639, 792, 797, 798, 799, 800, 801, 863, 864, 865, 866, 867, 868, 869, 870, 871, 872, 873, 874]","[17, 18, 19, 20, 21, 22, 23, 156, 157, 158, 159, 160, 161, 162, 163, 164, 165, 166, 167, 168, 340, 341, 342, 343, 344, 345, 346, 412, 413, 414, 415, 416, 417, 418, 419, 420, 421, 422, 502, 503, 504, 505, 506, 507, 628, 629, 630, 631, 632, 633, 634, 635, 636, 637, 638, 639, 792, 796, 797, 798, 799, 800, 801, 863, 864, 865, 866, 867, 868, 869, 870, 871, 872, 873, 874]","[515, 17, 18, 19, 20, 21, 22, 23, 537, 34, 551, 63, 79, 81, 628, 629, 630, 631, 632, 633, 634, 635, 636, 637, 638, 639, 156, 157, 158, 159, 160, 161, 162, 163, 164, 165, 166, 167, 168, 792, 796, 797, 798, 799, 800, 801, 851, 340, 341, 342, 343, 344, 345, 346, 863, 864, 865, 866, 867, 868, 869, 870, 871, 872, 873, 874, 875, 912, 402, 412, 413, 414, 415, 416, 417, 418, 419, 420, 421, 422, 423, 465, 502, 503, 504, 505, 506, 507]",False,[],[],"[34, 63, 79, 81, 515, 537, 551]",[],"[402, 416, 422, 423, 465, 851, 867, 874, 875, 912]","[17, 18, 19, 20, 21, 22, 23, 156, 157, 158, 159, 160, 161, 162, 163, 164, 165, 166, 167, 168, 340, 341, 342, 343, 344, 345, 346, 412, 413, 414, 415, 416, 417, 418, 419, 420, 421, 422, 502, 503, 504, 505, 506, 507, 628, 629, 630, 631, 632, 633, 634, 635, 636, 637, 638, 639, 792, 796, 797, 798, 799, 800, 801, 863, 864, 865, 866, 867, 868, 869, 870, 871, 872, 873, 874]","[17, 18, 19, 20, 21, 22, 23, 156, 157, 158, 159, 160, 161, 162, 163, 164, 165, 166, 167, 341, 342, 343, 344, 345, 412, 413, 414, 415, 416, 417, 418, 419, 420, 421, 422, 502, 503, 504, 505, 506, 507, 628, 629, 630, 631, 632, 633, 634, 635, 636, 637, 638, 639, 792, 797, 798, 799, 800, 801, 863, 864, 865, 866, 867, 868, 869, 870, 871, 872, 873, 874]",0/6 successful match,False,,False,414,False,,0.6236559139784947,True,Flying J Travel Plaza # 0010120,Flying J
LaGrande ( 97850 ) Flying J Travel ( SW Plaza to 2112 # 934 OR ( Shell 82 ) ),7 541-963-3432 I-84 Exit 265,24 M,LaGrande,97850,Flying J Travel ( SW Plaza to 2112 # 934 OR ( Shell 82 ) ),541-963-3432,2014,La Grande,OR,Flying J,,I-84 Exit 265,Exit,265,False,,False,I-84,,,,,[],[],"[34, 63, 79, 81, 515, 537, 551]",[],[],"[402, 416, 422, 423, 465, 851, 867, 874, 875, 912]","[17, 18, 19, 20, 21, 22, 23, 156, 157, 158, 159, 160, 161, 162, 163, 164, 165, 166, 167, 341, 342, 343, 344, 345, 412, 413, 414, 415, 416, 417, 418, 419, 420, 421, 422, 502, 503, 504, 505, 506, 507, 628, 629, 630, 631, 632, 633, 634, 635, 636, 637, 638, 639, 792, 797, 798, 799, 800, 801, 863, 864, 865, 866, 867, 868, 869, 870, 871, 872, 873, 874]","[1, 13, 14, 17, 18, 19, 20, 21, 22, 23, 29, 54, 55, 56, 57, 58, 60, 102, 118, 125, 127, 130, 134, 146, 149, 153, 156, 157, 158, 159, 160, 161, 162, 163, 164, 165, 166, 167, 168, 175, 182, 187, 189, 191, 197, 225, 230, 238, 264, 265, 266, 286, 302, 317, 336, 340, 341, 342, 343, 344, 345, 346, 354, 379, 388, 389, 412, 413, 414, 415, 416, 417, 418, 419, 420, 421, 422, 425, 454, 458, 463, 475, 487, 498, 499, 502, 503, 504, 505, 506, 507, 512, 530, 531, 532, 533, 534, 536, 573, 589, 596, 598, 601, 605, 617, 620, 624, 628, 629, 630, 631, 632, 633, 634, 635, 636, 637, 638, 639, 646, 653, 658, 660, 662, 668, 689, 694, 702, 724, 725, 745, 760, 775, 792, 793, 796, 797, 798, 799, 800, 801, 809, 829, 838, 839, 863, 864, 865, 866, 867, 868, 869, 870, 871, 872, 873, 874, 877, 901, 903, 905, 910, 923]","[512, 1, 515, 13, 14, 17, 18, 19, 20, 21, 22, 23, 530, 537, 531, 532, 533, 29, 534, 536, 34, 551, 54, 55, 56, 57, 58, 60, 573, 63, 589, 79, 81, 118, 596, 598, 601, 605, 102, 617, 620, 624, 628, 629, 630, 631, 632, 633, 634, 635, 636, 637, 638, 639, 125, 127, 130, 134, 646, 653, 146, 658, 660, 149, 662, 153, 156, 157, 158, 159, 160, 161, 162, 163, 164, 165, 166, 167, 168, 175, 689, 182, 694, 187, 189, 702, 191, 197, 724, 725, 225, 230, 745, 238, 354, 760, 775, 264, 265, 266, 792, 793, 796, 797, 798, 799, 800, 801, 286, 668, 809, 302, 317, 829, 838, 839, 336, 851, 340, 341, 342, 343, 344, 345, 346, 863, 864, 865, 866, 867, 868, 869, 870, 871, 872, 873, 874, 875, 877, 379, 388, 389, 901, 903, 905, 910, 912, 402, 923, 412, 413, 414, 415, 416, 417, 418, 419, 420, 421, 422, 423, 425, 454, 458, 463, 465, 475, 487, 498, 499, 502, 503, 504, 505, 506, 507]",False,[],[],"[34, 63, 79, 81, 515, 537, 551]",[],"[402, 416, 422, 423, 465, 851, 867, 874, 875, 912]","[1, 13, 14, 17, 18, 19, 20, 21, 22, 23, 29, 54, 55, 56, 57, 58, 60, 102, 118, 125, 127, 130, 134, 146, 149, 153, 156, 157, 158, 159, 160, 161, 162, 163, 164, 165, 166, 167, 168, 175, 182, 187, 189, 191, 197, 225, 230, 238, 264, 265, 266, 286, 302, 317, 336, 340, 341, 342, 343, 344, 345, 346, 354, 379, 388, 389, 412, 413, 414, 415, 416, 417, 418, 419, 420, 421, 422, 425, 454, 458, 463, 475, 487, 498, 499, 502, 503, 504, 505, 506, 507, 512, 530, 531, 532, 533, 534, 536, 573, 589, 596, 598, 601, 605, 617, 620, 624, 628, 629, 630, 631, 632, 633, 634, 635, 636, 637, 638, 639, 646, 653, 658, 660, 662, 668, 689, 694, 702, 724, 725, 745, 760, 775, 792, 793, 796, 797, 798, 799, 800, 801, 809, 829, 838, 839, 863, 864, 865, 866, 867, 868, 869, 870, 871, 872, 873, 874, 877, 901, 903, 905, 910, 923]","[17, 18, 19, 20, 21, 22, 23, 156, 157, 158, 159, 160, 161, 162, 163, 164, 165, 166, 167, 341, 342, 343, 344, 345, 412, 413, 414, 415, 416, 417, 418, 419, 420, 421, 422, 502, 503, 504, 505, 506, 507, 628, 629, 630, 631, 632, 633, 634, 635, 636, 637, 638, 639, 792, 797, 798, 799, 800, 801, 863, 864, 865, 866, 867, 868, 869, 870, 871, 872, 873, 874]",0/6 successful match,False,,False,414,False,,0.4552808988764045,True,Flying J Travel Plaza # 0510120,Flying J
B LaGrande ( 97850 ) Flying J Travel Plaza # 934 ( Shell ),541-963-3432 I-84 Exit 265 FLYING,FLYING J 24 MO <U+2610> <U+2610> <U+25A1>,LaGrande,97850,Flying J Travel Plaza # 934 ( Shell ),541-963-3432,2015,La Grande,OR,Flying J,,I-84 Exit 265 FLYING,Exit,265,False,,False,I-84,,,,,[],[],"[34, 63, 79, 81, 515, 537, 551]",[],[],"[402, 416, 422, 423, 465, 851, 867, 874, 875, 912]","[17, 18, 19, 20, 21, 22, 23, 156, 157, 158, 159, 160, 161, 162, 163, 164, 165, 166, 167, 341, 342, 343, 344, 345, 412, 413, 414, 415, 416, 417, 418, 419, 420, 421, 422, 502, 503, 504, 505, 506, 507, 628, 629, 630, 631, 632, 633, 634, 635, 636, 637, 638, 639, 792, 797, 798, 799, 800, 801, 863, 864, 865, 866, 867, 868, 869, 870, 871, 872, 873, 874]","[1, 13, 14, 17, 18, 19, 20, 21, 22, 23, 29, 54, 55, 56, 57, 58, 60, 102, 118, 125, 127, 130, 134, 146, 149, 153, 156, 157, 158, 159, 160, 161, 162, 163, 164, 165, 166, 167, 168, 175, 182, 187, 189, 191, 197, 225, 230, 238, 264, 265, 266, 286, 302, 317, 336, 340, 341, 342, 343, 344, 345, 346, 354, 379, 388, 389, 412, 413, 414, 415, 416, 417, 418, 419, 420, 421, 422, 425, 454, 458, 463, 475, 487, 498, 499, 502, 503, 504, 505, 506, 507, 512, 530, 531, 532, 533, 534, 536, 573, 589, 596, 598, 601, 605, 617, 620, 624, 628, 629, 630, 631, 632, 633, 634, 635, 636, 637, 638, 639, 646, 653, 658, 660, 662, 668, 689, 694, 702, 724, 725, 745, 760, 775, 792, 793, 796, 797, 798, 799, 800, 801, 809, 829, 838, 839, 863, 864, 865, 866, 867, 868, 869, 870, 871, 872, 873, 874, 877, 901, 903, 905, 910, 923]","[512, 1, 515, 13, 14, 17, 18, 19, 20, 21, 22, 23, 530, 537, 531, 532, 533, 29, 534, 536, 34, 551, 54, 55, 56, 57, 58, 60, 573, 63, 589, 79, 81, 118, 596, 598, 601, 605, 102, 617, 620, 624, 628, 629, 630, 631, 632, 633, 634, 635, 636, 637, 638, 639, 125, 127, 130, 134, 646, 653, 146, 658, 660, 149, 662, 153, 156, 157, 158, 159, 160, 161, 162, 163, 164, 165, 166, 167, 168, 175, 689, 182, 694, 187, 189, 702, 191, 197, 724, 725, 225, 230, 745, 238, 354, 760, 775, 264, 265, 266, 792, 793, 796, 797, 798, 799, 800, 801, 286, 668, 809, 302, 317, 829, 838, 839, 336, 851, 340, 341, 342, 343, 344, 345, 346, 863, 864, 865, 866, 867, 868, 869, 870, 871, 872, 873, 874, 875, 877, 379, 388, 389, 901, 903, 905, 910, 912, 402, 923, 412, 413, 414, 415, 416, 417, 418, 419, 420, 421, 422, 423, 425, 454, 458, 463, 465, 475, 487, 498, 499, 502, 503, 504, 505, 506, 507]",False,[],[],"[34, 63, 79, 81, 515, 537, 551]",[],"[402, 416, 422, 423, 465, 851, 867, 874, 875, 912]","[1, 13, 14, 17, 18, 19, 20, 21, 22, 23, 29, 54, 55, 56, 57, 58, 60, 102, 118, 125, 127, 130, 134, 146, 149, 153, 156, 157, 158, 159, 160, 161, 162, 163, 164, 165, 166, 167, 168, 175, 182, 187, 189, 191, 197, 225, 230, 238, 264, 265, 266, 286, 302, 317, 336, 340, 341, 342, 343, 344, 345, 346, 354, 379, 388, 389, 412, 413, 414, 415, 416, 417, 418, 419, 420, 421, 422, 425, 454, 458, 463, 475, 487, 498, 499, 502, 503, 504, 505, 506, 507, 512, 530, 531, 532, 533, 534, 536, 573, 589, 596, 598, 601, 605, 617, 620, 624, 628, 629, 630, 631, 632, 633, 634, 635, 636, 637, 638, 639, 646, 653, 658, 660, 662, 668, 689, 694, 702, 724, 725, 745, 760, 775, 792, 793, 796, 797, 798, 799, 800, 801, 809, 829, 838, 839, 863, 864, 865, 866, 867, 868, 869, 870, 871, 872, 873, 874, 877, 901, 903, 905, 910, 923]","[17, 18, 19, 20, 21, 22, 23, 156, 157, 158, 159, 160, 161, 162, 163, 164, 165, 166, 167, 341, 342, 343, 344, 345, 412, 413, 414, 415, 416, 417, 418, 419, 420, 421, 422, 502, 503, 504, 505, 506, 507, 628, 629, 630, 631, 632, 633, 634, 635, 636, 637, 638, 639, 792, 797, 798, 799, 800, 801, 863, 864, 865, 866, 867, 868, 869, 870, 871, 872, 873, 874]",0/6 successful match,False,,False,414,False,,1.0,True,Flying J Travel ( SW Plaza to 2112 # 934 OR ( Shell 82 ) ),Flying J
B LaGrande ( 97850 ) Flying J Travel Plaza # 934 ( Shell ),541-963-3432 I-84 Exit 265,MOO 24,LaGrande,97850,Flying J Travel Plaza # 934 ( Shell ),541-963-3432,2016,La Grande,OR,Flying J,,I-84 Exit 265,Exit,265,False,,False,I-84,,,,,[],[],"[34, 63, 79, 81, 515, 537, 551]",[],[],"[402, 416, 422, 423, 465, 851, 867, 874, 875, 912]","[17, 18, 19, 20, 21, 22, 23, 156, 157, 158, 159, 160, 161, 162, 163, 164, 165, 166, 167, 341, 342, 343, 344, 345, 412, 413, 414, 415, 416, 417, 418, 419, 420, 421, 422, 502, 503, 504, 505, 506, 507, 628, 629, 630, 631, 632, 633, 634, 635, 636, 637, 638, 639, 792, 797, 798, 799, 800, 801, 863, 864, 865, 866, 867, 868, 869, 870, 871, 872, 873, 874]","[1, 13, 14, 17, 18, 19, 20, 21, 22, 23, 29, 54, 55, 56, 57, 58, 60, 102, 118, 125, 127, 130, 134, 146, 149, 153, 156, 157, 158, 159, 160, 161, 162, 163, 164, 165, 166, 167, 168, 175, 182, 187, 189, 191, 197, 225, 230, 238, 264, 265, 266, 286, 302, 317, 336, 340, 341, 342, 343, 344, 345, 346, 354, 379, 388, 389, 412, 413, 414, 415, 416, 417, 418, 419, 420, 421, 422, 425, 454, 458, 463, 475, 487, 498, 499, 502, 503, 504, 505, 506, 507, 512, 530, 531, 532, 533, 534, 536, 573, 589, 596, 598, 601, 605, 617, 620, 624, 628, 629, 630, 631, 632, 633, 634, 635, 636, 637, 638, 639, 646, 653, 658, 660, 662, 668, 689, 694, 702, 724, 725, 745, 760, 775, 792, 793, 796, 797, 798, 799, 800, 801, 809, 829, 838, 839, 863, 864, 865, 866, 867, 868, 869, 870, 871, 872, 873, 874, 877, 901, 903, 905, 910, 923]","[512, 1, 515, 13, 14, 17, 18, 19, 20, 21, 22, 23, 530, 537, 531, 532, 533, 29, 534, 536, 34, 551, 54, 55, 56, 57, 58, 60, 573, 63, 589, 79, 81, 118, 596, 598, 601, 605, 102, 617, 620, 624, 628, 629, 630, 631, 632, 633, 634, 635, 636, 637, 638, 639, 125, 127, 130, 134, 646, 653, 146, 658, 660, 149, 662, 153, 156, 157, 158, 159, 160, 161, 162, 163, 164, 165, 166, 167, 168, 175, 689, 182, 694, 187, 189, 702, 191, 197, 724, 725, 225, 230, 745, 238, 354, 760, 775, 264, 265, 266, 792, 793, 796, 797, 798, 799, 800, 801, 286, 668, 809, 302, 317, 829, 838, 839, 336, 851, 340, 341, 342, 343, 344, 345, 346, 863, 864, 865, 866, 867, 868, 869, 870, 871, 872, 873, 874, 875, 877, 379, 388, 389, 901, 903, 905, 910, 912, 402, 923, 412, 413, 414, 415, 416, 417, 418, 419, 420, 421, 422, 423, 425, 454, 458, 463, 465, 475, 487, 498, 499, 502, 503, 504, 505, 506, 507]",False,[],[],"[34, 63, 79, 81, 515, 537, 551]",[],"[402, 416, 422, 423, 465, 851, 867, 874, 875, 912]","[1, 13, 14, 17, 18, 19, 20, 21, 22, 23, 29, 54, 55, 56, 57, 58, 60, 102, 118, 125, 127, 130, 134, 146, 149, 153, 156, 157, 158, 159, 160, 161, 162, 163, 164, 165, 166, 167, 168, 175, 182, 187, 189, 191, 197, 225, 230, 238, 264, 265, 266, 286, 302, 317, 336, 340, 341, 342, 343, 344, 345, 346, 354, 379, 388, 389, 412, 413, 414, 415, 416, 417, 418, 419, 420, 421, 422, 425, 454, 458, 463, 475, 487, 498, 499, 502, 503, 504, 505, 506, 507, 512, 530, 531, 532, 533, 534, 536, 573, 589, 596, 598, 601, 605, 617, 620, 624, 628, 629, 630, 631, 632, 633, 634, 635, 636, 637, 638, 639, 646, 653, 658, 660, 662, 668, 689, 694, 702, 724, 725, 745, 760, 775, 792, 793, 796, 797, 798, 799, 800, 801, 809, 829, 838, 839, 863, 864, 865, 866, 867, 868, 869, 870, 871, 872, 873, 874, 877, 901, 903, 905, 910, 923]","[17, 18, 19, 20, 21, 22, 23, 156, 157, 158, 159, 160, 161, 162, 163, 164, 165, 166, 167, 341, 342, 343, 344, 345, 412, 413, 414, 415, 416, 417, 418, 419, 420, 421, 422, 502, 503, 504, 505, 506, 507, 628, 629, 630, 631, 632, 633, 634, 635, 636, 637, 638, 639, 792, 797, 798, 799, 800, 801, 863, 864, 865, 866, 867, 868, 869, 870, 871, 872, 873, 874]",0/6 successful match,False,,False,414,False,,1.0,True,Flying J Travel Plaza # 934 ( Shell ),Flying J
"LaGrande , 97850 Gem Stop ( Chevron )",541-963-5221 I-84 Exit 261 ( NE to 2706 OR 82 ),,LaGrande,97850,Gem Stop ( Chevron ),541-963-5221,2006,La Grande,OR,Chevron,( NE to 2706 OR 82 ),I-84 Exit 261 ,Exit,261,False,,False,I-84,,,,,[],[],"[34, 63, 79, 81, 515, 537, 551]","[418, 870]",[],"[402, 416, 422, 423, 465, 851, 867, 874, 875, 912]","[12, 24, 25, 28, 88, 100, 104, 119, 123, 129, 136, 137, 139, 140, 141, 148, 155, 169, 172, 179, 183, 185, 188, 196, 198, 217, 237, 267, 270, 278, 319, 321, 324, 325, 330, 334, 335, 354, 366, 369, 380, 383, 384, 386, 395, 407, 411, 423, 428, 436, 437, 452, 453, 456, 467, 471, 477, 478, 479, 497, 508, 511, 559, 571, 575, 590, 594, 600, 607, 608, 610, 611, 612, 619, 627, 640, 643, 650, 654, 656, 659, 667, 669, 685, 701, 726, 729, 737, 777, 779, 782, 783, 787, 790, 791, 809, 817, 819, 830, 833, 834, 836, 845, 856, 857, 860, 862, 875, 880, 887, 888, 899, 900, 914, 918, 921, 928, 929, 930]","[12, 24, 25, 28, 88, 100, 104, 119, 123, 129, 136, 137, 139, 140, 141, 148, 155, 169, 172, 179, 183, 185, 188, 196, 198, 217, 237, 267, 270, 278, 319, 321, 324, 325, 330, 334, 335, 354, 366, 369, 380, 383, 384, 386, 395, 407, 411, 423, 428, 436, 437, 452, 453, 456, 467, 471, 477, 478, 479, 497, 508, 511, 559, 571, 575, 590, 594, 600, 607, 608, 610, 611, 612, 619, 627, 640, 643, 650, 654, 656, 659, 667, 669, 685, 701, 726, 729, 737, 777, 779, 782, 783, 787, 790, 791, 809, 817, 819, 830, 833, 834, 836, 845, 856, 857, 860, 862, 875, 880, 887, 888, 899, 900, 914, 918, 921, 928, 929, 930]","[515, 12, 24, 537, 25, 28, 34, 551, 559, 571, 63, 575, 590, 79, 81, 594, 88, 600, 607, 608, 610, 611, 100, 612, 104, 619, 627, 119, 123, 640, 129, 643, 136, 137, 650, 139, 140, 141, 654, 656, 659, 148, 155, 667, 669, 169, 172, 685, 179, 183, 185, 188, 701, 196, 198, 726, 217, 729, 737, 237, 777, 267, 779, 270, 782, 783, 787, 278, 790, 791, 809, 817, 819, 830, 319, 321, 833, 834, 324, 325, 836, 330, 845, 334, 335, 851, 856, 857, 860, 862, 354, 867, 870, 874, 875, 366, 880, 369, 887, 888, 380, 383, 384, 386, 899, 900, 395, 912, 402, 914, 918, 407, 921, 411, 416, 928, 418, 929, 930, 422, 423, 428, 436, 437, 452, 453, 456, 465, 467, 471, 477, 478, 479, 497, 508, 511]",False,[],[],"[34, 63, 79, 81, 515, 537, 551]","[418, 870]","[402, 416, 422, 423, 465, 851, 867, 874, 875, 912]","[12, 24, 25, 28, 88, 100, 104, 119, 123, 129, 136, 137, 139, 140, 141, 148, 155, 169, 172, 179, 183, 185, 188, 196, 198, 217, 237, 267, 270, 278, 319, 321, 324, 325, 330, 334, 335, 354, 366, 369, 380, 383, 384, 386, 395, 407, 411, 423, 428, 436, 437, 452, 453, 456, 467, 471, 477, 478, 479, 497, 508, 511, 559, 571, 575, 590, 594, 600, 607, 608, 610, 611, 612, 619, 627, 640, 643, 650, 654, 656, 659, 667, 669, 685, 701, 726, 729, 737, 777, 779, 782, 783, 787, 790, 791, 809, 817, 819, 830, 833, 834, 836, 845, 856, 857, 860, 862, 875, 880, 887, 888, 899, 900, 914, 918, 921, 928, 929, 930]","[12, 24, 25, 28, 88, 100, 104, 119, 123, 129, 136, 137, 139, 140, 141, 148, 155, 169, 172, 179, 183, 185, 188, 196, 198, 217, 237, 267, 270, 278, 319, 321, 324, 325, 330, 334, 335, 354, 366, 369, 380, 383, 384, 386, 395, 407, 411, 423, 428, 436, 437, 452, 453, 456, 467, 471, 477, 478, 479, 497, 508, 511, 559, 571, 575, 590, 594, 600, 607, 608, 610, 611, 612, 619, 627, 640, 643, 650, 654, 656, 659, 667, 669, 685, 701, 726, 729, 737, 777, 779, 782, 783, 787, 790, 791, 809, 817, 819, 830, 833, 834, 836, 845, 856, 857, 860, 862, 875, 880, 887, 888, 899, 900, 914, 918, 921, 928, 929, 930]",0/6 successful match,False,,False,415,False,,,,,
"LaGrande , 97850 Gem Stop ( Chevron )",541-963-5221 I-84 Exit 261 ( NE to 2706 OR 82 ),,LaGrande,97850,Gem Stop ( Chevron ),541-963-5221,2007,La Grande,OR,Chevron,( NE to 2706 OR 82 ),I-84 Exit 261 ,Exit,261,False,,False,I-84,,,,,[],[],"[34, 63, 79, 81, 515, 537, 551]","[418, 870]",[],"[402, 416, 422, 423, 465, 851, 867, 874, 875, 912]","[12, 24, 25, 28, 88, 100, 104, 119, 123, 129, 136, 137, 139, 140, 141, 148, 155, 169, 172, 179, 183, 185, 188, 196, 198, 217, 237, 267, 270, 278, 319, 321, 324, 325, 330, 334, 335, 354, 366, 369, 380, 383, 384, 386, 395, 407, 411, 423, 428, 436, 437, 452, 453, 456, 467, 471, 477, 478, 479, 497, 508, 511, 559, 571, 575, 590, 594, 600, 607, 608, 610, 611, 612, 619, 627, 640, 643, 650, 654, 656, 659, 667, 669, 685, 701, 726, 729, 737, 777, 779, 782, 783, 787, 790, 791, 809, 817, 819, 830, 833, 834, 836, 845, 856, 857, 860, 862, 875, 880, 887, 888, 899, 900, 914, 918, 921, 928, 929, 930]","[12, 24, 25, 28, 88, 100, 104, 119, 123, 129, 136, 137, 139, 140, 141, 148, 155, 169, 172, 179, 183, 185, 188, 196, 198, 217, 237, 267, 270, 278, 319, 321, 324, 325, 330, 334, 335, 354, 366, 369, 380, 383, 384, 386, 395, 407, 411, 423, 428, 436, 437, 452, 453, 456, 467, 471, 477, 478, 479, 497, 508, 511, 559, 571, 575, 590, 594, 600, 607, 608, 610, 611, 612, 619, 627, 640, 643, 650, 654, 656, 659, 667, 669, 685, 701, 726, 729, 737, 777, 779, 782, 783, 787, 790, 791, 809, 817, 819, 830, 833, 834, 836, 845, 856, 857, 860, 862, 875, 880, 887, 888, 899, 900, 914, 918, 921, 928, 929, 930]","[515, 12, 24, 537, 25, 28, 34, 551, 559, 571, 63, 575, 590, 79, 81, 594, 88, 600, 607, 608, 610, 611, 100, 612, 104, 619, 627, 119, 123, 640, 129, 643, 136, 137, 650, 139, 140, 141, 654, 656, 659, 148, 155, 667, 669, 169, 172, 685, 179, 183, 185, 188, 701, 196, 198, 726, 217, 729, 737, 237, 777, 267, 779, 270, 782, 783, 787, 278, 790, 791, 809, 817, 819, 830, 319, 321, 833, 834, 324, 325, 836, 330, 845, 334, 335, 851, 856, 857, 860, 862, 354, 867, 870, 874, 875, 366, 880, 369, 887, 888, 380, 383, 384, 386, 899, 900, 395, 912, 402, 914, 918, 407, 921, 411, 416, 928, 418, 929, 930, 422, 423, 428, 436, 437, 452, 453, 456, 465, 467, 471, 477, 478, 479, 497, 508, 511]",False,[],[],"[34, 63, 79, 81, 515, 537, 551]","[418, 870]","[402, 416, 422, 423, 465, 851, 867, 874, 875, 912]","[12, 24, 25, 28, 88, 100, 104, 119, 123, 129, 136, 137, 139, 140, 141, 148, 155, 169, 172, 179, 183, 185, 188, 196, 198, 217, 237, 267, 270, 278, 319, 321, 324, 325, 330, 334, 335, 354, 366, 369, 380, 383, 384, 386, 395, 407, 411, 423, 428, 436, 437, 452, 453, 456, 467, 471, 477, 478, 479, 497, 508, 511, 559, 571, 575, 590, 594, 600, 607, 608, 610, 611, 612, 619, 627, 640, 643, 650, 654, 656, 659, 667, 669, 685, 701, 726, 729, 737, 777, 779, 782, 783, 787, 790, 791, 809, 817, 819, 830, 833, 834, 836, 845, 856, 857, 860, 862, 875, 880, 887, 888, 899, 900, 914, 918, 921, 928, 929, 930]","[12, 24, 25, 28, 88, 100, 104, 119, 123, 129, 136, 137, 139, 140, 141, 148, 155, 169, 172, 179, 183, 185, 188, 196, 198, 217, 237, 267, 270, 278, 319, 321, 324, 325, 330, 334, 335, 354, 366, 369, 380, 383, 384, 386, 395, 407, 411, 423, 428, 436, 437, 452, 453, 456, 467, 471, 477, 478, 479, 497, 508, 511, 559, 571, 575, 590, 594, 600, 607, 608, 610, 611, 612, 619, 627, 640, 643, 650, 654, 656, 659, 667, 669, 685, 701, 726, 729, 737, 777, 779, 782, 783, 787, 790, 791, 809, 817, 819, 830, 833, 834, 836, 845, 856, 857, 860, 862, 875, 880, 887, 888, 899, 900, 914, 918, 921, 928, 929, 930]",0/6 successful match,False,,False,415,False,,1.0,True,Gem Stop ( Chevron ),Chevron
"B LaGrande , 97850 Gem Stop ( Chevron )",541-963-5221 I-84 Exit 261 ( NE to 2706 OR 82 ),24 <U+2610> <U+25A1> <U+25A1>,LaGrande,97850,Gem Stop ( Chevron ),541-963-5221,2008,La Grande,OR,Chevron,( NE to 2706 OR 82 ),I-84 Exit 261 ,Exit,261,False,,False,I-84,,,,,[],[],"[34, 63, 79, 81, 515, 537, 551]","[418, 870]",[],"[402, 416, 422, 423, 465, 851, 867, 874, 875, 912]","[12, 24, 25, 28, 88, 100, 104, 119, 123, 129, 136, 137, 139, 140, 141, 148, 155, 169, 172, 179, 183, 185, 188, 196, 198, 217, 237, 267, 270, 278, 319, 321, 324, 325, 330, 334, 335, 354, 366, 369, 380, 383, 384, 386, 395, 407, 411, 423, 428, 436, 437, 452, 453, 456, 467, 471, 477, 478, 479, 497, 508, 511, 559, 571, 575, 590, 594, 600, 607, 608, 610, 611, 612, 619, 627, 640, 643, 650, 654, 656, 659, 667, 669, 685, 701, 726, 729, 737, 777, 779, 782, 783, 787, 790, 791, 809, 817, 819, 830, 833, 834, 836, 845, 856, 857, 860, 862, 875, 880, 887, 888, 899, 900, 914, 918, 921, 928, 929, 930]","[12, 24, 25, 28, 88, 100, 104, 119, 123, 129, 136, 137, 139, 140, 141, 148, 155, 169, 172, 179, 183, 185, 188, 196, 198, 217, 237, 267, 270, 278, 319, 321, 324, 325, 330, 334, 335, 354, 366, 369, 380, 383, 384, 386, 395, 407, 411, 423, 428, 436, 437, 452, 453, 456, 467, 471, 477, 478, 479, 497, 508, 511, 559, 571, 575, 590, 594, 600, 607, 608, 610, 611, 612, 619, 627, 640, 643, 650, 654, 656, 659, 667, 669, 685, 701, 726, 729, 737, 777, 779, 782, 783, 787, 790, 791, 809, 817, 819, 830, 833, 834, 836, 845, 856, 857, 860, 862, 875, 880, 887, 888, 899, 900, 914, 918, 921, 928, 929, 930]","[515, 12, 24, 537, 25, 28, 34, 551, 559, 571, 63, 575, 590, 79, 81, 594, 88, 600, 607, 608, 610, 611, 100, 612, 104, 619, 627, 119, 123, 640, 129, 643, 136, 137, 650, 139, 140, 141, 654, 656, 659, 148, 155, 667, 669, 169, 172, 685, 179, 183, 185, 188, 701, 196, 198, 726, 217, 729, 737, 237, 777, 267, 779, 270, 782, 783, 787, 278, 790, 791, 809, 817, 819, 830, 319, 321, 833, 834, 324, 325, 836, 330, 845, 334, 335, 851, 856, 857, 860, 862, 354, 867, 870, 874, 875, 366, 880, 369, 887, 888, 380, 383, 384, 386, 899, 900, 395, 912, 402, 914, 918, 407, 921, 411, 416, 928, 418, 929, 930, 422, 423, 428, 436, 437, 452, 453, 456, 465, 467, 471, 477, 478, 479, 497, 508, 511]",False,[],[],"[34, 63, 79, 81, 515, 537, 551]","[418, 870]","[402, 416, 422, 423, 465, 851, 867, 874, 875, 912]","[12, 24, 25, 28, 88, 100, 104, 119, 123, 129, 136, 137, 139, 140, 141, 148, 155, 169, 172, 179, 183, 185, 188, 196, 198, 217, 237, 267, 270, 278, 319, 321, 324, 325, 330, 334, 335, 354, 366, 369, 380, 383, 384, 386, 395, 407, 411, 423, 428, 436, 437, 452, 453, 456, 467, 471, 477, 478, 479, 497, 508, 511, 559, 571, 575, 590, 594, 600, 607, 608, 610, 611, 612, 619, 627, 640, 643, 650, 654, 656, 659, 667, 669, 685, 701, 726, 729, 737, 777, 779, 782, 783, 787, 790, 791, 809, 817, 819, 830, 833, 834, 836, 845, 856, 857, 860, 862, 875, 880, 887, 888, 899, 900, 914, 918, 921, 928, 929, 930]","[12, 24, 25, 28, 88, 100, 104, 119, 123, 129, 136, 137, 139, 140, 141, 148, 155, 169, 172, 179, 183, 185, 188, 196, 198, 217, 237, 267, 270, 278, 319, 321, 324, 325, 330, 334, 335, 354, 366, 369, 380, 383, 384, 386, 395, 407, 411, 423, 428, 436, 437, 452, 453, 456, 467, 471, 477, 478, 479, 497, 508, 511, 559, 571, 575, 590, 594, 600, 607, 608, 610, 611, 612, 619, 627, 640, 643, 650, 654, 656, 659, 667, 669, 685, 701, 726, 729, 737, 777, 779, 782, 783, 787, 790, 791, 809, 817, 819, 830, 833, 834, 836, 845, 856, 857, 860, 862, 875, 880, 887, 888, 899, 900, 914, 918, 921, 928, 929, 930]",0/6 successful match,False,,False,415,False,,1.0,True,Gem Stop ( Chevron ),Chevron
B LaGrande ( 97850 ) Gem Stop ( Chevron ),7 541-963-5221 I-84 Exit 261 ( NE to 2706 OR 82 ),24 <U+2610>,LaGrande,97850,Gem Stop ( Chevron ),541-963-5221,2014,La Grande,OR,Chevron,( NE to 2706 OR 82 ),I-84 Exit 261 ,Exit,261,False,,False,I-84,,,,,[],[],"[34, 63, 79, 81, 515, 537, 551]","[418, 870]",[],"[402, 416, 422, 423, 465, 851, 867, 874, 875, 912]","[12, 24, 25, 28, 88, 100, 104, 119, 123, 129, 136, 137, 139, 140, 141, 148, 155, 169, 172, 179, 183, 185, 188, 196, 198, 217, 237, 267, 270, 278, 319, 321, 324, 325, 330, 334, 335, 354, 366, 369, 380, 383, 384, 386, 395, 407, 411, 423, 428, 436, 437, 452, 453, 456, 467, 471, 477, 478, 479, 497, 508, 511, 559, 571, 575, 590, 594, 600, 607, 608, 610, 611, 612, 619, 627, 640, 643, 650, 654, 656, 659, 667, 669, 685, 701, 726, 729, 737, 777, 779, 782, 783, 787, 790, 791, 809, 817, 819, 830, 833, 834, 836, 845, 856, 857, 860, 862, 875, 880, 887, 888, 899, 900, 914, 918, 921, 928, 929, 930]","[12, 24, 25, 28, 88, 100, 104, 119, 123, 129, 136, 137, 139, 140, 141, 148, 155, 169, 172, 179, 183, 185, 188, 196, 198, 217, 237, 267, 270, 278, 319, 321, 324, 325, 330, 334, 335, 354, 366, 369, 380, 383, 384, 386, 395, 407, 411, 423, 428, 436, 437, 452, 453, 456, 467, 471, 477, 478, 479, 497, 508, 511, 559, 571, 575, 590, 594, 600, 607, 608, 610, 611, 612, 619, 627, 640, 643, 650, 654, 656, 659, 667, 669, 685, 701, 726, 729, 737, 777, 779, 782, 783, 787, 790, 791, 809, 817, 819, 830, 833, 834, 836, 845, 856, 857, 860, 862, 875, 880, 887, 888, 899, 900, 914, 918, 921, 928, 929, 930]","[515, 12, 24, 537, 25, 28, 34, 551, 559, 571, 63, 575, 590, 79, 81, 594, 88, 600, 607, 608, 610, 611, 100, 612, 104, 619, 627, 119, 123, 640, 129, 643, 136, 137, 650, 139, 140, 141, 654, 656, 659, 148, 155, 667, 669, 169, 172, 685, 179, 183, 185, 188, 701, 196, 198, 726, 217, 729, 737, 237, 777, 267, 779, 270, 782, 783, 787, 278, 790, 791, 809, 817, 819, 830, 319, 321, 833, 834, 324, 325, 836, 330, 845, 334, 335, 851, 856, 857, 860, 862, 354, 867, 870, 874, 875, 366, 880, 369, 887, 888, 380, 383, 384, 386, 899, 900, 395, 912, 402, 914, 918, 407, 921, 411, 416, 928, 418, 929, 930, 422, 423, 428, 436, 437, 452, 453, 456, 465, 467, 471, 477, 478, 479, 497, 508, 511]",False,[],[],"[34, 63, 79, 81, 515, 537, 551]","[418, 870]","[402, 416, 422, 423, 465, 851, 867, 874, 875, 912]","[12, 24, 25, 28, 88, 100, 104, 119, 123, 129, 136, 137, 139, 140, 141, 148, 155, 169, 172, 179, 183, 185, 188, 196, 198, 217, 237, 267, 270, 278, 319, 321, 324, 325, 330, 334, 335, 354, 366, 369, 380, 383, 384, 386, 395, 407, 411, 423, 428, 436, 437, 452, 453, 456, 467, 471, 477, 478, 479, 497, 508, 511, 559, 571, 575, 590, 594, 600, 607, 608, 610, 611, 612, 619, 627, 640, 643, 650, 654, 656, 659, 667, 669, 685, 701, 726, 729, 737, 777, 779, 782, 783, 787, 790, 791, 809, 817, 819, 830, 833, 834, 836, 845, 856, 857, 860, 862, 875, 880, 887, 888, 899, 900, 914, 918, 921, 928, 929, 930]","[12, 24, 25, 28, 88, 100, 104, 119, 123, 129, 136, 137, 139, 140, 141, 148, 155, 169, 172, 179, 183, 185, 188, 196, 198, 217, 237, 267, 270, 278, 319, 321, 324, 325, 330, 334, 335, 354, 366, 369, 380, 383, 384, 386, 395, 407, 411, 423, 428, 436, 437, 452, 453, 456, 467, 471, 477, 478, 479, 497, 508, 511, 559, 571, 575, 590, 594, 600, 607, 608, 610, 611, 612, 619, 627, 640, 643, 650, 654, 656, 659, 667, 669, 685, 701, 726, 729, 737, 777, 779, 782, 783, 787, 790, 791, 809, 817, 819, 830, 833, 834, 836, 845, 856, 857, 860, 862, 875, 880, 887, 888, 899, 900, 914, 918, 921, 928, 929, 930]",0/6 successful match,False,,False,415,False,,1.0,True,Gem Stop ( Chevron ),Chevron
B LaGrande ( 97850 ) Gem Stop ( Chevron ),7 541-963-5221 I-84 Exit 261 ( NE to 2706 OR 82 ),24 <U+2610> <U+2610> <U+25A1> <U+25A1>,LaGrande,97850,Gem Stop ( Chevron ),541-963-5221,2015,La Grande,OR,Chevron,( NE to 2706 OR 82 ),I-84 Exit 261 ,Exit,261,False,,False,I-84,,,,,[],[],"[34, 63, 79, 81, 515, 537, 551]","[418, 870]",[],"[402, 416, 422, 423, 465, 851, 867, 874, 875, 912]","[12, 24, 25, 28, 88, 100, 104, 119, 123, 129, 136, 137, 139, 140, 141, 148, 155, 169, 172, 179, 183, 185, 188, 196, 198, 217, 237, 267, 270, 278, 319, 321, 324, 325, 330, 334, 335, 354, 366, 369, 380, 383, 384, 386, 395, 407, 411, 423, 428, 436, 437, 452, 453, 456, 467, 471, 477, 478, 479, 497, 508, 511, 559, 571, 575, 590, 594, 600, 607, 608, 610, 611, 612, 619, 627, 640, 643, 650, 654, 656, 659, 667, 669, 685, 701, 726, 729, 737, 777, 779, 782, 783, 787, 790, 791, 809, 817, 819, 830, 833, 834, 836, 845, 856, 857, 860, 862, 875, 880, 887, 888, 899, 900, 914, 918, 921, 928, 929, 930]","[12, 24, 25, 28, 88, 100, 104, 119, 123, 129, 136, 137, 139, 140, 141, 148, 155, 169, 172, 179, 183, 185, 188, 196, 198, 217, 237, 267, 270, 278, 319, 321, 324, 325, 330, 334, 335, 354, 366, 369, 380, 383, 384, 386, 395, 407, 411, 423, 428, 436, 437, 452, 453, 456, 467, 471, 477, 478, 479, 497, 508, 511, 559, 571, 575, 590, 594, 600, 607, 608, 610, 611, 612, 619, 627, 640, 643, 650, 654, 656, 659, 667, 669, 685, 701, 726, 729, 737, 777, 779, 782, 783, 787, 790, 791, 809, 817, 819, 830, 833, 834, 836, 845, 856, 857, 860, 862, 875, 880, 887, 888, 899, 900, 914, 918, 921, 928, 929, 930]","[515, 12, 24, 537, 25, 28, 34, 551, 559, 571, 63, 575, 590, 79, 81, 594, 88, 600, 607, 608, 610, 611, 100, 612, 104, 619, 627, 119, 123, 640, 129, 643, 136, 137, 650, 139, 140, 141, 654, 656, 659, 148, 155, 667, 669, 169, 172, 685, 179, 183, 185, 188, 701, 196, 198, 726, 217, 729, 737, 237, 777, 267, 779, 270, 782, 783, 787, 278, 790, 791, 809, 817, 819, 830, 319, 321, 833, 834, 324, 325, 836, 330, 845, 334, 335, 851, 856, 857, 860, 862, 354, 867, 870, 874, 875, 366, 880, 369, 887, 888, 380, 383, 384, 386, 899, 900, 395, 912, 402, 914, 918, 407, 921, 411, 416, 928, 418, 929, 930, 422, 423, 428, 436, 437, 452, 453, 456, 465, 467, 471, 477, 478, 479, 497, 508, 511]",False,[],[],"[34, 63, 79, 81, 515, 537, 551]","[418, 870]","[402, 416, 422, 423, 465, 851, 867, 874, 875, 912]","[12, 24, 25, 28, 88, 100, 104, 119, 123, 129, 136, 137, 139, 140, 141, 148, 155, 169, 172, 179, 183, 185, 188, 196, 198, 217, 237, 267, 270, 278, 319, 321, 324, 325, 330, 334, 335, 354, 366, 369, 380, 383, 384, 386, 395, 407, 411, 423, 428, 436, 437, 452, 453, 456, 467, 471, 477, 478, 479, 497, 508, 511, 559, 571, 575, 590, 594, 600, 607, 608, 610, 611, 612, 619, 627, 640, 643, 650, 654, 656, 659, 667, 669, 685, 701, 726, 729, 737, 777, 779, 782, 783, 787, 790, 791, 809, 817, 819, 830, 833, 834, 836, 845, 856, 857, 860, 862, 875, 880, 887, 888, 899, 900, 914, 918, 921, 928, 929, 930]","[12, 24, 25, 28, 88, 100, 104, 119, 123, 129, 136, 137, 139, 140, 141, 148, 155, 169, 172, 179, 183, 185, 188, 196, 198, 217, 237, 267, 270, 278, 319, 321, 324, 325, 330, 334, 335, 354, 366, 369, 380, 383, 384, 386, 395, 407, 411, 423, 428, 436, 437, 452, 453, 456, 467, 471, 477, 478, 479, 497, 508, 511, 559, 571, 575, 590, 594, 600, 607, 608, 610, 611, 612, 619, 627, 640, 643, 650, 654, 656, 659, 667, 669, 685, 701, 726, 729, 737, 777, 779, 782, 783, 787, 790, 791, 809, 817, 819, 830, 833, 834, 836, 845, 856, 857, 860, 862, 875, 880, 887, 888, 899, 900, 914, 918, 921, 928, 929, 930]",0/6 successful match,False,,False,415,False,,1.0,True,Gem Stop ( Chevron ),Chevron
B LaGrande ( 97850 ) Gem Stop ( Chevron ),541-963-5221 I-84 Exit 261 ( NE to 2706 OR 82 ),225 24 <U+2610> <U+25A1> <U+2610> <U+2610>,LaGrande,97850,Gem Stop ( Chevron ),541-963-5221,2016,La Grande,OR,Chevron,( NE to 2706 OR 82 ),I-84 Exit 261 ,Exit,261,False,,False,I-84,,,,,[],[],"[34, 63, 79, 81, 515, 537, 551]","[418, 870]",[],"[402, 416, 422, 423, 465, 851, 867, 874, 875, 912]","[12, 24, 25, 28, 88, 100, 104, 119, 123, 129, 136, 137, 139, 140, 141, 148, 155, 169, 172, 179, 183, 185, 188, 196, 198, 217, 237, 267, 270, 278, 319, 321, 324, 325, 330, 334, 335, 354, 366, 369, 380, 383, 384, 386, 395, 407, 411, 423, 428, 436, 437, 452, 453, 456, 467, 471, 477, 478, 479, 497, 508, 511, 559, 571, 575, 590, 594, 600, 607, 608, 610, 611, 612, 619, 627, 640, 643, 650, 654, 656, 659, 667, 669, 685, 701, 726, 729, 737, 777, 779, 782, 783, 787, 790, 791, 809, 817, 819, 830, 833, 834, 836, 845, 856, 857, 860, 862, 875, 880, 887, 888, 899, 900, 914, 918, 921, 928, 929, 930]","[12, 24, 25, 28, 88, 100, 104, 119, 123, 129, 136, 137, 139, 140, 141, 148, 155, 169, 172, 179, 183, 185, 188, 196, 198, 217, 237, 267, 270, 278, 319, 321, 324, 325, 330, 334, 335, 354, 366, 369, 380, 383, 384, 386, 395, 407, 411, 423, 428, 436, 437, 452, 453, 456, 467, 471, 477, 478, 479, 497, 508, 511, 559, 571, 575, 590, 594, 600, 607, 608, 610, 611, 612, 619, 627, 640, 643, 650, 654, 656, 659, 667, 669, 685, 701, 726, 729, 737, 777, 779, 782, 783, 787, 790, 791, 809, 817, 819, 830, 833, 834, 836, 845, 856, 857, 860, 862, 875, 880, 887, 888, 899, 900, 914, 918, 921, 928, 929, 930]","[515, 12, 24, 537, 25, 28, 34, 551, 559, 571, 63, 575, 590, 79, 81, 594, 88, 600, 607, 608, 610, 611, 100, 612, 104, 619, 627, 119, 123, 640, 129, 643, 136, 137, 650, 139, 140, 141, 654, 656, 659, 148, 155, 667, 669, 169, 172, 685, 179, 183, 185, 188, 701, 196, 198, 726, 217, 729, 737, 237, 777, 267, 779, 270, 782, 783, 787, 278, 790, 791, 809, 817, 819, 830, 319, 321, 833, 834, 324, 325, 836, 330, 845, 334, 335, 851, 856, 857, 860, 862, 354, 867, 870, 874, 875, 366, 880, 369, 887, 888, 380, 383, 384, 386, 899, 900, 395, 912, 402, 914, 918, 407, 921, 411, 416, 928, 418, 929, 930, 422, 423, 428, 436, 437, 452, 453, 456, 465, 467, 471, 477, 478, 479, 497, 508, 511]",False,[],[],"[34, 63, 79, 81, 515, 537, 551]","[418, 870]","[402, 416, 422, 423, 465, 851, 867, 874, 875, 912]","[12, 24, 25, 28, 88, 100, 104, 119, 123, 129, 136, 137, 139, 140, 141, 148, 155, 169, 172, 179, 183, 185, 188, 196, 198, 217, 237, 267, 270, 278, 319, 321, 324, 325, 330, 334, 335, 354, 366, 369, 380, 383, 384, 386, 395, 407, 411, 423, 428, 436, 437, 452, 453, 456, 467, 471, 477, 478, 479, 497, 508, 511, 559, 571, 575, 590, 594, 600, 607, 608, 610, 611, 612, 619, 627, 640, 643, 650, 654, 656, 659, 667, 669, 685, 701, 726, 729, 737, 777, 779, 782, 783, 787, 790, 791, 809, 817, 819, 830, 833, 834, 836, 845, 856, 857, 860, 862, 875, 880, 887, 888, 899, 900, 914, 918, 921, 928, 929, 930]","[12, 24, 25, 28, 88, 100, 104, 119, 123, 129, 136, 137, 139, 140, 141, 148, 155, 169, 172, 179, 183, 185, 188, 196, 198, 217, 237, 267, 270, 278, 319, 321, 324, 325, 330, 334, 335, 354, 366, 369, 380, 383, 384, 386, 395, 407, 411, 423, 428, 436, 437, 452, 453, 456, 467, 471, 477, 478, 479, 497, 508, 511, 559, 571, 575, 590, 594, 600, 607, 608, 610, 611, 612, 619, 627, 640, 643, 650, 654, 656, 659, 667, 669, 685, 701, 726, 729, 737, 777, 779, 782, 783, 787, 790, 791, 809, 817, 819, 830, 833, 834, 836, 845, 856, 857, 860, 862, 875, 880, 887, 888, 899, 900, 914, 918, 921, 928, 929, 930]",0/6 successful match,False,,False,415,False,,1.0,True,Gem Stop ( Chevron ),Chevron
"LaGrande , 97850 Buy Rite Exxon ( Pacific Pride )",541-963-6566 I-84 Exit 261 ( SW to 2112 OR 82 ),,LaGrande,97850,Buy Rite Exxon ( Pacific Pride ),541-963-6566,2006,La Grande,OR,Exxon,( SW to 2112 OR 82 ),I-84 Exit 261 ,Exit,261,False,,False,I-84,,,,,[],[],"[34, 63, 79, 81, 515, 537, 551]","[418, 870]",[],"[402, 416, 422, 423, 465, 851, 867, 874, 875, 912]","[398, 399, 400, 848, 849]","[79, 80, 81, 82, 325, 398, 399, 400, 551, 552, 553, 783, 848, 849]","[515, 398, 399, 912, 400, 402, 783, 537, 416, 34, 418, 422, 551, 423, 552, 553, 63, 325, 79, 848, 81, 465, 851, 849, 80, 82, 867, 870, 874, 875]",False,[],[],"[34, 63, 79, 81, 515, 537, 551]","[418, 870]","[402, 416, 422, 423, 465, 851, 867, 874, 875, 912]","[79, 80, 81, 82, 325, 398, 399, 400, 551, 552, 553, 783, 848, 849]","[398, 399, 400, 848, 849]",0/6 successful match,False,,False,416,False,,,,,
"LaGrande , 97850 Buy Rite Texaco",541-963-6566 I-84 Exit 261 ( SW to 2112 OR 82 ),,LaGrande,97850,Buy Rite Texaco,541-963-6566,2007,La Grande,OR,Texaco,( SW to 2112 OR 82 ),I-84 Exit 261 ,Exit,261,False,,False,I-84,,,,,[],[],"[34, 63, 79, 81, 515, 537, 551]","[418, 870]",[],"[402, 416, 422, 423, 465, 851, 867, 874, 875, 912]","[26, 390, 474, 486, 509, 840, 922, 926]","[26, 390, 474, 486, 509, 840, 922, 926]","[515, 390, 912, 402, 537, 26, 922, 926, 416, 34, 418, 422, 551, 423, 63, 840, 79, 81, 465, 851, 474, 867, 870, 486, 874, 875, 509]",False,[],[],"[34, 63, 79, 81, 515, 537, 551]","[418, 870]","[402, 416, 422, 423, 465, 851, 867, 874, 875, 912]","[26, 390, 474, 486, 509, 840, 922, 926]","[26, 390, 474, 486, 509, 840, 922, 926]",0/6 successful match,False,,False,416,False,,0.8659574468085106,False,Buy Rite Exxon ( Pacific Pride ),Exxon
"LaGrande , 97850 Buy Rite Texaco",541-963-6566 I-84 Exit 261 ( SW to 2112 OR 82 ),<U+2610> <U+2610> <U+2610> <U+2610>,LaGrande,97850,Buy Rite Texaco,541-963-6566,2008,La Grande,OR,Texaco,( SW to 2112 OR 82 ),I-84 Exit 261 ,Exit,261,False,,False,I-84,,,,,[],[],"[34, 63, 79, 81, 515, 537, 551]","[418, 870]",[],"[402, 416, 422, 423, 465, 851, 867, 874, 875, 912]","[26, 390, 474, 486, 509, 840, 922, 926]","[26, 390, 474, 486, 509, 840, 922, 926]","[515, 390, 912, 402, 537, 26, 922, 926, 416, 34, 418, 422, 551, 423, 63, 840, 79, 81, 465, 851, 474, 867, 870, 486, 874, 875, 509]",False,[],[],"[34, 63, 79, 81, 515, 537, 551]","[418, 870]","[402, 416, 422, 423, 465, 851, 867, 874, 875, 912]","[26, 390, 474, 486, 509, 840, 922, 926]","[26, 390, 474, 486, 509, 840, 922, 926]",0/6 successful match,False,,False,416,False,,1.0,True,Buy Rite Texaco,Texaco
B LaGrande ( 97850 ) Buy Rite Texaco to 2706 OR 82 ),541-963-6566 I-84 Exit 261 ( SW to 2112 OR 82 ),<U+2610>,LaGrande,97850,Buy Rite Texaco to 2706 OR 82 ),541-963-6566,2014,La Grande,OR,Texaco,( SW to 2112 OR 82 ),I-84 Exit 261 ,Exit,261,False,,False,I-84,,,,,[],[],"[34, 63, 79, 81, 515, 537, 551]","[418, 870]",[],"[402, 416, 422, 423, 465, 851, 867, 874, 875, 912]","[26, 390, 474, 486, 509, 840, 922, 926]","[26, 390, 474, 486, 509, 840, 922, 926]","[515, 390, 912, 402, 537, 26, 922, 926, 416, 34, 418, 422, 551, 423, 63, 840, 79, 81, 465, 851, 474, 867, 870, 486, 874, 875, 509]",False,[],[],"[34, 63, 79, 81, 515, 537, 551]","[418, 870]","[402, 416, 422, 423, 465, 851, 867, 874, 875, 912]","[26, 390, 474, 486, 509, 840, 922, 926]","[26, 390, 474, 486, 509, 840, 922, 926]",0/6 successful match,False,,False,416,False,,0.9956521739130435,True,Buy Rite Texaco,Texaco
B LaGrande ( 97850 ) Buy Rite Texaco,7 541-963-6566 I-84 Exit 261 ( SW to 2112 OR 82 ),<U+2610> <U+2610> <U+25A1> <U+25A1>,LaGrande,97850,Buy Rite Texaco,541-963-6566,2015,La Grande,OR,Texaco,( SW to 2112 OR 82 ),I-84 Exit 261 ,Exit,261,False,,False,I-84,,,,,[],[],"[34, 63, 79, 81, 515, 537, 551]","[418, 870]",[],"[402, 416, 422, 423, 465, 851, 867, 874, 875, 912]","[26, 390, 474, 486, 509, 840, 922, 926]","[26, 390, 474, 486, 509, 840, 922, 926]","[515, 390, 912, 402, 537, 26, 922, 926, 416, 34, 418, 422, 551, 423, 63, 840, 79, 81, 465, 851, 474, 867, 870, 486, 874, 875, 509]",False,[],[],"[34, 63, 79, 81, 515, 537, 551]","[418, 870]","[402, 416, 422, 423, 465, 851, 867, 874, 875, 912]","[26, 390, 474, 486, 509, 840, 922, 926]","[26, 390, 474, 486, 509, 840, 922, 926]",0/6 successful match,False,,False,416,False,,0.9956521739130435,True,Buy Rite Texaco to 2706 OR 82 ),Texaco
B LaGrande ( 97850 ) Buy Rite Texaco,541-963-6566 I-84 Exit 261 ( SW to 2112 OR 82 ),<U+2610>,LaGrande,97850,Buy Rite Texaco,541-963-6566,2016,La Grande,OR,Texaco,( SW to 2112 OR 82 ),I-84 Exit 261 ,Exit,261,False,,False,I-84,,,,,[],[],"[34, 63, 79, 81, 515, 537, 551]","[418, 870]",[],"[402, 416, 422, 423, 465, 851, 867, 874, 875, 912]","[26, 390, 474, 486, 509, 840, 922, 926]","[26, 390, 474, 486, 509, 840, 922, 926]","[515, 390, 912, 402, 537, 26, 922, 926, 416, 34, 418, 422, 551, 423, 63, 840, 79, 81, 465, 851, 474, 867, 870, 486, 874, 875, 509]",False,[],[],"[34, 63, 79, 81, 515, 537, 551]","[418, 870]","[402, 416, 422, 423, 465, 851, 867, 874, 875, 912]","[26, 390, 474, 486, 509, 840, 922, 926]","[26, 390, 474, 486, 509, 840, 922, 926]",0/6 successful match,False,,False,416,False,,1.0,True,Buy Rite Texaco,Texaco
"Stanfield , 97875 Pilot Travel Center # 390",541-449-1403 I-84 Exit 188 ( US 395 ),24 <U+2610> <U+2610>,Stanfield,97875,Pilot Travel Center # 390,541-449-1403,2006,Stanfield,OR,Pilot,( US 395 ),I-84 Exit 188 ,Exit,188,False,,False,I-84,,,,,[],[],[],"[413, 864]",[],"[402, 416, 422, 423, 465, 851, 867, 874, 875, 912]","[15, 16, 65, 66, 67, 68, 69, 70, 71, 72, 73, 74, 75, 76, 80, 151, 245, 246, 247, 248, 249, 250, 251, 252, 253, 254, 255, 256, 257, 258, 259, 280, 340, 373, 374, 375, 376, 377, 459, 460, 461, 462, 500, 501, 539, 540, 541, 542, 543, 544, 545, 546, 547, 548, 549, 550, 552, 622, 708, 709, 710, 711, 712, 713, 714, 715, 716, 717, 718, 719, 720, 739, 796, 823, 824, 825, 826, 827, 906, 907, 908, 909]","[15, 16, 65, 66, 67, 68, 69, 70, 71, 72, 73, 74, 75, 76, 77, 78, 80, 151, 244, 245, 246, 247, 248, 249, 250, 251, 252, 253, 254, 255, 256, 257, 258, 259, 260, 280, 340, 373, 374, 375, 376, 377, 459, 460, 461, 462, 500, 501, 539, 540, 541, 542, 543, 544, 545, 546, 547, 548, 549, 550, 552, 622, 708, 709, 710, 711, 712, 713, 714, 715, 716, 717, 718, 719, 720, 739, 796, 823, 824, 825, 826, 827, 906, 907, 908, 909]","[15, 16, 539, 540, 541, 542, 543, 544, 545, 546, 547, 548, 549, 550, 552, 65, 66, 67, 68, 69, 70, 71, 72, 73, 74, 75, 76, 77, 78, 80, 622, 151, 708, 709, 710, 711, 712, 713, 714, 715, 716, 717, 718, 719, 720, 739, 244, 245, 246, 247, 248, 249, 250, 251, 252, 253, 254, 255, 256, 257, 258, 259, 260, 280, 796, 823, 824, 825, 826, 827, 851, 340, 864, 867, 874, 875, 373, 374, 375, 376, 377, 906, 907, 908, 909, 912, 402, 413, 416, 422, 423, 459, 460, 461, 462, 465, 500, 501]",False,[],[],[],"[413, 864]","[402, 416, 422, 423, 465, 851, 867, 874, 875, 912]","[15, 16, 65, 66, 67, 68, 69, 70, 71, 72, 73, 74, 75, 76, 77, 78, 80, 151, 244, 245, 246, 247, 248, 249, 250, 251, 252, 253, 254, 255, 256, 257, 258, 259, 260, 280, 340, 373, 374, 375, 376, 377, 459, 460, 461, 462, 500, 501, 539, 540, 541, 542, 543, 544, 545, 546, 547, 548, 549, 550, 552, 622, 708, 709, 710, 711, 712, 713, 714, 715, 716, 717, 718, 719, 720, 739, 796, 823, 824, 825, 826, 827, 906, 907, 908, 909]","[15, 16, 65, 66, 67, 68, 69, 70, 71, 72, 73, 74, 75, 76, 80, 151, 245, 246, 247, 248, 249, 250, 251, 252, 253, 254, 255, 256, 257, 258, 259, 280, 340, 373, 374, 375, 376, 377, 459, 460, 461, 462, 500, 501, 539, 540, 541, 542, 543, 544, 545, 546, 547, 548, 549, 550, 552, 622, 708, 709, 710, 711, 712, 713, 714, 715, 716, 717, 718, 719, 720, 739, 796, 823, 824, 825, 826, 827, 906, 907, 908, 909]",0/6 successful match,False,,False,417,False,,,,,
"B Stanfield , 97875 Pilot Travel Center # 390",541-449-1403 I-84 Exit 188 ( US 395 ),24 XL XL -,Stanfield,97875,Pilot Travel Center # 390,541-449-1403,2007,Stanfield,OR,Pilot,( US 395 ),I-84 Exit 188 ,Exit,188,False,,False,I-84,,,,,[],[],[],"[413, 864]",[],"[402, 416, 422, 423, 465, 851, 867, 874, 875, 912]","[15, 16, 65, 66, 67, 68, 69, 70, 71, 72, 73, 74, 75, 76, 80, 151, 245, 246, 247, 248, 249, 250, 251, 252, 253, 254, 255, 256, 257, 258, 259, 280, 340, 373, 374, 375, 376, 377, 459, 460, 461, 462, 500, 501, 539, 540, 541, 542, 543, 544, 545, 546, 547, 548, 549, 550, 552, 622, 708, 709, 710, 711, 712, 713, 714, 715, 716, 717, 718, 719, 720, 739, 796, 823, 824, 825, 826, 827, 906, 907, 908, 909]","[15, 16, 65, 66, 67, 68, 69, 70, 71, 72, 73, 74, 75, 76, 77, 78, 80, 151, 244, 245, 246, 247, 248, 249, 250, 251, 252, 253, 254, 255, 256, 257, 258, 259, 260, 280, 340, 373, 374, 375, 376, 377, 459, 460, 461, 462, 500, 501, 539, 540, 541, 542, 543, 544, 545, 546, 547, 548, 549, 550, 552, 622, 708, 709, 710, 711, 712, 713, 714, 715, 716, 717, 718, 719, 720, 739, 796, 823, 824, 825, 826, 827, 906, 907, 908, 909]","[15, 16, 539, 540, 541, 542, 543, 544, 545, 546, 547, 548, 549, 550, 552, 65, 66, 67, 68, 69, 70, 71, 72, 73, 74, 75, 76, 77, 78, 80, 622, 151, 708, 709, 710, 711, 712, 713, 714, 715, 716, 717, 718, 719, 720, 739, 244, 245, 246, 247, 248, 249, 250, 251, 252, 253, 254, 255, 256, 257, 258, 259, 260, 280, 796, 823, 824, 825, 826, 827, 851, 340, 864, 867, 874, 875, 373, 374, 375, 376, 377, 906, 907, 908, 909, 912, 402, 413, 416, 422, 423, 459, 460, 461, 462, 465, 500, 501]",False,[],[],[],"[413, 864]","[402, 416, 422, 423, 465, 851, 867, 874, 875, 912]","[15, 16, 65, 66, 67, 68, 69, 70, 71, 72, 73, 74, 75, 76, 77, 78, 80, 151, 244, 245, 246, 247, 248, 249, 250, 251, 252, 253, 254, 255, 256, 257, 258, 259, 260, 280, 340, 373, 374, 375, 376, 377, 459, 460, 461, 462, 500, 501, 539, 540, 541, 542, 543, 544, 545, 546, 547, 548, 549, 550, 552, 622, 708, 709, 710, 711, 712, 713, 714, 715, 716, 717, 718, 719, 720, 739, 796, 823, 824, 825, 826, 827, 906, 907, 908, 909]","[15, 16, 65, 66, 67, 68, 69, 70, 71, 72, 73, 74, 75, 76, 80, 151, 245, 246, 247, 248, 249, 250, 251, 252, 253, 254, 255, 256, 257, 258, 259, 280, 340, 373, 374, 375, 376, 377, 459, 460, 461, 462, 500, 501, 539, 540, 541, 542, 543, 544, 545, 546, 547, 548, 549, 550, 552, 622, 708, 709, 710, 711, 712, 713, 714, 715, 716, 717, 718, 719, 720, 739, 796, 823, 824, 825, 826, 827, 906, 907, 908, 909]",0/6 successful match,False,,False,417,False,,1.0,True,Pilot Travel Center # 390,Pilot
"B Stanfield , 97875 Pilot Travel Center # 390",541-449-1403 I-84 Exit 188 ( US 395 ),HAS 24 XL,Stanfield,97875,Pilot Travel Center # 390,541-449-1403,2008,Stanfield,OR,Pilot,( US 395 ),I-84 Exit 188 ,Exit,188,False,,False,I-84,,,,,[],[],[],"[413, 864]",[],"[402, 416, 422, 423, 465, 851, 867, 874, 875, 912]","[15, 16, 65, 66, 67, 68, 69, 70, 71, 72, 73, 74, 75, 76, 80, 151, 245, 246, 247, 248, 249, 250, 251, 252, 253, 254, 255, 256, 257, 258, 259, 280, 340, 373, 374, 375, 376, 377, 459, 460, 461, 462, 500, 501, 539, 540, 541, 542, 543, 544, 545, 546, 547, 548, 549, 550, 552, 622, 708, 709, 710, 711, 712, 713, 714, 715, 716, 717, 718, 719, 720, 739, 796, 823, 824, 825, 826, 827, 906, 907, 908, 909]","[15, 16, 65, 66, 67, 68, 69, 70, 71, 72, 73, 74, 75, 76, 77, 78, 80, 151, 244, 245, 246, 247, 248, 249, 250, 251, 252, 253, 254, 255, 256, 257, 258, 259, 260, 280, 340, 373, 374, 375, 376, 377, 459, 460, 461, 462, 500, 501, 539, 540, 541, 542, 543, 544, 545, 546, 547, 548, 549, 550, 552, 622, 708, 709, 710, 711, 712, 713, 714, 715, 716, 717, 718, 719, 720, 739, 796, 823, 824, 825, 826, 827, 906, 907, 908, 909]","[15, 16, 539, 540, 541, 542, 543, 544, 545, 546, 547, 548, 549, 550, 552, 65, 66, 67, 68, 69, 70, 71, 72, 73, 74, 75, 76, 77, 78, 80, 622, 151, 708, 709, 710, 711, 712, 713, 714, 715, 716, 717, 718, 719, 720, 739, 244, 245, 246, 247, 248, 249, 250, 251, 252, 253, 254, 255, 256, 257, 258, 259, 260, 280, 796, 823, 824, 825, 826, 827, 851, 340, 864, 867, 874, 875, 373, 374, 375, 376, 377, 906, 907, 908, 909, 912, 402, 413, 416, 422, 423, 459, 460, 461, 462, 465, 500, 501]",False,[],[],[],"[413, 864]","[402, 416, 422, 423, 465, 851, 867, 874, 875, 912]","[15, 16, 65, 66, 67, 68, 69, 70, 71, 72, 73, 74, 75, 76, 77, 78, 80, 151, 244, 245, 246, 247, 248, 249, 250, 251, 252, 253, 254, 255, 256, 257, 258, 259, 260, 280, 340, 373, 374, 375, 376, 377, 459, 460, 461, 462, 500, 501, 539, 540, 541, 542, 543, 544, 545, 546, 547, 548, 549, 550, 552, 622, 708, 709, 710, 711, 712, 713, 714, 715, 716, 717, 718, 719, 720, 739, 796, 823, 824, 825, 826, 827, 906, 907, 908, 909]","[15, 16, 65, 66, 67, 68, 69, 70, 71, 72, 73, 74, 75, 76, 80, 151, 245, 246, 247, 248, 249, 250, 251, 252, 253, 254, 255, 256, 257, 258, 259, 280, 340, 373, 374, 375, 376, 377, 459, 460, 461, 462, 500, 501, 539, 540, 541, 542, 543, 544, 545, 546, 547, 548, 549, 550, 552, 622, 708, 709, 710, 711, 712, 713, 714, 715, 716, 717, 718, 719, 720, 739, 796, 823, 824, 825, 826, 827, 906, 907, 908, 909]",0/6 successful match,False,,False,417,False,,1.0,True,Pilot Travel Center # 390,Pilot
B Stanfield ( 97875 ) Pilot Travel Center # 390,5 541-449-1403 I-84 Exit 188 ( US 395 ),124 D <U+25A1>,Stanfield,97875,Pilot Travel Center # 390,541-449-1403,2014,Stanfield,OR,Pilot,( US 395 ),I-84 Exit 188 ,Exit,188,False,,False,I-84,,,,,[],[],[],"[413, 864]",[],"[402, 416, 422, 423, 465, 851, 867, 874, 875, 912]","[15, 16, 65, 66, 67, 68, 69, 70, 71, 72, 73, 74, 75, 76, 80, 151, 245, 246, 247, 248, 249, 250, 251, 252, 253, 254, 255, 256, 257, 258, 259, 280, 340, 373, 374, 375, 376, 377, 459, 460, 461, 462, 500, 501, 539, 540, 541, 542, 543, 544, 545, 546, 547, 548, 549, 550, 552, 622, 708, 709, 710, 711, 712, 713, 714, 715, 716, 717, 718, 719, 720, 739, 796, 823, 824, 825, 826, 827, 906, 907, 908, 909]","[15, 16, 65, 66, 67, 68, 69, 70, 71, 72, 73, 74, 75, 76, 77, 78, 80, 151, 244, 245, 246, 247, 248, 249, 250, 251, 252, 253, 254, 255, 256, 257, 258, 259, 260, 280, 340, 373, 374, 375, 376, 377, 459, 460, 461, 462, 500, 501, 539, 540, 541, 542, 543, 544, 545, 546, 547, 548, 549, 550, 552, 622, 708, 709, 710, 711, 712, 713, 714, 715, 716, 717, 718, 719, 720, 739, 796, 823, 824, 825, 826, 827, 906, 907, 908, 909]","[15, 16, 539, 540, 541, 542, 543, 544, 545, 546, 547, 548, 549, 550, 552, 65, 66, 67, 68, 69, 70, 71, 72, 73, 74, 75, 76, 77, 78, 80, 622, 151, 708, 709, 710, 711, 712, 713, 714, 715, 716, 717, 718, 719, 720, 739, 244, 245, 246, 247, 248, 249, 250, 251, 252, 253, 254, 255, 256, 257, 258, 259, 260, 280, 796, 823, 824, 825, 826, 827, 851, 340, 864, 867, 874, 875, 373, 374, 375, 376, 377, 906, 907, 908, 909, 912, 402, 413, 416, 422, 423, 459, 460, 461, 462, 465, 500, 501]",False,[],[],[],"[413, 864]","[402, 416, 422, 423, 465, 851, 867, 874, 875, 912]","[15, 16, 65, 66, 67, 68, 69, 70, 71, 72, 73, 74, 75, 76, 77, 78, 80, 151, 244, 245, 246, 247, 248, 249, 250, 251, 252, 253, 254, 255, 256, 257, 258, 259, 260, 280, 340, 373, 374, 375, 376, 377, 459, 460, 461, 462, 500, 501, 539, 540, 541, 542, 543, 544, 545, 546, 547, 548, 549, 550, 552, 622, 708, 709, 710, 711, 712, 713, 714, 715, 716, 717, 718, 719, 720, 739, 796, 823, 824, 825, 826, 827, 906, 907, 908, 909]","[15, 16, 65, 66, 67, 68, 69, 70, 71, 72, 73, 74, 75, 76, 80, 151, 245, 246, 247, 248, 249, 250, 251, 252, 253, 254, 255, 256, 257, 258, 259, 280, 340, 373, 374, 375, 376, 377, 459, 460, 461, 462, 500, 501, 539, 540, 541, 542, 543, 544, 545, 546, 547, 548, 549, 550, 552, 622, 708, 709, 710, 711, 712, 713, 714, 715, 716, 717, 718, 719, 720, 739, 796, 823, 824, 825, 826, 827, 906, 907, 908, 909]",0/6 successful match,False,,False,417,False,,1.0,True,Pilot Travel Center # 390,Pilot
B Stanfield ( 97875 ) Pilot Travel Center # 390,5 541-449-1403 I-84 Exit 188 ( US 395 ) pilot,24 L L <U+25A1> <U+25A1>,Stanfield,97875,Pilot Travel Center # 390,541-449-1403,2015,Stanfield,OR,Pilot,( US 395 ) pilot,I-84 Exit 188 ,Exit,188,False,,False,I-84,,,,,[],[],[],"[413, 864]",[],"[402, 416, 422, 423, 465, 851, 867, 874, 875, 912]","[15, 16, 65, 66, 67, 68, 69, 70, 71, 72, 73, 74, 75, 76, 80, 151, 245, 246, 247, 248, 249, 250, 251, 252, 253, 254, 255, 256, 257, 258, 259, 280, 340, 373, 374, 375, 376, 377, 459, 460, 461, 462, 500, 501, 539, 540, 541, 542, 543, 544, 545, 546, 547, 548, 549, 550, 552, 622, 708, 709, 710, 711, 712, 713, 714, 715, 716, 717, 718, 719, 720, 739, 796, 823, 824, 825, 826, 827, 906, 907, 908, 909]","[15, 16, 65, 66, 67, 68, 69, 70, 71, 72, 73, 74, 75, 76, 77, 78, 80, 151, 244, 245, 246, 247, 248, 249, 250, 251, 252, 253, 254, 255, 256, 257, 258, 259, 260, 280, 340, 373, 374, 375, 376, 377, 459, 460, 461, 462, 500, 501, 539, 540, 541, 542, 543, 544, 545, 546, 547, 548, 549, 550, 552, 622, 708, 709, 710, 711, 712, 713, 714, 715, 716, 717, 718, 719, 720, 739, 796, 823, 824, 825, 826, 827, 906, 907, 908, 909]","[15, 16, 539, 540, 541, 542, 543, 544, 545, 546, 547, 548, 549, 550, 552, 65, 66, 67, 68, 69, 70, 71, 72, 73, 74, 75, 76, 77, 78, 80, 622, 151, 708, 709, 710, 711, 712, 713, 714, 715, 716, 717, 718, 719, 720, 739, 244, 245, 246, 247, 248, 249, 250, 251, 252, 253, 254, 255, 256, 257, 258, 259, 260, 280, 796, 823, 824, 825, 826, 827, 851, 340, 864, 867, 874, 875, 373, 374, 375, 376, 377, 906, 907, 908, 909, 912, 402, 413, 416, 422, 423, 459, 460, 461, 462, 465, 500, 501]",False,[],[],[],"[413, 864]","[402, 416, 422, 423, 465, 851, 867, 874, 875, 912]","[15, 16, 65, 66, 67, 68, 69, 70, 71, 72, 73, 74, 75, 76, 77, 78, 80, 151, 244, 245, 246, 247, 248, 249, 250, 251, 252, 253, 254, 255, 256, 257, 258, 259, 260, 280, 340, 373, 374, 375, 376, 377, 459, 460, 461, 462, 500, 501, 539, 540, 541, 542, 543, 544, 545, 546, 547, 548, 549, 550, 552, 622, 708, 709, 710, 711, 712, 713, 714, 715, 716, 717, 718, 719, 720, 739, 796, 823, 824, 825, 826, 827, 906, 907, 908, 909]","[15, 16, 65, 66, 67, 68, 69, 70, 71, 72, 73, 74, 75, 76, 80, 151, 245, 246, 247, 248, 249, 250, 251, 252, 253, 254, 255, 256, 257, 258, 259, 280, 340, 373, 374, 375, 376, 377, 459, 460, 461, 462, 500, 501, 539, 540, 541, 542, 543, 544, 545, 546, 547, 548, 549, 550, 552, 622, 708, 709, 710, 711, 712, 713, 714, 715, 716, 717, 718, 719, 720, 739, 796, 823, 824, 825, 826, 827, 906, 907, 908, 909]",0/6 successful match,False,,False,417,False,,1.0,True,Pilot Travel Center # 390,Pilot
B Stanfield ( 97875 ) Pilot Travel Center # 390 Pilot,5 541-449-1403 I-84 Exit 188 ( US 395 ),L 24 225 24,Stanfield,97875,Pilot Travel Center # 390 Pilot,541-449-1403,2016,Stanfield,OR,Pilot,( US 395 ),I-84 Exit 188 ,Exit,188,False,,False,I-84,,,,,[],[],[],"[413, 864]",[],"[402, 416, 422, 423, 465, 851, 867, 874, 875, 912]","[15, 16, 65, 66, 67, 68, 69, 70, 71, 72, 73, 74, 75, 76, 80, 151, 245, 246, 247, 248, 249, 250, 251, 252, 253, 254, 255, 256, 257, 258, 259, 280, 340, 373, 374, 375, 376, 377, 459, 460, 461, 462, 500, 501, 539, 540, 541, 542, 543, 544, 545, 546, 547, 548, 549, 550, 552, 622, 708, 709, 710, 711, 712, 713, 714, 715, 716, 717, 718, 719, 720, 739, 796, 823, 824, 825, 826, 827, 906, 907, 908, 909]","[15, 16, 65, 66, 67, 68, 69, 70, 71, 72, 73, 74, 75, 76, 77, 78, 80, 151, 244, 245, 246, 247, 248, 249, 250, 251, 252, 253, 254, 255, 256, 257, 258, 259, 260, 280, 340, 373, 374, 375, 376, 377, 459, 460, 461, 462, 500, 501, 539, 540, 541, 542, 543, 544, 545, 546, 547, 548, 549, 550, 552, 622, 708, 709, 710, 711, 712, 713, 714, 715, 716, 717, 718, 719, 720, 739, 796, 823, 824, 825, 826, 827, 906, 907, 908, 909]","[15, 16, 539, 540, 541, 542, 543, 544, 545, 546, 547, 548, 549, 550, 552, 65, 66, 67, 68, 69, 70, 71, 72, 73, 74, 75, 76, 77, 78, 80, 622, 151, 708, 709, 710, 711, 712, 713, 714, 715, 716, 717, 718, 719, 720, 739, 244, 245, 246, 247, 248, 249, 250, 251, 252, 253, 254, 255, 256, 257, 258, 259, 260, 280, 796, 823, 824, 825, 826, 827, 851, 340, 864, 867, 874, 875, 373, 374, 375, 376, 377, 906, 907, 908, 909, 912, 402, 413, 416, 422, 423, 459, 460, 461, 462, 465, 500, 501]",False,[],[],[],"[413, 864]","[402, 416, 422, 423, 465, 851, 867, 874, 875, 912]","[15, 16, 65, 66, 67, 68, 69, 70, 71, 72, 73, 74, 75, 76, 77, 78, 80, 151, 244, 245, 246, 247, 248, 249, 250, 251, 252, 253, 254, 255, 256, 257, 258, 259, 260, 280, 340, 373, 374, 375, 376, 377, 459, 460, 461, 462, 500, 501, 539, 540, 541, 542, 543, 544, 545, 546, 547, 548, 549, 550, 552, 622, 708, 709, 710, 711, 712, 713, 714, 715, 716, 717, 718, 719, 720, 739, 796, 823, 824, 825, 826, 827, 906, 907, 908, 909]","[15, 16, 65, 66, 67, 68, 69, 70, 71, 72, 73, 74, 75, 76, 80, 151, 245, 246, 247, 248, 249, 250, 251, 252, 253, 254, 255, 256, 257, 258, 259, 280, 340, 373, 374, 375, 376, 377, 459, 460, 461, 462, 500, 501, 539, 540, 541, 542, 543, 544, 545, 546, 547, 548, 549, 550, 552, 622, 708, 709, 710, 711, 712, 713, 714, 715, 716, 717, 718, 719, 720, 739, 796, 823, 824, 825, 826, 827, 906, 907, 908, 909]",0/6 successful match,False,,False,417,False,,1.0,True,Pilot Travel Center # 390,Pilot
"A Umatilla , 97882 Crossroads Truck Stop ( Shell )",541-922-3297 I-82 Exit 1 ( US 730 ),XL 24 489,Umatilla,97882,Crossroads Truck Stop ( Shell ),541-922-3297,2006,Umatilla,OR,Shell,( US 730 ),I-82 Exit 1 ,Exit,1,False,,False,I-82,,,,,[],[],[],"[19, 180, 181, 233, 255, 331, 341, 351, 449, 454, 503, 651, 652, 697, 708, 788, 797, 806, 857, 897, 901]",[],[],"[1, 13, 14, 29, 54, 55, 56, 57, 58, 60, 102, 118, 125, 127, 130, 134, 146, 149, 153, 175, 182, 187, 189, 191, 197, 225, 230, 238, 264, 265, 266, 286, 302, 317, 336, 379, 388, 389, 425, 454, 458, 463, 475, 487, 498, 499, 512, 530, 531, 532, 533, 534, 536, 573, 589, 596, 598, 601, 605, 617, 620, 624, 646, 653, 658, 660, 662, 668, 689, 694, 702, 724, 725, 745, 760, 775, 793, 829, 838, 839, 877, 901, 903, 905, 910, 923]","[1, 13, 14, 29, 54, 55, 56, 57, 58, 60, 102, 118, 125, 127, 130, 134, 146, 149, 153, 175, 182, 187, 189, 191, 197, 225, 230, 238, 264, 265, 266, 286, 302, 317, 336, 354, 379, 388, 389, 425, 454, 458, 463, 475, 487, 498, 499, 512, 530, 531, 532, 533, 534, 536, 573, 589, 596, 598, 601, 605, 617, 620, 624, 646, 653, 658, 660, 662, 668, 689, 694, 702, 724, 725, 745, 760, 775, 793, 809, 829, 838, 839, 877, 901, 903, 905, 910, 923]","[512, 1, 13, 14, 530, 19, 531, 532, 533, 534, 536, 29, 54, 55, 56, 57, 58, 60, 573, 589, 596, 598, 601, 605, 102, 617, 620, 624, 118, 125, 127, 130, 134, 646, 651, 652, 653, 146, 658, 660, 149, 662, 153, 668, 175, 689, 180, 181, 182, 694, 697, 187, 189, 702, 191, 708, 197, 724, 725, 225, 230, 233, 745, 238, 760, 255, 775, 264, 265, 266, 788, 793, 797, 286, 806, 809, 302, 317, 829, 838, 839, 331, 336, 341, 857, 351, 354, 877, 379, 897, 388, 901, 389, 903, 905, 910, 923, 425, 449, 454, 458, 463, 475, 487, 498, 499, 503]",False,[],[],[],"[19, 180, 181, 233, 255, 331, 341, 351, 449, 454, 503, 651, 652, 697, 708, 788, 797, 806, 857, 897, 901]",[],"[1, 13, 14, 29, 54, 55, 56, 57, 58, 60, 102, 118, 125, 127, 130, 134, 146, 149, 153, 175, 182, 187, 189, 191, 197, 225, 230, 238, 264, 265, 266, 286, 302, 317, 336, 354, 379, 388, 389, 425, 454, 458, 463, 475, 487, 498, 499, 512, 530, 531, 532, 533, 534, 536, 573, 589, 596, 598, 601, 605, 617, 620, 624, 646, 653, 658, 660, 662, 668, 689, 694, 702, 724, 725, 745, 760, 775, 793, 809, 829, 838, 839, 877, 901, 903, 905, 910, 923]","[1, 13, 14, 29, 54, 55, 56, 57, 58, 60, 102, 118, 125, 127, 130, 134, 146, 149, 153, 175, 182, 187, 189, 191, 197, 225, 230, 238, 264, 265, 266, 286, 302, 317, 336, 379, 388, 389, 425, 454, 458, 463, 475, 487, 498, 499, 512, 530, 531, 532, 533, 534, 536, 573, 589, 596, 598, 601, 605, 617, 620, 624, 646, 653, 658, 660, 662, 668, 689, 694, 702, 724, 725, 745, 760, 775, 793, 829, 838, 839, 877, 901, 903, 905, 910, 923]",0/6 successful match,False,,False,418,False,,,,,
"A Umatilla , 97882 Crossroads Truck Stop ( Shell )",541-922-3297 I-82 Exit 1 ( US 730 ),M <U+2610>,Umatilla,97882,Crossroads Truck Stop ( Shell ),541-922-3297,2007,Umatilla,OR,Shell,( US 730 ),I-82 Exit 1 ,Exit,1,False,,False,I-82,,,,,[],[],[],"[19, 180, 181, 233, 255, 331, 341, 351, 449, 454, 503, 651, 652, 697, 708, 788, 797, 806, 857, 897, 901]",[],[],"[1, 13, 14, 29, 54, 55, 56, 57, 58, 60, 102, 118, 125, 127, 130, 134, 146, 149, 153, 175, 182, 187, 189, 191, 197, 225, 230, 238, 264, 265, 266, 286, 302, 317, 336, 379, 388, 389, 425, 454, 458, 463, 475, 487, 498, 499, 512, 530, 531, 532, 533, 534, 536, 573, 589, 596, 598, 601, 605, 617, 620, 624, 646, 653, 658, 660, 662, 668, 689, 694, 702, 724, 725, 745, 760, 775, 793, 829, 838, 839, 877, 901, 903, 905, 910, 923]","[1, 13, 14, 29, 54, 55, 56, 57, 58, 60, 102, 118, 125, 127, 130, 134, 146, 149, 153, 175, 182, 187, 189, 191, 197, 225, 230, 238, 264, 265, 266, 286, 302, 317, 336, 354, 379, 388, 389, 425, 454, 458, 463, 475, 487, 498, 499, 512, 530, 531, 532, 533, 534, 536, 573, 589, 596, 598, 601, 605, 617, 620, 624, 646, 653, 658, 660, 662, 668, 689, 694, 702, 724, 725, 745, 760, 775, 793, 809, 829, 838, 839, 877, 901, 903, 905, 910, 923]","[512, 1, 13, 14, 530, 19, 531, 532, 533, 534, 536, 29, 54, 55, 56, 57, 58, 60, 573, 589, 596, 598, 601, 605, 102, 617, 620, 624, 118, 125, 127, 130, 134, 646, 651, 652, 653, 146, 658, 660, 149, 662, 153, 668, 175, 689, 180, 181, 182, 694, 697, 187, 189, 702, 191, 708, 197, 724, 725, 225, 230, 233, 745, 238, 760, 255, 775, 264, 265, 266, 788, 793, 797, 286, 806, 809, 302, 317, 829, 838, 839, 331, 336, 341, 857, 351, 354, 877, 379, 897, 388, 901, 389, 903, 905, 910, 923, 425, 449, 454, 458, 463, 475, 487, 498, 499, 503]",False,[],[],[],"[19, 180, 181, 233, 255, 331, 341, 351, 449, 454, 503, 651, 652, 697, 708, 788, 797, 806, 857, 897, 901]",[],"[1, 13, 14, 29, 54, 55, 56, 57, 58, 60, 102, 118, 125, 127, 130, 134, 146, 149, 153, 175, 182, 187, 189, 191, 197, 225, 230, 238, 264, 265, 266, 286, 302, 317, 336, 354, 379, 388, 389, 425, 454, 458, 463, 475, 487, 498, 499, 512, 530, 531, 532, 533, 534, 536, 573, 589, 596, 598, 601, 605, 617, 620, 624, 646, 653, 658, 660, 662, 668, 689, 694, 702, 724, 725, 745, 760, 775, 793, 809, 829, 838, 839, 877, 901, 903, 905, 910, 923]","[1, 13, 14, 29, 54, 55, 56, 57, 58, 60, 102, 118, 125, 127, 130, 134, 146, 149, 153, 175, 182, 187, 189, 191, 197, 225, 230, 238, 264, 265, 266, 286, 302, 317, 336, 379, 388, 389, 425, 454, 458, 463, 475, 487, 498, 499, 512, 530, 531, 532, 533, 534, 536, 573, 589, 596, 598, 601, 605, 617, 620, 624, 646, 653, 658, 660, 662, 668, 689, 694, 702, 724, 725, 745, 760, 775, 793, 829, 838, 839, 877, 901, 903, 905, 910, 923]",0/6 successful match,False,,False,418,False,,1.0,True,Crossroads Truck Stop ( Shell ),Shell
"A Umatilla , 97882 Crossroads Truck Stop ( Shell )",5 541-922-3297 I-82 Exit 1 ( US 730 ),M,Umatilla,97882,Crossroads Truck Stop ( Shell ),541-922-3297,2008,Umatilla,OR,Shell,( US 730 ),I-82 Exit 1 ,Exit,1,False,,False,I-82,,,,,[],[],[],"[19, 180, 181, 233, 255, 331, 341, 351, 449, 454, 503, 651, 652, 697, 708, 788, 797, 806, 857, 897, 901]",[],[],"[1, 13, 14, 29, 54, 55, 56, 57, 58, 60, 102, 118, 125, 127, 130, 134, 146, 149, 153, 175, 182, 187, 189, 191, 197, 225, 230, 238, 264, 265, 266, 286, 302, 317, 336, 379, 388, 389, 425, 454, 458, 463, 475, 487, 498, 499, 512, 530, 531, 532, 533, 534, 536, 573, 589, 596, 598, 601, 605, 617, 620, 624, 646, 653, 658, 660, 662, 668, 689, 694, 702, 724, 725, 745, 760, 775, 793, 829, 838, 839, 877, 901, 903, 905, 910, 923]","[1, 13, 14, 29, 54, 55, 56, 57, 58, 60, 102, 118, 125, 127, 130, 134, 146, 149, 153, 175, 182, 187, 189, 191, 197, 225, 230, 238, 264, 265, 266, 286, 302, 317, 336, 354, 379, 388, 389, 425, 454, 458, 463, 475, 487, 498, 499, 512, 530, 531, 532, 533, 534, 536, 573, 589, 596, 598, 601, 605, 617, 620, 624, 646, 653, 658, 660, 662, 668, 689, 694, 702, 724, 725, 745, 760, 775, 793, 809, 829, 838, 839, 877, 901, 903, 905, 910, 923]","[512, 1, 13, 14, 530, 19, 531, 532, 533, 534, 536, 29, 54, 55, 56, 57, 58, 60, 573, 589, 596, 598, 601, 605, 102, 617, 620, 624, 118, 125, 127, 130, 134, 646, 651, 652, 653, 146, 658, 660, 149, 662, 153, 668, 175, 689, 180, 181, 182, 694, 697, 187, 189, 702, 191, 708, 197, 724, 725, 225, 230, 233, 745, 238, 760, 255, 775, 264, 265, 266, 788, 793, 797, 286, 806, 809, 302, 317, 829, 838, 839, 331, 336, 341, 857, 351, 354, 877, 379, 897, 388, 901, 389, 903, 905, 910, 923, 425, 449, 454, 458, 463, 475, 487, 498, 499, 503]",False,[],[],[],"[19, 180, 181, 233, 255, 331, 341, 351, 449, 454, 503, 651, 652, 697, 708, 788, 797, 806, 857, 897, 901]",[],"[1, 13, 14, 29, 54, 55, 56, 57, 58, 60, 102, 118, 125, 127, 130, 134, 146, 149, 153, 175, 182, 187, 189, 191, 197, 225, 230, 238, 264, 265, 266, 286, 302, 317, 336, 354, 379, 388, 389, 425, 454, 458, 463, 475, 487, 498, 499, 512, 530, 531, 532, 533, 534, 536, 573, 589, 596, 598, 601, 605, 617, 620, 624, 646, 653, 658, 660, 662, 668, 689, 694, 702, 724, 725, 745, 760, 775, 793, 809, 829, 838, 839, 877, 901, 903, 905, 910, 923]","[1, 13, 14, 29, 54, 55, 56, 57, 58, 60, 102, 118, 125, 127, 130, 134, 146, 149, 153, 175, 182, 187, 189, 191, 197, 225, 230, 238, 264, 265, 266, 286, 302, 317, 336, 379, 388, 389, 425, 454, 458, 463, 475, 487, 498, 499, 512, 530, 531, 532, 533, 534, 536, 573, 589, 596, 598, 601, 605, 617, 620, 624, 646, 653, 658, 660, 662, 668, 689, 694, 702, 724, 725, 745, 760, 775, 793, 829, 838, 839, 877, 901, 903, 905, 910, 923]",0/6 successful match,False,,False,418,False,,1.0,True,Crossroads Truck Stop ( Shell ),Shell
A Umatilla ( 97882 ) Crossroads Truck Stop ( Shell ),541-922-3297 I-82 Exit 1 ( US 730 W ),24,Umatilla,97882,Crossroads Truck Stop ( Shell ),541-922-3297,2014,Umatilla,OR,Shell,( US 730 W ),I-82 Exit 1 ,Exit,1,False,,False,I-82,,,,,[],[],[],"[19, 180, 181, 233, 255, 331, 341, 351, 449, 454, 503, 651, 652, 697, 708, 788, 797, 806, 857, 897, 901]",[],[],"[1, 13, 14, 29, 54, 55, 56, 57, 58, 60, 102, 118, 125, 127, 130, 134, 146, 149, 153, 175, 182, 187, 189, 191, 197, 225, 230, 238, 264, 265, 266, 286, 302, 317, 336, 379, 388, 389, 425, 454, 458, 463, 475, 487, 498, 499, 512, 530, 531, 532, 533, 534, 536, 573, 589, 596, 598, 601, 605, 617, 620, 624, 646, 653, 658, 660, 662, 668, 689, 694, 702, 724, 725, 745, 760, 775, 793, 829, 838, 839, 877, 901, 903, 905, 910, 923]","[1, 13, 14, 29, 54, 55, 56, 57, 58, 60, 102, 118, 125, 127, 130, 134, 146, 149, 153, 175, 182, 187, 189, 191, 197, 225, 230, 238, 264, 265, 266, 286, 302, 317, 336, 354, 379, 388, 389, 425, 454, 458, 463, 475, 487, 498, 499, 512, 530, 531, 532, 533, 534, 536, 573, 589, 596, 598, 601, 605, 617, 620, 624, 646, 653, 658, 660, 662, 668, 689, 694, 702, 724, 725, 745, 760, 775, 793, 809, 829, 838, 839, 877, 901, 903, 905, 910, 923]","[512, 1, 13, 14, 530, 19, 531, 532, 533, 534, 536, 29, 54, 55, 56, 57, 58, 60, 573, 589, 596, 598, 601, 605, 102, 617, 620, 624, 118, 125, 127, 130, 134, 646, 651, 652, 653, 146, 658, 660, 149, 662, 153, 668, 175, 689, 180, 181, 182, 694, 697, 187, 189, 702, 191, 708, 197, 724, 725, 225, 230, 233, 745, 238, 760, 255, 775, 264, 265, 266, 788, 793, 797, 286, 806, 809, 302, 317, 829, 838, 839, 331, 336, 341, 857, 351, 354, 877, 379, 897, 388, 901, 389, 903, 905, 910, 923, 425, 449, 454, 458, 463, 475, 487, 498, 499, 503]",False,[],[],[],"[19, 180, 181, 233, 255, 331, 341, 351, 449, 454, 503, 651, 652, 697, 708, 788, 797, 806, 857, 897, 901]",[],"[1, 13, 14, 29, 54, 55, 56, 57, 58, 60, 102, 118, 125, 127, 130, 134, 146, 149, 153, 175, 182, 187, 189, 191, 197, 225, 230, 238, 264, 265, 266, 286, 302, 317, 336, 354, 379, 388, 389, 425, 454, 458, 463, 475, 487, 498, 499, 512, 530, 531, 532, 533, 534, 536, 573, 589, 596, 598, 601, 605, 617, 620, 624, 646, 653, 658, 660, 662, 668, 689, 694, 702, 724, 725, 745, 760, 775, 793, 809, 829, 838, 839, 877, 901, 903, 905, 910, 923]","[1, 13, 14, 29, 54, 55, 56, 57, 58, 60, 102, 118, 125, 127, 130, 134, 146, 149, 153, 175, 182, 187, 189, 191, 197, 225, 230, 238, 264, 265, 266, 286, 302, 317, 336, 379, 388, 389, 425, 454, 458, 463, 475, 487, 498, 499, 512, 530, 531, 532, 533, 534, 536, 573, 589, 596, 598, 601, 605, 617, 620, 624, 646, 653, 658, 660, 662, 668, 689, 694, 702, 724, 725, 745, 760, 775, 793, 829, 838, 839, 877, 901, 903, 905, 910, 923]",0/6 successful match,False,,False,418,False,,1.0,True,Crossroads Truck Stop ( Shell ),Shell
A Umatilla ( 97882 ) Crossroads Truck Stop ( Shell ),541-922-3297 I-82 Exit 1 ( US 730 W ),24 M,Umatilla,97882,Crossroads Truck Stop ( Shell ),541-922-3297,2015,Umatilla,OR,Shell,( US 730 W ),I-82 Exit 1 ,Exit,1,False,,False,I-82,,,,,[],[],[],"[19, 180, 181, 233, 255, 331, 341, 351, 449, 454, 503, 651, 652, 697, 708, 788, 797, 806, 857, 897, 901]",[],[],"[1, 13, 14, 29, 54, 55, 56, 57, 58, 60, 102, 118, 125, 127, 130, 134, 146, 149, 153, 175, 182, 187, 189, 191, 197, 225, 230, 238, 264, 265, 266, 286, 302, 317, 336, 379, 388, 389, 425, 454, 458, 463, 475, 487, 498, 499, 512, 530, 531, 532, 533, 534, 536, 573, 589, 596, 598, 601, 605, 617, 620, 624, 646, 653, 658, 660, 662, 668, 689, 694, 702, 724, 725, 745, 760, 775, 793, 829, 838, 839, 877, 901, 903, 905, 910, 923]","[1, 13, 14, 29, 54, 55, 56, 57, 58, 60, 102, 118, 125, 127, 130, 134, 146, 149, 153, 175, 182, 187, 189, 191, 197, 225, 230, 238, 264, 265, 266, 286, 302, 317, 336, 354, 379, 388, 389, 425, 454, 458, 463, 475, 487, 498, 499, 512, 530, 531, 532, 533, 534, 536, 573, 589, 596, 598, 601, 605, 617, 620, 624, 646, 653, 658, 660, 662, 668, 689, 694, 702, 724, 725, 745, 760, 775, 793, 809, 829, 838, 839, 877, 901, 903, 905, 910, 923]","[512, 1, 13, 14, 530, 19, 531, 532, 533, 534, 536, 29, 54, 55, 56, 57, 58, 60, 573, 589, 596, 598, 601, 605, 102, 617, 620, 624, 118, 125, 127, 130, 134, 646, 651, 652, 653, 146, 658, 660, 149, 662, 153, 668, 175, 689, 180, 181, 182, 694, 697, 187, 189, 702, 191, 708, 197, 724, 725, 225, 230, 233, 745, 238, 760, 255, 775, 264, 265, 266, 788, 793, 797, 286, 806, 809, 302, 317, 829, 838, 839, 331, 336, 341, 857, 351, 354, 877, 379, 897, 388, 901, 389, 903, 905, 910, 923, 425, 449, 454, 458, 463, 475, 487, 498, 499, 503]",False,[],[],[],"[19, 180, 181, 233, 255, 331, 341, 351, 449, 454, 503, 651, 652, 697, 708, 788, 797, 806, 857, 897, 901]",[],"[1, 13, 14, 29, 54, 55, 56, 57, 58, 60, 102, 118, 125, 127, 130, 134, 146, 149, 153, 175, 182, 187, 189, 191, 197, 225, 230, 238, 264, 265, 266, 286, 302, 317, 336, 354, 379, 388, 389, 425, 454, 458, 463, 475, 487, 498, 499, 512, 530, 531, 532, 533, 534, 536, 573, 589, 596, 598, 601, 605, 617, 620, 624, 646, 653, 658, 660, 662, 668, 689, 694, 702, 724, 725, 745, 760, 775, 793, 809, 829, 838, 839, 877, 901, 903, 905, 910, 923]","[1, 13, 14, 29, 54, 55, 56, 57, 58, 60, 102, 118, 125, 127, 130, 134, 146, 149, 153, 175, 182, 187, 189, 191, 197, 225, 230, 238, 264, 265, 266, 286, 302, 317, 336, 379, 388, 389, 425, 454, 458, 463, 475, 487, 498, 499, 512, 530, 531, 532, 533, 534, 536, 573, 589, 596, 598, 601, 605, 617, 620, 624, 646, 653, 658, 660, 662, 668, 689, 694, 702, 724, 725, 745, 760, 775, 793, 829, 838, 839, 877, 901, 903, 905, 910, 923]",0/6 successful match,False,,False,418,False,,1.0,True,Crossroads Truck Stop ( Shell ),Shell
A Umatilla ( 97882 ) Crossroads Truck Stop ( Shell ),541-922-3297 I-82 Exit 1 ( US 730 W ),24 24 MOD <U+2610> <U+2610> <U+2610> <U+2610>,Umatilla,97882,Crossroads Truck Stop ( Shell ),541-922-3297,2016,Umatilla,OR,Shell,( US 730 W ),I-82 Exit 1 ,Exit,1,False,,False,I-82,,,,,[],[],[],"[19, 180, 181, 233, 255, 331, 341, 351, 449, 454, 503, 651, 652, 697, 708, 788, 797, 806, 857, 897, 901]",[],[],"[1, 13, 14, 29, 54, 55, 56, 57, 58, 60, 102, 118, 125, 127, 130, 134, 146, 149, 153, 175, 182, 187, 189, 191, 197, 225, 230, 238, 264, 265, 266, 286, 302, 317, 336, 379, 388, 389, 425, 454, 458, 463, 475, 487, 498, 499, 512, 530, 531, 532, 533, 534, 536, 573, 589, 596, 598, 601, 605, 617, 620, 624, 646, 653, 658, 660, 662, 668, 689, 694, 702, 724, 725, 745, 760, 775, 793, 829, 838, 839, 877, 901, 903, 905, 910, 923]","[1, 13, 14, 29, 54, 55, 56, 57, 58, 60, 102, 118, 125, 127, 130, 134, 146, 149, 153, 175, 182, 187, 189, 191, 197, 225, 230, 238, 264, 265, 266, 286, 302, 317, 336, 354, 379, 388, 389, 425, 454, 458, 463, 475, 487, 498, 499, 512, 530, 531, 532, 533, 534, 536, 573, 589, 596, 598, 601, 605, 617, 620, 624, 646, 653, 658, 660, 662, 668, 689, 694, 702, 724, 725, 745, 760, 775, 793, 809, 829, 838, 839, 877, 901, 903, 905, 910, 923]","[512, 1, 13, 14, 530, 19, 531, 532, 533, 534, 536, 29, 54, 55, 56, 57, 58, 60, 573, 589, 596, 598, 601, 605, 102, 617, 620, 624, 118, 125, 127, 130, 134, 646, 651, 652, 653, 146, 658, 660, 149, 662, 153, 668, 175, 689, 180, 181, 182, 694, 697, 187, 189, 702, 191, 708, 197, 724, 725, 225, 230, 233, 745, 238, 760, 255, 775, 264, 265, 266, 788, 793, 797, 286, 806, 809, 302, 317, 829, 838, 839, 331, 336, 341, 857, 351, 354, 877, 379, 897, 388, 901, 389, 903, 905, 910, 923, 425, 449, 454, 458, 463, 475, 487, 498, 499, 503]",False,[],[],[],"[19, 180, 181, 233, 255, 331, 341, 351, 449, 454, 503, 651, 652, 697, 708, 788, 797, 806, 857, 897, 901]",[],"[1, 13, 14, 29, 54, 55, 56, 57, 58, 60, 102, 118, 125, 127, 130, 134, 146, 149, 153, 175, 182, 187, 189, 191, 197, 225, 230, 238, 264, 265, 266, 286, 302, 317, 336, 354, 379, 388, 389, 425, 454, 458, 463, 475, 487, 498, 499, 512, 530, 531, 532, 533, 534, 536, 573, 589, 596, 598, 601, 605, 617, 620, 624, 646, 653, 658, 660, 662, 668, 689, 694, 702, 724, 725, 745, 760, 775, 793, 809, 829, 838, 839, 877, 901, 903, 905, 910, 923]","[1, 13, 14, 29, 54, 55, 56, 57, 58, 60, 102, 118, 125, 127, 130, 134, 146, 149, 153, 175, 182, 187, 189, 191, 197, 225, 230, 238, 264, 265, 266, 286, 302, 317, 336, 379, 388, 389, 425, 454, 458, 463, 475, 487, 498, 499, 512, 530, 531, 532, 533, 534, 536, 573, 589, 596, 598, 601, 605, 617, 620, 624, 646, 653, 658, 660, 662, 668, 689, 694, 702, 724, 725, 745, 760, 775, 793, 829, 838, 839, 877, 901, 903, 905, 910, 923]",0/6 successful match,False,,False,418,False,,1.0,True,Crossroads Truck Stop ( Shell ),Shell
"Jordan Valley , 97910 Jim's Shell",541-586-2244 801 US 95,,Jordan Valley,97910,Jim's Shell,541-586-2244,2006,Jordan Valley,OR,Shell,,801 US 95,Proper,,False,,False,US 95,,,,,[],[],"[298, 339, 428, 757, 795, 880]",[],[],"[8, 43, 71, 84, 86, 339, 348, 354, 360, 369, 382, 383, 384, 389, 390, 523, 546, 555, 557, 795, 803, 809, 819, 832, 833, 834, 839, 840]","[1, 13, 14, 29, 54, 55, 56, 57, 58, 60, 102, 118, 125, 127, 130, 134, 146, 149, 153, 175, 182, 187, 189, 191, 197, 225, 230, 238, 264, 265, 266, 286, 302, 317, 336, 379, 388, 389, 425, 454, 458, 463, 475, 487, 498, 499, 512, 530, 531, 532, 533, 534, 536, 573, 589, 596, 598, 601, 605, 617, 620, 624, 646, 653, 658, 660, 662, 668, 689, 694, 702, 724, 725, 745, 760, 775, 793, 829, 838, 839, 877, 901, 903, 905, 910, 923]","[1, 13, 14, 29, 54, 55, 56, 57, 58, 60, 102, 118, 125, 127, 130, 134, 146, 149, 153, 175, 182, 187, 189, 191, 197, 225, 230, 238, 264, 265, 266, 286, 302, 317, 336, 354, 379, 388, 389, 425, 454, 458, 463, 475, 487, 498, 499, 512, 530, 531, 532, 533, 534, 536, 573, 589, 596, 598, 601, 605, 617, 620, 624, 646, 653, 658, 660, 662, 668, 689, 694, 702, 724, 725, 745, 760, 775, 793, 809, 829, 838, 839, 877, 901, 903, 905, 910, 923]","[512, 1, 8, 523, 13, 14, 530, 531, 532, 533, 534, 536, 29, 546, 43, 555, 557, 54, 55, 56, 57, 58, 60, 573, 71, 589, 84, 596, 86, 598, 601, 605, 102, 617, 620, 624, 118, 125, 127, 130, 134, 646, 653, 146, 658, 660, 149, 662, 153, 668, 175, 689, 182, 694, 187, 189, 702, 191, 197, 724, 725, 225, 230, 745, 238, 757, 760, 775, 264, 265, 266, 793, 795, 286, 803, 809, 298, 302, 819, 317, 829, 832, 833, 834, 838, 839, 840, 336, 339, 348, 354, 360, 877, 880, 369, 379, 382, 383, 384, 388, 389, 390, 901, 903, 905, 910, 923, 425, 428, 454, 458, 463, 475, 487, 498, 499]",False,[],[],"[298, 339, 428, 757, 795, 880]",[],"[8, 43, 71, 84, 86, 339, 348, 354, 360, 369, 382, 383, 384, 389, 390, 523, 546, 555, 557, 795, 803, 809, 819, 832, 833, 834, 839, 840]","[1, 13, 14, 29, 54, 55, 56, 57, 58, 60, 102, 118, 125, 127, 130, 134, 146, 149, 153, 175, 182, 187, 189, 191, 197, 225, 230, 238, 264, 265, 266, 286, 302, 317, 336, 354, 379, 388, 389, 425, 454, 458, 463, 475, 487, 498, 499, 512, 530, 531, 532, 533, 534, 536, 573, 589, 596, 598, 601, 605, 617, 620, 624, 646, 653, 658, 660, 662, 668, 689, 694, 702, 724, 725, 745, 760, 775, 793, 809, 829, 838, 839, 877, 901, 903, 905, 910, 923]","[1, 13, 14, 29, 54, 55, 56, 57, 58, 60, 102, 118, 125, 127, 130, 134, 146, 149, 153, 175, 182, 187, 189, 191, 197, 225, 230, 238, 264, 265, 266, 286, 302, 317, 336, 379, 388, 389, 425, 454, 458, 463, 475, 487, 498, 499, 512, 530, 531, 532, 533, 534, 536, 573, 589, 596, 598, 601, 605, 617, 620, 624, 646, 653, 658, 660, 662, 668, 689, 694, 702, 724, 725, 745, 760, 775, 793, 829, 838, 839, 877, 901, 903, 905, 910, 923]",0/6 successful match,False,,False,419,False,,,,,
"Jordan Valley , 97910 Jim's",541-586-2244 801 US Shell 95,,Jordan Valley,97910,Jim's,541-586-2244,2007,Jordan Valley,OR,,,801 US Shell 95,Proper,,False,,False,801 US,,,,,[],[],"[298, 339, 428, 757, 795, 880]",[],[],[],[],[],"[298, 428, 880, 339, 757, 795]",False,[],[],"[298, 339, 428, 757, 795, 880]",[],[],[],[],0/6 successful match,False,,False,419,False,,0.7875000000000001,True,Jim's Shell,Shell
"Jordan Valley , 97910 Jim's Shell",541-586-2244 801 US 95,24 <U+2610> <U+2610>,Jordan Valley,97910,Jim's Shell,541-586-2244,2008,Jordan Valley,OR,Shell,,801 US 95,Proper,,False,,False,US 95,,,,,[],[],"[298, 339, 428, 757, 795, 880]",[],[],"[8, 43, 71, 84, 86, 339, 348, 354, 360, 369, 382, 383, 384, 389, 390, 523, 546, 555, 557, 795, 803, 809, 819, 832, 833, 834, 839, 840]","[1, 13, 14, 29, 54, 55, 56, 57, 58, 60, 102, 118, 125, 127, 130, 134, 146, 149, 153, 175, 182, 187, 189, 191, 197, 225, 230, 238, 264, 265, 266, 286, 302, 317, 336, 379, 388, 389, 425, 454, 458, 463, 475, 487, 498, 499, 512, 530, 531, 532, 533, 534, 536, 573, 589, 596, 598, 601, 605, 617, 620, 624, 646, 653, 658, 660, 662, 668, 689, 694, 702, 724, 725, 745, 760, 775, 793, 829, 838, 839, 877, 901, 903, 905, 910, 923]","[1, 13, 14, 29, 54, 55, 56, 57, 58, 60, 102, 118, 125, 127, 130, 134, 146, 149, 153, 175, 182, 187, 189, 191, 197, 225, 230, 238, 264, 265, 266, 286, 302, 317, 336, 354, 379, 388, 389, 425, 454, 458, 463, 475, 487, 498, 499, 512, 530, 531, 532, 533, 534, 536, 573, 589, 596, 598, 601, 605, 617, 620, 624, 646, 653, 658, 660, 662, 668, 689, 694, 702, 724, 725, 745, 760, 775, 793, 809, 829, 838, 839, 877, 901, 903, 905, 910, 923]","[512, 1, 8, 523, 13, 14, 530, 531, 532, 533, 534, 536, 29, 546, 43, 555, 557, 54, 55, 56, 57, 58, 60, 573, 71, 589, 84, 596, 86, 598, 601, 605, 102, 617, 620, 624, 118, 125, 127, 130, 134, 646, 653, 146, 658, 660, 149, 662, 153, 668, 175, 689, 182, 694, 187, 189, 702, 191, 197, 724, 725, 225, 230, 745, 238, 757, 760, 775, 264, 265, 266, 793, 795, 286, 803, 809, 298, 302, 819, 317, 829, 832, 833, 834, 838, 839, 840, 336, 339, 348, 354, 360, 877, 880, 369, 379, 382, 383, 384, 388, 389, 390, 901, 903, 905, 910, 923, 425, 428, 454, 458, 463, 475, 487, 498, 499]",False,[],[],"[298, 339, 428, 757, 795, 880]",[],"[8, 43, 71, 84, 86, 339, 348, 354, 360, 369, 382, 383, 384, 389, 390, 523, 546, 555, 557, 795, 803, 809, 819, 832, 833, 834, 839, 840]","[1, 13, 14, 29, 54, 55, 56, 57, 58, 60, 102, 118, 125, 127, 130, 134, 146, 149, 153, 175, 182, 187, 189, 191, 197, 225, 230, 238, 264, 265, 266, 286, 302, 317, 336, 354, 379, 388, 389, 425, 454, 458, 463, 475, 487, 498, 499, 512, 530, 531, 532, 533, 534, 536, 573, 589, 596, 598, 601, 605, 617, 620, 624, 646, 653, 658, 660, 662, 668, 689, 694, 702, 724, 725, 745, 760, 775, 793, 809, 829, 838, 839, 877, 901, 903, 905, 910, 923]","[1, 13, 14, 29, 54, 55, 56, 57, 58, 60, 102, 118, 125, 127, 130, 134, 146, 149, 153, 175, 182, 187, 189, 191, 197, 225, 230, 238, 264, 265, 266, 286, 302, 317, 336, 379, 388, 389, 425, 454, 458, 463, 475, 487, 498, 499, 512, 530, 531, 532, 533, 534, 536, 573, 589, 596, 598, 601, 605, 617, 620, 624, 646, 653, 658, 660, 662, 668, 689, 694, 702, 724, 725, 745, 760, 775, 793, 829, 838, 839, 877, 901, 903, 905, 910, 923]",0/6 successful match,False,,False,419,False,,0.7875000000000001,True,Jim's,
Jordan Valley ( 97910 ) Jim's Shell,541-586-2244 801 US 95,24 <U+25A1>,Jordan Valley,97910,Jim's Shell,541-586-2244,2014,Jordan Valley,OR,Shell,,801 US 95,Proper,,False,,False,US 95,,,,,[],[],"[298, 339, 428, 757, 795, 880]",[],[],"[8, 43, 71, 84, 86, 339, 348, 354, 360, 369, 382, 383, 384, 389, 390, 523, 546, 555, 557, 795, 803, 809, 819, 832, 833, 834, 839, 840]","[1, 13, 14, 29, 54, 55, 56, 57, 58, 60, 102, 118, 125, 127, 130, 134, 146, 149, 153, 175, 182, 187, 189, 191, 197, 225, 230, 238, 264, 265, 266, 286, 302, 317, 336, 379, 388, 389, 425, 454, 458, 463, 475, 487, 498, 499, 512, 530, 531, 532, 533, 534, 536, 573, 589, 596, 598, 601, 605, 617, 620, 624, 646, 653, 658, 660, 662, 668, 689, 694, 702, 724, 725, 745, 760, 775, 793, 829, 838, 839, 877, 901, 903, 905, 910, 923]","[1, 13, 14, 29, 54, 55, 56, 57, 58, 60, 102, 118, 125, 127, 130, 134, 146, 149, 153, 175, 182, 187, 189, 191, 197, 225, 230, 238, 264, 265, 266, 286, 302, 317, 336, 354, 379, 388, 389, 425, 454, 458, 463, 475, 487, 498, 499, 512, 530, 531, 532, 533, 534, 536, 573, 589, 596, 598, 601, 605, 617, 620, 624, 646, 653, 658, 660, 662, 668, 689, 694, 702, 724, 725, 745, 760, 775, 793, 809, 829, 838, 839, 877, 901, 903, 905, 910, 923]","[512, 1, 8, 523, 13, 14, 530, 531, 532, 533, 534, 536, 29, 546, 43, 555, 557, 54, 55, 56, 57, 58, 60, 573, 71, 589, 84, 596, 86, 598, 601, 605, 102, 617, 620, 624, 118, 125, 127, 130, 134, 646, 653, 146, 658, 660, 149, 662, 153, 668, 175, 689, 182, 694, 187, 189, 702, 191, 197, 724, 725, 225, 230, 745, 238, 757, 760, 775, 264, 265, 266, 793, 795, 286, 803, 809, 298, 302, 819, 317, 829, 832, 833, 834, 838, 839, 840, 336, 339, 348, 354, 360, 877, 880, 369, 379, 382, 383, 384, 388, 389, 390, 901, 903, 905, 910, 923, 425, 428, 454, 458, 463, 475, 487, 498, 499]",False,[],[],"[298, 339, 428, 757, 795, 880]",[],"[8, 43, 71, 84, 86, 339, 348, 354, 360, 369, 382, 383, 384, 389, 390, 523, 546, 555, 557, 795, 803, 809, 819, 832, 833, 834, 839, 840]","[1, 13, 14, 29, 54, 55, 56, 57, 58, 60, 102, 118, 125, 127, 130, 134, 146, 149, 153, 175, 182, 187, 189, 191, 197, 225, 230, 238, 264, 265, 266, 286, 302, 317, 336, 354, 379, 388, 389, 425, 454, 458, 463, 475, 487, 498, 499, 512, 530, 531, 532, 533, 534, 536, 573, 589, 596, 598, 601, 605, 617, 620, 624, 646, 653, 658, 660, 662, 668, 689, 694, 702, 724, 725, 745, 760, 775, 793, 809, 829, 838, 839, 877, 901, 903, 905, 910, 923]","[1, 13, 14, 29, 54, 55, 56, 57, 58, 60, 102, 118, 125, 127, 130, 134, 146, 149, 153, 175, 182, 187, 189, 191, 197, 225, 230, 238, 264, 265, 266, 286, 302, 317, 336, 379, 388, 389, 425, 454, 458, 463, 475, 487, 498, 499, 512, 530, 531, 532, 533, 534, 536, 573, 589, 596, 598, 601, 605, 617, 620, 624, 646, 653, 658, 660, 662, 668, 689, 694, 702, 724, 725, 745, 760, 775, 793, 829, 838, 839, 877, 901, 903, 905, 910, 923]",0/6 successful match,False,,False,419,False,,1.0,True,Jim's Shell,Shell
Jordan Valley ( 97910 ) Jim's Shell,8 541-586-2244 801 US 95,HRS 24 <U+25A1> <U+2610>,Jordan Valley,97910,Jim's Shell,541-586-2244,2015,Jordan Valley,OR,Shell,,801 US 95,Proper,,False,,False,US 95,,,,,[],[],"[298, 339, 428, 757, 795, 880]",[],[],"[8, 43, 71, 84, 86, 339, 348, 354, 360, 369, 382, 383, 384, 389, 390, 523, 546, 555, 557, 795, 803, 809, 819, 832, 833, 834, 839, 840]","[1, 13, 14, 29, 54, 55, 56, 57, 58, 60, 102, 118, 125, 127, 130, 134, 146, 149, 153, 175, 182, 187, 189, 191, 197, 225, 230, 238, 264, 265, 266, 286, 302, 317, 336, 379, 388, 389, 425, 454, 458, 463, 475, 487, 498, 499, 512, 530, 531, 532, 533, 534, 536, 573, 589, 596, 598, 601, 605, 617, 620, 624, 646, 653, 658, 660, 662, 668, 689, 694, 702, 724, 725, 745, 760, 775, 793, 829, 838, 839, 877, 901, 903, 905, 910, 923]","[1, 13, 14, 29, 54, 55, 56, 57, 58, 60, 102, 118, 125, 127, 130, 134, 146, 149, 153, 175, 182, 187, 189, 191, 197, 225, 230, 238, 264, 265, 266, 286, 302, 317, 336, 354, 379, 388, 389, 425, 454, 458, 463, 475, 487, 498, 499, 512, 530, 531, 532, 533, 534, 536, 573, 589, 596, 598, 601, 605, 617, 620, 624, 646, 653, 658, 660, 662, 668, 689, 694, 702, 724, 725, 745, 760, 775, 793, 809, 829, 838, 839, 877, 901, 903, 905, 910, 923]","[512, 1, 8, 523, 13, 14, 530, 531, 532, 533, 534, 536, 29, 546, 43, 555, 557, 54, 55, 56, 57, 58, 60, 573, 71, 589, 84, 596, 86, 598, 601, 605, 102, 617, 620, 624, 118, 125, 127, 130, 134, 646, 653, 146, 658, 660, 149, 662, 153, 668, 175, 689, 182, 694, 187, 189, 702, 191, 197, 724, 725, 225, 230, 745, 238, 757, 760, 775, 264, 265, 266, 793, 795, 286, 803, 809, 298, 302, 819, 317, 829, 832, 833, 834, 838, 839, 840, 336, 339, 348, 354, 360, 877, 880, 369, 379, 382, 383, 384, 388, 389, 390, 901, 903, 905, 910, 923, 425, 428, 454, 458, 463, 475, 487, 498, 499]",False,[],[],"[298, 339, 428, 757, 795, 880]",[],"[8, 43, 71, 84, 86, 339, 348, 354, 360, 369, 382, 383, 384, 389, 390, 523, 546, 555, 557, 795, 803, 809, 819, 832, 833, 834, 839, 840]","[1, 13, 14, 29, 54, 55, 56, 57, 58, 60, 102, 118, 125, 127, 130, 134, 146, 149, 153, 175, 182, 187, 189, 191, 197, 225, 230, 238, 264, 265, 266, 286, 302, 317, 336, 354, 379, 388, 389, 425, 454, 458, 463, 475, 487, 498, 499, 512, 530, 531, 532, 533, 534, 536, 573, 589, 596, 598, 601, 605, 617, 620, 624, 646, 653, 658, 660, 662, 668, 689, 694, 702, 724, 725, 745, 760, 775, 793, 809, 829, 838, 839, 877, 901, 903, 905, 910, 923]","[1, 13, 14, 29, 54, 55, 56, 57, 58, 60, 102, 118, 125, 127, 130, 134, 146, 149, 153, 175, 182, 187, 189, 191, 197, 225, 230, 238, 264, 265, 266, 286, 302, 317, 336, 379, 388, 389, 425, 454, 458, 463, 475, 487, 498, 499, 512, 530, 531, 532, 533, 534, 536, 573, 589, 596, 598, 601, 605, 617, 620, 624, 646, 653, 658, 660, 662, 668, 689, 694, 702, 724, 725, 745, 760, 775, 793, 829, 838, 839, 877, 901, 903, 905, 910, 923]",0/6 successful match,False,,False,419,False,,1.0,True,Jim's Shell,Shell
Jordan Valley ( 97910 ) Jim's Shell,8 541-586-2244 801 US 95,24 <U+2610><U+2610>,Jordan Valley,97910,Jim's Shell,541-586-2244,2016,Jordan Valley,OR,Shell,,801 US 95,Proper,,False,,False,US 95,,,,,[],[],"[298, 339, 428, 757, 795, 880]",[],[],"[8, 43, 71, 84, 86, 339, 348, 354, 360, 369, 382, 383, 384, 389, 390, 523, 546, 555, 557, 795, 803, 809, 819, 832, 833, 834, 839, 840]","[1, 13, 14, 29, 54, 55, 56, 57, 58, 60, 102, 118, 125, 127, 130, 134, 146, 149, 153, 175, 182, 187, 189, 191, 197, 225, 230, 238, 264, 265, 266, 286, 302, 317, 336, 379, 388, 389, 425, 454, 458, 463, 475, 487, 498, 499, 512, 530, 531, 532, 533, 534, 536, 573, 589, 596, 598, 601, 605, 617, 620, 624, 646, 653, 658, 660, 662, 668, 689, 694, 702, 724, 725, 745, 760, 775, 793, 829, 838, 839, 877, 901, 903, 905, 910, 923]","[1, 13, 14, 29, 54, 55, 56, 57, 58, 60, 102, 118, 125, 127, 130, 134, 146, 149, 153, 175, 182, 187, 189, 191, 197, 225, 230, 238, 264, 265, 266, 286, 302, 317, 336, 354, 379, 388, 389, 425, 454, 458, 463, 475, 487, 498, 499, 512, 530, 531, 532, 533, 534, 536, 573, 589, 596, 598, 601, 605, 617, 620, 624, 646, 653, 658, 660, 662, 668, 689, 694, 702, 724, 725, 745, 760, 775, 793, 809, 829, 838, 839, 877, 901, 903, 905, 910, 923]","[512, 1, 8, 523, 13, 14, 530, 531, 532, 533, 534, 536, 29, 546, 43, 555, 557, 54, 55, 56, 57, 58, 60, 573, 71, 589, 84, 596, 86, 598, 601, 605, 102, 617, 620, 624, 118, 125, 127, 130, 134, 646, 653, 146, 658, 660, 149, 662, 153, 668, 175, 689, 182, 694, 187, 189, 702, 191, 197, 724, 725, 225, 230, 745, 238, 757, 760, 775, 264, 265, 266, 793, 795, 286, 803, 809, 298, 302, 819, 317, 829, 832, 833, 834, 838, 839, 840, 336, 339, 348, 354, 360, 877, 880, 369, 379, 382, 383, 384, 388, 389, 390, 901, 903, 905, 910, 923, 425, 428, 454, 458, 463, 475, 487, 498, 499]",False,[],[],"[298, 339, 428, 757, 795, 880]",[],"[8, 43, 71, 84, 86, 339, 348, 354, 360, 369, 382, 383, 384, 389, 390, 523, 546, 555, 557, 795, 803, 809, 819, 832, 833, 834, 839, 840]","[1, 13, 14, 29, 54, 55, 56, 57, 58, 60, 102, 118, 125, 127, 130, 134, 146, 149, 153, 175, 182, 187, 189, 191, 197, 225, 230, 238, 264, 265, 266, 286, 302, 317, 336, 354, 379, 388, 389, 425, 454, 458, 463, 475, 487, 498, 499, 512, 530, 531, 532, 533, 534, 536, 573, 589, 596, 598, 601, 605, 617, 620, 624, 646, 653, 658, 660, 662, 668, 689, 694, 702, 724, 725, 745, 760, 775, 793, 809, 829, 838, 839, 877, 901, 903, 905, 910, 923]","[1, 13, 14, 29, 54, 55, 56, 57, 58, 60, 102, 118, 125, 127, 130, 134, 146, 149, 153, 175, 182, 187, 189, 191, 197, 225, 230, 238, 264, 265, 266, 286, 302, 317, 336, 379, 388, 389, 425, 454, 458, 463, 475, 487, 498, 499, 512, 530, 531, 532, 533, 534, 536, 573, 589, 596, 598, 601, 605, 617, 620, 624, 646, 653, 658, 660, 662, 668, 689, 694, 702, 724, 725, 745, 760, 775, 793, 829, 838, 839, 877, 901, 903, 905, 910, 923]",0/6 successful match,False,,False,419,False,,1.0,True,Jim's Shell,Shell
Cheyenne ( 82001 ) Little America Travel Center ( Sinclair ),307-775-8406 I-25 Exit 9 / I-80 Exit 358,24 S <U+2610>,Cheyenne,82001,Little America Travel Center ( Sinclair ),307-775-8406,2014,Cheyenne,WY,Sinclair,,I-25 Exit 9 / I-80 Exit 358,Exit,9,False,,False,I-25,,358,,,[],[],[],"[16, 43, 71, 463, 501, 523, 546, 857, 910]",[],"[108, 353, 430, 584, 808, 882]","[31, 142, 147, 180, 338, 352, 367, 387, 403, 405, 408, 410, 455, 465, 466, 468, 470, 472, 473, 483, 484, 514, 613, 618, 651, 794, 807, 837, 852, 854, 858, 861, 902, 912, 913, 915, 917, 919, 920, 931, 934, 935]","[31, 142, 147, 180, 338, 352, 367, 387, 403, 405, 408, 410, 455, 465, 466, 468, 470, 472, 473, 483, 484, 514, 613, 618, 651, 794, 807, 837, 852, 854, 858, 861, 902, 912, 913, 915, 917, 919, 920, 931, 934, 935]","[514, 387, 902, 523, 651, 910, 142, 16, 912, 913, 147, 403, 405, 915, 917, 408, 919, 410, 794, 920, 31, 546, 931, 934, 807, 808, 935, 43, 430, 180, 837, 71, 584, 455, 463, 465, 338, 466, 468, 852, 470, 854, 472, 857, 473, 858, 861, 352, 353, 483, 484, 613, 618, 108, 367, 882, 501]",False,[],[],[],"[16, 43, 71, 463, 501, 523, 546, 857, 910]","[108, 353, 430, 584, 808, 882]","[31, 142, 147, 180, 338, 352, 367, 387, 403, 405, 408, 410, 455, 465, 466, 468, 470, 472, 473, 483, 484, 514, 613, 618, 651, 794, 807, 837, 852, 854, 858, 861, 902, 912, 913, 915, 917, 919, 920, 931, 934, 935]","[31, 142, 147, 180, 338, 352, 367, 387, 403, 405, 408, 410, 455, 465, 466, 468, 470, 472, 473, 483, 484, 514, 613, 618, 651, 794, 807, 837, 852, 854, 858, 861, 902, 912, 913, 915, 917, 919, 920, 931, 934, 935]",0/6 successful match,False,,False,420,False,,,,,
Cheyenne ( 82001 ) Little America Travel Center ( Sinclair ),307-775-8406 I-25 Exit 9 / I-80 Exit 358,) PREDEST 24 S,Cheyenne,82001,Little America Travel Center ( Sinclair ),307-775-8406,2015,Cheyenne,WY,Sinclair,,I-25 Exit 9 / I-80 Exit 358,Exit,9,False,,False,I-25,,358,,,[],[],[],"[16, 43, 71, 463, 501, 523, 546, 857, 910]",[],"[108, 353, 430, 584, 808, 882]","[31, 142, 147, 180, 338, 352, 367, 387, 403, 405, 408, 410, 455, 465, 466, 468, 470, 472, 473, 483, 484, 514, 613, 618, 651, 794, 807, 837, 852, 854, 858, 861, 902, 912, 913, 915, 917, 919, 920, 931, 934, 935]","[31, 142, 147, 180, 338, 352, 367, 387, 403, 405, 408, 410, 455, 465, 466, 468, 470, 472, 473, 483, 484, 514, 613, 618, 651, 794, 807, 837, 852, 854, 858, 861, 902, 912, 913, 915, 917, 919, 920, 931, 934, 935]","[514, 387, 902, 523, 651, 910, 142, 16, 912, 913, 147, 403, 405, 915, 917, 408, 919, 410, 794, 920, 31, 546, 931, 934, 807, 808, 935, 43, 430, 180, 837, 71, 584, 455, 463, 465, 338, 466, 468, 852, 470, 854, 472, 857, 473, 858, 861, 352, 353, 483, 484, 613, 618, 108, 367, 882, 501]",False,[],[],[],"[16, 43, 71, 463, 501, 523, 546, 857, 910]","[108, 353, 430, 584, 808, 882]","[31, 142, 147, 180, 338, 352, 367, 387, 403, 405, 408, 410, 455, 465, 466, 468, 470, 472, 473, 483, 484, 514, 613, 618, 651, 794, 807, 837, 852, 854, 858, 861, 902, 912, 913, 915, 917, 919, 920, 931, 934, 935]","[31, 142, 147, 180, 338, 352, 367, 387, 403, 405, 408, 410, 455, 465, 466, 468, 470, 472, 473, 483, 484, 514, 613, 618, 651, 794, 807, 837, 852, 854, 858, 861, 902, 912, 913, 915, 917, 919, 920, 931, 934, 935]",0/6 successful match,False,,False,420,False,,1.0,True,Little America Travel Center ( Sinclair ),Sinclair
Cheyenne ( 82001 ) Little America Travel Center ( Sinclair ),307-775-8406 I-25 Exit 9 / I-80 Exit 358,24 SO <U+25A1>,Cheyenne,82001,Little America Travel Center ( Sinclair ),307-775-8406,2016,Cheyenne,WY,Sinclair,,I-25 Exit 9 / I-80 Exit 358,Exit,9,False,,False,I-25,,358,,,[],[],[],"[16, 43, 71, 463, 501, 523, 546, 857, 910]",[],"[108, 353, 430, 584, 808, 882]","[31, 142, 147, 180, 338, 352, 367, 387, 403, 405, 408, 410, 455, 465, 466, 468, 470, 472, 473, 483, 484, 514, 613, 618, 651, 794, 807, 837, 852, 854, 858, 861, 902, 912, 913, 915, 917, 919, 920, 931, 934, 935]","[31, 142, 147, 180, 338, 352, 367, 387, 403, 405, 408, 410, 455, 465, 466, 468, 470, 472, 473, 483, 484, 514, 613, 618, 651, 794, 807, 837, 852, 854, 858, 861, 902, 912, 913, 915, 917, 919, 920, 931, 934, 935]","[514, 387, 902, 523, 651, 910, 142, 16, 912, 913, 147, 403, 405, 915, 917, 408, 919, 410, 794, 920, 31, 546, 931, 934, 807, 808, 935, 43, 430, 180, 837, 71, 584, 455, 463, 465, 338, 466, 468, 852, 470, 854, 472, 857, 473, 858, 861, 352, 353, 483, 484, 613, 618, 108, 367, 882, 501]",False,[],[],[],"[16, 43, 71, 463, 501, 523, 546, 857, 910]","[108, 353, 430, 584, 808, 882]","[31, 142, 147, 180, 338, 352, 367, 387, 403, 405, 408, 410, 455, 465, 466, 468, 470, 472, 473, 483, 484, 514, 613, 618, 651, 794, 807, 837, 852, 854, 858, 861, 902, 912, 913, 915, 917, 919, 920, 931, 934, 935]","[31, 142, 147, 180, 338, 352, 367, 387, 403, 405, 408, 410, 455, 465, 466, 468, 470, 472, 473, 483, 484, 514, 613, 618, 651, 794, 807, 837, 852, 854, 858, 861, 902, 912, 913, 915, 917, 919, 920, 931, 934, 935]",0/6 successful match,False,,False,420,False,,1.0,True,Little America Travel Center ( Sinclair ),Sinclair
"Cheyenne , 82003 Diamond Shamrock # 4545",307-632-9271 I-25 Exit 7 ( College Dr ),HRS 24,Cheyenne,82003,Diamond Shamrock # 4545,307-632-9271,2006,Cheyenne,WY,Shamrock,( College Dr ),I-25 Exit 7 ,Exit,7,False,,False,I-25,,,,,[],[],[],"[198, 266, 316, 378, 422, 669, 774, 828, 874]",[],"[108, 353, 430, 584, 808, 882]",[],[],"[353, 422, 198, 774, 828, 266, 874, 108, 584, 430, 808, 882, 378, 316, 669]",False,[],[],[],"[198, 266, 316, 378, 422, 669, 774, 828, 874]","[108, 353, 430, 584, 808, 882]",[],[],0/6 successful match,False,,False,421,False,,,,,
"Cheyenne , 82003 Holdings Little America ( Sinclair )",9 307-775-8406 I-25 Exit 9 / I-80 Exit 358 EB / 359 C WB,M <U+2610>,Cheyenne,82003,Holdings Little America ( Sinclair ),307-775-8406,2006,Cheyenne,WY,Sinclair,,I-25 Exit 9 / I-80 Exit 358 EB / 359 C WB,Exit,9,False,,False,I-25,,358,359,,[],[],[],"[16, 43, 71, 90, 463, 501, 523, 546, 561, 857, 910]",[],"[108, 353, 430, 584, 808, 882]","[31, 142, 147, 180, 338, 352, 367, 387, 403, 405, 408, 410, 455, 465, 466, 468, 470, 472, 473, 483, 484, 514, 613, 618, 651, 794, 807, 837, 852, 854, 858, 861, 902, 912, 913, 915, 917, 919, 920, 931, 934, 935]","[31, 142, 147, 180, 338, 352, 367, 387, 403, 405, 408, 410, 455, 465, 466, 468, 470, 472, 473, 483, 484, 514, 613, 618, 651, 794, 807, 837, 852, 854, 858, 861, 902, 912, 913, 915, 917, 919, 920, 931, 934, 935]","[514, 387, 902, 523, 651, 910, 142, 16, 912, 913, 147, 403, 405, 915, 917, 408, 919, 410, 794, 920, 31, 546, 931, 934, 807, 808, 935, 43, 430, 561, 180, 837, 71, 584, 455, 463, 465, 338, 466, 468, 852, 470, 854, 472, 857, 90, 473, 858, 861, 352, 353, 483, 484, 613, 618, 108, 367, 882, 501]",False,[],[],[],"[16, 43, 71, 90, 463, 501, 523, 546, 561, 857, 910]","[108, 353, 430, 584, 808, 882]","[31, 142, 147, 180, 338, 352, 367, 387, 403, 405, 408, 410, 455, 465, 466, 468, 470, 472, 473, 483, 484, 514, 613, 618, 651, 794, 807, 837, 852, 854, 858, 861, 902, 912, 913, 915, 917, 919, 920, 931, 934, 935]","[31, 142, 147, 180, 338, 352, 367, 387, 403, 405, 408, 410, 455, 465, 466, 468, 470, 472, 473, 483, 484, 514, 613, 618, 651, 794, 807, 837, 852, 854, 858, 861, 902, 912, 913, 915, 917, 919, 920, 931, 934, 935]",0/6 successful match,False,,False,422,False,,,,,
"Cheyenne , 82003 Holdings Little America ( Sinclair )",307-775-8406 I-25 Exit 9 / I-80 Exit 358 EB / 359 C WB,24 HRS XL +9,Cheyenne,82003,Holdings Little America ( Sinclair ),307-775-8406,2007,Cheyenne,WY,Sinclair,,I-25 Exit 9 / I-80 Exit 358 EB / 359 C WB,Exit,9,False,,False,I-25,,358,359,,[],[],[],"[16, 43, 71, 90, 463, 501, 523, 546, 561, 857, 910]",[],"[108, 353, 430, 584, 808, 882]","[31, 142, 147, 180, 338, 352, 367, 387, 403, 405, 408, 410, 455, 465, 466, 468, 470, 472, 473, 483, 484, 514, 613, 618, 651, 794, 807, 837, 852, 854, 858, 861, 902, 912, 913, 915, 917, 919, 920, 931, 934, 935]","[31, 142, 147, 180, 338, 352, 367, 387, 403, 405, 408, 410, 455, 465, 466, 468, 470, 472, 473, 483, 484, 514, 613, 618, 651, 794, 807, 837, 852, 854, 858, 861, 902, 912, 913, 915, 917, 919, 920, 931, 934, 935]","[514, 387, 902, 523, 651, 910, 142, 16, 912, 913, 147, 403, 405, 915, 917, 408, 919, 410, 794, 920, 31, 546, 931, 934, 807, 808, 935, 43, 430, 561, 180, 837, 71, 584, 455, 463, 465, 338, 466, 468, 852, 470, 854, 472, 857, 90, 473, 858, 861, 352, 353, 483, 484, 613, 618, 108, 367, 882, 501]",False,[],[],[],"[16, 43, 71, 90, 463, 501, 523, 546, 561, 857, 910]","[108, 353, 430, 584, 808, 882]","[31, 142, 147, 180, 338, 352, 367, 387, 403, 405, 408, 410, 455, 465, 466, 468, 470, 472, 473, 483, 484, 514, 613, 618, 651, 794, 807, 837, 852, 854, 858, 861, 902, 912, 913, 915, 917, 919, 920, 931, 934, 935]","[31, 142, 147, 180, 338, 352, 367, 387, 403, 405, 408, 410, 455, 465, 466, 468, 470, 472, 473, 483, 484, 514, 613, 618, 651, 794, 807, 837, 852, 854, 858, 861, 902, 912, 913, 915, 917, 919, 920, 931, 934, 935]",0/6 successful match,False,,False,422,False,,1.0,True,Holdings Little America ( Sinclair ),Sinclair
"Cheyenne , 82003 Little America Truck Stop ) ( Sinclair )",307-775-8406 I-25 Exit 9 / I-80 Exit 358 EB / 359 C WB,24 HRS HRS M O <U+2610>,Cheyenne,82003,Little America Truck Stop ) ( Sinclair ),307-775-8406,2008,Cheyenne,WY,Sinclair,,I-25 Exit 9 / I-80 Exit 358 EB / 359 C WB,Exit,9,False,,False,I-25,,358,359,,[],[],[],"[16, 43, 71, 90, 463, 501, 523, 546, 561, 857, 910]",[],"[108, 353, 430, 584, 808, 882]","[31, 142, 147, 180, 338, 352, 367, 387, 403, 405, 408, 410, 455, 465, 466, 468, 470, 472, 473, 483, 484, 514, 613, 618, 651, 794, 807, 837, 852, 854, 858, 861, 902, 912, 913, 915, 917, 919, 920, 931, 934, 935]","[31, 142, 147, 180, 338, 352, 367, 387, 403, 405, 408, 410, 455, 465, 466, 468, 470, 472, 473, 483, 484, 514, 613, 618, 651, 794, 807, 837, 852, 854, 858, 861, 902, 912, 913, 915, 917, 919, 920, 931, 934, 935]","[514, 387, 902, 523, 651, 910, 142, 16, 912, 913, 147, 403, 405, 915, 917, 408, 919, 410, 794, 920, 31, 546, 931, 934, 807, 808, 935, 43, 430, 561, 180, 837, 71, 584, 455, 463, 465, 338, 466, 468, 852, 470, 854, 472, 857, 90, 473, 858, 861, 352, 353, 483, 484, 613, 618, 108, 367, 882, 501]",False,[],[],[],"[16, 43, 71, 90, 463, 501, 523, 546, 561, 857, 910]","[108, 353, 430, 584, 808, 882]","[31, 142, 147, 180, 338, 352, 367, 387, 403, 405, 408, 410, 455, 465, 466, 468, 470, 472, 473, 483, 484, 514, 613, 618, 651, 794, 807, 837, 852, 854, 858, 861, 902, 912, 913, 915, 917, 919, 920, 931, 934, 935]","[31, 142, 147, 180, 338, 352, 367, 387, 403, 405, 408, 410, 455, 465, 466, 468, 470, 472, 473, 483, 484, 514, 613, 618, 651, 794, 807, 837, 852, 854, 858, 861, 902, 912, 913, 915, 917, 919, 920, 931, 934, 935]",0/6 successful match,False,,False,422,False,,1.0,True,Holdings Little America ( Sinclair ),Sinclair
"Cheyenne , 82007 Valero # 4545",307-632-9271 I-25 Exit 7 ( College Dr ),224 HRS L,Cheyenne,82007,Valero # 4545,307-632-9271,2007,Cheyenne,WY,Valero,( College Dr ),I-25 Exit 7 ,Exit,7,False,,False,I-25,,,,,[],[],[],"[198, 266, 316, 378, 422, 669, 774, 828, 874]",[],"[108, 353, 430, 584, 808, 882]","[2, 9, 10, 82, 111, 112, 113, 199, 279, 284, 285, 300, 488, 494, 495, 553, 581, 582, 583, 670, 738, 743, 744, 759, 818]","[2, 9, 10, 82, 111, 112, 113, 199, 279, 284, 285, 300, 488, 494, 495, 553, 581, 582, 583, 670, 738, 743, 744, 759, 818]","[2, 774, 9, 266, 10, 279, 284, 669, 285, 670, 422, 808, 553, 300, 430, 818, 828, 316, 581, 198, 199, 584, 582, 583, 82, 353, 738, 743, 488, 744, 874, 108, 494, 111, 112, 113, 882, 495, 759, 378]",False,[],[],[],"[198, 266, 316, 378, 422, 669, 774, 828, 874]","[108, 353, 430, 584, 808, 882]","[2, 9, 10, 82, 111, 112, 113, 199, 279, 284, 285, 300, 488, 494, 495, 553, 581, 582, 583, 670, 738, 743, 744, 759, 818]","[2, 9, 10, 82, 111, 112, 113, 199, 279, 284, 285, 300, 488, 494, 495, 553, 581, 582, 583, 670, 738, 743, 744, 759, 818]",0/6 successful match,False,,False,423,False,,,,,
"Cheyenne , 82007 Valero # 4545 )",307-632-9271 I-25 Exit 7 ( College Dr ),24 22 S <U+2610><U+2610> <U+2610> <U+2610>,Cheyenne,82007,Valero # 4545 ),307-632-9271,2008,Cheyenne,WY,Valero,( College Dr ),I-25 Exit 7 ,Exit,7,False,,False,I-25,,,,,[],[],[],"[198, 266, 316, 378, 422, 669, 774, 828, 874]",[],"[108, 353, 430, 584, 808, 882]","[2, 9, 10, 82, 111, 112, 113, 199, 279, 284, 285, 300, 488, 494, 495, 553, 581, 582, 583, 670, 738, 743, 744, 759, 818]","[2, 9, 10, 82, 111, 112, 113, 199, 279, 284, 285, 300, 488, 494, 495, 553, 581, 582, 583, 670, 738, 743, 744, 759, 818]","[2, 774, 9, 266, 10, 279, 284, 669, 285, 670, 422, 808, 553, 300, 430, 818, 828, 316, 581, 198, 199, 584, 582, 583, 82, 353, 738, 743, 488, 744, 874, 108, 494, 111, 112, 113, 882, 495, 759, 378]",False,[],[],[],"[198, 266, 316, 378, 422, 669, 774, 828, 874]","[108, 353, 430, 584, 808, 882]","[2, 9, 10, 82, 111, 112, 113, 199, 279, 284, 285, 300, 488, 494, 495, 553, 581, 582, 583, 670, 738, 743, 744, 759, 818]","[2, 9, 10, 82, 111, 112, 113, 199, 279, 284, 285, 300, 488, 494, 495, 553, 581, 582, 583, 670, 738, 743, 744, 759, 818]",0/6 successful match,False,,False,423,False,,1.0,True,Valero # 4545,Valero
Cheyenne ( 82007 ) Corner Store # 4545 ( Valero ),307-632-9271 I-25 Exit 7 ( College Dr ),24 S O,Cheyenne,82007,Corner Store # 4545 ( Valero ),307-632-9271,2014,Cheyenne,WY,Valero,( College Dr ),I-25 Exit 7 ,Exit,7,False,,False,I-25,,,,,[],[],[],"[198, 266, 316, 378, 422, 669, 774, 828, 874]",[],"[108, 353, 430, 584, 808, 882]","[2, 9, 10, 82, 111, 112, 113, 199, 279, 284, 285, 300, 488, 494, 495, 553, 581, 582, 583, 670, 738, 743, 744, 759, 818]","[2, 9, 10, 82, 111, 112, 113, 196, 199, 279, 284, 285, 300, 397, 488, 494, 495, 553, 581, 582, 583, 667, 670, 738, 743, 744, 759, 818, 847]","[2, 774, 9, 266, 10, 397, 279, 667, 284, 669, 285, 670, 422, 808, 553, 300, 430, 818, 828, 316, 196, 581, 198, 199, 584, 582, 583, 847, 82, 353, 738, 743, 488, 744, 874, 108, 494, 111, 112, 113, 882, 495, 759, 378]",False,[],[],[],"[198, 266, 316, 378, 422, 669, 774, 828, 874]","[108, 353, 430, 584, 808, 882]","[2, 9, 10, 82, 111, 112, 113, 196, 199, 279, 284, 285, 300, 397, 488, 494, 495, 553, 581, 582, 583, 667, 670, 738, 743, 744, 759, 818, 847]","[2, 9, 10, 82, 111, 112, 113, 199, 279, 284, 285, 300, 488, 494, 495, 553, 581, 582, 583, 670, 738, 743, 744, 759, 818]",0/6 successful match,False,,False,423,False,,0.86,True,Valero # 4545 ),Valero
Cheyenne ( 82007 ) Corner Store # 4545 ( Valero ),9 307-632-9271 I-25 Exit 7 ( College Dr ),24 SO,Cheyenne,82007,Corner Store # 4545 ( Valero ),307-632-9271,2015,Cheyenne,WY,Valero,( College Dr ),I-25 Exit 7 ,Exit,7,False,,False,I-25,,,,,[],[],[],"[198, 266, 316, 378, 422, 669, 774, 828, 874]",[],"[108, 353, 430, 584, 808, 882]","[2, 9, 10, 82, 111, 112, 113, 199, 279, 284, 285, 300, 488, 494, 495, 553, 581, 582, 583, 670, 738, 743, 744, 759, 818]","[2, 9, 10, 82, 111, 112, 113, 196, 199, 279, 284, 285, 300, 397, 488, 494, 495, 553, 581, 582, 583, 667, 670, 738, 743, 744, 759, 818, 847]","[2, 774, 9, 266, 10, 397, 279, 667, 284, 669, 285, 670, 422, 808, 553, 300, 430, 818, 828, 316, 196, 581, 198, 199, 584, 582, 583, 847, 82, 353, 738, 743, 488, 744, 874, 108, 494, 111, 112, 113, 882, 495, 759, 378]",False,[],[],[],"[198, 266, 316, 378, 422, 669, 774, 828, 874]","[108, 353, 430, 584, 808, 882]","[2, 9, 10, 82, 111, 112, 113, 196, 199, 279, 284, 285, 300, 397, 488, 494, 495, 553, 581, 582, 583, 667, 670, 738, 743, 744, 759, 818, 847]","[2, 9, 10, 82, 111, 112, 113, 199, 279, 284, 285, 300, 488, 494, 495, 553, 581, 582, 583, 670, 738, 743, 744, 759, 818]",0/6 successful match,False,,False,423,False,,1.0,True,Corner Store # 4545 ( Valero ),Valero
Cheyenne ( 82007 ) Corner Store # 4545 ( Valero ),307-632-9271 I-25 Exit 7 ( College Dr ),24 RS S,Cheyenne,82007,Corner Store # 4545 ( Valero ),307-632-9271,2016,Cheyenne,WY,Valero,( College Dr ),I-25 Exit 7 ,Exit,7,False,,False,I-25,,,,,[],[],[],"[198, 266, 316, 378, 422, 669, 774, 828, 874]",[],"[108, 353, 430, 584, 808, 882]","[2, 9, 10, 82, 111, 112, 113, 199, 279, 284, 285, 300, 488, 494, 495, 553, 581, 582, 583, 670, 738, 743, 744, 759, 818]","[2, 9, 10, 82, 111, 112, 113, 196, 199, 279, 284, 285, 300, 397, 488, 494, 495, 553, 581, 582, 583, 667, 670, 738, 743, 744, 759, 818, 847]","[2, 774, 9, 266, 10, 397, 279, 667, 284, 669, 285, 670, 422, 808, 553, 300, 430, 818, 828, 316, 196, 581, 198, 199, 584, 582, 583, 847, 82, 353, 738, 743, 488, 744, 874, 108, 494, 111, 112, 113, 882, 495, 759, 378]",False,[],[],[],"[198, 266, 316, 378, 422, 669, 774, 828, 874]","[108, 353, 430, 584, 808, 882]","[2, 9, 10, 82, 111, 112, 113, 196, 199, 279, 284, 285, 300, 397, 488, 494, 495, 553, 581, 582, 583, 667, 670, 738, 743, 744, 759, 818, 847]","[2, 9, 10, 82, 111, 112, 113, 199, 279, 284, 285, 300, 488, 494, 495, 553, 581, 582, 583, 670, 738, 743, 744, 759, 818]",0/6 successful match,False,,False,423,False,,1.0,True,Corner Store # 4545 ( Valero ),Valero
"Buford , 82052 Buford Trading Post",307-632-3999 I-80 Exit 335,XL 24,Buford,82052,Buford Trading Post,307-632-3999,2007,Buford,WY,,,I-80 Exit 335,Exit,335,False,,False,I-80,,,,,[],[],[],[],[],"[89, 108, 172, 217, 221, 239, 264, 280, 321, 342, 343, 344, 345, 346, 349, 351, 352, 355, 357, 359, 364, 368, 371, 372, 373, 374, 376, 377, 387, 392, 393, 403, 409, 411, 414, 424, 430, 449, 454, 470, 480, 560, 584, 643, 685, 703, 724, 739, 779, 798, 799, 800, 801, 804, 806, 807, 810, 812, 814, 816, 821, 822, 823, 824, 826, 827, 837, 842, 843, 852, 859, 862, 865, 869, 876, 882, 897, 901, 917, 932]",[],"[133, 604]","[560, 584, 89, 604, 108, 643, 133, 172, 685, 703, 724, 217, 221, 739, 239, 264, 779, 280, 798, 799, 800, 801, 804, 806, 807, 810, 812, 814, 816, 821, 822, 823, 824, 826, 827, 321, 837, 842, 843, 852, 342, 343, 344, 345, 346, 859, 349, 862, 351, 352, 865, 355, 357, 869, 359, 364, 876, 368, 882, 371, 372, 373, 374, 376, 377, 897, 387, 901, 392, 393, 403, 917, 409, 411, 414, 932, 424, 430, 449, 454, 470, 480]",False,[],[],[],[],"[89, 108, 172, 217, 221, 239, 264, 280, 321, 342, 343, 344, 345, 346, 349, 351, 352, 355, 357, 359, 364, 368, 371, 372, 373, 374, 376, 377, 387, 392, 393, 403, 409, 411, 414, 424, 430, 449, 454, 470, 480, 560, 584, 643, 685, 703, 724, 739, 779, 798, 799, 800, 801, 804, 806, 807, 810, 812, 814, 816, 821, 822, 823, 824, 826, 827, 837, 842, 843, 852, 859, 862, 865, 869, 876, 882, 897, 901, 917, 932]","[133, 604]",[],0/6 successful match,False,,False,424,False,,,,,
"Buford , 82052 Buford Trading Post (",8 307-632-3999 I-80 Exit 335 Cenex ),M,Buford,82052,Buford Trading Post (,307-632-3999,2008,Buford,WY,,,I-80 Exit 335 Cenex ,Exit,335,False,,False,I-80,,,,,[],[],[],[],[],"[89, 108, 172, 217, 221, 239, 264, 280, 321, 342, 343, 344, 345, 346, 349, 351, 352, 355, 357, 359, 364, 368, 371, 372, 373, 374, 376, 377, 387, 392, 393, 403, 409, 411, 414, 424, 430, 449, 454, 470, 480, 560, 584, 643, 685, 703, 724, 739, 779, 798, 799, 800, 801, 804, 806, 807, 810, 812, 814, 816, 821, 822, 823, 824, 826, 827, 837, 842, 843, 852, 859, 862, 865, 869, 876, 882, 897, 901, 917, 932]",[],"[133, 604]","[560, 584, 89, 604, 108, 643, 133, 172, 685, 703, 724, 217, 221, 739, 239, 264, 779, 280, 798, 799, 800, 801, 804, 806, 807, 810, 812, 814, 816, 821, 822, 823, 824, 826, 827, 321, 837, 842, 843, 852, 342, 343, 344, 345, 346, 859, 349, 862, 351, 352, 865, 355, 357, 869, 359, 364, 876, 368, 882, 371, 372, 373, 374, 376, 377, 897, 387, 901, 392, 393, 403, 917, 409, 411, 414, 932, 424, 430, 449, 454, 470, 480]",False,[],[],[],[],"[89, 108, 172, 217, 221, 239, 264, 280, 321, 342, 343, 344, 345, 346, 349, 351, 352, 355, 357, 359, 364, 368, 371, 372, 373, 374, 376, 377, 387, 392, 393, 403, 409, 411, 414, 424, 430, 449, 454, 470, 480, 560, 584, 643, 685, 703, 724, 739, 779, 798, 799, 800, 801, 804, 806, 807, 810, 812, 814, 816, 821, 822, 823, 824, 826, 827, 837, 842, 843, 852, 859, 862, 865, 869, 876, 882, 897, 901, 917, 932]","[133, 604]",[],0/6 successful match,False,,False,424,False,,1.0,True,Buford Trading Post,
"Quealy Dome , 82070 Sinclair 4 Gas Stop",307-742-0269 I-80 Exit 290,24 L,Quealy Dome,82070,Sinclair 4 Gas Stop,307-742-0269,2006,Laramie,WY,Sinclair,,I-80 Exit 290,Exit,290,False,,False,I-80,,,,,[],[],[],[],[],"[89, 108, 172, 217, 221, 239, 264, 280, 321, 342, 343, 344, 345, 346, 349, 351, 352, 355, 357, 359, 364, 368, 371, 372, 373, 374, 376, 377, 387, 392, 393, 403, 409, 411, 414, 424, 430, 449, 454, 470, 480, 560, 584, 643, 685, 703, 724, 739, 779, 798, 799, 800, 801, 804, 806, 807, 810, 812, 814, 816, 821, 822, 823, 824, 826, 827, 837, 842, 843, 852, 859, 862, 865, 869, 876, 882, 897, 901, 917, 932]","[31, 142, 147, 180, 338, 352, 367, 387, 403, 405, 408, 410, 455, 465, 466, 468, 470, 472, 473, 483, 484, 514, 613, 618, 651, 794, 807, 837, 852, 854, 858, 861, 902, 912, 913, 915, 917, 919, 920, 931, 934, 935]","[31, 142, 147, 180, 338, 352, 367, 387, 403, 405, 408, 410, 455, 465, 466, 468, 470, 472, 473, 483, 484, 514, 613, 618, 651, 794, 807, 837, 852, 854, 858, 861, 902, 912, 913, 915, 917, 919, 920, 931, 934, 935]","[514, 31, 560, 584, 89, 613, 618, 108, 643, 651, 142, 147, 172, 685, 180, 703, 724, 217, 221, 739, 239, 264, 779, 280, 794, 798, 799, 800, 801, 804, 806, 807, 810, 812, 814, 816, 821, 822, 823, 824, 826, 827, 321, 837, 842, 843, 338, 852, 342, 343, 344, 345, 346, 859, 854, 349, 862, 351, 352, 865, 858, 355, 861, 357, 869, 359, 364, 876, 367, 368, 882, 371, 372, 373, 374, 376, 377, 897, 387, 901, 902, 392, 393, 912, 913, 403, 915, 917, 405, 919, 408, 409, 410, 411, 920, 414, 931, 932, 934, 935, 424, 430, 449, 454, 455, 465, 466, 468, 470, 472, 473, 480, 483, 484]",False,[],[],[],[],"[89, 108, 172, 217, 221, 239, 264, 280, 321, 342, 343, 344, 345, 346, 349, 351, 352, 355, 357, 359, 364, 368, 371, 372, 373, 374, 376, 377, 387, 392, 393, 403, 409, 411, 414, 424, 430, 449, 454, 470, 480, 560, 584, 643, 685, 703, 724, 739, 779, 798, 799, 800, 801, 804, 806, 807, 810, 812, 814, 816, 821, 822, 823, 824, 826, 827, 837, 842, 843, 852, 859, 862, 865, 869, 876, 882, 897, 901, 917, 932]","[31, 142, 147, 180, 338, 352, 367, 387, 403, 405, 408, 410, 455, 465, 466, 468, 470, 472, 473, 483, 484, 514, 613, 618, 651, 794, 807, 837, 852, 854, 858, 861, 902, 912, 913, 915, 917, 919, 920, 931, 934, 935]","[31, 142, 147, 180, 338, 352, 367, 387, 403, 405, 408, 410, 455, 465, 466, 468, 470, 472, 473, 483, 484, 514, 613, 618, 651, 794, 807, 837, 852, 854, 858, 861, 902, 912, 913, 915, 917, 919, 920, 931, 934, 935]",0/6 successful match,False,,False,425,False,,,,,
"Quealy Dome , 82070 Sinclair",307-742-0269 I-80 Exit 290,24 L <U+2610>,Quealy Dome,82070,Sinclair,307-742-0269,2007,Laramie,WY,Sinclair,,I-80 Exit 290,Exit,290,False,,False,I-80,,,,,[],[],[],[],[],"[89, 108, 172, 217, 221, 239, 264, 280, 321, 342, 343, 344, 345, 346, 349, 351, 352, 355, 357, 359, 364, 368, 371, 372, 373, 374, 376, 377, 387, 392, 393, 403, 409, 411, 414, 424, 430, 449, 454, 470, 480, 560, 584, 643, 685, 703, 724, 739, 779, 798, 799, 800, 801, 804, 806, 807, 810, 812, 814, 816, 821, 822, 823, 824, 826, 827, 837, 842, 843, 852, 859, 862, 865, 869, 876, 882, 897, 901, 917, 932]","[31, 142, 147, 180, 338, 352, 367, 387, 403, 405, 408, 410, 455, 465, 466, 468, 470, 472, 473, 483, 484, 514, 613, 618, 651, 794, 807, 837, 852, 854, 858, 861, 902, 912, 913, 915, 917, 919, 920, 931, 934, 935]","[31, 142, 147, 180, 338, 352, 367, 387, 403, 405, 408, 410, 455, 465, 466, 468, 470, 472, 473, 483, 484, 514, 613, 618, 651, 794, 807, 837, 852, 854, 858, 861, 902, 912, 913, 915, 917, 919, 920, 931, 934, 935]","[514, 31, 560, 584, 89, 613, 618, 108, 643, 651, 142, 147, 172, 685, 180, 703, 724, 217, 221, 739, 239, 264, 779, 280, 794, 798, 799, 800, 801, 804, 806, 807, 810, 812, 814, 816, 821, 822, 823, 824, 826, 827, 321, 837, 842, 843, 338, 852, 342, 343, 344, 345, 346, 859, 854, 349, 862, 351, 352, 865, 858, 355, 861, 357, 869, 359, 364, 876, 367, 368, 882, 371, 372, 373, 374, 376, 377, 897, 387, 901, 902, 392, 393, 912, 913, 403, 915, 917, 405, 919, 408, 409, 410, 411, 920, 414, 931, 932, 934, 935, 424, 430, 449, 454, 455, 465, 466, 468, 470, 472, 473, 480, 483, 484]",False,[],[],[],[],"[89, 108, 172, 217, 221, 239, 264, 280, 321, 342, 343, 344, 345, 346, 349, 351, 352, 355, 357, 359, 364, 368, 371, 372, 373, 374, 376, 377, 387, 392, 393, 403, 409, 411, 414, 424, 430, 449, 454, 470, 480, 560, 584, 643, 685, 703, 724, 739, 779, 798, 799, 800, 801, 804, 806, 807, 810, 812, 814, 816, 821, 822, 823, 824, 826, 827, 837, 842, 843, 852, 859, 862, 865, 869, 876, 882, 897, 901, 917, 932]","[31, 142, 147, 180, 338, 352, 367, 387, 403, 405, 408, 410, 455, 465, 466, 468, 470, 472, 473, 483, 484, 514, 613, 618, 651, 794, 807, 837, 852, 854, 858, 861, 902, 912, 913, 915, 917, 919, 920, 931, 934, 935]","[31, 142, 147, 180, 338, 352, 367, 387, 403, 405, 408, 410, 455, 465, 466, 468, 470, 472, 473, 483, 484, 514, 613, 618, 651, 794, 807, 837, 852, 854, 858, 861, 902, 912, 913, 915, 917, 919, 920, 931, 934, 935]",0/6 successful match,False,,False,425,False,,0.7777777777777777,True,Sinclair 4 Gas Stop,Sinclair
Quealy Dome ( 82070 ) A & C Truck Stop,8 307-745-1653 I-80 Exit 290,<U+25A1> L <U+2610> D,Quealy Dome,82070,A & C Truck Stop,307-745-1653,2014,Laramie,WY,,,I-80 Exit 290,Exit,290,False,,False,I-80,,,,,[],[],[],[],[],"[89, 108, 172, 217, 221, 239, 264, 280, 321, 342, 343, 344, 345, 346, 349, 351, 352, 355, 357, 359, 364, 368, 371, 372, 373, 374, 376, 377, 387, 392, 393, 403, 409, 411, 414, 424, 430, 449, 454, 470, 480, 560, 584, 643, 685, 703, 724, 739, 779, 798, 799, 800, 801, 804, 806, 807, 810, 812, 814, 816, 821, 822, 823, 824, 826, 827, 837, 842, 843, 852, 859, 862, 865, 869, 876, 882, 897, 901, 917, 932]",[],[],"[560, 584, 89, 108, 643, 172, 685, 703, 724, 217, 221, 739, 239, 264, 779, 280, 798, 799, 800, 801, 804, 806, 807, 810, 812, 814, 816, 821, 822, 823, 824, 826, 827, 321, 837, 842, 843, 852, 342, 343, 344, 345, 346, 859, 349, 862, 351, 352, 865, 355, 357, 869, 359, 364, 876, 368, 882, 371, 372, 373, 374, 376, 377, 897, 387, 901, 392, 393, 403, 917, 409, 411, 414, 932, 424, 430, 449, 454, 470, 480]",False,[],[],[],[],"[89, 108, 172, 217, 221, 239, 264, 280, 321, 342, 343, 344, 345, 346, 349, 351, 352, 355, 357, 359, 364, 368, 371, 372, 373, 374, 376, 377, 387, 392, 393, 403, 409, 411, 414, 424, 430, 449, 454, 470, 480, 560, 584, 643, 685, 703, 724, 739, 779, 798, 799, 800, 801, 804, 806, 807, 810, 812, 814, 816, 821, 822, 823, 824, 826, 827, 837, 842, 843, 852, 859, 862, 865, 869, 876, 882, 897, 901, 917, 932]",[],[],0/6 successful match,False,,False,426,False,,,,,
Quealy Dome ( 82070 ) A & C Truck Stop,8 307-745-1653 I-80 Exit 290,<U+2610> OL <U+2610> <U+2610>,Quealy Dome,82070,A & C Truck Stop,307-745-1653,2015,Laramie,WY,,,I-80 Exit 290,Exit,290,False,,False,I-80,,,,,[],[],[],[],[],"[89, 108, 172, 217, 221, 239, 264, 280, 321, 342, 343, 344, 345, 346, 349, 351, 352, 355, 357, 359, 364, 368, 371, 372, 373, 374, 376, 377, 387, 392, 393, 403, 409, 411, 414, 424, 430, 449, 454, 470, 480, 560, 584, 643, 685, 703, 724, 739, 779, 798, 799, 800, 801, 804, 806, 807, 810, 812, 814, 816, 821, 822, 823, 824, 826, 827, 837, 842, 843, 852, 859, 862, 865, 869, 876, 882, 897, 901, 917, 932]",[],[],"[560, 584, 89, 108, 643, 172, 685, 703, 724, 217, 221, 739, 239, 264, 779, 280, 798, 799, 800, 801, 804, 806, 807, 810, 812, 814, 816, 821, 822, 823, 824, 826, 827, 321, 837, 842, 843, 852, 342, 343, 344, 345, 346, 859, 349, 862, 351, 352, 865, 355, 357, 869, 359, 364, 876, 368, 882, 371, 372, 373, 374, 376, 377, 897, 387, 901, 392, 393, 403, 917, 409, 411, 414, 932, 424, 430, 449, 454, 470, 480]",False,[],[],[],[],"[89, 108, 172, 217, 221, 239, 264, 280, 321, 342, 343, 344, 345, 346, 349, 351, 352, 355, 357, 359, 364, 368, 371, 372, 373, 374, 376, 377, 387, 392, 393, 403, 409, 411, 414, 424, 430, 449, 454, 470, 480, 560, 584, 643, 685, 703, 724, 739, 779, 798, 799, 800, 801, 804, 806, 807, 810, 812, 814, 816, 821, 822, 823, 824, 826, 827, 837, 842, 843, 852, 859, 862, 865, 869, 876, 882, 897, 901, 917, 932]",[],[],0/6 successful match,False,,False,426,False,,1.0,True,A & C Truck Stop,
"Pine Bluffs , 82082 Race Track",307-245-3264 I-80 Exit 401 ( Parson St ),24 M L,Pine Bluffs,82082,Race Track,307-245-3264,2006,Pine Bluffs,WY,,( Parson St ),I-80 Exit 401 ,Exit,401,False,,False,I-80,,,,,[],[],"[130, 601]",[],[],"[89, 108, 172, 217, 221, 239, 264, 280, 321, 342, 343, 344, 345, 346, 349, 351, 352, 355, 357, 359, 364, 368, 371, 372, 373, 374, 376, 377, 387, 392, 393, 403, 409, 411, 414, 424, 430, 449, 454, 470, 480, 560, 584, 643, 685, 703, 724, 739, 779, 798, 799, 800, 801, 804, 806, 807, 810, 812, 814, 816, 821, 822, 823, 824, 826, 827, 837, 842, 843, 852, 859, 862, 865, 869, 876, 882, 897, 901, 917, 932]",[],[],"[560, 584, 601, 89, 108, 130, 643, 172, 685, 703, 724, 217, 221, 739, 239, 264, 779, 280, 798, 799, 800, 801, 804, 806, 807, 810, 812, 814, 816, 821, 822, 823, 824, 826, 827, 321, 837, 842, 843, 852, 342, 343, 344, 345, 346, 859, 349, 862, 351, 352, 865, 355, 357, 869, 359, 364, 876, 368, 882, 371, 372, 373, 374, 376, 377, 897, 387, 901, 392, 393, 403, 917, 409, 411, 414, 932, 424, 430, 449, 454, 470, 480]",False,[],[],"[130, 601]",[],"[89, 108, 172, 217, 221, 239, 264, 280, 321, 342, 343, 344, 345, 346, 349, 351, 352, 355, 357, 359, 364, 368, 371, 372, 373, 374, 376, 377, 387, 392, 393, 403, 409, 411, 414, 424, 430, 449, 454, 470, 480, 560, 584, 643, 685, 703, 724, 739, 779, 798, 799, 800, 801, 804, 806, 807, 810, 812, 814, 816, 821, 822, 823, 824, 826, 827, 837, 842, 843, 852, 859, 862, 865, 869, 876, 882, 897, 901, 917, 932]",[],[],0/6 successful match,False,,False,427,False,,,,,
"Pine Bluffs , 82082 Race Track",307-245-3264 I-80 Exit 401 ( Parson St ),M,Pine Bluffs,82082,Race Track,307-245-3264,2007,Pine Bluffs,WY,,( Parson St ),I-80 Exit 401 ,Exit,401,False,,False,I-80,,,,,[],[],"[130, 601]",[],[],"[89, 108, 172, 217, 221, 239, 264, 280, 321, 342, 343, 344, 345, 346, 349, 351, 352, 355, 357, 359, 364, 368, 371, 372, 373, 374, 376, 377, 387, 392, 393, 403, 409, 411, 414, 424, 430, 449, 454, 470, 480, 560, 584, 643, 685, 703, 724, 739, 779, 798, 799, 800, 801, 804, 806, 807, 810, 812, 814, 816, 821, 822, 823, 824, 826, 827, 837, 842, 843, 852, 859, 862, 865, 869, 876, 882, 897, 901, 917, 932]",[],[],"[560, 584, 601, 89, 108, 130, 643, 172, 685, 703, 724, 217, 221, 739, 239, 264, 779, 280, 798, 799, 800, 801, 804, 806, 807, 810, 812, 814, 816, 821, 822, 823, 824, 826, 827, 321, 837, 842, 843, 852, 342, 343, 344, 345, 346, 859, 349, 862, 351, 352, 865, 355, 357, 869, 359, 364, 876, 368, 882, 371, 372, 373, 374, 376, 377, 897, 387, 901, 392, 393, 403, 917, 409, 411, 414, 932, 424, 430, 449, 454, 470, 480]",False,[],[],"[130, 601]",[],"[89, 108, 172, 217, 221, 239, 264, 280, 321, 342, 343, 344, 345, 346, 349, 351, 352, 355, 357, 359, 364, 368, 371, 372, 373, 374, 376, 377, 387, 392, 393, 403, 409, 411, 414, 424, 430, 449, 454, 470, 480, 560, 584, 643, 685, 703, 724, 739, 779, 798, 799, 800, 801, 804, 806, 807, 810, 812, 814, 816, 821, 822, 823, 824, 826, 827, 837, 842, 843, 852, 859, 862, 865, 869, 876, 882, 897, 901, 917, 932]",[],[],0/6 successful match,False,,False,427,False,,1.0,True,Race Track,
"Pine Bluffs , 82082 Race Track",307-245-3264 I-80 Exit 401 ( Parson St ),M,Pine Bluffs,82082,Race Track,307-245-3264,2008,Pine Bluffs,WY,,( Parson St ),I-80 Exit 401 ,Exit,401,False,,False,I-80,,,,,[],[],"[130, 601]",[],[],"[89, 108, 172, 217, 221, 239, 264, 280, 321, 342, 343, 344, 345, 346, 349, 351, 352, 355, 357, 359, 364, 368, 371, 372, 373, 374, 376, 377, 387, 392, 393, 403, 409, 411, 414, 424, 430, 449, 454, 470, 480, 560, 584, 643, 685, 703, 724, 739, 779, 798, 799, 800, 801, 804, 806, 807, 810, 812, 814, 816, 821, 822, 823, 824, 826, 827, 837, 842, 843, 852, 859, 862, 865, 869, 876, 882, 897, 901, 917, 932]",[],[],"[560, 584, 601, 89, 108, 130, 643, 172, 685, 703, 724, 217, 221, 739, 239, 264, 779, 280, 798, 799, 800, 801, 804, 806, 807, 810, 812, 814, 816, 821, 822, 823, 824, 826, 827, 321, 837, 842, 843, 852, 342, 343, 344, 345, 346, 859, 349, 862, 351, 352, 865, 355, 357, 869, 359, 364, 876, 368, 882, 371, 372, 373, 374, 376, 377, 897, 387, 901, 392, 393, 403, 917, 409, 411, 414, 932, 424, 430, 449, 454, 470, 480]",False,[],[],"[130, 601]",[],"[89, 108, 172, 217, 221, 239, 264, 280, 321, 342, 343, 344, 345, 346, 349, 351, 352, 355, 357, 359, 364, 368, 371, 372, 373, 374, 376, 377, 387, 392, 393, 403, 409, 411, 414, 424, 430, 449, 454, 470, 480, 560, 584, 643, 685, 703, 724, 739, 779, 798, 799, 800, 801, 804, 806, 807, 810, 812, 814, 816, 821, 822, 823, 824, 826, 827, 837, 842, 843, 852, 859, 862, 865, 869, 876, 882, 897, 901, 917, 932]",[],[],0/6 successful match,False,,False,427,False,,1.0,True,Race Track,
"Wheatland , 82201 Wheatland Co - op Association ( Cenex )",8 307-322-2978 I-25 Exit 79 ( to 16 St ),) 000 D,Wheatland,82201,Wheatland Co - op Association ( Cenex ),307-322-2978,2006,Wheatland,WY,Cenex,( to 16 St ),I-25 Exit 79 ,Exit,79,False,,False,I-25,,,,,[],[],[],[],[],"[108, 353, 430, 584, 808, 882]",[],"[401, 850]","[353, 584, 808, 108, 430, 401, 882, 850]",False,[],[],[],[],"[108, 353, 430, 584, 808, 882]","[401, 850]",[],0/6 successful match,False,,False,428,False,,,,,
Rawlins ( 82301 ) TA Rawlins # 234 ( Shell ),6 307-324-8722 I-80 Exit 214 ( Higley Blvd ),24 XL 24,Rawlins,82301,TA Rawlins # 234 ( Shell ),307-324-8722,2014,Rawlins,WY,Shell,( Higley Blvd ),I-80 Exit 214 ,Exit,214,False,,False,I-80,,,,,[],[],[],[],[],"[89, 108, 172, 217, 221, 239, 264, 280, 321, 342, 343, 344, 345, 346, 349, 351, 352, 355, 357, 359, 364, 368, 371, 372, 373, 374, 376, 377, 387, 392, 393, 403, 409, 411, 414, 424, 430, 449, 454, 470, 480, 560, 584, 643, 685, 703, 724, 739, 779, 798, 799, 800, 801, 804, 806, 807, 810, 812, 814, 816, 821, 822, 823, 824, 826, 827, 837, 842, 843, 852, 859, 862, 865, 869, 876, 882, 897, 901, 917, 932]","[1, 13, 14, 29, 54, 55, 56, 57, 58, 60, 102, 118, 125, 127, 130, 134, 146, 149, 153, 175, 182, 187, 189, 191, 197, 225, 230, 238, 264, 265, 266, 286, 302, 317, 336, 379, 388, 389, 425, 454, 458, 463, 475, 487, 498, 499, 512, 530, 531, 532, 533, 534, 536, 573, 589, 596, 598, 601, 605, 617, 620, 624, 646, 653, 658, 660, 662, 668, 689, 694, 702, 724, 725, 745, 760, 775, 793, 829, 838, 839, 877, 901, 903, 905, 910, 923]","[1, 13, 14, 29, 54, 55, 56, 57, 58, 60, 102, 118, 125, 127, 130, 134, 146, 149, 153, 175, 182, 187, 189, 191, 197, 225, 230, 238, 264, 265, 266, 286, 301, 302, 317, 336, 354, 379, 388, 389, 425, 454, 458, 463, 475, 476, 487, 498, 499, 512, 530, 531, 532, 533, 534, 536, 573, 589, 596, 598, 601, 605, 617, 620, 624, 646, 653, 658, 660, 662, 668, 689, 694, 702, 724, 725, 745, 760, 775, 793, 809, 829, 838, 839, 877, 901, 903, 905, 910, 923, 924, 925]","[512, 1, 13, 14, 530, 531, 532, 533, 534, 536, 29, 560, 54, 55, 56, 57, 58, 60, 573, 584, 589, 596, 598, 89, 601, 605, 102, 617, 108, 620, 624, 118, 125, 127, 130, 643, 134, 646, 653, 146, 658, 660, 149, 662, 153, 668, 172, 685, 175, 689, 182, 694, 187, 189, 702, 703, 191, 197, 724, 725, 217, 221, 225, 739, 230, 745, 238, 239, 760, 775, 264, 265, 266, 779, 280, 793, 798, 799, 800, 801, 286, 804, 806, 807, 809, 810, 812, 301, 814, 302, 816, 821, 822, 823, 824, 826, 827, 317, 829, 321, 837, 838, 839, 842, 843, 336, 852, 342, 343, 344, 345, 346, 859, 349, 862, 351, 352, 865, 354, 355, 357, 869, 359, 364, 876, 877, 368, 882, 371, 372, 373, 374, 376, 377, 379, 897, 387, 388, 901, 389, 903, 392, 393, 905, 910, 403, 917, 409, 411, 923, 924, 414, 925, 932, 424, 425, 430, 449, 454, 458, 463, 470, 475, 476, 480, 487, 498, 499]",False,[],[],[],[],"[89, 108, 172, 217, 221, 239, 264, 280, 321, 342, 343, 344, 345, 346, 349, 351, 352, 355, 357, 359, 364, 368, 371, 372, 373, 374, 376, 377, 387, 392, 393, 403, 409, 411, 414, 424, 430, 449, 454, 470, 480, 560, 584, 643, 685, 703, 724, 739, 779, 798, 799, 800, 801, 804, 806, 807, 810, 812, 814, 816, 821, 822, 823, 824, 826, 827, 837, 842, 843, 852, 859, 862, 865, 869, 876, 882, 897, 901, 917, 932]","[1, 13, 14, 29, 54, 55, 56, 57, 58, 60, 102, 118, 125, 127, 130, 134, 146, 149, 153, 175, 182, 187, 189, 191, 197, 225, 230, 238, 264, 265, 266, 286, 301, 302, 317, 336, 354, 379, 388, 389, 425, 454, 458, 463, 475, 476, 487, 498, 499, 512, 530, 531, 532, 533, 534, 536, 573, 589, 596, 598, 601, 605, 617, 620, 624, 646, 653, 658, 660, 662, 668, 689, 694, 702, 724, 725, 745, 760, 775, 793, 809, 829, 838, 839, 877, 901, 903, 905, 910, 923, 924, 925]","[1, 13, 14, 29, 54, 55, 56, 57, 58, 60, 102, 118, 125, 127, 130, 134, 146, 149, 153, 175, 182, 187, 189, 191, 197, 225, 230, 238, 264, 265, 266, 286, 302, 317, 336, 379, 388, 389, 425, 454, 458, 463, 475, 487, 498, 499, 512, 530, 531, 532, 533, 534, 536, 573, 589, 596, 598, 601, 605, 617, 620, 624, 646, 653, 658, 660, 662, 668, 689, 694, 702, 724, 725, 745, 760, 775, 793, 829, 838, 839, 877, 901, 903, 905, 910, 923]",0/6 successful match,False,,False,429,False,,,,,
Rawlins ( 82301 ) TA Rawlins # 234 ( Shell ),307-324-8722 I-80 Exit 214 ( Higley Blvd ) A,A 24 <U+2610> XL 24,Rawlins,82301,TA Rawlins # 234 ( Shell ),307-324-8722,2015,Rawlins,WY,Shell,( Higley Blvd ) A,I-80 Exit 214 ,Exit,214,False,,False,I-80,,,,,[],[],[],[],[],"[89, 108, 172, 217, 221, 239, 264, 280, 321, 342, 343, 344, 345, 346, 349, 351, 352, 355, 357, 359, 364, 368, 371, 372, 373, 374, 376, 377, 387, 392, 393, 403, 409, 411, 414, 424, 430, 449, 454, 470, 480, 560, 584, 643, 685, 703, 724, 739, 779, 798, 799, 800, 801, 804, 806, 807, 810, 812, 814, 816, 821, 822, 823, 824, 826, 827, 837, 842, 843, 852, 859, 862, 865, 869, 876, 882, 897, 901, 917, 932]","[1, 13, 14, 29, 54, 55, 56, 57, 58, 60, 102, 118, 125, 127, 130, 134, 146, 149, 153, 175, 182, 187, 189, 191, 197, 225, 230, 238, 264, 265, 266, 286, 302, 317, 336, 379, 388, 389, 425, 454, 458, 463, 475, 487, 498, 499, 512, 530, 531, 532, 533, 534, 536, 573, 589, 596, 598, 601, 605, 617, 620, 624, 646, 653, 658, 660, 662, 668, 689, 694, 702, 724, 725, 745, 760, 775, 793, 829, 838, 839, 877, 901, 903, 905, 910, 923]","[1, 13, 14, 29, 54, 55, 56, 57, 58, 60, 102, 118, 125, 127, 130, 134, 146, 149, 153, 175, 182, 187, 189, 191, 197, 225, 230, 238, 264, 265, 266, 286, 301, 302, 317, 336, 354, 379, 388, 389, 425, 454, 458, 463, 475, 476, 487, 498, 499, 512, 530, 531, 532, 533, 534, 536, 573, 589, 596, 598, 601, 605, 617, 620, 624, 646, 653, 658, 660, 662, 668, 689, 694, 702, 724, 725, 745, 760, 775, 793, 809, 829, 838, 839, 877, 901, 903, 905, 910, 923, 924, 925]","[512, 1, 13, 14, 530, 531, 532, 533, 534, 536, 29, 560, 54, 55, 56, 57, 58, 60, 573, 584, 589, 596, 598, 89, 601, 605, 102, 617, 108, 620, 624, 118, 125, 127, 130, 643, 134, 646, 653, 146, 658, 660, 149, 662, 153, 668, 172, 685, 175, 689, 182, 694, 187, 189, 702, 703, 191, 197, 724, 725, 217, 221, 225, 739, 230, 745, 238, 239, 760, 775, 264, 265, 266, 779, 280, 793, 798, 799, 800, 801, 286, 804, 806, 807, 809, 810, 812, 301, 814, 302, 816, 821, 822, 823, 824, 826, 827, 317, 829, 321, 837, 838, 839, 842, 843, 336, 852, 342, 343, 344, 345, 346, 859, 349, 862, 351, 352, 865, 354, 355, 357, 869, 359, 364, 876, 877, 368, 882, 371, 372, 373, 374, 376, 377, 379, 897, 387, 388, 901, 389, 903, 392, 393, 905, 910, 403, 917, 409, 411, 923, 924, 414, 925, 932, 424, 425, 430, 449, 454, 458, 463, 470, 475, 476, 480, 487, 498, 499]",False,[],[],[],[],"[89, 108, 172, 217, 221, 239, 264, 280, 321, 342, 343, 344, 345, 346, 349, 351, 352, 355, 357, 359, 364, 368, 371, 372, 373, 374, 376, 377, 387, 392, 393, 403, 409, 411, 414, 424, 430, 449, 454, 470, 480, 560, 584, 643, 685, 703, 724, 739, 779, 798, 799, 800, 801, 804, 806, 807, 810, 812, 814, 816, 821, 822, 823, 824, 826, 827, 837, 842, 843, 852, 859, 862, 865, 869, 876, 882, 897, 901, 917, 932]","[1, 13, 14, 29, 54, 55, 56, 57, 58, 60, 102, 118, 125, 127, 130, 134, 146, 149, 153, 175, 182, 187, 189, 191, 197, 225, 230, 238, 264, 265, 266, 286, 301, 302, 317, 336, 354, 379, 388, 389, 425, 454, 458, 463, 475, 476, 487, 498, 499, 512, 530, 531, 532, 533, 534, 536, 573, 589, 596, 598, 601, 605, 617, 620, 624, 646, 653, 658, 660, 662, 668, 689, 694, 702, 724, 725, 745, 760, 775, 793, 809, 829, 838, 839, 877, 901, 903, 905, 910, 923, 924, 925]","[1, 13, 14, 29, 54, 55, 56, 57, 58, 60, 102, 118, 125, 127, 130, 134, 146, 149, 153, 175, 182, 187, 189, 191, 197, 225, 230, 238, 264, 265, 266, 286, 302, 317, 336, 379, 388, 389, 425, 454, 458, 463, 475, 487, 498, 499, 512, 530, 531, 532, 533, 534, 536, 573, 589, 596, 598, 601, 605, 617, 620, 624, 646, 653, 658, 660, 662, 668, 689, 694, 702, 724, 725, 745, 760, 775, 793, 829, 838, 839, 877, 901, 903, 905, 910, 923]",0/6 successful match,False,,False,429,False,,1.0,True,TA Rawlins # 234 ( Shell ),Shell
Rawlins ( 82301 ) TA Rawlins # 234 ( Shell ),6 307-324-8722 I-80 Exit 214 ( Higley Blvd ),24 XL,Rawlins,82301,TA Rawlins # 234 ( Shell ),307-324-8722,2016,Rawlins,WY,Shell,( Higley Blvd ),I-80 Exit 214 ,Exit,214,False,,False,I-80,,,,,[],[],[],[],[],"[89, 108, 172, 217, 221, 239, 264, 280, 321, 342, 343, 344, 345, 346, 349, 351, 352, 355, 357, 359, 364, 368, 371, 372, 373, 374, 376, 377, 387, 392, 393, 403, 409, 411, 414, 424, 430, 449, 454, 470, 480, 560, 584, 643, 685, 703, 724, 739, 779, 798, 799, 800, 801, 804, 806, 807, 810, 812, 814, 816, 821, 822, 823, 824, 826, 827, 837, 842, 843, 852, 859, 862, 865, 869, 876, 882, 897, 901, 917, 932]","[1, 13, 14, 29, 54, 55, 56, 57, 58, 60, 102, 118, 125, 127, 130, 134, 146, 149, 153, 175, 182, 187, 189, 191, 197, 225, 230, 238, 264, 265, 266, 286, 302, 317, 336, 379, 388, 389, 425, 454, 458, 463, 475, 487, 498, 499, 512, 530, 531, 532, 533, 534, 536, 573, 589, 596, 598, 601, 605, 617, 620, 624, 646, 653, 658, 660, 662, 668, 689, 694, 702, 724, 725, 745, 760, 775, 793, 829, 838, 839, 877, 901, 903, 905, 910, 923]","[1, 13, 14, 29, 54, 55, 56, 57, 58, 60, 102, 118, 125, 127, 130, 134, 146, 149, 153, 175, 182, 187, 189, 191, 197, 225, 230, 238, 264, 265, 266, 286, 301, 302, 317, 336, 354, 379, 388, 389, 425, 454, 458, 463, 475, 476, 487, 498, 499, 512, 530, 531, 532, 533, 534, 536, 573, 589, 596, 598, 601, 605, 617, 620, 624, 646, 653, 658, 660, 662, 668, 689, 694, 702, 724, 725, 745, 760, 775, 793, 809, 829, 838, 839, 877, 901, 903, 905, 910, 923, 924, 925]","[512, 1, 13, 14, 530, 531, 532, 533, 534, 536, 29, 560, 54, 55, 56, 57, 58, 60, 573, 584, 589, 596, 598, 89, 601, 605, 102, 617, 108, 620, 624, 118, 125, 127, 130, 643, 134, 646, 653, 146, 658, 660, 149, 662, 153, 668, 172, 685, 175, 689, 182, 694, 187, 189, 702, 703, 191, 197, 724, 725, 217, 221, 225, 739, 230, 745, 238, 239, 760, 775, 264, 265, 266, 779, 280, 793, 798, 799, 800, 801, 286, 804, 806, 807, 809, 810, 812, 301, 814, 302, 816, 821, 822, 823, 824, 826, 827, 317, 829, 321, 837, 838, 839, 842, 843, 336, 852, 342, 343, 344, 345, 346, 859, 349, 862, 351, 352, 865, 354, 355, 357, 869, 359, 364, 876, 877, 368, 882, 371, 372, 373, 374, 376, 377, 379, 897, 387, 388, 901, 389, 903, 392, 393, 905, 910, 403, 917, 409, 411, 923, 924, 414, 925, 932, 424, 425, 430, 449, 454, 458, 463, 470, 475, 476, 480, 487, 498, 499]",False,[],[],[],[],"[89, 108, 172, 217, 221, 239, 264, 280, 321, 342, 343, 344, 345, 346, 349, 351, 352, 355, 357, 359, 364, 368, 371, 372, 373, 374, 376, 377, 387, 392, 393, 403, 409, 411, 414, 424, 430, 449, 454, 470, 480, 560, 584, 643, 685, 703, 724, 739, 779, 798, 799, 800, 801, 804, 806, 807, 810, 812, 814, 816, 821, 822, 823, 824, 826, 827, 837, 842, 843, 852, 859, 862, 865, 869, 876, 882, 897, 901, 917, 932]","[1, 13, 14, 29, 54, 55, 56, 57, 58, 60, 102, 118, 125, 127, 130, 134, 146, 149, 153, 175, 182, 187, 189, 191, 197, 225, 230, 238, 264, 265, 266, 286, 301, 302, 317, 336, 354, 379, 388, 389, 425, 454, 458, 463, 475, 476, 487, 498, 499, 512, 530, 531, 532, 533, 534, 536, 573, 589, 596, 598, 601, 605, 617, 620, 624, 646, 653, 658, 660, 662, 668, 689, 694, 702, 724, 725, 745, 760, 775, 793, 809, 829, 838, 839, 877, 901, 903, 905, 910, 923, 924, 925]","[1, 13, 14, 29, 54, 55, 56, 57, 58, 60, 102, 118, 125, 127, 130, 134, 146, 149, 153, 175, 182, 187, 189, 191, 197, 225, 230, 238, 264, 265, 266, 286, 302, 317, 336, 379, 388, 389, 425, 454, 458, 463, 475, 487, 498, 499, 512, 530, 531, 532, 533, 534, 536, 573, 589, 596, 598, 601, 605, 617, 620, 624, 646, 653, 658, 660, 662, 668, 689, 694, 702, 724, 725, 745, 760, 775, 793, 829, 838, 839, 877, 901, 903, 905, 910, 923]",0/6 successful match,False,,False,429,False,,1.0,True,TA Rawlins # 234 ( Shell ),Shell
"Rawlins , 82301 TravelCenters of America ( Shell )",307-328-2103 I-80 Exit 214 ( Higley Blvd ) TA,24 XL <U+2610>,Rawlins,82301,TravelCenters of America ( Shell ),307-328-2103,2006,Rawlins,WY,TravelCenters,( Higley Blvd ) TA,I-80 Exit 214 ,Exit,214,False,,False,I-80,,,,,[],[],[],[],[],"[89, 108, 172, 217, 221, 239, 264, 280, 321, 342, 343, 344, 345, 346, 349, 351, 352, 355, 357, 359, 364, 368, 371, 372, 373, 374, 376, 377, 387, 392, 393, 403, 409, 411, 414, 424, 430, 449, 454, 470, 480, 560, 584, 643, 685, 703, 724, 739, 779, 798, 799, 800, 801, 804, 806, 807, 810, 812, 814, 816, 821, 822, 823, 824, 826, 827, 837, 842, 843, 852, 859, 862, 865, 869, 876, 882, 897, 901, 917, 932]","[98, 476, 481, 569, 924, 925]","[1, 13, 14, 29, 54, 55, 56, 57, 58, 60, 102, 118, 125, 127, 130, 134, 146, 149, 153, 175, 182, 187, 189, 191, 197, 225, 230, 238, 264, 265, 266, 286, 302, 317, 336, 354, 379, 388, 389, 425, 454, 458, 463, 475, 487, 498, 499, 512, 530, 531, 532, 533, 534, 536, 573, 589, 596, 598, 601, 605, 617, 620, 624, 646, 653, 658, 660, 662, 668, 689, 694, 702, 724, 725, 745, 760, 775, 793, 809, 829, 838, 839, 877, 901, 903, 905, 910, 923]","[512, 1, 13, 14, 530, 531, 532, 533, 534, 536, 29, 560, 54, 55, 56, 569, 57, 58, 60, 573, 584, 589, 596, 598, 89, 601, 605, 98, 102, 617, 108, 620, 624, 118, 125, 127, 130, 643, 134, 646, 653, 146, 658, 660, 149, 662, 153, 668, 172, 685, 175, 689, 182, 694, 187, 189, 702, 703, 191, 197, 724, 725, 217, 221, 225, 739, 230, 745, 238, 239, 760, 775, 264, 265, 266, 779, 280, 793, 798, 799, 800, 801, 286, 804, 806, 807, 809, 810, 812, 814, 302, 816, 821, 822, 823, 824, 826, 827, 317, 829, 321, 837, 838, 839, 842, 843, 336, 852, 342, 343, 344, 345, 346, 859, 349, 862, 351, 352, 865, 354, 355, 357, 869, 359, 364, 876, 877, 368, 882, 371, 372, 373, 374, 376, 377, 379, 897, 387, 388, 901, 389, 903, 392, 393, 905, 910, 403, 917, 409, 411, 924, 925, 414, 923, 932, 424, 425, 430, 449, 454, 458, 463, 470, 475, 476, 480, 481, 487, 498, 499]",False,[],[],[],[],"[89, 108, 172, 217, 221, 239, 264, 280, 321, 342, 343, 344, 345, 346, 349, 351, 352, 355, 357, 359, 364, 368, 371, 372, 373, 374, 376, 377, 387, 392, 393, 403, 409, 411, 414, 424, 430, 449, 454, 470, 480, 560, 584, 643, 685, 703, 724, 739, 779, 798, 799, 800, 801, 804, 806, 807, 810, 812, 814, 816, 821, 822, 823, 824, 826, 827, 837, 842, 843, 852, 859, 862, 865, 869, 876, 882, 897, 901, 917, 932]","[1, 13, 14, 29, 54, 55, 56, 57, 58, 60, 102, 118, 125, 127, 130, 134, 146, 149, 153, 175, 182, 187, 189, 191, 197, 225, 230, 238, 264, 265, 266, 286, 302, 317, 336, 354, 379, 388, 389, 425, 454, 458, 463, 475, 487, 498, 499, 512, 530, 531, 532, 533, 534, 536, 573, 589, 596, 598, 601, 605, 617, 620, 624, 646, 653, 658, 660, 662, 668, 689, 694, 702, 724, 725, 745, 760, 775, 793, 809, 829, 838, 839, 877, 901, 903, 905, 910, 923]","[98, 476, 481, 569, 924, 925]",0/6 successful match,False,,False,430,False,,,,,
"F Rawlins , 82301 TravelCenters of America ( Shell )",6 307-328-2103 I-80 Exit 214 ( Higley Blvd ) TA,24,Rawlins,82301,TravelCenters of America ( Shell ),307-328-2103,2007,Rawlins,WY,TravelCenters,( Higley Blvd ) TA,I-80 Exit 214 ,Exit,214,False,,False,I-80,,,,,[],[],[],[],[],"[89, 108, 172, 217, 221, 239, 264, 280, 321, 342, 343, 344, 345, 346, 349, 351, 352, 355, 357, 359, 364, 368, 371, 372, 373, 374, 376, 377, 387, 392, 393, 403, 409, 411, 414, 424, 430, 449, 454, 470, 480, 560, 584, 643, 685, 703, 724, 739, 779, 798, 799, 800, 801, 804, 806, 807, 810, 812, 814, 816, 821, 822, 823, 824, 826, 827, 837, 842, 843, 852, 859, 862, 865, 869, 876, 882, 897, 901, 917, 932]","[98, 476, 481, 569, 924, 925]","[1, 13, 14, 29, 54, 55, 56, 57, 58, 60, 102, 118, 125, 127, 130, 134, 146, 149, 153, 175, 182, 187, 189, 191, 197, 225, 230, 238, 264, 265, 266, 286, 302, 317, 336, 354, 379, 388, 389, 425, 454, 458, 463, 475, 487, 498, 499, 512, 530, 531, 532, 533, 534, 536, 573, 589, 596, 598, 601, 605, 617, 620, 624, 646, 653, 658, 660, 662, 668, 689, 694, 702, 724, 725, 745, 760, 775, 793, 809, 829, 838, 839, 877, 901, 903, 905, 910, 923]","[512, 1, 13, 14, 530, 531, 532, 533, 534, 536, 29, 560, 54, 55, 56, 569, 57, 58, 60, 573, 584, 589, 596, 598, 89, 601, 605, 98, 102, 617, 108, 620, 624, 118, 125, 127, 130, 643, 134, 646, 653, 146, 658, 660, 149, 662, 153, 668, 172, 685, 175, 689, 182, 694, 187, 189, 702, 703, 191, 197, 724, 725, 217, 221, 225, 739, 230, 745, 238, 239, 760, 775, 264, 265, 266, 779, 280, 793, 798, 799, 800, 801, 286, 804, 806, 807, 809, 810, 812, 814, 302, 816, 821, 822, 823, 824, 826, 827, 317, 829, 321, 837, 838, 839, 842, 843, 336, 852, 342, 343, 344, 345, 346, 859, 349, 862, 351, 352, 865, 354, 355, 357, 869, 359, 364, 876, 877, 368, 882, 371, 372, 373, 374, 376, 377, 379, 897, 387, 388, 901, 389, 903, 392, 393, 905, 910, 403, 917, 409, 411, 924, 925, 414, 923, 932, 424, 425, 430, 449, 454, 458, 463, 470, 475, 476, 480, 481, 487, 498, 499]",False,[],[],[],[],"[89, 108, 172, 217, 221, 239, 264, 280, 321, 342, 343, 344, 345, 346, 349, 351, 352, 355, 357, 359, 364, 368, 371, 372, 373, 374, 376, 377, 387, 392, 393, 403, 409, 411, 414, 424, 430, 449, 454, 470, 480, 560, 584, 643, 685, 703, 724, 739, 779, 798, 799, 800, 801, 804, 806, 807, 810, 812, 814, 816, 821, 822, 823, 824, 826, 827, 837, 842, 843, 852, 859, 862, 865, 869, 876, 882, 897, 901, 917, 932]","[1, 13, 14, 29, 54, 55, 56, 57, 58, 60, 102, 118, 125, 127, 130, 134, 146, 149, 153, 175, 182, 187, 189, 191, 197, 225, 230, 238, 264, 265, 266, 286, 302, 317, 336, 354, 379, 388, 389, 425, 454, 458, 463, 475, 487, 498, 499, 512, 530, 531, 532, 533, 534, 536, 573, 589, 596, 598, 601, 605, 617, 620, 624, 646, 653, 658, 660, 662, 668, 689, 694, 702, 724, 725, 745, 760, 775, 793, 809, 829, 838, 839, 877, 901, 903, 905, 910, 923]","[98, 476, 481, 569, 924, 925]",0/6 successful match,False,,False,430,False,,1.0,True,TravelCenters of America ( Shell ),TravelCenters
"Rawlins , 82301 24",6 307-328-2103 TravelCenters I-80 Exit 214 ( of Higley America Blvd ) ( Shell ) TA FORS,FORS 24 X 24,Rawlins,82301,24,307-328-2103,2008,Rawlins,WY,,( of Higley America Blvd ) ( Shell ) TA FORS,TravelCenters I-80 Exit 214 ,Exit,214,False,,False,I-80,,,,,[],[],[],[],[],"[89, 108, 172, 217, 221, 239, 264, 280, 321, 342, 343, 344, 345, 346, 349, 351, 352, 355, 357, 359, 364, 368, 371, 372, 373, 374, 376, 377, 387, 392, 393, 403, 409, 411, 414, 424, 430, 449, 454, 470, 480, 560, 584, 643, 685, 703, 724, 739, 779, 798, 799, 800, 801, 804, 806, 807, 810, 812, 814, 816, 821, 822, 823, 824, 826, 827, 837, 842, 843, 852, 859, 862, 865, 869, 876, 882, 897, 901, 917, 932]",[],"[103, 574]","[560, 574, 584, 89, 103, 108, 643, 172, 685, 703, 724, 217, 221, 739, 239, 264, 779, 280, 798, 799, 800, 801, 804, 806, 807, 810, 812, 814, 816, 821, 822, 823, 824, 826, 827, 321, 837, 842, 843, 852, 342, 343, 344, 345, 346, 859, 349, 862, 351, 352, 865, 355, 357, 869, 359, 364, 876, 368, 882, 371, 372, 373, 374, 376, 377, 897, 387, 901, 392, 393, 403, 917, 409, 411, 414, 932, 424, 430, 449, 454, 470, 480]",False,[],[],[],[],"[89, 108, 172, 217, 221, 239, 264, 280, 321, 342, 343, 344, 345, 346, 349, 351, 352, 355, 357, 359, 364, 368, 371, 372, 373, 374, 376, 377, 387, 392, 393, 403, 409, 411, 414, 424, 430, 449, 454, 470, 480, 560, 584, 643, 685, 703, 724, 739, 779, 798, 799, 800, 801, 804, 806, 807, 810, 812, 814, 816, 821, 822, 823, 824, 826, 827, 837, 842, 843, 852, 859, 862, 865, 869, 876, 882, 897, 901, 917, 932]","[103, 574]",[],0/6 successful match,False,,False,430,True,2008,0.0,True,TravelCenters of America ( Shell ),TravelCenters
F Walcott Junction ( 82335 ) Shell Food Mart,307-324-3920 I-80 Exit 235 ( US 30-287 ),<U+2610> S <U+2610>,Walcott Junction,82335,Shell Food Mart,307-324-3920,2014,Walcott,WY,Shell,( US 30-287 ),I-80 Exit 235 ,Exit,235,False,,False,I-80,,,,,[],[],[],[],[],"[89, 108, 172, 217, 221, 239, 264, 280, 321, 342, 343, 344, 345, 346, 349, 351, 352, 355, 357, 359, 364, 368, 371, 372, 373, 374, 376, 377, 387, 392, 393, 403, 409, 411, 414, 424, 430, 449, 454, 470, 480, 560, 584, 643, 685, 703, 724, 739, 779, 798, 799, 800, 801, 804, 806, 807, 810, 812, 814, 816, 821, 822, 823, 824, 826, 827, 837, 842, 843, 852, 859, 862, 865, 869, 876, 882, 897, 901, 917, 932]","[1, 13, 14, 29, 54, 55, 56, 57, 58, 60, 102, 118, 125, 127, 130, 134, 146, 149, 153, 175, 182, 187, 189, 191, 197, 225, 230, 238, 264, 265, 266, 286, 302, 317, 336, 379, 388, 389, 425, 454, 458, 463, 475, 487, 498, 499, 512, 530, 531, 532, 533, 534, 536, 573, 589, 596, 598, 601, 605, 617, 620, 624, 646, 653, 658, 660, 662, 668, 689, 694, 702, 724, 725, 745, 760, 775, 793, 829, 838, 839, 877, 901, 903, 905, 910, 923]","[1, 13, 14, 29, 54, 55, 56, 57, 58, 60, 102, 118, 125, 127, 130, 134, 146, 149, 153, 175, 182, 187, 189, 191, 197, 225, 230, 238, 264, 265, 266, 286, 302, 317, 336, 354, 379, 388, 389, 425, 454, 458, 463, 475, 487, 498, 499, 512, 530, 531, 532, 533, 534, 536, 573, 589, 596, 598, 601, 605, 617, 620, 624, 646, 653, 658, 660, 662, 668, 689, 694, 702, 724, 725, 745, 760, 775, 793, 809, 829, 838, 839, 877, 901, 903, 905, 910, 923]","[512, 1, 13, 14, 530, 531, 532, 533, 534, 536, 29, 560, 54, 55, 56, 57, 58, 60, 573, 584, 589, 596, 598, 89, 601, 605, 102, 617, 108, 620, 624, 118, 125, 127, 130, 643, 134, 646, 653, 146, 658, 660, 149, 662, 153, 668, 172, 685, 175, 689, 182, 694, 187, 189, 702, 703, 191, 197, 724, 725, 217, 221, 225, 739, 230, 745, 238, 239, 760, 775, 264, 265, 266, 779, 280, 793, 798, 799, 800, 801, 286, 804, 806, 807, 809, 810, 812, 814, 302, 816, 821, 822, 823, 824, 826, 827, 317, 829, 321, 837, 838, 839, 842, 843, 336, 852, 342, 343, 344, 345, 346, 859, 349, 862, 351, 352, 865, 354, 355, 357, 869, 359, 364, 876, 877, 368, 882, 371, 372, 373, 374, 376, 377, 379, 897, 387, 388, 901, 389, 903, 392, 393, 905, 910, 403, 917, 409, 411, 923, 414, 932, 424, 425, 430, 449, 454, 458, 463, 470, 475, 480, 487, 498, 499]",False,[],[],[],[],"[89, 108, 172, 217, 221, 239, 264, 280, 321, 342, 343, 344, 345, 346, 349, 351, 352, 355, 357, 359, 364, 368, 371, 372, 373, 374, 376, 377, 387, 392, 393, 403, 409, 411, 414, 424, 430, 449, 454, 470, 480, 560, 584, 643, 685, 703, 724, 739, 779, 798, 799, 800, 801, 804, 806, 807, 810, 812, 814, 816, 821, 822, 823, 824, 826, 827, 837, 842, 843, 852, 859, 862, 865, 869, 876, 882, 897, 901, 917, 932]","[1, 13, 14, 29, 54, 55, 56, 57, 58, 60, 102, 118, 125, 127, 130, 134, 146, 149, 153, 175, 182, 187, 189, 191, 197, 225, 230, 238, 264, 265, 266, 286, 302, 317, 336, 354, 379, 388, 389, 425, 454, 458, 463, 475, 487, 498, 499, 512, 530, 531, 532, 533, 534, 536, 573, 589, 596, 598, 601, 605, 617, 620, 624, 646, 653, 658, 660, 662, 668, 689, 694, 702, 724, 725, 745, 760, 775, 793, 809, 829, 838, 839, 877, 901, 903, 905, 910, 923]","[1, 13, 14, 29, 54, 55, 56, 57, 58, 60, 102, 118, 125, 127, 130, 134, 146, 149, 153, 175, 182, 187, 189, 191, 197, 225, 230, 238, 264, 265, 266, 286, 302, 317, 336, 379, 388, 389, 425, 454, 458, 463, 475, 487, 498, 499, 512, 530, 531, 532, 533, 534, 536, 573, 589, 596, 598, 601, 605, 617, 620, 624, 646, 653, 658, 660, 662, 668, 689, 694, 702, 724, 725, 745, 760, 775, 793, 829, 838, 839, 877, 901, 903, 905, 910, 923]",0/6 successful match,False,,False,430,True,2014,0.0,True,24,
Walcott Junction ( 82335 ) Walcott Service ( Shell ),307-324-3920 I-80 Exit 235 ( US 30-287 ),S O,Walcott Junction,82335,Walcott Service ( Shell ),307-324-3920,2015,Walcott,WY,Shell,( US 30-287 ),I-80 Exit 235 ,Exit,235,False,,False,I-80,,,,,[],[],[],[],[],"[89, 108, 172, 217, 221, 239, 264, 280, 321, 342, 343, 344, 345, 346, 349, 351, 352, 355, 357, 359, 364, 368, 371, 372, 373, 374, 376, 377, 387, 392, 393, 403, 409, 411, 414, 424, 430, 449, 454, 470, 480, 560, 584, 643, 685, 703, 724, 739, 779, 798, 799, 800, 801, 804, 806, 807, 810, 812, 814, 816, 821, 822, 823, 824, 826, 827, 837, 842, 843, 852, 859, 862, 865, 869, 876, 882, 897, 901, 917, 932]","[1, 13, 14, 29, 54, 55, 56, 57, 58, 60, 102, 118, 125, 127, 130, 134, 146, 149, 153, 175, 182, 187, 189, 191, 197, 225, 230, 238, 264, 265, 266, 286, 302, 317, 336, 379, 388, 389, 425, 454, 458, 463, 475, 487, 498, 499, 512, 530, 531, 532, 533, 534, 536, 573, 589, 596, 598, 601, 605, 617, 620, 624, 646, 653, 658, 660, 662, 668, 689, 694, 702, 724, 725, 745, 760, 775, 793, 829, 838, 839, 877, 901, 903, 905, 910, 923]","[1, 13, 14, 29, 54, 55, 56, 57, 58, 60, 102, 118, 125, 127, 130, 134, 146, 149, 153, 175, 182, 187, 189, 191, 197, 225, 230, 238, 264, 265, 266, 286, 302, 317, 336, 354, 379, 388, 389, 425, 454, 458, 463, 475, 487, 498, 499, 512, 530, 531, 532, 533, 534, 536, 573, 589, 596, 598, 601, 605, 617, 620, 624, 646, 653, 658, 660, 662, 668, 689, 694, 702, 724, 725, 745, 760, 775, 793, 809, 829, 838, 839, 877, 901, 903, 905, 910, 923]","[512, 1, 13, 14, 530, 531, 532, 533, 534, 536, 29, 560, 54, 55, 56, 57, 58, 60, 573, 584, 589, 596, 598, 89, 601, 605, 102, 617, 108, 620, 624, 118, 125, 127, 130, 643, 134, 646, 653, 146, 658, 660, 149, 662, 153, 668, 172, 685, 175, 689, 182, 694, 187, 189, 702, 703, 191, 197, 724, 725, 217, 221, 225, 739, 230, 745, 238, 239, 760, 775, 264, 265, 266, 779, 280, 793, 798, 799, 800, 801, 286, 804, 806, 807, 809, 810, 812, 814, 302, 816, 821, 822, 823, 824, 826, 827, 317, 829, 321, 837, 838, 839, 842, 843, 336, 852, 342, 343, 344, 345, 346, 859, 349, 862, 351, 352, 865, 354, 355, 357, 869, 359, 364, 876, 877, 368, 882, 371, 372, 373, 374, 376, 377, 379, 897, 387, 388, 901, 389, 903, 392, 393, 905, 910, 403, 917, 409, 411, 923, 414, 932, 424, 425, 430, 449, 454, 458, 463, 470, 475, 480, 487, 498, 499]",False,[],[],[],[],"[89, 108, 172, 217, 221, 239, 264, 280, 321, 342, 343, 344, 345, 346, 349, 351, 352, 355, 357, 359, 364, 368, 371, 372, 373, 374, 376, 377, 387, 392, 393, 403, 409, 411, 414, 424, 430, 449, 454, 470, 480, 560, 584, 643, 685, 703, 724, 739, 779, 798, 799, 800, 801, 804, 806, 807, 810, 812, 814, 816, 821, 822, 823, 824, 826, 827, 837, 842, 843, 852, 859, 862, 865, 869, 876, 882, 897, 901, 917, 932]","[1, 13, 14, 29, 54, 55, 56, 57, 58, 60, 102, 118, 125, 127, 130, 134, 146, 149, 153, 175, 182, 187, 189, 191, 197, 225, 230, 238, 264, 265, 266, 286, 302, 317, 336, 354, 379, 388, 389, 425, 454, 458, 463, 475, 487, 498, 499, 512, 530, 531, 532, 533, 534, 536, 573, 589, 596, 598, 601, 605, 617, 620, 624, 646, 653, 658, 660, 662, 668, 689, 694, 702, 724, 725, 745, 760, 775, 793, 809, 829, 838, 839, 877, 901, 903, 905, 910, 923]","[1, 13, 14, 29, 54, 55, 56, 57, 58, 60, 102, 118, 125, 127, 130, 134, 146, 149, 153, 175, 182, 187, 189, 191, 197, 225, 230, 238, 264, 265, 266, 286, 302, 317, 336, 379, 388, 389, 425, 454, 458, 463, 475, 487, 498, 499, 512, 530, 531, 532, 533, 534, 536, 573, 589, 596, 598, 601, 605, 617, 620, 624, 646, 653, 658, 660, 662, 668, 689, 694, 702, 724, 725, 745, 760, 775, 793, 829, 838, 839, 877, 901, 903, 905, 910, 923]",0/6 successful match,False,,False,430,False,,0.65,True,Shell Food Mart,Shell
F Walcott Junction ( 82335 ) Walcott Service ( Shell ),307-324-3920 I-80 Exit 235 ( US 30-287 ),<U+2610> <U+2610>,Walcott Junction,82335,Walcott Service ( Shell ),307-324-3920,2016,Walcott,WY,Shell,( US 30-287 ),I-80 Exit 235 ,Exit,235,False,,False,I-80,,,,,[],[],[],[],[],"[89, 108, 172, 217, 221, 239, 264, 280, 321, 342, 343, 344, 345, 346, 349, 351, 352, 355, 357, 359, 364, 368, 371, 372, 373, 374, 376, 377, 387, 392, 393, 403, 409, 411, 414, 424, 430, 449, 454, 470, 480, 560, 584, 643, 685, 703, 724, 739, 779, 798, 799, 800, 801, 804, 806, 807, 810, 812, 814, 816, 821, 822, 823, 824, 826, 827, 837, 842, 843, 852, 859, 862, 865, 869, 876, 882, 897, 901, 917, 932]","[1, 13, 14, 29, 54, 55, 56, 57, 58, 60, 102, 118, 125, 127, 130, 134, 146, 149, 153, 175, 182, 187, 189, 191, 197, 225, 230, 238, 264, 265, 266, 286, 302, 317, 336, 379, 388, 389, 425, 454, 458, 463, 475, 487, 498, 499, 512, 530, 531, 532, 533, 534, 536, 573, 589, 596, 598, 601, 605, 617, 620, 624, 646, 653, 658, 660, 662, 668, 689, 694, 702, 724, 725, 745, 760, 775, 793, 829, 838, 839, 877, 901, 903, 905, 910, 923]","[1, 13, 14, 29, 54, 55, 56, 57, 58, 60, 102, 118, 125, 127, 130, 134, 146, 149, 153, 175, 182, 187, 189, 191, 197, 225, 230, 238, 264, 265, 266, 286, 302, 317, 336, 354, 379, 388, 389, 425, 454, 458, 463, 475, 487, 498, 499, 512, 530, 531, 532, 533, 534, 536, 573, 589, 596, 598, 601, 605, 617, 620, 624, 646, 653, 658, 660, 662, 668, 689, 694, 702, 724, 725, 745, 760, 775, 793, 809, 829, 838, 839, 877, 901, 903, 905, 910, 923]","[512, 1, 13, 14, 530, 531, 532, 533, 534, 536, 29, 560, 54, 55, 56, 57, 58, 60, 573, 584, 589, 596, 598, 89, 601, 605, 102, 617, 108, 620, 624, 118, 125, 127, 130, 643, 134, 646, 653, 146, 658, 660, 149, 662, 153, 668, 172, 685, 175, 689, 182, 694, 187, 189, 702, 703, 191, 197, 724, 725, 217, 221, 225, 739, 230, 745, 238, 239, 760, 775, 264, 265, 266, 779, 280, 793, 798, 799, 800, 801, 286, 804, 806, 807, 809, 810, 812, 814, 302, 816, 821, 822, 823, 824, 826, 827, 317, 829, 321, 837, 838, 839, 842, 843, 336, 852, 342, 343, 344, 345, 346, 859, 349, 862, 351, 352, 865, 354, 355, 357, 869, 359, 364, 876, 877, 368, 882, 371, 372, 373, 374, 376, 377, 379, 897, 387, 388, 901, 389, 903, 392, 393, 905, 910, 403, 917, 409, 411, 923, 414, 932, 424, 425, 430, 449, 454, 458, 463, 470, 475, 480, 487, 498, 499]",False,[],[],[],[],"[89, 108, 172, 217, 221, 239, 264, 280, 321, 342, 343, 344, 345, 346, 349, 351, 352, 355, 357, 359, 364, 368, 371, 372, 373, 374, 376, 377, 387, 392, 393, 403, 409, 411, 414, 424, 430, 449, 454, 470, 480, 560, 584, 643, 685, 703, 724, 739, 779, 798, 799, 800, 801, 804, 806, 807, 810, 812, 814, 816, 821, 822, 823, 824, 826, 827, 837, 842, 843, 852, 859, 862, 865, 869, 876, 882, 897, 901, 917, 932]","[1, 13, 14, 29, 54, 55, 56, 57, 58, 60, 102, 118, 125, 127, 130, 134, 146, 149, 153, 175, 182, 187, 189, 191, 197, 225, 230, 238, 264, 265, 266, 286, 302, 317, 336, 354, 379, 388, 389, 425, 454, 458, 463, 475, 487, 498, 499, 512, 530, 531, 532, 533, 534, 536, 573, 589, 596, 598, 601, 605, 617, 620, 624, 646, 653, 658, 660, 662, 668, 689, 694, 702, 724, 725, 745, 760, 775, 793, 809, 829, 838, 839, 877, 901, 903, 905, 910, 923]","[1, 13, 14, 29, 54, 55, 56, 57, 58, 60, 102, 118, 125, 127, 130, 134, 146, 149, 153, 175, 182, 187, 189, 191, 197, 225, 230, 238, 264, 265, 266, 286, 302, 317, 336, 379, 388, 389, 425, 454, 458, 463, 475, 487, 498, 499, 512, 530, 531, 532, 533, 534, 536, 573, 589, 596, 598, 601, 605, 617, 620, 624, 646, 653, 658, 660, 662, 668, 689, 694, 702, 724, 725, 745, 760, 775, 793, 829, 838, 839, 877, 901, 903, 905, 910, 923]",0/6 successful match,False,,False,430,False,,1.0,True,Walcott Service ( Shell ),Shell
"5307-324-7188 Wamsutter , 82336 Phillips 66 Travel ( CR Center 23 )",I-80 Exit 173 ( St,M M DOO D,Wamsutter,82336,Phillips 66 Travel ( CR Center 23 ),307-324-7188,2006,Wamsutter,WY,,( St,I-80 Exit 173 ,Exit,173,False,,False,I-80,,,,,[],[],[],"[377, 827]",[],"[89, 108, 172, 217, 221, 239, 264, 280, 321, 342, 343, 344, 345, 346, 349, 351, 352, 355, 357, 359, 364, 368, 371, 372, 373, 374, 376, 377, 387, 392, 393, 403, 409, 411, 414, 424, 430, 449, 454, 470, 480, 560, 584, 643, 685, 703, 724, 739, 779, 798, 799, 800, 801, 804, 806, 807, 810, 812, 814, 816, 821, 822, 823, 824, 826, 827, 837, 842, 843, 852, 859, 862, 865, 869, 876, 882, 897, 901, 917, 932]",[],"[401, 402, 424, 427, 464, 469, 850, 851, 876, 879, 911, 916]","[560, 584, 89, 108, 643, 172, 685, 703, 724, 217, 221, 739, 239, 264, 779, 280, 798, 799, 800, 801, 804, 806, 807, 810, 812, 814, 816, 821, 822, 823, 824, 826, 827, 321, 837, 842, 843, 850, 851, 852, 342, 343, 344, 345, 346, 859, 349, 862, 351, 352, 865, 355, 357, 869, 359, 364, 876, 879, 368, 882, 371, 372, 373, 374, 376, 377, 897, 387, 901, 392, 393, 911, 401, 402, 403, 916, 917, 409, 411, 414, 932, 424, 427, 430, 449, 454, 464, 469, 470, 480]",False,[],[],[],"[377, 827]","[89, 108, 172, 217, 221, 239, 264, 280, 321, 342, 343, 344, 345, 346, 349, 351, 352, 355, 357, 359, 364, 368, 371, 372, 373, 374, 376, 377, 387, 392, 393, 403, 409, 411, 414, 424, 430, 449, 454, 470, 480, 560, 584, 643, 685, 703, 724, 739, 779, 798, 799, 800, 801, 804, 806, 807, 810, 812, 814, 816, 821, 822, 823, 824, 826, 827, 837, 842, 843, 852, 859, 862, 865, 869, 876, 882, 897, 901, 917, 932]","[401, 402, 424, 427, 464, 469, 850, 851, 876, 879, 911, 916]",[],0/6 successful match,False,,False,431,False,,,,,
"Wamsutter , 82336 Phillips 66 Travel Center",307-324-7188 I-80 Exit 173 ( McCormick St S ),M <U+2610>,Wamsutter,82336,Phillips 66 Travel Center,307-324-7188,2007,Wamsutter,WY,,( McCormick St S ),I-80 Exit 173 ,Exit,173,False,,False,I-80,,,,,[],[],[],"[377, 827]",[],"[89, 108, 172, 217, 221, 239, 264, 280, 321, 342, 343, 344, 345, 346, 349, 351, 352, 355, 357, 359, 364, 368, 371, 372, 373, 374, 376, 377, 387, 392, 393, 403, 409, 411, 414, 424, 430, 449, 454, 470, 480, 560, 584, 643, 685, 703, 724, 739, 779, 798, 799, 800, 801, 804, 806, 807, 810, 812, 814, 816, 821, 822, 823, 824, 826, 827, 837, 842, 843, 852, 859, 862, 865, 869, 876, 882, 897, 901, 917, 932]",[],"[401, 402, 424, 427, 464, 469, 850, 851, 876, 879, 911, 916]","[560, 584, 89, 108, 643, 172, 685, 703, 724, 217, 221, 739, 239, 264, 779, 280, 798, 799, 800, 801, 804, 806, 807, 810, 812, 814, 816, 821, 822, 823, 824, 826, 827, 321, 837, 842, 843, 850, 851, 852, 342, 343, 344, 345, 346, 859, 349, 862, 351, 352, 865, 355, 357, 869, 359, 364, 876, 879, 368, 882, 371, 372, 373, 374, 376, 377, 897, 387, 901, 392, 393, 911, 401, 402, 403, 916, 917, 409, 411, 414, 932, 424, 427, 430, 449, 454, 464, 469, 470, 480]",False,[],[],[],"[377, 827]","[89, 108, 172, 217, 221, 239, 264, 280, 321, 342, 343, 344, 345, 346, 349, 351, 352, 355, 357, 359, 364, 368, 371, 372, 373, 374, 376, 377, 387, 392, 393, 403, 409, 411, 414, 424, 430, 449, 454, 470, 480, 560, 584, 643, 685, 703, 724, 739, 779, 798, 799, 800, 801, 804, 806, 807, 810, 812, 814, 816, 821, 822, 823, 824, 826, 827, 837, 842, 843, 852, 859, 862, 865, 869, 876, 882, 897, 901, 917, 932]","[401, 402, 424, 427, 464, 469, 850, 851, 876, 879, 911, 916]",[],0/6 successful match,False,,False,431,False,,1.0,True,Phillips 66 Travel ( CR Center 23 ),
"Wamsutter , 82336 Phillips 66 Travel CR Center 23 )",5 307-324-7188 I-80 Exit 173 (,<U+2610> M <U+2610>,Wamsutter,82336,Phillips 66 Travel CR Center 23 ),307-324-7188,2008,Wamsutter,WY,,(,I-80 Exit 173 ,Exit,173,False,,False,I-80,,,,,[],[],[],"[377, 827]",[],"[89, 108, 172, 217, 221, 239, 264, 280, 321, 342, 343, 344, 345, 346, 349, 351, 352, 355, 357, 359, 364, 368, 371, 372, 373, 374, 376, 377, 387, 392, 393, 403, 409, 411, 414, 424, 430, 449, 454, 470, 480, 560, 584, 643, 685, 703, 724, 739, 779, 798, 799, 800, 801, 804, 806, 807, 810, 812, 814, 816, 821, 822, 823, 824, 826, 827, 837, 842, 843, 852, 859, 862, 865, 869, 876, 882, 897, 901, 917, 932]",[],"[401, 402, 424, 427, 464, 469, 850, 851, 876, 879, 911, 916]","[560, 584, 89, 108, 643, 172, 685, 703, 724, 217, 221, 739, 239, 264, 779, 280, 798, 799, 800, 801, 804, 806, 807, 810, 812, 814, 816, 821, 822, 823, 824, 826, 827, 321, 837, 842, 843, 850, 851, 852, 342, 343, 344, 345, 346, 859, 349, 862, 351, 352, 865, 355, 357, 869, 359, 364, 876, 879, 368, 882, 371, 372, 373, 374, 376, 377, 897, 387, 901, 392, 393, 911, 401, 402, 403, 916, 917, 409, 411, 414, 932, 424, 427, 430, 449, 454, 464, 469, 470, 480]",False,[],[],[],"[377, 827]","[89, 108, 172, 217, 221, 239, 264, 280, 321, 342, 343, 344, 345, 346, 349, 351, 352, 355, 357, 359, 364, 368, 371, 372, 373, 374, 376, 377, 387, 392, 393, 403, 409, 411, 414, 424, 430, 449, 454, 470, 480, 560, 584, 643, 685, 703, 724, 739, 779, 798, 799, 800, 801, 804, 806, 807, 810, 812, 814, 816, 821, 822, 823, 824, 826, 827, 837, 842, 843, 852, 859, 862, 865, 869, 876, 882, 897, 901, 917, 932]","[401, 402, 424, 427, 464, 469, 850, 851, 876, 879, 911, 916]",[],0/6 successful match,False,,False,431,False,,1.0,True,Phillips 66 Travel Center,
Wamsutter ( 82336 ) Phillips 66 Travel Center,307-324-7188 I-80 Exit 173 ( McCormick St S ),M <U+2610>,Wamsutter,82336,Phillips 66 Travel Center,307-324-7188,2014,Wamsutter,WY,,( McCormick St S ),I-80 Exit 173 ,Exit,173,False,,False,I-80,,,,,[],[],[],"[377, 827]",[],"[89, 108, 172, 217, 221, 239, 264, 280, 321, 342, 343, 344, 345, 346, 349, 351, 352, 355, 357, 359, 364, 368, 371, 372, 373, 374, 376, 377, 387, 392, 393, 403, 409, 411, 414, 424, 430, 449, 454, 470, 480, 560, 584, 643, 685, 703, 724, 739, 779, 798, 799, 800, 801, 804, 806, 807, 810, 812, 814, 816, 821, 822, 823, 824, 826, 827, 837, 842, 843, 852, 859, 862, 865, 869, 876, 882, 897, 901, 917, 932]",[],"[401, 402, 424, 427, 464, 469, 850, 851, 876, 879, 911, 916]","[560, 584, 89, 108, 643, 172, 685, 703, 724, 217, 221, 739, 239, 264, 779, 280, 798, 799, 800, 801, 804, 806, 807, 810, 812, 814, 816, 821, 822, 823, 824, 826, 827, 321, 837, 842, 843, 850, 851, 852, 342, 343, 344, 345, 346, 859, 349, 862, 351, 352, 865, 355, 357, 869, 359, 364, 876, 879, 368, 882, 371, 372, 373, 374, 376, 377, 897, 387, 901, 392, 393, 911, 401, 402, 403, 916, 917, 409, 411, 414, 932, 424, 427, 430, 449, 454, 464, 469, 470, 480]",False,[],[],[],"[377, 827]","[89, 108, 172, 217, 221, 239, 264, 280, 321, 342, 343, 344, 345, 346, 349, 351, 352, 355, 357, 359, 364, 368, 371, 372, 373, 374, 376, 377, 387, 392, 393, 403, 409, 411, 414, 424, 430, 449, 454, 470, 480, 560, 584, 643, 685, 703, 724, 739, 779, 798, 799, 800, 801, 804, 806, 807, 810, 812, 814, 816, 821, 822, 823, 824, 826, 827, 837, 842, 843, 852, 859, 862, 865, 869, 876, 882, 897, 901, 917, 932]","[401, 402, 424, 427, 464, 469, 850, 851, 876, 879, 911, 916]",[],0/6 successful match,False,,False,431,False,,1.0,True,Phillips 66 Travel CR Center 23 ),
"Wamsutter , 82336 Sinclair Truck Stop",307-324-7818 I-80 Exit 173,,Wamsutter,82336,Sinclair Truck Stop,307-324-7818,2006,Wamsutter,WY,Sinclair,,I-80 Exit 173,Exit,173,False,,False,I-80,,,,,[],[],[],"[377, 827]",[],"[89, 108, 172, 217, 221, 239, 264, 280, 321, 342, 343, 344, 345, 346, 349, 351, 352, 355, 357, 359, 364, 368, 371, 372, 373, 374, 376, 377, 387, 392, 393, 403, 409, 411, 414, 424, 430, 449, 454, 470, 480, 560, 584, 643, 685, 703, 724, 739, 779, 798, 799, 800, 801, 804, 806, 807, 810, 812, 814, 816, 821, 822, 823, 824, 826, 827, 837, 842, 843, 852, 859, 862, 865, 869, 876, 882, 897, 901, 917, 932]","[31, 142, 147, 180, 338, 352, 367, 387, 403, 405, 408, 410, 455, 465, 466, 468, 470, 472, 473, 483, 484, 514, 613, 618, 651, 794, 807, 837, 852, 854, 858, 861, 902, 912, 913, 915, 917, 919, 920, 931, 934, 935]","[31, 142, 147, 180, 338, 352, 367, 387, 403, 405, 408, 410, 455, 465, 466, 468, 470, 472, 473, 483, 484, 514, 613, 618, 651, 794, 807, 837, 852, 854, 858, 861, 902, 912, 913, 915, 917, 919, 920, 931, 934, 935]","[514, 31, 560, 584, 89, 613, 618, 108, 643, 651, 142, 147, 172, 685, 180, 703, 724, 217, 221, 739, 239, 264, 779, 280, 794, 798, 799, 800, 801, 804, 806, 807, 810, 812, 814, 816, 821, 822, 823, 824, 826, 827, 321, 837, 842, 843, 338, 852, 342, 343, 344, 345, 346, 859, 854, 349, 862, 351, 352, 865, 858, 355, 861, 357, 869, 359, 364, 876, 367, 368, 882, 371, 372, 373, 374, 376, 377, 897, 387, 901, 902, 392, 393, 912, 913, 403, 915, 917, 405, 919, 408, 409, 410, 411, 920, 414, 931, 932, 934, 935, 424, 430, 449, 454, 455, 465, 466, 468, 470, 472, 473, 480, 483, 484]",False,[],[],[],"[377, 827]","[89, 108, 172, 217, 221, 239, 264, 280, 321, 342, 343, 344, 345, 346, 349, 351, 352, 355, 357, 359, 364, 368, 371, 372, 373, 374, 376, 377, 387, 392, 393, 403, 409, 411, 414, 424, 430, 449, 454, 470, 480, 560, 584, 643, 685, 703, 724, 739, 779, 798, 799, 800, 801, 804, 806, 807, 810, 812, 814, 816, 821, 822, 823, 824, 826, 827, 837, 842, 843, 852, 859, 862, 865, 869, 876, 882, 897, 901, 917, 932]","[31, 142, 147, 180, 338, 352, 367, 387, 403, 405, 408, 410, 455, 465, 466, 468, 470, 472, 473, 483, 484, 514, 613, 618, 651, 794, 807, 837, 852, 854, 858, 861, 902, 912, 913, 915, 917, 919, 920, 931, 934, 935]","[31, 142, 147, 180, 338, 352, 367, 387, 403, 405, 408, 410, 455, 465, 466, 468, 470, 472, 473, 483, 484, 514, 613, 618, 651, 794, 807, 837, 852, 854, 858, 861, 902, 912, 913, 915, 917, 919, 920, 931, 934, 935]",0/6 successful match,False,,False,432,False,,,,,
"Wamsutter , 82336 Sinclair Truck Stop",307-324-7818 I-80 Exit 173,<U+2610> L,Wamsutter,82336,Sinclair Truck Stop,307-324-7818,2007,Wamsutter,WY,Sinclair,,I-80 Exit 173,Exit,173,False,,False,I-80,,,,,[],[],[],"[377, 827]",[],"[89, 108, 172, 217, 221, 239, 264, 280, 321, 342, 343, 344, 345, 346, 349, 351, 352, 355, 357, 359, 364, 368, 371, 372, 373, 374, 376, 377, 387, 392, 393, 403, 409, 411, 414, 424, 430, 449, 454, 470, 480, 560, 584, 643, 685, 703, 724, 739, 779, 798, 799, 800, 801, 804, 806, 807, 810, 812, 814, 816, 821, 822, 823, 824, 826, 827, 837, 842, 843, 852, 859, 862, 865, 869, 876, 882, 897, 901, 917, 932]","[31, 142, 147, 180, 338, 352, 367, 387, 403, 405, 408, 410, 455, 465, 466, 468, 470, 472, 473, 483, 484, 514, 613, 618, 651, 794, 807, 837, 852, 854, 858, 861, 902, 912, 913, 915, 917, 919, 920, 931, 934, 935]","[31, 142, 147, 180, 338, 352, 367, 387, 403, 405, 408, 410, 455, 465, 466, 468, 470, 472, 473, 483, 484, 514, 613, 618, 651, 794, 807, 837, 852, 854, 858, 861, 902, 912, 913, 915, 917, 919, 920, 931, 934, 935]","[514, 31, 560, 584, 89, 613, 618, 108, 643, 651, 142, 147, 172, 685, 180, 703, 724, 217, 221, 739, 239, 264, 779, 280, 794, 798, 799, 800, 801, 804, 806, 807, 810, 812, 814, 816, 821, 822, 823, 824, 826, 827, 321, 837, 842, 843, 338, 852, 342, 343, 344, 345, 346, 859, 854, 349, 862, 351, 352, 865, 858, 355, 861, 357, 869, 359, 364, 876, 367, 368, 882, 371, 372, 373, 374, 376, 377, 897, 387, 901, 902, 392, 393, 912, 913, 403, 915, 917, 405, 919, 408, 409, 410, 411, 920, 414, 931, 932, 934, 935, 424, 430, 449, 454, 455, 465, 466, 468, 470, 472, 473, 480, 483, 484]",False,[],[],[],"[377, 827]","[89, 108, 172, 217, 221, 239, 264, 280, 321, 342, 343, 344, 345, 346, 349, 351, 352, 355, 357, 359, 364, 368, 371, 372, 373, 374, 376, 377, 387, 392, 393, 403, 409, 411, 414, 424, 430, 449, 454, 470, 480, 560, 584, 643, 685, 703, 724, 739, 779, 798, 799, 800, 801, 804, 806, 807, 810, 812, 814, 816, 821, 822, 823, 824, 826, 827, 837, 842, 843, 852, 859, 862, 865, 869, 876, 882, 897, 901, 917, 932]","[31, 142, 147, 180, 338, 352, 367, 387, 403, 405, 408, 410, 455, 465, 466, 468, 470, 472, 473, 483, 484, 514, 613, 618, 651, 794, 807, 837, 852, 854, 858, 861, 902, 912, 913, 915, 917, 919, 920, 931, 934, 935]","[31, 142, 147, 180, 338, 352, 367, 387, 403, 405, 408, 410, 455, 465, 466, 468, 470, 472, 473, 483, 484, 514, 613, 618, 651, 794, 807, 837, 852, 854, 858, 861, 902, 912, 913, 915, 917, 919, 920, 931, 934, 935]",0/6 successful match,False,,False,432,False,,0.8999999999999999,True,Sinclair Truck Stop,Sinclair
"Wamsutter , 82336 Sinclair Truck Stop",307-324-7818 I-80 Exit 173,L,Wamsutter,82336,Sinclair Truck Stop,307-324-7818,2008,Wamsutter,WY,Sinclair,,I-80 Exit 173,Exit,173,False,,False,I-80,,,,,[],[],[],"[377, 827]",[],"[89, 108, 172, 217, 221, 239, 264, 280, 321, 342, 343, 344, 345, 346, 349, 351, 352, 355, 357, 359, 364, 368, 371, 372, 373, 374, 376, 377, 387, 392, 393, 403, 409, 411, 414, 424, 430, 449, 454, 470, 480, 560, 584, 643, 685, 703, 724, 739, 779, 798, 799, 800, 801, 804, 806, 807, 810, 812, 814, 816, 821, 822, 823, 824, 826, 827, 837, 842, 843, 852, 859, 862, 865, 869, 876, 882, 897, 901, 917, 932]","[31, 142, 147, 180, 338, 352, 367, 387, 403, 405, 408, 410, 455, 465, 466, 468, 470, 472, 473, 483, 484, 514, 613, 618, 651, 794, 807, 837, 852, 854, 858, 861, 902, 912, 913, 915, 917, 919, 920, 931, 934, 935]","[31, 142, 147, 180, 338, 352, 367, 387, 403, 405, 408, 410, 455, 465, 466, 468, 470, 472, 473, 483, 484, 514, 613, 618, 651, 794, 807, 837, 852, 854, 858, 861, 902, 912, 913, 915, 917, 919, 920, 931, 934, 935]","[514, 31, 560, 584, 89, 613, 618, 108, 643, 651, 142, 147, 172, 685, 180, 703, 724, 217, 221, 739, 239, 264, 779, 280, 794, 798, 799, 800, 801, 804, 806, 807, 810, 812, 814, 816, 821, 822, 823, 824, 826, 827, 321, 837, 842, 843, 338, 852, 342, 343, 344, 345, 346, 859, 854, 349, 862, 351, 352, 865, 858, 355, 861, 357, 869, 359, 364, 876, 367, 368, 882, 371, 372, 373, 374, 376, 377, 897, 387, 901, 902, 392, 393, 912, 913, 403, 915, 917, 405, 919, 408, 409, 410, 411, 920, 414, 931, 932, 934, 935, 424, 430, 449, 454, 455, 465, 466, 468, 470, 472, 473, 480, 483, 484]",False,[],[],[],"[377, 827]","[89, 108, 172, 217, 221, 239, 264, 280, 321, 342, 343, 344, 345, 346, 349, 351, 352, 355, 357, 359, 364, 368, 371, 372, 373, 374, 376, 377, 387, 392, 393, 403, 409, 411, 414, 424, 430, 449, 454, 470, 480, 560, 584, 643, 685, 703, 724, 739, 779, 798, 799, 800, 801, 804, 806, 807, 810, 812, 814, 816, 821, 822, 823, 824, 826, 827, 837, 842, 843, 852, 859, 862, 865, 869, 876, 882, 897, 901, 917, 932]","[31, 142, 147, 180, 338, 352, 367, 387, 403, 405, 408, 410, 455, 465, 466, 468, 470, 472, 473, 483, 484, 514, 613, 618, 651, 794, 807, 837, 852, 854, 858, 861, 902, 912, 913, 915, 917, 919, 920, 931, 934, 935]","[31, 142, 147, 180, 338, 352, 367, 387, 403, 405, 408, 410, 455, 465, 466, 468, 470, 472, 473, 483, 484, 514, 613, 618, 651, 794, 807, 837, 852, 854, 858, 861, 902, 912, 913, 915, 917, 919, 920, 931, 934, 935]",0/6 successful match,False,,False,432,False,,0.8999999999999999,True,Sinclair Truck Stop,Sinclair
"B Worland , 82401 Go Gas C - Store ( Conoco )",307-347-2875 US 16-20 ( in town ),<U+2610> <U+2610>,Worland,82401,Go Gas C - Store ( Conoco ),307-347-2875,2006,Worland,WY,Conoco,( in town ),US 16-20,empty,,False,,False,US 16-20,,,,,[],[],[],[],[],"[104, 433, 575, 885]","[3, 27, 349, 406, 451, 489, 510, 804, 855, 898]","[3, 27, 284, 285, 349, 406, 451, 489, 510, 743, 744, 804, 855, 898]","[898, 3, 451, 804, 743, 104, 489, 744, 433, 885, 406, 855, 285, 27, 284, 349, 510, 575]",False,[],[],[],[],"[104, 433, 575, 885]","[3, 27, 284, 285, 349, 406, 451, 489, 510, 743, 744, 804, 855, 898]","[3, 27, 349, 406, 451, 489, 510, 804, 855, 898]",0/6 successful match,False,,False,433,False,,,,,
"Worland , 82401 Go Gas C - Store ( Conoco )",307-347-2875 US 16-20 ( in town ),,Worland,82401,Go Gas C - Store ( Conoco ),307-347-2875,2007,Worland,WY,Conoco,( in town ),US 16-20,empty,,False,,False,US 16-20,,,,,[],[],[],[],[],"[104, 433, 575, 885]","[3, 27, 349, 406, 451, 489, 510, 804, 855, 898]","[3, 27, 284, 285, 349, 406, 451, 489, 510, 743, 744, 804, 855, 898]","[898, 3, 451, 804, 743, 104, 489, 744, 433, 885, 406, 855, 285, 27, 284, 349, 510, 575]",False,[],[],[],[],"[104, 433, 575, 885]","[3, 27, 284, 285, 349, 406, 451, 489, 510, 743, 744, 804, 855, 898]","[3, 27, 349, 406, 451, 489, 510, 804, 855, 898]",0/6 successful match,False,,False,433,False,,1.0,True,Go Gas C - Store ( Conoco ),Conoco
"B Cody , 82414 Kwik Mart ( Cenex )",307-527-7534 US 14-16-20,000,Cody,82414,Kwik Mart ( Cenex ),307-527-7534,2006,Cody,WY,Kwik,,US 14-16-20,empty,,False,,False,US 14-16,,,,,[],[],[],[],[],"[117, 320, 588, 778]",[],[],"[320, 778, 588, 117]",False,[],[],[],[],"[117, 320, 588, 778]",[],[],0/6 successful match,False,,False,434,False,,,,,
"B Cody , 82414 Red Eagle Food Store # 4 ( Cenex )",4 307-587-6200 1200 US 14-20 ( 17th St ),FRS 24 000,Cody,82414,Red Eagle Food Store # 4 ( Cenex ),307-587-6200,2006,Cody,WY,Cenex,( 17th St ),1200 US 14-20,Proper,,False,,False,US 14-20,,,,,[],[],[],[],[],"[104, 117, 320, 433, 575, 588, 778, 885]",[],"[15, 412, 413, 426, 500, 863, 864, 878]","[320, 864, 104, 778, 426, 588, 878, 15, 433, 500, 117, 885, 863, 412, 413, 575]",False,[],[],[],[],"[104, 117, 320, 433, 575, 588, 778, 885]","[15, 412, 413, 426, 500, 863, 864, 878]",[],0/6 successful match,False,,False,435,False,,,,,
"B Cody , 82414 Red Eagle Food Store # 4 ( Shell )",307-587-6200 1200 US 14-20 ( 17th St ),24 HRS,Cody,82414,Red Eagle Food Store # 4 ( Shell ),307-587-6200,2007,Cody,WY,Shell,( 17th St ),1200 US 14-20,Proper,,False,,False,US 14-20,,,,,[],[],[],[],[],"[104, 117, 320, 433, 575, 588, 778, 885]","[1, 13, 14, 29, 54, 55, 56, 57, 58, 60, 102, 118, 125, 127, 130, 134, 146, 149, 153, 175, 182, 187, 189, 191, 197, 225, 230, 238, 264, 265, 266, 286, 302, 317, 336, 379, 388, 389, 425, 454, 458, 463, 475, 487, 498, 499, 512, 530, 531, 532, 533, 534, 536, 573, 589, 596, 598, 601, 605, 617, 620, 624, 646, 653, 658, 660, 662, 668, 689, 694, 702, 724, 725, 745, 760, 775, 793, 829, 838, 839, 877, 901, 903, 905, 910, 923]","[1, 13, 14, 15, 29, 54, 55, 56, 57, 58, 60, 102, 118, 125, 127, 130, 134, 146, 149, 153, 175, 182, 187, 189, 191, 197, 225, 230, 238, 264, 265, 266, 286, 302, 317, 336, 354, 379, 388, 389, 412, 413, 425, 426, 454, 458, 463, 475, 487, 498, 499, 500, 512, 530, 531, 532, 533, 534, 536, 573, 589, 596, 598, 601, 605, 617, 620, 624, 646, 653, 658, 660, 662, 668, 689, 694, 702, 724, 725, 745, 760, 775, 793, 809, 829, 838, 839, 863, 864, 877, 878, 901, 903, 905, 910, 923]","[512, 1, 13, 14, 15, 530, 531, 532, 533, 534, 536, 29, 54, 55, 56, 57, 58, 60, 573, 575, 588, 589, 596, 598, 601, 605, 102, 104, 617, 620, 624, 117, 118, 125, 127, 130, 134, 646, 653, 146, 658, 660, 149, 662, 153, 668, 175, 689, 182, 694, 187, 189, 702, 191, 197, 724, 725, 225, 230, 745, 238, 760, 775, 264, 265, 778, 266, 793, 286, 809, 302, 317, 829, 320, 838, 839, 336, 863, 864, 354, 877, 878, 885, 379, 388, 389, 901, 903, 905, 910, 923, 412, 413, 425, 426, 433, 454, 458, 463, 475, 487, 498, 499, 500]",False,[],[],[],[],"[104, 117, 320, 433, 575, 588, 778, 885]","[1, 13, 14, 15, 29, 54, 55, 56, 57, 58, 60, 102, 118, 125, 127, 130, 134, 146, 149, 153, 175, 182, 187, 189, 191, 197, 225, 230, 238, 264, 265, 266, 286, 302, 317, 336, 354, 379, 388, 389, 412, 413, 425, 426, 454, 458, 463, 475, 487, 498, 499, 500, 512, 530, 531, 532, 533, 534, 536, 573, 589, 596, 598, 601, 605, 617, 620, 624, 646, 653, 658, 660, 662, 668, 689, 694, 702, 724, 725, 745, 760, 775, 793, 809, 829, 838, 839, 863, 864, 877, 878, 901, 903, 905, 910, 923]","[1, 13, 14, 29, 54, 55, 56, 57, 58, 60, 102, 118, 125, 127, 130, 134, 146, 149, 153, 175, 182, 187, 189, 191, 197, 225, 230, 238, 264, 265, 266, 286, 302, 317, 336, 379, 388, 389, 425, 454, 458, 463, 475, 487, 498, 499, 512, 530, 531, 532, 533, 534, 536, 573, 589, 596, 598, 601, 605, 617, 620, 624, 646, 653, 658, 660, 662, 668, 689, 694, 702, 724, 725, 745, 760, 775, 793, 829, 838, 839, 877, 901, 903, 905, 910, 923]",0/6 successful match,False,,False,435,False,,1.0,False,Red Eagle Food Store # 4 ( Cenex ),Cenex
"B Cody , 82414 Red Eagle Food Store # 4 ( Shell",4 307-587-6200 1200 US 14-20 ( 17th St ) ),<U+2610> <U+2610>,Cody,82414,Red Eagle Food Store # 4 ( Shell,307-587-6200,2008,Cody,WY,Shell,( 17th St ) ),1200 US 14-20,Proper,,False,,False,US 14-20,,,,,[],[],[],[],[],"[104, 117, 320, 433, 575, 588, 778, 885]","[1, 13, 14, 29, 54, 55, 56, 57, 58, 60, 102, 118, 125, 127, 130, 134, 146, 149, 153, 175, 182, 187, 189, 191, 197, 225, 230, 238, 264, 265, 266, 286, 302, 317, 336, 379, 388, 389, 425, 454, 458, 463, 475, 487, 498, 499, 512, 530, 531, 532, 533, 534, 536, 573, 589, 596, 598, 601, 605, 617, 620, 624, 646, 653, 658, 660, 662, 668, 689, 694, 702, 724, 725, 745, 760, 775, 793, 829, 838, 839, 877, 901, 903, 905, 910, 923]","[1, 13, 14, 15, 29, 54, 55, 56, 57, 58, 60, 102, 118, 125, 127, 130, 134, 146, 149, 153, 175, 182, 187, 189, 191, 197, 225, 230, 238, 264, 265, 266, 286, 302, 317, 336, 354, 379, 388, 389, 412, 413, 425, 426, 454, 458, 463, 475, 487, 498, 499, 500, 512, 530, 531, 532, 533, 534, 536, 573, 589, 596, 598, 601, 605, 617, 620, 624, 646, 653, 658, 660, 662, 668, 689, 694, 702, 724, 725, 745, 760, 775, 793, 809, 829, 838, 839, 863, 864, 877, 878, 901, 903, 905, 910, 923]","[512, 1, 13, 14, 15, 530, 531, 532, 533, 534, 536, 29, 54, 55, 56, 57, 58, 60, 573, 575, 588, 589, 596, 598, 601, 605, 102, 104, 617, 620, 624, 117, 118, 125, 127, 130, 134, 646, 653, 146, 658, 660, 149, 662, 153, 668, 175, 689, 182, 694, 187, 189, 702, 191, 197, 724, 725, 225, 230, 745, 238, 760, 775, 264, 265, 778, 266, 793, 286, 809, 302, 317, 829, 320, 838, 839, 336, 863, 864, 354, 877, 878, 885, 379, 388, 389, 901, 903, 905, 910, 923, 412, 413, 425, 426, 433, 454, 458, 463, 475, 487, 498, 499, 500]",False,[],[],[],[],"[104, 117, 320, 433, 575, 588, 778, 885]","[1, 13, 14, 15, 29, 54, 55, 56, 57, 58, 60, 102, 118, 125, 127, 130, 134, 146, 149, 153, 175, 182, 187, 189, 191, 197, 225, 230, 238, 264, 265, 266, 286, 302, 317, 336, 354, 379, 388, 389, 412, 413, 425, 426, 454, 458, 463, 475, 487, 498, 499, 500, 512, 530, 531, 532, 533, 534, 536, 573, 589, 596, 598, 601, 605, 617, 620, 624, 646, 653, 658, 660, 662, 668, 689, 694, 702, 724, 725, 745, 760, 775, 793, 809, 829, 838, 839, 863, 864, 877, 878, 901, 903, 905, 910, 923]","[1, 13, 14, 29, 54, 55, 56, 57, 58, 60, 102, 118, 125, 127, 130, 134, 146, 149, 153, 175, 182, 187, 189, 191, 197, 225, 230, 238, 264, 265, 266, 286, 302, 317, 336, 379, 388, 389, 425, 454, 458, 463, 475, 487, 498, 499, 512, 530, 531, 532, 533, 534, 536, 573, 589, 596, 598, 601, 605, 617, 620, 624, 646, 653, 658, 660, 662, 668, 689, 694, 702, 724, 725, 745, 760, 775, 793, 829, 838, 839, 877, 901, 903, 905, 910, 923]",0/6 successful match,False,,False,435,False,,1.0,True,Red Eagle Food Store # 4 ( Shell ),Shell
"Riverton , 82501 Bailey Tire & Auto Service ( Sinclair )",15307-856-6535 811 S WY 789 ( 4 blks S of US 26 ),24,Riverton,82501,Bailey Tire & Auto Service ( Sinclair ),307-856-6535,2006,Riverton,WY,Sinclair,( 4 blks S of US 26 ),811 S WY 789,Proper,,False,,False,811 S,,,,,[],[],[],[],[],[],"[31, 142, 147, 180, 338, 352, 367, 387, 403, 405, 408, 410, 455, 465, 466, 468, 470, 472, 473, 483, 484, 514, 613, 618, 651, 794, 807, 837, 852, 854, 858, 861, 902, 912, 913, 915, 917, 919, 920, 931, 934, 935]","[31, 142, 147, 180, 338, 352, 367, 387, 403, 405, 408, 410, 455, 465, 466, 468, 470, 472, 473, 483, 484, 514, 613, 618, 651, 794, 807, 837, 852, 854, 858, 861, 902, 912, 913, 915, 917, 919, 920, 931, 934, 935]","[514, 387, 902, 651, 142, 912, 913, 147, 403, 405, 915, 917, 408, 919, 410, 794, 920, 31, 931, 934, 807, 935, 180, 837, 455, 465, 338, 466, 468, 852, 470, 854, 472, 473, 858, 861, 352, 483, 484, 613, 618, 367]",False,[],[],[],[],[],"[31, 142, 147, 180, 338, 352, 367, 387, 403, 405, 408, 410, 455, 465, 466, 468, 470, 472, 473, 483, 484, 514, 613, 618, 651, 794, 807, 837, 852, 854, 858, 861, 902, 912, 913, 915, 917, 919, 920, 931, 934, 935]","[31, 142, 147, 180, 338, 352, 367, 387, 403, 405, 408, 410, 455, 465, 466, 468, 470, 472, 473, 483, 484, 514, 613, 618, 651, 794, 807, 837, 852, 854, 858, 861, 902, 912, 913, 915, 917, 919, 920, 931, 934, 935]",0/6 successful match,False,,False,436,False,,,,,
"Riverton , 82501 Bailey Tire & Auto Service ( Sinclair )",307-856-6535 811 S WY 789 ( 4 blks S of US 26 ),),Riverton,82501,Bailey Tire & Auto Service ( Sinclair ),307-856-6535,2007,Riverton,WY,Sinclair,( 4 blks S of US 26 ),811 S WY 789,Proper,,False,,False,811 S,,,,,[],[],[],[],[],[],"[31, 142, 147, 180, 338, 352, 367, 387, 403, 405, 408, 410, 455, 465, 466, 468, 470, 472, 473, 483, 484, 514, 613, 618, 651, 794, 807, 837, 852, 854, 858, 861, 902, 912, 913, 915, 917, 919, 920, 931, 934, 935]","[31, 142, 147, 180, 338, 352, 367, 387, 403, 405, 408, 410, 455, 465, 466, 468, 470, 472, 473, 483, 484, 514, 613, 618, 651, 794, 807, 837, 852, 854, 858, 861, 902, 912, 913, 915, 917, 919, 920, 931, 934, 935]","[514, 387, 902, 651, 142, 912, 913, 147, 403, 405, 915, 917, 408, 919, 410, 794, 920, 31, 931, 934, 807, 935, 180, 837, 455, 465, 338, 466, 468, 852, 470, 854, 472, 473, 858, 861, 352, 483, 484, 613, 618, 367]",False,[],[],[],[],[],"[31, 142, 147, 180, 338, 352, 367, 387, 403, 405, 408, 410, 455, 465, 466, 468, 470, 472, 473, 483, 484, 514, 613, 618, 651, 794, 807, 837, 852, 854, 858, 861, 902, 912, 913, 915, 917, 919, 920, 931, 934, 935]","[31, 142, 147, 180, 338, 352, 367, 387, 403, 405, 408, 410, 455, 465, 466, 468, 470, 472, 473, 483, 484, 514, 613, 618, 651, 794, 807, 837, 852, 854, 858, 861, 902, 912, 913, 915, 917, 919, 920, 931, 934, 935]",0/6 successful match,False,,False,436,False,,1.0,True,Bailey Tire & Auto Service ( Sinclair ),Sinclair
"D Riverton , 82501 Bailey Tire & Auto Service ( Sinclair )",307-856-6535 811 <U+015A> WY 789 ( 4 blks S of US 26 ),S <U+25A1> <U+25A1> D,Riverton,82501,Bailey Tire & Auto Service ( Sinclair ),307-856-6535,2008,Riverton,WY,Sinclair,( 4 blks S of US 26 ),811 <U+015A> WY 789,Proper,,False,,False,811 U,,,,,[],[],[],[],[],[],"[31, 142, 147, 180, 338, 352, 367, 387, 403, 405, 408, 410, 455, 465, 466, 468, 470, 472, 473, 483, 484, 514, 613, 618, 651, 794, 807, 837, 852, 854, 858, 861, 902, 912, 913, 915, 917, 919, 920, 931, 934, 935]","[31, 142, 147, 180, 338, 352, 367, 387, 403, 405, 408, 410, 455, 465, 466, 468, 470, 472, 473, 483, 484, 514, 613, 618, 651, 794, 807, 837, 852, 854, 858, 861, 902, 912, 913, 915, 917, 919, 920, 931, 934, 935]","[514, 387, 902, 651, 142, 912, 913, 147, 403, 405, 915, 917, 408, 919, 410, 794, 920, 31, 931, 934, 807, 935, 180, 837, 455, 465, 338, 466, 468, 852, 470, 854, 472, 473, 858, 861, 352, 483, 484, 613, 618, 367]",False,[],[],[],[],[],"[31, 142, 147, 180, 338, 352, 367, 387, 403, 405, 408, 410, 455, 465, 466, 468, 470, 472, 473, 483, 484, 514, 613, 618, 651, 794, 807, 837, 852, 854, 858, 861, 902, 912, 913, 915, 917, 919, 920, 931, 934, 935]","[31, 142, 147, 180, 338, 352, 367, 387, 403, 405, 408, 410, 455, 465, 466, 468, 470, 472, 473, 483, 484, 514, 613, 618, 651, 794, 807, 837, 852, 854, 858, 861, 902, 912, 913, 915, 917, 919, 920, 931, 934, 935]",0/6 successful match,False,,False,436,False,,1.0,True,Bailey Tire & Auto Service ( Sinclair ),Sinclair
"Riverton , 82501 789 Car & Truck Stop ( Exxon )",307-856-6789 10369 Hwy 789,<U+2610> 000,Riverton,82501,789 Car & Truck Stop ( Exxon ),307-856-6789,2006,Riverton,WY,Exxon,,10369 Hwy 789,Proper,,False,,False,Hwy 789,,,,,[],[],[],[],[],[],"[398, 399, 400, 848, 849]","[398, 399, 400, 848, 849]","[398, 399, 400, 849, 848]",False,[],[],[],[],[],"[398, 399, 400, 848, 849]","[398, 399, 400, 848, 849]",0/6 successful match,False,,False,437,False,,,,,
"Riverton , 82501 789 C - Store ( Exxon )",5 307-856-6789 10369 WY 789,000,Riverton,82501,789 C - Store ( Exxon ),307-856-6789,2007,Riverton,WY,Exxon,,10369 WY 789,Proper,,False,,False,10369 WY,,,,,[],[],[],[],[],[],"[398, 399, 400, 848, 849]","[398, 399, 400, 848, 849]","[398, 399, 400, 849, 848]",False,[],[],[],[],[],"[398, 399, 400, 848, 849]","[398, 399, 400, 848, 849]",0/6 successful match,False,,False,437,False,,0.6597484276729559,True,789 Car & Truck Stop ( Exxon ),Exxon
D Riverton ( 82501 ) 789 Smoke Shop,307-856-6789 10369 WY 789,24 24 S,Riverton,82501,789 Smoke Shop,307-856-6789,2014,Riverton,WY,,,10369 WY 789,Proper,,False,,False,10369 WY,,,,,[],[],[],[],[],[],[],[],[],False,[],[],[],[],[],[],[],0/6 successful match,False,,False,438,False,,,,,
Riverton ( 82501 ) 789 Smoke Shop,307-856-6789 10369 WY 789,224 S O,Riverton,82501,789 Smoke Shop,307-856-6789,2015,Riverton,WY,,,10369 WY 789,Proper,,False,,False,10369 WY,,,,,[],[],[],[],[],[],[],[],[],False,[],[],[],[],[],[],[],0/6 successful match,False,,False,438,False,,1.0,True,789 Smoke Shop,
Riverton ( 82501 ) 789 Smoke Shop,307-856-6789 10369 WY 789,HRG 24 S,Riverton,82501,789 Smoke Shop,307-856-6789,2016,Riverton,WY,,,10369 WY 789,Proper,,False,,False,10369 WY,,,,,[],[],[],[],[],[],[],[],[],False,[],[],[],[],[],[],[],0/6 successful match,False,,False,438,False,,1.0,True,789 Smoke Shop,
D Riverton ( 82501 ) Bailey's Pit Stop # 3 ( Sinclair ),5 307-857-7583 819 WY 789 ( S of US 26 ),24 S <U+2610>,Riverton,82501,Bailey's Pit Stop # 3 ( Sinclair ),307-857-7583,2014,Riverton,WY,Sinclair,( S of US 26 ),819 WY 789,Proper,,False,,False,819 WY,,,,,[],[],[],[],[],[],"[31, 142, 147, 180, 338, 352, 367, 387, 403, 405, 408, 410, 455, 465, 466, 468, 470, 472, 473, 483, 484, 514, 613, 618, 651, 794, 807, 837, 852, 854, 858, 861, 902, 912, 913, 915, 917, 919, 920, 931, 934, 935]","[31, 142, 147, 180, 338, 352, 367, 387, 403, 405, 408, 410, 455, 465, 466, 468, 470, 472, 473, 483, 484, 514, 613, 618, 651, 794, 807, 837, 852, 854, 858, 861, 902, 912, 913, 915, 917, 919, 920, 931, 934, 935]","[514, 387, 902, 651, 142, 912, 913, 147, 403, 405, 915, 917, 408, 919, 410, 794, 920, 31, 931, 934, 807, 935, 180, 837, 455, 465, 338, 466, 468, 852, 470, 854, 472, 473, 858, 861, 352, 483, 484, 613, 618, 367]",False,[],[],[],[],[],"[31, 142, 147, 180, 338, 352, 367, 387, 403, 405, 408, 410, 455, 465, 466, 468, 470, 472, 473, 483, 484, 514, 613, 618, 651, 794, 807, 837, 852, 854, 858, 861, 902, 912, 913, 915, 917, 919, 920, 931, 934, 935]","[31, 142, 147, 180, 338, 352, 367, 387, 403, 405, 408, 410, 455, 465, 466, 468, 470, 472, 473, 483, 484, 514, 613, 618, 651, 794, 807, 837, 852, 854, 858, 861, 902, 912, 913, 915, 917, 919, 920, 931, 934, 935]",0/6 successful match,False,,False,439,False,,,,,
Riverton ( 82501 ) Bailey's Pit Stop # 3 ( Sinclair ),307-857-7583 819 WY 789 ( S of US 26 ),24 S <U+2610>,Riverton,82501,Bailey's Pit Stop # 3 ( Sinclair ),307-857-7583,2015,Riverton,WY,Sinclair,( S of US 26 ),819 WY 789,Proper,,False,,False,819 WY,,,,,[],[],[],[],[],[],"[31, 142, 147, 180, 338, 352, 367, 387, 403, 405, 408, 410, 455, 465, 466, 468, 470, 472, 473, 483, 484, 514, 613, 618, 651, 794, 807, 837, 852, 854, 858, 861, 902, 912, 913, 915, 917, 919, 920, 931, 934, 935]","[31, 142, 147, 180, 338, 352, 367, 387, 403, 405, 408, 410, 455, 465, 466, 468, 470, 472, 473, 483, 484, 514, 613, 618, 651, 794, 807, 837, 852, 854, 858, 861, 902, 912, 913, 915, 917, 919, 920, 931, 934, 935]","[514, 387, 902, 651, 142, 912, 913, 147, 403, 405, 915, 917, 408, 919, 410, 794, 920, 31, 931, 934, 807, 935, 180, 837, 455, 465, 338, 466, 468, 852, 470, 854, 472, 473, 858, 861, 352, 483, 484, 613, 618, 367]",False,[],[],[],[],[],"[31, 142, 147, 180, 338, 352, 367, 387, 403, 405, 408, 410, 455, 465, 466, 468, 470, 472, 473, 483, 484, 514, 613, 618, 651, 794, 807, 837, 852, 854, 858, 861, 902, 912, 913, 915, 917, 919, 920, 931, 934, 935]","[31, 142, 147, 180, 338, 352, 367, 387, 403, 405, 408, 410, 455, 465, 466, 468, 470, 472, 473, 483, 484, 514, 613, 618, 651, 794, 807, 837, 852, 854, 858, 861, 902, 912, 913, 915, 917, 919, 920, 931, 934, 935]",0/6 successful match,False,,False,439,False,,1.0,True,Bailey's Pit Stop # 3 ( Sinclair ),Sinclair
Riverton ( 82501 ) Bailey's Pit Stop # 3 ( Sinclair ),307-857-7583 819 WY 789 ( S of US 26 ),24 S <U+25A1> <U+25A1>,Riverton,82501,Bailey's Pit Stop # 3 ( Sinclair ),307-857-7583,2016,Riverton,WY,Sinclair,( S of US 26 ),819 WY 789,Proper,,False,,False,819 WY,,,,,[],[],[],[],[],[],"[31, 142, 147, 180, 338, 352, 367, 387, 403, 405, 408, 410, 455, 465, 466, 468, 470, 472, 473, 483, 484, 514, 613, 618, 651, 794, 807, 837, 852, 854, 858, 861, 902, 912, 913, 915, 917, 919, 920, 931, 934, 935]","[31, 142, 147, 180, 338, 352, 367, 387, 403, 405, 408, 410, 455, 465, 466, 468, 470, 472, 473, 483, 484, 514, 613, 618, 651, 794, 807, 837, 852, 854, 858, 861, 902, 912, 913, 915, 917, 919, 920, 931, 934, 935]","[514, 387, 902, 651, 142, 912, 913, 147, 403, 405, 915, 917, 408, 919, 410, 794, 920, 31, 931, 934, 807, 935, 180, 837, 455, 465, 338, 466, 468, 852, 470, 854, 472, 473, 858, 861, 352, 483, 484, 613, 618, 367]",False,[],[],[],[],[],"[31, 142, 147, 180, 338, 352, 367, 387, 403, 405, 408, 410, 455, 465, 466, 468, 470, 472, 473, 483, 484, 514, 613, 618, 651, 794, 807, 837, 852, 854, 858, 861, 902, 912, 913, 915, 917, 919, 920, 931, 934, 935]","[31, 142, 147, 180, 338, 352, 367, 387, 403, 405, 408, 410, 455, 465, 466, 468, 470, 472, 473, 483, 484, 514, 613, 618, 651, 794, 807, 837, 852, 854, 858, 861, 902, 912, 913, 915, 917, 919, 920, 931, 934, 935]",0/6 successful match,False,,False,439,False,,1.0,True,Bailey's Pit Stop # 3 ( Sinclair ),Sinclair
"D Lander , 82520 Stub's Truck Stop",307-332-2566 730 WY 789 E,S <U+2610>,Lander,82520,Stub's Truck Stop,307-332-2566,2006,Lander,WY,,,730 WY 789 E,Proper,,False,,False,730 WY,,,,,[],[],[],[],[],[],[],[],[],False,[],[],[],[],[],[],[],0/6 successful match,False,,False,440,False,,,,,
"Evansville , 82636 Loaf N Jug # 127",307-265-9312 I-25 Exit 185 ( Wyoming Blvd ),,Evansville,82636,Loaf N Jug # 127,307-265-9312,2006,Evansville,WY,,( Wyoming Blvd ),I-25 Exit 185 ,Exit,185,False,,False,I-25,,,,,[],[],[],"[70, 545]",[],"[108, 353, 430, 584, 808, 882]",[],[],"[545, 353, 70, 584, 808, 108, 430, 882]",False,[],[],[],"[70, 545]","[108, 353, 430, 584, 808, 882]",[],[],0/6 successful match,False,,False,441,False,,,,,
"Evansville , 82636 Loaf N Jug # 127",307-265-9312 I-25 Exit 185 ( Wyoming Blvd ),24 M <U+25A0><U+25A0>,Evansville,82636,Loaf N Jug # 127,307-265-9312,2007,Evansville,WY,,( Wyoming Blvd ),I-25 Exit 185 ,Exit,185,False,,False,I-25,,,,,[],[],[],"[70, 545]",[],"[108, 353, 430, 584, 808, 882]",[],[],"[545, 353, 70, 584, 808, 108, 430, 882]",False,[],[],[],"[70, 545]","[108, 353, 430, 584, 808, 882]",[],[],0/6 successful match,False,,False,441,False,,1.0,True,Loaf N Jug # 127,
"Evansville , 82636 Loaf N Jug # 127",7 307-265-9312 I-25 Exit 185 ( Wyoming Blvd ),24 MRS HRS,Evansville,82636,Loaf N Jug # 127,307-265-9312,2008,Evansville,WY,,( Wyoming Blvd ),I-25 Exit 185 ,Exit,185,False,,False,I-25,,,,,[],[],[],"[70, 545]",[],"[108, 353, 430, 584, 808, 882]",[],[],"[545, 353, 70, 584, 808, 108, 430, 882]",False,[],[],[],"[70, 545]","[108, 353, 430, 584, 808, 882]",[],[],0/6 successful match,False,,False,441,False,,1.0,True,Loaf N Jug # 127,
D Midwest ( 82643 ) Junction Fuel,307-437-6817 WY 259 & WY 387 ( 5 mi E of I-25 X 227 ),227 ) M,Midwest,82643,Junction Fuel,307-437-6817,2014,Midwest,WY,,( 5 mi E of I-25 X 227 ),WY 259 & WY 387,empty,,False,,False,WY 259,WY 387,,,,[],[],[],[],[],"[470, 917]",[],"[179, 353, 403, 650, 808, 852]","[353, 808, 650, 179, 403, 917, 470, 852]",False,[],[],[],[],"[470, 917]","[179, 353, 403, 650, 808, 852]",[],0/6 successful match,False,,False,441,True,2014,0.10344827586206896,True,Loaf N Jug # 127,
D Midwest ( 82643 ) Big D 270,307-437-6817 WY 259 & WY 387 ( 5 mi E of I -,) M <U+25A1> <U+25A1>,Midwest,82643,Big D 270,307-437-6817,2015,Midwest,WY,,( 5 mi E of I -,WY 259 & WY 387,empty,,False,,False,WY 259,WY 387,,,,[],[],[],[],[],"[470, 917]",[],[],"[917, 470]",False,[],[],[],[],"[470, 917]",[],[],0/6 successful match,False,,False,441,True,2015,0.09090909090909091,True,Junction Fuel,
Midwest ( 82643 ) Big D,307-437-6817 WY 259 & WY 387 ( 5 mi E of I-25 X 227 ),) <U+25A1> M <U+2610> <U+2610>,Midwest,82643,Big D,307-437-6817,2016,Midwest,WY,,( 5 mi E of I-25 X 227 ),WY 259 & WY 387,empty,,False,,False,WY 259,WY 387,,,,[],[],[],[],[],"[470, 917]",[],[],"[917, 470]",False,[],[],[],[],"[470, 917]",[],[],0/6 successful match,False,,False,441,False,,0.6142857142857143,True,Big D 270,
"Mills , 82644 Red Eagle Food Store # 14 ( Shell )",307-237-9794 US 20-26 & Wyoming Blvd,<U+25A1> <U+25A1>,Mills,82644,Red Eagle Food Store # 14 ( Shell ),307-237-9794,2006,Mills,WY,Shell,,US 20-26 & Wyoming Blvd,empty,,False,,False,US 20,Wyoming Blvd,,,,[],[],[],[],[],"[104, 433, 575, 885]","[1, 13, 14, 29, 54, 55, 56, 57, 58, 60, 102, 118, 125, 127, 130, 134, 146, 149, 153, 175, 182, 187, 189, 191, 197, 225, 230, 238, 264, 265, 266, 286, 302, 317, 336, 379, 388, 389, 425, 454, 458, 463, 475, 487, 498, 499, 512, 530, 531, 532, 533, 534, 536, 573, 589, 596, 598, 601, 605, 617, 620, 624, 646, 653, 658, 660, 662, 668, 689, 694, 702, 724, 725, 745, 760, 775, 793, 829, 838, 839, 877, 901, 903, 905, 910, 923]","[1, 13, 14, 15, 29, 54, 55, 56, 57, 58, 60, 102, 118, 125, 127, 130, 134, 146, 149, 153, 175, 182, 187, 189, 191, 197, 225, 230, 238, 264, 265, 266, 286, 302, 317, 336, 354, 379, 388, 389, 412, 413, 425, 426, 454, 458, 463, 475, 487, 498, 499, 500, 512, 530, 531, 532, 533, 534, 536, 573, 589, 596, 598, 601, 605, 617, 620, 624, 646, 653, 658, 660, 662, 668, 689, 694, 702, 724, 725, 745, 760, 775, 793, 809, 829, 838, 839, 863, 864, 877, 878, 901, 903, 905, 910, 923]","[512, 1, 13, 14, 15, 530, 531, 532, 533, 534, 536, 29, 54, 55, 56, 57, 58, 60, 573, 575, 589, 596, 598, 601, 605, 102, 104, 617, 620, 624, 118, 125, 127, 130, 134, 646, 653, 146, 658, 660, 149, 662, 153, 668, 175, 689, 694, 182, 187, 189, 702, 191, 197, 724, 725, 225, 230, 745, 238, 760, 775, 264, 265, 266, 793, 286, 809, 302, 317, 829, 838, 839, 336, 863, 864, 354, 877, 878, 885, 379, 388, 389, 901, 903, 905, 910, 923, 412, 413, 425, 426, 433, 454, 458, 463, 475, 487, 498, 499, 500]",False,[],[],[],[],"[104, 433, 575, 885]","[1, 13, 14, 15, 29, 54, 55, 56, 57, 58, 60, 102, 118, 125, 127, 130, 134, 146, 149, 153, 175, 182, 187, 189, 191, 197, 225, 230, 238, 264, 265, 266, 286, 302, 317, 336, 354, 379, 388, 389, 412, 413, 425, 426, 454, 458, 463, 475, 487, 498, 499, 500, 512, 530, 531, 532, 533, 534, 536, 573, 589, 596, 598, 601, 605, 617, 620, 624, 646, 653, 658, 660, 662, 668, 689, 694, 702, 724, 725, 745, 760, 775, 793, 809, 829, 838, 839, 863, 864, 877, 878, 901, 903, 905, 910, 923]","[1, 13, 14, 29, 54, 55, 56, 57, 58, 60, 102, 118, 125, 127, 130, 134, 146, 149, 153, 175, 182, 187, 189, 191, 197, 225, 230, 238, 264, 265, 266, 286, 302, 317, 336, 379, 388, 389, 425, 454, 458, 463, 475, 487, 498, 499, 512, 530, 531, 532, 533, 534, 536, 573, 589, 596, 598, 601, 605, 617, 620, 624, 646, 653, 658, 660, 662, 668, 689, 694, 702, 724, 725, 745, 760, 775, 793, 829, 838, 839, 877, 901, 903, 905, 910, 923]",0/6 successful match,False,,False,442,False,,,,,
"Shoshoni , 82649 Corner Properties ( Conoco ) )",307-876-2561 US 20 & US 26 / WY 789,FIRS 24,Shoshoni,82649,Corner Properties ( Conoco ) ),307-876-2561,2006,Shoshoni,WY,Conoco,,US 20 & US 26 / WY 789,empty,,False,,False,US 20,US 26,789,,,[],[],[],[],[],"[84, 104, 433, 555, 575, 885]","[3, 27, 349, 406, 451, 489, 510, 804, 855, 898]","[3, 9, 10, 27, 196, 349, 397, 406, 451, 489, 494, 495, 510, 667, 804, 847, 855, 898]","[898, 3, 9, 10, 397, 406, 27, 667, 804, 555, 433, 575, 451, 196, 847, 84, 855, 349, 104, 489, 494, 495, 885, 510]",False,[],[],[],[],"[84, 104, 433, 555, 575, 885]","[3, 9, 10, 27, 196, 349, 397, 406, 451, 489, 494, 495, 510, 667, 804, 847, 855, 898]","[3, 27, 349, 406, 451, 489, 510, 804, 855, 898]",0/6 successful match,False,,False,443,False,,,,,
"IShoshoni , 82649 Country Corner ( Shell of ) Entry )",5 307-876-2561 US 20 & US 26 / WY 789,<U+2610> <U+25A1> <U+25A1>,Shoshoni,82649,Country Corner ( Shell of ) Entry ),307-876-2561,2008,Shoshoni,WY,Shell,,US 20 & US 26 / WY 789,empty,,False,,False,US 20,US 26,789,,,[],[],[],[],[],"[84, 104, 433, 555, 575, 885]","[1, 13, 14, 29, 54, 55, 56, 57, 58, 60, 102, 118, 125, 127, 130, 134, 146, 149, 153, 175, 182, 187, 189, 191, 197, 225, 230, 238, 264, 265, 266, 286, 302, 317, 336, 379, 388, 389, 425, 454, 458, 463, 475, 487, 498, 499, 512, 530, 531, 532, 533, 534, 536, 573, 589, 596, 598, 601, 605, 617, 620, 624, 646, 653, 658, 660, 662, 668, 689, 694, 702, 724, 725, 745, 760, 775, 793, 829, 838, 839, 877, 901, 903, 905, 910, 923]","[1, 9, 10, 13, 14, 29, 54, 55, 56, 57, 58, 60, 102, 118, 125, 127, 130, 134, 146, 149, 153, 175, 182, 187, 189, 191, 196, 197, 225, 230, 238, 264, 265, 266, 286, 302, 317, 336, 354, 379, 388, 389, 397, 425, 454, 458, 463, 475, 487, 494, 495, 498, 499, 512, 530, 531, 532, 533, 534, 536, 573, 589, 596, 598, 601, 605, 617, 620, 624, 646, 653, 658, 660, 662, 667, 668, 689, 694, 702, 724, 725, 745, 760, 775, 793, 809, 829, 838, 839, 847, 877, 901, 903, 905, 910, 923]","[512, 1, 9, 10, 13, 14, 530, 531, 532, 533, 534, 536, 29, 555, 54, 55, 56, 57, 58, 60, 573, 575, 589, 84, 596, 598, 601, 605, 102, 104, 617, 620, 624, 118, 125, 127, 130, 134, 646, 653, 146, 658, 660, 149, 662, 153, 667, 668, 175, 689, 694, 182, 187, 189, 702, 191, 196, 197, 724, 725, 225, 230, 745, 238, 760, 775, 264, 265, 266, 793, 286, 809, 302, 317, 829, 838, 839, 847, 336, 354, 877, 885, 379, 388, 389, 901, 903, 905, 397, 910, 923, 425, 433, 454, 458, 463, 475, 487, 494, 495, 498, 499]",False,[],[],[],[],"[84, 104, 433, 555, 575, 885]","[1, 9, 10, 13, 14, 29, 54, 55, 56, 57, 58, 60, 102, 118, 125, 127, 130, 134, 146, 149, 153, 175, 182, 187, 189, 191, 196, 197, 225, 230, 238, 264, 265, 266, 286, 302, 317, 336, 354, 379, 388, 389, 397, 425, 454, 458, 463, 475, 487, 494, 495, 498, 499, 512, 530, 531, 532, 533, 534, 536, 573, 589, 596, 598, 601, 605, 617, 620, 624, 646, 653, 658, 660, 662, 667, 668, 689, 694, 702, 724, 725, 745, 760, 775, 793, 809, 829, 838, 839, 847, 877, 901, 903, 905, 910, 923]","[1, 13, 14, 29, 54, 55, 56, 57, 58, 60, 102, 118, 125, 127, 130, 134, 146, 149, 153, 175, 182, 187, 189, 191, 197, 225, 230, 238, 264, 265, 266, 286, 302, 317, 336, 379, 388, 389, 425, 454, 458, 463, 475, 487, 498, 499, 512, 530, 531, 532, 533, 534, 536, 573, 589, 596, 598, 601, 605, 617, 620, 624, 646, 653, 658, 660, 662, 668, 689, 694, 702, 724, 725, 745, 760, 775, 793, 829, 838, 839, 877, 901, 903, 905, 910, 923]",0/6 successful match,False,,False,444,False,,,,,
"D Shoshoni , 82649 Country Corner ( Sinclair )",307-879-2561 US 20 & US 26 / WY 789,,Shoshoni,82649,Country Corner ( Sinclair ),307-879-2561,2007,Shoshoni,WY,Sinclair,,US 20 & US 26 / WY 789,empty,,False,,False,US 20,US 26,789,,,[],[],[],[],[],"[84, 104, 433, 555, 575, 885]","[31, 142, 147, 180, 338, 352, 367, 387, 403, 405, 408, 410, 455, 465, 466, 468, 470, 472, 473, 483, 484, 514, 613, 618, 651, 794, 807, 837, 852, 854, 858, 861, 902, 912, 913, 915, 917, 919, 920, 931, 934, 935]","[9, 10, 31, 142, 147, 180, 196, 338, 352, 367, 387, 397, 403, 405, 408, 410, 455, 465, 466, 468, 470, 472, 473, 483, 484, 494, 495, 514, 613, 618, 651, 667, 794, 807, 837, 847, 852, 854, 858, 861, 902, 912, 913, 915, 917, 919, 920, 931, 934, 935]","[514, 387, 902, 9, 10, 651, 397, 142, 912, 913, 147, 403, 405, 915, 917, 408, 919, 410, 794, 920, 667, 31, 931, 934, 807, 935, 555, 433, 180, 575, 196, 837, 455, 847, 465, 338, 466, 84, 468, 470, 852, 472, 473, 854, 858, 861, 352, 483, 484, 613, 104, 618, 494, 367, 495, 885]",False,[],[],[],[],"[84, 104, 433, 555, 575, 885]","[9, 10, 31, 142, 147, 180, 196, 338, 352, 367, 387, 397, 403, 405, 408, 410, 455, 465, 466, 468, 470, 472, 473, 483, 484, 494, 495, 514, 613, 618, 651, 667, 794, 807, 837, 847, 852, 854, 858, 861, 902, 912, 913, 915, 917, 919, 920, 931, 934, 935]","[31, 142, 147, 180, 338, 352, 367, 387, 403, 405, 408, 410, 455, 465, 466, 468, 470, 472, 473, 483, 484, 514, 613, 618, 651, 794, 807, 837, 852, 854, 858, 861, 902, 912, 913, 915, 917, 919, 920, 931, 934, 935]",0/6 successful match,False,,False,445,False,,,,,
B Gillette / Antelope Valley ( 82718 ) Big D # 35 Kwik Shop ( Conoco ),8 307-682-7626 WY 59 ( I-90 Exit 129 - 3 mi S ),<U+25A1> <U+2610>,Gillette / Antelope Valley,82718,Big D # 35 Kwik Shop ( Conoco ),307-682-7626,2014,Gillette,WY,Kwik,( I-90 Exit 129 - 3 mi S ),WY 59,empty,,False,,False,WY 59,,,,,[],[],"[298, 339, 428, 757, 795, 880]",[],[],"[428, 880]",[],"[3, 27, 349, 406, 451, 489, 510, 804, 855, 898]","[898, 3, 451, 804, 27, 489, 298, 428, 880, 339, 757, 406, 855, 795, 349, 510]",False,[],[],"[298, 339, 428, 757, 795, 880]",[],"[428, 880]","[3, 27, 349, 406, 451, 489, 510, 804, 855, 898]",[],0/6 successful match,False,,False,446,False,,,,,
B Gillette ( S ) ( 82718 ) Big D # 35 Kwik Shop ( Conoco ),307-682-7626 WY 59 ( I-90 Exit 126-3 mi S ),<U+2610> <U+2610> D,Gillette,82718,Big D # 35 Kwik Shop ( Conoco ),307-682-7626,2015,Gillette,WY,Kwik,( I-90 Exit 126-3 mi S ),WY 59,empty,,False,,False,WY 59,,,,,[],[],[],[],[],"[428, 880]",[],"[3, 27, 349, 406, 451, 489, 510, 804, 855, 898]","[898, 3, 451, 804, 489, 428, 880, 406, 855, 27, 349, 510]",False,[],[],[],[],"[428, 880]","[3, 27, 349, 406, 451, 489, 510, 804, 855, 898]",[],0/6 successful match,False,,False,446,False,,1.0,True,Big D # 35 Kwik Shop ( Conoco ),Kwik
Gillette ( S ) ( 82718 ) Big D # 35 Kwik Exit Shop 126-3 ( mi S ),307-682-7626 WY 59 ( I-90 102,S D,Gillette,82718,Big D # 35 Kwik Exit Shop 126-3 ( mi S ),307-682-7626,2016,Gillette,WY,Kwik,( I-90 102,WY 59,empty,,False,,False,WY 59,,,,,[],[],[],[],[],"[428, 880]",[],[],"[880, 428]",False,[],[],[],[],"[428, 880]",[],[],0/6 successful match,False,,False,446,False,,0.9779342723004695,True,Big D # 35 Kwik Shop ( Conoco ),Kwik
Wright ( 82732 ) Big D # 18 ( Exxon ),8 307-464-0625 WY 59 & WY 387 W,<U+25A1> S <U+2610>,Wright,82732,Big D # 18 ( Exxon ),307-464-0625,2014,Wright,WY,Exxon,,WY 59 & WY 387 W,empty,,False,,False,WY 59,WY 387,,,,[],[],[],[],[],"[428, 880]","[398, 399, 400, 848, 849]","[398, 399, 400, 848, 849]","[428, 398, 399, 880, 400, 848, 849]",False,[],[],[],[],"[428, 880]","[398, 399, 400, 848, 849]","[398, 399, 400, 848, 849]",0/6 successful match,False,,False,447,False,,,,,
Wright ( 82732 ) Big D # 18 ( Exxon ),8 307-464-0625 WY 59 & WY 387 W,D S,Wright,82732,Big D # 18 ( Exxon ),307-464-0625,2015,Wright,WY,Exxon,,WY 59 & WY 387 W,empty,,False,,False,WY 59,WY 387,,,,[],[],[],[],[],"[428, 880]","[398, 399, 400, 848, 849]","[398, 399, 400, 848, 849]","[428, 398, 399, 880, 400, 848, 849]",False,[],[],[],[],"[428, 880]","[398, 399, 400, 848, 849]","[398, 399, 400, 848, 849]",0/6 successful match,False,,False,447,False,,1.0,True,Big D # 18 ( Exxon ),Exxon
Wright ( 82732 ) Big D # 18 ( Exxon ),8 307-464-0625 WY 59 & WY 387 W,<U+25A1> S,Wright,82732,Big D # 18 ( Exxon ),307-464-0625,2016,Wright,WY,Exxon,,WY 59 & WY 387 W,empty,,False,,False,WY 59,WY 387,,,,[],[],[],[],[],"[428, 880]","[398, 399, 400, 848, 849]","[398, 399, 400, 848, 849]","[428, 398, 399, 880, 400, 848, 849]",False,[],[],[],[],"[428, 880]","[398, 399, 400, 848, 849]","[398, 399, 400, 848, 849]",0/6 successful match,False,,False,447,False,,1.0,True,Big D # 18 ( Exxon ),Exxon
"A Sheridan , 82801 Red Eagle Food Store # 17 ( Shell )",307-673-1128 I-90 Exit 20,M,Sheridan,82801,Red Eagle Food Store # 17 ( Shell ),307-673-1128,2006,Sheridan,WY,Shell,,I-90 Exit 20,Exit,20,False,,False,I-90,,,,,[],[],[],"[371, 821]",[],"[9, 44, 217, 422, 494, 524, 685, 874]","[1, 13, 14, 29, 54, 55, 56, 57, 58, 60, 102, 118, 125, 127, 130, 134, 146, 149, 153, 175, 182, 187, 189, 191, 197, 225, 230, 238, 264, 265, 266, 286, 302, 317, 336, 379, 388, 389, 425, 454, 458, 463, 475, 487, 498, 499, 512, 530, 531, 532, 533, 534, 536, 573, 589, 596, 598, 601, 605, 617, 620, 624, 646, 653, 658, 660, 662, 668, 689, 694, 702, 724, 725, 745, 760, 775, 793, 829, 838, 839, 877, 901, 903, 905, 910, 923]","[1, 13, 14, 15, 29, 54, 55, 56, 57, 58, 60, 102, 118, 125, 127, 130, 134, 146, 149, 153, 175, 182, 187, 189, 191, 197, 225, 230, 238, 264, 265, 266, 286, 302, 317, 336, 354, 379, 388, 389, 412, 413, 425, 426, 454, 458, 463, 475, 487, 498, 499, 500, 512, 530, 531, 532, 533, 534, 536, 573, 589, 596, 598, 601, 605, 617, 620, 624, 646, 653, 658, 660, 662, 668, 689, 694, 702, 724, 725, 745, 760, 775, 793, 809, 829, 838, 839, 863, 864, 877, 878, 901, 903, 905, 910, 923]","[512, 1, 9, 524, 13, 14, 15, 530, 531, 532, 533, 534, 536, 29, 44, 54, 55, 56, 57, 58, 60, 573, 589, 596, 598, 601, 605, 102, 617, 620, 624, 118, 125, 127, 130, 134, 646, 653, 146, 658, 660, 149, 662, 153, 668, 685, 175, 689, 182, 694, 187, 189, 702, 191, 197, 724, 725, 217, 225, 230, 745, 238, 760, 775, 264, 265, 266, 793, 286, 809, 302, 821, 317, 829, 838, 839, 336, 863, 864, 354, 874, 877, 878, 371, 379, 388, 389, 901, 903, 905, 910, 923, 412, 413, 422, 425, 426, 454, 458, 463, 475, 487, 494, 498, 499, 500]",False,[],[],[],"[371, 821]","[9, 44, 217, 422, 494, 524, 685, 874]","[1, 13, 14, 15, 29, 54, 55, 56, 57, 58, 60, 102, 118, 125, 127, 130, 134, 146, 149, 153, 175, 182, 187, 189, 191, 197, 225, 230, 238, 264, 265, 266, 286, 302, 317, 336, 354, 379, 388, 389, 412, 413, 425, 426, 454, 458, 463, 475, 487, 498, 499, 500, 512, 530, 531, 532, 533, 534, 536, 573, 589, 596, 598, 601, 605, 617, 620, 624, 646, 653, 658, 660, 662, 668, 689, 694, 702, 724, 725, 745, 760, 775, 793, 809, 829, 838, 839, 863, 864, 877, 878, 901, 903, 905, 910, 923]","[1, 13, 14, 29, 54, 55, 56, 57, 58, 60, 102, 118, 125, 127, 130, 134, 146, 149, 153, 175, 182, 187, 189, 191, 197, 225, 230, 238, 264, 265, 266, 286, 302, 317, 336, 379, 388, 389, 425, 454, 458, 463, 475, 487, 498, 499, 512, 530, 531, 532, 533, 534, 536, 573, 589, 596, 598, 601, 605, 617, 620, 624, 646, 653, 658, 660, 662, 668, 689, 694, 702, 724, 725, 745, 760, 775, 793, 829, 838, 839, 877, 901, 903, 905, 910, 923]",0/6 successful match,False,,False,448,False,,,,,
"A Sheridan , 82801 Red Eagle Food Store # 17 ( Shell )",307-673-1128 I-90 Exit 20,,Sheridan,82801,Red Eagle Food Store # 17 ( Shell ),307-673-1128,2007,Sheridan,WY,Shell,,I-90 Exit 20,Exit,20,False,,False,I-90,,,,,[],[],[],"[371, 821]",[],"[9, 44, 217, 422, 494, 524, 685, 874]","[1, 13, 14, 29, 54, 55, 56, 57, 58, 60, 102, 118, 125, 127, 130, 134, 146, 149, 153, 175, 182, 187, 189, 191, 197, 225, 230, 238, 264, 265, 266, 286, 302, 317, 336, 379, 388, 389, 425, 454, 458, 463, 475, 487, 498, 499, 512, 530, 531, 532, 533, 534, 536, 573, 589, 596, 598, 601, 605, 617, 620, 624, 646, 653, 658, 660, 662, 668, 689, 694, 702, 724, 725, 745, 760, 775, 793, 829, 838, 839, 877, 901, 903, 905, 910, 923]","[1, 13, 14, 15, 29, 54, 55, 56, 57, 58, 60, 102, 118, 125, 127, 130, 134, 146, 149, 153, 175, 182, 187, 189, 191, 197, 225, 230, 238, 264, 265, 266, 286, 302, 317, 336, 354, 379, 388, 389, 412, 413, 425, 426, 454, 458, 463, 475, 487, 498, 499, 500, 512, 530, 531, 532, 533, 534, 536, 573, 589, 596, 598, 601, 605, 617, 620, 624, 646, 653, 658, 660, 662, 668, 689, 694, 702, 724, 725, 745, 760, 775, 793, 809, 829, 838, 839, 863, 864, 877, 878, 901, 903, 905, 910, 923]","[512, 1, 9, 524, 13, 14, 15, 530, 531, 532, 533, 534, 536, 29, 44, 54, 55, 56, 57, 58, 60, 573, 589, 596, 598, 601, 605, 102, 617, 620, 624, 118, 125, 127, 130, 134, 646, 653, 146, 658, 660, 149, 662, 153, 668, 685, 175, 689, 182, 694, 187, 189, 702, 191, 197, 724, 725, 217, 225, 230, 745, 238, 760, 775, 264, 265, 266, 793, 286, 809, 302, 821, 317, 829, 838, 839, 336, 863, 864, 354, 874, 877, 878, 371, 379, 388, 389, 901, 903, 905, 910, 923, 412, 413, 422, 425, 426, 454, 458, 463, 475, 487, 494, 498, 499, 500]",False,[],[],[],"[371, 821]","[9, 44, 217, 422, 494, 524, 685, 874]","[1, 13, 14, 15, 29, 54, 55, 56, 57, 58, 60, 102, 118, 125, 127, 130, 134, 146, 149, 153, 175, 182, 187, 189, 191, 197, 225, 230, 238, 264, 265, 266, 286, 302, 317, 336, 354, 379, 388, 389, 412, 413, 425, 426, 454, 458, 463, 475, 487, 498, 499, 500, 512, 530, 531, 532, 533, 534, 536, 573, 589, 596, 598, 601, 605, 617, 620, 624, 646, 653, 658, 660, 662, 668, 689, 694, 702, 724, 725, 745, 760, 775, 793, 809, 829, 838, 839, 863, 864, 877, 878, 901, 903, 905, 910, 923]","[1, 13, 14, 29, 54, 55, 56, 57, 58, 60, 102, 118, 125, 127, 130, 134, 146, 149, 153, 175, 182, 187, 189, 191, 197, 225, 230, 238, 264, 265, 266, 286, 302, 317, 336, 379, 388, 389, 425, 454, 458, 463, 475, 487, 498, 499, 512, 530, 531, 532, 533, 534, 536, 573, 589, 596, 598, 601, 605, 617, 620, 624, 646, 653, 658, 660, 662, 668, 689, 694, 702, 724, 725, 745, 760, 775, 793, 829, 838, 839, 877, 901, 903, 905, 910, 923]",0/6 successful match,False,,False,448,False,,1.0,True,Red Eagle Food Store # 17 ( Shell ),Shell
"A Sheridan , 82801 Red Eagle Food Store # 17 ( .",6 307-673-1128 I-90 Exit 20 Shell ),HRS 24 <U+2610> <U+2610> <U+2610>,Sheridan,82801,Red Eagle Food Store # 17 ( .,307-673-1128,2008,Sheridan,WY,,,I-90 Exit 20 Shell ,Exit,20,False,,False,I-90,,,,,[],[],[],"[371, 821]",[],"[9, 44, 217, 422, 494, 524, 685, 874]",[],"[15, 412, 413, 426, 500, 863, 864, 878]","[864, 422, 9, 874, 426, 44, 524, 494, 685, 15, 878, 371, 500, 821, 217, 412, 413, 863]",False,[],[],[],"[371, 821]","[9, 44, 217, 422, 494, 524, 685, 874]","[15, 412, 413, 426, 500, 863, 864, 878]",[],0/6 successful match,False,,False,448,False,,1.0,True,Red Eagle Food Store # 17 ( Shell ),Shell
"B Buffalo , 82834 Big Horn Travel Plaza",307-684-5246 I-25 Exit 299 ( US 16 ),124 HRS MOO,Buffalo,82834,Big Horn Travel Plaza,307-684-5246,2006,Buffalo,WY,,( US 16 ),I-25 Exit 299 ,Exit,299,False,,False,I-25,,,,,[],[],[],[],[],"[108, 353, 430, 584, 808, 882]",[],[],"[353, 584, 808, 108, 430, 882]",False,[],[],[],[],"[108, 353, 430, 584, 808, 882]",[],[],0/6 successful match,False,,False,449,False,,,,,
"B Buffalo , 82834 Big Horn Travel Plaza",307-684-5246 I-25 Exit 299 ( US 16 ),24 +84 S B,Buffalo,82834,Big Horn Travel Plaza,307-684-5246,2007,Buffalo,WY,,( US 16 ),I-25 Exit 299 ,Exit,299,False,,False,I-25,,,,,[],[],[],[],[],"[108, 353, 430, 584, 808, 882]",[],[],"[353, 584, 808, 108, 430, 882]",False,[],[],[],[],"[108, 353, 430, 584, 808, 882]",[],[],0/6 successful match,False,,False,449,False,,1.0,True,Big Horn Travel Plaza,
"B Buffalo , 82834 Big Horn Travel Plaza",307-684-5246 I-25 Exit 299 ( US 16 ),NRS S <U+2610><U+2610>,Buffalo,82834,Big Horn Travel Plaza,307-684-5246,2008,Buffalo,WY,,( US 16 ),I-25 Exit 299 ,Exit,299,False,,False,I-25,,,,,[],[],[],[],[],"[108, 353, 430, 584, 808, 882]",[],[],"[353, 584, 808, 108, 430, 882]",False,[],[],[],[],"[108, 353, 430, 584, 808, 882]",[],[],0/6 successful match,False,,False,449,False,,1.0,True,Big Horn Travel Plaza,
F Rock Springs ( 82901 ) Sunmart # 586 ( Texaco ),307-362-1598 I-80 Exit 104 ( US 191 N ),24 M,Rock Springs,82901,Sunmart # 586 ( Texaco ),307-362-1598,2014,Rock Springs,WY,Texaco,( US 191 N ),I-80 Exit 104 ,Exit,104,False,,False,I-80,,,,,[],[],"[174, 188, 189, 197, 232, 254, 399, 645, 659, 660, 668, 696, 717, 848]",[],[],"[89, 108, 172, 217, 221, 239, 264, 280, 321, 342, 343, 344, 345, 346, 349, 351, 352, 355, 357, 359, 364, 368, 371, 372, 373, 374, 376, 377, 387, 392, 393, 403, 409, 411, 414, 424, 430, 449, 454, 470, 480, 560, 584, 643, 685, 703, 724, 739, 779, 798, 799, 800, 801, 804, 806, 807, 810, 812, 814, 816, 821, 822, 823, 824, 826, 827, 837, 842, 843, 852, 859, 862, 865, 869, 876, 882, 897, 901, 917, 932]","[26, 390, 474, 486, 509, 840, 922, 926]","[26, 92, 390, 474, 486, 509, 563, 840, 921, 922, 926]","[26, 560, 563, 584, 89, 92, 108, 643, 645, 659, 660, 668, 172, 685, 174, 696, 188, 189, 703, 197, 717, 724, 217, 221, 739, 232, 239, 254, 264, 779, 280, 798, 799, 800, 801, 804, 806, 807, 810, 812, 814, 816, 821, 822, 823, 824, 826, 827, 321, 837, 840, 842, 843, 848, 852, 342, 343, 344, 345, 346, 859, 349, 862, 351, 352, 865, 355, 357, 869, 359, 364, 876, 368, 882, 371, 372, 373, 374, 376, 377, 897, 387, 901, 390, 392, 393, 399, 403, 917, 409, 922, 411, 921, 414, 926, 932, 424, 430, 449, 454, 470, 474, 480, 486, 509]",False,[],[],"[174, 188, 189, 197, 232, 254, 399, 645, 659, 660, 668, 696, 717, 848]",[],"[89, 108, 172, 217, 221, 239, 264, 280, 321, 342, 343, 344, 345, 346, 349, 351, 352, 355, 357, 359, 364, 368, 371, 372, 373, 374, 376, 377, 387, 392, 393, 403, 409, 411, 414, 424, 430, 449, 454, 470, 480, 560, 584, 643, 685, 703, 724, 739, 779, 798, 799, 800, 801, 804, 806, 807, 810, 812, 814, 816, 821, 822, 823, 824, 826, 827, 837, 842, 843, 852, 859, 862, 865, 869, 876, 882, 897, 901, 917, 932]","[26, 92, 390, 474, 486, 509, 563, 840, 921, 922, 926]","[26, 390, 474, 486, 509, 840, 922, 926]",0/6 successful match,False,,False,449,True,2014,0.1111111111111111,True,Big Horn Travel Plaza,
Rock Springs ( 82901 ) Sunmart # 586 ( Texaco ),307-362-1598 I-80 Exit 104 ( US 191 N ),24 M <U+2610><U+2610>,Rock Springs,82901,Sunmart # 586 ( Texaco ),307-362-1598,2015,Rock Springs,WY,Texaco,( US 191 N ),I-80 Exit 104 ,Exit,104,False,,False,I-80,,,,,[],[],"[174, 188, 189, 197, 232, 254, 399, 645, 659, 660, 668, 696, 717, 848]",[],[],"[89, 108, 172, 217, 221, 239, 264, 280, 321, 342, 343, 344, 345, 346, 349, 351, 352, 355, 357, 359, 364, 368, 371, 372, 373, 374, 376, 377, 387, 392, 393, 403, 409, 411, 414, 424, 430, 449, 454, 470, 480, 560, 584, 643, 685, 703, 724, 739, 779, 798, 799, 800, 801, 804, 806, 807, 810, 812, 814, 816, 821, 822, 823, 824, 826, 827, 837, 842, 843, 852, 859, 862, 865, 869, 876, 882, 897, 901, 917, 932]","[26, 390, 474, 486, 509, 840, 922, 926]","[26, 92, 390, 474, 486, 509, 563, 840, 921, 922, 926]","[26, 560, 563, 584, 89, 92, 108, 643, 645, 659, 660, 668, 172, 685, 174, 696, 188, 189, 703, 197, 717, 724, 217, 221, 739, 232, 239, 254, 264, 779, 280, 798, 799, 800, 801, 804, 806, 807, 810, 812, 814, 816, 821, 822, 823, 824, 826, 827, 321, 837, 840, 842, 843, 848, 852, 342, 343, 344, 345, 346, 859, 349, 862, 351, 352, 865, 355, 357, 869, 359, 364, 876, 368, 882, 371, 372, 373, 374, 376, 377, 897, 387, 901, 390, 392, 393, 399, 403, 917, 409, 922, 411, 921, 414, 926, 932, 424, 430, 449, 454, 470, 474, 480, 486, 509]",False,[],[],"[174, 188, 189, 197, 232, 254, 399, 645, 659, 660, 668, 696, 717, 848]",[],"[89, 108, 172, 217, 221, 239, 264, 280, 321, 342, 343, 344, 345, 346, 349, 351, 352, 355, 357, 359, 364, 368, 371, 372, 373, 374, 376, 377, 387, 392, 393, 403, 409, 411, 414, 424, 430, 449, 454, 470, 480, 560, 584, 643, 685, 703, 724, 739, 779, 798, 799, 800, 801, 804, 806, 807, 810, 812, 814, 816, 821, 822, 823, 824, 826, 827, 837, 842, 843, 852, 859, 862, 865, 869, 876, 882, 897, 901, 917, 932]","[26, 92, 390, 474, 486, 509, 563, 840, 921, 922, 926]","[26, 390, 474, 486, 509, 840, 922, 926]",0/6 successful match,False,,False,449,False,,1.0,True,Sunmart # 586 ( Texaco ),Texaco
Rock Springs ( 82901 ) Sunmart # 586 ( Texaco ),307-362-1598 I-80 Exit 104 ( US 191 N ),24 MOO <U+2610> <U+2610> <U+2610>,Rock Springs,82901,Sunmart # 586 ( Texaco ),307-362-1598,2016,Rock Springs,WY,Texaco,( US 191 N ),I-80 Exit 104 ,Exit,104,False,,False,I-80,,,,,[],[],"[174, 188, 189, 197, 232, 254, 399, 645, 659, 660, 668, 696, 717, 848]",[],[],"[89, 108, 172, 217, 221, 239, 264, 280, 321, 342, 343, 344, 345, 346, 349, 351, 352, 355, 357, 359, 364, 368, 371, 372, 373, 374, 376, 377, 387, 392, 393, 403, 409, 411, 414, 424, 430, 449, 454, 470, 480, 560, 584, 643, 685, 703, 724, 739, 779, 798, 799, 800, 801, 804, 806, 807, 810, 812, 814, 816, 821, 822, 823, 824, 826, 827, 837, 842, 843, 852, 859, 862, 865, 869, 876, 882, 897, 901, 917, 932]","[26, 390, 474, 486, 509, 840, 922, 926]","[26, 92, 390, 474, 486, 509, 563, 840, 921, 922, 926]","[26, 560, 563, 584, 89, 92, 108, 643, 645, 659, 660, 668, 172, 685, 174, 696, 188, 189, 703, 197, 717, 724, 217, 221, 739, 232, 239, 254, 264, 779, 280, 798, 799, 800, 801, 804, 806, 807, 810, 812, 814, 816, 821, 822, 823, 824, 826, 827, 321, 837, 840, 842, 843, 848, 852, 342, 343, 344, 345, 346, 859, 349, 862, 351, 352, 865, 355, 357, 869, 359, 364, 876, 368, 882, 371, 372, 373, 374, 376, 377, 897, 387, 901, 390, 392, 393, 399, 403, 917, 409, 922, 411, 921, 414, 926, 932, 424, 430, 449, 454, 470, 474, 480, 486, 509]",False,[],[],"[174, 188, 189, 197, 232, 254, 399, 645, 659, 660, 668, 696, 717, 848]",[],"[89, 108, 172, 217, 221, 239, 264, 280, 321, 342, 343, 344, 345, 346, 349, 351, 352, 355, 357, 359, 364, 368, 371, 372, 373, 374, 376, 377, 387, 392, 393, 403, 409, 411, 414, 424, 430, 449, 454, 470, 480, 560, 584, 643, 685, 703, 724, 739, 779, 798, 799, 800, 801, 804, 806, 807, 810, 812, 814, 816, 821, 822, 823, 824, 826, 827, 837, 842, 843, 852, 859, 862, 865, 869, 876, 882, 897, 901, 917, 932]","[26, 92, 390, 474, 486, 509, 563, 840, 921, 922, 926]","[26, 390, 474, 486, 509, 840, 922, 926]",0/6 successful match,False,,False,449,False,,1.0,True,Sunmart # 586 ( Texaco ),Texaco
"Rock Springs , 82901 Outlaw Sinclair",307-362-6205 I-80 Exit 104 ( US 191 N ),FRS MO,Rock Springs,82901,Outlaw Sinclair,307-362-6205,2006,Rock Springs,WY,Sinclair,( US 191 N ),I-80 Exit 104 ,Exit,104,False,,False,I-80,,,,,[],[],"[174, 188, 189, 197, 232, 254, 399, 645, 659, 660, 668, 696, 717, 848]",[],[],"[89, 108, 172, 217, 221, 239, 264, 280, 321, 342, 343, 344, 345, 346, 349, 351, 352, 355, 357, 359, 364, 368, 371, 372, 373, 374, 376, 377, 387, 392, 393, 403, 409, 411, 414, 424, 430, 449, 454, 470, 480, 560, 584, 643, 685, 703, 724, 739, 779, 798, 799, 800, 801, 804, 806, 807, 810, 812, 814, 816, 821, 822, 823, 824, 826, 827, 837, 842, 843, 852, 859, 862, 865, 869, 876, 882, 897, 901, 917, 932]","[31, 142, 147, 180, 338, 352, 367, 387, 403, 405, 408, 410, 455, 465, 466, 468, 470, 472, 473, 483, 484, 514, 613, 618, 651, 794, 807, 837, 852, 854, 858, 861, 902, 912, 913, 915, 917, 919, 920, 931, 934, 935]","[31, 142, 147, 180, 338, 352, 367, 387, 403, 405, 408, 410, 455, 465, 466, 468, 470, 472, 473, 483, 484, 514, 613, 618, 651, 794, 807, 837, 852, 854, 858, 861, 902, 912, 913, 915, 917, 919, 920, 931, 934, 935]","[514, 31, 560, 584, 89, 613, 618, 108, 643, 645, 651, 142, 659, 660, 147, 668, 172, 685, 174, 180, 696, 188, 189, 703, 197, 717, 724, 217, 221, 739, 232, 239, 254, 264, 779, 280, 794, 798, 799, 800, 801, 804, 806, 807, 810, 812, 814, 816, 821, 822, 823, 824, 826, 827, 321, 837, 842, 843, 848, 338, 852, 342, 343, 344, 345, 346, 859, 854, 349, 862, 351, 352, 865, 858, 355, 861, 357, 869, 359, 364, 876, 367, 368, 882, 371, 372, 373, 374, 376, 377, 897, 387, 901, 902, 392, 393, 399, 912, 913, 403, 915, 917, 405, 919, 408, 409, 410, 411, 920, 414, 931, 932, 934, 935, 424, 430, 449, 454, 455, 465, 466, 468, 470, 472, 473, 480, 483, 484]",False,[],[],"[174, 188, 189, 197, 232, 254, 399, 645, 659, 660, 668, 696, 717, 848]",[],"[89, 108, 172, 217, 221, 239, 264, 280, 321, 342, 343, 344, 345, 346, 349, 351, 352, 355, 357, 359, 364, 368, 371, 372, 373, 374, 376, 377, 387, 392, 393, 403, 409, 411, 414, 424, 430, 449, 454, 470, 480, 560, 584, 643, 685, 703, 724, 739, 779, 798, 799, 800, 801, 804, 806, 807, 810, 812, 814, 816, 821, 822, 823, 824, 826, 827, 837, 842, 843, 852, 859, 862, 865, 869, 876, 882, 897, 901, 917, 932]","[31, 142, 147, 180, 338, 352, 367, 387, 403, 405, 408, 410, 455, 465, 466, 468, 470, 472, 473, 483, 484, 514, 613, 618, 651, 794, 807, 837, 852, 854, 858, 861, 902, 912, 913, 915, 917, 919, 920, 931, 934, 935]","[31, 142, 147, 180, 338, 352, 367, 387, 403, 405, 408, 410, 455, 465, 466, 468, 470, 472, 473, 483, 484, 514, 613, 618, 651, 794, 807, 837, 852, 854, 858, 861, 902, 912, 913, 915, 917, 919, 920, 931, 934, 935]",0/6 successful match,False,,False,450,False,,,,,
Rock Springs ( 82901 ) North Get N Go ( Exxon ),307-382-9451 I-80 Exit 104 ( US 191 N ),<U+2610>,Rock Springs,82901,North Get N Go ( Exxon ),307-382-9451,2016,Rock Springs,WY,Exxon,( US 191 N ),I-80 Exit 104 ,Exit,104,False,,False,I-80,,,,,[],[],"[174, 188, 189, 197, 232, 254, 399, 645, 659, 660, 668, 696, 717, 848]",[],[],"[89, 108, 172, 217, 221, 239, 264, 280, 321, 342, 343, 344, 345, 346, 349, 351, 352, 355, 357, 359, 364, 368, 371, 372, 373, 374, 376, 377, 387, 392, 393, 403, 409, 411, 414, 424, 430, 449, 454, 470, 480, 560, 584, 643, 685, 703, 724, 739, 779, 798, 799, 800, 801, 804, 806, 807, 810, 812, 814, 816, 821, 822, 823, 824, 826, 827, 837, 842, 843, 852, 859, 862, 865, 869, 876, 882, 897, 901, 917, 932]","[398, 399, 400, 848, 849]","[284, 285, 398, 399, 400, 743, 744, 848, 849]","[560, 584, 89, 108, 643, 645, 659, 660, 668, 172, 685, 174, 696, 188, 189, 703, 197, 717, 724, 217, 221, 739, 743, 232, 744, 239, 254, 264, 779, 280, 284, 285, 798, 799, 800, 801, 804, 806, 807, 810, 812, 814, 816, 821, 822, 823, 824, 826, 827, 321, 837, 842, 843, 848, 849, 852, 342, 343, 344, 345, 346, 859, 349, 862, 351, 352, 865, 355, 357, 869, 359, 364, 876, 368, 882, 371, 372, 373, 374, 376, 377, 897, 387, 901, 392, 393, 398, 399, 400, 403, 917, 409, 411, 414, 932, 424, 430, 449, 454, 470, 480]",False,[],[],"[174, 188, 189, 197, 232, 254, 399, 645, 659, 660, 668, 696, 717, 848]",[],"[89, 108, 172, 217, 221, 239, 264, 280, 321, 342, 343, 344, 345, 346, 349, 351, 352, 355, 357, 359, 364, 368, 371, 372, 373, 374, 376, 377, 387, 392, 393, 403, 409, 411, 414, 424, 430, 449, 454, 470, 480, 560, 584, 643, 685, 703, 724, 739, 779, 798, 799, 800, 801, 804, 806, 807, 810, 812, 814, 816, 821, 822, 823, 824, 826, 827, 837, 842, 843, 852, 859, 862, 865, 869, 876, 882, 897, 901, 917, 932]","[284, 285, 398, 399, 400, 743, 744, 848, 849]","[398, 399, 400, 848, 849]",0/6 successful match,False,,False,451,False,,,,,
"Pocatello , 83201 Smoking Hot Deals ( Sinclair )",208-232-5141 14367 US 30 W ( 1.5 mi E of I-86 Exit 58 ),24 HRS -,Pocatello,83201,Smoking Hot Deals ( Sinclair ),208-232-5141,2006,Pocatello,ID,Sinclair,( 1.5 mi E of I-86 Exit 58 ),14367 US 30 W,Proper,,False,,False,US 30,,,,,[],[],[],[],[],"[436, 439, 887, 890, 927]","[31, 142, 147, 180, 338, 352, 367, 387, 403, 405, 408, 410, 455, 465, 466, 468, 470, 472, 473, 483, 484, 514, 613, 618, 651, 794, 807, 837, 852, 854, 858, 861, 902, 912, 913, 915, 917, 919, 920, 931, 934, 935]","[31, 142, 147, 180, 338, 352, 367, 387, 403, 405, 408, 410, 455, 465, 466, 468, 470, 472, 473, 483, 484, 514, 613, 618, 651, 794, 807, 837, 852, 854, 858, 861, 902, 912, 913, 915, 917, 919, 920, 931, 934, 935]","[514, 387, 902, 651, 142, 912, 913, 147, 403, 405, 915, 917, 408, 919, 410, 794, 920, 31, 927, 931, 934, 807, 935, 436, 180, 439, 837, 455, 465, 338, 466, 468, 852, 470, 854, 472, 473, 858, 861, 352, 483, 484, 613, 618, 367, 887, 890]",False,[],[],[],[],"[436, 439, 887, 890, 927]","[31, 142, 147, 180, 338, 352, 367, 387, 403, 405, 408, 410, 455, 465, 466, 468, 470, 472, 473, 483, 484, 514, 613, 618, 651, 794, 807, 837, 852, 854, 858, 861, 902, 912, 913, 915, 917, 919, 920, 931, 934, 935]","[31, 142, 147, 180, 338, 352, 367, 387, 403, 405, 408, 410, 455, 465, 466, 468, 470, 472, 473, 483, 484, 514, 613, 618, 651, 794, 807, 837, 852, 854, 858, 861, 902, 912, 913, 915, 917, 919, 920, 931, 934, 935]",0/6 successful match,False,,False,452,False,,,,,
"Pocatello , 83201 Smoking Hot Deals ( Sinclair )",208-232-5141 14367 US 30 W ( 1.5 mi E of I-86 Exit 58 ),58 ) 000,Pocatello,83201,Smoking Hot Deals ( Sinclair ),208-232-5141,2007,Pocatello,ID,Sinclair,( 1.5 mi E of I-86 Exit 58 ),14367 US 30 W,Proper,,False,,False,US 30,,,,,[],[],[],[],[],"[436, 439, 887, 890, 927]","[31, 142, 147, 180, 338, 352, 367, 387, 403, 405, 408, 410, 455, 465, 466, 468, 470, 472, 473, 483, 484, 514, 613, 618, 651, 794, 807, 837, 852, 854, 858, 861, 902, 912, 913, 915, 917, 919, 920, 931, 934, 935]","[31, 142, 147, 180, 338, 352, 367, 387, 403, 405, 408, 410, 455, 465, 466, 468, 470, 472, 473, 483, 484, 514, 613, 618, 651, 794, 807, 837, 852, 854, 858, 861, 902, 912, 913, 915, 917, 919, 920, 931, 934, 935]","[514, 387, 902, 651, 142, 912, 913, 147, 403, 405, 915, 917, 408, 919, 410, 794, 920, 31, 927, 931, 934, 807, 935, 436, 180, 439, 837, 455, 465, 338, 466, 468, 852, 470, 854, 472, 473, 858, 861, 352, 483, 484, 613, 618, 367, 887, 890]",False,[],[],[],[],"[436, 439, 887, 890, 927]","[31, 142, 147, 180, 338, 352, 367, 387, 403, 405, 408, 410, 455, 465, 466, 468, 470, 472, 473, 483, 484, 514, 613, 618, 651, 794, 807, 837, 852, 854, 858, 861, 902, 912, 913, 915, 917, 919, 920, 931, 934, 935]","[31, 142, 147, 180, 338, 352, 367, 387, 403, 405, 408, 410, 455, 465, 466, 468, 470, 472, 473, 483, 484, 514, 613, 618, 651, 794, 807, 837, 852, 854, 858, 861, 902, 912, 913, 915, 917, 919, 920, 931, 934, 935]",0/6 successful match,False,,False,452,False,,1.0,True,Smoking Hot Deals ( Sinclair ),Sinclair
"Pocatello , 83201 Forde Johnson Truck Service ( 66 )",208-233-2322 I-15 Exit 67 ( 1/2 mi N on US 30 ),S S <U+2610>,Pocatello,83201,Forde Johnson Truck Service ( 66 ),208-233-2322,2006,Pocatello,ID,,( 1/2 mi N on US 30 ),I-15 Exit 67 ,Exit,67,False,,False,I-15,,,,,[],[],[],"[172, 643]",[],"[16, 125, 156, 163, 168, 184, 205, 222, 229, 253, 258, 265, 313, 317, 336, 340, 341, 356, 363, 365, 366, 367, 370, 375, 388, 391, 394, 396, 402, 410, 411, 412, 413, 415, 416, 417, 418, 419, 425, 429, 431, 433, 435, 437, 440, 441, 442, 443, 451, 452, 456, 457, 458, 460, 461, 464, 471, 473, 474, 475, 481, 482, 501, 596, 628, 635, 655, 675, 693, 716, 720, 725, 771, 775, 793, 796, 797, 811, 817, 818, 820, 825, 838, 841, 844, 846, 851, 857, 861, 862, 863, 864, 866, 867, 868, 870, 871, 877, 881, 883, 885, 888, 891, 892, 893, 898, 899, 904, 905, 907, 908, 911, 918, 920, 921, 922, 923, 924, 926, 931, 933]",[],"[28, 401, 402, 424, 427, 464, 469, 511, 850, 851, 876, 879, 911, 916]","[16, 28, 596, 628, 635, 125, 643, 655, 156, 163, 675, 168, 172, 693, 184, 716, 205, 720, 725, 222, 229, 253, 258, 771, 775, 265, 793, 796, 797, 811, 817, 818, 820, 313, 825, 317, 838, 841, 844, 846, 336, 850, 851, 340, 341, 857, 861, 862, 863, 864, 866, 867, 356, 868, 870, 871, 363, 876, 365, 366, 367, 877, 881, 370, 883, 879, 885, 375, 888, 891, 892, 893, 898, 899, 388, 391, 904, 905, 394, 907, 396, 908, 911, 401, 402, 916, 918, 920, 921, 410, 411, 412, 413, 922, 415, 416, 417, 418, 419, 923, 924, 926, 931, 933, 425, 424, 427, 429, 431, 433, 435, 437, 440, 441, 442, 443, 451, 452, 456, 457, 458, 460, 461, 464, 469, 471, 473, 474, 475, 481, 482, 501, 511]",False,[],[],[],"[172, 643]","[16, 125, 156, 163, 168, 184, 205, 222, 229, 253, 258, 265, 313, 317, 336, 340, 341, 356, 363, 365, 366, 367, 370, 375, 388, 391, 394, 396, 402, 410, 411, 412, 413, 415, 416, 417, 418, 419, 425, 429, 431, 433, 435, 437, 440, 441, 442, 443, 451, 452, 456, 457, 458, 460, 461, 464, 471, 473, 474, 475, 481, 482, 501, 596, 628, 635, 655, 675, 693, 716, 720, 725, 771, 775, 793, 796, 797, 811, 817, 818, 820, 825, 838, 841, 844, 846, 851, 857, 861, 862, 863, 864, 866, 867, 868, 870, 871, 877, 881, 883, 885, 888, 891, 892, 893, 898, 899, 904, 905, 907, 908, 911, 918, 920, 921, 922, 923, 924, 926, 931, 933]","[28, 401, 402, 424, 427, 464, 469, 511, 850, 851, 876, 879, 911, 916]",[],0/6 successful match,False,,False,453,False,,,,,
"= 11 HPocatello , 83201 Forde Johnson Truck Stop ( 66 )",208-233-2322 I-15 Exit 67 ( 1 mi N on US 30 ),,Pocatello,83201,Forde Johnson Truck Stop ( 66 ),208-233-2322,2007,Pocatello,ID,,( 1 mi N on US 30 ),I-15 Exit 67 ,Exit,67,False,,False,I-15,,,,,[],[],[],"[172, 643]",[],"[16, 125, 156, 163, 168, 184, 205, 222, 229, 253, 258, 265, 313, 317, 336, 340, 341, 356, 363, 365, 366, 367, 370, 375, 388, 391, 394, 396, 402, 410, 411, 412, 413, 415, 416, 417, 418, 419, 425, 429, 431, 433, 435, 437, 440, 441, 442, 443, 451, 452, 456, 457, 458, 460, 461, 464, 471, 473, 474, 475, 481, 482, 501, 596, 628, 635, 655, 675, 693, 716, 720, 725, 771, 775, 793, 796, 797, 811, 817, 818, 820, 825, 838, 841, 844, 846, 851, 857, 861, 862, 863, 864, 866, 867, 868, 870, 871, 877, 881, 883, 885, 888, 891, 892, 893, 898, 899, 904, 905, 907, 908, 911, 918, 920, 921, 922, 923, 924, 926, 931, 933]",[],"[28, 401, 402, 424, 427, 464, 469, 511, 850, 851, 876, 879, 911, 916]","[16, 28, 596, 628, 635, 125, 643, 655, 156, 163, 675, 168, 172, 693, 184, 716, 205, 720, 725, 222, 229, 253, 258, 771, 775, 265, 793, 796, 797, 811, 817, 818, 820, 313, 825, 317, 838, 841, 844, 846, 336, 850, 851, 340, 341, 857, 861, 862, 863, 864, 866, 867, 356, 868, 870, 871, 363, 876, 365, 366, 367, 877, 881, 370, 883, 879, 885, 375, 888, 891, 892, 893, 898, 899, 388, 391, 904, 905, 394, 907, 396, 908, 911, 401, 402, 916, 918, 920, 921, 410, 411, 412, 413, 922, 415, 416, 417, 418, 419, 923, 924, 926, 931, 933, 425, 424, 427, 429, 431, 433, 435, 437, 440, 441, 442, 443, 451, 452, 456, 457, 458, 460, 461, 464, 469, 471, 473, 474, 475, 481, 482, 501, 511]",False,[],[],[],"[172, 643]","[16, 125, 156, 163, 168, 184, 205, 222, 229, 253, 258, 265, 313, 317, 336, 340, 341, 356, 363, 365, 366, 367, 370, 375, 388, 391, 394, 396, 402, 410, 411, 412, 413, 415, 416, 417, 418, 419, 425, 429, 431, 433, 435, 437, 440, 441, 442, 443, 451, 452, 456, 457, 458, 460, 461, 464, 471, 473, 474, 475, 481, 482, 501, 596, 628, 635, 655, 675, 693, 716, 720, 725, 771, 775, 793, 796, 797, 811, 817, 818, 820, 825, 838, 841, 844, 846, 851, 857, 861, 862, 863, 864, 866, 867, 868, 870, 871, 877, 881, 883, 885, 888, 891, 892, 893, 898, 899, 904, 905, 907, 908, 911, 918, 920, 921, 922, 923, 924, 926, 931, 933]","[28, 401, 402, 424, 427, 464, 469, 511, 850, 851, 876, 879, 911, 916]",[],0/6 successful match,False,,False,453,False,,1.0,True,Forde Johnson Truck Service ( 66 ),
"Pocatello , 83201 Forde Johnson 45 Truck Stop (",208-233-2322 I-15 Exit 67 ( 1 mi N 66 ),<U+2610> <U+25A1> <U+25A1>,Pocatello,83201,Forde Johnson 45 Truck Stop (,208-233-2322,2008,Pocatello,ID,,( 1 mi N 66 ),I-15 Exit 67 ,Exit,67,False,,False,I-15,,,,,[],[],[],"[172, 643]",[],"[16, 125, 156, 163, 168, 184, 205, 222, 229, 253, 258, 265, 313, 317, 336, 340, 341, 356, 363, 365, 366, 367, 370, 375, 388, 391, 394, 396, 402, 410, 411, 412, 413, 415, 416, 417, 418, 419, 425, 429, 431, 433, 435, 437, 440, 441, 442, 443, 451, 452, 456, 457, 458, 460, 461, 464, 471, 473, 474, 475, 481, 482, 501, 596, 628, 635, 655, 675, 693, 716, 720, 725, 771, 775, 793, 796, 797, 811, 817, 818, 820, 825, 838, 841, 844, 846, 851, 857, 861, 862, 863, 864, 866, 867, 868, 870, 871, 877, 881, 883, 885, 888, 891, 892, 893, 898, 899, 904, 905, 907, 908, 911, 918, 920, 921, 922, 923, 924, 926, 931, 933]",[],"[28, 511]","[16, 28, 596, 628, 635, 125, 643, 655, 156, 163, 675, 168, 172, 693, 184, 716, 205, 720, 725, 222, 229, 253, 258, 771, 775, 265, 793, 796, 797, 811, 817, 818, 820, 313, 825, 317, 838, 841, 844, 846, 336, 851, 340, 341, 857, 861, 862, 863, 864, 866, 867, 356, 868, 870, 871, 363, 365, 366, 367, 877, 881, 370, 883, 885, 375, 888, 891, 892, 893, 898, 899, 388, 391, 904, 905, 394, 907, 396, 908, 911, 402, 918, 920, 921, 410, 411, 412, 413, 922, 415, 416, 417, 418, 419, 923, 924, 926, 931, 933, 425, 429, 431, 433, 435, 437, 440, 441, 442, 443, 451, 452, 456, 457, 458, 460, 461, 464, 471, 473, 474, 475, 481, 482, 501, 511]",False,[],[],[],"[172, 643]","[16, 125, 156, 163, 168, 184, 205, 222, 229, 253, 258, 265, 313, 317, 336, 340, 341, 356, 363, 365, 366, 367, 370, 375, 388, 391, 394, 396, 402, 410, 411, 412, 413, 415, 416, 417, 418, 419, 425, 429, 431, 433, 435, 437, 440, 441, 442, 443, 451, 452, 456, 457, 458, 460, 461, 464, 471, 473, 474, 475, 481, 482, 501, 596, 628, 635, 655, 675, 693, 716, 720, 725, 771, 775, 793, 796, 797, 811, 817, 818, 820, 825, 838, 841, 844, 846, 851, 857, 861, 862, 863, 864, 866, 867, 868, 870, 871, 877, 881, 883, 885, 888, 891, 892, 893, 898, 899, 904, 905, 907, 908, 911, 918, 920, 921, 922, 923, 924, 926, 931, 933]","[28, 511]",[],0/6 successful match,False,,False,453,False,,0.96,True,Forde Johnson Truck Stop ( 66 ),
"Pocatello , 83201 Cowboy West Truck Stop",208-234-0229 I-86 Exit 58 ( 2 mi E on US 30 ),S 0,Pocatello,83201,Cowboy West Truck Stop,208-234-0229,2006,Pocatello,ID,,( 2 mi E on US 30 ),I-86 Exit 58 ,Exit,58,False,,False,I-86,,,,,[],[],[],"[251, 296, 309, 714, 755, 767]",[],"[120, 304, 591, 762]",[],[],"[296, 714, 591, 304, 755, 309, 120, 762, 251, 767]",False,[],[],[],"[251, 296, 309, 714, 755, 767]","[120, 304, 591, 762]",[],[],0/6 successful match,False,,False,454,False,,,,,
"Pocatello , 83201 Cowboy West Truck Stop",208-234-0229 I-86 Exit 58 ( 2 mi E on US 30 ),S240 000,Pocatello,83201,Cowboy West Truck Stop,208-234-0229,2007,Pocatello,ID,,( 2 mi E on US 30 ),I-86 Exit 58 ,Exit,58,False,,False,I-86,,,,,[],[],[],"[251, 296, 309, 714, 755, 767]",[],"[120, 304, 591, 762]",[],[],"[296, 714, 591, 304, 755, 309, 120, 762, 251, 767]",False,[],[],[],"[251, 296, 309, 714, 755, 767]","[120, 304, 591, 762]",[],[],0/6 successful match,False,,False,454,False,,1.0,True,Cowboy West Truck Stop,
"Pocatello , 83201 Cowboy West Truck Stop",208-234-0229 I-86 Exit 58 ( 2 mi E on,HAS 24 22 S <U+25A1> <U+25A1> <U+2610>,Pocatello,83201,Cowboy West Truck Stop,208-234-0229,2008,Pocatello,ID,,( 2 mi E on,I-86 Exit 58 ,Exit,58,False,,False,I-86,,,,,[],[],[],"[251, 296, 309, 714, 755, 767]",[],"[120, 304, 591, 762]",[],[],"[296, 714, 591, 304, 755, 309, 120, 762, 251, 767]",False,[],[],[],"[251, 296, 309, 714, 755, 767]","[120, 304, 591, 762]",[],[],0/6 successful match,False,,False,454,False,,1.0,True,Cowboy West Truck Stop,
Arco ( 83213 ) Jack's Travel Plaza ( Texaco ),5 208-527-3577 2437 US 20-26 ( 1/2 mi SE of US 93 ),<U+2610> M,Arco,83213,Jack's Travel Plaza ( Texaco ),208-527-3577,2014,Arco,ID,Texaco,( 1/2 mi SE of US 93 ),2437 US 20-26,Proper,,False,,False,US 20-26,,,,,[],[],[],[],[],"[84, 104, 433, 555, 575, 885]","[26, 390, 474, 486, 509, 840, 922, 926]","[26, 390, 474, 486, 509, 840, 922, 926]","[390, 486, 104, 840, 555, 433, 474, 84, 885, 26, 922, 509, 926, 575]",False,[],[],[],[],"[84, 104, 433, 555, 575, 885]","[26, 390, 474, 486, 509, 840, 922, 926]","[26, 390, 474, 486, 509, 840, 922, 926]",0/6 successful match,False,,False,454,True,2014,0.1346153846153846,True,Cowboy West Truck Stop,
Arco ( 83213 ) Jack's Exit Travel 52 Plaza ( Texaco ),208-527-3577 2437 US 20-26 ( 1/2 mi SE,M D,Arco,83213,Jack's Exit Travel 52 Plaza ( Texaco ),208-527-3577,2015,Arco,ID,Texaco,( 1/2 mi SE,2437 US 20-26,Proper,,False,,False,US 20-26,,,,,[],[],[],[],[],"[84, 104, 433, 555, 575, 885]","[26, 390, 474, 486, 509, 840, 922, 926]","[26, 390, 474, 486, 509, 840, 922, 926]","[390, 486, 104, 840, 555, 433, 474, 84, 885, 26, 922, 509, 926, 575]",False,[],[],[],[],"[84, 104, 433, 555, 575, 885]","[26, 390, 474, 486, 509, 840, 922, 926]","[26, 390, 474, 486, 509, 840, 922, 926]",0/6 successful match,False,,False,454,False,,0.7647058823529411,True,Jack's Travel Plaza ( Texaco ),Texaco
Arco ( 83213 ) Jack's Travel Plaza ( Texaco ),5 208-527-3577 2437 US 20-26 ( 1/2 mi SE of US 93 ),M O,Arco,83213,Jack's Travel Plaza ( Texaco ),208-527-3577,2016,Arco,ID,Texaco,( 1/2 mi SE of US 93 ),2437 US 20-26,Proper,,False,,False,US 20-26,,,,,[],[],[],[],[],"[84, 104, 433, 555, 575, 885]","[26, 390, 474, 486, 509, 840, 922, 926]","[26, 390, 474, 486, 509, 840, 922, 926]","[390, 486, 104, 840, 555, 433, 474, 84, 885, 26, 922, 509, 926, 575]",False,[],[],[],[],"[84, 104, 433, 555, 575, 885]","[26, 390, 474, 486, 509, 840, 922, 926]","[26, 390, 474, 486, 509, 840, 922, 926]",0/6 successful match,False,,False,454,False,,0.7647058823529411,True,Jack's Exit Travel 52 Plaza ( Texaco ),Texaco
H Blackfoot ( 83221 ) Snake River ( Sinclair ) on US 26 ),6 208-782-1800 I-15 Exit 93 ( US 26 W ),M,Blackfoot,83221,Snake River ( Sinclair ) on US 26 ),208-782-1800,2014,Blackfoot,ID,Sinclair,( US 26 W ),I-15 Exit 93 ,Exit,93,False,,False,I-15,,,,,[],[],[],[],[],"[16, 125, 156, 163, 168, 184, 205, 222, 229, 253, 258, 265, 313, 317, 336, 340, 341, 356, 363, 365, 366, 367, 370, 375, 388, 391, 394, 396, 402, 410, 411, 412, 413, 415, 416, 417, 418, 419, 425, 429, 431, 433, 435, 437, 440, 441, 442, 443, 451, 452, 456, 457, 458, 460, 461, 464, 471, 473, 474, 475, 481, 482, 501, 596, 628, 635, 655, 675, 693, 716, 720, 725, 771, 775, 793, 796, 797, 811, 817, 818, 820, 825, 838, 841, 844, 846, 851, 857, 861, 862, 863, 864, 866, 867, 868, 870, 871, 877, 881, 883, 885, 888, 891, 892, 893, 898, 899, 904, 905, 907, 908, 911, 918, 920, 921, 922, 923, 924, 926, 931, 933]","[31, 142, 147, 180, 338, 352, 367, 387, 403, 405, 408, 410, 455, 465, 466, 468, 470, 472, 473, 483, 484, 514, 613, 618, 651, 794, 807, 837, 852, 854, 858, 861, 902, 912, 913, 915, 917, 919, 920, 931, 934, 935]","[31, 142, 147, 180, 338, 352, 367, 387, 401, 403, 405, 408, 410, 455, 465, 466, 468, 470, 472, 473, 483, 484, 514, 613, 618, 651, 794, 807, 837, 850, 852, 854, 858, 861, 902, 912, 913, 915, 917, 919, 920, 931, 934, 935]","[514, 408, 16, 919, 31, 596, 613, 618, 628, 635, 125, 651, 142, 655, 147, 156, 163, 675, 168, 180, 693, 184, 716, 205, 720, 725, 222, 229, 253, 258, 771, 775, 265, 793, 794, 796, 797, 807, 811, 817, 818, 820, 313, 825, 317, 837, 838, 841, 844, 846, 336, 338, 851, 340, 341, 852, 854, 850, 857, 858, 861, 862, 863, 864, 352, 866, 867, 356, 868, 870, 871, 363, 365, 366, 367, 877, 881, 370, 883, 885, 375, 888, 891, 892, 893, 898, 899, 388, 387, 902, 391, 904, 905, 394, 907, 396, 908, 911, 912, 913, 402, 403, 915, 405, 918, 917, 920, 921, 410, 411, 412, 413, 922, 415, 416, 417, 418, 419, 923, 924, 926, 931, 933, 425, 934, 935, 429, 431, 433, 435, 437, 440, 441, 442, 443, 451, 452, 455, 456, 457, 458, 460, 461, 464, 465, 466, 468, 470, 471, 472, 473, 474, 475, 481, 482, 483, 484, 401, 501]",False,[],[],[],[],"[16, 125, 156, 163, 168, 184, 205, 222, 229, 253, 258, 265, 313, 317, 336, 340, 341, 356, 363, 365, 366, 367, 370, 375, 388, 391, 394, 396, 402, 410, 411, 412, 413, 415, 416, 417, 418, 419, 425, 429, 431, 433, 435, 437, 440, 441, 442, 443, 451, 452, 456, 457, 458, 460, 461, 464, 471, 473, 474, 475, 481, 482, 501, 596, 628, 635, 655, 675, 693, 716, 720, 725, 771, 775, 793, 796, 797, 811, 817, 818, 820, 825, 838, 841, 844, 846, 851, 857, 861, 862, 863, 864, 866, 867, 868, 870, 871, 877, 881, 883, 885, 888, 891, 892, 893, 898, 899, 904, 905, 907, 908, 911, 918, 920, 921, 922, 923, 924, 926, 931, 933]","[31, 142, 147, 180, 338, 352, 367, 387, 401, 403, 405, 408, 410, 455, 465, 466, 468, 470, 472, 473, 483, 484, 514, 613, 618, 651, 794, 807, 837, 850, 852, 854, 858, 861, 902, 912, 913, 915, 917, 919, 920, 931, 934, 935]","[31, 142, 147, 180, 338, 352, 367, 387, 403, 405, 408, 410, 455, 465, 466, 468, 470, 472, 473, 483, 484, 514, 613, 618, 651, 794, 807, 837, 852, 854, 858, 861, 902, 912, 913, 915, 917, 919, 920, 931, 934, 935]",0/6 successful match,False,,False,455,False,,,,,
Blackfoot ( 83221 ) Snake River ( Sinclair ),208-782-1800 I-15 Exit 93 ( US 26 W ),M,Blackfoot,83221,Snake River ( Sinclair ),208-782-1800,2015,Blackfoot,ID,Sinclair,( US 26 W ),I-15 Exit 93 ,Exit,93,False,,False,I-15,,,,,[],[],[],[],[],"[16, 125, 156, 163, 168, 184, 205, 222, 229, 253, 258, 265, 313, 317, 336, 340, 341, 356, 363, 365, 366, 367, 370, 375, 388, 391, 394, 396, 402, 410, 411, 412, 413, 415, 416, 417, 418, 419, 425, 429, 431, 433, 435, 437, 440, 441, 442, 443, 451, 452, 456, 457, 458, 460, 461, 464, 471, 473, 474, 475, 481, 482, 501, 596, 628, 635, 655, 675, 693, 716, 720, 725, 771, 775, 793, 796, 797, 811, 817, 818, 820, 825, 838, 841, 844, 846, 851, 857, 861, 862, 863, 864, 866, 867, 868, 870, 871, 877, 881, 883, 885, 888, 891, 892, 893, 898, 899, 904, 905, 907, 908, 911, 918, 920, 921, 922, 923, 924, 926, 931, 933]","[31, 142, 147, 180, 338, 352, 367, 387, 403, 405, 408, 410, 455, 465, 466, 468, 470, 472, 473, 483, 484, 514, 613, 618, 651, 794, 807, 837, 852, 854, 858, 861, 902, 912, 913, 915, 917, 919, 920, 931, 934, 935]","[31, 142, 147, 180, 338, 352, 367, 387, 401, 403, 405, 408, 410, 455, 465, 466, 468, 470, 472, 473, 483, 484, 514, 613, 618, 651, 794, 807, 837, 850, 852, 854, 858, 861, 902, 912, 913, 915, 917, 919, 920, 931, 934, 935]","[514, 408, 16, 919, 31, 596, 613, 618, 628, 635, 125, 651, 142, 655, 147, 156, 163, 675, 168, 180, 693, 184, 716, 205, 720, 725, 222, 229, 253, 258, 771, 775, 265, 793, 794, 796, 797, 807, 811, 817, 818, 820, 313, 825, 317, 837, 838, 841, 844, 846, 336, 338, 851, 340, 341, 852, 854, 850, 857, 858, 861, 862, 863, 864, 352, 866, 867, 356, 868, 870, 871, 363, 365, 366, 367, 877, 881, 370, 883, 885, 375, 888, 891, 892, 893, 898, 899, 388, 387, 902, 391, 904, 905, 394, 907, 396, 908, 911, 912, 913, 402, 403, 915, 405, 918, 917, 920, 921, 410, 411, 412, 413, 922, 415, 416, 417, 418, 419, 923, 924, 926, 931, 933, 425, 934, 935, 429, 431, 433, 435, 437, 440, 441, 442, 443, 451, 452, 455, 456, 457, 458, 460, 461, 464, 465, 466, 468, 470, 471, 472, 473, 474, 475, 481, 482, 483, 484, 401, 501]",False,[],[],[],[],"[16, 125, 156, 163, 168, 184, 205, 222, 229, 253, 258, 265, 313, 317, 336, 340, 341, 356, 363, 365, 366, 367, 370, 375, 388, 391, 394, 396, 402, 410, 411, 412, 413, 415, 416, 417, 418, 419, 425, 429, 431, 433, 435, 437, 440, 441, 442, 443, 451, 452, 456, 457, 458, 460, 461, 464, 471, 473, 474, 475, 481, 482, 501, 596, 628, 635, 655, 675, 693, 716, 720, 725, 771, 775, 793, 796, 797, 811, 817, 818, 820, 825, 838, 841, 844, 846, 851, 857, 861, 862, 863, 864, 866, 867, 868, 870, 871, 877, 881, 883, 885, 888, 891, 892, 893, 898, 899, 904, 905, 907, 908, 911, 918, 920, 921, 922, 923, 924, 926, 931, 933]","[31, 142, 147, 180, 338, 352, 367, 387, 401, 403, 405, 408, 410, 455, 465, 466, 468, 470, 472, 473, 483, 484, 514, 613, 618, 651, 794, 807, 837, 850, 852, 854, 858, 861, 902, 912, 913, 915, 917, 919, 920, 931, 934, 935]","[31, 142, 147, 180, 338, 352, 367, 387, 403, 405, 408, 410, 455, 465, 466, 468, 470, 472, 473, 483, 484, 514, 613, 618, 651, 794, 807, 837, 852, 854, 858, 861, 902, 912, 913, 915, 917, 919, 920, 931, 934, 935]",0/6 successful match,False,,False,455,False,,1.0,True,Snake River ( Sinclair ) on US 26 ),Sinclair
Blackfoot ( 83221 ) Snake River ( Sinclair ) on US 26 ),208-782-1800 I-15 Exit 93 ( US 26 W ),M 3,Blackfoot,83221,Snake River ( Sinclair ) on US 26 ),208-782-1800,2016,Blackfoot,ID,Sinclair,( US 26 W ),I-15 Exit 93 ,Exit,93,False,,False,I-15,,,,,[],[],[],[],[],"[16, 125, 156, 163, 168, 184, 205, 222, 229, 253, 258, 265, 313, 317, 336, 340, 341, 356, 363, 365, 366, 367, 370, 375, 388, 391, 394, 396, 402, 410, 411, 412, 413, 415, 416, 417, 418, 419, 425, 429, 431, 433, 435, 437, 440, 441, 442, 443, 451, 452, 456, 457, 458, 460, 461, 464, 471, 473, 474, 475, 481, 482, 501, 596, 628, 635, 655, 675, 693, 716, 720, 725, 771, 775, 793, 796, 797, 811, 817, 818, 820, 825, 838, 841, 844, 846, 851, 857, 861, 862, 863, 864, 866, 867, 868, 870, 871, 877, 881, 883, 885, 888, 891, 892, 893, 898, 899, 904, 905, 907, 908, 911, 918, 920, 921, 922, 923, 924, 926, 931, 933]","[31, 142, 147, 180, 338, 352, 367, 387, 403, 405, 408, 410, 455, 465, 466, 468, 470, 472, 473, 483, 484, 514, 613, 618, 651, 794, 807, 837, 852, 854, 858, 861, 902, 912, 913, 915, 917, 919, 920, 931, 934, 935]","[31, 142, 147, 180, 338, 352, 367, 387, 401, 403, 405, 408, 410, 455, 465, 466, 468, 470, 472, 473, 483, 484, 514, 613, 618, 651, 794, 807, 837, 850, 852, 854, 858, 861, 902, 912, 913, 915, 917, 919, 920, 931, 934, 935]","[514, 408, 16, 919, 31, 596, 613, 618, 628, 635, 125, 651, 142, 655, 147, 156, 163, 675, 168, 180, 693, 184, 716, 205, 720, 725, 222, 229, 253, 258, 771, 775, 265, 793, 794, 796, 797, 807, 811, 817, 818, 820, 313, 825, 317, 837, 838, 841, 844, 846, 336, 338, 851, 340, 341, 852, 854, 850, 857, 858, 861, 862, 863, 864, 352, 866, 867, 356, 868, 870, 871, 363, 365, 366, 367, 877, 881, 370, 883, 885, 375, 888, 891, 892, 893, 898, 899, 388, 387, 902, 391, 904, 905, 394, 907, 396, 908, 911, 912, 913, 402, 403, 915, 405, 918, 917, 920, 921, 410, 411, 412, 413, 922, 415, 416, 417, 418, 419, 923, 924, 926, 931, 933, 425, 934, 935, 429, 431, 433, 435, 437, 440, 441, 442, 443, 451, 452, 455, 456, 457, 458, 460, 461, 464, 465, 466, 468, 470, 471, 472, 473, 474, 475, 481, 482, 483, 484, 401, 501]",False,[],[],[],[],"[16, 125, 156, 163, 168, 184, 205, 222, 229, 253, 258, 265, 313, 317, 336, 340, 341, 356, 363, 365, 366, 367, 370, 375, 388, 391, 394, 396, 402, 410, 411, 412, 413, 415, 416, 417, 418, 419, 425, 429, 431, 433, 435, 437, 440, 441, 442, 443, 451, 452, 456, 457, 458, 460, 461, 464, 471, 473, 474, 475, 481, 482, 501, 596, 628, 635, 655, 675, 693, 716, 720, 725, 771, 775, 793, 796, 797, 811, 817, 818, 820, 825, 838, 841, 844, 846, 851, 857, 861, 862, 863, 864, 866, 867, 868, 870, 871, 877, 881, 883, 885, 888, 891, 892, 893, 898, 899, 904, 905, 907, 908, 911, 918, 920, 921, 922, 923, 924, 926, 931, 933]","[31, 142, 147, 180, 338, 352, 367, 387, 401, 403, 405, 408, 410, 455, 465, 466, 468, 470, 472, 473, 483, 484, 514, 613, 618, 651, 794, 807, 837, 850, 852, 854, 858, 861, 902, 912, 913, 915, 917, 919, 920, 931, 934, 935]","[31, 142, 147, 180, 338, 352, 367, 387, 403, 405, 408, 410, 455, 465, 466, 468, 470, 472, 473, 483, 484, 514, 613, 618, 651, 794, 807, 837, 852, 854, 858, 861, 902, 912, 913, 915, 917, 919, 920, 931, 934, 935]",0/6 successful match,False,,False,455,False,,1.0,True,Snake River ( Sinclair ),Sinclair
Blackfoot ( 83221 ) Sage Hill Travel Center ( Shell ),208-785-0194 I-15 Exit 89 ( US 91 S ),24 S <U+2610> <U+2610>,Blackfoot,83221,Sage Hill Travel Center ( Shell ),208-785-0194,2014,Blackfoot,ID,Shell,( US 91 S ),I-15 Exit 89 ,Exit,89,False,,False,I-15,,,,,[],[],[],"[426, 878]",[],"[16, 125, 156, 163, 168, 184, 205, 222, 229, 253, 258, 265, 313, 317, 336, 340, 341, 356, 363, 365, 366, 367, 370, 375, 388, 391, 394, 396, 402, 410, 411, 412, 413, 415, 416, 417, 418, 419, 425, 429, 431, 433, 435, 437, 440, 441, 442, 443, 451, 452, 456, 457, 458, 460, 461, 464, 471, 473, 474, 475, 481, 482, 501, 596, 628, 635, 655, 675, 693, 716, 720, 725, 771, 775, 793, 796, 797, 811, 817, 818, 820, 825, 838, 841, 844, 846, 851, 857, 861, 862, 863, 864, 866, 867, 868, 870, 871, 877, 881, 883, 885, 888, 891, 892, 893, 898, 899, 904, 905, 907, 908, 911, 918, 920, 921, 922, 923, 924, 926, 931, 933]","[1, 13, 14, 29, 54, 55, 56, 57, 58, 60, 102, 118, 125, 127, 130, 134, 146, 149, 153, 175, 182, 187, 189, 191, 197, 225, 230, 238, 264, 265, 266, 286, 302, 317, 336, 379, 388, 389, 425, 454, 458, 463, 475, 487, 498, 499, 512, 530, 531, 532, 533, 534, 536, 573, 589, 596, 598, 601, 605, 617, 620, 624, 646, 653, 658, 660, 662, 668, 689, 694, 702, 724, 725, 745, 760, 775, 793, 829, 838, 839, 877, 901, 903, 905, 910, 923]","[1, 13, 14, 29, 54, 55, 56, 57, 58, 60, 102, 118, 125, 127, 130, 134, 146, 149, 153, 175, 178, 182, 187, 189, 191, 197, 225, 230, 238, 264, 265, 266, 286, 302, 317, 336, 354, 379, 386, 388, 389, 425, 454, 458, 463, 475, 487, 498, 499, 512, 530, 531, 532, 533, 534, 536, 573, 589, 596, 598, 601, 605, 617, 620, 624, 646, 649, 653, 658, 660, 662, 668, 689, 694, 702, 724, 725, 745, 760, 775, 793, 809, 829, 836, 838, 839, 877, 901, 903, 905, 910, 923]","[512, 1, 13, 14, 16, 530, 531, 532, 533, 534, 536, 29, 54, 55, 56, 57, 58, 60, 573, 589, 596, 598, 601, 605, 102, 617, 620, 624, 628, 118, 635, 125, 127, 130, 134, 646, 649, 653, 655, 146, 658, 660, 149, 662, 153, 156, 668, 163, 675, 168, 175, 689, 178, 693, 182, 694, 184, 187, 189, 702, 191, 197, 716, 205, 720, 724, 725, 222, 225, 229, 230, 745, 238, 760, 253, 258, 771, 775, 264, 265, 266, 793, 796, 797, 286, 809, 811, 302, 817, 818, 820, 313, 825, 317, 829, 836, 838, 839, 841, 844, 846, 336, 851, 340, 341, 857, 861, 862, 863, 864, 866, 867, 356, 868, 870, 871, 354, 363, 365, 878, 366, 367, 877, 370, 881, 883, 885, 375, 888, 891, 892, 893, 379, 898, 899, 388, 389, 901, 391, 904, 905, 394, 907, 396, 908, 903, 911, 910, 402, 918, 386, 920, 921, 410, 411, 412, 413, 922, 415, 416, 417, 418, 419, 923, 924, 926, 931, 933, 425, 426, 429, 431, 433, 435, 437, 440, 441, 442, 443, 451, 452, 454, 456, 457, 458, 460, 461, 463, 464, 471, 473, 474, 475, 481, 482, 487, 498, 499, 501]",False,[],[],[],"[426, 878]","[16, 125, 156, 163, 168, 184, 205, 222, 229, 253, 258, 265, 313, 317, 336, 340, 341, 356, 363, 365, 366, 367, 370, 375, 388, 391, 394, 396, 402, 410, 411, 412, 413, 415, 416, 417, 418, 419, 425, 429, 431, 433, 435, 437, 440, 441, 442, 443, 451, 452, 456, 457, 458, 460, 461, 464, 471, 473, 474, 475, 481, 482, 501, 596, 628, 635, 655, 675, 693, 716, 720, 725, 771, 775, 793, 796, 797, 811, 817, 818, 820, 825, 838, 841, 844, 846, 851, 857, 861, 862, 863, 864, 866, 867, 868, 870, 871, 877, 881, 883, 885, 888, 891, 892, 893, 898, 899, 904, 905, 907, 908, 911, 918, 920, 921, 922, 923, 924, 926, 931, 933]","[1, 13, 14, 29, 54, 55, 56, 57, 58, 60, 102, 118, 125, 127, 130, 134, 146, 149, 153, 175, 178, 182, 187, 189, 191, 197, 225, 230, 238, 264, 265, 266, 286, 302, 317, 336, 354, 379, 386, 388, 389, 425, 454, 458, 463, 475, 487, 498, 499, 512, 530, 531, 532, 533, 534, 536, 573, 589, 596, 598, 601, 605, 617, 620, 624, 646, 649, 653, 658, 660, 662, 668, 689, 694, 702, 724, 725, 745, 760, 775, 793, 809, 829, 836, 838, 839, 877, 901, 903, 905, 910, 923]","[1, 13, 14, 29, 54, 55, 56, 57, 58, 60, 102, 118, 125, 127, 130, 134, 146, 149, 153, 175, 182, 187, 189, 191, 197, 225, 230, 238, 264, 265, 266, 286, 302, 317, 336, 379, 388, 389, 425, 454, 458, 463, 475, 487, 498, 499, 512, 530, 531, 532, 533, 534, 536, 573, 589, 596, 598, 601, 605, 617, 620, 624, 646, 653, 658, 660, 662, 668, 689, 694, 702, 724, 725, 745, 760, 775, 793, 829, 838, 839, 877, 901, 903, 905, 910, 923]",0/6 successful match,False,,False,456,False,,,,,
Blackfoot ( 83221 ) Sage Hill Travel Center ( Shell ),$ 208-785-0194 I-15 Exit 89 ( US 91 S ),24 S B D <U+2610>,Blackfoot,83221,Sage Hill Travel Center ( Shell ),208-785-0194,2015,Blackfoot,ID,Shell,( US 91 S ),I-15 Exit 89 ,Exit,89,False,,False,I-15,,,,,[],[],[],"[426, 878]",[],"[16, 125, 156, 163, 168, 184, 205, 222, 229, 253, 258, 265, 313, 317, 336, 340, 341, 356, 363, 365, 366, 367, 370, 375, 388, 391, 394, 396, 402, 410, 411, 412, 413, 415, 416, 417, 418, 419, 425, 429, 431, 433, 435, 437, 440, 441, 442, 443, 451, 452, 456, 457, 458, 460, 461, 464, 471, 473, 474, 475, 481, 482, 501, 596, 628, 635, 655, 675, 693, 716, 720, 725, 771, 775, 793, 796, 797, 811, 817, 818, 820, 825, 838, 841, 844, 846, 851, 857, 861, 862, 863, 864, 866, 867, 868, 870, 871, 877, 881, 883, 885, 888, 891, 892, 893, 898, 899, 904, 905, 907, 908, 911, 918, 920, 921, 922, 923, 924, 926, 931, 933]","[1, 13, 14, 29, 54, 55, 56, 57, 58, 60, 102, 118, 125, 127, 130, 134, 146, 149, 153, 175, 182, 187, 189, 191, 197, 225, 230, 238, 264, 265, 266, 286, 302, 317, 336, 379, 388, 389, 425, 454, 458, 463, 475, 487, 498, 499, 512, 530, 531, 532, 533, 534, 536, 573, 589, 596, 598, 601, 605, 617, 620, 624, 646, 653, 658, 660, 662, 668, 689, 694, 702, 724, 725, 745, 760, 775, 793, 829, 838, 839, 877, 901, 903, 905, 910, 923]","[1, 13, 14, 29, 54, 55, 56, 57, 58, 60, 102, 118, 125, 127, 130, 134, 146, 149, 153, 175, 178, 182, 187, 189, 191, 197, 225, 230, 238, 264, 265, 266, 286, 302, 317, 336, 354, 379, 386, 388, 389, 425, 454, 458, 463, 475, 487, 498, 499, 512, 530, 531, 532, 533, 534, 536, 573, 589, 596, 598, 601, 605, 617, 620, 624, 646, 649, 653, 658, 660, 662, 668, 689, 694, 702, 724, 725, 745, 760, 775, 793, 809, 829, 836, 838, 839, 877, 901, 903, 905, 910, 923]","[512, 1, 13, 14, 16, 530, 531, 532, 533, 534, 536, 29, 54, 55, 56, 57, 58, 60, 573, 589, 596, 598, 601, 605, 102, 617, 620, 624, 628, 118, 635, 125, 127, 130, 134, 646, 649, 653, 655, 146, 658, 660, 149, 662, 153, 156, 668, 163, 675, 168, 175, 689, 178, 693, 182, 694, 184, 187, 189, 702, 191, 197, 716, 205, 720, 724, 725, 222, 225, 229, 230, 745, 238, 760, 253, 258, 771, 775, 264, 265, 266, 793, 796, 797, 286, 809, 811, 302, 817, 818, 820, 313, 825, 317, 829, 836, 838, 839, 841, 844, 846, 336, 851, 340, 341, 857, 861, 862, 863, 864, 866, 867, 356, 868, 870, 871, 354, 363, 365, 878, 366, 367, 877, 370, 881, 883, 885, 375, 888, 891, 892, 893, 379, 898, 899, 388, 389, 901, 391, 904, 905, 394, 907, 396, 908, 903, 911, 910, 402, 918, 386, 920, 921, 410, 411, 412, 413, 922, 415, 416, 417, 418, 419, 923, 924, 926, 931, 933, 425, 426, 429, 431, 433, 435, 437, 440, 441, 442, 443, 451, 452, 454, 456, 457, 458, 460, 461, 463, 464, 471, 473, 474, 475, 481, 482, 487, 498, 499, 501]",False,[],[],[],"[426, 878]","[16, 125, 156, 163, 168, 184, 205, 222, 229, 253, 258, 265, 313, 317, 336, 340, 341, 356, 363, 365, 366, 367, 370, 375, 388, 391, 394, 396, 402, 410, 411, 412, 413, 415, 416, 417, 418, 419, 425, 429, 431, 433, 435, 437, 440, 441, 442, 443, 451, 452, 456, 457, 458, 460, 461, 464, 471, 473, 474, 475, 481, 482, 501, 596, 628, 635, 655, 675, 693, 716, 720, 725, 771, 775, 793, 796, 797, 811, 817, 818, 820, 825, 838, 841, 844, 846, 851, 857, 861, 862, 863, 864, 866, 867, 868, 870, 871, 877, 881, 883, 885, 888, 891, 892, 893, 898, 899, 904, 905, 907, 908, 911, 918, 920, 921, 922, 923, 924, 926, 931, 933]","[1, 13, 14, 29, 54, 55, 56, 57, 58, 60, 102, 118, 125, 127, 130, 134, 146, 149, 153, 175, 178, 182, 187, 189, 191, 197, 225, 230, 238, 264, 265, 266, 286, 302, 317, 336, 354, 379, 386, 388, 389, 425, 454, 458, 463, 475, 487, 498, 499, 512, 530, 531, 532, 533, 534, 536, 573, 589, 596, 598, 601, 605, 617, 620, 624, 646, 649, 653, 658, 660, 662, 668, 689, 694, 702, 724, 725, 745, 760, 775, 793, 809, 829, 836, 838, 839, 877, 901, 903, 905, 910, 923]","[1, 13, 14, 29, 54, 55, 56, 57, 58, 60, 102, 118, 125, 127, 130, 134, 146, 149, 153, 175, 182, 187, 189, 191, 197, 225, 230, 238, 264, 265, 266, 286, 302, 317, 336, 379, 388, 389, 425, 454, 458, 463, 475, 487, 498, 499, 512, 530, 531, 532, 533, 534, 536, 573, 589, 596, 598, 601, 605, 617, 620, 624, 646, 653, 658, 660, 662, 668, 689, 694, 702, 724, 725, 745, 760, 775, 793, 829, 838, 839, 877, 901, 903, 905, 910, 923]",0/6 successful match,False,,False,456,False,,1.0,True,Sage Hill Travel Center ( Shell ),Shell
Blackfoot ( 83221 ) Sage Hill Travel Center ( Sinclair ),208-785-0194 I-15 Exit 89 ( US 91 S ),24 S <U+2610> <U+2610>,Blackfoot,83221,Sage Hill Travel Center ( Sinclair ),208-785-0194,2016,Blackfoot,ID,Sinclair,( US 91 S ),I-15 Exit 89 ,Exit,89,False,,False,I-15,,,,,[],[],[],"[426, 878]",[],"[16, 125, 156, 163, 168, 184, 205, 222, 229, 253, 258, 265, 313, 317, 336, 340, 341, 356, 363, 365, 366, 367, 370, 375, 388, 391, 394, 396, 402, 410, 411, 412, 413, 415, 416, 417, 418, 419, 425, 429, 431, 433, 435, 437, 440, 441, 442, 443, 451, 452, 456, 457, 458, 460, 461, 464, 471, 473, 474, 475, 481, 482, 501, 596, 628, 635, 655, 675, 693, 716, 720, 725, 771, 775, 793, 796, 797, 811, 817, 818, 820, 825, 838, 841, 844, 846, 851, 857, 861, 862, 863, 864, 866, 867, 868, 870, 871, 877, 881, 883, 885, 888, 891, 892, 893, 898, 899, 904, 905, 907, 908, 911, 918, 920, 921, 922, 923, 924, 926, 931, 933]","[31, 142, 147, 180, 338, 352, 367, 387, 403, 405, 408, 410, 455, 465, 466, 468, 470, 472, 473, 483, 484, 514, 613, 618, 651, 794, 807, 837, 852, 854, 858, 861, 902, 912, 913, 915, 917, 919, 920, 931, 934, 935]","[31, 142, 147, 178, 180, 338, 352, 367, 386, 387, 403, 405, 408, 410, 455, 465, 466, 468, 470, 472, 473, 483, 484, 514, 613, 618, 649, 651, 794, 807, 836, 837, 852, 854, 858, 861, 902, 912, 913, 915, 917, 919, 920, 931, 934, 935]","[514, 408, 16, 919, 31, 596, 613, 618, 628, 635, 125, 649, 651, 142, 655, 147, 156, 163, 675, 168, 178, 180, 693, 184, 716, 205, 720, 725, 222, 229, 253, 258, 771, 775, 265, 793, 794, 796, 797, 807, 811, 817, 818, 820, 313, 825, 317, 836, 837, 838, 841, 844, 846, 336, 338, 851, 340, 341, 852, 854, 857, 858, 861, 862, 863, 864, 352, 866, 867, 356, 868, 870, 871, 363, 365, 878, 366, 367, 877, 370, 881, 883, 885, 375, 888, 891, 892, 893, 898, 899, 388, 387, 902, 391, 904, 905, 394, 907, 396, 908, 911, 912, 913, 402, 403, 915, 405, 918, 917, 920, 921, 410, 411, 412, 413, 922, 415, 416, 417, 418, 419, 923, 924, 926, 931, 933, 425, 426, 934, 935, 429, 431, 433, 435, 437, 440, 441, 442, 443, 451, 452, 455, 456, 457, 458, 460, 461, 464, 465, 466, 468, 470, 471, 472, 473, 474, 475, 481, 482, 483, 484, 386, 501]",False,[],[],[],"[426, 878]","[16, 125, 156, 163, 168, 184, 205, 222, 229, 253, 258, 265, 313, 317, 336, 340, 341, 356, 363, 365, 366, 367, 370, 375, 388, 391, 394, 396, 402, 410, 411, 412, 413, 415, 416, 417, 418, 419, 425, 429, 431, 433, 435, 437, 440, 441, 442, 443, 451, 452, 456, 457, 458, 460, 461, 464, 471, 473, 474, 475, 481, 482, 501, 596, 628, 635, 655, 675, 693, 716, 720, 725, 771, 775, 793, 796, 797, 811, 817, 818, 820, 825, 838, 841, 844, 846, 851, 857, 861, 862, 863, 864, 866, 867, 868, 870, 871, 877, 881, 883, 885, 888, 891, 892, 893, 898, 899, 904, 905, 907, 908, 911, 918, 920, 921, 922, 923, 924, 926, 931, 933]","[31, 142, 147, 178, 180, 338, 352, 367, 386, 387, 403, 405, 408, 410, 455, 465, 466, 468, 470, 472, 473, 483, 484, 514, 613, 618, 649, 651, 794, 807, 836, 837, 852, 854, 858, 861, 902, 912, 913, 915, 917, 919, 920, 931, 934, 935]","[31, 142, 147, 180, 338, 352, 367, 387, 403, 405, 408, 410, 455, 465, 466, 468, 470, 472, 473, 483, 484, 514, 613, 618, 651, 794, 807, 837, 852, 854, 858, 861, 902, 912, 913, 915, 917, 919, 920, 931, 934, 935]",0/6 successful match,False,,False,456,False,,1.0,False,Sage Hill Travel Center ( Shell ),Shell
"Blackfoot , 83221 Gas & Scrub ( 66 )",208-785-1170 410 W US 26,,Blackfoot,83221,Gas & Scrub ( 66 ),208-785-1170,2006,Blackfoot,ID,,,410 W US 26,Proper,,False,,False,US 26,,,,,[],[],[],[],[],"[84, 555]",[],"[401, 402, 424, 427, 464, 469, 850, 851, 876, 879, 911, 916]","[424, 555, 427, 876, 879, 464, 401, 402, 850, 84, 469, 851, 911, 916]",False,[],[],[],[],"[84, 555]","[401, 402, 424, 427, 464, 469, 850, 851, 876, 879, 911, 916]",[],0/6 successful match,False,,False,457,False,,,,,
"Blackfoot , 83221 Gas & Scrub ( 66 )",208-785-1170 410 W US 26,000,Blackfoot,83221,Gas & Scrub ( 66 ),208-785-1170,2007,Blackfoot,ID,,,410 W US 26,Proper,,False,,False,US 26,,,,,[],[],[],[],[],"[84, 555]",[],"[401, 402, 424, 427, 464, 469, 850, 851, 876, 879, 911, 916]","[424, 555, 427, 876, 879, 464, 401, 402, 850, 84, 469, 851, 911, 916]",False,[],[],[],[],"[84, 555]","[401, 402, 424, 427, 464, 469, 850, 851, 876, 879, 911, 916]",[],0/6 successful match,False,,False,457,False,,1.0,True,Gas & Scrub ( 66 ),
"Blackfoot , 83221 Gas & Scrub ( 66 )",6 208-785-1170 410 W US 26,24 MOO,Blackfoot,83221,Gas & Scrub ( 66 ),208-785-1170,2008,Blackfoot,ID,,,410 W US 26,Proper,,False,,False,US 26,,,,,[],[],[],[],[],"[84, 555]",[],"[401, 402, 424, 427, 464, 469, 850, 851, 876, 879, 911, 916]","[424, 555, 427, 876, 879, 464, 401, 402, 850, 84, 469, 851, 911, 916]",False,[],[],[],[],"[84, 555]","[401, 402, 424, 427, 464, 469, 850, 851, 876, 879, 911, 916]",[],0/6 successful match,False,,False,457,False,,1.0,True,Gas & Scrub ( 66 ),
H Blackfoot ( 83221 ) Gas & Scrub ( 66 ),208-785-1170 I-15 Exit 93 ( 3/4 mi W on US 26 ),<U+2610>,Blackfoot,83221,Gas & Scrub ( 66 ),208-785-1170,2014,Blackfoot,ID,,( 3/4 mi W on US 26 ),I-15 Exit 93 ,Exit,93,False,,False,I-15,,,,,[],[],[],[],[],"[16, 125, 156, 163, 168, 184, 205, 222, 229, 253, 258, 265, 313, 317, 336, 340, 341, 356, 363, 365, 366, 367, 370, 375, 388, 391, 394, 396, 402, 410, 411, 412, 413, 415, 416, 417, 418, 419, 425, 429, 431, 433, 435, 437, 440, 441, 442, 443, 451, 452, 456, 457, 458, 460, 461, 464, 471, 473, 474, 475, 481, 482, 501, 596, 628, 635, 655, 675, 693, 716, 720, 725, 771, 775, 793, 796, 797, 811, 817, 818, 820, 825, 838, 841, 844, 846, 851, 857, 861, 862, 863, 864, 866, 867, 868, 870, 871, 877, 881, 883, 885, 888, 891, 892, 893, 898, 899, 904, 905, 907, 908, 911, 918, 920, 921, 922, 923, 924, 926, 931, 933]",[],"[401, 402, 424, 427, 464, 469, 850, 851, 876, 879, 911, 916]","[16, 596, 628, 635, 125, 655, 156, 163, 675, 168, 693, 184, 716, 205, 720, 725, 222, 229, 253, 258, 771, 775, 265, 793, 796, 797, 811, 817, 818, 820, 313, 825, 317, 838, 841, 844, 846, 336, 850, 851, 340, 341, 857, 861, 862, 863, 864, 866, 867, 356, 868, 870, 871, 363, 876, 365, 366, 367, 877, 881, 370, 883, 879, 885, 375, 888, 891, 892, 893, 898, 899, 388, 391, 904, 905, 394, 907, 396, 908, 911, 401, 402, 916, 918, 920, 921, 410, 411, 412, 413, 922, 415, 416, 417, 418, 419, 923, 924, 926, 931, 933, 425, 424, 427, 429, 431, 433, 435, 437, 440, 441, 442, 443, 451, 452, 456, 457, 458, 460, 461, 464, 469, 471, 473, 474, 475, 481, 482, 501]",False,[],[],[],[],"[16, 125, 156, 163, 168, 184, 205, 222, 229, 253, 258, 265, 313, 317, 336, 340, 341, 356, 363, 365, 366, 367, 370, 375, 388, 391, 394, 396, 402, 410, 411, 412, 413, 415, 416, 417, 418, 419, 425, 429, 431, 433, 435, 437, 440, 441, 442, 443, 451, 452, 456, 457, 458, 460, 461, 464, 471, 473, 474, 475, 481, 482, 501, 596, 628, 635, 655, 675, 693, 716, 720, 725, 771, 775, 793, 796, 797, 811, 817, 818, 820, 825, 838, 841, 844, 846, 851, 857, 861, 862, 863, 864, 866, 867, 868, 870, 871, 877, 881, 883, 885, 888, 891, 892, 893, 898, 899, 904, 905, 907, 908, 911, 918, 920, 921, 922, 923, 924, 926, 931, 933]","[401, 402, 424, 427, 464, 469, 850, 851, 876, 879, 911, 916]",[],0/6 successful match,False,,False,457,False,,1.0,True,Gas & Scrub ( 66 ),
Blackfoot ( 83221 ) Gas & Scrub ( 66 ),208-785-1170 I-15 Exit 93 ( 3/4 mi W on US 26 ),2025,Blackfoot,83221,Gas & Scrub ( 66 ),208-785-1170,2016,Blackfoot,ID,,( 3/4 mi W on US 26 ),I-15 Exit 93 ,Exit,93,False,,False,I-15,,,,,[],[],[],[],[],"[16, 125, 156, 163, 168, 184, 205, 222, 229, 253, 258, 265, 313, 317, 336, 340, 341, 356, 363, 365, 366, 367, 370, 375, 388, 391, 394, 396, 402, 410, 411, 412, 413, 415, 416, 417, 418, 419, 425, 429, 431, 433, 435, 437, 440, 441, 442, 443, 451, 452, 456, 457, 458, 460, 461, 464, 471, 473, 474, 475, 481, 482, 501, 596, 628, 635, 655, 675, 693, 716, 720, 725, 771, 775, 793, 796, 797, 811, 817, 818, 820, 825, 838, 841, 844, 846, 851, 857, 861, 862, 863, 864, 866, 867, 868, 870, 871, 877, 881, 883, 885, 888, 891, 892, 893, 898, 899, 904, 905, 907, 908, 911, 918, 920, 921, 922, 923, 924, 926, 931, 933]",[],"[401, 402, 424, 427, 464, 469, 850, 851, 876, 879, 911, 916]","[16, 596, 628, 635, 125, 655, 156, 163, 675, 168, 693, 184, 716, 205, 720, 725, 222, 229, 253, 258, 771, 775, 265, 793, 796, 797, 811, 817, 818, 820, 313, 825, 317, 838, 841, 844, 846, 336, 850, 851, 340, 341, 857, 861, 862, 863, 864, 866, 867, 356, 868, 870, 871, 363, 876, 365, 366, 367, 877, 881, 370, 883, 879, 885, 375, 888, 891, 892, 893, 898, 899, 388, 391, 904, 905, 394, 907, 396, 908, 911, 401, 402, 916, 918, 920, 921, 410, 411, 412, 413, 922, 415, 416, 417, 418, 419, 923, 924, 926, 931, 933, 425, 424, 427, 429, 431, 433, 435, 437, 440, 441, 442, 443, 451, 452, 456, 457, 458, 460, 461, 464, 469, 471, 473, 474, 475, 481, 482, 501]",False,[],[],[],[],"[16, 125, 156, 163, 168, 184, 205, 222, 229, 253, 258, 265, 313, 317, 336, 340, 341, 356, 363, 365, 366, 367, 370, 375, 388, 391, 394, 396, 402, 410, 411, 412, 413, 415, 416, 417, 418, 419, 425, 429, 431, 433, 435, 437, 440, 441, 442, 443, 451, 452, 456, 457, 458, 460, 461, 464, 471, 473, 474, 475, 481, 482, 501, 596, 628, 635, 655, 675, 693, 716, 720, 725, 771, 775, 793, 796, 797, 811, 817, 818, 820, 825, 838, 841, 844, 846, 851, 857, 861, 862, 863, 864, 866, 867, 868, 870, 871, 877, 881, 883, 885, 888, 891, 892, 893, 898, 899, 904, 905, 907, 908, 911, 918, 920, 921, 922, 923, 924, 926, 931, 933]","[401, 402, 424, 427, 464, 469, 850, 851, 876, 879, 911, 916]",[],0/6 successful match,False,,False,458,False,,,,,
Downey ( 83234 ) Valley Oil ( 66 ),6 208-897-5237 114 ID 91 ( N of town ),<U+2610> <U+2610> 11 O,Downey,83234,Valley Oil ( 66 ),208-897-5237,2014,Downey,ID,,( N of town ),114 ID 91,Proper,,False,,False,114 ID,,,,,[],[],[],[],[],"[107, 578]",[],"[4, 31, 59, 135, 142, 147, 154, 180, 218, 229, 232, 264, 269, 279, 299, 318, 320, 321, 322, 323, 324, 325, 326, 331, 338, 352, 367, 382, 387, 394, 401, 402, 403, 405, 408, 410, 424, 427, 455, 463, 464, 465, 466, 468, 469, 470, 472, 473, 483, 484, 490, 514, 535, 606, 613, 618, 626, 651, 686, 693, 696, 724, 728, 738, 758, 776, 778, 779, 780, 781, 782, 783, 784, 788, 794, 807, 832, 837, 844, 850, 851, 852, 854, 858, 860, 861, 876, 879, 902, 910, 911, 912, 913, 915, 916, 917, 919, 920, 931, 934, 935]","[514, 4, 535, 31, 59, 578, 606, 613, 618, 107, 626, 135, 651, 142, 147, 154, 686, 180, 693, 696, 724, 728, 218, 738, 229, 232, 758, 264, 776, 778, 779, 780, 269, 781, 782, 783, 784, 788, 279, 794, 807, 299, 318, 320, 321, 322, 323, 324, 325, 326, 832, 837, 331, 844, 338, 850, 851, 852, 854, 858, 860, 861, 352, 876, 367, 879, 382, 387, 902, 394, 910, 911, 912, 401, 402, 403, 913, 405, 915, 916, 408, 917, 410, 919, 920, 931, 934, 935, 424, 427, 455, 463, 464, 465, 466, 468, 469, 470, 472, 473, 483, 484, 490]",False,[],[],[],[],"[107, 578]","[4, 31, 59, 135, 142, 147, 154, 180, 218, 229, 232, 264, 269, 279, 299, 318, 320, 321, 322, 323, 324, 325, 326, 331, 338, 352, 367, 382, 387, 394, 401, 402, 403, 405, 408, 410, 424, 427, 455, 463, 464, 465, 466, 468, 469, 470, 472, 473, 483, 484, 490, 514, 535, 606, 613, 618, 626, 651, 686, 693, 696, 724, 728, 738, 758, 776, 778, 779, 780, 781, 782, 783, 784, 788, 794, 807, 832, 837, 844, 850, 851, 852, 854, 858, 860, 861, 876, 879, 902, 910, 911, 912, 913, 915, 916, 917, 919, 920, 931, 934, 935]",[],0/6 successful match,False,,False,459,False,,,,,
Downey ( 83234 ) Valley Oil ( 66 ),208-897-5237 114 ID 91 ( N of town ),<U+2610><U+2610> <U+2610>,Downey,83234,Valley Oil ( 66 ),208-897-5237,2016,Downey,ID,,( N of town ),114 ID 91,Proper,,False,,False,114 ID,,,,,[],[],[],[],[],"[107, 578]",[],"[4, 31, 59, 135, 142, 147, 154, 180, 218, 229, 232, 264, 269, 279, 299, 318, 320, 321, 322, 323, 324, 325, 326, 331, 338, 352, 367, 382, 387, 394, 401, 402, 403, 405, 408, 410, 424, 427, 455, 463, 464, 465, 466, 468, 469, 470, 472, 473, 483, 484, 490, 514, 535, 606, 613, 618, 626, 651, 686, 693, 696, 724, 728, 738, 758, 776, 778, 779, 780, 781, 782, 783, 784, 788, 794, 807, 832, 837, 844, 850, 851, 852, 854, 858, 860, 861, 876, 879, 902, 910, 911, 912, 913, 915, 916, 917, 919, 920, 931, 934, 935]","[514, 4, 535, 31, 59, 578, 606, 613, 618, 107, 626, 135, 651, 142, 147, 154, 686, 180, 693, 696, 724, 728, 218, 738, 229, 232, 758, 264, 776, 778, 779, 780, 269, 781, 782, 783, 784, 788, 279, 794, 807, 299, 318, 320, 321, 322, 323, 324, 325, 326, 832, 837, 331, 844, 338, 850, 851, 852, 854, 858, 860, 861, 352, 876, 367, 879, 382, 387, 902, 394, 910, 911, 912, 401, 402, 403, 913, 405, 915, 916, 408, 917, 410, 919, 920, 931, 934, 935, 424, 427, 455, 463, 464, 465, 466, 468, 469, 470, 472, 473, 483, 484, 490]",False,[],[],[],[],"[107, 578]","[4, 31, 59, 135, 142, 147, 154, 180, 218, 229, 232, 264, 269, 279, 299, 318, 320, 321, 322, 323, 324, 325, 326, 331, 338, 352, 367, 382, 387, 394, 401, 402, 403, 405, 408, 410, 424, 427, 455, 463, 464, 465, 466, 468, 469, 470, 472, 473, 483, 484, 490, 514, 535, 606, 613, 618, 626, 651, 686, 693, 696, 724, 728, 738, 758, 776, 778, 779, 780, 781, 782, 783, 784, 788, 794, 807, 832, 837, 844, 850, 851, 852, 854, 858, 860, 861, 876, 879, 902, 910, 911, 912, 913, 915, 916, 917, 919, 920, 931, 934, 935]",[],0/6 successful match,False,,False,460,False,,,,,
"McCammon , 83250 Flying J Travel Plaza 30 E )",208-254-3741 I-15 Exit 47 ( # 0500023,,McCammon,83250,Flying J Travel Plaza 30 E ),208-254-3741,2006,Mccammon,ID,Flying J,( # 0500023,I-15 Exit 47 ,Exit,47,False,,False,I-15,,,,,[],[],[],[],[],"[16, 125, 156, 163, 168, 184, 205, 222, 229, 253, 258, 265, 313, 317, 336, 340, 341, 356, 363, 365, 366, 367, 370, 375, 388, 391, 394, 396, 402, 410, 411, 412, 413, 415, 416, 417, 418, 419, 425, 429, 431, 433, 435, 437, 440, 441, 442, 443, 451, 452, 456, 457, 458, 460, 461, 464, 471, 473, 474, 475, 481, 482, 501, 596, 628, 635, 655, 675, 693, 716, 720, 725, 771, 775, 793, 796, 797, 811, 817, 818, 820, 825, 838, 841, 844, 846, 851, 857, 861, 862, 863, 864, 866, 867, 868, 870, 871, 877, 881, 883, 885, 888, 891, 892, 893, 898, 899, 904, 905, 907, 908, 911, 918, 920, 921, 922, 923, 924, 926, 931, 933]","[17, 18, 19, 20, 21, 22, 23, 156, 157, 158, 159, 160, 161, 162, 163, 164, 165, 166, 167, 341, 342, 343, 344, 345, 412, 413, 414, 415, 416, 417, 418, 419, 420, 421, 422, 502, 503, 504, 505, 506, 507, 628, 629, 630, 631, 632, 633, 634, 635, 636, 637, 638, 639, 792, 797, 798, 799, 800, 801, 863, 864, 865, 866, 867, 868, 869, 870, 871, 872, 873, 874]","[17, 18, 19, 20, 21, 22, 23, 156, 157, 158, 159, 160, 161, 162, 163, 164, 165, 166, 167, 168, 340, 341, 342, 343, 344, 345, 346, 412, 413, 414, 415, 416, 417, 418, 419, 420, 421, 422, 502, 503, 504, 505, 506, 507, 628, 629, 630, 631, 632, 633, 634, 635, 636, 637, 638, 639, 792, 796, 797, 798, 799, 800, 801, 863, 864, 865, 866, 867, 868, 869, 870, 871, 872, 873, 874]","[16, 17, 18, 19, 20, 21, 22, 23, 414, 596, 628, 629, 630, 631, 632, 633, 634, 635, 636, 125, 637, 638, 639, 655, 156, 157, 158, 159, 160, 161, 162, 163, 675, 164, 165, 166, 168, 167, 693, 184, 716, 205, 720, 725, 222, 229, 253, 258, 771, 775, 265, 792, 793, 796, 797, 798, 799, 800, 801, 811, 817, 818, 820, 313, 825, 317, 838, 841, 844, 846, 336, 851, 340, 341, 342, 343, 344, 857, 345, 346, 861, 862, 863, 864, 865, 866, 867, 356, 868, 870, 871, 869, 872, 873, 363, 874, 365, 366, 367, 877, 881, 370, 883, 885, 375, 888, 891, 892, 893, 898, 899, 388, 391, 904, 905, 394, 907, 396, 908, 911, 402, 918, 920, 921, 410, 411, 412, 413, 922, 415, 416, 417, 418, 419, 923, 924, 926, 931, 933, 425, 420, 421, 422, 429, 431, 433, 435, 437, 440, 441, 442, 443, 451, 452, 456, 457, 458, 460, 461, 464, 471, 473, 474, 475, 481, 482, 501, 502, 503, 504, 505, 506, 507]",False,[],[],[],[],"[16, 125, 156, 163, 168, 184, 205, 222, 229, 253, 258, 265, 313, 317, 336, 340, 341, 356, 363, 365, 366, 367, 370, 375, 388, 391, 394, 396, 402, 410, 411, 412, 413, 415, 416, 417, 418, 419, 425, 429, 431, 433, 435, 437, 440, 441, 442, 443, 451, 452, 456, 457, 458, 460, 461, 464, 471, 473, 474, 475, 481, 482, 501, 596, 628, 635, 655, 675, 693, 716, 720, 725, 771, 775, 793, 796, 797, 811, 817, 818, 820, 825, 838, 841, 844, 846, 851, 857, 861, 862, 863, 864, 866, 867, 868, 870, 871, 877, 881, 883, 885, 888, 891, 892, 893, 898, 899, 904, 905, 907, 908, 911, 918, 920, 921, 922, 923, 924, 926, 931, 933]","[17, 18, 19, 20, 21, 22, 23, 156, 157, 158, 159, 160, 161, 162, 163, 164, 165, 166, 167, 168, 340, 341, 342, 343, 344, 345, 346, 412, 413, 414, 415, 416, 417, 418, 419, 420, 421, 422, 502, 503, 504, 505, 506, 507, 628, 629, 630, 631, 632, 633, 634, 635, 636, 637, 638, 639, 792, 796, 797, 798, 799, 800, 801, 863, 864, 865, 866, 867, 868, 869, 870, 871, 872, 873, 874]","[17, 18, 19, 20, 21, 22, 23, 156, 157, 158, 159, 160, 161, 162, 163, 164, 165, 166, 167, 341, 342, 343, 344, 345, 412, 413, 414, 415, 416, 417, 418, 419, 420, 421, 422, 502, 503, 504, 505, 506, 507, 628, 629, 630, 631, 632, 633, 634, 635, 636, 637, 638, 639, 792, 797, 798, 799, 800, 801, 863, 864, 865, 866, 867, 868, 869, 870, 871, 872, 873, 874]",0/6 successful match,False,,False,461,False,,,,,
"McCammon , 83250 Flying J Travel Plaza # 0500023",208-254-3741 I-15 Exit 47 ( US 30 ),24,McCammon,83250,Flying J Travel Plaza # 0500023,208-254-3741,2007,Mccammon,ID,Flying J,( US 30 ),I-15 Exit 47 ,Exit,47,False,,False,I-15,,,,,[],[],[],[],[],"[16, 125, 156, 163, 168, 184, 205, 222, 229, 253, 258, 265, 313, 317, 336, 340, 341, 356, 363, 365, 366, 367, 370, 375, 388, 391, 394, 396, 402, 410, 411, 412, 413, 415, 416, 417, 418, 419, 425, 429, 431, 433, 435, 437, 440, 441, 442, 443, 451, 452, 456, 457, 458, 460, 461, 464, 471, 473, 474, 475, 481, 482, 501, 596, 628, 635, 655, 675, 693, 716, 720, 725, 771, 775, 793, 796, 797, 811, 817, 818, 820, 825, 838, 841, 844, 846, 851, 857, 861, 862, 863, 864, 866, 867, 868, 870, 871, 877, 881, 883, 885, 888, 891, 892, 893, 898, 899, 904, 905, 907, 908, 911, 918, 920, 921, 922, 923, 924, 926, 931, 933]","[17, 18, 19, 20, 21, 22, 23, 156, 157, 158, 159, 160, 161, 162, 163, 164, 165, 166, 167, 341, 342, 343, 344, 345, 412, 413, 414, 415, 416, 417, 418, 419, 420, 421, 422, 502, 503, 504, 505, 506, 507, 628, 629, 630, 631, 632, 633, 634, 635, 636, 637, 638, 639, 792, 797, 798, 799, 800, 801, 863, 864, 865, 866, 867, 868, 869, 870, 871, 872, 873, 874]","[17, 18, 19, 20, 21, 22, 23, 156, 157, 158, 159, 160, 161, 162, 163, 164, 165, 166, 167, 168, 340, 341, 342, 343, 344, 345, 346, 412, 413, 414, 415, 416, 417, 418, 419, 420, 421, 422, 502, 503, 504, 505, 506, 507, 628, 629, 630, 631, 632, 633, 634, 635, 636, 637, 638, 639, 792, 796, 797, 798, 799, 800, 801, 863, 864, 865, 866, 867, 868, 869, 870, 871, 872, 873, 874]","[16, 17, 18, 19, 20, 21, 22, 23, 414, 596, 628, 629, 630, 631, 632, 633, 634, 635, 636, 125, 637, 638, 639, 655, 156, 157, 158, 159, 160, 161, 162, 163, 675, 164, 165, 166, 168, 167, 693, 184, 716, 205, 720, 725, 222, 229, 253, 258, 771, 775, 265, 792, 793, 796, 797, 798, 799, 800, 801, 811, 817, 818, 820, 313, 825, 317, 838, 841, 844, 846, 336, 851, 340, 341, 342, 343, 344, 857, 345, 346, 861, 862, 863, 864, 865, 866, 867, 356, 868, 870, 871, 869, 872, 873, 363, 874, 365, 366, 367, 877, 881, 370, 883, 885, 375, 888, 891, 892, 893, 898, 899, 388, 391, 904, 905, 394, 907, 396, 908, 911, 402, 918, 920, 921, 410, 411, 412, 413, 922, 415, 416, 417, 418, 419, 923, 924, 926, 931, 933, 425, 420, 421, 422, 429, 431, 433, 435, 437, 440, 441, 442, 443, 451, 452, 456, 457, 458, 460, 461, 464, 471, 473, 474, 475, 481, 482, 501, 502, 503, 504, 505, 506, 507]",False,[],[],[],[],"[16, 125, 156, 163, 168, 184, 205, 222, 229, 253, 258, 265, 313, 317, 336, 340, 341, 356, 363, 365, 366, 367, 370, 375, 388, 391, 394, 396, 402, 410, 411, 412, 413, 415, 416, 417, 418, 419, 425, 429, 431, 433, 435, 437, 440, 441, 442, 443, 451, 452, 456, 457, 458, 460, 461, 464, 471, 473, 474, 475, 481, 482, 501, 596, 628, 635, 655, 675, 693, 716, 720, 725, 771, 775, 793, 796, 797, 811, 817, 818, 820, 825, 838, 841, 844, 846, 851, 857, 861, 862, 863, 864, 866, 867, 868, 870, 871, 877, 881, 883, 885, 888, 891, 892, 893, 898, 899, 904, 905, 907, 908, 911, 918, 920, 921, 922, 923, 924, 926, 931, 933]","[17, 18, 19, 20, 21, 22, 23, 156, 157, 158, 159, 160, 161, 162, 163, 164, 165, 166, 167, 168, 340, 341, 342, 343, 344, 345, 346, 412, 413, 414, 415, 416, 417, 418, 419, 420, 421, 422, 502, 503, 504, 505, 506, 507, 628, 629, 630, 631, 632, 633, 634, 635, 636, 637, 638, 639, 792, 796, 797, 798, 799, 800, 801, 863, 864, 865, 866, 867, 868, 869, 870, 871, 872, 873, 874]","[17, 18, 19, 20, 21, 22, 23, 156, 157, 158, 159, 160, 161, 162, 163, 164, 165, 166, 167, 341, 342, 343, 344, 345, 412, 413, 414, 415, 416, 417, 418, 419, 420, 421, 422, 502, 503, 504, 505, 506, 507, 628, 629, 630, 631, 632, 633, 634, 635, 636, 637, 638, 639, 792, 797, 798, 799, 800, 801, 863, 864, 865, 866, 867, 868, 869, 870, 871, 872, 873, 874]",0/6 successful match,False,,False,461,False,,0.5672316384180791,True,Flying J Travel Plaza 30 E ),Flying J
"McCammon , 83250 Flying J Travel 47 ( US Plaza 30 E )",208-254-9845 I-15 Exit 47 ( # 0500223,24 MOO 24,McCammon,83250,Flying J Travel 47 ( US Plaza 30 E ),208-254-9845,2008,Mccammon,ID,Flying J,( # 0500223,I-15 Exit 47 ,Exit,47,False,,False,I-15,,,,,[],[],[],[],[],"[16, 125, 156, 163, 168, 184, 205, 222, 229, 253, 258, 265, 313, 317, 336, 340, 341, 356, 363, 365, 366, 367, 370, 375, 388, 391, 394, 396, 402, 410, 411, 412, 413, 415, 416, 417, 418, 419, 425, 429, 431, 433, 435, 437, 440, 441, 442, 443, 451, 452, 456, 457, 458, 460, 461, 464, 471, 473, 474, 475, 481, 482, 501, 596, 628, 635, 655, 675, 693, 716, 720, 725, 771, 775, 793, 796, 797, 811, 817, 818, 820, 825, 838, 841, 844, 846, 851, 857, 861, 862, 863, 864, 866, 867, 868, 870, 871, 877, 881, 883, 885, 888, 891, 892, 893, 898, 899, 904, 905, 907, 908, 911, 918, 920, 921, 922, 923, 924, 926, 931, 933]","[17, 18, 19, 20, 21, 22, 23, 156, 157, 158, 159, 160, 161, 162, 163, 164, 165, 166, 167, 341, 342, 343, 344, 345, 412, 413, 414, 415, 416, 417, 418, 419, 420, 421, 422, 502, 503, 504, 505, 506, 507, 628, 629, 630, 631, 632, 633, 634, 635, 636, 637, 638, 639, 792, 797, 798, 799, 800, 801, 863, 864, 865, 866, 867, 868, 869, 870, 871, 872, 873, 874]","[17, 18, 19, 20, 21, 22, 23, 156, 157, 158, 159, 160, 161, 162, 163, 164, 165, 166, 167, 168, 340, 341, 342, 343, 344, 345, 346, 412, 413, 414, 415, 416, 417, 418, 419, 420, 421, 422, 502, 503, 504, 505, 506, 507, 628, 629, 630, 631, 632, 633, 634, 635, 636, 637, 638, 639, 792, 796, 797, 798, 799, 800, 801, 863, 864, 865, 866, 867, 868, 869, 870, 871, 872, 873, 874]","[16, 17, 18, 19, 20, 21, 22, 23, 414, 596, 628, 629, 630, 631, 632, 633, 634, 635, 636, 125, 637, 638, 639, 655, 156, 157, 158, 159, 160, 161, 162, 163, 675, 164, 165, 166, 168, 167, 693, 184, 716, 205, 720, 725, 222, 229, 253, 258, 771, 775, 265, 792, 793, 796, 797, 798, 799, 800, 801, 811, 817, 818, 820, 313, 825, 317, 838, 841, 844, 846, 336, 851, 340, 341, 342, 343, 344, 857, 345, 346, 861, 862, 863, 864, 865, 866, 867, 356, 868, 870, 871, 869, 872, 873, 363, 874, 365, 366, 367, 877, 881, 370, 883, 885, 375, 888, 891, 892, 893, 898, 899, 388, 391, 904, 905, 394, 907, 396, 908, 911, 402, 918, 920, 921, 410, 411, 412, 413, 922, 415, 416, 417, 418, 419, 923, 924, 926, 931, 933, 425, 420, 421, 422, 429, 431, 433, 435, 437, 440, 441, 442, 443, 451, 452, 456, 457, 458, 460, 461, 464, 471, 473, 474, 475, 481, 482, 501, 502, 503, 504, 505, 506, 507]",False,[],[],[],[],"[16, 125, 156, 163, 168, 184, 205, 222, 229, 253, 258, 265, 313, 317, 336, 340, 341, 356, 363, 365, 366, 367, 370, 375, 388, 391, 394, 396, 402, 410, 411, 412, 413, 415, 416, 417, 418, 419, 425, 429, 431, 433, 435, 437, 440, 441, 442, 443, 451, 452, 456, 457, 458, 460, 461, 464, 471, 473, 474, 475, 481, 482, 501, 596, 628, 635, 655, 675, 693, 716, 720, 725, 771, 775, 793, 796, 797, 811, 817, 818, 820, 825, 838, 841, 844, 846, 851, 857, 861, 862, 863, 864, 866, 867, 868, 870, 871, 877, 881, 883, 885, 888, 891, 892, 893, 898, 899, 904, 905, 907, 908, 911, 918, 920, 921, 922, 923, 924, 926, 931, 933]","[17, 18, 19, 20, 21, 22, 23, 156, 157, 158, 159, 160, 161, 162, 163, 164, 165, 166, 167, 168, 340, 341, 342, 343, 344, 345, 346, 412, 413, 414, 415, 416, 417, 418, 419, 420, 421, 422, 502, 503, 504, 505, 506, 507, 628, 629, 630, 631, 632, 633, 634, 635, 636, 637, 638, 639, 792, 796, 797, 798, 799, 800, 801, 863, 864, 865, 866, 867, 868, 869, 870, 871, 872, 873, 874]","[17, 18, 19, 20, 21, 22, 23, 156, 157, 158, 159, 160, 161, 162, 163, 164, 165, 166, 167, 341, 342, 343, 344, 345, 412, 413, 414, 415, 416, 417, 418, 419, 420, 421, 422, 502, 503, 504, 505, 506, 507, 628, 629, 630, 631, 632, 633, 634, 635, 636, 637, 638, 639, 792, 797, 798, 799, 800, 801, 863, 864, 865, 866, 867, 868, 869, 870, 871, 872, 873, 874]",0/6 successful match,False,,False,461,False,,0.5059701492537314,True,Flying J Travel Plaza # 0500023,Flying J
McCammon ( 83250 ) Flying J Travel Plaza # 641,6 208-254-9845 I-15 Exit 47 ( US 30 ),24 MO,McCammon,83250,Flying J Travel Plaza # 641,208-254-9845,2014,Mccammon,ID,Flying J,( US 30 ),I-15 Exit 47 ,Exit,47,False,,False,I-15,,,,,[],[],[],[],[],"[16, 125, 156, 163, 168, 184, 205, 222, 229, 253, 258, 265, 313, 317, 336, 340, 341, 356, 363, 365, 366, 367, 370, 375, 388, 391, 394, 396, 402, 410, 411, 412, 413, 415, 416, 417, 418, 419, 425, 429, 431, 433, 435, 437, 440, 441, 442, 443, 451, 452, 456, 457, 458, 460, 461, 464, 471, 473, 474, 475, 481, 482, 501, 596, 628, 635, 655, 675, 693, 716, 720, 725, 771, 775, 793, 796, 797, 811, 817, 818, 820, 825, 838, 841, 844, 846, 851, 857, 861, 862, 863, 864, 866, 867, 868, 870, 871, 877, 881, 883, 885, 888, 891, 892, 893, 898, 899, 904, 905, 907, 908, 911, 918, 920, 921, 922, 923, 924, 926, 931, 933]","[17, 18, 19, 20, 21, 22, 23, 156, 157, 158, 159, 160, 161, 162, 163, 164, 165, 166, 167, 341, 342, 343, 344, 345, 412, 413, 414, 415, 416, 417, 418, 419, 420, 421, 422, 502, 503, 504, 505, 506, 507, 628, 629, 630, 631, 632, 633, 634, 635, 636, 637, 638, 639, 792, 797, 798, 799, 800, 801, 863, 864, 865, 866, 867, 868, 869, 870, 871, 872, 873, 874]","[17, 18, 19, 20, 21, 22, 23, 156, 157, 158, 159, 160, 161, 162, 163, 164, 165, 166, 167, 168, 340, 341, 342, 343, 344, 345, 346, 412, 413, 414, 415, 416, 417, 418, 419, 420, 421, 422, 502, 503, 504, 505, 506, 507, 628, 629, 630, 631, 632, 633, 634, 635, 636, 637, 638, 639, 792, 796, 797, 798, 799, 800, 801, 863, 864, 865, 866, 867, 868, 869, 870, 871, 872, 873, 874]","[16, 17, 18, 19, 20, 21, 22, 23, 414, 596, 628, 629, 630, 631, 632, 633, 634, 635, 636, 125, 637, 638, 639, 655, 156, 157, 158, 159, 160, 161, 162, 163, 675, 164, 165, 166, 168, 167, 693, 184, 716, 205, 720, 725, 222, 229, 253, 258, 771, 775, 265, 792, 793, 796, 797, 798, 799, 800, 801, 811, 817, 818, 820, 313, 825, 317, 838, 841, 844, 846, 336, 851, 340, 341, 342, 343, 344, 857, 345, 346, 861, 862, 863, 864, 865, 866, 867, 356, 868, 870, 871, 869, 872, 873, 363, 874, 365, 366, 367, 877, 881, 370, 883, 885, 375, 888, 891, 892, 893, 898, 899, 388, 391, 904, 905, 394, 907, 396, 908, 911, 402, 918, 920, 921, 410, 411, 412, 413, 922, 415, 416, 417, 418, 419, 923, 924, 926, 931, 933, 425, 420, 421, 422, 429, 431, 433, 435, 437, 440, 441, 442, 443, 451, 452, 456, 457, 458, 460, 461, 464, 471, 473, 474, 475, 481, 482, 501, 502, 503, 504, 505, 506, 507]",False,[],[],[],[],"[16, 125, 156, 163, 168, 184, 205, 222, 229, 253, 258, 265, 313, 317, 336, 340, 341, 356, 363, 365, 366, 367, 370, 375, 388, 391, 394, 396, 402, 410, 411, 412, 413, 415, 416, 417, 418, 419, 425, 429, 431, 433, 435, 437, 440, 441, 442, 443, 451, 452, 456, 457, 458, 460, 461, 464, 471, 473, 474, 475, 481, 482, 501, 596, 628, 635, 655, 675, 693, 716, 720, 725, 771, 775, 793, 796, 797, 811, 817, 818, 820, 825, 838, 841, 844, 846, 851, 857, 861, 862, 863, 864, 866, 867, 868, 870, 871, 877, 881, 883, 885, 888, 891, 892, 893, 898, 899, 904, 905, 907, 908, 911, 918, 920, 921, 922, 923, 924, 926, 931, 933]","[17, 18, 19, 20, 21, 22, 23, 156, 157, 158, 159, 160, 161, 162, 163, 164, 165, 166, 167, 168, 340, 341, 342, 343, 344, 345, 346, 412, 413, 414, 415, 416, 417, 418, 419, 420, 421, 422, 502, 503, 504, 505, 506, 507, 628, 629, 630, 631, 632, 633, 634, 635, 636, 637, 638, 639, 792, 796, 797, 798, 799, 800, 801, 863, 864, 865, 866, 867, 868, 869, 870, 871, 872, 873, 874]","[17, 18, 19, 20, 21, 22, 23, 156, 157, 158, 159, 160, 161, 162, 163, 164, 165, 166, 167, 341, 342, 343, 344, 345, 412, 413, 414, 415, 416, 417, 418, 419, 420, 421, 422, 502, 503, 504, 505, 506, 507, 628, 629, 630, 631, 632, 633, 634, 635, 636, 637, 638, 639, 792, 797, 798, 799, 800, 801, 863, 864, 865, 866, 867, 868, 869, 870, 871, 872, 873, 874]",0/6 successful match,False,,False,461,False,,0.519047619047619,True,Flying J Travel 47 ( US Plaza 30 E ),Flying J
McCammon ( 83250 ) Flying J Travel Plaza # 641,208-254-9845 I-15 Exit 47 ( US 30 ),FLYING J 24 MO,McCammon,83250,Flying J Travel Plaza # 641,208-254-9845,2015,Mccammon,ID,Flying J,( US 30 ),I-15 Exit 47 ,Exit,47,False,,False,I-15,,,,,[],[],[],[],[],"[16, 125, 156, 163, 168, 184, 205, 222, 229, 253, 258, 265, 313, 317, 336, 340, 341, 356, 363, 365, 366, 367, 370, 375, 388, 391, 394, 396, 402, 410, 411, 412, 413, 415, 416, 417, 418, 419, 425, 429, 431, 433, 435, 437, 440, 441, 442, 443, 451, 452, 456, 457, 458, 460, 461, 464, 471, 473, 474, 475, 481, 482, 501, 596, 628, 635, 655, 675, 693, 716, 720, 725, 771, 775, 793, 796, 797, 811, 817, 818, 820, 825, 838, 841, 844, 846, 851, 857, 861, 862, 863, 864, 866, 867, 868, 870, 871, 877, 881, 883, 885, 888, 891, 892, 893, 898, 899, 904, 905, 907, 908, 911, 918, 920, 921, 922, 923, 924, 926, 931, 933]","[17, 18, 19, 20, 21, 22, 23, 156, 157, 158, 159, 160, 161, 162, 163, 164, 165, 166, 167, 341, 342, 343, 344, 345, 412, 413, 414, 415, 416, 417, 418, 419, 420, 421, 422, 502, 503, 504, 505, 506, 507, 628, 629, 630, 631, 632, 633, 634, 635, 636, 637, 638, 639, 792, 797, 798, 799, 800, 801, 863, 864, 865, 866, 867, 868, 869, 870, 871, 872, 873, 874]","[17, 18, 19, 20, 21, 22, 23, 156, 157, 158, 159, 160, 161, 162, 163, 164, 165, 166, 167, 168, 340, 341, 342, 343, 344, 345, 346, 412, 413, 414, 415, 416, 417, 418, 419, 420, 421, 422, 502, 503, 504, 505, 506, 507, 628, 629, 630, 631, 632, 633, 634, 635, 636, 637, 638, 639, 792, 796, 797, 798, 799, 800, 801, 863, 864, 865, 866, 867, 868, 869, 870, 871, 872, 873, 874]","[16, 17, 18, 19, 20, 21, 22, 23, 414, 596, 628, 629, 630, 631, 632, 633, 634, 635, 636, 125, 637, 638, 639, 655, 156, 157, 158, 159, 160, 161, 162, 163, 675, 164, 165, 166, 168, 167, 693, 184, 716, 205, 720, 725, 222, 229, 253, 258, 771, 775, 265, 792, 793, 796, 797, 798, 799, 800, 801, 811, 817, 818, 820, 313, 825, 317, 838, 841, 844, 846, 336, 851, 340, 341, 342, 343, 344, 857, 345, 346, 861, 862, 863, 864, 865, 866, 867, 356, 868, 870, 871, 869, 872, 873, 363, 874, 365, 366, 367, 877, 881, 370, 883, 885, 375, 888, 891, 892, 893, 898, 899, 388, 391, 904, 905, 394, 907, 396, 908, 911, 402, 918, 920, 921, 410, 411, 412, 413, 922, 415, 416, 417, 418, 419, 923, 924, 926, 931, 933, 425, 420, 421, 422, 429, 431, 433, 435, 437, 440, 441, 442, 443, 451, 452, 456, 457, 458, 460, 461, 464, 471, 473, 474, 475, 481, 482, 501, 502, 503, 504, 505, 506, 507]",False,[],[],[],[],"[16, 125, 156, 163, 168, 184, 205, 222, 229, 253, 258, 265, 313, 317, 336, 340, 341, 356, 363, 365, 366, 367, 370, 375, 388, 391, 394, 396, 402, 410, 411, 412, 413, 415, 416, 417, 418, 419, 425, 429, 431, 433, 435, 437, 440, 441, 442, 443, 451, 452, 456, 457, 458, 460, 461, 464, 471, 473, 474, 475, 481, 482, 501, 596, 628, 635, 655, 675, 693, 716, 720, 725, 771, 775, 793, 796, 797, 811, 817, 818, 820, 825, 838, 841, 844, 846, 851, 857, 861, 862, 863, 864, 866, 867, 868, 870, 871, 877, 881, 883, 885, 888, 891, 892, 893, 898, 899, 904, 905, 907, 908, 911, 918, 920, 921, 922, 923, 924, 926, 931, 933]","[17, 18, 19, 20, 21, 22, 23, 156, 157, 158, 159, 160, 161, 162, 163, 164, 165, 166, 167, 168, 340, 341, 342, 343, 344, 345, 346, 412, 413, 414, 415, 416, 417, 418, 419, 420, 421, 422, 502, 503, 504, 505, 506, 507, 628, 629, 630, 631, 632, 633, 634, 635, 636, 637, 638, 639, 792, 796, 797, 798, 799, 800, 801, 863, 864, 865, 866, 867, 868, 869, 870, 871, 872, 873, 874]","[17, 18, 19, 20, 21, 22, 23, 156, 157, 158, 159, 160, 161, 162, 163, 164, 165, 166, 167, 341, 342, 343, 344, 345, 412, 413, 414, 415, 416, 417, 418, 419, 420, 421, 422, 502, 503, 504, 505, 506, 507, 628, 629, 630, 631, 632, 633, 634, 635, 636, 637, 638, 639, 792, 797, 798, 799, 800, 801, 863, 864, 865, 866, 867, 868, 869, 870, 871, 872, 873, 874]",0/6 successful match,False,,False,461,False,,1.0,True,Flying J Travel Plaza # 641,Flying J
McCammon ( 83250 ) Flying J Travel Plaza # 641 FLYING J,6 208-254-9845 I-15 Exit 47 ( US 30 ) .,J 24 DOMO 24,McCammon,83250,Flying J Travel Plaza # 641 FLYING J,208-254-9845,2016,Mccammon,ID,Flying J,( US 30 ) .,I-15 Exit 47 ,Exit,47,False,,False,I-15,,,,,[],[],[],[],[],"[16, 125, 156, 163, 168, 184, 205, 222, 229, 253, 258, 265, 313, 317, 336, 340, 341, 356, 363, 365, 366, 367, 370, 375, 388, 391, 394, 396, 402, 410, 411, 412, 413, 415, 416, 417, 418, 419, 425, 429, 431, 433, 435, 437, 440, 441, 442, 443, 451, 452, 456, 457, 458, 460, 461, 464, 471, 473, 474, 475, 481, 482, 501, 596, 628, 635, 655, 675, 693, 716, 720, 725, 771, 775, 793, 796, 797, 811, 817, 818, 820, 825, 838, 841, 844, 846, 851, 857, 861, 862, 863, 864, 866, 867, 868, 870, 871, 877, 881, 883, 885, 888, 891, 892, 893, 898, 899, 904, 905, 907, 908, 911, 918, 920, 921, 922, 923, 924, 926, 931, 933]","[17, 18, 19, 20, 21, 22, 23, 156, 157, 158, 159, 160, 161, 162, 163, 164, 165, 166, 167, 341, 342, 343, 344, 345, 412, 413, 414, 415, 416, 417, 418, 419, 420, 421, 422, 502, 503, 504, 505, 506, 507, 628, 629, 630, 631, 632, 633, 634, 635, 636, 637, 638, 639, 792, 797, 798, 799, 800, 801, 863, 864, 865, 866, 867, 868, 869, 870, 871, 872, 873, 874]","[17, 18, 19, 20, 21, 22, 23, 156, 157, 158, 159, 160, 161, 162, 163, 164, 165, 166, 167, 168, 340, 341, 342, 343, 344, 345, 346, 412, 413, 414, 415, 416, 417, 418, 419, 420, 421, 422, 502, 503, 504, 505, 506, 507, 628, 629, 630, 631, 632, 633, 634, 635, 636, 637, 638, 639, 792, 796, 797, 798, 799, 800, 801, 863, 864, 865, 866, 867, 868, 869, 870, 871, 872, 873, 874]","[16, 17, 18, 19, 20, 21, 22, 23, 414, 596, 628, 629, 630, 631, 632, 633, 634, 635, 636, 125, 637, 638, 639, 655, 156, 157, 158, 159, 160, 161, 162, 163, 675, 164, 165, 166, 168, 167, 693, 184, 716, 205, 720, 725, 222, 229, 253, 258, 771, 775, 265, 792, 793, 796, 797, 798, 799, 800, 801, 811, 817, 818, 820, 313, 825, 317, 838, 841, 844, 846, 336, 851, 340, 341, 342, 343, 344, 857, 345, 346, 861, 862, 863, 864, 865, 866, 867, 356, 868, 870, 871, 869, 872, 873, 363, 874, 365, 366, 367, 877, 881, 370, 883, 885, 375, 888, 891, 892, 893, 898, 899, 388, 391, 904, 905, 394, 907, 396, 908, 911, 402, 918, 920, 921, 410, 411, 412, 413, 922, 415, 416, 417, 418, 419, 923, 924, 926, 931, 933, 425, 420, 421, 422, 429, 431, 433, 435, 437, 440, 441, 442, 443, 451, 452, 456, 457, 458, 460, 461, 464, 471, 473, 474, 475, 481, 482, 501, 502, 503, 504, 505, 506, 507]",False,[],[],[],[],"[16, 125, 156, 163, 168, 184, 205, 222, 229, 253, 258, 265, 313, 317, 336, 340, 341, 356, 363, 365, 366, 367, 370, 375, 388, 391, 394, 396, 402, 410, 411, 412, 413, 415, 416, 417, 418, 419, 425, 429, 431, 433, 435, 437, 440, 441, 442, 443, 451, 452, 456, 457, 458, 460, 461, 464, 471, 473, 474, 475, 481, 482, 501, 596, 628, 635, 655, 675, 693, 716, 720, 725, 771, 775, 793, 796, 797, 811, 817, 818, 820, 825, 838, 841, 844, 846, 851, 857, 861, 862, 863, 864, 866, 867, 868, 870, 871, 877, 881, 883, 885, 888, 891, 892, 893, 898, 899, 904, 905, 907, 908, 911, 918, 920, 921, 922, 923, 924, 926, 931, 933]","[17, 18, 19, 20, 21, 22, 23, 156, 157, 158, 159, 160, 161, 162, 163, 164, 165, 166, 167, 168, 340, 341, 342, 343, 344, 345, 346, 412, 413, 414, 415, 416, 417, 418, 419, 420, 421, 422, 502, 503, 504, 505, 506, 507, 628, 629, 630, 631, 632, 633, 634, 635, 636, 637, 638, 639, 792, 796, 797, 798, 799, 800, 801, 863, 864, 865, 866, 867, 868, 869, 870, 871, 872, 873, 874]","[17, 18, 19, 20, 21, 22, 23, 156, 157, 158, 159, 160, 161, 162, 163, 164, 165, 166, 167, 341, 342, 343, 344, 345, 412, 413, 414, 415, 416, 417, 418, 419, 420, 421, 422, 502, 503, 504, 505, 506, 507, 628, 629, 630, 631, 632, 633, 634, 635, 636, 637, 638, 639, 792, 797, 798, 799, 800, 801, 863, 864, 865, 866, 867, 868, 869, 870, 871, 872, 873, 874]",0/6 successful match,False,,False,461,False,,1.0,True,Flying J Travel Plaza # 641,Flying J
Montpelier ( 83254 ) Ranch Hand Trail Stop,208-847-1180 US 30 ( 2 mi N of town ),M 24 23,Montpelier,83254,Ranch Hand Trail Stop,208-847-1180,2014,Montpelier,ID,,( 2 mi N of town ),US 30,empty,,False,,False,US 30,,,,,[],[],[],[],[],"[436, 439, 887, 890, 927]",[],"[182, 653]","[439, 653, 436, 182, 887, 890, 927]",False,[],[],[],[],"[436, 439, 887, 890, 927]","[182, 653]",[],0/6 successful match,False,,False,462,False,,,,,
Montpelier ( 83254 ) Ranch Hand Trail Stop,208-847-1180 US 30 ( 2 mi N of town ),24 MO DORS 24,Montpelier,83254,Ranch Hand Trail Stop,208-847-1180,2015,Montpelier,ID,,( 2 mi N of town ),US 30,empty,,False,,False,US 30,,,,,[],[],[],[],[],"[436, 439, 887, 890, 927]",[],"[182, 653]","[439, 653, 436, 182, 887, 890, 927]",False,[],[],[],[],"[436, 439, 887, 890, 927]","[182, 653]",[],0/6 successful match,False,,False,462,False,,1.0,True,Ranch Hand Trail Stop,
Montpelier ( 83254 ) Ranch Hand Trail Stop,208-847-1180 US 30 ( 2 mi N of town ) .,DR3 24 MO 24 <U+2610>,Montpelier,83254,Ranch Hand Trail Stop,208-847-1180,2016,Montpelier,ID,,( 2 mi N of town ) .,US 30,empty,,False,,False,US 30,,,,,[],[],[],[],[],"[436, 439, 887, 890, 927]",[],"[182, 653]","[439, 653, 436, 182, 887, 890, 927]",False,[],[],[],[],"[436, 439, 887, 890, 927]","[182, 653]",[],0/6 successful match,False,,False,462,False,,1.0,True,Ranch Hand Trail Stop,
"Montpelier , 83254 Ranch Hand Truck 30 ) Stop (",208-847-2221 US 30 ( 2 mi N of Sinclair ) .,24 MOO,Montpelier,83254,Ranch Hand Truck 30 ) Stop (,208-847-2221,2006,Montpelier,ID,,( 2 mi N of Sinclair ) .,US 30,empty,,False,,False,US 30,,,,,[],[],[],[],[],"[436, 439, 887, 890, 927]",[],"[182, 653]","[439, 653, 436, 182, 887, 890, 927]",False,[],[],[],[],"[436, 439, 887, 890, 927]","[182, 653]",[],0/6 successful match,False,,False,463,False,,,,,
"Montpelier , 83254 Ranch Hand Truck Stop ( Sinclair )",208-847-2221 US 30 ( 2 mi N of town ),24 M 24000,Montpelier,83254,Ranch Hand Truck Stop ( Sinclair ),208-847-2221,2007,Montpelier,ID,Sinclair,( 2 mi N of town ),US 30,empty,,False,,False,US 30,,,,,[],[],[],[],[],"[436, 439, 887, 890, 927]","[31, 142, 147, 180, 338, 352, 367, 387, 403, 405, 408, 410, 455, 465, 466, 468, 470, 472, 473, 483, 484, 514, 613, 618, 651, 794, 807, 837, 852, 854, 858, 861, 902, 912, 913, 915, 917, 919, 920, 931, 934, 935]","[31, 142, 147, 180, 182, 338, 352, 367, 387, 403, 405, 408, 410, 455, 465, 466, 468, 470, 472, 473, 483, 484, 514, 613, 618, 651, 653, 794, 807, 837, 852, 854, 858, 861, 902, 912, 913, 915, 917, 919, 920, 931, 934, 935]","[514, 387, 902, 651, 653, 142, 912, 913, 147, 403, 405, 915, 917, 408, 919, 410, 794, 920, 31, 927, 931, 934, 807, 935, 436, 180, 182, 439, 837, 455, 465, 338, 466, 468, 852, 470, 854, 472, 473, 858, 861, 352, 483, 484, 613, 618, 367, 887, 890]",False,[],[],[],[],"[436, 439, 887, 890, 927]","[31, 142, 147, 180, 182, 338, 352, 367, 387, 403, 405, 408, 410, 455, 465, 466, 468, 470, 472, 473, 483, 484, 514, 613, 618, 651, 653, 794, 807, 837, 852, 854, 858, 861, 902, 912, 913, 915, 917, 919, 920, 931, 934, 935]","[31, 142, 147, 180, 338, 352, 367, 387, 403, 405, 408, 410, 455, 465, 466, 468, 470, 472, 473, 483, 484, 514, 613, 618, 651, 794, 807, 837, 852, 854, 858, 861, 902, 912, 913, 915, 917, 919, 920, 931, 934, 935]",0/6 successful match,False,,False,463,False,,0.9225806451612903,True,Ranch Hand Truck 30 ) Stop (,
"Soda Springs , 83276 Jim Fowler Sinclair Truck Stop",208-547-0763 US 30 ( E of town ),,Soda Springs,83276,Jim Fowler Sinclair Truck Stop,208-547-0763,2006,Soda Springs,ID,Sinclair,( E of town ),US 30,empty,,False,,False,US 30,,,,,[],[],"[174, 188, 189, 197, 232, 254, 399, 645, 659, 660, 668, 696, 717, 848]",[],[],"[436, 439, 887, 890, 927]","[31, 142, 147, 180, 338, 352, 367, 387, 403, 405, 408, 410, 455, 465, 466, 468, 470, 472, 473, 483, 484, 514, 613, 618, 651, 794, 807, 837, 852, 854, 858, 861, 902, 912, 913, 915, 917, 919, 920, 931, 934, 935]","[31, 142, 147, 180, 338, 352, 367, 387, 403, 405, 408, 410, 455, 465, 466, 468, 470, 472, 473, 483, 484, 514, 613, 618, 651, 794, 807, 837, 852, 854, 858, 861, 902, 912, 913, 915, 917, 919, 920, 931, 934, 935]","[514, 387, 645, 902, 651, 142, 399, 912, 913, 659, 660, 147, 403, 405, 408, 915, 410, 794, 668, 917, 919, 927, 31, 920, 931, 934, 807, 935, 174, 436, 180, 439, 696, 188, 189, 197, 837, 455, 717, 848, 465, 338, 466, 468, 852, 470, 854, 472, 473, 858, 861, 352, 483, 484, 613, 232, 618, 367, 887, 890, 254]",False,[],[],"[174, 188, 189, 197, 232, 254, 399, 645, 659, 660, 668, 696, 717, 848]",[],"[436, 439, 887, 890, 927]","[31, 142, 147, 180, 338, 352, 367, 387, 403, 405, 408, 410, 455, 465, 466, 468, 470, 472, 473, 483, 484, 514, 613, 618, 651, 794, 807, 837, 852, 854, 858, 861, 902, 912, 913, 915, 917, 919, 920, 931, 934, 935]","[31, 142, 147, 180, 338, 352, 367, 387, 403, 405, 408, 410, 455, 465, 466, 468, 470, 472, 473, 483, 484, 514, 613, 618, 651, 794, 807, 837, 852, 854, 858, 861, 902, 912, 913, 915, 917, 919, 920, 931, 934, 935]",0/6 successful match,False,,False,464,False,,,,,
"Twin Falls , 83301 United Oil ( Sinclair )",208-734-8089 1992 US 30,# XL,Twin Falls,83301,United Oil ( Sinclair ),208-734-8089,2006,Twin Falls,ID,Sinclair,,1992 US 30,Proper,,False,,False,US 30,,,,,[],[],[],[],[],"[436, 439, 887, 890, 927]","[31, 142, 147, 180, 338, 352, 367, 387, 403, 405, 408, 410, 455, 465, 466, 468, 470, 472, 473, 483, 484, 514, 613, 618, 651, 794, 807, 837, 852, 854, 858, 861, 902, 912, 913, 915, 917, 919, 920, 931, 934, 935]","[4, 31, 59, 135, 142, 147, 180, 218, 229, 232, 264, 269, 299, 318, 320, 331, 338, 352, 367, 382, 387, 403, 405, 408, 410, 455, 463, 465, 466, 468, 470, 472, 473, 483, 484, 490, 514, 535, 606, 613, 618, 651, 686, 693, 696, 724, 728, 758, 776, 778, 788, 794, 807, 832, 837, 852, 854, 858, 860, 861, 902, 910, 912, 913, 915, 917, 919, 920, 931, 934, 935]","[514, 387, 4, 902, 135, 264, 776, 778, 651, 269, 142, 910, 912, 913, 147, 403, 405, 915, 917, 408, 919, 410, 794, 920, 535, 31, 927, 931, 934, 807, 935, 299, 686, 436, 180, 693, 439, 696, 59, 318, 320, 832, 837, 455, 331, 463, 465, 338, 466, 468, 852, 470, 854, 472, 473, 858, 218, 724, 861, 606, 728, 352, 860, 483, 484, 613, 229, 232, 618, 490, 367, 758, 887, 890, 788, 382]",False,[],[],[],[],"[436, 439, 887, 890, 927]","[4, 31, 59, 135, 142, 147, 180, 218, 229, 232, 264, 269, 299, 318, 320, 331, 338, 352, 367, 382, 387, 403, 405, 408, 410, 455, 463, 465, 466, 468, 470, 472, 473, 483, 484, 490, 514, 535, 606, 613, 618, 651, 686, 693, 696, 724, 728, 758, 776, 778, 788, 794, 807, 832, 837, 852, 854, 858, 860, 861, 902, 910, 912, 913, 915, 917, 919, 920, 931, 934, 935]","[31, 142, 147, 180, 338, 352, 367, 387, 403, 405, 408, 410, 455, 465, 466, 468, 470, 472, 473, 483, 484, 514, 613, 618, 651, 794, 807, 837, 852, 854, 858, 861, 902, 912, 913, 915, 917, 919, 920, 931, 934, 935]",0/6 successful match,False,,False,465,False,,,,,
"Twin Falls , 83301 United Oil ( Sinclair )",208-734-8089 1992 US 30,,Twin Falls,83301,United Oil ( Sinclair ),208-734-8089,2007,Twin Falls,ID,Sinclair,,1992 US 30,Proper,,False,,False,US 30,,,,,[],[],[],[],[],"[436, 439, 887, 890, 927]","[31, 142, 147, 180, 338, 352, 367, 387, 403, 405, 408, 410, 455, 465, 466, 468, 470, 472, 473, 483, 484, 514, 613, 618, 651, 794, 807, 837, 852, 854, 858, 861, 902, 912, 913, 915, 917, 919, 920, 931, 934, 935]","[4, 31, 59, 135, 142, 147, 180, 218, 229, 232, 264, 269, 299, 318, 320, 331, 338, 352, 367, 382, 387, 403, 405, 408, 410, 455, 463, 465, 466, 468, 470, 472, 473, 483, 484, 490, 514, 535, 606, 613, 618, 651, 686, 693, 696, 724, 728, 758, 776, 778, 788, 794, 807, 832, 837, 852, 854, 858, 860, 861, 902, 910, 912, 913, 915, 917, 919, 920, 931, 934, 935]","[514, 387, 4, 902, 135, 264, 776, 778, 651, 269, 142, 910, 912, 913, 147, 403, 405, 915, 917, 408, 919, 410, 794, 920, 535, 31, 927, 931, 934, 807, 935, 299, 686, 436, 180, 693, 439, 696, 59, 318, 320, 832, 837, 455, 331, 463, 465, 338, 466, 468, 852, 470, 854, 472, 473, 858, 218, 724, 861, 606, 728, 352, 860, 483, 484, 613, 229, 232, 618, 490, 367, 758, 887, 890, 788, 382]",False,[],[],[],[],"[436, 439, 887, 890, 927]","[4, 31, 59, 135, 142, 147, 180, 218, 229, 232, 264, 269, 299, 318, 320, 331, 338, 352, 367, 382, 387, 403, 405, 408, 410, 455, 463, 465, 466, 468, 470, 472, 473, 483, 484, 490, 514, 535, 606, 613, 618, 651, 686, 693, 696, 724, 728, 758, 776, 778, 788, 794, 807, 832, 837, 852, 854, 858, 860, 861, 902, 910, 912, 913, 915, 917, 919, 920, 931, 934, 935]","[31, 142, 147, 180, 338, 352, 367, 387, 403, 405, 408, 410, 455, 465, 466, 468, 470, 472, 473, 483, 484, 514, 613, 618, 651, 794, 807, 837, 852, 854, 858, 861, 902, 912, 913, 915, 917, 919, 920, 931, 934, 935]",0/6 successful match,False,,False,465,False,,1.0,True,United Oil ( Sinclair ),Sinclair
"Twin Falls , 83301 United Oil ( Sinclair )",4 208-734-8089 1992 US 30,24 <U+2610><U+2610> <U+2610> <U+2610> <U+25A1> <U+25A1>,Twin Falls,83301,United Oil ( Sinclair ),208-734-8089,2008,Twin Falls,ID,Sinclair,,1992 US 30,Proper,,False,,False,US 30,,,,,[],[],[],[],[],"[436, 439, 887, 890, 927]","[31, 142, 147, 180, 338, 352, 367, 387, 403, 405, 408, 410, 455, 465, 466, 468, 470, 472, 473, 483, 484, 514, 613, 618, 651, 794, 807, 837, 852, 854, 858, 861, 902, 912, 913, 915, 917, 919, 920, 931, 934, 935]","[4, 31, 59, 135, 142, 147, 180, 218, 229, 232, 264, 269, 299, 318, 320, 331, 338, 352, 367, 382, 387, 403, 405, 408, 410, 455, 463, 465, 466, 468, 470, 472, 473, 483, 484, 490, 514, 535, 606, 613, 618, 651, 686, 693, 696, 724, 728, 758, 776, 778, 788, 794, 807, 832, 837, 852, 854, 858, 860, 861, 902, 910, 912, 913, 915, 917, 919, 920, 931, 934, 935]","[514, 387, 4, 902, 135, 264, 776, 778, 651, 269, 142, 910, 912, 913, 147, 403, 405, 915, 917, 408, 919, 410, 794, 920, 535, 31, 927, 931, 934, 807, 935, 299, 686, 436, 180, 693, 439, 696, 59, 318, 320, 832, 837, 455, 331, 463, 465, 338, 466, 468, 852, 470, 854, 472, 473, 858, 218, 724, 861, 606, 728, 352, 860, 483, 484, 613, 229, 232, 618, 490, 367, 758, 887, 890, 788, 382]",False,[],[],[],[],"[436, 439, 887, 890, 927]","[4, 31, 59, 135, 142, 147, 180, 218, 229, 232, 264, 269, 299, 318, 320, 331, 338, 352, 367, 382, 387, 403, 405, 408, 410, 455, 463, 465, 466, 468, 470, 472, 473, 483, 484, 490, 514, 535, 606, 613, 618, 651, 686, 693, 696, 724, 728, 758, 776, 778, 788, 794, 807, 832, 837, 852, 854, 858, 860, 861, 902, 910, 912, 913, 915, 917, 919, 920, 931, 934, 935]","[31, 142, 147, 180, 338, 352, 367, 387, 403, 405, 408, 410, 455, 465, 466, 468, 470, 472, 473, 483, 484, 514, 613, 618, 651, 794, 807, 837, 852, 854, 858, 861, 902, 912, 913, 915, 917, 919, 920, 931, 934, 935]",0/6 successful match,False,,False,465,False,,1.0,True,United Oil ( Sinclair ),Sinclair
Twin Falls ( 83301 ) United Oil ( Sinclair ),4 208-734-8089 1992 US 30,<U+25A1>,Twin Falls,83301,United Oil ( Sinclair ),208-734-8089,2015,Twin Falls,ID,Sinclair,,1992 US 30,Proper,,False,,False,US 30,,,,,[],[],[],[],[],"[436, 439, 887, 890, 927]","[31, 142, 147, 180, 338, 352, 367, 387, 403, 405, 408, 410, 455, 465, 466, 468, 470, 472, 473, 483, 484, 514, 613, 618, 651, 794, 807, 837, 852, 854, 858, 861, 902, 912, 913, 915, 917, 919, 920, 931, 934, 935]","[4, 31, 59, 135, 142, 147, 180, 218, 229, 232, 264, 269, 299, 318, 320, 331, 338, 352, 367, 382, 387, 403, 405, 408, 410, 455, 463, 465, 466, 468, 470, 472, 473, 483, 484, 490, 514, 535, 606, 613, 618, 651, 686, 693, 696, 724, 728, 758, 776, 778, 788, 794, 807, 832, 837, 852, 854, 858, 860, 861, 902, 910, 912, 913, 915, 917, 919, 920, 931, 934, 935]","[514, 387, 4, 902, 135, 264, 776, 778, 651, 269, 142, 910, 912, 913, 147, 403, 405, 915, 917, 408, 919, 410, 794, 920, 535, 31, 927, 931, 934, 807, 935, 299, 686, 436, 180, 693, 439, 696, 59, 318, 320, 832, 837, 455, 331, 463, 465, 338, 466, 468, 852, 470, 854, 472, 473, 858, 218, 724, 861, 606, 728, 352, 860, 483, 484, 613, 229, 232, 618, 490, 367, 758, 887, 890, 788, 382]",False,[],[],[],[],"[436, 439, 887, 890, 927]","[4, 31, 59, 135, 142, 147, 180, 218, 229, 232, 264, 269, 299, 318, 320, 331, 338, 352, 367, 382, 387, 403, 405, 408, 410, 455, 463, 465, 466, 468, 470, 472, 473, 483, 484, 490, 514, 535, 606, 613, 618, 651, 686, 693, 696, 724, 728, 758, 776, 778, 788, 794, 807, 832, 837, 852, 854, 858, 860, 861, 902, 910, 912, 913, 915, 917, 919, 920, 931, 934, 935]","[31, 142, 147, 180, 338, 352, 367, 387, 403, 405, 408, 410, 455, 465, 466, 468, 470, 472, 473, 483, 484, 514, 613, 618, 651, 794, 807, 837, 852, 854, 858, 861, 902, 912, 913, 915, 917, 919, 920, 931, 934, 935]",0/6 successful match,False,,False,466,False,,,,,
Bliss ( 83314 ) Ziggy's Express ( 66 ) W ),3 208-352-1070 I-84 Exit 141 ( 1/4 mi W ),24 S,Bliss,83314,Ziggy's Express ( 66 ) W ),208-352-1070,2014,Bliss,ID,,( 1/4 mi W ),I-84 Exit 141 ,Exit,141,False,,False,I-84,,,,,[],[],[],"[258, 334, 720, 790]",[],"[402, 416, 422, 423, 465, 851, 867, 874, 875, 912]",[],"[401, 402, 424, 427, 464, 469, 850, 851, 876, 879, 911, 916]","[258, 911, 912, 401, 402, 916, 790, 416, 422, 423, 424, 427, 334, 720, 465, 464, 851, 850, 469, 867, 874, 875, 876, 879]",False,[],[],[],"[258, 334, 720, 790]","[402, 416, 422, 423, 465, 851, 867, 874, 875, 912]","[401, 402, 424, 427, 464, 469, 850, 851, 876, 879, 911, 916]",[],0/6 successful match,False,,False,467,False,,,,,
Bliss ( 83314 ) Ziggy's Express ( 66 ),208-352-1070 I-84 Exit 141 ( 1/4 mi W ),DOLD 24 S <U+2610> <U+2610>,Bliss,83314,Ziggy's Express ( 66 ),208-352-1070,2015,Bliss,ID,,( 1/4 mi W ),I-84 Exit 141 ,Exit,141,False,,False,I-84,,,,,[],[],[],"[258, 334, 720, 790]",[],"[402, 416, 422, 423, 465, 851, 867, 874, 875, 912]",[],"[401, 402, 424, 427, 464, 469, 850, 851, 876, 879, 911, 916]","[258, 911, 912, 401, 402, 916, 790, 416, 422, 423, 424, 427, 334, 720, 465, 464, 851, 850, 469, 867, 874, 875, 876, 879]",False,[],[],[],"[258, 334, 720, 790]","[402, 416, 422, 423, 465, 851, 867, 874, 875, 912]","[401, 402, 424, 427, 464, 469, 850, 851, 876, 879, 911, 916]",[],0/6 successful match,False,,False,467,False,,1.0,True,Ziggy's Express ( 66 ) W ),
Bliss ( 83314 ) Ziggy's Express ( 66 ),208-352-1070 I-84 Exit 141 ( 1/4 mi W ),24 S,Bliss,83314,Ziggy's Express ( 66 ),208-352-1070,2016,Bliss,ID,,( 1/4 mi W ),I-84 Exit 141 ,Exit,141,False,,False,I-84,,,,,[],[],[],"[258, 334, 720, 790]",[],"[402, 416, 422, 423, 465, 851, 867, 874, 875, 912]",[],"[401, 402, 424, 427, 464, 469, 850, 851, 876, 879, 911, 916]","[258, 911, 912, 401, 402, 916, 790, 416, 422, 423, 424, 427, 334, 720, 465, 464, 851, 850, 469, 867, 874, 875, 876, 879]",False,[],[],[],"[258, 334, 720, 790]","[402, 416, 422, 423, 465, 851, 867, 874, 875, 912]","[401, 402, 424, 427, 464, 469, 850, 851, 876, 879, 911, 916]",[],0/6 successful match,False,,False,467,False,,1.0,True,Ziggy's Express ( 66 ),
"Hazelton , 83335 R & E Greenwood Store (",4 208-829-5735 I-84 Exit 194 Sinclair ),S <U+2610>,Hazelton,83335,R & E Greenwood Store (,208-829-5735,2006,Hazelton,ID,,,I-84 Exit 194 Sinclair ,Exit,194,False,,False,I-84,,,,,[],[],[],[],[],"[402, 416, 422, 423, 465, 851, 867, 874, 875, 912]",[],[],"[416, 867, 422, 423, 874, 875, 912, 465, 402, 851]",False,[],[],[],[],"[402, 416, 422, 423, 465, 851, 867, 874, 875, 912]",[],[],0/6 successful match,False,,False,468,False,,,,,
"Hazelton , 83335 R & E Greenwood Store ( Sinclair )",208-829-5735 I-84 Exit 194,<U+2610>,Hazelton,83335,R & E Greenwood Store ( Sinclair ),208-829-5735,2007,Hazelton,ID,Sinclair,,I-84 Exit 194,Exit,194,False,,False,I-84,,,,,[],[],[],[],[],"[402, 416, 422, 423, 465, 851, 867, 874, 875, 912]","[31, 142, 147, 180, 338, 352, 367, 387, 403, 405, 408, 410, 455, 465, 466, 468, 470, 472, 473, 483, 484, 514, 613, 618, 651, 794, 807, 837, 852, 854, 858, 861, 902, 912, 913, 915, 917, 919, 920, 931, 934, 935]","[31, 142, 147, 180, 338, 352, 367, 387, 403, 405, 408, 410, 455, 465, 466, 468, 470, 472, 473, 483, 484, 514, 613, 618, 651, 794, 807, 837, 852, 854, 858, 861, 902, 912, 913, 915, 917, 919, 920, 931, 934, 935]","[514, 387, 902, 651, 142, 912, 913, 402, 147, 403, 405, 915, 917, 408, 919, 410, 794, 920, 31, 416, 931, 422, 423, 807, 934, 935, 180, 837, 455, 465, 338, 851, 466, 468, 470, 852, 472, 473, 854, 858, 861, 352, 867, 483, 484, 613, 874, 875, 618, 367]",False,[],[],[],[],"[402, 416, 422, 423, 465, 851, 867, 874, 875, 912]","[31, 142, 147, 180, 338, 352, 367, 387, 403, 405, 408, 410, 455, 465, 466, 468, 470, 472, 473, 483, 484, 514, 613, 618, 651, 794, 807, 837, 852, 854, 858, 861, 902, 912, 913, 915, 917, 919, 920, 931, 934, 935]","[31, 142, 147, 180, 338, 352, 367, 387, 403, 405, 408, 410, 455, 465, 466, 468, 470, 472, 473, 483, 484, 514, 613, 618, 651, 794, 807, 837, 852, 854, 858, 861, 902, 912, 913, 915, 917, 919, 920, 931, 934, 935]",0/6 successful match,False,,False,468,False,,1.0,True,R & E Greenwood Store (,
"Hazelton , 83335 R & E Greenwood Store ( Sinclair )",208-829-5735 I-84 Exit 194,1905 24 XL,Hazelton,83335,R & E Greenwood Store ( Sinclair ),208-829-5735,2008,Hazelton,ID,Sinclair,,I-84 Exit 194,Exit,194,False,,False,I-84,,,,,[],[],[],[],[],"[402, 416, 422, 423, 465, 851, 867, 874, 875, 912]","[31, 142, 147, 180, 338, 352, 367, 387, 403, 405, 408, 410, 455, 465, 466, 468, 470, 472, 473, 483, 484, 514, 613, 618, 651, 794, 807, 837, 852, 854, 858, 861, 902, 912, 913, 915, 917, 919, 920, 931, 934, 935]","[31, 142, 147, 180, 338, 352, 367, 387, 403, 405, 408, 410, 455, 465, 466, 468, 470, 472, 473, 483, 484, 514, 613, 618, 651, 794, 807, 837, 852, 854, 858, 861, 902, 912, 913, 915, 917, 919, 920, 931, 934, 935]","[514, 387, 902, 651, 142, 912, 913, 402, 147, 403, 405, 915, 917, 408, 919, 410, 794, 920, 31, 416, 931, 422, 423, 807, 934, 935, 180, 837, 455, 465, 338, 851, 466, 468, 470, 852, 472, 473, 854, 858, 861, 352, 867, 483, 484, 613, 874, 875, 618, 367]",False,[],[],[],[],"[402, 416, 422, 423, 465, 851, 867, 874, 875, 912]","[31, 142, 147, 180, 338, 352, 367, 387, 403, 405, 408, 410, 455, 465, 466, 468, 470, 472, 473, 483, 484, 514, 613, 618, 651, 794, 807, 837, 852, 854, 858, 861, 902, 912, 913, 915, 917, 919, 920, 931, 934, 935]","[31, 142, 147, 180, 338, 352, 367, 387, 403, 405, 408, 410, 455, 465, 466, 468, 470, 472, 473, 483, 484, 514, 613, 618, 651, 794, 807, 837, 852, 854, 858, 861, 902, 912, 913, 915, 917, 919, 920, 931, 934, 935]",0/6 successful match,False,,False,468,False,,1.0,True,R & E Greenwood Store ( Sinclair ),Sinclair
"Heyburn , 83336 Love's Travel Stop # 334",208-434-8777 I-84 Exit 211 ( US 30 ),24 S,Heyburn,83336,Love's Travel Stop # 334,208-434-8777,2007,Heyburn,ID,Love's,( US 30 ),I-84 Exit 211 ,Exit,211,False,,False,I-84,,,,,[],[],[],"[54, 530]",[],"[402, 416, 422, 423, 465, 851, 867, 874, 875, 912]","[34, 35, 36, 37, 38, 39, 40, 41, 42, 43, 44, 45, 46, 47, 48, 201, 202, 203, 204, 205, 206, 207, 208, 209, 210, 211, 212, 213, 214, 215, 216, 355, 356, 357, 358, 359, 360, 361, 429, 430, 431, 432, 433, 434, 435, 515, 516, 517, 518, 519, 520, 521, 522, 523, 524, 525, 526, 527, 672, 673, 674, 675, 676, 677, 678, 679, 680, 681, 682, 683, 684, 810, 811, 812, 813, 814, 881, 882, 883, 884, 885, 886]","[32, 33, 34, 35, 36, 37, 38, 39, 40, 41, 42, 43, 44, 45, 46, 47, 48, 201, 202, 203, 204, 205, 206, 207, 208, 209, 210, 211, 212, 213, 214, 215, 216, 355, 356, 357, 358, 359, 360, 361, 429, 430, 431, 432, 433, 434, 435, 515, 516, 517, 518, 519, 520, 521, 522, 523, 524, 525, 526, 527, 672, 673, 674, 675, 676, 677, 678, 679, 680, 681, 682, 683, 684, 810, 811, 812, 813, 814, 881, 882, 883, 884, 885, 886]","[515, 516, 517, 518, 519, 520, 521, 522, 523, 524, 525, 526, 527, 530, 32, 33, 34, 35, 36, 37, 38, 39, 40, 41, 42, 43, 44, 45, 46, 47, 48, 54, 672, 673, 674, 675, 676, 677, 678, 679, 680, 681, 682, 683, 684, 201, 202, 203, 204, 205, 206, 207, 208, 209, 210, 211, 212, 213, 214, 215, 216, 810, 811, 812, 813, 814, 851, 867, 355, 356, 357, 358, 359, 360, 874, 875, 361, 881, 882, 883, 884, 885, 886, 912, 402, 416, 422, 423, 429, 430, 431, 432, 433, 434, 435, 465]",False,[],[],[],"[54, 530]","[402, 416, 422, 423, 465, 851, 867, 874, 875, 912]","[32, 33, 34, 35, 36, 37, 38, 39, 40, 41, 42, 43, 44, 45, 46, 47, 48, 201, 202, 203, 204, 205, 206, 207, 208, 209, 210, 211, 212, 213, 214, 215, 216, 355, 356, 357, 358, 359, 360, 361, 429, 430, 431, 432, 433, 434, 435, 515, 516, 517, 518, 519, 520, 521, 522, 523, 524, 525, 526, 527, 672, 673, 674, 675, 676, 677, 678, 679, 680, 681, 682, 683, 684, 810, 811, 812, 813, 814, 881, 882, 883, 884, 885, 886]","[34, 35, 36, 37, 38, 39, 40, 41, 42, 43, 44, 45, 46, 47, 48, 201, 202, 203, 204, 205, 206, 207, 208, 209, 210, 211, 212, 213, 214, 215, 216, 355, 356, 357, 358, 359, 360, 361, 429, 430, 431, 432, 433, 434, 435, 515, 516, 517, 518, 519, 520, 521, 522, 523, 524, 525, 526, 527, 672, 673, 674, 675, 676, 677, 678, 679, 680, 681, 682, 683, 684, 810, 811, 812, 813, 814, 881, 882, 883, 884, 885, 886]",0/6 successful match,False,,False,469,False,,,,,
"Heyburn , 83336 Love's Travel Stop # 334",5 208-434-8777 I-84 Exit 211 ( US 30 ),<U+2610> SO 00,Heyburn,83336,Love's Travel Stop # 334,208-434-8777,2008,Heyburn,ID,Love's,( US 30 ),I-84 Exit 211 ,Exit,211,False,,False,I-84,,,,,[],[],[],"[54, 530]",[],"[402, 416, 422, 423, 465, 851, 867, 874, 875, 912]","[34, 35, 36, 37, 38, 39, 40, 41, 42, 43, 44, 45, 46, 47, 48, 201, 202, 203, 204, 205, 206, 207, 208, 209, 210, 211, 212, 213, 214, 215, 216, 355, 356, 357, 358, 359, 360, 361, 429, 430, 431, 432, 433, 434, 435, 515, 516, 517, 518, 519, 520, 521, 522, 523, 524, 525, 526, 527, 672, 673, 674, 675, 676, 677, 678, 679, 680, 681, 682, 683, 684, 810, 811, 812, 813, 814, 881, 882, 883, 884, 885, 886]","[32, 33, 34, 35, 36, 37, 38, 39, 40, 41, 42, 43, 44, 45, 46, 47, 48, 201, 202, 203, 204, 205, 206, 207, 208, 209, 210, 211, 212, 213, 214, 215, 216, 355, 356, 357, 358, 359, 360, 361, 429, 430, 431, 432, 433, 434, 435, 515, 516, 517, 518, 519, 520, 521, 522, 523, 524, 525, 526, 527, 672, 673, 674, 675, 676, 677, 678, 679, 680, 681, 682, 683, 684, 810, 811, 812, 813, 814, 881, 882, 883, 884, 885, 886]","[515, 516, 517, 518, 519, 520, 521, 522, 523, 524, 525, 526, 527, 530, 32, 33, 34, 35, 36, 37, 38, 39, 40, 41, 42, 43, 44, 45, 46, 47, 48, 54, 672, 673, 674, 675, 676, 677, 678, 679, 680, 681, 682, 683, 684, 201, 202, 203, 204, 205, 206, 207, 208, 209, 210, 211, 212, 213, 214, 215, 216, 810, 811, 812, 813, 814, 851, 867, 355, 356, 357, 358, 359, 360, 874, 875, 361, 881, 882, 883, 884, 885, 886, 912, 402, 416, 422, 423, 429, 430, 431, 432, 433, 434, 435, 465]",False,[],[],[],"[54, 530]","[402, 416, 422, 423, 465, 851, 867, 874, 875, 912]","[32, 33, 34, 35, 36, 37, 38, 39, 40, 41, 42, 43, 44, 45, 46, 47, 48, 201, 202, 203, 204, 205, 206, 207, 208, 209, 210, 211, 212, 213, 214, 215, 216, 355, 356, 357, 358, 359, 360, 361, 429, 430, 431, 432, 433, 434, 435, 515, 516, 517, 518, 519, 520, 521, 522, 523, 524, 525, 526, 527, 672, 673, 674, 675, 676, 677, 678, 679, 680, 681, 682, 683, 684, 810, 811, 812, 813, 814, 881, 882, 883, 884, 885, 886]","[34, 35, 36, 37, 38, 39, 40, 41, 42, 43, 44, 45, 46, 47, 48, 201, 202, 203, 204, 205, 206, 207, 208, 209, 210, 211, 212, 213, 214, 215, 216, 355, 356, 357, 358, 359, 360, 361, 429, 430, 431, 432, 433, 434, 435, 515, 516, 517, 518, 519, 520, 521, 522, 523, 524, 525, 526, 527, 672, 673, 674, 675, 676, 677, 678, 679, 680, 681, 682, 683, 684, 810, 811, 812, 813, 814, 881, 882, 883, 884, 885, 886]",0/6 successful match,False,,False,469,False,,1.0,True,Love's Travel Stop # 334,Love's
Heyburn ( 83336 ) Love's Travel Stop # 334,5 208-434-8777 I-84 Exit 211 ( US 30 ),24 MOO O,Heyburn,83336,Love's Travel Stop # 334,208-434-8777,2014,Heyburn,ID,Love's,( US 30 ),I-84 Exit 211 ,Exit,211,False,,False,I-84,,,,,[],[],[],"[54, 530]",[],"[402, 416, 422, 423, 465, 851, 867, 874, 875, 912]","[34, 35, 36, 37, 38, 39, 40, 41, 42, 43, 44, 45, 46, 47, 48, 201, 202, 203, 204, 205, 206, 207, 208, 209, 210, 211, 212, 213, 214, 215, 216, 355, 356, 357, 358, 359, 360, 361, 429, 430, 431, 432, 433, 434, 435, 515, 516, 517, 518, 519, 520, 521, 522, 523, 524, 525, 526, 527, 672, 673, 674, 675, 676, 677, 678, 679, 680, 681, 682, 683, 684, 810, 811, 812, 813, 814, 881, 882, 883, 884, 885, 886]","[32, 33, 34, 35, 36, 37, 38, 39, 40, 41, 42, 43, 44, 45, 46, 47, 48, 201, 202, 203, 204, 205, 206, 207, 208, 209, 210, 211, 212, 213, 214, 215, 216, 355, 356, 357, 358, 359, 360, 361, 429, 430, 431, 432, 433, 434, 435, 515, 516, 517, 518, 519, 520, 521, 522, 523, 524, 525, 526, 527, 672, 673, 674, 675, 676, 677, 678, 679, 680, 681, 682, 683, 684, 810, 811, 812, 813, 814, 881, 882, 883, 884, 885, 886]","[515, 516, 517, 518, 519, 520, 521, 522, 523, 524, 525, 526, 527, 530, 32, 33, 34, 35, 36, 37, 38, 39, 40, 41, 42, 43, 44, 45, 46, 47, 48, 54, 672, 673, 674, 675, 676, 677, 678, 679, 680, 681, 682, 683, 684, 201, 202, 203, 204, 205, 206, 207, 208, 209, 210, 211, 212, 213, 214, 215, 216, 810, 811, 812, 813, 814, 851, 867, 355, 356, 357, 358, 359, 360, 874, 875, 361, 881, 882, 883, 884, 885, 886, 912, 402, 416, 422, 423, 429, 430, 431, 432, 433, 434, 435, 465]",False,[],[],[],"[54, 530]","[402, 416, 422, 423, 465, 851, 867, 874, 875, 912]","[32, 33, 34, 35, 36, 37, 38, 39, 40, 41, 42, 43, 44, 45, 46, 47, 48, 201, 202, 203, 204, 205, 206, 207, 208, 209, 210, 211, 212, 213, 214, 215, 216, 355, 356, 357, 358, 359, 360, 361, 429, 430, 431, 432, 433, 434, 435, 515, 516, 517, 518, 519, 520, 521, 522, 523, 524, 525, 526, 527, 672, 673, 674, 675, 676, 677, 678, 679, 680, 681, 682, 683, 684, 810, 811, 812, 813, 814, 881, 882, 883, 884, 885, 886]","[34, 35, 36, 37, 38, 39, 40, 41, 42, 43, 44, 45, 46, 47, 48, 201, 202, 203, 204, 205, 206, 207, 208, 209, 210, 211, 212, 213, 214, 215, 216, 355, 356, 357, 358, 359, 360, 361, 429, 430, 431, 432, 433, 434, 435, 515, 516, 517, 518, 519, 520, 521, 522, 523, 524, 525, 526, 527, 672, 673, 674, 675, 676, 677, 678, 679, 680, 681, 682, 683, 684, 810, 811, 812, 813, 814, 881, 882, 883, 884, 885, 886]",0/6 successful match,False,,False,469,False,,1.0,True,Love's Travel Stop # 334,Love's
Heyburn ( 83336 ) Love's Travel Stop # 334,5 208-434-8777 I-84 Exit 211 ( US 30 ),24 M,Heyburn,83336,Love's Travel Stop # 334,208-434-8777,2015,Heyburn,ID,Love's,( US 30 ),I-84 Exit 211 ,Exit,211,False,,False,I-84,,,,,[],[],[],"[54, 530]",[],"[402, 416, 422, 423, 465, 851, 867, 874, 875, 912]","[34, 35, 36, 37, 38, 39, 40, 41, 42, 43, 44, 45, 46, 47, 48, 201, 202, 203, 204, 205, 206, 207, 208, 209, 210, 211, 212, 213, 214, 215, 216, 355, 356, 357, 358, 359, 360, 361, 429, 430, 431, 432, 433, 434, 435, 515, 516, 517, 518, 519, 520, 521, 522, 523, 524, 525, 526, 527, 672, 673, 674, 675, 676, 677, 678, 679, 680, 681, 682, 683, 684, 810, 811, 812, 813, 814, 881, 882, 883, 884, 885, 886]","[32, 33, 34, 35, 36, 37, 38, 39, 40, 41, 42, 43, 44, 45, 46, 47, 48, 201, 202, 203, 204, 205, 206, 207, 208, 209, 210, 211, 212, 213, 214, 215, 216, 355, 356, 357, 358, 359, 360, 361, 429, 430, 431, 432, 433, 434, 435, 515, 516, 517, 518, 519, 520, 521, 522, 523, 524, 525, 526, 527, 672, 673, 674, 675, 676, 677, 678, 679, 680, 681, 682, 683, 684, 810, 811, 812, 813, 814, 881, 882, 883, 884, 885, 886]","[515, 516, 517, 518, 519, 520, 521, 522, 523, 524, 525, 526, 527, 530, 32, 33, 34, 35, 36, 37, 38, 39, 40, 41, 42, 43, 44, 45, 46, 47, 48, 54, 672, 673, 674, 675, 676, 677, 678, 679, 680, 681, 682, 683, 684, 201, 202, 203, 204, 205, 206, 207, 208, 209, 210, 211, 212, 213, 214, 215, 216, 810, 811, 812, 813, 814, 851, 867, 355, 356, 357, 358, 359, 360, 874, 875, 361, 881, 882, 883, 884, 885, 886, 912, 402, 416, 422, 423, 429, 430, 431, 432, 433, 434, 435, 465]",False,[],[],[],"[54, 530]","[402, 416, 422, 423, 465, 851, 867, 874, 875, 912]","[32, 33, 34, 35, 36, 37, 38, 39, 40, 41, 42, 43, 44, 45, 46, 47, 48, 201, 202, 203, 204, 205, 206, 207, 208, 209, 210, 211, 212, 213, 214, 215, 216, 355, 356, 357, 358, 359, 360, 361, 429, 430, 431, 432, 433, 434, 435, 515, 516, 517, 518, 519, 520, 521, 522, 523, 524, 525, 526, 527, 672, 673, 674, 675, 676, 677, 678, 679, 680, 681, 682, 683, 684, 810, 811, 812, 813, 814, 881, 882, 883, 884, 885, 886]","[34, 35, 36, 37, 38, 39, 40, 41, 42, 43, 44, 45, 46, 47, 48, 201, 202, 203, 204, 205, 206, 207, 208, 209, 210, 211, 212, 213, 214, 215, 216, 355, 356, 357, 358, 359, 360, 361, 429, 430, 431, 432, 433, 434, 435, 515, 516, 517, 518, 519, 520, 521, 522, 523, 524, 525, 526, 527, 672, 673, 674, 675, 676, 677, 678, 679, 680, 681, 682, 683, 684, 810, 811, 812, 813, 814, 881, 882, 883, 884, 885, 886]",0/6 successful match,False,,False,469,False,,1.0,True,Love's Travel Stop # 334,Love's
Heyburn ( 83336 ) Love's Travel Stop # 334,208-434-8777 I-84 Exit 211 ( US 30 ),MOO 24,Heyburn,83336,Love's Travel Stop # 334,208-434-8777,2016,Heyburn,ID,Love's,( US 30 ),I-84 Exit 211 ,Exit,211,False,,False,I-84,,,,,[],[],[],"[54, 530]",[],"[402, 416, 422, 423, 465, 851, 867, 874, 875, 912]","[34, 35, 36, 37, 38, 39, 40, 41, 42, 43, 44, 45, 46, 47, 48, 201, 202, 203, 204, 205, 206, 207, 208, 209, 210, 211, 212, 213, 214, 215, 216, 355, 356, 357, 358, 359, 360, 361, 429, 430, 431, 432, 433, 434, 435, 515, 516, 517, 518, 519, 520, 521, 522, 523, 524, 525, 526, 527, 672, 673, 674, 675, 676, 677, 678, 679, 680, 681, 682, 683, 684, 810, 811, 812, 813, 814, 881, 882, 883, 884, 885, 886]","[32, 33, 34, 35, 36, 37, 38, 39, 40, 41, 42, 43, 44, 45, 46, 47, 48, 201, 202, 203, 204, 205, 206, 207, 208, 209, 210, 211, 212, 213, 214, 215, 216, 355, 356, 357, 358, 359, 360, 361, 429, 430, 431, 432, 433, 434, 435, 515, 516, 517, 518, 519, 520, 521, 522, 523, 524, 525, 526, 527, 672, 673, 674, 675, 676, 677, 678, 679, 680, 681, 682, 683, 684, 810, 811, 812, 813, 814, 881, 882, 883, 884, 885, 886]","[515, 516, 517, 518, 519, 520, 521, 522, 523, 524, 525, 526, 527, 530, 32, 33, 34, 35, 36, 37, 38, 39, 40, 41, 42, 43, 44, 45, 46, 47, 48, 54, 672, 673, 674, 675, 676, 677, 678, 679, 680, 681, 682, 683, 684, 201, 202, 203, 204, 205, 206, 207, 208, 209, 210, 211, 212, 213, 214, 215, 216, 810, 811, 812, 813, 814, 851, 867, 355, 356, 357, 358, 359, 360, 874, 875, 361, 881, 882, 883, 884, 885, 886, 912, 402, 416, 422, 423, 429, 430, 431, 432, 433, 434, 435, 465]",False,[],[],[],"[54, 530]","[402, 416, 422, 423, 465, 851, 867, 874, 875, 912]","[32, 33, 34, 35, 36, 37, 38, 39, 40, 41, 42, 43, 44, 45, 46, 47, 48, 201, 202, 203, 204, 205, 206, 207, 208, 209, 210, 211, 212, 213, 214, 215, 216, 355, 356, 357, 358, 359, 360, 361, 429, 430, 431, 432, 433, 434, 435, 515, 516, 517, 518, 519, 520, 521, 522, 523, 524, 525, 526, 527, 672, 673, 674, 675, 676, 677, 678, 679, 680, 681, 682, 683, 684, 810, 811, 812, 813, 814, 881, 882, 883, 884, 885, 886]","[34, 35, 36, 37, 38, 39, 40, 41, 42, 43, 44, 45, 46, 47, 48, 201, 202, 203, 204, 205, 206, 207, 208, 209, 210, 211, 212, 213, 214, 215, 216, 355, 356, 357, 358, 359, 360, 361, 429, 430, 431, 432, 433, 434, 435, 515, 516, 517, 518, 519, 520, 521, 522, 523, 524, 525, 526, 527, 672, 673, 674, 675, 676, 677, 678, 679, 680, 681, 682, 683, 684, 810, 811, 812, 813, 814, 881, 882, 883, 884, 885, 886]",0/6 successful match,False,,False,469,False,,1.0,True,Love's Travel Stop # 334,Love's
"Heyburn , 83336 Stinker Station # 66 ( Sinclair",208-436-9027 I-84 Exit 211 ( ID ),HRS 24,Heyburn,83336,Stinker Station # 66 ( Sinclair,208-436-9027,2006,Heyburn,ID,Sinclair,( ID ),I-84 Exit 211 ,Exit,211,False,,False,I-84,,,,,[],[],[],"[54, 530]",[],"[402, 416, 422, 423, 465, 851, 867, 874, 875, 912]","[31, 142, 147, 180, 338, 352, 367, 387, 403, 405, 408, 410, 455, 465, 466, 468, 470, 472, 473, 483, 484, 514, 613, 618, 651, 794, 807, 837, 852, 854, 858, 861, 902, 912, 913, 915, 917, 919, 920, 931, 934, 935]","[31, 142, 147, 180, 338, 352, 367, 387, 401, 402, 403, 405, 408, 410, 424, 427, 455, 464, 465, 466, 468, 469, 470, 472, 473, 483, 484, 514, 613, 618, 651, 794, 807, 837, 850, 851, 852, 854, 858, 861, 876, 879, 902, 911, 912, 913, 915, 916, 917, 919, 920, 931, 934, 935]","[916, 514, 387, 902, 651, 142, 911, 912, 913, 530, 402, 147, 403, 405, 915, 408, 917, 410, 794, 919, 920, 31, 416, 931, 422, 423, 807, 934, 935, 424, 427, 180, 850, 54, 837, 455, 464, 465, 338, 851, 466, 468, 470, 852, 472, 473, 854, 858, 469, 861, 352, 401, 867, 483, 484, 613, 874, 875, 618, 876, 367, 879]",False,[],[],[],"[54, 530]","[402, 416, 422, 423, 465, 851, 867, 874, 875, 912]","[31, 142, 147, 180, 338, 352, 367, 387, 401, 402, 403, 405, 408, 410, 424, 427, 455, 464, 465, 466, 468, 469, 470, 472, 473, 483, 484, 514, 613, 618, 651, 794, 807, 837, 850, 851, 852, 854, 858, 861, 876, 879, 902, 911, 912, 913, 915, 916, 917, 919, 920, 931, 934, 935]","[31, 142, 147, 180, 338, 352, 367, 387, 403, 405, 408, 410, 455, 465, 466, 468, 470, 472, 473, 483, 484, 514, 613, 618, 651, 794, 807, 837, 852, 854, 858, 861, 902, 912, 913, 915, 917, 919, 920, 931, 934, 935]",0/6 successful match,False,,False,470,False,,,,,
"Heyburn , 83336 Stinker Station # 66 ( Sinclair )",5 208-436-9027 I-84 Exit 211 ( ID 24 N ),24 HRS,Heyburn,83336,Stinker Station # 66 ( Sinclair ),208-436-9027,2007,Heyburn,ID,Sinclair,( ID 24 N ),I-84 Exit 211 ,Exit,211,False,,False,I-84,,,,,[],[],[],"[54, 530]",[],"[402, 416, 422, 423, 465, 851, 867, 874, 875, 912]","[31, 142, 147, 180, 338, 352, 367, 387, 403, 405, 408, 410, 455, 465, 466, 468, 470, 472, 473, 483, 484, 514, 613, 618, 651, 794, 807, 837, 852, 854, 858, 861, 902, 912, 913, 915, 917, 919, 920, 931, 934, 935]","[31, 142, 147, 180, 338, 352, 367, 387, 401, 402, 403, 405, 408, 410, 424, 427, 455, 464, 465, 466, 468, 469, 470, 472, 473, 483, 484, 514, 613, 618, 651, 794, 807, 837, 850, 851, 852, 854, 858, 861, 876, 879, 902, 911, 912, 913, 915, 916, 917, 919, 920, 931, 934, 935]","[916, 514, 387, 902, 651, 142, 911, 912, 913, 530, 402, 147, 403, 405, 915, 408, 917, 410, 794, 919, 920, 31, 416, 931, 422, 423, 807, 934, 935, 424, 427, 180, 850, 54, 837, 455, 464, 465, 338, 851, 466, 468, 470, 852, 472, 473, 854, 858, 469, 861, 352, 401, 867, 483, 484, 613, 874, 875, 618, 876, 367, 879]",False,[],[],[],"[54, 530]","[402, 416, 422, 423, 465, 851, 867, 874, 875, 912]","[31, 142, 147, 180, 338, 352, 367, 387, 401, 402, 403, 405, 408, 410, 424, 427, 455, 464, 465, 466, 468, 469, 470, 472, 473, 483, 484, 514, 613, 618, 651, 794, 807, 837, 850, 851, 852, 854, 858, 861, 876, 879, 902, 911, 912, 913, 915, 916, 917, 919, 920, 931, 934, 935]","[31, 142, 147, 180, 338, 352, 367, 387, 403, 405, 408, 410, 455, 465, 466, 468, 470, 472, 473, 483, 484, 514, 613, 618, 651, 794, 807, 837, 852, 854, 858, 861, 902, 912, 913, 915, 917, 919, 920, 931, 934, 935]",0/6 successful match,False,,False,470,False,,1.0,True,Stinker Station # 66 ( Sinclair,Sinclair
"Heyburn , 83336 Stinker Station # 66 ( Sinclair )",51208-436-9027 I-84 Exit 211 ( ID 24 N ),24 M,Heyburn,83336,Stinker Station # 66 ( Sinclair ),208-436-9027,2008,Heyburn,ID,Sinclair,( ID 24 N ),I-84 Exit 211 ,Exit,211,False,,False,I-84,,,,,[],[],[],"[54, 530]",[],"[402, 416, 422, 423, 465, 851, 867, 874, 875, 912]","[31, 142, 147, 180, 338, 352, 367, 387, 403, 405, 408, 410, 455, 465, 466, 468, 470, 472, 473, 483, 484, 514, 613, 618, 651, 794, 807, 837, 852, 854, 858, 861, 902, 912, 913, 915, 917, 919, 920, 931, 934, 935]","[31, 142, 147, 180, 338, 352, 367, 387, 401, 402, 403, 405, 408, 410, 424, 427, 455, 464, 465, 466, 468, 469, 470, 472, 473, 483, 484, 514, 613, 618, 651, 794, 807, 837, 850, 851, 852, 854, 858, 861, 876, 879, 902, 911, 912, 913, 915, 916, 917, 919, 920, 931, 934, 935]","[916, 514, 387, 902, 651, 142, 911, 912, 913, 530, 402, 147, 403, 405, 915, 408, 917, 410, 794, 919, 920, 31, 416, 931, 422, 423, 807, 934, 935, 424, 427, 180, 850, 54, 837, 455, 464, 465, 338, 851, 466, 468, 470, 852, 472, 473, 854, 858, 469, 861, 352, 401, 867, 483, 484, 613, 874, 875, 618, 876, 367, 879]",False,[],[],[],"[54, 530]","[402, 416, 422, 423, 465, 851, 867, 874, 875, 912]","[31, 142, 147, 180, 338, 352, 367, 387, 401, 402, 403, 405, 408, 410, 424, 427, 455, 464, 465, 466, 468, 469, 470, 472, 473, 483, 484, 514, 613, 618, 651, 794, 807, 837, 850, 851, 852, 854, 858, 861, 876, 879, 902, 911, 912, 913, 915, 916, 917, 919, 920, 931, 934, 935]","[31, 142, 147, 180, 338, 352, 367, 387, 403, 405, 408, 410, 455, 465, 466, 468, 470, 472, 473, 483, 484, 514, 613, 618, 651, 794, 807, 837, 852, 854, 858, 861, 902, 912, 913, 915, 917, 919, 920, 931, 934, 935]",0/6 successful match,False,,False,470,False,,1.0,True,Stinker Station # 66 ( Sinclair ),Sinclair
Malta ( 83342 ) Fridall's Mountain View ( Sinclair ),5 208-645-2303 I-84 Exit 245,M <U+25A1>,Malta,83342,Fridall's Mountain View ( Sinclair ),208-645-2303,2014,Malta,ID,Sinclair,,I-84 Exit 245,Exit,245,False,,False,I-84,,,,,[],[],[],[],[],"[402, 416, 422, 423, 465, 851, 867, 874, 875, 912]","[31, 142, 147, 180, 338, 352, 367, 387, 403, 405, 408, 410, 455, 465, 466, 468, 470, 472, 473, 483, 484, 514, 613, 618, 651, 794, 807, 837, 852, 854, 858, 861, 902, 912, 913, 915, 917, 919, 920, 931, 934, 935]","[31, 127, 142, 147, 180, 230, 338, 352, 367, 387, 403, 405, 408, 410, 455, 465, 466, 468, 470, 472, 473, 483, 484, 514, 598, 613, 618, 651, 694, 794, 807, 837, 852, 854, 858, 861, 902, 912, 913, 915, 917, 919, 920, 931, 934, 935]","[514, 387, 902, 651, 142, 912, 913, 402, 147, 403, 405, 915, 917, 408, 919, 410, 794, 920, 31, 416, 931, 422, 423, 807, 934, 935, 180, 694, 837, 455, 465, 338, 851, 466, 468, 470, 852, 472, 473, 854, 858, 598, 861, 352, 867, 483, 484, 613, 230, 874, 875, 618, 367, 127]",False,[],[],[],[],"[402, 416, 422, 423, 465, 851, 867, 874, 875, 912]","[31, 127, 142, 147, 180, 230, 338, 352, 367, 387, 403, 405, 408, 410, 455, 465, 466, 468, 470, 472, 473, 483, 484, 514, 598, 613, 618, 651, 694, 794, 807, 837, 852, 854, 858, 861, 902, 912, 913, 915, 917, 919, 920, 931, 934, 935]","[31, 142, 147, 180, 338, 352, 367, 387, 403, 405, 408, 410, 455, 465, 466, 468, 470, 472, 473, 483, 484, 514, 613, 618, 651, 794, 807, 837, 852, 854, 858, 861, 902, 912, 913, 915, 917, 919, 920, 931, 934, 935]",0/6 successful match,False,,False,470,False,,0.4405797101449275,True,Stinker Station # 66 ( Sinclair ),Sinclair
Malta ( 83342 ) Sublift Fuel Stop,5 208-645-2303 I-84 Exit 245,D M <U+2610> <U+25A1>,Malta,83342,Sublift Fuel Stop,208-645-2303,2015,Malta,ID,,,I-84 Exit 245,Exit,245,False,,False,I-84,,,,,[],[],[],[],[],"[402, 416, 422, 423, 465, 851, 867, 874, 875, 912]",[],[],"[416, 867, 422, 423, 874, 875, 912, 465, 402, 851]",False,[],[],[],[],"[402, 416, 422, 423, 465, 851, 867, 874, 875, 912]",[],[],0/6 successful match,False,,False,470,True,2015,0.1320754716981132,True,Fridall's Mountain View ( Sinclair ),Sinclair
"Malta , 83342 Fridall's Mountain View ( 2 blks W to 6th N )",208-645-2549 I-84 Exit 245 ( Sinclair ),M,Malta,83342,Fridall's Mountain View ( 2 blks W to 6th N ),208-645-2549,2006,Malta,ID,,( Sinclair ),I-84 Exit 245 ,Exit,245,False,,False,I-84,,,,,[],[],[],[],[],"[402, 416, 422, 423, 465, 851, 867, 874, 875, 912]",[],"[127, 230, 472, 598, 694, 919]","[416, 867, 422, 423, 230, 874, 875, 912, 465, 402, 851, 919, 598, 694, 472, 127]",False,[],[],[],[],"[402, 416, 422, 423, 465, 851, 867, 874, 875, 912]","[127, 230, 472, 598, 694, 919]",[],0/6 successful match,False,,False,471,False,,,,,
"Malta , 83342 Fridall's Mountain View ( Sinclair )",208-645-2549 I-84 Exit 245,M,Malta,83342,Fridall's Mountain View ( Sinclair ),208-645-2549,2007,Malta,ID,Sinclair,,I-84 Exit 245,Exit,245,False,,False,I-84,,,,,[],[],[],[],[],"[402, 416, 422, 423, 465, 851, 867, 874, 875, 912]","[31, 142, 147, 180, 338, 352, 367, 387, 403, 405, 408, 410, 455, 465, 466, 468, 470, 472, 473, 483, 484, 514, 613, 618, 651, 794, 807, 837, 852, 854, 858, 861, 902, 912, 913, 915, 917, 919, 920, 931, 934, 935]","[31, 127, 142, 147, 180, 230, 338, 352, 367, 387, 403, 405, 408, 410, 455, 465, 466, 468, 470, 472, 473, 483, 484, 514, 598, 613, 618, 651, 694, 794, 807, 837, 852, 854, 858, 861, 902, 912, 913, 915, 917, 919, 920, 931, 934, 935]","[514, 387, 902, 651, 142, 912, 913, 402, 147, 403, 405, 915, 917, 408, 919, 410, 794, 920, 31, 416, 931, 422, 423, 807, 934, 935, 180, 694, 837, 455, 465, 338, 851, 466, 468, 470, 852, 472, 473, 854, 858, 598, 861, 352, 867, 483, 484, 613, 230, 874, 875, 618, 367, 127]",False,[],[],[],[],"[402, 416, 422, 423, 465, 851, 867, 874, 875, 912]","[31, 127, 142, 147, 180, 230, 338, 352, 367, 387, 403, 405, 408, 410, 455, 465, 466, 468, 470, 472, 473, 483, 484, 514, 598, 613, 618, 651, 694, 794, 807, 837, 852, 854, 858, 861, 902, 912, 913, 915, 917, 919, 920, 931, 934, 935]","[31, 142, 147, 180, 338, 352, 367, 387, 403, 405, 408, 410, 455, 465, 466, 468, 470, 472, 473, 483, 484, 514, 613, 618, 651, 794, 807, 837, 852, 854, 858, 861, 902, 912, 913, 915, 917, 919, 920, 931, 934, 935]",0/6 successful match,False,,False,471,False,,0.9222222222222223,True,Fridall's Mountain View ( 2 blks W to 6th N ),
"Malta , 83342 Fridall's Mountain View ( 2 blks W to 6th N )",208-645-2549 I-84 Exit 245 ( Sinclair ),M <U+2610>,Malta,83342,Fridall's Mountain View ( 2 blks W to 6th N ),208-645-2549,2008,Malta,ID,,( Sinclair ),I-84 Exit 245 ,Exit,245,False,,False,I-84,,,,,[],[],[],[],[],"[402, 416, 422, 423, 465, 851, 867, 874, 875, 912]",[],"[127, 230, 472, 598, 694, 919]","[416, 867, 422, 423, 230, 874, 875, 912, 465, 402, 851, 919, 598, 694, 472, 127]",False,[],[],[],[],"[402, 416, 422, 423, 465, 851, 867, 874, 875, 912]","[127, 230, 472, 598, 694, 919]",[],0/6 successful match,False,,False,471,False,,0.9148148148148147,True,Fridall's Mountain View ( Sinclair ),Sinclair
Idaho Falls ( 83402 ) Flying J Travel Center # 1043,208-522-4149 I-15 Exit 113 ( US 26 E ),FLYING J 24 DOLO 24,Idaho Falls,83402,Flying J Travel Center # 1043,208-522-4149,2016,Idaho Falls,ID,Flying J,( US 26 E ),I-15 Exit 113 ,Exit,113,False,,False,I-15,,,,,[],[],[],"[141, 264, 612, 724]",[],"[16, 125, 156, 163, 168, 184, 205, 222, 229, 253, 258, 265, 313, 317, 336, 340, 341, 356, 363, 365, 366, 367, 370, 375, 388, 391, 394, 396, 402, 410, 411, 412, 413, 415, 416, 417, 418, 419, 425, 429, 431, 433, 435, 437, 440, 441, 442, 443, 451, 452, 456, 457, 458, 460, 461, 464, 471, 473, 474, 475, 481, 482, 501, 596, 628, 635, 655, 675, 693, 716, 720, 725, 771, 775, 793, 796, 797, 811, 817, 818, 820, 825, 838, 841, 844, 846, 851, 857, 861, 862, 863, 864, 866, 867, 868, 870, 871, 877, 881, 883, 885, 888, 891, 892, 893, 898, 899, 904, 905, 907, 908, 911, 918, 920, 921, 922, 923, 924, 926, 931, 933]","[17, 18, 19, 20, 21, 22, 23, 156, 157, 158, 159, 160, 161, 162, 163, 164, 165, 166, 167, 341, 342, 343, 344, 345, 412, 413, 414, 415, 416, 417, 418, 419, 420, 421, 422, 502, 503, 504, 505, 506, 507, 628, 629, 630, 631, 632, 633, 634, 635, 636, 637, 638, 639, 792, 797, 798, 799, 800, 801, 863, 864, 865, 866, 867, 868, 869, 870, 871, 872, 873, 874]","[17, 18, 19, 20, 21, 22, 23, 156, 157, 158, 159, 160, 161, 162, 163, 164, 165, 166, 167, 168, 340, 341, 342, 343, 344, 345, 346, 412, 413, 414, 415, 416, 417, 418, 419, 420, 421, 422, 502, 503, 504, 505, 506, 507, 628, 629, 630, 631, 632, 633, 634, 635, 636, 637, 638, 639, 792, 796, 797, 798, 799, 800, 801, 863, 864, 865, 866, 867, 868, 869, 870, 871, 872, 873, 874]","[16, 17, 18, 19, 20, 21, 22, 23, 414, 596, 612, 628, 629, 630, 631, 632, 633, 634, 635, 636, 125, 637, 638, 639, 141, 655, 156, 157, 158, 159, 160, 161, 162, 163, 675, 164, 165, 166, 168, 167, 693, 184, 716, 205, 720, 724, 725, 222, 229, 253, 258, 771, 775, 264, 265, 792, 793, 796, 797, 798, 799, 800, 801, 811, 817, 818, 820, 313, 825, 317, 838, 841, 844, 846, 336, 851, 340, 341, 342, 343, 344, 857, 345, 346, 861, 862, 863, 864, 865, 866, 867, 356, 868, 870, 871, 869, 872, 873, 363, 874, 365, 366, 367, 877, 881, 370, 883, 885, 375, 888, 891, 892, 893, 898, 899, 388, 391, 904, 905, 394, 907, 396, 908, 911, 402, 918, 920, 921, 410, 411, 412, 413, 922, 415, 416, 417, 418, 419, 923, 924, 926, 931, 933, 425, 420, 421, 422, 429, 431, 433, 435, 437, 440, 441, 442, 443, 451, 452, 456, 457, 458, 460, 461, 464, 471, 473, 474, 475, 481, 482, 501, 502, 503, 504, 505, 506, 507]",False,[],[],[],"[141, 264, 612, 724]","[16, 125, 156, 163, 168, 184, 205, 222, 229, 253, 258, 265, 313, 317, 336, 340, 341, 356, 363, 365, 366, 367, 370, 375, 388, 391, 394, 396, 402, 410, 411, 412, 413, 415, 416, 417, 418, 419, 425, 429, 431, 433, 435, 437, 440, 441, 442, 443, 451, 452, 456, 457, 458, 460, 461, 464, 471, 473, 474, 475, 481, 482, 501, 596, 628, 635, 655, 675, 693, 716, 720, 725, 771, 775, 793, 796, 797, 811, 817, 818, 820, 825, 838, 841, 844, 846, 851, 857, 861, 862, 863, 864, 866, 867, 868, 870, 871, 877, 881, 883, 885, 888, 891, 892, 893, 898, 899, 904, 905, 907, 908, 911, 918, 920, 921, 922, 923, 924, 926, 931, 933]","[17, 18, 19, 20, 21, 22, 23, 156, 157, 158, 159, 160, 161, 162, 163, 164, 165, 166, 167, 168, 340, 341, 342, 343, 344, 345, 346, 412, 413, 414, 415, 416, 417, 418, 419, 420, 421, 422, 502, 503, 504, 505, 506, 507, 628, 629, 630, 631, 632, 633, 634, 635, 636, 637, 638, 639, 792, 796, 797, 798, 799, 800, 801, 863, 864, 865, 866, 867, 868, 869, 870, 871, 872, 873, 874]","[17, 18, 19, 20, 21, 22, 23, 156, 157, 158, 159, 160, 161, 162, 163, 164, 165, 166, 167, 341, 342, 343, 344, 345, 412, 413, 414, 415, 416, 417, 418, 419, 420, 421, 422, 502, 503, 504, 505, 506, 507, 628, 629, 630, 631, 632, 633, 634, 635, 636, 637, 638, 639, 792, 797, 798, 799, 800, 801, 863, 864, 865, 866, 867, 868, 869, 870, 871, 872, 873, 874]",0/6 successful match,False,,False,472,False,,,,,
Idaho Falls ( 83402 ) I-15 Love's Exit Travel 113 ( Stop US 26 # 478 E ),6 208-529-1904 I-15 Exit 113 ( US 26 E ),24 M D,Idaho Falls,83402,I-15 Love's Exit Travel 113 ( Stop US 26 # 478 E ),208-529-1904,2014,Idaho Falls,ID,Love's,( US 26 E ),I-15 Exit 113 ,Exit,113,False,,False,I-15,,,,,[],[],[],"[141, 264, 612, 724]",[],"[16, 125, 156, 163, 168, 184, 205, 222, 229, 253, 258, 265, 313, 317, 336, 340, 341, 356, 363, 365, 366, 367, 370, 375, 388, 391, 394, 396, 402, 410, 411, 412, 413, 415, 416, 417, 418, 419, 425, 429, 431, 433, 435, 437, 440, 441, 442, 443, 451, 452, 456, 457, 458, 460, 461, 464, 471, 473, 474, 475, 481, 482, 501, 596, 628, 635, 655, 675, 693, 716, 720, 725, 771, 775, 793, 796, 797, 811, 817, 818, 820, 825, 838, 841, 844, 846, 851, 857, 861, 862, 863, 864, 866, 867, 868, 870, 871, 877, 881, 883, 885, 888, 891, 892, 893, 898, 899, 904, 905, 907, 908, 911, 918, 920, 921, 922, 923, 924, 926, 931, 933]","[34, 35, 36, 37, 38, 39, 40, 41, 42, 43, 44, 45, 46, 47, 48, 201, 202, 203, 204, 205, 206, 207, 208, 209, 210, 211, 212, 213, 214, 215, 216, 355, 356, 357, 358, 359, 360, 361, 429, 430, 431, 432, 433, 434, 435, 515, 516, 517, 518, 519, 520, 521, 522, 523, 524, 525, 526, 527, 672, 673, 674, 675, 676, 677, 678, 679, 680, 681, 682, 683, 684, 810, 811, 812, 813, 814, 881, 882, 883, 884, 885, 886]","[32, 33, 34, 35, 36, 37, 38, 39, 40, 41, 42, 43, 44, 45, 46, 47, 48, 201, 202, 203, 204, 205, 206, 207, 208, 209, 210, 211, 212, 213, 214, 215, 216, 355, 356, 357, 358, 359, 360, 361, 429, 430, 431, 432, 433, 434, 435, 515, 516, 517, 518, 519, 520, 521, 522, 523, 524, 525, 526, 527, 672, 673, 674, 675, 676, 677, 678, 679, 680, 681, 682, 683, 684, 810, 811, 812, 813, 814, 881, 882, 883, 884, 885, 886]","[515, 516, 517, 518, 519, 520, 521, 522, 523, 524, 525, 526, 527, 16, 32, 33, 34, 35, 36, 37, 38, 39, 40, 41, 42, 43, 44, 45, 46, 47, 48, 596, 612, 628, 635, 125, 141, 655, 156, 672, 673, 674, 163, 675, 676, 677, 678, 168, 679, 680, 681, 682, 683, 684, 693, 184, 201, 202, 203, 716, 205, 204, 206, 720, 207, 208, 209, 724, 725, 210, 211, 212, 213, 214, 215, 216, 222, 229, 253, 258, 771, 775, 264, 265, 360, 793, 361, 796, 797, 810, 811, 812, 813, 814, 817, 818, 820, 313, 825, 317, 838, 841, 844, 846, 336, 851, 340, 341, 857, 861, 862, 863, 864, 866, 867, 356, 868, 870, 871, 355, 357, 358, 363, 359, 365, 366, 367, 877, 881, 370, 883, 882, 885, 884, 375, 888, 886, 891, 892, 893, 898, 899, 388, 391, 904, 905, 394, 907, 396, 908, 911, 402, 918, 920, 921, 410, 411, 412, 413, 922, 415, 416, 417, 418, 419, 923, 924, 926, 931, 933, 425, 429, 430, 431, 432, 433, 434, 435, 437, 440, 441, 442, 443, 451, 452, 456, 457, 458, 460, 461, 464, 471, 473, 474, 475, 481, 482, 501]",False,[],[],[],"[141, 264, 612, 724]","[16, 125, 156, 163, 168, 184, 205, 222, 229, 253, 258, 265, 313, 317, 336, 340, 341, 356, 363, 365, 366, 367, 370, 375, 388, 391, 394, 396, 402, 410, 411, 412, 413, 415, 416, 417, 418, 419, 425, 429, 431, 433, 435, 437, 440, 441, 442, 443, 451, 452, 456, 457, 458, 460, 461, 464, 471, 473, 474, 475, 481, 482, 501, 596, 628, 635, 655, 675, 693, 716, 720, 725, 771, 775, 793, 796, 797, 811, 817, 818, 820, 825, 838, 841, 844, 846, 851, 857, 861, 862, 863, 864, 866, 867, 868, 870, 871, 877, 881, 883, 885, 888, 891, 892, 893, 898, 899, 904, 905, 907, 908, 911, 918, 920, 921, 922, 923, 924, 926, 931, 933]","[32, 33, 34, 35, 36, 37, 38, 39, 40, 41, 42, 43, 44, 45, 46, 47, 48, 201, 202, 203, 204, 205, 206, 207, 208, 209, 210, 211, 212, 213, 214, 215, 216, 355, 356, 357, 358, 359, 360, 361, 429, 430, 431, 432, 433, 434, 435, 515, 516, 517, 518, 519, 520, 521, 522, 523, 524, 525, 526, 527, 672, 673, 674, 675, 676, 677, 678, 679, 680, 681, 682, 683, 684, 810, 811, 812, 813, 814, 881, 882, 883, 884, 885, 886]","[34, 35, 36, 37, 38, 39, 40, 41, 42, 43, 44, 45, 46, 47, 48, 201, 202, 203, 204, 205, 206, 207, 208, 209, 210, 211, 212, 213, 214, 215, 216, 355, 356, 357, 358, 359, 360, 361, 429, 430, 431, 432, 433, 434, 435, 515, 516, 517, 518, 519, 520, 521, 522, 523, 524, 525, 526, 527, 672, 673, 674, 675, 676, 677, 678, 679, 680, 681, 682, 683, 684, 810, 811, 812, 813, 814, 881, 882, 883, 884, 885, 886]",0/6 successful match,False,,False,473,False,,,,,
Idaho Falls ( 83402 ) Love's Travel Stop 26 # 478 E ),208-529-1904 I-15 Exit 113 ( US,24 MO,Idaho Falls,83402,Love's Travel Stop 26 # 478 E ),208-529-1904,2015,Idaho Falls,ID,Love's,( US,I-15 Exit 113 ,Exit,113,False,,False,I-15,,,,,[],[],[],"[141, 264, 612, 724]",[],"[16, 125, 156, 163, 168, 184, 205, 222, 229, 253, 258, 265, 313, 317, 336, 340, 341, 356, 363, 365, 366, 367, 370, 375, 388, 391, 394, 396, 402, 410, 411, 412, 413, 415, 416, 417, 418, 419, 425, 429, 431, 433, 435, 437, 440, 441, 442, 443, 451, 452, 456, 457, 458, 460, 461, 464, 471, 473, 474, 475, 481, 482, 501, 596, 628, 635, 655, 675, 693, 716, 720, 725, 771, 775, 793, 796, 797, 811, 817, 818, 820, 825, 838, 841, 844, 846, 851, 857, 861, 862, 863, 864, 866, 867, 868, 870, 871, 877, 881, 883, 885, 888, 891, 892, 893, 898, 899, 904, 905, 907, 908, 911, 918, 920, 921, 922, 923, 924, 926, 931, 933]","[34, 35, 36, 37, 38, 39, 40, 41, 42, 43, 44, 45, 46, 47, 48, 201, 202, 203, 204, 205, 206, 207, 208, 209, 210, 211, 212, 213, 214, 215, 216, 355, 356, 357, 358, 359, 360, 361, 429, 430, 431, 432, 433, 434, 435, 515, 516, 517, 518, 519, 520, 521, 522, 523, 524, 525, 526, 527, 672, 673, 674, 675, 676, 677, 678, 679, 680, 681, 682, 683, 684, 810, 811, 812, 813, 814, 881, 882, 883, 884, 885, 886]","[32, 33, 34, 35, 36, 37, 38, 39, 40, 41, 42, 43, 44, 45, 46, 47, 48, 201, 202, 203, 204, 205, 206, 207, 208, 209, 210, 211, 212, 213, 214, 215, 216, 355, 356, 357, 358, 359, 360, 361, 429, 430, 431, 432, 433, 434, 435, 515, 516, 517, 518, 519, 520, 521, 522, 523, 524, 525, 526, 527, 672, 673, 674, 675, 676, 677, 678, 679, 680, 681, 682, 683, 684, 810, 811, 812, 813, 814, 881, 882, 883, 884, 885, 886]","[515, 516, 517, 518, 519, 520, 521, 522, 523, 524, 525, 526, 527, 16, 32, 33, 34, 35, 36, 37, 38, 39, 40, 41, 42, 43, 44, 45, 46, 47, 48, 596, 612, 628, 635, 125, 141, 655, 156, 672, 673, 674, 163, 675, 676, 677, 678, 168, 679, 680, 681, 682, 683, 684, 693, 184, 201, 202, 203, 716, 205, 204, 206, 720, 207, 208, 209, 724, 725, 210, 211, 212, 213, 214, 215, 216, 222, 229, 253, 258, 771, 775, 264, 265, 360, 793, 361, 796, 797, 810, 811, 812, 813, 814, 817, 818, 820, 313, 825, 317, 838, 841, 844, 846, 336, 851, 340, 341, 857, 861, 862, 863, 864, 866, 867, 356, 868, 870, 871, 355, 357, 358, 363, 359, 365, 366, 367, 877, 881, 370, 883, 882, 885, 884, 375, 888, 886, 891, 892, 893, 898, 899, 388, 391, 904, 905, 394, 907, 396, 908, 911, 402, 918, 920, 921, 410, 411, 412, 413, 922, 415, 416, 417, 418, 419, 923, 924, 926, 931, 933, 425, 429, 430, 431, 432, 433, 434, 435, 437, 440, 441, 442, 443, 451, 452, 456, 457, 458, 460, 461, 464, 471, 473, 474, 475, 481, 482, 501]",False,[],[],[],"[141, 264, 612, 724]","[16, 125, 156, 163, 168, 184, 205, 222, 229, 253, 258, 265, 313, 317, 336, 340, 341, 356, 363, 365, 366, 367, 370, 375, 388, 391, 394, 396, 402, 410, 411, 412, 413, 415, 416, 417, 418, 419, 425, 429, 431, 433, 435, 437, 440, 441, 442, 443, 451, 452, 456, 457, 458, 460, 461, 464, 471, 473, 474, 475, 481, 482, 501, 596, 628, 635, 655, 675, 693, 716, 720, 725, 771, 775, 793, 796, 797, 811, 817, 818, 820, 825, 838, 841, 844, 846, 851, 857, 861, 862, 863, 864, 866, 867, 868, 870, 871, 877, 881, 883, 885, 888, 891, 892, 893, 898, 899, 904, 905, 907, 908, 911, 918, 920, 921, 922, 923, 924, 926, 931, 933]","[32, 33, 34, 35, 36, 37, 38, 39, 40, 41, 42, 43, 44, 45, 46, 47, 48, 201, 202, 203, 204, 205, 206, 207, 208, 209, 210, 211, 212, 213, 214, 215, 216, 355, 356, 357, 358, 359, 360, 361, 429, 430, 431, 432, 433, 434, 435, 515, 516, 517, 518, 519, 520, 521, 522, 523, 524, 525, 526, 527, 672, 673, 674, 675, 676, 677, 678, 679, 680, 681, 682, 683, 684, 810, 811, 812, 813, 814, 881, 882, 883, 884, 885, 886]","[34, 35, 36, 37, 38, 39, 40, 41, 42, 43, 44, 45, 46, 47, 48, 201, 202, 203, 204, 205, 206, 207, 208, 209, 210, 211, 212, 213, 214, 215, 216, 355, 356, 357, 358, 359, 360, 361, 429, 430, 431, 432, 433, 434, 435, 515, 516, 517, 518, 519, 520, 521, 522, 523, 524, 525, 526, 527, 672, 673, 674, 675, 676, 677, 678, 679, 680, 681, 682, 683, 684, 810, 811, 812, 813, 814, 881, 882, 883, 884, 885, 886]",0/6 successful match,False,,False,473,False,,0.9696296296296296,True,I-15 Love's Exit Travel 113 ( Stop US 26 # 478 E ),Love's
6208-522-4149 Idaho Falls ( 83402 ) I-15 Love's Exit Travel 113 ( Stop US 26 # 478 E ) FLYING J,208-529-1904 I-15 Exit 113 ( US 26 E ),J 24 ME 24,Idaho Falls,83402,I-15 Love's Exit Travel 113 ( Stop US 26 # 478 E ) FLYING J,208-529-1904,2016,Idaho Falls,ID,Love's,( US 26 E ),I-15 Exit 113 ,Exit,113,False,,False,I-15,,,,,[],[],[],"[141, 264, 612, 724]",[],"[16, 125, 156, 163, 168, 184, 205, 222, 229, 253, 258, 265, 313, 317, 336, 340, 341, 356, 363, 365, 366, 367, 370, 375, 388, 391, 394, 396, 402, 410, 411, 412, 413, 415, 416, 417, 418, 419, 425, 429, 431, 433, 435, 437, 440, 441, 442, 443, 451, 452, 456, 457, 458, 460, 461, 464, 471, 473, 474, 475, 481, 482, 501, 596, 628, 635, 655, 675, 693, 716, 720, 725, 771, 775, 793, 796, 797, 811, 817, 818, 820, 825, 838, 841, 844, 846, 851, 857, 861, 862, 863, 864, 866, 867, 868, 870, 871, 877, 881, 883, 885, 888, 891, 892, 893, 898, 899, 904, 905, 907, 908, 911, 918, 920, 921, 922, 923, 924, 926, 931, 933]","[34, 35, 36, 37, 38, 39, 40, 41, 42, 43, 44, 45, 46, 47, 48, 201, 202, 203, 204, 205, 206, 207, 208, 209, 210, 211, 212, 213, 214, 215, 216, 355, 356, 357, 358, 359, 360, 361, 429, 430, 431, 432, 433, 434, 435, 515, 516, 517, 518, 519, 520, 521, 522, 523, 524, 525, 526, 527, 672, 673, 674, 675, 676, 677, 678, 679, 680, 681, 682, 683, 684, 810, 811, 812, 813, 814, 881, 882, 883, 884, 885, 886]","[17, 18, 19, 20, 21, 22, 23, 32, 33, 34, 35, 36, 37, 38, 39, 40, 41, 42, 43, 44, 45, 46, 47, 48, 156, 157, 158, 159, 160, 161, 162, 163, 164, 165, 166, 167, 168, 201, 202, 203, 204, 205, 206, 207, 208, 209, 210, 211, 212, 213, 214, 215, 216, 340, 341, 342, 343, 344, 345, 346, 355, 356, 357, 358, 359, 360, 361, 412, 413, 414, 415, 416, 417, 418, 419, 420, 421, 422, 429, 430, 431, 432, 433, 434, 435, 502, 503, 504, 505, 506, 507, 515, 516, 517, 518, 519, 520, 521, 522, 523, 524, 525, 526, 527, 628, 629, 630, 631, 632, 633, 634, 635, 636, 637, 638, 639, 672, 673, 674, 675, 676, 677, 678, 679, 680, 681, 682, 683, 684, 792, 796, 797, 798, 799, 800, 801, 810, 811, 812, 813, 814, 863, 864, 865, 866, 867, 868, 869, 870, 871, 872, 873, 874, 881, 882, 883, 884, 885, 886]","[515, 516, 517, 518, 519, 520, 521, 522, 523, 524, 525, 526, 527, 16, 17, 18, 19, 20, 21, 22, 23, 32, 33, 34, 35, 36, 37, 38, 39, 40, 41, 42, 43, 44, 45, 46, 47, 48, 596, 612, 628, 629, 630, 631, 632, 633, 634, 635, 636, 125, 637, 638, 639, 141, 655, 156, 157, 158, 159, 672, 673, 674, 163, 675, 676, 677, 678, 168, 679, 680, 681, 682, 683, 684, 166, 167, 414, 693, 184, 201, 202, 203, 716, 205, 204, 206, 720, 207, 208, 209, 724, 725, 210, 211, 212, 213, 214, 215, 216, 222, 229, 253, 258, 771, 775, 264, 265, 360, 869, 792, 793, 361, 796, 797, 798, 799, 800, 801, 872, 160, 873, 810, 811, 812, 813, 814, 161, 162, 817, 818, 874, 820, 313, 825, 164, 317, 165, 838, 841, 844, 846, 336, 851, 340, 341, 342, 343, 344, 857, 345, 346, 861, 862, 863, 864, 865, 866, 867, 356, 868, 870, 871, 355, 357, 358, 363, 359, 365, 366, 367, 877, 881, 370, 883, 882, 885, 884, 375, 888, 886, 891, 892, 893, 898, 899, 388, 391, 904, 905, 394, 907, 396, 908, 911, 402, 918, 920, 921, 410, 411, 412, 413, 922, 415, 416, 417, 418, 419, 923, 924, 926, 931, 933, 425, 420, 421, 422, 429, 430, 431, 432, 433, 434, 435, 437, 440, 441, 442, 443, 451, 452, 456, 457, 458, 460, 461, 464, 471, 473, 474, 475, 481, 482, 501, 502, 503, 504, 505, 506, 507]",False,[],[],[],"[141, 264, 612, 724]","[16, 125, 156, 163, 168, 184, 205, 222, 229, 253, 258, 265, 313, 317, 336, 340, 341, 356, 363, 365, 366, 367, 370, 375, 388, 391, 394, 396, 402, 410, 411, 412, 413, 415, 416, 417, 418, 419, 425, 429, 431, 433, 435, 437, 440, 441, 442, 443, 451, 452, 456, 457, 458, 460, 461, 464, 471, 473, 474, 475, 481, 482, 501, 596, 628, 635, 655, 675, 693, 716, 720, 725, 771, 775, 793, 796, 797, 811, 817, 818, 820, 825, 838, 841, 844, 846, 851, 857, 861, 862, 863, 864, 866, 867, 868, 870, 871, 877, 881, 883, 885, 888, 891, 892, 893, 898, 899, 904, 905, 907, 908, 911, 918, 920, 921, 922, 923, 924, 926, 931, 933]","[17, 18, 19, 20, 21, 22, 23, 32, 33, 34, 35, 36, 37, 38, 39, 40, 41, 42, 43, 44, 45, 46, 47, 48, 156, 157, 158, 159, 160, 161, 162, 163, 164, 165, 166, 167, 168, 201, 202, 203, 204, 205, 206, 207, 208, 209, 210, 211, 212, 213, 214, 215, 216, 340, 341, 342, 343, 344, 345, 346, 355, 356, 357, 358, 359, 360, 361, 412, 413, 414, 415, 416, 417, 418, 419, 420, 421, 422, 429, 430, 431, 432, 433, 434, 435, 502, 503, 504, 505, 506, 507, 515, 516, 517, 518, 519, 520, 521, 522, 523, 524, 525, 526, 527, 628, 629, 630, 631, 632, 633, 634, 635, 636, 637, 638, 639, 672, 673, 674, 675, 676, 677, 678, 679, 680, 681, 682, 683, 684, 792, 796, 797, 798, 799, 800, 801, 810, 811, 812, 813, 814, 863, 864, 865, 866, 867, 868, 869, 870, 871, 872, 873, 874, 881, 882, 883, 884, 885, 886]","[34, 35, 36, 37, 38, 39, 40, 41, 42, 43, 44, 45, 46, 47, 48, 201, 202, 203, 204, 205, 206, 207, 208, 209, 210, 211, 212, 213, 214, 215, 216, 355, 356, 357, 358, 359, 360, 361, 429, 430, 431, 432, 433, 434, 435, 515, 516, 517, 518, 519, 520, 521, 522, 523, 524, 525, 526, 527, 672, 673, 674, 675, 676, 677, 678, 679, 680, 681, 682, 683, 684, 810, 811, 812, 813, 814, 881, 882, 883, 884, 885, 886]",0/6 successful match,False,,False,473,False,,0.9066666666666667,True,Love's Travel Stop 26 # 478 E ),Love's
"Idaho Falls , 83402 Yellowstone Truck 24 N )",208-529-8000 I-15 Exit 113 Stop ( Exxon ),24 HRS,Idaho Falls,83402,Yellowstone Truck 24 N ),208-529-8000,2006,Idaho Falls,ID,,( Exxon ),I-15 Exit 113 Stop ,Exit,113,False,,False,I-15,,,,,[],[],[],"[141, 264, 612, 724]",[],"[16, 125, 156, 163, 168, 184, 205, 222, 229, 253, 258, 265, 313, 317, 336, 340, 341, 356, 363, 365, 366, 367, 370, 375, 388, 391, 394, 396, 402, 410, 411, 412, 413, 415, 416, 417, 418, 419, 425, 429, 431, 433, 435, 437, 440, 441, 442, 443, 451, 452, 456, 457, 458, 460, 461, 464, 471, 473, 474, 475, 481, 482, 501, 596, 628, 635, 655, 675, 693, 716, 720, 725, 771, 775, 793, 796, 797, 811, 817, 818, 820, 825, 838, 841, 844, 846, 851, 857, 861, 862, 863, 864, 866, 867, 868, 870, 871, 877, 881, 883, 885, 888, 891, 892, 893, 898, 899, 904, 905, 907, 908, 911, 918, 920, 921, 922, 923, 924, 926, 931, 933]",[],"[103, 574]","[16, 574, 596, 612, 103, 628, 635, 125, 141, 655, 156, 163, 675, 168, 693, 184, 716, 205, 720, 724, 725, 222, 229, 253, 258, 771, 775, 264, 265, 793, 796, 797, 811, 817, 818, 820, 313, 825, 317, 838, 841, 844, 846, 336, 851, 340, 341, 857, 861, 862, 863, 864, 866, 867, 356, 868, 870, 871, 363, 365, 366, 367, 877, 881, 370, 883, 885, 375, 888, 891, 892, 893, 898, 899, 388, 391, 904, 905, 394, 907, 396, 908, 911, 402, 918, 920, 921, 410, 411, 412, 413, 922, 415, 416, 417, 418, 419, 923, 924, 926, 931, 933, 425, 429, 431, 433, 435, 437, 440, 441, 442, 443, 451, 452, 456, 457, 458, 460, 461, 464, 471, 473, 474, 475, 481, 482, 501]",False,[],[],[],"[141, 264, 612, 724]","[16, 125, 156, 163, 168, 184, 205, 222, 229, 253, 258, 265, 313, 317, 336, 340, 341, 356, 363, 365, 366, 367, 370, 375, 388, 391, 394, 396, 402, 410, 411, 412, 413, 415, 416, 417, 418, 419, 425, 429, 431, 433, 435, 437, 440, 441, 442, 443, 451, 452, 456, 457, 458, 460, 461, 464, 471, 473, 474, 475, 481, 482, 501, 596, 628, 635, 655, 675, 693, 716, 720, 725, 771, 775, 793, 796, 797, 811, 817, 818, 820, 825, 838, 841, 844, 846, 851, 857, 861, 862, 863, 864, 866, 867, 868, 870, 871, 877, 881, 883, 885, 888, 891, 892, 893, 898, 899, 904, 905, 907, 908, 911, 918, 920, 921, 922, 923, 924, 926, 931, 933]","[103, 574]",[],0/6 successful match,False,,False,474,False,,,,,
"Idaho Falls , 83402 Yellowstone Truck Stop ( Exxon )",208-529-8000 I-15 Exit 113,HRS 24 L HRS,Idaho Falls,83402,Yellowstone Truck Stop ( Exxon ),208-529-8000,2007,Idaho Falls,ID,Exxon,,I-15 Exit 113,Exit,113,False,,False,I-15,,,,,[],[],[],"[141, 264, 612, 724]",[],"[16, 125, 156, 163, 168, 184, 205, 222, 229, 253, 258, 265, 313, 317, 336, 340, 341, 356, 363, 365, 366, 367, 370, 375, 388, 391, 394, 396, 402, 410, 411, 412, 413, 415, 416, 417, 418, 419, 425, 429, 431, 433, 435, 437, 440, 441, 442, 443, 451, 452, 456, 457, 458, 460, 461, 464, 471, 473, 474, 475, 481, 482, 501, 596, 628, 635, 655, 675, 693, 716, 720, 725, 771, 775, 793, 796, 797, 811, 817, 818, 820, 825, 838, 841, 844, 846, 851, 857, 861, 862, 863, 864, 866, 867, 868, 870, 871, 877, 881, 883, 885, 888, 891, 892, 893, 898, 899, 904, 905, 907, 908, 911, 918, 920, 921, 922, 923, 924, 926, 931, 933]","[398, 399, 400, 848, 849]","[398, 399, 400, 848, 849]","[16, 596, 612, 628, 635, 125, 141, 655, 156, 163, 675, 168, 693, 184, 716, 205, 720, 724, 725, 222, 229, 253, 258, 771, 775, 264, 265, 793, 796, 797, 811, 817, 818, 820, 313, 825, 317, 838, 841, 844, 846, 336, 848, 849, 851, 340, 341, 857, 861, 862, 863, 864, 866, 867, 356, 868, 870, 871, 363, 365, 366, 367, 877, 881, 370, 883, 885, 375, 888, 891, 892, 893, 898, 899, 388, 391, 904, 905, 394, 907, 396, 908, 398, 911, 399, 400, 402, 918, 920, 921, 410, 411, 412, 413, 922, 415, 416, 417, 418, 419, 923, 924, 926, 931, 933, 425, 429, 431, 433, 435, 437, 440, 441, 442, 443, 451, 452, 456, 457, 458, 460, 461, 464, 471, 473, 474, 475, 481, 482, 501]",False,[],[],[],"[141, 264, 612, 724]","[16, 125, 156, 163, 168, 184, 205, 222, 229, 253, 258, 265, 313, 317, 336, 340, 341, 356, 363, 365, 366, 367, 370, 375, 388, 391, 394, 396, 402, 410, 411, 412, 413, 415, 416, 417, 418, 419, 425, 429, 431, 433, 435, 437, 440, 441, 442, 443, 451, 452, 456, 457, 458, 460, 461, 464, 471, 473, 474, 475, 481, 482, 501, 596, 628, 635, 655, 675, 693, 716, 720, 725, 771, 775, 793, 796, 797, 811, 817, 818, 820, 825, 838, 841, 844, 846, 851, 857, 861, 862, 863, 864, 866, 867, 868, 870, 871, 877, 881, 883, 885, 888, 891, 892, 893, 898, 899, 904, 905, 907, 908, 911, 918, 920, 921, 922, 923, 924, 926, 931, 933]","[398, 399, 400, 848, 849]","[398, 399, 400, 848, 849]",0/6 successful match,False,,False,474,False,,0.6357142857142857,True,Yellowstone Truck 24 N ),
"Hidaho Falls , 83402 Yellowstone Truck Stop ( Exxon )",6 208-529-8000 I-15 Exit 113,24 24,Hidaho Falls,83402,Yellowstone Truck Stop ( Exxon ),208-529-8000,2008,Idaho Falls,ID,Exxon,,I-15 Exit 113,Exit,113,False,,False,I-15,,,,,[],[],[],"[141, 264, 612, 724]",[],"[16, 125, 156, 163, 168, 184, 205, 222, 229, 253, 258, 265, 313, 317, 336, 340, 341, 356, 363, 365, 366, 367, 370, 375, 388, 391, 394, 396, 402, 410, 411, 412, 413, 415, 416, 417, 418, 419, 425, 429, 431, 433, 435, 437, 440, 441, 442, 443, 451, 452, 456, 457, 458, 460, 461, 464, 471, 473, 474, 475, 481, 482, 501, 596, 628, 635, 655, 675, 693, 716, 720, 725, 771, 775, 793, 796, 797, 811, 817, 818, 820, 825, 838, 841, 844, 846, 851, 857, 861, 862, 863, 864, 866, 867, 868, 870, 871, 877, 881, 883, 885, 888, 891, 892, 893, 898, 899, 904, 905, 907, 908, 911, 918, 920, 921, 922, 923, 924, 926, 931, 933]","[398, 399, 400, 848, 849]","[398, 399, 400, 848, 849]","[16, 596, 612, 628, 635, 125, 141, 655, 156, 163, 675, 168, 693, 184, 716, 205, 720, 724, 725, 222, 229, 253, 258, 771, 775, 264, 265, 793, 796, 797, 811, 817, 818, 820, 313, 825, 317, 838, 841, 844, 846, 336, 848, 849, 851, 340, 341, 857, 861, 862, 863, 864, 866, 867, 356, 868, 870, 871, 363, 365, 366, 367, 877, 881, 370, 883, 885, 375, 888, 891, 892, 893, 898, 899, 388, 391, 904, 905, 394, 907, 396, 908, 398, 911, 399, 400, 402, 918, 920, 921, 410, 411, 412, 413, 922, 415, 416, 417, 418, 419, 923, 924, 926, 931, 933, 425, 429, 431, 433, 435, 437, 440, 441, 442, 443, 451, 452, 456, 457, 458, 460, 461, 464, 471, 473, 474, 475, 481, 482, 501]",False,[],[],[],"[141, 264, 612, 724]","[16, 125, 156, 163, 168, 184, 205, 222, 229, 253, 258, 265, 313, 317, 336, 340, 341, 356, 363, 365, 366, 367, 370, 375, 388, 391, 394, 396, 402, 410, 411, 412, 413, 415, 416, 417, 418, 419, 425, 429, 431, 433, 435, 437, 440, 441, 442, 443, 451, 452, 456, 457, 458, 460, 461, 464, 471, 473, 474, 475, 481, 482, 501, 596, 628, 635, 655, 675, 693, 716, 720, 725, 771, 775, 793, 796, 797, 811, 817, 818, 820, 825, 838, 841, 844, 846, 851, 857, 861, 862, 863, 864, 866, 867, 868, 870, 871, 877, 881, 883, 885, 888, 891, 892, 893, 898, 899, 904, 905, 907, 908, 911, 918, 920, 921, 922, 923, 924, 926, 931, 933]","[398, 399, 400, 848, 849]","[398, 399, 400, 848, 849]",0/6 successful match,False,,False,474,False,,1.0,True,Yellowstone Truck Stop ( Exxon ),Exxon
"Idaho Falls , 83402 Dad's Travel Center # 113",208-552-0113 I-15 Exit 113 ( Sinclair ),24 XL,Idaho Falls,83402,Dad's Travel Center # 113,208-552-0113,2006,Idaho Falls,ID,,( Sinclair ),I-15 Exit 113 ,Exit,113,False,,False,I-15,,,,,[],[],[],"[141, 264, 612, 724]",[],"[16, 125, 156, 163, 168, 184, 205, 222, 229, 253, 258, 265, 313, 317, 336, 340, 341, 356, 363, 365, 366, 367, 370, 375, 388, 391, 394, 396, 402, 410, 411, 412, 413, 415, 416, 417, 418, 419, 425, 429, 431, 433, 435, 437, 440, 441, 442, 443, 451, 452, 456, 457, 458, 460, 461, 464, 471, 473, 474, 475, 481, 482, 501, 596, 628, 635, 655, 675, 693, 716, 720, 725, 771, 775, 793, 796, 797, 811, 817, 818, 820, 825, 838, 841, 844, 846, 851, 857, 861, 862, 863, 864, 866, 867, 868, 870, 871, 877, 881, 883, 885, 888, 891, 892, 893, 898, 899, 904, 905, 907, 908, 911, 918, 920, 921, 922, 923, 924, 926, 931, 933]",[],[],"[16, 596, 612, 628, 635, 125, 141, 655, 156, 163, 675, 168, 693, 184, 716, 205, 720, 724, 725, 222, 229, 253, 258, 771, 775, 264, 265, 793, 796, 797, 811, 817, 818, 820, 313, 825, 317, 838, 841, 844, 846, 336, 851, 340, 341, 857, 861, 862, 863, 864, 866, 867, 356, 868, 870, 871, 363, 365, 366, 367, 877, 881, 370, 883, 885, 375, 888, 891, 892, 893, 898, 899, 388, 391, 904, 905, 394, 907, 396, 908, 911, 402, 918, 920, 921, 410, 411, 412, 413, 922, 415, 416, 417, 418, 419, 923, 924, 926, 931, 933, 425, 429, 431, 433, 435, 437, 440, 441, 442, 443, 451, 452, 456, 457, 458, 460, 461, 464, 471, 473, 474, 475, 481, 482, 501]",False,[],[],[],"[141, 264, 612, 724]","[16, 125, 156, 163, 168, 184, 205, 222, 229, 253, 258, 265, 313, 317, 336, 340, 341, 356, 363, 365, 366, 367, 370, 375, 388, 391, 394, 396, 402, 410, 411, 412, 413, 415, 416, 417, 418, 419, 425, 429, 431, 433, 435, 437, 440, 441, 442, 443, 451, 452, 456, 457, 458, 460, 461, 464, 471, 473, 474, 475, 481, 482, 501, 596, 628, 635, 655, 675, 693, 716, 720, 725, 771, 775, 793, 796, 797, 811, 817, 818, 820, 825, 838, 841, 844, 846, 851, 857, 861, 862, 863, 864, 866, 867, 868, 870, 871, 877, 881, 883, 885, 888, 891, 892, 893, 898, 899, 904, 905, 907, 908, 911, 918, 920, 921, 922, 923, 924, 926, 931, 933]",[],[],0/6 successful match,False,,False,475,False,,,,,
"Idaho Falls , 83402 Dad's Travel Center # 113 ( Sinclair )",6 208-552-0113 I-15 Exit 113,24 XL HRS,Idaho Falls,83402,Dad's Travel Center # 113 ( Sinclair ),208-552-0113,2007,Idaho Falls,ID,Sinclair,,I-15 Exit 113,Exit,113,False,,False,I-15,,,,,[],[],[],"[141, 264, 612, 724]",[],"[16, 125, 156, 163, 168, 184, 205, 222, 229, 253, 258, 265, 313, 317, 336, 340, 341, 356, 363, 365, 366, 367, 370, 375, 388, 391, 394, 396, 402, 410, 411, 412, 413, 415, 416, 417, 418, 419, 425, 429, 431, 433, 435, 437, 440, 441, 442, 443, 451, 452, 456, 457, 458, 460, 461, 464, 471, 473, 474, 475, 481, 482, 501, 596, 628, 635, 655, 675, 693, 716, 720, 725, 771, 775, 793, 796, 797, 811, 817, 818, 820, 825, 838, 841, 844, 846, 851, 857, 861, 862, 863, 864, 866, 867, 868, 870, 871, 877, 881, 883, 885, 888, 891, 892, 893, 898, 899, 904, 905, 907, 908, 911, 918, 920, 921, 922, 923, 924, 926, 931, 933]","[31, 142, 147, 180, 338, 352, 367, 387, 403, 405, 408, 410, 455, 465, 466, 468, 470, 472, 473, 483, 484, 514, 613, 618, 651, 794, 807, 837, 852, 854, 858, 861, 902, 912, 913, 915, 917, 919, 920, 931, 934, 935]","[31, 142, 147, 180, 338, 352, 367, 387, 403, 405, 408, 410, 455, 465, 466, 468, 470, 472, 473, 483, 484, 514, 613, 618, 651, 794, 807, 837, 852, 854, 858, 861, 902, 912, 913, 915, 917, 919, 920, 931, 934, 935]","[514, 408, 16, 919, 31, 596, 612, 613, 618, 628, 635, 125, 651, 141, 142, 655, 147, 156, 163, 675, 168, 180, 693, 184, 716, 205, 720, 724, 725, 222, 229, 253, 258, 771, 775, 264, 265, 793, 794, 796, 797, 807, 811, 817, 818, 820, 313, 825, 317, 837, 838, 841, 844, 846, 336, 338, 851, 340, 341, 852, 854, 857, 858, 861, 862, 863, 864, 352, 866, 867, 356, 868, 870, 871, 363, 365, 366, 367, 877, 881, 370, 883, 885, 375, 888, 891, 892, 893, 898, 899, 388, 387, 902, 391, 904, 905, 394, 907, 396, 908, 911, 912, 913, 402, 403, 915, 405, 918, 917, 920, 921, 410, 411, 412, 413, 922, 415, 416, 417, 418, 419, 923, 924, 926, 931, 933, 425, 934, 935, 429, 431, 433, 435, 437, 440, 441, 442, 443, 451, 452, 455, 456, 457, 458, 460, 461, 464, 465, 466, 468, 470, 471, 472, 473, 474, 475, 481, 482, 483, 484, 501]",False,[],[],[],"[141, 264, 612, 724]","[16, 125, 156, 163, 168, 184, 205, 222, 229, 253, 258, 265, 313, 317, 336, 340, 341, 356, 363, 365, 366, 367, 370, 375, 388, 391, 394, 396, 402, 410, 411, 412, 413, 415, 416, 417, 418, 419, 425, 429, 431, 433, 435, 437, 440, 441, 442, 443, 451, 452, 456, 457, 458, 460, 461, 464, 471, 473, 474, 475, 481, 482, 501, 596, 628, 635, 655, 675, 693, 716, 720, 725, 771, 775, 793, 796, 797, 811, 817, 818, 820, 825, 838, 841, 844, 846, 851, 857, 861, 862, 863, 864, 866, 867, 868, 870, 871, 877, 881, 883, 885, 888, 891, 892, 893, 898, 899, 904, 905, 907, 908, 911, 918, 920, 921, 922, 923, 924, 926, 931, 933]","[31, 142, 147, 180, 338, 352, 367, 387, 403, 405, 408, 410, 455, 465, 466, 468, 470, 472, 473, 483, 484, 514, 613, 618, 651, 794, 807, 837, 852, 854, 858, 861, 902, 912, 913, 915, 917, 919, 920, 931, 934, 935]","[31, 142, 147, 180, 338, 352, 367, 387, 403, 405, 408, 410, 455, 465, 466, 468, 470, 472, 473, 483, 484, 514, 613, 618, 651, 794, 807, 837, 852, 854, 858, 861, 902, 912, 913, 915, 917, 919, 920, 931, 934, 935]",0/6 successful match,False,,False,475,False,,1.0,True,Dad's Travel Center # 113,
"Idaho Falls , 83402 Dad's Travel Center # 113 ( Sinclair )",6 208-552-0113 I-15 Exit 113,,Idaho Falls,83402,Dad's Travel Center # 113 ( Sinclair ),208-552-0113,2008,Idaho Falls,ID,Sinclair,,I-15 Exit 113,Exit,113,False,,False,I-15,,,,,[],[],[],"[141, 264, 612, 724]",[],"[16, 125, 156, 163, 168, 184, 205, 222, 229, 253, 258, 265, 313, 317, 336, 340, 341, 356, 363, 365, 366, 367, 370, 375, 388, 391, 394, 396, 402, 410, 411, 412, 413, 415, 416, 417, 418, 419, 425, 429, 431, 433, 435, 437, 440, 441, 442, 443, 451, 452, 456, 457, 458, 460, 461, 464, 471, 473, 474, 475, 481, 482, 501, 596, 628, 635, 655, 675, 693, 716, 720, 725, 771, 775, 793, 796, 797, 811, 817, 818, 820, 825, 838, 841, 844, 846, 851, 857, 861, 862, 863, 864, 866, 867, 868, 870, 871, 877, 881, 883, 885, 888, 891, 892, 893, 898, 899, 904, 905, 907, 908, 911, 918, 920, 921, 922, 923, 924, 926, 931, 933]","[31, 142, 147, 180, 338, 352, 367, 387, 403, 405, 408, 410, 455, 465, 466, 468, 470, 472, 473, 483, 484, 514, 613, 618, 651, 794, 807, 837, 852, 854, 858, 861, 902, 912, 913, 915, 917, 919, 920, 931, 934, 935]","[31, 142, 147, 180, 338, 352, 367, 387, 403, 405, 408, 410, 455, 465, 466, 468, 470, 472, 473, 483, 484, 514, 613, 618, 651, 794, 807, 837, 852, 854, 858, 861, 902, 912, 913, 915, 917, 919, 920, 931, 934, 935]","[514, 408, 16, 919, 31, 596, 612, 613, 618, 628, 635, 125, 651, 141, 142, 655, 147, 156, 163, 675, 168, 180, 693, 184, 716, 205, 720, 724, 725, 222, 229, 253, 258, 771, 775, 264, 265, 793, 794, 796, 797, 807, 811, 817, 818, 820, 313, 825, 317, 837, 838, 841, 844, 846, 336, 338, 851, 340, 341, 852, 854, 857, 858, 861, 862, 863, 864, 352, 866, 867, 356, 868, 870, 871, 363, 365, 366, 367, 877, 881, 370, 883, 885, 375, 888, 891, 892, 893, 898, 899, 388, 387, 902, 391, 904, 905, 394, 907, 396, 908, 911, 912, 913, 402, 403, 915, 405, 918, 917, 920, 921, 410, 411, 412, 413, 922, 415, 416, 417, 418, 419, 923, 924, 926, 931, 933, 425, 934, 935, 429, 431, 433, 435, 437, 440, 441, 442, 443, 451, 452, 455, 456, 457, 458, 460, 461, 464, 465, 466, 468, 470, 471, 472, 473, 474, 475, 481, 482, 483, 484, 501]",False,[],[],[],"[141, 264, 612, 724]","[16, 125, 156, 163, 168, 184, 205, 222, 229, 253, 258, 265, 313, 317, 336, 340, 341, 356, 363, 365, 366, 367, 370, 375, 388, 391, 394, 396, 402, 410, 411, 412, 413, 415, 416, 417, 418, 419, 425, 429, 431, 433, 435, 437, 440, 441, 442, 443, 451, 452, 456, 457, 458, 460, 461, 464, 471, 473, 474, 475, 481, 482, 501, 596, 628, 635, 655, 675, 693, 716, 720, 725, 771, 775, 793, 796, 797, 811, 817, 818, 820, 825, 838, 841, 844, 846, 851, 857, 861, 862, 863, 864, 866, 867, 868, 870, 871, 877, 881, 883, 885, 888, 891, 892, 893, 898, 899, 904, 905, 907, 908, 911, 918, 920, 921, 922, 923, 924, 926, 931, 933]","[31, 142, 147, 180, 338, 352, 367, 387, 403, 405, 408, 410, 455, 465, 466, 468, 470, 472, 473, 483, 484, 514, 613, 618, 651, 794, 807, 837, 852, 854, 858, 861, 902, 912, 913, 915, 917, 919, 920, 931, 934, 935]","[31, 142, 147, 180, 338, 352, 367, 387, 403, 405, 408, 410, 455, 465, 466, 468, 470, 472, 473, 483, 484, 514, 613, 618, 651, 794, 807, 837, 852, 854, 858, 861, 902, 912, 913, 915, 917, 919, 920, 931, 934, 935]",0/6 successful match,False,,False,475,False,,1.0,True,Dad's Travel Center # 113 ( Sinclair ),Sinclair
Idaho Falls ( 83402 ) Dad's 113 Travel Center ( Sinclair ),6 208-552-0113 I-15 Exit 113 ( US 26 E ),XL <U+2610><U+2610>,Idaho Falls,83402,Dad's 113 Travel Center ( Sinclair ),208-552-0113,2014,Idaho Falls,ID,Sinclair,( US 26 E ),I-15 Exit 113 ,Exit,113,False,,False,I-15,,,,,[],[],[],"[141, 264, 612, 724]",[],"[16, 125, 156, 163, 168, 184, 205, 222, 229, 253, 258, 265, 313, 317, 336, 340, 341, 356, 363, 365, 366, 367, 370, 375, 388, 391, 394, 396, 402, 410, 411, 412, 413, 415, 416, 417, 418, 419, 425, 429, 431, 433, 435, 437, 440, 441, 442, 443, 451, 452, 456, 457, 458, 460, 461, 464, 471, 473, 474, 475, 481, 482, 501, 596, 628, 635, 655, 675, 693, 716, 720, 725, 771, 775, 793, 796, 797, 811, 817, 818, 820, 825, 838, 841, 844, 846, 851, 857, 861, 862, 863, 864, 866, 867, 868, 870, 871, 877, 881, 883, 885, 888, 891, 892, 893, 898, 899, 904, 905, 907, 908, 911, 918, 920, 921, 922, 923, 924, 926, 931, 933]","[31, 142, 147, 180, 338, 352, 367, 387, 403, 405, 408, 410, 455, 465, 466, 468, 470, 472, 473, 483, 484, 514, 613, 618, 651, 794, 807, 837, 852, 854, 858, 861, 902, 912, 913, 915, 917, 919, 920, 931, 934, 935]","[31, 142, 147, 180, 338, 352, 367, 387, 403, 405, 408, 410, 455, 465, 466, 468, 470, 472, 473, 483, 484, 514, 613, 618, 651, 794, 807, 837, 852, 854, 858, 861, 902, 912, 913, 915, 917, 919, 920, 931, 934, 935]","[514, 408, 16, 919, 31, 596, 612, 613, 618, 628, 635, 125, 651, 141, 142, 655, 147, 156, 163, 675, 168, 180, 693, 184, 716, 205, 720, 724, 725, 222, 229, 253, 258, 771, 775, 264, 265, 793, 794, 796, 797, 807, 811, 817, 818, 820, 313, 825, 317, 837, 838, 841, 844, 846, 336, 338, 851, 340, 341, 852, 854, 857, 858, 861, 862, 863, 864, 352, 866, 867, 356, 868, 870, 871, 363, 365, 366, 367, 877, 881, 370, 883, 885, 375, 888, 891, 892, 893, 898, 899, 388, 387, 902, 391, 904, 905, 394, 907, 396, 908, 911, 912, 913, 402, 403, 915, 405, 918, 917, 920, 921, 410, 411, 412, 413, 922, 415, 416, 417, 418, 419, 923, 924, 926, 931, 933, 425, 934, 935, 429, 431, 433, 435, 437, 440, 441, 442, 443, 451, 452, 455, 456, 457, 458, 460, 461, 464, 465, 466, 468, 470, 471, 472, 473, 474, 475, 481, 482, 483, 484, 501]",False,[],[],[],"[141, 264, 612, 724]","[16, 125, 156, 163, 168, 184, 205, 222, 229, 253, 258, 265, 313, 317, 336, 340, 341, 356, 363, 365, 366, 367, 370, 375, 388, 391, 394, 396, 402, 410, 411, 412, 413, 415, 416, 417, 418, 419, 425, 429, 431, 433, 435, 437, 440, 441, 442, 443, 451, 452, 456, 457, 458, 460, 461, 464, 471, 473, 474, 475, 481, 482, 501, 596, 628, 635, 655, 675, 693, 716, 720, 725, 771, 775, 793, 796, 797, 811, 817, 818, 820, 825, 838, 841, 844, 846, 851, 857, 861, 862, 863, 864, 866, 867, 868, 870, 871, 877, 881, 883, 885, 888, 891, 892, 893, 898, 899, 904, 905, 907, 908, 911, 918, 920, 921, 922, 923, 924, 926, 931, 933]","[31, 142, 147, 180, 338, 352, 367, 387, 403, 405, 408, 410, 455, 465, 466, 468, 470, 472, 473, 483, 484, 514, 613, 618, 651, 794, 807, 837, 852, 854, 858, 861, 902, 912, 913, 915, 917, 919, 920, 931, 934, 935]","[31, 142, 147, 180, 338, 352, 367, 387, 403, 405, 408, 410, 455, 465, 466, 468, 470, 472, 473, 483, 484, 514, 613, 618, 651, 794, 807, 837, 852, 854, 858, 861, 902, 912, 913, 915, 917, 919, 920, 931, 934, 935]",0/6 successful match,False,,False,475,False,,1.0,True,Dad's Travel Center # 113 ( Sinclair ),Sinclair
Idaho Falls ( 83402 ) Dad's 113 Travel Center 30 ) ( Sinclair ),208-552-0113 I-15 Exit 113 ( US E,24 XL,Idaho Falls,83402,Dad's 113 Travel Center 30 ) ( Sinclair ),208-552-0113,2015,Idaho Falls,ID,Sinclair,( US E,I-15 Exit 113 ,Exit,113,False,,False,I-15,,,,,[],[],[],"[141, 264, 612, 724]",[],"[16, 125, 156, 163, 168, 184, 205, 222, 229, 253, 258, 265, 313, 317, 336, 340, 341, 356, 363, 365, 366, 367, 370, 375, 388, 391, 394, 396, 402, 410, 411, 412, 413, 415, 416, 417, 418, 419, 425, 429, 431, 433, 435, 437, 440, 441, 442, 443, 451, 452, 456, 457, 458, 460, 461, 464, 471, 473, 474, 475, 481, 482, 501, 596, 628, 635, 655, 675, 693, 716, 720, 725, 771, 775, 793, 796, 797, 811, 817, 818, 820, 825, 838, 841, 844, 846, 851, 857, 861, 862, 863, 864, 866, 867, 868, 870, 871, 877, 881, 883, 885, 888, 891, 892, 893, 898, 899, 904, 905, 907, 908, 911, 918, 920, 921, 922, 923, 924, 926, 931, 933]","[31, 142, 147, 180, 338, 352, 367, 387, 403, 405, 408, 410, 455, 465, 466, 468, 470, 472, 473, 483, 484, 514, 613, 618, 651, 794, 807, 837, 852, 854, 858, 861, 902, 912, 913, 915, 917, 919, 920, 931, 934, 935]","[31, 142, 147, 180, 338, 352, 367, 387, 403, 405, 408, 410, 455, 465, 466, 468, 470, 472, 473, 483, 484, 514, 613, 618, 651, 794, 807, 837, 852, 854, 858, 861, 902, 912, 913, 915, 917, 919, 920, 931, 934, 935]","[514, 408, 16, 919, 31, 596, 612, 613, 618, 628, 635, 125, 651, 141, 142, 655, 147, 156, 163, 675, 168, 180, 693, 184, 716, 205, 720, 724, 725, 222, 229, 253, 258, 771, 775, 264, 265, 793, 794, 796, 797, 807, 811, 817, 818, 820, 313, 825, 317, 837, 838, 841, 844, 846, 336, 338, 851, 340, 341, 852, 854, 857, 858, 861, 862, 863, 864, 352, 866, 867, 356, 868, 870, 871, 363, 365, 366, 367, 877, 881, 370, 883, 885, 375, 888, 891, 892, 893, 898, 899, 388, 387, 902, 391, 904, 905, 394, 907, 396, 908, 911, 912, 913, 402, 403, 915, 405, 918, 917, 920, 921, 410, 411, 412, 413, 922, 415, 416, 417, 418, 419, 923, 924, 926, 931, 933, 425, 934, 935, 429, 431, 433, 435, 437, 440, 441, 442, 443, 451, 452, 455, 456, 457, 458, 460, 461, 464, 465, 466, 468, 470, 471, 472, 473, 474, 475, 481, 482, 483, 484, 501]",False,[],[],[],"[141, 264, 612, 724]","[16, 125, 156, 163, 168, 184, 205, 222, 229, 253, 258, 265, 313, 317, 336, 340, 341, 356, 363, 365, 366, 367, 370, 375, 388, 391, 394, 396, 402, 410, 411, 412, 413, 415, 416, 417, 418, 419, 425, 429, 431, 433, 435, 437, 440, 441, 442, 443, 451, 452, 456, 457, 458, 460, 461, 464, 471, 473, 474, 475, 481, 482, 501, 596, 628, 635, 655, 675, 693, 716, 720, 725, 771, 775, 793, 796, 797, 811, 817, 818, 820, 825, 838, 841, 844, 846, 851, 857, 861, 862, 863, 864, 866, 867, 868, 870, 871, 877, 881, 883, 885, 888, 891, 892, 893, 898, 899, 904, 905, 907, 908, 911, 918, 920, 921, 922, 923, 924, 926, 931, 933]","[31, 142, 147, 180, 338, 352, 367, 387, 403, 405, 408, 410, 455, 465, 466, 468, 470, 472, 473, 483, 484, 514, 613, 618, 651, 794, 807, 837, 852, 854, 858, 861, 902, 912, 913, 915, 917, 919, 920, 931, 934, 935]","[31, 142, 147, 180, 338, 352, 367, 387, 403, 405, 408, 410, 455, 465, 466, 468, 470, 472, 473, 483, 484, 514, 613, 618, 651, 794, 807, 837, 852, 854, 858, 861, 902, 912, 913, 915, 917, 919, 920, 931, 934, 935]",0/6 successful match,False,,False,475,False,,1.0,True,Dad's 113 Travel Center ( Sinclair ),Sinclair
"C Perry , 83402 LW's Travel Plaza",435-723-9999 I-15 Exit 362,A RS M,Perry,83402,LW's Travel Plaza,435-723-9999,2007,Idaho Falls,ID,,,I-15 Exit 362,Exit,362,False,,False,I-15,,,,,[],[],"[442, 892]","[402, 442, 851, 892]",[],"[16, 125, 156, 163, 168, 184, 205, 222, 229, 253, 258, 265, 313, 317, 336, 340, 341, 356, 363, 365, 366, 367, 370, 375, 388, 391, 394, 396, 402, 410, 411, 412, 413, 415, 416, 417, 418, 419, 425, 429, 431, 433, 435, 437, 440, 441, 442, 443, 451, 452, 456, 457, 458, 460, 461, 464, 471, 473, 474, 475, 481, 482, 501, 596, 628, 635, 655, 675, 693, 716, 720, 725, 771, 775, 793, 796, 797, 811, 817, 818, 820, 825, 838, 841, 844, 846, 851, 857, 861, 862, 863, 864, 866, 867, 868, 870, 871, 877, 881, 883, 885, 888, 891, 892, 893, 898, 899, 904, 905, 907, 908, 911, 918, 920, 921, 922, 923, 924, 926, 931, 933]",[],"[436, 887]","[16, 596, 628, 635, 125, 655, 156, 163, 675, 168, 693, 184, 716, 205, 720, 725, 222, 229, 253, 258, 771, 775, 265, 793, 796, 797, 811, 817, 818, 820, 313, 825, 317, 838, 841, 844, 846, 336, 851, 340, 341, 857, 861, 862, 863, 864, 866, 867, 356, 868, 870, 871, 363, 365, 366, 367, 877, 881, 370, 883, 885, 375, 888, 887, 891, 892, 893, 898, 899, 388, 391, 904, 905, 394, 907, 396, 908, 911, 402, 918, 920, 921, 410, 411, 412, 413, 922, 415, 416, 417, 418, 419, 923, 924, 926, 931, 933, 425, 429, 431, 433, 435, 436, 437, 440, 441, 442, 443, 451, 452, 456, 457, 458, 460, 461, 464, 471, 473, 474, 475, 481, 482, 501]",False,[],[],"[442, 892]","[402, 442, 851, 892]","[16, 125, 156, 163, 168, 184, 205, 222, 229, 253, 258, 265, 313, 317, 336, 340, 341, 356, 363, 365, 366, 367, 370, 375, 388, 391, 394, 396, 402, 410, 411, 412, 413, 415, 416, 417, 418, 419, 425, 429, 431, 433, 435, 437, 440, 441, 442, 443, 451, 452, 456, 457, 458, 460, 461, 464, 471, 473, 474, 475, 481, 482, 501, 596, 628, 635, 655, 675, 693, 716, 720, 725, 771, 775, 793, 796, 797, 811, 817, 818, 820, 825, 838, 841, 844, 846, 851, 857, 861, 862, 863, 864, 866, 867, 868, 870, 871, 877, 881, 883, 885, 888, 891, 892, 893, 898, 899, 904, 905, 907, 908, 911, 918, 920, 921, 922, 923, 924, 926, 931, 933]","[436, 887]",[],0/6 successful match,False,"[618, 619]",True,476,False,,,,,
"Perry , 83402 LW's Travel Plaza",435-723-9999 I-15 Exit 362,S <U+2610><U+2610><U+2610>,Perry,83402,LW's Travel Plaza,435-723-9999,2008,Idaho Falls,ID,,,I-15 Exit 362,Exit,362,False,,False,I-15,,,,,[],[],"[442, 892]","[402, 442, 851, 892]",[],"[16, 125, 156, 163, 168, 184, 205, 222, 229, 253, 258, 265, 313, 317, 336, 340, 341, 356, 363, 365, 366, 367, 370, 375, 388, 391, 394, 396, 402, 410, 411, 412, 413, 415, 416, 417, 418, 419, 425, 429, 431, 433, 435, 437, 440, 441, 442, 443, 451, 452, 456, 457, 458, 460, 461, 464, 471, 473, 474, 475, 481, 482, 501, 596, 628, 635, 655, 675, 693, 716, 720, 725, 771, 775, 793, 796, 797, 811, 817, 818, 820, 825, 838, 841, 844, 846, 851, 857, 861, 862, 863, 864, 866, 867, 868, 870, 871, 877, 881, 883, 885, 888, 891, 892, 893, 898, 899, 904, 905, 907, 908, 911, 918, 920, 921, 922, 923, 924, 926, 931, 933]",[],"[436, 887]","[16, 596, 628, 635, 125, 655, 156, 163, 675, 168, 693, 184, 716, 205, 720, 725, 222, 229, 253, 258, 771, 775, 265, 793, 796, 797, 811, 817, 818, 820, 313, 825, 317, 838, 841, 844, 846, 336, 851, 340, 341, 857, 861, 862, 863, 864, 866, 867, 356, 868, 870, 871, 363, 365, 366, 367, 877, 881, 370, 883, 885, 375, 888, 887, 891, 892, 893, 898, 899, 388, 391, 904, 905, 394, 907, 396, 908, 911, 402, 918, 920, 921, 410, 411, 412, 413, 922, 415, 416, 417, 418, 419, 923, 924, 926, 931, 933, 425, 429, 431, 433, 435, 436, 437, 440, 441, 442, 443, 451, 452, 456, 457, 458, 460, 461, 464, 471, 473, 474, 475, 481, 482, 501]",False,[],[],"[442, 892]","[402, 442, 851, 892]","[16, 125, 156, 163, 168, 184, 205, 222, 229, 253, 258, 265, 313, 317, 336, 340, 341, 356, 363, 365, 366, 367, 370, 375, 388, 391, 394, 396, 402, 410, 411, 412, 413, 415, 416, 417, 418, 419, 425, 429, 431, 433, 435, 437, 440, 441, 442, 443, 451, 452, 456, 457, 458, 460, 461, 464, 471, 473, 474, 475, 481, 482, 501, 596, 628, 635, 655, 675, 693, 716, 720, 725, 771, 775, 793, 796, 797, 811, 817, 818, 820, 825, 838, 841, 844, 846, 851, 857, 861, 862, 863, 864, 866, 867, 868, 870, 871, 877, 881, 883, 885, 888, 891, 892, 893, 898, 899, 904, 905, 907, 908, 911, 918, 920, 921, 922, 923, 924, 926, 931, 933]","[436, 887]",[],0/6 successful match,False,"[618, 619]",True,476,False,,1.0,True,LW's Travel Plaza,
"Dubois , 83423 Scoggins ' Exxon",208-374-5453 I-15 Exit 167 (,S,Dubois,83423,Scoggins ' Exxon,208-374-5453,2006,Dubois,ID,Exxon,(,I-15 Exit 167 ,Exit,167,False,,False,I-15,,,,,[],[],[],"[319, 452, 473, 777, 899, 920]",[],"[16, 125, 156, 163, 168, 184, 205, 222, 229, 253, 258, 265, 313, 317, 336, 340, 341, 356, 363, 365, 366, 367, 370, 375, 388, 391, 394, 396, 402, 410, 411, 412, 413, 415, 416, 417, 418, 419, 425, 429, 431, 433, 435, 437, 440, 441, 442, 443, 451, 452, 456, 457, 458, 460, 461, 464, 471, 473, 474, 475, 481, 482, 501, 596, 628, 635, 655, 675, 693, 716, 720, 725, 771, 775, 793, 796, 797, 811, 817, 818, 820, 825, 838, 841, 844, 846, 851, 857, 861, 862, 863, 864, 866, 867, 868, 870, 871, 877, 881, 883, 885, 888, 891, 892, 893, 898, 899, 904, 905, 907, 908, 911, 918, 920, 921, 922, 923, 924, 926, 931, 933]","[398, 399, 400, 848, 849]","[398, 399, 400, 848, 849]","[16, 596, 628, 635, 125, 655, 156, 163, 675, 168, 693, 184, 716, 205, 720, 725, 222, 229, 253, 258, 771, 775, 777, 265, 793, 796, 797, 811, 817, 818, 820, 313, 825, 317, 319, 838, 841, 844, 846, 336, 848, 849, 851, 340, 341, 857, 861, 862, 863, 864, 866, 867, 356, 868, 870, 871, 363, 365, 366, 367, 877, 881, 370, 883, 885, 375, 888, 891, 892, 893, 898, 899, 388, 391, 904, 905, 394, 907, 396, 908, 398, 911, 399, 400, 402, 918, 920, 921, 410, 411, 412, 413, 922, 415, 416, 417, 418, 419, 923, 924, 926, 931, 933, 425, 429, 431, 433, 435, 437, 440, 441, 442, 443, 451, 452, 456, 457, 458, 460, 461, 464, 471, 473, 474, 475, 481, 482, 501]",False,[],[],[],"[319, 452, 473, 777, 899, 920]","[16, 125, 156, 163, 168, 184, 205, 222, 229, 253, 258, 265, 313, 317, 336, 340, 341, 356, 363, 365, 366, 367, 370, 375, 388, 391, 394, 396, 402, 410, 411, 412, 413, 415, 416, 417, 418, 419, 425, 429, 431, 433, 435, 437, 440, 441, 442, 443, 451, 452, 456, 457, 458, 460, 461, 464, 471, 473, 474, 475, 481, 482, 501, 596, 628, 635, 655, 675, 693, 716, 720, 725, 771, 775, 793, 796, 797, 811, 817, 818, 820, 825, 838, 841, 844, 846, 851, 857, 861, 862, 863, 864, 866, 867, 868, 870, 871, 877, 881, 883, 885, 888, 891, 892, 893, 898, 899, 904, 905, 907, 908, 911, 918, 920, 921, 922, 923, 924, 926, 931, 933]","[398, 399, 400, 848, 849]","[398, 399, 400, 848, 849]",0/6 successful match,False,,False,477,False,,,,,
"Dubois , 83423 Scoggins ' Exxon",208-374-5453 I-15 Exit 167 ( Hwy 22 ),S,Dubois,83423,Scoggins ' Exxon,208-374-5453,2007,Dubois,ID,Exxon,( Hwy 22 ),I-15 Exit 167 ,Exit,167,False,,False,I-15,,,,,[],[],[],"[319, 452, 473, 777, 899, 920]",[],"[16, 125, 156, 163, 168, 184, 205, 222, 229, 253, 258, 265, 313, 317, 336, 340, 341, 356, 363, 365, 366, 367, 370, 375, 388, 391, 394, 396, 402, 410, 411, 412, 413, 415, 416, 417, 418, 419, 425, 429, 431, 433, 435, 437, 440, 441, 442, 443, 451, 452, 456, 457, 458, 460, 461, 464, 471, 473, 474, 475, 481, 482, 501, 596, 628, 635, 655, 675, 693, 716, 720, 725, 771, 775, 793, 796, 797, 811, 817, 818, 820, 825, 838, 841, 844, 846, 851, 857, 861, 862, 863, 864, 866, 867, 868, 870, 871, 877, 881, 883, 885, 888, 891, 892, 893, 898, 899, 904, 905, 907, 908, 911, 918, 920, 921, 922, 923, 924, 926, 931, 933]","[398, 399, 400, 848, 849]","[398, 399, 400, 848, 849]","[16, 596, 628, 635, 125, 655, 156, 163, 675, 168, 693, 184, 716, 205, 720, 725, 222, 229, 253, 258, 771, 775, 777, 265, 793, 796, 797, 811, 817, 818, 820, 313, 825, 317, 319, 838, 841, 844, 846, 336, 848, 849, 851, 340, 341, 857, 861, 862, 863, 864, 866, 867, 356, 868, 870, 871, 363, 365, 366, 367, 877, 881, 370, 883, 885, 375, 888, 891, 892, 893, 898, 899, 388, 391, 904, 905, 394, 907, 396, 908, 398, 911, 399, 400, 402, 918, 920, 921, 410, 411, 412, 413, 922, 415, 416, 417, 418, 419, 923, 924, 926, 931, 933, 425, 429, 431, 433, 435, 437, 440, 441, 442, 443, 451, 452, 456, 457, 458, 460, 461, 464, 471, 473, 474, 475, 481, 482, 501]",False,[],[],[],"[319, 452, 473, 777, 899, 920]","[16, 125, 156, 163, 168, 184, 205, 222, 229, 253, 258, 265, 313, 317, 336, 340, 341, 356, 363, 365, 366, 367, 370, 375, 388, 391, 394, 396, 402, 410, 411, 412, 413, 415, 416, 417, 418, 419, 425, 429, 431, 433, 435, 437, 440, 441, 442, 443, 451, 452, 456, 457, 458, 460, 461, 464, 471, 473, 474, 475, 481, 482, 501, 596, 628, 635, 655, 675, 693, 716, 720, 725, 771, 775, 793, 796, 797, 811, 817, 818, 820, 825, 838, 841, 844, 846, 851, 857, 861, 862, 863, 864, 866, 867, 868, 870, 871, 877, 881, 883, 885, 888, 891, 892, 893, 898, 899, 904, 905, 907, 908, 911, 918, 920, 921, 922, 923, 924, 926, 931, 933]","[398, 399, 400, 848, 849]","[398, 399, 400, 848, 849]",0/6 successful match,False,,False,477,False,,1.0,True,Scoggins ' Exxon,Exxon
"E Grangeville , 83530 Primeland Co - operative",208-983-0721 US 95 N ( MM ( Cenex ),00 <U+2610>,Grangeville,83530,Primeland Co - operative,208-983-0721,2006,Grangeville,ID,,( MM ( Cenex ),US 95 N,empty,,False,,False,US 95,,,,,[],[],[],[],[],"[8, 43, 71, 84, 86, 339, 348, 354, 360, 369, 382, 383, 384, 389, 390, 523, 546, 555, 557, 795, 803, 809, 819, 832, 833, 834, 839, 840]",[],[],"[384, 389, 390, 8, 523, 795, 546, 803, 809, 43, 555, 557, 819, 832, 833, 834, 71, 839, 840, 339, 84, 86, 348, 354, 360, 369, 382, 383]",False,[],[],[],[],"[8, 43, 71, 84, 86, 339, 348, 354, 360, 369, 382, 383, 384, 389, 390, 523, 546, 555, 557, 795, 803, 809, 819, 832, 833, 834, 839, 840]",[],[],0/6 successful match,False,,False,478,False,,,,,
Grangeville ( 83530 ) Zip Trip # 21 ( Cenex ),2 208-983-7508 US 95 & ID 13,32 <U+2610>,Grangeville,83530,Zip Trip # 21 ( Cenex ),208-983-7508,2014,Grangeville,ID,Cenex,,US 95 & ID 13,empty,,False,,False,US 95,ID 13,,,,[],[],[],[],[],"[8, 43, 71, 84, 86, 339, 348, 354, 360, 369, 382, 383, 384, 389, 390, 523, 546, 555, 557, 795, 803, 809, 819, 832, 833, 834, 839, 840]",[],"[83, 85, 151, 152, 153, 554, 556, 622, 623, 624, 625]","[384, 389, 390, 8, 523, 151, 152, 153, 795, 546, 803, 809, 554, 43, 555, 557, 556, 819, 832, 833, 834, 71, 839, 840, 339, 84, 83, 86, 85, 348, 354, 360, 622, 623, 624, 369, 625, 382, 383]",False,[],[],[],[],"[8, 43, 71, 84, 86, 339, 348, 354, 360, 369, 382, 383, 384, 389, 390, 523, 546, 555, 557, 795, 803, 809, 819, 832, 833, 834, 839, 840]","[83, 85, 151, 152, 153, 554, 556, 622, 623, 624, 625]",[],0/6 successful match,False,,False,479,False,,,,,
Grangeville ( 83530 ) Zip Trip # 21 ( Cenex ),208-983-7508 US 95 & ID 13,24 S,Grangeville,83530,Zip Trip # 21 ( Cenex ),208-983-7508,2015,Grangeville,ID,Cenex,,US 95 & ID 13,empty,,False,,False,US 95,ID 13,,,,[],[],[],[],[],"[8, 43, 71, 84, 86, 339, 348, 354, 360, 369, 382, 383, 384, 389, 390, 523, 546, 555, 557, 795, 803, 809, 819, 832, 833, 834, 839, 840]",[],"[83, 85, 151, 152, 153, 554, 556, 622, 623, 624, 625]","[384, 389, 390, 8, 523, 151, 152, 153, 795, 546, 803, 809, 554, 43, 555, 557, 556, 819, 832, 833, 834, 71, 839, 840, 339, 84, 83, 86, 85, 348, 354, 360, 622, 623, 624, 369, 625, 382, 383]",False,[],[],[],[],"[8, 43, 71, 84, 86, 339, 348, 354, 360, 369, 382, 383, 384, 389, 390, 523, 546, 555, 557, 795, 803, 809, 819, 832, 833, 834, 839, 840]","[83, 85, 151, 152, 153, 554, 556, 622, 623, 624, 625]",[],0/6 successful match,False,,False,479,False,,1.0,True,Zip Trip # 21 ( Cenex ),Cenex
Grangeville ( 83530 ) Zip Trip # 21 ( Cenex ),2 208-983-7508 US 95 & ID 13,24 S,Grangeville,83530,Zip Trip # 21 ( Cenex ),208-983-7508,2016,Grangeville,ID,Cenex,,US 95 & ID 13,empty,,False,,False,US 95,ID 13,,,,[],[],[],[],[],"[8, 43, 71, 84, 86, 339, 348, 354, 360, 369, 382, 383, 384, 389, 390, 523, 546, 555, 557, 795, 803, 809, 819, 832, 833, 834, 839, 840]",[],"[83, 85, 151, 152, 153, 554, 556, 622, 623, 624, 625]","[384, 389, 390, 8, 523, 151, 152, 153, 795, 546, 803, 809, 554, 43, 555, 557, 556, 819, 832, 833, 834, 71, 839, 840, 339, 84, 83, 86, 85, 348, 354, 360, 622, 623, 624, 369, 625, 382, 383]",False,[],[],[],[],"[8, 43, 71, 84, 86, 339, 348, 354, 360, 369, 382, 383, 384, 389, 390, 523, 546, 555, 557, 795, 803, 809, 819, 832, 833, 834, 839, 840]","[83, 85, 151, 152, 153, 554, 556, 622, 623, 624, 625]",[],0/6 successful match,False,,False,479,False,,1.0,True,Zip Trip # 21 ( Cenex ),Cenex
"Mountain Home , 83647 Sunset C Store ( Sinclair )",= 3208-587-7661 I-84 Business & 10th ( betw Exit 90 & 95 ),24 24 <U+2610> <U+2610>,Mountain Home,83647,Sunset C Store ( Sinclair ),208-587-7661,2006,Mountain Home,ID,Sinclair,( betw Exit 90 & 95 ),I-84 Business & 10th,empty,,False,,False,I-84,10th,,,,[],[],"[342, 364, 385, 798, 816, 835]",[],[],"[0, 5, 7, 10, 14, 19, 20, 22, 24, 32, 33, 34, 37, 38, 40, 44, 46, 48, 49, 51, 56, 61, 63, 65, 67, 68, 73, 74, 75, 76, 79, 81, 82, 83, 85, 87, 88, 92, 93, 95, 96, 99, 100, 101, 115, 116, 124, 134, 142, 161, 167, 169, 170, 186, 202, 240, 244, 254, 260, 267, 277, 300, 303, 307, 310, 322, 331, 376, 402, 416, 422, 423, 465, 485, 491, 493, 495, 499, 503, 504, 506, 508, 515, 518, 519, 521, 524, 526, 528, 533, 537, 539, 542, 543, 547, 548, 549, 550, 551, 553, 554, 556, 558, 559, 563, 564, 566, 567, 570, 571, 572, 586, 587, 595, 605, 613, 633, 639, 640, 641, 657, 672, 704, 717, 726, 736, 759, 761, 765, 768, 780, 788, 792, 826, 851, 867, 874, 875, 912]","[31, 142, 147, 180, 338, 352, 367, 387, 403, 405, 408, 410, 455, 465, 466, 468, 470, 472, 473, 483, 484, 514, 613, 618, 651, 794, 807, 837, 852, 854, 858, 861, 902, 912, 913, 915, 917, 919, 920, 931, 934, 935]","[31, 142, 147, 180, 338, 352, 367, 387, 403, 405, 408, 410, 455, 465, 466, 468, 470, 472, 473, 483, 484, 514, 613, 618, 651, 794, 807, 837, 852, 854, 858, 861, 902, 912, 913, 915, 917, 919, 920, 931, 934, 935]","[0, 514, 515, 5, 518, 7, 519, 521, 10, 524, 14, 526, 528, 19, 20, 533, 22, 24, 537, 539, 542, 543, 32, 33, 34, 547, 548, 37, 38, 549, 40, 550, 551, 553, 44, 554, 46, 556, 48, 49, 558, 51, 559, 563, 564, 566, 56, 567, 570, 571, 572, 61, 63, 65, 67, 68, 73, 74, 75, 76, 586, 587, 79, 81, 82, 83, 595, 85, 87, 88, 92, 93, 605, 95, 96, 99, 100, 101, 613, 618, 115, 116, 633, 124, 639, 640, 641, 134, 651, 142, 657, 147, 31, 672, 161, 167, 169, 170, 180, 186, 704, 202, 717, 726, 736, 240, 244, 759, 761, 765, 254, 768, 260, 267, 780, 788, 277, 792, 794, 798, 807, 300, 303, 816, 307, 310, 826, 322, 835, 837, 331, 338, 851, 852, 342, 854, 858, 861, 352, 867, 874, 875, 364, 367, 376, 385, 387, 902, 912, 913, 402, 403, 915, 405, 917, 919, 408, 920, 410, 416, 931, 422, 423, 934, 935, 455, 465, 466, 468, 470, 472, 473, 483, 484, 485, 491, 493, 495, 499, 503, 504, 506, 508]",False,[],[],"[342, 364, 385, 798, 816, 835]",[],"[0, 5, 7, 10, 14, 19, 20, 22, 24, 32, 33, 34, 37, 38, 40, 44, 46, 48, 49, 51, 56, 61, 63, 65, 67, 68, 73, 74, 75, 76, 79, 81, 82, 83, 85, 87, 88, 92, 93, 95, 96, 99, 100, 101, 115, 116, 124, 134, 142, 161, 167, 169, 170, 186, 202, 240, 244, 254, 260, 267, 277, 300, 303, 307, 310, 322, 331, 376, 402, 416, 422, 423, 465, 485, 491, 493, 495, 499, 503, 504, 506, 508, 515, 518, 519, 521, 524, 526, 528, 533, 537, 539, 542, 543, 547, 548, 549, 550, 551, 553, 554, 556, 558, 559, 563, 564, 566, 567, 570, 571, 572, 586, 587, 595, 605, 613, 633, 639, 640, 641, 657, 672, 704, 717, 726, 736, 759, 761, 765, 768, 780, 788, 792, 826, 851, 867, 874, 875, 912]","[31, 142, 147, 180, 338, 352, 367, 387, 403, 405, 408, 410, 455, 465, 466, 468, 470, 472, 473, 483, 484, 514, 613, 618, 651, 794, 807, 837, 852, 854, 858, 861, 902, 912, 913, 915, 917, 919, 920, 931, 934, 935]","[31, 142, 147, 180, 338, 352, 367, 387, 403, 405, 408, 410, 455, 465, 466, 468, 470, 472, 473, 483, 484, 514, 613, 618, 651, 794, 807, 837, 852, 854, 858, 861, 902, 912, 913, 915, 917, 919, 920, 931, 934, 935]",0/6 successful match,False,,False,480,False,,,,,
"Mountain Home , 83647 Sunset C Store ( Sinclair )",208-587-7661 I-84 Business & 10th ( betw Exit 90 & 95 ),95 ) FRS,Mountain Home,83647,Sunset C Store ( Sinclair ),208-587-7661,2007,Mountain Home,ID,Sinclair,( betw Exit 90 & 95 ),I-84 Business & 10th,empty,,False,,False,I-84,10th,,,,[],[],"[342, 364, 385, 798, 816, 835]",[],[],"[0, 5, 7, 10, 14, 19, 20, 22, 24, 32, 33, 34, 37, 38, 40, 44, 46, 48, 49, 51, 56, 61, 63, 65, 67, 68, 73, 74, 75, 76, 79, 81, 82, 83, 85, 87, 88, 92, 93, 95, 96, 99, 100, 101, 115, 116, 124, 134, 142, 161, 167, 169, 170, 186, 202, 240, 244, 254, 260, 267, 277, 300, 303, 307, 310, 322, 331, 376, 402, 416, 422, 423, 465, 485, 491, 493, 495, 499, 503, 504, 506, 508, 515, 518, 519, 521, 524, 526, 528, 533, 537, 539, 542, 543, 547, 548, 549, 550, 551, 553, 554, 556, 558, 559, 563, 564, 566, 567, 570, 571, 572, 586, 587, 595, 605, 613, 633, 639, 640, 641, 657, 672, 704, 717, 726, 736, 759, 761, 765, 768, 780, 788, 792, 826, 851, 867, 874, 875, 912]","[31, 142, 147, 180, 338, 352, 367, 387, 403, 405, 408, 410, 455, 465, 466, 468, 470, 472, 473, 483, 484, 514, 613, 618, 651, 794, 807, 837, 852, 854, 858, 861, 902, 912, 913, 915, 917, 919, 920, 931, 934, 935]","[31, 142, 147, 180, 338, 352, 367, 387, 403, 405, 408, 410, 455, 465, 466, 468, 470, 472, 473, 483, 484, 514, 613, 618, 651, 794, 807, 837, 852, 854, 858, 861, 902, 912, 913, 915, 917, 919, 920, 931, 934, 935]","[0, 514, 515, 5, 518, 7, 519, 521, 10, 524, 14, 526, 528, 19, 20, 533, 22, 24, 537, 539, 542, 543, 32, 33, 34, 547, 548, 37, 38, 549, 40, 550, 551, 553, 44, 554, 46, 556, 48, 49, 558, 51, 559, 563, 564, 566, 56, 567, 570, 571, 572, 61, 63, 65, 67, 68, 73, 74, 75, 76, 586, 587, 79, 81, 82, 83, 595, 85, 87, 88, 92, 93, 605, 95, 96, 99, 100, 101, 613, 618, 115, 116, 633, 124, 639, 640, 641, 134, 651, 142, 657, 147, 31, 672, 161, 167, 169, 170, 180, 186, 704, 202, 717, 726, 736, 240, 244, 759, 761, 765, 254, 768, 260, 267, 780, 788, 277, 792, 794, 798, 807, 300, 303, 816, 307, 310, 826, 322, 835, 837, 331, 338, 851, 852, 342, 854, 858, 861, 352, 867, 874, 875, 364, 367, 376, 385, 387, 902, 912, 913, 402, 403, 915, 405, 917, 919, 408, 920, 410, 416, 931, 422, 423, 934, 935, 455, 465, 466, 468, 470, 472, 473, 483, 484, 485, 491, 493, 495, 499, 503, 504, 506, 508]",False,[],[],"[342, 364, 385, 798, 816, 835]",[],"[0, 5, 7, 10, 14, 19, 20, 22, 24, 32, 33, 34, 37, 38, 40, 44, 46, 48, 49, 51, 56, 61, 63, 65, 67, 68, 73, 74, 75, 76, 79, 81, 82, 83, 85, 87, 88, 92, 93, 95, 96, 99, 100, 101, 115, 116, 124, 134, 142, 161, 167, 169, 170, 186, 202, 240, 244, 254, 260, 267, 277, 300, 303, 307, 310, 322, 331, 376, 402, 416, 422, 423, 465, 485, 491, 493, 495, 499, 503, 504, 506, 508, 515, 518, 519, 521, 524, 526, 528, 533, 537, 539, 542, 543, 547, 548, 549, 550, 551, 553, 554, 556, 558, 559, 563, 564, 566, 567, 570, 571, 572, 586, 587, 595, 605, 613, 633, 639, 640, 641, 657, 672, 704, 717, 726, 736, 759, 761, 765, 768, 780, 788, 792, 826, 851, 867, 874, 875, 912]","[31, 142, 147, 180, 338, 352, 367, 387, 403, 405, 408, 410, 455, 465, 466, 468, 470, 472, 473, 483, 484, 514, 613, 618, 651, 794, 807, 837, 852, 854, 858, 861, 902, 912, 913, 915, 917, 919, 920, 931, 934, 935]","[31, 142, 147, 180, 338, 352, 367, 387, 403, 405, 408, 410, 455, 465, 466, 468, 470, 472, 473, 483, 484, 514, 613, 618, 651, 794, 807, 837, 852, 854, 858, 861, 902, 912, 913, 915, 917, 919, 920, 931, 934, 935]",0/6 successful match,False,,False,480,False,,1.0,True,Sunset C Store ( Sinclair ),Sinclair
Mountain Home ( 83647 ) Sunset C Store ( Sinclair ),3 208-587-7661 I-84 Business & 10th ( betw Exit 90 & 95 ),) 24 <U+2610>,Mountain Home,83647,Sunset C Store ( Sinclair ),208-587-7661,2015,Mountain Home,ID,Sinclair,( betw Exit 90 & 95 ),I-84 Business & 10th,empty,,False,,False,I-84,10th,,,,[],[],"[342, 364, 385, 798, 816, 835]",[],[],"[0, 5, 7, 10, 14, 19, 20, 22, 24, 32, 33, 34, 37, 38, 40, 44, 46, 48, 49, 51, 56, 61, 63, 65, 67, 68, 73, 74, 75, 76, 79, 81, 82, 83, 85, 87, 88, 92, 93, 95, 96, 99, 100, 101, 115, 116, 124, 134, 142, 161, 167, 169, 170, 186, 202, 240, 244, 254, 260, 267, 277, 300, 303, 307, 310, 322, 331, 376, 402, 416, 422, 423, 465, 485, 491, 493, 495, 499, 503, 504, 506, 508, 515, 518, 519, 521, 524, 526, 528, 533, 537, 539, 542, 543, 547, 548, 549, 550, 551, 553, 554, 556, 558, 559, 563, 564, 566, 567, 570, 571, 572, 586, 587, 595, 605, 613, 633, 639, 640, 641, 657, 672, 704, 717, 726, 736, 759, 761, 765, 768, 780, 788, 792, 826, 851, 867, 874, 875, 912]","[31, 142, 147, 180, 338, 352, 367, 387, 403, 405, 408, 410, 455, 465, 466, 468, 470, 472, 473, 483, 484, 514, 613, 618, 651, 794, 807, 837, 852, 854, 858, 861, 902, 912, 913, 915, 917, 919, 920, 931, 934, 935]","[31, 142, 147, 180, 338, 352, 367, 387, 403, 405, 408, 410, 455, 465, 466, 468, 470, 472, 473, 483, 484, 514, 613, 618, 651, 794, 807, 837, 852, 854, 858, 861, 902, 912, 913, 915, 917, 919, 920, 931, 934, 935]","[0, 514, 515, 5, 518, 7, 519, 521, 10, 524, 14, 526, 528, 19, 20, 533, 22, 24, 537, 539, 542, 543, 32, 33, 34, 547, 548, 37, 38, 549, 40, 550, 551, 553, 44, 554, 46, 556, 48, 49, 558, 51, 559, 563, 564, 566, 56, 567, 570, 571, 572, 61, 63, 65, 67, 68, 73, 74, 75, 76, 586, 587, 79, 81, 82, 83, 595, 85, 87, 88, 92, 93, 605, 95, 96, 99, 100, 101, 613, 618, 115, 116, 633, 124, 639, 640, 641, 134, 651, 142, 657, 147, 31, 672, 161, 167, 169, 170, 180, 186, 704, 202, 717, 726, 736, 240, 244, 759, 761, 765, 254, 768, 260, 267, 780, 788, 277, 792, 794, 798, 807, 300, 303, 816, 307, 310, 826, 322, 835, 837, 331, 338, 851, 852, 342, 854, 858, 861, 352, 867, 874, 875, 364, 367, 376, 385, 387, 902, 912, 913, 402, 403, 915, 405, 917, 919, 408, 920, 410, 416, 931, 422, 423, 934, 935, 455, 465, 466, 468, 470, 472, 473, 483, 484, 485, 491, 493, 495, 499, 503, 504, 506, 508]",False,[],[],"[342, 364, 385, 798, 816, 835]",[],"[0, 5, 7, 10, 14, 19, 20, 22, 24, 32, 33, 34, 37, 38, 40, 44, 46, 48, 49, 51, 56, 61, 63, 65, 67, 68, 73, 74, 75, 76, 79, 81, 82, 83, 85, 87, 88, 92, 93, 95, 96, 99, 100, 101, 115, 116, 124, 134, 142, 161, 167, 169, 170, 186, 202, 240, 244, 254, 260, 267, 277, 300, 303, 307, 310, 322, 331, 376, 402, 416, 422, 423, 465, 485, 491, 493, 495, 499, 503, 504, 506, 508, 515, 518, 519, 521, 524, 526, 528, 533, 537, 539, 542, 543, 547, 548, 549, 550, 551, 553, 554, 556, 558, 559, 563, 564, 566, 567, 570, 571, 572, 586, 587, 595, 605, 613, 633, 639, 640, 641, 657, 672, 704, 717, 726, 736, 759, 761, 765, 768, 780, 788, 792, 826, 851, 867, 874, 875, 912]","[31, 142, 147, 180, 338, 352, 367, 387, 403, 405, 408, 410, 455, 465, 466, 468, 470, 472, 473, 483, 484, 514, 613, 618, 651, 794, 807, 837, 852, 854, 858, 861, 902, 912, 913, 915, 917, 919, 920, 931, 934, 935]","[31, 142, 147, 180, 338, 352, 367, 387, 403, 405, 408, 410, 455, 465, 466, 468, 470, 472, 473, 483, 484, 514, 613, 618, 651, 794, 807, 837, 852, 854, 858, 861, 902, 912, 913, 915, 917, 919, 920, 931, 934, 935]",0/6 successful match,False,,False,481,False,,,,,
Nampa ( 83687 ) Maverik # 287,208-442-6446 I-84 Exit 36 ( Franklin Blvd N ),24 22 <U+2610> <U+25A1> <U+25A1>,Nampa,83687,Maverik # 287,208-442-6446,2016,Nampa,ID,,( Franklin Blvd N ),I-84 Exit 36 ,Exit,36,False,,False,I-84,,,,,[],[],[],[],[],"[402, 416, 422, 423, 465, 851, 867, 874, 875, 912]",[],"[50, 51, 52, 53, 219, 220, 221, 222, 362, 363, 364, 365, 439, 440, 441, 442, 443, 444, 445, 446, 447, 448, 449, 450, 529, 815, 816, 890, 891, 892, 893, 894, 895, 896, 897]","[896, 897, 912, 529, 402, 416, 422, 423, 815, 816, 50, 51, 52, 53, 439, 440, 441, 442, 443, 444, 445, 446, 447, 448, 449, 450, 465, 851, 219, 220, 221, 222, 867, 874, 875, 362, 363, 364, 365, 890, 891, 892, 893, 894, 895]",False,[],[],[],[],"[402, 416, 422, 423, 465, 851, 867, 874, 875, 912]","[50, 51, 52, 53, 219, 220, 221, 222, 362, 363, 364, 365, 439, 440, 441, 442, 443, 444, 445, 446, 447, 448, 449, 450, 529, 815, 816, 890, 891, 892, 893, 894, 895, 896, 897]",[],0/6 successful match,False,,False,481,True,2016,0.075,True,Sunset C Store ( Sinclair ),Sinclair
"B Bonners Ferry , 83805 Dyck's Oil & Auto ( Exxon )",208-267-3612 US 2-95 ( 1 mi S of town ),<U+2610>,Bonners Ferry,83805,Dyck's Oil & Auto ( Exxon ),208-267-3612,2006,Bonners Ferry,ID,Exxon,( 1 mi S of town ),US 2-95,empty,,False,,False,US 2-95,,,,,[],[],[],[],[],"[8, 43, 71, 84, 86, 256, 339, 348, 354, 360, 369, 382, 383, 384, 389, 390, 523, 546, 555, 557, 718, 795, 803, 809, 819, 832, 833, 834, 839, 840]","[398, 399, 400, 848, 849]","[4, 31, 59, 135, 142, 147, 180, 218, 229, 232, 264, 269, 299, 318, 320, 331, 338, 352, 367, 382, 387, 398, 399, 400, 403, 405, 408, 410, 455, 463, 465, 466, 468, 470, 472, 473, 483, 484, 490, 514, 535, 606, 613, 618, 651, 686, 693, 696, 724, 728, 758, 776, 778, 788, 794, 807, 832, 837, 848, 849, 852, 854, 858, 860, 861, 902, 910, 912, 913, 915, 917, 919, 920, 931, 934, 935]","[514, 4, 8, 523, 535, 31, 546, 43, 555, 557, 59, 71, 84, 86, 606, 613, 618, 135, 651, 142, 147, 686, 180, 693, 696, 718, 724, 728, 218, 229, 232, 758, 256, 264, 776, 778, 269, 788, 794, 795, 803, 807, 809, 299, 819, 318, 832, 833, 834, 320, 837, 839, 840, 331, 848, 849, 338, 339, 852, 854, 858, 348, 860, 861, 352, 354, 360, 367, 369, 382, 383, 384, 387, 389, 390, 902, 398, 399, 400, 910, 912, 403, 913, 405, 915, 917, 408, 919, 410, 920, 931, 934, 935, 455, 463, 465, 466, 468, 470, 472, 473, 483, 484, 490]",False,[],[],[],[],"[8, 43, 71, 84, 86, 256, 339, 348, 354, 360, 369, 382, 383, 384, 389, 390, 523, 546, 555, 557, 718, 795, 803, 809, 819, 832, 833, 834, 839, 840]","[4, 31, 59, 135, 142, 147, 180, 218, 229, 232, 264, 269, 299, 318, 320, 331, 338, 352, 367, 382, 387, 398, 399, 400, 403, 405, 408, 410, 455, 463, 465, 466, 468, 470, 472, 473, 483, 484, 490, 514, 535, 606, 613, 618, 651, 686, 693, 696, 724, 728, 758, 776, 778, 788, 794, 807, 832, 837, 848, 849, 852, 854, 858, 860, 861, 902, 910, 912, 913, 915, 917, 919, 920, 931, 934, 935]","[398, 399, 400, 848, 849]",0/6 successful match,False,,False,482,False,,,,,
"B Bonners Ferry , 83805 Dyck's Oil & Auto ( Exxon )",208-267-3612 US 2-95 ( 1 mi S of town ),<U+2610>,Bonners Ferry,83805,Dyck's Oil & Auto ( Exxon ),208-267-3612,2007,Bonners Ferry,ID,Exxon,( 1 mi S of town ),US 2-95,empty,,False,,False,US 2-95,,,,,[],[],[],[],[],"[8, 43, 71, 84, 86, 256, 339, 348, 354, 360, 369, 382, 383, 384, 389, 390, 523, 546, 555, 557, 718, 795, 803, 809, 819, 832, 833, 834, 839, 840]","[398, 399, 400, 848, 849]","[4, 31, 59, 135, 142, 147, 180, 218, 229, 232, 264, 269, 299, 318, 320, 331, 338, 352, 367, 382, 387, 398, 399, 400, 403, 405, 408, 410, 455, 463, 465, 466, 468, 470, 472, 473, 483, 484, 490, 514, 535, 606, 613, 618, 651, 686, 693, 696, 724, 728, 758, 776, 778, 788, 794, 807, 832, 837, 848, 849, 852, 854, 858, 860, 861, 902, 910, 912, 913, 915, 917, 919, 920, 931, 934, 935]","[514, 4, 8, 523, 535, 31, 546, 43, 555, 557, 59, 71, 84, 86, 606, 613, 618, 135, 651, 142, 147, 686, 180, 693, 696, 718, 724, 728, 218, 229, 232, 758, 256, 264, 776, 778, 269, 788, 794, 795, 803, 807, 809, 299, 819, 318, 832, 833, 834, 320, 837, 839, 840, 331, 848, 849, 338, 339, 852, 854, 858, 348, 860, 861, 352, 354, 360, 367, 369, 382, 383, 384, 387, 389, 390, 902, 398, 399, 400, 910, 912, 403, 913, 405, 915, 917, 408, 919, 410, 920, 931, 934, 935, 455, 463, 465, 466, 468, 470, 472, 473, 483, 484, 490]",False,[],[],[],[],"[8, 43, 71, 84, 86, 256, 339, 348, 354, 360, 369, 382, 383, 384, 389, 390, 523, 546, 555, 557, 718, 795, 803, 809, 819, 832, 833, 834, 839, 840]","[4, 31, 59, 135, 142, 147, 180, 218, 229, 232, 264, 269, 299, 318, 320, 331, 338, 352, 367, 382, 387, 398, 399, 400, 403, 405, 408, 410, 455, 463, 465, 466, 468, 470, 472, 473, 483, 484, 490, 514, 535, 606, 613, 618, 651, 686, 693, 696, 724, 728, 758, 776, 778, 788, 794, 807, 832, 837, 848, 849, 852, 854, 858, 860, 861, 902, 910, 912, 913, 915, 917, 919, 920, 931, 934, 935]","[398, 399, 400, 848, 849]",0/6 successful match,False,,False,482,False,,1.0,True,Dyck's Oil & Auto ( Exxon ),Exxon
"B Bonners Ferry , 83805 Dyck's Oil & Auto ( Exxon )",208-267-3612 US 2-95 ( 1 mi S of town ),IRS 24 L <U+2610> <U+2610> <U+2610> <U+2610> <U+2610> <U+2610>,Bonners Ferry,83805,Dyck's Oil & Auto ( Exxon ),208-267-3612,2008,Bonners Ferry,ID,Exxon,( 1 mi S of town ),US 2-95,empty,,False,,False,US 2-95,,,,,[],[],[],[],[],"[8, 43, 71, 84, 86, 256, 339, 348, 354, 360, 369, 382, 383, 384, 389, 390, 523, 546, 555, 557, 718, 795, 803, 809, 819, 832, 833, 834, 839, 840]","[398, 399, 400, 848, 849]","[4, 31, 59, 135, 142, 147, 180, 218, 229, 232, 264, 269, 299, 318, 320, 331, 338, 352, 367, 382, 387, 398, 399, 400, 403, 405, 408, 410, 455, 463, 465, 466, 468, 470, 472, 473, 483, 484, 490, 514, 535, 606, 613, 618, 651, 686, 693, 696, 724, 728, 758, 776, 778, 788, 794, 807, 832, 837, 848, 849, 852, 854, 858, 860, 861, 902, 910, 912, 913, 915, 917, 919, 920, 931, 934, 935]","[514, 4, 8, 523, 535, 31, 546, 43, 555, 557, 59, 71, 84, 86, 606, 613, 618, 135, 651, 142, 147, 686, 180, 693, 696, 718, 724, 728, 218, 229, 232, 758, 256, 264, 776, 778, 269, 788, 794, 795, 803, 807, 809, 299, 819, 318, 832, 833, 834, 320, 837, 839, 840, 331, 848, 849, 338, 339, 852, 854, 858, 348, 860, 861, 352, 354, 360, 367, 369, 382, 383, 384, 387, 389, 390, 902, 398, 399, 400, 910, 912, 403, 913, 405, 915, 917, 408, 919, 410, 920, 931, 934, 935, 455, 463, 465, 466, 468, 470, 472, 473, 483, 484, 490]",False,[],[],[],[],"[8, 43, 71, 84, 86, 256, 339, 348, 354, 360, 369, 382, 383, 384, 389, 390, 523, 546, 555, 557, 718, 795, 803, 809, 819, 832, 833, 834, 839, 840]","[4, 31, 59, 135, 142, 147, 180, 218, 229, 232, 264, 269, 299, 318, 320, 331, 338, 352, 367, 382, 387, 398, 399, 400, 403, 405, 408, 410, 455, 463, 465, 466, 468, 470, 472, 473, 483, 484, 490, 514, 535, 606, 613, 618, 651, 686, 693, 696, 724, 728, 758, 776, 778, 788, 794, 807, 832, 837, 848, 849, 852, 854, 858, 860, 861, 902, 910, 912, 913, 915, 917, 919, 920, 931, 934, 935]","[398, 399, 400, 848, 849]",0/6 successful match,False,,False,482,False,,1.0,True,Dyck's Oil & Auto ( Exxon ),Exxon
B Bonners Ferry ( 83805 ) Dyck's Oil & Auto ( Chevron ),2 208-267-3612 US 2-95 ( 1 mi S of town ),<U+25A1> <U+25A1>,Bonners Ferry,83805,Dyck's Oil & Auto ( Chevron ),208-267-3612,2016,Bonners Ferry,ID,Chevron,( 1 mi S of town ),US 2-95,empty,,False,,False,US 2-95,,,,,[],[],[],[],[],"[8, 43, 71, 84, 86, 256, 339, 348, 354, 360, 369, 382, 383, 384, 389, 390, 523, 546, 555, 557, 718, 795, 803, 809, 819, 832, 833, 834, 839, 840]","[12, 24, 25, 28, 88, 100, 104, 119, 123, 129, 136, 137, 139, 140, 141, 148, 155, 169, 172, 179, 183, 185, 188, 196, 198, 217, 237, 267, 270, 278, 319, 321, 324, 325, 330, 334, 335, 354, 366, 369, 380, 383, 384, 386, 395, 407, 411, 423, 428, 436, 437, 452, 453, 456, 467, 471, 477, 478, 479, 497, 508, 511, 559, 571, 575, 590, 594, 600, 607, 608, 610, 611, 612, 619, 627, 640, 643, 650, 654, 656, 659, 667, 669, 685, 701, 726, 729, 737, 777, 779, 782, 783, 787, 790, 791, 809, 817, 819, 830, 833, 834, 836, 845, 856, 857, 860, 862, 875, 880, 887, 888, 899, 900, 914, 918, 921, 928, 929, 930]","[4, 12, 24, 25, 28, 31, 59, 88, 100, 104, 119, 123, 129, 135, 136, 137, 139, 140, 141, 142, 147, 148, 155, 169, 172, 179, 180, 183, 185, 188, 196, 198, 217, 218, 229, 232, 237, 264, 267, 269, 270, 278, 299, 318, 319, 320, 321, 324, 325, 330, 331, 334, 335, 338, 352, 354, 366, 367, 369, 380, 382, 383, 384, 386, 387, 395, 403, 405, 407, 408, 410, 411, 423, 428, 436, 437, 452, 453, 455, 456, 463, 465, 466, 467, 468, 470, 471, 472, 473, 477, 478, 479, 483, 484, 490, 497, 508, 511, 514, 535, 559, 571, 575, 590, 594, 600, 606, 607, 608, 610, 611, 612, 613, 618, 619, 627, 640, 643, 650, 651, 654, 656, 659, 667, 669, 685, 686, 693, 696, 701, 724, 726, 728, 729, 737, 758, 776, 777, 778, 779, 782, 783, 787, 788, 790, 791, 794, 807, 809, 817, 819, 830, 832, 833, 834, 836, 837, 845, 852, 854, 856, 857, 858, 860, 861, 862, 875, 880, 887, 888, 899, 900, 902, 910, 912, 913, 914, 915, 917, 918, 919, 920, 921, 928, 929, 930, 931, 934, 935]","[514, 4, 8, 523, 12, 535, 24, 25, 28, 31, 546, 43, 555, 557, 559, 571, 59, 575, 318, 71, 590, 594, 84, 86, 88, 600, 606, 607, 608, 610, 611, 100, 612, 613, 104, 618, 619, 627, 119, 123, 640, 129, 643, 135, 136, 137, 650, 139, 140, 141, 654, 142, 656, 651, 659, 148, 147, 155, 667, 669, 169, 172, 685, 686, 179, 180, 693, 183, 696, 185, 188, 701, 196, 198, 718, 724, 726, 728, 217, 729, 218, 737, 229, 232, 237, 758, 256, 264, 777, 776, 267, 779, 269, 270, 782, 783, 778, 787, 788, 278, 790, 791, 794, 795, 803, 807, 809, 299, 817, 819, 830, 319, 832, 833, 834, 321, 324, 325, 836, 839, 840, 320, 330, 331, 837, 845, 334, 335, 338, 339, 852, 854, 856, 857, 858, 348, 860, 862, 861, 352, 354, 360, 875, 366, 367, 880, 369, 887, 888, 380, 382, 383, 384, 386, 899, 900, 389, 390, 387, 902, 395, 910, 912, 913, 914, 403, 915, 405, 918, 407, 408, 921, 410, 411, 917, 919, 920, 928, 929, 930, 931, 934, 423, 935, 428, 436, 437, 452, 453, 455, 456, 463, 465, 466, 467, 468, 470, 471, 472, 473, 477, 478, 479, 483, 484, 490, 497, 508, 511]",False,[],[],[],[],"[8, 43, 71, 84, 86, 256, 339, 348, 354, 360, 369, 382, 383, 384, 389, 390, 523, 546, 555, 557, 718, 795, 803, 809, 819, 832, 833, 834, 839, 840]","[4, 12, 24, 25, 28, 31, 59, 88, 100, 104, 119, 123, 129, 135, 136, 137, 139, 140, 141, 142, 147, 148, 155, 169, 172, 179, 180, 183, 185, 188, 196, 198, 217, 218, 229, 232, 237, 264, 267, 269, 270, 278, 299, 318, 319, 320, 321, 324, 325, 330, 331, 334, 335, 338, 352, 354, 366, 367, 369, 380, 382, 383, 384, 386, 387, 395, 403, 405, 407, 408, 410, 411, 423, 428, 436, 437, 452, 453, 455, 456, 463, 465, 466, 467, 468, 470, 471, 472, 473, 477, 478, 479, 483, 484, 490, 497, 508, 511, 514, 535, 559, 571, 575, 590, 594, 600, 606, 607, 608, 610, 611, 612, 613, 618, 619, 627, 640, 643, 650, 651, 654, 656, 659, 667, 669, 685, 686, 693, 696, 701, 724, 726, 728, 729, 737, 758, 776, 777, 778, 779, 782, 783, 787, 788, 790, 791, 794, 807, 809, 817, 819, 830, 832, 833, 834, 836, 837, 845, 852, 854, 856, 857, 858, 860, 861, 862, 875, 880, 887, 888, 899, 900, 902, 910, 912, 913, 914, 915, 917, 918, 919, 920, 921, 928, 929, 930, 931, 934, 935]","[12, 24, 25, 28, 88, 100, 104, 119, 123, 129, 136, 137, 139, 140, 141, 148, 155, 169, 172, 179, 183, 185, 188, 196, 198, 217, 237, 267, 270, 278, 319, 321, 324, 325, 330, 334, 335, 354, 366, 369, 380, 383, 384, 386, 395, 407, 411, 423, 428, 436, 437, 452, 453, 456, 467, 471, 477, 478, 479, 497, 508, 511, 559, 571, 575, 590, 594, 600, 607, 608, 610, 611, 612, 619, 627, 640, 643, 650, 654, 656, 659, 667, 669, 685, 701, 726, 729, 737, 777, 779, 782, 783, 787, 790, 791, 809, 817, 819, 830, 833, 834, 836, 845, 856, 857, 860, 862, 875, 880, 887, 888, 899, 900, 914, 918, 921, 928, 929, 930]",0/6 successful match,False,,False,483,False,,,,,
"Coeur D'Alene , 83814 Tesoro To Go 3 )",2 208-667-0538 I-90 Exit 15,24 HRS 455 S,Coeur Alene,83814,Tesoro To Go 3 ),208-667-0538,2006,Coeur D Alene,ID,Tesoro,,I-90 Exit 15,Exit,15,False,,False,I-90,,,,,[],[],[],"[300, 330, 759, 787]",[],"[9, 44, 217, 422, 494, 524, 685, 874]","[296, 409, 755, 859]","[284, 285, 296, 409, 743, 744, 755, 859]","[9, 524, 787, 409, 284, 285, 422, 296, 300, 44, 685, 330, 217, 859, 743, 744, 874, 494, 755, 759]",False,[],[],[],"[300, 330, 759, 787]","[9, 44, 217, 422, 494, 524, 685, 874]","[284, 285, 296, 409, 743, 744, 755, 859]","[296, 409, 755, 859]",0/6 successful match,False,,False,484,False,,,,,
"Coeur D'Alene , 83814 Tesoro To Go",2 208-667-0538 I-90 Exit 15,HRS 24 S,Coeur Alene,83814,Tesoro To Go,208-667-0538,2007,Coeur D Alene,ID,Tesoro,,I-90 Exit 15,Exit,15,False,,False,I-90,,,,,[],[],[],"[300, 330, 759, 787]",[],"[9, 44, 217, 422, 494, 524, 685, 874]","[296, 409, 755, 859]","[284, 285, 296, 409, 743, 744, 755, 859]","[9, 524, 787, 409, 284, 285, 422, 296, 300, 44, 685, 330, 217, 859, 743, 744, 874, 494, 755, 759]",False,[],[],[],"[300, 330, 759, 787]","[9, 44, 217, 422, 494, 524, 685, 874]","[284, 285, 296, 409, 743, 744, 755, 859]","[296, 409, 755, 859]",0/6 successful match,False,,False,484,False,,0.8571428571428572,True,Tesoro To Go 3 ),Tesoro
"Coeur D'Alene , 83814 Tesoro To Go",208-667-0538 I-90 Exit 15,HRS 24 XL 24,Coeur Alene,83814,Tesoro To Go,208-667-0538,2008,Coeur D Alene,ID,Tesoro,,I-90 Exit 15,Exit,15,False,,False,I-90,,,,,[],[],[],"[300, 330, 759, 787]",[],"[9, 44, 217, 422, 494, 524, 685, 874]","[296, 409, 755, 859]","[284, 285, 296, 409, 743, 744, 755, 859]","[9, 524, 787, 409, 284, 285, 422, 296, 300, 44, 685, 330, 217, 859, 743, 744, 874, 494, 755, 759]",False,[],[],[],"[300, 330, 759, 787]","[9, 44, 217, 422, 494, 524, 685, 874]","[284, 285, 296, 409, 743, 744, 755, 859]","[296, 409, 755, 859]",0/6 successful match,False,,False,484,False,,0.8999999999999999,True,Tesoro To Go,Tesoro
Coeur D'Alene ( 83814 ) Tesoro To Go 3 ),2 208-667-0538 I-90 Exit 15,24 0,Coeur Alene,83814,Tesoro To Go 3 ),208-667-0538,2014,Coeur D Alene,ID,Tesoro,,I-90 Exit 15,Exit,15,False,,False,I-90,,,,,[],[],[],"[300, 330, 759, 787]",[],"[9, 44, 217, 422, 494, 524, 685, 874]","[296, 409, 755, 859]","[284, 285, 296, 409, 743, 744, 755, 859]","[9, 524, 787, 409, 284, 285, 422, 296, 300, 44, 685, 330, 217, 859, 743, 744, 874, 494, 755, 759]",False,[],[],[],"[300, 330, 759, 787]","[9, 44, 217, 422, 494, 524, 685, 874]","[284, 285, 296, 409, 743, 744, 755, 859]","[296, 409, 755, 859]",0/6 successful match,False,,False,484,False,,0.8571428571428572,True,Tesoro To Go,Tesoro
Coeur D'Alene ( 83814 ) To Go # 62133 ( Tesoro ) - Hwy 3 ),2 208-667-0538 I-90 Exit 15,24 <U+2610>,Coeur Alene,83814,To Go # 62133 ( Tesoro ) - Hwy 3 ),208-667-0538,2015,Coeur D Alene,ID,Tesoro,,I-90 Exit 15,Exit,15,False,,False,I-90,,,,,[],[],[],"[300, 330, 759, 787]",[],"[9, 44, 217, 422, 494, 524, 685, 874]","[296, 409, 755, 859]","[284, 285, 296, 409, 743, 744, 755, 859]","[9, 524, 787, 409, 284, 285, 422, 296, 300, 44, 685, 330, 217, 859, 743, 744, 874, 494, 755, 759]",False,[],[],[],"[300, 330, 759, 787]","[9, 44, 217, 422, 494, 524, 685, 874]","[284, 285, 296, 409, 743, 744, 755, 859]","[296, 409, 755, 859]",0/6 successful match,False,,False,484,False,,0.47733333333333333,True,Tesoro To Go 3 ),Tesoro
Post Falls ( 83854 ) Love's Travel Stop # 301,1 208-773-4577 I-90 Exit 2 ( Pleasant View Rd N ),124 <U+2610> L <U+2610> <U+2610> <U+2610> <U+2610>,Post Falls,83854,Love's Travel Stop # 301,208-773-4577,2014,Post Falls,ID,Love's,( Pleasant View Rd N ),I-90 Exit 2 ,Exit,2,False,,False,I-90,,,,,[],[],[],"[181, 236, 652, 700]",[],"[9, 44, 217, 422, 494, 524, 685, 874]","[34, 35, 36, 37, 38, 39, 40, 41, 42, 43, 44, 45, 46, 47, 48, 201, 202, 203, 204, 205, 206, 207, 208, 209, 210, 211, 212, 213, 214, 215, 216, 355, 356, 357, 358, 359, 360, 361, 429, 430, 431, 432, 433, 434, 435, 515, 516, 517, 518, 519, 520, 521, 522, 523, 524, 525, 526, 527, 672, 673, 674, 675, 676, 677, 678, 679, 680, 681, 682, 683, 684, 810, 811, 812, 813, 814, 881, 882, 883, 884, 885, 886]","[32, 33, 34, 35, 36, 37, 38, 39, 40, 41, 42, 43, 44, 45, 46, 47, 48, 201, 202, 203, 204, 205, 206, 207, 208, 209, 210, 211, 212, 213, 214, 215, 216, 355, 356, 357, 358, 359, 360, 361, 429, 430, 431, 432, 433, 434, 435, 515, 516, 517, 518, 519, 520, 521, 522, 523, 524, 525, 526, 527, 672, 673, 674, 675, 676, 677, 678, 679, 680, 681, 682, 683, 684, 810, 811, 812, 813, 814, 881, 882, 883, 884, 885, 886]","[515, 516, 517, 518, 519, 520, 9, 521, 522, 524, 523, 525, 526, 527, 32, 33, 34, 35, 36, 37, 38, 39, 40, 41, 42, 43, 44, 45, 46, 47, 48, 652, 672, 673, 674, 675, 676, 677, 678, 679, 680, 681, 682, 683, 684, 685, 181, 700, 201, 202, 203, 204, 205, 206, 207, 208, 209, 210, 211, 212, 213, 214, 215, 216, 217, 236, 810, 811, 812, 813, 814, 355, 356, 357, 358, 359, 360, 361, 874, 881, 882, 883, 884, 885, 886, 422, 429, 430, 431, 432, 433, 434, 435, 494]",False,[],[],[],"[181, 236, 652, 700]","[9, 44, 217, 422, 494, 524, 685, 874]","[32, 33, 34, 35, 36, 37, 38, 39, 40, 41, 42, 43, 44, 45, 46, 47, 48, 201, 202, 203, 204, 205, 206, 207, 208, 209, 210, 211, 212, 213, 214, 215, 216, 355, 356, 357, 358, 359, 360, 361, 429, 430, 431, 432, 433, 434, 435, 515, 516, 517, 518, 519, 520, 521, 522, 523, 524, 525, 526, 527, 672, 673, 674, 675, 676, 677, 678, 679, 680, 681, 682, 683, 684, 810, 811, 812, 813, 814, 881, 882, 883, 884, 885, 886]","[34, 35, 36, 37, 38, 39, 40, 41, 42, 43, 44, 45, 46, 47, 48, 201, 202, 203, 204, 205, 206, 207, 208, 209, 210, 211, 212, 213, 214, 215, 216, 355, 356, 357, 358, 359, 360, 361, 429, 430, 431, 432, 433, 434, 435, 515, 516, 517, 518, 519, 520, 521, 522, 523, 524, 525, 526, 527, 672, 673, 674, 675, 676, 677, 678, 679, 680, 681, 682, 683, 684, 810, 811, 812, 813, 814, 881, 882, 883, 884, 885, 886]",0/6 successful match,False,,False,485,False,,,,,
C Post Falls ( 83854 ) Love's Travel Stop # 301,208-773-4577 I-90 Exit 2 ( Pleasant View Rd N ),24,Post Falls,83854,Love's Travel Stop # 301,208-773-4577,2015,Post Falls,ID,Love's,( Pleasant View Rd N ),I-90 Exit 2 ,Exit,2,False,,False,I-90,,,,,[],[],[],"[181, 236, 652, 700]",[],"[9, 44, 217, 422, 494, 524, 685, 874]","[34, 35, 36, 37, 38, 39, 40, 41, 42, 43, 44, 45, 46, 47, 48, 201, 202, 203, 204, 205, 206, 207, 208, 209, 210, 211, 212, 213, 214, 215, 216, 355, 356, 357, 358, 359, 360, 361, 429, 430, 431, 432, 433, 434, 435, 515, 516, 517, 518, 519, 520, 521, 522, 523, 524, 525, 526, 527, 672, 673, 674, 675, 676, 677, 678, 679, 680, 681, 682, 683, 684, 810, 811, 812, 813, 814, 881, 882, 883, 884, 885, 886]","[32, 33, 34, 35, 36, 37, 38, 39, 40, 41, 42, 43, 44, 45, 46, 47, 48, 201, 202, 203, 204, 205, 206, 207, 208, 209, 210, 211, 212, 213, 214, 215, 216, 355, 356, 357, 358, 359, 360, 361, 429, 430, 431, 432, 433, 434, 435, 515, 516, 517, 518, 519, 520, 521, 522, 523, 524, 525, 526, 527, 672, 673, 674, 675, 676, 677, 678, 679, 680, 681, 682, 683, 684, 810, 811, 812, 813, 814, 881, 882, 883, 884, 885, 886]","[515, 516, 517, 518, 519, 520, 9, 521, 522, 524, 523, 525, 526, 527, 32, 33, 34, 35, 36, 37, 38, 39, 40, 41, 42, 43, 44, 45, 46, 47, 48, 652, 672, 673, 674, 675, 676, 677, 678, 679, 680, 681, 682, 683, 684, 685, 181, 700, 201, 202, 203, 204, 205, 206, 207, 208, 209, 210, 211, 212, 213, 214, 215, 216, 217, 236, 810, 811, 812, 813, 814, 355, 356, 357, 358, 359, 360, 361, 874, 881, 882, 883, 884, 885, 886, 422, 429, 430, 431, 432, 433, 434, 435, 494]",False,[],[],[],"[181, 236, 652, 700]","[9, 44, 217, 422, 494, 524, 685, 874]","[32, 33, 34, 35, 36, 37, 38, 39, 40, 41, 42, 43, 44, 45, 46, 47, 48, 201, 202, 203, 204, 205, 206, 207, 208, 209, 210, 211, 212, 213, 214, 215, 216, 355, 356, 357, 358, 359, 360, 361, 429, 430, 431, 432, 433, 434, 435, 515, 516, 517, 518, 519, 520, 521, 522, 523, 524, 525, 526, 527, 672, 673, 674, 675, 676, 677, 678, 679, 680, 681, 682, 683, 684, 810, 811, 812, 813, 814, 881, 882, 883, 884, 885, 886]","[34, 35, 36, 37, 38, 39, 40, 41, 42, 43, 44, 45, 46, 47, 48, 201, 202, 203, 204, 205, 206, 207, 208, 209, 210, 211, 212, 213, 214, 215, 216, 355, 356, 357, 358, 359, 360, 361, 429, 430, 431, 432, 433, 434, 435, 515, 516, 517, 518, 519, 520, 521, 522, 523, 524, 525, 526, 527, 672, 673, 674, 675, 676, 677, 678, 679, 680, 681, 682, 683, 684, 810, 811, 812, 813, 814, 881, 882, 883, 884, 885, 886]",0/6 successful match,False,,False,485,False,,1.0,True,Love's Travel Stop # 301,Love's
Post Falls ( 83854 ) Love's Travel Stop # 301,208-773-4577 I-90 Exit 2 ( Pleasant View Rd N ),24 0240,Post Falls,83854,Love's Travel Stop # 301,208-773-4577,2016,Post Falls,ID,Love's,( Pleasant View Rd N ),I-90 Exit 2 ,Exit,2,False,,False,I-90,,,,,[],[],[],"[181, 236, 652, 700]",[],"[9, 44, 217, 422, 494, 524, 685, 874]","[34, 35, 36, 37, 38, 39, 40, 41, 42, 43, 44, 45, 46, 47, 48, 201, 202, 203, 204, 205, 206, 207, 208, 209, 210, 211, 212, 213, 214, 215, 216, 355, 356, 357, 358, 359, 360, 361, 429, 430, 431, 432, 433, 434, 435, 515, 516, 517, 518, 519, 520, 521, 522, 523, 524, 525, 526, 527, 672, 673, 674, 675, 676, 677, 678, 679, 680, 681, 682, 683, 684, 810, 811, 812, 813, 814, 881, 882, 883, 884, 885, 886]","[32, 33, 34, 35, 36, 37, 38, 39, 40, 41, 42, 43, 44, 45, 46, 47, 48, 201, 202, 203, 204, 205, 206, 207, 208, 209, 210, 211, 212, 213, 214, 215, 216, 355, 356, 357, 358, 359, 360, 361, 429, 430, 431, 432, 433, 434, 435, 515, 516, 517, 518, 519, 520, 521, 522, 523, 524, 525, 526, 527, 672, 673, 674, 675, 676, 677, 678, 679, 680, 681, 682, 683, 684, 810, 811, 812, 813, 814, 881, 882, 883, 884, 885, 886]","[515, 516, 517, 518, 519, 520, 9, 521, 522, 524, 523, 525, 526, 527, 32, 33, 34, 35, 36, 37, 38, 39, 40, 41, 42, 43, 44, 45, 46, 47, 48, 652, 672, 673, 674, 675, 676, 677, 678, 679, 680, 681, 682, 683, 684, 685, 181, 700, 201, 202, 203, 204, 205, 206, 207, 208, 209, 210, 211, 212, 213, 214, 215, 216, 217, 236, 810, 811, 812, 813, 814, 355, 356, 357, 358, 359, 360, 361, 874, 881, 882, 883, 884, 885, 886, 422, 429, 430, 431, 432, 433, 434, 435, 494]",False,[],[],[],"[181, 236, 652, 700]","[9, 44, 217, 422, 494, 524, 685, 874]","[32, 33, 34, 35, 36, 37, 38, 39, 40, 41, 42, 43, 44, 45, 46, 47, 48, 201, 202, 203, 204, 205, 206, 207, 208, 209, 210, 211, 212, 213, 214, 215, 216, 355, 356, 357, 358, 359, 360, 361, 429, 430, 431, 432, 433, 434, 435, 515, 516, 517, 518, 519, 520, 521, 522, 523, 524, 525, 526, 527, 672, 673, 674, 675, 676, 677, 678, 679, 680, 681, 682, 683, 684, 810, 811, 812, 813, 814, 881, 882, 883, 884, 885, 886]","[34, 35, 36, 37, 38, 39, 40, 41, 42, 43, 44, 45, 46, 47, 48, 201, 202, 203, 204, 205, 206, 207, 208, 209, 210, 211, 212, 213, 214, 215, 216, 355, 356, 357, 358, 359, 360, 361, 429, 430, 431, 432, 433, 434, 435, 515, 516, 517, 518, 519, 520, 521, 522, 523, 524, 525, 526, 527, 672, 673, 674, 675, 676, 677, 678, 679, 680, 681, 682, 683, 684, 810, 811, 812, 813, 814, 881, 882, 883, 884, 885, 886]",0/6 successful match,False,,False,485,False,,1.0,True,Love's Travel Stop # 301,Love's
"Saint Maries , 83861 Saint Maries Oil Company ( Conoco )",208-245-2561 ID 5 ( 1.25 mi W of ID 3 ),S,Saint Maries,83861,Saint Maries Oil Company ( Conoco ),208-245-2561,2006,Saint Maries,ID,Conoco,( 1.25 mi W of ID 3 ),ID 5,empty,,False,,False,ID 5,,,,,[],[],[],[],[],"[105, 114, 138, 141, 152, 153, 154, 155, 157, 159, 164, 165, 176, 182, 191, 192, 194, 195, 196, 200, 204, 208, 209, 210, 211, 215, 226, 228, 241, 242, 243, 245, 248, 249, 250, 257, 261, 270, 271, 282, 287, 289, 291, 294, 296, 298, 306, 308, 309, 311, 314, 327, 333, 335, 337, 576, 585, 609, 612, 623, 624, 626, 627, 629, 631, 636, 637, 647, 653, 662, 663, 665, 666, 667, 671, 674, 678, 679, 680, 681, 690, 692, 705, 706, 707, 709, 711, 712, 713, 719, 721, 729, 730, 741, 746, 748, 750, 753, 755, 757, 764, 766, 767, 769, 772, 785, 791]","[3, 27, 349, 406, 451, 489, 510, 804, 855, 898]","[3, 4, 27, 31, 59, 135, 142, 147, 180, 218, 229, 232, 264, 269, 299, 318, 320, 331, 338, 349, 352, 367, 382, 387, 403, 405, 406, 408, 410, 451, 455, 463, 465, 466, 468, 470, 472, 473, 483, 484, 489, 490, 510, 514, 535, 606, 613, 618, 651, 686, 693, 696, 724, 728, 758, 776, 778, 788, 794, 804, 807, 832, 837, 852, 854, 855, 858, 860, 861, 898, 902, 910, 912, 913, 915, 917, 919, 920, 931, 934, 935]","[514, 3, 4, 535, 27, 31, 59, 576, 585, 606, 609, 612, 613, 105, 618, 623, 624, 114, 626, 627, 629, 631, 636, 637, 647, 135, 138, 651, 141, 653, 142, 147, 662, 663, 152, 153, 154, 667, 155, 157, 665, 159, 666, 671, 674, 164, 165, 678, 679, 680, 681, 686, 176, 690, 692, 180, 182, 693, 696, 191, 192, 705, 194, 195, 196, 706, 707, 709, 200, 711, 712, 713, 204, 719, 208, 209, 210, 211, 721, 724, 215, 728, 729, 730, 218, 226, 228, 741, 229, 232, 746, 748, 750, 241, 242, 243, 753, 245, 755, 757, 248, 249, 250, 758, 764, 766, 767, 257, 769, 772, 261, 264, 776, 778, 269, 270, 271, 785, 788, 791, 282, 794, 287, 289, 291, 804, 294, 807, 296, 298, 299, 306, 308, 309, 311, 314, 318, 320, 832, 837, 327, 331, 333, 335, 337, 338, 852, 854, 855, 858, 860, 349, 861, 352, 367, 382, 898, 387, 902, 910, 912, 913, 403, 915, 405, 406, 917, 408, 919, 410, 920, 931, 934, 935, 451, 455, 463, 465, 466, 468, 470, 472, 473, 483, 484, 489, 490, 510]",False,[],[],[],[],"[105, 114, 138, 141, 152, 153, 154, 155, 157, 159, 164, 165, 176, 182, 191, 192, 194, 195, 196, 200, 204, 208, 209, 210, 211, 215, 226, 228, 241, 242, 243, 245, 248, 249, 250, 257, 261, 270, 271, 282, 287, 289, 291, 294, 296, 298, 306, 308, 309, 311, 314, 327, 333, 335, 337, 576, 585, 609, 612, 623, 624, 626, 627, 629, 631, 636, 637, 647, 653, 662, 663, 665, 666, 667, 671, 674, 678, 679, 680, 681, 690, 692, 705, 706, 707, 709, 711, 712, 713, 719, 721, 729, 730, 741, 746, 748, 750, 753, 755, 757, 764, 766, 767, 769, 772, 785, 791]","[3, 4, 27, 31, 59, 135, 142, 147, 180, 218, 229, 232, 264, 269, 299, 318, 320, 331, 338, 349, 352, 367, 382, 387, 403, 405, 406, 408, 410, 451, 455, 463, 465, 466, 468, 470, 472, 473, 483, 484, 489, 490, 510, 514, 535, 606, 613, 618, 651, 686, 693, 696, 724, 728, 758, 776, 778, 788, 794, 804, 807, 832, 837, 852, 854, 855, 858, 860, 861, 898, 902, 910, 912, 913, 915, 917, 919, 920, 931, 934, 935]","[3, 27, 349, 406, 451, 489, 510, 804, 855, 898]",0/6 successful match,False,,False,486,False,,,,,
"Saint Maries , 83861 Saint Maries Oil Company ( Conoco )",208-245-2561 ID 5 ( 1.25 mi W of ID 3 ),0,Saint Maries,83861,Saint Maries Oil Company ( Conoco ),208-245-2561,2007,Saint Maries,ID,Conoco,( 1.25 mi W of ID 3 ),ID 5,empty,,False,,False,ID 5,,,,,[],[],[],[],[],"[105, 114, 138, 141, 152, 153, 154, 155, 157, 159, 164, 165, 176, 182, 191, 192, 194, 195, 196, 200, 204, 208, 209, 210, 211, 215, 226, 228, 241, 242, 243, 245, 248, 249, 250, 257, 261, 270, 271, 282, 287, 289, 291, 294, 296, 298, 306, 308, 309, 311, 314, 327, 333, 335, 337, 576, 585, 609, 612, 623, 624, 626, 627, 629, 631, 636, 637, 647, 653, 662, 663, 665, 666, 667, 671, 674, 678, 679, 680, 681, 690, 692, 705, 706, 707, 709, 711, 712, 713, 719, 721, 729, 730, 741, 746, 748, 750, 753, 755, 757, 764, 766, 767, 769, 772, 785, 791]","[3, 27, 349, 406, 451, 489, 510, 804, 855, 898]","[3, 4, 27, 31, 59, 135, 142, 147, 180, 218, 229, 232, 264, 269, 299, 318, 320, 331, 338, 349, 352, 367, 382, 387, 403, 405, 406, 408, 410, 451, 455, 463, 465, 466, 468, 470, 472, 473, 483, 484, 489, 490, 510, 514, 535, 606, 613, 618, 651, 686, 693, 696, 724, 728, 758, 776, 778, 788, 794, 804, 807, 832, 837, 852, 854, 855, 858, 860, 861, 898, 902, 910, 912, 913, 915, 917, 919, 920, 931, 934, 935]","[514, 3, 4, 535, 27, 31, 59, 576, 585, 606, 609, 612, 613, 105, 618, 623, 624, 114, 626, 627, 629, 631, 636, 637, 647, 135, 138, 651, 141, 653, 142, 147, 662, 663, 152, 153, 154, 667, 155, 157, 665, 159, 666, 671, 674, 164, 165, 678, 679, 680, 681, 686, 176, 690, 692, 180, 182, 693, 696, 191, 192, 705, 194, 195, 196, 706, 707, 709, 200, 711, 712, 713, 204, 719, 208, 209, 210, 211, 721, 724, 215, 728, 729, 730, 218, 226, 228, 741, 229, 232, 746, 748, 750, 241, 242, 243, 753, 245, 755, 757, 248, 249, 250, 758, 764, 766, 767, 257, 769, 772, 261, 264, 776, 778, 269, 270, 271, 785, 788, 791, 282, 794, 287, 289, 291, 804, 294, 807, 296, 298, 299, 306, 308, 309, 311, 314, 318, 320, 832, 837, 327, 331, 333, 335, 337, 338, 852, 854, 855, 858, 860, 349, 861, 352, 367, 382, 898, 387, 902, 910, 912, 913, 403, 915, 405, 406, 917, 408, 919, 410, 920, 931, 934, 935, 451, 455, 463, 465, 466, 468, 470, 472, 473, 483, 484, 489, 490, 510]",False,[],[],[],[],"[105, 114, 138, 141, 152, 153, 154, 155, 157, 159, 164, 165, 176, 182, 191, 192, 194, 195, 196, 200, 204, 208, 209, 210, 211, 215, 226, 228, 241, 242, 243, 245, 248, 249, 250, 257, 261, 270, 271, 282, 287, 289, 291, 294, 296, 298, 306, 308, 309, 311, 314, 327, 333, 335, 337, 576, 585, 609, 612, 623, 624, 626, 627, 629, 631, 636, 637, 647, 653, 662, 663, 665, 666, 667, 671, 674, 678, 679, 680, 681, 690, 692, 705, 706, 707, 709, 711, 712, 713, 719, 721, 729, 730, 741, 746, 748, 750, 753, 755, 757, 764, 766, 767, 769, 772, 785, 791]","[3, 4, 27, 31, 59, 135, 142, 147, 180, 218, 229, 232, 264, 269, 299, 318, 320, 331, 338, 349, 352, 367, 382, 387, 403, 405, 406, 408, 410, 451, 455, 463, 465, 466, 468, 470, 472, 473, 483, 484, 489, 490, 510, 514, 535, 606, 613, 618, 651, 686, 693, 696, 724, 728, 758, 776, 778, 788, 794, 804, 807, 832, 837, 852, 854, 855, 858, 860, 861, 898, 902, 910, 912, 913, 915, 917, 919, 920, 931, 934, 935]","[3, 27, 349, 406, 451, 489, 510, 804, 855, 898]",0/6 successful match,False,,False,486,False,,1.0,True,Saint Maries Oil Company ( Conoco ),Conoco
"Saint Maries , 83861 Saint Maries Oil Company (",2 208-245-2561 ID 5 ( 1.25 mi W of ID 3 ) Conoco ),<U+2610><U+2610><U+2610>,Saint Maries,83861,Saint Maries Oil Company (,208-245-2561,2008,Saint Maries,ID,,( 1.25 mi W of ID 3 ) Conoco ),ID 5,empty,,False,,False,ID 5,,,,,[],[],[],[],[],"[105, 114, 138, 141, 152, 153, 154, 155, 157, 159, 164, 165, 176, 182, 191, 192, 194, 195, 196, 200, 204, 208, 209, 210, 211, 215, 226, 228, 241, 242, 243, 245, 248, 249, 250, 257, 261, 270, 271, 282, 287, 289, 291, 294, 296, 298, 306, 308, 309, 311, 314, 327, 333, 335, 337, 576, 585, 609, 612, 623, 624, 626, 627, 629, 631, 636, 637, 647, 653, 662, 663, 665, 666, 667, 671, 674, 678, 679, 680, 681, 690, 692, 705, 706, 707, 709, 711, 712, 713, 719, 721, 729, 730, 741, 746, 748, 750, 753, 755, 757, 764, 766, 767, 769, 772, 785, 791]",[],"[4, 31, 59, 135, 142, 147, 180, 218, 229, 232, 264, 269, 299, 318, 320, 331, 338, 352, 367, 382, 387, 403, 405, 408, 410, 455, 463, 465, 466, 468, 470, 472, 473, 483, 484, 490, 514, 535, 606, 613, 618, 651, 686, 693, 696, 724, 728, 758, 776, 778, 788, 794, 807, 832, 837, 852, 854, 858, 860, 861, 902, 910, 912, 913, 915, 917, 919, 920, 931, 934, 935]","[514, 4, 535, 31, 59, 576, 585, 606, 609, 612, 613, 105, 618, 623, 624, 114, 626, 627, 629, 631, 636, 637, 647, 135, 138, 651, 141, 653, 142, 147, 662, 663, 152, 153, 154, 667, 155, 157, 665, 159, 666, 671, 674, 164, 165, 678, 679, 680, 681, 686, 176, 690, 692, 180, 182, 693, 696, 191, 192, 705, 194, 195, 196, 706, 707, 709, 200, 711, 712, 713, 204, 719, 208, 209, 210, 211, 721, 724, 215, 728, 729, 730, 218, 226, 228, 741, 229, 232, 746, 748, 750, 241, 242, 243, 753, 245, 755, 757, 248, 249, 250, 758, 764, 766, 767, 257, 769, 772, 261, 264, 776, 778, 269, 270, 271, 785, 788, 791, 282, 794, 287, 289, 291, 294, 807, 296, 298, 299, 306, 308, 309, 311, 314, 318, 320, 832, 837, 327, 331, 333, 335, 337, 338, 852, 854, 858, 860, 861, 352, 367, 382, 387, 902, 910, 912, 913, 403, 915, 405, 917, 919, 408, 920, 410, 931, 934, 935, 455, 463, 465, 466, 468, 470, 472, 473, 483, 484, 490]",False,[],[],[],[],"[105, 114, 138, 141, 152, 153, 154, 155, 157, 159, 164, 165, 176, 182, 191, 192, 194, 195, 196, 200, 204, 208, 209, 210, 211, 215, 226, 228, 241, 242, 243, 245, 248, 249, 250, 257, 261, 270, 271, 282, 287, 289, 291, 294, 296, 298, 306, 308, 309, 311, 314, 327, 333, 335, 337, 576, 585, 609, 612, 623, 624, 626, 627, 629, 631, 636, 637, 647, 653, 662, 663, 665, 666, 667, 671, 674, 678, 679, 680, 681, 690, 692, 705, 706, 707, 709, 711, 712, 713, 719, 721, 729, 730, 741, 746, 748, 750, 753, 755, 757, 764, 766, 767, 769, 772, 785, 791]","[4, 31, 59, 135, 142, 147, 180, 218, 229, 232, 264, 269, 299, 318, 320, 331, 338, 352, 367, 382, 387, 403, 405, 408, 410, 455, 463, 465, 466, 468, 470, 472, 473, 483, 484, 490, 514, 535, 606, 613, 618, 651, 686, 693, 696, 724, 728, 758, 776, 778, 788, 794, 807, 832, 837, 852, 854, 858, 860, 861, 902, 910, 912, 913, 915, 917, 919, 920, 931, 934, 935]",[],0/6 successful match,False,,False,486,False,,1.0,True,Saint Maries Oil Company ( Conoco ),Conoco
"Smelterville , 83868 Silver Valley Car & Truck Stop",208-783-1134 I-90 Exit 48,M 000 <U+25A1>,Smelterville,83868,Silver Valley Car & Truck Stop,208-783-1134,2006,Smelterville,ID,,,I-90 Exit 48,Exit,48,False,,False,I-90,,,,,[],[],[],"[26, 94, 343, 375, 509, 565, 799, 825]",[],"[9, 44, 217, 422, 494, 524, 685, 874]",[],"[154, 218, 279, 321, 322, 323, 324, 325, 326, 386, 394, 401, 426, 626, 686, 738, 779, 780, 781, 782, 783, 784, 836, 844, 850, 878]","[386, 9, 394, 779, 524, 780, 781, 782, 783, 401, 784, 279, 154, 26, 799, 422, 426, 44, 685, 686, 565, 825, 321, 322, 323, 324, 325, 326, 836, 844, 850, 343, 217, 218, 94, 738, 874, 494, 878, 626, 375, 509]",False,[],[],[],"[26, 94, 343, 375, 509, 565, 799, 825]","[9, 44, 217, 422, 494, 524, 685, 874]","[154, 218, 279, 321, 322, 323, 324, 325, 326, 386, 394, 401, 426, 626, 686, 738, 779, 780, 781, 782, 783, 784, 836, 844, 850, 878]",[],0/6 successful match,False,,False,487,False,,,,,
"Smelterville , 83868 Silver Valley Car & Truck Stop",208-783-1134 I-90 Exit 48,,Smelterville,83868,Silver Valley Car & Truck Stop,208-783-1134,2007,Smelterville,ID,,,I-90 Exit 48,Exit,48,False,,False,I-90,,,,,[],[],[],"[26, 94, 343, 375, 509, 565, 799, 825]",[],"[9, 44, 217, 422, 494, 524, 685, 874]",[],"[154, 218, 279, 321, 322, 323, 324, 325, 326, 386, 394, 401, 426, 626, 686, 738, 779, 780, 781, 782, 783, 784, 836, 844, 850, 878]","[386, 9, 394, 779, 524, 780, 781, 782, 783, 401, 784, 279, 154, 26, 799, 422, 426, 44, 685, 686, 565, 825, 321, 322, 323, 324, 325, 326, 836, 844, 850, 343, 217, 218, 94, 738, 874, 494, 878, 626, 375, 509]",False,[],[],[],"[26, 94, 343, 375, 509, 565, 799, 825]","[9, 44, 217, 422, 494, 524, 685, 874]","[154, 218, 279, 321, 322, 323, 324, 325, 326, 386, 394, 401, 426, 626, 686, 738, 779, 780, 781, 782, 783, 784, 836, 844, 850, 878]",[],0/6 successful match,False,,False,487,False,,1.0,True,Silver Valley Car & Truck Stop,
"Smelterville , 83868 Silver Valley Car & Truck mi N of town )",2 208-783-1134 I-90 Exit 48 Stop,24 XL <U+2610><U+2610>,Smelterville,83868,Silver Valley Car & Truck mi N of town ),208-783-1134,2008,Smelterville,ID,,,I-90 Exit 48 Stop,Exit,48,False,,False,I-90,,,,,[],[],[],"[26, 94, 343, 375, 509, 565, 799, 825]",[],"[9, 44, 217, 422, 494, 524, 685, 874]",[],"[154, 218, 279, 321, 322, 323, 324, 325, 326, 386, 394, 401, 426, 626, 686, 738, 779, 780, 781, 782, 783, 784, 836, 844, 850, 878]","[386, 9, 394, 779, 524, 780, 781, 782, 783, 401, 784, 279, 154, 26, 799, 422, 426, 44, 685, 686, 565, 825, 321, 322, 323, 324, 325, 326, 836, 844, 850, 343, 217, 218, 94, 738, 874, 494, 878, 626, 375, 509]",False,[],[],[],"[26, 94, 343, 375, 509, 565, 799, 825]","[9, 44, 217, 422, 494, 524, 685, 874]","[154, 218, 279, 321, 322, 323, 324, 325, 326, 386, 394, 401, 426, 626, 686, 738, 779, 780, 781, 782, 783, 784, 836, 844, 850, 878]",[],0/6 successful match,False,,False,487,False,,1.0,True,Silver Valley Car & Truck Stop,
"American Fork , 84003 Hart's Fuel Stop ( 66 )",801-756-3620 I-15 Exit 278 ( Main St ),S,American Fork,84003,Hart's Fuel Stop ( 66 ),801-756-3620,2006,American Fork,UT,,( Main St ),I-15 Exit 278 ,Exit,278,False,,False,I-15,,,,,[],[],[62],"[53, 113, 200, 204, 249, 583, 671, 674, 712]","[398, 399, 400, 401, 402, 403, 404, 405, 406, 407, 408, 409, 410, 411, 412, 413, 414, 415, 416, 417, 418, 419, 420, 421, 422, 423, 424, 425, 426, 427, 428, 429, 430, 431, 432, 433, 434, 435, 436, 437, 438, 439, 440, 441, 442, 443, 444, 445, 446, 447, 448, 449, 450, 451, 452, 453, 454, 455, 456, 457, 458, 459, 460, 461, 462, 463, 464, 465, 466, 467, 468, 469, 470, 471, 472, 473, 474, 475, 476, 477, 478, 479, 480, 481, 482, 483, 484, 848, 849, 850, 851, 852, 853, 854, 855, 856, 857, 858, 859, 860, 861, 862, 863, 864, 865, 866, 867, 868, 869, 870, 871, 872, 873, 874, 875, 876, 877, 878, 879, 880, 881, 882, 883, 884, 885, 886, 887, 888, 889, 890, 891, 892, 893, 894, 895, 896, 897, 898, 899, 900, 901, 902, 903, 904, 905, 906, 907, 908, 909, 910, 911, 912, 913, 914, 915, 916, 917, 918, 919, 920, 921, 922, 923, 924, 925, 926, 927, 928, 929, 930, 931, 932, 933, 934, 935]","[16, 125, 156, 163, 168, 184, 205, 222, 229, 253, 258, 265, 313, 317, 336, 340, 341, 356, 363, 365, 366, 367, 370, 375, 388, 391, 394, 396, 402, 410, 411, 412, 413, 415, 416, 417, 418, 419, 425, 429, 431, 433, 435, 437, 440, 441, 442, 443, 451, 452, 456, 457, 458, 460, 461, 464, 471, 473, 474, 475, 481, 482, 501, 596, 628, 635, 655, 675, 693, 716, 720, 725, 771, 775, 793, 796, 797, 811, 817, 818, 820, 825, 838, 841, 844, 846, 851, 857, 861, 862, 863, 864, 866, 867, 868, 870, 871, 877, 881, 883, 885, 888, 891, 892, 893, 898, 899, 904, 905, 907, 908, 911, 918, 920, 921, 922, 923, 924, 926, 931, 933]",[],"[401, 402, 424, 427, 464, 469, 850, 851, 876, 879, 911, 916]","[916, 917, 918, 919, 16, 920, 921, 922, 923, 388, 924, 925, 926, 53, 927, 62, 928, 929, 583, 930, 931, 932, 596, 933, 934, 935, 113, 391, 628, 635, 125, 655, 336, 156, 671, 674, 163, 675, 168, 340, 341, 693, 184, 394, 200, 712, 204, 205, 716, 720, 725, 375, 222, 229, 396, 249, 253, 356, 258, 771, 775, 265, 793, 796, 797, 363, 811, 365, 817, 366, 818, 820, 367, 313, 825, 317, 370, 838, 841, 844, 846, 848, 849, 850, 851, 852, 853, 854, 855, 856, 857, 858, 859, 860, 861, 862, 863, 864, 865, 866, 867, 868, 869, 870, 871, 872, 873, 874, 875, 876, 877, 878, 879, 880, 881, 882, 883, 884, 885, 886, 887, 888, 889, 890, 891, 892, 893, 894, 895, 896, 897, 898, 899, 900, 901, 902, 903, 904, 905, 906, 907, 908, 909, 398, 399, 400, 401, 402, 403, 404, 405, 406, 407, 408, 409, 410, 411, 412, 413, 414, 415, 416, 417, 418, 419, 420, 421, 422, 423, 424, 425, 426, 427, 428, 429, 430, 431, 432, 433, 434, 435, 436, 437, 438, 439, 440, 441, 442, 443, 444, 445, 446, 447, 448, 449, 450, 451, 452, 453, 454, 455, 456, 457, 458, 459, 460, 461, 462, 463, 464, 465, 466, 467, 468, 469, 470, 471, 472, 473, 474, 475, 476, 477, 478, 479, 480, 481, 482, 483, 484, 910, 911, 912, 913, 501, 914, 915]",False,[],"[398, 399, 400, 401, 402, 403, 404, 405, 406, 407, 408, 409, 410, 411, 412, 413, 414, 415, 416, 417, 418, 419, 420, 421, 422, 423, 424, 425, 426, 427, 428, 429, 430, 431, 432, 433, 434, 435, 436, 437, 438, 439, 440, 441, 442, 443, 444, 445, 446, 447, 448, 449, 450, 451, 452, 453, 454, 455, 456, 457, 458, 459, 460, 461, 462, 463, 464, 465, 466, 467, 468, 469, 470, 471, 472, 473, 474, 475, 476, 477, 478, 479, 480, 481, 482, 483, 484, 848, 849, 850, 851, 852, 853, 854, 855, 856, 857, 858, 859, 860, 861, 862, 863, 864, 865, 866, 867, 868, 869, 870, 871, 872, 873, 874, 875, 876, 877, 878, 879, 880, 881, 882, 883, 884, 885, 886, 887, 888, 889, 890, 891, 892, 893, 894, 895, 896, 897, 898, 899, 900, 901, 902, 903, 904, 905, 906, 907, 908, 909, 910, 911, 912, 913, 914, 915, 916, 917, 918, 919, 920, 921, 922, 923, 924, 925, 926, 927, 928, 929, 930, 931, 932, 933, 934, 935]",[62],"[53, 113, 200, 204, 249, 583, 671, 674, 712]","[16, 125, 156, 163, 168, 184, 205, 222, 229, 253, 258, 265, 313, 317, 336, 340, 341, 356, 363, 365, 366, 367, 370, 375, 388, 391, 394, 396, 402, 410, 411, 412, 413, 415, 416, 417, 418, 419, 425, 429, 431, 433, 435, 437, 440, 441, 442, 443, 451, 452, 456, 457, 458, 460, 461, 464, 471, 473, 474, 475, 481, 482, 501, 596, 628, 635, 655, 675, 693, 716, 720, 725, 771, 775, 793, 796, 797, 811, 817, 818, 820, 825, 838, 841, 844, 846, 851, 857, 861, 862, 863, 864, 866, 867, 868, 870, 871, 877, 881, 883, 885, 888, 891, 892, 893, 898, 899, 904, 905, 907, 908, 911, 918, 920, 921, 922, 923, 924, 926, 931, 933]","[401, 402, 424, 427, 464, 469, 850, 851, 876, 879, 911, 916]",[],2/6 successful match,False,,False,488,False,,,,,
"American Fork , 84003 Hart's Fuel Stop ( 66 )",801-756-3620 I-15 Exit 278 ( Main St ),HRS S - -,American Fork,84003,Hart's Fuel Stop ( 66 ),801-756-3620,2007,American Fork,UT,,( Main St ),I-15 Exit 278 ,Exit,278,False,,False,I-15,,,,,[],[],[62],"[53, 113, 200, 204, 249, 583, 671, 674, 712]","[398, 399, 400, 401, 402, 403, 404, 405, 406, 407, 408, 409, 410, 411, 412, 413, 414, 415, 416, 417, 418, 419, 420, 421, 422, 423, 424, 425, 426, 427, 428, 429, 430, 431, 432, 433, 434, 435, 436, 437, 438, 439, 440, 441, 442, 443, 444, 445, 446, 447, 448, 449, 450, 451, 452, 453, 454, 455, 456, 457, 458, 459, 460, 461, 462, 463, 464, 465, 466, 467, 468, 469, 470, 471, 472, 473, 474, 475, 476, 477, 478, 479, 480, 481, 482, 483, 484, 848, 849, 850, 851, 852, 853, 854, 855, 856, 857, 858, 859, 860, 861, 862, 863, 864, 865, 866, 867, 868, 869, 870, 871, 872, 873, 874, 875, 876, 877, 878, 879, 880, 881, 882, 883, 884, 885, 886, 887, 888, 889, 890, 891, 892, 893, 894, 895, 896, 897, 898, 899, 900, 901, 902, 903, 904, 905, 906, 907, 908, 909, 910, 911, 912, 913, 914, 915, 916, 917, 918, 919, 920, 921, 922, 923, 924, 925, 926, 927, 928, 929, 930, 931, 932, 933, 934, 935]","[16, 125, 156, 163, 168, 184, 205, 222, 229, 253, 258, 265, 313, 317, 336, 340, 341, 356, 363, 365, 366, 367, 370, 375, 388, 391, 394, 396, 402, 410, 411, 412, 413, 415, 416, 417, 418, 419, 425, 429, 431, 433, 435, 437, 440, 441, 442, 443, 451, 452, 456, 457, 458, 460, 461, 464, 471, 473, 474, 475, 481, 482, 501, 596, 628, 635, 655, 675, 693, 716, 720, 725, 771, 775, 793, 796, 797, 811, 817, 818, 820, 825, 838, 841, 844, 846, 851, 857, 861, 862, 863, 864, 866, 867, 868, 870, 871, 877, 881, 883, 885, 888, 891, 892, 893, 898, 899, 904, 905, 907, 908, 911, 918, 920, 921, 922, 923, 924, 926, 931, 933]",[],"[401, 402, 424, 427, 464, 469, 850, 851, 876, 879, 911, 916]","[916, 917, 918, 919, 16, 920, 921, 922, 923, 388, 924, 925, 926, 53, 927, 62, 928, 929, 583, 930, 931, 932, 596, 933, 934, 935, 113, 391, 628, 635, 125, 655, 336, 156, 671, 674, 163, 675, 168, 340, 341, 693, 184, 394, 200, 712, 204, 205, 716, 720, 725, 375, 222, 229, 396, 249, 253, 356, 258, 771, 775, 265, 793, 796, 797, 363, 811, 365, 817, 366, 818, 820, 367, 313, 825, 317, 370, 838, 841, 844, 846, 848, 849, 850, 851, 852, 853, 854, 855, 856, 857, 858, 859, 860, 861, 862, 863, 864, 865, 866, 867, 868, 869, 870, 871, 872, 873, 874, 875, 876, 877, 878, 879, 880, 881, 882, 883, 884, 885, 886, 887, 888, 889, 890, 891, 892, 893, 894, 895, 896, 897, 898, 899, 900, 901, 902, 903, 904, 905, 906, 907, 908, 909, 398, 399, 400, 401, 402, 403, 404, 405, 406, 407, 408, 409, 410, 411, 412, 413, 414, 415, 416, 417, 418, 419, 420, 421, 422, 423, 424, 425, 426, 427, 428, 429, 430, 431, 432, 433, 434, 435, 436, 437, 438, 439, 440, 441, 442, 443, 444, 445, 446, 447, 448, 449, 450, 451, 452, 453, 454, 455, 456, 457, 458, 459, 460, 461, 462, 463, 464, 465, 466, 467, 468, 469, 470, 471, 472, 473, 474, 475, 476, 477, 478, 479, 480, 481, 482, 483, 484, 910, 911, 912, 913, 501, 914, 915]",False,[],"[398, 399, 400, 401, 402, 403, 404, 405, 406, 407, 408, 409, 410, 411, 412, 413, 414, 415, 416, 417, 418, 419, 420, 421, 422, 423, 424, 425, 426, 427, 428, 429, 430, 431, 432, 433, 434, 435, 436, 437, 438, 439, 440, 441, 442, 443, 444, 445, 446, 447, 448, 449, 450, 451, 452, 453, 454, 455, 456, 457, 458, 459, 460, 461, 462, 463, 464, 465, 466, 467, 468, 469, 470, 471, 472, 473, 474, 475, 476, 477, 478, 479, 480, 481, 482, 483, 484, 848, 849, 850, 851, 852, 853, 854, 855, 856, 857, 858, 859, 860, 861, 862, 863, 864, 865, 866, 867, 868, 869, 870, 871, 872, 873, 874, 875, 876, 877, 878, 879, 880, 881, 882, 883, 884, 885, 886, 887, 888, 889, 890, 891, 892, 893, 894, 895, 896, 897, 898, 899, 900, 901, 902, 903, 904, 905, 906, 907, 908, 909, 910, 911, 912, 913, 914, 915, 916, 917, 918, 919, 920, 921, 922, 923, 924, 925, 926, 927, 928, 929, 930, 931, 932, 933, 934, 935]",[62],"[53, 113, 200, 204, 249, 583, 671, 674, 712]","[16, 125, 156, 163, 168, 184, 205, 222, 229, 253, 258, 265, 313, 317, 336, 340, 341, 356, 363, 365, 366, 367, 370, 375, 388, 391, 394, 396, 402, 410, 411, 412, 413, 415, 416, 417, 418, 419, 425, 429, 431, 433, 435, 437, 440, 441, 442, 443, 451, 452, 456, 457, 458, 460, 461, 464, 471, 473, 474, 475, 481, 482, 501, 596, 628, 635, 655, 675, 693, 716, 720, 725, 771, 775, 793, 796, 797, 811, 817, 818, 820, 825, 838, 841, 844, 846, 851, 857, 861, 862, 863, 864, 866, 867, 868, 870, 871, 877, 881, 883, 885, 888, 891, 892, 893, 898, 899, 904, 905, 907, 908, 911, 918, 920, 921, 922, 923, 924, 926, 931, 933]","[401, 402, 424, 427, 464, 469, 850, 851, 876, 879, 911, 916]",[],2/6 successful match,False,,False,488,False,,1.0,True,Hart's Fuel Stop ( 66 ),
"American Fork , 84003 Hart's Fuel Stop ( 66 )",801-756-3620 I-15 Exit 278 ( Main St ),24m S <U+2610>,American Fork,84003,Hart's Fuel Stop ( 66 ),801-756-3620,2008,American Fork,UT,,( Main St ),I-15 Exit 278 ,Exit,278,False,,False,I-15,,,,,[],[],[62],"[53, 113, 200, 204, 249, 583, 671, 674, 712]","[398, 399, 400, 401, 402, 403, 404, 405, 406, 407, 408, 409, 410, 411, 412, 413, 414, 415, 416, 417, 418, 419, 420, 421, 422, 423, 424, 425, 426, 427, 428, 429, 430, 431, 432, 433, 434, 435, 436, 437, 438, 439, 440, 441, 442, 443, 444, 445, 446, 447, 448, 449, 450, 451, 452, 453, 454, 455, 456, 457, 458, 459, 460, 461, 462, 463, 464, 465, 466, 467, 468, 469, 470, 471, 472, 473, 474, 475, 476, 477, 478, 479, 480, 481, 482, 483, 484, 848, 849, 850, 851, 852, 853, 854, 855, 856, 857, 858, 859, 860, 861, 862, 863, 864, 865, 866, 867, 868, 869, 870, 871, 872, 873, 874, 875, 876, 877, 878, 879, 880, 881, 882, 883, 884, 885, 886, 887, 888, 889, 890, 891, 892, 893, 894, 895, 896, 897, 898, 899, 900, 901, 902, 903, 904, 905, 906, 907, 908, 909, 910, 911, 912, 913, 914, 915, 916, 917, 918, 919, 920, 921, 922, 923, 924, 925, 926, 927, 928, 929, 930, 931, 932, 933, 934, 935]","[16, 125, 156, 163, 168, 184, 205, 222, 229, 253, 258, 265, 313, 317, 336, 340, 341, 356, 363, 365, 366, 367, 370, 375, 388, 391, 394, 396, 402, 410, 411, 412, 413, 415, 416, 417, 418, 419, 425, 429, 431, 433, 435, 437, 440, 441, 442, 443, 451, 452, 456, 457, 458, 460, 461, 464, 471, 473, 474, 475, 481, 482, 501, 596, 628, 635, 655, 675, 693, 716, 720, 725, 771, 775, 793, 796, 797, 811, 817, 818, 820, 825, 838, 841, 844, 846, 851, 857, 861, 862, 863, 864, 866, 867, 868, 870, 871, 877, 881, 883, 885, 888, 891, 892, 893, 898, 899, 904, 905, 907, 908, 911, 918, 920, 921, 922, 923, 924, 926, 931, 933]",[],"[401, 402, 424, 427, 464, 469, 850, 851, 876, 879, 911, 916]","[916, 917, 918, 919, 16, 920, 921, 922, 923, 388, 924, 925, 926, 53, 927, 62, 928, 929, 583, 930, 931, 932, 596, 933, 934, 935, 113, 391, 628, 635, 125, 655, 336, 156, 671, 674, 163, 675, 168, 340, 341, 693, 184, 394, 200, 712, 204, 205, 716, 720, 725, 375, 222, 229, 396, 249, 253, 356, 258, 771, 775, 265, 793, 796, 797, 363, 811, 365, 817, 366, 818, 820, 367, 313, 825, 317, 370, 838, 841, 844, 846, 848, 849, 850, 851, 852, 853, 854, 855, 856, 857, 858, 859, 860, 861, 862, 863, 864, 865, 866, 867, 868, 869, 870, 871, 872, 873, 874, 875, 876, 877, 878, 879, 880, 881, 882, 883, 884, 885, 886, 887, 888, 889, 890, 891, 892, 893, 894, 895, 896, 897, 898, 899, 900, 901, 902, 903, 904, 905, 906, 907, 908, 909, 398, 399, 400, 401, 402, 403, 404, 405, 406, 407, 408, 409, 410, 411, 412, 413, 414, 415, 416, 417, 418, 419, 420, 421, 422, 423, 424, 425, 426, 427, 428, 429, 430, 431, 432, 433, 434, 435, 436, 437, 438, 439, 440, 441, 442, 443, 444, 445, 446, 447, 448, 449, 450, 451, 452, 453, 454, 455, 456, 457, 458, 459, 460, 461, 462, 463, 464, 465, 466, 467, 468, 469, 470, 471, 472, 473, 474, 475, 476, 477, 478, 479, 480, 481, 482, 483, 484, 910, 911, 912, 913, 501, 914, 915]",False,[],"[398, 399, 400, 401, 402, 403, 404, 405, 406, 407, 408, 409, 410, 411, 412, 413, 414, 415, 416, 417, 418, 419, 420, 421, 422, 423, 424, 425, 426, 427, 428, 429, 430, 431, 432, 433, 434, 435, 436, 437, 438, 439, 440, 441, 442, 443, 444, 445, 446, 447, 448, 449, 450, 451, 452, 453, 454, 455, 456, 457, 458, 459, 460, 461, 462, 463, 464, 465, 466, 467, 468, 469, 470, 471, 472, 473, 474, 475, 476, 477, 478, 479, 480, 481, 482, 483, 484, 848, 849, 850, 851, 852, 853, 854, 855, 856, 857, 858, 859, 860, 861, 862, 863, 864, 865, 866, 867, 868, 869, 870, 871, 872, 873, 874, 875, 876, 877, 878, 879, 880, 881, 882, 883, 884, 885, 886, 887, 888, 889, 890, 891, 892, 893, 894, 895, 896, 897, 898, 899, 900, 901, 902, 903, 904, 905, 906, 907, 908, 909, 910, 911, 912, 913, 914, 915, 916, 917, 918, 919, 920, 921, 922, 923, 924, 925, 926, 927, 928, 929, 930, 931, 932, 933, 934, 935]",[62],"[53, 113, 200, 204, 249, 583, 671, 674, 712]","[16, 125, 156, 163, 168, 184, 205, 222, 229, 253, 258, 265, 313, 317, 336, 340, 341, 356, 363, 365, 366, 367, 370, 375, 388, 391, 394, 396, 402, 410, 411, 412, 413, 415, 416, 417, 418, 419, 425, 429, 431, 433, 435, 437, 440, 441, 442, 443, 451, 452, 456, 457, 458, 460, 461, 464, 471, 473, 474, 475, 481, 482, 501, 596, 628, 635, 655, 675, 693, 716, 720, 725, 771, 775, 793, 796, 797, 811, 817, 818, 820, 825, 838, 841, 844, 846, 851, 857, 861, 862, 863, 864, 866, 867, 868, 870, 871, 877, 881, 883, 885, 888, 891, 892, 893, 898, 899, 904, 905, 907, 908, 911, 918, 920, 921, 922, 923, 924, 926, 931, 933]","[401, 402, 424, 427, 464, 469, 850, 851, 876, 879, 911, 916]",[],2/6 successful match,False,,False,488,False,,1.0,True,Hart's Fuel Stop ( 66 ),
"Woods Cross , 84010 Slim Olson's # 2 ( Chevron )",801-295-8437 I-15 Exit 315 ( 742 W 2600 S ),24 <U+2610> D <U+2610>,Woods Cross,84010,Slim Olson's # 2 ( Chevron ),801-295-8437,2007,Bountiful,UT,Chevron,( 742 W 2600 S ),I-15 Exit 315 ,Exit,315,False,,False,I-15,,,,,"[918, 471]","[471, 918]","[464, 471, 911, 918]","[471, 918]","[398, 399, 400, 401, 402, 403, 404, 405, 406, 407, 408, 409, 410, 411, 412, 413, 414, 415, 416, 417, 418, 419, 420, 421, 422, 423, 424, 425, 426, 427, 428, 429, 430, 431, 432, 433, 434, 435, 436, 437, 438, 439, 440, 441, 442, 443, 444, 445, 446, 447, 448, 449, 450, 451, 452, 453, 454, 455, 456, 457, 458, 459, 460, 461, 462, 463, 464, 465, 466, 467, 468, 469, 470, 471, 472, 473, 474, 475, 476, 477, 478, 479, 480, 481, 482, 483, 484, 848, 849, 850, 851, 852, 853, 854, 855, 856, 857, 858, 859, 860, 861, 862, 863, 864, 865, 866, 867, 868, 869, 870, 871, 872, 873, 874, 875, 876, 877, 878, 879, 880, 881, 882, 883, 884, 885, 886, 887, 888, 889, 890, 891, 892, 893, 894, 895, 896, 897, 898, 899, 900, 901, 902, 903, 904, 905, 906, 907, 908, 909, 910, 911, 912, 913, 914, 915, 916, 917, 918, 919, 920, 921, 922, 923, 924, 925, 926, 927, 928, 929, 930, 931, 932, 933, 934, 935]","[16, 125, 156, 163, 168, 184, 205, 222, 229, 253, 258, 265, 313, 317, 336, 340, 341, 356, 363, 365, 366, 367, 370, 375, 388, 391, 394, 396, 402, 410, 411, 412, 413, 415, 416, 417, 418, 419, 425, 429, 431, 433, 435, 437, 440, 441, 442, 443, 451, 452, 456, 457, 458, 460, 461, 464, 471, 473, 474, 475, 481, 482, 501, 596, 628, 635, 655, 675, 693, 716, 720, 725, 771, 775, 793, 796, 797, 811, 817, 818, 820, 825, 838, 841, 844, 846, 851, 857, 861, 862, 863, 864, 866, 867, 868, 870, 871, 877, 881, 883, 885, 888, 891, 892, 893, 898, 899, 904, 905, 907, 908, 911, 918, 920, 921, 922, 923, 924, 926, 931, 933]","[12, 24, 25, 28, 88, 100, 104, 119, 123, 129, 136, 137, 139, 140, 141, 148, 155, 169, 172, 179, 183, 185, 188, 196, 198, 217, 237, 267, 270, 278, 319, 321, 324, 325, 330, 334, 335, 354, 366, 369, 380, 383, 384, 386, 395, 407, 411, 423, 428, 436, 437, 452, 453, 456, 467, 471, 477, 478, 479, 497, 508, 511, 559, 571, 575, 590, 594, 600, 607, 608, 610, 611, 612, 619, 627, 640, 643, 650, 654, 656, 659, 667, 669, 685, 701, 726, 729, 737, 777, 779, 782, 783, 787, 790, 791, 809, 817, 819, 830, 833, 834, 836, 845, 856, 857, 860, 862, 875, 880, 887, 888, 899, 900, 914, 918, 921, 928, 929, 930]","[12, 24, 25, 28, 88, 100, 104, 119, 123, 129, 136, 137, 139, 140, 141, 148, 155, 169, 172, 179, 183, 185, 188, 196, 198, 217, 237, 267, 270, 278, 319, 321, 324, 325, 330, 334, 335, 354, 366, 369, 380, 383, 384, 386, 395, 407, 411, 423, 428, 436, 437, 452, 453, 456, 467, 471, 477, 478, 479, 497, 508, 511, 559, 571, 575, 590, 594, 600, 607, 608, 610, 611, 612, 619, 627, 640, 643, 650, 654, 656, 659, 667, 669, 685, 701, 726, 729, 737, 777, 779, 782, 783, 787, 790, 791, 809, 817, 819, 830, 833, 834, 836, 845, 856, 857, 860, 862, 875, 880, 887, 888, 899, 900, 914, 918, 921, 928, 929, 930]","[12, 16, 24, 25, 28, 88, 100, 104, 119, 123, 125, 129, 136, 137, 139, 140, 141, 148, 155, 156, 163, 168, 169, 172, 179, 183, 184, 185, 188, 196, 198, 205, 217, 222, 229, 237, 253, 258, 265, 267, 270, 278, 313, 317, 319, 321, 324, 325, 330, 334, 335, 336, 340, 341, 354, 356, 363, 365, 366, 367, 369, 370, 375, 380, 383, 384, 386, 388, 391, 394, 395, 396, 398, 399, 400, 401, 402, 403, 404, 405, 406, 407, 408, 409, 410, 411, 412, 413, 414, 415, 416, 417, 418, 419, 420, 421, 422, 423, 424, 425, 426, 427, 428, 429, 430, 431, 432, 433, 434, 435, 436, 437, 438, 439, 440, 441, 442, 443, 444, 445, 446, 447, 448, 449, 450, 451, 452, 453, 454, 455, 456, 457, 458, 459, 460, 461, 462, 463, 464, 465, 466, 467, 468, 469, 470, 471, 472, 473, 474, 475, 476, 477, 478, 479, 480, 481, 482, 483, 484, 497, 501, 508, 511, 559, 571, 575, 590, 594, 596, 600, 607, 608, 610, 611, 612, 619, 627, 628, 635, 640, 643, 650, 654, 655, 656, 659, 667, 669, 675, 685, 693, 701, 716, 720, 725, 726, 729, 737, 771, 775, 777, 779, 782, 783, 787, 790, 791, 793, 796, 797, 809, 811, 817, 818, 819, 820, 825, 830, 833, 834, 836, 838, 841, 844, 845, 846, 848, 849, 850, 851, 852, 853, 854, 855, 856, 857, 858, 859, 860, 861, 862, 863, 864, 865, 866, 867, 868, 869, 870, 871, 872, 873, 874, 875, 876, 877, 878, 879, 880, 881, 882, 883, 884, 885, 886, 887, 888, 889, 890, 891, 892, 893, 894, 895, 896, 897, 898, 899, 900, 901, 902, 903, 904, 905, 906, 907, 908, 909, 910, 911, 912, 913, 914, 915, 916, 917, 918, 919, 920, 921, 922, 923, 924, 925, 926, 927, 928, 929, 930, 931, 932, 933, 934, 935]",True,"[471, 918]","[398, 399, 400, 401, 402, 403, 404, 405, 406, 407, 408, 409, 410, 411, 412, 413, 414, 415, 416, 417, 418, 419, 420, 421, 422, 423, 424, 425, 426, 427, 428, 429, 430, 431, 432, 433, 434, 435, 436, 437, 438, 439, 440, 441, 442, 443, 444, 445, 446, 447, 448, 449, 450, 451, 452, 453, 454, 455, 456, 457, 458, 459, 460, 461, 462, 463, 464, 465, 466, 467, 468, 469, 470, 471, 472, 473, 474, 475, 476, 477, 478, 479, 480, 481, 482, 483, 484, 848, 849, 850, 851, 852, 853, 854, 855, 856, 857, 858, 859, 860, 861, 862, 863, 864, 865, 866, 867, 868, 869, 870, 871, 872, 873, 874, 875, 876, 877, 878, 879, 880, 881, 882, 883, 884, 885, 886, 887, 888, 889, 890, 891, 892, 893, 894, 895, 896, 897, 898, 899, 900, 901, 902, 903, 904, 905, 906, 907, 908, 909, 910, 911, 912, 913, 914, 915, 916, 917, 918, 919, 920, 921, 922, 923, 924, 925, 926, 927, 928, 929, 930, 931, 932, 933, 934, 935]","[464, 471, 911, 918]","[471, 918]","[16, 125, 156, 163, 168, 184, 205, 222, 229, 253, 258, 265, 313, 317, 336, 340, 341, 356, 363, 365, 366, 367, 370, 375, 388, 391, 394, 396, 402, 410, 411, 412, 413, 415, 416, 417, 418, 419, 425, 429, 431, 433, 435, 437, 440, 441, 442, 443, 451, 452, 456, 457, 458, 460, 461, 464, 471, 473, 474, 475, 481, 482, 501, 596, 628, 635, 655, 675, 693, 716, 720, 725, 771, 775, 793, 796, 797, 811, 817, 818, 820, 825, 838, 841, 844, 846, 851, 857, 861, 862, 863, 864, 866, 867, 868, 870, 871, 877, 881, 883, 885, 888, 891, 892, 893, 898, 899, 904, 905, 907, 908, 911, 918, 920, 921, 922, 923, 924, 926, 931, 933]","[12, 24, 25, 28, 88, 100, 104, 119, 123, 129, 136, 137, 139, 140, 141, 148, 155, 169, 172, 179, 183, 185, 188, 196, 198, 217, 237, 267, 270, 278, 319, 321, 324, 325, 330, 334, 335, 354, 366, 369, 380, 383, 384, 386, 395, 407, 411, 423, 428, 436, 437, 452, 453, 456, 467, 471, 477, 478, 479, 497, 508, 511, 559, 571, 575, 590, 594, 600, 607, 608, 610, 611, 612, 619, 627, 640, 643, 650, 654, 656, 659, 667, 669, 685, 701, 726, 729, 737, 777, 779, 782, 783, 787, 790, 791, 809, 817, 819, 830, 833, 834, 836, 845, 856, 857, 860, 862, 875, 880, 887, 888, 899, 900, 914, 918, 921, 928, 929, 930]","[12, 24, 25, 28, 88, 100, 104, 119, 123, 129, 136, 137, 139, 140, 141, 148, 155, 169, 172, 179, 183, 185, 188, 196, 198, 217, 237, 267, 270, 278, 319, 321, 324, 325, 330, 334, 335, 354, 366, 369, 380, 383, 384, 386, 395, 407, 411, 423, 428, 436, 437, 452, 453, 456, 467, 471, 477, 478, 479, 497, 508, 511, 559, 571, 575, 590, 594, 600, 607, 608, 610, 611, 612, 619, 627, 640, 643, 650, 654, 656, 659, 667, 669, 685, 701, 726, 729, 737, 777, 779, 782, 783, 787, 790, 791, 809, 817, 819, 830, 833, 834, 836, 845, 856, 857, 860, 862, 875, 880, 887, 888, 899, 900, 914, 918, 921, 928, 929, 930]",7/6 successful match,True,[66],True,489,False,,,,,
"Woods Cross , 84010 Slim Olson's # 2 ( Chevron )",3 801-295-8437 I-15 Exit 315 ( 742 W 2600 S ),24 MRS <U+2610><U+2610> <U+2610> <U+2610>,Woods Cross,84010,Slim Olson's # 2 ( Chevron ),801-295-8437,2008,Bountiful,UT,Chevron,( 742 W 2600 S ),I-15 Exit 315 ,Exit,315,False,,False,I-15,,,,,"[918, 471]","[471, 918]","[464, 471, 911, 918]","[471, 918]","[398, 399, 400, 401, 402, 403, 404, 405, 406, 407, 408, 409, 410, 411, 412, 413, 414, 415, 416, 417, 418, 419, 420, 421, 422, 423, 424, 425, 426, 427, 428, 429, 430, 431, 432, 433, 434, 435, 436, 437, 438, 439, 440, 441, 442, 443, 444, 445, 446, 447, 448, 449, 450, 451, 452, 453, 454, 455, 456, 457, 458, 459, 460, 461, 462, 463, 464, 465, 466, 467, 468, 469, 470, 471, 472, 473, 474, 475, 476, 477, 478, 479, 480, 481, 482, 483, 484, 848, 849, 850, 851, 852, 853, 854, 855, 856, 857, 858, 859, 860, 861, 862, 863, 864, 865, 866, 867, 868, 869, 870, 871, 872, 873, 874, 875, 876, 877, 878, 879, 880, 881, 882, 883, 884, 885, 886, 887, 888, 889, 890, 891, 892, 893, 894, 895, 896, 897, 898, 899, 900, 901, 902, 903, 904, 905, 906, 907, 908, 909, 910, 911, 912, 913, 914, 915, 916, 917, 918, 919, 920, 921, 922, 923, 924, 925, 926, 927, 928, 929, 930, 931, 932, 933, 934, 935]","[16, 125, 156, 163, 168, 184, 205, 222, 229, 253, 258, 265, 313, 317, 336, 340, 341, 356, 363, 365, 366, 367, 370, 375, 388, 391, 394, 396, 402, 410, 411, 412, 413, 415, 416, 417, 418, 419, 425, 429, 431, 433, 435, 437, 440, 441, 442, 443, 451, 452, 456, 457, 458, 460, 461, 464, 471, 473, 474, 475, 481, 482, 501, 596, 628, 635, 655, 675, 693, 716, 720, 725, 771, 775, 793, 796, 797, 811, 817, 818, 820, 825, 838, 841, 844, 846, 851, 857, 861, 862, 863, 864, 866, 867, 868, 870, 871, 877, 881, 883, 885, 888, 891, 892, 893, 898, 899, 904, 905, 907, 908, 911, 918, 920, 921, 922, 923, 924, 926, 931, 933]","[12, 24, 25, 28, 88, 100, 104, 119, 123, 129, 136, 137, 139, 140, 141, 148, 155, 169, 172, 179, 183, 185, 188, 196, 198, 217, 237, 267, 270, 278, 319, 321, 324, 325, 330, 334, 335, 354, 366, 369, 380, 383, 384, 386, 395, 407, 411, 423, 428, 436, 437, 452, 453, 456, 467, 471, 477, 478, 479, 497, 508, 511, 559, 571, 575, 590, 594, 600, 607, 608, 610, 611, 612, 619, 627, 640, 643, 650, 654, 656, 659, 667, 669, 685, 701, 726, 729, 737, 777, 779, 782, 783, 787, 790, 791, 809, 817, 819, 830, 833, 834, 836, 845, 856, 857, 860, 862, 875, 880, 887, 888, 899, 900, 914, 918, 921, 928, 929, 930]","[12, 24, 25, 28, 88, 100, 104, 119, 123, 129, 136, 137, 139, 140, 141, 148, 155, 169, 172, 179, 183, 185, 188, 196, 198, 217, 237, 267, 270, 278, 319, 321, 324, 325, 330, 334, 335, 354, 366, 369, 380, 383, 384, 386, 395, 407, 411, 423, 428, 436, 437, 452, 453, 456, 467, 471, 477, 478, 479, 497, 508, 511, 559, 571, 575, 590, 594, 600, 607, 608, 610, 611, 612, 619, 627, 640, 643, 650, 654, 656, 659, 667, 669, 685, 701, 726, 729, 737, 777, 779, 782, 783, 787, 790, 791, 809, 817, 819, 830, 833, 834, 836, 845, 856, 857, 860, 862, 875, 880, 887, 888, 899, 900, 914, 918, 921, 928, 929, 930]","[12, 16, 24, 25, 28, 88, 100, 104, 119, 123, 125, 129, 136, 137, 139, 140, 141, 148, 155, 156, 163, 168, 169, 172, 179, 183, 184, 185, 188, 196, 198, 205, 217, 222, 229, 237, 253, 258, 265, 267, 270, 278, 313, 317, 319, 321, 324, 325, 330, 334, 335, 336, 340, 341, 354, 356, 363, 365, 366, 367, 369, 370, 375, 380, 383, 384, 386, 388, 391, 394, 395, 396, 398, 399, 400, 401, 402, 403, 404, 405, 406, 407, 408, 409, 410, 411, 412, 413, 414, 415, 416, 417, 418, 419, 420, 421, 422, 423, 424, 425, 426, 427, 428, 429, 430, 431, 432, 433, 434, 435, 436, 437, 438, 439, 440, 441, 442, 443, 444, 445, 446, 447, 448, 449, 450, 451, 452, 453, 454, 455, 456, 457, 458, 459, 460, 461, 462, 463, 464, 465, 466, 467, 468, 469, 470, 471, 472, 473, 474, 475, 476, 477, 478, 479, 480, 481, 482, 483, 484, 497, 501, 508, 511, 559, 571, 575, 590, 594, 596, 600, 607, 608, 610, 611, 612, 619, 627, 628, 635, 640, 643, 650, 654, 655, 656, 659, 667, 669, 675, 685, 693, 701, 716, 720, 725, 726, 729, 737, 771, 775, 777, 779, 782, 783, 787, 790, 791, 793, 796, 797, 809, 811, 817, 818, 819, 820, 825, 830, 833, 834, 836, 838, 841, 844, 845, 846, 848, 849, 850, 851, 852, 853, 854, 855, 856, 857, 858, 859, 860, 861, 862, 863, 864, 865, 866, 867, 868, 869, 870, 871, 872, 873, 874, 875, 876, 877, 878, 879, 880, 881, 882, 883, 884, 885, 886, 887, 888, 889, 890, 891, 892, 893, 894, 895, 896, 897, 898, 899, 900, 901, 902, 903, 904, 905, 906, 907, 908, 909, 910, 911, 912, 913, 914, 915, 916, 917, 918, 919, 920, 921, 922, 923, 924, 925, 926, 927, 928, 929, 930, 931, 932, 933, 934, 935]",True,"[471, 918]","[398, 399, 400, 401, 402, 403, 404, 405, 406, 407, 408, 409, 410, 411, 412, 413, 414, 415, 416, 417, 418, 419, 420, 421, 422, 423, 424, 425, 426, 427, 428, 429, 430, 431, 432, 433, 434, 435, 436, 437, 438, 439, 440, 441, 442, 443, 444, 445, 446, 447, 448, 449, 450, 451, 452, 453, 454, 455, 456, 457, 458, 459, 460, 461, 462, 463, 464, 465, 466, 467, 468, 469, 470, 471, 472, 473, 474, 475, 476, 477, 478, 479, 480, 481, 482, 483, 484, 848, 849, 850, 851, 852, 853, 854, 855, 856, 857, 858, 859, 860, 861, 862, 863, 864, 865, 866, 867, 868, 869, 870, 871, 872, 873, 874, 875, 876, 877, 878, 879, 880, 881, 882, 883, 884, 885, 886, 887, 888, 889, 890, 891, 892, 893, 894, 895, 896, 897, 898, 899, 900, 901, 902, 903, 904, 905, 906, 907, 908, 909, 910, 911, 912, 913, 914, 915, 916, 917, 918, 919, 920, 921, 922, 923, 924, 925, 926, 927, 928, 929, 930, 931, 932, 933, 934, 935]","[464, 471, 911, 918]","[471, 918]","[16, 125, 156, 163, 168, 184, 205, 222, 229, 253, 258, 265, 313, 317, 336, 340, 341, 356, 363, 365, 366, 367, 370, 375, 388, 391, 394, 396, 402, 410, 411, 412, 413, 415, 416, 417, 418, 419, 425, 429, 431, 433, 435, 437, 440, 441, 442, 443, 451, 452, 456, 457, 458, 460, 461, 464, 471, 473, 474, 475, 481, 482, 501, 596, 628, 635, 655, 675, 693, 716, 720, 725, 771, 775, 793, 796, 797, 811, 817, 818, 820, 825, 838, 841, 844, 846, 851, 857, 861, 862, 863, 864, 866, 867, 868, 870, 871, 877, 881, 883, 885, 888, 891, 892, 893, 898, 899, 904, 905, 907, 908, 911, 918, 920, 921, 922, 923, 924, 926, 931, 933]","[12, 24, 25, 28, 88, 100, 104, 119, 123, 129, 136, 137, 139, 140, 141, 148, 155, 169, 172, 179, 183, 185, 188, 196, 198, 217, 237, 267, 270, 278, 319, 321, 324, 325, 330, 334, 335, 354, 366, 369, 380, 383, 384, 386, 395, 407, 411, 423, 428, 436, 437, 452, 453, 456, 467, 471, 477, 478, 479, 497, 508, 511, 559, 571, 575, 590, 594, 600, 607, 608, 610, 611, 612, 619, 627, 640, 643, 650, 654, 656, 659, 667, 669, 685, 701, 726, 729, 737, 777, 779, 782, 783, 787, 790, 791, 809, 817, 819, 830, 833, 834, 836, 845, 856, 857, 860, 862, 875, 880, 887, 888, 899, 900, 914, 918, 921, 928, 929, 930]","[12, 24, 25, 28, 88, 100, 104, 119, 123, 129, 136, 137, 139, 140, 141, 148, 155, 169, 172, 179, 183, 185, 188, 196, 198, 217, 237, 267, 270, 278, 319, 321, 324, 325, 330, 334, 335, 354, 366, 369, 380, 383, 384, 386, 395, 407, 411, 423, 428, 436, 437, 452, 453, 456, 467, 471, 477, 478, 479, 497, 508, 511, 559, 571, 575, 590, 594, 600, 607, 608, 610, 611, 612, 619, 627, 640, 643, 650, 654, 656, 659, 667, 669, 685, 701, 726, 729, 737, 777, 779, 782, 783, 787, 790, 791, 809, 817, 819, 830, 833, 834, 836, 845, 856, 857, 860, 862, 875, 880, 887, 888, 899, 900, 914, 918, 921, 928, 929, 930]",7/6 successful match,True,[66],True,489,False,,1.0,True,Slim Olson's # 2 ( Chevron ),Chevron
Woods Cross ( 84010 ) Slim Olson's # 2 ( Chevron ),801-295-8437 I-15 Exit 315 ( 742 W 2600 S ),24,Woods Cross,84010,Slim Olson's # 2 ( Chevron ),801-295-8437,2014,Bountiful,UT,Chevron,( 742 W 2600 S ),I-15 Exit 315 ,Exit,315,False,,False,I-15,,,,,"[918, 471]","[471, 918]","[464, 471, 911, 918]","[471, 918]","[398, 399, 400, 401, 402, 403, 404, 405, 406, 407, 408, 409, 410, 411, 412, 413, 414, 415, 416, 417, 418, 419, 420, 421, 422, 423, 424, 425, 426, 427, 428, 429, 430, 431, 432, 433, 434, 435, 436, 437, 438, 439, 440, 441, 442, 443, 444, 445, 446, 447, 448, 449, 450, 451, 452, 453, 454, 455, 456, 457, 458, 459, 460, 461, 462, 463, 464, 465, 466, 467, 468, 469, 470, 471, 472, 473, 474, 475, 476, 477, 478, 479, 480, 481, 482, 483, 484, 848, 849, 850, 851, 852, 853, 854, 855, 856, 857, 858, 859, 860, 861, 862, 863, 864, 865, 866, 867, 868, 869, 870, 871, 872, 873, 874, 875, 876, 877, 878, 879, 880, 881, 882, 883, 884, 885, 886, 887, 888, 889, 890, 891, 892, 893, 894, 895, 896, 897, 898, 899, 900, 901, 902, 903, 904, 905, 906, 907, 908, 909, 910, 911, 912, 913, 914, 915, 916, 917, 918, 919, 920, 921, 922, 923, 924, 925, 926, 927, 928, 929, 930, 931, 932, 933, 934, 935]","[16, 125, 156, 163, 168, 184, 205, 222, 229, 253, 258, 265, 313, 317, 336, 340, 341, 356, 363, 365, 366, 367, 370, 375, 388, 391, 394, 396, 402, 410, 411, 412, 413, 415, 416, 417, 418, 419, 425, 429, 431, 433, 435, 437, 440, 441, 442, 443, 451, 452, 456, 457, 458, 460, 461, 464, 471, 473, 474, 475, 481, 482, 501, 596, 628, 635, 655, 675, 693, 716, 720, 725, 771, 775, 793, 796, 797, 811, 817, 818, 820, 825, 838, 841, 844, 846, 851, 857, 861, 862, 863, 864, 866, 867, 868, 870, 871, 877, 881, 883, 885, 888, 891, 892, 893, 898, 899, 904, 905, 907, 908, 911, 918, 920, 921, 922, 923, 924, 926, 931, 933]","[12, 24, 25, 28, 88, 100, 104, 119, 123, 129, 136, 137, 139, 140, 141, 148, 155, 169, 172, 179, 183, 185, 188, 196, 198, 217, 237, 267, 270, 278, 319, 321, 324, 325, 330, 334, 335, 354, 366, 369, 380, 383, 384, 386, 395, 407, 411, 423, 428, 436, 437, 452, 453, 456, 467, 471, 477, 478, 479, 497, 508, 511, 559, 571, 575, 590, 594, 600, 607, 608, 610, 611, 612, 619, 627, 640, 643, 650, 654, 656, 659, 667, 669, 685, 701, 726, 729, 737, 777, 779, 782, 783, 787, 790, 791, 809, 817, 819, 830, 833, 834, 836, 845, 856, 857, 860, 862, 875, 880, 887, 888, 899, 900, 914, 918, 921, 928, 929, 930]","[12, 24, 25, 28, 88, 100, 104, 119, 123, 129, 136, 137, 139, 140, 141, 148, 155, 169, 172, 179, 183, 185, 188, 196, 198, 217, 237, 267, 270, 278, 319, 321, 324, 325, 330, 334, 335, 354, 366, 369, 380, 383, 384, 386, 395, 407, 411, 423, 428, 436, 437, 452, 453, 456, 467, 471, 477, 478, 479, 497, 508, 511, 559, 571, 575, 590, 594, 600, 607, 608, 610, 611, 612, 619, 627, 640, 643, 650, 654, 656, 659, 667, 669, 685, 701, 726, 729, 737, 777, 779, 782, 783, 787, 790, 791, 809, 817, 819, 830, 833, 834, 836, 845, 856, 857, 860, 862, 875, 880, 887, 888, 899, 900, 914, 918, 921, 928, 929, 930]","[12, 16, 24, 25, 28, 88, 100, 104, 119, 123, 125, 129, 136, 137, 139, 140, 141, 148, 155, 156, 163, 168, 169, 172, 179, 183, 184, 185, 188, 196, 198, 205, 217, 222, 229, 237, 253, 258, 265, 267, 270, 278, 313, 317, 319, 321, 324, 325, 330, 334, 335, 336, 340, 341, 354, 356, 363, 365, 366, 367, 369, 370, 375, 380, 383, 384, 386, 388, 391, 394, 395, 396, 398, 399, 400, 401, 402, 403, 404, 405, 406, 407, 408, 409, 410, 411, 412, 413, 414, 415, 416, 417, 418, 419, 420, 421, 422, 423, 424, 425, 426, 427, 428, 429, 430, 431, 432, 433, 434, 435, 436, 437, 438, 439, 440, 441, 442, 443, 444, 445, 446, 447, 448, 449, 450, 451, 452, 453, 454, 455, 456, 457, 458, 459, 460, 461, 462, 463, 464, 465, 466, 467, 468, 469, 470, 471, 472, 473, 474, 475, 476, 477, 478, 479, 480, 481, 482, 483, 484, 497, 501, 508, 511, 559, 571, 575, 590, 594, 596, 600, 607, 608, 610, 611, 612, 619, 627, 628, 635, 640, 643, 650, 654, 655, 656, 659, 667, 669, 675, 685, 693, 701, 716, 720, 725, 726, 729, 737, 771, 775, 777, 779, 782, 783, 787, 790, 791, 793, 796, 797, 809, 811, 817, 818, 819, 820, 825, 830, 833, 834, 836, 838, 841, 844, 845, 846, 848, 849, 850, 851, 852, 853, 854, 855, 856, 857, 858, 859, 860, 861, 862, 863, 864, 865, 866, 867, 868, 869, 870, 871, 872, 873, 874, 875, 876, 877, 878, 879, 880, 881, 882, 883, 884, 885, 886, 887, 888, 889, 890, 891, 892, 893, 894, 895, 896, 897, 898, 899, 900, 901, 902, 903, 904, 905, 906, 907, 908, 909, 910, 911, 912, 913, 914, 915, 916, 917, 918, 919, 920, 921, 922, 923, 924, 925, 926, 927, 928, 929, 930, 931, 932, 933, 934, 935]",True,"[471, 918]","[398, 399, 400, 401, 402, 403, 404, 405, 406, 407, 408, 409, 410, 411, 412, 413, 414, 415, 416, 417, 418, 419, 420, 421, 422, 423, 424, 425, 426, 427, 428, 429, 430, 431, 432, 433, 434, 435, 436, 437, 438, 439, 440, 441, 442, 443, 444, 445, 446, 447, 448, 449, 450, 451, 452, 453, 454, 455, 456, 457, 458, 459, 460, 461, 462, 463, 464, 465, 466, 467, 468, 469, 470, 471, 472, 473, 474, 475, 476, 477, 478, 479, 480, 481, 482, 483, 484, 848, 849, 850, 851, 852, 853, 854, 855, 856, 857, 858, 859, 860, 861, 862, 863, 864, 865, 866, 867, 868, 869, 870, 871, 872, 873, 874, 875, 876, 877, 878, 879, 880, 881, 882, 883, 884, 885, 886, 887, 888, 889, 890, 891, 892, 893, 894, 895, 896, 897, 898, 899, 900, 901, 902, 903, 904, 905, 906, 907, 908, 909, 910, 911, 912, 913, 914, 915, 916, 917, 918, 919, 920, 921, 922, 923, 924, 925, 926, 927, 928, 929, 930, 931, 932, 933, 934, 935]","[464, 471, 911, 918]","[471, 918]","[16, 125, 156, 163, 168, 184, 205, 222, 229, 253, 258, 265, 313, 317, 336, 340, 341, 356, 363, 365, 366, 367, 370, 375, 388, 391, 394, 396, 402, 410, 411, 412, 413, 415, 416, 417, 418, 419, 425, 429, 431, 433, 435, 437, 440, 441, 442, 443, 451, 452, 456, 457, 458, 460, 461, 464, 471, 473, 474, 475, 481, 482, 501, 596, 628, 635, 655, 675, 693, 716, 720, 725, 771, 775, 793, 796, 797, 811, 817, 818, 820, 825, 838, 841, 844, 846, 851, 857, 861, 862, 863, 864, 866, 867, 868, 870, 871, 877, 881, 883, 885, 888, 891, 892, 893, 898, 899, 904, 905, 907, 908, 911, 918, 920, 921, 922, 923, 924, 926, 931, 933]","[12, 24, 25, 28, 88, 100, 104, 119, 123, 129, 136, 137, 139, 140, 141, 148, 155, 169, 172, 179, 183, 185, 188, 196, 198, 217, 237, 267, 270, 278, 319, 321, 324, 325, 330, 334, 335, 354, 366, 369, 380, 383, 384, 386, 395, 407, 411, 423, 428, 436, 437, 452, 453, 456, 467, 471, 477, 478, 479, 497, 508, 511, 559, 571, 575, 590, 594, 600, 607, 608, 610, 611, 612, 619, 627, 640, 643, 650, 654, 656, 659, 667, 669, 685, 701, 726, 729, 737, 777, 779, 782, 783, 787, 790, 791, 809, 817, 819, 830, 833, 834, 836, 845, 856, 857, 860, 862, 875, 880, 887, 888, 899, 900, 914, 918, 921, 928, 929, 930]","[12, 24, 25, 28, 88, 100, 104, 119, 123, 129, 136, 137, 139, 140, 141, 148, 155, 169, 172, 179, 183, 185, 188, 196, 198, 217, 237, 267, 270, 278, 319, 321, 324, 325, 330, 334, 335, 354, 366, 369, 380, 383, 384, 386, 395, 407, 411, 423, 428, 436, 437, 452, 453, 456, 467, 471, 477, 478, 479, 497, 508, 511, 559, 571, 575, 590, 594, 600, 607, 608, 610, 611, 612, 619, 627, 640, 643, 650, 654, 656, 659, 667, 669, 685, 701, 726, 729, 737, 777, 779, 782, 783, 787, 790, 791, 809, 817, 819, 830, 833, 834, 836, 845, 856, 857, 860, 862, 875, 880, 887, 888, 899, 900, 914, 918, 921, 928, 929, 930]",7/6 successful match,True,[66],True,489,False,,1.0,True,Slim Olson's # 2 ( Chevron ),Chevron
Woods Cross ( 84010 ) Slim Olson's # 2 ( Chevron ),801-295-8437 I-15 Exit 315 ( 742 W 2600 S ),24 <U+2610> <U+2610> <U+25A1> <U+25A1>,Woods Cross,84010,Slim Olson's # 2 ( Chevron ),801-295-8437,2015,Bountiful,UT,Chevron,( 742 W 2600 S ),I-15 Exit 315 ,Exit,315,False,,False,I-15,,,,,"[918, 471]","[471, 918]","[464, 471, 911, 918]","[471, 918]","[398, 399, 400, 401, 402, 403, 404, 405, 406, 407, 408, 409, 410, 411, 412, 413, 414, 415, 416, 417, 418, 419, 420, 421, 422, 423, 424, 425, 426, 427, 428, 429, 430, 431, 432, 433, 434, 435, 436, 437, 438, 439, 440, 441, 442, 443, 444, 445, 446, 447, 448, 449, 450, 451, 452, 453, 454, 455, 456, 457, 458, 459, 460, 461, 462, 463, 464, 465, 466, 467, 468, 469, 470, 471, 472, 473, 474, 475, 476, 477, 478, 479, 480, 481, 482, 483, 484, 848, 849, 850, 851, 852, 853, 854, 855, 856, 857, 858, 859, 860, 861, 862, 863, 864, 865, 866, 867, 868, 869, 870, 871, 872, 873, 874, 875, 876, 877, 878, 879, 880, 881, 882, 883, 884, 885, 886, 887, 888, 889, 890, 891, 892, 893, 894, 895, 896, 897, 898, 899, 900, 901, 902, 903, 904, 905, 906, 907, 908, 909, 910, 911, 912, 913, 914, 915, 916, 917, 918, 919, 920, 921, 922, 923, 924, 925, 926, 927, 928, 929, 930, 931, 932, 933, 934, 935]","[16, 125, 156, 163, 168, 184, 205, 222, 229, 253, 258, 265, 313, 317, 336, 340, 341, 356, 363, 365, 366, 367, 370, 375, 388, 391, 394, 396, 402, 410, 411, 412, 413, 415, 416, 417, 418, 419, 425, 429, 431, 433, 435, 437, 440, 441, 442, 443, 451, 452, 456, 457, 458, 460, 461, 464, 471, 473, 474, 475, 481, 482, 501, 596, 628, 635, 655, 675, 693, 716, 720, 725, 771, 775, 793, 796, 797, 811, 817, 818, 820, 825, 838, 841, 844, 846, 851, 857, 861, 862, 863, 864, 866, 867, 868, 870, 871, 877, 881, 883, 885, 888, 891, 892, 893, 898, 899, 904, 905, 907, 908, 911, 918, 920, 921, 922, 923, 924, 926, 931, 933]","[12, 24, 25, 28, 88, 100, 104, 119, 123, 129, 136, 137, 139, 140, 141, 148, 155, 169, 172, 179, 183, 185, 188, 196, 198, 217, 237, 267, 270, 278, 319, 321, 324, 325, 330, 334, 335, 354, 366, 369, 380, 383, 384, 386, 395, 407, 411, 423, 428, 436, 437, 452, 453, 456, 467, 471, 477, 478, 479, 497, 508, 511, 559, 571, 575, 590, 594, 600, 607, 608, 610, 611, 612, 619, 627, 640, 643, 650, 654, 656, 659, 667, 669, 685, 701, 726, 729, 737, 777, 779, 782, 783, 787, 790, 791, 809, 817, 819, 830, 833, 834, 836, 845, 856, 857, 860, 862, 875, 880, 887, 888, 899, 900, 914, 918, 921, 928, 929, 930]","[12, 24, 25, 28, 88, 100, 104, 119, 123, 129, 136, 137, 139, 140, 141, 148, 155, 169, 172, 179, 183, 185, 188, 196, 198, 217, 237, 267, 270, 278, 319, 321, 324, 325, 330, 334, 335, 354, 366, 369, 380, 383, 384, 386, 395, 407, 411, 423, 428, 436, 437, 452, 453, 456, 467, 471, 477, 478, 479, 497, 508, 511, 559, 571, 575, 590, 594, 600, 607, 608, 610, 611, 612, 619, 627, 640, 643, 650, 654, 656, 659, 667, 669, 685, 701, 726, 729, 737, 777, 779, 782, 783, 787, 790, 791, 809, 817, 819, 830, 833, 834, 836, 845, 856, 857, 860, 862, 875, 880, 887, 888, 899, 900, 914, 918, 921, 928, 929, 930]","[12, 16, 24, 25, 28, 88, 100, 104, 119, 123, 125, 129, 136, 137, 139, 140, 141, 148, 155, 156, 163, 168, 169, 172, 179, 183, 184, 185, 188, 196, 198, 205, 217, 222, 229, 237, 253, 258, 265, 267, 270, 278, 313, 317, 319, 321, 324, 325, 330, 334, 335, 336, 340, 341, 354, 356, 363, 365, 366, 367, 369, 370, 375, 380, 383, 384, 386, 388, 391, 394, 395, 396, 398, 399, 400, 401, 402, 403, 404, 405, 406, 407, 408, 409, 410, 411, 412, 413, 414, 415, 416, 417, 418, 419, 420, 421, 422, 423, 424, 425, 426, 427, 428, 429, 430, 431, 432, 433, 434, 435, 436, 437, 438, 439, 440, 441, 442, 443, 444, 445, 446, 447, 448, 449, 450, 451, 452, 453, 454, 455, 456, 457, 458, 459, 460, 461, 462, 463, 464, 465, 466, 467, 468, 469, 470, 471, 472, 473, 474, 475, 476, 477, 478, 479, 480, 481, 482, 483, 484, 497, 501, 508, 511, 559, 571, 575, 590, 594, 596, 600, 607, 608, 610, 611, 612, 619, 627, 628, 635, 640, 643, 650, 654, 655, 656, 659, 667, 669, 675, 685, 693, 701, 716, 720, 725, 726, 729, 737, 771, 775, 777, 779, 782, 783, 787, 790, 791, 793, 796, 797, 809, 811, 817, 818, 819, 820, 825, 830, 833, 834, 836, 838, 841, 844, 845, 846, 848, 849, 850, 851, 852, 853, 854, 855, 856, 857, 858, 859, 860, 861, 862, 863, 864, 865, 866, 867, 868, 869, 870, 871, 872, 873, 874, 875, 876, 877, 878, 879, 880, 881, 882, 883, 884, 885, 886, 887, 888, 889, 890, 891, 892, 893, 894, 895, 896, 897, 898, 899, 900, 901, 902, 903, 904, 905, 906, 907, 908, 909, 910, 911, 912, 913, 914, 915, 916, 917, 918, 919, 920, 921, 922, 923, 924, 925, 926, 927, 928, 929, 930, 931, 932, 933, 934, 935]",True,"[471, 918]","[398, 399, 400, 401, 402, 403, 404, 405, 406, 407, 408, 409, 410, 411, 412, 413, 414, 415, 416, 417, 418, 419, 420, 421, 422, 423, 424, 425, 426, 427, 428, 429, 430, 431, 432, 433, 434, 435, 436, 437, 438, 439, 440, 441, 442, 443, 444, 445, 446, 447, 448, 449, 450, 451, 452, 453, 454, 455, 456, 457, 458, 459, 460, 461, 462, 463, 464, 465, 466, 467, 468, 469, 470, 471, 472, 473, 474, 475, 476, 477, 478, 479, 480, 481, 482, 483, 484, 848, 849, 850, 851, 852, 853, 854, 855, 856, 857, 858, 859, 860, 861, 862, 863, 864, 865, 866, 867, 868, 869, 870, 871, 872, 873, 874, 875, 876, 877, 878, 879, 880, 881, 882, 883, 884, 885, 886, 887, 888, 889, 890, 891, 892, 893, 894, 895, 896, 897, 898, 899, 900, 901, 902, 903, 904, 905, 906, 907, 908, 909, 910, 911, 912, 913, 914, 915, 916, 917, 918, 919, 920, 921, 922, 923, 924, 925, 926, 927, 928, 929, 930, 931, 932, 933, 934, 935]","[464, 471, 911, 918]","[471, 918]","[16, 125, 156, 163, 168, 184, 205, 222, 229, 253, 258, 265, 313, 317, 336, 340, 341, 356, 363, 365, 366, 367, 370, 375, 388, 391, 394, 396, 402, 410, 411, 412, 413, 415, 416, 417, 418, 419, 425, 429, 431, 433, 435, 437, 440, 441, 442, 443, 451, 452, 456, 457, 458, 460, 461, 464, 471, 473, 474, 475, 481, 482, 501, 596, 628, 635, 655, 675, 693, 716, 720, 725, 771, 775, 793, 796, 797, 811, 817, 818, 820, 825, 838, 841, 844, 846, 851, 857, 861, 862, 863, 864, 866, 867, 868, 870, 871, 877, 881, 883, 885, 888, 891, 892, 893, 898, 899, 904, 905, 907, 908, 911, 918, 920, 921, 922, 923, 924, 926, 931, 933]","[12, 24, 25, 28, 88, 100, 104, 119, 123, 129, 136, 137, 139, 140, 141, 148, 155, 169, 172, 179, 183, 185, 188, 196, 198, 217, 237, 267, 270, 278, 319, 321, 324, 325, 330, 334, 335, 354, 366, 369, 380, 383, 384, 386, 395, 407, 411, 423, 428, 436, 437, 452, 453, 456, 467, 471, 477, 478, 479, 497, 508, 511, 559, 571, 575, 590, 594, 600, 607, 608, 610, 611, 612, 619, 627, 640, 643, 650, 654, 656, 659, 667, 669, 685, 701, 726, 729, 737, 777, 779, 782, 783, 787, 790, 791, 809, 817, 819, 830, 833, 834, 836, 845, 856, 857, 860, 862, 875, 880, 887, 888, 899, 900, 914, 918, 921, 928, 929, 930]","[12, 24, 25, 28, 88, 100, 104, 119, 123, 129, 136, 137, 139, 140, 141, 148, 155, 169, 172, 179, 183, 185, 188, 196, 198, 217, 237, 267, 270, 278, 319, 321, 324, 325, 330, 334, 335, 354, 366, 369, 380, 383, 384, 386, 395, 407, 411, 423, 428, 436, 437, 452, 453, 456, 467, 471, 477, 478, 479, 497, 508, 511, 559, 571, 575, 590, 594, 600, 607, 608, 610, 611, 612, 619, 627, 640, 643, 650, 654, 656, 659, 667, 669, 685, 701, 726, 729, 737, 777, 779, 782, 783, 787, 790, 791, 809, 817, 819, 830, 833, 834, 836, 845, 856, 857, 860, 862, 875, 880, 887, 888, 899, 900, 914, 918, 921, 928, 929, 930]",7/6 successful match,True,[66],True,489,False,,1.0,True,Slim Olson's # 2 ( Chevron ),Chevron
Woods Cross ( 84010 ) Slim Olson's # 2 ( Chevron ),801-295-8437 I-15 Exit 315 ( 742 W 2600 S ),24,Woods Cross,84010,Slim Olson's # 2 ( Chevron ),801-295-8437,2016,Bountiful,UT,Chevron,( 742 W 2600 S ),I-15 Exit 315 ,Exit,315,False,,False,I-15,,,,,"[918, 471]","[471, 918]","[464, 471, 911, 918]","[471, 918]","[398, 399, 400, 401, 402, 403, 404, 405, 406, 407, 408, 409, 410, 411, 412, 413, 414, 415, 416, 417, 418, 419, 420, 421, 422, 423, 424, 425, 426, 427, 428, 429, 430, 431, 432, 433, 434, 435, 436, 437, 438, 439, 440, 441, 442, 443, 444, 445, 446, 447, 448, 449, 450, 451, 452, 453, 454, 455, 456, 457, 458, 459, 460, 461, 462, 463, 464, 465, 466, 467, 468, 469, 470, 471, 472, 473, 474, 475, 476, 477, 478, 479, 480, 481, 482, 483, 484, 848, 849, 850, 851, 852, 853, 854, 855, 856, 857, 858, 859, 860, 861, 862, 863, 864, 865, 866, 867, 868, 869, 870, 871, 872, 873, 874, 875, 876, 877, 878, 879, 880, 881, 882, 883, 884, 885, 886, 887, 888, 889, 890, 891, 892, 893, 894, 895, 896, 897, 898, 899, 900, 901, 902, 903, 904, 905, 906, 907, 908, 909, 910, 911, 912, 913, 914, 915, 916, 917, 918, 919, 920, 921, 922, 923, 924, 925, 926, 927, 928, 929, 930, 931, 932, 933, 934, 935]","[16, 125, 156, 163, 168, 184, 205, 222, 229, 253, 258, 265, 313, 317, 336, 340, 341, 356, 363, 365, 366, 367, 370, 375, 388, 391, 394, 396, 402, 410, 411, 412, 413, 415, 416, 417, 418, 419, 425, 429, 431, 433, 435, 437, 440, 441, 442, 443, 451, 452, 456, 457, 458, 460, 461, 464, 471, 473, 474, 475, 481, 482, 501, 596, 628, 635, 655, 675, 693, 716, 720, 725, 771, 775, 793, 796, 797, 811, 817, 818, 820, 825, 838, 841, 844, 846, 851, 857, 861, 862, 863, 864, 866, 867, 868, 870, 871, 877, 881, 883, 885, 888, 891, 892, 893, 898, 899, 904, 905, 907, 908, 911, 918, 920, 921, 922, 923, 924, 926, 931, 933]","[12, 24, 25, 28, 88, 100, 104, 119, 123, 129, 136, 137, 139, 140, 141, 148, 155, 169, 172, 179, 183, 185, 188, 196, 198, 217, 237, 267, 270, 278, 319, 321, 324, 325, 330, 334, 335, 354, 366, 369, 380, 383, 384, 386, 395, 407, 411, 423, 428, 436, 437, 452, 453, 456, 467, 471, 477, 478, 479, 497, 508, 511, 559, 571, 575, 590, 594, 600, 607, 608, 610, 611, 612, 619, 627, 640, 643, 650, 654, 656, 659, 667, 669, 685, 701, 726, 729, 737, 777, 779, 782, 783, 787, 790, 791, 809, 817, 819, 830, 833, 834, 836, 845, 856, 857, 860, 862, 875, 880, 887, 888, 899, 900, 914, 918, 921, 928, 929, 930]","[12, 24, 25, 28, 88, 100, 104, 119, 123, 129, 136, 137, 139, 140, 141, 148, 155, 169, 172, 179, 183, 185, 188, 196, 198, 217, 237, 267, 270, 278, 319, 321, 324, 325, 330, 334, 335, 354, 366, 369, 380, 383, 384, 386, 395, 407, 411, 423, 428, 436, 437, 452, 453, 456, 467, 471, 477, 478, 479, 497, 508, 511, 559, 571, 575, 590, 594, 600, 607, 608, 610, 611, 612, 619, 627, 640, 643, 650, 654, 656, 659, 667, 669, 685, 701, 726, 729, 737, 777, 779, 782, 783, 787, 790, 791, 809, 817, 819, 830, 833, 834, 836, 845, 856, 857, 860, 862, 875, 880, 887, 888, 899, 900, 914, 918, 921, 928, 929, 930]","[12, 16, 24, 25, 28, 88, 100, 104, 119, 123, 125, 129, 136, 137, 139, 140, 141, 148, 155, 156, 163, 168, 169, 172, 179, 183, 184, 185, 188, 196, 198, 205, 217, 222, 229, 237, 253, 258, 265, 267, 270, 278, 313, 317, 319, 321, 324, 325, 330, 334, 335, 336, 340, 341, 354, 356, 363, 365, 366, 367, 369, 370, 375, 380, 383, 384, 386, 388, 391, 394, 395, 396, 398, 399, 400, 401, 402, 403, 404, 405, 406, 407, 408, 409, 410, 411, 412, 413, 414, 415, 416, 417, 418, 419, 420, 421, 422, 423, 424, 425, 426, 427, 428, 429, 430, 431, 432, 433, 434, 435, 436, 437, 438, 439, 440, 441, 442, 443, 444, 445, 446, 447, 448, 449, 450, 451, 452, 453, 454, 455, 456, 457, 458, 459, 460, 461, 462, 463, 464, 465, 466, 467, 468, 469, 470, 471, 472, 473, 474, 475, 476, 477, 478, 479, 480, 481, 482, 483, 484, 497, 501, 508, 511, 559, 571, 575, 590, 594, 596, 600, 607, 608, 610, 611, 612, 619, 627, 628, 635, 640, 643, 650, 654, 655, 656, 659, 667, 669, 675, 685, 693, 701, 716, 720, 725, 726, 729, 737, 771, 775, 777, 779, 782, 783, 787, 790, 791, 793, 796, 797, 809, 811, 817, 818, 819, 820, 825, 830, 833, 834, 836, 838, 841, 844, 845, 846, 848, 849, 850, 851, 852, 853, 854, 855, 856, 857, 858, 859, 860, 861, 862, 863, 864, 865, 866, 867, 868, 869, 870, 871, 872, 873, 874, 875, 876, 877, 878, 879, 880, 881, 882, 883, 884, 885, 886, 887, 888, 889, 890, 891, 892, 893, 894, 895, 896, 897, 898, 899, 900, 901, 902, 903, 904, 905, 906, 907, 908, 909, 910, 911, 912, 913, 914, 915, 916, 917, 918, 919, 920, 921, 922, 923, 924, 925, 926, 927, 928, 929, 930, 931, 932, 933, 934, 935]",True,"[471, 918]","[398, 399, 400, 401, 402, 403, 404, 405, 406, 407, 408, 409, 410, 411, 412, 413, 414, 415, 416, 417, 418, 419, 420, 421, 422, 423, 424, 425, 426, 427, 428, 429, 430, 431, 432, 433, 434, 435, 436, 437, 438, 439, 440, 441, 442, 443, 444, 445, 446, 447, 448, 449, 450, 451, 452, 453, 454, 455, 456, 457, 458, 459, 460, 461, 462, 463, 464, 465, 466, 467, 468, 469, 470, 471, 472, 473, 474, 475, 476, 477, 478, 479, 480, 481, 482, 483, 484, 848, 849, 850, 851, 852, 853, 854, 855, 856, 857, 858, 859, 860, 861, 862, 863, 864, 865, 866, 867, 868, 869, 870, 871, 872, 873, 874, 875, 876, 877, 878, 879, 880, 881, 882, 883, 884, 885, 886, 887, 888, 889, 890, 891, 892, 893, 894, 895, 896, 897, 898, 899, 900, 901, 902, 903, 904, 905, 906, 907, 908, 909, 910, 911, 912, 913, 914, 915, 916, 917, 918, 919, 920, 921, 922, 923, 924, 925, 926, 927, 928, 929, 930, 931, 932, 933, 934, 935]","[464, 471, 911, 918]","[471, 918]","[16, 125, 156, 163, 168, 184, 205, 222, 229, 253, 258, 265, 313, 317, 336, 340, 341, 356, 363, 365, 366, 367, 370, 375, 388, 391, 394, 396, 402, 410, 411, 412, 413, 415, 416, 417, 418, 419, 425, 429, 431, 433, 435, 437, 440, 441, 442, 443, 451, 452, 456, 457, 458, 460, 461, 464, 471, 473, 474, 475, 481, 482, 501, 596, 628, 635, 655, 675, 693, 716, 720, 725, 771, 775, 793, 796, 797, 811, 817, 818, 820, 825, 838, 841, 844, 846, 851, 857, 861, 862, 863, 864, 866, 867, 868, 870, 871, 877, 881, 883, 885, 888, 891, 892, 893, 898, 899, 904, 905, 907, 908, 911, 918, 920, 921, 922, 923, 924, 926, 931, 933]","[12, 24, 25, 28, 88, 100, 104, 119, 123, 129, 136, 137, 139, 140, 141, 148, 155, 169, 172, 179, 183, 185, 188, 196, 198, 217, 237, 267, 270, 278, 319, 321, 324, 325, 330, 334, 335, 354, 366, 369, 380, 383, 384, 386, 395, 407, 411, 423, 428, 436, 437, 452, 453, 456, 467, 471, 477, 478, 479, 497, 508, 511, 559, 571, 575, 590, 594, 600, 607, 608, 610, 611, 612, 619, 627, 640, 643, 650, 654, 656, 659, 667, 669, 685, 701, 726, 729, 737, 777, 779, 782, 783, 787, 790, 791, 809, 817, 819, 830, 833, 834, 836, 845, 856, 857, 860, 862, 875, 880, 887, 888, 899, 900, 914, 918, 921, 928, 929, 930]","[12, 24, 25, 28, 88, 100, 104, 119, 123, 129, 136, 137, 139, 140, 141, 148, 155, 169, 172, 179, 183, 185, 188, 196, 198, 217, 237, 267, 270, 278, 319, 321, 324, 325, 330, 334, 335, 354, 366, 369, 380, 383, 384, 386, 395, 407, 411, 423, 428, 436, 437, 452, 453, 456, 467, 471, 477, 478, 479, 497, 508, 511, 559, 571, 575, 590, 594, 600, 607, 608, 610, 611, 612, 619, 627, 640, 643, 650, 654, 656, 659, 667, 669, 685, 701, 726, 729, 737, 777, 779, 782, 783, 787, 790, 791, 809, 817, 819, 830, 833, 834, 836, 845, 856, 857, 860, 862, 875, 880, 887, 888, 899, 900, 914, 918, 921, 928, 929, 930]",7/6 successful match,True,[66],True,489,False,,1.0,True,Slim Olson's # 2 ( Chevron ),Chevron
Fort Duchesne ( 84026 ) Ute Petroleum,435-722-3975 7240 US 40-191 E,<U+2610><U+2610> S <U+2610>,Fort Duchesne,84026,Ute Petroleum,435-722-3975,2014,Fort Duchesne,UT,,,7240 US 40-191 E,Proper,,False,,False,US 40-191,,,,,"[483, 934]","[483, 934]","[483, 934]",[],"[398, 399, 400, 401, 402, 403, 404, 405, 406, 407, 408, 409, 410, 411, 412, 413, 414, 415, 416, 417, 418, 419, 420, 421, 422, 423, 424, 425, 426, 427, 428, 429, 430, 431, 432, 433, 434, 435, 436, 437, 438, 439, 440, 441, 442, 443, 444, 445, 446, 447, 448, 449, 450, 451, 452, 453, 454, 455, 456, 457, 458, 459, 460, 461, 462, 463, 464, 465, 466, 467, 468, 469, 470, 471, 472, 473, 474, 475, 476, 477, 478, 479, 480, 481, 482, 483, 484, 848, 849, 850, 851, 852, 853, 854, 855, 856, 857, 858, 859, 860, 861, 862, 863, 864, 865, 866, 867, 868, 869, 870, 871, 872, 873, 874, 875, 876, 877, 878, 879, 880, 881, 882, 883, 884, 885, 886, 887, 888, 889, 890, 891, 892, 893, 894, 895, 896, 897, 898, 899, 900, 901, 902, 903, 904, 905, 906, 907, 908, 909, 910, 911, 912, 913, 914, 915, 916, 917, 918, 919, 920, 921, 922, 923, 924, 925, 926, 927, 928, 929, 930, 931, 932, 933, 934, 935]","[4, 11, 18, 21, 23, 26, 27, 28, 31, 35, 36, 43, 45, 52, 55, 56, 60, 62, 64, 70, 71, 80, 90, 94, 97, 183, 197, 232, 334, 398, 400, 404, 406, 426, 453, 455, 459, 472, 477, 478, 480, 483, 484, 490, 496, 505, 507, 509, 510, 511, 514, 516, 517, 523, 525, 529, 532, 533, 536, 538, 545, 546, 552, 561, 565, 568, 654, 668, 696, 790, 849, 853, 855, 857, 878, 900, 902, 903, 906, 919, 928, 929, 932, 934, 935]",[],"[176, 177, 325, 332, 467, 483, 484, 647, 648, 783, 789, 914, 927, 934, 935]","[916, 514, 4, 516, 917, 517, 918, 11, 523, 525, 919, 529, 18, 532, 920, 21, 23, 533, 536, 921, 26, 27, 28, 538, 922, 31, 545, 546, 35, 923, 36, 552, 924, 43, 45, 925, 561, 926, 52, 565, 55, 927, 56, 568, 60, 928, 62, 64, 929, 70, 71, 930, 931, 80, 932, 933, 90, 94, 935, 97, 647, 648, 654, 668, 176, 177, 183, 696, 197, 232, 783, 789, 790, 325, 332, 334, 848, 849, 850, 851, 852, 853, 854, 855, 856, 857, 858, 859, 860, 861, 862, 863, 864, 865, 866, 867, 868, 869, 870, 871, 872, 873, 874, 875, 876, 877, 878, 879, 880, 881, 882, 883, 884, 885, 886, 887, 888, 889, 890, 891, 892, 893, 894, 895, 896, 897, 898, 899, 900, 901, 902, 903, 904, 905, 906, 907, 908, 909, 398, 399, 400, 401, 402, 403, 404, 405, 406, 407, 408, 409, 410, 411, 412, 413, 414, 415, 416, 417, 418, 419, 420, 421, 934, 422, 423, 424, 425, 426, 427, 428, 429, 430, 431, 432, 433, 434, 435, 436, 437, 438, 439, 440, 441, 442, 443, 444, 445, 446, 447, 448, 449, 450, 451, 452, 453, 454, 455, 456, 457, 458, 459, 460, 461, 462, 463, 464, 465, 466, 467, 468, 469, 470, 471, 472, 473, 474, 475, 476, 477, 478, 479, 480, 481, 483, 482, 484, 910, 911, 490, 912, 496, 913, 914, 505, 507, 915, 509, 510, 511]",True,"[483, 934]","[398, 399, 400, 401, 402, 403, 404, 405, 406, 407, 408, 409, 410, 411, 412, 413, 414, 415, 416, 417, 418, 419, 420, 421, 422, 423, 424, 425, 426, 427, 428, 429, 430, 431, 432, 433, 434, 435, 436, 437, 438, 439, 440, 441, 442, 443, 444, 445, 446, 447, 448, 449, 450, 451, 452, 453, 454, 455, 456, 457, 458, 459, 460, 461, 462, 463, 464, 465, 466, 467, 468, 469, 470, 471, 472, 473, 474, 475, 476, 477, 478, 479, 480, 481, 482, 483, 484, 848, 849, 850, 851, 852, 853, 854, 855, 856, 857, 858, 859, 860, 861, 862, 863, 864, 865, 866, 867, 868, 869, 870, 871, 872, 873, 874, 875, 876, 877, 878, 879, 880, 881, 882, 883, 884, 885, 886, 887, 888, 889, 890, 891, 892, 893, 894, 895, 896, 897, 898, 899, 900, 901, 902, 903, 904, 905, 906, 907, 908, 909, 910, 911, 912, 913, 914, 915, 916, 917, 918, 919, 920, 921, 922, 923, 924, 925, 926, 927, 928, 929, 930, 931, 932, 933, 934, 935]","[483, 934]",[],"[4, 11, 18, 21, 23, 26, 27, 28, 31, 35, 36, 43, 45, 52, 55, 56, 60, 62, 64, 70, 71, 80, 90, 94, 97, 183, 197, 232, 334, 398, 400, 404, 406, 426, 453, 455, 459, 472, 477, 478, 480, 483, 484, 490, 496, 505, 507, 509, 510, 511, 514, 516, 517, 523, 525, 529, 532, 533, 536, 538, 545, 546, 552, 561, 565, 568, 654, 668, 696, 790, 849, 853, 855, 857, 878, 900, 902, 903, 906, 919, 928, 929, 932, 934, 935]","[176, 177, 325, 332, 467, 483, 484, 647, 648, 783, 789, 914, 927, 934, 935]",[],7/6 successful match,True,,False,490,False,,,,,
Fort Duchesne ( 84026 ) Ute Petroleum,S435-722-3975 7240 US 40-191 E,<U+2610><U+2610> S,Fort Duchesne,84026,Ute Petroleum,435-722-3975,2015,Fort Duchesne,UT,,,7240 US 40-191 E,Proper,,False,,False,US 40-191,,,,,"[483, 934]","[483, 934]","[483, 934]",[],"[398, 399, 400, 401, 402, 403, 404, 405, 406, 407, 408, 409, 410, 411, 412, 413, 414, 415, 416, 417, 418, 419, 420, 421, 422, 423, 424, 425, 426, 427, 428, 429, 430, 431, 432, 433, 434, 435, 436, 437, 438, 439, 440, 441, 442, 443, 444, 445, 446, 447, 448, 449, 450, 451, 452, 453, 454, 455, 456, 457, 458, 459, 460, 461, 462, 463, 464, 465, 466, 467, 468, 469, 470, 471, 472, 473, 474, 475, 476, 477, 478, 479, 480, 481, 482, 483, 484, 848, 849, 850, 851, 852, 853, 854, 855, 856, 857, 858, 859, 860, 861, 862, 863, 864, 865, 866, 867, 868, 869, 870, 871, 872, 873, 874, 875, 876, 877, 878, 879, 880, 881, 882, 883, 884, 885, 886, 887, 888, 889, 890, 891, 892, 893, 894, 895, 896, 897, 898, 899, 900, 901, 902, 903, 904, 905, 906, 907, 908, 909, 910, 911, 912, 913, 914, 915, 916, 917, 918, 919, 920, 921, 922, 923, 924, 925, 926, 927, 928, 929, 930, 931, 932, 933, 934, 935]","[4, 11, 18, 21, 23, 26, 27, 28, 31, 35, 36, 43, 45, 52, 55, 56, 60, 62, 64, 70, 71, 80, 90, 94, 97, 183, 197, 232, 334, 398, 400, 404, 406, 426, 453, 455, 459, 472, 477, 478, 480, 483, 484, 490, 496, 505, 507, 509, 510, 511, 514, 516, 517, 523, 525, 529, 532, 533, 536, 538, 545, 546, 552, 561, 565, 568, 654, 668, 696, 790, 849, 853, 855, 857, 878, 900, 902, 903, 906, 919, 928, 929, 932, 934, 935]",[],"[176, 177, 325, 332, 467, 483, 484, 647, 648, 783, 789, 914, 927, 934, 935]","[916, 514, 4, 516, 917, 517, 918, 11, 523, 525, 919, 529, 18, 532, 920, 21, 23, 533, 536, 921, 26, 27, 28, 538, 922, 31, 545, 546, 35, 923, 36, 552, 924, 43, 45, 925, 561, 926, 52, 565, 55, 927, 56, 568, 60, 928, 62, 64, 929, 70, 71, 930, 931, 80, 932, 933, 90, 94, 935, 97, 647, 648, 654, 668, 176, 177, 183, 696, 197, 232, 783, 789, 790, 325, 332, 334, 848, 849, 850, 851, 852, 853, 854, 855, 856, 857, 858, 859, 860, 861, 862, 863, 864, 865, 866, 867, 868, 869, 870, 871, 872, 873, 874, 875, 876, 877, 878, 879, 880, 881, 882, 883, 884, 885, 886, 887, 888, 889, 890, 891, 892, 893, 894, 895, 896, 897, 898, 899, 900, 901, 902, 903, 904, 905, 906, 907, 908, 909, 398, 399, 400, 401, 402, 403, 404, 405, 406, 407, 408, 409, 410, 411, 412, 413, 414, 415, 416, 417, 418, 419, 420, 421, 934, 422, 423, 424, 425, 426, 427, 428, 429, 430, 431, 432, 433, 434, 435, 436, 437, 438, 439, 440, 441, 442, 443, 444, 445, 446, 447, 448, 449, 450, 451, 452, 453, 454, 455, 456, 457, 458, 459, 460, 461, 462, 463, 464, 465, 466, 467, 468, 469, 470, 471, 472, 473, 474, 475, 476, 477, 478, 479, 480, 481, 483, 482, 484, 910, 911, 490, 912, 496, 913, 914, 505, 507, 915, 509, 510, 511]",True,"[483, 934]","[398, 399, 400, 401, 402, 403, 404, 405, 406, 407, 408, 409, 410, 411, 412, 413, 414, 415, 416, 417, 418, 419, 420, 421, 422, 423, 424, 425, 426, 427, 428, 429, 430, 431, 432, 433, 434, 435, 436, 437, 438, 439, 440, 441, 442, 443, 444, 445, 446, 447, 448, 449, 450, 451, 452, 453, 454, 455, 456, 457, 458, 459, 460, 461, 462, 463, 464, 465, 466, 467, 468, 469, 470, 471, 472, 473, 474, 475, 476, 477, 478, 479, 480, 481, 482, 483, 484, 848, 849, 850, 851, 852, 853, 854, 855, 856, 857, 858, 859, 860, 861, 862, 863, 864, 865, 866, 867, 868, 869, 870, 871, 872, 873, 874, 875, 876, 877, 878, 879, 880, 881, 882, 883, 884, 885, 886, 887, 888, 889, 890, 891, 892, 893, 894, 895, 896, 897, 898, 899, 900, 901, 902, 903, 904, 905, 906, 907, 908, 909, 910, 911, 912, 913, 914, 915, 916, 917, 918, 919, 920, 921, 922, 923, 924, 925, 926, 927, 928, 929, 930, 931, 932, 933, 934, 935]","[483, 934]",[],"[4, 11, 18, 21, 23, 26, 27, 28, 31, 35, 36, 43, 45, 52, 55, 56, 60, 62, 64, 70, 71, 80, 90, 94, 97, 183, 197, 232, 334, 398, 400, 404, 406, 426, 453, 455, 459, 472, 477, 478, 480, 483, 484, 490, 496, 505, 507, 509, 510, 511, 514, 516, 517, 523, 525, 529, 532, 533, 536, 538, 545, 546, 552, 561, 565, 568, 654, 668, 696, 790, 849, 853, 855, 857, 878, 900, 902, 903, 906, 919, 928, 929, 932, 934, 935]","[176, 177, 325, 332, 467, 483, 484, 647, 648, 783, 789, 914, 927, 934, 935]",[],7/6 successful match,True,,False,490,False,,1.0,True,Ute Petroleum,
Fort Duchesne ( 84026 ) Ute Petroleum ( Sinclair ),435-722-3975 7240 US 40-191 E,S,Fort Duchesne,84026,Ute Petroleum ( Sinclair ),435-722-3975,2016,Fort Duchesne,UT,Sinclair,,7240 US 40-191 E,Proper,,False,,False,US 40-191,,,,,"[483, 934]","[483, 934]","[483, 934]",[],"[398, 399, 400, 401, 402, 403, 404, 405, 406, 407, 408, 409, 410, 411, 412, 413, 414, 415, 416, 417, 418, 419, 420, 421, 422, 423, 424, 425, 426, 427, 428, 429, 430, 431, 432, 433, 434, 435, 436, 437, 438, 439, 440, 441, 442, 443, 444, 445, 446, 447, 448, 449, 450, 451, 452, 453, 454, 455, 456, 457, 458, 459, 460, 461, 462, 463, 464, 465, 466, 467, 468, 469, 470, 471, 472, 473, 474, 475, 476, 477, 478, 479, 480, 481, 482, 483, 484, 848, 849, 850, 851, 852, 853, 854, 855, 856, 857, 858, 859, 860, 861, 862, 863, 864, 865, 866, 867, 868, 869, 870, 871, 872, 873, 874, 875, 876, 877, 878, 879, 880, 881, 882, 883, 884, 885, 886, 887, 888, 889, 890, 891, 892, 893, 894, 895, 896, 897, 898, 899, 900, 901, 902, 903, 904, 905, 906, 907, 908, 909, 910, 911, 912, 913, 914, 915, 916, 917, 918, 919, 920, 921, 922, 923, 924, 925, 926, 927, 928, 929, 930, 931, 932, 933, 934, 935]","[4, 11, 18, 21, 23, 26, 27, 28, 31, 35, 36, 43, 45, 52, 55, 56, 60, 62, 64, 70, 71, 80, 90, 94, 97, 183, 197, 232, 334, 398, 400, 404, 406, 426, 453, 455, 459, 472, 477, 478, 480, 483, 484, 490, 496, 505, 507, 509, 510, 511, 514, 516, 517, 523, 525, 529, 532, 533, 536, 538, 545, 546, 552, 561, 565, 568, 654, 668, 696, 790, 849, 853, 855, 857, 878, 900, 902, 903, 906, 919, 928, 929, 932, 934, 935]","[31, 142, 147, 180, 338, 352, 367, 387, 403, 405, 408, 410, 455, 465, 466, 468, 470, 472, 473, 483, 484, 514, 613, 618, 651, 794, 807, 837, 852, 854, 858, 861, 902, 912, 913, 915, 917, 919, 920, 931, 934, 935]","[31, 142, 147, 176, 177, 180, 325, 332, 338, 352, 367, 387, 403, 405, 408, 410, 455, 465, 466, 467, 468, 470, 472, 473, 483, 484, 514, 613, 618, 647, 648, 651, 783, 789, 794, 807, 837, 852, 854, 858, 861, 902, 912, 913, 914, 915, 917, 919, 920, 927, 931, 934, 935]","[916, 514, 4, 516, 917, 517, 918, 11, 523, 525, 387, 919, 529, 18, 532, 920, 21, 23, 533, 536, 921, 26, 27, 28, 538, 922, 31, 545, 546, 35, 923, 36, 552, 924, 43, 45, 925, 561, 926, 52, 565, 55, 927, 56, 568, 60, 928, 62, 64, 929, 70, 71, 930, 931, 80, 932, 933, 90, 94, 935, 97, 613, 618, 647, 648, 651, 654, 142, 147, 668, 338, 176, 177, 180, 183, 696, 197, 232, 352, 783, 789, 790, 794, 807, 367, 837, 325, 332, 334, 848, 849, 850, 851, 852, 853, 854, 855, 856, 857, 858, 859, 860, 861, 862, 863, 864, 865, 866, 867, 868, 869, 870, 871, 872, 873, 874, 875, 876, 877, 878, 879, 880, 881, 882, 883, 884, 885, 886, 887, 888, 889, 890, 891, 892, 893, 894, 895, 896, 897, 898, 899, 900, 901, 902, 903, 904, 905, 906, 907, 908, 909, 398, 399, 400, 401, 402, 403, 404, 405, 406, 407, 408, 409, 410, 411, 412, 413, 414, 415, 416, 417, 418, 419, 420, 421, 934, 422, 423, 424, 425, 426, 427, 428, 429, 430, 431, 432, 433, 434, 435, 436, 437, 438, 439, 440, 441, 442, 443, 444, 445, 446, 447, 448, 449, 450, 451, 452, 453, 454, 455, 456, 457, 458, 459, 460, 461, 462, 463, 464, 465, 466, 467, 468, 469, 470, 471, 472, 473, 474, 475, 476, 477, 478, 479, 480, 481, 483, 482, 484, 910, 911, 490, 912, 496, 913, 914, 505, 507, 915, 509, 510, 511]",True,"[483, 934]","[398, 399, 400, 401, 402, 403, 404, 405, 406, 407, 408, 409, 410, 411, 412, 413, 414, 415, 416, 417, 418, 419, 420, 421, 422, 423, 424, 425, 426, 427, 428, 429, 430, 431, 432, 433, 434, 435, 436, 437, 438, 439, 440, 441, 442, 443, 444, 445, 446, 447, 448, 449, 450, 451, 452, 453, 454, 455, 456, 457, 458, 459, 460, 461, 462, 463, 464, 465, 466, 467, 468, 469, 470, 471, 472, 473, 474, 475, 476, 477, 478, 479, 480, 481, 482, 483, 484, 848, 849, 850, 851, 852, 853, 854, 855, 856, 857, 858, 859, 860, 861, 862, 863, 864, 865, 866, 867, 868, 869, 870, 871, 872, 873, 874, 875, 876, 877, 878, 879, 880, 881, 882, 883, 884, 885, 886, 887, 888, 889, 890, 891, 892, 893, 894, 895, 896, 897, 898, 899, 900, 901, 902, 903, 904, 905, 906, 907, 908, 909, 910, 911, 912, 913, 914, 915, 916, 917, 918, 919, 920, 921, 922, 923, 924, 925, 926, 927, 928, 929, 930, 931, 932, 933, 934, 935]","[483, 934]",[],"[4, 11, 18, 21, 23, 26, 27, 28, 31, 35, 36, 43, 45, 52, 55, 56, 60, 62, 64, 70, 71, 80, 90, 94, 97, 183, 197, 232, 334, 398, 400, 404, 406, 426, 453, 455, 459, 472, 477, 478, 480, 483, 484, 490, 496, 505, 507, 509, 510, 511, 514, 516, 517, 523, 525, 529, 532, 533, 536, 538, 545, 546, 552, 561, 565, 568, 654, 668, 696, 790, 849, 853, 855, 857, 878, 900, 902, 903, 906, 919, 928, 929, 932, 934, 935]","[31, 142, 147, 176, 177, 180, 325, 332, 338, 352, 367, 387, 403, 405, 408, 410, 455, 465, 466, 467, 468, 470, 472, 473, 483, 484, 514, 613, 618, 647, 648, 651, 783, 789, 794, 807, 837, 852, 854, 858, 861, 902, 912, 913, 914, 915, 917, 919, 920, 927, 931, 934, 935]","[31, 142, 147, 180, 338, 352, 367, 387, 403, 405, 408, 410, 455, 465, 466, 468, 470, 472, 473, 483, 484, 514, 613, 618, 651, 794, 807, 837, 852, 854, 858, 861, 902, 912, 913, 915, 917, 919, 920, 931, 934, 935]",7/6 successful match,True,,False,490,False,,0.9666666666666667,True,Ute Petroleum,
E Heber City ( 84032 ) Mountainland One Stop ( Sinclair ) <U+2610>,4 435-654-5530 US 40 & US 189,<U+2610> <U+2610> <U+2610> <U+2610>,Heber City,84032,Mountainland One Stop ( Sinclair ) <U+2610>,435-654-5530,2016,Heber City,UT,Sinclair,,US 40 & US 189,empty,,False,,False,US 40,US 189,,,,"[902, 455]","[426, 455, 878, 902]","[426, 455, 878, 902]",[],"[398, 399, 400, 401, 402, 403, 404, 405, 406, 407, 408, 409, 410, 411, 412, 413, 414, 415, 416, 417, 418, 419, 420, 421, 422, 423, 424, 425, 426, 427, 428, 429, 430, 431, 432, 433, 434, 435, 436, 437, 438, 439, 440, 441, 442, 443, 444, 445, 446, 447, 448, 449, 450, 451, 452, 453, 454, 455, 456, 457, 458, 459, 460, 461, 462, 463, 464, 465, 466, 467, 468, 469, 470, 471, 472, 473, 474, 475, 476, 477, 478, 479, 480, 481, 482, 483, 484, 848, 849, 850, 851, 852, 853, 854, 855, 856, 857, 858, 859, 860, 861, 862, 863, 864, 865, 866, 867, 868, 869, 870, 871, 872, 873, 874, 875, 876, 877, 878, 879, 880, 881, 882, 883, 884, 885, 886, 887, 888, 889, 890, 891, 892, 893, 894, 895, 896, 897, 898, 899, 900, 901, 902, 903, 904, 905, 906, 907, 908, 909, 910, 911, 912, 913, 914, 915, 916, 917, 918, 919, 920, 921, 922, 923, 924, 925, 926, 927, 928, 929, 930, 931, 932, 933, 934, 935]","[4, 11, 18, 21, 23, 26, 27, 28, 31, 35, 36, 43, 45, 52, 55, 56, 60, 62, 64, 70, 71, 80, 90, 94, 97, 102, 183, 197, 232, 334, 426, 455, 472, 477, 478, 480, 483, 484, 490, 496, 505, 507, 509, 510, 511, 514, 516, 517, 523, 525, 529, 532, 533, 536, 538, 545, 546, 552, 561, 565, 568, 573, 654, 668, 696, 790, 857, 878, 902, 919, 928, 929, 932, 934, 935]","[31, 142, 147, 180, 338, 352, 367, 387, 403, 405, 408, 410, 455, 465, 466, 468, 470, 472, 473, 483, 484, 514, 613, 618, 651, 794, 807, 837, 852, 854, 858, 861, 902, 912, 913, 915, 917, 919, 920, 931, 934, 935]","[31, 142, 147, 180, 338, 352, 367, 387, 403, 405, 408, 410, 455, 465, 466, 468, 470, 472, 473, 483, 484, 514, 613, 618, 651, 794, 807, 837, 852, 854, 858, 861, 902, 912, 913, 915, 917, 919, 920, 931, 934, 935]","[916, 514, 4, 516, 917, 517, 918, 11, 523, 525, 387, 919, 529, 18, 532, 920, 21, 23, 533, 536, 921, 26, 27, 28, 538, 922, 31, 545, 546, 35, 923, 36, 552, 924, 43, 45, 925, 561, 926, 52, 565, 55, 927, 56, 568, 60, 573, 928, 62, 64, 929, 70, 71, 930, 931, 80, 932, 933, 90, 934, 94, 935, 97, 613, 102, 618, 651, 654, 142, 147, 668, 338, 180, 183, 696, 197, 232, 352, 790, 794, 807, 367, 837, 334, 848, 849, 850, 851, 852, 853, 854, 855, 856, 857, 858, 859, 860, 861, 862, 863, 864, 865, 866, 867, 868, 869, 870, 871, 872, 873, 874, 875, 876, 877, 878, 879, 880, 881, 882, 883, 884, 885, 886, 887, 888, 889, 890, 891, 892, 893, 894, 895, 896, 897, 898, 899, 900, 901, 902, 903, 904, 905, 906, 907, 908, 909, 398, 399, 400, 401, 402, 403, 404, 405, 406, 407, 408, 409, 410, 411, 412, 413, 414, 415, 416, 417, 418, 419, 420, 421, 422, 423, 424, 425, 426, 427, 428, 429, 430, 431, 432, 433, 434, 435, 436, 437, 438, 439, 440, 441, 442, 443, 444, 445, 446, 447, 448, 449, 450, 451, 452, 453, 454, 455, 456, 457, 458, 459, 460, 461, 462, 463, 464, 465, 466, 467, 468, 469, 470, 471, 472, 473, 474, 475, 476, 477, 478, 479, 480, 481, 482, 483, 484, 910, 911, 490, 912, 496, 913, 914, 505, 507, 915, 509, 510, 511]",True,"[426, 455, 878, 902]","[398, 399, 400, 401, 402, 403, 404, 405, 406, 407, 408, 409, 410, 411, 412, 413, 414, 415, 416, 417, 418, 419, 420, 421, 422, 423, 424, 425, 426, 427, 428, 429, 430, 431, 432, 433, 434, 435, 436, 437, 438, 439, 440, 441, 442, 443, 444, 445, 446, 447, 448, 449, 450, 451, 452, 453, 454, 455, 456, 457, 458, 459, 460, 461, 462, 463, 464, 465, 466, 467, 468, 469, 470, 471, 472, 473, 474, 475, 476, 477, 478, 479, 480, 481, 482, 483, 484, 848, 849, 850, 851, 852, 853, 854, 855, 856, 857, 858, 859, 860, 861, 862, 863, 864, 865, 866, 867, 868, 869, 870, 871, 872, 873, 874, 875, 876, 877, 878, 879, 880, 881, 882, 883, 884, 885, 886, 887, 888, 889, 890, 891, 892, 893, 894, 895, 896, 897, 898, 899, 900, 901, 902, 903, 904, 905, 906, 907, 908, 909, 910, 911, 912, 913, 914, 915, 916, 917, 918, 919, 920, 921, 922, 923, 924, 925, 926, 927, 928, 929, 930, 931, 932, 933, 934, 935]","[426, 455, 878, 902]",[],"[4, 11, 18, 21, 23, 26, 27, 28, 31, 35, 36, 43, 45, 52, 55, 56, 60, 62, 64, 70, 71, 80, 90, 94, 97, 102, 183, 197, 232, 334, 426, 455, 472, 477, 478, 480, 483, 484, 490, 496, 505, 507, 509, 510, 511, 514, 516, 517, 523, 525, 529, 532, 533, 536, 538, 545, 546, 552, 561, 565, 568, 573, 654, 668, 696, 790, 857, 878, 902, 919, 928, 929, 932, 934, 935]","[31, 142, 147, 180, 338, 352, 367, 387, 403, 405, 408, 410, 455, 465, 466, 468, 470, 472, 473, 483, 484, 514, 613, 618, 651, 794, 807, 837, 852, 854, 858, 861, 902, 912, 913, 915, 917, 919, 920, 931, 934, 935]","[31, 142, 147, 180, 338, 352, 367, 387, 403, 405, 408, 410, 455, 465, 466, 468, 470, 472, 473, 483, 484, 514, 613, 618, 651, 794, 807, 837, 852, 854, 858, 861, 902, 912, 913, 915, 917, 919, 920, 931, 934, 935]",7/6 successful match,True,"[770, 771]",True,491,False,,,,,
"Woods Cross , 84037 Slim Olson's # 2 ( Chevron )",801-295-8437 I-15 Exit 315 ( 742 West 2600 South ),24,Woods Cross,84037,Slim Olson's # 2 ( Chevron ),801-295-8437,2006,Kaysville,UT,Chevron,( 742 West 2600 South ),I-15 Exit 315 ,Exit,315,False,,False,I-15,,,,,"[918, 471]",[],"[464, 471, 911, 918]","[471, 918]","[398, 399, 400, 401, 402, 403, 404, 405, 406, 407, 408, 409, 410, 411, 412, 413, 414, 415, 416, 417, 418, 419, 420, 421, 422, 423, 424, 425, 426, 427, 428, 429, 430, 431, 432, 433, 434, 435, 436, 437, 438, 439, 440, 441, 442, 443, 444, 445, 446, 447, 448, 449, 450, 451, 452, 453, 454, 455, 456, 457, 458, 459, 460, 461, 462, 463, 464, 465, 466, 467, 468, 469, 470, 471, 472, 473, 474, 475, 476, 477, 478, 479, 480, 481, 482, 483, 484, 848, 849, 850, 851, 852, 853, 854, 855, 856, 857, 858, 859, 860, 861, 862, 863, 864, 865, 866, 867, 868, 869, 870, 871, 872, 873, 874, 875, 876, 877, 878, 879, 880, 881, 882, 883, 884, 885, 886, 887, 888, 889, 890, 891, 892, 893, 894, 895, 896, 897, 898, 899, 900, 901, 902, 903, 904, 905, 906, 907, 908, 909, 910, 911, 912, 913, 914, 915, 916, 917, 918, 919, 920, 921, 922, 923, 924, 925, 926, 927, 928, 929, 930, 931, 932, 933, 934, 935]","[16, 125, 156, 163, 168, 184, 205, 222, 229, 253, 258, 265, 313, 317, 336, 340, 341, 356, 363, 365, 366, 367, 370, 375, 388, 391, 394, 396, 402, 410, 411, 412, 413, 415, 416, 417, 418, 419, 425, 429, 431, 433, 435, 437, 440, 441, 442, 443, 451, 452, 456, 457, 458, 460, 461, 464, 471, 473, 474, 475, 481, 482, 501, 596, 628, 635, 655, 675, 693, 716, 720, 725, 771, 775, 793, 796, 797, 811, 817, 818, 820, 825, 838, 841, 844, 846, 851, 857, 861, 862, 863, 864, 866, 867, 868, 870, 871, 877, 881, 883, 885, 888, 891, 892, 893, 898, 899, 904, 905, 907, 908, 911, 918, 920, 921, 922, 923, 924, 926, 931, 933]","[12, 24, 25, 28, 88, 100, 104, 119, 123, 129, 136, 137, 139, 140, 141, 148, 155, 169, 172, 179, 183, 185, 188, 196, 198, 217, 237, 267, 270, 278, 319, 321, 324, 325, 330, 334, 335, 354, 366, 369, 380, 383, 384, 386, 395, 407, 411, 423, 428, 436, 437, 452, 453, 456, 467, 471, 477, 478, 479, 497, 508, 511, 559, 571, 575, 590, 594, 600, 607, 608, 610, 611, 612, 619, 627, 640, 643, 650, 654, 656, 659, 667, 669, 685, 701, 726, 729, 737, 777, 779, 782, 783, 787, 790, 791, 809, 817, 819, 830, 833, 834, 836, 845, 856, 857, 860, 862, 875, 880, 887, 888, 899, 900, 914, 918, 921, 928, 929, 930]","[12, 24, 25, 28, 88, 100, 104, 119, 123, 129, 136, 137, 139, 140, 141, 148, 155, 169, 172, 179, 183, 185, 188, 196, 198, 217, 237, 267, 270, 278, 319, 321, 324, 325, 330, 334, 335, 354, 366, 369, 380, 383, 384, 386, 395, 407, 411, 423, 428, 436, 437, 452, 453, 456, 467, 471, 477, 478, 479, 497, 508, 511, 559, 571, 575, 590, 594, 600, 607, 608, 610, 611, 612, 619, 627, 640, 643, 650, 654, 656, 659, 667, 669, 685, 701, 726, 729, 737, 777, 779, 782, 783, 787, 790, 791, 809, 817, 819, 830, 833, 834, 836, 845, 856, 857, 860, 862, 875, 880, 887, 888, 899, 900, 914, 918, 921, 928, 929, 930]","[12, 16, 24, 25, 28, 88, 100, 104, 119, 123, 125, 129, 136, 137, 139, 140, 141, 148, 155, 156, 163, 168, 169, 172, 179, 183, 184, 185, 188, 196, 198, 205, 217, 222, 229, 237, 253, 258, 265, 267, 270, 278, 313, 317, 319, 321, 324, 325, 330, 334, 335, 336, 340, 341, 354, 356, 363, 365, 366, 367, 369, 370, 375, 380, 383, 384, 386, 388, 391, 394, 395, 396, 398, 399, 400, 401, 402, 403, 404, 405, 406, 407, 408, 409, 410, 411, 412, 413, 414, 415, 416, 417, 418, 419, 420, 421, 422, 423, 424, 425, 426, 427, 428, 429, 430, 431, 432, 433, 434, 435, 436, 437, 438, 439, 440, 441, 442, 443, 444, 445, 446, 447, 448, 449, 450, 451, 452, 453, 454, 455, 456, 457, 458, 459, 460, 461, 462, 463, 464, 465, 466, 467, 468, 469, 470, 471, 472, 473, 474, 475, 476, 477, 478, 479, 480, 481, 482, 483, 484, 497, 501, 508, 511, 559, 571, 575, 590, 594, 596, 600, 607, 608, 610, 611, 612, 619, 627, 628, 635, 640, 643, 650, 654, 655, 656, 659, 667, 669, 675, 685, 693, 701, 716, 720, 725, 726, 729, 737, 771, 775, 777, 779, 782, 783, 787, 790, 791, 793, 796, 797, 809, 811, 817, 818, 819, 820, 825, 830, 833, 834, 836, 838, 841, 844, 845, 846, 848, 849, 850, 851, 852, 853, 854, 855, 856, 857, 858, 859, 860, 861, 862, 863, 864, 865, 866, 867, 868, 869, 870, 871, 872, 873, 874, 875, 876, 877, 878, 879, 880, 881, 882, 883, 884, 885, 886, 887, 888, 889, 890, 891, 892, 893, 894, 895, 896, 897, 898, 899, 900, 901, 902, 903, 904, 905, 906, 907, 908, 909, 910, 911, 912, 913, 914, 915, 916, 917, 918, 919, 920, 921, 922, 923, 924, 925, 926, 927, 928, 929, 930, 931, 932, 933, 934, 935]",True,[],"[398, 399, 400, 401, 402, 403, 404, 405, 406, 407, 408, 409, 410, 411, 412, 413, 414, 415, 416, 417, 418, 419, 420, 421, 422, 423, 424, 425, 426, 427, 428, 429, 430, 431, 432, 433, 434, 435, 436, 437, 438, 439, 440, 441, 442, 443, 444, 445, 446, 447, 448, 449, 450, 451, 452, 453, 454, 455, 456, 457, 458, 459, 460, 461, 462, 463, 464, 465, 466, 467, 468, 469, 470, 471, 472, 473, 474, 475, 476, 477, 478, 479, 480, 481, 482, 483, 484, 848, 849, 850, 851, 852, 853, 854, 855, 856, 857, 858, 859, 860, 861, 862, 863, 864, 865, 866, 867, 868, 869, 870, 871, 872, 873, 874, 875, 876, 877, 878, 879, 880, 881, 882, 883, 884, 885, 886, 887, 888, 889, 890, 891, 892, 893, 894, 895, 896, 897, 898, 899, 900, 901, 902, 903, 904, 905, 906, 907, 908, 909, 910, 911, 912, 913, 914, 915, 916, 917, 918, 919, 920, 921, 922, 923, 924, 925, 926, 927, 928, 929, 930, 931, 932, 933, 934, 935]","[464, 471, 911, 918]","[471, 918]","[16, 125, 156, 163, 168, 184, 205, 222, 229, 253, 258, 265, 313, 317, 336, 340, 341, 356, 363, 365, 366, 367, 370, 375, 388, 391, 394, 396, 402, 410, 411, 412, 413, 415, 416, 417, 418, 419, 425, 429, 431, 433, 435, 437, 440, 441, 442, 443, 451, 452, 456, 457, 458, 460, 461, 464, 471, 473, 474, 475, 481, 482, 501, 596, 628, 635, 655, 675, 693, 716, 720, 725, 771, 775, 793, 796, 797, 811, 817, 818, 820, 825, 838, 841, 844, 846, 851, 857, 861, 862, 863, 864, 866, 867, 868, 870, 871, 877, 881, 883, 885, 888, 891, 892, 893, 898, 899, 904, 905, 907, 908, 911, 918, 920, 921, 922, 923, 924, 926, 931, 933]","[12, 24, 25, 28, 88, 100, 104, 119, 123, 129, 136, 137, 139, 140, 141, 148, 155, 169, 172, 179, 183, 185, 188, 196, 198, 217, 237, 267, 270, 278, 319, 321, 324, 325, 330, 334, 335, 354, 366, 369, 380, 383, 384, 386, 395, 407, 411, 423, 428, 436, 437, 452, 453, 456, 467, 471, 477, 478, 479, 497, 508, 511, 559, 571, 575, 590, 594, 600, 607, 608, 610, 611, 612, 619, 627, 640, 643, 650, 654, 656, 659, 667, 669, 685, 701, 726, 729, 737, 777, 779, 782, 783, 787, 790, 791, 809, 817, 819, 830, 833, 834, 836, 845, 856, 857, 860, 862, 875, 880, 887, 888, 899, 900, 914, 918, 921, 928, 929, 930]","[12, 24, 25, 28, 88, 100, 104, 119, 123, 129, 136, 137, 139, 140, 141, 148, 155, 169, 172, 179, 183, 185, 188, 196, 198, 217, 237, 267, 270, 278, 319, 321, 324, 325, 330, 334, 335, 354, 366, 369, 380, 383, 384, 386, 395, 407, 411, 423, 428, 436, 437, 452, 453, 456, 467, 471, 477, 478, 479, 497, 508, 511, 559, 571, 575, 590, 594, 600, 607, 608, 610, 611, 612, 619, 627, 640, 643, 650, 654, 656, 659, 667, 669, 685, 701, 726, 729, 737, 777, 779, 782, 783, 787, 790, 791, 809, 817, 819, 830, 833, 834, 836, 845, 856, 857, 860, 862, 875, 880, 887, 888, 899, 900, 914, 918, 921, 928, 929, 930]",7/6 successful match,True,[66],True,492,False,,,,,
Myton ( 84052 ) Ute Petroleum,435-646-3519 565 US 40-191 W,<U+2610> <U+25A1>,Myton,84052,Ute Petroleum,435-646-3519,2014,Myton,UT,,,565 US 40-191 W,Proper,,False,,False,US 40-191,,,,,"[484, 935]","[404, 484, 853, 935]","[404, 484, 853, 935]",[],"[398, 399, 400, 401, 402, 403, 404, 405, 406, 407, 408, 409, 410, 411, 412, 413, 414, 415, 416, 417, 418, 419, 420, 421, 422, 423, 424, 425, 426, 427, 428, 429, 430, 431, 432, 433, 434, 435, 436, 437, 438, 439, 440, 441, 442, 443, 444, 445, 446, 447, 448, 449, 450, 451, 452, 453, 454, 455, 456, 457, 458, 459, 460, 461, 462, 463, 464, 465, 466, 467, 468, 469, 470, 471, 472, 473, 474, 475, 476, 477, 478, 479, 480, 481, 482, 483, 484, 848, 849, 850, 851, 852, 853, 854, 855, 856, 857, 858, 859, 860, 861, 862, 863, 864, 865, 866, 867, 868, 869, 870, 871, 872, 873, 874, 875, 876, 877, 878, 879, 880, 881, 882, 883, 884, 885, 886, 887, 888, 889, 890, 891, 892, 893, 894, 895, 896, 897, 898, 899, 900, 901, 902, 903, 904, 905, 906, 907, 908, 909, 910, 911, 912, 913, 914, 915, 916, 917, 918, 919, 920, 921, 922, 923, 924, 925, 926, 927, 928, 929, 930, 931, 932, 933, 934, 935]","[4, 11, 18, 21, 23, 26, 27, 28, 31, 35, 36, 43, 45, 52, 55, 56, 60, 62, 64, 70, 71, 80, 90, 94, 97, 183, 197, 232, 334, 398, 400, 404, 406, 426, 453, 455, 459, 472, 477, 478, 480, 483, 484, 490, 496, 505, 507, 509, 510, 511, 514, 516, 517, 523, 525, 529, 532, 533, 536, 538, 545, 546, 552, 561, 565, 568, 654, 668, 696, 790, 849, 853, 855, 857, 878, 900, 902, 903, 906, 919, 928, 929, 932, 934, 935]",[],"[176, 177, 325, 332, 467, 483, 484, 647, 648, 783, 789, 914, 927, 934, 935]","[916, 514, 4, 516, 917, 517, 918, 11, 523, 525, 919, 529, 18, 532, 920, 21, 23, 533, 536, 921, 26, 27, 28, 538, 922, 31, 545, 546, 35, 923, 36, 552, 924, 43, 45, 925, 561, 926, 52, 565, 55, 927, 56, 568, 60, 928, 62, 64, 929, 70, 71, 930, 931, 80, 932, 933, 90, 934, 94, 97, 647, 648, 654, 668, 176, 177, 183, 696, 197, 232, 783, 789, 790, 325, 332, 334, 848, 849, 850, 851, 852, 853, 854, 855, 856, 857, 858, 859, 860, 861, 862, 863, 864, 865, 866, 867, 868, 869, 870, 871, 872, 873, 874, 875, 876, 877, 878, 879, 880, 881, 882, 883, 884, 885, 886, 887, 888, 889, 890, 891, 892, 893, 894, 895, 896, 897, 898, 899, 900, 901, 902, 903, 904, 905, 906, 907, 908, 909, 398, 399, 400, 401, 402, 403, 404, 405, 406, 407, 408, 409, 410, 411, 412, 413, 414, 415, 416, 417, 418, 419, 420, 421, 422, 935, 423, 424, 425, 426, 427, 428, 429, 430, 431, 432, 433, 434, 435, 436, 437, 438, 439, 440, 441, 442, 443, 444, 445, 446, 447, 448, 449, 450, 451, 452, 453, 454, 455, 456, 457, 458, 459, 460, 461, 462, 463, 464, 465, 466, 467, 468, 469, 470, 471, 472, 473, 474, 475, 476, 477, 478, 479, 480, 481, 482, 484, 483, 910, 911, 490, 912, 496, 913, 914, 505, 507, 915, 509, 510, 511]",True,"[404, 484, 853, 935]","[398, 399, 400, 401, 402, 403, 404, 405, 406, 407, 408, 409, 410, 411, 412, 413, 414, 415, 416, 417, 418, 419, 420, 421, 422, 423, 424, 425, 426, 427, 428, 429, 430, 431, 432, 433, 434, 435, 436, 437, 438, 439, 440, 441, 442, 443, 444, 445, 446, 447, 448, 449, 450, 451, 452, 453, 454, 455, 456, 457, 458, 459, 460, 461, 462, 463, 464, 465, 466, 467, 468, 469, 470, 471, 472, 473, 474, 475, 476, 477, 478, 479, 480, 481, 482, 483, 484, 848, 849, 850, 851, 852, 853, 854, 855, 856, 857, 858, 859, 860, 861, 862, 863, 864, 865, 866, 867, 868, 869, 870, 871, 872, 873, 874, 875, 876, 877, 878, 879, 880, 881, 882, 883, 884, 885, 886, 887, 888, 889, 890, 891, 892, 893, 894, 895, 896, 897, 898, 899, 900, 901, 902, 903, 904, 905, 906, 907, 908, 909, 910, 911, 912, 913, 914, 915, 916, 917, 918, 919, 920, 921, 922, 923, 924, 925, 926, 927, 928, 929, 930, 931, 932, 933, 934, 935]","[404, 484, 853, 935]",[],"[4, 11, 18, 21, 23, 26, 27, 28, 31, 35, 36, 43, 45, 52, 55, 56, 60, 62, 64, 70, 71, 80, 90, 94, 97, 183, 197, 232, 334, 398, 400, 404, 406, 426, 453, 455, 459, 472, 477, 478, 480, 483, 484, 490, 496, 505, 507, 509, 510, 511, 514, 516, 517, 523, 525, 529, 532, 533, 536, 538, 545, 546, 552, 561, 565, 568, 654, 668, 696, 790, 849, 853, 855, 857, 878, 900, 902, 903, 906, 919, 928, 929, 932, 934, 935]","[176, 177, 325, 332, 467, 483, 484, 647, 648, 783, 789, 914, 927, 934, 935]",[],7/6 successful match,True,[775],True,493,False,,,,,
E Myton ( 84052 ) Ute Petroleum ( Sinclair ),6 435-646-3519 565 US 40-191 W,S <U+2610>,Myton,84052,Ute Petroleum ( Sinclair ),435-646-3519,2015,Myton,UT,Sinclair,,565 US 40-191 W,Proper,,False,,False,US 40-191,,,,,"[484, 935]","[404, 484, 853, 935]","[404, 484, 853, 935]",[],"[398, 399, 400, 401, 402, 403, 404, 405, 406, 407, 408, 409, 410, 411, 412, 413, 414, 415, 416, 417, 418, 419, 420, 421, 422, 423, 424, 425, 426, 427, 428, 429, 430, 431, 432, 433, 434, 435, 436, 437, 438, 439, 440, 441, 442, 443, 444, 445, 446, 447, 448, 449, 450, 451, 452, 453, 454, 455, 456, 457, 458, 459, 460, 461, 462, 463, 464, 465, 466, 467, 468, 469, 470, 471, 472, 473, 474, 475, 476, 477, 478, 479, 480, 481, 482, 483, 484, 848, 849, 850, 851, 852, 853, 854, 855, 856, 857, 858, 859, 860, 861, 862, 863, 864, 865, 866, 867, 868, 869, 870, 871, 872, 873, 874, 875, 876, 877, 878, 879, 880, 881, 882, 883, 884, 885, 886, 887, 888, 889, 890, 891, 892, 893, 894, 895, 896, 897, 898, 899, 900, 901, 902, 903, 904, 905, 906, 907, 908, 909, 910, 911, 912, 913, 914, 915, 916, 917, 918, 919, 920, 921, 922, 923, 924, 925, 926, 927, 928, 929, 930, 931, 932, 933, 934, 935]","[4, 11, 18, 21, 23, 26, 27, 28, 31, 35, 36, 43, 45, 52, 55, 56, 60, 62, 64, 70, 71, 80, 90, 94, 97, 183, 197, 232, 334, 398, 400, 404, 406, 426, 453, 455, 459, 472, 477, 478, 480, 483, 484, 490, 496, 505, 507, 509, 510, 511, 514, 516, 517, 523, 525, 529, 532, 533, 536, 538, 545, 546, 552, 561, 565, 568, 654, 668, 696, 790, 849, 853, 855, 857, 878, 900, 902, 903, 906, 919, 928, 929, 932, 934, 935]","[31, 142, 147, 180, 338, 352, 367, 387, 403, 405, 408, 410, 455, 465, 466, 468, 470, 472, 473, 483, 484, 514, 613, 618, 651, 794, 807, 837, 852, 854, 858, 861, 902, 912, 913, 915, 917, 919, 920, 931, 934, 935]","[31, 142, 147, 176, 177, 180, 325, 332, 338, 352, 367, 387, 403, 405, 408, 410, 455, 465, 466, 467, 468, 470, 472, 473, 483, 484, 514, 613, 618, 647, 648, 651, 783, 789, 794, 807, 837, 852, 854, 858, 861, 902, 912, 913, 914, 915, 917, 919, 920, 927, 931, 934, 935]","[916, 514, 4, 516, 917, 517, 918, 11, 523, 525, 387, 919, 529, 18, 532, 920, 21, 23, 533, 536, 921, 26, 27, 28, 538, 922, 31, 545, 546, 35, 923, 36, 552, 924, 43, 45, 925, 561, 926, 52, 565, 55, 927, 56, 568, 60, 928, 62, 64, 929, 70, 71, 930, 931, 80, 932, 933, 90, 934, 94, 97, 613, 618, 647, 648, 651, 654, 142, 147, 668, 338, 176, 177, 180, 183, 696, 197, 232, 352, 783, 789, 790, 794, 807, 367, 837, 325, 332, 334, 848, 849, 850, 851, 852, 853, 854, 855, 856, 857, 858, 859, 860, 861, 862, 863, 864, 865, 866, 867, 868, 869, 870, 871, 872, 873, 874, 875, 876, 877, 878, 879, 880, 881, 882, 883, 884, 885, 886, 887, 888, 889, 890, 891, 892, 893, 894, 895, 896, 897, 898, 899, 900, 901, 902, 903, 904, 905, 906, 907, 908, 909, 398, 399, 400, 401, 402, 403, 404, 405, 406, 407, 408, 409, 410, 411, 412, 413, 414, 415, 416, 417, 418, 419, 420, 421, 422, 935, 423, 424, 425, 426, 427, 428, 429, 430, 431, 432, 433, 434, 435, 436, 437, 438, 439, 440, 441, 442, 443, 444, 445, 446, 447, 448, 449, 450, 451, 452, 453, 454, 455, 456, 457, 458, 459, 460, 461, 462, 463, 464, 465, 466, 467, 468, 469, 470, 471, 472, 473, 474, 475, 476, 477, 478, 479, 480, 481, 482, 484, 483, 910, 911, 490, 912, 496, 913, 914, 505, 507, 915, 509, 510, 511]",True,"[404, 484, 853, 935]","[398, 399, 400, 401, 402, 403, 404, 405, 406, 407, 408, 409, 410, 411, 412, 413, 414, 415, 416, 417, 418, 419, 420, 421, 422, 423, 424, 425, 426, 427, 428, 429, 430, 431, 432, 433, 434, 435, 436, 437, 438, 439, 440, 441, 442, 443, 444, 445, 446, 447, 448, 449, 450, 451, 452, 453, 454, 455, 456, 457, 458, 459, 460, 461, 462, 463, 464, 465, 466, 467, 468, 469, 470, 471, 472, 473, 474, 475, 476, 477, 478, 479, 480, 481, 482, 483, 484, 848, 849, 850, 851, 852, 853, 854, 855, 856, 857, 858, 859, 860, 861, 862, 863, 864, 865, 866, 867, 868, 869, 870, 871, 872, 873, 874, 875, 876, 877, 878, 879, 880, 881, 882, 883, 884, 885, 886, 887, 888, 889, 890, 891, 892, 893, 894, 895, 896, 897, 898, 899, 900, 901, 902, 903, 904, 905, 906, 907, 908, 909, 910, 911, 912, 913, 914, 915, 916, 917, 918, 919, 920, 921, 922, 923, 924, 925, 926, 927, 928, 929, 930, 931, 932, 933, 934, 935]","[404, 484, 853, 935]",[],"[4, 11, 18, 21, 23, 26, 27, 28, 31, 35, 36, 43, 45, 52, 55, 56, 60, 62, 64, 70, 71, 80, 90, 94, 97, 183, 197, 232, 334, 398, 400, 404, 406, 426, 453, 455, 459, 472, 477, 478, 480, 483, 484, 490, 496, 505, 507, 509, 510, 511, 514, 516, 517, 523, 525, 529, 532, 533, 536, 538, 545, 546, 552, 561, 565, 568, 654, 668, 696, 790, 849, 853, 855, 857, 878, 900, 902, 903, 906, 919, 928, 929, 932, 934, 935]","[31, 142, 147, 176, 177, 180, 325, 332, 338, 352, 367, 387, 403, 405, 408, 410, 455, 465, 466, 467, 468, 470, 472, 473, 483, 484, 514, 613, 618, 647, 648, 651, 783, 789, 794, 807, 837, 852, 854, 858, 861, 902, 912, 913, 914, 915, 917, 919, 920, 927, 931, 934, 935]","[31, 142, 147, 180, 338, 352, 367, 387, 403, 405, 408, 410, 455, 465, 466, 468, 470, 472, 473, 483, 484, 514, 613, 618, 651, 794, 807, 837, 852, 854, 858, 861, 902, 912, 913, 915, 917, 919, 920, 931, 934, 935]",7/6 successful match,True,[775],True,493,False,,0.9666666666666667,True,Ute Petroleum,
Myton ( 84052 ) Ute Petroleum ( Sinclair ),435-646-3519 565 US 40-191 W,S,Myton,84052,Ute Petroleum ( Sinclair ),435-646-3519,2016,Myton,UT,Sinclair,,565 US 40-191 W,Proper,,False,,False,US 40-191,,,,,"[484, 935]","[404, 484, 853, 935]","[404, 484, 853, 935]",[],"[398, 399, 400, 401, 402, 403, 404, 405, 406, 407, 408, 409, 410, 411, 412, 413, 414, 415, 416, 417, 418, 419, 420, 421, 422, 423, 424, 425, 426, 427, 428, 429, 430, 431, 432, 433, 434, 435, 436, 437, 438, 439, 440, 441, 442, 443, 444, 445, 446, 447, 448, 449, 450, 451, 452, 453, 454, 455, 456, 457, 458, 459, 460, 461, 462, 463, 464, 465, 466, 467, 468, 469, 470, 471, 472, 473, 474, 475, 476, 477, 478, 479, 480, 481, 482, 483, 484, 848, 849, 850, 851, 852, 853, 854, 855, 856, 857, 858, 859, 860, 861, 862, 863, 864, 865, 866, 867, 868, 869, 870, 871, 872, 873, 874, 875, 876, 877, 878, 879, 880, 881, 882, 883, 884, 885, 886, 887, 888, 889, 890, 891, 892, 893, 894, 895, 896, 897, 898, 899, 900, 901, 902, 903, 904, 905, 906, 907, 908, 909, 910, 911, 912, 913, 914, 915, 916, 917, 918, 919, 920, 921, 922, 923, 924, 925, 926, 927, 928, 929, 930, 931, 932, 933, 934, 935]","[4, 11, 18, 21, 23, 26, 27, 28, 31, 35, 36, 43, 45, 52, 55, 56, 60, 62, 64, 70, 71, 80, 90, 94, 97, 183, 197, 232, 334, 398, 400, 404, 406, 426, 453, 455, 459, 472, 477, 478, 480, 483, 484, 490, 496, 505, 507, 509, 510, 511, 514, 516, 517, 523, 525, 529, 532, 533, 536, 538, 545, 546, 552, 561, 565, 568, 654, 668, 696, 790, 849, 853, 855, 857, 878, 900, 902, 903, 906, 919, 928, 929, 932, 934, 935]","[31, 142, 147, 180, 338, 352, 367, 387, 403, 405, 408, 410, 455, 465, 466, 468, 470, 472, 473, 483, 484, 514, 613, 618, 651, 794, 807, 837, 852, 854, 858, 861, 902, 912, 913, 915, 917, 919, 920, 931, 934, 935]","[31, 142, 147, 176, 177, 180, 325, 332, 338, 352, 367, 387, 403, 405, 408, 410, 455, 465, 466, 467, 468, 470, 472, 473, 483, 484, 514, 613, 618, 647, 648, 651, 783, 789, 794, 807, 837, 852, 854, 858, 861, 902, 912, 913, 914, 915, 917, 919, 920, 927, 931, 934, 935]","[916, 514, 4, 516, 917, 517, 918, 11, 523, 525, 387, 919, 529, 18, 532, 920, 21, 23, 533, 536, 921, 26, 27, 28, 538, 922, 31, 545, 546, 35, 923, 36, 552, 924, 43, 45, 925, 561, 926, 52, 565, 55, 927, 56, 568, 60, 928, 62, 64, 929, 70, 71, 930, 931, 80, 932, 933, 90, 934, 94, 97, 613, 618, 647, 648, 651, 654, 142, 147, 668, 338, 176, 177, 180, 183, 696, 197, 232, 352, 783, 789, 790, 794, 807, 367, 837, 325, 332, 334, 848, 849, 850, 851, 852, 853, 854, 855, 856, 857, 858, 859, 860, 861, 862, 863, 864, 865, 866, 867, 868, 869, 870, 871, 872, 873, 874, 875, 876, 877, 878, 879, 880, 881, 882, 883, 884, 885, 886, 887, 888, 889, 890, 891, 892, 893, 894, 895, 896, 897, 898, 899, 900, 901, 902, 903, 904, 905, 906, 907, 908, 909, 398, 399, 400, 401, 402, 403, 404, 405, 406, 407, 408, 409, 410, 411, 412, 413, 414, 415, 416, 417, 418, 419, 420, 421, 422, 935, 423, 424, 425, 426, 427, 428, 429, 430, 431, 432, 433, 434, 435, 436, 437, 438, 439, 440, 441, 442, 443, 444, 445, 446, 447, 448, 449, 450, 451, 452, 453, 454, 455, 456, 457, 458, 459, 460, 461, 462, 463, 464, 465, 466, 467, 468, 469, 470, 471, 472, 473, 474, 475, 476, 477, 478, 479, 480, 481, 482, 484, 483, 910, 911, 490, 912, 496, 913, 914, 505, 507, 915, 509, 510, 511]",True,"[404, 484, 853, 935]","[398, 399, 400, 401, 402, 403, 404, 405, 406, 407, 408, 409, 410, 411, 412, 413, 414, 415, 416, 417, 418, 419, 420, 421, 422, 423, 424, 425, 426, 427, 428, 429, 430, 431, 432, 433, 434, 435, 436, 437, 438, 439, 440, 441, 442, 443, 444, 445, 446, 447, 448, 449, 450, 451, 452, 453, 454, 455, 456, 457, 458, 459, 460, 461, 462, 463, 464, 465, 466, 467, 468, 469, 470, 471, 472, 473, 474, 475, 476, 477, 478, 479, 480, 481, 482, 483, 484, 848, 849, 850, 851, 852, 853, 854, 855, 856, 857, 858, 859, 860, 861, 862, 863, 864, 865, 866, 867, 868, 869, 870, 871, 872, 873, 874, 875, 876, 877, 878, 879, 880, 881, 882, 883, 884, 885, 886, 887, 888, 889, 890, 891, 892, 893, 894, 895, 896, 897, 898, 899, 900, 901, 902, 903, 904, 905, 906, 907, 908, 909, 910, 911, 912, 913, 914, 915, 916, 917, 918, 919, 920, 921, 922, 923, 924, 925, 926, 927, 928, 929, 930, 931, 932, 933, 934, 935]","[404, 484, 853, 935]",[],"[4, 11, 18, 21, 23, 26, 27, 28, 31, 35, 36, 43, 45, 52, 55, 56, 60, 62, 64, 70, 71, 80, 90, 94, 97, 183, 197, 232, 334, 398, 400, 404, 406, 426, 453, 455, 459, 472, 477, 478, 480, 483, 484, 490, 496, 505, 507, 509, 510, 511, 514, 516, 517, 523, 525, 529, 532, 533, 536, 538, 545, 546, 552, 561, 565, 568, 654, 668, 696, 790, 849, 853, 855, 857, 878, 900, 902, 903, 906, 919, 928, 929, 932, 934, 935]","[31, 142, 147, 176, 177, 180, 325, 332, 338, 352, 367, 387, 403, 405, 408, 410, 455, 465, 466, 467, 468, 470, 472, 473, 483, 484, 514, 613, 618, 647, 648, 651, 783, 789, 794, 807, 837, 852, 854, 858, 861, 902, 912, 913, 914, 915, 917, 919, 920, 927, 931, 934, 935]","[31, 142, 147, 180, 338, 352, 367, 387, 403, 405, 408, 410, 455, 465, 466, 468, 470, 472, 473, 483, 484, 514, 613, 618, 651, 794, 807, 837, 852, 854, 858, 861, 902, 912, 913, 915, 917, 919, 920, 931, 934, 935]",7/6 successful match,True,[775],True,493,False,,1.0,True,Ute Petroleum ( Sinclair ),Sinclair
"E Lindon , 84062 Pirate Petroleum ( Sinclair )",801-225-3377 I-15 Exit 273 ( UT 241 ),,Lindon,84062,Pirate Petroleum ( Sinclair ),801-225-3377,2006,Pleasant Grove,UT,Sinclair,( UT 241 ),I-15 Exit 273 ,Exit,273,False,,False,I-15,,,,,[],[],"[217, 685]","[65, 539]","[398, 399, 400, 401, 402, 403, 404, 405, 406, 407, 408, 409, 410, 411, 412, 413, 414, 415, 416, 417, 418, 419, 420, 421, 422, 423, 424, 425, 426, 427, 428, 429, 430, 431, 432, 433, 434, 435, 436, 437, 438, 439, 440, 441, 442, 443, 444, 445, 446, 447, 448, 449, 450, 451, 452, 453, 454, 455, 456, 457, 458, 459, 460, 461, 462, 463, 464, 465, 466, 467, 468, 469, 470, 471, 472, 473, 474, 475, 476, 477, 478, 479, 480, 481, 482, 483, 484, 848, 849, 850, 851, 852, 853, 854, 855, 856, 857, 858, 859, 860, 861, 862, 863, 864, 865, 866, 867, 868, 869, 870, 871, 872, 873, 874, 875, 876, 877, 878, 879, 880, 881, 882, 883, 884, 885, 886, 887, 888, 889, 890, 891, 892, 893, 894, 895, 896, 897, 898, 899, 900, 901, 902, 903, 904, 905, 906, 907, 908, 909, 910, 911, 912, 913, 914, 915, 916, 917, 918, 919, 920, 921, 922, 923, 924, 925, 926, 927, 928, 929, 930, 931, 932, 933, 934, 935]","[16, 125, 156, 163, 168, 184, 205, 222, 229, 253, 258, 265, 313, 317, 336, 340, 341, 356, 363, 365, 366, 367, 370, 375, 388, 391, 394, 396, 402, 410, 411, 412, 413, 415, 416, 417, 418, 419, 425, 429, 431, 433, 435, 437, 440, 441, 442, 443, 451, 452, 456, 457, 458, 460, 461, 464, 471, 473, 474, 475, 481, 482, 501, 596, 628, 635, 655, 675, 693, 716, 720, 725, 771, 775, 793, 796, 797, 811, 817, 818, 820, 825, 838, 841, 844, 846, 851, 857, 861, 862, 863, 864, 866, 867, 868, 870, 871, 877, 881, 883, 885, 888, 891, 892, 893, 898, 899, 904, 905, 907, 908, 911, 918, 920, 921, 922, 923, 924, 926, 931, 933]","[31, 142, 147, 180, 338, 352, 367, 387, 403, 405, 408, 410, 455, 465, 466, 468, 470, 472, 473, 483, 484, 514, 613, 618, 651, 794, 807, 837, 852, 854, 858, 861, 902, 912, 913, 915, 917, 919, 920, 931, 934, 935]","[31, 142, 147, 176, 177, 180, 325, 332, 338, 352, 367, 387, 403, 405, 408, 410, 455, 465, 466, 467, 468, 470, 472, 473, 483, 484, 514, 613, 618, 647, 648, 651, 783, 789, 794, 807, 837, 852, 854, 858, 861, 902, 912, 913, 914, 915, 917, 919, 920, 927, 931, 934, 935]","[916, 514, 917, 918, 387, 919, 16, 920, 921, 539, 922, 31, 923, 388, 924, 925, 926, 927, 928, 65, 929, 930, 931, 932, 596, 933, 934, 935, 613, 618, 391, 628, 635, 125, 647, 648, 651, 142, 655, 147, 336, 156, 163, 675, 338, 168, 685, 340, 176, 177, 341, 693, 180, 184, 394, 716, 205, 720, 725, 217, 375, 222, 229, 352, 396, 253, 356, 258, 771, 775, 265, 783, 789, 793, 794, 796, 797, 363, 807, 811, 365, 817, 366, 818, 820, 367, 313, 825, 317, 837, 370, 838, 325, 841, 844, 332, 846, 848, 849, 850, 851, 852, 853, 854, 855, 856, 857, 858, 859, 860, 861, 862, 863, 864, 865, 866, 867, 868, 869, 870, 871, 872, 873, 874, 875, 876, 877, 878, 879, 880, 881, 882, 883, 884, 885, 886, 887, 888, 889, 890, 891, 892, 893, 894, 895, 896, 897, 898, 899, 900, 901, 902, 903, 904, 905, 906, 907, 908, 909, 398, 399, 400, 401, 402, 403, 404, 405, 406, 407, 408, 409, 410, 411, 412, 413, 414, 415, 416, 417, 418, 419, 420, 421, 422, 423, 424, 425, 426, 427, 428, 429, 430, 431, 432, 433, 434, 435, 436, 437, 438, 439, 440, 441, 442, 443, 444, 445, 446, 447, 448, 449, 450, 451, 452, 453, 454, 455, 456, 457, 458, 459, 460, 461, 462, 463, 464, 465, 466, 467, 468, 469, 470, 471, 472, 473, 474, 475, 476, 477, 478, 479, 480, 481, 482, 483, 484, 910, 911, 912, 913, 501, 914, 915]",False,[],"[398, 399, 400, 401, 402, 403, 404, 405, 406, 407, 408, 409, 410, 411, 412, 413, 414, 415, 416, 417, 418, 419, 420, 421, 422, 423, 424, 425, 426, 427, 428, 429, 430, 431, 432, 433, 434, 435, 436, 437, 438, 439, 440, 441, 442, 443, 444, 445, 446, 447, 448, 449, 450, 451, 452, 453, 454, 455, 456, 457, 458, 459, 460, 461, 462, 463, 464, 465, 466, 467, 468, 469, 470, 471, 472, 473, 474, 475, 476, 477, 478, 479, 480, 481, 482, 483, 484, 848, 849, 850, 851, 852, 853, 854, 855, 856, 857, 858, 859, 860, 861, 862, 863, 864, 865, 866, 867, 868, 869, 870, 871, 872, 873, 874, 875, 876, 877, 878, 879, 880, 881, 882, 883, 884, 885, 886, 887, 888, 889, 890, 891, 892, 893, 894, 895, 896, 897, 898, 899, 900, 901, 902, 903, 904, 905, 906, 907, 908, 909, 910, 911, 912, 913, 914, 915, 916, 917, 918, 919, 920, 921, 922, 923, 924, 925, 926, 927, 928, 929, 930, 931, 932, 933, 934, 935]","[217, 685]","[65, 539]","[16, 125, 156, 163, 168, 184, 205, 222, 229, 253, 258, 265, 313, 317, 336, 340, 341, 356, 363, 365, 366, 367, 370, 375, 388, 391, 394, 396, 402, 410, 411, 412, 413, 415, 416, 417, 418, 419, 425, 429, 431, 433, 435, 437, 440, 441, 442, 443, 451, 452, 456, 457, 458, 460, 461, 464, 471, 473, 474, 475, 481, 482, 501, 596, 628, 635, 655, 675, 693, 716, 720, 725, 771, 775, 793, 796, 797, 811, 817, 818, 820, 825, 838, 841, 844, 846, 851, 857, 861, 862, 863, 864, 866, 867, 868, 870, 871, 877, 881, 883, 885, 888, 891, 892, 893, 898, 899, 904, 905, 907, 908, 911, 918, 920, 921, 922, 923, 924, 926, 931, 933]","[31, 142, 147, 176, 177, 180, 325, 332, 338, 352, 367, 387, 403, 405, 408, 410, 455, 465, 466, 467, 468, 470, 472, 473, 483, 484, 514, 613, 618, 647, 648, 651, 783, 789, 794, 807, 837, 852, 854, 858, 861, 902, 912, 913, 914, 915, 917, 919, 920, 927, 931, 934, 935]","[31, 142, 147, 180, 338, 352, 367, 387, 403, 405, 408, 410, 455, 465, 466, 468, 470, 472, 473, 483, 484, 514, 613, 618, 651, 794, 807, 837, 852, 854, 858, 861, 902, 912, 913, 915, 917, 919, 920, 931, 934, 935]",2/6 successful match,False,,False,494,False,,,,,
Roosevelt ( 84066 ) Western Petroleum ( Pilot # 140 ),6 435-722-4468 380 US 40-191 S Pint,Pint <U+25A1> C,Roosevelt,84066,Western Petroleum ( Pilot # 140 ),435-722-4468,2014,Roosevelt,UT,Pilot,,380 US 40-191 S Pint,Proper,,False,,False,US 40-191,,,,,"[906, 459]","[459, 477, 906, 928]","[459, 477, 906, 928]",[],"[398, 399, 400, 401, 402, 403, 404, 405, 406, 407, 408, 409, 410, 411, 412, 413, 414, 415, 416, 417, 418, 419, 420, 421, 422, 423, 424, 425, 426, 427, 428, 429, 430, 431, 432, 433, 434, 435, 436, 437, 438, 439, 440, 441, 442, 443, 444, 445, 446, 447, 448, 449, 450, 451, 452, 453, 454, 455, 456, 457, 458, 459, 460, 461, 462, 463, 464, 465, 466, 467, 468, 469, 470, 471, 472, 473, 474, 475, 476, 477, 478, 479, 480, 481, 482, 483, 484, 848, 849, 850, 851, 852, 853, 854, 855, 856, 857, 858, 859, 860, 861, 862, 863, 864, 865, 866, 867, 868, 869, 870, 871, 872, 873, 874, 875, 876, 877, 878, 879, 880, 881, 882, 883, 884, 885, 886, 887, 888, 889, 890, 891, 892, 893, 894, 895, 896, 897, 898, 899, 900, 901, 902, 903, 904, 905, 906, 907, 908, 909, 910, 911, 912, 913, 914, 915, 916, 917, 918, 919, 920, 921, 922, 923, 924, 925, 926, 927, 928, 929, 930, 931, 932, 933, 934, 935]","[4, 11, 18, 21, 23, 26, 27, 28, 31, 35, 36, 43, 45, 52, 55, 56, 60, 62, 64, 70, 71, 80, 90, 94, 97, 183, 197, 232, 334, 398, 400, 404, 406, 426, 453, 455, 459, 472, 477, 478, 480, 483, 484, 490, 496, 505, 507, 509, 510, 511, 514, 516, 517, 523, 525, 529, 532, 533, 536, 538, 545, 546, 552, 561, 565, 568, 654, 668, 696, 790, 849, 853, 855, 857, 878, 900, 902, 903, 906, 919, 928, 929, 932, 934, 935]","[15, 16, 65, 66, 67, 68, 69, 70, 71, 72, 73, 74, 75, 76, 80, 151, 245, 246, 247, 248, 249, 250, 251, 252, 253, 254, 255, 256, 257, 258, 259, 280, 340, 373, 374, 375, 376, 377, 459, 460, 461, 462, 500, 501, 539, 540, 541, 542, 543, 544, 545, 546, 547, 548, 549, 550, 552, 622, 708, 709, 710, 711, 712, 713, 714, 715, 716, 717, 718, 719, 720, 739, 796, 823, 824, 825, 826, 827, 906, 907, 908, 909]","[15, 16, 65, 66, 67, 68, 69, 70, 71, 72, 73, 74, 75, 76, 77, 78, 80, 151, 176, 177, 244, 245, 246, 247, 248, 249, 250, 251, 252, 253, 254, 255, 256, 257, 258, 259, 260, 280, 325, 332, 340, 373, 374, 375, 376, 377, 459, 460, 461, 462, 467, 483, 484, 500, 501, 539, 540, 541, 542, 543, 544, 545, 546, 547, 548, 549, 550, 552, 622, 647, 648, 708, 709, 710, 711, 712, 713, 714, 715, 716, 717, 718, 719, 720, 739, 783, 789, 796, 823, 824, 825, 826, 827, 906, 907, 908, 909, 914, 927, 934, 935]","[4, 11, 15, 16, 18, 21, 23, 26, 27, 28, 31, 35, 36, 43, 45, 52, 55, 56, 60, 62, 64, 65, 66, 67, 68, 69, 70, 71, 72, 73, 74, 75, 76, 77, 78, 80, 90, 94, 97, 151, 176, 177, 183, 197, 232, 244, 245, 246, 247, 248, 249, 250, 251, 252, 253, 254, 255, 256, 257, 258, 259, 260, 280, 325, 332, 334, 340, 373, 374, 375, 376, 377, 398, 399, 400, 401, 402, 403, 404, 405, 406, 407, 408, 409, 410, 411, 412, 413, 414, 415, 416, 417, 418, 419, 420, 421, 422, 423, 424, 425, 426, 427, 428, 429, 430, 431, 432, 433, 434, 435, 436, 437, 438, 439, 440, 441, 442, 443, 444, 445, 446, 447, 448, 449, 450, 451, 452, 453, 454, 455, 456, 457, 458, 459, 460, 461, 462, 463, 464, 465, 466, 467, 468, 469, 470, 471, 472, 473, 474, 475, 476, 477, 478, 479, 480, 481, 482, 483, 484, 490, 496, 500, 501, 505, 507, 509, 510, 511, 514, 516, 517, 523, 525, 529, 532, 533, 536, 538, 539, 540, 541, 542, 543, 544, 545, 546, 547, 548, 549, 550, 552, 561, 565, 568, 622, 647, 648, 654, 668, 696, 708, 709, 710, 711, 712, 713, 714, 715, 716, 717, 718, 719, 720, 739, 783, 789, 790, 796, 823, 824, 825, 826, 827, 848, 849, 850, 851, 852, 853, 854, 855, 856, 857, 858, 859, 860, 861, 862, 863, 864, 865, 866, 867, 868, 869, 870, 871, 872, 873, 874, 875, 876, 877, 878, 879, 880, 881, 882, 883, 884, 885, 886, 887, 888, 889, 890, 891, 892, 893, 894, 895, 896, 897, 898, 899, 900, 901, 902, 903, 904, 905, 906, 907, 908, 909, 910, 911, 912, 913, 914, 915, 916, 917, 918, 919, 920, 921, 922, 923, 924, 925, 926, 927, 928, 929, 930, 931, 932, 933, 934, 935]",True,"[459, 477, 906, 928]","[398, 399, 400, 401, 402, 403, 404, 405, 406, 407, 408, 409, 410, 411, 412, 413, 414, 415, 416, 417, 418, 419, 420, 421, 422, 423, 424, 425, 426, 427, 428, 429, 430, 431, 432, 433, 434, 435, 436, 437, 438, 439, 440, 441, 442, 443, 444, 445, 446, 447, 448, 449, 450, 451, 452, 453, 454, 455, 456, 457, 458, 459, 460, 461, 462, 463, 464, 465, 466, 467, 468, 469, 470, 471, 472, 473, 474, 475, 476, 477, 478, 479, 480, 481, 482, 483, 484, 848, 849, 850, 851, 852, 853, 854, 855, 856, 857, 858, 859, 860, 861, 862, 863, 864, 865, 866, 867, 868, 869, 870, 871, 872, 873, 874, 875, 876, 877, 878, 879, 880, 881, 882, 883, 884, 885, 886, 887, 888, 889, 890, 891, 892, 893, 894, 895, 896, 897, 898, 899, 900, 901, 902, 903, 904, 905, 906, 907, 908, 909, 910, 911, 912, 913, 914, 915, 916, 917, 918, 919, 920, 921, 922, 923, 924, 925, 926, 927, 928, 929, 930, 931, 932, 933, 934, 935]","[459, 477, 906, 928]",[],"[4, 11, 18, 21, 23, 26, 27, 28, 31, 35, 36, 43, 45, 52, 55, 56, 60, 62, 64, 70, 71, 80, 90, 94, 97, 183, 197, 232, 334, 398, 400, 404, 406, 426, 453, 455, 459, 472, 477, 478, 480, 483, 484, 490, 496, 505, 507, 509, 510, 511, 514, 516, 517, 523, 525, 529, 532, 533, 536, 538, 545, 546, 552, 561, 565, 568, 654, 668, 696, 790, 849, 853, 855, 857, 878, 900, 902, 903, 906, 919, 928, 929, 932, 934, 935]","[15, 16, 65, 66, 67, 68, 69, 70, 71, 72, 73, 74, 75, 76, 77, 78, 80, 151, 176, 177, 244, 245, 246, 247, 248, 249, 250, 251, 252, 253, 254, 255, 256, 257, 258, 259, 260, 280, 325, 332, 340, 373, 374, 375, 376, 377, 459, 460, 461, 462, 467, 483, 484, 500, 501, 539, 540, 541, 542, 543, 544, 545, 546, 547, 548, 549, 550, 552, 622, 647, 648, 708, 709, 710, 711, 712, 713, 714, 715, 716, 717, 718, 719, 720, 739, 783, 789, 796, 823, 824, 825, 826, 827, 906, 907, 908, 909, 914, 927, 934, 935]","[15, 16, 65, 66, 67, 68, 69, 70, 71, 72, 73, 74, 75, 76, 80, 151, 245, 246, 247, 248, 249, 250, 251, 252, 253, 254, 255, 256, 257, 258, 259, 280, 340, 373, 374, 375, 376, 377, 459, 460, 461, 462, 500, 501, 539, 540, 541, 542, 543, 544, 545, 546, 547, 548, 549, 550, 552, 622, 708, 709, 710, 711, 712, 713, 714, 715, 716, 717, 718, 719, 720, 739, 796, 823, 824, 825, 826, 827, 906, 907, 908, 909]",7/6 successful match,True,,False,495,False,,,,,
E Roosevelt ( 84066 ) Western Petroleum ( Pilot # 140 ),6 435-722-4468 380 US 40-191 S Pilot,Pilot 24 <U+2610> <U+2610> <U+2610>,Roosevelt,84066,Western Petroleum ( Pilot # 140 ),435-722-4468,2015,Roosevelt,UT,Pilot,,380 US 40-191 S Pilot,Proper,,False,,False,US 40-191,,,,,"[906, 459]","[459, 477, 906, 928]","[459, 477, 906, 928]",[],"[398, 399, 400, 401, 402, 403, 404, 405, 406, 407, 408, 409, 410, 411, 412, 413, 414, 415, 416, 417, 418, 419, 420, 421, 422, 423, 424, 425, 426, 427, 428, 429, 430, 431, 432, 433, 434, 435, 436, 437, 438, 439, 440, 441, 442, 443, 444, 445, 446, 447, 448, 449, 450, 451, 452, 453, 454, 455, 456, 457, 458, 459, 460, 461, 462, 463, 464, 465, 466, 467, 468, 469, 470, 471, 472, 473, 474, 475, 476, 477, 478, 479, 480, 481, 482, 483, 484, 848, 849, 850, 851, 852, 853, 854, 855, 856, 857, 858, 859, 860, 861, 862, 863, 864, 865, 866, 867, 868, 869, 870, 871, 872, 873, 874, 875, 876, 877, 878, 879, 880, 881, 882, 883, 884, 885, 886, 887, 888, 889, 890, 891, 892, 893, 894, 895, 896, 897, 898, 899, 900, 901, 902, 903, 904, 905, 906, 907, 908, 909, 910, 911, 912, 913, 914, 915, 916, 917, 918, 919, 920, 921, 922, 923, 924, 925, 926, 927, 928, 929, 930, 931, 932, 933, 934, 935]","[4, 11, 18, 21, 23, 26, 27, 28, 31, 35, 36, 43, 45, 52, 55, 56, 60, 62, 64, 70, 71, 80, 90, 94, 97, 183, 197, 232, 334, 398, 400, 404, 406, 426, 453, 455, 459, 472, 477, 478, 480, 483, 484, 490, 496, 505, 507, 509, 510, 511, 514, 516, 517, 523, 525, 529, 532, 533, 536, 538, 545, 546, 552, 561, 565, 568, 654, 668, 696, 790, 849, 853, 855, 857, 878, 900, 902, 903, 906, 919, 928, 929, 932, 934, 935]","[15, 16, 65, 66, 67, 68, 69, 70, 71, 72, 73, 74, 75, 76, 80, 151, 245, 246, 247, 248, 249, 250, 251, 252, 253, 254, 255, 256, 257, 258, 259, 280, 340, 373, 374, 375, 376, 377, 459, 460, 461, 462, 500, 501, 539, 540, 541, 542, 543, 544, 545, 546, 547, 548, 549, 550, 552, 622, 708, 709, 710, 711, 712, 713, 714, 715, 716, 717, 718, 719, 720, 739, 796, 823, 824, 825, 826, 827, 906, 907, 908, 909]","[15, 16, 65, 66, 67, 68, 69, 70, 71, 72, 73, 74, 75, 76, 77, 78, 80, 151, 176, 177, 244, 245, 246, 247, 248, 249, 250, 251, 252, 253, 254, 255, 256, 257, 258, 259, 260, 280, 325, 332, 340, 373, 374, 375, 376, 377, 459, 460, 461, 462, 467, 483, 484, 500, 501, 539, 540, 541, 542, 543, 544, 545, 546, 547, 548, 549, 550, 552, 622, 647, 648, 708, 709, 710, 711, 712, 713, 714, 715, 716, 717, 718, 719, 720, 739, 783, 789, 796, 823, 824, 825, 826, 827, 906, 907, 908, 909, 914, 927, 934, 935]","[4, 11, 15, 16, 18, 21, 23, 26, 27, 28, 31, 35, 36, 43, 45, 52, 55, 56, 60, 62, 64, 65, 66, 67, 68, 69, 70, 71, 72, 73, 74, 75, 76, 77, 78, 80, 90, 94, 97, 151, 176, 177, 183, 197, 232, 244, 245, 246, 247, 248, 249, 250, 251, 252, 253, 254, 255, 256, 257, 258, 259, 260, 280, 325, 332, 334, 340, 373, 374, 375, 376, 377, 398, 399, 400, 401, 402, 403, 404, 405, 406, 407, 408, 409, 410, 411, 412, 413, 414, 415, 416, 417, 418, 419, 420, 421, 422, 423, 424, 425, 426, 427, 428, 429, 430, 431, 432, 433, 434, 435, 436, 437, 438, 439, 440, 441, 442, 443, 444, 445, 446, 447, 448, 449, 450, 451, 452, 453, 454, 455, 456, 457, 458, 459, 460, 461, 462, 463, 464, 465, 466, 467, 468, 469, 470, 471, 472, 473, 474, 475, 476, 477, 478, 479, 480, 481, 482, 483, 484, 490, 496, 500, 501, 505, 507, 509, 510, 511, 514, 516, 517, 523, 525, 529, 532, 533, 536, 538, 539, 540, 541, 542, 543, 544, 545, 546, 547, 548, 549, 550, 552, 561, 565, 568, 622, 647, 648, 654, 668, 696, 708, 709, 710, 711, 712, 713, 714, 715, 716, 717, 718, 719, 720, 739, 783, 789, 790, 796, 823, 824, 825, 826, 827, 848, 849, 850, 851, 852, 853, 854, 855, 856, 857, 858, 859, 860, 861, 862, 863, 864, 865, 866, 867, 868, 869, 870, 871, 872, 873, 874, 875, 876, 877, 878, 879, 880, 881, 882, 883, 884, 885, 886, 887, 888, 889, 890, 891, 892, 893, 894, 895, 896, 897, 898, 899, 900, 901, 902, 903, 904, 905, 906, 907, 908, 909, 910, 911, 912, 913, 914, 915, 916, 917, 918, 919, 920, 921, 922, 923, 924, 925, 926, 927, 928, 929, 930, 931, 932, 933, 934, 935]",True,"[459, 477, 906, 928]","[398, 399, 400, 401, 402, 403, 404, 405, 406, 407, 408, 409, 410, 411, 412, 413, 414, 415, 416, 417, 418, 419, 420, 421, 422, 423, 424, 425, 426, 427, 428, 429, 430, 431, 432, 433, 434, 435, 436, 437, 438, 439, 440, 441, 442, 443, 444, 445, 446, 447, 448, 449, 450, 451, 452, 453, 454, 455, 456, 457, 458, 459, 460, 461, 462, 463, 464, 465, 466, 467, 468, 469, 470, 471, 472, 473, 474, 475, 476, 477, 478, 479, 480, 481, 482, 483, 484, 848, 849, 850, 851, 852, 853, 854, 855, 856, 857, 858, 859, 860, 861, 862, 863, 864, 865, 866, 867, 868, 869, 870, 871, 872, 873, 874, 875, 876, 877, 878, 879, 880, 881, 882, 883, 884, 885, 886, 887, 888, 889, 890, 891, 892, 893, 894, 895, 896, 897, 898, 899, 900, 901, 902, 903, 904, 905, 906, 907, 908, 909, 910, 911, 912, 913, 914, 915, 916, 917, 918, 919, 920, 921, 922, 923, 924, 925, 926, 927, 928, 929, 930, 931, 932, 933, 934, 935]","[459, 477, 906, 928]",[],"[4, 11, 18, 21, 23, 26, 27, 28, 31, 35, 36, 43, 45, 52, 55, 56, 60, 62, 64, 70, 71, 80, 90, 94, 97, 183, 197, 232, 334, 398, 400, 404, 406, 426, 453, 455, 459, 472, 477, 478, 480, 483, 484, 490, 496, 505, 507, 509, 510, 511, 514, 516, 517, 523, 525, 529, 532, 533, 536, 538, 545, 546, 552, 561, 565, 568, 654, 668, 696, 790, 849, 853, 855, 857, 878, 900, 902, 903, 906, 919, 928, 929, 932, 934, 935]","[15, 16, 65, 66, 67, 68, 69, 70, 71, 72, 73, 74, 75, 76, 77, 78, 80, 151, 176, 177, 244, 245, 246, 247, 248, 249, 250, 251, 252, 253, 254, 255, 256, 257, 258, 259, 260, 280, 325, 332, 340, 373, 374, 375, 376, 377, 459, 460, 461, 462, 467, 483, 484, 500, 501, 539, 540, 541, 542, 543, 544, 545, 546, 547, 548, 549, 550, 552, 622, 647, 648, 708, 709, 710, 711, 712, 713, 714, 715, 716, 717, 718, 719, 720, 739, 783, 789, 796, 823, 824, 825, 826, 827, 906, 907, 908, 909, 914, 927, 934, 935]","[15, 16, 65, 66, 67, 68, 69, 70, 71, 72, 73, 74, 75, 76, 80, 151, 245, 246, 247, 248, 249, 250, 251, 252, 253, 254, 255, 256, 257, 258, 259, 280, 340, 373, 374, 375, 376, 377, 459, 460, 461, 462, 500, 501, 539, 540, 541, 542, 543, 544, 545, 546, 547, 548, 549, 550, 552, 622, 708, 709, 710, 711, 712, 713, 714, 715, 716, 717, 718, 719, 720, 739, 796, 823, 824, 825, 826, 827, 906, 907, 908, 909]",7/6 successful match,True,,False,495,False,,1.0,True,Western Petroleum ( Pilot # 140 ),Pilot
E Roosevelt ( 84066 ) Western Petroleum ( Pilot # 140 ),6 435-722-4468 380 US 40-191 S,Pilot 24 <U+25A1> <U+25A1> <U+25A1>,Roosevelt,84066,Western Petroleum ( Pilot # 140 ),435-722-4468,2016,Roosevelt,UT,Pilot,,380 US 40-191 S,Proper,,False,,False,US 40-191,,,,,"[906, 459]","[459, 477, 906, 928]","[459, 477, 906, 928]",[],"[398, 399, 400, 401, 402, 403, 404, 405, 406, 407, 408, 409, 410, 411, 412, 413, 414, 415, 416, 417, 418, 419, 420, 421, 422, 423, 424, 425, 426, 427, 428, 429, 430, 431, 432, 433, 434, 435, 436, 437, 438, 439, 440, 441, 442, 443, 444, 445, 446, 447, 448, 449, 450, 451, 452, 453, 454, 455, 456, 457, 458, 459, 460, 461, 462, 463, 464, 465, 466, 467, 468, 469, 470, 471, 472, 473, 474, 475, 476, 477, 478, 479, 480, 481, 482, 483, 484, 848, 849, 850, 851, 852, 853, 854, 855, 856, 857, 858, 859, 860, 861, 862, 863, 864, 865, 866, 867, 868, 869, 870, 871, 872, 873, 874, 875, 876, 877, 878, 879, 880, 881, 882, 883, 884, 885, 886, 887, 888, 889, 890, 891, 892, 893, 894, 895, 896, 897, 898, 899, 900, 901, 902, 903, 904, 905, 906, 907, 908, 909, 910, 911, 912, 913, 914, 915, 916, 917, 918, 919, 920, 921, 922, 923, 924, 925, 926, 927, 928, 929, 930, 931, 932, 933, 934, 935]","[4, 11, 18, 21, 23, 26, 27, 28, 31, 35, 36, 43, 45, 52, 55, 56, 60, 62, 64, 70, 71, 80, 90, 94, 97, 183, 197, 232, 334, 398, 400, 404, 406, 426, 453, 455, 459, 472, 477, 478, 480, 483, 484, 490, 496, 505, 507, 509, 510, 511, 514, 516, 517, 523, 525, 529, 532, 533, 536, 538, 545, 546, 552, 561, 565, 568, 654, 668, 696, 790, 849, 853, 855, 857, 878, 900, 902, 903, 906, 919, 928, 929, 932, 934, 935]","[15, 16, 65, 66, 67, 68, 69, 70, 71, 72, 73, 74, 75, 76, 80, 151, 245, 246, 247, 248, 249, 250, 251, 252, 253, 254, 255, 256, 257, 258, 259, 280, 340, 373, 374, 375, 376, 377, 459, 460, 461, 462, 500, 501, 539, 540, 541, 542, 543, 544, 545, 546, 547, 548, 549, 550, 552, 622, 708, 709, 710, 711, 712, 713, 714, 715, 716, 717, 718, 719, 720, 739, 796, 823, 824, 825, 826, 827, 906, 907, 908, 909]","[15, 16, 65, 66, 67, 68, 69, 70, 71, 72, 73, 74, 75, 76, 77, 78, 80, 151, 176, 177, 244, 245, 246, 247, 248, 249, 250, 251, 252, 253, 254, 255, 256, 257, 258, 259, 260, 280, 325, 332, 340, 373, 374, 375, 376, 377, 459, 460, 461, 462, 467, 483, 484, 500, 501, 539, 540, 541, 542, 543, 544, 545, 546, 547, 548, 549, 550, 552, 622, 647, 648, 708, 709, 710, 711, 712, 713, 714, 715, 716, 717, 718, 719, 720, 739, 783, 789, 796, 823, 824, 825, 826, 827, 906, 907, 908, 909, 914, 927, 934, 935]","[4, 11, 15, 16, 18, 21, 23, 26, 27, 28, 31, 35, 36, 43, 45, 52, 55, 56, 60, 62, 64, 65, 66, 67, 68, 69, 70, 71, 72, 73, 74, 75, 76, 77, 78, 80, 90, 94, 97, 151, 176, 177, 183, 197, 232, 244, 245, 246, 247, 248, 249, 250, 251, 252, 253, 254, 255, 256, 257, 258, 259, 260, 280, 325, 332, 334, 340, 373, 374, 375, 376, 377, 398, 399, 400, 401, 402, 403, 404, 405, 406, 407, 408, 409, 410, 411, 412, 413, 414, 415, 416, 417, 418, 419, 420, 421, 422, 423, 424, 425, 426, 427, 428, 429, 430, 431, 432, 433, 434, 435, 436, 437, 438, 439, 440, 441, 442, 443, 444, 445, 446, 447, 448, 449, 450, 451, 452, 453, 454, 455, 456, 457, 458, 459, 460, 461, 462, 463, 464, 465, 466, 467, 468, 469, 470, 471, 472, 473, 474, 475, 476, 477, 478, 479, 480, 481, 482, 483, 484, 490, 496, 500, 501, 505, 507, 509, 510, 511, 514, 516, 517, 523, 525, 529, 532, 533, 536, 538, 539, 540, 541, 542, 543, 544, 545, 546, 547, 548, 549, 550, 552, 561, 565, 568, 622, 647, 648, 654, 668, 696, 708, 709, 710, 711, 712, 713, 714, 715, 716, 717, 718, 719, 720, 739, 783, 789, 790, 796, 823, 824, 825, 826, 827, 848, 849, 850, 851, 852, 853, 854, 855, 856, 857, 858, 859, 860, 861, 862, 863, 864, 865, 866, 867, 868, 869, 870, 871, 872, 873, 874, 875, 876, 877, 878, 879, 880, 881, 882, 883, 884, 885, 886, 887, 888, 889, 890, 891, 892, 893, 894, 895, 896, 897, 898, 899, 900, 901, 902, 903, 904, 905, 906, 907, 908, 909, 910, 911, 912, 913, 914, 915, 916, 917, 918, 919, 920, 921, 922, 923, 924, 925, 926, 927, 928, 929, 930, 931, 932, 933, 934, 935]",True,"[459, 477, 906, 928]","[398, 399, 400, 401, 402, 403, 404, 405, 406, 407, 408, 409, 410, 411, 412, 413, 414, 415, 416, 417, 418, 419, 420, 421, 422, 423, 424, 425, 426, 427, 428, 429, 430, 431, 432, 433, 434, 435, 436, 437, 438, 439, 440, 441, 442, 443, 444, 445, 446, 447, 448, 449, 450, 451, 452, 453, 454, 455, 456, 457, 458, 459, 460, 461, 462, 463, 464, 465, 466, 467, 468, 469, 470, 471, 472, 473, 474, 475, 476, 477, 478, 479, 480, 481, 482, 483, 484, 848, 849, 850, 851, 852, 853, 854, 855, 856, 857, 858, 859, 860, 861, 862, 863, 864, 865, 866, 867, 868, 869, 870, 871, 872, 873, 874, 875, 876, 877, 878, 879, 880, 881, 882, 883, 884, 885, 886, 887, 888, 889, 890, 891, 892, 893, 894, 895, 896, 897, 898, 899, 900, 901, 902, 903, 904, 905, 906, 907, 908, 909, 910, 911, 912, 913, 914, 915, 916, 917, 918, 919, 920, 921, 922, 923, 924, 925, 926, 927, 928, 929, 930, 931, 932, 933, 934, 935]","[459, 477, 906, 928]",[],"[4, 11, 18, 21, 23, 26, 27, 28, 31, 35, 36, 43, 45, 52, 55, 56, 60, 62, 64, 70, 71, 80, 90, 94, 97, 183, 197, 232, 334, 398, 400, 404, 406, 426, 453, 455, 459, 472, 477, 478, 480, 483, 484, 490, 496, 505, 507, 509, 510, 511, 514, 516, 517, 523, 525, 529, 532, 533, 536, 538, 545, 546, 552, 561, 565, 568, 654, 668, 696, 790, 849, 853, 855, 857, 878, 900, 902, 903, 906, 919, 928, 929, 932, 934, 935]","[15, 16, 65, 66, 67, 68, 69, 70, 71, 72, 73, 74, 75, 76, 77, 78, 80, 151, 176, 177, 244, 245, 246, 247, 248, 249, 250, 251, 252, 253, 254, 255, 256, 257, 258, 259, 260, 280, 325, 332, 340, 373, 374, 375, 376, 377, 459, 460, 461, 462, 467, 483, 484, 500, 501, 539, 540, 541, 542, 543, 544, 545, 546, 547, 548, 549, 550, 552, 622, 647, 648, 708, 709, 710, 711, 712, 713, 714, 715, 716, 717, 718, 719, 720, 739, 783, 789, 796, 823, 824, 825, 826, 827, 906, 907, 908, 909, 914, 927, 934, 935]","[15, 16, 65, 66, 67, 68, 69, 70, 71, 72, 73, 74, 75, 76, 80, 151, 245, 246, 247, 248, 249, 250, 251, 252, 253, 254, 255, 256, 257, 258, 259, 280, 340, 373, 374, 375, 376, 377, 459, 460, 461, 462, 500, 501, 539, 540, 541, 542, 543, 544, 545, 546, 547, 548, 549, 550, 552, 622, 708, 709, 710, 711, 712, 713, 714, 715, 716, 717, 718, 719, 720, 739, 796, 823, 824, 825, 826, 827, 906, 907, 908, 909]",7/6 successful match,True,,False,495,False,,1.0,True,Western Petroleum ( Pilot # 140 ),Pilot
D Vernal ( 84078 ) Split Mountain Travel Plaza ( Sinclair ),435-781-6500 4743 S 4625 E ( US 40 SE ),24 S O,Vernal,84078,Split Mountain Travel Plaza ( Sinclair ),435-781-6500,2014,Vernal,UT,Sinclair,( US 40 SE ),4743 S 4625 E,Proper,,False,,False,4743 S,,,,,"[472, 919]","[478, 929]","[472, 478, 919, 929]",[],"[398, 399, 400, 401, 402, 403, 404, 405, 406, 407, 408, 409, 410, 411, 412, 413, 414, 415, 416, 417, 418, 419, 420, 421, 422, 423, 424, 425, 426, 427, 428, 429, 430, 431, 432, 433, 434, 435, 436, 437, 438, 439, 440, 441, 442, 443, 444, 445, 446, 447, 448, 449, 450, 451, 452, 453, 454, 455, 456, 457, 458, 459, 460, 461, 462, 463, 464, 465, 466, 467, 468, 469, 470, 471, 472, 473, 474, 475, 476, 477, 478, 479, 480, 481, 482, 483, 484, 848, 849, 850, 851, 852, 853, 854, 855, 856, 857, 858, 859, 860, 861, 862, 863, 864, 865, 866, 867, 868, 869, 870, 871, 872, 873, 874, 875, 876, 877, 878, 879, 880, 881, 882, 883, 884, 885, 886, 887, 888, 889, 890, 891, 892, 893, 894, 895, 896, 897, 898, 899, 900, 901, 902, 903, 904, 905, 906, 907, 908, 909, 910, 911, 912, 913, 914, 915, 916, 917, 918, 919, 920, 921, 922, 923, 924, 925, 926, 927, 928, 929, 930, 931, 932, 933, 934, 935]","[472, 919]","[31, 142, 147, 180, 338, 352, 367, 387, 403, 405, 408, 410, 455, 465, 466, 468, 470, 472, 473, 483, 484, 514, 613, 618, 651, 794, 807, 837, 852, 854, 858, 861, 902, 912, 913, 915, 917, 919, 920, 931, 934, 935]","[31, 127, 142, 147, 180, 230, 338, 352, 367, 387, 403, 405, 408, 410, 455, 465, 466, 468, 470, 472, 473, 483, 484, 514, 598, 613, 618, 651, 694, 794, 807, 837, 852, 854, 858, 861, 902, 912, 913, 915, 917, 919, 920, 931, 934, 935]","[916, 514, 917, 918, 387, 920, 921, 922, 31, 923, 924, 925, 926, 927, 928, 930, 931, 932, 598, 933, 934, 935, 613, 618, 127, 651, 142, 147, 338, 180, 694, 230, 352, 794, 807, 367, 837, 848, 849, 850, 851, 852, 853, 854, 855, 856, 857, 858, 859, 860, 861, 862, 863, 864, 865, 866, 867, 868, 869, 870, 871, 872, 873, 874, 875, 876, 877, 878, 879, 880, 881, 882, 883, 884, 885, 886, 887, 888, 889, 890, 891, 892, 893, 894, 895, 896, 897, 898, 899, 900, 901, 902, 903, 904, 905, 906, 907, 908, 909, 398, 399, 400, 401, 402, 403, 404, 405, 406, 407, 408, 919, 409, 410, 411, 412, 413, 414, 415, 929, 416, 417, 418, 419, 420, 421, 422, 423, 424, 425, 426, 427, 428, 429, 430, 431, 432, 433, 434, 435, 436, 437, 438, 439, 440, 441, 442, 443, 444, 445, 446, 447, 448, 449, 450, 451, 452, 453, 454, 455, 456, 457, 458, 459, 460, 461, 462, 463, 464, 465, 466, 467, 468, 469, 472, 470, 471, 473, 474, 475, 478, 476, 477, 479, 480, 481, 482, 483, 484, 910, 911, 912, 913, 914, 915]",True,"[478, 929]","[398, 399, 400, 401, 402, 403, 404, 405, 406, 407, 408, 409, 410, 411, 412, 413, 414, 415, 416, 417, 418, 419, 420, 421, 422, 423, 424, 425, 426, 427, 428, 429, 430, 431, 432, 433, 434, 435, 436, 437, 438, 439, 440, 441, 442, 443, 444, 445, 446, 447, 448, 449, 450, 451, 452, 453, 454, 455, 456, 457, 458, 459, 460, 461, 462, 463, 464, 465, 466, 467, 468, 469, 470, 471, 472, 473, 474, 475, 476, 477, 478, 479, 480, 481, 482, 483, 484, 848, 849, 850, 851, 852, 853, 854, 855, 856, 857, 858, 859, 860, 861, 862, 863, 864, 865, 866, 867, 868, 869, 870, 871, 872, 873, 874, 875, 876, 877, 878, 879, 880, 881, 882, 883, 884, 885, 886, 887, 888, 889, 890, 891, 892, 893, 894, 895, 896, 897, 898, 899, 900, 901, 902, 903, 904, 905, 906, 907, 908, 909, 910, 911, 912, 913, 914, 915, 916, 917, 918, 919, 920, 921, 922, 923, 924, 925, 926, 927, 928, 929, 930, 931, 932, 933, 934, 935]","[472, 478, 919, 929]",[],"[472, 919]","[31, 127, 142, 147, 180, 230, 338, 352, 367, 387, 403, 405, 408, 410, 455, 465, 466, 468, 470, 472, 473, 483, 484, 514, 598, 613, 618, 651, 694, 794, 807, 837, 852, 854, 858, 861, 902, 912, 913, 915, 917, 919, 920, 931, 934, 935]","[31, 142, 147, 180, 338, 352, 367, 387, 403, 405, 408, 410, 455, 465, 466, 468, 470, 472, 473, 483, 484, 514, 613, 618, 651, 794, 807, 837, 852, 854, 858, 861, 902, 912, 913, 915, 917, 919, 920, 931, 934, 935]",7/6 successful match,True,,False,496,False,,,,,
D Vernal ( 84078 ) Split Mountain Travel Plaza ( Sinclair ),6 435-781-6500 4743 S 4625 E ( US 40 SE ),<U+25A1> S <U+25A1> <U+25A1> <U+25A1>,Vernal,84078,Split Mountain Travel Plaza ( Sinclair ),435-781-6500,2015,Vernal,UT,Sinclair,( US 40 SE ),4743 S 4625 E,Proper,,False,,False,4743 S,,,,,"[472, 919]","[478, 929]","[472, 478, 919, 929]",[],"[398, 399, 400, 401, 402, 403, 404, 405, 406, 407, 408, 409, 410, 411, 412, 413, 414, 415, 416, 417, 418, 419, 420, 421, 422, 423, 424, 425, 426, 427, 428, 429, 430, 431, 432, 433, 434, 435, 436, 437, 438, 439, 440, 441, 442, 443, 444, 445, 446, 447, 448, 449, 450, 451, 452, 453, 454, 455, 456, 457, 458, 459, 460, 461, 462, 463, 464, 465, 466, 467, 468, 469, 470, 471, 472, 473, 474, 475, 476, 477, 478, 479, 480, 481, 482, 483, 484, 848, 849, 850, 851, 852, 853, 854, 855, 856, 857, 858, 859, 860, 861, 862, 863, 864, 865, 866, 867, 868, 869, 870, 871, 872, 873, 874, 875, 876, 877, 878, 879, 880, 881, 882, 883, 884, 885, 886, 887, 888, 889, 890, 891, 892, 893, 894, 895, 896, 897, 898, 899, 900, 901, 902, 903, 904, 905, 906, 907, 908, 909, 910, 911, 912, 913, 914, 915, 916, 917, 918, 919, 920, 921, 922, 923, 924, 925, 926, 927, 928, 929, 930, 931, 932, 933, 934, 935]","[472, 919]","[31, 142, 147, 180, 338, 352, 367, 387, 403, 405, 408, 410, 455, 465, 466, 468, 470, 472, 473, 483, 484, 514, 613, 618, 651, 794, 807, 837, 852, 854, 858, 861, 902, 912, 913, 915, 917, 919, 920, 931, 934, 935]","[31, 127, 142, 147, 180, 230, 338, 352, 367, 387, 403, 405, 408, 410, 455, 465, 466, 468, 470, 472, 473, 483, 484, 514, 598, 613, 618, 651, 694, 794, 807, 837, 852, 854, 858, 861, 902, 912, 913, 915, 917, 919, 920, 931, 934, 935]","[916, 514, 917, 918, 387, 920, 921, 922, 31, 923, 924, 925, 926, 927, 928, 930, 931, 932, 598, 933, 934, 935, 613, 618, 127, 651, 142, 147, 338, 180, 694, 230, 352, 794, 807, 367, 837, 848, 849, 850, 851, 852, 853, 854, 855, 856, 857, 858, 859, 860, 861, 862, 863, 864, 865, 866, 867, 868, 869, 870, 871, 872, 873, 874, 875, 876, 877, 878, 879, 880, 881, 882, 883, 884, 885, 886, 887, 888, 889, 890, 891, 892, 893, 894, 895, 896, 897, 898, 899, 900, 901, 902, 903, 904, 905, 906, 907, 908, 909, 398, 399, 400, 401, 402, 403, 404, 405, 406, 407, 408, 919, 409, 410, 411, 412, 413, 414, 415, 929, 416, 417, 418, 419, 420, 421, 422, 423, 424, 425, 426, 427, 428, 429, 430, 431, 432, 433, 434, 435, 436, 437, 438, 439, 440, 441, 442, 443, 444, 445, 446, 447, 448, 449, 450, 451, 452, 453, 454, 455, 456, 457, 458, 459, 460, 461, 462, 463, 464, 465, 466, 467, 468, 469, 472, 470, 471, 473, 474, 475, 478, 476, 477, 479, 480, 481, 482, 483, 484, 910, 911, 912, 913, 914, 915]",True,"[478, 929]","[398, 399, 400, 401, 402, 403, 404, 405, 406, 407, 408, 409, 410, 411, 412, 413, 414, 415, 416, 417, 418, 419, 420, 421, 422, 423, 424, 425, 426, 427, 428, 429, 430, 431, 432, 433, 434, 435, 436, 437, 438, 439, 440, 441, 442, 443, 444, 445, 446, 447, 448, 449, 450, 451, 452, 453, 454, 455, 456, 457, 458, 459, 460, 461, 462, 463, 464, 465, 466, 467, 468, 469, 470, 471, 472, 473, 474, 475, 476, 477, 478, 479, 480, 481, 482, 483, 484, 848, 849, 850, 851, 852, 853, 854, 855, 856, 857, 858, 859, 860, 861, 862, 863, 864, 865, 866, 867, 868, 869, 870, 871, 872, 873, 874, 875, 876, 877, 878, 879, 880, 881, 882, 883, 884, 885, 886, 887, 888, 889, 890, 891, 892, 893, 894, 895, 896, 897, 898, 899, 900, 901, 902, 903, 904, 905, 906, 907, 908, 909, 910, 911, 912, 913, 914, 915, 916, 917, 918, 919, 920, 921, 922, 923, 924, 925, 926, 927, 928, 929, 930, 931, 932, 933, 934, 935]","[472, 478, 919, 929]",[],"[472, 919]","[31, 127, 142, 147, 180, 230, 338, 352, 367, 387, 403, 405, 408, 410, 455, 465, 466, 468, 470, 472, 473, 483, 484, 514, 598, 613, 618, 651, 694, 794, 807, 837, 852, 854, 858, 861, 902, 912, 913, 915, 917, 919, 920, 931, 934, 935]","[31, 142, 147, 180, 338, 352, 367, 387, 403, 405, 408, 410, 455, 465, 466, 468, 470, 472, 473, 483, 484, 514, 613, 618, 651, 794, 807, 837, 852, 854, 858, 861, 902, 912, 913, 915, 917, 919, 920, 931, 934, 935]",7/6 successful match,True,,False,496,False,,1.0,True,Split Mountain Travel Plaza ( Sinclair ),Sinclair
D Vernal ( 84078 ) Split Mountain Travel Plaza ( Sinclair ),435-781-6500 4743 S 4625 E ( US 40 SE ),SO <U+25A1> <U+25A1> <U+2610> <U+2610>,Vernal,84078,Split Mountain Travel Plaza ( Sinclair ),435-781-6500,2016,Vernal,UT,Sinclair,( US 40 SE ),4743 S 4625 E,Proper,,False,,False,4743 S,,,,,"[472, 919]","[478, 929]","[472, 478, 919, 929]",[],"[398, 399, 400, 401, 402, 403, 404, 405, 406, 407, 408, 409, 410, 411, 412, 413, 414, 415, 416, 417, 418, 419, 420, 421, 422, 423, 424, 425, 426, 427, 428, 429, 430, 431, 432, 433, 434, 435, 436, 437, 438, 439, 440, 441, 442, 443, 444, 445, 446, 447, 448, 449, 450, 451, 452, 453, 454, 455, 456, 457, 458, 459, 460, 461, 462, 463, 464, 465, 466, 467, 468, 469, 470, 471, 472, 473, 474, 475, 476, 477, 478, 479, 480, 481, 482, 483, 484, 848, 849, 850, 851, 852, 853, 854, 855, 856, 857, 858, 859, 860, 861, 862, 863, 864, 865, 866, 867, 868, 869, 870, 871, 872, 873, 874, 875, 876, 877, 878, 879, 880, 881, 882, 883, 884, 885, 886, 887, 888, 889, 890, 891, 892, 893, 894, 895, 896, 897, 898, 899, 900, 901, 902, 903, 904, 905, 906, 907, 908, 909, 910, 911, 912, 913, 914, 915, 916, 917, 918, 919, 920, 921, 922, 923, 924, 925, 926, 927, 928, 929, 930, 931, 932, 933, 934, 935]","[472, 919]","[31, 142, 147, 180, 338, 352, 367, 387, 403, 405, 408, 410, 455, 465, 466, 468, 470, 472, 473, 483, 484, 514, 613, 618, 651, 794, 807, 837, 852, 854, 858, 861, 902, 912, 913, 915, 917, 919, 920, 931, 934, 935]","[31, 127, 142, 147, 180, 230, 338, 352, 367, 387, 403, 405, 408, 410, 455, 465, 466, 468, 470, 472, 473, 483, 484, 514, 598, 613, 618, 651, 694, 794, 807, 837, 852, 854, 858, 861, 902, 912, 913, 915, 917, 919, 920, 931, 934, 935]","[916, 514, 917, 918, 387, 920, 921, 922, 31, 923, 924, 925, 926, 927, 928, 930, 931, 932, 598, 933, 934, 935, 613, 618, 127, 651, 142, 147, 338, 180, 694, 230, 352, 794, 807, 367, 837, 848, 849, 850, 851, 852, 853, 854, 855, 856, 857, 858, 859, 860, 861, 862, 863, 864, 865, 866, 867, 868, 869, 870, 871, 872, 873, 874, 875, 876, 877, 878, 879, 880, 881, 882, 883, 884, 885, 886, 887, 888, 889, 890, 891, 892, 893, 894, 895, 896, 897, 898, 899, 900, 901, 902, 903, 904, 905, 906, 907, 908, 909, 398, 399, 400, 401, 402, 403, 404, 405, 406, 407, 408, 919, 409, 410, 411, 412, 413, 414, 415, 929, 416, 417, 418, 419, 420, 421, 422, 423, 424, 425, 426, 427, 428, 429, 430, 431, 432, 433, 434, 435, 436, 437, 438, 439, 440, 441, 442, 443, 444, 445, 446, 447, 448, 449, 450, 451, 452, 453, 454, 455, 456, 457, 458, 459, 460, 461, 462, 463, 464, 465, 466, 467, 468, 469, 472, 470, 471, 473, 474, 475, 478, 476, 477, 479, 480, 481, 482, 483, 484, 910, 911, 912, 913, 914, 915]",True,"[478, 929]","[398, 399, 400, 401, 402, 403, 404, 405, 406, 407, 408, 409, 410, 411, 412, 413, 414, 415, 416, 417, 418, 419, 420, 421, 422, 423, 424, 425, 426, 427, 428, 429, 430, 431, 432, 433, 434, 435, 436, 437, 438, 439, 440, 441, 442, 443, 444, 445, 446, 447, 448, 449, 450, 451, 452, 453, 454, 455, 456, 457, 458, 459, 460, 461, 462, 463, 464, 465, 466, 467, 468, 469, 470, 471, 472, 473, 474, 475, 476, 477, 478, 479, 480, 481, 482, 483, 484, 848, 849, 850, 851, 852, 853, 854, 855, 856, 857, 858, 859, 860, 861, 862, 863, 864, 865, 866, 867, 868, 869, 870, 871, 872, 873, 874, 875, 876, 877, 878, 879, 880, 881, 882, 883, 884, 885, 886, 887, 888, 889, 890, 891, 892, 893, 894, 895, 896, 897, 898, 899, 900, 901, 902, 903, 904, 905, 906, 907, 908, 909, 910, 911, 912, 913, 914, 915, 916, 917, 918, 919, 920, 921, 922, 923, 924, 925, 926, 927, 928, 929, 930, 931, 932, 933, 934, 935]","[472, 478, 919, 929]",[],"[472, 919]","[31, 127, 142, 147, 180, 230, 338, 352, 367, 387, 403, 405, 408, 410, 455, 465, 466, 468, 470, 472, 473, 483, 484, 514, 598, 613, 618, 651, 694, 794, 807, 837, 852, 854, 858, 861, 902, 912, 913, 915, 917, 919, 920, 931, 934, 935]","[31, 142, 147, 180, 338, 352, 367, 387, 403, 405, 408, 410, 455, 465, 466, 468, 470, 472, 473, 483, 484, 514, 613, 618, 651, 794, 807, 837, 852, 854, 858, 861, 902, 912, 913, 915, 917, 919, 920, 931, 934, 935]",7/6 successful match,True,,False,496,False,,1.0,True,Split Mountain Travel Plaza ( Sinclair ),Sinclair
Wendover ( 84083 ) Wendover Truck Stop ( Sinclair ),1 435-665-2243 I-80 Exit 4,24 S <U+25A1>,Wendover,84083,Wendover Truck Stop ( Sinclair ),435-665-2243,2014,Wendover,UT,Sinclair,,I-80 Exit 4,Exit,4,False,,False,I-80,,,,,"[917, 470]","[454, 901]","[373, 454, 470, 823, 901, 917]","[327, 461, 470, 785, 908, 917]","[398, 399, 400, 401, 402, 403, 404, 405, 406, 407, 408, 409, 410, 411, 412, 413, 414, 415, 416, 417, 418, 419, 420, 421, 422, 423, 424, 425, 426, 427, 428, 429, 430, 431, 432, 433, 434, 435, 436, 437, 438, 439, 440, 441, 442, 443, 444, 445, 446, 447, 448, 449, 450, 451, 452, 453, 454, 455, 456, 457, 458, 459, 460, 461, 462, 463, 464, 465, 466, 467, 468, 469, 470, 471, 472, 473, 474, 475, 476, 477, 478, 479, 480, 481, 482, 483, 484, 848, 849, 850, 851, 852, 853, 854, 855, 856, 857, 858, 859, 860, 861, 862, 863, 864, 865, 866, 867, 868, 869, 870, 871, 872, 873, 874, 875, 876, 877, 878, 879, 880, 881, 882, 883, 884, 885, 886, 887, 888, 889, 890, 891, 892, 893, 894, 895, 896, 897, 898, 899, 900, 901, 902, 903, 904, 905, 906, 907, 908, 909, 910, 911, 912, 913, 914, 915, 916, 917, 918, 919, 920, 921, 922, 923, 924, 925, 926, 927, 928, 929, 930, 931, 932, 933, 934, 935]","[89, 108, 172, 217, 221, 239, 264, 280, 321, 342, 343, 344, 345, 346, 349, 351, 352, 355, 357, 359, 364, 368, 371, 372, 373, 374, 376, 377, 387, 392, 393, 403, 409, 411, 414, 424, 430, 449, 454, 470, 480, 560, 584, 643, 685, 703, 724, 739, 779, 798, 799, 800, 801, 804, 806, 807, 810, 812, 814, 816, 821, 822, 823, 824, 826, 827, 837, 842, 843, 852, 859, 862, 865, 869, 876, 882, 897, 901, 917, 932]","[31, 142, 147, 180, 338, 352, 367, 387, 403, 405, 408, 410, 455, 465, 466, 468, 470, 472, 473, 483, 484, 514, 613, 618, 651, 794, 807, 837, 852, 854, 858, 861, 902, 912, 913, 915, 917, 919, 920, 931, 934, 935]","[31, 142, 147, 180, 338, 352, 367, 387, 403, 405, 408, 410, 454, 455, 465, 466, 468, 470, 472, 473, 483, 484, 514, 613, 618, 651, 794, 807, 837, 852, 854, 858, 861, 901, 902, 912, 913, 915, 917, 919, 920, 931, 934, 935]","[916, 514, 918, 387, 919, 920, 921, 922, 31, 923, 924, 925, 560, 926, 927, 928, 929, 930, 584, 931, 932, 933, 89, 934, 935, 613, 618, 108, 643, 392, 651, 142, 372, 147, 393, 338, 172, 685, 180, 342, 343, 703, 344, 374, 345, 346, 724, 217, 349, 221, 739, 351, 352, 239, 376, 355, 357, 264, 779, 377, 359, 785, 280, 794, 798, 799, 800, 801, 804, 806, 807, 364, 810, 812, 814, 816, 821, 822, 823, 824, 367, 826, 827, 368, 321, 837, 327, 842, 371, 843, 848, 849, 850, 851, 852, 853, 854, 855, 856, 857, 858, 859, 860, 861, 862, 863, 864, 865, 866, 867, 868, 869, 870, 871, 872, 873, 874, 875, 876, 877, 878, 879, 880, 881, 882, 883, 884, 373, 885, 886, 887, 888, 889, 890, 891, 892, 893, 894, 895, 896, 897, 898, 899, 901, 900, 902, 903, 904, 905, 906, 908, 907, 398, 399, 400, 401, 402, 403, 404, 917, 405, 406, 407, 408, 409, 410, 411, 412, 413, 414, 415, 416, 417, 418, 419, 420, 421, 422, 423, 424, 425, 426, 427, 428, 429, 430, 431, 432, 433, 434, 435, 436, 437, 438, 439, 440, 441, 442, 443, 444, 445, 446, 447, 448, 449, 450, 451, 452, 454, 453, 455, 456, 457, 458, 459, 461, 460, 462, 463, 464, 465, 466, 467, 468, 470, 469, 471, 472, 473, 474, 475, 476, 477, 478, 479, 480, 481, 482, 483, 484, 909, 910, 911, 912, 913, 914, 915]",True,"[454, 901]","[398, 399, 400, 401, 402, 403, 404, 405, 406, 407, 408, 409, 410, 411, 412, 413, 414, 415, 416, 417, 418, 419, 420, 421, 422, 423, 424, 425, 426, 427, 428, 429, 430, 431, 432, 433, 434, 435, 436, 437, 438, 439, 440, 441, 442, 443, 444, 445, 446, 447, 448, 449, 450, 451, 452, 453, 454, 455, 456, 457, 458, 459, 460, 461, 462, 463, 464, 465, 466, 467, 468, 469, 470, 471, 472, 473, 474, 475, 476, 477, 478, 479, 480, 481, 482, 483, 484, 848, 849, 850, 851, 852, 853, 854, 855, 856, 857, 858, 859, 860, 861, 862, 863, 864, 865, 866, 867, 868, 869, 870, 871, 872, 873, 874, 875, 876, 877, 878, 879, 880, 881, 882, 883, 884, 885, 886, 887, 888, 889, 890, 891, 892, 893, 894, 895, 896, 897, 898, 899, 900, 901, 902, 903, 904, 905, 906, 907, 908, 909, 910, 911, 912, 913, 914, 915, 916, 917, 918, 919, 920, 921, 922, 923, 924, 925, 926, 927, 928, 929, 930, 931, 932, 933, 934, 935]","[373, 454, 470, 823, 901, 917]","[327, 461, 470, 785, 908, 917]","[89, 108, 172, 217, 221, 239, 264, 280, 321, 342, 343, 344, 345, 346, 349, 351, 352, 355, 357, 359, 364, 368, 371, 372, 373, 374, 376, 377, 387, 392, 393, 403, 409, 411, 414, 424, 430, 449, 454, 470, 480, 560, 584, 643, 685, 703, 724, 739, 779, 798, 799, 800, 801, 804, 806, 807, 810, 812, 814, 816, 821, 822, 823, 824, 826, 827, 837, 842, 843, 852, 859, 862, 865, 869, 876, 882, 897, 901, 917, 932]","[31, 142, 147, 180, 338, 352, 367, 387, 403, 405, 408, 410, 454, 455, 465, 466, 468, 470, 472, 473, 483, 484, 514, 613, 618, 651, 794, 807, 837, 852, 854, 858, 861, 901, 902, 912, 913, 915, 917, 919, 920, 931, 934, 935]","[31, 142, 147, 180, 338, 352, 367, 387, 403, 405, 408, 410, 455, 465, 466, 468, 470, 472, 473, 483, 484, 514, 613, 618, 651, 794, 807, 837, 852, 854, 858, 861, 902, 912, 913, 915, 917, 919, 920, 931, 934, 935]",7/6 successful match,True,,False,497,False,,,,,
Wendover ( 84083 ) Wendover Truck Stop ( Sinclair ),435-665-2243 I-80 Exit 4,24 2 S,Wendover,84083,Wendover Truck Stop ( Sinclair ),435-665-2243,2015,Wendover,UT,Sinclair,,I-80 Exit 4,Exit,4,False,,False,I-80,,,,,"[917, 470]","[454, 901]","[373, 454, 470, 823, 901, 917]","[327, 461, 470, 785, 908, 917]","[398, 399, 400, 401, 402, 403, 404, 405, 406, 407, 408, 409, 410, 411, 412, 413, 414, 415, 416, 417, 418, 419, 420, 421, 422, 423, 424, 425, 426, 427, 428, 429, 430, 431, 432, 433, 434, 435, 436, 437, 438, 439, 440, 441, 442, 443, 444, 445, 446, 447, 448, 449, 450, 451, 452, 453, 454, 455, 456, 457, 458, 459, 460, 461, 462, 463, 464, 465, 466, 467, 468, 469, 470, 471, 472, 473, 474, 475, 476, 477, 478, 479, 480, 481, 482, 483, 484, 848, 849, 850, 851, 852, 853, 854, 855, 856, 857, 858, 859, 860, 861, 862, 863, 864, 865, 866, 867, 868, 869, 870, 871, 872, 873, 874, 875, 876, 877, 878, 879, 880, 881, 882, 883, 884, 885, 886, 887, 888, 889, 890, 891, 892, 893, 894, 895, 896, 897, 898, 899, 900, 901, 902, 903, 904, 905, 906, 907, 908, 909, 910, 911, 912, 913, 914, 915, 916, 917, 918, 919, 920, 921, 922, 923, 924, 925, 926, 927, 928, 929, 930, 931, 932, 933, 934, 935]","[89, 108, 172, 217, 221, 239, 264, 280, 321, 342, 343, 344, 345, 346, 349, 351, 352, 355, 357, 359, 364, 368, 371, 372, 373, 374, 376, 377, 387, 392, 393, 403, 409, 411, 414, 424, 430, 449, 454, 470, 480, 560, 584, 643, 685, 703, 724, 739, 779, 798, 799, 800, 801, 804, 806, 807, 810, 812, 814, 816, 821, 822, 823, 824, 826, 827, 837, 842, 843, 852, 859, 862, 865, 869, 876, 882, 897, 901, 917, 932]","[31, 142, 147, 180, 338, 352, 367, 387, 403, 405, 408, 410, 455, 465, 466, 468, 470, 472, 473, 483, 484, 514, 613, 618, 651, 794, 807, 837, 852, 854, 858, 861, 902, 912, 913, 915, 917, 919, 920, 931, 934, 935]","[31, 142, 147, 180, 338, 352, 367, 387, 403, 405, 408, 410, 454, 455, 465, 466, 468, 470, 472, 473, 483, 484, 514, 613, 618, 651, 794, 807, 837, 852, 854, 858, 861, 901, 902, 912, 913, 915, 917, 919, 920, 931, 934, 935]","[916, 514, 918, 387, 919, 920, 921, 922, 31, 923, 924, 925, 560, 926, 927, 928, 929, 930, 584, 931, 932, 933, 89, 934, 935, 613, 618, 108, 643, 392, 651, 142, 372, 147, 393, 338, 172, 685, 180, 342, 343, 703, 344, 374, 345, 346, 724, 217, 349, 221, 739, 351, 352, 239, 376, 355, 357, 264, 779, 377, 359, 785, 280, 794, 798, 799, 800, 801, 804, 806, 807, 364, 810, 812, 814, 816, 821, 822, 823, 824, 367, 826, 827, 368, 321, 837, 327, 842, 371, 843, 848, 849, 850, 851, 852, 853, 854, 855, 856, 857, 858, 859, 860, 861, 862, 863, 864, 865, 866, 867, 868, 869, 870, 871, 872, 873, 874, 875, 876, 877, 878, 879, 880, 881, 882, 883, 884, 373, 885, 886, 887, 888, 889, 890, 891, 892, 893, 894, 895, 896, 897, 898, 899, 901, 900, 902, 903, 904, 905, 906, 908, 907, 398, 399, 400, 401, 402, 403, 404, 917, 405, 406, 407, 408, 409, 410, 411, 412, 413, 414, 415, 416, 417, 418, 419, 420, 421, 422, 423, 424, 425, 426, 427, 428, 429, 430, 431, 432, 433, 434, 435, 436, 437, 438, 439, 440, 441, 442, 443, 444, 445, 446, 447, 448, 449, 450, 451, 452, 454, 453, 455, 456, 457, 458, 459, 461, 460, 462, 463, 464, 465, 466, 467, 468, 470, 469, 471, 472, 473, 474, 475, 476, 477, 478, 479, 480, 481, 482, 483, 484, 909, 910, 911, 912, 913, 914, 915]",True,"[454, 901]","[398, 399, 400, 401, 402, 403, 404, 405, 406, 407, 408, 409, 410, 411, 412, 413, 414, 415, 416, 417, 418, 419, 420, 421, 422, 423, 424, 425, 426, 427, 428, 429, 430, 431, 432, 433, 434, 435, 436, 437, 438, 439, 440, 441, 442, 443, 444, 445, 446, 447, 448, 449, 450, 451, 452, 453, 454, 455, 456, 457, 458, 459, 460, 461, 462, 463, 464, 465, 466, 467, 468, 469, 470, 471, 472, 473, 474, 475, 476, 477, 478, 479, 480, 481, 482, 483, 484, 848, 849, 850, 851, 852, 853, 854, 855, 856, 857, 858, 859, 860, 861, 862, 863, 864, 865, 866, 867, 868, 869, 870, 871, 872, 873, 874, 875, 876, 877, 878, 879, 880, 881, 882, 883, 884, 885, 886, 887, 888, 889, 890, 891, 892, 893, 894, 895, 896, 897, 898, 899, 900, 901, 902, 903, 904, 905, 906, 907, 908, 909, 910, 911, 912, 913, 914, 915, 916, 917, 918, 919, 920, 921, 922, 923, 924, 925, 926, 927, 928, 929, 930, 931, 932, 933, 934, 935]","[373, 454, 470, 823, 901, 917]","[327, 461, 470, 785, 908, 917]","[89, 108, 172, 217, 221, 239, 264, 280, 321, 342, 343, 344, 345, 346, 349, 351, 352, 355, 357, 359, 364, 368, 371, 372, 373, 374, 376, 377, 387, 392, 393, 403, 409, 411, 414, 424, 430, 449, 454, 470, 480, 560, 584, 643, 685, 703, 724, 739, 779, 798, 799, 800, 801, 804, 806, 807, 810, 812, 814, 816, 821, 822, 823, 824, 826, 827, 837, 842, 843, 852, 859, 862, 865, 869, 876, 882, 897, 901, 917, 932]","[31, 142, 147, 180, 338, 352, 367, 387, 403, 405, 408, 410, 454, 455, 465, 466, 468, 470, 472, 473, 483, 484, 514, 613, 618, 651, 794, 807, 837, 852, 854, 858, 861, 901, 902, 912, 913, 915, 917, 919, 920, 931, 934, 935]","[31, 142, 147, 180, 338, 352, 367, 387, 403, 405, 408, 410, 455, 465, 466, 468, 470, 472, 473, 483, 484, 514, 613, 618, 651, 794, 807, 837, 852, 854, 858, 861, 902, 912, 913, 915, 917, 919, 920, 931, 934, 935]",7/6 successful match,True,,False,497,False,,1.0,True,Wendover Truck Stop ( Sinclair ),Sinclair
Wendover ( 84083 ) Wendover Truck Stop ( Sinclair ),435-665-2243 I-80 Exit 4,24 SO <U+2610> <U+2610>,Wendover,84083,Wendover Truck Stop ( Sinclair ),435-665-2243,2016,Wendover,UT,Sinclair,,I-80 Exit 4,Exit,4,False,,False,I-80,,,,,"[917, 470]","[454, 901]","[373, 454, 470, 823, 901, 917]","[327, 461, 470, 785, 908, 917]","[398, 399, 400, 401, 402, 403, 404, 405, 406, 407, 408, 409, 410, 411, 412, 413, 414, 415, 416, 417, 418, 419, 420, 421, 422, 423, 424, 425, 426, 427, 428, 429, 430, 431, 432, 433, 434, 435, 436, 437, 438, 439, 440, 441, 442, 443, 444, 445, 446, 447, 448, 449, 450, 451, 452, 453, 454, 455, 456, 457, 458, 459, 460, 461, 462, 463, 464, 465, 466, 467, 468, 469, 470, 471, 472, 473, 474, 475, 476, 477, 478, 479, 480, 481, 482, 483, 484, 848, 849, 850, 851, 852, 853, 854, 855, 856, 857, 858, 859, 860, 861, 862, 863, 864, 865, 866, 867, 868, 869, 870, 871, 872, 873, 874, 875, 876, 877, 878, 879, 880, 881, 882, 883, 884, 885, 886, 887, 888, 889, 890, 891, 892, 893, 894, 895, 896, 897, 898, 899, 900, 901, 902, 903, 904, 905, 906, 907, 908, 909, 910, 911, 912, 913, 914, 915, 916, 917, 918, 919, 920, 921, 922, 923, 924, 925, 926, 927, 928, 929, 930, 931, 932, 933, 934, 935]","[89, 108, 172, 217, 221, 239, 264, 280, 321, 342, 343, 344, 345, 346, 349, 351, 352, 355, 357, 359, 364, 368, 371, 372, 373, 374, 376, 377, 387, 392, 393, 403, 409, 411, 414, 424, 430, 449, 454, 470, 480, 560, 584, 643, 685, 703, 724, 739, 779, 798, 799, 800, 801, 804, 806, 807, 810, 812, 814, 816, 821, 822, 823, 824, 826, 827, 837, 842, 843, 852, 859, 862, 865, 869, 876, 882, 897, 901, 917, 932]","[31, 142, 147, 180, 338, 352, 367, 387, 403, 405, 408, 410, 455, 465, 466, 468, 470, 472, 473, 483, 484, 514, 613, 618, 651, 794, 807, 837, 852, 854, 858, 861, 902, 912, 913, 915, 917, 919, 920, 931, 934, 935]","[31, 142, 147, 180, 338, 352, 367, 387, 403, 405, 408, 410, 454, 455, 465, 466, 468, 470, 472, 473, 483, 484, 514, 613, 618, 651, 794, 807, 837, 852, 854, 858, 861, 901, 902, 912, 913, 915, 917, 919, 920, 931, 934, 935]","[916, 514, 918, 387, 919, 920, 921, 922, 31, 923, 924, 925, 560, 926, 927, 928, 929, 930, 584, 931, 932, 933, 89, 934, 935, 613, 618, 108, 643, 392, 651, 142, 372, 147, 393, 338, 172, 685, 180, 342, 343, 703, 344, 374, 345, 346, 724, 217, 349, 221, 739, 351, 352, 239, 376, 355, 357, 264, 779, 377, 359, 785, 280, 794, 798, 799, 800, 801, 804, 806, 807, 364, 810, 812, 814, 816, 821, 822, 823, 824, 367, 826, 827, 368, 321, 837, 327, 842, 371, 843, 848, 849, 850, 851, 852, 853, 854, 855, 856, 857, 858, 859, 860, 861, 862, 863, 864, 865, 866, 867, 868, 869, 870, 871, 872, 873, 874, 875, 876, 877, 878, 879, 880, 881, 882, 883, 884, 373, 885, 886, 887, 888, 889, 890, 891, 892, 893, 894, 895, 896, 897, 898, 899, 901, 900, 902, 903, 904, 905, 906, 908, 907, 398, 399, 400, 401, 402, 403, 404, 917, 405, 406, 407, 408, 409, 410, 411, 412, 413, 414, 415, 416, 417, 418, 419, 420, 421, 422, 423, 424, 425, 426, 427, 428, 429, 430, 431, 432, 433, 434, 435, 436, 437, 438, 439, 440, 441, 442, 443, 444, 445, 446, 447, 448, 449, 450, 451, 452, 454, 453, 455, 456, 457, 458, 459, 461, 460, 462, 463, 464, 465, 466, 467, 468, 470, 469, 471, 472, 473, 474, 475, 476, 477, 478, 479, 480, 481, 482, 483, 484, 909, 910, 911, 912, 913, 914, 915]",True,"[454, 901]","[398, 399, 400, 401, 402, 403, 404, 405, 406, 407, 408, 409, 410, 411, 412, 413, 414, 415, 416, 417, 418, 419, 420, 421, 422, 423, 424, 425, 426, 427, 428, 429, 430, 431, 432, 433, 434, 435, 436, 437, 438, 439, 440, 441, 442, 443, 444, 445, 446, 447, 448, 449, 450, 451, 452, 453, 454, 455, 456, 457, 458, 459, 460, 461, 462, 463, 464, 465, 466, 467, 468, 469, 470, 471, 472, 473, 474, 475, 476, 477, 478, 479, 480, 481, 482, 483, 484, 848, 849, 850, 851, 852, 853, 854, 855, 856, 857, 858, 859, 860, 861, 862, 863, 864, 865, 866, 867, 868, 869, 870, 871, 872, 873, 874, 875, 876, 877, 878, 879, 880, 881, 882, 883, 884, 885, 886, 887, 888, 889, 890, 891, 892, 893, 894, 895, 896, 897, 898, 899, 900, 901, 902, 903, 904, 905, 906, 907, 908, 909, 910, 911, 912, 913, 914, 915, 916, 917, 918, 919, 920, 921, 922, 923, 924, 925, 926, 927, 928, 929, 930, 931, 932, 933, 934, 935]","[373, 454, 470, 823, 901, 917]","[327, 461, 470, 785, 908, 917]","[89, 108, 172, 217, 221, 239, 264, 280, 321, 342, 343, 344, 345, 346, 349, 351, 352, 355, 357, 359, 364, 368, 371, 372, 373, 374, 376, 377, 387, 392, 393, 403, 409, 411, 414, 424, 430, 449, 454, 470, 480, 560, 584, 643, 685, 703, 724, 739, 779, 798, 799, 800, 801, 804, 806, 807, 810, 812, 814, 816, 821, 822, 823, 824, 826, 827, 837, 842, 843, 852, 859, 862, 865, 869, 876, 882, 897, 901, 917, 932]","[31, 142, 147, 180, 338, 352, 367, 387, 403, 405, 408, 410, 454, 455, 465, 466, 468, 470, 472, 473, 483, 484, 514, 613, 618, 651, 794, 807, 837, 852, 854, 858, 861, 901, 902, 912, 913, 915, 917, 919, 920, 931, 934, 935]","[31, 142, 147, 180, 338, 352, 367, 387, 403, 405, 408, 410, 455, 465, 466, 468, 470, 472, 473, 483, 484, 514, 613, 618, 651, 794, 807, 837, 852, 854, 858, 861, 902, 912, 913, 915, 917, 919, 920, 931, 934, 935]",7/6 successful match,True,,False,497,False,,1.0,True,Wendover Truck Stop ( Sinclair ),Sinclair
D Wendover ( 84083 ) R Place Truck Plaza ( Shell ),435-665-2635 I-80 Exit 410 ( EB - NV ) / Exit 1 (,) 24 M,Wendover,84083,R Place Truck Plaza ( Shell ),435-665-2635,2014,Wendover,UT,Shell,( EB - NV ) / Exit 1 (,I-80 Exit 410 ,Exit,410,False,,False,I-80,,,,,"[901, 454]","[454, 901]","[373, 454, 470, 823, 901, 917]","[373, 823]","[398, 399, 400, 401, 402, 403, 404, 405, 406, 407, 408, 409, 410, 411, 412, 413, 414, 415, 416, 417, 418, 419, 420, 421, 422, 423, 424, 425, 426, 427, 428, 429, 430, 431, 432, 433, 434, 435, 436, 437, 438, 439, 440, 441, 442, 443, 444, 445, 446, 447, 448, 449, 450, 451, 452, 453, 454, 455, 456, 457, 458, 459, 460, 461, 462, 463, 464, 465, 466, 467, 468, 469, 470, 471, 472, 473, 474, 475, 476, 477, 478, 479, 480, 481, 482, 483, 484, 848, 849, 850, 851, 852, 853, 854, 855, 856, 857, 858, 859, 860, 861, 862, 863, 864, 865, 866, 867, 868, 869, 870, 871, 872, 873, 874, 875, 876, 877, 878, 879, 880, 881, 882, 883, 884, 885, 886, 887, 888, 889, 890, 891, 892, 893, 894, 895, 896, 897, 898, 899, 900, 901, 902, 903, 904, 905, 906, 907, 908, 909, 910, 911, 912, 913, 914, 915, 916, 917, 918, 919, 920, 921, 922, 923, 924, 925, 926, 927, 928, 929, 930, 931, 932, 933, 934, 935]","[89, 108, 172, 217, 221, 239, 264, 280, 321, 342, 343, 344, 345, 346, 349, 351, 352, 355, 357, 359, 364, 368, 371, 372, 373, 374, 376, 377, 387, 392, 393, 403, 409, 411, 414, 424, 430, 449, 454, 470, 480, 560, 584, 643, 685, 703, 724, 739, 779, 798, 799, 800, 801, 804, 806, 807, 810, 812, 814, 816, 821, 822, 823, 824, 826, 827, 837, 842, 843, 852, 859, 862, 865, 869, 876, 882, 897, 901, 917, 932]","[1, 13, 14, 29, 54, 55, 56, 57, 58, 60, 102, 118, 125, 127, 130, 134, 146, 149, 153, 175, 182, 187, 189, 191, 197, 225, 230, 238, 264, 265, 266, 286, 302, 317, 336, 379, 388, 389, 425, 454, 458, 463, 475, 487, 498, 499, 512, 530, 531, 532, 533, 534, 536, 573, 589, 596, 598, 601, 605, 617, 620, 624, 646, 653, 658, 660, 662, 668, 689, 694, 702, 724, 725, 745, 760, 775, 793, 829, 838, 839, 877, 901, 903, 905, 910, 923]","[1, 13, 14, 29, 54, 55, 56, 57, 58, 60, 102, 118, 125, 127, 130, 134, 146, 149, 153, 175, 182, 187, 189, 191, 197, 225, 230, 238, 264, 265, 266, 286, 302, 317, 336, 354, 379, 388, 389, 425, 454, 458, 463, 475, 487, 498, 499, 512, 530, 531, 532, 533, 534, 536, 573, 589, 596, 598, 601, 605, 617, 620, 624, 646, 653, 658, 660, 662, 668, 689, 694, 702, 724, 725, 745, 760, 775, 793, 809, 829, 838, 839, 877, 901, 903, 905, 910, 923]","[1, 13, 14, 29, 54, 55, 56, 57, 58, 60, 89, 102, 108, 118, 125, 127, 130, 134, 146, 149, 153, 172, 175, 182, 187, 189, 191, 197, 217, 221, 225, 230, 238, 239, 264, 265, 266, 280, 286, 302, 317, 321, 336, 342, 343, 344, 345, 346, 349, 351, 352, 354, 355, 357, 359, 364, 368, 371, 372, 373, 374, 376, 377, 379, 387, 388, 389, 392, 393, 398, 399, 400, 401, 402, 403, 404, 405, 406, 407, 408, 409, 410, 411, 412, 413, 414, 415, 416, 417, 418, 419, 420, 421, 422, 423, 424, 425, 426, 427, 428, 429, 430, 431, 432, 433, 434, 435, 436, 437, 438, 439, 440, 441, 442, 443, 444, 445, 446, 447, 448, 449, 450, 451, 452, 453, 454, 455, 456, 457, 458, 459, 460, 461, 462, 463, 464, 465, 466, 467, 468, 469, 470, 471, 472, 473, 474, 475, 476, 477, 478, 479, 480, 481, 482, 483, 484, 487, 498, 499, 512, 530, 531, 532, 533, 534, 536, 560, 573, 584, 589, 596, 598, 601, 605, 617, 620, 624, 643, 646, 653, 658, 660, 662, 668, 685, 689, 694, 702, 703, 724, 725, 739, 745, 760, 775, 779, 793, 798, 799, 800, 801, 804, 806, 807, 809, 810, 812, 814, 816, 821, 822, 823, 824, 826, 827, 829, 837, 838, 839, 842, 843, 848, 849, 850, 851, 852, 853, 854, 855, 856, 857, 858, 859, 860, 861, 862, 863, 864, 865, 866, 867, 868, 869, 870, 871, 872, 873, 874, 875, 876, 877, 878, 879, 880, 881, 882, 883, 884, 885, 886, 887, 888, 889, 890, 891, 892, 893, 894, 895, 896, 897, 898, 899, 900, 901, 902, 903, 904, 905, 906, 907, 908, 909, 910, 911, 912, 913, 914, 915, 916, 917, 918, 919, 920, 921, 922, 923, 924, 925, 926, 927, 928, 929, 930, 931, 932, 933, 934, 935]",True,"[454, 901]","[398, 399, 400, 401, 402, 403, 404, 405, 406, 407, 408, 409, 410, 411, 412, 413, 414, 415, 416, 417, 418, 419, 420, 421, 422, 423, 424, 425, 426, 427, 428, 429, 430, 431, 432, 433, 434, 435, 436, 437, 438, 439, 440, 441, 442, 443, 444, 445, 446, 447, 448, 449, 450, 451, 452, 453, 454, 455, 456, 457, 458, 459, 460, 461, 462, 463, 464, 465, 466, 467, 468, 469, 470, 471, 472, 473, 474, 475, 476, 477, 478, 479, 480, 481, 482, 483, 484, 848, 849, 850, 851, 852, 853, 854, 855, 856, 857, 858, 859, 860, 861, 862, 863, 864, 865, 866, 867, 868, 869, 870, 871, 872, 873, 874, 875, 876, 877, 878, 879, 880, 881, 882, 883, 884, 885, 886, 887, 888, 889, 890, 891, 892, 893, 894, 895, 896, 897, 898, 899, 900, 901, 902, 903, 904, 905, 906, 907, 908, 909, 910, 911, 912, 913, 914, 915, 916, 917, 918, 919, 920, 921, 922, 923, 924, 925, 926, 927, 928, 929, 930, 931, 932, 933, 934, 935]","[373, 454, 470, 823, 901, 917]","[373, 823]","[89, 108, 172, 217, 221, 239, 264, 280, 321, 342, 343, 344, 345, 346, 349, 351, 352, 355, 357, 359, 364, 368, 371, 372, 373, 374, 376, 377, 387, 392, 393, 403, 409, 411, 414, 424, 430, 449, 454, 470, 480, 560, 584, 643, 685, 703, 724, 739, 779, 798, 799, 800, 801, 804, 806, 807, 810, 812, 814, 816, 821, 822, 823, 824, 826, 827, 837, 842, 843, 852, 859, 862, 865, 869, 876, 882, 897, 901, 917, 932]","[1, 13, 14, 29, 54, 55, 56, 57, 58, 60, 102, 118, 125, 127, 130, 134, 146, 149, 153, 175, 182, 187, 189, 191, 197, 225, 230, 238, 264, 265, 266, 286, 302, 317, 336, 354, 379, 388, 389, 425, 454, 458, 463, 475, 487, 498, 499, 512, 530, 531, 532, 533, 534, 536, 573, 589, 596, 598, 601, 605, 617, 620, 624, 646, 653, 658, 660, 662, 668, 689, 694, 702, 724, 725, 745, 760, 775, 793, 809, 829, 838, 839, 877, 901, 903, 905, 910, 923]","[1, 13, 14, 29, 54, 55, 56, 57, 58, 60, 102, 118, 125, 127, 130, 134, 146, 149, 153, 175, 182, 187, 189, 191, 197, 225, 230, 238, 264, 265, 266, 286, 302, 317, 336, 379, 388, 389, 425, 454, 458, 463, 475, 487, 498, 499, 512, 530, 531, 532, 533, 534, 536, 573, 589, 596, 598, 601, 605, 617, 620, 624, 646, 653, 658, 660, 662, 668, 689, 694, 702, 724, 725, 745, 760, 775, 793, 829, 838, 839, 877, 901, 903, 905, 910, 923]",7/6 successful match,True,"[23, 24]",True,498,False,,,,,
Wendover ( 84083 ) R Place Truck Plaza ( Shell ),435-665-2635 I-80 Exit 410 ( EB - NV ) / Exit 1 ( WB - UT ),) 24 M <U+25A1>,Wendover,84083,R Place Truck Plaza ( Shell ),435-665-2635,2015,Wendover,UT,Shell,( EB - NV ) / Exit 1 ( WB - UT ),I-80 Exit 410 ,Exit,410,False,,False,I-80,,,,,"[901, 454]","[454, 901]","[373, 454, 470, 823, 901, 917]","[373, 823]","[398, 399, 400, 401, 402, 403, 404, 405, 406, 407, 408, 409, 410, 411, 412, 413, 414, 415, 416, 417, 418, 419, 420, 421, 422, 423, 424, 425, 426, 427, 428, 429, 430, 431, 432, 433, 434, 435, 436, 437, 438, 439, 440, 441, 442, 443, 444, 445, 446, 447, 448, 449, 450, 451, 452, 453, 454, 455, 456, 457, 458, 459, 460, 461, 462, 463, 464, 465, 466, 467, 468, 469, 470, 471, 472, 473, 474, 475, 476, 477, 478, 479, 480, 481, 482, 483, 484, 848, 849, 850, 851, 852, 853, 854, 855, 856, 857, 858, 859, 860, 861, 862, 863, 864, 865, 866, 867, 868, 869, 870, 871, 872, 873, 874, 875, 876, 877, 878, 879, 880, 881, 882, 883, 884, 885, 886, 887, 888, 889, 890, 891, 892, 893, 894, 895, 896, 897, 898, 899, 900, 901, 902, 903, 904, 905, 906, 907, 908, 909, 910, 911, 912, 913, 914, 915, 916, 917, 918, 919, 920, 921, 922, 923, 924, 925, 926, 927, 928, 929, 930, 931, 932, 933, 934, 935]","[89, 108, 172, 217, 221, 239, 264, 280, 321, 342, 343, 344, 345, 346, 349, 351, 352, 355, 357, 359, 364, 368, 371, 372, 373, 374, 376, 377, 387, 392, 393, 403, 409, 411, 414, 424, 430, 449, 454, 470, 480, 560, 584, 643, 685, 703, 724, 739, 779, 798, 799, 800, 801, 804, 806, 807, 810, 812, 814, 816, 821, 822, 823, 824, 826, 827, 837, 842, 843, 852, 859, 862, 865, 869, 876, 882, 897, 901, 917, 932]","[1, 13, 14, 29, 54, 55, 56, 57, 58, 60, 102, 118, 125, 127, 130, 134, 146, 149, 153, 175, 182, 187, 189, 191, 197, 225, 230, 238, 264, 265, 266, 286, 302, 317, 336, 379, 388, 389, 425, 454, 458, 463, 475, 487, 498, 499, 512, 530, 531, 532, 533, 534, 536, 573, 589, 596, 598, 601, 605, 617, 620, 624, 646, 653, 658, 660, 662, 668, 689, 694, 702, 724, 725, 745, 760, 775, 793, 829, 838, 839, 877, 901, 903, 905, 910, 923]","[1, 13, 14, 29, 54, 55, 56, 57, 58, 60, 102, 118, 125, 127, 130, 134, 146, 149, 153, 175, 182, 187, 189, 191, 197, 225, 230, 238, 264, 265, 266, 286, 302, 317, 336, 354, 379, 388, 389, 425, 454, 458, 463, 475, 487, 498, 499, 512, 530, 531, 532, 533, 534, 536, 573, 589, 596, 598, 601, 605, 617, 620, 624, 646, 653, 658, 660, 662, 668, 689, 694, 702, 724, 725, 745, 760, 775, 793, 809, 829, 838, 839, 877, 901, 903, 905, 910, 923]","[1, 13, 14, 29, 54, 55, 56, 57, 58, 60, 89, 102, 108, 118, 125, 127, 130, 134, 146, 149, 153, 172, 175, 182, 187, 189, 191, 197, 217, 221, 225, 230, 238, 239, 264, 265, 266, 280, 286, 302, 317, 321, 336, 342, 343, 344, 345, 346, 349, 351, 352, 354, 355, 357, 359, 364, 368, 371, 372, 373, 374, 376, 377, 379, 387, 388, 389, 392, 393, 398, 399, 400, 401, 402, 403, 404, 405, 406, 407, 408, 409, 410, 411, 412, 413, 414, 415, 416, 417, 418, 419, 420, 421, 422, 423, 424, 425, 426, 427, 428, 429, 430, 431, 432, 433, 434, 435, 436, 437, 438, 439, 440, 441, 442, 443, 444, 445, 446, 447, 448, 449, 450, 451, 452, 453, 454, 455, 456, 457, 458, 459, 460, 461, 462, 463, 464, 465, 466, 467, 468, 469, 470, 471, 472, 473, 474, 475, 476, 477, 478, 479, 480, 481, 482, 483, 484, 487, 498, 499, 512, 530, 531, 532, 533, 534, 536, 560, 573, 584, 589, 596, 598, 601, 605, 617, 620, 624, 643, 646, 653, 658, 660, 662, 668, 685, 689, 694, 702, 703, 724, 725, 739, 745, 760, 775, 779, 793, 798, 799, 800, 801, 804, 806, 807, 809, 810, 812, 814, 816, 821, 822, 823, 824, 826, 827, 829, 837, 838, 839, 842, 843, 848, 849, 850, 851, 852, 853, 854, 855, 856, 857, 858, 859, 860, 861, 862, 863, 864, 865, 866, 867, 868, 869, 870, 871, 872, 873, 874, 875, 876, 877, 878, 879, 880, 881, 882, 883, 884, 885, 886, 887, 888, 889, 890, 891, 892, 893, 894, 895, 896, 897, 898, 899, 900, 901, 902, 903, 904, 905, 906, 907, 908, 909, 910, 911, 912, 913, 914, 915, 916, 917, 918, 919, 920, 921, 922, 923, 924, 925, 926, 927, 928, 929, 930, 931, 932, 933, 934, 935]",True,"[454, 901]","[398, 399, 400, 401, 402, 403, 404, 405, 406, 407, 408, 409, 410, 411, 412, 413, 414, 415, 416, 417, 418, 419, 420, 421, 422, 423, 424, 425, 426, 427, 428, 429, 430, 431, 432, 433, 434, 435, 436, 437, 438, 439, 440, 441, 442, 443, 444, 445, 446, 447, 448, 449, 450, 451, 452, 453, 454, 455, 456, 457, 458, 459, 460, 461, 462, 463, 464, 465, 466, 467, 468, 469, 470, 471, 472, 473, 474, 475, 476, 477, 478, 479, 480, 481, 482, 483, 484, 848, 849, 850, 851, 852, 853, 854, 855, 856, 857, 858, 859, 860, 861, 862, 863, 864, 865, 866, 867, 868, 869, 870, 871, 872, 873, 874, 875, 876, 877, 878, 879, 880, 881, 882, 883, 884, 885, 886, 887, 888, 889, 890, 891, 892, 893, 894, 895, 896, 897, 898, 899, 900, 901, 902, 903, 904, 905, 906, 907, 908, 909, 910, 911, 912, 913, 914, 915, 916, 917, 918, 919, 920, 921, 922, 923, 924, 925, 926, 927, 928, 929, 930, 931, 932, 933, 934, 935]","[373, 454, 470, 823, 901, 917]","[373, 823]","[89, 108, 172, 217, 221, 239, 264, 280, 321, 342, 343, 344, 345, 346, 349, 351, 352, 355, 357, 359, 364, 368, 371, 372, 373, 374, 376, 377, 387, 392, 393, 403, 409, 411, 414, 424, 430, 449, 454, 470, 480, 560, 584, 643, 685, 703, 724, 739, 779, 798, 799, 800, 801, 804, 806, 807, 810, 812, 814, 816, 821, 822, 823, 824, 826, 827, 837, 842, 843, 852, 859, 862, 865, 869, 876, 882, 897, 901, 917, 932]","[1, 13, 14, 29, 54, 55, 56, 57, 58, 60, 102, 118, 125, 127, 130, 134, 146, 149, 153, 175, 182, 187, 189, 191, 197, 225, 230, 238, 264, 265, 266, 286, 302, 317, 336, 354, 379, 388, 389, 425, 454, 458, 463, 475, 487, 498, 499, 512, 530, 531, 532, 533, 534, 536, 573, 589, 596, 598, 601, 605, 617, 620, 624, 646, 653, 658, 660, 662, 668, 689, 694, 702, 724, 725, 745, 760, 775, 793, 809, 829, 838, 839, 877, 901, 903, 905, 910, 923]","[1, 13, 14, 29, 54, 55, 56, 57, 58, 60, 102, 118, 125, 127, 130, 134, 146, 149, 153, 175, 182, 187, 189, 191, 197, 225, 230, 238, 264, 265, 266, 286, 302, 317, 336, 379, 388, 389, 425, 454, 458, 463, 475, 487, 498, 499, 512, 530, 531, 532, 533, 534, 536, 573, 589, 596, 598, 601, 605, 617, 620, 624, 646, 653, 658, 660, 662, 668, 689, 694, 702, 724, 725, 745, 760, 775, 793, 829, 838, 839, 877, 901, 903, 905, 910, 923]",7/6 successful match,True,"[23, 24]",True,498,False,,1.0,True,R Place Truck Plaza ( Shell ),Shell
Wendover ( 84083 ) R Place Truck Plaza ( Shell ),435-665-2635 I-80 Exit 410 ( EB - NV ) / Exit 1 ( WB - UT ),) 2.4 M O CO,Wendover,84083,R Place Truck Plaza ( Shell ),435-665-2635,2016,Wendover,UT,Shell,( EB - NV ) / Exit 1 ( WB - UT ),I-80 Exit 410 ,Exit,410,False,,False,I-80,,,,,"[901, 454]","[454, 901]","[373, 454, 470, 823, 901, 917]","[373, 823]","[398, 399, 400, 401, 402, 403, 404, 405, 406, 407, 408, 409, 410, 411, 412, 413, 414, 415, 416, 417, 418, 419, 420, 421, 422, 423, 424, 425, 426, 427, 428, 429, 430, 431, 432, 433, 434, 435, 436, 437, 438, 439, 440, 441, 442, 443, 444, 445, 446, 447, 448, 449, 450, 451, 452, 453, 454, 455, 456, 457, 458, 459, 460, 461, 462, 463, 464, 465, 466, 467, 468, 469, 470, 471, 472, 473, 474, 475, 476, 477, 478, 479, 480, 481, 482, 483, 484, 848, 849, 850, 851, 852, 853, 854, 855, 856, 857, 858, 859, 860, 861, 862, 863, 864, 865, 866, 867, 868, 869, 870, 871, 872, 873, 874, 875, 876, 877, 878, 879, 880, 881, 882, 883, 884, 885, 886, 887, 888, 889, 890, 891, 892, 893, 894, 895, 896, 897, 898, 899, 900, 901, 902, 903, 904, 905, 906, 907, 908, 909, 910, 911, 912, 913, 914, 915, 916, 917, 918, 919, 920, 921, 922, 923, 924, 925, 926, 927, 928, 929, 930, 931, 932, 933, 934, 935]","[89, 108, 172, 217, 221, 239, 264, 280, 321, 342, 343, 344, 345, 346, 349, 351, 352, 355, 357, 359, 364, 368, 371, 372, 373, 374, 376, 377, 387, 392, 393, 403, 409, 411, 414, 424, 430, 449, 454, 470, 480, 560, 584, 643, 685, 703, 724, 739, 779, 798, 799, 800, 801, 804, 806, 807, 810, 812, 814, 816, 821, 822, 823, 824, 826, 827, 837, 842, 843, 852, 859, 862, 865, 869, 876, 882, 897, 901, 917, 932]","[1, 13, 14, 29, 54, 55, 56, 57, 58, 60, 102, 118, 125, 127, 130, 134, 146, 149, 153, 175, 182, 187, 189, 191, 197, 225, 230, 238, 264, 265, 266, 286, 302, 317, 336, 379, 388, 389, 425, 454, 458, 463, 475, 487, 498, 499, 512, 530, 531, 532, 533, 534, 536, 573, 589, 596, 598, 601, 605, 617, 620, 624, 646, 653, 658, 660, 662, 668, 689, 694, 702, 724, 725, 745, 760, 775, 793, 829, 838, 839, 877, 901, 903, 905, 910, 923]","[1, 13, 14, 29, 54, 55, 56, 57, 58, 60, 102, 118, 125, 127, 130, 134, 146, 149, 153, 175, 182, 187, 189, 191, 197, 225, 230, 238, 264, 265, 266, 286, 302, 317, 336, 354, 379, 388, 389, 425, 454, 458, 463, 475, 487, 498, 499, 512, 530, 531, 532, 533, 534, 536, 573, 589, 596, 598, 601, 605, 617, 620, 624, 646, 653, 658, 660, 662, 668, 689, 694, 702, 724, 725, 745, 760, 775, 793, 809, 829, 838, 839, 877, 901, 903, 905, 910, 923]","[1, 13, 14, 29, 54, 55, 56, 57, 58, 60, 89, 102, 108, 118, 125, 127, 130, 134, 146, 149, 153, 172, 175, 182, 187, 189, 191, 197, 217, 221, 225, 230, 238, 239, 264, 265, 266, 280, 286, 302, 317, 321, 336, 342, 343, 344, 345, 346, 349, 351, 352, 354, 355, 357, 359, 364, 368, 371, 372, 373, 374, 376, 377, 379, 387, 388, 389, 392, 393, 398, 399, 400, 401, 402, 403, 404, 405, 406, 407, 408, 409, 410, 411, 412, 413, 414, 415, 416, 417, 418, 419, 420, 421, 422, 423, 424, 425, 426, 427, 428, 429, 430, 431, 432, 433, 434, 435, 436, 437, 438, 439, 440, 441, 442, 443, 444, 445, 446, 447, 448, 449, 450, 451, 452, 453, 454, 455, 456, 457, 458, 459, 460, 461, 462, 463, 464, 465, 466, 467, 468, 469, 470, 471, 472, 473, 474, 475, 476, 477, 478, 479, 480, 481, 482, 483, 484, 487, 498, 499, 512, 530, 531, 532, 533, 534, 536, 560, 573, 584, 589, 596, 598, 601, 605, 617, 620, 624, 643, 646, 653, 658, 660, 662, 668, 685, 689, 694, 702, 703, 724, 725, 739, 745, 760, 775, 779, 793, 798, 799, 800, 801, 804, 806, 807, 809, 810, 812, 814, 816, 821, 822, 823, 824, 826, 827, 829, 837, 838, 839, 842, 843, 848, 849, 850, 851, 852, 853, 854, 855, 856, 857, 858, 859, 860, 861, 862, 863, 864, 865, 866, 867, 868, 869, 870, 871, 872, 873, 874, 875, 876, 877, 878, 879, 880, 881, 882, 883, 884, 885, 886, 887, 888, 889, 890, 891, 892, 893, 894, 895, 896, 897, 898, 899, 900, 901, 902, 903, 904, 905, 906, 907, 908, 909, 910, 911, 912, 913, 914, 915, 916, 917, 918, 919, 920, 921, 922, 923, 924, 925, 926, 927, 928, 929, 930, 931, 932, 933, 934, 935]",True,"[454, 901]","[398, 399, 400, 401, 402, 403, 404, 405, 406, 407, 408, 409, 410, 411, 412, 413, 414, 415, 416, 417, 418, 419, 420, 421, 422, 423, 424, 425, 426, 427, 428, 429, 430, 431, 432, 433, 434, 435, 436, 437, 438, 439, 440, 441, 442, 443, 444, 445, 446, 447, 448, 449, 450, 451, 452, 453, 454, 455, 456, 457, 458, 459, 460, 461, 462, 463, 464, 465, 466, 467, 468, 469, 470, 471, 472, 473, 474, 475, 476, 477, 478, 479, 480, 481, 482, 483, 484, 848, 849, 850, 851, 852, 853, 854, 855, 856, 857, 858, 859, 860, 861, 862, 863, 864, 865, 866, 867, 868, 869, 870, 871, 872, 873, 874, 875, 876, 877, 878, 879, 880, 881, 882, 883, 884, 885, 886, 887, 888, 889, 890, 891, 892, 893, 894, 895, 896, 897, 898, 899, 900, 901, 902, 903, 904, 905, 906, 907, 908, 909, 910, 911, 912, 913, 914, 915, 916, 917, 918, 919, 920, 921, 922, 923, 924, 925, 926, 927, 928, 929, 930, 931, 932, 933, 934, 935]","[373, 454, 470, 823, 901, 917]","[373, 823]","[89, 108, 172, 217, 221, 239, 264, 280, 321, 342, 343, 344, 345, 346, 349, 351, 352, 355, 357, 359, 364, 368, 371, 372, 373, 374, 376, 377, 387, 392, 393, 403, 409, 411, 414, 424, 430, 449, 454, 470, 480, 560, 584, 643, 685, 703, 724, 739, 779, 798, 799, 800, 801, 804, 806, 807, 810, 812, 814, 816, 821, 822, 823, 824, 826, 827, 837, 842, 843, 852, 859, 862, 865, 869, 876, 882, 897, 901, 917, 932]","[1, 13, 14, 29, 54, 55, 56, 57, 58, 60, 102, 118, 125, 127, 130, 134, 146, 149, 153, 175, 182, 187, 189, 191, 197, 225, 230, 238, 264, 265, 266, 286, 302, 317, 336, 354, 379, 388, 389, 425, 454, 458, 463, 475, 487, 498, 499, 512, 530, 531, 532, 533, 534, 536, 573, 589, 596, 598, 601, 605, 617, 620, 624, 646, 653, 658, 660, 662, 668, 689, 694, 702, 724, 725, 745, 760, 775, 793, 809, 829, 838, 839, 877, 901, 903, 905, 910, 923]","[1, 13, 14, 29, 54, 55, 56, 57, 58, 60, 102, 118, 125, 127, 130, 134, 146, 149, 153, 175, 182, 187, 189, 191, 197, 225, 230, 238, 264, 265, 266, 286, 302, 317, 336, 379, 388, 389, 425, 454, 458, 463, 475, 487, 498, 499, 512, 530, 531, 532, 533, 534, 536, 573, 589, 596, 598, 601, 605, 617, 620, 624, 646, 653, 658, 660, 662, 668, 689, 694, 702, 724, 725, 745, 760, 775, 793, 829, 838, 839, 877, 901, 903, 905, 910, 923]",7/6 successful match,True,"[23, 24]",True,498,False,,1.0,True,R Place Truck Plaza ( Shell ),Shell
"Wendover , 84083 Wendover Truck Stop ( Sinclair",435-665-2929 I-80 Exit 4 ),FORS 24 S <U+25A1> <U+2610>,Wendover,84083,Wendover Truck Stop ( Sinclair,435-665-2929,2008,Wendover,UT,Sinclair,,I-80 Exit 4 ,Exit,4,False,,False,I-80,,,,,[],"[454, 901]","[373, 454, 470, 823, 901, 917]","[327, 461, 470, 785, 908, 917]","[398, 399, 400, 401, 402, 403, 404, 405, 406, 407, 408, 409, 410, 411, 412, 413, 414, 415, 416, 417, 418, 419, 420, 421, 422, 423, 424, 425, 426, 427, 428, 429, 430, 431, 432, 433, 434, 435, 436, 437, 438, 439, 440, 441, 442, 443, 444, 445, 446, 447, 448, 449, 450, 451, 452, 453, 454, 455, 456, 457, 458, 459, 460, 461, 462, 463, 464, 465, 466, 467, 468, 469, 470, 471, 472, 473, 474, 475, 476, 477, 478, 479, 480, 481, 482, 483, 484, 848, 849, 850, 851, 852, 853, 854, 855, 856, 857, 858, 859, 860, 861, 862, 863, 864, 865, 866, 867, 868, 869, 870, 871, 872, 873, 874, 875, 876, 877, 878, 879, 880, 881, 882, 883, 884, 885, 886, 887, 888, 889, 890, 891, 892, 893, 894, 895, 896, 897, 898, 899, 900, 901, 902, 903, 904, 905, 906, 907, 908, 909, 910, 911, 912, 913, 914, 915, 916, 917, 918, 919, 920, 921, 922, 923, 924, 925, 926, 927, 928, 929, 930, 931, 932, 933, 934, 935]","[89, 108, 172, 217, 221, 239, 264, 280, 321, 342, 343, 344, 345, 346, 349, 351, 352, 355, 357, 359, 364, 368, 371, 372, 373, 374, 376, 377, 387, 392, 393, 403, 409, 411, 414, 424, 430, 449, 454, 470, 480, 560, 584, 643, 685, 703, 724, 739, 779, 798, 799, 800, 801, 804, 806, 807, 810, 812, 814, 816, 821, 822, 823, 824, 826, 827, 837, 842, 843, 852, 859, 862, 865, 869, 876, 882, 897, 901, 917, 932]","[31, 142, 147, 180, 338, 352, 367, 387, 403, 405, 408, 410, 455, 465, 466, 468, 470, 472, 473, 483, 484, 514, 613, 618, 651, 794, 807, 837, 852, 854, 858, 861, 902, 912, 913, 915, 917, 919, 920, 931, 934, 935]","[31, 142, 147, 180, 338, 352, 367, 387, 403, 405, 408, 410, 454, 455, 465, 466, 468, 470, 472, 473, 483, 484, 514, 613, 618, 651, 794, 807, 837, 852, 854, 858, 861, 901, 902, 912, 913, 915, 917, 919, 920, 931, 934, 935]","[916, 514, 918, 387, 919, 920, 921, 922, 31, 923, 924, 925, 560, 926, 927, 928, 929, 930, 584, 931, 932, 933, 89, 934, 935, 613, 618, 108, 643, 392, 651, 142, 372, 147, 393, 338, 172, 685, 180, 342, 343, 703, 344, 374, 345, 346, 724, 217, 349, 221, 739, 351, 352, 239, 376, 355, 357, 264, 779, 377, 359, 785, 280, 794, 798, 799, 800, 801, 804, 806, 807, 364, 810, 812, 814, 816, 821, 822, 823, 824, 367, 826, 827, 368, 321, 837, 327, 842, 371, 843, 848, 849, 850, 851, 852, 853, 854, 855, 856, 857, 858, 859, 860, 861, 862, 863, 864, 865, 866, 867, 868, 869, 870, 871, 872, 873, 874, 875, 876, 877, 878, 879, 880, 881, 882, 883, 884, 373, 885, 886, 887, 888, 889, 890, 891, 892, 893, 894, 895, 896, 897, 898, 899, 901, 900, 902, 903, 904, 905, 906, 908, 907, 398, 399, 400, 401, 402, 403, 404, 917, 405, 406, 407, 408, 409, 410, 411, 412, 413, 414, 415, 416, 417, 418, 419, 420, 421, 422, 423, 424, 425, 426, 427, 428, 429, 430, 431, 432, 433, 434, 435, 436, 437, 438, 439, 440, 441, 442, 443, 444, 445, 446, 447, 448, 449, 450, 451, 452, 454, 453, 455, 456, 457, 458, 459, 461, 460, 462, 463, 464, 465, 466, 467, 468, 470, 469, 471, 472, 473, 474, 475, 476, 477, 478, 479, 480, 481, 482, 483, 484, 909, 910, 911, 912, 913, 914, 915]",False,"[454, 901]","[398, 399, 400, 401, 402, 403, 404, 405, 406, 407, 408, 409, 410, 411, 412, 413, 414, 415, 416, 417, 418, 419, 420, 421, 422, 423, 424, 425, 426, 427, 428, 429, 430, 431, 432, 433, 434, 435, 436, 437, 438, 439, 440, 441, 442, 443, 444, 445, 446, 447, 448, 449, 450, 451, 452, 453, 454, 455, 456, 457, 458, 459, 460, 461, 462, 463, 464, 465, 466, 467, 468, 469, 470, 471, 472, 473, 474, 475, 476, 477, 478, 479, 480, 481, 482, 483, 484, 848, 849, 850, 851, 852, 853, 854, 855, 856, 857, 858, 859, 860, 861, 862, 863, 864, 865, 866, 867, 868, 869, 870, 871, 872, 873, 874, 875, 876, 877, 878, 879, 880, 881, 882, 883, 884, 885, 886, 887, 888, 889, 890, 891, 892, 893, 894, 895, 896, 897, 898, 899, 900, 901, 902, 903, 904, 905, 906, 907, 908, 909, 910, 911, 912, 913, 914, 915, 916, 917, 918, 919, 920, 921, 922, 923, 924, 925, 926, 927, 928, 929, 930, 931, 932, 933, 934, 935]","[373, 454, 470, 823, 901, 917]","[327, 461, 470, 785, 908, 917]","[89, 108, 172, 217, 221, 239, 264, 280, 321, 342, 343, 344, 345, 346, 349, 351, 352, 355, 357, 359, 364, 368, 371, 372, 373, 374, 376, 377, 387, 392, 393, 403, 409, 411, 414, 424, 430, 449, 454, 470, 480, 560, 584, 643, 685, 703, 724, 739, 779, 798, 799, 800, 801, 804, 806, 807, 810, 812, 814, 816, 821, 822, 823, 824, 826, 827, 837, 842, 843, 852, 859, 862, 865, 869, 876, 882, 897, 901, 917, 932]","[31, 142, 147, 180, 338, 352, 367, 387, 403, 405, 408, 410, 454, 455, 465, 466, 468, 470, 472, 473, 483, 484, 514, 613, 618, 651, 794, 807, 837, 852, 854, 858, 861, 901, 902, 912, 913, 915, 917, 919, 920, 931, 934, 935]","[31, 142, 147, 180, 338, 352, 367, 387, 403, 405, 408, 410, 455, 465, 466, 468, 470, 472, 473, 483, 484, 514, 613, 618, 651, 794, 807, 837, 852, 854, 858, 861, 902, 912, 913, 915, 917, 919, 920, 931, 934, 935]",7/6 successful match,False,[541],True,499,False,,,,,
Salt Lake City ( West ) ( 84104 ) Maverick Store,801-975-6527 I-80 Exit 115 ( UT 154 S to California E ),) 24 ZE <U+2610>,Salt Lake City,84104,Maverick Store,801-975-6527,2014,Salt Lake City,UT,,( UT 154 S to California E ),I-80 Exit 115 ,Exit,115,False,,False,I-80,,,,,"[449, 897]","[448, 449, 468, 860, 897, 915]","[43, 66, 71, 104, 411, 414, 417, 420, 430, 441, 446, 448, 449, 450, 468, 523, 541, 546, 575, 860, 862, 865, 868, 869, 872, 882, 896, 897, 915]","[25, 39, 230, 284, 299, 449, 486, 520, 694, 743, 758, 897]","[398, 399, 400, 401, 402, 403, 404, 405, 406, 407, 408, 409, 410, 411, 412, 413, 414, 415, 416, 417, 418, 419, 420, 421, 422, 423, 424, 425, 426, 427, 428, 429, 430, 431, 432, 433, 434, 435, 436, 437, 438, 439, 440, 441, 442, 443, 444, 445, 446, 447, 448, 449, 450, 451, 452, 453, 454, 455, 456, 457, 458, 459, 460, 461, 462, 463, 464, 465, 466, 467, 468, 469, 470, 471, 472, 473, 474, 475, 476, 477, 478, 479, 480, 481, 482, 483, 484, 848, 849, 850, 851, 852, 853, 854, 855, 856, 857, 858, 859, 860, 861, 862, 863, 864, 865, 866, 867, 868, 869, 870, 871, 872, 873, 874, 875, 876, 877, 878, 879, 880, 881, 882, 883, 884, 885, 886, 887, 888, 889, 890, 891, 892, 893, 894, 895, 896, 897, 898, 899, 900, 901, 902, 903, 904, 905, 906, 907, 908, 909, 910, 911, 912, 913, 914, 915, 916, 917, 918, 919, 920, 921, 922, 923, 924, 925, 926, 927, 928, 929, 930, 931, 932, 933, 934, 935]","[89, 108, 172, 217, 221, 239, 264, 280, 321, 342, 343, 344, 345, 346, 349, 351, 352, 355, 357, 359, 364, 368, 371, 372, 373, 374, 376, 377, 387, 392, 393, 403, 409, 411, 414, 424, 430, 449, 454, 470, 480, 560, 584, 643, 685, 703, 724, 739, 779, 798, 799, 800, 801, 804, 806, 807, 810, 812, 814, 816, 821, 822, 823, 824, 826, 827, 837, 842, 843, 852, 859, 862, 865, 869, 876, 882, 897, 901, 917, 932]",[],"[438, 889]","[916, 917, 520, 523, 918, 387, 919, 920, 25, 921, 541, 922, 546, 923, 39, 924, 43, 925, 560, 926, 927, 928, 575, 66, 929, 71, 930, 584, 931, 932, 933, 89, 934, 935, 104, 108, 643, 392, 372, 393, 373, 172, 685, 694, 342, 343, 703, 344, 374, 345, 346, 724, 217, 349, 221, 739, 230, 743, 351, 352, 239, 376, 758, 355, 357, 264, 779, 377, 359, 280, 284, 798, 799, 800, 801, 804, 806, 807, 364, 810, 299, 812, 814, 816, 821, 822, 823, 824, 826, 827, 368, 321, 837, 842, 371, 843, 848, 849, 850, 851, 852, 853, 854, 855, 856, 857, 858, 859, 860, 861, 862, 863, 864, 865, 866, 867, 868, 869, 870, 871, 872, 873, 874, 875, 876, 877, 878, 879, 880, 881, 882, 883, 884, 885, 886, 887, 888, 889, 890, 891, 892, 893, 894, 895, 896, 897, 898, 899, 900, 901, 902, 903, 904, 905, 906, 907, 908, 909, 398, 399, 400, 401, 402, 915, 403, 404, 405, 406, 407, 408, 409, 411, 410, 412, 414, 413, 415, 417, 416, 418, 420, 419, 421, 422, 423, 424, 425, 426, 427, 428, 430, 431, 432, 433, 434, 435, 436, 429, 438, 439, 440, 441, 437, 442, 443, 444, 446, 445, 448, 449, 450, 447, 451, 452, 453, 454, 455, 456, 457, 458, 459, 460, 461, 462, 463, 464, 465, 466, 468, 467, 469, 470, 471, 472, 473, 474, 475, 476, 477, 478, 479, 480, 481, 482, 483, 484, 486, 910, 911, 912, 913, 914]",True,"[448, 449, 468, 860, 897, 915]","[398, 399, 400, 401, 402, 403, 404, 405, 406, 407, 408, 409, 410, 411, 412, 413, 414, 415, 416, 417, 418, 419, 420, 421, 422, 423, 424, 425, 426, 427, 428, 429, 430, 431, 432, 433, 434, 435, 436, 437, 438, 439, 440, 441, 442, 443, 444, 445, 446, 447, 448, 449, 450, 451, 452, 453, 454, 455, 456, 457, 458, 459, 460, 461, 462, 463, 464, 465, 466, 467, 468, 469, 470, 471, 472, 473, 474, 475, 476, 477, 478, 479, 480, 481, 482, 483, 484, 848, 849, 850, 851, 852, 853, 854, 855, 856, 857, 858, 859, 860, 861, 862, 863, 864, 865, 866, 867, 868, 869, 870, 871, 872, 873, 874, 875, 876, 877, 878, 879, 880, 881, 882, 883, 884, 885, 886, 887, 888, 889, 890, 891, 892, 893, 894, 895, 896, 897, 898, 899, 900, 901, 902, 903, 904, 905, 906, 907, 908, 909, 910, 911, 912, 913, 914, 915, 916, 917, 918, 919, 920, 921, 922, 923, 924, 925, 926, 927, 928, 929, 930, 931, 932, 933, 934, 935]","[43, 66, 71, 104, 411, 414, 417, 420, 430, 441, 446, 448, 449, 450, 468, 523, 541, 546, 575, 860, 862, 865, 868, 869, 872, 882, 896, 897, 915]","[25, 39, 230, 284, 299, 449, 486, 520, 694, 743, 758, 897]","[89, 108, 172, 217, 221, 239, 264, 280, 321, 342, 343, 344, 345, 346, 349, 351, 352, 355, 357, 359, 364, 368, 371, 372, 373, 374, 376, 377, 387, 392, 393, 403, 409, 411, 414, 424, 430, 449, 454, 470, 480, 560, 584, 643, 685, 703, 724, 739, 779, 798, 799, 800, 801, 804, 806, 807, 810, 812, 814, 816, 821, 822, 823, 824, 826, 827, 837, 842, 843, 852, 859, 862, 865, 869, 876, 882, 897, 901, 917, 932]","[438, 889]",[],5/6 successful match,True,"[653, 654]",True,499,False,,0.22727272727272727,True,Wendover Truck Stop ( Sinclair,Sinclair
Salt Lake City ( W ) ( 84104 ) Maverick # 474,3 801-975-6527 I-80 Exit 115 ( UT 154 S to California E ),24 <U+25A1>,Salt Lake City,84104,Maverick # 474,801-975-6527,2015,Salt Lake City,UT,,( UT 154 S to California E ),I-80 Exit 115 ,Exit,115,False,,False,I-80,,,,,"[449, 897]","[448, 449, 468, 860, 897, 915]","[43, 66, 71, 104, 411, 414, 417, 420, 430, 441, 446, 448, 449, 450, 468, 523, 541, 546, 575, 860, 862, 865, 868, 869, 872, 882, 896, 897, 915]","[25, 39, 230, 284, 299, 449, 486, 520, 694, 743, 758, 897]","[398, 399, 400, 401, 402, 403, 404, 405, 406, 407, 408, 409, 410, 411, 412, 413, 414, 415, 416, 417, 418, 419, 420, 421, 422, 423, 424, 425, 426, 427, 428, 429, 430, 431, 432, 433, 434, 435, 436, 437, 438, 439, 440, 441, 442, 443, 444, 445, 446, 447, 448, 449, 450, 451, 452, 453, 454, 455, 456, 457, 458, 459, 460, 461, 462, 463, 464, 465, 466, 467, 468, 469, 470, 471, 472, 473, 474, 475, 476, 477, 478, 479, 480, 481, 482, 483, 484, 848, 849, 850, 851, 852, 853, 854, 855, 856, 857, 858, 859, 860, 861, 862, 863, 864, 865, 866, 867, 868, 869, 870, 871, 872, 873, 874, 875, 876, 877, 878, 879, 880, 881, 882, 883, 884, 885, 886, 887, 888, 889, 890, 891, 892, 893, 894, 895, 896, 897, 898, 899, 900, 901, 902, 903, 904, 905, 906, 907, 908, 909, 910, 911, 912, 913, 914, 915, 916, 917, 918, 919, 920, 921, 922, 923, 924, 925, 926, 927, 928, 929, 930, 931, 932, 933, 934, 935]","[89, 108, 172, 217, 221, 239, 264, 280, 321, 342, 343, 344, 345, 346, 349, 351, 352, 355, 357, 359, 364, 368, 371, 372, 373, 374, 376, 377, 387, 392, 393, 403, 409, 411, 414, 424, 430, 449, 454, 470, 480, 560, 584, 643, 685, 703, 724, 739, 779, 798, 799, 800, 801, 804, 806, 807, 810, 812, 814, 816, 821, 822, 823, 824, 826, 827, 837, 842, 843, 852, 859, 862, 865, 869, 876, 882, 897, 901, 917, 932]",[],"[438, 889]","[916, 917, 520, 523, 918, 387, 919, 920, 25, 921, 541, 922, 546, 923, 39, 924, 43, 925, 560, 926, 927, 928, 575, 66, 929, 71, 930, 584, 931, 932, 933, 89, 934, 935, 104, 108, 643, 392, 372, 393, 373, 172, 685, 694, 342, 343, 703, 344, 374, 345, 346, 724, 217, 349, 221, 739, 230, 743, 351, 352, 239, 376, 758, 355, 357, 264, 779, 377, 359, 280, 284, 798, 799, 800, 801, 804, 806, 807, 364, 810, 299, 812, 814, 816, 821, 822, 823, 824, 826, 827, 368, 321, 837, 842, 371, 843, 848, 849, 850, 851, 852, 853, 854, 855, 856, 857, 858, 859, 860, 861, 862, 863, 864, 865, 866, 867, 868, 869, 870, 871, 872, 873, 874, 875, 876, 877, 878, 879, 880, 881, 882, 883, 884, 885, 886, 887, 888, 889, 890, 891, 892, 893, 894, 895, 896, 897, 898, 899, 900, 901, 902, 903, 904, 905, 906, 907, 908, 909, 398, 399, 400, 401, 402, 915, 403, 404, 405, 406, 407, 408, 409, 411, 410, 412, 414, 413, 415, 417, 416, 418, 420, 419, 421, 422, 423, 424, 425, 426, 427, 428, 430, 431, 432, 433, 434, 435, 436, 429, 438, 439, 440, 441, 437, 442, 443, 444, 446, 445, 448, 449, 450, 447, 451, 452, 453, 454, 455, 456, 457, 458, 459, 460, 461, 462, 463, 464, 465, 466, 468, 467, 469, 470, 471, 472, 473, 474, 475, 476, 477, 478, 479, 480, 481, 482, 483, 484, 486, 910, 911, 912, 913, 914]",True,"[448, 449, 468, 860, 897, 915]","[398, 399, 400, 401, 402, 403, 404, 405, 406, 407, 408, 409, 410, 411, 412, 413, 414, 415, 416, 417, 418, 419, 420, 421, 422, 423, 424, 425, 426, 427, 428, 429, 430, 431, 432, 433, 434, 435, 436, 437, 438, 439, 440, 441, 442, 443, 444, 445, 446, 447, 448, 449, 450, 451, 452, 453, 454, 455, 456, 457, 458, 459, 460, 461, 462, 463, 464, 465, 466, 467, 468, 469, 470, 471, 472, 473, 474, 475, 476, 477, 478, 479, 480, 481, 482, 483, 484, 848, 849, 850, 851, 852, 853, 854, 855, 856, 857, 858, 859, 860, 861, 862, 863, 864, 865, 866, 867, 868, 869, 870, 871, 872, 873, 874, 875, 876, 877, 878, 879, 880, 881, 882, 883, 884, 885, 886, 887, 888, 889, 890, 891, 892, 893, 894, 895, 896, 897, 898, 899, 900, 901, 902, 903, 904, 905, 906, 907, 908, 909, 910, 911, 912, 913, 914, 915, 916, 917, 918, 919, 920, 921, 922, 923, 924, 925, 926, 927, 928, 929, 930, 931, 932, 933, 934, 935]","[43, 66, 71, 104, 411, 414, 417, 420, 430, 441, 446, 448, 449, 450, 468, 523, 541, 546, 575, 860, 862, 865, 868, 869, 872, 882, 896, 897, 915]","[25, 39, 230, 284, 299, 449, 486, 520, 694, 743, 758, 897]","[89, 108, 172, 217, 221, 239, 264, 280, 321, 342, 343, 344, 345, 346, 349, 351, 352, 355, 357, 359, 364, 368, 371, 372, 373, 374, 376, 377, 387, 392, 393, 403, 409, 411, 414, 424, 430, 449, 454, 470, 480, 560, 584, 643, 685, 703, 724, 739, 779, 798, 799, 800, 801, 804, 806, 807, 810, 812, 814, 816, 821, 822, 823, 824, 826, 827, 837, 842, 843, 852, 859, 862, 865, 869, 876, 882, 897, 901, 917, 932]","[438, 889]",[],5/6 successful match,True,"[653, 654]",True,499,False,,0.5261904761904762,True,Maverick Store,
D Salt Lake City ( W ) ( 84104 ) Maverick # 474,801-975-6527 I-80 Exit 115 ( UT 154 S to California E ),24,Salt Lake City,84104,Maverick # 474,801-975-6527,2016,Salt Lake City,UT,,( UT 154 S to California E ),I-80 Exit 115 ,Exit,115,False,,False,I-80,,,,,"[449, 897]","[448, 449, 468, 860, 897, 915]","[43, 66, 71, 104, 411, 414, 417, 420, 430, 441, 446, 448, 449, 450, 468, 523, 541, 546, 575, 860, 862, 865, 868, 869, 872, 882, 896, 897, 915]","[25, 39, 230, 284, 299, 449, 486, 520, 694, 743, 758, 897]","[398, 399, 400, 401, 402, 403, 404, 405, 406, 407, 408, 409, 410, 411, 412, 413, 414, 415, 416, 417, 418, 419, 420, 421, 422, 423, 424, 425, 426, 427, 428, 429, 430, 431, 432, 433, 434, 435, 436, 437, 438, 439, 440, 441, 442, 443, 444, 445, 446, 447, 448, 449, 450, 451, 452, 453, 454, 455, 456, 457, 458, 459, 460, 461, 462, 463, 464, 465, 466, 467, 468, 469, 470, 471, 472, 473, 474, 475, 476, 477, 478, 479, 480, 481, 482, 483, 484, 848, 849, 850, 851, 852, 853, 854, 855, 856, 857, 858, 859, 860, 861, 862, 863, 864, 865, 866, 867, 868, 869, 870, 871, 872, 873, 874, 875, 876, 877, 878, 879, 880, 881, 882, 883, 884, 885, 886, 887, 888, 889, 890, 891, 892, 893, 894, 895, 896, 897, 898, 899, 900, 901, 902, 903, 904, 905, 906, 907, 908, 909, 910, 911, 912, 913, 914, 915, 916, 917, 918, 919, 920, 921, 922, 923, 924, 925, 926, 927, 928, 929, 930, 931, 932, 933, 934, 935]","[89, 108, 172, 217, 221, 239, 264, 280, 321, 342, 343, 344, 345, 346, 349, 351, 352, 355, 357, 359, 364, 368, 371, 372, 373, 374, 376, 377, 387, 392, 393, 403, 409, 411, 414, 424, 430, 449, 454, 470, 480, 560, 584, 643, 685, 703, 724, 739, 779, 798, 799, 800, 801, 804, 806, 807, 810, 812, 814, 816, 821, 822, 823, 824, 826, 827, 837, 842, 843, 852, 859, 862, 865, 869, 876, 882, 897, 901, 917, 932]",[],"[438, 889]","[916, 917, 520, 523, 918, 387, 919, 920, 25, 921, 541, 922, 546, 923, 39, 924, 43, 925, 560, 926, 927, 928, 575, 66, 929, 71, 930, 584, 931, 932, 933, 89, 934, 935, 104, 108, 643, 392, 372, 393, 373, 172, 685, 694, 342, 343, 703, 344, 374, 345, 346, 724, 217, 349, 221, 739, 230, 743, 351, 352, 239, 376, 758, 355, 357, 264, 779, 377, 359, 280, 284, 798, 799, 800, 801, 804, 806, 807, 364, 810, 299, 812, 814, 816, 821, 822, 823, 824, 826, 827, 368, 321, 837, 842, 371, 843, 848, 849, 850, 851, 852, 853, 854, 855, 856, 857, 858, 859, 860, 861, 862, 863, 864, 865, 866, 867, 868, 869, 870, 871, 872, 873, 874, 875, 876, 877, 878, 879, 880, 881, 882, 883, 884, 885, 886, 887, 888, 889, 890, 891, 892, 893, 894, 895, 896, 897, 898, 899, 900, 901, 902, 903, 904, 905, 906, 907, 908, 909, 398, 399, 400, 401, 402, 915, 403, 404, 405, 406, 407, 408, 409, 411, 410, 412, 414, 413, 415, 417, 416, 418, 420, 419, 421, 422, 423, 424, 425, 426, 427, 428, 430, 431, 432, 433, 434, 435, 436, 429, 438, 439, 440, 441, 437, 442, 443, 444, 446, 445, 448, 449, 450, 447, 451, 452, 453, 454, 455, 456, 457, 458, 459, 460, 461, 462, 463, 464, 465, 466, 468, 467, 469, 470, 471, 472, 473, 474, 475, 476, 477, 478, 479, 480, 481, 482, 483, 484, 486, 910, 911, 912, 913, 914]",True,"[448, 449, 468, 860, 897, 915]","[398, 399, 400, 401, 402, 403, 404, 405, 406, 407, 408, 409, 410, 411, 412, 413, 414, 415, 416, 417, 418, 419, 420, 421, 422, 423, 424, 425, 426, 427, 428, 429, 430, 431, 432, 433, 434, 435, 436, 437, 438, 439, 440, 441, 442, 443, 444, 445, 446, 447, 448, 449, 450, 451, 452, 453, 454, 455, 456, 457, 458, 459, 460, 461, 462, 463, 464, 465, 466, 467, 468, 469, 470, 471, 472, 473, 474, 475, 476, 477, 478, 479, 480, 481, 482, 483, 484, 848, 849, 850, 851, 852, 853, 854, 855, 856, 857, 858, 859, 860, 861, 862, 863, 864, 865, 866, 867, 868, 869, 870, 871, 872, 873, 874, 875, 876, 877, 878, 879, 880, 881, 882, 883, 884, 885, 886, 887, 888, 889, 890, 891, 892, 893, 894, 895, 896, 897, 898, 899, 900, 901, 902, 903, 904, 905, 906, 907, 908, 909, 910, 911, 912, 913, 914, 915, 916, 917, 918, 919, 920, 921, 922, 923, 924, 925, 926, 927, 928, 929, 930, 931, 932, 933, 934, 935]","[43, 66, 71, 104, 411, 414, 417, 420, 430, 441, 446, 448, 449, 450, 468, 523, 541, 546, 575, 860, 862, 865, 868, 869, 872, 882, 896, 897, 915]","[25, 39, 230, 284, 299, 449, 486, 520, 694, 743, 758, 897]","[89, 108, 172, 217, 221, 239, 264, 280, 321, 342, 343, 344, 345, 346, 349, 351, 352, 355, 357, 359, 364, 368, 371, 372, 373, 374, 376, 377, 387, 392, 393, 403, 409, 411, 414, 424, 430, 449, 454, 470, 480, 560, 584, 643, 685, 703, 724, 739, 779, 798, 799, 800, 801, 804, 806, 807, 810, 812, 814, 816, 821, 822, 823, 824, 826, 827, 837, 842, 843, 852, 859, 862, 865, 869, 876, 882, 897, 901, 917, 932]","[438, 889]",[],5/6 successful match,True,"[653, 654]",True,499,False,,1.0,True,Maverick # 474,
"Salt Lake City , 84116 Pilot Travel Center # 194",31801-239-1100 I-80 Exit 118 ( UT 68 N ),HORS 24 <U+25A1> LO <U+2610><U+2610><U+2610><U+2610><U+2610><U+2610>,Salt Lake City,84116,Pilot Travel Center # 194,801-239-1100,2008,Salt Lake City,UT,Pilot,( UT 68 N ),I-80 Exit 118 ,Exit,118,False,,False,I-80,,,,,"[882, 430]","[417, 430, 868, 869, 882]","[43, 66, 71, 104, 411, 414, 417, 420, 430, 441, 446, 448, 449, 450, 468, 523, 541, 546, 575, 860, 862, 865, 868, 869, 872, 882, 896, 897, 915]","[340, 430, 796, 882]","[398, 399, 400, 401, 402, 403, 404, 405, 406, 407, 408, 409, 410, 411, 412, 413, 414, 415, 416, 417, 418, 419, 420, 421, 422, 423, 424, 425, 426, 427, 428, 429, 430, 431, 432, 433, 434, 435, 436, 437, 438, 439, 440, 441, 442, 443, 444, 445, 446, 447, 448, 449, 450, 451, 452, 453, 454, 455, 456, 457, 458, 459, 460, 461, 462, 463, 464, 465, 466, 467, 468, 469, 470, 471, 472, 473, 474, 475, 476, 477, 478, 479, 480, 481, 482, 483, 484, 848, 849, 850, 851, 852, 853, 854, 855, 856, 857, 858, 859, 860, 861, 862, 863, 864, 865, 866, 867, 868, 869, 870, 871, 872, 873, 874, 875, 876, 877, 878, 879, 880, 881, 882, 883, 884, 885, 886, 887, 888, 889, 890, 891, 892, 893, 894, 895, 896, 897, 898, 899, 900, 901, 902, 903, 904, 905, 906, 907, 908, 909, 910, 911, 912, 913, 914, 915, 916, 917, 918, 919, 920, 921, 922, 923, 924, 925, 926, 927, 928, 929, 930, 931, 932, 933, 934, 935]","[89, 108, 172, 217, 221, 239, 264, 280, 321, 342, 343, 344, 345, 346, 349, 351, 352, 355, 357, 359, 364, 368, 371, 372, 373, 374, 376, 377, 387, 392, 393, 403, 409, 411, 414, 424, 430, 449, 454, 470, 480, 560, 584, 643, 685, 703, 724, 739, 779, 798, 799, 800, 801, 804, 806, 807, 810, 812, 814, 816, 821, 822, 823, 824, 826, 827, 837, 842, 843, 852, 859, 862, 865, 869, 876, 882, 897, 901, 917, 932]","[15, 16, 65, 66, 67, 68, 69, 70, 71, 72, 73, 74, 75, 76, 80, 151, 245, 246, 247, 248, 249, 250, 251, 252, 253, 254, 255, 256, 257, 258, 259, 280, 340, 373, 374, 375, 376, 377, 459, 460, 461, 462, 500, 501, 539, 540, 541, 542, 543, 544, 545, 546, 547, 548, 549, 550, 552, 622, 708, 709, 710, 711, 712, 713, 714, 715, 716, 717, 718, 719, 720, 739, 796, 823, 824, 825, 826, 827, 906, 907, 908, 909]","[15, 16, 65, 66, 67, 68, 69, 70, 71, 72, 73, 74, 75, 76, 77, 78, 80, 151, 244, 245, 246, 247, 248, 249, 250, 251, 252, 253, 254, 255, 256, 257, 258, 259, 260, 280, 340, 373, 374, 375, 376, 377, 459, 460, 461, 462, 500, 501, 539, 540, 541, 542, 543, 544, 545, 546, 547, 548, 549, 550, 552, 622, 708, 709, 710, 711, 712, 713, 714, 715, 716, 717, 718, 719, 720, 739, 796, 823, 824, 825, 826, 827, 906, 907, 908, 909]","[916, 917, 523, 918, 387, 15, 919, 16, 920, 921, 539, 540, 541, 542, 922, 543, 544, 546, 545, 923, 547, 548, 549, 550, 924, 552, 43, 925, 560, 926, 927, 928, 575, 65, 66, 929, 67, 68, 69, 71, 930, 584, 70, 72, 73, 931, 74, 75, 76, 80, 932, 77, 78, 933, 89, 934, 935, 104, 108, 622, 643, 392, 372, 151, 393, 373, 172, 685, 442, 342, 343, 703, 344, 374, 708, 709, 710, 345, 711, 712, 713, 714, 346, 715, 716, 717, 718, 719, 720, 724, 217, 349, 221, 375, 739, 351, 352, 239, 244, 376, 245, 246, 247, 248, 249, 355, 250, 251, 252, 253, 254, 255, 256, 257, 258, 357, 259, 260, 264, 779, 377, 359, 280, 796, 798, 799, 800, 801, 804, 806, 807, 364, 810, 812, 814, 816, 821, 822, 823, 824, 825, 826, 827, 368, 321, 837, 842, 371, 843, 848, 849, 850, 851, 340, 852, 853, 854, 855, 856, 857, 858, 860, 859, 862, 861, 863, 865, 864, 866, 868, 869, 867, 870, 872, 871, 873, 874, 875, 876, 877, 878, 879, 880, 882, 881, 883, 884, 885, 886, 887, 888, 889, 890, 891, 892, 893, 894, 896, 897, 895, 898, 899, 900, 901, 902, 903, 904, 905, 906, 907, 908, 398, 399, 400, 401, 402, 915, 403, 404, 405, 406, 407, 408, 409, 411, 410, 412, 414, 413, 415, 417, 416, 418, 420, 419, 421, 422, 423, 424, 425, 426, 427, 428, 430, 429, 431, 432, 433, 434, 435, 436, 437, 438, 439, 441, 440, 443, 444, 445, 446, 447, 448, 449, 450, 451, 452, 453, 454, 455, 456, 457, 458, 459, 460, 461, 462, 463, 464, 465, 466, 467, 468, 469, 470, 471, 472, 473, 474, 475, 476, 477, 478, 479, 480, 481, 482, 483, 484, 909, 910, 911, 912, 913, 500, 501, 914]",True,"[417, 430, 868, 869, 882]","[398, 399, 400, 401, 402, 403, 404, 405, 406, 407, 408, 409, 410, 411, 412, 413, 414, 415, 416, 417, 418, 419, 420, 421, 422, 423, 424, 425, 426, 427, 428, 429, 430, 431, 432, 433, 434, 435, 436, 437, 438, 439, 440, 441, 442, 443, 444, 445, 446, 447, 448, 449, 450, 451, 452, 453, 454, 455, 456, 457, 458, 459, 460, 461, 462, 463, 464, 465, 466, 467, 468, 469, 470, 471, 472, 473, 474, 475, 476, 477, 478, 479, 480, 481, 482, 483, 484, 848, 849, 850, 851, 852, 853, 854, 855, 856, 857, 858, 859, 860, 861, 862, 863, 864, 865, 866, 867, 868, 869, 870, 871, 872, 873, 874, 875, 876, 877, 878, 879, 880, 881, 882, 883, 884, 885, 886, 887, 888, 889, 890, 891, 892, 893, 894, 895, 896, 897, 898, 899, 900, 901, 902, 903, 904, 905, 906, 907, 908, 909, 910, 911, 912, 913, 914, 915, 916, 917, 918, 919, 920, 921, 922, 923, 924, 925, 926, 927, 928, 929, 930, 931, 932, 933, 934, 935]","[43, 66, 71, 104, 411, 414, 417, 420, 430, 441, 446, 448, 449, 450, 468, 523, 541, 546, 575, 860, 862, 865, 868, 869, 872, 882, 896, 897, 915]","[340, 430, 796, 882]","[89, 108, 172, 217, 221, 239, 264, 280, 321, 342, 343, 344, 345, 346, 349, 351, 352, 355, 357, 359, 364, 368, 371, 372, 373, 374, 376, 377, 387, 392, 393, 403, 409, 411, 414, 424, 430, 449, 454, 470, 480, 560, 584, 643, 685, 703, 724, 739, 779, 798, 799, 800, 801, 804, 806, 807, 810, 812, 814, 816, 821, 822, 823, 824, 826, 827, 837, 842, 843, 852, 859, 862, 865, 869, 876, 882, 897, 901, 917, 932]","[15, 16, 65, 66, 67, 68, 69, 70, 71, 72, 73, 74, 75, 76, 77, 78, 80, 151, 244, 245, 246, 247, 248, 249, 250, 251, 252, 253, 254, 255, 256, 257, 258, 259, 260, 280, 340, 373, 374, 375, 376, 377, 459, 460, 461, 462, 500, 501, 539, 540, 541, 542, 543, 544, 545, 546, 547, 548, 549, 550, 552, 622, 708, 709, 710, 711, 712, 713, 714, 715, 716, 717, 718, 719, 720, 739, 796, 823, 824, 825, 826, 827, 906, 907, 908, 909]","[15, 16, 65, 66, 67, 68, 69, 70, 71, 72, 73, 74, 75, 76, 80, 151, 245, 246, 247, 248, 249, 250, 251, 252, 253, 254, 255, 256, 257, 258, 259, 280, 340, 373, 374, 375, 376, 377, 459, 460, 461, 462, 500, 501, 539, 540, 541, 542, 543, 544, 545, 546, 547, 548, 549, 550, 552, 622, 708, 709, 710, 711, 712, 713, 714, 715, 716, 717, 718, 719, 720, 739, 796, 823, 824, 825, 826, 827, 906, 907, 908, 909]",5/6 successful match,True,[608],True,500,False,,,,,
Salt Lake City ( 84116 ) Love's Travel Stop # 436,801-239-1100 I-80 Exit 118 ( UT 68 N ),24 M,Salt Lake City,84116,Love's Travel Stop # 436,801-239-1100,2014,Salt Lake City,UT,Love's,( UT 68 N ),I-80 Exit 118 ,Exit,118,False,,False,I-80,,,,,"[882, 430]","[417, 430, 868, 869, 882]","[43, 66, 71, 104, 411, 414, 417, 420, 430, 441, 446, 448, 449, 450, 468, 523, 541, 546, 575, 860, 862, 865, 868, 869, 872, 882, 896, 897, 915]","[340, 430, 796, 882]","[398, 399, 400, 401, 402, 403, 404, 405, 406, 407, 408, 409, 410, 411, 412, 413, 414, 415, 416, 417, 418, 419, 420, 421, 422, 423, 424, 425, 426, 427, 428, 429, 430, 431, 432, 433, 434, 435, 436, 437, 438, 439, 440, 441, 442, 443, 444, 445, 446, 447, 448, 449, 450, 451, 452, 453, 454, 455, 456, 457, 458, 459, 460, 461, 462, 463, 464, 465, 466, 467, 468, 469, 470, 471, 472, 473, 474, 475, 476, 477, 478, 479, 480, 481, 482, 483, 484, 848, 849, 850, 851, 852, 853, 854, 855, 856, 857, 858, 859, 860, 861, 862, 863, 864, 865, 866, 867, 868, 869, 870, 871, 872, 873, 874, 875, 876, 877, 878, 879, 880, 881, 882, 883, 884, 885, 886, 887, 888, 889, 890, 891, 892, 893, 894, 895, 896, 897, 898, 899, 900, 901, 902, 903, 904, 905, 906, 907, 908, 909, 910, 911, 912, 913, 914, 915, 916, 917, 918, 919, 920, 921, 922, 923, 924, 925, 926, 927, 928, 929, 930, 931, 932, 933, 934, 935]","[89, 108, 172, 217, 221, 239, 264, 280, 321, 342, 343, 344, 345, 346, 349, 351, 352, 355, 357, 359, 364, 368, 371, 372, 373, 374, 376, 377, 387, 392, 393, 403, 409, 411, 414, 424, 430, 449, 454, 470, 480, 560, 584, 643, 685, 703, 724, 739, 779, 798, 799, 800, 801, 804, 806, 807, 810, 812, 814, 816, 821, 822, 823, 824, 826, 827, 837, 842, 843, 852, 859, 862, 865, 869, 876, 882, 897, 901, 917, 932]","[34, 35, 36, 37, 38, 39, 40, 41, 42, 43, 44, 45, 46, 47, 48, 201, 202, 203, 204, 205, 206, 207, 208, 209, 210, 211, 212, 213, 214, 215, 216, 355, 356, 357, 358, 359, 360, 361, 429, 430, 431, 432, 433, 434, 435, 515, 516, 517, 518, 519, 520, 521, 522, 523, 524, 525, 526, 527, 672, 673, 674, 675, 676, 677, 678, 679, 680, 681, 682, 683, 684, 810, 811, 812, 813, 814, 881, 882, 883, 884, 885, 886]","[32, 33, 34, 35, 36, 37, 38, 39, 40, 41, 42, 43, 44, 45, 46, 47, 48, 201, 202, 203, 204, 205, 206, 207, 208, 209, 210, 211, 212, 213, 214, 215, 216, 355, 356, 357, 358, 359, 360, 361, 429, 430, 431, 432, 433, 434, 435, 515, 516, 517, 518, 519, 520, 521, 522, 523, 524, 525, 526, 527, 672, 673, 674, 675, 676, 677, 678, 679, 680, 681, 682, 683, 684, 810, 811, 812, 813, 814, 881, 882, 883, 884, 885, 886]","[32, 33, 34, 35, 36, 37, 38, 39, 40, 41, 42, 43, 44, 45, 46, 47, 48, 66, 71, 89, 104, 108, 172, 201, 202, 203, 204, 205, 206, 207, 208, 209, 210, 211, 212, 213, 214, 215, 216, 217, 221, 239, 264, 280, 321, 340, 342, 343, 344, 345, 346, 349, 351, 352, 355, 356, 357, 358, 359, 360, 361, 364, 368, 371, 372, 373, 374, 376, 377, 387, 392, 393, 398, 399, 400, 401, 402, 403, 404, 405, 406, 407, 408, 409, 410, 411, 412, 413, 414, 415, 416, 417, 418, 419, 420, 421, 422, 423, 424, 425, 426, 427, 428, 429, 430, 431, 432, 433, 434, 435, 436, 437, 438, 439, 440, 441, 442, 443, 444, 445, 446, 447, 448, 449, 450, 451, 452, 453, 454, 455, 456, 457, 458, 459, 460, 461, 462, 463, 464, 465, 466, 467, 468, 469, 470, 471, 472, 473, 474, 475, 476, 477, 478, 479, 480, 481, 482, 483, 484, 515, 516, 517, 518, 519, 520, 521, 522, 523, 524, 525, 526, 527, 541, 546, 560, 575, 584, 643, 672, 673, 674, 675, 676, 677, 678, 679, 680, 681, 682, 683, 684, 685, 703, 724, 739, 779, 796, 798, 799, 800, 801, 804, 806, 807, 810, 811, 812, 813, 814, 816, 821, 822, 823, 824, 826, 827, 837, 842, 843, 848, 849, 850, 851, 852, 853, 854, 855, 856, 857, 858, 859, 860, 861, 862, 863, 864, 865, 866, 867, 868, 869, 870, 871, 872, 873, 874, 875, 876, 877, 878, 879, 880, 881, 882, 883, 884, 885, 886, 887, 888, 889, 890, 891, 892, 893, 894, 895, 896, 897, 898, 899, 900, 901, 902, 903, 904, 905, 906, 907, 908, 909, 910, 911, 912, 913, 914, 915, 916, 917, 918, 919, 920, 921, 922, 923, 924, 925, 926, 927, 928, 929, 930, 931, 932, 933, 934, 935]",True,"[417, 430, 868, 869, 882]","[398, 399, 400, 401, 402, 403, 404, 405, 406, 407, 408, 409, 410, 411, 412, 413, 414, 415, 416, 417, 418, 419, 420, 421, 422, 423, 424, 425, 426, 427, 428, 429, 430, 431, 432, 433, 434, 435, 436, 437, 438, 439, 440, 441, 442, 443, 444, 445, 446, 447, 448, 449, 450, 451, 452, 453, 454, 455, 456, 457, 458, 459, 460, 461, 462, 463, 464, 465, 466, 467, 468, 469, 470, 471, 472, 473, 474, 475, 476, 477, 478, 479, 480, 481, 482, 483, 484, 848, 849, 850, 851, 852, 853, 854, 855, 856, 857, 858, 859, 860, 861, 862, 863, 864, 865, 866, 867, 868, 869, 870, 871, 872, 873, 874, 875, 876, 877, 878, 879, 880, 881, 882, 883, 884, 885, 886, 887, 888, 889, 890, 891, 892, 893, 894, 895, 896, 897, 898, 899, 900, 901, 902, 903, 904, 905, 906, 907, 908, 909, 910, 911, 912, 913, 914, 915, 916, 917, 918, 919, 920, 921, 922, 923, 924, 925, 926, 927, 928, 929, 930, 931, 932, 933, 934, 935]","[43, 66, 71, 104, 411, 414, 417, 420, 430, 441, 446, 448, 449, 450, 468, 523, 541, 546, 575, 860, 862, 865, 868, 869, 872, 882, 896, 897, 915]","[340, 430, 796, 882]","[89, 108, 172, 217, 221, 239, 264, 280, 321, 342, 343, 344, 345, 346, 349, 351, 352, 355, 357, 359, 364, 368, 371, 372, 373, 374, 376, 377, 387, 392, 393, 403, 409, 411, 414, 424, 430, 449, 454, 470, 480, 560, 584, 643, 685, 703, 724, 739, 779, 798, 799, 800, 801, 804, 806, 807, 810, 812, 814, 816, 821, 822, 823, 824, 826, 827, 837, 842, 843, 852, 859, 862, 865, 869, 876, 882, 897, 901, 917, 932]","[32, 33, 34, 35, 36, 37, 38, 39, 40, 41, 42, 43, 44, 45, 46, 47, 48, 201, 202, 203, 204, 205, 206, 207, 208, 209, 210, 211, 212, 213, 214, 215, 216, 355, 356, 357, 358, 359, 360, 361, 429, 430, 431, 432, 433, 434, 435, 515, 516, 517, 518, 519, 520, 521, 522, 523, 524, 525, 526, 527, 672, 673, 674, 675, 676, 677, 678, 679, 680, 681, 682, 683, 684, 810, 811, 812, 813, 814, 881, 882, 883, 884, 885, 886]","[34, 35, 36, 37, 38, 39, 40, 41, 42, 43, 44, 45, 46, 47, 48, 201, 202, 203, 204, 205, 206, 207, 208, 209, 210, 211, 212, 213, 214, 215, 216, 355, 356, 357, 358, 359, 360, 361, 429, 430, 431, 432, 433, 434, 435, 515, 516, 517, 518, 519, 520, 521, 522, 523, 524, 525, 526, 527, 672, 673, 674, 675, 676, 677, 678, 679, 680, 681, 682, 683, 684, 810, 811, 812, 813, 814, 881, 882, 883, 884, 885, 886]",7/6 successful match,True,[608],True,500,True,2014,0.30612244897959184,False,Pilot Travel Center # 194,Pilot
D Salt Lake City ( 84116 ) Love's Travel Stop # 436,801-239-1100 I-80 Exit 118 ( UT 68 N ),24 <U+2610> MO,Salt Lake City,84116,Love's Travel Stop # 436,801-239-1100,2015,Salt Lake City,UT,Love's,( UT 68 N ),I-80 Exit 118 ,Exit,118,False,,False,I-80,,,,,"[882, 430]","[417, 430, 868, 869, 882]","[43, 66, 71, 104, 411, 414, 417, 420, 430, 441, 446, 448, 449, 450, 468, 523, 541, 546, 575, 860, 862, 865, 868, 869, 872, 882, 896, 897, 915]","[340, 430, 796, 882]","[398, 399, 400, 401, 402, 403, 404, 405, 406, 407, 408, 409, 410, 411, 412, 413, 414, 415, 416, 417, 418, 419, 420, 421, 422, 423, 424, 425, 426, 427, 428, 429, 430, 431, 432, 433, 434, 435, 436, 437, 438, 439, 440, 441, 442, 443, 444, 445, 446, 447, 448, 449, 450, 451, 452, 453, 454, 455, 456, 457, 458, 459, 460, 461, 462, 463, 464, 465, 466, 467, 468, 469, 470, 471, 472, 473, 474, 475, 476, 477, 478, 479, 480, 481, 482, 483, 484, 848, 849, 850, 851, 852, 853, 854, 855, 856, 857, 858, 859, 860, 861, 862, 863, 864, 865, 866, 867, 868, 869, 870, 871, 872, 873, 874, 875, 876, 877, 878, 879, 880, 881, 882, 883, 884, 885, 886, 887, 888, 889, 890, 891, 892, 893, 894, 895, 896, 897, 898, 899, 900, 901, 902, 903, 904, 905, 906, 907, 908, 909, 910, 911, 912, 913, 914, 915, 916, 917, 918, 919, 920, 921, 922, 923, 924, 925, 926, 927, 928, 929, 930, 931, 932, 933, 934, 935]","[89, 108, 172, 217, 221, 239, 264, 280, 321, 342, 343, 344, 345, 346, 349, 351, 352, 355, 357, 359, 364, 368, 371, 372, 373, 374, 376, 377, 387, 392, 393, 403, 409, 411, 414, 424, 430, 449, 454, 470, 480, 560, 584, 643, 685, 703, 724, 739, 779, 798, 799, 800, 801, 804, 806, 807, 810, 812, 814, 816, 821, 822, 823, 824, 826, 827, 837, 842, 843, 852, 859, 862, 865, 869, 876, 882, 897, 901, 917, 932]","[34, 35, 36, 37, 38, 39, 40, 41, 42, 43, 44, 45, 46, 47, 48, 201, 202, 203, 204, 205, 206, 207, 208, 209, 210, 211, 212, 213, 214, 215, 216, 355, 356, 357, 358, 359, 360, 361, 429, 430, 431, 432, 433, 434, 435, 515, 516, 517, 518, 519, 520, 521, 522, 523, 524, 525, 526, 527, 672, 673, 674, 675, 676, 677, 678, 679, 680, 681, 682, 683, 684, 810, 811, 812, 813, 814, 881, 882, 883, 884, 885, 886]","[32, 33, 34, 35, 36, 37, 38, 39, 40, 41, 42, 43, 44, 45, 46, 47, 48, 201, 202, 203, 204, 205, 206, 207, 208, 209, 210, 211, 212, 213, 214, 215, 216, 355, 356, 357, 358, 359, 360, 361, 429, 430, 431, 432, 433, 434, 435, 515, 516, 517, 518, 519, 520, 521, 522, 523, 524, 525, 526, 527, 672, 673, 674, 675, 676, 677, 678, 679, 680, 681, 682, 683, 684, 810, 811, 812, 813, 814, 881, 882, 883, 884, 885, 886]","[32, 33, 34, 35, 36, 37, 38, 39, 40, 41, 42, 43, 44, 45, 46, 47, 48, 66, 71, 89, 104, 108, 172, 201, 202, 203, 204, 205, 206, 207, 208, 209, 210, 211, 212, 213, 214, 215, 216, 217, 221, 239, 264, 280, 321, 340, 342, 343, 344, 345, 346, 349, 351, 352, 355, 356, 357, 358, 359, 360, 361, 364, 368, 371, 372, 373, 374, 376, 377, 387, 392, 393, 398, 399, 400, 401, 402, 403, 404, 405, 406, 407, 408, 409, 410, 411, 412, 413, 414, 415, 416, 417, 418, 419, 420, 421, 422, 423, 424, 425, 426, 427, 428, 429, 430, 431, 432, 433, 434, 435, 436, 437, 438, 439, 440, 441, 442, 443, 444, 445, 446, 447, 448, 449, 450, 451, 452, 453, 454, 455, 456, 457, 458, 459, 460, 461, 462, 463, 464, 465, 466, 467, 468, 469, 470, 471, 472, 473, 474, 475, 476, 477, 478, 479, 480, 481, 482, 483, 484, 515, 516, 517, 518, 519, 520, 521, 522, 523, 524, 525, 526, 527, 541, 546, 560, 575, 584, 643, 672, 673, 674, 675, 676, 677, 678, 679, 680, 681, 682, 683, 684, 685, 703, 724, 739, 779, 796, 798, 799, 800, 801, 804, 806, 807, 810, 811, 812, 813, 814, 816, 821, 822, 823, 824, 826, 827, 837, 842, 843, 848, 849, 850, 851, 852, 853, 854, 855, 856, 857, 858, 859, 860, 861, 862, 863, 864, 865, 866, 867, 868, 869, 870, 871, 872, 873, 874, 875, 876, 877, 878, 879, 880, 881, 882, 883, 884, 885, 886, 887, 888, 889, 890, 891, 892, 893, 894, 895, 896, 897, 898, 899, 900, 901, 902, 903, 904, 905, 906, 907, 908, 909, 910, 911, 912, 913, 914, 915, 916, 917, 918, 919, 920, 921, 922, 923, 924, 925, 926, 927, 928, 929, 930, 931, 932, 933, 934, 935]",True,"[417, 430, 868, 869, 882]","[398, 399, 400, 401, 402, 403, 404, 405, 406, 407, 408, 409, 410, 411, 412, 413, 414, 415, 416, 417, 418, 419, 420, 421, 422, 423, 424, 425, 426, 427, 428, 429, 430, 431, 432, 433, 434, 435, 436, 437, 438, 439, 440, 441, 442, 443, 444, 445, 446, 447, 448, 449, 450, 451, 452, 453, 454, 455, 456, 457, 458, 459, 460, 461, 462, 463, 464, 465, 466, 467, 468, 469, 470, 471, 472, 473, 474, 475, 476, 477, 478, 479, 480, 481, 482, 483, 484, 848, 849, 850, 851, 852, 853, 854, 855, 856, 857, 858, 859, 860, 861, 862, 863, 864, 865, 866, 867, 868, 869, 870, 871, 872, 873, 874, 875, 876, 877, 878, 879, 880, 881, 882, 883, 884, 885, 886, 887, 888, 889, 890, 891, 892, 893, 894, 895, 896, 897, 898, 899, 900, 901, 902, 903, 904, 905, 906, 907, 908, 909, 910, 911, 912, 913, 914, 915, 916, 917, 918, 919, 920, 921, 922, 923, 924, 925, 926, 927, 928, 929, 930, 931, 932, 933, 934, 935]","[43, 66, 71, 104, 411, 414, 417, 420, 430, 441, 446, 448, 449, 450, 468, 523, 541, 546, 575, 860, 862, 865, 868, 869, 872, 882, 896, 897, 915]","[340, 430, 796, 882]","[89, 108, 172, 217, 221, 239, 264, 280, 321, 342, 343, 344, 345, 346, 349, 351, 352, 355, 357, 359, 364, 368, 371, 372, 373, 374, 376, 377, 387, 392, 393, 403, 409, 411, 414, 424, 430, 449, 454, 470, 480, 560, 584, 643, 685, 703, 724, 739, 779, 798, 799, 800, 801, 804, 806, 807, 810, 812, 814, 816, 821, 822, 823, 824, 826, 827, 837, 842, 843, 852, 859, 862, 865, 869, 876, 882, 897, 901, 917, 932]","[32, 33, 34, 35, 36, 37, 38, 39, 40, 41, 42, 43, 44, 45, 46, 47, 48, 201, 202, 203, 204, 205, 206, 207, 208, 209, 210, 211, 212, 213, 214, 215, 216, 355, 356, 357, 358, 359, 360, 361, 429, 430, 431, 432, 433, 434, 435, 515, 516, 517, 518, 519, 520, 521, 522, 523, 524, 525, 526, 527, 672, 673, 674, 675, 676, 677, 678, 679, 680, 681, 682, 683, 684, 810, 811, 812, 813, 814, 881, 882, 883, 884, 885, 886]","[34, 35, 36, 37, 38, 39, 40, 41, 42, 43, 44, 45, 46, 47, 48, 201, 202, 203, 204, 205, 206, 207, 208, 209, 210, 211, 212, 213, 214, 215, 216, 355, 356, 357, 358, 359, 360, 361, 429, 430, 431, 432, 433, 434, 435, 515, 516, 517, 518, 519, 520, 521, 522, 523, 524, 525, 526, 527, 672, 673, 674, 675, 676, 677, 678, 679, 680, 681, 682, 683, 684, 810, 811, 812, 813, 814, 881, 882, 883, 884, 885, 886]",7/6 successful match,True,[608],True,500,False,,1.0,True,Love's Travel Stop # 436,Love's
Salt Lake City ( 84116 ) Love's Travel Stop # 436,801-239-1100 I-80 Exit 118 ( UT 68 N ),24 <U+25A1> MO,Salt Lake City,84116,Love's Travel Stop # 436,801-239-1100,2016,Salt Lake City,UT,Love's,( UT 68 N ),I-80 Exit 118 ,Exit,118,False,,False,I-80,,,,,"[882, 430]","[417, 430, 868, 869, 882]","[43, 66, 71, 104, 411, 414, 417, 420, 430, 441, 446, 448, 449, 450, 468, 523, 541, 546, 575, 860, 862, 865, 868, 869, 872, 882, 896, 897, 915]","[340, 430, 796, 882]","[398, 399, 400, 401, 402, 403, 404, 405, 406, 407, 408, 409, 410, 411, 412, 413, 414, 415, 416, 417, 418, 419, 420, 421, 422, 423, 424, 425, 426, 427, 428, 429, 430, 431, 432, 433, 434, 435, 436, 437, 438, 439, 440, 441, 442, 443, 444, 445, 446, 447, 448, 449, 450, 451, 452, 453, 454, 455, 456, 457, 458, 459, 460, 461, 462, 463, 464, 465, 466, 467, 468, 469, 470, 471, 472, 473, 474, 475, 476, 477, 478, 479, 480, 481, 482, 483, 484, 848, 849, 850, 851, 852, 853, 854, 855, 856, 857, 858, 859, 860, 861, 862, 863, 864, 865, 866, 867, 868, 869, 870, 871, 872, 873, 874, 875, 876, 877, 878, 879, 880, 881, 882, 883, 884, 885, 886, 887, 888, 889, 890, 891, 892, 893, 894, 895, 896, 897, 898, 899, 900, 901, 902, 903, 904, 905, 906, 907, 908, 909, 910, 911, 912, 913, 914, 915, 916, 917, 918, 919, 920, 921, 922, 923, 924, 925, 926, 927, 928, 929, 930, 931, 932, 933, 934, 935]","[89, 108, 172, 217, 221, 239, 264, 280, 321, 342, 343, 344, 345, 346, 349, 351, 352, 355, 357, 359, 364, 368, 371, 372, 373, 374, 376, 377, 387, 392, 393, 403, 409, 411, 414, 424, 430, 449, 454, 470, 480, 560, 584, 643, 685, 703, 724, 739, 779, 798, 799, 800, 801, 804, 806, 807, 810, 812, 814, 816, 821, 822, 823, 824, 826, 827, 837, 842, 843, 852, 859, 862, 865, 869, 876, 882, 897, 901, 917, 932]","[34, 35, 36, 37, 38, 39, 40, 41, 42, 43, 44, 45, 46, 47, 48, 201, 202, 203, 204, 205, 206, 207, 208, 209, 210, 211, 212, 213, 214, 215, 216, 355, 356, 357, 358, 359, 360, 361, 429, 430, 431, 432, 433, 434, 435, 515, 516, 517, 518, 519, 520, 521, 522, 523, 524, 525, 526, 527, 672, 673, 674, 675, 676, 677, 678, 679, 680, 681, 682, 683, 684, 810, 811, 812, 813, 814, 881, 882, 883, 884, 885, 886]","[32, 33, 34, 35, 36, 37, 38, 39, 40, 41, 42, 43, 44, 45, 46, 47, 48, 201, 202, 203, 204, 205, 206, 207, 208, 209, 210, 211, 212, 213, 214, 215, 216, 355, 356, 357, 358, 359, 360, 361, 429, 430, 431, 432, 433, 434, 435, 515, 516, 517, 518, 519, 520, 521, 522, 523, 524, 525, 526, 527, 672, 673, 674, 675, 676, 677, 678, 679, 680, 681, 682, 683, 684, 810, 811, 812, 813, 814, 881, 882, 883, 884, 885, 886]","[32, 33, 34, 35, 36, 37, 38, 39, 40, 41, 42, 43, 44, 45, 46, 47, 48, 66, 71, 89, 104, 108, 172, 201, 202, 203, 204, 205, 206, 207, 208, 209, 210, 211, 212, 213, 214, 215, 216, 217, 221, 239, 264, 280, 321, 340, 342, 343, 344, 345, 346, 349, 351, 352, 355, 356, 357, 358, 359, 360, 361, 364, 368, 371, 372, 373, 374, 376, 377, 387, 392, 393, 398, 399, 400, 401, 402, 403, 404, 405, 406, 407, 408, 409, 410, 411, 412, 413, 414, 415, 416, 417, 418, 419, 420, 421, 422, 423, 424, 425, 426, 427, 428, 429, 430, 431, 432, 433, 434, 435, 436, 437, 438, 439, 440, 441, 442, 443, 444, 445, 446, 447, 448, 449, 450, 451, 452, 453, 454, 455, 456, 457, 458, 459, 460, 461, 462, 463, 464, 465, 466, 467, 468, 469, 470, 471, 472, 473, 474, 475, 476, 477, 478, 479, 480, 481, 482, 483, 484, 515, 516, 517, 518, 519, 520, 521, 522, 523, 524, 525, 526, 527, 541, 546, 560, 575, 584, 643, 672, 673, 674, 675, 676, 677, 678, 679, 680, 681, 682, 683, 684, 685, 703, 724, 739, 779, 796, 798, 799, 800, 801, 804, 806, 807, 810, 811, 812, 813, 814, 816, 821, 822, 823, 824, 826, 827, 837, 842, 843, 848, 849, 850, 851, 852, 853, 854, 855, 856, 857, 858, 859, 860, 861, 862, 863, 864, 865, 866, 867, 868, 869, 870, 871, 872, 873, 874, 875, 876, 877, 878, 879, 880, 881, 882, 883, 884, 885, 886, 887, 888, 889, 890, 891, 892, 893, 894, 895, 896, 897, 898, 899, 900, 901, 902, 903, 904, 905, 906, 907, 908, 909, 910, 911, 912, 913, 914, 915, 916, 917, 918, 919, 920, 921, 922, 923, 924, 925, 926, 927, 928, 929, 930, 931, 932, 933, 934, 935]",True,"[417, 430, 868, 869, 882]","[398, 399, 400, 401, 402, 403, 404, 405, 406, 407, 408, 409, 410, 411, 412, 413, 414, 415, 416, 417, 418, 419, 420, 421, 422, 423, 424, 425, 426, 427, 428, 429, 430, 431, 432, 433, 434, 435, 436, 437, 438, 439, 440, 441, 442, 443, 444, 445, 446, 447, 448, 449, 450, 451, 452, 453, 454, 455, 456, 457, 458, 459, 460, 461, 462, 463, 464, 465, 466, 467, 468, 469, 470, 471, 472, 473, 474, 475, 476, 477, 478, 479, 480, 481, 482, 483, 484, 848, 849, 850, 851, 852, 853, 854, 855, 856, 857, 858, 859, 860, 861, 862, 863, 864, 865, 866, 867, 868, 869, 870, 871, 872, 873, 874, 875, 876, 877, 878, 879, 880, 881, 882, 883, 884, 885, 886, 887, 888, 889, 890, 891, 892, 893, 894, 895, 896, 897, 898, 899, 900, 901, 902, 903, 904, 905, 906, 907, 908, 909, 910, 911, 912, 913, 914, 915, 916, 917, 918, 919, 920, 921, 922, 923, 924, 925, 926, 927, 928, 929, 930, 931, 932, 933, 934, 935]","[43, 66, 71, 104, 411, 414, 417, 420, 430, 441, 446, 448, 449, 450, 468, 523, 541, 546, 575, 860, 862, 865, 868, 869, 872, 882, 896, 897, 915]","[340, 430, 796, 882]","[89, 108, 172, 217, 221, 239, 264, 280, 321, 342, 343, 344, 345, 346, 349, 351, 352, 355, 357, 359, 364, 368, 371, 372, 373, 374, 376, 377, 387, 392, 393, 403, 409, 411, 414, 424, 430, 449, 454, 470, 480, 560, 584, 643, 685, 703, 724, 739, 779, 798, 799, 800, 801, 804, 806, 807, 810, 812, 814, 816, 821, 822, 823, 824, 826, 827, 837, 842, 843, 852, 859, 862, 865, 869, 876, 882, 897, 901, 917, 932]","[32, 33, 34, 35, 36, 37, 38, 39, 40, 41, 42, 43, 44, 45, 46, 47, 48, 201, 202, 203, 204, 205, 206, 207, 208, 209, 210, 211, 212, 213, 214, 215, 216, 355, 356, 357, 358, 359, 360, 361, 429, 430, 431, 432, 433, 434, 435, 515, 516, 517, 518, 519, 520, 521, 522, 523, 524, 525, 526, 527, 672, 673, 674, 675, 676, 677, 678, 679, 680, 681, 682, 683, 684, 810, 811, 812, 813, 814, 881, 882, 883, 884, 885, 886]","[34, 35, 36, 37, 38, 39, 40, 41, 42, 43, 44, 45, 46, 47, 48, 201, 202, 203, 204, 205, 206, 207, 208, 209, 210, 211, 212, 213, 214, 215, 216, 355, 356, 357, 358, 359, 360, 361, 429, 430, 431, 432, 433, 434, 435, 515, 516, 517, 518, 519, 520, 521, 522, 523, 524, 525, 526, 527, 672, 673, 674, 675, 676, 677, 678, 679, 680, 681, 682, 683, 684, 810, 811, 812, 813, 814, 881, 882, 883, 884, 885, 886]",7/6 successful match,True,[608],True,500,False,,1.0,True,Love's Travel Stop # 436,Love's
"West Valley City , 84128 JoAnn's Gearjammer Truck Stop ( Sinclair )",801-952-0606 UT 201 Exit 11 ( 1 mi W on S service rd ),) ) 24 HRS 48,West Valley City,84128,JoAnn's Gearjammer Truck Stop ( Sinclair ),801-952-0606,2006,Salt Lake City,UT,Sinclair,( 1 mi W on S service rd ),UT 201 Exit 11 ,Exit,11,False,,False,UT 201,,,,,[],[],"[43, 66, 71, 104, 298, 339, 411, 414, 417, 420, 428, 430, 441, 446, 448, 449, 450, 468, 523, 541, 546, 575, 757, 795, 860, 862, 865, 868, 869, 872, 880, 882, 896, 897, 915]",[],"[398, 399, 400, 401, 402, 403, 404, 405, 406, 407, 408, 409, 410, 411, 412, 413, 414, 415, 416, 417, 418, 419, 420, 421, 422, 423, 424, 425, 426, 427, 428, 429, 430, 431, 432, 433, 434, 435, 436, 437, 438, 439, 440, 441, 442, 443, 444, 445, 446, 447, 448, 449, 450, 451, 452, 453, 454, 455, 456, 457, 458, 459, 460, 461, 462, 463, 464, 465, 466, 467, 468, 469, 470, 471, 472, 473, 474, 475, 476, 477, 478, 479, 480, 481, 482, 483, 484, 848, 849, 850, 851, 852, 853, 854, 855, 856, 857, 858, 859, 860, 861, 862, 863, 864, 865, 866, 867, 868, 869, 870, 871, 872, 873, 874, 875, 876, 877, 878, 879, 880, 881, 882, 883, 884, 885, 886, 887, 888, 889, 890, 891, 892, 893, 894, 895, 896, 897, 898, 899, 900, 901, 902, 903, 904, 905, 906, 907, 908, 909, 910, 911, 912, 913, 914, 915, 916, 917, 918, 919, 920, 921, 922, 923, 924, 925, 926, 927, 928, 929, 930, 931, 932, 933, 934, 935]","[399, 401, 405, 408, 428, 436, 439, 445, 447, 848, 850, 854, 858, 880, 887, 890, 895, 927]","[31, 142, 147, 180, 338, 352, 367, 387, 403, 405, 408, 410, 455, 465, 466, 468, 470, 472, 473, 483, 484, 514, 613, 618, 651, 794, 807, 837, 852, 854, 858, 861, 902, 912, 913, 915, 917, 919, 920, 931, 934, 935]","[31, 142, 147, 180, 338, 352, 367, 387, 403, 405, 408, 410, 455, 465, 466, 468, 470, 472, 473, 483, 484, 514, 613, 618, 651, 794, 807, 837, 852, 854, 858, 861, 902, 912, 913, 915, 917, 919, 920, 931, 934, 935]","[916, 514, 917, 523, 918, 387, 919, 920, 921, 541, 922, 31, 546, 923, 924, 43, 925, 926, 927, 928, 575, 66, 929, 71, 930, 931, 932, 933, 934, 935, 613, 104, 618, 651, 142, 147, 338, 180, 352, 757, 794, 795, 807, 298, 367, 837, 848, 849, 850, 339, 851, 852, 853, 854, 855, 856, 857, 858, 860, 859, 862, 861, 863, 865, 864, 866, 868, 869, 867, 870, 872, 871, 873, 874, 875, 876, 877, 878, 880, 879, 882, 881, 883, 884, 885, 886, 887, 888, 889, 890, 891, 892, 893, 894, 896, 897, 895, 898, 899, 900, 901, 902, 903, 904, 905, 906, 907, 908, 398, 399, 400, 401, 402, 915, 403, 404, 405, 406, 407, 408, 409, 411, 410, 412, 414, 413, 415, 417, 416, 418, 420, 419, 421, 422, 423, 424, 425, 426, 428, 427, 430, 429, 431, 432, 433, 434, 435, 436, 437, 438, 439, 441, 440, 443, 442, 445, 446, 447, 448, 449, 450, 444, 451, 452, 453, 454, 455, 456, 457, 458, 459, 460, 461, 462, 463, 464, 465, 466, 468, 467, 469, 470, 471, 472, 473, 474, 475, 476, 477, 478, 479, 480, 481, 482, 483, 484, 909, 910, 911, 912, 913, 914]",False,[],"[398, 399, 400, 401, 402, 403, 404, 405, 406, 407, 408, 409, 410, 411, 412, 413, 414, 415, 416, 417, 418, 419, 420, 421, 422, 423, 424, 425, 426, 427, 428, 429, 430, 431, 432, 433, 434, 435, 436, 437, 438, 439, 440, 441, 442, 443, 444, 445, 446, 447, 448, 449, 450, 451, 452, 453, 454, 455, 456, 457, 458, 459, 460, 461, 462, 463, 464, 465, 466, 467, 468, 469, 470, 471, 472, 473, 474, 475, 476, 477, 478, 479, 480, 481, 482, 483, 484, 848, 849, 850, 851, 852, 853, 854, 855, 856, 857, 858, 859, 860, 861, 862, 863, 864, 865, 866, 867, 868, 869, 870, 871, 872, 873, 874, 875, 876, 877, 878, 879, 880, 881, 882, 883, 884, 885, 886, 887, 888, 889, 890, 891, 892, 893, 894, 895, 896, 897, 898, 899, 900, 901, 902, 903, 904, 905, 906, 907, 908, 909, 910, 911, 912, 913, 914, 915, 916, 917, 918, 919, 920, 921, 922, 923, 924, 925, 926, 927, 928, 929, 930, 931, 932, 933, 934, 935]","[43, 66, 71, 104, 298, 339, 411, 414, 417, 420, 428, 430, 441, 446, 448, 449, 450, 468, 523, 541, 546, 575, 757, 795, 860, 862, 865, 868, 869, 872, 880, 882, 896, 897, 915]",[],"[399, 401, 405, 408, 428, 436, 439, 445, 447, 848, 850, 854, 858, 880, 887, 890, 895, 927]","[31, 142, 147, 180, 338, 352, 367, 387, 403, 405, 408, 410, 455, 465, 466, 468, 470, 472, 473, 483, 484, 514, 613, 618, 651, 794, 807, 837, 852, 854, 858, 861, 902, 912, 913, 915, 917, 919, 920, 931, 934, 935]","[31, 142, 147, 180, 338, 352, 367, 387, 403, 405, 408, 410, 455, 465, 466, 468, 470, 472, 473, 483, 484, 514, 613, 618, 651, 794, 807, 837, 852, 854, 858, 861, 902, 912, 913, 915, 917, 919, 920, 931, 934, 935]",5/6 successful match,False,,False,501,False,,,,,
"Valley City , 84128 JoAnn's Gearjammer Truck Stop (",DWest 3801-952-0606 UT 201 Exit 11 ( 1 mi W on S service,Sinclair rd ) ) FRS,Valley City,84128,JoAnn's Gearjammer Truck Stop (,801-952-0606,2007,Salt Lake City,UT,,( 1 mi W on S service,UT 201 Exit 11 ,Exit,11,False,,False,UT 201,,,,,[],[],"[43, 66, 71, 104, 298, 339, 411, 414, 417, 420, 428, 430, 441, 446, 448, 449, 450, 468, 523, 541, 546, 575, 757, 795, 860, 862, 865, 868, 869, 872, 880, 882, 896, 897, 915]",[],"[398, 399, 400, 401, 402, 403, 404, 405, 406, 407, 408, 409, 410, 411, 412, 413, 414, 415, 416, 417, 418, 419, 420, 421, 422, 423, 424, 425, 426, 427, 428, 429, 430, 431, 432, 433, 434, 435, 436, 437, 438, 439, 440, 441, 442, 443, 444, 445, 446, 447, 448, 449, 450, 451, 452, 453, 454, 455, 456, 457, 458, 459, 460, 461, 462, 463, 464, 465, 466, 467, 468, 469, 470, 471, 472, 473, 474, 475, 476, 477, 478, 479, 480, 481, 482, 483, 484, 848, 849, 850, 851, 852, 853, 854, 855, 856, 857, 858, 859, 860, 861, 862, 863, 864, 865, 866, 867, 868, 869, 870, 871, 872, 873, 874, 875, 876, 877, 878, 879, 880, 881, 882, 883, 884, 885, 886, 887, 888, 889, 890, 891, 892, 893, 894, 895, 896, 897, 898, 899, 900, 901, 902, 903, 904, 905, 906, 907, 908, 909, 910, 911, 912, 913, 914, 915, 916, 917, 918, 919, 920, 921, 922, 923, 924, 925, 926, 927, 928, 929, 930, 931, 932, 933, 934, 935]","[399, 401, 405, 408, 428, 436, 439, 445, 447, 848, 850, 854, 858, 880, 887, 890, 895, 927]",[],[],"[916, 917, 523, 918, 919, 920, 921, 541, 922, 546, 923, 924, 43, 925, 926, 927, 928, 575, 66, 929, 71, 930, 931, 932, 933, 934, 935, 104, 757, 795, 298, 848, 849, 850, 339, 851, 852, 853, 854, 855, 856, 857, 858, 860, 859, 862, 861, 863, 865, 864, 866, 868, 869, 867, 870, 872, 871, 873, 874, 875, 876, 877, 878, 880, 879, 882, 881, 883, 884, 885, 886, 887, 888, 889, 890, 891, 892, 893, 894, 896, 897, 895, 898, 899, 900, 901, 902, 903, 904, 905, 906, 907, 908, 398, 399, 400, 401, 402, 915, 403, 404, 405, 406, 407, 408, 409, 411, 410, 412, 414, 413, 415, 417, 416, 418, 420, 419, 421, 422, 423, 424, 425, 426, 428, 427, 430, 429, 431, 432, 433, 434, 435, 436, 437, 438, 439, 441, 440, 443, 442, 445, 446, 447, 448, 449, 450, 444, 451, 452, 453, 454, 455, 456, 457, 458, 459, 460, 461, 462, 463, 464, 465, 466, 468, 467, 469, 470, 471, 472, 473, 474, 475, 476, 477, 478, 479, 480, 481, 482, 483, 484, 909, 910, 911, 912, 913, 914]",False,[],"[398, 399, 400, 401, 402, 403, 404, 405, 406, 407, 408, 409, 410, 411, 412, 413, 414, 415, 416, 417, 418, 419, 420, 421, 422, 423, 424, 425, 426, 427, 428, 429, 430, 431, 432, 433, 434, 435, 436, 437, 438, 439, 440, 441, 442, 443, 444, 445, 446, 447, 448, 449, 450, 451, 452, 453, 454, 455, 456, 457, 458, 459, 460, 461, 462, 463, 464, 465, 466, 467, 468, 469, 470, 471, 472, 473, 474, 475, 476, 477, 478, 479, 480, 481, 482, 483, 484, 848, 849, 850, 851, 852, 853, 854, 855, 856, 857, 858, 859, 860, 861, 862, 863, 864, 865, 866, 867, 868, 869, 870, 871, 872, 873, 874, 875, 876, 877, 878, 879, 880, 881, 882, 883, 884, 885, 886, 887, 888, 889, 890, 891, 892, 893, 894, 895, 896, 897, 898, 899, 900, 901, 902, 903, 904, 905, 906, 907, 908, 909, 910, 911, 912, 913, 914, 915, 916, 917, 918, 919, 920, 921, 922, 923, 924, 925, 926, 927, 928, 929, 930, 931, 932, 933, 934, 935]","[43, 66, 71, 104, 298, 339, 411, 414, 417, 420, 428, 430, 441, 446, 448, 449, 450, 468, 523, 541, 546, 575, 757, 795, 860, 862, 865, 868, 869, 872, 880, 882, 896, 897, 915]",[],"[399, 401, 405, 408, 428, 436, 439, 445, 447, 848, 850, 854, 858, 880, 887, 890, 895, 927]",[],[],7/6 successful match,False,,False,501,False,,1.0,True,JoAnn's Gearjammer Truck Stop ( Sinclair ),Sinclair
"West Valley City , 84128 JoAnn's Gearjammer Truck Stop (",801-952-0606 UT 201 Exit 11 ( 1 mi W on S service rd,rd ) ) 24 L <U+2610><U+2610>,West Valley City,84128,JoAnn's Gearjammer Truck Stop (,801-952-0606,2008,Salt Lake City,UT,,( 1 mi W on S service rd,UT 201 Exit 11 ,Exit,11,False,,False,UT 201,,,,,[],[],"[43, 66, 71, 104, 298, 339, 411, 414, 417, 420, 428, 430, 441, 446, 448, 449, 450, 468, 523, 541, 546, 575, 757, 795, 860, 862, 865, 868, 869, 872, 880, 882, 896, 897, 915]",[],"[398, 399, 400, 401, 402, 403, 404, 405, 406, 407, 408, 409, 410, 411, 412, 413, 414, 415, 416, 417, 418, 419, 420, 421, 422, 423, 424, 425, 426, 427, 428, 429, 430, 431, 432, 433, 434, 435, 436, 437, 438, 439, 440, 441, 442, 443, 444, 445, 446, 447, 448, 449, 450, 451, 452, 453, 454, 455, 456, 457, 458, 459, 460, 461, 462, 463, 464, 465, 466, 467, 468, 469, 470, 471, 472, 473, 474, 475, 476, 477, 478, 479, 480, 481, 482, 483, 484, 848, 849, 850, 851, 852, 853, 854, 855, 856, 857, 858, 859, 860, 861, 862, 863, 864, 865, 866, 867, 868, 869, 870, 871, 872, 873, 874, 875, 876, 877, 878, 879, 880, 881, 882, 883, 884, 885, 886, 887, 888, 889, 890, 891, 892, 893, 894, 895, 896, 897, 898, 899, 900, 901, 902, 903, 904, 905, 906, 907, 908, 909, 910, 911, 912, 913, 914, 915, 916, 917, 918, 919, 920, 921, 922, 923, 924, 925, 926, 927, 928, 929, 930, 931, 932, 933, 934, 935]","[399, 401, 405, 408, 428, 436, 439, 445, 447, 848, 850, 854, 858, 880, 887, 890, 895, 927]",[],[],"[916, 917, 523, 918, 919, 920, 921, 541, 922, 546, 923, 924, 43, 925, 926, 927, 928, 575, 66, 929, 71, 930, 931, 932, 933, 934, 935, 104, 757, 795, 298, 848, 849, 850, 339, 851, 852, 853, 854, 855, 856, 857, 858, 860, 859, 862, 861, 863, 865, 864, 866, 868, 869, 867, 870, 872, 871, 873, 874, 875, 876, 877, 878, 880, 879, 882, 881, 883, 884, 885, 886, 887, 888, 889, 890, 891, 892, 893, 894, 896, 897, 895, 898, 899, 900, 901, 902, 903, 904, 905, 906, 907, 908, 398, 399, 400, 401, 402, 915, 403, 404, 405, 406, 407, 408, 409, 411, 410, 412, 414, 413, 415, 417, 416, 418, 420, 419, 421, 422, 423, 424, 425, 426, 428, 427, 430, 429, 431, 432, 433, 434, 435, 436, 437, 438, 439, 441, 440, 443, 442, 445, 446, 447, 448, 449, 450, 444, 451, 452, 453, 454, 455, 456, 457, 458, 459, 460, 461, 462, 463, 464, 465, 466, 468, 467, 469, 470, 471, 472, 473, 474, 475, 476, 477, 478, 479, 480, 481, 482, 483, 484, 909, 910, 911, 912, 913, 914]",False,[],"[398, 399, 400, 401, 402, 403, 404, 405, 406, 407, 408, 409, 410, 411, 412, 413, 414, 415, 416, 417, 418, 419, 420, 421, 422, 423, 424, 425, 426, 427, 428, 429, 430, 431, 432, 433, 434, 435, 436, 437, 438, 439, 440, 441, 442, 443, 444, 445, 446, 447, 448, 449, 450, 451, 452, 453, 454, 455, 456, 457, 458, 459, 460, 461, 462, 463, 464, 465, 466, 467, 468, 469, 470, 471, 472, 473, 474, 475, 476, 477, 478, 479, 480, 481, 482, 483, 484, 848, 849, 850, 851, 852, 853, 854, 855, 856, 857, 858, 859, 860, 861, 862, 863, 864, 865, 866, 867, 868, 869, 870, 871, 872, 873, 874, 875, 876, 877, 878, 879, 880, 881, 882, 883, 884, 885, 886, 887, 888, 889, 890, 891, 892, 893, 894, 895, 896, 897, 898, 899, 900, 901, 902, 903, 904, 905, 906, 907, 908, 909, 910, 911, 912, 913, 914, 915, 916, 917, 918, 919, 920, 921, 922, 923, 924, 925, 926, 927, 928, 929, 930, 931, 932, 933, 934, 935]","[43, 66, 71, 104, 298, 339, 411, 414, 417, 420, 428, 430, 441, 446, 448, 449, 450, 468, 523, 541, 546, 575, 757, 795, 860, 862, 865, 868, 869, 872, 880, 882, 896, 897, 915]",[],"[399, 401, 405, 408, 428, 436, 439, 445, 447, 848, 850, 854, 858, 880, 887, 890, 895, 927]",[],[],7/6 successful match,False,,False,501,False,,1.0,True,JoAnn's Gearjammer Truck Stop (,
Brigham City ( 84302 ) LW's Travel Plaza ( Pilot # 508 ),435-723-9999 I-15-84 Exit 362 ( West side ),PUDE 24 MO,Brigham City,84302,LW's Travel Plaza ( Pilot # 508 ),435-723-9999,2014,Brigham City,UT,Pilot,( West side ),I-15-84 Exit 362 ,Exit,362,False,,False,I-15-84,,,,,[],"[402, 433, 442, 851, 885, 892]","[402, 433, 851, 885]","[402, 442, 851, 892]","[398, 399, 400, 401, 402, 403, 404, 405, 406, 407, 408, 409, 410, 411, 412, 413, 414, 415, 416, 417, 418, 419, 420, 421, 422, 423, 424, 425, 426, 427, 428, 429, 430, 431, 432, 433, 434, 435, 436, 437, 438, 439, 440, 441, 442, 443, 444, 445, 446, 447, 448, 449, 450, 451, 452, 453, 454, 455, 456, 457, 458, 459, 460, 461, 462, 463, 464, 465, 466, 467, 468, 469, 470, 471, 472, 473, 474, 475, 476, 477, 478, 479, 480, 481, 482, 483, 484, 848, 849, 850, 851, 852, 853, 854, 855, 856, 857, 858, 859, 860, 861, 862, 863, 864, 865, 866, 867, 868, 869, 870, 871, 872, 873, 874, 875, 876, 877, 878, 879, 880, 881, 882, 883, 884, 885, 886, 887, 888, 889, 890, 891, 892, 893, 894, 895, 896, 897, 898, 899, 900, 901, 902, 903, 904, 905, 906, 907, 908, 909, 910, 911, 912, 913, 914, 915, 916, 917, 918, 919, 920, 921, 922, 923, 924, 925, 926, 927, 928, 929, 930, 931, 932, 933, 934, 935]","[16, 125, 156, 163, 168, 184, 205, 222, 229, 253, 258, 265, 313, 317, 336, 340, 341, 356, 363, 365, 366, 367, 370, 375, 388, 391, 394, 396, 402, 410, 411, 412, 413, 415, 416, 417, 418, 419, 422, 423, 425, 429, 431, 433, 435, 437, 440, 441, 442, 443, 451, 452, 456, 457, 458, 460, 461, 464, 465, 471, 473, 474, 475, 481, 482, 501, 596, 628, 635, 655, 675, 693, 716, 720, 725, 771, 775, 793, 796, 797, 811, 817, 818, 820, 825, 838, 841, 844, 846, 851, 857, 861, 862, 863, 864, 866, 867, 868, 870, 871, 874, 875, 877, 881, 883, 885, 888, 891, 892, 893, 898, 899, 904, 905, 907, 908, 911, 912, 918, 920, 921, 922, 923, 924, 926, 931, 933]","[15, 16, 65, 66, 67, 68, 69, 70, 71, 72, 73, 74, 75, 76, 80, 151, 245, 246, 247, 248, 249, 250, 251, 252, 253, 254, 255, 256, 257, 258, 259, 280, 340, 373, 374, 375, 376, 377, 459, 460, 461, 462, 500, 501, 539, 540, 541, 542, 543, 544, 545, 546, 547, 548, 549, 550, 552, 622, 708, 709, 710, 711, 712, 713, 714, 715, 716, 717, 718, 719, 720, 739, 796, 823, 824, 825, 826, 827, 906, 907, 908, 909]","[15, 16, 65, 66, 67, 68, 69, 70, 71, 72, 73, 74, 75, 76, 77, 78, 80, 151, 244, 245, 246, 247, 248, 249, 250, 251, 252, 253, 254, 255, 256, 257, 258, 259, 260, 280, 340, 373, 374, 375, 376, 377, 436, 459, 460, 461, 462, 500, 501, 539, 540, 541, 542, 543, 544, 545, 546, 547, 548, 549, 550, 552, 622, 708, 709, 710, 711, 712, 713, 714, 715, 716, 717, 718, 719, 720, 739, 796, 823, 824, 825, 826, 827, 887, 906, 907, 908, 909]","[916, 917, 918, 15, 919, 16, 920, 921, 539, 540, 541, 542, 922, 543, 544, 545, 546, 923, 547, 388, 548, 549, 924, 550, 552, 925, 926, 927, 928, 65, 66, 929, 67, 68, 69, 70, 930, 71, 72, 73, 74, 931, 75, 76, 80, 77, 932, 78, 596, 933, 934, 935, 622, 391, 628, 635, 125, 655, 151, 336, 156, 163, 675, 168, 373, 340, 341, 693, 184, 394, 374, 708, 709, 710, 711, 712, 713, 376, 714, 716, 205, 715, 717, 720, 718, 719, 725, 375, 222, 739, 229, 396, 244, 245, 246, 247, 248, 249, 250, 251, 252, 253, 254, 255, 356, 256, 258, 771, 257, 259, 260, 775, 265, 377, 280, 793, 796, 797, 363, 811, 365, 817, 366, 818, 820, 367, 823, 313, 825, 824, 826, 317, 827, 370, 838, 841, 844, 846, 848, 849, 850, 851, 852, 853, 854, 855, 856, 857, 858, 859, 860, 861, 862, 863, 864, 865, 866, 867, 868, 869, 870, 871, 872, 873, 874, 875, 876, 877, 878, 879, 880, 881, 882, 883, 884, 885, 886, 887, 888, 889, 890, 891, 892, 893, 894, 895, 896, 897, 898, 899, 900, 901, 902, 903, 904, 905, 906, 907, 908, 909, 398, 399, 400, 401, 402, 403, 404, 405, 406, 407, 408, 409, 410, 411, 412, 413, 414, 415, 416, 417, 418, 419, 420, 421, 422, 423, 424, 425, 426, 427, 428, 429, 430, 431, 432, 433, 434, 435, 436, 437, 438, 439, 440, 441, 442, 443, 444, 445, 446, 447, 448, 449, 450, 451, 452, 453, 454, 455, 456, 457, 458, 459, 460, 461, 462, 463, 464, 465, 466, 467, 468, 469, 470, 471, 472, 473, 474, 475, 476, 477, 478, 479, 480, 481, 482, 483, 484, 910, 911, 912, 913, 500, 501, 914, 915]",False,"[402, 433, 442, 851, 885, 892]","[398, 399, 400, 401, 402, 403, 404, 405, 406, 407, 408, 409, 410, 411, 412, 413, 414, 415, 416, 417, 418, 419, 420, 421, 422, 423, 424, 425, 426, 427, 428, 429, 430, 431, 432, 433, 434, 435, 436, 437, 438, 439, 440, 441, 442, 443, 444, 445, 446, 447, 448, 449, 450, 451, 452, 453, 454, 455, 456, 457, 458, 459, 460, 461, 462, 463, 464, 465, 466, 467, 468, 469, 470, 471, 472, 473, 474, 475, 476, 477, 478, 479, 480, 481, 482, 483, 484, 848, 849, 850, 851, 852, 853, 854, 855, 856, 857, 858, 859, 860, 861, 862, 863, 864, 865, 866, 867, 868, 869, 870, 871, 872, 873, 874, 875, 876, 877, 878, 879, 880, 881, 882, 883, 884, 885, 886, 887, 888, 889, 890, 891, 892, 893, 894, 895, 896, 897, 898, 899, 900, 901, 902, 903, 904, 905, 906, 907, 908, 909, 910, 911, 912, 913, 914, 915, 916, 917, 918, 919, 920, 921, 922, 923, 924, 925, 926, 927, 928, 929, 930, 931, 932, 933, 934, 935]","[402, 433, 851, 885]","[402, 442, 851, 892]","[16, 125, 156, 163, 168, 184, 205, 222, 229, 253, 258, 265, 313, 317, 336, 340, 341, 356, 363, 365, 366, 367, 370, 375, 388, 391, 394, 396, 402, 410, 411, 412, 413, 415, 416, 417, 418, 419, 422, 423, 425, 429, 431, 433, 435, 437, 440, 441, 442, 443, 451, 452, 456, 457, 458, 460, 461, 464, 465, 471, 473, 474, 475, 481, 482, 501, 596, 628, 635, 655, 675, 693, 716, 720, 725, 771, 775, 793, 796, 797, 811, 817, 818, 820, 825, 838, 841, 844, 846, 851, 857, 861, 862, 863, 864, 866, 867, 868, 870, 871, 874, 875, 877, 881, 883, 885, 888, 891, 892, 893, 898, 899, 904, 905, 907, 908, 911, 912, 918, 920, 921, 922, 923, 924, 926, 931, 933]","[15, 16, 65, 66, 67, 68, 69, 70, 71, 72, 73, 74, 75, 76, 77, 78, 80, 151, 244, 245, 246, 247, 248, 249, 250, 251, 252, 253, 254, 255, 256, 257, 258, 259, 260, 280, 340, 373, 374, 375, 376, 377, 436, 459, 460, 461, 462, 500, 501, 539, 540, 541, 542, 543, 544, 545, 546, 547, 548, 549, 550, 552, 622, 708, 709, 710, 711, 712, 713, 714, 715, 716, 717, 718, 719, 720, 739, 796, 823, 824, 825, 826, 827, 887, 906, 907, 908, 909]","[15, 16, 65, 66, 67, 68, 69, 70, 71, 72, 73, 74, 75, 76, 80, 151, 245, 246, 247, 248, 249, 250, 251, 252, 253, 254, 255, 256, 257, 258, 259, 280, 340, 373, 374, 375, 376, 377, 459, 460, 461, 462, 500, 501, 539, 540, 541, 542, 543, 544, 545, 546, 547, 548, 549, 550, 552, 622, 708, 709, 710, 711, 712, 713, 714, 715, 716, 717, 718, 719, 720, 739, 796, 823, 824, 825, 826, 827, 906, 907, 908, 909]",5/6 successful match,False,"[618, 619]",True,501,True,2014,0.140625,True,JoAnn's Gearjammer Truck Stop (,
Brigham City ( 84302 ) LW's Travel Plaza ( Pilot # 508 ),435-723-9999 I-15-84 Exit 362 ( West side ),Pilat 24 MO,Brigham City,84302,LW's Travel Plaza ( Pilot # 508 ),435-723-9999,2015,Brigham City,UT,Pilot,( West side ),I-15-84 Exit 362 ,Exit,362,False,,False,I-15-84,,,,,[],"[402, 433, 442, 851, 885, 892]","[402, 433, 851, 885]","[402, 442, 851, 892]","[398, 399, 400, 401, 402, 403, 404, 405, 406, 407, 408, 409, 410, 411, 412, 413, 414, 415, 416, 417, 418, 419, 420, 421, 422, 423, 424, 425, 426, 427, 428, 429, 430, 431, 432, 433, 434, 435, 436, 437, 438, 439, 440, 441, 442, 443, 444, 445, 446, 447, 448, 449, 450, 451, 452, 453, 454, 455, 456, 457, 458, 459, 460, 461, 462, 463, 464, 465, 466, 467, 468, 469, 470, 471, 472, 473, 474, 475, 476, 477, 478, 479, 480, 481, 482, 483, 484, 848, 849, 850, 851, 852, 853, 854, 855, 856, 857, 858, 859, 860, 861, 862, 863, 864, 865, 866, 867, 868, 869, 870, 871, 872, 873, 874, 875, 876, 877, 878, 879, 880, 881, 882, 883, 884, 885, 886, 887, 888, 889, 890, 891, 892, 893, 894, 895, 896, 897, 898, 899, 900, 901, 902, 903, 904, 905, 906, 907, 908, 909, 910, 911, 912, 913, 914, 915, 916, 917, 918, 919, 920, 921, 922, 923, 924, 925, 926, 927, 928, 929, 930, 931, 932, 933, 934, 935]","[16, 125, 156, 163, 168, 184, 205, 222, 229, 253, 258, 265, 313, 317, 336, 340, 341, 356, 363, 365, 366, 367, 370, 375, 388, 391, 394, 396, 402, 410, 411, 412, 413, 415, 416, 417, 418, 419, 422, 423, 425, 429, 431, 433, 435, 437, 440, 441, 442, 443, 451, 452, 456, 457, 458, 460, 461, 464, 465, 471, 473, 474, 475, 481, 482, 501, 596, 628, 635, 655, 675, 693, 716, 720, 725, 771, 775, 793, 796, 797, 811, 817, 818, 820, 825, 838, 841, 844, 846, 851, 857, 861, 862, 863, 864, 866, 867, 868, 870, 871, 874, 875, 877, 881, 883, 885, 888, 891, 892, 893, 898, 899, 904, 905, 907, 908, 911, 912, 918, 920, 921, 922, 923, 924, 926, 931, 933]","[15, 16, 65, 66, 67, 68, 69, 70, 71, 72, 73, 74, 75, 76, 80, 151, 245, 246, 247, 248, 249, 250, 251, 252, 253, 254, 255, 256, 257, 258, 259, 280, 340, 373, 374, 375, 376, 377, 459, 460, 461, 462, 500, 501, 539, 540, 541, 542, 543, 544, 545, 546, 547, 548, 549, 550, 552, 622, 708, 709, 710, 711, 712, 713, 714, 715, 716, 717, 718, 719, 720, 739, 796, 823, 824, 825, 826, 827, 906, 907, 908, 909]","[15, 16, 65, 66, 67, 68, 69, 70, 71, 72, 73, 74, 75, 76, 77, 78, 80, 151, 244, 245, 246, 247, 248, 249, 250, 251, 252, 253, 254, 255, 256, 257, 258, 259, 260, 280, 340, 373, 374, 375, 376, 377, 436, 459, 460, 461, 462, 500, 501, 539, 540, 541, 542, 543, 544, 545, 546, 547, 548, 549, 550, 552, 622, 708, 709, 710, 711, 712, 713, 714, 715, 716, 717, 718, 719, 720, 739, 796, 823, 824, 825, 826, 827, 887, 906, 907, 908, 909]","[916, 917, 918, 15, 919, 16, 920, 921, 539, 540, 541, 542, 922, 543, 544, 545, 546, 923, 547, 388, 548, 549, 924, 550, 552, 925, 926, 927, 928, 65, 66, 929, 67, 68, 69, 70, 930, 71, 72, 73, 74, 931, 75, 76, 80, 77, 932, 78, 596, 933, 934, 935, 622, 391, 628, 635, 125, 655, 151, 336, 156, 163, 675, 168, 373, 340, 341, 693, 184, 394, 374, 708, 709, 710, 711, 712, 713, 376, 714, 716, 205, 715, 717, 720, 718, 719, 725, 375, 222, 739, 229, 396, 244, 245, 246, 247, 248, 249, 250, 251, 252, 253, 254, 255, 356, 256, 258, 771, 257, 259, 260, 775, 265, 377, 280, 793, 796, 797, 363, 811, 365, 817, 366, 818, 820, 367, 823, 313, 825, 824, 826, 317, 827, 370, 838, 841, 844, 846, 848, 849, 850, 851, 852, 853, 854, 855, 856, 857, 858, 859, 860, 861, 862, 863, 864, 865, 866, 867, 868, 869, 870, 871, 872, 873, 874, 875, 876, 877, 878, 879, 880, 881, 882, 883, 884, 885, 886, 887, 888, 889, 890, 891, 892, 893, 894, 895, 896, 897, 898, 899, 900, 901, 902, 903, 904, 905, 906, 907, 908, 909, 398, 399, 400, 401, 402, 403, 404, 405, 406, 407, 408, 409, 410, 411, 412, 413, 414, 415, 416, 417, 418, 419, 420, 421, 422, 423, 424, 425, 426, 427, 428, 429, 430, 431, 432, 433, 434, 435, 436, 437, 438, 439, 440, 441, 442, 443, 444, 445, 446, 447, 448, 449, 450, 451, 452, 453, 454, 455, 456, 457, 458, 459, 460, 461, 462, 463, 464, 465, 466, 467, 468, 469, 470, 471, 472, 473, 474, 475, 476, 477, 478, 479, 480, 481, 482, 483, 484, 910, 911, 912, 913, 500, 501, 914, 915]",False,"[402, 433, 442, 851, 885, 892]","[398, 399, 400, 401, 402, 403, 404, 405, 406, 407, 408, 409, 410, 411, 412, 413, 414, 415, 416, 417, 418, 419, 420, 421, 422, 423, 424, 425, 426, 427, 428, 429, 430, 431, 432, 433, 434, 435, 436, 437, 438, 439, 440, 441, 442, 443, 444, 445, 446, 447, 448, 449, 450, 451, 452, 453, 454, 455, 456, 457, 458, 459, 460, 461, 462, 463, 464, 465, 466, 467, 468, 469, 470, 471, 472, 473, 474, 475, 476, 477, 478, 479, 480, 481, 482, 483, 484, 848, 849, 850, 851, 852, 853, 854, 855, 856, 857, 858, 859, 860, 861, 862, 863, 864, 865, 866, 867, 868, 869, 870, 871, 872, 873, 874, 875, 876, 877, 878, 879, 880, 881, 882, 883, 884, 885, 886, 887, 888, 889, 890, 891, 892, 893, 894, 895, 896, 897, 898, 899, 900, 901, 902, 903, 904, 905, 906, 907, 908, 909, 910, 911, 912, 913, 914, 915, 916, 917, 918, 919, 920, 921, 922, 923, 924, 925, 926, 927, 928, 929, 930, 931, 932, 933, 934, 935]","[402, 433, 851, 885]","[402, 442, 851, 892]","[16, 125, 156, 163, 168, 184, 205, 222, 229, 253, 258, 265, 313, 317, 336, 340, 341, 356, 363, 365, 366, 367, 370, 375, 388, 391, 394, 396, 402, 410, 411, 412, 413, 415, 416, 417, 418, 419, 422, 423, 425, 429, 431, 433, 435, 437, 440, 441, 442, 443, 451, 452, 456, 457, 458, 460, 461, 464, 465, 471, 473, 474, 475, 481, 482, 501, 596, 628, 635, 655, 675, 693, 716, 720, 725, 771, 775, 793, 796, 797, 811, 817, 818, 820, 825, 838, 841, 844, 846, 851, 857, 861, 862, 863, 864, 866, 867, 868, 870, 871, 874, 875, 877, 881, 883, 885, 888, 891, 892, 893, 898, 899, 904, 905, 907, 908, 911, 912, 918, 920, 921, 922, 923, 924, 926, 931, 933]","[15, 16, 65, 66, 67, 68, 69, 70, 71, 72, 73, 74, 75, 76, 77, 78, 80, 151, 244, 245, 246, 247, 248, 249, 250, 251, 252, 253, 254, 255, 256, 257, 258, 259, 260, 280, 340, 373, 374, 375, 376, 377, 436, 459, 460, 461, 462, 500, 501, 539, 540, 541, 542, 543, 544, 545, 546, 547, 548, 549, 550, 552, 622, 708, 709, 710, 711, 712, 713, 714, 715, 716, 717, 718, 719, 720, 739, 796, 823, 824, 825, 826, 827, 887, 906, 907, 908, 909]","[15, 16, 65, 66, 67, 68, 69, 70, 71, 72, 73, 74, 75, 76, 80, 151, 245, 246, 247, 248, 249, 250, 251, 252, 253, 254, 255, 256, 257, 258, 259, 280, 340, 373, 374, 375, 376, 377, 459, 460, 461, 462, 500, 501, 539, 540, 541, 542, 543, 544, 545, 546, 547, 548, 549, 550, 552, 622, 708, 709, 710, 711, 712, 713, 714, 715, 716, 717, 718, 719, 720, 739, 796, 823, 824, 825, 826, 827, 906, 907, 908, 909]",5/6 successful match,False,"[618, 619]",True,501,False,,1.0,True,LW's Travel Plaza ( Pilot # 508 ),Pilot
Brigham City ( 84302 ) LW's Travel Plaza ( Pilot # 508 ) pilot,3 435-723-9999 I-15-84 Exit 362 ( West side ),24 MOO,Brigham City,84302,LW's Travel Plaza ( Pilot # 508 ) pilot,435-723-9999,2016,Brigham City,UT,Pilot,( West side ),I-15-84 Exit 362 ,Exit,362,False,,False,I-15-84,,,,,[],"[402, 433, 442, 851, 885, 892]","[402, 433, 851, 885]","[402, 442, 851, 892]","[398, 399, 400, 401, 402, 403, 404, 405, 406, 407, 408, 409, 410, 411, 412, 413, 414, 415, 416, 417, 418, 419, 420, 421, 422, 423, 424, 425, 426, 427, 428, 429, 430, 431, 432, 433, 434, 435, 436, 437, 438, 439, 440, 441, 442, 443, 444, 445, 446, 447, 448, 449, 450, 451, 452, 453, 454, 455, 456, 457, 458, 459, 460, 461, 462, 463, 464, 465, 466, 467, 468, 469, 470, 471, 472, 473, 474, 475, 476, 477, 478, 479, 480, 481, 482, 483, 484, 848, 849, 850, 851, 852, 853, 854, 855, 856, 857, 858, 859, 860, 861, 862, 863, 864, 865, 866, 867, 868, 869, 870, 871, 872, 873, 874, 875, 876, 877, 878, 879, 880, 881, 882, 883, 884, 885, 886, 887, 888, 889, 890, 891, 892, 893, 894, 895, 896, 897, 898, 899, 900, 901, 902, 903, 904, 905, 906, 907, 908, 909, 910, 911, 912, 913, 914, 915, 916, 917, 918, 919, 920, 921, 922, 923, 924, 925, 926, 927, 928, 929, 930, 931, 932, 933, 934, 935]","[16, 125, 156, 163, 168, 184, 205, 222, 229, 253, 258, 265, 313, 317, 336, 340, 341, 356, 363, 365, 366, 367, 370, 375, 388, 391, 394, 396, 402, 410, 411, 412, 413, 415, 416, 417, 418, 419, 422, 423, 425, 429, 431, 433, 435, 437, 440, 441, 442, 443, 451, 452, 456, 457, 458, 460, 461, 464, 465, 471, 473, 474, 475, 481, 482, 501, 596, 628, 635, 655, 675, 693, 716, 720, 725, 771, 775, 793, 796, 797, 811, 817, 818, 820, 825, 838, 841, 844, 846, 851, 857, 861, 862, 863, 864, 866, 867, 868, 870, 871, 874, 875, 877, 881, 883, 885, 888, 891, 892, 893, 898, 899, 904, 905, 907, 908, 911, 912, 918, 920, 921, 922, 923, 924, 926, 931, 933]","[15, 16, 65, 66, 67, 68, 69, 70, 71, 72, 73, 74, 75, 76, 80, 151, 245, 246, 247, 248, 249, 250, 251, 252, 253, 254, 255, 256, 257, 258, 259, 280, 340, 373, 374, 375, 376, 377, 459, 460, 461, 462, 500, 501, 539, 540, 541, 542, 543, 544, 545, 546, 547, 548, 549, 550, 552, 622, 708, 709, 710, 711, 712, 713, 714, 715, 716, 717, 718, 719, 720, 739, 796, 823, 824, 825, 826, 827, 906, 907, 908, 909]","[15, 16, 65, 66, 67, 68, 69, 70, 71, 72, 73, 74, 75, 76, 77, 78, 80, 151, 244, 245, 246, 247, 248, 249, 250, 251, 252, 253, 254, 255, 256, 257, 258, 259, 260, 280, 340, 373, 374, 375, 376, 377, 436, 459, 460, 461, 462, 500, 501, 539, 540, 541, 542, 543, 544, 545, 546, 547, 548, 549, 550, 552, 622, 708, 709, 710, 711, 712, 713, 714, 715, 716, 717, 718, 719, 720, 739, 796, 823, 824, 825, 826, 827, 887, 906, 907, 908, 909]","[916, 917, 918, 15, 919, 16, 920, 921, 539, 540, 541, 542, 922, 543, 544, 545, 546, 923, 547, 388, 548, 549, 924, 550, 552, 925, 926, 927, 928, 65, 66, 929, 67, 68, 69, 70, 930, 71, 72, 73, 74, 931, 75, 76, 80, 77, 932, 78, 596, 933, 934, 935, 622, 391, 628, 635, 125, 655, 151, 336, 156, 163, 675, 168, 373, 340, 341, 693, 184, 394, 374, 708, 709, 710, 711, 712, 713, 376, 714, 716, 205, 715, 717, 720, 718, 719, 725, 375, 222, 739, 229, 396, 244, 245, 246, 247, 248, 249, 250, 251, 252, 253, 254, 255, 356, 256, 258, 771, 257, 259, 260, 775, 265, 377, 280, 793, 796, 797, 363, 811, 365, 817, 366, 818, 820, 367, 823, 313, 825, 824, 826, 317, 827, 370, 838, 841, 844, 846, 848, 849, 850, 851, 852, 853, 854, 855, 856, 857, 858, 859, 860, 861, 862, 863, 864, 865, 866, 867, 868, 869, 870, 871, 872, 873, 874, 875, 876, 877, 878, 879, 880, 881, 882, 883, 884, 885, 886, 887, 888, 889, 890, 891, 892, 893, 894, 895, 896, 897, 898, 899, 900, 901, 902, 903, 904, 905, 906, 907, 908, 909, 398, 399, 400, 401, 402, 403, 404, 405, 406, 407, 408, 409, 410, 411, 412, 413, 414, 415, 416, 417, 418, 419, 420, 421, 422, 423, 424, 425, 426, 427, 428, 429, 430, 431, 432, 433, 434, 435, 436, 437, 438, 439, 440, 441, 442, 443, 444, 445, 446, 447, 448, 449, 450, 451, 452, 453, 454, 455, 456, 457, 458, 459, 460, 461, 462, 463, 464, 465, 466, 467, 468, 469, 470, 471, 472, 473, 474, 475, 476, 477, 478, 479, 480, 481, 482, 483, 484, 910, 911, 912, 913, 500, 501, 914, 915]",False,"[402, 433, 442, 851, 885, 892]","[398, 399, 400, 401, 402, 403, 404, 405, 406, 407, 408, 409, 410, 411, 412, 413, 414, 415, 416, 417, 418, 419, 420, 421, 422, 423, 424, 425, 426, 427, 428, 429, 430, 431, 432, 433, 434, 435, 436, 437, 438, 439, 440, 441, 442, 443, 444, 445, 446, 447, 448, 449, 450, 451, 452, 453, 454, 455, 456, 457, 458, 459, 460, 461, 462, 463, 464, 465, 466, 467, 468, 469, 470, 471, 472, 473, 474, 475, 476, 477, 478, 479, 480, 481, 482, 483, 484, 848, 849, 850, 851, 852, 853, 854, 855, 856, 857, 858, 859, 860, 861, 862, 863, 864, 865, 866, 867, 868, 869, 870, 871, 872, 873, 874, 875, 876, 877, 878, 879, 880, 881, 882, 883, 884, 885, 886, 887, 888, 889, 890, 891, 892, 893, 894, 895, 896, 897, 898, 899, 900, 901, 902, 903, 904, 905, 906, 907, 908, 909, 910, 911, 912, 913, 914, 915, 916, 917, 918, 919, 920, 921, 922, 923, 924, 925, 926, 927, 928, 929, 930, 931, 932, 933, 934, 935]","[402, 433, 851, 885]","[402, 442, 851, 892]","[16, 125, 156, 163, 168, 184, 205, 222, 229, 253, 258, 265, 313, 317, 336, 340, 341, 356, 363, 365, 366, 367, 370, 375, 388, 391, 394, 396, 402, 410, 411, 412, 413, 415, 416, 417, 418, 419, 422, 423, 425, 429, 431, 433, 435, 437, 440, 441, 442, 443, 451, 452, 456, 457, 458, 460, 461, 464, 465, 471, 473, 474, 475, 481, 482, 501, 596, 628, 635, 655, 675, 693, 716, 720, 725, 771, 775, 793, 796, 797, 811, 817, 818, 820, 825, 838, 841, 844, 846, 851, 857, 861, 862, 863, 864, 866, 867, 868, 870, 871, 874, 875, 877, 881, 883, 885, 888, 891, 892, 893, 898, 899, 904, 905, 907, 908, 911, 912, 918, 920, 921, 922, 923, 924, 926, 931, 933]","[15, 16, 65, 66, 67, 68, 69, 70, 71, 72, 73, 74, 75, 76, 77, 78, 80, 151, 244, 245, 246, 247, 248, 249, 250, 251, 252, 253, 254, 255, 256, 257, 258, 259, 260, 280, 340, 373, 374, 375, 376, 377, 436, 459, 460, 461, 462, 500, 501, 539, 540, 541, 542, 543, 544, 545, 546, 547, 548, 549, 550, 552, 622, 708, 709, 710, 711, 712, 713, 714, 715, 716, 717, 718, 719, 720, 739, 796, 823, 824, 825, 826, 827, 887, 906, 907, 908, 909]","[15, 16, 65, 66, 67, 68, 69, 70, 71, 72, 73, 74, 75, 76, 80, 151, 245, 246, 247, 248, 249, 250, 251, 252, 253, 254, 255, 256, 257, 258, 259, 280, 340, 373, 374, 375, 376, 377, 459, 460, 461, 462, 500, 501, 539, 540, 541, 542, 543, 544, 545, 546, 547, 548, 549, 550, 552, 622, 708, 709, 710, 711, 712, 713, 714, 715, 716, 717, 718, 719, 720, 739, 796, 823, 824, 825, 826, 827, 906, 907, 908, 909]",5/6 successful match,False,"[618, 619]",True,501,False,,1.0,True,LW's Travel Plaza ( Pilot # 508 ),Pilot
Corinne ( 84307 ) Bear River Valley Co - Op,435-744-2211 UT 83 ( W of UT 13 ),<U+2610> S,Corinne,84307,Bear River Valley Co - Op,435-744-2211,2014,Corinne,UT,,( W of UT 13 ),UT 83,empty,,False,,False,UT 83,,,,,"[401, 850]","[401, 850]","[401, 850]",[],"[398, 399, 400, 401, 402, 403, 404, 405, 406, 407, 408, 409, 410, 411, 412, 413, 414, 415, 416, 417, 418, 419, 420, 421, 422, 423, 424, 425, 426, 427, 428, 429, 430, 431, 432, 433, 434, 435, 436, 437, 438, 439, 440, 441, 442, 443, 444, 445, 446, 447, 448, 449, 450, 451, 452, 453, 454, 455, 456, 457, 458, 459, 460, 461, 462, 463, 464, 465, 466, 467, 468, 469, 470, 471, 472, 473, 474, 475, 476, 477, 478, 479, 480, 481, 482, 483, 484, 848, 849, 850, 851, 852, 853, 854, 855, 856, 857, 858, 859, 860, 861, 862, 863, 864, 865, 866, 867, 868, 869, 870, 871, 872, 873, 874, 875, 876, 877, 878, 879, 880, 881, 882, 883, 884, 885, 886, 887, 888, 889, 890, 891, 892, 893, 894, 895, 896, 897, 898, 899, 900, 901, 902, 903, 904, 905, 906, 907, 908, 909, 910, 911, 912, 913, 914, 915, 916, 917, 918, 919, 920, 921, 922, 923, 924, 925, 926, 927, 928, 929, 930, 931, 932, 933, 934, 935]","[399, 401, 405, 408, 428, 436, 439, 445, 447, 848, 850, 854, 858, 880, 887, 890, 895, 927]",[],"[127, 154, 218, 279, 321, 322, 323, 324, 325, 326, 394, 401, 598, 626, 686, 738, 779, 780, 781, 782, 783, 784, 844, 850]","[916, 917, 918, 919, 920, 921, 922, 923, 924, 925, 926, 927, 928, 929, 930, 931, 932, 598, 933, 934, 935, 626, 127, 154, 686, 394, 218, 738, 779, 780, 781, 782, 783, 784, 279, 321, 322, 323, 324, 325, 326, 844, 848, 849, 850, 851, 852, 853, 854, 855, 856, 857, 858, 859, 860, 861, 862, 863, 864, 865, 866, 867, 868, 869, 870, 871, 872, 873, 874, 875, 876, 877, 878, 879, 880, 881, 882, 883, 884, 885, 886, 887, 888, 889, 890, 891, 892, 893, 894, 895, 896, 897, 898, 899, 900, 901, 902, 903, 904, 905, 906, 907, 908, 909, 398, 399, 400, 401, 402, 403, 404, 405, 406, 407, 408, 409, 410, 411, 412, 413, 414, 415, 416, 417, 418, 419, 420, 421, 422, 423, 424, 425, 426, 427, 428, 429, 430, 431, 432, 433, 434, 435, 436, 437, 438, 439, 440, 441, 442, 443, 444, 445, 446, 447, 448, 449, 450, 451, 452, 453, 454, 455, 456, 457, 458, 459, 460, 461, 462, 463, 464, 465, 466, 467, 468, 469, 470, 471, 472, 473, 474, 475, 476, 477, 478, 479, 480, 481, 482, 483, 484, 910, 911, 912, 913, 914, 915]",True,"[401, 850]","[398, 399, 400, 401, 402, 403, 404, 405, 406, 407, 408, 409, 410, 411, 412, 413, 414, 415, 416, 417, 418, 419, 420, 421, 422, 423, 424, 425, 426, 427, 428, 429, 430, 431, 432, 433, 434, 435, 436, 437, 438, 439, 440, 441, 442, 443, 444, 445, 446, 447, 448, 449, 450, 451, 452, 453, 454, 455, 456, 457, 458, 459, 460, 461, 462, 463, 464, 465, 466, 467, 468, 469, 470, 471, 472, 473, 474, 475, 476, 477, 478, 479, 480, 481, 482, 483, 484, 848, 849, 850, 851, 852, 853, 854, 855, 856, 857, 858, 859, 860, 861, 862, 863, 864, 865, 866, 867, 868, 869, 870, 871, 872, 873, 874, 875, 876, 877, 878, 879, 880, 881, 882, 883, 884, 885, 886, 887, 888, 889, 890, 891, 892, 893, 894, 895, 896, 897, 898, 899, 900, 901, 902, 903, 904, 905, 906, 907, 908, 909, 910, 911, 912, 913, 914, 915, 916, 917, 918, 919, 920, 921, 922, 923, 924, 925, 926, 927, 928, 929, 930, 931, 932, 933, 934, 935]","[401, 850]",[],"[399, 401, 405, 408, 428, 436, 439, 445, 447, 848, 850, 854, 858, 880, 887, 890, 895, 927]","[127, 154, 218, 279, 321, 322, 323, 324, 325, 326, 394, 401, 598, 626, 686, 738, 779, 780, 781, 782, 783, 784, 844, 850]",[],7/6 successful match,True,"[269, 270]",True,502,False,,,,,
Corinne ( 84307 ) Bear River Valley Co - Op,435-744-2211 UT 83 ( W of UT 13 ),<U+2610> SO <U+2610> <U+2610>,Corinne,84307,Bear River Valley Co - Op,435-744-2211,2015,Corinne,UT,,( W of UT 13 ),UT 83,empty,,False,,False,UT 83,,,,,"[401, 850]","[401, 850]","[401, 850]",[],"[398, 399, 400, 401, 402, 403, 404, 405, 406, 407, 408, 409, 410, 411, 412, 413, 414, 415, 416, 417, 418, 419, 420, 421, 422, 423, 424, 425, 426, 427, 428, 429, 430, 431, 432, 433, 434, 435, 436, 437, 438, 439, 440, 441, 442, 443, 444, 445, 446, 447, 448, 449, 450, 451, 452, 453, 454, 455, 456, 457, 458, 459, 460, 461, 462, 463, 464, 465, 466, 467, 468, 469, 470, 471, 472, 473, 474, 475, 476, 477, 478, 479, 480, 481, 482, 483, 484, 848, 849, 850, 851, 852, 853, 854, 855, 856, 857, 858, 859, 860, 861, 862, 863, 864, 865, 866, 867, 868, 869, 870, 871, 872, 873, 874, 875, 876, 877, 878, 879, 880, 881, 882, 883, 884, 885, 886, 887, 888, 889, 890, 891, 892, 893, 894, 895, 896, 897, 898, 899, 900, 901, 902, 903, 904, 905, 906, 907, 908, 909, 910, 911, 912, 913, 914, 915, 916, 917, 918, 919, 920, 921, 922, 923, 924, 925, 926, 927, 928, 929, 930, 931, 932, 933, 934, 935]","[399, 401, 405, 408, 428, 436, 439, 445, 447, 848, 850, 854, 858, 880, 887, 890, 895, 927]",[],"[127, 154, 218, 279, 321, 322, 323, 324, 325, 326, 394, 401, 598, 626, 686, 738, 779, 780, 781, 782, 783, 784, 844, 850]","[916, 917, 918, 919, 920, 921, 922, 923, 924, 925, 926, 927, 928, 929, 930, 931, 932, 598, 933, 934, 935, 626, 127, 154, 686, 394, 218, 738, 779, 780, 781, 782, 783, 784, 279, 321, 322, 323, 324, 325, 326, 844, 848, 849, 850, 851, 852, 853, 854, 855, 856, 857, 858, 859, 860, 861, 862, 863, 864, 865, 866, 867, 868, 869, 870, 871, 872, 873, 874, 875, 876, 877, 878, 879, 880, 881, 882, 883, 884, 885, 886, 887, 888, 889, 890, 891, 892, 893, 894, 895, 896, 897, 898, 899, 900, 901, 902, 903, 904, 905, 906, 907, 908, 909, 398, 399, 400, 401, 402, 403, 404, 405, 406, 407, 408, 409, 410, 411, 412, 413, 414, 415, 416, 417, 418, 419, 420, 421, 422, 423, 424, 425, 426, 427, 428, 429, 430, 431, 432, 433, 434, 435, 436, 437, 438, 439, 440, 441, 442, 443, 444, 445, 446, 447, 448, 449, 450, 451, 452, 453, 454, 455, 456, 457, 458, 459, 460, 461, 462, 463, 464, 465, 466, 467, 468, 469, 470, 471, 472, 473, 474, 475, 476, 477, 478, 479, 480, 481, 482, 483, 484, 910, 911, 912, 913, 914, 915]",True,"[401, 850]","[398, 399, 400, 401, 402, 403, 404, 405, 406, 407, 408, 409, 410, 411, 412, 413, 414, 415, 416, 417, 418, 419, 420, 421, 422, 423, 424, 425, 426, 427, 428, 429, 430, 431, 432, 433, 434, 435, 436, 437, 438, 439, 440, 441, 442, 443, 444, 445, 446, 447, 448, 449, 450, 451, 452, 453, 454, 455, 456, 457, 458, 459, 460, 461, 462, 463, 464, 465, 466, 467, 468, 469, 470, 471, 472, 473, 474, 475, 476, 477, 478, 479, 480, 481, 482, 483, 484, 848, 849, 850, 851, 852, 853, 854, 855, 856, 857, 858, 859, 860, 861, 862, 863, 864, 865, 866, 867, 868, 869, 870, 871, 872, 873, 874, 875, 876, 877, 878, 879, 880, 881, 882, 883, 884, 885, 886, 887, 888, 889, 890, 891, 892, 893, 894, 895, 896, 897, 898, 899, 900, 901, 902, 903, 904, 905, 906, 907, 908, 909, 910, 911, 912, 913, 914, 915, 916, 917, 918, 919, 920, 921, 922, 923, 924, 925, 926, 927, 928, 929, 930, 931, 932, 933, 934, 935]","[401, 850]",[],"[399, 401, 405, 408, 428, 436, 439, 445, 447, 848, 850, 854, 858, 880, 887, 890, 895, 927]","[127, 154, 218, 279, 321, 322, 323, 324, 325, 326, 394, 401, 598, 626, 686, 738, 779, 780, 781, 782, 783, 784, 844, 850]",[],7/6 successful match,True,"[269, 270]",True,502,False,,1.0,True,Bear River Valley Co - Op,
Corinne ( 84307 ) Bear River Valley Co - Op,435-744-2211 UT 83 ( W of UT 13 ),S <U+25A1> D,Corinne,84307,Bear River Valley Co - Op,435-744-2211,2016,Corinne,UT,,( W of UT 13 ),UT 83,empty,,False,,False,UT 83,,,,,"[401, 850]","[401, 850]","[401, 850]",[],"[398, 399, 400, 401, 402, 403, 404, 405, 406, 407, 408, 409, 410, 411, 412, 413, 414, 415, 416, 417, 418, 419, 420, 421, 422, 423, 424, 425, 426, 427, 428, 429, 430, 431, 432, 433, 434, 435, 436, 437, 438, 439, 440, 441, 442, 443, 444, 445, 446, 447, 448, 449, 450, 451, 452, 453, 454, 455, 456, 457, 458, 459, 460, 461, 462, 463, 464, 465, 466, 467, 468, 469, 470, 471, 472, 473, 474, 475, 476, 477, 478, 479, 480, 481, 482, 483, 484, 848, 849, 850, 851, 852, 853, 854, 855, 856, 857, 858, 859, 860, 861, 862, 863, 864, 865, 866, 867, 868, 869, 870, 871, 872, 873, 874, 875, 876, 877, 878, 879, 880, 881, 882, 883, 884, 885, 886, 887, 888, 889, 890, 891, 892, 893, 894, 895, 896, 897, 898, 899, 900, 901, 902, 903, 904, 905, 906, 907, 908, 909, 910, 911, 912, 913, 914, 915, 916, 917, 918, 919, 920, 921, 922, 923, 924, 925, 926, 927, 928, 929, 930, 931, 932, 933, 934, 935]","[399, 401, 405, 408, 428, 436, 439, 445, 447, 848, 850, 854, 858, 880, 887, 890, 895, 927]",[],"[127, 154, 218, 279, 321, 322, 323, 324, 325, 326, 394, 401, 598, 626, 686, 738, 779, 780, 781, 782, 783, 784, 844, 850]","[916, 917, 918, 919, 920, 921, 922, 923, 924, 925, 926, 927, 928, 929, 930, 931, 932, 598, 933, 934, 935, 626, 127, 154, 686, 394, 218, 738, 779, 780, 781, 782, 783, 784, 279, 321, 322, 323, 324, 325, 326, 844, 848, 849, 850, 851, 852, 853, 854, 855, 856, 857, 858, 859, 860, 861, 862, 863, 864, 865, 866, 867, 868, 869, 870, 871, 872, 873, 874, 875, 876, 877, 878, 879, 880, 881, 882, 883, 884, 885, 886, 887, 888, 889, 890, 891, 892, 893, 894, 895, 896, 897, 898, 899, 900, 901, 902, 903, 904, 905, 906, 907, 908, 909, 398, 399, 400, 401, 402, 403, 404, 405, 406, 407, 408, 409, 410, 411, 412, 413, 414, 415, 416, 417, 418, 419, 420, 421, 422, 423, 424, 425, 426, 427, 428, 429, 430, 431, 432, 433, 434, 435, 436, 437, 438, 439, 440, 441, 442, 443, 444, 445, 446, 447, 448, 449, 450, 451, 452, 453, 454, 455, 456, 457, 458, 459, 460, 461, 462, 463, 464, 465, 466, 467, 468, 469, 470, 471, 472, 473, 474, 475, 476, 477, 478, 479, 480, 481, 482, 483, 484, 910, 911, 912, 913, 914, 915]",True,"[401, 850]","[398, 399, 400, 401, 402, 403, 404, 405, 406, 407, 408, 409, 410, 411, 412, 413, 414, 415, 416, 417, 418, 419, 420, 421, 422, 423, 424, 425, 426, 427, 428, 429, 430, 431, 432, 433, 434, 435, 436, 437, 438, 439, 440, 441, 442, 443, 444, 445, 446, 447, 448, 449, 450, 451, 452, 453, 454, 455, 456, 457, 458, 459, 460, 461, 462, 463, 464, 465, 466, 467, 468, 469, 470, 471, 472, 473, 474, 475, 476, 477, 478, 479, 480, 481, 482, 483, 484, 848, 849, 850, 851, 852, 853, 854, 855, 856, 857, 858, 859, 860, 861, 862, 863, 864, 865, 866, 867, 868, 869, 870, 871, 872, 873, 874, 875, 876, 877, 878, 879, 880, 881, 882, 883, 884, 885, 886, 887, 888, 889, 890, 891, 892, 893, 894, 895, 896, 897, 898, 899, 900, 901, 902, 903, 904, 905, 906, 907, 908, 909, 910, 911, 912, 913, 914, 915, 916, 917, 918, 919, 920, 921, 922, 923, 924, 925, 926, 927, 928, 929, 930, 931, 932, 933, 934, 935]","[401, 850]",[],"[399, 401, 405, 408, 428, 436, 439, 445, 447, 848, 850, 854, 858, 880, 887, 890, 895, 927]","[127, 154, 218, 279, 321, 322, 323, 324, 325, 326, 394, 401, 598, 626, 686, 738, 779, 780, 781, 782, 783, 784, 844, 850]",[],7/6 successful match,True,"[269, 270]",True,502,False,,1.0,True,Bear River Valley Co - Op,
Logan ( 84321 ) Thomas Petroleum ( Sinclair ),435-753-4930 1070 UT 30 W & UT 252,<U+2610><U+2610> <U+2610> <U+2610> D,Logan,84321,Thomas Petroleum ( Sinclair ),435-753-4930,2014,Logan,UT,Sinclair,,1070 UT 30 W & UT 252,Proper,,False,,False,UT 30,UT 252,,,,[927],"[436, 439, 887, 890, 927]","[436, 439, 887, 890, 927]",[],"[398, 399, 400, 401, 402, 403, 404, 405, 406, 407, 408, 409, 410, 411, 412, 413, 414, 415, 416, 417, 418, 419, 420, 421, 422, 423, 424, 425, 426, 427, 428, 429, 430, 431, 432, 433, 434, 435, 436, 437, 438, 439, 440, 441, 442, 443, 444, 445, 446, 447, 448, 449, 450, 451, 452, 453, 454, 455, 456, 457, 458, 459, 460, 461, 462, 463, 464, 465, 466, 467, 468, 469, 470, 471, 472, 473, 474, 475, 476, 477, 478, 479, 480, 481, 482, 483, 484, 848, 849, 850, 851, 852, 853, 854, 855, 856, 857, 858, 859, 860, 861, 862, 863, 864, 865, 866, 867, 868, 869, 870, 871, 872, 873, 874, 875, 876, 877, 878, 879, 880, 881, 882, 883, 884, 885, 886, 887, 888, 889, 890, 891, 892, 893, 894, 895, 896, 897, 898, 899, 900, 901, 902, 903, 904, 905, 906, 907, 908, 909, 910, 911, 912, 913, 914, 915, 916, 917, 918, 919, 920, 921, 922, 923, 924, 925, 926, 927, 928, 929, 930, 931, 932, 933, 934, 935]","[399, 401, 405, 408, 428, 436, 439, 445, 447, 848, 850, 854, 858, 880, 887, 890, 895, 927]","[31, 142, 147, 180, 338, 352, 367, 387, 403, 405, 408, 410, 455, 465, 466, 468, 470, 472, 473, 483, 484, 514, 613, 618, 651, 794, 807, 837, 852, 854, 858, 861, 902, 912, 913, 915, 917, 919, 920, 931, 934, 935]","[31, 142, 147, 176, 177, 180, 325, 332, 338, 352, 367, 387, 403, 405, 408, 410, 455, 465, 466, 467, 468, 470, 472, 473, 483, 484, 514, 613, 618, 647, 648, 651, 783, 789, 794, 807, 837, 852, 854, 858, 861, 902, 912, 913, 914, 915, 917, 919, 920, 927, 931, 934, 935]","[916, 514, 917, 918, 387, 919, 920, 921, 922, 31, 923, 924, 925, 926, 928, 929, 930, 931, 932, 933, 934, 935, 613, 618, 647, 648, 651, 142, 147, 338, 176, 177, 180, 352, 783, 789, 794, 807, 367, 837, 325, 332, 848, 849, 850, 851, 852, 853, 854, 855, 856, 857, 858, 859, 860, 861, 862, 863, 864, 865, 866, 867, 868, 869, 870, 871, 872, 873, 874, 875, 876, 877, 878, 879, 880, 881, 882, 883, 884, 885, 886, 887, 888, 889, 890, 891, 892, 893, 894, 895, 896, 897, 898, 899, 900, 901, 902, 903, 904, 905, 906, 907, 908, 909, 398, 399, 400, 401, 402, 403, 404, 405, 406, 407, 408, 409, 410, 411, 412, 413, 414, 927, 415, 416, 417, 418, 419, 420, 421, 422, 423, 424, 425, 426, 427, 428, 429, 430, 431, 432, 433, 434, 436, 435, 437, 439, 438, 440, 441, 442, 443, 444, 445, 446, 447, 448, 449, 450, 451, 452, 453, 454, 455, 456, 457, 458, 459, 460, 461, 462, 463, 464, 465, 466, 467, 468, 469, 470, 471, 472, 473, 474, 475, 476, 477, 478, 479, 480, 481, 482, 483, 484, 910, 911, 912, 913, 914, 915]",True,"[436, 439, 887, 890, 927]","[398, 399, 400, 401, 402, 403, 404, 405, 406, 407, 408, 409, 410, 411, 412, 413, 414, 415, 416, 417, 418, 419, 420, 421, 422, 423, 424, 425, 426, 427, 428, 429, 430, 431, 432, 433, 434, 435, 436, 437, 438, 439, 440, 441, 442, 443, 444, 445, 446, 447, 448, 449, 450, 451, 452, 453, 454, 455, 456, 457, 458, 459, 460, 461, 462, 463, 464, 465, 466, 467, 468, 469, 470, 471, 472, 473, 474, 475, 476, 477, 478, 479, 480, 481, 482, 483, 484, 848, 849, 850, 851, 852, 853, 854, 855, 856, 857, 858, 859, 860, 861, 862, 863, 864, 865, 866, 867, 868, 869, 870, 871, 872, 873, 874, 875, 876, 877, 878, 879, 880, 881, 882, 883, 884, 885, 886, 887, 888, 889, 890, 891, 892, 893, 894, 895, 896, 897, 898, 899, 900, 901, 902, 903, 904, 905, 906, 907, 908, 909, 910, 911, 912, 913, 914, 915, 916, 917, 918, 919, 920, 921, 922, 923, 924, 925, 926, 927, 928, 929, 930, 931, 932, 933, 934, 935]","[436, 439, 887, 890, 927]",[],"[399, 401, 405, 408, 428, 436, 439, 445, 447, 848, 850, 854, 858, 880, 887, 890, 895, 927]","[31, 142, 147, 176, 177, 180, 325, 332, 338, 352, 367, 387, 403, 405, 408, 410, 455, 465, 466, 467, 468, 470, 472, 473, 483, 484, 514, 613, 618, 647, 648, 651, 783, 789, 794, 807, 837, 852, 854, 858, 861, 902, 912, 913, 914, 915, 917, 919, 920, 927, 931, 934, 935]","[31, 142, 147, 180, 338, 352, 367, 387, 403, 405, 408, 410, 455, 465, 466, 468, 470, 472, 473, 483, 484, 514, 613, 618, 651, 794, 807, 837, 852, 854, 858, 861, 902, 912, 913, 915, 917, 919, 920, 931, 934, 935]",6/6 successful match,True,,False,503,False,,,,,
Logan ( 84321 ) Thomas Petroleum ( Sinclair ),435-753-4930 1070 UT 30 W & UT 252,<U+25A1>,Logan,84321,Thomas Petroleum ( Sinclair ),435-753-4930,2015,Logan,UT,Sinclair,,1070 UT 30 W & UT 252,Proper,,False,,False,UT 30,UT 252,,,,[927],"[436, 439, 887, 890, 927]","[436, 439, 887, 890, 927]",[],"[398, 399, 400, 401, 402, 403, 404, 405, 406, 407, 408, 409, 410, 411, 412, 413, 414, 415, 416, 417, 418, 419, 420, 421, 422, 423, 424, 425, 426, 427, 428, 429, 430, 431, 432, 433, 434, 435, 436, 437, 438, 439, 440, 441, 442, 443, 444, 445, 446, 447, 448, 449, 450, 451, 452, 453, 454, 455, 456, 457, 458, 459, 460, 461, 462, 463, 464, 465, 466, 467, 468, 469, 470, 471, 472, 473, 474, 475, 476, 477, 478, 479, 480, 481, 482, 483, 484, 848, 849, 850, 851, 852, 853, 854, 855, 856, 857, 858, 859, 860, 861, 862, 863, 864, 865, 866, 867, 868, 869, 870, 871, 872, 873, 874, 875, 876, 877, 878, 879, 880, 881, 882, 883, 884, 885, 886, 887, 888, 889, 890, 891, 892, 893, 894, 895, 896, 897, 898, 899, 900, 901, 902, 903, 904, 905, 906, 907, 908, 909, 910, 911, 912, 913, 914, 915, 916, 917, 918, 919, 920, 921, 922, 923, 924, 925, 926, 927, 928, 929, 930, 931, 932, 933, 934, 935]","[399, 401, 405, 408, 428, 436, 439, 445, 447, 848, 850, 854, 858, 880, 887, 890, 895, 927]","[31, 142, 147, 180, 338, 352, 367, 387, 403, 405, 408, 410, 455, 465, 466, 468, 470, 472, 473, 483, 484, 514, 613, 618, 651, 794, 807, 837, 852, 854, 858, 861, 902, 912, 913, 915, 917, 919, 920, 931, 934, 935]","[31, 142, 147, 176, 177, 180, 325, 332, 338, 352, 367, 387, 403, 405, 408, 410, 455, 465, 466, 467, 468, 470, 472, 473, 483, 484, 514, 613, 618, 647, 648, 651, 783, 789, 794, 807, 837, 852, 854, 858, 861, 902, 912, 913, 914, 915, 917, 919, 920, 927, 931, 934, 935]","[916, 514, 917, 918, 387, 919, 920, 921, 922, 31, 923, 924, 925, 926, 928, 929, 930, 931, 932, 933, 934, 935, 613, 618, 647, 648, 651, 142, 147, 338, 176, 177, 180, 352, 783, 789, 794, 807, 367, 837, 325, 332, 848, 849, 850, 851, 852, 853, 854, 855, 856, 857, 858, 859, 860, 861, 862, 863, 864, 865, 866, 867, 868, 869, 870, 871, 872, 873, 874, 875, 876, 877, 878, 879, 880, 881, 882, 883, 884, 885, 886, 887, 888, 889, 890, 891, 892, 893, 894, 895, 896, 897, 898, 899, 900, 901, 902, 903, 904, 905, 906, 907, 908, 909, 398, 399, 400, 401, 402, 403, 404, 405, 406, 407, 408, 409, 410, 411, 412, 413, 414, 927, 415, 416, 417, 418, 419, 420, 421, 422, 423, 424, 425, 426, 427, 428, 429, 430, 431, 432, 433, 434, 436, 435, 437, 439, 438, 440, 441, 442, 443, 444, 445, 446, 447, 448, 449, 450, 451, 452, 453, 454, 455, 456, 457, 458, 459, 460, 461, 462, 463, 464, 465, 466, 467, 468, 469, 470, 471, 472, 473, 474, 475, 476, 477, 478, 479, 480, 481, 482, 483, 484, 910, 911, 912, 913, 914, 915]",True,"[436, 439, 887, 890, 927]","[398, 399, 400, 401, 402, 403, 404, 405, 406, 407, 408, 409, 410, 411, 412, 413, 414, 415, 416, 417, 418, 419, 420, 421, 422, 423, 424, 425, 426, 427, 428, 429, 430, 431, 432, 433, 434, 435, 436, 437, 438, 439, 440, 441, 442, 443, 444, 445, 446, 447, 448, 449, 450, 451, 452, 453, 454, 455, 456, 457, 458, 459, 460, 461, 462, 463, 464, 465, 466, 467, 468, 469, 470, 471, 472, 473, 474, 475, 476, 477, 478, 479, 480, 481, 482, 483, 484, 848, 849, 850, 851, 852, 853, 854, 855, 856, 857, 858, 859, 860, 861, 862, 863, 864, 865, 866, 867, 868, 869, 870, 871, 872, 873, 874, 875, 876, 877, 878, 879, 880, 881, 882, 883, 884, 885, 886, 887, 888, 889, 890, 891, 892, 893, 894, 895, 896, 897, 898, 899, 900, 901, 902, 903, 904, 905, 906, 907, 908, 909, 910, 911, 912, 913, 914, 915, 916, 917, 918, 919, 920, 921, 922, 923, 924, 925, 926, 927, 928, 929, 930, 931, 932, 933, 934, 935]","[436, 439, 887, 890, 927]",[],"[399, 401, 405, 408, 428, 436, 439, 445, 447, 848, 850, 854, 858, 880, 887, 890, 895, 927]","[31, 142, 147, 176, 177, 180, 325, 332, 338, 352, 367, 387, 403, 405, 408, 410, 455, 465, 466, 467, 468, 470, 472, 473, 483, 484, 514, 613, 618, 647, 648, 651, 783, 789, 794, 807, 837, 852, 854, 858, 861, 902, 912, 913, 914, 915, 917, 919, 920, 927, 931, 934, 935]","[31, 142, 147, 180, 338, 352, 367, 387, 403, 405, 408, 410, 455, 465, 466, 468, 470, 472, 473, 483, 484, 514, 613, 618, 651, 794, 807, 837, 852, 854, 858, 861, 902, 912, 913, 915, 917, 919, 920, 931, 934, 935]",6/6 successful match,True,,False,503,False,,1.0,True,Thomas Petroleum ( Sinclair ),Sinclair
Logan ( 84321 ) Thomas Petroleum,435-753-4930 1070 UT 30 W & UT 252,,Logan,84321,Thomas Petroleum,435-753-4930,2016,Logan,UT,,,1070 UT 30 W & UT 252,Proper,,False,,False,UT 30,UT 252,,,,[927],"[436, 439, 887, 890, 927]","[436, 439, 887, 890, 927]",[],"[398, 399, 400, 401, 402, 403, 404, 405, 406, 407, 408, 409, 410, 411, 412, 413, 414, 415, 416, 417, 418, 419, 420, 421, 422, 423, 424, 425, 426, 427, 428, 429, 430, 431, 432, 433, 434, 435, 436, 437, 438, 439, 440, 441, 442, 443, 444, 445, 446, 447, 448, 449, 450, 451, 452, 453, 454, 455, 456, 457, 458, 459, 460, 461, 462, 463, 464, 465, 466, 467, 468, 469, 470, 471, 472, 473, 474, 475, 476, 477, 478, 479, 480, 481, 482, 483, 484, 848, 849, 850, 851, 852, 853, 854, 855, 856, 857, 858, 859, 860, 861, 862, 863, 864, 865, 866, 867, 868, 869, 870, 871, 872, 873, 874, 875, 876, 877, 878, 879, 880, 881, 882, 883, 884, 885, 886, 887, 888, 889, 890, 891, 892, 893, 894, 895, 896, 897, 898, 899, 900, 901, 902, 903, 904, 905, 906, 907, 908, 909, 910, 911, 912, 913, 914, 915, 916, 917, 918, 919, 920, 921, 922, 923, 924, 925, 926, 927, 928, 929, 930, 931, 932, 933, 934, 935]","[399, 401, 405, 408, 428, 436, 439, 445, 447, 848, 850, 854, 858, 880, 887, 890, 895, 927]",[],"[176, 177, 325, 332, 467, 483, 484, 647, 648, 783, 789, 914, 927, 934, 935]","[916, 917, 918, 919, 920, 921, 922, 923, 924, 925, 926, 928, 929, 930, 931, 932, 933, 934, 935, 647, 648, 176, 177, 783, 789, 325, 332, 848, 849, 850, 851, 852, 853, 854, 855, 856, 857, 858, 859, 860, 861, 862, 863, 864, 865, 866, 867, 868, 869, 870, 871, 872, 873, 874, 875, 876, 877, 878, 879, 880, 881, 882, 883, 884, 885, 886, 887, 888, 889, 890, 891, 892, 893, 894, 895, 896, 897, 898, 899, 900, 901, 902, 903, 904, 905, 906, 907, 908, 909, 398, 399, 400, 401, 402, 403, 404, 405, 406, 407, 408, 409, 410, 411, 412, 413, 414, 927, 415, 416, 417, 418, 419, 420, 421, 422, 423, 424, 425, 426, 427, 428, 429, 430, 431, 432, 433, 434, 436, 435, 437, 439, 438, 440, 441, 442, 443, 444, 445, 446, 447, 448, 449, 450, 451, 452, 453, 454, 455, 456, 457, 458, 459, 460, 461, 462, 463, 464, 465, 466, 467, 468, 469, 470, 471, 472, 473, 474, 475, 476, 477, 478, 479, 480, 481, 482, 483, 484, 910, 911, 912, 913, 914, 915]",True,"[436, 439, 887, 890, 927]","[398, 399, 400, 401, 402, 403, 404, 405, 406, 407, 408, 409, 410, 411, 412, 413, 414, 415, 416, 417, 418, 419, 420, 421, 422, 423, 424, 425, 426, 427, 428, 429, 430, 431, 432, 433, 434, 435, 436, 437, 438, 439, 440, 441, 442, 443, 444, 445, 446, 447, 448, 449, 450, 451, 452, 453, 454, 455, 456, 457, 458, 459, 460, 461, 462, 463, 464, 465, 466, 467, 468, 469, 470, 471, 472, 473, 474, 475, 476, 477, 478, 479, 480, 481, 482, 483, 484, 848, 849, 850, 851, 852, 853, 854, 855, 856, 857, 858, 859, 860, 861, 862, 863, 864, 865, 866, 867, 868, 869, 870, 871, 872, 873, 874, 875, 876, 877, 878, 879, 880, 881, 882, 883, 884, 885, 886, 887, 888, 889, 890, 891, 892, 893, 894, 895, 896, 897, 898, 899, 900, 901, 902, 903, 904, 905, 906, 907, 908, 909, 910, 911, 912, 913, 914, 915, 916, 917, 918, 919, 920, 921, 922, 923, 924, 925, 926, 927, 928, 929, 930, 931, 932, 933, 934, 935]","[436, 439, 887, 890, 927]",[],"[399, 401, 405, 408, 428, 436, 439, 445, 447, 848, 850, 854, 858, 880, 887, 890, 895, 927]","[176, 177, 325, 332, 467, 483, 484, 647, 648, 783, 789, 914, 927, 934, 935]",[],7/6 successful match,True,,False,503,False,,0.98,True,Thomas Petroleum ( Sinclair ),Sinclair
"B Plymouth , 84330 Fast - Stop ( Chevron )",435-458-3634 I-15 Exit 392 ( Nucor Rd ),S S,Plymouth,84330,Fast - Stop ( Chevron ),435-458-3634,2007,Plymouth,UT,Chevron,( Nucor Rd ),I-15 Exit 392 ,Exit,392,False,,False,I-15,,,,,[],"[482, 933]","[482, 933]","[482, 933]","[398, 399, 400, 401, 402, 403, 404, 405, 406, 407, 408, 409, 410, 411, 412, 413, 414, 415, 416, 417, 418, 419, 420, 421, 422, 423, 424, 425, 426, 427, 428, 429, 430, 431, 432, 433, 434, 435, 436, 437, 438, 439, 440, 441, 442, 443, 444, 445, 446, 447, 448, 449, 450, 451, 452, 453, 454, 455, 456, 457, 458, 459, 460, 461, 462, 463, 464, 465, 466, 467, 468, 469, 470, 471, 472, 473, 474, 475, 476, 477, 478, 479, 480, 481, 482, 483, 484, 848, 849, 850, 851, 852, 853, 854, 855, 856, 857, 858, 859, 860, 861, 862, 863, 864, 865, 866, 867, 868, 869, 870, 871, 872, 873, 874, 875, 876, 877, 878, 879, 880, 881, 882, 883, 884, 885, 886, 887, 888, 889, 890, 891, 892, 893, 894, 895, 896, 897, 898, 899, 900, 901, 902, 903, 904, 905, 906, 907, 908, 909, 910, 911, 912, 913, 914, 915, 916, 917, 918, 919, 920, 921, 922, 923, 924, 925, 926, 927, 928, 929, 930, 931, 932, 933, 934, 935]","[16, 125, 156, 163, 168, 184, 205, 222, 229, 253, 258, 265, 313, 317, 336, 340, 341, 356, 363, 365, 366, 367, 370, 375, 388, 391, 394, 396, 402, 410, 411, 412, 413, 415, 416, 417, 418, 419, 425, 429, 431, 433, 435, 437, 440, 441, 442, 443, 451, 452, 456, 457, 458, 460, 461, 464, 471, 473, 474, 475, 481, 482, 501, 596, 628, 635, 655, 675, 693, 716, 720, 725, 771, 775, 793, 796, 797, 811, 817, 818, 820, 825, 838, 841, 844, 846, 851, 857, 861, 862, 863, 864, 866, 867, 868, 870, 871, 877, 881, 883, 885, 888, 891, 892, 893, 898, 899, 904, 905, 907, 908, 911, 918, 920, 921, 922, 923, 924, 926, 931, 933]","[12, 24, 25, 28, 88, 100, 104, 119, 123, 129, 136, 137, 139, 140, 141, 148, 155, 169, 172, 179, 183, 185, 188, 196, 198, 217, 237, 267, 270, 278, 319, 321, 324, 325, 330, 334, 335, 354, 366, 369, 380, 383, 384, 386, 395, 407, 411, 423, 428, 436, 437, 452, 453, 456, 467, 471, 477, 478, 479, 497, 508, 511, 559, 571, 575, 590, 594, 600, 607, 608, 610, 611, 612, 619, 627, 640, 643, 650, 654, 656, 659, 667, 669, 685, 701, 726, 729, 737, 777, 779, 782, 783, 787, 790, 791, 809, 817, 819, 830, 833, 834, 836, 845, 856, 857, 860, 862, 875, 880, 887, 888, 899, 900, 914, 918, 921, 928, 929, 930]","[12, 24, 25, 28, 88, 100, 104, 119, 123, 129, 136, 137, 139, 140, 141, 148, 155, 169, 172, 179, 183, 185, 188, 196, 198, 217, 237, 267, 270, 278, 319, 321, 324, 325, 330, 334, 335, 354, 366, 369, 380, 383, 384, 386, 395, 407, 411, 423, 428, 436, 437, 452, 453, 456, 467, 471, 477, 478, 479, 497, 508, 511, 559, 571, 575, 590, 594, 600, 607, 608, 610, 611, 612, 619, 627, 640, 643, 650, 654, 656, 659, 667, 669, 685, 701, 726, 729, 737, 777, 779, 782, 783, 787, 790, 791, 809, 817, 819, 830, 833, 834, 836, 845, 856, 857, 860, 862, 875, 880, 887, 888, 899, 900, 914, 918, 921, 928, 929, 930]","[12, 16, 24, 25, 28, 88, 100, 104, 119, 123, 125, 129, 136, 137, 139, 140, 141, 148, 155, 156, 163, 168, 169, 172, 179, 183, 184, 185, 188, 196, 198, 205, 217, 222, 229, 237, 253, 258, 265, 267, 270, 278, 313, 317, 319, 321, 324, 325, 330, 334, 335, 336, 340, 341, 354, 356, 363, 365, 366, 367, 369, 370, 375, 380, 383, 384, 386, 388, 391, 394, 395, 396, 398, 399, 400, 401, 402, 403, 404, 405, 406, 407, 408, 409, 410, 411, 412, 413, 414, 415, 416, 417, 418, 419, 420, 421, 422, 423, 424, 425, 426, 427, 428, 429, 430, 431, 432, 433, 434, 435, 436, 437, 438, 439, 440, 441, 442, 443, 444, 445, 446, 447, 448, 449, 450, 451, 452, 453, 454, 455, 456, 457, 458, 459, 460, 461, 462, 463, 464, 465, 466, 467, 468, 469, 470, 471, 472, 473, 474, 475, 476, 477, 478, 479, 480, 481, 482, 483, 484, 497, 501, 508, 511, 559, 571, 575, 590, 594, 596, 600, 607, 608, 610, 611, 612, 619, 627, 628, 635, 640, 643, 650, 654, 655, 656, 659, 667, 669, 675, 685, 693, 701, 716, 720, 725, 726, 729, 737, 771, 775, 777, 779, 782, 783, 787, 790, 791, 793, 796, 797, 809, 811, 817, 818, 819, 820, 825, 830, 833, 834, 836, 838, 841, 844, 845, 846, 848, 849, 850, 851, 852, 853, 854, 855, 856, 857, 858, 859, 860, 861, 862, 863, 864, 865, 866, 867, 868, 869, 870, 871, 872, 873, 874, 875, 876, 877, 878, 879, 880, 881, 882, 883, 884, 885, 886, 887, 888, 889, 890, 891, 892, 893, 894, 895, 896, 897, 898, 899, 900, 901, 902, 903, 904, 905, 906, 907, 908, 909, 910, 911, 912, 913, 914, 915, 916, 917, 918, 919, 920, 921, 922, 923, 924, 925, 926, 927, 928, 929, 930, 931, 932, 933, 934, 935]",False,"[482, 933]","[398, 399, 400, 401, 402, 403, 404, 405, 406, 407, 408, 409, 410, 411, 412, 413, 414, 415, 416, 417, 418, 419, 420, 421, 422, 423, 424, 425, 426, 427, 428, 429, 430, 431, 432, 433, 434, 435, 436, 437, 438, 439, 440, 441, 442, 443, 444, 445, 446, 447, 448, 449, 450, 451, 452, 453, 454, 455, 456, 457, 458, 459, 460, 461, 462, 463, 464, 465, 466, 467, 468, 469, 470, 471, 472, 473, 474, 475, 476, 477, 478, 479, 480, 481, 482, 483, 484, 848, 849, 850, 851, 852, 853, 854, 855, 856, 857, 858, 859, 860, 861, 862, 863, 864, 865, 866, 867, 868, 869, 870, 871, 872, 873, 874, 875, 876, 877, 878, 879, 880, 881, 882, 883, 884, 885, 886, 887, 888, 889, 890, 891, 892, 893, 894, 895, 896, 897, 898, 899, 900, 901, 902, 903, 904, 905, 906, 907, 908, 909, 910, 911, 912, 913, 914, 915, 916, 917, 918, 919, 920, 921, 922, 923, 924, 925, 926, 927, 928, 929, 930, 931, 932, 933, 934, 935]","[482, 933]","[482, 933]","[16, 125, 156, 163, 168, 184, 205, 222, 229, 253, 258, 265, 313, 317, 336, 340, 341, 356, 363, 365, 366, 367, 370, 375, 388, 391, 394, 396, 402, 410, 411, 412, 413, 415, 416, 417, 418, 419, 425, 429, 431, 433, 435, 437, 440, 441, 442, 443, 451, 452, 456, 457, 458, 460, 461, 464, 471, 473, 474, 475, 481, 482, 501, 596, 628, 635, 655, 675, 693, 716, 720, 725, 771, 775, 793, 796, 797, 811, 817, 818, 820, 825, 838, 841, 844, 846, 851, 857, 861, 862, 863, 864, 866, 867, 868, 870, 871, 877, 881, 883, 885, 888, 891, 892, 893, 898, 899, 904, 905, 907, 908, 911, 918, 920, 921, 922, 923, 924, 926, 931, 933]","[12, 24, 25, 28, 88, 100, 104, 119, 123, 129, 136, 137, 139, 140, 141, 148, 155, 169, 172, 179, 183, 185, 188, 196, 198, 217, 237, 267, 270, 278, 319, 321, 324, 325, 330, 334, 335, 354, 366, 369, 380, 383, 384, 386, 395, 407, 411, 423, 428, 436, 437, 452, 453, 456, 467, 471, 477, 478, 479, 497, 508, 511, 559, 571, 575, 590, 594, 600, 607, 608, 610, 611, 612, 619, 627, 640, 643, 650, 654, 656, 659, 667, 669, 685, 701, 726, 729, 737, 777, 779, 782, 783, 787, 790, 791, 809, 817, 819, 830, 833, 834, 836, 845, 856, 857, 860, 862, 875, 880, 887, 888, 899, 900, 914, 918, 921, 928, 929, 930]","[12, 24, 25, 28, 88, 100, 104, 119, 123, 129, 136, 137, 139, 140, 141, 148, 155, 169, 172, 179, 183, 185, 188, 196, 198, 217, 237, 267, 270, 278, 319, 321, 324, 325, 330, 334, 335, 354, 366, 369, 380, 383, 384, 386, 395, 407, 411, 423, 428, 436, 437, 452, 453, 456, 467, 471, 477, 478, 479, 497, 508, 511, 559, 571, 575, 590, 594, 600, 607, 608, 610, 611, 612, 619, 627, 640, 643, 650, 654, 656, 659, 667, 669, 685, 701, 726, 729, 737, 777, 779, 782, 783, 787, 790, 791, 809, 817, 819, 830, 833, 834, 836, 845, 856, 857, 860, 862, 875, 880, 887, 888, 899, 900, 914, 918, 921, 928, 929, 930]",5/6 successful match,False,,False,504,False,,,,,
"Plymouth , 84330 Fast - Stop ( Chevron )",435-458-3634 I-15 Exit 392 ( Nucor Rd ),S,Plymouth,84330,Fast - Stop ( Chevron ),435-458-3634,2008,Plymouth,UT,Chevron,( Nucor Rd ),I-15 Exit 392 ,Exit,392,False,,False,I-15,,,,,[],"[482, 933]","[482, 933]","[482, 933]","[398, 399, 400, 401, 402, 403, 404, 405, 406, 407, 408, 409, 410, 411, 412, 413, 414, 415, 416, 417, 418, 419, 420, 421, 422, 423, 424, 425, 426, 427, 428, 429, 430, 431, 432, 433, 434, 435, 436, 437, 438, 439, 440, 441, 442, 443, 444, 445, 446, 447, 448, 449, 450, 451, 452, 453, 454, 455, 456, 457, 458, 459, 460, 461, 462, 463, 464, 465, 466, 467, 468, 469, 470, 471, 472, 473, 474, 475, 476, 477, 478, 479, 480, 481, 482, 483, 484, 848, 849, 850, 851, 852, 853, 854, 855, 856, 857, 858, 859, 860, 861, 862, 863, 864, 865, 866, 867, 868, 869, 870, 871, 872, 873, 874, 875, 876, 877, 878, 879, 880, 881, 882, 883, 884, 885, 886, 887, 888, 889, 890, 891, 892, 893, 894, 895, 896, 897, 898, 899, 900, 901, 902, 903, 904, 905, 906, 907, 908, 909, 910, 911, 912, 913, 914, 915, 916, 917, 918, 919, 920, 921, 922, 923, 924, 925, 926, 927, 928, 929, 930, 931, 932, 933, 934, 935]","[16, 125, 156, 163, 168, 184, 205, 222, 229, 253, 258, 265, 313, 317, 336, 340, 341, 356, 363, 365, 366, 367, 370, 375, 388, 391, 394, 396, 402, 410, 411, 412, 413, 415, 416, 417, 418, 419, 425, 429, 431, 433, 435, 437, 440, 441, 442, 443, 451, 452, 456, 457, 458, 460, 461, 464, 471, 473, 474, 475, 481, 482, 501, 596, 628, 635, 655, 675, 693, 716, 720, 725, 771, 775, 793, 796, 797, 811, 817, 818, 820, 825, 838, 841, 844, 846, 851, 857, 861, 862, 863, 864, 866, 867, 868, 870, 871, 877, 881, 883, 885, 888, 891, 892, 893, 898, 899, 904, 905, 907, 908, 911, 918, 920, 921, 922, 923, 924, 926, 931, 933]","[12, 24, 25, 28, 88, 100, 104, 119, 123, 129, 136, 137, 139, 140, 141, 148, 155, 169, 172, 179, 183, 185, 188, 196, 198, 217, 237, 267, 270, 278, 319, 321, 324, 325, 330, 334, 335, 354, 366, 369, 380, 383, 384, 386, 395, 407, 411, 423, 428, 436, 437, 452, 453, 456, 467, 471, 477, 478, 479, 497, 508, 511, 559, 571, 575, 590, 594, 600, 607, 608, 610, 611, 612, 619, 627, 640, 643, 650, 654, 656, 659, 667, 669, 685, 701, 726, 729, 737, 777, 779, 782, 783, 787, 790, 791, 809, 817, 819, 830, 833, 834, 836, 845, 856, 857, 860, 862, 875, 880, 887, 888, 899, 900, 914, 918, 921, 928, 929, 930]","[12, 24, 25, 28, 88, 100, 104, 119, 123, 129, 136, 137, 139, 140, 141, 148, 155, 169, 172, 179, 183, 185, 188, 196, 198, 217, 237, 267, 270, 278, 319, 321, 324, 325, 330, 334, 335, 354, 366, 369, 380, 383, 384, 386, 395, 407, 411, 423, 428, 436, 437, 452, 453, 456, 467, 471, 477, 478, 479, 497, 508, 511, 559, 571, 575, 590, 594, 600, 607, 608, 610, 611, 612, 619, 627, 640, 643, 650, 654, 656, 659, 667, 669, 685, 701, 726, 729, 737, 777, 779, 782, 783, 787, 790, 791, 809, 817, 819, 830, 833, 834, 836, 845, 856, 857, 860, 862, 875, 880, 887, 888, 899, 900, 914, 918, 921, 928, 929, 930]","[12, 16, 24, 25, 28, 88, 100, 104, 119, 123, 125, 129, 136, 137, 139, 140, 141, 148, 155, 156, 163, 168, 169, 172, 179, 183, 184, 185, 188, 196, 198, 205, 217, 222, 229, 237, 253, 258, 265, 267, 270, 278, 313, 317, 319, 321, 324, 325, 330, 334, 335, 336, 340, 341, 354, 356, 363, 365, 366, 367, 369, 370, 375, 380, 383, 384, 386, 388, 391, 394, 395, 396, 398, 399, 400, 401, 402, 403, 404, 405, 406, 407, 408, 409, 410, 411, 412, 413, 414, 415, 416, 417, 418, 419, 420, 421, 422, 423, 424, 425, 426, 427, 428, 429, 430, 431, 432, 433, 434, 435, 436, 437, 438, 439, 440, 441, 442, 443, 444, 445, 446, 447, 448, 449, 450, 451, 452, 453, 454, 455, 456, 457, 458, 459, 460, 461, 462, 463, 464, 465, 466, 467, 468, 469, 470, 471, 472, 473, 474, 475, 476, 477, 478, 479, 480, 481, 482, 483, 484, 497, 501, 508, 511, 559, 571, 575, 590, 594, 596, 600, 607, 608, 610, 611, 612, 619, 627, 628, 635, 640, 643, 650, 654, 655, 656, 659, 667, 669, 675, 685, 693, 701, 716, 720, 725, 726, 729, 737, 771, 775, 777, 779, 782, 783, 787, 790, 791, 793, 796, 797, 809, 811, 817, 818, 819, 820, 825, 830, 833, 834, 836, 838, 841, 844, 845, 846, 848, 849, 850, 851, 852, 853, 854, 855, 856, 857, 858, 859, 860, 861, 862, 863, 864, 865, 866, 867, 868, 869, 870, 871, 872, 873, 874, 875, 876, 877, 878, 879, 880, 881, 882, 883, 884, 885, 886, 887, 888, 889, 890, 891, 892, 893, 894, 895, 896, 897, 898, 899, 900, 901, 902, 903, 904, 905, 906, 907, 908, 909, 910, 911, 912, 913, 914, 915, 916, 917, 918, 919, 920, 921, 922, 923, 924, 925, 926, 927, 928, 929, 930, 931, 932, 933, 934, 935]",False,"[482, 933]","[398, 399, 400, 401, 402, 403, 404, 405, 406, 407, 408, 409, 410, 411, 412, 413, 414, 415, 416, 417, 418, 419, 420, 421, 422, 423, 424, 425, 426, 427, 428, 429, 430, 431, 432, 433, 434, 435, 436, 437, 438, 439, 440, 441, 442, 443, 444, 445, 446, 447, 448, 449, 450, 451, 452, 453, 454, 455, 456, 457, 458, 459, 460, 461, 462, 463, 464, 465, 466, 467, 468, 469, 470, 471, 472, 473, 474, 475, 476, 477, 478, 479, 480, 481, 482, 483, 484, 848, 849, 850, 851, 852, 853, 854, 855, 856, 857, 858, 859, 860, 861, 862, 863, 864, 865, 866, 867, 868, 869, 870, 871, 872, 873, 874, 875, 876, 877, 878, 879, 880, 881, 882, 883, 884, 885, 886, 887, 888, 889, 890, 891, 892, 893, 894, 895, 896, 897, 898, 899, 900, 901, 902, 903, 904, 905, 906, 907, 908, 909, 910, 911, 912, 913, 914, 915, 916, 917, 918, 919, 920, 921, 922, 923, 924, 925, 926, 927, 928, 929, 930, 931, 932, 933, 934, 935]","[482, 933]","[482, 933]","[16, 125, 156, 163, 168, 184, 205, 222, 229, 253, 258, 265, 313, 317, 336, 340, 341, 356, 363, 365, 366, 367, 370, 375, 388, 391, 394, 396, 402, 410, 411, 412, 413, 415, 416, 417, 418, 419, 425, 429, 431, 433, 435, 437, 440, 441, 442, 443, 451, 452, 456, 457, 458, 460, 461, 464, 471, 473, 474, 475, 481, 482, 501, 596, 628, 635, 655, 675, 693, 716, 720, 725, 771, 775, 793, 796, 797, 811, 817, 818, 820, 825, 838, 841, 844, 846, 851, 857, 861, 862, 863, 864, 866, 867, 868, 870, 871, 877, 881, 883, 885, 888, 891, 892, 893, 898, 899, 904, 905, 907, 908, 911, 918, 920, 921, 922, 923, 924, 926, 931, 933]","[12, 24, 25, 28, 88, 100, 104, 119, 123, 129, 136, 137, 139, 140, 141, 148, 155, 169, 172, 179, 183, 185, 188, 196, 198, 217, 237, 267, 270, 278, 319, 321, 324, 325, 330, 334, 335, 354, 366, 369, 380, 383, 384, 386, 395, 407, 411, 423, 428, 436, 437, 452, 453, 456, 467, 471, 477, 478, 479, 497, 508, 511, 559, 571, 575, 590, 594, 600, 607, 608, 610, 611, 612, 619, 627, 640, 643, 650, 654, 656, 659, 667, 669, 685, 701, 726, 729, 737, 777, 779, 782, 783, 787, 790, 791, 809, 817, 819, 830, 833, 834, 836, 845, 856, 857, 860, 862, 875, 880, 887, 888, 899, 900, 914, 918, 921, 928, 929, 930]","[12, 24, 25, 28, 88, 100, 104, 119, 123, 129, 136, 137, 139, 140, 141, 148, 155, 169, 172, 179, 183, 185, 188, 196, 198, 217, 237, 267, 270, 278, 319, 321, 324, 325, 330, 334, 335, 354, 366, 369, 380, 383, 384, 386, 395, 407, 411, 423, 428, 436, 437, 452, 453, 456, 467, 471, 477, 478, 479, 497, 508, 511, 559, 571, 575, 590, 594, 600, 607, 608, 610, 611, 612, 619, 627, 640, 643, 650, 654, 656, 659, 667, 669, 685, 701, 726, 729, 737, 777, 779, 782, 783, 787, 790, 791, 809, 817, 819, 830, 833, 834, 836, 845, 856, 857, 860, 862, 875, 880, 887, 888, 899, 900, 914, 918, 921, 928, 929, 930]",5/6 successful match,False,,False,504,False,,1.0,True,Fast - Stop ( Chevron ),Chevron
B Plymouth ( 84330 ) Fast - Stop ( Sinclair ),435-458-3634 I-15 Exit 392 ( Nucor Rd ),<U+25A1> M <U+2610>,Plymouth,84330,Fast - Stop ( Sinclair ),435-458-3634,2014,Plymouth,UT,Sinclair,( Nucor Rd ),I-15 Exit 392 ,Exit,392,False,,False,I-15,,,,,[],"[482, 933]","[482, 933]","[482, 933]","[398, 399, 400, 401, 402, 403, 404, 405, 406, 407, 408, 409, 410, 411, 412, 413, 414, 415, 416, 417, 418, 419, 420, 421, 422, 423, 424, 425, 426, 427, 428, 429, 430, 431, 432, 433, 434, 435, 436, 437, 438, 439, 440, 441, 442, 443, 444, 445, 446, 447, 448, 449, 450, 451, 452, 453, 454, 455, 456, 457, 458, 459, 460, 461, 462, 463, 464, 465, 466, 467, 468, 469, 470, 471, 472, 473, 474, 475, 476, 477, 478, 479, 480, 481, 482, 483, 484, 848, 849, 850, 851, 852, 853, 854, 855, 856, 857, 858, 859, 860, 861, 862, 863, 864, 865, 866, 867, 868, 869, 870, 871, 872, 873, 874, 875, 876, 877, 878, 879, 880, 881, 882, 883, 884, 885, 886, 887, 888, 889, 890, 891, 892, 893, 894, 895, 896, 897, 898, 899, 900, 901, 902, 903, 904, 905, 906, 907, 908, 909, 910, 911, 912, 913, 914, 915, 916, 917, 918, 919, 920, 921, 922, 923, 924, 925, 926, 927, 928, 929, 930, 931, 932, 933, 934, 935]","[16, 125, 156, 163, 168, 184, 205, 222, 229, 253, 258, 265, 313, 317, 336, 340, 341, 356, 363, 365, 366, 367, 370, 375, 388, 391, 394, 396, 402, 410, 411, 412, 413, 415, 416, 417, 418, 419, 425, 429, 431, 433, 435, 437, 440, 441, 442, 443, 451, 452, 456, 457, 458, 460, 461, 464, 471, 473, 474, 475, 481, 482, 501, 596, 628, 635, 655, 675, 693, 716, 720, 725, 771, 775, 793, 796, 797, 811, 817, 818, 820, 825, 838, 841, 844, 846, 851, 857, 861, 862, 863, 864, 866, 867, 868, 870, 871, 877, 881, 883, 885, 888, 891, 892, 893, 898, 899, 904, 905, 907, 908, 911, 918, 920, 921, 922, 923, 924, 926, 931, 933]","[31, 142, 147, 180, 338, 352, 367, 387, 403, 405, 408, 410, 455, 465, 466, 468, 470, 472, 473, 483, 484, 514, 613, 618, 651, 794, 807, 837, 852, 854, 858, 861, 902, 912, 913, 915, 917, 919, 920, 931, 934, 935]","[31, 142, 147, 180, 338, 352, 367, 387, 403, 405, 408, 410, 455, 465, 466, 468, 470, 472, 473, 483, 484, 514, 613, 618, 651, 794, 807, 837, 852, 854, 858, 861, 902, 912, 913, 915, 917, 919, 920, 931, 934, 935]","[916, 514, 917, 918, 387, 919, 16, 920, 921, 922, 31, 923, 388, 924, 925, 926, 927, 928, 929, 930, 931, 932, 596, 934, 935, 613, 618, 391, 628, 635, 125, 651, 142, 655, 147, 336, 156, 163, 675, 338, 168, 340, 341, 693, 180, 184, 394, 716, 205, 720, 725, 375, 222, 229, 352, 396, 253, 356, 258, 771, 775, 265, 793, 794, 796, 797, 363, 807, 811, 365, 817, 366, 818, 820, 367, 313, 825, 317, 837, 370, 838, 841, 844, 846, 848, 849, 850, 851, 852, 853, 854, 855, 856, 857, 858, 859, 860, 861, 862, 863, 864, 865, 866, 867, 868, 869, 870, 871, 872, 873, 874, 875, 876, 877, 878, 879, 880, 881, 882, 883, 884, 885, 886, 887, 888, 889, 890, 891, 892, 893, 894, 895, 896, 897, 898, 899, 900, 901, 902, 903, 904, 905, 906, 907, 908, 909, 398, 399, 400, 401, 402, 403, 404, 405, 406, 407, 408, 409, 410, 411, 412, 413, 414, 415, 416, 417, 418, 419, 420, 933, 421, 422, 423, 424, 425, 426, 427, 428, 429, 430, 431, 432, 433, 434, 435, 436, 437, 438, 439, 440, 441, 442, 443, 444, 445, 446, 447, 448, 449, 450, 451, 452, 453, 454, 455, 456, 457, 458, 459, 460, 461, 462, 463, 464, 465, 466, 467, 468, 469, 470, 471, 472, 473, 474, 475, 476, 477, 478, 479, 480, 482, 481, 483, 484, 910, 911, 912, 913, 501, 914, 915]",False,"[482, 933]","[398, 399, 400, 401, 402, 403, 404, 405, 406, 407, 408, 409, 410, 411, 412, 413, 414, 415, 416, 417, 418, 419, 420, 421, 422, 423, 424, 425, 426, 427, 428, 429, 430, 431, 432, 433, 434, 435, 436, 437, 438, 439, 440, 441, 442, 443, 444, 445, 446, 447, 448, 449, 450, 451, 452, 453, 454, 455, 456, 457, 458, 459, 460, 461, 462, 463, 464, 465, 466, 467, 468, 469, 470, 471, 472, 473, 474, 475, 476, 477, 478, 479, 480, 481, 482, 483, 484, 848, 849, 850, 851, 852, 853, 854, 855, 856, 857, 858, 859, 860, 861, 862, 863, 864, 865, 866, 867, 868, 869, 870, 871, 872, 873, 874, 875, 876, 877, 878, 879, 880, 881, 882, 883, 884, 885, 886, 887, 888, 889, 890, 891, 892, 893, 894, 895, 896, 897, 898, 899, 900, 901, 902, 903, 904, 905, 906, 907, 908, 909, 910, 911, 912, 913, 914, 915, 916, 917, 918, 919, 920, 921, 922, 923, 924, 925, 926, 927, 928, 929, 930, 931, 932, 933, 934, 935]","[482, 933]","[482, 933]","[16, 125, 156, 163, 168, 184, 205, 222, 229, 253, 258, 265, 313, 317, 336, 340, 341, 356, 363, 365, 366, 367, 370, 375, 388, 391, 394, 396, 402, 410, 411, 412, 413, 415, 416, 417, 418, 419, 425, 429, 431, 433, 435, 437, 440, 441, 442, 443, 451, 452, 456, 457, 458, 460, 461, 464, 471, 473, 474, 475, 481, 482, 501, 596, 628, 635, 655, 675, 693, 716, 720, 725, 771, 775, 793, 796, 797, 811, 817, 818, 820, 825, 838, 841, 844, 846, 851, 857, 861, 862, 863, 864, 866, 867, 868, 870, 871, 877, 881, 883, 885, 888, 891, 892, 893, 898, 899, 904, 905, 907, 908, 911, 918, 920, 921, 922, 923, 924, 926, 931, 933]","[31, 142, 147, 180, 338, 352, 367, 387, 403, 405, 408, 410, 455, 465, 466, 468, 470, 472, 473, 483, 484, 514, 613, 618, 651, 794, 807, 837, 852, 854, 858, 861, 902, 912, 913, 915, 917, 919, 920, 931, 934, 935]","[31, 142, 147, 180, 338, 352, 367, 387, 403, 405, 408, 410, 455, 465, 466, 468, 470, 472, 473, 483, 484, 514, 613, 618, 651, 794, 807, 837, 852, 854, 858, 861, 902, 912, 913, 915, 917, 919, 920, 931, 934, 935]",5/6 successful match,False,,False,504,False,,0.6170212765957448,False,Fast - Stop ( Chevron ),Chevron
"Plymouth , 84330 Fast - Stop ( Chevron )",435-458-3816 I-15 Exit 392 ( Nucor Rd ),,Plymouth,84330,Fast - Stop ( Chevron ),435-458-3816,2006,Plymouth,UT,Chevron,( Nucor Rd ),I-15 Exit 392 ,Exit,392,False,,False,I-15,,,,,[],"[482, 933]","[482, 933]","[482, 933]","[398, 399, 400, 401, 402, 403, 404, 405, 406, 407, 408, 409, 410, 411, 412, 413, 414, 415, 416, 417, 418, 419, 420, 421, 422, 423, 424, 425, 426, 427, 428, 429, 430, 431, 432, 433, 434, 435, 436, 437, 438, 439, 440, 441, 442, 443, 444, 445, 446, 447, 448, 449, 450, 451, 452, 453, 454, 455, 456, 457, 458, 459, 460, 461, 462, 463, 464, 465, 466, 467, 468, 469, 470, 471, 472, 473, 474, 475, 476, 477, 478, 479, 480, 481, 482, 483, 484, 848, 849, 850, 851, 852, 853, 854, 855, 856, 857, 858, 859, 860, 861, 862, 863, 864, 865, 866, 867, 868, 869, 870, 871, 872, 873, 874, 875, 876, 877, 878, 879, 880, 881, 882, 883, 884, 885, 886, 887, 888, 889, 890, 891, 892, 893, 894, 895, 896, 897, 898, 899, 900, 901, 902, 903, 904, 905, 906, 907, 908, 909, 910, 911, 912, 913, 914, 915, 916, 917, 918, 919, 920, 921, 922, 923, 924, 925, 926, 927, 928, 929, 930, 931, 932, 933, 934, 935]","[16, 125, 156, 163, 168, 184, 205, 222, 229, 253, 258, 265, 313, 317, 336, 340, 341, 356, 363, 365, 366, 367, 370, 375, 388, 391, 394, 396, 402, 410, 411, 412, 413, 415, 416, 417, 418, 419, 425, 429, 431, 433, 435, 437, 440, 441, 442, 443, 451, 452, 456, 457, 458, 460, 461, 464, 471, 473, 474, 475, 481, 482, 501, 596, 628, 635, 655, 675, 693, 716, 720, 725, 771, 775, 793, 796, 797, 811, 817, 818, 820, 825, 838, 841, 844, 846, 851, 857, 861, 862, 863, 864, 866, 867, 868, 870, 871, 877, 881, 883, 885, 888, 891, 892, 893, 898, 899, 904, 905, 907, 908, 911, 918, 920, 921, 922, 923, 924, 926, 931, 933]","[12, 24, 25, 28, 88, 100, 104, 119, 123, 129, 136, 137, 139, 140, 141, 148, 155, 169, 172, 179, 183, 185, 188, 196, 198, 217, 237, 267, 270, 278, 319, 321, 324, 325, 330, 334, 335, 354, 366, 369, 380, 383, 384, 386, 395, 407, 411, 423, 428, 436, 437, 452, 453, 456, 467, 471, 477, 478, 479, 497, 508, 511, 559, 571, 575, 590, 594, 600, 607, 608, 610, 611, 612, 619, 627, 640, 643, 650, 654, 656, 659, 667, 669, 685, 701, 726, 729, 737, 777, 779, 782, 783, 787, 790, 791, 809, 817, 819, 830, 833, 834, 836, 845, 856, 857, 860, 862, 875, 880, 887, 888, 899, 900, 914, 918, 921, 928, 929, 930]","[12, 24, 25, 28, 88, 100, 104, 119, 123, 129, 136, 137, 139, 140, 141, 148, 155, 169, 172, 179, 183, 185, 188, 196, 198, 217, 237, 267, 270, 278, 319, 321, 324, 325, 330, 334, 335, 354, 366, 369, 380, 383, 384, 386, 395, 407, 411, 423, 428, 436, 437, 452, 453, 456, 467, 471, 477, 478, 479, 497, 508, 511, 559, 571, 575, 590, 594, 600, 607, 608, 610, 611, 612, 619, 627, 640, 643, 650, 654, 656, 659, 667, 669, 685, 701, 726, 729, 737, 777, 779, 782, 783, 787, 790, 791, 809, 817, 819, 830, 833, 834, 836, 845, 856, 857, 860, 862, 875, 880, 887, 888, 899, 900, 914, 918, 921, 928, 929, 930]","[12, 16, 24, 25, 28, 88, 100, 104, 119, 123, 125, 129, 136, 137, 139, 140, 141, 148, 155, 156, 163, 168, 169, 172, 179, 183, 184, 185, 188, 196, 198, 205, 217, 222, 229, 237, 253, 258, 265, 267, 270, 278, 313, 317, 319, 321, 324, 325, 330, 334, 335, 336, 340, 341, 354, 356, 363, 365, 366, 367, 369, 370, 375, 380, 383, 384, 386, 388, 391, 394, 395, 396, 398, 399, 400, 401, 402, 403, 404, 405, 406, 407, 408, 409, 410, 411, 412, 413, 414, 415, 416, 417, 418, 419, 420, 421, 422, 423, 424, 425, 426, 427, 428, 429, 430, 431, 432, 433, 434, 435, 436, 437, 438, 439, 440, 441, 442, 443, 444, 445, 446, 447, 448, 449, 450, 451, 452, 453, 454, 455, 456, 457, 458, 459, 460, 461, 462, 463, 464, 465, 466, 467, 468, 469, 470, 471, 472, 473, 474, 475, 476, 477, 478, 479, 480, 481, 482, 483, 484, 497, 501, 508, 511, 559, 571, 575, 590, 594, 596, 600, 607, 608, 610, 611, 612, 619, 627, 628, 635, 640, 643, 650, 654, 655, 656, 659, 667, 669, 675, 685, 693, 701, 716, 720, 725, 726, 729, 737, 771, 775, 777, 779, 782, 783, 787, 790, 791, 793, 796, 797, 809, 811, 817, 818, 819, 820, 825, 830, 833, 834, 836, 838, 841, 844, 845, 846, 848, 849, 850, 851, 852, 853, 854, 855, 856, 857, 858, 859, 860, 861, 862, 863, 864, 865, 866, 867, 868, 869, 870, 871, 872, 873, 874, 875, 876, 877, 878, 879, 880, 881, 882, 883, 884, 885, 886, 887, 888, 889, 890, 891, 892, 893, 894, 895, 896, 897, 898, 899, 900, 901, 902, 903, 904, 905, 906, 907, 908, 909, 910, 911, 912, 913, 914, 915, 916, 917, 918, 919, 920, 921, 922, 923, 924, 925, 926, 927, 928, 929, 930, 931, 932, 933, 934, 935]",False,"[482, 933]","[398, 399, 400, 401, 402, 403, 404, 405, 406, 407, 408, 409, 410, 411, 412, 413, 414, 415, 416, 417, 418, 419, 420, 421, 422, 423, 424, 425, 426, 427, 428, 429, 430, 431, 432, 433, 434, 435, 436, 437, 438, 439, 440, 441, 442, 443, 444, 445, 446, 447, 448, 449, 450, 451, 452, 453, 454, 455, 456, 457, 458, 459, 460, 461, 462, 463, 464, 465, 466, 467, 468, 469, 470, 471, 472, 473, 474, 475, 476, 477, 478, 479, 480, 481, 482, 483, 484, 848, 849, 850, 851, 852, 853, 854, 855, 856, 857, 858, 859, 860, 861, 862, 863, 864, 865, 866, 867, 868, 869, 870, 871, 872, 873, 874, 875, 876, 877, 878, 879, 880, 881, 882, 883, 884, 885, 886, 887, 888, 889, 890, 891, 892, 893, 894, 895, 896, 897, 898, 899, 900, 901, 902, 903, 904, 905, 906, 907, 908, 909, 910, 911, 912, 913, 914, 915, 916, 917, 918, 919, 920, 921, 922, 923, 924, 925, 926, 927, 928, 929, 930, 931, 932, 933, 934, 935]","[482, 933]","[482, 933]","[16, 125, 156, 163, 168, 184, 205, 222, 229, 253, 258, 265, 313, 317, 336, 340, 341, 356, 363, 365, 366, 367, 370, 375, 388, 391, 394, 396, 402, 410, 411, 412, 413, 415, 416, 417, 418, 419, 425, 429, 431, 433, 435, 437, 440, 441, 442, 443, 451, 452, 456, 457, 458, 460, 461, 464, 471, 473, 474, 475, 481, 482, 501, 596, 628, 635, 655, 675, 693, 716, 720, 725, 771, 775, 793, 796, 797, 811, 817, 818, 820, 825, 838, 841, 844, 846, 851, 857, 861, 862, 863, 864, 866, 867, 868, 870, 871, 877, 881, 883, 885, 888, 891, 892, 893, 898, 899, 904, 905, 907, 908, 911, 918, 920, 921, 922, 923, 924, 926, 931, 933]","[12, 24, 25, 28, 88, 100, 104, 119, 123, 129, 136, 137, 139, 140, 141, 148, 155, 169, 172, 179, 183, 185, 188, 196, 198, 217, 237, 267, 270, 278, 319, 321, 324, 325, 330, 334, 335, 354, 366, 369, 380, 383, 384, 386, 395, 407, 411, 423, 428, 436, 437, 452, 453, 456, 467, 471, 477, 478, 479, 497, 508, 511, 559, 571, 575, 590, 594, 600, 607, 608, 610, 611, 612, 619, 627, 640, 643, 650, 654, 656, 659, 667, 669, 685, 701, 726, 729, 737, 777, 779, 782, 783, 787, 790, 791, 809, 817, 819, 830, 833, 834, 836, 845, 856, 857, 860, 862, 875, 880, 887, 888, 899, 900, 914, 918, 921, 928, 929, 930]","[12, 24, 25, 28, 88, 100, 104, 119, 123, 129, 136, 137, 139, 140, 141, 148, 155, 169, 172, 179, 183, 185, 188, 196, 198, 217, 237, 267, 270, 278, 319, 321, 324, 325, 330, 334, 335, 354, 366, 369, 380, 383, 384, 386, 395, 407, 411, 423, 428, 436, 437, 452, 453, 456, 467, 471, 477, 478, 479, 497, 508, 511, 559, 571, 575, 590, 594, 600, 607, 608, 610, 611, 612, 619, 627, 640, 643, 650, 654, 656, 659, 667, 669, 685, 701, 726, 729, 737, 777, 779, 782, 783, 787, 790, 791, 809, 817, 819, 830, 833, 834, 836, 845, 856, 857, 860, 862, 875, 880, 887, 888, 899, 900, 914, 918, 921, 928, 929, 930]",5/6 successful match,False,,False,505,False,,,,,
"Tremonton , 84337 Jim & Dave's ( Sinclair )",435-257-5455 I-84 Exit 40,OO,Tremonton,84337,Jim & Dave's ( Sinclair ),435-257-5455,2006,Tremonton,UT,Sinclair,,I-84 Exit 40,Exit,40,False,,False,I-84,,,,,[],"[423, 465, 474, 875, 912, 922]","[423, 465, 875, 912]","[421, 423, 459, 465, 479, 873, 875, 906, 912, 930]","[398, 399, 400, 401, 402, 403, 404, 405, 406, 407, 408, 409, 410, 411, 412, 413, 414, 415, 416, 417, 418, 419, 420, 421, 422, 423, 424, 425, 426, 427, 428, 429, 430, 431, 432, 433, 434, 435, 436, 437, 438, 439, 440, 441, 442, 443, 444, 445, 446, 447, 448, 449, 450, 451, 452, 453, 454, 455, 456, 457, 458, 459, 460, 461, 462, 463, 464, 465, 466, 467, 468, 469, 470, 471, 472, 473, 474, 475, 476, 477, 478, 479, 480, 481, 482, 483, 484, 848, 849, 850, 851, 852, 853, 854, 855, 856, 857, 858, 859, 860, 861, 862, 863, 864, 865, 866, 867, 868, 869, 870, 871, 872, 873, 874, 875, 876, 877, 878, 879, 880, 881, 882, 883, 884, 885, 886, 887, 888, 889, 890, 891, 892, 893, 894, 895, 896, 897, 898, 899, 900, 901, 902, 903, 904, 905, 906, 907, 908, 909, 910, 911, 912, 913, 914, 915, 916, 917, 918, 919, 920, 921, 922, 923, 924, 925, 926, 927, 928, 929, 930, 931, 932, 933, 934, 935]","[402, 416, 422, 423, 465, 851, 867, 874, 875, 912]","[31, 142, 147, 180, 338, 352, 367, 387, 403, 405, 408, 410, 455, 465, 466, 468, 470, 472, 473, 483, 484, 514, 613, 618, 651, 794, 807, 837, 852, 854, 858, 861, 902, 912, 913, 915, 917, 919, 920, 931, 934, 935]","[12, 31, 142, 147, 180, 338, 352, 367, 387, 403, 405, 408, 410, 455, 465, 466, 468, 470, 472, 473, 483, 484, 497, 514, 613, 618, 651, 794, 807, 837, 852, 854, 858, 861, 902, 912, 913, 915, 917, 919, 920, 931, 934, 935]","[916, 514, 917, 918, 12, 387, 919, 920, 921, 31, 923, 924, 925, 926, 927, 928, 929, 931, 932, 933, 934, 935, 613, 618, 651, 142, 147, 338, 180, 352, 794, 807, 367, 837, 848, 849, 850, 851, 852, 853, 854, 855, 856, 857, 858, 859, 860, 861, 862, 863, 864, 865, 866, 867, 868, 869, 870, 871, 872, 873, 874, 875, 876, 877, 878, 879, 880, 881, 882, 883, 884, 885, 886, 887, 888, 889, 890, 891, 892, 893, 894, 895, 896, 897, 898, 899, 900, 901, 902, 903, 904, 905, 906, 907, 908, 909, 398, 399, 912, 400, 401, 402, 403, 404, 405, 406, 407, 408, 922, 409, 410, 411, 412, 413, 414, 415, 930, 416, 417, 421, 418, 423, 419, 420, 422, 424, 425, 426, 427, 428, 429, 430, 431, 432, 433, 434, 435, 436, 437, 438, 439, 440, 441, 442, 443, 444, 445, 446, 447, 448, 449, 450, 451, 452, 453, 454, 455, 459, 456, 457, 458, 460, 461, 465, 462, 463, 464, 466, 467, 468, 469, 470, 474, 471, 472, 473, 475, 479, 476, 477, 478, 480, 481, 482, 483, 484, 910, 911, 497, 913, 914, 915]",False,"[423, 465, 474, 875, 912, 922]","[398, 399, 400, 401, 402, 403, 404, 405, 406, 407, 408, 409, 410, 411, 412, 413, 414, 415, 416, 417, 418, 419, 420, 421, 422, 423, 424, 425, 426, 427, 428, 429, 430, 431, 432, 433, 434, 435, 436, 437, 438, 439, 440, 441, 442, 443, 444, 445, 446, 447, 448, 449, 450, 451, 452, 453, 454, 455, 456, 457, 458, 459, 460, 461, 462, 463, 464, 465, 466, 467, 468, 469, 470, 471, 472, 473, 474, 475, 476, 477, 478, 479, 480, 481, 482, 483, 484, 848, 849, 850, 851, 852, 853, 854, 855, 856, 857, 858, 859, 860, 861, 862, 863, 864, 865, 866, 867, 868, 869, 870, 871, 872, 873, 874, 875, 876, 877, 878, 879, 880, 881, 882, 883, 884, 885, 886, 887, 888, 889, 890, 891, 892, 893, 894, 895, 896, 897, 898, 899, 900, 901, 902, 903, 904, 905, 906, 907, 908, 909, 910, 911, 912, 913, 914, 915, 916, 917, 918, 919, 920, 921, 922, 923, 924, 925, 926, 927, 928, 929, 930, 931, 932, 933, 934, 935]","[423, 465, 875, 912]","[421, 423, 459, 465, 479, 873, 875, 906, 912, 930]","[402, 416, 422, 423, 465, 851, 867, 874, 875, 912]","[12, 31, 142, 147, 180, 338, 352, 367, 387, 403, 405, 408, 410, 455, 465, 466, 468, 470, 472, 473, 483, 484, 497, 514, 613, 618, 651, 794, 807, 837, 852, 854, 858, 861, 902, 912, 913, 915, 917, 919, 920, 931, 934, 935]","[31, 142, 147, 180, 338, 352, 367, 387, 403, 405, 408, 410, 455, 465, 466, 468, 470, 472, 473, 483, 484, 514, 613, 618, 651, 794, 807, 837, 852, 854, 858, 861, 902, 912, 913, 915, 917, 919, 920, 931, 934, 935]",7/6 successful match,False,[187],True,506,False,,,,,
"C Tremonton , 84337 Jim & Dave's ( Sinclair )",435-257-5455 I-84 Exit 40,D,Tremonton,84337,Jim & Dave's ( Sinclair ),435-257-5455,2007,Tremonton,UT,Sinclair,,I-84 Exit 40,Exit,40,False,,False,I-84,,,,,[],"[423, 465, 474, 875, 912, 922]","[423, 465, 875, 912]","[421, 423, 459, 465, 479, 873, 875, 906, 912, 930]","[398, 399, 400, 401, 402, 403, 404, 405, 406, 407, 408, 409, 410, 411, 412, 413, 414, 415, 416, 417, 418, 419, 420, 421, 422, 423, 424, 425, 426, 427, 428, 429, 430, 431, 432, 433, 434, 435, 436, 437, 438, 439, 440, 441, 442, 443, 444, 445, 446, 447, 448, 449, 450, 451, 452, 453, 454, 455, 456, 457, 458, 459, 460, 461, 462, 463, 464, 465, 466, 467, 468, 469, 470, 471, 472, 473, 474, 475, 476, 477, 478, 479, 480, 481, 482, 483, 484, 848, 849, 850, 851, 852, 853, 854, 855, 856, 857, 858, 859, 860, 861, 862, 863, 864, 865, 866, 867, 868, 869, 870, 871, 872, 873, 874, 875, 876, 877, 878, 879, 880, 881, 882, 883, 884, 885, 886, 887, 888, 889, 890, 891, 892, 893, 894, 895, 896, 897, 898, 899, 900, 901, 902, 903, 904, 905, 906, 907, 908, 909, 910, 911, 912, 913, 914, 915, 916, 917, 918, 919, 920, 921, 922, 923, 924, 925, 926, 927, 928, 929, 930, 931, 932, 933, 934, 935]","[402, 416, 422, 423, 465, 851, 867, 874, 875, 912]","[31, 142, 147, 180, 338, 352, 367, 387, 403, 405, 408, 410, 455, 465, 466, 468, 470, 472, 473, 483, 484, 514, 613, 618, 651, 794, 807, 837, 852, 854, 858, 861, 902, 912, 913, 915, 917, 919, 920, 931, 934, 935]","[12, 31, 142, 147, 180, 338, 352, 367, 387, 403, 405, 408, 410, 455, 465, 466, 468, 470, 472, 473, 483, 484, 497, 514, 613, 618, 651, 794, 807, 837, 852, 854, 858, 861, 902, 912, 913, 915, 917, 919, 920, 931, 934, 935]","[916, 514, 917, 918, 12, 387, 919, 920, 921, 31, 923, 924, 925, 926, 927, 928, 929, 931, 932, 933, 934, 935, 613, 618, 651, 142, 147, 338, 180, 352, 794, 807, 367, 837, 848, 849, 850, 851, 852, 853, 854, 855, 856, 857, 858, 859, 860, 861, 862, 863, 864, 865, 866, 867, 868, 869, 870, 871, 872, 873, 874, 875, 876, 877, 878, 879, 880, 881, 882, 883, 884, 885, 886, 887, 888, 889, 890, 891, 892, 893, 894, 895, 896, 897, 898, 899, 900, 901, 902, 903, 904, 905, 906, 907, 908, 909, 398, 399, 912, 400, 401, 402, 403, 404, 405, 406, 407, 408, 922, 409, 410, 411, 412, 413, 414, 415, 930, 416, 417, 421, 418, 423, 419, 420, 422, 424, 425, 426, 427, 428, 429, 430, 431, 432, 433, 434, 435, 436, 437, 438, 439, 440, 441, 442, 443, 444, 445, 446, 447, 448, 449, 450, 451, 452, 453, 454, 455, 459, 456, 457, 458, 460, 461, 465, 462, 463, 464, 466, 467, 468, 469, 470, 474, 471, 472, 473, 475, 479, 476, 477, 478, 480, 481, 482, 483, 484, 910, 911, 497, 913, 914, 915]",False,"[423, 465, 474, 875, 912, 922]","[398, 399, 400, 401, 402, 403, 404, 405, 406, 407, 408, 409, 410, 411, 412, 413, 414, 415, 416, 417, 418, 419, 420, 421, 422, 423, 424, 425, 426, 427, 428, 429, 430, 431, 432, 433, 434, 435, 436, 437, 438, 439, 440, 441, 442, 443, 444, 445, 446, 447, 448, 449, 450, 451, 452, 453, 454, 455, 456, 457, 458, 459, 460, 461, 462, 463, 464, 465, 466, 467, 468, 469, 470, 471, 472, 473, 474, 475, 476, 477, 478, 479, 480, 481, 482, 483, 484, 848, 849, 850, 851, 852, 853, 854, 855, 856, 857, 858, 859, 860, 861, 862, 863, 864, 865, 866, 867, 868, 869, 870, 871, 872, 873, 874, 875, 876, 877, 878, 879, 880, 881, 882, 883, 884, 885, 886, 887, 888, 889, 890, 891, 892, 893, 894, 895, 896, 897, 898, 899, 900, 901, 902, 903, 904, 905, 906, 907, 908, 909, 910, 911, 912, 913, 914, 915, 916, 917, 918, 919, 920, 921, 922, 923, 924, 925, 926, 927, 928, 929, 930, 931, 932, 933, 934, 935]","[423, 465, 875, 912]","[421, 423, 459, 465, 479, 873, 875, 906, 912, 930]","[402, 416, 422, 423, 465, 851, 867, 874, 875, 912]","[12, 31, 142, 147, 180, 338, 352, 367, 387, 403, 405, 408, 410, 455, 465, 466, 468, 470, 472, 473, 483, 484, 497, 514, 613, 618, 651, 794, 807, 837, 852, 854, 858, 861, 902, 912, 913, 915, 917, 919, 920, 931, 934, 935]","[31, 142, 147, 180, 338, 352, 367, 387, 403, 405, 408, 410, 455, 465, 466, 468, 470, 472, 473, 483, 484, 514, 613, 618, 651, 794, 807, 837, 852, 854, 858, 861, 902, 912, 913, 915, 917, 919, 920, 931, 934, 935]",7/6 successful match,False,[187],True,506,False,,1.0,True,Jim & Dave's ( Sinclair ),Sinclair
"Tremonton , 84337 Jim & Dave's ( Sinclair )",435-257-5455 I-84 Exit 40 ( 1 mi E to 327 W Main ),<U+2610>,Tremonton,84337,Jim & Dave's ( Sinclair ),435-257-5455,2008,Tremonton,UT,Sinclair,( 1 mi E to 327 W Main ),I-84 Exit 40 ,Exit,40,False,,False,I-84,,,,,[],"[423, 465, 474, 875, 912, 922]","[423, 465, 875, 912]","[421, 423, 459, 465, 479, 873, 875, 906, 912, 930]","[398, 399, 400, 401, 402, 403, 404, 405, 406, 407, 408, 409, 410, 411, 412, 413, 414, 415, 416, 417, 418, 419, 420, 421, 422, 423, 424, 425, 426, 427, 428, 429, 430, 431, 432, 433, 434, 435, 436, 437, 438, 439, 440, 441, 442, 443, 444, 445, 446, 447, 448, 449, 450, 451, 452, 453, 454, 455, 456, 457, 458, 459, 460, 461, 462, 463, 464, 465, 466, 467, 468, 469, 470, 471, 472, 473, 474, 475, 476, 477, 478, 479, 480, 481, 482, 483, 484, 848, 849, 850, 851, 852, 853, 854, 855, 856, 857, 858, 859, 860, 861, 862, 863, 864, 865, 866, 867, 868, 869, 870, 871, 872, 873, 874, 875, 876, 877, 878, 879, 880, 881, 882, 883, 884, 885, 886, 887, 888, 889, 890, 891, 892, 893, 894, 895, 896, 897, 898, 899, 900, 901, 902, 903, 904, 905, 906, 907, 908, 909, 910, 911, 912, 913, 914, 915, 916, 917, 918, 919, 920, 921, 922, 923, 924, 925, 926, 927, 928, 929, 930, 931, 932, 933, 934, 935]","[402, 416, 422, 423, 465, 851, 867, 874, 875, 912]","[31, 142, 147, 180, 338, 352, 367, 387, 403, 405, 408, 410, 455, 465, 466, 468, 470, 472, 473, 483, 484, 514, 613, 618, 651, 794, 807, 837, 852, 854, 858, 861, 902, 912, 913, 915, 917, 919, 920, 931, 934, 935]","[12, 31, 142, 147, 180, 338, 352, 367, 387, 403, 405, 408, 410, 455, 465, 466, 468, 470, 472, 473, 483, 484, 497, 514, 613, 618, 651, 794, 807, 837, 852, 854, 858, 861, 902, 912, 913, 915, 917, 919, 920, 931, 934, 935]","[916, 514, 917, 918, 12, 387, 919, 920, 921, 31, 923, 924, 925, 926, 927, 928, 929, 931, 932, 933, 934, 935, 613, 618, 651, 142, 147, 338, 180, 352, 794, 807, 367, 837, 848, 849, 850, 851, 852, 853, 854, 855, 856, 857, 858, 859, 860, 861, 862, 863, 864, 865, 866, 867, 868, 869, 870, 871, 872, 873, 874, 875, 876, 877, 878, 879, 880, 881, 882, 883, 884, 885, 886, 887, 888, 889, 890, 891, 892, 893, 894, 895, 896, 897, 898, 899, 900, 901, 902, 903, 904, 905, 906, 907, 908, 909, 398, 399, 912, 400, 401, 402, 403, 404, 405, 406, 407, 408, 922, 409, 410, 411, 412, 413, 414, 415, 930, 416, 417, 421, 418, 423, 419, 420, 422, 424, 425, 426, 427, 428, 429, 430, 431, 432, 433, 434, 435, 436, 437, 438, 439, 440, 441, 442, 443, 444, 445, 446, 447, 448, 449, 450, 451, 452, 453, 454, 455, 459, 456, 457, 458, 460, 461, 465, 462, 463, 464, 466, 467, 468, 469, 470, 474, 471, 472, 473, 475, 479, 476, 477, 478, 480, 481, 482, 483, 484, 910, 911, 497, 913, 914, 915]",False,"[423, 465, 474, 875, 912, 922]","[398, 399, 400, 401, 402, 403, 404, 405, 406, 407, 408, 409, 410, 411, 412, 413, 414, 415, 416, 417, 418, 419, 420, 421, 422, 423, 424, 425, 426, 427, 428, 429, 430, 431, 432, 433, 434, 435, 436, 437, 438, 439, 440, 441, 442, 443, 444, 445, 446, 447, 448, 449, 450, 451, 452, 453, 454, 455, 456, 457, 458, 459, 460, 461, 462, 463, 464, 465, 466, 467, 468, 469, 470, 471, 472, 473, 474, 475, 476, 477, 478, 479, 480, 481, 482, 483, 484, 848, 849, 850, 851, 852, 853, 854, 855, 856, 857, 858, 859, 860, 861, 862, 863, 864, 865, 866, 867, 868, 869, 870, 871, 872, 873, 874, 875, 876, 877, 878, 879, 880, 881, 882, 883, 884, 885, 886, 887, 888, 889, 890, 891, 892, 893, 894, 895, 896, 897, 898, 899, 900, 901, 902, 903, 904, 905, 906, 907, 908, 909, 910, 911, 912, 913, 914, 915, 916, 917, 918, 919, 920, 921, 922, 923, 924, 925, 926, 927, 928, 929, 930, 931, 932, 933, 934, 935]","[423, 465, 875, 912]","[421, 423, 459, 465, 479, 873, 875, 906, 912, 930]","[402, 416, 422, 423, 465, 851, 867, 874, 875, 912]","[12, 31, 142, 147, 180, 338, 352, 367, 387, 403, 405, 408, 410, 455, 465, 466, 468, 470, 472, 473, 483, 484, 497, 514, 613, 618, 651, 794, 807, 837, 852, 854, 858, 861, 902, 912, 913, 915, 917, 919, 920, 931, 934, 935]","[31, 142, 147, 180, 338, 352, 367, 387, 403, 405, 408, 410, 455, 465, 466, 468, 470, 472, 473, 483, 484, 514, 613, 618, 651, 794, 807, 837, 852, 854, 858, 861, 902, 912, 913, 915, 917, 919, 920, 931, 934, 935]",7/6 successful match,False,[187],True,506,False,,1.0,True,Jim & Dave's ( Sinclair ),Sinclair
"Tremonton , 84337 Lowell Archibald & Sons ( 66 )",31435-257-5661 I-84 Exit 40 ( 1 mi E to 925 W Main ),,Tremonton,84337,Lowell Archibald & Sons ( 66 ),435-257-5661,2008,Tremonton,UT,,( 1 mi E to 925 W Main ),I-84 Exit 40 ,Exit,40,False,,False,I-84,,,,,[],"[423, 465, 474, 875, 912, 922]","[423, 465, 875, 912]","[421, 423, 459, 465, 479, 873, 875, 906, 912, 930]","[398, 399, 400, 401, 402, 403, 404, 405, 406, 407, 408, 409, 410, 411, 412, 413, 414, 415, 416, 417, 418, 419, 420, 421, 422, 423, 424, 425, 426, 427, 428, 429, 430, 431, 432, 433, 434, 435, 436, 437, 438, 439, 440, 441, 442, 443, 444, 445, 446, 447, 448, 449, 450, 451, 452, 453, 454, 455, 456, 457, 458, 459, 460, 461, 462, 463, 464, 465, 466, 467, 468, 469, 470, 471, 472, 473, 474, 475, 476, 477, 478, 479, 480, 481, 482, 483, 484, 848, 849, 850, 851, 852, 853, 854, 855, 856, 857, 858, 859, 860, 861, 862, 863, 864, 865, 866, 867, 868, 869, 870, 871, 872, 873, 874, 875, 876, 877, 878, 879, 880, 881, 882, 883, 884, 885, 886, 887, 888, 889, 890, 891, 892, 893, 894, 895, 896, 897, 898, 899, 900, 901, 902, 903, 904, 905, 906, 907, 908, 909, 910, 911, 912, 913, 914, 915, 916, 917, 918, 919, 920, 921, 922, 923, 924, 925, 926, 927, 928, 929, 930, 931, 932, 933, 934, 935]","[402, 416, 422, 423, 465, 851, 867, 874, 875, 912]",[],"[401, 402, 424, 427, 464, 469, 850, 851, 876, 879, 911, 916]","[916, 917, 918, 919, 920, 921, 923, 924, 925, 926, 927, 928, 929, 931, 932, 933, 934, 935, 848, 849, 850, 851, 852, 853, 854, 855, 856, 857, 858, 859, 860, 861, 862, 863, 864, 865, 866, 867, 868, 869, 870, 871, 872, 873, 874, 875, 876, 877, 878, 879, 880, 881, 882, 883, 884, 885, 886, 887, 888, 889, 890, 891, 892, 893, 894, 895, 896, 897, 898, 899, 900, 901, 902, 903, 904, 905, 906, 907, 908, 909, 398, 399, 912, 400, 401, 402, 403, 404, 405, 406, 407, 408, 922, 409, 410, 411, 412, 413, 414, 415, 930, 416, 417, 421, 418, 423, 419, 420, 422, 424, 425, 426, 427, 428, 429, 430, 431, 432, 433, 434, 435, 436, 437, 438, 439, 440, 441, 442, 443, 444, 445, 446, 447, 448, 449, 450, 451, 452, 453, 454, 455, 459, 456, 457, 458, 460, 461, 465, 462, 463, 464, 466, 467, 468, 469, 470, 474, 471, 472, 473, 475, 479, 476, 477, 478, 480, 481, 482, 483, 484, 910, 911, 913, 914, 915]",False,"[423, 465, 474, 875, 912, 922]","[398, 399, 400, 401, 402, 403, 404, 405, 406, 407, 408, 409, 410, 411, 412, 413, 414, 415, 416, 417, 418, 419, 420, 421, 422, 423, 424, 425, 426, 427, 428, 429, 430, 431, 432, 433, 434, 435, 436, 437, 438, 439, 440, 441, 442, 443, 444, 445, 446, 447, 448, 449, 450, 451, 452, 453, 454, 455, 456, 457, 458, 459, 460, 461, 462, 463, 464, 465, 466, 467, 468, 469, 470, 471, 472, 473, 474, 475, 476, 477, 478, 479, 480, 481, 482, 483, 484, 848, 849, 850, 851, 852, 853, 854, 855, 856, 857, 858, 859, 860, 861, 862, 863, 864, 865, 866, 867, 868, 869, 870, 871, 872, 873, 874, 875, 876, 877, 878, 879, 880, 881, 882, 883, 884, 885, 886, 887, 888, 889, 890, 891, 892, 893, 894, 895, 896, 897, 898, 899, 900, 901, 902, 903, 904, 905, 906, 907, 908, 909, 910, 911, 912, 913, 914, 915, 916, 917, 918, 919, 920, 921, 922, 923, 924, 925, 926, 927, 928, 929, 930, 931, 932, 933, 934, 935]","[423, 465, 875, 912]","[421, 423, 459, 465, 479, 873, 875, 906, 912, 930]","[402, 416, 422, 423, 465, 851, 867, 874, 875, 912]","[401, 402, 424, 427, 464, 469, 850, 851, 876, 879, 911, 916]",[],5/6 successful match,False,"[212, 213]",True,507,False,,,,,
West Haven ( 84401 ) Maverik # 844,801-731-8597 2577 UT 126 S,24 S <U+25A1> <U+25A1>,West Haven,84401,Maverik # 844,801-731-8597,2016,Ogden,UT,,,2577 UT 126 S,Proper,,False,,False,UT 126,,,,,"[445, 895]","[416, 445, 475, 867, 895, 923]","[416, 445, 460, 475, 867, 895, 907, 923]",[],"[398, 399, 400, 401, 402, 403, 404, 405, 406, 407, 408, 409, 410, 411, 412, 413, 414, 415, 416, 417, 418, 419, 420, 421, 422, 423, 424, 425, 426, 427, 428, 429, 430, 431, 432, 433, 434, 435, 436, 437, 438, 439, 440, 441, 442, 443, 444, 445, 446, 447, 448, 449, 450, 451, 452, 453, 454, 455, 456, 457, 458, 459, 460, 461, 462, 463, 464, 465, 466, 467, 468, 469, 470, 471, 472, 473, 474, 475, 476, 477, 478, 479, 480, 481, 482, 483, 484, 848, 849, 850, 851, 852, 853, 854, 855, 856, 857, 858, 859, 860, 861, 862, 863, 864, 865, 866, 867, 868, 869, 870, 871, 872, 873, 874, 875, 876, 877, 878, 879, 880, 881, 882, 883, 884, 885, 886, 887, 888, 889, 890, 891, 892, 893, 894, 895, 896, 897, 898, 899, 900, 901, 902, 903, 904, 905, 906, 907, 908, 909, 910, 911, 912, 913, 914, 915, 916, 917, 918, 919, 920, 921, 922, 923, 924, 925, 926, 927, 928, 929, 930, 931, 932, 933, 934, 935]","[399, 401, 405, 408, 428, 436, 439, 445, 447, 848, 850, 854, 858, 880, 887, 890, 895, 927]",[],"[50, 51, 52, 53, 219, 220, 221, 222, 362, 363, 364, 365, 439, 440, 441, 442, 443, 444, 445, 446, 447, 448, 449, 450, 529, 815, 816, 890, 891, 892, 893, 894, 895, 896, 897]","[916, 917, 918, 919, 529, 920, 921, 922, 924, 925, 50, 926, 51, 52, 53, 927, 928, 929, 930, 931, 932, 933, 934, 935, 219, 220, 221, 222, 362, 363, 364, 365, 815, 816, 848, 849, 850, 851, 852, 853, 854, 855, 856, 857, 858, 859, 860, 861, 862, 863, 864, 865, 866, 867, 868, 869, 870, 871, 872, 873, 874, 875, 876, 877, 878, 879, 880, 881, 882, 883, 884, 885, 886, 887, 888, 889, 890, 891, 892, 893, 894, 895, 896, 897, 898, 899, 900, 901, 902, 903, 904, 905, 906, 907, 908, 909, 398, 399, 400, 401, 402, 403, 404, 405, 406, 407, 408, 409, 410, 923, 411, 412, 413, 414, 416, 415, 417, 418, 419, 420, 421, 422, 423, 424, 425, 426, 427, 428, 429, 430, 431, 432, 433, 434, 435, 436, 437, 438, 439, 440, 441, 442, 443, 445, 444, 446, 447, 448, 449, 450, 451, 452, 453, 454, 455, 456, 457, 458, 460, 459, 461, 462, 463, 464, 465, 466, 467, 468, 469, 470, 471, 472, 473, 475, 474, 476, 477, 478, 479, 480, 481, 482, 483, 484, 910, 911, 912, 913, 914, 915]",True,"[416, 445, 475, 867, 895, 923]","[398, 399, 400, 401, 402, 403, 404, 405, 406, 407, 408, 409, 410, 411, 412, 413, 414, 415, 416, 417, 418, 419, 420, 421, 422, 423, 424, 425, 426, 427, 428, 429, 430, 431, 432, 433, 434, 435, 436, 437, 438, 439, 440, 441, 442, 443, 444, 445, 446, 447, 448, 449, 450, 451, 452, 453, 454, 455, 456, 457, 458, 459, 460, 461, 462, 463, 464, 465, 466, 467, 468, 469, 470, 471, 472, 473, 474, 475, 476, 477, 478, 479, 480, 481, 482, 483, 484, 848, 849, 850, 851, 852, 853, 854, 855, 856, 857, 858, 859, 860, 861, 862, 863, 864, 865, 866, 867, 868, 869, 870, 871, 872, 873, 874, 875, 876, 877, 878, 879, 880, 881, 882, 883, 884, 885, 886, 887, 888, 889, 890, 891, 892, 893, 894, 895, 896, 897, 898, 899, 900, 901, 902, 903, 904, 905, 906, 907, 908, 909, 910, 911, 912, 913, 914, 915, 916, 917, 918, 919, 920, 921, 922, 923, 924, 925, 926, 927, 928, 929, 930, 931, 932, 933, 934, 935]","[416, 445, 460, 475, 867, 895, 907, 923]",[],"[399, 401, 405, 408, 428, 436, 439, 445, 447, 848, 850, 854, 858, 880, 887, 890, 895, 927]","[50, 51, 52, 53, 219, 220, 221, 222, 362, 363, 364, 365, 439, 440, 441, 442, 443, 444, 445, 446, 447, 448, 449, 450, 529, 815, 816, 890, 891, 892, 893, 894, 895, 896, 897]",[],7/6 successful match,True,,False,508,False,,,,,
"Ogden , 84403 Wilson Lane Chevron W )",3 801-392-5010 I-15-84 Exit 343 (,,Ogden,84403,Wilson Lane Chevron W ),801-392-5010,2006,Ogden,UT,Chevron,(,I-15-84 Exit 343 ,Exit,343,False,,False,I-15-84,,,,,[],[],"[416, 460, 475, 867, 907, 923]","[416, 475, 867, 923]","[398, 399, 400, 401, 402, 403, 404, 405, 406, 407, 408, 409, 410, 411, 412, 413, 414, 415, 416, 417, 418, 419, 420, 421, 422, 423, 424, 425, 426, 427, 428, 429, 430, 431, 432, 433, 434, 435, 436, 437, 438, 439, 440, 441, 442, 443, 444, 445, 446, 447, 448, 449, 450, 451, 452, 453, 454, 455, 456, 457, 458, 459, 460, 461, 462, 463, 464, 465, 466, 467, 468, 469, 470, 471, 472, 473, 474, 475, 476, 477, 478, 479, 480, 481, 482, 483, 484, 848, 849, 850, 851, 852, 853, 854, 855, 856, 857, 858, 859, 860, 861, 862, 863, 864, 865, 866, 867, 868, 869, 870, 871, 872, 873, 874, 875, 876, 877, 878, 879, 880, 881, 882, 883, 884, 885, 886, 887, 888, 889, 890, 891, 892, 893, 894, 895, 896, 897, 898, 899, 900, 901, 902, 903, 904, 905, 906, 907, 908, 909, 910, 911, 912, 913, 914, 915, 916, 917, 918, 919, 920, 921, 922, 923, 924, 925, 926, 927, 928, 929, 930, 931, 932, 933, 934, 935]","[16, 125, 156, 163, 168, 184, 205, 222, 229, 253, 258, 265, 313, 317, 336, 340, 341, 356, 363, 365, 366, 367, 370, 375, 388, 391, 394, 396, 402, 410, 411, 412, 413, 415, 416, 417, 418, 419, 422, 423, 425, 429, 431, 433, 435, 437, 440, 441, 442, 443, 451, 452, 456, 457, 458, 460, 461, 464, 465, 471, 473, 474, 475, 481, 482, 501, 596, 628, 635, 655, 675, 693, 716, 720, 725, 771, 775, 793, 796, 797, 811, 817, 818, 820, 825, 838, 841, 844, 846, 851, 857, 861, 862, 863, 864, 866, 867, 868, 870, 871, 874, 875, 877, 881, 883, 885, 888, 891, 892, 893, 898, 899, 904, 905, 907, 908, 911, 912, 918, 920, 921, 922, 923, 924, 926, 931, 933]","[12, 24, 25, 28, 88, 100, 104, 119, 123, 129, 136, 137, 139, 140, 141, 148, 155, 169, 172, 179, 183, 185, 188, 196, 198, 217, 237, 267, 270, 278, 319, 321, 324, 325, 330, 334, 335, 354, 366, 369, 380, 383, 384, 386, 395, 407, 411, 423, 428, 436, 437, 452, 453, 456, 467, 471, 477, 478, 479, 497, 508, 511, 559, 571, 575, 590, 594, 600, 607, 608, 610, 611, 612, 619, 627, 640, 643, 650, 654, 656, 659, 667, 669, 685, 701, 726, 729, 737, 777, 779, 782, 783, 787, 790, 791, 809, 817, 819, 830, 833, 834, 836, 845, 856, 857, 860, 862, 875, 880, 887, 888, 899, 900, 914, 918, 921, 928, 929, 930]","[12, 24, 25, 28, 88, 100, 104, 119, 123, 129, 136, 137, 139, 140, 141, 148, 155, 169, 172, 179, 183, 185, 188, 196, 198, 217, 237, 267, 270, 278, 319, 321, 324, 325, 330, 334, 335, 354, 366, 369, 380, 383, 384, 386, 395, 407, 411, 423, 428, 436, 437, 452, 453, 456, 467, 471, 477, 478, 479, 497, 508, 511, 559, 571, 575, 590, 594, 600, 607, 608, 610, 611, 612, 619, 627, 640, 643, 650, 654, 656, 659, 667, 669, 685, 701, 726, 729, 737, 777, 779, 782, 783, 787, 790, 791, 809, 817, 819, 830, 833, 834, 836, 845, 856, 857, 860, 862, 875, 880, 887, 888, 899, 900, 914, 918, 921, 928, 929, 930]","[12, 16, 24, 25, 28, 88, 100, 104, 119, 123, 125, 129, 136, 137, 139, 140, 141, 148, 155, 156, 163, 168, 169, 172, 179, 183, 184, 185, 188, 196, 198, 205, 217, 222, 229, 237, 253, 258, 265, 267, 270, 278, 313, 317, 319, 321, 324, 325, 330, 334, 335, 336, 340, 341, 354, 356, 363, 365, 366, 367, 369, 370, 375, 380, 383, 384, 386, 388, 391, 394, 395, 396, 398, 399, 400, 401, 402, 403, 404, 405, 406, 407, 408, 409, 410, 411, 412, 413, 414, 415, 416, 417, 418, 419, 420, 421, 422, 423, 424, 425, 426, 427, 428, 429, 430, 431, 432, 433, 434, 435, 436, 437, 438, 439, 440, 441, 442, 443, 444, 445, 446, 447, 448, 449, 450, 451, 452, 453, 454, 455, 456, 457, 458, 459, 460, 461, 462, 463, 464, 465, 466, 467, 468, 469, 470, 471, 472, 473, 474, 475, 476, 477, 478, 479, 480, 481, 482, 483, 484, 497, 501, 508, 511, 559, 571, 575, 590, 594, 596, 600, 607, 608, 610, 611, 612, 619, 627, 628, 635, 640, 643, 650, 654, 655, 656, 659, 667, 669, 675, 685, 693, 701, 716, 720, 725, 726, 729, 737, 771, 775, 777, 779, 782, 783, 787, 790, 791, 793, 796, 797, 809, 811, 817, 818, 819, 820, 825, 830, 833, 834, 836, 838, 841, 844, 845, 846, 848, 849, 850, 851, 852, 853, 854, 855, 856, 857, 858, 859, 860, 861, 862, 863, 864, 865, 866, 867, 868, 869, 870, 871, 872, 873, 874, 875, 876, 877, 878, 879, 880, 881, 882, 883, 884, 885, 886, 887, 888, 889, 890, 891, 892, 893, 894, 895, 896, 897, 898, 899, 900, 901, 902, 903, 904, 905, 906, 907, 908, 909, 910, 911, 912, 913, 914, 915, 916, 917, 918, 919, 920, 921, 922, 923, 924, 925, 926, 927, 928, 929, 930, 931, 932, 933, 934, 935]",False,[],"[398, 399, 400, 401, 402, 403, 404, 405, 406, 407, 408, 409, 410, 411, 412, 413, 414, 415, 416, 417, 418, 419, 420, 421, 422, 423, 424, 425, 426, 427, 428, 429, 430, 431, 432, 433, 434, 435, 436, 437, 438, 439, 440, 441, 442, 443, 444, 445, 446, 447, 448, 449, 450, 451, 452, 453, 454, 455, 456, 457, 458, 459, 460, 461, 462, 463, 464, 465, 466, 467, 468, 469, 470, 471, 472, 473, 474, 475, 476, 477, 478, 479, 480, 481, 482, 483, 484, 848, 849, 850, 851, 852, 853, 854, 855, 856, 857, 858, 859, 860, 861, 862, 863, 864, 865, 866, 867, 868, 869, 870, 871, 872, 873, 874, 875, 876, 877, 878, 879, 880, 881, 882, 883, 884, 885, 886, 887, 888, 889, 890, 891, 892, 893, 894, 895, 896, 897, 898, 899, 900, 901, 902, 903, 904, 905, 906, 907, 908, 909, 910, 911, 912, 913, 914, 915, 916, 917, 918, 919, 920, 921, 922, 923, 924, 925, 926, 927, 928, 929, 930, 931, 932, 933, 934, 935]","[416, 460, 475, 867, 907, 923]","[416, 475, 867, 923]","[16, 125, 156, 163, 168, 184, 205, 222, 229, 253, 258, 265, 313, 317, 336, 340, 341, 356, 363, 365, 366, 367, 370, 375, 388, 391, 394, 396, 402, 410, 411, 412, 413, 415, 416, 417, 418, 419, 422, 423, 425, 429, 431, 433, 435, 437, 440, 441, 442, 443, 451, 452, 456, 457, 458, 460, 461, 464, 465, 471, 473, 474, 475, 481, 482, 501, 596, 628, 635, 655, 675, 693, 716, 720, 725, 771, 775, 793, 796, 797, 811, 817, 818, 820, 825, 838, 841, 844, 846, 851, 857, 861, 862, 863, 864, 866, 867, 868, 870, 871, 874, 875, 877, 881, 883, 885, 888, 891, 892, 893, 898, 899, 904, 905, 907, 908, 911, 912, 918, 920, 921, 922, 923, 924, 926, 931, 933]","[12, 24, 25, 28, 88, 100, 104, 119, 123, 129, 136, 137, 139, 140, 141, 148, 155, 169, 172, 179, 183, 185, 188, 196, 198, 217, 237, 267, 270, 278, 319, 321, 324, 325, 330, 334, 335, 354, 366, 369, 380, 383, 384, 386, 395, 407, 411, 423, 428, 436, 437, 452, 453, 456, 467, 471, 477, 478, 479, 497, 508, 511, 559, 571, 575, 590, 594, 600, 607, 608, 610, 611, 612, 619, 627, 640, 643, 650, 654, 656, 659, 667, 669, 685, 701, 726, 729, 737, 777, 779, 782, 783, 787, 790, 791, 809, 817, 819, 830, 833, 834, 836, 845, 856, 857, 860, 862, 875, 880, 887, 888, 899, 900, 914, 918, 921, 928, 929, 930]","[12, 24, 25, 28, 88, 100, 104, 119, 123, 129, 136, 137, 139, 140, 141, 148, 155, 169, 172, 179, 183, 185, 188, 196, 198, 217, 237, 267, 270, 278, 319, 321, 324, 325, 330, 334, 335, 354, 366, 369, 380, 383, 384, 386, 395, 407, 411, 423, 428, 436, 437, 452, 453, 456, 467, 471, 477, 478, 479, 497, 508, 511, 559, 571, 575, 590, 594, 600, 607, 608, 610, 611, 612, 619, 627, 640, 643, 650, 654, 656, 659, 667, 669, 685, 701, 726, 729, 737, 777, 779, 782, 783, 787, 790, 791, 809, 817, 819, 830, 833, 834, 836, 845, 856, 857, 860, 862, 875, 880, 887, 888, 899, 900, 914, 918, 921, 928, 929, 930]",5/6 successful match,False,[230],True,509,False,,,,,
"Ogden , 84403 Wilson Lane Chevron",801-392-5010 I-15-84 Exit 343 ( UT 104 E ),24 S,Ogden,84403,Wilson Lane Chevron,801-392-5010,2007,Ogden,UT,Chevron,( UT 104 E ),I-15-84 Exit 343 ,Exit,343,False,,False,I-15-84,,,,,[],[],"[416, 460, 475, 867, 907, 923]","[416, 475, 867, 923]","[398, 399, 400, 401, 402, 403, 404, 405, 406, 407, 408, 409, 410, 411, 412, 413, 414, 415, 416, 417, 418, 419, 420, 421, 422, 423, 424, 425, 426, 427, 428, 429, 430, 431, 432, 433, 434, 435, 436, 437, 438, 439, 440, 441, 442, 443, 444, 445, 446, 447, 448, 449, 450, 451, 452, 453, 454, 455, 456, 457, 458, 459, 460, 461, 462, 463, 464, 465, 466, 467, 468, 469, 470, 471, 472, 473, 474, 475, 476, 477, 478, 479, 480, 481, 482, 483, 484, 848, 849, 850, 851, 852, 853, 854, 855, 856, 857, 858, 859, 860, 861, 862, 863, 864, 865, 866, 867, 868, 869, 870, 871, 872, 873, 874, 875, 876, 877, 878, 879, 880, 881, 882, 883, 884, 885, 886, 887, 888, 889, 890, 891, 892, 893, 894, 895, 896, 897, 898, 899, 900, 901, 902, 903, 904, 905, 906, 907, 908, 909, 910, 911, 912, 913, 914, 915, 916, 917, 918, 919, 920, 921, 922, 923, 924, 925, 926, 927, 928, 929, 930, 931, 932, 933, 934, 935]","[16, 125, 156, 163, 168, 184, 205, 222, 229, 253, 258, 265, 313, 317, 336, 340, 341, 356, 363, 365, 366, 367, 370, 375, 388, 391, 394, 396, 402, 410, 411, 412, 413, 415, 416, 417, 418, 419, 422, 423, 425, 429, 431, 433, 435, 437, 440, 441, 442, 443, 451, 452, 456, 457, 458, 460, 461, 464, 465, 471, 473, 474, 475, 481, 482, 501, 596, 628, 635, 655, 675, 693, 716, 720, 725, 771, 775, 793, 796, 797, 811, 817, 818, 820, 825, 838, 841, 844, 846, 851, 857, 861, 862, 863, 864, 866, 867, 868, 870, 871, 874, 875, 877, 881, 883, 885, 888, 891, 892, 893, 898, 899, 904, 905, 907, 908, 911, 912, 918, 920, 921, 922, 923, 924, 926, 931, 933]","[12, 24, 25, 28, 88, 100, 104, 119, 123, 129, 136, 137, 139, 140, 141, 148, 155, 169, 172, 179, 183, 185, 188, 196, 198, 217, 237, 267, 270, 278, 319, 321, 324, 325, 330, 334, 335, 354, 366, 369, 380, 383, 384, 386, 395, 407, 411, 423, 428, 436, 437, 452, 453, 456, 467, 471, 477, 478, 479, 497, 508, 511, 559, 571, 575, 590, 594, 600, 607, 608, 610, 611, 612, 619, 627, 640, 643, 650, 654, 656, 659, 667, 669, 685, 701, 726, 729, 737, 777, 779, 782, 783, 787, 790, 791, 809, 817, 819, 830, 833, 834, 836, 845, 856, 857, 860, 862, 875, 880, 887, 888, 899, 900, 914, 918, 921, 928, 929, 930]","[12, 24, 25, 28, 88, 100, 104, 119, 123, 129, 136, 137, 139, 140, 141, 148, 155, 169, 172, 179, 183, 185, 188, 196, 198, 217, 237, 267, 270, 278, 319, 321, 324, 325, 330, 334, 335, 354, 366, 369, 380, 383, 384, 386, 395, 407, 411, 423, 428, 436, 437, 452, 453, 456, 467, 471, 477, 478, 479, 497, 508, 511, 559, 571, 575, 590, 594, 600, 607, 608, 610, 611, 612, 619, 627, 640, 643, 650, 654, 656, 659, 667, 669, 685, 701, 726, 729, 737, 777, 779, 782, 783, 787, 790, 791, 809, 817, 819, 830, 833, 834, 836, 845, 856, 857, 860, 862, 875, 880, 887, 888, 899, 900, 914, 918, 921, 928, 929, 930]","[12, 16, 24, 25, 28, 88, 100, 104, 119, 123, 125, 129, 136, 137, 139, 140, 141, 148, 155, 156, 163, 168, 169, 172, 179, 183, 184, 185, 188, 196, 198, 205, 217, 222, 229, 237, 253, 258, 265, 267, 270, 278, 313, 317, 319, 321, 324, 325, 330, 334, 335, 336, 340, 341, 354, 356, 363, 365, 366, 367, 369, 370, 375, 380, 383, 384, 386, 388, 391, 394, 395, 396, 398, 399, 400, 401, 402, 403, 404, 405, 406, 407, 408, 409, 410, 411, 412, 413, 414, 415, 416, 417, 418, 419, 420, 421, 422, 423, 424, 425, 426, 427, 428, 429, 430, 431, 432, 433, 434, 435, 436, 437, 438, 439, 440, 441, 442, 443, 444, 445, 446, 447, 448, 449, 450, 451, 452, 453, 454, 455, 456, 457, 458, 459, 460, 461, 462, 463, 464, 465, 466, 467, 468, 469, 470, 471, 472, 473, 474, 475, 476, 477, 478, 479, 480, 481, 482, 483, 484, 497, 501, 508, 511, 559, 571, 575, 590, 594, 596, 600, 607, 608, 610, 611, 612, 619, 627, 628, 635, 640, 643, 650, 654, 655, 656, 659, 667, 669, 675, 685, 693, 701, 716, 720, 725, 726, 729, 737, 771, 775, 777, 779, 782, 783, 787, 790, 791, 793, 796, 797, 809, 811, 817, 818, 819, 820, 825, 830, 833, 834, 836, 838, 841, 844, 845, 846, 848, 849, 850, 851, 852, 853, 854, 855, 856, 857, 858, 859, 860, 861, 862, 863, 864, 865, 866, 867, 868, 869, 870, 871, 872, 873, 874, 875, 876, 877, 878, 879, 880, 881, 882, 883, 884, 885, 886, 887, 888, 889, 890, 891, 892, 893, 894, 895, 896, 897, 898, 899, 900, 901, 902, 903, 904, 905, 906, 907, 908, 909, 910, 911, 912, 913, 914, 915, 916, 917, 918, 919, 920, 921, 922, 923, 924, 925, 926, 927, 928, 929, 930, 931, 932, 933, 934, 935]",False,[],"[398, 399, 400, 401, 402, 403, 404, 405, 406, 407, 408, 409, 410, 411, 412, 413, 414, 415, 416, 417, 418, 419, 420, 421, 422, 423, 424, 425, 426, 427, 428, 429, 430, 431, 432, 433, 434, 435, 436, 437, 438, 439, 440, 441, 442, 443, 444, 445, 446, 447, 448, 449, 450, 451, 452, 453, 454, 455, 456, 457, 458, 459, 460, 461, 462, 463, 464, 465, 466, 467, 468, 469, 470, 471, 472, 473, 474, 475, 476, 477, 478, 479, 480, 481, 482, 483, 484, 848, 849, 850, 851, 852, 853, 854, 855, 856, 857, 858, 859, 860, 861, 862, 863, 864, 865, 866, 867, 868, 869, 870, 871, 872, 873, 874, 875, 876, 877, 878, 879, 880, 881, 882, 883, 884, 885, 886, 887, 888, 889, 890, 891, 892, 893, 894, 895, 896, 897, 898, 899, 900, 901, 902, 903, 904, 905, 906, 907, 908, 909, 910, 911, 912, 913, 914, 915, 916, 917, 918, 919, 920, 921, 922, 923, 924, 925, 926, 927, 928, 929, 930, 931, 932, 933, 934, 935]","[416, 460, 475, 867, 907, 923]","[416, 475, 867, 923]","[16, 125, 156, 163, 168, 184, 205, 222, 229, 253, 258, 265, 313, 317, 336, 340, 341, 356, 363, 365, 366, 367, 370, 375, 388, 391, 394, 396, 402, 410, 411, 412, 413, 415, 416, 417, 418, 419, 422, 423, 425, 429, 431, 433, 435, 437, 440, 441, 442, 443, 451, 452, 456, 457, 458, 460, 461, 464, 465, 471, 473, 474, 475, 481, 482, 501, 596, 628, 635, 655, 675, 693, 716, 720, 725, 771, 775, 793, 796, 797, 811, 817, 818, 820, 825, 838, 841, 844, 846, 851, 857, 861, 862, 863, 864, 866, 867, 868, 870, 871, 874, 875, 877, 881, 883, 885, 888, 891, 892, 893, 898, 899, 904, 905, 907, 908, 911, 912, 918, 920, 921, 922, 923, 924, 926, 931, 933]","[12, 24, 25, 28, 88, 100, 104, 119, 123, 129, 136, 137, 139, 140, 141, 148, 155, 169, 172, 179, 183, 185, 188, 196, 198, 217, 237, 267, 270, 278, 319, 321, 324, 325, 330, 334, 335, 354, 366, 369, 380, 383, 384, 386, 395, 407, 411, 423, 428, 436, 437, 452, 453, 456, 467, 471, 477, 478, 479, 497, 508, 511, 559, 571, 575, 590, 594, 600, 607, 608, 610, 611, 612, 619, 627, 640, 643, 650, 654, 656, 659, 667, 669, 685, 701, 726, 729, 737, 777, 779, 782, 783, 787, 790, 791, 809, 817, 819, 830, 833, 834, 836, 845, 856, 857, 860, 862, 875, 880, 887, 888, 899, 900, 914, 918, 921, 928, 929, 930]","[12, 24, 25, 28, 88, 100, 104, 119, 123, 129, 136, 137, 139, 140, 141, 148, 155, 169, 172, 179, 183, 185, 188, 196, 198, 217, 237, 267, 270, 278, 319, 321, 324, 325, 330, 334, 335, 354, 366, 369, 380, 383, 384, 386, 395, 407, 411, 423, 428, 436, 437, 452, 453, 456, 467, 471, 477, 478, 479, 497, 508, 511, 559, 571, 575, 590, 594, 600, 607, 608, 610, 611, 612, 619, 627, 640, 643, 650, 654, 656, 659, 667, 669, 685, 701, 726, 729, 737, 777, 779, 782, 783, 787, 790, 791, 809, 817, 819, 830, 833, 834, 836, 845, 856, 857, 860, 862, 875, 880, 887, 888, 899, 900, 914, 918, 921, 928, 929, 930]",5/6 successful match,False,[230],True,509,False,,1.0,True,Wilson Lane Chevron W ),Chevron
"Ogden , 84403 Wilson Lane Chevron",3 801-392-5010 I-15-84 Exit 343 ( UT 104 E ),24 S,Ogden,84403,Wilson Lane Chevron,801-392-5010,2008,Ogden,UT,Chevron,( UT 104 E ),I-15-84 Exit 343 ,Exit,343,False,,False,I-15-84,,,,,[],[],"[416, 460, 475, 867, 907, 923]","[416, 475, 867, 923]","[398, 399, 400, 401, 402, 403, 404, 405, 406, 407, 408, 409, 410, 411, 412, 413, 414, 415, 416, 417, 418, 419, 420, 421, 422, 423, 424, 425, 426, 427, 428, 429, 430, 431, 432, 433, 434, 435, 436, 437, 438, 439, 440, 441, 442, 443, 444, 445, 446, 447, 448, 449, 450, 451, 452, 453, 454, 455, 456, 457, 458, 459, 460, 461, 462, 463, 464, 465, 466, 467, 468, 469, 470, 471, 472, 473, 474, 475, 476, 477, 478, 479, 480, 481, 482, 483, 484, 848, 849, 850, 851, 852, 853, 854, 855, 856, 857, 858, 859, 860, 861, 862, 863, 864, 865, 866, 867, 868, 869, 870, 871, 872, 873, 874, 875, 876, 877, 878, 879, 880, 881, 882, 883, 884, 885, 886, 887, 888, 889, 890, 891, 892, 893, 894, 895, 896, 897, 898, 899, 900, 901, 902, 903, 904, 905, 906, 907, 908, 909, 910, 911, 912, 913, 914, 915, 916, 917, 918, 919, 920, 921, 922, 923, 924, 925, 926, 927, 928, 929, 930, 931, 932, 933, 934, 935]","[16, 125, 156, 163, 168, 184, 205, 222, 229, 253, 258, 265, 313, 317, 336, 340, 341, 356, 363, 365, 366, 367, 370, 375, 388, 391, 394, 396, 402, 410, 411, 412, 413, 415, 416, 417, 418, 419, 422, 423, 425, 429, 431, 433, 435, 437, 440, 441, 442, 443, 451, 452, 456, 457, 458, 460, 461, 464, 465, 471, 473, 474, 475, 481, 482, 501, 596, 628, 635, 655, 675, 693, 716, 720, 725, 771, 775, 793, 796, 797, 811, 817, 818, 820, 825, 838, 841, 844, 846, 851, 857, 861, 862, 863, 864, 866, 867, 868, 870, 871, 874, 875, 877, 881, 883, 885, 888, 891, 892, 893, 898, 899, 904, 905, 907, 908, 911, 912, 918, 920, 921, 922, 923, 924, 926, 931, 933]","[12, 24, 25, 28, 88, 100, 104, 119, 123, 129, 136, 137, 139, 140, 141, 148, 155, 169, 172, 179, 183, 185, 188, 196, 198, 217, 237, 267, 270, 278, 319, 321, 324, 325, 330, 334, 335, 354, 366, 369, 380, 383, 384, 386, 395, 407, 411, 423, 428, 436, 437, 452, 453, 456, 467, 471, 477, 478, 479, 497, 508, 511, 559, 571, 575, 590, 594, 600, 607, 608, 610, 611, 612, 619, 627, 640, 643, 650, 654, 656, 659, 667, 669, 685, 701, 726, 729, 737, 777, 779, 782, 783, 787, 790, 791, 809, 817, 819, 830, 833, 834, 836, 845, 856, 857, 860, 862, 875, 880, 887, 888, 899, 900, 914, 918, 921, 928, 929, 930]","[12, 24, 25, 28, 88, 100, 104, 119, 123, 129, 136, 137, 139, 140, 141, 148, 155, 169, 172, 179, 183, 185, 188, 196, 198, 217, 237, 267, 270, 278, 319, 321, 324, 325, 330, 334, 335, 354, 366, 369, 380, 383, 384, 386, 395, 407, 411, 423, 428, 436, 437, 452, 453, 456, 467, 471, 477, 478, 479, 497, 508, 511, 559, 571, 575, 590, 594, 600, 607, 608, 610, 611, 612, 619, 627, 640, 643, 650, 654, 656, 659, 667, 669, 685, 701, 726, 729, 737, 777, 779, 782, 783, 787, 790, 791, 809, 817, 819, 830, 833, 834, 836, 845, 856, 857, 860, 862, 875, 880, 887, 888, 899, 900, 914, 918, 921, 928, 929, 930]","[12, 16, 24, 25, 28, 88, 100, 104, 119, 123, 125, 129, 136, 137, 139, 140, 141, 148, 155, 156, 163, 168, 169, 172, 179, 183, 184, 185, 188, 196, 198, 205, 217, 222, 229, 237, 253, 258, 265, 267, 270, 278, 313, 317, 319, 321, 324, 325, 330, 334, 335, 336, 340, 341, 354, 356, 363, 365, 366, 367, 369, 370, 375, 380, 383, 384, 386, 388, 391, 394, 395, 396, 398, 399, 400, 401, 402, 403, 404, 405, 406, 407, 408, 409, 410, 411, 412, 413, 414, 415, 416, 417, 418, 419, 420, 421, 422, 423, 424, 425, 426, 427, 428, 429, 430, 431, 432, 433, 434, 435, 436, 437, 438, 439, 440, 441, 442, 443, 444, 445, 446, 447, 448, 449, 450, 451, 452, 453, 454, 455, 456, 457, 458, 459, 460, 461, 462, 463, 464, 465, 466, 467, 468, 469, 470, 471, 472, 473, 474, 475, 476, 477, 478, 479, 480, 481, 482, 483, 484, 497, 501, 508, 511, 559, 571, 575, 590, 594, 596, 600, 607, 608, 610, 611, 612, 619, 627, 628, 635, 640, 643, 650, 654, 655, 656, 659, 667, 669, 675, 685, 693, 701, 716, 720, 725, 726, 729, 737, 771, 775, 777, 779, 782, 783, 787, 790, 791, 793, 796, 797, 809, 811, 817, 818, 819, 820, 825, 830, 833, 834, 836, 838, 841, 844, 845, 846, 848, 849, 850, 851, 852, 853, 854, 855, 856, 857, 858, 859, 860, 861, 862, 863, 864, 865, 866, 867, 868, 869, 870, 871, 872, 873, 874, 875, 876, 877, 878, 879, 880, 881, 882, 883, 884, 885, 886, 887, 888, 889, 890, 891, 892, 893, 894, 895, 896, 897, 898, 899, 900, 901, 902, 903, 904, 905, 906, 907, 908, 909, 910, 911, 912, 913, 914, 915, 916, 917, 918, 919, 920, 921, 922, 923, 924, 925, 926, 927, 928, 929, 930, 931, 932, 933, 934, 935]",False,[],"[398, 399, 400, 401, 402, 403, 404, 405, 406, 407, 408, 409, 410, 411, 412, 413, 414, 415, 416, 417, 418, 419, 420, 421, 422, 423, 424, 425, 426, 427, 428, 429, 430, 431, 432, 433, 434, 435, 436, 437, 438, 439, 440, 441, 442, 443, 444, 445, 446, 447, 448, 449, 450, 451, 452, 453, 454, 455, 456, 457, 458, 459, 460, 461, 462, 463, 464, 465, 466, 467, 468, 469, 470, 471, 472, 473, 474, 475, 476, 477, 478, 479, 480, 481, 482, 483, 484, 848, 849, 850, 851, 852, 853, 854, 855, 856, 857, 858, 859, 860, 861, 862, 863, 864, 865, 866, 867, 868, 869, 870, 871, 872, 873, 874, 875, 876, 877, 878, 879, 880, 881, 882, 883, 884, 885, 886, 887, 888, 889, 890, 891, 892, 893, 894, 895, 896, 897, 898, 899, 900, 901, 902, 903, 904, 905, 906, 907, 908, 909, 910, 911, 912, 913, 914, 915, 916, 917, 918, 919, 920, 921, 922, 923, 924, 925, 926, 927, 928, 929, 930, 931, 932, 933, 934, 935]","[416, 460, 475, 867, 907, 923]","[416, 475, 867, 923]","[16, 125, 156, 163, 168, 184, 205, 222, 229, 253, 258, 265, 313, 317, 336, 340, 341, 356, 363, 365, 366, 367, 370, 375, 388, 391, 394, 396, 402, 410, 411, 412, 413, 415, 416, 417, 418, 419, 422, 423, 425, 429, 431, 433, 435, 437, 440, 441, 442, 443, 451, 452, 456, 457, 458, 460, 461, 464, 465, 471, 473, 474, 475, 481, 482, 501, 596, 628, 635, 655, 675, 693, 716, 720, 725, 771, 775, 793, 796, 797, 811, 817, 818, 820, 825, 838, 841, 844, 846, 851, 857, 861, 862, 863, 864, 866, 867, 868, 870, 871, 874, 875, 877, 881, 883, 885, 888, 891, 892, 893, 898, 899, 904, 905, 907, 908, 911, 912, 918, 920, 921, 922, 923, 924, 926, 931, 933]","[12, 24, 25, 28, 88, 100, 104, 119, 123, 129, 136, 137, 139, 140, 141, 148, 155, 169, 172, 179, 183, 185, 188, 196, 198, 217, 237, 267, 270, 278, 319, 321, 324, 325, 330, 334, 335, 354, 366, 369, 380, 383, 384, 386, 395, 407, 411, 423, 428, 436, 437, 452, 453, 456, 467, 471, 477, 478, 479, 497, 508, 511, 559, 571, 575, 590, 594, 600, 607, 608, 610, 611, 612, 619, 627, 640, 643, 650, 654, 656, 659, 667, 669, 685, 701, 726, 729, 737, 777, 779, 782, 783, 787, 790, 791, 809, 817, 819, 830, 833, 834, 836, 845, 856, 857, 860, 862, 875, 880, 887, 888, 899, 900, 914, 918, 921, 928, 929, 930]","[12, 24, 25, 28, 88, 100, 104, 119, 123, 129, 136, 137, 139, 140, 141, 148, 155, 169, 172, 179, 183, 185, 188, 196, 198, 217, 237, 267, 270, 278, 319, 321, 324, 325, 330, 334, 335, 354, 366, 369, 380, 383, 384, 386, 395, 407, 411, 423, 428, 436, 437, 452, 453, 456, 467, 471, 477, 478, 479, 497, 508, 511, 559, 571, 575, 590, 594, 600, 607, 608, 610, 611, 612, 619, 627, 640, 643, 650, 654, 656, 659, 667, 669, 685, 701, 726, 729, 737, 777, 779, 782, 783, 787, 790, 791, 809, 817, 819, 830, 833, 834, 836, 845, 856, 857, 860, 862, 875, 880, 887, 888, 899, 900, 914, 918, 921, 928, 929, 930]",5/6 successful match,False,[230],True,509,False,,1.0,True,Wilson Lane Chevron,Chevron
Ogden ( 84403 ) West Haven 66 E ),3 801-648-7909 I-15-84 Exit 343 ( UT 104 E ),S,Ogden,84403,West Haven 66 E ),801-648-7909,2014,Ogden,UT,,( UT 104 E ),I-15-84 Exit 343 ,Exit,343,False,,False,I-15-84,,,,,[],[],"[416, 460, 475, 867, 907, 923]","[416, 475, 867, 923]","[398, 399, 400, 401, 402, 403, 404, 405, 406, 407, 408, 409, 410, 411, 412, 413, 414, 415, 416, 417, 418, 419, 420, 421, 422, 423, 424, 425, 426, 427, 428, 429, 430, 431, 432, 433, 434, 435, 436, 437, 438, 439, 440, 441, 442, 443, 444, 445, 446, 447, 448, 449, 450, 451, 452, 453, 454, 455, 456, 457, 458, 459, 460, 461, 462, 463, 464, 465, 466, 467, 468, 469, 470, 471, 472, 473, 474, 475, 476, 477, 478, 479, 480, 481, 482, 483, 484, 848, 849, 850, 851, 852, 853, 854, 855, 856, 857, 858, 859, 860, 861, 862, 863, 864, 865, 866, 867, 868, 869, 870, 871, 872, 873, 874, 875, 876, 877, 878, 879, 880, 881, 882, 883, 884, 885, 886, 887, 888, 889, 890, 891, 892, 893, 894, 895, 896, 897, 898, 899, 900, 901, 902, 903, 904, 905, 906, 907, 908, 909, 910, 911, 912, 913, 914, 915, 916, 917, 918, 919, 920, 921, 922, 923, 924, 925, 926, 927, 928, 929, 930, 931, 932, 933, 934, 935]","[16, 125, 156, 163, 168, 184, 205, 222, 229, 253, 258, 265, 313, 317, 336, 340, 341, 356, 363, 365, 366, 367, 370, 375, 388, 391, 394, 396, 402, 410, 411, 412, 413, 415, 416, 417, 418, 419, 422, 423, 425, 429, 431, 433, 435, 437, 440, 441, 442, 443, 451, 452, 456, 457, 458, 460, 461, 464, 465, 471, 473, 474, 475, 481, 482, 501, 596, 628, 635, 655, 675, 693, 716, 720, 725, 771, 775, 793, 796, 797, 811, 817, 818, 820, 825, 838, 841, 844, 846, 851, 857, 861, 862, 863, 864, 866, 867, 868, 870, 871, 874, 875, 877, 881, 883, 885, 888, 891, 892, 893, 898, 899, 904, 905, 907, 908, 911, 912, 918, 920, 921, 922, 923, 924, 926, 931, 933]",[],"[401, 402, 424, 427, 464, 469, 850, 851, 876, 879, 911, 916]","[916, 917, 918, 919, 16, 920, 921, 922, 388, 924, 925, 926, 927, 928, 929, 930, 931, 932, 596, 933, 934, 935, 391, 628, 635, 125, 655, 336, 156, 163, 675, 168, 340, 341, 693, 184, 394, 716, 205, 720, 725, 375, 222, 229, 396, 253, 356, 258, 771, 775, 265, 793, 796, 797, 363, 811, 365, 817, 366, 818, 820, 367, 313, 825, 317, 370, 838, 841, 844, 846, 848, 849, 850, 851, 852, 853, 854, 855, 856, 857, 858, 859, 860, 861, 862, 863, 864, 865, 866, 867, 868, 869, 870, 871, 872, 873, 874, 875, 876, 877, 878, 879, 880, 881, 882, 883, 884, 885, 886, 887, 888, 889, 890, 891, 892, 893, 894, 895, 896, 897, 898, 899, 900, 901, 902, 903, 904, 905, 906, 907, 908, 909, 398, 399, 400, 401, 402, 403, 404, 405, 406, 407, 408, 409, 410, 923, 411, 412, 413, 414, 416, 415, 417, 418, 419, 420, 421, 422, 423, 424, 425, 426, 427, 428, 429, 430, 431, 432, 433, 434, 435, 436, 437, 438, 439, 440, 441, 442, 443, 444, 445, 446, 447, 448, 449, 450, 451, 452, 453, 454, 455, 456, 457, 458, 460, 459, 461, 462, 463, 464, 465, 466, 467, 468, 469, 470, 471, 472, 473, 475, 474, 476, 477, 478, 479, 480, 481, 482, 483, 484, 910, 911, 912, 913, 501, 914, 915]",False,[],"[398, 399, 400, 401, 402, 403, 404, 405, 406, 407, 408, 409, 410, 411, 412, 413, 414, 415, 416, 417, 418, 419, 420, 421, 422, 423, 424, 425, 426, 427, 428, 429, 430, 431, 432, 433, 434, 435, 436, 437, 438, 439, 440, 441, 442, 443, 444, 445, 446, 447, 448, 449, 450, 451, 452, 453, 454, 455, 456, 457, 458, 459, 460, 461, 462, 463, 464, 465, 466, 467, 468, 469, 470, 471, 472, 473, 474, 475, 476, 477, 478, 479, 480, 481, 482, 483, 484, 848, 849, 850, 851, 852, 853, 854, 855, 856, 857, 858, 859, 860, 861, 862, 863, 864, 865, 866, 867, 868, 869, 870, 871, 872, 873, 874, 875, 876, 877, 878, 879, 880, 881, 882, 883, 884, 885, 886, 887, 888, 889, 890, 891, 892, 893, 894, 895, 896, 897, 898, 899, 900, 901, 902, 903, 904, 905, 906, 907, 908, 909, 910, 911, 912, 913, 914, 915, 916, 917, 918, 919, 920, 921, 922, 923, 924, 925, 926, 927, 928, 929, 930, 931, 932, 933, 934, 935]","[416, 460, 475, 867, 907, 923]","[416, 475, 867, 923]","[16, 125, 156, 163, 168, 184, 205, 222, 229, 253, 258, 265, 313, 317, 336, 340, 341, 356, 363, 365, 366, 367, 370, 375, 388, 391, 394, 396, 402, 410, 411, 412, 413, 415, 416, 417, 418, 419, 422, 423, 425, 429, 431, 433, 435, 437, 440, 441, 442, 443, 451, 452, 456, 457, 458, 460, 461, 464, 465, 471, 473, 474, 475, 481, 482, 501, 596, 628, 635, 655, 675, 693, 716, 720, 725, 771, 775, 793, 796, 797, 811, 817, 818, 820, 825, 838, 841, 844, 846, 851, 857, 861, 862, 863, 864, 866, 867, 868, 870, 871, 874, 875, 877, 881, 883, 885, 888, 891, 892, 893, 898, 899, 904, 905, 907, 908, 911, 912, 918, 920, 921, 922, 923, 924, 926, 931, 933]","[401, 402, 424, 427, 464, 469, 850, 851, 876, 879, 911, 916]",[],5/6 successful match,False,,False,509,True,2014,0.16666666666666666,True,Wilson Lane Chevron,Chevron
Blanding ( 84511 ) Out West Food & Fuel # 22 ( Shell ),435-678-2991 861 US 191 S,<U+25A1> S,Blanding,84511,Out West Food & Fuel # 22 ( Shell ),435-678-2991,2014,Blanding,UT,Shell,,861 US 191 S,Proper,,False,,False,US 191,,,,,"[400, 849]","[400, 849]","[400, 849]",[],"[398, 399, 400, 401, 402, 403, 404, 405, 406, 407, 408, 409, 410, 411, 412, 413, 414, 415, 416, 417, 418, 419, 420, 421, 422, 423, 424, 425, 426, 427, 428, 429, 430, 431, 432, 433, 434, 435, 436, 437, 438, 439, 440, 441, 442, 443, 444, 445, 446, 447, 448, 449, 450, 451, 452, 453, 454, 455, 456, 457, 458, 459, 460, 461, 462, 463, 464, 465, 466, 467, 468, 469, 470, 471, 472, 473, 474, 475, 476, 477, 478, 479, 480, 481, 482, 483, 484, 848, 849, 850, 851, 852, 853, 854, 855, 856, 857, 858, 859, 860, 861, 862, 863, 864, 865, 866, 867, 868, 869, 870, 871, 872, 873, 874, 875, 876, 877, 878, 879, 880, 881, 882, 883, 884, 885, 886, 887, 888, 889, 890, 891, 892, 893, 894, 895, 896, 897, 898, 899, 900, 901, 902, 903, 904, 905, 906, 907, 908, 909, 910, 911, 912, 913, 914, 915, 916, 917, 918, 919, 920, 921, 922, 923, 924, 925, 926, 927, 928, 929, 930, 931, 932, 933, 934, 935]","[4, 398, 400, 404, 406, 453, 459, 483, 484, 490, 849, 853, 855, 900, 903, 906, 934, 935]","[1, 13, 14, 29, 54, 55, 56, 57, 58, 60, 102, 118, 125, 127, 130, 134, 146, 149, 153, 175, 182, 187, 189, 191, 197, 225, 230, 238, 264, 265, 266, 286, 302, 317, 336, 379, 388, 389, 425, 454, 458, 463, 475, 487, 498, 499, 512, 530, 531, 532, 533, 534, 536, 573, 589, 596, 598, 601, 605, 617, 620, 624, 646, 653, 658, 660, 662, 668, 689, 694, 702, 724, 725, 745, 760, 775, 793, 829, 838, 839, 877, 901, 903, 905, 910, 923]","[1, 13, 14, 29, 54, 55, 56, 57, 58, 60, 102, 118, 125, 127, 130, 134, 146, 149, 153, 175, 182, 187, 189, 191, 197, 225, 230, 238, 264, 265, 266, 286, 302, 317, 336, 354, 379, 388, 389, 425, 454, 458, 463, 475, 487, 498, 499, 512, 530, 531, 532, 533, 534, 536, 573, 589, 596, 598, 601, 605, 617, 620, 624, 646, 653, 658, 660, 662, 668, 689, 694, 702, 724, 725, 745, 760, 775, 793, 809, 829, 838, 839, 877, 901, 903, 905, 910, 923]","[512, 916, 1, 4, 917, 918, 13, 14, 919, 530, 531, 532, 920, 533, 534, 536, 921, 29, 922, 923, 388, 924, 925, 926, 54, 55, 927, 56, 57, 58, 60, 573, 928, 389, 929, 930, 931, 589, 932, 596, 598, 933, 601, 934, 605, 935, 102, 617, 620, 624, 118, 125, 127, 130, 134, 646, 653, 146, 658, 660, 149, 662, 153, 336, 668, 175, 689, 182, 694, 187, 189, 702, 191, 197, 724, 725, 225, 230, 745, 238, 354, 760, 775, 264, 265, 266, 793, 286, 809, 302, 317, 829, 379, 838, 839, 848, 849, 850, 851, 852, 853, 854, 855, 856, 857, 858, 859, 860, 861, 862, 863, 864, 865, 866, 867, 868, 869, 870, 871, 872, 873, 874, 875, 876, 877, 878, 879, 880, 881, 882, 883, 884, 885, 886, 887, 888, 889, 890, 891, 892, 893, 894, 895, 896, 897, 898, 899, 900, 901, 902, 903, 904, 905, 906, 907, 908, 909, 398, 399, 400, 401, 402, 403, 404, 405, 406, 407, 408, 409, 410, 411, 412, 413, 414, 415, 416, 417, 418, 419, 420, 421, 422, 423, 424, 425, 426, 427, 428, 429, 430, 431, 432, 433, 434, 435, 436, 437, 438, 439, 440, 441, 442, 443, 444, 445, 446, 447, 448, 449, 450, 451, 452, 453, 454, 455, 456, 457, 458, 459, 460, 461, 462, 463, 464, 465, 466, 467, 468, 469, 470, 471, 472, 473, 474, 475, 476, 477, 478, 479, 480, 481, 482, 483, 484, 910, 487, 911, 490, 912, 913, 498, 499, 914, 915]",True,"[400, 849]","[398, 399, 400, 401, 402, 403, 404, 405, 406, 407, 408, 409, 410, 411, 412, 413, 414, 415, 416, 417, 418, 419, 420, 421, 422, 423, 424, 425, 426, 427, 428, 429, 430, 431, 432, 433, 434, 435, 436, 437, 438, 439, 440, 441, 442, 443, 444, 445, 446, 447, 448, 449, 450, 451, 452, 453, 454, 455, 456, 457, 458, 459, 460, 461, 462, 463, 464, 465, 466, 467, 468, 469, 470, 471, 472, 473, 474, 475, 476, 477, 478, 479, 480, 481, 482, 483, 484, 848, 849, 850, 851, 852, 853, 854, 855, 856, 857, 858, 859, 860, 861, 862, 863, 864, 865, 866, 867, 868, 869, 870, 871, 872, 873, 874, 875, 876, 877, 878, 879, 880, 881, 882, 883, 884, 885, 886, 887, 888, 889, 890, 891, 892, 893, 894, 895, 896, 897, 898, 899, 900, 901, 902, 903, 904, 905, 906, 907, 908, 909, 910, 911, 912, 913, 914, 915, 916, 917, 918, 919, 920, 921, 922, 923, 924, 925, 926, 927, 928, 929, 930, 931, 932, 933, 934, 935]","[400, 849]",[],"[4, 398, 400, 404, 406, 453, 459, 483, 484, 490, 849, 853, 855, 900, 903, 906, 934, 935]","[1, 13, 14, 29, 54, 55, 56, 57, 58, 60, 102, 118, 125, 127, 130, 134, 146, 149, 153, 175, 182, 187, 189, 191, 197, 225, 230, 238, 264, 265, 266, 286, 302, 317, 336, 354, 379, 388, 389, 425, 454, 458, 463, 475, 487, 498, 499, 512, 530, 531, 532, 533, 534, 536, 573, 589, 596, 598, 601, 605, 617, 620, 624, 646, 653, 658, 660, 662, 668, 689, 694, 702, 724, 725, 745, 760, 775, 793, 809, 829, 838, 839, 877, 901, 903, 905, 910, 923]","[1, 13, 14, 29, 54, 55, 56, 57, 58, 60, 102, 118, 125, 127, 130, 134, 146, 149, 153, 175, 182, 187, 189, 191, 197, 225, 230, 238, 264, 265, 266, 286, 302, 317, 336, 379, 388, 389, 425, 454, 458, 463, 475, 487, 498, 499, 512, 530, 531, 532, 533, 534, 536, 573, 589, 596, 598, 601, 605, 617, 620, 624, 646, 653, 658, 660, 662, 668, 689, 694, 702, 724, 725, 745, 760, 775, 793, 829, 838, 839, 877, 901, 903, 905, 910, 923]",5/6 successful match,True,[67],True,510,False,,,,,
Blanding ( 84511 ) 7 - Eleven ( Shell ),435-678-2991 861 US 191 S,<U+2610> S,Blanding,84511,7 - Eleven ( Shell ),435-678-2991,2015,Blanding,UT,Eleven,,861 US 191 S,Proper,,False,,False,US 191,,,,,"[400, 849]","[400, 849]","[400, 849]",[],"[398, 399, 400, 401, 402, 403, 404, 405, 406, 407, 408, 409, 410, 411, 412, 413, 414, 415, 416, 417, 418, 419, 420, 421, 422, 423, 424, 425, 426, 427, 428, 429, 430, 431, 432, 433, 434, 435, 436, 437, 438, 439, 440, 441, 442, 443, 444, 445, 446, 447, 448, 449, 450, 451, 452, 453, 454, 455, 456, 457, 458, 459, 460, 461, 462, 463, 464, 465, 466, 467, 468, 469, 470, 471, 472, 473, 474, 475, 476, 477, 478, 479, 480, 481, 482, 483, 484, 848, 849, 850, 851, 852, 853, 854, 855, 856, 857, 858, 859, 860, 861, 862, 863, 864, 865, 866, 867, 868, 869, 870, 871, 872, 873, 874, 875, 876, 877, 878, 879, 880, 881, 882, 883, 884, 885, 886, 887, 888, 889, 890, 891, 892, 893, 894, 895, 896, 897, 898, 899, 900, 901, 902, 903, 904, 905, 906, 907, 908, 909, 910, 911, 912, 913, 914, 915, 916, 917, 918, 919, 920, 921, 922, 923, 924, 925, 926, 927, 928, 929, 930, 931, 932, 933, 934, 935]","[4, 398, 400, 404, 406, 453, 459, 483, 484, 490, 849, 853, 855, 900, 903, 906, 934, 935]","[107, 108, 109, 110, 578, 579, 580, 584]","[1, 13, 14, 29, 54, 55, 56, 57, 58, 60, 102, 107, 108, 109, 110, 111, 112, 113, 118, 125, 127, 130, 134, 146, 149, 153, 175, 182, 187, 189, 191, 197, 225, 230, 238, 264, 265, 266, 286, 302, 317, 336, 354, 379, 388, 389, 398, 399, 400, 425, 454, 458, 463, 475, 487, 498, 499, 512, 530, 531, 532, 533, 534, 536, 573, 578, 579, 580, 581, 582, 583, 584, 589, 596, 598, 601, 605, 617, 620, 624, 646, 653, 658, 660, 662, 668, 689, 694, 702, 724, 725, 745, 760, 775, 793, 809, 829, 838, 839, 848, 849, 877, 901, 903, 905, 910, 923]","[512, 916, 1, 4, 917, 918, 13, 14, 919, 530, 531, 532, 920, 533, 534, 536, 921, 29, 922, 923, 388, 924, 925, 926, 54, 55, 927, 56, 57, 58, 60, 573, 928, 389, 578, 929, 579, 580, 581, 582, 930, 584, 583, 931, 589, 932, 596, 598, 933, 601, 934, 605, 935, 102, 617, 107, 108, 109, 110, 111, 112, 113, 620, 624, 118, 125, 127, 130, 134, 646, 653, 146, 658, 660, 149, 662, 153, 336, 668, 175, 689, 182, 694, 187, 189, 702, 191, 197, 724, 725, 225, 230, 745, 238, 354, 760, 775, 264, 265, 266, 793, 286, 809, 302, 317, 829, 379, 838, 839, 848, 849, 850, 851, 852, 853, 854, 855, 856, 857, 858, 859, 860, 861, 862, 863, 864, 865, 866, 867, 868, 869, 870, 871, 872, 873, 874, 875, 876, 877, 878, 879, 880, 881, 882, 883, 884, 885, 886, 887, 888, 889, 890, 891, 892, 893, 894, 895, 896, 897, 898, 899, 900, 901, 902, 903, 904, 905, 906, 907, 908, 909, 398, 399, 400, 401, 402, 403, 404, 405, 406, 407, 408, 409, 410, 411, 412, 413, 414, 415, 416, 417, 418, 419, 420, 421, 422, 423, 424, 425, 426, 427, 428, 429, 430, 431, 432, 433, 434, 435, 436, 437, 438, 439, 440, 441, 442, 443, 444, 445, 446, 447, 448, 449, 450, 451, 452, 453, 454, 455, 456, 457, 458, 459, 460, 461, 462, 463, 464, 465, 466, 467, 468, 469, 470, 471, 472, 473, 474, 475, 476, 477, 478, 479, 480, 481, 482, 483, 484, 910, 487, 911, 490, 912, 913, 498, 499, 914, 915]",True,"[400, 849]","[398, 399, 400, 401, 402, 403, 404, 405, 406, 407, 408, 409, 410, 411, 412, 413, 414, 415, 416, 417, 418, 419, 420, 421, 422, 423, 424, 425, 426, 427, 428, 429, 430, 431, 432, 433, 434, 435, 436, 437, 438, 439, 440, 441, 442, 443, 444, 445, 446, 447, 448, 449, 450, 451, 452, 453, 454, 455, 456, 457, 458, 459, 460, 461, 462, 463, 464, 465, 466, 467, 468, 469, 470, 471, 472, 473, 474, 475, 476, 477, 478, 479, 480, 481, 482, 483, 484, 848, 849, 850, 851, 852, 853, 854, 855, 856, 857, 858, 859, 860, 861, 862, 863, 864, 865, 866, 867, 868, 869, 870, 871, 872, 873, 874, 875, 876, 877, 878, 879, 880, 881, 882, 883, 884, 885, 886, 887, 888, 889, 890, 891, 892, 893, 894, 895, 896, 897, 898, 899, 900, 901, 902, 903, 904, 905, 906, 907, 908, 909, 910, 911, 912, 913, 914, 915, 916, 917, 918, 919, 920, 921, 922, 923, 924, 925, 926, 927, 928, 929, 930, 931, 932, 933, 934, 935]","[400, 849]",[],"[4, 398, 400, 404, 406, 453, 459, 483, 484, 490, 849, 853, 855, 900, 903, 906, 934, 935]","[1, 13, 14, 29, 54, 55, 56, 57, 58, 60, 102, 107, 108, 109, 110, 111, 112, 113, 118, 125, 127, 130, 134, 146, 149, 153, 175, 182, 187, 189, 191, 197, 225, 230, 238, 264, 265, 266, 286, 302, 317, 336, 354, 379, 388, 389, 398, 399, 400, 425, 454, 458, 463, 475, 487, 498, 499, 512, 530, 531, 532, 533, 534, 536, 573, 578, 579, 580, 581, 582, 583, 584, 589, 596, 598, 601, 605, 617, 620, 624, 646, 653, 658, 660, 662, 668, 689, 694, 702, 724, 725, 745, 760, 775, 793, 809, 829, 838, 839, 848, 849, 877, 901, 903, 905, 910, 923]","[107, 108, 109, 110, 578, 579, 580, 584]",6/6 successful match,True,[67],True,510,False,,0.7545454545454545,False,Out West Food & Fuel # 22 ( Shell ),Shell
Blanding ( 84511 ) 7 - Eleven ( Shell ),6 435-678-2991 861 US 191 S,24 S O,Blanding,84511,7 - Eleven ( Shell ),435-678-2991,2016,Blanding,UT,Eleven,,861 US 191 S,Proper,,False,,False,US 191,,,,,"[400, 849]","[400, 849]","[400, 849]",[],"[398, 399, 400, 401, 402, 403, 404, 405, 406, 407, 408, 409, 410, 411, 412, 413, 414, 415, 416, 417, 418, 419, 420, 421, 422, 423, 424, 425, 426, 427, 428, 429, 430, 431, 432, 433, 434, 435, 436, 437, 438, 439, 440, 441, 442, 443, 444, 445, 446, 447, 448, 449, 450, 451, 452, 453, 454, 455, 456, 457, 458, 459, 460, 461, 462, 463, 464, 465, 466, 467, 468, 469, 470, 471, 472, 473, 474, 475, 476, 477, 478, 479, 480, 481, 482, 483, 484, 848, 849, 850, 851, 852, 853, 854, 855, 856, 857, 858, 859, 860, 861, 862, 863, 864, 865, 866, 867, 868, 869, 870, 871, 872, 873, 874, 875, 876, 877, 878, 879, 880, 881, 882, 883, 884, 885, 886, 887, 888, 889, 890, 891, 892, 893, 894, 895, 896, 897, 898, 899, 900, 901, 902, 903, 904, 905, 906, 907, 908, 909, 910, 911, 912, 913, 914, 915, 916, 917, 918, 919, 920, 921, 922, 923, 924, 925, 926, 927, 928, 929, 930, 931, 932, 933, 934, 935]","[4, 398, 400, 404, 406, 453, 459, 483, 484, 490, 849, 853, 855, 900, 903, 906, 934, 935]","[107, 108, 109, 110, 578, 579, 580, 584]","[1, 13, 14, 29, 54, 55, 56, 57, 58, 60, 102, 107, 108, 109, 110, 111, 112, 113, 118, 125, 127, 130, 134, 146, 149, 153, 175, 182, 187, 189, 191, 197, 225, 230, 238, 264, 265, 266, 286, 302, 317, 336, 354, 379, 388, 389, 398, 399, 400, 425, 454, 458, 463, 475, 487, 498, 499, 512, 530, 531, 532, 533, 534, 536, 573, 578, 579, 580, 581, 582, 583, 584, 589, 596, 598, 601, 605, 617, 620, 624, 646, 653, 658, 660, 662, 668, 689, 694, 702, 724, 725, 745, 760, 775, 793, 809, 829, 838, 839, 848, 849, 877, 901, 903, 905, 910, 923]","[512, 916, 1, 4, 917, 918, 13, 14, 919, 530, 531, 532, 920, 533, 534, 536, 921, 29, 922, 923, 388, 924, 925, 926, 54, 55, 927, 56, 57, 58, 60, 573, 928, 389, 578, 929, 579, 580, 581, 582, 930, 584, 583, 931, 589, 932, 596, 598, 933, 601, 934, 605, 935, 102, 617, 107, 108, 109, 110, 111, 112, 113, 620, 624, 118, 125, 127, 130, 134, 646, 653, 146, 658, 660, 149, 662, 153, 336, 668, 175, 689, 182, 694, 187, 189, 702, 191, 197, 724, 725, 225, 230, 745, 238, 354, 760, 775, 264, 265, 266, 793, 286, 809, 302, 317, 829, 379, 838, 839, 848, 849, 850, 851, 852, 853, 854, 855, 856, 857, 858, 859, 860, 861, 862, 863, 864, 865, 866, 867, 868, 869, 870, 871, 872, 873, 874, 875, 876, 877, 878, 879, 880, 881, 882, 883, 884, 885, 886, 887, 888, 889, 890, 891, 892, 893, 894, 895, 896, 897, 898, 899, 900, 901, 902, 903, 904, 905, 906, 907, 908, 909, 398, 399, 400, 401, 402, 403, 404, 405, 406, 407, 408, 409, 410, 411, 412, 413, 414, 415, 416, 417, 418, 419, 420, 421, 422, 423, 424, 425, 426, 427, 428, 429, 430, 431, 432, 433, 434, 435, 436, 437, 438, 439, 440, 441, 442, 443, 444, 445, 446, 447, 448, 449, 450, 451, 452, 453, 454, 455, 456, 457, 458, 459, 460, 461, 462, 463, 464, 465, 466, 467, 468, 469, 470, 471, 472, 473, 474, 475, 476, 477, 478, 479, 480, 481, 482, 483, 484, 910, 487, 911, 490, 912, 913, 498, 499, 914, 915]",True,"[400, 849]","[398, 399, 400, 401, 402, 403, 404, 405, 406, 407, 408, 409, 410, 411, 412, 413, 414, 415, 416, 417, 418, 419, 420, 421, 422, 423, 424, 425, 426, 427, 428, 429, 430, 431, 432, 433, 434, 435, 436, 437, 438, 439, 440, 441, 442, 443, 444, 445, 446, 447, 448, 449, 450, 451, 452, 453, 454, 455, 456, 457, 458, 459, 460, 461, 462, 463, 464, 465, 466, 467, 468, 469, 470, 471, 472, 473, 474, 475, 476, 477, 478, 479, 480, 481, 482, 483, 484, 848, 849, 850, 851, 852, 853, 854, 855, 856, 857, 858, 859, 860, 861, 862, 863, 864, 865, 866, 867, 868, 869, 870, 871, 872, 873, 874, 875, 876, 877, 878, 879, 880, 881, 882, 883, 884, 885, 886, 887, 888, 889, 890, 891, 892, 893, 894, 895, 896, 897, 898, 899, 900, 901, 902, 903, 904, 905, 906, 907, 908, 909, 910, 911, 912, 913, 914, 915, 916, 917, 918, 919, 920, 921, 922, 923, 924, 925, 926, 927, 928, 929, 930, 931, 932, 933, 934, 935]","[400, 849]",[],"[4, 398, 400, 404, 406, 453, 459, 483, 484, 490, 849, 853, 855, 900, 903, 906, 934, 935]","[1, 13, 14, 29, 54, 55, 56, 57, 58, 60, 102, 107, 108, 109, 110, 111, 112, 113, 118, 125, 127, 130, 134, 146, 149, 153, 175, 182, 187, 189, 191, 197, 225, 230, 238, 264, 265, 266, 286, 302, 317, 336, 354, 379, 388, 389, 398, 399, 400, 425, 454, 458, 463, 475, 487, 498, 499, 512, 530, 531, 532, 533, 534, 536, 573, 578, 579, 580, 581, 582, 583, 584, 589, 596, 598, 601, 605, 617, 620, 624, 646, 653, 658, 660, 662, 668, 689, 694, 702, 724, 725, 745, 760, 775, 793, 809, 829, 838, 839, 848, 849, 877, 901, 903, 905, 910, 923]","[107, 108, 109, 110, 578, 579, 580, 584]",6/6 successful match,True,[67],True,510,False,,1.0,True,7 - Eleven ( Shell ),Eleven
Thompson Springs ( 84540 ) Out West Food & Fuel # 34 ( Shell ),435-285-2230 I-70 Exit 187 ( Rogers Rd ),S,Thompson Springs,84540,Out West Food & Fuel # 34 ( Shell ),435-285-2230,2014,Thompson,UT,Shell,( Rogers Rd ),I-70 Exit 187 ,Exit,187,False,,False,I-70,,,,,"[848, 399]","[399, 848]","[174, 188, 189, 197, 232, 254, 399, 645, 659, 660, 668, 696, 717, 848]","[399, 848]","[398, 399, 400, 401, 402, 403, 404, 405, 406, 407, 408, 409, 410, 411, 412, 413, 414, 415, 416, 417, 418, 419, 420, 421, 422, 423, 424, 425, 426, 427, 428, 429, 430, 431, 432, 433, 434, 435, 436, 437, 438, 439, 440, 441, 442, 443, 444, 445, 446, 447, 448, 449, 450, 451, 452, 453, 454, 455, 456, 457, 458, 459, 460, 461, 462, 463, 464, 465, 466, 467, 468, 469, 470, 471, 472, 473, 474, 475, 476, 477, 478, 479, 480, 481, 482, 483, 484, 848, 849, 850, 851, 852, 853, 854, 855, 856, 857, 858, 859, 860, 861, 862, 863, 864, 865, 866, 867, 868, 869, 870, 871, 872, 873, 874, 875, 876, 877, 878, 879, 880, 881, 882, 883, 884, 885, 886, 887, 888, 889, 890, 891, 892, 893, 894, 895, 896, 897, 898, 899, 900, 901, 902, 903, 904, 905, 906, 907, 908, 909, 910, 911, 912, 913, 914, 915, 916, 917, 918, 919, 920, 921, 922, 923, 924, 925, 926, 927, 928, 929, 930, 931, 932, 933, 934, 935]","[179, 219, 399, 421, 432, 434, 462, 466, 469, 476, 479, 650, 848, 873, 884, 886, 909, 913, 916, 925, 930]","[1, 13, 14, 29, 54, 55, 56, 57, 58, 60, 102, 118, 125, 127, 130, 134, 146, 149, 153, 175, 182, 187, 189, 191, 197, 225, 230, 238, 264, 265, 266, 286, 302, 317, 336, 379, 388, 389, 425, 454, 458, 463, 475, 487, 498, 499, 512, 530, 531, 532, 533, 534, 536, 573, 589, 596, 598, 601, 605, 617, 620, 624, 646, 653, 658, 660, 662, 668, 689, 694, 702, 724, 725, 745, 760, 775, 793, 829, 838, 839, 877, 901, 903, 905, 910, 923]","[1, 13, 14, 29, 54, 55, 56, 57, 58, 60, 102, 118, 125, 127, 130, 134, 146, 149, 153, 175, 182, 187, 189, 191, 197, 225, 230, 238, 264, 265, 266, 286, 302, 317, 336, 354, 379, 388, 389, 425, 454, 458, 463, 475, 487, 498, 499, 512, 530, 531, 532, 533, 534, 536, 573, 589, 596, 598, 601, 605, 617, 620, 624, 646, 653, 658, 660, 662, 668, 689, 694, 702, 724, 725, 745, 760, 775, 793, 809, 829, 838, 839, 877, 901, 903, 905, 910, 923]","[512, 916, 1, 917, 918, 13, 14, 919, 530, 531, 532, 920, 533, 534, 536, 921, 29, 922, 923, 388, 924, 925, 926, 54, 55, 927, 56, 57, 58, 60, 573, 928, 389, 929, 930, 931, 589, 932, 596, 598, 933, 601, 934, 605, 935, 102, 617, 620, 624, 118, 125, 127, 130, 645, 134, 646, 650, 653, 146, 659, 660, 149, 658, 662, 153, 336, 668, 174, 175, 689, 179, 182, 694, 696, 187, 188, 189, 702, 191, 197, 717, 724, 725, 219, 225, 230, 232, 745, 238, 354, 760, 254, 775, 264, 265, 266, 793, 286, 809, 302, 317, 829, 379, 838, 839, 848, 849, 850, 851, 852, 853, 854, 855, 856, 857, 858, 859, 860, 861, 862, 863, 864, 865, 866, 867, 868, 869, 870, 871, 872, 873, 874, 875, 876, 877, 878, 879, 880, 881, 882, 883, 884, 885, 886, 887, 888, 889, 890, 891, 892, 893, 894, 895, 896, 897, 898, 899, 900, 901, 902, 903, 904, 905, 906, 907, 908, 909, 398, 399, 400, 401, 402, 403, 404, 405, 406, 407, 408, 409, 410, 411, 412, 413, 414, 415, 416, 417, 418, 419, 420, 421, 422, 423, 424, 425, 426, 427, 428, 429, 430, 431, 432, 433, 434, 435, 436, 437, 438, 439, 440, 441, 442, 443, 444, 445, 446, 447, 448, 449, 450, 451, 452, 453, 454, 455, 456, 457, 458, 459, 460, 461, 462, 463, 464, 465, 466, 467, 468, 469, 470, 471, 472, 473, 474, 475, 476, 477, 478, 479, 480, 481, 482, 483, 484, 910, 487, 911, 912, 913, 498, 499, 914, 915]",True,"[399, 848]","[398, 399, 400, 401, 402, 403, 404, 405, 406, 407, 408, 409, 410, 411, 412, 413, 414, 415, 416, 417, 418, 419, 420, 421, 422, 423, 424, 425, 426, 427, 428, 429, 430, 431, 432, 433, 434, 435, 436, 437, 438, 439, 440, 441, 442, 443, 444, 445, 446, 447, 448, 449, 450, 451, 452, 453, 454, 455, 456, 457, 458, 459, 460, 461, 462, 463, 464, 465, 466, 467, 468, 469, 470, 471, 472, 473, 474, 475, 476, 477, 478, 479, 480, 481, 482, 483, 484, 848, 849, 850, 851, 852, 853, 854, 855, 856, 857, 858, 859, 860, 861, 862, 863, 864, 865, 866, 867, 868, 869, 870, 871, 872, 873, 874, 875, 876, 877, 878, 879, 880, 881, 882, 883, 884, 885, 886, 887, 888, 889, 890, 891, 892, 893, 894, 895, 896, 897, 898, 899, 900, 901, 902, 903, 904, 905, 906, 907, 908, 909, 910, 911, 912, 913, 914, 915, 916, 917, 918, 919, 920, 921, 922, 923, 924, 925, 926, 927, 928, 929, 930, 931, 932, 933, 934, 935]","[174, 188, 189, 197, 232, 254, 399, 645, 659, 660, 668, 696, 717, 848]","[399, 848]","[179, 219, 399, 421, 432, 434, 462, 466, 469, 476, 479, 650, 848, 873, 884, 886, 909, 913, 916, 925, 930]","[1, 13, 14, 29, 54, 55, 56, 57, 58, 60, 102, 118, 125, 127, 130, 134, 146, 149, 153, 175, 182, 187, 189, 191, 197, 225, 230, 238, 264, 265, 266, 286, 302, 317, 336, 354, 379, 388, 389, 425, 454, 458, 463, 475, 487, 498, 499, 512, 530, 531, 532, 533, 534, 536, 573, 589, 596, 598, 601, 605, 617, 620, 624, 646, 653, 658, 660, 662, 668, 689, 694, 702, 724, 725, 745, 760, 775, 793, 809, 829, 838, 839, 877, 901, 903, 905, 910, 923]","[1, 13, 14, 29, 54, 55, 56, 57, 58, 60, 102, 118, 125, 127, 130, 134, 146, 149, 153, 175, 182, 187, 189, 191, 197, 225, 230, 238, 264, 265, 266, 286, 302, 317, 336, 379, 388, 389, 425, 454, 458, 463, 475, 487, 498, 499, 512, 530, 531, 532, 533, 534, 536, 573, 589, 596, 598, 601, 605, 617, 620, 624, 646, 653, 658, 660, 662, 668, 689, 694, 702, 724, 725, 745, 760, 775, 793, 829, 838, 839, 877, 901, 903, 905, 910, 923]",5/6 successful match,True,"[547, 548, 549, 550]",True,511,False,,,,,
Thompson Springs ( 84540 ) 7 - Eleven ( Shell ),435-285-2230 I-70 Exit 187 ( Rogers Rd ),24 S <U+2610>,Thompson Springs,84540,7 - Eleven ( Shell ),435-285-2230,2015,Thompson,UT,Eleven,( Rogers Rd ),I-70 Exit 187 ,Exit,187,False,,False,I-70,,,,,"[848, 399]","[399, 848]","[174, 188, 189, 197, 232, 254, 399, 645, 659, 660, 668, 696, 717, 848]","[399, 848]","[398, 399, 400, 401, 402, 403, 404, 405, 406, 407, 408, 409, 410, 411, 412, 413, 414, 415, 416, 417, 418, 419, 420, 421, 422, 423, 424, 425, 426, 427, 428, 429, 430, 431, 432, 433, 434, 435, 436, 437, 438, 439, 440, 441, 442, 443, 444, 445, 446, 447, 448, 449, 450, 451, 452, 453, 454, 455, 456, 457, 458, 459, 460, 461, 462, 463, 464, 465, 466, 467, 468, 469, 470, 471, 472, 473, 474, 475, 476, 477, 478, 479, 480, 481, 482, 483, 484, 848, 849, 850, 851, 852, 853, 854, 855, 856, 857, 858, 859, 860, 861, 862, 863, 864, 865, 866, 867, 868, 869, 870, 871, 872, 873, 874, 875, 876, 877, 878, 879, 880, 881, 882, 883, 884, 885, 886, 887, 888, 889, 890, 891, 892, 893, 894, 895, 896, 897, 898, 899, 900, 901, 902, 903, 904, 905, 906, 907, 908, 909, 910, 911, 912, 913, 914, 915, 916, 917, 918, 919, 920, 921, 922, 923, 924, 925, 926, 927, 928, 929, 930, 931, 932, 933, 934, 935]","[179, 219, 399, 421, 432, 434, 462, 466, 469, 476, 479, 650, 848, 873, 884, 886, 909, 913, 916, 925, 930]","[107, 108, 109, 110, 578, 579, 580, 584]","[1, 13, 14, 29, 54, 55, 56, 57, 58, 60, 102, 107, 108, 109, 110, 111, 112, 113, 118, 125, 127, 130, 134, 146, 149, 153, 175, 182, 187, 189, 191, 197, 225, 230, 238, 264, 265, 266, 286, 302, 317, 336, 354, 379, 388, 389, 398, 399, 400, 425, 454, 458, 463, 475, 487, 498, 499, 512, 530, 531, 532, 533, 534, 536, 573, 578, 579, 580, 581, 582, 583, 584, 589, 596, 598, 601, 605, 617, 620, 624, 646, 653, 658, 660, 662, 668, 689, 694, 702, 724, 725, 745, 760, 775, 793, 809, 829, 838, 839, 848, 849, 877, 901, 903, 905, 910, 923]","[512, 916, 1, 917, 918, 13, 14, 919, 530, 531, 532, 920, 533, 534, 536, 921, 29, 922, 923, 388, 924, 925, 926, 54, 55, 927, 56, 57, 58, 60, 573, 928, 389, 578, 929, 579, 580, 581, 582, 930, 584, 583, 931, 589, 932, 596, 598, 933, 601, 934, 605, 935, 102, 617, 107, 108, 109, 110, 111, 112, 113, 620, 624, 118, 125, 127, 130, 645, 134, 646, 650, 653, 146, 659, 660, 149, 658, 662, 153, 336, 668, 174, 175, 689, 179, 182, 694, 696, 187, 188, 189, 702, 191, 197, 717, 724, 725, 219, 225, 230, 232, 745, 238, 354, 760, 254, 775, 264, 265, 266, 793, 286, 809, 302, 317, 829, 379, 838, 839, 848, 849, 850, 851, 852, 853, 854, 855, 856, 857, 858, 859, 860, 861, 862, 863, 864, 865, 866, 867, 868, 869, 870, 871, 872, 873, 874, 875, 876, 877, 878, 879, 880, 881, 882, 883, 884, 885, 886, 887, 888, 889, 890, 891, 892, 893, 894, 895, 896, 897, 898, 899, 900, 901, 902, 903, 904, 905, 906, 907, 908, 909, 398, 399, 400, 401, 402, 403, 404, 405, 406, 407, 408, 409, 410, 411, 412, 413, 414, 415, 416, 417, 418, 419, 420, 421, 422, 423, 424, 425, 426, 427, 428, 429, 430, 431, 432, 433, 434, 435, 436, 437, 438, 439, 440, 441, 442, 443, 444, 445, 446, 447, 448, 449, 450, 451, 452, 453, 454, 455, 456, 457, 458, 459, 460, 461, 462, 463, 464, 465, 466, 467, 468, 469, 470, 471, 472, 473, 474, 475, 476, 477, 478, 479, 480, 481, 482, 483, 484, 910, 487, 911, 912, 913, 498, 499, 914, 915]",True,"[399, 848]","[398, 399, 400, 401, 402, 403, 404, 405, 406, 407, 408, 409, 410, 411, 412, 413, 414, 415, 416, 417, 418, 419, 420, 421, 422, 423, 424, 425, 426, 427, 428, 429, 430, 431, 432, 433, 434, 435, 436, 437, 438, 439, 440, 441, 442, 443, 444, 445, 446, 447, 448, 449, 450, 451, 452, 453, 454, 455, 456, 457, 458, 459, 460, 461, 462, 463, 464, 465, 466, 467, 468, 469, 470, 471, 472, 473, 474, 475, 476, 477, 478, 479, 480, 481, 482, 483, 484, 848, 849, 850, 851, 852, 853, 854, 855, 856, 857, 858, 859, 860, 861, 862, 863, 864, 865, 866, 867, 868, 869, 870, 871, 872, 873, 874, 875, 876, 877, 878, 879, 880, 881, 882, 883, 884, 885, 886, 887, 888, 889, 890, 891, 892, 893, 894, 895, 896, 897, 898, 899, 900, 901, 902, 903, 904, 905, 906, 907, 908, 909, 910, 911, 912, 913, 914, 915, 916, 917, 918, 919, 920, 921, 922, 923, 924, 925, 926, 927, 928, 929, 930, 931, 932, 933, 934, 935]","[174, 188, 189, 197, 232, 254, 399, 645, 659, 660, 668, 696, 717, 848]","[399, 848]","[179, 219, 399, 421, 432, 434, 462, 466, 469, 476, 479, 650, 848, 873, 884, 886, 909, 913, 916, 925, 930]","[1, 13, 14, 29, 54, 55, 56, 57, 58, 60, 102, 107, 108, 109, 110, 111, 112, 113, 118, 125, 127, 130, 134, 146, 149, 153, 175, 182, 187, 189, 191, 197, 225, 230, 238, 264, 265, 266, 286, 302, 317, 336, 354, 379, 388, 389, 398, 399, 400, 425, 454, 458, 463, 475, 487, 498, 499, 512, 530, 531, 532, 533, 534, 536, 573, 578, 579, 580, 581, 582, 583, 584, 589, 596, 598, 601, 605, 617, 620, 624, 646, 653, 658, 660, 662, 668, 689, 694, 702, 724, 725, 745, 760, 775, 793, 809, 829, 838, 839, 848, 849, 877, 901, 903, 905, 910, 923]","[107, 108, 109, 110, 578, 579, 580, 584]",6/6 successful match,True,"[547, 548, 549, 550]",True,511,False,,0.7545454545454545,False,Out West Food & Fuel # 34 ( Shell ),Shell
Thompson Springs ( 84540 ) 7 - Eleven ( Shell ),6 435-285-2230 I-70 Exit 187 ( Rogers Rd ),24 SO <U+25A1>,Thompson Springs,84540,7 - Eleven ( Shell ),435-285-2230,2016,Thompson,UT,Eleven,( Rogers Rd ),I-70 Exit 187 ,Exit,187,False,,False,I-70,,,,,"[848, 399]","[399, 848]","[174, 188, 189, 197, 232, 254, 399, 645, 659, 660, 668, 696, 717, 848]","[399, 848]","[398, 399, 400, 401, 402, 403, 404, 405, 406, 407, 408, 409, 410, 411, 412, 413, 414, 415, 416, 417, 418, 419, 420, 421, 422, 423, 424, 425, 426, 427, 428, 429, 430, 431, 432, 433, 434, 435, 436, 437, 438, 439, 440, 441, 442, 443, 444, 445, 446, 447, 448, 449, 450, 451, 452, 453, 454, 455, 456, 457, 458, 459, 460, 461, 462, 463, 464, 465, 466, 467, 468, 469, 470, 471, 472, 473, 474, 475, 476, 477, 478, 479, 480, 481, 482, 483, 484, 848, 849, 850, 851, 852, 853, 854, 855, 856, 857, 858, 859, 860, 861, 862, 863, 864, 865, 866, 867, 868, 869, 870, 871, 872, 873, 874, 875, 876, 877, 878, 879, 880, 881, 882, 883, 884, 885, 886, 887, 888, 889, 890, 891, 892, 893, 894, 895, 896, 897, 898, 899, 900, 901, 902, 903, 904, 905, 906, 907, 908, 909, 910, 911, 912, 913, 914, 915, 916, 917, 918, 919, 920, 921, 922, 923, 924, 925, 926, 927, 928, 929, 930, 931, 932, 933, 934, 935]","[179, 219, 399, 421, 432, 434, 462, 466, 469, 476, 479, 650, 848, 873, 884, 886, 909, 913, 916, 925, 930]","[107, 108, 109, 110, 578, 579, 580, 584]","[1, 13, 14, 29, 54, 55, 56, 57, 58, 60, 102, 107, 108, 109, 110, 111, 112, 113, 118, 125, 127, 130, 134, 146, 149, 153, 175, 182, 187, 189, 191, 197, 225, 230, 238, 264, 265, 266, 286, 302, 317, 336, 354, 379, 388, 389, 398, 399, 400, 425, 454, 458, 463, 475, 487, 498, 499, 512, 530, 531, 532, 533, 534, 536, 573, 578, 579, 580, 581, 582, 583, 584, 589, 596, 598, 601, 605, 617, 620, 624, 646, 653, 658, 660, 662, 668, 689, 694, 702, 724, 725, 745, 760, 775, 793, 809, 829, 838, 839, 848, 849, 877, 901, 903, 905, 910, 923]","[512, 916, 1, 917, 918, 13, 14, 919, 530, 531, 532, 920, 533, 534, 536, 921, 29, 922, 923, 388, 924, 925, 926, 54, 55, 927, 56, 57, 58, 60, 573, 928, 389, 578, 929, 579, 580, 581, 582, 930, 584, 583, 931, 589, 932, 596, 598, 933, 601, 934, 605, 935, 102, 617, 107, 108, 109, 110, 111, 112, 113, 620, 624, 118, 125, 127, 130, 645, 134, 646, 650, 653, 146, 659, 660, 149, 658, 662, 153, 336, 668, 174, 175, 689, 179, 182, 694, 696, 187, 188, 189, 702, 191, 197, 717, 724, 725, 219, 225, 230, 232, 745, 238, 354, 760, 254, 775, 264, 265, 266, 793, 286, 809, 302, 317, 829, 379, 838, 839, 848, 849, 850, 851, 852, 853, 854, 855, 856, 857, 858, 859, 860, 861, 862, 863, 864, 865, 866, 867, 868, 869, 870, 871, 872, 873, 874, 875, 876, 877, 878, 879, 880, 881, 882, 883, 884, 885, 886, 887, 888, 889, 890, 891, 892, 893, 894, 895, 896, 897, 898, 899, 900, 901, 902, 903, 904, 905, 906, 907, 908, 909, 398, 399, 400, 401, 402, 403, 404, 405, 406, 407, 408, 409, 410, 411, 412, 413, 414, 415, 416, 417, 418, 419, 420, 421, 422, 423, 424, 425, 426, 427, 428, 429, 430, 431, 432, 433, 434, 435, 436, 437, 438, 439, 440, 441, 442, 443, 444, 445, 446, 447, 448, 449, 450, 451, 452, 453, 454, 455, 456, 457, 458, 459, 460, 461, 462, 463, 464, 465, 466, 467, 468, 469, 470, 471, 472, 473, 474, 475, 476, 477, 478, 479, 480, 481, 482, 483, 484, 910, 487, 911, 912, 913, 498, 499, 914, 915]",True,"[399, 848]","[398, 399, 400, 401, 402, 403, 404, 405, 406, 407, 408, 409, 410, 411, 412, 413, 414, 415, 416, 417, 418, 419, 420, 421, 422, 423, 424, 425, 426, 427, 428, 429, 430, 431, 432, 433, 434, 435, 436, 437, 438, 439, 440, 441, 442, 443, 444, 445, 446, 447, 448, 449, 450, 451, 452, 453, 454, 455, 456, 457, 458, 459, 460, 461, 462, 463, 464, 465, 466, 467, 468, 469, 470, 471, 472, 473, 474, 475, 476, 477, 478, 479, 480, 481, 482, 483, 484, 848, 849, 850, 851, 852, 853, 854, 855, 856, 857, 858, 859, 860, 861, 862, 863, 864, 865, 866, 867, 868, 869, 870, 871, 872, 873, 874, 875, 876, 877, 878, 879, 880, 881, 882, 883, 884, 885, 886, 887, 888, 889, 890, 891, 892, 893, 894, 895, 896, 897, 898, 899, 900, 901, 902, 903, 904, 905, 906, 907, 908, 909, 910, 911, 912, 913, 914, 915, 916, 917, 918, 919, 920, 921, 922, 923, 924, 925, 926, 927, 928, 929, 930, 931, 932, 933, 934, 935]","[174, 188, 189, 197, 232, 254, 399, 645, 659, 660, 668, 696, 717, 848]","[399, 848]","[179, 219, 399, 421, 432, 434, 462, 466, 469, 476, 479, 650, 848, 873, 884, 886, 909, 913, 916, 925, 930]","[1, 13, 14, 29, 54, 55, 56, 57, 58, 60, 102, 107, 108, 109, 110, 111, 112, 113, 118, 125, 127, 130, 134, 146, 149, 153, 175, 182, 187, 189, 191, 197, 225, 230, 238, 264, 265, 266, 286, 302, 317, 336, 354, 379, 388, 389, 398, 399, 400, 425, 454, 458, 463, 475, 487, 498, 499, 512, 530, 531, 532, 533, 534, 536, 573, 578, 579, 580, 581, 582, 583, 584, 589, 596, 598, 601, 605, 617, 620, 624, 646, 653, 658, 660, 662, 668, 689, 694, 702, 724, 725, 745, 760, 775, 793, 809, 829, 838, 839, 848, 849, 877, 901, 903, 905, 910, 923]","[107, 108, 109, 110, 578, 579, 580, 584]",6/6 successful match,True,"[547, 548, 549, 550]",True,511,False,,1.0,True,7 - Eleven ( Shell ),Eleven
Wellington ( 84542 ) Miller's,5 435-636-0380 2195 US 6-191 E,HR3 24 MO DOO,Wellington,84542,Miller's,435-636-0380,2015,Wellington,UT,,,2195 US 6-191 E,Proper,,False,,False,US 6-191,,,,,"[900, 453]","[453, 900]","[453, 900]",[],"[398, 399, 400, 401, 402, 403, 404, 405, 406, 407, 408, 409, 410, 411, 412, 413, 414, 415, 416, 417, 418, 419, 420, 421, 422, 423, 424, 425, 426, 427, 428, 429, 430, 431, 432, 433, 434, 435, 436, 437, 438, 439, 440, 441, 442, 443, 444, 445, 446, 447, 448, 449, 450, 451, 452, 453, 454, 455, 456, 457, 458, 459, 460, 461, 462, 463, 464, 465, 466, 467, 468, 469, 470, 471, 472, 473, 474, 475, 476, 477, 478, 479, 480, 481, 482, 483, 484, 848, 849, 850, 851, 852, 853, 854, 855, 856, 857, 858, 859, 860, 861, 862, 863, 864, 865, 866, 867, 868, 869, 870, 871, 872, 873, 874, 875, 876, 877, 878, 879, 880, 881, 882, 883, 884, 885, 886, 887, 888, 889, 890, 891, 892, 893, 894, 895, 896, 897, 898, 899, 900, 901, 902, 903, 904, 905, 906, 907, 908, 909, 910, 911, 912, 913, 914, 915, 916, 917, 918, 919, 920, 921, 922, 923, 924, 925, 926, 927, 928, 929, 930, 931, 932, 933, 934, 935]","[4, 268, 285, 360, 372, 386, 398, 400, 404, 406, 407, 453, 459, 483, 484, 490, 727, 744, 822, 836, 849, 853, 855, 856, 900, 903, 906, 934, 935]",[],"[452, 453, 899, 900]","[916, 4, 917, 918, 919, 920, 921, 922, 923, 924, 925, 926, 927, 928, 929, 930, 931, 932, 933, 934, 935, 372, 727, 744, 268, 360, 285, 822, 836, 848, 849, 850, 851, 852, 853, 854, 855, 856, 857, 858, 859, 860, 861, 862, 863, 864, 865, 866, 867, 868, 869, 870, 871, 872, 873, 874, 875, 876, 877, 878, 879, 880, 881, 882, 883, 884, 885, 886, 887, 888, 889, 890, 891, 892, 893, 894, 895, 896, 897, 898, 899, 900, 901, 902, 903, 904, 905, 906, 907, 908, 909, 398, 399, 400, 401, 402, 403, 404, 405, 406, 407, 408, 409, 410, 411, 412, 413, 414, 415, 416, 417, 418, 419, 420, 421, 422, 423, 424, 425, 426, 427, 428, 429, 430, 431, 432, 433, 434, 435, 436, 437, 438, 439, 440, 441, 442, 443, 444, 445, 446, 447, 448, 449, 450, 451, 452, 453, 454, 455, 456, 457, 458, 459, 460, 461, 462, 463, 464, 465, 466, 467, 468, 469, 470, 471, 472, 473, 474, 475, 476, 477, 478, 479, 480, 481, 482, 483, 484, 910, 911, 490, 912, 913, 386, 914, 915]",True,"[453, 900]","[398, 399, 400, 401, 402, 403, 404, 405, 406, 407, 408, 409, 410, 411, 412, 413, 414, 415, 416, 417, 418, 419, 420, 421, 422, 423, 424, 425, 426, 427, 428, 429, 430, 431, 432, 433, 434, 435, 436, 437, 438, 439, 440, 441, 442, 443, 444, 445, 446, 447, 448, 449, 450, 451, 452, 453, 454, 455, 456, 457, 458, 459, 460, 461, 462, 463, 464, 465, 466, 467, 468, 469, 470, 471, 472, 473, 474, 475, 476, 477, 478, 479, 480, 481, 482, 483, 484, 848, 849, 850, 851, 852, 853, 854, 855, 856, 857, 858, 859, 860, 861, 862, 863, 864, 865, 866, 867, 868, 869, 870, 871, 872, 873, 874, 875, 876, 877, 878, 879, 880, 881, 882, 883, 884, 885, 886, 887, 888, 889, 890, 891, 892, 893, 894, 895, 896, 897, 898, 899, 900, 901, 902, 903, 904, 905, 906, 907, 908, 909, 910, 911, 912, 913, 914, 915, 916, 917, 918, 919, 920, 921, 922, 923, 924, 925, 926, 927, 928, 929, 930, 931, 932, 933, 934, 935]","[453, 900]",[],"[4, 268, 285, 360, 372, 386, 398, 400, 404, 406, 407, 453, 459, 483, 484, 490, 727, 744, 822, 836, 849, 853, 855, 856, 900, 903, 906, 934, 935]","[452, 453, 899, 900]",[],7/6 successful match,True,[152],True,512,False,,,,,
Wellington ( 84542 ) Miller's ( Chevron ),435-636-0380 2195 US 6-191 E,24 M O,Wellington,84542,Miller's ( Chevron ),435-636-0380,2016,Wellington,UT,Chevron,,2195 US 6-191 E,Proper,,False,,False,US 6-191,,,,,"[900, 453]","[453, 900]","[453, 900]",[],"[398, 399, 400, 401, 402, 403, 404, 405, 406, 407, 408, 409, 410, 411, 412, 413, 414, 415, 416, 417, 418, 419, 420, 421, 422, 423, 424, 425, 426, 427, 428, 429, 430, 431, 432, 433, 434, 435, 436, 437, 438, 439, 440, 441, 442, 443, 444, 445, 446, 447, 448, 449, 450, 451, 452, 453, 454, 455, 456, 457, 458, 459, 460, 461, 462, 463, 464, 465, 466, 467, 468, 469, 470, 471, 472, 473, 474, 475, 476, 477, 478, 479, 480, 481, 482, 483, 484, 848, 849, 850, 851, 852, 853, 854, 855, 856, 857, 858, 859, 860, 861, 862, 863, 864, 865, 866, 867, 868, 869, 870, 871, 872, 873, 874, 875, 876, 877, 878, 879, 880, 881, 882, 883, 884, 885, 886, 887, 888, 889, 890, 891, 892, 893, 894, 895, 896, 897, 898, 899, 900, 901, 902, 903, 904, 905, 906, 907, 908, 909, 910, 911, 912, 913, 914, 915, 916, 917, 918, 919, 920, 921, 922, 923, 924, 925, 926, 927, 928, 929, 930, 931, 932, 933, 934, 935]","[4, 268, 285, 360, 372, 386, 398, 400, 404, 406, 407, 453, 459, 483, 484, 490, 727, 744, 822, 836, 849, 853, 855, 856, 900, 903, 906, 934, 935]","[12, 24, 25, 28, 88, 100, 104, 119, 123, 129, 136, 137, 139, 140, 141, 148, 155, 169, 172, 179, 183, 185, 188, 196, 198, 217, 237, 267, 270, 278, 319, 321, 324, 325, 330, 334, 335, 354, 366, 369, 380, 383, 384, 386, 395, 407, 411, 423, 428, 436, 437, 452, 453, 456, 467, 471, 477, 478, 479, 497, 508, 511, 559, 571, 575, 590, 594, 600, 607, 608, 610, 611, 612, 619, 627, 640, 643, 650, 654, 656, 659, 667, 669, 685, 701, 726, 729, 737, 777, 779, 782, 783, 787, 790, 791, 809, 817, 819, 830, 833, 834, 836, 845, 856, 857, 860, 862, 875, 880, 887, 888, 899, 900, 914, 918, 921, 928, 929, 930]","[12, 24, 25, 28, 88, 100, 104, 119, 123, 129, 136, 137, 139, 140, 141, 148, 155, 169, 172, 179, 183, 185, 188, 196, 198, 217, 237, 267, 270, 278, 319, 321, 324, 325, 330, 334, 335, 354, 366, 369, 380, 383, 384, 386, 395, 407, 411, 423, 428, 436, 437, 452, 453, 456, 467, 471, 477, 478, 479, 497, 508, 511, 559, 571, 575, 590, 594, 600, 607, 608, 610, 611, 612, 619, 627, 640, 643, 650, 654, 656, 659, 667, 669, 685, 701, 726, 729, 737, 777, 779, 782, 783, 787, 790, 791, 809, 817, 819, 830, 833, 834, 836, 845, 856, 857, 860, 862, 875, 880, 887, 888, 899, 900, 914, 918, 921, 928, 929, 930]","[916, 4, 917, 918, 12, 919, 920, 24, 25, 921, 28, 922, 923, 924, 925, 559, 926, 383, 927, 571, 928, 575, 929, 930, 931, 590, 932, 594, 933, 88, 600, 934, 607, 608, 935, 610, 611, 100, 612, 104, 619, 627, 119, 123, 640, 129, 643, 136, 137, 650, 139, 140, 141, 654, 656, 372, 659, 148, 155, 667, 669, 169, 172, 685, 179, 183, 185, 188, 701, 380, 196, 198, 384, 395, 726, 727, 217, 729, 737, 744, 237, 354, 777, 267, 268, 779, 270, 782, 783, 787, 360, 278, 790, 791, 285, 809, 817, 366, 819, 822, 830, 319, 321, 369, 833, 836, 324, 325, 834, 330, 845, 334, 335, 848, 849, 850, 851, 852, 853, 854, 855, 856, 857, 858, 859, 860, 861, 862, 863, 864, 865, 866, 867, 868, 869, 870, 871, 872, 873, 874, 875, 876, 877, 878, 879, 880, 881, 882, 883, 884, 885, 886, 887, 888, 889, 890, 891, 892, 893, 894, 895, 896, 897, 898, 899, 900, 901, 902, 903, 904, 905, 906, 907, 908, 909, 398, 399, 400, 401, 402, 403, 404, 405, 406, 407, 408, 409, 410, 411, 412, 413, 414, 415, 416, 417, 418, 419, 420, 421, 422, 423, 424, 425, 426, 427, 428, 429, 430, 431, 432, 433, 434, 435, 436, 437, 438, 439, 440, 441, 442, 443, 444, 445, 446, 447, 448, 449, 450, 451, 452, 453, 454, 455, 456, 457, 458, 459, 460, 461, 462, 463, 464, 465, 466, 467, 468, 469, 470, 471, 472, 473, 474, 475, 476, 477, 478, 479, 480, 481, 482, 483, 484, 910, 911, 490, 912, 508, 497, 913, 386, 914, 915, 511]",True,"[453, 900]","[398, 399, 400, 401, 402, 403, 404, 405, 406, 407, 408, 409, 410, 411, 412, 413, 414, 415, 416, 417, 418, 419, 420, 421, 422, 423, 424, 425, 426, 427, 428, 429, 430, 431, 432, 433, 434, 435, 436, 437, 438, 439, 440, 441, 442, 443, 444, 445, 446, 447, 448, 449, 450, 451, 452, 453, 454, 455, 456, 457, 458, 459, 460, 461, 462, 463, 464, 465, 466, 467, 468, 469, 470, 471, 472, 473, 474, 475, 476, 477, 478, 479, 480, 481, 482, 483, 484, 848, 849, 850, 851, 852, 853, 854, 855, 856, 857, 858, 859, 860, 861, 862, 863, 864, 865, 866, 867, 868, 869, 870, 871, 872, 873, 874, 875, 876, 877, 878, 879, 880, 881, 882, 883, 884, 885, 886, 887, 888, 889, 890, 891, 892, 893, 894, 895, 896, 897, 898, 899, 900, 901, 902, 903, 904, 905, 906, 907, 908, 909, 910, 911, 912, 913, 914, 915, 916, 917, 918, 919, 920, 921, 922, 923, 924, 925, 926, 927, 928, 929, 930, 931, 932, 933, 934, 935]","[453, 900]",[],"[4, 268, 285, 360, 372, 386, 398, 400, 404, 406, 407, 453, 459, 483, 484, 490, 727, 744, 822, 836, 849, 853, 855, 856, 900, 903, 906, 934, 935]","[12, 24, 25, 28, 88, 100, 104, 119, 123, 129, 136, 137, 139, 140, 141, 148, 155, 169, 172, 179, 183, 185, 188, 196, 198, 217, 237, 267, 270, 278, 319, 321, 324, 325, 330, 334, 335, 354, 366, 369, 380, 383, 384, 386, 395, 407, 411, 423, 428, 436, 437, 452, 453, 456, 467, 471, 477, 478, 479, 497, 508, 511, 559, 571, 575, 590, 594, 600, 607, 608, 610, 611, 612, 619, 627, 640, 643, 650, 654, 656, 659, 667, 669, 685, 701, 726, 729, 737, 777, 779, 782, 783, 787, 790, 791, 809, 817, 819, 830, 833, 834, 836, 845, 856, 857, 860, 862, 875, 880, 887, 888, 899, 900, 914, 918, 921, 928, 929, 930]","[12, 24, 25, 28, 88, 100, 104, 119, 123, 129, 136, 137, 139, 140, 141, 148, 155, 169, 172, 179, 183, 185, 188, 196, 198, 217, 237, 267, 270, 278, 319, 321, 324, 325, 330, 334, 335, 354, 366, 369, 380, 383, 384, 386, 395, 407, 411, 423, 428, 436, 437, 452, 453, 456, 467, 471, 477, 478, 479, 497, 508, 511, 559, 571, 575, 590, 594, 600, 607, 608, 610, 611, 612, 619, 627, 640, 643, 650, 654, 656, 659, 667, 669, 685, 701, 726, 729, 737, 777, 779, 782, 783, 787, 790, 791, 809, 817, 819, 830, 833, 834, 836, 845, 856, 857, 860, 862, 875, 880, 887, 888, 899, 900, 914, 918, 921, 928, 929, 930]",7/6 successful match,True,[152],True,512,False,,0.7714285714285714,True,Miller's,
"Wellington , 84542 Gas - N - Go # 17 ( Conoco )",435-637-9523 1010 E Main,S 0,Wellington,84542,Gas - N - Go # 17 ( Conoco ),435-637-9523,2006,Wellington,UT,Conoco,,1010 E Main,Proper,,False,,False,1010 E,,,,,[],"[453, 900]","[453, 900]",[],"[398, 399, 400, 401, 402, 403, 404, 405, 406, 407, 408, 409, 410, 411, 412, 413, 414, 415, 416, 417, 418, 419, 420, 421, 422, 423, 424, 425, 426, 427, 428, 429, 430, 431, 432, 433, 434, 435, 436, 437, 438, 439, 440, 441, 442, 443, 444, 445, 446, 447, 448, 449, 450, 451, 452, 453, 454, 455, 456, 457, 458, 459, 460, 461, 462, 463, 464, 465, 466, 467, 468, 469, 470, 471, 472, 473, 474, 475, 476, 477, 478, 479, 480, 481, 482, 483, 484, 848, 849, 850, 851, 852, 853, 854, 855, 856, 857, 858, 859, 860, 861, 862, 863, 864, 865, 866, 867, 868, 869, 870, 871, 872, 873, 874, 875, 876, 877, 878, 879, 880, 881, 882, 883, 884, 885, 886, 887, 888, 889, 890, 891, 892, 893, 894, 895, 896, 897, 898, 899, 900, 901, 902, 903, 904, 905, 906, 907, 908, 909, 910, 911, 912, 913, 914, 915, 916, 917, 918, 919, 920, 921, 922, 923, 924, 925, 926, 927, 928, 929, 930, 931, 932, 933, 934, 935]","[95, 566]","[3, 27, 349, 406, 451, 489, 510, 804, 855, 898]","[3, 27, 284, 285, 349, 406, 451, 489, 510, 743, 744, 804, 855, 898]","[916, 3, 917, 918, 919, 920, 921, 27, 922, 923, 924, 925, 926, 566, 927, 928, 929, 930, 931, 932, 933, 934, 95, 935, 349, 743, 744, 284, 285, 804, 848, 849, 850, 851, 852, 853, 854, 855, 856, 857, 858, 859, 860, 861, 862, 863, 864, 865, 866, 867, 868, 869, 870, 871, 872, 873, 874, 875, 876, 877, 878, 879, 880, 881, 882, 883, 884, 885, 886, 887, 888, 889, 890, 891, 892, 893, 894, 895, 896, 897, 898, 899, 900, 901, 902, 903, 904, 905, 906, 907, 908, 909, 398, 399, 400, 401, 402, 403, 404, 405, 406, 407, 408, 409, 410, 411, 412, 413, 414, 415, 416, 417, 418, 419, 420, 421, 422, 423, 424, 425, 426, 427, 428, 429, 430, 431, 432, 433, 434, 435, 436, 437, 438, 439, 440, 441, 442, 443, 444, 445, 446, 447, 448, 449, 450, 451, 452, 453, 454, 455, 456, 457, 458, 459, 460, 461, 462, 463, 464, 465, 466, 467, 468, 469, 470, 471, 472, 473, 474, 475, 476, 477, 478, 479, 480, 481, 482, 483, 484, 910, 911, 489, 912, 913, 914, 915, 510]",False,"[453, 900]","[398, 399, 400, 401, 402, 403, 404, 405, 406, 407, 408, 409, 410, 411, 412, 413, 414, 415, 416, 417, 418, 419, 420, 421, 422, 423, 424, 425, 426, 427, 428, 429, 430, 431, 432, 433, 434, 435, 436, 437, 438, 439, 440, 441, 442, 443, 444, 445, 446, 447, 448, 449, 450, 451, 452, 453, 454, 455, 456, 457, 458, 459, 460, 461, 462, 463, 464, 465, 466, 467, 468, 469, 470, 471, 472, 473, 474, 475, 476, 477, 478, 479, 480, 481, 482, 483, 484, 848, 849, 850, 851, 852, 853, 854, 855, 856, 857, 858, 859, 860, 861, 862, 863, 864, 865, 866, 867, 868, 869, 870, 871, 872, 873, 874, 875, 876, 877, 878, 879, 880, 881, 882, 883, 884, 885, 886, 887, 888, 889, 890, 891, 892, 893, 894, 895, 896, 897, 898, 899, 900, 901, 902, 903, 904, 905, 906, 907, 908, 909, 910, 911, 912, 913, 914, 915, 916, 917, 918, 919, 920, 921, 922, 923, 924, 925, 926, 927, 928, 929, 930, 931, 932, 933, 934, 935]","[453, 900]",[],"[95, 566]","[3, 27, 284, 285, 349, 406, 451, 489, 510, 743, 744, 804, 855, 898]","[3, 27, 349, 406, 451, 489, 510, 804, 855, 898]",4/6 successful match,False,,False,513,False,,,,,
"Wellington , 84542 Gas - N - Go # 17 ( Conoco )",435-637-9523 1010 E Main,""" SOO",Wellington,84542,Gas - N - Go # 17 ( Conoco ),435-637-9523,2007,Wellington,UT,Conoco,,1010 E Main,Proper,,False,,False,1010 E,,,,,[],"[453, 900]","[453, 900]",[],"[398, 399, 400, 401, 402, 403, 404, 405, 406, 407, 408, 409, 410, 411, 412, 413, 414, 415, 416, 417, 418, 419, 420, 421, 422, 423, 424, 425, 426, 427, 428, 429, 430, 431, 432, 433, 434, 435, 436, 437, 438, 439, 440, 441, 442, 443, 444, 445, 446, 447, 448, 449, 450, 451, 452, 453, 454, 455, 456, 457, 458, 459, 460, 461, 462, 463, 464, 465, 466, 467, 468, 469, 470, 471, 472, 473, 474, 475, 476, 477, 478, 479, 480, 481, 482, 483, 484, 848, 849, 850, 851, 852, 853, 854, 855, 856, 857, 858, 859, 860, 861, 862, 863, 864, 865, 866, 867, 868, 869, 870, 871, 872, 873, 874, 875, 876, 877, 878, 879, 880, 881, 882, 883, 884, 885, 886, 887, 888, 889, 890, 891, 892, 893, 894, 895, 896, 897, 898, 899, 900, 901, 902, 903, 904, 905, 906, 907, 908, 909, 910, 911, 912, 913, 914, 915, 916, 917, 918, 919, 920, 921, 922, 923, 924, 925, 926, 927, 928, 929, 930, 931, 932, 933, 934, 935]","[95, 566]","[3, 27, 349, 406, 451, 489, 510, 804, 855, 898]","[3, 27, 284, 285, 349, 406, 451, 489, 510, 743, 744, 804, 855, 898]","[916, 3, 917, 918, 919, 920, 921, 27, 922, 923, 924, 925, 926, 566, 927, 928, 929, 930, 931, 932, 933, 934, 95, 935, 349, 743, 744, 284, 285, 804, 848, 849, 850, 851, 852, 853, 854, 855, 856, 857, 858, 859, 860, 861, 862, 863, 864, 865, 866, 867, 868, 869, 870, 871, 872, 873, 874, 875, 876, 877, 878, 879, 880, 881, 882, 883, 884, 885, 886, 887, 888, 889, 890, 891, 892, 893, 894, 895, 896, 897, 898, 899, 900, 901, 902, 903, 904, 905, 906, 907, 908, 909, 398, 399, 400, 401, 402, 403, 404, 405, 406, 407, 408, 409, 410, 411, 412, 413, 414, 415, 416, 417, 418, 419, 420, 421, 422, 423, 424, 425, 426, 427, 428, 429, 430, 431, 432, 433, 434, 435, 436, 437, 438, 439, 440, 441, 442, 443, 444, 445, 446, 447, 448, 449, 450, 451, 452, 453, 454, 455, 456, 457, 458, 459, 460, 461, 462, 463, 464, 465, 466, 467, 468, 469, 470, 471, 472, 473, 474, 475, 476, 477, 478, 479, 480, 481, 482, 483, 484, 910, 911, 489, 912, 913, 914, 915, 510]",False,"[453, 900]","[398, 399, 400, 401, 402, 403, 404, 405, 406, 407, 408, 409, 410, 411, 412, 413, 414, 415, 416, 417, 418, 419, 420, 421, 422, 423, 424, 425, 426, 427, 428, 429, 430, 431, 432, 433, 434, 435, 436, 437, 438, 439, 440, 441, 442, 443, 444, 445, 446, 447, 448, 449, 450, 451, 452, 453, 454, 455, 456, 457, 458, 459, 460, 461, 462, 463, 464, 465, 466, 467, 468, 469, 470, 471, 472, 473, 474, 475, 476, 477, 478, 479, 480, 481, 482, 483, 484, 848, 849, 850, 851, 852, 853, 854, 855, 856, 857, 858, 859, 860, 861, 862, 863, 864, 865, 866, 867, 868, 869, 870, 871, 872, 873, 874, 875, 876, 877, 878, 879, 880, 881, 882, 883, 884, 885, 886, 887, 888, 889, 890, 891, 892, 893, 894, 895, 896, 897, 898, 899, 900, 901, 902, 903, 904, 905, 906, 907, 908, 909, 910, 911, 912, 913, 914, 915, 916, 917, 918, 919, 920, 921, 922, 923, 924, 925, 926, 927, 928, 929, 930, 931, 932, 933, 934, 935]","[453, 900]",[],"[95, 566]","[3, 27, 284, 285, 349, 406, 451, 489, 510, 743, 744, 804, 855, 898]","[3, 27, 349, 406, 451, 489, 510, 804, 855, 898]",4/6 successful match,False,,False,513,False,,1.0,True,Gas - N - Go # 17 ( Conoco ),Conoco
"Wellington , 84542 Gas - N - Go # 17 ( Conoco",435-637-9523 1010 E Main ),S <U+2610> <U+2610>,Wellington,84542,Gas - N - Go # 17 ( Conoco,435-637-9523,2008,Wellington,UT,Conoco,,1010 E Main ,Proper,,False,,False,1010 E,,,,,[],"[453, 900]","[453, 900]",[],"[398, 399, 400, 401, 402, 403, 404, 405, 406, 407, 408, 409, 410, 411, 412, 413, 414, 415, 416, 417, 418, 419, 420, 421, 422, 423, 424, 425, 426, 427, 428, 429, 430, 431, 432, 433, 434, 435, 436, 437, 438, 439, 440, 441, 442, 443, 444, 445, 446, 447, 448, 449, 450, 451, 452, 453, 454, 455, 456, 457, 458, 459, 460, 461, 462, 463, 464, 465, 466, 467, 468, 469, 470, 471, 472, 473, 474, 475, 476, 477, 478, 479, 480, 481, 482, 483, 484, 848, 849, 850, 851, 852, 853, 854, 855, 856, 857, 858, 859, 860, 861, 862, 863, 864, 865, 866, 867, 868, 869, 870, 871, 872, 873, 874, 875, 876, 877, 878, 879, 880, 881, 882, 883, 884, 885, 886, 887, 888, 889, 890, 891, 892, 893, 894, 895, 896, 897, 898, 899, 900, 901, 902, 903, 904, 905, 906, 907, 908, 909, 910, 911, 912, 913, 914, 915, 916, 917, 918, 919, 920, 921, 922, 923, 924, 925, 926, 927, 928, 929, 930, 931, 932, 933, 934, 935]","[95, 566]","[3, 27, 349, 406, 451, 489, 510, 804, 855, 898]","[3, 27, 284, 285, 349, 406, 451, 489, 510, 743, 744, 804, 855, 898]","[916, 3, 917, 918, 919, 920, 921, 27, 922, 923, 924, 925, 926, 566, 927, 928, 929, 930, 931, 932, 933, 934, 95, 935, 349, 743, 744, 284, 285, 804, 848, 849, 850, 851, 852, 853, 854, 855, 856, 857, 858, 859, 860, 861, 862, 863, 864, 865, 866, 867, 868, 869, 870, 871, 872, 873, 874, 875, 876, 877, 878, 879, 880, 881, 882, 883, 884, 885, 886, 887, 888, 889, 890, 891, 892, 893, 894, 895, 896, 897, 898, 899, 900, 901, 902, 903, 904, 905, 906, 907, 908, 909, 398, 399, 400, 401, 402, 403, 404, 405, 406, 407, 408, 409, 410, 411, 412, 413, 414, 415, 416, 417, 418, 419, 420, 421, 422, 423, 424, 425, 426, 427, 428, 429, 430, 431, 432, 433, 434, 435, 436, 437, 438, 439, 440, 441, 442, 443, 444, 445, 446, 447, 448, 449, 450, 451, 452, 453, 454, 455, 456, 457, 458, 459, 460, 461, 462, 463, 464, 465, 466, 467, 468, 469, 470, 471, 472, 473, 474, 475, 476, 477, 478, 479, 480, 481, 482, 483, 484, 910, 911, 489, 912, 913, 914, 915, 510]",False,"[453, 900]","[398, 399, 400, 401, 402, 403, 404, 405, 406, 407, 408, 409, 410, 411, 412, 413, 414, 415, 416, 417, 418, 419, 420, 421, 422, 423, 424, 425, 426, 427, 428, 429, 430, 431, 432, 433, 434, 435, 436, 437, 438, 439, 440, 441, 442, 443, 444, 445, 446, 447, 448, 449, 450, 451, 452, 453, 454, 455, 456, 457, 458, 459, 460, 461, 462, 463, 464, 465, 466, 467, 468, 469, 470, 471, 472, 473, 474, 475, 476, 477, 478, 479, 480, 481, 482, 483, 484, 848, 849, 850, 851, 852, 853, 854, 855, 856, 857, 858, 859, 860, 861, 862, 863, 864, 865, 866, 867, 868, 869, 870, 871, 872, 873, 874, 875, 876, 877, 878, 879, 880, 881, 882, 883, 884, 885, 886, 887, 888, 889, 890, 891, 892, 893, 894, 895, 896, 897, 898, 899, 900, 901, 902, 903, 904, 905, 906, 907, 908, 909, 910, 911, 912, 913, 914, 915, 916, 917, 918, 919, 920, 921, 922, 923, 924, 925, 926, 927, 928, 929, 930, 931, 932, 933, 934, 935]","[453, 900]",[],"[95, 566]","[3, 27, 284, 285, 349, 406, 451, 489, 510, 743, 744, 804, 855, 898]","[3, 27, 349, 406, 451, 489, 510, 804, 855, 898]",4/6 successful match,False,,False,513,False,,1.0,True,Gas - N - Go # 17 ( Conoco ),Conoco
Wellington ( 84542 ) Gas - N - Go # 17 ( Conoco ),435-637-9523 1010 E Main,S,Wellington,84542,Gas - N - Go # 17 ( Conoco ),435-637-9523,2014,Wellington,UT,Conoco,,1010 E Main,Proper,,False,,False,1010 E,,,,,[],"[453, 900]","[453, 900]",[],"[398, 399, 400, 401, 402, 403, 404, 405, 406, 407, 408, 409, 410, 411, 412, 413, 414, 415, 416, 417, 418, 419, 420, 421, 422, 423, 424, 425, 426, 427, 428, 429, 430, 431, 432, 433, 434, 435, 436, 437, 438, 439, 440, 441, 442, 443, 444, 445, 446, 447, 448, 449, 450, 451, 452, 453, 454, 455, 456, 457, 458, 459, 460, 461, 462, 463, 464, 465, 466, 467, 468, 469, 470, 471, 472, 473, 474, 475, 476, 477, 478, 479, 480, 481, 482, 483, 484, 848, 849, 850, 851, 852, 853, 854, 855, 856, 857, 858, 859, 860, 861, 862, 863, 864, 865, 866, 867, 868, 869, 870, 871, 872, 873, 874, 875, 876, 877, 878, 879, 880, 881, 882, 883, 884, 885, 886, 887, 888, 889, 890, 891, 892, 893, 894, 895, 896, 897, 898, 899, 900, 901, 902, 903, 904, 905, 906, 907, 908, 909, 910, 911, 912, 913, 914, 915, 916, 917, 918, 919, 920, 921, 922, 923, 924, 925, 926, 927, 928, 929, 930, 931, 932, 933, 934, 935]","[95, 566]","[3, 27, 349, 406, 451, 489, 510, 804, 855, 898]","[3, 27, 284, 285, 349, 406, 451, 489, 510, 743, 744, 804, 855, 898]","[916, 3, 917, 918, 919, 920, 921, 27, 922, 923, 924, 925, 926, 566, 927, 928, 929, 930, 931, 932, 933, 934, 95, 935, 349, 743, 744, 284, 285, 804, 848, 849, 850, 851, 852, 853, 854, 855, 856, 857, 858, 859, 860, 861, 862, 863, 864, 865, 866, 867, 868, 869, 870, 871, 872, 873, 874, 875, 876, 877, 878, 879, 880, 881, 882, 883, 884, 885, 886, 887, 888, 889, 890, 891, 892, 893, 894, 895, 896, 897, 898, 899, 900, 901, 902, 903, 904, 905, 906, 907, 908, 909, 398, 399, 400, 401, 402, 403, 404, 405, 406, 407, 408, 409, 410, 411, 412, 413, 414, 415, 416, 417, 418, 419, 420, 421, 422, 423, 424, 425, 426, 427, 428, 429, 430, 431, 432, 433, 434, 435, 436, 437, 438, 439, 440, 441, 442, 443, 444, 445, 446, 447, 448, 449, 450, 451, 452, 453, 454, 455, 456, 457, 458, 459, 460, 461, 462, 463, 464, 465, 466, 467, 468, 469, 470, 471, 472, 473, 474, 475, 476, 477, 478, 479, 480, 481, 482, 483, 484, 910, 911, 489, 912, 913, 914, 915, 510]",False,"[453, 900]","[398, 399, 400, 401, 402, 403, 404, 405, 406, 407, 408, 409, 410, 411, 412, 413, 414, 415, 416, 417, 418, 419, 420, 421, 422, 423, 424, 425, 426, 427, 428, 429, 430, 431, 432, 433, 434, 435, 436, 437, 438, 439, 440, 441, 442, 443, 444, 445, 446, 447, 448, 449, 450, 451, 452, 453, 454, 455, 456, 457, 458, 459, 460, 461, 462, 463, 464, 465, 466, 467, 468, 469, 470, 471, 472, 473, 474, 475, 476, 477, 478, 479, 480, 481, 482, 483, 484, 848, 849, 850, 851, 852, 853, 854, 855, 856, 857, 858, 859, 860, 861, 862, 863, 864, 865, 866, 867, 868, 869, 870, 871, 872, 873, 874, 875, 876, 877, 878, 879, 880, 881, 882, 883, 884, 885, 886, 887, 888, 889, 890, 891, 892, 893, 894, 895, 896, 897, 898, 899, 900, 901, 902, 903, 904, 905, 906, 907, 908, 909, 910, 911, 912, 913, 914, 915, 916, 917, 918, 919, 920, 921, 922, 923, 924, 925, 926, 927, 928, 929, 930, 931, 932, 933, 934, 935]","[453, 900]",[],"[95, 566]","[3, 27, 284, 285, 349, 406, 451, 489, 510, 743, 744, 804, 855, 898]","[3, 27, 349, 406, 451, 489, 510, 804, 855, 898]",4/6 successful match,False,,False,513,False,,1.0,True,Gas - N - Go # 17 ( Conoco,Conoco
"Wellington , Food & Fuel ( Chevron )",435-637-9767 84542 Walker's US 6 & US 191 ( 2195 E Main ),481,Wellington,84542,,435-637-9767,2006,Wellington,UT,,( 2195 E Main ),Walker's US 6 & US 191,empty,,False,,False,US 6,US 191,,,,[],"[453, 900]","[453, 900]",[],"[398, 399, 400, 401, 402, 403, 404, 405, 406, 407, 408, 409, 410, 411, 412, 413, 414, 415, 416, 417, 418, 419, 420, 421, 422, 423, 424, 425, 426, 427, 428, 429, 430, 431, 432, 433, 434, 435, 436, 437, 438, 439, 440, 441, 442, 443, 444, 445, 446, 447, 448, 449, 450, 451, 452, 453, 454, 455, 456, 457, 458, 459, 460, 461, 462, 463, 464, 465, 466, 467, 468, 469, 470, 471, 472, 473, 474, 475, 476, 477, 478, 479, 480, 481, 482, 483, 484, 848, 849, 850, 851, 852, 853, 854, 855, 856, 857, 858, 859, 860, 861, 862, 863, 864, 865, 866, 867, 868, 869, 870, 871, 872, 873, 874, 875, 876, 877, 878, 879, 880, 881, 882, 883, 884, 885, 886, 887, 888, 889, 890, 891, 892, 893, 894, 895, 896, 897, 898, 899, 900, 901, 902, 903, 904, 905, 906, 907, 908, 909, 910, 911, 912, 913, 914, 915, 916, 917, 918, 919, 920, 921, 922, 923, 924, 925, 926, 927, 928, 929, 930, 931, 932, 933, 934, 935]","[4, 268, 285, 360, 372, 386, 398, 400, 404, 406, 407, 453, 459, 483, 484, 490, 727, 744, 822, 836, 849, 853, 855, 856, 900, 903, 906, 934, 935]",[],[],"[916, 4, 917, 918, 919, 920, 921, 922, 923, 924, 925, 926, 927, 928, 929, 930, 931, 932, 933, 934, 935, 372, 727, 744, 268, 360, 285, 822, 836, 848, 849, 850, 851, 852, 853, 854, 855, 856, 857, 858, 859, 860, 861, 862, 863, 864, 865, 866, 867, 868, 869, 870, 871, 872, 873, 874, 875, 876, 877, 878, 879, 880, 881, 882, 883, 884, 885, 886, 887, 888, 889, 890, 891, 892, 893, 894, 895, 896, 897, 898, 899, 900, 901, 902, 903, 904, 905, 906, 907, 908, 909, 398, 399, 400, 401, 402, 403, 404, 405, 406, 407, 408, 409, 410, 411, 412, 413, 414, 415, 416, 417, 418, 419, 420, 421, 422, 423, 424, 425, 426, 427, 428, 429, 430, 431, 432, 433, 434, 435, 436, 437, 438, 439, 440, 441, 442, 443, 444, 445, 446, 447, 448, 449, 450, 451, 452, 453, 454, 455, 456, 457, 458, 459, 460, 461, 462, 463, 464, 465, 466, 467, 468, 469, 470, 471, 472, 473, 474, 475, 476, 477, 478, 479, 480, 481, 482, 483, 484, 910, 911, 490, 912, 913, 386, 914, 915]",False,"[453, 900]","[398, 399, 400, 401, 402, 403, 404, 405, 406, 407, 408, 409, 410, 411, 412, 413, 414, 415, 416, 417, 418, 419, 420, 421, 422, 423, 424, 425, 426, 427, 428, 429, 430, 431, 432, 433, 434, 435, 436, 437, 438, 439, 440, 441, 442, 443, 444, 445, 446, 447, 448, 449, 450, 451, 452, 453, 454, 455, 456, 457, 458, 459, 460, 461, 462, 463, 464, 465, 466, 467, 468, 469, 470, 471, 472, 473, 474, 475, 476, 477, 478, 479, 480, 481, 482, 483, 484, 848, 849, 850, 851, 852, 853, 854, 855, 856, 857, 858, 859, 860, 861, 862, 863, 864, 865, 866, 867, 868, 869, 870, 871, 872, 873, 874, 875, 876, 877, 878, 879, 880, 881, 882, 883, 884, 885, 886, 887, 888, 889, 890, 891, 892, 893, 894, 895, 896, 897, 898, 899, 900, 901, 902, 903, 904, 905, 906, 907, 908, 909, 910, 911, 912, 913, 914, 915, 916, 917, 918, 919, 920, 921, 922, 923, 924, 925, 926, 927, 928, 929, 930, 931, 932, 933, 934, 935]","[453, 900]",[],"[4, 268, 285, 360, 372, 386, 398, 400, 404, 406, 407, 453, 459, 483, 484, 490, 727, 744, 822, 836, 849, 853, 855, 856, 900, 903, 906, 934, 935]",[],[],7/6 successful match,False,"[595, 596]",True,514,False,,,,,
"Wellington , Walker's Food & Fuel ( Chevron )",435-637-9767 84542 US 6 & US 191 ( 2195 E Main ),MOO,Wellington,84542,,435-637-9767,2007,Wellington,UT,,( 2195 E Main ),US 6 & US 191,empty,,False,,False,US 6,US 191,,,,[],"[453, 900]","[453, 900]",[],"[398, 399, 400, 401, 402, 403, 404, 405, 406, 407, 408, 409, 410, 411, 412, 413, 414, 415, 416, 417, 418, 419, 420, 421, 422, 423, 424, 425, 426, 427, 428, 429, 430, 431, 432, 433, 434, 435, 436, 437, 438, 439, 440, 441, 442, 443, 444, 445, 446, 447, 448, 449, 450, 451, 452, 453, 454, 455, 456, 457, 458, 459, 460, 461, 462, 463, 464, 465, 466, 467, 468, 469, 470, 471, 472, 473, 474, 475, 476, 477, 478, 479, 480, 481, 482, 483, 484, 848, 849, 850, 851, 852, 853, 854, 855, 856, 857, 858, 859, 860, 861, 862, 863, 864, 865, 866, 867, 868, 869, 870, 871, 872, 873, 874, 875, 876, 877, 878, 879, 880, 881, 882, 883, 884, 885, 886, 887, 888, 889, 890, 891, 892, 893, 894, 895, 896, 897, 898, 899, 900, 901, 902, 903, 904, 905, 906, 907, 908, 909, 910, 911, 912, 913, 914, 915, 916, 917, 918, 919, 920, 921, 922, 923, 924, 925, 926, 927, 928, 929, 930, 931, 932, 933, 934, 935]","[4, 268, 285, 360, 372, 386, 398, 400, 404, 406, 407, 453, 459, 483, 484, 490, 727, 744, 822, 836, 849, 853, 855, 856, 900, 903, 906, 934, 935]",[],[],"[916, 4, 917, 918, 919, 920, 921, 922, 923, 924, 925, 926, 927, 928, 929, 930, 931, 932, 933, 934, 935, 372, 727, 744, 268, 360, 285, 822, 836, 848, 849, 850, 851, 852, 853, 854, 855, 856, 857, 858, 859, 860, 861, 862, 863, 864, 865, 866, 867, 868, 869, 870, 871, 872, 873, 874, 875, 876, 877, 878, 879, 880, 881, 882, 883, 884, 885, 886, 887, 888, 889, 890, 891, 892, 893, 894, 895, 896, 897, 898, 899, 900, 901, 902, 903, 904, 905, 906, 907, 908, 909, 398, 399, 400, 401, 402, 403, 404, 405, 406, 407, 408, 409, 410, 411, 412, 413, 414, 415, 416, 417, 418, 419, 420, 421, 422, 423, 424, 425, 426, 427, 428, 429, 430, 431, 432, 433, 434, 435, 436, 437, 438, 439, 440, 441, 442, 443, 444, 445, 446, 447, 448, 449, 450, 451, 452, 453, 454, 455, 456, 457, 458, 459, 460, 461, 462, 463, 464, 465, 466, 467, 468, 469, 470, 471, 472, 473, 474, 475, 476, 477, 478, 479, 480, 481, 482, 483, 484, 910, 911, 490, 912, 913, 386, 914, 915]",False,"[453, 900]","[398, 399, 400, 401, 402, 403, 404, 405, 406, 407, 408, 409, 410, 411, 412, 413, 414, 415, 416, 417, 418, 419, 420, 421, 422, 423, 424, 425, 426, 427, 428, 429, 430, 431, 432, 433, 434, 435, 436, 437, 438, 439, 440, 441, 442, 443, 444, 445, 446, 447, 448, 449, 450, 451, 452, 453, 454, 455, 456, 457, 458, 459, 460, 461, 462, 463, 464, 465, 466, 467, 468, 469, 470, 471, 472, 473, 474, 475, 476, 477, 478, 479, 480, 481, 482, 483, 484, 848, 849, 850, 851, 852, 853, 854, 855, 856, 857, 858, 859, 860, 861, 862, 863, 864, 865, 866, 867, 868, 869, 870, 871, 872, 873, 874, 875, 876, 877, 878, 879, 880, 881, 882, 883, 884, 885, 886, 887, 888, 889, 890, 891, 892, 893, 894, 895, 896, 897, 898, 899, 900, 901, 902, 903, 904, 905, 906, 907, 908, 909, 910, 911, 912, 913, 914, 915, 916, 917, 918, 919, 920, 921, 922, 923, 924, 925, 926, 927, 928, 929, 930, 931, 932, 933, 934, 935]","[453, 900]",[],"[4, 268, 285, 360, 372, 386, 398, 400, 404, 406, 407, 453, 459, 483, 484, 490, 727, 744, 822, 836, 849, 853, 855, 856, 900, 903, 906, 934, 935]",[],[],7/6 successful match,False,"[595, 596]",True,514,True,2007,0.0,True,,
"Wellington , 84542 Walker's Food & Fuel ( Chevron )",435-637-9767 US 6 & US 191 ( 2195 E Main ),24 M,Wellington,84542,Walker's Food & Fuel ( Chevron ),435-637-9767,2008,Wellington,UT,Chevron,( 2195 E Main ),US 6 & US 191,empty,,False,,False,US 6,US 191,,,,[],"[453, 900]","[453, 900]",[],"[398, 399, 400, 401, 402, 403, 404, 405, 406, 407, 408, 409, 410, 411, 412, 413, 414, 415, 416, 417, 418, 419, 420, 421, 422, 423, 424, 425, 426, 427, 428, 429, 430, 431, 432, 433, 434, 435, 436, 437, 438, 439, 440, 441, 442, 443, 444, 445, 446, 447, 448, 449, 450, 451, 452, 453, 454, 455, 456, 457, 458, 459, 460, 461, 462, 463, 464, 465, 466, 467, 468, 469, 470, 471, 472, 473, 474, 475, 476, 477, 478, 479, 480, 481, 482, 483, 484, 848, 849, 850, 851, 852, 853, 854, 855, 856, 857, 858, 859, 860, 861, 862, 863, 864, 865, 866, 867, 868, 869, 870, 871, 872, 873, 874, 875, 876, 877, 878, 879, 880, 881, 882, 883, 884, 885, 886, 887, 888, 889, 890, 891, 892, 893, 894, 895, 896, 897, 898, 899, 900, 901, 902, 903, 904, 905, 906, 907, 908, 909, 910, 911, 912, 913, 914, 915, 916, 917, 918, 919, 920, 921, 922, 923, 924, 925, 926, 927, 928, 929, 930, 931, 932, 933, 934, 935]","[4, 268, 285, 360, 372, 386, 398, 400, 404, 406, 407, 453, 459, 483, 484, 490, 727, 744, 822, 836, 849, 853, 855, 856, 900, 903, 906, 934, 935]","[12, 24, 25, 28, 88, 100, 104, 119, 123, 129, 136, 137, 139, 140, 141, 148, 155, 169, 172, 179, 183, 185, 188, 196, 198, 217, 237, 267, 270, 278, 319, 321, 324, 325, 330, 334, 335, 354, 366, 369, 380, 383, 384, 386, 395, 407, 411, 423, 428, 436, 437, 452, 453, 456, 467, 471, 477, 478, 479, 497, 508, 511, 559, 571, 575, 590, 594, 600, 607, 608, 610, 611, 612, 619, 627, 640, 643, 650, 654, 656, 659, 667, 669, 685, 701, 726, 729, 737, 777, 779, 782, 783, 787, 790, 791, 809, 817, 819, 830, 833, 834, 836, 845, 856, 857, 860, 862, 875, 880, 887, 888, 899, 900, 914, 918, 921, 928, 929, 930]","[12, 24, 25, 28, 88, 100, 104, 119, 123, 129, 136, 137, 139, 140, 141, 148, 155, 169, 172, 179, 183, 185, 188, 196, 198, 217, 237, 267, 270, 278, 319, 321, 324, 325, 330, 334, 335, 354, 366, 369, 380, 383, 384, 386, 395, 407, 411, 423, 428, 436, 437, 452, 453, 456, 467, 471, 477, 478, 479, 497, 508, 511, 559, 571, 575, 590, 594, 600, 607, 608, 610, 611, 612, 619, 627, 640, 643, 650, 654, 656, 659, 667, 669, 685, 701, 726, 729, 737, 777, 779, 782, 783, 787, 790, 791, 809, 817, 819, 830, 833, 834, 836, 845, 856, 857, 860, 862, 875, 880, 887, 888, 899, 900, 914, 918, 921, 928, 929, 930]","[916, 4, 917, 918, 12, 919, 920, 24, 25, 921, 28, 922, 923, 924, 925, 559, 926, 383, 927, 571, 928, 575, 929, 930, 931, 590, 932, 594, 933, 88, 600, 934, 607, 608, 935, 610, 611, 100, 612, 104, 619, 627, 119, 123, 640, 129, 643, 136, 137, 650, 139, 140, 141, 654, 656, 372, 659, 148, 155, 667, 669, 169, 172, 685, 179, 183, 185, 188, 701, 380, 196, 198, 384, 395, 726, 727, 217, 729, 737, 744, 237, 354, 777, 267, 268, 779, 270, 782, 783, 787, 360, 278, 790, 791, 285, 809, 817, 366, 819, 822, 830, 319, 321, 369, 833, 836, 324, 325, 834, 330, 845, 334, 335, 848, 849, 850, 851, 852, 853, 854, 855, 856, 857, 858, 859, 860, 861, 862, 863, 864, 865, 866, 867, 868, 869, 870, 871, 872, 873, 874, 875, 876, 877, 878, 879, 880, 881, 882, 883, 884, 885, 886, 887, 888, 889, 890, 891, 892, 893, 894, 895, 896, 897, 898, 899, 900, 901, 902, 903, 904, 905, 906, 907, 908, 909, 398, 399, 400, 401, 402, 403, 404, 405, 406, 407, 408, 409, 410, 411, 412, 413, 414, 415, 416, 417, 418, 419, 420, 421, 422, 423, 424, 425, 426, 427, 428, 429, 430, 431, 432, 433, 434, 435, 436, 437, 438, 439, 440, 441, 442, 443, 444, 445, 446, 447, 448, 449, 450, 451, 452, 453, 454, 455, 456, 457, 458, 459, 460, 461, 462, 463, 464, 465, 466, 467, 468, 469, 470, 471, 472, 473, 474, 475, 476, 477, 478, 479, 480, 481, 482, 483, 484, 910, 911, 490, 912, 508, 497, 913, 386, 914, 915, 511]",False,"[453, 900]","[398, 399, 400, 401, 402, 403, 404, 405, 406, 407, 408, 409, 410, 411, 412, 413, 414, 415, 416, 417, 418, 419, 420, 421, 422, 423, 424, 425, 426, 427, 428, 429, 430, 431, 432, 433, 434, 435, 436, 437, 438, 439, 440, 441, 442, 443, 444, 445, 446, 447, 448, 449, 450, 451, 452, 453, 454, 455, 456, 457, 458, 459, 460, 461, 462, 463, 464, 465, 466, 467, 468, 469, 470, 471, 472, 473, 474, 475, 476, 477, 478, 479, 480, 481, 482, 483, 484, 848, 849, 850, 851, 852, 853, 854, 855, 856, 857, 858, 859, 860, 861, 862, 863, 864, 865, 866, 867, 868, 869, 870, 871, 872, 873, 874, 875, 876, 877, 878, 879, 880, 881, 882, 883, 884, 885, 886, 887, 888, 889, 890, 891, 892, 893, 894, 895, 896, 897, 898, 899, 900, 901, 902, 903, 904, 905, 906, 907, 908, 909, 910, 911, 912, 913, 914, 915, 916, 917, 918, 919, 920, 921, 922, 923, 924, 925, 926, 927, 928, 929, 930, 931, 932, 933, 934, 935]","[453, 900]",[],"[4, 268, 285, 360, 372, 386, 398, 400, 404, 406, 407, 453, 459, 483, 484, 490, 727, 744, 822, 836, 849, 853, 855, 856, 900, 903, 906, 934, 935]","[12, 24, 25, 28, 88, 100, 104, 119, 123, 129, 136, 137, 139, 140, 141, 148, 155, 169, 172, 179, 183, 185, 188, 196, 198, 217, 237, 267, 270, 278, 319, 321, 324, 325, 330, 334, 335, 354, 366, 369, 380, 383, 384, 386, 395, 407, 411, 423, 428, 436, 437, 452, 453, 456, 467, 471, 477, 478, 479, 497, 508, 511, 559, 571, 575, 590, 594, 600, 607, 608, 610, 611, 612, 619, 627, 640, 643, 650, 654, 656, 659, 667, 669, 685, 701, 726, 729, 737, 777, 779, 782, 783, 787, 790, 791, 809, 817, 819, 830, 833, 834, 836, 845, 856, 857, 860, 862, 875, 880, 887, 888, 899, 900, 914, 918, 921, 928, 929, 930]","[12, 24, 25, 28, 88, 100, 104, 119, 123, 129, 136, 137, 139, 140, 141, 148, 155, 169, 172, 179, 183, 185, 188, 196, 198, 217, 237, 267, 270, 278, 319, 321, 324, 325, 330, 334, 335, 354, 366, 369, 380, 383, 384, 386, 395, 407, 411, 423, 428, 436, 437, 452, 453, 456, 467, 471, 477, 478, 479, 497, 508, 511, 559, 571, 575, 590, 594, 600, 607, 608, 610, 611, 612, 619, 627, 640, 643, 650, 654, 656, 659, 667, 669, 685, 701, 726, 729, 737, 777, 779, 782, 783, 787, 790, 791, 809, 817, 819, 830, 833, 834, 836, 845, 856, 857, 860, 862, 875, 880, 887, 888, 899, 900, 914, 918, 921, 928, 929, 930]",7/6 successful match,False,"[595, 596]",True,514,True,2008,0.0,True,,
Wellington ( 84542 ) 7-11 # 36409,435-637-9767 2195 US 6-191 E,+12 M,Wellington,84542,7-11 # 36409,435-637-9767,2014,Wellington,UT,,,2195 US 6-191 E,Proper,,False,,False,US 6-191,,,,,[],"[453, 900]","[453, 900]",[],"[398, 399, 400, 401, 402, 403, 404, 405, 406, 407, 408, 409, 410, 411, 412, 413, 414, 415, 416, 417, 418, 419, 420, 421, 422, 423, 424, 425, 426, 427, 428, 429, 430, 431, 432, 433, 434, 435, 436, 437, 438, 439, 440, 441, 442, 443, 444, 445, 446, 447, 448, 449, 450, 451, 452, 453, 454, 455, 456, 457, 458, 459, 460, 461, 462, 463, 464, 465, 466, 467, 468, 469, 470, 471, 472, 473, 474, 475, 476, 477, 478, 479, 480, 481, 482, 483, 484, 848, 849, 850, 851, 852, 853, 854, 855, 856, 857, 858, 859, 860, 861, 862, 863, 864, 865, 866, 867, 868, 869, 870, 871, 872, 873, 874, 875, 876, 877, 878, 879, 880, 881, 882, 883, 884, 885, 886, 887, 888, 889, 890, 891, 892, 893, 894, 895, 896, 897, 898, 899, 900, 901, 902, 903, 904, 905, 906, 907, 908, 909, 910, 911, 912, 913, 914, 915, 916, 917, 918, 919, 920, 921, 922, 923, 924, 925, 926, 927, 928, 929, 930, 931, 932, 933, 934, 935]","[4, 268, 285, 360, 372, 386, 398, 400, 404, 406, 407, 453, 459, 483, 484, 490, 727, 744, 822, 836, 849, 853, 855, 856, 900, 903, 906, 934, 935]",[],"[2, 195, 488, 666]","[916, 2, 4, 917, 918, 919, 920, 921, 922, 923, 924, 925, 926, 927, 928, 929, 930, 931, 932, 933, 934, 935, 372, 666, 195, 727, 744, 268, 360, 285, 822, 836, 848, 849, 850, 851, 852, 853, 854, 855, 856, 857, 858, 859, 860, 861, 862, 863, 864, 865, 866, 867, 868, 869, 870, 871, 872, 873, 874, 875, 876, 877, 878, 879, 880, 881, 882, 883, 884, 885, 886, 887, 888, 889, 890, 891, 892, 893, 894, 895, 896, 897, 898, 899, 900, 901, 902, 903, 904, 905, 906, 907, 908, 909, 398, 399, 400, 401, 402, 403, 404, 405, 406, 407, 408, 409, 410, 411, 412, 413, 414, 415, 416, 417, 418, 419, 420, 421, 422, 423, 424, 425, 426, 427, 428, 429, 430, 431, 432, 433, 434, 435, 436, 437, 438, 439, 440, 441, 442, 443, 444, 445, 446, 447, 448, 449, 450, 451, 452, 453, 454, 455, 456, 457, 458, 459, 460, 461, 462, 463, 464, 465, 466, 467, 468, 469, 470, 471, 472, 473, 474, 475, 476, 477, 478, 479, 480, 481, 482, 483, 484, 910, 911, 488, 490, 912, 913, 386, 914, 915]",False,"[453, 900]","[398, 399, 400, 401, 402, 403, 404, 405, 406, 407, 408, 409, 410, 411, 412, 413, 414, 415, 416, 417, 418, 419, 420, 421, 422, 423, 424, 425, 426, 427, 428, 429, 430, 431, 432, 433, 434, 435, 436, 437, 438, 439, 440, 441, 442, 443, 444, 445, 446, 447, 448, 449, 450, 451, 452, 453, 454, 455, 456, 457, 458, 459, 460, 461, 462, 463, 464, 465, 466, 467, 468, 469, 470, 471, 472, 473, 474, 475, 476, 477, 478, 479, 480, 481, 482, 483, 484, 848, 849, 850, 851, 852, 853, 854, 855, 856, 857, 858, 859, 860, 861, 862, 863, 864, 865, 866, 867, 868, 869, 870, 871, 872, 873, 874, 875, 876, 877, 878, 879, 880, 881, 882, 883, 884, 885, 886, 887, 888, 889, 890, 891, 892, 893, 894, 895, 896, 897, 898, 899, 900, 901, 902, 903, 904, 905, 906, 907, 908, 909, 910, 911, 912, 913, 914, 915, 916, 917, 918, 919, 920, 921, 922, 923, 924, 925, 926, 927, 928, 929, 930, 931, 932, 933, 934, 935]","[453, 900]",[],"[4, 268, 285, 360, 372, 386, 398, 400, 404, 406, 407, 453, 459, 483, 484, 490, 727, 744, 822, 836, 849, 853, 855, 856, 900, 903, 906, 934, 935]","[2, 195, 488, 666]",[],5/6 successful match,False,"[595, 596]",True,514,True,2014,0.045454545454545456,True,Walker's Food & Fuel ( Chevron ),Chevron
"Fillmore , 84631 Fillmore Shell",435-743-6328 I-15 Exit 167 ( 1/2 mi to N Main St ),000,Fillmore,84631,Fillmore Shell,435-743-6328,2006,Fillmore,UT,Shell,( 1/2 mi to N Main St ),I-15 Exit 167 ,Exit,167,False,,False,I-15,,,,,[],"[435, 437, 451, 452, 473, 888, 898, 899, 920]","[435, 437, 452, 473, 888, 899, 920]","[319, 452, 473, 777, 899, 920]","[398, 399, 400, 401, 402, 403, 404, 405, 406, 407, 408, 409, 410, 411, 412, 413, 414, 415, 416, 417, 418, 419, 420, 421, 422, 423, 424, 425, 426, 427, 428, 429, 430, 431, 432, 433, 434, 435, 436, 437, 438, 439, 440, 441, 442, 443, 444, 445, 446, 447, 448, 449, 450, 451, 452, 453, 454, 455, 456, 457, 458, 459, 460, 461, 462, 463, 464, 465, 466, 467, 468, 469, 470, 471, 472, 473, 474, 475, 476, 477, 478, 479, 480, 481, 482, 483, 484, 848, 849, 850, 851, 852, 853, 854, 855, 856, 857, 858, 859, 860, 861, 862, 863, 864, 865, 866, 867, 868, 869, 870, 871, 872, 873, 874, 875, 876, 877, 878, 879, 880, 881, 882, 883, 884, 885, 886, 887, 888, 889, 890, 891, 892, 893, 894, 895, 896, 897, 898, 899, 900, 901, 902, 903, 904, 905, 906, 907, 908, 909, 910, 911, 912, 913, 914, 915, 916, 917, 918, 919, 920, 921, 922, 923, 924, 925, 926, 927, 928, 929, 930, 931, 932, 933, 934, 935]","[16, 125, 156, 163, 168, 184, 205, 222, 229, 253, 258, 265, 313, 317, 336, 340, 341, 356, 363, 365, 366, 367, 370, 375, 388, 391, 394, 396, 402, 410, 411, 412, 413, 415, 416, 417, 418, 419, 425, 429, 431, 433, 435, 437, 440, 441, 442, 443, 451, 452, 456, 457, 458, 460, 461, 464, 471, 473, 474, 475, 481, 482, 501, 596, 628, 635, 655, 675, 693, 716, 720, 725, 771, 775, 793, 796, 797, 811, 817, 818, 820, 825, 838, 841, 844, 846, 851, 857, 861, 862, 863, 864, 866, 867, 868, 870, 871, 877, 881, 883, 885, 888, 891, 892, 893, 898, 899, 904, 905, 907, 908, 911, 918, 920, 921, 922, 923, 924, 926, 931, 933]","[1, 13, 14, 29, 54, 55, 56, 57, 58, 60, 102, 118, 125, 127, 130, 134, 146, 149, 153, 175, 182, 187, 189, 191, 197, 225, 230, 238, 264, 265, 266, 286, 302, 317, 336, 379, 388, 389, 425, 454, 458, 463, 475, 487, 498, 499, 512, 530, 531, 532, 533, 534, 536, 573, 589, 596, 598, 601, 605, 617, 620, 624, 646, 653, 658, 660, 662, 668, 689, 694, 702, 724, 725, 745, 760, 775, 793, 829, 838, 839, 877, 901, 903, 905, 910, 923]","[1, 13, 14, 29, 54, 55, 56, 57, 58, 60, 102, 118, 125, 127, 130, 134, 146, 149, 153, 175, 182, 187, 189, 191, 197, 225, 230, 238, 264, 265, 266, 286, 302, 317, 336, 354, 379, 388, 389, 425, 454, 458, 463, 475, 487, 498, 499, 512, 530, 531, 532, 533, 534, 536, 573, 589, 596, 598, 601, 605, 617, 620, 624, 646, 653, 658, 660, 662, 668, 689, 694, 702, 724, 725, 745, 760, 775, 793, 809, 829, 838, 839, 877, 901, 903, 905, 910, 923]","[512, 916, 1, 917, 918, 13, 14, 919, 16, 530, 531, 532, 533, 534, 536, 921, 29, 922, 923, 388, 924, 925, 926, 54, 55, 927, 56, 57, 58, 60, 573, 928, 389, 929, 930, 931, 589, 932, 596, 598, 933, 601, 934, 605, 935, 102, 617, 620, 624, 391, 628, 118, 635, 125, 127, 130, 134, 646, 653, 655, 146, 658, 660, 149, 662, 153, 336, 156, 668, 163, 675, 168, 340, 175, 689, 341, 693, 182, 694, 184, 187, 394, 189, 702, 191, 197, 716, 205, 720, 724, 725, 375, 222, 225, 229, 230, 745, 396, 238, 354, 760, 253, 356, 258, 771, 775, 264, 777, 265, 266, 793, 796, 797, 286, 363, 809, 811, 365, 302, 817, 366, 818, 820, 367, 313, 825, 317, 829, 319, 379, 370, 838, 839, 841, 844, 846, 848, 849, 850, 851, 852, 853, 854, 855, 856, 857, 858, 859, 860, 861, 862, 863, 864, 865, 866, 867, 868, 869, 870, 871, 872, 873, 874, 875, 876, 877, 878, 879, 880, 881, 882, 883, 884, 885, 886, 887, 888, 889, 890, 891, 892, 893, 894, 895, 896, 897, 898, 899, 900, 901, 902, 903, 904, 905, 906, 907, 908, 909, 398, 399, 400, 401, 402, 403, 404, 405, 406, 407, 920, 408, 409, 410, 411, 412, 413, 414, 415, 416, 417, 418, 419, 420, 421, 422, 423, 424, 425, 426, 427, 428, 429, 430, 431, 432, 433, 435, 434, 437, 436, 438, 439, 440, 441, 442, 443, 444, 445, 446, 447, 448, 449, 451, 452, 450, 453, 454, 455, 456, 457, 458, 459, 460, 461, 462, 463, 464, 465, 466, 467, 468, 469, 470, 471, 473, 472, 474, 475, 476, 477, 478, 479, 480, 481, 482, 483, 484, 910, 487, 911, 912, 913, 498, 499, 501, 914, 915]",False,"[435, 437, 451, 452, 473, 888, 898, 899, 920]","[398, 399, 400, 401, 402, 403, 404, 405, 406, 407, 408, 409, 410, 411, 412, 413, 414, 415, 416, 417, 418, 419, 420, 421, 422, 423, 424, 425, 426, 427, 428, 429, 430, 431, 432, 433, 434, 435, 436, 437, 438, 439, 440, 441, 442, 443, 444, 445, 446, 447, 448, 449, 450, 451, 452, 453, 454, 455, 456, 457, 458, 459, 460, 461, 462, 463, 464, 465, 466, 467, 468, 469, 470, 471, 472, 473, 474, 475, 476, 477, 478, 479, 480, 481, 482, 483, 484, 848, 849, 850, 851, 852, 853, 854, 855, 856, 857, 858, 859, 860, 861, 862, 863, 864, 865, 866, 867, 868, 869, 870, 871, 872, 873, 874, 875, 876, 877, 878, 879, 880, 881, 882, 883, 884, 885, 886, 887, 888, 889, 890, 891, 892, 893, 894, 895, 896, 897, 898, 899, 900, 901, 902, 903, 904, 905, 906, 907, 908, 909, 910, 911, 912, 913, 914, 915, 916, 917, 918, 919, 920, 921, 922, 923, 924, 925, 926, 927, 928, 929, 930, 931, 932, 933, 934, 935]","[435, 437, 452, 473, 888, 899, 920]","[319, 452, 473, 777, 899, 920]","[16, 125, 156, 163, 168, 184, 205, 222, 229, 253, 258, 265, 313, 317, 336, 340, 341, 356, 363, 365, 366, 367, 370, 375, 388, 391, 394, 396, 402, 410, 411, 412, 413, 415, 416, 417, 418, 419, 425, 429, 431, 433, 435, 437, 440, 441, 442, 443, 451, 452, 456, 457, 458, 460, 461, 464, 471, 473, 474, 475, 481, 482, 501, 596, 628, 635, 655, 675, 693, 716, 720, 725, 771, 775, 793, 796, 797, 811, 817, 818, 820, 825, 838, 841, 844, 846, 851, 857, 861, 862, 863, 864, 866, 867, 868, 870, 871, 877, 881, 883, 885, 888, 891, 892, 893, 898, 899, 904, 905, 907, 908, 911, 918, 920, 921, 922, 923, 924, 926, 931, 933]","[1, 13, 14, 29, 54, 55, 56, 57, 58, 60, 102, 118, 125, 127, 130, 134, 146, 149, 153, 175, 182, 187, 189, 191, 197, 225, 230, 238, 264, 265, 266, 286, 302, 317, 336, 354, 379, 388, 389, 425, 454, 458, 463, 475, 487, 498, 499, 512, 530, 531, 532, 533, 534, 536, 573, 589, 596, 598, 601, 605, 617, 620, 624, 646, 653, 658, 660, 662, 668, 689, 694, 702, 724, 725, 745, 760, 775, 793, 809, 829, 838, 839, 877, 901, 903, 905, 910, 923]","[1, 13, 14, 29, 54, 55, 56, 57, 58, 60, 102, 118, 125, 127, 130, 134, 146, 149, 153, 175, 182, 187, 189, 191, 197, 225, 230, 238, 264, 265, 266, 286, 302, 317, 336, 379, 388, 389, 425, 454, 458, 463, 475, 487, 498, 499, 512, 530, 531, 532, 533, 534, 536, 573, 589, 596, 598, 601, 605, 617, 620, 624, 646, 653, 658, 660, 662, 668, 689, 694, 702, 724, 725, 745, 760, 775, 793, 829, 838, 839, 877, 901, 903, 905, 910, 923]",5/6 successful match,False,,False,515,False,,,,,
Fillmore Shell,"EGFillmore 3435-743-6328 , 84631 I-15 Exit 167 ( 1/2 mi to N Main St )",,,84631,,435-743-6328,2007,Fillmore,UT,,( 1/2 mi to N Main St ),I-15 Exit 167,Exit,167,False,,False,I-15,,,,,[],"[435, 437, 451, 452, 473, 888, 898, 899, 920]","[435, 437, 452, 473, 888, 899, 920]","[319, 452, 473, 777, 899, 920]","[398, 399, 400, 401, 402, 403, 404, 405, 406, 407, 408, 409, 410, 411, 412, 413, 414, 415, 416, 417, 418, 419, 420, 421, 422, 423, 424, 425, 426, 427, 428, 429, 430, 431, 432, 433, 434, 435, 436, 437, 438, 439, 440, 441, 442, 443, 444, 445, 446, 447, 448, 449, 450, 451, 452, 453, 454, 455, 456, 457, 458, 459, 460, 461, 462, 463, 464, 465, 466, 467, 468, 469, 470, 471, 472, 473, 474, 475, 476, 477, 478, 479, 480, 481, 482, 483, 484, 848, 849, 850, 851, 852, 853, 854, 855, 856, 857, 858, 859, 860, 861, 862, 863, 864, 865, 866, 867, 868, 869, 870, 871, 872, 873, 874, 875, 876, 877, 878, 879, 880, 881, 882, 883, 884, 885, 886, 887, 888, 889, 890, 891, 892, 893, 894, 895, 896, 897, 898, 899, 900, 901, 902, 903, 904, 905, 906, 907, 908, 909, 910, 911, 912, 913, 914, 915, 916, 917, 918, 919, 920, 921, 922, 923, 924, 925, 926, 927, 928, 929, 930, 931, 932, 933, 934, 935]","[16, 125, 156, 163, 168, 184, 205, 222, 229, 253, 258, 265, 313, 317, 336, 340, 341, 356, 363, 365, 366, 367, 370, 375, 388, 391, 394, 396, 402, 410, 411, 412, 413, 415, 416, 417, 418, 419, 425, 429, 431, 433, 435, 437, 440, 441, 442, 443, 451, 452, 456, 457, 458, 460, 461, 464, 471, 473, 474, 475, 481, 482, 501, 596, 628, 635, 655, 675, 693, 716, 720, 725, 771, 775, 793, 796, 797, 811, 817, 818, 820, 825, 838, 841, 844, 846, 851, 857, 861, 862, 863, 864, 866, 867, 868, 870, 871, 877, 881, 883, 885, 888, 891, 892, 893, 898, 899, 904, 905, 907, 908, 911, 918, 920, 921, 922, 923, 924, 926, 931, 933]",[],[],"[916, 917, 918, 919, 16, 921, 922, 923, 388, 924, 925, 926, 927, 928, 929, 930, 931, 932, 596, 933, 934, 935, 391, 628, 635, 125, 655, 336, 156, 163, 675, 168, 340, 341, 693, 184, 394, 716, 205, 720, 725, 375, 222, 229, 396, 253, 356, 258, 771, 775, 777, 265, 793, 796, 797, 363, 811, 365, 817, 366, 818, 820, 367, 313, 825, 317, 319, 370, 838, 841, 844, 846, 848, 849, 850, 851, 852, 853, 854, 855, 856, 857, 858, 859, 860, 861, 862, 863, 864, 865, 866, 867, 868, 869, 870, 871, 872, 873, 874, 875, 876, 877, 878, 879, 880, 881, 882, 883, 884, 885, 886, 887, 888, 889, 890, 891, 892, 893, 894, 895, 896, 897, 898, 899, 900, 901, 902, 903, 904, 905, 906, 907, 908, 909, 398, 399, 400, 401, 402, 403, 404, 405, 406, 407, 920, 408, 409, 410, 411, 412, 413, 414, 415, 416, 417, 418, 419, 420, 421, 422, 423, 424, 425, 426, 427, 428, 429, 430, 431, 432, 433, 435, 434, 437, 436, 438, 439, 440, 441, 442, 443, 444, 445, 446, 447, 448, 449, 451, 452, 450, 453, 454, 455, 456, 457, 458, 459, 460, 461, 462, 463, 464, 465, 466, 467, 468, 469, 470, 471, 473, 472, 474, 475, 476, 477, 478, 479, 480, 481, 482, 483, 484, 910, 911, 912, 913, 501, 914, 915]",False,"[435, 437, 451, 452, 473, 888, 898, 899, 920]","[398, 399, 400, 401, 402, 403, 404, 405, 406, 407, 408, 409, 410, 411, 412, 413, 414, 415, 416, 417, 418, 419, 420, 421, 422, 423, 424, 425, 426, 427, 428, 429, 430, 431, 432, 433, 434, 435, 436, 437, 438, 439, 440, 441, 442, 443, 444, 445, 446, 447, 448, 449, 450, 451, 452, 453, 454, 455, 456, 457, 458, 459, 460, 461, 462, 463, 464, 465, 466, 467, 468, 469, 470, 471, 472, 473, 474, 475, 476, 477, 478, 479, 480, 481, 482, 483, 484, 848, 849, 850, 851, 852, 853, 854, 855, 856, 857, 858, 859, 860, 861, 862, 863, 864, 865, 866, 867, 868, 869, 870, 871, 872, 873, 874, 875, 876, 877, 878, 879, 880, 881, 882, 883, 884, 885, 886, 887, 888, 889, 890, 891, 892, 893, 894, 895, 896, 897, 898, 899, 900, 901, 902, 903, 904, 905, 906, 907, 908, 909, 910, 911, 912, 913, 914, 915, 916, 917, 918, 919, 920, 921, 922, 923, 924, 925, 926, 927, 928, 929, 930, 931, 932, 933, 934, 935]","[435, 437, 452, 473, 888, 899, 920]","[319, 452, 473, 777, 899, 920]","[16, 125, 156, 163, 168, 184, 205, 222, 229, 253, 258, 265, 313, 317, 336, 340, 341, 356, 363, 365, 366, 367, 370, 375, 388, 391, 394, 396, 402, 410, 411, 412, 413, 415, 416, 417, 418, 419, 425, 429, 431, 433, 435, 437, 440, 441, 442, 443, 451, 452, 456, 457, 458, 460, 461, 464, 471, 473, 474, 475, 481, 482, 501, 596, 628, 635, 655, 675, 693, 716, 720, 725, 771, 775, 793, 796, 797, 811, 817, 818, 820, 825, 838, 841, 844, 846, 851, 857, 861, 862, 863, 864, 866, 867, 868, 870, 871, 877, 881, 883, 885, 888, 891, 892, 893, 898, 899, 904, 905, 907, 908, 911, 918, 920, 921, 922, 923, 924, 926, 931, 933]",[],[],7/6 successful match,False,,False,515,True,2007,0.0,True,Fillmore Shell,Shell
"Fillmore , 84631 Fillmore Shell",3 435-743-6328 I-15 Exit 167 ( 1/2 mi to N Main St ),<U+2610> <U+25A1> <U+25A1> <U+2610> <U+2610>,Fillmore,84631,Fillmore Shell,435-743-6328,2008,Fillmore,UT,Shell,( 1/2 mi to N Main St ),I-15 Exit 167 ,Exit,167,False,,False,I-15,,,,,[],"[435, 437, 451, 452, 473, 888, 898, 899, 920]","[435, 437, 452, 473, 888, 899, 920]","[319, 452, 473, 777, 899, 920]","[398, 399, 400, 401, 402, 403, 404, 405, 406, 407, 408, 409, 410, 411, 412, 413, 414, 415, 416, 417, 418, 419, 420, 421, 422, 423, 424, 425, 426, 427, 428, 429, 430, 431, 432, 433, 434, 435, 436, 437, 438, 439, 440, 441, 442, 443, 444, 445, 446, 447, 448, 449, 450, 451, 452, 453, 454, 455, 456, 457, 458, 459, 460, 461, 462, 463, 464, 465, 466, 467, 468, 469, 470, 471, 472, 473, 474, 475, 476, 477, 478, 479, 480, 481, 482, 483, 484, 848, 849, 850, 851, 852, 853, 854, 855, 856, 857, 858, 859, 860, 861, 862, 863, 864, 865, 866, 867, 868, 869, 870, 871, 872, 873, 874, 875, 876, 877, 878, 879, 880, 881, 882, 883, 884, 885, 886, 887, 888, 889, 890, 891, 892, 893, 894, 895, 896, 897, 898, 899, 900, 901, 902, 903, 904, 905, 906, 907, 908, 909, 910, 911, 912, 913, 914, 915, 916, 917, 918, 919, 920, 921, 922, 923, 924, 925, 926, 927, 928, 929, 930, 931, 932, 933, 934, 935]","[16, 125, 156, 163, 168, 184, 205, 222, 229, 253, 258, 265, 313, 317, 336, 340, 341, 356, 363, 365, 366, 367, 370, 375, 388, 391, 394, 396, 402, 410, 411, 412, 413, 415, 416, 417, 418, 419, 425, 429, 431, 433, 435, 437, 440, 441, 442, 443, 451, 452, 456, 457, 458, 460, 461, 464, 471, 473, 474, 475, 481, 482, 501, 596, 628, 635, 655, 675, 693, 716, 720, 725, 771, 775, 793, 796, 797, 811, 817, 818, 820, 825, 838, 841, 844, 846, 851, 857, 861, 862, 863, 864, 866, 867, 868, 870, 871, 877, 881, 883, 885, 888, 891, 892, 893, 898, 899, 904, 905, 907, 908, 911, 918, 920, 921, 922, 923, 924, 926, 931, 933]","[1, 13, 14, 29, 54, 55, 56, 57, 58, 60, 102, 118, 125, 127, 130, 134, 146, 149, 153, 175, 182, 187, 189, 191, 197, 225, 230, 238, 264, 265, 266, 286, 302, 317, 336, 379, 388, 389, 425, 454, 458, 463, 475, 487, 498, 499, 512, 530, 531, 532, 533, 534, 536, 573, 589, 596, 598, 601, 605, 617, 620, 624, 646, 653, 658, 660, 662, 668, 689, 694, 702, 724, 725, 745, 760, 775, 793, 829, 838, 839, 877, 901, 903, 905, 910, 923]","[1, 13, 14, 29, 54, 55, 56, 57, 58, 60, 102, 118, 125, 127, 130, 134, 146, 149, 153, 175, 182, 187, 189, 191, 197, 225, 230, 238, 264, 265, 266, 286, 302, 317, 336, 354, 379, 388, 389, 425, 454, 458, 463, 475, 487, 498, 499, 512, 530, 531, 532, 533, 534, 536, 573, 589, 596, 598, 601, 605, 617, 620, 624, 646, 653, 658, 660, 662, 668, 689, 694, 702, 724, 725, 745, 760, 775, 793, 809, 829, 838, 839, 877, 901, 903, 905, 910, 923]","[512, 916, 1, 917, 918, 13, 14, 919, 16, 530, 531, 532, 533, 534, 536, 921, 29, 922, 923, 388, 924, 925, 926, 54, 55, 927, 56, 57, 58, 60, 573, 928, 389, 929, 930, 931, 589, 932, 596, 598, 933, 601, 934, 605, 935, 102, 617, 620, 624, 391, 628, 118, 635, 125, 127, 130, 134, 646, 653, 655, 146, 658, 660, 149, 662, 153, 336, 156, 668, 163, 675, 168, 340, 175, 689, 341, 693, 182, 694, 184, 187, 394, 189, 702, 191, 197, 716, 205, 720, 724, 725, 375, 222, 225, 229, 230, 745, 396, 238, 354, 760, 253, 356, 258, 771, 775, 264, 777, 265, 266, 793, 796, 797, 286, 363, 809, 811, 365, 302, 817, 366, 818, 820, 367, 313, 825, 317, 829, 319, 379, 370, 838, 839, 841, 844, 846, 848, 849, 850, 851, 852, 853, 854, 855, 856, 857, 858, 859, 860, 861, 862, 863, 864, 865, 866, 867, 868, 869, 870, 871, 872, 873, 874, 875, 876, 877, 878, 879, 880, 881, 882, 883, 884, 885, 886, 887, 888, 889, 890, 891, 892, 893, 894, 895, 896, 897, 898, 899, 900, 901, 902, 903, 904, 905, 906, 907, 908, 909, 398, 399, 400, 401, 402, 403, 404, 405, 406, 407, 920, 408, 409, 410, 411, 412, 413, 414, 415, 416, 417, 418, 419, 420, 421, 422, 423, 424, 425, 426, 427, 428, 429, 430, 431, 432, 433, 435, 434, 437, 436, 438, 439, 440, 441, 442, 443, 444, 445, 446, 447, 448, 449, 451, 452, 450, 453, 454, 455, 456, 457, 458, 459, 460, 461, 462, 463, 464, 465, 466, 467, 468, 469, 470, 471, 473, 472, 474, 475, 476, 477, 478, 479, 480, 481, 482, 483, 484, 910, 487, 911, 912, 913, 498, 499, 501, 914, 915]",False,"[435, 437, 451, 452, 473, 888, 898, 899, 920]","[398, 399, 400, 401, 402, 403, 404, 405, 406, 407, 408, 409, 410, 411, 412, 413, 414, 415, 416, 417, 418, 419, 420, 421, 422, 423, 424, 425, 426, 427, 428, 429, 430, 431, 432, 433, 434, 435, 436, 437, 438, 439, 440, 441, 442, 443, 444, 445, 446, 447, 448, 449, 450, 451, 452, 453, 454, 455, 456, 457, 458, 459, 460, 461, 462, 463, 464, 465, 466, 467, 468, 469, 470, 471, 472, 473, 474, 475, 476, 477, 478, 479, 480, 481, 482, 483, 484, 848, 849, 850, 851, 852, 853, 854, 855, 856, 857, 858, 859, 860, 861, 862, 863, 864, 865, 866, 867, 868, 869, 870, 871, 872, 873, 874, 875, 876, 877, 878, 879, 880, 881, 882, 883, 884, 885, 886, 887, 888, 889, 890, 891, 892, 893, 894, 895, 896, 897, 898, 899, 900, 901, 902, 903, 904, 905, 906, 907, 908, 909, 910, 911, 912, 913, 914, 915, 916, 917, 918, 919, 920, 921, 922, 923, 924, 925, 926, 927, 928, 929, 930, 931, 932, 933, 934, 935]","[435, 437, 452, 473, 888, 899, 920]","[319, 452, 473, 777, 899, 920]","[16, 125, 156, 163, 168, 184, 205, 222, 229, 253, 258, 265, 313, 317, 336, 340, 341, 356, 363, 365, 366, 367, 370, 375, 388, 391, 394, 396, 402, 410, 411, 412, 413, 415, 416, 417, 418, 419, 425, 429, 431, 433, 435, 437, 440, 441, 442, 443, 451, 452, 456, 457, 458, 460, 461, 464, 471, 473, 474, 475, 481, 482, 501, 596, 628, 635, 655, 675, 693, 716, 720, 725, 771, 775, 793, 796, 797, 811, 817, 818, 820, 825, 838, 841, 844, 846, 851, 857, 861, 862, 863, 864, 866, 867, 868, 870, 871, 877, 881, 883, 885, 888, 891, 892, 893, 898, 899, 904, 905, 907, 908, 911, 918, 920, 921, 922, 923, 924, 926, 931, 933]","[1, 13, 14, 29, 54, 55, 56, 57, 58, 60, 102, 118, 125, 127, 130, 134, 146, 149, 153, 175, 182, 187, 189, 191, 197, 225, 230, 238, 264, 265, 266, 286, 302, 317, 336, 354, 379, 388, 389, 425, 454, 458, 463, 475, 487, 498, 499, 512, 530, 531, 532, 533, 534, 536, 573, 589, 596, 598, 601, 605, 617, 620, 624, 646, 653, 658, 660, 662, 668, 689, 694, 702, 724, 725, 745, 760, 775, 793, 809, 829, 838, 839, 877, 901, 903, 905, 910, 923]","[1, 13, 14, 29, 54, 55, 56, 57, 58, 60, 102, 118, 125, 127, 130, 134, 146, 149, 153, 175, 182, 187, 189, 191, 197, 225, 230, 238, 264, 265, 266, 286, 302, 317, 336, 379, 388, 389, 425, 454, 458, 463, 475, 487, 498, 499, 512, 530, 531, 532, 533, 534, 536, 573, 589, 596, 598, 601, 605, 617, 620, 624, 646, 653, 658, 660, 662, 668, 689, 694, 702, 724, 725, 745, 760, 775, 793, 829, 838, 839, 877, 901, 903, 905, 910, 923]",5/6 successful match,False,,False,515,True,2008,0.0,True,,
"E Payson , 84651 Flying J Travel Plaza # 0011198",801-465-9281 I-15 Exit 250 ( UT 115 ) .,HRS 24 <U+2610> <U+2610>,Payson,84651,Flying J Travel Plaza # 0011198,801-465-9281,2006,Payson,UT,Flying J,( UT 115 ) .,I-15 Exit 250 ,Exit,250,False,,False,I-15,,,,,[],[],[],[],"[398, 399, 400, 401, 402, 403, 404, 405, 406, 407, 408, 409, 410, 411, 412, 413, 414, 415, 416, 417, 418, 419, 420, 421, 422, 423, 424, 425, 426, 427, 428, 429, 430, 431, 432, 433, 434, 435, 436, 437, 438, 439, 440, 441, 442, 443, 444, 445, 446, 447, 448, 449, 450, 451, 452, 453, 454, 455, 456, 457, 458, 459, 460, 461, 462, 463, 464, 465, 466, 467, 468, 469, 470, 471, 472, 473, 474, 475, 476, 477, 478, 479, 480, 481, 482, 483, 484, 848, 849, 850, 851, 852, 853, 854, 855, 856, 857, 858, 859, 860, 861, 862, 863, 864, 865, 866, 867, 868, 869, 870, 871, 872, 873, 874, 875, 876, 877, 878, 879, 880, 881, 882, 883, 884, 885, 886, 887, 888, 889, 890, 891, 892, 893, 894, 895, 896, 897, 898, 899, 900, 901, 902, 903, 904, 905, 906, 907, 908, 909, 910, 911, 912, 913, 914, 915, 916, 917, 918, 919, 920, 921, 922, 923, 924, 925, 926, 927, 928, 929, 930, 931, 932, 933, 934, 935]","[16, 125, 156, 163, 168, 184, 205, 222, 229, 253, 258, 265, 313, 317, 336, 340, 341, 356, 363, 365, 366, 367, 370, 375, 388, 391, 394, 396, 402, 410, 411, 412, 413, 415, 416, 417, 418, 419, 425, 429, 431, 433, 435, 437, 440, 441, 442, 443, 451, 452, 456, 457, 458, 460, 461, 464, 471, 473, 474, 475, 481, 482, 501, 596, 628, 635, 655, 675, 693, 716, 720, 725, 771, 775, 793, 796, 797, 811, 817, 818, 820, 825, 838, 841, 844, 846, 851, 857, 861, 862, 863, 864, 866, 867, 868, 870, 871, 877, 881, 883, 885, 888, 891, 892, 893, 898, 899, 904, 905, 907, 908, 911, 918, 920, 921, 922, 923, 924, 926, 931, 933]","[17, 18, 19, 20, 21, 22, 23, 156, 157, 158, 159, 160, 161, 162, 163, 164, 165, 166, 167, 341, 342, 343, 344, 345, 412, 413, 414, 415, 416, 417, 418, 419, 420, 421, 422, 502, 503, 504, 505, 506, 507, 628, 629, 630, 631, 632, 633, 634, 635, 636, 637, 638, 639, 792, 797, 798, 799, 800, 801, 863, 864, 865, 866, 867, 868, 869, 870, 871, 872, 873, 874]","[17, 18, 19, 20, 21, 22, 23, 156, 157, 158, 159, 160, 161, 162, 163, 164, 165, 166, 167, 168, 340, 341, 342, 343, 344, 345, 346, 412, 413, 414, 415, 416, 417, 418, 419, 420, 421, 422, 502, 503, 504, 505, 506, 507, 628, 629, 630, 631, 632, 633, 634, 635, 636, 637, 638, 639, 792, 796, 797, 798, 799, 800, 801, 863, 864, 865, 866, 867, 868, 869, 870, 871, 872, 873, 874]","[916, 917, 918, 919, 16, 17, 18, 19, 920, 20, 21, 22, 23, 921, 922, 923, 388, 924, 925, 926, 927, 928, 929, 930, 931, 932, 596, 933, 934, 935, 391, 628, 629, 630, 631, 632, 633, 634, 635, 636, 125, 637, 638, 639, 655, 336, 156, 157, 158, 159, 160, 161, 162, 163, 675, 164, 165, 166, 168, 167, 340, 341, 693, 184, 342, 394, 343, 344, 345, 716, 205, 346, 720, 725, 375, 222, 229, 396, 253, 356, 258, 771, 775, 265, 792, 793, 796, 797, 798, 799, 800, 801, 363, 811, 365, 817, 366, 818, 820, 367, 313, 825, 317, 370, 838, 841, 844, 846, 848, 849, 850, 851, 852, 853, 854, 855, 856, 857, 858, 859, 860, 861, 862, 863, 864, 865, 866, 867, 868, 869, 870, 871, 872, 873, 874, 875, 876, 877, 878, 879, 880, 881, 882, 883, 884, 885, 886, 887, 888, 889, 890, 891, 892, 893, 894, 895, 896, 897, 898, 899, 900, 901, 902, 903, 904, 905, 906, 907, 908, 909, 398, 399, 400, 401, 402, 403, 404, 405, 406, 407, 408, 409, 410, 411, 412, 413, 414, 415, 416, 417, 418, 419, 420, 421, 422, 423, 424, 425, 426, 427, 428, 429, 430, 431, 432, 433, 434, 435, 436, 437, 438, 439, 440, 441, 442, 443, 444, 445, 446, 447, 448, 449, 450, 451, 452, 453, 454, 455, 456, 457, 458, 459, 460, 461, 462, 463, 464, 465, 466, 467, 468, 469, 470, 471, 472, 473, 474, 475, 476, 477, 478, 479, 480, 481, 482, 483, 484, 910, 503, 911, 912, 913, 501, 502, 914, 504, 505, 506, 507, 915]",False,[],"[398, 399, 400, 401, 402, 403, 404, 405, 406, 407, 408, 409, 410, 411, 412, 413, 414, 415, 416, 417, 418, 419, 420, 421, 422, 423, 424, 425, 426, 427, 428, 429, 430, 431, 432, 433, 434, 435, 436, 437, 438, 439, 440, 441, 442, 443, 444, 445, 446, 447, 448, 449, 450, 451, 452, 453, 454, 455, 456, 457, 458, 459, 460, 461, 462, 463, 464, 465, 466, 467, 468, 469, 470, 471, 472, 473, 474, 475, 476, 477, 478, 479, 480, 481, 482, 483, 484, 848, 849, 850, 851, 852, 853, 854, 855, 856, 857, 858, 859, 860, 861, 862, 863, 864, 865, 866, 867, 868, 869, 870, 871, 872, 873, 874, 875, 876, 877, 878, 879, 880, 881, 882, 883, 884, 885, 886, 887, 888, 889, 890, 891, 892, 893, 894, 895, 896, 897, 898, 899, 900, 901, 902, 903, 904, 905, 906, 907, 908, 909, 910, 911, 912, 913, 914, 915, 916, 917, 918, 919, 920, 921, 922, 923, 924, 925, 926, 927, 928, 929, 930, 931, 932, 933, 934, 935]",[],[],"[16, 125, 156, 163, 168, 184, 205, 222, 229, 253, 258, 265, 313, 317, 336, 340, 341, 356, 363, 365, 366, 367, 370, 375, 388, 391, 394, 396, 402, 410, 411, 412, 413, 415, 416, 417, 418, 419, 425, 429, 431, 433, 435, 437, 440, 441, 442, 443, 451, 452, 456, 457, 458, 460, 461, 464, 471, 473, 474, 475, 481, 482, 501, 596, 628, 635, 655, 675, 693, 716, 720, 725, 771, 775, 793, 796, 797, 811, 817, 818, 820, 825, 838, 841, 844, 846, 851, 857, 861, 862, 863, 864, 866, 867, 868, 870, 871, 877, 881, 883, 885, 888, 891, 892, 893, 898, 899, 904, 905, 907, 908, 911, 918, 920, 921, 922, 923, 924, 926, 931, 933]","[17, 18, 19, 20, 21, 22, 23, 156, 157, 158, 159, 160, 161, 162, 163, 164, 165, 166, 167, 168, 340, 341, 342, 343, 344, 345, 346, 412, 413, 414, 415, 416, 417, 418, 419, 420, 421, 422, 502, 503, 504, 505, 506, 507, 628, 629, 630, 631, 632, 633, 634, 635, 636, 637, 638, 639, 792, 796, 797, 798, 799, 800, 801, 863, 864, 865, 866, 867, 868, 869, 870, 871, 872, 873, 874]","[17, 18, 19, 20, 21, 22, 23, 156, 157, 158, 159, 160, 161, 162, 163, 164, 165, 166, 167, 341, 342, 343, 344, 345, 412, 413, 414, 415, 416, 417, 418, 419, 420, 421, 422, 502, 503, 504, 505, 506, 507, 628, 629, 630, 631, 632, 633, 634, 635, 636, 637, 638, 639, 792, 797, 798, 799, 800, 801, 863, 864, 865, 866, 867, 868, 869, 870, 871, 872, 873, 874]",7/6 successful match,False,,False,516,False,,,,,
"Payson , 84651 J Travel Plaza # 0011198",41801-465-9281 Flying I-15 Exit 250 ( UT 115 ),HRS 24 M HRS 429,Payson,84651,J Travel Plaza # 0011198,801-465-9281,2007,Payson,UT,,( UT 115 ),Flying I-15 Exit 250 ,Exit,250,True,unclear address_standardized_OFF_parenthesis,True,I-15,,,,,[],[],[],[],"[398, 399, 400, 401, 402, 403, 404, 405, 406, 407, 408, 409, 410, 411, 412, 413, 414, 415, 416, 417, 418, 419, 420, 421, 422, 423, 424, 425, 426, 427, 428, 429, 430, 431, 432, 433, 434, 435, 436, 437, 438, 439, 440, 441, 442, 443, 444, 445, 446, 447, 448, 449, 450, 451, 452, 453, 454, 455, 456, 457, 458, 459, 460, 461, 462, 463, 464, 465, 466, 467, 468, 469, 470, 471, 472, 473, 474, 475, 476, 477, 478, 479, 480, 481, 482, 483, 484, 848, 849, 850, 851, 852, 853, 854, 855, 856, 857, 858, 859, 860, 861, 862, 863, 864, 865, 866, 867, 868, 869, 870, 871, 872, 873, 874, 875, 876, 877, 878, 879, 880, 881, 882, 883, 884, 885, 886, 887, 888, 889, 890, 891, 892, 893, 894, 895, 896, 897, 898, 899, 900, 901, 902, 903, 904, 905, 906, 907, 908, 909, 910, 911, 912, 913, 914, 915, 916, 917, 918, 919, 920, 921, 922, 923, 924, 925, 926, 927, 928, 929, 930, 931, 932, 933, 934, 935]","[16, 125, 156, 163, 168, 184, 205, 222, 229, 253, 258, 265, 313, 317, 336, 340, 341, 356, 363, 365, 366, 367, 370, 375, 388, 391, 394, 396, 402, 410, 411, 412, 413, 415, 416, 417, 418, 419, 425, 429, 431, 433, 435, 437, 440, 441, 442, 443, 451, 452, 456, 457, 458, 460, 461, 464, 471, 473, 474, 475, 481, 482, 501, 596, 628, 635, 655, 675, 693, 716, 720, 725, 771, 775, 793, 796, 797, 811, 817, 818, 820, 825, 838, 841, 844, 846, 851, 857, 861, 862, 863, 864, 866, 867, 868, 870, 871, 877, 881, 883, 885, 888, 891, 892, 893, 898, 899, 904, 905, 907, 908, 911, 918, 920, 921, 922, 923, 924, 926, 931, 933]",[],[],"[916, 917, 918, 919, 16, 920, 921, 922, 923, 388, 924, 925, 926, 927, 928, 929, 930, 931, 932, 596, 933, 934, 935, 391, 628, 635, 125, 655, 336, 156, 163, 675, 168, 340, 341, 693, 184, 394, 716, 205, 720, 725, 375, 222, 229, 396, 253, 356, 258, 771, 775, 265, 793, 796, 797, 363, 811, 365, 817, 366, 818, 820, 367, 313, 825, 317, 370, 838, 841, 844, 846, 848, 849, 850, 851, 852, 853, 854, 855, 856, 857, 858, 859, 860, 861, 862, 863, 864, 865, 866, 867, 868, 869, 870, 871, 872, 873, 874, 875, 876, 877, 878, 879, 880, 881, 882, 883, 884, 885, 886, 887, 888, 889, 890, 891, 892, 893, 894, 895, 896, 897, 898, 899, 900, 901, 902, 903, 904, 905, 906, 907, 908, 909, 398, 399, 400, 401, 402, 403, 404, 405, 406, 407, 408, 409, 410, 411, 412, 413, 414, 415, 416, 417, 418, 419, 420, 421, 422, 423, 424, 425, 426, 427, 428, 429, 430, 431, 432, 433, 434, 435, 436, 437, 438, 439, 440, 441, 442, 443, 444, 445, 446, 447, 448, 449, 450, 451, 452, 453, 454, 455, 456, 457, 458, 459, 460, 461, 462, 463, 464, 465, 466, 467, 468, 469, 470, 471, 472, 473, 474, 475, 476, 477, 478, 479, 480, 481, 482, 483, 484, 910, 911, 912, 913, 501, 914, 915]",False,[],"[398, 399, 400, 401, 402, 403, 404, 405, 406, 407, 408, 409, 410, 411, 412, 413, 414, 415, 416, 417, 418, 419, 420, 421, 422, 423, 424, 425, 426, 427, 428, 429, 430, 431, 432, 433, 434, 435, 436, 437, 438, 439, 440, 441, 442, 443, 444, 445, 446, 447, 448, 449, 450, 451, 452, 453, 454, 455, 456, 457, 458, 459, 460, 461, 462, 463, 464, 465, 466, 467, 468, 469, 470, 471, 472, 473, 474, 475, 476, 477, 478, 479, 480, 481, 482, 483, 484, 848, 849, 850, 851, 852, 853, 854, 855, 856, 857, 858, 859, 860, 861, 862, 863, 864, 865, 866, 867, 868, 869, 870, 871, 872, 873, 874, 875, 876, 877, 878, 879, 880, 881, 882, 883, 884, 885, 886, 887, 888, 889, 890, 891, 892, 893, 894, 895, 896, 897, 898, 899, 900, 901, 902, 903, 904, 905, 906, 907, 908, 909, 910, 911, 912, 913, 914, 915, 916, 917, 918, 919, 920, 921, 922, 923, 924, 925, 926, 927, 928, 929, 930, 931, 932, 933, 934, 935]",[],[],"[16, 125, 156, 163, 168, 184, 205, 222, 229, 253, 258, 265, 313, 317, 336, 340, 341, 356, 363, 365, 366, 367, 370, 375, 388, 391, 394, 396, 402, 410, 411, 412, 413, 415, 416, 417, 418, 419, 425, 429, 431, 433, 435, 437, 440, 441, 442, 443, 451, 452, 456, 457, 458, 460, 461, 464, 471, 473, 474, 475, 481, 482, 501, 596, 628, 635, 655, 675, 693, 716, 720, 725, 771, 775, 793, 796, 797, 811, 817, 818, 820, 825, 838, 841, 844, 846, 851, 857, 861, 862, 863, 864, 866, 867, 868, 870, 871, 877, 881, 883, 885, 888, 891, 892, 893, 898, 899, 904, 905, 907, 908, 911, 918, 920, 921, 922, 923, 924, 926, 931, 933]",[],[],7/6 successful match,False,,False,516,False,,0.6618181818181819,True,Flying J Travel Plaza # 0011198,Flying J
"Payson , 84651 Flying J Travel Plaza # 0011198",801-465-9281 I-15 Exit 250 ( UT 115 ),FIRS 24 M 24,Payson,84651,Flying J Travel Plaza # 0011198,801-465-9281,2008,Payson,UT,Flying J,( UT 115 ),I-15 Exit 250 ,Exit,250,False,,False,I-15,,,,,[],[],[],[],"[398, 399, 400, 401, 402, 403, 404, 405, 406, 407, 408, 409, 410, 411, 412, 413, 414, 415, 416, 417, 418, 419, 420, 421, 422, 423, 424, 425, 426, 427, 428, 429, 430, 431, 432, 433, 434, 435, 436, 437, 438, 439, 440, 441, 442, 443, 444, 445, 446, 447, 448, 449, 450, 451, 452, 453, 454, 455, 456, 457, 458, 459, 460, 461, 462, 463, 464, 465, 466, 467, 468, 469, 470, 471, 472, 473, 474, 475, 476, 477, 478, 479, 480, 481, 482, 483, 484, 848, 849, 850, 851, 852, 853, 854, 855, 856, 857, 858, 859, 860, 861, 862, 863, 864, 865, 866, 867, 868, 869, 870, 871, 872, 873, 874, 875, 876, 877, 878, 879, 880, 881, 882, 883, 884, 885, 886, 887, 888, 889, 890, 891, 892, 893, 894, 895, 896, 897, 898, 899, 900, 901, 902, 903, 904, 905, 906, 907, 908, 909, 910, 911, 912, 913, 914, 915, 916, 917, 918, 919, 920, 921, 922, 923, 924, 925, 926, 927, 928, 929, 930, 931, 932, 933, 934, 935]","[16, 125, 156, 163, 168, 184, 205, 222, 229, 253, 258, 265, 313, 317, 336, 340, 341, 356, 363, 365, 366, 367, 370, 375, 388, 391, 394, 396, 402, 410, 411, 412, 413, 415, 416, 417, 418, 419, 425, 429, 431, 433, 435, 437, 440, 441, 442, 443, 451, 452, 456, 457, 458, 460, 461, 464, 471, 473, 474, 475, 481, 482, 501, 596, 628, 635, 655, 675, 693, 716, 720, 725, 771, 775, 793, 796, 797, 811, 817, 818, 820, 825, 838, 841, 844, 846, 851, 857, 861, 862, 863, 864, 866, 867, 868, 870, 871, 877, 881, 883, 885, 888, 891, 892, 893, 898, 899, 904, 905, 907, 908, 911, 918, 920, 921, 922, 923, 924, 926, 931, 933]","[17, 18, 19, 20, 21, 22, 23, 156, 157, 158, 159, 160, 161, 162, 163, 164, 165, 166, 167, 341, 342, 343, 344, 345, 412, 413, 414, 415, 416, 417, 418, 419, 420, 421, 422, 502, 503, 504, 505, 506, 507, 628, 629, 630, 631, 632, 633, 634, 635, 636, 637, 638, 639, 792, 797, 798, 799, 800, 801, 863, 864, 865, 866, 867, 868, 869, 870, 871, 872, 873, 874]","[17, 18, 19, 20, 21, 22, 23, 156, 157, 158, 159, 160, 161, 162, 163, 164, 165, 166, 167, 168, 340, 341, 342, 343, 344, 345, 346, 412, 413, 414, 415, 416, 417, 418, 419, 420, 421, 422, 502, 503, 504, 505, 506, 507, 628, 629, 630, 631, 632, 633, 634, 635, 636, 637, 638, 639, 792, 796, 797, 798, 799, 800, 801, 863, 864, 865, 866, 867, 868, 869, 870, 871, 872, 873, 874]","[916, 917, 918, 919, 16, 17, 18, 19, 920, 20, 21, 22, 23, 921, 922, 923, 388, 924, 925, 926, 927, 928, 929, 930, 931, 932, 596, 933, 934, 935, 391, 628, 629, 630, 631, 632, 633, 634, 635, 636, 125, 637, 638, 639, 655, 336, 156, 157, 158, 159, 160, 161, 162, 163, 675, 164, 165, 166, 168, 167, 340, 341, 693, 184, 342, 394, 343, 344, 345, 716, 205, 346, 720, 725, 375, 222, 229, 396, 253, 356, 258, 771, 775, 265, 792, 793, 796, 797, 798, 799, 800, 801, 363, 811, 365, 817, 366, 818, 820, 367, 313, 825, 317, 370, 838, 841, 844, 846, 848, 849, 850, 851, 852, 853, 854, 855, 856, 857, 858, 859, 860, 861, 862, 863, 864, 865, 866, 867, 868, 869, 870, 871, 872, 873, 874, 875, 876, 877, 878, 879, 880, 881, 882, 883, 884, 885, 886, 887, 888, 889, 890, 891, 892, 893, 894, 895, 896, 897, 898, 899, 900, 901, 902, 903, 904, 905, 906, 907, 908, 909, 398, 399, 400, 401, 402, 403, 404, 405, 406, 407, 408, 409, 410, 411, 412, 413, 414, 415, 416, 417, 418, 419, 420, 421, 422, 423, 424, 425, 426, 427, 428, 429, 430, 431, 432, 433, 434, 435, 436, 437, 438, 439, 440, 441, 442, 443, 444, 445, 446, 447, 448, 449, 450, 451, 452, 453, 454, 455, 456, 457, 458, 459, 460, 461, 462, 463, 464, 465, 466, 467, 468, 469, 470, 471, 472, 473, 474, 475, 476, 477, 478, 479, 480, 481, 482, 483, 484, 910, 503, 911, 912, 913, 501, 502, 914, 504, 505, 506, 507, 915]",False,[],"[398, 399, 400, 401, 402, 403, 404, 405, 406, 407, 408, 409, 410, 411, 412, 413, 414, 415, 416, 417, 418, 419, 420, 421, 422, 423, 424, 425, 426, 427, 428, 429, 430, 431, 432, 433, 434, 435, 436, 437, 438, 439, 440, 441, 442, 443, 444, 445, 446, 447, 448, 449, 450, 451, 452, 453, 454, 455, 456, 457, 458, 459, 460, 461, 462, 463, 464, 465, 466, 467, 468, 469, 470, 471, 472, 473, 474, 475, 476, 477, 478, 479, 480, 481, 482, 483, 484, 848, 849, 850, 851, 852, 853, 854, 855, 856, 857, 858, 859, 860, 861, 862, 863, 864, 865, 866, 867, 868, 869, 870, 871, 872, 873, 874, 875, 876, 877, 878, 879, 880, 881, 882, 883, 884, 885, 886, 887, 888, 889, 890, 891, 892, 893, 894, 895, 896, 897, 898, 899, 900, 901, 902, 903, 904, 905, 906, 907, 908, 909, 910, 911, 912, 913, 914, 915, 916, 917, 918, 919, 920, 921, 922, 923, 924, 925, 926, 927, 928, 929, 930, 931, 932, 933, 934, 935]",[],[],"[16, 125, 156, 163, 168, 184, 205, 222, 229, 253, 258, 265, 313, 317, 336, 340, 341, 356, 363, 365, 366, 367, 370, 375, 388, 391, 394, 396, 402, 410, 411, 412, 413, 415, 416, 417, 418, 419, 425, 429, 431, 433, 435, 437, 440, 441, 442, 443, 451, 452, 456, 457, 458, 460, 461, 464, 471, 473, 474, 475, 481, 482, 501, 596, 628, 635, 655, 675, 693, 716, 720, 725, 771, 775, 793, 796, 797, 811, 817, 818, 820, 825, 838, 841, 844, 846, 851, 857, 861, 862, 863, 864, 866, 867, 868, 870, 871, 877, 881, 883, 885, 888, 891, 892, 893, 898, 899, 904, 905, 907, 908, 911, 918, 920, 921, 922, 923, 924, 926, 931, 933]","[17, 18, 19, 20, 21, 22, 23, 156, 157, 158, 159, 160, 161, 162, 163, 164, 165, 166, 167, 168, 340, 341, 342, 343, 344, 345, 346, 412, 413, 414, 415, 416, 417, 418, 419, 420, 421, 422, 502, 503, 504, 505, 506, 507, 628, 629, 630, 631, 632, 633, 634, 635, 636, 637, 638, 639, 792, 796, 797, 798, 799, 800, 801, 863, 864, 865, 866, 867, 868, 869, 870, 871, 872, 873, 874]","[17, 18, 19, 20, 21, 22, 23, 156, 157, 158, 159, 160, 161, 162, 163, 164, 165, 166, 167, 341, 342, 343, 344, 345, 412, 413, 414, 415, 416, 417, 418, 419, 420, 421, 422, 502, 503, 504, 505, 506, 507, 628, 629, 630, 631, 632, 633, 634, 635, 636, 637, 638, 639, 792, 797, 798, 799, 800, 801, 863, 864, 865, 866, 867, 868, 869, 870, 871, 872, 873, 874]",7/6 successful match,False,,False,516,False,,0.6618181818181819,True,J Travel Plaza # 0011198,
Salina ( 84654 ) Love's Travel Stop # 581,3 435-287-0460 I-70 Exit 56 ( US 50-89 S ),24 MO 020,Salina,84654,Love's Travel Stop # 581,435-287-0460,2016,Salina,UT,Love's,( US 50-89 S ),I-70 Exit 56 ,Exit,56,False,,False,I-70,,,,,"[432, 884]","[432, 466, 467, 469, 476, 884, 913, 914, 916, 925]","[432, 466, 467, 469, 476, 884, 913, 914, 916, 925]","[149, 432, 466, 469, 476, 620, 884, 913, 916, 925]","[398, 399, 400, 401, 402, 403, 404, 405, 406, 407, 408, 409, 410, 411, 412, 413, 414, 415, 416, 417, 418, 419, 420, 421, 422, 423, 424, 425, 426, 427, 428, 429, 430, 431, 432, 433, 434, 435, 436, 437, 438, 439, 440, 441, 442, 443, 444, 445, 446, 447, 448, 449, 450, 451, 452, 453, 454, 455, 456, 457, 458, 459, 460, 461, 462, 463, 464, 465, 466, 467, 468, 469, 470, 471, 472, 473, 474, 475, 476, 477, 478, 479, 480, 481, 482, 483, 484, 848, 849, 850, 851, 852, 853, 854, 855, 856, 857, 858, 859, 860, 861, 862, 863, 864, 865, 866, 867, 868, 869, 870, 871, 872, 873, 874, 875, 876, 877, 878, 879, 880, 881, 882, 883, 884, 885, 886, 887, 888, 889, 890, 891, 892, 893, 894, 895, 896, 897, 898, 899, 900, 901, 902, 903, 904, 905, 906, 907, 908, 909, 910, 911, 912, 913, 914, 915, 916, 917, 918, 919, 920, 921, 922, 923, 924, 925, 926, 927, 928, 929, 930, 931, 932, 933, 934, 935]","[179, 219, 399, 421, 432, 434, 462, 466, 469, 476, 479, 650, 848, 873, 884, 886, 909, 913, 916, 925, 930]","[34, 35, 36, 37, 38, 39, 40, 41, 42, 43, 44, 45, 46, 47, 48, 201, 202, 203, 204, 205, 206, 207, 208, 209, 210, 211, 212, 213, 214, 215, 216, 355, 356, 357, 358, 359, 360, 361, 429, 430, 431, 432, 433, 434, 435, 515, 516, 517, 518, 519, 520, 521, 522, 523, 524, 525, 526, 527, 672, 673, 674, 675, 676, 677, 678, 679, 680, 681, 682, 683, 684, 810, 811, 812, 813, 814, 881, 882, 883, 884, 885, 886]","[32, 33, 34, 35, 36, 37, 38, 39, 40, 41, 42, 43, 44, 45, 46, 47, 48, 201, 202, 203, 204, 205, 206, 207, 208, 209, 210, 211, 212, 213, 214, 215, 216, 355, 356, 357, 358, 359, 360, 361, 429, 430, 431, 432, 433, 434, 435, 515, 516, 517, 518, 519, 520, 521, 522, 523, 524, 525, 526, 527, 672, 673, 674, 675, 676, 677, 678, 679, 680, 681, 682, 683, 684, 810, 811, 812, 813, 814, 881, 882, 883, 884, 885, 886]","[515, 516, 517, 917, 518, 519, 520, 521, 918, 522, 523, 524, 525, 919, 526, 527, 920, 921, 922, 32, 33, 34, 35, 923, 36, 37, 38, 39, 924, 40, 41, 42, 43, 44, 45, 46, 47, 48, 926, 927, 928, 929, 930, 931, 932, 933, 934, 935, 620, 650, 149, 672, 673, 674, 675, 676, 677, 678, 679, 680, 681, 682, 683, 684, 179, 201, 202, 203, 204, 205, 206, 207, 208, 209, 210, 211, 212, 213, 214, 215, 216, 219, 355, 356, 357, 358, 359, 360, 361, 810, 811, 812, 813, 814, 848, 849, 850, 851, 852, 853, 854, 855, 856, 857, 858, 859, 860, 861, 862, 863, 864, 865, 866, 867, 868, 869, 870, 871, 872, 873, 874, 875, 876, 877, 878, 879, 880, 881, 882, 883, 884, 885, 886, 887, 888, 889, 890, 891, 892, 893, 894, 895, 896, 897, 898, 899, 900, 901, 902, 903, 904, 905, 906, 907, 908, 909, 398, 399, 400, 913, 914, 403, 916, 401, 402, 404, 405, 406, 407, 408, 409, 925, 410, 411, 412, 413, 414, 415, 416, 417, 418, 419, 420, 421, 422, 423, 424, 425, 426, 427, 432, 428, 429, 430, 431, 433, 434, 435, 436, 437, 438, 439, 440, 441, 442, 443, 444, 445, 446, 447, 448, 449, 450, 451, 452, 453, 454, 455, 456, 457, 458, 459, 460, 461, 466, 467, 462, 469, 463, 464, 465, 468, 470, 471, 476, 472, 473, 474, 475, 477, 478, 479, 480, 481, 482, 483, 484, 910, 911, 912, 915]",True,"[432, 466, 467, 469, 476, 884, 913, 914, 916, 925]","[398, 399, 400, 401, 402, 403, 404, 405, 406, 407, 408, 409, 410, 411, 412, 413, 414, 415, 416, 417, 418, 419, 420, 421, 422, 423, 424, 425, 426, 427, 428, 429, 430, 431, 432, 433, 434, 435, 436, 437, 438, 439, 440, 441, 442, 443, 444, 445, 446, 447, 448, 449, 450, 451, 452, 453, 454, 455, 456, 457, 458, 459, 460, 461, 462, 463, 464, 465, 466, 467, 468, 469, 470, 471, 472, 473, 474, 475, 476, 477, 478, 479, 480, 481, 482, 483, 484, 848, 849, 850, 851, 852, 853, 854, 855, 856, 857, 858, 859, 860, 861, 862, 863, 864, 865, 866, 867, 868, 869, 870, 871, 872, 873, 874, 875, 876, 877, 878, 879, 880, 881, 882, 883, 884, 885, 886, 887, 888, 889, 890, 891, 892, 893, 894, 895, 896, 897, 898, 899, 900, 901, 902, 903, 904, 905, 906, 907, 908, 909, 910, 911, 912, 913, 914, 915, 916, 917, 918, 919, 920, 921, 922, 923, 924, 925, 926, 927, 928, 929, 930, 931, 932, 933, 934, 935]","[432, 466, 467, 469, 476, 884, 913, 914, 916, 925]","[149, 432, 466, 469, 476, 620, 884, 913, 916, 925]","[179, 219, 399, 421, 432, 434, 462, 466, 469, 476, 479, 650, 848, 873, 884, 886, 909, 913, 916, 925, 930]","[32, 33, 34, 35, 36, 37, 38, 39, 40, 41, 42, 43, 44, 45, 46, 47, 48, 201, 202, 203, 204, 205, 206, 207, 208, 209, 210, 211, 212, 213, 214, 215, 216, 355, 356, 357, 358, 359, 360, 361, 429, 430, 431, 432, 433, 434, 435, 515, 516, 517, 518, 519, 520, 521, 522, 523, 524, 525, 526, 527, 672, 673, 674, 675, 676, 677, 678, 679, 680, 681, 682, 683, 684, 810, 811, 812, 813, 814, 881, 882, 883, 884, 885, 886]","[34, 35, 36, 37, 38, 39, 40, 41, 42, 43, 44, 45, 46, 47, 48, 201, 202, 203, 204, 205, 206, 207, 208, 209, 210, 211, 212, 213, 214, 215, 216, 355, 356, 357, 358, 359, 360, 361, 429, 430, 431, 432, 433, 434, 435, 515, 516, 517, 518, 519, 520, 521, 522, 523, 524, 525, 526, 527, 672, 673, 674, 675, 676, 677, 678, 679, 680, 681, 682, 683, 684, 810, 811, 812, 813, 814, 881, 882, 883, 884, 885, 886]",7/6 successful match,True,"[627, 628]",True,517,False,,,,,
Scipio ( 84656 ) Eagles Landing ( Flying J # 510 ),3 435-758-2345 I-15 Exit 188,24 M,Scipio,84656,Eagles Landing ( Flying J # 510 ),435-758-2345,2014,Scipio,UT,Flying J,,I-15 Exit 188,Exit,188,False,,False,I-15,,,,,"[864, 413]","[413, 864]","[413, 864]","[413, 864]","[398, 399, 400, 401, 402, 403, 404, 405, 406, 407, 408, 409, 410, 411, 412, 413, 414, 415, 416, 417, 418, 419, 420, 421, 422, 423, 424, 425, 426, 427, 428, 429, 430, 431, 432, 433, 434, 435, 436, 437, 438, 439, 440, 441, 442, 443, 444, 445, 446, 447, 448, 449, 450, 451, 452, 453, 454, 455, 456, 457, 458, 459, 460, 461, 462, 463, 464, 465, 466, 467, 468, 469, 470, 471, 472, 473, 474, 475, 476, 477, 478, 479, 480, 481, 482, 483, 484, 848, 849, 850, 851, 852, 853, 854, 855, 856, 857, 858, 859, 860, 861, 862, 863, 864, 865, 866, 867, 868, 869, 870, 871, 872, 873, 874, 875, 876, 877, 878, 879, 880, 881, 882, 883, 884, 885, 886, 887, 888, 889, 890, 891, 892, 893, 894, 895, 896, 897, 898, 899, 900, 901, 902, 903, 904, 905, 906, 907, 908, 909, 910, 911, 912, 913, 914, 915, 916, 917, 918, 919, 920, 921, 922, 923, 924, 925, 926, 927, 928, 929, 930, 931, 932, 933, 934, 935]","[16, 125, 156, 163, 168, 184, 205, 222, 229, 253, 258, 265, 313, 317, 336, 340, 341, 356, 363, 365, 366, 367, 370, 375, 388, 391, 394, 396, 402, 410, 411, 412, 413, 415, 416, 417, 418, 419, 425, 429, 431, 433, 435, 437, 440, 441, 442, 443, 451, 452, 456, 457, 458, 460, 461, 464, 471, 473, 474, 475, 481, 482, 501, 596, 628, 635, 655, 675, 693, 716, 720, 725, 771, 775, 793, 796, 797, 811, 817, 818, 820, 825, 838, 841, 844, 846, 851, 857, 861, 862, 863, 864, 866, 867, 868, 870, 871, 877, 881, 883, 885, 888, 891, 892, 893, 898, 899, 904, 905, 907, 908, 911, 918, 920, 921, 922, 923, 924, 926, 931, 933]","[17, 18, 19, 20, 21, 22, 23, 156, 157, 158, 159, 160, 161, 162, 163, 164, 165, 166, 167, 341, 342, 343, 344, 345, 412, 413, 414, 415, 416, 417, 418, 419, 420, 421, 422, 502, 503, 504, 505, 506, 507, 628, 629, 630, 631, 632, 633, 634, 635, 636, 637, 638, 639, 792, 797, 798, 799, 800, 801, 863, 864, 865, 866, 867, 868, 869, 870, 871, 872, 873, 874]","[15, 16, 17, 18, 19, 20, 21, 22, 23, 156, 157, 158, 159, 160, 161, 162, 163, 164, 165, 166, 167, 168, 340, 341, 342, 343, 344, 345, 346, 412, 413, 414, 415, 416, 417, 418, 419, 420, 421, 422, 500, 501, 502, 503, 504, 505, 506, 507, 628, 629, 630, 631, 632, 633, 634, 635, 636, 637, 638, 639, 792, 796, 797, 798, 799, 800, 801, 863, 864, 865, 866, 867, 868, 869, 870, 871, 872, 873, 874]","[916, 917, 918, 15, 919, 16, 17, 18, 19, 920, 20, 21, 22, 23, 921, 922, 923, 388, 924, 925, 926, 927, 928, 929, 930, 931, 932, 596, 933, 934, 935, 391, 628, 629, 630, 631, 632, 633, 634, 635, 636, 125, 637, 638, 639, 655, 336, 156, 157, 158, 159, 160, 161, 162, 163, 675, 164, 165, 166, 168, 167, 340, 341, 693, 184, 342, 394, 343, 344, 345, 716, 205, 346, 720, 725, 375, 222, 229, 396, 253, 356, 258, 771, 775, 265, 792, 793, 796, 797, 798, 799, 800, 801, 363, 811, 365, 817, 366, 818, 820, 367, 313, 825, 317, 370, 838, 841, 844, 846, 848, 849, 850, 851, 852, 853, 854, 855, 856, 857, 858, 859, 860, 861, 862, 863, 864, 865, 866, 867, 868, 869, 870, 871, 872, 873, 874, 875, 876, 877, 878, 879, 880, 881, 882, 883, 884, 885, 886, 887, 888, 889, 890, 891, 892, 893, 894, 895, 896, 897, 898, 899, 900, 901, 902, 903, 904, 905, 906, 907, 908, 909, 398, 399, 400, 401, 402, 403, 404, 405, 406, 407, 408, 409, 410, 411, 412, 413, 414, 415, 416, 417, 418, 419, 420, 421, 422, 423, 424, 425, 426, 427, 428, 429, 430, 431, 432, 433, 434, 435, 436, 437, 438, 439, 440, 441, 442, 443, 444, 445, 446, 447, 448, 449, 450, 451, 452, 453, 454, 455, 456, 457, 458, 459, 460, 461, 462, 463, 464, 465, 466, 467, 468, 469, 470, 471, 472, 473, 474, 475, 476, 477, 478, 479, 480, 481, 482, 483, 484, 910, 503, 911, 912, 913, 500, 501, 502, 914, 504, 505, 506, 507, 915]",True,"[413, 864]","[398, 399, 400, 401, 402, 403, 404, 405, 406, 407, 408, 409, 410, 411, 412, 413, 414, 415, 416, 417, 418, 419, 420, 421, 422, 423, 424, 425, 426, 427, 428, 429, 430, 431, 432, 433, 434, 435, 436, 437, 438, 439, 440, 441, 442, 443, 444, 445, 446, 447, 448, 449, 450, 451, 452, 453, 454, 455, 456, 457, 458, 459, 460, 461, 462, 463, 464, 465, 466, 467, 468, 469, 470, 471, 472, 473, 474, 475, 476, 477, 478, 479, 480, 481, 482, 483, 484, 848, 849, 850, 851, 852, 853, 854, 855, 856, 857, 858, 859, 860, 861, 862, 863, 864, 865, 866, 867, 868, 869, 870, 871, 872, 873, 874, 875, 876, 877, 878, 879, 880, 881, 882, 883, 884, 885, 886, 887, 888, 889, 890, 891, 892, 893, 894, 895, 896, 897, 898, 899, 900, 901, 902, 903, 904, 905, 906, 907, 908, 909, 910, 911, 912, 913, 914, 915, 916, 917, 918, 919, 920, 921, 922, 923, 924, 925, 926, 927, 928, 929, 930, 931, 932, 933, 934, 935]","[413, 864]","[413, 864]","[16, 125, 156, 163, 168, 184, 205, 222, 229, 253, 258, 265, 313, 317, 336, 340, 341, 356, 363, 365, 366, 367, 370, 375, 388, 391, 394, 396, 402, 410, 411, 412, 413, 415, 416, 417, 418, 419, 425, 429, 431, 433, 435, 437, 440, 441, 442, 443, 451, 452, 456, 457, 458, 460, 461, 464, 471, 473, 474, 475, 481, 482, 501, 596, 628, 635, 655, 675, 693, 716, 720, 725, 771, 775, 793, 796, 797, 811, 817, 818, 820, 825, 838, 841, 844, 846, 851, 857, 861, 862, 863, 864, 866, 867, 868, 870, 871, 877, 881, 883, 885, 888, 891, 892, 893, 898, 899, 904, 905, 907, 908, 911, 918, 920, 921, 922, 923, 924, 926, 931, 933]","[15, 16, 17, 18, 19, 20, 21, 22, 23, 156, 157, 158, 159, 160, 161, 162, 163, 164, 165, 166, 167, 168, 340, 341, 342, 343, 344, 345, 346, 412, 413, 414, 415, 416, 417, 418, 419, 420, 421, 422, 500, 501, 502, 503, 504, 505, 506, 507, 628, 629, 630, 631, 632, 633, 634, 635, 636, 637, 638, 639, 792, 796, 797, 798, 799, 800, 801, 863, 864, 865, 866, 867, 868, 869, 870, 871, 872, 873, 874]","[17, 18, 19, 20, 21, 22, 23, 156, 157, 158, 159, 160, 161, 162, 163, 164, 165, 166, 167, 341, 342, 343, 344, 345, 412, 413, 414, 415, 416, 417, 418, 419, 420, 421, 422, 502, 503, 504, 505, 506, 507, 628, 629, 630, 631, 632, 633, 634, 635, 636, 637, 638, 639, 792, 797, 798, 799, 800, 801, 863, 864, 865, 866, 867, 868, 869, 870, 871, 872, 873, 874]",7/6 successful match,True,"[156, 157, 158]",True,518,False,,,,,
F Scipio ( 84656 ) Eagles Landing ( Flying J # 510 ),435-758-2345 I-15 Exit 188 FLYING J,FLYING J 24 M,Scipio,84656,Eagles Landing ( Flying J # 510 ),435-758-2345,2015,Scipio,UT,Flying J,,I-15 Exit 188 FLYING J,Exit,188,False,,False,I-15,,,,,"[864, 413]","[413, 864]","[413, 864]","[413, 864]","[398, 399, 400, 401, 402, 403, 404, 405, 406, 407, 408, 409, 410, 411, 412, 413, 414, 415, 416, 417, 418, 419, 420, 421, 422, 423, 424, 425, 426, 427, 428, 429, 430, 431, 432, 433, 434, 435, 436, 437, 438, 439, 440, 441, 442, 443, 444, 445, 446, 447, 448, 449, 450, 451, 452, 453, 454, 455, 456, 457, 458, 459, 460, 461, 462, 463, 464, 465, 466, 467, 468, 469, 470, 471, 472, 473, 474, 475, 476, 477, 478, 479, 480, 481, 482, 483, 484, 848, 849, 850, 851, 852, 853, 854, 855, 856, 857, 858, 859, 860, 861, 862, 863, 864, 865, 866, 867, 868, 869, 870, 871, 872, 873, 874, 875, 876, 877, 878, 879, 880, 881, 882, 883, 884, 885, 886, 887, 888, 889, 890, 891, 892, 893, 894, 895, 896, 897, 898, 899, 900, 901, 902, 903, 904, 905, 906, 907, 908, 909, 910, 911, 912, 913, 914, 915, 916, 917, 918, 919, 920, 921, 922, 923, 924, 925, 926, 927, 928, 929, 930, 931, 932, 933, 934, 935]","[16, 125, 156, 163, 168, 184, 205, 222, 229, 253, 258, 265, 313, 317, 336, 340, 341, 356, 363, 365, 366, 367, 370, 375, 388, 391, 394, 396, 402, 410, 411, 412, 413, 415, 416, 417, 418, 419, 425, 429, 431, 433, 435, 437, 440, 441, 442, 443, 451, 452, 456, 457, 458, 460, 461, 464, 471, 473, 474, 475, 481, 482, 501, 596, 628, 635, 655, 675, 693, 716, 720, 725, 771, 775, 793, 796, 797, 811, 817, 818, 820, 825, 838, 841, 844, 846, 851, 857, 861, 862, 863, 864, 866, 867, 868, 870, 871, 877, 881, 883, 885, 888, 891, 892, 893, 898, 899, 904, 905, 907, 908, 911, 918, 920, 921, 922, 923, 924, 926, 931, 933]","[17, 18, 19, 20, 21, 22, 23, 156, 157, 158, 159, 160, 161, 162, 163, 164, 165, 166, 167, 341, 342, 343, 344, 345, 412, 413, 414, 415, 416, 417, 418, 419, 420, 421, 422, 502, 503, 504, 505, 506, 507, 628, 629, 630, 631, 632, 633, 634, 635, 636, 637, 638, 639, 792, 797, 798, 799, 800, 801, 863, 864, 865, 866, 867, 868, 869, 870, 871, 872, 873, 874]","[15, 16, 17, 18, 19, 20, 21, 22, 23, 156, 157, 158, 159, 160, 161, 162, 163, 164, 165, 166, 167, 168, 340, 341, 342, 343, 344, 345, 346, 412, 413, 414, 415, 416, 417, 418, 419, 420, 421, 422, 500, 501, 502, 503, 504, 505, 506, 507, 628, 629, 630, 631, 632, 633, 634, 635, 636, 637, 638, 639, 792, 796, 797, 798, 799, 800, 801, 863, 864, 865, 866, 867, 868, 869, 870, 871, 872, 873, 874]","[916, 917, 918, 15, 919, 16, 17, 18, 19, 920, 20, 21, 22, 23, 921, 922, 923, 388, 924, 925, 926, 927, 928, 929, 930, 931, 932, 596, 933, 934, 935, 391, 628, 629, 630, 631, 632, 633, 634, 635, 636, 125, 637, 638, 639, 655, 336, 156, 157, 158, 159, 160, 161, 162, 163, 675, 164, 165, 166, 168, 167, 340, 341, 693, 184, 342, 394, 343, 344, 345, 716, 205, 346, 720, 725, 375, 222, 229, 396, 253, 356, 258, 771, 775, 265, 792, 793, 796, 797, 798, 799, 800, 801, 363, 811, 365, 817, 366, 818, 820, 367, 313, 825, 317, 370, 838, 841, 844, 846, 848, 849, 850, 851, 852, 853, 854, 855, 856, 857, 858, 859, 860, 861, 862, 863, 864, 865, 866, 867, 868, 869, 870, 871, 872, 873, 874, 875, 876, 877, 878, 879, 880, 881, 882, 883, 884, 885, 886, 887, 888, 889, 890, 891, 892, 893, 894, 895, 896, 897, 898, 899, 900, 901, 902, 903, 904, 905, 906, 907, 908, 909, 398, 399, 400, 401, 402, 403, 404, 405, 406, 407, 408, 409, 410, 411, 412, 413, 414, 415, 416, 417, 418, 419, 420, 421, 422, 423, 424, 425, 426, 427, 428, 429, 430, 431, 432, 433, 434, 435, 436, 437, 438, 439, 440, 441, 442, 443, 444, 445, 446, 447, 448, 449, 450, 451, 452, 453, 454, 455, 456, 457, 458, 459, 460, 461, 462, 463, 464, 465, 466, 467, 468, 469, 470, 471, 472, 473, 474, 475, 476, 477, 478, 479, 480, 481, 482, 483, 484, 910, 503, 911, 912, 913, 500, 501, 502, 914, 504, 505, 506, 507, 915]",True,"[413, 864]","[398, 399, 400, 401, 402, 403, 404, 405, 406, 407, 408, 409, 410, 411, 412, 413, 414, 415, 416, 417, 418, 419, 420, 421, 422, 423, 424, 425, 426, 427, 428, 429, 430, 431, 432, 433, 434, 435, 436, 437, 438, 439, 440, 441, 442, 443, 444, 445, 446, 447, 448, 449, 450, 451, 452, 453, 454, 455, 456, 457, 458, 459, 460, 461, 462, 463, 464, 465, 466, 467, 468, 469, 470, 471, 472, 473, 474, 475, 476, 477, 478, 479, 480, 481, 482, 483, 484, 848, 849, 850, 851, 852, 853, 854, 855, 856, 857, 858, 859, 860, 861, 862, 863, 864, 865, 866, 867, 868, 869, 870, 871, 872, 873, 874, 875, 876, 877, 878, 879, 880, 881, 882, 883, 884, 885, 886, 887, 888, 889, 890, 891, 892, 893, 894, 895, 896, 897, 898, 899, 900, 901, 902, 903, 904, 905, 906, 907, 908, 909, 910, 911, 912, 913, 914, 915, 916, 917, 918, 919, 920, 921, 922, 923, 924, 925, 926, 927, 928, 929, 930, 931, 932, 933, 934, 935]","[413, 864]","[413, 864]","[16, 125, 156, 163, 168, 184, 205, 222, 229, 253, 258, 265, 313, 317, 336, 340, 341, 356, 363, 365, 366, 367, 370, 375, 388, 391, 394, 396, 402, 410, 411, 412, 413, 415, 416, 417, 418, 419, 425, 429, 431, 433, 435, 437, 440, 441, 442, 443, 451, 452, 456, 457, 458, 460, 461, 464, 471, 473, 474, 475, 481, 482, 501, 596, 628, 635, 655, 675, 693, 716, 720, 725, 771, 775, 793, 796, 797, 811, 817, 818, 820, 825, 838, 841, 844, 846, 851, 857, 861, 862, 863, 864, 866, 867, 868, 870, 871, 877, 881, 883, 885, 888, 891, 892, 893, 898, 899, 904, 905, 907, 908, 911, 918, 920, 921, 922, 923, 924, 926, 931, 933]","[15, 16, 17, 18, 19, 20, 21, 22, 23, 156, 157, 158, 159, 160, 161, 162, 163, 164, 165, 166, 167, 168, 340, 341, 342, 343, 344, 345, 346, 412, 413, 414, 415, 416, 417, 418, 419, 420, 421, 422, 500, 501, 502, 503, 504, 505, 506, 507, 628, 629, 630, 631, 632, 633, 634, 635, 636, 637, 638, 639, 792, 796, 797, 798, 799, 800, 801, 863, 864, 865, 866, 867, 868, 869, 870, 871, 872, 873, 874]","[17, 18, 19, 20, 21, 22, 23, 156, 157, 158, 159, 160, 161, 162, 163, 164, 165, 166, 167, 341, 342, 343, 344, 345, 412, 413, 414, 415, 416, 417, 418, 419, 420, 421, 422, 502, 503, 504, 505, 506, 507, 628, 629, 630, 631, 632, 633, 634, 635, 636, 637, 638, 639, 792, 797, 798, 799, 800, 801, 863, 864, 865, 866, 867, 868, 869, 870, 871, 872, 873, 874]",7/6 successful match,True,"[156, 157, 158]",True,518,False,,1.0,True,Eagles Landing ( Flying J # 510 ),Flying J
F 801-975-6527 Scipio ( 84656 ) I-80 Eagles Exit Landing 115 ( UT ( Flying 154 S J to # California 510 ) E ),435-758-2345 I-15 Exit 188 FLYING,) FLYING J 24 D M,Scipio,84656,I-80 Eagles Exit Landing 115 ( UT ( Flying 154 S J to # California 510 ) E ),435-758-2345,2016,Scipio,UT,,,I-15 Exit 188 FLYING,Exit,188,False,,False,I-15,,,,,"[864, 413]","[413, 864]","[413, 864]","[413, 864]","[398, 399, 400, 401, 402, 403, 404, 405, 406, 407, 408, 409, 410, 411, 412, 413, 414, 415, 416, 417, 418, 419, 420, 421, 422, 423, 424, 425, 426, 427, 428, 429, 430, 431, 432, 433, 434, 435, 436, 437, 438, 439, 440, 441, 442, 443, 444, 445, 446, 447, 448, 449, 450, 451, 452, 453, 454, 455, 456, 457, 458, 459, 460, 461, 462, 463, 464, 465, 466, 467, 468, 469, 470, 471, 472, 473, 474, 475, 476, 477, 478, 479, 480, 481, 482, 483, 484, 848, 849, 850, 851, 852, 853, 854, 855, 856, 857, 858, 859, 860, 861, 862, 863, 864, 865, 866, 867, 868, 869, 870, 871, 872, 873, 874, 875, 876, 877, 878, 879, 880, 881, 882, 883, 884, 885, 886, 887, 888, 889, 890, 891, 892, 893, 894, 895, 896, 897, 898, 899, 900, 901, 902, 903, 904, 905, 906, 907, 908, 909, 910, 911, 912, 913, 914, 915, 916, 917, 918, 919, 920, 921, 922, 923, 924, 925, 926, 927, 928, 929, 930, 931, 932, 933, 934, 935]","[16, 125, 156, 163, 168, 184, 205, 222, 229, 253, 258, 265, 313, 317, 336, 340, 341, 356, 363, 365, 366, 367, 370, 375, 388, 391, 394, 396, 402, 410, 411, 412, 413, 415, 416, 417, 418, 419, 425, 429, 431, 433, 435, 437, 440, 441, 442, 443, 451, 452, 456, 457, 458, 460, 461, 464, 471, 473, 474, 475, 481, 482, 501, 596, 628, 635, 655, 675, 693, 716, 720, 725, 771, 775, 793, 796, 797, 811, 817, 818, 820, 825, 838, 841, 844, 846, 851, 857, 861, 862, 863, 864, 866, 867, 868, 870, 871, 877, 881, 883, 885, 888, 891, 892, 893, 898, 899, 904, 905, 907, 908, 911, 918, 920, 921, 922, 923, 924, 926, 931, 933]",[],"[15, 16, 17, 18, 19, 20, 21, 22, 23, 156, 157, 158, 159, 160, 161, 162, 163, 164, 165, 166, 167, 168, 249, 287, 340, 341, 342, 343, 344, 345, 346, 412, 413, 414, 415, 416, 417, 418, 419, 420, 421, 422, 500, 501, 502, 503, 504, 505, 506, 507, 628, 629, 630, 631, 632, 633, 634, 635, 636, 637, 638, 639, 712, 746, 792, 796, 797, 798, 799, 800, 801, 863, 864, 865, 866, 867, 868, 869, 870, 871, 872, 873, 874]","[916, 917, 918, 15, 919, 16, 17, 18, 19, 920, 20, 21, 22, 23, 921, 922, 923, 388, 924, 925, 926, 927, 928, 929, 930, 931, 932, 596, 933, 934, 935, 391, 628, 629, 630, 631, 632, 633, 634, 635, 636, 125, 637, 638, 639, 655, 336, 156, 157, 158, 159, 160, 161, 162, 163, 675, 164, 165, 166, 168, 167, 340, 341, 693, 184, 342, 394, 343, 344, 345, 712, 716, 205, 346, 720, 725, 375, 222, 229, 746, 396, 249, 253, 356, 258, 771, 775, 265, 792, 793, 796, 797, 798, 287, 799, 800, 801, 363, 811, 365, 817, 366, 818, 820, 367, 313, 825, 317, 370, 838, 841, 844, 846, 848, 849, 850, 851, 852, 853, 854, 855, 856, 857, 858, 859, 860, 861, 862, 863, 864, 865, 866, 867, 868, 869, 870, 871, 872, 873, 874, 875, 876, 877, 878, 879, 880, 881, 882, 883, 884, 885, 886, 887, 888, 889, 890, 891, 892, 893, 894, 895, 896, 897, 898, 899, 900, 901, 902, 903, 904, 905, 906, 907, 908, 909, 398, 399, 400, 401, 402, 403, 404, 405, 406, 407, 408, 409, 410, 411, 412, 413, 414, 415, 416, 417, 418, 419, 420, 421, 422, 423, 424, 425, 426, 427, 428, 429, 430, 431, 432, 433, 434, 435, 436, 437, 438, 439, 440, 441, 442, 443, 444, 445, 446, 447, 448, 449, 450, 451, 452, 453, 454, 455, 456, 457, 458, 459, 460, 461, 462, 463, 464, 465, 466, 467, 468, 469, 470, 471, 472, 473, 474, 475, 476, 477, 478, 479, 480, 481, 482, 483, 484, 910, 503, 911, 912, 913, 500, 501, 502, 914, 504, 505, 506, 507, 915]",True,"[413, 864]","[398, 399, 400, 401, 402, 403, 404, 405, 406, 407, 408, 409, 410, 411, 412, 413, 414, 415, 416, 417, 418, 419, 420, 421, 422, 423, 424, 425, 426, 427, 428, 429, 430, 431, 432, 433, 434, 435, 436, 437, 438, 439, 440, 441, 442, 443, 444, 445, 446, 447, 448, 449, 450, 451, 452, 453, 454, 455, 456, 457, 458, 459, 460, 461, 462, 463, 464, 465, 466, 467, 468, 469, 470, 471, 472, 473, 474, 475, 476, 477, 478, 479, 480, 481, 482, 483, 484, 848, 849, 850, 851, 852, 853, 854, 855, 856, 857, 858, 859, 860, 861, 862, 863, 864, 865, 866, 867, 868, 869, 870, 871, 872, 873, 874, 875, 876, 877, 878, 879, 880, 881, 882, 883, 884, 885, 886, 887, 888, 889, 890, 891, 892, 893, 894, 895, 896, 897, 898, 899, 900, 901, 902, 903, 904, 905, 906, 907, 908, 909, 910, 911, 912, 913, 914, 915, 916, 917, 918, 919, 920, 921, 922, 923, 924, 925, 926, 927, 928, 929, 930, 931, 932, 933, 934, 935]","[413, 864]","[413, 864]","[16, 125, 156, 163, 168, 184, 205, 222, 229, 253, 258, 265, 313, 317, 336, 340, 341, 356, 363, 365, 366, 367, 370, 375, 388, 391, 394, 396, 402, 410, 411, 412, 413, 415, 416, 417, 418, 419, 425, 429, 431, 433, 435, 437, 440, 441, 442, 443, 451, 452, 456, 457, 458, 460, 461, 464, 471, 473, 474, 475, 481, 482, 501, 596, 628, 635, 655, 675, 693, 716, 720, 725, 771, 775, 793, 796, 797, 811, 817, 818, 820, 825, 838, 841, 844, 846, 851, 857, 861, 862, 863, 864, 866, 867, 868, 870, 871, 877, 881, 883, 885, 888, 891, 892, 893, 898, 899, 904, 905, 907, 908, 911, 918, 920, 921, 922, 923, 924, 926, 931, 933]","[15, 16, 17, 18, 19, 20, 21, 22, 23, 156, 157, 158, 159, 160, 161, 162, 163, 164, 165, 166, 167, 168, 249, 287, 340, 341, 342, 343, 344, 345, 346, 412, 413, 414, 415, 416, 417, 418, 419, 420, 421, 422, 500, 501, 502, 503, 504, 505, 506, 507, 628, 629, 630, 631, 632, 633, 634, 635, 636, 637, 638, 639, 712, 746, 792, 796, 797, 798, 799, 800, 801, 863, 864, 865, 866, 867, 868, 869, 870, 871, 872, 873, 874]",[],7/6 successful match,True,"[156, 157, 158]",True,518,False,,0.881651376146789,True,Eagles Landing ( Flying J # 510 ),Flying J
E Springville ( 84663 ) Love's Travel Stop # 518,4 801-489-8746 I-15 Exit 260,24 MO,Springville,84663,Love's Travel Stop # 518,801-489-8746,2015,Springville,UT,Love's,,I-15 Exit 260,Exit,260,False,,False,I-15,,,,,"[883, 431]","[418, 431, 870, 883]","[418, 431, 870, 883]","[431, 883]","[398, 399, 400, 401, 402, 403, 404, 405, 406, 407, 408, 409, 410, 411, 412, 413, 414, 415, 416, 417, 418, 419, 420, 421, 422, 423, 424, 425, 426, 427, 428, 429, 430, 431, 432, 433, 434, 435, 436, 437, 438, 439, 440, 441, 442, 443, 444, 445, 446, 447, 448, 449, 450, 451, 452, 453, 454, 455, 456, 457, 458, 459, 460, 461, 462, 463, 464, 465, 466, 467, 468, 469, 470, 471, 472, 473, 474, 475, 476, 477, 478, 479, 480, 481, 482, 483, 484, 848, 849, 850, 851, 852, 853, 854, 855, 856, 857, 858, 859, 860, 861, 862, 863, 864, 865, 866, 867, 868, 869, 870, 871, 872, 873, 874, 875, 876, 877, 878, 879, 880, 881, 882, 883, 884, 885, 886, 887, 888, 889, 890, 891, 892, 893, 894, 895, 896, 897, 898, 899, 900, 901, 902, 903, 904, 905, 906, 907, 908, 909, 910, 911, 912, 913, 914, 915, 916, 917, 918, 919, 920, 921, 922, 923, 924, 925, 926, 927, 928, 929, 930, 931, 932, 933, 934, 935]","[16, 125, 156, 163, 168, 184, 205, 222, 229, 253, 258, 265, 313, 317, 336, 340, 341, 356, 363, 365, 366, 367, 370, 375, 388, 391, 394, 396, 402, 410, 411, 412, 413, 415, 416, 417, 418, 419, 425, 429, 431, 433, 435, 437, 440, 441, 442, 443, 451, 452, 456, 457, 458, 460, 461, 464, 471, 473, 474, 475, 481, 482, 501, 596, 628, 635, 655, 675, 693, 716, 720, 725, 771, 775, 793, 796, 797, 811, 817, 818, 820, 825, 838, 841, 844, 846, 851, 857, 861, 862, 863, 864, 866, 867, 868, 870, 871, 877, 881, 883, 885, 888, 891, 892, 893, 898, 899, 904, 905, 907, 908, 911, 918, 920, 921, 922, 923, 924, 926, 931, 933]","[34, 35, 36, 37, 38, 39, 40, 41, 42, 43, 44, 45, 46, 47, 48, 201, 202, 203, 204, 205, 206, 207, 208, 209, 210, 211, 212, 213, 214, 215, 216, 355, 356, 357, 358, 359, 360, 361, 429, 430, 431, 432, 433, 434, 435, 515, 516, 517, 518, 519, 520, 521, 522, 523, 524, 525, 526, 527, 672, 673, 674, 675, 676, 677, 678, 679, 680, 681, 682, 683, 684, 810, 811, 812, 813, 814, 881, 882, 883, 884, 885, 886]","[32, 33, 34, 35, 36, 37, 38, 39, 40, 41, 42, 43, 44, 45, 46, 47, 48, 201, 202, 203, 204, 205, 206, 207, 208, 209, 210, 211, 212, 213, 214, 215, 216, 355, 356, 357, 358, 359, 360, 361, 429, 430, 431, 432, 433, 434, 435, 515, 516, 517, 518, 519, 520, 521, 522, 523, 524, 525, 526, 527, 672, 673, 674, 675, 676, 677, 678, 679, 680, 681, 682, 683, 684, 810, 811, 812, 813, 814, 881, 882, 883, 884, 885, 886]","[916, 515, 516, 517, 917, 518, 519, 520, 521, 918, 522, 523, 524, 525, 919, 16, 526, 527, 920, 921, 922, 32, 33, 34, 35, 923, 36, 388, 37, 38, 924, 39, 40, 41, 42, 925, 43, 44, 45, 46, 926, 47, 48, 927, 928, 929, 930, 931, 932, 596, 933, 934, 935, 391, 628, 635, 125, 655, 336, 156, 672, 673, 674, 163, 675, 676, 677, 678, 168, 679, 680, 681, 682, 683, 684, 340, 341, 693, 184, 394, 201, 202, 203, 716, 205, 204, 206, 720, 207, 208, 209, 210, 725, 211, 212, 213, 214, 215, 216, 375, 222, 229, 396, 355, 253, 356, 258, 771, 357, 775, 265, 358, 359, 360, 793, 361, 796, 797, 363, 810, 811, 812, 365, 813, 814, 817, 366, 818, 820, 367, 313, 825, 317, 370, 838, 841, 844, 846, 848, 849, 850, 851, 852, 853, 854, 855, 856, 857, 858, 859, 860, 861, 862, 863, 864, 865, 866, 867, 868, 869, 870, 871, 872, 873, 874, 875, 876, 877, 878, 879, 880, 881, 882, 883, 884, 885, 886, 887, 888, 889, 890, 891, 892, 893, 894, 895, 896, 897, 898, 899, 900, 901, 902, 903, 904, 905, 906, 907, 908, 909, 398, 399, 400, 401, 402, 403, 404, 405, 406, 407, 408, 409, 410, 411, 412, 413, 414, 415, 416, 417, 418, 419, 420, 421, 422, 423, 424, 425, 426, 427, 428, 429, 430, 431, 432, 433, 434, 435, 436, 437, 438, 439, 440, 441, 442, 443, 444, 445, 446, 447, 448, 449, 450, 451, 452, 453, 454, 455, 456, 457, 458, 459, 460, 461, 462, 463, 464, 465, 466, 467, 468, 469, 470, 471, 472, 473, 474, 475, 476, 477, 478, 479, 480, 481, 482, 483, 484, 910, 911, 912, 913, 501, 914, 915]",True,"[418, 431, 870, 883]","[398, 399, 400, 401, 402, 403, 404, 405, 406, 407, 408, 409, 410, 411, 412, 413, 414, 415, 416, 417, 418, 419, 420, 421, 422, 423, 424, 425, 426, 427, 428, 429, 430, 431, 432, 433, 434, 435, 436, 437, 438, 439, 440, 441, 442, 443, 444, 445, 446, 447, 448, 449, 450, 451, 452, 453, 454, 455, 456, 457, 458, 459, 460, 461, 462, 463, 464, 465, 466, 467, 468, 469, 470, 471, 472, 473, 474, 475, 476, 477, 478, 479, 480, 481, 482, 483, 484, 848, 849, 850, 851, 852, 853, 854, 855, 856, 857, 858, 859, 860, 861, 862, 863, 864, 865, 866, 867, 868, 869, 870, 871, 872, 873, 874, 875, 876, 877, 878, 879, 880, 881, 882, 883, 884, 885, 886, 887, 888, 889, 890, 891, 892, 893, 894, 895, 896, 897, 898, 899, 900, 901, 902, 903, 904, 905, 906, 907, 908, 909, 910, 911, 912, 913, 914, 915, 916, 917, 918, 919, 920, 921, 922, 923, 924, 925, 926, 927, 928, 929, 930, 931, 932, 933, 934, 935]","[418, 431, 870, 883]","[431, 883]","[16, 125, 156, 163, 168, 184, 205, 222, 229, 253, 258, 265, 313, 317, 336, 340, 341, 356, 363, 365, 366, 367, 370, 375, 388, 391, 394, 396, 402, 410, 411, 412, 413, 415, 416, 417, 418, 419, 425, 429, 431, 433, 435, 437, 440, 441, 442, 443, 451, 452, 456, 457, 458, 460, 461, 464, 471, 473, 474, 475, 481, 482, 501, 596, 628, 635, 655, 675, 693, 716, 720, 725, 771, 775, 793, 796, 797, 811, 817, 818, 820, 825, 838, 841, 844, 846, 851, 857, 861, 862, 863, 864, 866, 867, 868, 870, 871, 877, 881, 883, 885, 888, 891, 892, 893, 898, 899, 904, 905, 907, 908, 911, 918, 920, 921, 922, 923, 924, 926, 931, 933]","[32, 33, 34, 35, 36, 37, 38, 39, 40, 41, 42, 43, 44, 45, 46, 47, 48, 201, 202, 203, 204, 205, 206, 207, 208, 209, 210, 211, 212, 213, 214, 215, 216, 355, 356, 357, 358, 359, 360, 361, 429, 430, 431, 432, 433, 434, 435, 515, 516, 517, 518, 519, 520, 521, 522, 523, 524, 525, 526, 527, 672, 673, 674, 675, 676, 677, 678, 679, 680, 681, 682, 683, 684, 810, 811, 812, 813, 814, 881, 882, 883, 884, 885, 886]","[34, 35, 36, 37, 38, 39, 40, 41, 42, 43, 44, 45, 46, 47, 48, 201, 202, 203, 204, 205, 206, 207, 208, 209, 210, 211, 212, 213, 214, 215, 216, 355, 356, 357, 358, 359, 360, 361, 429, 430, 431, 432, 433, 434, 435, 515, 516, 517, 518, 519, 520, 521, 522, 523, 524, 525, 526, 527, 672, 673, 674, 675, 676, 677, 678, 679, 680, 681, 682, 683, 684, 810, 811, 812, 813, 814, 881, 882, 883, 884, 885, 886]",7/6 successful match,True,"[489, 490]",True,519,False,,,,,
Springville ( 84663 ) Love's Travel Stop # 518,801-489-8746 I-15 Exit 260,24 MO 024 0,Springville,84663,Love's Travel Stop # 518,801-489-8746,2016,Springville,UT,Love's,,I-15 Exit 260,Exit,260,False,,False,I-15,,,,,"[883, 431]","[418, 431, 870, 883]","[418, 431, 870, 883]","[431, 883]","[398, 399, 400, 401, 402, 403, 404, 405, 406, 407, 408, 409, 410, 411, 412, 413, 414, 415, 416, 417, 418, 419, 420, 421, 422, 423, 424, 425, 426, 427, 428, 429, 430, 431, 432, 433, 434, 435, 436, 437, 438, 439, 440, 441, 442, 443, 444, 445, 446, 447, 448, 449, 450, 451, 452, 453, 454, 455, 456, 457, 458, 459, 460, 461, 462, 463, 464, 465, 466, 467, 468, 469, 470, 471, 472, 473, 474, 475, 476, 477, 478, 479, 480, 481, 482, 483, 484, 848, 849, 850, 851, 852, 853, 854, 855, 856, 857, 858, 859, 860, 861, 862, 863, 864, 865, 866, 867, 868, 869, 870, 871, 872, 873, 874, 875, 876, 877, 878, 879, 880, 881, 882, 883, 884, 885, 886, 887, 888, 889, 890, 891, 892, 893, 894, 895, 896, 897, 898, 899, 900, 901, 902, 903, 904, 905, 906, 907, 908, 909, 910, 911, 912, 913, 914, 915, 916, 917, 918, 919, 920, 921, 922, 923, 924, 925, 926, 927, 928, 929, 930, 931, 932, 933, 934, 935]","[16, 125, 156, 163, 168, 184, 205, 222, 229, 253, 258, 265, 313, 317, 336, 340, 341, 356, 363, 365, 366, 367, 370, 375, 388, 391, 394, 396, 402, 410, 411, 412, 413, 415, 416, 417, 418, 419, 425, 429, 431, 433, 435, 437, 440, 441, 442, 443, 451, 452, 456, 457, 458, 460, 461, 464, 471, 473, 474, 475, 481, 482, 501, 596, 628, 635, 655, 675, 693, 716, 720, 725, 771, 775, 793, 796, 797, 811, 817, 818, 820, 825, 838, 841, 844, 846, 851, 857, 861, 862, 863, 864, 866, 867, 868, 870, 871, 877, 881, 883, 885, 888, 891, 892, 893, 898, 899, 904, 905, 907, 908, 911, 918, 920, 921, 922, 923, 924, 926, 931, 933]","[34, 35, 36, 37, 38, 39, 40, 41, 42, 43, 44, 45, 46, 47, 48, 201, 202, 203, 204, 205, 206, 207, 208, 209, 210, 211, 212, 213, 214, 215, 216, 355, 356, 357, 358, 359, 360, 361, 429, 430, 431, 432, 433, 434, 435, 515, 516, 517, 518, 519, 520, 521, 522, 523, 524, 525, 526, 527, 672, 673, 674, 675, 676, 677, 678, 679, 680, 681, 682, 683, 684, 810, 811, 812, 813, 814, 881, 882, 883, 884, 885, 886]","[32, 33, 34, 35, 36, 37, 38, 39, 40, 41, 42, 43, 44, 45, 46, 47, 48, 201, 202, 203, 204, 205, 206, 207, 208, 209, 210, 211, 212, 213, 214, 215, 216, 355, 356, 357, 358, 359, 360, 361, 429, 430, 431, 432, 433, 434, 435, 515, 516, 517, 518, 519, 520, 521, 522, 523, 524, 525, 526, 527, 672, 673, 674, 675, 676, 677, 678, 679, 680, 681, 682, 683, 684, 810, 811, 812, 813, 814, 881, 882, 883, 884, 885, 886]","[916, 515, 516, 517, 917, 518, 519, 520, 521, 918, 522, 523, 524, 525, 919, 16, 526, 527, 920, 921, 922, 32, 33, 34, 35, 923, 36, 388, 37, 38, 924, 39, 40, 41, 42, 925, 43, 44, 45, 46, 926, 47, 48, 927, 928, 929, 930, 931, 932, 596, 933, 934, 935, 391, 628, 635, 125, 655, 336, 156, 672, 673, 674, 163, 675, 676, 677, 678, 168, 679, 680, 681, 682, 683, 684, 340, 341, 693, 184, 394, 201, 202, 203, 716, 205, 204, 206, 720, 207, 208, 209, 210, 725, 211, 212, 213, 214, 215, 216, 375, 222, 229, 396, 355, 253, 356, 258, 771, 357, 775, 265, 358, 359, 360, 793, 361, 796, 797, 363, 810, 811, 812, 365, 813, 814, 817, 366, 818, 820, 367, 313, 825, 317, 370, 838, 841, 844, 846, 848, 849, 850, 851, 852, 853, 854, 855, 856, 857, 858, 859, 860, 861, 862, 863, 864, 865, 866, 867, 868, 869, 870, 871, 872, 873, 874, 875, 876, 877, 878, 879, 880, 881, 882, 883, 884, 885, 886, 887, 888, 889, 890, 891, 892, 893, 894, 895, 896, 897, 898, 899, 900, 901, 902, 903, 904, 905, 906, 907, 908, 909, 398, 399, 400, 401, 402, 403, 404, 405, 406, 407, 408, 409, 410, 411, 412, 413, 414, 415, 416, 417, 418, 419, 420, 421, 422, 423, 424, 425, 426, 427, 428, 429, 430, 431, 432, 433, 434, 435, 436, 437, 438, 439, 440, 441, 442, 443, 444, 445, 446, 447, 448, 449, 450, 451, 452, 453, 454, 455, 456, 457, 458, 459, 460, 461, 462, 463, 464, 465, 466, 467, 468, 469, 470, 471, 472, 473, 474, 475, 476, 477, 478, 479, 480, 481, 482, 483, 484, 910, 911, 912, 913, 501, 914, 915]",True,"[418, 431, 870, 883]","[398, 399, 400, 401, 402, 403, 404, 405, 406, 407, 408, 409, 410, 411, 412, 413, 414, 415, 416, 417, 418, 419, 420, 421, 422, 423, 424, 425, 426, 427, 428, 429, 430, 431, 432, 433, 434, 435, 436, 437, 438, 439, 440, 441, 442, 443, 444, 445, 446, 447, 448, 449, 450, 451, 452, 453, 454, 455, 456, 457, 458, 459, 460, 461, 462, 463, 464, 465, 466, 467, 468, 469, 470, 471, 472, 473, 474, 475, 476, 477, 478, 479, 480, 481, 482, 483, 484, 848, 849, 850, 851, 852, 853, 854, 855, 856, 857, 858, 859, 860, 861, 862, 863, 864, 865, 866, 867, 868, 869, 870, 871, 872, 873, 874, 875, 876, 877, 878, 879, 880, 881, 882, 883, 884, 885, 886, 887, 888, 889, 890, 891, 892, 893, 894, 895, 896, 897, 898, 899, 900, 901, 902, 903, 904, 905, 906, 907, 908, 909, 910, 911, 912, 913, 914, 915, 916, 917, 918, 919, 920, 921, 922, 923, 924, 925, 926, 927, 928, 929, 930, 931, 932, 933, 934, 935]","[418, 431, 870, 883]","[431, 883]","[16, 125, 156, 163, 168, 184, 205, 222, 229, 253, 258, 265, 313, 317, 336, 340, 341, 356, 363, 365, 366, 367, 370, 375, 388, 391, 394, 396, 402, 410, 411, 412, 413, 415, 416, 417, 418, 419, 425, 429, 431, 433, 435, 437, 440, 441, 442, 443, 451, 452, 456, 457, 458, 460, 461, 464, 471, 473, 474, 475, 481, 482, 501, 596, 628, 635, 655, 675, 693, 716, 720, 725, 771, 775, 793, 796, 797, 811, 817, 818, 820, 825, 838, 841, 844, 846, 851, 857, 861, 862, 863, 864, 866, 867, 868, 870, 871, 877, 881, 883, 885, 888, 891, 892, 893, 898, 899, 904, 905, 907, 908, 911, 918, 920, 921, 922, 923, 924, 926, 931, 933]","[32, 33, 34, 35, 36, 37, 38, 39, 40, 41, 42, 43, 44, 45, 46, 47, 48, 201, 202, 203, 204, 205, 206, 207, 208, 209, 210, 211, 212, 213, 214, 215, 216, 355, 356, 357, 358, 359, 360, 361, 429, 430, 431, 432, 433, 434, 435, 515, 516, 517, 518, 519, 520, 521, 522, 523, 524, 525, 526, 527, 672, 673, 674, 675, 676, 677, 678, 679, 680, 681, 682, 683, 684, 810, 811, 812, 813, 814, 881, 882, 883, 884, 885, 886]","[34, 35, 36, 37, 38, 39, 40, 41, 42, 43, 44, 45, 46, 47, 48, 201, 202, 203, 204, 205, 206, 207, 208, 209, 210, 211, 212, 213, 214, 215, 216, 355, 356, 357, 358, 359, 360, 361, 429, 430, 431, 432, 433, 434, 435, 515, 516, 517, 518, 519, 520, 521, 522, 523, 524, 525, 526, 527, 672, 673, 674, 675, 676, 677, 678, 679, 680, 681, 682, 683, 684, 810, 811, 812, 813, 814, 881, 882, 883, 884, 885, 886]",7/6 successful match,True,"[489, 490]",True,519,False,,1.0,True,Love's Travel Stop # 518,Love's
"Beaver , 84713 High Country Chevron",435-438-5306 I-15 Exit 112 ( 1 blk E ),,Beaver,84713,High Country Chevron,435-438-5306,2006,Beaver,UT,Chevron,( 1 blk E ),I-15 Exit 112 ,Exit,112,False,,False,I-15,,,,,[],"[410, 412, 457, 861, 863]","[410, 412, 457, 861, 863]","[239, 410, 412, 703, 861, 863]","[398, 399, 400, 401, 402, 403, 404, 405, 406, 407, 408, 409, 410, 411, 412, 413, 414, 415, 416, 417, 418, 419, 420, 421, 422, 423, 424, 425, 426, 427, 428, 429, 430, 431, 432, 433, 434, 435, 436, 437, 438, 439, 440, 441, 442, 443, 444, 445, 446, 447, 448, 449, 450, 451, 452, 453, 454, 455, 456, 457, 458, 459, 460, 461, 462, 463, 464, 465, 466, 467, 468, 469, 470, 471, 472, 473, 474, 475, 476, 477, 478, 479, 480, 481, 482, 483, 484, 848, 849, 850, 851, 852, 853, 854, 855, 856, 857, 858, 859, 860, 861, 862, 863, 864, 865, 866, 867, 868, 869, 870, 871, 872, 873, 874, 875, 876, 877, 878, 879, 880, 881, 882, 883, 884, 885, 886, 887, 888, 889, 890, 891, 892, 893, 894, 895, 896, 897, 898, 899, 900, 901, 902, 903, 904, 905, 906, 907, 908, 909, 910, 911, 912, 913, 914, 915, 916, 917, 918, 919, 920, 921, 922, 923, 924, 925, 926, 927, 928, 929, 930, 931, 932, 933, 934, 935]","[16, 125, 156, 163, 168, 184, 205, 222, 229, 253, 258, 265, 313, 317, 336, 340, 341, 356, 363, 365, 366, 367, 370, 375, 388, 391, 394, 396, 402, 410, 411, 412, 413, 415, 416, 417, 418, 419, 425, 429, 431, 433, 435, 437, 440, 441, 442, 443, 451, 452, 456, 457, 458, 460, 461, 464, 471, 473, 474, 475, 481, 482, 501, 596, 628, 635, 655, 675, 693, 716, 720, 725, 771, 775, 793, 796, 797, 811, 817, 818, 820, 825, 838, 841, 844, 846, 851, 857, 861, 862, 863, 864, 866, 867, 868, 870, 871, 877, 881, 883, 885, 888, 891, 892, 893, 898, 899, 904, 905, 907, 908, 911, 918, 920, 921, 922, 923, 924, 926, 931, 933]","[12, 24, 25, 28, 88, 100, 104, 119, 123, 129, 136, 137, 139, 140, 141, 148, 155, 169, 172, 179, 183, 185, 188, 196, 198, 217, 237, 267, 270, 278, 319, 321, 324, 325, 330, 334, 335, 354, 366, 369, 380, 383, 384, 386, 395, 407, 411, 423, 428, 436, 437, 452, 453, 456, 467, 471, 477, 478, 479, 497, 508, 511, 559, 571, 575, 590, 594, 600, 607, 608, 610, 611, 612, 619, 627, 640, 643, 650, 654, 656, 659, 667, 669, 685, 701, 726, 729, 737, 777, 779, 782, 783, 787, 790, 791, 809, 817, 819, 830, 833, 834, 836, 845, 856, 857, 860, 862, 875, 880, 887, 888, 899, 900, 914, 918, 921, 928, 929, 930]","[12, 24, 25, 28, 88, 100, 104, 119, 123, 129, 136, 137, 139, 140, 141, 148, 155, 169, 172, 179, 183, 184, 185, 188, 196, 198, 217, 232, 237, 267, 270, 278, 319, 321, 324, 325, 330, 334, 335, 354, 366, 369, 380, 383, 384, 386, 395, 407, 411, 423, 428, 436, 437, 452, 453, 456, 467, 471, 477, 478, 479, 497, 508, 511, 559, 571, 575, 590, 594, 600, 607, 608, 610, 611, 612, 619, 627, 640, 643, 650, 654, 655, 656, 659, 667, 669, 685, 696, 701, 726, 729, 737, 777, 779, 782, 783, 787, 790, 791, 809, 817, 819, 830, 833, 834, 836, 845, 856, 857, 860, 862, 875, 880, 887, 888, 899, 900, 914, 918, 921, 928, 929, 930]","[12, 16, 24, 25, 28, 88, 100, 104, 119, 123, 125, 129, 136, 137, 139, 140, 141, 148, 155, 156, 163, 168, 169, 172, 179, 183, 184, 185, 188, 196, 198, 205, 217, 222, 229, 232, 237, 239, 253, 258, 265, 267, 270, 278, 313, 317, 319, 321, 324, 325, 330, 334, 335, 336, 340, 341, 354, 356, 363, 365, 366, 367, 369, 370, 375, 380, 383, 384, 386, 388, 391, 394, 395, 396, 398, 399, 400, 401, 402, 403, 404, 405, 406, 407, 408, 409, 410, 411, 412, 413, 414, 415, 416, 417, 418, 419, 420, 421, 422, 423, 424, 425, 426, 427, 428, 429, 430, 431, 432, 433, 434, 435, 436, 437, 438, 439, 440, 441, 442, 443, 444, 445, 446, 447, 448, 449, 450, 451, 452, 453, 454, 455, 456, 457, 458, 459, 460, 461, 462, 463, 464, 465, 466, 467, 468, 469, 470, 471, 472, 473, 474, 475, 476, 477, 478, 479, 480, 481, 482, 483, 484, 497, 501, 508, 511, 559, 571, 575, 590, 594, 596, 600, 607, 608, 610, 611, 612, 619, 627, 628, 635, 640, 643, 650, 654, 655, 656, 659, 667, 669, 675, 685, 693, 696, 701, 703, 716, 720, 725, 726, 729, 737, 771, 775, 777, 779, 782, 783, 787, 790, 791, 793, 796, 797, 809, 811, 817, 818, 819, 820, 825, 830, 833, 834, 836, 838, 841, 844, 845, 846, 848, 849, 850, 851, 852, 853, 854, 855, 856, 857, 858, 859, 860, 861, 862, 863, 864, 865, 866, 867, 868, 869, 870, 871, 872, 873, 874, 875, 876, 877, 878, 879, 880, 881, 882, 883, 884, 885, 886, 887, 888, 889, 890, 891, 892, 893, 894, 895, 896, 897, 898, 899, 900, 901, 902, 903, 904, 905, 906, 907, 908, 909, 910, 911, 912, 913, 914, 915, 916, 917, 918, 919, 920, 921, 922, 923, 924, 925, 926, 927, 928, 929, 930, 931, 932, 933, 934, 935]",False,"[410, 412, 457, 861, 863]","[398, 399, 400, 401, 402, 403, 404, 405, 406, 407, 408, 409, 410, 411, 412, 413, 414, 415, 416, 417, 418, 419, 420, 421, 422, 423, 424, 425, 426, 427, 428, 429, 430, 431, 432, 433, 434, 435, 436, 437, 438, 439, 440, 441, 442, 443, 444, 445, 446, 447, 448, 449, 450, 451, 452, 453, 454, 455, 456, 457, 458, 459, 460, 461, 462, 463, 464, 465, 466, 467, 468, 469, 470, 471, 472, 473, 474, 475, 476, 477, 478, 479, 480, 481, 482, 483, 484, 848, 849, 850, 851, 852, 853, 854, 855, 856, 857, 858, 859, 860, 861, 862, 863, 864, 865, 866, 867, 868, 869, 870, 871, 872, 873, 874, 875, 876, 877, 878, 879, 880, 881, 882, 883, 884, 885, 886, 887, 888, 889, 890, 891, 892, 893, 894, 895, 896, 897, 898, 899, 900, 901, 902, 903, 904, 905, 906, 907, 908, 909, 910, 911, 912, 913, 914, 915, 916, 917, 918, 919, 920, 921, 922, 923, 924, 925, 926, 927, 928, 929, 930, 931, 932, 933, 934, 935]","[410, 412, 457, 861, 863]","[239, 410, 412, 703, 861, 863]","[16, 125, 156, 163, 168, 184, 205, 222, 229, 253, 258, 265, 313, 317, 336, 340, 341, 356, 363, 365, 366, 367, 370, 375, 388, 391, 394, 396, 402, 410, 411, 412, 413, 415, 416, 417, 418, 419, 425, 429, 431, 433, 435, 437, 440, 441, 442, 443, 451, 452, 456, 457, 458, 460, 461, 464, 471, 473, 474, 475, 481, 482, 501, 596, 628, 635, 655, 675, 693, 716, 720, 725, 771, 775, 793, 796, 797, 811, 817, 818, 820, 825, 838, 841, 844, 846, 851, 857, 861, 862, 863, 864, 866, 867, 868, 870, 871, 877, 881, 883, 885, 888, 891, 892, 893, 898, 899, 904, 905, 907, 908, 911, 918, 920, 921, 922, 923, 924, 926, 931, 933]","[12, 24, 25, 28, 88, 100, 104, 119, 123, 129, 136, 137, 139, 140, 141, 148, 155, 169, 172, 179, 183, 184, 185, 188, 196, 198, 217, 232, 237, 267, 270, 278, 319, 321, 324, 325, 330, 334, 335, 354, 366, 369, 380, 383, 384, 386, 395, 407, 411, 423, 428, 436, 437, 452, 453, 456, 467, 471, 477, 478, 479, 497, 508, 511, 559, 571, 575, 590, 594, 600, 607, 608, 610, 611, 612, 619, 627, 640, 643, 650, 654, 655, 656, 659, 667, 669, 685, 696, 701, 726, 729, 737, 777, 779, 782, 783, 787, 790, 791, 809, 817, 819, 830, 833, 834, 836, 845, 856, 857, 860, 862, 875, 880, 887, 888, 899, 900, 914, 918, 921, 928, 929, 930]","[12, 24, 25, 28, 88, 100, 104, 119, 123, 129, 136, 137, 139, 140, 141, 148, 155, 169, 172, 179, 183, 185, 188, 196, 198, 217, 237, 267, 270, 278, 319, 321, 324, 325, 330, 334, 335, 354, 366, 369, 380, 383, 384, 386, 395, 407, 411, 423, 428, 436, 437, 452, 453, 456, 467, 471, 477, 478, 479, 497, 508, 511, 559, 571, 575, 590, 594, 600, 607, 608, 610, 611, 612, 619, 627, 640, 643, 650, 654, 656, 659, 667, 669, 685, 701, 726, 729, 737, 777, 779, 782, 783, 787, 790, 791, 809, 817, 819, 830, 833, 834, 836, 845, 856, 857, 860, 862, 875, 880, 887, 888, 899, 900, 914, 918, 921, 928, 929, 930]",5/6 successful match,False,,False,520,False,,,,,
"B HBeaver , 84713 High Country Chevron",435-438-5306 I-15 Exit 112 ( 1 blk E ),S,Beaver,84713,High Country Chevron,435-438-5306,2007,Beaver,UT,Chevron,( 1 blk E ),I-15 Exit 112 ,Exit,112,False,,False,I-15,,,,,[],"[410, 412, 457, 861, 863]","[410, 412, 457, 861, 863]","[239, 410, 412, 703, 861, 863]","[398, 399, 400, 401, 402, 403, 404, 405, 406, 407, 408, 409, 410, 411, 412, 413, 414, 415, 416, 417, 418, 419, 420, 421, 422, 423, 424, 425, 426, 427, 428, 429, 430, 431, 432, 433, 434, 435, 436, 437, 438, 439, 440, 441, 442, 443, 444, 445, 446, 447, 448, 449, 450, 451, 452, 453, 454, 455, 456, 457, 458, 459, 460, 461, 462, 463, 464, 465, 466, 467, 468, 469, 470, 471, 472, 473, 474, 475, 476, 477, 478, 479, 480, 481, 482, 483, 484, 848, 849, 850, 851, 852, 853, 854, 855, 856, 857, 858, 859, 860, 861, 862, 863, 864, 865, 866, 867, 868, 869, 870, 871, 872, 873, 874, 875, 876, 877, 878, 879, 880, 881, 882, 883, 884, 885, 886, 887, 888, 889, 890, 891, 892, 893, 894, 895, 896, 897, 898, 899, 900, 901, 902, 903, 904, 905, 906, 907, 908, 909, 910, 911, 912, 913, 914, 915, 916, 917, 918, 919, 920, 921, 922, 923, 924, 925, 926, 927, 928, 929, 930, 931, 932, 933, 934, 935]","[16, 125, 156, 163, 168, 184, 205, 222, 229, 253, 258, 265, 313, 317, 336, 340, 341, 356, 363, 365, 366, 367, 370, 375, 388, 391, 394, 396, 402, 410, 411, 412, 413, 415, 416, 417, 418, 419, 425, 429, 431, 433, 435, 437, 440, 441, 442, 443, 451, 452, 456, 457, 458, 460, 461, 464, 471, 473, 474, 475, 481, 482, 501, 596, 628, 635, 655, 675, 693, 716, 720, 725, 771, 775, 793, 796, 797, 811, 817, 818, 820, 825, 838, 841, 844, 846, 851, 857, 861, 862, 863, 864, 866, 867, 868, 870, 871, 877, 881, 883, 885, 888, 891, 892, 893, 898, 899, 904, 905, 907, 908, 911, 918, 920, 921, 922, 923, 924, 926, 931, 933]","[12, 24, 25, 28, 88, 100, 104, 119, 123, 129, 136, 137, 139, 140, 141, 148, 155, 169, 172, 179, 183, 185, 188, 196, 198, 217, 237, 267, 270, 278, 319, 321, 324, 325, 330, 334, 335, 354, 366, 369, 380, 383, 384, 386, 395, 407, 411, 423, 428, 436, 437, 452, 453, 456, 467, 471, 477, 478, 479, 497, 508, 511, 559, 571, 575, 590, 594, 600, 607, 608, 610, 611, 612, 619, 627, 640, 643, 650, 654, 656, 659, 667, 669, 685, 701, 726, 729, 737, 777, 779, 782, 783, 787, 790, 791, 809, 817, 819, 830, 833, 834, 836, 845, 856, 857, 860, 862, 875, 880, 887, 888, 899, 900, 914, 918, 921, 928, 929, 930]","[12, 24, 25, 28, 88, 100, 104, 119, 123, 129, 136, 137, 139, 140, 141, 148, 155, 169, 172, 179, 183, 184, 185, 188, 196, 198, 217, 232, 237, 267, 270, 278, 319, 321, 324, 325, 330, 334, 335, 354, 366, 369, 380, 383, 384, 386, 395, 407, 411, 423, 428, 436, 437, 452, 453, 456, 467, 471, 477, 478, 479, 497, 508, 511, 559, 571, 575, 590, 594, 600, 607, 608, 610, 611, 612, 619, 627, 640, 643, 650, 654, 655, 656, 659, 667, 669, 685, 696, 701, 726, 729, 737, 777, 779, 782, 783, 787, 790, 791, 809, 817, 819, 830, 833, 834, 836, 845, 856, 857, 860, 862, 875, 880, 887, 888, 899, 900, 914, 918, 921, 928, 929, 930]","[12, 16, 24, 25, 28, 88, 100, 104, 119, 123, 125, 129, 136, 137, 139, 140, 141, 148, 155, 156, 163, 168, 169, 172, 179, 183, 184, 185, 188, 196, 198, 205, 217, 222, 229, 232, 237, 239, 253, 258, 265, 267, 270, 278, 313, 317, 319, 321, 324, 325, 330, 334, 335, 336, 340, 341, 354, 356, 363, 365, 366, 367, 369, 370, 375, 380, 383, 384, 386, 388, 391, 394, 395, 396, 398, 399, 400, 401, 402, 403, 404, 405, 406, 407, 408, 409, 410, 411, 412, 413, 414, 415, 416, 417, 418, 419, 420, 421, 422, 423, 424, 425, 426, 427, 428, 429, 430, 431, 432, 433, 434, 435, 436, 437, 438, 439, 440, 441, 442, 443, 444, 445, 446, 447, 448, 449, 450, 451, 452, 453, 454, 455, 456, 457, 458, 459, 460, 461, 462, 463, 464, 465, 466, 467, 468, 469, 470, 471, 472, 473, 474, 475, 476, 477, 478, 479, 480, 481, 482, 483, 484, 497, 501, 508, 511, 559, 571, 575, 590, 594, 596, 600, 607, 608, 610, 611, 612, 619, 627, 628, 635, 640, 643, 650, 654, 655, 656, 659, 667, 669, 675, 685, 693, 696, 701, 703, 716, 720, 725, 726, 729, 737, 771, 775, 777, 779, 782, 783, 787, 790, 791, 793, 796, 797, 809, 811, 817, 818, 819, 820, 825, 830, 833, 834, 836, 838, 841, 844, 845, 846, 848, 849, 850, 851, 852, 853, 854, 855, 856, 857, 858, 859, 860, 861, 862, 863, 864, 865, 866, 867, 868, 869, 870, 871, 872, 873, 874, 875, 876, 877, 878, 879, 880, 881, 882, 883, 884, 885, 886, 887, 888, 889, 890, 891, 892, 893, 894, 895, 896, 897, 898, 899, 900, 901, 902, 903, 904, 905, 906, 907, 908, 909, 910, 911, 912, 913, 914, 915, 916, 917, 918, 919, 920, 921, 922, 923, 924, 925, 926, 927, 928, 929, 930, 931, 932, 933, 934, 935]",False,"[410, 412, 457, 861, 863]","[398, 399, 400, 401, 402, 403, 404, 405, 406, 407, 408, 409, 410, 411, 412, 413, 414, 415, 416, 417, 418, 419, 420, 421, 422, 423, 424, 425, 426, 427, 428, 429, 430, 431, 432, 433, 434, 435, 436, 437, 438, 439, 440, 441, 442, 443, 444, 445, 446, 447, 448, 449, 450, 451, 452, 453, 454, 455, 456, 457, 458, 459, 460, 461, 462, 463, 464, 465, 466, 467, 468, 469, 470, 471, 472, 473, 474, 475, 476, 477, 478, 479, 480, 481, 482, 483, 484, 848, 849, 850, 851, 852, 853, 854, 855, 856, 857, 858, 859, 860, 861, 862, 863, 864, 865, 866, 867, 868, 869, 870, 871, 872, 873, 874, 875, 876, 877, 878, 879, 880, 881, 882, 883, 884, 885, 886, 887, 888, 889, 890, 891, 892, 893, 894, 895, 896, 897, 898, 899, 900, 901, 902, 903, 904, 905, 906, 907, 908, 909, 910, 911, 912, 913, 914, 915, 916, 917, 918, 919, 920, 921, 922, 923, 924, 925, 926, 927, 928, 929, 930, 931, 932, 933, 934, 935]","[410, 412, 457, 861, 863]","[239, 410, 412, 703, 861, 863]","[16, 125, 156, 163, 168, 184, 205, 222, 229, 253, 258, 265, 313, 317, 336, 340, 341, 356, 363, 365, 366, 367, 370, 375, 388, 391, 394, 396, 402, 410, 411, 412, 413, 415, 416, 417, 418, 419, 425, 429, 431, 433, 435, 437, 440, 441, 442, 443, 451, 452, 456, 457, 458, 460, 461, 464, 471, 473, 474, 475, 481, 482, 501, 596, 628, 635, 655, 675, 693, 716, 720, 725, 771, 775, 793, 796, 797, 811, 817, 818, 820, 825, 838, 841, 844, 846, 851, 857, 861, 862, 863, 864, 866, 867, 868, 870, 871, 877, 881, 883, 885, 888, 891, 892, 893, 898, 899, 904, 905, 907, 908, 911, 918, 920, 921, 922, 923, 924, 926, 931, 933]","[12, 24, 25, 28, 88, 100, 104, 119, 123, 129, 136, 137, 139, 140, 141, 148, 155, 169, 172, 179, 183, 184, 185, 188, 196, 198, 217, 232, 237, 267, 270, 278, 319, 321, 324, 325, 330, 334, 335, 354, 366, 369, 380, 383, 384, 386, 395, 407, 411, 423, 428, 436, 437, 452, 453, 456, 467, 471, 477, 478, 479, 497, 508, 511, 559, 571, 575, 590, 594, 600, 607, 608, 610, 611, 612, 619, 627, 640, 643, 650, 654, 655, 656, 659, 667, 669, 685, 696, 701, 726, 729, 737, 777, 779, 782, 783, 787, 790, 791, 809, 817, 819, 830, 833, 834, 836, 845, 856, 857, 860, 862, 875, 880, 887, 888, 899, 900, 914, 918, 921, 928, 929, 930]","[12, 24, 25, 28, 88, 100, 104, 119, 123, 129, 136, 137, 139, 140, 141, 148, 155, 169, 172, 179, 183, 185, 188, 196, 198, 217, 237, 267, 270, 278, 319, 321, 324, 325, 330, 334, 335, 354, 366, 369, 380, 383, 384, 386, 395, 407, 411, 423, 428, 436, 437, 452, 453, 456, 467, 471, 477, 478, 479, 497, 508, 511, 559, 571, 575, 590, 594, 600, 607, 608, 610, 611, 612, 619, 627, 640, 643, 650, 654, 656, 659, 667, 669, 685, 701, 726, 729, 737, 777, 779, 782, 783, 787, 790, 791, 809, 817, 819, 830, 833, 834, 836, 845, 856, 857, 860, 862, 875, 880, 887, 888, 899, 900, 914, 918, 921, 928, 929, 930]",5/6 successful match,False,,False,520,False,,1.0,True,High Country Chevron,Chevron
"Beaver , 84713 High Country Shell",3 435-438-5306 I-15 Exit 112 ( 1 blk E ),S 0 <U+2610> <U+2610>,Beaver,84713,High Country Shell,435-438-5306,2008,Beaver,UT,Shell,( 1 blk E ),I-15 Exit 112 ,Exit,112,False,,False,I-15,,,,,[],"[410, 412, 457, 861, 863]","[410, 412, 457, 861, 863]","[239, 410, 412, 703, 861, 863]","[398, 399, 400, 401, 402, 403, 404, 405, 406, 407, 408, 409, 410, 411, 412, 413, 414, 415, 416, 417, 418, 419, 420, 421, 422, 423, 424, 425, 426, 427, 428, 429, 430, 431, 432, 433, 434, 435, 436, 437, 438, 439, 440, 441, 442, 443, 444, 445, 446, 447, 448, 449, 450, 451, 452, 453, 454, 455, 456, 457, 458, 459, 460, 461, 462, 463, 464, 465, 466, 467, 468, 469, 470, 471, 472, 473, 474, 475, 476, 477, 478, 479, 480, 481, 482, 483, 484, 848, 849, 850, 851, 852, 853, 854, 855, 856, 857, 858, 859, 860, 861, 862, 863, 864, 865, 866, 867, 868, 869, 870, 871, 872, 873, 874, 875, 876, 877, 878, 879, 880, 881, 882, 883, 884, 885, 886, 887, 888, 889, 890, 891, 892, 893, 894, 895, 896, 897, 898, 899, 900, 901, 902, 903, 904, 905, 906, 907, 908, 909, 910, 911, 912, 913, 914, 915, 916, 917, 918, 919, 920, 921, 922, 923, 924, 925, 926, 927, 928, 929, 930, 931, 932, 933, 934, 935]","[16, 125, 156, 163, 168, 184, 205, 222, 229, 253, 258, 265, 313, 317, 336, 340, 341, 356, 363, 365, 366, 367, 370, 375, 388, 391, 394, 396, 402, 410, 411, 412, 413, 415, 416, 417, 418, 419, 425, 429, 431, 433, 435, 437, 440, 441, 442, 443, 451, 452, 456, 457, 458, 460, 461, 464, 471, 473, 474, 475, 481, 482, 501, 596, 628, 635, 655, 675, 693, 716, 720, 725, 771, 775, 793, 796, 797, 811, 817, 818, 820, 825, 838, 841, 844, 846, 851, 857, 861, 862, 863, 864, 866, 867, 868, 870, 871, 877, 881, 883, 885, 888, 891, 892, 893, 898, 899, 904, 905, 907, 908, 911, 918, 920, 921, 922, 923, 924, 926, 931, 933]","[1, 13, 14, 29, 54, 55, 56, 57, 58, 60, 102, 118, 125, 127, 130, 134, 146, 149, 153, 175, 182, 187, 189, 191, 197, 225, 230, 238, 264, 265, 266, 286, 302, 317, 336, 379, 388, 389, 425, 454, 458, 463, 475, 487, 498, 499, 512, 530, 531, 532, 533, 534, 536, 573, 589, 596, 598, 601, 605, 617, 620, 624, 646, 653, 658, 660, 662, 668, 689, 694, 702, 724, 725, 745, 760, 775, 793, 829, 838, 839, 877, 901, 903, 905, 910, 923]","[1, 13, 14, 29, 54, 55, 56, 57, 58, 60, 102, 118, 125, 127, 130, 134, 146, 149, 153, 175, 182, 184, 187, 189, 191, 197, 225, 230, 232, 238, 264, 265, 266, 286, 302, 317, 336, 354, 379, 388, 389, 425, 454, 458, 463, 475, 487, 498, 499, 512, 530, 531, 532, 533, 534, 536, 573, 589, 596, 598, 601, 605, 617, 620, 624, 646, 653, 655, 658, 660, 662, 668, 689, 694, 696, 702, 724, 725, 745, 760, 775, 793, 809, 829, 838, 839, 877, 901, 903, 905, 910, 923]","[512, 916, 1, 917, 918, 13, 14, 919, 16, 530, 531, 532, 920, 533, 534, 536, 921, 29, 922, 923, 388, 924, 925, 926, 54, 55, 927, 56, 57, 58, 60, 573, 928, 389, 929, 930, 931, 589, 932, 596, 598, 933, 601, 934, 605, 935, 102, 617, 620, 624, 391, 628, 118, 635, 125, 127, 130, 134, 646, 653, 655, 146, 658, 660, 149, 662, 153, 336, 156, 668, 163, 675, 168, 340, 175, 689, 341, 693, 182, 694, 184, 696, 187, 394, 189, 702, 703, 191, 197, 716, 205, 720, 724, 725, 375, 222, 225, 229, 230, 232, 745, 396, 239, 238, 354, 760, 253, 356, 258, 771, 775, 264, 265, 266, 793, 796, 797, 286, 363, 809, 811, 365, 302, 817, 366, 818, 820, 367, 313, 825, 317, 829, 379, 370, 838, 839, 841, 844, 846, 848, 849, 850, 851, 852, 853, 854, 855, 856, 857, 858, 859, 860, 861, 862, 863, 864, 865, 866, 867, 868, 869, 870, 871, 872, 873, 874, 875, 876, 877, 878, 879, 880, 881, 882, 883, 884, 885, 886, 887, 888, 889, 890, 891, 892, 893, 894, 895, 896, 897, 898, 899, 900, 901, 902, 903, 904, 905, 906, 907, 908, 909, 398, 399, 400, 401, 402, 403, 404, 405, 406, 407, 408, 409, 410, 411, 412, 413, 414, 415, 416, 417, 418, 419, 420, 421, 422, 423, 424, 425, 426, 427, 428, 429, 430, 431, 432, 433, 434, 435, 436, 437, 438, 439, 440, 441, 442, 443, 444, 445, 446, 447, 448, 449, 450, 451, 452, 453, 454, 455, 456, 457, 458, 459, 460, 461, 462, 463, 464, 465, 466, 467, 468, 469, 470, 471, 472, 473, 474, 475, 476, 477, 478, 479, 480, 481, 482, 483, 484, 910, 487, 911, 912, 913, 498, 499, 501, 914, 915]",False,"[410, 412, 457, 861, 863]","[398, 399, 400, 401, 402, 403, 404, 405, 406, 407, 408, 409, 410, 411, 412, 413, 414, 415, 416, 417, 418, 419, 420, 421, 422, 423, 424, 425, 426, 427, 428, 429, 430, 431, 432, 433, 434, 435, 436, 437, 438, 439, 440, 441, 442, 443, 444, 445, 446, 447, 448, 449, 450, 451, 452, 453, 454, 455, 456, 457, 458, 459, 460, 461, 462, 463, 464, 465, 466, 467, 468, 469, 470, 471, 472, 473, 474, 475, 476, 477, 478, 479, 480, 481, 482, 483, 484, 848, 849, 850, 851, 852, 853, 854, 855, 856, 857, 858, 859, 860, 861, 862, 863, 864, 865, 866, 867, 868, 869, 870, 871, 872, 873, 874, 875, 876, 877, 878, 879, 880, 881, 882, 883, 884, 885, 886, 887, 888, 889, 890, 891, 892, 893, 894, 895, 896, 897, 898, 899, 900, 901, 902, 903, 904, 905, 906, 907, 908, 909, 910, 911, 912, 913, 914, 915, 916, 917, 918, 919, 920, 921, 922, 923, 924, 925, 926, 927, 928, 929, 930, 931, 932, 933, 934, 935]","[410, 412, 457, 861, 863]","[239, 410, 412, 703, 861, 863]","[16, 125, 156, 163, 168, 184, 205, 222, 229, 253, 258, 265, 313, 317, 336, 340, 341, 356, 363, 365, 366, 367, 370, 375, 388, 391, 394, 396, 402, 410, 411, 412, 413, 415, 416, 417, 418, 419, 425, 429, 431, 433, 435, 437, 440, 441, 442, 443, 451, 452, 456, 457, 458, 460, 461, 464, 471, 473, 474, 475, 481, 482, 501, 596, 628, 635, 655, 675, 693, 716, 720, 725, 771, 775, 793, 796, 797, 811, 817, 818, 820, 825, 838, 841, 844, 846, 851, 857, 861, 862, 863, 864, 866, 867, 868, 870, 871, 877, 881, 883, 885, 888, 891, 892, 893, 898, 899, 904, 905, 907, 908, 911, 918, 920, 921, 922, 923, 924, 926, 931, 933]","[1, 13, 14, 29, 54, 55, 56, 57, 58, 60, 102, 118, 125, 127, 130, 134, 146, 149, 153, 175, 182, 184, 187, 189, 191, 197, 225, 230, 232, 238, 264, 265, 266, 286, 302, 317, 336, 354, 379, 388, 389, 425, 454, 458, 463, 475, 487, 498, 499, 512, 530, 531, 532, 533, 534, 536, 573, 589, 596, 598, 601, 605, 617, 620, 624, 646, 653, 655, 658, 660, 662, 668, 689, 694, 696, 702, 724, 725, 745, 760, 775, 793, 809, 829, 838, 839, 877, 901, 903, 905, 910, 923]","[1, 13, 14, 29, 54, 55, 56, 57, 58, 60, 102, 118, 125, 127, 130, 134, 146, 149, 153, 175, 182, 187, 189, 191, 197, 225, 230, 238, 264, 265, 266, 286, 302, 317, 336, 379, 388, 389, 425, 454, 458, 463, 475, 487, 498, 499, 512, 530, 531, 532, 533, 534, 536, 573, 589, 596, 598, 601, 605, 617, 620, 624, 646, 653, 658, 660, 662, 668, 689, 694, 702, 724, 725, 745, 760, 775, 793, 829, 838, 839, 877, 901, 903, 905, 910, 923]",5/6 successful match,False,,False,520,False,,1.0,False,High Country Chevron,Chevron
"C Cedar City , 84720 Love's Travel Stop",435-867-9888 I-15 Exit 62 ( Canyon Ranch Dr ),24 +8 M,Cedar City,84720,Love's Travel Stop,435-867-9888,2007,Cedar City,UT,Love's,( Canyon Ranch Dr ),I-15 Exit 62 ,Exit,62,False,,False,I-15,,,,,"[881, 429]",[],"[425, 429, 877, 881]","[425, 429, 877, 881]","[398, 399, 400, 401, 402, 403, 404, 405, 406, 407, 408, 409, 410, 411, 412, 413, 414, 415, 416, 417, 418, 419, 420, 421, 422, 423, 424, 425, 426, 427, 428, 429, 430, 431, 432, 433, 434, 435, 436, 437, 438, 439, 440, 441, 442, 443, 444, 445, 446, 447, 448, 449, 450, 451, 452, 453, 454, 455, 456, 457, 458, 459, 460, 461, 462, 463, 464, 465, 466, 467, 468, 469, 470, 471, 472, 473, 474, 475, 476, 477, 478, 479, 480, 481, 482, 483, 484, 848, 849, 850, 851, 852, 853, 854, 855, 856, 857, 858, 859, 860, 861, 862, 863, 864, 865, 866, 867, 868, 869, 870, 871, 872, 873, 874, 875, 876, 877, 878, 879, 880, 881, 882, 883, 884, 885, 886, 887, 888, 889, 890, 891, 892, 893, 894, 895, 896, 897, 898, 899, 900, 901, 902, 903, 904, 905, 906, 907, 908, 909, 910, 911, 912, 913, 914, 915, 916, 917, 918, 919, 920, 921, 922, 923, 924, 925, 926, 927, 928, 929, 930, 931, 932, 933, 934, 935]","[16, 125, 156, 163, 168, 184, 205, 222, 229, 253, 258, 265, 313, 317, 336, 340, 341, 356, 363, 365, 366, 367, 370, 375, 388, 391, 394, 396, 402, 410, 411, 412, 413, 415, 416, 417, 418, 419, 425, 429, 431, 433, 435, 437, 440, 441, 442, 443, 451, 452, 456, 457, 458, 460, 461, 464, 471, 473, 474, 475, 481, 482, 501, 596, 628, 635, 655, 675, 693, 716, 720, 725, 771, 775, 793, 796, 797, 811, 817, 818, 820, 825, 838, 841, 844, 846, 851, 857, 861, 862, 863, 864, 866, 867, 868, 870, 871, 877, 881, 883, 885, 888, 891, 892, 893, 898, 899, 904, 905, 907, 908, 911, 918, 920, 921, 922, 923, 924, 926, 931, 933]","[34, 35, 36, 37, 38, 39, 40, 41, 42, 43, 44, 45, 46, 47, 48, 201, 202, 203, 204, 205, 206, 207, 208, 209, 210, 211, 212, 213, 214, 215, 216, 355, 356, 357, 358, 359, 360, 361, 429, 430, 431, 432, 433, 434, 435, 515, 516, 517, 518, 519, 520, 521, 522, 523, 524, 525, 526, 527, 672, 673, 674, 675, 676, 677, 678, 679, 680, 681, 682, 683, 684, 810, 811, 812, 813, 814, 881, 882, 883, 884, 885, 886]","[32, 33, 34, 35, 36, 37, 38, 39, 40, 41, 42, 43, 44, 45, 46, 47, 48, 201, 202, 203, 204, 205, 206, 207, 208, 209, 210, 211, 212, 213, 214, 215, 216, 355, 356, 357, 358, 359, 360, 361, 429, 430, 431, 432, 433, 434, 435, 515, 516, 517, 518, 519, 520, 521, 522, 523, 524, 525, 526, 527, 672, 673, 674, 675, 676, 677, 678, 679, 680, 681, 682, 683, 684, 810, 811, 812, 813, 814, 881, 882, 883, 884, 885, 886]","[916, 515, 516, 517, 917, 518, 519, 520, 521, 918, 522, 523, 524, 525, 919, 16, 526, 527, 920, 921, 922, 32, 33, 34, 35, 923, 36, 388, 37, 38, 924, 39, 40, 41, 42, 925, 43, 44, 45, 46, 926, 47, 48, 927, 928, 929, 930, 931, 932, 596, 933, 934, 935, 391, 628, 635, 125, 655, 336, 156, 672, 673, 674, 163, 675, 676, 677, 678, 168, 679, 680, 681, 682, 683, 684, 340, 341, 693, 184, 394, 201, 202, 203, 716, 205, 204, 206, 720, 207, 208, 209, 210, 725, 211, 212, 213, 214, 215, 216, 375, 222, 229, 396, 355, 253, 356, 258, 771, 357, 775, 265, 358, 359, 360, 793, 361, 796, 797, 363, 810, 811, 812, 365, 813, 814, 817, 366, 818, 820, 367, 313, 825, 317, 370, 838, 841, 844, 846, 848, 849, 850, 851, 852, 853, 854, 855, 856, 857, 858, 859, 860, 861, 862, 863, 864, 865, 866, 867, 868, 869, 870, 871, 872, 873, 874, 875, 876, 877, 878, 879, 880, 881, 882, 883, 884, 885, 886, 887, 888, 889, 890, 891, 892, 893, 894, 895, 896, 897, 898, 899, 900, 901, 902, 903, 904, 905, 906, 907, 908, 909, 398, 399, 400, 401, 402, 403, 404, 405, 406, 407, 408, 409, 410, 411, 412, 413, 414, 415, 416, 417, 418, 419, 420, 421, 422, 423, 424, 425, 426, 427, 428, 429, 430, 431, 432, 433, 434, 435, 436, 437, 438, 439, 440, 441, 442, 443, 444, 445, 446, 447, 448, 449, 450, 451, 452, 453, 454, 455, 456, 457, 458, 459, 460, 461, 462, 463, 464, 465, 466, 467, 468, 469, 470, 471, 472, 473, 474, 475, 476, 477, 478, 479, 480, 481, 482, 483, 484, 910, 911, 912, 913, 501, 914, 915]",True,[],"[398, 399, 400, 401, 402, 403, 404, 405, 406, 407, 408, 409, 410, 411, 412, 413, 414, 415, 416, 417, 418, 419, 420, 421, 422, 423, 424, 425, 426, 427, 428, 429, 430, 431, 432, 433, 434, 435, 436, 437, 438, 439, 440, 441, 442, 443, 444, 445, 446, 447, 448, 449, 450, 451, 452, 453, 454, 455, 456, 457, 458, 459, 460, 461, 462, 463, 464, 465, 466, 467, 468, 469, 470, 471, 472, 473, 474, 475, 476, 477, 478, 479, 480, 481, 482, 483, 484, 848, 849, 850, 851, 852, 853, 854, 855, 856, 857, 858, 859, 860, 861, 862, 863, 864, 865, 866, 867, 868, 869, 870, 871, 872, 873, 874, 875, 876, 877, 878, 879, 880, 881, 882, 883, 884, 885, 886, 887, 888, 889, 890, 891, 892, 893, 894, 895, 896, 897, 898, 899, 900, 901, 902, 903, 904, 905, 906, 907, 908, 909, 910, 911, 912, 913, 914, 915, 916, 917, 918, 919, 920, 921, 922, 923, 924, 925, 926, 927, 928, 929, 930, 931, 932, 933, 934, 935]","[425, 429, 877, 881]","[425, 429, 877, 881]","[16, 125, 156, 163, 168, 184, 205, 222, 229, 253, 258, 265, 313, 317, 336, 340, 341, 356, 363, 365, 366, 367, 370, 375, 388, 391, 394, 396, 402, 410, 411, 412, 413, 415, 416, 417, 418, 419, 425, 429, 431, 433, 435, 437, 440, 441, 442, 443, 451, 452, 456, 457, 458, 460, 461, 464, 471, 473, 474, 475, 481, 482, 501, 596, 628, 635, 655, 675, 693, 716, 720, 725, 771, 775, 793, 796, 797, 811, 817, 818, 820, 825, 838, 841, 844, 846, 851, 857, 861, 862, 863, 864, 866, 867, 868, 870, 871, 877, 881, 883, 885, 888, 891, 892, 893, 898, 899, 904, 905, 907, 908, 911, 918, 920, 921, 922, 923, 924, 926, 931, 933]","[32, 33, 34, 35, 36, 37, 38, 39, 40, 41, 42, 43, 44, 45, 46, 47, 48, 201, 202, 203, 204, 205, 206, 207, 208, 209, 210, 211, 212, 213, 214, 215, 216, 355, 356, 357, 358, 359, 360, 361, 429, 430, 431, 432, 433, 434, 435, 515, 516, 517, 518, 519, 520, 521, 522, 523, 524, 525, 526, 527, 672, 673, 674, 675, 676, 677, 678, 679, 680, 681, 682, 683, 684, 810, 811, 812, 813, 814, 881, 882, 883, 884, 885, 886]","[34, 35, 36, 37, 38, 39, 40, 41, 42, 43, 44, 45, 46, 47, 48, 201, 202, 203, 204, 205, 206, 207, 208, 209, 210, 211, 212, 213, 214, 215, 216, 355, 356, 357, 358, 359, 360, 361, 429, 430, 431, 432, 433, 434, 435, 515, 516, 517, 518, 519, 520, 521, 522, 523, 524, 525, 526, 527, 672, 673, 674, 675, 676, 677, 678, 679, 680, 681, 682, 683, 684, 810, 811, 812, 813, 814, 881, 882, 883, 884, 885, 886]",7/6 successful match,True,"[127, 128]",True,521,False,,,,,
"Cedar City , 84720 Love's Travel Stop # 335",435-867-9888 I-15 Exit 62 ( Canyon Ranch Dr ),HOS 24 M,Cedar City,84720,Love's Travel Stop # 335,435-867-9888,2008,Cedar City,UT,Love's,( Canyon Ranch Dr ),I-15 Exit 62 ,Exit,62,False,,False,I-15,,,,,"[881, 429]",[],"[425, 429, 877, 881]","[425, 429, 877, 881]","[398, 399, 400, 401, 402, 403, 404, 405, 406, 407, 408, 409, 410, 411, 412, 413, 414, 415, 416, 417, 418, 419, 420, 421, 422, 423, 424, 425, 426, 427, 428, 429, 430, 431, 432, 433, 434, 435, 436, 437, 438, 439, 440, 441, 442, 443, 444, 445, 446, 447, 448, 449, 450, 451, 452, 453, 454, 455, 456, 457, 458, 459, 460, 461, 462, 463, 464, 465, 466, 467, 468, 469, 470, 471, 472, 473, 474, 475, 476, 477, 478, 479, 480, 481, 482, 483, 484, 848, 849, 850, 851, 852, 853, 854, 855, 856, 857, 858, 859, 860, 861, 862, 863, 864, 865, 866, 867, 868, 869, 870, 871, 872, 873, 874, 875, 876, 877, 878, 879, 880, 881, 882, 883, 884, 885, 886, 887, 888, 889, 890, 891, 892, 893, 894, 895, 896, 897, 898, 899, 900, 901, 902, 903, 904, 905, 906, 907, 908, 909, 910, 911, 912, 913, 914, 915, 916, 917, 918, 919, 920, 921, 922, 923, 924, 925, 926, 927, 928, 929, 930, 931, 932, 933, 934, 935]","[16, 125, 156, 163, 168, 184, 205, 222, 229, 253, 258, 265, 313, 317, 336, 340, 341, 356, 363, 365, 366, 367, 370, 375, 388, 391, 394, 396, 402, 410, 411, 412, 413, 415, 416, 417, 418, 419, 425, 429, 431, 433, 435, 437, 440, 441, 442, 443, 451, 452, 456, 457, 458, 460, 461, 464, 471, 473, 474, 475, 481, 482, 501, 596, 628, 635, 655, 675, 693, 716, 720, 725, 771, 775, 793, 796, 797, 811, 817, 818, 820, 825, 838, 841, 844, 846, 851, 857, 861, 862, 863, 864, 866, 867, 868, 870, 871, 877, 881, 883, 885, 888, 891, 892, 893, 898, 899, 904, 905, 907, 908, 911, 918, 920, 921, 922, 923, 924, 926, 931, 933]","[34, 35, 36, 37, 38, 39, 40, 41, 42, 43, 44, 45, 46, 47, 48, 201, 202, 203, 204, 205, 206, 207, 208, 209, 210, 211, 212, 213, 214, 215, 216, 355, 356, 357, 358, 359, 360, 361, 429, 430, 431, 432, 433, 434, 435, 515, 516, 517, 518, 519, 520, 521, 522, 523, 524, 525, 526, 527, 672, 673, 674, 675, 676, 677, 678, 679, 680, 681, 682, 683, 684, 810, 811, 812, 813, 814, 881, 882, 883, 884, 885, 886]","[32, 33, 34, 35, 36, 37, 38, 39, 40, 41, 42, 43, 44, 45, 46, 47, 48, 201, 202, 203, 204, 205, 206, 207, 208, 209, 210, 211, 212, 213, 214, 215, 216, 355, 356, 357, 358, 359, 360, 361, 429, 430, 431, 432, 433, 434, 435, 515, 516, 517, 518, 519, 520, 521, 522, 523, 524, 525, 526, 527, 672, 673, 674, 675, 676, 677, 678, 679, 680, 681, 682, 683, 684, 810, 811, 812, 813, 814, 881, 882, 883, 884, 885, 886]","[916, 515, 516, 517, 917, 518, 519, 520, 521, 918, 522, 523, 524, 525, 919, 16, 526, 527, 920, 921, 922, 32, 33, 34, 35, 923, 36, 388, 37, 38, 924, 39, 40, 41, 42, 925, 43, 44, 45, 46, 926, 47, 48, 927, 928, 929, 930, 931, 932, 596, 933, 934, 935, 391, 628, 635, 125, 655, 336, 156, 672, 673, 674, 163, 675, 676, 677, 678, 168, 679, 680, 681, 682, 683, 684, 340, 341, 693, 184, 394, 201, 202, 203, 716, 205, 204, 206, 720, 207, 208, 209, 210, 725, 211, 212, 213, 214, 215, 216, 375, 222, 229, 396, 355, 253, 356, 258, 771, 357, 775, 265, 358, 359, 360, 793, 361, 796, 797, 363, 810, 811, 812, 365, 813, 814, 817, 366, 818, 820, 367, 313, 825, 317, 370, 838, 841, 844, 846, 848, 849, 850, 851, 852, 853, 854, 855, 856, 857, 858, 859, 860, 861, 862, 863, 864, 865, 866, 867, 868, 869, 870, 871, 872, 873, 874, 875, 876, 877, 878, 879, 880, 881, 882, 883, 884, 885, 886, 887, 888, 889, 890, 891, 892, 893, 894, 895, 896, 897, 898, 899, 900, 901, 902, 903, 904, 905, 906, 907, 908, 909, 398, 399, 400, 401, 402, 403, 404, 405, 406, 407, 408, 409, 410, 411, 412, 413, 414, 415, 416, 417, 418, 419, 420, 421, 422, 423, 424, 425, 426, 427, 428, 429, 430, 431, 432, 433, 434, 435, 436, 437, 438, 439, 440, 441, 442, 443, 444, 445, 446, 447, 448, 449, 450, 451, 452, 453, 454, 455, 456, 457, 458, 459, 460, 461, 462, 463, 464, 465, 466, 467, 468, 469, 470, 471, 472, 473, 474, 475, 476, 477, 478, 479, 480, 481, 482, 483, 484, 910, 911, 912, 913, 501, 914, 915]",True,[],"[398, 399, 400, 401, 402, 403, 404, 405, 406, 407, 408, 409, 410, 411, 412, 413, 414, 415, 416, 417, 418, 419, 420, 421, 422, 423, 424, 425, 426, 427, 428, 429, 430, 431, 432, 433, 434, 435, 436, 437, 438, 439, 440, 441, 442, 443, 444, 445, 446, 447, 448, 449, 450, 451, 452, 453, 454, 455, 456, 457, 458, 459, 460, 461, 462, 463, 464, 465, 466, 467, 468, 469, 470, 471, 472, 473, 474, 475, 476, 477, 478, 479, 480, 481, 482, 483, 484, 848, 849, 850, 851, 852, 853, 854, 855, 856, 857, 858, 859, 860, 861, 862, 863, 864, 865, 866, 867, 868, 869, 870, 871, 872, 873, 874, 875, 876, 877, 878, 879, 880, 881, 882, 883, 884, 885, 886, 887, 888, 889, 890, 891, 892, 893, 894, 895, 896, 897, 898, 899, 900, 901, 902, 903, 904, 905, 906, 907, 908, 909, 910, 911, 912, 913, 914, 915, 916, 917, 918, 919, 920, 921, 922, 923, 924, 925, 926, 927, 928, 929, 930, 931, 932, 933, 934, 935]","[425, 429, 877, 881]","[425, 429, 877, 881]","[16, 125, 156, 163, 168, 184, 205, 222, 229, 253, 258, 265, 313, 317, 336, 340, 341, 356, 363, 365, 366, 367, 370, 375, 388, 391, 394, 396, 402, 410, 411, 412, 413, 415, 416, 417, 418, 419, 425, 429, 431, 433, 435, 437, 440, 441, 442, 443, 451, 452, 456, 457, 458, 460, 461, 464, 471, 473, 474, 475, 481, 482, 501, 596, 628, 635, 655, 675, 693, 716, 720, 725, 771, 775, 793, 796, 797, 811, 817, 818, 820, 825, 838, 841, 844, 846, 851, 857, 861, 862, 863, 864, 866, 867, 868, 870, 871, 877, 881, 883, 885, 888, 891, 892, 893, 898, 899, 904, 905, 907, 908, 911, 918, 920, 921, 922, 923, 924, 926, 931, 933]","[32, 33, 34, 35, 36, 37, 38, 39, 40, 41, 42, 43, 44, 45, 46, 47, 48, 201, 202, 203, 204, 205, 206, 207, 208, 209, 210, 211, 212, 213, 214, 215, 216, 355, 356, 357, 358, 359, 360, 361, 429, 430, 431, 432, 433, 434, 435, 515, 516, 517, 518, 519, 520, 521, 522, 523, 524, 525, 526, 527, 672, 673, 674, 675, 676, 677, 678, 679, 680, 681, 682, 683, 684, 810, 811, 812, 813, 814, 881, 882, 883, 884, 885, 886]","[34, 35, 36, 37, 38, 39, 40, 41, 42, 43, 44, 45, 46, 47, 48, 201, 202, 203, 204, 205, 206, 207, 208, 209, 210, 211, 212, 213, 214, 215, 216, 355, 356, 357, 358, 359, 360, 361, 429, 430, 431, 432, 433, 434, 435, 515, 516, 517, 518, 519, 520, 521, 522, 523, 524, 525, 526, 527, 672, 673, 674, 675, 676, 677, 678, 679, 680, 681, 682, 683, 684, 810, 811, 812, 813, 814, 881, 882, 883, 884, 885, 886]",7/6 successful match,True,"[127, 128]",True,521,False,,0.6571428571428571,True,Love's Travel Stop,Love's
Cedar City ( 84721 ) Love's Travel Stop # 335,435-867-9888 I-15 Exit 62 ( Canyon Ranch Dr ),24 M <U+2610>,Cedar City,84721,Love's Travel Stop # 335,435-867-9888,2014,Cedar City,UT,Love's,( Canyon Ranch Dr ),I-15 Exit 62 ,Exit,62,False,,False,I-15,,,,,"[881, 429]","[425, 429, 877, 881]","[425, 429, 877, 881]","[425, 429, 877, 881]","[398, 399, 400, 401, 402, 403, 404, 405, 406, 407, 408, 409, 410, 411, 412, 413, 414, 415, 416, 417, 418, 419, 420, 421, 422, 423, 424, 425, 426, 427, 428, 429, 430, 431, 432, 433, 434, 435, 436, 437, 438, 439, 440, 441, 442, 443, 444, 445, 446, 447, 448, 449, 450, 451, 452, 453, 454, 455, 456, 457, 458, 459, 460, 461, 462, 463, 464, 465, 466, 467, 468, 469, 470, 471, 472, 473, 474, 475, 476, 477, 478, 479, 480, 481, 482, 483, 484, 848, 849, 850, 851, 852, 853, 854, 855, 856, 857, 858, 859, 860, 861, 862, 863, 864, 865, 866, 867, 868, 869, 870, 871, 872, 873, 874, 875, 876, 877, 878, 879, 880, 881, 882, 883, 884, 885, 886, 887, 888, 889, 890, 891, 892, 893, 894, 895, 896, 897, 898, 899, 900, 901, 902, 903, 904, 905, 906, 907, 908, 909, 910, 911, 912, 913, 914, 915, 916, 917, 918, 919, 920, 921, 922, 923, 924, 925, 926, 927, 928, 929, 930, 931, 932, 933, 934, 935]","[16, 125, 156, 163, 168, 184, 205, 222, 229, 253, 258, 265, 313, 317, 336, 340, 341, 356, 363, 365, 366, 367, 370, 375, 388, 391, 394, 396, 402, 410, 411, 412, 413, 415, 416, 417, 418, 419, 425, 429, 431, 433, 435, 437, 440, 441, 442, 443, 451, 452, 456, 457, 458, 460, 461, 464, 471, 473, 474, 475, 481, 482, 501, 596, 628, 635, 655, 675, 693, 716, 720, 725, 771, 775, 793, 796, 797, 811, 817, 818, 820, 825, 838, 841, 844, 846, 851, 857, 861, 862, 863, 864, 866, 867, 868, 870, 871, 877, 881, 883, 885, 888, 891, 892, 893, 898, 899, 904, 905, 907, 908, 911, 918, 920, 921, 922, 923, 924, 926, 931, 933]","[34, 35, 36, 37, 38, 39, 40, 41, 42, 43, 44, 45, 46, 47, 48, 201, 202, 203, 204, 205, 206, 207, 208, 209, 210, 211, 212, 213, 214, 215, 216, 355, 356, 357, 358, 359, 360, 361, 429, 430, 431, 432, 433, 434, 435, 515, 516, 517, 518, 519, 520, 521, 522, 523, 524, 525, 526, 527, 672, 673, 674, 675, 676, 677, 678, 679, 680, 681, 682, 683, 684, 810, 811, 812, 813, 814, 881, 882, 883, 884, 885, 886]","[32, 33, 34, 35, 36, 37, 38, 39, 40, 41, 42, 43, 44, 45, 46, 47, 48, 201, 202, 203, 204, 205, 206, 207, 208, 209, 210, 211, 212, 213, 214, 215, 216, 355, 356, 357, 358, 359, 360, 361, 429, 430, 431, 432, 433, 434, 435, 515, 516, 517, 518, 519, 520, 521, 522, 523, 524, 525, 526, 527, 672, 673, 674, 675, 676, 677, 678, 679, 680, 681, 682, 683, 684, 810, 811, 812, 813, 814, 881, 882, 883, 884, 885, 886]","[916, 515, 516, 517, 917, 518, 519, 520, 521, 918, 522, 523, 524, 525, 919, 16, 526, 527, 920, 921, 922, 32, 33, 34, 35, 923, 36, 388, 37, 38, 924, 39, 40, 41, 42, 925, 43, 44, 45, 46, 926, 47, 48, 927, 928, 929, 930, 931, 932, 596, 933, 934, 935, 391, 628, 635, 125, 655, 336, 156, 672, 673, 674, 163, 675, 676, 677, 678, 168, 679, 680, 681, 682, 683, 684, 340, 341, 693, 184, 394, 201, 202, 203, 716, 205, 204, 206, 720, 207, 208, 209, 210, 725, 211, 212, 213, 214, 215, 216, 375, 222, 229, 396, 355, 253, 356, 258, 771, 357, 775, 265, 358, 359, 360, 793, 361, 796, 797, 363, 810, 811, 812, 365, 813, 814, 817, 366, 818, 820, 367, 313, 825, 317, 370, 838, 841, 844, 846, 848, 849, 850, 851, 852, 853, 854, 855, 856, 857, 858, 859, 860, 861, 862, 863, 864, 865, 866, 867, 868, 869, 870, 871, 872, 873, 874, 875, 876, 877, 878, 879, 880, 881, 882, 883, 884, 885, 886, 887, 888, 889, 890, 891, 892, 893, 894, 895, 896, 897, 898, 899, 900, 901, 902, 903, 904, 905, 906, 907, 908, 909, 398, 399, 400, 401, 402, 403, 404, 405, 406, 407, 408, 409, 410, 411, 412, 413, 414, 415, 416, 417, 418, 419, 420, 421, 422, 423, 424, 425, 426, 427, 428, 429, 430, 431, 432, 433, 434, 435, 436, 437, 438, 439, 440, 441, 442, 443, 444, 445, 446, 447, 448, 449, 450, 451, 452, 453, 454, 455, 456, 457, 458, 459, 460, 461, 462, 463, 464, 465, 466, 467, 468, 469, 470, 471, 472, 473, 474, 475, 476, 477, 478, 479, 480, 481, 482, 483, 484, 910, 911, 912, 913, 501, 914, 915]",True,"[425, 429, 877, 881]","[398, 399, 400, 401, 402, 403, 404, 405, 406, 407, 408, 409, 410, 411, 412, 413, 414, 415, 416, 417, 418, 419, 420, 421, 422, 423, 424, 425, 426, 427, 428, 429, 430, 431, 432, 433, 434, 435, 436, 437, 438, 439, 440, 441, 442, 443, 444, 445, 446, 447, 448, 449, 450, 451, 452, 453, 454, 455, 456, 457, 458, 459, 460, 461, 462, 463, 464, 465, 466, 467, 468, 469, 470, 471, 472, 473, 474, 475, 476, 477, 478, 479, 480, 481, 482, 483, 484, 848, 849, 850, 851, 852, 853, 854, 855, 856, 857, 858, 859, 860, 861, 862, 863, 864, 865, 866, 867, 868, 869, 870, 871, 872, 873, 874, 875, 876, 877, 878, 879, 880, 881, 882, 883, 884, 885, 886, 887, 888, 889, 890, 891, 892, 893, 894, 895, 896, 897, 898, 899, 900, 901, 902, 903, 904, 905, 906, 907, 908, 909, 910, 911, 912, 913, 914, 915, 916, 917, 918, 919, 920, 921, 922, 923, 924, 925, 926, 927, 928, 929, 930, 931, 932, 933, 934, 935]","[425, 429, 877, 881]","[425, 429, 877, 881]","[16, 125, 156, 163, 168, 184, 205, 222, 229, 253, 258, 265, 313, 317, 336, 340, 341, 356, 363, 365, 366, 367, 370, 375, 388, 391, 394, 396, 402, 410, 411, 412, 413, 415, 416, 417, 418, 419, 425, 429, 431, 433, 435, 437, 440, 441, 442, 443, 451, 452, 456, 457, 458, 460, 461, 464, 471, 473, 474, 475, 481, 482, 501, 596, 628, 635, 655, 675, 693, 716, 720, 725, 771, 775, 793, 796, 797, 811, 817, 818, 820, 825, 838, 841, 844, 846, 851, 857, 861, 862, 863, 864, 866, 867, 868, 870, 871, 877, 881, 883, 885, 888, 891, 892, 893, 898, 899, 904, 905, 907, 908, 911, 918, 920, 921, 922, 923, 924, 926, 931, 933]","[32, 33, 34, 35, 36, 37, 38, 39, 40, 41, 42, 43, 44, 45, 46, 47, 48, 201, 202, 203, 204, 205, 206, 207, 208, 209, 210, 211, 212, 213, 214, 215, 216, 355, 356, 357, 358, 359, 360, 361, 429, 430, 431, 432, 433, 434, 435, 515, 516, 517, 518, 519, 520, 521, 522, 523, 524, 525, 526, 527, 672, 673, 674, 675, 676, 677, 678, 679, 680, 681, 682, 683, 684, 810, 811, 812, 813, 814, 881, 882, 883, 884, 885, 886]","[34, 35, 36, 37, 38, 39, 40, 41, 42, 43, 44, 45, 46, 47, 48, 201, 202, 203, 204, 205, 206, 207, 208, 209, 210, 211, 212, 213, 214, 215, 216, 355, 356, 357, 358, 359, 360, 361, 429, 430, 431, 432, 433, 434, 435, 515, 516, 517, 518, 519, 520, 521, 522, 523, 524, 525, 526, 527, 672, 673, 674, 675, 676, 677, 678, 679, 680, 681, 682, 683, 684, 810, 811, 812, 813, 814, 881, 882, 883, 884, 885, 886]",7/6 successful match,True,"[127, 128]",True,521,False,,1.0,True,Love's Travel Stop # 335,Love's
Cedar City ( 84721 ) Love's Travel Stop # 335,2 435-867-9888 I-15 Exit 62 ( Canyon Ranch Dr ),24 M <U+2610>,Cedar City,84721,Love's Travel Stop # 335,435-867-9888,2015,Cedar City,UT,Love's,( Canyon Ranch Dr ),I-15 Exit 62 ,Exit,62,False,,False,I-15,,,,,"[881, 429]","[425, 429, 877, 881]","[425, 429, 877, 881]","[425, 429, 877, 881]","[398, 399, 400, 401, 402, 403, 404, 405, 406, 407, 408, 409, 410, 411, 412, 413, 414, 415, 416, 417, 418, 419, 420, 421, 422, 423, 424, 425, 426, 427, 428, 429, 430, 431, 432, 433, 434, 435, 436, 437, 438, 439, 440, 441, 442, 443, 444, 445, 446, 447, 448, 449, 450, 451, 452, 453, 454, 455, 456, 457, 458, 459, 460, 461, 462, 463, 464, 465, 466, 467, 468, 469, 470, 471, 472, 473, 474, 475, 476, 477, 478, 479, 480, 481, 482, 483, 484, 848, 849, 850, 851, 852, 853, 854, 855, 856, 857, 858, 859, 860, 861, 862, 863, 864, 865, 866, 867, 868, 869, 870, 871, 872, 873, 874, 875, 876, 877, 878, 879, 880, 881, 882, 883, 884, 885, 886, 887, 888, 889, 890, 891, 892, 893, 894, 895, 896, 897, 898, 899, 900, 901, 902, 903, 904, 905, 906, 907, 908, 909, 910, 911, 912, 913, 914, 915, 916, 917, 918, 919, 920, 921, 922, 923, 924, 925, 926, 927, 928, 929, 930, 931, 932, 933, 934, 935]","[16, 125, 156, 163, 168, 184, 205, 222, 229, 253, 258, 265, 313, 317, 336, 340, 341, 356, 363, 365, 366, 367, 370, 375, 388, 391, 394, 396, 402, 410, 411, 412, 413, 415, 416, 417, 418, 419, 425, 429, 431, 433, 435, 437, 440, 441, 442, 443, 451, 452, 456, 457, 458, 460, 461, 464, 471, 473, 474, 475, 481, 482, 501, 596, 628, 635, 655, 675, 693, 716, 720, 725, 771, 775, 793, 796, 797, 811, 817, 818, 820, 825, 838, 841, 844, 846, 851, 857, 861, 862, 863, 864, 866, 867, 868, 870, 871, 877, 881, 883, 885, 888, 891, 892, 893, 898, 899, 904, 905, 907, 908, 911, 918, 920, 921, 922, 923, 924, 926, 931, 933]","[34, 35, 36, 37, 38, 39, 40, 41, 42, 43, 44, 45, 46, 47, 48, 201, 202, 203, 204, 205, 206, 207, 208, 209, 210, 211, 212, 213, 214, 215, 216, 355, 356, 357, 358, 359, 360, 361, 429, 430, 431, 432, 433, 434, 435, 515, 516, 517, 518, 519, 520, 521, 522, 523, 524, 525, 526, 527, 672, 673, 674, 675, 676, 677, 678, 679, 680, 681, 682, 683, 684, 810, 811, 812, 813, 814, 881, 882, 883, 884, 885, 886]","[32, 33, 34, 35, 36, 37, 38, 39, 40, 41, 42, 43, 44, 45, 46, 47, 48, 201, 202, 203, 204, 205, 206, 207, 208, 209, 210, 211, 212, 213, 214, 215, 216, 355, 356, 357, 358, 359, 360, 361, 429, 430, 431, 432, 433, 434, 435, 515, 516, 517, 518, 519, 520, 521, 522, 523, 524, 525, 526, 527, 672, 673, 674, 675, 676, 677, 678, 679, 680, 681, 682, 683, 684, 810, 811, 812, 813, 814, 881, 882, 883, 884, 885, 886]","[916, 515, 516, 517, 917, 518, 519, 520, 521, 918, 522, 523, 524, 525, 919, 16, 526, 527, 920, 921, 922, 32, 33, 34, 35, 923, 36, 388, 37, 38, 924, 39, 40, 41, 42, 925, 43, 44, 45, 46, 926, 47, 48, 927, 928, 929, 930, 931, 932, 596, 933, 934, 935, 391, 628, 635, 125, 655, 336, 156, 672, 673, 674, 163, 675, 676, 677, 678, 168, 679, 680, 681, 682, 683, 684, 340, 341, 693, 184, 394, 201, 202, 203, 716, 205, 204, 206, 720, 207, 208, 209, 210, 725, 211, 212, 213, 214, 215, 216, 375, 222, 229, 396, 355, 253, 356, 258, 771, 357, 775, 265, 358, 359, 360, 793, 361, 796, 797, 363, 810, 811, 812, 365, 813, 814, 817, 366, 818, 820, 367, 313, 825, 317, 370, 838, 841, 844, 846, 848, 849, 850, 851, 852, 853, 854, 855, 856, 857, 858, 859, 860, 861, 862, 863, 864, 865, 866, 867, 868, 869, 870, 871, 872, 873, 874, 875, 876, 877, 878, 879, 880, 881, 882, 883, 884, 885, 886, 887, 888, 889, 890, 891, 892, 893, 894, 895, 896, 897, 898, 899, 900, 901, 902, 903, 904, 905, 906, 907, 908, 909, 398, 399, 400, 401, 402, 403, 404, 405, 406, 407, 408, 409, 410, 411, 412, 413, 414, 415, 416, 417, 418, 419, 420, 421, 422, 423, 424, 425, 426, 427, 428, 429, 430, 431, 432, 433, 434, 435, 436, 437, 438, 439, 440, 441, 442, 443, 444, 445, 446, 447, 448, 449, 450, 451, 452, 453, 454, 455, 456, 457, 458, 459, 460, 461, 462, 463, 464, 465, 466, 467, 468, 469, 470, 471, 472, 473, 474, 475, 476, 477, 478, 479, 480, 481, 482, 483, 484, 910, 911, 912, 913, 501, 914, 915]",True,"[425, 429, 877, 881]","[398, 399, 400, 401, 402, 403, 404, 405, 406, 407, 408, 409, 410, 411, 412, 413, 414, 415, 416, 417, 418, 419, 420, 421, 422, 423, 424, 425, 426, 427, 428, 429, 430, 431, 432, 433, 434, 435, 436, 437, 438, 439, 440, 441, 442, 443, 444, 445, 446, 447, 448, 449, 450, 451, 452, 453, 454, 455, 456, 457, 458, 459, 460, 461, 462, 463, 464, 465, 466, 467, 468, 469, 470, 471, 472, 473, 474, 475, 476, 477, 478, 479, 480, 481, 482, 483, 484, 848, 849, 850, 851, 852, 853, 854, 855, 856, 857, 858, 859, 860, 861, 862, 863, 864, 865, 866, 867, 868, 869, 870, 871, 872, 873, 874, 875, 876, 877, 878, 879, 880, 881, 882, 883, 884, 885, 886, 887, 888, 889, 890, 891, 892, 893, 894, 895, 896, 897, 898, 899, 900, 901, 902, 903, 904, 905, 906, 907, 908, 909, 910, 911, 912, 913, 914, 915, 916, 917, 918, 919, 920, 921, 922, 923, 924, 925, 926, 927, 928, 929, 930, 931, 932, 933, 934, 935]","[425, 429, 877, 881]","[425, 429, 877, 881]","[16, 125, 156, 163, 168, 184, 205, 222, 229, 253, 258, 265, 313, 317, 336, 340, 341, 356, 363, 365, 366, 367, 370, 375, 388, 391, 394, 396, 402, 410, 411, 412, 413, 415, 416, 417, 418, 419, 425, 429, 431, 433, 435, 437, 440, 441, 442, 443, 451, 452, 456, 457, 458, 460, 461, 464, 471, 473, 474, 475, 481, 482, 501, 596, 628, 635, 655, 675, 693, 716, 720, 725, 771, 775, 793, 796, 797, 811, 817, 818, 820, 825, 838, 841, 844, 846, 851, 857, 861, 862, 863, 864, 866, 867, 868, 870, 871, 877, 881, 883, 885, 888, 891, 892, 893, 898, 899, 904, 905, 907, 908, 911, 918, 920, 921, 922, 923, 924, 926, 931, 933]","[32, 33, 34, 35, 36, 37, 38, 39, 40, 41, 42, 43, 44, 45, 46, 47, 48, 201, 202, 203, 204, 205, 206, 207, 208, 209, 210, 211, 212, 213, 214, 215, 216, 355, 356, 357, 358, 359, 360, 361, 429, 430, 431, 432, 433, 434, 435, 515, 516, 517, 518, 519, 520, 521, 522, 523, 524, 525, 526, 527, 672, 673, 674, 675, 676, 677, 678, 679, 680, 681, 682, 683, 684, 810, 811, 812, 813, 814, 881, 882, 883, 884, 885, 886]","[34, 35, 36, 37, 38, 39, 40, 41, 42, 43, 44, 45, 46, 47, 48, 201, 202, 203, 204, 205, 206, 207, 208, 209, 210, 211, 212, 213, 214, 215, 216, 355, 356, 357, 358, 359, 360, 361, 429, 430, 431, 432, 433, 434, 435, 515, 516, 517, 518, 519, 520, 521, 522, 523, 524, 525, 526, 527, 672, 673, 674, 675, 676, 677, 678, 679, 680, 681, 682, 683, 684, 810, 811, 812, 813, 814, 881, 882, 883, 884, 885, 886]",7/6 successful match,True,"[127, 128]",True,521,False,,1.0,True,Love's Travel Stop # 335,Love's
Cedar City ( 84721 ) Love's Travel Stop # 335,435-867-9888 I-15 Exit 62 ( Canyon Ranch Dr ),24 <U+2610> MOO 25 24 HAS,Cedar City,84721,Love's Travel Stop # 335,435-867-9888,2016,Cedar City,UT,Love's,( Canyon Ranch Dr ),I-15 Exit 62 ,Exit,62,False,,False,I-15,,,,,"[881, 429]","[425, 429, 877, 881]","[425, 429, 877, 881]","[425, 429, 877, 881]","[398, 399, 400, 401, 402, 403, 404, 405, 406, 407, 408, 409, 410, 411, 412, 413, 414, 415, 416, 417, 418, 419, 420, 421, 422, 423, 424, 425, 426, 427, 428, 429, 430, 431, 432, 433, 434, 435, 436, 437, 438, 439, 440, 441, 442, 443, 444, 445, 446, 447, 448, 449, 450, 451, 452, 453, 454, 455, 456, 457, 458, 459, 460, 461, 462, 463, 464, 465, 466, 467, 468, 469, 470, 471, 472, 473, 474, 475, 476, 477, 478, 479, 480, 481, 482, 483, 484, 848, 849, 850, 851, 852, 853, 854, 855, 856, 857, 858, 859, 860, 861, 862, 863, 864, 865, 866, 867, 868, 869, 870, 871, 872, 873, 874, 875, 876, 877, 878, 879, 880, 881, 882, 883, 884, 885, 886, 887, 888, 889, 890, 891, 892, 893, 894, 895, 896, 897, 898, 899, 900, 901, 902, 903, 904, 905, 906, 907, 908, 909, 910, 911, 912, 913, 914, 915, 916, 917, 918, 919, 920, 921, 922, 923, 924, 925, 926, 927, 928, 929, 930, 931, 932, 933, 934, 935]","[16, 125, 156, 163, 168, 184, 205, 222, 229, 253, 258, 265, 313, 317, 336, 340, 341, 356, 363, 365, 366, 367, 370, 375, 388, 391, 394, 396, 402, 410, 411, 412, 413, 415, 416, 417, 418, 419, 425, 429, 431, 433, 435, 437, 440, 441, 442, 443, 451, 452, 456, 457, 458, 460, 461, 464, 471, 473, 474, 475, 481, 482, 501, 596, 628, 635, 655, 675, 693, 716, 720, 725, 771, 775, 793, 796, 797, 811, 817, 818, 820, 825, 838, 841, 844, 846, 851, 857, 861, 862, 863, 864, 866, 867, 868, 870, 871, 877, 881, 883, 885, 888, 891, 892, 893, 898, 899, 904, 905, 907, 908, 911, 918, 920, 921, 922, 923, 924, 926, 931, 933]","[34, 35, 36, 37, 38, 39, 40, 41, 42, 43, 44, 45, 46, 47, 48, 201, 202, 203, 204, 205, 206, 207, 208, 209, 210, 211, 212, 213, 214, 215, 216, 355, 356, 357, 358, 359, 360, 361, 429, 430, 431, 432, 433, 434, 435, 515, 516, 517, 518, 519, 520, 521, 522, 523, 524, 525, 526, 527, 672, 673, 674, 675, 676, 677, 678, 679, 680, 681, 682, 683, 684, 810, 811, 812, 813, 814, 881, 882, 883, 884, 885, 886]","[32, 33, 34, 35, 36, 37, 38, 39, 40, 41, 42, 43, 44, 45, 46, 47, 48, 201, 202, 203, 204, 205, 206, 207, 208, 209, 210, 211, 212, 213, 214, 215, 216, 355, 356, 357, 358, 359, 360, 361, 429, 430, 431, 432, 433, 434, 435, 515, 516, 517, 518, 519, 520, 521, 522, 523, 524, 525, 526, 527, 672, 673, 674, 675, 676, 677, 678, 679, 680, 681, 682, 683, 684, 810, 811, 812, 813, 814, 881, 882, 883, 884, 885, 886]","[916, 515, 516, 517, 917, 518, 519, 520, 521, 918, 522, 523, 524, 525, 919, 16, 526, 527, 920, 921, 922, 32, 33, 34, 35, 923, 36, 388, 37, 38, 924, 39, 40, 41, 42, 925, 43, 44, 45, 46, 926, 47, 48, 927, 928, 929, 930, 931, 932, 596, 933, 934, 935, 391, 628, 635, 125, 655, 336, 156, 672, 673, 674, 163, 675, 676, 677, 678, 168, 679, 680, 681, 682, 683, 684, 340, 341, 693, 184, 394, 201, 202, 203, 716, 205, 204, 206, 720, 207, 208, 209, 210, 725, 211, 212, 213, 214, 215, 216, 375, 222, 229, 396, 355, 253, 356, 258, 771, 357, 775, 265, 358, 359, 360, 793, 361, 796, 797, 363, 810, 811, 812, 365, 813, 814, 817, 366, 818, 820, 367, 313, 825, 317, 370, 838, 841, 844, 846, 848, 849, 850, 851, 852, 853, 854, 855, 856, 857, 858, 859, 860, 861, 862, 863, 864, 865, 866, 867, 868, 869, 870, 871, 872, 873, 874, 875, 876, 877, 878, 879, 880, 881, 882, 883, 884, 885, 886, 887, 888, 889, 890, 891, 892, 893, 894, 895, 896, 897, 898, 899, 900, 901, 902, 903, 904, 905, 906, 907, 908, 909, 398, 399, 400, 401, 402, 403, 404, 405, 406, 407, 408, 409, 410, 411, 412, 413, 414, 415, 416, 417, 418, 419, 420, 421, 422, 423, 424, 425, 426, 427, 428, 429, 430, 431, 432, 433, 434, 435, 436, 437, 438, 439, 440, 441, 442, 443, 444, 445, 446, 447, 448, 449, 450, 451, 452, 453, 454, 455, 456, 457, 458, 459, 460, 461, 462, 463, 464, 465, 466, 467, 468, 469, 470, 471, 472, 473, 474, 475, 476, 477, 478, 479, 480, 481, 482, 483, 484, 910, 911, 912, 913, 501, 914, 915]",True,"[425, 429, 877, 881]","[398, 399, 400, 401, 402, 403, 404, 405, 406, 407, 408, 409, 410, 411, 412, 413, 414, 415, 416, 417, 418, 419, 420, 421, 422, 423, 424, 425, 426, 427, 428, 429, 430, 431, 432, 433, 434, 435, 436, 437, 438, 439, 440, 441, 442, 443, 444, 445, 446, 447, 448, 449, 450, 451, 452, 453, 454, 455, 456, 457, 458, 459, 460, 461, 462, 463, 464, 465, 466, 467, 468, 469, 470, 471, 472, 473, 474, 475, 476, 477, 478, 479, 480, 481, 482, 483, 484, 848, 849, 850, 851, 852, 853, 854, 855, 856, 857, 858, 859, 860, 861, 862, 863, 864, 865, 866, 867, 868, 869, 870, 871, 872, 873, 874, 875, 876, 877, 878, 879, 880, 881, 882, 883, 884, 885, 886, 887, 888, 889, 890, 891, 892, 893, 894, 895, 896, 897, 898, 899, 900, 901, 902, 903, 904, 905, 906, 907, 908, 909, 910, 911, 912, 913, 914, 915, 916, 917, 918, 919, 920, 921, 922, 923, 924, 925, 926, 927, 928, 929, 930, 931, 932, 933, 934, 935]","[425, 429, 877, 881]","[425, 429, 877, 881]","[16, 125, 156, 163, 168, 184, 205, 222, 229, 253, 258, 265, 313, 317, 336, 340, 341, 356, 363, 365, 366, 367, 370, 375, 388, 391, 394, 396, 402, 410, 411, 412, 413, 415, 416, 417, 418, 419, 425, 429, 431, 433, 435, 437, 440, 441, 442, 443, 451, 452, 456, 457, 458, 460, 461, 464, 471, 473, 474, 475, 481, 482, 501, 596, 628, 635, 655, 675, 693, 716, 720, 725, 771, 775, 793, 796, 797, 811, 817, 818, 820, 825, 838, 841, 844, 846, 851, 857, 861, 862, 863, 864, 866, 867, 868, 870, 871, 877, 881, 883, 885, 888, 891, 892, 893, 898, 899, 904, 905, 907, 908, 911, 918, 920, 921, 922, 923, 924, 926, 931, 933]","[32, 33, 34, 35, 36, 37, 38, 39, 40, 41, 42, 43, 44, 45, 46, 47, 48, 201, 202, 203, 204, 205, 206, 207, 208, 209, 210, 211, 212, 213, 214, 215, 216, 355, 356, 357, 358, 359, 360, 361, 429, 430, 431, 432, 433, 434, 435, 515, 516, 517, 518, 519, 520, 521, 522, 523, 524, 525, 526, 527, 672, 673, 674, 675, 676, 677, 678, 679, 680, 681, 682, 683, 684, 810, 811, 812, 813, 814, 881, 882, 883, 884, 885, 886]","[34, 35, 36, 37, 38, 39, 40, 41, 42, 43, 44, 45, 46, 47, 48, 201, 202, 203, 204, 205, 206, 207, 208, 209, 210, 211, 212, 213, 214, 215, 216, 355, 356, 357, 358, 359, 360, 361, 429, 430, 431, 432, 433, 434, 435, 515, 516, 517, 518, 519, 520, 521, 522, 523, 524, 525, 526, 527, 672, 673, 674, 675, 676, 677, 678, 679, 680, 681, 682, 683, 684, 810, 811, 812, 813, 814, 881, 882, 883, 884, 885, 886]",7/6 successful match,True,"[127, 128]",True,521,False,,1.0,True,Love's Travel Stop # 335,Love's
Hurricane ( 84737 ) Coral Canyon Market,435-628-4858 I-15 Exit 16 ( 1 mi E on UT 9 ),<U+2610> SO,Hurricane,84737,Coral Canyon Market,435-628-4858,2014,Hurricane,UT,,( 1 mi E on UT 9 ),I-15 Exit 16 ,Exit,16,False,,False,I-15,,,,,[857],"[428, 857, 880]",[857],[857],"[398, 399, 400, 401, 402, 403, 404, 405, 406, 407, 408, 409, 410, 411, 412, 413, 414, 415, 416, 417, 418, 419, 420, 421, 422, 423, 424, 425, 426, 427, 428, 429, 430, 431, 432, 433, 434, 435, 436, 437, 438, 439, 440, 441, 442, 443, 444, 445, 446, 447, 448, 449, 450, 451, 452, 453, 454, 455, 456, 457, 458, 459, 460, 461, 462, 463, 464, 465, 466, 467, 468, 469, 470, 471, 472, 473, 474, 475, 476, 477, 478, 479, 480, 481, 482, 483, 484, 848, 849, 850, 851, 852, 853, 854, 855, 856, 857, 858, 859, 860, 861, 862, 863, 864, 865, 866, 867, 868, 869, 870, 871, 872, 873, 874, 875, 876, 877, 878, 879, 880, 881, 882, 883, 884, 885, 886, 887, 888, 889, 890, 891, 892, 893, 894, 895, 896, 897, 898, 899, 900, 901, 902, 903, 904, 905, 906, 907, 908, 909, 910, 911, 912, 913, 914, 915, 916, 917, 918, 919, 920, 921, 922, 923, 924, 925, 926, 927, 928, 929, 930, 931, 932, 933, 934, 935]","[16, 125, 156, 163, 168, 184, 205, 222, 229, 253, 258, 265, 313, 317, 336, 340, 341, 356, 363, 365, 366, 367, 370, 375, 388, 391, 394, 396, 402, 410, 411, 412, 413, 415, 416, 417, 418, 419, 425, 429, 431, 433, 435, 437, 440, 441, 442, 443, 451, 452, 456, 457, 458, 460, 461, 464, 471, 473, 474, 475, 481, 482, 501, 596, 628, 635, 655, 675, 693, 716, 720, 725, 771, 775, 793, 796, 797, 811, 817, 818, 820, 825, 838, 841, 844, 846, 851, 857, 861, 862, 863, 864, 866, 867, 868, 870, 871, 877, 881, 883, 885, 888, 891, 892, 893, 898, 899, 904, 905, 907, 908, 911, 918, 920, 921, 922, 923, 924, 926, 931, 933]",[],"[405, 854, 857]","[916, 917, 918, 919, 16, 920, 921, 922, 923, 388, 924, 925, 926, 927, 928, 929, 930, 931, 932, 596, 933, 934, 935, 391, 628, 635, 125, 655, 336, 156, 163, 675, 168, 340, 341, 693, 184, 394, 716, 205, 720, 725, 375, 222, 229, 396, 253, 356, 258, 771, 775, 265, 793, 796, 797, 363, 811, 365, 817, 366, 818, 820, 367, 313, 825, 317, 370, 838, 841, 844, 846, 848, 849, 850, 851, 852, 853, 854, 855, 856, 857, 858, 859, 860, 861, 862, 863, 864, 865, 866, 867, 868, 869, 870, 871, 872, 873, 874, 875, 876, 877, 878, 879, 880, 881, 882, 883, 884, 885, 886, 887, 888, 889, 890, 891, 892, 893, 894, 895, 896, 897, 898, 899, 900, 901, 902, 903, 904, 905, 906, 907, 908, 909, 398, 399, 400, 401, 402, 403, 404, 405, 406, 407, 408, 409, 410, 411, 412, 413, 414, 415, 416, 417, 418, 419, 420, 421, 422, 423, 424, 425, 426, 427, 428, 429, 430, 431, 432, 433, 434, 435, 436, 437, 438, 439, 440, 441, 442, 443, 444, 445, 446, 447, 448, 449, 450, 451, 452, 453, 454, 455, 456, 457, 458, 459, 460, 461, 462, 463, 464, 465, 466, 467, 468, 469, 470, 471, 472, 473, 474, 475, 476, 477, 478, 479, 480, 481, 482, 483, 484, 910, 911, 912, 913, 501, 914, 915]",True,"[428, 857, 880]","[398, 399, 400, 401, 402, 403, 404, 405, 406, 407, 408, 409, 410, 411, 412, 413, 414, 415, 416, 417, 418, 419, 420, 421, 422, 423, 424, 425, 426, 427, 428, 429, 430, 431, 432, 433, 434, 435, 436, 437, 438, 439, 440, 441, 442, 443, 444, 445, 446, 447, 448, 449, 450, 451, 452, 453, 454, 455, 456, 457, 458, 459, 460, 461, 462, 463, 464, 465, 466, 467, 468, 469, 470, 471, 472, 473, 474, 475, 476, 477, 478, 479, 480, 481, 482, 483, 484, 848, 849, 850, 851, 852, 853, 854, 855, 856, 857, 858, 859, 860, 861, 862, 863, 864, 865, 866, 867, 868, 869, 870, 871, 872, 873, 874, 875, 876, 877, 878, 879, 880, 881, 882, 883, 884, 885, 886, 887, 888, 889, 890, 891, 892, 893, 894, 895, 896, 897, 898, 899, 900, 901, 902, 903, 904, 905, 906, 907, 908, 909, 910, 911, 912, 913, 914, 915, 916, 917, 918, 919, 920, 921, 922, 923, 924, 925, 926, 927, 928, 929, 930, 931, 932, 933, 934, 935]",[857],[857],"[16, 125, 156, 163, 168, 184, 205, 222, 229, 253, 258, 265, 313, 317, 336, 340, 341, 356, 363, 365, 366, 367, 370, 375, 388, 391, 394, 396, 402, 410, 411, 412, 413, 415, 416, 417, 418, 419, 425, 429, 431, 433, 435, 437, 440, 441, 442, 443, 451, 452, 456, 457, 458, 460, 461, 464, 471, 473, 474, 475, 481, 482, 501, 596, 628, 635, 655, 675, 693, 716, 720, 725, 771, 775, 793, 796, 797, 811, 817, 818, 820, 825, 838, 841, 844, 846, 851, 857, 861, 862, 863, 864, 866, 867, 868, 870, 871, 877, 881, 883, 885, 888, 891, 892, 893, 898, 899, 904, 905, 907, 908, 911, 918, 920, 921, 922, 923, 924, 926, 931, 933]","[405, 854, 857]",[],7/6 successful match,True,[209],True,522,False,,,,,
Hurricane ( 84737 ) Coral Canyon Market ( Chevron ),435-628-4858 I-15 Exit 16 ( 1 mi E on UT 9 ),SO,Hurricane,84737,Coral Canyon Market ( Chevron ),435-628-4858,2015,Hurricane,UT,Chevron,( 1 mi E on UT 9 ),I-15 Exit 16 ,Exit,16,False,,False,I-15,,,,,[857],"[428, 857, 880]",[857],[857],"[398, 399, 400, 401, 402, 403, 404, 405, 406, 407, 408, 409, 410, 411, 412, 413, 414, 415, 416, 417, 418, 419, 420, 421, 422, 423, 424, 425, 426, 427, 428, 429, 430, 431, 432, 433, 434, 435, 436, 437, 438, 439, 440, 441, 442, 443, 444, 445, 446, 447, 448, 449, 450, 451, 452, 453, 454, 455, 456, 457, 458, 459, 460, 461, 462, 463, 464, 465, 466, 467, 468, 469, 470, 471, 472, 473, 474, 475, 476, 477, 478, 479, 480, 481, 482, 483, 484, 848, 849, 850, 851, 852, 853, 854, 855, 856, 857, 858, 859, 860, 861, 862, 863, 864, 865, 866, 867, 868, 869, 870, 871, 872, 873, 874, 875, 876, 877, 878, 879, 880, 881, 882, 883, 884, 885, 886, 887, 888, 889, 890, 891, 892, 893, 894, 895, 896, 897, 898, 899, 900, 901, 902, 903, 904, 905, 906, 907, 908, 909, 910, 911, 912, 913, 914, 915, 916, 917, 918, 919, 920, 921, 922, 923, 924, 925, 926, 927, 928, 929, 930, 931, 932, 933, 934, 935]","[16, 125, 156, 163, 168, 184, 205, 222, 229, 253, 258, 265, 313, 317, 336, 340, 341, 356, 363, 365, 366, 367, 370, 375, 388, 391, 394, 396, 402, 410, 411, 412, 413, 415, 416, 417, 418, 419, 425, 429, 431, 433, 435, 437, 440, 441, 442, 443, 451, 452, 456, 457, 458, 460, 461, 464, 471, 473, 474, 475, 481, 482, 501, 596, 628, 635, 655, 675, 693, 716, 720, 725, 771, 775, 793, 796, 797, 811, 817, 818, 820, 825, 838, 841, 844, 846, 851, 857, 861, 862, 863, 864, 866, 867, 868, 870, 871, 877, 881, 883, 885, 888, 891, 892, 893, 898, 899, 904, 905, 907, 908, 911, 918, 920, 921, 922, 923, 924, 926, 931, 933]","[12, 24, 25, 28, 88, 100, 104, 119, 123, 129, 136, 137, 139, 140, 141, 148, 155, 169, 172, 179, 183, 185, 188, 196, 198, 217, 237, 267, 270, 278, 319, 321, 324, 325, 330, 334, 335, 354, 366, 369, 380, 383, 384, 386, 395, 407, 411, 423, 428, 436, 437, 452, 453, 456, 467, 471, 477, 478, 479, 497, 508, 511, 559, 571, 575, 590, 594, 600, 607, 608, 610, 611, 612, 619, 627, 640, 643, 650, 654, 656, 659, 667, 669, 685, 701, 726, 729, 737, 777, 779, 782, 783, 787, 790, 791, 809, 817, 819, 830, 833, 834, 836, 845, 856, 857, 860, 862, 875, 880, 887, 888, 899, 900, 914, 918, 921, 928, 929, 930]","[12, 24, 25, 28, 88, 100, 104, 119, 123, 129, 136, 137, 139, 140, 141, 148, 155, 169, 172, 179, 183, 185, 188, 196, 198, 217, 237, 267, 270, 278, 319, 321, 324, 325, 330, 334, 335, 354, 366, 369, 380, 383, 384, 386, 395, 405, 407, 411, 423, 428, 436, 437, 452, 453, 456, 467, 471, 477, 478, 479, 497, 508, 511, 559, 571, 575, 590, 594, 600, 607, 608, 610, 611, 612, 619, 627, 640, 643, 650, 654, 656, 659, 667, 669, 685, 701, 726, 729, 737, 777, 779, 782, 783, 787, 790, 791, 809, 817, 819, 830, 833, 834, 836, 845, 854, 856, 857, 860, 862, 875, 880, 887, 888, 899, 900, 914, 918, 921, 928, 929, 930]","[12, 16, 24, 25, 28, 88, 100, 104, 119, 123, 125, 129, 136, 137, 139, 140, 141, 148, 155, 156, 163, 168, 169, 172, 179, 183, 184, 185, 188, 196, 198, 205, 217, 222, 229, 237, 253, 258, 265, 267, 270, 278, 313, 317, 319, 321, 324, 325, 330, 334, 335, 336, 340, 341, 354, 356, 363, 365, 366, 367, 369, 370, 375, 380, 383, 384, 386, 388, 391, 394, 395, 396, 398, 399, 400, 401, 402, 403, 404, 405, 406, 407, 408, 409, 410, 411, 412, 413, 414, 415, 416, 417, 418, 419, 420, 421, 422, 423, 424, 425, 426, 427, 428, 429, 430, 431, 432, 433, 434, 435, 436, 437, 438, 439, 440, 441, 442, 443, 444, 445, 446, 447, 448, 449, 450, 451, 452, 453, 454, 455, 456, 457, 458, 459, 460, 461, 462, 463, 464, 465, 466, 467, 468, 469, 470, 471, 472, 473, 474, 475, 476, 477, 478, 479, 480, 481, 482, 483, 484, 497, 501, 508, 511, 559, 571, 575, 590, 594, 596, 600, 607, 608, 610, 611, 612, 619, 627, 628, 635, 640, 643, 650, 654, 655, 656, 659, 667, 669, 675, 685, 693, 701, 716, 720, 725, 726, 729, 737, 771, 775, 777, 779, 782, 783, 787, 790, 791, 793, 796, 797, 809, 811, 817, 818, 819, 820, 825, 830, 833, 834, 836, 838, 841, 844, 845, 846, 848, 849, 850, 851, 852, 853, 854, 855, 856, 857, 858, 859, 860, 861, 862, 863, 864, 865, 866, 867, 868, 869, 870, 871, 872, 873, 874, 875, 876, 877, 878, 879, 880, 881, 882, 883, 884, 885, 886, 887, 888, 889, 890, 891, 892, 893, 894, 895, 896, 897, 898, 899, 900, 901, 902, 903, 904, 905, 906, 907, 908, 909, 910, 911, 912, 913, 914, 915, 916, 917, 918, 919, 920, 921, 922, 923, 924, 925, 926, 927, 928, 929, 930, 931, 932, 933, 934, 935]",True,"[428, 857, 880]","[398, 399, 400, 401, 402, 403, 404, 405, 406, 407, 408, 409, 410, 411, 412, 413, 414, 415, 416, 417, 418, 419, 420, 421, 422, 423, 424, 425, 426, 427, 428, 429, 430, 431, 432, 433, 434, 435, 436, 437, 438, 439, 440, 441, 442, 443, 444, 445, 446, 447, 448, 449, 450, 451, 452, 453, 454, 455, 456, 457, 458, 459, 460, 461, 462, 463, 464, 465, 466, 467, 468, 469, 470, 471, 472, 473, 474, 475, 476, 477, 478, 479, 480, 481, 482, 483, 484, 848, 849, 850, 851, 852, 853, 854, 855, 856, 857, 858, 859, 860, 861, 862, 863, 864, 865, 866, 867, 868, 869, 870, 871, 872, 873, 874, 875, 876, 877, 878, 879, 880, 881, 882, 883, 884, 885, 886, 887, 888, 889, 890, 891, 892, 893, 894, 895, 896, 897, 898, 899, 900, 901, 902, 903, 904, 905, 906, 907, 908, 909, 910, 911, 912, 913, 914, 915, 916, 917, 918, 919, 920, 921, 922, 923, 924, 925, 926, 927, 928, 929, 930, 931, 932, 933, 934, 935]",[857],[857],"[16, 125, 156, 163, 168, 184, 205, 222, 229, 253, 258, 265, 313, 317, 336, 340, 341, 356, 363, 365, 366, 367, 370, 375, 388, 391, 394, 396, 402, 410, 411, 412, 413, 415, 416, 417, 418, 419, 425, 429, 431, 433, 435, 437, 440, 441, 442, 443, 451, 452, 456, 457, 458, 460, 461, 464, 471, 473, 474, 475, 481, 482, 501, 596, 628, 635, 655, 675, 693, 716, 720, 725, 771, 775, 793, 796, 797, 811, 817, 818, 820, 825, 838, 841, 844, 846, 851, 857, 861, 862, 863, 864, 866, 867, 868, 870, 871, 877, 881, 883, 885, 888, 891, 892, 893, 898, 899, 904, 905, 907, 908, 911, 918, 920, 921, 922, 923, 924, 926, 931, 933]","[12, 24, 25, 28, 88, 100, 104, 119, 123, 129, 136, 137, 139, 140, 141, 148, 155, 169, 172, 179, 183, 185, 188, 196, 198, 217, 237, 267, 270, 278, 319, 321, 324, 325, 330, 334, 335, 354, 366, 369, 380, 383, 384, 386, 395, 405, 407, 411, 423, 428, 436, 437, 452, 453, 456, 467, 471, 477, 478, 479, 497, 508, 511, 559, 571, 575, 590, 594, 600, 607, 608, 610, 611, 612, 619, 627, 640, 643, 650, 654, 656, 659, 667, 669, 685, 701, 726, 729, 737, 777, 779, 782, 783, 787, 790, 791, 809, 817, 819, 830, 833, 834, 836, 845, 854, 856, 857, 860, 862, 875, 880, 887, 888, 899, 900, 914, 918, 921, 928, 929, 930]","[12, 24, 25, 28, 88, 100, 104, 119, 123, 129, 136, 137, 139, 140, 141, 148, 155, 169, 172, 179, 183, 185, 188, 196, 198, 217, 237, 267, 270, 278, 319, 321, 324, 325, 330, 334, 335, 354, 366, 369, 380, 383, 384, 386, 395, 407, 411, 423, 428, 436, 437, 452, 453, 456, 467, 471, 477, 478, 479, 497, 508, 511, 559, 571, 575, 590, 594, 600, 607, 608, 610, 611, 612, 619, 627, 640, 643, 650, 654, 656, 659, 667, 669, 685, 701, 726, 729, 737, 777, 779, 782, 783, 787, 790, 791, 809, 817, 819, 830, 833, 834, 836, 845, 856, 857, 860, 862, 875, 880, 887, 888, 899, 900, 914, 918, 921, 928, 929, 930]",7/6 successful match,True,[209],True,522,False,,1.0,True,Coral Canyon Market,
Hurricane ( 84737 ) Coral Canyon Market ( Chevron ),435-628-4858 I-15 Exit 16 ( 1 mi E on UT 9 ),<U+2610> S,Hurricane,84737,Coral Canyon Market ( Chevron ),435-628-4858,2016,Hurricane,UT,Chevron,( 1 mi E on UT 9 ),I-15 Exit 16 ,Exit,16,False,,False,I-15,,,,,[857],"[428, 857, 880]",[857],[857],"[398, 399, 400, 401, 402, 403, 404, 405, 406, 407, 408, 409, 410, 411, 412, 413, 414, 415, 416, 417, 418, 419, 420, 421, 422, 423, 424, 425, 426, 427, 428, 429, 430, 431, 432, 433, 434, 435, 436, 437, 438, 439, 440, 441, 442, 443, 444, 445, 446, 447, 448, 449, 450, 451, 452, 453, 454, 455, 456, 457, 458, 459, 460, 461, 462, 463, 464, 465, 466, 467, 468, 469, 470, 471, 472, 473, 474, 475, 476, 477, 478, 479, 480, 481, 482, 483, 484, 848, 849, 850, 851, 852, 853, 854, 855, 856, 857, 858, 859, 860, 861, 862, 863, 864, 865, 866, 867, 868, 869, 870, 871, 872, 873, 874, 875, 876, 877, 878, 879, 880, 881, 882, 883, 884, 885, 886, 887, 888, 889, 890, 891, 892, 893, 894, 895, 896, 897, 898, 899, 900, 901, 902, 903, 904, 905, 906, 907, 908, 909, 910, 911, 912, 913, 914, 915, 916, 917, 918, 919, 920, 921, 922, 923, 924, 925, 926, 927, 928, 929, 930, 931, 932, 933, 934, 935]","[16, 125, 156, 163, 168, 184, 205, 222, 229, 253, 258, 265, 313, 317, 336, 340, 341, 356, 363, 365, 366, 367, 370, 375, 388, 391, 394, 396, 402, 410, 411, 412, 413, 415, 416, 417, 418, 419, 425, 429, 431, 433, 435, 437, 440, 441, 442, 443, 451, 452, 456, 457, 458, 460, 461, 464, 471, 473, 474, 475, 481, 482, 501, 596, 628, 635, 655, 675, 693, 716, 720, 725, 771, 775, 793, 796, 797, 811, 817, 818, 820, 825, 838, 841, 844, 846, 851, 857, 861, 862, 863, 864, 866, 867, 868, 870, 871, 877, 881, 883, 885, 888, 891, 892, 893, 898, 899, 904, 905, 907, 908, 911, 918, 920, 921, 922, 923, 924, 926, 931, 933]","[12, 24, 25, 28, 88, 100, 104, 119, 123, 129, 136, 137, 139, 140, 141, 148, 155, 169, 172, 179, 183, 185, 188, 196, 198, 217, 237, 267, 270, 278, 319, 321, 324, 325, 330, 334, 335, 354, 366, 369, 380, 383, 384, 386, 395, 407, 411, 423, 428, 436, 437, 452, 453, 456, 467, 471, 477, 478, 479, 497, 508, 511, 559, 571, 575, 590, 594, 600, 607, 608, 610, 611, 612, 619, 627, 640, 643, 650, 654, 656, 659, 667, 669, 685, 701, 726, 729, 737, 777, 779, 782, 783, 787, 790, 791, 809, 817, 819, 830, 833, 834, 836, 845, 856, 857, 860, 862, 875, 880, 887, 888, 899, 900, 914, 918, 921, 928, 929, 930]","[12, 24, 25, 28, 88, 100, 104, 119, 123, 129, 136, 137, 139, 140, 141, 148, 155, 169, 172, 179, 183, 185, 188, 196, 198, 217, 237, 267, 270, 278, 319, 321, 324, 325, 330, 334, 335, 354, 366, 369, 380, 383, 384, 386, 395, 405, 407, 411, 423, 428, 436, 437, 452, 453, 456, 467, 471, 477, 478, 479, 497, 508, 511, 559, 571, 575, 590, 594, 600, 607, 608, 610, 611, 612, 619, 627, 640, 643, 650, 654, 656, 659, 667, 669, 685, 701, 726, 729, 737, 777, 779, 782, 783, 787, 790, 791, 809, 817, 819, 830, 833, 834, 836, 845, 854, 856, 857, 860, 862, 875, 880, 887, 888, 899, 900, 914, 918, 921, 928, 929, 930]","[12, 16, 24, 25, 28, 88, 100, 104, 119, 123, 125, 129, 136, 137, 139, 140, 141, 148, 155, 156, 163, 168, 169, 172, 179, 183, 184, 185, 188, 196, 198, 205, 217, 222, 229, 237, 253, 258, 265, 267, 270, 278, 313, 317, 319, 321, 324, 325, 330, 334, 335, 336, 340, 341, 354, 356, 363, 365, 366, 367, 369, 370, 375, 380, 383, 384, 386, 388, 391, 394, 395, 396, 398, 399, 400, 401, 402, 403, 404, 405, 406, 407, 408, 409, 410, 411, 412, 413, 414, 415, 416, 417, 418, 419, 420, 421, 422, 423, 424, 425, 426, 427, 428, 429, 430, 431, 432, 433, 434, 435, 436, 437, 438, 439, 440, 441, 442, 443, 444, 445, 446, 447, 448, 449, 450, 451, 452, 453, 454, 455, 456, 457, 458, 459, 460, 461, 462, 463, 464, 465, 466, 467, 468, 469, 470, 471, 472, 473, 474, 475, 476, 477, 478, 479, 480, 481, 482, 483, 484, 497, 501, 508, 511, 559, 571, 575, 590, 594, 596, 600, 607, 608, 610, 611, 612, 619, 627, 628, 635, 640, 643, 650, 654, 655, 656, 659, 667, 669, 675, 685, 693, 701, 716, 720, 725, 726, 729, 737, 771, 775, 777, 779, 782, 783, 787, 790, 791, 793, 796, 797, 809, 811, 817, 818, 819, 820, 825, 830, 833, 834, 836, 838, 841, 844, 845, 846, 848, 849, 850, 851, 852, 853, 854, 855, 856, 857, 858, 859, 860, 861, 862, 863, 864, 865, 866, 867, 868, 869, 870, 871, 872, 873, 874, 875, 876, 877, 878, 879, 880, 881, 882, 883, 884, 885, 886, 887, 888, 889, 890, 891, 892, 893, 894, 895, 896, 897, 898, 899, 900, 901, 902, 903, 904, 905, 906, 907, 908, 909, 910, 911, 912, 913, 914, 915, 916, 917, 918, 919, 920, 921, 922, 923, 924, 925, 926, 927, 928, 929, 930, 931, 932, 933, 934, 935]",True,"[428, 857, 880]","[398, 399, 400, 401, 402, 403, 404, 405, 406, 407, 408, 409, 410, 411, 412, 413, 414, 415, 416, 417, 418, 419, 420, 421, 422, 423, 424, 425, 426, 427, 428, 429, 430, 431, 432, 433, 434, 435, 436, 437, 438, 439, 440, 441, 442, 443, 444, 445, 446, 447, 448, 449, 450, 451, 452, 453, 454, 455, 456, 457, 458, 459, 460, 461, 462, 463, 464, 465, 466, 467, 468, 469, 470, 471, 472, 473, 474, 475, 476, 477, 478, 479, 480, 481, 482, 483, 484, 848, 849, 850, 851, 852, 853, 854, 855, 856, 857, 858, 859, 860, 861, 862, 863, 864, 865, 866, 867, 868, 869, 870, 871, 872, 873, 874, 875, 876, 877, 878, 879, 880, 881, 882, 883, 884, 885, 886, 887, 888, 889, 890, 891, 892, 893, 894, 895, 896, 897, 898, 899, 900, 901, 902, 903, 904, 905, 906, 907, 908, 909, 910, 911, 912, 913, 914, 915, 916, 917, 918, 919, 920, 921, 922, 923, 924, 925, 926, 927, 928, 929, 930, 931, 932, 933, 934, 935]",[857],[857],"[16, 125, 156, 163, 168, 184, 205, 222, 229, 253, 258, 265, 313, 317, 336, 340, 341, 356, 363, 365, 366, 367, 370, 375, 388, 391, 394, 396, 402, 410, 411, 412, 413, 415, 416, 417, 418, 419, 425, 429, 431, 433, 435, 437, 440, 441, 442, 443, 451, 452, 456, 457, 458, 460, 461, 464, 471, 473, 474, 475, 481, 482, 501, 596, 628, 635, 655, 675, 693, 716, 720, 725, 771, 775, 793, 796, 797, 811, 817, 818, 820, 825, 838, 841, 844, 846, 851, 857, 861, 862, 863, 864, 866, 867, 868, 870, 871, 877, 881, 883, 885, 888, 891, 892, 893, 898, 899, 904, 905, 907, 908, 911, 918, 920, 921, 922, 923, 924, 926, 931, 933]","[12, 24, 25, 28, 88, 100, 104, 119, 123, 129, 136, 137, 139, 140, 141, 148, 155, 169, 172, 179, 183, 185, 188, 196, 198, 217, 237, 267, 270, 278, 319, 321, 324, 325, 330, 334, 335, 354, 366, 369, 380, 383, 384, 386, 395, 405, 407, 411, 423, 428, 436, 437, 452, 453, 456, 467, 471, 477, 478, 479, 497, 508, 511, 559, 571, 575, 590, 594, 600, 607, 608, 610, 611, 612, 619, 627, 640, 643, 650, 654, 656, 659, 667, 669, 685, 701, 726, 729, 737, 777, 779, 782, 783, 787, 790, 791, 809, 817, 819, 830, 833, 834, 836, 845, 854, 856, 857, 860, 862, 875, 880, 887, 888, 899, 900, 914, 918, 921, 928, 929, 930]","[12, 24, 25, 28, 88, 100, 104, 119, 123, 129, 136, 137, 139, 140, 141, 148, 155, 169, 172, 179, 183, 185, 188, 196, 198, 217, 237, 267, 270, 278, 319, 321, 324, 325, 330, 334, 335, 354, 366, 369, 380, 383, 384, 386, 395, 407, 411, 423, 428, 436, 437, 452, 453, 456, 467, 471, 477, 478, 479, 497, 508, 511, 559, 571, 575, 590, 594, 600, 607, 608, 610, 611, 612, 619, 627, 640, 643, 650, 654, 656, 659, 667, 669, 685, 701, 726, 729, 737, 777, 779, 782, 783, 787, 790, 791, 809, 817, 819, 830, 833, 834, 836, 845, 856, 857, 860, 862, 875, 880, 887, 888, 899, 900, 914, 918, 921, 928, 929, 930]",7/6 successful match,True,[209],True,522,False,,1.0,True,Coral Canyon Market ( Chevron ),Chevron
"J Kanab , 84741 Kanab Truck Stop",435-644-5706 US 89 & US 89A ( 217 S,S <U+2610>,Kanab,84741,Kanab Truck Stop,435-644-5706,2006,Kanab,UT,,( 217 S,US 89 & US 89A,empty,,False,,False,US 89,US 89,,,,[],[],[],[],"[398, 399, 400, 401, 402, 403, 404, 405, 406, 407, 408, 409, 410, 411, 412, 413, 414, 415, 416, 417, 418, 419, 420, 421, 422, 423, 424, 425, 426, 427, 428, 429, 430, 431, 432, 433, 434, 435, 436, 437, 438, 439, 440, 441, 442, 443, 444, 445, 446, 447, 448, 449, 450, 451, 452, 453, 454, 455, 456, 457, 458, 459, 460, 461, 462, 463, 464, 465, 466, 467, 468, 469, 470, 471, 472, 473, 474, 475, 476, 477, 478, 479, 480, 481, 482, 483, 484, 848, 849, 850, 851, 852, 853, 854, 855, 856, 857, 858, 859, 860, 861, 862, 863, 864, 865, 866, 867, 868, 869, 870, 871, 872, 873, 874, 875, 876, 877, 878, 879, 880, 881, 882, 883, 884, 885, 886, 887, 888, 889, 890, 891, 892, 893, 894, 895, 896, 897, 898, 899, 900, 901, 902, 903, 904, 905, 906, 907, 908, 909, 910, 911, 912, 913, 914, 915, 916, 917, 918, 919, 920, 921, 922, 923, 924, 925, 926, 927, 928, 929, 930, 931, 932, 933, 934, 935]","[3, 15, 29, 91, 427, 444, 463, 489, 500, 512, 562, 879, 894, 910]",[],[],"[512, 916, 3, 917, 918, 15, 919, 920, 921, 29, 922, 923, 924, 925, 562, 926, 927, 928, 929, 930, 931, 932, 933, 91, 934, 935, 848, 849, 850, 851, 852, 853, 854, 855, 856, 857, 858, 859, 860, 861, 862, 863, 864, 865, 866, 867, 868, 869, 870, 871, 872, 873, 874, 875, 876, 877, 878, 879, 880, 881, 882, 883, 884, 885, 886, 887, 888, 889, 890, 891, 892, 893, 894, 895, 896, 897, 898, 899, 900, 901, 902, 903, 904, 905, 906, 907, 908, 909, 398, 399, 400, 401, 402, 403, 404, 405, 406, 407, 408, 409, 410, 411, 412, 413, 414, 415, 416, 417, 418, 419, 420, 421, 422, 423, 424, 425, 426, 427, 428, 429, 430, 431, 432, 433, 434, 435, 436, 437, 438, 439, 440, 441, 442, 443, 444, 445, 446, 447, 448, 449, 450, 451, 452, 453, 454, 455, 456, 457, 458, 459, 460, 461, 462, 463, 464, 465, 466, 467, 468, 469, 470, 471, 472, 473, 474, 475, 476, 477, 478, 479, 480, 481, 482, 483, 484, 910, 911, 489, 912, 913, 500, 914, 915]",False,[],"[398, 399, 400, 401, 402, 403, 404, 405, 406, 407, 408, 409, 410, 411, 412, 413, 414, 415, 416, 417, 418, 419, 420, 421, 422, 423, 424, 425, 426, 427, 428, 429, 430, 431, 432, 433, 434, 435, 436, 437, 438, 439, 440, 441, 442, 443, 444, 445, 446, 447, 448, 449, 450, 451, 452, 453, 454, 455, 456, 457, 458, 459, 460, 461, 462, 463, 464, 465, 466, 467, 468, 469, 470, 471, 472, 473, 474, 475, 476, 477, 478, 479, 480, 481, 482, 483, 484, 848, 849, 850, 851, 852, 853, 854, 855, 856, 857, 858, 859, 860, 861, 862, 863, 864, 865, 866, 867, 868, 869, 870, 871, 872, 873, 874, 875, 876, 877, 878, 879, 880, 881, 882, 883, 884, 885, 886, 887, 888, 889, 890, 891, 892, 893, 894, 895, 896, 897, 898, 899, 900, 901, 902, 903, 904, 905, 906, 907, 908, 909, 910, 911, 912, 913, 914, 915, 916, 917, 918, 919, 920, 921, 922, 923, 924, 925, 926, 927, 928, 929, 930, 931, 932, 933, 934, 935]",[],[],"[3, 15, 29, 91, 427, 444, 463, 489, 500, 512, 562, 879, 894, 910]",[],[],7/6 successful match,False,,False,523,False,,,,,
"J Kanab , 84741 Kanab Truck Stop",435-644-5706 US 89 & US 89A ( 217 S 100 E ),<U+2610>,Kanab,84741,Kanab Truck Stop,435-644-5706,2007,Kanab,UT,,( 217 S 100 E ),US 89 & US 89A,empty,,False,,False,US 89,US 89,,,,[],[],[],[],"[398, 399, 400, 401, 402, 403, 404, 405, 406, 407, 408, 409, 410, 411, 412, 413, 414, 415, 416, 417, 418, 419, 420, 421, 422, 423, 424, 425, 426, 427, 428, 429, 430, 431, 432, 433, 434, 435, 436, 437, 438, 439, 440, 441, 442, 443, 444, 445, 446, 447, 448, 449, 450, 451, 452, 453, 454, 455, 456, 457, 458, 459, 460, 461, 462, 463, 464, 465, 466, 467, 468, 469, 470, 471, 472, 473, 474, 475, 476, 477, 478, 479, 480, 481, 482, 483, 484, 848, 849, 850, 851, 852, 853, 854, 855, 856, 857, 858, 859, 860, 861, 862, 863, 864, 865, 866, 867, 868, 869, 870, 871, 872, 873, 874, 875, 876, 877, 878, 879, 880, 881, 882, 883, 884, 885, 886, 887, 888, 889, 890, 891, 892, 893, 894, 895, 896, 897, 898, 899, 900, 901, 902, 903, 904, 905, 906, 907, 908, 909, 910, 911, 912, 913, 914, 915, 916, 917, 918, 919, 920, 921, 922, 923, 924, 925, 926, 927, 928, 929, 930, 931, 932, 933, 934, 935]","[3, 15, 29, 91, 427, 444, 463, 489, 500, 512, 562, 879, 894, 910]",[],[],"[512, 916, 3, 917, 918, 15, 919, 920, 921, 29, 922, 923, 924, 925, 562, 926, 927, 928, 929, 930, 931, 932, 933, 91, 934, 935, 848, 849, 850, 851, 852, 853, 854, 855, 856, 857, 858, 859, 860, 861, 862, 863, 864, 865, 866, 867, 868, 869, 870, 871, 872, 873, 874, 875, 876, 877, 878, 879, 880, 881, 882, 883, 884, 885, 886, 887, 888, 889, 890, 891, 892, 893, 894, 895, 896, 897, 898, 899, 900, 901, 902, 903, 904, 905, 906, 907, 908, 909, 398, 399, 400, 401, 402, 403, 404, 405, 406, 407, 408, 409, 410, 411, 412, 413, 414, 415, 416, 417, 418, 419, 420, 421, 422, 423, 424, 425, 426, 427, 428, 429, 430, 431, 432, 433, 434, 435, 436, 437, 438, 439, 440, 441, 442, 443, 444, 445, 446, 447, 448, 449, 450, 451, 452, 453, 454, 455, 456, 457, 458, 459, 460, 461, 462, 463, 464, 465, 466, 467, 468, 469, 470, 471, 472, 473, 474, 475, 476, 477, 478, 479, 480, 481, 482, 483, 484, 910, 911, 489, 912, 913, 500, 914, 915]",False,[],"[398, 399, 400, 401, 402, 403, 404, 405, 406, 407, 408, 409, 410, 411, 412, 413, 414, 415, 416, 417, 418, 419, 420, 421, 422, 423, 424, 425, 426, 427, 428, 429, 430, 431, 432, 433, 434, 435, 436, 437, 438, 439, 440, 441, 442, 443, 444, 445, 446, 447, 448, 449, 450, 451, 452, 453, 454, 455, 456, 457, 458, 459, 460, 461, 462, 463, 464, 465, 466, 467, 468, 469, 470, 471, 472, 473, 474, 475, 476, 477, 478, 479, 480, 481, 482, 483, 484, 848, 849, 850, 851, 852, 853, 854, 855, 856, 857, 858, 859, 860, 861, 862, 863, 864, 865, 866, 867, 868, 869, 870, 871, 872, 873, 874, 875, 876, 877, 878, 879, 880, 881, 882, 883, 884, 885, 886, 887, 888, 889, 890, 891, 892, 893, 894, 895, 896, 897, 898, 899, 900, 901, 902, 903, 904, 905, 906, 907, 908, 909, 910, 911, 912, 913, 914, 915, 916, 917, 918, 919, 920, 921, 922, 923, 924, 925, 926, 927, 928, 929, 930, 931, 932, 933, 934, 935]",[],[],"[3, 15, 29, 91, 427, 444, 463, 489, 500, 512, 562, 879, 894, 910]",[],[],7/6 successful match,False,,False,523,False,,0.8999999999999999,True,Kanab Truck Stop,
"Ruby's Inn , 84764 Bryce Canyon Chevron",435-834-5222 UT 63 ( 1 mi S of UT 12 ),<U+2610>,Rubys Inn,84764,Bryce Canyon Chevron,435-834-5222,2006,Bryce,UT,Chevron,( 1 mi S of UT 12 ),UT 63,empty,,False,,False,UT 63,,,,,[],"[405, 854]","[405, 854]",[],"[398, 399, 400, 401, 402, 403, 404, 405, 406, 407, 408, 409, 410, 411, 412, 413, 414, 415, 416, 417, 418, 419, 420, 421, 422, 423, 424, 425, 426, 427, 428, 429, 430, 431, 432, 433, 434, 435, 436, 437, 438, 439, 440, 441, 442, 443, 444, 445, 446, 447, 448, 449, 450, 451, 452, 453, 454, 455, 456, 457, 458, 459, 460, 461, 462, 463, 464, 465, 466, 467, 468, 469, 470, 471, 472, 473, 474, 475, 476, 477, 478, 479, 480, 481, 482, 483, 484, 848, 849, 850, 851, 852, 853, 854, 855, 856, 857, 858, 859, 860, 861, 862, 863, 864, 865, 866, 867, 868, 869, 870, 871, 872, 873, 874, 875, 876, 877, 878, 879, 880, 881, 882, 883, 884, 885, 886, 887, 888, 889, 890, 891, 892, 893, 894, 895, 896, 897, 898, 899, 900, 901, 902, 903, 904, 905, 906, 907, 908, 909, 910, 911, 912, 913, 914, 915, 916, 917, 918, 919, 920, 921, 922, 923, 924, 925, 926, 927, 928, 929, 930, 931, 932, 933, 934, 935]","[399, 401, 405, 408, 428, 436, 439, 445, 447, 848, 850, 854, 858, 880, 887, 890, 895, 927]","[12, 24, 25, 28, 88, 100, 104, 119, 123, 129, 136, 137, 139, 140, 141, 148, 155, 169, 172, 179, 183, 185, 188, 196, 198, 217, 237, 267, 270, 278, 319, 321, 324, 325, 330, 334, 335, 354, 366, 369, 380, 383, 384, 386, 395, 407, 411, 423, 428, 436, 437, 452, 453, 456, 467, 471, 477, 478, 479, 497, 508, 511, 559, 571, 575, 590, 594, 600, 607, 608, 610, 611, 612, 619, 627, 640, 643, 650, 654, 656, 659, 667, 669, 685, 701, 726, 729, 737, 777, 779, 782, 783, 787, 790, 791, 809, 817, 819, 830, 833, 834, 836, 845, 856, 857, 860, 862, 875, 880, 887, 888, 899, 900, 914, 918, 921, 928, 929, 930]","[12, 24, 25, 28, 88, 100, 104, 119, 123, 129, 136, 137, 139, 140, 141, 148, 155, 169, 172, 179, 183, 185, 188, 196, 198, 217, 237, 267, 270, 278, 319, 321, 324, 325, 330, 334, 335, 354, 366, 369, 380, 383, 384, 386, 395, 405, 407, 411, 423, 428, 436, 437, 452, 453, 456, 467, 471, 477, 478, 479, 497, 508, 511, 559, 571, 575, 590, 594, 600, 607, 608, 610, 611, 612, 619, 627, 640, 643, 650, 654, 656, 659, 667, 669, 685, 701, 726, 729, 737, 777, 779, 782, 783, 787, 790, 791, 809, 817, 819, 830, 833, 834, 836, 845, 854, 856, 857, 860, 862, 875, 880, 887, 888, 899, 900, 914, 918, 921, 928, 929, 930]","[916, 917, 918, 12, 919, 920, 24, 25, 921, 28, 922, 923, 924, 925, 559, 926, 383, 927, 571, 928, 575, 929, 930, 931, 590, 932, 594, 933, 88, 600, 934, 607, 608, 935, 610, 611, 100, 612, 104, 619, 627, 119, 123, 640, 129, 643, 136, 137, 650, 139, 140, 141, 654, 656, 659, 148, 155, 667, 669, 169, 172, 685, 179, 183, 185, 188, 701, 380, 196, 198, 384, 395, 726, 217, 729, 737, 237, 354, 777, 267, 779, 270, 782, 783, 787, 278, 790, 791, 809, 817, 366, 819, 830, 319, 321, 369, 833, 324, 325, 834, 836, 330, 845, 334, 335, 848, 849, 850, 851, 852, 853, 854, 855, 856, 857, 858, 859, 860, 861, 862, 863, 864, 865, 866, 867, 868, 869, 870, 871, 872, 873, 874, 875, 876, 877, 878, 879, 880, 881, 882, 883, 884, 885, 886, 887, 888, 889, 890, 891, 892, 893, 894, 895, 896, 897, 898, 899, 900, 901, 902, 903, 904, 905, 906, 907, 908, 909, 398, 399, 400, 401, 402, 403, 404, 405, 406, 407, 408, 409, 410, 411, 412, 413, 414, 415, 416, 417, 418, 419, 420, 421, 422, 423, 424, 425, 426, 427, 428, 429, 430, 431, 432, 433, 434, 435, 436, 437, 438, 439, 440, 441, 442, 443, 444, 445, 446, 447, 448, 449, 450, 451, 452, 453, 454, 455, 456, 457, 458, 459, 460, 461, 462, 463, 464, 465, 466, 467, 468, 469, 470, 471, 472, 473, 474, 475, 476, 477, 478, 479, 480, 481, 482, 483, 484, 910, 911, 912, 508, 497, 913, 386, 914, 915, 511]",False,"[405, 854]","[398, 399, 400, 401, 402, 403, 404, 405, 406, 407, 408, 409, 410, 411, 412, 413, 414, 415, 416, 417, 418, 419, 420, 421, 422, 423, 424, 425, 426, 427, 428, 429, 430, 431, 432, 433, 434, 435, 436, 437, 438, 439, 440, 441, 442, 443, 444, 445, 446, 447, 448, 449, 450, 451, 452, 453, 454, 455, 456, 457, 458, 459, 460, 461, 462, 463, 464, 465, 466, 467, 468, 469, 470, 471, 472, 473, 474, 475, 476, 477, 478, 479, 480, 481, 482, 483, 484, 848, 849, 850, 851, 852, 853, 854, 855, 856, 857, 858, 859, 860, 861, 862, 863, 864, 865, 866, 867, 868, 869, 870, 871, 872, 873, 874, 875, 876, 877, 878, 879, 880, 881, 882, 883, 884, 885, 886, 887, 888, 889, 890, 891, 892, 893, 894, 895, 896, 897, 898, 899, 900, 901, 902, 903, 904, 905, 906, 907, 908, 909, 910, 911, 912, 913, 914, 915, 916, 917, 918, 919, 920, 921, 922, 923, 924, 925, 926, 927, 928, 929, 930, 931, 932, 933, 934, 935]","[405, 854]",[],"[399, 401, 405, 408, 428, 436, 439, 445, 447, 848, 850, 854, 858, 880, 887, 890, 895, 927]","[12, 24, 25, 28, 88, 100, 104, 119, 123, 129, 136, 137, 139, 140, 141, 148, 155, 169, 172, 179, 183, 185, 188, 196, 198, 217, 237, 267, 270, 278, 319, 321, 324, 325, 330, 334, 335, 354, 366, 369, 380, 383, 384, 386, 395, 405, 407, 411, 423, 428, 436, 437, 452, 453, 456, 467, 471, 477, 478, 479, 497, 508, 511, 559, 571, 575, 590, 594, 600, 607, 608, 610, 611, 612, 619, 627, 640, 643, 650, 654, 656, 659, 667, 669, 685, 701, 726, 729, 737, 777, 779, 782, 783, 787, 790, 791, 809, 817, 819, 830, 833, 834, 836, 845, 854, 856, 857, 860, 862, 875, 880, 887, 888, 899, 900, 914, 918, 921, 928, 929, 930]","[12, 24, 25, 28, 88, 100, 104, 119, 123, 129, 136, 137, 139, 140, 141, 148, 155, 169, 172, 179, 183, 185, 188, 196, 198, 217, 237, 267, 270, 278, 319, 321, 324, 325, 330, 334, 335, 354, 366, 369, 380, 383, 384, 386, 395, 407, 411, 423, 428, 436, 437, 452, 453, 456, 467, 471, 477, 478, 479, 497, 508, 511, 559, 571, 575, 590, 594, 600, 607, 608, 610, 611, 612, 619, 627, 640, 643, 650, 654, 656, 659, 667, 669, 685, 701, 726, 729, 737, 777, 779, 782, 783, 787, 790, 791, 809, 817, 819, 830, 833, 834, 836, 845, 856, 857, 860, 862, 875, 880, 887, 888, 899, 900, 914, 918, 921, 928, 929, 930]",6/6 successful match,False,"[110, 111]",True,524,False,,,,,
"Ruby's Inn , 84764 Bryce Canyon Chevron",435-834-5222 UT 63 ( 1 mi S of UT 12 ),,Rubys Inn,84764,Bryce Canyon Chevron,435-834-5222,2007,Bryce,UT,Chevron,( 1 mi S of UT 12 ),UT 63,empty,,False,,False,UT 63,,,,,[],"[405, 854]","[405, 854]",[],"[398, 399, 400, 401, 402, 403, 404, 405, 406, 407, 408, 409, 410, 411, 412, 413, 414, 415, 416, 417, 418, 419, 420, 421, 422, 423, 424, 425, 426, 427, 428, 429, 430, 431, 432, 433, 434, 435, 436, 437, 438, 439, 440, 441, 442, 443, 444, 445, 446, 447, 448, 449, 450, 451, 452, 453, 454, 455, 456, 457, 458, 459, 460, 461, 462, 463, 464, 465, 466, 467, 468, 469, 470, 471, 472, 473, 474, 475, 476, 477, 478, 479, 480, 481, 482, 483, 484, 848, 849, 850, 851, 852, 853, 854, 855, 856, 857, 858, 859, 860, 861, 862, 863, 864, 865, 866, 867, 868, 869, 870, 871, 872, 873, 874, 875, 876, 877, 878, 879, 880, 881, 882, 883, 884, 885, 886, 887, 888, 889, 890, 891, 892, 893, 894, 895, 896, 897, 898, 899, 900, 901, 902, 903, 904, 905, 906, 907, 908, 909, 910, 911, 912, 913, 914, 915, 916, 917, 918, 919, 920, 921, 922, 923, 924, 925, 926, 927, 928, 929, 930, 931, 932, 933, 934, 935]","[399, 401, 405, 408, 428, 436, 439, 445, 447, 848, 850, 854, 858, 880, 887, 890, 895, 927]","[12, 24, 25, 28, 88, 100, 104, 119, 123, 129, 136, 137, 139, 140, 141, 148, 155, 169, 172, 179, 183, 185, 188, 196, 198, 217, 237, 267, 270, 278, 319, 321, 324, 325, 330, 334, 335, 354, 366, 369, 380, 383, 384, 386, 395, 407, 411, 423, 428, 436, 437, 452, 453, 456, 467, 471, 477, 478, 479, 497, 508, 511, 559, 571, 575, 590, 594, 600, 607, 608, 610, 611, 612, 619, 627, 640, 643, 650, 654, 656, 659, 667, 669, 685, 701, 726, 729, 737, 777, 779, 782, 783, 787, 790, 791, 809, 817, 819, 830, 833, 834, 836, 845, 856, 857, 860, 862, 875, 880, 887, 888, 899, 900, 914, 918, 921, 928, 929, 930]","[12, 24, 25, 28, 88, 100, 104, 119, 123, 129, 136, 137, 139, 140, 141, 148, 155, 169, 172, 179, 183, 185, 188, 196, 198, 217, 237, 267, 270, 278, 319, 321, 324, 325, 330, 334, 335, 354, 366, 369, 380, 383, 384, 386, 395, 405, 407, 411, 423, 428, 436, 437, 452, 453, 456, 467, 471, 477, 478, 479, 497, 508, 511, 559, 571, 575, 590, 594, 600, 607, 608, 610, 611, 612, 619, 627, 640, 643, 650, 654, 656, 659, 667, 669, 685, 701, 726, 729, 737, 777, 779, 782, 783, 787, 790, 791, 809, 817, 819, 830, 833, 834, 836, 845, 854, 856, 857, 860, 862, 875, 880, 887, 888, 899, 900, 914, 918, 921, 928, 929, 930]","[916, 917, 918, 12, 919, 920, 24, 25, 921, 28, 922, 923, 924, 925, 559, 926, 383, 927, 571, 928, 575, 929, 930, 931, 590, 932, 594, 933, 88, 600, 934, 607, 608, 935, 610, 611, 100, 612, 104, 619, 627, 119, 123, 640, 129, 643, 136, 137, 650, 139, 140, 141, 654, 656, 659, 148, 155, 667, 669, 169, 172, 685, 179, 183, 185, 188, 701, 380, 196, 198, 384, 395, 726, 217, 729, 737, 237, 354, 777, 267, 779, 270, 782, 783, 787, 278, 790, 791, 809, 817, 366, 819, 830, 319, 321, 369, 833, 324, 325, 834, 836, 330, 845, 334, 335, 848, 849, 850, 851, 852, 853, 854, 855, 856, 857, 858, 859, 860, 861, 862, 863, 864, 865, 866, 867, 868, 869, 870, 871, 872, 873, 874, 875, 876, 877, 878, 879, 880, 881, 882, 883, 884, 885, 886, 887, 888, 889, 890, 891, 892, 893, 894, 895, 896, 897, 898, 899, 900, 901, 902, 903, 904, 905, 906, 907, 908, 909, 398, 399, 400, 401, 402, 403, 404, 405, 406, 407, 408, 409, 410, 411, 412, 413, 414, 415, 416, 417, 418, 419, 420, 421, 422, 423, 424, 425, 426, 427, 428, 429, 430, 431, 432, 433, 434, 435, 436, 437, 438, 439, 440, 441, 442, 443, 444, 445, 446, 447, 448, 449, 450, 451, 452, 453, 454, 455, 456, 457, 458, 459, 460, 461, 462, 463, 464, 465, 466, 467, 468, 469, 470, 471, 472, 473, 474, 475, 476, 477, 478, 479, 480, 481, 482, 483, 484, 910, 911, 912, 508, 497, 913, 386, 914, 915, 511]",False,"[405, 854]","[398, 399, 400, 401, 402, 403, 404, 405, 406, 407, 408, 409, 410, 411, 412, 413, 414, 415, 416, 417, 418, 419, 420, 421, 422, 423, 424, 425, 426, 427, 428, 429, 430, 431, 432, 433, 434, 435, 436, 437, 438, 439, 440, 441, 442, 443, 444, 445, 446, 447, 448, 449, 450, 451, 452, 453, 454, 455, 456, 457, 458, 459, 460, 461, 462, 463, 464, 465, 466, 467, 468, 469, 470, 471, 472, 473, 474, 475, 476, 477, 478, 479, 480, 481, 482, 483, 484, 848, 849, 850, 851, 852, 853, 854, 855, 856, 857, 858, 859, 860, 861, 862, 863, 864, 865, 866, 867, 868, 869, 870, 871, 872, 873, 874, 875, 876, 877, 878, 879, 880, 881, 882, 883, 884, 885, 886, 887, 888, 889, 890, 891, 892, 893, 894, 895, 896, 897, 898, 899, 900, 901, 902, 903, 904, 905, 906, 907, 908, 909, 910, 911, 912, 913, 914, 915, 916, 917, 918, 919, 920, 921, 922, 923, 924, 925, 926, 927, 928, 929, 930, 931, 932, 933, 934, 935]","[405, 854]",[],"[399, 401, 405, 408, 428, 436, 439, 445, 447, 848, 850, 854, 858, 880, 887, 890, 895, 927]","[12, 24, 25, 28, 88, 100, 104, 119, 123, 129, 136, 137, 139, 140, 141, 148, 155, 169, 172, 179, 183, 185, 188, 196, 198, 217, 237, 267, 270, 278, 319, 321, 324, 325, 330, 334, 335, 354, 366, 369, 380, 383, 384, 386, 395, 405, 407, 411, 423, 428, 436, 437, 452, 453, 456, 467, 471, 477, 478, 479, 497, 508, 511, 559, 571, 575, 590, 594, 600, 607, 608, 610, 611, 612, 619, 627, 640, 643, 650, 654, 656, 659, 667, 669, 685, 701, 726, 729, 737, 777, 779, 782, 783, 787, 790, 791, 809, 817, 819, 830, 833, 834, 836, 845, 854, 856, 857, 860, 862, 875, 880, 887, 888, 899, 900, 914, 918, 921, 928, 929, 930]","[12, 24, 25, 28, 88, 100, 104, 119, 123, 129, 136, 137, 139, 140, 141, 148, 155, 169, 172, 179, 183, 185, 188, 196, 198, 217, 237, 267, 270, 278, 319, 321, 324, 325, 330, 334, 335, 354, 366, 369, 380, 383, 384, 386, 395, 407, 411, 423, 428, 436, 437, 452, 453, 456, 467, 471, 477, 478, 479, 497, 508, 511, 559, 571, 575, 590, 594, 600, 607, 608, 610, 611, 612, 619, 627, 640, 643, 650, 654, 656, 659, 667, 669, 685, 701, 726, 729, 737, 777, 779, 782, 783, 787, 790, 791, 809, 817, 819, 830, 833, 834, 836, 845, 856, 857, 860, 862, 875, 880, 887, 888, 899, 900, 914, 918, 921, 928, 929, 930]",6/6 successful match,False,"[110, 111]",True,524,False,,1.0,True,Bryce Canyon Chevron,Chevron
"Ruby's Inn , 84764 Bryce Canyon Chevron",3 435-834-5222 UT 63 ( 1 mi S of UT 12 ),<U+2610><U+2610>,Rubys Inn,84764,Bryce Canyon Chevron,435-834-5222,2008,Bryce,UT,Chevron,( 1 mi S of UT 12 ),UT 63,empty,,False,,False,UT 63,,,,,[],"[405, 854]","[405, 854]",[],"[398, 399, 400, 401, 402, 403, 404, 405, 406, 407, 408, 409, 410, 411, 412, 413, 414, 415, 416, 417, 418, 419, 420, 421, 422, 423, 424, 425, 426, 427, 428, 429, 430, 431, 432, 433, 434, 435, 436, 437, 438, 439, 440, 441, 442, 443, 444, 445, 446, 447, 448, 449, 450, 451, 452, 453, 454, 455, 456, 457, 458, 459, 460, 461, 462, 463, 464, 465, 466, 467, 468, 469, 470, 471, 472, 473, 474, 475, 476, 477, 478, 479, 480, 481, 482, 483, 484, 848, 849, 850, 851, 852, 853, 854, 855, 856, 857, 858, 859, 860, 861, 862, 863, 864, 865, 866, 867, 868, 869, 870, 871, 872, 873, 874, 875, 876, 877, 878, 879, 880, 881, 882, 883, 884, 885, 886, 887, 888, 889, 890, 891, 892, 893, 894, 895, 896, 897, 898, 899, 900, 901, 902, 903, 904, 905, 906, 907, 908, 909, 910, 911, 912, 913, 914, 915, 916, 917, 918, 919, 920, 921, 922, 923, 924, 925, 926, 927, 928, 929, 930, 931, 932, 933, 934, 935]","[399, 401, 405, 408, 428, 436, 439, 445, 447, 848, 850, 854, 858, 880, 887, 890, 895, 927]","[12, 24, 25, 28, 88, 100, 104, 119, 123, 129, 136, 137, 139, 140, 141, 148, 155, 169, 172, 179, 183, 185, 188, 196, 198, 217, 237, 267, 270, 278, 319, 321, 324, 325, 330, 334, 335, 354, 366, 369, 380, 383, 384, 386, 395, 407, 411, 423, 428, 436, 437, 452, 453, 456, 467, 471, 477, 478, 479, 497, 508, 511, 559, 571, 575, 590, 594, 600, 607, 608, 610, 611, 612, 619, 627, 640, 643, 650, 654, 656, 659, 667, 669, 685, 701, 726, 729, 737, 777, 779, 782, 783, 787, 790, 791, 809, 817, 819, 830, 833, 834, 836, 845, 856, 857, 860, 862, 875, 880, 887, 888, 899, 900, 914, 918, 921, 928, 929, 930]","[12, 24, 25, 28, 88, 100, 104, 119, 123, 129, 136, 137, 139, 140, 141, 148, 155, 169, 172, 179, 183, 185, 188, 196, 198, 217, 237, 267, 270, 278, 319, 321, 324, 325, 330, 334, 335, 354, 366, 369, 380, 383, 384, 386, 395, 405, 407, 411, 423, 428, 436, 437, 452, 453, 456, 467, 471, 477, 478, 479, 497, 508, 511, 559, 571, 575, 590, 594, 600, 607, 608, 610, 611, 612, 619, 627, 640, 643, 650, 654, 656, 659, 667, 669, 685, 701, 726, 729, 737, 777, 779, 782, 783, 787, 790, 791, 809, 817, 819, 830, 833, 834, 836, 845, 854, 856, 857, 860, 862, 875, 880, 887, 888, 899, 900, 914, 918, 921, 928, 929, 930]","[916, 917, 918, 12, 919, 920, 24, 25, 921, 28, 922, 923, 924, 925, 559, 926, 383, 927, 571, 928, 575, 929, 930, 931, 590, 932, 594, 933, 88, 600, 934, 607, 608, 935, 610, 611, 100, 612, 104, 619, 627, 119, 123, 640, 129, 643, 136, 137, 650, 139, 140, 141, 654, 656, 659, 148, 155, 667, 669, 169, 172, 685, 179, 183, 185, 188, 701, 380, 196, 198, 384, 395, 726, 217, 729, 737, 237, 354, 777, 267, 779, 270, 782, 783, 787, 278, 790, 791, 809, 817, 366, 819, 830, 319, 321, 369, 833, 324, 325, 834, 836, 330, 845, 334, 335, 848, 849, 850, 851, 852, 853, 854, 855, 856, 857, 858, 859, 860, 861, 862, 863, 864, 865, 866, 867, 868, 869, 870, 871, 872, 873, 874, 875, 876, 877, 878, 879, 880, 881, 882, 883, 884, 885, 886, 887, 888, 889, 890, 891, 892, 893, 894, 895, 896, 897, 898, 899, 900, 901, 902, 903, 904, 905, 906, 907, 908, 909, 398, 399, 400, 401, 402, 403, 404, 405, 406, 407, 408, 409, 410, 411, 412, 413, 414, 415, 416, 417, 418, 419, 420, 421, 422, 423, 424, 425, 426, 427, 428, 429, 430, 431, 432, 433, 434, 435, 436, 437, 438, 439, 440, 441, 442, 443, 444, 445, 446, 447, 448, 449, 450, 451, 452, 453, 454, 455, 456, 457, 458, 459, 460, 461, 462, 463, 464, 465, 466, 467, 468, 469, 470, 471, 472, 473, 474, 475, 476, 477, 478, 479, 480, 481, 482, 483, 484, 910, 911, 912, 508, 497, 913, 386, 914, 915, 511]",False,"[405, 854]","[398, 399, 400, 401, 402, 403, 404, 405, 406, 407, 408, 409, 410, 411, 412, 413, 414, 415, 416, 417, 418, 419, 420, 421, 422, 423, 424, 425, 426, 427, 428, 429, 430, 431, 432, 433, 434, 435, 436, 437, 438, 439, 440, 441, 442, 443, 444, 445, 446, 447, 448, 449, 450, 451, 452, 453, 454, 455, 456, 457, 458, 459, 460, 461, 462, 463, 464, 465, 466, 467, 468, 469, 470, 471, 472, 473, 474, 475, 476, 477, 478, 479, 480, 481, 482, 483, 484, 848, 849, 850, 851, 852, 853, 854, 855, 856, 857, 858, 859, 860, 861, 862, 863, 864, 865, 866, 867, 868, 869, 870, 871, 872, 873, 874, 875, 876, 877, 878, 879, 880, 881, 882, 883, 884, 885, 886, 887, 888, 889, 890, 891, 892, 893, 894, 895, 896, 897, 898, 899, 900, 901, 902, 903, 904, 905, 906, 907, 908, 909, 910, 911, 912, 913, 914, 915, 916, 917, 918, 919, 920, 921, 922, 923, 924, 925, 926, 927, 928, 929, 930, 931, 932, 933, 934, 935]","[405, 854]",[],"[399, 401, 405, 408, 428, 436, 439, 445, 447, 848, 850, 854, 858, 880, 887, 890, 895, 927]","[12, 24, 25, 28, 88, 100, 104, 119, 123, 129, 136, 137, 139, 140, 141, 148, 155, 169, 172, 179, 183, 185, 188, 196, 198, 217, 237, 267, 270, 278, 319, 321, 324, 325, 330, 334, 335, 354, 366, 369, 380, 383, 384, 386, 395, 405, 407, 411, 423, 428, 436, 437, 452, 453, 456, 467, 471, 477, 478, 479, 497, 508, 511, 559, 571, 575, 590, 594, 600, 607, 608, 610, 611, 612, 619, 627, 640, 643, 650, 654, 656, 659, 667, 669, 685, 701, 726, 729, 737, 777, 779, 782, 783, 787, 790, 791, 809, 817, 819, 830, 833, 834, 836, 845, 854, 856, 857, 860, 862, 875, 880, 887, 888, 899, 900, 914, 918, 921, 928, 929, 930]","[12, 24, 25, 28, 88, 100, 104, 119, 123, 129, 136, 137, 139, 140, 141, 148, 155, 169, 172, 179, 183, 185, 188, 196, 198, 217, 237, 267, 270, 278, 319, 321, 324, 325, 330, 334, 335, 354, 366, 369, 380, 383, 384, 386, 395, 407, 411, 423, 428, 436, 437, 452, 453, 456, 467, 471, 477, 478, 479, 497, 508, 511, 559, 571, 575, 590, 594, 600, 607, 608, 610, 611, 612, 619, 627, 640, 643, 650, 654, 656, 659, 667, 669, 685, 701, 726, 729, 737, 777, 779, 782, 783, 787, 790, 791, 809, 817, 819, 830, 833, 834, 836, 845, 856, 857, 860, 862, 875, 880, 887, 888, 899, 900, 914, 918, 921, 928, 929, 930]",6/6 successful match,False,"[110, 111]",True,524,False,,1.0,True,Bryce Canyon Chevron,Chevron
Bryce Canyon City ( 84764 ) Bryce Canyon Sinclair,435-834-5232 UT 63 ( 1 mi S of UT 12 ),S O,Bryce Canyon City,84764,Bryce Canyon Sinclair,435-834-5232,2014,Bryce,UT,Sinclair,( 1 mi S of UT 12 ),UT 63,empty,,False,,False,UT 63,,,,,"[405, 854]","[405, 854]","[405, 854]",[],"[398, 399, 400, 401, 402, 403, 404, 405, 406, 407, 408, 409, 410, 411, 412, 413, 414, 415, 416, 417, 418, 419, 420, 421, 422, 423, 424, 425, 426, 427, 428, 429, 430, 431, 432, 433, 434, 435, 436, 437, 438, 439, 440, 441, 442, 443, 444, 445, 446, 447, 448, 449, 450, 451, 452, 453, 454, 455, 456, 457, 458, 459, 460, 461, 462, 463, 464, 465, 466, 467, 468, 469, 470, 471, 472, 473, 474, 475, 476, 477, 478, 479, 480, 481, 482, 483, 484, 848, 849, 850, 851, 852, 853, 854, 855, 856, 857, 858, 859, 860, 861, 862, 863, 864, 865, 866, 867, 868, 869, 870, 871, 872, 873, 874, 875, 876, 877, 878, 879, 880, 881, 882, 883, 884, 885, 886, 887, 888, 889, 890, 891, 892, 893, 894, 895, 896, 897, 898, 899, 900, 901, 902, 903, 904, 905, 906, 907, 908, 909, 910, 911, 912, 913, 914, 915, 916, 917, 918, 919, 920, 921, 922, 923, 924, 925, 926, 927, 928, 929, 930, 931, 932, 933, 934, 935]","[399, 401, 405, 408, 428, 436, 439, 445, 447, 848, 850, 854, 858, 880, 887, 890, 895, 927]","[31, 142, 147, 180, 338, 352, 367, 387, 403, 405, 408, 410, 455, 465, 466, 468, 470, 472, 473, 483, 484, 514, 613, 618, 651, 794, 807, 837, 852, 854, 858, 861, 902, 912, 913, 915, 917, 919, 920, 931, 934, 935]","[31, 142, 147, 180, 338, 352, 367, 387, 403, 405, 408, 410, 455, 465, 466, 468, 470, 472, 473, 483, 484, 514, 613, 618, 651, 794, 807, 837, 852, 854, 857, 858, 861, 902, 912, 913, 915, 917, 919, 920, 931, 934, 935]","[916, 514, 917, 918, 387, 919, 920, 921, 922, 31, 923, 924, 925, 926, 927, 928, 929, 930, 931, 932, 933, 934, 935, 613, 618, 651, 142, 147, 338, 180, 352, 794, 807, 367, 837, 848, 849, 850, 851, 852, 853, 854, 855, 856, 857, 858, 859, 860, 861, 862, 863, 864, 865, 866, 867, 868, 869, 870, 871, 872, 873, 874, 875, 876, 877, 878, 879, 880, 881, 882, 883, 884, 885, 886, 887, 888, 889, 890, 891, 892, 893, 894, 895, 896, 897, 898, 899, 900, 901, 902, 903, 904, 905, 906, 907, 908, 909, 398, 399, 400, 401, 402, 403, 404, 405, 406, 407, 408, 409, 410, 411, 412, 413, 414, 415, 416, 417, 418, 419, 420, 421, 422, 423, 424, 425, 426, 427, 428, 429, 430, 431, 432, 433, 434, 435, 436, 437, 438, 439, 440, 441, 442, 443, 444, 445, 446, 447, 448, 449, 450, 451, 452, 453, 454, 455, 456, 457, 458, 459, 460, 461, 462, 463, 464, 465, 466, 467, 468, 469, 470, 471, 472, 473, 474, 475, 476, 477, 478, 479, 480, 481, 482, 483, 484, 910, 911, 912, 913, 914, 915]",True,"[405, 854]","[398, 399, 400, 401, 402, 403, 404, 405, 406, 407, 408, 409, 410, 411, 412, 413, 414, 415, 416, 417, 418, 419, 420, 421, 422, 423, 424, 425, 426, 427, 428, 429, 430, 431, 432, 433, 434, 435, 436, 437, 438, 439, 440, 441, 442, 443, 444, 445, 446, 447, 448, 449, 450, 451, 452, 453, 454, 455, 456, 457, 458, 459, 460, 461, 462, 463, 464, 465, 466, 467, 468, 469, 470, 471, 472, 473, 474, 475, 476, 477, 478, 479, 480, 481, 482, 483, 484, 848, 849, 850, 851, 852, 853, 854, 855, 856, 857, 858, 859, 860, 861, 862, 863, 864, 865, 866, 867, 868, 869, 870, 871, 872, 873, 874, 875, 876, 877, 878, 879, 880, 881, 882, 883, 884, 885, 886, 887, 888, 889, 890, 891, 892, 893, 894, 895, 896, 897, 898, 899, 900, 901, 902, 903, 904, 905, 906, 907, 908, 909, 910, 911, 912, 913, 914, 915, 916, 917, 918, 919, 920, 921, 922, 923, 924, 925, 926, 927, 928, 929, 930, 931, 932, 933, 934, 935]","[405, 854]",[],"[399, 401, 405, 408, 428, 436, 439, 445, 447, 848, 850, 854, 858, 880, 887, 890, 895, 927]","[31, 142, 147, 180, 338, 352, 367, 387, 403, 405, 408, 410, 455, 465, 466, 468, 470, 472, 473, 483, 484, 514, 613, 618, 651, 794, 807, 837, 852, 854, 857, 858, 861, 902, 912, 913, 915, 917, 919, 920, 931, 934, 935]","[31, 142, 147, 180, 338, 352, 367, 387, 403, 405, 408, 410, 455, 465, 466, 468, 470, 472, 473, 483, 484, 514, 613, 618, 651, 794, 807, 837, 852, 854, 858, 861, 902, 912, 913, 915, 917, 919, 920, 931, 934, 935]",7/6 successful match,True,[264],True,524,False,,0.9715447154471545,False,Bryce Canyon Chevron,Chevron
Bryce Canyon City ( 84764 ) Bryce Canyon Sinclair,435-834-5232 UT 63 ( 1 mi S of UT 12 ),<U+2610><U+2610> SO,Bryce Canyon City,84764,Bryce Canyon Sinclair,435-834-5232,2015,Bryce,UT,Sinclair,( 1 mi S of UT 12 ),UT 63,empty,,False,,False,UT 63,,,,,"[405, 854]","[405, 854]","[405, 854]",[],"[398, 399, 400, 401, 402, 403, 404, 405, 406, 407, 408, 409, 410, 411, 412, 413, 414, 415, 416, 417, 418, 419, 420, 421, 422, 423, 424, 425, 426, 427, 428, 429, 430, 431, 432, 433, 434, 435, 436, 437, 438, 439, 440, 441, 442, 443, 444, 445, 446, 447, 448, 449, 450, 451, 452, 453, 454, 455, 456, 457, 458, 459, 460, 461, 462, 463, 464, 465, 466, 467, 468, 469, 470, 471, 472, 473, 474, 475, 476, 477, 478, 479, 480, 481, 482, 483, 484, 848, 849, 850, 851, 852, 853, 854, 855, 856, 857, 858, 859, 860, 861, 862, 863, 864, 865, 866, 867, 868, 869, 870, 871, 872, 873, 874, 875, 876, 877, 878, 879, 880, 881, 882, 883, 884, 885, 886, 887, 888, 889, 890, 891, 892, 893, 894, 895, 896, 897, 898, 899, 900, 901, 902, 903, 904, 905, 906, 907, 908, 909, 910, 911, 912, 913, 914, 915, 916, 917, 918, 919, 920, 921, 922, 923, 924, 925, 926, 927, 928, 929, 930, 931, 932, 933, 934, 935]","[399, 401, 405, 408, 428, 436, 439, 445, 447, 848, 850, 854, 858, 880, 887, 890, 895, 927]","[31, 142, 147, 180, 338, 352, 367, 387, 403, 405, 408, 410, 455, 465, 466, 468, 470, 472, 473, 483, 484, 514, 613, 618, 651, 794, 807, 837, 852, 854, 858, 861, 902, 912, 913, 915, 917, 919, 920, 931, 934, 935]","[31, 142, 147, 180, 338, 352, 367, 387, 403, 405, 408, 410, 455, 465, 466, 468, 470, 472, 473, 483, 484, 514, 613, 618, 651, 794, 807, 837, 852, 854, 857, 858, 861, 902, 912, 913, 915, 917, 919, 920, 931, 934, 935]","[916, 514, 917, 918, 387, 919, 920, 921, 922, 31, 923, 924, 925, 926, 927, 928, 929, 930, 931, 932, 933, 934, 935, 613, 618, 651, 142, 147, 338, 180, 352, 794, 807, 367, 837, 848, 849, 850, 851, 852, 853, 854, 855, 856, 857, 858, 859, 860, 861, 862, 863, 864, 865, 866, 867, 868, 869, 870, 871, 872, 873, 874, 875, 876, 877, 878, 879, 880, 881, 882, 883, 884, 885, 886, 887, 888, 889, 890, 891, 892, 893, 894, 895, 896, 897, 898, 899, 900, 901, 902, 903, 904, 905, 906, 907, 908, 909, 398, 399, 400, 401, 402, 403, 404, 405, 406, 407, 408, 409, 410, 411, 412, 413, 414, 415, 416, 417, 418, 419, 420, 421, 422, 423, 424, 425, 426, 427, 428, 429, 430, 431, 432, 433, 434, 435, 436, 437, 438, 439, 440, 441, 442, 443, 444, 445, 446, 447, 448, 449, 450, 451, 452, 453, 454, 455, 456, 457, 458, 459, 460, 461, 462, 463, 464, 465, 466, 467, 468, 469, 470, 471, 472, 473, 474, 475, 476, 477, 478, 479, 480, 481, 482, 483, 484, 910, 911, 912, 913, 914, 915]",True,"[405, 854]","[398, 399, 400, 401, 402, 403, 404, 405, 406, 407, 408, 409, 410, 411, 412, 413, 414, 415, 416, 417, 418, 419, 420, 421, 422, 423, 424, 425, 426, 427, 428, 429, 430, 431, 432, 433, 434, 435, 436, 437, 438, 439, 440, 441, 442, 443, 444, 445, 446, 447, 448, 449, 450, 451, 452, 453, 454, 455, 456, 457, 458, 459, 460, 461, 462, 463, 464, 465, 466, 467, 468, 469, 470, 471, 472, 473, 474, 475, 476, 477, 478, 479, 480, 481, 482, 483, 484, 848, 849, 850, 851, 852, 853, 854, 855, 856, 857, 858, 859, 860, 861, 862, 863, 864, 865, 866, 867, 868, 869, 870, 871, 872, 873, 874, 875, 876, 877, 878, 879, 880, 881, 882, 883, 884, 885, 886, 887, 888, 889, 890, 891, 892, 893, 894, 895, 896, 897, 898, 899, 900, 901, 902, 903, 904, 905, 906, 907, 908, 909, 910, 911, 912, 913, 914, 915, 916, 917, 918, 919, 920, 921, 922, 923, 924, 925, 926, 927, 928, 929, 930, 931, 932, 933, 934, 935]","[405, 854]",[],"[399, 401, 405, 408, 428, 436, 439, 445, 447, 848, 850, 854, 858, 880, 887, 890, 895, 927]","[31, 142, 147, 180, 338, 352, 367, 387, 403, 405, 408, 410, 455, 465, 466, 468, 470, 472, 473, 483, 484, 514, 613, 618, 651, 794, 807, 837, 852, 854, 857, 858, 861, 902, 912, 913, 915, 917, 919, 920, 931, 934, 935]","[31, 142, 147, 180, 338, 352, 367, 387, 403, 405, 408, 410, 455, 465, 466, 468, 470, 472, 473, 483, 484, 514, 613, 618, 651, 794, 807, 837, 852, 854, 858, 861, 902, 912, 913, 915, 917, 919, 920, 931, 934, 935]",7/6 successful match,True,[264],True,524,False,,1.0,True,Bryce Canyon Sinclair,Sinclair
Bryce Canyon City ( 84764 ) Bryce Canyon Sinclair,3 435-834-5232 UT 63 ( 1 mi S of UT 12 ),<U+2610><U+2610> S <U+25A1>,Bryce Canyon City,84764,Bryce Canyon Sinclair,435-834-5232,2016,Bryce,UT,Sinclair,( 1 mi S of UT 12 ),UT 63,empty,,False,,False,UT 63,,,,,"[405, 854]","[405, 854]","[405, 854]",[],"[398, 399, 400, 401, 402, 403, 404, 405, 406, 407, 408, 409, 410, 411, 412, 413, 414, 415, 416, 417, 418, 419, 420, 421, 422, 423, 424, 425, 426, 427, 428, 429, 430, 431, 432, 433, 434, 435, 436, 437, 438, 439, 440, 441, 442, 443, 444, 445, 446, 447, 448, 449, 450, 451, 452, 453, 454, 455, 456, 457, 458, 459, 460, 461, 462, 463, 464, 465, 466, 467, 468, 469, 470, 471, 472, 473, 474, 475, 476, 477, 478, 479, 480, 481, 482, 483, 484, 848, 849, 850, 851, 852, 853, 854, 855, 856, 857, 858, 859, 860, 861, 862, 863, 864, 865, 866, 867, 868, 869, 870, 871, 872, 873, 874, 875, 876, 877, 878, 879, 880, 881, 882, 883, 884, 885, 886, 887, 888, 889, 890, 891, 892, 893, 894, 895, 896, 897, 898, 899, 900, 901, 902, 903, 904, 905, 906, 907, 908, 909, 910, 911, 912, 913, 914, 915, 916, 917, 918, 919, 920, 921, 922, 923, 924, 925, 926, 927, 928, 929, 930, 931, 932, 933, 934, 935]","[399, 401, 405, 408, 428, 436, 439, 445, 447, 848, 850, 854, 858, 880, 887, 890, 895, 927]","[31, 142, 147, 180, 338, 352, 367, 387, 403, 405, 408, 410, 455, 465, 466, 468, 470, 472, 473, 483, 484, 514, 613, 618, 651, 794, 807, 837, 852, 854, 858, 861, 902, 912, 913, 915, 917, 919, 920, 931, 934, 935]","[31, 142, 147, 180, 338, 352, 367, 387, 403, 405, 408, 410, 455, 465, 466, 468, 470, 472, 473, 483, 484, 514, 613, 618, 651, 794, 807, 837, 852, 854, 857, 858, 861, 902, 912, 913, 915, 917, 919, 920, 931, 934, 935]","[916, 514, 917, 918, 387, 919, 920, 921, 922, 31, 923, 924, 925, 926, 927, 928, 929, 930, 931, 932, 933, 934, 935, 613, 618, 651, 142, 147, 338, 180, 352, 794, 807, 367, 837, 848, 849, 850, 851, 852, 853, 854, 855, 856, 857, 858, 859, 860, 861, 862, 863, 864, 865, 866, 867, 868, 869, 870, 871, 872, 873, 874, 875, 876, 877, 878, 879, 880, 881, 882, 883, 884, 885, 886, 887, 888, 889, 890, 891, 892, 893, 894, 895, 896, 897, 898, 899, 900, 901, 902, 903, 904, 905, 906, 907, 908, 909, 398, 399, 400, 401, 402, 403, 404, 405, 406, 407, 408, 409, 410, 411, 412, 413, 414, 415, 416, 417, 418, 419, 420, 421, 422, 423, 424, 425, 426, 427, 428, 429, 430, 431, 432, 433, 434, 435, 436, 437, 438, 439, 440, 441, 442, 443, 444, 445, 446, 447, 448, 449, 450, 451, 452, 453, 454, 455, 456, 457, 458, 459, 460, 461, 462, 463, 464, 465, 466, 467, 468, 469, 470, 471, 472, 473, 474, 475, 476, 477, 478, 479, 480, 481, 482, 483, 484, 910, 911, 912, 913, 914, 915]",True,"[405, 854]","[398, 399, 400, 401, 402, 403, 404, 405, 406, 407, 408, 409, 410, 411, 412, 413, 414, 415, 416, 417, 418, 419, 420, 421, 422, 423, 424, 425, 426, 427, 428, 429, 430, 431, 432, 433, 434, 435, 436, 437, 438, 439, 440, 441, 442, 443, 444, 445, 446, 447, 448, 449, 450, 451, 452, 453, 454, 455, 456, 457, 458, 459, 460, 461, 462, 463, 464, 465, 466, 467, 468, 469, 470, 471, 472, 473, 474, 475, 476, 477, 478, 479, 480, 481, 482, 483, 484, 848, 849, 850, 851, 852, 853, 854, 855, 856, 857, 858, 859, 860, 861, 862, 863, 864, 865, 866, 867, 868, 869, 870, 871, 872, 873, 874, 875, 876, 877, 878, 879, 880, 881, 882, 883, 884, 885, 886, 887, 888, 889, 890, 891, 892, 893, 894, 895, 896, 897, 898, 899, 900, 901, 902, 903, 904, 905, 906, 907, 908, 909, 910, 911, 912, 913, 914, 915, 916, 917, 918, 919, 920, 921, 922, 923, 924, 925, 926, 927, 928, 929, 930, 931, 932, 933, 934, 935]","[405, 854]",[],"[399, 401, 405, 408, 428, 436, 439, 445, 447, 848, 850, 854, 858, 880, 887, 890, 895, 927]","[31, 142, 147, 180, 338, 352, 367, 387, 403, 405, 408, 410, 455, 465, 466, 468, 470, 472, 473, 483, 484, 514, 613, 618, 651, 794, 807, 837, 852, 854, 857, 858, 861, 902, 912, 913, 915, 917, 919, 920, 931, 934, 935]","[31, 142, 147, 180, 338, 352, 367, 387, 403, 405, 408, 410, 455, 465, 466, 468, 470, 472, 473, 483, 484, 514, 613, 618, 651, 794, 807, 837, 852, 854, 858, 861, 902, 912, 913, 915, 917, 919, 920, 931, 934, 935]",7/6 successful match,True,[264],True,524,False,,1.0,True,Bryce Canyon Sinclair,Sinclair
"Saint George , 84770 Premium Oil ( Sinclair )",435-628-7204 181 UT 18 N & UT 34,24 000 <U+2610>,Saint George,84770,Premium Oil ( Sinclair ),435-628-7204,2006,Saint George,UT,Sinclair,,181 UT 18 N & UT 34,Proper,,False,,False,UT 18,UT 34,,,,[],[],"[461, 908]",[],"[398, 399, 400, 401, 402, 403, 404, 405, 406, 407, 408, 409, 410, 411, 412, 413, 414, 415, 416, 417, 418, 419, 420, 421, 422, 423, 424, 425, 426, 427, 428, 429, 430, 431, 432, 433, 434, 435, 436, 437, 438, 439, 440, 441, 442, 443, 444, 445, 446, 447, 448, 449, 450, 451, 452, 453, 454, 455, 456, 457, 458, 459, 460, 461, 462, 463, 464, 465, 466, 467, 468, 469, 470, 471, 472, 473, 474, 475, 476, 477, 478, 479, 480, 481, 482, 483, 484, 848, 849, 850, 851, 852, 853, 854, 855, 856, 857, 858, 859, 860, 861, 862, 863, 864, 865, 866, 867, 868, 869, 870, 871, 872, 873, 874, 875, 876, 877, 878, 879, 880, 881, 882, 883, 884, 885, 886, 887, 888, 889, 890, 891, 892, 893, 894, 895, 896, 897, 898, 899, 900, 901, 902, 903, 904, 905, 906, 907, 908, 909, 910, 911, 912, 913, 914, 915, 916, 917, 918, 919, 920, 921, 922, 923, 924, 925, 926, 927, 928, 929, 930, 931, 932, 933, 934, 935]","[256, 399, 401, 405, 408, 428, 436, 439, 445, 447, 718, 848, 850, 854, 858, 880, 887, 890, 895, 927]","[31, 142, 147, 180, 338, 352, 367, 387, 403, 405, 408, 410, 455, 465, 466, 468, 470, 472, 473, 483, 484, 514, 613, 618, 651, 794, 807, 837, 852, 854, 858, 861, 902, 912, 913, 915, 917, 919, 920, 931, 934, 935]","[4, 31, 59, 135, 142, 147, 180, 218, 229, 232, 264, 269, 299, 318, 320, 331, 338, 352, 367, 382, 387, 403, 405, 408, 410, 455, 463, 465, 466, 468, 470, 472, 473, 483, 484, 490, 514, 535, 606, 613, 618, 651, 686, 693, 696, 724, 728, 758, 776, 778, 788, 794, 807, 832, 837, 852, 854, 858, 860, 861, 902, 910, 912, 913, 915, 917, 919, 920, 931, 934, 935]","[916, 514, 4, 917, 918, 387, 919, 920, 535, 921, 922, 31, 923, 924, 925, 926, 927, 59, 928, 929, 930, 931, 932, 933, 934, 606, 935, 613, 618, 135, 651, 142, 147, 382, 338, 686, 180, 693, 696, 718, 724, 728, 218, 229, 232, 352, 758, 256, 264, 776, 778, 269, 788, 794, 807, 299, 367, 318, 320, 832, 837, 331, 848, 849, 850, 851, 852, 853, 854, 855, 856, 857, 858, 859, 860, 861, 862, 863, 864, 865, 866, 867, 868, 869, 870, 871, 872, 873, 874, 875, 876, 877, 878, 879, 880, 881, 882, 883, 884, 885, 886, 887, 888, 889, 890, 891, 892, 893, 894, 895, 896, 897, 898, 899, 900, 901, 902, 903, 904, 905, 906, 907, 908, 909, 398, 399, 400, 401, 402, 403, 404, 405, 406, 407, 408, 409, 410, 411, 412, 413, 414, 415, 416, 417, 418, 419, 420, 421, 422, 423, 424, 425, 426, 427, 428, 429, 430, 431, 432, 433, 434, 435, 436, 437, 438, 439, 440, 441, 442, 443, 444, 445, 446, 447, 448, 449, 450, 451, 452, 453, 454, 455, 456, 457, 458, 459, 460, 461, 462, 463, 464, 465, 466, 467, 468, 469, 470, 471, 472, 473, 474, 475, 476, 477, 478, 479, 480, 481, 482, 483, 484, 910, 911, 490, 912, 913, 914, 915]",False,[],"[398, 399, 400, 401, 402, 403, 404, 405, 406, 407, 408, 409, 410, 411, 412, 413, 414, 415, 416, 417, 418, 419, 420, 421, 422, 423, 424, 425, 426, 427, 428, 429, 430, 431, 432, 433, 434, 435, 436, 437, 438, 439, 440, 441, 442, 443, 444, 445, 446, 447, 448, 449, 450, 451, 452, 453, 454, 455, 456, 457, 458, 459, 460, 461, 462, 463, 464, 465, 466, 467, 468, 469, 470, 471, 472, 473, 474, 475, 476, 477, 478, 479, 480, 481, 482, 483, 484, 848, 849, 850, 851, 852, 853, 854, 855, 856, 857, 858, 859, 860, 861, 862, 863, 864, 865, 866, 867, 868, 869, 870, 871, 872, 873, 874, 875, 876, 877, 878, 879, 880, 881, 882, 883, 884, 885, 886, 887, 888, 889, 890, 891, 892, 893, 894, 895, 896, 897, 898, 899, 900, 901, 902, 903, 904, 905, 906, 907, 908, 909, 910, 911, 912, 913, 914, 915, 916, 917, 918, 919, 920, 921, 922, 923, 924, 925, 926, 927, 928, 929, 930, 931, 932, 933, 934, 935]","[461, 908]",[],"[256, 399, 401, 405, 408, 428, 436, 439, 445, 447, 718, 848, 850, 854, 858, 880, 887, 890, 895, 927]","[4, 31, 59, 135, 142, 147, 180, 218, 229, 232, 264, 269, 299, 318, 320, 331, 338, 352, 367, 382, 387, 403, 405, 408, 410, 455, 463, 465, 466, 468, 470, 472, 473, 483, 484, 490, 514, 535, 606, 613, 618, 651, 686, 693, 696, 724, 728, 758, 776, 778, 788, 794, 807, 832, 837, 852, 854, 858, 860, 861, 902, 910, 912, 913, 915, 917, 919, 920, 931, 934, 935]","[31, 142, 147, 180, 338, 352, 367, 387, 403, 405, 408, 410, 455, 465, 466, 468, 470, 472, 473, 483, 484, 514, 613, 618, 651, 794, 807, 837, 852, 854, 858, 861, 902, 912, 913, 915, 917, 919, 920, 931, 934, 935]",4/6 successful match,False,,False,525,False,,,,,
"J Saint George , 84770 Premium Oil",435-628-7204 181 UT 18 N & UT 34,<U+2610> D <U+2610>,Saint George,84770,Premium Oil,435-628-7204,2007,Saint George,UT,,,181 UT 18 N & UT 34,Proper,,False,,False,UT 18,UT 34,,,,[],[],"[461, 908]",[],"[398, 399, 400, 401, 402, 403, 404, 405, 406, 407, 408, 409, 410, 411, 412, 413, 414, 415, 416, 417, 418, 419, 420, 421, 422, 423, 424, 425, 426, 427, 428, 429, 430, 431, 432, 433, 434, 435, 436, 437, 438, 439, 440, 441, 442, 443, 444, 445, 446, 447, 448, 449, 450, 451, 452, 453, 454, 455, 456, 457, 458, 459, 460, 461, 462, 463, 464, 465, 466, 467, 468, 469, 470, 471, 472, 473, 474, 475, 476, 477, 478, 479, 480, 481, 482, 483, 484, 848, 849, 850, 851, 852, 853, 854, 855, 856, 857, 858, 859, 860, 861, 862, 863, 864, 865, 866, 867, 868, 869, 870, 871, 872, 873, 874, 875, 876, 877, 878, 879, 880, 881, 882, 883, 884, 885, 886, 887, 888, 889, 890, 891, 892, 893, 894, 895, 896, 897, 898, 899, 900, 901, 902, 903, 904, 905, 906, 907, 908, 909, 910, 911, 912, 913, 914, 915, 916, 917, 918, 919, 920, 921, 922, 923, 924, 925, 926, 927, 928, 929, 930, 931, 932, 933, 934, 935]","[256, 399, 401, 405, 408, 428, 436, 439, 445, 447, 718, 848, 850, 854, 858, 880, 887, 890, 895, 927]",[],"[4, 31, 59, 135, 142, 147, 180, 218, 229, 232, 264, 269, 299, 318, 320, 331, 338, 352, 367, 382, 387, 403, 405, 408, 410, 455, 463, 465, 466, 468, 470, 472, 473, 483, 484, 490, 514, 535, 606, 613, 618, 651, 686, 693, 696, 724, 728, 758, 776, 778, 788, 794, 807, 832, 837, 852, 854, 858, 860, 861, 902, 910, 912, 913, 915, 917, 919, 920, 931, 934, 935]","[916, 514, 4, 917, 918, 387, 919, 920, 535, 921, 922, 31, 923, 924, 925, 926, 927, 59, 928, 929, 930, 931, 932, 933, 934, 606, 935, 613, 618, 135, 651, 142, 147, 382, 338, 686, 180, 693, 696, 718, 724, 728, 218, 229, 232, 352, 758, 256, 264, 776, 778, 269, 788, 794, 807, 299, 367, 318, 320, 832, 837, 331, 848, 849, 850, 851, 852, 853, 854, 855, 856, 857, 858, 859, 860, 861, 862, 863, 864, 865, 866, 867, 868, 869, 870, 871, 872, 873, 874, 875, 876, 877, 878, 879, 880, 881, 882, 883, 884, 885, 886, 887, 888, 889, 890, 891, 892, 893, 894, 895, 896, 897, 898, 899, 900, 901, 902, 903, 904, 905, 906, 907, 908, 909, 398, 399, 400, 401, 402, 403, 404, 405, 406, 407, 408, 409, 410, 411, 412, 413, 414, 415, 416, 417, 418, 419, 420, 421, 422, 423, 424, 425, 426, 427, 428, 429, 430, 431, 432, 433, 434, 435, 436, 437, 438, 439, 440, 441, 442, 443, 444, 445, 446, 447, 448, 449, 450, 451, 452, 453, 454, 455, 456, 457, 458, 459, 460, 461, 462, 463, 464, 465, 466, 467, 468, 469, 470, 471, 472, 473, 474, 475, 476, 477, 478, 479, 480, 481, 482, 483, 484, 910, 911, 490, 912, 913, 914, 915]",False,[],"[398, 399, 400, 401, 402, 403, 404, 405, 406, 407, 408, 409, 410, 411, 412, 413, 414, 415, 416, 417, 418, 419, 420, 421, 422, 423, 424, 425, 426, 427, 428, 429, 430, 431, 432, 433, 434, 435, 436, 437, 438, 439, 440, 441, 442, 443, 444, 445, 446, 447, 448, 449, 450, 451, 452, 453, 454, 455, 456, 457, 458, 459, 460, 461, 462, 463, 464, 465, 466, 467, 468, 469, 470, 471, 472, 473, 474, 475, 476, 477, 478, 479, 480, 481, 482, 483, 484, 848, 849, 850, 851, 852, 853, 854, 855, 856, 857, 858, 859, 860, 861, 862, 863, 864, 865, 866, 867, 868, 869, 870, 871, 872, 873, 874, 875, 876, 877, 878, 879, 880, 881, 882, 883, 884, 885, 886, 887, 888, 889, 890, 891, 892, 893, 894, 895, 896, 897, 898, 899, 900, 901, 902, 903, 904, 905, 906, 907, 908, 909, 910, 911, 912, 913, 914, 915, 916, 917, 918, 919, 920, 921, 922, 923, 924, 925, 926, 927, 928, 929, 930, 931, 932, 933, 934, 935]","[461, 908]",[],"[256, 399, 401, 405, 408, 428, 436, 439, 445, 447, 718, 848, 850, 854, 858, 880, 887, 890, 895, 927]","[4, 31, 59, 135, 142, 147, 180, 218, 229, 232, 264, 269, 299, 318, 320, 331, 338, 352, 367, 382, 387, 403, 405, 408, 410, 455, 463, 465, 466, 468, 470, 472, 473, 483, 484, 490, 514, 535, 606, 613, 618, 651, 686, 693, 696, 724, 728, 758, 776, 778, 788, 794, 807, 832, 837, 852, 854, 858, 860, 861, 902, 910, 912, 913, 915, 917, 919, 920, 931, 934, 935]",[],4/6 successful match,False,,False,525,False,,0.9552380952380952,True,Premium Oil ( Sinclair ),Sinclair
"Saint George , 84770 Premium Oil",435-628-7204 181 UT 18 N & UT 34,FRS 24 00 <U+25A1> <U+25A1> <U+2610>,Saint George,84770,Premium Oil,435-628-7204,2008,Saint George,UT,,,181 UT 18 N & UT 34,Proper,,False,,False,UT 18,UT 34,,,,[],[],"[461, 908]",[],"[398, 399, 400, 401, 402, 403, 404, 405, 406, 407, 408, 409, 410, 411, 412, 413, 414, 415, 416, 417, 418, 419, 420, 421, 422, 423, 424, 425, 426, 427, 428, 429, 430, 431, 432, 433, 434, 435, 436, 437, 438, 439, 440, 441, 442, 443, 444, 445, 446, 447, 448, 449, 450, 451, 452, 453, 454, 455, 456, 457, 458, 459, 460, 461, 462, 463, 464, 465, 466, 467, 468, 469, 470, 471, 472, 473, 474, 475, 476, 477, 478, 479, 480, 481, 482, 483, 484, 848, 849, 850, 851, 852, 853, 854, 855, 856, 857, 858, 859, 860, 861, 862, 863, 864, 865, 866, 867, 868, 869, 870, 871, 872, 873, 874, 875, 876, 877, 878, 879, 880, 881, 882, 883, 884, 885, 886, 887, 888, 889, 890, 891, 892, 893, 894, 895, 896, 897, 898, 899, 900, 901, 902, 903, 904, 905, 906, 907, 908, 909, 910, 911, 912, 913, 914, 915, 916, 917, 918, 919, 920, 921, 922, 923, 924, 925, 926, 927, 928, 929, 930, 931, 932, 933, 934, 935]","[256, 399, 401, 405, 408, 428, 436, 439, 445, 447, 718, 848, 850, 854, 858, 880, 887, 890, 895, 927]",[],"[4, 31, 59, 135, 142, 147, 180, 218, 229, 232, 264, 269, 299, 318, 320, 331, 338, 352, 367, 382, 387, 403, 405, 408, 410, 455, 463, 465, 466, 468, 470, 472, 473, 483, 484, 490, 514, 535, 606, 613, 618, 651, 686, 693, 696, 724, 728, 758, 776, 778, 788, 794, 807, 832, 837, 852, 854, 858, 860, 861, 902, 910, 912, 913, 915, 917, 919, 920, 931, 934, 935]","[916, 514, 4, 917, 918, 387, 919, 920, 535, 921, 922, 31, 923, 924, 925, 926, 927, 59, 928, 929, 930, 931, 932, 933, 934, 606, 935, 613, 618, 135, 651, 142, 147, 382, 338, 686, 180, 693, 696, 718, 724, 728, 218, 229, 232, 352, 758, 256, 264, 776, 778, 269, 788, 794, 807, 299, 367, 318, 320, 832, 837, 331, 848, 849, 850, 851, 852, 853, 854, 855, 856, 857, 858, 859, 860, 861, 862, 863, 864, 865, 866, 867, 868, 869, 870, 871, 872, 873, 874, 875, 876, 877, 878, 879, 880, 881, 882, 883, 884, 885, 886, 887, 888, 889, 890, 891, 892, 893, 894, 895, 896, 897, 898, 899, 900, 901, 902, 903, 904, 905, 906, 907, 908, 909, 398, 399, 400, 401, 402, 403, 404, 405, 406, 407, 408, 409, 410, 411, 412, 413, 414, 415, 416, 417, 418, 419, 420, 421, 422, 423, 424, 425, 426, 427, 428, 429, 430, 431, 432, 433, 434, 435, 436, 437, 438, 439, 440, 441, 442, 443, 444, 445, 446, 447, 448, 449, 450, 451, 452, 453, 454, 455, 456, 457, 458, 459, 460, 461, 462, 463, 464, 465, 466, 467, 468, 469, 470, 471, 472, 473, 474, 475, 476, 477, 478, 479, 480, 481, 482, 483, 484, 910, 911, 490, 912, 913, 914, 915]",False,[],"[398, 399, 400, 401, 402, 403, 404, 405, 406, 407, 408, 409, 410, 411, 412, 413, 414, 415, 416, 417, 418, 419, 420, 421, 422, 423, 424, 425, 426, 427, 428, 429, 430, 431, 432, 433, 434, 435, 436, 437, 438, 439, 440, 441, 442, 443, 444, 445, 446, 447, 448, 449, 450, 451, 452, 453, 454, 455, 456, 457, 458, 459, 460, 461, 462, 463, 464, 465, 466, 467, 468, 469, 470, 471, 472, 473, 474, 475, 476, 477, 478, 479, 480, 481, 482, 483, 484, 848, 849, 850, 851, 852, 853, 854, 855, 856, 857, 858, 859, 860, 861, 862, 863, 864, 865, 866, 867, 868, 869, 870, 871, 872, 873, 874, 875, 876, 877, 878, 879, 880, 881, 882, 883, 884, 885, 886, 887, 888, 889, 890, 891, 892, 893, 894, 895, 896, 897, 898, 899, 900, 901, 902, 903, 904, 905, 906, 907, 908, 909, 910, 911, 912, 913, 914, 915, 916, 917, 918, 919, 920, 921, 922, 923, 924, 925, 926, 927, 928, 929, 930, 931, 932, 933, 934, 935]","[461, 908]",[],"[256, 399, 401, 405, 408, 428, 436, 439, 445, 447, 718, 848, 850, 854, 858, 880, 887, 890, 895, 927]","[4, 31, 59, 135, 142, 147, 180, 218, 229, 232, 264, 269, 299, 318, 320, 331, 338, 352, 367, 382, 387, 403, 405, 408, 410, 455, 463, 465, 466, 468, 470, 472, 473, 483, 484, 490, 514, 535, 606, 613, 618, 651, 686, 693, 696, 724, 728, 758, 776, 778, 788, 794, 807, 832, 837, 852, 854, 858, 860, 861, 902, 910, 912, 913, 915, 917, 919, 920, 931, 934, 935]",[],4/6 successful match,False,,False,525,False,,1.0,True,Premium Oil,
"Summit , 84772 Sunshine Truck Stop",435-586-3893 I-15 Exit 71,L,Summit,84772,Sunshine Truck Stop,435-586-3893,2006,Summit,UT,,,I-15 Exit 71,Exit,71,False,,False,I-15,,,,,[],[],[],"[322, 780]","[398, 399, 400, 401, 402, 403, 404, 405, 406, 407, 408, 409, 410, 411, 412, 413, 414, 415, 416, 417, 418, 419, 420, 421, 422, 423, 424, 425, 426, 427, 428, 429, 430, 431, 432, 433, 434, 435, 436, 437, 438, 439, 440, 441, 442, 443, 444, 445, 446, 447, 448, 449, 450, 451, 452, 453, 454, 455, 456, 457, 458, 459, 460, 461, 462, 463, 464, 465, 466, 467, 468, 469, 470, 471, 472, 473, 474, 475, 476, 477, 478, 479, 480, 481, 482, 483, 484, 848, 849, 850, 851, 852, 853, 854, 855, 856, 857, 858, 859, 860, 861, 862, 863, 864, 865, 866, 867, 868, 869, 870, 871, 872, 873, 874, 875, 876, 877, 878, 879, 880, 881, 882, 883, 884, 885, 886, 887, 888, 889, 890, 891, 892, 893, 894, 895, 896, 897, 898, 899, 900, 901, 902, 903, 904, 905, 906, 907, 908, 909, 910, 911, 912, 913, 914, 915, 916, 917, 918, 919, 920, 921, 922, 923, 924, 925, 926, 927, 928, 929, 930, 931, 932, 933, 934, 935]","[16, 125, 156, 163, 168, 184, 205, 222, 229, 253, 258, 265, 313, 317, 336, 340, 341, 356, 363, 365, 366, 367, 370, 375, 388, 391, 394, 396, 402, 410, 411, 412, 413, 415, 416, 417, 418, 419, 425, 429, 431, 433, 435, 437, 440, 441, 442, 443, 451, 452, 456, 457, 458, 460, 461, 464, 471, 473, 474, 475, 481, 482, 501, 596, 628, 635, 655, 675, 693, 716, 720, 725, 771, 775, 793, 796, 797, 811, 817, 818, 820, 825, 838, 841, 844, 846, 851, 857, 861, 862, 863, 864, 866, 867, 868, 870, 871, 877, 881, 883, 885, 888, 891, 892, 893, 898, 899, 904, 905, 907, 908, 911, 918, 920, 921, 922, 923, 924, 926, 931, 933]",[],[],"[916, 917, 918, 919, 16, 920, 921, 922, 923, 388, 924, 925, 926, 927, 928, 929, 930, 931, 932, 596, 933, 934, 935, 391, 628, 635, 125, 655, 336, 156, 163, 675, 168, 340, 341, 693, 184, 394, 716, 205, 720, 725, 375, 222, 229, 396, 253, 356, 258, 771, 775, 265, 780, 793, 796, 797, 363, 811, 365, 817, 366, 818, 820, 367, 313, 825, 317, 322, 370, 838, 841, 844, 846, 848, 849, 850, 851, 852, 853, 854, 855, 856, 857, 858, 859, 860, 861, 862, 863, 864, 865, 866, 867, 868, 869, 870, 871, 872, 873, 874, 875, 876, 877, 878, 879, 880, 881, 882, 883, 884, 885, 886, 887, 888, 889, 890, 891, 892, 893, 894, 895, 896, 897, 898, 899, 900, 901, 902, 903, 904, 905, 906, 907, 908, 909, 398, 399, 400, 401, 402, 403, 404, 405, 406, 407, 408, 409, 410, 411, 412, 413, 414, 415, 416, 417, 418, 419, 420, 421, 422, 423, 424, 425, 426, 427, 428, 429, 430, 431, 432, 433, 434, 435, 436, 437, 438, 439, 440, 441, 442, 443, 444, 445, 446, 447, 448, 449, 450, 451, 452, 453, 454, 455, 456, 457, 458, 459, 460, 461, 462, 463, 464, 465, 466, 467, 468, 469, 470, 471, 472, 473, 474, 475, 476, 477, 478, 479, 480, 481, 482, 483, 484, 910, 911, 912, 913, 501, 914, 915]",False,[],"[398, 399, 400, 401, 402, 403, 404, 405, 406, 407, 408, 409, 410, 411, 412, 413, 414, 415, 416, 417, 418, 419, 420, 421, 422, 423, 424, 425, 426, 427, 428, 429, 430, 431, 432, 433, 434, 435, 436, 437, 438, 439, 440, 441, 442, 443, 444, 445, 446, 447, 448, 449, 450, 451, 452, 453, 454, 455, 456, 457, 458, 459, 460, 461, 462, 463, 464, 465, 466, 467, 468, 469, 470, 471, 472, 473, 474, 475, 476, 477, 478, 479, 480, 481, 482, 483, 484, 848, 849, 850, 851, 852, 853, 854, 855, 856, 857, 858, 859, 860, 861, 862, 863, 864, 865, 866, 867, 868, 869, 870, 871, 872, 873, 874, 875, 876, 877, 878, 879, 880, 881, 882, 883, 884, 885, 886, 887, 888, 889, 890, 891, 892, 893, 894, 895, 896, 897, 898, 899, 900, 901, 902, 903, 904, 905, 906, 907, 908, 909, 910, 911, 912, 913, 914, 915, 916, 917, 918, 919, 920, 921, 922, 923, 924, 925, 926, 927, 928, 929, 930, 931, 932, 933, 934, 935]",[],"[322, 780]","[16, 125, 156, 163, 168, 184, 205, 222, 229, 253, 258, 265, 313, 317, 336, 340, 341, 356, 363, 365, 366, 367, 370, 375, 388, 391, 394, 396, 402, 410, 411, 412, 413, 415, 416, 417, 418, 419, 425, 429, 431, 433, 435, 437, 440, 441, 442, 443, 451, 452, 456, 457, 458, 460, 461, 464, 471, 473, 474, 475, 481, 482, 501, 596, 628, 635, 655, 675, 693, 716, 720, 725, 771, 775, 793, 796, 797, 811, 817, 818, 820, 825, 838, 841, 844, 846, 851, 857, 861, 862, 863, 864, 866, 867, 868, 870, 871, 877, 881, 883, 885, 888, 891, 892, 893, 898, 899, 904, 905, 907, 908, 911, 918, 920, 921, 922, 923, 924, 926, 931, 933]",[],[],2/6 successful match,False,[356],True,526,False,,,,,
"Summit , 84772 Sunshine Truck Stop",435-586-3893 I-15 Exit 71,L,Summit,84772,Sunshine Truck Stop,435-586-3893,2007,Summit,UT,,,I-15 Exit 71,Exit,71,False,,False,I-15,,,,,[],[],[],"[322, 780]","[398, 399, 400, 401, 402, 403, 404, 405, 406, 407, 408, 409, 410, 411, 412, 413, 414, 415, 416, 417, 418, 419, 420, 421, 422, 423, 424, 425, 426, 427, 428, 429, 430, 431, 432, 433, 434, 435, 436, 437, 438, 439, 440, 441, 442, 443, 444, 445, 446, 447, 448, 449, 450, 451, 452, 453, 454, 455, 456, 457, 458, 459, 460, 461, 462, 463, 464, 465, 466, 467, 468, 469, 470, 471, 472, 473, 474, 475, 476, 477, 478, 479, 480, 481, 482, 483, 484, 848, 849, 850, 851, 852, 853, 854, 855, 856, 857, 858, 859, 860, 861, 862, 863, 864, 865, 866, 867, 868, 869, 870, 871, 872, 873, 874, 875, 876, 877, 878, 879, 880, 881, 882, 883, 884, 885, 886, 887, 888, 889, 890, 891, 892, 893, 894, 895, 896, 897, 898, 899, 900, 901, 902, 903, 904, 905, 906, 907, 908, 909, 910, 911, 912, 913, 914, 915, 916, 917, 918, 919, 920, 921, 922, 923, 924, 925, 926, 927, 928, 929, 930, 931, 932, 933, 934, 935]","[16, 125, 156, 163, 168, 184, 205, 222, 229, 253, 258, 265, 313, 317, 336, 340, 341, 356, 363, 365, 366, 367, 370, 375, 388, 391, 394, 396, 402, 410, 411, 412, 413, 415, 416, 417, 418, 419, 425, 429, 431, 433, 435, 437, 440, 441, 442, 443, 451, 452, 456, 457, 458, 460, 461, 464, 471, 473, 474, 475, 481, 482, 501, 596, 628, 635, 655, 675, 693, 716, 720, 725, 771, 775, 793, 796, 797, 811, 817, 818, 820, 825, 838, 841, 844, 846, 851, 857, 861, 862, 863, 864, 866, 867, 868, 870, 871, 877, 881, 883, 885, 888, 891, 892, 893, 898, 899, 904, 905, 907, 908, 911, 918, 920, 921, 922, 923, 924, 926, 931, 933]",[],[],"[916, 917, 918, 919, 16, 920, 921, 922, 923, 388, 924, 925, 926, 927, 928, 929, 930, 931, 932, 596, 933, 934, 935, 391, 628, 635, 125, 655, 336, 156, 163, 675, 168, 340, 341, 693, 184, 394, 716, 205, 720, 725, 375, 222, 229, 396, 253, 356, 258, 771, 775, 265, 780, 793, 796, 797, 363, 811, 365, 817, 366, 818, 820, 367, 313, 825, 317, 322, 370, 838, 841, 844, 846, 848, 849, 850, 851, 852, 853, 854, 855, 856, 857, 858, 859, 860, 861, 862, 863, 864, 865, 866, 867, 868, 869, 870, 871, 872, 873, 874, 875, 876, 877, 878, 879, 880, 881, 882, 883, 884, 885, 886, 887, 888, 889, 890, 891, 892, 893, 894, 895, 896, 897, 898, 899, 900, 901, 902, 903, 904, 905, 906, 907, 908, 909, 398, 399, 400, 401, 402, 403, 404, 405, 406, 407, 408, 409, 410, 411, 412, 413, 414, 415, 416, 417, 418, 419, 420, 421, 422, 423, 424, 425, 426, 427, 428, 429, 430, 431, 432, 433, 434, 435, 436, 437, 438, 439, 440, 441, 442, 443, 444, 445, 446, 447, 448, 449, 450, 451, 452, 453, 454, 455, 456, 457, 458, 459, 460, 461, 462, 463, 464, 465, 466, 467, 468, 469, 470, 471, 472, 473, 474, 475, 476, 477, 478, 479, 480, 481, 482, 483, 484, 910, 911, 912, 913, 501, 914, 915]",False,[],"[398, 399, 400, 401, 402, 403, 404, 405, 406, 407, 408, 409, 410, 411, 412, 413, 414, 415, 416, 417, 418, 419, 420, 421, 422, 423, 424, 425, 426, 427, 428, 429, 430, 431, 432, 433, 434, 435, 436, 437, 438, 439, 440, 441, 442, 443, 444, 445, 446, 447, 448, 449, 450, 451, 452, 453, 454, 455, 456, 457, 458, 459, 460, 461, 462, 463, 464, 465, 466, 467, 468, 469, 470, 471, 472, 473, 474, 475, 476, 477, 478, 479, 480, 481, 482, 483, 484, 848, 849, 850, 851, 852, 853, 854, 855, 856, 857, 858, 859, 860, 861, 862, 863, 864, 865, 866, 867, 868, 869, 870, 871, 872, 873, 874, 875, 876, 877, 878, 879, 880, 881, 882, 883, 884, 885, 886, 887, 888, 889, 890, 891, 892, 893, 894, 895, 896, 897, 898, 899, 900, 901, 902, 903, 904, 905, 906, 907, 908, 909, 910, 911, 912, 913, 914, 915, 916, 917, 918, 919, 920, 921, 922, 923, 924, 925, 926, 927, 928, 929, 930, 931, 932, 933, 934, 935]",[],"[322, 780]","[16, 125, 156, 163, 168, 184, 205, 222, 229, 253, 258, 265, 313, 317, 336, 340, 341, 356, 363, 365, 366, 367, 370, 375, 388, 391, 394, 396, 402, 410, 411, 412, 413, 415, 416, 417, 418, 419, 425, 429, 431, 433, 435, 437, 440, 441, 442, 443, 451, 452, 456, 457, 458, 460, 461, 464, 471, 473, 474, 475, 481, 482, 501, 596, 628, 635, 655, 675, 693, 716, 720, 725, 771, 775, 793, 796, 797, 811, 817, 818, 820, 825, 838, 841, 844, 846, 851, 857, 861, 862, 863, 864, 866, 867, 868, 870, 871, 877, 881, 883, 885, 888, 891, 892, 893, 898, 899, 904, 905, 907, 908, 911, 918, 920, 921, 922, 923, 924, 926, 931, 933]",[],[],2/6 successful match,False,[356],True,526,False,,0.8999999999999999,True,Sunshine Truck Stop,
"Summit , 84772 Sunshine Truck Stop",435-586-3893 I-15 Exit 71,L,Summit,84772,Sunshine Truck Stop,435-586-3893,2008,Summit,UT,,,I-15 Exit 71,Exit,71,False,,False,I-15,,,,,[],[],[],"[322, 780]","[398, 399, 400, 401, 402, 403, 404, 405, 406, 407, 408, 409, 410, 411, 412, 413, 414, 415, 416, 417, 418, 419, 420, 421, 422, 423, 424, 425, 426, 427, 428, 429, 430, 431, 432, 433, 434, 435, 436, 437, 438, 439, 440, 441, 442, 443, 444, 445, 446, 447, 448, 449, 450, 451, 452, 453, 454, 455, 456, 457, 458, 459, 460, 461, 462, 463, 464, 465, 466, 467, 468, 469, 470, 471, 472, 473, 474, 475, 476, 477, 478, 479, 480, 481, 482, 483, 484, 848, 849, 850, 851, 852, 853, 854, 855, 856, 857, 858, 859, 860, 861, 862, 863, 864, 865, 866, 867, 868, 869, 870, 871, 872, 873, 874, 875, 876, 877, 878, 879, 880, 881, 882, 883, 884, 885, 886, 887, 888, 889, 890, 891, 892, 893, 894, 895, 896, 897, 898, 899, 900, 901, 902, 903, 904, 905, 906, 907, 908, 909, 910, 911, 912, 913, 914, 915, 916, 917, 918, 919, 920, 921, 922, 923, 924, 925, 926, 927, 928, 929, 930, 931, 932, 933, 934, 935]","[16, 125, 156, 163, 168, 184, 205, 222, 229, 253, 258, 265, 313, 317, 336, 340, 341, 356, 363, 365, 366, 367, 370, 375, 388, 391, 394, 396, 402, 410, 411, 412, 413, 415, 416, 417, 418, 419, 425, 429, 431, 433, 435, 437, 440, 441, 442, 443, 451, 452, 456, 457, 458, 460, 461, 464, 471, 473, 474, 475, 481, 482, 501, 596, 628, 635, 655, 675, 693, 716, 720, 725, 771, 775, 793, 796, 797, 811, 817, 818, 820, 825, 838, 841, 844, 846, 851, 857, 861, 862, 863, 864, 866, 867, 868, 870, 871, 877, 881, 883, 885, 888, 891, 892, 893, 898, 899, 904, 905, 907, 908, 911, 918, 920, 921, 922, 923, 924, 926, 931, 933]",[],[],"[916, 917, 918, 919, 16, 920, 921, 922, 923, 388, 924, 925, 926, 927, 928, 929, 930, 931, 932, 596, 933, 934, 935, 391, 628, 635, 125, 655, 336, 156, 163, 675, 168, 340, 341, 693, 184, 394, 716, 205, 720, 725, 375, 222, 229, 396, 253, 356, 258, 771, 775, 265, 780, 793, 796, 797, 363, 811, 365, 817, 366, 818, 820, 367, 313, 825, 317, 322, 370, 838, 841, 844, 846, 848, 849, 850, 851, 852, 853, 854, 855, 856, 857, 858, 859, 860, 861, 862, 863, 864, 865, 866, 867, 868, 869, 870, 871, 872, 873, 874, 875, 876, 877, 878, 879, 880, 881, 882, 883, 884, 885, 886, 887, 888, 889, 890, 891, 892, 893, 894, 895, 896, 897, 898, 899, 900, 901, 902, 903, 904, 905, 906, 907, 908, 909, 398, 399, 400, 401, 402, 403, 404, 405, 406, 407, 408, 409, 410, 411, 412, 413, 414, 415, 416, 417, 418, 419, 420, 421, 422, 423, 424, 425, 426, 427, 428, 429, 430, 431, 432, 433, 434, 435, 436, 437, 438, 439, 440, 441, 442, 443, 444, 445, 446, 447, 448, 449, 450, 451, 452, 453, 454, 455, 456, 457, 458, 459, 460, 461, 462, 463, 464, 465, 466, 467, 468, 469, 470, 471, 472, 473, 474, 475, 476, 477, 478, 479, 480, 481, 482, 483, 484, 910, 911, 912, 913, 501, 914, 915]",False,[],"[398, 399, 400, 401, 402, 403, 404, 405, 406, 407, 408, 409, 410, 411, 412, 413, 414, 415, 416, 417, 418, 419, 420, 421, 422, 423, 424, 425, 426, 427, 428, 429, 430, 431, 432, 433, 434, 435, 436, 437, 438, 439, 440, 441, 442, 443, 444, 445, 446, 447, 448, 449, 450, 451, 452, 453, 454, 455, 456, 457, 458, 459, 460, 461, 462, 463, 464, 465, 466, 467, 468, 469, 470, 471, 472, 473, 474, 475, 476, 477, 478, 479, 480, 481, 482, 483, 484, 848, 849, 850, 851, 852, 853, 854, 855, 856, 857, 858, 859, 860, 861, 862, 863, 864, 865, 866, 867, 868, 869, 870, 871, 872, 873, 874, 875, 876, 877, 878, 879, 880, 881, 882, 883, 884, 885, 886, 887, 888, 889, 890, 891, 892, 893, 894, 895, 896, 897, 898, 899, 900, 901, 902, 903, 904, 905, 906, 907, 908, 909, 910, 911, 912, 913, 914, 915, 916, 917, 918, 919, 920, 921, 922, 923, 924, 925, 926, 927, 928, 929, 930, 931, 932, 933, 934, 935]",[],"[322, 780]","[16, 125, 156, 163, 168, 184, 205, 222, 229, 253, 258, 265, 313, 317, 336, 340, 341, 356, 363, 365, 366, 367, 370, 375, 388, 391, 394, 396, 402, 410, 411, 412, 413, 415, 416, 417, 418, 419, 425, 429, 431, 433, 435, 437, 440, 441, 442, 443, 451, 452, 456, 457, 458, 460, 461, 464, 471, 473, 474, 475, 481, 482, 501, 596, 628, 635, 655, 675, 693, 716, 720, 725, 771, 775, 793, 796, 797, 811, 817, 818, 820, 825, 838, 841, 844, 846, 851, 857, 861, 862, 863, 864, 866, 867, 868, 870, 871, 877, 881, 883, 885, 888, 891, 892, 893, 898, 899, 904, 905, 907, 908, 911, 918, 920, 921, 922, 923, 924, 926, 931, 933]",[],[],2/6 successful match,False,[356],True,526,False,,0.8999999999999999,True,Sunshine Truck Stop,
F Phoenix ( 85007 ) Discount Zone ( Shell ),4 602-253-9717 I-17 Exit 196 ( 7th Ave S ),24 <U+25A1>,Phoenix,85007,Discount Zone ( Shell ),602-253-9717,2014,Phoenix,AZ,Shell,( 7th Ave S ),I-17 Exit 196 ,Exit,196,False,,False,I-17,,,,,"[498, 13]",[],"[6, 7, 13, 14, 22, 56, 83, 492, 493, 498, 499, 506, 533, 554]","[13, 498]","[0, 1, 2, 3, 4, 5, 6, 7, 8, 9, 10, 11, 12, 13, 14, 15, 16, 17, 18, 19, 20, 21, 22, 23, 24, 25, 26, 27, 28, 29, 30, 31, 32, 33, 34, 35, 36, 37, 38, 39, 40, 41, 42, 43, 44, 45, 46, 47, 48, 49, 50, 51, 52, 53, 54, 55, 56, 57, 58, 59, 60, 61, 62, 63, 64, 65, 66, 67, 68, 69, 70, 71, 72, 73, 74, 75, 76, 77, 78, 79, 80, 81, 82, 83, 84, 85, 86, 87, 88, 89, 90, 91, 92, 93, 94, 95, 96, 97, 98, 99, 100, 101, 102, 485, 486, 487, 488, 489, 490, 491, 492, 493, 494, 495, 496, 497, 498, 499, 500, 501, 502, 503, 504, 505, 506, 507, 508, 509, 510, 511, 512, 513, 514, 515, 516, 517, 518, 519, 520, 521, 522, 523, 524, 525, 526, 527, 528, 529, 530, 531, 532, 533, 534, 535, 536, 537, 538, 539, 540, 541, 542, 543, 544, 545, 546, 547, 548, 549, 550, 551, 552, 553, 554, 555, 556, 557, 558, 559, 560, 561, 562, 563, 564, 565, 566, 567, 568, 569, 570, 571, 572, 573]","[1, 13, 47, 53, 66, 212, 398, 487, 498, 527, 541, 682, 903]","[1, 13, 14, 29, 54, 55, 56, 57, 58, 60, 102, 118, 125, 127, 130, 134, 146, 149, 153, 175, 182, 187, 189, 191, 197, 225, 230, 238, 264, 265, 266, 286, 302, 317, 336, 379, 388, 389, 425, 454, 458, 463, 475, 487, 498, 499, 512, 530, 531, 532, 533, 534, 536, 573, 589, 596, 598, 601, 605, 617, 620, 624, 646, 653, 658, 660, 662, 668, 689, 694, 702, 724, 725, 745, 760, 775, 793, 829, 838, 839, 877, 901, 903, 905, 910, 923]","[1, 13, 14, 29, 54, 55, 56, 57, 58, 60, 102, 118, 125, 127, 130, 134, 146, 149, 153, 175, 182, 187, 189, 191, 197, 225, 230, 238, 264, 265, 266, 286, 302, 315, 317, 336, 354, 379, 388, 389, 425, 454, 458, 463, 475, 487, 498, 499, 512, 530, 531, 532, 533, 534, 536, 573, 589, 596, 598, 601, 605, 617, 620, 624, 646, 653, 658, 660, 662, 668, 689, 694, 702, 724, 725, 745, 760, 773, 775, 793, 809, 829, 838, 839, 877, 901, 903, 905, 910, 923]","[0, 1, 2, 3, 4, 5, 6, 7, 8, 9, 10, 11, 12, 13, 14, 15, 16, 17, 18, 19, 20, 533, 22, 21, 23, 24, 25, 26, 27, 28, 29, 30, 31, 32, 33, 34, 35, 36, 37, 38, 39, 40, 554, 41, 42, 43, 44, 45, 46, 47, 48, 49, 50, 51, 52, 53, 56, 54, 55, 57, 58, 59, 60, 61, 62, 63, 64, 65, 66, 67, 68, 69, 70, 71, 72, 73, 74, 75, 76, 77, 78, 79, 80, 83, 81, 82, 84, 85, 86, 87, 88, 89, 90, 91, 92, 93, 94, 95, 96, 97, 98, 99, 100, 101, 102, 528, 529, 530, 617, 620, 513, 531, 624, 532, 118, 125, 534, 127, 130, 535, 134, 646, 514, 536, 653, 537, 146, 538, 658, 149, 660, 662, 539, 153, 668, 540, 515, 541, 542, 682, 543, 175, 689, 544, 182, 545, 694, 516, 187, 546, 189, 702, 191, 547, 197, 548, 549, 550, 517, 212, 551, 724, 725, 552, 553, 225, 230, 555, 745, 518, 556, 238, 557, 558, 760, 559, 560, 519, 773, 561, 264, 265, 266, 775, 562, 563, 564, 793, 565, 520, 286, 566, 567, 809, 568, 302, 569, 570, 521, 571, 315, 317, 572, 829, 573, 838, 839, 522, 336, 354, 523, 877, 379, 524, 388, 389, 901, 903, 905, 398, 910, 589, 525, 923, 425, 512, 526, 596, 598, 454, 458, 527, 463, 601, 475, 605, 485, 486, 487, 488, 489, 490, 491, 492, 493, 494, 495, 496, 497, 498, 499, 500, 501, 502, 503, 504, 505, 506, 507, 508, 509, 510, 511]",True,[],"[0, 1, 2, 3, 4, 5, 6, 7, 8, 9, 10, 11, 12, 13, 14, 15, 16, 17, 18, 19, 20, 21, 22, 23, 24, 25, 26, 27, 28, 29, 30, 31, 32, 33, 34, 35, 36, 37, 38, 39, 40, 41, 42, 43, 44, 45, 46, 47, 48, 49, 50, 51, 52, 53, 54, 55, 56, 57, 58, 59, 60, 61, 62, 63, 64, 65, 66, 67, 68, 69, 70, 71, 72, 73, 74, 75, 76, 77, 78, 79, 80, 81, 82, 83, 84, 85, 86, 87, 88, 89, 90, 91, 92, 93, 94, 95, 96, 97, 98, 99, 100, 101, 102, 485, 486, 487, 488, 489, 490, 491, 492, 493, 494, 495, 496, 497, 498, 499, 500, 501, 502, 503, 504, 505, 506, 507, 508, 509, 510, 511, 512, 513, 514, 515, 516, 517, 518, 519, 520, 521, 522, 523, 524, 525, 526, 527, 528, 529, 530, 531, 532, 533, 534, 535, 536, 537, 538, 539, 540, 541, 542, 543, 544, 545, 546, 547, 548, 549, 550, 551, 552, 553, 554, 555, 556, 557, 558, 559, 560, 561, 562, 563, 564, 565, 566, 567, 568, 569, 570, 571, 572, 573]","[6, 7, 13, 14, 22, 56, 83, 492, 493, 498, 499, 506, 533, 554]","[13, 498]","[1, 13, 47, 53, 66, 212, 398, 487, 498, 527, 541, 682, 903]","[1, 13, 14, 29, 54, 55, 56, 57, 58, 60, 102, 118, 125, 127, 130, 134, 146, 149, 153, 175, 182, 187, 189, 191, 197, 225, 230, 238, 264, 265, 266, 286, 302, 315, 317, 336, 354, 379, 388, 389, 425, 454, 458, 463, 475, 487, 498, 499, 512, 530, 531, 532, 533, 534, 536, 573, 589, 596, 598, 601, 605, 617, 620, 624, 646, 653, 658, 660, 662, 668, 689, 694, 702, 724, 725, 745, 760, 773, 775, 793, 809, 829, 838, 839, 877, 901, 903, 905, 910, 923]","[1, 13, 14, 29, 54, 55, 56, 57, 58, 60, 102, 118, 125, 127, 130, 134, 146, 149, 153, 175, 182, 187, 189, 191, 197, 225, 230, 238, 264, 265, 266, 286, 302, 317, 336, 379, 388, 389, 425, 454, 458, 463, 475, 487, 498, 499, 512, 530, 531, 532, 533, 534, 536, 573, 589, 596, 598, 601, 605, 617, 620, 624, 646, 653, 658, 660, 662, 668, 689, 694, 702, 724, 725, 745, 760, 775, 793, 829, 838, 839, 877, 901, 903, 905, 910, 923]",7/6 successful match,True,,False,526,True,2014,0.19047619047619047,True,Sunshine Truck Stop,
Phoenix ( 85007 ) Discount Zone ( Shell ),4 602-253-9717 I-17 Exit 196 ( 7th Ave S ),24 <U+2610>,Phoenix,85007,Discount Zone ( Shell ),602-253-9717,2015,Phoenix,AZ,Shell,( 7th Ave S ),I-17 Exit 196 ,Exit,196,False,,False,I-17,,,,,"[498, 13]",[],"[6, 7, 13, 14, 22, 56, 83, 492, 493, 498, 499, 506, 533, 554]","[13, 498]","[0, 1, 2, 3, 4, 5, 6, 7, 8, 9, 10, 11, 12, 13, 14, 15, 16, 17, 18, 19, 20, 21, 22, 23, 24, 25, 26, 27, 28, 29, 30, 31, 32, 33, 34, 35, 36, 37, 38, 39, 40, 41, 42, 43, 44, 45, 46, 47, 48, 49, 50, 51, 52, 53, 54, 55, 56, 57, 58, 59, 60, 61, 62, 63, 64, 65, 66, 67, 68, 69, 70, 71, 72, 73, 74, 75, 76, 77, 78, 79, 80, 81, 82, 83, 84, 85, 86, 87, 88, 89, 90, 91, 92, 93, 94, 95, 96, 97, 98, 99, 100, 101, 102, 485, 486, 487, 488, 489, 490, 491, 492, 493, 494, 495, 496, 497, 498, 499, 500, 501, 502, 503, 504, 505, 506, 507, 508, 509, 510, 511, 512, 513, 514, 515, 516, 517, 518, 519, 520, 521, 522, 523, 524, 525, 526, 527, 528, 529, 530, 531, 532, 533, 534, 535, 536, 537, 538, 539, 540, 541, 542, 543, 544, 545, 546, 547, 548, 549, 550, 551, 552, 553, 554, 555, 556, 557, 558, 559, 560, 561, 562, 563, 564, 565, 566, 567, 568, 569, 570, 571, 572, 573]","[1, 13, 47, 53, 66, 212, 398, 487, 498, 527, 541, 682, 903]","[1, 13, 14, 29, 54, 55, 56, 57, 58, 60, 102, 118, 125, 127, 130, 134, 146, 149, 153, 175, 182, 187, 189, 191, 197, 225, 230, 238, 264, 265, 266, 286, 302, 317, 336, 379, 388, 389, 425, 454, 458, 463, 475, 487, 498, 499, 512, 530, 531, 532, 533, 534, 536, 573, 589, 596, 598, 601, 605, 617, 620, 624, 646, 653, 658, 660, 662, 668, 689, 694, 702, 724, 725, 745, 760, 775, 793, 829, 838, 839, 877, 901, 903, 905, 910, 923]","[1, 13, 14, 29, 54, 55, 56, 57, 58, 60, 102, 118, 125, 127, 130, 134, 146, 149, 153, 175, 182, 187, 189, 191, 197, 225, 230, 238, 264, 265, 266, 286, 302, 315, 317, 336, 354, 379, 388, 389, 425, 454, 458, 463, 475, 487, 498, 499, 512, 530, 531, 532, 533, 534, 536, 573, 589, 596, 598, 601, 605, 617, 620, 624, 646, 653, 658, 660, 662, 668, 689, 694, 702, 724, 725, 745, 760, 773, 775, 793, 809, 829, 838, 839, 877, 901, 903, 905, 910, 923]","[0, 1, 2, 3, 4, 5, 6, 7, 8, 9, 10, 11, 12, 13, 14, 15, 16, 17, 18, 19, 20, 533, 22, 21, 23, 24, 25, 26, 27, 28, 29, 30, 31, 32, 33, 34, 35, 36, 37, 38, 39, 40, 554, 41, 42, 43, 44, 45, 46, 47, 48, 49, 50, 51, 52, 53, 56, 54, 55, 57, 58, 59, 60, 61, 62, 63, 64, 65, 66, 67, 68, 69, 70, 71, 72, 73, 74, 75, 76, 77, 78, 79, 80, 83, 81, 82, 84, 85, 86, 87, 88, 89, 90, 91, 92, 93, 94, 95, 96, 97, 98, 99, 100, 101, 102, 528, 529, 530, 617, 620, 513, 531, 624, 532, 118, 125, 534, 127, 130, 535, 134, 646, 514, 536, 653, 537, 146, 538, 658, 149, 660, 662, 539, 153, 668, 540, 515, 541, 542, 682, 543, 175, 689, 544, 182, 545, 694, 516, 187, 546, 189, 702, 191, 547, 197, 548, 549, 550, 517, 212, 551, 724, 725, 552, 553, 225, 230, 555, 745, 518, 556, 238, 557, 558, 760, 559, 560, 519, 773, 561, 264, 265, 266, 775, 562, 563, 564, 793, 565, 520, 286, 566, 567, 809, 568, 302, 569, 570, 521, 571, 315, 317, 572, 829, 573, 838, 839, 522, 336, 354, 523, 877, 379, 524, 388, 389, 901, 903, 905, 398, 910, 589, 525, 923, 425, 512, 526, 596, 598, 454, 458, 527, 463, 601, 475, 605, 485, 486, 487, 488, 489, 490, 491, 492, 493, 494, 495, 496, 497, 498, 499, 500, 501, 502, 503, 504, 505, 506, 507, 508, 509, 510, 511]",True,[],"[0, 1, 2, 3, 4, 5, 6, 7, 8, 9, 10, 11, 12, 13, 14, 15, 16, 17, 18, 19, 20, 21, 22, 23, 24, 25, 26, 27, 28, 29, 30, 31, 32, 33, 34, 35, 36, 37, 38, 39, 40, 41, 42, 43, 44, 45, 46, 47, 48, 49, 50, 51, 52, 53, 54, 55, 56, 57, 58, 59, 60, 61, 62, 63, 64, 65, 66, 67, 68, 69, 70, 71, 72, 73, 74, 75, 76, 77, 78, 79, 80, 81, 82, 83, 84, 85, 86, 87, 88, 89, 90, 91, 92, 93, 94, 95, 96, 97, 98, 99, 100, 101, 102, 485, 486, 487, 488, 489, 490, 491, 492, 493, 494, 495, 496, 497, 498, 499, 500, 501, 502, 503, 504, 505, 506, 507, 508, 509, 510, 511, 512, 513, 514, 515, 516, 517, 518, 519, 520, 521, 522, 523, 524, 525, 526, 527, 528, 529, 530, 531, 532, 533, 534, 535, 536, 537, 538, 539, 540, 541, 542, 543, 544, 545, 546, 547, 548, 549, 550, 551, 552, 553, 554, 555, 556, 557, 558, 559, 560, 561, 562, 563, 564, 565, 566, 567, 568, 569, 570, 571, 572, 573]","[6, 7, 13, 14, 22, 56, 83, 492, 493, 498, 499, 506, 533, 554]","[13, 498]","[1, 13, 47, 53, 66, 212, 398, 487, 498, 527, 541, 682, 903]","[1, 13, 14, 29, 54, 55, 56, 57, 58, 60, 102, 118, 125, 127, 130, 134, 146, 149, 153, 175, 182, 187, 189, 191, 197, 225, 230, 238, 264, 265, 266, 286, 302, 315, 317, 336, 354, 379, 388, 389, 425, 454, 458, 463, 475, 487, 498, 499, 512, 530, 531, 532, 533, 534, 536, 573, 589, 596, 598, 601, 605, 617, 620, 624, 646, 653, 658, 660, 662, 668, 689, 694, 702, 724, 725, 745, 760, 773, 775, 793, 809, 829, 838, 839, 877, 901, 903, 905, 910, 923]","[1, 13, 14, 29, 54, 55, 56, 57, 58, 60, 102, 118, 125, 127, 130, 134, 146, 149, 153, 175, 182, 187, 189, 191, 197, 225, 230, 238, 264, 265, 266, 286, 302, 317, 336, 379, 388, 389, 425, 454, 458, 463, 475, 487, 498, 499, 512, 530, 531, 532, 533, 534, 536, 573, 589, 596, 598, 601, 605, 617, 620, 624, 646, 653, 658, 660, 662, 668, 689, 694, 702, 724, 725, 745, 760, 775, 793, 829, 838, 839, 877, 901, 903, 905, 910, 923]",7/6 successful match,True,,False,526,False,,1.0,True,Discount Zone ( Shell ),Shell
Phoenix ( 85007 ) Discount Zone ( Shell ),602-253-9717 I-17 Exit 196 ( 7th Ave S ),<U+2610> <U+25A1> <U+2610>,Phoenix,85007,Discount Zone ( Shell ),602-253-9717,2016,Phoenix,AZ,Shell,( 7th Ave S ),I-17 Exit 196 ,Exit,196,False,,False,I-17,,,,,"[498, 13]",[],"[6, 7, 13, 14, 22, 56, 83, 492, 493, 498, 499, 506, 533, 554]","[13, 498]","[0, 1, 2, 3, 4, 5, 6, 7, 8, 9, 10, 11, 12, 13, 14, 15, 16, 17, 18, 19, 20, 21, 22, 23, 24, 25, 26, 27, 28, 29, 30, 31, 32, 33, 34, 35, 36, 37, 38, 39, 40, 41, 42, 43, 44, 45, 46, 47, 48, 49, 50, 51, 52, 53, 54, 55, 56, 57, 58, 59, 60, 61, 62, 63, 64, 65, 66, 67, 68, 69, 70, 71, 72, 73, 74, 75, 76, 77, 78, 79, 80, 81, 82, 83, 84, 85, 86, 87, 88, 89, 90, 91, 92, 93, 94, 95, 96, 97, 98, 99, 100, 101, 102, 485, 486, 487, 488, 489, 490, 491, 492, 493, 494, 495, 496, 497, 498, 499, 500, 501, 502, 503, 504, 505, 506, 507, 508, 509, 510, 511, 512, 513, 514, 515, 516, 517, 518, 519, 520, 521, 522, 523, 524, 525, 526, 527, 528, 529, 530, 531, 532, 533, 534, 535, 536, 537, 538, 539, 540, 541, 542, 543, 544, 545, 546, 547, 548, 549, 550, 551, 552, 553, 554, 555, 556, 557, 558, 559, 560, 561, 562, 563, 564, 565, 566, 567, 568, 569, 570, 571, 572, 573]","[1, 13, 47, 53, 66, 212, 398, 487, 498, 527, 541, 682, 903]","[1, 13, 14, 29, 54, 55, 56, 57, 58, 60, 102, 118, 125, 127, 130, 134, 146, 149, 153, 175, 182, 187, 189, 191, 197, 225, 230, 238, 264, 265, 266, 286, 302, 317, 336, 379, 388, 389, 425, 454, 458, 463, 475, 487, 498, 499, 512, 530, 531, 532, 533, 534, 536, 573, 589, 596, 598, 601, 605, 617, 620, 624, 646, 653, 658, 660, 662, 668, 689, 694, 702, 724, 725, 745, 760, 775, 793, 829, 838, 839, 877, 901, 903, 905, 910, 923]","[1, 13, 14, 29, 54, 55, 56, 57, 58, 60, 102, 118, 125, 127, 130, 134, 146, 149, 153, 175, 182, 187, 189, 191, 197, 225, 230, 238, 264, 265, 266, 286, 302, 315, 317, 336, 354, 379, 388, 389, 425, 454, 458, 463, 475, 487, 498, 499, 512, 530, 531, 532, 533, 534, 536, 573, 589, 596, 598, 601, 605, 617, 620, 624, 646, 653, 658, 660, 662, 668, 689, 694, 702, 724, 725, 745, 760, 773, 775, 793, 809, 829, 838, 839, 877, 901, 903, 905, 910, 923]","[0, 1, 2, 3, 4, 5, 6, 7, 8, 9, 10, 11, 12, 13, 14, 15, 16, 17, 18, 19, 20, 533, 22, 21, 23, 24, 25, 26, 27, 28, 29, 30, 31, 32, 33, 34, 35, 36, 37, 38, 39, 40, 554, 41, 42, 43, 44, 45, 46, 47, 48, 49, 50, 51, 52, 53, 56, 54, 55, 57, 58, 59, 60, 61, 62, 63, 64, 65, 66, 67, 68, 69, 70, 71, 72, 73, 74, 75, 76, 77, 78, 79, 80, 83, 81, 82, 84, 85, 86, 87, 88, 89, 90, 91, 92, 93, 94, 95, 96, 97, 98, 99, 100, 101, 102, 528, 529, 530, 617, 620, 513, 531, 624, 532, 118, 125, 534, 127, 130, 535, 134, 646, 514, 536, 653, 537, 146, 538, 658, 149, 660, 662, 539, 153, 668, 540, 515, 541, 542, 682, 543, 175, 689, 544, 182, 545, 694, 516, 187, 546, 189, 702, 191, 547, 197, 548, 549, 550, 517, 212, 551, 724, 725, 552, 553, 225, 230, 555, 745, 518, 556, 238, 557, 558, 760, 559, 560, 519, 773, 561, 264, 265, 266, 775, 562, 563, 564, 793, 565, 520, 286, 566, 567, 809, 568, 302, 569, 570, 521, 571, 315, 317, 572, 829, 573, 838, 839, 522, 336, 354, 523, 877, 379, 524, 388, 389, 901, 903, 905, 398, 910, 589, 525, 923, 425, 512, 526, 596, 598, 454, 458, 527, 463, 601, 475, 605, 485, 486, 487, 488, 489, 490, 491, 492, 493, 494, 495, 496, 497, 498, 499, 500, 501, 502, 503, 504, 505, 506, 507, 508, 509, 510, 511]",True,[],"[0, 1, 2, 3, 4, 5, 6, 7, 8, 9, 10, 11, 12, 13, 14, 15, 16, 17, 18, 19, 20, 21, 22, 23, 24, 25, 26, 27, 28, 29, 30, 31, 32, 33, 34, 35, 36, 37, 38, 39, 40, 41, 42, 43, 44, 45, 46, 47, 48, 49, 50, 51, 52, 53, 54, 55, 56, 57, 58, 59, 60, 61, 62, 63, 64, 65, 66, 67, 68, 69, 70, 71, 72, 73, 74, 75, 76, 77, 78, 79, 80, 81, 82, 83, 84, 85, 86, 87, 88, 89, 90, 91, 92, 93, 94, 95, 96, 97, 98, 99, 100, 101, 102, 485, 486, 487, 488, 489, 490, 491, 492, 493, 494, 495, 496, 497, 498, 499, 500, 501, 502, 503, 504, 505, 506, 507, 508, 509, 510, 511, 512, 513, 514, 515, 516, 517, 518, 519, 520, 521, 522, 523, 524, 525, 526, 527, 528, 529, 530, 531, 532, 533, 534, 535, 536, 537, 538, 539, 540, 541, 542, 543, 544, 545, 546, 547, 548, 549, 550, 551, 552, 553, 554, 555, 556, 557, 558, 559, 560, 561, 562, 563, 564, 565, 566, 567, 568, 569, 570, 571, 572, 573]","[6, 7, 13, 14, 22, 56, 83, 492, 493, 498, 499, 506, 533, 554]","[13, 498]","[1, 13, 47, 53, 66, 212, 398, 487, 498, 527, 541, 682, 903]","[1, 13, 14, 29, 54, 55, 56, 57, 58, 60, 102, 118, 125, 127, 130, 134, 146, 149, 153, 175, 182, 187, 189, 191, 197, 225, 230, 238, 264, 265, 266, 286, 302, 315, 317, 336, 354, 379, 388, 389, 425, 454, 458, 463, 475, 487, 498, 499, 512, 530, 531, 532, 533, 534, 536, 573, 589, 596, 598, 601, 605, 617, 620, 624, 646, 653, 658, 660, 662, 668, 689, 694, 702, 724, 725, 745, 760, 773, 775, 793, 809, 829, 838, 839, 877, 901, 903, 905, 910, 923]","[1, 13, 14, 29, 54, 55, 56, 57, 58, 60, 102, 118, 125, 127, 130, 134, 146, 149, 153, 175, 182, 187, 189, 191, 197, 225, 230, 238, 264, 265, 266, 286, 302, 317, 336, 379, 388, 389, 425, 454, 458, 463, 475, 487, 498, 499, 512, 530, 531, 532, 533, 534, 536, 573, 589, 596, 598, 601, 605, 617, 620, 624, 646, 653, 658, 660, 662, 668, 689, 694, 702, 724, 725, 745, 760, 775, 793, 829, 838, 839, 877, 901, 903, 905, 910, 923]",7/6 successful match,True,,False,526,False,,1.0,True,Discount Zone ( Shell ),Shell
F Phoenix ( 85009 ) Circle K # 2885,4 602-269-8482 AZ 85 & 35th Ave,24 XL D,Phoenix,85009,Circle K # 2885,602-269-8482,2014,Phoenix,AZ,Circle K,,AZ 85 & 35th Ave,empty,,False,,False,AZ 85,35th Ave,,,,"[492, 6]","[6, 492]","[6, 7, 13, 14, 22, 56, 83, 492, 493, 498, 499, 506, 533, 554]",[],"[0, 1, 2, 3, 4, 5, 6, 7, 8, 9, 10, 11, 12, 13, 14, 15, 16, 17, 18, 19, 20, 21, 22, 23, 24, 25, 26, 27, 28, 29, 30, 31, 32, 33, 34, 35, 36, 37, 38, 39, 40, 41, 42, 43, 44, 45, 46, 47, 48, 49, 50, 51, 52, 53, 54, 55, 56, 57, 58, 59, 60, 61, 62, 63, 64, 65, 66, 67, 68, 69, 70, 71, 72, 73, 74, 75, 76, 77, 78, 79, 80, 81, 82, 83, 84, 85, 86, 87, 88, 89, 90, 91, 92, 93, 94, 95, 96, 97, 98, 99, 100, 101, 102, 485, 486, 487, 488, 489, 490, 491, 492, 493, 494, 495, 496, 497, 498, 499, 500, 501, 502, 503, 504, 505, 506, 507, 508, 509, 510, 511, 512, 513, 514, 515, 516, 517, 518, 519, 520, 521, 522, 523, 524, 525, 526, 527, 528, 529, 530, 531, 532, 533, 534, 535, 536, 537, 538, 539, 540, 541, 542, 543, 544, 545, 546, 547, 548, 549, 550, 551, 552, 553, 554, 555, 556, 557, 558, 559, 560, 561, 562, 563, 564, 565, 566, 567, 568, 569, 570, 571, 572, 573]","[6, 9, 44, 86, 89, 102, 421, 492, 494, 524, 557, 573, 873]","[6, 7, 492, 493]",[],"[0, 1, 2, 3, 4, 5, 6, 7, 8, 9, 10, 11, 12, 13, 14, 15, 16, 17, 18, 19, 20, 533, 22, 21, 23, 24, 25, 26, 27, 28, 29, 30, 31, 32, 33, 34, 35, 36, 37, 38, 39, 40, 554, 41, 42, 43, 44, 45, 46, 47, 48, 49, 50, 51, 52, 53, 56, 54, 55, 57, 58, 59, 60, 61, 62, 63, 64, 65, 66, 67, 68, 69, 70, 71, 72, 73, 74, 75, 76, 77, 78, 79, 80, 83, 81, 82, 84, 85, 86, 87, 88, 89, 90, 91, 92, 93, 94, 95, 96, 97, 98, 99, 100, 101, 102, 528, 529, 530, 513, 531, 532, 534, 535, 514, 536, 537, 538, 539, 540, 515, 541, 542, 543, 544, 545, 516, 546, 547, 548, 549, 550, 517, 551, 552, 553, 555, 518, 556, 557, 558, 559, 560, 519, 561, 562, 563, 564, 565, 520, 566, 567, 568, 569, 570, 521, 571, 572, 573, 522, 523, 873, 524, 525, 421, 512, 526, 527, 485, 486, 487, 488, 489, 490, 491, 492, 493, 494, 495, 496, 497, 498, 499, 500, 501, 502, 503, 504, 505, 506, 507, 508, 509, 510, 511]",True,"[6, 492]","[0, 1, 2, 3, 4, 5, 6, 7, 8, 9, 10, 11, 12, 13, 14, 15, 16, 17, 18, 19, 20, 21, 22, 23, 24, 25, 26, 27, 28, 29, 30, 31, 32, 33, 34, 35, 36, 37, 38, 39, 40, 41, 42, 43, 44, 45, 46, 47, 48, 49, 50, 51, 52, 53, 54, 55, 56, 57, 58, 59, 60, 61, 62, 63, 64, 65, 66, 67, 68, 69, 70, 71, 72, 73, 74, 75, 76, 77, 78, 79, 80, 81, 82, 83, 84, 85, 86, 87, 88, 89, 90, 91, 92, 93, 94, 95, 96, 97, 98, 99, 100, 101, 102, 485, 486, 487, 488, 489, 490, 491, 492, 493, 494, 495, 496, 497, 498, 499, 500, 501, 502, 503, 504, 505, 506, 507, 508, 509, 510, 511, 512, 513, 514, 515, 516, 517, 518, 519, 520, 521, 522, 523, 524, 525, 526, 527, 528, 529, 530, 531, 532, 533, 534, 535, 536, 537, 538, 539, 540, 541, 542, 543, 544, 545, 546, 547, 548, 549, 550, 551, 552, 553, 554, 555, 556, 557, 558, 559, 560, 561, 562, 563, 564, 565, 566, 567, 568, 569, 570, 571, 572, 573]","[6, 7, 13, 14, 22, 56, 83, 492, 493, 498, 499, 506, 533, 554]",[],"[6, 9, 44, 86, 89, 102, 421, 492, 494, 524, 557, 573, 873]",[],"[6, 7, 492, 493]",7/6 successful match,True,[334],True,527,False,,,,,
Phoenix ( 85009 ) Circle K # 2885,4 602-269-8482 AZ 85 & 35th Ave,24 XL D,Phoenix,85009,Circle K # 2885,602-269-8482,2015,Phoenix,AZ,Circle K,,AZ 85 & 35th Ave,empty,,False,,False,AZ 85,35th Ave,,,,"[492, 6]","[6, 492]","[6, 7, 13, 14, 22, 56, 83, 492, 493, 498, 499, 506, 533, 554]",[],"[0, 1, 2, 3, 4, 5, 6, 7, 8, 9, 10, 11, 12, 13, 14, 15, 16, 17, 18, 19, 20, 21, 22, 23, 24, 25, 26, 27, 28, 29, 30, 31, 32, 33, 34, 35, 36, 37, 38, 39, 40, 41, 42, 43, 44, 45, 46, 47, 48, 49, 50, 51, 52, 53, 54, 55, 56, 57, 58, 59, 60, 61, 62, 63, 64, 65, 66, 67, 68, 69, 70, 71, 72, 73, 74, 75, 76, 77, 78, 79, 80, 81, 82, 83, 84, 85, 86, 87, 88, 89, 90, 91, 92, 93, 94, 95, 96, 97, 98, 99, 100, 101, 102, 485, 486, 487, 488, 489, 490, 491, 492, 493, 494, 495, 496, 497, 498, 499, 500, 501, 502, 503, 504, 505, 506, 507, 508, 509, 510, 511, 512, 513, 514, 515, 516, 517, 518, 519, 520, 521, 522, 523, 524, 525, 526, 527, 528, 529, 530, 531, 532, 533, 534, 535, 536, 537, 538, 539, 540, 541, 542, 543, 544, 545, 546, 547, 548, 549, 550, 551, 552, 553, 554, 555, 556, 557, 558, 559, 560, 561, 562, 563, 564, 565, 566, 567, 568, 569, 570, 571, 572, 573]","[6, 9, 44, 86, 89, 102, 421, 492, 494, 524, 557, 573, 873]","[6, 7, 492, 493]",[],"[0, 1, 2, 3, 4, 5, 6, 7, 8, 9, 10, 11, 12, 13, 14, 15, 16, 17, 18, 19, 20, 533, 22, 21, 23, 24, 25, 26, 27, 28, 29, 30, 31, 32, 33, 34, 35, 36, 37, 38, 39, 40, 554, 41, 42, 43, 44, 45, 46, 47, 48, 49, 50, 51, 52, 53, 56, 54, 55, 57, 58, 59, 60, 61, 62, 63, 64, 65, 66, 67, 68, 69, 70, 71, 72, 73, 74, 75, 76, 77, 78, 79, 80, 83, 81, 82, 84, 85, 86, 87, 88, 89, 90, 91, 92, 93, 94, 95, 96, 97, 98, 99, 100, 101, 102, 528, 529, 530, 513, 531, 532, 534, 535, 514, 536, 537, 538, 539, 540, 515, 541, 542, 543, 544, 545, 516, 546, 547, 548, 549, 550, 517, 551, 552, 553, 555, 518, 556, 557, 558, 559, 560, 519, 561, 562, 563, 564, 565, 520, 566, 567, 568, 569, 570, 521, 571, 572, 573, 522, 523, 873, 524, 525, 421, 512, 526, 527, 485, 486, 487, 488, 489, 490, 491, 492, 493, 494, 495, 496, 497, 498, 499, 500, 501, 502, 503, 504, 505, 506, 507, 508, 509, 510, 511]",True,"[6, 492]","[0, 1, 2, 3, 4, 5, 6, 7, 8, 9, 10, 11, 12, 13, 14, 15, 16, 17, 18, 19, 20, 21, 22, 23, 24, 25, 26, 27, 28, 29, 30, 31, 32, 33, 34, 35, 36, 37, 38, 39, 40, 41, 42, 43, 44, 45, 46, 47, 48, 49, 50, 51, 52, 53, 54, 55, 56, 57, 58, 59, 60, 61, 62, 63, 64, 65, 66, 67, 68, 69, 70, 71, 72, 73, 74, 75, 76, 77, 78, 79, 80, 81, 82, 83, 84, 85, 86, 87, 88, 89, 90, 91, 92, 93, 94, 95, 96, 97, 98, 99, 100, 101, 102, 485, 486, 487, 488, 489, 490, 491, 492, 493, 494, 495, 496, 497, 498, 499, 500, 501, 502, 503, 504, 505, 506, 507, 508, 509, 510, 511, 512, 513, 514, 515, 516, 517, 518, 519, 520, 521, 522, 523, 524, 525, 526, 527, 528, 529, 530, 531, 532, 533, 534, 535, 536, 537, 538, 539, 540, 541, 542, 543, 544, 545, 546, 547, 548, 549, 550, 551, 552, 553, 554, 555, 556, 557, 558, 559, 560, 561, 562, 563, 564, 565, 566, 567, 568, 569, 570, 571, 572, 573]","[6, 7, 13, 14, 22, 56, 83, 492, 493, 498, 499, 506, 533, 554]",[],"[6, 9, 44, 86, 89, 102, 421, 492, 494, 524, 557, 573, 873]",[],"[6, 7, 492, 493]",7/6 successful match,True,[334],True,527,False,,1.0,True,Circle K # 2885,Circle K
Phoenix ( 85009 ) Circle K # 2885,602-269-8482 AZ 85 & 35th Ave,24 XL D <U+25A1> <U+25A1>,Phoenix,85009,Circle K # 2885,602-269-8482,2016,Phoenix,AZ,Circle K,,AZ 85 & 35th Ave,empty,,False,,False,AZ 85,35th Ave,,,,"[492, 6]","[6, 492]","[6, 7, 13, 14, 22, 56, 83, 492, 493, 498, 499, 506, 533, 554]",[],"[0, 1, 2, 3, 4, 5, 6, 7, 8, 9, 10, 11, 12, 13, 14, 15, 16, 17, 18, 19, 20, 21, 22, 23, 24, 25, 26, 27, 28, 29, 30, 31, 32, 33, 34, 35, 36, 37, 38, 39, 40, 41, 42, 43, 44, 45, 46, 47, 48, 49, 50, 51, 52, 53, 54, 55, 56, 57, 58, 59, 60, 61, 62, 63, 64, 65, 66, 67, 68, 69, 70, 71, 72, 73, 74, 75, 76, 77, 78, 79, 80, 81, 82, 83, 84, 85, 86, 87, 88, 89, 90, 91, 92, 93, 94, 95, 96, 97, 98, 99, 100, 101, 102, 485, 486, 487, 488, 489, 490, 491, 492, 493, 494, 495, 496, 497, 498, 499, 500, 501, 502, 503, 504, 505, 506, 507, 508, 509, 510, 511, 512, 513, 514, 515, 516, 517, 518, 519, 520, 521, 522, 523, 524, 525, 526, 527, 528, 529, 530, 531, 532, 533, 534, 535, 536, 537, 538, 539, 540, 541, 542, 543, 544, 545, 546, 547, 548, 549, 550, 551, 552, 553, 554, 555, 556, 557, 558, 559, 560, 561, 562, 563, 564, 565, 566, 567, 568, 569, 570, 571, 572, 573]","[6, 9, 44, 86, 89, 102, 421, 492, 494, 524, 557, 573, 873]","[6, 7, 492, 493]",[],"[0, 1, 2, 3, 4, 5, 6, 7, 8, 9, 10, 11, 12, 13, 14, 15, 16, 17, 18, 19, 20, 533, 22, 21, 23, 24, 25, 26, 27, 28, 29, 30, 31, 32, 33, 34, 35, 36, 37, 38, 39, 40, 554, 41, 42, 43, 44, 45, 46, 47, 48, 49, 50, 51, 52, 53, 56, 54, 55, 57, 58, 59, 60, 61, 62, 63, 64, 65, 66, 67, 68, 69, 70, 71, 72, 73, 74, 75, 76, 77, 78, 79, 80, 83, 81, 82, 84, 85, 86, 87, 88, 89, 90, 91, 92, 93, 94, 95, 96, 97, 98, 99, 100, 101, 102, 528, 529, 530, 513, 531, 532, 534, 535, 514, 536, 537, 538, 539, 540, 515, 541, 542, 543, 544, 545, 516, 546, 547, 548, 549, 550, 517, 551, 552, 553, 555, 518, 556, 557, 558, 559, 560, 519, 561, 562, 563, 564, 565, 520, 566, 567, 568, 569, 570, 521, 571, 572, 573, 522, 523, 873, 524, 525, 421, 512, 526, 527, 485, 486, 487, 488, 489, 490, 491, 492, 493, 494, 495, 496, 497, 498, 499, 500, 501, 502, 503, 504, 505, 506, 507, 508, 509, 510, 511]",True,"[6, 492]","[0, 1, 2, 3, 4, 5, 6, 7, 8, 9, 10, 11, 12, 13, 14, 15, 16, 17, 18, 19, 20, 21, 22, 23, 24, 25, 26, 27, 28, 29, 30, 31, 32, 33, 34, 35, 36, 37, 38, 39, 40, 41, 42, 43, 44, 45, 46, 47, 48, 49, 50, 51, 52, 53, 54, 55, 56, 57, 58, 59, 60, 61, 62, 63, 64, 65, 66, 67, 68, 69, 70, 71, 72, 73, 74, 75, 76, 77, 78, 79, 80, 81, 82, 83, 84, 85, 86, 87, 88, 89, 90, 91, 92, 93, 94, 95, 96, 97, 98, 99, 100, 101, 102, 485, 486, 487, 488, 489, 490, 491, 492, 493, 494, 495, 496, 497, 498, 499, 500, 501, 502, 503, 504, 505, 506, 507, 508, 509, 510, 511, 512, 513, 514, 515, 516, 517, 518, 519, 520, 521, 522, 523, 524, 525, 526, 527, 528, 529, 530, 531, 532, 533, 534, 535, 536, 537, 538, 539, 540, 541, 542, 543, 544, 545, 546, 547, 548, 549, 550, 551, 552, 553, 554, 555, 556, 557, 558, 559, 560, 561, 562, 563, 564, 565, 566, 567, 568, 569, 570, 571, 572, 573]","[6, 7, 13, 14, 22, 56, 83, 492, 493, 498, 499, 506, 533, 554]",[],"[6, 9, 44, 86, 89, 102, 421, 492, 494, 524, 557, 573, 873]",[],"[6, 7, 492, 493]",7/6 successful match,True,[334],True,527,False,,1.0,True,Circle K # 2885,Circle K
"F Phoenix , 85009 Circle K # 2885",4 602-278-6383 AZ 85 & 35th Ave,HRS S 0,Phoenix,85009,Circle K # 2885,602-278-6383,2006,Phoenix,AZ,Circle K,,AZ 85 & 35th Ave,empty,,False,,False,AZ 85,35th Ave,,,,[],"[6, 492]","[6, 7, 13, 14, 22, 56, 83, 492, 493, 498, 499, 506, 533, 554]",[],"[0, 1, 2, 3, 4, 5, 6, 7, 8, 9, 10, 11, 12, 13, 14, 15, 16, 17, 18, 19, 20, 21, 22, 23, 24, 25, 26, 27, 28, 29, 30, 31, 32, 33, 34, 35, 36, 37, 38, 39, 40, 41, 42, 43, 44, 45, 46, 47, 48, 49, 50, 51, 52, 53, 54, 55, 56, 57, 58, 59, 60, 61, 62, 63, 64, 65, 66, 67, 68, 69, 70, 71, 72, 73, 74, 75, 76, 77, 78, 79, 80, 81, 82, 83, 84, 85, 86, 87, 88, 89, 90, 91, 92, 93, 94, 95, 96, 97, 98, 99, 100, 101, 102, 485, 486, 487, 488, 489, 490, 491, 492, 493, 494, 495, 496, 497, 498, 499, 500, 501, 502, 503, 504, 505, 506, 507, 508, 509, 510, 511, 512, 513, 514, 515, 516, 517, 518, 519, 520, 521, 522, 523, 524, 525, 526, 527, 528, 529, 530, 531, 532, 533, 534, 535, 536, 537, 538, 539, 540, 541, 542, 543, 544, 545, 546, 547, 548, 549, 550, 551, 552, 553, 554, 555, 556, 557, 558, 559, 560, 561, 562, 563, 564, 565, 566, 567, 568, 569, 570, 571, 572, 573]","[6, 9, 44, 86, 89, 102, 421, 492, 494, 524, 557, 573, 873]","[6, 7, 492, 493]",[],"[0, 1, 2, 3, 4, 5, 6, 7, 8, 9, 10, 11, 12, 13, 14, 15, 16, 17, 18, 19, 20, 533, 22, 21, 23, 24, 25, 26, 27, 28, 29, 30, 31, 32, 33, 34, 35, 36, 37, 38, 39, 40, 554, 41, 42, 43, 44, 45, 46, 47, 48, 49, 50, 51, 52, 53, 56, 54, 55, 57, 58, 59, 60, 61, 62, 63, 64, 65, 66, 67, 68, 69, 70, 71, 72, 73, 74, 75, 76, 77, 78, 79, 80, 83, 81, 82, 84, 85, 86, 87, 88, 89, 90, 91, 92, 93, 94, 95, 96, 97, 98, 99, 100, 101, 102, 528, 529, 530, 513, 531, 532, 534, 535, 514, 536, 537, 538, 539, 540, 515, 541, 542, 543, 544, 545, 516, 546, 547, 548, 549, 550, 517, 551, 552, 553, 555, 518, 556, 557, 558, 559, 560, 519, 561, 562, 563, 564, 565, 520, 566, 567, 568, 569, 570, 521, 571, 572, 573, 522, 523, 873, 524, 525, 421, 512, 526, 527, 485, 486, 487, 488, 489, 490, 491, 492, 493, 494, 495, 496, 497, 498, 499, 500, 501, 502, 503, 504, 505, 506, 507, 508, 509, 510, 511]",False,"[6, 492]","[0, 1, 2, 3, 4, 5, 6, 7, 8, 9, 10, 11, 12, 13, 14, 15, 16, 17, 18, 19, 20, 21, 22, 23, 24, 25, 26, 27, 28, 29, 30, 31, 32, 33, 34, 35, 36, 37, 38, 39, 40, 41, 42, 43, 44, 45, 46, 47, 48, 49, 50, 51, 52, 53, 54, 55, 56, 57, 58, 59, 60, 61, 62, 63, 64, 65, 66, 67, 68, 69, 70, 71, 72, 73, 74, 75, 76, 77, 78, 79, 80, 81, 82, 83, 84, 85, 86, 87, 88, 89, 90, 91, 92, 93, 94, 95, 96, 97, 98, 99, 100, 101, 102, 485, 486, 487, 488, 489, 490, 491, 492, 493, 494, 495, 496, 497, 498, 499, 500, 501, 502, 503, 504, 505, 506, 507, 508, 509, 510, 511, 512, 513, 514, 515, 516, 517, 518, 519, 520, 521, 522, 523, 524, 525, 526, 527, 528, 529, 530, 531, 532, 533, 534, 535, 536, 537, 538, 539, 540, 541, 542, 543, 544, 545, 546, 547, 548, 549, 550, 551, 552, 553, 554, 555, 556, 557, 558, 559, 560, 561, 562, 563, 564, 565, 566, 567, 568, 569, 570, 571, 572, 573]","[6, 7, 13, 14, 22, 56, 83, 492, 493, 498, 499, 506, 533, 554]",[],"[6, 9, 44, 86, 89, 102, 421, 492, 494, 524, 557, 573, 873]",[],"[6, 7, 492, 493]",7/6 successful match,False,,False,528,False,,,,,
"F Phoenix , 85009 Circle K # 2885",602-278-6383 AZ 85 & 35th Ave,HRS 24 L <U+2610> <U+2610>,Phoenix,85009,Circle K # 2885,602-278-6383,2007,Phoenix,AZ,Circle K,,AZ 85 & 35th Ave,empty,,False,,False,AZ 85,35th Ave,,,,[],"[6, 492]","[6, 7, 13, 14, 22, 56, 83, 492, 493, 498, 499, 506, 533, 554]",[],"[0, 1, 2, 3, 4, 5, 6, 7, 8, 9, 10, 11, 12, 13, 14, 15, 16, 17, 18, 19, 20, 21, 22, 23, 24, 25, 26, 27, 28, 29, 30, 31, 32, 33, 34, 35, 36, 37, 38, 39, 40, 41, 42, 43, 44, 45, 46, 47, 48, 49, 50, 51, 52, 53, 54, 55, 56, 57, 58, 59, 60, 61, 62, 63, 64, 65, 66, 67, 68, 69, 70, 71, 72, 73, 74, 75, 76, 77, 78, 79, 80, 81, 82, 83, 84, 85, 86, 87, 88, 89, 90, 91, 92, 93, 94, 95, 96, 97, 98, 99, 100, 101, 102, 485, 486, 487, 488, 489, 490, 491, 492, 493, 494, 495, 496, 497, 498, 499, 500, 501, 502, 503, 504, 505, 506, 507, 508, 509, 510, 511, 512, 513, 514, 515, 516, 517, 518, 519, 520, 521, 522, 523, 524, 525, 526, 527, 528, 529, 530, 531, 532, 533, 534, 535, 536, 537, 538, 539, 540, 541, 542, 543, 544, 545, 546, 547, 548, 549, 550, 551, 552, 553, 554, 555, 556, 557, 558, 559, 560, 561, 562, 563, 564, 565, 566, 567, 568, 569, 570, 571, 572, 573]","[6, 9, 44, 86, 89, 102, 421, 492, 494, 524, 557, 573, 873]","[6, 7, 492, 493]",[],"[0, 1, 2, 3, 4, 5, 6, 7, 8, 9, 10, 11, 12, 13, 14, 15, 16, 17, 18, 19, 20, 533, 22, 21, 23, 24, 25, 26, 27, 28, 29, 30, 31, 32, 33, 34, 35, 36, 37, 38, 39, 40, 554, 41, 42, 43, 44, 45, 46, 47, 48, 49, 50, 51, 52, 53, 56, 54, 55, 57, 58, 59, 60, 61, 62, 63, 64, 65, 66, 67, 68, 69, 70, 71, 72, 73, 74, 75, 76, 77, 78, 79, 80, 83, 81, 82, 84, 85, 86, 87, 88, 89, 90, 91, 92, 93, 94, 95, 96, 97, 98, 99, 100, 101, 102, 528, 529, 530, 513, 531, 532, 534, 535, 514, 536, 537, 538, 539, 540, 515, 541, 542, 543, 544, 545, 516, 546, 547, 548, 549, 550, 517, 551, 552, 553, 555, 518, 556, 557, 558, 559, 560, 519, 561, 562, 563, 564, 565, 520, 566, 567, 568, 569, 570, 521, 571, 572, 573, 522, 523, 873, 524, 525, 421, 512, 526, 527, 485, 486, 487, 488, 489, 490, 491, 492, 493, 494, 495, 496, 497, 498, 499, 500, 501, 502, 503, 504, 505, 506, 507, 508, 509, 510, 511]",False,"[6, 492]","[0, 1, 2, 3, 4, 5, 6, 7, 8, 9, 10, 11, 12, 13, 14, 15, 16, 17, 18, 19, 20, 21, 22, 23, 24, 25, 26, 27, 28, 29, 30, 31, 32, 33, 34, 35, 36, 37, 38, 39, 40, 41, 42, 43, 44, 45, 46, 47, 48, 49, 50, 51, 52, 53, 54, 55, 56, 57, 58, 59, 60, 61, 62, 63, 64, 65, 66, 67, 68, 69, 70, 71, 72, 73, 74, 75, 76, 77, 78, 79, 80, 81, 82, 83, 84, 85, 86, 87, 88, 89, 90, 91, 92, 93, 94, 95, 96, 97, 98, 99, 100, 101, 102, 485, 486, 487, 488, 489, 490, 491, 492, 493, 494, 495, 496, 497, 498, 499, 500, 501, 502, 503, 504, 505, 506, 507, 508, 509, 510, 511, 512, 513, 514, 515, 516, 517, 518, 519, 520, 521, 522, 523, 524, 525, 526, 527, 528, 529, 530, 531, 532, 533, 534, 535, 536, 537, 538, 539, 540, 541, 542, 543, 544, 545, 546, 547, 548, 549, 550, 551, 552, 553, 554, 555, 556, 557, 558, 559, 560, 561, 562, 563, 564, 565, 566, 567, 568, 569, 570, 571, 572, 573]","[6, 7, 13, 14, 22, 56, 83, 492, 493, 498, 499, 506, 533, 554]",[],"[6, 9, 44, 86, 89, 102, 421, 492, 494, 524, 557, 573, 873]",[],"[6, 7, 492, 493]",7/6 successful match,False,,False,528,False,,1.0,True,Circle K # 2885,Circle K
"Phoenix , 85009 Circle K # 2885",4 602-278-6383 AZ 85 & 35th Ave,24 HRS <U+2610> <U+2610>,Phoenix,85009,Circle K # 2885,602-278-6383,2008,Phoenix,AZ,Circle K,,AZ 85 & 35th Ave,empty,,False,,False,AZ 85,35th Ave,,,,[],"[6, 492]","[6, 7, 13, 14, 22, 56, 83, 492, 493, 498, 499, 506, 533, 554]",[],"[0, 1, 2, 3, 4, 5, 6, 7, 8, 9, 10, 11, 12, 13, 14, 15, 16, 17, 18, 19, 20, 21, 22, 23, 24, 25, 26, 27, 28, 29, 30, 31, 32, 33, 34, 35, 36, 37, 38, 39, 40, 41, 42, 43, 44, 45, 46, 47, 48, 49, 50, 51, 52, 53, 54, 55, 56, 57, 58, 59, 60, 61, 62, 63, 64, 65, 66, 67, 68, 69, 70, 71, 72, 73, 74, 75, 76, 77, 78, 79, 80, 81, 82, 83, 84, 85, 86, 87, 88, 89, 90, 91, 92, 93, 94, 95, 96, 97, 98, 99, 100, 101, 102, 485, 486, 487, 488, 489, 490, 491, 492, 493, 494, 495, 496, 497, 498, 499, 500, 501, 502, 503, 504, 505, 506, 507, 508, 509, 510, 511, 512, 513, 514, 515, 516, 517, 518, 519, 520, 521, 522, 523, 524, 525, 526, 527, 528, 529, 530, 531, 532, 533, 534, 535, 536, 537, 538, 539, 540, 541, 542, 543, 544, 545, 546, 547, 548, 549, 550, 551, 552, 553, 554, 555, 556, 557, 558, 559, 560, 561, 562, 563, 564, 565, 566, 567, 568, 569, 570, 571, 572, 573]","[6, 9, 44, 86, 89, 102, 421, 492, 494, 524, 557, 573, 873]","[6, 7, 492, 493]",[],"[0, 1, 2, 3, 4, 5, 6, 7, 8, 9, 10, 11, 12, 13, 14, 15, 16, 17, 18, 19, 20, 533, 22, 21, 23, 24, 25, 26, 27, 28, 29, 30, 31, 32, 33, 34, 35, 36, 37, 38, 39, 40, 554, 41, 42, 43, 44, 45, 46, 47, 48, 49, 50, 51, 52, 53, 56, 54, 55, 57, 58, 59, 60, 61, 62, 63, 64, 65, 66, 67, 68, 69, 70, 71, 72, 73, 74, 75, 76, 77, 78, 79, 80, 83, 81, 82, 84, 85, 86, 87, 88, 89, 90, 91, 92, 93, 94, 95, 96, 97, 98, 99, 100, 101, 102, 528, 529, 530, 513, 531, 532, 534, 535, 514, 536, 537, 538, 539, 540, 515, 541, 542, 543, 544, 545, 516, 546, 547, 548, 549, 550, 517, 551, 552, 553, 555, 518, 556, 557, 558, 559, 560, 519, 561, 562, 563, 564, 565, 520, 566, 567, 568, 569, 570, 521, 571, 572, 573, 522, 523, 873, 524, 525, 421, 512, 526, 527, 485, 486, 487, 488, 489, 490, 491, 492, 493, 494, 495, 496, 497, 498, 499, 500, 501, 502, 503, 504, 505, 506, 507, 508, 509, 510, 511]",False,"[6, 492]","[0, 1, 2, 3, 4, 5, 6, 7, 8, 9, 10, 11, 12, 13, 14, 15, 16, 17, 18, 19, 20, 21, 22, 23, 24, 25, 26, 27, 28, 29, 30, 31, 32, 33, 34, 35, 36, 37, 38, 39, 40, 41, 42, 43, 44, 45, 46, 47, 48, 49, 50, 51, 52, 53, 54, 55, 56, 57, 58, 59, 60, 61, 62, 63, 64, 65, 66, 67, 68, 69, 70, 71, 72, 73, 74, 75, 76, 77, 78, 79, 80, 81, 82, 83, 84, 85, 86, 87, 88, 89, 90, 91, 92, 93, 94, 95, 96, 97, 98, 99, 100, 101, 102, 485, 486, 487, 488, 489, 490, 491, 492, 493, 494, 495, 496, 497, 498, 499, 500, 501, 502, 503, 504, 505, 506, 507, 508, 509, 510, 511, 512, 513, 514, 515, 516, 517, 518, 519, 520, 521, 522, 523, 524, 525, 526, 527, 528, 529, 530, 531, 532, 533, 534, 535, 536, 537, 538, 539, 540, 541, 542, 543, 544, 545, 546, 547, 548, 549, 550, 551, 552, 553, 554, 555, 556, 557, 558, 559, 560, 561, 562, 563, 564, 565, 566, 567, 568, 569, 570, 571, 572, 573]","[6, 7, 13, 14, 22, 56, 83, 492, 493, 498, 499, 506, 533, 554]",[],"[6, 9, 44, 86, 89, 102, 421, 492, 494, 524, 557, 573, 873]",[],"[6, 7, 492, 493]",7/6 successful match,False,,False,528,False,,1.0,True,Circle K # 2885,Circle K
"F Phoenix , 85043 Quick Trip # 444 ( QT )",602-269-1714 I-10 Exit 139,24 M,Phoenix,85043,Quick Trip # 444 ( QT ),602-269-1714,2007,Phoenix,AZ,,,I-10 Exit 139,Exit,139,False,,False,I-10,,,,,"[554, 83]","[7, 13, 14, 22, 83, 493, 498, 499, 506, 554]","[6, 7, 13, 14, 22, 56, 83, 492, 493, 498, 499, 506, 533, 554]","[14, 83, 499, 554]","[0, 1, 2, 3, 4, 5, 6, 7, 8, 9, 10, 11, 12, 13, 14, 15, 16, 17, 18, 19, 20, 21, 22, 23, 24, 25, 26, 27, 28, 29, 30, 31, 32, 33, 34, 35, 36, 37, 38, 39, 40, 41, 42, 43, 44, 45, 46, 47, 48, 49, 50, 51, 52, 53, 54, 55, 56, 57, 58, 59, 60, 61, 62, 63, 64, 65, 66, 67, 68, 69, 70, 71, 72, 73, 74, 75, 76, 77, 78, 79, 80, 81, 82, 83, 84, 85, 86, 87, 88, 89, 90, 91, 92, 93, 94, 95, 96, 97, 98, 99, 100, 101, 102, 485, 486, 487, 488, 489, 490, 491, 492, 493, 494, 495, 496, 497, 498, 499, 500, 501, 502, 503, 504, 505, 506, 507, 508, 509, 510, 511, 512, 513, 514, 515, 516, 517, 518, 519, 520, 521, 522, 523, 524, 525, 526, 527, 528, 529, 530, 531, 532, 533, 534, 535, 536, 537, 538, 539, 540, 541, 542, 543, 544, 545, 546, 547, 548, 549, 550, 551, 552, 553, 554, 555, 556, 557, 558, 559, 560, 561, 562, 563, 564, 565, 566, 567, 568, 569, 570, 571, 572, 573]","[0, 5, 7, 10, 14, 19, 20, 22, 24, 32, 33, 34, 37, 38, 40, 44, 46, 48, 49, 51, 56, 61, 63, 65, 67, 68, 73, 74, 75, 76, 79, 81, 82, 83, 85, 87, 88, 92, 93, 95, 96, 99, 100, 101, 115, 116, 124, 134, 142, 161, 167, 169, 170, 186, 202, 240, 244, 254, 260, 267, 277, 300, 303, 307, 310, 322, 331, 376, 485, 491, 493, 495, 499, 503, 504, 506, 508, 515, 518, 519, 521, 524, 526, 528, 533, 537, 539, 542, 543, 547, 548, 549, 550, 551, 553, 554, 556, 558, 559, 563, 564, 566, 567, 570, 571, 572, 586, 587, 595, 605, 613, 633, 639, 640, 641, 657, 672, 704, 717, 726, 736, 759, 761, 765, 768, 780, 788, 792, 826]",[],"[83, 85, 151, 152, 153, 438, 554, 556, 622, 623, 624, 625, 889]","[0, 1, 2, 3, 4, 5, 6, 7, 8, 9, 10, 11, 12, 13, 14, 15, 16, 17, 18, 19, 20, 533, 22, 21, 23, 24, 25, 26, 27, 28, 29, 30, 31, 32, 33, 34, 35, 36, 37, 38, 39, 40, 554, 41, 42, 43, 44, 45, 46, 47, 48, 49, 50, 51, 52, 53, 56, 54, 55, 57, 58, 59, 60, 61, 62, 63, 64, 65, 66, 67, 68, 69, 70, 71, 72, 73, 74, 75, 76, 77, 78, 79, 80, 83, 81, 82, 84, 85, 86, 87, 88, 89, 90, 91, 92, 93, 94, 95, 96, 97, 98, 99, 100, 101, 102, 528, 529, 530, 613, 622, 513, 531, 623, 624, 115, 116, 532, 625, 633, 124, 534, 639, 640, 641, 535, 134, 514, 536, 537, 142, 657, 538, 151, 539, 152, 153, 540, 672, 515, 541, 161, 542, 167, 169, 170, 543, 544, 545, 516, 186, 546, 704, 547, 548, 202, 549, 717, 550, 517, 551, 726, 552, 553, 736, 555, 518, 556, 240, 557, 244, 759, 558, 761, 559, 254, 765, 768, 560, 260, 519, 561, 267, 562, 780, 563, 788, 277, 564, 792, 565, 520, 566, 567, 568, 300, 569, 303, 307, 570, 310, 521, 571, 826, 572, 322, 573, 331, 522, 523, 376, 889, 524, 586, 587, 525, 512, 595, 526, 438, 527, 605, 485, 486, 487, 488, 489, 490, 491, 492, 493, 494, 495, 496, 497, 498, 499, 500, 501, 502, 503, 504, 505, 506, 507, 508, 509, 510, 511]",True,"[7, 13, 14, 22, 83, 493, 498, 499, 506, 554]","[0, 1, 2, 3, 4, 5, 6, 7, 8, 9, 10, 11, 12, 13, 14, 15, 16, 17, 18, 19, 20, 21, 22, 23, 24, 25, 26, 27, 28, 29, 30, 31, 32, 33, 34, 35, 36, 37, 38, 39, 40, 41, 42, 43, 44, 45, 46, 47, 48, 49, 50, 51, 52, 53, 54, 55, 56, 57, 58, 59, 60, 61, 62, 63, 64, 65, 66, 67, 68, 69, 70, 71, 72, 73, 74, 75, 76, 77, 78, 79, 80, 81, 82, 83, 84, 85, 86, 87, 88, 89, 90, 91, 92, 93, 94, 95, 96, 97, 98, 99, 100, 101, 102, 485, 486, 487, 488, 489, 490, 491, 492, 493, 494, 495, 496, 497, 498, 499, 500, 501, 502, 503, 504, 505, 506, 507, 508, 509, 510, 511, 512, 513, 514, 515, 516, 517, 518, 519, 520, 521, 522, 523, 524, 525, 526, 527, 528, 529, 530, 531, 532, 533, 534, 535, 536, 537, 538, 539, 540, 541, 542, 543, 544, 545, 546, 547, 548, 549, 550, 551, 552, 553, 554, 555, 556, 557, 558, 559, 560, 561, 562, 563, 564, 565, 566, 567, 568, 569, 570, 571, 572, 573]","[6, 7, 13, 14, 22, 56, 83, 492, 493, 498, 499, 506, 533, 554]","[14, 83, 499, 554]","[0, 5, 7, 10, 14, 19, 20, 22, 24, 32, 33, 34, 37, 38, 40, 44, 46, 48, 49, 51, 56, 61, 63, 65, 67, 68, 73, 74, 75, 76, 79, 81, 82, 83, 85, 87, 88, 92, 93, 95, 96, 99, 100, 101, 115, 116, 124, 134, 142, 161, 167, 169, 170, 186, 202, 240, 244, 254, 260, 267, 277, 300, 303, 307, 310, 322, 331, 376, 485, 491, 493, 495, 499, 503, 504, 506, 508, 515, 518, 519, 521, 524, 526, 528, 533, 537, 539, 542, 543, 547, 548, 549, 550, 551, 553, 554, 556, 558, 559, 563, 564, 566, 567, 570, 571, 572, 586, 587, 595, 605, 613, 633, 639, 640, 641, 657, 672, 704, 717, 726, 736, 759, 761, 765, 768, 780, 788, 792, 826]","[83, 85, 151, 152, 153, 438, 554, 556, 622, 623, 624, 625, 889]",[],7/6 successful match,True,[457],True,529,False,,,,,
"F Phoenix , 85043 Quick Trip # 444 ( QT )",4 602-269-1714 I-10 Exit 139,24 HRS M,Phoenix,85043,Quick Trip # 444 ( QT ),602-269-1714,2008,Phoenix,AZ,,,I-10 Exit 139,Exit,139,False,,False,I-10,,,,,"[554, 83]","[7, 13, 14, 22, 83, 493, 498, 499, 506, 554]","[6, 7, 13, 14, 22, 56, 83, 492, 493, 498, 499, 506, 533, 554]","[14, 83, 499, 554]","[0, 1, 2, 3, 4, 5, 6, 7, 8, 9, 10, 11, 12, 13, 14, 15, 16, 17, 18, 19, 20, 21, 22, 23, 24, 25, 26, 27, 28, 29, 30, 31, 32, 33, 34, 35, 36, 37, 38, 39, 40, 41, 42, 43, 44, 45, 46, 47, 48, 49, 50, 51, 52, 53, 54, 55, 56, 57, 58, 59, 60, 61, 62, 63, 64, 65, 66, 67, 68, 69, 70, 71, 72, 73, 74, 75, 76, 77, 78, 79, 80, 81, 82, 83, 84, 85, 86, 87, 88, 89, 90, 91, 92, 93, 94, 95, 96, 97, 98, 99, 100, 101, 102, 485, 486, 487, 488, 489, 490, 491, 492, 493, 494, 495, 496, 497, 498, 499, 500, 501, 502, 503, 504, 505, 506, 507, 508, 509, 510, 511, 512, 513, 514, 515, 516, 517, 518, 519, 520, 521, 522, 523, 524, 525, 526, 527, 528, 529, 530, 531, 532, 533, 534, 535, 536, 537, 538, 539, 540, 541, 542, 543, 544, 545, 546, 547, 548, 549, 550, 551, 552, 553, 554, 555, 556, 557, 558, 559, 560, 561, 562, 563, 564, 565, 566, 567, 568, 569, 570, 571, 572, 573]","[0, 5, 7, 10, 14, 19, 20, 22, 24, 32, 33, 34, 37, 38, 40, 44, 46, 48, 49, 51, 56, 61, 63, 65, 67, 68, 73, 74, 75, 76, 79, 81, 82, 83, 85, 87, 88, 92, 93, 95, 96, 99, 100, 101, 115, 116, 124, 134, 142, 161, 167, 169, 170, 186, 202, 240, 244, 254, 260, 267, 277, 300, 303, 307, 310, 322, 331, 376, 485, 491, 493, 495, 499, 503, 504, 506, 508, 515, 518, 519, 521, 524, 526, 528, 533, 537, 539, 542, 543, 547, 548, 549, 550, 551, 553, 554, 556, 558, 559, 563, 564, 566, 567, 570, 571, 572, 586, 587, 595, 605, 613, 633, 639, 640, 641, 657, 672, 704, 717, 726, 736, 759, 761, 765, 768, 780, 788, 792, 826]",[],"[83, 85, 151, 152, 153, 438, 554, 556, 622, 623, 624, 625, 889]","[0, 1, 2, 3, 4, 5, 6, 7, 8, 9, 10, 11, 12, 13, 14, 15, 16, 17, 18, 19, 20, 533, 22, 21, 23, 24, 25, 26, 27, 28, 29, 30, 31, 32, 33, 34, 35, 36, 37, 38, 39, 40, 554, 41, 42, 43, 44, 45, 46, 47, 48, 49, 50, 51, 52, 53, 56, 54, 55, 57, 58, 59, 60, 61, 62, 63, 64, 65, 66, 67, 68, 69, 70, 71, 72, 73, 74, 75, 76, 77, 78, 79, 80, 83, 81, 82, 84, 85, 86, 87, 88, 89, 90, 91, 92, 93, 94, 95, 96, 97, 98, 99, 100, 101, 102, 528, 529, 530, 613, 622, 513, 531, 623, 624, 115, 116, 532, 625, 633, 124, 534, 639, 640, 641, 535, 134, 514, 536, 537, 142, 657, 538, 151, 539, 152, 153, 540, 672, 515, 541, 161, 542, 167, 169, 170, 543, 544, 545, 516, 186, 546, 704, 547, 548, 202, 549, 717, 550, 517, 551, 726, 552, 553, 736, 555, 518, 556, 240, 557, 244, 759, 558, 761, 559, 254, 765, 768, 560, 260, 519, 561, 267, 562, 780, 563, 788, 277, 564, 792, 565, 520, 566, 567, 568, 300, 569, 303, 307, 570, 310, 521, 571, 826, 572, 322, 573, 331, 522, 523, 376, 889, 524, 586, 587, 525, 512, 595, 526, 438, 527, 605, 485, 486, 487, 488, 489, 490, 491, 492, 493, 494, 495, 496, 497, 498, 499, 500, 501, 502, 503, 504, 505, 506, 507, 508, 509, 510, 511]",True,"[7, 13, 14, 22, 83, 493, 498, 499, 506, 554]","[0, 1, 2, 3, 4, 5, 6, 7, 8, 9, 10, 11, 12, 13, 14, 15, 16, 17, 18, 19, 20, 21, 22, 23, 24, 25, 26, 27, 28, 29, 30, 31, 32, 33, 34, 35, 36, 37, 38, 39, 40, 41, 42, 43, 44, 45, 46, 47, 48, 49, 50, 51, 52, 53, 54, 55, 56, 57, 58, 59, 60, 61, 62, 63, 64, 65, 66, 67, 68, 69, 70, 71, 72, 73, 74, 75, 76, 77, 78, 79, 80, 81, 82, 83, 84, 85, 86, 87, 88, 89, 90, 91, 92, 93, 94, 95, 96, 97, 98, 99, 100, 101, 102, 485, 486, 487, 488, 489, 490, 491, 492, 493, 494, 495, 496, 497, 498, 499, 500, 501, 502, 503, 504, 505, 506, 507, 508, 509, 510, 511, 512, 513, 514, 515, 516, 517, 518, 519, 520, 521, 522, 523, 524, 525, 526, 527, 528, 529, 530, 531, 532, 533, 534, 535, 536, 537, 538, 539, 540, 541, 542, 543, 544, 545, 546, 547, 548, 549, 550, 551, 552, 553, 554, 555, 556, 557, 558, 559, 560, 561, 562, 563, 564, 565, 566, 567, 568, 569, 570, 571, 572, 573]","[6, 7, 13, 14, 22, 56, 83, 492, 493, 498, 499, 506, 533, 554]","[14, 83, 499, 554]","[0, 5, 7, 10, 14, 19, 20, 22, 24, 32, 33, 34, 37, 38, 40, 44, 46, 48, 49, 51, 56, 61, 63, 65, 67, 68, 73, 74, 75, 76, 79, 81, 82, 83, 85, 87, 88, 92, 93, 95, 96, 99, 100, 101, 115, 116, 124, 134, 142, 161, 167, 169, 170, 186, 202, 240, 244, 254, 260, 267, 277, 300, 303, 307, 310, 322, 331, 376, 485, 491, 493, 495, 499, 503, 504, 506, 508, 515, 518, 519, 521, 524, 526, 528, 533, 537, 539, 542, 543, 547, 548, 549, 550, 551, 553, 554, 556, 558, 559, 563, 564, 566, 567, 570, 571, 572, 586, 587, 595, 605, 613, 633, 639, 640, 641, 657, 672, 704, 717, 726, 736, 759, 761, 765, 768, 780, 788, 792, 826]","[83, 85, 151, 152, 153, 438, 554, 556, 622, 623, 624, 625, 889]",[],7/6 successful match,True,[457],True,529,False,,1.0,True,Quick Trip # 444 ( QT ),
Phoenix ( 85043 ) QuikTrip # 444 ( QT ),602-269-1714 I-10 Exit 139 ( S on N 51st ),124,Phoenix,85043,QuikTrip # 444 ( QT ),602-269-1714,2014,Phoenix,AZ,,( S on N 51st ),I-10 Exit 139 ,Exit,139,False,,False,I-10,,,,,"[554, 83]","[7, 13, 14, 22, 83, 493, 498, 499, 506, 554]","[6, 7, 13, 14, 22, 56, 83, 492, 493, 498, 499, 506, 533, 554]","[14, 83, 499, 554]","[0, 1, 2, 3, 4, 5, 6, 7, 8, 9, 10, 11, 12, 13, 14, 15, 16, 17, 18, 19, 20, 21, 22, 23, 24, 25, 26, 27, 28, 29, 30, 31, 32, 33, 34, 35, 36, 37, 38, 39, 40, 41, 42, 43, 44, 45, 46, 47, 48, 49, 50, 51, 52, 53, 54, 55, 56, 57, 58, 59, 60, 61, 62, 63, 64, 65, 66, 67, 68, 69, 70, 71, 72, 73, 74, 75, 76, 77, 78, 79, 80, 81, 82, 83, 84, 85, 86, 87, 88, 89, 90, 91, 92, 93, 94, 95, 96, 97, 98, 99, 100, 101, 102, 485, 486, 487, 488, 489, 490, 491, 492, 493, 494, 495, 496, 497, 498, 499, 500, 501, 502, 503, 504, 505, 506, 507, 508, 509, 510, 511, 512, 513, 514, 515, 516, 517, 518, 519, 520, 521, 522, 523, 524, 525, 526, 527, 528, 529, 530, 531, 532, 533, 534, 535, 536, 537, 538, 539, 540, 541, 542, 543, 544, 545, 546, 547, 548, 549, 550, 551, 552, 553, 554, 555, 556, 557, 558, 559, 560, 561, 562, 563, 564, 565, 566, 567, 568, 569, 570, 571, 572, 573]","[0, 5, 7, 10, 14, 19, 20, 22, 24, 32, 33, 34, 37, 38, 40, 44, 46, 48, 49, 51, 56, 61, 63, 65, 67, 68, 73, 74, 75, 76, 79, 81, 82, 83, 85, 87, 88, 92, 93, 95, 96, 99, 100, 101, 115, 116, 124, 134, 142, 161, 167, 169, 170, 186, 202, 240, 244, 254, 260, 267, 277, 300, 303, 307, 310, 322, 331, 376, 485, 491, 493, 495, 499, 503, 504, 506, 508, 515, 518, 519, 521, 524, 526, 528, 533, 537, 539, 542, 543, 547, 548, 549, 550, 551, 553, 554, 556, 558, 559, 563, 564, 566, 567, 570, 571, 572, 586, 587, 595, 605, 613, 633, 639, 640, 641, 657, 672, 704, 717, 726, 736, 759, 761, 765, 768, 780, 788, 792, 826]",[],"[83, 85, 438, 554, 556, 889]","[0, 1, 2, 3, 4, 5, 6, 7, 8, 9, 10, 11, 12, 13, 14, 15, 16, 17, 18, 19, 20, 533, 22, 21, 23, 24, 25, 26, 27, 28, 29, 30, 31, 32, 33, 34, 35, 36, 37, 38, 39, 40, 554, 41, 42, 43, 44, 45, 46, 47, 48, 49, 50, 51, 52, 53, 56, 54, 55, 57, 58, 59, 60, 61, 62, 63, 64, 65, 66, 67, 68, 69, 70, 71, 72, 73, 74, 75, 76, 77, 78, 79, 80, 83, 81, 82, 84, 85, 86, 87, 88, 89, 90, 91, 92, 93, 94, 95, 96, 97, 98, 99, 100, 101, 102, 528, 529, 530, 613, 513, 531, 115, 116, 532, 633, 124, 534, 639, 640, 641, 535, 134, 514, 536, 537, 142, 657, 538, 539, 540, 672, 515, 541, 161, 542, 167, 169, 170, 543, 544, 545, 516, 186, 546, 704, 547, 548, 202, 549, 717, 550, 517, 551, 726, 552, 553, 736, 555, 518, 556, 240, 557, 244, 759, 558, 761, 559, 254, 765, 768, 560, 260, 519, 561, 267, 562, 780, 563, 788, 277, 564, 792, 565, 520, 566, 567, 568, 300, 569, 303, 307, 570, 310, 521, 571, 826, 572, 322, 573, 331, 522, 523, 376, 889, 524, 586, 587, 525, 512, 595, 526, 438, 527, 605, 485, 486, 487, 488, 489, 490, 491, 492, 493, 494, 495, 496, 497, 498, 499, 500, 501, 502, 503, 504, 505, 506, 507, 508, 509, 510, 511]",True,"[7, 13, 14, 22, 83, 493, 498, 499, 506, 554]","[0, 1, 2, 3, 4, 5, 6, 7, 8, 9, 10, 11, 12, 13, 14, 15, 16, 17, 18, 19, 20, 21, 22, 23, 24, 25, 26, 27, 28, 29, 30, 31, 32, 33, 34, 35, 36, 37, 38, 39, 40, 41, 42, 43, 44, 45, 46, 47, 48, 49, 50, 51, 52, 53, 54, 55, 56, 57, 58, 59, 60, 61, 62, 63, 64, 65, 66, 67, 68, 69, 70, 71, 72, 73, 74, 75, 76, 77, 78, 79, 80, 81, 82, 83, 84, 85, 86, 87, 88, 89, 90, 91, 92, 93, 94, 95, 96, 97, 98, 99, 100, 101, 102, 485, 486, 487, 488, 489, 490, 491, 492, 493, 494, 495, 496, 497, 498, 499, 500, 501, 502, 503, 504, 505, 506, 507, 508, 509, 510, 511, 512, 513, 514, 515, 516, 517, 518, 519, 520, 521, 522, 523, 524, 525, 526, 527, 528, 529, 530, 531, 532, 533, 534, 535, 536, 537, 538, 539, 540, 541, 542, 543, 544, 545, 546, 547, 548, 549, 550, 551, 552, 553, 554, 555, 556, 557, 558, 559, 560, 561, 562, 563, 564, 565, 566, 567, 568, 569, 570, 571, 572, 573]","[6, 7, 13, 14, 22, 56, 83, 492, 493, 498, 499, 506, 533, 554]","[14, 83, 499, 554]","[0, 5, 7, 10, 14, 19, 20, 22, 24, 32, 33, 34, 37, 38, 40, 44, 46, 48, 49, 51, 56, 61, 63, 65, 67, 68, 73, 74, 75, 76, 79, 81, 82, 83, 85, 87, 88, 92, 93, 95, 96, 99, 100, 101, 115, 116, 124, 134, 142, 161, 167, 169, 170, 186, 202, 240, 244, 254, 260, 267, 277, 300, 303, 307, 310, 322, 331, 376, 485, 491, 493, 495, 499, 503, 504, 506, 508, 515, 518, 519, 521, 524, 526, 528, 533, 537, 539, 542, 543, 547, 548, 549, 550, 551, 553, 554, 556, 558, 559, 563, 564, 566, 567, 570, 571, 572, 586, 587, 595, 605, 613, 633, 639, 640, 641, 657, 672, 704, 717, 726, 736, 759, 761, 765, 768, 780, 788, 792, 826]","[83, 85, 438, 554, 556, 889]",[],7/6 successful match,True,[457],True,529,False,,0.5863636363636364,True,Quick Trip # 444 ( QT ),
F Phoenix ( 85043 ) QuikTrip # 444 ( QT ),4 602-269-1714 I-10 Exit 139 ( S on N 51st ),24 <U+2610><U+2610>,Phoenix,85043,QuikTrip # 444 ( QT ),602-269-1714,2015,Phoenix,AZ,,( S on N 51st ),I-10 Exit 139 ,Exit,139,False,,False,I-10,,,,,"[554, 83]","[7, 13, 14, 22, 83, 493, 498, 499, 506, 554]","[6, 7, 13, 14, 22, 56, 83, 492, 493, 498, 499, 506, 533, 554]","[14, 83, 499, 554]","[0, 1, 2, 3, 4, 5, 6, 7, 8, 9, 10, 11, 12, 13, 14, 15, 16, 17, 18, 19, 20, 21, 22, 23, 24, 25, 26, 27, 28, 29, 30, 31, 32, 33, 34, 35, 36, 37, 38, 39, 40, 41, 42, 43, 44, 45, 46, 47, 48, 49, 50, 51, 52, 53, 54, 55, 56, 57, 58, 59, 60, 61, 62, 63, 64, 65, 66, 67, 68, 69, 70, 71, 72, 73, 74, 75, 76, 77, 78, 79, 80, 81, 82, 83, 84, 85, 86, 87, 88, 89, 90, 91, 92, 93, 94, 95, 96, 97, 98, 99, 100, 101, 102, 485, 486, 487, 488, 489, 490, 491, 492, 493, 494, 495, 496, 497, 498, 499, 500, 501, 502, 503, 504, 505, 506, 507, 508, 509, 510, 511, 512, 513, 514, 515, 516, 517, 518, 519, 520, 521, 522, 523, 524, 525, 526, 527, 528, 529, 530, 531, 532, 533, 534, 535, 536, 537, 538, 539, 540, 541, 542, 543, 544, 545, 546, 547, 548, 549, 550, 551, 552, 553, 554, 555, 556, 557, 558, 559, 560, 561, 562, 563, 564, 565, 566, 567, 568, 569, 570, 571, 572, 573]","[0, 5, 7, 10, 14, 19, 20, 22, 24, 32, 33, 34, 37, 38, 40, 44, 46, 48, 49, 51, 56, 61, 63, 65, 67, 68, 73, 74, 75, 76, 79, 81, 82, 83, 85, 87, 88, 92, 93, 95, 96, 99, 100, 101, 115, 116, 124, 134, 142, 161, 167, 169, 170, 186, 202, 240, 244, 254, 260, 267, 277, 300, 303, 307, 310, 322, 331, 376, 485, 491, 493, 495, 499, 503, 504, 506, 508, 515, 518, 519, 521, 524, 526, 528, 533, 537, 539, 542, 543, 547, 548, 549, 550, 551, 553, 554, 556, 558, 559, 563, 564, 566, 567, 570, 571, 572, 586, 587, 595, 605, 613, 633, 639, 640, 641, 657, 672, 704, 717, 726, 736, 759, 761, 765, 768, 780, 788, 792, 826]",[],"[83, 85, 438, 554, 556, 889]","[0, 1, 2, 3, 4, 5, 6, 7, 8, 9, 10, 11, 12, 13, 14, 15, 16, 17, 18, 19, 20, 533, 22, 21, 23, 24, 25, 26, 27, 28, 29, 30, 31, 32, 33, 34, 35, 36, 37, 38, 39, 40, 554, 41, 42, 43, 44, 45, 46, 47, 48, 49, 50, 51, 52, 53, 56, 54, 55, 57, 58, 59, 60, 61, 62, 63, 64, 65, 66, 67, 68, 69, 70, 71, 72, 73, 74, 75, 76, 77, 78, 79, 80, 83, 81, 82, 84, 85, 86, 87, 88, 89, 90, 91, 92, 93, 94, 95, 96, 97, 98, 99, 100, 101, 102, 528, 529, 530, 613, 513, 531, 115, 116, 532, 633, 124, 534, 639, 640, 641, 535, 134, 514, 536, 537, 142, 657, 538, 539, 540, 672, 515, 541, 161, 542, 167, 169, 170, 543, 544, 545, 516, 186, 546, 704, 547, 548, 202, 549, 717, 550, 517, 551, 726, 552, 553, 736, 555, 518, 556, 240, 557, 244, 759, 558, 761, 559, 254, 765, 768, 560, 260, 519, 561, 267, 562, 780, 563, 788, 277, 564, 792, 565, 520, 566, 567, 568, 300, 569, 303, 307, 570, 310, 521, 571, 826, 572, 322, 573, 331, 522, 523, 376, 889, 524, 586, 587, 525, 512, 595, 526, 438, 527, 605, 485, 486, 487, 488, 489, 490, 491, 492, 493, 494, 495, 496, 497, 498, 499, 500, 501, 502, 503, 504, 505, 506, 507, 508, 509, 510, 511]",True,"[7, 13, 14, 22, 83, 493, 498, 499, 506, 554]","[0, 1, 2, 3, 4, 5, 6, 7, 8, 9, 10, 11, 12, 13, 14, 15, 16, 17, 18, 19, 20, 21, 22, 23, 24, 25, 26, 27, 28, 29, 30, 31, 32, 33, 34, 35, 36, 37, 38, 39, 40, 41, 42, 43, 44, 45, 46, 47, 48, 49, 50, 51, 52, 53, 54, 55, 56, 57, 58, 59, 60, 61, 62, 63, 64, 65, 66, 67, 68, 69, 70, 71, 72, 73, 74, 75, 76, 77, 78, 79, 80, 81, 82, 83, 84, 85, 86, 87, 88, 89, 90, 91, 92, 93, 94, 95, 96, 97, 98, 99, 100, 101, 102, 485, 486, 487, 488, 489, 490, 491, 492, 493, 494, 495, 496, 497, 498, 499, 500, 501, 502, 503, 504, 505, 506, 507, 508, 509, 510, 511, 512, 513, 514, 515, 516, 517, 518, 519, 520, 521, 522, 523, 524, 525, 526, 527, 528, 529, 530, 531, 532, 533, 534, 535, 536, 537, 538, 539, 540, 541, 542, 543, 544, 545, 546, 547, 548, 549, 550, 551, 552, 553, 554, 555, 556, 557, 558, 559, 560, 561, 562, 563, 564, 565, 566, 567, 568, 569, 570, 571, 572, 573]","[6, 7, 13, 14, 22, 56, 83, 492, 493, 498, 499, 506, 533, 554]","[14, 83, 499, 554]","[0, 5, 7, 10, 14, 19, 20, 22, 24, 32, 33, 34, 37, 38, 40, 44, 46, 48, 49, 51, 56, 61, 63, 65, 67, 68, 73, 74, 75, 76, 79, 81, 82, 83, 85, 87, 88, 92, 93, 95, 96, 99, 100, 101, 115, 116, 124, 134, 142, 161, 167, 169, 170, 186, 202, 240, 244, 254, 260, 267, 277, 300, 303, 307, 310, 322, 331, 376, 485, 491, 493, 495, 499, 503, 504, 506, 508, 515, 518, 519, 521, 524, 526, 528, 533, 537, 539, 542, 543, 547, 548, 549, 550, 551, 553, 554, 556, 558, 559, 563, 564, 566, 567, 570, 571, 572, 586, 587, 595, 605, 613, 633, 639, 640, 641, 657, 672, 704, 717, 726, 736, 759, 761, 765, 768, 780, 788, 792, 826]","[83, 85, 438, 554, 556, 889]",[],7/6 successful match,True,[457],True,529,False,,1.0,True,QuikTrip # 444 ( QT ),
Phoenix ( 85043 ) QuikTrip # 444 ( QT ),4 602-269-1714 I-10 Exit 139 ( S on N 51st ),24 <U+25A1> S 02400,Phoenix,85043,QuikTrip # 444 ( QT ),602-269-1714,2016,Phoenix,AZ,,( S on N 51st ),I-10 Exit 139 ,Exit,139,False,,False,I-10,,,,,"[554, 83]","[7, 13, 14, 22, 83, 493, 498, 499, 506, 554]","[6, 7, 13, 14, 22, 56, 83, 492, 493, 498, 499, 506, 533, 554]","[14, 83, 499, 554]","[0, 1, 2, 3, 4, 5, 6, 7, 8, 9, 10, 11, 12, 13, 14, 15, 16, 17, 18, 19, 20, 21, 22, 23, 24, 25, 26, 27, 28, 29, 30, 31, 32, 33, 34, 35, 36, 37, 38, 39, 40, 41, 42, 43, 44, 45, 46, 47, 48, 49, 50, 51, 52, 53, 54, 55, 56, 57, 58, 59, 60, 61, 62, 63, 64, 65, 66, 67, 68, 69, 70, 71, 72, 73, 74, 75, 76, 77, 78, 79, 80, 81, 82, 83, 84, 85, 86, 87, 88, 89, 90, 91, 92, 93, 94, 95, 96, 97, 98, 99, 100, 101, 102, 485, 486, 487, 488, 489, 490, 491, 492, 493, 494, 495, 496, 497, 498, 499, 500, 501, 502, 503, 504, 505, 506, 507, 508, 509, 510, 511, 512, 513, 514, 515, 516, 517, 518, 519, 520, 521, 522, 523, 524, 525, 526, 527, 528, 529, 530, 531, 532, 533, 534, 535, 536, 537, 538, 539, 540, 541, 542, 543, 544, 545, 546, 547, 548, 549, 550, 551, 552, 553, 554, 555, 556, 557, 558, 559, 560, 561, 562, 563, 564, 565, 566, 567, 568, 569, 570, 571, 572, 573]","[0, 5, 7, 10, 14, 19, 20, 22, 24, 32, 33, 34, 37, 38, 40, 44, 46, 48, 49, 51, 56, 61, 63, 65, 67, 68, 73, 74, 75, 76, 79, 81, 82, 83, 85, 87, 88, 92, 93, 95, 96, 99, 100, 101, 115, 116, 124, 134, 142, 161, 167, 169, 170, 186, 202, 240, 244, 254, 260, 267, 277, 300, 303, 307, 310, 322, 331, 376, 485, 491, 493, 495, 499, 503, 504, 506, 508, 515, 518, 519, 521, 524, 526, 528, 533, 537, 539, 542, 543, 547, 548, 549, 550, 551, 553, 554, 556, 558, 559, 563, 564, 566, 567, 570, 571, 572, 586, 587, 595, 605, 613, 633, 639, 640, 641, 657, 672, 704, 717, 726, 736, 759, 761, 765, 768, 780, 788, 792, 826]",[],"[83, 85, 438, 554, 556, 889]","[0, 1, 2, 3, 4, 5, 6, 7, 8, 9, 10, 11, 12, 13, 14, 15, 16, 17, 18, 19, 20, 533, 22, 21, 23, 24, 25, 26, 27, 28, 29, 30, 31, 32, 33, 34, 35, 36, 37, 38, 39, 40, 554, 41, 42, 43, 44, 45, 46, 47, 48, 49, 50, 51, 52, 53, 56, 54, 55, 57, 58, 59, 60, 61, 62, 63, 64, 65, 66, 67, 68, 69, 70, 71, 72, 73, 74, 75, 76, 77, 78, 79, 80, 83, 81, 82, 84, 85, 86, 87, 88, 89, 90, 91, 92, 93, 94, 95, 96, 97, 98, 99, 100, 101, 102, 528, 529, 530, 613, 513, 531, 115, 116, 532, 633, 124, 534, 639, 640, 641, 535, 134, 514, 536, 537, 142, 657, 538, 539, 540, 672, 515, 541, 161, 542, 167, 169, 170, 543, 544, 545, 516, 186, 546, 704, 547, 548, 202, 549, 717, 550, 517, 551, 726, 552, 553, 736, 555, 518, 556, 240, 557, 244, 759, 558, 761, 559, 254, 765, 768, 560, 260, 519, 561, 267, 562, 780, 563, 788, 277, 564, 792, 565, 520, 566, 567, 568, 300, 569, 303, 307, 570, 310, 521, 571, 826, 572, 322, 573, 331, 522, 523, 376, 889, 524, 586, 587, 525, 512, 595, 526, 438, 527, 605, 485, 486, 487, 488, 489, 490, 491, 492, 493, 494, 495, 496, 497, 498, 499, 500, 501, 502, 503, 504, 505, 506, 507, 508, 509, 510, 511]",True,"[7, 13, 14, 22, 83, 493, 498, 499, 506, 554]","[0, 1, 2, 3, 4, 5, 6, 7, 8, 9, 10, 11, 12, 13, 14, 15, 16, 17, 18, 19, 20, 21, 22, 23, 24, 25, 26, 27, 28, 29, 30, 31, 32, 33, 34, 35, 36, 37, 38, 39, 40, 41, 42, 43, 44, 45, 46, 47, 48, 49, 50, 51, 52, 53, 54, 55, 56, 57, 58, 59, 60, 61, 62, 63, 64, 65, 66, 67, 68, 69, 70, 71, 72, 73, 74, 75, 76, 77, 78, 79, 80, 81, 82, 83, 84, 85, 86, 87, 88, 89, 90, 91, 92, 93, 94, 95, 96, 97, 98, 99, 100, 101, 102, 485, 486, 487, 488, 489, 490, 491, 492, 493, 494, 495, 496, 497, 498, 499, 500, 501, 502, 503, 504, 505, 506, 507, 508, 509, 510, 511, 512, 513, 514, 515, 516, 517, 518, 519, 520, 521, 522, 523, 524, 525, 526, 527, 528, 529, 530, 531, 532, 533, 534, 535, 536, 537, 538, 539, 540, 541, 542, 543, 544, 545, 546, 547, 548, 549, 550, 551, 552, 553, 554, 555, 556, 557, 558, 559, 560, 561, 562, 563, 564, 565, 566, 567, 568, 569, 570, 571, 572, 573]","[6, 7, 13, 14, 22, 56, 83, 492, 493, 498, 499, 506, 533, 554]","[14, 83, 499, 554]","[0, 5, 7, 10, 14, 19, 20, 22, 24, 32, 33, 34, 37, 38, 40, 44, 46, 48, 49, 51, 56, 61, 63, 65, 67, 68, 73, 74, 75, 76, 79, 81, 82, 83, 85, 87, 88, 92, 93, 95, 96, 99, 100, 101, 115, 116, 124, 134, 142, 161, 167, 169, 170, 186, 202, 240, 244, 254, 260, 267, 277, 300, 303, 307, 310, 322, 331, 376, 485, 491, 493, 495, 499, 503, 504, 506, 508, 515, 518, 519, 521, 524, 526, 528, 533, 537, 539, 542, 543, 547, 548, 549, 550, 551, 553, 554, 556, 558, 559, 563, 564, 566, 567, 570, 571, 572, 586, 587, 595, 605, 613, 633, 639, 640, 641, 657, 672, 704, 717, 726, 736, 759, 761, 765, 768, 780, 788, 792, 826]","[83, 85, 438, 554, 556, 889]",[],7/6 successful match,True,[457],True,529,False,,1.0,True,QuikTrip # 444 ( QT ),
F Phoenix ( 85043 ) Discount Zone # 1 ( Shell ),4 602-278-0714 I-10 Exit 139 ( S on N 51st ),<U+25A1>,Phoenix,85043,Discount Zone # 1 ( Shell ),602-278-0714,2014,Phoenix,AZ,Shell,( S on N 51st ),I-10 Exit 139 ,Exit,139,False,,False,I-10,,,,,"[499, 14]","[7, 13, 14, 22, 83, 493, 498, 499, 506, 554]","[6, 7, 13, 14, 22, 56, 83, 492, 493, 498, 499, 506, 533, 554]","[14, 83, 499, 554]","[0, 1, 2, 3, 4, 5, 6, 7, 8, 9, 10, 11, 12, 13, 14, 15, 16, 17, 18, 19, 20, 21, 22, 23, 24, 25, 26, 27, 28, 29, 30, 31, 32, 33, 34, 35, 36, 37, 38, 39, 40, 41, 42, 43, 44, 45, 46, 47, 48, 49, 50, 51, 52, 53, 54, 55, 56, 57, 58, 59, 60, 61, 62, 63, 64, 65, 66, 67, 68, 69, 70, 71, 72, 73, 74, 75, 76, 77, 78, 79, 80, 81, 82, 83, 84, 85, 86, 87, 88, 89, 90, 91, 92, 93, 94, 95, 96, 97, 98, 99, 100, 101, 102, 485, 486, 487, 488, 489, 490, 491, 492, 493, 494, 495, 496, 497, 498, 499, 500, 501, 502, 503, 504, 505, 506, 507, 508, 509, 510, 511, 512, 513, 514, 515, 516, 517, 518, 519, 520, 521, 522, 523, 524, 525, 526, 527, 528, 529, 530, 531, 532, 533, 534, 535, 536, 537, 538, 539, 540, 541, 542, 543, 544, 545, 546, 547, 548, 549, 550, 551, 552, 553, 554, 555, 556, 557, 558, 559, 560, 561, 562, 563, 564, 565, 566, 567, 568, 569, 570, 571, 572, 573]","[0, 5, 7, 10, 14, 19, 20, 22, 24, 32, 33, 34, 37, 38, 40, 44, 46, 48, 49, 51, 56, 61, 63, 65, 67, 68, 73, 74, 75, 76, 79, 81, 82, 83, 85, 87, 88, 92, 93, 95, 96, 99, 100, 101, 115, 116, 124, 134, 142, 161, 167, 169, 170, 186, 202, 240, 244, 254, 260, 267, 277, 300, 303, 307, 310, 322, 331, 376, 485, 491, 493, 495, 499, 503, 504, 506, 508, 515, 518, 519, 521, 524, 526, 528, 533, 537, 539, 542, 543, 547, 548, 549, 550, 551, 553, 554, 556, 558, 559, 563, 564, 566, 567, 570, 571, 572, 586, 587, 595, 605, 613, 633, 639, 640, 641, 657, 672, 704, 717, 726, 736, 759, 761, 765, 768, 780, 788, 792, 826]","[1, 13, 14, 29, 54, 55, 56, 57, 58, 60, 102, 118, 125, 127, 130, 134, 146, 149, 153, 175, 182, 187, 189, 191, 197, 225, 230, 238, 264, 265, 266, 286, 302, 317, 336, 379, 388, 389, 425, 454, 458, 463, 475, 487, 498, 499, 512, 530, 531, 532, 533, 534, 536, 573, 589, 596, 598, 601, 605, 617, 620, 624, 646, 653, 658, 660, 662, 668, 689, 694, 702, 724, 725, 745, 760, 775, 793, 829, 838, 839, 877, 901, 903, 905, 910, 923]","[1, 13, 14, 29, 54, 55, 56, 57, 58, 60, 102, 118, 125, 127, 130, 134, 146, 149, 153, 175, 182, 187, 189, 191, 197, 225, 230, 238, 264, 265, 266, 286, 302, 315, 317, 336, 354, 379, 388, 389, 425, 454, 458, 463, 475, 487, 498, 499, 512, 530, 531, 532, 533, 534, 536, 573, 589, 596, 598, 601, 605, 617, 620, 624, 646, 653, 658, 660, 662, 668, 689, 694, 702, 724, 725, 745, 760, 773, 775, 793, 809, 829, 838, 839, 877, 901, 903, 905, 910, 923]","[0, 1, 2, 3, 4, 5, 6, 7, 8, 9, 10, 11, 12, 13, 14, 15, 16, 17, 18, 19, 20, 533, 22, 21, 23, 24, 25, 26, 27, 28, 29, 30, 31, 32, 33, 34, 35, 36, 37, 38, 39, 40, 554, 41, 42, 43, 44, 45, 46, 47, 48, 49, 50, 51, 52, 53, 56, 54, 55, 57, 58, 59, 60, 61, 62, 63, 64, 65, 66, 67, 68, 69, 70, 71, 72, 73, 74, 75, 76, 77, 78, 79, 80, 83, 81, 82, 84, 85, 86, 87, 88, 89, 90, 91, 92, 93, 94, 95, 96, 97, 98, 99, 100, 101, 102, 528, 529, 530, 613, 617, 620, 513, 531, 624, 115, 116, 532, 118, 633, 124, 125, 534, 639, 640, 641, 127, 535, 130, 134, 646, 514, 536, 653, 537, 142, 657, 146, 538, 658, 149, 660, 662, 539, 153, 668, 540, 672, 515, 541, 161, 542, 167, 169, 170, 543, 175, 689, 544, 182, 545, 694, 516, 186, 546, 187, 189, 191, 704, 547, 702, 197, 548, 202, 549, 717, 550, 517, 724, 551, 726, 725, 552, 553, 736, 225, 230, 555, 745, 518, 556, 238, 240, 557, 244, 759, 558, 761, 760, 559, 254, 765, 768, 560, 260, 519, 773, 561, 264, 265, 266, 267, 562, 780, 775, 563, 788, 277, 564, 792, 793, 565, 520, 286, 566, 567, 809, 568, 300, 302, 569, 303, 307, 570, 310, 521, 571, 826, 315, 317, 572, 829, 322, 573, 838, 839, 331, 522, 336, 354, 523, 877, 376, 379, 524, 388, 586, 389, 901, 903, 905, 587, 910, 589, 525, 923, 425, 512, 595, 526, 596, 598, 454, 458, 527, 463, 601, 475, 605, 485, 486, 487, 488, 489, 490, 491, 492, 493, 494, 495, 496, 497, 498, 499, 500, 501, 502, 503, 504, 505, 506, 507, 508, 509, 510, 511]",True,"[7, 13, 14, 22, 83, 493, 498, 499, 506, 554]","[0, 1, 2, 3, 4, 5, 6, 7, 8, 9, 10, 11, 12, 13, 14, 15, 16, 17, 18, 19, 20, 21, 22, 23, 24, 25, 26, 27, 28, 29, 30, 31, 32, 33, 34, 35, 36, 37, 38, 39, 40, 41, 42, 43, 44, 45, 46, 47, 48, 49, 50, 51, 52, 53, 54, 55, 56, 57, 58, 59, 60, 61, 62, 63, 64, 65, 66, 67, 68, 69, 70, 71, 72, 73, 74, 75, 76, 77, 78, 79, 80, 81, 82, 83, 84, 85, 86, 87, 88, 89, 90, 91, 92, 93, 94, 95, 96, 97, 98, 99, 100, 101, 102, 485, 486, 487, 488, 489, 490, 491, 492, 493, 494, 495, 496, 497, 498, 499, 500, 501, 502, 503, 504, 505, 506, 507, 508, 509, 510, 511, 512, 513, 514, 515, 516, 517, 518, 519, 520, 521, 522, 523, 524, 525, 526, 527, 528, 529, 530, 531, 532, 533, 534, 535, 536, 537, 538, 539, 540, 541, 542, 543, 544, 545, 546, 547, 548, 549, 550, 551, 552, 553, 554, 555, 556, 557, 558, 559, 560, 561, 562, 563, 564, 565, 566, 567, 568, 569, 570, 571, 572, 573]","[6, 7, 13, 14, 22, 56, 83, 492, 493, 498, 499, 506, 533, 554]","[14, 83, 499, 554]","[0, 5, 7, 10, 14, 19, 20, 22, 24, 32, 33, 34, 37, 38, 40, 44, 46, 48, 49, 51, 56, 61, 63, 65, 67, 68, 73, 74, 75, 76, 79, 81, 82, 83, 85, 87, 88, 92, 93, 95, 96, 99, 100, 101, 115, 116, 124, 134, 142, 161, 167, 169, 170, 186, 202, 240, 244, 254, 260, 267, 277, 300, 303, 307, 310, 322, 331, 376, 485, 491, 493, 495, 499, 503, 504, 506, 508, 515, 518, 519, 521, 524, 526, 528, 533, 537, 539, 542, 543, 547, 548, 549, 550, 551, 553, 554, 556, 558, 559, 563, 564, 566, 567, 570, 571, 572, 586, 587, 595, 605, 613, 633, 639, 640, 641, 657, 672, 704, 717, 726, 736, 759, 761, 765, 768, 780, 788, 792, 826]","[1, 13, 14, 29, 54, 55, 56, 57, 58, 60, 102, 118, 125, 127, 130, 134, 146, 149, 153, 175, 182, 187, 189, 191, 197, 225, 230, 238, 264, 265, 266, 286, 302, 315, 317, 336, 354, 379, 388, 389, 425, 454, 458, 463, 475, 487, 498, 499, 512, 530, 531, 532, 533, 534, 536, 573, 589, 596, 598, 601, 605, 617, 620, 624, 646, 653, 658, 660, 662, 668, 689, 694, 702, 724, 725, 745, 760, 773, 775, 793, 809, 829, 838, 839, 877, 901, 903, 905, 910, 923]","[1, 13, 14, 29, 54, 55, 56, 57, 58, 60, 102, 118, 125, 127, 130, 134, 146, 149, 153, 175, 182, 187, 189, 191, 197, 225, 230, 238, 264, 265, 266, 286, 302, 317, 336, 379, 388, 389, 425, 454, 458, 463, 475, 487, 498, 499, 512, 530, 531, 532, 533, 534, 536, 573, 589, 596, 598, 601, 605, 617, 620, 624, 646, 653, 658, 660, 662, 668, 689, 694, 702, 724, 725, 745, 760, 775, 793, 829, 838, 839, 877, 901, 903, 905, 910, 923]",7/6 successful match,True,[53],True,530,False,,,,,
F Phoenix ( 85043 ) Discount Zone # 1 ( Shell ),602-278-0714 I-10 Exit 139 ( S on N 51st ),24 <U+2610> <U+2610>,Phoenix,85043,Discount Zone # 1 ( Shell ),602-278-0714,2015,Phoenix,AZ,Shell,( S on N 51st ),I-10 Exit 139 ,Exit,139,False,,False,I-10,,,,,"[499, 14]","[7, 13, 14, 22, 83, 493, 498, 499, 506, 554]","[6, 7, 13, 14, 22, 56, 83, 492, 493, 498, 499, 506, 533, 554]","[14, 83, 499, 554]","[0, 1, 2, 3, 4, 5, 6, 7, 8, 9, 10, 11, 12, 13, 14, 15, 16, 17, 18, 19, 20, 21, 22, 23, 24, 25, 26, 27, 28, 29, 30, 31, 32, 33, 34, 35, 36, 37, 38, 39, 40, 41, 42, 43, 44, 45, 46, 47, 48, 49, 50, 51, 52, 53, 54, 55, 56, 57, 58, 59, 60, 61, 62, 63, 64, 65, 66, 67, 68, 69, 70, 71, 72, 73, 74, 75, 76, 77, 78, 79, 80, 81, 82, 83, 84, 85, 86, 87, 88, 89, 90, 91, 92, 93, 94, 95, 96, 97, 98, 99, 100, 101, 102, 485, 486, 487, 488, 489, 490, 491, 492, 493, 494, 495, 496, 497, 498, 499, 500, 501, 502, 503, 504, 505, 506, 507, 508, 509, 510, 511, 512, 513, 514, 515, 516, 517, 518, 519, 520, 521, 522, 523, 524, 525, 526, 527, 528, 529, 530, 531, 532, 533, 534, 535, 536, 537, 538, 539, 540, 541, 542, 543, 544, 545, 546, 547, 548, 549, 550, 551, 552, 553, 554, 555, 556, 557, 558, 559, 560, 561, 562, 563, 564, 565, 566, 567, 568, 569, 570, 571, 572, 573]","[0, 5, 7, 10, 14, 19, 20, 22, 24, 32, 33, 34, 37, 38, 40, 44, 46, 48, 49, 51, 56, 61, 63, 65, 67, 68, 73, 74, 75, 76, 79, 81, 82, 83, 85, 87, 88, 92, 93, 95, 96, 99, 100, 101, 115, 116, 124, 134, 142, 161, 167, 169, 170, 186, 202, 240, 244, 254, 260, 267, 277, 300, 303, 307, 310, 322, 331, 376, 485, 491, 493, 495, 499, 503, 504, 506, 508, 515, 518, 519, 521, 524, 526, 528, 533, 537, 539, 542, 543, 547, 548, 549, 550, 551, 553, 554, 556, 558, 559, 563, 564, 566, 567, 570, 571, 572, 586, 587, 595, 605, 613, 633, 639, 640, 641, 657, 672, 704, 717, 726, 736, 759, 761, 765, 768, 780, 788, 792, 826]","[1, 13, 14, 29, 54, 55, 56, 57, 58, 60, 102, 118, 125, 127, 130, 134, 146, 149, 153, 175, 182, 187, 189, 191, 197, 225, 230, 238, 264, 265, 266, 286, 302, 317, 336, 379, 388, 389, 425, 454, 458, 463, 475, 487, 498, 499, 512, 530, 531, 532, 533, 534, 536, 573, 589, 596, 598, 601, 605, 617, 620, 624, 646, 653, 658, 660, 662, 668, 689, 694, 702, 724, 725, 745, 760, 775, 793, 829, 838, 839, 877, 901, 903, 905, 910, 923]","[1, 13, 14, 29, 54, 55, 56, 57, 58, 60, 102, 118, 125, 127, 130, 134, 146, 149, 153, 175, 182, 187, 189, 191, 197, 225, 230, 238, 264, 265, 266, 286, 302, 315, 317, 336, 354, 379, 388, 389, 425, 454, 458, 463, 475, 487, 498, 499, 512, 530, 531, 532, 533, 534, 536, 573, 589, 596, 598, 601, 605, 617, 620, 624, 646, 653, 658, 660, 662, 668, 689, 694, 702, 724, 725, 745, 760, 773, 775, 793, 809, 829, 838, 839, 877, 901, 903, 905, 910, 923]","[0, 1, 2, 3, 4, 5, 6, 7, 8, 9, 10, 11, 12, 13, 14, 15, 16, 17, 18, 19, 20, 533, 22, 21, 23, 24, 25, 26, 27, 28, 29, 30, 31, 32, 33, 34, 35, 36, 37, 38, 39, 40, 554, 41, 42, 43, 44, 45, 46, 47, 48, 49, 50, 51, 52, 53, 56, 54, 55, 57, 58, 59, 60, 61, 62, 63, 64, 65, 66, 67, 68, 69, 70, 71, 72, 73, 74, 75, 76, 77, 78, 79, 80, 83, 81, 82, 84, 85, 86, 87, 88, 89, 90, 91, 92, 93, 94, 95, 96, 97, 98, 99, 100, 101, 102, 528, 529, 530, 613, 617, 620, 513, 531, 624, 115, 116, 532, 118, 633, 124, 125, 534, 639, 640, 641, 127, 535, 130, 134, 646, 514, 536, 653, 537, 142, 657, 146, 538, 658, 149, 660, 662, 539, 153, 668, 540, 672, 515, 541, 161, 542, 167, 169, 170, 543, 175, 689, 544, 182, 545, 694, 516, 186, 546, 187, 189, 191, 704, 547, 702, 197, 548, 202, 549, 717, 550, 517, 724, 551, 726, 725, 552, 553, 736, 225, 230, 555, 745, 518, 556, 238, 240, 557, 244, 759, 558, 761, 760, 559, 254, 765, 768, 560, 260, 519, 773, 561, 264, 265, 266, 267, 562, 780, 775, 563, 788, 277, 564, 792, 793, 565, 520, 286, 566, 567, 809, 568, 300, 302, 569, 303, 307, 570, 310, 521, 571, 826, 315, 317, 572, 829, 322, 573, 838, 839, 331, 522, 336, 354, 523, 877, 376, 379, 524, 388, 586, 389, 901, 903, 905, 587, 910, 589, 525, 923, 425, 512, 595, 526, 596, 598, 454, 458, 527, 463, 601, 475, 605, 485, 486, 487, 488, 489, 490, 491, 492, 493, 494, 495, 496, 497, 498, 499, 500, 501, 502, 503, 504, 505, 506, 507, 508, 509, 510, 511]",True,"[7, 13, 14, 22, 83, 493, 498, 499, 506, 554]","[0, 1, 2, 3, 4, 5, 6, 7, 8, 9, 10, 11, 12, 13, 14, 15, 16, 17, 18, 19, 20, 21, 22, 23, 24, 25, 26, 27, 28, 29, 30, 31, 32, 33, 34, 35, 36, 37, 38, 39, 40, 41, 42, 43, 44, 45, 46, 47, 48, 49, 50, 51, 52, 53, 54, 55, 56, 57, 58, 59, 60, 61, 62, 63, 64, 65, 66, 67, 68, 69, 70, 71, 72, 73, 74, 75, 76, 77, 78, 79, 80, 81, 82, 83, 84, 85, 86, 87, 88, 89, 90, 91, 92, 93, 94, 95, 96, 97, 98, 99, 100, 101, 102, 485, 486, 487, 488, 489, 490, 491, 492, 493, 494, 495, 496, 497, 498, 499, 500, 501, 502, 503, 504, 505, 506, 507, 508, 509, 510, 511, 512, 513, 514, 515, 516, 517, 518, 519, 520, 521, 522, 523, 524, 525, 526, 527, 528, 529, 530, 531, 532, 533, 534, 535, 536, 537, 538, 539, 540, 541, 542, 543, 544, 545, 546, 547, 548, 549, 550, 551, 552, 553, 554, 555, 556, 557, 558, 559, 560, 561, 562, 563, 564, 565, 566, 567, 568, 569, 570, 571, 572, 573]","[6, 7, 13, 14, 22, 56, 83, 492, 493, 498, 499, 506, 533, 554]","[14, 83, 499, 554]","[0, 5, 7, 10, 14, 19, 20, 22, 24, 32, 33, 34, 37, 38, 40, 44, 46, 48, 49, 51, 56, 61, 63, 65, 67, 68, 73, 74, 75, 76, 79, 81, 82, 83, 85, 87, 88, 92, 93, 95, 96, 99, 100, 101, 115, 116, 124, 134, 142, 161, 167, 169, 170, 186, 202, 240, 244, 254, 260, 267, 277, 300, 303, 307, 310, 322, 331, 376, 485, 491, 493, 495, 499, 503, 504, 506, 508, 515, 518, 519, 521, 524, 526, 528, 533, 537, 539, 542, 543, 547, 548, 549, 550, 551, 553, 554, 556, 558, 559, 563, 564, 566, 567, 570, 571, 572, 586, 587, 595, 605, 613, 633, 639, 640, 641, 657, 672, 704, 717, 726, 736, 759, 761, 765, 768, 780, 788, 792, 826]","[1, 13, 14, 29, 54, 55, 56, 57, 58, 60, 102, 118, 125, 127, 130, 134, 146, 149, 153, 175, 182, 187, 189, 191, 197, 225, 230, 238, 264, 265, 266, 286, 302, 315, 317, 336, 354, 379, 388, 389, 425, 454, 458, 463, 475, 487, 498, 499, 512, 530, 531, 532, 533, 534, 536, 573, 589, 596, 598, 601, 605, 617, 620, 624, 646, 653, 658, 660, 662, 668, 689, 694, 702, 724, 725, 745, 760, 773, 775, 793, 809, 829, 838, 839, 877, 901, 903, 905, 910, 923]","[1, 13, 14, 29, 54, 55, 56, 57, 58, 60, 102, 118, 125, 127, 130, 134, 146, 149, 153, 175, 182, 187, 189, 191, 197, 225, 230, 238, 264, 265, 266, 286, 302, 317, 336, 379, 388, 389, 425, 454, 458, 463, 475, 487, 498, 499, 512, 530, 531, 532, 533, 534, 536, 573, 589, 596, 598, 601, 605, 617, 620, 624, 646, 653, 658, 660, 662, 668, 689, 694, 702, 724, 725, 745, 760, 775, 793, 829, 838, 839, 877, 901, 903, 905, 910, 923]",7/6 successful match,True,[53],True,530,False,,1.0,True,Discount Zone # 1 ( Shell ),Shell
Phoenix ( 85043 ) Discount Zone # 1 ( Shell ),602-278-0714 I-10 Exit 139 ( S on N 51st ),24 <U+2610> <U+25A1>,Phoenix,85043,Discount Zone # 1 ( Shell ),602-278-0714,2016,Phoenix,AZ,Shell,( S on N 51st ),I-10 Exit 139 ,Exit,139,False,,False,I-10,,,,,"[499, 14]","[7, 13, 14, 22, 83, 493, 498, 499, 506, 554]","[6, 7, 13, 14, 22, 56, 83, 492, 493, 498, 499, 506, 533, 554]","[14, 83, 499, 554]","[0, 1, 2, 3, 4, 5, 6, 7, 8, 9, 10, 11, 12, 13, 14, 15, 16, 17, 18, 19, 20, 21, 22, 23, 24, 25, 26, 27, 28, 29, 30, 31, 32, 33, 34, 35, 36, 37, 38, 39, 40, 41, 42, 43, 44, 45, 46, 47, 48, 49, 50, 51, 52, 53, 54, 55, 56, 57, 58, 59, 60, 61, 62, 63, 64, 65, 66, 67, 68, 69, 70, 71, 72, 73, 74, 75, 76, 77, 78, 79, 80, 81, 82, 83, 84, 85, 86, 87, 88, 89, 90, 91, 92, 93, 94, 95, 96, 97, 98, 99, 100, 101, 102, 485, 486, 487, 488, 489, 490, 491, 492, 493, 494, 495, 496, 497, 498, 499, 500, 501, 502, 503, 504, 505, 506, 507, 508, 509, 510, 511, 512, 513, 514, 515, 516, 517, 518, 519, 520, 521, 522, 523, 524, 525, 526, 527, 528, 529, 530, 531, 532, 533, 534, 535, 536, 537, 538, 539, 540, 541, 542, 543, 544, 545, 546, 547, 548, 549, 550, 551, 552, 553, 554, 555, 556, 557, 558, 559, 560, 561, 562, 563, 564, 565, 566, 567, 568, 569, 570, 571, 572, 573]","[0, 5, 7, 10, 14, 19, 20, 22, 24, 32, 33, 34, 37, 38, 40, 44, 46, 48, 49, 51, 56, 61, 63, 65, 67, 68, 73, 74, 75, 76, 79, 81, 82, 83, 85, 87, 88, 92, 93, 95, 96, 99, 100, 101, 115, 116, 124, 134, 142, 161, 167, 169, 170, 186, 202, 240, 244, 254, 260, 267, 277, 300, 303, 307, 310, 322, 331, 376, 485, 491, 493, 495, 499, 503, 504, 506, 508, 515, 518, 519, 521, 524, 526, 528, 533, 537, 539, 542, 543, 547, 548, 549, 550, 551, 553, 554, 556, 558, 559, 563, 564, 566, 567, 570, 571, 572, 586, 587, 595, 605, 613, 633, 639, 640, 641, 657, 672, 704, 717, 726, 736, 759, 761, 765, 768, 780, 788, 792, 826]","[1, 13, 14, 29, 54, 55, 56, 57, 58, 60, 102, 118, 125, 127, 130, 134, 146, 149, 153, 175, 182, 187, 189, 191, 197, 225, 230, 238, 264, 265, 266, 286, 302, 317, 336, 379, 388, 389, 425, 454, 458, 463, 475, 487, 498, 499, 512, 530, 531, 532, 533, 534, 536, 573, 589, 596, 598, 601, 605, 617, 620, 624, 646, 653, 658, 660, 662, 668, 689, 694, 702, 724, 725, 745, 760, 775, 793, 829, 838, 839, 877, 901, 903, 905, 910, 923]","[1, 13, 14, 29, 54, 55, 56, 57, 58, 60, 102, 118, 125, 127, 130, 134, 146, 149, 153, 175, 182, 187, 189, 191, 197, 225, 230, 238, 264, 265, 266, 286, 302, 315, 317, 336, 354, 379, 388, 389, 425, 454, 458, 463, 475, 487, 498, 499, 512, 530, 531, 532, 533, 534, 536, 573, 589, 596, 598, 601, 605, 617, 620, 624, 646, 653, 658, 660, 662, 668, 689, 694, 702, 724, 725, 745, 760, 773, 775, 793, 809, 829, 838, 839, 877, 901, 903, 905, 910, 923]","[0, 1, 2, 3, 4, 5, 6, 7, 8, 9, 10, 11, 12, 13, 14, 15, 16, 17, 18, 19, 20, 533, 22, 21, 23, 24, 25, 26, 27, 28, 29, 30, 31, 32, 33, 34, 35, 36, 37, 38, 39, 40, 554, 41, 42, 43, 44, 45, 46, 47, 48, 49, 50, 51, 52, 53, 56, 54, 55, 57, 58, 59, 60, 61, 62, 63, 64, 65, 66, 67, 68, 69, 70, 71, 72, 73, 74, 75, 76, 77, 78, 79, 80, 83, 81, 82, 84, 85, 86, 87, 88, 89, 90, 91, 92, 93, 94, 95, 96, 97, 98, 99, 100, 101, 102, 528, 529, 530, 613, 617, 620, 513, 531, 624, 115, 116, 532, 118, 633, 124, 125, 534, 639, 640, 641, 127, 535, 130, 134, 646, 514, 536, 653, 537, 142, 657, 146, 538, 658, 149, 660, 662, 539, 153, 668, 540, 672, 515, 541, 161, 542, 167, 169, 170, 543, 175, 689, 544, 182, 545, 694, 516, 186, 546, 187, 189, 191, 704, 547, 702, 197, 548, 202, 549, 717, 550, 517, 724, 551, 726, 725, 552, 553, 736, 225, 230, 555, 745, 518, 556, 238, 240, 557, 244, 759, 558, 761, 760, 559, 254, 765, 768, 560, 260, 519, 773, 561, 264, 265, 266, 267, 562, 780, 775, 563, 788, 277, 564, 792, 793, 565, 520, 286, 566, 567, 809, 568, 300, 302, 569, 303, 307, 570, 310, 521, 571, 826, 315, 317, 572, 829, 322, 573, 838, 839, 331, 522, 336, 354, 523, 877, 376, 379, 524, 388, 586, 389, 901, 903, 905, 587, 910, 589, 525, 923, 425, 512, 595, 526, 596, 598, 454, 458, 527, 463, 601, 475, 605, 485, 486, 487, 488, 489, 490, 491, 492, 493, 494, 495, 496, 497, 498, 499, 500, 501, 502, 503, 504, 505, 506, 507, 508, 509, 510, 511]",True,"[7, 13, 14, 22, 83, 493, 498, 499, 506, 554]","[0, 1, 2, 3, 4, 5, 6, 7, 8, 9, 10, 11, 12, 13, 14, 15, 16, 17, 18, 19, 20, 21, 22, 23, 24, 25, 26, 27, 28, 29, 30, 31, 32, 33, 34, 35, 36, 37, 38, 39, 40, 41, 42, 43, 44, 45, 46, 47, 48, 49, 50, 51, 52, 53, 54, 55, 56, 57, 58, 59, 60, 61, 62, 63, 64, 65, 66, 67, 68, 69, 70, 71, 72, 73, 74, 75, 76, 77, 78, 79, 80, 81, 82, 83, 84, 85, 86, 87, 88, 89, 90, 91, 92, 93, 94, 95, 96, 97, 98, 99, 100, 101, 102, 485, 486, 487, 488, 489, 490, 491, 492, 493, 494, 495, 496, 497, 498, 499, 500, 501, 502, 503, 504, 505, 506, 507, 508, 509, 510, 511, 512, 513, 514, 515, 516, 517, 518, 519, 520, 521, 522, 523, 524, 525, 526, 527, 528, 529, 530, 531, 532, 533, 534, 535, 536, 537, 538, 539, 540, 541, 542, 543, 544, 545, 546, 547, 548, 549, 550, 551, 552, 553, 554, 555, 556, 557, 558, 559, 560, 561, 562, 563, 564, 565, 566, 567, 568, 569, 570, 571, 572, 573]","[6, 7, 13, 14, 22, 56, 83, 492, 493, 498, 499, 506, 533, 554]","[14, 83, 499, 554]","[0, 5, 7, 10, 14, 19, 20, 22, 24, 32, 33, 34, 37, 38, 40, 44, 46, 48, 49, 51, 56, 61, 63, 65, 67, 68, 73, 74, 75, 76, 79, 81, 82, 83, 85, 87, 88, 92, 93, 95, 96, 99, 100, 101, 115, 116, 124, 134, 142, 161, 167, 169, 170, 186, 202, 240, 244, 254, 260, 267, 277, 300, 303, 307, 310, 322, 331, 376, 485, 491, 493, 495, 499, 503, 504, 506, 508, 515, 518, 519, 521, 524, 526, 528, 533, 537, 539, 542, 543, 547, 548, 549, 550, 551, 553, 554, 556, 558, 559, 563, 564, 566, 567, 570, 571, 572, 586, 587, 595, 605, 613, 633, 639, 640, 641, 657, 672, 704, 717, 726, 736, 759, 761, 765, 768, 780, 788, 792, 826]","[1, 13, 14, 29, 54, 55, 56, 57, 58, 60, 102, 118, 125, 127, 130, 134, 146, 149, 153, 175, 182, 187, 189, 191, 197, 225, 230, 238, 264, 265, 266, 286, 302, 315, 317, 336, 354, 379, 388, 389, 425, 454, 458, 463, 475, 487, 498, 499, 512, 530, 531, 532, 533, 534, 536, 573, 589, 596, 598, 601, 605, 617, 620, 624, 646, 653, 658, 660, 662, 668, 689, 694, 702, 724, 725, 745, 760, 773, 775, 793, 809, 829, 838, 839, 877, 901, 903, 905, 910, 923]","[1, 13, 14, 29, 54, 55, 56, 57, 58, 60, 102, 118, 125, 127, 130, 134, 146, 149, 153, 175, 182, 187, 189, 191, 197, 225, 230, 238, 264, 265, 266, 286, 302, 317, 336, 379, 388, 389, 425, 454, 458, 463, 475, 487, 498, 499, 512, 530, 531, 532, 533, 534, 536, 573, 589, 596, 598, 601, 605, 617, 620, 624, 646, 653, 658, 660, 662, 668, 689, 694, 702, 724, 725, 745, 760, 775, 793, 829, 838, 839, 877, 901, 903, 905, 910, 923]",7/6 successful match,True,[53],True,530,False,,1.0,True,Discount Zone # 1 ( Shell ),Shell
Eloy ( 85131 ) Love's Travel Stop # 265,520-423-2015 I-10 Exit 200 ( Sunland Gin Rd S ),24 M O,Eloy,85131,Love's Travel Stop # 265,520-423-2015,2014,Eloy,AZ,Love's,( Sunland Gin Rd S ),I-10 Exit 200 ,Exit,200,False,,False,I-10,,,,,"[34, 515]","[5, 34, 79, 81, 93, 101, 491, 515, 551, 564, 572]","[5, 20, 74, 93, 101, 491, 504, 548, 564, 572]","[34, 63, 81, 515, 537, 551]","[0, 1, 2, 3, 4, 5, 6, 7, 8, 9, 10, 11, 12, 13, 14, 15, 16, 17, 18, 19, 20, 21, 22, 23, 24, 25, 26, 27, 28, 29, 30, 31, 32, 33, 34, 35, 36, 37, 38, 39, 40, 41, 42, 43, 44, 45, 46, 47, 48, 49, 50, 51, 52, 53, 54, 55, 56, 57, 58, 59, 60, 61, 62, 63, 64, 65, 66, 67, 68, 69, 70, 71, 72, 73, 74, 75, 76, 77, 78, 79, 80, 81, 82, 83, 84, 85, 86, 87, 88, 89, 90, 91, 92, 93, 94, 95, 96, 97, 98, 99, 100, 101, 102, 485, 486, 487, 488, 489, 490, 491, 492, 493, 494, 495, 496, 497, 498, 499, 500, 501, 502, 503, 504, 505, 506, 507, 508, 509, 510, 511, 512, 513, 514, 515, 516, 517, 518, 519, 520, 521, 522, 523, 524, 525, 526, 527, 528, 529, 530, 531, 532, 533, 534, 535, 536, 537, 538, 539, 540, 541, 542, 543, 544, 545, 546, 547, 548, 549, 550, 551, 552, 553, 554, 555, 556, 557, 558, 559, 560, 561, 562, 563, 564, 565, 566, 567, 568, 569, 570, 571, 572, 573]","[0, 5, 7, 10, 14, 19, 20, 22, 24, 32, 33, 34, 37, 38, 40, 44, 46, 48, 49, 51, 56, 61, 63, 65, 67, 68, 73, 74, 75, 76, 79, 81, 82, 83, 85, 87, 88, 92, 93, 95, 96, 99, 100, 101, 115, 116, 124, 134, 142, 161, 167, 169, 170, 186, 202, 240, 244, 254, 260, 267, 277, 300, 303, 307, 310, 322, 331, 376, 485, 491, 493, 495, 499, 503, 504, 506, 508, 515, 518, 519, 521, 524, 526, 528, 533, 537, 539, 542, 543, 547, 548, 549, 550, 551, 553, 554, 556, 558, 559, 563, 564, 566, 567, 570, 571, 572, 586, 587, 595, 605, 613, 633, 639, 640, 641, 657, 672, 704, 717, 726, 736, 759, 761, 765, 768, 780, 788, 792, 826]","[34, 35, 36, 37, 38, 39, 40, 41, 42, 43, 44, 45, 46, 47, 48, 201, 202, 203, 204, 205, 206, 207, 208, 209, 210, 211, 212, 213, 214, 215, 216, 355, 356, 357, 358, 359, 360, 361, 429, 430, 431, 432, 433, 434, 435, 515, 516, 517, 518, 519, 520, 521, 522, 523, 524, 525, 526, 527, 672, 673, 674, 675, 676, 677, 678, 679, 680, 681, 682, 683, 684, 810, 811, 812, 813, 814, 881, 882, 883, 884, 885, 886]","[32, 33, 34, 35, 36, 37, 38, 39, 40, 41, 42, 43, 44, 45, 46, 47, 48, 201, 202, 203, 204, 205, 206, 207, 208, 209, 210, 211, 212, 213, 214, 215, 216, 355, 356, 357, 358, 359, 360, 361, 429, 430, 431, 432, 433, 434, 435, 515, 516, 517, 518, 519, 520, 521, 522, 523, 524, 525, 526, 527, 672, 673, 674, 675, 676, 677, 678, 679, 680, 681, 682, 683, 684, 810, 811, 812, 813, 814, 881, 882, 883, 884, 885, 886]","[0, 1, 2, 515, 3, 5, 4, 6, 7, 8, 9, 10, 11, 12, 13, 14, 15, 16, 17, 18, 20, 19, 21, 22, 23, 537, 24, 25, 26, 27, 28, 29, 30, 31, 34, 32, 548, 33, 35, 551, 36, 37, 38, 39, 40, 41, 42, 43, 44, 45, 46, 47, 564, 48, 49, 50, 51, 52, 53, 54, 572, 55, 56, 63, 57, 58, 59, 60, 61, 62, 64, 65, 66, 67, 74, 68, 69, 70, 71, 79, 72, 81, 73, 75, 76, 77, 78, 80, 82, 83, 84, 85, 86, 93, 87, 88, 89, 90, 91, 92, 94, 101, 95, 96, 97, 98, 99, 100, 102, 529, 530, 513, 531, 115, 116, 532, 633, 533, 124, 534, 639, 640, 641, 535, 134, 514, 536, 142, 657, 538, 539, 540, 672, 161, 541, 673, 674, 675, 676, 542, 167, 169, 170, 677, 543, 678, 679, 680, 681, 682, 544, 683, 684, 545, 516, 186, 546, 704, 547, 201, 202, 549, 203, 717, 204, 205, 550, 206, 207, 517, 208, 209, 726, 210, 211, 212, 552, 213, 214, 215, 216, 553, 736, 554, 555, 518, 556, 240, 557, 244, 759, 558, 761, 559, 254, 765, 768, 560, 260, 519, 561, 267, 562, 780, 563, 788, 277, 792, 565, 520, 566, 567, 568, 810, 300, 811, 812, 569, 303, 813, 814, 307, 570, 310, 521, 571, 826, 322, 573, 331, 613, 522, 355, 356, 357, 358, 359, 360, 523, 361, 881, 882, 883, 884, 885, 886, 376, 528, 524, 586, 587, 525, 429, 430, 512, 431, 432, 595, 433, 526, 434, 435, 527, 605, 485, 486, 487, 488, 489, 490, 491, 492, 493, 494, 495, 496, 497, 498, 499, 500, 501, 502, 503, 504, 505, 506, 507, 508, 509, 510, 511]",True,"[5, 34, 79, 81, 93, 101, 491, 515, 551, 564, 572]","[0, 1, 2, 3, 4, 5, 6, 7, 8, 9, 10, 11, 12, 13, 14, 15, 16, 17, 18, 19, 20, 21, 22, 23, 24, 25, 26, 27, 28, 29, 30, 31, 32, 33, 34, 35, 36, 37, 38, 39, 40, 41, 42, 43, 44, 45, 46, 47, 48, 49, 50, 51, 52, 53, 54, 55, 56, 57, 58, 59, 60, 61, 62, 63, 64, 65, 66, 67, 68, 69, 70, 71, 72, 73, 74, 75, 76, 77, 78, 79, 80, 81, 82, 83, 84, 85, 86, 87, 88, 89, 90, 91, 92, 93, 94, 95, 96, 97, 98, 99, 100, 101, 102, 485, 486, 487, 488, 489, 490, 491, 492, 493, 494, 495, 496, 497, 498, 499, 500, 501, 502, 503, 504, 505, 506, 507, 508, 509, 510, 511, 512, 513, 514, 515, 516, 517, 518, 519, 520, 521, 522, 523, 524, 525, 526, 527, 528, 529, 530, 531, 532, 533, 534, 535, 536, 537, 538, 539, 540, 541, 542, 543, 544, 545, 546, 547, 548, 549, 550, 551, 552, 553, 554, 555, 556, 557, 558, 559, 560, 561, 562, 563, 564, 565, 566, 567, 568, 569, 570, 571, 572, 573]","[5, 20, 74, 93, 101, 491, 504, 548, 564, 572]","[34, 63, 81, 515, 537, 551]","[0, 5, 7, 10, 14, 19, 20, 22, 24, 32, 33, 34, 37, 38, 40, 44, 46, 48, 49, 51, 56, 61, 63, 65, 67, 68, 73, 74, 75, 76, 79, 81, 82, 83, 85, 87, 88, 92, 93, 95, 96, 99, 100, 101, 115, 116, 124, 134, 142, 161, 167, 169, 170, 186, 202, 240, 244, 254, 260, 267, 277, 300, 303, 307, 310, 322, 331, 376, 485, 491, 493, 495, 499, 503, 504, 506, 508, 515, 518, 519, 521, 524, 526, 528, 533, 537, 539, 542, 543, 547, 548, 549, 550, 551, 553, 554, 556, 558, 559, 563, 564, 566, 567, 570, 571, 572, 586, 587, 595, 605, 613, 633, 639, 640, 641, 657, 672, 704, 717, 726, 736, 759, 761, 765, 768, 780, 788, 792, 826]","[32, 33, 34, 35, 36, 37, 38, 39, 40, 41, 42, 43, 44, 45, 46, 47, 48, 201, 202, 203, 204, 205, 206, 207, 208, 209, 210, 211, 212, 213, 214, 215, 216, 355, 356, 357, 358, 359, 360, 361, 429, 430, 431, 432, 433, 434, 435, 515, 516, 517, 518, 519, 520, 521, 522, 523, 524, 525, 526, 527, 672, 673, 674, 675, 676, 677, 678, 679, 680, 681, 682, 683, 684, 810, 811, 812, 813, 814, 881, 882, 883, 884, 885, 886]","[34, 35, 36, 37, 38, 39, 40, 41, 42, 43, 44, 45, 46, 47, 48, 201, 202, 203, 204, 205, 206, 207, 208, 209, 210, 211, 212, 213, 214, 215, 216, 355, 356, 357, 358, 359, 360, 361, 429, 430, 431, 432, 433, 434, 435, 515, 516, 517, 518, 519, 520, 521, 522, 523, 524, 525, 526, 527, 672, 673, 674, 675, 676, 677, 678, 679, 680, 681, 682, 683, 684, 810, 811, 812, 813, 814, 881, 882, 883, 884, 885, 886]",7/6 successful match,True,"[317, 318]",True,531,False,,,,,
Eloy ( 85131 ) Love's Travel Stop # 265,520-423-2015 I-10 Exit 200 ( Sunland Gin Rd S ),24 <U+2610> M,Eloy,85131,Love's Travel Stop # 265,520-423-2015,2015,Eloy,AZ,Love's,( Sunland Gin Rd S ),I-10 Exit 200 ,Exit,200,False,,False,I-10,,,,,"[34, 515]","[5, 34, 79, 81, 93, 101, 491, 515, 551, 564, 572]","[5, 20, 74, 93, 101, 491, 504, 548, 564, 572]","[34, 63, 81, 515, 537, 551]","[0, 1, 2, 3, 4, 5, 6, 7, 8, 9, 10, 11, 12, 13, 14, 15, 16, 17, 18, 19, 20, 21, 22, 23, 24, 25, 26, 27, 28, 29, 30, 31, 32, 33, 34, 35, 36, 37, 38, 39, 40, 41, 42, 43, 44, 45, 46, 47, 48, 49, 50, 51, 52, 53, 54, 55, 56, 57, 58, 59, 60, 61, 62, 63, 64, 65, 66, 67, 68, 69, 70, 71, 72, 73, 74, 75, 76, 77, 78, 79, 80, 81, 82, 83, 84, 85, 86, 87, 88, 89, 90, 91, 92, 93, 94, 95, 96, 97, 98, 99, 100, 101, 102, 485, 486, 487, 488, 489, 490, 491, 492, 493, 494, 495, 496, 497, 498, 499, 500, 501, 502, 503, 504, 505, 506, 507, 508, 509, 510, 511, 512, 513, 514, 515, 516, 517, 518, 519, 520, 521, 522, 523, 524, 525, 526, 527, 528, 529, 530, 531, 532, 533, 534, 535, 536, 537, 538, 539, 540, 541, 542, 543, 544, 545, 546, 547, 548, 549, 550, 551, 552, 553, 554, 555, 556, 557, 558, 559, 560, 561, 562, 563, 564, 565, 566, 567, 568, 569, 570, 571, 572, 573]","[0, 5, 7, 10, 14, 19, 20, 22, 24, 32, 33, 34, 37, 38, 40, 44, 46, 48, 49, 51, 56, 61, 63, 65, 67, 68, 73, 74, 75, 76, 79, 81, 82, 83, 85, 87, 88, 92, 93, 95, 96, 99, 100, 101, 115, 116, 124, 134, 142, 161, 167, 169, 170, 186, 202, 240, 244, 254, 260, 267, 277, 300, 303, 307, 310, 322, 331, 376, 485, 491, 493, 495, 499, 503, 504, 506, 508, 515, 518, 519, 521, 524, 526, 528, 533, 537, 539, 542, 543, 547, 548, 549, 550, 551, 553, 554, 556, 558, 559, 563, 564, 566, 567, 570, 571, 572, 586, 587, 595, 605, 613, 633, 639, 640, 641, 657, 672, 704, 717, 726, 736, 759, 761, 765, 768, 780, 788, 792, 826]","[34, 35, 36, 37, 38, 39, 40, 41, 42, 43, 44, 45, 46, 47, 48, 201, 202, 203, 204, 205, 206, 207, 208, 209, 210, 211, 212, 213, 214, 215, 216, 355, 356, 357, 358, 359, 360, 361, 429, 430, 431, 432, 433, 434, 435, 515, 516, 517, 518, 519, 520, 521, 522, 523, 524, 525, 526, 527, 672, 673, 674, 675, 676, 677, 678, 679, 680, 681, 682, 683, 684, 810, 811, 812, 813, 814, 881, 882, 883, 884, 885, 886]","[32, 33, 34, 35, 36, 37, 38, 39, 40, 41, 42, 43, 44, 45, 46, 47, 48, 201, 202, 203, 204, 205, 206, 207, 208, 209, 210, 211, 212, 213, 214, 215, 216, 355, 356, 357, 358, 359, 360, 361, 429, 430, 431, 432, 433, 434, 435, 515, 516, 517, 518, 519, 520, 521, 522, 523, 524, 525, 526, 527, 672, 673, 674, 675, 676, 677, 678, 679, 680, 681, 682, 683, 684, 810, 811, 812, 813, 814, 881, 882, 883, 884, 885, 886]","[0, 1, 2, 515, 3, 5, 4, 6, 7, 8, 9, 10, 11, 12, 13, 14, 15, 16, 17, 18, 20, 19, 21, 22, 23, 537, 24, 25, 26, 27, 28, 29, 30, 31, 34, 32, 548, 33, 35, 551, 36, 37, 38, 39, 40, 41, 42, 43, 44, 45, 46, 47, 564, 48, 49, 50, 51, 52, 53, 54, 572, 55, 56, 63, 57, 58, 59, 60, 61, 62, 64, 65, 66, 67, 74, 68, 69, 70, 71, 79, 72, 81, 73, 75, 76, 77, 78, 80, 82, 83, 84, 85, 86, 93, 87, 88, 89, 90, 91, 92, 94, 101, 95, 96, 97, 98, 99, 100, 102, 529, 530, 513, 531, 115, 116, 532, 633, 533, 124, 534, 639, 640, 641, 535, 134, 514, 536, 142, 657, 538, 539, 540, 672, 161, 541, 673, 674, 675, 676, 542, 167, 169, 170, 677, 543, 678, 679, 680, 681, 682, 544, 683, 684, 545, 516, 186, 546, 704, 547, 201, 202, 549, 203, 717, 204, 205, 550, 206, 207, 517, 208, 209, 726, 210, 211, 212, 552, 213, 214, 215, 216, 553, 736, 554, 555, 518, 556, 240, 557, 244, 759, 558, 761, 559, 254, 765, 768, 560, 260, 519, 561, 267, 562, 780, 563, 788, 277, 792, 565, 520, 566, 567, 568, 810, 300, 811, 812, 569, 303, 813, 814, 307, 570, 310, 521, 571, 826, 322, 573, 331, 613, 522, 355, 356, 357, 358, 359, 360, 523, 361, 881, 882, 883, 884, 885, 886, 376, 528, 524, 586, 587, 525, 429, 430, 512, 431, 432, 595, 433, 526, 434, 435, 527, 605, 485, 486, 487, 488, 489, 490, 491, 492, 493, 494, 495, 496, 497, 498, 499, 500, 501, 502, 503, 504, 505, 506, 507, 508, 509, 510, 511]",True,"[5, 34, 79, 81, 93, 101, 491, 515, 551, 564, 572]","[0, 1, 2, 3, 4, 5, 6, 7, 8, 9, 10, 11, 12, 13, 14, 15, 16, 17, 18, 19, 20, 21, 22, 23, 24, 25, 26, 27, 28, 29, 30, 31, 32, 33, 34, 35, 36, 37, 38, 39, 40, 41, 42, 43, 44, 45, 46, 47, 48, 49, 50, 51, 52, 53, 54, 55, 56, 57, 58, 59, 60, 61, 62, 63, 64, 65, 66, 67, 68, 69, 70, 71, 72, 73, 74, 75, 76, 77, 78, 79, 80, 81, 82, 83, 84, 85, 86, 87, 88, 89, 90, 91, 92, 93, 94, 95, 96, 97, 98, 99, 100, 101, 102, 485, 486, 487, 488, 489, 490, 491, 492, 493, 494, 495, 496, 497, 498, 499, 500, 501, 502, 503, 504, 505, 506, 507, 508, 509, 510, 511, 512, 513, 514, 515, 516, 517, 518, 519, 520, 521, 522, 523, 524, 525, 526, 527, 528, 529, 530, 531, 532, 533, 534, 535, 536, 537, 538, 539, 540, 541, 542, 543, 544, 545, 546, 547, 548, 549, 550, 551, 552, 553, 554, 555, 556, 557, 558, 559, 560, 561, 562, 563, 564, 565, 566, 567, 568, 569, 570, 571, 572, 573]","[5, 20, 74, 93, 101, 491, 504, 548, 564, 572]","[34, 63, 81, 515, 537, 551]","[0, 5, 7, 10, 14, 19, 20, 22, 24, 32, 33, 34, 37, 38, 40, 44, 46, 48, 49, 51, 56, 61, 63, 65, 67, 68, 73, 74, 75, 76, 79, 81, 82, 83, 85, 87, 88, 92, 93, 95, 96, 99, 100, 101, 115, 116, 124, 134, 142, 161, 167, 169, 170, 186, 202, 240, 244, 254, 260, 267, 277, 300, 303, 307, 310, 322, 331, 376, 485, 491, 493, 495, 499, 503, 504, 506, 508, 515, 518, 519, 521, 524, 526, 528, 533, 537, 539, 542, 543, 547, 548, 549, 550, 551, 553, 554, 556, 558, 559, 563, 564, 566, 567, 570, 571, 572, 586, 587, 595, 605, 613, 633, 639, 640, 641, 657, 672, 704, 717, 726, 736, 759, 761, 765, 768, 780, 788, 792, 826]","[32, 33, 34, 35, 36, 37, 38, 39, 40, 41, 42, 43, 44, 45, 46, 47, 48, 201, 202, 203, 204, 205, 206, 207, 208, 209, 210, 211, 212, 213, 214, 215, 216, 355, 356, 357, 358, 359, 360, 361, 429, 430, 431, 432, 433, 434, 435, 515, 516, 517, 518, 519, 520, 521, 522, 523, 524, 525, 526, 527, 672, 673, 674, 675, 676, 677, 678, 679, 680, 681, 682, 683, 684, 810, 811, 812, 813, 814, 881, 882, 883, 884, 885, 886]","[34, 35, 36, 37, 38, 39, 40, 41, 42, 43, 44, 45, 46, 47, 48, 201, 202, 203, 204, 205, 206, 207, 208, 209, 210, 211, 212, 213, 214, 215, 216, 355, 356, 357, 358, 359, 360, 361, 429, 430, 431, 432, 433, 434, 435, 515, 516, 517, 518, 519, 520, 521, 522, 523, 524, 525, 526, 527, 672, 673, 674, 675, 676, 677, 678, 679, 680, 681, 682, 683, 684, 810, 811, 812, 813, 814, 881, 882, 883, 884, 885, 886]",7/6 successful match,True,"[317, 318]",True,531,False,,1.0,True,Love's Travel Stop # 265,Love's
Eloy ( 85131 ) Love's Travel Stop # 265,4 520-423-2015 I-10 Exit 200 ( S on Sunland Gin ),24 MO 24,Eloy,85131,Love's Travel Stop # 265,520-423-2015,2016,Eloy,AZ,Love's,( S on Sunland Gin ),I-10 Exit 200 ,Exit,200,False,,False,I-10,,,,,"[34, 515]","[5, 34, 79, 81, 93, 101, 491, 515, 551, 564, 572]","[5, 20, 74, 93, 101, 491, 504, 548, 564, 572]","[34, 63, 81, 515, 537, 551]","[0, 1, 2, 3, 4, 5, 6, 7, 8, 9, 10, 11, 12, 13, 14, 15, 16, 17, 18, 19, 20, 21, 22, 23, 24, 25, 26, 27, 28, 29, 30, 31, 32, 33, 34, 35, 36, 37, 38, 39, 40, 41, 42, 43, 44, 45, 46, 47, 48, 49, 50, 51, 52, 53, 54, 55, 56, 57, 58, 59, 60, 61, 62, 63, 64, 65, 66, 67, 68, 69, 70, 71, 72, 73, 74, 75, 76, 77, 78, 79, 80, 81, 82, 83, 84, 85, 86, 87, 88, 89, 90, 91, 92, 93, 94, 95, 96, 97, 98, 99, 100, 101, 102, 485, 486, 487, 488, 489, 490, 491, 492, 493, 494, 495, 496, 497, 498, 499, 500, 501, 502, 503, 504, 505, 506, 507, 508, 509, 510, 511, 512, 513, 514, 515, 516, 517, 518, 519, 520, 521, 522, 523, 524, 525, 526, 527, 528, 529, 530, 531, 532, 533, 534, 535, 536, 537, 538, 539, 540, 541, 542, 543, 544, 545, 546, 547, 548, 549, 550, 551, 552, 553, 554, 555, 556, 557, 558, 559, 560, 561, 562, 563, 564, 565, 566, 567, 568, 569, 570, 571, 572, 573]","[0, 5, 7, 10, 14, 19, 20, 22, 24, 32, 33, 34, 37, 38, 40, 44, 46, 48, 49, 51, 56, 61, 63, 65, 67, 68, 73, 74, 75, 76, 79, 81, 82, 83, 85, 87, 88, 92, 93, 95, 96, 99, 100, 101, 115, 116, 124, 134, 142, 161, 167, 169, 170, 186, 202, 240, 244, 254, 260, 267, 277, 300, 303, 307, 310, 322, 331, 376, 485, 491, 493, 495, 499, 503, 504, 506, 508, 515, 518, 519, 521, 524, 526, 528, 533, 537, 539, 542, 543, 547, 548, 549, 550, 551, 553, 554, 556, 558, 559, 563, 564, 566, 567, 570, 571, 572, 586, 587, 595, 605, 613, 633, 639, 640, 641, 657, 672, 704, 717, 726, 736, 759, 761, 765, 768, 780, 788, 792, 826]","[34, 35, 36, 37, 38, 39, 40, 41, 42, 43, 44, 45, 46, 47, 48, 201, 202, 203, 204, 205, 206, 207, 208, 209, 210, 211, 212, 213, 214, 215, 216, 355, 356, 357, 358, 359, 360, 361, 429, 430, 431, 432, 433, 434, 435, 515, 516, 517, 518, 519, 520, 521, 522, 523, 524, 525, 526, 527, 672, 673, 674, 675, 676, 677, 678, 679, 680, 681, 682, 683, 684, 810, 811, 812, 813, 814, 881, 882, 883, 884, 885, 886]","[32, 33, 34, 35, 36, 37, 38, 39, 40, 41, 42, 43, 44, 45, 46, 47, 48, 201, 202, 203, 204, 205, 206, 207, 208, 209, 210, 211, 212, 213, 214, 215, 216, 355, 356, 357, 358, 359, 360, 361, 429, 430, 431, 432, 433, 434, 435, 515, 516, 517, 518, 519, 520, 521, 522, 523, 524, 525, 526, 527, 672, 673, 674, 675, 676, 677, 678, 679, 680, 681, 682, 683, 684, 810, 811, 812, 813, 814, 881, 882, 883, 884, 885, 886]","[0, 1, 2, 515, 3, 5, 4, 6, 7, 8, 9, 10, 11, 12, 13, 14, 15, 16, 17, 18, 20, 19, 21, 22, 23, 537, 24, 25, 26, 27, 28, 29, 30, 31, 34, 32, 548, 33, 35, 551, 36, 37, 38, 39, 40, 41, 42, 43, 44, 45, 46, 47, 564, 48, 49, 50, 51, 52, 53, 54, 572, 55, 56, 63, 57, 58, 59, 60, 61, 62, 64, 65, 66, 67, 74, 68, 69, 70, 71, 79, 72, 81, 73, 75, 76, 77, 78, 80, 82, 83, 84, 85, 86, 93, 87, 88, 89, 90, 91, 92, 94, 101, 95, 96, 97, 98, 99, 100, 102, 529, 530, 513, 531, 115, 116, 532, 633, 533, 124, 534, 639, 640, 641, 535, 134, 514, 536, 142, 657, 538, 539, 540, 672, 161, 541, 673, 674, 675, 676, 542, 167, 169, 170, 677, 543, 678, 679, 680, 681, 682, 544, 683, 684, 545, 516, 186, 546, 704, 547, 201, 202, 549, 203, 717, 204, 205, 550, 206, 207, 517, 208, 209, 726, 210, 211, 212, 552, 213, 214, 215, 216, 553, 736, 554, 555, 518, 556, 240, 557, 244, 759, 558, 761, 559, 254, 765, 768, 560, 260, 519, 561, 267, 562, 780, 563, 788, 277, 792, 565, 520, 566, 567, 568, 810, 300, 811, 812, 569, 303, 813, 814, 307, 570, 310, 521, 571, 826, 322, 573, 331, 613, 522, 355, 356, 357, 358, 359, 360, 523, 361, 881, 882, 883, 884, 885, 886, 376, 528, 524, 586, 587, 525, 429, 430, 512, 431, 432, 595, 433, 526, 434, 435, 527, 605, 485, 486, 487, 488, 489, 490, 491, 492, 493, 494, 495, 496, 497, 498, 499, 500, 501, 502, 503, 504, 505, 506, 507, 508, 509, 510, 511]",True,"[5, 34, 79, 81, 93, 101, 491, 515, 551, 564, 572]","[0, 1, 2, 3, 4, 5, 6, 7, 8, 9, 10, 11, 12, 13, 14, 15, 16, 17, 18, 19, 20, 21, 22, 23, 24, 25, 26, 27, 28, 29, 30, 31, 32, 33, 34, 35, 36, 37, 38, 39, 40, 41, 42, 43, 44, 45, 46, 47, 48, 49, 50, 51, 52, 53, 54, 55, 56, 57, 58, 59, 60, 61, 62, 63, 64, 65, 66, 67, 68, 69, 70, 71, 72, 73, 74, 75, 76, 77, 78, 79, 80, 81, 82, 83, 84, 85, 86, 87, 88, 89, 90, 91, 92, 93, 94, 95, 96, 97, 98, 99, 100, 101, 102, 485, 486, 487, 488, 489, 490, 491, 492, 493, 494, 495, 496, 497, 498, 499, 500, 501, 502, 503, 504, 505, 506, 507, 508, 509, 510, 511, 512, 513, 514, 515, 516, 517, 518, 519, 520, 521, 522, 523, 524, 525, 526, 527, 528, 529, 530, 531, 532, 533, 534, 535, 536, 537, 538, 539, 540, 541, 542, 543, 544, 545, 546, 547, 548, 549, 550, 551, 552, 553, 554, 555, 556, 557, 558, 559, 560, 561, 562, 563, 564, 565, 566, 567, 568, 569, 570, 571, 572, 573]","[5, 20, 74, 93, 101, 491, 504, 548, 564, 572]","[34, 63, 81, 515, 537, 551]","[0, 5, 7, 10, 14, 19, 20, 22, 24, 32, 33, 34, 37, 38, 40, 44, 46, 48, 49, 51, 56, 61, 63, 65, 67, 68, 73, 74, 75, 76, 79, 81, 82, 83, 85, 87, 88, 92, 93, 95, 96, 99, 100, 101, 115, 116, 124, 134, 142, 161, 167, 169, 170, 186, 202, 240, 244, 254, 260, 267, 277, 300, 303, 307, 310, 322, 331, 376, 485, 491, 493, 495, 499, 503, 504, 506, 508, 515, 518, 519, 521, 524, 526, 528, 533, 537, 539, 542, 543, 547, 548, 549, 550, 551, 553, 554, 556, 558, 559, 563, 564, 566, 567, 570, 571, 572, 586, 587, 595, 605, 613, 633, 639, 640, 641, 657, 672, 704, 717, 726, 736, 759, 761, 765, 768, 780, 788, 792, 826]","[32, 33, 34, 35, 36, 37, 38, 39, 40, 41, 42, 43, 44, 45, 46, 47, 48, 201, 202, 203, 204, 205, 206, 207, 208, 209, 210, 211, 212, 213, 214, 215, 216, 355, 356, 357, 358, 359, 360, 361, 429, 430, 431, 432, 433, 434, 435, 515, 516, 517, 518, 519, 520, 521, 522, 523, 524, 525, 526, 527, 672, 673, 674, 675, 676, 677, 678, 679, 680, 681, 682, 683, 684, 810, 811, 812, 813, 814, 881, 882, 883, 884, 885, 886]","[34, 35, 36, 37, 38, 39, 40, 41, 42, 43, 44, 45, 46, 47, 48, 201, 202, 203, 204, 205, 206, 207, 208, 209, 210, 211, 212, 213, 214, 215, 216, 355, 356, 357, 358, 359, 360, 361, 429, 430, 431, 432, 433, 434, 435, 515, 516, 517, 518, 519, 520, 521, 522, 523, 524, 525, 526, 527, 672, 673, 674, 675, 676, 677, 678, 679, 680, 681, 682, 683, 684, 810, 811, 812, 813, 814, 881, 882, 883, 884, 885, 886]",7/6 successful match,True,"[317, 318]",True,531,False,,1.0,True,Love's Travel Stop # 265,Love's
Eloy ( 85131 ) Circle K # 2947 ( Valero ),4 520-466-7361 I-10 Exit 203 ( Toltec Rd N ),24 MOO <U+25A1> <U+25A1>,Eloy,85131,Circle K # 2947 ( Valero ),520-466-7361,2014,Eloy,AZ,Circle K,( Toltec Rd N ),I-10 Exit 203 ,Exit,203,False,,False,I-10,,,,,"[491, 5]","[5, 34, 79, 81, 93, 101, 491, 515, 551, 564, 572]","[5, 20, 74, 93, 101, 491, 504, 548, 564, 572]","[5, 93, 101, 262, 312, 491, 564, 572, 722, 770]","[0, 1, 2, 3, 4, 5, 6, 7, 8, 9, 10, 11, 12, 13, 14, 15, 16, 17, 18, 19, 20, 21, 22, 23, 24, 25, 26, 27, 28, 29, 30, 31, 32, 33, 34, 35, 36, 37, 38, 39, 40, 41, 42, 43, 44, 45, 46, 47, 48, 49, 50, 51, 52, 53, 54, 55, 56, 57, 58, 59, 60, 61, 62, 63, 64, 65, 66, 67, 68, 69, 70, 71, 72, 73, 74, 75, 76, 77, 78, 79, 80, 81, 82, 83, 84, 85, 86, 87, 88, 89, 90, 91, 92, 93, 94, 95, 96, 97, 98, 99, 100, 101, 102, 485, 486, 487, 488, 489, 490, 491, 492, 493, 494, 495, 496, 497, 498, 499, 500, 501, 502, 503, 504, 505, 506, 507, 508, 509, 510, 511, 512, 513, 514, 515, 516, 517, 518, 519, 520, 521, 522, 523, 524, 525, 526, 527, 528, 529, 530, 531, 532, 533, 534, 535, 536, 537, 538, 539, 540, 541, 542, 543, 544, 545, 546, 547, 548, 549, 550, 551, 552, 553, 554, 555, 556, 557, 558, 559, 560, 561, 562, 563, 564, 565, 566, 567, 568, 569, 570, 571, 572, 573]","[0, 5, 7, 10, 14, 19, 20, 22, 24, 32, 33, 34, 37, 38, 40, 44, 46, 48, 49, 51, 56, 61, 63, 65, 67, 68, 73, 74, 75, 76, 79, 81, 82, 83, 85, 87, 88, 92, 93, 95, 96, 99, 100, 101, 115, 116, 124, 134, 142, 161, 167, 169, 170, 186, 202, 240, 244, 254, 260, 267, 277, 300, 303, 307, 310, 322, 331, 376, 485, 491, 493, 495, 499, 503, 504, 506, 508, 515, 518, 519, 521, 524, 526, 528, 533, 537, 539, 542, 543, 547, 548, 549, 550, 551, 553, 554, 556, 558, 559, 563, 564, 566, 567, 570, 571, 572, 586, 587, 595, 605, 613, 633, 639, 640, 641, 657, 672, 704, 717, 726, 736, 759, 761, 765, 768, 780, 788, 792, 826]","[6, 7, 492, 493]","[2, 9, 10, 82, 111, 112, 113, 199, 279, 284, 285, 300, 488, 494, 495, 553, 581, 582, 583, 670, 738, 743, 744, 759, 818]","[0, 1, 2, 515, 3, 5, 4, 6, 7, 8, 9, 10, 11, 12, 13, 14, 15, 16, 17, 18, 20, 19, 21, 22, 23, 24, 25, 26, 27, 28, 29, 30, 31, 32, 34, 33, 548, 35, 36, 551, 37, 38, 39, 40, 41, 42, 43, 44, 45, 46, 47, 48, 564, 49, 50, 51, 52, 53, 54, 55, 572, 56, 57, 58, 59, 60, 61, 62, 63, 64, 65, 66, 67, 68, 74, 69, 70, 71, 72, 79, 73, 81, 75, 76, 77, 78, 80, 82, 83, 84, 85, 86, 87, 93, 88, 89, 90, 91, 92, 94, 95, 101, 96, 97, 98, 99, 100, 102, 529, 530, 613, 513, 531, 111, 112, 115, 116, 532, 113, 633, 533, 124, 534, 639, 640, 641, 535, 134, 514, 536, 537, 142, 657, 538, 539, 540, 670, 672, 161, 541, 542, 167, 169, 170, 543, 544, 545, 516, 186, 546, 704, 547, 199, 202, 549, 717, 550, 722, 517, 726, 552, 553, 736, 738, 554, 743, 744, 555, 518, 556, 240, 557, 244, 759, 558, 761, 559, 254, 765, 768, 770, 560, 260, 519, 262, 561, 267, 562, 780, 563, 788, 277, 279, 792, 565, 284, 285, 520, 566, 567, 568, 300, 569, 303, 818, 307, 570, 310, 521, 312, 571, 826, 322, 573, 331, 522, 523, 581, 582, 583, 376, 528, 524, 586, 587, 525, 512, 595, 526, 527, 605, 485, 486, 487, 488, 489, 490, 491, 492, 493, 494, 495, 496, 497, 498, 499, 500, 501, 502, 503, 504, 505, 506, 507, 508, 509, 510, 511]",True,"[5, 34, 79, 81, 93, 101, 491, 515, 551, 564, 572]","[0, 1, 2, 3, 4, 5, 6, 7, 8, 9, 10, 11, 12, 13, 14, 15, 16, 17, 18, 19, 20, 21, 22, 23, 24, 25, 26, 27, 28, 29, 30, 31, 32, 33, 34, 35, 36, 37, 38, 39, 40, 41, 42, 43, 44, 45, 46, 47, 48, 49, 50, 51, 52, 53, 54, 55, 56, 57, 58, 59, 60, 61, 62, 63, 64, 65, 66, 67, 68, 69, 70, 71, 72, 73, 74, 75, 76, 77, 78, 79, 80, 81, 82, 83, 84, 85, 86, 87, 88, 89, 90, 91, 92, 93, 94, 95, 96, 97, 98, 99, 100, 101, 102, 485, 486, 487, 488, 489, 490, 491, 492, 493, 494, 495, 496, 497, 498, 499, 500, 501, 502, 503, 504, 505, 506, 507, 508, 509, 510, 511, 512, 513, 514, 515, 516, 517, 518, 519, 520, 521, 522, 523, 524, 525, 526, 527, 528, 529, 530, 531, 532, 533, 534, 535, 536, 537, 538, 539, 540, 541, 542, 543, 544, 545, 546, 547, 548, 549, 550, 551, 552, 553, 554, 555, 556, 557, 558, 559, 560, 561, 562, 563, 564, 565, 566, 567, 568, 569, 570, 571, 572, 573]","[5, 20, 74, 93, 101, 491, 504, 548, 564, 572]","[5, 93, 101, 262, 312, 491, 564, 572, 722, 770]","[0, 5, 7, 10, 14, 19, 20, 22, 24, 32, 33, 34, 37, 38, 40, 44, 46, 48, 49, 51, 56, 61, 63, 65, 67, 68, 73, 74, 75, 76, 79, 81, 82, 83, 85, 87, 88, 92, 93, 95, 96, 99, 100, 101, 115, 116, 124, 134, 142, 161, 167, 169, 170, 186, 202, 240, 244, 254, 260, 267, 277, 300, 303, 307, 310, 322, 331, 376, 485, 491, 493, 495, 499, 503, 504, 506, 508, 515, 518, 519, 521, 524, 526, 528, 533, 537, 539, 542, 543, 547, 548, 549, 550, 551, 553, 554, 556, 558, 559, 563, 564, 566, 567, 570, 571, 572, 586, 587, 595, 605, 613, 633, 639, 640, 641, 657, 672, 704, 717, 726, 736, 759, 761, 765, 768, 780, 788, 792, 826]","[2, 9, 10, 82, 111, 112, 113, 199, 279, 284, 285, 300, 488, 494, 495, 553, 581, 582, 583, 670, 738, 743, 744, 759, 818]","[6, 7, 492, 493]",5/6 successful match,True,[467],True,532,False,,,,,
Eloy ( 85131 ) Circle K # 2947,4 520-466-7361 I-10 Exit 203 ( Toltec Rd N ),24 M <U+25A1> <U+2610> <U+2610>,Eloy,85131,Circle K # 2947,520-466-7361,2015,Eloy,AZ,Circle K,( Toltec Rd N ),I-10 Exit 203 ,Exit,203,False,,False,I-10,,,,,"[491, 5]","[5, 34, 79, 81, 93, 101, 491, 515, 551, 564, 572]","[5, 20, 74, 93, 101, 491, 504, 548, 564, 572]","[5, 93, 101, 262, 312, 491, 564, 572, 722, 770]","[0, 1, 2, 3, 4, 5, 6, 7, 8, 9, 10, 11, 12, 13, 14, 15, 16, 17, 18, 19, 20, 21, 22, 23, 24, 25, 26, 27, 28, 29, 30, 31, 32, 33, 34, 35, 36, 37, 38, 39, 40, 41, 42, 43, 44, 45, 46, 47, 48, 49, 50, 51, 52, 53, 54, 55, 56, 57, 58, 59, 60, 61, 62, 63, 64, 65, 66, 67, 68, 69, 70, 71, 72, 73, 74, 75, 76, 77, 78, 79, 80, 81, 82, 83, 84, 85, 86, 87, 88, 89, 90, 91, 92, 93, 94, 95, 96, 97, 98, 99, 100, 101, 102, 485, 486, 487, 488, 489, 490, 491, 492, 493, 494, 495, 496, 497, 498, 499, 500, 501, 502, 503, 504, 505, 506, 507, 508, 509, 510, 511, 512, 513, 514, 515, 516, 517, 518, 519, 520, 521, 522, 523, 524, 525, 526, 527, 528, 529, 530, 531, 532, 533, 534, 535, 536, 537, 538, 539, 540, 541, 542, 543, 544, 545, 546, 547, 548, 549, 550, 551, 552, 553, 554, 555, 556, 557, 558, 559, 560, 561, 562, 563, 564, 565, 566, 567, 568, 569, 570, 571, 572, 573]","[0, 5, 7, 10, 14, 19, 20, 22, 24, 32, 33, 34, 37, 38, 40, 44, 46, 48, 49, 51, 56, 61, 63, 65, 67, 68, 73, 74, 75, 76, 79, 81, 82, 83, 85, 87, 88, 92, 93, 95, 96, 99, 100, 101, 115, 116, 124, 134, 142, 161, 167, 169, 170, 186, 202, 240, 244, 254, 260, 267, 277, 300, 303, 307, 310, 322, 331, 376, 485, 491, 493, 495, 499, 503, 504, 506, 508, 515, 518, 519, 521, 524, 526, 528, 533, 537, 539, 542, 543, 547, 548, 549, 550, 551, 553, 554, 556, 558, 559, 563, 564, 566, 567, 570, 571, 572, 586, 587, 595, 605, 613, 633, 639, 640, 641, 657, 672, 704, 717, 726, 736, 759, 761, 765, 768, 780, 788, 792, 826]","[6, 7, 492, 493]",[],"[0, 1, 2, 515, 3, 5, 4, 6, 7, 8, 9, 10, 11, 12, 13, 14, 15, 16, 17, 18, 20, 19, 21, 22, 23, 24, 25, 26, 27, 28, 29, 30, 31, 32, 34, 33, 548, 35, 36, 551, 37, 38, 39, 40, 41, 42, 43, 44, 45, 46, 47, 48, 564, 49, 50, 51, 52, 53, 54, 55, 572, 56, 57, 58, 59, 60, 61, 62, 63, 64, 65, 66, 67, 68, 74, 69, 70, 71, 72, 79, 73, 81, 75, 76, 77, 78, 80, 82, 83, 84, 85, 86, 87, 93, 88, 89, 90, 91, 92, 94, 95, 101, 96, 97, 98, 99, 100, 102, 529, 530, 613, 513, 531, 115, 116, 532, 633, 533, 124, 534, 639, 640, 641, 535, 134, 514, 536, 537, 142, 657, 538, 539, 540, 672, 161, 541, 542, 167, 169, 170, 543, 544, 545, 516, 186, 546, 704, 547, 202, 549, 717, 550, 722, 517, 726, 552, 553, 736, 554, 555, 518, 556, 240, 557, 244, 759, 558, 761, 559, 254, 765, 768, 770, 560, 260, 519, 262, 561, 267, 562, 780, 563, 788, 277, 792, 565, 520, 566, 567, 568, 300, 569, 303, 307, 570, 310, 521, 312, 571, 826, 322, 573, 331, 522, 523, 376, 528, 524, 586, 587, 525, 512, 595, 526, 527, 605, 485, 486, 487, 488, 489, 490, 491, 492, 493, 494, 495, 496, 497, 498, 499, 500, 501, 502, 503, 504, 505, 506, 507, 508, 509, 510, 511]",True,"[5, 34, 79, 81, 93, 101, 491, 515, 551, 564, 572]","[0, 1, 2, 3, 4, 5, 6, 7, 8, 9, 10, 11, 12, 13, 14, 15, 16, 17, 18, 19, 20, 21, 22, 23, 24, 25, 26, 27, 28, 29, 30, 31, 32, 33, 34, 35, 36, 37, 38, 39, 40, 41, 42, 43, 44, 45, 46, 47, 48, 49, 50, 51, 52, 53, 54, 55, 56, 57, 58, 59, 60, 61, 62, 63, 64, 65, 66, 67, 68, 69, 70, 71, 72, 73, 74, 75, 76, 77, 78, 79, 80, 81, 82, 83, 84, 85, 86, 87, 88, 89, 90, 91, 92, 93, 94, 95, 96, 97, 98, 99, 100, 101, 102, 485, 486, 487, 488, 489, 490, 491, 492, 493, 494, 495, 496, 497, 498, 499, 500, 501, 502, 503, 504, 505, 506, 507, 508, 509, 510, 511, 512, 513, 514, 515, 516, 517, 518, 519, 520, 521, 522, 523, 524, 525, 526, 527, 528, 529, 530, 531, 532, 533, 534, 535, 536, 537, 538, 539, 540, 541, 542, 543, 544, 545, 546, 547, 548, 549, 550, 551, 552, 553, 554, 555, 556, 557, 558, 559, 560, 561, 562, 563, 564, 565, 566, 567, 568, 569, 570, 571, 572, 573]","[5, 20, 74, 93, 101, 491, 504, 548, 564, 572]","[5, 93, 101, 262, 312, 491, 564, 572, 722, 770]","[0, 5, 7, 10, 14, 19, 20, 22, 24, 32, 33, 34, 37, 38, 40, 44, 46, 48, 49, 51, 56, 61, 63, 65, 67, 68, 73, 74, 75, 76, 79, 81, 82, 83, 85, 87, 88, 92, 93, 95, 96, 99, 100, 101, 115, 116, 124, 134, 142, 161, 167, 169, 170, 186, 202, 240, 244, 254, 260, 267, 277, 300, 303, 307, 310, 322, 331, 376, 485, 491, 493, 495, 499, 503, 504, 506, 508, 515, 518, 519, 521, 524, 526, 528, 533, 537, 539, 542, 543, 547, 548, 549, 550, 551, 553, 554, 556, 558, 559, 563, 564, 566, 567, 570, 571, 572, 586, 587, 595, 605, 613, 633, 639, 640, 641, 657, 672, 704, 717, 726, 736, 759, 761, 765, 768, 780, 788, 792, 826]",[],"[6, 7, 492, 493]",6/6 successful match,True,[467],True,532,False,,0.9861788617886179,True,Circle K # 2947 ( Valero ),Circle K
Eloy ( 85131 ) Circle K # 2947 ( 66 ),520-466-7361 I-10 Exit 203 ( Toltec Rd N ),24 M <U+25A1>,Eloy,85131,Circle K # 2947 ( 66 ),520-466-7361,2016,Eloy,AZ,Circle K,( Toltec Rd N ),I-10 Exit 203 ,Exit,203,False,,False,I-10,,,,,"[491, 5]","[5, 34, 79, 81, 93, 101, 491, 515, 551, 564, 572]","[5, 20, 74, 93, 101, 491, 504, 548, 564, 572]","[5, 93, 101, 262, 312, 491, 564, 572, 722, 770]","[0, 1, 2, 3, 4, 5, 6, 7, 8, 9, 10, 11, 12, 13, 14, 15, 16, 17, 18, 19, 20, 21, 22, 23, 24, 25, 26, 27, 28, 29, 30, 31, 32, 33, 34, 35, 36, 37, 38, 39, 40, 41, 42, 43, 44, 45, 46, 47, 48, 49, 50, 51, 52, 53, 54, 55, 56, 57, 58, 59, 60, 61, 62, 63, 64, 65, 66, 67, 68, 69, 70, 71, 72, 73, 74, 75, 76, 77, 78, 79, 80, 81, 82, 83, 84, 85, 86, 87, 88, 89, 90, 91, 92, 93, 94, 95, 96, 97, 98, 99, 100, 101, 102, 485, 486, 487, 488, 489, 490, 491, 492, 493, 494, 495, 496, 497, 498, 499, 500, 501, 502, 503, 504, 505, 506, 507, 508, 509, 510, 511, 512, 513, 514, 515, 516, 517, 518, 519, 520, 521, 522, 523, 524, 525, 526, 527, 528, 529, 530, 531, 532, 533, 534, 535, 536, 537, 538, 539, 540, 541, 542, 543, 544, 545, 546, 547, 548, 549, 550, 551, 552, 553, 554, 555, 556, 557, 558, 559, 560, 561, 562, 563, 564, 565, 566, 567, 568, 569, 570, 571, 572, 573]","[0, 5, 7, 10, 14, 19, 20, 22, 24, 32, 33, 34, 37, 38, 40, 44, 46, 48, 49, 51, 56, 61, 63, 65, 67, 68, 73, 74, 75, 76, 79, 81, 82, 83, 85, 87, 88, 92, 93, 95, 96, 99, 100, 101, 115, 116, 124, 134, 142, 161, 167, 169, 170, 186, 202, 240, 244, 254, 260, 267, 277, 300, 303, 307, 310, 322, 331, 376, 485, 491, 493, 495, 499, 503, 504, 506, 508, 515, 518, 519, 521, 524, 526, 528, 533, 537, 539, 542, 543, 547, 548, 549, 550, 551, 553, 554, 556, 558, 559, 563, 564, 566, 567, 570, 571, 572, 586, 587, 595, 605, 613, 633, 639, 640, 641, 657, 672, 704, 717, 726, 736, 759, 761, 765, 768, 780, 788, 792, 826]","[6, 7, 492, 493]","[401, 402, 424, 427, 464, 469, 850, 851, 876, 879, 911, 916]","[0, 1, 2, 515, 3, 5, 4, 6, 7, 8, 9, 10, 11, 12, 13, 14, 15, 16, 17, 18, 20, 19, 21, 22, 23, 24, 25, 26, 27, 28, 29, 30, 31, 32, 34, 33, 548, 35, 36, 551, 37, 38, 39, 40, 41, 42, 43, 44, 45, 46, 47, 48, 564, 49, 50, 51, 52, 53, 54, 55, 572, 56, 57, 58, 59, 60, 61, 62, 63, 64, 65, 66, 67, 68, 74, 69, 70, 71, 72, 79, 73, 81, 75, 76, 77, 78, 80, 82, 83, 84, 85, 86, 87, 93, 88, 89, 90, 91, 92, 94, 95, 101, 96, 97, 98, 99, 100, 102, 529, 530, 613, 513, 531, 115, 116, 532, 633, 533, 124, 534, 639, 640, 641, 535, 134, 514, 536, 537, 142, 657, 538, 539, 540, 672, 161, 541, 542, 167, 169, 170, 543, 544, 545, 516, 186, 546, 704, 547, 202, 549, 717, 550, 722, 517, 726, 552, 553, 736, 554, 555, 518, 556, 240, 557, 244, 759, 558, 761, 559, 254, 765, 768, 770, 560, 260, 519, 262, 561, 267, 562, 780, 563, 788, 277, 792, 565, 520, 566, 567, 568, 300, 569, 303, 307, 570, 310, 521, 312, 571, 826, 322, 573, 331, 522, 850, 851, 523, 876, 879, 376, 528, 524, 586, 587, 911, 401, 402, 916, 525, 424, 427, 512, 595, 526, 527, 464, 469, 605, 485, 486, 487, 488, 489, 490, 491, 492, 493, 494, 495, 496, 497, 498, 499, 500, 501, 502, 503, 504, 505, 506, 507, 508, 509, 510, 511]",True,"[5, 34, 79, 81, 93, 101, 491, 515, 551, 564, 572]","[0, 1, 2, 3, 4, 5, 6, 7, 8, 9, 10, 11, 12, 13, 14, 15, 16, 17, 18, 19, 20, 21, 22, 23, 24, 25, 26, 27, 28, 29, 30, 31, 32, 33, 34, 35, 36, 37, 38, 39, 40, 41, 42, 43, 44, 45, 46, 47, 48, 49, 50, 51, 52, 53, 54, 55, 56, 57, 58, 59, 60, 61, 62, 63, 64, 65, 66, 67, 68, 69, 70, 71, 72, 73, 74, 75, 76, 77, 78, 79, 80, 81, 82, 83, 84, 85, 86, 87, 88, 89, 90, 91, 92, 93, 94, 95, 96, 97, 98, 99, 100, 101, 102, 485, 486, 487, 488, 489, 490, 491, 492, 493, 494, 495, 496, 497, 498, 499, 500, 501, 502, 503, 504, 505, 506, 507, 508, 509, 510, 511, 512, 513, 514, 515, 516, 517, 518, 519, 520, 521, 522, 523, 524, 525, 526, 527, 528, 529, 530, 531, 532, 533, 534, 535, 536, 537, 538, 539, 540, 541, 542, 543, 544, 545, 546, 547, 548, 549, 550, 551, 552, 553, 554, 555, 556, 557, 558, 559, 560, 561, 562, 563, 564, 565, 566, 567, 568, 569, 570, 571, 572, 573]","[5, 20, 74, 93, 101, 491, 504, 548, 564, 572]","[5, 93, 101, 262, 312, 491, 564, 572, 722, 770]","[0, 5, 7, 10, 14, 19, 20, 22, 24, 32, 33, 34, 37, 38, 40, 44, 46, 48, 49, 51, 56, 61, 63, 65, 67, 68, 73, 74, 75, 76, 79, 81, 82, 83, 85, 87, 88, 92, 93, 95, 96, 99, 100, 101, 115, 116, 124, 134, 142, 161, 167, 169, 170, 186, 202, 240, 244, 254, 260, 267, 277, 300, 303, 307, 310, 322, 331, 376, 485, 491, 493, 495, 499, 503, 504, 506, 508, 515, 518, 519, 521, 524, 526, 528, 533, 537, 539, 542, 543, 547, 548, 549, 550, 551, 553, 554, 556, 558, 559, 563, 564, 566, 567, 570, 571, 572, 586, 587, 595, 605, 613, 633, 639, 640, 641, 657, 672, 704, 717, 726, 736, 759, 761, 765, 768, 780, 788, 792, 826]","[401, 402, 424, 427, 464, 469, 850, 851, 876, 879, 911, 916]","[6, 7, 492, 493]",5/6 successful match,True,[467],True,532,False,,1.0,True,Circle K # 2947,Circle K
Eloy ( 85131 ) TA Eloy # 007,4 520-466-7363 I-10 Exit 203 ( Toltec Rd S ),<U+25A1> XL 24 D,Eloy,85131,TA Eloy # 007,520-466-7363,2014,Eloy,AZ,,( Toltec Rd S ),I-10 Exit 203 ,Exit,203,False,,False,I-10,,,,,"[564, 93]","[5, 34, 79, 81, 93, 101, 491, 515, 551, 564, 572]","[5, 20, 74, 93, 101, 491, 504, 548, 564, 572]","[5, 93, 101, 262, 312, 491, 564, 572, 722, 770]","[0, 1, 2, 3, 4, 5, 6, 7, 8, 9, 10, 11, 12, 13, 14, 15, 16, 17, 18, 19, 20, 21, 22, 23, 24, 25, 26, 27, 28, 29, 30, 31, 32, 33, 34, 35, 36, 37, 38, 39, 40, 41, 42, 43, 44, 45, 46, 47, 48, 49, 50, 51, 52, 53, 54, 55, 56, 57, 58, 59, 60, 61, 62, 63, 64, 65, 66, 67, 68, 69, 70, 71, 72, 73, 74, 75, 76, 77, 78, 79, 80, 81, 82, 83, 84, 85, 86, 87, 88, 89, 90, 91, 92, 93, 94, 95, 96, 97, 98, 99, 100, 101, 102, 485, 486, 487, 488, 489, 490, 491, 492, 493, 494, 495, 496, 497, 498, 499, 500, 501, 502, 503, 504, 505, 506, 507, 508, 509, 510, 511, 512, 513, 514, 515, 516, 517, 518, 519, 520, 521, 522, 523, 524, 525, 526, 527, 528, 529, 530, 531, 532, 533, 534, 535, 536, 537, 538, 539, 540, 541, 542, 543, 544, 545, 546, 547, 548, 549, 550, 551, 552, 553, 554, 555, 556, 557, 558, 559, 560, 561, 562, 563, 564, 565, 566, 567, 568, 569, 570, 571, 572, 573]","[0, 5, 7, 10, 14, 19, 20, 22, 24, 32, 33, 34, 37, 38, 40, 44, 46, 48, 49, 51, 56, 61, 63, 65, 67, 68, 73, 74, 75, 76, 79, 81, 82, 83, 85, 87, 88, 92, 93, 95, 96, 99, 100, 101, 115, 116, 124, 134, 142, 161, 167, 169, 170, 186, 202, 240, 244, 254, 260, 267, 277, 300, 303, 307, 310, 322, 331, 376, 485, 491, 493, 495, 499, 503, 504, 506, 508, 515, 518, 519, 521, 524, 526, 528, 533, 537, 539, 542, 543, 547, 548, 549, 550, 551, 553, 554, 556, 558, 559, 563, 564, 566, 567, 570, 571, 572, 586, 587, 595, 605, 613, 633, 639, 640, 641, 657, 672, 704, 717, 726, 736, 759, 761, 765, 768, 780, 788, 792, 826]",[],"[93, 301, 476, 564, 924, 925]","[0, 1, 2, 515, 3, 5, 4, 6, 7, 8, 9, 10, 11, 12, 13, 14, 15, 16, 17, 18, 20, 19, 21, 22, 23, 24, 25, 26, 27, 28, 29, 30, 31, 32, 34, 33, 548, 35, 36, 551, 37, 38, 39, 40, 41, 42, 43, 44, 45, 46, 47, 48, 564, 49, 50, 51, 52, 53, 54, 55, 572, 56, 57, 58, 59, 60, 61, 62, 63, 64, 65, 66, 67, 68, 74, 69, 70, 71, 72, 79, 73, 81, 75, 76, 77, 78, 80, 82, 83, 84, 85, 86, 87, 93, 88, 89, 90, 91, 92, 94, 95, 101, 96, 97, 98, 99, 100, 102, 529, 530, 613, 513, 531, 115, 116, 532, 633, 533, 124, 534, 639, 640, 641, 535, 134, 514, 536, 537, 142, 657, 538, 539, 540, 672, 161, 541, 542, 167, 169, 170, 543, 544, 545, 516, 186, 546, 704, 547, 202, 549, 717, 550, 722, 517, 726, 552, 553, 736, 554, 555, 518, 556, 240, 557, 244, 759, 558, 761, 559, 254, 765, 768, 770, 560, 260, 519, 262, 561, 267, 562, 780, 563, 788, 277, 792, 565, 520, 566, 567, 568, 300, 301, 569, 303, 307, 570, 310, 521, 312, 571, 826, 322, 573, 331, 522, 523, 376, 528, 524, 586, 587, 525, 924, 925, 512, 595, 526, 527, 476, 605, 485, 486, 487, 488, 489, 490, 491, 492, 493, 494, 495, 496, 497, 498, 499, 500, 501, 502, 503, 504, 505, 506, 507, 508, 509, 510, 511]",True,"[5, 34, 79, 81, 93, 101, 491, 515, 551, 564, 572]","[0, 1, 2, 3, 4, 5, 6, 7, 8, 9, 10, 11, 12, 13, 14, 15, 16, 17, 18, 19, 20, 21, 22, 23, 24, 25, 26, 27, 28, 29, 30, 31, 32, 33, 34, 35, 36, 37, 38, 39, 40, 41, 42, 43, 44, 45, 46, 47, 48, 49, 50, 51, 52, 53, 54, 55, 56, 57, 58, 59, 60, 61, 62, 63, 64, 65, 66, 67, 68, 69, 70, 71, 72, 73, 74, 75, 76, 77, 78, 79, 80, 81, 82, 83, 84, 85, 86, 87, 88, 89, 90, 91, 92, 93, 94, 95, 96, 97, 98, 99, 100, 101, 102, 485, 486, 487, 488, 489, 490, 491, 492, 493, 494, 495, 496, 497, 498, 499, 500, 501, 502, 503, 504, 505, 506, 507, 508, 509, 510, 511, 512, 513, 514, 515, 516, 517, 518, 519, 520, 521, 522, 523, 524, 525, 526, 527, 528, 529, 530, 531, 532, 533, 534, 535, 536, 537, 538, 539, 540, 541, 542, 543, 544, 545, 546, 547, 548, 549, 550, 551, 552, 553, 554, 555, 556, 557, 558, 559, 560, 561, 562, 563, 564, 565, 566, 567, 568, 569, 570, 571, 572, 573]","[5, 20, 74, 93, 101, 491, 504, 548, 564, 572]","[5, 93, 101, 262, 312, 491, 564, 572, 722, 770]","[0, 5, 7, 10, 14, 19, 20, 22, 24, 32, 33, 34, 37, 38, 40, 44, 46, 48, 49, 51, 56, 61, 63, 65, 67, 68, 73, 74, 75, 76, 79, 81, 82, 83, 85, 87, 88, 92, 93, 95, 96, 99, 100, 101, 115, 116, 124, 134, 142, 161, 167, 169, 170, 186, 202, 240, 244, 254, 260, 267, 277, 300, 303, 307, 310, 322, 331, 376, 485, 491, 493, 495, 499, 503, 504, 506, 508, 515, 518, 519, 521, 524, 526, 528, 533, 537, 539, 542, 543, 547, 548, 549, 550, 551, 553, 554, 556, 558, 559, 563, 564, 566, 567, 570, 571, 572, 586, 587, 595, 605, 613, 633, 639, 640, 641, 657, 672, 704, 717, 726, 736, 759, 761, 765, 768, 780, 788, 792, 826]","[93, 301, 476, 564, 924, 925]",[],7/6 successful match,True,"[679, 680, 681, 682]",True,533,False,,,,,
Eloy ( 85131 ) TA Eloy # 007,4 520-466-7363 I-10 Exit 203 ( Toltec Rd S ),24 XL 124,Eloy,85131,TA Eloy # 007,520-466-7363,2015,Eloy,AZ,,( Toltec Rd S ),I-10 Exit 203 ,Exit,203,False,,False,I-10,,,,,"[564, 93]","[5, 34, 79, 81, 93, 101, 491, 515, 551, 564, 572]","[5, 20, 74, 93, 101, 491, 504, 548, 564, 572]","[5, 93, 101, 262, 312, 491, 564, 572, 722, 770]","[0, 1, 2, 3, 4, 5, 6, 7, 8, 9, 10, 11, 12, 13, 14, 15, 16, 17, 18, 19, 20, 21, 22, 23, 24, 25, 26, 27, 28, 29, 30, 31, 32, 33, 34, 35, 36, 37, 38, 39, 40, 41, 42, 43, 44, 45, 46, 47, 48, 49, 50, 51, 52, 53, 54, 55, 56, 57, 58, 59, 60, 61, 62, 63, 64, 65, 66, 67, 68, 69, 70, 71, 72, 73, 74, 75, 76, 77, 78, 79, 80, 81, 82, 83, 84, 85, 86, 87, 88, 89, 90, 91, 92, 93, 94, 95, 96, 97, 98, 99, 100, 101, 102, 485, 486, 487, 488, 489, 490, 491, 492, 493, 494, 495, 496, 497, 498, 499, 500, 501, 502, 503, 504, 505, 506, 507, 508, 509, 510, 511, 512, 513, 514, 515, 516, 517, 518, 519, 520, 521, 522, 523, 524, 525, 526, 527, 528, 529, 530, 531, 532, 533, 534, 535, 536, 537, 538, 539, 540, 541, 542, 543, 544, 545, 546, 547, 548, 549, 550, 551, 552, 553, 554, 555, 556, 557, 558, 559, 560, 561, 562, 563, 564, 565, 566, 567, 568, 569, 570, 571, 572, 573]","[0, 5, 7, 10, 14, 19, 20, 22, 24, 32, 33, 34, 37, 38, 40, 44, 46, 48, 49, 51, 56, 61, 63, 65, 67, 68, 73, 74, 75, 76, 79, 81, 82, 83, 85, 87, 88, 92, 93, 95, 96, 99, 100, 101, 115, 116, 124, 134, 142, 161, 167, 169, 170, 186, 202, 240, 244, 254, 260, 267, 277, 300, 303, 307, 310, 322, 331, 376, 485, 491, 493, 495, 499, 503, 504, 506, 508, 515, 518, 519, 521, 524, 526, 528, 533, 537, 539, 542, 543, 547, 548, 549, 550, 551, 553, 554, 556, 558, 559, 563, 564, 566, 567, 570, 571, 572, 586, 587, 595, 605, 613, 633, 639, 640, 641, 657, 672, 704, 717, 726, 736, 759, 761, 765, 768, 780, 788, 792, 826]",[],"[93, 301, 476, 564, 924, 925]","[0, 1, 2, 515, 3, 5, 4, 6, 7, 8, 9, 10, 11, 12, 13, 14, 15, 16, 17, 18, 20, 19, 21, 22, 23, 24, 25, 26, 27, 28, 29, 30, 31, 32, 34, 33, 548, 35, 36, 551, 37, 38, 39, 40, 41, 42, 43, 44, 45, 46, 47, 48, 564, 49, 50, 51, 52, 53, 54, 55, 572, 56, 57, 58, 59, 60, 61, 62, 63, 64, 65, 66, 67, 68, 74, 69, 70, 71, 72, 79, 73, 81, 75, 76, 77, 78, 80, 82, 83, 84, 85, 86, 87, 93, 88, 89, 90, 91, 92, 94, 95, 101, 96, 97, 98, 99, 100, 102, 529, 530, 613, 513, 531, 115, 116, 532, 633, 533, 124, 534, 639, 640, 641, 535, 134, 514, 536, 537, 142, 657, 538, 539, 540, 672, 161, 541, 542, 167, 169, 170, 543, 544, 545, 516, 186, 546, 704, 547, 202, 549, 717, 550, 722, 517, 726, 552, 553, 736, 554, 555, 518, 556, 240, 557, 244, 759, 558, 761, 559, 254, 765, 768, 770, 560, 260, 519, 262, 561, 267, 562, 780, 563, 788, 277, 792, 565, 520, 566, 567, 568, 300, 301, 569, 303, 307, 570, 310, 521, 312, 571, 826, 322, 573, 331, 522, 523, 376, 528, 524, 586, 587, 525, 924, 925, 512, 595, 526, 527, 476, 605, 485, 486, 487, 488, 489, 490, 491, 492, 493, 494, 495, 496, 497, 498, 499, 500, 501, 502, 503, 504, 505, 506, 507, 508, 509, 510, 511]",True,"[5, 34, 79, 81, 93, 101, 491, 515, 551, 564, 572]","[0, 1, 2, 3, 4, 5, 6, 7, 8, 9, 10, 11, 12, 13, 14, 15, 16, 17, 18, 19, 20, 21, 22, 23, 24, 25, 26, 27, 28, 29, 30, 31, 32, 33, 34, 35, 36, 37, 38, 39, 40, 41, 42, 43, 44, 45, 46, 47, 48, 49, 50, 51, 52, 53, 54, 55, 56, 57, 58, 59, 60, 61, 62, 63, 64, 65, 66, 67, 68, 69, 70, 71, 72, 73, 74, 75, 76, 77, 78, 79, 80, 81, 82, 83, 84, 85, 86, 87, 88, 89, 90, 91, 92, 93, 94, 95, 96, 97, 98, 99, 100, 101, 102, 485, 486, 487, 488, 489, 490, 491, 492, 493, 494, 495, 496, 497, 498, 499, 500, 501, 502, 503, 504, 505, 506, 507, 508, 509, 510, 511, 512, 513, 514, 515, 516, 517, 518, 519, 520, 521, 522, 523, 524, 525, 526, 527, 528, 529, 530, 531, 532, 533, 534, 535, 536, 537, 538, 539, 540, 541, 542, 543, 544, 545, 546, 547, 548, 549, 550, 551, 552, 553, 554, 555, 556, 557, 558, 559, 560, 561, 562, 563, 564, 565, 566, 567, 568, 569, 570, 571, 572, 573]","[5, 20, 74, 93, 101, 491, 504, 548, 564, 572]","[5, 93, 101, 262, 312, 491, 564, 572, 722, 770]","[0, 5, 7, 10, 14, 19, 20, 22, 24, 32, 33, 34, 37, 38, 40, 44, 46, 48, 49, 51, 56, 61, 63, 65, 67, 68, 73, 74, 75, 76, 79, 81, 82, 83, 85, 87, 88, 92, 93, 95, 96, 99, 100, 101, 115, 116, 124, 134, 142, 161, 167, 169, 170, 186, 202, 240, 244, 254, 260, 267, 277, 300, 303, 307, 310, 322, 331, 376, 485, 491, 493, 495, 499, 503, 504, 506, 508, 515, 518, 519, 521, 524, 526, 528, 533, 537, 539, 542, 543, 547, 548, 549, 550, 551, 553, 554, 556, 558, 559, 563, 564, 566, 567, 570, 571, 572, 586, 587, 595, 605, 613, 633, 639, 640, 641, 657, 672, 704, 717, 726, 736, 759, 761, 765, 768, 780, 788, 792, 826]","[93, 301, 476, 564, 924, 925]",[],7/6 successful match,True,"[679, 680, 681, 682]",True,533,False,,1.0,True,TA Eloy # 007,
Eloy ( 85131 ) TA Eloy # 007 ( Sinclair ),4 520-466-7363 I-10 Exit 203 ( Toltec Rd S ),M24 <U+2610> XL 24,Eloy,85131,TA Eloy # 007 ( Sinclair ),520-466-7363,2016,Eloy,AZ,Sinclair,( Toltec Rd S ),I-10 Exit 203 ,Exit,203,False,,False,I-10,,,,,"[564, 93]","[5, 34, 79, 81, 93, 101, 491, 515, 551, 564, 572]","[5, 20, 74, 93, 101, 491, 504, 548, 564, 572]","[5, 93, 101, 262, 312, 491, 564, 572, 722, 770]","[0, 1, 2, 3, 4, 5, 6, 7, 8, 9, 10, 11, 12, 13, 14, 15, 16, 17, 18, 19, 20, 21, 22, 23, 24, 25, 26, 27, 28, 29, 30, 31, 32, 33, 34, 35, 36, 37, 38, 39, 40, 41, 42, 43, 44, 45, 46, 47, 48, 49, 50, 51, 52, 53, 54, 55, 56, 57, 58, 59, 60, 61, 62, 63, 64, 65, 66, 67, 68, 69, 70, 71, 72, 73, 74, 75, 76, 77, 78, 79, 80, 81, 82, 83, 84, 85, 86, 87, 88, 89, 90, 91, 92, 93, 94, 95, 96, 97, 98, 99, 100, 101, 102, 485, 486, 487, 488, 489, 490, 491, 492, 493, 494, 495, 496, 497, 498, 499, 500, 501, 502, 503, 504, 505, 506, 507, 508, 509, 510, 511, 512, 513, 514, 515, 516, 517, 518, 519, 520, 521, 522, 523, 524, 525, 526, 527, 528, 529, 530, 531, 532, 533, 534, 535, 536, 537, 538, 539, 540, 541, 542, 543, 544, 545, 546, 547, 548, 549, 550, 551, 552, 553, 554, 555, 556, 557, 558, 559, 560, 561, 562, 563, 564, 565, 566, 567, 568, 569, 570, 571, 572, 573]","[0, 5, 7, 10, 14, 19, 20, 22, 24, 32, 33, 34, 37, 38, 40, 44, 46, 48, 49, 51, 56, 61, 63, 65, 67, 68, 73, 74, 75, 76, 79, 81, 82, 83, 85, 87, 88, 92, 93, 95, 96, 99, 100, 101, 115, 116, 124, 134, 142, 161, 167, 169, 170, 186, 202, 240, 244, 254, 260, 267, 277, 300, 303, 307, 310, 322, 331, 376, 485, 491, 493, 495, 499, 503, 504, 506, 508, 515, 518, 519, 521, 524, 526, 528, 533, 537, 539, 542, 543, 547, 548, 549, 550, 551, 553, 554, 556, 558, 559, 563, 564, 566, 567, 570, 571, 572, 586, 587, 595, 605, 613, 633, 639, 640, 641, 657, 672, 704, 717, 726, 736, 759, 761, 765, 768, 780, 788, 792, 826]","[31, 142, 147, 180, 338, 352, 367, 387, 403, 405, 408, 410, 455, 465, 466, 468, 470, 472, 473, 483, 484, 514, 613, 618, 651, 794, 807, 837, 852, 854, 858, 861, 902, 912, 913, 915, 917, 919, 920, 931, 934, 935]","[31, 93, 142, 147, 180, 301, 338, 352, 367, 387, 403, 405, 408, 410, 455, 465, 466, 468, 470, 472, 473, 476, 483, 484, 514, 564, 613, 618, 651, 794, 807, 837, 852, 854, 858, 861, 902, 912, 913, 915, 917, 919, 920, 924, 925, 931, 934, 935]","[0, 1, 2, 515, 3, 5, 4, 6, 7, 8, 9, 10, 11, 12, 13, 14, 15, 16, 17, 18, 20, 19, 21, 22, 23, 24, 25, 26, 27, 28, 29, 30, 31, 32, 34, 33, 548, 35, 36, 551, 37, 38, 39, 40, 41, 42, 43, 44, 45, 46, 47, 48, 564, 49, 50, 51, 52, 53, 54, 55, 572, 56, 57, 58, 59, 60, 61, 62, 63, 64, 65, 66, 67, 68, 74, 69, 70, 71, 72, 79, 73, 81, 75, 76, 77, 78, 80, 82, 83, 84, 85, 86, 87, 93, 88, 89, 90, 91, 92, 94, 95, 101, 96, 97, 98, 99, 100, 102, 529, 530, 613, 513, 531, 618, 115, 116, 532, 633, 533, 124, 534, 639, 640, 641, 535, 134, 514, 536, 651, 537, 142, 657, 538, 147, 539, 540, 672, 161, 541, 542, 167, 169, 170, 543, 544, 180, 545, 516, 186, 546, 704, 547, 202, 549, 717, 550, 722, 517, 726, 552, 553, 736, 554, 555, 518, 556, 240, 557, 244, 759, 558, 761, 559, 254, 765, 768, 770, 560, 260, 519, 262, 561, 267, 562, 780, 563, 788, 277, 792, 794, 565, 520, 566, 567, 807, 568, 300, 301, 569, 303, 307, 570, 310, 521, 312, 571, 826, 322, 573, 837, 331, 522, 338, 852, 854, 858, 861, 352, 523, 367, 376, 528, 524, 387, 484, 586, 902, 587, 912, 913, 403, 915, 405, 917, 919, 408, 920, 410, 525, 924, 925, 931, 934, 935, 512, 595, 526, 455, 527, 465, 466, 468, 470, 472, 473, 476, 483, 605, 485, 486, 487, 488, 489, 490, 491, 492, 493, 494, 495, 496, 497, 498, 499, 500, 501, 502, 503, 504, 505, 506, 507, 508, 509, 510, 511]",True,"[5, 34, 79, 81, 93, 101, 491, 515, 551, 564, 572]","[0, 1, 2, 3, 4, 5, 6, 7, 8, 9, 10, 11, 12, 13, 14, 15, 16, 17, 18, 19, 20, 21, 22, 23, 24, 25, 26, 27, 28, 29, 30, 31, 32, 33, 34, 35, 36, 37, 38, 39, 40, 41, 42, 43, 44, 45, 46, 47, 48, 49, 50, 51, 52, 53, 54, 55, 56, 57, 58, 59, 60, 61, 62, 63, 64, 65, 66, 67, 68, 69, 70, 71, 72, 73, 74, 75, 76, 77, 78, 79, 80, 81, 82, 83, 84, 85, 86, 87, 88, 89, 90, 91, 92, 93, 94, 95, 96, 97, 98, 99, 100, 101, 102, 485, 486, 487, 488, 489, 490, 491, 492, 493, 494, 495, 496, 497, 498, 499, 500, 501, 502, 503, 504, 505, 506, 507, 508, 509, 510, 511, 512, 513, 514, 515, 516, 517, 518, 519, 520, 521, 522, 523, 524, 525, 526, 527, 528, 529, 530, 531, 532, 533, 534, 535, 536, 537, 538, 539, 540, 541, 542, 543, 544, 545, 546, 547, 548, 549, 550, 551, 552, 553, 554, 555, 556, 557, 558, 559, 560, 561, 562, 563, 564, 565, 566, 567, 568, 569, 570, 571, 572, 573]","[5, 20, 74, 93, 101, 491, 504, 548, 564, 572]","[5, 93, 101, 262, 312, 491, 564, 572, 722, 770]","[0, 5, 7, 10, 14, 19, 20, 22, 24, 32, 33, 34, 37, 38, 40, 44, 46, 48, 49, 51, 56, 61, 63, 65, 67, 68, 73, 74, 75, 76, 79, 81, 82, 83, 85, 87, 88, 92, 93, 95, 96, 99, 100, 101, 115, 116, 124, 134, 142, 161, 167, 169, 170, 186, 202, 240, 244, 254, 260, 267, 277, 300, 303, 307, 310, 322, 331, 376, 485, 491, 493, 495, 499, 503, 504, 506, 508, 515, 518, 519, 521, 524, 526, 528, 533, 537, 539, 542, 543, 547, 548, 549, 550, 551, 553, 554, 556, 558, 559, 563, 564, 566, 567, 570, 571, 572, 586, 587, 595, 605, 613, 633, 639, 640, 641, 657, 672, 704, 717, 726, 736, 759, 761, 765, 768, 780, 788, 792, 826]","[31, 93, 142, 147, 180, 301, 338, 352, 367, 387, 403, 405, 408, 410, 455, 465, 466, 468, 470, 472, 473, 476, 483, 484, 514, 564, 613, 618, 651, 794, 807, 837, 852, 854, 858, 861, 902, 912, 913, 915, 917, 919, 920, 924, 925, 931, 934, 935]","[31, 142, 147, 180, 338, 352, 367, 387, 403, 405, 408, 410, 455, 465, 466, 468, 470, 472, 473, 483, 484, 514, 613, 618, 651, 794, 807, 837, 852, 854, 858, 861, 902, 912, 913, 915, 917, 919, 920, 931, 934, 935]",6/6 successful match,True,"[679, 680, 681, 682]",True,533,False,,0.9666666666666667,True,TA Eloy # 007,
Eloy ( 85131 ) Pilot Travel Center # 458,4 520-466-7550 I-10 Exit 208 ( Sunshine Blvd N ) Pila,24 <U+25A1> XL <U+2610>,Eloy,85131,Pilot Travel Center # 458,520-466-7550,2014,Eloy,AZ,Pilot,( Sunshine Blvd N ) Pila,I-10 Exit 208 ,Exit,208,False,,False,I-10,,,,,"[74, 548]","[5, 34, 79, 81, 93, 101, 491, 515, 551, 564, 572]","[5, 20, 74, 93, 101, 491, 504, 548, 564, 572]","[20, 74, 504, 548]","[0, 1, 2, 3, 4, 5, 6, 7, 8, 9, 10, 11, 12, 13, 14, 15, 16, 17, 18, 19, 20, 21, 22, 23, 24, 25, 26, 27, 28, 29, 30, 31, 32, 33, 34, 35, 36, 37, 38, 39, 40, 41, 42, 43, 44, 45, 46, 47, 48, 49, 50, 51, 52, 53, 54, 55, 56, 57, 58, 59, 60, 61, 62, 63, 64, 65, 66, 67, 68, 69, 70, 71, 72, 73, 74, 75, 76, 77, 78, 79, 80, 81, 82, 83, 84, 85, 86, 87, 88, 89, 90, 91, 92, 93, 94, 95, 96, 97, 98, 99, 100, 101, 102, 485, 486, 487, 488, 489, 490, 491, 492, 493, 494, 495, 496, 497, 498, 499, 500, 501, 502, 503, 504, 505, 506, 507, 508, 509, 510, 511, 512, 513, 514, 515, 516, 517, 518, 519, 520, 521, 522, 523, 524, 525, 526, 527, 528, 529, 530, 531, 532, 533, 534, 535, 536, 537, 538, 539, 540, 541, 542, 543, 544, 545, 546, 547, 548, 549, 550, 551, 552, 553, 554, 555, 556, 557, 558, 559, 560, 561, 562, 563, 564, 565, 566, 567, 568, 569, 570, 571, 572, 573]","[0, 5, 7, 10, 14, 19, 20, 22, 24, 32, 33, 34, 37, 38, 40, 44, 46, 48, 49, 51, 56, 61, 63, 65, 67, 68, 73, 74, 75, 76, 79, 81, 82, 83, 85, 87, 88, 92, 93, 95, 96, 99, 100, 101, 115, 116, 124, 134, 142, 161, 167, 169, 170, 186, 202, 240, 244, 254, 260, 267, 277, 300, 303, 307, 310, 322, 331, 376, 485, 491, 493, 495, 499, 503, 504, 506, 508, 515, 518, 519, 521, 524, 526, 528, 533, 537, 539, 542, 543, 547, 548, 549, 550, 551, 553, 554, 556, 558, 559, 563, 564, 566, 567, 570, 571, 572, 586, 587, 595, 605, 613, 633, 639, 640, 641, 657, 672, 704, 717, 726, 736, 759, 761, 765, 768, 780, 788, 792, 826]","[15, 16, 65, 66, 67, 68, 69, 70, 71, 72, 73, 74, 75, 76, 80, 151, 245, 246, 247, 248, 249, 250, 251, 252, 253, 254, 255, 256, 257, 258, 259, 280, 340, 373, 374, 375, 376, 377, 459, 460, 461, 462, 500, 501, 539, 540, 541, 542, 543, 544, 545, 546, 547, 548, 549, 550, 552, 622, 708, 709, 710, 711, 712, 713, 714, 715, 716, 717, 718, 719, 720, 739, 796, 823, 824, 825, 826, 827, 906, 907, 908, 909]","[15, 16, 65, 66, 67, 68, 69, 70, 71, 72, 73, 74, 75, 76, 77, 78, 80, 151, 244, 245, 246, 247, 248, 249, 250, 251, 252, 253, 254, 255, 256, 257, 258, 259, 260, 280, 340, 373, 374, 375, 376, 377, 459, 460, 461, 462, 500, 501, 539, 540, 541, 542, 543, 544, 545, 546, 547, 548, 549, 550, 552, 622, 708, 709, 710, 711, 712, 713, 714, 715, 716, 717, 718, 719, 720, 739, 796, 823, 824, 825, 826, 827, 906, 907, 908, 909]","[0, 1, 2, 515, 3, 5, 4, 6, 7, 8, 9, 10, 11, 12, 13, 14, 15, 16, 17, 18, 20, 19, 21, 22, 23, 24, 25, 26, 27, 28, 29, 30, 31, 32, 34, 33, 548, 35, 36, 551, 37, 38, 39, 40, 41, 42, 43, 44, 45, 46, 47, 48, 564, 49, 50, 51, 52, 53, 54, 55, 572, 56, 57, 58, 59, 60, 61, 62, 63, 64, 65, 66, 67, 68, 74, 69, 70, 71, 72, 79, 73, 81, 75, 76, 77, 78, 80, 82, 83, 84, 85, 86, 87, 93, 88, 89, 90, 91, 92, 94, 95, 101, 96, 97, 98, 99, 100, 102, 529, 530, 613, 513, 531, 622, 115, 116, 532, 633, 533, 124, 534, 639, 640, 641, 535, 134, 514, 536, 537, 142, 657, 538, 151, 539, 540, 672, 161, 541, 542, 167, 169, 170, 543, 544, 545, 516, 186, 546, 704, 547, 708, 252, 709, 710, 711, 712, 202, 549, 713, 717, 714, 715, 550, 716, 718, 517, 719, 720, 726, 552, 553, 736, 739, 554, 555, 518, 556, 240, 557, 244, 245, 246, 759, 558, 761, 247, 248, 249, 559, 254, 765, 768, 250, 560, 251, 260, 519, 253, 561, 255, 256, 257, 267, 562, 780, 563, 258, 788, 277, 792, 259, 280, 565, 796, 520, 566, 567, 568, 300, 569, 303, 307, 570, 310, 521, 823, 571, 826, 824, 825, 827, 322, 573, 331, 522, 340, 523, 373, 374, 375, 376, 377, 528, 524, 586, 587, 906, 907, 908, 909, 525, 512, 595, 526, 459, 460, 527, 461, 462, 605, 485, 486, 487, 488, 489, 490, 491, 492, 493, 494, 495, 496, 497, 498, 499, 500, 501, 502, 503, 504, 505, 506, 507, 508, 509, 510, 511]",True,"[5, 34, 79, 81, 93, 101, 491, 515, 551, 564, 572]","[0, 1, 2, 3, 4, 5, 6, 7, 8, 9, 10, 11, 12, 13, 14, 15, 16, 17, 18, 19, 20, 21, 22, 23, 24, 25, 26, 27, 28, 29, 30, 31, 32, 33, 34, 35, 36, 37, 38, 39, 40, 41, 42, 43, 44, 45, 46, 47, 48, 49, 50, 51, 52, 53, 54, 55, 56, 57, 58, 59, 60, 61, 62, 63, 64, 65, 66, 67, 68, 69, 70, 71, 72, 73, 74, 75, 76, 77, 78, 79, 80, 81, 82, 83, 84, 85, 86, 87, 88, 89, 90, 91, 92, 93, 94, 95, 96, 97, 98, 99, 100, 101, 102, 485, 486, 487, 488, 489, 490, 491, 492, 493, 494, 495, 496, 497, 498, 499, 500, 501, 502, 503, 504, 505, 506, 507, 508, 509, 510, 511, 512, 513, 514, 515, 516, 517, 518, 519, 520, 521, 522, 523, 524, 525, 526, 527, 528, 529, 530, 531, 532, 533, 534, 535, 536, 537, 538, 539, 540, 541, 542, 543, 544, 545, 546, 547, 548, 549, 550, 551, 552, 553, 554, 555, 556, 557, 558, 559, 560, 561, 562, 563, 564, 565, 566, 567, 568, 569, 570, 571, 572, 573]","[5, 20, 74, 93, 101, 491, 504, 548, 564, 572]","[20, 74, 504, 548]","[0, 5, 7, 10, 14, 19, 20, 22, 24, 32, 33, 34, 37, 38, 40, 44, 46, 48, 49, 51, 56, 61, 63, 65, 67, 68, 73, 74, 75, 76, 79, 81, 82, 83, 85, 87, 88, 92, 93, 95, 96, 99, 100, 101, 115, 116, 124, 134, 142, 161, 167, 169, 170, 186, 202, 240, 244, 254, 260, 267, 277, 300, 303, 307, 310, 322, 331, 376, 485, 491, 493, 495, 499, 503, 504, 506, 508, 515, 518, 519, 521, 524, 526, 528, 533, 537, 539, 542, 543, 547, 548, 549, 550, 551, 553, 554, 556, 558, 559, 563, 564, 566, 567, 570, 571, 572, 586, 587, 595, 605, 613, 633, 639, 640, 641, 657, 672, 704, 717, 726, 736, 759, 761, 765, 768, 780, 788, 792, 826]","[15, 16, 65, 66, 67, 68, 69, 70, 71, 72, 73, 74, 75, 76, 77, 78, 80, 151, 244, 245, 246, 247, 248, 249, 250, 251, 252, 253, 254, 255, 256, 257, 258, 259, 260, 280, 340, 373, 374, 375, 376, 377, 459, 460, 461, 462, 500, 501, 539, 540, 541, 542, 543, 544, 545, 546, 547, 548, 549, 550, 552, 622, 708, 709, 710, 711, 712, 713, 714, 715, 716, 717, 718, 719, 720, 739, 796, 823, 824, 825, 826, 827, 906, 907, 908, 909]","[15, 16, 65, 66, 67, 68, 69, 70, 71, 72, 73, 74, 75, 76, 80, 151, 245, 246, 247, 248, 249, 250, 251, 252, 253, 254, 255, 256, 257, 258, 259, 280, 340, 373, 374, 375, 376, 377, 459, 460, 461, 462, 500, 501, 539, 540, 541, 542, 543, 544, 545, 546, 547, 548, 549, 550, 552, 622, 708, 709, 710, 711, 712, 713, 714, 715, 716, 717, 718, 719, 720, 739, 796, 823, 824, 825, 826, 827, 906, 907, 908, 909]",7/6 successful match,True,[678],True,534,False,,,,,
Eloy ( 85131 ) Pilot Travel Center # 458,4 520-466-7550 I-10 Exit 208 ( Sunshine Blvd N ),24 <U+2610> XL <U+2610> <U+2610>,Eloy,85131,Pilot Travel Center # 458,520-466-7550,2015,Eloy,AZ,Pilot,( Sunshine Blvd N ),I-10 Exit 208 ,Exit,208,False,,False,I-10,,,,,"[74, 548]","[5, 34, 79, 81, 93, 101, 491, 515, 551, 564, 572]","[5, 20, 74, 93, 101, 491, 504, 548, 564, 572]","[20, 74, 504, 548]","[0, 1, 2, 3, 4, 5, 6, 7, 8, 9, 10, 11, 12, 13, 14, 15, 16, 17, 18, 19, 20, 21, 22, 23, 24, 25, 26, 27, 28, 29, 30, 31, 32, 33, 34, 35, 36, 37, 38, 39, 40, 41, 42, 43, 44, 45, 46, 47, 48, 49, 50, 51, 52, 53, 54, 55, 56, 57, 58, 59, 60, 61, 62, 63, 64, 65, 66, 67, 68, 69, 70, 71, 72, 73, 74, 75, 76, 77, 78, 79, 80, 81, 82, 83, 84, 85, 86, 87, 88, 89, 90, 91, 92, 93, 94, 95, 96, 97, 98, 99, 100, 101, 102, 485, 486, 487, 488, 489, 490, 491, 492, 493, 494, 495, 496, 497, 498, 499, 500, 501, 502, 503, 504, 505, 506, 507, 508, 509, 510, 511, 512, 513, 514, 515, 516, 517, 518, 519, 520, 521, 522, 523, 524, 525, 526, 527, 528, 529, 530, 531, 532, 533, 534, 535, 536, 537, 538, 539, 540, 541, 542, 543, 544, 545, 546, 547, 548, 549, 550, 551, 552, 553, 554, 555, 556, 557, 558, 559, 560, 561, 562, 563, 564, 565, 566, 567, 568, 569, 570, 571, 572, 573]","[0, 5, 7, 10, 14, 19, 20, 22, 24, 32, 33, 34, 37, 38, 40, 44, 46, 48, 49, 51, 56, 61, 63, 65, 67, 68, 73, 74, 75, 76, 79, 81, 82, 83, 85, 87, 88, 92, 93, 95, 96, 99, 100, 101, 115, 116, 124, 134, 142, 161, 167, 169, 170, 186, 202, 240, 244, 254, 260, 267, 277, 300, 303, 307, 310, 322, 331, 376, 485, 491, 493, 495, 499, 503, 504, 506, 508, 515, 518, 519, 521, 524, 526, 528, 533, 537, 539, 542, 543, 547, 548, 549, 550, 551, 553, 554, 556, 558, 559, 563, 564, 566, 567, 570, 571, 572, 586, 587, 595, 605, 613, 633, 639, 640, 641, 657, 672, 704, 717, 726, 736, 759, 761, 765, 768, 780, 788, 792, 826]","[15, 16, 65, 66, 67, 68, 69, 70, 71, 72, 73, 74, 75, 76, 80, 151, 245, 246, 247, 248, 249, 250, 251, 252, 253, 254, 255, 256, 257, 258, 259, 280, 340, 373, 374, 375, 376, 377, 459, 460, 461, 462, 500, 501, 539, 540, 541, 542, 543, 544, 545, 546, 547, 548, 549, 550, 552, 622, 708, 709, 710, 711, 712, 713, 714, 715, 716, 717, 718, 719, 720, 739, 796, 823, 824, 825, 826, 827, 906, 907, 908, 909]","[15, 16, 65, 66, 67, 68, 69, 70, 71, 72, 73, 74, 75, 76, 77, 78, 80, 151, 244, 245, 246, 247, 248, 249, 250, 251, 252, 253, 254, 255, 256, 257, 258, 259, 260, 280, 340, 373, 374, 375, 376, 377, 459, 460, 461, 462, 500, 501, 539, 540, 541, 542, 543, 544, 545, 546, 547, 548, 549, 550, 552, 622, 708, 709, 710, 711, 712, 713, 714, 715, 716, 717, 718, 719, 720, 739, 796, 823, 824, 825, 826, 827, 906, 907, 908, 909]","[0, 1, 2, 515, 3, 5, 4, 6, 7, 8, 9, 10, 11, 12, 13, 14, 15, 16, 17, 18, 20, 19, 21, 22, 23, 24, 25, 26, 27, 28, 29, 30, 31, 32, 34, 33, 548, 35, 36, 551, 37, 38, 39, 40, 41, 42, 43, 44, 45, 46, 47, 48, 564, 49, 50, 51, 52, 53, 54, 55, 572, 56, 57, 58, 59, 60, 61, 62, 63, 64, 65, 66, 67, 68, 74, 69, 70, 71, 72, 79, 73, 81, 75, 76, 77, 78, 80, 82, 83, 84, 85, 86, 87, 93, 88, 89, 90, 91, 92, 94, 95, 101, 96, 97, 98, 99, 100, 102, 529, 530, 613, 513, 531, 622, 115, 116, 532, 633, 533, 124, 534, 639, 640, 641, 535, 134, 514, 536, 537, 142, 657, 538, 151, 539, 540, 672, 161, 541, 542, 167, 169, 170, 543, 544, 545, 516, 186, 546, 704, 547, 708, 252, 709, 710, 711, 712, 202, 549, 713, 717, 714, 715, 550, 716, 718, 517, 719, 720, 726, 552, 553, 736, 739, 554, 555, 518, 556, 240, 557, 244, 245, 246, 759, 558, 761, 247, 248, 249, 559, 254, 765, 768, 250, 560, 251, 260, 519, 253, 561, 255, 256, 257, 267, 562, 780, 563, 258, 788, 277, 792, 259, 280, 565, 796, 520, 566, 567, 568, 300, 569, 303, 307, 570, 310, 521, 823, 571, 826, 824, 825, 827, 322, 573, 331, 522, 340, 523, 373, 374, 375, 376, 377, 528, 524, 586, 587, 906, 907, 908, 909, 525, 512, 595, 526, 459, 460, 527, 461, 462, 605, 485, 486, 487, 488, 489, 490, 491, 492, 493, 494, 495, 496, 497, 498, 499, 500, 501, 502, 503, 504, 505, 506, 507, 508, 509, 510, 511]",True,"[5, 34, 79, 81, 93, 101, 491, 515, 551, 564, 572]","[0, 1, 2, 3, 4, 5, 6, 7, 8, 9, 10, 11, 12, 13, 14, 15, 16, 17, 18, 19, 20, 21, 22, 23, 24, 25, 26, 27, 28, 29, 30, 31, 32, 33, 34, 35, 36, 37, 38, 39, 40, 41, 42, 43, 44, 45, 46, 47, 48, 49, 50, 51, 52, 53, 54, 55, 56, 57, 58, 59, 60, 61, 62, 63, 64, 65, 66, 67, 68, 69, 70, 71, 72, 73, 74, 75, 76, 77, 78, 79, 80, 81, 82, 83, 84, 85, 86, 87, 88, 89, 90, 91, 92, 93, 94, 95, 96, 97, 98, 99, 100, 101, 102, 485, 486, 487, 488, 489, 490, 491, 492, 493, 494, 495, 496, 497, 498, 499, 500, 501, 502, 503, 504, 505, 506, 507, 508, 509, 510, 511, 512, 513, 514, 515, 516, 517, 518, 519, 520, 521, 522, 523, 524, 525, 526, 527, 528, 529, 530, 531, 532, 533, 534, 535, 536, 537, 538, 539, 540, 541, 542, 543, 544, 545, 546, 547, 548, 549, 550, 551, 552, 553, 554, 555, 556, 557, 558, 559, 560, 561, 562, 563, 564, 565, 566, 567, 568, 569, 570, 571, 572, 573]","[5, 20, 74, 93, 101, 491, 504, 548, 564, 572]","[20, 74, 504, 548]","[0, 5, 7, 10, 14, 19, 20, 22, 24, 32, 33, 34, 37, 38, 40, 44, 46, 48, 49, 51, 56, 61, 63, 65, 67, 68, 73, 74, 75, 76, 79, 81, 82, 83, 85, 87, 88, 92, 93, 95, 96, 99, 100, 101, 115, 116, 124, 134, 142, 161, 167, 169, 170, 186, 202, 240, 244, 254, 260, 267, 277, 300, 303, 307, 310, 322, 331, 376, 485, 491, 493, 495, 499, 503, 504, 506, 508, 515, 518, 519, 521, 524, 526, 528, 533, 537, 539, 542, 543, 547, 548, 549, 550, 551, 553, 554, 556, 558, 559, 563, 564, 566, 567, 570, 571, 572, 586, 587, 595, 605, 613, 633, 639, 640, 641, 657, 672, 704, 717, 726, 736, 759, 761, 765, 768, 780, 788, 792, 826]","[15, 16, 65, 66, 67, 68, 69, 70, 71, 72, 73, 74, 75, 76, 77, 78, 80, 151, 244, 245, 246, 247, 248, 249, 250, 251, 252, 253, 254, 255, 256, 257, 258, 259, 260, 280, 340, 373, 374, 375, 376, 377, 459, 460, 461, 462, 500, 501, 539, 540, 541, 542, 543, 544, 545, 546, 547, 548, 549, 550, 552, 622, 708, 709, 710, 711, 712, 713, 714, 715, 716, 717, 718, 719, 720, 739, 796, 823, 824, 825, 826, 827, 906, 907, 908, 909]","[15, 16, 65, 66, 67, 68, 69, 70, 71, 72, 73, 74, 75, 76, 80, 151, 245, 246, 247, 248, 249, 250, 251, 252, 253, 254, 255, 256, 257, 258, 259, 280, 340, 373, 374, 375, 376, 377, 459, 460, 461, 462, 500, 501, 539, 540, 541, 542, 543, 544, 545, 546, 547, 548, 549, 550, 552, 622, 708, 709, 710, 711, 712, 713, 714, 715, 716, 717, 718, 719, 720, 739, 796, 823, 824, 825, 826, 827, 906, 907, 908, 909]",7/6 successful match,True,[678],True,534,False,,1.0,True,Pilot Travel Center # 458,Pilot
Eloy ( 85131 ) Pilot Travel Center # 458,4 520-466-7550 I-10 Exit 208 ( N on Sunshine ),24 XL 24,Eloy,85131,Pilot Travel Center # 458,520-466-7550,2016,Eloy,AZ,Pilot,( N on Sunshine ),I-10 Exit 208 ,Exit,208,False,,False,I-10,,,,,"[74, 548]","[5, 34, 79, 81, 93, 101, 491, 515, 551, 564, 572]","[5, 20, 74, 93, 101, 491, 504, 548, 564, 572]","[20, 74, 504, 548]","[0, 1, 2, 3, 4, 5, 6, 7, 8, 9, 10, 11, 12, 13, 14, 15, 16, 17, 18, 19, 20, 21, 22, 23, 24, 25, 26, 27, 28, 29, 30, 31, 32, 33, 34, 35, 36, 37, 38, 39, 40, 41, 42, 43, 44, 45, 46, 47, 48, 49, 50, 51, 52, 53, 54, 55, 56, 57, 58, 59, 60, 61, 62, 63, 64, 65, 66, 67, 68, 69, 70, 71, 72, 73, 74, 75, 76, 77, 78, 79, 80, 81, 82, 83, 84, 85, 86, 87, 88, 89, 90, 91, 92, 93, 94, 95, 96, 97, 98, 99, 100, 101, 102, 485, 486, 487, 488, 489, 490, 491, 492, 493, 494, 495, 496, 497, 498, 499, 500, 501, 502, 503, 504, 505, 506, 507, 508, 509, 510, 511, 512, 513, 514, 515, 516, 517, 518, 519, 520, 521, 522, 523, 524, 525, 526, 527, 528, 529, 530, 531, 532, 533, 534, 535, 536, 537, 538, 539, 540, 541, 542, 543, 544, 545, 546, 547, 548, 549, 550, 551, 552, 553, 554, 555, 556, 557, 558, 559, 560, 561, 562, 563, 564, 565, 566, 567, 568, 569, 570, 571, 572, 573]","[0, 5, 7, 10, 14, 19, 20, 22, 24, 32, 33, 34, 37, 38, 40, 44, 46, 48, 49, 51, 56, 61, 63, 65, 67, 68, 73, 74, 75, 76, 79, 81, 82, 83, 85, 87, 88, 92, 93, 95, 96, 99, 100, 101, 115, 116, 124, 134, 142, 161, 167, 169, 170, 186, 202, 240, 244, 254, 260, 267, 277, 300, 303, 307, 310, 322, 331, 376, 485, 491, 493, 495, 499, 503, 504, 506, 508, 515, 518, 519, 521, 524, 526, 528, 533, 537, 539, 542, 543, 547, 548, 549, 550, 551, 553, 554, 556, 558, 559, 563, 564, 566, 567, 570, 571, 572, 586, 587, 595, 605, 613, 633, 639, 640, 641, 657, 672, 704, 717, 726, 736, 759, 761, 765, 768, 780, 788, 792, 826]","[15, 16, 65, 66, 67, 68, 69, 70, 71, 72, 73, 74, 75, 76, 80, 151, 245, 246, 247, 248, 249, 250, 251, 252, 253, 254, 255, 256, 257, 258, 259, 280, 340, 373, 374, 375, 376, 377, 459, 460, 461, 462, 500, 501, 539, 540, 541, 542, 543, 544, 545, 546, 547, 548, 549, 550, 552, 622, 708, 709, 710, 711, 712, 713, 714, 715, 716, 717, 718, 719, 720, 739, 796, 823, 824, 825, 826, 827, 906, 907, 908, 909]","[15, 16, 65, 66, 67, 68, 69, 70, 71, 72, 73, 74, 75, 76, 77, 78, 80, 151, 244, 245, 246, 247, 248, 249, 250, 251, 252, 253, 254, 255, 256, 257, 258, 259, 260, 280, 340, 373, 374, 375, 376, 377, 459, 460, 461, 462, 500, 501, 539, 540, 541, 542, 543, 544, 545, 546, 547, 548, 549, 550, 552, 622, 708, 709, 710, 711, 712, 713, 714, 715, 716, 717, 718, 719, 720, 739, 796, 823, 824, 825, 826, 827, 906, 907, 908, 909]","[0, 1, 2, 515, 3, 5, 4, 6, 7, 8, 9, 10, 11, 12, 13, 14, 15, 16, 17, 18, 20, 19, 21, 22, 23, 24, 25, 26, 27, 28, 29, 30, 31, 32, 34, 33, 548, 35, 36, 551, 37, 38, 39, 40, 41, 42, 43, 44, 45, 46, 47, 48, 564, 49, 50, 51, 52, 53, 54, 55, 572, 56, 57, 58, 59, 60, 61, 62, 63, 64, 65, 66, 67, 68, 74, 69, 70, 71, 72, 79, 73, 81, 75, 76, 77, 78, 80, 82, 83, 84, 85, 86, 87, 93, 88, 89, 90, 91, 92, 94, 95, 101, 96, 97, 98, 99, 100, 102, 529, 530, 613, 513, 531, 622, 115, 116, 532, 633, 533, 124, 534, 639, 640, 641, 535, 134, 514, 536, 537, 142, 657, 538, 151, 539, 540, 672, 161, 541, 542, 167, 169, 170, 543, 544, 545, 516, 186, 546, 704, 547, 708, 252, 709, 710, 711, 712, 202, 549, 713, 717, 714, 715, 550, 716, 718, 517, 719, 720, 726, 552, 553, 736, 739, 554, 555, 518, 556, 240, 557, 244, 245, 246, 759, 558, 761, 247, 248, 249, 559, 254, 765, 768, 250, 560, 251, 260, 519, 253, 561, 255, 256, 257, 267, 562, 780, 563, 258, 788, 277, 792, 259, 280, 565, 796, 520, 566, 567, 568, 300, 569, 303, 307, 570, 310, 521, 823, 571, 826, 824, 825, 827, 322, 573, 331, 522, 340, 523, 373, 374, 375, 376, 377, 528, 524, 586, 587, 906, 907, 908, 909, 525, 512, 595, 526, 459, 460, 527, 461, 462, 605, 485, 486, 487, 488, 489, 490, 491, 492, 493, 494, 495, 496, 497, 498, 499, 500, 501, 502, 503, 504, 505, 506, 507, 508, 509, 510, 511]",True,"[5, 34, 79, 81, 93, 101, 491, 515, 551, 564, 572]","[0, 1, 2, 3, 4, 5, 6, 7, 8, 9, 10, 11, 12, 13, 14, 15, 16, 17, 18, 19, 20, 21, 22, 23, 24, 25, 26, 27, 28, 29, 30, 31, 32, 33, 34, 35, 36, 37, 38, 39, 40, 41, 42, 43, 44, 45, 46, 47, 48, 49, 50, 51, 52, 53, 54, 55, 56, 57, 58, 59, 60, 61, 62, 63, 64, 65, 66, 67, 68, 69, 70, 71, 72, 73, 74, 75, 76, 77, 78, 79, 80, 81, 82, 83, 84, 85, 86, 87, 88, 89, 90, 91, 92, 93, 94, 95, 96, 97, 98, 99, 100, 101, 102, 485, 486, 487, 488, 489, 490, 491, 492, 493, 494, 495, 496, 497, 498, 499, 500, 501, 502, 503, 504, 505, 506, 507, 508, 509, 510, 511, 512, 513, 514, 515, 516, 517, 518, 519, 520, 521, 522, 523, 524, 525, 526, 527, 528, 529, 530, 531, 532, 533, 534, 535, 536, 537, 538, 539, 540, 541, 542, 543, 544, 545, 546, 547, 548, 549, 550, 551, 552, 553, 554, 555, 556, 557, 558, 559, 560, 561, 562, 563, 564, 565, 566, 567, 568, 569, 570, 571, 572, 573]","[5, 20, 74, 93, 101, 491, 504, 548, 564, 572]","[20, 74, 504, 548]","[0, 5, 7, 10, 14, 19, 20, 22, 24, 32, 33, 34, 37, 38, 40, 44, 46, 48, 49, 51, 56, 61, 63, 65, 67, 68, 73, 74, 75, 76, 79, 81, 82, 83, 85, 87, 88, 92, 93, 95, 96, 99, 100, 101, 115, 116, 124, 134, 142, 161, 167, 169, 170, 186, 202, 240, 244, 254, 260, 267, 277, 300, 303, 307, 310, 322, 331, 376, 485, 491, 493, 495, 499, 503, 504, 506, 508, 515, 518, 519, 521, 524, 526, 528, 533, 537, 539, 542, 543, 547, 548, 549, 550, 551, 553, 554, 556, 558, 559, 563, 564, 566, 567, 570, 571, 572, 586, 587, 595, 605, 613, 633, 639, 640, 641, 657, 672, 704, 717, 726, 736, 759, 761, 765, 768, 780, 788, 792, 826]","[15, 16, 65, 66, 67, 68, 69, 70, 71, 72, 73, 74, 75, 76, 77, 78, 80, 151, 244, 245, 246, 247, 248, 249, 250, 251, 252, 253, 254, 255, 256, 257, 258, 259, 260, 280, 340, 373, 374, 375, 376, 377, 459, 460, 461, 462, 500, 501, 539, 540, 541, 542, 543, 544, 545, 546, 547, 548, 549, 550, 552, 622, 708, 709, 710, 711, 712, 713, 714, 715, 716, 717, 718, 719, 720, 739, 796, 823, 824, 825, 826, 827, 906, 907, 908, 909]","[15, 16, 65, 66, 67, 68, 69, 70, 71, 72, 73, 74, 75, 76, 80, 151, 245, 246, 247, 248, 249, 250, 251, 252, 253, 254, 255, 256, 257, 258, 259, 280, 340, 373, 374, 375, 376, 377, 459, 460, 461, 462, 500, 501, 539, 540, 541, 542, 543, 544, 545, 546, 547, 548, 549, 550, 552, 622, 708, 709, 710, 711, 712, 713, 714, 715, 716, 717, 718, 719, 720, 739, 796, 823, 824, 825, 826, 827, 906, 907, 908, 909]",7/6 successful match,True,[678],True,534,False,,1.0,True,Pilot Travel Center # 458,Pilot
Eloy ( 85131 ) Flying J Travel Plaza # 609,4 520-466-9204 I-10 Exit 208 A ( Sunshine Blvd S ),XL,Eloy,85131,Flying J Travel Plaza # 609,520-466-9204,2014,Eloy,AZ,Flying J,( Sunshine Blvd S ),I-10 Exit 208 A ,Exit,208,False,,False,I-10,,,,,"[504, 20]","[5, 34, 79, 81, 93, 101, 491, 515, 551, 564, 572]","[5, 20, 74, 93, 101, 491, 504, 548, 564, 572]","[20, 74, 504, 548]","[0, 1, 2, 3, 4, 5, 6, 7, 8, 9, 10, 11, 12, 13, 14, 15, 16, 17, 18, 19, 20, 21, 22, 23, 24, 25, 26, 27, 28, 29, 30, 31, 32, 33, 34, 35, 36, 37, 38, 39, 40, 41, 42, 43, 44, 45, 46, 47, 48, 49, 50, 51, 52, 53, 54, 55, 56, 57, 58, 59, 60, 61, 62, 63, 64, 65, 66, 67, 68, 69, 70, 71, 72, 73, 74, 75, 76, 77, 78, 79, 80, 81, 82, 83, 84, 85, 86, 87, 88, 89, 90, 91, 92, 93, 94, 95, 96, 97, 98, 99, 100, 101, 102, 485, 486, 487, 488, 489, 490, 491, 492, 493, 494, 495, 496, 497, 498, 499, 500, 501, 502, 503, 504, 505, 506, 507, 508, 509, 510, 511, 512, 513, 514, 515, 516, 517, 518, 519, 520, 521, 522, 523, 524, 525, 526, 527, 528, 529, 530, 531, 532, 533, 534, 535, 536, 537, 538, 539, 540, 541, 542, 543, 544, 545, 546, 547, 548, 549, 550, 551, 552, 553, 554, 555, 556, 557, 558, 559, 560, 561, 562, 563, 564, 565, 566, 567, 568, 569, 570, 571, 572, 573]","[0, 5, 7, 10, 14, 19, 20, 22, 24, 32, 33, 34, 37, 38, 40, 44, 46, 48, 49, 51, 56, 61, 63, 65, 67, 68, 73, 74, 75, 76, 79, 81, 82, 83, 85, 87, 88, 92, 93, 95, 96, 99, 100, 101, 115, 116, 124, 134, 142, 161, 167, 169, 170, 186, 202, 240, 244, 254, 260, 267, 277, 300, 303, 307, 310, 322, 331, 376, 485, 491, 493, 495, 499, 503, 504, 506, 508, 515, 518, 519, 521, 524, 526, 528, 533, 537, 539, 542, 543, 547, 548, 549, 550, 551, 553, 554, 556, 558, 559, 563, 564, 566, 567, 570, 571, 572, 586, 587, 595, 605, 613, 633, 639, 640, 641, 657, 672, 704, 717, 726, 736, 759, 761, 765, 768, 780, 788, 792, 826]","[17, 18, 19, 20, 21, 22, 23, 156, 157, 158, 159, 160, 161, 162, 163, 164, 165, 166, 167, 341, 342, 343, 344, 345, 412, 413, 414, 415, 416, 417, 418, 419, 420, 421, 422, 502, 503, 504, 505, 506, 507, 628, 629, 630, 631, 632, 633, 634, 635, 636, 637, 638, 639, 792, 797, 798, 799, 800, 801, 863, 864, 865, 866, 867, 868, 869, 870, 871, 872, 873, 874]","[17, 18, 19, 20, 21, 22, 23, 156, 157, 158, 159, 160, 161, 162, 163, 164, 165, 166, 167, 168, 340, 341, 342, 343, 344, 345, 346, 412, 413, 414, 415, 416, 417, 418, 419, 420, 421, 422, 502, 503, 504, 505, 506, 507, 628, 629, 630, 631, 632, 633, 634, 635, 636, 637, 638, 639, 792, 796, 797, 798, 799, 800, 801, 863, 864, 865, 866, 867, 868, 869, 870, 871, 872, 873, 874]","[0, 1, 2, 515, 3, 5, 4, 6, 7, 8, 9, 10, 11, 12, 13, 14, 15, 16, 17, 18, 20, 19, 21, 22, 23, 24, 25, 26, 27, 28, 29, 30, 31, 32, 34, 33, 548, 35, 36, 551, 37, 38, 39, 40, 41, 42, 43, 44, 45, 46, 47, 48, 564, 49, 50, 51, 52, 53, 54, 55, 572, 56, 57, 58, 59, 60, 61, 62, 63, 64, 65, 66, 67, 68, 74, 69, 70, 71, 72, 79, 73, 81, 75, 76, 77, 78, 80, 82, 83, 84, 85, 86, 87, 93, 88, 89, 90, 91, 92, 94, 95, 101, 96, 97, 98, 99, 100, 102, 529, 530, 613, 513, 531, 115, 116, 532, 628, 629, 630, 633, 533, 631, 124, 632, 634, 534, 639, 640, 641, 635, 535, 636, 134, 637, 514, 536, 638, 537, 142, 657, 538, 539, 156, 540, 157, 158, 672, 161, 541, 159, 160, 162, 163, 542, 167, 169, 170, 164, 543, 165, 166, 168, 544, 545, 516, 186, 546, 704, 547, 202, 549, 717, 550, 517, 726, 552, 553, 736, 554, 555, 518, 556, 240, 557, 244, 759, 558, 761, 559, 254, 765, 768, 560, 260, 519, 561, 267, 562, 780, 563, 788, 277, 792, 565, 796, 797, 520, 798, 566, 799, 800, 801, 567, 568, 300, 569, 303, 307, 570, 310, 521, 571, 826, 322, 573, 331, 522, 340, 341, 342, 343, 344, 345, 346, 863, 864, 865, 866, 867, 868, 869, 870, 871, 872, 523, 873, 874, 376, 528, 524, 586, 587, 525, 412, 413, 414, 415, 416, 417, 418, 419, 420, 421, 422, 512, 595, 526, 527, 605, 485, 486, 487, 488, 489, 490, 491, 492, 493, 494, 495, 496, 497, 498, 499, 500, 501, 502, 503, 504, 505, 506, 507, 508, 509, 510, 511]",True,"[5, 34, 79, 81, 93, 101, 491, 515, 551, 564, 572]","[0, 1, 2, 3, 4, 5, 6, 7, 8, 9, 10, 11, 12, 13, 14, 15, 16, 17, 18, 19, 20, 21, 22, 23, 24, 25, 26, 27, 28, 29, 30, 31, 32, 33, 34, 35, 36, 37, 38, 39, 40, 41, 42, 43, 44, 45, 46, 47, 48, 49, 50, 51, 52, 53, 54, 55, 56, 57, 58, 59, 60, 61, 62, 63, 64, 65, 66, 67, 68, 69, 70, 71, 72, 73, 74, 75, 76, 77, 78, 79, 80, 81, 82, 83, 84, 85, 86, 87, 88, 89, 90, 91, 92, 93, 94, 95, 96, 97, 98, 99, 100, 101, 102, 485, 486, 487, 488, 489, 490, 491, 492, 493, 494, 495, 496, 497, 498, 499, 500, 501, 502, 503, 504, 505, 506, 507, 508, 509, 510, 511, 512, 513, 514, 515, 516, 517, 518, 519, 520, 521, 522, 523, 524, 525, 526, 527, 528, 529, 530, 531, 532, 533, 534, 535, 536, 537, 538, 539, 540, 541, 542, 543, 544, 545, 546, 547, 548, 549, 550, 551, 552, 553, 554, 555, 556, 557, 558, 559, 560, 561, 562, 563, 564, 565, 566, 567, 568, 569, 570, 571, 572, 573]","[5, 20, 74, 93, 101, 491, 504, 548, 564, 572]","[20, 74, 504, 548]","[0, 5, 7, 10, 14, 19, 20, 22, 24, 32, 33, 34, 37, 38, 40, 44, 46, 48, 49, 51, 56, 61, 63, 65, 67, 68, 73, 74, 75, 76, 79, 81, 82, 83, 85, 87, 88, 92, 93, 95, 96, 99, 100, 101, 115, 116, 124, 134, 142, 161, 167, 169, 170, 186, 202, 240, 244, 254, 260, 267, 277, 300, 303, 307, 310, 322, 331, 376, 485, 491, 493, 495, 499, 503, 504, 506, 508, 515, 518, 519, 521, 524, 526, 528, 533, 537, 539, 542, 543, 547, 548, 549, 550, 551, 553, 554, 556, 558, 559, 563, 564, 566, 567, 570, 571, 572, 586, 587, 595, 605, 613, 633, 639, 640, 641, 657, 672, 704, 717, 726, 736, 759, 761, 765, 768, 780, 788, 792, 826]","[17, 18, 19, 20, 21, 22, 23, 156, 157, 158, 159, 160, 161, 162, 163, 164, 165, 166, 167, 168, 340, 341, 342, 343, 344, 345, 346, 412, 413, 414, 415, 416, 417, 418, 419, 420, 421, 422, 502, 503, 504, 505, 506, 507, 628, 629, 630, 631, 632, 633, 634, 635, 636, 637, 638, 639, 792, 796, 797, 798, 799, 800, 801, 863, 864, 865, 866, 867, 868, 869, 870, 871, 872, 873, 874]","[17, 18, 19, 20, 21, 22, 23, 156, 157, 158, 159, 160, 161, 162, 163, 164, 165, 166, 167, 341, 342, 343, 344, 345, 412, 413, 414, 415, 416, 417, 418, 419, 420, 421, 422, 502, 503, 504, 505, 506, 507, 628, 629, 630, 631, 632, 633, 634, 635, 636, 637, 638, 639, 792, 797, 798, 799, 800, 801, 863, 864, 865, 866, 867, 868, 869, 870, 871, 872, 873, 874]",7/6 successful match,True,[240],True,535,False,,,,,
Eloy ( 85131 ) Flying J Travel Plaza # 609,4 520-466-9204 I-10 Exit 208 A ( Sunshine Blvd S ) FLYING J,FLYING J 24 XL 24,Eloy,85131,Flying J Travel Plaza # 609,520-466-9204,2015,Eloy,AZ,Flying J,( Sunshine Blvd S ) FLYING J,I-10 Exit 208 A ,Exit,208,False,,False,I-10,,,,,"[504, 20]","[5, 34, 79, 81, 93, 101, 491, 515, 551, 564, 572]","[5, 20, 74, 93, 101, 491, 504, 548, 564, 572]","[20, 74, 504, 548]","[0, 1, 2, 3, 4, 5, 6, 7, 8, 9, 10, 11, 12, 13, 14, 15, 16, 17, 18, 19, 20, 21, 22, 23, 24, 25, 26, 27, 28, 29, 30, 31, 32, 33, 34, 35, 36, 37, 38, 39, 40, 41, 42, 43, 44, 45, 46, 47, 48, 49, 50, 51, 52, 53, 54, 55, 56, 57, 58, 59, 60, 61, 62, 63, 64, 65, 66, 67, 68, 69, 70, 71, 72, 73, 74, 75, 76, 77, 78, 79, 80, 81, 82, 83, 84, 85, 86, 87, 88, 89, 90, 91, 92, 93, 94, 95, 96, 97, 98, 99, 100, 101, 102, 485, 486, 487, 488, 489, 490, 491, 492, 493, 494, 495, 496, 497, 498, 499, 500, 501, 502, 503, 504, 505, 506, 507, 508, 509, 510, 511, 512, 513, 514, 515, 516, 517, 518, 519, 520, 521, 522, 523, 524, 525, 526, 527, 528, 529, 530, 531, 532, 533, 534, 535, 536, 537, 538, 539, 540, 541, 542, 543, 544, 545, 546, 547, 548, 549, 550, 551, 552, 553, 554, 555, 556, 557, 558, 559, 560, 561, 562, 563, 564, 565, 566, 567, 568, 569, 570, 571, 572, 573]","[0, 5, 7, 10, 14, 19, 20, 22, 24, 32, 33, 34, 37, 38, 40, 44, 46, 48, 49, 51, 56, 61, 63, 65, 67, 68, 73, 74, 75, 76, 79, 81, 82, 83, 85, 87, 88, 92, 93, 95, 96, 99, 100, 101, 115, 116, 124, 134, 142, 161, 167, 169, 170, 186, 202, 240, 244, 254, 260, 267, 277, 300, 303, 307, 310, 322, 331, 376, 485, 491, 493, 495, 499, 503, 504, 506, 508, 515, 518, 519, 521, 524, 526, 528, 533, 537, 539, 542, 543, 547, 548, 549, 550, 551, 553, 554, 556, 558, 559, 563, 564, 566, 567, 570, 571, 572, 586, 587, 595, 605, 613, 633, 639, 640, 641, 657, 672, 704, 717, 726, 736, 759, 761, 765, 768, 780, 788, 792, 826]","[17, 18, 19, 20, 21, 22, 23, 156, 157, 158, 159, 160, 161, 162, 163, 164, 165, 166, 167, 341, 342, 343, 344, 345, 412, 413, 414, 415, 416, 417, 418, 419, 420, 421, 422, 502, 503, 504, 505, 506, 507, 628, 629, 630, 631, 632, 633, 634, 635, 636, 637, 638, 639, 792, 797, 798, 799, 800, 801, 863, 864, 865, 866, 867, 868, 869, 870, 871, 872, 873, 874]","[17, 18, 19, 20, 21, 22, 23, 156, 157, 158, 159, 160, 161, 162, 163, 164, 165, 166, 167, 168, 340, 341, 342, 343, 344, 345, 346, 412, 413, 414, 415, 416, 417, 418, 419, 420, 421, 422, 502, 503, 504, 505, 506, 507, 628, 629, 630, 631, 632, 633, 634, 635, 636, 637, 638, 639, 792, 796, 797, 798, 799, 800, 801, 863, 864, 865, 866, 867, 868, 869, 870, 871, 872, 873, 874]","[0, 1, 2, 515, 3, 5, 4, 6, 7, 8, 9, 10, 11, 12, 13, 14, 15, 16, 17, 18, 20, 19, 21, 22, 23, 24, 25, 26, 27, 28, 29, 30, 31, 32, 34, 33, 548, 35, 36, 551, 37, 38, 39, 40, 41, 42, 43, 44, 45, 46, 47, 48, 564, 49, 50, 51, 52, 53, 54, 55, 572, 56, 57, 58, 59, 60, 61, 62, 63, 64, 65, 66, 67, 68, 74, 69, 70, 71, 72, 79, 73, 81, 75, 76, 77, 78, 80, 82, 83, 84, 85, 86, 87, 93, 88, 89, 90, 91, 92, 94, 95, 101, 96, 97, 98, 99, 100, 102, 529, 530, 613, 513, 531, 115, 116, 532, 628, 629, 630, 633, 533, 631, 124, 632, 634, 534, 639, 640, 641, 635, 535, 636, 134, 637, 514, 536, 638, 537, 142, 657, 538, 539, 156, 540, 157, 158, 672, 161, 541, 159, 160, 162, 163, 542, 167, 169, 170, 164, 543, 165, 166, 168, 544, 545, 516, 186, 546, 704, 547, 202, 549, 717, 550, 517, 726, 552, 553, 736, 554, 555, 518, 556, 240, 557, 244, 759, 558, 761, 559, 254, 765, 768, 560, 260, 519, 561, 267, 562, 780, 563, 788, 277, 792, 565, 796, 797, 520, 798, 566, 799, 800, 801, 567, 568, 300, 569, 303, 307, 570, 310, 521, 571, 826, 322, 573, 331, 522, 340, 341, 342, 343, 344, 345, 346, 863, 864, 865, 866, 867, 868, 869, 870, 871, 872, 523, 873, 874, 376, 528, 524, 586, 587, 525, 412, 413, 414, 415, 416, 417, 418, 419, 420, 421, 422, 512, 595, 526, 527, 605, 485, 486, 487, 488, 489, 490, 491, 492, 493, 494, 495, 496, 497, 498, 499, 500, 501, 502, 503, 504, 505, 506, 507, 508, 509, 510, 511]",True,"[5, 34, 79, 81, 93, 101, 491, 515, 551, 564, 572]","[0, 1, 2, 3, 4, 5, 6, 7, 8, 9, 10, 11, 12, 13, 14, 15, 16, 17, 18, 19, 20, 21, 22, 23, 24, 25, 26, 27, 28, 29, 30, 31, 32, 33, 34, 35, 36, 37, 38, 39, 40, 41, 42, 43, 44, 45, 46, 47, 48, 49, 50, 51, 52, 53, 54, 55, 56, 57, 58, 59, 60, 61, 62, 63, 64, 65, 66, 67, 68, 69, 70, 71, 72, 73, 74, 75, 76, 77, 78, 79, 80, 81, 82, 83, 84, 85, 86, 87, 88, 89, 90, 91, 92, 93, 94, 95, 96, 97, 98, 99, 100, 101, 102, 485, 486, 487, 488, 489, 490, 491, 492, 493, 494, 495, 496, 497, 498, 499, 500, 501, 502, 503, 504, 505, 506, 507, 508, 509, 510, 511, 512, 513, 514, 515, 516, 517, 518, 519, 520, 521, 522, 523, 524, 525, 526, 527, 528, 529, 530, 531, 532, 533, 534, 535, 536, 537, 538, 539, 540, 541, 542, 543, 544, 545, 546, 547, 548, 549, 550, 551, 552, 553, 554, 555, 556, 557, 558, 559, 560, 561, 562, 563, 564, 565, 566, 567, 568, 569, 570, 571, 572, 573]","[5, 20, 74, 93, 101, 491, 504, 548, 564, 572]","[20, 74, 504, 548]","[0, 5, 7, 10, 14, 19, 20, 22, 24, 32, 33, 34, 37, 38, 40, 44, 46, 48, 49, 51, 56, 61, 63, 65, 67, 68, 73, 74, 75, 76, 79, 81, 82, 83, 85, 87, 88, 92, 93, 95, 96, 99, 100, 101, 115, 116, 124, 134, 142, 161, 167, 169, 170, 186, 202, 240, 244, 254, 260, 267, 277, 300, 303, 307, 310, 322, 331, 376, 485, 491, 493, 495, 499, 503, 504, 506, 508, 515, 518, 519, 521, 524, 526, 528, 533, 537, 539, 542, 543, 547, 548, 549, 550, 551, 553, 554, 556, 558, 559, 563, 564, 566, 567, 570, 571, 572, 586, 587, 595, 605, 613, 633, 639, 640, 641, 657, 672, 704, 717, 726, 736, 759, 761, 765, 768, 780, 788, 792, 826]","[17, 18, 19, 20, 21, 22, 23, 156, 157, 158, 159, 160, 161, 162, 163, 164, 165, 166, 167, 168, 340, 341, 342, 343, 344, 345, 346, 412, 413, 414, 415, 416, 417, 418, 419, 420, 421, 422, 502, 503, 504, 505, 506, 507, 628, 629, 630, 631, 632, 633, 634, 635, 636, 637, 638, 639, 792, 796, 797, 798, 799, 800, 801, 863, 864, 865, 866, 867, 868, 869, 870, 871, 872, 873, 874]","[17, 18, 19, 20, 21, 22, 23, 156, 157, 158, 159, 160, 161, 162, 163, 164, 165, 166, 167, 341, 342, 343, 344, 345, 412, 413, 414, 415, 416, 417, 418, 419, 420, 421, 422, 502, 503, 504, 505, 506, 507, 628, 629, 630, 631, 632, 633, 634, 635, 636, 637, 638, 639, 792, 797, 798, 799, 800, 801, 863, 864, 865, 866, 867, 868, 869, 870, 871, 872, 873, 874]",7/6 successful match,True,[240],True,535,False,,1.0,True,Flying J Travel Plaza # 609,Flying J
Eloy ( 85131 ) Flying J Travel Plaza # 609,4 520-466-9204 I-10 Exit 208 ( S on Sunshine ) FLYING,24 X 24,Eloy,85131,Flying J Travel Plaza # 609,520-466-9204,2016,Eloy,AZ,Flying J,( S on Sunshine ) FLYING,I-10 Exit 208 ,Exit,208,False,,False,I-10,,,,,"[504, 20]","[5, 34, 79, 81, 93, 101, 491, 515, 551, 564, 572]","[5, 20, 74, 93, 101, 491, 504, 548, 564, 572]","[20, 74, 504, 548]","[0, 1, 2, 3, 4, 5, 6, 7, 8, 9, 10, 11, 12, 13, 14, 15, 16, 17, 18, 19, 20, 21, 22, 23, 24, 25, 26, 27, 28, 29, 30, 31, 32, 33, 34, 35, 36, 37, 38, 39, 40, 41, 42, 43, 44, 45, 46, 47, 48, 49, 50, 51, 52, 53, 54, 55, 56, 57, 58, 59, 60, 61, 62, 63, 64, 65, 66, 67, 68, 69, 70, 71, 72, 73, 74, 75, 76, 77, 78, 79, 80, 81, 82, 83, 84, 85, 86, 87, 88, 89, 90, 91, 92, 93, 94, 95, 96, 97, 98, 99, 100, 101, 102, 485, 486, 487, 488, 489, 490, 491, 492, 493, 494, 495, 496, 497, 498, 499, 500, 501, 502, 503, 504, 505, 506, 507, 508, 509, 510, 511, 512, 513, 514, 515, 516, 517, 518, 519, 520, 521, 522, 523, 524, 525, 526, 527, 528, 529, 530, 531, 532, 533, 534, 535, 536, 537, 538, 539, 540, 541, 542, 543, 544, 545, 546, 547, 548, 549, 550, 551, 552, 553, 554, 555, 556, 557, 558, 559, 560, 561, 562, 563, 564, 565, 566, 567, 568, 569, 570, 571, 572, 573]","[0, 5, 7, 10, 14, 19, 20, 22, 24, 32, 33, 34, 37, 38, 40, 44, 46, 48, 49, 51, 56, 61, 63, 65, 67, 68, 73, 74, 75, 76, 79, 81, 82, 83, 85, 87, 88, 92, 93, 95, 96, 99, 100, 101, 115, 116, 124, 134, 142, 161, 167, 169, 170, 186, 202, 240, 244, 254, 260, 267, 277, 300, 303, 307, 310, 322, 331, 376, 485, 491, 493, 495, 499, 503, 504, 506, 508, 515, 518, 519, 521, 524, 526, 528, 533, 537, 539, 542, 543, 547, 548, 549, 550, 551, 553, 554, 556, 558, 559, 563, 564, 566, 567, 570, 571, 572, 586, 587, 595, 605, 613, 633, 639, 640, 641, 657, 672, 704, 717, 726, 736, 759, 761, 765, 768, 780, 788, 792, 826]","[17, 18, 19, 20, 21, 22, 23, 156, 157, 158, 159, 160, 161, 162, 163, 164, 165, 166, 167, 341, 342, 343, 344, 345, 412, 413, 414, 415, 416, 417, 418, 419, 420, 421, 422, 502, 503, 504, 505, 506, 507, 628, 629, 630, 631, 632, 633, 634, 635, 636, 637, 638, 639, 792, 797, 798, 799, 800, 801, 863, 864, 865, 866, 867, 868, 869, 870, 871, 872, 873, 874]","[17, 18, 19, 20, 21, 22, 23, 156, 157, 158, 159, 160, 161, 162, 163, 164, 165, 166, 167, 168, 340, 341, 342, 343, 344, 345, 346, 412, 413, 414, 415, 416, 417, 418, 419, 420, 421, 422, 502, 503, 504, 505, 506, 507, 628, 629, 630, 631, 632, 633, 634, 635, 636, 637, 638, 639, 792, 796, 797, 798, 799, 800, 801, 863, 864, 865, 866, 867, 868, 869, 870, 871, 872, 873, 874]","[0, 1, 2, 515, 3, 5, 4, 6, 7, 8, 9, 10, 11, 12, 13, 14, 15, 16, 17, 18, 20, 19, 21, 22, 23, 24, 25, 26, 27, 28, 29, 30, 31, 32, 34, 33, 548, 35, 36, 551, 37, 38, 39, 40, 41, 42, 43, 44, 45, 46, 47, 48, 564, 49, 50, 51, 52, 53, 54, 55, 572, 56, 57, 58, 59, 60, 61, 62, 63, 64, 65, 66, 67, 68, 74, 69, 70, 71, 72, 79, 73, 81, 75, 76, 77, 78, 80, 82, 83, 84, 85, 86, 87, 93, 88, 89, 90, 91, 92, 94, 95, 101, 96, 97, 98, 99, 100, 102, 529, 530, 613, 513, 531, 115, 116, 532, 628, 629, 630, 633, 533, 631, 124, 632, 634, 534, 639, 640, 641, 635, 535, 636, 134, 637, 514, 536, 638, 537, 142, 657, 538, 539, 156, 540, 157, 158, 672, 161, 541, 159, 160, 162, 163, 542, 167, 169, 170, 164, 543, 165, 166, 168, 544, 545, 516, 186, 546, 704, 547, 202, 549, 717, 550, 517, 726, 552, 553, 736, 554, 555, 518, 556, 240, 557, 244, 759, 558, 761, 559, 254, 765, 768, 560, 260, 519, 561, 267, 562, 780, 563, 788, 277, 792, 565, 796, 797, 520, 798, 566, 799, 800, 801, 567, 568, 300, 569, 303, 307, 570, 310, 521, 571, 826, 322, 573, 331, 522, 340, 341, 342, 343, 344, 345, 346, 863, 864, 865, 866, 867, 868, 869, 870, 871, 872, 523, 873, 874, 376, 528, 524, 586, 587, 525, 412, 413, 414, 415, 416, 417, 418, 419, 420, 421, 422, 512, 595, 526, 527, 605, 485, 486, 487, 488, 489, 490, 491, 492, 493, 494, 495, 496, 497, 498, 499, 500, 501, 502, 503, 504, 505, 506, 507, 508, 509, 510, 511]",True,"[5, 34, 79, 81, 93, 101, 491, 515, 551, 564, 572]","[0, 1, 2, 3, 4, 5, 6, 7, 8, 9, 10, 11, 12, 13, 14, 15, 16, 17, 18, 19, 20, 21, 22, 23, 24, 25, 26, 27, 28, 29, 30, 31, 32, 33, 34, 35, 36, 37, 38, 39, 40, 41, 42, 43, 44, 45, 46, 47, 48, 49, 50, 51, 52, 53, 54, 55, 56, 57, 58, 59, 60, 61, 62, 63, 64, 65, 66, 67, 68, 69, 70, 71, 72, 73, 74, 75, 76, 77, 78, 79, 80, 81, 82, 83, 84, 85, 86, 87, 88, 89, 90, 91, 92, 93, 94, 95, 96, 97, 98, 99, 100, 101, 102, 485, 486, 487, 488, 489, 490, 491, 492, 493, 494, 495, 496, 497, 498, 499, 500, 501, 502, 503, 504, 505, 506, 507, 508, 509, 510, 511, 512, 513, 514, 515, 516, 517, 518, 519, 520, 521, 522, 523, 524, 525, 526, 527, 528, 529, 530, 531, 532, 533, 534, 535, 536, 537, 538, 539, 540, 541, 542, 543, 544, 545, 546, 547, 548, 549, 550, 551, 552, 553, 554, 555, 556, 557, 558, 559, 560, 561, 562, 563, 564, 565, 566, 567, 568, 569, 570, 571, 572, 573]","[5, 20, 74, 93, 101, 491, 504, 548, 564, 572]","[20, 74, 504, 548]","[0, 5, 7, 10, 14, 19, 20, 22, 24, 32, 33, 34, 37, 38, 40, 44, 46, 48, 49, 51, 56, 61, 63, 65, 67, 68, 73, 74, 75, 76, 79, 81, 82, 83, 85, 87, 88, 92, 93, 95, 96, 99, 100, 101, 115, 116, 124, 134, 142, 161, 167, 169, 170, 186, 202, 240, 244, 254, 260, 267, 277, 300, 303, 307, 310, 322, 331, 376, 485, 491, 493, 495, 499, 503, 504, 506, 508, 515, 518, 519, 521, 524, 526, 528, 533, 537, 539, 542, 543, 547, 548, 549, 550, 551, 553, 554, 556, 558, 559, 563, 564, 566, 567, 570, 571, 572, 586, 587, 595, 605, 613, 633, 639, 640, 641, 657, 672, 704, 717, 726, 736, 759, 761, 765, 768, 780, 788, 792, 826]","[17, 18, 19, 20, 21, 22, 23, 156, 157, 158, 159, 160, 161, 162, 163, 164, 165, 166, 167, 168, 340, 341, 342, 343, 344, 345, 346, 412, 413, 414, 415, 416, 417, 418, 419, 420, 421, 422, 502, 503, 504, 505, 506, 507, 628, 629, 630, 631, 632, 633, 634, 635, 636, 637, 638, 639, 792, 796, 797, 798, 799, 800, 801, 863, 864, 865, 866, 867, 868, 869, 870, 871, 872, 873, 874]","[17, 18, 19, 20, 21, 22, 23, 156, 157, 158, 159, 160, 161, 162, 163, 164, 165, 166, 167, 341, 342, 343, 344, 345, 412, 413, 414, 415, 416, 417, 418, 419, 420, 421, 422, 502, 503, 504, 505, 506, 507, 628, 629, 630, 631, 632, 633, 634, 635, 636, 637, 638, 639, 792, 797, 798, 799, 800, 801, 863, 864, 865, 866, 867, 868, 869, 870, 871, 872, 873, 874]",7/6 successful match,True,[240],True,535,False,,1.0,True,Flying J Travel Plaza # 609,Flying J
Eloy ( 85131 ) Petro Eloy # 306,520-836-3983 I-10 Exit 200 ( Sunland Gin Rd N ),PETRO 24 XL 22,Eloy,85131,Petro Eloy # 306,520-836-3983,2014,Eloy,AZ,,( Sunland Gin Rd N ),I-10 Exit 200 ,Exit,200,False,,False,I-10,,,,,"[537, 63]","[5, 34, 79, 81, 93, 101, 491, 515, 551, 564, 572]","[5, 20, 74, 93, 101, 491, 504, 548, 564, 572]","[34, 63, 81, 515, 537, 551]","[0, 1, 2, 3, 4, 5, 6, 7, 8, 9, 10, 11, 12, 13, 14, 15, 16, 17, 18, 19, 20, 21, 22, 23, 24, 25, 26, 27, 28, 29, 30, 31, 32, 33, 34, 35, 36, 37, 38, 39, 40, 41, 42, 43, 44, 45, 46, 47, 48, 49, 50, 51, 52, 53, 54, 55, 56, 57, 58, 59, 60, 61, 62, 63, 64, 65, 66, 67, 68, 69, 70, 71, 72, 73, 74, 75, 76, 77, 78, 79, 80, 81, 82, 83, 84, 85, 86, 87, 88, 89, 90, 91, 92, 93, 94, 95, 96, 97, 98, 99, 100, 101, 102, 485, 486, 487, 488, 489, 490, 491, 492, 493, 494, 495, 496, 497, 498, 499, 500, 501, 502, 503, 504, 505, 506, 507, 508, 509, 510, 511, 512, 513, 514, 515, 516, 517, 518, 519, 520, 521, 522, 523, 524, 525, 526, 527, 528, 529, 530, 531, 532, 533, 534, 535, 536, 537, 538, 539, 540, 541, 542, 543, 544, 545, 546, 547, 548, 549, 550, 551, 552, 553, 554, 555, 556, 557, 558, 559, 560, 561, 562, 563, 564, 565, 566, 567, 568, 569, 570, 571, 572, 573]","[0, 5, 7, 10, 14, 19, 20, 22, 24, 32, 33, 34, 37, 38, 40, 44, 46, 48, 49, 51, 56, 61, 63, 65, 67, 68, 73, 74, 75, 76, 79, 81, 82, 83, 85, 87, 88, 92, 93, 95, 96, 99, 100, 101, 115, 116, 124, 134, 142, 161, 167, 169, 170, 186, 202, 240, 244, 254, 260, 267, 277, 300, 303, 307, 310, 322, 331, 376, 485, 491, 493, 495, 499, 503, 504, 506, 508, 515, 518, 519, 521, 524, 526, 528, 533, 537, 539, 542, 543, 547, 548, 549, 550, 551, 553, 554, 556, 558, 559, 563, 564, 566, 567, 570, 571, 572, 586, 587, 595, 605, 613, 633, 639, 640, 641, 657, 672, 704, 717, 726, 736, 759, 761, 765, 768, 780, 788, 792, 826]",[],"[63, 64, 240, 241, 242, 243, 370, 371, 372, 537, 538, 704, 705, 706, 707, 820, 821, 822]","[0, 1, 2, 515, 3, 5, 4, 6, 7, 8, 9, 10, 11, 12, 13, 14, 15, 16, 17, 18, 20, 19, 21, 22, 23, 537, 24, 25, 26, 27, 28, 29, 30, 31, 34, 32, 548, 33, 35, 551, 36, 37, 38, 39, 40, 41, 42, 43, 44, 45, 46, 47, 564, 48, 49, 50, 51, 52, 53, 54, 572, 55, 56, 63, 57, 58, 59, 60, 61, 62, 64, 65, 66, 67, 74, 68, 69, 70, 71, 79, 72, 81, 73, 75, 76, 77, 78, 80, 82, 83, 84, 85, 86, 93, 87, 88, 89, 90, 91, 92, 94, 101, 95, 96, 97, 98, 99, 100, 102, 529, 530, 513, 531, 115, 116, 532, 633, 533, 124, 534, 639, 640, 641, 535, 134, 514, 536, 142, 657, 538, 539, 540, 672, 161, 541, 542, 167, 169, 170, 543, 544, 545, 516, 186, 546, 704, 547, 705, 706, 707, 202, 549, 717, 550, 517, 726, 552, 553, 736, 554, 555, 518, 556, 240, 241, 242, 557, 244, 243, 759, 558, 761, 559, 254, 765, 768, 560, 260, 519, 561, 267, 562, 780, 563, 788, 277, 792, 565, 520, 566, 567, 568, 300, 569, 303, 307, 570, 820, 310, 521, 821, 571, 826, 822, 322, 573, 331, 613, 522, 523, 370, 371, 372, 376, 528, 524, 586, 587, 525, 512, 595, 526, 527, 605, 485, 486, 487, 488, 489, 490, 491, 492, 493, 494, 495, 496, 497, 498, 499, 500, 501, 502, 503, 504, 505, 506, 507, 508, 509, 510, 511]",True,"[5, 34, 79, 81, 93, 101, 491, 515, 551, 564, 572]","[0, 1, 2, 3, 4, 5, 6, 7, 8, 9, 10, 11, 12, 13, 14, 15, 16, 17, 18, 19, 20, 21, 22, 23, 24, 25, 26, 27, 28, 29, 30, 31, 32, 33, 34, 35, 36, 37, 38, 39, 40, 41, 42, 43, 44, 45, 46, 47, 48, 49, 50, 51, 52, 53, 54, 55, 56, 57, 58, 59, 60, 61, 62, 63, 64, 65, 66, 67, 68, 69, 70, 71, 72, 73, 74, 75, 76, 77, 78, 79, 80, 81, 82, 83, 84, 85, 86, 87, 88, 89, 90, 91, 92, 93, 94, 95, 96, 97, 98, 99, 100, 101, 102, 485, 486, 487, 488, 489, 490, 491, 492, 493, 494, 495, 496, 497, 498, 499, 500, 501, 502, 503, 504, 505, 506, 507, 508, 509, 510, 511, 512, 513, 514, 515, 516, 517, 518, 519, 520, 521, 522, 523, 524, 525, 526, 527, 528, 529, 530, 531, 532, 533, 534, 535, 536, 537, 538, 539, 540, 541, 542, 543, 544, 545, 546, 547, 548, 549, 550, 551, 552, 553, 554, 555, 556, 557, 558, 559, 560, 561, 562, 563, 564, 565, 566, 567, 568, 569, 570, 571, 572, 573]","[5, 20, 74, 93, 101, 491, 504, 548, 564, 572]","[34, 63, 81, 515, 537, 551]","[0, 5, 7, 10, 14, 19, 20, 22, 24, 32, 33, 34, 37, 38, 40, 44, 46, 48, 49, 51, 56, 61, 63, 65, 67, 68, 73, 74, 75, 76, 79, 81, 82, 83, 85, 87, 88, 92, 93, 95, 96, 99, 100, 101, 115, 116, 124, 134, 142, 161, 167, 169, 170, 186, 202, 240, 244, 254, 260, 267, 277, 300, 303, 307, 310, 322, 331, 376, 485, 491, 493, 495, 499, 503, 504, 506, 508, 515, 518, 519, 521, 524, 526, 528, 533, 537, 539, 542, 543, 547, 548, 549, 550, 551, 553, 554, 556, 558, 559, 563, 564, 566, 567, 570, 571, 572, 586, 587, 595, 605, 613, 633, 639, 640, 641, 657, 672, 704, 717, 726, 736, 759, 761, 765, 768, 780, 788, 792, 826]","[63, 64, 240, 241, 242, 243, 370, 371, 372, 537, 538, 704, 705, 706, 707, 820, 821, 822]",[],7/6 successful match,True,"[731, 732, 733]",True,536,False,,,,,
Eloy ( 85131 ) Petro Eloy # 306,4 520-836-3983 I-10 Exit 200 ( Sunland Gin Rd N ) PETRO,<U+25A1> XL 24,Eloy,85131,Petro Eloy # 306,520-836-3983,2015,Eloy,AZ,,( Sunland Gin Rd N ) PETRO,I-10 Exit 200 ,Exit,200,False,,False,I-10,,,,,"[537, 63]","[5, 34, 79, 81, 93, 101, 491, 515, 551, 564, 572]","[5, 20, 74, 93, 101, 491, 504, 548, 564, 572]","[34, 63, 81, 515, 537, 551]","[0, 1, 2, 3, 4, 5, 6, 7, 8, 9, 10, 11, 12, 13, 14, 15, 16, 17, 18, 19, 20, 21, 22, 23, 24, 25, 26, 27, 28, 29, 30, 31, 32, 33, 34, 35, 36, 37, 38, 39, 40, 41, 42, 43, 44, 45, 46, 47, 48, 49, 50, 51, 52, 53, 54, 55, 56, 57, 58, 59, 60, 61, 62, 63, 64, 65, 66, 67, 68, 69, 70, 71, 72, 73, 74, 75, 76, 77, 78, 79, 80, 81, 82, 83, 84, 85, 86, 87, 88, 89, 90, 91, 92, 93, 94, 95, 96, 97, 98, 99, 100, 101, 102, 485, 486, 487, 488, 489, 490, 491, 492, 493, 494, 495, 496, 497, 498, 499, 500, 501, 502, 503, 504, 505, 506, 507, 508, 509, 510, 511, 512, 513, 514, 515, 516, 517, 518, 519, 520, 521, 522, 523, 524, 525, 526, 527, 528, 529, 530, 531, 532, 533, 534, 535, 536, 537, 538, 539, 540, 541, 542, 543, 544, 545, 546, 547, 548, 549, 550, 551, 552, 553, 554, 555, 556, 557, 558, 559, 560, 561, 562, 563, 564, 565, 566, 567, 568, 569, 570, 571, 572, 573]","[0, 5, 7, 10, 14, 19, 20, 22, 24, 32, 33, 34, 37, 38, 40, 44, 46, 48, 49, 51, 56, 61, 63, 65, 67, 68, 73, 74, 75, 76, 79, 81, 82, 83, 85, 87, 88, 92, 93, 95, 96, 99, 100, 101, 115, 116, 124, 134, 142, 161, 167, 169, 170, 186, 202, 240, 244, 254, 260, 267, 277, 300, 303, 307, 310, 322, 331, 376, 485, 491, 493, 495, 499, 503, 504, 506, 508, 515, 518, 519, 521, 524, 526, 528, 533, 537, 539, 542, 543, 547, 548, 549, 550, 551, 553, 554, 556, 558, 559, 563, 564, 566, 567, 570, 571, 572, 586, 587, 595, 605, 613, 633, 639, 640, 641, 657, 672, 704, 717, 726, 736, 759, 761, 765, 768, 780, 788, 792, 826]",[],"[63, 64, 240, 241, 242, 243, 370, 371, 372, 537, 538, 704, 705, 706, 707, 820, 821, 822]","[0, 1, 2, 515, 3, 5, 4, 6, 7, 8, 9, 10, 11, 12, 13, 14, 15, 16, 17, 18, 20, 19, 21, 22, 23, 537, 24, 25, 26, 27, 28, 29, 30, 31, 34, 32, 548, 33, 35, 551, 36, 37, 38, 39, 40, 41, 42, 43, 44, 45, 46, 47, 564, 48, 49, 50, 51, 52, 53, 54, 572, 55, 56, 63, 57, 58, 59, 60, 61, 62, 64, 65, 66, 67, 74, 68, 69, 70, 71, 79, 72, 81, 73, 75, 76, 77, 78, 80, 82, 83, 84, 85, 86, 93, 87, 88, 89, 90, 91, 92, 94, 101, 95, 96, 97, 98, 99, 100, 102, 529, 530, 513, 531, 115, 116, 532, 633, 533, 124, 534, 639, 640, 641, 535, 134, 514, 536, 142, 657, 538, 539, 540, 672, 161, 541, 542, 167, 169, 170, 543, 544, 545, 516, 186, 546, 704, 547, 705, 706, 707, 202, 549, 717, 550, 517, 726, 552, 553, 736, 554, 555, 518, 556, 240, 241, 242, 557, 244, 243, 759, 558, 761, 559, 254, 765, 768, 560, 260, 519, 561, 267, 562, 780, 563, 788, 277, 792, 565, 520, 566, 567, 568, 300, 569, 303, 307, 570, 820, 310, 521, 821, 571, 826, 822, 322, 573, 331, 613, 522, 523, 370, 371, 372, 376, 528, 524, 586, 587, 525, 512, 595, 526, 527, 605, 485, 486, 487, 488, 489, 490, 491, 492, 493, 494, 495, 496, 497, 498, 499, 500, 501, 502, 503, 504, 505, 506, 507, 508, 509, 510, 511]",True,"[5, 34, 79, 81, 93, 101, 491, 515, 551, 564, 572]","[0, 1, 2, 3, 4, 5, 6, 7, 8, 9, 10, 11, 12, 13, 14, 15, 16, 17, 18, 19, 20, 21, 22, 23, 24, 25, 26, 27, 28, 29, 30, 31, 32, 33, 34, 35, 36, 37, 38, 39, 40, 41, 42, 43, 44, 45, 46, 47, 48, 49, 50, 51, 52, 53, 54, 55, 56, 57, 58, 59, 60, 61, 62, 63, 64, 65, 66, 67, 68, 69, 70, 71, 72, 73, 74, 75, 76, 77, 78, 79, 80, 81, 82, 83, 84, 85, 86, 87, 88, 89, 90, 91, 92, 93, 94, 95, 96, 97, 98, 99, 100, 101, 102, 485, 486, 487, 488, 489, 490, 491, 492, 493, 494, 495, 496, 497, 498, 499, 500, 501, 502, 503, 504, 505, 506, 507, 508, 509, 510, 511, 512, 513, 514, 515, 516, 517, 518, 519, 520, 521, 522, 523, 524, 525, 526, 527, 528, 529, 530, 531, 532, 533, 534, 535, 536, 537, 538, 539, 540, 541, 542, 543, 544, 545, 546, 547, 548, 549, 550, 551, 552, 553, 554, 555, 556, 557, 558, 559, 560, 561, 562, 563, 564, 565, 566, 567, 568, 569, 570, 571, 572, 573]","[5, 20, 74, 93, 101, 491, 504, 548, 564, 572]","[34, 63, 81, 515, 537, 551]","[0, 5, 7, 10, 14, 19, 20, 22, 24, 32, 33, 34, 37, 38, 40, 44, 46, 48, 49, 51, 56, 61, 63, 65, 67, 68, 73, 74, 75, 76, 79, 81, 82, 83, 85, 87, 88, 92, 93, 95, 96, 99, 100, 101, 115, 116, 124, 134, 142, 161, 167, 169, 170, 186, 202, 240, 244, 254, 260, 267, 277, 300, 303, 307, 310, 322, 331, 376, 485, 491, 493, 495, 499, 503, 504, 506, 508, 515, 518, 519, 521, 524, 526, 528, 533, 537, 539, 542, 543, 547, 548, 549, 550, 551, 553, 554, 556, 558, 559, 563, 564, 566, 567, 570, 571, 572, 586, 587, 595, 605, 613, 633, 639, 640, 641, 657, 672, 704, 717, 726, 736, 759, 761, 765, 768, 780, 788, 792, 826]","[63, 64, 240, 241, 242, 243, 370, 371, 372, 537, 538, 704, 705, 706, 707, 820, 821, 822]",[],7/6 successful match,True,"[731, 732, 733]",True,536,False,,1.0,True,Petro Eloy # 306,
Eloy ( 85131 ) Petro Eloy # 306 ( Shell ),520-836-3983 I-10 Exit 200 ( N on Sunland Gin ) PETRO,PETRO 24 XL 24 24,Eloy,85131,Petro Eloy # 306 ( Shell ),520-836-3983,2016,Eloy,AZ,Shell,( N on Sunland Gin ) PETRO,I-10 Exit 200 ,Exit,200,False,,False,I-10,,,,,"[537, 63]","[5, 34, 79, 81, 93, 101, 491, 515, 551, 564, 572]","[5, 20, 74, 93, 101, 491, 504, 548, 564, 572]","[34, 63, 81, 515, 537, 551]","[0, 1, 2, 3, 4, 5, 6, 7, 8, 9, 10, 11, 12, 13, 14, 15, 16, 17, 18, 19, 20, 21, 22, 23, 24, 25, 26, 27, 28, 29, 30, 31, 32, 33, 34, 35, 36, 37, 38, 39, 40, 41, 42, 43, 44, 45, 46, 47, 48, 49, 50, 51, 52, 53, 54, 55, 56, 57, 58, 59, 60, 61, 62, 63, 64, 65, 66, 67, 68, 69, 70, 71, 72, 73, 74, 75, 76, 77, 78, 79, 80, 81, 82, 83, 84, 85, 86, 87, 88, 89, 90, 91, 92, 93, 94, 95, 96, 97, 98, 99, 100, 101, 102, 485, 486, 487, 488, 489, 490, 491, 492, 493, 494, 495, 496, 497, 498, 499, 500, 501, 502, 503, 504, 505, 506, 507, 508, 509, 510, 511, 512, 513, 514, 515, 516, 517, 518, 519, 520, 521, 522, 523, 524, 525, 526, 527, 528, 529, 530, 531, 532, 533, 534, 535, 536, 537, 538, 539, 540, 541, 542, 543, 544, 545, 546, 547, 548, 549, 550, 551, 552, 553, 554, 555, 556, 557, 558, 559, 560, 561, 562, 563, 564, 565, 566, 567, 568, 569, 570, 571, 572, 573]","[0, 5, 7, 10, 14, 19, 20, 22, 24, 32, 33, 34, 37, 38, 40, 44, 46, 48, 49, 51, 56, 61, 63, 65, 67, 68, 73, 74, 75, 76, 79, 81, 82, 83, 85, 87, 88, 92, 93, 95, 96, 99, 100, 101, 115, 116, 124, 134, 142, 161, 167, 169, 170, 186, 202, 240, 244, 254, 260, 267, 277, 300, 303, 307, 310, 322, 331, 376, 485, 491, 493, 495, 499, 503, 504, 506, 508, 515, 518, 519, 521, 524, 526, 528, 533, 537, 539, 542, 543, 547, 548, 549, 550, 551, 553, 554, 556, 558, 559, 563, 564, 566, 567, 570, 571, 572, 586, 587, 595, 605, 613, 633, 639, 640, 641, 657, 672, 704, 717, 726, 736, 759, 761, 765, 768, 780, 788, 792, 826]","[1, 13, 14, 29, 54, 55, 56, 57, 58, 60, 102, 118, 125, 127, 130, 134, 146, 149, 153, 175, 182, 187, 189, 191, 197, 225, 230, 238, 264, 265, 266, 286, 302, 317, 336, 379, 388, 389, 425, 454, 458, 463, 475, 487, 498, 499, 512, 530, 531, 532, 533, 534, 536, 573, 589, 596, 598, 601, 605, 617, 620, 624, 646, 653, 658, 660, 662, 668, 689, 694, 702, 724, 725, 745, 760, 775, 793, 829, 838, 839, 877, 901, 903, 905, 910, 923]","[1, 13, 14, 29, 54, 55, 56, 57, 58, 60, 63, 64, 102, 118, 125, 127, 130, 134, 146, 149, 153, 175, 182, 187, 189, 191, 197, 225, 230, 238, 240, 241, 242, 243, 264, 265, 266, 286, 302, 317, 336, 354, 370, 371, 372, 379, 388, 389, 425, 454, 458, 463, 475, 487, 498, 499, 512, 530, 531, 532, 533, 534, 536, 537, 538, 573, 589, 596, 598, 601, 605, 617, 620, 624, 646, 653, 658, 660, 662, 668, 689, 694, 702, 704, 705, 706, 707, 724, 725, 745, 760, 775, 793, 809, 820, 821, 822, 829, 838, 839, 877, 901, 903, 905, 910, 923]","[0, 1, 2, 3, 4, 5, 6, 7, 8, 9, 10, 11, 12, 13, 14, 15, 16, 17, 18, 19, 20, 21, 22, 23, 24, 25, 26, 27, 28, 29, 30, 31, 32, 33, 34, 35, 36, 37, 38, 39, 40, 41, 42, 43, 44, 45, 46, 47, 48, 49, 50, 51, 52, 53, 54, 55, 56, 57, 58, 59, 60, 61, 62, 63, 64, 65, 66, 67, 68, 69, 70, 71, 72, 73, 74, 75, 76, 77, 78, 79, 80, 81, 82, 83, 84, 85, 86, 87, 88, 89, 90, 91, 92, 93, 94, 95, 96, 97, 98, 99, 100, 101, 102, 115, 116, 118, 124, 125, 127, 130, 134, 142, 146, 149, 153, 161, 167, 169, 170, 175, 182, 186, 187, 189, 191, 197, 202, 225, 230, 238, 240, 241, 242, 243, 244, 254, 260, 264, 265, 266, 267, 277, 286, 300, 302, 303, 307, 310, 317, 322, 331, 336, 354, 370, 371, 372, 376, 379, 388, 389, 425, 454, 458, 463, 475, 485, 486, 487, 488, 489, 490, 491, 492, 493, 494, 495, 496, 497, 498, 499, 500, 501, 502, 503, 504, 505, 506, 507, 508, 509, 510, 511, 512, 513, 514, 515, 516, 517, 518, 519, 520, 521, 522, 523, 524, 525, 526, 527, 528, 529, 530, 531, 532, 533, 534, 535, 536, 537, 538, 539, 540, 541, 542, 543, 544, 545, 546, 547, 548, 549, 550, 551, 552, 553, 554, 555, 556, 557, 558, 559, 560, 561, 562, 563, 564, 565, 566, 567, 568, 569, 570, 571, 572, 573, 586, 587, 589, 595, 596, 598, 601, 605, 613, 617, 620, 624, 633, 639, 640, 641, 646, 653, 657, 658, 660, 662, 668, 672, 689, 694, 702, 704, 705, 706, 707, 717, 724, 725, 726, 736, 745, 759, 760, 761, 765, 768, 775, 780, 788, 792, 793, 809, 820, 821, 822, 826, 829, 838, 839, 877, 901, 903, 905, 910, 923]",True,"[5, 34, 79, 81, 93, 101, 491, 515, 551, 564, 572]","[0, 1, 2, 3, 4, 5, 6, 7, 8, 9, 10, 11, 12, 13, 14, 15, 16, 17, 18, 19, 20, 21, 22, 23, 24, 25, 26, 27, 28, 29, 30, 31, 32, 33, 34, 35, 36, 37, 38, 39, 40, 41, 42, 43, 44, 45, 46, 47, 48, 49, 50, 51, 52, 53, 54, 55, 56, 57, 58, 59, 60, 61, 62, 63, 64, 65, 66, 67, 68, 69, 70, 71, 72, 73, 74, 75, 76, 77, 78, 79, 80, 81, 82, 83, 84, 85, 86, 87, 88, 89, 90, 91, 92, 93, 94, 95, 96, 97, 98, 99, 100, 101, 102, 485, 486, 487, 488, 489, 490, 491, 492, 493, 494, 495, 496, 497, 498, 499, 500, 501, 502, 503, 504, 505, 506, 507, 508, 509, 510, 511, 512, 513, 514, 515, 516, 517, 518, 519, 520, 521, 522, 523, 524, 525, 526, 527, 528, 529, 530, 531, 532, 533, 534, 535, 536, 537, 538, 539, 540, 541, 542, 543, 544, 545, 546, 547, 548, 549, 550, 551, 552, 553, 554, 555, 556, 557, 558, 559, 560, 561, 562, 563, 564, 565, 566, 567, 568, 569, 570, 571, 572, 573]","[5, 20, 74, 93, 101, 491, 504, 548, 564, 572]","[34, 63, 81, 515, 537, 551]","[0, 5, 7, 10, 14, 19, 20, 22, 24, 32, 33, 34, 37, 38, 40, 44, 46, 48, 49, 51, 56, 61, 63, 65, 67, 68, 73, 74, 75, 76, 79, 81, 82, 83, 85, 87, 88, 92, 93, 95, 96, 99, 100, 101, 115, 116, 124, 134, 142, 161, 167, 169, 170, 186, 202, 240, 244, 254, 260, 267, 277, 300, 303, 307, 310, 322, 331, 376, 485, 491, 493, 495, 499, 503, 504, 506, 508, 515, 518, 519, 521, 524, 526, 528, 533, 537, 539, 542, 543, 547, 548, 549, 550, 551, 553, 554, 556, 558, 559, 563, 564, 566, 567, 570, 571, 572, 586, 587, 595, 605, 613, 633, 639, 640, 641, 657, 672, 704, 717, 726, 736, 759, 761, 765, 768, 780, 788, 792, 826]","[1, 13, 14, 29, 54, 55, 56, 57, 58, 60, 63, 64, 102, 118, 125, 127, 130, 134, 146, 149, 153, 175, 182, 187, 189, 191, 197, 225, 230, 238, 240, 241, 242, 243, 264, 265, 266, 286, 302, 317, 336, 354, 370, 371, 372, 379, 388, 389, 425, 454, 458, 463, 475, 487, 498, 499, 512, 530, 531, 532, 533, 534, 536, 537, 538, 573, 589, 596, 598, 601, 605, 617, 620, 624, 646, 653, 658, 660, 662, 668, 689, 694, 702, 704, 705, 706, 707, 724, 725, 745, 760, 775, 793, 809, 820, 821, 822, 829, 838, 839, 877, 901, 903, 905, 910, 923]","[1, 13, 14, 29, 54, 55, 56, 57, 58, 60, 102, 118, 125, 127, 130, 134, 146, 149, 153, 175, 182, 187, 189, 191, 197, 225, 230, 238, 264, 265, 266, 286, 302, 317, 336, 379, 388, 389, 425, 454, 458, 463, 475, 487, 498, 499, 512, 530, 531, 532, 533, 534, 536, 573, 589, 596, 598, 601, 605, 617, 620, 624, 646, 653, 658, 660, 662, 668, 689, 694, 702, 724, 725, 745, 760, 775, 793, 829, 838, 839, 877, 901, 903, 905, 910, 923]",6/6 successful match,True,"[731, 732, 733]",True,536,False,,1.0,True,Petro Eloy # 306,
Eloy ( 85131 ) Pride Travel Center,4 520-836-9681 I-10 Exit 200 ( Sunland Gin Rd N ),MOO,Eloy,85131,Pride Travel Center,520-836-9681,2014,Eloy,AZ,,( Sunland Gin Rd N ),I-10 Exit 200 ,Exit,200,False,,False,I-10,,,,,"[81, 551]","[5, 34, 79, 81, 93, 101, 491, 515, 551, 564, 572]","[5, 20, 74, 93, 101, 491, 504, 548, 564, 572]","[34, 63, 81, 515, 537, 551]","[0, 1, 2, 3, 4, 5, 6, 7, 8, 9, 10, 11, 12, 13, 14, 15, 16, 17, 18, 19, 20, 21, 22, 23, 24, 25, 26, 27, 28, 29, 30, 31, 32, 33, 34, 35, 36, 37, 38, 39, 40, 41, 42, 43, 44, 45, 46, 47, 48, 49, 50, 51, 52, 53, 54, 55, 56, 57, 58, 59, 60, 61, 62, 63, 64, 65, 66, 67, 68, 69, 70, 71, 72, 73, 74, 75, 76, 77, 78, 79, 80, 81, 82, 83, 84, 85, 86, 87, 88, 89, 90, 91, 92, 93, 94, 95, 96, 97, 98, 99, 100, 101, 102, 485, 486, 487, 488, 489, 490, 491, 492, 493, 494, 495, 496, 497, 498, 499, 500, 501, 502, 503, 504, 505, 506, 507, 508, 509, 510, 511, 512, 513, 514, 515, 516, 517, 518, 519, 520, 521, 522, 523, 524, 525, 526, 527, 528, 529, 530, 531, 532, 533, 534, 535, 536, 537, 538, 539, 540, 541, 542, 543, 544, 545, 546, 547, 548, 549, 550, 551, 552, 553, 554, 555, 556, 557, 558, 559, 560, 561, 562, 563, 564, 565, 566, 567, 568, 569, 570, 571, 572, 573]","[0, 5, 7, 10, 14, 19, 20, 22, 24, 32, 33, 34, 37, 38, 40, 44, 46, 48, 49, 51, 56, 61, 63, 65, 67, 68, 73, 74, 75, 76, 79, 81, 82, 83, 85, 87, 88, 92, 93, 95, 96, 99, 100, 101, 115, 116, 124, 134, 142, 161, 167, 169, 170, 186, 202, 240, 244, 254, 260, 267, 277, 300, 303, 307, 310, 322, 331, 376, 485, 491, 493, 495, 499, 503, 504, 506, 508, 515, 518, 519, 521, 524, 526, 528, 533, 537, 539, 542, 543, 547, 548, 549, 550, 551, 553, 554, 556, 558, 559, 563, 564, 566, 567, 570, 571, 572, 586, 587, 595, 605, 613, 633, 639, 640, 641, 657, 672, 704, 717, 726, 736, 759, 761, 765, 768, 780, 788, 792, 826]",[],"[79, 80, 81, 82, 551, 552, 553]","[0, 1, 2, 515, 3, 5, 4, 6, 7, 8, 9, 10, 11, 12, 13, 14, 15, 16, 17, 18, 20, 19, 21, 22, 23, 537, 24, 25, 26, 27, 28, 29, 30, 31, 34, 32, 548, 33, 35, 551, 36, 37, 38, 39, 40, 41, 42, 43, 44, 45, 46, 47, 564, 48, 49, 50, 51, 52, 53, 54, 572, 55, 56, 63, 57, 58, 59, 60, 61, 62, 64, 65, 66, 67, 74, 68, 69, 70, 71, 79, 72, 81, 73, 75, 76, 77, 78, 80, 82, 83, 84, 85, 86, 93, 87, 88, 89, 90, 91, 92, 94, 101, 95, 96, 97, 98, 99, 100, 102, 529, 530, 513, 531, 115, 116, 532, 633, 533, 124, 534, 639, 640, 641, 535, 134, 514, 536, 142, 657, 538, 539, 540, 672, 161, 541, 542, 167, 169, 170, 543, 544, 545, 516, 186, 546, 704, 547, 202, 549, 717, 550, 517, 726, 552, 553, 736, 554, 555, 518, 556, 240, 557, 244, 759, 558, 761, 559, 254, 765, 768, 560, 260, 519, 561, 267, 562, 780, 563, 788, 277, 792, 565, 520, 566, 567, 568, 300, 569, 303, 307, 570, 310, 521, 571, 826, 322, 573, 331, 613, 522, 523, 376, 528, 524, 586, 587, 525, 512, 595, 526, 527, 605, 485, 486, 487, 488, 489, 490, 491, 492, 493, 494, 495, 496, 497, 498, 499, 500, 501, 502, 503, 504, 505, 506, 507, 508, 509, 510, 511]",True,"[5, 34, 79, 81, 93, 101, 491, 515, 551, 564, 572]","[0, 1, 2, 3, 4, 5, 6, 7, 8, 9, 10, 11, 12, 13, 14, 15, 16, 17, 18, 19, 20, 21, 22, 23, 24, 25, 26, 27, 28, 29, 30, 31, 32, 33, 34, 35, 36, 37, 38, 39, 40, 41, 42, 43, 44, 45, 46, 47, 48, 49, 50, 51, 52, 53, 54, 55, 56, 57, 58, 59, 60, 61, 62, 63, 64, 65, 66, 67, 68, 69, 70, 71, 72, 73, 74, 75, 76, 77, 78, 79, 80, 81, 82, 83, 84, 85, 86, 87, 88, 89, 90, 91, 92, 93, 94, 95, 96, 97, 98, 99, 100, 101, 102, 485, 486, 487, 488, 489, 490, 491, 492, 493, 494, 495, 496, 497, 498, 499, 500, 501, 502, 503, 504, 505, 506, 507, 508, 509, 510, 511, 512, 513, 514, 515, 516, 517, 518, 519, 520, 521, 522, 523, 524, 525, 526, 527, 528, 529, 530, 531, 532, 533, 534, 535, 536, 537, 538, 539, 540, 541, 542, 543, 544, 545, 546, 547, 548, 549, 550, 551, 552, 553, 554, 555, 556, 557, 558, 559, 560, 561, 562, 563, 564, 565, 566, 567, 568, 569, 570, 571, 572, 573]","[5, 20, 74, 93, 101, 491, 504, 548, 564, 572]","[34, 63, 81, 515, 537, 551]","[0, 5, 7, 10, 14, 19, 20, 22, 24, 32, 33, 34, 37, 38, 40, 44, 46, 48, 49, 51, 56, 61, 63, 65, 67, 68, 73, 74, 75, 76, 79, 81, 82, 83, 85, 87, 88, 92, 93, 95, 96, 99, 100, 101, 115, 116, 124, 134, 142, 161, 167, 169, 170, 186, 202, 240, 244, 254, 260, 267, 277, 300, 303, 307, 310, 322, 331, 376, 485, 491, 493, 495, 499, 503, 504, 506, 508, 515, 518, 519, 521, 524, 526, 528, 533, 537, 539, 542, 543, 547, 548, 549, 550, 551, 553, 554, 556, 558, 559, 563, 564, 566, 567, 570, 571, 572, 586, 587, 595, 605, 613, 633, 639, 640, 641, 657, 672, 704, 717, 726, 736, 759, 761, 765, 768, 780, 788, 792, 826]","[79, 80, 81, 82, 551, 552, 553]",[],7/6 successful match,True,[90],True,537,False,,,,,
Eloy ( 85131 ) Pride Travel Center,4 520-836-9681 I-10 Exit 200 ( Sunland Gin Rd N ),24 22 M,Eloy,85131,Pride Travel Center,520-836-9681,2015,Eloy,AZ,,( Sunland Gin Rd N ),I-10 Exit 200 ,Exit,200,False,,False,I-10,,,,,"[81, 551]","[5, 34, 79, 81, 93, 101, 491, 515, 551, 564, 572]","[5, 20, 74, 93, 101, 491, 504, 548, 564, 572]","[34, 63, 81, 515, 537, 551]","[0, 1, 2, 3, 4, 5, 6, 7, 8, 9, 10, 11, 12, 13, 14, 15, 16, 17, 18, 19, 20, 21, 22, 23, 24, 25, 26, 27, 28, 29, 30, 31, 32, 33, 34, 35, 36, 37, 38, 39, 40, 41, 42, 43, 44, 45, 46, 47, 48, 49, 50, 51, 52, 53, 54, 55, 56, 57, 58, 59, 60, 61, 62, 63, 64, 65, 66, 67, 68, 69, 70, 71, 72, 73, 74, 75, 76, 77, 78, 79, 80, 81, 82, 83, 84, 85, 86, 87, 88, 89, 90, 91, 92, 93, 94, 95, 96, 97, 98, 99, 100, 101, 102, 485, 486, 487, 488, 489, 490, 491, 492, 493, 494, 495, 496, 497, 498, 499, 500, 501, 502, 503, 504, 505, 506, 507, 508, 509, 510, 511, 512, 513, 514, 515, 516, 517, 518, 519, 520, 521, 522, 523, 524, 525, 526, 527, 528, 529, 530, 531, 532, 533, 534, 535, 536, 537, 538, 539, 540, 541, 542, 543, 544, 545, 546, 547, 548, 549, 550, 551, 552, 553, 554, 555, 556, 557, 558, 559, 560, 561, 562, 563, 564, 565, 566, 567, 568, 569, 570, 571, 572, 573]","[0, 5, 7, 10, 14, 19, 20, 22, 24, 32, 33, 34, 37, 38, 40, 44, 46, 48, 49, 51, 56, 61, 63, 65, 67, 68, 73, 74, 75, 76, 79, 81, 82, 83, 85, 87, 88, 92, 93, 95, 96, 99, 100, 101, 115, 116, 124, 134, 142, 161, 167, 169, 170, 186, 202, 240, 244, 254, 260, 267, 277, 300, 303, 307, 310, 322, 331, 376, 485, 491, 493, 495, 499, 503, 504, 506, 508, 515, 518, 519, 521, 524, 526, 528, 533, 537, 539, 542, 543, 547, 548, 549, 550, 551, 553, 554, 556, 558, 559, 563, 564, 566, 567, 570, 571, 572, 586, 587, 595, 605, 613, 633, 639, 640, 641, 657, 672, 704, 717, 726, 736, 759, 761, 765, 768, 780, 788, 792, 826]",[],"[79, 80, 81, 82, 551, 552, 553]","[0, 1, 2, 515, 3, 5, 4, 6, 7, 8, 9, 10, 11, 12, 13, 14, 15, 16, 17, 18, 20, 19, 21, 22, 23, 537, 24, 25, 26, 27, 28, 29, 30, 31, 34, 32, 548, 33, 35, 551, 36, 37, 38, 39, 40, 41, 42, 43, 44, 45, 46, 47, 564, 48, 49, 50, 51, 52, 53, 54, 572, 55, 56, 63, 57, 58, 59, 60, 61, 62, 64, 65, 66, 67, 74, 68, 69, 70, 71, 79, 72, 81, 73, 75, 76, 77, 78, 80, 82, 83, 84, 85, 86, 93, 87, 88, 89, 90, 91, 92, 94, 101, 95, 96, 97, 98, 99, 100, 102, 529, 530, 513, 531, 115, 116, 532, 633, 533, 124, 534, 639, 640, 641, 535, 134, 514, 536, 142, 657, 538, 539, 540, 672, 161, 541, 542, 167, 169, 170, 543, 544, 545, 516, 186, 546, 704, 547, 202, 549, 717, 550, 517, 726, 552, 553, 736, 554, 555, 518, 556, 240, 557, 244, 759, 558, 761, 559, 254, 765, 768, 560, 260, 519, 561, 267, 562, 780, 563, 788, 277, 792, 565, 520, 566, 567, 568, 300, 569, 303, 307, 570, 310, 521, 571, 826, 322, 573, 331, 613, 522, 523, 376, 528, 524, 586, 587, 525, 512, 595, 526, 527, 605, 485, 486, 487, 488, 489, 490, 491, 492, 493, 494, 495, 496, 497, 498, 499, 500, 501, 502, 503, 504, 505, 506, 507, 508, 509, 510, 511]",True,"[5, 34, 79, 81, 93, 101, 491, 515, 551, 564, 572]","[0, 1, 2, 3, 4, 5, 6, 7, 8, 9, 10, 11, 12, 13, 14, 15, 16, 17, 18, 19, 20, 21, 22, 23, 24, 25, 26, 27, 28, 29, 30, 31, 32, 33, 34, 35, 36, 37, 38, 39, 40, 41, 42, 43, 44, 45, 46, 47, 48, 49, 50, 51, 52, 53, 54, 55, 56, 57, 58, 59, 60, 61, 62, 63, 64, 65, 66, 67, 68, 69, 70, 71, 72, 73, 74, 75, 76, 77, 78, 79, 80, 81, 82, 83, 84, 85, 86, 87, 88, 89, 90, 91, 92, 93, 94, 95, 96, 97, 98, 99, 100, 101, 102, 485, 486, 487, 488, 489, 490, 491, 492, 493, 494, 495, 496, 497, 498, 499, 500, 501, 502, 503, 504, 505, 506, 507, 508, 509, 510, 511, 512, 513, 514, 515, 516, 517, 518, 519, 520, 521, 522, 523, 524, 525, 526, 527, 528, 529, 530, 531, 532, 533, 534, 535, 536, 537, 538, 539, 540, 541, 542, 543, 544, 545, 546, 547, 548, 549, 550, 551, 552, 553, 554, 555, 556, 557, 558, 559, 560, 561, 562, 563, 564, 565, 566, 567, 568, 569, 570, 571, 572, 573]","[5, 20, 74, 93, 101, 491, 504, 548, 564, 572]","[34, 63, 81, 515, 537, 551]","[0, 5, 7, 10, 14, 19, 20, 22, 24, 32, 33, 34, 37, 38, 40, 44, 46, 48, 49, 51, 56, 61, 63, 65, 67, 68, 73, 74, 75, 76, 79, 81, 82, 83, 85, 87, 88, 92, 93, 95, 96, 99, 100, 101, 115, 116, 124, 134, 142, 161, 167, 169, 170, 186, 202, 240, 244, 254, 260, 267, 277, 300, 303, 307, 310, 322, 331, 376, 485, 491, 493, 495, 499, 503, 504, 506, 508, 515, 518, 519, 521, 524, 526, 528, 533, 537, 539, 542, 543, 547, 548, 549, 550, 551, 553, 554, 556, 558, 559, 563, 564, 566, 567, 570, 571, 572, 586, 587, 595, 605, 613, 633, 639, 640, 641, 657, 672, 704, 717, 726, 736, 759, 761, 765, 768, 780, 788, 792, 826]","[79, 80, 81, 82, 551, 552, 553]",[],7/6 successful match,True,[90],True,537,False,,1.0,True,Pride Travel Center,
Eloy ( 85131 ) Pride Travel Center,520-836-9681 I-10 Exit 200 ( N on Sunland Gin ),M 24,Eloy,85131,Pride Travel Center,520-836-9681,2016,Eloy,AZ,,( N on Sunland Gin ),I-10 Exit 200 ,Exit,200,False,,False,I-10,,,,,"[81, 551]","[5, 34, 79, 81, 93, 101, 491, 515, 551, 564, 572]","[5, 20, 74, 93, 101, 491, 504, 548, 564, 572]","[34, 63, 81, 515, 537, 551]","[0, 1, 2, 3, 4, 5, 6, 7, 8, 9, 10, 11, 12, 13, 14, 15, 16, 17, 18, 19, 20, 21, 22, 23, 24, 25, 26, 27, 28, 29, 30, 31, 32, 33, 34, 35, 36, 37, 38, 39, 40, 41, 42, 43, 44, 45, 46, 47, 48, 49, 50, 51, 52, 53, 54, 55, 56, 57, 58, 59, 60, 61, 62, 63, 64, 65, 66, 67, 68, 69, 70, 71, 72, 73, 74, 75, 76, 77, 78, 79, 80, 81, 82, 83, 84, 85, 86, 87, 88, 89, 90, 91, 92, 93, 94, 95, 96, 97, 98, 99, 100, 101, 102, 485, 486, 487, 488, 489, 490, 491, 492, 493, 494, 495, 496, 497, 498, 499, 500, 501, 502, 503, 504, 505, 506, 507, 508, 509, 510, 511, 512, 513, 514, 515, 516, 517, 518, 519, 520, 521, 522, 523, 524, 525, 526, 527, 528, 529, 530, 531, 532, 533, 534, 535, 536, 537, 538, 539, 540, 541, 542, 543, 544, 545, 546, 547, 548, 549, 550, 551, 552, 553, 554, 555, 556, 557, 558, 559, 560, 561, 562, 563, 564, 565, 566, 567, 568, 569, 570, 571, 572, 573]","[0, 5, 7, 10, 14, 19, 20, 22, 24, 32, 33, 34, 37, 38, 40, 44, 46, 48, 49, 51, 56, 61, 63, 65, 67, 68, 73, 74, 75, 76, 79, 81, 82, 83, 85, 87, 88, 92, 93, 95, 96, 99, 100, 101, 115, 116, 124, 134, 142, 161, 167, 169, 170, 186, 202, 240, 244, 254, 260, 267, 277, 300, 303, 307, 310, 322, 331, 376, 485, 491, 493, 495, 499, 503, 504, 506, 508, 515, 518, 519, 521, 524, 526, 528, 533, 537, 539, 542, 543, 547, 548, 549, 550, 551, 553, 554, 556, 558, 559, 563, 564, 566, 567, 570, 571, 572, 586, 587, 595, 605, 613, 633, 639, 640, 641, 657, 672, 704, 717, 726, 736, 759, 761, 765, 768, 780, 788, 792, 826]",[],"[79, 80, 81, 82, 551, 552, 553]","[0, 1, 2, 515, 3, 5, 4, 6, 7, 8, 9, 10, 11, 12, 13, 14, 15, 16, 17, 18, 20, 19, 21, 22, 23, 537, 24, 25, 26, 27, 28, 29, 30, 31, 34, 32, 548, 33, 35, 551, 36, 37, 38, 39, 40, 41, 42, 43, 44, 45, 46, 47, 564, 48, 49, 50, 51, 52, 53, 54, 572, 55, 56, 63, 57, 58, 59, 60, 61, 62, 64, 65, 66, 67, 74, 68, 69, 70, 71, 79, 72, 81, 73, 75, 76, 77, 78, 80, 82, 83, 84, 85, 86, 93, 87, 88, 89, 90, 91, 92, 94, 101, 95, 96, 97, 98, 99, 100, 102, 529, 530, 513, 531, 115, 116, 532, 633, 533, 124, 534, 639, 640, 641, 535, 134, 514, 536, 142, 657, 538, 539, 540, 672, 161, 541, 542, 167, 169, 170, 543, 544, 545, 516, 186, 546, 704, 547, 202, 549, 717, 550, 517, 726, 552, 553, 736, 554, 555, 518, 556, 240, 557, 244, 759, 558, 761, 559, 254, 765, 768, 560, 260, 519, 561, 267, 562, 780, 563, 788, 277, 792, 565, 520, 566, 567, 568, 300, 569, 303, 307, 570, 310, 521, 571, 826, 322, 573, 331, 613, 522, 523, 376, 528, 524, 586, 587, 525, 512, 595, 526, 527, 605, 485, 486, 487, 488, 489, 490, 491, 492, 493, 494, 495, 496, 497, 498, 499, 500, 501, 502, 503, 504, 505, 506, 507, 508, 509, 510, 511]",True,"[5, 34, 79, 81, 93, 101, 491, 515, 551, 564, 572]","[0, 1, 2, 3, 4, 5, 6, 7, 8, 9, 10, 11, 12, 13, 14, 15, 16, 17, 18, 19, 20, 21, 22, 23, 24, 25, 26, 27, 28, 29, 30, 31, 32, 33, 34, 35, 36, 37, 38, 39, 40, 41, 42, 43, 44, 45, 46, 47, 48, 49, 50, 51, 52, 53, 54, 55, 56, 57, 58, 59, 60, 61, 62, 63, 64, 65, 66, 67, 68, 69, 70, 71, 72, 73, 74, 75, 76, 77, 78, 79, 80, 81, 82, 83, 84, 85, 86, 87, 88, 89, 90, 91, 92, 93, 94, 95, 96, 97, 98, 99, 100, 101, 102, 485, 486, 487, 488, 489, 490, 491, 492, 493, 494, 495, 496, 497, 498, 499, 500, 501, 502, 503, 504, 505, 506, 507, 508, 509, 510, 511, 512, 513, 514, 515, 516, 517, 518, 519, 520, 521, 522, 523, 524, 525, 526, 527, 528, 529, 530, 531, 532, 533, 534, 535, 536, 537, 538, 539, 540, 541, 542, 543, 544, 545, 546, 547, 548, 549, 550, 551, 552, 553, 554, 555, 556, 557, 558, 559, 560, 561, 562, 563, 564, 565, 566, 567, 568, 569, 570, 571, 572, 573]","[5, 20, 74, 93, 101, 491, 504, 548, 564, 572]","[34, 63, 81, 515, 537, 551]","[0, 5, 7, 10, 14, 19, 20, 22, 24, 32, 33, 34, 37, 38, 40, 44, 46, 48, 49, 51, 56, 61, 63, 65, 67, 68, 73, 74, 75, 76, 79, 81, 82, 83, 85, 87, 88, 92, 93, 95, 96, 99, 100, 101, 115, 116, 124, 134, 142, 161, 167, 169, 170, 186, 202, 240, 244, 254, 260, 267, 277, 300, 303, 307, 310, 322, 331, 376, 485, 491, 493, 495, 499, 503, 504, 506, 508, 515, 518, 519, 521, 524, 526, 528, 533, 537, 539, 542, 543, 547, 548, 549, 550, 551, 553, 554, 556, 558, 559, 563, 564, 566, 567, 570, 571, 572, 586, 587, 595, 605, 613, 633, 639, 640, 641, 657, 672, 704, 717, 726, 736, 759, 761, 765, 768, 780, 788, 792, 826]","[79, 80, 81, 82, 551, 552, 553]",[],7/6 successful match,True,[90],True,537,False,,1.0,True,Pride Travel Center,
"Casa Grande , 85222 Love's Travel Stop # 265",520-423-2015 I-10 Exit 200 op # 265,24 HRS XL 240,Casa Grande,85222,Love's Travel Stop # 265,520-423-2015,2006,Casa Grande,AZ,Love's,,I-10 Exit 200 op # 265,Exit,200,False,,False,I-10,,,,,"[34, 515]",[],"[34, 63, 79, 81, 515, 537, 551]","[34, 63, 81, 515, 537, 551]","[0, 1, 2, 3, 4, 5, 6, 7, 8, 9, 10, 11, 12, 13, 14, 15, 16, 17, 18, 19, 20, 21, 22, 23, 24, 25, 26, 27, 28, 29, 30, 31, 32, 33, 34, 35, 36, 37, 38, 39, 40, 41, 42, 43, 44, 45, 46, 47, 48, 49, 50, 51, 52, 53, 54, 55, 56, 57, 58, 59, 60, 61, 62, 63, 64, 65, 66, 67, 68, 69, 70, 71, 72, 73, 74, 75, 76, 77, 78, 79, 80, 81, 82, 83, 84, 85, 86, 87, 88, 89, 90, 91, 92, 93, 94, 95, 96, 97, 98, 99, 100, 101, 102, 485, 486, 487, 488, 489, 490, 491, 492, 493, 494, 495, 496, 497, 498, 499, 500, 501, 502, 503, 504, 505, 506, 507, 508, 509, 510, 511, 512, 513, 514, 515, 516, 517, 518, 519, 520, 521, 522, 523, 524, 525, 526, 527, 528, 529, 530, 531, 532, 533, 534, 535, 536, 537, 538, 539, 540, 541, 542, 543, 544, 545, 546, 547, 548, 549, 550, 551, 552, 553, 554, 555, 556, 557, 558, 559, 560, 561, 562, 563, 564, 565, 566, 567, 568, 569, 570, 571, 572, 573]","[0, 5, 7, 10, 14, 19, 20, 22, 24, 32, 33, 34, 37, 38, 40, 44, 46, 48, 49, 51, 56, 61, 63, 65, 67, 68, 73, 74, 75, 76, 79, 81, 82, 83, 85, 87, 88, 92, 93, 95, 96, 99, 100, 101, 115, 116, 124, 134, 142, 161, 167, 169, 170, 186, 202, 240, 244, 254, 260, 267, 277, 300, 303, 307, 310, 322, 331, 376, 485, 491, 493, 495, 499, 503, 504, 506, 508, 515, 518, 519, 521, 524, 526, 528, 533, 537, 539, 542, 543, 547, 548, 549, 550, 551, 553, 554, 556, 558, 559, 563, 564, 566, 567, 570, 571, 572, 586, 587, 595, 605, 613, 633, 639, 640, 641, 657, 672, 704, 717, 726, 736, 759, 761, 765, 768, 780, 788, 792, 826]","[34, 35, 36, 37, 38, 39, 40, 41, 42, 43, 44, 45, 46, 47, 48, 201, 202, 203, 204, 205, 206, 207, 208, 209, 210, 211, 212, 213, 214, 215, 216, 355, 356, 357, 358, 359, 360, 361, 429, 430, 431, 432, 433, 434, 435, 515, 516, 517, 518, 519, 520, 521, 522, 523, 524, 525, 526, 527, 672, 673, 674, 675, 676, 677, 678, 679, 680, 681, 682, 683, 684, 810, 811, 812, 813, 814, 881, 882, 883, 884, 885, 886]","[32, 33, 34, 35, 36, 37, 38, 39, 40, 41, 42, 43, 44, 45, 46, 47, 48, 201, 202, 203, 204, 205, 206, 207, 208, 209, 210, 211, 212, 213, 214, 215, 216, 355, 356, 357, 358, 359, 360, 361, 429, 430, 431, 432, 433, 434, 435, 515, 516, 517, 518, 519, 520, 521, 522, 523, 524, 525, 526, 527, 672, 673, 674, 675, 676, 677, 678, 679, 680, 681, 682, 683, 684, 810, 811, 812, 813, 814, 881, 882, 883, 884, 885, 886]","[0, 1, 2, 515, 3, 4, 5, 6, 7, 8, 9, 10, 11, 12, 13, 14, 15, 16, 17, 18, 19, 20, 21, 22, 23, 537, 24, 25, 26, 27, 28, 29, 30, 31, 34, 32, 33, 35, 36, 551, 37, 38, 39, 40, 41, 42, 43, 44, 45, 46, 47, 48, 49, 50, 51, 52, 53, 54, 55, 56, 57, 58, 59, 63, 60, 61, 62, 64, 65, 66, 67, 68, 69, 70, 71, 72, 73, 74, 75, 79, 76, 81, 77, 78, 80, 82, 83, 84, 85, 86, 87, 88, 89, 90, 91, 92, 93, 94, 95, 96, 97, 98, 99, 100, 101, 102, 528, 529, 530, 613, 513, 531, 115, 116, 532, 633, 533, 124, 534, 639, 640, 641, 535, 134, 514, 536, 142, 657, 538, 539, 540, 672, 161, 541, 673, 674, 675, 676, 542, 167, 169, 170, 677, 543, 678, 679, 680, 681, 682, 544, 683, 684, 545, 516, 186, 546, 704, 547, 548, 201, 202, 549, 203, 717, 204, 205, 550, 206, 207, 517, 208, 209, 726, 210, 211, 212, 552, 213, 214, 215, 216, 553, 736, 554, 555, 518, 556, 240, 557, 244, 759, 558, 761, 559, 254, 765, 768, 560, 260, 519, 561, 267, 562, 780, 563, 788, 277, 564, 792, 565, 520, 566, 567, 568, 810, 300, 811, 812, 569, 303, 813, 814, 307, 570, 310, 521, 571, 826, 572, 322, 573, 331, 522, 355, 356, 357, 358, 359, 360, 523, 361, 881, 882, 883, 884, 885, 886, 376, 524, 586, 587, 525, 429, 430, 512, 431, 432, 595, 433, 526, 434, 435, 527, 605, 485, 486, 487, 488, 489, 490, 491, 492, 493, 494, 495, 496, 497, 498, 499, 500, 501, 502, 503, 504, 505, 506, 507, 508, 509, 510, 511]",True,[],"[0, 1, 2, 3, 4, 5, 6, 7, 8, 9, 10, 11, 12, 13, 14, 15, 16, 17, 18, 19, 20, 21, 22, 23, 24, 25, 26, 27, 28, 29, 30, 31, 32, 33, 34, 35, 36, 37, 38, 39, 40, 41, 42, 43, 44, 45, 46, 47, 48, 49, 50, 51, 52, 53, 54, 55, 56, 57, 58, 59, 60, 61, 62, 63, 64, 65, 66, 67, 68, 69, 70, 71, 72, 73, 74, 75, 76, 77, 78, 79, 80, 81, 82, 83, 84, 85, 86, 87, 88, 89, 90, 91, 92, 93, 94, 95, 96, 97, 98, 99, 100, 101, 102, 485, 486, 487, 488, 489, 490, 491, 492, 493, 494, 495, 496, 497, 498, 499, 500, 501, 502, 503, 504, 505, 506, 507, 508, 509, 510, 511, 512, 513, 514, 515, 516, 517, 518, 519, 520, 521, 522, 523, 524, 525, 526, 527, 528, 529, 530, 531, 532, 533, 534, 535, 536, 537, 538, 539, 540, 541, 542, 543, 544, 545, 546, 547, 548, 549, 550, 551, 552, 553, 554, 555, 556, 557, 558, 559, 560, 561, 562, 563, 564, 565, 566, 567, 568, 569, 570, 571, 572, 573]","[34, 63, 79, 81, 515, 537, 551]","[34, 63, 81, 515, 537, 551]","[0, 5, 7, 10, 14, 19, 20, 22, 24, 32, 33, 34, 37, 38, 40, 44, 46, 48, 49, 51, 56, 61, 63, 65, 67, 68, 73, 74, 75, 76, 79, 81, 82, 83, 85, 87, 88, 92, 93, 95, 96, 99, 100, 101, 115, 116, 124, 134, 142, 161, 167, 169, 170, 186, 202, 240, 244, 254, 260, 267, 277, 300, 303, 307, 310, 322, 331, 376, 485, 491, 493, 495, 499, 503, 504, 506, 508, 515, 518, 519, 521, 524, 526, 528, 533, 537, 539, 542, 543, 547, 548, 549, 550, 551, 553, 554, 556, 558, 559, 563, 564, 566, 567, 570, 571, 572, 586, 587, 595, 605, 613, 633, 639, 640, 641, 657, 672, 704, 717, 726, 736, 759, 761, 765, 768, 780, 788, 792, 826]","[32, 33, 34, 35, 36, 37, 38, 39, 40, 41, 42, 43, 44, 45, 46, 47, 48, 201, 202, 203, 204, 205, 206, 207, 208, 209, 210, 211, 212, 213, 214, 215, 216, 355, 356, 357, 358, 359, 360, 361, 429, 430, 431, 432, 433, 434, 435, 515, 516, 517, 518, 519, 520, 521, 522, 523, 524, 525, 526, 527, 672, 673, 674, 675, 676, 677, 678, 679, 680, 681, 682, 683, 684, 810, 811, 812, 813, 814, 881, 882, 883, 884, 885, 886]","[34, 35, 36, 37, 38, 39, 40, 41, 42, 43, 44, 45, 46, 47, 48, 201, 202, 203, 204, 205, 206, 207, 208, 209, 210, 211, 212, 213, 214, 215, 216, 355, 356, 357, 358, 359, 360, 361, 429, 430, 431, 432, 433, 434, 435, 515, 516, 517, 518, 519, 520, 521, 522, 523, 524, 525, 526, 527, 672, 673, 674, 675, 676, 677, 678, 679, 680, 681, 682, 683, 684, 810, 811, 812, 813, 814, 881, 882, 883, 884, 885, 886]",7/6 successful match,True,"[317, 318]",True,538,False,,,,,
"Casa Grande , 85222 Love's Travel Stop # 265 )",520-423-2015 I-10 Exit 200,MOO,Casa Grande,85222,Love's Travel Stop # 265 ),520-423-2015,2007,Casa Grande,AZ,Love's,,I-10 Exit 200,Exit,200,False,,False,I-10,,,,,"[34, 515]",[],"[34, 63, 79, 81, 515, 537, 551]","[34, 63, 81, 515, 537, 551]","[0, 1, 2, 3, 4, 5, 6, 7, 8, 9, 10, 11, 12, 13, 14, 15, 16, 17, 18, 19, 20, 21, 22, 23, 24, 25, 26, 27, 28, 29, 30, 31, 32, 33, 34, 35, 36, 37, 38, 39, 40, 41, 42, 43, 44, 45, 46, 47, 48, 49, 50, 51, 52, 53, 54, 55, 56, 57, 58, 59, 60, 61, 62, 63, 64, 65, 66, 67, 68, 69, 70, 71, 72, 73, 74, 75, 76, 77, 78, 79, 80, 81, 82, 83, 84, 85, 86, 87, 88, 89, 90, 91, 92, 93, 94, 95, 96, 97, 98, 99, 100, 101, 102, 485, 486, 487, 488, 489, 490, 491, 492, 493, 494, 495, 496, 497, 498, 499, 500, 501, 502, 503, 504, 505, 506, 507, 508, 509, 510, 511, 512, 513, 514, 515, 516, 517, 518, 519, 520, 521, 522, 523, 524, 525, 526, 527, 528, 529, 530, 531, 532, 533, 534, 535, 536, 537, 538, 539, 540, 541, 542, 543, 544, 545, 546, 547, 548, 549, 550, 551, 552, 553, 554, 555, 556, 557, 558, 559, 560, 561, 562, 563, 564, 565, 566, 567, 568, 569, 570, 571, 572, 573]","[0, 5, 7, 10, 14, 19, 20, 22, 24, 32, 33, 34, 37, 38, 40, 44, 46, 48, 49, 51, 56, 61, 63, 65, 67, 68, 73, 74, 75, 76, 79, 81, 82, 83, 85, 87, 88, 92, 93, 95, 96, 99, 100, 101, 115, 116, 124, 134, 142, 161, 167, 169, 170, 186, 202, 240, 244, 254, 260, 267, 277, 300, 303, 307, 310, 322, 331, 376, 485, 491, 493, 495, 499, 503, 504, 506, 508, 515, 518, 519, 521, 524, 526, 528, 533, 537, 539, 542, 543, 547, 548, 549, 550, 551, 553, 554, 556, 558, 559, 563, 564, 566, 567, 570, 571, 572, 586, 587, 595, 605, 613, 633, 639, 640, 641, 657, 672, 704, 717, 726, 736, 759, 761, 765, 768, 780, 788, 792, 826]","[34, 35, 36, 37, 38, 39, 40, 41, 42, 43, 44, 45, 46, 47, 48, 201, 202, 203, 204, 205, 206, 207, 208, 209, 210, 211, 212, 213, 214, 215, 216, 355, 356, 357, 358, 359, 360, 361, 429, 430, 431, 432, 433, 434, 435, 515, 516, 517, 518, 519, 520, 521, 522, 523, 524, 525, 526, 527, 672, 673, 674, 675, 676, 677, 678, 679, 680, 681, 682, 683, 684, 810, 811, 812, 813, 814, 881, 882, 883, 884, 885, 886]","[32, 33, 34, 35, 36, 37, 38, 39, 40, 41, 42, 43, 44, 45, 46, 47, 48, 201, 202, 203, 204, 205, 206, 207, 208, 209, 210, 211, 212, 213, 214, 215, 216, 355, 356, 357, 358, 359, 360, 361, 429, 430, 431, 432, 433, 434, 435, 515, 516, 517, 518, 519, 520, 521, 522, 523, 524, 525, 526, 527, 672, 673, 674, 675, 676, 677, 678, 679, 680, 681, 682, 683, 684, 810, 811, 812, 813, 814, 881, 882, 883, 884, 885, 886]","[0, 1, 2, 515, 3, 4, 5, 6, 7, 8, 9, 10, 11, 12, 13, 14, 15, 16, 17, 18, 19, 20, 21, 22, 23, 537, 24, 25, 26, 27, 28, 29, 30, 31, 34, 32, 33, 35, 36, 551, 37, 38, 39, 40, 41, 42, 43, 44, 45, 46, 47, 48, 49, 50, 51, 52, 53, 54, 55, 56, 57, 58, 59, 63, 60, 61, 62, 64, 65, 66, 67, 68, 69, 70, 71, 72, 73, 74, 75, 79, 76, 81, 77, 78, 80, 82, 83, 84, 85, 86, 87, 88, 89, 90, 91, 92, 93, 94, 95, 96, 97, 98, 99, 100, 101, 102, 528, 529, 530, 613, 513, 531, 115, 116, 532, 633, 533, 124, 534, 639, 640, 641, 535, 134, 514, 536, 142, 657, 538, 539, 540, 672, 161, 541, 673, 674, 675, 676, 542, 167, 169, 170, 677, 543, 678, 679, 680, 681, 682, 544, 683, 684, 545, 516, 186, 546, 704, 547, 548, 201, 202, 549, 203, 717, 204, 205, 550, 206, 207, 517, 208, 209, 726, 210, 211, 212, 552, 213, 214, 215, 216, 553, 736, 554, 555, 518, 556, 240, 557, 244, 759, 558, 761, 559, 254, 765, 768, 560, 260, 519, 561, 267, 562, 780, 563, 788, 277, 564, 792, 565, 520, 566, 567, 568, 810, 300, 811, 812, 569, 303, 813, 814, 307, 570, 310, 521, 571, 826, 572, 322, 573, 331, 522, 355, 356, 357, 358, 359, 360, 523, 361, 881, 882, 883, 884, 885, 886, 376, 524, 586, 587, 525, 429, 430, 512, 431, 432, 595, 433, 526, 434, 435, 527, 605, 485, 486, 487, 488, 489, 490, 491, 492, 493, 494, 495, 496, 497, 498, 499, 500, 501, 502, 503, 504, 505, 506, 507, 508, 509, 510, 511]",True,[],"[0, 1, 2, 3, 4, 5, 6, 7, 8, 9, 10, 11, 12, 13, 14, 15, 16, 17, 18, 19, 20, 21, 22, 23, 24, 25, 26, 27, 28, 29, 30, 31, 32, 33, 34, 35, 36, 37, 38, 39, 40, 41, 42, 43, 44, 45, 46, 47, 48, 49, 50, 51, 52, 53, 54, 55, 56, 57, 58, 59, 60, 61, 62, 63, 64, 65, 66, 67, 68, 69, 70, 71, 72, 73, 74, 75, 76, 77, 78, 79, 80, 81, 82, 83, 84, 85, 86, 87, 88, 89, 90, 91, 92, 93, 94, 95, 96, 97, 98, 99, 100, 101, 102, 485, 486, 487, 488, 489, 490, 491, 492, 493, 494, 495, 496, 497, 498, 499, 500, 501, 502, 503, 504, 505, 506, 507, 508, 509, 510, 511, 512, 513, 514, 515, 516, 517, 518, 519, 520, 521, 522, 523, 524, 525, 526, 527, 528, 529, 530, 531, 532, 533, 534, 535, 536, 537, 538, 539, 540, 541, 542, 543, 544, 545, 546, 547, 548, 549, 550, 551, 552, 553, 554, 555, 556, 557, 558, 559, 560, 561, 562, 563, 564, 565, 566, 567, 568, 569, 570, 571, 572, 573]","[34, 63, 79, 81, 515, 537, 551]","[34, 63, 81, 515, 537, 551]","[0, 5, 7, 10, 14, 19, 20, 22, 24, 32, 33, 34, 37, 38, 40, 44, 46, 48, 49, 51, 56, 61, 63, 65, 67, 68, 73, 74, 75, 76, 79, 81, 82, 83, 85, 87, 88, 92, 93, 95, 96, 99, 100, 101, 115, 116, 124, 134, 142, 161, 167, 169, 170, 186, 202, 240, 244, 254, 260, 267, 277, 300, 303, 307, 310, 322, 331, 376, 485, 491, 493, 495, 499, 503, 504, 506, 508, 515, 518, 519, 521, 524, 526, 528, 533, 537, 539, 542, 543, 547, 548, 549, 550, 551, 553, 554, 556, 558, 559, 563, 564, 566, 567, 570, 571, 572, 586, 587, 595, 605, 613, 633, 639, 640, 641, 657, 672, 704, 717, 726, 736, 759, 761, 765, 768, 780, 788, 792, 826]","[32, 33, 34, 35, 36, 37, 38, 39, 40, 41, 42, 43, 44, 45, 46, 47, 48, 201, 202, 203, 204, 205, 206, 207, 208, 209, 210, 211, 212, 213, 214, 215, 216, 355, 356, 357, 358, 359, 360, 361, 429, 430, 431, 432, 433, 434, 435, 515, 516, 517, 518, 519, 520, 521, 522, 523, 524, 525, 526, 527, 672, 673, 674, 675, 676, 677, 678, 679, 680, 681, 682, 683, 684, 810, 811, 812, 813, 814, 881, 882, 883, 884, 885, 886]","[34, 35, 36, 37, 38, 39, 40, 41, 42, 43, 44, 45, 46, 47, 48, 201, 202, 203, 204, 205, 206, 207, 208, 209, 210, 211, 212, 213, 214, 215, 216, 355, 356, 357, 358, 359, 360, 361, 429, 430, 431, 432, 433, 434, 435, 515, 516, 517, 518, 519, 520, 521, 522, 523, 524, 525, 526, 527, 672, 673, 674, 675, 676, 677, 678, 679, 680, 681, 682, 683, 684, 810, 811, 812, 813, 814, 881, 882, 883, 884, 885, 886]",7/6 successful match,True,"[317, 318]",True,538,False,,1.0,True,Love's Travel Stop # 265,Love's
"Casa Grande , 85222 Love's Travel Stop # 265",4 520-423-2015 I-10 Exit 200,24 HRS 24 M,Casa Grande,85222,Love's Travel Stop # 265,520-423-2015,2008,Casa Grande,AZ,Love's,,I-10 Exit 200,Exit,200,False,,False,I-10,,,,,"[34, 515]",[],"[34, 63, 79, 81, 515, 537, 551]","[34, 63, 81, 515, 537, 551]","[0, 1, 2, 3, 4, 5, 6, 7, 8, 9, 10, 11, 12, 13, 14, 15, 16, 17, 18, 19, 20, 21, 22, 23, 24, 25, 26, 27, 28, 29, 30, 31, 32, 33, 34, 35, 36, 37, 38, 39, 40, 41, 42, 43, 44, 45, 46, 47, 48, 49, 50, 51, 52, 53, 54, 55, 56, 57, 58, 59, 60, 61, 62, 63, 64, 65, 66, 67, 68, 69, 70, 71, 72, 73, 74, 75, 76, 77, 78, 79, 80, 81, 82, 83, 84, 85, 86, 87, 88, 89, 90, 91, 92, 93, 94, 95, 96, 97, 98, 99, 100, 101, 102, 485, 486, 487, 488, 489, 490, 491, 492, 493, 494, 495, 496, 497, 498, 499, 500, 501, 502, 503, 504, 505, 506, 507, 508, 509, 510, 511, 512, 513, 514, 515, 516, 517, 518, 519, 520, 521, 522, 523, 524, 525, 526, 527, 528, 529, 530, 531, 532, 533, 534, 535, 536, 537, 538, 539, 540, 541, 542, 543, 544, 545, 546, 547, 548, 549, 550, 551, 552, 553, 554, 555, 556, 557, 558, 559, 560, 561, 562, 563, 564, 565, 566, 567, 568, 569, 570, 571, 572, 573]","[0, 5, 7, 10, 14, 19, 20, 22, 24, 32, 33, 34, 37, 38, 40, 44, 46, 48, 49, 51, 56, 61, 63, 65, 67, 68, 73, 74, 75, 76, 79, 81, 82, 83, 85, 87, 88, 92, 93, 95, 96, 99, 100, 101, 115, 116, 124, 134, 142, 161, 167, 169, 170, 186, 202, 240, 244, 254, 260, 267, 277, 300, 303, 307, 310, 322, 331, 376, 485, 491, 493, 495, 499, 503, 504, 506, 508, 515, 518, 519, 521, 524, 526, 528, 533, 537, 539, 542, 543, 547, 548, 549, 550, 551, 553, 554, 556, 558, 559, 563, 564, 566, 567, 570, 571, 572, 586, 587, 595, 605, 613, 633, 639, 640, 641, 657, 672, 704, 717, 726, 736, 759, 761, 765, 768, 780, 788, 792, 826]","[34, 35, 36, 37, 38, 39, 40, 41, 42, 43, 44, 45, 46, 47, 48, 201, 202, 203, 204, 205, 206, 207, 208, 209, 210, 211, 212, 213, 214, 215, 216, 355, 356, 357, 358, 359, 360, 361, 429, 430, 431, 432, 433, 434, 435, 515, 516, 517, 518, 519, 520, 521, 522, 523, 524, 525, 526, 527, 672, 673, 674, 675, 676, 677, 678, 679, 680, 681, 682, 683, 684, 810, 811, 812, 813, 814, 881, 882, 883, 884, 885, 886]","[32, 33, 34, 35, 36, 37, 38, 39, 40, 41, 42, 43, 44, 45, 46, 47, 48, 201, 202, 203, 204, 205, 206, 207, 208, 209, 210, 211, 212, 213, 214, 215, 216, 355, 356, 357, 358, 359, 360, 361, 429, 430, 431, 432, 433, 434, 435, 515, 516, 517, 518, 519, 520, 521, 522, 523, 524, 525, 526, 527, 672, 673, 674, 675, 676, 677, 678, 679, 680, 681, 682, 683, 684, 810, 811, 812, 813, 814, 881, 882, 883, 884, 885, 886]","[0, 1, 2, 515, 3, 4, 5, 6, 7, 8, 9, 10, 11, 12, 13, 14, 15, 16, 17, 18, 19, 20, 21, 22, 23, 537, 24, 25, 26, 27, 28, 29, 30, 31, 34, 32, 33, 35, 36, 551, 37, 38, 39, 40, 41, 42, 43, 44, 45, 46, 47, 48, 49, 50, 51, 52, 53, 54, 55, 56, 57, 58, 59, 63, 60, 61, 62, 64, 65, 66, 67, 68, 69, 70, 71, 72, 73, 74, 75, 79, 76, 81, 77, 78, 80, 82, 83, 84, 85, 86, 87, 88, 89, 90, 91, 92, 93, 94, 95, 96, 97, 98, 99, 100, 101, 102, 528, 529, 530, 613, 513, 531, 115, 116, 532, 633, 533, 124, 534, 639, 640, 641, 535, 134, 514, 536, 142, 657, 538, 539, 540, 672, 161, 541, 673, 674, 675, 676, 542, 167, 169, 170, 677, 543, 678, 679, 680, 681, 682, 544, 683, 684, 545, 516, 186, 546, 704, 547, 548, 201, 202, 549, 203, 717, 204, 205, 550, 206, 207, 517, 208, 209, 726, 210, 211, 212, 552, 213, 214, 215, 216, 553, 736, 554, 555, 518, 556, 240, 557, 244, 759, 558, 761, 559, 254, 765, 768, 560, 260, 519, 561, 267, 562, 780, 563, 788, 277, 564, 792, 565, 520, 566, 567, 568, 810, 300, 811, 812, 569, 303, 813, 814, 307, 570, 310, 521, 571, 826, 572, 322, 573, 331, 522, 355, 356, 357, 358, 359, 360, 523, 361, 881, 882, 883, 884, 885, 886, 376, 524, 586, 587, 525, 429, 430, 512, 431, 432, 595, 433, 526, 434, 435, 527, 605, 485, 486, 487, 488, 489, 490, 491, 492, 493, 494, 495, 496, 497, 498, 499, 500, 501, 502, 503, 504, 505, 506, 507, 508, 509, 510, 511]",True,[],"[0, 1, 2, 3, 4, 5, 6, 7, 8, 9, 10, 11, 12, 13, 14, 15, 16, 17, 18, 19, 20, 21, 22, 23, 24, 25, 26, 27, 28, 29, 30, 31, 32, 33, 34, 35, 36, 37, 38, 39, 40, 41, 42, 43, 44, 45, 46, 47, 48, 49, 50, 51, 52, 53, 54, 55, 56, 57, 58, 59, 60, 61, 62, 63, 64, 65, 66, 67, 68, 69, 70, 71, 72, 73, 74, 75, 76, 77, 78, 79, 80, 81, 82, 83, 84, 85, 86, 87, 88, 89, 90, 91, 92, 93, 94, 95, 96, 97, 98, 99, 100, 101, 102, 485, 486, 487, 488, 489, 490, 491, 492, 493, 494, 495, 496, 497, 498, 499, 500, 501, 502, 503, 504, 505, 506, 507, 508, 509, 510, 511, 512, 513, 514, 515, 516, 517, 518, 519, 520, 521, 522, 523, 524, 525, 526, 527, 528, 529, 530, 531, 532, 533, 534, 535, 536, 537, 538, 539, 540, 541, 542, 543, 544, 545, 546, 547, 548, 549, 550, 551, 552, 553, 554, 555, 556, 557, 558, 559, 560, 561, 562, 563, 564, 565, 566, 567, 568, 569, 570, 571, 572, 573]","[34, 63, 79, 81, 515, 537, 551]","[34, 63, 81, 515, 537, 551]","[0, 5, 7, 10, 14, 19, 20, 22, 24, 32, 33, 34, 37, 38, 40, 44, 46, 48, 49, 51, 56, 61, 63, 65, 67, 68, 73, 74, 75, 76, 79, 81, 82, 83, 85, 87, 88, 92, 93, 95, 96, 99, 100, 101, 115, 116, 124, 134, 142, 161, 167, 169, 170, 186, 202, 240, 244, 254, 260, 267, 277, 300, 303, 307, 310, 322, 331, 376, 485, 491, 493, 495, 499, 503, 504, 506, 508, 515, 518, 519, 521, 524, 526, 528, 533, 537, 539, 542, 543, 547, 548, 549, 550, 551, 553, 554, 556, 558, 559, 563, 564, 566, 567, 570, 571, 572, 586, 587, 595, 605, 613, 633, 639, 640, 641, 657, 672, 704, 717, 726, 736, 759, 761, 765, 768, 780, 788, 792, 826]","[32, 33, 34, 35, 36, 37, 38, 39, 40, 41, 42, 43, 44, 45, 46, 47, 48, 201, 202, 203, 204, 205, 206, 207, 208, 209, 210, 211, 212, 213, 214, 215, 216, 355, 356, 357, 358, 359, 360, 361, 429, 430, 431, 432, 433, 434, 435, 515, 516, 517, 518, 519, 520, 521, 522, 523, 524, 525, 526, 527, 672, 673, 674, 675, 676, 677, 678, 679, 680, 681, 682, 683, 684, 810, 811, 812, 813, 814, 881, 882, 883, 884, 885, 886]","[34, 35, 36, 37, 38, 39, 40, 41, 42, 43, 44, 45, 46, 47, 48, 201, 202, 203, 204, 205, 206, 207, 208, 209, 210, 211, 212, 213, 214, 215, 216, 355, 356, 357, 358, 359, 360, 361, 429, 430, 431, 432, 433, 434, 435, 515, 516, 517, 518, 519, 520, 521, 522, 523, 524, 525, 526, 527, 672, 673, 674, 675, 676, 677, 678, 679, 680, 681, 682, 683, 684, 810, 811, 812, 813, 814, 881, 882, 883, 884, 885, 886]",7/6 successful match,True,"[317, 318]",True,538,False,,1.0,True,Love's Travel Stop # 265 ),Love's
"Casa Grande , 85222 Petro Stopping Center # 6",520-836-3983 I-10 Exit 200 ( Sunland Gin Rd N ),24,Casa Grande,85222,Petro Stopping Center # 6,520-836-3983,2006,Casa Grande,AZ,,( Sunland Gin Rd N ),I-10 Exit 200 ,Exit,200,False,,False,I-10,,,,,"[537, 63]",[],"[34, 63, 79, 81, 515, 537, 551]","[34, 63, 81, 515, 537, 551]","[0, 1, 2, 3, 4, 5, 6, 7, 8, 9, 10, 11, 12, 13, 14, 15, 16, 17, 18, 19, 20, 21, 22, 23, 24, 25, 26, 27, 28, 29, 30, 31, 32, 33, 34, 35, 36, 37, 38, 39, 40, 41, 42, 43, 44, 45, 46, 47, 48, 49, 50, 51, 52, 53, 54, 55, 56, 57, 58, 59, 60, 61, 62, 63, 64, 65, 66, 67, 68, 69, 70, 71, 72, 73, 74, 75, 76, 77, 78, 79, 80, 81, 82, 83, 84, 85, 86, 87, 88, 89, 90, 91, 92, 93, 94, 95, 96, 97, 98, 99, 100, 101, 102, 485, 486, 487, 488, 489, 490, 491, 492, 493, 494, 495, 496, 497, 498, 499, 500, 501, 502, 503, 504, 505, 506, 507, 508, 509, 510, 511, 512, 513, 514, 515, 516, 517, 518, 519, 520, 521, 522, 523, 524, 525, 526, 527, 528, 529, 530, 531, 532, 533, 534, 535, 536, 537, 538, 539, 540, 541, 542, 543, 544, 545, 546, 547, 548, 549, 550, 551, 552, 553, 554, 555, 556, 557, 558, 559, 560, 561, 562, 563, 564, 565, 566, 567, 568, 569, 570, 571, 572, 573]","[0, 5, 7, 10, 14, 19, 20, 22, 24, 32, 33, 34, 37, 38, 40, 44, 46, 48, 49, 51, 56, 61, 63, 65, 67, 68, 73, 74, 75, 76, 79, 81, 82, 83, 85, 87, 88, 92, 93, 95, 96, 99, 100, 101, 115, 116, 124, 134, 142, 161, 167, 169, 170, 186, 202, 240, 244, 254, 260, 267, 277, 300, 303, 307, 310, 322, 331, 376, 485, 491, 493, 495, 499, 503, 504, 506, 508, 515, 518, 519, 521, 524, 526, 528, 533, 537, 539, 542, 543, 547, 548, 549, 550, 551, 553, 554, 556, 558, 559, 563, 564, 566, 567, 570, 571, 572, 586, 587, 595, 605, 613, 633, 639, 640, 641, 657, 672, 704, 717, 726, 736, 759, 761, 765, 768, 780, 788, 792, 826]",[],"[63, 64, 240, 241, 242, 243, 370, 371, 372, 537, 538, 704, 705, 706, 707, 820, 821, 822]","[0, 1, 2, 515, 3, 4, 5, 6, 7, 8, 9, 10, 11, 12, 13, 14, 15, 16, 17, 18, 19, 20, 21, 22, 23, 537, 24, 25, 26, 27, 28, 29, 30, 31, 34, 32, 33, 35, 36, 551, 37, 38, 39, 40, 41, 42, 43, 44, 45, 46, 47, 48, 49, 50, 51, 52, 53, 54, 55, 56, 57, 58, 59, 63, 60, 61, 62, 64, 65, 66, 67, 68, 69, 70, 71, 72, 73, 74, 75, 79, 76, 81, 77, 78, 80, 82, 83, 84, 85, 86, 87, 88, 89, 90, 91, 92, 93, 94, 95, 96, 97, 98, 99, 100, 101, 102, 528, 529, 530, 613, 513, 531, 115, 116, 532, 633, 533, 124, 534, 639, 640, 641, 535, 134, 514, 536, 142, 657, 538, 539, 540, 672, 161, 541, 542, 167, 169, 170, 543, 544, 545, 516, 186, 546, 704, 547, 705, 706, 707, 548, 202, 549, 717, 550, 517, 726, 552, 553, 736, 554, 555, 518, 556, 240, 241, 242, 557, 244, 243, 759, 558, 761, 559, 254, 765, 768, 560, 260, 519, 561, 267, 562, 780, 563, 788, 277, 564, 792, 565, 520, 566, 567, 568, 300, 569, 303, 307, 570, 820, 310, 521, 821, 571, 826, 822, 572, 322, 573, 331, 522, 523, 370, 371, 372, 376, 524, 586, 587, 525, 512, 595, 526, 527, 605, 485, 486, 487, 488, 489, 490, 491, 492, 493, 494, 495, 496, 497, 498, 499, 500, 501, 502, 503, 504, 505, 506, 507, 508, 509, 510, 511]",True,[],"[0, 1, 2, 3, 4, 5, 6, 7, 8, 9, 10, 11, 12, 13, 14, 15, 16, 17, 18, 19, 20, 21, 22, 23, 24, 25, 26, 27, 28, 29, 30, 31, 32, 33, 34, 35, 36, 37, 38, 39, 40, 41, 42, 43, 44, 45, 46, 47, 48, 49, 50, 51, 52, 53, 54, 55, 56, 57, 58, 59, 60, 61, 62, 63, 64, 65, 66, 67, 68, 69, 70, 71, 72, 73, 74, 75, 76, 77, 78, 79, 80, 81, 82, 83, 84, 85, 86, 87, 88, 89, 90, 91, 92, 93, 94, 95, 96, 97, 98, 99, 100, 101, 102, 485, 486, 487, 488, 489, 490, 491, 492, 493, 494, 495, 496, 497, 498, 499, 500, 501, 502, 503, 504, 505, 506, 507, 508, 509, 510, 511, 512, 513, 514, 515, 516, 517, 518, 519, 520, 521, 522, 523, 524, 525, 526, 527, 528, 529, 530, 531, 532, 533, 534, 535, 536, 537, 538, 539, 540, 541, 542, 543, 544, 545, 546, 547, 548, 549, 550, 551, 552, 553, 554, 555, 556, 557, 558, 559, 560, 561, 562, 563, 564, 565, 566, 567, 568, 569, 570, 571, 572, 573]","[34, 63, 79, 81, 515, 537, 551]","[34, 63, 81, 515, 537, 551]","[0, 5, 7, 10, 14, 19, 20, 22, 24, 32, 33, 34, 37, 38, 40, 44, 46, 48, 49, 51, 56, 61, 63, 65, 67, 68, 73, 74, 75, 76, 79, 81, 82, 83, 85, 87, 88, 92, 93, 95, 96, 99, 100, 101, 115, 116, 124, 134, 142, 161, 167, 169, 170, 186, 202, 240, 244, 254, 260, 267, 277, 300, 303, 307, 310, 322, 331, 376, 485, 491, 493, 495, 499, 503, 504, 506, 508, 515, 518, 519, 521, 524, 526, 528, 533, 537, 539, 542, 543, 547, 548, 549, 550, 551, 553, 554, 556, 558, 559, 563, 564, 566, 567, 570, 571, 572, 586, 587, 595, 605, 613, 633, 639, 640, 641, 657, 672, 704, 717, 726, 736, 759, 761, 765, 768, 780, 788, 792, 826]","[63, 64, 240, 241, 242, 243, 370, 371, 372, 537, 538, 704, 705, 706, 707, 820, 821, 822]",[],7/6 successful match,True,"[731, 732, 733]",True,539,False,,,,,
"Casa Grande , 85222 Petro Stopping",520-836-3983 I-10 Exit 200 ( Sunland Center # 6 PETRO,XL 2400,Casa Grande,85222,Petro Stopping,520-836-3983,2007,Casa Grande,AZ,,( Sunland Center # 6 PETRO,I-10 Exit 200 ,Exit,200,False,,False,I-10,,,,,"[537, 63]",[],"[34, 63, 79, 81, 515, 537, 551]","[34, 63, 81, 515, 537, 551]","[0, 1, 2, 3, 4, 5, 6, 7, 8, 9, 10, 11, 12, 13, 14, 15, 16, 17, 18, 19, 20, 21, 22, 23, 24, 25, 26, 27, 28, 29, 30, 31, 32, 33, 34, 35, 36, 37, 38, 39, 40, 41, 42, 43, 44, 45, 46, 47, 48, 49, 50, 51, 52, 53, 54, 55, 56, 57, 58, 59, 60, 61, 62, 63, 64, 65, 66, 67, 68, 69, 70, 71, 72, 73, 74, 75, 76, 77, 78, 79, 80, 81, 82, 83, 84, 85, 86, 87, 88, 89, 90, 91, 92, 93, 94, 95, 96, 97, 98, 99, 100, 101, 102, 485, 486, 487, 488, 489, 490, 491, 492, 493, 494, 495, 496, 497, 498, 499, 500, 501, 502, 503, 504, 505, 506, 507, 508, 509, 510, 511, 512, 513, 514, 515, 516, 517, 518, 519, 520, 521, 522, 523, 524, 525, 526, 527, 528, 529, 530, 531, 532, 533, 534, 535, 536, 537, 538, 539, 540, 541, 542, 543, 544, 545, 546, 547, 548, 549, 550, 551, 552, 553, 554, 555, 556, 557, 558, 559, 560, 561, 562, 563, 564, 565, 566, 567, 568, 569, 570, 571, 572, 573]","[0, 5, 7, 10, 14, 19, 20, 22, 24, 32, 33, 34, 37, 38, 40, 44, 46, 48, 49, 51, 56, 61, 63, 65, 67, 68, 73, 74, 75, 76, 79, 81, 82, 83, 85, 87, 88, 92, 93, 95, 96, 99, 100, 101, 115, 116, 124, 134, 142, 161, 167, 169, 170, 186, 202, 240, 244, 254, 260, 267, 277, 300, 303, 307, 310, 322, 331, 376, 485, 491, 493, 495, 499, 503, 504, 506, 508, 515, 518, 519, 521, 524, 526, 528, 533, 537, 539, 542, 543, 547, 548, 549, 550, 551, 553, 554, 556, 558, 559, 563, 564, 566, 567, 570, 571, 572, 586, 587, 595, 605, 613, 633, 639, 640, 641, 657, 672, 704, 717, 726, 736, 759, 761, 765, 768, 780, 788, 792, 826]",[],"[63, 64, 240, 241, 242, 243, 370, 371, 372, 537, 538, 704, 705, 706, 707, 820, 821, 822]","[0, 1, 2, 515, 3, 4, 5, 6, 7, 8, 9, 10, 11, 12, 13, 14, 15, 16, 17, 18, 19, 20, 21, 22, 23, 537, 24, 25, 26, 27, 28, 29, 30, 31, 34, 32, 33, 35, 36, 551, 37, 38, 39, 40, 41, 42, 43, 44, 45, 46, 47, 48, 49, 50, 51, 52, 53, 54, 55, 56, 57, 58, 59, 63, 60, 61, 62, 64, 65, 66, 67, 68, 69, 70, 71, 72, 73, 74, 75, 79, 76, 81, 77, 78, 80, 82, 83, 84, 85, 86, 87, 88, 89, 90, 91, 92, 93, 94, 95, 96, 97, 98, 99, 100, 101, 102, 528, 529, 530, 613, 513, 531, 115, 116, 532, 633, 533, 124, 534, 639, 640, 641, 535, 134, 514, 536, 142, 657, 538, 539, 540, 672, 161, 541, 542, 167, 169, 170, 543, 544, 545, 516, 186, 546, 704, 547, 705, 706, 707, 548, 202, 549, 717, 550, 517, 726, 552, 553, 736, 554, 555, 518, 556, 240, 241, 242, 557, 244, 243, 759, 558, 761, 559, 254, 765, 768, 560, 260, 519, 561, 267, 562, 780, 563, 788, 277, 564, 792, 565, 520, 566, 567, 568, 300, 569, 303, 307, 570, 820, 310, 521, 821, 571, 826, 822, 572, 322, 573, 331, 522, 523, 370, 371, 372, 376, 524, 586, 587, 525, 512, 595, 526, 527, 605, 485, 486, 487, 488, 489, 490, 491, 492, 493, 494, 495, 496, 497, 498, 499, 500, 501, 502, 503, 504, 505, 506, 507, 508, 509, 510, 511]",True,[],"[0, 1, 2, 3, 4, 5, 6, 7, 8, 9, 10, 11, 12, 13, 14, 15, 16, 17, 18, 19, 20, 21, 22, 23, 24, 25, 26, 27, 28, 29, 30, 31, 32, 33, 34, 35, 36, 37, 38, 39, 40, 41, 42, 43, 44, 45, 46, 47, 48, 49, 50, 51, 52, 53, 54, 55, 56, 57, 58, 59, 60, 61, 62, 63, 64, 65, 66, 67, 68, 69, 70, 71, 72, 73, 74, 75, 76, 77, 78, 79, 80, 81, 82, 83, 84, 85, 86, 87, 88, 89, 90, 91, 92, 93, 94, 95, 96, 97, 98, 99, 100, 101, 102, 485, 486, 487, 488, 489, 490, 491, 492, 493, 494, 495, 496, 497, 498, 499, 500, 501, 502, 503, 504, 505, 506, 507, 508, 509, 510, 511, 512, 513, 514, 515, 516, 517, 518, 519, 520, 521, 522, 523, 524, 525, 526, 527, 528, 529, 530, 531, 532, 533, 534, 535, 536, 537, 538, 539, 540, 541, 542, 543, 544, 545, 546, 547, 548, 549, 550, 551, 552, 553, 554, 555, 556, 557, 558, 559, 560, 561, 562, 563, 564, 565, 566, 567, 568, 569, 570, 571, 572, 573]","[34, 63, 79, 81, 515, 537, 551]","[34, 63, 81, 515, 537, 551]","[0, 5, 7, 10, 14, 19, 20, 22, 24, 32, 33, 34, 37, 38, 40, 44, 46, 48, 49, 51, 56, 61, 63, 65, 67, 68, 73, 74, 75, 76, 79, 81, 82, 83, 85, 87, 88, 92, 93, 95, 96, 99, 100, 101, 115, 116, 124, 134, 142, 161, 167, 169, 170, 186, 202, 240, 244, 254, 260, 267, 277, 300, 303, 307, 310, 322, 331, 376, 485, 491, 493, 495, 499, 503, 504, 506, 508, 515, 518, 519, 521, 524, 526, 528, 533, 537, 539, 542, 543, 547, 548, 549, 550, 551, 553, 554, 556, 558, 559, 563, 564, 566, 567, 570, 571, 572, 586, 587, 595, 605, 613, 633, 639, 640, 641, 657, 672, 704, 717, 726, 736, 759, 761, 765, 768, 780, 788, 792, 826]","[63, 64, 240, 241, 242, 243, 370, 371, 372, 537, 538, 704, 705, 706, 707, 820, 821, 822]",[],7/6 successful match,True,"[731, 732, 733]",True,539,False,,0.982051282051282,True,Petro Stopping Center # 6,
"Casa Grande , 85222 Petro Stopping Center # 6 PETRO",4 520-836-3983 I-10 Exit 200 ( Sunland Gin Rd N ),24 HRS XL 240,Casa Grande,85222,Petro Stopping Center # 6 PETRO,520-836-3983,2008,Casa Grande,AZ,,( Sunland Gin Rd N ),I-10 Exit 200 ,Exit,200,False,,False,I-10,,,,,"[537, 63]",[],"[34, 63, 79, 81, 515, 537, 551]","[34, 63, 81, 515, 537, 551]","[0, 1, 2, 3, 4, 5, 6, 7, 8, 9, 10, 11, 12, 13, 14, 15, 16, 17, 18, 19, 20, 21, 22, 23, 24, 25, 26, 27, 28, 29, 30, 31, 32, 33, 34, 35, 36, 37, 38, 39, 40, 41, 42, 43, 44, 45, 46, 47, 48, 49, 50, 51, 52, 53, 54, 55, 56, 57, 58, 59, 60, 61, 62, 63, 64, 65, 66, 67, 68, 69, 70, 71, 72, 73, 74, 75, 76, 77, 78, 79, 80, 81, 82, 83, 84, 85, 86, 87, 88, 89, 90, 91, 92, 93, 94, 95, 96, 97, 98, 99, 100, 101, 102, 485, 486, 487, 488, 489, 490, 491, 492, 493, 494, 495, 496, 497, 498, 499, 500, 501, 502, 503, 504, 505, 506, 507, 508, 509, 510, 511, 512, 513, 514, 515, 516, 517, 518, 519, 520, 521, 522, 523, 524, 525, 526, 527, 528, 529, 530, 531, 532, 533, 534, 535, 536, 537, 538, 539, 540, 541, 542, 543, 544, 545, 546, 547, 548, 549, 550, 551, 552, 553, 554, 555, 556, 557, 558, 559, 560, 561, 562, 563, 564, 565, 566, 567, 568, 569, 570, 571, 572, 573]","[0, 5, 7, 10, 14, 19, 20, 22, 24, 32, 33, 34, 37, 38, 40, 44, 46, 48, 49, 51, 56, 61, 63, 65, 67, 68, 73, 74, 75, 76, 79, 81, 82, 83, 85, 87, 88, 92, 93, 95, 96, 99, 100, 101, 115, 116, 124, 134, 142, 161, 167, 169, 170, 186, 202, 240, 244, 254, 260, 267, 277, 300, 303, 307, 310, 322, 331, 376, 485, 491, 493, 495, 499, 503, 504, 506, 508, 515, 518, 519, 521, 524, 526, 528, 533, 537, 539, 542, 543, 547, 548, 549, 550, 551, 553, 554, 556, 558, 559, 563, 564, 566, 567, 570, 571, 572, 586, 587, 595, 605, 613, 633, 639, 640, 641, 657, 672, 704, 717, 726, 736, 759, 761, 765, 768, 780, 788, 792, 826]",[],"[63, 64, 240, 241, 242, 243, 370, 371, 372, 537, 538, 704, 705, 706, 707, 820, 821, 822]","[0, 1, 2, 515, 3, 4, 5, 6, 7, 8, 9, 10, 11, 12, 13, 14, 15, 16, 17, 18, 19, 20, 21, 22, 23, 537, 24, 25, 26, 27, 28, 29, 30, 31, 34, 32, 33, 35, 36, 551, 37, 38, 39, 40, 41, 42, 43, 44, 45, 46, 47, 48, 49, 50, 51, 52, 53, 54, 55, 56, 57, 58, 59, 63, 60, 61, 62, 64, 65, 66, 67, 68, 69, 70, 71, 72, 73, 74, 75, 79, 76, 81, 77, 78, 80, 82, 83, 84, 85, 86, 87, 88, 89, 90, 91, 92, 93, 94, 95, 96, 97, 98, 99, 100, 101, 102, 528, 529, 530, 613, 513, 531, 115, 116, 532, 633, 533, 124, 534, 639, 640, 641, 535, 134, 514, 536, 142, 657, 538, 539, 540, 672, 161, 541, 542, 167, 169, 170, 543, 544, 545, 516, 186, 546, 704, 547, 705, 706, 707, 548, 202, 549, 717, 550, 517, 726, 552, 553, 736, 554, 555, 518, 556, 240, 241, 242, 557, 244, 243, 759, 558, 761, 559, 254, 765, 768, 560, 260, 519, 561, 267, 562, 780, 563, 788, 277, 564, 792, 565, 520, 566, 567, 568, 300, 569, 303, 307, 570, 820, 310, 521, 821, 571, 826, 822, 572, 322, 573, 331, 522, 523, 370, 371, 372, 376, 524, 586, 587, 525, 512, 595, 526, 527, 605, 485, 486, 487, 488, 489, 490, 491, 492, 493, 494, 495, 496, 497, 498, 499, 500, 501, 502, 503, 504, 505, 506, 507, 508, 509, 510, 511]",True,[],"[0, 1, 2, 3, 4, 5, 6, 7, 8, 9, 10, 11, 12, 13, 14, 15, 16, 17, 18, 19, 20, 21, 22, 23, 24, 25, 26, 27, 28, 29, 30, 31, 32, 33, 34, 35, 36, 37, 38, 39, 40, 41, 42, 43, 44, 45, 46, 47, 48, 49, 50, 51, 52, 53, 54, 55, 56, 57, 58, 59, 60, 61, 62, 63, 64, 65, 66, 67, 68, 69, 70, 71, 72, 73, 74, 75, 76, 77, 78, 79, 80, 81, 82, 83, 84, 85, 86, 87, 88, 89, 90, 91, 92, 93, 94, 95, 96, 97, 98, 99, 100, 101, 102, 485, 486, 487, 488, 489, 490, 491, 492, 493, 494, 495, 496, 497, 498, 499, 500, 501, 502, 503, 504, 505, 506, 507, 508, 509, 510, 511, 512, 513, 514, 515, 516, 517, 518, 519, 520, 521, 522, 523, 524, 525, 526, 527, 528, 529, 530, 531, 532, 533, 534, 535, 536, 537, 538, 539, 540, 541, 542, 543, 544, 545, 546, 547, 548, 549, 550, 551, 552, 553, 554, 555, 556, 557, 558, 559, 560, 561, 562, 563, 564, 565, 566, 567, 568, 569, 570, 571, 572, 573]","[34, 63, 79, 81, 515, 537, 551]","[34, 63, 81, 515, 537, 551]","[0, 5, 7, 10, 14, 19, 20, 22, 24, 32, 33, 34, 37, 38, 40, 44, 46, 48, 49, 51, 56, 61, 63, 65, 67, 68, 73, 74, 75, 76, 79, 81, 82, 83, 85, 87, 88, 92, 93, 95, 96, 99, 100, 101, 115, 116, 124, 134, 142, 161, 167, 169, 170, 186, 202, 240, 244, 254, 260, 267, 277, 300, 303, 307, 310, 322, 331, 376, 485, 491, 493, 495, 499, 503, 504, 506, 508, 515, 518, 519, 521, 524, 526, 528, 533, 537, 539, 542, 543, 547, 548, 549, 550, 551, 553, 554, 556, 558, 559, 563, 564, 566, 567, 570, 571, 572, 586, 587, 595, 605, 613, 633, 639, 640, 641, 657, 672, 704, 717, 726, 736, 759, 761, 765, 768, 780, 788, 792, 826]","[63, 64, 240, 241, 242, 243, 370, 371, 372, 537, 538, 704, 705, 706, 707, 820, 821, 822]",[],7/6 successful match,True,"[731, 732, 733]",True,539,False,,0.9533333333333334,True,Petro Stopping,
"Casa Grande , 85222 Pride Travel Center",520-836-9681 I-10 Exit 200 ( Sunland Gin Rd N ),S000 000,Casa Grande,85222,Pride Travel Center,520-836-9681,2006,Casa Grande,AZ,,( Sunland Gin Rd N ),I-10 Exit 200 ,Exit,200,False,,False,I-10,,,,,"[81, 551]",[],"[34, 63, 79, 81, 515, 537, 551]","[34, 63, 81, 515, 537, 551]","[0, 1, 2, 3, 4, 5, 6, 7, 8, 9, 10, 11, 12, 13, 14, 15, 16, 17, 18, 19, 20, 21, 22, 23, 24, 25, 26, 27, 28, 29, 30, 31, 32, 33, 34, 35, 36, 37, 38, 39, 40, 41, 42, 43, 44, 45, 46, 47, 48, 49, 50, 51, 52, 53, 54, 55, 56, 57, 58, 59, 60, 61, 62, 63, 64, 65, 66, 67, 68, 69, 70, 71, 72, 73, 74, 75, 76, 77, 78, 79, 80, 81, 82, 83, 84, 85, 86, 87, 88, 89, 90, 91, 92, 93, 94, 95, 96, 97, 98, 99, 100, 101, 102, 485, 486, 487, 488, 489, 490, 491, 492, 493, 494, 495, 496, 497, 498, 499, 500, 501, 502, 503, 504, 505, 506, 507, 508, 509, 510, 511, 512, 513, 514, 515, 516, 517, 518, 519, 520, 521, 522, 523, 524, 525, 526, 527, 528, 529, 530, 531, 532, 533, 534, 535, 536, 537, 538, 539, 540, 541, 542, 543, 544, 545, 546, 547, 548, 549, 550, 551, 552, 553, 554, 555, 556, 557, 558, 559, 560, 561, 562, 563, 564, 565, 566, 567, 568, 569, 570, 571, 572, 573]","[0, 5, 7, 10, 14, 19, 20, 22, 24, 32, 33, 34, 37, 38, 40, 44, 46, 48, 49, 51, 56, 61, 63, 65, 67, 68, 73, 74, 75, 76, 79, 81, 82, 83, 85, 87, 88, 92, 93, 95, 96, 99, 100, 101, 115, 116, 124, 134, 142, 161, 167, 169, 170, 186, 202, 240, 244, 254, 260, 267, 277, 300, 303, 307, 310, 322, 331, 376, 485, 491, 493, 495, 499, 503, 504, 506, 508, 515, 518, 519, 521, 524, 526, 528, 533, 537, 539, 542, 543, 547, 548, 549, 550, 551, 553, 554, 556, 558, 559, 563, 564, 566, 567, 570, 571, 572, 586, 587, 595, 605, 613, 633, 639, 640, 641, 657, 672, 704, 717, 726, 736, 759, 761, 765, 768, 780, 788, 792, 826]",[],"[79, 80, 81, 82, 551, 552, 553]","[0, 1, 2, 515, 3, 4, 5, 6, 7, 8, 9, 10, 11, 12, 13, 14, 15, 16, 17, 18, 19, 20, 21, 22, 23, 537, 24, 25, 26, 27, 28, 29, 30, 31, 34, 32, 33, 35, 36, 551, 37, 38, 39, 40, 41, 42, 43, 44, 45, 46, 47, 48, 49, 50, 51, 52, 53, 54, 55, 56, 57, 58, 59, 63, 60, 61, 62, 64, 65, 66, 67, 68, 69, 70, 71, 72, 73, 74, 75, 79, 76, 81, 77, 78, 80, 82, 83, 84, 85, 86, 87, 88, 89, 90, 91, 92, 93, 94, 95, 96, 97, 98, 99, 100, 101, 102, 528, 529, 530, 613, 513, 531, 115, 116, 532, 633, 533, 124, 534, 639, 640, 641, 535, 134, 514, 536, 142, 657, 538, 539, 540, 672, 161, 541, 542, 167, 169, 170, 543, 544, 545, 516, 186, 546, 704, 547, 548, 202, 549, 717, 550, 517, 726, 552, 553, 736, 554, 555, 518, 556, 240, 557, 244, 759, 558, 761, 559, 254, 765, 768, 560, 260, 519, 561, 267, 562, 780, 563, 788, 277, 564, 792, 565, 520, 566, 567, 568, 300, 569, 303, 307, 570, 310, 521, 571, 826, 572, 322, 573, 331, 522, 523, 376, 524, 586, 587, 525, 512, 595, 526, 527, 605, 485, 486, 487, 488, 489, 490, 491, 492, 493, 494, 495, 496, 497, 498, 499, 500, 501, 502, 503, 504, 505, 506, 507, 508, 509, 510, 511]",True,[],"[0, 1, 2, 3, 4, 5, 6, 7, 8, 9, 10, 11, 12, 13, 14, 15, 16, 17, 18, 19, 20, 21, 22, 23, 24, 25, 26, 27, 28, 29, 30, 31, 32, 33, 34, 35, 36, 37, 38, 39, 40, 41, 42, 43, 44, 45, 46, 47, 48, 49, 50, 51, 52, 53, 54, 55, 56, 57, 58, 59, 60, 61, 62, 63, 64, 65, 66, 67, 68, 69, 70, 71, 72, 73, 74, 75, 76, 77, 78, 79, 80, 81, 82, 83, 84, 85, 86, 87, 88, 89, 90, 91, 92, 93, 94, 95, 96, 97, 98, 99, 100, 101, 102, 485, 486, 487, 488, 489, 490, 491, 492, 493, 494, 495, 496, 497, 498, 499, 500, 501, 502, 503, 504, 505, 506, 507, 508, 509, 510, 511, 512, 513, 514, 515, 516, 517, 518, 519, 520, 521, 522, 523, 524, 525, 526, 527, 528, 529, 530, 531, 532, 533, 534, 535, 536, 537, 538, 539, 540, 541, 542, 543, 544, 545, 546, 547, 548, 549, 550, 551, 552, 553, 554, 555, 556, 557, 558, 559, 560, 561, 562, 563, 564, 565, 566, 567, 568, 569, 570, 571, 572, 573]","[34, 63, 79, 81, 515, 537, 551]","[34, 63, 81, 515, 537, 551]","[0, 5, 7, 10, 14, 19, 20, 22, 24, 32, 33, 34, 37, 38, 40, 44, 46, 48, 49, 51, 56, 61, 63, 65, 67, 68, 73, 74, 75, 76, 79, 81, 82, 83, 85, 87, 88, 92, 93, 95, 96, 99, 100, 101, 115, 116, 124, 134, 142, 161, 167, 169, 170, 186, 202, 240, 244, 254, 260, 267, 277, 300, 303, 307, 310, 322, 331, 376, 485, 491, 493, 495, 499, 503, 504, 506, 508, 515, 518, 519, 521, 524, 526, 528, 533, 537, 539, 542, 543, 547, 548, 549, 550, 551, 553, 554, 556, 558, 559, 563, 564, 566, 567, 570, 571, 572, 586, 587, 595, 605, 613, 633, 639, 640, 641, 657, 672, 704, 717, 726, 736, 759, 761, 765, 768, 780, 788, 792, 826]","[79, 80, 81, 82, 551, 552, 553]",[],7/6 successful match,True,[90],True,540,False,,,,,
"Casa Grande , 85222 Pride Travel Center N",520-836-9681 I-10 Exit 200 ( Sunland Gin N,HRS 24 MOO,Casa Grande,85222,Pride Travel Center N,520-836-9681,2007,Casa Grande,AZ,,( Sunland Gin N,I-10 Exit 200 ,Exit,200,False,,False,I-10,,,,,"[81, 551]",[],"[34, 63, 79, 81, 515, 537, 551]","[34, 63, 81, 515, 537, 551]","[0, 1, 2, 3, 4, 5, 6, 7, 8, 9, 10, 11, 12, 13, 14, 15, 16, 17, 18, 19, 20, 21, 22, 23, 24, 25, 26, 27, 28, 29, 30, 31, 32, 33, 34, 35, 36, 37, 38, 39, 40, 41, 42, 43, 44, 45, 46, 47, 48, 49, 50, 51, 52, 53, 54, 55, 56, 57, 58, 59, 60, 61, 62, 63, 64, 65, 66, 67, 68, 69, 70, 71, 72, 73, 74, 75, 76, 77, 78, 79, 80, 81, 82, 83, 84, 85, 86, 87, 88, 89, 90, 91, 92, 93, 94, 95, 96, 97, 98, 99, 100, 101, 102, 485, 486, 487, 488, 489, 490, 491, 492, 493, 494, 495, 496, 497, 498, 499, 500, 501, 502, 503, 504, 505, 506, 507, 508, 509, 510, 511, 512, 513, 514, 515, 516, 517, 518, 519, 520, 521, 522, 523, 524, 525, 526, 527, 528, 529, 530, 531, 532, 533, 534, 535, 536, 537, 538, 539, 540, 541, 542, 543, 544, 545, 546, 547, 548, 549, 550, 551, 552, 553, 554, 555, 556, 557, 558, 559, 560, 561, 562, 563, 564, 565, 566, 567, 568, 569, 570, 571, 572, 573]","[0, 5, 7, 10, 14, 19, 20, 22, 24, 32, 33, 34, 37, 38, 40, 44, 46, 48, 49, 51, 56, 61, 63, 65, 67, 68, 73, 74, 75, 76, 79, 81, 82, 83, 85, 87, 88, 92, 93, 95, 96, 99, 100, 101, 115, 116, 124, 134, 142, 161, 167, 169, 170, 186, 202, 240, 244, 254, 260, 267, 277, 300, 303, 307, 310, 322, 331, 376, 485, 491, 493, 495, 499, 503, 504, 506, 508, 515, 518, 519, 521, 524, 526, 528, 533, 537, 539, 542, 543, 547, 548, 549, 550, 551, 553, 554, 556, 558, 559, 563, 564, 566, 567, 570, 571, 572, 586, 587, 595, 605, 613, 633, 639, 640, 641, 657, 672, 704, 717, 726, 736, 759, 761, 765, 768, 780, 788, 792, 826]",[],"[79, 80, 81, 82, 551, 552, 553]","[0, 1, 2, 515, 3, 4, 5, 6, 7, 8, 9, 10, 11, 12, 13, 14, 15, 16, 17, 18, 19, 20, 21, 22, 23, 537, 24, 25, 26, 27, 28, 29, 30, 31, 34, 32, 33, 35, 36, 551, 37, 38, 39, 40, 41, 42, 43, 44, 45, 46, 47, 48, 49, 50, 51, 52, 53, 54, 55, 56, 57, 58, 59, 63, 60, 61, 62, 64, 65, 66, 67, 68, 69, 70, 71, 72, 73, 74, 75, 79, 76, 81, 77, 78, 80, 82, 83, 84, 85, 86, 87, 88, 89, 90, 91, 92, 93, 94, 95, 96, 97, 98, 99, 100, 101, 102, 528, 529, 530, 613, 513, 531, 115, 116, 532, 633, 533, 124, 534, 639, 640, 641, 535, 134, 514, 536, 142, 657, 538, 539, 540, 672, 161, 541, 542, 167, 169, 170, 543, 544, 545, 516, 186, 546, 704, 547, 548, 202, 549, 717, 550, 517, 726, 552, 553, 736, 554, 555, 518, 556, 240, 557, 244, 759, 558, 761, 559, 254, 765, 768, 560, 260, 519, 561, 267, 562, 780, 563, 788, 277, 564, 792, 565, 520, 566, 567, 568, 300, 569, 303, 307, 570, 310, 521, 571, 826, 572, 322, 573, 331, 522, 523, 376, 524, 586, 587, 525, 512, 595, 526, 527, 605, 485, 486, 487, 488, 489, 490, 491, 492, 493, 494, 495, 496, 497, 498, 499, 500, 501, 502, 503, 504, 505, 506, 507, 508, 509, 510, 511]",True,[],"[0, 1, 2, 3, 4, 5, 6, 7, 8, 9, 10, 11, 12, 13, 14, 15, 16, 17, 18, 19, 20, 21, 22, 23, 24, 25, 26, 27, 28, 29, 30, 31, 32, 33, 34, 35, 36, 37, 38, 39, 40, 41, 42, 43, 44, 45, 46, 47, 48, 49, 50, 51, 52, 53, 54, 55, 56, 57, 58, 59, 60, 61, 62, 63, 64, 65, 66, 67, 68, 69, 70, 71, 72, 73, 74, 75, 76, 77, 78, 79, 80, 81, 82, 83, 84, 85, 86, 87, 88, 89, 90, 91, 92, 93, 94, 95, 96, 97, 98, 99, 100, 101, 102, 485, 486, 487, 488, 489, 490, 491, 492, 493, 494, 495, 496, 497, 498, 499, 500, 501, 502, 503, 504, 505, 506, 507, 508, 509, 510, 511, 512, 513, 514, 515, 516, 517, 518, 519, 520, 521, 522, 523, 524, 525, 526, 527, 528, 529, 530, 531, 532, 533, 534, 535, 536, 537, 538, 539, 540, 541, 542, 543, 544, 545, 546, 547, 548, 549, 550, 551, 552, 553, 554, 555, 556, 557, 558, 559, 560, 561, 562, 563, 564, 565, 566, 567, 568, 569, 570, 571, 572, 573]","[34, 63, 79, 81, 515, 537, 551]","[34, 63, 81, 515, 537, 551]","[0, 5, 7, 10, 14, 19, 20, 22, 24, 32, 33, 34, 37, 38, 40, 44, 46, 48, 49, 51, 56, 61, 63, 65, 67, 68, 73, 74, 75, 76, 79, 81, 82, 83, 85, 87, 88, 92, 93, 95, 96, 99, 100, 101, 115, 116, 124, 134, 142, 161, 167, 169, 170, 186, 202, 240, 244, 254, 260, 267, 277, 300, 303, 307, 310, 322, 331, 376, 485, 491, 493, 495, 499, 503, 504, 506, 508, 515, 518, 519, 521, 524, 526, 528, 533, 537, 539, 542, 543, 547, 548, 549, 550, 551, 553, 554, 556, 558, 559, 563, 564, 566, 567, 570, 571, 572, 586, 587, 595, 605, 613, 633, 639, 640, 641, 657, 672, 704, 717, 726, 736, 759, 761, 765, 768, 780, 788, 792, 826]","[79, 80, 81, 82, 551, 552, 553]",[],7/6 successful match,True,[90],True,540,False,,1.0,True,Pride Travel Center,
"Casa Grande , 85222 Pride Travel Center",4 520-836-9681 I-10 Exit 200 ( Sunland Gin Rd N ),24 HRS M <U+2610><U+2610>,Casa Grande,85222,Pride Travel Center,520-836-9681,2008,Casa Grande,AZ,,( Sunland Gin Rd N ),I-10 Exit 200 ,Exit,200,False,,False,I-10,,,,,"[81, 551]",[],"[34, 63, 79, 81, 515, 537, 551]","[34, 63, 81, 515, 537, 551]","[0, 1, 2, 3, 4, 5, 6, 7, 8, 9, 10, 11, 12, 13, 14, 15, 16, 17, 18, 19, 20, 21, 22, 23, 24, 25, 26, 27, 28, 29, 30, 31, 32, 33, 34, 35, 36, 37, 38, 39, 40, 41, 42, 43, 44, 45, 46, 47, 48, 49, 50, 51, 52, 53, 54, 55, 56, 57, 58, 59, 60, 61, 62, 63, 64, 65, 66, 67, 68, 69, 70, 71, 72, 73, 74, 75, 76, 77, 78, 79, 80, 81, 82, 83, 84, 85, 86, 87, 88, 89, 90, 91, 92, 93, 94, 95, 96, 97, 98, 99, 100, 101, 102, 485, 486, 487, 488, 489, 490, 491, 492, 493, 494, 495, 496, 497, 498, 499, 500, 501, 502, 503, 504, 505, 506, 507, 508, 509, 510, 511, 512, 513, 514, 515, 516, 517, 518, 519, 520, 521, 522, 523, 524, 525, 526, 527, 528, 529, 530, 531, 532, 533, 534, 535, 536, 537, 538, 539, 540, 541, 542, 543, 544, 545, 546, 547, 548, 549, 550, 551, 552, 553, 554, 555, 556, 557, 558, 559, 560, 561, 562, 563, 564, 565, 566, 567, 568, 569, 570, 571, 572, 573]","[0, 5, 7, 10, 14, 19, 20, 22, 24, 32, 33, 34, 37, 38, 40, 44, 46, 48, 49, 51, 56, 61, 63, 65, 67, 68, 73, 74, 75, 76, 79, 81, 82, 83, 85, 87, 88, 92, 93, 95, 96, 99, 100, 101, 115, 116, 124, 134, 142, 161, 167, 169, 170, 186, 202, 240, 244, 254, 260, 267, 277, 300, 303, 307, 310, 322, 331, 376, 485, 491, 493, 495, 499, 503, 504, 506, 508, 515, 518, 519, 521, 524, 526, 528, 533, 537, 539, 542, 543, 547, 548, 549, 550, 551, 553, 554, 556, 558, 559, 563, 564, 566, 567, 570, 571, 572, 586, 587, 595, 605, 613, 633, 639, 640, 641, 657, 672, 704, 717, 726, 736, 759, 761, 765, 768, 780, 788, 792, 826]",[],"[79, 80, 81, 82, 551, 552, 553]","[0, 1, 2, 515, 3, 4, 5, 6, 7, 8, 9, 10, 11, 12, 13, 14, 15, 16, 17, 18, 19, 20, 21, 22, 23, 537, 24, 25, 26, 27, 28, 29, 30, 31, 34, 32, 33, 35, 36, 551, 37, 38, 39, 40, 41, 42, 43, 44, 45, 46, 47, 48, 49, 50, 51, 52, 53, 54, 55, 56, 57, 58, 59, 63, 60, 61, 62, 64, 65, 66, 67, 68, 69, 70, 71, 72, 73, 74, 75, 79, 76, 81, 77, 78, 80, 82, 83, 84, 85, 86, 87, 88, 89, 90, 91, 92, 93, 94, 95, 96, 97, 98, 99, 100, 101, 102, 528, 529, 530, 613, 513, 531, 115, 116, 532, 633, 533, 124, 534, 639, 640, 641, 535, 134, 514, 536, 142, 657, 538, 539, 540, 672, 161, 541, 542, 167, 169, 170, 543, 544, 545, 516, 186, 546, 704, 547, 548, 202, 549, 717, 550, 517, 726, 552, 553, 736, 554, 555, 518, 556, 240, 557, 244, 759, 558, 761, 559, 254, 765, 768, 560, 260, 519, 561, 267, 562, 780, 563, 788, 277, 564, 792, 565, 520, 566, 567, 568, 300, 569, 303, 307, 570, 310, 521, 571, 826, 572, 322, 573, 331, 522, 523, 376, 524, 586, 587, 525, 512, 595, 526, 527, 605, 485, 486, 487, 488, 489, 490, 491, 492, 493, 494, 495, 496, 497, 498, 499, 500, 501, 502, 503, 504, 505, 506, 507, 508, 509, 510, 511]",True,[],"[0, 1, 2, 3, 4, 5, 6, 7, 8, 9, 10, 11, 12, 13, 14, 15, 16, 17, 18, 19, 20, 21, 22, 23, 24, 25, 26, 27, 28, 29, 30, 31, 32, 33, 34, 35, 36, 37, 38, 39, 40, 41, 42, 43, 44, 45, 46, 47, 48, 49, 50, 51, 52, 53, 54, 55, 56, 57, 58, 59, 60, 61, 62, 63, 64, 65, 66, 67, 68, 69, 70, 71, 72, 73, 74, 75, 76, 77, 78, 79, 80, 81, 82, 83, 84, 85, 86, 87, 88, 89, 90, 91, 92, 93, 94, 95, 96, 97, 98, 99, 100, 101, 102, 485, 486, 487, 488, 489, 490, 491, 492, 493, 494, 495, 496, 497, 498, 499, 500, 501, 502, 503, 504, 505, 506, 507, 508, 509, 510, 511, 512, 513, 514, 515, 516, 517, 518, 519, 520, 521, 522, 523, 524, 525, 526, 527, 528, 529, 530, 531, 532, 533, 534, 535, 536, 537, 538, 539, 540, 541, 542, 543, 544, 545, 546, 547, 548, 549, 550, 551, 552, 553, 554, 555, 556, 557, 558, 559, 560, 561, 562, 563, 564, 565, 566, 567, 568, 569, 570, 571, 572, 573]","[34, 63, 79, 81, 515, 537, 551]","[34, 63, 81, 515, 537, 551]","[0, 5, 7, 10, 14, 19, 20, 22, 24, 32, 33, 34, 37, 38, 40, 44, 46, 48, 49, 51, 56, 61, 63, 65, 67, 68, 73, 74, 75, 76, 79, 81, 82, 83, 85, 87, 88, 92, 93, 95, 96, 99, 100, 101, 115, 116, 124, 134, 142, 161, 167, 169, 170, 186, 202, 240, 244, 254, 260, 267, 277, 300, 303, 307, 310, 322, 331, 376, 485, 491, 493, 495, 499, 503, 504, 506, 508, 515, 518, 519, 521, 524, 526, 528, 533, 537, 539, 542, 543, 547, 548, 549, 550, 551, 553, 554, 556, 558, 559, 563, 564, 566, 567, 570, 571, 572, 586, 587, 595, 605, 613, 633, 639, 640, 641, 657, 672, 704, 717, 726, 736, 759, 761, 765, 768, 780, 788, 792, 826]","[79, 80, 81, 82, 551, 552, 553]",[],7/6 successful match,True,[90],True,540,False,,1.0,True,Pride Travel Center N,
"Eloy , 85231 Circle K # 2947",520-466-7361 I-10 Exit 203 ( Toltec Rd N ),,Eloy,85231,Circle K # 2947,520-466-7361,2006,Eloy,AZ,Circle K,( Toltec Rd N ),I-10 Exit 203 ,Exit,203,False,,False,I-10,,,,,"[491, 5]","[20, 63, 74, 504, 537, 548]","[5, 20, 74, 93, 101, 491, 504, 548, 564, 572]","[5, 93, 101, 262, 312, 491, 564, 572, 722, 770]","[0, 1, 2, 3, 4, 5, 6, 7, 8, 9, 10, 11, 12, 13, 14, 15, 16, 17, 18, 19, 20, 21, 22, 23, 24, 25, 26, 27, 28, 29, 30, 31, 32, 33, 34, 35, 36, 37, 38, 39, 40, 41, 42, 43, 44, 45, 46, 47, 48, 49, 50, 51, 52, 53, 54, 55, 56, 57, 58, 59, 60, 61, 62, 63, 64, 65, 66, 67, 68, 69, 70, 71, 72, 73, 74, 75, 76, 77, 78, 79, 80, 81, 82, 83, 84, 85, 86, 87, 88, 89, 90, 91, 92, 93, 94, 95, 96, 97, 98, 99, 100, 101, 102, 485, 486, 487, 488, 489, 490, 491, 492, 493, 494, 495, 496, 497, 498, 499, 500, 501, 502, 503, 504, 505, 506, 507, 508, 509, 510, 511, 512, 513, 514, 515, 516, 517, 518, 519, 520, 521, 522, 523, 524, 525, 526, 527, 528, 529, 530, 531, 532, 533, 534, 535, 536, 537, 538, 539, 540, 541, 542, 543, 544, 545, 546, 547, 548, 549, 550, 551, 552, 553, 554, 555, 556, 557, 558, 559, 560, 561, 562, 563, 564, 565, 566, 567, 568, 569, 570, 571, 572, 573]","[0, 5, 7, 10, 14, 19, 20, 22, 24, 32, 33, 34, 37, 38, 40, 44, 46, 48, 49, 51, 56, 61, 63, 65, 67, 68, 73, 74, 75, 76, 79, 81, 82, 83, 85, 87, 88, 92, 93, 95, 96, 99, 100, 101, 115, 116, 124, 134, 142, 161, 167, 169, 170, 186, 202, 240, 244, 254, 260, 267, 277, 300, 303, 307, 310, 322, 331, 376, 485, 491, 493, 495, 499, 503, 504, 506, 508, 515, 518, 519, 521, 524, 526, 528, 533, 537, 539, 542, 543, 547, 548, 549, 550, 551, 553, 554, 556, 558, 559, 563, 564, 566, 567, 570, 571, 572, 586, 587, 595, 605, 613, 633, 639, 640, 641, 657, 672, 704, 717, 726, 736, 759, 761, 765, 768, 780, 788, 792, 826]","[6, 7, 492, 493]",[],"[0, 1, 2, 3, 4, 5, 6, 7, 8, 9, 10, 11, 12, 13, 14, 15, 16, 17, 18, 19, 20, 21, 22, 23, 24, 537, 25, 26, 27, 28, 29, 30, 31, 32, 33, 34, 548, 35, 36, 37, 38, 39, 40, 41, 42, 43, 44, 45, 46, 47, 48, 49, 564, 50, 51, 52, 53, 54, 55, 56, 572, 57, 58, 63, 59, 60, 61, 62, 64, 65, 66, 67, 68, 69, 74, 70, 71, 72, 73, 75, 76, 77, 78, 79, 80, 81, 82, 83, 84, 85, 86, 87, 88, 93, 89, 90, 91, 92, 94, 95, 96, 101, 97, 98, 99, 100, 102, 529, 530, 613, 513, 531, 115, 116, 532, 633, 533, 124, 534, 639, 640, 641, 535, 134, 514, 536, 142, 657, 538, 539, 540, 672, 515, 541, 161, 542, 167, 169, 170, 543, 544, 545, 516, 186, 546, 704, 547, 202, 549, 717, 550, 722, 517, 551, 726, 552, 553, 736, 554, 555, 518, 556, 240, 557, 244, 759, 558, 761, 559, 254, 765, 768, 770, 560, 260, 519, 262, 561, 267, 562, 780, 563, 788, 277, 792, 565, 520, 566, 567, 568, 300, 569, 303, 307, 570, 310, 521, 312, 571, 826, 322, 573, 331, 522, 523, 376, 528, 524, 586, 587, 525, 512, 595, 526, 527, 605, 485, 486, 487, 488, 489, 490, 491, 492, 493, 494, 495, 496, 497, 498, 499, 500, 501, 502, 503, 504, 505, 506, 507, 508, 509, 510, 511]",True,"[20, 63, 74, 504, 537, 548]","[0, 1, 2, 3, 4, 5, 6, 7, 8, 9, 10, 11, 12, 13, 14, 15, 16, 17, 18, 19, 20, 21, 22, 23, 24, 25, 26, 27, 28, 29, 30, 31, 32, 33, 34, 35, 36, 37, 38, 39, 40, 41, 42, 43, 44, 45, 46, 47, 48, 49, 50, 51, 52, 53, 54, 55, 56, 57, 58, 59, 60, 61, 62, 63, 64, 65, 66, 67, 68, 69, 70, 71, 72, 73, 74, 75, 76, 77, 78, 79, 80, 81, 82, 83, 84, 85, 86, 87, 88, 89, 90, 91, 92, 93, 94, 95, 96, 97, 98, 99, 100, 101, 102, 485, 486, 487, 488, 489, 490, 491, 492, 493, 494, 495, 496, 497, 498, 499, 500, 501, 502, 503, 504, 505, 506, 507, 508, 509, 510, 511, 512, 513, 514, 515, 516, 517, 518, 519, 520, 521, 522, 523, 524, 525, 526, 527, 528, 529, 530, 531, 532, 533, 534, 535, 536, 537, 538, 539, 540, 541, 542, 543, 544, 545, 546, 547, 548, 549, 550, 551, 552, 553, 554, 555, 556, 557, 558, 559, 560, 561, 562, 563, 564, 565, 566, 567, 568, 569, 570, 571, 572, 573]","[5, 20, 74, 93, 101, 491, 504, 548, 564, 572]","[5, 93, 101, 262, 312, 491, 564, 572, 722, 770]","[0, 5, 7, 10, 14, 19, 20, 22, 24, 32, 33, 34, 37, 38, 40, 44, 46, 48, 49, 51, 56, 61, 63, 65, 67, 68, 73, 74, 75, 76, 79, 81, 82, 83, 85, 87, 88, 92, 93, 95, 96, 99, 100, 101, 115, 116, 124, 134, 142, 161, 167, 169, 170, 186, 202, 240, 244, 254, 260, 267, 277, 300, 303, 307, 310, 322, 331, 376, 485, 491, 493, 495, 499, 503, 504, 506, 508, 515, 518, 519, 521, 524, 526, 528, 533, 537, 539, 542, 543, 547, 548, 549, 550, 551, 553, 554, 556, 558, 559, 563, 564, 566, 567, 570, 571, 572, 586, 587, 595, 605, 613, 633, 639, 640, 641, 657, 672, 704, 717, 726, 736, 759, 761, 765, 768, 780, 788, 792, 826]",[],"[6, 7, 492, 493]",6/6 successful match,True,[467],True,541,False,,,,,
"Eloy , 85231 Circle K # 2947",520-466-7361 I-10 Exit 203 ( Toltec Rd N ),24 MOOO,Eloy,85231,Circle K # 2947,520-466-7361,2007,Eloy,AZ,Circle K,( Toltec Rd N ),I-10 Exit 203 ,Exit,203,False,,False,I-10,,,,,"[491, 5]","[20, 63, 74, 504, 537, 548]","[5, 20, 74, 93, 101, 491, 504, 548, 564, 572]","[5, 93, 101, 262, 312, 491, 564, 572, 722, 770]","[0, 1, 2, 3, 4, 5, 6, 7, 8, 9, 10, 11, 12, 13, 14, 15, 16, 17, 18, 19, 20, 21, 22, 23, 24, 25, 26, 27, 28, 29, 30, 31, 32, 33, 34, 35, 36, 37, 38, 39, 40, 41, 42, 43, 44, 45, 46, 47, 48, 49, 50, 51, 52, 53, 54, 55, 56, 57, 58, 59, 60, 61, 62, 63, 64, 65, 66, 67, 68, 69, 70, 71, 72, 73, 74, 75, 76, 77, 78, 79, 80, 81, 82, 83, 84, 85, 86, 87, 88, 89, 90, 91, 92, 93, 94, 95, 96, 97, 98, 99, 100, 101, 102, 485, 486, 487, 488, 489, 490, 491, 492, 493, 494, 495, 496, 497, 498, 499, 500, 501, 502, 503, 504, 505, 506, 507, 508, 509, 510, 511, 512, 513, 514, 515, 516, 517, 518, 519, 520, 521, 522, 523, 524, 525, 526, 527, 528, 529, 530, 531, 532, 533, 534, 535, 536, 537, 538, 539, 540, 541, 542, 543, 544, 545, 546, 547, 548, 549, 550, 551, 552, 553, 554, 555, 556, 557, 558, 559, 560, 561, 562, 563, 564, 565, 566, 567, 568, 569, 570, 571, 572, 573]","[0, 5, 7, 10, 14, 19, 20, 22, 24, 32, 33, 34, 37, 38, 40, 44, 46, 48, 49, 51, 56, 61, 63, 65, 67, 68, 73, 74, 75, 76, 79, 81, 82, 83, 85, 87, 88, 92, 93, 95, 96, 99, 100, 101, 115, 116, 124, 134, 142, 161, 167, 169, 170, 186, 202, 240, 244, 254, 260, 267, 277, 300, 303, 307, 310, 322, 331, 376, 485, 491, 493, 495, 499, 503, 504, 506, 508, 515, 518, 519, 521, 524, 526, 528, 533, 537, 539, 542, 543, 547, 548, 549, 550, 551, 553, 554, 556, 558, 559, 563, 564, 566, 567, 570, 571, 572, 586, 587, 595, 605, 613, 633, 639, 640, 641, 657, 672, 704, 717, 726, 736, 759, 761, 765, 768, 780, 788, 792, 826]","[6, 7, 492, 493]",[],"[0, 1, 2, 3, 4, 5, 6, 7, 8, 9, 10, 11, 12, 13, 14, 15, 16, 17, 18, 19, 20, 21, 22, 23, 24, 537, 25, 26, 27, 28, 29, 30, 31, 32, 33, 34, 548, 35, 36, 37, 38, 39, 40, 41, 42, 43, 44, 45, 46, 47, 48, 49, 564, 50, 51, 52, 53, 54, 55, 56, 572, 57, 58, 63, 59, 60, 61, 62, 64, 65, 66, 67, 68, 69, 74, 70, 71, 72, 73, 75, 76, 77, 78, 79, 80, 81, 82, 83, 84, 85, 86, 87, 88, 93, 89, 90, 91, 92, 94, 95, 96, 101, 97, 98, 99, 100, 102, 529, 530, 613, 513, 531, 115, 116, 532, 633, 533, 124, 534, 639, 640, 641, 535, 134, 514, 536, 142, 657, 538, 539, 540, 672, 515, 541, 161, 542, 167, 169, 170, 543, 544, 545, 516, 186, 546, 704, 547, 202, 549, 717, 550, 722, 517, 551, 726, 552, 553, 736, 554, 555, 518, 556, 240, 557, 244, 759, 558, 761, 559, 254, 765, 768, 770, 560, 260, 519, 262, 561, 267, 562, 780, 563, 788, 277, 792, 565, 520, 566, 567, 568, 300, 569, 303, 307, 570, 310, 521, 312, 571, 826, 322, 573, 331, 522, 523, 376, 528, 524, 586, 587, 525, 512, 595, 526, 527, 605, 485, 486, 487, 488, 489, 490, 491, 492, 493, 494, 495, 496, 497, 498, 499, 500, 501, 502, 503, 504, 505, 506, 507, 508, 509, 510, 511]",True,"[20, 63, 74, 504, 537, 548]","[0, 1, 2, 3, 4, 5, 6, 7, 8, 9, 10, 11, 12, 13, 14, 15, 16, 17, 18, 19, 20, 21, 22, 23, 24, 25, 26, 27, 28, 29, 30, 31, 32, 33, 34, 35, 36, 37, 38, 39, 40, 41, 42, 43, 44, 45, 46, 47, 48, 49, 50, 51, 52, 53, 54, 55, 56, 57, 58, 59, 60, 61, 62, 63, 64, 65, 66, 67, 68, 69, 70, 71, 72, 73, 74, 75, 76, 77, 78, 79, 80, 81, 82, 83, 84, 85, 86, 87, 88, 89, 90, 91, 92, 93, 94, 95, 96, 97, 98, 99, 100, 101, 102, 485, 486, 487, 488, 489, 490, 491, 492, 493, 494, 495, 496, 497, 498, 499, 500, 501, 502, 503, 504, 505, 506, 507, 508, 509, 510, 511, 512, 513, 514, 515, 516, 517, 518, 519, 520, 521, 522, 523, 524, 525, 526, 527, 528, 529, 530, 531, 532, 533, 534, 535, 536, 537, 538, 539, 540, 541, 542, 543, 544, 545, 546, 547, 548, 549, 550, 551, 552, 553, 554, 555, 556, 557, 558, 559, 560, 561, 562, 563, 564, 565, 566, 567, 568, 569, 570, 571, 572, 573]","[5, 20, 74, 93, 101, 491, 504, 548, 564, 572]","[5, 93, 101, 262, 312, 491, 564, 572, 722, 770]","[0, 5, 7, 10, 14, 19, 20, 22, 24, 32, 33, 34, 37, 38, 40, 44, 46, 48, 49, 51, 56, 61, 63, 65, 67, 68, 73, 74, 75, 76, 79, 81, 82, 83, 85, 87, 88, 92, 93, 95, 96, 99, 100, 101, 115, 116, 124, 134, 142, 161, 167, 169, 170, 186, 202, 240, 244, 254, 260, 267, 277, 300, 303, 307, 310, 322, 331, 376, 485, 491, 493, 495, 499, 503, 504, 506, 508, 515, 518, 519, 521, 524, 526, 528, 533, 537, 539, 542, 543, 547, 548, 549, 550, 551, 553, 554, 556, 558, 559, 563, 564, 566, 567, 570, 571, 572, 586, 587, 595, 605, 613, 633, 639, 640, 641, 657, 672, 704, 717, 726, 736, 759, 761, 765, 768, 780, 788, 792, 826]",[],"[6, 7, 492, 493]",6/6 successful match,True,[467],True,541,False,,1.0,True,Circle K # 2947,Circle K
", 85231 Circle K # 2947",GEloy 4 520-466-7361 I-10 Exit 203 ( Toltec Rd N ),24 HRS M <U+2610> <U+2610> <U+2610><U+2610>,,85231,Circle K # 2947,520-466-7361,2008,Eloy,AZ,Circle K,( Toltec Rd N ),I-10 Exit 203 ,Exit,203,False,,False,I-10,,,,,"[491, 5]","[20, 63, 74, 504, 537, 548]","[5, 20, 74, 93, 101, 491, 504, 548, 564, 572]","[5, 93, 101, 262, 312, 491, 564, 572, 722, 770]","[0, 1, 2, 3, 4, 5, 6, 7, 8, 9, 10, 11, 12, 13, 14, 15, 16, 17, 18, 19, 20, 21, 22, 23, 24, 25, 26, 27, 28, 29, 30, 31, 32, 33, 34, 35, 36, 37, 38, 39, 40, 41, 42, 43, 44, 45, 46, 47, 48, 49, 50, 51, 52, 53, 54, 55, 56, 57, 58, 59, 60, 61, 62, 63, 64, 65, 66, 67, 68, 69, 70, 71, 72, 73, 74, 75, 76, 77, 78, 79, 80, 81, 82, 83, 84, 85, 86, 87, 88, 89, 90, 91, 92, 93, 94, 95, 96, 97, 98, 99, 100, 101, 102, 485, 486, 487, 488, 489, 490, 491, 492, 493, 494, 495, 496, 497, 498, 499, 500, 501, 502, 503, 504, 505, 506, 507, 508, 509, 510, 511, 512, 513, 514, 515, 516, 517, 518, 519, 520, 521, 522, 523, 524, 525, 526, 527, 528, 529, 530, 531, 532, 533, 534, 535, 536, 537, 538, 539, 540, 541, 542, 543, 544, 545, 546, 547, 548, 549, 550, 551, 552, 553, 554, 555, 556, 557, 558, 559, 560, 561, 562, 563, 564, 565, 566, 567, 568, 569, 570, 571, 572, 573]","[0, 5, 7, 10, 14, 19, 20, 22, 24, 32, 33, 34, 37, 38, 40, 44, 46, 48, 49, 51, 56, 61, 63, 65, 67, 68, 73, 74, 75, 76, 79, 81, 82, 83, 85, 87, 88, 92, 93, 95, 96, 99, 100, 101, 115, 116, 124, 134, 142, 161, 167, 169, 170, 186, 202, 240, 244, 254, 260, 267, 277, 300, 303, 307, 310, 322, 331, 376, 485, 491, 493, 495, 499, 503, 504, 506, 508, 515, 518, 519, 521, 524, 526, 528, 533, 537, 539, 542, 543, 547, 548, 549, 550, 551, 553, 554, 556, 558, 559, 563, 564, 566, 567, 570, 571, 572, 586, 587, 595, 605, 613, 633, 639, 640, 641, 657, 672, 704, 717, 726, 736, 759, 761, 765, 768, 780, 788, 792, 826]","[6, 7, 492, 493]",[],"[0, 1, 2, 3, 4, 5, 6, 7, 8, 9, 10, 11, 12, 13, 14, 15, 16, 17, 18, 19, 20, 21, 22, 23, 24, 537, 25, 26, 27, 28, 29, 30, 31, 32, 33, 34, 548, 35, 36, 37, 38, 39, 40, 41, 42, 43, 44, 45, 46, 47, 48, 49, 564, 50, 51, 52, 53, 54, 55, 56, 572, 57, 58, 63, 59, 60, 61, 62, 64, 65, 66, 67, 68, 69, 74, 70, 71, 72, 73, 75, 76, 77, 78, 79, 80, 81, 82, 83, 84, 85, 86, 87, 88, 93, 89, 90, 91, 92, 94, 95, 96, 101, 97, 98, 99, 100, 102, 529, 530, 613, 513, 531, 115, 116, 532, 633, 533, 124, 534, 639, 640, 641, 535, 134, 514, 536, 142, 657, 538, 539, 540, 672, 515, 541, 161, 542, 167, 169, 170, 543, 544, 545, 516, 186, 546, 704, 547, 202, 549, 717, 550, 722, 517, 551, 726, 552, 553, 736, 554, 555, 518, 556, 240, 557, 244, 759, 558, 761, 559, 254, 765, 768, 770, 560, 260, 519, 262, 561, 267, 562, 780, 563, 788, 277, 792, 565, 520, 566, 567, 568, 300, 569, 303, 307, 570, 310, 521, 312, 571, 826, 322, 573, 331, 522, 523, 376, 528, 524, 586, 587, 525, 512, 595, 526, 527, 605, 485, 486, 487, 488, 489, 490, 491, 492, 493, 494, 495, 496, 497, 498, 499, 500, 501, 502, 503, 504, 505, 506, 507, 508, 509, 510, 511]",True,"[20, 63, 74, 504, 537, 548]","[0, 1, 2, 3, 4, 5, 6, 7, 8, 9, 10, 11, 12, 13, 14, 15, 16, 17, 18, 19, 20, 21, 22, 23, 24, 25, 26, 27, 28, 29, 30, 31, 32, 33, 34, 35, 36, 37, 38, 39, 40, 41, 42, 43, 44, 45, 46, 47, 48, 49, 50, 51, 52, 53, 54, 55, 56, 57, 58, 59, 60, 61, 62, 63, 64, 65, 66, 67, 68, 69, 70, 71, 72, 73, 74, 75, 76, 77, 78, 79, 80, 81, 82, 83, 84, 85, 86, 87, 88, 89, 90, 91, 92, 93, 94, 95, 96, 97, 98, 99, 100, 101, 102, 485, 486, 487, 488, 489, 490, 491, 492, 493, 494, 495, 496, 497, 498, 499, 500, 501, 502, 503, 504, 505, 506, 507, 508, 509, 510, 511, 512, 513, 514, 515, 516, 517, 518, 519, 520, 521, 522, 523, 524, 525, 526, 527, 528, 529, 530, 531, 532, 533, 534, 535, 536, 537, 538, 539, 540, 541, 542, 543, 544, 545, 546, 547, 548, 549, 550, 551, 552, 553, 554, 555, 556, 557, 558, 559, 560, 561, 562, 563, 564, 565, 566, 567, 568, 569, 570, 571, 572, 573]","[5, 20, 74, 93, 101, 491, 504, 548, 564, 572]","[5, 93, 101, 262, 312, 491, 564, 572, 722, 770]","[0, 5, 7, 10, 14, 19, 20, 22, 24, 32, 33, 34, 37, 38, 40, 44, 46, 48, 49, 51, 56, 61, 63, 65, 67, 68, 73, 74, 75, 76, 79, 81, 82, 83, 85, 87, 88, 92, 93, 95, 96, 99, 100, 101, 115, 116, 124, 134, 142, 161, 167, 169, 170, 186, 202, 240, 244, 254, 260, 267, 277, 300, 303, 307, 310, 322, 331, 376, 485, 491, 493, 495, 499, 503, 504, 506, 508, 515, 518, 519, 521, 524, 526, 528, 533, 537, 539, 542, 543, 547, 548, 549, 550, 551, 553, 554, 556, 558, 559, 563, 564, 566, 567, 570, 571, 572, 586, 587, 595, 605, 613, 633, 639, 640, 641, 657, 672, 704, 717, 726, 736, 759, 761, 765, 768, 780, 788, 792, 826]",[],"[6, 7, 492, 493]",6/6 successful match,True,[467],True,541,False,,1.0,True,Circle K # 2947,Circle K
"Eloy , 85231 TravelCenters of America ( Exxon )",520-466-7363 I-10 Exit 203 ( Toltec Rd S ),,Eloy,85231,TravelCenters of America ( Exxon ),520-466-7363,2006,Eloy,AZ,TravelCenters,( Toltec Rd S ),I-10 Exit 203 ,Exit,203,False,,False,I-10,,,,,"[564, 93]","[20, 63, 74, 504, 537, 548]","[5, 20, 74, 93, 101, 491, 504, 548, 564, 572]","[5, 93, 101, 262, 312, 491, 564, 572, 722, 770]","[0, 1, 2, 3, 4, 5, 6, 7, 8, 9, 10, 11, 12, 13, 14, 15, 16, 17, 18, 19, 20, 21, 22, 23, 24, 25, 26, 27, 28, 29, 30, 31, 32, 33, 34, 35, 36, 37, 38, 39, 40, 41, 42, 43, 44, 45, 46, 47, 48, 49, 50, 51, 52, 53, 54, 55, 56, 57, 58, 59, 60, 61, 62, 63, 64, 65, 66, 67, 68, 69, 70, 71, 72, 73, 74, 75, 76, 77, 78, 79, 80, 81, 82, 83, 84, 85, 86, 87, 88, 89, 90, 91, 92, 93, 94, 95, 96, 97, 98, 99, 100, 101, 102, 485, 486, 487, 488, 489, 490, 491, 492, 493, 494, 495, 496, 497, 498, 499, 500, 501, 502, 503, 504, 505, 506, 507, 508, 509, 510, 511, 512, 513, 514, 515, 516, 517, 518, 519, 520, 521, 522, 523, 524, 525, 526, 527, 528, 529, 530, 531, 532, 533, 534, 535, 536, 537, 538, 539, 540, 541, 542, 543, 544, 545, 546, 547, 548, 549, 550, 551, 552, 553, 554, 555, 556, 557, 558, 559, 560, 561, 562, 563, 564, 565, 566, 567, 568, 569, 570, 571, 572, 573]","[0, 5, 7, 10, 14, 19, 20, 22, 24, 32, 33, 34, 37, 38, 40, 44, 46, 48, 49, 51, 56, 61, 63, 65, 67, 68, 73, 74, 75, 76, 79, 81, 82, 83, 85, 87, 88, 92, 93, 95, 96, 99, 100, 101, 115, 116, 124, 134, 142, 161, 167, 169, 170, 186, 202, 240, 244, 254, 260, 267, 277, 300, 303, 307, 310, 322, 331, 376, 485, 491, 493, 495, 499, 503, 504, 506, 508, 515, 518, 519, 521, 524, 526, 528, 533, 537, 539, 542, 543, 547, 548, 549, 550, 551, 553, 554, 556, 558, 559, 563, 564, 566, 567, 570, 571, 572, 586, 587, 595, 605, 613, 633, 639, 640, 641, 657, 672, 704, 717, 726, 736, 759, 761, 765, 768, 780, 788, 792, 826]","[98, 476, 481, 569, 924, 925]","[398, 399, 400, 848, 849]","[0, 1, 2, 3, 4, 5, 6, 7, 8, 9, 10, 11, 12, 13, 14, 15, 16, 17, 18, 19, 20, 21, 22, 23, 24, 537, 25, 26, 27, 28, 29, 30, 31, 32, 33, 34, 548, 35, 36, 37, 38, 39, 40, 41, 42, 43, 44, 45, 46, 47, 48, 49, 564, 50, 51, 52, 53, 54, 55, 56, 572, 57, 58, 63, 59, 60, 61, 62, 64, 65, 66, 67, 68, 69, 74, 70, 71, 72, 73, 75, 76, 77, 78, 79, 80, 81, 82, 83, 84, 85, 86, 87, 88, 93, 89, 90, 91, 92, 94, 95, 96, 101, 97, 98, 99, 100, 102, 529, 530, 613, 513, 531, 115, 116, 532, 633, 533, 124, 534, 639, 640, 641, 535, 134, 514, 536, 142, 657, 538, 539, 540, 672, 515, 541, 161, 542, 167, 169, 170, 543, 544, 545, 516, 186, 546, 704, 547, 202, 549, 717, 550, 722, 517, 551, 726, 552, 553, 736, 554, 555, 518, 556, 240, 557, 244, 759, 558, 761, 559, 254, 765, 768, 770, 560, 260, 519, 262, 561, 267, 562, 780, 563, 788, 277, 792, 565, 520, 566, 567, 568, 300, 569, 303, 307, 570, 310, 521, 312, 571, 826, 322, 573, 331, 522, 848, 849, 523, 376, 528, 524, 586, 587, 398, 399, 400, 525, 924, 925, 512, 595, 526, 527, 476, 481, 605, 485, 486, 487, 488, 489, 490, 491, 492, 493, 494, 495, 496, 497, 498, 499, 500, 501, 502, 503, 504, 505, 506, 507, 508, 509, 510, 511]",True,"[20, 63, 74, 504, 537, 548]","[0, 1, 2, 3, 4, 5, 6, 7, 8, 9, 10, 11, 12, 13, 14, 15, 16, 17, 18, 19, 20, 21, 22, 23, 24, 25, 26, 27, 28, 29, 30, 31, 32, 33, 34, 35, 36, 37, 38, 39, 40, 41, 42, 43, 44, 45, 46, 47, 48, 49, 50, 51, 52, 53, 54, 55, 56, 57, 58, 59, 60, 61, 62, 63, 64, 65, 66, 67, 68, 69, 70, 71, 72, 73, 74, 75, 76, 77, 78, 79, 80, 81, 82, 83, 84, 85, 86, 87, 88, 89, 90, 91, 92, 93, 94, 95, 96, 97, 98, 99, 100, 101, 102, 485, 486, 487, 488, 489, 490, 491, 492, 493, 494, 495, 496, 497, 498, 499, 500, 501, 502, 503, 504, 505, 506, 507, 508, 509, 510, 511, 512, 513, 514, 515, 516, 517, 518, 519, 520, 521, 522, 523, 524, 525, 526, 527, 528, 529, 530, 531, 532, 533, 534, 535, 536, 537, 538, 539, 540, 541, 542, 543, 544, 545, 546, 547, 548, 549, 550, 551, 552, 553, 554, 555, 556, 557, 558, 559, 560, 561, 562, 563, 564, 565, 566, 567, 568, 569, 570, 571, 572, 573]","[5, 20, 74, 93, 101, 491, 504, 548, 564, 572]","[5, 93, 101, 262, 312, 491, 564, 572, 722, 770]","[0, 5, 7, 10, 14, 19, 20, 22, 24, 32, 33, 34, 37, 38, 40, 44, 46, 48, 49, 51, 56, 61, 63, 65, 67, 68, 73, 74, 75, 76, 79, 81, 82, 83, 85, 87, 88, 92, 93, 95, 96, 99, 100, 101, 115, 116, 124, 134, 142, 161, 167, 169, 170, 186, 202, 240, 244, 254, 260, 267, 277, 300, 303, 307, 310, 322, 331, 376, 485, 491, 493, 495, 499, 503, 504, 506, 508, 515, 518, 519, 521, 524, 526, 528, 533, 537, 539, 542, 543, 547, 548, 549, 550, 551, 553, 554, 556, 558, 559, 563, 564, 566, 567, 570, 571, 572, 586, 587, 595, 605, 613, 633, 639, 640, 641, 657, 672, 704, 717, 726, 736, 759, 761, 765, 768, 780, 788, 792, 826]","[398, 399, 400, 848, 849]","[98, 476, 481, 569, 924, 925]",5/6 successful match,True,"[679, 680, 681, 682]",True,542,False,,,,,
"Eloy , 85231 TravelCenters of America ( Exxon )",520-466-7363 I-10 Exit 203 ( Toltec Rd S ),24 XL 24,Eloy,85231,TravelCenters of America ( Exxon ),520-466-7363,2007,Eloy,AZ,TravelCenters,( Toltec Rd S ),I-10 Exit 203 ,Exit,203,False,,False,I-10,,,,,"[564, 93]","[20, 63, 74, 504, 537, 548]","[5, 20, 74, 93, 101, 491, 504, 548, 564, 572]","[5, 93, 101, 262, 312, 491, 564, 572, 722, 770]","[0, 1, 2, 3, 4, 5, 6, 7, 8, 9, 10, 11, 12, 13, 14, 15, 16, 17, 18, 19, 20, 21, 22, 23, 24, 25, 26, 27, 28, 29, 30, 31, 32, 33, 34, 35, 36, 37, 38, 39, 40, 41, 42, 43, 44, 45, 46, 47, 48, 49, 50, 51, 52, 53, 54, 55, 56, 57, 58, 59, 60, 61, 62, 63, 64, 65, 66, 67, 68, 69, 70, 71, 72, 73, 74, 75, 76, 77, 78, 79, 80, 81, 82, 83, 84, 85, 86, 87, 88, 89, 90, 91, 92, 93, 94, 95, 96, 97, 98, 99, 100, 101, 102, 485, 486, 487, 488, 489, 490, 491, 492, 493, 494, 495, 496, 497, 498, 499, 500, 501, 502, 503, 504, 505, 506, 507, 508, 509, 510, 511, 512, 513, 514, 515, 516, 517, 518, 519, 520, 521, 522, 523, 524, 525, 526, 527, 528, 529, 530, 531, 532, 533, 534, 535, 536, 537, 538, 539, 540, 541, 542, 543, 544, 545, 546, 547, 548, 549, 550, 551, 552, 553, 554, 555, 556, 557, 558, 559, 560, 561, 562, 563, 564, 565, 566, 567, 568, 569, 570, 571, 572, 573]","[0, 5, 7, 10, 14, 19, 20, 22, 24, 32, 33, 34, 37, 38, 40, 44, 46, 48, 49, 51, 56, 61, 63, 65, 67, 68, 73, 74, 75, 76, 79, 81, 82, 83, 85, 87, 88, 92, 93, 95, 96, 99, 100, 101, 115, 116, 124, 134, 142, 161, 167, 169, 170, 186, 202, 240, 244, 254, 260, 267, 277, 300, 303, 307, 310, 322, 331, 376, 485, 491, 493, 495, 499, 503, 504, 506, 508, 515, 518, 519, 521, 524, 526, 528, 533, 537, 539, 542, 543, 547, 548, 549, 550, 551, 553, 554, 556, 558, 559, 563, 564, 566, 567, 570, 571, 572, 586, 587, 595, 605, 613, 633, 639, 640, 641, 657, 672, 704, 717, 726, 736, 759, 761, 765, 768, 780, 788, 792, 826]","[98, 476, 481, 569, 924, 925]","[398, 399, 400, 848, 849]","[0, 1, 2, 3, 4, 5, 6, 7, 8, 9, 10, 11, 12, 13, 14, 15, 16, 17, 18, 19, 20, 21, 22, 23, 24, 537, 25, 26, 27, 28, 29, 30, 31, 32, 33, 34, 548, 35, 36, 37, 38, 39, 40, 41, 42, 43, 44, 45, 46, 47, 48, 49, 564, 50, 51, 52, 53, 54, 55, 56, 572, 57, 58, 63, 59, 60, 61, 62, 64, 65, 66, 67, 68, 69, 74, 70, 71, 72, 73, 75, 76, 77, 78, 79, 80, 81, 82, 83, 84, 85, 86, 87, 88, 93, 89, 90, 91, 92, 94, 95, 96, 101, 97, 98, 99, 100, 102, 529, 530, 613, 513, 531, 115, 116, 532, 633, 533, 124, 534, 639, 640, 641, 535, 134, 514, 536, 142, 657, 538, 539, 540, 672, 515, 541, 161, 542, 167, 169, 170, 543, 544, 545, 516, 186, 546, 704, 547, 202, 549, 717, 550, 722, 517, 551, 726, 552, 553, 736, 554, 555, 518, 556, 240, 557, 244, 759, 558, 761, 559, 254, 765, 768, 770, 560, 260, 519, 262, 561, 267, 562, 780, 563, 788, 277, 792, 565, 520, 566, 567, 568, 300, 569, 303, 307, 570, 310, 521, 312, 571, 826, 322, 573, 331, 522, 848, 849, 523, 376, 528, 524, 586, 587, 398, 399, 400, 525, 924, 925, 512, 595, 526, 527, 476, 481, 605, 485, 486, 487, 488, 489, 490, 491, 492, 493, 494, 495, 496, 497, 498, 499, 500, 501, 502, 503, 504, 505, 506, 507, 508, 509, 510, 511]",True,"[20, 63, 74, 504, 537, 548]","[0, 1, 2, 3, 4, 5, 6, 7, 8, 9, 10, 11, 12, 13, 14, 15, 16, 17, 18, 19, 20, 21, 22, 23, 24, 25, 26, 27, 28, 29, 30, 31, 32, 33, 34, 35, 36, 37, 38, 39, 40, 41, 42, 43, 44, 45, 46, 47, 48, 49, 50, 51, 52, 53, 54, 55, 56, 57, 58, 59, 60, 61, 62, 63, 64, 65, 66, 67, 68, 69, 70, 71, 72, 73, 74, 75, 76, 77, 78, 79, 80, 81, 82, 83, 84, 85, 86, 87, 88, 89, 90, 91, 92, 93, 94, 95, 96, 97, 98, 99, 100, 101, 102, 485, 486, 487, 488, 489, 490, 491, 492, 493, 494, 495, 496, 497, 498, 499, 500, 501, 502, 503, 504, 505, 506, 507, 508, 509, 510, 511, 512, 513, 514, 515, 516, 517, 518, 519, 520, 521, 522, 523, 524, 525, 526, 527, 528, 529, 530, 531, 532, 533, 534, 535, 536, 537, 538, 539, 540, 541, 542, 543, 544, 545, 546, 547, 548, 549, 550, 551, 552, 553, 554, 555, 556, 557, 558, 559, 560, 561, 562, 563, 564, 565, 566, 567, 568, 569, 570, 571, 572, 573]","[5, 20, 74, 93, 101, 491, 504, 548, 564, 572]","[5, 93, 101, 262, 312, 491, 564, 572, 722, 770]","[0, 5, 7, 10, 14, 19, 20, 22, 24, 32, 33, 34, 37, 38, 40, 44, 46, 48, 49, 51, 56, 61, 63, 65, 67, 68, 73, 74, 75, 76, 79, 81, 82, 83, 85, 87, 88, 92, 93, 95, 96, 99, 100, 101, 115, 116, 124, 134, 142, 161, 167, 169, 170, 186, 202, 240, 244, 254, 260, 267, 277, 300, 303, 307, 310, 322, 331, 376, 485, 491, 493, 495, 499, 503, 504, 506, 508, 515, 518, 519, 521, 524, 526, 528, 533, 537, 539, 542, 543, 547, 548, 549, 550, 551, 553, 554, 556, 558, 559, 563, 564, 566, 567, 570, 571, 572, 586, 587, 595, 605, 613, 633, 639, 640, 641, 657, 672, 704, 717, 726, 736, 759, 761, 765, 768, 780, 788, 792, 826]","[398, 399, 400, 848, 849]","[98, 476, 481, 569, 924, 925]",5/6 successful match,True,"[679, 680, 681, 682]",True,542,False,,1.0,True,TravelCenters of America ( Exxon ),TravelCenters
"Eloy , 85231",4 520-466-7363 I-10 TravelCenters Exit 203 ( Toltec of America Rd S ) ( Exxon ) A,24 HRS XL <U+2610> 24,Eloy,85231,,520-466-7363,2008,Eloy,AZ,,( Toltec of America Rd S ) ( Exxon ) A,I-10 TravelCenters Exit 203 ,Exit,203,False,,False,I-10,,,,,"[564, 93]","[20, 63, 74, 504, 537, 548]","[5, 20, 74, 93, 101, 491, 504, 548, 564, 572]","[5, 93, 101, 262, 312, 491, 564, 572, 722, 770]","[0, 1, 2, 3, 4, 5, 6, 7, 8, 9, 10, 11, 12, 13, 14, 15, 16, 17, 18, 19, 20, 21, 22, 23, 24, 25, 26, 27, 28, 29, 30, 31, 32, 33, 34, 35, 36, 37, 38, 39, 40, 41, 42, 43, 44, 45, 46, 47, 48, 49, 50, 51, 52, 53, 54, 55, 56, 57, 58, 59, 60, 61, 62, 63, 64, 65, 66, 67, 68, 69, 70, 71, 72, 73, 74, 75, 76, 77, 78, 79, 80, 81, 82, 83, 84, 85, 86, 87, 88, 89, 90, 91, 92, 93, 94, 95, 96, 97, 98, 99, 100, 101, 102, 485, 486, 487, 488, 489, 490, 491, 492, 493, 494, 495, 496, 497, 498, 499, 500, 501, 502, 503, 504, 505, 506, 507, 508, 509, 510, 511, 512, 513, 514, 515, 516, 517, 518, 519, 520, 521, 522, 523, 524, 525, 526, 527, 528, 529, 530, 531, 532, 533, 534, 535, 536, 537, 538, 539, 540, 541, 542, 543, 544, 545, 546, 547, 548, 549, 550, 551, 552, 553, 554, 555, 556, 557, 558, 559, 560, 561, 562, 563, 564, 565, 566, 567, 568, 569, 570, 571, 572, 573]","[0, 5, 7, 10, 14, 19, 20, 22, 24, 32, 33, 34, 37, 38, 40, 44, 46, 48, 49, 51, 56, 61, 63, 65, 67, 68, 73, 74, 75, 76, 79, 81, 82, 83, 85, 87, 88, 92, 93, 95, 96, 99, 100, 101, 115, 116, 124, 134, 142, 161, 167, 169, 170, 186, 202, 240, 244, 254, 260, 267, 277, 300, 303, 307, 310, 322, 331, 376, 485, 491, 493, 495, 499, 503, 504, 506, 508, 515, 518, 519, 521, 524, 526, 528, 533, 537, 539, 542, 543, 547, 548, 549, 550, 551, 553, 554, 556, 558, 559, 563, 564, 566, 567, 570, 571, 572, 586, 587, 595, 605, 613, 633, 639, 640, 641, 657, 672, 704, 717, 726, 736, 759, 761, 765, 768, 780, 788, 792, 826]",[],[],"[0, 1, 2, 3, 4, 5, 6, 7, 8, 9, 10, 11, 12, 13, 14, 15, 16, 17, 18, 19, 20, 21, 22, 23, 24, 537, 25, 26, 27, 28, 29, 30, 31, 32, 33, 34, 548, 35, 36, 37, 38, 39, 40, 41, 42, 43, 44, 45, 46, 47, 48, 49, 564, 50, 51, 52, 53, 54, 55, 56, 572, 57, 58, 63, 59, 60, 61, 62, 64, 65, 66, 67, 68, 69, 74, 70, 71, 72, 73, 75, 76, 77, 78, 79, 80, 81, 82, 83, 84, 85, 86, 87, 88, 93, 89, 90, 91, 92, 94, 95, 96, 101, 97, 98, 99, 100, 102, 529, 530, 613, 513, 531, 115, 116, 532, 633, 533, 124, 534, 639, 640, 641, 535, 134, 514, 536, 142, 657, 538, 539, 540, 672, 515, 541, 161, 542, 167, 169, 170, 543, 544, 545, 516, 186, 546, 704, 547, 202, 549, 717, 550, 722, 517, 551, 726, 552, 553, 736, 554, 555, 518, 556, 240, 557, 244, 759, 558, 761, 559, 254, 765, 768, 770, 560, 260, 519, 262, 561, 267, 562, 780, 563, 788, 277, 792, 565, 520, 566, 567, 568, 300, 569, 303, 307, 570, 310, 521, 312, 571, 826, 322, 573, 331, 522, 523, 376, 528, 524, 586, 587, 525, 512, 595, 526, 527, 605, 485, 486, 487, 488, 489, 490, 491, 492, 493, 494, 495, 496, 497, 498, 499, 500, 501, 502, 503, 504, 505, 506, 507, 508, 509, 510, 511]",True,"[20, 63, 74, 504, 537, 548]","[0, 1, 2, 3, 4, 5, 6, 7, 8, 9, 10, 11, 12, 13, 14, 15, 16, 17, 18, 19, 20, 21, 22, 23, 24, 25, 26, 27, 28, 29, 30, 31, 32, 33, 34, 35, 36, 37, 38, 39, 40, 41, 42, 43, 44, 45, 46, 47, 48, 49, 50, 51, 52, 53, 54, 55, 56, 57, 58, 59, 60, 61, 62, 63, 64, 65, 66, 67, 68, 69, 70, 71, 72, 73, 74, 75, 76, 77, 78, 79, 80, 81, 82, 83, 84, 85, 86, 87, 88, 89, 90, 91, 92, 93, 94, 95, 96, 97, 98, 99, 100, 101, 102, 485, 486, 487, 488, 489, 490, 491, 492, 493, 494, 495, 496, 497, 498, 499, 500, 501, 502, 503, 504, 505, 506, 507, 508, 509, 510, 511, 512, 513, 514, 515, 516, 517, 518, 519, 520, 521, 522, 523, 524, 525, 526, 527, 528, 529, 530, 531, 532, 533, 534, 535, 536, 537, 538, 539, 540, 541, 542, 543, 544, 545, 546, 547, 548, 549, 550, 551, 552, 553, 554, 555, 556, 557, 558, 559, 560, 561, 562, 563, 564, 565, 566, 567, 568, 569, 570, 571, 572, 573]","[5, 20, 74, 93, 101, 491, 504, 548, 564, 572]","[5, 93, 101, 262, 312, 491, 564, 572, 722, 770]","[0, 5, 7, 10, 14, 19, 20, 22, 24, 32, 33, 34, 37, 38, 40, 44, 46, 48, 49, 51, 56, 61, 63, 65, 67, 68, 73, 74, 75, 76, 79, 81, 82, 83, 85, 87, 88, 92, 93, 95, 96, 99, 100, 101, 115, 116, 124, 134, 142, 161, 167, 169, 170, 186, 202, 240, 244, 254, 260, 267, 277, 300, 303, 307, 310, 322, 331, 376, 485, 491, 493, 495, 499, 503, 504, 506, 508, 515, 518, 519, 521, 524, 526, 528, 533, 537, 539, 542, 543, 547, 548, 549, 550, 551, 553, 554, 556, 558, 559, 563, 564, 566, 567, 570, 571, 572, 586, 587, 595, 605, 613, 633, 639, 640, 641, 657, 672, 704, 717, 726, 736, 759, 761, 765, 768, 780, 788, 792, 826]",[],[],7/6 successful match,True,"[679, 680, 681, 682]",True,542,True,2008,0.0,True,TravelCenters of America ( Exxon ),TravelCenters
"Eloy , 85231 Pilot Travel Center # 458",520-466-7550 I-10 Exit 208,24,Eloy,85231,Pilot Travel Center # 458,520-466-7550,2006,Eloy,AZ,Pilot,,I-10 Exit 208,Exit,208,False,,False,I-10,,,,,"[74, 548]","[20, 63, 74, 504, 537, 548]","[5, 20, 74, 93, 101, 491, 504, 548, 564, 572]","[20, 74, 504, 548]","[0, 1, 2, 3, 4, 5, 6, 7, 8, 9, 10, 11, 12, 13, 14, 15, 16, 17, 18, 19, 20, 21, 22, 23, 24, 25, 26, 27, 28, 29, 30, 31, 32, 33, 34, 35, 36, 37, 38, 39, 40, 41, 42, 43, 44, 45, 46, 47, 48, 49, 50, 51, 52, 53, 54, 55, 56, 57, 58, 59, 60, 61, 62, 63, 64, 65, 66, 67, 68, 69, 70, 71, 72, 73, 74, 75, 76, 77, 78, 79, 80, 81, 82, 83, 84, 85, 86, 87, 88, 89, 90, 91, 92, 93, 94, 95, 96, 97, 98, 99, 100, 101, 102, 485, 486, 487, 488, 489, 490, 491, 492, 493, 494, 495, 496, 497, 498, 499, 500, 501, 502, 503, 504, 505, 506, 507, 508, 509, 510, 511, 512, 513, 514, 515, 516, 517, 518, 519, 520, 521, 522, 523, 524, 525, 526, 527, 528, 529, 530, 531, 532, 533, 534, 535, 536, 537, 538, 539, 540, 541, 542, 543, 544, 545, 546, 547, 548, 549, 550, 551, 552, 553, 554, 555, 556, 557, 558, 559, 560, 561, 562, 563, 564, 565, 566, 567, 568, 569, 570, 571, 572, 573]","[0, 5, 7, 10, 14, 19, 20, 22, 24, 32, 33, 34, 37, 38, 40, 44, 46, 48, 49, 51, 56, 61, 63, 65, 67, 68, 73, 74, 75, 76, 79, 81, 82, 83, 85, 87, 88, 92, 93, 95, 96, 99, 100, 101, 115, 116, 124, 134, 142, 161, 167, 169, 170, 186, 202, 240, 244, 254, 260, 267, 277, 300, 303, 307, 310, 322, 331, 376, 485, 491, 493, 495, 499, 503, 504, 506, 508, 515, 518, 519, 521, 524, 526, 528, 533, 537, 539, 542, 543, 547, 548, 549, 550, 551, 553, 554, 556, 558, 559, 563, 564, 566, 567, 570, 571, 572, 586, 587, 595, 605, 613, 633, 639, 640, 641, 657, 672, 704, 717, 726, 736, 759, 761, 765, 768, 780, 788, 792, 826]","[15, 16, 65, 66, 67, 68, 69, 70, 71, 72, 73, 74, 75, 76, 80, 151, 245, 246, 247, 248, 249, 250, 251, 252, 253, 254, 255, 256, 257, 258, 259, 280, 340, 373, 374, 375, 376, 377, 459, 460, 461, 462, 500, 501, 539, 540, 541, 542, 543, 544, 545, 546, 547, 548, 549, 550, 552, 622, 708, 709, 710, 711, 712, 713, 714, 715, 716, 717, 718, 719, 720, 739, 796, 823, 824, 825, 826, 827, 906, 907, 908, 909]","[15, 16, 65, 66, 67, 68, 69, 70, 71, 72, 73, 74, 75, 76, 77, 78, 80, 151, 244, 245, 246, 247, 248, 249, 250, 251, 252, 253, 254, 255, 256, 257, 258, 259, 260, 280, 340, 373, 374, 375, 376, 377, 459, 460, 461, 462, 500, 501, 539, 540, 541, 542, 543, 544, 545, 546, 547, 548, 549, 550, 552, 622, 708, 709, 710, 711, 712, 713, 714, 715, 716, 717, 718, 719, 720, 739, 796, 823, 824, 825, 826, 827, 906, 907, 908, 909]","[0, 1, 2, 3, 4, 5, 6, 7, 8, 9, 10, 11, 12, 13, 14, 15, 16, 17, 18, 19, 20, 21, 22, 23, 24, 537, 25, 26, 27, 28, 29, 30, 31, 32, 33, 34, 548, 35, 36, 37, 38, 39, 40, 41, 42, 43, 44, 45, 46, 47, 48, 49, 564, 50, 51, 52, 53, 54, 55, 56, 572, 57, 58, 63, 59, 60, 61, 62, 64, 65, 66, 67, 68, 69, 74, 70, 71, 72, 73, 75, 76, 77, 78, 79, 80, 81, 82, 83, 84, 85, 86, 87, 88, 93, 89, 90, 91, 92, 94, 95, 96, 101, 97, 98, 99, 100, 102, 529, 530, 613, 622, 513, 531, 115, 116, 532, 633, 533, 124, 534, 639, 640, 641, 535, 134, 514, 536, 142, 657, 538, 151, 539, 540, 672, 515, 541, 161, 542, 167, 169, 170, 543, 544, 545, 516, 186, 546, 704, 547, 708, 252, 709, 710, 711, 712, 202, 549, 713, 717, 714, 715, 550, 716, 718, 517, 719, 551, 726, 720, 552, 553, 736, 739, 554, 555, 518, 556, 240, 557, 244, 245, 246, 759, 558, 761, 247, 248, 249, 559, 254, 765, 768, 250, 560, 251, 260, 519, 253, 561, 255, 256, 257, 267, 562, 780, 563, 258, 788, 277, 792, 259, 280, 565, 796, 520, 566, 567, 568, 300, 569, 303, 307, 570, 310, 521, 823, 571, 826, 824, 825, 827, 322, 573, 331, 522, 340, 523, 373, 374, 375, 376, 377, 528, 524, 586, 587, 906, 907, 908, 909, 525, 512, 595, 526, 459, 460, 527, 461, 462, 605, 485, 486, 487, 488, 489, 490, 491, 492, 493, 494, 495, 496, 497, 498, 499, 500, 501, 502, 503, 504, 505, 506, 507, 508, 509, 510, 511]",True,"[20, 63, 74, 504, 537, 548]","[0, 1, 2, 3, 4, 5, 6, 7, 8, 9, 10, 11, 12, 13, 14, 15, 16, 17, 18, 19, 20, 21, 22, 23, 24, 25, 26, 27, 28, 29, 30, 31, 32, 33, 34, 35, 36, 37, 38, 39, 40, 41, 42, 43, 44, 45, 46, 47, 48, 49, 50, 51, 52, 53, 54, 55, 56, 57, 58, 59, 60, 61, 62, 63, 64, 65, 66, 67, 68, 69, 70, 71, 72, 73, 74, 75, 76, 77, 78, 79, 80, 81, 82, 83, 84, 85, 86, 87, 88, 89, 90, 91, 92, 93, 94, 95, 96, 97, 98, 99, 100, 101, 102, 485, 486, 487, 488, 489, 490, 491, 492, 493, 494, 495, 496, 497, 498, 499, 500, 501, 502, 503, 504, 505, 506, 507, 508, 509, 510, 511, 512, 513, 514, 515, 516, 517, 518, 519, 520, 521, 522, 523, 524, 525, 526, 527, 528, 529, 530, 531, 532, 533, 534, 535, 536, 537, 538, 539, 540, 541, 542, 543, 544, 545, 546, 547, 548, 549, 550, 551, 552, 553, 554, 555, 556, 557, 558, 559, 560, 561, 562, 563, 564, 565, 566, 567, 568, 569, 570, 571, 572, 573]","[5, 20, 74, 93, 101, 491, 504, 548, 564, 572]","[20, 74, 504, 548]","[0, 5, 7, 10, 14, 19, 20, 22, 24, 32, 33, 34, 37, 38, 40, 44, 46, 48, 49, 51, 56, 61, 63, 65, 67, 68, 73, 74, 75, 76, 79, 81, 82, 83, 85, 87, 88, 92, 93, 95, 96, 99, 100, 101, 115, 116, 124, 134, 142, 161, 167, 169, 170, 186, 202, 240, 244, 254, 260, 267, 277, 300, 303, 307, 310, 322, 331, 376, 485, 491, 493, 495, 499, 503, 504, 506, 508, 515, 518, 519, 521, 524, 526, 528, 533, 537, 539, 542, 543, 547, 548, 549, 550, 551, 553, 554, 556, 558, 559, 563, 564, 566, 567, 570, 571, 572, 586, 587, 595, 605, 613, 633, 639, 640, 641, 657, 672, 704, 717, 726, 736, 759, 761, 765, 768, 780, 788, 792, 826]","[15, 16, 65, 66, 67, 68, 69, 70, 71, 72, 73, 74, 75, 76, 77, 78, 80, 151, 244, 245, 246, 247, 248, 249, 250, 251, 252, 253, 254, 255, 256, 257, 258, 259, 260, 280, 340, 373, 374, 375, 376, 377, 459, 460, 461, 462, 500, 501, 539, 540, 541, 542, 543, 544, 545, 546, 547, 548, 549, 550, 552, 622, 708, 709, 710, 711, 712, 713, 714, 715, 716, 717, 718, 719, 720, 739, 796, 823, 824, 825, 826, 827, 906, 907, 908, 909]","[15, 16, 65, 66, 67, 68, 69, 70, 71, 72, 73, 74, 75, 76, 80, 151, 245, 246, 247, 248, 249, 250, 251, 252, 253, 254, 255, 256, 257, 258, 259, 280, 340, 373, 374, 375, 376, 377, 459, 460, 461, 462, 500, 501, 539, 540, 541, 542, 543, 544, 545, 546, 547, 548, 549, 550, 552, 622, 708, 709, 710, 711, 712, 713, 714, 715, 716, 717, 718, 719, 720, 739, 796, 823, 824, 825, 826, 827, 906, 907, 908, 909]",7/6 successful match,True,[678],True,543,False,,,,,
"Eloy , 85231 Pilot Travel Center # 458",520-466-7550 101-10 Exit 208,,Eloy,85231,Pilot Travel Center # 458,520-466-7550,2007,Eloy,AZ,Pilot,,101-10 Exit 208,Exit,208,False,,False,101 10,,,,,"[74, 548]","[20, 63, 74, 504, 537, 548]","[5, 20, 74, 93, 101, 491, 504, 548, 564, 572]","[20, 74, 504, 548]","[0, 1, 2, 3, 4, 5, 6, 7, 8, 9, 10, 11, 12, 13, 14, 15, 16, 17, 18, 19, 20, 21, 22, 23, 24, 25, 26, 27, 28, 29, 30, 31, 32, 33, 34, 35, 36, 37, 38, 39, 40, 41, 42, 43, 44, 45, 46, 47, 48, 49, 50, 51, 52, 53, 54, 55, 56, 57, 58, 59, 60, 61, 62, 63, 64, 65, 66, 67, 68, 69, 70, 71, 72, 73, 74, 75, 76, 77, 78, 79, 80, 81, 82, 83, 84, 85, 86, 87, 88, 89, 90, 91, 92, 93, 94, 95, 96, 97, 98, 99, 100, 101, 102, 485, 486, 487, 488, 489, 490, 491, 492, 493, 494, 495, 496, 497, 498, 499, 500, 501, 502, 503, 504, 505, 506, 507, 508, 509, 510, 511, 512, 513, 514, 515, 516, 517, 518, 519, 520, 521, 522, 523, 524, 525, 526, 527, 528, 529, 530, 531, 532, 533, 534, 535, 536, 537, 538, 539, 540, 541, 542, 543, 544, 545, 546, 547, 548, 549, 550, 551, 552, 553, 554, 555, 556, 557, 558, 559, 560, 561, 562, 563, 564, 565, 566, 567, 568, 569, 570, 571, 572, 573]","[0, 5, 7, 10, 14, 15, 19, 20, 22, 24, 32, 33, 34, 37, 38, 40, 44, 46, 48, 49, 51, 56, 61, 63, 65, 67, 68, 73, 74, 75, 76, 79, 81, 82, 83, 85, 87, 88, 91, 92, 93, 95, 96, 99, 100, 101, 107, 110, 113, 115, 116, 123, 124, 132, 134, 136, 142, 161, 167, 169, 170, 186, 193, 202, 216, 218, 240, 244, 252, 254, 260, 267, 274, 275, 277, 281, 286, 293, 300, 302, 303, 307, 310, 322, 325, 326, 331, 376, 485, 491, 493, 495, 499, 500, 503, 504, 506, 508, 515, 518, 519, 521, 524, 526, 528, 533, 537, 539, 542, 543, 547, 548, 549, 550, 551, 553, 554, 556, 558, 559, 562, 563, 564, 566, 567, 570, 571, 572, 578, 580, 583, 586, 587, 594, 595, 603, 605, 607, 613, 633, 639, 640, 641, 657, 664, 672, 686, 704, 715, 717, 726, 733, 734, 736, 740, 745, 752, 759, 760, 761, 765, 768, 780, 783, 784, 788, 792, 826]","[15, 16, 65, 66, 67, 68, 69, 70, 71, 72, 73, 74, 75, 76, 80, 151, 245, 246, 247, 248, 249, 250, 251, 252, 253, 254, 255, 256, 257, 258, 259, 280, 340, 373, 374, 375, 376, 377, 459, 460, 461, 462, 500, 501, 539, 540, 541, 542, 543, 544, 545, 546, 547, 548, 549, 550, 552, 622, 708, 709, 710, 711, 712, 713, 714, 715, 716, 717, 718, 719, 720, 739, 796, 823, 824, 825, 826, 827, 906, 907, 908, 909]","[15, 16, 65, 66, 67, 68, 69, 70, 71, 72, 73, 74, 75, 76, 77, 78, 80, 151, 244, 245, 246, 247, 248, 249, 250, 251, 252, 253, 254, 255, 256, 257, 258, 259, 260, 280, 340, 373, 374, 375, 376, 377, 459, 460, 461, 462, 500, 501, 539, 540, 541, 542, 543, 544, 545, 546, 547, 548, 549, 550, 552, 622, 708, 709, 710, 711, 712, 713, 714, 715, 716, 717, 718, 719, 720, 739, 796, 823, 824, 825, 826, 827, 906, 907, 908, 909]","[0, 1, 2, 3, 4, 5, 6, 7, 8, 9, 10, 11, 12, 13, 14, 15, 16, 17, 18, 19, 20, 21, 22, 23, 24, 25, 26, 27, 28, 29, 30, 31, 32, 33, 34, 35, 36, 37, 38, 39, 40, 41, 42, 43, 44, 45, 46, 47, 48, 49, 50, 51, 52, 53, 54, 55, 56, 57, 58, 59, 60, 61, 62, 63, 64, 65, 66, 67, 68, 69, 70, 71, 72, 73, 74, 75, 76, 77, 78, 79, 80, 81, 82, 83, 84, 85, 86, 87, 88, 89, 90, 91, 92, 93, 94, 95, 96, 97, 98, 99, 100, 101, 102, 107, 110, 113, 115, 116, 123, 124, 132, 134, 136, 142, 151, 161, 167, 169, 170, 186, 193, 202, 216, 218, 240, 244, 245, 246, 247, 248, 249, 250, 251, 252, 253, 254, 255, 256, 257, 258, 259, 260, 267, 274, 275, 277, 280, 281, 286, 293, 300, 302, 303, 307, 310, 322, 325, 326, 331, 340, 373, 374, 375, 376, 377, 459, 460, 461, 462, 485, 486, 487, 488, 489, 490, 491, 492, 493, 494, 495, 496, 497, 498, 499, 500, 501, 502, 503, 504, 505, 506, 507, 508, 509, 510, 511, 512, 513, 514, 515, 516, 517, 518, 519, 520, 521, 522, 523, 524, 525, 526, 527, 528, 529, 530, 531, 532, 533, 534, 535, 536, 537, 538, 539, 540, 541, 542, 543, 544, 545, 546, 547, 548, 549, 550, 551, 552, 553, 554, 555, 556, 557, 558, 559, 560, 561, 562, 563, 564, 565, 566, 567, 568, 569, 570, 571, 572, 573, 578, 580, 583, 586, 587, 594, 595, 603, 605, 607, 613, 622, 633, 639, 640, 641, 657, 664, 672, 686, 704, 708, 709, 710, 711, 712, 713, 714, 715, 716, 717, 718, 719, 720, 726, 733, 734, 736, 739, 740, 745, 752, 759, 760, 761, 765, 768, 780, 783, 784, 788, 792, 796, 823, 824, 825, 826, 827, 906, 907, 908, 909]",True,"[20, 63, 74, 504, 537, 548]","[0, 1, 2, 3, 4, 5, 6, 7, 8, 9, 10, 11, 12, 13, 14, 15, 16, 17, 18, 19, 20, 21, 22, 23, 24, 25, 26, 27, 28, 29, 30, 31, 32, 33, 34, 35, 36, 37, 38, 39, 40, 41, 42, 43, 44, 45, 46, 47, 48, 49, 50, 51, 52, 53, 54, 55, 56, 57, 58, 59, 60, 61, 62, 63, 64, 65, 66, 67, 68, 69, 70, 71, 72, 73, 74, 75, 76, 77, 78, 79, 80, 81, 82, 83, 84, 85, 86, 87, 88, 89, 90, 91, 92, 93, 94, 95, 96, 97, 98, 99, 100, 101, 102, 485, 486, 487, 488, 489, 490, 491, 492, 493, 494, 495, 496, 497, 498, 499, 500, 501, 502, 503, 504, 505, 506, 507, 508, 509, 510, 511, 512, 513, 514, 515, 516, 517, 518, 519, 520, 521, 522, 523, 524, 525, 526, 527, 528, 529, 530, 531, 532, 533, 534, 535, 536, 537, 538, 539, 540, 541, 542, 543, 544, 545, 546, 547, 548, 549, 550, 551, 552, 553, 554, 555, 556, 557, 558, 559, 560, 561, 562, 563, 564, 565, 566, 567, 568, 569, 570, 571, 572, 573]","[5, 20, 74, 93, 101, 491, 504, 548, 564, 572]","[20, 74, 504, 548]","[0, 5, 7, 10, 14, 15, 19, 20, 22, 24, 32, 33, 34, 37, 38, 40, 44, 46, 48, 49, 51, 56, 61, 63, 65, 67, 68, 73, 74, 75, 76, 79, 81, 82, 83, 85, 87, 88, 91, 92, 93, 95, 96, 99, 100, 101, 107, 110, 113, 115, 116, 123, 124, 132, 134, 136, 142, 161, 167, 169, 170, 186, 193, 202, 216, 218, 240, 244, 252, 254, 260, 267, 274, 275, 277, 281, 286, 293, 300, 302, 303, 307, 310, 322, 325, 326, 331, 376, 485, 491, 493, 495, 499, 500, 503, 504, 506, 508, 515, 518, 519, 521, 524, 526, 528, 533, 537, 539, 542, 543, 547, 548, 549, 550, 551, 553, 554, 556, 558, 559, 562, 563, 564, 566, 567, 570, 571, 572, 578, 580, 583, 586, 587, 594, 595, 603, 605, 607, 613, 633, 639, 640, 641, 657, 664, 672, 686, 704, 715, 717, 726, 733, 734, 736, 740, 745, 752, 759, 760, 761, 765, 768, 780, 783, 784, 788, 792, 826]","[15, 16, 65, 66, 67, 68, 69, 70, 71, 72, 73, 74, 75, 76, 77, 78, 80, 151, 244, 245, 246, 247, 248, 249, 250, 251, 252, 253, 254, 255, 256, 257, 258, 259, 260, 280, 340, 373, 374, 375, 376, 377, 459, 460, 461, 462, 500, 501, 539, 540, 541, 542, 543, 544, 545, 546, 547, 548, 549, 550, 552, 622, 708, 709, 710, 711, 712, 713, 714, 715, 716, 717, 718, 719, 720, 739, 796, 823, 824, 825, 826, 827, 906, 907, 908, 909]","[15, 16, 65, 66, 67, 68, 69, 70, 71, 72, 73, 74, 75, 76, 80, 151, 245, 246, 247, 248, 249, 250, 251, 252, 253, 254, 255, 256, 257, 258, 259, 280, 340, 373, 374, 375, 376, 377, 459, 460, 461, 462, 500, 501, 539, 540, 541, 542, 543, 544, 545, 546, 547, 548, 549, 550, 552, 622, 708, 709, 710, 711, 712, 713, 714, 715, 716, 717, 718, 719, 720, 739, 796, 823, 824, 825, 826, 827, 906, 907, 908, 909]",7/6 successful match,True,[678],True,543,False,,1.0,True,Pilot Travel Center # 458,Pilot
"Eloy , 85231 Pilot Travel Center # 458",4 520-466-7550 I-10 Exit 208,24 HRS L,Eloy,85231,Pilot Travel Center # 458,520-466-7550,2008,Eloy,AZ,Pilot,,I-10 Exit 208,Exit,208,False,,False,I-10,,,,,"[74, 548]","[20, 63, 74, 504, 537, 548]","[5, 20, 74, 93, 101, 491, 504, 548, 564, 572]","[20, 74, 504, 548]","[0, 1, 2, 3, 4, 5, 6, 7, 8, 9, 10, 11, 12, 13, 14, 15, 16, 17, 18, 19, 20, 21, 22, 23, 24, 25, 26, 27, 28, 29, 30, 31, 32, 33, 34, 35, 36, 37, 38, 39, 40, 41, 42, 43, 44, 45, 46, 47, 48, 49, 50, 51, 52, 53, 54, 55, 56, 57, 58, 59, 60, 61, 62, 63, 64, 65, 66, 67, 68, 69, 70, 71, 72, 73, 74, 75, 76, 77, 78, 79, 80, 81, 82, 83, 84, 85, 86, 87, 88, 89, 90, 91, 92, 93, 94, 95, 96, 97, 98, 99, 100, 101, 102, 485, 486, 487, 488, 489, 490, 491, 492, 493, 494, 495, 496, 497, 498, 499, 500, 501, 502, 503, 504, 505, 506, 507, 508, 509, 510, 511, 512, 513, 514, 515, 516, 517, 518, 519, 520, 521, 522, 523, 524, 525, 526, 527, 528, 529, 530, 531, 532, 533, 534, 535, 536, 537, 538, 539, 540, 541, 542, 543, 544, 545, 546, 547, 548, 549, 550, 551, 552, 553, 554, 555, 556, 557, 558, 559, 560, 561, 562, 563, 564, 565, 566, 567, 568, 569, 570, 571, 572, 573]","[0, 5, 7, 10, 14, 19, 20, 22, 24, 32, 33, 34, 37, 38, 40, 44, 46, 48, 49, 51, 56, 61, 63, 65, 67, 68, 73, 74, 75, 76, 79, 81, 82, 83, 85, 87, 88, 92, 93, 95, 96, 99, 100, 101, 115, 116, 124, 134, 142, 161, 167, 169, 170, 186, 202, 240, 244, 254, 260, 267, 277, 300, 303, 307, 310, 322, 331, 376, 485, 491, 493, 495, 499, 503, 504, 506, 508, 515, 518, 519, 521, 524, 526, 528, 533, 537, 539, 542, 543, 547, 548, 549, 550, 551, 553, 554, 556, 558, 559, 563, 564, 566, 567, 570, 571, 572, 586, 587, 595, 605, 613, 633, 639, 640, 641, 657, 672, 704, 717, 726, 736, 759, 761, 765, 768, 780, 788, 792, 826]","[15, 16, 65, 66, 67, 68, 69, 70, 71, 72, 73, 74, 75, 76, 80, 151, 245, 246, 247, 248, 249, 250, 251, 252, 253, 254, 255, 256, 257, 258, 259, 280, 340, 373, 374, 375, 376, 377, 459, 460, 461, 462, 500, 501, 539, 540, 541, 542, 543, 544, 545, 546, 547, 548, 549, 550, 552, 622, 708, 709, 710, 711, 712, 713, 714, 715, 716, 717, 718, 719, 720, 739, 796, 823, 824, 825, 826, 827, 906, 907, 908, 909]","[15, 16, 65, 66, 67, 68, 69, 70, 71, 72, 73, 74, 75, 76, 77, 78, 80, 151, 244, 245, 246, 247, 248, 249, 250, 251, 252, 253, 254, 255, 256, 257, 258, 259, 260, 280, 340, 373, 374, 375, 376, 377, 459, 460, 461, 462, 500, 501, 539, 540, 541, 542, 543, 544, 545, 546, 547, 548, 549, 550, 552, 622, 708, 709, 710, 711, 712, 713, 714, 715, 716, 717, 718, 719, 720, 739, 796, 823, 824, 825, 826, 827, 906, 907, 908, 909]","[0, 1, 2, 3, 4, 5, 6, 7, 8, 9, 10, 11, 12, 13, 14, 15, 16, 17, 18, 19, 20, 21, 22, 23, 24, 537, 25, 26, 27, 28, 29, 30, 31, 32, 33, 34, 548, 35, 36, 37, 38, 39, 40, 41, 42, 43, 44, 45, 46, 47, 48, 49, 564, 50, 51, 52, 53, 54, 55, 56, 572, 57, 58, 63, 59, 60, 61, 62, 64, 65, 66, 67, 68, 69, 74, 70, 71, 72, 73, 75, 76, 77, 78, 79, 80, 81, 82, 83, 84, 85, 86, 87, 88, 93, 89, 90, 91, 92, 94, 95, 96, 101, 97, 98, 99, 100, 102, 529, 530, 613, 622, 513, 531, 115, 116, 532, 633, 533, 124, 534, 639, 640, 641, 535, 134, 514, 536, 142, 657, 538, 151, 539, 540, 672, 515, 541, 161, 542, 167, 169, 170, 543, 544, 545, 516, 186, 546, 704, 547, 708, 252, 709, 710, 711, 712, 202, 549, 713, 717, 714, 715, 550, 716, 718, 517, 719, 551, 726, 720, 552, 553, 736, 739, 554, 555, 518, 556, 240, 557, 244, 245, 246, 759, 558, 761, 247, 248, 249, 559, 254, 765, 768, 250, 560, 251, 260, 519, 253, 561, 255, 256, 257, 267, 562, 780, 563, 258, 788, 277, 792, 259, 280, 565, 796, 520, 566, 567, 568, 300, 569, 303, 307, 570, 310, 521, 823, 571, 826, 824, 825, 827, 322, 573, 331, 522, 340, 523, 373, 374, 375, 376, 377, 528, 524, 586, 587, 906, 907, 908, 909, 525, 512, 595, 526, 459, 460, 527, 461, 462, 605, 485, 486, 487, 488, 489, 490, 491, 492, 493, 494, 495, 496, 497, 498, 499, 500, 501, 502, 503, 504, 505, 506, 507, 508, 509, 510, 511]",True,"[20, 63, 74, 504, 537, 548]","[0, 1, 2, 3, 4, 5, 6, 7, 8, 9, 10, 11, 12, 13, 14, 15, 16, 17, 18, 19, 20, 21, 22, 23, 24, 25, 26, 27, 28, 29, 30, 31, 32, 33, 34, 35, 36, 37, 38, 39, 40, 41, 42, 43, 44, 45, 46, 47, 48, 49, 50, 51, 52, 53, 54, 55, 56, 57, 58, 59, 60, 61, 62, 63, 64, 65, 66, 67, 68, 69, 70, 71, 72, 73, 74, 75, 76, 77, 78, 79, 80, 81, 82, 83, 84, 85, 86, 87, 88, 89, 90, 91, 92, 93, 94, 95, 96, 97, 98, 99, 100, 101, 102, 485, 486, 487, 488, 489, 490, 491, 492, 493, 494, 495, 496, 497, 498, 499, 500, 501, 502, 503, 504, 505, 506, 507, 508, 509, 510, 511, 512, 513, 514, 515, 516, 517, 518, 519, 520, 521, 522, 523, 524, 525, 526, 527, 528, 529, 530, 531, 532, 533, 534, 535, 536, 537, 538, 539, 540, 541, 542, 543, 544, 545, 546, 547, 548, 549, 550, 551, 552, 553, 554, 555, 556, 557, 558, 559, 560, 561, 562, 563, 564, 565, 566, 567, 568, 569, 570, 571, 572, 573]","[5, 20, 74, 93, 101, 491, 504, 548, 564, 572]","[20, 74, 504, 548]","[0, 5, 7, 10, 14, 19, 20, 22, 24, 32, 33, 34, 37, 38, 40, 44, 46, 48, 49, 51, 56, 61, 63, 65, 67, 68, 73, 74, 75, 76, 79, 81, 82, 83, 85, 87, 88, 92, 93, 95, 96, 99, 100, 101, 115, 116, 124, 134, 142, 161, 167, 169, 170, 186, 202, 240, 244, 254, 260, 267, 277, 300, 303, 307, 310, 322, 331, 376, 485, 491, 493, 495, 499, 503, 504, 506, 508, 515, 518, 519, 521, 524, 526, 528, 533, 537, 539, 542, 543, 547, 548, 549, 550, 551, 553, 554, 556, 558, 559, 563, 564, 566, 567, 570, 571, 572, 586, 587, 595, 605, 613, 633, 639, 640, 641, 657, 672, 704, 717, 726, 736, 759, 761, 765, 768, 780, 788, 792, 826]","[15, 16, 65, 66, 67, 68, 69, 70, 71, 72, 73, 74, 75, 76, 77, 78, 80, 151, 244, 245, 246, 247, 248, 249, 250, 251, 252, 253, 254, 255, 256, 257, 258, 259, 260, 280, 340, 373, 374, 375, 376, 377, 459, 460, 461, 462, 500, 501, 539, 540, 541, 542, 543, 544, 545, 546, 547, 548, 549, 550, 552, 622, 708, 709, 710, 711, 712, 713, 714, 715, 716, 717, 718, 719, 720, 739, 796, 823, 824, 825, 826, 827, 906, 907, 908, 909]","[15, 16, 65, 66, 67, 68, 69, 70, 71, 72, 73, 74, 75, 76, 80, 151, 245, 246, 247, 248, 249, 250, 251, 252, 253, 254, 255, 256, 257, 258, 259, 280, 340, 373, 374, 375, 376, 377, 459, 460, 461, 462, 500, 501, 539, 540, 541, 542, 543, 544, 545, 546, 547, 548, 549, 550, 552, 622, 708, 709, 710, 711, 712, 713, 714, 715, 716, 717, 718, 719, 720, 739, 796, 823, 824, 825, 826, 827, 906, 907, 908, 909]",7/6 successful match,True,[678],True,543,False,,1.0,True,Pilot Travel Center # 458,Pilot
"Eloy , 85231 J Travel Plaza # 0500310",520-466-9204 Flying I-10 Exit 208 A ( Sunshine Blvd S ) #,HRS 24,Eloy,85231,J Travel Plaza # 0500310,520-466-9204,2006,Eloy,AZ,,( Sunshine Blvd S ) #,Flying I-10 Exit 208 A ,Exit,208,True,unclear address_standardized_OFF_parenthesis,True,I-10,,,,,"[504, 20]","[20, 63, 74, 504, 537, 548]","[5, 20, 74, 93, 101, 491, 504, 548, 564, 572]","[20, 74, 504, 548]","[0, 1, 2, 3, 4, 5, 6, 7, 8, 9, 10, 11, 12, 13, 14, 15, 16, 17, 18, 19, 20, 21, 22, 23, 24, 25, 26, 27, 28, 29, 30, 31, 32, 33, 34, 35, 36, 37, 38, 39, 40, 41, 42, 43, 44, 45, 46, 47, 48, 49, 50, 51, 52, 53, 54, 55, 56, 57, 58, 59, 60, 61, 62, 63, 64, 65, 66, 67, 68, 69, 70, 71, 72, 73, 74, 75, 76, 77, 78, 79, 80, 81, 82, 83, 84, 85, 86, 87, 88, 89, 90, 91, 92, 93, 94, 95, 96, 97, 98, 99, 100, 101, 102, 485, 486, 487, 488, 489, 490, 491, 492, 493, 494, 495, 496, 497, 498, 499, 500, 501, 502, 503, 504, 505, 506, 507, 508, 509, 510, 511, 512, 513, 514, 515, 516, 517, 518, 519, 520, 521, 522, 523, 524, 525, 526, 527, 528, 529, 530, 531, 532, 533, 534, 535, 536, 537, 538, 539, 540, 541, 542, 543, 544, 545, 546, 547, 548, 549, 550, 551, 552, 553, 554, 555, 556, 557, 558, 559, 560, 561, 562, 563, 564, 565, 566, 567, 568, 569, 570, 571, 572, 573]","[0, 5, 7, 10, 14, 19, 20, 22, 24, 32, 33, 34, 37, 38, 40, 44, 46, 48, 49, 51, 56, 61, 63, 65, 67, 68, 73, 74, 75, 76, 79, 81, 82, 83, 85, 87, 88, 92, 93, 95, 96, 99, 100, 101, 115, 116, 124, 134, 142, 161, 167, 169, 170, 186, 202, 240, 244, 254, 260, 267, 277, 300, 303, 307, 310, 322, 331, 376, 485, 491, 493, 495, 499, 503, 504, 506, 508, 515, 518, 519, 521, 524, 526, 528, 533, 537, 539, 542, 543, 547, 548, 549, 550, 551, 553, 554, 556, 558, 559, 563, 564, 566, 567, 570, 571, 572, 586, 587, 595, 605, 613, 633, 639, 640, 641, 657, 672, 704, 717, 726, 736, 759, 761, 765, 768, 780, 788, 792, 826]",[],[],"[0, 1, 2, 3, 4, 5, 6, 7, 8, 9, 10, 11, 12, 13, 14, 15, 16, 17, 18, 19, 20, 21, 22, 23, 24, 537, 25, 26, 27, 28, 29, 30, 31, 32, 33, 34, 548, 35, 36, 37, 38, 39, 40, 41, 42, 43, 44, 45, 46, 47, 48, 49, 564, 50, 51, 52, 53, 54, 55, 56, 572, 57, 58, 63, 59, 60, 61, 62, 64, 65, 66, 67, 68, 69, 74, 70, 71, 72, 73, 75, 76, 77, 78, 79, 80, 81, 82, 83, 84, 85, 86, 87, 88, 93, 89, 90, 91, 92, 94, 95, 96, 101, 97, 98, 99, 100, 102, 529, 530, 613, 513, 531, 115, 116, 532, 633, 533, 124, 534, 639, 640, 641, 535, 134, 514, 536, 142, 657, 538, 539, 540, 672, 515, 541, 161, 542, 167, 169, 170, 543, 544, 545, 516, 186, 546, 704, 547, 202, 549, 717, 550, 517, 551, 726, 552, 553, 736, 554, 555, 518, 556, 240, 557, 244, 759, 558, 761, 559, 254, 765, 768, 560, 260, 519, 561, 267, 562, 780, 563, 788, 277, 792, 565, 520, 566, 567, 568, 300, 569, 303, 307, 570, 310, 521, 571, 826, 322, 573, 331, 522, 523, 376, 528, 524, 586, 587, 525, 512, 595, 526, 527, 605, 485, 486, 487, 488, 489, 490, 491, 492, 493, 494, 495, 496, 497, 498, 499, 500, 501, 502, 503, 504, 505, 506, 507, 508, 509, 510, 511]",True,"[20, 63, 74, 504, 537, 548]","[0, 1, 2, 3, 4, 5, 6, 7, 8, 9, 10, 11, 12, 13, 14, 15, 16, 17, 18, 19, 20, 21, 22, 23, 24, 25, 26, 27, 28, 29, 30, 31, 32, 33, 34, 35, 36, 37, 38, 39, 40, 41, 42, 43, 44, 45, 46, 47, 48, 49, 50, 51, 52, 53, 54, 55, 56, 57, 58, 59, 60, 61, 62, 63, 64, 65, 66, 67, 68, 69, 70, 71, 72, 73, 74, 75, 76, 77, 78, 79, 80, 81, 82, 83, 84, 85, 86, 87, 88, 89, 90, 91, 92, 93, 94, 95, 96, 97, 98, 99, 100, 101, 102, 485, 486, 487, 488, 489, 490, 491, 492, 493, 494, 495, 496, 497, 498, 499, 500, 501, 502, 503, 504, 505, 506, 507, 508, 509, 510, 511, 512, 513, 514, 515, 516, 517, 518, 519, 520, 521, 522, 523, 524, 525, 526, 527, 528, 529, 530, 531, 532, 533, 534, 535, 536, 537, 538, 539, 540, 541, 542, 543, 544, 545, 546, 547, 548, 549, 550, 551, 552, 553, 554, 555, 556, 557, 558, 559, 560, 561, 562, 563, 564, 565, 566, 567, 568, 569, 570, 571, 572, 573]","[5, 20, 74, 93, 101, 491, 504, 548, 564, 572]","[20, 74, 504, 548]","[0, 5, 7, 10, 14, 19, 20, 22, 24, 32, 33, 34, 37, 38, 40, 44, 46, 48, 49, 51, 56, 61, 63, 65, 67, 68, 73, 74, 75, 76, 79, 81, 82, 83, 85, 87, 88, 92, 93, 95, 96, 99, 100, 101, 115, 116, 124, 134, 142, 161, 167, 169, 170, 186, 202, 240, 244, 254, 260, 267, 277, 300, 303, 307, 310, 322, 331, 376, 485, 491, 493, 495, 499, 503, 504, 506, 508, 515, 518, 519, 521, 524, 526, 528, 533, 537, 539, 542, 543, 547, 548, 549, 550, 551, 553, 554, 556, 558, 559, 563, 564, 566, 567, 570, 571, 572, 586, 587, 595, 605, 613, 633, 639, 640, 641, 657, 672, 704, 717, 726, 736, 759, 761, 765, 768, 780, 788, 792, 826]",[],[],7/6 successful match,True,[240],True,544,False,,,,,
"Eloy , 85231 Flying J Travel Plaza # 0500310",520-466-9204 I-10 Exit 208 A ( Sunshine Blvd S ),FRS XL 24,Eloy,85231,Flying J Travel Plaza # 0500310,520-466-9204,2007,Eloy,AZ,Flying J,( Sunshine Blvd S ),I-10 Exit 208 A ,Exit,208,False,,False,I-10,,,,,"[504, 20]","[20, 63, 74, 504, 537, 548]","[5, 20, 74, 93, 101, 491, 504, 548, 564, 572]","[20, 74, 504, 548]","[0, 1, 2, 3, 4, 5, 6, 7, 8, 9, 10, 11, 12, 13, 14, 15, 16, 17, 18, 19, 20, 21, 22, 23, 24, 25, 26, 27, 28, 29, 30, 31, 32, 33, 34, 35, 36, 37, 38, 39, 40, 41, 42, 43, 44, 45, 46, 47, 48, 49, 50, 51, 52, 53, 54, 55, 56, 57, 58, 59, 60, 61, 62, 63, 64, 65, 66, 67, 68, 69, 70, 71, 72, 73, 74, 75, 76, 77, 78, 79, 80, 81, 82, 83, 84, 85, 86, 87, 88, 89, 90, 91, 92, 93, 94, 95, 96, 97, 98, 99, 100, 101, 102, 485, 486, 487, 488, 489, 490, 491, 492, 493, 494, 495, 496, 497, 498, 499, 500, 501, 502, 503, 504, 505, 506, 507, 508, 509, 510, 511, 512, 513, 514, 515, 516, 517, 518, 519, 520, 521, 522, 523, 524, 525, 526, 527, 528, 529, 530, 531, 532, 533, 534, 535, 536, 537, 538, 539, 540, 541, 542, 543, 544, 545, 546, 547, 548, 549, 550, 551, 552, 553, 554, 555, 556, 557, 558, 559, 560, 561, 562, 563, 564, 565, 566, 567, 568, 569, 570, 571, 572, 573]","[0, 5, 7, 10, 14, 19, 20, 22, 24, 32, 33, 34, 37, 38, 40, 44, 46, 48, 49, 51, 56, 61, 63, 65, 67, 68, 73, 74, 75, 76, 79, 81, 82, 83, 85, 87, 88, 92, 93, 95, 96, 99, 100, 101, 115, 116, 124, 134, 142, 161, 167, 169, 170, 186, 202, 240, 244, 254, 260, 267, 277, 300, 303, 307, 310, 322, 331, 376, 485, 491, 493, 495, 499, 503, 504, 506, 508, 515, 518, 519, 521, 524, 526, 528, 533, 537, 539, 542, 543, 547, 548, 549, 550, 551, 553, 554, 556, 558, 559, 563, 564, 566, 567, 570, 571, 572, 586, 587, 595, 605, 613, 633, 639, 640, 641, 657, 672, 704, 717, 726, 736, 759, 761, 765, 768, 780, 788, 792, 826]","[17, 18, 19, 20, 21, 22, 23, 156, 157, 158, 159, 160, 161, 162, 163, 164, 165, 166, 167, 341, 342, 343, 344, 345, 412, 413, 414, 415, 416, 417, 418, 419, 420, 421, 422, 502, 503, 504, 505, 506, 507, 628, 629, 630, 631, 632, 633, 634, 635, 636, 637, 638, 639, 792, 797, 798, 799, 800, 801, 863, 864, 865, 866, 867, 868, 869, 870, 871, 872, 873, 874]","[17, 18, 19, 20, 21, 22, 23, 156, 157, 158, 159, 160, 161, 162, 163, 164, 165, 166, 167, 168, 340, 341, 342, 343, 344, 345, 346, 412, 413, 414, 415, 416, 417, 418, 419, 420, 421, 422, 502, 503, 504, 505, 506, 507, 628, 629, 630, 631, 632, 633, 634, 635, 636, 637, 638, 639, 792, 796, 797, 798, 799, 800, 801, 863, 864, 865, 866, 867, 868, 869, 870, 871, 872, 873, 874]","[0, 1, 2, 3, 4, 5, 6, 7, 8, 9, 10, 11, 12, 13, 14, 15, 16, 17, 18, 19, 20, 21, 22, 23, 24, 537, 25, 26, 27, 28, 29, 30, 31, 32, 33, 34, 548, 35, 36, 37, 38, 39, 40, 41, 42, 43, 44, 45, 46, 47, 48, 49, 564, 50, 51, 52, 53, 54, 55, 56, 572, 57, 58, 63, 59, 60, 61, 62, 64, 65, 66, 67, 68, 69, 74, 70, 71, 72, 73, 75, 76, 77, 78, 79, 80, 81, 82, 83, 84, 85, 86, 87, 88, 93, 89, 90, 91, 92, 94, 95, 96, 101, 97, 98, 99, 100, 102, 529, 530, 613, 513, 531, 115, 116, 532, 628, 629, 630, 633, 533, 631, 124, 632, 634, 534, 639, 640, 641, 635, 535, 636, 134, 637, 514, 536, 638, 142, 657, 538, 539, 156, 540, 157, 158, 672, 515, 541, 161, 159, 160, 162, 542, 167, 169, 170, 163, 543, 164, 165, 166, 168, 544, 545, 516, 186, 546, 704, 547, 202, 549, 717, 550, 517, 551, 726, 552, 553, 736, 554, 555, 518, 556, 240, 557, 244, 759, 558, 761, 559, 254, 765, 768, 560, 260, 519, 561, 267, 562, 780, 563, 788, 277, 792, 565, 796, 797, 520, 798, 566, 799, 800, 801, 567, 568, 300, 569, 303, 307, 570, 310, 521, 571, 826, 322, 573, 331, 522, 340, 341, 342, 343, 344, 345, 346, 863, 864, 865, 866, 867, 868, 869, 870, 871, 872, 523, 873, 874, 376, 528, 524, 586, 587, 525, 412, 413, 414, 415, 416, 417, 418, 419, 420, 421, 422, 512, 595, 526, 527, 605, 485, 486, 487, 488, 489, 490, 491, 492, 493, 494, 495, 496, 497, 498, 499, 500, 501, 502, 503, 504, 505, 506, 507, 508, 509, 510, 511]",True,"[20, 63, 74, 504, 537, 548]","[0, 1, 2, 3, 4, 5, 6, 7, 8, 9, 10, 11, 12, 13, 14, 15, 16, 17, 18, 19, 20, 21, 22, 23, 24, 25, 26, 27, 28, 29, 30, 31, 32, 33, 34, 35, 36, 37, 38, 39, 40, 41, 42, 43, 44, 45, 46, 47, 48, 49, 50, 51, 52, 53, 54, 55, 56, 57, 58, 59, 60, 61, 62, 63, 64, 65, 66, 67, 68, 69, 70, 71, 72, 73, 74, 75, 76, 77, 78, 79, 80, 81, 82, 83, 84, 85, 86, 87, 88, 89, 90, 91, 92, 93, 94, 95, 96, 97, 98, 99, 100, 101, 102, 485, 486, 487, 488, 489, 490, 491, 492, 493, 494, 495, 496, 497, 498, 499, 500, 501, 502, 503, 504, 505, 506, 507, 508, 509, 510, 511, 512, 513, 514, 515, 516, 517, 518, 519, 520, 521, 522, 523, 524, 525, 526, 527, 528, 529, 530, 531, 532, 533, 534, 535, 536, 537, 538, 539, 540, 541, 542, 543, 544, 545, 546, 547, 548, 549, 550, 551, 552, 553, 554, 555, 556, 557, 558, 559, 560, 561, 562, 563, 564, 565, 566, 567, 568, 569, 570, 571, 572, 573]","[5, 20, 74, 93, 101, 491, 504, 548, 564, 572]","[20, 74, 504, 548]","[0, 5, 7, 10, 14, 19, 20, 22, 24, 32, 33, 34, 37, 38, 40, 44, 46, 48, 49, 51, 56, 61, 63, 65, 67, 68, 73, 74, 75, 76, 79, 81, 82, 83, 85, 87, 88, 92, 93, 95, 96, 99, 100, 101, 115, 116, 124, 134, 142, 161, 167, 169, 170, 186, 202, 240, 244, 254, 260, 267, 277, 300, 303, 307, 310, 322, 331, 376, 485, 491, 493, 495, 499, 503, 504, 506, 508, 515, 518, 519, 521, 524, 526, 528, 533, 537, 539, 542, 543, 547, 548, 549, 550, 551, 553, 554, 556, 558, 559, 563, 564, 566, 567, 570, 571, 572, 586, 587, 595, 605, 613, 633, 639, 640, 641, 657, 672, 704, 717, 726, 736, 759, 761, 765, 768, 780, 788, 792, 826]","[17, 18, 19, 20, 21, 22, 23, 156, 157, 158, 159, 160, 161, 162, 163, 164, 165, 166, 167, 168, 340, 341, 342, 343, 344, 345, 346, 412, 413, 414, 415, 416, 417, 418, 419, 420, 421, 422, 502, 503, 504, 505, 506, 507, 628, 629, 630, 631, 632, 633, 634, 635, 636, 637, 638, 639, 792, 796, 797, 798, 799, 800, 801, 863, 864, 865, 866, 867, 868, 869, 870, 871, 872, 873, 874]","[17, 18, 19, 20, 21, 22, 23, 156, 157, 158, 159, 160, 161, 162, 163, 164, 165, 166, 167, 341, 342, 343, 344, 345, 412, 413, 414, 415, 416, 417, 418, 419, 420, 421, 422, 502, 503, 504, 505, 506, 507, 628, 629, 630, 631, 632, 633, 634, 635, 636, 637, 638, 639, 792, 797, 798, 799, 800, 801, 863, 864, 865, 866, 867, 868, 869, 870, 871, 872, 873, 874]",7/6 successful match,True,[240],True,544,False,,0.6618181818181819,True,J Travel Plaza # 0500310,
"Eloy , 85231 Flying J Travel Plaza # 0500310",520-466-9204 I-10 Exit 208 A ( Sunshine Blvd S ),24 HRS XL24 <U+25A0><U+25A0>,Eloy,85231,Flying J Travel Plaza # 0500310,520-466-9204,2008,Eloy,AZ,Flying J,( Sunshine Blvd S ),I-10 Exit 208 A ,Exit,208,False,,False,I-10,,,,,"[504, 20]","[20, 63, 74, 504, 537, 548]","[5, 20, 74, 93, 101, 491, 504, 548, 564, 572]","[20, 74, 504, 548]","[0, 1, 2, 3, 4, 5, 6, 7, 8, 9, 10, 11, 12, 13, 14, 15, 16, 17, 18, 19, 20, 21, 22, 23, 24, 25, 26, 27, 28, 29, 30, 31, 32, 33, 34, 35, 36, 37, 38, 39, 40, 41, 42, 43, 44, 45, 46, 47, 48, 49, 50, 51, 52, 53, 54, 55, 56, 57, 58, 59, 60, 61, 62, 63, 64, 65, 66, 67, 68, 69, 70, 71, 72, 73, 74, 75, 76, 77, 78, 79, 80, 81, 82, 83, 84, 85, 86, 87, 88, 89, 90, 91, 92, 93, 94, 95, 96, 97, 98, 99, 100, 101, 102, 485, 486, 487, 488, 489, 490, 491, 492, 493, 494, 495, 496, 497, 498, 499, 500, 501, 502, 503, 504, 505, 506, 507, 508, 509, 510, 511, 512, 513, 514, 515, 516, 517, 518, 519, 520, 521, 522, 523, 524, 525, 526, 527, 528, 529, 530, 531, 532, 533, 534, 535, 536, 537, 538, 539, 540, 541, 542, 543, 544, 545, 546, 547, 548, 549, 550, 551, 552, 553, 554, 555, 556, 557, 558, 559, 560, 561, 562, 563, 564, 565, 566, 567, 568, 569, 570, 571, 572, 573]","[0, 5, 7, 10, 14, 19, 20, 22, 24, 32, 33, 34, 37, 38, 40, 44, 46, 48, 49, 51, 56, 61, 63, 65, 67, 68, 73, 74, 75, 76, 79, 81, 82, 83, 85, 87, 88, 92, 93, 95, 96, 99, 100, 101, 115, 116, 124, 134, 142, 161, 167, 169, 170, 186, 202, 240, 244, 254, 260, 267, 277, 300, 303, 307, 310, 322, 331, 376, 485, 491, 493, 495, 499, 503, 504, 506, 508, 515, 518, 519, 521, 524, 526, 528, 533, 537, 539, 542, 543, 547, 548, 549, 550, 551, 553, 554, 556, 558, 559, 563, 564, 566, 567, 570, 571, 572, 586, 587, 595, 605, 613, 633, 639, 640, 641, 657, 672, 704, 717, 726, 736, 759, 761, 765, 768, 780, 788, 792, 826]","[17, 18, 19, 20, 21, 22, 23, 156, 157, 158, 159, 160, 161, 162, 163, 164, 165, 166, 167, 341, 342, 343, 344, 345, 412, 413, 414, 415, 416, 417, 418, 419, 420, 421, 422, 502, 503, 504, 505, 506, 507, 628, 629, 630, 631, 632, 633, 634, 635, 636, 637, 638, 639, 792, 797, 798, 799, 800, 801, 863, 864, 865, 866, 867, 868, 869, 870, 871, 872, 873, 874]","[17, 18, 19, 20, 21, 22, 23, 156, 157, 158, 159, 160, 161, 162, 163, 164, 165, 166, 167, 168, 340, 341, 342, 343, 344, 345, 346, 412, 413, 414, 415, 416, 417, 418, 419, 420, 421, 422, 502, 503, 504, 505, 506, 507, 628, 629, 630, 631, 632, 633, 634, 635, 636, 637, 638, 639, 792, 796, 797, 798, 799, 800, 801, 863, 864, 865, 866, 867, 868, 869, 870, 871, 872, 873, 874]","[0, 1, 2, 3, 4, 5, 6, 7, 8, 9, 10, 11, 12, 13, 14, 15, 16, 17, 18, 19, 20, 21, 22, 23, 24, 537, 25, 26, 27, 28, 29, 30, 31, 32, 33, 34, 548, 35, 36, 37, 38, 39, 40, 41, 42, 43, 44, 45, 46, 47, 48, 49, 564, 50, 51, 52, 53, 54, 55, 56, 572, 57, 58, 63, 59, 60, 61, 62, 64, 65, 66, 67, 68, 69, 74, 70, 71, 72, 73, 75, 76, 77, 78, 79, 80, 81, 82, 83, 84, 85, 86, 87, 88, 93, 89, 90, 91, 92, 94, 95, 96, 101, 97, 98, 99, 100, 102, 529, 530, 613, 513, 531, 115, 116, 532, 628, 629, 630, 633, 533, 631, 124, 632, 634, 534, 639, 640, 641, 635, 535, 636, 134, 637, 514, 536, 638, 142, 657, 538, 539, 156, 540, 157, 158, 672, 515, 541, 161, 159, 160, 162, 542, 167, 169, 170, 163, 543, 164, 165, 166, 168, 544, 545, 516, 186, 546, 704, 547, 202, 549, 717, 550, 517, 551, 726, 552, 553, 736, 554, 555, 518, 556, 240, 557, 244, 759, 558, 761, 559, 254, 765, 768, 560, 260, 519, 561, 267, 562, 780, 563, 788, 277, 792, 565, 796, 797, 520, 798, 566, 799, 800, 801, 567, 568, 300, 569, 303, 307, 570, 310, 521, 571, 826, 322, 573, 331, 522, 340, 341, 342, 343, 344, 345, 346, 863, 864, 865, 866, 867, 868, 869, 870, 871, 872, 523, 873, 874, 376, 528, 524, 586, 587, 525, 412, 413, 414, 415, 416, 417, 418, 419, 420, 421, 422, 512, 595, 526, 527, 605, 485, 486, 487, 488, 489, 490, 491, 492, 493, 494, 495, 496, 497, 498, 499, 500, 501, 502, 503, 504, 505, 506, 507, 508, 509, 510, 511]",True,"[20, 63, 74, 504, 537, 548]","[0, 1, 2, 3, 4, 5, 6, 7, 8, 9, 10, 11, 12, 13, 14, 15, 16, 17, 18, 19, 20, 21, 22, 23, 24, 25, 26, 27, 28, 29, 30, 31, 32, 33, 34, 35, 36, 37, 38, 39, 40, 41, 42, 43, 44, 45, 46, 47, 48, 49, 50, 51, 52, 53, 54, 55, 56, 57, 58, 59, 60, 61, 62, 63, 64, 65, 66, 67, 68, 69, 70, 71, 72, 73, 74, 75, 76, 77, 78, 79, 80, 81, 82, 83, 84, 85, 86, 87, 88, 89, 90, 91, 92, 93, 94, 95, 96, 97, 98, 99, 100, 101, 102, 485, 486, 487, 488, 489, 490, 491, 492, 493, 494, 495, 496, 497, 498, 499, 500, 501, 502, 503, 504, 505, 506, 507, 508, 509, 510, 511, 512, 513, 514, 515, 516, 517, 518, 519, 520, 521, 522, 523, 524, 525, 526, 527, 528, 529, 530, 531, 532, 533, 534, 535, 536, 537, 538, 539, 540, 541, 542, 543, 544, 545, 546, 547, 548, 549, 550, 551, 552, 553, 554, 555, 556, 557, 558, 559, 560, 561, 562, 563, 564, 565, 566, 567, 568, 569, 570, 571, 572, 573]","[5, 20, 74, 93, 101, 491, 504, 548, 564, 572]","[20, 74, 504, 548]","[0, 5, 7, 10, 14, 19, 20, 22, 24, 32, 33, 34, 37, 38, 40, 44, 46, 48, 49, 51, 56, 61, 63, 65, 67, 68, 73, 74, 75, 76, 79, 81, 82, 83, 85, 87, 88, 92, 93, 95, 96, 99, 100, 101, 115, 116, 124, 134, 142, 161, 167, 169, 170, 186, 202, 240, 244, 254, 260, 267, 277, 300, 303, 307, 310, 322, 331, 376, 485, 491, 493, 495, 499, 503, 504, 506, 508, 515, 518, 519, 521, 524, 526, 528, 533, 537, 539, 542, 543, 547, 548, 549, 550, 551, 553, 554, 556, 558, 559, 563, 564, 566, 567, 570, 571, 572, 586, 587, 595, 605, 613, 633, 639, 640, 641, 657, 672, 704, 717, 726, 736, 759, 761, 765, 768, 780, 788, 792, 826]","[17, 18, 19, 20, 21, 22, 23, 156, 157, 158, 159, 160, 161, 162, 163, 164, 165, 166, 167, 168, 340, 341, 342, 343, 344, 345, 346, 412, 413, 414, 415, 416, 417, 418, 419, 420, 421, 422, 502, 503, 504, 505, 506, 507, 628, 629, 630, 631, 632, 633, 634, 635, 636, 637, 638, 639, 792, 796, 797, 798, 799, 800, 801, 863, 864, 865, 866, 867, 868, 869, 870, 871, 872, 873, 874]","[17, 18, 19, 20, 21, 22, 23, 156, 157, 158, 159, 160, 161, 162, 163, 164, 165, 166, 167, 341, 342, 343, 344, 345, 412, 413, 414, 415, 416, 417, 418, 419, 420, 421, 422, 502, 503, 504, 505, 506, 507, 628, 629, 630, 631, 632, 633, 634, 635, 636, 637, 638, 639, 792, 797, 798, 799, 800, 801, 863, 864, 865, 866, 867, 868, 869, 870, 871, 872, 873, 874]",7/6 successful match,True,[240],True,544,False,,1.0,True,Flying J Travel Plaza # 0500310,Flying J
G Stanfield ( 85272 ) Vija Truck Stop,520-424-3175 I-8 Exit 151 ( AZ 84 ),<U+2610> M,Stanfield,85272,Vija Truck Stop,520-424-3175,2014,Stanfield,AZ,,( AZ 84 ),I-8 Exit 151 ,Exit,151,False,,False,I-8,,,,,[],[],[],"[151, 160, 184, 207, 393, 622, 632, 655, 677, 843]","[0, 1, 2, 3, 4, 5, 6, 7, 8, 9, 10, 11, 12, 13, 14, 15, 16, 17, 18, 19, 20, 21, 22, 23, 24, 25, 26, 27, 28, 29, 30, 31, 32, 33, 34, 35, 36, 37, 38, 39, 40, 41, 42, 43, 44, 45, 46, 47, 48, 49, 50, 51, 52, 53, 54, 55, 56, 57, 58, 59, 60, 61, 62, 63, 64, 65, 66, 67, 68, 69, 70, 71, 72, 73, 74, 75, 76, 77, 78, 79, 80, 81, 82, 83, 84, 85, 86, 87, 88, 89, 90, 91, 92, 93, 94, 95, 96, 97, 98, 99, 100, 101, 102, 485, 486, 487, 488, 489, 490, 491, 492, 493, 494, 495, 496, 497, 498, 499, 500, 501, 502, 503, 504, 505, 506, 507, 508, 509, 510, 511, 512, 513, 514, 515, 516, 517, 518, 519, 520, 521, 522, 523, 524, 525, 526, 527, 528, 529, 530, 531, 532, 533, 534, 535, 536, 537, 538, 539, 540, 541, 542, 543, 544, 545, 546, 547, 548, 549, 550, 551, 552, 553, 554, 555, 556, 557, 558, 559, 560, 561, 562, 563, 564, 565, 566, 567, 568, 569, 570, 571, 572, 573]","[17, 25, 39, 41, 50, 55, 57, 59, 69, 78, 119, 174, 188, 189, 220, 250, 299, 486, 502, 520, 522, 532, 534, 535, 544, 590, 645, 659, 660, 713, 758]",[],[],"[0, 1, 2, 3, 4, 5, 6, 7, 8, 9, 10, 11, 12, 13, 14, 15, 16, 17, 18, 19, 20, 21, 22, 23, 24, 25, 26, 27, 28, 29, 30, 31, 32, 33, 34, 35, 36, 37, 38, 39, 40, 41, 42, 43, 44, 45, 46, 47, 48, 49, 50, 51, 52, 53, 54, 55, 56, 57, 58, 59, 60, 61, 62, 63, 64, 65, 66, 67, 68, 69, 70, 71, 72, 73, 74, 75, 76, 77, 78, 79, 80, 81, 82, 83, 84, 85, 86, 87, 88, 89, 90, 91, 92, 93, 94, 95, 96, 97, 98, 99, 100, 101, 102, 528, 529, 530, 622, 513, 531, 532, 119, 632, 533, 534, 535, 645, 514, 536, 537, 655, 538, 659, 660, 151, 539, 540, 160, 515, 541, 677, 542, 543, 174, 544, 545, 184, 516, 546, 188, 189, 547, 548, 713, 549, 207, 550, 517, 551, 552, 220, 553, 554, 555, 518, 556, 557, 758, 558, 250, 559, 560, 519, 561, 562, 563, 564, 565, 520, 566, 567, 568, 299, 569, 570, 521, 571, 572, 573, 843, 522, 523, 524, 393, 590, 525, 512, 526, 527, 485, 486, 487, 488, 489, 490, 491, 492, 493, 494, 495, 496, 497, 498, 499, 500, 501, 502, 503, 504, 505, 506, 507, 508, 509, 510, 511]",False,[],"[0, 1, 2, 3, 4, 5, 6, 7, 8, 9, 10, 11, 12, 13, 14, 15, 16, 17, 18, 19, 20, 21, 22, 23, 24, 25, 26, 27, 28, 29, 30, 31, 32, 33, 34, 35, 36, 37, 38, 39, 40, 41, 42, 43, 44, 45, 46, 47, 48, 49, 50, 51, 52, 53, 54, 55, 56, 57, 58, 59, 60, 61, 62, 63, 64, 65, 66, 67, 68, 69, 70, 71, 72, 73, 74, 75, 76, 77, 78, 79, 80, 81, 82, 83, 84, 85, 86, 87, 88, 89, 90, 91, 92, 93, 94, 95, 96, 97, 98, 99, 100, 101, 102, 485, 486, 487, 488, 489, 490, 491, 492, 493, 494, 495, 496, 497, 498, 499, 500, 501, 502, 503, 504, 505, 506, 507, 508, 509, 510, 511, 512, 513, 514, 515, 516, 517, 518, 519, 520, 521, 522, 523, 524, 525, 526, 527, 528, 529, 530, 531, 532, 533, 534, 535, 536, 537, 538, 539, 540, 541, 542, 543, 544, 545, 546, 547, 548, 549, 550, 551, 552, 553, 554, 555, 556, 557, 558, 559, 560, 561, 562, 563, 564, 565, 566, 567, 568, 569, 570, 571, 572, 573]",[],"[151, 160, 184, 207, 393, 622, 632, 655, 677, 843]","[17, 25, 39, 41, 50, 55, 57, 59, 69, 78, 119, 174, 188, 189, 220, 250, 299, 486, 502, 520, 522, 532, 534, 535, 544, 590, 645, 659, 660, 713, 758]",[],[],2/6 successful match,False,[362],True,544,True,2014,0.15217391304347827,True,Flying J Travel Plaza # 0500310,Flying J
G Stanfield ( 85272 ) Vija Truck Stop,4 520-424-3175 I-8 Exit 151 ( AZ 84 ),<U+2610> D,Stanfield,85272,Vija Truck Stop,520-424-3175,2015,Stanfield,AZ,,( AZ 84 ),I-8 Exit 151 ,Exit,151,False,,False,I-8,,,,,[],[],[],"[151, 160, 184, 207, 393, 622, 632, 655, 677, 843]","[0, 1, 2, 3, 4, 5, 6, 7, 8, 9, 10, 11, 12, 13, 14, 15, 16, 17, 18, 19, 20, 21, 22, 23, 24, 25, 26, 27, 28, 29, 30, 31, 32, 33, 34, 35, 36, 37, 38, 39, 40, 41, 42, 43, 44, 45, 46, 47, 48, 49, 50, 51, 52, 53, 54, 55, 56, 57, 58, 59, 60, 61, 62, 63, 64, 65, 66, 67, 68, 69, 70, 71, 72, 73, 74, 75, 76, 77, 78, 79, 80, 81, 82, 83, 84, 85, 86, 87, 88, 89, 90, 91, 92, 93, 94, 95, 96, 97, 98, 99, 100, 101, 102, 485, 486, 487, 488, 489, 490, 491, 492, 493, 494, 495, 496, 497, 498, 499, 500, 501, 502, 503, 504, 505, 506, 507, 508, 509, 510, 511, 512, 513, 514, 515, 516, 517, 518, 519, 520, 521, 522, 523, 524, 525, 526, 527, 528, 529, 530, 531, 532, 533, 534, 535, 536, 537, 538, 539, 540, 541, 542, 543, 544, 545, 546, 547, 548, 549, 550, 551, 552, 553, 554, 555, 556, 557, 558, 559, 560, 561, 562, 563, 564, 565, 566, 567, 568, 569, 570, 571, 572, 573]","[17, 25, 39, 41, 50, 55, 57, 59, 69, 78, 119, 174, 188, 189, 220, 250, 299, 486, 502, 520, 522, 532, 534, 535, 544, 590, 645, 659, 660, 713, 758]",[],[],"[0, 1, 2, 3, 4, 5, 6, 7, 8, 9, 10, 11, 12, 13, 14, 15, 16, 17, 18, 19, 20, 21, 22, 23, 24, 25, 26, 27, 28, 29, 30, 31, 32, 33, 34, 35, 36, 37, 38, 39, 40, 41, 42, 43, 44, 45, 46, 47, 48, 49, 50, 51, 52, 53, 54, 55, 56, 57, 58, 59, 60, 61, 62, 63, 64, 65, 66, 67, 68, 69, 70, 71, 72, 73, 74, 75, 76, 77, 78, 79, 80, 81, 82, 83, 84, 85, 86, 87, 88, 89, 90, 91, 92, 93, 94, 95, 96, 97, 98, 99, 100, 101, 102, 528, 529, 530, 622, 513, 531, 532, 119, 632, 533, 534, 535, 645, 514, 536, 537, 655, 538, 659, 660, 151, 539, 540, 160, 515, 541, 677, 542, 543, 174, 544, 545, 184, 516, 546, 188, 189, 547, 548, 713, 549, 207, 550, 517, 551, 552, 220, 553, 554, 555, 518, 556, 557, 758, 558, 250, 559, 560, 519, 561, 562, 563, 564, 565, 520, 566, 567, 568, 299, 569, 570, 521, 571, 572, 573, 843, 522, 523, 524, 393, 590, 525, 512, 526, 527, 485, 486, 487, 488, 489, 490, 491, 492, 493, 494, 495, 496, 497, 498, 499, 500, 501, 502, 503, 504, 505, 506, 507, 508, 509, 510, 511]",False,[],"[0, 1, 2, 3, 4, 5, 6, 7, 8, 9, 10, 11, 12, 13, 14, 15, 16, 17, 18, 19, 20, 21, 22, 23, 24, 25, 26, 27, 28, 29, 30, 31, 32, 33, 34, 35, 36, 37, 38, 39, 40, 41, 42, 43, 44, 45, 46, 47, 48, 49, 50, 51, 52, 53, 54, 55, 56, 57, 58, 59, 60, 61, 62, 63, 64, 65, 66, 67, 68, 69, 70, 71, 72, 73, 74, 75, 76, 77, 78, 79, 80, 81, 82, 83, 84, 85, 86, 87, 88, 89, 90, 91, 92, 93, 94, 95, 96, 97, 98, 99, 100, 101, 102, 485, 486, 487, 488, 489, 490, 491, 492, 493, 494, 495, 496, 497, 498, 499, 500, 501, 502, 503, 504, 505, 506, 507, 508, 509, 510, 511, 512, 513, 514, 515, 516, 517, 518, 519, 520, 521, 522, 523, 524, 525, 526, 527, 528, 529, 530, 531, 532, 533, 534, 535, 536, 537, 538, 539, 540, 541, 542, 543, 544, 545, 546, 547, 548, 549, 550, 551, 552, 553, 554, 555, 556, 557, 558, 559, 560, 561, 562, 563, 564, 565, 566, 567, 568, 569, 570, 571, 572, 573]",[],"[151, 160, 184, 207, 393, 622, 632, 655, 677, 843]","[17, 25, 39, 41, 50, 55, 57, 59, 69, 78, 119, 174, 188, 189, 220, 250, 299, 486, 502, 520, 522, 532, 534, 535, 544, 590, 645, 659, 660, 713, 758]",[],[],2/6 successful match,False,[362],True,544,False,,0.8999999999999999,True,Vija Truck Stop,
G Stanfield ( 85272 ) Vija Truck Stop,520-424-3175 I-8 Exit 151 ( AZ 84 ),"M D """,Stanfield,85272,Vija Truck Stop,520-424-3175,2016,Stanfield,AZ,,( AZ 84 ),I-8 Exit 151 ,Exit,151,False,,False,I-8,,,,,[],[],[],"[151, 160, 184, 207, 393, 622, 632, 655, 677, 843]","[0, 1, 2, 3, 4, 5, 6, 7, 8, 9, 10, 11, 12, 13, 14, 15, 16, 17, 18, 19, 20, 21, 22, 23, 24, 25, 26, 27, 28, 29, 30, 31, 32, 33, 34, 35, 36, 37, 38, 39, 40, 41, 42, 43, 44, 45, 46, 47, 48, 49, 50, 51, 52, 53, 54, 55, 56, 57, 58, 59, 60, 61, 62, 63, 64, 65, 66, 67, 68, 69, 70, 71, 72, 73, 74, 75, 76, 77, 78, 79, 80, 81, 82, 83, 84, 85, 86, 87, 88, 89, 90, 91, 92, 93, 94, 95, 96, 97, 98, 99, 100, 101, 102, 485, 486, 487, 488, 489, 490, 491, 492, 493, 494, 495, 496, 497, 498, 499, 500, 501, 502, 503, 504, 505, 506, 507, 508, 509, 510, 511, 512, 513, 514, 515, 516, 517, 518, 519, 520, 521, 522, 523, 524, 525, 526, 527, 528, 529, 530, 531, 532, 533, 534, 535, 536, 537, 538, 539, 540, 541, 542, 543, 544, 545, 546, 547, 548, 549, 550, 551, 552, 553, 554, 555, 556, 557, 558, 559, 560, 561, 562, 563, 564, 565, 566, 567, 568, 569, 570, 571, 572, 573]","[17, 25, 39, 41, 50, 55, 57, 59, 69, 78, 119, 174, 188, 189, 220, 250, 299, 486, 502, 520, 522, 532, 534, 535, 544, 590, 645, 659, 660, 713, 758]",[],[],"[0, 1, 2, 3, 4, 5, 6, 7, 8, 9, 10, 11, 12, 13, 14, 15, 16, 17, 18, 19, 20, 21, 22, 23, 24, 25, 26, 27, 28, 29, 30, 31, 32, 33, 34, 35, 36, 37, 38, 39, 40, 41, 42, 43, 44, 45, 46, 47, 48, 49, 50, 51, 52, 53, 54, 55, 56, 57, 58, 59, 60, 61, 62, 63, 64, 65, 66, 67, 68, 69, 70, 71, 72, 73, 74, 75, 76, 77, 78, 79, 80, 81, 82, 83, 84, 85, 86, 87, 88, 89, 90, 91, 92, 93, 94, 95, 96, 97, 98, 99, 100, 101, 102, 528, 529, 530, 622, 513, 531, 532, 119, 632, 533, 534, 535, 645, 514, 536, 537, 655, 538, 659, 660, 151, 539, 540, 160, 515, 541, 677, 542, 543, 174, 544, 545, 184, 516, 546, 188, 189, 547, 548, 713, 549, 207, 550, 517, 551, 552, 220, 553, 554, 555, 518, 556, 557, 758, 558, 250, 559, 560, 519, 561, 562, 563, 564, 565, 520, 566, 567, 568, 299, 569, 570, 521, 571, 572, 573, 843, 522, 523, 524, 393, 590, 525, 512, 526, 527, 485, 486, 487, 488, 489, 490, 491, 492, 493, 494, 495, 496, 497, 498, 499, 500, 501, 502, 503, 504, 505, 506, 507, 508, 509, 510, 511]",False,[],"[0, 1, 2, 3, 4, 5, 6, 7, 8, 9, 10, 11, 12, 13, 14, 15, 16, 17, 18, 19, 20, 21, 22, 23, 24, 25, 26, 27, 28, 29, 30, 31, 32, 33, 34, 35, 36, 37, 38, 39, 40, 41, 42, 43, 44, 45, 46, 47, 48, 49, 50, 51, 52, 53, 54, 55, 56, 57, 58, 59, 60, 61, 62, 63, 64, 65, 66, 67, 68, 69, 70, 71, 72, 73, 74, 75, 76, 77, 78, 79, 80, 81, 82, 83, 84, 85, 86, 87, 88, 89, 90, 91, 92, 93, 94, 95, 96, 97, 98, 99, 100, 101, 102, 485, 486, 487, 488, 489, 490, 491, 492, 493, 494, 495, 496, 497, 498, 499, 500, 501, 502, 503, 504, 505, 506, 507, 508, 509, 510, 511, 512, 513, 514, 515, 516, 517, 518, 519, 520, 521, 522, 523, 524, 525, 526, 527, 528, 529, 530, 531, 532, 533, 534, 535, 536, 537, 538, 539, 540, 541, 542, 543, 544, 545, 546, 547, 548, 549, 550, 551, 552, 553, 554, 555, 556, 557, 558, 559, 560, 561, 562, 563, 564, 565, 566, 567, 568, 569, 570, 571, 572, 573]",[],"[151, 160, 184, 207, 393, 622, 632, 655, 677, 843]","[17, 25, 39, 41, 50, 55, 57, 59, 69, 78, 119, 174, 188, 189, 220, 250, 299, 486, 502, 520, 522, 532, 534, 535, 544, 590, 645, 659, 660, 713, 758]",[],[],2/6 successful match,False,[362],True,544,False,,0.8999999999999999,True,Vija Truck Stop,
Buckeye ( 85326 ) QuikTrip I-10 Exit # 114 492 ( Miller ( QT ) Rd S ),3 623-386-8855 I-10 Exit 114 (,24 <U+2610> M,Buckeye,85326,QuikTrip I-10 Exit # 114 492 ( Miller ( QT ) Rd S ),623-386-8855,2015,Buckeye,AZ,,(,I-10 Exit 114 ,Exit,114,False,,False,I-10,,,,,"[556, 85]","[37, 85, 88, 518, 556, 559]","[37, 85, 88, 518, 556, 559]","[37, 85, 88, 518, 556, 559]","[0, 1, 2, 3, 4, 5, 6, 7, 8, 9, 10, 11, 12, 13, 14, 15, 16, 17, 18, 19, 20, 21, 22, 23, 24, 25, 26, 27, 28, 29, 30, 31, 32, 33, 34, 35, 36, 37, 38, 39, 40, 41, 42, 43, 44, 45, 46, 47, 48, 49, 50, 51, 52, 53, 54, 55, 56, 57, 58, 59, 60, 61, 62, 63, 64, 65, 66, 67, 68, 69, 70, 71, 72, 73, 74, 75, 76, 77, 78, 79, 80, 81, 82, 83, 84, 85, 86, 87, 88, 89, 90, 91, 92, 93, 94, 95, 96, 97, 98, 99, 100, 101, 102, 485, 486, 487, 488, 489, 490, 491, 492, 493, 494, 495, 496, 497, 498, 499, 500, 501, 502, 503, 504, 505, 506, 507, 508, 509, 510, 511, 512, 513, 514, 515, 516, 517, 518, 519, 520, 521, 522, 523, 524, 525, 526, 527, 528, 529, 530, 531, 532, 533, 534, 535, 536, 537, 538, 539, 540, 541, 542, 543, 544, 545, 546, 547, 548, 549, 550, 551, 552, 553, 554, 555, 556, 557, 558, 559, 560, 561, 562, 563, 564, 565, 566, 567, 568, 569, 570, 571, 572, 573]","[0, 5, 7, 10, 14, 19, 20, 22, 24, 32, 33, 34, 37, 38, 40, 44, 46, 48, 49, 51, 56, 61, 63, 65, 67, 68, 73, 74, 75, 76, 79, 81, 82, 83, 85, 87, 88, 92, 93, 95, 96, 99, 100, 101, 115, 116, 124, 134, 142, 161, 167, 169, 170, 186, 202, 240, 244, 254, 260, 267, 277, 300, 303, 307, 310, 322, 331, 376, 485, 491, 493, 495, 499, 503, 504, 506, 508, 515, 518, 519, 521, 524, 526, 528, 533, 537, 539, 542, 543, 547, 548, 549, 550, 551, 553, 554, 556, 558, 559, 563, 564, 566, 567, 570, 571, 572, 586, 587, 595, 605, 613, 633, 639, 640, 641, 657, 672, 704, 717, 726, 736, 759, 761, 765, 768, 780, 788, 792, 826]",[],"[83, 85, 186, 452, 453, 554, 556, 657, 899, 900]","[0, 1, 2, 3, 4, 5, 518, 6, 7, 8, 9, 10, 11, 12, 13, 14, 15, 16, 17, 18, 19, 20, 21, 22, 23, 24, 25, 26, 27, 28, 29, 30, 31, 32, 33, 34, 35, 37, 36, 38, 39, 40, 41, 42, 556, 43, 44, 559, 45, 46, 47, 48, 49, 50, 51, 52, 53, 54, 55, 56, 57, 58, 59, 60, 61, 62, 63, 64, 65, 66, 67, 68, 69, 70, 71, 72, 73, 74, 75, 76, 77, 78, 79, 80, 81, 85, 82, 83, 88, 84, 86, 87, 89, 90, 91, 92, 93, 94, 95, 96, 97, 98, 99, 100, 101, 102, 528, 529, 530, 613, 513, 531, 115, 116, 532, 633, 533, 124, 534, 639, 640, 641, 535, 134, 514, 536, 537, 142, 657, 538, 539, 540, 672, 515, 541, 161, 542, 167, 169, 170, 543, 544, 545, 516, 186, 546, 704, 547, 548, 202, 549, 717, 550, 517, 551, 726, 552, 553, 736, 554, 555, 240, 557, 244, 759, 558, 761, 765, 254, 768, 560, 260, 519, 561, 267, 562, 780, 563, 788, 277, 564, 792, 565, 520, 566, 567, 568, 300, 569, 303, 307, 570, 310, 521, 571, 826, 572, 322, 573, 331, 522, 523, 376, 524, 899, 900, 586, 587, 525, 512, 595, 526, 452, 453, 527, 605, 485, 486, 487, 488, 489, 490, 491, 492, 493, 494, 495, 496, 497, 498, 499, 500, 501, 502, 503, 504, 505, 506, 507, 508, 509, 510, 511]",True,"[37, 85, 88, 518, 556, 559]","[0, 1, 2, 3, 4, 5, 6, 7, 8, 9, 10, 11, 12, 13, 14, 15, 16, 17, 18, 19, 20, 21, 22, 23, 24, 25, 26, 27, 28, 29, 30, 31, 32, 33, 34, 35, 36, 37, 38, 39, 40, 41, 42, 43, 44, 45, 46, 47, 48, 49, 50, 51, 52, 53, 54, 55, 56, 57, 58, 59, 60, 61, 62, 63, 64, 65, 66, 67, 68, 69, 70, 71, 72, 73, 74, 75, 76, 77, 78, 79, 80, 81, 82, 83, 84, 85, 86, 87, 88, 89, 90, 91, 92, 93, 94, 95, 96, 97, 98, 99, 100, 101, 102, 485, 486, 487, 488, 489, 490, 491, 492, 493, 494, 495, 496, 497, 498, 499, 500, 501, 502, 503, 504, 505, 506, 507, 508, 509, 510, 511, 512, 513, 514, 515, 516, 517, 518, 519, 520, 521, 522, 523, 524, 525, 526, 527, 528, 529, 530, 531, 532, 533, 534, 535, 536, 537, 538, 539, 540, 541, 542, 543, 544, 545, 546, 547, 548, 549, 550, 551, 552, 553, 554, 555, 556, 557, 558, 559, 560, 561, 562, 563, 564, 565, 566, 567, 568, 569, 570, 571, 572, 573]","[37, 85, 88, 518, 556, 559]","[37, 85, 88, 518, 556, 559]","[0, 5, 7, 10, 14, 19, 20, 22, 24, 32, 33, 34, 37, 38, 40, 44, 46, 48, 49, 51, 56, 61, 63, 65, 67, 68, 73, 74, 75, 76, 79, 81, 82, 83, 85, 87, 88, 92, 93, 95, 96, 99, 100, 101, 115, 116, 124, 134, 142, 161, 167, 169, 170, 186, 202, 240, 244, 254, 260, 267, 277, 300, 303, 307, 310, 322, 331, 376, 485, 491, 493, 495, 499, 503, 504, 506, 508, 515, 518, 519, 521, 524, 526, 528, 533, 537, 539, 542, 543, 547, 548, 549, 550, 551, 553, 554, 556, 558, 559, 563, 564, 566, 567, 570, 571, 572, 586, 587, 595, 605, 613, 633, 639, 640, 641, 657, 672, 704, 717, 726, 736, 759, 761, 765, 768, 780, 788, 792, 826]","[83, 85, 186, 452, 453, 554, 556, 657, 899, 900]",[],7/6 successful match,True,[414],True,545,False,,,,,
Buckeye ( 85326 ) QuikTrip # 492 ( QT ),623-386-8855 I-10 Exit 114 ( Miller Rd S ),D MO D <U+25A1>,Buckeye,85326,QuikTrip # 492 ( QT ),623-386-8855,2016,Buckeye,AZ,,( Miller Rd S ),I-10 Exit 114 ,Exit,114,False,,False,I-10,,,,,"[556, 85]","[37, 85, 88, 518, 556, 559]","[37, 85, 88, 518, 556, 559]","[37, 85, 88, 518, 556, 559]","[0, 1, 2, 3, 4, 5, 6, 7, 8, 9, 10, 11, 12, 13, 14, 15, 16, 17, 18, 19, 20, 21, 22, 23, 24, 25, 26, 27, 28, 29, 30, 31, 32, 33, 34, 35, 36, 37, 38, 39, 40, 41, 42, 43, 44, 45, 46, 47, 48, 49, 50, 51, 52, 53, 54, 55, 56, 57, 58, 59, 60, 61, 62, 63, 64, 65, 66, 67, 68, 69, 70, 71, 72, 73, 74, 75, 76, 77, 78, 79, 80, 81, 82, 83, 84, 85, 86, 87, 88, 89, 90, 91, 92, 93, 94, 95, 96, 97, 98, 99, 100, 101, 102, 485, 486, 487, 488, 489, 490, 491, 492, 493, 494, 495, 496, 497, 498, 499, 500, 501, 502, 503, 504, 505, 506, 507, 508, 509, 510, 511, 512, 513, 514, 515, 516, 517, 518, 519, 520, 521, 522, 523, 524, 525, 526, 527, 528, 529, 530, 531, 532, 533, 534, 535, 536, 537, 538, 539, 540, 541, 542, 543, 544, 545, 546, 547, 548, 549, 550, 551, 552, 553, 554, 555, 556, 557, 558, 559, 560, 561, 562, 563, 564, 565, 566, 567, 568, 569, 570, 571, 572, 573]","[0, 5, 7, 10, 14, 19, 20, 22, 24, 32, 33, 34, 37, 38, 40, 44, 46, 48, 49, 51, 56, 61, 63, 65, 67, 68, 73, 74, 75, 76, 79, 81, 82, 83, 85, 87, 88, 92, 93, 95, 96, 99, 100, 101, 115, 116, 124, 134, 142, 161, 167, 169, 170, 186, 202, 240, 244, 254, 260, 267, 277, 300, 303, 307, 310, 322, 331, 376, 485, 491, 493, 495, 499, 503, 504, 506, 508, 515, 518, 519, 521, 524, 526, 528, 533, 537, 539, 542, 543, 547, 548, 549, 550, 551, 553, 554, 556, 558, 559, 563, 564, 566, 567, 570, 571, 572, 586, 587, 595, 605, 613, 633, 639, 640, 641, 657, 672, 704, 717, 726, 736, 759, 761, 765, 768, 780, 788, 792, 826]",[],"[83, 85, 554, 556]","[0, 1, 2, 3, 4, 5, 518, 6, 7, 8, 9, 10, 11, 12, 13, 14, 15, 16, 17, 18, 19, 20, 21, 22, 23, 24, 25, 26, 27, 28, 29, 30, 31, 32, 33, 34, 35, 37, 36, 38, 39, 40, 41, 42, 556, 43, 44, 559, 45, 46, 47, 48, 49, 50, 51, 52, 53, 54, 55, 56, 57, 58, 59, 60, 61, 62, 63, 64, 65, 66, 67, 68, 69, 70, 71, 72, 73, 74, 75, 76, 77, 78, 79, 80, 81, 85, 82, 83, 88, 84, 86, 87, 89, 90, 91, 92, 93, 94, 95, 96, 97, 98, 99, 100, 101, 102, 528, 529, 530, 613, 513, 531, 115, 116, 532, 633, 533, 124, 534, 639, 640, 641, 535, 134, 514, 536, 537, 142, 657, 538, 539, 540, 672, 515, 541, 161, 542, 167, 169, 170, 543, 544, 545, 516, 186, 546, 704, 547, 548, 202, 549, 717, 550, 517, 551, 726, 552, 553, 736, 554, 555, 240, 557, 244, 759, 558, 761, 765, 254, 768, 560, 260, 519, 561, 267, 562, 780, 563, 788, 277, 564, 792, 565, 520, 566, 567, 568, 300, 569, 303, 307, 570, 310, 521, 571, 826, 572, 322, 573, 331, 522, 523, 376, 524, 586, 587, 525, 512, 595, 526, 527, 605, 485, 486, 487, 488, 489, 490, 491, 492, 493, 494, 495, 496, 497, 498, 499, 500, 501, 502, 503, 504, 505, 506, 507, 508, 509, 510, 511]",True,"[37, 85, 88, 518, 556, 559]","[0, 1, 2, 3, 4, 5, 6, 7, 8, 9, 10, 11, 12, 13, 14, 15, 16, 17, 18, 19, 20, 21, 22, 23, 24, 25, 26, 27, 28, 29, 30, 31, 32, 33, 34, 35, 36, 37, 38, 39, 40, 41, 42, 43, 44, 45, 46, 47, 48, 49, 50, 51, 52, 53, 54, 55, 56, 57, 58, 59, 60, 61, 62, 63, 64, 65, 66, 67, 68, 69, 70, 71, 72, 73, 74, 75, 76, 77, 78, 79, 80, 81, 82, 83, 84, 85, 86, 87, 88, 89, 90, 91, 92, 93, 94, 95, 96, 97, 98, 99, 100, 101, 102, 485, 486, 487, 488, 489, 490, 491, 492, 493, 494, 495, 496, 497, 498, 499, 500, 501, 502, 503, 504, 505, 506, 507, 508, 509, 510, 511, 512, 513, 514, 515, 516, 517, 518, 519, 520, 521, 522, 523, 524, 525, 526, 527, 528, 529, 530, 531, 532, 533, 534, 535, 536, 537, 538, 539, 540, 541, 542, 543, 544, 545, 546, 547, 548, 549, 550, 551, 552, 553, 554, 555, 556, 557, 558, 559, 560, 561, 562, 563, 564, 565, 566, 567, 568, 569, 570, 571, 572, 573]","[37, 85, 88, 518, 556, 559]","[37, 85, 88, 518, 556, 559]","[0, 5, 7, 10, 14, 19, 20, 22, 24, 32, 33, 34, 37, 38, 40, 44, 46, 48, 49, 51, 56, 61, 63, 65, 67, 68, 73, 74, 75, 76, 79, 81, 82, 83, 85, 87, 88, 92, 93, 95, 96, 99, 100, 101, 115, 116, 124, 134, 142, 161, 167, 169, 170, 186, 202, 240, 244, 254, 260, 267, 277, 300, 303, 307, 310, 322, 331, 376, 485, 491, 493, 495, 499, 503, 504, 506, 508, 515, 518, 519, 521, 524, 526, 528, 533, 537, 539, 542, 543, 547, 548, 549, 550, 551, 553, 554, 556, 558, 559, 563, 564, 566, 567, 570, 571, 572, 586, 587, 595, 605, 613, 633, 639, 640, 641, 657, 672, 704, 717, 726, 736, 759, 761, 765, 768, 780, 788, 792, 826]","[83, 85, 554, 556]",[],7/6 successful match,True,[414],True,545,False,,0.8350000000000001,True,QuikTrip I-10 Exit # 114 492 ( Miller ( QT ) Rd S ),
Buckeye ( 85326 ) Speedsmart ( Chevron ),3 623-474-6262 I-10 Exit 114 ( Miller Rd S ),24 SO DO,Buckeye,85326,Speedsmart ( Chevron ),623-474-6262,2014,Buckeye,AZ,Chevron,( Miller Rd S ),I-10 Exit 114 ,Exit,114,False,,False,I-10,,,,,"[88, 559]","[37, 85, 88, 518, 556, 559]","[37, 85, 88, 518, 556, 559]","[37, 85, 88, 518, 556, 559]","[0, 1, 2, 3, 4, 5, 6, 7, 8, 9, 10, 11, 12, 13, 14, 15, 16, 17, 18, 19, 20, 21, 22, 23, 24, 25, 26, 27, 28, 29, 30, 31, 32, 33, 34, 35, 36, 37, 38, 39, 40, 41, 42, 43, 44, 45, 46, 47, 48, 49, 50, 51, 52, 53, 54, 55, 56, 57, 58, 59, 60, 61, 62, 63, 64, 65, 66, 67, 68, 69, 70, 71, 72, 73, 74, 75, 76, 77, 78, 79, 80, 81, 82, 83, 84, 85, 86, 87, 88, 89, 90, 91, 92, 93, 94, 95, 96, 97, 98, 99, 100, 101, 102, 485, 486, 487, 488, 489, 490, 491, 492, 493, 494, 495, 496, 497, 498, 499, 500, 501, 502, 503, 504, 505, 506, 507, 508, 509, 510, 511, 512, 513, 514, 515, 516, 517, 518, 519, 520, 521, 522, 523, 524, 525, 526, 527, 528, 529, 530, 531, 532, 533, 534, 535, 536, 537, 538, 539, 540, 541, 542, 543, 544, 545, 546, 547, 548, 549, 550, 551, 552, 553, 554, 555, 556, 557, 558, 559, 560, 561, 562, 563, 564, 565, 566, 567, 568, 569, 570, 571, 572, 573]","[0, 5, 7, 10, 14, 19, 20, 22, 24, 32, 33, 34, 37, 38, 40, 44, 46, 48, 49, 51, 56, 61, 63, 65, 67, 68, 73, 74, 75, 76, 79, 81, 82, 83, 85, 87, 88, 92, 93, 95, 96, 99, 100, 101, 115, 116, 124, 134, 142, 161, 167, 169, 170, 186, 202, 240, 244, 254, 260, 267, 277, 300, 303, 307, 310, 322, 331, 376, 485, 491, 493, 495, 499, 503, 504, 506, 508, 515, 518, 519, 521, 524, 526, 528, 533, 537, 539, 542, 543, 547, 548, 549, 550, 551, 553, 554, 556, 558, 559, 563, 564, 566, 567, 570, 571, 572, 586, 587, 595, 605, 613, 633, 639, 640, 641, 657, 672, 704, 717, 726, 736, 759, 761, 765, 768, 780, 788, 792, 826]","[12, 24, 25, 28, 88, 100, 104, 119, 123, 129, 136, 137, 139, 140, 141, 148, 155, 169, 172, 179, 183, 185, 188, 196, 198, 217, 237, 267, 270, 278, 319, 321, 324, 325, 330, 334, 335, 354, 366, 369, 380, 383, 384, 386, 395, 407, 411, 423, 428, 436, 437, 452, 453, 456, 467, 471, 477, 478, 479, 497, 508, 511, 559, 571, 575, 590, 594, 600, 607, 608, 610, 611, 612, 619, 627, 640, 643, 650, 654, 656, 659, 667, 669, 685, 701, 726, 729, 737, 777, 779, 782, 783, 787, 790, 791, 809, 817, 819, 830, 833, 834, 836, 845, 856, 857, 860, 862, 875, 880, 887, 888, 899, 900, 914, 918, 921, 928, 929, 930]","[12, 24, 25, 28, 88, 100, 104, 119, 123, 129, 136, 137, 139, 140, 141, 148, 155, 169, 172, 179, 183, 185, 188, 196, 198, 217, 237, 267, 270, 278, 319, 321, 324, 325, 330, 334, 335, 354, 366, 369, 380, 383, 384, 386, 395, 407, 411, 423, 428, 436, 437, 452, 453, 456, 467, 471, 477, 478, 479, 497, 508, 511, 559, 571, 575, 590, 594, 600, 607, 608, 610, 611, 612, 619, 627, 640, 643, 650, 654, 656, 659, 667, 669, 685, 701, 726, 729, 737, 777, 779, 782, 783, 787, 790, 791, 809, 817, 819, 830, 833, 834, 836, 845, 856, 857, 860, 862, 875, 880, 887, 888, 899, 900, 914, 918, 921, 928, 929, 930]","[0, 1, 2, 3, 4, 5, 6, 7, 8, 9, 10, 11, 12, 13, 14, 15, 16, 17, 18, 19, 20, 21, 22, 23, 24, 25, 26, 27, 28, 29, 30, 31, 32, 33, 34, 35, 36, 37, 38, 39, 40, 41, 42, 43, 44, 45, 46, 47, 48, 49, 50, 51, 52, 53, 54, 55, 56, 57, 58, 59, 60, 61, 62, 63, 64, 65, 66, 67, 68, 69, 70, 71, 72, 73, 74, 75, 76, 77, 78, 79, 80, 81, 82, 83, 84, 85, 86, 87, 88, 89, 90, 91, 92, 93, 94, 95, 96, 97, 98, 99, 100, 101, 102, 104, 115, 116, 119, 123, 124, 129, 134, 136, 137, 139, 140, 141, 142, 148, 155, 161, 167, 169, 170, 172, 179, 183, 185, 186, 188, 196, 198, 202, 217, 237, 240, 244, 254, 260, 267, 270, 277, 278, 300, 303, 307, 310, 319, 321, 322, 324, 325, 330, 331, 334, 335, 354, 366, 369, 376, 380, 383, 384, 386, 395, 407, 411, 423, 428, 436, 437, 452, 453, 456, 467, 471, 477, 478, 479, 485, 486, 487, 488, 489, 490, 491, 492, 493, 494, 495, 496, 497, 498, 499, 500, 501, 502, 503, 504, 505, 506, 507, 508, 509, 510, 511, 512, 513, 514, 515, 516, 517, 518, 519, 520, 521, 522, 523, 524, 525, 526, 527, 528, 529, 530, 531, 532, 533, 534, 535, 536, 537, 538, 539, 540, 541, 542, 543, 544, 545, 546, 547, 548, 549, 550, 551, 552, 553, 554, 555, 556, 557, 558, 559, 560, 561, 562, 563, 564, 565, 566, 567, 568, 569, 570, 571, 572, 573, 575, 586, 587, 590, 594, 595, 600, 605, 607, 608, 610, 611, 612, 613, 619, 627, 633, 639, 640, 641, 643, 650, 654, 656, 657, 659, 667, 669, 672, 685, 701, 704, 717, 726, 729, 736, 737, 759, 761, 765, 768, 777, 779, 780, 782, 783, 787, 788, 790, 791, 792, 809, 817, 819, 826, 830, 833, 834, 836, 845, 856, 857, 860, 862, 875, 880, 887, 888, 899, 900, 914, 918, 921, 928, 929, 930]",True,"[37, 85, 88, 518, 556, 559]","[0, 1, 2, 3, 4, 5, 6, 7, 8, 9, 10, 11, 12, 13, 14, 15, 16, 17, 18, 19, 20, 21, 22, 23, 24, 25, 26, 27, 28, 29, 30, 31, 32, 33, 34, 35, 36, 37, 38, 39, 40, 41, 42, 43, 44, 45, 46, 47, 48, 49, 50, 51, 52, 53, 54, 55, 56, 57, 58, 59, 60, 61, 62, 63, 64, 65, 66, 67, 68, 69, 70, 71, 72, 73, 74, 75, 76, 77, 78, 79, 80, 81, 82, 83, 84, 85, 86, 87, 88, 89, 90, 91, 92, 93, 94, 95, 96, 97, 98, 99, 100, 101, 102, 485, 486, 487, 488, 489, 490, 491, 492, 493, 494, 495, 496, 497, 498, 499, 500, 501, 502, 503, 504, 505, 506, 507, 508, 509, 510, 511, 512, 513, 514, 515, 516, 517, 518, 519, 520, 521, 522, 523, 524, 525, 526, 527, 528, 529, 530, 531, 532, 533, 534, 535, 536, 537, 538, 539, 540, 541, 542, 543, 544, 545, 546, 547, 548, 549, 550, 551, 552, 553, 554, 555, 556, 557, 558, 559, 560, 561, 562, 563, 564, 565, 566, 567, 568, 569, 570, 571, 572, 573]","[37, 85, 88, 518, 556, 559]","[37, 85, 88, 518, 556, 559]","[0, 5, 7, 10, 14, 19, 20, 22, 24, 32, 33, 34, 37, 38, 40, 44, 46, 48, 49, 51, 56, 61, 63, 65, 67, 68, 73, 74, 75, 76, 79, 81, 82, 83, 85, 87, 88, 92, 93, 95, 96, 99, 100, 101, 115, 116, 124, 134, 142, 161, 167, 169, 170, 186, 202, 240, 244, 254, 260, 267, 277, 300, 303, 307, 310, 322, 331, 376, 485, 491, 493, 495, 499, 503, 504, 506, 508, 515, 518, 519, 521, 524, 526, 528, 533, 537, 539, 542, 543, 547, 548, 549, 550, 551, 553, 554, 556, 558, 559, 563, 564, 566, 567, 570, 571, 572, 586, 587, 595, 605, 613, 633, 639, 640, 641, 657, 672, 704, 717, 726, 736, 759, 761, 765, 768, 780, 788, 792, 826]","[12, 24, 25, 28, 88, 100, 104, 119, 123, 129, 136, 137, 139, 140, 141, 148, 155, 169, 172, 179, 183, 185, 188, 196, 198, 217, 237, 267, 270, 278, 319, 321, 324, 325, 330, 334, 335, 354, 366, 369, 380, 383, 384, 386, 395, 407, 411, 423, 428, 436, 437, 452, 453, 456, 467, 471, 477, 478, 479, 497, 508, 511, 559, 571, 575, 590, 594, 600, 607, 608, 610, 611, 612, 619, 627, 640, 643, 650, 654, 656, 659, 667, 669, 685, 701, 726, 729, 737, 777, 779, 782, 783, 787, 790, 791, 809, 817, 819, 830, 833, 834, 836, 845, 856, 857, 860, 862, 875, 880, 887, 888, 899, 900, 914, 918, 921, 928, 929, 930]","[12, 24, 25, 28, 88, 100, 104, 119, 123, 129, 136, 137, 139, 140, 141, 148, 155, 169, 172, 179, 183, 185, 188, 196, 198, 217, 237, 267, 270, 278, 319, 321, 324, 325, 330, 334, 335, 354, 366, 369, 380, 383, 384, 386, 395, 407, 411, 423, 428, 436, 437, 452, 453, 456, 467, 471, 477, 478, 479, 497, 508, 511, 559, 571, 575, 590, 594, 600, 607, 608, 610, 611, 612, 619, 627, 640, 643, 650, 654, 656, 659, 667, 669, 685, 701, 726, 729, 737, 777, 779, 782, 783, 787, 790, 791, 809, 817, 819, 830, 833, 834, 836, 845, 856, 857, 860, 862, 875, 880, 887, 888, 899, 900, 914, 918, 921, 928, 929, 930]",7/6 successful match,True,[43],True,546,False,,,,,
Buckeye ( 85326 ) Speedsmart 114 ( ( Chevron Miller Rd ) S ),3 623-474-6262 I-10 Exit 114 ( Miller Rd S ),24 S D,Buckeye,85326,Speedsmart 114 ( ( Chevron Miller Rd ) S ),623-474-6262,2015,Buckeye,AZ,Chevron,( Miller Rd S ),I-10 Exit 114 ,Exit,114,False,,False,I-10,,,,,"[88, 559]","[37, 85, 88, 518, 556, 559]","[37, 85, 88, 518, 556, 559]","[37, 85, 88, 518, 556, 559]","[0, 1, 2, 3, 4, 5, 6, 7, 8, 9, 10, 11, 12, 13, 14, 15, 16, 17, 18, 19, 20, 21, 22, 23, 24, 25, 26, 27, 28, 29, 30, 31, 32, 33, 34, 35, 36, 37, 38, 39, 40, 41, 42, 43, 44, 45, 46, 47, 48, 49, 50, 51, 52, 53, 54, 55, 56, 57, 58, 59, 60, 61, 62, 63, 64, 65, 66, 67, 68, 69, 70, 71, 72, 73, 74, 75, 76, 77, 78, 79, 80, 81, 82, 83, 84, 85, 86, 87, 88, 89, 90, 91, 92, 93, 94, 95, 96, 97, 98, 99, 100, 101, 102, 485, 486, 487, 488, 489, 490, 491, 492, 493, 494, 495, 496, 497, 498, 499, 500, 501, 502, 503, 504, 505, 506, 507, 508, 509, 510, 511, 512, 513, 514, 515, 516, 517, 518, 519, 520, 521, 522, 523, 524, 525, 526, 527, 528, 529, 530, 531, 532, 533, 534, 535, 536, 537, 538, 539, 540, 541, 542, 543, 544, 545, 546, 547, 548, 549, 550, 551, 552, 553, 554, 555, 556, 557, 558, 559, 560, 561, 562, 563, 564, 565, 566, 567, 568, 569, 570, 571, 572, 573]","[0, 5, 7, 10, 14, 19, 20, 22, 24, 32, 33, 34, 37, 38, 40, 44, 46, 48, 49, 51, 56, 61, 63, 65, 67, 68, 73, 74, 75, 76, 79, 81, 82, 83, 85, 87, 88, 92, 93, 95, 96, 99, 100, 101, 115, 116, 124, 134, 142, 161, 167, 169, 170, 186, 202, 240, 244, 254, 260, 267, 277, 300, 303, 307, 310, 322, 331, 376, 485, 491, 493, 495, 499, 503, 504, 506, 508, 515, 518, 519, 521, 524, 526, 528, 533, 537, 539, 542, 543, 547, 548, 549, 550, 551, 553, 554, 556, 558, 559, 563, 564, 566, 567, 570, 571, 572, 586, 587, 595, 605, 613, 633, 639, 640, 641, 657, 672, 704, 717, 726, 736, 759, 761, 765, 768, 780, 788, 792, 826]","[12, 24, 25, 28, 88, 100, 104, 119, 123, 129, 136, 137, 139, 140, 141, 148, 155, 169, 172, 179, 183, 185, 188, 196, 198, 217, 237, 267, 270, 278, 319, 321, 324, 325, 330, 334, 335, 354, 366, 369, 380, 383, 384, 386, 395, 407, 411, 423, 428, 436, 437, 452, 453, 456, 467, 471, 477, 478, 479, 497, 508, 511, 559, 571, 575, 590, 594, 600, 607, 608, 610, 611, 612, 619, 627, 640, 643, 650, 654, 656, 659, 667, 669, 685, 701, 726, 729, 737, 777, 779, 782, 783, 787, 790, 791, 809, 817, 819, 830, 833, 834, 836, 845, 856, 857, 860, 862, 875, 880, 887, 888, 899, 900, 914, 918, 921, 928, 929, 930]","[12, 24, 25, 28, 88, 100, 104, 119, 123, 129, 136, 137, 139, 140, 141, 148, 155, 169, 172, 179, 183, 185, 188, 196, 198, 217, 237, 267, 270, 278, 319, 321, 324, 325, 330, 334, 335, 354, 366, 369, 380, 383, 384, 386, 395, 407, 411, 423, 428, 436, 437, 452, 453, 456, 467, 471, 477, 478, 479, 497, 508, 511, 559, 571, 575, 590, 594, 600, 607, 608, 610, 611, 612, 619, 627, 640, 643, 650, 654, 656, 659, 667, 669, 685, 701, 726, 729, 737, 777, 779, 782, 783, 787, 790, 791, 809, 817, 819, 830, 833, 834, 836, 845, 856, 857, 860, 862, 875, 880, 887, 888, 899, 900, 914, 918, 921, 928, 929, 930]","[0, 1, 2, 3, 4, 5, 6, 7, 8, 9, 10, 11, 12, 13, 14, 15, 16, 17, 18, 19, 20, 21, 22, 23, 24, 25, 26, 27, 28, 29, 30, 31, 32, 33, 34, 35, 36, 37, 38, 39, 40, 41, 42, 43, 44, 45, 46, 47, 48, 49, 50, 51, 52, 53, 54, 55, 56, 57, 58, 59, 60, 61, 62, 63, 64, 65, 66, 67, 68, 69, 70, 71, 72, 73, 74, 75, 76, 77, 78, 79, 80, 81, 82, 83, 84, 85, 86, 87, 88, 89, 90, 91, 92, 93, 94, 95, 96, 97, 98, 99, 100, 101, 102, 104, 115, 116, 119, 123, 124, 129, 134, 136, 137, 139, 140, 141, 142, 148, 155, 161, 167, 169, 170, 172, 179, 183, 185, 186, 188, 196, 198, 202, 217, 237, 240, 244, 254, 260, 267, 270, 277, 278, 300, 303, 307, 310, 319, 321, 322, 324, 325, 330, 331, 334, 335, 354, 366, 369, 376, 380, 383, 384, 386, 395, 407, 411, 423, 428, 436, 437, 452, 453, 456, 467, 471, 477, 478, 479, 485, 486, 487, 488, 489, 490, 491, 492, 493, 494, 495, 496, 497, 498, 499, 500, 501, 502, 503, 504, 505, 506, 507, 508, 509, 510, 511, 512, 513, 514, 515, 516, 517, 518, 519, 520, 521, 522, 523, 524, 525, 526, 527, 528, 529, 530, 531, 532, 533, 534, 535, 536, 537, 538, 539, 540, 541, 542, 543, 544, 545, 546, 547, 548, 549, 550, 551, 552, 553, 554, 555, 556, 557, 558, 559, 560, 561, 562, 563, 564, 565, 566, 567, 568, 569, 570, 571, 572, 573, 575, 586, 587, 590, 594, 595, 600, 605, 607, 608, 610, 611, 612, 613, 619, 627, 633, 639, 640, 641, 643, 650, 654, 656, 657, 659, 667, 669, 672, 685, 701, 704, 717, 726, 729, 736, 737, 759, 761, 765, 768, 777, 779, 780, 782, 783, 787, 788, 790, 791, 792, 809, 817, 819, 826, 830, 833, 834, 836, 845, 856, 857, 860, 862, 875, 880, 887, 888, 899, 900, 914, 918, 921, 928, 929, 930]",True,"[37, 85, 88, 518, 556, 559]","[0, 1, 2, 3, 4, 5, 6, 7, 8, 9, 10, 11, 12, 13, 14, 15, 16, 17, 18, 19, 20, 21, 22, 23, 24, 25, 26, 27, 28, 29, 30, 31, 32, 33, 34, 35, 36, 37, 38, 39, 40, 41, 42, 43, 44, 45, 46, 47, 48, 49, 50, 51, 52, 53, 54, 55, 56, 57, 58, 59, 60, 61, 62, 63, 64, 65, 66, 67, 68, 69, 70, 71, 72, 73, 74, 75, 76, 77, 78, 79, 80, 81, 82, 83, 84, 85, 86, 87, 88, 89, 90, 91, 92, 93, 94, 95, 96, 97, 98, 99, 100, 101, 102, 485, 486, 487, 488, 489, 490, 491, 492, 493, 494, 495, 496, 497, 498, 499, 500, 501, 502, 503, 504, 505, 506, 507, 508, 509, 510, 511, 512, 513, 514, 515, 516, 517, 518, 519, 520, 521, 522, 523, 524, 525, 526, 527, 528, 529, 530, 531, 532, 533, 534, 535, 536, 537, 538, 539, 540, 541, 542, 543, 544, 545, 546, 547, 548, 549, 550, 551, 552, 553, 554, 555, 556, 557, 558, 559, 560, 561, 562, 563, 564, 565, 566, 567, 568, 569, 570, 571, 572, 573]","[37, 85, 88, 518, 556, 559]","[37, 85, 88, 518, 556, 559]","[0, 5, 7, 10, 14, 19, 20, 22, 24, 32, 33, 34, 37, 38, 40, 44, 46, 48, 49, 51, 56, 61, 63, 65, 67, 68, 73, 74, 75, 76, 79, 81, 82, 83, 85, 87, 88, 92, 93, 95, 96, 99, 100, 101, 115, 116, 124, 134, 142, 161, 167, 169, 170, 186, 202, 240, 244, 254, 260, 267, 277, 300, 303, 307, 310, 322, 331, 376, 485, 491, 493, 495, 499, 503, 504, 506, 508, 515, 518, 519, 521, 524, 526, 528, 533, 537, 539, 542, 543, 547, 548, 549, 550, 551, 553, 554, 556, 558, 559, 563, 564, 566, 567, 570, 571, 572, 586, 587, 595, 605, 613, 633, 639, 640, 641, 657, 672, 704, 717, 726, 736, 759, 761, 765, 768, 780, 788, 792, 826]","[12, 24, 25, 28, 88, 100, 104, 119, 123, 129, 136, 137, 139, 140, 141, 148, 155, 169, 172, 179, 183, 185, 188, 196, 198, 217, 237, 267, 270, 278, 319, 321, 324, 325, 330, 334, 335, 354, 366, 369, 380, 383, 384, 386, 395, 407, 411, 423, 428, 436, 437, 452, 453, 456, 467, 471, 477, 478, 479, 497, 508, 511, 559, 571, 575, 590, 594, 600, 607, 608, 610, 611, 612, 619, 627, 640, 643, 650, 654, 656, 659, 667, 669, 685, 701, 726, 729, 737, 777, 779, 782, 783, 787, 790, 791, 809, 817, 819, 830, 833, 834, 836, 845, 856, 857, 860, 862, 875, 880, 887, 888, 899, 900, 914, 918, 921, 928, 929, 930]","[12, 24, 25, 28, 88, 100, 104, 119, 123, 129, 136, 137, 139, 140, 141, 148, 155, 169, 172, 179, 183, 185, 188, 196, 198, 217, 237, 267, 270, 278, 319, 321, 324, 325, 330, 334, 335, 354, 366, 369, 380, 383, 384, 386, 395, 407, 411, 423, 428, 436, 437, 452, 453, 456, 467, 471, 477, 478, 479, 497, 508, 511, 559, 571, 575, 590, 594, 600, 607, 608, 610, 611, 612, 619, 627, 640, 643, 650, 654, 656, 659, 667, 669, 685, 701, 726, 729, 737, 777, 779, 782, 783, 787, 790, 791, 809, 817, 819, 830, 833, 834, 836, 845, 856, 857, 860, 862, 875, 880, 887, 888, 899, 900, 914, 918, 921, 928, 929, 930]",7/6 successful match,True,[43],True,546,False,,0.6395833333333334,True,Speedsmart ( Chevron ),Chevron
Buckeye ( 85326 ) Speedsmart ( Chevron ),623-474-6262 I-10 Exit 114 ( Miller Rd S ),24 m S 0240,Buckeye,85326,Speedsmart ( Chevron ),623-474-6262,2016,Buckeye,AZ,Chevron,( Miller Rd S ),I-10 Exit 114 ,Exit,114,False,,False,I-10,,,,,"[88, 559]","[37, 85, 88, 518, 556, 559]","[37, 85, 88, 518, 556, 559]","[37, 85, 88, 518, 556, 559]","[0, 1, 2, 3, 4, 5, 6, 7, 8, 9, 10, 11, 12, 13, 14, 15, 16, 17, 18, 19, 20, 21, 22, 23, 24, 25, 26, 27, 28, 29, 30, 31, 32, 33, 34, 35, 36, 37, 38, 39, 40, 41, 42, 43, 44, 45, 46, 47, 48, 49, 50, 51, 52, 53, 54, 55, 56, 57, 58, 59, 60, 61, 62, 63, 64, 65, 66, 67, 68, 69, 70, 71, 72, 73, 74, 75, 76, 77, 78, 79, 80, 81, 82, 83, 84, 85, 86, 87, 88, 89, 90, 91, 92, 93, 94, 95, 96, 97, 98, 99, 100, 101, 102, 485, 486, 487, 488, 489, 490, 491, 492, 493, 494, 495, 496, 497, 498, 499, 500, 501, 502, 503, 504, 505, 506, 507, 508, 509, 510, 511, 512, 513, 514, 515, 516, 517, 518, 519, 520, 521, 522, 523, 524, 525, 526, 527, 528, 529, 530, 531, 532, 533, 534, 535, 536, 537, 538, 539, 540, 541, 542, 543, 544, 545, 546, 547, 548, 549, 550, 551, 552, 553, 554, 555, 556, 557, 558, 559, 560, 561, 562, 563, 564, 565, 566, 567, 568, 569, 570, 571, 572, 573]","[0, 5, 7, 10, 14, 19, 20, 22, 24, 32, 33, 34, 37, 38, 40, 44, 46, 48, 49, 51, 56, 61, 63, 65, 67, 68, 73, 74, 75, 76, 79, 81, 82, 83, 85, 87, 88, 92, 93, 95, 96, 99, 100, 101, 115, 116, 124, 134, 142, 161, 167, 169, 170, 186, 202, 240, 244, 254, 260, 267, 277, 300, 303, 307, 310, 322, 331, 376, 485, 491, 493, 495, 499, 503, 504, 506, 508, 515, 518, 519, 521, 524, 526, 528, 533, 537, 539, 542, 543, 547, 548, 549, 550, 551, 553, 554, 556, 558, 559, 563, 564, 566, 567, 570, 571, 572, 586, 587, 595, 605, 613, 633, 639, 640, 641, 657, 672, 704, 717, 726, 736, 759, 761, 765, 768, 780, 788, 792, 826]","[12, 24, 25, 28, 88, 100, 104, 119, 123, 129, 136, 137, 139, 140, 141, 148, 155, 169, 172, 179, 183, 185, 188, 196, 198, 217, 237, 267, 270, 278, 319, 321, 324, 325, 330, 334, 335, 354, 366, 369, 380, 383, 384, 386, 395, 407, 411, 423, 428, 436, 437, 452, 453, 456, 467, 471, 477, 478, 479, 497, 508, 511, 559, 571, 575, 590, 594, 600, 607, 608, 610, 611, 612, 619, 627, 640, 643, 650, 654, 656, 659, 667, 669, 685, 701, 726, 729, 737, 777, 779, 782, 783, 787, 790, 791, 809, 817, 819, 830, 833, 834, 836, 845, 856, 857, 860, 862, 875, 880, 887, 888, 899, 900, 914, 918, 921, 928, 929, 930]","[12, 24, 25, 28, 88, 100, 104, 119, 123, 129, 136, 137, 139, 140, 141, 148, 155, 169, 172, 179, 183, 185, 188, 196, 198, 217, 237, 267, 270, 278, 319, 321, 324, 325, 330, 334, 335, 354, 366, 369, 380, 383, 384, 386, 395, 407, 411, 423, 428, 436, 437, 452, 453, 456, 467, 471, 477, 478, 479, 497, 508, 511, 559, 571, 575, 590, 594, 600, 607, 608, 610, 611, 612, 619, 627, 640, 643, 650, 654, 656, 659, 667, 669, 685, 701, 726, 729, 737, 777, 779, 782, 783, 787, 790, 791, 809, 817, 819, 830, 833, 834, 836, 845, 856, 857, 860, 862, 875, 880, 887, 888, 899, 900, 914, 918, 921, 928, 929, 930]","[0, 1, 2, 3, 4, 5, 6, 7, 8, 9, 10, 11, 12, 13, 14, 15, 16, 17, 18, 19, 20, 21, 22, 23, 24, 25, 26, 27, 28, 29, 30, 31, 32, 33, 34, 35, 36, 37, 38, 39, 40, 41, 42, 43, 44, 45, 46, 47, 48, 49, 50, 51, 52, 53, 54, 55, 56, 57, 58, 59, 60, 61, 62, 63, 64, 65, 66, 67, 68, 69, 70, 71, 72, 73, 74, 75, 76, 77, 78, 79, 80, 81, 82, 83, 84, 85, 86, 87, 88, 89, 90, 91, 92, 93, 94, 95, 96, 97, 98, 99, 100, 101, 102, 104, 115, 116, 119, 123, 124, 129, 134, 136, 137, 139, 140, 141, 142, 148, 155, 161, 167, 169, 170, 172, 179, 183, 185, 186, 188, 196, 198, 202, 217, 237, 240, 244, 254, 260, 267, 270, 277, 278, 300, 303, 307, 310, 319, 321, 322, 324, 325, 330, 331, 334, 335, 354, 366, 369, 376, 380, 383, 384, 386, 395, 407, 411, 423, 428, 436, 437, 452, 453, 456, 467, 471, 477, 478, 479, 485, 486, 487, 488, 489, 490, 491, 492, 493, 494, 495, 496, 497, 498, 499, 500, 501, 502, 503, 504, 505, 506, 507, 508, 509, 510, 511, 512, 513, 514, 515, 516, 517, 518, 519, 520, 521, 522, 523, 524, 525, 526, 527, 528, 529, 530, 531, 532, 533, 534, 535, 536, 537, 538, 539, 540, 541, 542, 543, 544, 545, 546, 547, 548, 549, 550, 551, 552, 553, 554, 555, 556, 557, 558, 559, 560, 561, 562, 563, 564, 565, 566, 567, 568, 569, 570, 571, 572, 573, 575, 586, 587, 590, 594, 595, 600, 605, 607, 608, 610, 611, 612, 613, 619, 627, 633, 639, 640, 641, 643, 650, 654, 656, 657, 659, 667, 669, 672, 685, 701, 704, 717, 726, 729, 736, 737, 759, 761, 765, 768, 777, 779, 780, 782, 783, 787, 788, 790, 791, 792, 809, 817, 819, 826, 830, 833, 834, 836, 845, 856, 857, 860, 862, 875, 880, 887, 888, 899, 900, 914, 918, 921, 928, 929, 930]",True,"[37, 85, 88, 518, 556, 559]","[0, 1, 2, 3, 4, 5, 6, 7, 8, 9, 10, 11, 12, 13, 14, 15, 16, 17, 18, 19, 20, 21, 22, 23, 24, 25, 26, 27, 28, 29, 30, 31, 32, 33, 34, 35, 36, 37, 38, 39, 40, 41, 42, 43, 44, 45, 46, 47, 48, 49, 50, 51, 52, 53, 54, 55, 56, 57, 58, 59, 60, 61, 62, 63, 64, 65, 66, 67, 68, 69, 70, 71, 72, 73, 74, 75, 76, 77, 78, 79, 80, 81, 82, 83, 84, 85, 86, 87, 88, 89, 90, 91, 92, 93, 94, 95, 96, 97, 98, 99, 100, 101, 102, 485, 486, 487, 488, 489, 490, 491, 492, 493, 494, 495, 496, 497, 498, 499, 500, 501, 502, 503, 504, 505, 506, 507, 508, 509, 510, 511, 512, 513, 514, 515, 516, 517, 518, 519, 520, 521, 522, 523, 524, 525, 526, 527, 528, 529, 530, 531, 532, 533, 534, 535, 536, 537, 538, 539, 540, 541, 542, 543, 544, 545, 546, 547, 548, 549, 550, 551, 552, 553, 554, 555, 556, 557, 558, 559, 560, 561, 562, 563, 564, 565, 566, 567, 568, 569, 570, 571, 572, 573]","[37, 85, 88, 518, 556, 559]","[37, 85, 88, 518, 556, 559]","[0, 5, 7, 10, 14, 19, 20, 22, 24, 32, 33, 34, 37, 38, 40, 44, 46, 48, 49, 51, 56, 61, 63, 65, 67, 68, 73, 74, 75, 76, 79, 81, 82, 83, 85, 87, 88, 92, 93, 95, 96, 99, 100, 101, 115, 116, 124, 134, 142, 161, 167, 169, 170, 186, 202, 240, 244, 254, 260, 267, 277, 300, 303, 307, 310, 322, 331, 376, 485, 491, 493, 495, 499, 503, 504, 506, 508, 515, 518, 519, 521, 524, 526, 528, 533, 537, 539, 542, 543, 547, 548, 549, 550, 551, 553, 554, 556, 558, 559, 563, 564, 566, 567, 570, 571, 572, 586, 587, 595, 605, 613, 633, 639, 640, 641, 657, 672, 704, 717, 726, 736, 759, 761, 765, 768, 780, 788, 792, 826]","[12, 24, 25, 28, 88, 100, 104, 119, 123, 129, 136, 137, 139, 140, 141, 148, 155, 169, 172, 179, 183, 185, 188, 196, 198, 217, 237, 267, 270, 278, 319, 321, 324, 325, 330, 334, 335, 354, 366, 369, 380, 383, 384, 386, 395, 407, 411, 423, 428, 436, 437, 452, 453, 456, 467, 471, 477, 478, 479, 497, 508, 511, 559, 571, 575, 590, 594, 600, 607, 608, 610, 611, 612, 619, 627, 640, 643, 650, 654, 656, 659, 667, 669, 685, 701, 726, 729, 737, 777, 779, 782, 783, 787, 790, 791, 809, 817, 819, 830, 833, 834, 836, 845, 856, 857, 860, 862, 875, 880, 887, 888, 899, 900, 914, 918, 921, 928, 929, 930]","[12, 24, 25, 28, 88, 100, 104, 119, 123, 129, 136, 137, 139, 140, 141, 148, 155, 169, 172, 179, 183, 185, 188, 196, 198, 217, 237, 267, 270, 278, 319, 321, 324, 325, 330, 334, 335, 354, 366, 369, 380, 383, 384, 386, 395, 407, 411, 423, 428, 436, 437, 452, 453, 456, 467, 471, 477, 478, 479, 497, 508, 511, 559, 571, 575, 590, 594, 600, 607, 608, 610, 611, 612, 619, 627, 640, 643, 650, 654, 656, 659, 667, 669, 685, 701, 726, 729, 737, 777, 779, 782, 783, 787, 790, 791, 809, 817, 819, 830, 833, 834, 836, 845, 856, 857, 860, 862, 875, 880, 887, 888, 899, 900, 914, 918, 921, 928, 929, 930]",7/6 successful match,True,[43],True,546,False,,0.6395833333333334,True,Speedsmart 114 ( ( Chevron Miller Rd ) S ),Chevron
"Ehrenberg , 85334 Sunmart # 640",928-927-6568 I-10 Exit 5 ( Tom Wells Rd ),24 M,Ehrenberg,85334,Sunmart # 640,928-927-6568,2007,Ehrenberg,AZ,,( Tom Wells Rd ),I-10 Exit 5 ,Exit,5,False,,False,I-10,,,,,"[563, 92]","[19, 92, 503, 563]","[19, 92, 503, 563]","[92, 184, 351, 563, 655, 806]","[0, 1, 2, 3, 4, 5, 6, 7, 8, 9, 10, 11, 12, 13, 14, 15, 16, 17, 18, 19, 20, 21, 22, 23, 24, 25, 26, 27, 28, 29, 30, 31, 32, 33, 34, 35, 36, 37, 38, 39, 40, 41, 42, 43, 44, 45, 46, 47, 48, 49, 50, 51, 52, 53, 54, 55, 56, 57, 58, 59, 60, 61, 62, 63, 64, 65, 66, 67, 68, 69, 70, 71, 72, 73, 74, 75, 76, 77, 78, 79, 80, 81, 82, 83, 84, 85, 86, 87, 88, 89, 90, 91, 92, 93, 94, 95, 96, 97, 98, 99, 100, 101, 102, 485, 486, 487, 488, 489, 490, 491, 492, 493, 494, 495, 496, 497, 498, 499, 500, 501, 502, 503, 504, 505, 506, 507, 508, 509, 510, 511, 512, 513, 514, 515, 516, 517, 518, 519, 520, 521, 522, 523, 524, 525, 526, 527, 528, 529, 530, 531, 532, 533, 534, 535, 536, 537, 538, 539, 540, 541, 542, 543, 544, 545, 546, 547, 548, 549, 550, 551, 552, 553, 554, 555, 556, 557, 558, 559, 560, 561, 562, 563, 564, 565, 566, 567, 568, 569, 570, 571, 572, 573]","[0, 5, 7, 10, 14, 19, 20, 22, 24, 32, 33, 34, 37, 38, 40, 44, 46, 48, 49, 51, 56, 61, 63, 65, 67, 68, 73, 74, 75, 76, 79, 81, 82, 83, 85, 87, 88, 92, 93, 95, 96, 99, 100, 101, 115, 116, 124, 134, 142, 161, 167, 169, 170, 186, 202, 240, 244, 254, 260, 267, 277, 300, 303, 307, 310, 322, 331, 376, 485, 491, 493, 495, 499, 503, 504, 506, 508, 515, 518, 519, 521, 524, 526, 528, 533, 537, 539, 542, 543, 547, 548, 549, 550, 551, 553, 554, 556, 558, 559, 563, 564, 566, 567, 570, 571, 572, 586, 587, 595, 605, 613, 633, 639, 640, 641, 657, 672, 704, 717, 726, 736, 759, 761, 765, 768, 780, 788, 792, 826]",[],"[92, 474, 563, 921, 922]","[0, 1, 2, 3, 4, 5, 6, 7, 8, 9, 10, 11, 12, 13, 14, 15, 16, 17, 18, 19, 20, 21, 22, 23, 24, 25, 26, 27, 28, 29, 30, 31, 32, 33, 34, 35, 36, 37, 38, 39, 40, 41, 42, 43, 44, 45, 46, 47, 48, 49, 50, 563, 51, 52, 53, 54, 55, 56, 57, 58, 59, 60, 61, 62, 63, 64, 65, 66, 67, 68, 69, 70, 71, 72, 73, 74, 75, 76, 77, 78, 79, 80, 81, 82, 83, 84, 85, 86, 87, 88, 89, 90, 92, 91, 93, 94, 95, 96, 97, 98, 99, 100, 101, 102, 528, 529, 613, 530, 513, 531, 115, 116, 532, 633, 533, 124, 534, 639, 640, 641, 535, 134, 514, 536, 537, 655, 142, 657, 538, 539, 540, 672, 515, 541, 161, 542, 167, 169, 170, 543, 544, 545, 184, 516, 186, 546, 704, 547, 548, 202, 549, 717, 550, 517, 551, 726, 552, 553, 736, 554, 555, 518, 556, 240, 557, 244, 759, 558, 761, 559, 254, 765, 768, 560, 260, 519, 561, 267, 562, 780, 788, 277, 564, 792, 565, 520, 566, 567, 806, 568, 300, 569, 303, 307, 570, 310, 521, 571, 826, 572, 322, 573, 331, 522, 351, 523, 376, 524, 586, 587, 921, 922, 525, 512, 595, 526, 527, 474, 605, 485, 486, 487, 488, 489, 490, 491, 492, 493, 494, 495, 496, 497, 498, 499, 500, 501, 502, 503, 504, 505, 506, 507, 508, 509, 510, 511]",True,"[19, 92, 503, 563]","[0, 1, 2, 3, 4, 5, 6, 7, 8, 9, 10, 11, 12, 13, 14, 15, 16, 17, 18, 19, 20, 21, 22, 23, 24, 25, 26, 27, 28, 29, 30, 31, 32, 33, 34, 35, 36, 37, 38, 39, 40, 41, 42, 43, 44, 45, 46, 47, 48, 49, 50, 51, 52, 53, 54, 55, 56, 57, 58, 59, 60, 61, 62, 63, 64, 65, 66, 67, 68, 69, 70, 71, 72, 73, 74, 75, 76, 77, 78, 79, 80, 81, 82, 83, 84, 85, 86, 87, 88, 89, 90, 91, 92, 93, 94, 95, 96, 97, 98, 99, 100, 101, 102, 485, 486, 487, 488, 489, 490, 491, 492, 493, 494, 495, 496, 497, 498, 499, 500, 501, 502, 503, 504, 505, 506, 507, 508, 509, 510, 511, 512, 513, 514, 515, 516, 517, 518, 519, 520, 521, 522, 523, 524, 525, 526, 527, 528, 529, 530, 531, 532, 533, 534, 535, 536, 537, 538, 539, 540, 541, 542, 543, 544, 545, 546, 547, 548, 549, 550, 551, 552, 553, 554, 555, 556, 557, 558, 559, 560, 561, 562, 563, 564, 565, 566, 567, 568, 569, 570, 571, 572, 573]","[19, 92, 503, 563]","[92, 184, 351, 563, 655, 806]","[0, 5, 7, 10, 14, 19, 20, 22, 24, 32, 33, 34, 37, 38, 40, 44, 46, 48, 49, 51, 56, 61, 63, 65, 67, 68, 73, 74, 75, 76, 79, 81, 82, 83, 85, 87, 88, 92, 93, 95, 96, 99, 100, 101, 115, 116, 124, 134, 142, 161, 167, 169, 170, 186, 202, 240, 244, 254, 260, 267, 277, 300, 303, 307, 310, 322, 331, 376, 485, 491, 493, 495, 499, 503, 504, 506, 508, 515, 518, 519, 521, 524, 526, 528, 533, 537, 539, 542, 543, 547, 548, 549, 550, 551, 553, 554, 556, 558, 559, 563, 564, 566, 567, 570, 571, 572, 586, 587, 595, 605, 613, 633, 639, 640, 641, 657, 672, 704, 717, 726, 736, 759, 761, 765, 768, 780, 788, 792, 826]","[92, 474, 563, 921, 922]",[],7/6 successful match,True,"[757, 758, 759]",True,547,False,,,,,
", 85334 Sunmart # 640 ( Texaco )",FEhrenberg 1928-927-6568 I-10 Exit 5 ( Tom Wells Rd ),"24 HRS M """,,85334,Sunmart # 640 ( Texaco ),928-927-6568,2008,Ehrenberg,AZ,Texaco,( Tom Wells Rd ),I-10 Exit 5 ,Exit,5,False,,False,I-10,,,,,"[563, 92]","[19, 92, 503, 563]","[19, 92, 503, 563]","[92, 184, 351, 563, 655, 806]","[0, 1, 2, 3, 4, 5, 6, 7, 8, 9, 10, 11, 12, 13, 14, 15, 16, 17, 18, 19, 20, 21, 22, 23, 24, 25, 26, 27, 28, 29, 30, 31, 32, 33, 34, 35, 36, 37, 38, 39, 40, 41, 42, 43, 44, 45, 46, 47, 48, 49, 50, 51, 52, 53, 54, 55, 56, 57, 58, 59, 60, 61, 62, 63, 64, 65, 66, 67, 68, 69, 70, 71, 72, 73, 74, 75, 76, 77, 78, 79, 80, 81, 82, 83, 84, 85, 86, 87, 88, 89, 90, 91, 92, 93, 94, 95, 96, 97, 98, 99, 100, 101, 102, 485, 486, 487, 488, 489, 490, 491, 492, 493, 494, 495, 496, 497, 498, 499, 500, 501, 502, 503, 504, 505, 506, 507, 508, 509, 510, 511, 512, 513, 514, 515, 516, 517, 518, 519, 520, 521, 522, 523, 524, 525, 526, 527, 528, 529, 530, 531, 532, 533, 534, 535, 536, 537, 538, 539, 540, 541, 542, 543, 544, 545, 546, 547, 548, 549, 550, 551, 552, 553, 554, 555, 556, 557, 558, 559, 560, 561, 562, 563, 564, 565, 566, 567, 568, 569, 570, 571, 572, 573]","[0, 5, 7, 10, 14, 19, 20, 22, 24, 32, 33, 34, 37, 38, 40, 44, 46, 48, 49, 51, 56, 61, 63, 65, 67, 68, 73, 74, 75, 76, 79, 81, 82, 83, 85, 87, 88, 92, 93, 95, 96, 99, 100, 101, 115, 116, 124, 134, 142, 161, 167, 169, 170, 186, 202, 240, 244, 254, 260, 267, 277, 300, 303, 307, 310, 322, 331, 376, 485, 491, 493, 495, 499, 503, 504, 506, 508, 515, 518, 519, 521, 524, 526, 528, 533, 537, 539, 542, 543, 547, 548, 549, 550, 551, 553, 554, 556, 558, 559, 563, 564, 566, 567, 570, 571, 572, 586, 587, 595, 605, 613, 633, 639, 640, 641, 657, 672, 704, 717, 726, 736, 759, 761, 765, 768, 780, 788, 792, 826]","[26, 390, 474, 486, 509, 840, 922, 926]","[26, 92, 390, 474, 486, 509, 563, 840, 921, 922, 926]","[0, 1, 2, 3, 4, 5, 6, 7, 8, 9, 10, 11, 12, 13, 14, 15, 16, 17, 18, 19, 20, 21, 22, 23, 24, 25, 26, 27, 28, 29, 30, 31, 32, 33, 34, 35, 36, 37, 38, 39, 40, 41, 42, 43, 44, 45, 46, 47, 48, 49, 50, 563, 51, 52, 53, 54, 55, 56, 57, 58, 59, 60, 61, 62, 63, 64, 65, 66, 67, 68, 69, 70, 71, 72, 73, 74, 75, 76, 77, 78, 79, 80, 81, 82, 83, 84, 85, 86, 87, 88, 89, 90, 92, 91, 93, 94, 95, 96, 97, 98, 99, 100, 101, 102, 528, 529, 613, 530, 513, 531, 115, 116, 532, 633, 533, 124, 534, 639, 640, 641, 535, 134, 514, 536, 537, 655, 142, 657, 538, 539, 540, 672, 515, 541, 161, 542, 167, 169, 170, 543, 544, 545, 184, 516, 186, 546, 704, 547, 548, 202, 549, 717, 550, 517, 551, 726, 552, 553, 736, 554, 555, 518, 556, 240, 557, 244, 759, 558, 761, 559, 254, 765, 768, 560, 260, 519, 561, 267, 562, 780, 788, 277, 564, 792, 565, 520, 566, 567, 806, 568, 300, 569, 303, 307, 570, 310, 521, 571, 826, 572, 322, 573, 840, 331, 522, 351, 523, 376, 524, 586, 390, 587, 921, 922, 525, 926, 512, 595, 526, 527, 474, 605, 485, 486, 487, 488, 489, 490, 491, 492, 493, 494, 495, 496, 497, 498, 499, 500, 501, 502, 503, 504, 505, 506, 507, 508, 509, 510, 511]",True,"[19, 92, 503, 563]","[0, 1, 2, 3, 4, 5, 6, 7, 8, 9, 10, 11, 12, 13, 14, 15, 16, 17, 18, 19, 20, 21, 22, 23, 24, 25, 26, 27, 28, 29, 30, 31, 32, 33, 34, 35, 36, 37, 38, 39, 40, 41, 42, 43, 44, 45, 46, 47, 48, 49, 50, 51, 52, 53, 54, 55, 56, 57, 58, 59, 60, 61, 62, 63, 64, 65, 66, 67, 68, 69, 70, 71, 72, 73, 74, 75, 76, 77, 78, 79, 80, 81, 82, 83, 84, 85, 86, 87, 88, 89, 90, 91, 92, 93, 94, 95, 96, 97, 98, 99, 100, 101, 102, 485, 486, 487, 488, 489, 490, 491, 492, 493, 494, 495, 496, 497, 498, 499, 500, 501, 502, 503, 504, 505, 506, 507, 508, 509, 510, 511, 512, 513, 514, 515, 516, 517, 518, 519, 520, 521, 522, 523, 524, 525, 526, 527, 528, 529, 530, 531, 532, 533, 534, 535, 536, 537, 538, 539, 540, 541, 542, 543, 544, 545, 546, 547, 548, 549, 550, 551, 552, 553, 554, 555, 556, 557, 558, 559, 560, 561, 562, 563, 564, 565, 566, 567, 568, 569, 570, 571, 572, 573]","[19, 92, 503, 563]","[92, 184, 351, 563, 655, 806]","[0, 5, 7, 10, 14, 19, 20, 22, 24, 32, 33, 34, 37, 38, 40, 44, 46, 48, 49, 51, 56, 61, 63, 65, 67, 68, 73, 74, 75, 76, 79, 81, 82, 83, 85, 87, 88, 92, 93, 95, 96, 99, 100, 101, 115, 116, 124, 134, 142, 161, 167, 169, 170, 186, 202, 240, 244, 254, 260, 267, 277, 300, 303, 307, 310, 322, 331, 376, 485, 491, 493, 495, 499, 503, 504, 506, 508, 515, 518, 519, 521, 524, 526, 528, 533, 537, 539, 542, 543, 547, 548, 549, 550, 551, 553, 554, 556, 558, 559, 563, 564, 566, 567, 570, 571, 572, 586, 587, 595, 605, 613, 633, 639, 640, 641, 657, 672, 704, 717, 726, 736, 759, 761, 765, 768, 780, 788, 792, 826]","[26, 92, 390, 474, 486, 509, 563, 840, 921, 922, 926]","[26, 390, 474, 486, 509, 840, 922, 926]",6/6 successful match,True,"[757, 758, 759]",True,547,False,,1.0,True,Sunmart # 640,
Ehrenberg ( 85334 ) Sunmart # 640 ( Texaco ),928-927-6568 I-10 Exit 5 ( Tom Wells Rd ),M,Ehrenberg,85334,Sunmart # 640 ( Texaco ),928-927-6568,2014,Ehrenberg,AZ,Texaco,( Tom Wells Rd ),I-10 Exit 5 ,Exit,5,False,,False,I-10,,,,,"[563, 92]","[19, 92, 503, 563]","[19, 92, 503, 563]","[92, 184, 351, 563, 655, 806]","[0, 1, 2, 3, 4, 5, 6, 7, 8, 9, 10, 11, 12, 13, 14, 15, 16, 17, 18, 19, 20, 21, 22, 23, 24, 25, 26, 27, 28, 29, 30, 31, 32, 33, 34, 35, 36, 37, 38, 39, 40, 41, 42, 43, 44, 45, 46, 47, 48, 49, 50, 51, 52, 53, 54, 55, 56, 57, 58, 59, 60, 61, 62, 63, 64, 65, 66, 67, 68, 69, 70, 71, 72, 73, 74, 75, 76, 77, 78, 79, 80, 81, 82, 83, 84, 85, 86, 87, 88, 89, 90, 91, 92, 93, 94, 95, 96, 97, 98, 99, 100, 101, 102, 485, 486, 487, 488, 489, 490, 491, 492, 493, 494, 495, 496, 497, 498, 499, 500, 501, 502, 503, 504, 505, 506, 507, 508, 509, 510, 511, 512, 513, 514, 515, 516, 517, 518, 519, 520, 521, 522, 523, 524, 525, 526, 527, 528, 529, 530, 531, 532, 533, 534, 535, 536, 537, 538, 539, 540, 541, 542, 543, 544, 545, 546, 547, 548, 549, 550, 551, 552, 553, 554, 555, 556, 557, 558, 559, 560, 561, 562, 563, 564, 565, 566, 567, 568, 569, 570, 571, 572, 573]","[0, 5, 7, 10, 14, 19, 20, 22, 24, 32, 33, 34, 37, 38, 40, 44, 46, 48, 49, 51, 56, 61, 63, 65, 67, 68, 73, 74, 75, 76, 79, 81, 82, 83, 85, 87, 88, 92, 93, 95, 96, 99, 100, 101, 115, 116, 124, 134, 142, 161, 167, 169, 170, 186, 202, 240, 244, 254, 260, 267, 277, 300, 303, 307, 310, 322, 331, 376, 485, 491, 493, 495, 499, 503, 504, 506, 508, 515, 518, 519, 521, 524, 526, 528, 533, 537, 539, 542, 543, 547, 548, 549, 550, 551, 553, 554, 556, 558, 559, 563, 564, 566, 567, 570, 571, 572, 586, 587, 595, 605, 613, 633, 639, 640, 641, 657, 672, 704, 717, 726, 736, 759, 761, 765, 768, 780, 788, 792, 826]","[26, 390, 474, 486, 509, 840, 922, 926]","[26, 92, 390, 474, 486, 509, 563, 840, 921, 922, 926]","[0, 1, 2, 3, 4, 5, 6, 7, 8, 9, 10, 11, 12, 13, 14, 15, 16, 17, 18, 19, 20, 21, 22, 23, 24, 25, 26, 27, 28, 29, 30, 31, 32, 33, 34, 35, 36, 37, 38, 39, 40, 41, 42, 43, 44, 45, 46, 47, 48, 49, 50, 563, 51, 52, 53, 54, 55, 56, 57, 58, 59, 60, 61, 62, 63, 64, 65, 66, 67, 68, 69, 70, 71, 72, 73, 74, 75, 76, 77, 78, 79, 80, 81, 82, 83, 84, 85, 86, 87, 88, 89, 90, 92, 91, 93, 94, 95, 96, 97, 98, 99, 100, 101, 102, 528, 529, 613, 530, 513, 531, 115, 116, 532, 633, 533, 124, 534, 639, 640, 641, 535, 134, 514, 536, 537, 655, 142, 657, 538, 539, 540, 672, 515, 541, 161, 542, 167, 169, 170, 543, 544, 545, 184, 516, 186, 546, 704, 547, 548, 202, 549, 717, 550, 517, 551, 726, 552, 553, 736, 554, 555, 518, 556, 240, 557, 244, 759, 558, 761, 559, 254, 765, 768, 560, 260, 519, 561, 267, 562, 780, 788, 277, 564, 792, 565, 520, 566, 567, 806, 568, 300, 569, 303, 307, 570, 310, 521, 571, 826, 572, 322, 573, 840, 331, 522, 351, 523, 376, 524, 586, 390, 587, 921, 922, 525, 926, 512, 595, 526, 527, 474, 605, 485, 486, 487, 488, 489, 490, 491, 492, 493, 494, 495, 496, 497, 498, 499, 500, 501, 502, 503, 504, 505, 506, 507, 508, 509, 510, 511]",True,"[19, 92, 503, 563]","[0, 1, 2, 3, 4, 5, 6, 7, 8, 9, 10, 11, 12, 13, 14, 15, 16, 17, 18, 19, 20, 21, 22, 23, 24, 25, 26, 27, 28, 29, 30, 31, 32, 33, 34, 35, 36, 37, 38, 39, 40, 41, 42, 43, 44, 45, 46, 47, 48, 49, 50, 51, 52, 53, 54, 55, 56, 57, 58, 59, 60, 61, 62, 63, 64, 65, 66, 67, 68, 69, 70, 71, 72, 73, 74, 75, 76, 77, 78, 79, 80, 81, 82, 83, 84, 85, 86, 87, 88, 89, 90, 91, 92, 93, 94, 95, 96, 97, 98, 99, 100, 101, 102, 485, 486, 487, 488, 489, 490, 491, 492, 493, 494, 495, 496, 497, 498, 499, 500, 501, 502, 503, 504, 505, 506, 507, 508, 509, 510, 511, 512, 513, 514, 515, 516, 517, 518, 519, 520, 521, 522, 523, 524, 525, 526, 527, 528, 529, 530, 531, 532, 533, 534, 535, 536, 537, 538, 539, 540, 541, 542, 543, 544, 545, 546, 547, 548, 549, 550, 551, 552, 553, 554, 555, 556, 557, 558, 559, 560, 561, 562, 563, 564, 565, 566, 567, 568, 569, 570, 571, 572, 573]","[19, 92, 503, 563]","[92, 184, 351, 563, 655, 806]","[0, 5, 7, 10, 14, 19, 20, 22, 24, 32, 33, 34, 37, 38, 40, 44, 46, 48, 49, 51, 56, 61, 63, 65, 67, 68, 73, 74, 75, 76, 79, 81, 82, 83, 85, 87, 88, 92, 93, 95, 96, 99, 100, 101, 115, 116, 124, 134, 142, 161, 167, 169, 170, 186, 202, 240, 244, 254, 260, 267, 277, 300, 303, 307, 310, 322, 331, 376, 485, 491, 493, 495, 499, 503, 504, 506, 508, 515, 518, 519, 521, 524, 526, 528, 533, 537, 539, 542, 543, 547, 548, 549, 550, 551, 553, 554, 556, 558, 559, 563, 564, 566, 567, 570, 571, 572, 586, 587, 595, 605, 613, 633, 639, 640, 641, 657, 672, 704, 717, 726, 736, 759, 761, 765, 768, 780, 788, 792, 826]","[26, 92, 390, 474, 486, 509, 563, 840, 921, 922, 926]","[26, 390, 474, 486, 509, 840, 922, 926]",6/6 successful match,True,"[757, 758, 759]",True,547,False,,1.0,True,Sunmart # 640 ( Texaco ),Texaco
Ehrenberg ( 85334 ) Sunmart # 640 ( Texaco ),928-927-6568 I-10 Exit 5 ( Tom Wells Rd ),24 M B <U+2610>,Ehrenberg,85334,Sunmart # 640 ( Texaco ),928-927-6568,2015,Ehrenberg,AZ,Texaco,( Tom Wells Rd ),I-10 Exit 5 ,Exit,5,False,,False,I-10,,,,,"[563, 92]","[19, 92, 503, 563]","[19, 92, 503, 563]","[92, 184, 351, 563, 655, 806]","[0, 1, 2, 3, 4, 5, 6, 7, 8, 9, 10, 11, 12, 13, 14, 15, 16, 17, 18, 19, 20, 21, 22, 23, 24, 25, 26, 27, 28, 29, 30, 31, 32, 33, 34, 35, 36, 37, 38, 39, 40, 41, 42, 43, 44, 45, 46, 47, 48, 49, 50, 51, 52, 53, 54, 55, 56, 57, 58, 59, 60, 61, 62, 63, 64, 65, 66, 67, 68, 69, 70, 71, 72, 73, 74, 75, 76, 77, 78, 79, 80, 81, 82, 83, 84, 85, 86, 87, 88, 89, 90, 91, 92, 93, 94, 95, 96, 97, 98, 99, 100, 101, 102, 485, 486, 487, 488, 489, 490, 491, 492, 493, 494, 495, 496, 497, 498, 499, 500, 501, 502, 503, 504, 505, 506, 507, 508, 509, 510, 511, 512, 513, 514, 515, 516, 517, 518, 519, 520, 521, 522, 523, 524, 525, 526, 527, 528, 529, 530, 531, 532, 533, 534, 535, 536, 537, 538, 539, 540, 541, 542, 543, 544, 545, 546, 547, 548, 549, 550, 551, 552, 553, 554, 555, 556, 557, 558, 559, 560, 561, 562, 563, 564, 565, 566, 567, 568, 569, 570, 571, 572, 573]","[0, 5, 7, 10, 14, 19, 20, 22, 24, 32, 33, 34, 37, 38, 40, 44, 46, 48, 49, 51, 56, 61, 63, 65, 67, 68, 73, 74, 75, 76, 79, 81, 82, 83, 85, 87, 88, 92, 93, 95, 96, 99, 100, 101, 115, 116, 124, 134, 142, 161, 167, 169, 170, 186, 202, 240, 244, 254, 260, 267, 277, 300, 303, 307, 310, 322, 331, 376, 485, 491, 493, 495, 499, 503, 504, 506, 508, 515, 518, 519, 521, 524, 526, 528, 533, 537, 539, 542, 543, 547, 548, 549, 550, 551, 553, 554, 556, 558, 559, 563, 564, 566, 567, 570, 571, 572, 586, 587, 595, 605, 613, 633, 639, 640, 641, 657, 672, 704, 717, 726, 736, 759, 761, 765, 768, 780, 788, 792, 826]","[26, 390, 474, 486, 509, 840, 922, 926]","[26, 92, 390, 474, 486, 509, 563, 840, 921, 922, 926]","[0, 1, 2, 3, 4, 5, 6, 7, 8, 9, 10, 11, 12, 13, 14, 15, 16, 17, 18, 19, 20, 21, 22, 23, 24, 25, 26, 27, 28, 29, 30, 31, 32, 33, 34, 35, 36, 37, 38, 39, 40, 41, 42, 43, 44, 45, 46, 47, 48, 49, 50, 563, 51, 52, 53, 54, 55, 56, 57, 58, 59, 60, 61, 62, 63, 64, 65, 66, 67, 68, 69, 70, 71, 72, 73, 74, 75, 76, 77, 78, 79, 80, 81, 82, 83, 84, 85, 86, 87, 88, 89, 90, 92, 91, 93, 94, 95, 96, 97, 98, 99, 100, 101, 102, 528, 529, 613, 530, 513, 531, 115, 116, 532, 633, 533, 124, 534, 639, 640, 641, 535, 134, 514, 536, 537, 655, 142, 657, 538, 539, 540, 672, 515, 541, 161, 542, 167, 169, 170, 543, 544, 545, 184, 516, 186, 546, 704, 547, 548, 202, 549, 717, 550, 517, 551, 726, 552, 553, 736, 554, 555, 518, 556, 240, 557, 244, 759, 558, 761, 559, 254, 765, 768, 560, 260, 519, 561, 267, 562, 780, 788, 277, 564, 792, 565, 520, 566, 567, 806, 568, 300, 569, 303, 307, 570, 310, 521, 571, 826, 572, 322, 573, 840, 331, 522, 351, 523, 376, 524, 586, 390, 587, 921, 922, 525, 926, 512, 595, 526, 527, 474, 605, 485, 486, 487, 488, 489, 490, 491, 492, 493, 494, 495, 496, 497, 498, 499, 500, 501, 502, 503, 504, 505, 506, 507, 508, 509, 510, 511]",True,"[19, 92, 503, 563]","[0, 1, 2, 3, 4, 5, 6, 7, 8, 9, 10, 11, 12, 13, 14, 15, 16, 17, 18, 19, 20, 21, 22, 23, 24, 25, 26, 27, 28, 29, 30, 31, 32, 33, 34, 35, 36, 37, 38, 39, 40, 41, 42, 43, 44, 45, 46, 47, 48, 49, 50, 51, 52, 53, 54, 55, 56, 57, 58, 59, 60, 61, 62, 63, 64, 65, 66, 67, 68, 69, 70, 71, 72, 73, 74, 75, 76, 77, 78, 79, 80, 81, 82, 83, 84, 85, 86, 87, 88, 89, 90, 91, 92, 93, 94, 95, 96, 97, 98, 99, 100, 101, 102, 485, 486, 487, 488, 489, 490, 491, 492, 493, 494, 495, 496, 497, 498, 499, 500, 501, 502, 503, 504, 505, 506, 507, 508, 509, 510, 511, 512, 513, 514, 515, 516, 517, 518, 519, 520, 521, 522, 523, 524, 525, 526, 527, 528, 529, 530, 531, 532, 533, 534, 535, 536, 537, 538, 539, 540, 541, 542, 543, 544, 545, 546, 547, 548, 549, 550, 551, 552, 553, 554, 555, 556, 557, 558, 559, 560, 561, 562, 563, 564, 565, 566, 567, 568, 569, 570, 571, 572, 573]","[19, 92, 503, 563]","[92, 184, 351, 563, 655, 806]","[0, 5, 7, 10, 14, 19, 20, 22, 24, 32, 33, 34, 37, 38, 40, 44, 46, 48, 49, 51, 56, 61, 63, 65, 67, 68, 73, 74, 75, 76, 79, 81, 82, 83, 85, 87, 88, 92, 93, 95, 96, 99, 100, 101, 115, 116, 124, 134, 142, 161, 167, 169, 170, 186, 202, 240, 244, 254, 260, 267, 277, 300, 303, 307, 310, 322, 331, 376, 485, 491, 493, 495, 499, 503, 504, 506, 508, 515, 518, 519, 521, 524, 526, 528, 533, 537, 539, 542, 543, 547, 548, 549, 550, 551, 553, 554, 556, 558, 559, 563, 564, 566, 567, 570, 571, 572, 586, 587, 595, 605, 613, 633, 639, 640, 641, 657, 672, 704, 717, 726, 736, 759, 761, 765, 768, 780, 788, 792, 826]","[26, 92, 390, 474, 486, 509, 563, 840, 921, 922, 926]","[26, 390, 474, 486, 509, 840, 922, 926]",6/6 successful match,True,"[757, 758, 759]",True,547,False,,1.0,True,Sunmart # 640 ( Texaco ),Texaco
Ehrenberg ( 85334 ) Sunmart # 640 ( Texaco ),928-927-6568 I-10 Exit 5 ( Tom Wells Rd ),2 M,Ehrenberg,85334,Sunmart # 640 ( Texaco ),928-927-6568,2016,Ehrenberg,AZ,Texaco,( Tom Wells Rd ),I-10 Exit 5 ,Exit,5,False,,False,I-10,,,,,"[563, 92]","[19, 92, 503, 563]","[19, 92, 503, 563]","[92, 184, 351, 563, 655, 806]","[0, 1, 2, 3, 4, 5, 6, 7, 8, 9, 10, 11, 12, 13, 14, 15, 16, 17, 18, 19, 20, 21, 22, 23, 24, 25, 26, 27, 28, 29, 30, 31, 32, 33, 34, 35, 36, 37, 38, 39, 40, 41, 42, 43, 44, 45, 46, 47, 48, 49, 50, 51, 52, 53, 54, 55, 56, 57, 58, 59, 60, 61, 62, 63, 64, 65, 66, 67, 68, 69, 70, 71, 72, 73, 74, 75, 76, 77, 78, 79, 80, 81, 82, 83, 84, 85, 86, 87, 88, 89, 90, 91, 92, 93, 94, 95, 96, 97, 98, 99, 100, 101, 102, 485, 486, 487, 488, 489, 490, 491, 492, 493, 494, 495, 496, 497, 498, 499, 500, 501, 502, 503, 504, 505, 506, 507, 508, 509, 510, 511, 512, 513, 514, 515, 516, 517, 518, 519, 520, 521, 522, 523, 524, 525, 526, 527, 528, 529, 530, 531, 532, 533, 534, 535, 536, 537, 538, 539, 540, 541, 542, 543, 544, 545, 546, 547, 548, 549, 550, 551, 552, 553, 554, 555, 556, 557, 558, 559, 560, 561, 562, 563, 564, 565, 566, 567, 568, 569, 570, 571, 572, 573]","[0, 5, 7, 10, 14, 19, 20, 22, 24, 32, 33, 34, 37, 38, 40, 44, 46, 48, 49, 51, 56, 61, 63, 65, 67, 68, 73, 74, 75, 76, 79, 81, 82, 83, 85, 87, 88, 92, 93, 95, 96, 99, 100, 101, 115, 116, 124, 134, 142, 161, 167, 169, 170, 186, 202, 240, 244, 254, 260, 267, 277, 300, 303, 307, 310, 322, 331, 376, 485, 491, 493, 495, 499, 503, 504, 506, 508, 515, 518, 519, 521, 524, 526, 528, 533, 537, 539, 542, 543, 547, 548, 549, 550, 551, 553, 554, 556, 558, 559, 563, 564, 566, 567, 570, 571, 572, 586, 587, 595, 605, 613, 633, 639, 640, 641, 657, 672, 704, 717, 726, 736, 759, 761, 765, 768, 780, 788, 792, 826]","[26, 390, 474, 486, 509, 840, 922, 926]","[26, 92, 390, 474, 486, 509, 563, 840, 921, 922, 926]","[0, 1, 2, 3, 4, 5, 6, 7, 8, 9, 10, 11, 12, 13, 14, 15, 16, 17, 18, 19, 20, 21, 22, 23, 24, 25, 26, 27, 28, 29, 30, 31, 32, 33, 34, 35, 36, 37, 38, 39, 40, 41, 42, 43, 44, 45, 46, 47, 48, 49, 50, 563, 51, 52, 53, 54, 55, 56, 57, 58, 59, 60, 61, 62, 63, 64, 65, 66, 67, 68, 69, 70, 71, 72, 73, 74, 75, 76, 77, 78, 79, 80, 81, 82, 83, 84, 85, 86, 87, 88, 89, 90, 92, 91, 93, 94, 95, 96, 97, 98, 99, 100, 101, 102, 528, 529, 613, 530, 513, 531, 115, 116, 532, 633, 533, 124, 534, 639, 640, 641, 535, 134, 514, 536, 537, 655, 142, 657, 538, 539, 540, 672, 515, 541, 161, 542, 167, 169, 170, 543, 544, 545, 184, 516, 186, 546, 704, 547, 548, 202, 549, 717, 550, 517, 551, 726, 552, 553, 736, 554, 555, 518, 556, 240, 557, 244, 759, 558, 761, 559, 254, 765, 768, 560, 260, 519, 561, 267, 562, 780, 788, 277, 564, 792, 565, 520, 566, 567, 806, 568, 300, 569, 303, 307, 570, 310, 521, 571, 826, 572, 322, 573, 840, 331, 522, 351, 523, 376, 524, 586, 390, 587, 921, 922, 525, 926, 512, 595, 526, 527, 474, 605, 485, 486, 487, 488, 489, 490, 491, 492, 493, 494, 495, 496, 497, 498, 499, 500, 501, 502, 503, 504, 505, 506, 507, 508, 509, 510, 511]",True,"[19, 92, 503, 563]","[0, 1, 2, 3, 4, 5, 6, 7, 8, 9, 10, 11, 12, 13, 14, 15, 16, 17, 18, 19, 20, 21, 22, 23, 24, 25, 26, 27, 28, 29, 30, 31, 32, 33, 34, 35, 36, 37, 38, 39, 40, 41, 42, 43, 44, 45, 46, 47, 48, 49, 50, 51, 52, 53, 54, 55, 56, 57, 58, 59, 60, 61, 62, 63, 64, 65, 66, 67, 68, 69, 70, 71, 72, 73, 74, 75, 76, 77, 78, 79, 80, 81, 82, 83, 84, 85, 86, 87, 88, 89, 90, 91, 92, 93, 94, 95, 96, 97, 98, 99, 100, 101, 102, 485, 486, 487, 488, 489, 490, 491, 492, 493, 494, 495, 496, 497, 498, 499, 500, 501, 502, 503, 504, 505, 506, 507, 508, 509, 510, 511, 512, 513, 514, 515, 516, 517, 518, 519, 520, 521, 522, 523, 524, 525, 526, 527, 528, 529, 530, 531, 532, 533, 534, 535, 536, 537, 538, 539, 540, 541, 542, 543, 544, 545, 546, 547, 548, 549, 550, 551, 552, 553, 554, 555, 556, 557, 558, 559, 560, 561, 562, 563, 564, 565, 566, 567, 568, 569, 570, 571, 572, 573]","[19, 92, 503, 563]","[92, 184, 351, 563, 655, 806]","[0, 5, 7, 10, 14, 19, 20, 22, 24, 32, 33, 34, 37, 38, 40, 44, 46, 48, 49, 51, 56, 61, 63, 65, 67, 68, 73, 74, 75, 76, 79, 81, 82, 83, 85, 87, 88, 92, 93, 95, 96, 99, 100, 101, 115, 116, 124, 134, 142, 161, 167, 169, 170, 186, 202, 240, 244, 254, 260, 267, 277, 300, 303, 307, 310, 322, 331, 376, 485, 491, 493, 495, 499, 503, 504, 506, 508, 515, 518, 519, 521, 524, 526, 528, 533, 537, 539, 542, 543, 547, 548, 549, 550, 551, 553, 554, 556, 558, 559, 563, 564, 566, 567, 570, 571, 572, 586, 587, 595, 605, 613, 633, 639, 640, 641, 657, 672, 704, 717, 726, 736, 759, 761, 765, 768, 780, 788, 792, 826]","[26, 92, 390, 474, 486, 509, 563, 840, 921, 922, 926]","[26, 390, 474, 486, 509, 840, 922, 926]",6/6 successful match,True,"[757, 758, 759]",True,547,False,,1.0,True,Sunmart # 640 ( Texaco ),Texaco
"Gila Bend , 85337 Minute Mart # 20 ( Chevron )",928-683-2299 942 E AZ 85,FRS S,Gila Bend,85337,Minute Mart # 20 ( Chevron ),928-683-2299,2006,Gila Bend,AZ,Chevron,,942 E AZ 85,Proper,,False,,False,AZ 85,,,,,[],"[25, 39, 57, 69, 486, 520, 534, 544]","[25, 39, 57, 69, 486, 520, 534, 544]",[],"[0, 1, 2, 3, 4, 5, 6, 7, 8, 9, 10, 11, 12, 13, 14, 15, 16, 17, 18, 19, 20, 21, 22, 23, 24, 25, 26, 27, 28, 29, 30, 31, 32, 33, 34, 35, 36, 37, 38, 39, 40, 41, 42, 43, 44, 45, 46, 47, 48, 49, 50, 51, 52, 53, 54, 55, 56, 57, 58, 59, 60, 61, 62, 63, 64, 65, 66, 67, 68, 69, 70, 71, 72, 73, 74, 75, 76, 77, 78, 79, 80, 81, 82, 83, 84, 85, 86, 87, 88, 89, 90, 91, 92, 93, 94, 95, 96, 97, 98, 99, 100, 101, 102, 485, 486, 487, 488, 489, 490, 491, 492, 493, 494, 495, 496, 497, 498, 499, 500, 501, 502, 503, 504, 505, 506, 507, 508, 509, 510, 511, 512, 513, 514, 515, 516, 517, 518, 519, 520, 521, 522, 523, 524, 525, 526, 527, 528, 529, 530, 531, 532, 533, 534, 535, 536, 537, 538, 539, 540, 541, 542, 543, 544, 545, 546, 547, 548, 549, 550, 551, 552, 553, 554, 555, 556, 557, 558, 559, 560, 561, 562, 563, 564, 565, 566, 567, 568, 569, 570, 571, 572, 573]","[6, 9, 44, 86, 89, 102, 492, 494, 524, 557, 573]","[12, 24, 25, 28, 88, 100, 104, 119, 123, 129, 136, 137, 139, 140, 141, 148, 155, 169, 172, 179, 183, 185, 188, 196, 198, 217, 237, 267, 270, 278, 319, 321, 324, 325, 330, 334, 335, 354, 366, 369, 380, 383, 384, 386, 395, 407, 411, 423, 428, 436, 437, 452, 453, 456, 467, 471, 477, 478, 479, 497, 508, 511, 559, 571, 575, 590, 594, 600, 607, 608, 610, 611, 612, 619, 627, 640, 643, 650, 654, 656, 659, 667, 669, 685, 701, 726, 729, 737, 777, 779, 782, 783, 787, 790, 791, 809, 817, 819, 830, 833, 834, 836, 845, 856, 857, 860, 862, 875, 880, 887, 888, 899, 900, 914, 918, 921, 928, 929, 930]","[12, 24, 25, 28, 54, 55, 56, 57, 58, 88, 100, 104, 119, 123, 129, 136, 137, 139, 140, 141, 148, 155, 169, 172, 179, 183, 185, 188, 196, 198, 217, 237, 267, 270, 278, 319, 321, 324, 325, 330, 334, 335, 354, 366, 369, 380, 383, 384, 386, 395, 407, 411, 423, 428, 436, 437, 452, 453, 456, 467, 471, 477, 478, 479, 497, 508, 511, 530, 531, 532, 533, 534, 559, 571, 575, 590, 594, 600, 607, 608, 610, 611, 612, 619, 627, 640, 643, 650, 654, 656, 659, 667, 669, 685, 701, 726, 729, 737, 777, 779, 782, 783, 787, 790, 791, 809, 817, 819, 830, 833, 834, 836, 845, 856, 857, 860, 862, 875, 880, 887, 888, 899, 900, 914, 918, 921, 928, 929, 930]","[0, 1, 2, 3, 4, 5, 6, 7, 520, 8, 9, 10, 11, 12, 13, 14, 15, 16, 17, 18, 19, 20, 534, 21, 22, 25, 23, 24, 26, 27, 28, 29, 544, 30, 31, 32, 33, 34, 35, 39, 36, 37, 38, 40, 41, 42, 43, 44, 45, 46, 47, 48, 49, 50, 51, 52, 53, 57, 54, 55, 56, 58, 59, 60, 61, 62, 63, 64, 65, 69, 66, 67, 68, 70, 71, 72, 73, 74, 75, 76, 77, 78, 79, 80, 81, 82, 83, 84, 85, 86, 87, 88, 89, 90, 91, 92, 93, 94, 95, 96, 97, 98, 99, 100, 101, 102, 528, 529, 530, 104, 619, 513, 531, 627, 532, 119, 533, 123, 640, 129, 643, 535, 514, 536, 136, 137, 139, 140, 537, 141, 650, 654, 656, 538, 148, 659, 539, 155, 667, 540, 669, 515, 541, 542, 169, 543, 172, 685, 179, 545, 183, 185, 516, 546, 188, 701, 547, 196, 548, 198, 549, 612, 550, 517, 551, 726, 217, 552, 729, 553, 737, 554, 555, 518, 237, 556, 557, 558, 559, 560, 519, 561, 777, 267, 562, 779, 270, 782, 783, 563, 787, 564, 278, 790, 791, 565, 566, 567, 809, 568, 569, 817, 819, 570, 521, 571, 572, 319, 830, 321, 833, 573, 324, 325, 834, 836, 330, 575, 334, 335, 522, 845, 856, 857, 860, 862, 354, 523, 875, 366, 880, 369, 887, 888, 380, 383, 384, 524, 386, 899, 900, 395, 914, 611, 407, 918, 590, 921, 525, 411, 928, 929, 930, 423, 607, 428, 594, 512, 526, 436, 437, 452, 453, 608, 456, 600, 527, 467, 610, 471, 477, 478, 479, 485, 486, 487, 488, 489, 490, 491, 492, 493, 494, 495, 496, 497, 498, 499, 500, 501, 502, 503, 504, 505, 506, 507, 508, 509, 510, 511]",False,"[25, 39, 57, 69, 486, 520, 534, 544]","[0, 1, 2, 3, 4, 5, 6, 7, 8, 9, 10, 11, 12, 13, 14, 15, 16, 17, 18, 19, 20, 21, 22, 23, 24, 25, 26, 27, 28, 29, 30, 31, 32, 33, 34, 35, 36, 37, 38, 39, 40, 41, 42, 43, 44, 45, 46, 47, 48, 49, 50, 51, 52, 53, 54, 55, 56, 57, 58, 59, 60, 61, 62, 63, 64, 65, 66, 67, 68, 69, 70, 71, 72, 73, 74, 75, 76, 77, 78, 79, 80, 81, 82, 83, 84, 85, 86, 87, 88, 89, 90, 91, 92, 93, 94, 95, 96, 97, 98, 99, 100, 101, 102, 485, 486, 487, 488, 489, 490, 491, 492, 493, 494, 495, 496, 497, 498, 499, 500, 501, 502, 503, 504, 505, 506, 507, 508, 509, 510, 511, 512, 513, 514, 515, 516, 517, 518, 519, 520, 521, 522, 523, 524, 525, 526, 527, 528, 529, 530, 531, 532, 533, 534, 535, 536, 537, 538, 539, 540, 541, 542, 543, 544, 545, 546, 547, 548, 549, 550, 551, 552, 553, 554, 555, 556, 557, 558, 559, 560, 561, 562, 563, 564, 565, 566, 567, 568, 569, 570, 571, 572, 573]","[25, 39, 57, 69, 486, 520, 534, 544]",[],"[6, 9, 44, 86, 89, 102, 492, 494, 524, 557, 573]","[12, 24, 25, 28, 54, 55, 56, 57, 58, 88, 100, 104, 119, 123, 129, 136, 137, 139, 140, 141, 148, 155, 169, 172, 179, 183, 185, 188, 196, 198, 217, 237, 267, 270, 278, 319, 321, 324, 325, 330, 334, 335, 354, 366, 369, 380, 383, 384, 386, 395, 407, 411, 423, 428, 436, 437, 452, 453, 456, 467, 471, 477, 478, 479, 497, 508, 511, 530, 531, 532, 533, 534, 559, 571, 575, 590, 594, 600, 607, 608, 610, 611, 612, 619, 627, 640, 643, 650, 654, 656, 659, 667, 669, 685, 701, 726, 729, 737, 777, 779, 782, 783, 787, 790, 791, 809, 817, 819, 830, 833, 834, 836, 845, 856, 857, 860, 862, 875, 880, 887, 888, 899, 900, 914, 918, 921, 928, 929, 930]","[12, 24, 25, 28, 88, 100, 104, 119, 123, 129, 136, 137, 139, 140, 141, 148, 155, 169, 172, 179, 183, 185, 188, 196, 198, 217, 237, 267, 270, 278, 319, 321, 324, 325, 330, 334, 335, 354, 366, 369, 380, 383, 384, 386, 395, 407, 411, 423, 428, 436, 437, 452, 453, 456, 467, 471, 477, 478, 479, 497, 508, 511, 559, 571, 575, 590, 594, 600, 607, 608, 610, 611, 612, 619, 627, 640, 643, 650, 654, 656, 659, 667, 669, 685, 701, 726, 729, 737, 777, 779, 782, 783, 787, 790, 791, 809, 817, 819, 830, 833, 834, 836, 845, 856, 857, 860, 862, 875, 880, 887, 888, 899, 900, 914, 918, 921, 928, 929, 930]",4/6 successful match,False,,False,548,False,,,,,
"Gila Bend , 85337 Minute Mart # 20 ( Chevron )",928-683-2992 942 E AZ 85,48 MOD,Gila Bend,85337,Minute Mart # 20 ( Chevron ),928-683-2992,2007,Gila Bend,AZ,Chevron,,942 E AZ 85,Proper,,False,,False,AZ 85,,,,,"[57, 534]","[25, 39, 57, 69, 486, 520, 534, 544]","[25, 39, 57, 69, 486, 520, 534, 544]",[],"[0, 1, 2, 3, 4, 5, 6, 7, 8, 9, 10, 11, 12, 13, 14, 15, 16, 17, 18, 19, 20, 21, 22, 23, 24, 25, 26, 27, 28, 29, 30, 31, 32, 33, 34, 35, 36, 37, 38, 39, 40, 41, 42, 43, 44, 45, 46, 47, 48, 49, 50, 51, 52, 53, 54, 55, 56, 57, 58, 59, 60, 61, 62, 63, 64, 65, 66, 67, 68, 69, 70, 71, 72, 73, 74, 75, 76, 77, 78, 79, 80, 81, 82, 83, 84, 85, 86, 87, 88, 89, 90, 91, 92, 93, 94, 95, 96, 97, 98, 99, 100, 101, 102, 485, 486, 487, 488, 489, 490, 491, 492, 493, 494, 495, 496, 497, 498, 499, 500, 501, 502, 503, 504, 505, 506, 507, 508, 509, 510, 511, 512, 513, 514, 515, 516, 517, 518, 519, 520, 521, 522, 523, 524, 525, 526, 527, 528, 529, 530, 531, 532, 533, 534, 535, 536, 537, 538, 539, 540, 541, 542, 543, 544, 545, 546, 547, 548, 549, 550, 551, 552, 553, 554, 555, 556, 557, 558, 559, 560, 561, 562, 563, 564, 565, 566, 567, 568, 569, 570, 571, 572, 573]","[6, 9, 44, 86, 89, 102, 492, 494, 524, 557, 573]","[12, 24, 25, 28, 88, 100, 104, 119, 123, 129, 136, 137, 139, 140, 141, 148, 155, 169, 172, 179, 183, 185, 188, 196, 198, 217, 237, 267, 270, 278, 319, 321, 324, 325, 330, 334, 335, 354, 366, 369, 380, 383, 384, 386, 395, 407, 411, 423, 428, 436, 437, 452, 453, 456, 467, 471, 477, 478, 479, 497, 508, 511, 559, 571, 575, 590, 594, 600, 607, 608, 610, 611, 612, 619, 627, 640, 643, 650, 654, 656, 659, 667, 669, 685, 701, 726, 729, 737, 777, 779, 782, 783, 787, 790, 791, 809, 817, 819, 830, 833, 834, 836, 845, 856, 857, 860, 862, 875, 880, 887, 888, 899, 900, 914, 918, 921, 928, 929, 930]","[12, 24, 25, 28, 54, 55, 56, 57, 58, 88, 100, 104, 119, 123, 129, 136, 137, 139, 140, 141, 148, 155, 169, 172, 179, 183, 185, 188, 196, 198, 217, 237, 267, 270, 278, 319, 321, 324, 325, 330, 334, 335, 354, 366, 369, 380, 383, 384, 386, 395, 407, 411, 423, 428, 436, 437, 452, 453, 456, 467, 471, 477, 478, 479, 497, 508, 511, 530, 531, 532, 533, 534, 559, 571, 575, 590, 594, 600, 607, 608, 610, 611, 612, 619, 627, 640, 643, 650, 654, 656, 659, 667, 669, 685, 701, 726, 729, 737, 777, 779, 782, 783, 787, 790, 791, 809, 817, 819, 830, 833, 834, 836, 845, 856, 857, 860, 862, 875, 880, 887, 888, 899, 900, 914, 918, 921, 928, 929, 930]","[0, 1, 2, 3, 4, 5, 6, 7, 520, 8, 9, 10, 11, 12, 13, 14, 15, 16, 17, 18, 19, 20, 534, 21, 22, 25, 23, 24, 26, 27, 28, 29, 544, 30, 31, 32, 33, 34, 35, 39, 36, 37, 38, 40, 41, 42, 43, 44, 45, 46, 47, 48, 49, 50, 51, 52, 53, 57, 54, 55, 56, 58, 59, 60, 61, 62, 63, 64, 65, 69, 66, 67, 68, 70, 71, 72, 73, 74, 75, 76, 77, 78, 79, 80, 81, 82, 83, 84, 85, 86, 87, 88, 89, 90, 91, 92, 93, 94, 95, 96, 97, 98, 99, 100, 101, 102, 528, 529, 530, 104, 619, 513, 531, 627, 532, 119, 533, 123, 640, 129, 643, 535, 514, 536, 136, 137, 139, 140, 537, 141, 650, 654, 656, 538, 148, 659, 539, 155, 667, 540, 669, 515, 541, 542, 169, 543, 172, 685, 179, 545, 183, 185, 516, 546, 188, 701, 547, 196, 548, 198, 549, 612, 550, 517, 551, 726, 217, 552, 729, 553, 737, 554, 555, 518, 237, 556, 557, 558, 559, 560, 519, 561, 777, 267, 562, 779, 270, 782, 783, 563, 787, 564, 278, 790, 791, 565, 566, 567, 809, 568, 569, 817, 819, 570, 521, 571, 572, 319, 830, 321, 833, 573, 324, 325, 834, 836, 330, 575, 334, 335, 522, 845, 856, 857, 860, 862, 354, 523, 875, 366, 880, 369, 887, 888, 380, 383, 384, 524, 386, 899, 900, 395, 914, 611, 407, 918, 590, 921, 525, 411, 928, 929, 930, 423, 607, 428, 594, 512, 526, 436, 437, 452, 453, 608, 456, 600, 527, 467, 610, 471, 477, 478, 479, 485, 486, 487, 488, 489, 490, 491, 492, 493, 494, 495, 496, 497, 498, 499, 500, 501, 502, 503, 504, 505, 506, 507, 508, 509, 510, 511]",True,"[25, 39, 57, 69, 486, 520, 534, 544]","[0, 1, 2, 3, 4, 5, 6, 7, 8, 9, 10, 11, 12, 13, 14, 15, 16, 17, 18, 19, 20, 21, 22, 23, 24, 25, 26, 27, 28, 29, 30, 31, 32, 33, 34, 35, 36, 37, 38, 39, 40, 41, 42, 43, 44, 45, 46, 47, 48, 49, 50, 51, 52, 53, 54, 55, 56, 57, 58, 59, 60, 61, 62, 63, 64, 65, 66, 67, 68, 69, 70, 71, 72, 73, 74, 75, 76, 77, 78, 79, 80, 81, 82, 83, 84, 85, 86, 87, 88, 89, 90, 91, 92, 93, 94, 95, 96, 97, 98, 99, 100, 101, 102, 485, 486, 487, 488, 489, 490, 491, 492, 493, 494, 495, 496, 497, 498, 499, 500, 501, 502, 503, 504, 505, 506, 507, 508, 509, 510, 511, 512, 513, 514, 515, 516, 517, 518, 519, 520, 521, 522, 523, 524, 525, 526, 527, 528, 529, 530, 531, 532, 533, 534, 535, 536, 537, 538, 539, 540, 541, 542, 543, 544, 545, 546, 547, 548, 549, 550, 551, 552, 553, 554, 555, 556, 557, 558, 559, 560, 561, 562, 563, 564, 565, 566, 567, 568, 569, 570, 571, 572, 573]","[25, 39, 57, 69, 486, 520, 534, 544]",[],"[6, 9, 44, 86, 89, 102, 492, 494, 524, 557, 573]","[12, 24, 25, 28, 54, 55, 56, 57, 58, 88, 100, 104, 119, 123, 129, 136, 137, 139, 140, 141, 148, 155, 169, 172, 179, 183, 185, 188, 196, 198, 217, 237, 267, 270, 278, 319, 321, 324, 325, 330, 334, 335, 354, 366, 369, 380, 383, 384, 386, 395, 407, 411, 423, 428, 436, 437, 452, 453, 456, 467, 471, 477, 478, 479, 497, 508, 511, 530, 531, 532, 533, 534, 559, 571, 575, 590, 594, 600, 607, 608, 610, 611, 612, 619, 627, 640, 643, 650, 654, 656, 659, 667, 669, 685, 701, 726, 729, 737, 777, 779, 782, 783, 787, 790, 791, 809, 817, 819, 830, 833, 834, 836, 845, 856, 857, 860, 862, 875, 880, 887, 888, 899, 900, 914, 918, 921, 928, 929, 930]","[12, 24, 25, 28, 88, 100, 104, 119, 123, 129, 136, 137, 139, 140, 141, 148, 155, 169, 172, 179, 183, 185, 188, 196, 198, 217, 237, 267, 270, 278, 319, 321, 324, 325, 330, 334, 335, 354, 366, 369, 380, 383, 384, 386, 395, 407, 411, 423, 428, 436, 437, 452, 453, 456, 467, 471, 477, 478, 479, 497, 508, 511, 559, 571, 575, 590, 594, 600, 607, 608, 610, 611, 612, 619, 627, 640, 643, 650, 654, 656, 659, 667, 669, 685, 701, 726, 729, 737, 777, 779, 782, 783, 787, 790, 791, 809, 817, 819, 830, 833, 834, 836, 845, 856, 857, 860, 862, 875, 880, 887, 888, 899, 900, 914, 918, 921, 928, 929, 930]",4/6 successful match,True,,False,548,False,,1.0,True,Minute Mart # 20 ( Chevron ),Chevron
"G Gila Bend , 85337 Minute Mart # 20 ( Chevron )",928-683-2992 942 E AZ 85,24 HRS S,Gila Bend,85337,Minute Mart # 20 ( Chevron ),928-683-2992,2008,Gila Bend,AZ,Chevron,,942 E AZ 85,Proper,,False,,False,AZ 85,,,,,"[57, 534]","[25, 39, 57, 69, 486, 520, 534, 544]","[25, 39, 57, 69, 486, 520, 534, 544]",[],"[0, 1, 2, 3, 4, 5, 6, 7, 8, 9, 10, 11, 12, 13, 14, 15, 16, 17, 18, 19, 20, 21, 22, 23, 24, 25, 26, 27, 28, 29, 30, 31, 32, 33, 34, 35, 36, 37, 38, 39, 40, 41, 42, 43, 44, 45, 46, 47, 48, 49, 50, 51, 52, 53, 54, 55, 56, 57, 58, 59, 60, 61, 62, 63, 64, 65, 66, 67, 68, 69, 70, 71, 72, 73, 74, 75, 76, 77, 78, 79, 80, 81, 82, 83, 84, 85, 86, 87, 88, 89, 90, 91, 92, 93, 94, 95, 96, 97, 98, 99, 100, 101, 102, 485, 486, 487, 488, 489, 490, 491, 492, 493, 494, 495, 496, 497, 498, 499, 500, 501, 502, 503, 504, 505, 506, 507, 508, 509, 510, 511, 512, 513, 514, 515, 516, 517, 518, 519, 520, 521, 522, 523, 524, 525, 526, 527, 528, 529, 530, 531, 532, 533, 534, 535, 536, 537, 538, 539, 540, 541, 542, 543, 544, 545, 546, 547, 548, 549, 550, 551, 552, 553, 554, 555, 556, 557, 558, 559, 560, 561, 562, 563, 564, 565, 566, 567, 568, 569, 570, 571, 572, 573]","[6, 9, 44, 86, 89, 102, 492, 494, 524, 557, 573]","[12, 24, 25, 28, 88, 100, 104, 119, 123, 129, 136, 137, 139, 140, 141, 148, 155, 169, 172, 179, 183, 185, 188, 196, 198, 217, 237, 267, 270, 278, 319, 321, 324, 325, 330, 334, 335, 354, 366, 369, 380, 383, 384, 386, 395, 407, 411, 423, 428, 436, 437, 452, 453, 456, 467, 471, 477, 478, 479, 497, 508, 511, 559, 571, 575, 590, 594, 600, 607, 608, 610, 611, 612, 619, 627, 640, 643, 650, 654, 656, 659, 667, 669, 685, 701, 726, 729, 737, 777, 779, 782, 783, 787, 790, 791, 809, 817, 819, 830, 833, 834, 836, 845, 856, 857, 860, 862, 875, 880, 887, 888, 899, 900, 914, 918, 921, 928, 929, 930]","[12, 24, 25, 28, 54, 55, 56, 57, 58, 88, 100, 104, 119, 123, 129, 136, 137, 139, 140, 141, 148, 155, 169, 172, 179, 183, 185, 188, 196, 198, 217, 237, 267, 270, 278, 319, 321, 324, 325, 330, 334, 335, 354, 366, 369, 380, 383, 384, 386, 395, 407, 411, 423, 428, 436, 437, 452, 453, 456, 467, 471, 477, 478, 479, 497, 508, 511, 530, 531, 532, 533, 534, 559, 571, 575, 590, 594, 600, 607, 608, 610, 611, 612, 619, 627, 640, 643, 650, 654, 656, 659, 667, 669, 685, 701, 726, 729, 737, 777, 779, 782, 783, 787, 790, 791, 809, 817, 819, 830, 833, 834, 836, 845, 856, 857, 860, 862, 875, 880, 887, 888, 899, 900, 914, 918, 921, 928, 929, 930]","[0, 1, 2, 3, 4, 5, 6, 7, 520, 8, 9, 10, 11, 12, 13, 14, 15, 16, 17, 18, 19, 20, 534, 21, 22, 25, 23, 24, 26, 27, 28, 29, 544, 30, 31, 32, 33, 34, 35, 39, 36, 37, 38, 40, 41, 42, 43, 44, 45, 46, 47, 48, 49, 50, 51, 52, 53, 57, 54, 55, 56, 58, 59, 60, 61, 62, 63, 64, 65, 69, 66, 67, 68, 70, 71, 72, 73, 74, 75, 76, 77, 78, 79, 80, 81, 82, 83, 84, 85, 86, 87, 88, 89, 90, 91, 92, 93, 94, 95, 96, 97, 98, 99, 100, 101, 102, 528, 529, 530, 104, 619, 513, 531, 627, 532, 119, 533, 123, 640, 129, 643, 535, 514, 536, 136, 137, 139, 140, 537, 141, 650, 654, 656, 538, 148, 659, 539, 155, 667, 540, 669, 515, 541, 542, 169, 543, 172, 685, 179, 545, 183, 185, 516, 546, 188, 701, 547, 196, 548, 198, 549, 612, 550, 517, 551, 726, 217, 552, 729, 553, 737, 554, 555, 518, 237, 556, 557, 558, 559, 560, 519, 561, 777, 267, 562, 779, 270, 782, 783, 563, 787, 564, 278, 790, 791, 565, 566, 567, 809, 568, 569, 817, 819, 570, 521, 571, 572, 319, 830, 321, 833, 573, 324, 325, 834, 836, 330, 575, 334, 335, 522, 845, 856, 857, 860, 862, 354, 523, 875, 366, 880, 369, 887, 888, 380, 383, 384, 524, 386, 899, 900, 395, 914, 611, 407, 918, 590, 921, 525, 411, 928, 929, 930, 423, 607, 428, 594, 512, 526, 436, 437, 452, 453, 608, 456, 600, 527, 467, 610, 471, 477, 478, 479, 485, 486, 487, 488, 489, 490, 491, 492, 493, 494, 495, 496, 497, 498, 499, 500, 501, 502, 503, 504, 505, 506, 507, 508, 509, 510, 511]",True,"[25, 39, 57, 69, 486, 520, 534, 544]","[0, 1, 2, 3, 4, 5, 6, 7, 8, 9, 10, 11, 12, 13, 14, 15, 16, 17, 18, 19, 20, 21, 22, 23, 24, 25, 26, 27, 28, 29, 30, 31, 32, 33, 34, 35, 36, 37, 38, 39, 40, 41, 42, 43, 44, 45, 46, 47, 48, 49, 50, 51, 52, 53, 54, 55, 56, 57, 58, 59, 60, 61, 62, 63, 64, 65, 66, 67, 68, 69, 70, 71, 72, 73, 74, 75, 76, 77, 78, 79, 80, 81, 82, 83, 84, 85, 86, 87, 88, 89, 90, 91, 92, 93, 94, 95, 96, 97, 98, 99, 100, 101, 102, 485, 486, 487, 488, 489, 490, 491, 492, 493, 494, 495, 496, 497, 498, 499, 500, 501, 502, 503, 504, 505, 506, 507, 508, 509, 510, 511, 512, 513, 514, 515, 516, 517, 518, 519, 520, 521, 522, 523, 524, 525, 526, 527, 528, 529, 530, 531, 532, 533, 534, 535, 536, 537, 538, 539, 540, 541, 542, 543, 544, 545, 546, 547, 548, 549, 550, 551, 552, 553, 554, 555, 556, 557, 558, 559, 560, 561, 562, 563, 564, 565, 566, 567, 568, 569, 570, 571, 572, 573]","[25, 39, 57, 69, 486, 520, 534, 544]",[],"[6, 9, 44, 86, 89, 102, 492, 494, 524, 557, 573]","[12, 24, 25, 28, 54, 55, 56, 57, 58, 88, 100, 104, 119, 123, 129, 136, 137, 139, 140, 141, 148, 155, 169, 172, 179, 183, 185, 188, 196, 198, 217, 237, 267, 270, 278, 319, 321, 324, 325, 330, 334, 335, 354, 366, 369, 380, 383, 384, 386, 395, 407, 411, 423, 428, 436, 437, 452, 453, 456, 467, 471, 477, 478, 479, 497, 508, 511, 530, 531, 532, 533, 534, 559, 571, 575, 590, 594, 600, 607, 608, 610, 611, 612, 619, 627, 640, 643, 650, 654, 656, 659, 667, 669, 685, 701, 726, 729, 737, 777, 779, 782, 783, 787, 790, 791, 809, 817, 819, 830, 833, 834, 836, 845, 856, 857, 860, 862, 875, 880, 887, 888, 899, 900, 914, 918, 921, 928, 929, 930]","[12, 24, 25, 28, 88, 100, 104, 119, 123, 129, 136, 137, 139, 140, 141, 148, 155, 169, 172, 179, 183, 185, 188, 196, 198, 217, 237, 267, 270, 278, 319, 321, 324, 325, 330, 334, 335, 354, 366, 369, 380, 383, 384, 386, 395, 407, 411, 423, 428, 436, 437, 452, 453, 456, 467, 471, 477, 478, 479, 497, 508, 511, 559, 571, 575, 590, 594, 600, 607, 608, 610, 611, 612, 619, 627, 640, 643, 650, 654, 656, 659, 667, 669, 685, 701, 726, 729, 737, 777, 779, 782, 783, 787, 790, 791, 809, 817, 819, 830, 833, 834, 836, 845, 856, 857, 860, 862, 875, 880, 887, 888, 899, 900, 914, 918, 921, 928, 929, 930]",4/6 successful match,True,,False,548,False,,1.0,True,Minute Mart # 20 ( Chevron ),Chevron
G Gila Bend ( 85337 ) Minute Mart # 20 ( Shell ),3 928-683-2992 I-8 Exit 115 ( AZ 85 N ),124 24 MO,Gila Bend,85337,Minute Mart # 20 ( Shell ),928-683-2992,2014,Gila Bend,AZ,Shell,( AZ 85 N ),I-8 Exit 115 ,Exit,115,False,,False,I-8,,,,,"[57, 534]","[25, 39, 57, 69, 486, 520, 534, 544]","[25, 39, 57, 69, 486, 520, 534, 544]","[25, 39, 230, 284, 299, 449, 486, 520, 694, 743, 758, 897]","[0, 1, 2, 3, 4, 5, 6, 7, 8, 9, 10, 11, 12, 13, 14, 15, 16, 17, 18, 19, 20, 21, 22, 23, 24, 25, 26, 27, 28, 29, 30, 31, 32, 33, 34, 35, 36, 37, 38, 39, 40, 41, 42, 43, 44, 45, 46, 47, 48, 49, 50, 51, 52, 53, 54, 55, 56, 57, 58, 59, 60, 61, 62, 63, 64, 65, 66, 67, 68, 69, 70, 71, 72, 73, 74, 75, 76, 77, 78, 79, 80, 81, 82, 83, 84, 85, 86, 87, 88, 89, 90, 91, 92, 93, 94, 95, 96, 97, 98, 99, 100, 101, 102, 485, 486, 487, 488, 489, 490, 491, 492, 493, 494, 495, 496, 497, 498, 499, 500, 501, 502, 503, 504, 505, 506, 507, 508, 509, 510, 511, 512, 513, 514, 515, 516, 517, 518, 519, 520, 521, 522, 523, 524, 525, 526, 527, 528, 529, 530, 531, 532, 533, 534, 535, 536, 537, 538, 539, 540, 541, 542, 543, 544, 545, 546, 547, 548, 549, 550, 551, 552, 553, 554, 555, 556, 557, 558, 559, 560, 561, 562, 563, 564, 565, 566, 567, 568, 569, 570, 571, 572, 573]","[17, 25, 39, 41, 50, 55, 57, 59, 69, 78, 119, 174, 188, 189, 220, 250, 299, 486, 502, 520, 522, 532, 534, 535, 544, 590, 645, 659, 660, 713, 758]","[1, 13, 14, 29, 54, 55, 56, 57, 58, 60, 102, 118, 125, 127, 130, 134, 146, 149, 153, 175, 182, 187, 189, 191, 197, 225, 230, 238, 264, 265, 266, 286, 302, 317, 336, 379, 388, 389, 425, 454, 458, 463, 475, 487, 498, 499, 512, 530, 531, 532, 533, 534, 536, 573, 589, 596, 598, 601, 605, 617, 620, 624, 646, 653, 658, 660, 662, 668, 689, 694, 702, 724, 725, 745, 760, 775, 793, 829, 838, 839, 877, 901, 903, 905, 910, 923]","[1, 13, 14, 29, 54, 55, 56, 57, 58, 60, 102, 118, 125, 127, 130, 134, 146, 149, 153, 175, 182, 187, 189, 191, 197, 225, 230, 238, 264, 265, 266, 286, 302, 317, 336, 354, 379, 388, 389, 425, 454, 458, 463, 475, 487, 498, 499, 512, 530, 531, 532, 533, 534, 536, 573, 589, 596, 598, 601, 605, 617, 620, 624, 646, 653, 658, 660, 662, 668, 689, 694, 702, 724, 725, 745, 760, 775, 793, 809, 829, 838, 839, 877, 901, 903, 905, 910, 923]","[0, 1, 2, 3, 4, 5, 6, 7, 520, 8, 9, 10, 11, 12, 13, 14, 15, 16, 17, 18, 19, 20, 534, 21, 22, 25, 23, 24, 26, 27, 28, 29, 544, 30, 31, 32, 33, 34, 35, 39, 36, 37, 38, 40, 41, 42, 43, 44, 45, 46, 47, 48, 49, 50, 51, 52, 53, 57, 54, 55, 56, 58, 59, 60, 61, 62, 63, 64, 65, 69, 66, 67, 68, 70, 71, 72, 73, 74, 75, 76, 77, 78, 79, 80, 81, 82, 83, 84, 85, 86, 87, 88, 89, 90, 91, 92, 93, 94, 95, 96, 97, 98, 99, 100, 101, 102, 528, 529, 530, 617, 620, 513, 531, 624, 532, 118, 119, 533, 125, 127, 130, 535, 645, 134, 646, 514, 536, 653, 537, 146, 538, 659, 660, 149, 658, 539, 153, 662, 668, 540, 515, 541, 542, 543, 174, 175, 689, 694, 545, 182, 516, 187, 546, 188, 189, 191, 702, 547, 197, 548, 713, 549, 550, 517, 724, 551, 725, 552, 220, 553, 225, 554, 230, 743, 555, 745, 518, 556, 238, 557, 758, 558, 760, 250, 559, 560, 519, 561, 264, 265, 266, 775, 562, 563, 564, 793, 565, 284, 286, 566, 567, 809, 568, 299, 302, 569, 570, 521, 571, 317, 572, 829, 573, 838, 839, 522, 336, 354, 523, 877, 379, 897, 524, 388, 389, 901, 903, 905, 910, 589, 590, 525, 923, 425, 512, 526, 596, 449, 598, 454, 458, 527, 463, 601, 475, 605, 485, 486, 487, 488, 489, 490, 491, 492, 493, 494, 495, 496, 497, 498, 499, 500, 501, 502, 503, 504, 505, 506, 507, 508, 509, 510, 511]",True,"[25, 39, 57, 69, 486, 520, 534, 544]","[0, 1, 2, 3, 4, 5, 6, 7, 8, 9, 10, 11, 12, 13, 14, 15, 16, 17, 18, 19, 20, 21, 22, 23, 24, 25, 26, 27, 28, 29, 30, 31, 32, 33, 34, 35, 36, 37, 38, 39, 40, 41, 42, 43, 44, 45, 46, 47, 48, 49, 50, 51, 52, 53, 54, 55, 56, 57, 58, 59, 60, 61, 62, 63, 64, 65, 66, 67, 68, 69, 70, 71, 72, 73, 74, 75, 76, 77, 78, 79, 80, 81, 82, 83, 84, 85, 86, 87, 88, 89, 90, 91, 92, 93, 94, 95, 96, 97, 98, 99, 100, 101, 102, 485, 486, 487, 488, 489, 490, 491, 492, 493, 494, 495, 496, 497, 498, 499, 500, 501, 502, 503, 504, 505, 506, 507, 508, 509, 510, 511, 512, 513, 514, 515, 516, 517, 518, 519, 520, 521, 522, 523, 524, 525, 526, 527, 528, 529, 530, 531, 532, 533, 534, 535, 536, 537, 538, 539, 540, 541, 542, 543, 544, 545, 546, 547, 548, 549, 550, 551, 552, 553, 554, 555, 556, 557, 558, 559, 560, 561, 562, 563, 564, 565, 566, 567, 568, 569, 570, 571, 572, 573]","[25, 39, 57, 69, 486, 520, 534, 544]","[25, 39, 230, 284, 299, 449, 486, 520, 694, 743, 758, 897]","[17, 25, 39, 41, 50, 55, 57, 59, 69, 78, 119, 174, 188, 189, 220, 250, 299, 486, 502, 520, 522, 532, 534, 535, 544, 590, 645, 659, 660, 713, 758]","[1, 13, 14, 29, 54, 55, 56, 57, 58, 60, 102, 118, 125, 127, 130, 134, 146, 149, 153, 175, 182, 187, 189, 191, 197, 225, 230, 238, 264, 265, 266, 286, 302, 317, 336, 354, 379, 388, 389, 425, 454, 458, 463, 475, 487, 498, 499, 512, 530, 531, 532, 533, 534, 536, 573, 589, 596, 598, 601, 605, 617, 620, 624, 646, 653, 658, 660, 662, 668, 689, 694, 702, 724, 725, 745, 760, 775, 793, 809, 829, 838, 839, 877, 901, 903, 905, 910, 923]","[1, 13, 14, 29, 54, 55, 56, 57, 58, 60, 102, 118, 125, 127, 130, 134, 146, 149, 153, 175, 182, 187, 189, 191, 197, 225, 230, 238, 264, 265, 266, 286, 302, 317, 336, 379, 388, 389, 425, 454, 458, 463, 475, 487, 498, 499, 512, 530, 531, 532, 533, 534, 536, 573, 589, 596, 598, 601, 605, 617, 620, 624, 646, 653, 658, 660, 662, 668, 689, 694, 702, 724, 725, 745, 760, 775, 793, 829, 838, 839, 877, 901, 903, 905, 910, 923]",7/6 successful match,True,,False,548,False,,1.0,False,Minute Mart # 20 ( Chevron ),Chevron
Gila Bend ( 85337 ) Minute Mart # 20 ( Shell ),928-683-2992 I-8 Exit 115 ( AZ 85 N ),24 MO O,Gila Bend,85337,Minute Mart # 20 ( Shell ),928-683-2992,2015,Gila Bend,AZ,Shell,( AZ 85 N ),I-8 Exit 115 ,Exit,115,False,,False,I-8,,,,,"[57, 534]","[25, 39, 57, 69, 486, 520, 534, 544]","[25, 39, 57, 69, 486, 520, 534, 544]","[25, 39, 230, 284, 299, 449, 486, 520, 694, 743, 758, 897]","[0, 1, 2, 3, 4, 5, 6, 7, 8, 9, 10, 11, 12, 13, 14, 15, 16, 17, 18, 19, 20, 21, 22, 23, 24, 25, 26, 27, 28, 29, 30, 31, 32, 33, 34, 35, 36, 37, 38, 39, 40, 41, 42, 43, 44, 45, 46, 47, 48, 49, 50, 51, 52, 53, 54, 55, 56, 57, 58, 59, 60, 61, 62, 63, 64, 65, 66, 67, 68, 69, 70, 71, 72, 73, 74, 75, 76, 77, 78, 79, 80, 81, 82, 83, 84, 85, 86, 87, 88, 89, 90, 91, 92, 93, 94, 95, 96, 97, 98, 99, 100, 101, 102, 485, 486, 487, 488, 489, 490, 491, 492, 493, 494, 495, 496, 497, 498, 499, 500, 501, 502, 503, 504, 505, 506, 507, 508, 509, 510, 511, 512, 513, 514, 515, 516, 517, 518, 519, 520, 521, 522, 523, 524, 525, 526, 527, 528, 529, 530, 531, 532, 533, 534, 535, 536, 537, 538, 539, 540, 541, 542, 543, 544, 545, 546, 547, 548, 549, 550, 551, 552, 553, 554, 555, 556, 557, 558, 559, 560, 561, 562, 563, 564, 565, 566, 567, 568, 569, 570, 571, 572, 573]","[17, 25, 39, 41, 50, 55, 57, 59, 69, 78, 119, 174, 188, 189, 220, 250, 299, 486, 502, 520, 522, 532, 534, 535, 544, 590, 645, 659, 660, 713, 758]","[1, 13, 14, 29, 54, 55, 56, 57, 58, 60, 102, 118, 125, 127, 130, 134, 146, 149, 153, 175, 182, 187, 189, 191, 197, 225, 230, 238, 264, 265, 266, 286, 302, 317, 336, 379, 388, 389, 425, 454, 458, 463, 475, 487, 498, 499, 512, 530, 531, 532, 533, 534, 536, 573, 589, 596, 598, 601, 605, 617, 620, 624, 646, 653, 658, 660, 662, 668, 689, 694, 702, 724, 725, 745, 760, 775, 793, 829, 838, 839, 877, 901, 903, 905, 910, 923]","[1, 13, 14, 29, 54, 55, 56, 57, 58, 60, 102, 118, 125, 127, 130, 134, 146, 149, 153, 175, 182, 187, 189, 191, 197, 225, 230, 238, 264, 265, 266, 286, 302, 317, 336, 354, 379, 388, 389, 425, 454, 458, 463, 475, 487, 498, 499, 512, 530, 531, 532, 533, 534, 536, 573, 589, 596, 598, 601, 605, 617, 620, 624, 646, 653, 658, 660, 662, 668, 689, 694, 702, 724, 725, 745, 760, 775, 793, 809, 829, 838, 839, 877, 901, 903, 905, 910, 923]","[0, 1, 2, 3, 4, 5, 6, 7, 520, 8, 9, 10, 11, 12, 13, 14, 15, 16, 17, 18, 19, 20, 534, 21, 22, 25, 23, 24, 26, 27, 28, 29, 544, 30, 31, 32, 33, 34, 35, 39, 36, 37, 38, 40, 41, 42, 43, 44, 45, 46, 47, 48, 49, 50, 51, 52, 53, 57, 54, 55, 56, 58, 59, 60, 61, 62, 63, 64, 65, 69, 66, 67, 68, 70, 71, 72, 73, 74, 75, 76, 77, 78, 79, 80, 81, 82, 83, 84, 85, 86, 87, 88, 89, 90, 91, 92, 93, 94, 95, 96, 97, 98, 99, 100, 101, 102, 528, 529, 530, 617, 620, 513, 531, 624, 532, 118, 119, 533, 125, 127, 130, 535, 645, 134, 646, 514, 536, 653, 537, 146, 538, 659, 660, 149, 658, 539, 153, 662, 668, 540, 515, 541, 542, 543, 174, 175, 689, 694, 545, 182, 516, 187, 546, 188, 189, 191, 702, 547, 197, 548, 713, 549, 550, 517, 724, 551, 725, 552, 220, 553, 225, 554, 230, 743, 555, 745, 518, 556, 238, 557, 758, 558, 760, 250, 559, 560, 519, 561, 264, 265, 266, 775, 562, 563, 564, 793, 565, 284, 286, 566, 567, 809, 568, 299, 302, 569, 570, 521, 571, 317, 572, 829, 573, 838, 839, 522, 336, 354, 523, 877, 379, 897, 524, 388, 389, 901, 903, 905, 910, 589, 590, 525, 923, 425, 512, 526, 596, 449, 598, 454, 458, 527, 463, 601, 475, 605, 485, 486, 487, 488, 489, 490, 491, 492, 493, 494, 495, 496, 497, 498, 499, 500, 501, 502, 503, 504, 505, 506, 507, 508, 509, 510, 511]",True,"[25, 39, 57, 69, 486, 520, 534, 544]","[0, 1, 2, 3, 4, 5, 6, 7, 8, 9, 10, 11, 12, 13, 14, 15, 16, 17, 18, 19, 20, 21, 22, 23, 24, 25, 26, 27, 28, 29, 30, 31, 32, 33, 34, 35, 36, 37, 38, 39, 40, 41, 42, 43, 44, 45, 46, 47, 48, 49, 50, 51, 52, 53, 54, 55, 56, 57, 58, 59, 60, 61, 62, 63, 64, 65, 66, 67, 68, 69, 70, 71, 72, 73, 74, 75, 76, 77, 78, 79, 80, 81, 82, 83, 84, 85, 86, 87, 88, 89, 90, 91, 92, 93, 94, 95, 96, 97, 98, 99, 100, 101, 102, 485, 486, 487, 488, 489, 490, 491, 492, 493, 494, 495, 496, 497, 498, 499, 500, 501, 502, 503, 504, 505, 506, 507, 508, 509, 510, 511, 512, 513, 514, 515, 516, 517, 518, 519, 520, 521, 522, 523, 524, 525, 526, 527, 528, 529, 530, 531, 532, 533, 534, 535, 536, 537, 538, 539, 540, 541, 542, 543, 544, 545, 546, 547, 548, 549, 550, 551, 552, 553, 554, 555, 556, 557, 558, 559, 560, 561, 562, 563, 564, 565, 566, 567, 568, 569, 570, 571, 572, 573]","[25, 39, 57, 69, 486, 520, 534, 544]","[25, 39, 230, 284, 299, 449, 486, 520, 694, 743, 758, 897]","[17, 25, 39, 41, 50, 55, 57, 59, 69, 78, 119, 174, 188, 189, 220, 250, 299, 486, 502, 520, 522, 532, 534, 535, 544, 590, 645, 659, 660, 713, 758]","[1, 13, 14, 29, 54, 55, 56, 57, 58, 60, 102, 118, 125, 127, 130, 134, 146, 149, 153, 175, 182, 187, 189, 191, 197, 225, 230, 238, 264, 265, 266, 286, 302, 317, 336, 354, 379, 388, 389, 425, 454, 458, 463, 475, 487, 498, 499, 512, 530, 531, 532, 533, 534, 536, 573, 589, 596, 598, 601, 605, 617, 620, 624, 646, 653, 658, 660, 662, 668, 689, 694, 702, 724, 725, 745, 760, 775, 793, 809, 829, 838, 839, 877, 901, 903, 905, 910, 923]","[1, 13, 14, 29, 54, 55, 56, 57, 58, 60, 102, 118, 125, 127, 130, 134, 146, 149, 153, 175, 182, 187, 189, 191, 197, 225, 230, 238, 264, 265, 266, 286, 302, 317, 336, 379, 388, 389, 425, 454, 458, 463, 475, 487, 498, 499, 512, 530, 531, 532, 533, 534, 536, 573, 589, 596, 598, 601, 605, 617, 620, 624, 646, 653, 658, 660, 662, 668, 689, 694, 702, 724, 725, 745, 760, 775, 793, 829, 838, 839, 877, 901, 903, 905, 910, 923]",7/6 successful match,True,,False,548,False,,1.0,True,Minute Mart # 20 ( Shell ),Shell
G Gila Bend ( 85337 ) Minute Mart # 20 ( Shell ),928-683-2992 I-8 Exit 115 ( AZ 85 N ),24 <U+25A1><U+25A1> MO,Gila Bend,85337,Minute Mart # 20 ( Shell ),928-683-2992,2016,Gila Bend,AZ,Shell,( AZ 85 N ),I-8 Exit 115 ,Exit,115,False,,False,I-8,,,,,"[57, 534]","[25, 39, 57, 69, 486, 520, 534, 544]","[25, 39, 57, 69, 486, 520, 534, 544]","[25, 39, 230, 284, 299, 449, 486, 520, 694, 743, 758, 897]","[0, 1, 2, 3, 4, 5, 6, 7, 8, 9, 10, 11, 12, 13, 14, 15, 16, 17, 18, 19, 20, 21, 22, 23, 24, 25, 26, 27, 28, 29, 30, 31, 32, 33, 34, 35, 36, 37, 38, 39, 40, 41, 42, 43, 44, 45, 46, 47, 48, 49, 50, 51, 52, 53, 54, 55, 56, 57, 58, 59, 60, 61, 62, 63, 64, 65, 66, 67, 68, 69, 70, 71, 72, 73, 74, 75, 76, 77, 78, 79, 80, 81, 82, 83, 84, 85, 86, 87, 88, 89, 90, 91, 92, 93, 94, 95, 96, 97, 98, 99, 100, 101, 102, 485, 486, 487, 488, 489, 490, 491, 492, 493, 494, 495, 496, 497, 498, 499, 500, 501, 502, 503, 504, 505, 506, 507, 508, 509, 510, 511, 512, 513, 514, 515, 516, 517, 518, 519, 520, 521, 522, 523, 524, 525, 526, 527, 528, 529, 530, 531, 532, 533, 534, 535, 536, 537, 538, 539, 540, 541, 542, 543, 544, 545, 546, 547, 548, 549, 550, 551, 552, 553, 554, 555, 556, 557, 558, 559, 560, 561, 562, 563, 564, 565, 566, 567, 568, 569, 570, 571, 572, 573]","[17, 25, 39, 41, 50, 55, 57, 59, 69, 78, 119, 174, 188, 189, 220, 250, 299, 486, 502, 520, 522, 532, 534, 535, 544, 590, 645, 659, 660, 713, 758]","[1, 13, 14, 29, 54, 55, 56, 57, 58, 60, 102, 118, 125, 127, 130, 134, 146, 149, 153, 175, 182, 187, 189, 191, 197, 225, 230, 238, 264, 265, 266, 286, 302, 317, 336, 379, 388, 389, 425, 454, 458, 463, 475, 487, 498, 499, 512, 530, 531, 532, 533, 534, 536, 573, 589, 596, 598, 601, 605, 617, 620, 624, 646, 653, 658, 660, 662, 668, 689, 694, 702, 724, 725, 745, 760, 775, 793, 829, 838, 839, 877, 901, 903, 905, 910, 923]","[1, 13, 14, 29, 54, 55, 56, 57, 58, 60, 102, 118, 125, 127, 130, 134, 146, 149, 153, 175, 182, 187, 189, 191, 197, 225, 230, 238, 264, 265, 266, 286, 302, 317, 336, 354, 379, 388, 389, 425, 454, 458, 463, 475, 487, 498, 499, 512, 530, 531, 532, 533, 534, 536, 573, 589, 596, 598, 601, 605, 617, 620, 624, 646, 653, 658, 660, 662, 668, 689, 694, 702, 724, 725, 745, 760, 775, 793, 809, 829, 838, 839, 877, 901, 903, 905, 910, 923]","[0, 1, 2, 3, 4, 5, 6, 7, 520, 8, 9, 10, 11, 12, 13, 14, 15, 16, 17, 18, 19, 20, 534, 21, 22, 25, 23, 24, 26, 27, 28, 29, 544, 30, 31, 32, 33, 34, 35, 39, 36, 37, 38, 40, 41, 42, 43, 44, 45, 46, 47, 48, 49, 50, 51, 52, 53, 57, 54, 55, 56, 58, 59, 60, 61, 62, 63, 64, 65, 69, 66, 67, 68, 70, 71, 72, 73, 74, 75, 76, 77, 78, 79, 80, 81, 82, 83, 84, 85, 86, 87, 88, 89, 90, 91, 92, 93, 94, 95, 96, 97, 98, 99, 100, 101, 102, 528, 529, 530, 617, 620, 513, 531, 624, 532, 118, 119, 533, 125, 127, 130, 535, 645, 134, 646, 514, 536, 653, 537, 146, 538, 659, 660, 149, 658, 539, 153, 662, 668, 540, 515, 541, 542, 543, 174, 175, 689, 694, 545, 182, 516, 187, 546, 188, 189, 191, 702, 547, 197, 548, 713, 549, 550, 517, 724, 551, 725, 552, 220, 553, 225, 554, 230, 743, 555, 745, 518, 556, 238, 557, 758, 558, 760, 250, 559, 560, 519, 561, 264, 265, 266, 775, 562, 563, 564, 793, 565, 284, 286, 566, 567, 809, 568, 299, 302, 569, 570, 521, 571, 317, 572, 829, 573, 838, 839, 522, 336, 354, 523, 877, 379, 897, 524, 388, 389, 901, 903, 905, 910, 589, 590, 525, 923, 425, 512, 526, 596, 449, 598, 454, 458, 527, 463, 601, 475, 605, 485, 486, 487, 488, 489, 490, 491, 492, 493, 494, 495, 496, 497, 498, 499, 500, 501, 502, 503, 504, 505, 506, 507, 508, 509, 510, 511]",True,"[25, 39, 57, 69, 486, 520, 534, 544]","[0, 1, 2, 3, 4, 5, 6, 7, 8, 9, 10, 11, 12, 13, 14, 15, 16, 17, 18, 19, 20, 21, 22, 23, 24, 25, 26, 27, 28, 29, 30, 31, 32, 33, 34, 35, 36, 37, 38, 39, 40, 41, 42, 43, 44, 45, 46, 47, 48, 49, 50, 51, 52, 53, 54, 55, 56, 57, 58, 59, 60, 61, 62, 63, 64, 65, 66, 67, 68, 69, 70, 71, 72, 73, 74, 75, 76, 77, 78, 79, 80, 81, 82, 83, 84, 85, 86, 87, 88, 89, 90, 91, 92, 93, 94, 95, 96, 97, 98, 99, 100, 101, 102, 485, 486, 487, 488, 489, 490, 491, 492, 493, 494, 495, 496, 497, 498, 499, 500, 501, 502, 503, 504, 505, 506, 507, 508, 509, 510, 511, 512, 513, 514, 515, 516, 517, 518, 519, 520, 521, 522, 523, 524, 525, 526, 527, 528, 529, 530, 531, 532, 533, 534, 535, 536, 537, 538, 539, 540, 541, 542, 543, 544, 545, 546, 547, 548, 549, 550, 551, 552, 553, 554, 555, 556, 557, 558, 559, 560, 561, 562, 563, 564, 565, 566, 567, 568, 569, 570, 571, 572, 573]","[25, 39, 57, 69, 486, 520, 534, 544]","[25, 39, 230, 284, 299, 449, 486, 520, 694, 743, 758, 897]","[17, 25, 39, 41, 50, 55, 57, 59, 69, 78, 119, 174, 188, 189, 220, 250, 299, 486, 502, 520, 522, 532, 534, 535, 544, 590, 645, 659, 660, 713, 758]","[1, 13, 14, 29, 54, 55, 56, 57, 58, 60, 102, 118, 125, 127, 130, 134, 146, 149, 153, 175, 182, 187, 189, 191, 197, 225, 230, 238, 264, 265, 266, 286, 302, 317, 336, 354, 379, 388, 389, 425, 454, 458, 463, 475, 487, 498, 499, 512, 530, 531, 532, 533, 534, 536, 573, 589, 596, 598, 601, 605, 617, 620, 624, 646, 653, 658, 660, 662, 668, 689, 694, 702, 724, 725, 745, 760, 775, 793, 809, 829, 838, 839, 877, 901, 903, 905, 910, 923]","[1, 13, 14, 29, 54, 55, 56, 57, 58, 60, 102, 118, 125, 127, 130, 134, 146, 149, 153, 175, 182, 187, 189, 191, 197, 225, 230, 238, 264, 265, 266, 286, 302, 317, 336, 379, 388, 389, 425, 454, 458, 463, 475, 487, 498, 499, 512, 530, 531, 532, 533, 534, 536, 573, 589, 596, 598, 601, 605, 617, 620, 624, 646, 653, 658, 660, 662, 668, 689, 694, 702, 724, 725, 745, 760, 775, 793, 829, 838, 839, 877, 901, 903, 905, 910, 923]",7/6 successful match,True,,False,548,False,,1.0,True,Minute Mart # 20 ( Shell ),Shell
"Gila Bend , 85337 Bill Henry's Food Mart ( Texaco )",928-683-6324 I-8 Exit 115 ( AZ 85 ),M,Gila Bend,85337,Bill Henry's Food Mart ( Texaco ),928-683-6324,2006,Gila Bend,AZ,Texaco,( AZ 85 ),I-8 Exit 115 ,Exit,115,False,,False,I-8,,,,,"[25, 486]","[25, 39, 57, 69, 486, 520, 534, 544]","[25, 39, 57, 69, 486, 520, 534, 544]","[25, 39, 230, 284, 299, 449, 486, 520, 694, 743, 758, 897]","[0, 1, 2, 3, 4, 5, 6, 7, 8, 9, 10, 11, 12, 13, 14, 15, 16, 17, 18, 19, 20, 21, 22, 23, 24, 25, 26, 27, 28, 29, 30, 31, 32, 33, 34, 35, 36, 37, 38, 39, 40, 41, 42, 43, 44, 45, 46, 47, 48, 49, 50, 51, 52, 53, 54, 55, 56, 57, 58, 59, 60, 61, 62, 63, 64, 65, 66, 67, 68, 69, 70, 71, 72, 73, 74, 75, 76, 77, 78, 79, 80, 81, 82, 83, 84, 85, 86, 87, 88, 89, 90, 91, 92, 93, 94, 95, 96, 97, 98, 99, 100, 101, 102, 485, 486, 487, 488, 489, 490, 491, 492, 493, 494, 495, 496, 497, 498, 499, 500, 501, 502, 503, 504, 505, 506, 507, 508, 509, 510, 511, 512, 513, 514, 515, 516, 517, 518, 519, 520, 521, 522, 523, 524, 525, 526, 527, 528, 529, 530, 531, 532, 533, 534, 535, 536, 537, 538, 539, 540, 541, 542, 543, 544, 545, 546, 547, 548, 549, 550, 551, 552, 553, 554, 555, 556, 557, 558, 559, 560, 561, 562, 563, 564, 565, 566, 567, 568, 569, 570, 571, 572, 573]","[17, 25, 39, 41, 50, 55, 57, 59, 69, 78, 119, 174, 188, 189, 220, 250, 299, 486, 502, 520, 522, 532, 534, 535, 544, 590, 645, 659, 660, 713, 758]","[26, 390, 474, 486, 509, 840, 922, 926]","[26, 390, 474, 486, 509, 840, 922, 926]","[0, 1, 2, 3, 4, 5, 6, 7, 520, 8, 9, 10, 11, 12, 13, 14, 15, 16, 17, 18, 19, 20, 534, 21, 22, 25, 23, 24, 26, 27, 28, 29, 544, 30, 31, 32, 33, 34, 35, 39, 36, 37, 38, 40, 41, 42, 43, 44, 45, 46, 47, 48, 49, 50, 51, 52, 53, 57, 54, 55, 56, 58, 59, 60, 61, 62, 63, 64, 65, 69, 66, 67, 68, 70, 71, 72, 73, 74, 75, 76, 77, 78, 79, 80, 81, 82, 83, 84, 85, 86, 87, 88, 89, 90, 91, 92, 93, 94, 95, 96, 97, 98, 99, 100, 101, 102, 528, 529, 530, 513, 531, 532, 119, 533, 535, 645, 514, 536, 537, 538, 659, 660, 539, 540, 515, 541, 542, 543, 174, 694, 545, 516, 546, 188, 189, 547, 548, 713, 549, 550, 517, 551, 552, 220, 553, 554, 230, 743, 555, 518, 556, 557, 758, 558, 250, 559, 560, 519, 561, 562, 563, 564, 565, 284, 566, 567, 568, 299, 569, 570, 521, 571, 572, 573, 840, 522, 523, 897, 524, 390, 590, 922, 525, 926, 512, 526, 449, 527, 474, 485, 486, 487, 488, 489, 490, 491, 492, 493, 494, 495, 496, 497, 498, 499, 500, 501, 502, 503, 504, 505, 506, 507, 508, 509, 510, 511]",True,"[25, 39, 57, 69, 486, 520, 534, 544]","[0, 1, 2, 3, 4, 5, 6, 7, 8, 9, 10, 11, 12, 13, 14, 15, 16, 17, 18, 19, 20, 21, 22, 23, 24, 25, 26, 27, 28, 29, 30, 31, 32, 33, 34, 35, 36, 37, 38, 39, 40, 41, 42, 43, 44, 45, 46, 47, 48, 49, 50, 51, 52, 53, 54, 55, 56, 57, 58, 59, 60, 61, 62, 63, 64, 65, 66, 67, 68, 69, 70, 71, 72, 73, 74, 75, 76, 77, 78, 79, 80, 81, 82, 83, 84, 85, 86, 87, 88, 89, 90, 91, 92, 93, 94, 95, 96, 97, 98, 99, 100, 101, 102, 485, 486, 487, 488, 489, 490, 491, 492, 493, 494, 495, 496, 497, 498, 499, 500, 501, 502, 503, 504, 505, 506, 507, 508, 509, 510, 511, 512, 513, 514, 515, 516, 517, 518, 519, 520, 521, 522, 523, 524, 525, 526, 527, 528, 529, 530, 531, 532, 533, 534, 535, 536, 537, 538, 539, 540, 541, 542, 543, 544, 545, 546, 547, 548, 549, 550, 551, 552, 553, 554, 555, 556, 557, 558, 559, 560, 561, 562, 563, 564, 565, 566, 567, 568, 569, 570, 571, 572, 573]","[25, 39, 57, 69, 486, 520, 534, 544]","[25, 39, 230, 284, 299, 449, 486, 520, 694, 743, 758, 897]","[17, 25, 39, 41, 50, 55, 57, 59, 69, 78, 119, 174, 188, 189, 220, 250, 299, 486, 502, 520, 522, 532, 534, 535, 544, 590, 645, 659, 660, 713, 758]","[26, 390, 474, 486, 509, 840, 922, 926]","[26, 390, 474, 486, 509, 840, 922, 926]",7/6 successful match,True,[28],True,549,False,,,,,
"Gila Bend , 85337 Bill Henry's Food Mart ( Texaco )",928-683-6324 I-8 Exit 115 ( AZ 85 ),FRS 24 S 0,Gila Bend,85337,Bill Henry's Food Mart ( Texaco ),928-683-6324,2007,Gila Bend,AZ,Texaco,( AZ 85 ),I-8 Exit 115 ,Exit,115,False,,False,I-8,,,,,"[25, 486]","[25, 39, 57, 69, 486, 520, 534, 544]","[25, 39, 57, 69, 486, 520, 534, 544]","[25, 39, 230, 284, 299, 449, 486, 520, 694, 743, 758, 897]","[0, 1, 2, 3, 4, 5, 6, 7, 8, 9, 10, 11, 12, 13, 14, 15, 16, 17, 18, 19, 20, 21, 22, 23, 24, 25, 26, 27, 28, 29, 30, 31, 32, 33, 34, 35, 36, 37, 38, 39, 40, 41, 42, 43, 44, 45, 46, 47, 48, 49, 50, 51, 52, 53, 54, 55, 56, 57, 58, 59, 60, 61, 62, 63, 64, 65, 66, 67, 68, 69, 70, 71, 72, 73, 74, 75, 76, 77, 78, 79, 80, 81, 82, 83, 84, 85, 86, 87, 88, 89, 90, 91, 92, 93, 94, 95, 96, 97, 98, 99, 100, 101, 102, 485, 486, 487, 488, 489, 490, 491, 492, 493, 494, 495, 496, 497, 498, 499, 500, 501, 502, 503, 504, 505, 506, 507, 508, 509, 510, 511, 512, 513, 514, 515, 516, 517, 518, 519, 520, 521, 522, 523, 524, 525, 526, 527, 528, 529, 530, 531, 532, 533, 534, 535, 536, 537, 538, 539, 540, 541, 542, 543, 544, 545, 546, 547, 548, 549, 550, 551, 552, 553, 554, 555, 556, 557, 558, 559, 560, 561, 562, 563, 564, 565, 566, 567, 568, 569, 570, 571, 572, 573]","[17, 25, 39, 41, 50, 55, 57, 59, 69, 78, 119, 174, 188, 189, 220, 250, 299, 486, 502, 520, 522, 532, 534, 535, 544, 590, 645, 659, 660, 713, 758]","[26, 390, 474, 486, 509, 840, 922, 926]","[26, 390, 474, 486, 509, 840, 922, 926]","[0, 1, 2, 3, 4, 5, 6, 7, 520, 8, 9, 10, 11, 12, 13, 14, 15, 16, 17, 18, 19, 20, 534, 21, 22, 25, 23, 24, 26, 27, 28, 29, 544, 30, 31, 32, 33, 34, 35, 39, 36, 37, 38, 40, 41, 42, 43, 44, 45, 46, 47, 48, 49, 50, 51, 52, 53, 57, 54, 55, 56, 58, 59, 60, 61, 62, 63, 64, 65, 69, 66, 67, 68, 70, 71, 72, 73, 74, 75, 76, 77, 78, 79, 80, 81, 82, 83, 84, 85, 86, 87, 88, 89, 90, 91, 92, 93, 94, 95, 96, 97, 98, 99, 100, 101, 102, 528, 529, 530, 513, 531, 532, 119, 533, 535, 645, 514, 536, 537, 538, 659, 660, 539, 540, 515, 541, 542, 543, 174, 694, 545, 516, 546, 188, 189, 547, 548, 713, 549, 550, 517, 551, 552, 220, 553, 554, 230, 743, 555, 518, 556, 557, 758, 558, 250, 559, 560, 519, 561, 562, 563, 564, 565, 284, 566, 567, 568, 299, 569, 570, 521, 571, 572, 573, 840, 522, 523, 897, 524, 390, 590, 922, 525, 926, 512, 526, 449, 527, 474, 485, 486, 487, 488, 489, 490, 491, 492, 493, 494, 495, 496, 497, 498, 499, 500, 501, 502, 503, 504, 505, 506, 507, 508, 509, 510, 511]",True,"[25, 39, 57, 69, 486, 520, 534, 544]","[0, 1, 2, 3, 4, 5, 6, 7, 8, 9, 10, 11, 12, 13, 14, 15, 16, 17, 18, 19, 20, 21, 22, 23, 24, 25, 26, 27, 28, 29, 30, 31, 32, 33, 34, 35, 36, 37, 38, 39, 40, 41, 42, 43, 44, 45, 46, 47, 48, 49, 50, 51, 52, 53, 54, 55, 56, 57, 58, 59, 60, 61, 62, 63, 64, 65, 66, 67, 68, 69, 70, 71, 72, 73, 74, 75, 76, 77, 78, 79, 80, 81, 82, 83, 84, 85, 86, 87, 88, 89, 90, 91, 92, 93, 94, 95, 96, 97, 98, 99, 100, 101, 102, 485, 486, 487, 488, 489, 490, 491, 492, 493, 494, 495, 496, 497, 498, 499, 500, 501, 502, 503, 504, 505, 506, 507, 508, 509, 510, 511, 512, 513, 514, 515, 516, 517, 518, 519, 520, 521, 522, 523, 524, 525, 526, 527, 528, 529, 530, 531, 532, 533, 534, 535, 536, 537, 538, 539, 540, 541, 542, 543, 544, 545, 546, 547, 548, 549, 550, 551, 552, 553, 554, 555, 556, 557, 558, 559, 560, 561, 562, 563, 564, 565, 566, 567, 568, 569, 570, 571, 572, 573]","[25, 39, 57, 69, 486, 520, 534, 544]","[25, 39, 230, 284, 299, 449, 486, 520, 694, 743, 758, 897]","[17, 25, 39, 41, 50, 55, 57, 59, 69, 78, 119, 174, 188, 189, 220, 250, 299, 486, 502, 520, 522, 532, 534, 535, 544, 590, 645, 659, 660, 713, 758]","[26, 390, 474, 486, 509, 840, 922, 926]","[26, 390, 474, 486, 509, 840, 922, 926]",7/6 successful match,True,[28],True,549,False,,1.0,True,Bill Henry's Food Mart ( Texaco ),Texaco
"Gila Bend , 85337 Bill Henry's Food Mart ( Texaco )",928-683-6324 I-8 Exit 115 ( AZ 85 ),24 HRS S <U+2610>,Gila Bend,85337,Bill Henry's Food Mart ( Texaco ),928-683-6324,2008,Gila Bend,AZ,Texaco,( AZ 85 ),I-8 Exit 115 ,Exit,115,False,,False,I-8,,,,,"[25, 486]","[25, 39, 57, 69, 486, 520, 534, 544]","[25, 39, 57, 69, 486, 520, 534, 544]","[25, 39, 230, 284, 299, 449, 486, 520, 694, 743, 758, 897]","[0, 1, 2, 3, 4, 5, 6, 7, 8, 9, 10, 11, 12, 13, 14, 15, 16, 17, 18, 19, 20, 21, 22, 23, 24, 25, 26, 27, 28, 29, 30, 31, 32, 33, 34, 35, 36, 37, 38, 39, 40, 41, 42, 43, 44, 45, 46, 47, 48, 49, 50, 51, 52, 53, 54, 55, 56, 57, 58, 59, 60, 61, 62, 63, 64, 65, 66, 67, 68, 69, 70, 71, 72, 73, 74, 75, 76, 77, 78, 79, 80, 81, 82, 83, 84, 85, 86, 87, 88, 89, 90, 91, 92, 93, 94, 95, 96, 97, 98, 99, 100, 101, 102, 485, 486, 487, 488, 489, 490, 491, 492, 493, 494, 495, 496, 497, 498, 499, 500, 501, 502, 503, 504, 505, 506, 507, 508, 509, 510, 511, 512, 513, 514, 515, 516, 517, 518, 519, 520, 521, 522, 523, 524, 525, 526, 527, 528, 529, 530, 531, 532, 533, 534, 535, 536, 537, 538, 539, 540, 541, 542, 543, 544, 545, 546, 547, 548, 549, 550, 551, 552, 553, 554, 555, 556, 557, 558, 559, 560, 561, 562, 563, 564, 565, 566, 567, 568, 569, 570, 571, 572, 573]","[17, 25, 39, 41, 50, 55, 57, 59, 69, 78, 119, 174, 188, 189, 220, 250, 299, 486, 502, 520, 522, 532, 534, 535, 544, 590, 645, 659, 660, 713, 758]","[26, 390, 474, 486, 509, 840, 922, 926]","[26, 390, 474, 486, 509, 840, 922, 926]","[0, 1, 2, 3, 4, 5, 6, 7, 520, 8, 9, 10, 11, 12, 13, 14, 15, 16, 17, 18, 19, 20, 534, 21, 22, 25, 23, 24, 26, 27, 28, 29, 544, 30, 31, 32, 33, 34, 35, 39, 36, 37, 38, 40, 41, 42, 43, 44, 45, 46, 47, 48, 49, 50, 51, 52, 53, 57, 54, 55, 56, 58, 59, 60, 61, 62, 63, 64, 65, 69, 66, 67, 68, 70, 71, 72, 73, 74, 75, 76, 77, 78, 79, 80, 81, 82, 83, 84, 85, 86, 87, 88, 89, 90, 91, 92, 93, 94, 95, 96, 97, 98, 99, 100, 101, 102, 528, 529, 530, 513, 531, 532, 119, 533, 535, 645, 514, 536, 537, 538, 659, 660, 539, 540, 515, 541, 542, 543, 174, 694, 545, 516, 546, 188, 189, 547, 548, 713, 549, 550, 517, 551, 552, 220, 553, 554, 230, 743, 555, 518, 556, 557, 758, 558, 250, 559, 560, 519, 561, 562, 563, 564, 565, 284, 566, 567, 568, 299, 569, 570, 521, 571, 572, 573, 840, 522, 523, 897, 524, 390, 590, 922, 525, 926, 512, 526, 449, 527, 474, 485, 486, 487, 488, 489, 490, 491, 492, 493, 494, 495, 496, 497, 498, 499, 500, 501, 502, 503, 504, 505, 506, 507, 508, 509, 510, 511]",True,"[25, 39, 57, 69, 486, 520, 534, 544]","[0, 1, 2, 3, 4, 5, 6, 7, 8, 9, 10, 11, 12, 13, 14, 15, 16, 17, 18, 19, 20, 21, 22, 23, 24, 25, 26, 27, 28, 29, 30, 31, 32, 33, 34, 35, 36, 37, 38, 39, 40, 41, 42, 43, 44, 45, 46, 47, 48, 49, 50, 51, 52, 53, 54, 55, 56, 57, 58, 59, 60, 61, 62, 63, 64, 65, 66, 67, 68, 69, 70, 71, 72, 73, 74, 75, 76, 77, 78, 79, 80, 81, 82, 83, 84, 85, 86, 87, 88, 89, 90, 91, 92, 93, 94, 95, 96, 97, 98, 99, 100, 101, 102, 485, 486, 487, 488, 489, 490, 491, 492, 493, 494, 495, 496, 497, 498, 499, 500, 501, 502, 503, 504, 505, 506, 507, 508, 509, 510, 511, 512, 513, 514, 515, 516, 517, 518, 519, 520, 521, 522, 523, 524, 525, 526, 527, 528, 529, 530, 531, 532, 533, 534, 535, 536, 537, 538, 539, 540, 541, 542, 543, 544, 545, 546, 547, 548, 549, 550, 551, 552, 553, 554, 555, 556, 557, 558, 559, 560, 561, 562, 563, 564, 565, 566, 567, 568, 569, 570, 571, 572, 573]","[25, 39, 57, 69, 486, 520, 534, 544]","[25, 39, 230, 284, 299, 449, 486, 520, 694, 743, 758, 897]","[17, 25, 39, 41, 50, 55, 57, 59, 69, 78, 119, 174, 188, 189, 220, 250, 299, 486, 502, 520, 522, 532, 534, 535, 544, 590, 645, 659, 660, 713, 758]","[26, 390, 474, 486, 509, 840, 922, 926]","[26, 390, 474, 486, 509, 840, 922, 926]",7/6 successful match,True,[28],True,549,False,,1.0,True,Bill Henry's Food Mart ( Texaco ),Texaco
"fVicksburg , 85348 Zip Travel Center",2 928-859-3165 I-10 Exit 45,124 HRS M <U+2610>,fVicksburg,85348,Zip Travel Center,928-859-3165,2008,Salome,AZ,,,I-10 Exit 45,Exit,45,False,,False,I-10,,,,,"[68, 543]","[68, 82, 543, 553]","[68, 543]","[68, 82, 543, 553]","[0, 1, 2, 3, 4, 5, 6, 7, 8, 9, 10, 11, 12, 13, 14, 15, 16, 17, 18, 19, 20, 21, 22, 23, 24, 25, 26, 27, 28, 29, 30, 31, 32, 33, 34, 35, 36, 37, 38, 39, 40, 41, 42, 43, 44, 45, 46, 47, 48, 49, 50, 51, 52, 53, 54, 55, 56, 57, 58, 59, 60, 61, 62, 63, 64, 65, 66, 67, 68, 69, 70, 71, 72, 73, 74, 75, 76, 77, 78, 79, 80, 81, 82, 83, 84, 85, 86, 87, 88, 89, 90, 91, 92, 93, 94, 95, 96, 97, 98, 99, 100, 101, 102, 485, 486, 487, 488, 489, 490, 491, 492, 493, 494, 495, 496, 497, 498, 499, 500, 501, 502, 503, 504, 505, 506, 507, 508, 509, 510, 511, 512, 513, 514, 515, 516, 517, 518, 519, 520, 521, 522, 523, 524, 525, 526, 527, 528, 529, 530, 531, 532, 533, 534, 535, 536, 537, 538, 539, 540, 541, 542, 543, 544, 545, 546, 547, 548, 549, 550, 551, 552, 553, 554, 555, 556, 557, 558, 559, 560, 561, 562, 563, 564, 565, 566, 567, 568, 569, 570, 571, 572, 573]","[0, 5, 7, 10, 14, 19, 20, 22, 24, 32, 33, 34, 37, 38, 40, 44, 46, 48, 49, 51, 56, 61, 63, 65, 67, 68, 73, 74, 75, 76, 79, 81, 82, 83, 85, 87, 88, 92, 93, 95, 96, 99, 100, 101, 115, 116, 124, 134, 142, 161, 167, 169, 170, 186, 202, 240, 244, 254, 260, 267, 277, 300, 303, 307, 310, 322, 331, 376, 485, 491, 493, 495, 499, 503, 504, 506, 508, 515, 518, 519, 521, 524, 526, 528, 533, 537, 539, 542, 543, 547, 548, 549, 550, 551, 553, 554, 556, 558, 559, 563, 564, 566, 567, 570, 571, 572, 586, 587, 595, 605, 613, 633, 639, 640, 641, 657, 672, 704, 717, 726, 736, 759, 761, 765, 768, 780, 788, 792, 826]",[],[],"[0, 1, 2, 3, 4, 5, 6, 7, 8, 9, 10, 11, 12, 13, 14, 15, 16, 17, 18, 19, 20, 21, 22, 23, 24, 25, 26, 27, 28, 29, 30, 543, 31, 32, 33, 34, 35, 36, 37, 38, 39, 553, 40, 41, 42, 43, 44, 45, 46, 47, 48, 49, 50, 51, 52, 53, 54, 55, 56, 57, 58, 59, 60, 61, 62, 63, 64, 65, 68, 66, 67, 69, 70, 71, 72, 73, 74, 75, 76, 77, 78, 79, 82, 80, 81, 83, 84, 85, 86, 87, 88, 89, 90, 91, 92, 93, 94, 95, 96, 97, 98, 99, 100, 101, 102, 528, 529, 530, 613, 513, 531, 115, 116, 532, 633, 533, 124, 534, 639, 640, 641, 535, 134, 514, 536, 537, 142, 657, 538, 539, 540, 672, 515, 541, 161, 542, 167, 169, 170, 544, 545, 516, 186, 546, 704, 547, 548, 202, 549, 717, 550, 517, 551, 726, 552, 736, 554, 555, 518, 556, 240, 557, 244, 759, 558, 761, 559, 254, 765, 768, 560, 260, 519, 561, 267, 562, 780, 563, 788, 277, 564, 792, 565, 520, 566, 567, 568, 300, 569, 303, 307, 570, 310, 521, 571, 826, 572, 322, 573, 331, 522, 523, 376, 524, 586, 587, 525, 512, 595, 526, 527, 605, 485, 486, 487, 488, 489, 490, 491, 492, 493, 494, 495, 496, 497, 498, 499, 500, 501, 502, 503, 504, 505, 506, 507, 508, 509, 510, 511]",True,"[68, 82, 543, 553]","[0, 1, 2, 3, 4, 5, 6, 7, 8, 9, 10, 11, 12, 13, 14, 15, 16, 17, 18, 19, 20, 21, 22, 23, 24, 25, 26, 27, 28, 29, 30, 31, 32, 33, 34, 35, 36, 37, 38, 39, 40, 41, 42, 43, 44, 45, 46, 47, 48, 49, 50, 51, 52, 53, 54, 55, 56, 57, 58, 59, 60, 61, 62, 63, 64, 65, 66, 67, 68, 69, 70, 71, 72, 73, 74, 75, 76, 77, 78, 79, 80, 81, 82, 83, 84, 85, 86, 87, 88, 89, 90, 91, 92, 93, 94, 95, 96, 97, 98, 99, 100, 101, 102, 485, 486, 487, 488, 489, 490, 491, 492, 493, 494, 495, 496, 497, 498, 499, 500, 501, 502, 503, 504, 505, 506, 507, 508, 509, 510, 511, 512, 513, 514, 515, 516, 517, 518, 519, 520, 521, 522, 523, 524, 525, 526, 527, 528, 529, 530, 531, 532, 533, 534, 535, 536, 537, 538, 539, 540, 541, 542, 543, 544, 545, 546, 547, 548, 549, 550, 551, 552, 553, 554, 555, 556, 557, 558, 559, 560, 561, 562, 563, 564, 565, 566, 567, 568, 569, 570, 571, 572, 573]","[68, 543]","[68, 82, 543, 553]","[0, 5, 7, 10, 14, 19, 20, 22, 24, 32, 33, 34, 37, 38, 40, 44, 46, 48, 49, 51, 56, 61, 63, 65, 67, 68, 73, 74, 75, 76, 79, 81, 82, 83, 85, 87, 88, 92, 93, 95, 96, 99, 100, 101, 115, 116, 124, 134, 142, 161, 167, 169, 170, 186, 202, 240, 244, 254, 260, 267, 277, 300, 303, 307, 310, 322, 331, 376, 485, 491, 493, 495, 499, 503, 504, 506, 508, 515, 518, 519, 521, 524, 526, 528, 533, 537, 539, 542, 543, 547, 548, 549, 550, 551, 553, 554, 556, 558, 559, 563, 564, 566, 567, 570, 571, 572, 586, 587, 595, 605, 613, 633, 639, 640, 641, 657, 672, 704, 717, 726, 736, 759, 761, 765, 768, 780, 788, 792, 826]",[],[],7/6 successful match,True,"[671, 672]",True,550,False,,,,,
Vicksburg ( 85348 ) Zip Travel Center ( Chevron ),928-859-3165 I-10 Exit 45,24 M <U+25A1>,Vicksburg,85348,Zip Travel Center ( Chevron ),928-859-3165,2014,Salome,AZ,Chevron,,I-10 Exit 45,Exit,45,False,,False,I-10,,,,,"[68, 543]","[68, 82, 543, 553]","[68, 82, 543, 553]","[68, 82, 543, 553]","[0, 1, 2, 3, 4, 5, 6, 7, 8, 9, 10, 11, 12, 13, 14, 15, 16, 17, 18, 19, 20, 21, 22, 23, 24, 25, 26, 27, 28, 29, 30, 31, 32, 33, 34, 35, 36, 37, 38, 39, 40, 41, 42, 43, 44, 45, 46, 47, 48, 49, 50, 51, 52, 53, 54, 55, 56, 57, 58, 59, 60, 61, 62, 63, 64, 65, 66, 67, 68, 69, 70, 71, 72, 73, 74, 75, 76, 77, 78, 79, 80, 81, 82, 83, 84, 85, 86, 87, 88, 89, 90, 91, 92, 93, 94, 95, 96, 97, 98, 99, 100, 101, 102, 485, 486, 487, 488, 489, 490, 491, 492, 493, 494, 495, 496, 497, 498, 499, 500, 501, 502, 503, 504, 505, 506, 507, 508, 509, 510, 511, 512, 513, 514, 515, 516, 517, 518, 519, 520, 521, 522, 523, 524, 525, 526, 527, 528, 529, 530, 531, 532, 533, 534, 535, 536, 537, 538, 539, 540, 541, 542, 543, 544, 545, 546, 547, 548, 549, 550, 551, 552, 553, 554, 555, 556, 557, 558, 559, 560, 561, 562, 563, 564, 565, 566, 567, 568, 569, 570, 571, 572, 573]","[0, 5, 7, 10, 14, 19, 20, 22, 24, 32, 33, 34, 37, 38, 40, 44, 46, 48, 49, 51, 56, 61, 63, 65, 67, 68, 73, 74, 75, 76, 79, 81, 82, 83, 85, 87, 88, 92, 93, 95, 96, 99, 100, 101, 115, 116, 124, 134, 142, 161, 167, 169, 170, 186, 202, 240, 244, 254, 260, 267, 277, 300, 303, 307, 310, 322, 331, 376, 485, 491, 493, 495, 499, 503, 504, 506, 508, 515, 518, 519, 521, 524, 526, 528, 533, 537, 539, 542, 543, 547, 548, 549, 550, 551, 553, 554, 556, 558, 559, 563, 564, 566, 567, 570, 571, 572, 586, 587, 595, 605, 613, 633, 639, 640, 641, 657, 672, 704, 717, 726, 736, 759, 761, 765, 768, 780, 788, 792, 826]","[12, 24, 25, 28, 88, 100, 104, 119, 123, 129, 136, 137, 139, 140, 141, 148, 155, 169, 172, 179, 183, 185, 188, 196, 198, 217, 237, 267, 270, 278, 319, 321, 324, 325, 330, 334, 335, 354, 366, 369, 380, 383, 384, 386, 395, 407, 411, 423, 428, 436, 437, 452, 453, 456, 467, 471, 477, 478, 479, 497, 508, 511, 559, 571, 575, 590, 594, 600, 607, 608, 610, 611, 612, 619, 627, 640, 643, 650, 654, 656, 659, 667, 669, 685, 701, 726, 729, 737, 777, 779, 782, 783, 787, 790, 791, 809, 817, 819, 830, 833, 834, 836, 845, 856, 857, 860, 862, 875, 880, 887, 888, 899, 900, 914, 918, 921, 928, 929, 930]","[12, 24, 25, 28, 88, 100, 104, 119, 123, 129, 136, 137, 139, 140, 141, 148, 155, 169, 172, 179, 183, 185, 188, 196, 198, 217, 237, 267, 270, 278, 319, 321, 324, 325, 330, 334, 335, 354, 366, 369, 380, 383, 384, 386, 395, 407, 411, 423, 428, 436, 437, 452, 453, 456, 467, 471, 477, 478, 479, 497, 508, 511, 559, 571, 575, 590, 594, 600, 607, 608, 610, 611, 612, 619, 627, 640, 643, 650, 654, 656, 659, 667, 669, 685, 701, 726, 729, 737, 777, 779, 782, 783, 787, 790, 791, 809, 817, 819, 830, 833, 834, 836, 845, 856, 857, 860, 862, 875, 880, 887, 888, 899, 900, 914, 918, 921, 928, 929, 930]","[0, 1, 2, 3, 4, 5, 6, 7, 8, 9, 10, 11, 12, 13, 14, 15, 16, 17, 18, 19, 20, 21, 22, 23, 24, 25, 26, 27, 28, 29, 30, 31, 32, 33, 34, 35, 36, 37, 38, 39, 40, 41, 42, 43, 44, 45, 46, 47, 48, 49, 50, 51, 52, 53, 54, 55, 56, 57, 58, 59, 60, 61, 62, 63, 64, 65, 66, 67, 68, 69, 70, 71, 72, 73, 74, 75, 76, 77, 78, 79, 80, 81, 82, 83, 84, 85, 86, 87, 88, 89, 90, 91, 92, 93, 94, 95, 96, 97, 98, 99, 100, 101, 102, 104, 115, 116, 119, 123, 124, 129, 134, 136, 137, 139, 140, 141, 142, 148, 155, 161, 167, 169, 170, 172, 179, 183, 185, 186, 188, 196, 198, 202, 217, 237, 240, 244, 254, 260, 267, 270, 277, 278, 300, 303, 307, 310, 319, 321, 322, 324, 325, 330, 331, 334, 335, 354, 366, 369, 376, 380, 383, 384, 386, 395, 407, 411, 423, 428, 436, 437, 452, 453, 456, 467, 471, 477, 478, 479, 485, 486, 487, 488, 489, 490, 491, 492, 493, 494, 495, 496, 497, 498, 499, 500, 501, 502, 503, 504, 505, 506, 507, 508, 509, 510, 511, 512, 513, 514, 515, 516, 517, 518, 519, 520, 521, 522, 523, 524, 525, 526, 527, 528, 529, 530, 531, 532, 533, 534, 535, 536, 537, 538, 539, 540, 541, 542, 543, 544, 545, 546, 547, 548, 549, 550, 551, 552, 553, 554, 555, 556, 557, 558, 559, 560, 561, 562, 563, 564, 565, 566, 567, 568, 569, 570, 571, 572, 573, 575, 586, 587, 590, 594, 595, 600, 605, 607, 608, 610, 611, 612, 613, 619, 627, 633, 639, 640, 641, 643, 650, 654, 656, 657, 659, 667, 669, 672, 685, 701, 704, 717, 726, 729, 736, 737, 759, 761, 765, 768, 777, 779, 780, 782, 783, 787, 788, 790, 791, 792, 809, 817, 819, 826, 830, 833, 834, 836, 845, 856, 857, 860, 862, 875, 880, 887, 888, 899, 900, 914, 918, 921, 928, 929, 930]",True,"[68, 82, 543, 553]","[0, 1, 2, 3, 4, 5, 6, 7, 8, 9, 10, 11, 12, 13, 14, 15, 16, 17, 18, 19, 20, 21, 22, 23, 24, 25, 26, 27, 28, 29, 30, 31, 32, 33, 34, 35, 36, 37, 38, 39, 40, 41, 42, 43, 44, 45, 46, 47, 48, 49, 50, 51, 52, 53, 54, 55, 56, 57, 58, 59, 60, 61, 62, 63, 64, 65, 66, 67, 68, 69, 70, 71, 72, 73, 74, 75, 76, 77, 78, 79, 80, 81, 82, 83, 84, 85, 86, 87, 88, 89, 90, 91, 92, 93, 94, 95, 96, 97, 98, 99, 100, 101, 102, 485, 486, 487, 488, 489, 490, 491, 492, 493, 494, 495, 496, 497, 498, 499, 500, 501, 502, 503, 504, 505, 506, 507, 508, 509, 510, 511, 512, 513, 514, 515, 516, 517, 518, 519, 520, 521, 522, 523, 524, 525, 526, 527, 528, 529, 530, 531, 532, 533, 534, 535, 536, 537, 538, 539, 540, 541, 542, 543, 544, 545, 546, 547, 548, 549, 550, 551, 552, 553, 554, 555, 556, 557, 558, 559, 560, 561, 562, 563, 564, 565, 566, 567, 568, 569, 570, 571, 572, 573]","[68, 82, 543, 553]","[68, 82, 543, 553]","[0, 5, 7, 10, 14, 19, 20, 22, 24, 32, 33, 34, 37, 38, 40, 44, 46, 48, 49, 51, 56, 61, 63, 65, 67, 68, 73, 74, 75, 76, 79, 81, 82, 83, 85, 87, 88, 92, 93, 95, 96, 99, 100, 101, 115, 116, 124, 134, 142, 161, 167, 169, 170, 186, 202, 240, 244, 254, 260, 267, 277, 300, 303, 307, 310, 322, 331, 376, 485, 491, 493, 495, 499, 503, 504, 506, 508, 515, 518, 519, 521, 524, 526, 528, 533, 537, 539, 542, 543, 547, 548, 549, 550, 551, 553, 554, 556, 558, 559, 563, 564, 566, 567, 570, 571, 572, 586, 587, 595, 605, 613, 633, 639, 640, 641, 657, 672, 704, 717, 726, 736, 759, 761, 765, 768, 780, 788, 792, 826]","[12, 24, 25, 28, 88, 100, 104, 119, 123, 129, 136, 137, 139, 140, 141, 148, 155, 169, 172, 179, 183, 185, 188, 196, 198, 217, 237, 267, 270, 278, 319, 321, 324, 325, 330, 334, 335, 354, 366, 369, 380, 383, 384, 386, 395, 407, 411, 423, 428, 436, 437, 452, 453, 456, 467, 471, 477, 478, 479, 497, 508, 511, 559, 571, 575, 590, 594, 600, 607, 608, 610, 611, 612, 619, 627, 640, 643, 650, 654, 656, 659, 667, 669, 685, 701, 726, 729, 737, 777, 779, 782, 783, 787, 790, 791, 809, 817, 819, 830, 833, 834, 836, 845, 856, 857, 860, 862, 875, 880, 887, 888, 899, 900, 914, 918, 921, 928, 929, 930]","[12, 24, 25, 28, 88, 100, 104, 119, 123, 129, 136, 137, 139, 140, 141, 148, 155, 169, 172, 179, 183, 185, 188, 196, 198, 217, 237, 267, 270, 278, 319, 321, 324, 325, 330, 334, 335, 354, 366, 369, 380, 383, 384, 386, 395, 407, 411, 423, 428, 436, 437, 452, 453, 456, 467, 471, 477, 478, 479, 497, 508, 511, 559, 571, 575, 590, 594, 600, 607, 608, 610, 611, 612, 619, 627, 640, 643, 650, 654, 656, 659, 667, 669, 685, 701, 726, 729, 737, 777, 779, 782, 783, 787, 790, 791, 809, 817, 819, 830, 833, 834, 836, 845, 856, 857, 860, 862, 875, 880, 887, 888, 899, 900, 914, 918, 921, 928, 929, 930]",5/6 successful match,True,"[671, 672]",True,550,False,,1.0,True,Zip Travel Center,
Vicksburg ( 85348 ) Zip Travel Center ( Chevron ) ),928-859-3165 I-10 Exit 45,MODEST 24 M <U+25A1> <U+25A1>,Vicksburg,85348,Zip Travel Center ( Chevron ) ),928-859-3165,2015,Salome,AZ,Chevron,,I-10 Exit 45,Exit,45,False,,False,I-10,,,,,"[68, 543]","[68, 82, 543, 553]","[68, 82, 543, 553]","[68, 82, 543, 553]","[0, 1, 2, 3, 4, 5, 6, 7, 8, 9, 10, 11, 12, 13, 14, 15, 16, 17, 18, 19, 20, 21, 22, 23, 24, 25, 26, 27, 28, 29, 30, 31, 32, 33, 34, 35, 36, 37, 38, 39, 40, 41, 42, 43, 44, 45, 46, 47, 48, 49, 50, 51, 52, 53, 54, 55, 56, 57, 58, 59, 60, 61, 62, 63, 64, 65, 66, 67, 68, 69, 70, 71, 72, 73, 74, 75, 76, 77, 78, 79, 80, 81, 82, 83, 84, 85, 86, 87, 88, 89, 90, 91, 92, 93, 94, 95, 96, 97, 98, 99, 100, 101, 102, 485, 486, 487, 488, 489, 490, 491, 492, 493, 494, 495, 496, 497, 498, 499, 500, 501, 502, 503, 504, 505, 506, 507, 508, 509, 510, 511, 512, 513, 514, 515, 516, 517, 518, 519, 520, 521, 522, 523, 524, 525, 526, 527, 528, 529, 530, 531, 532, 533, 534, 535, 536, 537, 538, 539, 540, 541, 542, 543, 544, 545, 546, 547, 548, 549, 550, 551, 552, 553, 554, 555, 556, 557, 558, 559, 560, 561, 562, 563, 564, 565, 566, 567, 568, 569, 570, 571, 572, 573]","[0, 5, 7, 10, 14, 19, 20, 22, 24, 32, 33, 34, 37, 38, 40, 44, 46, 48, 49, 51, 56, 61, 63, 65, 67, 68, 73, 74, 75, 76, 79, 81, 82, 83, 85, 87, 88, 92, 93, 95, 96, 99, 100, 101, 115, 116, 124, 134, 142, 161, 167, 169, 170, 186, 202, 240, 244, 254, 260, 267, 277, 300, 303, 307, 310, 322, 331, 376, 485, 491, 493, 495, 499, 503, 504, 506, 508, 515, 518, 519, 521, 524, 526, 528, 533, 537, 539, 542, 543, 547, 548, 549, 550, 551, 553, 554, 556, 558, 559, 563, 564, 566, 567, 570, 571, 572, 586, 587, 595, 605, 613, 633, 639, 640, 641, 657, 672, 704, 717, 726, 736, 759, 761, 765, 768, 780, 788, 792, 826]","[12, 24, 25, 28, 88, 100, 104, 119, 123, 129, 136, 137, 139, 140, 141, 148, 155, 169, 172, 179, 183, 185, 188, 196, 198, 217, 237, 267, 270, 278, 319, 321, 324, 325, 330, 334, 335, 354, 366, 369, 380, 383, 384, 386, 395, 407, 411, 423, 428, 436, 437, 452, 453, 456, 467, 471, 477, 478, 479, 497, 508, 511, 559, 571, 575, 590, 594, 600, 607, 608, 610, 611, 612, 619, 627, 640, 643, 650, 654, 656, 659, 667, 669, 685, 701, 726, 729, 737, 777, 779, 782, 783, 787, 790, 791, 809, 817, 819, 830, 833, 834, 836, 845, 856, 857, 860, 862, 875, 880, 887, 888, 899, 900, 914, 918, 921, 928, 929, 930]","[12, 24, 25, 28, 88, 100, 104, 119, 123, 129, 136, 137, 139, 140, 141, 148, 155, 169, 172, 179, 183, 185, 188, 196, 198, 217, 237, 267, 270, 278, 319, 321, 324, 325, 330, 334, 335, 354, 366, 369, 380, 383, 384, 386, 395, 407, 411, 423, 428, 436, 437, 452, 453, 456, 467, 471, 477, 478, 479, 497, 508, 511, 559, 571, 575, 590, 594, 600, 607, 608, 610, 611, 612, 619, 627, 640, 643, 650, 654, 656, 659, 667, 669, 685, 701, 726, 729, 737, 777, 779, 782, 783, 787, 790, 791, 809, 817, 819, 830, 833, 834, 836, 845, 856, 857, 860, 862, 875, 880, 887, 888, 899, 900, 914, 918, 921, 928, 929, 930]","[0, 1, 2, 3, 4, 5, 6, 7, 8, 9, 10, 11, 12, 13, 14, 15, 16, 17, 18, 19, 20, 21, 22, 23, 24, 25, 26, 27, 28, 29, 30, 31, 32, 33, 34, 35, 36, 37, 38, 39, 40, 41, 42, 43, 44, 45, 46, 47, 48, 49, 50, 51, 52, 53, 54, 55, 56, 57, 58, 59, 60, 61, 62, 63, 64, 65, 66, 67, 68, 69, 70, 71, 72, 73, 74, 75, 76, 77, 78, 79, 80, 81, 82, 83, 84, 85, 86, 87, 88, 89, 90, 91, 92, 93, 94, 95, 96, 97, 98, 99, 100, 101, 102, 104, 115, 116, 119, 123, 124, 129, 134, 136, 137, 139, 140, 141, 142, 148, 155, 161, 167, 169, 170, 172, 179, 183, 185, 186, 188, 196, 198, 202, 217, 237, 240, 244, 254, 260, 267, 270, 277, 278, 300, 303, 307, 310, 319, 321, 322, 324, 325, 330, 331, 334, 335, 354, 366, 369, 376, 380, 383, 384, 386, 395, 407, 411, 423, 428, 436, 437, 452, 453, 456, 467, 471, 477, 478, 479, 485, 486, 487, 488, 489, 490, 491, 492, 493, 494, 495, 496, 497, 498, 499, 500, 501, 502, 503, 504, 505, 506, 507, 508, 509, 510, 511, 512, 513, 514, 515, 516, 517, 518, 519, 520, 521, 522, 523, 524, 525, 526, 527, 528, 529, 530, 531, 532, 533, 534, 535, 536, 537, 538, 539, 540, 541, 542, 543, 544, 545, 546, 547, 548, 549, 550, 551, 552, 553, 554, 555, 556, 557, 558, 559, 560, 561, 562, 563, 564, 565, 566, 567, 568, 569, 570, 571, 572, 573, 575, 586, 587, 590, 594, 595, 600, 605, 607, 608, 610, 611, 612, 613, 619, 627, 633, 639, 640, 641, 643, 650, 654, 656, 657, 659, 667, 669, 672, 685, 701, 704, 717, 726, 729, 736, 737, 759, 761, 765, 768, 777, 779, 780, 782, 783, 787, 788, 790, 791, 792, 809, 817, 819, 826, 830, 833, 834, 836, 845, 856, 857, 860, 862, 875, 880, 887, 888, 899, 900, 914, 918, 921, 928, 929, 930]",True,"[68, 82, 543, 553]","[0, 1, 2, 3, 4, 5, 6, 7, 8, 9, 10, 11, 12, 13, 14, 15, 16, 17, 18, 19, 20, 21, 22, 23, 24, 25, 26, 27, 28, 29, 30, 31, 32, 33, 34, 35, 36, 37, 38, 39, 40, 41, 42, 43, 44, 45, 46, 47, 48, 49, 50, 51, 52, 53, 54, 55, 56, 57, 58, 59, 60, 61, 62, 63, 64, 65, 66, 67, 68, 69, 70, 71, 72, 73, 74, 75, 76, 77, 78, 79, 80, 81, 82, 83, 84, 85, 86, 87, 88, 89, 90, 91, 92, 93, 94, 95, 96, 97, 98, 99, 100, 101, 102, 485, 486, 487, 488, 489, 490, 491, 492, 493, 494, 495, 496, 497, 498, 499, 500, 501, 502, 503, 504, 505, 506, 507, 508, 509, 510, 511, 512, 513, 514, 515, 516, 517, 518, 519, 520, 521, 522, 523, 524, 525, 526, 527, 528, 529, 530, 531, 532, 533, 534, 535, 536, 537, 538, 539, 540, 541, 542, 543, 544, 545, 546, 547, 548, 549, 550, 551, 552, 553, 554, 555, 556, 557, 558, 559, 560, 561, 562, 563, 564, 565, 566, 567, 568, 569, 570, 571, 572, 573]","[68, 82, 543, 553]","[68, 82, 543, 553]","[0, 5, 7, 10, 14, 19, 20, 22, 24, 32, 33, 34, 37, 38, 40, 44, 46, 48, 49, 51, 56, 61, 63, 65, 67, 68, 73, 74, 75, 76, 79, 81, 82, 83, 85, 87, 88, 92, 93, 95, 96, 99, 100, 101, 115, 116, 124, 134, 142, 161, 167, 169, 170, 186, 202, 240, 244, 254, 260, 267, 277, 300, 303, 307, 310, 322, 331, 376, 485, 491, 493, 495, 499, 503, 504, 506, 508, 515, 518, 519, 521, 524, 526, 528, 533, 537, 539, 542, 543, 547, 548, 549, 550, 551, 553, 554, 556, 558, 559, 563, 564, 566, 567, 570, 571, 572, 586, 587, 595, 605, 613, 633, 639, 640, 641, 657, 672, 704, 717, 726, 736, 759, 761, 765, 768, 780, 788, 792, 826]","[12, 24, 25, 28, 88, 100, 104, 119, 123, 129, 136, 137, 139, 140, 141, 148, 155, 169, 172, 179, 183, 185, 188, 196, 198, 217, 237, 267, 270, 278, 319, 321, 324, 325, 330, 334, 335, 354, 366, 369, 380, 383, 384, 386, 395, 407, 411, 423, 428, 436, 437, 452, 453, 456, 467, 471, 477, 478, 479, 497, 508, 511, 559, 571, 575, 590, 594, 600, 607, 608, 610, 611, 612, 619, 627, 640, 643, 650, 654, 656, 659, 667, 669, 685, 701, 726, 729, 737, 777, 779, 782, 783, 787, 790, 791, 809, 817, 819, 830, 833, 834, 836, 845, 856, 857, 860, 862, 875, 880, 887, 888, 899, 900, 914, 918, 921, 928, 929, 930]","[12, 24, 25, 28, 88, 100, 104, 119, 123, 129, 136, 137, 139, 140, 141, 148, 155, 169, 172, 179, 183, 185, 188, 196, 198, 217, 237, 267, 270, 278, 319, 321, 324, 325, 330, 334, 335, 354, 366, 369, 380, 383, 384, 386, 395, 407, 411, 423, 428, 436, 437, 452, 453, 456, 467, 471, 477, 478, 479, 497, 508, 511, 559, 571, 575, 590, 594, 600, 607, 608, 610, 611, 612, 619, 627, 640, 643, 650, 654, 656, 659, 667, 669, 685, 701, 726, 729, 737, 777, 779, 782, 783, 787, 790, 791, 809, 817, 819, 830, 833, 834, 836, 845, 856, 857, 860, 862, 875, 880, 887, 888, 899, 900, 914, 918, 921, 928, 929, 930]",5/6 successful match,True,"[671, 672]",True,550,False,,1.0,True,Zip Travel Center ( Chevron ),Chevron
Vicksburg ( 85348 ) Zip Travel Center ( Chevron ),928-859-3165 I-10 Exit 45,24 MO,Vicksburg,85348,Zip Travel Center ( Chevron ),928-859-3165,2016,Salome,AZ,Chevron,,I-10 Exit 45,Exit,45,False,,False,I-10,,,,,"[68, 543]","[68, 82, 543, 553]","[68, 82, 543, 553]","[68, 82, 543, 553]","[0, 1, 2, 3, 4, 5, 6, 7, 8, 9, 10, 11, 12, 13, 14, 15, 16, 17, 18, 19, 20, 21, 22, 23, 24, 25, 26, 27, 28, 29, 30, 31, 32, 33, 34, 35, 36, 37, 38, 39, 40, 41, 42, 43, 44, 45, 46, 47, 48, 49, 50, 51, 52, 53, 54, 55, 56, 57, 58, 59, 60, 61, 62, 63, 64, 65, 66, 67, 68, 69, 70, 71, 72, 73, 74, 75, 76, 77, 78, 79, 80, 81, 82, 83, 84, 85, 86, 87, 88, 89, 90, 91, 92, 93, 94, 95, 96, 97, 98, 99, 100, 101, 102, 485, 486, 487, 488, 489, 490, 491, 492, 493, 494, 495, 496, 497, 498, 499, 500, 501, 502, 503, 504, 505, 506, 507, 508, 509, 510, 511, 512, 513, 514, 515, 516, 517, 518, 519, 520, 521, 522, 523, 524, 525, 526, 527, 528, 529, 530, 531, 532, 533, 534, 535, 536, 537, 538, 539, 540, 541, 542, 543, 544, 545, 546, 547, 548, 549, 550, 551, 552, 553, 554, 555, 556, 557, 558, 559, 560, 561, 562, 563, 564, 565, 566, 567, 568, 569, 570, 571, 572, 573]","[0, 5, 7, 10, 14, 19, 20, 22, 24, 32, 33, 34, 37, 38, 40, 44, 46, 48, 49, 51, 56, 61, 63, 65, 67, 68, 73, 74, 75, 76, 79, 81, 82, 83, 85, 87, 88, 92, 93, 95, 96, 99, 100, 101, 115, 116, 124, 134, 142, 161, 167, 169, 170, 186, 202, 240, 244, 254, 260, 267, 277, 300, 303, 307, 310, 322, 331, 376, 485, 491, 493, 495, 499, 503, 504, 506, 508, 515, 518, 519, 521, 524, 526, 528, 533, 537, 539, 542, 543, 547, 548, 549, 550, 551, 553, 554, 556, 558, 559, 563, 564, 566, 567, 570, 571, 572, 586, 587, 595, 605, 613, 633, 639, 640, 641, 657, 672, 704, 717, 726, 736, 759, 761, 765, 768, 780, 788, 792, 826]","[12, 24, 25, 28, 88, 100, 104, 119, 123, 129, 136, 137, 139, 140, 141, 148, 155, 169, 172, 179, 183, 185, 188, 196, 198, 217, 237, 267, 270, 278, 319, 321, 324, 325, 330, 334, 335, 354, 366, 369, 380, 383, 384, 386, 395, 407, 411, 423, 428, 436, 437, 452, 453, 456, 467, 471, 477, 478, 479, 497, 508, 511, 559, 571, 575, 590, 594, 600, 607, 608, 610, 611, 612, 619, 627, 640, 643, 650, 654, 656, 659, 667, 669, 685, 701, 726, 729, 737, 777, 779, 782, 783, 787, 790, 791, 809, 817, 819, 830, 833, 834, 836, 845, 856, 857, 860, 862, 875, 880, 887, 888, 899, 900, 914, 918, 921, 928, 929, 930]","[12, 24, 25, 28, 88, 100, 104, 119, 123, 129, 136, 137, 139, 140, 141, 148, 155, 169, 172, 179, 183, 185, 188, 196, 198, 217, 237, 267, 270, 278, 319, 321, 324, 325, 330, 334, 335, 354, 366, 369, 380, 383, 384, 386, 395, 407, 411, 423, 428, 436, 437, 452, 453, 456, 467, 471, 477, 478, 479, 497, 508, 511, 559, 571, 575, 590, 594, 600, 607, 608, 610, 611, 612, 619, 627, 640, 643, 650, 654, 656, 659, 667, 669, 685, 701, 726, 729, 737, 777, 779, 782, 783, 787, 790, 791, 809, 817, 819, 830, 833, 834, 836, 845, 856, 857, 860, 862, 875, 880, 887, 888, 899, 900, 914, 918, 921, 928, 929, 930]","[0, 1, 2, 3, 4, 5, 6, 7, 8, 9, 10, 11, 12, 13, 14, 15, 16, 17, 18, 19, 20, 21, 22, 23, 24, 25, 26, 27, 28, 29, 30, 31, 32, 33, 34, 35, 36, 37, 38, 39, 40, 41, 42, 43, 44, 45, 46, 47, 48, 49, 50, 51, 52, 53, 54, 55, 56, 57, 58, 59, 60, 61, 62, 63, 64, 65, 66, 67, 68, 69, 70, 71, 72, 73, 74, 75, 76, 77, 78, 79, 80, 81, 82, 83, 84, 85, 86, 87, 88, 89, 90, 91, 92, 93, 94, 95, 96, 97, 98, 99, 100, 101, 102, 104, 115, 116, 119, 123, 124, 129, 134, 136, 137, 139, 140, 141, 142, 148, 155, 161, 167, 169, 170, 172, 179, 183, 185, 186, 188, 196, 198, 202, 217, 237, 240, 244, 254, 260, 267, 270, 277, 278, 300, 303, 307, 310, 319, 321, 322, 324, 325, 330, 331, 334, 335, 354, 366, 369, 376, 380, 383, 384, 386, 395, 407, 411, 423, 428, 436, 437, 452, 453, 456, 467, 471, 477, 478, 479, 485, 486, 487, 488, 489, 490, 491, 492, 493, 494, 495, 496, 497, 498, 499, 500, 501, 502, 503, 504, 505, 506, 507, 508, 509, 510, 511, 512, 513, 514, 515, 516, 517, 518, 519, 520, 521, 522, 523, 524, 525, 526, 527, 528, 529, 530, 531, 532, 533, 534, 535, 536, 537, 538, 539, 540, 541, 542, 543, 544, 545, 546, 547, 548, 549, 550, 551, 552, 553, 554, 555, 556, 557, 558, 559, 560, 561, 562, 563, 564, 565, 566, 567, 568, 569, 570, 571, 572, 573, 575, 586, 587, 590, 594, 595, 600, 605, 607, 608, 610, 611, 612, 613, 619, 627, 633, 639, 640, 641, 643, 650, 654, 656, 657, 659, 667, 669, 672, 685, 701, 704, 717, 726, 729, 736, 737, 759, 761, 765, 768, 777, 779, 780, 782, 783, 787, 788, 790, 791, 792, 809, 817, 819, 826, 830, 833, 834, 836, 845, 856, 857, 860, 862, 875, 880, 887, 888, 899, 900, 914, 918, 921, 928, 929, 930]",True,"[68, 82, 543, 553]","[0, 1, 2, 3, 4, 5, 6, 7, 8, 9, 10, 11, 12, 13, 14, 15, 16, 17, 18, 19, 20, 21, 22, 23, 24, 25, 26, 27, 28, 29, 30, 31, 32, 33, 34, 35, 36, 37, 38, 39, 40, 41, 42, 43, 44, 45, 46, 47, 48, 49, 50, 51, 52, 53, 54, 55, 56, 57, 58, 59, 60, 61, 62, 63, 64, 65, 66, 67, 68, 69, 70, 71, 72, 73, 74, 75, 76, 77, 78, 79, 80, 81, 82, 83, 84, 85, 86, 87, 88, 89, 90, 91, 92, 93, 94, 95, 96, 97, 98, 99, 100, 101, 102, 485, 486, 487, 488, 489, 490, 491, 492, 493, 494, 495, 496, 497, 498, 499, 500, 501, 502, 503, 504, 505, 506, 507, 508, 509, 510, 511, 512, 513, 514, 515, 516, 517, 518, 519, 520, 521, 522, 523, 524, 525, 526, 527, 528, 529, 530, 531, 532, 533, 534, 535, 536, 537, 538, 539, 540, 541, 542, 543, 544, 545, 546, 547, 548, 549, 550, 551, 552, 553, 554, 555, 556, 557, 558, 559, 560, 561, 562, 563, 564, 565, 566, 567, 568, 569, 570, 571, 572, 573]","[68, 82, 543, 553]","[68, 82, 543, 553]","[0, 5, 7, 10, 14, 19, 20, 22, 24, 32, 33, 34, 37, 38, 40, 44, 46, 48, 49, 51, 56, 61, 63, 65, 67, 68, 73, 74, 75, 76, 79, 81, 82, 83, 85, 87, 88, 92, 93, 95, 96, 99, 100, 101, 115, 116, 124, 134, 142, 161, 167, 169, 170, 186, 202, 240, 244, 254, 260, 267, 277, 300, 303, 307, 310, 322, 331, 376, 485, 491, 493, 495, 499, 503, 504, 506, 508, 515, 518, 519, 521, 524, 526, 528, 533, 537, 539, 542, 543, 547, 548, 549, 550, 551, 553, 554, 556, 558, 559, 563, 564, 566, 567, 570, 571, 572, 586, 587, 595, 605, 613, 633, 639, 640, 641, 657, 672, 704, 717, 726, 736, 759, 761, 765, 768, 780, 788, 792, 826]","[12, 24, 25, 28, 88, 100, 104, 119, 123, 129, 136, 137, 139, 140, 141, 148, 155, 169, 172, 179, 183, 185, 188, 196, 198, 217, 237, 267, 270, 278, 319, 321, 324, 325, 330, 334, 335, 354, 366, 369, 380, 383, 384, 386, 395, 407, 411, 423, 428, 436, 437, 452, 453, 456, 467, 471, 477, 478, 479, 497, 508, 511, 559, 571, 575, 590, 594, 600, 607, 608, 610, 611, 612, 619, 627, 640, 643, 650, 654, 656, 659, 667, 669, 685, 701, 726, 729, 737, 777, 779, 782, 783, 787, 790, 791, 809, 817, 819, 830, 833, 834, 836, 845, 856, 857, 860, 862, 875, 880, 887, 888, 899, 900, 914, 918, 921, 928, 929, 930]","[12, 24, 25, 28, 88, 100, 104, 119, 123, 129, 136, 137, 139, 140, 141, 148, 155, 169, 172, 179, 183, 185, 188, 196, 198, 217, 237, 267, 270, 278, 319, 321, 324, 325, 330, 334, 335, 354, 366, 369, 380, 383, 384, 386, 395, 407, 411, 423, 428, 436, 437, 452, 453, 456, 467, 471, 477, 478, 479, 497, 508, 511, 559, 571, 575, 590, 594, 600, 607, 608, 610, 611, 612, 619, 627, 640, 643, 650, 654, 656, 659, 667, 669, 685, 701, 726, 729, 737, 777, 779, 782, 783, 787, 790, 791, 809, 817, 819, 830, 833, 834, 836, 845, 856, 857, 860, 862, 875, 880, 887, 888, 899, 900, 914, 918, 921, 928, 929, 930]",5/6 successful match,True,"[671, 672]",True,550,False,,1.0,True,Zip Travel Center ( Chevron ) ),Chevron
"San Luis , 85349 Circle K # 8691",928-627-3720 23260 Hwy 95,,San Luis,85349,Circle K # 8691,928-627-3720,2006,San Luis,AZ,Circle K,,23260 Hwy 95,Proper,,False,,False,Hwy 95,,,,,[],[],"[49, 87, 107, 198, 255, 293, 297, 316, 331, 528, 558, 578, 669, 708, 752, 756, 774, 788]",[],"[0, 1, 2, 3, 4, 5, 6, 7, 8, 9, 10, 11, 12, 13, 14, 15, 16, 17, 18, 19, 20, 21, 22, 23, 24, 25, 26, 27, 28, 29, 30, 31, 32, 33, 34, 35, 36, 37, 38, 39, 40, 41, 42, 43, 44, 45, 46, 47, 48, 49, 50, 51, 52, 53, 54, 55, 56, 57, 58, 59, 60, 61, 62, 63, 64, 65, 66, 67, 68, 69, 70, 71, 72, 73, 74, 75, 76, 77, 78, 79, 80, 81, 82, 83, 84, 85, 86, 87, 88, 89, 90, 91, 92, 93, 94, 95, 96, 97, 98, 99, 100, 101, 102, 485, 486, 487, 488, 489, 490, 491, 492, 493, 494, 495, 496, 497, 498, 499, 500, 501, 502, 503, 504, 505, 506, 507, 508, 509, 510, 511, 512, 513, 514, 515, 516, 517, 518, 519, 520, 521, 522, 523, 524, 525, 526, 527, 528, 529, 530, 531, 532, 533, 534, 535, 536, 537, 538, 539, 540, 541, 542, 543, 544, 545, 546, 547, 548, 549, 550, 551, 552, 553, 554, 555, 556, 557, 558, 559, 560, 561, 562, 563, 564, 565, 566, 567, 568, 569, 570, 571, 572, 573]","[8, 43, 71, 84, 86, 339, 348, 354, 360, 369, 382, 383, 384, 389, 390, 523, 546, 555, 557, 795, 803, 809, 819, 832, 833, 834, 839, 840]","[6, 7, 492, 493]",[],"[0, 1, 2, 3, 4, 5, 6, 7, 8, 9, 10, 11, 12, 13, 14, 15, 528, 16, 17, 18, 19, 20, 21, 22, 23, 24, 25, 26, 27, 28, 29, 30, 31, 32, 33, 34, 35, 36, 37, 38, 39, 40, 41, 42, 43, 44, 558, 45, 46, 49, 47, 48, 50, 51, 52, 53, 54, 55, 56, 57, 58, 59, 60, 61, 62, 63, 578, 64, 65, 66, 67, 68, 69, 70, 71, 72, 73, 74, 75, 76, 77, 78, 79, 80, 81, 82, 83, 87, 84, 85, 86, 88, 89, 90, 91, 92, 93, 94, 95, 96, 97, 98, 99, 100, 101, 102, 529, 107, 530, 513, 531, 532, 533, 534, 535, 514, 536, 537, 538, 539, 669, 540, 515, 541, 542, 543, 544, 545, 516, 546, 547, 708, 198, 548, 549, 550, 517, 551, 552, 553, 554, 555, 518, 556, 752, 557, 756, 559, 255, 560, 519, 774, 561, 562, 563, 788, 564, 565, 795, 520, 566, 803, 293, 567, 297, 568, 809, 569, 819, 570, 521, 571, 316, 572, 832, 833, 834, 573, 839, 840, 331, 522, 339, 348, 354, 360, 523, 369, 382, 383, 384, 524, 389, 390, 525, 512, 526, 527, 485, 486, 487, 488, 489, 490, 491, 492, 493, 494, 495, 496, 497, 498, 499, 500, 501, 502, 503, 504, 505, 506, 507, 508, 509, 510, 511]",False,[],"[0, 1, 2, 3, 4, 5, 6, 7, 8, 9, 10, 11, 12, 13, 14, 15, 16, 17, 18, 19, 20, 21, 22, 23, 24, 25, 26, 27, 28, 29, 30, 31, 32, 33, 34, 35, 36, 37, 38, 39, 40, 41, 42, 43, 44, 45, 46, 47, 48, 49, 50, 51, 52, 53, 54, 55, 56, 57, 58, 59, 60, 61, 62, 63, 64, 65, 66, 67, 68, 69, 70, 71, 72, 73, 74, 75, 76, 77, 78, 79, 80, 81, 82, 83, 84, 85, 86, 87, 88, 89, 90, 91, 92, 93, 94, 95, 96, 97, 98, 99, 100, 101, 102, 485, 486, 487, 488, 489, 490, 491, 492, 493, 494, 495, 496, 497, 498, 499, 500, 501, 502, 503, 504, 505, 506, 507, 508, 509, 510, 511, 512, 513, 514, 515, 516, 517, 518, 519, 520, 521, 522, 523, 524, 525, 526, 527, 528, 529, 530, 531, 532, 533, 534, 535, 536, 537, 538, 539, 540, 541, 542, 543, 544, 545, 546, 547, 548, 549, 550, 551, 552, 553, 554, 555, 556, 557, 558, 559, 560, 561, 562, 563, 564, 565, 566, 567, 568, 569, 570, 571, 572, 573]","[49, 87, 107, 198, 255, 293, 297, 316, 331, 528, 558, 578, 669, 708, 752, 756, 774, 788]",[],"[8, 43, 71, 84, 86, 339, 348, 354, 360, 369, 382, 383, 384, 389, 390, 523, 546, 555, 557, 795, 803, 809, 819, 832, 833, 834, 839, 840]",[],"[6, 7, 492, 493]",4/6 successful match,False,,False,551,False,,,,,
"San Luis , 85349 Circle K # 8691",928-627-3720 23260 Hwy 95,HRS 24 <U+25A1>,San Luis,85349,Circle K # 8691,928-627-3720,2007,San Luis,AZ,Circle K,,23260 Hwy 95,Proper,,False,,False,Hwy 95,,,,,[],[],"[49, 87, 107, 198, 255, 293, 297, 316, 331, 528, 558, 578, 669, 708, 752, 756, 774, 788]",[],"[0, 1, 2, 3, 4, 5, 6, 7, 8, 9, 10, 11, 12, 13, 14, 15, 16, 17, 18, 19, 20, 21, 22, 23, 24, 25, 26, 27, 28, 29, 30, 31, 32, 33, 34, 35, 36, 37, 38, 39, 40, 41, 42, 43, 44, 45, 46, 47, 48, 49, 50, 51, 52, 53, 54, 55, 56, 57, 58, 59, 60, 61, 62, 63, 64, 65, 66, 67, 68, 69, 70, 71, 72, 73, 74, 75, 76, 77, 78, 79, 80, 81, 82, 83, 84, 85, 86, 87, 88, 89, 90, 91, 92, 93, 94, 95, 96, 97, 98, 99, 100, 101, 102, 485, 486, 487, 488, 489, 490, 491, 492, 493, 494, 495, 496, 497, 498, 499, 500, 501, 502, 503, 504, 505, 506, 507, 508, 509, 510, 511, 512, 513, 514, 515, 516, 517, 518, 519, 520, 521, 522, 523, 524, 525, 526, 527, 528, 529, 530, 531, 532, 533, 534, 535, 536, 537, 538, 539, 540, 541, 542, 543, 544, 545, 546, 547, 548, 549, 550, 551, 552, 553, 554, 555, 556, 557, 558, 559, 560, 561, 562, 563, 564, 565, 566, 567, 568, 569, 570, 571, 572, 573]","[8, 43, 71, 84, 86, 339, 348, 354, 360, 369, 382, 383, 384, 389, 390, 523, 546, 555, 557, 795, 803, 809, 819, 832, 833, 834, 839, 840]","[6, 7, 492, 493]",[],"[0, 1, 2, 3, 4, 5, 6, 7, 8, 9, 10, 11, 12, 13, 14, 15, 528, 16, 17, 18, 19, 20, 21, 22, 23, 24, 25, 26, 27, 28, 29, 30, 31, 32, 33, 34, 35, 36, 37, 38, 39, 40, 41, 42, 43, 44, 558, 45, 46, 49, 47, 48, 50, 51, 52, 53, 54, 55, 56, 57, 58, 59, 60, 61, 62, 63, 578, 64, 65, 66, 67, 68, 69, 70, 71, 72, 73, 74, 75, 76, 77, 78, 79, 80, 81, 82, 83, 87, 84, 85, 86, 88, 89, 90, 91, 92, 93, 94, 95, 96, 97, 98, 99, 100, 101, 102, 529, 107, 530, 513, 531, 532, 533, 534, 535, 514, 536, 537, 538, 539, 669, 540, 515, 541, 542, 543, 544, 545, 516, 546, 547, 708, 198, 548, 549, 550, 517, 551, 552, 553, 554, 555, 518, 556, 752, 557, 756, 559, 255, 560, 519, 774, 561, 562, 563, 788, 564, 565, 795, 520, 566, 803, 293, 567, 297, 568, 809, 569, 819, 570, 521, 571, 316, 572, 832, 833, 834, 573, 839, 840, 331, 522, 339, 348, 354, 360, 523, 369, 382, 383, 384, 524, 389, 390, 525, 512, 526, 527, 485, 486, 487, 488, 489, 490, 491, 492, 493, 494, 495, 496, 497, 498, 499, 500, 501, 502, 503, 504, 505, 506, 507, 508, 509, 510, 511]",False,[],"[0, 1, 2, 3, 4, 5, 6, 7, 8, 9, 10, 11, 12, 13, 14, 15, 16, 17, 18, 19, 20, 21, 22, 23, 24, 25, 26, 27, 28, 29, 30, 31, 32, 33, 34, 35, 36, 37, 38, 39, 40, 41, 42, 43, 44, 45, 46, 47, 48, 49, 50, 51, 52, 53, 54, 55, 56, 57, 58, 59, 60, 61, 62, 63, 64, 65, 66, 67, 68, 69, 70, 71, 72, 73, 74, 75, 76, 77, 78, 79, 80, 81, 82, 83, 84, 85, 86, 87, 88, 89, 90, 91, 92, 93, 94, 95, 96, 97, 98, 99, 100, 101, 102, 485, 486, 487, 488, 489, 490, 491, 492, 493, 494, 495, 496, 497, 498, 499, 500, 501, 502, 503, 504, 505, 506, 507, 508, 509, 510, 511, 512, 513, 514, 515, 516, 517, 518, 519, 520, 521, 522, 523, 524, 525, 526, 527, 528, 529, 530, 531, 532, 533, 534, 535, 536, 537, 538, 539, 540, 541, 542, 543, 544, 545, 546, 547, 548, 549, 550, 551, 552, 553, 554, 555, 556, 557, 558, 559, 560, 561, 562, 563, 564, 565, 566, 567, 568, 569, 570, 571, 572, 573]","[49, 87, 107, 198, 255, 293, 297, 316, 331, 528, 558, 578, 669, 708, 752, 756, 774, 788]",[],"[8, 43, 71, 84, 86, 339, 348, 354, 360, 369, 382, 383, 384, 389, 390, 523, 546, 555, 557, 795, 803, 809, 819, 832, 833, 834, 839, 840]",[],"[6, 7, 492, 493]",4/6 successful match,False,,False,551,False,,1.0,True,Circle K # 8691,Circle K
"San Luis , 85349 Circle K # 8691",928-627-3720 23260 Hwy 95,24 HRS S <U+2610> <U+2610> <U+2610> <U+2610>,San Luis,85349,Circle K # 8691,928-627-3720,2008,San Luis,AZ,Circle K,,23260 Hwy 95,Proper,,False,,False,Hwy 95,,,,,[],[],"[49, 87, 107, 198, 255, 293, 297, 316, 331, 528, 558, 578, 669, 708, 752, 756, 774, 788]",[],"[0, 1, 2, 3, 4, 5, 6, 7, 8, 9, 10, 11, 12, 13, 14, 15, 16, 17, 18, 19, 20, 21, 22, 23, 24, 25, 26, 27, 28, 29, 30, 31, 32, 33, 34, 35, 36, 37, 38, 39, 40, 41, 42, 43, 44, 45, 46, 47, 48, 49, 50, 51, 52, 53, 54, 55, 56, 57, 58, 59, 60, 61, 62, 63, 64, 65, 66, 67, 68, 69, 70, 71, 72, 73, 74, 75, 76, 77, 78, 79, 80, 81, 82, 83, 84, 85, 86, 87, 88, 89, 90, 91, 92, 93, 94, 95, 96, 97, 98, 99, 100, 101, 102, 485, 486, 487, 488, 489, 490, 491, 492, 493, 494, 495, 496, 497, 498, 499, 500, 501, 502, 503, 504, 505, 506, 507, 508, 509, 510, 511, 512, 513, 514, 515, 516, 517, 518, 519, 520, 521, 522, 523, 524, 525, 526, 527, 528, 529, 530, 531, 532, 533, 534, 535, 536, 537, 538, 539, 540, 541, 542, 543, 544, 545, 546, 547, 548, 549, 550, 551, 552, 553, 554, 555, 556, 557, 558, 559, 560, 561, 562, 563, 564, 565, 566, 567, 568, 569, 570, 571, 572, 573]","[8, 43, 71, 84, 86, 339, 348, 354, 360, 369, 382, 383, 384, 389, 390, 523, 546, 555, 557, 795, 803, 809, 819, 832, 833, 834, 839, 840]","[6, 7, 492, 493]",[],"[0, 1, 2, 3, 4, 5, 6, 7, 8, 9, 10, 11, 12, 13, 14, 15, 528, 16, 17, 18, 19, 20, 21, 22, 23, 24, 25, 26, 27, 28, 29, 30, 31, 32, 33, 34, 35, 36, 37, 38, 39, 40, 41, 42, 43, 44, 558, 45, 46, 49, 47, 48, 50, 51, 52, 53, 54, 55, 56, 57, 58, 59, 60, 61, 62, 63, 578, 64, 65, 66, 67, 68, 69, 70, 71, 72, 73, 74, 75, 76, 77, 78, 79, 80, 81, 82, 83, 87, 84, 85, 86, 88, 89, 90, 91, 92, 93, 94, 95, 96, 97, 98, 99, 100, 101, 102, 529, 107, 530, 513, 531, 532, 533, 534, 535, 514, 536, 537, 538, 539, 669, 540, 515, 541, 542, 543, 544, 545, 516, 546, 547, 708, 198, 548, 549, 550, 517, 551, 552, 553, 554, 555, 518, 556, 752, 557, 756, 559, 255, 560, 519, 774, 561, 562, 563, 788, 564, 565, 795, 520, 566, 803, 293, 567, 297, 568, 809, 569, 819, 570, 521, 571, 316, 572, 832, 833, 834, 573, 839, 840, 331, 522, 339, 348, 354, 360, 523, 369, 382, 383, 384, 524, 389, 390, 525, 512, 526, 527, 485, 486, 487, 488, 489, 490, 491, 492, 493, 494, 495, 496, 497, 498, 499, 500, 501, 502, 503, 504, 505, 506, 507, 508, 509, 510, 511]",False,[],"[0, 1, 2, 3, 4, 5, 6, 7, 8, 9, 10, 11, 12, 13, 14, 15, 16, 17, 18, 19, 20, 21, 22, 23, 24, 25, 26, 27, 28, 29, 30, 31, 32, 33, 34, 35, 36, 37, 38, 39, 40, 41, 42, 43, 44, 45, 46, 47, 48, 49, 50, 51, 52, 53, 54, 55, 56, 57, 58, 59, 60, 61, 62, 63, 64, 65, 66, 67, 68, 69, 70, 71, 72, 73, 74, 75, 76, 77, 78, 79, 80, 81, 82, 83, 84, 85, 86, 87, 88, 89, 90, 91, 92, 93, 94, 95, 96, 97, 98, 99, 100, 101, 102, 485, 486, 487, 488, 489, 490, 491, 492, 493, 494, 495, 496, 497, 498, 499, 500, 501, 502, 503, 504, 505, 506, 507, 508, 509, 510, 511, 512, 513, 514, 515, 516, 517, 518, 519, 520, 521, 522, 523, 524, 525, 526, 527, 528, 529, 530, 531, 532, 533, 534, 535, 536, 537, 538, 539, 540, 541, 542, 543, 544, 545, 546, 547, 548, 549, 550, 551, 552, 553, 554, 555, 556, 557, 558, 559, 560, 561, 562, 563, 564, 565, 566, 567, 568, 569, 570, 571, 572, 573]","[49, 87, 107, 198, 255, 293, 297, 316, 331, 528, 558, 578, 669, 708, 752, 756, 774, 788]",[],"[8, 43, 71, 84, 86, 339, 348, 354, 360, 369, 382, 383, 384, 389, 390, 523, 546, 555, 557, 795, 803, 809, 819, 832, 833, 834, 839, 840]",[],"[6, 7, 492, 493]",4/6 successful match,False,,False,551,False,,1.0,True,Circle K # 8691,Circle K
Wikieup ( 85360 ) Carioca # 11 ( ( Vicksburg Shell ) Rd ) .,928-765-2255 18183 US 93 S,2015 24 S <U+25A1>,Wikieup,85360,Carioca # 11 ( ( Vicksburg Shell ) Rd ) .,928-765-2255,2015,Wikieup,AZ,Shell,,18183 US 93 S,Proper,,False,,False,US 93,,,,,"[488, 2]","[2, 488]","[2, 488]",[],"[0, 1, 2, 3, 4, 5, 6, 7, 8, 9, 10, 11, 12, 13, 14, 15, 16, 17, 18, 19, 20, 21, 22, 23, 24, 25, 26, 27, 28, 29, 30, 31, 32, 33, 34, 35, 36, 37, 38, 39, 40, 41, 42, 43, 44, 45, 46, 47, 48, 49, 50, 51, 52, 53, 54, 55, 56, 57, 58, 59, 60, 61, 62, 63, 64, 65, 66, 67, 68, 69, 70, 71, 72, 73, 74, 75, 76, 77, 78, 79, 80, 81, 82, 83, 84, 85, 86, 87, 88, 89, 90, 91, 92, 93, 94, 95, 96, 97, 98, 99, 100, 101, 102, 485, 486, 487, 488, 489, 490, 491, 492, 493, 494, 495, 496, 497, 498, 499, 500, 501, 502, 503, 504, 505, 506, 507, 508, 509, 510, 511, 512, 513, 514, 515, 516, 517, 518, 519, 520, 521, 522, 523, 524, 525, 526, 527, 528, 529, 530, 531, 532, 533, 534, 535, 536, 537, 538, 539, 540, 541, 542, 543, 544, 545, 546, 547, 548, 549, 550, 551, 552, 553, 554, 555, 556, 557, 558, 559, 560, 561, 562, 563, 564, 565, 566, 567, 568, 569, 570, 571, 572, 573]","[2, 30, 58, 98, 338, 344, 357, 358, 361, 379, 380, 488, 513, 531, 569, 794, 800, 812, 813, 829, 830]","[1, 13, 14, 29, 54, 55, 56, 57, 58, 60, 102, 118, 125, 127, 130, 134, 146, 149, 153, 175, 182, 187, 189, 191, 197, 225, 230, 238, 264, 265, 266, 286, 302, 317, 336, 379, 388, 389, 425, 454, 458, 463, 475, 487, 498, 499, 512, 530, 531, 532, 533, 534, 536, 573, 589, 596, 598, 601, 605, 617, 620, 624, 646, 653, 658, 660, 662, 668, 689, 694, 702, 724, 725, 745, 760, 775, 793, 829, 838, 839, 877, 901, 903, 905, 910, 923]","[1, 2, 13, 14, 29, 54, 55, 56, 57, 58, 60, 102, 118, 125, 127, 130, 134, 146, 149, 153, 175, 182, 187, 189, 191, 195, 197, 225, 230, 238, 264, 265, 266, 286, 302, 317, 336, 354, 379, 388, 389, 425, 454, 458, 463, 475, 487, 488, 498, 499, 512, 530, 531, 532, 533, 534, 536, 573, 589, 596, 598, 601, 605, 617, 620, 624, 646, 653, 658, 660, 662, 666, 668, 689, 694, 702, 724, 725, 745, 760, 775, 793, 809, 829, 838, 839, 877, 901, 903, 905, 910, 923]","[0, 1, 2, 3, 4, 5, 6, 7, 8, 9, 10, 11, 12, 13, 14, 15, 16, 17, 18, 19, 20, 21, 22, 23, 24, 25, 26, 27, 28, 29, 30, 31, 32, 33, 34, 35, 36, 37, 38, 39, 40, 41, 42, 43, 44, 45, 46, 47, 48, 49, 50, 51, 52, 53, 54, 55, 56, 57, 58, 59, 60, 61, 62, 63, 64, 65, 66, 67, 68, 69, 70, 71, 72, 73, 74, 75, 76, 77, 78, 79, 80, 81, 82, 83, 84, 85, 86, 87, 88, 89, 90, 91, 92, 93, 94, 95, 96, 97, 98, 99, 100, 101, 102, 528, 529, 617, 530, 620, 513, 531, 624, 532, 118, 533, 125, 534, 127, 130, 535, 134, 646, 514, 536, 653, 537, 146, 538, 658, 149, 660, 662, 539, 153, 666, 668, 540, 515, 541, 542, 543, 175, 689, 544, 182, 545, 694, 516, 187, 546, 189, 702, 191, 547, 195, 197, 548, 549, 550, 517, 724, 551, 725, 552, 553, 225, 554, 230, 555, 745, 518, 556, 238, 557, 558, 760, 559, 560, 519, 561, 264, 265, 266, 775, 562, 563, 564, 793, 794, 565, 520, 286, 566, 800, 567, 809, 568, 812, 813, 302, 569, 570, 521, 571, 829, 572, 830, 317, 573, 838, 839, 522, 336, 338, 344, 354, 357, 358, 523, 361, 877, 379, 380, 524, 388, 389, 901, 903, 905, 910, 589, 525, 923, 425, 512, 526, 596, 598, 454, 458, 527, 463, 601, 475, 605, 485, 486, 487, 488, 489, 490, 491, 492, 493, 494, 495, 496, 497, 498, 499, 500, 501, 502, 503, 504, 505, 506, 507, 508, 509, 510, 511]",True,"[2, 488]","[0, 1, 2, 3, 4, 5, 6, 7, 8, 9, 10, 11, 12, 13, 14, 15, 16, 17, 18, 19, 20, 21, 22, 23, 24, 25, 26, 27, 28, 29, 30, 31, 32, 33, 34, 35, 36, 37, 38, 39, 40, 41, 42, 43, 44, 45, 46, 47, 48, 49, 50, 51, 52, 53, 54, 55, 56, 57, 58, 59, 60, 61, 62, 63, 64, 65, 66, 67, 68, 69, 70, 71, 72, 73, 74, 75, 76, 77, 78, 79, 80, 81, 82, 83, 84, 85, 86, 87, 88, 89, 90, 91, 92, 93, 94, 95, 96, 97, 98, 99, 100, 101, 102, 485, 486, 487, 488, 489, 490, 491, 492, 493, 494, 495, 496, 497, 498, 499, 500, 501, 502, 503, 504, 505, 506, 507, 508, 509, 510, 511, 512, 513, 514, 515, 516, 517, 518, 519, 520, 521, 522, 523, 524, 525, 526, 527, 528, 529, 530, 531, 532, 533, 534, 535, 536, 537, 538, 539, 540, 541, 542, 543, 544, 545, 546, 547, 548, 549, 550, 551, 552, 553, 554, 555, 556, 557, 558, 559, 560, 561, 562, 563, 564, 565, 566, 567, 568, 569, 570, 571, 572, 573]","[2, 488]",[],"[2, 30, 58, 98, 338, 344, 357, 358, 361, 379, 380, 488, 513, 531, 569, 794, 800, 812, 813, 829, 830]","[1, 2, 13, 14, 29, 54, 55, 56, 57, 58, 60, 102, 118, 125, 127, 130, 134, 146, 149, 153, 175, 182, 187, 189, 191, 195, 197, 225, 230, 238, 264, 265, 266, 286, 302, 317, 336, 354, 379, 388, 389, 425, 454, 458, 463, 475, 487, 488, 498, 499, 512, 530, 531, 532, 533, 534, 536, 573, 589, 596, 598, 601, 605, 617, 620, 624, 646, 653, 658, 660, 662, 666, 668, 689, 694, 702, 724, 725, 745, 760, 775, 793, 809, 829, 838, 839, 877, 901, 903, 905, 910, 923]","[1, 13, 14, 29, 54, 55, 56, 57, 58, 60, 102, 118, 125, 127, 130, 134, 146, 149, 153, 175, 182, 187, 189, 191, 197, 225, 230, 238, 264, 265, 266, 286, 302, 317, 336, 379, 388, 389, 425, 454, 458, 463, 475, 487, 498, 499, 512, 530, 531, 532, 533, 534, 536, 573, 589, 596, 598, 601, 605, 617, 620, 624, 646, 653, 658, 660, 662, 668, 689, 694, 702, 724, 725, 745, 760, 775, 793, 829, 838, 839, 877, 901, 903, 905, 910, 923]",6/6 successful match,True,[512],True,552,False,,,,,
Wikieup ( 85360 ) Carioca # 11 ( Shell ),928-765-2255 18183 US 93 S,24 S D,Wikieup,85360,Carioca # 11 ( Shell ),928-765-2255,2016,Wikieup,AZ,Shell,,18183 US 93 S,Proper,,False,,False,US 93,,,,,"[488, 2]","[2, 488]","[2, 488]",[],"[0, 1, 2, 3, 4, 5, 6, 7, 8, 9, 10, 11, 12, 13, 14, 15, 16, 17, 18, 19, 20, 21, 22, 23, 24, 25, 26, 27, 28, 29, 30, 31, 32, 33, 34, 35, 36, 37, 38, 39, 40, 41, 42, 43, 44, 45, 46, 47, 48, 49, 50, 51, 52, 53, 54, 55, 56, 57, 58, 59, 60, 61, 62, 63, 64, 65, 66, 67, 68, 69, 70, 71, 72, 73, 74, 75, 76, 77, 78, 79, 80, 81, 82, 83, 84, 85, 86, 87, 88, 89, 90, 91, 92, 93, 94, 95, 96, 97, 98, 99, 100, 101, 102, 485, 486, 487, 488, 489, 490, 491, 492, 493, 494, 495, 496, 497, 498, 499, 500, 501, 502, 503, 504, 505, 506, 507, 508, 509, 510, 511, 512, 513, 514, 515, 516, 517, 518, 519, 520, 521, 522, 523, 524, 525, 526, 527, 528, 529, 530, 531, 532, 533, 534, 535, 536, 537, 538, 539, 540, 541, 542, 543, 544, 545, 546, 547, 548, 549, 550, 551, 552, 553, 554, 555, 556, 557, 558, 559, 560, 561, 562, 563, 564, 565, 566, 567, 568, 569, 570, 571, 572, 573]","[2, 30, 58, 98, 338, 344, 357, 358, 361, 379, 380, 488, 513, 531, 569, 794, 800, 812, 813, 829, 830]","[1, 13, 14, 29, 54, 55, 56, 57, 58, 60, 102, 118, 125, 127, 130, 134, 146, 149, 153, 175, 182, 187, 189, 191, 197, 225, 230, 238, 264, 265, 266, 286, 302, 317, 336, 379, 388, 389, 425, 454, 458, 463, 475, 487, 498, 499, 512, 530, 531, 532, 533, 534, 536, 573, 589, 596, 598, 601, 605, 617, 620, 624, 646, 653, 658, 660, 662, 668, 689, 694, 702, 724, 725, 745, 760, 775, 793, 829, 838, 839, 877, 901, 903, 905, 910, 923]","[1, 2, 13, 14, 29, 54, 55, 56, 57, 58, 60, 102, 118, 125, 127, 130, 134, 146, 149, 153, 175, 182, 187, 189, 191, 195, 197, 225, 230, 238, 264, 265, 266, 286, 302, 317, 336, 354, 379, 388, 389, 425, 454, 458, 463, 475, 487, 488, 498, 499, 512, 530, 531, 532, 533, 534, 536, 573, 589, 596, 598, 601, 605, 617, 620, 624, 646, 653, 658, 660, 662, 666, 668, 689, 694, 702, 724, 725, 745, 760, 775, 793, 809, 829, 838, 839, 877, 901, 903, 905, 910, 923]","[0, 1, 2, 3, 4, 5, 6, 7, 8, 9, 10, 11, 12, 13, 14, 15, 16, 17, 18, 19, 20, 21, 22, 23, 24, 25, 26, 27, 28, 29, 30, 31, 32, 33, 34, 35, 36, 37, 38, 39, 40, 41, 42, 43, 44, 45, 46, 47, 48, 49, 50, 51, 52, 53, 54, 55, 56, 57, 58, 59, 60, 61, 62, 63, 64, 65, 66, 67, 68, 69, 70, 71, 72, 73, 74, 75, 76, 77, 78, 79, 80, 81, 82, 83, 84, 85, 86, 87, 88, 89, 90, 91, 92, 93, 94, 95, 96, 97, 98, 99, 100, 101, 102, 528, 529, 617, 530, 620, 513, 531, 624, 532, 118, 533, 125, 534, 127, 130, 535, 134, 646, 514, 536, 653, 537, 146, 538, 658, 149, 660, 662, 539, 153, 666, 668, 540, 515, 541, 542, 543, 175, 689, 544, 182, 545, 694, 516, 187, 546, 189, 702, 191, 547, 195, 197, 548, 549, 550, 517, 724, 551, 725, 552, 553, 225, 554, 230, 555, 745, 518, 556, 238, 557, 558, 760, 559, 560, 519, 561, 264, 265, 266, 775, 562, 563, 564, 793, 794, 565, 520, 286, 566, 800, 567, 809, 568, 812, 813, 302, 569, 570, 521, 571, 829, 572, 830, 317, 573, 838, 839, 522, 336, 338, 344, 354, 357, 358, 523, 361, 877, 379, 380, 524, 388, 389, 901, 903, 905, 910, 589, 525, 923, 425, 512, 526, 596, 598, 454, 458, 527, 463, 601, 475, 605, 485, 486, 487, 488, 489, 490, 491, 492, 493, 494, 495, 496, 497, 498, 499, 500, 501, 502, 503, 504, 505, 506, 507, 508, 509, 510, 511]",True,"[2, 488]","[0, 1, 2, 3, 4, 5, 6, 7, 8, 9, 10, 11, 12, 13, 14, 15, 16, 17, 18, 19, 20, 21, 22, 23, 24, 25, 26, 27, 28, 29, 30, 31, 32, 33, 34, 35, 36, 37, 38, 39, 40, 41, 42, 43, 44, 45, 46, 47, 48, 49, 50, 51, 52, 53, 54, 55, 56, 57, 58, 59, 60, 61, 62, 63, 64, 65, 66, 67, 68, 69, 70, 71, 72, 73, 74, 75, 76, 77, 78, 79, 80, 81, 82, 83, 84, 85, 86, 87, 88, 89, 90, 91, 92, 93, 94, 95, 96, 97, 98, 99, 100, 101, 102, 485, 486, 487, 488, 489, 490, 491, 492, 493, 494, 495, 496, 497, 498, 499, 500, 501, 502, 503, 504, 505, 506, 507, 508, 509, 510, 511, 512, 513, 514, 515, 516, 517, 518, 519, 520, 521, 522, 523, 524, 525, 526, 527, 528, 529, 530, 531, 532, 533, 534, 535, 536, 537, 538, 539, 540, 541, 542, 543, 544, 545, 546, 547, 548, 549, 550, 551, 552, 553, 554, 555, 556, 557, 558, 559, 560, 561, 562, 563, 564, 565, 566, 567, 568, 569, 570, 571, 572, 573]","[2, 488]",[],"[2, 30, 58, 98, 338, 344, 357, 358, 361, 379, 380, 488, 513, 531, 569, 794, 800, 812, 813, 829, 830]","[1, 2, 13, 14, 29, 54, 55, 56, 57, 58, 60, 102, 118, 125, 127, 130, 134, 146, 149, 153, 175, 182, 187, 189, 191, 195, 197, 225, 230, 238, 264, 265, 266, 286, 302, 317, 336, 354, 379, 388, 389, 425, 454, 458, 463, 475, 487, 488, 498, 499, 512, 530, 531, 532, 533, 534, 536, 573, 589, 596, 598, 601, 605, 617, 620, 624, 646, 653, 658, 660, 662, 666, 668, 689, 694, 702, 724, 725, 745, 760, 775, 793, 809, 829, 838, 839, 877, 901, 903, 905, 910, 923]","[1, 13, 14, 29, 54, 55, 56, 57, 58, 60, 102, 118, 125, 127, 130, 134, 146, 149, 153, 175, 182, 187, 189, 191, 197, 225, 230, 238, 264, 265, 266, 286, 302, 317, 336, 379, 388, 389, 425, 454, 458, 463, 475, 487, 498, 499, 512, 530, 531, 532, 533, 534, 536, 573, 589, 596, 598, 601, 605, 617, 620, 624, 646, 653, 658, 660, 662, 668, 689, 694, 702, 724, 725, 745, 760, 775, 793, 829, 838, 839, 877, 901, 903, 905, 910, 923]",6/6 successful match,True,[512],True,552,False,,1.0,True,Carioca # 11 ( ( Vicksburg Shell ) Rd ) .,Shell
"Yuma , 85364 Circle K # 1948 ( Conoco )",928-344-0960 I-8 Exit 7 ( Arbay ),,Yuma,85364,Circle K # 1948 ( Conoco ),928-344-0960,2006,Yuma,AZ,Circle K,( Arbay ),I-8 Exit 7 ,Exit,7,False,,False,I-8,,,,,[],[],"[17, 41, 50, 59, 78, 89, 502, 522, 535, 560]","[198, 266, 316, 378, 422, 669, 774, 828, 874]","[0, 1, 2, 3, 4, 5, 6, 7, 8, 9, 10, 11, 12, 13, 14, 15, 16, 17, 18, 19, 20, 21, 22, 23, 24, 25, 26, 27, 28, 29, 30, 31, 32, 33, 34, 35, 36, 37, 38, 39, 40, 41, 42, 43, 44, 45, 46, 47, 48, 49, 50, 51, 52, 53, 54, 55, 56, 57, 58, 59, 60, 61, 62, 63, 64, 65, 66, 67, 68, 69, 70, 71, 72, 73, 74, 75, 76, 77, 78, 79, 80, 81, 82, 83, 84, 85, 86, 87, 88, 89, 90, 91, 92, 93, 94, 95, 96, 97, 98, 99, 100, 101, 102, 485, 486, 487, 488, 489, 490, 491, 492, 493, 494, 495, 496, 497, 498, 499, 500, 501, 502, 503, 504, 505, 506, 507, 508, 509, 510, 511, 512, 513, 514, 515, 516, 517, 518, 519, 520, 521, 522, 523, 524, 525, 526, 527, 528, 529, 530, 531, 532, 533, 534, 535, 536, 537, 538, 539, 540, 541, 542, 543, 544, 545, 546, 547, 548, 549, 550, 551, 552, 553, 554, 555, 556, 557, 558, 559, 560, 561, 562, 563, 564, 565, 566, 567, 568, 569, 570, 571, 572, 573]","[17, 25, 39, 41, 50, 55, 57, 59, 69, 78, 119, 174, 188, 189, 220, 250, 299, 486, 502, 520, 522, 532, 534, 535, 544, 590, 645, 659, 660, 713, 758]","[6, 7, 492, 493]","[3, 27, 349, 406, 451, 489, 510, 804, 855, 898]","[0, 1, 2, 3, 4, 5, 6, 7, 8, 9, 522, 10, 11, 12, 13, 14, 15, 17, 16, 18, 19, 20, 21, 535, 22, 23, 24, 25, 26, 27, 28, 29, 30, 31, 32, 33, 34, 35, 36, 37, 38, 41, 39, 40, 42, 43, 44, 45, 560, 46, 50, 47, 48, 49, 51, 53, 54, 55, 56, 59, 52, 57, 58, 60, 61, 62, 63, 64, 65, 66, 67, 68, 69, 70, 71, 72, 73, 74, 78, 75, 76, 77, 79, 80, 81, 82, 83, 84, 85, 89, 86, 87, 88, 90, 91, 92, 93, 94, 95, 96, 97, 98, 99, 100, 101, 102, 528, 529, 530, 513, 531, 532, 119, 533, 534, 645, 514, 536, 537, 538, 659, 660, 539, 669, 540, 515, 541, 542, 543, 174, 544, 545, 516, 546, 188, 189, 547, 198, 548, 713, 549, 550, 517, 551, 552, 220, 553, 554, 555, 518, 556, 557, 758, 558, 250, 559, 519, 774, 561, 266, 562, 563, 564, 565, 520, 566, 804, 567, 568, 299, 569, 570, 521, 571, 828, 316, 572, 573, 855, 349, 523, 874, 378, 524, 898, 406, 590, 525, 422, 512, 526, 451, 527, 485, 486, 487, 488, 489, 490, 491, 492, 493, 494, 495, 496, 497, 498, 499, 500, 501, 502, 503, 504, 505, 506, 507, 508, 509, 510, 511]",False,[],"[0, 1, 2, 3, 4, 5, 6, 7, 8, 9, 10, 11, 12, 13, 14, 15, 16, 17, 18, 19, 20, 21, 22, 23, 24, 25, 26, 27, 28, 29, 30, 31, 32, 33, 34, 35, 36, 37, 38, 39, 40, 41, 42, 43, 44, 45, 46, 47, 48, 49, 50, 51, 52, 53, 54, 55, 56, 57, 58, 59, 60, 61, 62, 63, 64, 65, 66, 67, 68, 69, 70, 71, 72, 73, 74, 75, 76, 77, 78, 79, 80, 81, 82, 83, 84, 85, 86, 87, 88, 89, 90, 91, 92, 93, 94, 95, 96, 97, 98, 99, 100, 101, 102, 485, 486, 487, 488, 489, 490, 491, 492, 493, 494, 495, 496, 497, 498, 499, 500, 501, 502, 503, 504, 505, 506, 507, 508, 509, 510, 511, 512, 513, 514, 515, 516, 517, 518, 519, 520, 521, 522, 523, 524, 525, 526, 527, 528, 529, 530, 531, 532, 533, 534, 535, 536, 537, 538, 539, 540, 541, 542, 543, 544, 545, 546, 547, 548, 549, 550, 551, 552, 553, 554, 555, 556, 557, 558, 559, 560, 561, 562, 563, 564, 565, 566, 567, 568, 569, 570, 571, 572, 573]","[17, 41, 50, 59, 78, 89, 502, 522, 535, 560]","[198, 266, 316, 378, 422, 669, 774, 828, 874]","[17, 25, 39, 41, 50, 55, 57, 59, 69, 78, 119, 174, 188, 189, 220, 250, 299, 486, 502, 520, 522, 532, 534, 535, 544, 590, 645, 659, 660, 713, 758]","[3, 27, 349, 406, 451, 489, 510, 804, 855, 898]","[6, 7, 492, 493]",5/6 successful match,False,,False,553,False,,,,,
"Yuma , 85364 Circle K # 1948",928-344-0960 I-8 Exit 7 ( Arbay ),24 S,Yuma,85364,Circle K # 1948,928-344-0960,2007,Yuma,AZ,Circle K,( Arbay ),I-8 Exit 7 ,Exit,7,False,,False,I-8,,,,,[],[],"[17, 41, 50, 59, 78, 89, 502, 522, 535, 560]","[198, 266, 316, 378, 422, 669, 774, 828, 874]","[0, 1, 2, 3, 4, 5, 6, 7, 8, 9, 10, 11, 12, 13, 14, 15, 16, 17, 18, 19, 20, 21, 22, 23, 24, 25, 26, 27, 28, 29, 30, 31, 32, 33, 34, 35, 36, 37, 38, 39, 40, 41, 42, 43, 44, 45, 46, 47, 48, 49, 50, 51, 52, 53, 54, 55, 56, 57, 58, 59, 60, 61, 62, 63, 64, 65, 66, 67, 68, 69, 70, 71, 72, 73, 74, 75, 76, 77, 78, 79, 80, 81, 82, 83, 84, 85, 86, 87, 88, 89, 90, 91, 92, 93, 94, 95, 96, 97, 98, 99, 100, 101, 102, 485, 486, 487, 488, 489, 490, 491, 492, 493, 494, 495, 496, 497, 498, 499, 500, 501, 502, 503, 504, 505, 506, 507, 508, 509, 510, 511, 512, 513, 514, 515, 516, 517, 518, 519, 520, 521, 522, 523, 524, 525, 526, 527, 528, 529, 530, 531, 532, 533, 534, 535, 536, 537, 538, 539, 540, 541, 542, 543, 544, 545, 546, 547, 548, 549, 550, 551, 552, 553, 554, 555, 556, 557, 558, 559, 560, 561, 562, 563, 564, 565, 566, 567, 568, 569, 570, 571, 572, 573]","[17, 25, 39, 41, 50, 55, 57, 59, 69, 78, 119, 174, 188, 189, 220, 250, 299, 486, 502, 520, 522, 532, 534, 535, 544, 590, 645, 659, 660, 713, 758]","[6, 7, 492, 493]",[],"[0, 1, 2, 3, 4, 5, 6, 7, 8, 9, 522, 10, 11, 12, 13, 14, 15, 17, 16, 18, 19, 20, 21, 535, 22, 23, 24, 25, 26, 27, 28, 29, 30, 31, 32, 33, 34, 35, 36, 37, 38, 41, 39, 40, 42, 43, 44, 45, 560, 46, 50, 47, 48, 49, 51, 53, 54, 55, 56, 59, 52, 57, 58, 60, 61, 62, 63, 64, 65, 66, 67, 68, 69, 70, 71, 72, 73, 74, 78, 75, 76, 77, 79, 80, 81, 82, 83, 84, 85, 89, 86, 87, 88, 90, 91, 92, 93, 94, 95, 96, 97, 98, 99, 100, 101, 102, 528, 529, 530, 513, 531, 532, 119, 533, 534, 645, 514, 536, 537, 538, 659, 660, 539, 669, 540, 515, 541, 542, 543, 174, 544, 545, 516, 546, 188, 189, 547, 198, 548, 713, 549, 550, 517, 551, 552, 220, 553, 554, 555, 518, 556, 557, 758, 558, 250, 559, 519, 774, 561, 266, 562, 563, 564, 565, 520, 566, 567, 568, 299, 569, 570, 521, 571, 828, 316, 572, 573, 523, 874, 378, 524, 590, 525, 422, 512, 526, 527, 485, 486, 487, 488, 489, 490, 491, 492, 493, 494, 495, 496, 497, 498, 499, 500, 501, 502, 503, 504, 505, 506, 507, 508, 509, 510, 511]",False,[],"[0, 1, 2, 3, 4, 5, 6, 7, 8, 9, 10, 11, 12, 13, 14, 15, 16, 17, 18, 19, 20, 21, 22, 23, 24, 25, 26, 27, 28, 29, 30, 31, 32, 33, 34, 35, 36, 37, 38, 39, 40, 41, 42, 43, 44, 45, 46, 47, 48, 49, 50, 51, 52, 53, 54, 55, 56, 57, 58, 59, 60, 61, 62, 63, 64, 65, 66, 67, 68, 69, 70, 71, 72, 73, 74, 75, 76, 77, 78, 79, 80, 81, 82, 83, 84, 85, 86, 87, 88, 89, 90, 91, 92, 93, 94, 95, 96, 97, 98, 99, 100, 101, 102, 485, 486, 487, 488, 489, 490, 491, 492, 493, 494, 495, 496, 497, 498, 499, 500, 501, 502, 503, 504, 505, 506, 507, 508, 509, 510, 511, 512, 513, 514, 515, 516, 517, 518, 519, 520, 521, 522, 523, 524, 525, 526, 527, 528, 529, 530, 531, 532, 533, 534, 535, 536, 537, 538, 539, 540, 541, 542, 543, 544, 545, 546, 547, 548, 549, 550, 551, 552, 553, 554, 555, 556, 557, 558, 559, 560, 561, 562, 563, 564, 565, 566, 567, 568, 569, 570, 571, 572, 573]","[17, 41, 50, 59, 78, 89, 502, 522, 535, 560]","[198, 266, 316, 378, 422, 669, 774, 828, 874]","[17, 25, 39, 41, 50, 55, 57, 59, 69, 78, 119, 174, 188, 189, 220, 250, 299, 486, 502, 520, 522, 532, 534, 535, 544, 590, 645, 659, 660, 713, 758]",[],"[6, 7, 492, 493]",6/6 successful match,False,,False,553,False,,0.9861788617886179,True,Circle K # 1948 ( Conoco ),Circle K
"Yuma , 85365 Love's Travel Stop # 349",928-341-9100 I-8 Exit 3,24 HRS M,Yuma,85365,Love's Travel Stop # 349,928-341-9100,2008,Yuma,AZ,Love's,,I-8 Exit 3,Exit,3,False,,False,I-8,,,,,"[41, 522]","[41, 50, 78, 89, 522, 560]","[17, 41, 50, 59, 78, 89, 502, 522, 535, 560]","[41, 234, 267, 290, 522, 698, 726, 749]","[0, 1, 2, 3, 4, 5, 6, 7, 8, 9, 10, 11, 12, 13, 14, 15, 16, 17, 18, 19, 20, 21, 22, 23, 24, 25, 26, 27, 28, 29, 30, 31, 32, 33, 34, 35, 36, 37, 38, 39, 40, 41, 42, 43, 44, 45, 46, 47, 48, 49, 50, 51, 52, 53, 54, 55, 56, 57, 58, 59, 60, 61, 62, 63, 64, 65, 66, 67, 68, 69, 70, 71, 72, 73, 74, 75, 76, 77, 78, 79, 80, 81, 82, 83, 84, 85, 86, 87, 88, 89, 90, 91, 92, 93, 94, 95, 96, 97, 98, 99, 100, 101, 102, 485, 486, 487, 488, 489, 490, 491, 492, 493, 494, 495, 496, 497, 498, 499, 500, 501, 502, 503, 504, 505, 506, 507, 508, 509, 510, 511, 512, 513, 514, 515, 516, 517, 518, 519, 520, 521, 522, 523, 524, 525, 526, 527, 528, 529, 530, 531, 532, 533, 534, 535, 536, 537, 538, 539, 540, 541, 542, 543, 544, 545, 546, 547, 548, 549, 550, 551, 552, 553, 554, 555, 556, 557, 558, 559, 560, 561, 562, 563, 564, 565, 566, 567, 568, 569, 570, 571, 572, 573]","[17, 25, 39, 41, 50, 55, 57, 59, 69, 78, 119, 174, 188, 189, 220, 250, 299, 486, 502, 520, 522, 532, 534, 535, 544, 590, 645, 659, 660, 713, 758]","[34, 35, 36, 37, 38, 39, 40, 41, 42, 43, 44, 45, 46, 47, 48, 201, 202, 203, 204, 205, 206, 207, 208, 209, 210, 211, 212, 213, 214, 215, 216, 355, 356, 357, 358, 359, 360, 361, 429, 430, 431, 432, 433, 434, 435, 515, 516, 517, 518, 519, 520, 521, 522, 523, 524, 525, 526, 527, 672, 673, 674, 675, 676, 677, 678, 679, 680, 681, 682, 683, 684, 810, 811, 812, 813, 814, 881, 882, 883, 884, 885, 886]","[32, 33, 34, 35, 36, 37, 38, 39, 40, 41, 42, 43, 44, 45, 46, 47, 48, 201, 202, 203, 204, 205, 206, 207, 208, 209, 210, 211, 212, 213, 214, 215, 216, 355, 356, 357, 358, 359, 360, 361, 429, 430, 431, 432, 433, 434, 435, 515, 516, 517, 518, 519, 520, 521, 522, 523, 524, 525, 526, 527, 672, 673, 674, 675, 676, 677, 678, 679, 680, 681, 682, 683, 684, 810, 811, 812, 813, 814, 881, 882, 883, 884, 885, 886]","[0, 1, 2, 3, 4, 5, 6, 7, 8, 9, 522, 10, 11, 12, 13, 14, 15, 17, 16, 18, 19, 20, 21, 535, 22, 23, 24, 25, 26, 27, 28, 29, 30, 31, 32, 33, 34, 35, 36, 37, 38, 41, 39, 40, 42, 43, 44, 45, 560, 46, 50, 47, 48, 49, 51, 52, 53, 54, 55, 59, 56, 57, 58, 60, 61, 62, 63, 64, 65, 66, 67, 68, 69, 70, 71, 72, 73, 74, 78, 75, 76, 77, 79, 80, 81, 82, 83, 84, 85, 89, 86, 87, 88, 90, 91, 92, 93, 94, 95, 96, 97, 98, 99, 100, 101, 102, 528, 529, 530, 513, 531, 532, 119, 533, 534, 645, 514, 536, 537, 538, 659, 660, 539, 540, 672, 515, 541, 673, 674, 675, 676, 542, 677, 678, 679, 680, 543, 681, 174, 682, 683, 684, 544, 545, 698, 516, 546, 188, 189, 547, 548, 713, 201, 549, 202, 203, 204, 205, 550, 206, 207, 517, 208, 551, 726, 209, 210, 211, 552, 212, 220, 213, 214, 553, 215, 216, 554, 555, 234, 518, 749, 556, 557, 758, 558, 250, 559, 519, 561, 267, 562, 563, 564, 565, 520, 566, 290, 567, 568, 299, 810, 811, 812, 569, 813, 814, 570, 521, 571, 572, 573, 355, 356, 357, 358, 359, 360, 523, 361, 881, 882, 883, 884, 885, 886, 524, 590, 525, 429, 430, 512, 431, 432, 433, 434, 526, 435, 527, 485, 486, 487, 488, 489, 490, 491, 492, 493, 494, 495, 496, 497, 498, 499, 500, 501, 502, 503, 504, 505, 506, 507, 508, 509, 510, 511]",True,"[41, 50, 78, 89, 522, 560]","[0, 1, 2, 3, 4, 5, 6, 7, 8, 9, 10, 11, 12, 13, 14, 15, 16, 17, 18, 19, 20, 21, 22, 23, 24, 25, 26, 27, 28, 29, 30, 31, 32, 33, 34, 35, 36, 37, 38, 39, 40, 41, 42, 43, 44, 45, 46, 47, 48, 49, 50, 51, 52, 53, 54, 55, 56, 57, 58, 59, 60, 61, 62, 63, 64, 65, 66, 67, 68, 69, 70, 71, 72, 73, 74, 75, 76, 77, 78, 79, 80, 81, 82, 83, 84, 85, 86, 87, 88, 89, 90, 91, 92, 93, 94, 95, 96, 97, 98, 99, 100, 101, 102, 485, 486, 487, 488, 489, 490, 491, 492, 493, 494, 495, 496, 497, 498, 499, 500, 501, 502, 503, 504, 505, 506, 507, 508, 509, 510, 511, 512, 513, 514, 515, 516, 517, 518, 519, 520, 521, 522, 523, 524, 525, 526, 527, 528, 529, 530, 531, 532, 533, 534, 535, 536, 537, 538, 539, 540, 541, 542, 543, 544, 545, 546, 547, 548, 549, 550, 551, 552, 553, 554, 555, 556, 557, 558, 559, 560, 561, 562, 563, 564, 565, 566, 567, 568, 569, 570, 571, 572, 573]","[17, 41, 50, 59, 78, 89, 502, 522, 535, 560]","[41, 234, 267, 290, 522, 698, 726, 749]","[17, 25, 39, 41, 50, 55, 57, 59, 69, 78, 119, 174, 188, 189, 220, 250, 299, 486, 502, 520, 522, 532, 534, 535, 544, 590, 645, 659, 660, 713, 758]","[32, 33, 34, 35, 36, 37, 38, 39, 40, 41, 42, 43, 44, 45, 46, 47, 48, 201, 202, 203, 204, 205, 206, 207, 208, 209, 210, 211, 212, 213, 214, 215, 216, 355, 356, 357, 358, 359, 360, 361, 429, 430, 431, 432, 433, 434, 435, 515, 516, 517, 518, 519, 520, 521, 522, 523, 524, 525, 526, 527, 672, 673, 674, 675, 676, 677, 678, 679, 680, 681, 682, 683, 684, 810, 811, 812, 813, 814, 881, 882, 883, 884, 885, 886]","[34, 35, 36, 37, 38, 39, 40, 41, 42, 43, 44, 45, 46, 47, 48, 201, 202, 203, 204, 205, 206, 207, 208, 209, 210, 211, 212, 213, 214, 215, 216, 355, 356, 357, 358, 359, 360, 361, 429, 430, 431, 432, 433, 434, 435, 515, 516, 517, 518, 519, 520, 521, 522, 523, 524, 525, 526, 527, 672, 673, 674, 675, 676, 677, 678, 679, 680, 681, 682, 683, 684, 810, 811, 812, 813, 814, 881, 882, 883, 884, 885, 886]",7/6 successful match,True,"[125, 126]",True,553,True,2008,0.1794871794871795,False,Circle K # 1948,Circle K
H Yuma ( 85365 ) Love's Travel Stop # 349 Rd ),928-341-9100 I-8 Exit 3,24 M,Yuma,85365,Love's Travel Stop # 349 Rd ),928-341-9100,2014,Yuma,AZ,Love's,,I-8 Exit 3,Exit,3,False,,False,I-8,,,,,"[41, 522]","[41, 50, 78, 89, 522, 560]","[17, 41, 50, 59, 78, 89, 502, 522, 535, 560]","[41, 234, 267, 290, 522, 698, 726, 749]","[0, 1, 2, 3, 4, 5, 6, 7, 8, 9, 10, 11, 12, 13, 14, 15, 16, 17, 18, 19, 20, 21, 22, 23, 24, 25, 26, 27, 28, 29, 30, 31, 32, 33, 34, 35, 36, 37, 38, 39, 40, 41, 42, 43, 44, 45, 46, 47, 48, 49, 50, 51, 52, 53, 54, 55, 56, 57, 58, 59, 60, 61, 62, 63, 64, 65, 66, 67, 68, 69, 70, 71, 72, 73, 74, 75, 76, 77, 78, 79, 80, 81, 82, 83, 84, 85, 86, 87, 88, 89, 90, 91, 92, 93, 94, 95, 96, 97, 98, 99, 100, 101, 102, 485, 486, 487, 488, 489, 490, 491, 492, 493, 494, 495, 496, 497, 498, 499, 500, 501, 502, 503, 504, 505, 506, 507, 508, 509, 510, 511, 512, 513, 514, 515, 516, 517, 518, 519, 520, 521, 522, 523, 524, 525, 526, 527, 528, 529, 530, 531, 532, 533, 534, 535, 536, 537, 538, 539, 540, 541, 542, 543, 544, 545, 546, 547, 548, 549, 550, 551, 552, 553, 554, 555, 556, 557, 558, 559, 560, 561, 562, 563, 564, 565, 566, 567, 568, 569, 570, 571, 572, 573]","[17, 25, 39, 41, 50, 55, 57, 59, 69, 78, 119, 174, 188, 189, 220, 250, 299, 486, 502, 520, 522, 532, 534, 535, 544, 590, 645, 659, 660, 713, 758]","[34, 35, 36, 37, 38, 39, 40, 41, 42, 43, 44, 45, 46, 47, 48, 201, 202, 203, 204, 205, 206, 207, 208, 209, 210, 211, 212, 213, 214, 215, 216, 355, 356, 357, 358, 359, 360, 361, 429, 430, 431, 432, 433, 434, 435, 515, 516, 517, 518, 519, 520, 521, 522, 523, 524, 525, 526, 527, 672, 673, 674, 675, 676, 677, 678, 679, 680, 681, 682, 683, 684, 810, 811, 812, 813, 814, 881, 882, 883, 884, 885, 886]","[32, 33, 34, 35, 36, 37, 38, 39, 40, 41, 42, 43, 44, 45, 46, 47, 48, 201, 202, 203, 204, 205, 206, 207, 208, 209, 210, 211, 212, 213, 214, 215, 216, 355, 356, 357, 358, 359, 360, 361, 429, 430, 431, 432, 433, 434, 435, 515, 516, 517, 518, 519, 520, 521, 522, 523, 524, 525, 526, 527, 672, 673, 674, 675, 676, 677, 678, 679, 680, 681, 682, 683, 684, 810, 811, 812, 813, 814, 881, 882, 883, 884, 885, 886]","[0, 1, 2, 3, 4, 5, 6, 7, 8, 9, 522, 10, 11, 12, 13, 14, 15, 17, 16, 18, 19, 20, 21, 535, 22, 23, 24, 25, 26, 27, 28, 29, 30, 31, 32, 33, 34, 35, 36, 37, 38, 41, 39, 40, 42, 43, 44, 45, 560, 46, 50, 47, 48, 49, 51, 52, 53, 54, 55, 59, 56, 57, 58, 60, 61, 62, 63, 64, 65, 66, 67, 68, 69, 70, 71, 72, 73, 74, 78, 75, 76, 77, 79, 80, 81, 82, 83, 84, 85, 89, 86, 87, 88, 90, 91, 92, 93, 94, 95, 96, 97, 98, 99, 100, 101, 102, 528, 529, 530, 513, 531, 532, 119, 533, 534, 645, 514, 536, 537, 538, 659, 660, 539, 540, 672, 515, 541, 673, 674, 675, 676, 542, 677, 678, 679, 680, 543, 681, 174, 682, 683, 684, 544, 545, 698, 516, 546, 188, 189, 547, 548, 713, 201, 549, 202, 203, 204, 205, 550, 206, 207, 517, 208, 551, 726, 209, 210, 211, 552, 212, 220, 213, 214, 553, 215, 216, 554, 555, 234, 518, 749, 556, 557, 758, 558, 250, 559, 519, 561, 267, 562, 563, 564, 565, 520, 566, 290, 567, 568, 299, 810, 811, 812, 569, 813, 814, 570, 521, 571, 572, 573, 355, 356, 357, 358, 359, 360, 523, 361, 881, 882, 883, 884, 885, 886, 524, 590, 525, 429, 430, 512, 431, 432, 433, 434, 526, 435, 527, 485, 486, 487, 488, 489, 490, 491, 492, 493, 494, 495, 496, 497, 498, 499, 500, 501, 502, 503, 504, 505, 506, 507, 508, 509, 510, 511]",True,"[41, 50, 78, 89, 522, 560]","[0, 1, 2, 3, 4, 5, 6, 7, 8, 9, 10, 11, 12, 13, 14, 15, 16, 17, 18, 19, 20, 21, 22, 23, 24, 25, 26, 27, 28, 29, 30, 31, 32, 33, 34, 35, 36, 37, 38, 39, 40, 41, 42, 43, 44, 45, 46, 47, 48, 49, 50, 51, 52, 53, 54, 55, 56, 57, 58, 59, 60, 61, 62, 63, 64, 65, 66, 67, 68, 69, 70, 71, 72, 73, 74, 75, 76, 77, 78, 79, 80, 81, 82, 83, 84, 85, 86, 87, 88, 89, 90, 91, 92, 93, 94, 95, 96, 97, 98, 99, 100, 101, 102, 485, 486, 487, 488, 489, 490, 491, 492, 493, 494, 495, 496, 497, 498, 499, 500, 501, 502, 503, 504, 505, 506, 507, 508, 509, 510, 511, 512, 513, 514, 515, 516, 517, 518, 519, 520, 521, 522, 523, 524, 525, 526, 527, 528, 529, 530, 531, 532, 533, 534, 535, 536, 537, 538, 539, 540, 541, 542, 543, 544, 545, 546, 547, 548, 549, 550, 551, 552, 553, 554, 555, 556, 557, 558, 559, 560, 561, 562, 563, 564, 565, 566, 567, 568, 569, 570, 571, 572, 573]","[17, 41, 50, 59, 78, 89, 502, 522, 535, 560]","[41, 234, 267, 290, 522, 698, 726, 749]","[17, 25, 39, 41, 50, 55, 57, 59, 69, 78, 119, 174, 188, 189, 220, 250, 299, 486, 502, 520, 522, 532, 534, 535, 544, 590, 645, 659, 660, 713, 758]","[32, 33, 34, 35, 36, 37, 38, 39, 40, 41, 42, 43, 44, 45, 46, 47, 48, 201, 202, 203, 204, 205, 206, 207, 208, 209, 210, 211, 212, 213, 214, 215, 216, 355, 356, 357, 358, 359, 360, 361, 429, 430, 431, 432, 433, 434, 435, 515, 516, 517, 518, 519, 520, 521, 522, 523, 524, 525, 526, 527, 672, 673, 674, 675, 676, 677, 678, 679, 680, 681, 682, 683, 684, 810, 811, 812, 813, 814, 881, 882, 883, 884, 885, 886]","[34, 35, 36, 37, 38, 39, 40, 41, 42, 43, 44, 45, 46, 47, 48, 201, 202, 203, 204, 205, 206, 207, 208, 209, 210, 211, 212, 213, 214, 215, 216, 355, 356, 357, 358, 359, 360, 361, 429, 430, 431, 432, 433, 434, 435, 515, 516, 517, 518, 519, 520, 521, 522, 523, 524, 525, 526, 527, 672, 673, 674, 675, 676, 677, 678, 679, 680, 681, 682, 683, 684, 810, 811, 812, 813, 814, 881, 882, 883, 884, 885, 886]",7/6 successful match,True,"[125, 126]",True,553,False,,1.0,True,Love's Travel Stop # 349,Love's
Yuma ( 85365 ) Love's Travel Stop # 349,928-341-9100 I-8 Exit 3,M,Yuma,85365,Love's Travel Stop # 349,928-341-9100,2015,Yuma,AZ,Love's,,I-8 Exit 3,Exit,3,False,,False,I-8,,,,,"[41, 522]","[41, 50, 78, 89, 522, 560]","[17, 41, 50, 59, 78, 89, 502, 522, 535, 560]","[41, 234, 267, 290, 522, 698, 726, 749]","[0, 1, 2, 3, 4, 5, 6, 7, 8, 9, 10, 11, 12, 13, 14, 15, 16, 17, 18, 19, 20, 21, 22, 23, 24, 25, 26, 27, 28, 29, 30, 31, 32, 33, 34, 35, 36, 37, 38, 39, 40, 41, 42, 43, 44, 45, 46, 47, 48, 49, 50, 51, 52, 53, 54, 55, 56, 57, 58, 59, 60, 61, 62, 63, 64, 65, 66, 67, 68, 69, 70, 71, 72, 73, 74, 75, 76, 77, 78, 79, 80, 81, 82, 83, 84, 85, 86, 87, 88, 89, 90, 91, 92, 93, 94, 95, 96, 97, 98, 99, 100, 101, 102, 485, 486, 487, 488, 489, 490, 491, 492, 493, 494, 495, 496, 497, 498, 499, 500, 501, 502, 503, 504, 505, 506, 507, 508, 509, 510, 511, 512, 513, 514, 515, 516, 517, 518, 519, 520, 521, 522, 523, 524, 525, 526, 527, 528, 529, 530, 531, 532, 533, 534, 535, 536, 537, 538, 539, 540, 541, 542, 543, 544, 545, 546, 547, 548, 549, 550, 551, 552, 553, 554, 555, 556, 557, 558, 559, 560, 561, 562, 563, 564, 565, 566, 567, 568, 569, 570, 571, 572, 573]","[17, 25, 39, 41, 50, 55, 57, 59, 69, 78, 119, 174, 188, 189, 220, 250, 299, 486, 502, 520, 522, 532, 534, 535, 544, 590, 645, 659, 660, 713, 758]","[34, 35, 36, 37, 38, 39, 40, 41, 42, 43, 44, 45, 46, 47, 48, 201, 202, 203, 204, 205, 206, 207, 208, 209, 210, 211, 212, 213, 214, 215, 216, 355, 356, 357, 358, 359, 360, 361, 429, 430, 431, 432, 433, 434, 435, 515, 516, 517, 518, 519, 520, 521, 522, 523, 524, 525, 526, 527, 672, 673, 674, 675, 676, 677, 678, 679, 680, 681, 682, 683, 684, 810, 811, 812, 813, 814, 881, 882, 883, 884, 885, 886]","[32, 33, 34, 35, 36, 37, 38, 39, 40, 41, 42, 43, 44, 45, 46, 47, 48, 201, 202, 203, 204, 205, 206, 207, 208, 209, 210, 211, 212, 213, 214, 215, 216, 355, 356, 357, 358, 359, 360, 361, 429, 430, 431, 432, 433, 434, 435, 515, 516, 517, 518, 519, 520, 521, 522, 523, 524, 525, 526, 527, 672, 673, 674, 675, 676, 677, 678, 679, 680, 681, 682, 683, 684, 810, 811, 812, 813, 814, 881, 882, 883, 884, 885, 886]","[0, 1, 2, 3, 4, 5, 6, 7, 8, 9, 522, 10, 11, 12, 13, 14, 15, 17, 16, 18, 19, 20, 21, 535, 22, 23, 24, 25, 26, 27, 28, 29, 30, 31, 32, 33, 34, 35, 36, 37, 38, 41, 39, 40, 42, 43, 44, 45, 560, 46, 50, 47, 48, 49, 51, 52, 53, 54, 55, 59, 56, 57, 58, 60, 61, 62, 63, 64, 65, 66, 67, 68, 69, 70, 71, 72, 73, 74, 78, 75, 76, 77, 79, 80, 81, 82, 83, 84, 85, 89, 86, 87, 88, 90, 91, 92, 93, 94, 95, 96, 97, 98, 99, 100, 101, 102, 528, 529, 530, 513, 531, 532, 119, 533, 534, 645, 514, 536, 537, 538, 659, 660, 539, 540, 672, 515, 541, 673, 674, 675, 676, 542, 677, 678, 679, 680, 543, 681, 174, 682, 683, 684, 544, 545, 698, 516, 546, 188, 189, 547, 548, 713, 201, 549, 202, 203, 204, 205, 550, 206, 207, 517, 208, 551, 726, 209, 210, 211, 552, 212, 220, 213, 214, 553, 215, 216, 554, 555, 234, 518, 749, 556, 557, 758, 558, 250, 559, 519, 561, 267, 562, 563, 564, 565, 520, 566, 290, 567, 568, 299, 810, 811, 812, 569, 813, 814, 570, 521, 571, 572, 573, 355, 356, 357, 358, 359, 360, 523, 361, 881, 882, 883, 884, 885, 886, 524, 590, 525, 429, 430, 512, 431, 432, 433, 434, 526, 435, 527, 485, 486, 487, 488, 489, 490, 491, 492, 493, 494, 495, 496, 497, 498, 499, 500, 501, 502, 503, 504, 505, 506, 507, 508, 509, 510, 511]",True,"[41, 50, 78, 89, 522, 560]","[0, 1, 2, 3, 4, 5, 6, 7, 8, 9, 10, 11, 12, 13, 14, 15, 16, 17, 18, 19, 20, 21, 22, 23, 24, 25, 26, 27, 28, 29, 30, 31, 32, 33, 34, 35, 36, 37, 38, 39, 40, 41, 42, 43, 44, 45, 46, 47, 48, 49, 50, 51, 52, 53, 54, 55, 56, 57, 58, 59, 60, 61, 62, 63, 64, 65, 66, 67, 68, 69, 70, 71, 72, 73, 74, 75, 76, 77, 78, 79, 80, 81, 82, 83, 84, 85, 86, 87, 88, 89, 90, 91, 92, 93, 94, 95, 96, 97, 98, 99, 100, 101, 102, 485, 486, 487, 488, 489, 490, 491, 492, 493, 494, 495, 496, 497, 498, 499, 500, 501, 502, 503, 504, 505, 506, 507, 508, 509, 510, 511, 512, 513, 514, 515, 516, 517, 518, 519, 520, 521, 522, 523, 524, 525, 526, 527, 528, 529, 530, 531, 532, 533, 534, 535, 536, 537, 538, 539, 540, 541, 542, 543, 544, 545, 546, 547, 548, 549, 550, 551, 552, 553, 554, 555, 556, 557, 558, 559, 560, 561, 562, 563, 564, 565, 566, 567, 568, 569, 570, 571, 572, 573]","[17, 41, 50, 59, 78, 89, 502, 522, 535, 560]","[41, 234, 267, 290, 522, 698, 726, 749]","[17, 25, 39, 41, 50, 55, 57, 59, 69, 78, 119, 174, 188, 189, 220, 250, 299, 486, 502, 520, 522, 532, 534, 535, 544, 590, 645, 659, 660, 713, 758]","[32, 33, 34, 35, 36, 37, 38, 39, 40, 41, 42, 43, 44, 45, 46, 47, 48, 201, 202, 203, 204, 205, 206, 207, 208, 209, 210, 211, 212, 213, 214, 215, 216, 355, 356, 357, 358, 359, 360, 361, 429, 430, 431, 432, 433, 434, 435, 515, 516, 517, 518, 519, 520, 521, 522, 523, 524, 525, 526, 527, 672, 673, 674, 675, 676, 677, 678, 679, 680, 681, 682, 683, 684, 810, 811, 812, 813, 814, 881, 882, 883, 884, 885, 886]","[34, 35, 36, 37, 38, 39, 40, 41, 42, 43, 44, 45, 46, 47, 48, 201, 202, 203, 204, 205, 206, 207, 208, 209, 210, 211, 212, 213, 214, 215, 216, 355, 356, 357, 358, 359, 360, 361, 429, 430, 431, 432, 433, 434, 435, 515, 516, 517, 518, 519, 520, 521, 522, 523, 524, 525, 526, 527, 672, 673, 674, 675, 676, 677, 678, 679, 680, 681, 682, 683, 684, 810, 811, 812, 813, 814, 881, 882, 883, 884, 885, 886]",7/6 successful match,True,"[125, 126]",True,553,False,,1.0,True,Love's Travel Stop # 349 Rd ),Love's
Yuma ( 85365 ) Love's Travel Stop # 349,928-341-9100 I-8 Exit 3,24 ze <U+25A1> M 240,Yuma,85365,Love's Travel Stop # 349,928-341-9100,2016,Yuma,AZ,Love's,,I-8 Exit 3,Exit,3,False,,False,I-8,,,,,"[41, 522]","[41, 50, 78, 89, 522, 560]","[17, 41, 50, 59, 78, 89, 502, 522, 535, 560]","[41, 234, 267, 290, 522, 698, 726, 749]","[0, 1, 2, 3, 4, 5, 6, 7, 8, 9, 10, 11, 12, 13, 14, 15, 16, 17, 18, 19, 20, 21, 22, 23, 24, 25, 26, 27, 28, 29, 30, 31, 32, 33, 34, 35, 36, 37, 38, 39, 40, 41, 42, 43, 44, 45, 46, 47, 48, 49, 50, 51, 52, 53, 54, 55, 56, 57, 58, 59, 60, 61, 62, 63, 64, 65, 66, 67, 68, 69, 70, 71, 72, 73, 74, 75, 76, 77, 78, 79, 80, 81, 82, 83, 84, 85, 86, 87, 88, 89, 90, 91, 92, 93, 94, 95, 96, 97, 98, 99, 100, 101, 102, 485, 486, 487, 488, 489, 490, 491, 492, 493, 494, 495, 496, 497, 498, 499, 500, 501, 502, 503, 504, 505, 506, 507, 508, 509, 510, 511, 512, 513, 514, 515, 516, 517, 518, 519, 520, 521, 522, 523, 524, 525, 526, 527, 528, 529, 530, 531, 532, 533, 534, 535, 536, 537, 538, 539, 540, 541, 542, 543, 544, 545, 546, 547, 548, 549, 550, 551, 552, 553, 554, 555, 556, 557, 558, 559, 560, 561, 562, 563, 564, 565, 566, 567, 568, 569, 570, 571, 572, 573]","[17, 25, 39, 41, 50, 55, 57, 59, 69, 78, 119, 174, 188, 189, 220, 250, 299, 486, 502, 520, 522, 532, 534, 535, 544, 590, 645, 659, 660, 713, 758]","[34, 35, 36, 37, 38, 39, 40, 41, 42, 43, 44, 45, 46, 47, 48, 201, 202, 203, 204, 205, 206, 207, 208, 209, 210, 211, 212, 213, 214, 215, 216, 355, 356, 357, 358, 359, 360, 361, 429, 430, 431, 432, 433, 434, 435, 515, 516, 517, 518, 519, 520, 521, 522, 523, 524, 525, 526, 527, 672, 673, 674, 675, 676, 677, 678, 679, 680, 681, 682, 683, 684, 810, 811, 812, 813, 814, 881, 882, 883, 884, 885, 886]","[32, 33, 34, 35, 36, 37, 38, 39, 40, 41, 42, 43, 44, 45, 46, 47, 48, 201, 202, 203, 204, 205, 206, 207, 208, 209, 210, 211, 212, 213, 214, 215, 216, 355, 356, 357, 358, 359, 360, 361, 429, 430, 431, 432, 433, 434, 435, 515, 516, 517, 518, 519, 520, 521, 522, 523, 524, 525, 526, 527, 672, 673, 674, 675, 676, 677, 678, 679, 680, 681, 682, 683, 684, 810, 811, 812, 813, 814, 881, 882, 883, 884, 885, 886]","[0, 1, 2, 3, 4, 5, 6, 7, 8, 9, 522, 10, 11, 12, 13, 14, 15, 17, 16, 18, 19, 20, 21, 535, 22, 23, 24, 25, 26, 27, 28, 29, 30, 31, 32, 33, 34, 35, 36, 37, 38, 41, 39, 40, 42, 43, 44, 45, 560, 46, 50, 47, 48, 49, 51, 52, 53, 54, 55, 59, 56, 57, 58, 60, 61, 62, 63, 64, 65, 66, 67, 68, 69, 70, 71, 72, 73, 74, 78, 75, 76, 77, 79, 80, 81, 82, 83, 84, 85, 89, 86, 87, 88, 90, 91, 92, 93, 94, 95, 96, 97, 98, 99, 100, 101, 102, 528, 529, 530, 513, 531, 532, 119, 533, 534, 645, 514, 536, 537, 538, 659, 660, 539, 540, 672, 515, 541, 673, 674, 675, 676, 542, 677, 678, 679, 680, 543, 681, 174, 682, 683, 684, 544, 545, 698, 516, 546, 188, 189, 547, 548, 713, 201, 549, 202, 203, 204, 205, 550, 206, 207, 517, 208, 551, 726, 209, 210, 211, 552, 212, 220, 213, 214, 553, 215, 216, 554, 555, 234, 518, 749, 556, 557, 758, 558, 250, 559, 519, 561, 267, 562, 563, 564, 565, 520, 566, 290, 567, 568, 299, 810, 811, 812, 569, 813, 814, 570, 521, 571, 572, 573, 355, 356, 357, 358, 359, 360, 523, 361, 881, 882, 883, 884, 885, 886, 524, 590, 525, 429, 430, 512, 431, 432, 433, 434, 526, 435, 527, 485, 486, 487, 488, 489, 490, 491, 492, 493, 494, 495, 496, 497, 498, 499, 500, 501, 502, 503, 504, 505, 506, 507, 508, 509, 510, 511]",True,"[41, 50, 78, 89, 522, 560]","[0, 1, 2, 3, 4, 5, 6, 7, 8, 9, 10, 11, 12, 13, 14, 15, 16, 17, 18, 19, 20, 21, 22, 23, 24, 25, 26, 27, 28, 29, 30, 31, 32, 33, 34, 35, 36, 37, 38, 39, 40, 41, 42, 43, 44, 45, 46, 47, 48, 49, 50, 51, 52, 53, 54, 55, 56, 57, 58, 59, 60, 61, 62, 63, 64, 65, 66, 67, 68, 69, 70, 71, 72, 73, 74, 75, 76, 77, 78, 79, 80, 81, 82, 83, 84, 85, 86, 87, 88, 89, 90, 91, 92, 93, 94, 95, 96, 97, 98, 99, 100, 101, 102, 485, 486, 487, 488, 489, 490, 491, 492, 493, 494, 495, 496, 497, 498, 499, 500, 501, 502, 503, 504, 505, 506, 507, 508, 509, 510, 511, 512, 513, 514, 515, 516, 517, 518, 519, 520, 521, 522, 523, 524, 525, 526, 527, 528, 529, 530, 531, 532, 533, 534, 535, 536, 537, 538, 539, 540, 541, 542, 543, 544, 545, 546, 547, 548, 549, 550, 551, 552, 553, 554, 555, 556, 557, 558, 559, 560, 561, 562, 563, 564, 565, 566, 567, 568, 569, 570, 571, 572, 573]","[17, 41, 50, 59, 78, 89, 502, 522, 535, 560]","[41, 234, 267, 290, 522, 698, 726, 749]","[17, 25, 39, 41, 50, 55, 57, 59, 69, 78, 119, 174, 188, 189, 220, 250, 299, 486, 502, 520, 522, 532, 534, 535, 544, 590, 645, 659, 660, 713, 758]","[32, 33, 34, 35, 36, 37, 38, 39, 40, 41, 42, 43, 44, 45, 46, 47, 48, 201, 202, 203, 204, 205, 206, 207, 208, 209, 210, 211, 212, 213, 214, 215, 216, 355, 356, 357, 358, 359, 360, 361, 429, 430, 431, 432, 433, 434, 435, 515, 516, 517, 518, 519, 520, 521, 522, 523, 524, 525, 526, 527, 672, 673, 674, 675, 676, 677, 678, 679, 680, 681, 682, 683, 684, 810, 811, 812, 813, 814, 881, 882, 883, 884, 885, 886]","[34, 35, 36, 37, 38, 39, 40, 41, 42, 43, 44, 45, 46, 47, 48, 201, 202, 203, 204, 205, 206, 207, 208, 209, 210, 211, 212, 213, 214, 215, 216, 355, 356, 357, 358, 359, 360, 361, 429, 430, 431, 432, 433, 434, 435, 515, 516, 517, 518, 519, 520, 521, 522, 523, 524, 525, 526, 527, 672, 673, 674, 675, 676, 677, 678, 679, 680, 681, 682, 683, 684, 810, 811, 812, 813, 814, 881, 882, 883, 884, 885, 886]",7/6 successful match,True,"[125, 126]",True,553,False,,1.0,True,Love's Travel Stop # 349,Love's
"Benson , 85602 Gas City # 90 ( Coastal )",520-586-7151 I-10 Exit 302 ( AZ 90 ),FRS XL M,Benson,85602,Gas City # 90 ( Coastal ),520-586-7151,2006,Benson,AZ,,( AZ 90 ),I-10 Exit 302 ,Exit,302,False,,False,I-10,,,,,"[44, 524]","[33, 44, 524]","[33, 44, 524]","[44, 524]","[0, 1, 2, 3, 4, 5, 6, 7, 8, 9, 10, 11, 12, 13, 14, 15, 16, 17, 18, 19, 20, 21, 22, 23, 24, 25, 26, 27, 28, 29, 30, 31, 32, 33, 34, 35, 36, 37, 38, 39, 40, 41, 42, 43, 44, 45, 46, 47, 48, 49, 50, 51, 52, 53, 54, 55, 56, 57, 58, 59, 60, 61, 62, 63, 64, 65, 66, 67, 68, 69, 70, 71, 72, 73, 74, 75, 76, 77, 78, 79, 80, 81, 82, 83, 84, 85, 86, 87, 88, 89, 90, 91, 92, 93, 94, 95, 96, 97, 98, 99, 100, 101, 102, 485, 486, 487, 488, 489, 490, 491, 492, 493, 494, 495, 496, 497, 498, 499, 500, 501, 502, 503, 504, 505, 506, 507, 508, 509, 510, 511, 512, 513, 514, 515, 516, 517, 518, 519, 520, 521, 522, 523, 524, 525, 526, 527, 528, 529, 530, 531, 532, 533, 534, 535, 536, 537, 538, 539, 540, 541, 542, 543, 544, 545, 546, 547, 548, 549, 550, 551, 552, 553, 554, 555, 556, 557, 558, 559, 560, 561, 562, 563, 564, 565, 566, 567, 568, 569, 570, 571, 572, 573]","[0, 5, 7, 10, 14, 19, 20, 22, 24, 32, 33, 34, 37, 38, 40, 44, 46, 48, 49, 51, 56, 61, 63, 65, 67, 68, 73, 74, 75, 76, 79, 81, 82, 83, 85, 87, 88, 92, 93, 95, 96, 99, 100, 101, 115, 116, 124, 134, 142, 161, 167, 169, 170, 186, 202, 240, 244, 254, 260, 267, 277, 300, 303, 307, 310, 322, 331, 376, 485, 491, 493, 495, 499, 503, 504, 506, 508, 515, 518, 519, 521, 524, 526, 528, 533, 537, 539, 542, 543, 547, 548, 549, 550, 551, 553, 554, 556, 558, 559, 563, 564, 566, 567, 570, 571, 572, 586, 587, 595, 605, 613, 633, 639, 640, 641, 657, 672, 704, 717, 726, 736, 759, 761, 765, 768, 780, 788, 792, 826]",[],[],"[0, 1, 2, 3, 4, 5, 6, 7, 8, 9, 10, 11, 524, 12, 13, 14, 15, 16, 17, 18, 19, 20, 21, 22, 23, 24, 25, 26, 27, 28, 29, 30, 31, 33, 32, 34, 35, 36, 37, 38, 39, 40, 41, 42, 44, 43, 45, 46, 47, 48, 49, 50, 51, 52, 53, 54, 55, 56, 57, 58, 59, 60, 61, 62, 63, 64, 65, 66, 67, 68, 69, 70, 71, 72, 73, 74, 75, 76, 77, 78, 79, 80, 81, 82, 83, 84, 85, 86, 87, 88, 89, 90, 91, 92, 93, 94, 95, 96, 97, 98, 99, 100, 101, 102, 528, 529, 613, 530, 513, 531, 115, 116, 532, 633, 533, 124, 534, 639, 640, 641, 535, 134, 514, 536, 537, 142, 657, 538, 539, 540, 672, 515, 541, 161, 542, 167, 169, 170, 543, 544, 545, 516, 186, 546, 704, 547, 548, 202, 549, 717, 550, 517, 551, 726, 552, 553, 736, 554, 555, 518, 556, 240, 557, 244, 759, 558, 761, 559, 254, 765, 768, 560, 260, 519, 561, 267, 562, 780, 563, 788, 277, 564, 792, 565, 520, 566, 567, 568, 300, 569, 303, 307, 570, 310, 521, 571, 826, 572, 322, 573, 331, 522, 523, 376, 586, 587, 525, 512, 595, 526, 527, 605, 485, 486, 487, 488, 489, 490, 491, 492, 493, 494, 495, 496, 497, 498, 499, 500, 501, 502, 503, 504, 505, 506, 507, 508, 509, 510, 511]",True,"[33, 44, 524]","[0, 1, 2, 3, 4, 5, 6, 7, 8, 9, 10, 11, 12, 13, 14, 15, 16, 17, 18, 19, 20, 21, 22, 23, 24, 25, 26, 27, 28, 29, 30, 31, 32, 33, 34, 35, 36, 37, 38, 39, 40, 41, 42, 43, 44, 45, 46, 47, 48, 49, 50, 51, 52, 53, 54, 55, 56, 57, 58, 59, 60, 61, 62, 63, 64, 65, 66, 67, 68, 69, 70, 71, 72, 73, 74, 75, 76, 77, 78, 79, 80, 81, 82, 83, 84, 85, 86, 87, 88, 89, 90, 91, 92, 93, 94, 95, 96, 97, 98, 99, 100, 101, 102, 485, 486, 487, 488, 489, 490, 491, 492, 493, 494, 495, 496, 497, 498, 499, 500, 501, 502, 503, 504, 505, 506, 507, 508, 509, 510, 511, 512, 513, 514, 515, 516, 517, 518, 519, 520, 521, 522, 523, 524, 525, 526, 527, 528, 529, 530, 531, 532, 533, 534, 535, 536, 537, 538, 539, 540, 541, 542, 543, 544, 545, 546, 547, 548, 549, 550, 551, 552, 553, 554, 555, 556, 557, 558, 559, 560, 561, 562, 563, 564, 565, 566, 567, 568, 569, 570, 571, 572, 573]","[33, 44, 524]","[44, 524]","[0, 5, 7, 10, 14, 19, 20, 22, 24, 32, 33, 34, 37, 38, 40, 44, 46, 48, 49, 51, 56, 61, 63, 65, 67, 68, 73, 74, 75, 76, 79, 81, 82, 83, 85, 87, 88, 92, 93, 95, 96, 99, 100, 101, 115, 116, 124, 134, 142, 161, 167, 169, 170, 186, 202, 240, 244, 254, 260, 267, 277, 300, 303, 307, 310, 322, 331, 376, 485, 491, 493, 495, 499, 503, 504, 506, 508, 515, 518, 519, 521, 524, 526, 528, 533, 537, 539, 542, 543, 547, 548, 549, 550, 551, 553, 554, 556, 558, 559, 563, 564, 566, 567, 570, 571, 572, 586, 587, 595, 605, 613, 633, 639, 640, 641, 657, 672, 704, 717, 726, 736, 759, 761, 765, 768, 780, 788, 792, 826]",[],[],7/6 successful match,True,,False,554,False,,,,,
"Benson , 85602 Gas City # 90 ( Coastal )",520-586-7151 I-10 Exit 302 ( AZ 90 ),24,Benson,85602,Gas City # 90 ( Coastal ),520-586-7151,2007,Benson,AZ,,( AZ 90 ),I-10 Exit 302 ,Exit,302,False,,False,I-10,,,,,"[44, 524]","[33, 44, 524]","[33, 44, 524]","[44, 524]","[0, 1, 2, 3, 4, 5, 6, 7, 8, 9, 10, 11, 12, 13, 14, 15, 16, 17, 18, 19, 20, 21, 22, 23, 24, 25, 26, 27, 28, 29, 30, 31, 32, 33, 34, 35, 36, 37, 38, 39, 40, 41, 42, 43, 44, 45, 46, 47, 48, 49, 50, 51, 52, 53, 54, 55, 56, 57, 58, 59, 60, 61, 62, 63, 64, 65, 66, 67, 68, 69, 70, 71, 72, 73, 74, 75, 76, 77, 78, 79, 80, 81, 82, 83, 84, 85, 86, 87, 88, 89, 90, 91, 92, 93, 94, 95, 96, 97, 98, 99, 100, 101, 102, 485, 486, 487, 488, 489, 490, 491, 492, 493, 494, 495, 496, 497, 498, 499, 500, 501, 502, 503, 504, 505, 506, 507, 508, 509, 510, 511, 512, 513, 514, 515, 516, 517, 518, 519, 520, 521, 522, 523, 524, 525, 526, 527, 528, 529, 530, 531, 532, 533, 534, 535, 536, 537, 538, 539, 540, 541, 542, 543, 544, 545, 546, 547, 548, 549, 550, 551, 552, 553, 554, 555, 556, 557, 558, 559, 560, 561, 562, 563, 564, 565, 566, 567, 568, 569, 570, 571, 572, 573]","[0, 5, 7, 10, 14, 19, 20, 22, 24, 32, 33, 34, 37, 38, 40, 44, 46, 48, 49, 51, 56, 61, 63, 65, 67, 68, 73, 74, 75, 76, 79, 81, 82, 83, 85, 87, 88, 92, 93, 95, 96, 99, 100, 101, 115, 116, 124, 134, 142, 161, 167, 169, 170, 186, 202, 240, 244, 254, 260, 267, 277, 300, 303, 307, 310, 322, 331, 376, 485, 491, 493, 495, 499, 503, 504, 506, 508, 515, 518, 519, 521, 524, 526, 528, 533, 537, 539, 542, 543, 547, 548, 549, 550, 551, 553, 554, 556, 558, 559, 563, 564, 566, 567, 570, 571, 572, 586, 587, 595, 605, 613, 633, 639, 640, 641, 657, 672, 704, 717, 726, 736, 759, 761, 765, 768, 780, 788, 792, 826]",[],[],"[0, 1, 2, 3, 4, 5, 6, 7, 8, 9, 10, 11, 524, 12, 13, 14, 15, 16, 17, 18, 19, 20, 21, 22, 23, 24, 25, 26, 27, 28, 29, 30, 31, 33, 32, 34, 35, 36, 37, 38, 39, 40, 41, 42, 44, 43, 45, 46, 47, 48, 49, 50, 51, 52, 53, 54, 55, 56, 57, 58, 59, 60, 61, 62, 63, 64, 65, 66, 67, 68, 69, 70, 71, 72, 73, 74, 75, 76, 77, 78, 79, 80, 81, 82, 83, 84, 85, 86, 87, 88, 89, 90, 91, 92, 93, 94, 95, 96, 97, 98, 99, 100, 101, 102, 528, 529, 613, 530, 513, 531, 115, 116, 532, 633, 533, 124, 534, 639, 640, 641, 535, 134, 514, 536, 537, 142, 657, 538, 539, 540, 672, 515, 541, 161, 542, 167, 169, 170, 543, 544, 545, 516, 186, 546, 704, 547, 548, 202, 549, 717, 550, 517, 551, 726, 552, 553, 736, 554, 555, 518, 556, 240, 557, 244, 759, 558, 761, 559, 254, 765, 768, 560, 260, 519, 561, 267, 562, 780, 563, 788, 277, 564, 792, 565, 520, 566, 567, 568, 300, 569, 303, 307, 570, 310, 521, 571, 826, 572, 322, 573, 331, 522, 523, 376, 586, 587, 525, 512, 595, 526, 527, 605, 485, 486, 487, 488, 489, 490, 491, 492, 493, 494, 495, 496, 497, 498, 499, 500, 501, 502, 503, 504, 505, 506, 507, 508, 509, 510, 511]",True,"[33, 44, 524]","[0, 1, 2, 3, 4, 5, 6, 7, 8, 9, 10, 11, 12, 13, 14, 15, 16, 17, 18, 19, 20, 21, 22, 23, 24, 25, 26, 27, 28, 29, 30, 31, 32, 33, 34, 35, 36, 37, 38, 39, 40, 41, 42, 43, 44, 45, 46, 47, 48, 49, 50, 51, 52, 53, 54, 55, 56, 57, 58, 59, 60, 61, 62, 63, 64, 65, 66, 67, 68, 69, 70, 71, 72, 73, 74, 75, 76, 77, 78, 79, 80, 81, 82, 83, 84, 85, 86, 87, 88, 89, 90, 91, 92, 93, 94, 95, 96, 97, 98, 99, 100, 101, 102, 485, 486, 487, 488, 489, 490, 491, 492, 493, 494, 495, 496, 497, 498, 499, 500, 501, 502, 503, 504, 505, 506, 507, 508, 509, 510, 511, 512, 513, 514, 515, 516, 517, 518, 519, 520, 521, 522, 523, 524, 525, 526, 527, 528, 529, 530, 531, 532, 533, 534, 535, 536, 537, 538, 539, 540, 541, 542, 543, 544, 545, 546, 547, 548, 549, 550, 551, 552, 553, 554, 555, 556, 557, 558, 559, 560, 561, 562, 563, 564, 565, 566, 567, 568, 569, 570, 571, 572, 573]","[33, 44, 524]","[44, 524]","[0, 5, 7, 10, 14, 19, 20, 22, 24, 32, 33, 34, 37, 38, 40, 44, 46, 48, 49, 51, 56, 61, 63, 65, 67, 68, 73, 74, 75, 76, 79, 81, 82, 83, 85, 87, 88, 92, 93, 95, 96, 99, 100, 101, 115, 116, 124, 134, 142, 161, 167, 169, 170, 186, 202, 240, 244, 254, 260, 267, 277, 300, 303, 307, 310, 322, 331, 376, 485, 491, 493, 495, 499, 503, 504, 506, 508, 515, 518, 519, 521, 524, 526, 528, 533, 537, 539, 542, 543, 547, 548, 549, 550, 551, 553, 554, 556, 558, 559, 563, 564, 566, 567, 570, 571, 572, 586, 587, 595, 605, 613, 633, 639, 640, 641, 657, 672, 704, 717, 726, 736, 759, 761, 765, 768, 780, 788, 792, 826]",[],[],7/6 successful match,True,,False,554,False,,1.0,True,Gas City # 90 ( Coastal ),
"Benson , 85602 Gas City # 90 ( Coastal )",6 520-586-7151 I-10 Exit 302 ( AZ 90 ),24 HRS XL,Benson,85602,Gas City # 90 ( Coastal ),520-586-7151,2008,Benson,AZ,,( AZ 90 ),I-10 Exit 302 ,Exit,302,False,,False,I-10,,,,,"[44, 524]","[33, 44, 524]","[33, 44, 524]","[44, 524]","[0, 1, 2, 3, 4, 5, 6, 7, 8, 9, 10, 11, 12, 13, 14, 15, 16, 17, 18, 19, 20, 21, 22, 23, 24, 25, 26, 27, 28, 29, 30, 31, 32, 33, 34, 35, 36, 37, 38, 39, 40, 41, 42, 43, 44, 45, 46, 47, 48, 49, 50, 51, 52, 53, 54, 55, 56, 57, 58, 59, 60, 61, 62, 63, 64, 65, 66, 67, 68, 69, 70, 71, 72, 73, 74, 75, 76, 77, 78, 79, 80, 81, 82, 83, 84, 85, 86, 87, 88, 89, 90, 91, 92, 93, 94, 95, 96, 97, 98, 99, 100, 101, 102, 485, 486, 487, 488, 489, 490, 491, 492, 493, 494, 495, 496, 497, 498, 499, 500, 501, 502, 503, 504, 505, 506, 507, 508, 509, 510, 511, 512, 513, 514, 515, 516, 517, 518, 519, 520, 521, 522, 523, 524, 525, 526, 527, 528, 529, 530, 531, 532, 533, 534, 535, 536, 537, 538, 539, 540, 541, 542, 543, 544, 545, 546, 547, 548, 549, 550, 551, 552, 553, 554, 555, 556, 557, 558, 559, 560, 561, 562, 563, 564, 565, 566, 567, 568, 569, 570, 571, 572, 573]","[0, 5, 7, 10, 14, 19, 20, 22, 24, 32, 33, 34, 37, 38, 40, 44, 46, 48, 49, 51, 56, 61, 63, 65, 67, 68, 73, 74, 75, 76, 79, 81, 82, 83, 85, 87, 88, 92, 93, 95, 96, 99, 100, 101, 115, 116, 124, 134, 142, 161, 167, 169, 170, 186, 202, 240, 244, 254, 260, 267, 277, 300, 303, 307, 310, 322, 331, 376, 485, 491, 493, 495, 499, 503, 504, 506, 508, 515, 518, 519, 521, 524, 526, 528, 533, 537, 539, 542, 543, 547, 548, 549, 550, 551, 553, 554, 556, 558, 559, 563, 564, 566, 567, 570, 571, 572, 586, 587, 595, 605, 613, 633, 639, 640, 641, 657, 672, 704, 717, 726, 736, 759, 761, 765, 768, 780, 788, 792, 826]",[],[],"[0, 1, 2, 3, 4, 5, 6, 7, 8, 9, 10, 11, 524, 12, 13, 14, 15, 16, 17, 18, 19, 20, 21, 22, 23, 24, 25, 26, 27, 28, 29, 30, 31, 33, 32, 34, 35, 36, 37, 38, 39, 40, 41, 42, 44, 43, 45, 46, 47, 48, 49, 50, 51, 52, 53, 54, 55, 56, 57, 58, 59, 60, 61, 62, 63, 64, 65, 66, 67, 68, 69, 70, 71, 72, 73, 74, 75, 76, 77, 78, 79, 80, 81, 82, 83, 84, 85, 86, 87, 88, 89, 90, 91, 92, 93, 94, 95, 96, 97, 98, 99, 100, 101, 102, 528, 529, 613, 530, 513, 531, 115, 116, 532, 633, 533, 124, 534, 639, 640, 641, 535, 134, 514, 536, 537, 142, 657, 538, 539, 540, 672, 515, 541, 161, 542, 167, 169, 170, 543, 544, 545, 516, 186, 546, 704, 547, 548, 202, 549, 717, 550, 517, 551, 726, 552, 553, 736, 554, 555, 518, 556, 240, 557, 244, 759, 558, 761, 559, 254, 765, 768, 560, 260, 519, 561, 267, 562, 780, 563, 788, 277, 564, 792, 565, 520, 566, 567, 568, 300, 569, 303, 307, 570, 310, 521, 571, 826, 572, 322, 573, 331, 522, 523, 376, 586, 587, 525, 512, 595, 526, 527, 605, 485, 486, 487, 488, 489, 490, 491, 492, 493, 494, 495, 496, 497, 498, 499, 500, 501, 502, 503, 504, 505, 506, 507, 508, 509, 510, 511]",True,"[33, 44, 524]","[0, 1, 2, 3, 4, 5, 6, 7, 8, 9, 10, 11, 12, 13, 14, 15, 16, 17, 18, 19, 20, 21, 22, 23, 24, 25, 26, 27, 28, 29, 30, 31, 32, 33, 34, 35, 36, 37, 38, 39, 40, 41, 42, 43, 44, 45, 46, 47, 48, 49, 50, 51, 52, 53, 54, 55, 56, 57, 58, 59, 60, 61, 62, 63, 64, 65, 66, 67, 68, 69, 70, 71, 72, 73, 74, 75, 76, 77, 78, 79, 80, 81, 82, 83, 84, 85, 86, 87, 88, 89, 90, 91, 92, 93, 94, 95, 96, 97, 98, 99, 100, 101, 102, 485, 486, 487, 488, 489, 490, 491, 492, 493, 494, 495, 496, 497, 498, 499, 500, 501, 502, 503, 504, 505, 506, 507, 508, 509, 510, 511, 512, 513, 514, 515, 516, 517, 518, 519, 520, 521, 522, 523, 524, 525, 526, 527, 528, 529, 530, 531, 532, 533, 534, 535, 536, 537, 538, 539, 540, 541, 542, 543, 544, 545, 546, 547, 548, 549, 550, 551, 552, 553, 554, 555, 556, 557, 558, 559, 560, 561, 562, 563, 564, 565, 566, 567, 568, 569, 570, 571, 572, 573]","[33, 44, 524]","[44, 524]","[0, 5, 7, 10, 14, 19, 20, 22, 24, 32, 33, 34, 37, 38, 40, 44, 46, 48, 49, 51, 56, 61, 63, 65, 67, 68, 73, 74, 75, 76, 79, 81, 82, 83, 85, 87, 88, 92, 93, 95, 96, 99, 100, 101, 115, 116, 124, 134, 142, 161, 167, 169, 170, 186, 202, 240, 244, 254, 260, 267, 277, 300, 303, 307, 310, 322, 331, 376, 485, 491, 493, 495, 499, 503, 504, 506, 508, 515, 518, 519, 521, 524, 526, 528, 533, 537, 539, 542, 543, 547, 548, 549, 550, 551, 553, 554, 556, 558, 559, 563, 564, 566, 567, 570, 571, 572, 586, 587, 595, 605, 613, 633, 639, 640, 641, 657, 672, 704, 717, 726, 736, 759, 761, 765, 768, 780, 788, 792, 826]",[],[],7/6 successful match,True,,False,554,False,,1.0,True,Gas City # 90 ( Coastal ),
Benson ( 85602 ) Love's Travel Stop # 460,520-586-8702 I-10 Exit 302 ( AZ 90 ),24 O,Benson,85602,Love's Travel Stop # 460,520-586-8702,2014,Benson,AZ,Love's,( AZ 90 ),I-10 Exit 302 ,Exit,302,False,,False,I-10,,,,,[33],"[33, 44, 524]","[33, 44, 524]","[44, 524]","[0, 1, 2, 3, 4, 5, 6, 7, 8, 9, 10, 11, 12, 13, 14, 15, 16, 17, 18, 19, 20, 21, 22, 23, 24, 25, 26, 27, 28, 29, 30, 31, 32, 33, 34, 35, 36, 37, 38, 39, 40, 41, 42, 43, 44, 45, 46, 47, 48, 49, 50, 51, 52, 53, 54, 55, 56, 57, 58, 59, 60, 61, 62, 63, 64, 65, 66, 67, 68, 69, 70, 71, 72, 73, 74, 75, 76, 77, 78, 79, 80, 81, 82, 83, 84, 85, 86, 87, 88, 89, 90, 91, 92, 93, 94, 95, 96, 97, 98, 99, 100, 101, 102, 485, 486, 487, 488, 489, 490, 491, 492, 493, 494, 495, 496, 497, 498, 499, 500, 501, 502, 503, 504, 505, 506, 507, 508, 509, 510, 511, 512, 513, 514, 515, 516, 517, 518, 519, 520, 521, 522, 523, 524, 525, 526, 527, 528, 529, 530, 531, 532, 533, 534, 535, 536, 537, 538, 539, 540, 541, 542, 543, 544, 545, 546, 547, 548, 549, 550, 551, 552, 553, 554, 555, 556, 557, 558, 559, 560, 561, 562, 563, 564, 565, 566, 567, 568, 569, 570, 571, 572, 573]","[0, 5, 7, 10, 14, 19, 20, 22, 24, 32, 33, 34, 37, 38, 40, 44, 46, 48, 49, 51, 56, 61, 63, 65, 67, 68, 73, 74, 75, 76, 79, 81, 82, 83, 85, 87, 88, 92, 93, 95, 96, 99, 100, 101, 115, 116, 124, 134, 142, 161, 167, 169, 170, 186, 202, 240, 244, 254, 260, 267, 277, 300, 303, 307, 310, 322, 331, 376, 485, 491, 493, 495, 499, 503, 504, 506, 508, 515, 518, 519, 521, 524, 526, 528, 533, 537, 539, 542, 543, 547, 548, 549, 550, 551, 553, 554, 556, 558, 559, 563, 564, 566, 567, 570, 571, 572, 586, 587, 595, 605, 613, 633, 639, 640, 641, 657, 672, 704, 717, 726, 736, 759, 761, 765, 768, 780, 788, 792, 826]","[34, 35, 36, 37, 38, 39, 40, 41, 42, 43, 44, 45, 46, 47, 48, 201, 202, 203, 204, 205, 206, 207, 208, 209, 210, 211, 212, 213, 214, 215, 216, 355, 356, 357, 358, 359, 360, 361, 429, 430, 431, 432, 433, 434, 435, 515, 516, 517, 518, 519, 520, 521, 522, 523, 524, 525, 526, 527, 672, 673, 674, 675, 676, 677, 678, 679, 680, 681, 682, 683, 684, 810, 811, 812, 813, 814, 881, 882, 883, 884, 885, 886]","[32, 33, 34, 35, 36, 37, 38, 39, 40, 41, 42, 43, 44, 45, 46, 47, 48, 201, 202, 203, 204, 205, 206, 207, 208, 209, 210, 211, 212, 213, 214, 215, 216, 355, 356, 357, 358, 359, 360, 361, 429, 430, 431, 432, 433, 434, 435, 515, 516, 517, 518, 519, 520, 521, 522, 523, 524, 525, 526, 527, 672, 673, 674, 675, 676, 677, 678, 679, 680, 681, 682, 683, 684, 810, 811, 812, 813, 814, 881, 882, 883, 884, 885, 886]","[0, 1, 2, 3, 4, 5, 6, 7, 8, 9, 10, 11, 524, 12, 13, 14, 15, 16, 17, 18, 19, 20, 21, 22, 23, 24, 25, 26, 27, 28, 29, 30, 31, 33, 32, 34, 35, 36, 37, 38, 39, 40, 41, 42, 44, 43, 45, 46, 47, 48, 49, 50, 51, 52, 53, 54, 55, 56, 57, 58, 59, 60, 61, 62, 63, 64, 65, 66, 67, 68, 69, 70, 71, 72, 73, 74, 75, 76, 77, 78, 79, 80, 81, 82, 83, 84, 85, 86, 87, 88, 89, 90, 91, 92, 93, 94, 95, 96, 97, 98, 99, 100, 101, 102, 528, 529, 613, 530, 513, 531, 115, 116, 532, 633, 533, 124, 534, 639, 640, 641, 535, 134, 514, 536, 537, 142, 657, 538, 539, 540, 672, 515, 541, 161, 673, 674, 675, 542, 167, 169, 170, 676, 543, 677, 678, 679, 680, 681, 544, 682, 683, 684, 545, 516, 186, 546, 704, 547, 548, 201, 202, 549, 203, 717, 204, 205, 550, 206, 207, 517, 208, 551, 726, 209, 210, 211, 552, 212, 213, 214, 215, 553, 736, 216, 554, 555, 518, 556, 240, 557, 244, 759, 558, 761, 559, 254, 765, 768, 560, 260, 519, 561, 267, 562, 780, 563, 788, 277, 564, 792, 565, 520, 566, 567, 568, 810, 300, 811, 812, 569, 303, 813, 814, 307, 570, 310, 521, 571, 826, 572, 322, 573, 331, 522, 355, 356, 357, 358, 359, 360, 523, 361, 881, 882, 883, 884, 885, 886, 376, 586, 587, 525, 429, 430, 512, 431, 432, 595, 433, 526, 434, 435, 527, 605, 485, 486, 487, 488, 489, 490, 491, 492, 493, 494, 495, 496, 497, 498, 499, 500, 501, 502, 503, 504, 505, 506, 507, 508, 509, 510, 511]",True,"[33, 44, 524]","[0, 1, 2, 3, 4, 5, 6, 7, 8, 9, 10, 11, 12, 13, 14, 15, 16, 17, 18, 19, 20, 21, 22, 23, 24, 25, 26, 27, 28, 29, 30, 31, 32, 33, 34, 35, 36, 37, 38, 39, 40, 41, 42, 43, 44, 45, 46, 47, 48, 49, 50, 51, 52, 53, 54, 55, 56, 57, 58, 59, 60, 61, 62, 63, 64, 65, 66, 67, 68, 69, 70, 71, 72, 73, 74, 75, 76, 77, 78, 79, 80, 81, 82, 83, 84, 85, 86, 87, 88, 89, 90, 91, 92, 93, 94, 95, 96, 97, 98, 99, 100, 101, 102, 485, 486, 487, 488, 489, 490, 491, 492, 493, 494, 495, 496, 497, 498, 499, 500, 501, 502, 503, 504, 505, 506, 507, 508, 509, 510, 511, 512, 513, 514, 515, 516, 517, 518, 519, 520, 521, 522, 523, 524, 525, 526, 527, 528, 529, 530, 531, 532, 533, 534, 535, 536, 537, 538, 539, 540, 541, 542, 543, 544, 545, 546, 547, 548, 549, 550, 551, 552, 553, 554, 555, 556, 557, 558, 559, 560, 561, 562, 563, 564, 565, 566, 567, 568, 569, 570, 571, 572, 573]","[33, 44, 524]","[44, 524]","[0, 5, 7, 10, 14, 19, 20, 22, 24, 32, 33, 34, 37, 38, 40, 44, 46, 48, 49, 51, 56, 61, 63, 65, 67, 68, 73, 74, 75, 76, 79, 81, 82, 83, 85, 87, 88, 92, 93, 95, 96, 99, 100, 101, 115, 116, 124, 134, 142, 161, 167, 169, 170, 186, 202, 240, 244, 254, 260, 267, 277, 300, 303, 307, 310, 322, 331, 376, 485, 491, 493, 495, 499, 503, 504, 506, 508, 515, 518, 519, 521, 524, 526, 528, 533, 537, 539, 542, 543, 547, 548, 549, 550, 551, 553, 554, 556, 558, 559, 563, 564, 566, 567, 570, 571, 572, 586, 587, 595, 605, 613, 633, 639, 640, 641, 657, 672, 704, 717, 726, 736, 759, 761, 765, 768, 780, 788, 792, 826]","[32, 33, 34, 35, 36, 37, 38, 39, 40, 41, 42, 43, 44, 45, 46, 47, 48, 201, 202, 203, 204, 205, 206, 207, 208, 209, 210, 211, 212, 213, 214, 215, 216, 355, 356, 357, 358, 359, 360, 361, 429, 430, 431, 432, 433, 434, 435, 515, 516, 517, 518, 519, 520, 521, 522, 523, 524, 525, 526, 527, 672, 673, 674, 675, 676, 677, 678, 679, 680, 681, 682, 683, 684, 810, 811, 812, 813, 814, 881, 882, 883, 884, 885, 886]","[34, 35, 36, 37, 38, 39, 40, 41, 42, 43, 44, 45, 46, 47, 48, 201, 202, 203, 204, 205, 206, 207, 208, 209, 210, 211, 212, 213, 214, 215, 216, 355, 356, 357, 358, 359, 360, 361, 429, 430, 431, 432, 433, 434, 435, 515, 516, 517, 518, 519, 520, 521, 522, 523, 524, 525, 526, 527, 672, 673, 674, 675, 676, 677, 678, 679, 680, 681, 682, 683, 684, 810, 811, 812, 813, 814, 881, 882, 883, 884, 885, 886]",7/6 successful match,True,[340],True,554,True,2014,0.14285714285714285,True,Gas City # 90 ( Coastal ),
Benson ( 85602 ) Love's I-40 Exit Travel 185 Stop # 460 Pilot,520-586-8702 I-10 Exit 302 ( AZ 90 ),24 L <U+2610>,Benson,85602,Love's I-40 Exit Travel 185 Stop # 460 Pilot,520-586-8702,2015,Benson,AZ,Love's,( AZ 90 ),I-10 Exit 302 ,Exit,302,False,,False,I-10,,,,,[33],"[33, 44, 524]","[33, 44, 524]","[44, 524]","[0, 1, 2, 3, 4, 5, 6, 7, 8, 9, 10, 11, 12, 13, 14, 15, 16, 17, 18, 19, 20, 21, 22, 23, 24, 25, 26, 27, 28, 29, 30, 31, 32, 33, 34, 35, 36, 37, 38, 39, 40, 41, 42, 43, 44, 45, 46, 47, 48, 49, 50, 51, 52, 53, 54, 55, 56, 57, 58, 59, 60, 61, 62, 63, 64, 65, 66, 67, 68, 69, 70, 71, 72, 73, 74, 75, 76, 77, 78, 79, 80, 81, 82, 83, 84, 85, 86, 87, 88, 89, 90, 91, 92, 93, 94, 95, 96, 97, 98, 99, 100, 101, 102, 485, 486, 487, 488, 489, 490, 491, 492, 493, 494, 495, 496, 497, 498, 499, 500, 501, 502, 503, 504, 505, 506, 507, 508, 509, 510, 511, 512, 513, 514, 515, 516, 517, 518, 519, 520, 521, 522, 523, 524, 525, 526, 527, 528, 529, 530, 531, 532, 533, 534, 535, 536, 537, 538, 539, 540, 541, 542, 543, 544, 545, 546, 547, 548, 549, 550, 551, 552, 553, 554, 555, 556, 557, 558, 559, 560, 561, 562, 563, 564, 565, 566, 567, 568, 569, 570, 571, 572, 573]","[0, 5, 7, 10, 14, 19, 20, 22, 24, 32, 33, 34, 37, 38, 40, 44, 46, 48, 49, 51, 56, 61, 63, 65, 67, 68, 73, 74, 75, 76, 79, 81, 82, 83, 85, 87, 88, 92, 93, 95, 96, 99, 100, 101, 115, 116, 124, 134, 142, 161, 167, 169, 170, 186, 202, 240, 244, 254, 260, 267, 277, 300, 303, 307, 310, 322, 331, 376, 485, 491, 493, 495, 499, 503, 504, 506, 508, 515, 518, 519, 521, 524, 526, 528, 533, 537, 539, 542, 543, 547, 548, 549, 550, 551, 553, 554, 556, 558, 559, 563, 564, 566, 567, 570, 571, 572, 586, 587, 595, 605, 613, 633, 639, 640, 641, 657, 672, 704, 717, 726, 736, 759, 761, 765, 768, 780, 788, 792, 826]","[34, 35, 36, 37, 38, 39, 40, 41, 42, 43, 44, 45, 46, 47, 48, 201, 202, 203, 204, 205, 206, 207, 208, 209, 210, 211, 212, 213, 214, 215, 216, 355, 356, 357, 358, 359, 360, 361, 429, 430, 431, 432, 433, 434, 435, 515, 516, 517, 518, 519, 520, 521, 522, 523, 524, 525, 526, 527, 672, 673, 674, 675, 676, 677, 678, 679, 680, 681, 682, 683, 684, 810, 811, 812, 813, 814, 881, 882, 883, 884, 885, 886]","[15, 16, 32, 33, 34, 35, 36, 37, 38, 39, 40, 41, 42, 43, 44, 45, 46, 47, 48, 65, 66, 67, 68, 69, 70, 71, 72, 73, 74, 75, 76, 77, 78, 80, 151, 201, 202, 203, 204, 205, 206, 207, 208, 209, 210, 211, 212, 213, 214, 215, 216, 244, 245, 246, 247, 248, 249, 250, 251, 252, 253, 254, 255, 256, 257, 258, 259, 260, 280, 340, 355, 356, 357, 358, 359, 360, 361, 373, 374, 375, 376, 377, 429, 430, 431, 432, 433, 434, 435, 459, 460, 461, 462, 478, 500, 501, 515, 516, 517, 518, 519, 520, 521, 522, 523, 524, 525, 526, 527, 539, 540, 541, 542, 543, 544, 545, 546, 547, 548, 549, 550, 552, 622, 672, 673, 674, 675, 676, 677, 678, 679, 680, 681, 682, 683, 684, 708, 709, 710, 711, 712, 713, 714, 715, 716, 717, 718, 719, 720, 739, 796, 810, 811, 812, 813, 814, 823, 824, 825, 826, 827, 881, 882, 883, 884, 885, 886, 906, 907, 908, 909, 929]","[0, 1, 2, 3, 4, 5, 6, 7, 8, 9, 10, 11, 12, 13, 14, 15, 16, 17, 18, 19, 20, 21, 22, 23, 24, 25, 26, 27, 28, 29, 30, 31, 32, 33, 34, 35, 36, 37, 38, 39, 40, 41, 42, 43, 44, 45, 46, 47, 48, 49, 50, 51, 52, 53, 54, 55, 56, 57, 58, 59, 60, 61, 62, 63, 64, 65, 66, 67, 68, 69, 70, 71, 72, 73, 74, 75, 76, 77, 78, 79, 80, 81, 82, 83, 84, 85, 86, 87, 88, 89, 90, 91, 92, 93, 94, 95, 96, 97, 98, 99, 100, 101, 102, 115, 116, 124, 134, 142, 151, 161, 167, 169, 170, 186, 201, 202, 203, 204, 205, 206, 207, 208, 209, 210, 211, 212, 213, 214, 215, 216, 240, 244, 245, 246, 247, 248, 249, 250, 251, 252, 253, 254, 255, 256, 257, 258, 259, 260, 267, 277, 280, 300, 303, 307, 310, 322, 331, 340, 355, 356, 357, 358, 359, 360, 361, 373, 374, 375, 376, 377, 429, 430, 431, 432, 433, 434, 435, 459, 460, 461, 462, 478, 485, 486, 487, 488, 489, 490, 491, 492, 493, 494, 495, 496, 497, 498, 499, 500, 501, 502, 503, 504, 505, 506, 507, 508, 509, 510, 511, 512, 513, 514, 515, 516, 517, 518, 519, 520, 521, 522, 523, 524, 525, 526, 527, 528, 529, 530, 531, 532, 533, 534, 535, 536, 537, 538, 539, 540, 541, 542, 543, 544, 545, 546, 547, 548, 549, 550, 551, 552, 553, 554, 555, 556, 557, 558, 559, 560, 561, 562, 563, 564, 565, 566, 567, 568, 569, 570, 571, 572, 573, 586, 587, 595, 605, 613, 622, 633, 639, 640, 641, 657, 672, 673, 674, 675, 676, 677, 678, 679, 680, 681, 682, 683, 684, 704, 708, 709, 710, 711, 712, 713, 714, 715, 716, 717, 718, 719, 720, 726, 736, 739, 759, 761, 765, 768, 780, 788, 792, 796, 810, 811, 812, 813, 814, 823, 824, 825, 826, 827, 881, 882, 883, 884, 885, 886, 906, 907, 908, 909, 929]",True,"[33, 44, 524]","[0, 1, 2, 3, 4, 5, 6, 7, 8, 9, 10, 11, 12, 13, 14, 15, 16, 17, 18, 19, 20, 21, 22, 23, 24, 25, 26, 27, 28, 29, 30, 31, 32, 33, 34, 35, 36, 37, 38, 39, 40, 41, 42, 43, 44, 45, 46, 47, 48, 49, 50, 51, 52, 53, 54, 55, 56, 57, 58, 59, 60, 61, 62, 63, 64, 65, 66, 67, 68, 69, 70, 71, 72, 73, 74, 75, 76, 77, 78, 79, 80, 81, 82, 83, 84, 85, 86, 87, 88, 89, 90, 91, 92, 93, 94, 95, 96, 97, 98, 99, 100, 101, 102, 485, 486, 487, 488, 489, 490, 491, 492, 493, 494, 495, 496, 497, 498, 499, 500, 501, 502, 503, 504, 505, 506, 507, 508, 509, 510, 511, 512, 513, 514, 515, 516, 517, 518, 519, 520, 521, 522, 523, 524, 525, 526, 527, 528, 529, 530, 531, 532, 533, 534, 535, 536, 537, 538, 539, 540, 541, 542, 543, 544, 545, 546, 547, 548, 549, 550, 551, 552, 553, 554, 555, 556, 557, 558, 559, 560, 561, 562, 563, 564, 565, 566, 567, 568, 569, 570, 571, 572, 573]","[33, 44, 524]","[44, 524]","[0, 5, 7, 10, 14, 19, 20, 22, 24, 32, 33, 34, 37, 38, 40, 44, 46, 48, 49, 51, 56, 61, 63, 65, 67, 68, 73, 74, 75, 76, 79, 81, 82, 83, 85, 87, 88, 92, 93, 95, 96, 99, 100, 101, 115, 116, 124, 134, 142, 161, 167, 169, 170, 186, 202, 240, 244, 254, 260, 267, 277, 300, 303, 307, 310, 322, 331, 376, 485, 491, 493, 495, 499, 503, 504, 506, 508, 515, 518, 519, 521, 524, 526, 528, 533, 537, 539, 542, 543, 547, 548, 549, 550, 551, 553, 554, 556, 558, 559, 563, 564, 566, 567, 570, 571, 572, 586, 587, 595, 605, 613, 633, 639, 640, 641, 657, 672, 704, 717, 726, 736, 759, 761, 765, 768, 780, 788, 792, 826]","[15, 16, 32, 33, 34, 35, 36, 37, 38, 39, 40, 41, 42, 43, 44, 45, 46, 47, 48, 65, 66, 67, 68, 69, 70, 71, 72, 73, 74, 75, 76, 77, 78, 80, 151, 201, 202, 203, 204, 205, 206, 207, 208, 209, 210, 211, 212, 213, 214, 215, 216, 244, 245, 246, 247, 248, 249, 250, 251, 252, 253, 254, 255, 256, 257, 258, 259, 260, 280, 340, 355, 356, 357, 358, 359, 360, 361, 373, 374, 375, 376, 377, 429, 430, 431, 432, 433, 434, 435, 459, 460, 461, 462, 478, 500, 501, 515, 516, 517, 518, 519, 520, 521, 522, 523, 524, 525, 526, 527, 539, 540, 541, 542, 543, 544, 545, 546, 547, 548, 549, 550, 552, 622, 672, 673, 674, 675, 676, 677, 678, 679, 680, 681, 682, 683, 684, 708, 709, 710, 711, 712, 713, 714, 715, 716, 717, 718, 719, 720, 739, 796, 810, 811, 812, 813, 814, 823, 824, 825, 826, 827, 881, 882, 883, 884, 885, 886, 906, 907, 908, 909, 929]","[34, 35, 36, 37, 38, 39, 40, 41, 42, 43, 44, 45, 46, 47, 48, 201, 202, 203, 204, 205, 206, 207, 208, 209, 210, 211, 212, 213, 214, 215, 216, 355, 356, 357, 358, 359, 360, 361, 429, 430, 431, 432, 433, 434, 435, 515, 516, 517, 518, 519, 520, 521, 522, 523, 524, 525, 526, 527, 672, 673, 674, 675, 676, 677, 678, 679, 680, 681, 682, 683, 684, 810, 811, 812, 813, 814, 881, 882, 883, 884, 885, 886]",7/6 successful match,True,[340],True,554,False,,0.871764705882353,True,Love's Travel Stop # 460,Love's
Benson ( 85602 ) Love's Travel Stop # 460,520-586-8702 I-10 Exit 302 ( AZ 90 ),24 24,Benson,85602,Love's Travel Stop # 460,520-586-8702,2016,Benson,AZ,Love's,( AZ 90 ),I-10 Exit 302 ,Exit,302,False,,False,I-10,,,,,[33],"[33, 44, 524]","[33, 44, 524]","[44, 524]","[0, 1, 2, 3, 4, 5, 6, 7, 8, 9, 10, 11, 12, 13, 14, 15, 16, 17, 18, 19, 20, 21, 22, 23, 24, 25, 26, 27, 28, 29, 30, 31, 32, 33, 34, 35, 36, 37, 38, 39, 40, 41, 42, 43, 44, 45, 46, 47, 48, 49, 50, 51, 52, 53, 54, 55, 56, 57, 58, 59, 60, 61, 62, 63, 64, 65, 66, 67, 68, 69, 70, 71, 72, 73, 74, 75, 76, 77, 78, 79, 80, 81, 82, 83, 84, 85, 86, 87, 88, 89, 90, 91, 92, 93, 94, 95, 96, 97, 98, 99, 100, 101, 102, 485, 486, 487, 488, 489, 490, 491, 492, 493, 494, 495, 496, 497, 498, 499, 500, 501, 502, 503, 504, 505, 506, 507, 508, 509, 510, 511, 512, 513, 514, 515, 516, 517, 518, 519, 520, 521, 522, 523, 524, 525, 526, 527, 528, 529, 530, 531, 532, 533, 534, 535, 536, 537, 538, 539, 540, 541, 542, 543, 544, 545, 546, 547, 548, 549, 550, 551, 552, 553, 554, 555, 556, 557, 558, 559, 560, 561, 562, 563, 564, 565, 566, 567, 568, 569, 570, 571, 572, 573]","[0, 5, 7, 10, 14, 19, 20, 22, 24, 32, 33, 34, 37, 38, 40, 44, 46, 48, 49, 51, 56, 61, 63, 65, 67, 68, 73, 74, 75, 76, 79, 81, 82, 83, 85, 87, 88, 92, 93, 95, 96, 99, 100, 101, 115, 116, 124, 134, 142, 161, 167, 169, 170, 186, 202, 240, 244, 254, 260, 267, 277, 300, 303, 307, 310, 322, 331, 376, 485, 491, 493, 495, 499, 503, 504, 506, 508, 515, 518, 519, 521, 524, 526, 528, 533, 537, 539, 542, 543, 547, 548, 549, 550, 551, 553, 554, 556, 558, 559, 563, 564, 566, 567, 570, 571, 572, 586, 587, 595, 605, 613, 633, 639, 640, 641, 657, 672, 704, 717, 726, 736, 759, 761, 765, 768, 780, 788, 792, 826]","[34, 35, 36, 37, 38, 39, 40, 41, 42, 43, 44, 45, 46, 47, 48, 201, 202, 203, 204, 205, 206, 207, 208, 209, 210, 211, 212, 213, 214, 215, 216, 355, 356, 357, 358, 359, 360, 361, 429, 430, 431, 432, 433, 434, 435, 515, 516, 517, 518, 519, 520, 521, 522, 523, 524, 525, 526, 527, 672, 673, 674, 675, 676, 677, 678, 679, 680, 681, 682, 683, 684, 810, 811, 812, 813, 814, 881, 882, 883, 884, 885, 886]","[32, 33, 34, 35, 36, 37, 38, 39, 40, 41, 42, 43, 44, 45, 46, 47, 48, 201, 202, 203, 204, 205, 206, 207, 208, 209, 210, 211, 212, 213, 214, 215, 216, 355, 356, 357, 358, 359, 360, 361, 429, 430, 431, 432, 433, 434, 435, 515, 516, 517, 518, 519, 520, 521, 522, 523, 524, 525, 526, 527, 672, 673, 674, 675, 676, 677, 678, 679, 680, 681, 682, 683, 684, 810, 811, 812, 813, 814, 881, 882, 883, 884, 885, 886]","[0, 1, 2, 3, 4, 5, 6, 7, 8, 9, 10, 11, 524, 12, 13, 14, 15, 16, 17, 18, 19, 20, 21, 22, 23, 24, 25, 26, 27, 28, 29, 30, 31, 33, 32, 34, 35, 36, 37, 38, 39, 40, 41, 42, 44, 43, 45, 46, 47, 48, 49, 50, 51, 52, 53, 54, 55, 56, 57, 58, 59, 60, 61, 62, 63, 64, 65, 66, 67, 68, 69, 70, 71, 72, 73, 74, 75, 76, 77, 78, 79, 80, 81, 82, 83, 84, 85, 86, 87, 88, 89, 90, 91, 92, 93, 94, 95, 96, 97, 98, 99, 100, 101, 102, 528, 529, 613, 530, 513, 531, 115, 116, 532, 633, 533, 124, 534, 639, 640, 641, 535, 134, 514, 536, 537, 142, 657, 538, 539, 540, 672, 515, 541, 161, 673, 674, 675, 542, 167, 169, 170, 676, 543, 677, 678, 679, 680, 681, 544, 682, 683, 684, 545, 516, 186, 546, 704, 547, 548, 201, 202, 549, 203, 717, 204, 205, 550, 206, 207, 517, 208, 551, 726, 209, 210, 211, 552, 212, 213, 214, 215, 553, 736, 216, 554, 555, 518, 556, 240, 557, 244, 759, 558, 761, 559, 254, 765, 768, 560, 260, 519, 561, 267, 562, 780, 563, 788, 277, 564, 792, 565, 520, 566, 567, 568, 810, 300, 811, 812, 569, 303, 813, 814, 307, 570, 310, 521, 571, 826, 572, 322, 573, 331, 522, 355, 356, 357, 358, 359, 360, 523, 361, 881, 882, 883, 884, 885, 886, 376, 586, 587, 525, 429, 430, 512, 431, 432, 595, 433, 526, 434, 435, 527, 605, 485, 486, 487, 488, 489, 490, 491, 492, 493, 494, 495, 496, 497, 498, 499, 500, 501, 502, 503, 504, 505, 506, 507, 508, 509, 510, 511]",True,"[33, 44, 524]","[0, 1, 2, 3, 4, 5, 6, 7, 8, 9, 10, 11, 12, 13, 14, 15, 16, 17, 18, 19, 20, 21, 22, 23, 24, 25, 26, 27, 28, 29, 30, 31, 32, 33, 34, 35, 36, 37, 38, 39, 40, 41, 42, 43, 44, 45, 46, 47, 48, 49, 50, 51, 52, 53, 54, 55, 56, 57, 58, 59, 60, 61, 62, 63, 64, 65, 66, 67, 68, 69, 70, 71, 72, 73, 74, 75, 76, 77, 78, 79, 80, 81, 82, 83, 84, 85, 86, 87, 88, 89, 90, 91, 92, 93, 94, 95, 96, 97, 98, 99, 100, 101, 102, 485, 486, 487, 488, 489, 490, 491, 492, 493, 494, 495, 496, 497, 498, 499, 500, 501, 502, 503, 504, 505, 506, 507, 508, 509, 510, 511, 512, 513, 514, 515, 516, 517, 518, 519, 520, 521, 522, 523, 524, 525, 526, 527, 528, 529, 530, 531, 532, 533, 534, 535, 536, 537, 538, 539, 540, 541, 542, 543, 544, 545, 546, 547, 548, 549, 550, 551, 552, 553, 554, 555, 556, 557, 558, 559, 560, 561, 562, 563, 564, 565, 566, 567, 568, 569, 570, 571, 572, 573]","[33, 44, 524]","[44, 524]","[0, 5, 7, 10, 14, 19, 20, 22, 24, 32, 33, 34, 37, 38, 40, 44, 46, 48, 49, 51, 56, 61, 63, 65, 67, 68, 73, 74, 75, 76, 79, 81, 82, 83, 85, 87, 88, 92, 93, 95, 96, 99, 100, 101, 115, 116, 124, 134, 142, 161, 167, 169, 170, 186, 202, 240, 244, 254, 260, 267, 277, 300, 303, 307, 310, 322, 331, 376, 485, 491, 493, 495, 499, 503, 504, 506, 508, 515, 518, 519, 521, 524, 526, 528, 533, 537, 539, 542, 543, 547, 548, 549, 550, 551, 553, 554, 556, 558, 559, 563, 564, 566, 567, 570, 571, 572, 586, 587, 595, 605, 613, 633, 639, 640, 641, 657, 672, 704, 717, 726, 736, 759, 761, 765, 768, 780, 788, 792, 826]","[32, 33, 34, 35, 36, 37, 38, 39, 40, 41, 42, 43, 44, 45, 46, 47, 48, 201, 202, 203, 204, 205, 206, 207, 208, 209, 210, 211, 212, 213, 214, 215, 216, 355, 356, 357, 358, 359, 360, 361, 429, 430, 431, 432, 433, 434, 435, 515, 516, 517, 518, 519, 520, 521, 522, 523, 524, 525, 526, 527, 672, 673, 674, 675, 676, 677, 678, 679, 680, 681, 682, 683, 684, 810, 811, 812, 813, 814, 881, 882, 883, 884, 885, 886]","[34, 35, 36, 37, 38, 39, 40, 41, 42, 43, 44, 45, 46, 47, 48, 201, 202, 203, 204, 205, 206, 207, 208, 209, 210, 211, 212, 213, 214, 215, 216, 355, 356, 357, 358, 359, 360, 361, 429, 430, 431, 432, 433, 434, 435, 515, 516, 517, 518, 519, 520, 521, 522, 523, 524, 525, 526, 527, 672, 673, 674, 675, 676, 677, 678, 679, 680, 681, 682, 683, 684, 810, 811, 812, 813, 814, 881, 882, 883, 884, 885, 886]",7/6 successful match,True,[340],True,554,False,,0.871764705882353,True,Love's I-40 Exit Travel 185 Stop # 460 Pilot,Love's
"Nogales , 85621 Nogales Truck Stop",520-281-0865 I-19 Exit 4 NB / 8 SB ( to 2651 N Grand ),HRS,Nogales,85621,Nogales Truck Stop,520-281-0865,2006,Nogales,AZ,,( to 2651 N Grand ),I-19 Exit 4 NB / 8 SB ,Exit,4,False,,False,I-19,,8,,,[],"[42, 102, 573]","[42, 102, 573]","[250, 305, 327, 461, 470, 713, 763, 785, 908, 917]","[0, 1, 2, 3, 4, 5, 6, 7, 8, 9, 10, 11, 12, 13, 14, 15, 16, 17, 18, 19, 20, 21, 22, 23, 24, 25, 26, 27, 28, 29, 30, 31, 32, 33, 34, 35, 36, 37, 38, 39, 40, 41, 42, 43, 44, 45, 46, 47, 48, 49, 50, 51, 52, 53, 54, 55, 56, 57, 58, 59, 60, 61, 62, 63, 64, 65, 66, 67, 68, 69, 70, 71, 72, 73, 74, 75, 76, 77, 78, 79, 80, 81, 82, 83, 84, 85, 86, 87, 88, 89, 90, 91, 92, 93, 94, 95, 96, 97, 98, 99, 100, 101, 102, 485, 486, 487, 488, 489, 490, 491, 492, 493, 494, 495, 496, 497, 498, 499, 500, 501, 502, 503, 504, 505, 506, 507, 508, 509, 510, 511, 512, 513, 514, 515, 516, 517, 518, 519, 520, 521, 522, 523, 524, 525, 526, 527, 528, 529, 530, 531, 532, 533, 534, 535, 536, 537, 538, 539, 540, 541, 542, 543, 544, 545, 546, 547, 548, 549, 550, 551, 552, 553, 554, 555, 556, 557, 558, 559, 560, 561, 562, 563, 564, 565, 566, 567, 568, 569, 570, 571, 572, 573]","[42, 72, 540]",[],[],"[0, 1, 2, 3, 4, 5, 6, 7, 8, 9, 10, 11, 12, 13, 14, 15, 16, 17, 18, 19, 20, 21, 22, 23, 24, 25, 26, 27, 28, 29, 30, 31, 32, 33, 34, 35, 36, 37, 38, 39, 40, 41, 42, 43, 44, 45, 46, 47, 48, 49, 50, 51, 52, 53, 54, 55, 56, 57, 58, 59, 60, 573, 61, 62, 63, 64, 65, 66, 67, 68, 69, 70, 71, 72, 73, 74, 75, 76, 77, 78, 79, 80, 81, 82, 83, 84, 85, 86, 87, 88, 89, 90, 91, 92, 93, 94, 95, 96, 97, 98, 99, 100, 102, 101, 528, 529, 530, 513, 531, 532, 533, 534, 535, 514, 536, 537, 538, 539, 540, 515, 541, 542, 543, 544, 545, 516, 546, 547, 548, 713, 549, 550, 517, 551, 552, 553, 554, 555, 518, 556, 557, 558, 250, 763, 559, 560, 519, 561, 562, 785, 563, 564, 565, 520, 566, 567, 568, 569, 305, 570, 521, 571, 572, 327, 522, 523, 524, 908, 917, 525, 512, 526, 461, 527, 470, 485, 486, 487, 488, 489, 490, 491, 492, 493, 494, 495, 496, 497, 498, 499, 500, 501, 502, 503, 504, 505, 506, 507, 508, 509, 510, 511]",False,"[42, 102, 573]","[0, 1, 2, 3, 4, 5, 6, 7, 8, 9, 10, 11, 12, 13, 14, 15, 16, 17, 18, 19, 20, 21, 22, 23, 24, 25, 26, 27, 28, 29, 30, 31, 32, 33, 34, 35, 36, 37, 38, 39, 40, 41, 42, 43, 44, 45, 46, 47, 48, 49, 50, 51, 52, 53, 54, 55, 56, 57, 58, 59, 60, 61, 62, 63, 64, 65, 66, 67, 68, 69, 70, 71, 72, 73, 74, 75, 76, 77, 78, 79, 80, 81, 82, 83, 84, 85, 86, 87, 88, 89, 90, 91, 92, 93, 94, 95, 96, 97, 98, 99, 100, 101, 102, 485, 486, 487, 488, 489, 490, 491, 492, 493, 494, 495, 496, 497, 498, 499, 500, 501, 502, 503, 504, 505, 506, 507, 508, 509, 510, 511, 512, 513, 514, 515, 516, 517, 518, 519, 520, 521, 522, 523, 524, 525, 526, 527, 528, 529, 530, 531, 532, 533, 534, 535, 536, 537, 538, 539, 540, 541, 542, 543, 544, 545, 546, 547, 548, 549, 550, 551, 552, 553, 554, 555, 556, 557, 558, 559, 560, 561, 562, 563, 564, 565, 566, 567, 568, 569, 570, 571, 572, 573]","[42, 102, 573]","[250, 305, 327, 461, 470, 713, 763, 785, 908, 917]","[42, 72, 540]",[],[],7/6 successful match,False,,False,555,False,,,,,
Nogales ( 85621 ) Zarro Shell,5 520-287-4800 AZ 189 ( at border ),<U+2610> <U+2610>,Nogales,85621,Zarro Shell,520-287-4800,2014,Nogales,AZ,Shell,( at border ),AZ 189,empty,,False,,False,AZ 189,,,,,"[573, 102]","[42, 102, 573]","[42, 102, 573]",[],"[0, 1, 2, 3, 4, 5, 6, 7, 8, 9, 10, 11, 12, 13, 14, 15, 16, 17, 18, 19, 20, 21, 22, 23, 24, 25, 26, 27, 28, 29, 30, 31, 32, 33, 34, 35, 36, 37, 38, 39, 40, 41, 42, 43, 44, 45, 46, 47, 48, 49, 50, 51, 52, 53, 54, 55, 56, 57, 58, 59, 60, 61, 62, 63, 64, 65, 66, 67, 68, 69, 70, 71, 72, 73, 74, 75, 76, 77, 78, 79, 80, 81, 82, 83, 84, 85, 86, 87, 88, 89, 90, 91, 92, 93, 94, 95, 96, 97, 98, 99, 100, 101, 102, 485, 486, 487, 488, 489, 490, 491, 492, 493, 494, 495, 496, 497, 498, 499, 500, 501, 502, 503, 504, 505, 506, 507, 508, 509, 510, 511, 512, 513, 514, 515, 516, 517, 518, 519, 520, 521, 522, 523, 524, 525, 526, 527, 528, 529, 530, 531, 532, 533, 534, 535, 536, 537, 538, 539, 540, 541, 542, 543, 544, 545, 546, 547, 548, 549, 550, 551, 552, 553, 554, 555, 556, 557, 558, 559, 560, 561, 562, 563, 564, 565, 566, 567, 568, 569, 570, 571, 572, 573]","[6, 9, 44, 86, 89, 102, 492, 494, 524, 557, 573]","[1, 13, 14, 29, 54, 55, 56, 57, 58, 60, 102, 118, 125, 127, 130, 134, 146, 149, 153, 175, 182, 187, 189, 191, 197, 225, 230, 238, 264, 265, 266, 286, 302, 317, 336, 379, 388, 389, 425, 454, 458, 463, 475, 487, 498, 499, 512, 530, 531, 532, 533, 534, 536, 573, 589, 596, 598, 601, 605, 617, 620, 624, 646, 653, 658, 660, 662, 668, 689, 694, 702, 724, 725, 745, 760, 775, 793, 829, 838, 839, 877, 901, 903, 905, 910, 923]","[1, 13, 14, 29, 54, 55, 56, 57, 58, 60, 102, 118, 125, 127, 130, 134, 146, 149, 153, 175, 182, 187, 189, 191, 197, 225, 230, 238, 264, 265, 266, 286, 302, 317, 336, 354, 379, 388, 389, 425, 454, 458, 463, 475, 487, 498, 499, 512, 530, 531, 532, 533, 534, 536, 573, 589, 596, 598, 601, 605, 617, 620, 624, 646, 653, 658, 660, 662, 668, 689, 694, 702, 724, 725, 745, 760, 775, 793, 809, 829, 838, 839, 877, 901, 903, 905, 910, 923]","[0, 1, 2, 3, 4, 5, 6, 7, 8, 9, 10, 11, 12, 13, 14, 15, 16, 17, 18, 19, 20, 21, 22, 23, 24, 25, 26, 27, 28, 29, 30, 31, 32, 33, 34, 35, 36, 37, 38, 39, 40, 41, 42, 43, 44, 45, 46, 47, 48, 49, 50, 51, 52, 53, 54, 55, 56, 57, 58, 59, 60, 573, 61, 62, 63, 64, 65, 66, 67, 68, 69, 70, 71, 72, 73, 74, 75, 76, 77, 78, 79, 80, 81, 82, 83, 84, 85, 86, 87, 88, 89, 90, 91, 92, 93, 94, 95, 96, 97, 98, 99, 100, 102, 101, 528, 529, 617, 530, 620, 513, 531, 624, 532, 118, 533, 125, 534, 127, 130, 535, 134, 646, 514, 536, 653, 537, 146, 538, 658, 149, 660, 662, 539, 153, 668, 540, 515, 541, 542, 543, 175, 689, 544, 182, 545, 694, 516, 187, 546, 189, 702, 191, 547, 197, 548, 549, 550, 517, 724, 551, 725, 552, 553, 225, 554, 230, 555, 745, 518, 556, 238, 557, 558, 760, 559, 560, 519, 561, 264, 265, 266, 775, 562, 563, 564, 793, 565, 520, 286, 566, 567, 809, 568, 302, 569, 570, 521, 571, 317, 572, 829, 838, 839, 522, 336, 354, 523, 877, 379, 524, 388, 389, 901, 903, 905, 910, 589, 525, 923, 425, 512, 526, 596, 598, 454, 458, 527, 463, 601, 475, 605, 485, 486, 487, 488, 489, 490, 491, 492, 493, 494, 495, 496, 497, 498, 499, 500, 501, 502, 503, 504, 505, 506, 507, 508, 509, 510, 511]",True,"[42, 102, 573]","[0, 1, 2, 3, 4, 5, 6, 7, 8, 9, 10, 11, 12, 13, 14, 15, 16, 17, 18, 19, 20, 21, 22, 23, 24, 25, 26, 27, 28, 29, 30, 31, 32, 33, 34, 35, 36, 37, 38, 39, 40, 41, 42, 43, 44, 45, 46, 47, 48, 49, 50, 51, 52, 53, 54, 55, 56, 57, 58, 59, 60, 61, 62, 63, 64, 65, 66, 67, 68, 69, 70, 71, 72, 73, 74, 75, 76, 77, 78, 79, 80, 81, 82, 83, 84, 85, 86, 87, 88, 89, 90, 91, 92, 93, 94, 95, 96, 97, 98, 99, 100, 101, 102, 485, 486, 487, 488, 489, 490, 491, 492, 493, 494, 495, 496, 497, 498, 499, 500, 501, 502, 503, 504, 505, 506, 507, 508, 509, 510, 511, 512, 513, 514, 515, 516, 517, 518, 519, 520, 521, 522, 523, 524, 525, 526, 527, 528, 529, 530, 531, 532, 533, 534, 535, 536, 537, 538, 539, 540, 541, 542, 543, 544, 545, 546, 547, 548, 549, 550, 551, 552, 553, 554, 555, 556, 557, 558, 559, 560, 561, 562, 563, 564, 565, 566, 567, 568, 569, 570, 571, 572, 573]","[42, 102, 573]",[],"[6, 9, 44, 86, 89, 102, 492, 494, 524, 557, 573]","[1, 13, 14, 29, 54, 55, 56, 57, 58, 60, 102, 118, 125, 127, 130, 134, 146, 149, 153, 175, 182, 187, 189, 191, 197, 225, 230, 238, 264, 265, 266, 286, 302, 317, 336, 354, 379, 388, 389, 425, 454, 458, 463, 475, 487, 498, 499, 512, 530, 531, 532, 533, 534, 536, 573, 589, 596, 598, 601, 605, 617, 620, 624, 646, 653, 658, 660, 662, 668, 689, 694, 702, 724, 725, 745, 760, 775, 793, 809, 829, 838, 839, 877, 901, 903, 905, 910, 923]","[1, 13, 14, 29, 54, 55, 56, 57, 58, 60, 102, 118, 125, 127, 130, 134, 146, 149, 153, 175, 182, 187, 189, 191, 197, 225, 230, 238, 264, 265, 266, 286, 302, 317, 336, 379, 388, 389, 425, 454, 458, 463, 475, 487, 498, 499, 512, 530, 531, 532, 533, 534, 536, 573, 589, 596, 598, 601, 605, 617, 620, 624, 646, 653, 658, 660, 662, 668, 689, 694, 702, 724, 725, 745, 760, 775, 793, 829, 838, 839, 877, 901, 903, 905, 910, 923]",7/6 successful match,True,,False,556,False,,,,,
Nogales ( 85621 ) Zarro Shell,5 520-287-4800 AZ 189 ( at border ),m B,Nogales,85621,Zarro Shell,520-287-4800,2015,Nogales,AZ,Shell,( at border ),AZ 189,empty,,False,,False,AZ 189,,,,,"[573, 102]","[42, 102, 573]","[42, 102, 573]",[],"[0, 1, 2, 3, 4, 5, 6, 7, 8, 9, 10, 11, 12, 13, 14, 15, 16, 17, 18, 19, 20, 21, 22, 23, 24, 25, 26, 27, 28, 29, 30, 31, 32, 33, 34, 35, 36, 37, 38, 39, 40, 41, 42, 43, 44, 45, 46, 47, 48, 49, 50, 51, 52, 53, 54, 55, 56, 57, 58, 59, 60, 61, 62, 63, 64, 65, 66, 67, 68, 69, 70, 71, 72, 73, 74, 75, 76, 77, 78, 79, 80, 81, 82, 83, 84, 85, 86, 87, 88, 89, 90, 91, 92, 93, 94, 95, 96, 97, 98, 99, 100, 101, 102, 485, 486, 487, 488, 489, 490, 491, 492, 493, 494, 495, 496, 497, 498, 499, 500, 501, 502, 503, 504, 505, 506, 507, 508, 509, 510, 511, 512, 513, 514, 515, 516, 517, 518, 519, 520, 521, 522, 523, 524, 525, 526, 527, 528, 529, 530, 531, 532, 533, 534, 535, 536, 537, 538, 539, 540, 541, 542, 543, 544, 545, 546, 547, 548, 549, 550, 551, 552, 553, 554, 555, 556, 557, 558, 559, 560, 561, 562, 563, 564, 565, 566, 567, 568, 569, 570, 571, 572, 573]","[6, 9, 44, 86, 89, 102, 492, 494, 524, 557, 573]","[1, 13, 14, 29, 54, 55, 56, 57, 58, 60, 102, 118, 125, 127, 130, 134, 146, 149, 153, 175, 182, 187, 189, 191, 197, 225, 230, 238, 264, 265, 266, 286, 302, 317, 336, 379, 388, 389, 425, 454, 458, 463, 475, 487, 498, 499, 512, 530, 531, 532, 533, 534, 536, 573, 589, 596, 598, 601, 605, 617, 620, 624, 646, 653, 658, 660, 662, 668, 689, 694, 702, 724, 725, 745, 760, 775, 793, 829, 838, 839, 877, 901, 903, 905, 910, 923]","[1, 13, 14, 29, 54, 55, 56, 57, 58, 60, 102, 118, 125, 127, 130, 134, 146, 149, 153, 175, 182, 187, 189, 191, 197, 225, 230, 238, 264, 265, 266, 286, 302, 317, 336, 354, 379, 388, 389, 425, 454, 458, 463, 475, 487, 498, 499, 512, 530, 531, 532, 533, 534, 536, 573, 589, 596, 598, 601, 605, 617, 620, 624, 646, 653, 658, 660, 662, 668, 689, 694, 702, 724, 725, 745, 760, 775, 793, 809, 829, 838, 839, 877, 901, 903, 905, 910, 923]","[0, 1, 2, 3, 4, 5, 6, 7, 8, 9, 10, 11, 12, 13, 14, 15, 16, 17, 18, 19, 20, 21, 22, 23, 24, 25, 26, 27, 28, 29, 30, 31, 32, 33, 34, 35, 36, 37, 38, 39, 40, 41, 42, 43, 44, 45, 46, 47, 48, 49, 50, 51, 52, 53, 54, 55, 56, 57, 58, 59, 60, 573, 61, 62, 63, 64, 65, 66, 67, 68, 69, 70, 71, 72, 73, 74, 75, 76, 77, 78, 79, 80, 81, 82, 83, 84, 85, 86, 87, 88, 89, 90, 91, 92, 93, 94, 95, 96, 97, 98, 99, 100, 102, 101, 528, 529, 617, 530, 620, 513, 531, 624, 532, 118, 533, 125, 534, 127, 130, 535, 134, 646, 514, 536, 653, 537, 146, 538, 658, 149, 660, 662, 539, 153, 668, 540, 515, 541, 542, 543, 175, 689, 544, 182, 545, 694, 516, 187, 546, 189, 702, 191, 547, 197, 548, 549, 550, 517, 724, 551, 725, 552, 553, 225, 554, 230, 555, 745, 518, 556, 238, 557, 558, 760, 559, 560, 519, 561, 264, 265, 266, 775, 562, 563, 564, 793, 565, 520, 286, 566, 567, 809, 568, 302, 569, 570, 521, 571, 317, 572, 829, 838, 839, 522, 336, 354, 523, 877, 379, 524, 388, 389, 901, 903, 905, 910, 589, 525, 923, 425, 512, 526, 596, 598, 454, 458, 527, 463, 601, 475, 605, 485, 486, 487, 488, 489, 490, 491, 492, 493, 494, 495, 496, 497, 498, 499, 500, 501, 502, 503, 504, 505, 506, 507, 508, 509, 510, 511]",True,"[42, 102, 573]","[0, 1, 2, 3, 4, 5, 6, 7, 8, 9, 10, 11, 12, 13, 14, 15, 16, 17, 18, 19, 20, 21, 22, 23, 24, 25, 26, 27, 28, 29, 30, 31, 32, 33, 34, 35, 36, 37, 38, 39, 40, 41, 42, 43, 44, 45, 46, 47, 48, 49, 50, 51, 52, 53, 54, 55, 56, 57, 58, 59, 60, 61, 62, 63, 64, 65, 66, 67, 68, 69, 70, 71, 72, 73, 74, 75, 76, 77, 78, 79, 80, 81, 82, 83, 84, 85, 86, 87, 88, 89, 90, 91, 92, 93, 94, 95, 96, 97, 98, 99, 100, 101, 102, 485, 486, 487, 488, 489, 490, 491, 492, 493, 494, 495, 496, 497, 498, 499, 500, 501, 502, 503, 504, 505, 506, 507, 508, 509, 510, 511, 512, 513, 514, 515, 516, 517, 518, 519, 520, 521, 522, 523, 524, 525, 526, 527, 528, 529, 530, 531, 532, 533, 534, 535, 536, 537, 538, 539, 540, 541, 542, 543, 544, 545, 546, 547, 548, 549, 550, 551, 552, 553, 554, 555, 556, 557, 558, 559, 560, 561, 562, 563, 564, 565, 566, 567, 568, 569, 570, 571, 572, 573]","[42, 102, 573]",[],"[6, 9, 44, 86, 89, 102, 492, 494, 524, 557, 573]","[1, 13, 14, 29, 54, 55, 56, 57, 58, 60, 102, 118, 125, 127, 130, 134, 146, 149, 153, 175, 182, 187, 189, 191, 197, 225, 230, 238, 264, 265, 266, 286, 302, 317, 336, 354, 379, 388, 389, 425, 454, 458, 463, 475, 487, 498, 499, 512, 530, 531, 532, 533, 534, 536, 573, 589, 596, 598, 601, 605, 617, 620, 624, 646, 653, 658, 660, 662, 668, 689, 694, 702, 724, 725, 745, 760, 775, 793, 809, 829, 838, 839, 877, 901, 903, 905, 910, 923]","[1, 13, 14, 29, 54, 55, 56, 57, 58, 60, 102, 118, 125, 127, 130, 134, 146, 149, 153, 175, 182, 187, 189, 191, 197, 225, 230, 238, 264, 265, 266, 286, 302, 317, 336, 379, 388, 389, 425, 454, 458, 463, 475, 487, 498, 499, 512, 530, 531, 532, 533, 534, 536, 573, 589, 596, 598, 601, 605, 617, 620, 624, 646, 653, 658, 660, 662, 668, 689, 694, 702, 724, 725, 745, 760, 775, 793, 829, 838, 839, 877, 901, 903, 905, 910, 923]",7/6 successful match,True,,False,556,False,,1.0,True,Zarro Shell,Shell
Nogales ( 85621 ) Zarro Shell,5 520-287-4800 AZ 189 ( at border ),<U+2610> S,Nogales,85621,Zarro Shell,520-287-4800,2016,Nogales,AZ,Shell,( at border ),AZ 189,empty,,False,,False,AZ 189,,,,,"[573, 102]","[42, 102, 573]","[42, 102, 573]",[],"[0, 1, 2, 3, 4, 5, 6, 7, 8, 9, 10, 11, 12, 13, 14, 15, 16, 17, 18, 19, 20, 21, 22, 23, 24, 25, 26, 27, 28, 29, 30, 31, 32, 33, 34, 35, 36, 37, 38, 39, 40, 41, 42, 43, 44, 45, 46, 47, 48, 49, 50, 51, 52, 53, 54, 55, 56, 57, 58, 59, 60, 61, 62, 63, 64, 65, 66, 67, 68, 69, 70, 71, 72, 73, 74, 75, 76, 77, 78, 79, 80, 81, 82, 83, 84, 85, 86, 87, 88, 89, 90, 91, 92, 93, 94, 95, 96, 97, 98, 99, 100, 101, 102, 485, 486, 487, 488, 489, 490, 491, 492, 493, 494, 495, 496, 497, 498, 499, 500, 501, 502, 503, 504, 505, 506, 507, 508, 509, 510, 511, 512, 513, 514, 515, 516, 517, 518, 519, 520, 521, 522, 523, 524, 525, 526, 527, 528, 529, 530, 531, 532, 533, 534, 535, 536, 537, 538, 539, 540, 541, 542, 543, 544, 545, 546, 547, 548, 549, 550, 551, 552, 553, 554, 555, 556, 557, 558, 559, 560, 561, 562, 563, 564, 565, 566, 567, 568, 569, 570, 571, 572, 573]","[6, 9, 44, 86, 89, 102, 492, 494, 524, 557, 573]","[1, 13, 14, 29, 54, 55, 56, 57, 58, 60, 102, 118, 125, 127, 130, 134, 146, 149, 153, 175, 182, 187, 189, 191, 197, 225, 230, 238, 264, 265, 266, 286, 302, 317, 336, 379, 388, 389, 425, 454, 458, 463, 475, 487, 498, 499, 512, 530, 531, 532, 533, 534, 536, 573, 589, 596, 598, 601, 605, 617, 620, 624, 646, 653, 658, 660, 662, 668, 689, 694, 702, 724, 725, 745, 760, 775, 793, 829, 838, 839, 877, 901, 903, 905, 910, 923]","[1, 13, 14, 29, 54, 55, 56, 57, 58, 60, 102, 118, 125, 127, 130, 134, 146, 149, 153, 175, 182, 187, 189, 191, 197, 225, 230, 238, 264, 265, 266, 286, 302, 317, 336, 354, 379, 388, 389, 425, 454, 458, 463, 475, 487, 498, 499, 512, 530, 531, 532, 533, 534, 536, 573, 589, 596, 598, 601, 605, 617, 620, 624, 646, 653, 658, 660, 662, 668, 689, 694, 702, 724, 725, 745, 760, 775, 793, 809, 829, 838, 839, 877, 901, 903, 905, 910, 923]","[0, 1, 2, 3, 4, 5, 6, 7, 8, 9, 10, 11, 12, 13, 14, 15, 16, 17, 18, 19, 20, 21, 22, 23, 24, 25, 26, 27, 28, 29, 30, 31, 32, 33, 34, 35, 36, 37, 38, 39, 40, 41, 42, 43, 44, 45, 46, 47, 48, 49, 50, 51, 52, 53, 54, 55, 56, 57, 58, 59, 60, 573, 61, 62, 63, 64, 65, 66, 67, 68, 69, 70, 71, 72, 73, 74, 75, 76, 77, 78, 79, 80, 81, 82, 83, 84, 85, 86, 87, 88, 89, 90, 91, 92, 93, 94, 95, 96, 97, 98, 99, 100, 102, 101, 528, 529, 617, 530, 620, 513, 531, 624, 532, 118, 533, 125, 534, 127, 130, 535, 134, 646, 514, 536, 653, 537, 146, 538, 658, 149, 660, 662, 539, 153, 668, 540, 515, 541, 542, 543, 175, 689, 544, 182, 545, 694, 516, 187, 546, 189, 702, 191, 547, 197, 548, 549, 550, 517, 724, 551, 725, 552, 553, 225, 554, 230, 555, 745, 518, 556, 238, 557, 558, 760, 559, 560, 519, 561, 264, 265, 266, 775, 562, 563, 564, 793, 565, 520, 286, 566, 567, 809, 568, 302, 569, 570, 521, 571, 317, 572, 829, 838, 839, 522, 336, 354, 523, 877, 379, 524, 388, 389, 901, 903, 905, 910, 589, 525, 923, 425, 512, 526, 596, 598, 454, 458, 527, 463, 601, 475, 605, 485, 486, 487, 488, 489, 490, 491, 492, 493, 494, 495, 496, 497, 498, 499, 500, 501, 502, 503, 504, 505, 506, 507, 508, 509, 510, 511]",True,"[42, 102, 573]","[0, 1, 2, 3, 4, 5, 6, 7, 8, 9, 10, 11, 12, 13, 14, 15, 16, 17, 18, 19, 20, 21, 22, 23, 24, 25, 26, 27, 28, 29, 30, 31, 32, 33, 34, 35, 36, 37, 38, 39, 40, 41, 42, 43, 44, 45, 46, 47, 48, 49, 50, 51, 52, 53, 54, 55, 56, 57, 58, 59, 60, 61, 62, 63, 64, 65, 66, 67, 68, 69, 70, 71, 72, 73, 74, 75, 76, 77, 78, 79, 80, 81, 82, 83, 84, 85, 86, 87, 88, 89, 90, 91, 92, 93, 94, 95, 96, 97, 98, 99, 100, 101, 102, 485, 486, 487, 488, 489, 490, 491, 492, 493, 494, 495, 496, 497, 498, 499, 500, 501, 502, 503, 504, 505, 506, 507, 508, 509, 510, 511, 512, 513, 514, 515, 516, 517, 518, 519, 520, 521, 522, 523, 524, 525, 526, 527, 528, 529, 530, 531, 532, 533, 534, 535, 536, 537, 538, 539, 540, 541, 542, 543, 544, 545, 546, 547, 548, 549, 550, 551, 552, 553, 554, 555, 556, 557, 558, 559, 560, 561, 562, 563, 564, 565, 566, 567, 568, 569, 570, 571, 572, 573]","[42, 102, 573]",[],"[6, 9, 44, 86, 89, 102, 492, 494, 524, 557, 573]","[1, 13, 14, 29, 54, 55, 56, 57, 58, 60, 102, 118, 125, 127, 130, 134, 146, 149, 153, 175, 182, 187, 189, 191, 197, 225, 230, 238, 264, 265, 266, 286, 302, 317, 336, 354, 379, 388, 389, 425, 454, 458, 463, 475, 487, 498, 499, 512, 530, 531, 532, 533, 534, 536, 573, 589, 596, 598, 601, 605, 617, 620, 624, 646, 653, 658, 660, 662, 668, 689, 694, 702, 724, 725, 745, 760, 775, 793, 809, 829, 838, 839, 877, 901, 903, 905, 910, 923]","[1, 13, 14, 29, 54, 55, 56, 57, 58, 60, 102, 118, 125, 127, 130, 134, 146, 149, 153, 175, 182, 187, 189, 191, 197, 225, 230, 238, 264, 265, 266, 286, 302, 317, 336, 379, 388, 389, 425, 454, 458, 463, 475, 487, 498, 499, 512, 530, 531, 532, 533, 534, 536, 573, 589, 596, 598, 601, 605, 617, 620, 624, 646, 653, 658, 660, 662, 668, 689, 694, 702, 724, 725, 745, 760, 775, 793, 829, 838, 839, 877, 901, 903, 905, 910, 923]",7/6 successful match,True,,False,556,False,,1.0,True,Zarro Shell,Shell
Sierra Vista ( 85635 ) Corner Store # 1670 ( Valero ),520-458-0300 AZ 90 & AZ 92,24 <U+25A1>,Sierra Vista,85635,Corner Store # 1670 ( Valero ),520-458-0300,2016,Sierra Vista,AZ,Valero,,AZ 90 & AZ 92,empty,,False,,False,AZ 90,AZ 92,,,,"[9, 494]","[9, 494]","[9, 494]",[],"[0, 1, 2, 3, 4, 5, 6, 7, 8, 9, 10, 11, 12, 13, 14, 15, 16, 17, 18, 19, 20, 21, 22, 23, 24, 25, 26, 27, 28, 29, 30, 31, 32, 33, 34, 35, 36, 37, 38, 39, 40, 41, 42, 43, 44, 45, 46, 47, 48, 49, 50, 51, 52, 53, 54, 55, 56, 57, 58, 59, 60, 61, 62, 63, 64, 65, 66, 67, 68, 69, 70, 71, 72, 73, 74, 75, 76, 77, 78, 79, 80, 81, 82, 83, 84, 85, 86, 87, 88, 89, 90, 91, 92, 93, 94, 95, 96, 97, 98, 99, 100, 101, 102, 485, 486, 487, 488, 489, 490, 491, 492, 493, 494, 495, 496, 497, 498, 499, 500, 501, 502, 503, 504, 505, 506, 507, 508, 509, 510, 511, 512, 513, 514, 515, 516, 517, 518, 519, 520, 521, 522, 523, 524, 525, 526, 527, 528, 529, 530, 531, 532, 533, 534, 535, 536, 537, 538, 539, 540, 541, 542, 543, 544, 545, 546, 547, 548, 549, 550, 551, 552, 553, 554, 555, 556, 557, 558, 559, 560, 561, 562, 563, 564, 565, 566, 567, 568, 569, 570, 571, 572, 573]","[6, 9, 44, 86, 89, 102, 217, 422, 492, 494, 524, 557, 573, 685, 874]","[2, 9, 10, 82, 111, 112, 113, 199, 279, 284, 285, 300, 488, 494, 495, 553, 581, 582, 583, 670, 738, 743, 744, 759, 818]","[2, 9, 10, 82, 111, 112, 113, 196, 199, 279, 284, 285, 300, 397, 488, 494, 495, 553, 581, 582, 583, 667, 670, 738, 743, 744, 759, 818, 847]","[0, 1, 2, 3, 4, 5, 6, 7, 8, 9, 10, 11, 12, 13, 14, 15, 16, 17, 18, 19, 20, 21, 22, 23, 24, 25, 26, 27, 28, 29, 30, 31, 32, 33, 34, 35, 36, 37, 38, 39, 40, 41, 42, 43, 44, 45, 46, 47, 48, 49, 50, 51, 52, 53, 54, 55, 56, 57, 58, 59, 60, 61, 62, 63, 64, 65, 66, 67, 68, 69, 70, 71, 72, 73, 74, 75, 76, 77, 78, 79, 80, 81, 82, 83, 84, 85, 86, 87, 88, 89, 90, 91, 92, 93, 94, 95, 96, 97, 98, 99, 100, 101, 102, 528, 529, 530, 513, 531, 111, 112, 113, 532, 533, 534, 535, 514, 536, 537, 538, 539, 667, 540, 670, 515, 541, 542, 543, 685, 544, 545, 516, 546, 547, 196, 548, 199, 549, 550, 517, 551, 217, 552, 553, 738, 554, 743, 744, 555, 518, 556, 557, 759, 558, 559, 560, 519, 561, 562, 563, 564, 279, 565, 284, 285, 520, 566, 567, 568, 300, 569, 818, 570, 521, 571, 572, 573, 847, 522, 523, 874, 581, 582, 583, 524, 397, 525, 422, 512, 526, 527, 485, 486, 487, 488, 489, 490, 491, 492, 493, 494, 495, 496, 497, 498, 499, 500, 501, 502, 503, 504, 505, 506, 507, 508, 509, 510, 511]",True,"[9, 494]","[0, 1, 2, 3, 4, 5, 6, 7, 8, 9, 10, 11, 12, 13, 14, 15, 16, 17, 18, 19, 20, 21, 22, 23, 24, 25, 26, 27, 28, 29, 30, 31, 32, 33, 34, 35, 36, 37, 38, 39, 40, 41, 42, 43, 44, 45, 46, 47, 48, 49, 50, 51, 52, 53, 54, 55, 56, 57, 58, 59, 60, 61, 62, 63, 64, 65, 66, 67, 68, 69, 70, 71, 72, 73, 74, 75, 76, 77, 78, 79, 80, 81, 82, 83, 84, 85, 86, 87, 88, 89, 90, 91, 92, 93, 94, 95, 96, 97, 98, 99, 100, 101, 102, 485, 486, 487, 488, 489, 490, 491, 492, 493, 494, 495, 496, 497, 498, 499, 500, 501, 502, 503, 504, 505, 506, 507, 508, 509, 510, 511, 512, 513, 514, 515, 516, 517, 518, 519, 520, 521, 522, 523, 524, 525, 526, 527, 528, 529, 530, 531, 532, 533, 534, 535, 536, 537, 538, 539, 540, 541, 542, 543, 544, 545, 546, 547, 548, 549, 550, 551, 552, 553, 554, 555, 556, 557, 558, 559, 560, 561, 562, 563, 564, 565, 566, 567, 568, 569, 570, 571, 572, 573]","[9, 494]",[],"[6, 9, 44, 86, 89, 102, 217, 422, 492, 494, 524, 557, 573, 685, 874]","[2, 9, 10, 82, 111, 112, 113, 196, 199, 279, 284, 285, 300, 397, 488, 494, 495, 553, 581, 582, 583, 667, 670, 738, 743, 744, 759, 818, 847]","[2, 9, 10, 82, 111, 112, 113, 199, 279, 284, 285, 300, 488, 494, 495, 553, 581, 582, 583, 670, 738, 743, 744, 759, 818]",7/6 successful match,True,"[533, 534, 535]",True,557,False,,,,,
"Willcox , 85643 Freeway Chevron",6 520-384-4375 I-10 Exit 336,,Willcox,85643,Freeway Chevron,520-384-4375,2008,Willcox,AZ,Chevron,,I-10 Exit 336,Exit,336,False,,False,I-10,,,,,"[24, 508]","[24, 48, 96, 100, 508, 567, 571]","[24, 32, 96, 100]","[24, 508]","[0, 1, 2, 3, 4, 5, 6, 7, 8, 9, 10, 11, 12, 13, 14, 15, 16, 17, 18, 19, 20, 21, 22, 23, 24, 25, 26, 27, 28, 29, 30, 31, 32, 33, 34, 35, 36, 37, 38, 39, 40, 41, 42, 43, 44, 45, 46, 47, 48, 49, 50, 51, 52, 53, 54, 55, 56, 57, 58, 59, 60, 61, 62, 63, 64, 65, 66, 67, 68, 69, 70, 71, 72, 73, 74, 75, 76, 77, 78, 79, 80, 81, 82, 83, 84, 85, 86, 87, 88, 89, 90, 91, 92, 93, 94, 95, 96, 97, 98, 99, 100, 101, 102, 485, 486, 487, 488, 489, 490, 491, 492, 493, 494, 495, 496, 497, 498, 499, 500, 501, 502, 503, 504, 505, 506, 507, 508, 509, 510, 511, 512, 513, 514, 515, 516, 517, 518, 519, 520, 521, 522, 523, 524, 525, 526, 527, 528, 529, 530, 531, 532, 533, 534, 535, 536, 537, 538, 539, 540, 541, 542, 543, 544, 545, 546, 547, 548, 549, 550, 551, 552, 553, 554, 555, 556, 557, 558, 559, 560, 561, 562, 563, 564, 565, 566, 567, 568, 569, 570, 571, 572, 573]","[0, 5, 7, 10, 14, 19, 20, 22, 24, 32, 33, 34, 37, 38, 40, 44, 46, 48, 49, 51, 56, 61, 63, 65, 67, 68, 73, 74, 75, 76, 79, 81, 82, 83, 85, 87, 88, 92, 93, 95, 96, 99, 100, 101, 115, 116, 124, 134, 142, 161, 167, 169, 170, 186, 202, 240, 244, 254, 260, 267, 277, 300, 303, 307, 310, 322, 331, 376, 485, 491, 493, 495, 499, 503, 504, 506, 508, 515, 518, 519, 521, 524, 526, 528, 533, 537, 539, 542, 543, 547, 548, 549, 550, 551, 553, 554, 556, 558, 559, 563, 564, 566, 567, 570, 571, 572, 586, 587, 595, 605, 613, 633, 639, 640, 641, 657, 672, 704, 717, 726, 736, 759, 761, 765, 768, 780, 788, 792, 826]","[12, 24, 25, 28, 88, 100, 104, 119, 123, 129, 136, 137, 139, 140, 141, 148, 155, 169, 172, 179, 183, 185, 188, 196, 198, 217, 237, 267, 270, 278, 319, 321, 324, 325, 330, 334, 335, 354, 366, 369, 380, 383, 384, 386, 395, 407, 411, 423, 428, 436, 437, 452, 453, 456, 467, 471, 477, 478, 479, 497, 508, 511, 559, 571, 575, 590, 594, 600, 607, 608, 610, 611, 612, 619, 627, 640, 643, 650, 654, 656, 659, 667, 669, 685, 701, 726, 729, 737, 777, 779, 782, 783, 787, 790, 791, 809, 817, 819, 830, 833, 834, 836, 845, 856, 857, 860, 862, 875, 880, 887, 888, 899, 900, 914, 918, 921, 928, 929, 930]","[12, 24, 25, 28, 88, 100, 104, 119, 123, 129, 136, 137, 139, 140, 141, 148, 155, 169, 172, 179, 183, 185, 188, 196, 198, 217, 237, 267, 270, 278, 319, 321, 324, 325, 330, 334, 335, 354, 366, 369, 380, 383, 384, 386, 395, 407, 411, 423, 428, 436, 437, 452, 453, 456, 467, 471, 477, 478, 479, 497, 508, 511, 559, 571, 575, 590, 594, 600, 607, 608, 610, 611, 612, 619, 627, 640, 643, 650, 654, 656, 659, 667, 669, 685, 701, 726, 729, 737, 777, 779, 782, 783, 787, 790, 791, 809, 817, 819, 830, 833, 834, 836, 845, 856, 857, 860, 862, 875, 880, 887, 888, 899, 900, 914, 918, 921, 928, 929, 930]","[0, 1, 2, 3, 4, 5, 6, 7, 8, 9, 10, 11, 12, 13, 14, 15, 16, 17, 18, 19, 20, 21, 22, 23, 24, 25, 26, 27, 28, 29, 30, 31, 32, 33, 34, 35, 36, 37, 38, 39, 40, 41, 42, 43, 44, 45, 46, 47, 48, 49, 50, 51, 52, 53, 54, 55, 56, 57, 58, 59, 60, 61, 62, 63, 64, 65, 66, 67, 68, 69, 70, 71, 72, 73, 74, 75, 76, 77, 78, 79, 80, 81, 82, 83, 84, 85, 86, 87, 88, 89, 90, 91, 92, 93, 94, 95, 96, 97, 98, 99, 100, 101, 102, 104, 115, 116, 119, 123, 124, 129, 134, 136, 137, 139, 140, 141, 142, 148, 155, 161, 167, 169, 170, 172, 179, 183, 185, 186, 188, 196, 198, 202, 217, 237, 240, 244, 254, 260, 267, 270, 277, 278, 300, 303, 307, 310, 319, 321, 322, 324, 325, 330, 331, 334, 335, 354, 366, 369, 376, 380, 383, 384, 386, 395, 407, 411, 423, 428, 436, 437, 452, 453, 456, 467, 471, 477, 478, 479, 485, 486, 487, 488, 489, 490, 491, 492, 493, 494, 495, 496, 497, 498, 499, 500, 501, 502, 503, 504, 505, 506, 507, 508, 509, 510, 511, 512, 513, 514, 515, 516, 517, 518, 519, 520, 521, 522, 523, 524, 525, 526, 527, 528, 529, 530, 531, 532, 533, 534, 535, 536, 537, 538, 539, 540, 541, 542, 543, 544, 545, 546, 547, 548, 549, 550, 551, 552, 553, 554, 555, 556, 557, 558, 559, 560, 561, 562, 563, 564, 565, 566, 567, 568, 569, 570, 571, 572, 573, 575, 586, 587, 590, 594, 595, 600, 605, 607, 608, 610, 611, 612, 613, 619, 627, 633, 639, 640, 641, 643, 650, 654, 656, 657, 659, 667, 669, 672, 685, 701, 704, 717, 726, 729, 736, 737, 759, 761, 765, 768, 777, 779, 780, 782, 783, 787, 788, 790, 791, 792, 809, 817, 819, 826, 830, 833, 834, 836, 845, 856, 857, 860, 862, 875, 880, 887, 888, 899, 900, 914, 918, 921, 928, 929, 930]",True,"[24, 48, 96, 100, 508, 567, 571]","[0, 1, 2, 3, 4, 5, 6, 7, 8, 9, 10, 11, 12, 13, 14, 15, 16, 17, 18, 19, 20, 21, 22, 23, 24, 25, 26, 27, 28, 29, 30, 31, 32, 33, 34, 35, 36, 37, 38, 39, 40, 41, 42, 43, 44, 45, 46, 47, 48, 49, 50, 51, 52, 53, 54, 55, 56, 57, 58, 59, 60, 61, 62, 63, 64, 65, 66, 67, 68, 69, 70, 71, 72, 73, 74, 75, 76, 77, 78, 79, 80, 81, 82, 83, 84, 85, 86, 87, 88, 89, 90, 91, 92, 93, 94, 95, 96, 97, 98, 99, 100, 101, 102, 485, 486, 487, 488, 489, 490, 491, 492, 493, 494, 495, 496, 497, 498, 499, 500, 501, 502, 503, 504, 505, 506, 507, 508, 509, 510, 511, 512, 513, 514, 515, 516, 517, 518, 519, 520, 521, 522, 523, 524, 525, 526, 527, 528, 529, 530, 531, 532, 533, 534, 535, 536, 537, 538, 539, 540, 541, 542, 543, 544, 545, 546, 547, 548, 549, 550, 551, 552, 553, 554, 555, 556, 557, 558, 559, 560, 561, 562, 563, 564, 565, 566, 567, 568, 569, 570, 571, 572, 573]","[24, 32, 96, 100]","[24, 508]","[0, 5, 7, 10, 14, 19, 20, 22, 24, 32, 33, 34, 37, 38, 40, 44, 46, 48, 49, 51, 56, 61, 63, 65, 67, 68, 73, 74, 75, 76, 79, 81, 82, 83, 85, 87, 88, 92, 93, 95, 96, 99, 100, 101, 115, 116, 124, 134, 142, 161, 167, 169, 170, 186, 202, 240, 244, 254, 260, 267, 277, 300, 303, 307, 310, 322, 331, 376, 485, 491, 493, 495, 499, 503, 504, 506, 508, 515, 518, 519, 521, 524, 526, 528, 533, 537, 539, 542, 543, 547, 548, 549, 550, 551, 553, 554, 556, 558, 559, 563, 564, 566, 567, 570, 571, 572, 586, 587, 595, 605, 613, 633, 639, 640, 641, 657, 672, 704, 717, 726, 736, 759, 761, 765, 768, 780, 788, 792, 826]","[12, 24, 25, 28, 88, 100, 104, 119, 123, 129, 136, 137, 139, 140, 141, 148, 155, 169, 172, 179, 183, 185, 188, 196, 198, 217, 237, 267, 270, 278, 319, 321, 324, 325, 330, 334, 335, 354, 366, 369, 380, 383, 384, 386, 395, 407, 411, 423, 428, 436, 437, 452, 453, 456, 467, 471, 477, 478, 479, 497, 508, 511, 559, 571, 575, 590, 594, 600, 607, 608, 610, 611, 612, 619, 627, 640, 643, 650, 654, 656, 659, 667, 669, 685, 701, 726, 729, 737, 777, 779, 782, 783, 787, 790, 791, 809, 817, 819, 830, 833, 834, 836, 845, 856, 857, 860, 862, 875, 880, 887, 888, 899, 900, 914, 918, 921, 928, 929, 930]","[12, 24, 25, 28, 88, 100, 104, 119, 123, 129, 136, 137, 139, 140, 141, 148, 155, 169, 172, 179, 183, 185, 188, 196, 198, 217, 237, 267, 270, 278, 319, 321, 324, 325, 330, 334, 335, 354, 366, 369, 380, 383, 384, 386, 395, 407, 411, 423, 428, 436, 437, 452, 453, 456, 467, 471, 477, 478, 479, 497, 508, 511, 559, 571, 575, 590, 594, 600, 607, 608, 610, 611, 612, 619, 627, 640, 643, 650, 654, 656, 659, 667, 669, 685, 701, 726, 729, 737, 777, 779, 782, 783, 787, 790, 791, 809, 817, 819, 830, 833, 834, 836, 845, 856, 857, 860, 862, 875, 880, 887, 888, 899, 900, 914, 918, 921, 928, 929, 930]",7/6 successful match,True,[220],True,558,False,,,,,
Willcox ( 85643 ) Freeway Chevron,520-384-4375 I-10 Exit 336,,Willcox,85643,Freeway Chevron,520-384-4375,2014,Willcox,AZ,Chevron,,I-10 Exit 336,Exit,336,False,,False,I-10,,,,,"[24, 508]","[24, 48, 96, 100, 508, 567, 571]","[24, 32, 96, 100]","[24, 508]","[0, 1, 2, 3, 4, 5, 6, 7, 8, 9, 10, 11, 12, 13, 14, 15, 16, 17, 18, 19, 20, 21, 22, 23, 24, 25, 26, 27, 28, 29, 30, 31, 32, 33, 34, 35, 36, 37, 38, 39, 40, 41, 42, 43, 44, 45, 46, 47, 48, 49, 50, 51, 52, 53, 54, 55, 56, 57, 58, 59, 60, 61, 62, 63, 64, 65, 66, 67, 68, 69, 70, 71, 72, 73, 74, 75, 76, 77, 78, 79, 80, 81, 82, 83, 84, 85, 86, 87, 88, 89, 90, 91, 92, 93, 94, 95, 96, 97, 98, 99, 100, 101, 102, 485, 486, 487, 488, 489, 490, 491, 492, 493, 494, 495, 496, 497, 498, 499, 500, 501, 502, 503, 504, 505, 506, 507, 508, 509, 510, 511, 512, 513, 514, 515, 516, 517, 518, 519, 520, 521, 522, 523, 524, 525, 526, 527, 528, 529, 530, 531, 532, 533, 534, 535, 536, 537, 538, 539, 540, 541, 542, 543, 544, 545, 546, 547, 548, 549, 550, 551, 552, 553, 554, 555, 556, 557, 558, 559, 560, 561, 562, 563, 564, 565, 566, 567, 568, 569, 570, 571, 572, 573]","[0, 5, 7, 10, 14, 19, 20, 22, 24, 32, 33, 34, 37, 38, 40, 44, 46, 48, 49, 51, 56, 61, 63, 65, 67, 68, 73, 74, 75, 76, 79, 81, 82, 83, 85, 87, 88, 92, 93, 95, 96, 99, 100, 101, 115, 116, 124, 134, 142, 161, 167, 169, 170, 186, 202, 240, 244, 254, 260, 267, 277, 300, 303, 307, 310, 322, 331, 376, 485, 491, 493, 495, 499, 503, 504, 506, 508, 515, 518, 519, 521, 524, 526, 528, 533, 537, 539, 542, 543, 547, 548, 549, 550, 551, 553, 554, 556, 558, 559, 563, 564, 566, 567, 570, 571, 572, 586, 587, 595, 605, 613, 633, 639, 640, 641, 657, 672, 704, 717, 726, 736, 759, 761, 765, 768, 780, 788, 792, 826]","[12, 24, 25, 28, 88, 100, 104, 119, 123, 129, 136, 137, 139, 140, 141, 148, 155, 169, 172, 179, 183, 185, 188, 196, 198, 217, 237, 267, 270, 278, 319, 321, 324, 325, 330, 334, 335, 354, 366, 369, 380, 383, 384, 386, 395, 407, 411, 423, 428, 436, 437, 452, 453, 456, 467, 471, 477, 478, 479, 497, 508, 511, 559, 571, 575, 590, 594, 600, 607, 608, 610, 611, 612, 619, 627, 640, 643, 650, 654, 656, 659, 667, 669, 685, 701, 726, 729, 737, 777, 779, 782, 783, 787, 790, 791, 809, 817, 819, 830, 833, 834, 836, 845, 856, 857, 860, 862, 875, 880, 887, 888, 899, 900, 914, 918, 921, 928, 929, 930]","[12, 24, 25, 28, 88, 100, 104, 119, 123, 129, 136, 137, 139, 140, 141, 148, 155, 169, 172, 179, 183, 185, 188, 196, 198, 217, 237, 267, 270, 278, 319, 321, 324, 325, 330, 334, 335, 354, 366, 369, 380, 383, 384, 386, 395, 407, 411, 423, 428, 436, 437, 452, 453, 456, 467, 471, 477, 478, 479, 497, 508, 511, 559, 571, 575, 590, 594, 600, 607, 608, 610, 611, 612, 619, 627, 640, 643, 650, 654, 656, 659, 667, 669, 685, 701, 726, 729, 737, 777, 779, 782, 783, 787, 790, 791, 809, 817, 819, 830, 833, 834, 836, 845, 856, 857, 860, 862, 875, 880, 887, 888, 899, 900, 914, 918, 921, 928, 929, 930]","[0, 1, 2, 3, 4, 5, 6, 7, 8, 9, 10, 11, 12, 13, 14, 15, 16, 17, 18, 19, 20, 21, 22, 23, 24, 25, 26, 27, 28, 29, 30, 31, 32, 33, 34, 35, 36, 37, 38, 39, 40, 41, 42, 43, 44, 45, 46, 47, 48, 49, 50, 51, 52, 53, 54, 55, 56, 57, 58, 59, 60, 61, 62, 63, 64, 65, 66, 67, 68, 69, 70, 71, 72, 73, 74, 75, 76, 77, 78, 79, 80, 81, 82, 83, 84, 85, 86, 87, 88, 89, 90, 91, 92, 93, 94, 95, 96, 97, 98, 99, 100, 101, 102, 104, 115, 116, 119, 123, 124, 129, 134, 136, 137, 139, 140, 141, 142, 148, 155, 161, 167, 169, 170, 172, 179, 183, 185, 186, 188, 196, 198, 202, 217, 237, 240, 244, 254, 260, 267, 270, 277, 278, 300, 303, 307, 310, 319, 321, 322, 324, 325, 330, 331, 334, 335, 354, 366, 369, 376, 380, 383, 384, 386, 395, 407, 411, 423, 428, 436, 437, 452, 453, 456, 467, 471, 477, 478, 479, 485, 486, 487, 488, 489, 490, 491, 492, 493, 494, 495, 496, 497, 498, 499, 500, 501, 502, 503, 504, 505, 506, 507, 508, 509, 510, 511, 512, 513, 514, 515, 516, 517, 518, 519, 520, 521, 522, 523, 524, 525, 526, 527, 528, 529, 530, 531, 532, 533, 534, 535, 536, 537, 538, 539, 540, 541, 542, 543, 544, 545, 546, 547, 548, 549, 550, 551, 552, 553, 554, 555, 556, 557, 558, 559, 560, 561, 562, 563, 564, 565, 566, 567, 568, 569, 570, 571, 572, 573, 575, 586, 587, 590, 594, 595, 600, 605, 607, 608, 610, 611, 612, 613, 619, 627, 633, 639, 640, 641, 643, 650, 654, 656, 657, 659, 667, 669, 672, 685, 701, 704, 717, 726, 729, 736, 737, 759, 761, 765, 768, 777, 779, 780, 782, 783, 787, 788, 790, 791, 792, 809, 817, 819, 826, 830, 833, 834, 836, 845, 856, 857, 860, 862, 875, 880, 887, 888, 899, 900, 914, 918, 921, 928, 929, 930]",True,"[24, 48, 96, 100, 508, 567, 571]","[0, 1, 2, 3, 4, 5, 6, 7, 8, 9, 10, 11, 12, 13, 14, 15, 16, 17, 18, 19, 20, 21, 22, 23, 24, 25, 26, 27, 28, 29, 30, 31, 32, 33, 34, 35, 36, 37, 38, 39, 40, 41, 42, 43, 44, 45, 46, 47, 48, 49, 50, 51, 52, 53, 54, 55, 56, 57, 58, 59, 60, 61, 62, 63, 64, 65, 66, 67, 68, 69, 70, 71, 72, 73, 74, 75, 76, 77, 78, 79, 80, 81, 82, 83, 84, 85, 86, 87, 88, 89, 90, 91, 92, 93, 94, 95, 96, 97, 98, 99, 100, 101, 102, 485, 486, 487, 488, 489, 490, 491, 492, 493, 494, 495, 496, 497, 498, 499, 500, 501, 502, 503, 504, 505, 506, 507, 508, 509, 510, 511, 512, 513, 514, 515, 516, 517, 518, 519, 520, 521, 522, 523, 524, 525, 526, 527, 528, 529, 530, 531, 532, 533, 534, 535, 536, 537, 538, 539, 540, 541, 542, 543, 544, 545, 546, 547, 548, 549, 550, 551, 552, 553, 554, 555, 556, 557, 558, 559, 560, 561, 562, 563, 564, 565, 566, 567, 568, 569, 570, 571, 572, 573]","[24, 32, 96, 100]","[24, 508]","[0, 5, 7, 10, 14, 19, 20, 22, 24, 32, 33, 34, 37, 38, 40, 44, 46, 48, 49, 51, 56, 61, 63, 65, 67, 68, 73, 74, 75, 76, 79, 81, 82, 83, 85, 87, 88, 92, 93, 95, 96, 99, 100, 101, 115, 116, 124, 134, 142, 161, 167, 169, 170, 186, 202, 240, 244, 254, 260, 267, 277, 300, 303, 307, 310, 322, 331, 376, 485, 491, 493, 495, 499, 503, 504, 506, 508, 515, 518, 519, 521, 524, 526, 528, 533, 537, 539, 542, 543, 547, 548, 549, 550, 551, 553, 554, 556, 558, 559, 563, 564, 566, 567, 570, 571, 572, 586, 587, 595, 605, 613, 633, 639, 640, 641, 657, 672, 704, 717, 726, 736, 759, 761, 765, 768, 780, 788, 792, 826]","[12, 24, 25, 28, 88, 100, 104, 119, 123, 129, 136, 137, 139, 140, 141, 148, 155, 169, 172, 179, 183, 185, 188, 196, 198, 217, 237, 267, 270, 278, 319, 321, 324, 325, 330, 334, 335, 354, 366, 369, 380, 383, 384, 386, 395, 407, 411, 423, 428, 436, 437, 452, 453, 456, 467, 471, 477, 478, 479, 497, 508, 511, 559, 571, 575, 590, 594, 600, 607, 608, 610, 611, 612, 619, 627, 640, 643, 650, 654, 656, 659, 667, 669, 685, 701, 726, 729, 737, 777, 779, 782, 783, 787, 790, 791, 809, 817, 819, 830, 833, 834, 836, 845, 856, 857, 860, 862, 875, 880, 887, 888, 899, 900, 914, 918, 921, 928, 929, 930]","[12, 24, 25, 28, 88, 100, 104, 119, 123, 129, 136, 137, 139, 140, 141, 148, 155, 169, 172, 179, 183, 185, 188, 196, 198, 217, 237, 267, 270, 278, 319, 321, 324, 325, 330, 334, 335, 354, 366, 369, 380, 383, 384, 386, 395, 407, 411, 423, 428, 436, 437, 452, 453, 456, 467, 471, 477, 478, 479, 497, 508, 511, 559, 571, 575, 590, 594, 600, 607, 608, 610, 611, 612, 619, 627, 640, 643, 650, 654, 656, 659, 667, 669, 685, 701, 726, 729, 737, 777, 779, 782, 783, 787, 790, 791, 809, 817, 819, 830, 833, 834, 836, 845, 856, 857, 860, 862, 875, 880, 887, 888, 899, 900, 914, 918, 921, 928, 929, 930]",7/6 successful match,True,[220],True,558,False,,1.0,True,Freeway Chevron,Chevron
Willcox ( 85643 ) Freeway Chevron 93 S,520-384-4375 I-10 Exit 336,<U+2610>,Willcox,85643,Freeway Chevron 93 S,520-384-4375,2015,Willcox,AZ,Chevron,,I-10 Exit 336,Exit,336,False,,False,I-10,,,,,"[24, 508]","[24, 48, 96, 100, 508, 567, 571]","[24, 32, 96, 100]","[24, 508]","[0, 1, 2, 3, 4, 5, 6, 7, 8, 9, 10, 11, 12, 13, 14, 15, 16, 17, 18, 19, 20, 21, 22, 23, 24, 25, 26, 27, 28, 29, 30, 31, 32, 33, 34, 35, 36, 37, 38, 39, 40, 41, 42, 43, 44, 45, 46, 47, 48, 49, 50, 51, 52, 53, 54, 55, 56, 57, 58, 59, 60, 61, 62, 63, 64, 65, 66, 67, 68, 69, 70, 71, 72, 73, 74, 75, 76, 77, 78, 79, 80, 81, 82, 83, 84, 85, 86, 87, 88, 89, 90, 91, 92, 93, 94, 95, 96, 97, 98, 99, 100, 101, 102, 485, 486, 487, 488, 489, 490, 491, 492, 493, 494, 495, 496, 497, 498, 499, 500, 501, 502, 503, 504, 505, 506, 507, 508, 509, 510, 511, 512, 513, 514, 515, 516, 517, 518, 519, 520, 521, 522, 523, 524, 525, 526, 527, 528, 529, 530, 531, 532, 533, 534, 535, 536, 537, 538, 539, 540, 541, 542, 543, 544, 545, 546, 547, 548, 549, 550, 551, 552, 553, 554, 555, 556, 557, 558, 559, 560, 561, 562, 563, 564, 565, 566, 567, 568, 569, 570, 571, 572, 573]","[0, 5, 7, 10, 14, 19, 20, 22, 24, 32, 33, 34, 37, 38, 40, 44, 46, 48, 49, 51, 56, 61, 63, 65, 67, 68, 73, 74, 75, 76, 79, 81, 82, 83, 85, 87, 88, 92, 93, 95, 96, 99, 100, 101, 115, 116, 124, 134, 142, 161, 167, 169, 170, 186, 202, 240, 244, 254, 260, 267, 277, 300, 303, 307, 310, 322, 331, 376, 485, 491, 493, 495, 499, 503, 504, 506, 508, 515, 518, 519, 521, 524, 526, 528, 533, 537, 539, 542, 543, 547, 548, 549, 550, 551, 553, 554, 556, 558, 559, 563, 564, 566, 567, 570, 571, 572, 586, 587, 595, 605, 613, 633, 639, 640, 641, 657, 672, 704, 717, 726, 736, 759, 761, 765, 768, 780, 788, 792, 826]","[12, 24, 25, 28, 88, 100, 104, 119, 123, 129, 136, 137, 139, 140, 141, 148, 155, 169, 172, 179, 183, 185, 188, 196, 198, 217, 237, 267, 270, 278, 319, 321, 324, 325, 330, 334, 335, 354, 366, 369, 380, 383, 384, 386, 395, 407, 411, 423, 428, 436, 437, 452, 453, 456, 467, 471, 477, 478, 479, 497, 508, 511, 559, 571, 575, 590, 594, 600, 607, 608, 610, 611, 612, 619, 627, 640, 643, 650, 654, 656, 659, 667, 669, 685, 701, 726, 729, 737, 777, 779, 782, 783, 787, 790, 791, 809, 817, 819, 830, 833, 834, 836, 845, 856, 857, 860, 862, 875, 880, 887, 888, 899, 900, 914, 918, 921, 928, 929, 930]","[12, 24, 25, 28, 88, 100, 104, 119, 123, 129, 136, 137, 139, 140, 141, 148, 155, 169, 172, 179, 183, 185, 188, 196, 198, 217, 237, 267, 270, 278, 319, 321, 324, 325, 330, 334, 335, 354, 366, 369, 380, 383, 384, 386, 395, 407, 411, 423, 428, 436, 437, 452, 453, 456, 467, 471, 477, 478, 479, 497, 508, 511, 559, 571, 575, 590, 594, 600, 607, 608, 610, 611, 612, 619, 627, 640, 643, 650, 654, 656, 659, 667, 669, 685, 701, 726, 729, 737, 777, 779, 782, 783, 787, 790, 791, 809, 817, 819, 830, 833, 834, 836, 845, 856, 857, 860, 862, 875, 880, 887, 888, 899, 900, 914, 918, 921, 928, 929, 930]","[0, 1, 2, 3, 4, 5, 6, 7, 8, 9, 10, 11, 12, 13, 14, 15, 16, 17, 18, 19, 20, 21, 22, 23, 24, 25, 26, 27, 28, 29, 30, 31, 32, 33, 34, 35, 36, 37, 38, 39, 40, 41, 42, 43, 44, 45, 46, 47, 48, 49, 50, 51, 52, 53, 54, 55, 56, 57, 58, 59, 60, 61, 62, 63, 64, 65, 66, 67, 68, 69, 70, 71, 72, 73, 74, 75, 76, 77, 78, 79, 80, 81, 82, 83, 84, 85, 86, 87, 88, 89, 90, 91, 92, 93, 94, 95, 96, 97, 98, 99, 100, 101, 102, 104, 115, 116, 119, 123, 124, 129, 134, 136, 137, 139, 140, 141, 142, 148, 155, 161, 167, 169, 170, 172, 179, 183, 185, 186, 188, 196, 198, 202, 217, 237, 240, 244, 254, 260, 267, 270, 277, 278, 300, 303, 307, 310, 319, 321, 322, 324, 325, 330, 331, 334, 335, 354, 366, 369, 376, 380, 383, 384, 386, 395, 407, 411, 423, 428, 436, 437, 452, 453, 456, 467, 471, 477, 478, 479, 485, 486, 487, 488, 489, 490, 491, 492, 493, 494, 495, 496, 497, 498, 499, 500, 501, 502, 503, 504, 505, 506, 507, 508, 509, 510, 511, 512, 513, 514, 515, 516, 517, 518, 519, 520, 521, 522, 523, 524, 525, 526, 527, 528, 529, 530, 531, 532, 533, 534, 535, 536, 537, 538, 539, 540, 541, 542, 543, 544, 545, 546, 547, 548, 549, 550, 551, 552, 553, 554, 555, 556, 557, 558, 559, 560, 561, 562, 563, 564, 565, 566, 567, 568, 569, 570, 571, 572, 573, 575, 586, 587, 590, 594, 595, 600, 605, 607, 608, 610, 611, 612, 613, 619, 627, 633, 639, 640, 641, 643, 650, 654, 656, 657, 659, 667, 669, 672, 685, 701, 704, 717, 726, 729, 736, 737, 759, 761, 765, 768, 777, 779, 780, 782, 783, 787, 788, 790, 791, 792, 809, 817, 819, 826, 830, 833, 834, 836, 845, 856, 857, 860, 862, 875, 880, 887, 888, 899, 900, 914, 918, 921, 928, 929, 930]",True,"[24, 48, 96, 100, 508, 567, 571]","[0, 1, 2, 3, 4, 5, 6, 7, 8, 9, 10, 11, 12, 13, 14, 15, 16, 17, 18, 19, 20, 21, 22, 23, 24, 25, 26, 27, 28, 29, 30, 31, 32, 33, 34, 35, 36, 37, 38, 39, 40, 41, 42, 43, 44, 45, 46, 47, 48, 49, 50, 51, 52, 53, 54, 55, 56, 57, 58, 59, 60, 61, 62, 63, 64, 65, 66, 67, 68, 69, 70, 71, 72, 73, 74, 75, 76, 77, 78, 79, 80, 81, 82, 83, 84, 85, 86, 87, 88, 89, 90, 91, 92, 93, 94, 95, 96, 97, 98, 99, 100, 101, 102, 485, 486, 487, 488, 489, 490, 491, 492, 493, 494, 495, 496, 497, 498, 499, 500, 501, 502, 503, 504, 505, 506, 507, 508, 509, 510, 511, 512, 513, 514, 515, 516, 517, 518, 519, 520, 521, 522, 523, 524, 525, 526, 527, 528, 529, 530, 531, 532, 533, 534, 535, 536, 537, 538, 539, 540, 541, 542, 543, 544, 545, 546, 547, 548, 549, 550, 551, 552, 553, 554, 555, 556, 557, 558, 559, 560, 561, 562, 563, 564, 565, 566, 567, 568, 569, 570, 571, 572, 573]","[24, 32, 96, 100]","[24, 508]","[0, 5, 7, 10, 14, 19, 20, 22, 24, 32, 33, 34, 37, 38, 40, 44, 46, 48, 49, 51, 56, 61, 63, 65, 67, 68, 73, 74, 75, 76, 79, 81, 82, 83, 85, 87, 88, 92, 93, 95, 96, 99, 100, 101, 115, 116, 124, 134, 142, 161, 167, 169, 170, 186, 202, 240, 244, 254, 260, 267, 277, 300, 303, 307, 310, 322, 331, 376, 485, 491, 493, 495, 499, 503, 504, 506, 508, 515, 518, 519, 521, 524, 526, 528, 533, 537, 539, 542, 543, 547, 548, 549, 550, 551, 553, 554, 556, 558, 559, 563, 564, 566, 567, 570, 571, 572, 586, 587, 595, 605, 613, 633, 639, 640, 641, 657, 672, 704, 717, 726, 736, 759, 761, 765, 768, 780, 788, 792, 826]","[12, 24, 25, 28, 88, 100, 104, 119, 123, 129, 136, 137, 139, 140, 141, 148, 155, 169, 172, 179, 183, 185, 188, 196, 198, 217, 237, 267, 270, 278, 319, 321, 324, 325, 330, 334, 335, 354, 366, 369, 380, 383, 384, 386, 395, 407, 411, 423, 428, 436, 437, 452, 453, 456, 467, 471, 477, 478, 479, 497, 508, 511, 559, 571, 575, 590, 594, 600, 607, 608, 610, 611, 612, 619, 627, 640, 643, 650, 654, 656, 659, 667, 669, 685, 701, 726, 729, 737, 777, 779, 782, 783, 787, 790, 791, 809, 817, 819, 830, 833, 834, 836, 845, 856, 857, 860, 862, 875, 880, 887, 888, 899, 900, 914, 918, 921, 928, 929, 930]","[12, 24, 25, 28, 88, 100, 104, 119, 123, 129, 136, 137, 139, 140, 141, 148, 155, 169, 172, 179, 183, 185, 188, 196, 198, 217, 237, 267, 270, 278, 319, 321, 324, 325, 330, 334, 335, 354, 366, 369, 380, 383, 384, 386, 395, 407, 411, 423, 428, 436, 437, 452, 453, 456, 467, 471, 477, 478, 479, 497, 508, 511, 559, 571, 575, 590, 594, 600, 607, 608, 610, 611, 612, 619, 627, 640, 643, 650, 654, 656, 659, 667, 669, 685, 701, 726, 729, 737, 777, 779, 782, 783, 787, 790, 791, 809, 817, 819, 830, 833, 834, 836, 845, 856, 857, 860, 862, 875, 880, 887, 888, 899, 900, 914, 918, 921, 928, 929, 930]",7/6 successful match,True,[220],True,558,False,,0.7571428571428571,True,Freeway Chevron,Chevron
Willcox ( 85643 ) Freeway Chevron,520-384-4375 I-10 Exit 336,<U+2610>,Willcox,85643,Freeway Chevron,520-384-4375,2016,Willcox,AZ,Chevron,,I-10 Exit 336,Exit,336,False,,False,I-10,,,,,"[24, 508]","[24, 48, 96, 100, 508, 567, 571]","[24, 32, 96, 100]","[24, 508]","[0, 1, 2, 3, 4, 5, 6, 7, 8, 9, 10, 11, 12, 13, 14, 15, 16, 17, 18, 19, 20, 21, 22, 23, 24, 25, 26, 27, 28, 29, 30, 31, 32, 33, 34, 35, 36, 37, 38, 39, 40, 41, 42, 43, 44, 45, 46, 47, 48, 49, 50, 51, 52, 53, 54, 55, 56, 57, 58, 59, 60, 61, 62, 63, 64, 65, 66, 67, 68, 69, 70, 71, 72, 73, 74, 75, 76, 77, 78, 79, 80, 81, 82, 83, 84, 85, 86, 87, 88, 89, 90, 91, 92, 93, 94, 95, 96, 97, 98, 99, 100, 101, 102, 485, 486, 487, 488, 489, 490, 491, 492, 493, 494, 495, 496, 497, 498, 499, 500, 501, 502, 503, 504, 505, 506, 507, 508, 509, 510, 511, 512, 513, 514, 515, 516, 517, 518, 519, 520, 521, 522, 523, 524, 525, 526, 527, 528, 529, 530, 531, 532, 533, 534, 535, 536, 537, 538, 539, 540, 541, 542, 543, 544, 545, 546, 547, 548, 549, 550, 551, 552, 553, 554, 555, 556, 557, 558, 559, 560, 561, 562, 563, 564, 565, 566, 567, 568, 569, 570, 571, 572, 573]","[0, 5, 7, 10, 14, 19, 20, 22, 24, 32, 33, 34, 37, 38, 40, 44, 46, 48, 49, 51, 56, 61, 63, 65, 67, 68, 73, 74, 75, 76, 79, 81, 82, 83, 85, 87, 88, 92, 93, 95, 96, 99, 100, 101, 115, 116, 124, 134, 142, 161, 167, 169, 170, 186, 202, 240, 244, 254, 260, 267, 277, 300, 303, 307, 310, 322, 331, 376, 485, 491, 493, 495, 499, 503, 504, 506, 508, 515, 518, 519, 521, 524, 526, 528, 533, 537, 539, 542, 543, 547, 548, 549, 550, 551, 553, 554, 556, 558, 559, 563, 564, 566, 567, 570, 571, 572, 586, 587, 595, 605, 613, 633, 639, 640, 641, 657, 672, 704, 717, 726, 736, 759, 761, 765, 768, 780, 788, 792, 826]","[12, 24, 25, 28, 88, 100, 104, 119, 123, 129, 136, 137, 139, 140, 141, 148, 155, 169, 172, 179, 183, 185, 188, 196, 198, 217, 237, 267, 270, 278, 319, 321, 324, 325, 330, 334, 335, 354, 366, 369, 380, 383, 384, 386, 395, 407, 411, 423, 428, 436, 437, 452, 453, 456, 467, 471, 477, 478, 479, 497, 508, 511, 559, 571, 575, 590, 594, 600, 607, 608, 610, 611, 612, 619, 627, 640, 643, 650, 654, 656, 659, 667, 669, 685, 701, 726, 729, 737, 777, 779, 782, 783, 787, 790, 791, 809, 817, 819, 830, 833, 834, 836, 845, 856, 857, 860, 862, 875, 880, 887, 888, 899, 900, 914, 918, 921, 928, 929, 930]","[12, 24, 25, 28, 88, 100, 104, 119, 123, 129, 136, 137, 139, 140, 141, 148, 155, 169, 172, 179, 183, 185, 188, 196, 198, 217, 237, 267, 270, 278, 319, 321, 324, 325, 330, 334, 335, 354, 366, 369, 380, 383, 384, 386, 395, 407, 411, 423, 428, 436, 437, 452, 453, 456, 467, 471, 477, 478, 479, 497, 508, 511, 559, 571, 575, 590, 594, 600, 607, 608, 610, 611, 612, 619, 627, 640, 643, 650, 654, 656, 659, 667, 669, 685, 701, 726, 729, 737, 777, 779, 782, 783, 787, 790, 791, 809, 817, 819, 830, 833, 834, 836, 845, 856, 857, 860, 862, 875, 880, 887, 888, 899, 900, 914, 918, 921, 928, 929, 930]","[0, 1, 2, 3, 4, 5, 6, 7, 8, 9, 10, 11, 12, 13, 14, 15, 16, 17, 18, 19, 20, 21, 22, 23, 24, 25, 26, 27, 28, 29, 30, 31, 32, 33, 34, 35, 36, 37, 38, 39, 40, 41, 42, 43, 44, 45, 46, 47, 48, 49, 50, 51, 52, 53, 54, 55, 56, 57, 58, 59, 60, 61, 62, 63, 64, 65, 66, 67, 68, 69, 70, 71, 72, 73, 74, 75, 76, 77, 78, 79, 80, 81, 82, 83, 84, 85, 86, 87, 88, 89, 90, 91, 92, 93, 94, 95, 96, 97, 98, 99, 100, 101, 102, 104, 115, 116, 119, 123, 124, 129, 134, 136, 137, 139, 140, 141, 142, 148, 155, 161, 167, 169, 170, 172, 179, 183, 185, 186, 188, 196, 198, 202, 217, 237, 240, 244, 254, 260, 267, 270, 277, 278, 300, 303, 307, 310, 319, 321, 322, 324, 325, 330, 331, 334, 335, 354, 366, 369, 376, 380, 383, 384, 386, 395, 407, 411, 423, 428, 436, 437, 452, 453, 456, 467, 471, 477, 478, 479, 485, 486, 487, 488, 489, 490, 491, 492, 493, 494, 495, 496, 497, 498, 499, 500, 501, 502, 503, 504, 505, 506, 507, 508, 509, 510, 511, 512, 513, 514, 515, 516, 517, 518, 519, 520, 521, 522, 523, 524, 525, 526, 527, 528, 529, 530, 531, 532, 533, 534, 535, 536, 537, 538, 539, 540, 541, 542, 543, 544, 545, 546, 547, 548, 549, 550, 551, 552, 553, 554, 555, 556, 557, 558, 559, 560, 561, 562, 563, 564, 565, 566, 567, 568, 569, 570, 571, 572, 573, 575, 586, 587, 590, 594, 595, 600, 605, 607, 608, 610, 611, 612, 613, 619, 627, 633, 639, 640, 641, 643, 650, 654, 656, 657, 659, 667, 669, 672, 685, 701, 704, 717, 726, 729, 736, 737, 759, 761, 765, 768, 777, 779, 780, 782, 783, 787, 788, 790, 791, 792, 809, 817, 819, 826, 830, 833, 834, 836, 845, 856, 857, 860, 862, 875, 880, 887, 888, 899, 900, 914, 918, 921, 928, 929, 930]",True,"[24, 48, 96, 100, 508, 567, 571]","[0, 1, 2, 3, 4, 5, 6, 7, 8, 9, 10, 11, 12, 13, 14, 15, 16, 17, 18, 19, 20, 21, 22, 23, 24, 25, 26, 27, 28, 29, 30, 31, 32, 33, 34, 35, 36, 37, 38, 39, 40, 41, 42, 43, 44, 45, 46, 47, 48, 49, 50, 51, 52, 53, 54, 55, 56, 57, 58, 59, 60, 61, 62, 63, 64, 65, 66, 67, 68, 69, 70, 71, 72, 73, 74, 75, 76, 77, 78, 79, 80, 81, 82, 83, 84, 85, 86, 87, 88, 89, 90, 91, 92, 93, 94, 95, 96, 97, 98, 99, 100, 101, 102, 485, 486, 487, 488, 489, 490, 491, 492, 493, 494, 495, 496, 497, 498, 499, 500, 501, 502, 503, 504, 505, 506, 507, 508, 509, 510, 511, 512, 513, 514, 515, 516, 517, 518, 519, 520, 521, 522, 523, 524, 525, 526, 527, 528, 529, 530, 531, 532, 533, 534, 535, 536, 537, 538, 539, 540, 541, 542, 543, 544, 545, 546, 547, 548, 549, 550, 551, 552, 553, 554, 555, 556, 557, 558, 559, 560, 561, 562, 563, 564, 565, 566, 567, 568, 569, 570, 571, 572, 573]","[24, 32, 96, 100]","[24, 508]","[0, 5, 7, 10, 14, 19, 20, 22, 24, 32, 33, 34, 37, 38, 40, 44, 46, 48, 49, 51, 56, 61, 63, 65, 67, 68, 73, 74, 75, 76, 79, 81, 82, 83, 85, 87, 88, 92, 93, 95, 96, 99, 100, 101, 115, 116, 124, 134, 142, 161, 167, 169, 170, 186, 202, 240, 244, 254, 260, 267, 277, 300, 303, 307, 310, 322, 331, 376, 485, 491, 493, 495, 499, 503, 504, 506, 508, 515, 518, 519, 521, 524, 526, 528, 533, 537, 539, 542, 543, 547, 548, 549, 550, 551, 553, 554, 556, 558, 559, 563, 564, 566, 567, 570, 571, 572, 586, 587, 595, 605, 613, 633, 639, 640, 641, 657, 672, 704, 717, 726, 736, 759, 761, 765, 768, 780, 788, 792, 826]","[12, 24, 25, 28, 88, 100, 104, 119, 123, 129, 136, 137, 139, 140, 141, 148, 155, 169, 172, 179, 183, 185, 188, 196, 198, 217, 237, 267, 270, 278, 319, 321, 324, 325, 330, 334, 335, 354, 366, 369, 380, 383, 384, 386, 395, 407, 411, 423, 428, 436, 437, 452, 453, 456, 467, 471, 477, 478, 479, 497, 508, 511, 559, 571, 575, 590, 594, 600, 607, 608, 610, 611, 612, 619, 627, 640, 643, 650, 654, 656, 659, 667, 669, 685, 701, 726, 729, 737, 777, 779, 782, 783, 787, 790, 791, 809, 817, 819, 830, 833, 834, 836, 845, 856, 857, 860, 862, 875, 880, 887, 888, 899, 900, 914, 918, 921, 928, 929, 930]","[12, 24, 25, 28, 88, 100, 104, 119, 123, 129, 136, 137, 139, 140, 141, 148, 155, 169, 172, 179, 183, 185, 188, 196, 198, 217, 237, 267, 270, 278, 319, 321, 324, 325, 330, 334, 335, 354, 366, 369, 380, 383, 384, 386, 395, 407, 411, 423, 428, 436, 437, 452, 453, 456, 467, 471, 477, 478, 479, 497, 508, 511, 559, 571, 575, 590, 594, 600, 607, 608, 610, 611, 612, 619, 627, 640, 643, 650, 654, 656, 659, 667, 669, 685, 701, 726, 729, 737, 777, 779, 782, 783, 787, 790, 791, 809, 817, 819, 830, 833, 834, 836, 845, 856, 857, 860, 862, 875, 880, 887, 888, 899, 900, 914, 918, 921, 928, 929, 930]",7/6 successful match,True,[220],True,558,False,,0.7571428571428571,True,Freeway Chevron 93 S,Chevron
"Willcox , 85644 Freeway Chevron",6 520-384-4375 I-10 Exit 336,) HR $ 481 L24000,Willcox,85644,Freeway Chevron,520-384-4375,2006,Willcox,AZ,Chevron,,I-10 Exit 336,Exit,336,False,,False,I-10,,,,,"[24, 508]",[32],"[24, 32, 96, 100]","[24, 508]","[0, 1, 2, 3, 4, 5, 6, 7, 8, 9, 10, 11, 12, 13, 14, 15, 16, 17, 18, 19, 20, 21, 22, 23, 24, 25, 26, 27, 28, 29, 30, 31, 32, 33, 34, 35, 36, 37, 38, 39, 40, 41, 42, 43, 44, 45, 46, 47, 48, 49, 50, 51, 52, 53, 54, 55, 56, 57, 58, 59, 60, 61, 62, 63, 64, 65, 66, 67, 68, 69, 70, 71, 72, 73, 74, 75, 76, 77, 78, 79, 80, 81, 82, 83, 84, 85, 86, 87, 88, 89, 90, 91, 92, 93, 94, 95, 96, 97, 98, 99, 100, 101, 102, 485, 486, 487, 488, 489, 490, 491, 492, 493, 494, 495, 496, 497, 498, 499, 500, 501, 502, 503, 504, 505, 506, 507, 508, 509, 510, 511, 512, 513, 514, 515, 516, 517, 518, 519, 520, 521, 522, 523, 524, 525, 526, 527, 528, 529, 530, 531, 532, 533, 534, 535, 536, 537, 538, 539, 540, 541, 542, 543, 544, 545, 546, 547, 548, 549, 550, 551, 552, 553, 554, 555, 556, 557, 558, 559, 560, 561, 562, 563, 564, 565, 566, 567, 568, 569, 570, 571, 572, 573]","[0, 5, 7, 10, 14, 19, 20, 22, 24, 32, 33, 34, 37, 38, 40, 44, 46, 48, 49, 51, 56, 61, 63, 65, 67, 68, 73, 74, 75, 76, 79, 81, 82, 83, 85, 87, 88, 92, 93, 95, 96, 99, 100, 101, 115, 116, 124, 134, 142, 161, 167, 169, 170, 186, 202, 240, 244, 254, 260, 267, 277, 300, 303, 307, 310, 322, 331, 376, 485, 491, 493, 495, 499, 503, 504, 506, 508, 515, 518, 519, 521, 524, 526, 528, 533, 537, 539, 542, 543, 547, 548, 549, 550, 551, 553, 554, 556, 558, 559, 563, 564, 566, 567, 570, 571, 572, 586, 587, 595, 605, 613, 633, 639, 640, 641, 657, 672, 704, 717, 726, 736, 759, 761, 765, 768, 780, 788, 792, 826]","[12, 24, 25, 28, 88, 100, 104, 119, 123, 129, 136, 137, 139, 140, 141, 148, 155, 169, 172, 179, 183, 185, 188, 196, 198, 217, 237, 267, 270, 278, 319, 321, 324, 325, 330, 334, 335, 354, 366, 369, 380, 383, 384, 386, 395, 407, 411, 423, 428, 436, 437, 452, 453, 456, 467, 471, 477, 478, 479, 497, 508, 511, 559, 571, 575, 590, 594, 600, 607, 608, 610, 611, 612, 619, 627, 640, 643, 650, 654, 656, 659, 667, 669, 685, 701, 726, 729, 737, 777, 779, 782, 783, 787, 790, 791, 809, 817, 819, 830, 833, 834, 836, 845, 856, 857, 860, 862, 875, 880, 887, 888, 899, 900, 914, 918, 921, 928, 929, 930]","[12, 24, 25, 28, 88, 100, 104, 119, 123, 129, 136, 137, 139, 140, 141, 148, 155, 169, 172, 179, 183, 185, 188, 196, 198, 217, 237, 267, 270, 278, 319, 321, 324, 325, 330, 334, 335, 354, 366, 369, 380, 383, 384, 386, 395, 407, 411, 423, 428, 436, 437, 452, 453, 456, 467, 471, 477, 478, 479, 497, 508, 511, 559, 571, 575, 590, 594, 600, 607, 608, 610, 611, 612, 619, 627, 640, 643, 650, 654, 656, 659, 667, 669, 685, 701, 726, 729, 737, 777, 779, 782, 783, 787, 790, 791, 809, 817, 819, 830, 833, 834, 836, 845, 856, 857, 860, 862, 875, 880, 887, 888, 899, 900, 914, 918, 921, 928, 929, 930]","[0, 1, 2, 3, 4, 5, 6, 7, 8, 9, 10, 11, 12, 13, 14, 15, 16, 17, 18, 19, 20, 21, 22, 23, 24, 25, 26, 27, 28, 29, 30, 31, 32, 33, 34, 35, 36, 37, 38, 39, 40, 41, 42, 43, 44, 45, 46, 47, 48, 49, 50, 51, 52, 53, 54, 55, 56, 57, 58, 59, 60, 61, 62, 63, 64, 65, 66, 67, 68, 69, 70, 71, 72, 73, 74, 75, 76, 77, 78, 79, 80, 81, 82, 83, 84, 85, 86, 87, 88, 89, 90, 91, 92, 93, 94, 95, 96, 97, 98, 99, 100, 101, 102, 104, 115, 116, 119, 123, 124, 129, 134, 136, 137, 139, 140, 141, 142, 148, 155, 161, 167, 169, 170, 172, 179, 183, 185, 186, 188, 196, 198, 202, 217, 237, 240, 244, 254, 260, 267, 270, 277, 278, 300, 303, 307, 310, 319, 321, 322, 324, 325, 330, 331, 334, 335, 354, 366, 369, 376, 380, 383, 384, 386, 395, 407, 411, 423, 428, 436, 437, 452, 453, 456, 467, 471, 477, 478, 479, 485, 486, 487, 488, 489, 490, 491, 492, 493, 494, 495, 496, 497, 498, 499, 500, 501, 502, 503, 504, 505, 506, 507, 508, 509, 510, 511, 512, 513, 514, 515, 516, 517, 518, 519, 520, 521, 522, 523, 524, 525, 526, 527, 528, 529, 530, 531, 532, 533, 534, 535, 536, 537, 538, 539, 540, 541, 542, 543, 544, 545, 546, 547, 548, 549, 550, 551, 552, 553, 554, 555, 556, 557, 558, 559, 560, 561, 562, 563, 564, 565, 566, 567, 568, 569, 570, 571, 572, 573, 575, 586, 587, 590, 594, 595, 600, 605, 607, 608, 610, 611, 612, 613, 619, 627, 633, 639, 640, 641, 643, 650, 654, 656, 657, 659, 667, 669, 672, 685, 701, 704, 717, 726, 729, 736, 737, 759, 761, 765, 768, 777, 779, 780, 782, 783, 787, 788, 790, 791, 792, 809, 817, 819, 826, 830, 833, 834, 836, 845, 856, 857, 860, 862, 875, 880, 887, 888, 899, 900, 914, 918, 921, 928, 929, 930]",True,[32],"[0, 1, 2, 3, 4, 5, 6, 7, 8, 9, 10, 11, 12, 13, 14, 15, 16, 17, 18, 19, 20, 21, 22, 23, 24, 25, 26, 27, 28, 29, 30, 31, 32, 33, 34, 35, 36, 37, 38, 39, 40, 41, 42, 43, 44, 45, 46, 47, 48, 49, 50, 51, 52, 53, 54, 55, 56, 57, 58, 59, 60, 61, 62, 63, 64, 65, 66, 67, 68, 69, 70, 71, 72, 73, 74, 75, 76, 77, 78, 79, 80, 81, 82, 83, 84, 85, 86, 87, 88, 89, 90, 91, 92, 93, 94, 95, 96, 97, 98, 99, 100, 101, 102, 485, 486, 487, 488, 489, 490, 491, 492, 493, 494, 495, 496, 497, 498, 499, 500, 501, 502, 503, 504, 505, 506, 507, 508, 509, 510, 511, 512, 513, 514, 515, 516, 517, 518, 519, 520, 521, 522, 523, 524, 525, 526, 527, 528, 529, 530, 531, 532, 533, 534, 535, 536, 537, 538, 539, 540, 541, 542, 543, 544, 545, 546, 547, 548, 549, 550, 551, 552, 553, 554, 555, 556, 557, 558, 559, 560, 561, 562, 563, 564, 565, 566, 567, 568, 569, 570, 571, 572, 573]","[24, 32, 96, 100]","[24, 508]","[0, 5, 7, 10, 14, 19, 20, 22, 24, 32, 33, 34, 37, 38, 40, 44, 46, 48, 49, 51, 56, 61, 63, 65, 67, 68, 73, 74, 75, 76, 79, 81, 82, 83, 85, 87, 88, 92, 93, 95, 96, 99, 100, 101, 115, 116, 124, 134, 142, 161, 167, 169, 170, 186, 202, 240, 244, 254, 260, 267, 277, 300, 303, 307, 310, 322, 331, 376, 485, 491, 493, 495, 499, 503, 504, 506, 508, 515, 518, 519, 521, 524, 526, 528, 533, 537, 539, 542, 543, 547, 548, 549, 550, 551, 553, 554, 556, 558, 559, 563, 564, 566, 567, 570, 571, 572, 586, 587, 595, 605, 613, 633, 639, 640, 641, 657, 672, 704, 717, 726, 736, 759, 761, 765, 768, 780, 788, 792, 826]","[12, 24, 25, 28, 88, 100, 104, 119, 123, 129, 136, 137, 139, 140, 141, 148, 155, 169, 172, 179, 183, 185, 188, 196, 198, 217, 237, 267, 270, 278, 319, 321, 324, 325, 330, 334, 335, 354, 366, 369, 380, 383, 384, 386, 395, 407, 411, 423, 428, 436, 437, 452, 453, 456, 467, 471, 477, 478, 479, 497, 508, 511, 559, 571, 575, 590, 594, 600, 607, 608, 610, 611, 612, 619, 627, 640, 643, 650, 654, 656, 659, 667, 669, 685, 701, 726, 729, 737, 777, 779, 782, 783, 787, 790, 791, 809, 817, 819, 830, 833, 834, 836, 845, 856, 857, 860, 862, 875, 880, 887, 888, 899, 900, 914, 918, 921, 928, 929, 930]","[12, 24, 25, 28, 88, 100, 104, 119, 123, 129, 136, 137, 139, 140, 141, 148, 155, 169, 172, 179, 183, 185, 188, 196, 198, 217, 237, 267, 270, 278, 319, 321, 324, 325, 330, 334, 335, 354, 366, 369, 380, 383, 384, 386, 395, 407, 411, 423, 428, 436, 437, 452, 453, 456, 467, 471, 477, 478, 479, 497, 508, 511, 559, 571, 575, 590, 594, 600, 607, 608, 610, 611, 612, 619, 627, 640, 643, 650, 654, 656, 659, 667, 669, 685, 701, 726, 729, 737, 777, 779, 782, 783, 787, 790, 791, 809, 817, 819, 830, 833, 834, 836, 845, 856, 857, 860, 862, 875, 880, 887, 888, 899, 900, 914, 918, 921, 928, 929, 930]",7/6 successful match,True,[220],True,559,False,,,,,
"Willcox , 85644 Freeway Chevron",6 520-384-4375 I-10 Exit 336,,Willcox,85644,Freeway Chevron,520-384-4375,2007,Willcox,AZ,Chevron,,I-10 Exit 336,Exit,336,False,,False,I-10,,,,,"[24, 508]",[32],"[24, 32, 96, 100]","[24, 508]","[0, 1, 2, 3, 4, 5, 6, 7, 8, 9, 10, 11, 12, 13, 14, 15, 16, 17, 18, 19, 20, 21, 22, 23, 24, 25, 26, 27, 28, 29, 30, 31, 32, 33, 34, 35, 36, 37, 38, 39, 40, 41, 42, 43, 44, 45, 46, 47, 48, 49, 50, 51, 52, 53, 54, 55, 56, 57, 58, 59, 60, 61, 62, 63, 64, 65, 66, 67, 68, 69, 70, 71, 72, 73, 74, 75, 76, 77, 78, 79, 80, 81, 82, 83, 84, 85, 86, 87, 88, 89, 90, 91, 92, 93, 94, 95, 96, 97, 98, 99, 100, 101, 102, 485, 486, 487, 488, 489, 490, 491, 492, 493, 494, 495, 496, 497, 498, 499, 500, 501, 502, 503, 504, 505, 506, 507, 508, 509, 510, 511, 512, 513, 514, 515, 516, 517, 518, 519, 520, 521, 522, 523, 524, 525, 526, 527, 528, 529, 530, 531, 532, 533, 534, 535, 536, 537, 538, 539, 540, 541, 542, 543, 544, 545, 546, 547, 548, 549, 550, 551, 552, 553, 554, 555, 556, 557, 558, 559, 560, 561, 562, 563, 564, 565, 566, 567, 568, 569, 570, 571, 572, 573]","[0, 5, 7, 10, 14, 19, 20, 22, 24, 32, 33, 34, 37, 38, 40, 44, 46, 48, 49, 51, 56, 61, 63, 65, 67, 68, 73, 74, 75, 76, 79, 81, 82, 83, 85, 87, 88, 92, 93, 95, 96, 99, 100, 101, 115, 116, 124, 134, 142, 161, 167, 169, 170, 186, 202, 240, 244, 254, 260, 267, 277, 300, 303, 307, 310, 322, 331, 376, 485, 491, 493, 495, 499, 503, 504, 506, 508, 515, 518, 519, 521, 524, 526, 528, 533, 537, 539, 542, 543, 547, 548, 549, 550, 551, 553, 554, 556, 558, 559, 563, 564, 566, 567, 570, 571, 572, 586, 587, 595, 605, 613, 633, 639, 640, 641, 657, 672, 704, 717, 726, 736, 759, 761, 765, 768, 780, 788, 792, 826]","[12, 24, 25, 28, 88, 100, 104, 119, 123, 129, 136, 137, 139, 140, 141, 148, 155, 169, 172, 179, 183, 185, 188, 196, 198, 217, 237, 267, 270, 278, 319, 321, 324, 325, 330, 334, 335, 354, 366, 369, 380, 383, 384, 386, 395, 407, 411, 423, 428, 436, 437, 452, 453, 456, 467, 471, 477, 478, 479, 497, 508, 511, 559, 571, 575, 590, 594, 600, 607, 608, 610, 611, 612, 619, 627, 640, 643, 650, 654, 656, 659, 667, 669, 685, 701, 726, 729, 737, 777, 779, 782, 783, 787, 790, 791, 809, 817, 819, 830, 833, 834, 836, 845, 856, 857, 860, 862, 875, 880, 887, 888, 899, 900, 914, 918, 921, 928, 929, 930]","[12, 24, 25, 28, 88, 100, 104, 119, 123, 129, 136, 137, 139, 140, 141, 148, 155, 169, 172, 179, 183, 185, 188, 196, 198, 217, 237, 267, 270, 278, 319, 321, 324, 325, 330, 334, 335, 354, 366, 369, 380, 383, 384, 386, 395, 407, 411, 423, 428, 436, 437, 452, 453, 456, 467, 471, 477, 478, 479, 497, 508, 511, 559, 571, 575, 590, 594, 600, 607, 608, 610, 611, 612, 619, 627, 640, 643, 650, 654, 656, 659, 667, 669, 685, 701, 726, 729, 737, 777, 779, 782, 783, 787, 790, 791, 809, 817, 819, 830, 833, 834, 836, 845, 856, 857, 860, 862, 875, 880, 887, 888, 899, 900, 914, 918, 921, 928, 929, 930]","[0, 1, 2, 3, 4, 5, 6, 7, 8, 9, 10, 11, 12, 13, 14, 15, 16, 17, 18, 19, 20, 21, 22, 23, 24, 25, 26, 27, 28, 29, 30, 31, 32, 33, 34, 35, 36, 37, 38, 39, 40, 41, 42, 43, 44, 45, 46, 47, 48, 49, 50, 51, 52, 53, 54, 55, 56, 57, 58, 59, 60, 61, 62, 63, 64, 65, 66, 67, 68, 69, 70, 71, 72, 73, 74, 75, 76, 77, 78, 79, 80, 81, 82, 83, 84, 85, 86, 87, 88, 89, 90, 91, 92, 93, 94, 95, 96, 97, 98, 99, 100, 101, 102, 104, 115, 116, 119, 123, 124, 129, 134, 136, 137, 139, 140, 141, 142, 148, 155, 161, 167, 169, 170, 172, 179, 183, 185, 186, 188, 196, 198, 202, 217, 237, 240, 244, 254, 260, 267, 270, 277, 278, 300, 303, 307, 310, 319, 321, 322, 324, 325, 330, 331, 334, 335, 354, 366, 369, 376, 380, 383, 384, 386, 395, 407, 411, 423, 428, 436, 437, 452, 453, 456, 467, 471, 477, 478, 479, 485, 486, 487, 488, 489, 490, 491, 492, 493, 494, 495, 496, 497, 498, 499, 500, 501, 502, 503, 504, 505, 506, 507, 508, 509, 510, 511, 512, 513, 514, 515, 516, 517, 518, 519, 520, 521, 522, 523, 524, 525, 526, 527, 528, 529, 530, 531, 532, 533, 534, 535, 536, 537, 538, 539, 540, 541, 542, 543, 544, 545, 546, 547, 548, 549, 550, 551, 552, 553, 554, 555, 556, 557, 558, 559, 560, 561, 562, 563, 564, 565, 566, 567, 568, 569, 570, 571, 572, 573, 575, 586, 587, 590, 594, 595, 600, 605, 607, 608, 610, 611, 612, 613, 619, 627, 633, 639, 640, 641, 643, 650, 654, 656, 657, 659, 667, 669, 672, 685, 701, 704, 717, 726, 729, 736, 737, 759, 761, 765, 768, 777, 779, 780, 782, 783, 787, 788, 790, 791, 792, 809, 817, 819, 826, 830, 833, 834, 836, 845, 856, 857, 860, 862, 875, 880, 887, 888, 899, 900, 914, 918, 921, 928, 929, 930]",True,[32],"[0, 1, 2, 3, 4, 5, 6, 7, 8, 9, 10, 11, 12, 13, 14, 15, 16, 17, 18, 19, 20, 21, 22, 23, 24, 25, 26, 27, 28, 29, 30, 31, 32, 33, 34, 35, 36, 37, 38, 39, 40, 41, 42, 43, 44, 45, 46, 47, 48, 49, 50, 51, 52, 53, 54, 55, 56, 57, 58, 59, 60, 61, 62, 63, 64, 65, 66, 67, 68, 69, 70, 71, 72, 73, 74, 75, 76, 77, 78, 79, 80, 81, 82, 83, 84, 85, 86, 87, 88, 89, 90, 91, 92, 93, 94, 95, 96, 97, 98, 99, 100, 101, 102, 485, 486, 487, 488, 489, 490, 491, 492, 493, 494, 495, 496, 497, 498, 499, 500, 501, 502, 503, 504, 505, 506, 507, 508, 509, 510, 511, 512, 513, 514, 515, 516, 517, 518, 519, 520, 521, 522, 523, 524, 525, 526, 527, 528, 529, 530, 531, 532, 533, 534, 535, 536, 537, 538, 539, 540, 541, 542, 543, 544, 545, 546, 547, 548, 549, 550, 551, 552, 553, 554, 555, 556, 557, 558, 559, 560, 561, 562, 563, 564, 565, 566, 567, 568, 569, 570, 571, 572, 573]","[24, 32, 96, 100]","[24, 508]","[0, 5, 7, 10, 14, 19, 20, 22, 24, 32, 33, 34, 37, 38, 40, 44, 46, 48, 49, 51, 56, 61, 63, 65, 67, 68, 73, 74, 75, 76, 79, 81, 82, 83, 85, 87, 88, 92, 93, 95, 96, 99, 100, 101, 115, 116, 124, 134, 142, 161, 167, 169, 170, 186, 202, 240, 244, 254, 260, 267, 277, 300, 303, 307, 310, 322, 331, 376, 485, 491, 493, 495, 499, 503, 504, 506, 508, 515, 518, 519, 521, 524, 526, 528, 533, 537, 539, 542, 543, 547, 548, 549, 550, 551, 553, 554, 556, 558, 559, 563, 564, 566, 567, 570, 571, 572, 586, 587, 595, 605, 613, 633, 639, 640, 641, 657, 672, 704, 717, 726, 736, 759, 761, 765, 768, 780, 788, 792, 826]","[12, 24, 25, 28, 88, 100, 104, 119, 123, 129, 136, 137, 139, 140, 141, 148, 155, 169, 172, 179, 183, 185, 188, 196, 198, 217, 237, 267, 270, 278, 319, 321, 324, 325, 330, 334, 335, 354, 366, 369, 380, 383, 384, 386, 395, 407, 411, 423, 428, 436, 437, 452, 453, 456, 467, 471, 477, 478, 479, 497, 508, 511, 559, 571, 575, 590, 594, 600, 607, 608, 610, 611, 612, 619, 627, 640, 643, 650, 654, 656, 659, 667, 669, 685, 701, 726, 729, 737, 777, 779, 782, 783, 787, 790, 791, 809, 817, 819, 830, 833, 834, 836, 845, 856, 857, 860, 862, 875, 880, 887, 888, 899, 900, 914, 918, 921, 928, 929, 930]","[12, 24, 25, 28, 88, 100, 104, 119, 123, 129, 136, 137, 139, 140, 141, 148, 155, 169, 172, 179, 183, 185, 188, 196, 198, 217, 237, 267, 270, 278, 319, 321, 324, 325, 330, 334, 335, 354, 366, 369, 380, 383, 384, 386, 395, 407, 411, 423, 428, 436, 437, 452, 453, 456, 467, 471, 477, 478, 479, 497, 508, 511, 559, 571, 575, 590, 594, 600, 607, 608, 610, 611, 612, 619, 627, 640, 643, 650, 654, 656, 659, 667, 669, 685, 701, 726, 729, 737, 777, 779, 782, 783, 787, 790, 791, 809, 817, 819, 830, 833, 834, 836, 845, 856, 857, 860, 862, 875, 880, 887, 888, 899, 900, 914, 918, 921, 928, 929, 930]",7/6 successful match,True,[220],True,559,False,,1.0,True,Freeway Chevron,Chevron
"Tucson , 85735 Superstop # 619 ( Mobil )",5 520-883-2700 6225 AZ 86 ( 7 mi W of I-19 Exit 99 ),HRS M2400,Tucson,85735,Superstop # 619 ( Mobil ),520-883-2700,2006,Tucson,AZ,Mobil,( 7 mi W of I-19 Exit 99 ),6225 AZ 86,Proper,,False,,False,AZ 86,,,,,[],[],"[65, 76, 99, 539, 550, 570]",[],"[0, 1, 2, 3, 4, 5, 6, 7, 8, 9, 10, 11, 12, 13, 14, 15, 16, 17, 18, 19, 20, 21, 22, 23, 24, 25, 26, 27, 28, 29, 30, 31, 32, 33, 34, 35, 36, 37, 38, 39, 40, 41, 42, 43, 44, 45, 46, 47, 48, 49, 50, 51, 52, 53, 54, 55, 56, 57, 58, 59, 60, 61, 62, 63, 64, 65, 66, 67, 68, 69, 70, 71, 72, 73, 74, 75, 76, 77, 78, 79, 80, 81, 82, 83, 84, 85, 86, 87, 88, 89, 90, 91, 92, 93, 94, 95, 96, 97, 98, 99, 100, 101, 102, 485, 486, 487, 488, 489, 490, 491, 492, 493, 494, 495, 496, 497, 498, 499, 500, 501, 502, 503, 504, 505, 506, 507, 508, 509, 510, 511, 512, 513, 514, 515, 516, 517, 518, 519, 520, 521, 522, 523, 524, 525, 526, 527, 528, 529, 530, 531, 532, 533, 534, 535, 536, 537, 538, 539, 540, 541, 542, 543, 544, 545, 546, 547, 548, 549, 550, 551, 552, 553, 554, 555, 556, 557, 558, 559, 560, 561, 562, 563, 564, 565, 566, 567, 568, 569, 570, 571, 572, 573]","[6, 9, 44, 86, 89, 102, 120, 304, 492, 494, 524, 557, 573, 591, 762]","[4, 59, 232, 269, 299, 490, 535, 696, 728, 758]","[4, 59, 232, 269, 299, 490, 535, 696, 728, 758]","[0, 1, 2, 3, 4, 5, 6, 7, 8, 9, 10, 11, 12, 13, 14, 15, 16, 17, 18, 19, 20, 21, 22, 23, 24, 25, 26, 539, 27, 28, 29, 30, 31, 32, 33, 34, 35, 36, 550, 37, 38, 39, 40, 41, 42, 43, 44, 45, 46, 47, 48, 49, 50, 51, 52, 53, 54, 55, 570, 56, 57, 58, 59, 60, 61, 65, 62, 63, 64, 66, 67, 68, 69, 70, 71, 72, 76, 73, 74, 75, 77, 78, 79, 80, 81, 82, 83, 84, 85, 86, 87, 88, 89, 90, 91, 92, 93, 94, 95, 99, 96, 97, 98, 100, 101, 102, 528, 529, 530, 513, 531, 532, 120, 533, 534, 535, 514, 536, 537, 538, 540, 515, 541, 542, 543, 544, 545, 696, 516, 546, 547, 548, 549, 517, 551, 728, 552, 553, 554, 232, 555, 518, 556, 557, 758, 558, 762, 559, 560, 519, 561, 562, 269, 563, 564, 565, 520, 566, 567, 568, 299, 569, 304, 521, 571, 572, 573, 522, 523, 524, 525, 591, 512, 526, 527, 485, 486, 487, 488, 489, 490, 491, 492, 493, 494, 495, 496, 497, 498, 499, 500, 501, 502, 503, 504, 505, 506, 507, 508, 509, 510, 511]",False,[],"[0, 1, 2, 3, 4, 5, 6, 7, 8, 9, 10, 11, 12, 13, 14, 15, 16, 17, 18, 19, 20, 21, 22, 23, 24, 25, 26, 27, 28, 29, 30, 31, 32, 33, 34, 35, 36, 37, 38, 39, 40, 41, 42, 43, 44, 45, 46, 47, 48, 49, 50, 51, 52, 53, 54, 55, 56, 57, 58, 59, 60, 61, 62, 63, 64, 65, 66, 67, 68, 69, 70, 71, 72, 73, 74, 75, 76, 77, 78, 79, 80, 81, 82, 83, 84, 85, 86, 87, 88, 89, 90, 91, 92, 93, 94, 95, 96, 97, 98, 99, 100, 101, 102, 485, 486, 487, 488, 489, 490, 491, 492, 493, 494, 495, 496, 497, 498, 499, 500, 501, 502, 503, 504, 505, 506, 507, 508, 509, 510, 511, 512, 513, 514, 515, 516, 517, 518, 519, 520, 521, 522, 523, 524, 525, 526, 527, 528, 529, 530, 531, 532, 533, 534, 535, 536, 537, 538, 539, 540, 541, 542, 543, 544, 545, 546, 547, 548, 549, 550, 551, 552, 553, 554, 555, 556, 557, 558, 559, 560, 561, 562, 563, 564, 565, 566, 567, 568, 569, 570, 571, 572, 573]","[65, 76, 99, 539, 550, 570]",[],"[6, 9, 44, 86, 89, 102, 120, 304, 492, 494, 524, 557, 573, 591, 762]","[4, 59, 232, 269, 299, 490, 535, 696, 728, 758]","[4, 59, 232, 269, 299, 490, 535, 696, 728, 758]",4/6 successful match,False,,False,560,False,,,,,
"Tucson , 85735 Superstop # 619 ( Mobil )",520-883-2700 6225 AZ 86 ( 7 mi W of I-19 Exit 99 ),,Tucson,85735,Superstop # 619 ( Mobil ),520-883-2700,2007,Tucson,AZ,Mobil,( 7 mi W of I-19 Exit 99 ),6225 AZ 86,Proper,,False,,False,AZ 86,,,,,[],[],"[65, 76, 99, 539, 550, 570]",[],"[0, 1, 2, 3, 4, 5, 6, 7, 8, 9, 10, 11, 12, 13, 14, 15, 16, 17, 18, 19, 20, 21, 22, 23, 24, 25, 26, 27, 28, 29, 30, 31, 32, 33, 34, 35, 36, 37, 38, 39, 40, 41, 42, 43, 44, 45, 46, 47, 48, 49, 50, 51, 52, 53, 54, 55, 56, 57, 58, 59, 60, 61, 62, 63, 64, 65, 66, 67, 68, 69, 70, 71, 72, 73, 74, 75, 76, 77, 78, 79, 80, 81, 82, 83, 84, 85, 86, 87, 88, 89, 90, 91, 92, 93, 94, 95, 96, 97, 98, 99, 100, 101, 102, 485, 486, 487, 488, 489, 490, 491, 492, 493, 494, 495, 496, 497, 498, 499, 500, 501, 502, 503, 504, 505, 506, 507, 508, 509, 510, 511, 512, 513, 514, 515, 516, 517, 518, 519, 520, 521, 522, 523, 524, 525, 526, 527, 528, 529, 530, 531, 532, 533, 534, 535, 536, 537, 538, 539, 540, 541, 542, 543, 544, 545, 546, 547, 548, 549, 550, 551, 552, 553, 554, 555, 556, 557, 558, 559, 560, 561, 562, 563, 564, 565, 566, 567, 568, 569, 570, 571, 572, 573]","[6, 9, 44, 86, 89, 102, 120, 304, 492, 494, 524, 557, 573, 591, 762]","[4, 59, 232, 269, 299, 490, 535, 696, 728, 758]","[4, 59, 232, 269, 299, 490, 535, 696, 728, 758]","[0, 1, 2, 3, 4, 5, 6, 7, 8, 9, 10, 11, 12, 13, 14, 15, 16, 17, 18, 19, 20, 21, 22, 23, 24, 25, 26, 539, 27, 28, 29, 30, 31, 32, 33, 34, 35, 36, 550, 37, 38, 39, 40, 41, 42, 43, 44, 45, 46, 47, 48, 49, 50, 51, 52, 53, 54, 55, 570, 56, 57, 58, 59, 60, 61, 65, 62, 63, 64, 66, 67, 68, 69, 70, 71, 72, 76, 73, 74, 75, 77, 78, 79, 80, 81, 82, 83, 84, 85, 86, 87, 88, 89, 90, 91, 92, 93, 94, 95, 99, 96, 97, 98, 100, 101, 102, 528, 529, 530, 513, 531, 532, 120, 533, 534, 535, 514, 536, 537, 538, 540, 515, 541, 542, 543, 544, 545, 696, 516, 546, 547, 548, 549, 517, 551, 728, 552, 553, 554, 232, 555, 518, 556, 557, 758, 558, 762, 559, 560, 519, 561, 562, 269, 563, 564, 565, 520, 566, 567, 568, 299, 569, 304, 521, 571, 572, 573, 522, 523, 524, 525, 591, 512, 526, 527, 485, 486, 487, 488, 489, 490, 491, 492, 493, 494, 495, 496, 497, 498, 499, 500, 501, 502, 503, 504, 505, 506, 507, 508, 509, 510, 511]",False,[],"[0, 1, 2, 3, 4, 5, 6, 7, 8, 9, 10, 11, 12, 13, 14, 15, 16, 17, 18, 19, 20, 21, 22, 23, 24, 25, 26, 27, 28, 29, 30, 31, 32, 33, 34, 35, 36, 37, 38, 39, 40, 41, 42, 43, 44, 45, 46, 47, 48, 49, 50, 51, 52, 53, 54, 55, 56, 57, 58, 59, 60, 61, 62, 63, 64, 65, 66, 67, 68, 69, 70, 71, 72, 73, 74, 75, 76, 77, 78, 79, 80, 81, 82, 83, 84, 85, 86, 87, 88, 89, 90, 91, 92, 93, 94, 95, 96, 97, 98, 99, 100, 101, 102, 485, 486, 487, 488, 489, 490, 491, 492, 493, 494, 495, 496, 497, 498, 499, 500, 501, 502, 503, 504, 505, 506, 507, 508, 509, 510, 511, 512, 513, 514, 515, 516, 517, 518, 519, 520, 521, 522, 523, 524, 525, 526, 527, 528, 529, 530, 531, 532, 533, 534, 535, 536, 537, 538, 539, 540, 541, 542, 543, 544, 545, 546, 547, 548, 549, 550, 551, 552, 553, 554, 555, 556, 557, 558, 559, 560, 561, 562, 563, 564, 565, 566, 567, 568, 569, 570, 571, 572, 573]","[65, 76, 99, 539, 550, 570]",[],"[6, 9, 44, 86, 89, 102, 120, 304, 492, 494, 524, 557, 573, 591, 762]","[4, 59, 232, 269, 299, 490, 535, 696, 728, 758]","[4, 59, 232, 269, 299, 490, 535, 696, 728, 758]",4/6 successful match,False,,False,560,False,,1.0,True,Superstop # 619 ( Mobil ),Mobil
"Tucson , 85735 Superstop # 619 ( Mobil )",5 520-883-2700 6225 AZ 86 ( 7 mi W of I-19 Exit 99 ),<U+2610>,Tucson,85735,Superstop # 619 ( Mobil ),520-883-2700,2008,Tucson,AZ,Mobil,( 7 mi W of I-19 Exit 99 ),6225 AZ 86,Proper,,False,,False,AZ 86,,,,,[],[],"[65, 76, 99, 539, 550, 570]",[],"[0, 1, 2, 3, 4, 5, 6, 7, 8, 9, 10, 11, 12, 13, 14, 15, 16, 17, 18, 19, 20, 21, 22, 23, 24, 25, 26, 27, 28, 29, 30, 31, 32, 33, 34, 35, 36, 37, 38, 39, 40, 41, 42, 43, 44, 45, 46, 47, 48, 49, 50, 51, 52, 53, 54, 55, 56, 57, 58, 59, 60, 61, 62, 63, 64, 65, 66, 67, 68, 69, 70, 71, 72, 73, 74, 75, 76, 77, 78, 79, 80, 81, 82, 83, 84, 85, 86, 87, 88, 89, 90, 91, 92, 93, 94, 95, 96, 97, 98, 99, 100, 101, 102, 485, 486, 487, 488, 489, 490, 491, 492, 493, 494, 495, 496, 497, 498, 499, 500, 501, 502, 503, 504, 505, 506, 507, 508, 509, 510, 511, 512, 513, 514, 515, 516, 517, 518, 519, 520, 521, 522, 523, 524, 525, 526, 527, 528, 529, 530, 531, 532, 533, 534, 535, 536, 537, 538, 539, 540, 541, 542, 543, 544, 545, 546, 547, 548, 549, 550, 551, 552, 553, 554, 555, 556, 557, 558, 559, 560, 561, 562, 563, 564, 565, 566, 567, 568, 569, 570, 571, 572, 573]","[6, 9, 44, 86, 89, 102, 120, 304, 492, 494, 524, 557, 573, 591, 762]","[4, 59, 232, 269, 299, 490, 535, 696, 728, 758]","[4, 59, 232, 269, 299, 490, 535, 696, 728, 758]","[0, 1, 2, 3, 4, 5, 6, 7, 8, 9, 10, 11, 12, 13, 14, 15, 16, 17, 18, 19, 20, 21, 22, 23, 24, 25, 26, 539, 27, 28, 29, 30, 31, 32, 33, 34, 35, 36, 550, 37, 38, 39, 40, 41, 42, 43, 44, 45, 46, 47, 48, 49, 50, 51, 52, 53, 54, 55, 570, 56, 57, 58, 59, 60, 61, 65, 62, 63, 64, 66, 67, 68, 69, 70, 71, 72, 76, 73, 74, 75, 77, 78, 79, 80, 81, 82, 83, 84, 85, 86, 87, 88, 89, 90, 91, 92, 93, 94, 95, 99, 96, 97, 98, 100, 101, 102, 528, 529, 530, 513, 531, 532, 120, 533, 534, 535, 514, 536, 537, 538, 540, 515, 541, 542, 543, 544, 545, 696, 516, 546, 547, 548, 549, 517, 551, 728, 552, 553, 554, 232, 555, 518, 556, 557, 758, 558, 762, 559, 560, 519, 561, 562, 269, 563, 564, 565, 520, 566, 567, 568, 299, 569, 304, 521, 571, 572, 573, 522, 523, 524, 525, 591, 512, 526, 527, 485, 486, 487, 488, 489, 490, 491, 492, 493, 494, 495, 496, 497, 498, 499, 500, 501, 502, 503, 504, 505, 506, 507, 508, 509, 510, 511]",False,[],"[0, 1, 2, 3, 4, 5, 6, 7, 8, 9, 10, 11, 12, 13, 14, 15, 16, 17, 18, 19, 20, 21, 22, 23, 24, 25, 26, 27, 28, 29, 30, 31, 32, 33, 34, 35, 36, 37, 38, 39, 40, 41, 42, 43, 44, 45, 46, 47, 48, 49, 50, 51, 52, 53, 54, 55, 56, 57, 58, 59, 60, 61, 62, 63, 64, 65, 66, 67, 68, 69, 70, 71, 72, 73, 74, 75, 76, 77, 78, 79, 80, 81, 82, 83, 84, 85, 86, 87, 88, 89, 90, 91, 92, 93, 94, 95, 96, 97, 98, 99, 100, 101, 102, 485, 486, 487, 488, 489, 490, 491, 492, 493, 494, 495, 496, 497, 498, 499, 500, 501, 502, 503, 504, 505, 506, 507, 508, 509, 510, 511, 512, 513, 514, 515, 516, 517, 518, 519, 520, 521, 522, 523, 524, 525, 526, 527, 528, 529, 530, 531, 532, 533, 534, 535, 536, 537, 538, 539, 540, 541, 542, 543, 544, 545, 546, 547, 548, 549, 550, 551, 552, 553, 554, 555, 556, 557, 558, 559, 560, 561, 562, 563, 564, 565, 566, 567, 568, 569, 570, 571, 572, 573]","[65, 76, 99, 539, 550, 570]",[],"[6, 9, 44, 86, 89, 102, 120, 304, 492, 494, 524, 557, 573, 591, 762]","[4, 59, 232, 269, 299, 490, 535, 696, 728, 758]","[4, 59, 232, 269, 299, 490, 535, 696, 728, 758]",4/6 successful match,False,,False,560,False,,1.0,True,Superstop # 619 ( Mobil ),Mobil
Tucson ( 85756 ) Pilot Travel Center # 593,520-663-3348 I-10 Exit 268 ( Craycroft ),plot 24 O,Tucson,85756,Pilot Travel Center # 593,520-663-3348,2014,Tucson,AZ,Pilot,( Craycroft ),I-10 Exit 268 ,Exit,268,False,,False,I-10,,,,,"[76, 550]","[76, 99, 550, 570]","[65, 76, 99, 539, 550, 570]","[76, 99, 550, 570]","[0, 1, 2, 3, 4, 5, 6, 7, 8, 9, 10, 11, 12, 13, 14, 15, 16, 17, 18, 19, 20, 21, 22, 23, 24, 25, 26, 27, 28, 29, 30, 31, 32, 33, 34, 35, 36, 37, 38, 39, 40, 41, 42, 43, 44, 45, 46, 47, 48, 49, 50, 51, 52, 53, 54, 55, 56, 57, 58, 59, 60, 61, 62, 63, 64, 65, 66, 67, 68, 69, 70, 71, 72, 73, 74, 75, 76, 77, 78, 79, 80, 81, 82, 83, 84, 85, 86, 87, 88, 89, 90, 91, 92, 93, 94, 95, 96, 97, 98, 99, 100, 101, 102, 485, 486, 487, 488, 489, 490, 491, 492, 493, 494, 495, 496, 497, 498, 499, 500, 501, 502, 503, 504, 505, 506, 507, 508, 509, 510, 511, 512, 513, 514, 515, 516, 517, 518, 519, 520, 521, 522, 523, 524, 525, 526, 527, 528, 529, 530, 531, 532, 533, 534, 535, 536, 537, 538, 539, 540, 541, 542, 543, 544, 545, 546, 547, 548, 549, 550, 551, 552, 553, 554, 555, 556, 557, 558, 559, 560, 561, 562, 563, 564, 565, 566, 567, 568, 569, 570, 571, 572, 573]","[0, 5, 7, 10, 14, 19, 20, 22, 24, 32, 33, 34, 37, 38, 40, 44, 46, 48, 49, 51, 56, 61, 63, 65, 67, 68, 73, 74, 75, 76, 79, 81, 82, 83, 85, 87, 88, 92, 93, 95, 96, 99, 100, 101, 115, 116, 124, 134, 142, 161, 167, 169, 170, 186, 202, 240, 244, 254, 260, 267, 277, 300, 303, 307, 310, 322, 331, 376, 485, 491, 493, 495, 499, 503, 504, 506, 508, 515, 518, 519, 521, 524, 526, 528, 533, 537, 539, 542, 543, 547, 548, 549, 550, 551, 553, 554, 556, 558, 559, 563, 564, 566, 567, 570, 571, 572, 586, 587, 595, 605, 613, 633, 639, 640, 641, 657, 672, 704, 717, 726, 736, 759, 761, 765, 768, 780, 788, 792, 826]","[15, 16, 65, 66, 67, 68, 69, 70, 71, 72, 73, 74, 75, 76, 80, 151, 245, 246, 247, 248, 249, 250, 251, 252, 253, 254, 255, 256, 257, 258, 259, 280, 340, 373, 374, 375, 376, 377, 459, 460, 461, 462, 500, 501, 539, 540, 541, 542, 543, 544, 545, 546, 547, 548, 549, 550, 552, 622, 708, 709, 710, 711, 712, 713, 714, 715, 716, 717, 718, 719, 720, 739, 796, 823, 824, 825, 826, 827, 906, 907, 908, 909]","[15, 16, 65, 66, 67, 68, 69, 70, 71, 72, 73, 74, 75, 76, 77, 78, 80, 151, 244, 245, 246, 247, 248, 249, 250, 251, 252, 253, 254, 255, 256, 257, 258, 259, 260, 280, 340, 373, 374, 375, 376, 377, 459, 460, 461, 462, 500, 501, 539, 540, 541, 542, 543, 544, 545, 546, 547, 548, 549, 550, 552, 622, 708, 709, 710, 711, 712, 713, 714, 715, 716, 717, 718, 719, 720, 739, 796, 823, 824, 825, 826, 827, 906, 907, 908, 909]","[0, 1, 2, 3, 4, 5, 6, 7, 8, 9, 10, 11, 12, 13, 14, 15, 16, 17, 18, 19, 20, 21, 22, 23, 24, 25, 26, 539, 27, 28, 29, 30, 31, 32, 33, 34, 35, 36, 550, 37, 38, 39, 40, 41, 42, 43, 44, 45, 46, 47, 48, 49, 50, 51, 52, 53, 54, 55, 570, 56, 57, 58, 59, 60, 61, 65, 62, 63, 64, 66, 67, 68, 69, 70, 71, 72, 76, 73, 74, 75, 77, 78, 79, 80, 81, 82, 83, 84, 85, 86, 87, 88, 89, 90, 91, 92, 93, 94, 95, 99, 96, 97, 98, 100, 101, 102, 528, 529, 530, 613, 622, 513, 531, 115, 116, 532, 633, 533, 124, 534, 639, 640, 641, 535, 134, 514, 536, 537, 142, 657, 538, 151, 540, 672, 515, 541, 161, 542, 167, 169, 170, 543, 544, 545, 516, 186, 546, 704, 547, 708, 252, 548, 709, 710, 711, 202, 549, 712, 717, 713, 714, 715, 716, 718, 517, 719, 551, 726, 720, 552, 553, 736, 739, 554, 555, 518, 556, 240, 557, 244, 245, 246, 759, 558, 761, 247, 248, 249, 559, 254, 765, 768, 250, 560, 251, 260, 519, 253, 561, 255, 256, 257, 267, 562, 780, 563, 258, 788, 277, 564, 792, 259, 280, 565, 796, 520, 566, 567, 568, 300, 569, 303, 307, 310, 521, 823, 571, 826, 824, 825, 827, 572, 322, 573, 331, 522, 340, 523, 373, 374, 375, 376, 377, 524, 586, 587, 906, 907, 908, 909, 525, 512, 595, 526, 459, 460, 527, 461, 462, 605, 485, 486, 487, 488, 489, 490, 491, 492, 493, 494, 495, 496, 497, 498, 499, 500, 501, 502, 503, 504, 505, 506, 507, 508, 509, 510, 511]",True,"[76, 99, 550, 570]","[0, 1, 2, 3, 4, 5, 6, 7, 8, 9, 10, 11, 12, 13, 14, 15, 16, 17, 18, 19, 20, 21, 22, 23, 24, 25, 26, 27, 28, 29, 30, 31, 32, 33, 34, 35, 36, 37, 38, 39, 40, 41, 42, 43, 44, 45, 46, 47, 48, 49, 50, 51, 52, 53, 54, 55, 56, 57, 58, 59, 60, 61, 62, 63, 64, 65, 66, 67, 68, 69, 70, 71, 72, 73, 74, 75, 76, 77, 78, 79, 80, 81, 82, 83, 84, 85, 86, 87, 88, 89, 90, 91, 92, 93, 94, 95, 96, 97, 98, 99, 100, 101, 102, 485, 486, 487, 488, 489, 490, 491, 492, 493, 494, 495, 496, 497, 498, 499, 500, 501, 502, 503, 504, 505, 506, 507, 508, 509, 510, 511, 512, 513, 514, 515, 516, 517, 518, 519, 520, 521, 522, 523, 524, 525, 526, 527, 528, 529, 530, 531, 532, 533, 534, 535, 536, 537, 538, 539, 540, 541, 542, 543, 544, 545, 546, 547, 548, 549, 550, 551, 552, 553, 554, 555, 556, 557, 558, 559, 560, 561, 562, 563, 564, 565, 566, 567, 568, 569, 570, 571, 572, 573]","[65, 76, 99, 539, 550, 570]","[76, 99, 550, 570]","[0, 5, 7, 10, 14, 19, 20, 22, 24, 32, 33, 34, 37, 38, 40, 44, 46, 48, 49, 51, 56, 61, 63, 65, 67, 68, 73, 74, 75, 76, 79, 81, 82, 83, 85, 87, 88, 92, 93, 95, 96, 99, 100, 101, 115, 116, 124, 134, 142, 161, 167, 169, 170, 186, 202, 240, 244, 254, 260, 267, 277, 300, 303, 307, 310, 322, 331, 376, 485, 491, 493, 495, 499, 503, 504, 506, 508, 515, 518, 519, 521, 524, 526, 528, 533, 537, 539, 542, 543, 547, 548, 549, 550, 551, 553, 554, 556, 558, 559, 563, 564, 566, 567, 570, 571, 572, 586, 587, 595, 605, 613, 633, 639, 640, 641, 657, 672, 704, 717, 726, 736, 759, 761, 765, 768, 780, 788, 792, 826]","[15, 16, 65, 66, 67, 68, 69, 70, 71, 72, 73, 74, 75, 76, 77, 78, 80, 151, 244, 245, 246, 247, 248, 249, 250, 251, 252, 253, 254, 255, 256, 257, 258, 259, 260, 280, 340, 373, 374, 375, 376, 377, 459, 460, 461, 462, 500, 501, 539, 540, 541, 542, 543, 544, 545, 546, 547, 548, 549, 550, 552, 622, 708, 709, 710, 711, 712, 713, 714, 715, 716, 717, 718, 719, 720, 739, 796, 823, 824, 825, 826, 827, 906, 907, 908, 909]","[15, 16, 65, 66, 67, 68, 69, 70, 71, 72, 73, 74, 75, 76, 80, 151, 245, 246, 247, 248, 249, 250, 251, 252, 253, 254, 255, 256, 257, 258, 259, 280, 340, 373, 374, 375, 376, 377, 459, 460, 461, 462, 500, 501, 539, 540, 541, 542, 543, 544, 545, 546, 547, 548, 549, 550, 552, 622, 708, 709, 710, 711, 712, 713, 714, 715, 716, 717, 718, 719, 720, 739, 796, 823, 824, 825, 826, 827, 906, 907, 908, 909]",7/6 successful match,True,[138],True,560,True,2014,0.14,False,Superstop # 619 ( Mobil ),Mobil
Tucson ( 85756 ) Pilot Travel Center # 593 ),5 520-663-3348 I-10 Exit 268 ( pilot,pilot 24 MO,Tucson,85756,Pilot Travel Center # 593 ),520-663-3348,2015,Tucson,AZ,Pilot,( pilot,I-10 Exit 268 ,Exit,268,False,,False,I-10,,,,,"[76, 550]","[76, 99, 550, 570]","[65, 76, 99, 539, 550, 570]","[76, 99, 550, 570]","[0, 1, 2, 3, 4, 5, 6, 7, 8, 9, 10, 11, 12, 13, 14, 15, 16, 17, 18, 19, 20, 21, 22, 23, 24, 25, 26, 27, 28, 29, 30, 31, 32, 33, 34, 35, 36, 37, 38, 39, 40, 41, 42, 43, 44, 45, 46, 47, 48, 49, 50, 51, 52, 53, 54, 55, 56, 57, 58, 59, 60, 61, 62, 63, 64, 65, 66, 67, 68, 69, 70, 71, 72, 73, 74, 75, 76, 77, 78, 79, 80, 81, 82, 83, 84, 85, 86, 87, 88, 89, 90, 91, 92, 93, 94, 95, 96, 97, 98, 99, 100, 101, 102, 485, 486, 487, 488, 489, 490, 491, 492, 493, 494, 495, 496, 497, 498, 499, 500, 501, 502, 503, 504, 505, 506, 507, 508, 509, 510, 511, 512, 513, 514, 515, 516, 517, 518, 519, 520, 521, 522, 523, 524, 525, 526, 527, 528, 529, 530, 531, 532, 533, 534, 535, 536, 537, 538, 539, 540, 541, 542, 543, 544, 545, 546, 547, 548, 549, 550, 551, 552, 553, 554, 555, 556, 557, 558, 559, 560, 561, 562, 563, 564, 565, 566, 567, 568, 569, 570, 571, 572, 573]","[0, 5, 7, 10, 14, 19, 20, 22, 24, 32, 33, 34, 37, 38, 40, 44, 46, 48, 49, 51, 56, 61, 63, 65, 67, 68, 73, 74, 75, 76, 79, 81, 82, 83, 85, 87, 88, 92, 93, 95, 96, 99, 100, 101, 115, 116, 124, 134, 142, 161, 167, 169, 170, 186, 202, 240, 244, 254, 260, 267, 277, 300, 303, 307, 310, 322, 331, 376, 485, 491, 493, 495, 499, 503, 504, 506, 508, 515, 518, 519, 521, 524, 526, 528, 533, 537, 539, 542, 543, 547, 548, 549, 550, 551, 553, 554, 556, 558, 559, 563, 564, 566, 567, 570, 571, 572, 586, 587, 595, 605, 613, 633, 639, 640, 641, 657, 672, 704, 717, 726, 736, 759, 761, 765, 768, 780, 788, 792, 826]","[15, 16, 65, 66, 67, 68, 69, 70, 71, 72, 73, 74, 75, 76, 80, 151, 245, 246, 247, 248, 249, 250, 251, 252, 253, 254, 255, 256, 257, 258, 259, 280, 340, 373, 374, 375, 376, 377, 459, 460, 461, 462, 500, 501, 539, 540, 541, 542, 543, 544, 545, 546, 547, 548, 549, 550, 552, 622, 708, 709, 710, 711, 712, 713, 714, 715, 716, 717, 718, 719, 720, 739, 796, 823, 824, 825, 826, 827, 906, 907, 908, 909]","[15, 16, 65, 66, 67, 68, 69, 70, 71, 72, 73, 74, 75, 76, 77, 78, 80, 151, 244, 245, 246, 247, 248, 249, 250, 251, 252, 253, 254, 255, 256, 257, 258, 259, 260, 280, 340, 373, 374, 375, 376, 377, 459, 460, 461, 462, 500, 501, 539, 540, 541, 542, 543, 544, 545, 546, 547, 548, 549, 550, 552, 622, 708, 709, 710, 711, 712, 713, 714, 715, 716, 717, 718, 719, 720, 739, 796, 823, 824, 825, 826, 827, 906, 907, 908, 909]","[0, 1, 2, 3, 4, 5, 6, 7, 8, 9, 10, 11, 12, 13, 14, 15, 16, 17, 18, 19, 20, 21, 22, 23, 24, 25, 26, 539, 27, 28, 29, 30, 31, 32, 33, 34, 35, 36, 550, 37, 38, 39, 40, 41, 42, 43, 44, 45, 46, 47, 48, 49, 50, 51, 52, 53, 54, 55, 570, 56, 57, 58, 59, 60, 61, 65, 62, 63, 64, 66, 67, 68, 69, 70, 71, 72, 76, 73, 74, 75, 77, 78, 79, 80, 81, 82, 83, 84, 85, 86, 87, 88, 89, 90, 91, 92, 93, 94, 95, 99, 96, 97, 98, 100, 101, 102, 528, 529, 530, 613, 622, 513, 531, 115, 116, 532, 633, 533, 124, 534, 639, 640, 641, 535, 134, 514, 536, 537, 142, 657, 538, 151, 540, 672, 515, 541, 161, 542, 167, 169, 170, 543, 544, 545, 516, 186, 546, 704, 547, 708, 252, 548, 709, 710, 711, 202, 549, 712, 717, 713, 714, 715, 716, 718, 517, 719, 551, 726, 720, 552, 553, 736, 739, 554, 555, 518, 556, 240, 557, 244, 245, 246, 759, 558, 761, 247, 248, 249, 559, 254, 765, 768, 250, 560, 251, 260, 519, 253, 561, 255, 256, 257, 267, 562, 780, 563, 258, 788, 277, 564, 792, 259, 280, 565, 796, 520, 566, 567, 568, 300, 569, 303, 307, 310, 521, 823, 571, 826, 824, 825, 827, 572, 322, 573, 331, 522, 340, 523, 373, 374, 375, 376, 377, 524, 586, 587, 906, 907, 908, 909, 525, 512, 595, 526, 459, 460, 527, 461, 462, 605, 485, 486, 487, 488, 489, 490, 491, 492, 493, 494, 495, 496, 497, 498, 499, 500, 501, 502, 503, 504, 505, 506, 507, 508, 509, 510, 511]",True,"[76, 99, 550, 570]","[0, 1, 2, 3, 4, 5, 6, 7, 8, 9, 10, 11, 12, 13, 14, 15, 16, 17, 18, 19, 20, 21, 22, 23, 24, 25, 26, 27, 28, 29, 30, 31, 32, 33, 34, 35, 36, 37, 38, 39, 40, 41, 42, 43, 44, 45, 46, 47, 48, 49, 50, 51, 52, 53, 54, 55, 56, 57, 58, 59, 60, 61, 62, 63, 64, 65, 66, 67, 68, 69, 70, 71, 72, 73, 74, 75, 76, 77, 78, 79, 80, 81, 82, 83, 84, 85, 86, 87, 88, 89, 90, 91, 92, 93, 94, 95, 96, 97, 98, 99, 100, 101, 102, 485, 486, 487, 488, 489, 490, 491, 492, 493, 494, 495, 496, 497, 498, 499, 500, 501, 502, 503, 504, 505, 506, 507, 508, 509, 510, 511, 512, 513, 514, 515, 516, 517, 518, 519, 520, 521, 522, 523, 524, 525, 526, 527, 528, 529, 530, 531, 532, 533, 534, 535, 536, 537, 538, 539, 540, 541, 542, 543, 544, 545, 546, 547, 548, 549, 550, 551, 552, 553, 554, 555, 556, 557, 558, 559, 560, 561, 562, 563, 564, 565, 566, 567, 568, 569, 570, 571, 572, 573]","[65, 76, 99, 539, 550, 570]","[76, 99, 550, 570]","[0, 5, 7, 10, 14, 19, 20, 22, 24, 32, 33, 34, 37, 38, 40, 44, 46, 48, 49, 51, 56, 61, 63, 65, 67, 68, 73, 74, 75, 76, 79, 81, 82, 83, 85, 87, 88, 92, 93, 95, 96, 99, 100, 101, 115, 116, 124, 134, 142, 161, 167, 169, 170, 186, 202, 240, 244, 254, 260, 267, 277, 300, 303, 307, 310, 322, 331, 376, 485, 491, 493, 495, 499, 503, 504, 506, 508, 515, 518, 519, 521, 524, 526, 528, 533, 537, 539, 542, 543, 547, 548, 549, 550, 551, 553, 554, 556, 558, 559, 563, 564, 566, 567, 570, 571, 572, 586, 587, 595, 605, 613, 633, 639, 640, 641, 657, 672, 704, 717, 726, 736, 759, 761, 765, 768, 780, 788, 792, 826]","[15, 16, 65, 66, 67, 68, 69, 70, 71, 72, 73, 74, 75, 76, 77, 78, 80, 151, 244, 245, 246, 247, 248, 249, 250, 251, 252, 253, 254, 255, 256, 257, 258, 259, 260, 280, 340, 373, 374, 375, 376, 377, 459, 460, 461, 462, 500, 501, 539, 540, 541, 542, 543, 544, 545, 546, 547, 548, 549, 550, 552, 622, 708, 709, 710, 711, 712, 713, 714, 715, 716, 717, 718, 719, 720, 739, 796, 823, 824, 825, 826, 827, 906, 907, 908, 909]","[15, 16, 65, 66, 67, 68, 69, 70, 71, 72, 73, 74, 75, 76, 80, 151, 245, 246, 247, 248, 249, 250, 251, 252, 253, 254, 255, 256, 257, 258, 259, 280, 340, 373, 374, 375, 376, 377, 459, 460, 461, 462, 500, 501, 539, 540, 541, 542, 543, 544, 545, 546, 547, 548, 549, 550, 552, 622, 708, 709, 710, 711, 712, 713, 714, 715, 716, 717, 718, 719, 720, 739, 796, 823, 824, 825, 826, 827, 906, 907, 908, 909]",7/6 successful match,True,[138],True,560,False,,1.0,True,Pilot Travel Center # 593,Pilot
Tucson ( 85756 ) Pilot Travel Center # 593,520-663-3348 I-10 Exit 268 ( Craycroft ) Pilat,24 024 0,Tucson,85756,Pilot Travel Center # 593,520-663-3348,2016,Tucson,AZ,Pilot,( Craycroft ) Pilat,I-10 Exit 268 ,Exit,268,False,,False,I-10,,,,,"[76, 550]","[76, 99, 550, 570]","[65, 76, 99, 539, 550, 570]","[76, 99, 550, 570]","[0, 1, 2, 3, 4, 5, 6, 7, 8, 9, 10, 11, 12, 13, 14, 15, 16, 17, 18, 19, 20, 21, 22, 23, 24, 25, 26, 27, 28, 29, 30, 31, 32, 33, 34, 35, 36, 37, 38, 39, 40, 41, 42, 43, 44, 45, 46, 47, 48, 49, 50, 51, 52, 53, 54, 55, 56, 57, 58, 59, 60, 61, 62, 63, 64, 65, 66, 67, 68, 69, 70, 71, 72, 73, 74, 75, 76, 77, 78, 79, 80, 81, 82, 83, 84, 85, 86, 87, 88, 89, 90, 91, 92, 93, 94, 95, 96, 97, 98, 99, 100, 101, 102, 485, 486, 487, 488, 489, 490, 491, 492, 493, 494, 495, 496, 497, 498, 499, 500, 501, 502, 503, 504, 505, 506, 507, 508, 509, 510, 511, 512, 513, 514, 515, 516, 517, 518, 519, 520, 521, 522, 523, 524, 525, 526, 527, 528, 529, 530, 531, 532, 533, 534, 535, 536, 537, 538, 539, 540, 541, 542, 543, 544, 545, 546, 547, 548, 549, 550, 551, 552, 553, 554, 555, 556, 557, 558, 559, 560, 561, 562, 563, 564, 565, 566, 567, 568, 569, 570, 571, 572, 573]","[0, 5, 7, 10, 14, 19, 20, 22, 24, 32, 33, 34, 37, 38, 40, 44, 46, 48, 49, 51, 56, 61, 63, 65, 67, 68, 73, 74, 75, 76, 79, 81, 82, 83, 85, 87, 88, 92, 93, 95, 96, 99, 100, 101, 115, 116, 124, 134, 142, 161, 167, 169, 170, 186, 202, 240, 244, 254, 260, 267, 277, 300, 303, 307, 310, 322, 331, 376, 485, 491, 493, 495, 499, 503, 504, 506, 508, 515, 518, 519, 521, 524, 526, 528, 533, 537, 539, 542, 543, 547, 548, 549, 550, 551, 553, 554, 556, 558, 559, 563, 564, 566, 567, 570, 571, 572, 586, 587, 595, 605, 613, 633, 639, 640, 641, 657, 672, 704, 717, 726, 736, 759, 761, 765, 768, 780, 788, 792, 826]","[15, 16, 65, 66, 67, 68, 69, 70, 71, 72, 73, 74, 75, 76, 80, 151, 245, 246, 247, 248, 249, 250, 251, 252, 253, 254, 255, 256, 257, 258, 259, 280, 340, 373, 374, 375, 376, 377, 459, 460, 461, 462, 500, 501, 539, 540, 541, 542, 543, 544, 545, 546, 547, 548, 549, 550, 552, 622, 708, 709, 710, 711, 712, 713, 714, 715, 716, 717, 718, 719, 720, 739, 796, 823, 824, 825, 826, 827, 906, 907, 908, 909]","[15, 16, 65, 66, 67, 68, 69, 70, 71, 72, 73, 74, 75, 76, 77, 78, 80, 151, 244, 245, 246, 247, 248, 249, 250, 251, 252, 253, 254, 255, 256, 257, 258, 259, 260, 280, 340, 373, 374, 375, 376, 377, 459, 460, 461, 462, 500, 501, 539, 540, 541, 542, 543, 544, 545, 546, 547, 548, 549, 550, 552, 622, 708, 709, 710, 711, 712, 713, 714, 715, 716, 717, 718, 719, 720, 739, 796, 823, 824, 825, 826, 827, 906, 907, 908, 909]","[0, 1, 2, 3, 4, 5, 6, 7, 8, 9, 10, 11, 12, 13, 14, 15, 16, 17, 18, 19, 20, 21, 22, 23, 24, 25, 26, 539, 27, 28, 29, 30, 31, 32, 33, 34, 35, 36, 550, 37, 38, 39, 40, 41, 42, 43, 44, 45, 46, 47, 48, 49, 50, 51, 52, 53, 54, 55, 570, 56, 57, 58, 59, 60, 61, 65, 62, 63, 64, 66, 67, 68, 69, 70, 71, 72, 76, 73, 74, 75, 77, 78, 79, 80, 81, 82, 83, 84, 85, 86, 87, 88, 89, 90, 91, 92, 93, 94, 95, 99, 96, 97, 98, 100, 101, 102, 528, 529, 530, 613, 622, 513, 531, 115, 116, 532, 633, 533, 124, 534, 639, 640, 641, 535, 134, 514, 536, 537, 142, 657, 538, 151, 540, 672, 515, 541, 161, 542, 167, 169, 170, 543, 544, 545, 516, 186, 546, 704, 547, 708, 252, 548, 709, 710, 711, 202, 549, 712, 717, 713, 714, 715, 716, 718, 517, 719, 551, 726, 720, 552, 553, 736, 739, 554, 555, 518, 556, 240, 557, 244, 245, 246, 759, 558, 761, 247, 248, 249, 559, 254, 765, 768, 250, 560, 251, 260, 519, 253, 561, 255, 256, 257, 267, 562, 780, 563, 258, 788, 277, 564, 792, 259, 280, 565, 796, 520, 566, 567, 568, 300, 569, 303, 307, 310, 521, 823, 571, 826, 824, 825, 827, 572, 322, 573, 331, 522, 340, 523, 373, 374, 375, 376, 377, 524, 586, 587, 906, 907, 908, 909, 525, 512, 595, 526, 459, 460, 527, 461, 462, 605, 485, 486, 487, 488, 489, 490, 491, 492, 493, 494, 495, 496, 497, 498, 499, 500, 501, 502, 503, 504, 505, 506, 507, 508, 509, 510, 511]",True,"[76, 99, 550, 570]","[0, 1, 2, 3, 4, 5, 6, 7, 8, 9, 10, 11, 12, 13, 14, 15, 16, 17, 18, 19, 20, 21, 22, 23, 24, 25, 26, 27, 28, 29, 30, 31, 32, 33, 34, 35, 36, 37, 38, 39, 40, 41, 42, 43, 44, 45, 46, 47, 48, 49, 50, 51, 52, 53, 54, 55, 56, 57, 58, 59, 60, 61, 62, 63, 64, 65, 66, 67, 68, 69, 70, 71, 72, 73, 74, 75, 76, 77, 78, 79, 80, 81, 82, 83, 84, 85, 86, 87, 88, 89, 90, 91, 92, 93, 94, 95, 96, 97, 98, 99, 100, 101, 102, 485, 486, 487, 488, 489, 490, 491, 492, 493, 494, 495, 496, 497, 498, 499, 500, 501, 502, 503, 504, 505, 506, 507, 508, 509, 510, 511, 512, 513, 514, 515, 516, 517, 518, 519, 520, 521, 522, 523, 524, 525, 526, 527, 528, 529, 530, 531, 532, 533, 534, 535, 536, 537, 538, 539, 540, 541, 542, 543, 544, 545, 546, 547, 548, 549, 550, 551, 552, 553, 554, 555, 556, 557, 558, 559, 560, 561, 562, 563, 564, 565, 566, 567, 568, 569, 570, 571, 572, 573]","[65, 76, 99, 539, 550, 570]","[76, 99, 550, 570]","[0, 5, 7, 10, 14, 19, 20, 22, 24, 32, 33, 34, 37, 38, 40, 44, 46, 48, 49, 51, 56, 61, 63, 65, 67, 68, 73, 74, 75, 76, 79, 81, 82, 83, 85, 87, 88, 92, 93, 95, 96, 99, 100, 101, 115, 116, 124, 134, 142, 161, 167, 169, 170, 186, 202, 240, 244, 254, 260, 267, 277, 300, 303, 307, 310, 322, 331, 376, 485, 491, 493, 495, 499, 503, 504, 506, 508, 515, 518, 519, 521, 524, 526, 528, 533, 537, 539, 542, 543, 547, 548, 549, 550, 551, 553, 554, 556, 558, 559, 563, 564, 566, 567, 570, 571, 572, 586, 587, 595, 605, 613, 633, 639, 640, 641, 657, 672, 704, 717, 726, 736, 759, 761, 765, 768, 780, 788, 792, 826]","[15, 16, 65, 66, 67, 68, 69, 70, 71, 72, 73, 74, 75, 76, 77, 78, 80, 151, 244, 245, 246, 247, 248, 249, 250, 251, 252, 253, 254, 255, 256, 257, 258, 259, 260, 280, 340, 373, 374, 375, 376, 377, 459, 460, 461, 462, 500, 501, 539, 540, 541, 542, 543, 544, 545, 546, 547, 548, 549, 550, 552, 622, 708, 709, 710, 711, 712, 713, 714, 715, 716, 717, 718, 719, 720, 739, 796, 823, 824, 825, 826, 827, 906, 907, 908, 909]","[15, 16, 65, 66, 67, 68, 69, 70, 71, 72, 73, 74, 75, 76, 80, 151, 245, 246, 247, 248, 249, 250, 251, 252, 253, 254, 255, 256, 257, 258, 259, 280, 340, 373, 374, 375, 376, 377, 459, 460, 461, 462, 500, 501, 539, 540, 541, 542, 543, 544, 545, 546, 547, 548, 549, 550, 552, 622, 708, 709, 710, 711, 712, 713, 714, 715, 716, 717, 718, 719, 720, 739, 796, 823, 824, 825, 826, 827, 906, 907, 908, 909]",7/6 successful match,True,[138],True,560,False,,1.0,True,Pilot Travel Center # 593 ),Pilot
"Bellemont , 86015 Pilot Travel Center # 180",4 928-773-0180 I-40 Exit 185,24 HRS M,Bellemont,86015,Pilot Travel Center # 180,928-773-0180,2008,Bellemont,AZ,Pilot,,I-40 Exit 185,Exit,185,False,,False,I-40,,,,,"[545, 70]","[70, 545]","[70, 545]","[70, 545]","[0, 1, 2, 3, 4, 5, 6, 7, 8, 9, 10, 11, 12, 13, 14, 15, 16, 17, 18, 19, 20, 21, 22, 23, 24, 25, 26, 27, 28, 29, 30, 31, 32, 33, 34, 35, 36, 37, 38, 39, 40, 41, 42, 43, 44, 45, 46, 47, 48, 49, 50, 51, 52, 53, 54, 55, 56, 57, 58, 59, 60, 61, 62, 63, 64, 65, 66, 67, 68, 69, 70, 71, 72, 73, 74, 75, 76, 77, 78, 79, 80, 81, 82, 83, 84, 85, 86, 87, 88, 89, 90, 91, 92, 93, 94, 95, 96, 97, 98, 99, 100, 101, 102, 485, 486, 487, 488, 489, 490, 491, 492, 493, 494, 495, 496, 497, 498, 499, 500, 501, 502, 503, 504, 505, 506, 507, 508, 509, 510, 511, 512, 513, 514, 515, 516, 517, 518, 519, 520, 521, 522, 523, 524, 525, 526, 527, 528, 529, 530, 531, 532, 533, 534, 535, 536, 537, 538, 539, 540, 541, 542, 543, 544, 545, 546, 547, 548, 549, 550, 551, 552, 553, 554, 555, 556, 557, 558, 559, 560, 561, 562, 563, 564, 565, 566, 567, 568, 569, 570, 571, 572, 573]","[4, 11, 18, 21, 23, 26, 27, 28, 31, 35, 36, 43, 45, 52, 55, 56, 60, 62, 64, 70, 71, 80, 90, 94, 97, 183, 197, 232, 334, 426, 455, 472, 477, 478, 480, 483, 484, 490, 496, 505, 507, 509, 510, 511, 514, 516, 517, 523, 525, 529, 532, 533, 536, 538, 545, 546, 552, 561, 565, 568, 654, 668, 696, 790, 857, 878, 902, 919, 928, 929, 932, 934, 935]","[15, 16, 65, 66, 67, 68, 69, 70, 71, 72, 73, 74, 75, 76, 80, 151, 245, 246, 247, 248, 249, 250, 251, 252, 253, 254, 255, 256, 257, 258, 259, 280, 340, 373, 374, 375, 376, 377, 459, 460, 461, 462, 500, 501, 539, 540, 541, 542, 543, 544, 545, 546, 547, 548, 549, 550, 552, 622, 708, 709, 710, 711, 712, 713, 714, 715, 716, 717, 718, 719, 720, 739, 796, 823, 824, 825, 826, 827, 906, 907, 908, 909]","[15, 16, 65, 66, 67, 68, 69, 70, 71, 72, 73, 74, 75, 76, 77, 78, 80, 151, 244, 245, 246, 247, 248, 249, 250, 251, 252, 253, 254, 255, 256, 257, 258, 259, 260, 280, 340, 373, 374, 375, 376, 377, 459, 460, 461, 462, 500, 501, 539, 540, 541, 542, 543, 544, 545, 546, 547, 548, 549, 550, 552, 622, 708, 709, 710, 711, 712, 713, 714, 715, 716, 717, 718, 719, 720, 739, 796, 823, 824, 825, 826, 827, 906, 907, 908, 909]","[0, 1, 2, 3, 4, 5, 6, 7, 8, 9, 10, 11, 12, 13, 14, 15, 16, 17, 18, 19, 20, 21, 22, 23, 24, 25, 26, 27, 28, 29, 30, 31, 32, 545, 33, 34, 35, 36, 37, 38, 39, 40, 41, 42, 43, 44, 45, 46, 47, 48, 49, 50, 51, 52, 53, 54, 55, 56, 57, 58, 59, 60, 61, 62, 63, 64, 65, 66, 67, 68, 70, 69, 71, 72, 73, 74, 75, 76, 77, 78, 79, 80, 81, 82, 83, 84, 85, 86, 87, 88, 89, 90, 91, 92, 93, 94, 95, 96, 97, 98, 99, 100, 101, 102, 528, 529, 530, 622, 513, 531, 532, 533, 534, 535, 514, 536, 537, 654, 538, 151, 539, 668, 540, 515, 541, 542, 543, 544, 183, 696, 516, 546, 547, 708, 197, 548, 709, 710, 711, 712, 549, 713, 714, 715, 716, 550, 717, 718, 517, 719, 551, 720, 552, 553, 739, 554, 232, 555, 518, 556, 557, 244, 245, 246, 247, 558, 248, 249, 250, 251, 559, 252, 253, 254, 255, 560, 256, 257, 519, 258, 561, 259, 260, 562, 563, 564, 790, 280, 565, 796, 520, 566, 567, 568, 569, 570, 521, 823, 571, 824, 825, 826, 827, 572, 573, 334, 522, 340, 857, 523, 878, 373, 374, 375, 376, 377, 524, 902, 906, 907, 908, 909, 919, 525, 928, 929, 932, 934, 935, 426, 512, 526, 455, 459, 460, 527, 461, 462, 472, 477, 478, 480, 483, 484, 485, 486, 487, 488, 489, 490, 491, 492, 493, 494, 495, 496, 497, 498, 499, 500, 501, 502, 503, 504, 505, 506, 507, 508, 509, 510, 511]",True,"[70, 545]","[0, 1, 2, 3, 4, 5, 6, 7, 8, 9, 10, 11, 12, 13, 14, 15, 16, 17, 18, 19, 20, 21, 22, 23, 24, 25, 26, 27, 28, 29, 30, 31, 32, 33, 34, 35, 36, 37, 38, 39, 40, 41, 42, 43, 44, 45, 46, 47, 48, 49, 50, 51, 52, 53, 54, 55, 56, 57, 58, 59, 60, 61, 62, 63, 64, 65, 66, 67, 68, 69, 70, 71, 72, 73, 74, 75, 76, 77, 78, 79, 80, 81, 82, 83, 84, 85, 86, 87, 88, 89, 90, 91, 92, 93, 94, 95, 96, 97, 98, 99, 100, 101, 102, 485, 486, 487, 488, 489, 490, 491, 492, 493, 494, 495, 496, 497, 498, 499, 500, 501, 502, 503, 504, 505, 506, 507, 508, 509, 510, 511, 512, 513, 514, 515, 516, 517, 518, 519, 520, 521, 522, 523, 524, 525, 526, 527, 528, 529, 530, 531, 532, 533, 534, 535, 536, 537, 538, 539, 540, 541, 542, 543, 544, 545, 546, 547, 548, 549, 550, 551, 552, 553, 554, 555, 556, 557, 558, 559, 560, 561, 562, 563, 564, 565, 566, 567, 568, 569, 570, 571, 572, 573]","[70, 545]","[70, 545]","[4, 11, 18, 21, 23, 26, 27, 28, 31, 35, 36, 43, 45, 52, 55, 56, 60, 62, 64, 70, 71, 80, 90, 94, 97, 183, 197, 232, 334, 426, 455, 472, 477, 478, 480, 483, 484, 490, 496, 505, 507, 509, 510, 511, 514, 516, 517, 523, 525, 529, 532, 533, 536, 538, 545, 546, 552, 561, 565, 568, 654, 668, 696, 790, 857, 878, 902, 919, 928, 929, 932, 934, 935]","[15, 16, 65, 66, 67, 68, 69, 70, 71, 72, 73, 74, 75, 76, 77, 78, 80, 151, 244, 245, 246, 247, 248, 249, 250, 251, 252, 253, 254, 255, 256, 257, 258, 259, 260, 280, 340, 373, 374, 375, 376, 377, 459, 460, 461, 462, 500, 501, 539, 540, 541, 542, 543, 544, 545, 546, 547, 548, 549, 550, 552, 622, 708, 709, 710, 711, 712, 713, 714, 715, 716, 717, 718, 719, 720, 739, 796, 823, 824, 825, 826, 827, 906, 907, 908, 909]","[15, 16, 65, 66, 67, 68, 69, 70, 71, 72, 73, 74, 75, 76, 80, 151, 245, 246, 247, 248, 249, 250, 251, 252, 253, 254, 255, 256, 257, 258, 259, 280, 340, 373, 374, 375, 376, 377, 459, 460, 461, 462, 500, 501, 539, 540, 541, 542, 543, 544, 545, 546, 547, 548, 549, 550, 552, 622, 708, 709, 710, 711, 712, 713, 714, 715, 716, 717, 718, 719, 720, 739, 796, 823, 824, 825, 826, 827, 906, 907, 908, 909]",7/6 successful match,True,[418],True,561,False,,,,,
Bellemont ( 86015 ) Pilot Travel Center # 180,928-773-0180 I-40 Exit 185,pilot 24 M O,Bellemont,86015,Pilot Travel Center # 180,928-773-0180,2014,Bellemont,AZ,Pilot,,I-40 Exit 185,Exit,185,False,,False,I-40,,,,,"[545, 70]","[70, 545]","[70, 545]","[70, 545]","[0, 1, 2, 3, 4, 5, 6, 7, 8, 9, 10, 11, 12, 13, 14, 15, 16, 17, 18, 19, 20, 21, 22, 23, 24, 25, 26, 27, 28, 29, 30, 31, 32, 33, 34, 35, 36, 37, 38, 39, 40, 41, 42, 43, 44, 45, 46, 47, 48, 49, 50, 51, 52, 53, 54, 55, 56, 57, 58, 59, 60, 61, 62, 63, 64, 65, 66, 67, 68, 69, 70, 71, 72, 73, 74, 75, 76, 77, 78, 79, 80, 81, 82, 83, 84, 85, 86, 87, 88, 89, 90, 91, 92, 93, 94, 95, 96, 97, 98, 99, 100, 101, 102, 485, 486, 487, 488, 489, 490, 491, 492, 493, 494, 495, 496, 497, 498, 499, 500, 501, 502, 503, 504, 505, 506, 507, 508, 509, 510, 511, 512, 513, 514, 515, 516, 517, 518, 519, 520, 521, 522, 523, 524, 525, 526, 527, 528, 529, 530, 531, 532, 533, 534, 535, 536, 537, 538, 539, 540, 541, 542, 543, 544, 545, 546, 547, 548, 549, 550, 551, 552, 553, 554, 555, 556, 557, 558, 559, 560, 561, 562, 563, 564, 565, 566, 567, 568, 569, 570, 571, 572, 573]","[4, 11, 18, 21, 23, 26, 27, 28, 31, 35, 36, 43, 45, 52, 55, 56, 60, 62, 64, 70, 71, 80, 90, 94, 97, 183, 197, 232, 334, 426, 455, 472, 477, 478, 480, 483, 484, 490, 496, 505, 507, 509, 510, 511, 514, 516, 517, 523, 525, 529, 532, 533, 536, 538, 545, 546, 552, 561, 565, 568, 654, 668, 696, 790, 857, 878, 902, 919, 928, 929, 932, 934, 935]","[15, 16, 65, 66, 67, 68, 69, 70, 71, 72, 73, 74, 75, 76, 80, 151, 245, 246, 247, 248, 249, 250, 251, 252, 253, 254, 255, 256, 257, 258, 259, 280, 340, 373, 374, 375, 376, 377, 459, 460, 461, 462, 500, 501, 539, 540, 541, 542, 543, 544, 545, 546, 547, 548, 549, 550, 552, 622, 708, 709, 710, 711, 712, 713, 714, 715, 716, 717, 718, 719, 720, 739, 796, 823, 824, 825, 826, 827, 906, 907, 908, 909]","[15, 16, 65, 66, 67, 68, 69, 70, 71, 72, 73, 74, 75, 76, 77, 78, 80, 151, 244, 245, 246, 247, 248, 249, 250, 251, 252, 253, 254, 255, 256, 257, 258, 259, 260, 280, 340, 373, 374, 375, 376, 377, 459, 460, 461, 462, 500, 501, 539, 540, 541, 542, 543, 544, 545, 546, 547, 548, 549, 550, 552, 622, 708, 709, 710, 711, 712, 713, 714, 715, 716, 717, 718, 719, 720, 739, 796, 823, 824, 825, 826, 827, 906, 907, 908, 909]","[0, 1, 2, 3, 4, 5, 6, 7, 8, 9, 10, 11, 12, 13, 14, 15, 16, 17, 18, 19, 20, 21, 22, 23, 24, 25, 26, 27, 28, 29, 30, 31, 32, 545, 33, 34, 35, 36, 37, 38, 39, 40, 41, 42, 43, 44, 45, 46, 47, 48, 49, 50, 51, 52, 53, 54, 55, 56, 57, 58, 59, 60, 61, 62, 63, 64, 65, 66, 67, 68, 70, 69, 71, 72, 73, 74, 75, 76, 77, 78, 79, 80, 81, 82, 83, 84, 85, 86, 87, 88, 89, 90, 91, 92, 93, 94, 95, 96, 97, 98, 99, 100, 101, 102, 528, 529, 530, 622, 513, 531, 532, 533, 534, 535, 514, 536, 537, 654, 538, 151, 539, 668, 540, 515, 541, 542, 543, 544, 183, 696, 516, 546, 547, 708, 197, 548, 709, 710, 711, 712, 549, 713, 714, 715, 716, 550, 717, 718, 517, 719, 551, 720, 552, 553, 739, 554, 232, 555, 518, 556, 557, 244, 245, 246, 247, 558, 248, 249, 250, 251, 559, 252, 253, 254, 255, 560, 256, 257, 519, 258, 561, 259, 260, 562, 563, 564, 790, 280, 565, 796, 520, 566, 567, 568, 569, 570, 521, 823, 571, 824, 825, 826, 827, 572, 573, 334, 522, 340, 857, 523, 878, 373, 374, 375, 376, 377, 524, 902, 906, 907, 908, 909, 919, 525, 928, 929, 932, 934, 935, 426, 512, 526, 455, 459, 460, 527, 461, 462, 472, 477, 478, 480, 483, 484, 485, 486, 487, 488, 489, 490, 491, 492, 493, 494, 495, 496, 497, 498, 499, 500, 501, 502, 503, 504, 505, 506, 507, 508, 509, 510, 511]",True,"[70, 545]","[0, 1, 2, 3, 4, 5, 6, 7, 8, 9, 10, 11, 12, 13, 14, 15, 16, 17, 18, 19, 20, 21, 22, 23, 24, 25, 26, 27, 28, 29, 30, 31, 32, 33, 34, 35, 36, 37, 38, 39, 40, 41, 42, 43, 44, 45, 46, 47, 48, 49, 50, 51, 52, 53, 54, 55, 56, 57, 58, 59, 60, 61, 62, 63, 64, 65, 66, 67, 68, 69, 70, 71, 72, 73, 74, 75, 76, 77, 78, 79, 80, 81, 82, 83, 84, 85, 86, 87, 88, 89, 90, 91, 92, 93, 94, 95, 96, 97, 98, 99, 100, 101, 102, 485, 486, 487, 488, 489, 490, 491, 492, 493, 494, 495, 496, 497, 498, 499, 500, 501, 502, 503, 504, 505, 506, 507, 508, 509, 510, 511, 512, 513, 514, 515, 516, 517, 518, 519, 520, 521, 522, 523, 524, 525, 526, 527, 528, 529, 530, 531, 532, 533, 534, 535, 536, 537, 538, 539, 540, 541, 542, 543, 544, 545, 546, 547, 548, 549, 550, 551, 552, 553, 554, 555, 556, 557, 558, 559, 560, 561, 562, 563, 564, 565, 566, 567, 568, 569, 570, 571, 572, 573]","[70, 545]","[70, 545]","[4, 11, 18, 21, 23, 26, 27, 28, 31, 35, 36, 43, 45, 52, 55, 56, 60, 62, 64, 70, 71, 80, 90, 94, 97, 183, 197, 232, 334, 426, 455, 472, 477, 478, 480, 483, 484, 490, 496, 505, 507, 509, 510, 511, 514, 516, 517, 523, 525, 529, 532, 533, 536, 538, 545, 546, 552, 561, 565, 568, 654, 668, 696, 790, 857, 878, 902, 919, 928, 929, 932, 934, 935]","[15, 16, 65, 66, 67, 68, 69, 70, 71, 72, 73, 74, 75, 76, 77, 78, 80, 151, 244, 245, 246, 247, 248, 249, 250, 251, 252, 253, 254, 255, 256, 257, 258, 259, 260, 280, 340, 373, 374, 375, 376, 377, 459, 460, 461, 462, 500, 501, 539, 540, 541, 542, 543, 544, 545, 546, 547, 548, 549, 550, 552, 622, 708, 709, 710, 711, 712, 713, 714, 715, 716, 717, 718, 719, 720, 739, 796, 823, 824, 825, 826, 827, 906, 907, 908, 909]","[15, 16, 65, 66, 67, 68, 69, 70, 71, 72, 73, 74, 75, 76, 80, 151, 245, 246, 247, 248, 249, 250, 251, 252, 253, 254, 255, 256, 257, 258, 259, 280, 340, 373, 374, 375, 376, 377, 459, 460, 461, 462, 500, 501, 539, 540, 541, 542, 543, 544, 545, 546, 547, 548, 549, 550, 552, 622, 708, 709, 710, 711, 712, 713, 714, 715, 716, 717, 718, 719, 720, 739, 796, 823, 824, 825, 826, 827, 906, 907, 908, 909]",7/6 successful match,True,[418],True,561,False,,1.0,True,Pilot Travel Center # 180,Pilot
D Bellemont ( 86015 ) Pilot Exit Travel 133 Center A # 180 pilot,928-773-0180 I-40 Exit 185 Pilot,m M DO<U+2610>,Bellemont,86015,Pilot Exit Travel 133 Center A # 180 pilot,928-773-0180,2015,Bellemont,AZ,Pilot,,I-40 Exit 185 Pilot,Exit,185,False,,False,I-40,,,,,"[545, 70]","[70, 545]","[70, 545]","[70, 545]","[0, 1, 2, 3, 4, 5, 6, 7, 8, 9, 10, 11, 12, 13, 14, 15, 16, 17, 18, 19, 20, 21, 22, 23, 24, 25, 26, 27, 28, 29, 30, 31, 32, 33, 34, 35, 36, 37, 38, 39, 40, 41, 42, 43, 44, 45, 46, 47, 48, 49, 50, 51, 52, 53, 54, 55, 56, 57, 58, 59, 60, 61, 62, 63, 64, 65, 66, 67, 68, 69, 70, 71, 72, 73, 74, 75, 76, 77, 78, 79, 80, 81, 82, 83, 84, 85, 86, 87, 88, 89, 90, 91, 92, 93, 94, 95, 96, 97, 98, 99, 100, 101, 102, 485, 486, 487, 488, 489, 490, 491, 492, 493, 494, 495, 496, 497, 498, 499, 500, 501, 502, 503, 504, 505, 506, 507, 508, 509, 510, 511, 512, 513, 514, 515, 516, 517, 518, 519, 520, 521, 522, 523, 524, 525, 526, 527, 528, 529, 530, 531, 532, 533, 534, 535, 536, 537, 538, 539, 540, 541, 542, 543, 544, 545, 546, 547, 548, 549, 550, 551, 552, 553, 554, 555, 556, 557, 558, 559, 560, 561, 562, 563, 564, 565, 566, 567, 568, 569, 570, 571, 572, 573]","[4, 11, 18, 21, 23, 26, 27, 28, 31, 35, 36, 43, 45, 52, 55, 56, 60, 62, 64, 70, 71, 80, 90, 94, 97, 183, 197, 232, 334, 426, 455, 472, 477, 478, 480, 483, 484, 490, 496, 505, 507, 509, 510, 511, 514, 516, 517, 523, 525, 529, 532, 533, 536, 538, 545, 546, 552, 561, 565, 568, 654, 668, 696, 790, 857, 878, 902, 919, 928, 929, 932, 934, 935]","[15, 16, 65, 66, 67, 68, 69, 70, 71, 72, 73, 74, 75, 76, 80, 151, 245, 246, 247, 248, 249, 250, 251, 252, 253, 254, 255, 256, 257, 258, 259, 280, 340, 373, 374, 375, 376, 377, 459, 460, 461, 462, 500, 501, 539, 540, 541, 542, 543, 544, 545, 546, 547, 548, 549, 550, 552, 622, 708, 709, 710, 711, 712, 713, 714, 715, 716, 717, 718, 719, 720, 739, 796, 823, 824, 825, 826, 827, 906, 907, 908, 909]","[15, 16, 65, 66, 67, 68, 69, 70, 71, 72, 73, 74, 75, 76, 77, 78, 80, 151, 244, 245, 246, 247, 248, 249, 250, 251, 252, 253, 254, 255, 256, 257, 258, 259, 260, 280, 340, 373, 374, 375, 376, 377, 459, 460, 461, 462, 500, 501, 539, 540, 541, 542, 543, 544, 545, 546, 547, 548, 549, 550, 552, 622, 708, 709, 710, 711, 712, 713, 714, 715, 716, 717, 718, 719, 720, 739, 796, 823, 824, 825, 826, 827, 906, 907, 908, 909]","[0, 1, 2, 3, 4, 5, 6, 7, 8, 9, 10, 11, 12, 13, 14, 15, 16, 17, 18, 19, 20, 21, 22, 23, 24, 25, 26, 27, 28, 29, 30, 31, 32, 545, 33, 34, 35, 36, 37, 38, 39, 40, 41, 42, 43, 44, 45, 46, 47, 48, 49, 50, 51, 52, 53, 54, 55, 56, 57, 58, 59, 60, 61, 62, 63, 64, 65, 66, 67, 68, 70, 69, 71, 72, 73, 74, 75, 76, 77, 78, 79, 80, 81, 82, 83, 84, 85, 86, 87, 88, 89, 90, 91, 92, 93, 94, 95, 96, 97, 98, 99, 100, 101, 102, 528, 529, 530, 622, 513, 531, 532, 533, 534, 535, 514, 536, 537, 654, 538, 151, 539, 668, 540, 515, 541, 542, 543, 544, 183, 696, 516, 546, 547, 708, 197, 548, 709, 710, 711, 712, 549, 713, 714, 715, 716, 550, 717, 718, 517, 719, 551, 720, 552, 553, 739, 554, 232, 555, 518, 556, 557, 244, 245, 246, 247, 558, 248, 249, 250, 251, 559, 252, 253, 254, 255, 560, 256, 257, 519, 258, 561, 259, 260, 562, 563, 564, 790, 280, 565, 796, 520, 566, 567, 568, 569, 570, 521, 823, 571, 824, 825, 826, 827, 572, 573, 334, 522, 340, 857, 523, 878, 373, 374, 375, 376, 377, 524, 902, 906, 907, 908, 909, 919, 525, 928, 929, 932, 934, 935, 426, 512, 526, 455, 459, 460, 527, 461, 462, 472, 477, 478, 480, 483, 484, 485, 486, 487, 488, 489, 490, 491, 492, 493, 494, 495, 496, 497, 498, 499, 500, 501, 502, 503, 504, 505, 506, 507, 508, 509, 510, 511]",True,"[70, 545]","[0, 1, 2, 3, 4, 5, 6, 7, 8, 9, 10, 11, 12, 13, 14, 15, 16, 17, 18, 19, 20, 21, 22, 23, 24, 25, 26, 27, 28, 29, 30, 31, 32, 33, 34, 35, 36, 37, 38, 39, 40, 41, 42, 43, 44, 45, 46, 47, 48, 49, 50, 51, 52, 53, 54, 55, 56, 57, 58, 59, 60, 61, 62, 63, 64, 65, 66, 67, 68, 69, 70, 71, 72, 73, 74, 75, 76, 77, 78, 79, 80, 81, 82, 83, 84, 85, 86, 87, 88, 89, 90, 91, 92, 93, 94, 95, 96, 97, 98, 99, 100, 101, 102, 485, 486, 487, 488, 489, 490, 491, 492, 493, 494, 495, 496, 497, 498, 499, 500, 501, 502, 503, 504, 505, 506, 507, 508, 509, 510, 511, 512, 513, 514, 515, 516, 517, 518, 519, 520, 521, 522, 523, 524, 525, 526, 527, 528, 529, 530, 531, 532, 533, 534, 535, 536, 537, 538, 539, 540, 541, 542, 543, 544, 545, 546, 547, 548, 549, 550, 551, 552, 553, 554, 555, 556, 557, 558, 559, 560, 561, 562, 563, 564, 565, 566, 567, 568, 569, 570, 571, 572, 573]","[70, 545]","[70, 545]","[4, 11, 18, 21, 23, 26, 27, 28, 31, 35, 36, 43, 45, 52, 55, 56, 60, 62, 64, 70, 71, 80, 90, 94, 97, 183, 197, 232, 334, 426, 455, 472, 477, 478, 480, 483, 484, 490, 496, 505, 507, 509, 510, 511, 514, 516, 517, 523, 525, 529, 532, 533, 536, 538, 545, 546, 552, 561, 565, 568, 654, 668, 696, 790, 857, 878, 902, 919, 928, 929, 932, 934, 935]","[15, 16, 65, 66, 67, 68, 69, 70, 71, 72, 73, 74, 75, 76, 77, 78, 80, 151, 244, 245, 246, 247, 248, 249, 250, 251, 252, 253, 254, 255, 256, 257, 258, 259, 260, 280, 340, 373, 374, 375, 376, 377, 459, 460, 461, 462, 500, 501, 539, 540, 541, 542, 543, 544, 545, 546, 547, 548, 549, 550, 552, 622, 708, 709, 710, 711, 712, 713, 714, 715, 716, 717, 718, 719, 720, 739, 796, 823, 824, 825, 826, 827, 906, 907, 908, 909]","[15, 16, 65, 66, 67, 68, 69, 70, 71, 72, 73, 74, 75, 76, 80, 151, 245, 246, 247, 248, 249, 250, 251, 252, 253, 254, 255, 256, 257, 258, 259, 280, 340, 373, 374, 375, 376, 377, 459, 460, 461, 462, 500, 501, 539, 540, 541, 542, 543, 544, 545, 546, 547, 548, 549, 550, 552, 622, 708, 709, 710, 711, 712, 713, 714, 715, 716, 717, 718, 719, 720, 739, 796, 823, 824, 825, 826, 827, 906, 907, 908, 909]",7/6 successful match,True,[418],True,561,False,,1.0,True,Pilot Travel Center # 180,Pilot
D Bellemont ( 86015 ) Pilot Travel Center # 180,928-773-0180 I-40 Exit 185 pilat,<U+25A1> M,Bellemont,86015,Pilot Travel Center # 180,928-773-0180,2016,Bellemont,AZ,Pilot,,I-40 Exit 185 pilat,Exit,185,False,,False,I-40,,,,,"[545, 70]","[70, 545]","[70, 545]","[70, 545]","[0, 1, 2, 3, 4, 5, 6, 7, 8, 9, 10, 11, 12, 13, 14, 15, 16, 17, 18, 19, 20, 21, 22, 23, 24, 25, 26, 27, 28, 29, 30, 31, 32, 33, 34, 35, 36, 37, 38, 39, 40, 41, 42, 43, 44, 45, 46, 47, 48, 49, 50, 51, 52, 53, 54, 55, 56, 57, 58, 59, 60, 61, 62, 63, 64, 65, 66, 67, 68, 69, 70, 71, 72, 73, 74, 75, 76, 77, 78, 79, 80, 81, 82, 83, 84, 85, 86, 87, 88, 89, 90, 91, 92, 93, 94, 95, 96, 97, 98, 99, 100, 101, 102, 485, 486, 487, 488, 489, 490, 491, 492, 493, 494, 495, 496, 497, 498, 499, 500, 501, 502, 503, 504, 505, 506, 507, 508, 509, 510, 511, 512, 513, 514, 515, 516, 517, 518, 519, 520, 521, 522, 523, 524, 525, 526, 527, 528, 529, 530, 531, 532, 533, 534, 535, 536, 537, 538, 539, 540, 541, 542, 543, 544, 545, 546, 547, 548, 549, 550, 551, 552, 553, 554, 555, 556, 557, 558, 559, 560, 561, 562, 563, 564, 565, 566, 567, 568, 569, 570, 571, 572, 573]","[4, 11, 18, 21, 23, 26, 27, 28, 31, 35, 36, 43, 45, 52, 55, 56, 60, 62, 64, 70, 71, 80, 90, 94, 97, 183, 197, 232, 334, 426, 455, 472, 477, 478, 480, 483, 484, 490, 496, 505, 507, 509, 510, 511, 514, 516, 517, 523, 525, 529, 532, 533, 536, 538, 545, 546, 552, 561, 565, 568, 654, 668, 696, 790, 857, 878, 902, 919, 928, 929, 932, 934, 935]","[15, 16, 65, 66, 67, 68, 69, 70, 71, 72, 73, 74, 75, 76, 80, 151, 245, 246, 247, 248, 249, 250, 251, 252, 253, 254, 255, 256, 257, 258, 259, 280, 340, 373, 374, 375, 376, 377, 459, 460, 461, 462, 500, 501, 539, 540, 541, 542, 543, 544, 545, 546, 547, 548, 549, 550, 552, 622, 708, 709, 710, 711, 712, 713, 714, 715, 716, 717, 718, 719, 720, 739, 796, 823, 824, 825, 826, 827, 906, 907, 908, 909]","[15, 16, 65, 66, 67, 68, 69, 70, 71, 72, 73, 74, 75, 76, 77, 78, 80, 151, 244, 245, 246, 247, 248, 249, 250, 251, 252, 253, 254, 255, 256, 257, 258, 259, 260, 280, 340, 373, 374, 375, 376, 377, 459, 460, 461, 462, 500, 501, 539, 540, 541, 542, 543, 544, 545, 546, 547, 548, 549, 550, 552, 622, 708, 709, 710, 711, 712, 713, 714, 715, 716, 717, 718, 719, 720, 739, 796, 823, 824, 825, 826, 827, 906, 907, 908, 909]","[0, 1, 2, 3, 4, 5, 6, 7, 8, 9, 10, 11, 12, 13, 14, 15, 16, 17, 18, 19, 20, 21, 22, 23, 24, 25, 26, 27, 28, 29, 30, 31, 32, 545, 33, 34, 35, 36, 37, 38, 39, 40, 41, 42, 43, 44, 45, 46, 47, 48, 49, 50, 51, 52, 53, 54, 55, 56, 57, 58, 59, 60, 61, 62, 63, 64, 65, 66, 67, 68, 70, 69, 71, 72, 73, 74, 75, 76, 77, 78, 79, 80, 81, 82, 83, 84, 85, 86, 87, 88, 89, 90, 91, 92, 93, 94, 95, 96, 97, 98, 99, 100, 101, 102, 528, 529, 530, 622, 513, 531, 532, 533, 534, 535, 514, 536, 537, 654, 538, 151, 539, 668, 540, 515, 541, 542, 543, 544, 183, 696, 516, 546, 547, 708, 197, 548, 709, 710, 711, 712, 549, 713, 714, 715, 716, 550, 717, 718, 517, 719, 551, 720, 552, 553, 739, 554, 232, 555, 518, 556, 557, 244, 245, 246, 247, 558, 248, 249, 250, 251, 559, 252, 253, 254, 255, 560, 256, 257, 519, 258, 561, 259, 260, 562, 563, 564, 790, 280, 565, 796, 520, 566, 567, 568, 569, 570, 521, 823, 571, 824, 825, 826, 827, 572, 573, 334, 522, 340, 857, 523, 878, 373, 374, 375, 376, 377, 524, 902, 906, 907, 908, 909, 919, 525, 928, 929, 932, 934, 935, 426, 512, 526, 455, 459, 460, 527, 461, 462, 472, 477, 478, 480, 483, 484, 485, 486, 487, 488, 489, 490, 491, 492, 493, 494, 495, 496, 497, 498, 499, 500, 501, 502, 503, 504, 505, 506, 507, 508, 509, 510, 511]",True,"[70, 545]","[0, 1, 2, 3, 4, 5, 6, 7, 8, 9, 10, 11, 12, 13, 14, 15, 16, 17, 18, 19, 20, 21, 22, 23, 24, 25, 26, 27, 28, 29, 30, 31, 32, 33, 34, 35, 36, 37, 38, 39, 40, 41, 42, 43, 44, 45, 46, 47, 48, 49, 50, 51, 52, 53, 54, 55, 56, 57, 58, 59, 60, 61, 62, 63, 64, 65, 66, 67, 68, 69, 70, 71, 72, 73, 74, 75, 76, 77, 78, 79, 80, 81, 82, 83, 84, 85, 86, 87, 88, 89, 90, 91, 92, 93, 94, 95, 96, 97, 98, 99, 100, 101, 102, 485, 486, 487, 488, 489, 490, 491, 492, 493, 494, 495, 496, 497, 498, 499, 500, 501, 502, 503, 504, 505, 506, 507, 508, 509, 510, 511, 512, 513, 514, 515, 516, 517, 518, 519, 520, 521, 522, 523, 524, 525, 526, 527, 528, 529, 530, 531, 532, 533, 534, 535, 536, 537, 538, 539, 540, 541, 542, 543, 544, 545, 546, 547, 548, 549, 550, 551, 552, 553, 554, 555, 556, 557, 558, 559, 560, 561, 562, 563, 564, 565, 566, 567, 568, 569, 570, 571, 572, 573]","[70, 545]","[70, 545]","[4, 11, 18, 21, 23, 26, 27, 28, 31, 35, 36, 43, 45, 52, 55, 56, 60, 62, 64, 70, 71, 80, 90, 94, 97, 183, 197, 232, 334, 426, 455, 472, 477, 478, 480, 483, 484, 490, 496, 505, 507, 509, 510, 511, 514, 516, 517, 523, 525, 529, 532, 533, 536, 538, 545, 546, 552, 561, 565, 568, 654, 668, 696, 790, 857, 878, 902, 919, 928, 929, 932, 934, 935]","[15, 16, 65, 66, 67, 68, 69, 70, 71, 72, 73, 74, 75, 76, 77, 78, 80, 151, 244, 245, 246, 247, 248, 249, 250, 251, 252, 253, 254, 255, 256, 257, 258, 259, 260, 280, 340, 373, 374, 375, 376, 377, 459, 460, 461, 462, 500, 501, 539, 540, 541, 542, 543, 544, 545, 546, 547, 548, 549, 550, 552, 622, 708, 709, 710, 711, 712, 713, 714, 715, 716, 717, 718, 719, 720, 739, 796, 823, 824, 825, 826, 827, 906, 907, 908, 909]","[15, 16, 65, 66, 67, 68, 69, 70, 71, 72, 73, 74, 75, 76, 80, 151, 245, 246, 247, 248, 249, 250, 251, 252, 253, 254, 255, 256, 257, 258, 259, 280, 340, 373, 374, 375, 376, 377, 459, 460, 461, 462, 500, 501, 539, 540, 541, 542, 543, 544, 545, 546, 547, 548, 549, 550, 552, 622, 708, 709, 710, 711, 712, 713, 714, 715, 716, 717, 718, 719, 720, 739, 796, 823, 824, 825, 826, 827, 906, 907, 908, 909]",7/6 successful match,True,[418],True,561,False,,1.0,True,Pilot Exit Travel 133 Center A # 180 pilot,Pilot
"Bellemont , 86015 Bellemont Travel Center ( Conoco )",928-774-2762 I-40 Exit 185,FRS HRS XL,Bellemont,86015,Bellemont Travel Center ( Conoco ),928-774-2762,2006,Bellemont,AZ,Conoco,,I-40 Exit 185,Exit,185,False,,False,I-40,,,,,[],"[70, 545]","[70, 545]","[70, 545]","[0, 1, 2, 3, 4, 5, 6, 7, 8, 9, 10, 11, 12, 13, 14, 15, 16, 17, 18, 19, 20, 21, 22, 23, 24, 25, 26, 27, 28, 29, 30, 31, 32, 33, 34, 35, 36, 37, 38, 39, 40, 41, 42, 43, 44, 45, 46, 47, 48, 49, 50, 51, 52, 53, 54, 55, 56, 57, 58, 59, 60, 61, 62, 63, 64, 65, 66, 67, 68, 69, 70, 71, 72, 73, 74, 75, 76, 77, 78, 79, 80, 81, 82, 83, 84, 85, 86, 87, 88, 89, 90, 91, 92, 93, 94, 95, 96, 97, 98, 99, 100, 101, 102, 485, 486, 487, 488, 489, 490, 491, 492, 493, 494, 495, 496, 497, 498, 499, 500, 501, 502, 503, 504, 505, 506, 507, 508, 509, 510, 511, 512, 513, 514, 515, 516, 517, 518, 519, 520, 521, 522, 523, 524, 525, 526, 527, 528, 529, 530, 531, 532, 533, 534, 535, 536, 537, 538, 539, 540, 541, 542, 543, 544, 545, 546, 547, 548, 549, 550, 551, 552, 553, 554, 555, 556, 557, 558, 559, 560, 561, 562, 563, 564, 565, 566, 567, 568, 569, 570, 571, 572, 573]","[4, 11, 18, 21, 23, 26, 27, 28, 31, 35, 36, 43, 45, 52, 55, 56, 60, 62, 64, 70, 71, 80, 90, 94, 97, 183, 197, 232, 334, 426, 455, 472, 477, 478, 480, 483, 484, 490, 496, 505, 507, 509, 510, 511, 514, 516, 517, 523, 525, 529, 532, 533, 536, 538, 545, 546, 552, 561, 565, 568, 654, 668, 696, 790, 857, 878, 902, 919, 928, 929, 932, 934, 935]","[3, 27, 349, 406, 451, 489, 510, 804, 855, 898]","[3, 27, 349, 406, 451, 489, 510, 804, 855, 898]","[0, 1, 2, 3, 4, 5, 6, 7, 8, 9, 10, 11, 12, 13, 14, 15, 16, 17, 18, 19, 20, 21, 22, 23, 24, 25, 26, 27, 28, 29, 30, 31, 32, 545, 33, 34, 35, 36, 37, 38, 39, 40, 41, 42, 43, 44, 45, 46, 47, 48, 49, 50, 51, 52, 53, 54, 55, 56, 57, 58, 59, 60, 61, 62, 63, 64, 65, 66, 67, 68, 70, 69, 71, 72, 73, 74, 75, 76, 77, 78, 79, 80, 81, 82, 83, 84, 85, 86, 87, 88, 89, 90, 91, 92, 93, 94, 95, 96, 97, 98, 99, 100, 101, 102, 528, 529, 530, 513, 531, 532, 533, 534, 535, 514, 536, 537, 654, 538, 539, 668, 540, 515, 541, 542, 543, 544, 183, 696, 516, 546, 547, 197, 548, 549, 550, 517, 551, 552, 553, 554, 232, 555, 518, 556, 557, 558, 559, 560, 519, 561, 562, 563, 564, 790, 565, 520, 566, 804, 567, 568, 569, 570, 521, 571, 572, 573, 334, 522, 855, 857, 349, 523, 878, 524, 898, 902, 406, 919, 525, 928, 929, 932, 934, 935, 426, 512, 526, 451, 455, 527, 472, 477, 478, 480, 483, 484, 485, 486, 487, 488, 489, 490, 491, 492, 493, 494, 495, 496, 497, 498, 499, 500, 501, 502, 503, 504, 505, 506, 507, 508, 509, 510, 511]",False,"[70, 545]","[0, 1, 2, 3, 4, 5, 6, 7, 8, 9, 10, 11, 12, 13, 14, 15, 16, 17, 18, 19, 20, 21, 22, 23, 24, 25, 26, 27, 28, 29, 30, 31, 32, 33, 34, 35, 36, 37, 38, 39, 40, 41, 42, 43, 44, 45, 46, 47, 48, 49, 50, 51, 52, 53, 54, 55, 56, 57, 58, 59, 60, 61, 62, 63, 64, 65, 66, 67, 68, 69, 70, 71, 72, 73, 74, 75, 76, 77, 78, 79, 80, 81, 82, 83, 84, 85, 86, 87, 88, 89, 90, 91, 92, 93, 94, 95, 96, 97, 98, 99, 100, 101, 102, 485, 486, 487, 488, 489, 490, 491, 492, 493, 494, 495, 496, 497, 498, 499, 500, 501, 502, 503, 504, 505, 506, 507, 508, 509, 510, 511, 512, 513, 514, 515, 516, 517, 518, 519, 520, 521, 522, 523, 524, 525, 526, 527, 528, 529, 530, 531, 532, 533, 534, 535, 536, 537, 538, 539, 540, 541, 542, 543, 544, 545, 546, 547, 548, 549, 550, 551, 552, 553, 554, 555, 556, 557, 558, 559, 560, 561, 562, 563, 564, 565, 566, 567, 568, 569, 570, 571, 572, 573]","[70, 545]","[70, 545]","[4, 11, 18, 21, 23, 26, 27, 28, 31, 35, 36, 43, 45, 52, 55, 56, 60, 62, 64, 70, 71, 80, 90, 94, 97, 183, 197, 232, 334, 426, 455, 472, 477, 478, 480, 483, 484, 490, 496, 505, 507, 509, 510, 511, 514, 516, 517, 523, 525, 529, 532, 533, 536, 538, 545, 546, 552, 561, 565, 568, 654, 668, 696, 790, 857, 878, 902, 919, 928, 929, 932, 934, 935]","[3, 27, 349, 406, 451, 489, 510, 804, 855, 898]","[3, 27, 349, 406, 451, 489, 510, 804, 855, 898]",5/6 successful match,False,,False,562,False,,,,,
"Munds Park , 86017 Woody's MO",928-286-1310 I-17 Exit 322 ( Mormon Lake Rd ),<U+2610>,Munds Park,86017,Woody's MO,928-286-1310,2006,Munds Park,AZ,,( Mormon Lake Rd ),I-17 Exit 322 ,Exit,322,False,,False,I-17,,,,,[],[],"[289, 748]",[],"[0, 1, 2, 3, 4, 5, 6, 7, 8, 9, 10, 11, 12, 13, 14, 15, 16, 17, 18, 19, 20, 21, 22, 23, 24, 25, 26, 27, 28, 29, 30, 31, 32, 33, 34, 35, 36, 37, 38, 39, 40, 41, 42, 43, 44, 45, 46, 47, 48, 49, 50, 51, 52, 53, 54, 55, 56, 57, 58, 59, 60, 61, 62, 63, 64, 65, 66, 67, 68, 69, 70, 71, 72, 73, 74, 75, 76, 77, 78, 79, 80, 81, 82, 83, 84, 85, 86, 87, 88, 89, 90, 91, 92, 93, 94, 95, 96, 97, 98, 99, 100, 101, 102, 485, 486, 487, 488, 489, 490, 491, 492, 493, 494, 495, 496, 497, 498, 499, 500, 501, 502, 503, 504, 505, 506, 507, 508, 509, 510, 511, 512, 513, 514, 515, 516, 517, 518, 519, 520, 521, 522, 523, 524, 525, 526, 527, 528, 529, 530, 531, 532, 533, 534, 535, 536, 537, 538, 539, 540, 541, 542, 543, 544, 545, 546, 547, 548, 549, 550, 551, 552, 553, 554, 555, 556, 557, 558, 559, 560, 561, 562, 563, 564, 565, 566, 567, 568, 569, 570, 571, 572, 573]","[1, 13, 47, 53, 66, 212, 398, 487, 498, 527, 541, 682, 903]",[],[],"[0, 1, 2, 3, 4, 5, 6, 7, 8, 9, 10, 11, 12, 13, 14, 15, 16, 17, 18, 19, 20, 21, 22, 23, 24, 25, 26, 27, 28, 29, 30, 31, 32, 33, 34, 35, 36, 37, 38, 39, 40, 41, 42, 43, 44, 45, 46, 47, 48, 49, 50, 51, 52, 53, 54, 55, 56, 57, 58, 59, 60, 61, 62, 63, 64, 65, 66, 67, 68, 69, 70, 71, 72, 73, 74, 75, 76, 77, 78, 79, 80, 81, 82, 83, 84, 85, 86, 87, 88, 89, 90, 91, 92, 93, 94, 95, 96, 97, 98, 99, 100, 101, 102, 528, 529, 530, 513, 531, 532, 533, 534, 535, 514, 536, 537, 538, 539, 540, 515, 541, 542, 682, 543, 544, 545, 516, 546, 547, 548, 549, 550, 517, 212, 551, 552, 553, 554, 555, 748, 518, 556, 557, 558, 559, 560, 519, 561, 562, 563, 564, 565, 520, 566, 289, 567, 568, 569, 570, 521, 571, 572, 573, 522, 523, 524, 903, 398, 525, 512, 526, 527, 485, 486, 487, 488, 489, 490, 491, 492, 493, 494, 495, 496, 497, 498, 499, 500, 501, 502, 503, 504, 505, 506, 507, 508, 509, 510, 511]",False,[],"[0, 1, 2, 3, 4, 5, 6, 7, 8, 9, 10, 11, 12, 13, 14, 15, 16, 17, 18, 19, 20, 21, 22, 23, 24, 25, 26, 27, 28, 29, 30, 31, 32, 33, 34, 35, 36, 37, 38, 39, 40, 41, 42, 43, 44, 45, 46, 47, 48, 49, 50, 51, 52, 53, 54, 55, 56, 57, 58, 59, 60, 61, 62, 63, 64, 65, 66, 67, 68, 69, 70, 71, 72, 73, 74, 75, 76, 77, 78, 79, 80, 81, 82, 83, 84, 85, 86, 87, 88, 89, 90, 91, 92, 93, 94, 95, 96, 97, 98, 99, 100, 101, 102, 485, 486, 487, 488, 489, 490, 491, 492, 493, 494, 495, 496, 497, 498, 499, 500, 501, 502, 503, 504, 505, 506, 507, 508, 509, 510, 511, 512, 513, 514, 515, 516, 517, 518, 519, 520, 521, 522, 523, 524, 525, 526, 527, 528, 529, 530, 531, 532, 533, 534, 535, 536, 537, 538, 539, 540, 541, 542, 543, 544, 545, 546, 547, 548, 549, 550, 551, 552, 553, 554, 555, 556, 557, 558, 559, 560, 561, 562, 563, 564, 565, 566, 567, 568, 569, 570, 571, 572, 573]","[289, 748]",[],"[1, 13, 47, 53, 66, 212, 398, 487, 498, 527, 541, 682, 903]",[],[],2/6 successful match,False,[476],True,563,False,,,,,
"E Munds Park , 86017 Woody's",928-286-1310 I-17 Exit 322 ( Mormon Lake Rd ),D,Munds Park,86017,Woody's,928-286-1310,2007,Munds Park,AZ,,( Mormon Lake Rd ),I-17 Exit 322 ,Exit,322,False,,False,I-17,,,,,[],[],"[289, 748]",[],"[0, 1, 2, 3, 4, 5, 6, 7, 8, 9, 10, 11, 12, 13, 14, 15, 16, 17, 18, 19, 20, 21, 22, 23, 24, 25, 26, 27, 28, 29, 30, 31, 32, 33, 34, 35, 36, 37, 38, 39, 40, 41, 42, 43, 44, 45, 46, 47, 48, 49, 50, 51, 52, 53, 54, 55, 56, 57, 58, 59, 60, 61, 62, 63, 64, 65, 66, 67, 68, 69, 70, 71, 72, 73, 74, 75, 76, 77, 78, 79, 80, 81, 82, 83, 84, 85, 86, 87, 88, 89, 90, 91, 92, 93, 94, 95, 96, 97, 98, 99, 100, 101, 102, 485, 486, 487, 488, 489, 490, 491, 492, 493, 494, 495, 496, 497, 498, 499, 500, 501, 502, 503, 504, 505, 506, 507, 508, 509, 510, 511, 512, 513, 514, 515, 516, 517, 518, 519, 520, 521, 522, 523, 524, 525, 526, 527, 528, 529, 530, 531, 532, 533, 534, 535, 536, 537, 538, 539, 540, 541, 542, 543, 544, 545, 546, 547, 548, 549, 550, 551, 552, 553, 554, 555, 556, 557, 558, 559, 560, 561, 562, 563, 564, 565, 566, 567, 568, 569, 570, 571, 572, 573]","[1, 13, 47, 53, 66, 212, 398, 487, 498, 527, 541, 682, 903]",[],[],"[0, 1, 2, 3, 4, 5, 6, 7, 8, 9, 10, 11, 12, 13, 14, 15, 16, 17, 18, 19, 20, 21, 22, 23, 24, 25, 26, 27, 28, 29, 30, 31, 32, 33, 34, 35, 36, 37, 38, 39, 40, 41, 42, 43, 44, 45, 46, 47, 48, 49, 50, 51, 52, 53, 54, 55, 56, 57, 58, 59, 60, 61, 62, 63, 64, 65, 66, 67, 68, 69, 70, 71, 72, 73, 74, 75, 76, 77, 78, 79, 80, 81, 82, 83, 84, 85, 86, 87, 88, 89, 90, 91, 92, 93, 94, 95, 96, 97, 98, 99, 100, 101, 102, 528, 529, 530, 513, 531, 532, 533, 534, 535, 514, 536, 537, 538, 539, 540, 515, 541, 542, 682, 543, 544, 545, 516, 546, 547, 548, 549, 550, 517, 212, 551, 552, 553, 554, 555, 748, 518, 556, 557, 558, 559, 560, 519, 561, 562, 563, 564, 565, 520, 566, 289, 567, 568, 569, 570, 521, 571, 572, 573, 522, 523, 524, 903, 398, 525, 512, 526, 527, 485, 486, 487, 488, 489, 490, 491, 492, 493, 494, 495, 496, 497, 498, 499, 500, 501, 502, 503, 504, 505, 506, 507, 508, 509, 510, 511]",False,[],"[0, 1, 2, 3, 4, 5, 6, 7, 8, 9, 10, 11, 12, 13, 14, 15, 16, 17, 18, 19, 20, 21, 22, 23, 24, 25, 26, 27, 28, 29, 30, 31, 32, 33, 34, 35, 36, 37, 38, 39, 40, 41, 42, 43, 44, 45, 46, 47, 48, 49, 50, 51, 52, 53, 54, 55, 56, 57, 58, 59, 60, 61, 62, 63, 64, 65, 66, 67, 68, 69, 70, 71, 72, 73, 74, 75, 76, 77, 78, 79, 80, 81, 82, 83, 84, 85, 86, 87, 88, 89, 90, 91, 92, 93, 94, 95, 96, 97, 98, 99, 100, 101, 102, 485, 486, 487, 488, 489, 490, 491, 492, 493, 494, 495, 496, 497, 498, 499, 500, 501, 502, 503, 504, 505, 506, 507, 508, 509, 510, 511, 512, 513, 514, 515, 516, 517, 518, 519, 520, 521, 522, 523, 524, 525, 526, 527, 528, 529, 530, 531, 532, 533, 534, 535, 536, 537, 538, 539, 540, 541, 542, 543, 544, 545, 546, 547, 548, 549, 550, 551, 552, 553, 554, 555, 556, 557, 558, 559, 560, 561, 562, 563, 564, 565, 566, 567, 568, 569, 570, 571, 572, 573]","[289, 748]",[],"[1, 13, 47, 53, 66, 212, 398, 487, 498, 527, 541, 682, 903]",[],[],2/6 successful match,False,[476],True,563,False,,0.8470588235294119,True,Woody's MO,
"Munds Park , 86017 Woody's",4 928-286-1310 I-17 Exit 322 ( Mormon Lake Rd ),<U+2610> <U+2610>,Munds Park,86017,Woody's,928-286-1310,2008,Munds Park,AZ,,( Mormon Lake Rd ),I-17 Exit 322 ,Exit,322,False,,False,I-17,,,,,[],[],"[289, 748]",[],"[0, 1, 2, 3, 4, 5, 6, 7, 8, 9, 10, 11, 12, 13, 14, 15, 16, 17, 18, 19, 20, 21, 22, 23, 24, 25, 26, 27, 28, 29, 30, 31, 32, 33, 34, 35, 36, 37, 38, 39, 40, 41, 42, 43, 44, 45, 46, 47, 48, 49, 50, 51, 52, 53, 54, 55, 56, 57, 58, 59, 60, 61, 62, 63, 64, 65, 66, 67, 68, 69, 70, 71, 72, 73, 74, 75, 76, 77, 78, 79, 80, 81, 82, 83, 84, 85, 86, 87, 88, 89, 90, 91, 92, 93, 94, 95, 96, 97, 98, 99, 100, 101, 102, 485, 486, 487, 488, 489, 490, 491, 492, 493, 494, 495, 496, 497, 498, 499, 500, 501, 502, 503, 504, 505, 506, 507, 508, 509, 510, 511, 512, 513, 514, 515, 516, 517, 518, 519, 520, 521, 522, 523, 524, 525, 526, 527, 528, 529, 530, 531, 532, 533, 534, 535, 536, 537, 538, 539, 540, 541, 542, 543, 544, 545, 546, 547, 548, 549, 550, 551, 552, 553, 554, 555, 556, 557, 558, 559, 560, 561, 562, 563, 564, 565, 566, 567, 568, 569, 570, 571, 572, 573]","[1, 13, 47, 53, 66, 212, 398, 487, 498, 527, 541, 682, 903]",[],[],"[0, 1, 2, 3, 4, 5, 6, 7, 8, 9, 10, 11, 12, 13, 14, 15, 16, 17, 18, 19, 20, 21, 22, 23, 24, 25, 26, 27, 28, 29, 30, 31, 32, 33, 34, 35, 36, 37, 38, 39, 40, 41, 42, 43, 44, 45, 46, 47, 48, 49, 50, 51, 52, 53, 54, 55, 56, 57, 58, 59, 60, 61, 62, 63, 64, 65, 66, 67, 68, 69, 70, 71, 72, 73, 74, 75, 76, 77, 78, 79, 80, 81, 82, 83, 84, 85, 86, 87, 88, 89, 90, 91, 92, 93, 94, 95, 96, 97, 98, 99, 100, 101, 102, 528, 529, 530, 513, 531, 532, 533, 534, 535, 514, 536, 537, 538, 539, 540, 515, 541, 542, 682, 543, 544, 545, 516, 546, 547, 548, 549, 550, 517, 212, 551, 552, 553, 554, 555, 748, 518, 556, 557, 558, 559, 560, 519, 561, 562, 563, 564, 565, 520, 566, 289, 567, 568, 569, 570, 521, 571, 572, 573, 522, 523, 524, 903, 398, 525, 512, 526, 527, 485, 486, 487, 488, 489, 490, 491, 492, 493, 494, 495, 496, 497, 498, 499, 500, 501, 502, 503, 504, 505, 506, 507, 508, 509, 510, 511]",False,[],"[0, 1, 2, 3, 4, 5, 6, 7, 8, 9, 10, 11, 12, 13, 14, 15, 16, 17, 18, 19, 20, 21, 22, 23, 24, 25, 26, 27, 28, 29, 30, 31, 32, 33, 34, 35, 36, 37, 38, 39, 40, 41, 42, 43, 44, 45, 46, 47, 48, 49, 50, 51, 52, 53, 54, 55, 56, 57, 58, 59, 60, 61, 62, 63, 64, 65, 66, 67, 68, 69, 70, 71, 72, 73, 74, 75, 76, 77, 78, 79, 80, 81, 82, 83, 84, 85, 86, 87, 88, 89, 90, 91, 92, 93, 94, 95, 96, 97, 98, 99, 100, 101, 102, 485, 486, 487, 488, 489, 490, 491, 492, 493, 494, 495, 496, 497, 498, 499, 500, 501, 502, 503, 504, 505, 506, 507, 508, 509, 510, 511, 512, 513, 514, 515, 516, 517, 518, 519, 520, 521, 522, 523, 524, 525, 526, 527, 528, 529, 530, 531, 532, 533, 534, 535, 536, 537, 538, 539, 540, 541, 542, 543, 544, 545, 546, 547, 548, 549, 550, 551, 552, 553, 554, 555, 556, 557, 558, 559, 560, 561, 562, 563, 564, 565, 566, 567, 568, 569, 570, 571, 572, 573]","[289, 748]",[],"[1, 13, 47, 53, 66, 212, 398, 487, 498, 527, 541, 682, 903]",[],[],2/6 successful match,False,[476],True,563,False,,0.8999999999999999,True,Woody's,
Holbrook ( 86025 ) Bradco Cardlock ( Pac Pride ),6 928-524-3976 12th Ave ( 1 blk S of US 180 ),<U+2610> <U+25A1> 0,Holbrook,86025,Bradco Cardlock ( Pac Pride ),928-524-3976,2014,Holbrook,AZ,,( 1 blk S of US 180 ),12th Ave,empty,,False,,False,12th Ave,,,,,[],"[27, 52, 97, 510, 529, 568]","[27, 52, 97, 510, 529, 568]",[],"[0, 1, 2, 3, 4, 5, 6, 7, 8, 9, 10, 11, 12, 13, 14, 15, 16, 17, 18, 19, 20, 21, 22, 23, 24, 25, 26, 27, 28, 29, 30, 31, 32, 33, 34, 35, 36, 37, 38, 39, 40, 41, 42, 43, 44, 45, 46, 47, 48, 49, 50, 51, 52, 53, 54, 55, 56, 57, 58, 59, 60, 61, 62, 63, 64, 65, 66, 67, 68, 69, 70, 71, 72, 73, 74, 75, 76, 77, 78, 79, 80, 81, 82, 83, 84, 85, 86, 87, 88, 89, 90, 91, 92, 93, 94, 95, 96, 97, 98, 99, 100, 101, 102, 485, 486, 487, 488, 489, 490, 491, 492, 493, 494, 495, 496, 497, 498, 499, 500, 501, 502, 503, 504, 505, 506, 507, 508, 509, 510, 511, 512, 513, 514, 515, 516, 517, 518, 519, 520, 521, 522, 523, 524, 525, 526, 527, 528, 529, 530, 531, 532, 533, 534, 535, 536, 537, 538, 539, 540, 541, 542, 543, 544, 545, 546, 547, 548, 549, 550, 551, 552, 553, 554, 555, 556, 557, 558, 559, 560, 561, 562, 563, 564, 565, 566, 567, 568, 569, 570, 571, 572, 573]","[151, 256, 460, 622, 718, 907]",[],"[79, 80, 81, 82, 551, 552, 553]","[0, 1, 2, 3, 4, 5, 6, 7, 8, 9, 10, 11, 12, 13, 14, 15, 16, 529, 17, 18, 19, 20, 21, 22, 23, 24, 25, 27, 26, 28, 29, 30, 31, 32, 33, 34, 35, 36, 37, 38, 39, 40, 41, 42, 43, 44, 45, 46, 47, 48, 49, 50, 52, 51, 53, 54, 568, 55, 56, 57, 58, 59, 60, 61, 62, 63, 64, 65, 66, 67, 68, 69, 70, 71, 72, 73, 74, 75, 76, 77, 78, 79, 80, 81, 82, 83, 84, 85, 86, 87, 88, 89, 90, 91, 92, 93, 94, 97, 95, 96, 98, 99, 100, 101, 102, 528, 530, 622, 513, 531, 532, 533, 534, 535, 514, 536, 537, 538, 151, 539, 540, 515, 541, 542, 543, 544, 545, 516, 546, 547, 548, 549, 718, 550, 517, 551, 552, 553, 554, 555, 518, 556, 557, 558, 559, 256, 560, 519, 561, 562, 563, 564, 565, 520, 566, 567, 569, 570, 521, 571, 572, 573, 522, 523, 524, 907, 525, 512, 526, 460, 527, 485, 486, 487, 488, 489, 490, 491, 492, 493, 494, 495, 496, 497, 498, 499, 500, 501, 502, 503, 504, 505, 506, 507, 508, 509, 510, 511]",False,"[27, 52, 97, 510, 529, 568]","[0, 1, 2, 3, 4, 5, 6, 7, 8, 9, 10, 11, 12, 13, 14, 15, 16, 17, 18, 19, 20, 21, 22, 23, 24, 25, 26, 27, 28, 29, 30, 31, 32, 33, 34, 35, 36, 37, 38, 39, 40, 41, 42, 43, 44, 45, 46, 47, 48, 49, 50, 51, 52, 53, 54, 55, 56, 57, 58, 59, 60, 61, 62, 63, 64, 65, 66, 67, 68, 69, 70, 71, 72, 73, 74, 75, 76, 77, 78, 79, 80, 81, 82, 83, 84, 85, 86, 87, 88, 89, 90, 91, 92, 93, 94, 95, 96, 97, 98, 99, 100, 101, 102, 485, 486, 487, 488, 489, 490, 491, 492, 493, 494, 495, 496, 497, 498, 499, 500, 501, 502, 503, 504, 505, 506, 507, 508, 509, 510, 511, 512, 513, 514, 515, 516, 517, 518, 519, 520, 521, 522, 523, 524, 525, 526, 527, 528, 529, 530, 531, 532, 533, 534, 535, 536, 537, 538, 539, 540, 541, 542, 543, 544, 545, 546, 547, 548, 549, 550, 551, 552, 553, 554, 555, 556, 557, 558, 559, 560, 561, 562, 563, 564, 565, 566, 567, 568, 569, 570, 571, 572, 573]","[27, 52, 97, 510, 529, 568]",[],"[151, 256, 460, 622, 718, 907]","[79, 80, 81, 82, 551, 552, 553]",[],4/6 successful match,False,,False,563,True,2014,0.027777777777777776,True,Woody's,
Holbrook ( 86025 ) Bradco Cardlock ( Pac Pride ),6 928-524-3976 12th Ave ( 1 blk S of US 180 ),""" <U+2610> D",Holbrook,86025,Bradco Cardlock ( Pac Pride ),928-524-3976,2015,Holbrook,AZ,,( 1 blk S of US 180 ),12th Ave,empty,,False,,False,12th Ave,,,,,[],"[27, 52, 97, 510, 529, 568]","[27, 52, 97, 510, 529, 568]",[],"[0, 1, 2, 3, 4, 5, 6, 7, 8, 9, 10, 11, 12, 13, 14, 15, 16, 17, 18, 19, 20, 21, 22, 23, 24, 25, 26, 27, 28, 29, 30, 31, 32, 33, 34, 35, 36, 37, 38, 39, 40, 41, 42, 43, 44, 45, 46, 47, 48, 49, 50, 51, 52, 53, 54, 55, 56, 57, 58, 59, 60, 61, 62, 63, 64, 65, 66, 67, 68, 69, 70, 71, 72, 73, 74, 75, 76, 77, 78, 79, 80, 81, 82, 83, 84, 85, 86, 87, 88, 89, 90, 91, 92, 93, 94, 95, 96, 97, 98, 99, 100, 101, 102, 485, 486, 487, 488, 489, 490, 491, 492, 493, 494, 495, 496, 497, 498, 499, 500, 501, 502, 503, 504, 505, 506, 507, 508, 509, 510, 511, 512, 513, 514, 515, 516, 517, 518, 519, 520, 521, 522, 523, 524, 525, 526, 527, 528, 529, 530, 531, 532, 533, 534, 535, 536, 537, 538, 539, 540, 541, 542, 543, 544, 545, 546, 547, 548, 549, 550, 551, 552, 553, 554, 555, 556, 557, 558, 559, 560, 561, 562, 563, 564, 565, 566, 567, 568, 569, 570, 571, 572, 573]","[151, 256, 460, 622, 718, 907]",[],"[79, 80, 81, 82, 551, 552, 553]","[0, 1, 2, 3, 4, 5, 6, 7, 8, 9, 10, 11, 12, 13, 14, 15, 16, 529, 17, 18, 19, 20, 21, 22, 23, 24, 25, 27, 26, 28, 29, 30, 31, 32, 33, 34, 35, 36, 37, 38, 39, 40, 41, 42, 43, 44, 45, 46, 47, 48, 49, 50, 52, 51, 53, 54, 568, 55, 56, 57, 58, 59, 60, 61, 62, 63, 64, 65, 66, 67, 68, 69, 70, 71, 72, 73, 74, 75, 76, 77, 78, 79, 80, 81, 82, 83, 84, 85, 86, 87, 88, 89, 90, 91, 92, 93, 94, 97, 95, 96, 98, 99, 100, 101, 102, 528, 530, 622, 513, 531, 532, 533, 534, 535, 514, 536, 537, 538, 151, 539, 540, 515, 541, 542, 543, 544, 545, 516, 546, 547, 548, 549, 718, 550, 517, 551, 552, 553, 554, 555, 518, 556, 557, 558, 559, 256, 560, 519, 561, 562, 563, 564, 565, 520, 566, 567, 569, 570, 521, 571, 572, 573, 522, 523, 524, 907, 525, 512, 526, 460, 527, 485, 486, 487, 488, 489, 490, 491, 492, 493, 494, 495, 496, 497, 498, 499, 500, 501, 502, 503, 504, 505, 506, 507, 508, 509, 510, 511]",False,"[27, 52, 97, 510, 529, 568]","[0, 1, 2, 3, 4, 5, 6, 7, 8, 9, 10, 11, 12, 13, 14, 15, 16, 17, 18, 19, 20, 21, 22, 23, 24, 25, 26, 27, 28, 29, 30, 31, 32, 33, 34, 35, 36, 37, 38, 39, 40, 41, 42, 43, 44, 45, 46, 47, 48, 49, 50, 51, 52, 53, 54, 55, 56, 57, 58, 59, 60, 61, 62, 63, 64, 65, 66, 67, 68, 69, 70, 71, 72, 73, 74, 75, 76, 77, 78, 79, 80, 81, 82, 83, 84, 85, 86, 87, 88, 89, 90, 91, 92, 93, 94, 95, 96, 97, 98, 99, 100, 101, 102, 485, 486, 487, 488, 489, 490, 491, 492, 493, 494, 495, 496, 497, 498, 499, 500, 501, 502, 503, 504, 505, 506, 507, 508, 509, 510, 511, 512, 513, 514, 515, 516, 517, 518, 519, 520, 521, 522, 523, 524, 525, 526, 527, 528, 529, 530, 531, 532, 533, 534, 535, 536, 537, 538, 539, 540, 541, 542, 543, 544, 545, 546, 547, 548, 549, 550, 551, 552, 553, 554, 555, 556, 557, 558, 559, 560, 561, 562, 563, 564, 565, 566, 567, 568, 569, 570, 571, 572, 573]","[27, 52, 97, 510, 529, 568]",[],"[151, 256, 460, 622, 718, 907]","[79, 80, 81, 82, 551, 552, 553]",[],4/6 successful match,False,,False,563,False,,1.0,True,Bradco Cardlock ( Pac Pride ),
D Holbrook ( 86025 ) Bradco Cardlock ( Pac Pride ),928-524-3976 12th Ave ( 1 blk S of US 180 ),<U+2610> <U+25A1> 0,Holbrook,86025,Bradco Cardlock ( Pac Pride ),928-524-3976,2016,Holbrook,AZ,,( 1 blk S of US 180 ),12th Ave,empty,,False,,False,12th Ave,,,,,[],"[27, 52, 97, 510, 529, 568]","[27, 52, 97, 510, 529, 568]",[],"[0, 1, 2, 3, 4, 5, 6, 7, 8, 9, 10, 11, 12, 13, 14, 15, 16, 17, 18, 19, 20, 21, 22, 23, 24, 25, 26, 27, 28, 29, 30, 31, 32, 33, 34, 35, 36, 37, 38, 39, 40, 41, 42, 43, 44, 45, 46, 47, 48, 49, 50, 51, 52, 53, 54, 55, 56, 57, 58, 59, 60, 61, 62, 63, 64, 65, 66, 67, 68, 69, 70, 71, 72, 73, 74, 75, 76, 77, 78, 79, 80, 81, 82, 83, 84, 85, 86, 87, 88, 89, 90, 91, 92, 93, 94, 95, 96, 97, 98, 99, 100, 101, 102, 485, 486, 487, 488, 489, 490, 491, 492, 493, 494, 495, 496, 497, 498, 499, 500, 501, 502, 503, 504, 505, 506, 507, 508, 509, 510, 511, 512, 513, 514, 515, 516, 517, 518, 519, 520, 521, 522, 523, 524, 525, 526, 527, 528, 529, 530, 531, 532, 533, 534, 535, 536, 537, 538, 539, 540, 541, 542, 543, 544, 545, 546, 547, 548, 549, 550, 551, 552, 553, 554, 555, 556, 557, 558, 559, 560, 561, 562, 563, 564, 565, 566, 567, 568, 569, 570, 571, 572, 573]","[151, 256, 460, 622, 718, 907]",[],"[79, 80, 81, 82, 551, 552, 553]","[0, 1, 2, 3, 4, 5, 6, 7, 8, 9, 10, 11, 12, 13, 14, 15, 16, 529, 17, 18, 19, 20, 21, 22, 23, 24, 25, 27, 26, 28, 29, 30, 31, 32, 33, 34, 35, 36, 37, 38, 39, 40, 41, 42, 43, 44, 45, 46, 47, 48, 49, 50, 52, 51, 53, 54, 568, 55, 56, 57, 58, 59, 60, 61, 62, 63, 64, 65, 66, 67, 68, 69, 70, 71, 72, 73, 74, 75, 76, 77, 78, 79, 80, 81, 82, 83, 84, 85, 86, 87, 88, 89, 90, 91, 92, 93, 94, 97, 95, 96, 98, 99, 100, 101, 102, 528, 530, 622, 513, 531, 532, 533, 534, 535, 514, 536, 537, 538, 151, 539, 540, 515, 541, 542, 543, 544, 545, 516, 546, 547, 548, 549, 718, 550, 517, 551, 552, 553, 554, 555, 518, 556, 557, 558, 559, 256, 560, 519, 561, 562, 563, 564, 565, 520, 566, 567, 569, 570, 521, 571, 572, 573, 522, 523, 524, 907, 525, 512, 526, 460, 527, 485, 486, 487, 488, 489, 490, 491, 492, 493, 494, 495, 496, 497, 498, 499, 500, 501, 502, 503, 504, 505, 506, 507, 508, 509, 510, 511]",False,"[27, 52, 97, 510, 529, 568]","[0, 1, 2, 3, 4, 5, 6, 7, 8, 9, 10, 11, 12, 13, 14, 15, 16, 17, 18, 19, 20, 21, 22, 23, 24, 25, 26, 27, 28, 29, 30, 31, 32, 33, 34, 35, 36, 37, 38, 39, 40, 41, 42, 43, 44, 45, 46, 47, 48, 49, 50, 51, 52, 53, 54, 55, 56, 57, 58, 59, 60, 61, 62, 63, 64, 65, 66, 67, 68, 69, 70, 71, 72, 73, 74, 75, 76, 77, 78, 79, 80, 81, 82, 83, 84, 85, 86, 87, 88, 89, 90, 91, 92, 93, 94, 95, 96, 97, 98, 99, 100, 101, 102, 485, 486, 487, 488, 489, 490, 491, 492, 493, 494, 495, 496, 497, 498, 499, 500, 501, 502, 503, 504, 505, 506, 507, 508, 509, 510, 511, 512, 513, 514, 515, 516, 517, 518, 519, 520, 521, 522, 523, 524, 525, 526, 527, 528, 529, 530, 531, 532, 533, 534, 535, 536, 537, 538, 539, 540, 541, 542, 543, 544, 545, 546, 547, 548, 549, 550, 551, 552, 553, 554, 555, 556, 557, 558, 559, 560, 561, 562, 563, 564, 565, 566, 567, 568, 569, 570, 571, 572, 573]","[27, 52, 97, 510, 529, 568]",[],"[151, 256, 460, 622, 718, 907]","[79, 80, 81, 82, 551, 552, 553]",[],4/6 successful match,False,,False,563,False,,1.0,True,Bradco Cardlock ( Pac Pride ),
B Kayenta ( 86033 ) 7 - Eleven,6 928-697-3766 US 160 & US 163 ( SE Corner ),<U+25A1> S,Kayenta,86033,7 - Eleven,928-697-3766,2015,Kayenta,AZ,Eleven,( SE Corner ),US 160 & US 163,empty,,False,,False,US 160,US 163,,,,[],[],[],[],"[0, 1, 2, 3, 4, 5, 6, 7, 8, 9, 10, 11, 12, 13, 14, 15, 16, 17, 18, 19, 20, 21, 22, 23, 24, 25, 26, 27, 28, 29, 30, 31, 32, 33, 34, 35, 36, 37, 38, 39, 40, 41, 42, 43, 44, 45, 46, 47, 48, 49, 50, 51, 52, 53, 54, 55, 56, 57, 58, 59, 60, 61, 62, 63, 64, 65, 66, 67, 68, 69, 70, 71, 72, 73, 74, 75, 76, 77, 78, 79, 80, 81, 82, 83, 84, 85, 86, 87, 88, 89, 90, 91, 92, 93, 94, 95, 96, 97, 98, 99, 100, 101, 102, 485, 486, 487, 488, 489, 490, 491, 492, 493, 494, 495, 496, 497, 498, 499, 500, 501, 502, 503, 504, 505, 506, 507, 508, 509, 510, 511, 512, 513, 514, 515, 516, 517, 518, 519, 520, 521, 522, 523, 524, 525, 526, 527, 528, 529, 530, 531, 532, 533, 534, 535, 536, 537, 538, 539, 540, 541, 542, 543, 544, 545, 546, 547, 548, 549, 550, 551, 552, 553, 554, 555, 556, 557, 558, 559, 560, 561, 562, 563, 564, 565, 566, 567, 568, 569, 570, 571, 572, 573]","[349, 804]","[107, 108, 109, 110, 578, 579, 580, 584]","[107, 108, 109, 110, 111, 112, 113, 398, 399, 400, 578, 579, 580, 581, 582, 583, 584, 848, 849]","[0, 1, 2, 3, 4, 5, 6, 7, 8, 9, 10, 11, 12, 13, 14, 15, 16, 17, 18, 19, 20, 21, 22, 23, 24, 25, 26, 27, 28, 29, 30, 31, 32, 33, 34, 35, 36, 37, 38, 39, 40, 41, 42, 43, 44, 45, 46, 47, 48, 49, 50, 51, 52, 53, 54, 55, 56, 57, 58, 59, 60, 61, 62, 63, 64, 65, 66, 67, 68, 69, 70, 71, 72, 73, 74, 75, 76, 77, 78, 79, 80, 81, 82, 83, 84, 85, 86, 87, 88, 89, 90, 91, 92, 93, 94, 95, 96, 97, 98, 99, 100, 101, 102, 528, 529, 530, 107, 108, 109, 513, 531, 110, 111, 112, 113, 532, 533, 534, 535, 514, 536, 537, 538, 539, 540, 515, 541, 542, 543, 544, 545, 516, 546, 547, 548, 549, 550, 517, 551, 552, 553, 554, 555, 518, 556, 557, 558, 559, 560, 519, 561, 562, 563, 564, 565, 520, 566, 804, 567, 568, 569, 570, 521, 571, 572, 573, 522, 848, 849, 349, 578, 579, 580, 523, 581, 582, 583, 584, 524, 398, 399, 400, 525, 512, 526, 527, 485, 486, 487, 488, 489, 490, 491, 492, 493, 494, 495, 496, 497, 498, 499, 500, 501, 502, 503, 504, 505, 506, 507, 508, 509, 510, 511]",False,[],"[0, 1, 2, 3, 4, 5, 6, 7, 8, 9, 10, 11, 12, 13, 14, 15, 16, 17, 18, 19, 20, 21, 22, 23, 24, 25, 26, 27, 28, 29, 30, 31, 32, 33, 34, 35, 36, 37, 38, 39, 40, 41, 42, 43, 44, 45, 46, 47, 48, 49, 50, 51, 52, 53, 54, 55, 56, 57, 58, 59, 60, 61, 62, 63, 64, 65, 66, 67, 68, 69, 70, 71, 72, 73, 74, 75, 76, 77, 78, 79, 80, 81, 82, 83, 84, 85, 86, 87, 88, 89, 90, 91, 92, 93, 94, 95, 96, 97, 98, 99, 100, 101, 102, 485, 486, 487, 488, 489, 490, 491, 492, 493, 494, 495, 496, 497, 498, 499, 500, 501, 502, 503, 504, 505, 506, 507, 508, 509, 510, 511, 512, 513, 514, 515, 516, 517, 518, 519, 520, 521, 522, 523, 524, 525, 526, 527, 528, 529, 530, 531, 532, 533, 534, 535, 536, 537, 538, 539, 540, 541, 542, 543, 544, 545, 546, 547, 548, 549, 550, 551, 552, 553, 554, 555, 556, 557, 558, 559, 560, 561, 562, 563, 564, 565, 566, 567, 568, 569, 570, 571, 572, 573]",[],[],"[349, 804]","[107, 108, 109, 110, 111, 112, 113, 398, 399, 400, 578, 579, 580, 581, 582, 583, 584, 848, 849]","[107, 108, 109, 110, 578, 579, 580, 584]",4/6 successful match,False,,False,564,False,,,,,
B Kayenta ( 86033 ) 7 - Eleven,6 928-697-3766 US 160 & US 163 ( SE Corner ),S,Kayenta,86033,7 - Eleven,928-697-3766,2016,Kayenta,AZ,Eleven,( SE Corner ),US 160 & US 163,empty,,False,,False,US 160,US 163,,,,[],[],[],[],"[0, 1, 2, 3, 4, 5, 6, 7, 8, 9, 10, 11, 12, 13, 14, 15, 16, 17, 18, 19, 20, 21, 22, 23, 24, 25, 26, 27, 28, 29, 30, 31, 32, 33, 34, 35, 36, 37, 38, 39, 40, 41, 42, 43, 44, 45, 46, 47, 48, 49, 50, 51, 52, 53, 54, 55, 56, 57, 58, 59, 60, 61, 62, 63, 64, 65, 66, 67, 68, 69, 70, 71, 72, 73, 74, 75, 76, 77, 78, 79, 80, 81, 82, 83, 84, 85, 86, 87, 88, 89, 90, 91, 92, 93, 94, 95, 96, 97, 98, 99, 100, 101, 102, 485, 486, 487, 488, 489, 490, 491, 492, 493, 494, 495, 496, 497, 498, 499, 500, 501, 502, 503, 504, 505, 506, 507, 508, 509, 510, 511, 512, 513, 514, 515, 516, 517, 518, 519, 520, 521, 522, 523, 524, 525, 526, 527, 528, 529, 530, 531, 532, 533, 534, 535, 536, 537, 538, 539, 540, 541, 542, 543, 544, 545, 546, 547, 548, 549, 550, 551, 552, 553, 554, 555, 556, 557, 558, 559, 560, 561, 562, 563, 564, 565, 566, 567, 568, 569, 570, 571, 572, 573]","[349, 804]","[107, 108, 109, 110, 578, 579, 580, 584]","[107, 108, 109, 110, 111, 112, 113, 398, 399, 400, 578, 579, 580, 581, 582, 583, 584, 848, 849]","[0, 1, 2, 3, 4, 5, 6, 7, 8, 9, 10, 11, 12, 13, 14, 15, 16, 17, 18, 19, 20, 21, 22, 23, 24, 25, 26, 27, 28, 29, 30, 31, 32, 33, 34, 35, 36, 37, 38, 39, 40, 41, 42, 43, 44, 45, 46, 47, 48, 49, 50, 51, 52, 53, 54, 55, 56, 57, 58, 59, 60, 61, 62, 63, 64, 65, 66, 67, 68, 69, 70, 71, 72, 73, 74, 75, 76, 77, 78, 79, 80, 81, 82, 83, 84, 85, 86, 87, 88, 89, 90, 91, 92, 93, 94, 95, 96, 97, 98, 99, 100, 101, 102, 528, 529, 530, 107, 108, 109, 513, 531, 110, 111, 112, 113, 532, 533, 534, 535, 514, 536, 537, 538, 539, 540, 515, 541, 542, 543, 544, 545, 516, 546, 547, 548, 549, 550, 517, 551, 552, 553, 554, 555, 518, 556, 557, 558, 559, 560, 519, 561, 562, 563, 564, 565, 520, 566, 804, 567, 568, 569, 570, 521, 571, 572, 573, 522, 848, 849, 349, 578, 579, 580, 523, 581, 582, 583, 584, 524, 398, 399, 400, 525, 512, 526, 527, 485, 486, 487, 488, 489, 490, 491, 492, 493, 494, 495, 496, 497, 498, 499, 500, 501, 502, 503, 504, 505, 506, 507, 508, 509, 510, 511]",False,[],"[0, 1, 2, 3, 4, 5, 6, 7, 8, 9, 10, 11, 12, 13, 14, 15, 16, 17, 18, 19, 20, 21, 22, 23, 24, 25, 26, 27, 28, 29, 30, 31, 32, 33, 34, 35, 36, 37, 38, 39, 40, 41, 42, 43, 44, 45, 46, 47, 48, 49, 50, 51, 52, 53, 54, 55, 56, 57, 58, 59, 60, 61, 62, 63, 64, 65, 66, 67, 68, 69, 70, 71, 72, 73, 74, 75, 76, 77, 78, 79, 80, 81, 82, 83, 84, 85, 86, 87, 88, 89, 90, 91, 92, 93, 94, 95, 96, 97, 98, 99, 100, 101, 102, 485, 486, 487, 488, 489, 490, 491, 492, 493, 494, 495, 496, 497, 498, 499, 500, 501, 502, 503, 504, 505, 506, 507, 508, 509, 510, 511, 512, 513, 514, 515, 516, 517, 518, 519, 520, 521, 522, 523, 524, 525, 526, 527, 528, 529, 530, 531, 532, 533, 534, 535, 536, 537, 538, 539, 540, 541, 542, 543, 544, 545, 546, 547, 548, 549, 550, 551, 552, 553, 554, 555, 556, 557, 558, 559, 560, 561, 562, 563, 564, 565, 566, 567, 568, 569, 570, 571, 572, 573]",[],[],"[349, 804]","[107, 108, 109, 110, 111, 112, 113, 398, 399, 400, 578, 579, 580, 581, 582, 583, 584, 848, 849]","[107, 108, 109, 110, 578, 579, 580, 584]",4/6 successful match,False,,False,564,False,,0.8999999999999999,True,7 - Eleven,Eleven
"Kayenta , 86033 Speedy's # 508",928-697-8149 US 160 & US 163 ( SE Corner ),,Kayenta,86033,Speedy's # 508,928-697-8149,2006,Kayenta,AZ,,( SE Corner ),US 160 & US 163,empty,,False,,False,US 160,US 163,,,,[],[],[],[],"[0, 1, 2, 3, 4, 5, 6, 7, 8, 9, 10, 11, 12, 13, 14, 15, 16, 17, 18, 19, 20, 21, 22, 23, 24, 25, 26, 27, 28, 29, 30, 31, 32, 33, 34, 35, 36, 37, 38, 39, 40, 41, 42, 43, 44, 45, 46, 47, 48, 49, 50, 51, 52, 53, 54, 55, 56, 57, 58, 59, 60, 61, 62, 63, 64, 65, 66, 67, 68, 69, 70, 71, 72, 73, 74, 75, 76, 77, 78, 79, 80, 81, 82, 83, 84, 85, 86, 87, 88, 89, 90, 91, 92, 93, 94, 95, 96, 97, 98, 99, 100, 101, 102, 485, 486, 487, 488, 489, 490, 491, 492, 493, 494, 495, 496, 497, 498, 499, 500, 501, 502, 503, 504, 505, 506, 507, 508, 509, 510, 511, 512, 513, 514, 515, 516, 517, 518, 519, 520, 521, 522, 523, 524, 525, 526, 527, 528, 529, 530, 531, 532, 533, 534, 535, 536, 537, 538, 539, 540, 541, 542, 543, 544, 545, 546, 547, 548, 549, 550, 551, 552, 553, 554, 555, 556, 557, 558, 559, 560, 561, 562, 563, 564, 565, 566, 567, 568, 569, 570, 571, 572, 573]","[349, 804]",[],"[90, 91, 294, 295, 296, 561, 562, 753, 754, 755]","[0, 1, 2, 3, 4, 5, 6, 7, 8, 9, 10, 11, 12, 13, 14, 15, 16, 17, 18, 19, 20, 21, 22, 23, 24, 25, 26, 27, 28, 29, 30, 31, 32, 33, 34, 35, 36, 37, 38, 39, 40, 41, 42, 43, 44, 45, 46, 47, 48, 49, 50, 51, 52, 53, 54, 55, 56, 57, 58, 59, 60, 61, 62, 63, 64, 65, 66, 67, 68, 69, 70, 71, 72, 73, 74, 75, 76, 77, 78, 79, 80, 81, 82, 83, 84, 85, 86, 87, 88, 89, 90, 91, 92, 93, 94, 95, 96, 97, 98, 99, 100, 101, 102, 528, 529, 530, 513, 531, 532, 533, 534, 535, 514, 536, 537, 538, 539, 540, 515, 541, 542, 543, 544, 545, 516, 546, 547, 548, 549, 550, 517, 551, 552, 553, 554, 555, 518, 556, 753, 754, 557, 755, 558, 559, 560, 519, 561, 562, 563, 564, 565, 520, 566, 804, 567, 294, 295, 296, 568, 569, 570, 521, 571, 572, 573, 522, 349, 523, 524, 525, 512, 526, 527, 485, 486, 487, 488, 489, 490, 491, 492, 493, 494, 495, 496, 497, 498, 499, 500, 501, 502, 503, 504, 505, 506, 507, 508, 509, 510, 511]",False,[],"[0, 1, 2, 3, 4, 5, 6, 7, 8, 9, 10, 11, 12, 13, 14, 15, 16, 17, 18, 19, 20, 21, 22, 23, 24, 25, 26, 27, 28, 29, 30, 31, 32, 33, 34, 35, 36, 37, 38, 39, 40, 41, 42, 43, 44, 45, 46, 47, 48, 49, 50, 51, 52, 53, 54, 55, 56, 57, 58, 59, 60, 61, 62, 63, 64, 65, 66, 67, 68, 69, 70, 71, 72, 73, 74, 75, 76, 77, 78, 79, 80, 81, 82, 83, 84, 85, 86, 87, 88, 89, 90, 91, 92, 93, 94, 95, 96, 97, 98, 99, 100, 101, 102, 485, 486, 487, 488, 489, 490, 491, 492, 493, 494, 495, 496, 497, 498, 499, 500, 501, 502, 503, 504, 505, 506, 507, 508, 509, 510, 511, 512, 513, 514, 515, 516, 517, 518, 519, 520, 521, 522, 523, 524, 525, 526, 527, 528, 529, 530, 531, 532, 533, 534, 535, 536, 537, 538, 539, 540, 541, 542, 543, 544, 545, 546, 547, 548, 549, 550, 551, 552, 553, 554, 555, 556, 557, 558, 559, 560, 561, 562, 563, 564, 565, 566, 567, 568, 569, 570, 571, 572, 573]",[],[],"[349, 804]","[90, 91, 294, 295, 296, 561, 562, 753, 754, 755]",[],4/6 successful match,False,,False,565,False,,,,,
"Kayenta , 86033 Speedy's # 508",928-697-8149 US 160 & US 163 ( SE Corner ),24 S <U+2610> O,Kayenta,86033,Speedy's # 508,928-697-8149,2007,Kayenta,AZ,,( SE Corner ),US 160 & US 163,empty,,False,,False,US 160,US 163,,,,[],[],[],[],"[0, 1, 2, 3, 4, 5, 6, 7, 8, 9, 10, 11, 12, 13, 14, 15, 16, 17, 18, 19, 20, 21, 22, 23, 24, 25, 26, 27, 28, 29, 30, 31, 32, 33, 34, 35, 36, 37, 38, 39, 40, 41, 42, 43, 44, 45, 46, 47, 48, 49, 50, 51, 52, 53, 54, 55, 56, 57, 58, 59, 60, 61, 62, 63, 64, 65, 66, 67, 68, 69, 70, 71, 72, 73, 74, 75, 76, 77, 78, 79, 80, 81, 82, 83, 84, 85, 86, 87, 88, 89, 90, 91, 92, 93, 94, 95, 96, 97, 98, 99, 100, 101, 102, 485, 486, 487, 488, 489, 490, 491, 492, 493, 494, 495, 496, 497, 498, 499, 500, 501, 502, 503, 504, 505, 506, 507, 508, 509, 510, 511, 512, 513, 514, 515, 516, 517, 518, 519, 520, 521, 522, 523, 524, 525, 526, 527, 528, 529, 530, 531, 532, 533, 534, 535, 536, 537, 538, 539, 540, 541, 542, 543, 544, 545, 546, 547, 548, 549, 550, 551, 552, 553, 554, 555, 556, 557, 558, 559, 560, 561, 562, 563, 564, 565, 566, 567, 568, 569, 570, 571, 572, 573]","[349, 804]",[],"[90, 91, 294, 295, 296, 561, 562, 753, 754, 755]","[0, 1, 2, 3, 4, 5, 6, 7, 8, 9, 10, 11, 12, 13, 14, 15, 16, 17, 18, 19, 20, 21, 22, 23, 24, 25, 26, 27, 28, 29, 30, 31, 32, 33, 34, 35, 36, 37, 38, 39, 40, 41, 42, 43, 44, 45, 46, 47, 48, 49, 50, 51, 52, 53, 54, 55, 56, 57, 58, 59, 60, 61, 62, 63, 64, 65, 66, 67, 68, 69, 70, 71, 72, 73, 74, 75, 76, 77, 78, 79, 80, 81, 82, 83, 84, 85, 86, 87, 88, 89, 90, 91, 92, 93, 94, 95, 96, 97, 98, 99, 100, 101, 102, 528, 529, 530, 513, 531, 532, 533, 534, 535, 514, 536, 537, 538, 539, 540, 515, 541, 542, 543, 544, 545, 516, 546, 547, 548, 549, 550, 517, 551, 552, 553, 554, 555, 518, 556, 753, 754, 557, 755, 558, 559, 560, 519, 561, 562, 563, 564, 565, 520, 566, 804, 567, 294, 295, 296, 568, 569, 570, 521, 571, 572, 573, 522, 349, 523, 524, 525, 512, 526, 527, 485, 486, 487, 488, 489, 490, 491, 492, 493, 494, 495, 496, 497, 498, 499, 500, 501, 502, 503, 504, 505, 506, 507, 508, 509, 510, 511]",False,[],"[0, 1, 2, 3, 4, 5, 6, 7, 8, 9, 10, 11, 12, 13, 14, 15, 16, 17, 18, 19, 20, 21, 22, 23, 24, 25, 26, 27, 28, 29, 30, 31, 32, 33, 34, 35, 36, 37, 38, 39, 40, 41, 42, 43, 44, 45, 46, 47, 48, 49, 50, 51, 52, 53, 54, 55, 56, 57, 58, 59, 60, 61, 62, 63, 64, 65, 66, 67, 68, 69, 70, 71, 72, 73, 74, 75, 76, 77, 78, 79, 80, 81, 82, 83, 84, 85, 86, 87, 88, 89, 90, 91, 92, 93, 94, 95, 96, 97, 98, 99, 100, 101, 102, 485, 486, 487, 488, 489, 490, 491, 492, 493, 494, 495, 496, 497, 498, 499, 500, 501, 502, 503, 504, 505, 506, 507, 508, 509, 510, 511, 512, 513, 514, 515, 516, 517, 518, 519, 520, 521, 522, 523, 524, 525, 526, 527, 528, 529, 530, 531, 532, 533, 534, 535, 536, 537, 538, 539, 540, 541, 542, 543, 544, 545, 546, 547, 548, 549, 550, 551, 552, 553, 554, 555, 556, 557, 558, 559, 560, 561, 562, 563, 564, 565, 566, 567, 568, 569, 570, 571, 572, 573]",[],[],"[349, 804]","[90, 91, 294, 295, 296, 561, 562, 753, 754, 755]",[],4/6 successful match,False,,False,565,False,,1.0,True,Speedy's # 508,
"B Kayenta , 86033 Speedy's # 508",6 928-697-8149 US 160 & US 163 ( SE Corner ),<U+2022>,Kayenta,86033,Speedy's # 508,928-697-8149,2008,Kayenta,AZ,,( SE Corner ),US 160 & US 163,empty,,False,,False,US 160,US 163,,,,[],[],[],[],"[0, 1, 2, 3, 4, 5, 6, 7, 8, 9, 10, 11, 12, 13, 14, 15, 16, 17, 18, 19, 20, 21, 22, 23, 24, 25, 26, 27, 28, 29, 30, 31, 32, 33, 34, 35, 36, 37, 38, 39, 40, 41, 42, 43, 44, 45, 46, 47, 48, 49, 50, 51, 52, 53, 54, 55, 56, 57, 58, 59, 60, 61, 62, 63, 64, 65, 66, 67, 68, 69, 70, 71, 72, 73, 74, 75, 76, 77, 78, 79, 80, 81, 82, 83, 84, 85, 86, 87, 88, 89, 90, 91, 92, 93, 94, 95, 96, 97, 98, 99, 100, 101, 102, 485, 486, 487, 488, 489, 490, 491, 492, 493, 494, 495, 496, 497, 498, 499, 500, 501, 502, 503, 504, 505, 506, 507, 508, 509, 510, 511, 512, 513, 514, 515, 516, 517, 518, 519, 520, 521, 522, 523, 524, 525, 526, 527, 528, 529, 530, 531, 532, 533, 534, 535, 536, 537, 538, 539, 540, 541, 542, 543, 544, 545, 546, 547, 548, 549, 550, 551, 552, 553, 554, 555, 556, 557, 558, 559, 560, 561, 562, 563, 564, 565, 566, 567, 568, 569, 570, 571, 572, 573]","[349, 804]",[],"[90, 91, 294, 295, 296, 561, 562, 753, 754, 755]","[0, 1, 2, 3, 4, 5, 6, 7, 8, 9, 10, 11, 12, 13, 14, 15, 16, 17, 18, 19, 20, 21, 22, 23, 24, 25, 26, 27, 28, 29, 30, 31, 32, 33, 34, 35, 36, 37, 38, 39, 40, 41, 42, 43, 44, 45, 46, 47, 48, 49, 50, 51, 52, 53, 54, 55, 56, 57, 58, 59, 60, 61, 62, 63, 64, 65, 66, 67, 68, 69, 70, 71, 72, 73, 74, 75, 76, 77, 78, 79, 80, 81, 82, 83, 84, 85, 86, 87, 88, 89, 90, 91, 92, 93, 94, 95, 96, 97, 98, 99, 100, 101, 102, 528, 529, 530, 513, 531, 532, 533, 534, 535, 514, 536, 537, 538, 539, 540, 515, 541, 542, 543, 544, 545, 516, 546, 547, 548, 549, 550, 517, 551, 552, 553, 554, 555, 518, 556, 753, 754, 557, 755, 558, 559, 560, 519, 561, 562, 563, 564, 565, 520, 566, 804, 567, 294, 295, 296, 568, 569, 570, 521, 571, 572, 573, 522, 349, 523, 524, 525, 512, 526, 527, 485, 486, 487, 488, 489, 490, 491, 492, 493, 494, 495, 496, 497, 498, 499, 500, 501, 502, 503, 504, 505, 506, 507, 508, 509, 510, 511]",False,[],"[0, 1, 2, 3, 4, 5, 6, 7, 8, 9, 10, 11, 12, 13, 14, 15, 16, 17, 18, 19, 20, 21, 22, 23, 24, 25, 26, 27, 28, 29, 30, 31, 32, 33, 34, 35, 36, 37, 38, 39, 40, 41, 42, 43, 44, 45, 46, 47, 48, 49, 50, 51, 52, 53, 54, 55, 56, 57, 58, 59, 60, 61, 62, 63, 64, 65, 66, 67, 68, 69, 70, 71, 72, 73, 74, 75, 76, 77, 78, 79, 80, 81, 82, 83, 84, 85, 86, 87, 88, 89, 90, 91, 92, 93, 94, 95, 96, 97, 98, 99, 100, 101, 102, 485, 486, 487, 488, 489, 490, 491, 492, 493, 494, 495, 496, 497, 498, 499, 500, 501, 502, 503, 504, 505, 506, 507, 508, 509, 510, 511, 512, 513, 514, 515, 516, 517, 518, 519, 520, 521, 522, 523, 524, 525, 526, 527, 528, 529, 530, 531, 532, 533, 534, 535, 536, 537, 538, 539, 540, 541, 542, 543, 544, 545, 546, 547, 548, 549, 550, 551, 552, 553, 554, 555, 556, 557, 558, 559, 560, 561, 562, 563, 564, 565, 566, 567, 568, 569, 570, 571, 572, 573]",[],[],"[349, 804]","[90, 91, 294, 295, 296, 561, 562, 753, 754, 755]",[],4/6 successful match,False,,False,565,False,,1.0,True,Speedy's # 508,
B Kayenta ( 86033 ) Speedy's,6 928-697-8149 US 160 & US 163 ( SE Corner ),D S D,Kayenta,86033,Speedy's,928-697-8149,2014,Kayenta,AZ,,( SE Corner ),US 160 & US 163,empty,,False,,False,US 160,US 163,,,,[],[],[],[],"[0, 1, 2, 3, 4, 5, 6, 7, 8, 9, 10, 11, 12, 13, 14, 15, 16, 17, 18, 19, 20, 21, 22, 23, 24, 25, 26, 27, 28, 29, 30, 31, 32, 33, 34, 35, 36, 37, 38, 39, 40, 41, 42, 43, 44, 45, 46, 47, 48, 49, 50, 51, 52, 53, 54, 55, 56, 57, 58, 59, 60, 61, 62, 63, 64, 65, 66, 67, 68, 69, 70, 71, 72, 73, 74, 75, 76, 77, 78, 79, 80, 81, 82, 83, 84, 85, 86, 87, 88, 89, 90, 91, 92, 93, 94, 95, 96, 97, 98, 99, 100, 101, 102, 485, 486, 487, 488, 489, 490, 491, 492, 493, 494, 495, 496, 497, 498, 499, 500, 501, 502, 503, 504, 505, 506, 507, 508, 509, 510, 511, 512, 513, 514, 515, 516, 517, 518, 519, 520, 521, 522, 523, 524, 525, 526, 527, 528, 529, 530, 531, 532, 533, 534, 535, 536, 537, 538, 539, 540, 541, 542, 543, 544, 545, 546, 547, 548, 549, 550, 551, 552, 553, 554, 555, 556, 557, 558, 559, 560, 561, 562, 563, 564, 565, 566, 567, 568, 569, 570, 571, 572, 573]","[349, 804]",[],"[90, 91, 294, 295, 296, 561, 562, 753, 754, 755]","[0, 1, 2, 3, 4, 5, 6, 7, 8, 9, 10, 11, 12, 13, 14, 15, 16, 17, 18, 19, 20, 21, 22, 23, 24, 25, 26, 27, 28, 29, 30, 31, 32, 33, 34, 35, 36, 37, 38, 39, 40, 41, 42, 43, 44, 45, 46, 47, 48, 49, 50, 51, 52, 53, 54, 55, 56, 57, 58, 59, 60, 61, 62, 63, 64, 65, 66, 67, 68, 69, 70, 71, 72, 73, 74, 75, 76, 77, 78, 79, 80, 81, 82, 83, 84, 85, 86, 87, 88, 89, 90, 91, 92, 93, 94, 95, 96, 97, 98, 99, 100, 101, 102, 528, 529, 530, 513, 531, 532, 533, 534, 535, 514, 536, 537, 538, 539, 540, 515, 541, 542, 543, 544, 545, 516, 546, 547, 548, 549, 550, 517, 551, 552, 553, 554, 555, 518, 556, 753, 754, 557, 755, 558, 559, 560, 519, 561, 562, 563, 564, 565, 520, 566, 804, 567, 294, 295, 296, 568, 569, 570, 521, 571, 572, 573, 522, 349, 523, 524, 525, 512, 526, 527, 485, 486, 487, 488, 489, 490, 491, 492, 493, 494, 495, 496, 497, 498, 499, 500, 501, 502, 503, 504, 505, 506, 507, 508, 509, 510, 511]",False,[],"[0, 1, 2, 3, 4, 5, 6, 7, 8, 9, 10, 11, 12, 13, 14, 15, 16, 17, 18, 19, 20, 21, 22, 23, 24, 25, 26, 27, 28, 29, 30, 31, 32, 33, 34, 35, 36, 37, 38, 39, 40, 41, 42, 43, 44, 45, 46, 47, 48, 49, 50, 51, 52, 53, 54, 55, 56, 57, 58, 59, 60, 61, 62, 63, 64, 65, 66, 67, 68, 69, 70, 71, 72, 73, 74, 75, 76, 77, 78, 79, 80, 81, 82, 83, 84, 85, 86, 87, 88, 89, 90, 91, 92, 93, 94, 95, 96, 97, 98, 99, 100, 101, 102, 485, 486, 487, 488, 489, 490, 491, 492, 493, 494, 495, 496, 497, 498, 499, 500, 501, 502, 503, 504, 505, 506, 507, 508, 509, 510, 511, 512, 513, 514, 515, 516, 517, 518, 519, 520, 521, 522, 523, 524, 525, 526, 527, 528, 529, 530, 531, 532, 533, 534, 535, 536, 537, 538, 539, 540, 541, 542, 543, 544, 545, 546, 547, 548, 549, 550, 551, 552, 553, 554, 555, 556, 557, 558, 559, 560, 561, 562, 563, 564, 565, 566, 567, 568, 569, 570, 571, 572, 573]",[],[],"[349, 804]","[90, 91, 294, 295, 296, 561, 562, 753, 754, 755]",[],4/6 successful match,False,,False,565,False,,0.6181818181818182,True,Speedy's # 508,
Williams ( 86046 ) Love's Travel Stop # 553,928-635-9958 I-40 Exit 163,LO 2400,Williams,86046,Love's Travel Stop # 553,928-635-9958,2016,Williams,AZ,Love's,,I-40 Exit 163,Exit,163,False,,False,I-40,,,,,"[525, 45]","[45, 525]","[45, 211, 525, 681]","[45, 435, 437, 525, 888]","[0, 1, 2, 3, 4, 5, 6, 7, 8, 9, 10, 11, 12, 13, 14, 15, 16, 17, 18, 19, 20, 21, 22, 23, 24, 25, 26, 27, 28, 29, 30, 31, 32, 33, 34, 35, 36, 37, 38, 39, 40, 41, 42, 43, 44, 45, 46, 47, 48, 49, 50, 51, 52, 53, 54, 55, 56, 57, 58, 59, 60, 61, 62, 63, 64, 65, 66, 67, 68, 69, 70, 71, 72, 73, 74, 75, 76, 77, 78, 79, 80, 81, 82, 83, 84, 85, 86, 87, 88, 89, 90, 91, 92, 93, 94, 95, 96, 97, 98, 99, 100, 101, 102, 485, 486, 487, 488, 489, 490, 491, 492, 493, 494, 495, 496, 497, 498, 499, 500, 501, 502, 503, 504, 505, 506, 507, 508, 509, 510, 511, 512, 513, 514, 515, 516, 517, 518, 519, 520, 521, 522, 523, 524, 525, 526, 527, 528, 529, 530, 531, 532, 533, 534, 535, 536, 537, 538, 539, 540, 541, 542, 543, 544, 545, 546, 547, 548, 549, 550, 551, 552, 553, 554, 555, 556, 557, 558, 559, 560, 561, 562, 563, 564, 565, 566, 567, 568, 569, 570, 571, 572, 573]","[4, 11, 18, 21, 23, 26, 27, 28, 31, 35, 36, 43, 45, 52, 55, 56, 60, 62, 64, 70, 71, 80, 90, 94, 97, 183, 197, 232, 334, 426, 455, 472, 477, 478, 480, 483, 484, 490, 496, 505, 507, 509, 510, 511, 514, 516, 517, 523, 525, 529, 532, 533, 536, 538, 545, 546, 552, 561, 565, 568, 654, 668, 696, 790, 857, 878, 902, 919, 928, 929, 932, 934, 935]","[34, 35, 36, 37, 38, 39, 40, 41, 42, 43, 44, 45, 46, 47, 48, 201, 202, 203, 204, 205, 206, 207, 208, 209, 210, 211, 212, 213, 214, 215, 216, 355, 356, 357, 358, 359, 360, 361, 429, 430, 431, 432, 433, 434, 435, 515, 516, 517, 518, 519, 520, 521, 522, 523, 524, 525, 526, 527, 672, 673, 674, 675, 676, 677, 678, 679, 680, 681, 682, 683, 684, 810, 811, 812, 813, 814, 881, 882, 883, 884, 885, 886]","[32, 33, 34, 35, 36, 37, 38, 39, 40, 41, 42, 43, 44, 45, 46, 47, 48, 201, 202, 203, 204, 205, 206, 207, 208, 209, 210, 211, 212, 213, 214, 215, 216, 355, 356, 357, 358, 359, 360, 361, 429, 430, 431, 432, 433, 434, 435, 515, 516, 517, 518, 519, 520, 521, 522, 523, 524, 525, 526, 527, 672, 673, 674, 675, 676, 677, 678, 679, 680, 681, 682, 683, 684, 810, 811, 812, 813, 814, 881, 882, 883, 884, 885, 886]","[0, 1, 2, 3, 4, 5, 6, 7, 8, 9, 10, 11, 12, 525, 13, 14, 15, 16, 17, 18, 19, 20, 21, 22, 23, 24, 25, 26, 27, 28, 29, 30, 31, 32, 33, 34, 35, 36, 37, 38, 39, 40, 41, 42, 43, 45, 44, 46, 47, 48, 49, 50, 51, 52, 53, 54, 55, 56, 57, 58, 59, 60, 61, 62, 63, 64, 65, 66, 67, 68, 69, 70, 71, 72, 73, 74, 75, 76, 77, 78, 79, 80, 81, 82, 83, 84, 85, 86, 87, 88, 89, 90, 91, 92, 93, 94, 95, 96, 97, 98, 99, 100, 101, 102, 528, 529, 530, 513, 531, 532, 533, 534, 535, 514, 536, 537, 654, 538, 539, 668, 540, 672, 515, 541, 673, 674, 675, 676, 542, 677, 681, 678, 679, 543, 680, 682, 683, 684, 544, 545, 183, 696, 516, 546, 547, 197, 548, 201, 202, 549, 203, 204, 205, 206, 550, 207, 208, 211, 517, 551, 209, 210, 212, 213, 552, 214, 215, 216, 553, 554, 232, 555, 518, 556, 557, 558, 559, 560, 519, 561, 562, 563, 564, 790, 565, 520, 566, 567, 568, 810, 811, 812, 813, 569, 814, 570, 521, 571, 572, 573, 334, 522, 857, 355, 356, 357, 358, 359, 360, 523, 361, 878, 881, 882, 883, 884, 885, 886, 888, 524, 902, 919, 928, 929, 932, 934, 935, 426, 429, 430, 512, 431, 432, 433, 435, 526, 437, 434, 455, 527, 472, 477, 478, 480, 483, 484, 485, 486, 487, 488, 489, 490, 491, 492, 493, 494, 495, 496, 497, 498, 499, 500, 501, 502, 503, 504, 505, 506, 507, 508, 509, 510, 511]",True,"[45, 525]","[0, 1, 2, 3, 4, 5, 6, 7, 8, 9, 10, 11, 12, 13, 14, 15, 16, 17, 18, 19, 20, 21, 22, 23, 24, 25, 26, 27, 28, 29, 30, 31, 32, 33, 34, 35, 36, 37, 38, 39, 40, 41, 42, 43, 44, 45, 46, 47, 48, 49, 50, 51, 52, 53, 54, 55, 56, 57, 58, 59, 60, 61, 62, 63, 64, 65, 66, 67, 68, 69, 70, 71, 72, 73, 74, 75, 76, 77, 78, 79, 80, 81, 82, 83, 84, 85, 86, 87, 88, 89, 90, 91, 92, 93, 94, 95, 96, 97, 98, 99, 100, 101, 102, 485, 486, 487, 488, 489, 490, 491, 492, 493, 494, 495, 496, 497, 498, 499, 500, 501, 502, 503, 504, 505, 506, 507, 508, 509, 510, 511, 512, 513, 514, 515, 516, 517, 518, 519, 520, 521, 522, 523, 524, 525, 526, 527, 528, 529, 530, 531, 532, 533, 534, 535, 536, 537, 538, 539, 540, 541, 542, 543, 544, 545, 546, 547, 548, 549, 550, 551, 552, 553, 554, 555, 556, 557, 558, 559, 560, 561, 562, 563, 564, 565, 566, 567, 568, 569, 570, 571, 572, 573]","[45, 211, 525, 681]","[45, 435, 437, 525, 888]","[4, 11, 18, 21, 23, 26, 27, 28, 31, 35, 36, 43, 45, 52, 55, 56, 60, 62, 64, 70, 71, 80, 90, 94, 97, 183, 197, 232, 334, 426, 455, 472, 477, 478, 480, 483, 484, 490, 496, 505, 507, 509, 510, 511, 514, 516, 517, 523, 525, 529, 532, 533, 536, 538, 545, 546, 552, 561, 565, 568, 654, 668, 696, 790, 857, 878, 902, 919, 928, 929, 932, 934, 935]","[32, 33, 34, 35, 36, 37, 38, 39, 40, 41, 42, 43, 44, 45, 46, 47, 48, 201, 202, 203, 204, 205, 206, 207, 208, 209, 210, 211, 212, 213, 214, 215, 216, 355, 356, 357, 358, 359, 360, 361, 429, 430, 431, 432, 433, 434, 435, 515, 516, 517, 518, 519, 520, 521, 522, 523, 524, 525, 526, 527, 672, 673, 674, 675, 676, 677, 678, 679, 680, 681, 682, 683, 684, 810, 811, 812, 813, 814, 881, 882, 883, 884, 885, 886]","[34, 35, 36, 37, 38, 39, 40, 41, 42, 43, 44, 45, 46, 47, 48, 201, 202, 203, 204, 205, 206, 207, 208, 209, 210, 211, 212, 213, 214, 215, 216, 355, 356, 357, 358, 359, 360, 361, 429, 430, 431, 432, 433, 434, 435, 515, 516, 517, 518, 519, 520, 521, 522, 523, 524, 525, 526, 527, 672, 673, 674, 675, 676, 677, 678, 679, 680, 681, 682, 683, 684, 810, 811, 812, 813, 814, 881, 882, 883, 884, 885, 886]",7/6 successful match,True,"[60, 61]",True,566,False,,,,,
"Winslow , 86047 Super American Truck Stop",5 928-289-9532 I-40 Exit 253,,Winslow,86047,Super American Truck Stop,928-289-9532,2006,Winslow,AZ,,,I-40 Exit 253,Exit,253,False,,False,I-40,,,,,[],"[23, 507]","[23, 507]","[153, 624]","[0, 1, 2, 3, 4, 5, 6, 7, 8, 9, 10, 11, 12, 13, 14, 15, 16, 17, 18, 19, 20, 21, 22, 23, 24, 25, 26, 27, 28, 29, 30, 31, 32, 33, 34, 35, 36, 37, 38, 39, 40, 41, 42, 43, 44, 45, 46, 47, 48, 49, 50, 51, 52, 53, 54, 55, 56, 57, 58, 59, 60, 61, 62, 63, 64, 65, 66, 67, 68, 69, 70, 71, 72, 73, 74, 75, 76, 77, 78, 79, 80, 81, 82, 83, 84, 85, 86, 87, 88, 89, 90, 91, 92, 93, 94, 95, 96, 97, 98, 99, 100, 101, 102, 485, 486, 487, 488, 489, 490, 491, 492, 493, 494, 495, 496, 497, 498, 499, 500, 501, 502, 503, 504, 505, 506, 507, 508, 509, 510, 511, 512, 513, 514, 515, 516, 517, 518, 519, 520, 521, 522, 523, 524, 525, 526, 527, 528, 529, 530, 531, 532, 533, 534, 535, 536, 537, 538, 539, 540, 541, 542, 543, 544, 545, 546, 547, 548, 549, 550, 551, 552, 553, 554, 555, 556, 557, 558, 559, 560, 561, 562, 563, 564, 565, 566, 567, 568, 569, 570, 571, 572, 573]","[4, 11, 18, 21, 23, 26, 27, 28, 31, 35, 36, 43, 45, 52, 55, 56, 60, 62, 64, 70, 71, 80, 90, 94, 97, 183, 197, 232, 334, 426, 455, 472, 477, 478, 480, 483, 484, 490, 496, 505, 507, 509, 510, 511, 514, 516, 517, 523, 525, 529, 532, 533, 536, 538, 545, 546, 552, 561, 565, 568, 654, 668, 696, 790, 857, 878, 902, 919, 928, 929, 932, 934, 935]",[],[],"[0, 1, 2, 3, 4, 5, 6, 7, 8, 9, 10, 11, 12, 13, 14, 15, 16, 17, 18, 19, 20, 21, 22, 23, 24, 25, 26, 27, 28, 29, 30, 31, 32, 33, 34, 35, 36, 37, 38, 39, 40, 41, 42, 43, 44, 45, 46, 47, 48, 49, 50, 51, 52, 53, 54, 55, 56, 57, 58, 59, 60, 61, 62, 63, 64, 65, 66, 67, 68, 69, 70, 71, 72, 73, 74, 75, 76, 77, 78, 79, 80, 81, 82, 83, 84, 85, 86, 87, 88, 89, 90, 91, 92, 93, 94, 95, 96, 97, 98, 99, 100, 101, 102, 528, 529, 530, 513, 624, 531, 532, 533, 534, 535, 514, 536, 537, 654, 538, 539, 153, 668, 540, 515, 541, 542, 543, 544, 545, 183, 696, 516, 546, 547, 197, 548, 549, 550, 517, 551, 552, 553, 554, 232, 555, 518, 556, 557, 558, 559, 560, 519, 561, 562, 563, 564, 790, 565, 520, 566, 567, 568, 569, 570, 521, 571, 572, 573, 334, 522, 857, 523, 878, 524, 902, 919, 525, 928, 929, 932, 934, 935, 426, 512, 526, 455, 527, 472, 477, 478, 480, 483, 484, 485, 486, 487, 488, 489, 490, 491, 492, 493, 494, 495, 496, 497, 498, 499, 500, 501, 502, 503, 504, 505, 506, 507, 508, 509, 510, 511]",False,"[23, 507]","[0, 1, 2, 3, 4, 5, 6, 7, 8, 9, 10, 11, 12, 13, 14, 15, 16, 17, 18, 19, 20, 21, 22, 23, 24, 25, 26, 27, 28, 29, 30, 31, 32, 33, 34, 35, 36, 37, 38, 39, 40, 41, 42, 43, 44, 45, 46, 47, 48, 49, 50, 51, 52, 53, 54, 55, 56, 57, 58, 59, 60, 61, 62, 63, 64, 65, 66, 67, 68, 69, 70, 71, 72, 73, 74, 75, 76, 77, 78, 79, 80, 81, 82, 83, 84, 85, 86, 87, 88, 89, 90, 91, 92, 93, 94, 95, 96, 97, 98, 99, 100, 101, 102, 485, 486, 487, 488, 489, 490, 491, 492, 493, 494, 495, 496, 497, 498, 499, 500, 501, 502, 503, 504, 505, 506, 507, 508, 509, 510, 511, 512, 513, 514, 515, 516, 517, 518, 519, 520, 521, 522, 523, 524, 525, 526, 527, 528, 529, 530, 531, 532, 533, 534, 535, 536, 537, 538, 539, 540, 541, 542, 543, 544, 545, 546, 547, 548, 549, 550, 551, 552, 553, 554, 555, 556, 557, 558, 559, 560, 561, 562, 563, 564, 565, 566, 567, 568, 569, 570, 571, 572, 573]","[23, 507]","[153, 624]","[4, 11, 18, 21, 23, 26, 27, 28, 31, 35, 36, 43, 45, 52, 55, 56, 60, 62, 64, 70, 71, 80, 90, 94, 97, 183, 197, 232, 334, 426, 455, 472, 477, 478, 480, 483, 484, 490, 496, 505, 507, 509, 510, 511, 514, 516, 517, 523, 525, 529, 532, 533, 536, 538, 545, 546, 552, 561, 565, 568, 654, 668, 696, 790, 857, 878, 902, 919, 928, 929, 932, 934, 935]",[],[],7/6 successful match,False,,False,567,False,,,,,
"Winslow , 86047 USA Travel Center",928-289-9532 I-40 Exit 253,HRS 24,Winslow,86047,USA Travel Center,928-289-9532,2007,Winslow,AZ,,,I-40 Exit 253,Exit,253,False,,False,I-40,,,,,[],"[23, 507]","[23, 507]","[153, 624]","[0, 1, 2, 3, 4, 5, 6, 7, 8, 9, 10, 11, 12, 13, 14, 15, 16, 17, 18, 19, 20, 21, 22, 23, 24, 25, 26, 27, 28, 29, 30, 31, 32, 33, 34, 35, 36, 37, 38, 39, 40, 41, 42, 43, 44, 45, 46, 47, 48, 49, 50, 51, 52, 53, 54, 55, 56, 57, 58, 59, 60, 61, 62, 63, 64, 65, 66, 67, 68, 69, 70, 71, 72, 73, 74, 75, 76, 77, 78, 79, 80, 81, 82, 83, 84, 85, 86, 87, 88, 89, 90, 91, 92, 93, 94, 95, 96, 97, 98, 99, 100, 101, 102, 485, 486, 487, 488, 489, 490, 491, 492, 493, 494, 495, 496, 497, 498, 499, 500, 501, 502, 503, 504, 505, 506, 507, 508, 509, 510, 511, 512, 513, 514, 515, 516, 517, 518, 519, 520, 521, 522, 523, 524, 525, 526, 527, 528, 529, 530, 531, 532, 533, 534, 535, 536, 537, 538, 539, 540, 541, 542, 543, 544, 545, 546, 547, 548, 549, 550, 551, 552, 553, 554, 555, 556, 557, 558, 559, 560, 561, 562, 563, 564, 565, 566, 567, 568, 569, 570, 571, 572, 573]","[4, 11, 18, 21, 23, 26, 27, 28, 31, 35, 36, 43, 45, 52, 55, 56, 60, 62, 64, 70, 71, 80, 90, 94, 97, 183, 197, 232, 334, 426, 455, 472, 477, 478, 480, 483, 484, 490, 496, 505, 507, 509, 510, 511, 514, 516, 517, 523, 525, 529, 532, 533, 536, 538, 545, 546, 552, 561, 565, 568, 654, 668, 696, 790, 857, 878, 902, 919, 928, 929, 932, 934, 935]",[],[],"[0, 1, 2, 3, 4, 5, 6, 7, 8, 9, 10, 11, 12, 13, 14, 15, 16, 17, 18, 19, 20, 21, 22, 23, 24, 25, 26, 27, 28, 29, 30, 31, 32, 33, 34, 35, 36, 37, 38, 39, 40, 41, 42, 43, 44, 45, 46, 47, 48, 49, 50, 51, 52, 53, 54, 55, 56, 57, 58, 59, 60, 61, 62, 63, 64, 65, 66, 67, 68, 69, 70, 71, 72, 73, 74, 75, 76, 77, 78, 79, 80, 81, 82, 83, 84, 85, 86, 87, 88, 89, 90, 91, 92, 93, 94, 95, 96, 97, 98, 99, 100, 101, 102, 528, 529, 530, 513, 624, 531, 532, 533, 534, 535, 514, 536, 537, 654, 538, 539, 153, 668, 540, 515, 541, 542, 543, 544, 545, 183, 696, 516, 546, 547, 197, 548, 549, 550, 517, 551, 552, 553, 554, 232, 555, 518, 556, 557, 558, 559, 560, 519, 561, 562, 563, 564, 790, 565, 520, 566, 567, 568, 569, 570, 521, 571, 572, 573, 334, 522, 857, 523, 878, 524, 902, 919, 525, 928, 929, 932, 934, 935, 426, 512, 526, 455, 527, 472, 477, 478, 480, 483, 484, 485, 486, 487, 488, 489, 490, 491, 492, 493, 494, 495, 496, 497, 498, 499, 500, 501, 502, 503, 504, 505, 506, 507, 508, 509, 510, 511]",False,"[23, 507]","[0, 1, 2, 3, 4, 5, 6, 7, 8, 9, 10, 11, 12, 13, 14, 15, 16, 17, 18, 19, 20, 21, 22, 23, 24, 25, 26, 27, 28, 29, 30, 31, 32, 33, 34, 35, 36, 37, 38, 39, 40, 41, 42, 43, 44, 45, 46, 47, 48, 49, 50, 51, 52, 53, 54, 55, 56, 57, 58, 59, 60, 61, 62, 63, 64, 65, 66, 67, 68, 69, 70, 71, 72, 73, 74, 75, 76, 77, 78, 79, 80, 81, 82, 83, 84, 85, 86, 87, 88, 89, 90, 91, 92, 93, 94, 95, 96, 97, 98, 99, 100, 101, 102, 485, 486, 487, 488, 489, 490, 491, 492, 493, 494, 495, 496, 497, 498, 499, 500, 501, 502, 503, 504, 505, 506, 507, 508, 509, 510, 511, 512, 513, 514, 515, 516, 517, 518, 519, 520, 521, 522, 523, 524, 525, 526, 527, 528, 529, 530, 531, 532, 533, 534, 535, 536, 537, 538, 539, 540, 541, 542, 543, 544, 545, 546, 547, 548, 549, 550, 551, 552, 553, 554, 555, 556, 557, 558, 559, 560, 561, 562, 563, 564, 565, 566, 567, 568, 569, 570, 571, 572, 573]","[23, 507]","[153, 624]","[4, 11, 18, 21, 23, 26, 27, 28, 31, 35, 36, 43, 45, 52, 55, 56, 60, 62, 64, 70, 71, 80, 90, 94, 97, 183, 197, 232, 334, 426, 455, 472, 477, 478, 480, 483, 484, 490, 496, 505, 507, 509, 510, 511, 514, 516, 517, 523, 525, 529, 532, 533, 536, 538, 545, 546, 552, 561, 565, 568, 654, 668, 696, 790, 857, 878, 902, 919, 928, 929, 932, 934, 935]",[],[],7/6 successful match,False,,False,567,True,2007,0.16666666666666666,True,Super American Truck Stop,
"Winslow , 86047 USA Travel Center",5 928-289-9532 I-40 Exit 253,24 HRS HRS 24 0,Winslow,86047,USA Travel Center,928-289-9532,2008,Winslow,AZ,,,I-40 Exit 253,Exit,253,False,,False,I-40,,,,,[],"[23, 507]","[23, 507]","[153, 624]","[0, 1, 2, 3, 4, 5, 6, 7, 8, 9, 10, 11, 12, 13, 14, 15, 16, 17, 18, 19, 20, 21, 22, 23, 24, 25, 26, 27, 28, 29, 30, 31, 32, 33, 34, 35, 36, 37, 38, 39, 40, 41, 42, 43, 44, 45, 46, 47, 48, 49, 50, 51, 52, 53, 54, 55, 56, 57, 58, 59, 60, 61, 62, 63, 64, 65, 66, 67, 68, 69, 70, 71, 72, 73, 74, 75, 76, 77, 78, 79, 80, 81, 82, 83, 84, 85, 86, 87, 88, 89, 90, 91, 92, 93, 94, 95, 96, 97, 98, 99, 100, 101, 102, 485, 486, 487, 488, 489, 490, 491, 492, 493, 494, 495, 496, 497, 498, 499, 500, 501, 502, 503, 504, 505, 506, 507, 508, 509, 510, 511, 512, 513, 514, 515, 516, 517, 518, 519, 520, 521, 522, 523, 524, 525, 526, 527, 528, 529, 530, 531, 532, 533, 534, 535, 536, 537, 538, 539, 540, 541, 542, 543, 544, 545, 546, 547, 548, 549, 550, 551, 552, 553, 554, 555, 556, 557, 558, 559, 560, 561, 562, 563, 564, 565, 566, 567, 568, 569, 570, 571, 572, 573]","[4, 11, 18, 21, 23, 26, 27, 28, 31, 35, 36, 43, 45, 52, 55, 56, 60, 62, 64, 70, 71, 80, 90, 94, 97, 183, 197, 232, 334, 426, 455, 472, 477, 478, 480, 483, 484, 490, 496, 505, 507, 509, 510, 511, 514, 516, 517, 523, 525, 529, 532, 533, 536, 538, 545, 546, 552, 561, 565, 568, 654, 668, 696, 790, 857, 878, 902, 919, 928, 929, 932, 934, 935]",[],[],"[0, 1, 2, 3, 4, 5, 6, 7, 8, 9, 10, 11, 12, 13, 14, 15, 16, 17, 18, 19, 20, 21, 22, 23, 24, 25, 26, 27, 28, 29, 30, 31, 32, 33, 34, 35, 36, 37, 38, 39, 40, 41, 42, 43, 44, 45, 46, 47, 48, 49, 50, 51, 52, 53, 54, 55, 56, 57, 58, 59, 60, 61, 62, 63, 64, 65, 66, 67, 68, 69, 70, 71, 72, 73, 74, 75, 76, 77, 78, 79, 80, 81, 82, 83, 84, 85, 86, 87, 88, 89, 90, 91, 92, 93, 94, 95, 96, 97, 98, 99, 100, 101, 102, 528, 529, 530, 513, 624, 531, 532, 533, 534, 535, 514, 536, 537, 654, 538, 539, 153, 668, 540, 515, 541, 542, 543, 544, 545, 183, 696, 516, 546, 547, 197, 548, 549, 550, 517, 551, 552, 553, 554, 232, 555, 518, 556, 557, 558, 559, 560, 519, 561, 562, 563, 564, 790, 565, 520, 566, 567, 568, 569, 570, 521, 571, 572, 573, 334, 522, 857, 523, 878, 524, 902, 919, 525, 928, 929, 932, 934, 935, 426, 512, 526, 455, 527, 472, 477, 478, 480, 483, 484, 485, 486, 487, 488, 489, 490, 491, 492, 493, 494, 495, 496, 497, 498, 499, 500, 501, 502, 503, 504, 505, 506, 507, 508, 509, 510, 511]",False,"[23, 507]","[0, 1, 2, 3, 4, 5, 6, 7, 8, 9, 10, 11, 12, 13, 14, 15, 16, 17, 18, 19, 20, 21, 22, 23, 24, 25, 26, 27, 28, 29, 30, 31, 32, 33, 34, 35, 36, 37, 38, 39, 40, 41, 42, 43, 44, 45, 46, 47, 48, 49, 50, 51, 52, 53, 54, 55, 56, 57, 58, 59, 60, 61, 62, 63, 64, 65, 66, 67, 68, 69, 70, 71, 72, 73, 74, 75, 76, 77, 78, 79, 80, 81, 82, 83, 84, 85, 86, 87, 88, 89, 90, 91, 92, 93, 94, 95, 96, 97, 98, 99, 100, 101, 102, 485, 486, 487, 488, 489, 490, 491, 492, 493, 494, 495, 496, 497, 498, 499, 500, 501, 502, 503, 504, 505, 506, 507, 508, 509, 510, 511, 512, 513, 514, 515, 516, 517, 518, 519, 520, 521, 522, 523, 524, 525, 526, 527, 528, 529, 530, 531, 532, 533, 534, 535, 536, 537, 538, 539, 540, 541, 542, 543, 544, 545, 546, 547, 548, 549, 550, 551, 552, 553, 554, 555, 556, 557, 558, 559, 560, 561, 562, 563, 564, 565, 566, 567, 568, 569, 570, 571, 572, 573]","[23, 507]","[153, 624]","[4, 11, 18, 21, 23, 26, 27, 28, 31, 35, 36, 43, 45, 52, 55, 56, 60, 62, 64, 70, 71, 80, 90, 94, 97, 183, 197, 232, 334, 426, 455, 472, 477, 478, 480, 483, 484, 490, 496, 505, 507, 509, 510, 511, 514, 516, 517, 523, 525, 529, 532, 533, 536, 538, 545, 546, 552, 561, 565, 568, 654, 668, 696, 790, 857, 878, 902, 919, 928, 929, 932, 934, 935]",[],[],7/6 successful match,False,,False,567,False,,1.0,True,USA Travel Center,
"Chino Valley , 86323 Petro Products",928-636-1020 1080 AZ 89 ( 15 mi N of Prescott ),,Chino Valley,86323,Petro Products,928-636-1020,2006,Chino Valley,AZ,,( 15 mi N of Prescott ),1080 AZ 89,Proper,,False,,False,AZ 89,,,,,[],[],"[298, 339, 428, 757, 795, 880]",[],"[0, 1, 2, 3, 4, 5, 6, 7, 8, 9, 10, 11, 12, 13, 14, 15, 16, 17, 18, 19, 20, 21, 22, 23, 24, 25, 26, 27, 28, 29, 30, 31, 32, 33, 34, 35, 36, 37, 38, 39, 40, 41, 42, 43, 44, 45, 46, 47, 48, 49, 50, 51, 52, 53, 54, 55, 56, 57, 58, 59, 60, 61, 62, 63, 64, 65, 66, 67, 68, 69, 70, 71, 72, 73, 74, 75, 76, 77, 78, 79, 80, 81, 82, 83, 84, 85, 86, 87, 88, 89, 90, 91, 92, 93, 94, 95, 96, 97, 98, 99, 100, 101, 102, 485, 486, 487, 488, 489, 490, 491, 492, 493, 494, 495, 496, 497, 498, 499, 500, 501, 502, 503, 504, 505, 506, 507, 508, 509, 510, 511, 512, 513, 514, 515, 516, 517, 518, 519, 520, 521, 522, 523, 524, 525, 526, 527, 528, 529, 530, 531, 532, 533, 534, 535, 536, 537, 538, 539, 540, 541, 542, 543, 544, 545, 546, 547, 548, 549, 550, 551, 552, 553, 554, 555, 556, 557, 558, 559, 560, 561, 562, 563, 564, 565, 566, 567, 568, 569, 570, 571, 572, 573]","[3, 6, 9, 15, 29, 44, 86, 89, 91, 102, 427, 444, 463, 489, 492, 494, 500, 512, 524, 557, 562, 573, 879, 894, 910]",[],"[63, 64, 240, 241, 242, 243, 370, 371, 372, 537, 538, 704, 705, 706, 707, 820, 821, 822]","[0, 1, 2, 3, 4, 5, 6, 7, 8, 9, 10, 11, 12, 13, 14, 15, 16, 17, 18, 19, 20, 21, 22, 23, 24, 25, 26, 27, 28, 29, 30, 31, 32, 33, 34, 35, 36, 37, 38, 39, 40, 41, 42, 43, 44, 45, 46, 47, 48, 49, 50, 51, 52, 53, 54, 55, 56, 57, 58, 59, 60, 61, 62, 63, 64, 65, 66, 67, 68, 69, 70, 71, 72, 73, 74, 75, 76, 77, 78, 79, 80, 81, 82, 83, 84, 85, 86, 87, 88, 89, 90, 91, 92, 93, 94, 95, 96, 97, 98, 99, 100, 101, 102, 528, 529, 530, 513, 531, 532, 533, 534, 535, 514, 536, 537, 538, 539, 540, 515, 541, 542, 543, 544, 545, 516, 546, 704, 547, 705, 706, 707, 548, 549, 550, 517, 551, 552, 553, 554, 555, 518, 556, 240, 241, 242, 557, 243, 757, 558, 559, 560, 519, 561, 562, 563, 564, 795, 565, 520, 566, 567, 298, 568, 569, 570, 820, 821, 521, 822, 571, 572, 573, 522, 339, 523, 879, 880, 370, 371, 372, 894, 524, 910, 525, 427, 428, 512, 526, 444, 527, 463, 485, 486, 487, 488, 489, 490, 491, 492, 493, 494, 495, 496, 497, 498, 499, 500, 501, 502, 503, 504, 505, 506, 507, 508, 509, 510, 511]",False,[],"[0, 1, 2, 3, 4, 5, 6, 7, 8, 9, 10, 11, 12, 13, 14, 15, 16, 17, 18, 19, 20, 21, 22, 23, 24, 25, 26, 27, 28, 29, 30, 31, 32, 33, 34, 35, 36, 37, 38, 39, 40, 41, 42, 43, 44, 45, 46, 47, 48, 49, 50, 51, 52, 53, 54, 55, 56, 57, 58, 59, 60, 61, 62, 63, 64, 65, 66, 67, 68, 69, 70, 71, 72, 73, 74, 75, 76, 77, 78, 79, 80, 81, 82, 83, 84, 85, 86, 87, 88, 89, 90, 91, 92, 93, 94, 95, 96, 97, 98, 99, 100, 101, 102, 485, 486, 487, 488, 489, 490, 491, 492, 493, 494, 495, 496, 497, 498, 499, 500, 501, 502, 503, 504, 505, 506, 507, 508, 509, 510, 511, 512, 513, 514, 515, 516, 517, 518, 519, 520, 521, 522, 523, 524, 525, 526, 527, 528, 529, 530, 531, 532, 533, 534, 535, 536, 537, 538, 539, 540, 541, 542, 543, 544, 545, 546, 547, 548, 549, 550, 551, 552, 553, 554, 555, 556, 557, 558, 559, 560, 561, 562, 563, 564, 565, 566, 567, 568, 569, 570, 571, 572, 573]","[298, 339, 428, 757, 795, 880]",[],"[3, 6, 9, 15, 29, 44, 86, 89, 91, 102, 427, 444, 463, 489, 492, 494, 500, 512, 524, 557, 562, 573, 879, 894, 910]","[63, 64, 240, 241, 242, 243, 370, 371, 372, 537, 538, 704, 705, 706, 707, 820, 821, 822]",[],2/6 successful match,False,,False,568,False,,,,,
"E Chino Valley , 86323 Petro Products",928-636-1020 1080 AZ 89 ( 15 mi N of Prescott ),00 <U+2610>,Chino Valley,86323,Petro Products,928-636-1020,2007,Chino Valley,AZ,,( 15 mi N of Prescott ),1080 AZ 89,Proper,,False,,False,AZ 89,,,,,[],[],"[298, 339, 428, 757, 795, 880]",[],"[0, 1, 2, 3, 4, 5, 6, 7, 8, 9, 10, 11, 12, 13, 14, 15, 16, 17, 18, 19, 20, 21, 22, 23, 24, 25, 26, 27, 28, 29, 30, 31, 32, 33, 34, 35, 36, 37, 38, 39, 40, 41, 42, 43, 44, 45, 46, 47, 48, 49, 50, 51, 52, 53, 54, 55, 56, 57, 58, 59, 60, 61, 62, 63, 64, 65, 66, 67, 68, 69, 70, 71, 72, 73, 74, 75, 76, 77, 78, 79, 80, 81, 82, 83, 84, 85, 86, 87, 88, 89, 90, 91, 92, 93, 94, 95, 96, 97, 98, 99, 100, 101, 102, 485, 486, 487, 488, 489, 490, 491, 492, 493, 494, 495, 496, 497, 498, 499, 500, 501, 502, 503, 504, 505, 506, 507, 508, 509, 510, 511, 512, 513, 514, 515, 516, 517, 518, 519, 520, 521, 522, 523, 524, 525, 526, 527, 528, 529, 530, 531, 532, 533, 534, 535, 536, 537, 538, 539, 540, 541, 542, 543, 544, 545, 546, 547, 548, 549, 550, 551, 552, 553, 554, 555, 556, 557, 558, 559, 560, 561, 562, 563, 564, 565, 566, 567, 568, 569, 570, 571, 572, 573]","[3, 6, 9, 15, 29, 44, 86, 89, 91, 102, 427, 444, 463, 489, 492, 494, 500, 512, 524, 557, 562, 573, 879, 894, 910]",[],"[63, 64, 240, 241, 242, 243, 370, 371, 372, 537, 538, 704, 705, 706, 707, 820, 821, 822]","[0, 1, 2, 3, 4, 5, 6, 7, 8, 9, 10, 11, 12, 13, 14, 15, 16, 17, 18, 19, 20, 21, 22, 23, 24, 25, 26, 27, 28, 29, 30, 31, 32, 33, 34, 35, 36, 37, 38, 39, 40, 41, 42, 43, 44, 45, 46, 47, 48, 49, 50, 51, 52, 53, 54, 55, 56, 57, 58, 59, 60, 61, 62, 63, 64, 65, 66, 67, 68, 69, 70, 71, 72, 73, 74, 75, 76, 77, 78, 79, 80, 81, 82, 83, 84, 85, 86, 87, 88, 89, 90, 91, 92, 93, 94, 95, 96, 97, 98, 99, 100, 101, 102, 528, 529, 530, 513, 531, 532, 533, 534, 535, 514, 536, 537, 538, 539, 540, 515, 541, 542, 543, 544, 545, 516, 546, 704, 547, 705, 706, 707, 548, 549, 550, 517, 551, 552, 553, 554, 555, 518, 556, 240, 241, 242, 557, 243, 757, 558, 559, 560, 519, 561, 562, 563, 564, 795, 565, 520, 566, 567, 298, 568, 569, 570, 820, 821, 521, 822, 571, 572, 573, 522, 339, 523, 879, 880, 370, 371, 372, 894, 524, 910, 525, 427, 428, 512, 526, 444, 527, 463, 485, 486, 487, 488, 489, 490, 491, 492, 493, 494, 495, 496, 497, 498, 499, 500, 501, 502, 503, 504, 505, 506, 507, 508, 509, 510, 511]",False,[],"[0, 1, 2, 3, 4, 5, 6, 7, 8, 9, 10, 11, 12, 13, 14, 15, 16, 17, 18, 19, 20, 21, 22, 23, 24, 25, 26, 27, 28, 29, 30, 31, 32, 33, 34, 35, 36, 37, 38, 39, 40, 41, 42, 43, 44, 45, 46, 47, 48, 49, 50, 51, 52, 53, 54, 55, 56, 57, 58, 59, 60, 61, 62, 63, 64, 65, 66, 67, 68, 69, 70, 71, 72, 73, 74, 75, 76, 77, 78, 79, 80, 81, 82, 83, 84, 85, 86, 87, 88, 89, 90, 91, 92, 93, 94, 95, 96, 97, 98, 99, 100, 101, 102, 485, 486, 487, 488, 489, 490, 491, 492, 493, 494, 495, 496, 497, 498, 499, 500, 501, 502, 503, 504, 505, 506, 507, 508, 509, 510, 511, 512, 513, 514, 515, 516, 517, 518, 519, 520, 521, 522, 523, 524, 525, 526, 527, 528, 529, 530, 531, 532, 533, 534, 535, 536, 537, 538, 539, 540, 541, 542, 543, 544, 545, 546, 547, 548, 549, 550, 551, 552, 553, 554, 555, 556, 557, 558, 559, 560, 561, 562, 563, 564, 565, 566, 567, 568, 569, 570, 571, 572, 573]","[298, 339, 428, 757, 795, 880]",[],"[3, 6, 9, 15, 29, 44, 86, 89, 91, 102, 427, 444, 463, 489, 492, 494, 500, 512, 524, 557, 562, 573, 879, 894, 910]","[63, 64, 240, 241, 242, 243, 370, 371, 372, 537, 538, 704, 705, 706, 707, 820, 821, 822]",[],2/6 successful match,False,,False,568,False,,1.0,True,Petro Products,
"E Chino Valley , 86323 Petro Products",3 928-636-1020 1080 AZ 89 ( 15 mi N of Prescott ),<U+2610> <U+25A1> <U+25A1> <U+2022>,Chino Valley,86323,Petro Products,928-636-1020,2008,Chino Valley,AZ,,( 15 mi N of Prescott ),1080 AZ 89,Proper,,False,,False,AZ 89,,,,,[],[],"[298, 339, 428, 757, 795, 880]",[],"[0, 1, 2, 3, 4, 5, 6, 7, 8, 9, 10, 11, 12, 13, 14, 15, 16, 17, 18, 19, 20, 21, 22, 23, 24, 25, 26, 27, 28, 29, 30, 31, 32, 33, 34, 35, 36, 37, 38, 39, 40, 41, 42, 43, 44, 45, 46, 47, 48, 49, 50, 51, 52, 53, 54, 55, 56, 57, 58, 59, 60, 61, 62, 63, 64, 65, 66, 67, 68, 69, 70, 71, 72, 73, 74, 75, 76, 77, 78, 79, 80, 81, 82, 83, 84, 85, 86, 87, 88, 89, 90, 91, 92, 93, 94, 95, 96, 97, 98, 99, 100, 101, 102, 485, 486, 487, 488, 489, 490, 491, 492, 493, 494, 495, 496, 497, 498, 499, 500, 501, 502, 503, 504, 505, 506, 507, 508, 509, 510, 511, 512, 513, 514, 515, 516, 517, 518, 519, 520, 521, 522, 523, 524, 525, 526, 527, 528, 529, 530, 531, 532, 533, 534, 535, 536, 537, 538, 539, 540, 541, 542, 543, 544, 545, 546, 547, 548, 549, 550, 551, 552, 553, 554, 555, 556, 557, 558, 559, 560, 561, 562, 563, 564, 565, 566, 567, 568, 569, 570, 571, 572, 573]","[3, 6, 9, 15, 29, 44, 86, 89, 91, 102, 427, 444, 463, 489, 492, 494, 500, 512, 524, 557, 562, 573, 879, 894, 910]",[],"[63, 64, 240, 241, 242, 243, 370, 371, 372, 537, 538, 704, 705, 706, 707, 820, 821, 822]","[0, 1, 2, 3, 4, 5, 6, 7, 8, 9, 10, 11, 12, 13, 14, 15, 16, 17, 18, 19, 20, 21, 22, 23, 24, 25, 26, 27, 28, 29, 30, 31, 32, 33, 34, 35, 36, 37, 38, 39, 40, 41, 42, 43, 44, 45, 46, 47, 48, 49, 50, 51, 52, 53, 54, 55, 56, 57, 58, 59, 60, 61, 62, 63, 64, 65, 66, 67, 68, 69, 70, 71, 72, 73, 74, 75, 76, 77, 78, 79, 80, 81, 82, 83, 84, 85, 86, 87, 88, 89, 90, 91, 92, 93, 94, 95, 96, 97, 98, 99, 100, 101, 102, 528, 529, 530, 513, 531, 532, 533, 534, 535, 514, 536, 537, 538, 539, 540, 515, 541, 542, 543, 544, 545, 516, 546, 704, 547, 705, 706, 707, 548, 549, 550, 517, 551, 552, 553, 554, 555, 518, 556, 240, 241, 242, 557, 243, 757, 558, 559, 560, 519, 561, 562, 563, 564, 795, 565, 520, 566, 567, 298, 568, 569, 570, 820, 821, 521, 822, 571, 572, 573, 522, 339, 523, 879, 880, 370, 371, 372, 894, 524, 910, 525, 427, 428, 512, 526, 444, 527, 463, 485, 486, 487, 488, 489, 490, 491, 492, 493, 494, 495, 496, 497, 498, 499, 500, 501, 502, 503, 504, 505, 506, 507, 508, 509, 510, 511]",False,[],"[0, 1, 2, 3, 4, 5, 6, 7, 8, 9, 10, 11, 12, 13, 14, 15, 16, 17, 18, 19, 20, 21, 22, 23, 24, 25, 26, 27, 28, 29, 30, 31, 32, 33, 34, 35, 36, 37, 38, 39, 40, 41, 42, 43, 44, 45, 46, 47, 48, 49, 50, 51, 52, 53, 54, 55, 56, 57, 58, 59, 60, 61, 62, 63, 64, 65, 66, 67, 68, 69, 70, 71, 72, 73, 74, 75, 76, 77, 78, 79, 80, 81, 82, 83, 84, 85, 86, 87, 88, 89, 90, 91, 92, 93, 94, 95, 96, 97, 98, 99, 100, 101, 102, 485, 486, 487, 488, 489, 490, 491, 492, 493, 494, 495, 496, 497, 498, 499, 500, 501, 502, 503, 504, 505, 506, 507, 508, 509, 510, 511, 512, 513, 514, 515, 516, 517, 518, 519, 520, 521, 522, 523, 524, 525, 526, 527, 528, 529, 530, 531, 532, 533, 534, 535, 536, 537, 538, 539, 540, 541, 542, 543, 544, 545, 546, 547, 548, 549, 550, 551, 552, 553, 554, 555, 556, 557, 558, 559, 560, 561, 562, 563, 564, 565, 566, 567, 568, 569, 570, 571, 572, 573]","[298, 339, 428, 757, 795, 880]",[],"[3, 6, 9, 15, 29, 44, 86, 89, 91, 102, 427, 444, 463, 489, 492, 494, 500, 512, 524, 557, 562, 573, 879, 894, 910]","[63, 64, 240, 241, 242, 243, 370, 371, 372, 537, 538, 704, 705, 706, 707, 820, 821, 822]",[],2/6 successful match,False,,False,568,False,,1.0,True,Petro Products,
"E Cordes Jct , 86333 Shell Travel Center # 323 )",928-632-4521 I-17 Exit 262 ( AZ 69 ),24,Cordes Jct,86333,Shell Travel Center # 323 ),928-632-4521,2007,Mayer,AZ,Shell,( AZ 69 ),I-17 Exit 262 ,Exit,262,False,,False,I-17,,,,,"[66, 541]","[47, 66, 527, 541]","[47, 66, 527, 541]",[],"[0, 1, 2, 3, 4, 5, 6, 7, 8, 9, 10, 11, 12, 13, 14, 15, 16, 17, 18, 19, 20, 21, 22, 23, 24, 25, 26, 27, 28, 29, 30, 31, 32, 33, 34, 35, 36, 37, 38, 39, 40, 41, 42, 43, 44, 45, 46, 47, 48, 49, 50, 51, 52, 53, 54, 55, 56, 57, 58, 59, 60, 61, 62, 63, 64, 65, 66, 67, 68, 69, 70, 71, 72, 73, 74, 75, 76, 77, 78, 79, 80, 81, 82, 83, 84, 85, 86, 87, 88, 89, 90, 91, 92, 93, 94, 95, 96, 97, 98, 99, 100, 101, 102, 485, 486, 487, 488, 489, 490, 491, 492, 493, 494, 495, 496, 497, 498, 499, 500, 501, 502, 503, 504, 505, 506, 507, 508, 509, 510, 511, 512, 513, 514, 515, 516, 517, 518, 519, 520, 521, 522, 523, 524, 525, 526, 527, 528, 529, 530, 531, 532, 533, 534, 535, 536, 537, 538, 539, 540, 541, 542, 543, 544, 545, 546, 547, 548, 549, 550, 551, 552, 553, 554, 555, 556, 557, 558, 559, 560, 561, 562, 563, 564, 565, 566, 567, 568, 569, 570, 571, 572, 573]","[1, 13, 47, 53, 66, 212, 398, 487, 498, 527, 541, 682, 903]","[1, 13, 14, 29, 54, 55, 56, 57, 58, 60, 102, 118, 125, 127, 130, 134, 146, 149, 153, 175, 182, 187, 189, 191, 197, 225, 230, 238, 264, 265, 266, 286, 302, 317, 336, 379, 388, 389, 425, 454, 458, 463, 475, 487, 498, 499, 512, 530, 531, 532, 533, 534, 536, 573, 589, 596, 598, 601, 605, 617, 620, 624, 646, 653, 658, 660, 662, 668, 689, 694, 702, 724, 725, 745, 760, 775, 793, 829, 838, 839, 877, 901, 903, 905, 910, 923]","[1, 13, 14, 29, 54, 55, 56, 57, 58, 60, 102, 118, 125, 127, 130, 134, 146, 149, 153, 175, 182, 187, 189, 191, 197, 225, 230, 238, 264, 265, 266, 286, 302, 317, 336, 354, 379, 388, 389, 425, 454, 458, 463, 475, 487, 498, 499, 512, 530, 531, 532, 533, 534, 536, 573, 589, 596, 598, 601, 605, 617, 620, 624, 646, 653, 658, 660, 662, 668, 689, 694, 702, 724, 725, 745, 760, 775, 793, 809, 829, 838, 839, 877, 901, 903, 905, 910, 923]","[0, 1, 2, 3, 4, 5, 6, 7, 8, 9, 10, 11, 12, 13, 14, 527, 15, 16, 17, 18, 19, 20, 21, 22, 23, 24, 25, 26, 27, 541, 28, 29, 30, 31, 32, 33, 34, 35, 36, 37, 38, 39, 40, 41, 42, 43, 44, 47, 45, 46, 48, 49, 50, 51, 52, 53, 54, 55, 56, 57, 58, 59, 60, 61, 62, 63, 66, 64, 65, 67, 68, 69, 70, 71, 72, 73, 74, 75, 76, 77, 78, 79, 80, 81, 82, 83, 84, 85, 86, 87, 88, 89, 90, 91, 92, 93, 94, 95, 96, 97, 98, 99, 100, 101, 102, 528, 529, 530, 617, 620, 513, 531, 624, 532, 118, 533, 125, 534, 127, 130, 535, 134, 646, 514, 536, 653, 537, 146, 538, 658, 149, 660, 662, 539, 153, 668, 540, 515, 542, 682, 543, 175, 689, 544, 182, 545, 694, 516, 187, 546, 189, 702, 191, 547, 197, 548, 549, 550, 517, 212, 551, 724, 725, 552, 553, 225, 554, 230, 555, 745, 518, 556, 238, 557, 558, 760, 559, 560, 519, 561, 264, 265, 266, 775, 562, 563, 564, 793, 565, 520, 286, 566, 567, 809, 568, 302, 569, 570, 521, 571, 317, 572, 829, 573, 838, 839, 522, 336, 354, 523, 877, 379, 524, 388, 389, 901, 903, 905, 398, 910, 589, 525, 923, 425, 512, 526, 596, 598, 454, 458, 463, 601, 475, 605, 485, 486, 487, 488, 489, 490, 491, 492, 493, 494, 495, 496, 497, 498, 499, 500, 501, 502, 503, 504, 505, 506, 507, 508, 509, 510, 511]",True,"[47, 66, 527, 541]","[0, 1, 2, 3, 4, 5, 6, 7, 8, 9, 10, 11, 12, 13, 14, 15, 16, 17, 18, 19, 20, 21, 22, 23, 24, 25, 26, 27, 28, 29, 30, 31, 32, 33, 34, 35, 36, 37, 38, 39, 40, 41, 42, 43, 44, 45, 46, 47, 48, 49, 50, 51, 52, 53, 54, 55, 56, 57, 58, 59, 60, 61, 62, 63, 64, 65, 66, 67, 68, 69, 70, 71, 72, 73, 74, 75, 76, 77, 78, 79, 80, 81, 82, 83, 84, 85, 86, 87, 88, 89, 90, 91, 92, 93, 94, 95, 96, 97, 98, 99, 100, 101, 102, 485, 486, 487, 488, 489, 490, 491, 492, 493, 494, 495, 496, 497, 498, 499, 500, 501, 502, 503, 504, 505, 506, 507, 508, 509, 510, 511, 512, 513, 514, 515, 516, 517, 518, 519, 520, 521, 522, 523, 524, 525, 526, 527, 528, 529, 530, 531, 532, 533, 534, 535, 536, 537, 538, 539, 540, 541, 542, 543, 544, 545, 546, 547, 548, 549, 550, 551, 552, 553, 554, 555, 556, 557, 558, 559, 560, 561, 562, 563, 564, 565, 566, 567, 568, 569, 570, 571, 572, 573]","[47, 66, 527, 541]",[],"[1, 13, 47, 53, 66, 212, 398, 487, 498, 527, 541, 682, 903]","[1, 13, 14, 29, 54, 55, 56, 57, 58, 60, 102, 118, 125, 127, 130, 134, 146, 149, 153, 175, 182, 187, 189, 191, 197, 225, 230, 238, 264, 265, 266, 286, 302, 317, 336, 354, 379, 388, 389, 425, 454, 458, 463, 475, 487, 498, 499, 512, 530, 531, 532, 533, 534, 536, 573, 589, 596, 598, 601, 605, 617, 620, 624, 646, 653, 658, 660, 662, 668, 689, 694, 702, 724, 725, 745, 760, 775, 793, 809, 829, 838, 839, 877, 901, 903, 905, 910, 923]","[1, 13, 14, 29, 54, 55, 56, 57, 58, 60, 102, 118, 125, 127, 130, 134, 146, 149, 153, 175, 182, 187, 189, 191, 197, 225, 230, 238, 264, 265, 266, 286, 302, 317, 336, 379, 388, 389, 425, 454, 458, 463, 475, 487, 498, 499, 512, 530, 531, 532, 533, 534, 536, 573, 589, 596, 598, 601, 605, 617, 620, 624, 646, 653, 658, 660, 662, 668, 689, 694, 702, 724, 725, 745, 760, 775, 793, 829, 838, 839, 877, 901, 903, 905, 910, 923]",5/6 successful match,True,"[73, 74]",True,569,False,,,,,
"E Cordes Junction , 86333 Shell Travel Center # 323",4 928-632-4521 I-17 Exit 262 ( AZ 69 ),24 HRS M <U+2610> <U+2610>,Cordes Junction,86333,Shell Travel Center # 323,928-632-4521,2008,Mayer,AZ,Shell,( AZ 69 ),I-17 Exit 262 ,Exit,262,False,,False,I-17,,,,,"[66, 541]","[47, 66, 527, 541]","[47, 66, 527, 541]",[],"[0, 1, 2, 3, 4, 5, 6, 7, 8, 9, 10, 11, 12, 13, 14, 15, 16, 17, 18, 19, 20, 21, 22, 23, 24, 25, 26, 27, 28, 29, 30, 31, 32, 33, 34, 35, 36, 37, 38, 39, 40, 41, 42, 43, 44, 45, 46, 47, 48, 49, 50, 51, 52, 53, 54, 55, 56, 57, 58, 59, 60, 61, 62, 63, 64, 65, 66, 67, 68, 69, 70, 71, 72, 73, 74, 75, 76, 77, 78, 79, 80, 81, 82, 83, 84, 85, 86, 87, 88, 89, 90, 91, 92, 93, 94, 95, 96, 97, 98, 99, 100, 101, 102, 485, 486, 487, 488, 489, 490, 491, 492, 493, 494, 495, 496, 497, 498, 499, 500, 501, 502, 503, 504, 505, 506, 507, 508, 509, 510, 511, 512, 513, 514, 515, 516, 517, 518, 519, 520, 521, 522, 523, 524, 525, 526, 527, 528, 529, 530, 531, 532, 533, 534, 535, 536, 537, 538, 539, 540, 541, 542, 543, 544, 545, 546, 547, 548, 549, 550, 551, 552, 553, 554, 555, 556, 557, 558, 559, 560, 561, 562, 563, 564, 565, 566, 567, 568, 569, 570, 571, 572, 573]","[1, 13, 47, 53, 66, 212, 398, 487, 498, 527, 541, 682, 903]","[1, 13, 14, 29, 54, 55, 56, 57, 58, 60, 102, 118, 125, 127, 130, 134, 146, 149, 153, 175, 182, 187, 189, 191, 197, 225, 230, 238, 264, 265, 266, 286, 302, 317, 336, 379, 388, 389, 425, 454, 458, 463, 475, 487, 498, 499, 512, 530, 531, 532, 533, 534, 536, 573, 589, 596, 598, 601, 605, 617, 620, 624, 646, 653, 658, 660, 662, 668, 689, 694, 702, 724, 725, 745, 760, 775, 793, 829, 838, 839, 877, 901, 903, 905, 910, 923]","[1, 13, 14, 29, 54, 55, 56, 57, 58, 60, 102, 118, 125, 127, 130, 134, 146, 149, 153, 175, 182, 187, 189, 191, 197, 225, 230, 238, 264, 265, 266, 286, 302, 317, 336, 354, 379, 388, 389, 425, 454, 458, 463, 475, 487, 498, 499, 512, 530, 531, 532, 533, 534, 536, 573, 589, 596, 598, 601, 605, 617, 620, 624, 646, 653, 658, 660, 662, 668, 689, 694, 702, 724, 725, 745, 760, 775, 793, 809, 829, 838, 839, 877, 901, 903, 905, 910, 923]","[0, 1, 2, 3, 4, 5, 6, 7, 8, 9, 10, 11, 12, 13, 14, 527, 15, 16, 17, 18, 19, 20, 21, 22, 23, 24, 25, 26, 27, 541, 28, 29, 30, 31, 32, 33, 34, 35, 36, 37, 38, 39, 40, 41, 42, 43, 44, 47, 45, 46, 48, 49, 50, 51, 52, 53, 54, 55, 56, 57, 58, 59, 60, 61, 62, 63, 66, 64, 65, 67, 68, 69, 70, 71, 72, 73, 74, 75, 76, 77, 78, 79, 80, 81, 82, 83, 84, 85, 86, 87, 88, 89, 90, 91, 92, 93, 94, 95, 96, 97, 98, 99, 100, 101, 102, 528, 529, 530, 617, 620, 513, 531, 624, 532, 118, 533, 125, 534, 127, 130, 535, 134, 646, 514, 536, 653, 537, 146, 538, 658, 149, 660, 662, 539, 153, 668, 540, 515, 542, 682, 543, 175, 689, 544, 182, 545, 694, 516, 187, 546, 189, 702, 191, 547, 197, 548, 549, 550, 517, 212, 551, 724, 725, 552, 553, 225, 554, 230, 555, 745, 518, 556, 238, 557, 558, 760, 559, 560, 519, 561, 264, 265, 266, 775, 562, 563, 564, 793, 565, 520, 286, 566, 567, 809, 568, 302, 569, 570, 521, 571, 317, 572, 829, 573, 838, 839, 522, 336, 354, 523, 877, 379, 524, 388, 389, 901, 903, 905, 398, 910, 589, 525, 923, 425, 512, 526, 596, 598, 454, 458, 463, 601, 475, 605, 485, 486, 487, 488, 489, 490, 491, 492, 493, 494, 495, 496, 497, 498, 499, 500, 501, 502, 503, 504, 505, 506, 507, 508, 509, 510, 511]",True,"[47, 66, 527, 541]","[0, 1, 2, 3, 4, 5, 6, 7, 8, 9, 10, 11, 12, 13, 14, 15, 16, 17, 18, 19, 20, 21, 22, 23, 24, 25, 26, 27, 28, 29, 30, 31, 32, 33, 34, 35, 36, 37, 38, 39, 40, 41, 42, 43, 44, 45, 46, 47, 48, 49, 50, 51, 52, 53, 54, 55, 56, 57, 58, 59, 60, 61, 62, 63, 64, 65, 66, 67, 68, 69, 70, 71, 72, 73, 74, 75, 76, 77, 78, 79, 80, 81, 82, 83, 84, 85, 86, 87, 88, 89, 90, 91, 92, 93, 94, 95, 96, 97, 98, 99, 100, 101, 102, 485, 486, 487, 488, 489, 490, 491, 492, 493, 494, 495, 496, 497, 498, 499, 500, 501, 502, 503, 504, 505, 506, 507, 508, 509, 510, 511, 512, 513, 514, 515, 516, 517, 518, 519, 520, 521, 522, 523, 524, 525, 526, 527, 528, 529, 530, 531, 532, 533, 534, 535, 536, 537, 538, 539, 540, 541, 542, 543, 544, 545, 546, 547, 548, 549, 550, 551, 552, 553, 554, 555, 556, 557, 558, 559, 560, 561, 562, 563, 564, 565, 566, 567, 568, 569, 570, 571, 572, 573]","[47, 66, 527, 541]",[],"[1, 13, 47, 53, 66, 212, 398, 487, 498, 527, 541, 682, 903]","[1, 13, 14, 29, 54, 55, 56, 57, 58, 60, 102, 118, 125, 127, 130, 134, 146, 149, 153, 175, 182, 187, 189, 191, 197, 225, 230, 238, 264, 265, 266, 286, 302, 317, 336, 354, 379, 388, 389, 425, 454, 458, 463, 475, 487, 498, 499, 512, 530, 531, 532, 533, 534, 536, 573, 589, 596, 598, 601, 605, 617, 620, 624, 646, 653, 658, 660, 662, 668, 689, 694, 702, 724, 725, 745, 760, 775, 793, 809, 829, 838, 839, 877, 901, 903, 905, 910, 923]","[1, 13, 14, 29, 54, 55, 56, 57, 58, 60, 102, 118, 125, 127, 130, 134, 146, 149, 153, 175, 182, 187, 189, 191, 197, 225, 230, 238, 264, 265, 266, 286, 302, 317, 336, 379, 388, 389, 425, 454, 458, 463, 475, 487, 498, 499, 512, 530, 531, 532, 533, 534, 536, 573, 589, 596, 598, 601, 605, 617, 620, 624, 646, 653, 658, 660, 662, 668, 689, 694, 702, 724, 725, 745, 760, 775, 793, 829, 838, 839, 877, 901, 903, 905, 910, 923]",5/6 successful match,True,"[73, 74]",True,569,False,,1.0,True,Shell Travel Center # 323 ),Shell
Cordes Junction ( 86333 ) Shell Travel Center # 323,928-632-4521 I-17 Exit 262 ( AZ 69 ),24,Cordes Junction,86333,Shell Travel Center # 323,928-632-4521,2014,Mayer,AZ,Shell,( AZ 69 ),I-17 Exit 262 ,Exit,262,False,,False,I-17,,,,,"[66, 541]","[47, 66, 527, 541]","[47, 66, 527, 541]",[],"[0, 1, 2, 3, 4, 5, 6, 7, 8, 9, 10, 11, 12, 13, 14, 15, 16, 17, 18, 19, 20, 21, 22, 23, 24, 25, 26, 27, 28, 29, 30, 31, 32, 33, 34, 35, 36, 37, 38, 39, 40, 41, 42, 43, 44, 45, 46, 47, 48, 49, 50, 51, 52, 53, 54, 55, 56, 57, 58, 59, 60, 61, 62, 63, 64, 65, 66, 67, 68, 69, 70, 71, 72, 73, 74, 75, 76, 77, 78, 79, 80, 81, 82, 83, 84, 85, 86, 87, 88, 89, 90, 91, 92, 93, 94, 95, 96, 97, 98, 99, 100, 101, 102, 485, 486, 487, 488, 489, 490, 491, 492, 493, 494, 495, 496, 497, 498, 499, 500, 501, 502, 503, 504, 505, 506, 507, 508, 509, 510, 511, 512, 513, 514, 515, 516, 517, 518, 519, 520, 521, 522, 523, 524, 525, 526, 527, 528, 529, 530, 531, 532, 533, 534, 535, 536, 537, 538, 539, 540, 541, 542, 543, 544, 545, 546, 547, 548, 549, 550, 551, 552, 553, 554, 555, 556, 557, 558, 559, 560, 561, 562, 563, 564, 565, 566, 567, 568, 569, 570, 571, 572, 573]","[1, 13, 47, 53, 66, 212, 398, 487, 498, 527, 541, 682, 903]","[1, 13, 14, 29, 54, 55, 56, 57, 58, 60, 102, 118, 125, 127, 130, 134, 146, 149, 153, 175, 182, 187, 189, 191, 197, 225, 230, 238, 264, 265, 266, 286, 302, 317, 336, 379, 388, 389, 425, 454, 458, 463, 475, 487, 498, 499, 512, 530, 531, 532, 533, 534, 536, 573, 589, 596, 598, 601, 605, 617, 620, 624, 646, 653, 658, 660, 662, 668, 689, 694, 702, 724, 725, 745, 760, 775, 793, 829, 838, 839, 877, 901, 903, 905, 910, 923]","[1, 13, 14, 29, 54, 55, 56, 57, 58, 60, 102, 118, 125, 127, 130, 134, 146, 149, 153, 175, 182, 187, 189, 191, 197, 225, 230, 238, 264, 265, 266, 286, 302, 317, 336, 354, 379, 388, 389, 425, 454, 458, 463, 475, 487, 498, 499, 512, 530, 531, 532, 533, 534, 536, 573, 589, 596, 598, 601, 605, 617, 620, 624, 646, 653, 658, 660, 662, 668, 689, 694, 702, 724, 725, 745, 760, 775, 793, 809, 829, 838, 839, 877, 901, 903, 905, 910, 923]","[0, 1, 2, 3, 4, 5, 6, 7, 8, 9, 10, 11, 12, 13, 14, 527, 15, 16, 17, 18, 19, 20, 21, 22, 23, 24, 25, 26, 27, 541, 28, 29, 30, 31, 32, 33, 34, 35, 36, 37, 38, 39, 40, 41, 42, 43, 44, 47, 45, 46, 48, 49, 50, 51, 52, 53, 54, 55, 56, 57, 58, 59, 60, 61, 62, 63, 66, 64, 65, 67, 68, 69, 70, 71, 72, 73, 74, 75, 76, 77, 78, 79, 80, 81, 82, 83, 84, 85, 86, 87, 88, 89, 90, 91, 92, 93, 94, 95, 96, 97, 98, 99, 100, 101, 102, 528, 529, 530, 617, 620, 513, 531, 624, 532, 118, 533, 125, 534, 127, 130, 535, 134, 646, 514, 536, 653, 537, 146, 538, 658, 149, 660, 662, 539, 153, 668, 540, 515, 542, 682, 543, 175, 689, 544, 182, 545, 694, 516, 187, 546, 189, 702, 191, 547, 197, 548, 549, 550, 517, 212, 551, 724, 725, 552, 553, 225, 554, 230, 555, 745, 518, 556, 238, 557, 558, 760, 559, 560, 519, 561, 264, 265, 266, 775, 562, 563, 564, 793, 565, 520, 286, 566, 567, 809, 568, 302, 569, 570, 521, 571, 317, 572, 829, 573, 838, 839, 522, 336, 354, 523, 877, 379, 524, 388, 389, 901, 903, 905, 398, 910, 589, 525, 923, 425, 512, 526, 596, 598, 454, 458, 463, 601, 475, 605, 485, 486, 487, 488, 489, 490, 491, 492, 493, 494, 495, 496, 497, 498, 499, 500, 501, 502, 503, 504, 505, 506, 507, 508, 509, 510, 511]",True,"[47, 66, 527, 541]","[0, 1, 2, 3, 4, 5, 6, 7, 8, 9, 10, 11, 12, 13, 14, 15, 16, 17, 18, 19, 20, 21, 22, 23, 24, 25, 26, 27, 28, 29, 30, 31, 32, 33, 34, 35, 36, 37, 38, 39, 40, 41, 42, 43, 44, 45, 46, 47, 48, 49, 50, 51, 52, 53, 54, 55, 56, 57, 58, 59, 60, 61, 62, 63, 64, 65, 66, 67, 68, 69, 70, 71, 72, 73, 74, 75, 76, 77, 78, 79, 80, 81, 82, 83, 84, 85, 86, 87, 88, 89, 90, 91, 92, 93, 94, 95, 96, 97, 98, 99, 100, 101, 102, 485, 486, 487, 488, 489, 490, 491, 492, 493, 494, 495, 496, 497, 498, 499, 500, 501, 502, 503, 504, 505, 506, 507, 508, 509, 510, 511, 512, 513, 514, 515, 516, 517, 518, 519, 520, 521, 522, 523, 524, 525, 526, 527, 528, 529, 530, 531, 532, 533, 534, 535, 536, 537, 538, 539, 540, 541, 542, 543, 544, 545, 546, 547, 548, 549, 550, 551, 552, 553, 554, 555, 556, 557, 558, 559, 560, 561, 562, 563, 564, 565, 566, 567, 568, 569, 570, 571, 572, 573]","[47, 66, 527, 541]",[],"[1, 13, 47, 53, 66, 212, 398, 487, 498, 527, 541, 682, 903]","[1, 13, 14, 29, 54, 55, 56, 57, 58, 60, 102, 118, 125, 127, 130, 134, 146, 149, 153, 175, 182, 187, 189, 191, 197, 225, 230, 238, 264, 265, 266, 286, 302, 317, 336, 354, 379, 388, 389, 425, 454, 458, 463, 475, 487, 498, 499, 512, 530, 531, 532, 533, 534, 536, 573, 589, 596, 598, 601, 605, 617, 620, 624, 646, 653, 658, 660, 662, 668, 689, 694, 702, 724, 725, 745, 760, 775, 793, 809, 829, 838, 839, 877, 901, 903, 905, 910, 923]","[1, 13, 14, 29, 54, 55, 56, 57, 58, 60, 102, 118, 125, 127, 130, 134, 146, 149, 153, 175, 182, 187, 189, 191, 197, 225, 230, 238, 264, 265, 266, 286, 302, 317, 336, 379, 388, 389, 425, 454, 458, 463, 475, 487, 498, 499, 512, 530, 531, 532, 533, 534, 536, 573, 589, 596, 598, 601, 605, 617, 620, 624, 646, 653, 658, 660, 662, 668, 689, 694, 702, 724, 725, 745, 760, 775, 793, 829, 838, 839, 877, 901, 903, 905, 910, 923]",5/6 successful match,True,"[73, 74]",True,569,False,,1.0,True,Shell Travel Center # 323,Shell
Cordes Junction ( 86333 ) Shell Travel Center # 323,928-632-4521 I-17 Exit 262 NB / 263 SB,24 M D,Cordes Junction,86333,Shell Travel Center # 323,928-632-4521,2015,Mayer,AZ,Shell,,I-17 Exit 262 NB / 263 SB,Exit,262,False,,False,I-17,,263,,,"[66, 541]","[47, 66, 527, 541]","[47, 66, 527, 541]","[47, 66, 527, 541]","[0, 1, 2, 3, 4, 5, 6, 7, 8, 9, 10, 11, 12, 13, 14, 15, 16, 17, 18, 19, 20, 21, 22, 23, 24, 25, 26, 27, 28, 29, 30, 31, 32, 33, 34, 35, 36, 37, 38, 39, 40, 41, 42, 43, 44, 45, 46, 47, 48, 49, 50, 51, 52, 53, 54, 55, 56, 57, 58, 59, 60, 61, 62, 63, 64, 65, 66, 67, 68, 69, 70, 71, 72, 73, 74, 75, 76, 77, 78, 79, 80, 81, 82, 83, 84, 85, 86, 87, 88, 89, 90, 91, 92, 93, 94, 95, 96, 97, 98, 99, 100, 101, 102, 485, 486, 487, 488, 489, 490, 491, 492, 493, 494, 495, 496, 497, 498, 499, 500, 501, 502, 503, 504, 505, 506, 507, 508, 509, 510, 511, 512, 513, 514, 515, 516, 517, 518, 519, 520, 521, 522, 523, 524, 525, 526, 527, 528, 529, 530, 531, 532, 533, 534, 535, 536, 537, 538, 539, 540, 541, 542, 543, 544, 545, 546, 547, 548, 549, 550, 551, 552, 553, 554, 555, 556, 557, 558, 559, 560, 561, 562, 563, 564, 565, 566, 567, 568, 569, 570, 571, 572, 573]","[1, 13, 47, 53, 66, 212, 398, 487, 498, 527, 541, 682, 903]","[1, 13, 14, 29, 54, 55, 56, 57, 58, 60, 102, 118, 125, 127, 130, 134, 146, 149, 153, 175, 182, 187, 189, 191, 197, 225, 230, 238, 264, 265, 266, 286, 302, 317, 336, 379, 388, 389, 425, 454, 458, 463, 475, 487, 498, 499, 512, 530, 531, 532, 533, 534, 536, 573, 589, 596, 598, 601, 605, 617, 620, 624, 646, 653, 658, 660, 662, 668, 689, 694, 702, 724, 725, 745, 760, 775, 793, 829, 838, 839, 877, 901, 903, 905, 910, 923]","[1, 13, 14, 29, 54, 55, 56, 57, 58, 60, 102, 118, 125, 127, 130, 134, 146, 149, 153, 175, 182, 187, 189, 191, 197, 225, 230, 238, 264, 265, 266, 286, 302, 317, 336, 354, 379, 388, 389, 425, 454, 458, 463, 475, 487, 498, 499, 512, 530, 531, 532, 533, 534, 536, 573, 589, 596, 598, 601, 605, 617, 620, 624, 646, 653, 658, 660, 662, 668, 689, 694, 702, 724, 725, 745, 760, 775, 793, 809, 829, 838, 839, 877, 901, 903, 905, 910, 923]","[0, 1, 2, 3, 4, 5, 6, 7, 8, 9, 10, 11, 12, 13, 14, 527, 15, 16, 17, 18, 19, 20, 21, 22, 23, 24, 25, 26, 27, 541, 28, 29, 30, 31, 32, 33, 34, 35, 36, 37, 38, 39, 40, 41, 42, 43, 44, 47, 45, 46, 48, 49, 50, 51, 52, 53, 54, 55, 56, 57, 58, 59, 60, 61, 62, 63, 66, 64, 65, 67, 68, 69, 70, 71, 72, 73, 74, 75, 76, 77, 78, 79, 80, 81, 82, 83, 84, 85, 86, 87, 88, 89, 90, 91, 92, 93, 94, 95, 96, 97, 98, 99, 100, 101, 102, 528, 529, 530, 617, 620, 513, 531, 624, 532, 118, 533, 125, 534, 127, 130, 535, 134, 646, 514, 536, 653, 537, 146, 538, 658, 149, 660, 662, 539, 153, 668, 540, 515, 542, 682, 543, 175, 689, 544, 182, 545, 694, 516, 187, 546, 189, 702, 191, 547, 197, 548, 549, 550, 517, 212, 551, 724, 725, 552, 553, 225, 554, 230, 555, 745, 518, 556, 238, 557, 558, 760, 559, 560, 519, 561, 264, 265, 266, 775, 562, 563, 564, 793, 565, 520, 286, 566, 567, 809, 568, 302, 569, 570, 521, 571, 317, 572, 829, 573, 838, 839, 522, 336, 354, 523, 877, 379, 524, 388, 389, 901, 903, 905, 398, 910, 589, 525, 923, 425, 512, 526, 596, 598, 454, 458, 463, 601, 475, 605, 485, 486, 487, 488, 489, 490, 491, 492, 493, 494, 495, 496, 497, 498, 499, 500, 501, 502, 503, 504, 505, 506, 507, 508, 509, 510, 511]",True,"[47, 66, 527, 541]","[0, 1, 2, 3, 4, 5, 6, 7, 8, 9, 10, 11, 12, 13, 14, 15, 16, 17, 18, 19, 20, 21, 22, 23, 24, 25, 26, 27, 28, 29, 30, 31, 32, 33, 34, 35, 36, 37, 38, 39, 40, 41, 42, 43, 44, 45, 46, 47, 48, 49, 50, 51, 52, 53, 54, 55, 56, 57, 58, 59, 60, 61, 62, 63, 64, 65, 66, 67, 68, 69, 70, 71, 72, 73, 74, 75, 76, 77, 78, 79, 80, 81, 82, 83, 84, 85, 86, 87, 88, 89, 90, 91, 92, 93, 94, 95, 96, 97, 98, 99, 100, 101, 102, 485, 486, 487, 488, 489, 490, 491, 492, 493, 494, 495, 496, 497, 498, 499, 500, 501, 502, 503, 504, 505, 506, 507, 508, 509, 510, 511, 512, 513, 514, 515, 516, 517, 518, 519, 520, 521, 522, 523, 524, 525, 526, 527, 528, 529, 530, 531, 532, 533, 534, 535, 536, 537, 538, 539, 540, 541, 542, 543, 544, 545, 546, 547, 548, 549, 550, 551, 552, 553, 554, 555, 556, 557, 558, 559, 560, 561, 562, 563, 564, 565, 566, 567, 568, 569, 570, 571, 572, 573]","[47, 66, 527, 541]","[47, 66, 527, 541]","[1, 13, 47, 53, 66, 212, 398, 487, 498, 527, 541, 682, 903]","[1, 13, 14, 29, 54, 55, 56, 57, 58, 60, 102, 118, 125, 127, 130, 134, 146, 149, 153, 175, 182, 187, 189, 191, 197, 225, 230, 238, 264, 265, 266, 286, 302, 317, 336, 354, 379, 388, 389, 425, 454, 458, 463, 475, 487, 498, 499, 512, 530, 531, 532, 533, 534, 536, 573, 589, 596, 598, 601, 605, 617, 620, 624, 646, 653, 658, 660, 662, 668, 689, 694, 702, 724, 725, 745, 760, 775, 793, 809, 829, 838, 839, 877, 901, 903, 905, 910, 923]","[1, 13, 14, 29, 54, 55, 56, 57, 58, 60, 102, 118, 125, 127, 130, 134, 146, 149, 153, 175, 182, 187, 189, 191, 197, 225, 230, 238, 264, 265, 266, 286, 302, 317, 336, 379, 388, 389, 425, 454, 458, 463, 475, 487, 498, 499, 512, 530, 531, 532, 533, 534, 536, 573, 589, 596, 598, 601, 605, 617, 620, 624, 646, 653, 658, 660, 662, 668, 689, 694, 702, 724, 725, 745, 760, 775, 793, 829, 838, 839, 877, 901, 903, 905, 910, 923]",5/6 successful match,True,"[73, 74]",True,569,False,,1.0,True,Shell Travel Center # 323,Shell
Cordes Junction ( 86333 ) Shell Travel Center # 323,928-632-4521 I-17 Exit 262 NB / 263 SB,24 MOO,Cordes Junction,86333,Shell Travel Center # 323,928-632-4521,2016,Mayer,AZ,Shell,,I-17 Exit 262 NB / 263 SB,Exit,262,False,,False,I-17,,263,,,"[66, 541]","[47, 66, 527, 541]","[47, 66, 527, 541]","[47, 66, 527, 541]","[0, 1, 2, 3, 4, 5, 6, 7, 8, 9, 10, 11, 12, 13, 14, 15, 16, 17, 18, 19, 20, 21, 22, 23, 24, 25, 26, 27, 28, 29, 30, 31, 32, 33, 34, 35, 36, 37, 38, 39, 40, 41, 42, 43, 44, 45, 46, 47, 48, 49, 50, 51, 52, 53, 54, 55, 56, 57, 58, 59, 60, 61, 62, 63, 64, 65, 66, 67, 68, 69, 70, 71, 72, 73, 74, 75, 76, 77, 78, 79, 80, 81, 82, 83, 84, 85, 86, 87, 88, 89, 90, 91, 92, 93, 94, 95, 96, 97, 98, 99, 100, 101, 102, 485, 486, 487, 488, 489, 490, 491, 492, 493, 494, 495, 496, 497, 498, 499, 500, 501, 502, 503, 504, 505, 506, 507, 508, 509, 510, 511, 512, 513, 514, 515, 516, 517, 518, 519, 520, 521, 522, 523, 524, 525, 526, 527, 528, 529, 530, 531, 532, 533, 534, 535, 536, 537, 538, 539, 540, 541, 542, 543, 544, 545, 546, 547, 548, 549, 550, 551, 552, 553, 554, 555, 556, 557, 558, 559, 560, 561, 562, 563, 564, 565, 566, 567, 568, 569, 570, 571, 572, 573]","[1, 13, 47, 53, 66, 212, 398, 487, 498, 527, 541, 682, 903]","[1, 13, 14, 29, 54, 55, 56, 57, 58, 60, 102, 118, 125, 127, 130, 134, 146, 149, 153, 175, 182, 187, 189, 191, 197, 225, 230, 238, 264, 265, 266, 286, 302, 317, 336, 379, 388, 389, 425, 454, 458, 463, 475, 487, 498, 499, 512, 530, 531, 532, 533, 534, 536, 573, 589, 596, 598, 601, 605, 617, 620, 624, 646, 653, 658, 660, 662, 668, 689, 694, 702, 724, 725, 745, 760, 775, 793, 829, 838, 839, 877, 901, 903, 905, 910, 923]","[1, 13, 14, 29, 54, 55, 56, 57, 58, 60, 102, 118, 125, 127, 130, 134, 146, 149, 153, 175, 182, 187, 189, 191, 197, 225, 230, 238, 264, 265, 266, 286, 302, 317, 336, 354, 379, 388, 389, 425, 454, 458, 463, 475, 487, 498, 499, 512, 530, 531, 532, 533, 534, 536, 573, 589, 596, 598, 601, 605, 617, 620, 624, 646, 653, 658, 660, 662, 668, 689, 694, 702, 724, 725, 745, 760, 775, 793, 809, 829, 838, 839, 877, 901, 903, 905, 910, 923]","[0, 1, 2, 3, 4, 5, 6, 7, 8, 9, 10, 11, 12, 13, 14, 527, 15, 16, 17, 18, 19, 20, 21, 22, 23, 24, 25, 26, 27, 541, 28, 29, 30, 31, 32, 33, 34, 35, 36, 37, 38, 39, 40, 41, 42, 43, 44, 47, 45, 46, 48, 49, 50, 51, 52, 53, 54, 55, 56, 57, 58, 59, 60, 61, 62, 63, 66, 64, 65, 67, 68, 69, 70, 71, 72, 73, 74, 75, 76, 77, 78, 79, 80, 81, 82, 83, 84, 85, 86, 87, 88, 89, 90, 91, 92, 93, 94, 95, 96, 97, 98, 99, 100, 101, 102, 528, 529, 530, 617, 620, 513, 531, 624, 532, 118, 533, 125, 534, 127, 130, 535, 134, 646, 514, 536, 653, 537, 146, 538, 658, 149, 660, 662, 539, 153, 668, 540, 515, 542, 682, 543, 175, 689, 544, 182, 545, 694, 516, 187, 546, 189, 702, 191, 547, 197, 548, 549, 550, 517, 212, 551, 724, 725, 552, 553, 225, 554, 230, 555, 745, 518, 556, 238, 557, 558, 760, 559, 560, 519, 561, 264, 265, 266, 775, 562, 563, 564, 793, 565, 520, 286, 566, 567, 809, 568, 302, 569, 570, 521, 571, 317, 572, 829, 573, 838, 839, 522, 336, 354, 523, 877, 379, 524, 388, 389, 901, 903, 905, 398, 910, 589, 525, 923, 425, 512, 526, 596, 598, 454, 458, 463, 601, 475, 605, 485, 486, 487, 488, 489, 490, 491, 492, 493, 494, 495, 496, 497, 498, 499, 500, 501, 502, 503, 504, 505, 506, 507, 508, 509, 510, 511]",True,"[47, 66, 527, 541]","[0, 1, 2, 3, 4, 5, 6, 7, 8, 9, 10, 11, 12, 13, 14, 15, 16, 17, 18, 19, 20, 21, 22, 23, 24, 25, 26, 27, 28, 29, 30, 31, 32, 33, 34, 35, 36, 37, 38, 39, 40, 41, 42, 43, 44, 45, 46, 47, 48, 49, 50, 51, 52, 53, 54, 55, 56, 57, 58, 59, 60, 61, 62, 63, 64, 65, 66, 67, 68, 69, 70, 71, 72, 73, 74, 75, 76, 77, 78, 79, 80, 81, 82, 83, 84, 85, 86, 87, 88, 89, 90, 91, 92, 93, 94, 95, 96, 97, 98, 99, 100, 101, 102, 485, 486, 487, 488, 489, 490, 491, 492, 493, 494, 495, 496, 497, 498, 499, 500, 501, 502, 503, 504, 505, 506, 507, 508, 509, 510, 511, 512, 513, 514, 515, 516, 517, 518, 519, 520, 521, 522, 523, 524, 525, 526, 527, 528, 529, 530, 531, 532, 533, 534, 535, 536, 537, 538, 539, 540, 541, 542, 543, 544, 545, 546, 547, 548, 549, 550, 551, 552, 553, 554, 555, 556, 557, 558, 559, 560, 561, 562, 563, 564, 565, 566, 567, 568, 569, 570, 571, 572, 573]","[47, 66, 527, 541]","[47, 66, 527, 541]","[1, 13, 47, 53, 66, 212, 398, 487, 498, 527, 541, 682, 903]","[1, 13, 14, 29, 54, 55, 56, 57, 58, 60, 102, 118, 125, 127, 130, 134, 146, 149, 153, 175, 182, 187, 189, 191, 197, 225, 230, 238, 264, 265, 266, 286, 302, 317, 336, 354, 379, 388, 389, 425, 454, 458, 463, 475, 487, 498, 499, 512, 530, 531, 532, 533, 534, 536, 573, 589, 596, 598, 601, 605, 617, 620, 624, 646, 653, 658, 660, 662, 668, 689, 694, 702, 724, 725, 745, 760, 775, 793, 809, 829, 838, 839, 877, 901, 903, 905, 910, 923]","[1, 13, 14, 29, 54, 55, 56, 57, 58, 60, 102, 118, 125, 127, 130, 134, 146, 149, 153, 175, 182, 187, 189, 191, 197, 225, 230, 238, 264, 265, 266, 286, 302, 317, 336, 379, 388, 389, 425, 454, 458, 463, 475, 487, 498, 499, 512, 530, 531, 532, 533, 534, 536, 573, 589, 596, 598, 601, 605, 617, 620, 624, 646, 653, 658, 660, 662, 668, 689, 694, 702, 724, 725, 745, 760, 775, 793, 829, 838, 839, 877, 901, 903, 905, 910, 923]",5/6 successful match,True,"[73, 74]",True,569,False,,1.0,True,Shell Travel Center # 323,Shell
"Kingman , 86401 USA Travel Center",928-753-1818 I-40 Exit 48 ( US 93 N ),HRS <U+2610> <U+2610>,Kingman,86401,USA Travel Center,928-753-1818,2006,Kingman,AZ,,( US 93 N ),I-40 Exit 48 ,Exit,48,False,,False,I-40,,,,,[],"[11, 21, 26, 35, 64, 94, 496, 505, 509, 516, 538, 565]","[11, 21, 26, 35, 64, 94, 496, 505, 509, 516, 538, 565]","[26, 94, 343, 375, 509, 565, 799, 825]","[0, 1, 2, 3, 4, 5, 6, 7, 8, 9, 10, 11, 12, 13, 14, 15, 16, 17, 18, 19, 20, 21, 22, 23, 24, 25, 26, 27, 28, 29, 30, 31, 32, 33, 34, 35, 36, 37, 38, 39, 40, 41, 42, 43, 44, 45, 46, 47, 48, 49, 50, 51, 52, 53, 54, 55, 56, 57, 58, 59, 60, 61, 62, 63, 64, 65, 66, 67, 68, 69, 70, 71, 72, 73, 74, 75, 76, 77, 78, 79, 80, 81, 82, 83, 84, 85, 86, 87, 88, 89, 90, 91, 92, 93, 94, 95, 96, 97, 98, 99, 100, 101, 102, 485, 486, 487, 488, 489, 490, 491, 492, 493, 494, 495, 496, 497, 498, 499, 500, 501, 502, 503, 504, 505, 506, 507, 508, 509, 510, 511, 512, 513, 514, 515, 516, 517, 518, 519, 520, 521, 522, 523, 524, 525, 526, 527, 528, 529, 530, 531, 532, 533, 534, 535, 536, 537, 538, 539, 540, 541, 542, 543, 544, 545, 546, 547, 548, 549, 550, 551, 552, 553, 554, 555, 556, 557, 558, 559, 560, 561, 562, 563, 564, 565, 566, 567, 568, 569, 570, 571, 572, 573]","[4, 11, 18, 21, 23, 26, 27, 28, 31, 35, 36, 43, 45, 52, 55, 56, 60, 62, 64, 70, 71, 80, 90, 94, 97, 183, 197, 232, 334, 426, 455, 472, 477, 478, 480, 483, 484, 490, 496, 505, 507, 509, 510, 511, 514, 516, 517, 523, 525, 529, 532, 533, 536, 538, 545, 546, 552, 561, 565, 568, 654, 668, 696, 790, 857, 878, 902, 919, 928, 929, 932, 934, 935]",[],[],"[0, 1, 2, 3, 516, 4, 5, 6, 7, 8, 9, 11, 10, 12, 13, 14, 15, 16, 17, 18, 19, 21, 20, 22, 23, 24, 538, 26, 25, 27, 28, 29, 30, 31, 32, 35, 33, 34, 36, 37, 38, 39, 40, 41, 42, 43, 44, 45, 46, 47, 48, 49, 50, 565, 51, 52, 53, 54, 55, 56, 57, 58, 59, 60, 64, 61, 62, 63, 65, 66, 67, 68, 69, 70, 71, 72, 73, 74, 75, 76, 77, 78, 79, 80, 81, 82, 83, 84, 85, 86, 87, 88, 89, 90, 94, 91, 92, 93, 95, 96, 97, 98, 99, 100, 101, 102, 528, 529, 530, 513, 531, 532, 533, 534, 535, 514, 536, 537, 654, 539, 668, 540, 515, 541, 542, 543, 544, 545, 183, 696, 546, 547, 197, 548, 549, 550, 517, 551, 552, 553, 554, 232, 555, 518, 556, 557, 558, 559, 560, 519, 561, 562, 563, 564, 790, 520, 799, 566, 567, 568, 569, 570, 521, 825, 571, 572, 573, 334, 522, 343, 857, 523, 878, 375, 524, 902, 919, 525, 928, 929, 932, 934, 935, 426, 512, 526, 455, 527, 472, 477, 478, 480, 483, 484, 485, 486, 487, 488, 489, 490, 491, 492, 493, 494, 495, 496, 497, 498, 499, 500, 501, 502, 503, 504, 505, 506, 507, 508, 509, 510, 511]",False,"[11, 21, 26, 35, 64, 94, 496, 505, 509, 516, 538, 565]","[0, 1, 2, 3, 4, 5, 6, 7, 8, 9, 10, 11, 12, 13, 14, 15, 16, 17, 18, 19, 20, 21, 22, 23, 24, 25, 26, 27, 28, 29, 30, 31, 32, 33, 34, 35, 36, 37, 38, 39, 40, 41, 42, 43, 44, 45, 46, 47, 48, 49, 50, 51, 52, 53, 54, 55, 56, 57, 58, 59, 60, 61, 62, 63, 64, 65, 66, 67, 68, 69, 70, 71, 72, 73, 74, 75, 76, 77, 78, 79, 80, 81, 82, 83, 84, 85, 86, 87, 88, 89, 90, 91, 92, 93, 94, 95, 96, 97, 98, 99, 100, 101, 102, 485, 486, 487, 488, 489, 490, 491, 492, 493, 494, 495, 496, 497, 498, 499, 500, 501, 502, 503, 504, 505, 506, 507, 508, 509, 510, 511, 512, 513, 514, 515, 516, 517, 518, 519, 520, 521, 522, 523, 524, 525, 526, 527, 528, 529, 530, 531, 532, 533, 534, 535, 536, 537, 538, 539, 540, 541, 542, 543, 544, 545, 546, 547, 548, 549, 550, 551, 552, 553, 554, 555, 556, 557, 558, 559, 560, 561, 562, 563, 564, 565, 566, 567, 568, 569, 570, 571, 572, 573]","[11, 21, 26, 35, 64, 94, 496, 505, 509, 516, 538, 565]","[26, 94, 343, 375, 509, 565, 799, 825]","[4, 11, 18, 21, 23, 26, 27, 28, 31, 35, 36, 43, 45, 52, 55, 56, 60, 62, 64, 70, 71, 80, 90, 94, 97, 183, 197, 232, 334, 426, 455, 472, 477, 478, 480, 483, 484, 490, 496, 505, 507, 509, 510, 511, 514, 516, 517, 523, 525, 529, 532, 533, 536, 538, 545, 546, 552, 561, 565, 568, 654, 668, 696, 790, 857, 878, 902, 919, 928, 929, 932, 934, 935]",[],[],7/6 successful match,False,[553],True,570,False,,,,,
"Kingman , 86401 USA Travel Center",928-753-1818 I-40 Exit 48 ( US 93 N ),MOO,Kingman,86401,USA Travel Center,928-753-1818,2007,Kingman,AZ,,( US 93 N ),I-40 Exit 48 ,Exit,48,False,,False,I-40,,,,,[],"[11, 21, 26, 35, 64, 94, 496, 505, 509, 516, 538, 565]","[11, 21, 26, 35, 64, 94, 496, 505, 509, 516, 538, 565]","[26, 94, 343, 375, 509, 565, 799, 825]","[0, 1, 2, 3, 4, 5, 6, 7, 8, 9, 10, 11, 12, 13, 14, 15, 16, 17, 18, 19, 20, 21, 22, 23, 24, 25, 26, 27, 28, 29, 30, 31, 32, 33, 34, 35, 36, 37, 38, 39, 40, 41, 42, 43, 44, 45, 46, 47, 48, 49, 50, 51, 52, 53, 54, 55, 56, 57, 58, 59, 60, 61, 62, 63, 64, 65, 66, 67, 68, 69, 70, 71, 72, 73, 74, 75, 76, 77, 78, 79, 80, 81, 82, 83, 84, 85, 86, 87, 88, 89, 90, 91, 92, 93, 94, 95, 96, 97, 98, 99, 100, 101, 102, 485, 486, 487, 488, 489, 490, 491, 492, 493, 494, 495, 496, 497, 498, 499, 500, 501, 502, 503, 504, 505, 506, 507, 508, 509, 510, 511, 512, 513, 514, 515, 516, 517, 518, 519, 520, 521, 522, 523, 524, 525, 526, 527, 528, 529, 530, 531, 532, 533, 534, 535, 536, 537, 538, 539, 540, 541, 542, 543, 544, 545, 546, 547, 548, 549, 550, 551, 552, 553, 554, 555, 556, 557, 558, 559, 560, 561, 562, 563, 564, 565, 566, 567, 568, 569, 570, 571, 572, 573]","[4, 11, 18, 21, 23, 26, 27, 28, 31, 35, 36, 43, 45, 52, 55, 56, 60, 62, 64, 70, 71, 80, 90, 94, 97, 183, 197, 232, 334, 426, 455, 472, 477, 478, 480, 483, 484, 490, 496, 505, 507, 509, 510, 511, 514, 516, 517, 523, 525, 529, 532, 533, 536, 538, 545, 546, 552, 561, 565, 568, 654, 668, 696, 790, 857, 878, 902, 919, 928, 929, 932, 934, 935]",[],[],"[0, 1, 2, 3, 516, 4, 5, 6, 7, 8, 9, 11, 10, 12, 13, 14, 15, 16, 17, 18, 19, 21, 20, 22, 23, 24, 538, 26, 25, 27, 28, 29, 30, 31, 32, 35, 33, 34, 36, 37, 38, 39, 40, 41, 42, 43, 44, 45, 46, 47, 48, 49, 50, 565, 51, 52, 53, 54, 55, 56, 57, 58, 59, 60, 64, 61, 62, 63, 65, 66, 67, 68, 69, 70, 71, 72, 73, 74, 75, 76, 77, 78, 79, 80, 81, 82, 83, 84, 85, 86, 87, 88, 89, 90, 94, 91, 92, 93, 95, 96, 97, 98, 99, 100, 101, 102, 528, 529, 530, 513, 531, 532, 533, 534, 535, 514, 536, 537, 654, 539, 668, 540, 515, 541, 542, 543, 544, 545, 183, 696, 546, 547, 197, 548, 549, 550, 517, 551, 552, 553, 554, 232, 555, 518, 556, 557, 558, 559, 560, 519, 561, 562, 563, 564, 790, 520, 799, 566, 567, 568, 569, 570, 521, 825, 571, 572, 573, 334, 522, 343, 857, 523, 878, 375, 524, 902, 919, 525, 928, 929, 932, 934, 935, 426, 512, 526, 455, 527, 472, 477, 478, 480, 483, 484, 485, 486, 487, 488, 489, 490, 491, 492, 493, 494, 495, 496, 497, 498, 499, 500, 501, 502, 503, 504, 505, 506, 507, 508, 509, 510, 511]",False,"[11, 21, 26, 35, 64, 94, 496, 505, 509, 516, 538, 565]","[0, 1, 2, 3, 4, 5, 6, 7, 8, 9, 10, 11, 12, 13, 14, 15, 16, 17, 18, 19, 20, 21, 22, 23, 24, 25, 26, 27, 28, 29, 30, 31, 32, 33, 34, 35, 36, 37, 38, 39, 40, 41, 42, 43, 44, 45, 46, 47, 48, 49, 50, 51, 52, 53, 54, 55, 56, 57, 58, 59, 60, 61, 62, 63, 64, 65, 66, 67, 68, 69, 70, 71, 72, 73, 74, 75, 76, 77, 78, 79, 80, 81, 82, 83, 84, 85, 86, 87, 88, 89, 90, 91, 92, 93, 94, 95, 96, 97, 98, 99, 100, 101, 102, 485, 486, 487, 488, 489, 490, 491, 492, 493, 494, 495, 496, 497, 498, 499, 500, 501, 502, 503, 504, 505, 506, 507, 508, 509, 510, 511, 512, 513, 514, 515, 516, 517, 518, 519, 520, 521, 522, 523, 524, 525, 526, 527, 528, 529, 530, 531, 532, 533, 534, 535, 536, 537, 538, 539, 540, 541, 542, 543, 544, 545, 546, 547, 548, 549, 550, 551, 552, 553, 554, 555, 556, 557, 558, 559, 560, 561, 562, 563, 564, 565, 566, 567, 568, 569, 570, 571, 572, 573]","[11, 21, 26, 35, 64, 94, 496, 505, 509, 516, 538, 565]","[26, 94, 343, 375, 509, 565, 799, 825]","[4, 11, 18, 21, 23, 26, 27, 28, 31, 35, 36, 43, 45, 52, 55, 56, 60, 62, 64, 70, 71, 80, 90, 94, 97, 183, 197, 232, 334, 426, 455, 472, 477, 478, 480, 483, 484, 490, 496, 505, 507, 509, 510, 511, 514, 516, 517, 523, 525, 529, 532, 533, 536, 538, 545, 546, 552, 561, 565, 568, 654, 668, 696, 790, 857, 878, 902, 919, 928, 929, 932, 934, 935]",[],[],7/6 successful match,False,[553],True,570,False,,1.0,True,USA Travel Center,
"Kingman , 86401 USA Travel Center",2 928-753-1818 I-40 Exit 48 ( US 93 N ),24 HRS S,Kingman,86401,USA Travel Center,928-753-1818,2008,Kingman,AZ,,( US 93 N ),I-40 Exit 48 ,Exit,48,False,,False,I-40,,,,,[],"[11, 21, 26, 35, 64, 94, 496, 505, 509, 516, 538, 565]","[11, 21, 26, 35, 64, 94, 496, 505, 509, 516, 538, 565]","[26, 94, 343, 375, 509, 565, 799, 825]","[0, 1, 2, 3, 4, 5, 6, 7, 8, 9, 10, 11, 12, 13, 14, 15, 16, 17, 18, 19, 20, 21, 22, 23, 24, 25, 26, 27, 28, 29, 30, 31, 32, 33, 34, 35, 36, 37, 38, 39, 40, 41, 42, 43, 44, 45, 46, 47, 48, 49, 50, 51, 52, 53, 54, 55, 56, 57, 58, 59, 60, 61, 62, 63, 64, 65, 66, 67, 68, 69, 70, 71, 72, 73, 74, 75, 76, 77, 78, 79, 80, 81, 82, 83, 84, 85, 86, 87, 88, 89, 90, 91, 92, 93, 94, 95, 96, 97, 98, 99, 100, 101, 102, 485, 486, 487, 488, 489, 490, 491, 492, 493, 494, 495, 496, 497, 498, 499, 500, 501, 502, 503, 504, 505, 506, 507, 508, 509, 510, 511, 512, 513, 514, 515, 516, 517, 518, 519, 520, 521, 522, 523, 524, 525, 526, 527, 528, 529, 530, 531, 532, 533, 534, 535, 536, 537, 538, 539, 540, 541, 542, 543, 544, 545, 546, 547, 548, 549, 550, 551, 552, 553, 554, 555, 556, 557, 558, 559, 560, 561, 562, 563, 564, 565, 566, 567, 568, 569, 570, 571, 572, 573]","[4, 11, 18, 21, 23, 26, 27, 28, 31, 35, 36, 43, 45, 52, 55, 56, 60, 62, 64, 70, 71, 80, 90, 94, 97, 183, 197, 232, 334, 426, 455, 472, 477, 478, 480, 483, 484, 490, 496, 505, 507, 509, 510, 511, 514, 516, 517, 523, 525, 529, 532, 533, 536, 538, 545, 546, 552, 561, 565, 568, 654, 668, 696, 790, 857, 878, 902, 919, 928, 929, 932, 934, 935]",[],[],"[0, 1, 2, 3, 516, 4, 5, 6, 7, 8, 9, 11, 10, 12, 13, 14, 15, 16, 17, 18, 19, 21, 20, 22, 23, 24, 538, 26, 25, 27, 28, 29, 30, 31, 32, 35, 33, 34, 36, 37, 38, 39, 40, 41, 42, 43, 44, 45, 46, 47, 48, 49, 50, 565, 51, 52, 53, 54, 55, 56, 57, 58, 59, 60, 64, 61, 62, 63, 65, 66, 67, 68, 69, 70, 71, 72, 73, 74, 75, 76, 77, 78, 79, 80, 81, 82, 83, 84, 85, 86, 87, 88, 89, 90, 94, 91, 92, 93, 95, 96, 97, 98, 99, 100, 101, 102, 528, 529, 530, 513, 531, 532, 533, 534, 535, 514, 536, 537, 654, 539, 668, 540, 515, 541, 542, 543, 544, 545, 183, 696, 546, 547, 197, 548, 549, 550, 517, 551, 552, 553, 554, 232, 555, 518, 556, 557, 558, 559, 560, 519, 561, 562, 563, 564, 790, 520, 799, 566, 567, 568, 569, 570, 521, 825, 571, 572, 573, 334, 522, 343, 857, 523, 878, 375, 524, 902, 919, 525, 928, 929, 932, 934, 935, 426, 512, 526, 455, 527, 472, 477, 478, 480, 483, 484, 485, 486, 487, 488, 489, 490, 491, 492, 493, 494, 495, 496, 497, 498, 499, 500, 501, 502, 503, 504, 505, 506, 507, 508, 509, 510, 511]",False,"[11, 21, 26, 35, 64, 94, 496, 505, 509, 516, 538, 565]","[0, 1, 2, 3, 4, 5, 6, 7, 8, 9, 10, 11, 12, 13, 14, 15, 16, 17, 18, 19, 20, 21, 22, 23, 24, 25, 26, 27, 28, 29, 30, 31, 32, 33, 34, 35, 36, 37, 38, 39, 40, 41, 42, 43, 44, 45, 46, 47, 48, 49, 50, 51, 52, 53, 54, 55, 56, 57, 58, 59, 60, 61, 62, 63, 64, 65, 66, 67, 68, 69, 70, 71, 72, 73, 74, 75, 76, 77, 78, 79, 80, 81, 82, 83, 84, 85, 86, 87, 88, 89, 90, 91, 92, 93, 94, 95, 96, 97, 98, 99, 100, 101, 102, 485, 486, 487, 488, 489, 490, 491, 492, 493, 494, 495, 496, 497, 498, 499, 500, 501, 502, 503, 504, 505, 506, 507, 508, 509, 510, 511, 512, 513, 514, 515, 516, 517, 518, 519, 520, 521, 522, 523, 524, 525, 526, 527, 528, 529, 530, 531, 532, 533, 534, 535, 536, 537, 538, 539, 540, 541, 542, 543, 544, 545, 546, 547, 548, 549, 550, 551, 552, 553, 554, 555, 556, 557, 558, 559, 560, 561, 562, 563, 564, 565, 566, 567, 568, 569, 570, 571, 572, 573]","[11, 21, 26, 35, 64, 94, 496, 505, 509, 516, 538, 565]","[26, 94, 343, 375, 509, 565, 799, 825]","[4, 11, 18, 21, 23, 26, 27, 28, 31, 35, 36, 43, 45, 52, 55, 56, 60, 62, 64, 70, 71, 80, 90, 94, 97, 183, 197, 232, 334, 426, 455, 472, 477, 478, 480, 483, 484, 490, 496, 505, 507, 509, 510, 511, 514, 516, 517, 523, 525, 529, 532, 533, 536, 538, 545, 546, 552, 561, 565, 568, 654, 668, 696, 790, 857, 878, 902, 919, 928, 929, 932, 934, 935]",[],[],7/6 successful match,False,[553],True,570,False,,1.0,True,USA Travel Center,
D Kingman ( 86401 ) USA Travel Center,2 928-753-1818 I-40 Exit 48 ( US 93 N ),24 M,Kingman,86401,USA Travel Center,928-753-1818,2014,Kingman,AZ,,( US 93 N ),I-40 Exit 48 ,Exit,48,False,,False,I-40,,,,,[],"[11, 21, 26, 35, 64, 94, 496, 505, 509, 516, 538, 565]","[11, 21, 26, 35, 64, 94, 496, 505, 509, 516, 538, 565]","[26, 94, 343, 375, 509, 565, 799, 825]","[0, 1, 2, 3, 4, 5, 6, 7, 8, 9, 10, 11, 12, 13, 14, 15, 16, 17, 18, 19, 20, 21, 22, 23, 24, 25, 26, 27, 28, 29, 30, 31, 32, 33, 34, 35, 36, 37, 38, 39, 40, 41, 42, 43, 44, 45, 46, 47, 48, 49, 50, 51, 52, 53, 54, 55, 56, 57, 58, 59, 60, 61, 62, 63, 64, 65, 66, 67, 68, 69, 70, 71, 72, 73, 74, 75, 76, 77, 78, 79, 80, 81, 82, 83, 84, 85, 86, 87, 88, 89, 90, 91, 92, 93, 94, 95, 96, 97, 98, 99, 100, 101, 102, 485, 486, 487, 488, 489, 490, 491, 492, 493, 494, 495, 496, 497, 498, 499, 500, 501, 502, 503, 504, 505, 506, 507, 508, 509, 510, 511, 512, 513, 514, 515, 516, 517, 518, 519, 520, 521, 522, 523, 524, 525, 526, 527, 528, 529, 530, 531, 532, 533, 534, 535, 536, 537, 538, 539, 540, 541, 542, 543, 544, 545, 546, 547, 548, 549, 550, 551, 552, 553, 554, 555, 556, 557, 558, 559, 560, 561, 562, 563, 564, 565, 566, 567, 568, 569, 570, 571, 572, 573]","[4, 11, 18, 21, 23, 26, 27, 28, 31, 35, 36, 43, 45, 52, 55, 56, 60, 62, 64, 70, 71, 80, 90, 94, 97, 183, 197, 232, 334, 426, 455, 472, 477, 478, 480, 483, 484, 490, 496, 505, 507, 509, 510, 511, 514, 516, 517, 523, 525, 529, 532, 533, 536, 538, 545, 546, 552, 561, 565, 568, 654, 668, 696, 790, 857, 878, 902, 919, 928, 929, 932, 934, 935]",[],[],"[0, 1, 2, 3, 516, 4, 5, 6, 7, 8, 9, 11, 10, 12, 13, 14, 15, 16, 17, 18, 19, 21, 20, 22, 23, 24, 538, 26, 25, 27, 28, 29, 30, 31, 32, 35, 33, 34, 36, 37, 38, 39, 40, 41, 42, 43, 44, 45, 46, 47, 48, 49, 50, 565, 51, 52, 53, 54, 55, 56, 57, 58, 59, 60, 64, 61, 62, 63, 65, 66, 67, 68, 69, 70, 71, 72, 73, 74, 75, 76, 77, 78, 79, 80, 81, 82, 83, 84, 85, 86, 87, 88, 89, 90, 94, 91, 92, 93, 95, 96, 97, 98, 99, 100, 101, 102, 528, 529, 530, 513, 531, 532, 533, 534, 535, 514, 536, 537, 654, 539, 668, 540, 515, 541, 542, 543, 544, 545, 183, 696, 546, 547, 197, 548, 549, 550, 517, 551, 552, 553, 554, 232, 555, 518, 556, 557, 558, 559, 560, 519, 561, 562, 563, 564, 790, 520, 799, 566, 567, 568, 569, 570, 521, 825, 571, 572, 573, 334, 522, 343, 857, 523, 878, 375, 524, 902, 919, 525, 928, 929, 932, 934, 935, 426, 512, 526, 455, 527, 472, 477, 478, 480, 483, 484, 485, 486, 487, 488, 489, 490, 491, 492, 493, 494, 495, 496, 497, 498, 499, 500, 501, 502, 503, 504, 505, 506, 507, 508, 509, 510, 511]",False,"[11, 21, 26, 35, 64, 94, 496, 505, 509, 516, 538, 565]","[0, 1, 2, 3, 4, 5, 6, 7, 8, 9, 10, 11, 12, 13, 14, 15, 16, 17, 18, 19, 20, 21, 22, 23, 24, 25, 26, 27, 28, 29, 30, 31, 32, 33, 34, 35, 36, 37, 38, 39, 40, 41, 42, 43, 44, 45, 46, 47, 48, 49, 50, 51, 52, 53, 54, 55, 56, 57, 58, 59, 60, 61, 62, 63, 64, 65, 66, 67, 68, 69, 70, 71, 72, 73, 74, 75, 76, 77, 78, 79, 80, 81, 82, 83, 84, 85, 86, 87, 88, 89, 90, 91, 92, 93, 94, 95, 96, 97, 98, 99, 100, 101, 102, 485, 486, 487, 488, 489, 490, 491, 492, 493, 494, 495, 496, 497, 498, 499, 500, 501, 502, 503, 504, 505, 506, 507, 508, 509, 510, 511, 512, 513, 514, 515, 516, 517, 518, 519, 520, 521, 522, 523, 524, 525, 526, 527, 528, 529, 530, 531, 532, 533, 534, 535, 536, 537, 538, 539, 540, 541, 542, 543, 544, 545, 546, 547, 548, 549, 550, 551, 552, 553, 554, 555, 556, 557, 558, 559, 560, 561, 562, 563, 564, 565, 566, 567, 568, 569, 570, 571, 572, 573]","[11, 21, 26, 35, 64, 94, 496, 505, 509, 516, 538, 565]","[26, 94, 343, 375, 509, 565, 799, 825]","[4, 11, 18, 21, 23, 26, 27, 28, 31, 35, 36, 43, 45, 52, 55, 56, 60, 62, 64, 70, 71, 80, 90, 94, 97, 183, 197, 232, 334, 426, 455, 472, 477, 478, 480, 483, 484, 490, 496, 505, 507, 509, 510, 511, 514, 516, 517, 523, 525, 529, 532, 533, 536, 538, 545, 546, 552, 561, 565, 568, 654, 668, 696, 790, 857, 878, 902, 919, 928, 929, 932, 934, 935]",[],[],7/6 successful match,False,[553],True,570,False,,1.0,True,USA Travel Center,
D Kingman ( 86401 ) USA Travel Center,928-753-1818 I-40 Exit 48 ( US 93 N ),24 85 M <U+25A1>,Kingman,86401,USA Travel Center,928-753-1818,2015,Kingman,AZ,,( US 93 N ),I-40 Exit 48 ,Exit,48,False,,False,I-40,,,,,[],"[11, 21, 26, 35, 64, 94, 496, 505, 509, 516, 538, 565]","[11, 21, 26, 35, 64, 94, 496, 505, 509, 516, 538, 565]","[26, 94, 343, 375, 509, 565, 799, 825]","[0, 1, 2, 3, 4, 5, 6, 7, 8, 9, 10, 11, 12, 13, 14, 15, 16, 17, 18, 19, 20, 21, 22, 23, 24, 25, 26, 27, 28, 29, 30, 31, 32, 33, 34, 35, 36, 37, 38, 39, 40, 41, 42, 43, 44, 45, 46, 47, 48, 49, 50, 51, 52, 53, 54, 55, 56, 57, 58, 59, 60, 61, 62, 63, 64, 65, 66, 67, 68, 69, 70, 71, 72, 73, 74, 75, 76, 77, 78, 79, 80, 81, 82, 83, 84, 85, 86, 87, 88, 89, 90, 91, 92, 93, 94, 95, 96, 97, 98, 99, 100, 101, 102, 485, 486, 487, 488, 489, 490, 491, 492, 493, 494, 495, 496, 497, 498, 499, 500, 501, 502, 503, 504, 505, 506, 507, 508, 509, 510, 511, 512, 513, 514, 515, 516, 517, 518, 519, 520, 521, 522, 523, 524, 525, 526, 527, 528, 529, 530, 531, 532, 533, 534, 535, 536, 537, 538, 539, 540, 541, 542, 543, 544, 545, 546, 547, 548, 549, 550, 551, 552, 553, 554, 555, 556, 557, 558, 559, 560, 561, 562, 563, 564, 565, 566, 567, 568, 569, 570, 571, 572, 573]","[4, 11, 18, 21, 23, 26, 27, 28, 31, 35, 36, 43, 45, 52, 55, 56, 60, 62, 64, 70, 71, 80, 90, 94, 97, 183, 197, 232, 334, 426, 455, 472, 477, 478, 480, 483, 484, 490, 496, 505, 507, 509, 510, 511, 514, 516, 517, 523, 525, 529, 532, 533, 536, 538, 545, 546, 552, 561, 565, 568, 654, 668, 696, 790, 857, 878, 902, 919, 928, 929, 932, 934, 935]",[],[],"[0, 1, 2, 3, 516, 4, 5, 6, 7, 8, 9, 11, 10, 12, 13, 14, 15, 16, 17, 18, 19, 21, 20, 22, 23, 24, 538, 26, 25, 27, 28, 29, 30, 31, 32, 35, 33, 34, 36, 37, 38, 39, 40, 41, 42, 43, 44, 45, 46, 47, 48, 49, 50, 565, 51, 52, 53, 54, 55, 56, 57, 58, 59, 60, 64, 61, 62, 63, 65, 66, 67, 68, 69, 70, 71, 72, 73, 74, 75, 76, 77, 78, 79, 80, 81, 82, 83, 84, 85, 86, 87, 88, 89, 90, 94, 91, 92, 93, 95, 96, 97, 98, 99, 100, 101, 102, 528, 529, 530, 513, 531, 532, 533, 534, 535, 514, 536, 537, 654, 539, 668, 540, 515, 541, 542, 543, 544, 545, 183, 696, 546, 547, 197, 548, 549, 550, 517, 551, 552, 553, 554, 232, 555, 518, 556, 557, 558, 559, 560, 519, 561, 562, 563, 564, 790, 520, 799, 566, 567, 568, 569, 570, 521, 825, 571, 572, 573, 334, 522, 343, 857, 523, 878, 375, 524, 902, 919, 525, 928, 929, 932, 934, 935, 426, 512, 526, 455, 527, 472, 477, 478, 480, 483, 484, 485, 486, 487, 488, 489, 490, 491, 492, 493, 494, 495, 496, 497, 498, 499, 500, 501, 502, 503, 504, 505, 506, 507, 508, 509, 510, 511]",False,"[11, 21, 26, 35, 64, 94, 496, 505, 509, 516, 538, 565]","[0, 1, 2, 3, 4, 5, 6, 7, 8, 9, 10, 11, 12, 13, 14, 15, 16, 17, 18, 19, 20, 21, 22, 23, 24, 25, 26, 27, 28, 29, 30, 31, 32, 33, 34, 35, 36, 37, 38, 39, 40, 41, 42, 43, 44, 45, 46, 47, 48, 49, 50, 51, 52, 53, 54, 55, 56, 57, 58, 59, 60, 61, 62, 63, 64, 65, 66, 67, 68, 69, 70, 71, 72, 73, 74, 75, 76, 77, 78, 79, 80, 81, 82, 83, 84, 85, 86, 87, 88, 89, 90, 91, 92, 93, 94, 95, 96, 97, 98, 99, 100, 101, 102, 485, 486, 487, 488, 489, 490, 491, 492, 493, 494, 495, 496, 497, 498, 499, 500, 501, 502, 503, 504, 505, 506, 507, 508, 509, 510, 511, 512, 513, 514, 515, 516, 517, 518, 519, 520, 521, 522, 523, 524, 525, 526, 527, 528, 529, 530, 531, 532, 533, 534, 535, 536, 537, 538, 539, 540, 541, 542, 543, 544, 545, 546, 547, 548, 549, 550, 551, 552, 553, 554, 555, 556, 557, 558, 559, 560, 561, 562, 563, 564, 565, 566, 567, 568, 569, 570, 571, 572, 573]","[11, 21, 26, 35, 64, 94, 496, 505, 509, 516, 538, 565]","[26, 94, 343, 375, 509, 565, 799, 825]","[4, 11, 18, 21, 23, 26, 27, 28, 31, 35, 36, 43, 45, 52, 55, 56, 60, 62, 64, 70, 71, 80, 90, 94, 97, 183, 197, 232, 334, 426, 455, 472, 477, 478, 480, 483, 484, 490, 496, 505, 507, 509, 510, 511, 514, 516, 517, 523, 525, 529, 532, 533, 536, 538, 545, 546, 552, 561, 565, 568, 654, 668, 696, 790, 857, 878, 902, 919, 928, 929, 932, 934, 935]",[],[],7/6 successful match,False,[553],True,570,False,,1.0,True,USA Travel Center,
E Lake Havasu City ( 86404 ) Love's Travel Stop # 386,928-764-1505 I-40 Exit 9 ( AZ 95 S ),,Lake Havasu City,86404,Love's Travel Stop # 386,928-764-1505,2014,Lake Havasu City,AZ,Love's,( AZ 95 S ),I-40 Exit 9 ,Exit,9,False,,False,I-40,,,,,"[523, 43]","[71, 546]","[43, 66, 71, 104, 411, 414, 417, 420, 430, 441, 446, 448, 449, 450, 468, 523, 541, 546, 575, 860, 862, 865, 868, 869, 872, 882, 896, 897, 915]","[16, 43, 71, 463, 501, 523, 546, 857, 910]","[0, 1, 2, 3, 4, 5, 6, 7, 8, 9, 10, 11, 12, 13, 14, 15, 16, 17, 18, 19, 20, 21, 22, 23, 24, 25, 26, 27, 28, 29, 30, 31, 32, 33, 34, 35, 36, 37, 38, 39, 40, 41, 42, 43, 44, 45, 46, 47, 48, 49, 50, 51, 52, 53, 54, 55, 56, 57, 58, 59, 60, 61, 62, 63, 64, 65, 66, 67, 68, 69, 70, 71, 72, 73, 74, 75, 76, 77, 78, 79, 80, 81, 82, 83, 84, 85, 86, 87, 88, 89, 90, 91, 92, 93, 94, 95, 96, 97, 98, 99, 100, 101, 102, 485, 486, 487, 488, 489, 490, 491, 492, 493, 494, 495, 496, 497, 498, 499, 500, 501, 502, 503, 504, 505, 506, 507, 508, 509, 510, 511, 512, 513, 514, 515, 516, 517, 518, 519, 520, 521, 522, 523, 524, 525, 526, 527, 528, 529, 530, 531, 532, 533, 534, 535, 536, 537, 538, 539, 540, 541, 542, 543, 544, 545, 546, 547, 548, 549, 550, 551, 552, 553, 554, 555, 556, 557, 558, 559, 560, 561, 562, 563, 564, 565, 566, 567, 568, 569, 570, 571, 572, 573]","[4, 11, 18, 21, 23, 26, 27, 28, 31, 35, 36, 43, 45, 52, 55, 56, 60, 62, 64, 70, 71, 80, 90, 94, 97, 183, 197, 232, 334, 426, 455, 472, 477, 478, 480, 483, 484, 490, 496, 505, 507, 509, 510, 511, 514, 516, 517, 523, 525, 529, 532, 533, 536, 538, 545, 546, 552, 561, 565, 568, 654, 668, 696, 790, 857, 878, 902, 919, 928, 929, 932, 934, 935]","[34, 35, 36, 37, 38, 39, 40, 41, 42, 43, 44, 45, 46, 47, 48, 201, 202, 203, 204, 205, 206, 207, 208, 209, 210, 211, 212, 213, 214, 215, 216, 355, 356, 357, 358, 359, 360, 361, 429, 430, 431, 432, 433, 434, 435, 515, 516, 517, 518, 519, 520, 521, 522, 523, 524, 525, 526, 527, 672, 673, 674, 675, 676, 677, 678, 679, 680, 681, 682, 683, 684, 810, 811, 812, 813, 814, 881, 882, 883, 884, 885, 886]","[32, 33, 34, 35, 36, 37, 38, 39, 40, 41, 42, 43, 44, 45, 46, 47, 48, 201, 202, 203, 204, 205, 206, 207, 208, 209, 210, 211, 212, 213, 214, 215, 216, 220, 355, 356, 357, 358, 359, 360, 361, 429, 430, 431, 432, 433, 434, 435, 515, 516, 517, 518, 519, 520, 521, 522, 523, 524, 525, 526, 527, 672, 673, 674, 675, 676, 677, 678, 679, 680, 681, 682, 683, 684, 810, 811, 812, 813, 814, 881, 882, 883, 884, 885, 886]","[0, 1, 2, 3, 4, 5, 6, 7, 8, 9, 10, 523, 11, 12, 13, 14, 16, 15, 17, 18, 19, 20, 21, 22, 23, 24, 26, 27, 28, 541, 29, 30, 31, 32, 546, 33, 34, 35, 38, 39, 36, 41, 42, 43, 44, 37, 40, 45, 46, 47, 48, 49, 50, 51, 52, 53, 54, 55, 56, 57, 58, 59, 60, 575, 61, 62, 66, 63, 64, 65, 67, 71, 68, 69, 70, 72, 73, 74, 75, 76, 77, 78, 79, 80, 81, 82, 83, 84, 85, 86, 87, 88, 89, 90, 91, 92, 93, 94, 95, 96, 97, 98, 99, 100, 104, 101, 102, 529, 530, 513, 531, 532, 533, 25, 534, 535, 514, 536, 537, 654, 538, 539, 668, 540, 672, 515, 673, 674, 675, 676, 677, 542, 678, 679, 680, 681, 543, 682, 683, 684, 544, 545, 183, 696, 516, 547, 197, 548, 201, 202, 549, 203, 204, 205, 206, 550, 207, 208, 517, 209, 551, 210, 211, 212, 213, 552, 214, 215, 216, 220, 553, 554, 232, 555, 518, 556, 557, 558, 559, 560, 519, 561, 562, 563, 564, 790, 565, 520, 566, 567, 568, 810, 811, 812, 813, 569, 814, 570, 521, 571, 572, 573, 334, 522, 857, 860, 862, 865, 355, 868, 869, 356, 357, 872, 358, 359, 360, 361, 878, 881, 882, 883, 884, 885, 886, 528, 896, 897, 524, 902, 910, 915, 919, 411, 525, 414, 928, 417, 929, 420, 932, 934, 935, 426, 429, 430, 512, 431, 432, 433, 434, 526, 435, 441, 446, 448, 449, 450, 455, 527, 463, 468, 472, 477, 478, 480, 483, 484, 485, 486, 487, 488, 489, 490, 491, 492, 493, 494, 495, 496, 497, 498, 499, 500, 501, 502, 503, 504, 505, 506, 507, 508, 509, 510, 511]",True,"[71, 546]","[0, 1, 2, 3, 4, 5, 6, 7, 8, 9, 10, 11, 12, 13, 14, 15, 16, 17, 18, 19, 20, 21, 22, 23, 24, 25, 26, 27, 28, 29, 30, 31, 32, 33, 34, 35, 36, 37, 38, 39, 40, 41, 42, 43, 44, 45, 46, 47, 48, 49, 50, 51, 52, 53, 54, 55, 56, 57, 58, 59, 60, 61, 62, 63, 64, 65, 66, 67, 68, 69, 70, 71, 72, 73, 74, 75, 76, 77, 78, 79, 80, 81, 82, 83, 84, 85, 86, 87, 88, 89, 90, 91, 92, 93, 94, 95, 96, 97, 98, 99, 100, 101, 102, 485, 486, 487, 488, 489, 490, 491, 492, 493, 494, 495, 496, 497, 498, 499, 500, 501, 502, 503, 504, 505, 506, 507, 508, 509, 510, 511, 512, 513, 514, 515, 516, 517, 518, 519, 520, 521, 522, 523, 524, 525, 526, 527, 528, 529, 530, 531, 532, 533, 534, 535, 536, 537, 538, 539, 540, 541, 542, 543, 544, 545, 546, 547, 548, 549, 550, 551, 552, 553, 554, 555, 556, 557, 558, 559, 560, 561, 562, 563, 564, 565, 566, 567, 568, 569, 570, 571, 572, 573]","[43, 66, 71, 104, 411, 414, 417, 420, 430, 441, 446, 448, 449, 450, 468, 523, 541, 546, 575, 860, 862, 865, 868, 869, 872, 882, 896, 897, 915]","[16, 43, 71, 463, 501, 523, 546, 857, 910]","[4, 11, 18, 21, 23, 26, 27, 28, 31, 35, 36, 43, 45, 52, 55, 56, 60, 62, 64, 70, 71, 80, 90, 94, 97, 183, 197, 232, 334, 426, 455, 472, 477, 478, 480, 483, 484, 490, 496, 505, 507, 509, 510, 511, 514, 516, 517, 523, 525, 529, 532, 533, 536, 538, 545, 546, 552, 561, 565, 568, 654, 668, 696, 790, 857, 878, 902, 919, 928, 929, 932, 934, 935]","[32, 33, 34, 35, 36, 37, 38, 39, 40, 41, 42, 43, 44, 45, 46, 47, 48, 201, 202, 203, 204, 205, 206, 207, 208, 209, 210, 211, 212, 213, 214, 215, 216, 220, 355, 356, 357, 358, 359, 360, 361, 429, 430, 431, 432, 433, 434, 435, 515, 516, 517, 518, 519, 520, 521, 522, 523, 524, 525, 526, 527, 672, 673, 674, 675, 676, 677, 678, 679, 680, 681, 682, 683, 684, 810, 811, 812, 813, 814, 881, 882, 883, 884, 885, 886]","[34, 35, 36, 37, 38, 39, 40, 41, 42, 43, 44, 45, 46, 47, 48, 201, 202, 203, 204, 205, 206, 207, 208, 209, 210, 211, 212, 213, 214, 215, 216, 355, 356, 357, 358, 359, 360, 361, 429, 430, 431, 432, 433, 434, 435, 515, 516, 517, 518, 519, 520, 521, 522, 523, 524, 525, 526, 527, 672, 673, 674, 675, 676, 677, 678, 679, 680, 681, 682, 683, 684, 810, 811, 812, 813, 814, 881, 882, 883, 884, 885, 886]",7/6 successful match,True,[92],True,571,False,,,,,
E Lake Havasu City ( 86404 ) Love's Travel Stop # 386,928-764-1505 I-40 Exit 9 ( AZ 95 S ),24 L <U+2610> <U+2610>,Lake Havasu City,86404,Love's Travel Stop # 386,928-764-1505,2015,Lake Havasu City,AZ,Love's,( AZ 95 S ),I-40 Exit 9 ,Exit,9,False,,False,I-40,,,,,"[523, 43]","[71, 546]","[43, 66, 71, 104, 411, 414, 417, 420, 430, 441, 446, 448, 449, 450, 468, 523, 541, 546, 575, 860, 862, 865, 868, 869, 872, 882, 896, 897, 915]","[16, 43, 71, 463, 501, 523, 546, 857, 910]","[0, 1, 2, 3, 4, 5, 6, 7, 8, 9, 10, 11, 12, 13, 14, 15, 16, 17, 18, 19, 20, 21, 22, 23, 24, 25, 26, 27, 28, 29, 30, 31, 32, 33, 34, 35, 36, 37, 38, 39, 40, 41, 42, 43, 44, 45, 46, 47, 48, 49, 50, 51, 52, 53, 54, 55, 56, 57, 58, 59, 60, 61, 62, 63, 64, 65, 66, 67, 68, 69, 70, 71, 72, 73, 74, 75, 76, 77, 78, 79, 80, 81, 82, 83, 84, 85, 86, 87, 88, 89, 90, 91, 92, 93, 94, 95, 96, 97, 98, 99, 100, 101, 102, 485, 486, 487, 488, 489, 490, 491, 492, 493, 494, 495, 496, 497, 498, 499, 500, 501, 502, 503, 504, 505, 506, 507, 508, 509, 510, 511, 512, 513, 514, 515, 516, 517, 518, 519, 520, 521, 522, 523, 524, 525, 526, 527, 528, 529, 530, 531, 532, 533, 534, 535, 536, 537, 538, 539, 540, 541, 542, 543, 544, 545, 546, 547, 548, 549, 550, 551, 552, 553, 554, 555, 556, 557, 558, 559, 560, 561, 562, 563, 564, 565, 566, 567, 568, 569, 570, 571, 572, 573]","[4, 11, 18, 21, 23, 26, 27, 28, 31, 35, 36, 43, 45, 52, 55, 56, 60, 62, 64, 70, 71, 80, 90, 94, 97, 183, 197, 232, 334, 426, 455, 472, 477, 478, 480, 483, 484, 490, 496, 505, 507, 509, 510, 511, 514, 516, 517, 523, 525, 529, 532, 533, 536, 538, 545, 546, 552, 561, 565, 568, 654, 668, 696, 790, 857, 878, 902, 919, 928, 929, 932, 934, 935]","[34, 35, 36, 37, 38, 39, 40, 41, 42, 43, 44, 45, 46, 47, 48, 201, 202, 203, 204, 205, 206, 207, 208, 209, 210, 211, 212, 213, 214, 215, 216, 355, 356, 357, 358, 359, 360, 361, 429, 430, 431, 432, 433, 434, 435, 515, 516, 517, 518, 519, 520, 521, 522, 523, 524, 525, 526, 527, 672, 673, 674, 675, 676, 677, 678, 679, 680, 681, 682, 683, 684, 810, 811, 812, 813, 814, 881, 882, 883, 884, 885, 886]","[32, 33, 34, 35, 36, 37, 38, 39, 40, 41, 42, 43, 44, 45, 46, 47, 48, 201, 202, 203, 204, 205, 206, 207, 208, 209, 210, 211, 212, 213, 214, 215, 216, 220, 355, 356, 357, 358, 359, 360, 361, 429, 430, 431, 432, 433, 434, 435, 515, 516, 517, 518, 519, 520, 521, 522, 523, 524, 525, 526, 527, 672, 673, 674, 675, 676, 677, 678, 679, 680, 681, 682, 683, 684, 810, 811, 812, 813, 814, 881, 882, 883, 884, 885, 886]","[0, 1, 2, 3, 4, 5, 6, 7, 8, 9, 10, 523, 11, 12, 13, 14, 16, 15, 17, 18, 19, 20, 21, 22, 23, 24, 26, 27, 28, 541, 29, 30, 31, 32, 546, 33, 34, 35, 38, 39, 36, 41, 42, 43, 44, 37, 40, 45, 46, 47, 48, 49, 50, 51, 52, 53, 54, 55, 56, 57, 58, 59, 60, 575, 61, 62, 66, 63, 64, 65, 67, 71, 68, 69, 70, 72, 73, 74, 75, 76, 77, 78, 79, 80, 81, 82, 83, 84, 85, 86, 87, 88, 89, 90, 91, 92, 93, 94, 95, 96, 97, 98, 99, 100, 104, 101, 102, 529, 530, 513, 531, 532, 533, 25, 534, 535, 514, 536, 537, 654, 538, 539, 668, 540, 672, 515, 673, 674, 675, 676, 677, 542, 678, 679, 680, 681, 543, 682, 683, 684, 544, 545, 183, 696, 516, 547, 197, 548, 201, 202, 549, 203, 204, 205, 206, 550, 207, 208, 517, 209, 551, 210, 211, 212, 213, 552, 214, 215, 216, 220, 553, 554, 232, 555, 518, 556, 557, 558, 559, 560, 519, 561, 562, 563, 564, 790, 565, 520, 566, 567, 568, 810, 811, 812, 813, 569, 814, 570, 521, 571, 572, 573, 334, 522, 857, 860, 862, 865, 355, 868, 869, 356, 357, 872, 358, 359, 360, 361, 878, 881, 882, 883, 884, 885, 886, 528, 896, 897, 524, 902, 910, 915, 919, 411, 525, 414, 928, 417, 929, 420, 932, 934, 935, 426, 429, 430, 512, 431, 432, 433, 434, 526, 435, 441, 446, 448, 449, 450, 455, 527, 463, 468, 472, 477, 478, 480, 483, 484, 485, 486, 487, 488, 489, 490, 491, 492, 493, 494, 495, 496, 497, 498, 499, 500, 501, 502, 503, 504, 505, 506, 507, 508, 509, 510, 511]",True,"[71, 546]","[0, 1, 2, 3, 4, 5, 6, 7, 8, 9, 10, 11, 12, 13, 14, 15, 16, 17, 18, 19, 20, 21, 22, 23, 24, 25, 26, 27, 28, 29, 30, 31, 32, 33, 34, 35, 36, 37, 38, 39, 40, 41, 42, 43, 44, 45, 46, 47, 48, 49, 50, 51, 52, 53, 54, 55, 56, 57, 58, 59, 60, 61, 62, 63, 64, 65, 66, 67, 68, 69, 70, 71, 72, 73, 74, 75, 76, 77, 78, 79, 80, 81, 82, 83, 84, 85, 86, 87, 88, 89, 90, 91, 92, 93, 94, 95, 96, 97, 98, 99, 100, 101, 102, 485, 486, 487, 488, 489, 490, 491, 492, 493, 494, 495, 496, 497, 498, 499, 500, 501, 502, 503, 504, 505, 506, 507, 508, 509, 510, 511, 512, 513, 514, 515, 516, 517, 518, 519, 520, 521, 522, 523, 524, 525, 526, 527, 528, 529, 530, 531, 532, 533, 534, 535, 536, 537, 538, 539, 540, 541, 542, 543, 544, 545, 546, 547, 548, 549, 550, 551, 552, 553, 554, 555, 556, 557, 558, 559, 560, 561, 562, 563, 564, 565, 566, 567, 568, 569, 570, 571, 572, 573]","[43, 66, 71, 104, 411, 414, 417, 420, 430, 441, 446, 448, 449, 450, 468, 523, 541, 546, 575, 860, 862, 865, 868, 869, 872, 882, 896, 897, 915]","[16, 43, 71, 463, 501, 523, 546, 857, 910]","[4, 11, 18, 21, 23, 26, 27, 28, 31, 35, 36, 43, 45, 52, 55, 56, 60, 62, 64, 70, 71, 80, 90, 94, 97, 183, 197, 232, 334, 426, 455, 472, 477, 478, 480, 483, 484, 490, 496, 505, 507, 509, 510, 511, 514, 516, 517, 523, 525, 529, 532, 533, 536, 538, 545, 546, 552, 561, 565, 568, 654, 668, 696, 790, 857, 878, 902, 919, 928, 929, 932, 934, 935]","[32, 33, 34, 35, 36, 37, 38, 39, 40, 41, 42, 43, 44, 45, 46, 47, 48, 201, 202, 203, 204, 205, 206, 207, 208, 209, 210, 211, 212, 213, 214, 215, 216, 220, 355, 356, 357, 358, 359, 360, 361, 429, 430, 431, 432, 433, 434, 435, 515, 516, 517, 518, 519, 520, 521, 522, 523, 524, 525, 526, 527, 672, 673, 674, 675, 676, 677, 678, 679, 680, 681, 682, 683, 684, 810, 811, 812, 813, 814, 881, 882, 883, 884, 885, 886]","[34, 35, 36, 37, 38, 39, 40, 41, 42, 43, 44, 45, 46, 47, 48, 201, 202, 203, 204, 205, 206, 207, 208, 209, 210, 211, 212, 213, 214, 215, 216, 355, 356, 357, 358, 359, 360, 361, 429, 430, 431, 432, 433, 434, 435, 515, 516, 517, 518, 519, 520, 521, 522, 523, 524, 525, 526, 527, 672, 673, 674, 675, 676, 677, 678, 679, 680, 681, 682, 683, 684, 810, 811, 812, 813, 814, 881, 882, 883, 884, 885, 886]",7/6 successful match,True,[92],True,571,False,,1.0,True,Love's Travel Stop # 386,Love's
E Lake Havasu City ( 86404 ) Love's Travel Stop # 386,928-764-1505 I-40 Exit 9 ( AZ 95 S ),124 S LO 25,Lake Havasu City,86404,Love's Travel Stop # 386,928-764-1505,2016,Lake Havasu City,AZ,Love's,( AZ 95 S ),I-40 Exit 9 ,Exit,9,False,,False,I-40,,,,,"[523, 43]","[71, 546]","[43, 66, 71, 104, 411, 414, 417, 420, 430, 441, 446, 448, 449, 450, 468, 523, 541, 546, 575, 860, 862, 865, 868, 869, 872, 882, 896, 897, 915]","[16, 43, 71, 463, 501, 523, 546, 857, 910]","[0, 1, 2, 3, 4, 5, 6, 7, 8, 9, 10, 11, 12, 13, 14, 15, 16, 17, 18, 19, 20, 21, 22, 23, 24, 25, 26, 27, 28, 29, 30, 31, 32, 33, 34, 35, 36, 37, 38, 39, 40, 41, 42, 43, 44, 45, 46, 47, 48, 49, 50, 51, 52, 53, 54, 55, 56, 57, 58, 59, 60, 61, 62, 63, 64, 65, 66, 67, 68, 69, 70, 71, 72, 73, 74, 75, 76, 77, 78, 79, 80, 81, 82, 83, 84, 85, 86, 87, 88, 89, 90, 91, 92, 93, 94, 95, 96, 97, 98, 99, 100, 101, 102, 485, 486, 487, 488, 489, 490, 491, 492, 493, 494, 495, 496, 497, 498, 499, 500, 501, 502, 503, 504, 505, 506, 507, 508, 509, 510, 511, 512, 513, 514, 515, 516, 517, 518, 519, 520, 521, 522, 523, 524, 525, 526, 527, 528, 529, 530, 531, 532, 533, 534, 535, 536, 537, 538, 539, 540, 541, 542, 543, 544, 545, 546, 547, 548, 549, 550, 551, 552, 553, 554, 555, 556, 557, 558, 559, 560, 561, 562, 563, 564, 565, 566, 567, 568, 569, 570, 571, 572, 573]","[4, 11, 18, 21, 23, 26, 27, 28, 31, 35, 36, 43, 45, 52, 55, 56, 60, 62, 64, 70, 71, 80, 90, 94, 97, 183, 197, 232, 334, 426, 455, 472, 477, 478, 480, 483, 484, 490, 496, 505, 507, 509, 510, 511, 514, 516, 517, 523, 525, 529, 532, 533, 536, 538, 545, 546, 552, 561, 565, 568, 654, 668, 696, 790, 857, 878, 902, 919, 928, 929, 932, 934, 935]","[34, 35, 36, 37, 38, 39, 40, 41, 42, 43, 44, 45, 46, 47, 48, 201, 202, 203, 204, 205, 206, 207, 208, 209, 210, 211, 212, 213, 214, 215, 216, 355, 356, 357, 358, 359, 360, 361, 429, 430, 431, 432, 433, 434, 435, 515, 516, 517, 518, 519, 520, 521, 522, 523, 524, 525, 526, 527, 672, 673, 674, 675, 676, 677, 678, 679, 680, 681, 682, 683, 684, 810, 811, 812, 813, 814, 881, 882, 883, 884, 885, 886]","[32, 33, 34, 35, 36, 37, 38, 39, 40, 41, 42, 43, 44, 45, 46, 47, 48, 201, 202, 203, 204, 205, 206, 207, 208, 209, 210, 211, 212, 213, 214, 215, 216, 220, 355, 356, 357, 358, 359, 360, 361, 429, 430, 431, 432, 433, 434, 435, 515, 516, 517, 518, 519, 520, 521, 522, 523, 524, 525, 526, 527, 672, 673, 674, 675, 676, 677, 678, 679, 680, 681, 682, 683, 684, 810, 811, 812, 813, 814, 881, 882, 883, 884, 885, 886]","[0, 1, 2, 3, 4, 5, 6, 7, 8, 9, 10, 523, 11, 12, 13, 14, 16, 15, 17, 18, 19, 20, 21, 22, 23, 24, 26, 27, 28, 541, 29, 30, 31, 32, 546, 33, 34, 35, 38, 39, 36, 41, 42, 43, 44, 37, 40, 45, 46, 47, 48, 49, 50, 51, 52, 53, 54, 55, 56, 57, 58, 59, 60, 575, 61, 62, 66, 63, 64, 65, 67, 71, 68, 69, 70, 72, 73, 74, 75, 76, 77, 78, 79, 80, 81, 82, 83, 84, 85, 86, 87, 88, 89, 90, 91, 92, 93, 94, 95, 96, 97, 98, 99, 100, 104, 101, 102, 529, 530, 513, 531, 532, 533, 25, 534, 535, 514, 536, 537, 654, 538, 539, 668, 540, 672, 515, 673, 674, 675, 676, 677, 542, 678, 679, 680, 681, 543, 682, 683, 684, 544, 545, 183, 696, 516, 547, 197, 548, 201, 202, 549, 203, 204, 205, 206, 550, 207, 208, 517, 209, 551, 210, 211, 212, 213, 552, 214, 215, 216, 220, 553, 554, 232, 555, 518, 556, 557, 558, 559, 560, 519, 561, 562, 563, 564, 790, 565, 520, 566, 567, 568, 810, 811, 812, 813, 569, 814, 570, 521, 571, 572, 573, 334, 522, 857, 860, 862, 865, 355, 868, 869, 356, 357, 872, 358, 359, 360, 361, 878, 881, 882, 883, 884, 885, 886, 528, 896, 897, 524, 902, 910, 915, 919, 411, 525, 414, 928, 417, 929, 420, 932, 934, 935, 426, 429, 430, 512, 431, 432, 433, 434, 526, 435, 441, 446, 448, 449, 450, 455, 527, 463, 468, 472, 477, 478, 480, 483, 484, 485, 486, 487, 488, 489, 490, 491, 492, 493, 494, 495, 496, 497, 498, 499, 500, 501, 502, 503, 504, 505, 506, 507, 508, 509, 510, 511]",True,"[71, 546]","[0, 1, 2, 3, 4, 5, 6, 7, 8, 9, 10, 11, 12, 13, 14, 15, 16, 17, 18, 19, 20, 21, 22, 23, 24, 25, 26, 27, 28, 29, 30, 31, 32, 33, 34, 35, 36, 37, 38, 39, 40, 41, 42, 43, 44, 45, 46, 47, 48, 49, 50, 51, 52, 53, 54, 55, 56, 57, 58, 59, 60, 61, 62, 63, 64, 65, 66, 67, 68, 69, 70, 71, 72, 73, 74, 75, 76, 77, 78, 79, 80, 81, 82, 83, 84, 85, 86, 87, 88, 89, 90, 91, 92, 93, 94, 95, 96, 97, 98, 99, 100, 101, 102, 485, 486, 487, 488, 489, 490, 491, 492, 493, 494, 495, 496, 497, 498, 499, 500, 501, 502, 503, 504, 505, 506, 507, 508, 509, 510, 511, 512, 513, 514, 515, 516, 517, 518, 519, 520, 521, 522, 523, 524, 525, 526, 527, 528, 529, 530, 531, 532, 533, 534, 535, 536, 537, 538, 539, 540, 541, 542, 543, 544, 545, 546, 547, 548, 549, 550, 551, 552, 553, 554, 555, 556, 557, 558, 559, 560, 561, 562, 563, 564, 565, 566, 567, 568, 569, 570, 571, 572, 573]","[43, 66, 71, 104, 411, 414, 417, 420, 430, 441, 446, 448, 449, 450, 468, 523, 541, 546, 575, 860, 862, 865, 868, 869, 872, 882, 896, 897, 915]","[16, 43, 71, 463, 501, 523, 546, 857, 910]","[4, 11, 18, 21, 23, 26, 27, 28, 31, 35, 36, 43, 45, 52, 55, 56, 60, 62, 64, 70, 71, 80, 90, 94, 97, 183, 197, 232, 334, 426, 455, 472, 477, 478, 480, 483, 484, 490, 496, 505, 507, 509, 510, 511, 514, 516, 517, 523, 525, 529, 532, 533, 536, 538, 545, 546, 552, 561, 565, 568, 654, 668, 696, 790, 857, 878, 902, 919, 928, 929, 932, 934, 935]","[32, 33, 34, 35, 36, 37, 38, 39, 40, 41, 42, 43, 44, 45, 46, 47, 48, 201, 202, 203, 204, 205, 206, 207, 208, 209, 210, 211, 212, 213, 214, 215, 216, 220, 355, 356, 357, 358, 359, 360, 361, 429, 430, 431, 432, 433, 434, 435, 515, 516, 517, 518, 519, 520, 521, 522, 523, 524, 525, 526, 527, 672, 673, 674, 675, 676, 677, 678, 679, 680, 681, 682, 683, 684, 810, 811, 812, 813, 814, 881, 882, 883, 884, 885, 886]","[34, 35, 36, 37, 38, 39, 40, 41, 42, 43, 44, 45, 46, 47, 48, 201, 202, 203, 204, 205, 206, 207, 208, 209, 210, 211, 212, 213, 214, 215, 216, 355, 356, 357, 358, 359, 360, 361, 429, 430, 431, 432, 433, 434, 435, 515, 516, 517, 518, 519, 520, 521, 522, 523, 524, 525, 526, 527, 672, 673, 674, 675, 676, 677, 678, 679, 680, 681, 682, 683, 684, 810, 811, 812, 813, 814, 881, 882, 883, 884, 885, 886]",7/6 successful match,True,[92],True,571,False,,1.0,True,Love's Travel Stop # 386,Love's
Cuba ( 87013 ) Circle K ( Shell ),575-289-2301 6401 US 550 S,S,Cuba,87013,Circle K ( Shell ),575-289-2301,2014,Cuba,NM,Circle K,,6401 US 550 S,Proper,,False,,False,US 550,,,,,[],[],[],[],[],"[299, 758]","[6, 7, 492, 493]","[1, 13, 14, 29, 54, 55, 56, 57, 58, 60, 102, 118, 125, 127, 130, 134, 146, 149, 153, 175, 182, 187, 189, 191, 197, 225, 230, 238, 264, 265, 266, 286, 302, 317, 336, 354, 379, 388, 389, 425, 454, 458, 463, 475, 487, 498, 499, 512, 530, 531, 532, 533, 534, 536, 573, 589, 596, 598, 601, 605, 617, 620, 624, 646, 653, 658, 660, 662, 668, 689, 694, 702, 724, 725, 745, 760, 775, 793, 809, 829, 838, 839, 877, 901, 903, 905, 910, 923]","[512, 1, 6, 7, 13, 14, 530, 531, 532, 533, 534, 536, 29, 54, 55, 56, 57, 58, 60, 573, 589, 596, 598, 601, 605, 102, 617, 620, 624, 118, 125, 127, 130, 134, 646, 653, 146, 658, 660, 149, 662, 153, 668, 175, 689, 694, 182, 187, 189, 702, 191, 197, 724, 725, 225, 230, 745, 238, 758, 760, 775, 264, 265, 266, 793, 286, 809, 299, 302, 317, 829, 838, 839, 336, 354, 877, 379, 388, 389, 901, 903, 905, 910, 923, 425, 454, 458, 463, 475, 487, 492, 493, 498, 499]",False,[],[],[],[],"[299, 758]","[1, 13, 14, 29, 54, 55, 56, 57, 58, 60, 102, 118, 125, 127, 130, 134, 146, 149, 153, 175, 182, 187, 189, 191, 197, 225, 230, 238, 264, 265, 266, 286, 302, 317, 336, 354, 379, 388, 389, 425, 454, 458, 463, 475, 487, 498, 499, 512, 530, 531, 532, 533, 534, 536, 573, 589, 596, 598, 601, 605, 617, 620, 624, 646, 653, 658, 660, 662, 668, 689, 694, 702, 724, 725, 745, 760, 775, 793, 809, 829, 838, 839, 877, 901, 903, 905, 910, 923]","[6, 7, 492, 493]",0/6 successful match,False,,False,572,False,,,,,
C Cuba ( 87013 ) Circle K ( Shell ),575-289-2301 6401 US 550 S,24 S,Cuba,87013,Circle K ( Shell ),575-289-2301,2015,Cuba,NM,Circle K,,6401 US 550 S,Proper,,False,,False,US 550,,,,,[],[],[],[],[],"[299, 758]","[6, 7, 492, 493]","[1, 13, 14, 29, 54, 55, 56, 57, 58, 60, 102, 118, 125, 127, 130, 134, 146, 149, 153, 175, 182, 187, 189, 191, 197, 225, 230, 238, 264, 265, 266, 286, 302, 317, 336, 354, 379, 388, 389, 425, 454, 458, 463, 475, 487, 498, 499, 512, 530, 531, 532, 533, 534, 536, 573, 589, 596, 598, 601, 605, 617, 620, 624, 646, 653, 658, 660, 662, 668, 689, 694, 702, 724, 725, 745, 760, 775, 793, 809, 829, 838, 839, 877, 901, 903, 905, 910, 923]","[512, 1, 6, 7, 13, 14, 530, 531, 532, 533, 534, 536, 29, 54, 55, 56, 57, 58, 60, 573, 589, 596, 598, 601, 605, 102, 617, 620, 624, 118, 125, 127, 130, 134, 646, 653, 146, 658, 660, 149, 662, 153, 668, 175, 689, 694, 182, 187, 189, 702, 191, 197, 724, 725, 225, 230, 745, 238, 758, 760, 775, 264, 265, 266, 793, 286, 809, 299, 302, 317, 829, 838, 839, 336, 354, 877, 379, 388, 389, 901, 903, 905, 910, 923, 425, 454, 458, 463, 475, 487, 492, 493, 498, 499]",False,[],[],[],[],"[299, 758]","[1, 13, 14, 29, 54, 55, 56, 57, 58, 60, 102, 118, 125, 127, 130, 134, 146, 149, 153, 175, 182, 187, 189, 191, 197, 225, 230, 238, 264, 265, 266, 286, 302, 317, 336, 354, 379, 388, 389, 425, 454, 458, 463, 475, 487, 498, 499, 512, 530, 531, 532, 533, 534, 536, 573, 589, 596, 598, 601, 605, 617, 620, 624, 646, 653, 658, 660, 662, 668, 689, 694, 702, 724, 725, 745, 760, 775, 793, 809, 829, 838, 839, 877, 901, 903, 905, 910, 923]","[6, 7, 492, 493]",0/6 successful match,False,,False,572,False,,1.0,True,Circle K ( Shell ),Circle K
C Cuba ( 87013 ) Circle K ( Shell ),575-289-2301 6401 US 550 S,24 <U+25A1> SO,Cuba,87013,Circle K ( Shell ),575-289-2301,2016,Cuba,NM,Circle K,,6401 US 550 S,Proper,,False,,False,US 550,,,,,[],[],[],[],[],"[299, 758]","[6, 7, 492, 493]","[1, 13, 14, 29, 54, 55, 56, 57, 58, 60, 102, 118, 125, 127, 130, 134, 146, 149, 153, 175, 182, 187, 189, 191, 197, 225, 230, 238, 264, 265, 266, 286, 302, 317, 336, 354, 379, 388, 389, 425, 454, 458, 463, 475, 487, 498, 499, 512, 530, 531, 532, 533, 534, 536, 573, 589, 596, 598, 601, 605, 617, 620, 624, 646, 653, 658, 660, 662, 668, 689, 694, 702, 724, 725, 745, 760, 775, 793, 809, 829, 838, 839, 877, 901, 903, 905, 910, 923]","[512, 1, 6, 7, 13, 14, 530, 531, 532, 533, 534, 536, 29, 54, 55, 56, 57, 58, 60, 573, 589, 596, 598, 601, 605, 102, 617, 620, 624, 118, 125, 127, 130, 134, 646, 653, 146, 658, 660, 149, 662, 153, 668, 175, 689, 694, 182, 187, 189, 702, 191, 197, 724, 725, 225, 230, 745, 238, 758, 760, 775, 264, 265, 266, 793, 286, 809, 299, 302, 317, 829, 838, 839, 336, 354, 877, 379, 388, 389, 901, 903, 905, 910, 923, 425, 454, 458, 463, 475, 487, 492, 493, 498, 499]",False,[],[],[],[],"[299, 758]","[1, 13, 14, 29, 54, 55, 56, 57, 58, 60, 102, 118, 125, 127, 130, 134, 146, 149, 153, 175, 182, 187, 189, 191, 197, 225, 230, 238, 264, 265, 266, 286, 302, 317, 336, 354, 379, 388, 389, 425, 454, 458, 463, 475, 487, 498, 499, 512, 530, 531, 532, 533, 534, 536, 573, 589, 596, 598, 601, 605, 617, 620, 624, 646, 653, 658, 660, 662, 668, 689, 694, 702, 724, 725, 745, 760, 775, 793, 809, 829, 838, 839, 877, 901, 903, 905, 910, 923]","[6, 7, 492, 493]",0/6 successful match,False,,False,572,False,,1.0,True,Circle K ( Shell ),Circle K
C Cuba ( 87013 ) Apache Nugget Travel Center & Casino,575-289-2486 US 550 & NM 537 ( 22 mi W of,M <U+25A1>,Cuba,87013,Apache Nugget Travel Center & Casino,575-289-2486,2016,Cuba,NM,,( 22 mi W of,US 550 & NM 537,empty,,False,,False,US 550,NM 537,,,,[],[],[],[],[],"[299, 758]",[],"[174, 341, 645, 797]","[645, 299, 174, 341, 758, 797]",False,[],[],[],[],"[299, 758]","[174, 341, 645, 797]",[],0/6 successful match,False,,False,573,False,,,,,
E Grants ( 87020 ) Ramsey's Shell,2 505-287-2152 I-40 Exit 85 ( NM 117 N ),<U+2610> <U+2610>,Grants,87020,Ramsey's Shell,505-287-2152,2014,Grants,NM,Shell,( NM 117 N ),I-40 Exit 85 ,Exit,85,False,,False,I-40,,,,,[],[],[],"[158, 206, 235, 269, 280, 630, 676, 699, 728, 739]",[],"[4, 11, 18, 21, 23, 26, 27, 28, 31, 35, 36, 43, 45, 52, 55, 56, 60, 62, 64, 70, 71, 80, 90, 94, 97, 183, 197, 232, 334, 426, 455, 472, 477, 478, 480, 483, 484, 490, 496, 505, 507, 509, 510, 511, 514, 516, 517, 523, 525, 529, 532, 533, 536, 538, 545, 546, 552, 561, 565, 568, 654, 668, 696, 790, 857, 878, 902, 919, 928, 929, 932, 934, 935]","[1, 13, 14, 29, 54, 55, 56, 57, 58, 60, 102, 118, 125, 127, 130, 134, 146, 149, 153, 175, 182, 187, 189, 191, 197, 225, 230, 238, 264, 265, 266, 286, 302, 317, 336, 379, 388, 389, 425, 454, 458, 463, 475, 487, 498, 499, 512, 530, 531, 532, 533, 534, 536, 573, 589, 596, 598, 601, 605, 617, 620, 624, 646, 653, 658, 660, 662, 668, 689, 694, 702, 724, 725, 745, 760, 775, 793, 829, 838, 839, 877, 901, 903, 905, 910, 923]","[1, 13, 14, 29, 54, 55, 56, 57, 58, 60, 102, 118, 125, 127, 130, 134, 146, 149, 153, 175, 182, 187, 189, 191, 197, 225, 230, 238, 264, 265, 266, 286, 302, 317, 336, 354, 379, 388, 389, 425, 454, 458, 463, 475, 487, 498, 499, 512, 530, 531, 532, 533, 534, 536, 573, 589, 596, 598, 601, 605, 617, 620, 624, 646, 653, 658, 660, 662, 668, 689, 694, 702, 724, 725, 745, 760, 775, 793, 809, 829, 838, 839, 877, 901, 903, 905, 910, 923]","[512, 1, 514, 4, 516, 517, 11, 523, 525, 13, 14, 529, 18, 530, 532, 21, 533, 23, 536, 531, 26, 27, 28, 538, 29, 31, 545, 546, 35, 36, 552, 43, 45, 561, 52, 565, 54, 55, 56, 568, 57, 58, 60, 573, 62, 64, 70, 71, 589, 80, 596, 598, 601, 90, 605, 94, 97, 102, 617, 620, 624, 630, 118, 125, 127, 534, 130, 134, 646, 653, 654, 146, 658, 660, 149, 662, 153, 668, 158, 676, 175, 689, 182, 183, 696, 694, 699, 187, 189, 702, 191, 197, 206, 724, 725, 728, 225, 739, 230, 232, 745, 235, 238, 760, 775, 264, 265, 266, 269, 790, 280, 793, 286, 809, 302, 317, 829, 838, 839, 334, 336, 857, 354, 877, 878, 379, 388, 389, 902, 901, 903, 905, 910, 919, 923, 928, 929, 932, 934, 935, 425, 426, 454, 455, 458, 463, 472, 475, 477, 478, 480, 483, 484, 487, 490, 496, 498, 499, 505, 507, 509, 510, 511]",False,[],[],[],"[158, 206, 235, 269, 280, 630, 676, 699, 728, 739]","[4, 11, 18, 21, 23, 26, 27, 28, 31, 35, 36, 43, 45, 52, 55, 56, 60, 62, 64, 70, 71, 80, 90, 94, 97, 183, 197, 232, 334, 426, 455, 472, 477, 478, 480, 483, 484, 490, 496, 505, 507, 509, 510, 511, 514, 516, 517, 523, 525, 529, 532, 533, 536, 538, 545, 546, 552, 561, 565, 568, 654, 668, 696, 790, 857, 878, 902, 919, 928, 929, 932, 934, 935]","[1, 13, 14, 29, 54, 55, 56, 57, 58, 60, 102, 118, 125, 127, 130, 134, 146, 149, 153, 175, 182, 187, 189, 191, 197, 225, 230, 238, 264, 265, 266, 286, 302, 317, 336, 354, 379, 388, 389, 425, 454, 458, 463, 475, 487, 498, 499, 512, 530, 531, 532, 533, 534, 536, 573, 589, 596, 598, 601, 605, 617, 620, 624, 646, 653, 658, 660, 662, 668, 689, 694, 702, 724, 725, 745, 760, 775, 793, 809, 829, 838, 839, 877, 901, 903, 905, 910, 923]","[1, 13, 14, 29, 54, 55, 56, 57, 58, 60, 102, 118, 125, 127, 130, 134, 146, 149, 153, 175, 182, 187, 189, 191, 197, 225, 230, 238, 264, 265, 266, 286, 302, 317, 336, 379, 388, 389, 425, 454, 458, 463, 475, 487, 498, 499, 512, 530, 531, 532, 533, 534, 536, 573, 589, 596, 598, 601, 605, 617, 620, 624, 646, 653, 658, 660, 662, 668, 689, 694, 702, 724, 725, 745, 760, 775, 793, 829, 838, 839, 877, 901, 903, 905, 910, 923]",0/6 successful match,False,,False,574,False,,,,,
Grants ( 87020 ) Ramsey's Shell,2 505-287-2152 I-40 Exit 85 ( NM 117 N ),<U+2610> <U+2610>,Grants,87020,Ramsey's Shell,505-287-2152,2015,Grants,NM,Shell,( NM 117 N ),I-40 Exit 85 ,Exit,85,False,,False,I-40,,,,,[],[],[],"[158, 206, 235, 269, 280, 630, 676, 699, 728, 739]",[],"[4, 11, 18, 21, 23, 26, 27, 28, 31, 35, 36, 43, 45, 52, 55, 56, 60, 62, 64, 70, 71, 80, 90, 94, 97, 183, 197, 232, 334, 426, 455, 472, 477, 478, 480, 483, 484, 490, 496, 505, 507, 509, 510, 511, 514, 516, 517, 523, 525, 529, 532, 533, 536, 538, 545, 546, 552, 561, 565, 568, 654, 668, 696, 790, 857, 878, 902, 919, 928, 929, 932, 934, 935]","[1, 13, 14, 29, 54, 55, 56, 57, 58, 60, 102, 118, 125, 127, 130, 134, 146, 149, 153, 175, 182, 187, 189, 191, 197, 225, 230, 238, 264, 265, 266, 286, 302, 317, 336, 379, 388, 389, 425, 454, 458, 463, 475, 487, 498, 499, 512, 530, 531, 532, 533, 534, 536, 573, 589, 596, 598, 601, 605, 617, 620, 624, 646, 653, 658, 660, 662, 668, 689, 694, 702, 724, 725, 745, 760, 775, 793, 829, 838, 839, 877, 901, 903, 905, 910, 923]","[1, 13, 14, 29, 54, 55, 56, 57, 58, 60, 102, 118, 125, 127, 130, 134, 146, 149, 153, 175, 182, 187, 189, 191, 197, 225, 230, 238, 264, 265, 266, 286, 302, 317, 336, 354, 379, 388, 389, 425, 454, 458, 463, 475, 487, 498, 499, 512, 530, 531, 532, 533, 534, 536, 573, 589, 596, 598, 601, 605, 617, 620, 624, 646, 653, 658, 660, 662, 668, 689, 694, 702, 724, 725, 745, 760, 775, 793, 809, 829, 838, 839, 877, 901, 903, 905, 910, 923]","[512, 1, 514, 4, 516, 517, 11, 523, 525, 13, 14, 529, 18, 530, 532, 21, 533, 23, 536, 531, 26, 27, 28, 538, 29, 31, 545, 546, 35, 36, 552, 43, 45, 561, 52, 565, 54, 55, 56, 568, 57, 58, 60, 573, 62, 64, 70, 71, 589, 80, 596, 598, 601, 90, 605, 94, 97, 102, 617, 620, 624, 630, 118, 125, 127, 534, 130, 134, 646, 653, 654, 146, 658, 660, 149, 662, 153, 668, 158, 676, 175, 689, 182, 183, 696, 694, 699, 187, 189, 702, 191, 197, 206, 724, 725, 728, 225, 739, 230, 232, 745, 235, 238, 760, 775, 264, 265, 266, 269, 790, 280, 793, 286, 809, 302, 317, 829, 838, 839, 334, 336, 857, 354, 877, 878, 379, 388, 389, 902, 901, 903, 905, 910, 919, 923, 928, 929, 932, 934, 935, 425, 426, 454, 455, 458, 463, 472, 475, 477, 478, 480, 483, 484, 487, 490, 496, 498, 499, 505, 507, 509, 510, 511]",False,[],[],[],"[158, 206, 235, 269, 280, 630, 676, 699, 728, 739]","[4, 11, 18, 21, 23, 26, 27, 28, 31, 35, 36, 43, 45, 52, 55, 56, 60, 62, 64, 70, 71, 80, 90, 94, 97, 183, 197, 232, 334, 426, 455, 472, 477, 478, 480, 483, 484, 490, 496, 505, 507, 509, 510, 511, 514, 516, 517, 523, 525, 529, 532, 533, 536, 538, 545, 546, 552, 561, 565, 568, 654, 668, 696, 790, 857, 878, 902, 919, 928, 929, 932, 934, 935]","[1, 13, 14, 29, 54, 55, 56, 57, 58, 60, 102, 118, 125, 127, 130, 134, 146, 149, 153, 175, 182, 187, 189, 191, 197, 225, 230, 238, 264, 265, 266, 286, 302, 317, 336, 354, 379, 388, 389, 425, 454, 458, 463, 475, 487, 498, 499, 512, 530, 531, 532, 533, 534, 536, 573, 589, 596, 598, 601, 605, 617, 620, 624, 646, 653, 658, 660, 662, 668, 689, 694, 702, 724, 725, 745, 760, 775, 793, 809, 829, 838, 839, 877, 901, 903, 905, 910, 923]","[1, 13, 14, 29, 54, 55, 56, 57, 58, 60, 102, 118, 125, 127, 130, 134, 146, 149, 153, 175, 182, 187, 189, 191, 197, 225, 230, 238, 264, 265, 266, 286, 302, 317, 336, 379, 388, 389, 425, 454, 458, 463, 475, 487, 498, 499, 512, 530, 531, 532, 533, 534, 536, 573, 589, 596, 598, 601, 605, 617, 620, 624, 646, 653, 658, 660, 662, 668, 689, 694, 702, 724, 725, 745, 760, 775, 793, 829, 838, 839, 877, 901, 903, 905, 910, 923]",0/6 successful match,False,,False,574,False,,1.0,True,Ramsey's Shell,Shell
Grants ( 87020 ) Ramsey's Shell,505-287-2152 I-40 Exit 85 ( NM 117 N ),<U+2610> S,Grants,87020,Ramsey's Shell,505-287-2152,2016,Grants,NM,Shell,( NM 117 N ),I-40 Exit 85 ,Exit,85,False,,False,I-40,,,,,[],[],[],"[158, 206, 235, 269, 280, 630, 676, 699, 728, 739]",[],"[4, 11, 18, 21, 23, 26, 27, 28, 31, 35, 36, 43, 45, 52, 55, 56, 60, 62, 64, 70, 71, 80, 90, 94, 97, 183, 197, 232, 334, 426, 455, 472, 477, 478, 480, 483, 484, 490, 496, 505, 507, 509, 510, 511, 514, 516, 517, 523, 525, 529, 532, 533, 536, 538, 545, 546, 552, 561, 565, 568, 654, 668, 696, 790, 857, 878, 902, 919, 928, 929, 932, 934, 935]","[1, 13, 14, 29, 54, 55, 56, 57, 58, 60, 102, 118, 125, 127, 130, 134, 146, 149, 153, 175, 182, 187, 189, 191, 197, 225, 230, 238, 264, 265, 266, 286, 302, 317, 336, 379, 388, 389, 425, 454, 458, 463, 475, 487, 498, 499, 512, 530, 531, 532, 533, 534, 536, 573, 589, 596, 598, 601, 605, 617, 620, 624, 646, 653, 658, 660, 662, 668, 689, 694, 702, 724, 725, 745, 760, 775, 793, 829, 838, 839, 877, 901, 903, 905, 910, 923]","[1, 13, 14, 29, 54, 55, 56, 57, 58, 60, 102, 118, 125, 127, 130, 134, 146, 149, 153, 175, 182, 187, 189, 191, 197, 225, 230, 238, 264, 265, 266, 286, 302, 317, 336, 354, 379, 388, 389, 425, 454, 458, 463, 475, 487, 498, 499, 512, 530, 531, 532, 533, 534, 536, 573, 589, 596, 598, 601, 605, 617, 620, 624, 646, 653, 658, 660, 662, 668, 689, 694, 702, 724, 725, 745, 760, 775, 793, 809, 829, 838, 839, 877, 901, 903, 905, 910, 923]","[512, 1, 514, 4, 516, 517, 11, 523, 525, 13, 14, 529, 18, 530, 532, 21, 533, 23, 536, 531, 26, 27, 28, 538, 29, 31, 545, 546, 35, 36, 552, 43, 45, 561, 52, 565, 54, 55, 56, 568, 57, 58, 60, 573, 62, 64, 70, 71, 589, 80, 596, 598, 601, 90, 605, 94, 97, 102, 617, 620, 624, 630, 118, 125, 127, 534, 130, 134, 646, 653, 654, 146, 658, 660, 149, 662, 153, 668, 158, 676, 175, 689, 182, 183, 696, 694, 699, 187, 189, 702, 191, 197, 206, 724, 725, 728, 225, 739, 230, 232, 745, 235, 238, 760, 775, 264, 265, 266, 269, 790, 280, 793, 286, 809, 302, 317, 829, 838, 839, 334, 336, 857, 354, 877, 878, 379, 388, 389, 902, 901, 903, 905, 910, 919, 923, 928, 929, 932, 934, 935, 425, 426, 454, 455, 458, 463, 472, 475, 477, 478, 480, 483, 484, 487, 490, 496, 498, 499, 505, 507, 509, 510, 511]",False,[],[],[],"[158, 206, 235, 269, 280, 630, 676, 699, 728, 739]","[4, 11, 18, 21, 23, 26, 27, 28, 31, 35, 36, 43, 45, 52, 55, 56, 60, 62, 64, 70, 71, 80, 90, 94, 97, 183, 197, 232, 334, 426, 455, 472, 477, 478, 480, 483, 484, 490, 496, 505, 507, 509, 510, 511, 514, 516, 517, 523, 525, 529, 532, 533, 536, 538, 545, 546, 552, 561, 565, 568, 654, 668, 696, 790, 857, 878, 902, 919, 928, 929, 932, 934, 935]","[1, 13, 14, 29, 54, 55, 56, 57, 58, 60, 102, 118, 125, 127, 130, 134, 146, 149, 153, 175, 182, 187, 189, 191, 197, 225, 230, 238, 264, 265, 266, 286, 302, 317, 336, 354, 379, 388, 389, 425, 454, 458, 463, 475, 487, 498, 499, 512, 530, 531, 532, 533, 534, 536, 573, 589, 596, 598, 601, 605, 617, 620, 624, 646, 653, 658, 660, 662, 668, 689, 694, 702, 724, 725, 745, 760, 775, 793, 809, 829, 838, 839, 877, 901, 903, 905, 910, 923]","[1, 13, 14, 29, 54, 55, 56, 57, 58, 60, 102, 118, 125, 127, 130, 134, 146, 149, 153, 175, 182, 187, 189, 191, 197, 225, 230, 238, 264, 265, 266, 286, 302, 317, 336, 379, 388, 389, 425, 454, 458, 463, 475, 487, 498, 499, 512, 530, 531, 532, 533, 534, 536, 573, 589, 596, 598, 601, 605, 617, 620, 624, 646, 653, 658, 660, 662, 668, 689, 694, 702, 724, 725, 745, 760, 775, 793, 829, 838, 839, 877, 901, 903, 905, 910, 923]",0/6 successful match,False,,False,574,False,,1.0,True,Ramsey's Shell,Shell
E Los Lunas ( 87031 ) 66 Fuel Stop,505-866-5643 I-25 Exit 203 ( NM 6 W ),<U+2610> <U+2610>,Los Lunas,87031,66 Fuel Stop,505-866-5643,2014,Los Lunas,NM,,( NM 6 W ),I-25 Exit 203 ,Exit,203,False,,False,I-25,,,,,[],[],"[294, 300, 753, 759]","[5, 93, 101, 262, 312, 491, 564, 572, 722, 770]",[],"[108, 353, 430, 584, 808, 882]",[],"[401, 402, 424, 427, 464, 469, 850, 851, 876, 879, 911, 916]","[770, 5, 262, 911, 401, 402, 916, 294, 808, 424, 427, 300, 430, 564, 312, 572, 584, 464, 722, 850, 851, 469, 93, 353, 101, 491, 108, 876, 879, 753, 882, 759]",False,[],[],"[294, 300, 753, 759]","[5, 93, 101, 262, 312, 491, 564, 572, 722, 770]","[108, 353, 430, 584, 808, 882]","[401, 402, 424, 427, 464, 469, 850, 851, 876, 879, 911, 916]",[],0/6 successful match,False,,False,575,False,,,,,
E Los Lunas ( 87031 ) 66 Fuel Stop,505-866-5643 I-25 Exit 203 ( NM 6 W ),<U+2610>,Los Lunas,87031,66 Fuel Stop,505-866-5643,2015,Los Lunas,NM,,( NM 6 W ),I-25 Exit 203 ,Exit,203,False,,False,I-25,,,,,[],[],"[294, 300, 753, 759]","[5, 93, 101, 262, 312, 491, 564, 572, 722, 770]",[],"[108, 353, 430, 584, 808, 882]",[],"[401, 402, 424, 427, 464, 469, 850, 851, 876, 879, 911, 916]","[770, 5, 262, 911, 401, 402, 916, 294, 808, 424, 427, 300, 430, 564, 312, 572, 584, 464, 722, 850, 851, 469, 93, 353, 101, 491, 108, 876, 879, 753, 882, 759]",False,[],[],"[294, 300, 753, 759]","[5, 93, 101, 262, 312, 491, 564, 572, 722, 770]","[108, 353, 430, 584, 808, 882]","[401, 402, 424, 427, 464, 469, 850, 851, 876, 879, 911, 916]",[],0/6 successful match,False,,False,575,False,,0.8999999999999999,True,66 Fuel Stop,
E Los Lunas ( 87031 ) 66 Fuel Stop,505-866-5643 I-25 Exit 203 ( NM 6 W ),<U+2610> <U+25A1>,Los Lunas,87031,66 Fuel Stop,505-866-5643,2016,Los Lunas,NM,,( NM 6 W ),I-25 Exit 203 ,Exit,203,False,,False,I-25,,,,,[],[],"[294, 300, 753, 759]","[5, 93, 101, 262, 312, 491, 564, 572, 722, 770]",[],"[108, 353, 430, 584, 808, 882]",[],"[401, 402, 424, 427, 464, 469, 850, 851, 876, 879, 911, 916]","[770, 5, 262, 911, 401, 402, 916, 294, 808, 424, 427, 300, 430, 564, 312, 572, 584, 464, 722, 850, 851, 469, 93, 353, 101, 491, 108, 876, 879, 753, 882, 759]",False,[],[],"[294, 300, 753, 759]","[5, 93, 101, 262, 312, 491, 564, 572, 722, 770]","[108, 353, 430, 584, 808, 882]","[401, 402, 424, 427, 464, 469, 850, 851, 876, 879, 911, 916]",[],0/6 successful match,False,,False,575,False,,0.8999999999999999,True,66 Fuel Stop,
"Pueblo of Acoma , 87034 Sky City Travel Center",505-552-5700 I-40 Exit 102,24 K,Pueblo of Acoma,87034,Sky City Travel Center,505-552-5700,2007,Pueblo Of Acoma,NM,,,I-40 Exit 102,Exit,102,False,,False,I-40,,,,,[],[],[],[],[],"[4, 11, 18, 21, 23, 26, 27, 28, 31, 35, 36, 43, 45, 52, 55, 56, 60, 62, 64, 70, 71, 80, 90, 94, 97, 183, 197, 232, 334, 426, 455, 472, 477, 478, 480, 483, 484, 490, 496, 505, 507, 509, 510, 511, 514, 516, 517, 523, 525, 529, 532, 533, 536, 538, 545, 546, 552, 561, 565, 568, 654, 668, 696, 790, 857, 878, 902, 919, 928, 929, 932, 934, 935]",[],[],"[514, 4, 516, 517, 902, 11, 523, 525, 654, 529, 18, 532, 21, 533, 23, 536, 790, 26, 27, 28, 538, 668, 31, 919, 545, 546, 35, 36, 928, 929, 932, 552, 934, 426, 43, 935, 45, 561, 52, 565, 55, 56, 183, 568, 696, 60, 62, 64, 197, 70, 71, 455, 334, 80, 472, 857, 90, 477, 94, 478, 480, 97, 483, 484, 232, 490, 878, 496, 505, 507, 509, 510, 511]",False,[],[],[],[],"[4, 11, 18, 21, 23, 26, 27, 28, 31, 35, 36, 43, 45, 52, 55, 56, 60, 62, 64, 70, 71, 80, 90, 94, 97, 183, 197, 232, 334, 426, 455, 472, 477, 478, 480, 483, 484, 490, 496, 505, 507, 509, 510, 511, 514, 516, 517, 523, 525, 529, 532, 533, 536, 538, 545, 546, 552, 561, 565, 568, 654, 668, 696, 790, 857, 878, 902, 919, 928, 929, 932, 934, 935]",[],[],0/6 successful match,False,,False,576,False,,,,,
"Pueblo of Acoma , 87034 Sky City Travel Center",2 505-552-5700 I-40 Exit 102,24 XL <U+2610><U+2610>,Pueblo of Acoma,87034,Sky City Travel Center,505-552-5700,2008,Pueblo Of Acoma,NM,,,I-40 Exit 102,Exit,102,False,,False,I-40,,,,,[],[],[],[],[],"[4, 11, 18, 21, 23, 26, 27, 28, 31, 35, 36, 43, 45, 52, 55, 56, 60, 62, 64, 70, 71, 80, 90, 94, 97, 183, 197, 232, 334, 426, 455, 472, 477, 478, 480, 483, 484, 490, 496, 505, 507, 509, 510, 511, 514, 516, 517, 523, 525, 529, 532, 533, 536, 538, 545, 546, 552, 561, 565, 568, 654, 668, 696, 790, 857, 878, 902, 919, 928, 929, 932, 934, 935]",[],[],"[514, 4, 516, 517, 902, 11, 523, 525, 654, 529, 18, 532, 21, 533, 23, 536, 790, 26, 27, 28, 538, 668, 31, 919, 545, 546, 35, 36, 928, 929, 932, 552, 934, 426, 43, 935, 45, 561, 52, 565, 55, 56, 183, 568, 696, 60, 62, 64, 197, 70, 71, 455, 334, 80, 472, 857, 90, 477, 94, 478, 480, 97, 483, 484, 232, 490, 878, 496, 505, 507, 509, 510, 511]",False,[],[],[],[],"[4, 11, 18, 21, 23, 26, 27, 28, 31, 35, 36, 43, 45, 52, 55, 56, 60, 62, 64, 70, 71, 80, 90, 94, 97, 183, 197, 232, 334, 426, 455, 472, 477, 478, 480, 483, 484, 490, 496, 505, 507, 509, 510, 511, 514, 516, 517, 523, 525, 529, 532, 533, 536, 538, 545, 546, 552, 561, 565, 568, 654, 668, 696, 790, 857, 878, 902, 919, 928, 929, 932, 934, 935]",[],[],0/6 successful match,False,,False,576,False,,1.0,True,Sky City Travel Center,
D Pueblo of Acoma ( 87034 ) Sky City Travel Center,2 505-552-5700 I-40 Exit 102,24 <U+2610> XL,Pueblo of Acoma,87034,Sky City Travel Center,505-552-5700,2014,Pueblo Of Acoma,NM,,,I-40 Exit 102,Exit,102,False,,False,I-40,,,,,[],[],[],[],[],"[4, 11, 18, 21, 23, 26, 27, 28, 31, 35, 36, 43, 45, 52, 55, 56, 60, 62, 64, 70, 71, 80, 90, 94, 97, 183, 197, 232, 334, 426, 455, 472, 477, 478, 480, 483, 484, 490, 496, 505, 507, 509, 510, 511, 514, 516, 517, 523, 525, 529, 532, 533, 536, 538, 545, 546, 552, 561, 565, 568, 654, 668, 696, 790, 857, 878, 902, 919, 928, 929, 932, 934, 935]",[],[],"[514, 4, 516, 517, 902, 11, 523, 525, 654, 529, 18, 532, 21, 533, 23, 536, 790, 26, 27, 28, 538, 668, 31, 919, 545, 546, 35, 36, 928, 929, 932, 552, 934, 426, 43, 935, 45, 561, 52, 565, 55, 56, 183, 568, 696, 60, 62, 64, 197, 70, 71, 455, 334, 80, 472, 857, 90, 477, 94, 478, 480, 97, 483, 484, 232, 490, 878, 496, 505, 507, 509, 510, 511]",False,[],[],[],[],"[4, 11, 18, 21, 23, 26, 27, 28, 31, 35, 36, 43, 45, 52, 55, 56, 60, 62, 64, 70, 71, 80, 90, 94, 97, 183, 197, 232, 334, 426, 455, 472, 477, 478, 480, 483, 484, 490, 496, 505, 507, 509, 510, 511, 514, 516, 517, 523, 525, 529, 532, 533, 536, 538, 545, 546, 552, 561, 565, 568, 654, 668, 696, 790, 857, 878, 902, 919, 928, 929, 932, 934, 935]",[],[],0/6 successful match,False,,False,576,False,,1.0,True,Sky City Travel Center,
D Pueblo of Acoma ( 87034 ) Sky City Travel Center AMDEST,2 505-552-5700 I-40 Exit 102,24 <U+2610> XL D,Pueblo of Acoma,87034,Sky City Travel Center AMDEST,505-552-5700,2015,Pueblo Of Acoma,NM,,,I-40 Exit 102,Exit,102,False,,False,I-40,,,,,[],[],[],[],[],"[4, 11, 18, 21, 23, 26, 27, 28, 31, 35, 36, 43, 45, 52, 55, 56, 60, 62, 64, 70, 71, 80, 90, 94, 97, 183, 197, 232, 334, 426, 455, 472, 477, 478, 480, 483, 484, 490, 496, 505, 507, 509, 510, 511, 514, 516, 517, 523, 525, 529, 532, 533, 536, 538, 545, 546, 552, 561, 565, 568, 654, 668, 696, 790, 857, 878, 902, 919, 928, 929, 932, 934, 935]",[],[],"[514, 4, 516, 517, 902, 11, 523, 525, 654, 529, 18, 532, 21, 533, 23, 536, 790, 26, 27, 28, 538, 668, 31, 919, 545, 546, 35, 36, 928, 929, 932, 552, 934, 426, 43, 935, 45, 561, 52, 565, 55, 56, 183, 568, 696, 60, 62, 64, 197, 70, 71, 455, 334, 80, 472, 857, 90, 477, 94, 478, 480, 97, 483, 484, 232, 490, 878, 496, 505, 507, 509, 510, 511]",False,[],[],[],[],"[4, 11, 18, 21, 23, 26, 27, 28, 31, 35, 36, 43, 45, 52, 55, 56, 60, 62, 64, 70, 71, 80, 90, 94, 97, 183, 197, 232, 334, 426, 455, 472, 477, 478, 480, 483, 484, 490, 496, 505, 507, 509, 510, 511, 514, 516, 517, 523, 525, 529, 532, 533, 536, 538, 545, 546, 552, 561, 565, 568, 654, 668, 696, 790, 857, 878, 902, 919, 928, 929, 932, 934, 935]",[],[],0/6 successful match,False,,False,576,False,,1.0,True,Sky City Travel Center,
Pueblo of Acoma ( 87034 ) Sky City Travel Center,2 505-552-5700 I-40 Exit 102,<U+25A1> XL 24,Pueblo of Acoma,87034,Sky City Travel Center,505-552-5700,2016,Pueblo Of Acoma,NM,,,I-40 Exit 102,Exit,102,False,,False,I-40,,,,,[],[],[],[],[],"[4, 11, 18, 21, 23, 26, 27, 28, 31, 35, 36, 43, 45, 52, 55, 56, 60, 62, 64, 70, 71, 80, 90, 94, 97, 183, 197, 232, 334, 426, 455, 472, 477, 478, 480, 483, 484, 490, 496, 505, 507, 509, 510, 511, 514, 516, 517, 523, 525, 529, 532, 533, 536, 538, 545, 546, 552, 561, 565, 568, 654, 668, 696, 790, 857, 878, 902, 919, 928, 929, 932, 934, 935]",[],[],"[514, 4, 516, 517, 902, 11, 523, 525, 654, 529, 18, 532, 21, 533, 23, 536, 790, 26, 27, 28, 538, 668, 31, 919, 545, 546, 35, 36, 928, 929, 932, 552, 934, 426, 43, 935, 45, 561, 52, 565, 55, 56, 183, 568, 696, 60, 62, 64, 197, 70, 71, 455, 334, 80, 472, 857, 90, 477, 94, 478, 480, 97, 483, 484, 232, 490, 878, 496, 505, 507, 509, 510, 511]",False,[],[],[],[],"[4, 11, 18, 21, 23, 26, 27, 28, 31, 35, 36, 43, 45, 52, 55, 56, 60, 62, 64, 70, 71, 80, 90, 94, 97, 183, 197, 232, 334, 426, 455, 472, 477, 478, 480, 483, 484, 490, 496, 505, 507, 509, 510, 511, 514, 516, 517, 523, 525, 529, 532, 533, 536, 538, 545, 546, 552, 561, 565, 568, 654, 668, 696, 790, 857, 878, 902, 919, 928, 929, 932, 934, 935]",[],[],0/6 successful match,False,,False,576,False,,1.0,True,Sky City Travel Center AMDEST,
"Acoma , 87034 Sky City Travel Center",505-552-6681 I-40 Exit 102,HRS 24 XL <U+25A1>,Acoma,87034,Sky City Travel Center,505-552-6681,2006,Pueblo Of Acoma,NM,,,I-40 Exit 102,Exit,102,False,,False,I-40,,,,,[],[],[],[],[],"[4, 11, 18, 21, 23, 26, 27, 28, 31, 35, 36, 43, 45, 52, 55, 56, 60, 62, 64, 70, 71, 80, 90, 94, 97, 183, 197, 232, 334, 426, 455, 472, 477, 478, 480, 483, 484, 490, 496, 505, 507, 509, 510, 511, 514, 516, 517, 523, 525, 529, 532, 533, 536, 538, 545, 546, 552, 561, 565, 568, 654, 668, 696, 790, 857, 878, 902, 919, 928, 929, 932, 934, 935]",[],[],"[514, 4, 516, 517, 902, 11, 523, 525, 654, 529, 18, 532, 21, 533, 23, 536, 790, 26, 27, 28, 538, 668, 31, 919, 545, 546, 35, 36, 928, 929, 932, 552, 934, 426, 43, 935, 45, 561, 52, 565, 55, 56, 183, 568, 696, 60, 62, 64, 197, 70, 71, 455, 334, 80, 472, 857, 90, 477, 94, 478, 480, 97, 483, 484, 232, 490, 878, 496, 505, 507, 509, 510, 511]",False,[],[],[],[],"[4, 11, 18, 21, 23, 26, 27, 28, 31, 35, 36, 43, 45, 52, 55, 56, 60, 62, 64, 70, 71, 80, 90, 94, 97, 183, 197, 232, 334, 426, 455, 472, 477, 478, 480, 483, 484, 490, 496, 505, 507, 509, 510, 511, 514, 516, 517, 523, 525, 529, 532, 533, 536, 538, 545, 546, 552, 561, 565, 568, 654, 668, 696, 790, 857, 878, 902, 919, 928, 929, 932, 934, 935]",[],[],0/6 successful match,False,,False,577,False,,,,,
E Moriarty ( 87035 ) Pilot Travel Center # 475,505-832-4954 I-40 Exit 196 ( NM 41 N ),tert 24 [ M,Moriarty,87035,Pilot Travel Center # 475,505-832-4954,2014,Moriarty,NM,Pilot,( NM 41 N ),I-40 Exit 196 ,Exit,196,False,,False,I-40,,,,,[],[],[],"[13, 498]",[],"[4, 11, 18, 21, 23, 26, 27, 28, 31, 35, 36, 43, 45, 52, 55, 56, 60, 62, 64, 70, 71, 80, 90, 94, 97, 183, 197, 232, 334, 426, 455, 472, 477, 478, 480, 483, 484, 490, 496, 505, 507, 509, 510, 511, 514, 516, 517, 523, 525, 529, 532, 533, 536, 538, 545, 546, 552, 561, 565, 568, 654, 668, 696, 790, 857, 878, 902, 919, 928, 929, 932, 934, 935]","[15, 16, 65, 66, 67, 68, 69, 70, 71, 72, 73, 74, 75, 76, 80, 151, 245, 246, 247, 248, 249, 250, 251, 252, 253, 254, 255, 256, 257, 258, 259, 280, 340, 373, 374, 375, 376, 377, 459, 460, 461, 462, 500, 501, 539, 540, 541, 542, 543, 544, 545, 546, 547, 548, 549, 550, 552, 622, 708, 709, 710, 711, 712, 713, 714, 715, 716, 717, 718, 719, 720, 739, 796, 823, 824, 825, 826, 827, 906, 907, 908, 909]","[15, 16, 65, 66, 67, 68, 69, 70, 71, 72, 73, 74, 75, 76, 77, 78, 80, 151, 244, 245, 246, 247, 248, 249, 250, 251, 252, 253, 254, 255, 256, 257, 258, 259, 260, 280, 340, 373, 374, 375, 376, 377, 459, 460, 461, 462, 500, 501, 539, 540, 541, 542, 543, 544, 545, 546, 547, 548, 549, 550, 552, 622, 708, 709, 710, 711, 712, 713, 714, 715, 716, 717, 718, 719, 720, 739, 796, 823, 824, 825, 826, 827, 906, 907, 908, 909]","[514, 4, 516, 517, 11, 523, 13, 525, 15, 16, 529, 18, 532, 21, 533, 23, 536, 26, 27, 28, 538, 539, 31, 540, 545, 546, 35, 36, 541, 542, 543, 552, 544, 547, 43, 548, 45, 549, 550, 561, 52, 565, 55, 56, 568, 60, 62, 64, 65, 66, 67, 68, 69, 70, 71, 72, 73, 74, 75, 76, 77, 78, 80, 90, 94, 97, 622, 654, 151, 668, 183, 696, 708, 197, 709, 710, 711, 712, 713, 714, 715, 716, 717, 718, 719, 720, 739, 232, 244, 245, 246, 247, 248, 249, 250, 251, 252, 253, 254, 255, 256, 257, 258, 259, 260, 790, 280, 796, 823, 824, 825, 826, 827, 334, 340, 857, 878, 373, 374, 375, 376, 377, 902, 906, 907, 908, 909, 919, 928, 929, 932, 934, 935, 426, 455, 459, 460, 461, 462, 472, 477, 478, 480, 483, 484, 490, 496, 498, 500, 501, 505, 507, 509, 510, 511]",False,[],[],[],"[13, 498]","[4, 11, 18, 21, 23, 26, 27, 28, 31, 35, 36, 43, 45, 52, 55, 56, 60, 62, 64, 70, 71, 80, 90, 94, 97, 183, 197, 232, 334, 426, 455, 472, 477, 478, 480, 483, 484, 490, 496, 505, 507, 509, 510, 511, 514, 516, 517, 523, 525, 529, 532, 533, 536, 538, 545, 546, 552, 561, 565, 568, 654, 668, 696, 790, 857, 878, 902, 919, 928, 929, 932, 934, 935]","[15, 16, 65, 66, 67, 68, 69, 70, 71, 72, 73, 74, 75, 76, 77, 78, 80, 151, 244, 245, 246, 247, 248, 249, 250, 251, 252, 253, 254, 255, 256, 257, 258, 259, 260, 280, 340, 373, 374, 375, 376, 377, 459, 460, 461, 462, 500, 501, 539, 540, 541, 542, 543, 544, 545, 546, 547, 548, 549, 550, 552, 622, 708, 709, 710, 711, 712, 713, 714, 715, 716, 717, 718, 719, 720, 739, 796, 823, 824, 825, 826, 827, 906, 907, 908, 909]","[15, 16, 65, 66, 67, 68, 69, 70, 71, 72, 73, 74, 75, 76, 80, 151, 245, 246, 247, 248, 249, 250, 251, 252, 253, 254, 255, 256, 257, 258, 259, 280, 340, 373, 374, 375, 376, 377, 459, 460, 461, 462, 500, 501, 539, 540, 541, 542, 543, 544, 545, 546, 547, 548, 549, 550, 552, 622, 708, 709, 710, 711, 712, 713, 714, 715, 716, 717, 718, 719, 720, 739, 796, 823, 824, 825, 826, 827, 906, 907, 908, 909]",0/6 successful match,False,,False,578,False,,,,,
E Moriarty ( 87035 ) Pilot Travel Center # 475,505-832-4954 I-40 Exit 196 ( NM 41 N ),24 <U+25A1> M,Moriarty,87035,Pilot Travel Center # 475,505-832-4954,2015,Moriarty,NM,Pilot,( NM 41 N ),I-40 Exit 196 ,Exit,196,False,,False,I-40,,,,,[],[],[],"[13, 498]",[],"[4, 11, 18, 21, 23, 26, 27, 28, 31, 35, 36, 43, 45, 52, 55, 56, 60, 62, 64, 70, 71, 80, 90, 94, 97, 183, 197, 232, 334, 426, 455, 472, 477, 478, 480, 483, 484, 490, 496, 505, 507, 509, 510, 511, 514, 516, 517, 523, 525, 529, 532, 533, 536, 538, 545, 546, 552, 561, 565, 568, 654, 668, 696, 790, 857, 878, 902, 919, 928, 929, 932, 934, 935]","[15, 16, 65, 66, 67, 68, 69, 70, 71, 72, 73, 74, 75, 76, 80, 151, 245, 246, 247, 248, 249, 250, 251, 252, 253, 254, 255, 256, 257, 258, 259, 280, 340, 373, 374, 375, 376, 377, 459, 460, 461, 462, 500, 501, 539, 540, 541, 542, 543, 544, 545, 546, 547, 548, 549, 550, 552, 622, 708, 709, 710, 711, 712, 713, 714, 715, 716, 717, 718, 719, 720, 739, 796, 823, 824, 825, 826, 827, 906, 907, 908, 909]","[15, 16, 65, 66, 67, 68, 69, 70, 71, 72, 73, 74, 75, 76, 77, 78, 80, 151, 244, 245, 246, 247, 248, 249, 250, 251, 252, 253, 254, 255, 256, 257, 258, 259, 260, 280, 340, 373, 374, 375, 376, 377, 459, 460, 461, 462, 500, 501, 539, 540, 541, 542, 543, 544, 545, 546, 547, 548, 549, 550, 552, 622, 708, 709, 710, 711, 712, 713, 714, 715, 716, 717, 718, 719, 720, 739, 796, 823, 824, 825, 826, 827, 906, 907, 908, 909]","[514, 4, 516, 517, 11, 523, 13, 525, 15, 16, 529, 18, 532, 21, 533, 23, 536, 26, 27, 28, 538, 539, 31, 540, 545, 546, 35, 36, 541, 542, 543, 552, 544, 547, 43, 548, 45, 549, 550, 561, 52, 565, 55, 56, 568, 60, 62, 64, 65, 66, 67, 68, 69, 70, 71, 72, 73, 74, 75, 76, 77, 78, 80, 90, 94, 97, 622, 654, 151, 668, 183, 696, 708, 197, 709, 710, 711, 712, 713, 714, 715, 716, 717, 718, 719, 720, 739, 232, 244, 245, 246, 247, 248, 249, 250, 251, 252, 253, 254, 255, 256, 257, 258, 259, 260, 790, 280, 796, 823, 824, 825, 826, 827, 334, 340, 857, 878, 373, 374, 375, 376, 377, 902, 906, 907, 908, 909, 919, 928, 929, 932, 934, 935, 426, 455, 459, 460, 461, 462, 472, 477, 478, 480, 483, 484, 490, 496, 498, 500, 501, 505, 507, 509, 510, 511]",False,[],[],[],"[13, 498]","[4, 11, 18, 21, 23, 26, 27, 28, 31, 35, 36, 43, 45, 52, 55, 56, 60, 62, 64, 70, 71, 80, 90, 94, 97, 183, 197, 232, 334, 426, 455, 472, 477, 478, 480, 483, 484, 490, 496, 505, 507, 509, 510, 511, 514, 516, 517, 523, 525, 529, 532, 533, 536, 538, 545, 546, 552, 561, 565, 568, 654, 668, 696, 790, 857, 878, 902, 919, 928, 929, 932, 934, 935]","[15, 16, 65, 66, 67, 68, 69, 70, 71, 72, 73, 74, 75, 76, 77, 78, 80, 151, 244, 245, 246, 247, 248, 249, 250, 251, 252, 253, 254, 255, 256, 257, 258, 259, 260, 280, 340, 373, 374, 375, 376, 377, 459, 460, 461, 462, 500, 501, 539, 540, 541, 542, 543, 544, 545, 546, 547, 548, 549, 550, 552, 622, 708, 709, 710, 711, 712, 713, 714, 715, 716, 717, 718, 719, 720, 739, 796, 823, 824, 825, 826, 827, 906, 907, 908, 909]","[15, 16, 65, 66, 67, 68, 69, 70, 71, 72, 73, 74, 75, 76, 80, 151, 245, 246, 247, 248, 249, 250, 251, 252, 253, 254, 255, 256, 257, 258, 259, 280, 340, 373, 374, 375, 376, 377, 459, 460, 461, 462, 500, 501, 539, 540, 541, 542, 543, 544, 545, 546, 547, 548, 549, 550, 552, 622, 708, 709, 710, 711, 712, 713, 714, 715, 716, 717, 718, 719, 720, 739, 796, 823, 824, 825, 826, 827, 906, 907, 908, 909]",0/6 successful match,False,,False,578,False,,1.0,True,Pilot Travel Center # 475,Pilot
Moriarty ( 87035 ) Pilot Travel Center # 475,505-832-4954 I-40 Exit 196 ( NM 41 N ),Pilat 24 D M 24,Moriarty,87035,Pilot Travel Center # 475,505-832-4954,2016,Moriarty,NM,Pilot,( NM 41 N ),I-40 Exit 196 ,Exit,196,False,,False,I-40,,,,,[],[],[],"[13, 498]",[],"[4, 11, 18, 21, 23, 26, 27, 28, 31, 35, 36, 43, 45, 52, 55, 56, 60, 62, 64, 70, 71, 80, 90, 94, 97, 183, 197, 232, 334, 426, 455, 472, 477, 478, 480, 483, 484, 490, 496, 505, 507, 509, 510, 511, 514, 516, 517, 523, 525, 529, 532, 533, 536, 538, 545, 546, 552, 561, 565, 568, 654, 668, 696, 790, 857, 878, 902, 919, 928, 929, 932, 934, 935]","[15, 16, 65, 66, 67, 68, 69, 70, 71, 72, 73, 74, 75, 76, 80, 151, 245, 246, 247, 248, 249, 250, 251, 252, 253, 254, 255, 256, 257, 258, 259, 280, 340, 373, 374, 375, 376, 377, 459, 460, 461, 462, 500, 501, 539, 540, 541, 542, 543, 544, 545, 546, 547, 548, 549, 550, 552, 622, 708, 709, 710, 711, 712, 713, 714, 715, 716, 717, 718, 719, 720, 739, 796, 823, 824, 825, 826, 827, 906, 907, 908, 909]","[15, 16, 65, 66, 67, 68, 69, 70, 71, 72, 73, 74, 75, 76, 77, 78, 80, 151, 244, 245, 246, 247, 248, 249, 250, 251, 252, 253, 254, 255, 256, 257, 258, 259, 260, 280, 340, 373, 374, 375, 376, 377, 459, 460, 461, 462, 500, 501, 539, 540, 541, 542, 543, 544, 545, 546, 547, 548, 549, 550, 552, 622, 708, 709, 710, 711, 712, 713, 714, 715, 716, 717, 718, 719, 720, 739, 796, 823, 824, 825, 826, 827, 906, 907, 908, 909]","[514, 4, 516, 517, 11, 523, 13, 525, 15, 16, 529, 18, 532, 21, 533, 23, 536, 26, 27, 28, 538, 539, 31, 540, 545, 546, 35, 36, 541, 542, 543, 552, 544, 547, 43, 548, 45, 549, 550, 561, 52, 565, 55, 56, 568, 60, 62, 64, 65, 66, 67, 68, 69, 70, 71, 72, 73, 74, 75, 76, 77, 78, 80, 90, 94, 97, 622, 654, 151, 668, 183, 696, 708, 197, 709, 710, 711, 712, 713, 714, 715, 716, 717, 718, 719, 720, 739, 232, 244, 245, 246, 247, 248, 249, 250, 251, 252, 253, 254, 255, 256, 257, 258, 259, 260, 790, 280, 796, 823, 824, 825, 826, 827, 334, 340, 857, 878, 373, 374, 375, 376, 377, 902, 906, 907, 908, 909, 919, 928, 929, 932, 934, 935, 426, 455, 459, 460, 461, 462, 472, 477, 478, 480, 483, 484, 490, 496, 498, 500, 501, 505, 507, 509, 510, 511]",False,[],[],[],"[13, 498]","[4, 11, 18, 21, 23, 26, 27, 28, 31, 35, 36, 43, 45, 52, 55, 56, 60, 62, 64, 70, 71, 80, 90, 94, 97, 183, 197, 232, 334, 426, 455, 472, 477, 478, 480, 483, 484, 490, 496, 505, 507, 509, 510, 511, 514, 516, 517, 523, 525, 529, 532, 533, 536, 538, 545, 546, 552, 561, 565, 568, 654, 668, 696, 790, 857, 878, 902, 919, 928, 929, 932, 934, 935]","[15, 16, 65, 66, 67, 68, 69, 70, 71, 72, 73, 74, 75, 76, 77, 78, 80, 151, 244, 245, 246, 247, 248, 249, 250, 251, 252, 253, 254, 255, 256, 257, 258, 259, 260, 280, 340, 373, 374, 375, 376, 377, 459, 460, 461, 462, 500, 501, 539, 540, 541, 542, 543, 544, 545, 546, 547, 548, 549, 550, 552, 622, 708, 709, 710, 711, 712, 713, 714, 715, 716, 717, 718, 719, 720, 739, 796, 823, 824, 825, 826, 827, 906, 907, 908, 909]","[15, 16, 65, 66, 67, 68, 69, 70, 71, 72, 73, 74, 75, 76, 80, 151, 245, 246, 247, 248, 249, 250, 251, 252, 253, 254, 255, 256, 257, 258, 259, 280, 340, 373, 374, 375, 376, 377, 459, 460, 461, 462, 500, 501, 539, 540, 541, 542, 543, 544, 545, 546, 547, 548, 549, 550, 552, 622, 708, 709, 710, 711, 712, 713, 714, 715, 716, 717, 718, 719, 720, 739, 796, 823, 824, 825, 826, 827, 906, 907, 908, 909]",0/6 successful match,False,,False,578,False,,1.0,True,Pilot Travel Center # 475,Pilot
Albuquerque ( 87105 ) Duke City ( Cardlock ),505-379-7441 3203 NM 47 SB ( W of I-25 Exit 222 B ),) <U+25A1> <U+2610>,Albuquerque,87105,Duke City ( Cardlock ),505-379-7441,2014,Albuquerque,NM,,( W of I-25 Exit 222 B ),3203 NM 47 SB,Proper,,False,,False,3203 NM,,,,,[],[],[],[],[],[],[],[],[],False,[],[],[],[],[],[],[],0/6 successful match,False,,False,579,False,,,,,
Albuquerque ( 87105 ) Duke City ( Cardlock ),505-379-7441 3203 NM 47 SB ( W of I -,) <U+2610> D <U+25A1>,Albuquerque,87105,Duke City ( Cardlock ),505-379-7441,2015,Albuquerque,NM,,( W of I -,3203 NM 47 SB,Proper,,False,,False,3203 NM,,,,,[],[],[],[],[],[],[],[],[],False,[],[],[],[],[],[],[],0/6 successful match,False,,False,579,False,,1.0,True,Duke City ( Cardlock ),
Albuquerque ( 87105 ) Duke City ( Cardlock ),505-379-7441 3203 NM 47 SB ( W of I,D D D,Albuquerque,87105,Duke City ( Cardlock ),505-379-7441,2016,Albuquerque,NM,,( W of I,3203 NM 47 SB,Proper,,False,,False,3203 NM,,,,,[],[],[],[],[],[],[],[],[],False,[],[],[],[],[],[],[],0/6 successful match,False,,False,579,False,,1.0,True,Duke City ( Cardlock ),
"Albuquerque , 87105 Duke City Cardlock ( CFN )",3 505-899-7507 3203 NM 47 SB ( W of I-25 Exit 222 ),<U+2610>,Albuquerque,87105,Duke City Cardlock ( CFN ),505-899-7507,2006,Albuquerque,NM,,( W of I-25 Exit 222 ),3203 NM 47 SB,Proper,,False,,False,3203 NM,,,,,[],[],[],[],[],[],[],"[196, 264, 667, 724]","[264, 724, 667, 196]",False,[],[],[],[],[],"[196, 264, 667, 724]",[],0/6 successful match,False,,False,580,False,,,,,
"Albuquerque , 87121 Nine Mile Hill Chevron",505-831-3448 I-40 Exit 149 ( Central Ave S ),M <U+2610>,Albuquerque,87121,Nine Mile Hill Chevron,505-831-3448,2006,Albuquerque,NM,Chevron,( Central Ave S ),I-40 Exit 149 ,Exit,149,False,,False,I-40,,,,,[],[],[],"[393, 843]",[],"[4, 11, 18, 21, 23, 26, 27, 28, 31, 35, 36, 43, 45, 52, 55, 56, 60, 62, 64, 70, 71, 80, 90, 94, 97, 183, 197, 232, 334, 426, 455, 472, 477, 478, 480, 483, 484, 490, 496, 505, 507, 509, 510, 511, 514, 516, 517, 523, 525, 529, 532, 533, 536, 538, 545, 546, 552, 561, 565, 568, 654, 668, 696, 790, 857, 878, 902, 919, 928, 929, 932, 934, 935]","[12, 24, 25, 28, 88, 100, 104, 119, 123, 129, 136, 137, 139, 140, 141, 148, 155, 169, 172, 179, 183, 185, 188, 196, 198, 217, 237, 267, 270, 278, 319, 321, 324, 325, 330, 334, 335, 354, 366, 369, 380, 383, 384, 386, 395, 407, 411, 423, 428, 436, 437, 452, 453, 456, 467, 471, 477, 478, 479, 497, 508, 511, 559, 571, 575, 590, 594, 600, 607, 608, 610, 611, 612, 619, 627, 640, 643, 650, 654, 656, 659, 667, 669, 685, 701, 726, 729, 737, 777, 779, 782, 783, 787, 790, 791, 809, 817, 819, 830, 833, 834, 836, 845, 856, 857, 860, 862, 875, 880, 887, 888, 899, 900, 914, 918, 921, 928, 929, 930]","[12, 24, 25, 28, 88, 100, 104, 119, 123, 129, 136, 137, 139, 140, 141, 148, 155, 169, 172, 178, 179, 183, 185, 188, 196, 198, 217, 237, 267, 270, 278, 319, 321, 324, 325, 330, 334, 335, 354, 366, 369, 380, 383, 384, 386, 395, 407, 411, 423, 428, 436, 437, 452, 453, 456, 467, 471, 477, 478, 479, 497, 508, 511, 559, 571, 575, 590, 594, 600, 607, 608, 610, 611, 612, 619, 627, 640, 643, 649, 650, 654, 656, 659, 667, 669, 685, 701, 726, 729, 737, 777, 779, 782, 783, 787, 790, 791, 809, 817, 819, 830, 833, 834, 836, 845, 856, 857, 860, 862, 875, 880, 887, 888, 899, 900, 914, 918, 921, 928, 929, 930]","[514, 4, 516, 517, 11, 523, 525, 12, 529, 18, 532, 21, 533, 23, 536, 24, 26, 27, 28, 538, 25, 31, 545, 546, 35, 36, 552, 43, 45, 559, 561, 52, 565, 55, 56, 568, 571, 60, 62, 575, 64, 70, 71, 590, 80, 594, 88, 600, 90, 94, 607, 608, 97, 610, 611, 100, 612, 104, 619, 627, 119, 123, 640, 129, 643, 136, 137, 650, 139, 140, 141, 654, 649, 656, 659, 148, 155, 668, 667, 669, 169, 172, 685, 178, 179, 183, 696, 185, 188, 701, 196, 197, 198, 726, 217, 729, 737, 232, 237, 777, 267, 779, 270, 782, 783, 787, 790, 278, 791, 809, 817, 819, 830, 319, 321, 833, 834, 324, 325, 836, 330, 843, 845, 334, 335, 856, 857, 860, 862, 354, 875, 878, 366, 880, 369, 887, 888, 380, 383, 384, 386, 899, 900, 902, 393, 395, 914, 918, 919, 407, 921, 411, 928, 929, 930, 932, 934, 935, 423, 426, 428, 436, 437, 452, 453, 455, 456, 467, 471, 472, 477, 478, 479, 480, 483, 484, 490, 496, 497, 505, 507, 508, 509, 510, 511]",False,[],[],[],"[393, 843]","[4, 11, 18, 21, 23, 26, 27, 28, 31, 35, 36, 43, 45, 52, 55, 56, 60, 62, 64, 70, 71, 80, 90, 94, 97, 183, 197, 232, 334, 426, 455, 472, 477, 478, 480, 483, 484, 490, 496, 505, 507, 509, 510, 511, 514, 516, 517, 523, 525, 529, 532, 533, 536, 538, 545, 546, 552, 561, 565, 568, 654, 668, 696, 790, 857, 878, 902, 919, 928, 929, 932, 934, 935]","[12, 24, 25, 28, 88, 100, 104, 119, 123, 129, 136, 137, 139, 140, 141, 148, 155, 169, 172, 178, 179, 183, 185, 188, 196, 198, 217, 237, 267, 270, 278, 319, 321, 324, 325, 330, 334, 335, 354, 366, 369, 380, 383, 384, 386, 395, 407, 411, 423, 428, 436, 437, 452, 453, 456, 467, 471, 477, 478, 479, 497, 508, 511, 559, 571, 575, 590, 594, 600, 607, 608, 610, 611, 612, 619, 627, 640, 643, 649, 650, 654, 656, 659, 667, 669, 685, 701, 726, 729, 737, 777, 779, 782, 783, 787, 790, 791, 809, 817, 819, 830, 833, 834, 836, 845, 856, 857, 860, 862, 875, 880, 887, 888, 899, 900, 914, 918, 921, 928, 929, 930]","[12, 24, 25, 28, 88, 100, 104, 119, 123, 129, 136, 137, 139, 140, 141, 148, 155, 169, 172, 179, 183, 185, 188, 196, 198, 217, 237, 267, 270, 278, 319, 321, 324, 325, 330, 334, 335, 354, 366, 369, 380, 383, 384, 386, 395, 407, 411, 423, 428, 436, 437, 452, 453, 456, 467, 471, 477, 478, 479, 497, 508, 511, 559, 571, 575, 590, 594, 600, 607, 608, 610, 611, 612, 619, 627, 640, 643, 650, 654, 656, 659, 667, 669, 685, 701, 726, 729, 737, 777, 779, 782, 783, 787, 790, 791, 809, 817, 819, 830, 833, 834, 836, 845, 856, 857, 860, 862, 875, 880, 887, 888, 899, 900, 914, 918, 921, 928, 929, 930]",0/6 successful match,False,,False,581,False,,,,,
"Albuquerque , 87121 Nine Mile Hill Chevron",505-831-3448 I-40 Exit 149 ( Central Ave S ),24 480 M,Albuquerque,87121,Nine Mile Hill Chevron,505-831-3448,2007,Albuquerque,NM,Chevron,( Central Ave S ),I-40 Exit 149 ,Exit,149,False,,False,I-40,,,,,[],[],[],"[393, 843]",[],"[4, 11, 18, 21, 23, 26, 27, 28, 31, 35, 36, 43, 45, 52, 55, 56, 60, 62, 64, 70, 71, 80, 90, 94, 97, 183, 197, 232, 334, 426, 455, 472, 477, 478, 480, 483, 484, 490, 496, 505, 507, 509, 510, 511, 514, 516, 517, 523, 525, 529, 532, 533, 536, 538, 545, 546, 552, 561, 565, 568, 654, 668, 696, 790, 857, 878, 902, 919, 928, 929, 932, 934, 935]","[12, 24, 25, 28, 88, 100, 104, 119, 123, 129, 136, 137, 139, 140, 141, 148, 155, 169, 172, 179, 183, 185, 188, 196, 198, 217, 237, 267, 270, 278, 319, 321, 324, 325, 330, 334, 335, 354, 366, 369, 380, 383, 384, 386, 395, 407, 411, 423, 428, 436, 437, 452, 453, 456, 467, 471, 477, 478, 479, 497, 508, 511, 559, 571, 575, 590, 594, 600, 607, 608, 610, 611, 612, 619, 627, 640, 643, 650, 654, 656, 659, 667, 669, 685, 701, 726, 729, 737, 777, 779, 782, 783, 787, 790, 791, 809, 817, 819, 830, 833, 834, 836, 845, 856, 857, 860, 862, 875, 880, 887, 888, 899, 900, 914, 918, 921, 928, 929, 930]","[12, 24, 25, 28, 88, 100, 104, 119, 123, 129, 136, 137, 139, 140, 141, 148, 155, 169, 172, 178, 179, 183, 185, 188, 196, 198, 217, 237, 267, 270, 278, 319, 321, 324, 325, 330, 334, 335, 354, 366, 369, 380, 383, 384, 386, 395, 407, 411, 423, 428, 436, 437, 452, 453, 456, 467, 471, 477, 478, 479, 497, 508, 511, 559, 571, 575, 590, 594, 600, 607, 608, 610, 611, 612, 619, 627, 640, 643, 649, 650, 654, 656, 659, 667, 669, 685, 701, 726, 729, 737, 777, 779, 782, 783, 787, 790, 791, 809, 817, 819, 830, 833, 834, 836, 845, 856, 857, 860, 862, 875, 880, 887, 888, 899, 900, 914, 918, 921, 928, 929, 930]","[514, 4, 516, 517, 11, 523, 525, 12, 529, 18, 532, 21, 533, 23, 536, 24, 26, 27, 28, 538, 25, 31, 545, 546, 35, 36, 552, 43, 45, 559, 561, 52, 565, 55, 56, 568, 571, 60, 62, 575, 64, 70, 71, 590, 80, 594, 88, 600, 90, 94, 607, 608, 97, 610, 611, 100, 612, 104, 619, 627, 119, 123, 640, 129, 643, 136, 137, 650, 139, 140, 141, 654, 649, 656, 659, 148, 155, 668, 667, 669, 169, 172, 685, 178, 179, 183, 696, 185, 188, 701, 196, 197, 198, 726, 217, 729, 737, 232, 237, 777, 267, 779, 270, 782, 783, 787, 790, 278, 791, 809, 817, 819, 830, 319, 321, 833, 834, 324, 325, 836, 330, 843, 845, 334, 335, 856, 857, 860, 862, 354, 875, 878, 366, 880, 369, 887, 888, 380, 383, 384, 386, 899, 900, 902, 393, 395, 914, 918, 919, 407, 921, 411, 928, 929, 930, 932, 934, 935, 423, 426, 428, 436, 437, 452, 453, 455, 456, 467, 471, 472, 477, 478, 479, 480, 483, 484, 490, 496, 497, 505, 507, 508, 509, 510, 511]",False,[],[],[],"[393, 843]","[4, 11, 18, 21, 23, 26, 27, 28, 31, 35, 36, 43, 45, 52, 55, 56, 60, 62, 64, 70, 71, 80, 90, 94, 97, 183, 197, 232, 334, 426, 455, 472, 477, 478, 480, 483, 484, 490, 496, 505, 507, 509, 510, 511, 514, 516, 517, 523, 525, 529, 532, 533, 536, 538, 545, 546, 552, 561, 565, 568, 654, 668, 696, 790, 857, 878, 902, 919, 928, 929, 932, 934, 935]","[12, 24, 25, 28, 88, 100, 104, 119, 123, 129, 136, 137, 139, 140, 141, 148, 155, 169, 172, 178, 179, 183, 185, 188, 196, 198, 217, 237, 267, 270, 278, 319, 321, 324, 325, 330, 334, 335, 354, 366, 369, 380, 383, 384, 386, 395, 407, 411, 423, 428, 436, 437, 452, 453, 456, 467, 471, 477, 478, 479, 497, 508, 511, 559, 571, 575, 590, 594, 600, 607, 608, 610, 611, 612, 619, 627, 640, 643, 649, 650, 654, 656, 659, 667, 669, 685, 701, 726, 729, 737, 777, 779, 782, 783, 787, 790, 791, 809, 817, 819, 830, 833, 834, 836, 845, 856, 857, 860, 862, 875, 880, 887, 888, 899, 900, 914, 918, 921, 928, 929, 930]","[12, 24, 25, 28, 88, 100, 104, 119, 123, 129, 136, 137, 139, 140, 141, 148, 155, 169, 172, 179, 183, 185, 188, 196, 198, 217, 237, 267, 270, 278, 319, 321, 324, 325, 330, 334, 335, 354, 366, 369, 380, 383, 384, 386, 395, 407, 411, 423, 428, 436, 437, 452, 453, 456, 467, 471, 477, 478, 479, 497, 508, 511, 559, 571, 575, 590, 594, 600, 607, 608, 610, 611, 612, 619, 627, 640, 643, 650, 654, 656, 659, 667, 669, 685, 701, 726, 729, 737, 777, 779, 782, 783, 787, 790, 791, 809, 817, 819, 830, 833, 834, 836, 845, 856, 857, 860, 862, 875, 880, 887, 888, 899, 900, 914, 918, 921, 928, 929, 930]",0/6 successful match,False,,False,581,False,,1.0,True,Nine Mile Hill Chevron,Chevron
"Albuquerque , 87121 Nine Mile Hill Chevron",505-831-3448 I-40 Exit 149 ( Central Ave S ),HRS 24 M <U+2610>,Albuquerque,87121,Nine Mile Hill Chevron,505-831-3448,2008,Albuquerque,NM,Chevron,( Central Ave S ),I-40 Exit 149 ,Exit,149,False,,False,I-40,,,,,[],[],[],"[393, 843]",[],"[4, 11, 18, 21, 23, 26, 27, 28, 31, 35, 36, 43, 45, 52, 55, 56, 60, 62, 64, 70, 71, 80, 90, 94, 97, 183, 197, 232, 334, 426, 455, 472, 477, 478, 480, 483, 484, 490, 496, 505, 507, 509, 510, 511, 514, 516, 517, 523, 525, 529, 532, 533, 536, 538, 545, 546, 552, 561, 565, 568, 654, 668, 696, 790, 857, 878, 902, 919, 928, 929, 932, 934, 935]","[12, 24, 25, 28, 88, 100, 104, 119, 123, 129, 136, 137, 139, 140, 141, 148, 155, 169, 172, 179, 183, 185, 188, 196, 198, 217, 237, 267, 270, 278, 319, 321, 324, 325, 330, 334, 335, 354, 366, 369, 380, 383, 384, 386, 395, 407, 411, 423, 428, 436, 437, 452, 453, 456, 467, 471, 477, 478, 479, 497, 508, 511, 559, 571, 575, 590, 594, 600, 607, 608, 610, 611, 612, 619, 627, 640, 643, 650, 654, 656, 659, 667, 669, 685, 701, 726, 729, 737, 777, 779, 782, 783, 787, 790, 791, 809, 817, 819, 830, 833, 834, 836, 845, 856, 857, 860, 862, 875, 880, 887, 888, 899, 900, 914, 918, 921, 928, 929, 930]","[12, 24, 25, 28, 88, 100, 104, 119, 123, 129, 136, 137, 139, 140, 141, 148, 155, 169, 172, 178, 179, 183, 185, 188, 196, 198, 217, 237, 267, 270, 278, 319, 321, 324, 325, 330, 334, 335, 354, 366, 369, 380, 383, 384, 386, 395, 407, 411, 423, 428, 436, 437, 452, 453, 456, 467, 471, 477, 478, 479, 497, 508, 511, 559, 571, 575, 590, 594, 600, 607, 608, 610, 611, 612, 619, 627, 640, 643, 649, 650, 654, 656, 659, 667, 669, 685, 701, 726, 729, 737, 777, 779, 782, 783, 787, 790, 791, 809, 817, 819, 830, 833, 834, 836, 845, 856, 857, 860, 862, 875, 880, 887, 888, 899, 900, 914, 918, 921, 928, 929, 930]","[514, 4, 516, 517, 11, 523, 525, 12, 529, 18, 532, 21, 533, 23, 536, 24, 26, 27, 28, 538, 25, 31, 545, 546, 35, 36, 552, 43, 45, 559, 561, 52, 565, 55, 56, 568, 571, 60, 62, 575, 64, 70, 71, 590, 80, 594, 88, 600, 90, 94, 607, 608, 97, 610, 611, 100, 612, 104, 619, 627, 119, 123, 640, 129, 643, 136, 137, 650, 139, 140, 141, 654, 649, 656, 659, 148, 155, 668, 667, 669, 169, 172, 685, 178, 179, 183, 696, 185, 188, 701, 196, 197, 198, 726, 217, 729, 737, 232, 237, 777, 267, 779, 270, 782, 783, 787, 790, 278, 791, 809, 817, 819, 830, 319, 321, 833, 834, 324, 325, 836, 330, 843, 845, 334, 335, 856, 857, 860, 862, 354, 875, 878, 366, 880, 369, 887, 888, 380, 383, 384, 386, 899, 900, 902, 393, 395, 914, 918, 919, 407, 921, 411, 928, 929, 930, 932, 934, 935, 423, 426, 428, 436, 437, 452, 453, 455, 456, 467, 471, 472, 477, 478, 479, 480, 483, 484, 490, 496, 497, 505, 507, 508, 509, 510, 511]",False,[],[],[],"[393, 843]","[4, 11, 18, 21, 23, 26, 27, 28, 31, 35, 36, 43, 45, 52, 55, 56, 60, 62, 64, 70, 71, 80, 90, 94, 97, 183, 197, 232, 334, 426, 455, 472, 477, 478, 480, 483, 484, 490, 496, 505, 507, 509, 510, 511, 514, 516, 517, 523, 525, 529, 532, 533, 536, 538, 545, 546, 552, 561, 565, 568, 654, 668, 696, 790, 857, 878, 902, 919, 928, 929, 932, 934, 935]","[12, 24, 25, 28, 88, 100, 104, 119, 123, 129, 136, 137, 139, 140, 141, 148, 155, 169, 172, 178, 179, 183, 185, 188, 196, 198, 217, 237, 267, 270, 278, 319, 321, 324, 325, 330, 334, 335, 354, 366, 369, 380, 383, 384, 386, 395, 407, 411, 423, 428, 436, 437, 452, 453, 456, 467, 471, 477, 478, 479, 497, 508, 511, 559, 571, 575, 590, 594, 600, 607, 608, 610, 611, 612, 619, 627, 640, 643, 649, 650, 654, 656, 659, 667, 669, 685, 701, 726, 729, 737, 777, 779, 782, 783, 787, 790, 791, 809, 817, 819, 830, 833, 834, 836, 845, 856, 857, 860, 862, 875, 880, 887, 888, 899, 900, 914, 918, 921, 928, 929, 930]","[12, 24, 25, 28, 88, 100, 104, 119, 123, 129, 136, 137, 139, 140, 141, 148, 155, 169, 172, 179, 183, 185, 188, 196, 198, 217, 237, 267, 270, 278, 319, 321, 324, 325, 330, 334, 335, 354, 366, 369, 380, 383, 384, 386, 395, 407, 411, 423, 428, 436, 437, 452, 453, 456, 467, 471, 477, 478, 479, 497, 508, 511, 559, 571, 575, 590, 594, 600, 607, 608, 610, 611, 612, 619, 627, 640, 643, 650, 654, 656, 659, 667, 669, 685, 701, 726, 729, 737, 777, 779, 782, 783, 787, 790, 791, 809, 817, 819, 830, 833, 834, 836, 845, 856, 857, 860, 862, 875, 880, 887, 888, 899, 900, 914, 918, 921, 928, 929, 930]",0/6 successful match,False,,False,581,False,,1.0,True,Nine Mile Hill Chevron,Chevron
"D Gallup , 87301 Texaco Travel Center",505-863-6700 I-40 Exit 16 ( US 66 W ),464 MOO,Gallup,87301,Texaco Travel Center,505-863-6700,2006,Gallup,NM,Texaco,( US 66 W ),I-40 Exit 16 ,Exit,16,False,,False,I-40,,,,,[],[],[],[857],[],"[4, 11, 18, 21, 23, 26, 27, 28, 31, 35, 36, 43, 45, 52, 55, 56, 60, 62, 64, 70, 71, 80, 90, 94, 97, 183, 197, 232, 334, 426, 455, 472, 477, 478, 480, 483, 484, 490, 496, 505, 507, 509, 510, 511, 514, 516, 517, 523, 525, 529, 532, 533, 536, 538, 545, 546, 552, 561, 565, 568, 654, 668, 696, 790, 857, 878, 902, 919, 928, 929, 932, 934, 935]","[26, 390, 474, 486, 509, 840, 922, 926]","[26, 390, 474, 486, 509, 840, 922, 926]","[514, 4, 516, 517, 11, 523, 525, 529, 18, 532, 21, 533, 23, 536, 26, 27, 28, 538, 31, 545, 546, 35, 36, 552, 43, 45, 561, 52, 565, 55, 56, 568, 60, 62, 64, 70, 71, 80, 90, 94, 97, 654, 668, 183, 696, 197, 232, 790, 840, 334, 857, 878, 902, 390, 919, 922, 926, 928, 929, 932, 934, 935, 426, 455, 472, 474, 477, 478, 480, 483, 484, 486, 490, 496, 505, 507, 509, 510, 511]",False,[],[],[],[857],"[4, 11, 18, 21, 23, 26, 27, 28, 31, 35, 36, 43, 45, 52, 55, 56, 60, 62, 64, 70, 71, 80, 90, 94, 97, 183, 197, 232, 334, 426, 455, 472, 477, 478, 480, 483, 484, 490, 496, 505, 507, 509, 510, 511, 514, 516, 517, 523, 525, 529, 532, 533, 536, 538, 545, 546, 552, 561, 565, 568, 654, 668, 696, 790, 857, 878, 902, 919, 928, 929, 932, 934, 935]","[26, 390, 474, 486, 509, 840, 922, 926]","[26, 390, 474, 486, 509, 840, 922, 926]",0/6 successful match,False,,False,582,False,,,,,
"Gallup , 87301 Texaco Travel Center",505-863-6700 I-40 Exit 16 ( US 66 W ),24 HRS 42 MOO,Gallup,87301,Texaco Travel Center,505-863-6700,2007,Gallup,NM,Texaco,( US 66 W ),I-40 Exit 16 ,Exit,16,False,,False,I-40,,,,,[],[],[],[857],[],"[4, 11, 18, 21, 23, 26, 27, 28, 31, 35, 36, 43, 45, 52, 55, 56, 60, 62, 64, 70, 71, 80, 90, 94, 97, 183, 197, 232, 334, 426, 455, 472, 477, 478, 480, 483, 484, 490, 496, 505, 507, 509, 510, 511, 514, 516, 517, 523, 525, 529, 532, 533, 536, 538, 545, 546, 552, 561, 565, 568, 654, 668, 696, 790, 857, 878, 902, 919, 928, 929, 932, 934, 935]","[26, 390, 474, 486, 509, 840, 922, 926]","[26, 390, 474, 486, 509, 840, 922, 926]","[514, 4, 516, 517, 11, 523, 525, 529, 18, 532, 21, 533, 23, 536, 26, 27, 28, 538, 31, 545, 546, 35, 36, 552, 43, 45, 561, 52, 565, 55, 56, 568, 60, 62, 64, 70, 71, 80, 90, 94, 97, 654, 668, 183, 696, 197, 232, 790, 840, 334, 857, 878, 902, 390, 919, 922, 926, 928, 929, 932, 934, 935, 426, 455, 472, 474, 477, 478, 480, 483, 484, 486, 490, 496, 505, 507, 509, 510, 511]",False,[],[],[],[857],"[4, 11, 18, 21, 23, 26, 27, 28, 31, 35, 36, 43, 45, 52, 55, 56, 60, 62, 64, 70, 71, 80, 90, 94, 97, 183, 197, 232, 334, 426, 455, 472, 477, 478, 480, 483, 484, 490, 496, 505, 507, 509, 510, 511, 514, 516, 517, 523, 525, 529, 532, 533, 536, 538, 545, 546, 552, 561, 565, 568, 654, 668, 696, 790, 857, 878, 902, 919, 928, 929, 932, 934, 935]","[26, 390, 474, 486, 509, 840, 922, 926]","[26, 390, 474, 486, 509, 840, 922, 926]",0/6 successful match,False,,False,582,False,,1.0,True,Texaco Travel Center,Texaco
"Gallup , 87301 Texaco Travel Center",505-863-6700 I-40 Exit 16 ( US 66 W ),24 M,Gallup,87301,Texaco Travel Center,505-863-6700,2008,Gallup,NM,Texaco,( US 66 W ),I-40 Exit 16 ,Exit,16,False,,False,I-40,,,,,[],[],[],[857],[],"[4, 11, 18, 21, 23, 26, 27, 28, 31, 35, 36, 43, 45, 52, 55, 56, 60, 62, 64, 70, 71, 80, 90, 94, 97, 183, 197, 232, 334, 426, 455, 472, 477, 478, 480, 483, 484, 490, 496, 505, 507, 509, 510, 511, 514, 516, 517, 523, 525, 529, 532, 533, 536, 538, 545, 546, 552, 561, 565, 568, 654, 668, 696, 790, 857, 878, 902, 919, 928, 929, 932, 934, 935]","[26, 390, 474, 486, 509, 840, 922, 926]","[26, 390, 474, 486, 509, 840, 922, 926]","[514, 4, 516, 517, 11, 523, 525, 529, 18, 532, 21, 533, 23, 536, 26, 27, 28, 538, 31, 545, 546, 35, 36, 552, 43, 45, 561, 52, 565, 55, 56, 568, 60, 62, 64, 70, 71, 80, 90, 94, 97, 654, 668, 183, 696, 197, 232, 790, 840, 334, 857, 878, 902, 390, 919, 922, 926, 928, 929, 932, 934, 935, 426, 455, 472, 474, 477, 478, 480, 483, 484, 486, 490, 496, 505, 507, 509, 510, 511]",False,[],[],[],[857],"[4, 11, 18, 21, 23, 26, 27, 28, 31, 35, 36, 43, 45, 52, 55, 56, 60, 62, 64, 70, 71, 80, 90, 94, 97, 183, 197, 232, 334, 426, 455, 472, 477, 478, 480, 483, 484, 490, 496, 505, 507, 509, 510, 511, 514, 516, 517, 523, 525, 529, 532, 533, 536, 538, 545, 546, 552, 561, 565, 568, 654, 668, 696, 790, 857, 878, 902, 919, 928, 929, 932, 934, 935]","[26, 390, 474, 486, 509, 840, 922, 926]","[26, 390, 474, 486, 509, 840, 922, 926]",0/6 successful match,False,,False,582,False,,1.0,True,Texaco Travel Center,Texaco
Gallup ( 87301 ) NKS Truck Stop,505-863-8008 I-40 Exit 16 ( US 66 W ),24 M 24 <U+25A1>,Gallup,87301,NKS Truck Stop,505-863-8008,2014,Gallup,NM,,( US 66 W ),I-40 Exit 16 ,Exit,16,False,,False,I-40,,,,,[],[],[],[857],[],"[4, 11, 18, 21, 23, 26, 27, 28, 31, 35, 36, 43, 45, 52, 55, 56, 60, 62, 64, 70, 71, 80, 90, 94, 97, 183, 197, 232, 334, 426, 455, 472, 477, 478, 480, 483, 484, 490, 496, 505, 507, 509, 510, 511, 514, 516, 517, 523, 525, 529, 532, 533, 536, 538, 545, 546, 552, 561, 565, 568, 654, 668, 696, 790, 857, 878, 902, 919, 928, 929, 932, 934, 935]",[],[],"[514, 4, 516, 517, 902, 11, 523, 525, 654, 529, 18, 532, 21, 533, 23, 536, 790, 26, 27, 28, 538, 668, 31, 919, 545, 546, 35, 36, 928, 929, 932, 552, 934, 426, 43, 935, 45, 561, 52, 565, 55, 56, 183, 568, 696, 60, 62, 64, 197, 70, 71, 455, 334, 80, 472, 857, 90, 477, 94, 478, 480, 97, 483, 484, 232, 490, 878, 496, 505, 507, 509, 510, 511]",False,[],[],[],[857],"[4, 11, 18, 21, 23, 26, 27, 28, 31, 35, 36, 43, 45, 52, 55, 56, 60, 62, 64, 70, 71, 80, 90, 94, 97, 183, 197, 232, 334, 426, 455, 472, 477, 478, 480, 483, 484, 490, 496, 505, 507, 509, 510, 511, 514, 516, 517, 523, 525, 529, 532, 533, 536, 538, 545, 546, 552, 561, 565, 568, 654, 668, 696, 790, 857, 878, 902, 919, 928, 929, 932, 934, 935]",[],[],0/6 successful match,False,,False,582,True,2014,0.14705882352941177,True,Texaco Travel Center,Texaco
D Gallup ( 87301 ) NKS Truck Stop,505-863-8008 I-40 Exit 16 ( US 66 W ),24 MO <U+2610>,Gallup,87301,NKS Truck Stop,505-863-8008,2015,Gallup,NM,,( US 66 W ),I-40 Exit 16 ,Exit,16,False,,False,I-40,,,,,[],[],[],[857],[],"[4, 11, 18, 21, 23, 26, 27, 28, 31, 35, 36, 43, 45, 52, 55, 56, 60, 62, 64, 70, 71, 80, 90, 94, 97, 183, 197, 232, 334, 426, 455, 472, 477, 478, 480, 483, 484, 490, 496, 505, 507, 509, 510, 511, 514, 516, 517, 523, 525, 529, 532, 533, 536, 538, 545, 546, 552, 561, 565, 568, 654, 668, 696, 790, 857, 878, 902, 919, 928, 929, 932, 934, 935]",[],[],"[514, 4, 516, 517, 902, 11, 523, 525, 654, 529, 18, 532, 21, 533, 23, 536, 790, 26, 27, 28, 538, 668, 31, 919, 545, 546, 35, 36, 928, 929, 932, 552, 934, 426, 43, 935, 45, 561, 52, 565, 55, 56, 183, 568, 696, 60, 62, 64, 197, 70, 71, 455, 334, 80, 472, 857, 90, 477, 94, 478, 480, 97, 483, 484, 232, 490, 878, 496, 505, 507, 509, 510, 511]",False,[],[],[],[857],"[4, 11, 18, 21, 23, 26, 27, 28, 31, 35, 36, 43, 45, 52, 55, 56, 60, 62, 64, 70, 71, 80, 90, 94, 97, 183, 197, 232, 334, 426, 455, 472, 477, 478, 480, 483, 484, 490, 496, 505, 507, 509, 510, 511, 514, 516, 517, 523, 525, 529, 532, 533, 536, 538, 545, 546, 552, 561, 565, 568, 654, 668, 696, 790, 857, 878, 902, 919, 928, 929, 932, 934, 935]",[],[],0/6 successful match,False,,False,582,False,,0.8999999999999999,True,NKS Truck Stop,
Gallup ( 87301 ) NKS Truck 64 Stop E,505-863-8008 I-40 Exit 16 ( US 66 W ),24 D M,Gallup,87301,NKS Truck 64 Stop E,505-863-8008,2016,Gallup,NM,,( US 66 W ),I-40 Exit 16 ,Exit,16,False,,False,I-40,,,,,[],[],[],[857],[],"[4, 11, 18, 21, 23, 26, 27, 28, 31, 35, 36, 43, 45, 52, 55, 56, 60, 62, 64, 70, 71, 80, 90, 94, 97, 183, 197, 232, 334, 426, 455, 472, 477, 478, 480, 483, 484, 490, 496, 505, 507, 509, 510, 511, 514, 516, 517, 523, 525, 529, 532, 533, 536, 538, 545, 546, 552, 561, 565, 568, 654, 668, 696, 790, 857, 878, 902, 919, 928, 929, 932, 934, 935]",[],[],"[514, 4, 516, 517, 902, 11, 523, 525, 654, 529, 18, 532, 21, 533, 23, 536, 790, 26, 27, 28, 538, 668, 31, 919, 545, 546, 35, 36, 928, 929, 932, 552, 934, 426, 43, 935, 45, 561, 52, 565, 55, 56, 183, 568, 696, 60, 62, 64, 197, 70, 71, 455, 334, 80, 472, 857, 90, 477, 94, 478, 480, 97, 483, 484, 232, 490, 878, 496, 505, 507, 509, 510, 511]",False,[],[],[],[857],"[4, 11, 18, 21, 23, 26, 27, 28, 31, 35, 36, 43, 45, 52, 55, 56, 60, 62, 64, 70, 71, 80, 90, 94, 97, 183, 197, 232, 334, 426, 455, 472, 477, 478, 480, 483, 484, 490, 496, 505, 507, 509, 510, 511, 514, 516, 517, 523, 525, 529, 532, 533, 536, 538, 545, 546, 552, 561, 565, 568, 654, 668, 696, 790, 857, 878, 902, 919, 928, 929, 932, 934, 935]",[],[],0/6 successful match,False,,False,582,False,,0.6545454545454545,True,NKS Truck Stop,
Farmington ( 87401 ) Giant # 701 ( Conoco ),505-325-9288 2615 US 550 E,24 <U+2610>,Farmington,87401,Giant # 701 ( Conoco ),505-325-9288,2014,Farmington,NM,Conoco,,2615 US 550 E,Proper,,False,,False,US 550,,,,,[],[],[],[],[],"[299, 758]","[3, 27, 349, 406, 451, 489, 510, 804, 855, 898]","[3, 27, 349, 406, 451, 489, 510, 804, 855, 898]","[898, 3, 451, 804, 489, 299, 855, 758, 406, 27, 349, 510]",False,[],[],[],[],"[299, 758]","[3, 27, 349, 406, 451, 489, 510, 804, 855, 898]","[3, 27, 349, 406, 451, 489, 510, 804, 855, 898]",0/6 successful match,False,,False,583,False,,,,,
B Farmington ( 87401 ) Giant # 701,2 505-325-9288 2615 US 550 E,<U+25A1>,Farmington,87401,Giant # 701,505-325-9288,2015,Farmington,NM,,,2615 US 550 E,Proper,,False,,False,US 550,,,,,[],[],[],[],[],"[299, 758]",[],[],"[299, 758]",False,[],[],[],[],"[299, 758]",[],[],0/6 successful match,False,,False,583,False,,0.9666666666666667,True,Giant # 701 ( Conoco ),Conoco
B Farmington ( 87401 ) Giant # 701 ( 66 ),505-325-9288 2615 US 550 E,24 <U+2610> D,Farmington,87401,Giant # 701 ( 66 ),505-325-9288,2016,Farmington,NM,,,2615 US 550 E,Proper,,False,,False,US 550,,,,,[],[],[],[],[],"[299, 758]",[],"[401, 402, 424, 427, 464, 469, 850, 851, 876, 879, 911, 916]","[424, 299, 427, 876, 879, 464, 401, 402, 850, 851, 469, 758, 911, 916]",False,[],[],[],[],"[299, 758]","[401, 402, 424, 427, 464, 469, 850, 851, 876, 879, 911, 916]",[],0/6 successful match,False,,False,583,False,,0.9942528735632183,True,Giant # 701,
"B Farmington , 87401 Bubble City Truck Stop (",505-326-4668 3125 US 64 Conoco ),24 M 24,Farmington,87401,Bubble City Truck Stop (,505-326-4668,2006,Farmington,NM,,,3125 US 64 Conoco ,Proper,,False,,False,US 64,,,,,[],[],[],[],[],[],[],[],[],False,[],[],[],[],[],[],[],0/6 successful match,False,,False,584,False,,,,,
"B Farmington , 87401 Bubble City Truck Stop",505-326-4668 3125 US 64,24 HRS,Farmington,87401,Bubble City Truck Stop,505-326-4668,2007,Farmington,NM,,,3125 US 64,Proper,,False,,False,US 64,,,,,[],[],[],[],[],[],[],[],[],False,[],[],[],[],[],[],[],0/6 successful match,False,,False,584,False,,1.0,True,Bubble City Truck Stop (,
"Farmington , 87401 Bubble City Truck Stop",2 505-326-4668 3125 US 64,HRS 24 M 24,Farmington,87401,Bubble City Truck Stop,505-326-4668,2008,Farmington,NM,,,3125 US 64,Proper,,False,,False,US 64,,,,,[],[],[],[],[],[],[],[],[],False,[],[],[],[],[],[],[],0/6 successful match,False,,False,584,False,,1.0,True,Bubble City Truck Stop,
Aztec ( 87410 ) Road Runner Fuels,2 505-333-3990 US 550 ( 1 mi S of NM 516 ),SO,Aztec,87410,Road Runner Fuels,505-333-3990,2014,Aztec,NM,,( 1 mi S of NM 516 ),US 550,empty,,False,,False,US 550,,,,,[],[],[],[],[],"[299, 758]",[],"[282, 741]","[282, 299, 741, 758]",False,[],[],[],[],"[299, 758]","[282, 741]",[],0/6 successful match,False,,False,584,True,2014,0.1282051282051282,True,Bubble City Truck Stop,
Aztec ( 87410 ) Road Runner & Fuels NM 574,2 505-333-3990 US 550 ( 1 mi S of,S,Aztec,87410,Road Runner & Fuels NM 574,505-333-3990,2015,Aztec,NM,,( 1 mi S of,US 550,empty,,False,,False,US 550,,,,,[],[],[],[],[],"[299, 758]",[],"[282, 741]","[282, 299, 741, 758]",False,[],[],[],[],"[299, 758]","[282, 741]",[],0/6 successful match,False,,False,584,False,,1.0,True,Road Runner Fuels,
B Aztec ( 87410 ) Road Runner Fuels,505-333-3990 US 550 ( 1 mi S of NM 516 ),SO,Aztec,87410,Road Runner Fuels,505-333-3990,2016,Aztec,NM,,( 1 mi S of NM 516 ),US 550,empty,,False,,False,US 550,,,,,[],[],[],[],[],"[299, 758]",[],"[282, 741]","[282, 299, 741, 758]",False,[],[],[],[],"[299, 758]","[282, 741]",[],0/6 successful match,False,,False,584,False,,1.0,True,Road Runner & Fuels NM 574,
"Santa Fe , 87501 Polk Oil ( Shamrock )",505-471-2666 3624 NM 14 ( 3 mi N of I-25 Exit 278 ),N ) O,Santa Fe,87501,Polk Oil ( Shamrock ),505-471-2666,2006,Santa Fe,NM,Shamrock,( 3 mi N of I-25 Exit 278 ),3624 NM 14,Proper,,False,,False,3624 NM,,,,,[],[],"[209, 243, 273, 275, 311, 325, 679, 707, 732, 734, 769, 783]",[],[],[],[],"[4, 31, 59, 135, 142, 147, 180, 218, 229, 232, 264, 269, 299, 318, 320, 331, 338, 352, 367, 382, 387, 403, 405, 408, 410, 455, 463, 465, 466, 468, 470, 472, 473, 483, 484, 490, 514, 535, 606, 613, 618, 651, 686, 693, 696, 724, 728, 758, 776, 778, 788, 794, 807, 832, 837, 852, 854, 858, 860, 861, 902, 910, 912, 913, 915, 917, 919, 920, 931, 934, 935]","[514, 4, 535, 31, 59, 606, 613, 618, 135, 651, 142, 147, 679, 686, 180, 693, 696, 707, 209, 724, 728, 218, 732, 734, 229, 232, 243, 758, 769, 264, 776, 778, 269, 783, 273, 275, 788, 794, 807, 299, 311, 318, 320, 832, 325, 837, 331, 338, 852, 854, 858, 860, 861, 352, 367, 382, 387, 902, 910, 912, 913, 403, 915, 405, 917, 919, 408, 920, 410, 931, 934, 935, 455, 463, 465, 466, 468, 470, 472, 473, 483, 484, 490]",False,[],[],"[209, 243, 273, 275, 311, 325, 679, 707, 732, 734, 769, 783]",[],[],"[4, 31, 59, 135, 142, 147, 180, 218, 229, 232, 264, 269, 299, 318, 320, 331, 338, 352, 367, 382, 387, 403, 405, 408, 410, 455, 463, 465, 466, 468, 470, 472, 473, 483, 484, 490, 514, 535, 606, 613, 618, 651, 686, 693, 696, 724, 728, 758, 776, 778, 788, 794, 807, 832, 837, 852, 854, 858, 860, 861, 902, 910, 912, 913, 915, 917, 919, 920, 931, 934, 935]",[],0/6 successful match,False,,False,585,False,,,,,
"Santa Fe , 87505 Giant Station # 6046",505-473-9744 I-25 Exit 282 NB / 282 B SB ( US 84-285 N ),N ) HRS XL 469 <U+2610>,Santa Fe,87505,Giant Station # 6046,505-473-9744,2006,Santa Fe,NM,,( US 84-285 N ),I-25 Exit 282 NB / 282 B SB ,Exit,282,False,,False,I-25,,282,,,[],[],"[209, 243, 273, 275, 311, 325, 679, 707, 732, 734, 769, 783]",[],[],"[108, 353, 430, 584, 808, 882]",[],[],"[769, 353, 707, 325, 679, 584, 808, 108, 430, 783, 209, 273, 275, 243, 882, 311, 732, 734]",False,[],[],"[209, 243, 273, 275, 311, 325, 679, 707, 732, 734, 769, 783]",[],"[108, 353, 430, 584, 808, 882]",[],[],0/6 successful match,False,,False,586,False,,,,,
"Santa Fe , 87505 Giant Station # 6046",505-473-9744 I-25 Exit 282 NB / 282 B SB ( US 84-285,N ) RS,Santa Fe,87505,Giant Station # 6046,505-473-9744,2007,Santa Fe,NM,,( US 84-285,I-25 Exit 282 NB / 282 B SB ,Exit,282,False,,False,I-25,,282,,,[],[],"[209, 243, 273, 275, 311, 325, 679, 707, 732, 734, 769, 783]",[],[],"[108, 353, 430, 584, 808, 882]",[],[],"[769, 353, 707, 325, 679, 584, 808, 108, 430, 783, 209, 273, 275, 243, 882, 311, 732, 734]",False,[],[],"[209, 243, 273, 275, 311, 325, 679, 707, 732, 734, 769, 783]",[],"[108, 353, 430, 584, 808, 882]",[],[],0/6 successful match,False,,False,586,False,,1.0,True,Giant Station # 6046,
"Santa Fe , 87505 Giant Station # 6046",41505-473-9744 I-25 Exit 282 NB / 282 B SB ( US 84-285 N,N ) 24 <U+2610> <U+2610>,Santa Fe,87505,Giant Station # 6046,505-473-9744,2008,Santa Fe,NM,,( US 84-285 N,I-25 Exit 282 NB / 282 B SB ,Exit,282,False,,False,I-25,,282,,,[],[],"[209, 243, 273, 275, 311, 325, 679, 707, 732, 734, 769, 783]",[],[],"[108, 353, 430, 584, 808, 882]",[],[],"[769, 353, 707, 325, 679, 584, 808, 108, 430, 783, 209, 273, 275, 243, 882, 311, 732, 734]",False,[],[],"[209, 243, 273, 275, 311, 325, 679, 707, 732, 734, 769, 783]",[],"[108, 353, 430, 584, 808, 882]",[],[],0/6 successful match,False,,False,586,False,,1.0,True,Giant Station # 6046,
D Santa Fe ( 87506 ) Nambe Falls Travel Center,505-455-5525 US 84 Exit 176 NB / 177 SB ( E Frontage ),) S,Santa Fe,87506,Nambe Falls Travel Center,505-455-5525,2014,Santa Fe,NM,,( E Frontage ),US 84 Exit 176 NB / 177 SB ,Exit,176,False,,False,US 84,,177,,,[],[],"[209, 243, 273, 275, 311, 325, 679, 707, 732, 734, 769, 783]","[138, 257, 345, 359, 609, 719, 801, 814]",[],"[402, 416, 422, 423, 465, 851, 867, 874, 875, 912]",[],[],"[769, 257, 138, 783, 912, 273, 402, 275, 416, 801, 422, 679, 423, 814, 311, 707, 325, 719, 209, 465, 851, 345, 732, 734, 609, 867, 359, 874, 875, 243]",False,[],[],"[209, 243, 273, 275, 311, 325, 679, 707, 732, 734, 769, 783]","[138, 257, 345, 359, 609, 719, 801, 814]","[402, 416, 422, 423, 465, 851, 867, 874, 875, 912]",[],[],0/6 successful match,False,,False,586,True,2014,0.06666666666666667,True,Giant Station # 6046,
D Santa Fe ( 87506 ) Nambe Falls Travel Center,505-455-5525 US 84 Exit 176 NB / 177 SB ( E Frontage ),) <U+2610> S,Santa Fe,87506,Nambe Falls Travel Center,505-455-5525,2015,Santa Fe,NM,,( E Frontage ),US 84 Exit 176 NB / 177 SB ,Exit,176,False,,False,US 84,,177,,,[],[],"[209, 243, 273, 275, 311, 325, 679, 707, 732, 734, 769, 783]","[138, 257, 345, 359, 609, 719, 801, 814]",[],"[402, 416, 422, 423, 465, 851, 867, 874, 875, 912]",[],[],"[769, 257, 138, 783, 912, 273, 402, 275, 416, 801, 422, 679, 423, 814, 311, 707, 325, 719, 209, 465, 851, 345, 732, 734, 609, 867, 359, 874, 875, 243]",False,[],[],"[209, 243, 273, 275, 311, 325, 679, 707, 732, 734, 769, 783]","[138, 257, 345, 359, 609, 719, 801, 814]","[402, 416, 422, 423, 465, 851, 867, 874, 875, 912]",[],[],0/6 successful match,False,,False,586,False,,1.0,True,Nambe Falls Travel Center,
D Santa Fe ( 87506 ) Nambe Falls Travel 469 Center ),505-455-5525 US 84 Exit 176 NB /,) SO,Santa Fe,87506,Nambe Falls Travel 469 Center ),505-455-5525,2016,Santa Fe,NM,,,US 84 Exit 176 NB /,Exit,176,False,,False,US 84,,,,,[],[],"[209, 243, 273, 275, 311, 325, 679, 707, 732, 734, 769, 783]","[138, 257, 345, 359, 609, 719, 801, 814]",[],"[402, 416, 422, 423, 465, 851, 867, 874, 875, 912]",[],[],"[769, 257, 138, 783, 912, 273, 402, 275, 416, 801, 422, 679, 423, 814, 311, 707, 325, 719, 209, 465, 851, 345, 732, 734, 609, 867, 359, 874, 875, 243]",False,[],[],"[209, 243, 273, 275, 311, 325, 679, 707, 732, 734, 769, 783]","[138, 257, 345, 359, 609, 719, 801, 814]","[402, 416, 422, 423, 465, 851, 867, 874, 875, 912]",[],[],0/6 successful match,False,,False,586,False,,1.0,True,Nambe Falls Travel Center,
"Raton , 87740 Hooter Brown Truck Stop ( Shamrock )",505-445-3102 I-25 Exit 451 ( US 87-64 ),),Raton,87740,Hooter Brown Truck Stop ( Shamrock ),505-445-3102,2007,Raton,NM,Shamrock,( US 87-64 ),I-25 Exit 451 ,Exit,451,False,,False,I-25,,,,,[],[],[],[],[],"[108, 353, 430, 584, 808, 882]",[],[],"[353, 584, 808, 108, 430, 882]",False,[],[],[],[],"[108, 353, 430, 584, 808, 882]",[],[],0/6 successful match,False,,False,587,False,,,,,
"Raton , 87740 Pendleton's 66",505-445-3121 I-25 Exit 450 ( US 85 ),S - 000,Raton,87740,Pendleton's 66,505-445-3121,2006,Raton,NM,,( US 85 ),I-25 Exit 450 ,Exit,450,False,,False,I-25,,,,,[],[],[],[],[],"[108, 353, 430, 584, 808, 882]",[],"[401, 402, 424, 427, 464, 469, 850, 851, 876, 879, 911, 916]","[353, 584, 808, 424, 427, 108, 876, 430, 879, 464, 401, 882, 402, 850, 469, 851, 911, 916]",False,[],[],[],[],"[108, 353, 430, 584, 808, 882]","[401, 402, 424, 427, 464, 469, 850, 851, 876, 879, 911, 916]",[],0/6 successful match,False,,False,588,False,,,,,
"Raton , 87740 Pendleton's 66",505-445-3121 I-25 Exit 450 ( US 85 ),000 000,Raton,87740,Pendleton's 66,505-445-3121,2007,Raton,NM,,( US 85 ),I-25 Exit 450 ,Exit,450,False,,False,I-25,,,,,[],[],[],[],[],"[108, 353, 430, 584, 808, 882]",[],"[401, 402, 424, 427, 464, 469, 850, 851, 876, 879, 911, 916]","[353, 584, 808, 424, 427, 108, 876, 430, 879, 464, 401, 882, 402, 850, 469, 851, 911, 916]",False,[],[],[],[],"[108, 353, 430, 584, 808, 882]","[401, 402, 424, 427, 464, 469, 850, 851, 876, 879, 911, 916]",[],0/6 successful match,False,,False,588,False,,1.0,True,Pendleton's 66,
"Raton , 87740 Pendleton's 66",505-445-3121 I-25 Exit 450 ( US 85 ),,Raton,87740,Pendleton's 66,505-445-3121,2008,Raton,NM,,( US 85 ),I-25 Exit 450 ,Exit,450,False,,False,I-25,,,,,[],[],[],[],[],"[108, 353, 430, 584, 808, 882]",[],"[401, 402, 424, 427, 464, 469, 850, 851, 876, 879, 911, 916]","[353, 584, 808, 424, 427, 108, 876, 430, 879, 464, 401, 882, 402, 850, 469, 851, 911, 916]",False,[],[],[],[],"[108, 353, 430, 584, 808, 882]","[401, 402, 424, 427, 464, 469, 850, 851, 876, 879, 911, 916]",[],0/6 successful match,False,,False,588,False,,1.0,True,Pendleton's 66,
"Raton , 87740 Hooter Brown Truck Stop",505-445-7051 I-25 Exit 451 ( US 87-64 ),- <U+2610> XL,Raton,87740,Hooter Brown Truck Stop,505-445-7051,2006,Raton,NM,,( US 87-64 ),I-25 Exit 451 ,Exit,451,False,,False,I-25,,,,,[],[],[],[],[],"[108, 353, 430, 584, 808, 882]",[],[],"[353, 584, 808, 108, 430, 882]",False,[],[],[],[],"[108, 353, 430, 584, 808, 882]",[],[],0/6 successful match,False,,False,589,False,,,,,
"Raton , 87740 Hooter Brown Truck Stop ( Shamrock )",505-445-7051 I-25 Exit 451 ( US 87-64 ),<U+2610> S <U+2610>,Raton,87740,Hooter Brown Truck Stop ( Shamrock ),505-445-7051,2008,Raton,NM,Shamrock,( US 87-64 ),I-25 Exit 451 ,Exit,451,False,,False,I-25,,,,,[],[],[],[],[],"[108, 353, 430, 584, 808, 882]",[],[],"[353, 584, 808, 108, 430, 882]",False,[],[],[],[],"[108, 353, 430, 584, 808, 882]",[],[],0/6 successful match,False,,False,590,False,,,,,
"Raton , 87740 Raton Truck Stop ( Shell )",505-445-9300 I-25 Exit 451 ( US 87 ),- S - 00,Raton,87740,Raton Truck Stop ( Shell ),505-445-9300,2006,Raton,NM,Shell,( US 87 ),I-25 Exit 451 ,Exit,451,False,,False,I-25,,,,,[],[],[],[],[],"[108, 353, 430, 584, 808, 882]","[1, 13, 14, 29, 54, 55, 56, 57, 58, 60, 102, 118, 125, 127, 130, 134, 146, 149, 153, 175, 182, 187, 189, 191, 197, 225, 230, 238, 264, 265, 266, 286, 302, 317, 336, 379, 388, 389, 425, 454, 458, 463, 475, 487, 498, 499, 512, 530, 531, 532, 533, 534, 536, 573, 589, 596, 598, 601, 605, 617, 620, 624, 646, 653, 658, 660, 662, 668, 689, 694, 702, 724, 725, 745, 760, 775, 793, 829, 838, 839, 877, 901, 903, 905, 910, 923]","[1, 13, 14, 29, 54, 55, 56, 57, 58, 60, 102, 118, 125, 127, 130, 134, 146, 149, 153, 175, 182, 187, 189, 191, 197, 225, 230, 238, 264, 265, 266, 286, 302, 317, 336, 354, 379, 388, 389, 425, 454, 458, 463, 475, 487, 498, 499, 512, 530, 531, 532, 533, 534, 536, 573, 589, 596, 598, 601, 605, 617, 620, 624, 646, 653, 658, 660, 662, 668, 689, 694, 702, 724, 725, 745, 760, 775, 793, 809, 829, 838, 839, 877, 901, 903, 905, 910, 923]","[512, 1, 13, 14, 530, 531, 532, 533, 534, 536, 29, 54, 55, 56, 57, 58, 60, 573, 584, 589, 596, 598, 601, 605, 102, 617, 108, 620, 624, 118, 125, 127, 130, 134, 646, 653, 146, 658, 660, 149, 662, 153, 668, 175, 689, 694, 182, 187, 189, 702, 191, 197, 724, 725, 225, 230, 745, 238, 760, 775, 264, 265, 266, 793, 286, 808, 809, 302, 317, 829, 838, 839, 336, 353, 354, 877, 882, 379, 388, 389, 901, 903, 905, 910, 923, 425, 430, 454, 458, 463, 475, 487, 498, 499]",False,[],[],[],[],"[108, 353, 430, 584, 808, 882]","[1, 13, 14, 29, 54, 55, 56, 57, 58, 60, 102, 118, 125, 127, 130, 134, 146, 149, 153, 175, 182, 187, 189, 191, 197, 225, 230, 238, 264, 265, 266, 286, 302, 317, 336, 354, 379, 388, 389, 425, 454, 458, 463, 475, 487, 498, 499, 512, 530, 531, 532, 533, 534, 536, 573, 589, 596, 598, 601, 605, 617, 620, 624, 646, 653, 658, 660, 662, 668, 689, 694, 702, 724, 725, 745, 760, 775, 793, 809, 829, 838, 839, 877, 901, 903, 905, 910, 923]","[1, 13, 14, 29, 54, 55, 56, 57, 58, 60, 102, 118, 125, 127, 130, 134, 146, 149, 153, 175, 182, 187, 189, 191, 197, 225, 230, 238, 264, 265, 266, 286, 302, 317, 336, 379, 388, 389, 425, 454, 458, 463, 475, 487, 498, 499, 512, 530, 531, 532, 533, 534, 536, 573, 589, 596, 598, 601, 605, 617, 620, 624, 646, 653, 658, 660, 662, 668, 689, 694, 702, 724, 725, 745, 760, 775, 793, 829, 838, 839, 877, 901, 903, 905, 910, 923]",0/6 successful match,False,,False,591,False,,,,,
"Raton , 87740 Raton Truck Stop ( Shell )",505-445-9300 I-25 Exit 451 ( US 87 ),24,Raton,87740,Raton Truck Stop ( Shell ),505-445-9300,2007,Raton,NM,Shell,( US 87 ),I-25 Exit 451 ,Exit,451,False,,False,I-25,,,,,[],[],[],[],[],"[108, 353, 430, 584, 808, 882]","[1, 13, 14, 29, 54, 55, 56, 57, 58, 60, 102, 118, 125, 127, 130, 134, 146, 149, 153, 175, 182, 187, 189, 191, 197, 225, 230, 238, 264, 265, 266, 286, 302, 317, 336, 379, 388, 389, 425, 454, 458, 463, 475, 487, 498, 499, 512, 530, 531, 532, 533, 534, 536, 573, 589, 596, 598, 601, 605, 617, 620, 624, 646, 653, 658, 660, 662, 668, 689, 694, 702, 724, 725, 745, 760, 775, 793, 829, 838, 839, 877, 901, 903, 905, 910, 923]","[1, 13, 14, 29, 54, 55, 56, 57, 58, 60, 102, 118, 125, 127, 130, 134, 146, 149, 153, 175, 182, 187, 189, 191, 197, 225, 230, 238, 264, 265, 266, 286, 302, 317, 336, 354, 379, 388, 389, 425, 454, 458, 463, 475, 487, 498, 499, 512, 530, 531, 532, 533, 534, 536, 573, 589, 596, 598, 601, 605, 617, 620, 624, 646, 653, 658, 660, 662, 668, 689, 694, 702, 724, 725, 745, 760, 775, 793, 809, 829, 838, 839, 877, 901, 903, 905, 910, 923]","[512, 1, 13, 14, 530, 531, 532, 533, 534, 536, 29, 54, 55, 56, 57, 58, 60, 573, 584, 589, 596, 598, 601, 605, 102, 617, 108, 620, 624, 118, 125, 127, 130, 134, 646, 653, 146, 658, 660, 149, 662, 153, 668, 175, 689, 694, 182, 187, 189, 702, 191, 197, 724, 725, 225, 230, 745, 238, 760, 775, 264, 265, 266, 793, 286, 808, 809, 302, 317, 829, 838, 839, 336, 353, 354, 877, 882, 379, 388, 389, 901, 903, 905, 910, 923, 425, 430, 454, 458, 463, 475, 487, 498, 499]",False,[],[],[],[],"[108, 353, 430, 584, 808, 882]","[1, 13, 14, 29, 54, 55, 56, 57, 58, 60, 102, 118, 125, 127, 130, 134, 146, 149, 153, 175, 182, 187, 189, 191, 197, 225, 230, 238, 264, 265, 266, 286, 302, 317, 336, 354, 379, 388, 389, 425, 454, 458, 463, 475, 487, 498, 499, 512, 530, 531, 532, 533, 534, 536, 573, 589, 596, 598, 601, 605, 617, 620, 624, 646, 653, 658, 660, 662, 668, 689, 694, 702, 724, 725, 745, 760, 775, 793, 809, 829, 838, 839, 877, 901, 903, 905, 910, 923]","[1, 13, 14, 29, 54, 55, 56, 57, 58, 60, 102, 118, 125, 127, 130, 134, 146, 149, 153, 175, 182, 187, 189, 191, 197, 225, 230, 238, 264, 265, 266, 286, 302, 317, 336, 379, 388, 389, 425, 454, 458, 463, 475, 487, 498, 499, 512, 530, 531, 532, 533, 534, 536, 573, 589, 596, 598, 601, 605, 617, 620, 624, 646, 653, 658, 660, 662, 668, 689, 694, 702, 724, 725, 745, 760, 775, 793, 829, 838, 839, 877, 901, 903, 905, 910, 923]",0/6 successful match,False,,False,591,False,,1.0,True,Raton Truck Stop ( Shell ),Shell
"B Raton , 87740 Raton Truck Stop ( Shell )",6 505-445-9300 I-25 Exit 451 ( US 87 ),24,Raton,87740,Raton Truck Stop ( Shell ),505-445-9300,2008,Raton,NM,Shell,( US 87 ),I-25 Exit 451 ,Exit,451,False,,False,I-25,,,,,[],[],[],[],[],"[108, 353, 430, 584, 808, 882]","[1, 13, 14, 29, 54, 55, 56, 57, 58, 60, 102, 118, 125, 127, 130, 134, 146, 149, 153, 175, 182, 187, 189, 191, 197, 225, 230, 238, 264, 265, 266, 286, 302, 317, 336, 379, 388, 389, 425, 454, 458, 463, 475, 487, 498, 499, 512, 530, 531, 532, 533, 534, 536, 573, 589, 596, 598, 601, 605, 617, 620, 624, 646, 653, 658, 660, 662, 668, 689, 694, 702, 724, 725, 745, 760, 775, 793, 829, 838, 839, 877, 901, 903, 905, 910, 923]","[1, 13, 14, 29, 54, 55, 56, 57, 58, 60, 102, 118, 125, 127, 130, 134, 146, 149, 153, 175, 182, 187, 189, 191, 197, 225, 230, 238, 264, 265, 266, 286, 302, 317, 336, 354, 379, 388, 389, 425, 454, 458, 463, 475, 487, 498, 499, 512, 530, 531, 532, 533, 534, 536, 573, 589, 596, 598, 601, 605, 617, 620, 624, 646, 653, 658, 660, 662, 668, 689, 694, 702, 724, 725, 745, 760, 775, 793, 809, 829, 838, 839, 877, 901, 903, 905, 910, 923]","[512, 1, 13, 14, 530, 531, 532, 533, 534, 536, 29, 54, 55, 56, 57, 58, 60, 573, 584, 589, 596, 598, 601, 605, 102, 617, 108, 620, 624, 118, 125, 127, 130, 134, 646, 653, 146, 658, 660, 149, 662, 153, 668, 175, 689, 694, 182, 187, 189, 702, 191, 197, 724, 725, 225, 230, 745, 238, 760, 775, 264, 265, 266, 793, 286, 808, 809, 302, 317, 829, 838, 839, 336, 353, 354, 877, 882, 379, 388, 389, 901, 903, 905, 910, 923, 425, 430, 454, 458, 463, 475, 487, 498, 499]",False,[],[],[],[],"[108, 353, 430, 584, 808, 882]","[1, 13, 14, 29, 54, 55, 56, 57, 58, 60, 102, 118, 125, 127, 130, 134, 146, 149, 153, 175, 182, 187, 189, 191, 197, 225, 230, 238, 264, 265, 266, 286, 302, 317, 336, 354, 379, 388, 389, 425, 454, 458, 463, 475, 487, 498, 499, 512, 530, 531, 532, 533, 534, 536, 573, 589, 596, 598, 601, 605, 617, 620, 624, 646, 653, 658, 660, 662, 668, 689, 694, 702, 724, 725, 745, 760, 775, 793, 809, 829, 838, 839, 877, 901, 903, 905, 910, 923]","[1, 13, 14, 29, 54, 55, 56, 57, 58, 60, 102, 118, 125, 127, 130, 134, 146, 149, 153, 175, 182, 187, 189, 191, 197, 225, 230, 238, 264, 265, 266, 286, 302, 317, 336, 379, 388, 389, 425, 454, 458, 463, 475, 487, 498, 499, 512, 530, 531, 532, 533, 534, 536, 573, 589, 596, 598, 601, 605, 617, 620, 624, 646, 653, 658, 660, 662, 668, 689, 694, 702, 724, 725, 745, 760, 775, 793, 829, 838, 839, 877, 901, 903, 905, 910, 923]",0/6 successful match,False,,False,591,False,,1.0,True,Raton Truck Stop ( Shell ),Shell
B Raton ( 87740 ) Crossroads Truck Stop,575-445-9300 I-25 Exit 451 ( US 87 ),24 S <U+2610>,Raton,87740,Crossroads Truck Stop,575-445-9300,2014,Raton,NM,,( US 87 ),I-25 Exit 451 ,Exit,451,False,,False,I-25,,,,,[],[],[],[],[],"[108, 353, 430, 584, 808, 882]",[],[],"[353, 584, 808, 108, 430, 882]",False,[],[],[],[],"[108, 353, 430, 584, 808, 882]",[],[],0/6 successful match,False,,False,591,False,,0.2765957446808511,True,Raton Truck Stop ( Shell ),Shell
B Raton ( 87740 ) Crossroads Truck Stop,6 575-445-9300 I-25 Exit 451 ( US 87 ),24 24 S D,Raton,87740,Crossroads Truck Stop,575-445-9300,2015,Raton,NM,,( US 87 ),I-25 Exit 451 ,Exit,451,False,,False,I-25,,,,,[],[],[],[],[],"[108, 353, 430, 584, 808, 882]",[],[],"[353, 584, 808, 108, 430, 882]",False,[],[],[],[],"[108, 353, 430, 584, 808, 882]",[],[],0/6 successful match,False,,False,591,False,,0.8999999999999999,True,Crossroads Truck Stop,
B Raton ( 87740 ) Crossroads Truck Stop,6 575-445-9300 I-25 Exit 451 ( US 87 ),S,Raton,87740,Crossroads Truck Stop,575-445-9300,2016,Raton,NM,,( US 87 ),I-25 Exit 451 ,Exit,451,False,,False,I-25,,,,,[],[],[],[],[],"[108, 353, 430, 584, 808, 882]",[],[],"[353, 584, 808, 108, 430, 882]",False,[],[],[],[],"[108, 353, 430, 584, 808, 882]",[],[],0/6 successful match,False,,False,591,False,,0.8999999999999999,True,Crossroads Truck Stop,
"Springer , 87747 Russell Truck & Travel ( Shell )",505-483-5004 I-25 Exit 419 ( NM 58 ),S HRS <U+25A0> 0 <U+2610>,Springer,87747,Russell Truck & Travel ( Shell ),505-483-5004,2006,Springer,NM,Shell,( NM 58 ),I-25 Exit 419 ,Exit,419,False,,False,I-25,,,,,[],[],[],[],[],"[108, 353, 430, 584, 808, 882]","[1, 13, 14, 29, 54, 55, 56, 57, 58, 60, 102, 118, 125, 127, 130, 134, 146, 149, 153, 175, 182, 187, 189, 191, 197, 225, 230, 238, 264, 265, 266, 286, 302, 317, 336, 379, 388, 389, 425, 454, 458, 463, 475, 487, 498, 499, 512, 530, 531, 532, 533, 534, 536, 573, 589, 596, 598, 601, 605, 617, 620, 624, 646, 653, 658, 660, 662, 668, 689, 694, 702, 724, 725, 745, 760, 775, 793, 829, 838, 839, 877, 901, 903, 905, 910, 923]","[1, 13, 14, 29, 54, 55, 56, 57, 58, 60, 102, 118, 125, 127, 130, 134, 146, 149, 153, 175, 182, 187, 189, 191, 197, 225, 230, 238, 264, 265, 266, 286, 302, 317, 336, 354, 379, 388, 389, 425, 454, 458, 463, 475, 487, 498, 499, 512, 530, 531, 532, 533, 534, 536, 573, 589, 596, 598, 601, 605, 617, 620, 624, 646, 653, 658, 660, 662, 668, 689, 694, 702, 724, 725, 745, 760, 775, 793, 809, 829, 838, 839, 877, 901, 903, 905, 910, 923]","[512, 1, 13, 14, 530, 531, 532, 533, 534, 536, 29, 54, 55, 56, 57, 58, 60, 573, 584, 589, 596, 598, 601, 605, 102, 617, 108, 620, 624, 118, 125, 127, 130, 134, 646, 653, 146, 658, 660, 149, 662, 153, 668, 175, 689, 694, 182, 187, 189, 702, 191, 197, 724, 725, 225, 230, 745, 238, 760, 775, 264, 265, 266, 793, 286, 808, 809, 302, 317, 829, 838, 839, 336, 353, 354, 877, 882, 379, 388, 389, 901, 903, 905, 910, 923, 425, 430, 454, 458, 463, 475, 487, 498, 499]",False,[],[],[],[],"[108, 353, 430, 584, 808, 882]","[1, 13, 14, 29, 54, 55, 56, 57, 58, 60, 102, 118, 125, 127, 130, 134, 146, 149, 153, 175, 182, 187, 189, 191, 197, 225, 230, 238, 264, 265, 266, 286, 302, 317, 336, 354, 379, 388, 389, 425, 454, 458, 463, 475, 487, 498, 499, 512, 530, 531, 532, 533, 534, 536, 573, 589, 596, 598, 601, 605, 617, 620, 624, 646, 653, 658, 660, 662, 668, 689, 694, 702, 724, 725, 745, 760, 775, 793, 809, 829, 838, 839, 877, 901, 903, 905, 910, 923]","[1, 13, 14, 29, 54, 55, 56, 57, 58, 60, 102, 118, 125, 127, 130, 134, 146, 149, 153, 175, 182, 187, 189, 191, 197, 225, 230, 238, 264, 265, 266, 286, 302, 317, 336, 379, 388, 389, 425, 454, 458, 463, 475, 487, 498, 499, 512, 530, 531, 532, 533, 534, 536, 573, 589, 596, 598, 601, 605, 617, 620, 624, 646, 653, 658, 660, 662, 668, 689, 694, 702, 724, 725, 745, 760, 775, 793, 829, 838, 839, 877, 901, 903, 905, 910, 923]",0/6 successful match,False,,False,592,False,,,,,
"Springer , 87747 Russell Truck & Travel ( Shell )",505-483-5004 I-25 Exit 419 ( NM 58 ),24 M 24 24,Springer,87747,Russell Truck & Travel ( Shell ),505-483-5004,2007,Springer,NM,Shell,( NM 58 ),I-25 Exit 419 ,Exit,419,False,,False,I-25,,,,,[],[],[],[],[],"[108, 353, 430, 584, 808, 882]","[1, 13, 14, 29, 54, 55, 56, 57, 58, 60, 102, 118, 125, 127, 130, 134, 146, 149, 153, 175, 182, 187, 189, 191, 197, 225, 230, 238, 264, 265, 266, 286, 302, 317, 336, 379, 388, 389, 425, 454, 458, 463, 475, 487, 498, 499, 512, 530, 531, 532, 533, 534, 536, 573, 589, 596, 598, 601, 605, 617, 620, 624, 646, 653, 658, 660, 662, 668, 689, 694, 702, 724, 725, 745, 760, 775, 793, 829, 838, 839, 877, 901, 903, 905, 910, 923]","[1, 13, 14, 29, 54, 55, 56, 57, 58, 60, 102, 118, 125, 127, 130, 134, 146, 149, 153, 175, 182, 187, 189, 191, 197, 225, 230, 238, 264, 265, 266, 286, 302, 317, 336, 354, 379, 388, 389, 425, 454, 458, 463, 475, 487, 498, 499, 512, 530, 531, 532, 533, 534, 536, 573, 589, 596, 598, 601, 605, 617, 620, 624, 646, 653, 658, 660, 662, 668, 689, 694, 702, 724, 725, 745, 760, 775, 793, 809, 829, 838, 839, 877, 901, 903, 905, 910, 923]","[512, 1, 13, 14, 530, 531, 532, 533, 534, 536, 29, 54, 55, 56, 57, 58, 60, 573, 584, 589, 596, 598, 601, 605, 102, 617, 108, 620, 624, 118, 125, 127, 130, 134, 646, 653, 146, 658, 660, 149, 662, 153, 668, 175, 689, 694, 182, 187, 189, 702, 191, 197, 724, 725, 225, 230, 745, 238, 760, 775, 264, 265, 266, 793, 286, 808, 809, 302, 317, 829, 838, 839, 336, 353, 354, 877, 882, 379, 388, 389, 901, 903, 905, 910, 923, 425, 430, 454, 458, 463, 475, 487, 498, 499]",False,[],[],[],[],"[108, 353, 430, 584, 808, 882]","[1, 13, 14, 29, 54, 55, 56, 57, 58, 60, 102, 118, 125, 127, 130, 134, 146, 149, 153, 175, 182, 187, 189, 191, 197, 225, 230, 238, 264, 265, 266, 286, 302, 317, 336, 354, 379, 388, 389, 425, 454, 458, 463, 475, 487, 498, 499, 512, 530, 531, 532, 533, 534, 536, 573, 589, 596, 598, 601, 605, 617, 620, 624, 646, 653, 658, 660, 662, 668, 689, 694, 702, 724, 725, 745, 760, 775, 793, 809, 829, 838, 839, 877, 901, 903, 905, 910, 923]","[1, 13, 14, 29, 54, 55, 56, 57, 58, 60, 102, 118, 125, 127, 130, 134, 146, 149, 153, 175, 182, 187, 189, 191, 197, 225, 230, 238, 264, 265, 266, 286, 302, 317, 336, 379, 388, 389, 425, 454, 458, 463, 475, 487, 498, 499, 512, 530, 531, 532, 533, 534, 536, 573, 589, 596, 598, 601, 605, 617, 620, 624, 646, 653, 658, 660, 662, 668, 689, 694, 702, 724, 725, 745, 760, 775, 793, 829, 838, 839, 877, 901, 903, 905, 910, 923]",0/6 successful match,False,,False,592,False,,1.0,True,Russell Truck & Travel ( Shell ),Shell
"Springer , 87747 Russell Truck & Travel ( Shell )",5 505-483-5004 I-25 Exit 419 ( NM 58 ),HRS 24 M 24 <U+2610>,Springer,87747,Russell Truck & Travel ( Shell ),505-483-5004,2008,Springer,NM,Shell,( NM 58 ),I-25 Exit 419 ,Exit,419,False,,False,I-25,,,,,[],[],[],[],[],"[108, 353, 430, 584, 808, 882]","[1, 13, 14, 29, 54, 55, 56, 57, 58, 60, 102, 118, 125, 127, 130, 134, 146, 149, 153, 175, 182, 187, 189, 191, 197, 225, 230, 238, 264, 265, 266, 286, 302, 317, 336, 379, 388, 389, 425, 454, 458, 463, 475, 487, 498, 499, 512, 530, 531, 532, 533, 534, 536, 573, 589, 596, 598, 601, 605, 617, 620, 624, 646, 653, 658, 660, 662, 668, 689, 694, 702, 724, 725, 745, 760, 775, 793, 829, 838, 839, 877, 901, 903, 905, 910, 923]","[1, 13, 14, 29, 54, 55, 56, 57, 58, 60, 102, 118, 125, 127, 130, 134, 146, 149, 153, 175, 182, 187, 189, 191, 197, 225, 230, 238, 264, 265, 266, 286, 302, 317, 336, 354, 379, 388, 389, 425, 454, 458, 463, 475, 487, 498, 499, 512, 530, 531, 532, 533, 534, 536, 573, 589, 596, 598, 601, 605, 617, 620, 624, 646, 653, 658, 660, 662, 668, 689, 694, 702, 724, 725, 745, 760, 775, 793, 809, 829, 838, 839, 877, 901, 903, 905, 910, 923]","[512, 1, 13, 14, 530, 531, 532, 533, 534, 536, 29, 54, 55, 56, 57, 58, 60, 573, 584, 589, 596, 598, 601, 605, 102, 617, 108, 620, 624, 118, 125, 127, 130, 134, 646, 653, 146, 658, 660, 149, 662, 153, 668, 175, 689, 694, 182, 187, 189, 702, 191, 197, 724, 725, 225, 230, 745, 238, 760, 775, 264, 265, 266, 793, 286, 808, 809, 302, 317, 829, 838, 839, 336, 353, 354, 877, 882, 379, 388, 389, 901, 903, 905, 910, 923, 425, 430, 454, 458, 463, 475, 487, 498, 499]",False,[],[],[],[],"[108, 353, 430, 584, 808, 882]","[1, 13, 14, 29, 54, 55, 56, 57, 58, 60, 102, 118, 125, 127, 130, 134, 146, 149, 153, 175, 182, 187, 189, 191, 197, 225, 230, 238, 264, 265, 266, 286, 302, 317, 336, 354, 379, 388, 389, 425, 454, 458, 463, 475, 487, 498, 499, 512, 530, 531, 532, 533, 534, 536, 573, 589, 596, 598, 601, 605, 617, 620, 624, 646, 653, 658, 660, 662, 668, 689, 694, 702, 724, 725, 745, 760, 775, 793, 809, 829, 838, 839, 877, 901, 903, 905, 910, 923]","[1, 13, 14, 29, 54, 55, 56, 57, 58, 60, 102, 118, 125, 127, 130, 134, 146, 149, 153, 175, 182, 187, 189, 191, 197, 225, 230, 238, 264, 265, 266, 286, 302, 317, 336, 379, 388, 389, 425, 454, 458, 463, 475, 487, 498, 499, 512, 530, 531, 532, 533, 534, 536, 573, 589, 596, 598, 601, 605, 617, 620, 624, 646, 653, 658, 660, 662, 668, 689, 694, 702, 724, 725, 745, 760, 775, 793, 829, 838, 839, 877, 901, 903, 905, 910, 923]",0/6 successful match,False,,False,592,False,,1.0,True,Russell Truck & Travel ( Shell ),Shell
Springer ( 87747 ) Russell Truck & Travel ( Chevron ),575-483-5004 I-25 Exit 419 ( NM 58 ),24 M,Springer,87747,Russell Truck & Travel ( Chevron ),575-483-5004,2014,Springer,NM,Chevron,( NM 58 ),I-25 Exit 419 ,Exit,419,False,,False,I-25,,,,,[],[],[],[],[],"[108, 353, 430, 584, 808, 882]","[12, 24, 25, 28, 88, 100, 104, 119, 123, 129, 136, 137, 139, 140, 141, 148, 155, 169, 172, 179, 183, 185, 188, 196, 198, 217, 237, 267, 270, 278, 319, 321, 324, 325, 330, 334, 335, 354, 366, 369, 380, 383, 384, 386, 395, 407, 411, 423, 428, 436, 437, 452, 453, 456, 467, 471, 477, 478, 479, 497, 508, 511, 559, 571, 575, 590, 594, 600, 607, 608, 610, 611, 612, 619, 627, 640, 643, 650, 654, 656, 659, 667, 669, 685, 701, 726, 729, 737, 777, 779, 782, 783, 787, 790, 791, 809, 817, 819, 830, 833, 834, 836, 845, 856, 857, 860, 862, 875, 880, 887, 888, 899, 900, 914, 918, 921, 928, 929, 930]","[12, 24, 25, 28, 88, 100, 104, 119, 123, 129, 136, 137, 139, 140, 141, 148, 155, 169, 172, 179, 183, 185, 188, 196, 198, 217, 237, 267, 270, 278, 319, 321, 324, 325, 330, 334, 335, 354, 366, 369, 380, 383, 384, 386, 395, 407, 411, 423, 428, 436, 437, 452, 453, 456, 467, 471, 477, 478, 479, 497, 508, 511, 559, 571, 575, 590, 594, 600, 607, 608, 610, 611, 612, 619, 627, 640, 643, 650, 654, 656, 659, 667, 669, 685, 701, 726, 729, 737, 777, 779, 782, 783, 787, 790, 791, 809, 817, 819, 830, 833, 834, 836, 845, 856, 857, 860, 862, 875, 880, 887, 888, 899, 900, 914, 918, 921, 928, 929, 930]","[12, 24, 25, 28, 559, 571, 575, 584, 590, 594, 88, 600, 607, 608, 610, 611, 100, 612, 104, 619, 108, 627, 119, 123, 640, 129, 643, 136, 137, 650, 139, 140, 141, 654, 656, 659, 148, 155, 667, 669, 169, 172, 685, 179, 183, 185, 188, 701, 196, 198, 726, 217, 729, 737, 237, 777, 267, 779, 270, 782, 783, 787, 278, 790, 791, 808, 809, 817, 819, 830, 319, 321, 833, 834, 324, 325, 836, 330, 845, 334, 335, 856, 857, 860, 862, 353, 354, 875, 366, 880, 369, 882, 887, 888, 380, 383, 384, 386, 899, 900, 395, 914, 918, 407, 921, 411, 928, 929, 930, 423, 428, 430, 436, 437, 452, 453, 456, 467, 471, 477, 478, 479, 497, 508, 511]",False,[],[],[],[],"[108, 353, 430, 584, 808, 882]","[12, 24, 25, 28, 88, 100, 104, 119, 123, 129, 136, 137, 139, 140, 141, 148, 155, 169, 172, 179, 183, 185, 188, 196, 198, 217, 237, 267, 270, 278, 319, 321, 324, 325, 330, 334, 335, 354, 366, 369, 380, 383, 384, 386, 395, 407, 411, 423, 428, 436, 437, 452, 453, 456, 467, 471, 477, 478, 479, 497, 508, 511, 559, 571, 575, 590, 594, 600, 607, 608, 610, 611, 612, 619, 627, 640, 643, 650, 654, 656, 659, 667, 669, 685, 701, 726, 729, 737, 777, 779, 782, 783, 787, 790, 791, 809, 817, 819, 830, 833, 834, 836, 845, 856, 857, 860, 862, 875, 880, 887, 888, 899, 900, 914, 918, 921, 928, 929, 930]","[12, 24, 25, 28, 88, 100, 104, 119, 123, 129, 136, 137, 139, 140, 141, 148, 155, 169, 172, 179, 183, 185, 188, 196, 198, 217, 237, 267, 270, 278, 319, 321, 324, 325, 330, 334, 335, 354, 366, 369, 380, 383, 384, 386, 395, 407, 411, 423, 428, 436, 437, 452, 453, 456, 467, 471, 477, 478, 479, 497, 508, 511, 559, 571, 575, 590, 594, 600, 607, 608, 610, 611, 612, 619, 627, 640, 643, 650, 654, 656, 659, 667, 669, 685, 701, 726, 729, 737, 777, 779, 782, 783, 787, 790, 791, 809, 817, 819, 830, 833, 834, 836, 845, 856, 857, 860, 862, 875, 880, 887, 888, 899, 900, 914, 918, 921, 928, 929, 930]",0/6 successful match,False,,False,592,False,,0.8636363636363635,False,Russell Truck & Travel ( Shell ),Shell
Springer ( 87747 ) Russell Truck & Travel ( Chevron ) of town ),575-483-5004 I-25 Exit 419 ( NM 58 ),M,Springer,87747,Russell Truck & Travel ( Chevron ) of town ),575-483-5004,2015,Springer,NM,Chevron,( NM 58 ),I-25 Exit 419 ,Exit,419,False,,False,I-25,,,,,[],[],[],[],[],"[108, 353, 430, 584, 808, 882]","[12, 24, 25, 28, 88, 100, 104, 119, 123, 129, 136, 137, 139, 140, 141, 148, 155, 169, 172, 179, 183, 185, 188, 196, 198, 217, 237, 267, 270, 278, 319, 321, 324, 325, 330, 334, 335, 354, 366, 369, 380, 383, 384, 386, 395, 407, 411, 423, 428, 436, 437, 452, 453, 456, 467, 471, 477, 478, 479, 497, 508, 511, 559, 571, 575, 590, 594, 600, 607, 608, 610, 611, 612, 619, 627, 640, 643, 650, 654, 656, 659, 667, 669, 685, 701, 726, 729, 737, 777, 779, 782, 783, 787, 790, 791, 809, 817, 819, 830, 833, 834, 836, 845, 856, 857, 860, 862, 875, 880, 887, 888, 899, 900, 914, 918, 921, 928, 929, 930]","[12, 24, 25, 28, 88, 100, 104, 119, 123, 129, 136, 137, 139, 140, 141, 148, 155, 169, 172, 179, 183, 185, 188, 196, 198, 217, 237, 267, 270, 278, 319, 321, 324, 325, 330, 334, 335, 354, 366, 369, 380, 383, 384, 386, 395, 407, 411, 423, 428, 436, 437, 452, 453, 456, 467, 471, 477, 478, 479, 497, 508, 511, 559, 571, 575, 590, 594, 600, 607, 608, 610, 611, 612, 619, 627, 640, 643, 650, 654, 656, 659, 667, 669, 685, 701, 726, 729, 737, 777, 779, 782, 783, 787, 790, 791, 809, 817, 819, 830, 833, 834, 836, 845, 856, 857, 860, 862, 875, 880, 887, 888, 899, 900, 914, 918, 921, 928, 929, 930]","[12, 24, 25, 28, 559, 571, 575, 584, 590, 594, 88, 600, 607, 608, 610, 611, 100, 612, 104, 619, 108, 627, 119, 123, 640, 129, 643, 136, 137, 650, 139, 140, 141, 654, 656, 659, 148, 155, 667, 669, 169, 172, 685, 179, 183, 185, 188, 701, 196, 198, 726, 217, 729, 737, 237, 777, 267, 779, 270, 782, 783, 787, 278, 790, 791, 808, 809, 817, 819, 830, 319, 321, 833, 834, 324, 325, 836, 330, 845, 334, 335, 856, 857, 860, 862, 353, 354, 875, 366, 880, 369, 882, 887, 888, 380, 383, 384, 386, 899, 900, 395, 914, 918, 407, 921, 411, 928, 929, 930, 423, 428, 430, 436, 437, 452, 453, 456, 467, 471, 477, 478, 479, 497, 508, 511]",False,[],[],[],[],"[108, 353, 430, 584, 808, 882]","[12, 24, 25, 28, 88, 100, 104, 119, 123, 129, 136, 137, 139, 140, 141, 148, 155, 169, 172, 179, 183, 185, 188, 196, 198, 217, 237, 267, 270, 278, 319, 321, 324, 325, 330, 334, 335, 354, 366, 369, 380, 383, 384, 386, 395, 407, 411, 423, 428, 436, 437, 452, 453, 456, 467, 471, 477, 478, 479, 497, 508, 511, 559, 571, 575, 590, 594, 600, 607, 608, 610, 611, 612, 619, 627, 640, 643, 650, 654, 656, 659, 667, 669, 685, 701, 726, 729, 737, 777, 779, 782, 783, 787, 790, 791, 809, 817, 819, 830, 833, 834, 836, 845, 856, 857, 860, 862, 875, 880, 887, 888, 899, 900, 914, 918, 921, 928, 929, 930]","[12, 24, 25, 28, 88, 100, 104, 119, 123, 129, 136, 137, 139, 140, 141, 148, 155, 169, 172, 179, 183, 185, 188, 196, 198, 217, 237, 267, 270, 278, 319, 321, 324, 325, 330, 334, 335, 354, 366, 369, 380, 383, 384, 386, 395, 407, 411, 423, 428, 436, 437, 452, 453, 456, 467, 471, 477, 478, 479, 497, 508, 511, 559, 571, 575, 590, 594, 600, 607, 608, 610, 611, 612, 619, 627, 640, 643, 650, 654, 656, 659, 667, 669, 685, 701, 726, 729, 737, 777, 779, 782, 783, 787, 790, 791, 809, 817, 819, 830, 833, 834, 836, 845, 856, 857, 860, 862, 875, 880, 887, 888, 899, 900, 914, 918, 921, 928, 929, 930]",0/6 successful match,False,,False,592,False,,0.7615384615384615,True,Russell Truck & Travel ( Chevron ),Chevron
Springer ( 87747 ) Russell Truck & Travel 107 ) ( Chevron ( 35 mi S ) of town ),575-483-5004 I-25 Exit 419 ( NM 58 ),M <U+2610><U+2610>,Springer,87747,Russell Truck & Travel 107 ) ( Chevron ( 35 mi S ) of town ),575-483-5004,2016,Springer,NM,Chevron,( NM 58 ),I-25 Exit 419 ,Exit,419,False,,False,I-25,,,,,[],[],[],[],[],"[108, 353, 430, 584, 808, 882]","[12, 24, 25, 28, 88, 100, 104, 119, 123, 129, 136, 137, 139, 140, 141, 148, 155, 169, 172, 179, 183, 185, 188, 196, 198, 217, 237, 267, 270, 278, 319, 321, 324, 325, 330, 334, 335, 354, 366, 369, 380, 383, 384, 386, 395, 407, 411, 423, 428, 436, 437, 452, 453, 456, 467, 471, 477, 478, 479, 497, 508, 511, 559, 571, 575, 590, 594, 600, 607, 608, 610, 611, 612, 619, 627, 640, 643, 650, 654, 656, 659, 667, 669, 685, 701, 726, 729, 737, 777, 779, 782, 783, 787, 790, 791, 809, 817, 819, 830, 833, 834, 836, 845, 856, 857, 860, 862, 875, 880, 887, 888, 899, 900, 914, 918, 921, 928, 929, 930]","[12, 24, 25, 28, 88, 100, 104, 119, 123, 129, 136, 137, 139, 140, 141, 148, 155, 169, 172, 179, 183, 185, 188, 196, 198, 217, 237, 267, 270, 278, 319, 321, 324, 325, 330, 334, 335, 354, 366, 369, 380, 383, 384, 386, 395, 407, 411, 423, 428, 436, 437, 452, 453, 456, 467, 471, 477, 478, 479, 497, 508, 511, 559, 571, 575, 590, 594, 600, 607, 608, 610, 611, 612, 619, 627, 640, 643, 650, 654, 656, 659, 667, 669, 685, 701, 726, 729, 737, 777, 779, 782, 783, 787, 790, 791, 809, 817, 819, 830, 833, 834, 836, 845, 856, 857, 860, 862, 875, 880, 887, 888, 899, 900, 914, 918, 921, 928, 929, 930]","[12, 24, 25, 28, 559, 571, 575, 584, 590, 594, 88, 600, 607, 608, 610, 611, 100, 612, 104, 619, 108, 627, 119, 123, 640, 129, 643, 136, 137, 650, 139, 140, 141, 654, 656, 659, 148, 155, 667, 669, 169, 172, 685, 179, 183, 185, 188, 701, 196, 198, 726, 217, 729, 737, 237, 777, 267, 779, 270, 782, 783, 787, 278, 790, 791, 808, 809, 817, 819, 830, 319, 321, 833, 834, 324, 325, 836, 330, 845, 334, 335, 856, 857, 860, 862, 353, 354, 875, 366, 880, 369, 882, 887, 888, 380, 383, 384, 386, 899, 900, 395, 914, 918, 407, 921, 411, 928, 929, 930, 423, 428, 430, 436, 437, 452, 453, 456, 467, 471, 477, 478, 479, 497, 508, 511]",False,[],[],[],[],"[108, 353, 430, 584, 808, 882]","[12, 24, 25, 28, 88, 100, 104, 119, 123, 129, 136, 137, 139, 140, 141, 148, 155, 169, 172, 179, 183, 185, 188, 196, 198, 217, 237, 267, 270, 278, 319, 321, 324, 325, 330, 334, 335, 354, 366, 369, 380, 383, 384, 386, 395, 407, 411, 423, 428, 436, 437, 452, 453, 456, 467, 471, 477, 478, 479, 497, 508, 511, 559, 571, 575, 590, 594, 600, 607, 608, 610, 611, 612, 619, 627, 640, 643, 650, 654, 656, 659, 667, 669, 685, 701, 726, 729, 737, 777, 779, 782, 783, 787, 790, 791, 809, 817, 819, 830, 833, 834, 836, 845, 856, 857, 860, 862, 875, 880, 887, 888, 899, 900, 914, 918, 921, 928, 929, 930]","[12, 24, 25, 28, 88, 100, 104, 119, 123, 129, 136, 137, 139, 140, 141, 148, 155, 169, 172, 179, 183, 185, 188, 196, 198, 217, 237, 267, 270, 278, 319, 321, 324, 325, 330, 334, 335, 354, 366, 369, 380, 383, 384, 386, 395, 407, 411, 423, 428, 436, 437, 452, 453, 456, 467, 471, 477, 478, 479, 497, 508, 511, 559, 571, 575, 590, 594, 600, 607, 608, 610, 611, 612, 619, 627, 640, 643, 650, 654, 656, 659, 667, 669, 685, 701, 726, 729, 737, 777, 779, 782, 783, 787, 790, 791, 809, 817, 819, 830, 833, 834, 836, 845, 856, 857, 860, 862, 875, 880, 887, 888, 899, 900, 914, 918, 921, 928, 929, 930]",0/6 successful match,False,,False,592,False,,1.0,True,Russell Truck & Travel ( Chevron ) of town ),Chevron
"Socorro , 87801 Santa Fe Diner & Truck Stop",505-854-2784 I-25 Exit 115 ( NM 107 ),<U+2610> M HRS 24 24,Socorro,87801,Santa Fe Diner & Truck Stop,505-854-2784,2006,Socorro,NM,,( NM 107 ),I-25 Exit 115 ,Exit,115,False,,False,I-25,,,,,[],[],[],"[25, 39, 230, 284, 299, 449, 486, 520, 694, 743, 758, 897]",[],"[108, 353, 430, 584, 808, 882]",[],"[383, 833]","[897, 520, 25, 284, 39, 808, 299, 430, 694, 449, 833, 584, 353, 230, 486, 743, 108, 882, 758, 383]",False,[],[],[],"[25, 39, 230, 284, 299, 449, 486, 520, 694, 743, 758, 897]","[108, 353, 430, 584, 808, 882]","[383, 833]",[],0/6 successful match,False,,False,593,False,,,,,
"Socorro , 87801 Santa Fe Diner & Truck Stop",505-854-2784 I-25 Exit 115 ( NM 107 ),24 HRS M 24,Socorro,87801,Santa Fe Diner & Truck Stop,505-854-2784,2007,Socorro,NM,,( NM 107 ),I-25 Exit 115 ,Exit,115,False,,False,I-25,,,,,[],[],[],"[25, 39, 230, 284, 299, 449, 486, 520, 694, 743, 758, 897]",[],"[108, 353, 430, 584, 808, 882]",[],"[383, 833]","[897, 520, 25, 284, 39, 808, 299, 430, 694, 449, 833, 584, 353, 230, 486, 743, 108, 882, 758, 383]",False,[],[],[],"[25, 39, 230, 284, 299, 449, 486, 520, 694, 743, 758, 897]","[108, 353, 430, 584, 808, 882]","[383, 833]",[],0/6 successful match,False,,False,593,False,,1.0,True,Santa Fe Diner & Truck Stop,
"F Socorro , 87801 Santa Fe Diner & Truck ) Stop",3 505-854-2784 I-25 Exit 115 ( NM 107 ),HRS 24 M <U+2610> 24 <U+2610><U+2610>,Socorro,87801,Santa Fe Diner & Truck ) Stop,505-854-2784,2008,Socorro,NM,,( NM 107 ),I-25 Exit 115 ,Exit,115,False,,False,I-25,,,,,[],[],[],"[25, 39, 230, 284, 299, 449, 486, 520, 694, 743, 758, 897]",[],"[108, 353, 430, 584, 808, 882]",[],"[383, 833]","[897, 520, 25, 284, 39, 808, 299, 430, 694, 449, 833, 584, 353, 230, 486, 743, 108, 882, 758, 383]",False,[],[],[],"[25, 39, 230, 284, 299, 449, 486, 520, 694, 743, 758, 897]","[108, 353, 430, 584, 808, 882]","[383, 833]",[],0/6 successful match,False,,False,593,False,,1.0,True,Santa Fe Diner & Truck Stop,
Socorro ( 87801 ) Santa Fe Diner & Truck Stop,575-854-2784 I-25 Exit 115 ( NM 107 ) ( 35 mi S of town ),) 24 M <U+2610> 24 B,Socorro,87801,Santa Fe Diner & Truck Stop,575-854-2784,2014,Socorro,NM,,( NM 107 ) ( 35 mi S of town ),I-25 Exit 115 ,Exit,115,False,,False,I-25,,,,,[],[],[],"[25, 39, 230, 284, 299, 449, 486, 520, 694, 743, 758, 897]",[],"[108, 353, 430, 584, 808, 882]",[],"[383, 833]","[897, 520, 25, 284, 39, 808, 299, 430, 694, 449, 833, 584, 353, 230, 486, 743, 108, 882, 758, 383]",False,[],[],[],"[25, 39, 230, 284, 299, 449, 486, 520, 694, 743, 758, 897]","[108, 353, 430, 584, 808, 882]","[383, 833]",[],0/6 successful match,False,,False,593,False,,1.0,True,Santa Fe Diner & Truck ) Stop,
F Socorro ( 87801 ) Santa Fe Diner & Truck Stop,3 575-854-2784 I-25 Exit 115 ( NM 107 ) ( 35 mi S of town ),) 24 24 M <U+25A1> 47 24 <U+2610> <U+2610>,Socorro,87801,Santa Fe Diner & Truck Stop,575-854-2784,2015,Socorro,NM,,( NM 107 ) ( 35 mi S of town ),I-25 Exit 115 ,Exit,115,False,,False,I-25,,,,,[],[],[],"[25, 39, 230, 284, 299, 449, 486, 520, 694, 743, 758, 897]",[],"[108, 353, 430, 584, 808, 882]",[],"[383, 833]","[897, 520, 25, 284, 39, 808, 299, 430, 694, 449, 833, 584, 353, 230, 486, 743, 108, 882, 758, 383]",False,[],[],[],"[25, 39, 230, 284, 299, 449, 486, 520, 694, 743, 758, 897]","[108, 353, 430, 584, 808, 882]","[383, 833]",[],0/6 successful match,False,,False,593,False,,1.0,True,Santa Fe Diner & Truck Stop,
3 FSocorro 575-854-2784 ( 87801 ) Santa Fe Diner & Truck 84 S ) Stop 24 22,I-25 Exit 115 ( NM ),24 22 M 24 D,Socorro,87801,Santa Fe Diner & Truck 84 S ) Stop 24 22,575-854-2784,2016,Socorro,NM,,( NM ),I-25 Exit 115 ,Exit,115,False,,False,I-25,,,,,[],[],[],"[25, 39, 230, 284, 299, 449, 486, 520, 694, 743, 758, 897]",[],"[108, 353, 430, 584, 808, 882]",[],"[103, 383, 574, 833]","[897, 520, 25, 284, 39, 808, 299, 430, 694, 574, 449, 833, 584, 353, 230, 486, 743, 103, 108, 882, 758, 383]",False,[],[],[],"[25, 39, 230, 284, 299, 449, 486, 520, 694, 743, 758, 897]","[108, 353, 430, 584, 808, 882]","[103, 383, 574, 833]",[],0/6 successful match,False,,False,593,False,,0.9017910447761195,True,Santa Fe Diner & Truck Stop,
"Lemitar , 87823 Roadrunner Travel Center ( 66 )",505-838-1400 I-25 Exit 156,S <U+2610>,Lemitar,87823,Roadrunner Travel Center ( 66 ),505-838-1400,2006,Lemitar,NM,,,I-25 Exit 156,Exit,156,False,,False,I-25,,,,,[],[],[],[],[],"[108, 353, 430, 584, 808, 882]",[],"[401, 402, 424, 427, 464, 469, 850, 851, 876, 879, 911, 916]","[353, 584, 808, 424, 427, 108, 876, 430, 879, 464, 401, 882, 402, 850, 469, 851, 911, 916]",False,[],[],[],[],"[108, 353, 430, 584, 808, 882]","[401, 402, 424, 427, 464, 469, 850, 851, 876, 879, 911, 916]",[],0/6 successful match,False,,False,594,False,,,,,
"Lemitar , 87823 Roadrunner Travel Center ( 66 )",505-838-1400 I-25 Exit 156,24 HRS L,Lemitar,87823,Roadrunner Travel Center ( 66 ),505-838-1400,2007,Lemitar,NM,,,I-25 Exit 156,Exit,156,False,,False,I-25,,,,,[],[],[],[],[],"[108, 353, 430, 584, 808, 882]",[],"[401, 402, 424, 427, 464, 469, 850, 851, 876, 879, 911, 916]","[353, 584, 808, 424, 427, 108, 876, 430, 879, 464, 401, 882, 402, 850, 469, 851, 911, 916]",False,[],[],[],[],"[108, 353, 430, 584, 808, 882]","[401, 402, 424, 427, 464, 469, 850, 851, 876, 879, 911, 916]",[],0/6 successful match,False,,False,594,False,,1.0,True,Roadrunner Travel Center ( 66 ),
"Lemitar , 87823 Roadrunner Travel Center ( 66 )",505-838-1400 I-25 Exit 156,HRS 24 L <U+2610> <U+2610><U+2610>,Lemitar,87823,Roadrunner Travel Center ( 66 ),505-838-1400,2008,Lemitar,NM,,,I-25 Exit 156,Exit,156,False,,False,I-25,,,,,[],[],[],[],[],"[108, 353, 430, 584, 808, 882]",[],"[401, 402, 424, 427, 464, 469, 850, 851, 876, 879, 911, 916]","[353, 584, 808, 424, 427, 108, 876, 430, 879, 464, 401, 882, 402, 850, 469, 851, 911, 916]",False,[],[],[],[],"[108, 353, 430, 584, 808, 882]","[401, 402, 424, 427, 464, 469, 850, 851, 876, 879, 911, 916]",[],0/6 successful match,False,,False,594,False,,1.0,True,Roadrunner Travel Center ( 66 ),
F Lemitar ( 87823 ) Roadrunner Travel Center ( 66 ),3 575-838-1400 I-25 Exit 156,24 <U+2610>,Lemitar,87823,Roadrunner Travel Center ( 66 ),575-838-1400,2014,Lemitar,NM,,,I-25 Exit 156,Exit,156,False,,False,I-25,,,,,[],[],[],[],[],"[108, 353, 430, 584, 808, 882]",[],"[401, 402, 424, 427, 464, 469, 850, 851, 876, 879, 911, 916]","[353, 584, 808, 424, 427, 108, 876, 430, 879, 464, 401, 882, 402, 850, 469, 851, 911, 916]",False,[],[],[],[],"[108, 353, 430, 584, 808, 882]","[401, 402, 424, 427, 464, 469, 850, 851, 876, 879, 911, 916]",[],0/6 successful match,False,,False,594,False,,1.0,True,Roadrunner Travel Center ( 66 ),
Lemitar ( 87823 ) Roadrunner Travel Center ( 66 ),575-838-1400 I-25 Exit 156,24 L <U+2610>,Lemitar,87823,Roadrunner Travel Center ( 66 ),575-838-1400,2015,Lemitar,NM,,,I-25 Exit 156,Exit,156,False,,False,I-25,,,,,[],[],[],[],[],"[108, 353, 430, 584, 808, 882]",[],"[401, 402, 424, 427, 464, 469, 850, 851, 876, 879, 911, 916]","[353, 584, 808, 424, 427, 108, 876, 430, 879, 464, 401, 882, 402, 850, 469, 851, 911, 916]",False,[],[],[],[],"[108, 353, 430, 584, 808, 882]","[401, 402, 424, 427, 464, 469, 850, 851, 876, 879, 911, 916]",[],0/6 successful match,False,,False,594,False,,1.0,True,Roadrunner Travel Center ( 66 ),
Lemitar ( 87823 ) Roadrunner Travel Center ( 66 ),575-838-1400 I-25 Exit 156,24 BLOO <U+25A1>,Lemitar,87823,Roadrunner Travel Center ( 66 ),575-838-1400,2016,Lemitar,NM,,,I-25 Exit 156,Exit,156,False,,False,I-25,,,,,[],[],[],[],[],"[108, 353, 430, 584, 808, 882]",[],"[401, 402, 424, 427, 464, 469, 850, 851, 876, 879, 911, 916]","[353, 584, 808, 424, 427, 108, 876, 430, 879, 464, 401, 882, 402, 850, 469, 851, 911, 916]",False,[],[],[],[],"[108, 353, 430, 584, 808, 882]","[401, 402, 424, 427, 464, 469, 850, 851, 876, 879, 911, 916]",[],0/6 successful match,False,,False,594,False,,1.0,True,Roadrunner Travel Center ( 66 ),
"Williamsburg , 87942 Fast Stop ( Shell )",505-894-1782 I-25 Exit 76 ( US 85 S ),,Williamsburg,87942,Fast Stop ( Shell ),505-894-1782,2006,Williamsburg,NM,Shell,( US 85 S ),I-25 Exit 76 ,Exit,76,False,,False,I-25,,,,,[],[],[],"[144, 323, 615, 781]",[],"[108, 353, 430, 584, 808, 882]","[1, 13, 14, 29, 54, 55, 56, 57, 58, 60, 102, 118, 125, 127, 130, 134, 146, 149, 153, 175, 182, 187, 189, 191, 197, 225, 230, 238, 264, 265, 266, 286, 302, 317, 336, 379, 388, 389, 425, 454, 458, 463, 475, 487, 498, 499, 512, 530, 531, 532, 533, 534, 536, 573, 589, 596, 598, 601, 605, 617, 620, 624, 646, 653, 658, 660, 662, 668, 689, 694, 702, 724, 725, 745, 760, 775, 793, 829, 838, 839, 877, 901, 903, 905, 910, 923]","[1, 13, 14, 29, 54, 55, 56, 57, 58, 60, 102, 118, 125, 127, 130, 134, 146, 149, 153, 175, 182, 187, 189, 191, 197, 225, 230, 238, 264, 265, 266, 286, 302, 317, 336, 354, 379, 388, 389, 425, 454, 458, 463, 475, 487, 498, 499, 512, 530, 531, 532, 533, 534, 536, 573, 589, 596, 598, 601, 605, 617, 620, 624, 646, 653, 658, 660, 662, 668, 689, 694, 702, 724, 725, 745, 760, 775, 793, 809, 829, 838, 839, 877, 901, 903, 905, 910, 923]","[512, 1, 13, 14, 530, 531, 532, 533, 534, 536, 29, 54, 55, 56, 57, 58, 60, 573, 584, 589, 596, 598, 601, 605, 102, 615, 617, 108, 620, 624, 118, 125, 127, 130, 134, 646, 653, 144, 146, 658, 660, 149, 662, 153, 668, 175, 689, 182, 694, 187, 189, 702, 191, 197, 724, 725, 225, 230, 745, 238, 760, 775, 264, 265, 266, 781, 793, 286, 808, 809, 302, 317, 829, 323, 838, 839, 336, 353, 354, 877, 882, 379, 388, 389, 901, 903, 905, 910, 923, 425, 430, 454, 458, 463, 475, 487, 498, 499]",False,[],[],[],"[144, 323, 615, 781]","[108, 353, 430, 584, 808, 882]","[1, 13, 14, 29, 54, 55, 56, 57, 58, 60, 102, 118, 125, 127, 130, 134, 146, 149, 153, 175, 182, 187, 189, 191, 197, 225, 230, 238, 264, 265, 266, 286, 302, 317, 336, 354, 379, 388, 389, 425, 454, 458, 463, 475, 487, 498, 499, 512, 530, 531, 532, 533, 534, 536, 573, 589, 596, 598, 601, 605, 617, 620, 624, 646, 653, 658, 660, 662, 668, 689, 694, 702, 724, 725, 745, 760, 775, 793, 809, 829, 838, 839, 877, 901, 903, 905, 910, 923]","[1, 13, 14, 29, 54, 55, 56, 57, 58, 60, 102, 118, 125, 127, 130, 134, 146, 149, 153, 175, 182, 187, 189, 191, 197, 225, 230, 238, 264, 265, 266, 286, 302, 317, 336, 379, 388, 389, 425, 454, 458, 463, 475, 487, 498, 499, 512, 530, 531, 532, 533, 534, 536, 573, 589, 596, 598, 601, 605, 617, 620, 624, 646, 653, 658, 660, 662, 668, 689, 694, 702, 724, 725, 745, 760, 775, 793, 829, 838, 839, 877, 901, 903, 905, 910, 923]",0/6 successful match,False,,False,595,False,,,,,
"Williamsburg , 87942 Fast",505-894-1782 I-25 Exit Stop 75 ( Shell ( US ) 85 S ),,Williamsburg,87942,Fast,505-894-1782,2007,Williamsburg,NM,,( Shell ( US ) 85 S ),I-25 Exit Stop 75 ,Exit,,False,,False,I-25,,,,,[],[],[],[],[],"[108, 353, 430, 584, 808, 882]",[],[],"[353, 584, 808, 108, 430, 882]",False,[],[],[],[],"[108, 353, 430, 584, 808, 882]",[],[],0/6 successful match,False,,False,595,False,,0.7043478260869565,True,Fast Stop ( Shell ),Shell
"Williamsburg , 87942 Fast Stop ( Shell )",2 505-894-1782 I-25 Exit 75 ( US 85 S ),<U+2610>,Williamsburg,87942,Fast Stop ( Shell ),505-894-1782,2008,Williamsburg,NM,Shell,( US 85 S ),I-25 Exit 75 ,Exit,75,False,,False,I-25,,,,,[],[],[],"[366, 817]",[],"[108, 353, 430, 584, 808, 882]","[1, 13, 14, 29, 54, 55, 56, 57, 58, 60, 102, 118, 125, 127, 130, 134, 146, 149, 153, 175, 182, 187, 189, 191, 197, 225, 230, 238, 264, 265, 266, 286, 302, 317, 336, 379, 388, 389, 425, 454, 458, 463, 475, 487, 498, 499, 512, 530, 531, 532, 533, 534, 536, 573, 589, 596, 598, 601, 605, 617, 620, 624, 646, 653, 658, 660, 662, 668, 689, 694, 702, 724, 725, 745, 760, 775, 793, 829, 838, 839, 877, 901, 903, 905, 910, 923]","[1, 13, 14, 29, 54, 55, 56, 57, 58, 60, 102, 118, 125, 127, 130, 134, 146, 149, 153, 175, 182, 187, 189, 191, 197, 225, 230, 238, 264, 265, 266, 286, 302, 317, 336, 354, 379, 388, 389, 425, 454, 458, 463, 475, 487, 498, 499, 512, 530, 531, 532, 533, 534, 536, 573, 589, 596, 598, 601, 605, 617, 620, 624, 646, 653, 658, 660, 662, 668, 689, 694, 702, 724, 725, 745, 760, 775, 793, 809, 829, 838, 839, 877, 901, 903, 905, 910, 923]","[512, 1, 13, 14, 530, 531, 532, 533, 534, 536, 29, 54, 55, 56, 57, 58, 60, 573, 584, 589, 596, 598, 601, 605, 102, 617, 108, 620, 624, 118, 125, 127, 130, 134, 646, 653, 146, 658, 660, 149, 662, 153, 668, 175, 689, 182, 694, 187, 189, 702, 191, 197, 724, 725, 225, 230, 745, 238, 760, 775, 264, 265, 266, 793, 286, 808, 809, 302, 817, 317, 829, 838, 839, 336, 353, 354, 877, 366, 882, 379, 388, 389, 901, 903, 905, 910, 923, 425, 430, 454, 458, 463, 475, 487, 498, 499]",False,[],[],[],"[366, 817]","[108, 353, 430, 584, 808, 882]","[1, 13, 14, 29, 54, 55, 56, 57, 58, 60, 102, 118, 125, 127, 130, 134, 146, 149, 153, 175, 182, 187, 189, 191, 197, 225, 230, 238, 264, 265, 266, 286, 302, 317, 336, 354, 379, 388, 389, 425, 454, 458, 463, 475, 487, 498, 499, 512, 530, 531, 532, 533, 534, 536, 573, 589, 596, 598, 601, 605, 617, 620, 624, 646, 653, 658, 660, 662, 668, 689, 694, 702, 724, 725, 745, 760, 775, 793, 809, 829, 838, 839, 877, 901, 903, 905, 910, 923]","[1, 13, 14, 29, 54, 55, 56, 57, 58, 60, 102, 118, 125, 127, 130, 134, 146, 149, 153, 175, 182, 187, 189, 191, 197, 225, 230, 238, 264, 265, 266, 286, 302, 317, 336, 379, 388, 389, 425, 454, 458, 463, 475, 487, 498, 499, 512, 530, 531, 532, 533, 534, 536, 573, 589, 596, 598, 601, 605, 617, 620, 624, 646, 653, 658, 660, 662, 668, 689, 694, 702, 724, 725, 745, 760, 775, 793, 829, 838, 839, 877, 901, 903, 905, 910, 923]",0/6 successful match,False,,False,595,False,,0.7043478260869565,True,Fast,
Williamsburg ( 87942 ) Fast Stop ( Shell ),575-894-1782 I-25 Exit 75 ( US 85 S ),<U+2610> <U+2610>,Williamsburg,87942,Fast Stop ( Shell ),575-894-1782,2014,Williamsburg,NM,Shell,( US 85 S ),I-25 Exit 75 ,Exit,75,False,,False,I-25,,,,,[],[],[],"[366, 817]",[],"[108, 353, 430, 584, 808, 882]","[1, 13, 14, 29, 54, 55, 56, 57, 58, 60, 102, 118, 125, 127, 130, 134, 146, 149, 153, 175, 182, 187, 189, 191, 197, 225, 230, 238, 264, 265, 266, 286, 302, 317, 336, 379, 388, 389, 425, 454, 458, 463, 475, 487, 498, 499, 512, 530, 531, 532, 533, 534, 536, 573, 589, 596, 598, 601, 605, 617, 620, 624, 646, 653, 658, 660, 662, 668, 689, 694, 702, 724, 725, 745, 760, 775, 793, 829, 838, 839, 877, 901, 903, 905, 910, 923]","[1, 13, 14, 29, 54, 55, 56, 57, 58, 60, 102, 118, 125, 127, 130, 134, 146, 149, 153, 175, 182, 187, 189, 191, 197, 225, 230, 238, 264, 265, 266, 286, 302, 317, 336, 354, 379, 388, 389, 425, 454, 458, 463, 475, 487, 498, 499, 512, 530, 531, 532, 533, 534, 536, 573, 589, 596, 598, 601, 605, 617, 620, 624, 646, 653, 658, 660, 662, 668, 689, 694, 702, 724, 725, 745, 760, 775, 793, 809, 829, 838, 839, 877, 901, 903, 905, 910, 923]","[512, 1, 13, 14, 530, 531, 532, 533, 534, 536, 29, 54, 55, 56, 57, 58, 60, 573, 584, 589, 596, 598, 601, 605, 102, 617, 108, 620, 624, 118, 125, 127, 130, 134, 646, 653, 146, 658, 660, 149, 662, 153, 668, 175, 689, 182, 694, 187, 189, 702, 191, 197, 724, 725, 225, 230, 745, 238, 760, 775, 264, 265, 266, 793, 286, 808, 809, 302, 817, 317, 829, 838, 839, 336, 353, 354, 877, 366, 882, 379, 388, 389, 901, 903, 905, 910, 923, 425, 430, 454, 458, 463, 475, 487, 498, 499]",False,[],[],[],"[366, 817]","[108, 353, 430, 584, 808, 882]","[1, 13, 14, 29, 54, 55, 56, 57, 58, 60, 102, 118, 125, 127, 130, 134, 146, 149, 153, 175, 182, 187, 189, 191, 197, 225, 230, 238, 264, 265, 266, 286, 302, 317, 336, 354, 379, 388, 389, 425, 454, 458, 463, 475, 487, 498, 499, 512, 530, 531, 532, 533, 534, 536, 573, 589, 596, 598, 601, 605, 617, 620, 624, 646, 653, 658, 660, 662, 668, 689, 694, 702, 724, 725, 745, 760, 775, 793, 809, 829, 838, 839, 877, 901, 903, 905, 910, 923]","[1, 13, 14, 29, 54, 55, 56, 57, 58, 60, 102, 118, 125, 127, 130, 134, 146, 149, 153, 175, 182, 187, 189, 191, 197, 225, 230, 238, 264, 265, 266, 286, 302, 317, 336, 379, 388, 389, 425, 454, 458, 463, 475, 487, 498, 499, 512, 530, 531, 532, 533, 534, 536, 573, 589, 596, 598, 601, 605, 617, 620, 624, 646, 653, 658, 660, 662, 668, 689, 694, 702, 724, 725, 745, 760, 775, 793, 829, 838, 839, 877, 901, 903, 905, 910, 923]",0/6 successful match,False,,False,595,False,,1.0,True,Fast Stop ( Shell ),Shell
Williamsburg ( 87942 ) Fast Stop ( Shell ),575-894-1782 I-25 Exit 75 ( US 85 S ),,Williamsburg,87942,Fast Stop ( Shell ),575-894-1782,2015,Williamsburg,NM,Shell,( US 85 S ),I-25 Exit 75 ,Exit,75,False,,False,I-25,,,,,[],[],[],"[366, 817]",[],"[108, 353, 430, 584, 808, 882]","[1, 13, 14, 29, 54, 55, 56, 57, 58, 60, 102, 118, 125, 127, 130, 134, 146, 149, 153, 175, 182, 187, 189, 191, 197, 225, 230, 238, 264, 265, 266, 286, 302, 317, 336, 379, 388, 389, 425, 454, 458, 463, 475, 487, 498, 499, 512, 530, 531, 532, 533, 534, 536, 573, 589, 596, 598, 601, 605, 617, 620, 624, 646, 653, 658, 660, 662, 668, 689, 694, 702, 724, 725, 745, 760, 775, 793, 829, 838, 839, 877, 901, 903, 905, 910, 923]","[1, 13, 14, 29, 54, 55, 56, 57, 58, 60, 102, 118, 125, 127, 130, 134, 146, 149, 153, 175, 182, 187, 189, 191, 197, 225, 230, 238, 264, 265, 266, 286, 302, 317, 336, 354, 379, 388, 389, 425, 454, 458, 463, 475, 487, 498, 499, 512, 530, 531, 532, 533, 534, 536, 573, 589, 596, 598, 601, 605, 617, 620, 624, 646, 653, 658, 660, 662, 668, 689, 694, 702, 724, 725, 745, 760, 775, 793, 809, 829, 838, 839, 877, 901, 903, 905, 910, 923]","[512, 1, 13, 14, 530, 531, 532, 533, 534, 536, 29, 54, 55, 56, 57, 58, 60, 573, 584, 589, 596, 598, 601, 605, 102, 617, 108, 620, 624, 118, 125, 127, 130, 134, 646, 653, 146, 658, 660, 149, 662, 153, 668, 175, 689, 182, 694, 187, 189, 702, 191, 197, 724, 725, 225, 230, 745, 238, 760, 775, 264, 265, 266, 793, 286, 808, 809, 302, 817, 317, 829, 838, 839, 336, 353, 354, 877, 366, 882, 379, 388, 389, 901, 903, 905, 910, 923, 425, 430, 454, 458, 463, 475, 487, 498, 499]",False,[],[],[],"[366, 817]","[108, 353, 430, 584, 808, 882]","[1, 13, 14, 29, 54, 55, 56, 57, 58, 60, 102, 118, 125, 127, 130, 134, 146, 149, 153, 175, 182, 187, 189, 191, 197, 225, 230, 238, 264, 265, 266, 286, 302, 317, 336, 354, 379, 388, 389, 425, 454, 458, 463, 475, 487, 498, 499, 512, 530, 531, 532, 533, 534, 536, 573, 589, 596, 598, 601, 605, 617, 620, 624, 646, 653, 658, 660, 662, 668, 689, 694, 702, 724, 725, 745, 760, 775, 793, 809, 829, 838, 839, 877, 901, 903, 905, 910, 923]","[1, 13, 14, 29, 54, 55, 56, 57, 58, 60, 102, 118, 125, 127, 130, 134, 146, 149, 153, 175, 182, 187, 189, 191, 197, 225, 230, 238, 264, 265, 266, 286, 302, 317, 336, 379, 388, 389, 425, 454, 458, 463, 475, 487, 498, 499, 512, 530, 531, 532, 533, 534, 536, 573, 589, 596, 598, 601, 605, 617, 620, 624, 646, 653, 658, 660, 662, 668, 689, 694, 702, 724, 725, 745, 760, 775, 793, 829, 838, 839, 877, 901, 903, 905, 910, 923]",0/6 successful match,False,,False,595,False,,1.0,True,Fast Stop ( Shell ),Shell
Williamsburg ( 87942 ) Fast Stop ( Shell ) scale ),575-894-1782 I-25 Exit 75 ( US 85 S ),<U+2610>,Williamsburg,87942,Fast Stop ( Shell ) scale ),575-894-1782,2016,Williamsburg,NM,Shell,( US 85 S ),I-25 Exit 75 ,Exit,75,False,,False,I-25,,,,,[],[],[],"[366, 817]",[],"[108, 353, 430, 584, 808, 882]","[1, 13, 14, 29, 54, 55, 56, 57, 58, 60, 102, 118, 125, 127, 130, 134, 146, 149, 153, 175, 182, 187, 189, 191, 197, 225, 230, 238, 264, 265, 266, 286, 302, 317, 336, 379, 388, 389, 425, 454, 458, 463, 475, 487, 498, 499, 512, 530, 531, 532, 533, 534, 536, 573, 589, 596, 598, 601, 605, 617, 620, 624, 646, 653, 658, 660, 662, 668, 689, 694, 702, 724, 725, 745, 760, 775, 793, 829, 838, 839, 877, 901, 903, 905, 910, 923]","[1, 13, 14, 29, 54, 55, 56, 57, 58, 60, 102, 118, 125, 127, 130, 134, 146, 149, 153, 175, 182, 187, 189, 191, 197, 225, 228, 230, 238, 264, 265, 266, 286, 302, 317, 336, 354, 379, 388, 389, 425, 454, 458, 463, 475, 487, 498, 499, 512, 530, 531, 532, 533, 534, 536, 573, 589, 596, 598, 601, 605, 617, 620, 624, 646, 653, 658, 660, 662, 668, 689, 692, 694, 702, 724, 725, 745, 760, 775, 793, 809, 829, 838, 839, 877, 901, 903, 905, 910, 923]","[512, 1, 13, 14, 530, 531, 532, 533, 534, 536, 29, 54, 55, 56, 57, 58, 60, 573, 584, 589, 596, 598, 601, 605, 102, 617, 108, 620, 624, 118, 125, 127, 130, 134, 646, 653, 146, 658, 660, 149, 662, 153, 668, 175, 689, 692, 182, 694, 187, 189, 702, 191, 197, 724, 725, 225, 228, 230, 745, 238, 760, 775, 264, 265, 266, 793, 286, 808, 809, 302, 817, 317, 829, 838, 839, 336, 353, 354, 877, 366, 882, 379, 388, 389, 901, 903, 905, 910, 923, 425, 430, 454, 458, 463, 475, 487, 498, 499]",False,[],[],[],"[366, 817]","[108, 353, 430, 584, 808, 882]","[1, 13, 14, 29, 54, 55, 56, 57, 58, 60, 102, 118, 125, 127, 130, 134, 146, 149, 153, 175, 182, 187, 189, 191, 197, 225, 228, 230, 238, 264, 265, 266, 286, 302, 317, 336, 354, 379, 388, 389, 425, 454, 458, 463, 475, 487, 498, 499, 512, 530, 531, 532, 533, 534, 536, 573, 589, 596, 598, 601, 605, 617, 620, 624, 646, 653, 658, 660, 662, 668, 689, 692, 694, 702, 724, 725, 745, 760, 775, 793, 809, 829, 838, 839, 877, 901, 903, 905, 910, 923]","[1, 13, 14, 29, 54, 55, 56, 57, 58, 60, 102, 118, 125, 127, 130, 134, 146, 149, 153, 175, 182, 187, 189, 191, 197, 225, 230, 238, 264, 265, 266, 286, 302, 317, 336, 379, 388, 389, 425, 454, 458, 463, 475, 487, 498, 499, 512, 530, 531, 532, 533, 534, 536, 573, 589, 596, 598, 601, 605, 617, 620, 624, 646, 653, 658, 660, 662, 668, 689, 694, 702, 724, 725, 745, 760, 775, 793, 829, 838, 839, 877, 901, 903, 905, 910, 923]",0/6 successful match,False,,False,595,False,,0.7478260869565216,True,Fast Stop ( Shell ),Shell
"Las Cruces , 88004 Love's Travel Stop # 259",505-527-5102 I-10 Exit 132 ( Airport Rd ),- K 49 <U+2610>,Las Cruces,88004,Love's Travel Stop # 259,505-527-5102,2006,Las Cruces,NM,Love's,( Airport Rd ),I-10 Exit 132 ,Exit,132,False,,False,I-10,,,,,[],[],"[356, 363, 365, 367, 370, 375, 381, 391, 396, 811, 818, 820, 825, 831, 841, 846]",[],[],"[0, 5, 7, 10, 14, 19, 20, 22, 24, 32, 33, 34, 37, 38, 40, 44, 46, 48, 49, 51, 56, 61, 63, 65, 67, 68, 73, 74, 75, 76, 79, 81, 82, 83, 85, 87, 88, 92, 93, 95, 96, 99, 100, 101, 115, 116, 124, 134, 142, 161, 167, 169, 170, 186, 202, 240, 244, 254, 260, 267, 277, 300, 303, 307, 310, 322, 331, 376, 485, 491, 493, 495, 499, 503, 504, 506, 508, 515, 518, 519, 521, 524, 526, 528, 533, 537, 539, 542, 543, 547, 548, 549, 550, 551, 553, 554, 556, 558, 559, 563, 564, 566, 567, 570, 571, 572, 586, 587, 595, 605, 613, 633, 639, 640, 641, 657, 672, 704, 717, 726, 736, 759, 761, 765, 768, 780, 788, 792, 826]","[34, 35, 36, 37, 38, 39, 40, 41, 42, 43, 44, 45, 46, 47, 48, 201, 202, 203, 204, 205, 206, 207, 208, 209, 210, 211, 212, 213, 214, 215, 216, 355, 356, 357, 358, 359, 360, 361, 429, 430, 431, 432, 433, 434, 435, 515, 516, 517, 518, 519, 520, 521, 522, 523, 524, 525, 526, 527, 672, 673, 674, 675, 676, 677, 678, 679, 680, 681, 682, 683, 684, 810, 811, 812, 813, 814, 881, 882, 883, 884, 885, 886]","[32, 33, 34, 35, 36, 37, 38, 39, 40, 41, 42, 43, 44, 45, 46, 47, 48, 201, 202, 203, 204, 205, 206, 207, 208, 209, 210, 211, 212, 213, 214, 215, 216, 355, 356, 357, 358, 359, 360, 361, 429, 430, 431, 432, 433, 434, 435, 515, 516, 517, 518, 519, 520, 521, 522, 523, 524, 525, 526, 527, 672, 673, 674, 675, 676, 677, 678, 679, 680, 681, 682, 683, 684, 810, 811, 812, 813, 814, 881, 882, 883, 884, 885, 886]","[0, 515, 516, 5, 518, 7, 519, 521, 10, 517, 524, 520, 14, 526, 528, 522, 523, 19, 20, 533, 22, 527, 24, 537, 539, 542, 543, 32, 33, 34, 547, 548, 37, 38, 549, 40, 550, 551, 553, 44, 554, 46, 556, 48, 49, 558, 51, 559, 563, 564, 566, 56, 567, 570, 571, 572, 61, 63, 65, 67, 68, 73, 74, 75, 76, 586, 587, 79, 81, 82, 83, 595, 85, 525, 87, 88, 92, 93, 605, 95, 96, 99, 100, 101, 613, 115, 116, 633, 124, 639, 640, 641, 134, 142, 657, 672, 161, 673, 674, 675, 676, 677, 167, 678, 169, 170, 679, 680, 681, 682, 683, 684, 35, 36, 186, 704, 39, 201, 202, 203, 204, 717, 205, 41, 206, 207, 208, 209, 42, 210, 726, 211, 212, 43, 213, 214, 215, 216, 736, 45, 47, 240, 244, 759, 761, 765, 254, 768, 260, 267, 780, 788, 277, 792, 810, 811, 300, 812, 813, 303, 814, 818, 307, 820, 310, 825, 826, 831, 322, 841, 331, 846, 355, 356, 357, 358, 359, 360, 361, 363, 365, 367, 881, 370, 882, 883, 884, 885, 375, 376, 886, 381, 391, 396, 429, 430, 431, 432, 433, 434, 435, 485, 491, 493, 495, 499, 503, 504, 506, 508]",False,[],[],"[356, 363, 365, 367, 370, 375, 381, 391, 396, 811, 818, 820, 825, 831, 841, 846]",[],"[0, 5, 7, 10, 14, 19, 20, 22, 24, 32, 33, 34, 37, 38, 40, 44, 46, 48, 49, 51, 56, 61, 63, 65, 67, 68, 73, 74, 75, 76, 79, 81, 82, 83, 85, 87, 88, 92, 93, 95, 96, 99, 100, 101, 115, 116, 124, 134, 142, 161, 167, 169, 170, 186, 202, 240, 244, 254, 260, 267, 277, 300, 303, 307, 310, 322, 331, 376, 485, 491, 493, 495, 499, 503, 504, 506, 508, 515, 518, 519, 521, 524, 526, 528, 533, 537, 539, 542, 543, 547, 548, 549, 550, 551, 553, 554, 556, 558, 559, 563, 564, 566, 567, 570, 571, 572, 586, 587, 595, 605, 613, 633, 639, 640, 641, 657, 672, 704, 717, 726, 736, 759, 761, 765, 768, 780, 788, 792, 826]","[32, 33, 34, 35, 36, 37, 38, 39, 40, 41, 42, 43, 44, 45, 46, 47, 48, 201, 202, 203, 204, 205, 206, 207, 208, 209, 210, 211, 212, 213, 214, 215, 216, 355, 356, 357, 358, 359, 360, 361, 429, 430, 431, 432, 433, 434, 435, 515, 516, 517, 518, 519, 520, 521, 522, 523, 524, 525, 526, 527, 672, 673, 674, 675, 676, 677, 678, 679, 680, 681, 682, 683, 684, 810, 811, 812, 813, 814, 881, 882, 883, 884, 885, 886]","[34, 35, 36, 37, 38, 39, 40, 41, 42, 43, 44, 45, 46, 47, 48, 201, 202, 203, 204, 205, 206, 207, 208, 209, 210, 211, 212, 213, 214, 215, 216, 355, 356, 357, 358, 359, 360, 361, 429, 430, 431, 432, 433, 434, 435, 515, 516, 517, 518, 519, 520, 521, 522, 523, 524, 525, 526, 527, 672, 673, 674, 675, 676, 677, 678, 679, 680, 681, 682, 683, 684, 810, 811, 812, 813, 814, 881, 882, 883, 884, 885, 886]",0/6 successful match,False,,False,596,False,,,,,
"Las Cruces , 88004 Love's Travel Stop # 259",505-527-5102 I-10 Exit 132 ( Airport Rd ),24 HRS 489 S,Las Cruces,88004,Love's Travel Stop # 259,505-527-5102,2007,Las Cruces,NM,Love's,( Airport Rd ),I-10 Exit 132 ,Exit,132,False,,False,I-10,,,,,[],[],"[356, 363, 365, 367, 370, 375, 381, 391, 396, 811, 818, 820, 825, 831, 841, 846]",[],[],"[0, 5, 7, 10, 14, 19, 20, 22, 24, 32, 33, 34, 37, 38, 40, 44, 46, 48, 49, 51, 56, 61, 63, 65, 67, 68, 73, 74, 75, 76, 79, 81, 82, 83, 85, 87, 88, 92, 93, 95, 96, 99, 100, 101, 115, 116, 124, 134, 142, 161, 167, 169, 170, 186, 202, 240, 244, 254, 260, 267, 277, 300, 303, 307, 310, 322, 331, 376, 485, 491, 493, 495, 499, 503, 504, 506, 508, 515, 518, 519, 521, 524, 526, 528, 533, 537, 539, 542, 543, 547, 548, 549, 550, 551, 553, 554, 556, 558, 559, 563, 564, 566, 567, 570, 571, 572, 586, 587, 595, 605, 613, 633, 639, 640, 641, 657, 672, 704, 717, 726, 736, 759, 761, 765, 768, 780, 788, 792, 826]","[34, 35, 36, 37, 38, 39, 40, 41, 42, 43, 44, 45, 46, 47, 48, 201, 202, 203, 204, 205, 206, 207, 208, 209, 210, 211, 212, 213, 214, 215, 216, 355, 356, 357, 358, 359, 360, 361, 429, 430, 431, 432, 433, 434, 435, 515, 516, 517, 518, 519, 520, 521, 522, 523, 524, 525, 526, 527, 672, 673, 674, 675, 676, 677, 678, 679, 680, 681, 682, 683, 684, 810, 811, 812, 813, 814, 881, 882, 883, 884, 885, 886]","[32, 33, 34, 35, 36, 37, 38, 39, 40, 41, 42, 43, 44, 45, 46, 47, 48, 201, 202, 203, 204, 205, 206, 207, 208, 209, 210, 211, 212, 213, 214, 215, 216, 355, 356, 357, 358, 359, 360, 361, 429, 430, 431, 432, 433, 434, 435, 515, 516, 517, 518, 519, 520, 521, 522, 523, 524, 525, 526, 527, 672, 673, 674, 675, 676, 677, 678, 679, 680, 681, 682, 683, 684, 810, 811, 812, 813, 814, 881, 882, 883, 884, 885, 886]","[0, 515, 516, 5, 518, 7, 519, 521, 10, 517, 524, 520, 14, 526, 528, 522, 523, 19, 20, 533, 22, 527, 24, 537, 539, 542, 543, 32, 33, 34, 547, 548, 37, 38, 549, 40, 550, 551, 553, 44, 554, 46, 556, 48, 49, 558, 51, 559, 563, 564, 566, 56, 567, 570, 571, 572, 61, 63, 65, 67, 68, 73, 74, 75, 76, 586, 587, 79, 81, 82, 83, 595, 85, 525, 87, 88, 92, 93, 605, 95, 96, 99, 100, 101, 613, 115, 116, 633, 124, 639, 640, 641, 134, 142, 657, 672, 161, 673, 674, 675, 676, 677, 167, 678, 169, 170, 679, 680, 681, 682, 683, 684, 35, 36, 186, 704, 39, 201, 202, 203, 204, 717, 205, 41, 206, 207, 208, 209, 42, 210, 726, 211, 212, 43, 213, 214, 215, 216, 736, 45, 47, 240, 244, 759, 761, 765, 254, 768, 260, 267, 780, 788, 277, 792, 810, 811, 300, 812, 813, 303, 814, 818, 307, 820, 310, 825, 826, 831, 322, 841, 331, 846, 355, 356, 357, 358, 359, 360, 361, 363, 365, 367, 881, 370, 882, 883, 884, 885, 375, 376, 886, 381, 391, 396, 429, 430, 431, 432, 433, 434, 435, 485, 491, 493, 495, 499, 503, 504, 506, 508]",False,[],[],"[356, 363, 365, 367, 370, 375, 381, 391, 396, 811, 818, 820, 825, 831, 841, 846]",[],"[0, 5, 7, 10, 14, 19, 20, 22, 24, 32, 33, 34, 37, 38, 40, 44, 46, 48, 49, 51, 56, 61, 63, 65, 67, 68, 73, 74, 75, 76, 79, 81, 82, 83, 85, 87, 88, 92, 93, 95, 96, 99, 100, 101, 115, 116, 124, 134, 142, 161, 167, 169, 170, 186, 202, 240, 244, 254, 260, 267, 277, 300, 303, 307, 310, 322, 331, 376, 485, 491, 493, 495, 499, 503, 504, 506, 508, 515, 518, 519, 521, 524, 526, 528, 533, 537, 539, 542, 543, 547, 548, 549, 550, 551, 553, 554, 556, 558, 559, 563, 564, 566, 567, 570, 571, 572, 586, 587, 595, 605, 613, 633, 639, 640, 641, 657, 672, 704, 717, 726, 736, 759, 761, 765, 768, 780, 788, 792, 826]","[32, 33, 34, 35, 36, 37, 38, 39, 40, 41, 42, 43, 44, 45, 46, 47, 48, 201, 202, 203, 204, 205, 206, 207, 208, 209, 210, 211, 212, 213, 214, 215, 216, 355, 356, 357, 358, 359, 360, 361, 429, 430, 431, 432, 433, 434, 435, 515, 516, 517, 518, 519, 520, 521, 522, 523, 524, 525, 526, 527, 672, 673, 674, 675, 676, 677, 678, 679, 680, 681, 682, 683, 684, 810, 811, 812, 813, 814, 881, 882, 883, 884, 885, 886]","[34, 35, 36, 37, 38, 39, 40, 41, 42, 43, 44, 45, 46, 47, 48, 201, 202, 203, 204, 205, 206, 207, 208, 209, 210, 211, 212, 213, 214, 215, 216, 355, 356, 357, 358, 359, 360, 361, 429, 430, 431, 432, 433, 434, 435, 515, 516, 517, 518, 519, 520, 521, 522, 523, 524, 525, 526, 527, 672, 673, 674, 675, 676, 677, 678, 679, 680, 681, 682, 683, 684, 810, 811, 812, 813, 814, 881, 882, 883, 884, 885, 886]",0/6 successful match,False,,False,596,False,,1.0,True,Love's Travel Stop # 259,Love's
"Las Cruces , 88004 Love's Travel Stop # 259",3 505-527-5102 I-10 Exit 132 ( Airport Rd ),24 S,Las Cruces,88004,Love's Travel Stop # 259,505-527-5102,2008,Las Cruces,NM,Love's,( Airport Rd ),I-10 Exit 132 ,Exit,132,False,,False,I-10,,,,,[],[],"[356, 363, 365, 367, 370, 375, 381, 391, 396, 811, 818, 820, 825, 831, 841, 846]",[],[],"[0, 5, 7, 10, 14, 19, 20, 22, 24, 32, 33, 34, 37, 38, 40, 44, 46, 48, 49, 51, 56, 61, 63, 65, 67, 68, 73, 74, 75, 76, 79, 81, 82, 83, 85, 87, 88, 92, 93, 95, 96, 99, 100, 101, 115, 116, 124, 134, 142, 161, 167, 169, 170, 186, 202, 240, 244, 254, 260, 267, 277, 300, 303, 307, 310, 322, 331, 376, 485, 491, 493, 495, 499, 503, 504, 506, 508, 515, 518, 519, 521, 524, 526, 528, 533, 537, 539, 542, 543, 547, 548, 549, 550, 551, 553, 554, 556, 558, 559, 563, 564, 566, 567, 570, 571, 572, 586, 587, 595, 605, 613, 633, 639, 640, 641, 657, 672, 704, 717, 726, 736, 759, 761, 765, 768, 780, 788, 792, 826]","[34, 35, 36, 37, 38, 39, 40, 41, 42, 43, 44, 45, 46, 47, 48, 201, 202, 203, 204, 205, 206, 207, 208, 209, 210, 211, 212, 213, 214, 215, 216, 355, 356, 357, 358, 359, 360, 361, 429, 430, 431, 432, 433, 434, 435, 515, 516, 517, 518, 519, 520, 521, 522, 523, 524, 525, 526, 527, 672, 673, 674, 675, 676, 677, 678, 679, 680, 681, 682, 683, 684, 810, 811, 812, 813, 814, 881, 882, 883, 884, 885, 886]","[32, 33, 34, 35, 36, 37, 38, 39, 40, 41, 42, 43, 44, 45, 46, 47, 48, 201, 202, 203, 204, 205, 206, 207, 208, 209, 210, 211, 212, 213, 214, 215, 216, 355, 356, 357, 358, 359, 360, 361, 429, 430, 431, 432, 433, 434, 435, 515, 516, 517, 518, 519, 520, 521, 522, 523, 524, 525, 526, 527, 672, 673, 674, 675, 676, 677, 678, 679, 680, 681, 682, 683, 684, 810, 811, 812, 813, 814, 881, 882, 883, 884, 885, 886]","[0, 515, 516, 5, 518, 7, 519, 521, 10, 517, 524, 520, 14, 526, 528, 522, 523, 19, 20, 533, 22, 527, 24, 537, 539, 542, 543, 32, 33, 34, 547, 548, 37, 38, 549, 40, 550, 551, 553, 44, 554, 46, 556, 48, 49, 558, 51, 559, 563, 564, 566, 56, 567, 570, 571, 572, 61, 63, 65, 67, 68, 73, 74, 75, 76, 586, 587, 79, 81, 82, 83, 595, 85, 525, 87, 88, 92, 93, 605, 95, 96, 99, 100, 101, 613, 115, 116, 633, 124, 639, 640, 641, 134, 142, 657, 672, 161, 673, 674, 675, 676, 677, 167, 678, 169, 170, 679, 680, 681, 682, 683, 684, 35, 36, 186, 704, 39, 201, 202, 203, 204, 717, 205, 41, 206, 207, 208, 209, 42, 210, 726, 211, 212, 43, 213, 214, 215, 216, 736, 45, 47, 240, 244, 759, 761, 765, 254, 768, 260, 267, 780, 788, 277, 792, 810, 811, 300, 812, 813, 303, 814, 818, 307, 820, 310, 825, 826, 831, 322, 841, 331, 846, 355, 356, 357, 358, 359, 360, 361, 363, 365, 367, 881, 370, 882, 883, 884, 885, 375, 376, 886, 381, 391, 396, 429, 430, 431, 432, 433, 434, 435, 485, 491, 493, 495, 499, 503, 504, 506, 508]",False,[],[],"[356, 363, 365, 367, 370, 375, 381, 391, 396, 811, 818, 820, 825, 831, 841, 846]",[],"[0, 5, 7, 10, 14, 19, 20, 22, 24, 32, 33, 34, 37, 38, 40, 44, 46, 48, 49, 51, 56, 61, 63, 65, 67, 68, 73, 74, 75, 76, 79, 81, 82, 83, 85, 87, 88, 92, 93, 95, 96, 99, 100, 101, 115, 116, 124, 134, 142, 161, 167, 169, 170, 186, 202, 240, 244, 254, 260, 267, 277, 300, 303, 307, 310, 322, 331, 376, 485, 491, 493, 495, 499, 503, 504, 506, 508, 515, 518, 519, 521, 524, 526, 528, 533, 537, 539, 542, 543, 547, 548, 549, 550, 551, 553, 554, 556, 558, 559, 563, 564, 566, 567, 570, 571, 572, 586, 587, 595, 605, 613, 633, 639, 640, 641, 657, 672, 704, 717, 726, 736, 759, 761, 765, 768, 780, 788, 792, 826]","[32, 33, 34, 35, 36, 37, 38, 39, 40, 41, 42, 43, 44, 45, 46, 47, 48, 201, 202, 203, 204, 205, 206, 207, 208, 209, 210, 211, 212, 213, 214, 215, 216, 355, 356, 357, 358, 359, 360, 361, 429, 430, 431, 432, 433, 434, 435, 515, 516, 517, 518, 519, 520, 521, 522, 523, 524, 525, 526, 527, 672, 673, 674, 675, 676, 677, 678, 679, 680, 681, 682, 683, 684, 810, 811, 812, 813, 814, 881, 882, 883, 884, 885, 886]","[34, 35, 36, 37, 38, 39, 40, 41, 42, 43, 44, 45, 46, 47, 48, 201, 202, 203, 204, 205, 206, 207, 208, 209, 210, 211, 212, 213, 214, 215, 216, 355, 356, 357, 358, 359, 360, 361, 429, 430, 431, 432, 433, 434, 435, 515, 516, 517, 518, 519, 520, 521, 522, 523, 524, 525, 526, 527, 672, 673, 674, 675, 676, 677, 678, 679, 680, 681, 682, 683, 684, 810, 811, 812, 813, 814, 881, 882, 883, 884, 885, 886]",0/6 successful match,False,,False,596,False,,1.0,True,Love's Travel Stop # 259,Love's
H Las Cruces ( 88004 ) Love's Travel Stop # 259,3 575-527-5102 I-10 Exit 132 ( Airport Rd ),124 <U+2610> MO <U+2610>,Las Cruces,88004,Love's Travel Stop # 259,575-527-5102,2014,Las Cruces,NM,Love's,( Airport Rd ),I-10 Exit 132 ,Exit,132,False,,False,I-10,,,,,[],[],"[356, 363, 365, 367, 370, 375, 381, 391, 396, 811, 818, 820, 825, 831, 841, 846]",[],[],"[0, 5, 7, 10, 14, 19, 20, 22, 24, 32, 33, 34, 37, 38, 40, 44, 46, 48, 49, 51, 56, 61, 63, 65, 67, 68, 73, 74, 75, 76, 79, 81, 82, 83, 85, 87, 88, 92, 93, 95, 96, 99, 100, 101, 115, 116, 124, 134, 142, 161, 167, 169, 170, 186, 202, 240, 244, 254, 260, 267, 277, 300, 303, 307, 310, 322, 331, 376, 485, 491, 493, 495, 499, 503, 504, 506, 508, 515, 518, 519, 521, 524, 526, 528, 533, 537, 539, 542, 543, 547, 548, 549, 550, 551, 553, 554, 556, 558, 559, 563, 564, 566, 567, 570, 571, 572, 586, 587, 595, 605, 613, 633, 639, 640, 641, 657, 672, 704, 717, 726, 736, 759, 761, 765, 768, 780, 788, 792, 826]","[34, 35, 36, 37, 38, 39, 40, 41, 42, 43, 44, 45, 46, 47, 48, 201, 202, 203, 204, 205, 206, 207, 208, 209, 210, 211, 212, 213, 214, 215, 216, 355, 356, 357, 358, 359, 360, 361, 429, 430, 431, 432, 433, 434, 435, 515, 516, 517, 518, 519, 520, 521, 522, 523, 524, 525, 526, 527, 672, 673, 674, 675, 676, 677, 678, 679, 680, 681, 682, 683, 684, 810, 811, 812, 813, 814, 881, 882, 883, 884, 885, 886]","[32, 33, 34, 35, 36, 37, 38, 39, 40, 41, 42, 43, 44, 45, 46, 47, 48, 201, 202, 203, 204, 205, 206, 207, 208, 209, 210, 211, 212, 213, 214, 215, 216, 355, 356, 357, 358, 359, 360, 361, 429, 430, 431, 432, 433, 434, 435, 515, 516, 517, 518, 519, 520, 521, 522, 523, 524, 525, 526, 527, 672, 673, 674, 675, 676, 677, 678, 679, 680, 681, 682, 683, 684, 810, 811, 812, 813, 814, 881, 882, 883, 884, 885, 886]","[0, 515, 516, 5, 518, 7, 519, 521, 10, 517, 524, 520, 14, 526, 528, 522, 523, 19, 20, 533, 22, 527, 24, 537, 539, 542, 543, 32, 33, 34, 547, 548, 37, 38, 549, 40, 550, 551, 553, 44, 554, 46, 556, 48, 49, 558, 51, 559, 563, 564, 566, 56, 567, 570, 571, 572, 61, 63, 65, 67, 68, 73, 74, 75, 76, 586, 587, 79, 81, 82, 83, 595, 85, 525, 87, 88, 92, 93, 605, 95, 96, 99, 100, 101, 613, 115, 116, 633, 124, 639, 640, 641, 134, 142, 657, 672, 161, 673, 674, 675, 676, 677, 167, 678, 169, 170, 679, 680, 681, 682, 683, 684, 35, 36, 186, 704, 39, 201, 202, 203, 204, 717, 205, 41, 206, 207, 208, 209, 42, 210, 726, 211, 212, 43, 213, 214, 215, 216, 736, 45, 47, 240, 244, 759, 761, 765, 254, 768, 260, 267, 780, 788, 277, 792, 810, 811, 300, 812, 813, 303, 814, 818, 307, 820, 310, 825, 826, 831, 322, 841, 331, 846, 355, 356, 357, 358, 359, 360, 361, 363, 365, 367, 881, 370, 882, 883, 884, 885, 375, 376, 886, 381, 391, 396, 429, 430, 431, 432, 433, 434, 435, 485, 491, 493, 495, 499, 503, 504, 506, 508]",False,[],[],"[356, 363, 365, 367, 370, 375, 381, 391, 396, 811, 818, 820, 825, 831, 841, 846]",[],"[0, 5, 7, 10, 14, 19, 20, 22, 24, 32, 33, 34, 37, 38, 40, 44, 46, 48, 49, 51, 56, 61, 63, 65, 67, 68, 73, 74, 75, 76, 79, 81, 82, 83, 85, 87, 88, 92, 93, 95, 96, 99, 100, 101, 115, 116, 124, 134, 142, 161, 167, 169, 170, 186, 202, 240, 244, 254, 260, 267, 277, 300, 303, 307, 310, 322, 331, 376, 485, 491, 493, 495, 499, 503, 504, 506, 508, 515, 518, 519, 521, 524, 526, 528, 533, 537, 539, 542, 543, 547, 548, 549, 550, 551, 553, 554, 556, 558, 559, 563, 564, 566, 567, 570, 571, 572, 586, 587, 595, 605, 613, 633, 639, 640, 641, 657, 672, 704, 717, 726, 736, 759, 761, 765, 768, 780, 788, 792, 826]","[32, 33, 34, 35, 36, 37, 38, 39, 40, 41, 42, 43, 44, 45, 46, 47, 48, 201, 202, 203, 204, 205, 206, 207, 208, 209, 210, 211, 212, 213, 214, 215, 216, 355, 356, 357, 358, 359, 360, 361, 429, 430, 431, 432, 433, 434, 435, 515, 516, 517, 518, 519, 520, 521, 522, 523, 524, 525, 526, 527, 672, 673, 674, 675, 676, 677, 678, 679, 680, 681, 682, 683, 684, 810, 811, 812, 813, 814, 881, 882, 883, 884, 885, 886]","[34, 35, 36, 37, 38, 39, 40, 41, 42, 43, 44, 45, 46, 47, 48, 201, 202, 203, 204, 205, 206, 207, 208, 209, 210, 211, 212, 213, 214, 215, 216, 355, 356, 357, 358, 359, 360, 361, 429, 430, 431, 432, 433, 434, 435, 515, 516, 517, 518, 519, 520, 521, 522, 523, 524, 525, 526, 527, 672, 673, 674, 675, 676, 677, 678, 679, 680, 681, 682, 683, 684, 810, 811, 812, 813, 814, 881, 882, 883, 884, 885, 886]",0/6 successful match,False,,False,596,False,,1.0,True,Love's Travel Stop # 259,Love's
Las Cruces ( 88004 ) Love's Travel Stop # 259,575-527-5102 I-10 Exit 132 ( Airport Rd ),24 <U+2610> MOO <U+25A1>,Las Cruces,88004,Love's Travel Stop # 259,575-527-5102,2015,Las Cruces,NM,Love's,( Airport Rd ),I-10 Exit 132 ,Exit,132,False,,False,I-10,,,,,[],[],"[356, 363, 365, 367, 370, 375, 381, 391, 396, 811, 818, 820, 825, 831, 841, 846]",[],[],"[0, 5, 7, 10, 14, 19, 20, 22, 24, 32, 33, 34, 37, 38, 40, 44, 46, 48, 49, 51, 56, 61, 63, 65, 67, 68, 73, 74, 75, 76, 79, 81, 82, 83, 85, 87, 88, 92, 93, 95, 96, 99, 100, 101, 115, 116, 124, 134, 142, 161, 167, 169, 170, 186, 202, 240, 244, 254, 260, 267, 277, 300, 303, 307, 310, 322, 331, 376, 485, 491, 493, 495, 499, 503, 504, 506, 508, 515, 518, 519, 521, 524, 526, 528, 533, 537, 539, 542, 543, 547, 548, 549, 550, 551, 553, 554, 556, 558, 559, 563, 564, 566, 567, 570, 571, 572, 586, 587, 595, 605, 613, 633, 639, 640, 641, 657, 672, 704, 717, 726, 736, 759, 761, 765, 768, 780, 788, 792, 826]","[34, 35, 36, 37, 38, 39, 40, 41, 42, 43, 44, 45, 46, 47, 48, 201, 202, 203, 204, 205, 206, 207, 208, 209, 210, 211, 212, 213, 214, 215, 216, 355, 356, 357, 358, 359, 360, 361, 429, 430, 431, 432, 433, 434, 435, 515, 516, 517, 518, 519, 520, 521, 522, 523, 524, 525, 526, 527, 672, 673, 674, 675, 676, 677, 678, 679, 680, 681, 682, 683, 684, 810, 811, 812, 813, 814, 881, 882, 883, 884, 885, 886]","[32, 33, 34, 35, 36, 37, 38, 39, 40, 41, 42, 43, 44, 45, 46, 47, 48, 201, 202, 203, 204, 205, 206, 207, 208, 209, 210, 211, 212, 213, 214, 215, 216, 355, 356, 357, 358, 359, 360, 361, 429, 430, 431, 432, 433, 434, 435, 515, 516, 517, 518, 519, 520, 521, 522, 523, 524, 525, 526, 527, 672, 673, 674, 675, 676, 677, 678, 679, 680, 681, 682, 683, 684, 810, 811, 812, 813, 814, 881, 882, 883, 884, 885, 886]","[0, 515, 516, 5, 518, 7, 519, 521, 10, 517, 524, 520, 14, 526, 528, 522, 523, 19, 20, 533, 22, 527, 24, 537, 539, 542, 543, 32, 33, 34, 547, 548, 37, 38, 549, 40, 550, 551, 553, 44, 554, 46, 556, 48, 49, 558, 51, 559, 563, 564, 566, 56, 567, 570, 571, 572, 61, 63, 65, 67, 68, 73, 74, 75, 76, 586, 587, 79, 81, 82, 83, 595, 85, 525, 87, 88, 92, 93, 605, 95, 96, 99, 100, 101, 613, 115, 116, 633, 124, 639, 640, 641, 134, 142, 657, 672, 161, 673, 674, 675, 676, 677, 167, 678, 169, 170, 679, 680, 681, 682, 683, 684, 35, 36, 186, 704, 39, 201, 202, 203, 204, 717, 205, 41, 206, 207, 208, 209, 42, 210, 726, 211, 212, 43, 213, 214, 215, 216, 736, 45, 47, 240, 244, 759, 761, 765, 254, 768, 260, 267, 780, 788, 277, 792, 810, 811, 300, 812, 813, 303, 814, 818, 307, 820, 310, 825, 826, 831, 322, 841, 331, 846, 355, 356, 357, 358, 359, 360, 361, 363, 365, 367, 881, 370, 882, 883, 884, 885, 375, 376, 886, 381, 391, 396, 429, 430, 431, 432, 433, 434, 435, 485, 491, 493, 495, 499, 503, 504, 506, 508]",False,[],[],"[356, 363, 365, 367, 370, 375, 381, 391, 396, 811, 818, 820, 825, 831, 841, 846]",[],"[0, 5, 7, 10, 14, 19, 20, 22, 24, 32, 33, 34, 37, 38, 40, 44, 46, 48, 49, 51, 56, 61, 63, 65, 67, 68, 73, 74, 75, 76, 79, 81, 82, 83, 85, 87, 88, 92, 93, 95, 96, 99, 100, 101, 115, 116, 124, 134, 142, 161, 167, 169, 170, 186, 202, 240, 244, 254, 260, 267, 277, 300, 303, 307, 310, 322, 331, 376, 485, 491, 493, 495, 499, 503, 504, 506, 508, 515, 518, 519, 521, 524, 526, 528, 533, 537, 539, 542, 543, 547, 548, 549, 550, 551, 553, 554, 556, 558, 559, 563, 564, 566, 567, 570, 571, 572, 586, 587, 595, 605, 613, 633, 639, 640, 641, 657, 672, 704, 717, 726, 736, 759, 761, 765, 768, 780, 788, 792, 826]","[32, 33, 34, 35, 36, 37, 38, 39, 40, 41, 42, 43, 44, 45, 46, 47, 48, 201, 202, 203, 204, 205, 206, 207, 208, 209, 210, 211, 212, 213, 214, 215, 216, 355, 356, 357, 358, 359, 360, 361, 429, 430, 431, 432, 433, 434, 435, 515, 516, 517, 518, 519, 520, 521, 522, 523, 524, 525, 526, 527, 672, 673, 674, 675, 676, 677, 678, 679, 680, 681, 682, 683, 684, 810, 811, 812, 813, 814, 881, 882, 883, 884, 885, 886]","[34, 35, 36, 37, 38, 39, 40, 41, 42, 43, 44, 45, 46, 47, 48, 201, 202, 203, 204, 205, 206, 207, 208, 209, 210, 211, 212, 213, 214, 215, 216, 355, 356, 357, 358, 359, 360, 361, 429, 430, 431, 432, 433, 434, 435, 515, 516, 517, 518, 519, 520, 521, 522, 523, 524, 525, 526, 527, 672, 673, 674, 675, 676, 677, 678, 679, 680, 681, 682, 683, 684, 810, 811, 812, 813, 814, 881, 882, 883, 884, 885, 886]",0/6 successful match,False,,False,596,False,,1.0,True,Love's Travel Stop # 259,Love's
Las Cruces ( 88004 ) Love's Travel Stop # 259,575-527-5102 I-10 Exit 132 ( S ),24 <U+2610> MO 24,Las Cruces,88004,Love's Travel Stop # 259,575-527-5102,2016,Las Cruces,NM,Love's,( S ),I-10 Exit 132 ,Exit,132,False,,False,I-10,,,,,[],[],"[356, 363, 365, 367, 370, 375, 381, 391, 396, 811, 818, 820, 825, 831, 841, 846]",[],[],"[0, 5, 7, 10, 14, 19, 20, 22, 24, 32, 33, 34, 37, 38, 40, 44, 46, 48, 49, 51, 56, 61, 63, 65, 67, 68, 73, 74, 75, 76, 79, 81, 82, 83, 85, 87, 88, 92, 93, 95, 96, 99, 100, 101, 115, 116, 124, 134, 142, 161, 167, 169, 170, 186, 202, 240, 244, 254, 260, 267, 277, 300, 303, 307, 310, 322, 331, 376, 485, 491, 493, 495, 499, 503, 504, 506, 508, 515, 518, 519, 521, 524, 526, 528, 533, 537, 539, 542, 543, 547, 548, 549, 550, 551, 553, 554, 556, 558, 559, 563, 564, 566, 567, 570, 571, 572, 586, 587, 595, 605, 613, 633, 639, 640, 641, 657, 672, 704, 717, 726, 736, 759, 761, 765, 768, 780, 788, 792, 826]","[34, 35, 36, 37, 38, 39, 40, 41, 42, 43, 44, 45, 46, 47, 48, 201, 202, 203, 204, 205, 206, 207, 208, 209, 210, 211, 212, 213, 214, 215, 216, 355, 356, 357, 358, 359, 360, 361, 429, 430, 431, 432, 433, 434, 435, 515, 516, 517, 518, 519, 520, 521, 522, 523, 524, 525, 526, 527, 672, 673, 674, 675, 676, 677, 678, 679, 680, 681, 682, 683, 684, 810, 811, 812, 813, 814, 881, 882, 883, 884, 885, 886]","[32, 33, 34, 35, 36, 37, 38, 39, 40, 41, 42, 43, 44, 45, 46, 47, 48, 201, 202, 203, 204, 205, 206, 207, 208, 209, 210, 211, 212, 213, 214, 215, 216, 355, 356, 357, 358, 359, 360, 361, 429, 430, 431, 432, 433, 434, 435, 515, 516, 517, 518, 519, 520, 521, 522, 523, 524, 525, 526, 527, 672, 673, 674, 675, 676, 677, 678, 679, 680, 681, 682, 683, 684, 810, 811, 812, 813, 814, 881, 882, 883, 884, 885, 886]","[0, 515, 516, 5, 518, 7, 519, 521, 10, 517, 524, 520, 14, 526, 528, 522, 523, 19, 20, 533, 22, 527, 24, 537, 539, 542, 543, 32, 33, 34, 547, 548, 37, 38, 549, 40, 550, 551, 553, 44, 554, 46, 556, 48, 49, 558, 51, 559, 563, 564, 566, 56, 567, 570, 571, 572, 61, 63, 65, 67, 68, 73, 74, 75, 76, 586, 587, 79, 81, 82, 83, 595, 85, 525, 87, 88, 92, 93, 605, 95, 96, 99, 100, 101, 613, 115, 116, 633, 124, 639, 640, 641, 134, 142, 657, 672, 161, 673, 674, 675, 676, 677, 167, 678, 169, 170, 679, 680, 681, 682, 683, 684, 35, 36, 186, 704, 39, 201, 202, 203, 204, 717, 205, 41, 206, 207, 208, 209, 42, 210, 726, 211, 212, 43, 213, 214, 215, 216, 736, 45, 47, 240, 244, 759, 761, 765, 254, 768, 260, 267, 780, 788, 277, 792, 810, 811, 300, 812, 813, 303, 814, 818, 307, 820, 310, 825, 826, 831, 322, 841, 331, 846, 355, 356, 357, 358, 359, 360, 361, 363, 365, 367, 881, 370, 882, 883, 884, 885, 375, 376, 886, 381, 391, 396, 429, 430, 431, 432, 433, 434, 435, 485, 491, 493, 495, 499, 503, 504, 506, 508]",False,[],[],"[356, 363, 365, 367, 370, 375, 381, 391, 396, 811, 818, 820, 825, 831, 841, 846]",[],"[0, 5, 7, 10, 14, 19, 20, 22, 24, 32, 33, 34, 37, 38, 40, 44, 46, 48, 49, 51, 56, 61, 63, 65, 67, 68, 73, 74, 75, 76, 79, 81, 82, 83, 85, 87, 88, 92, 93, 95, 96, 99, 100, 101, 115, 116, 124, 134, 142, 161, 167, 169, 170, 186, 202, 240, 244, 254, 260, 267, 277, 300, 303, 307, 310, 322, 331, 376, 485, 491, 493, 495, 499, 503, 504, 506, 508, 515, 518, 519, 521, 524, 526, 528, 533, 537, 539, 542, 543, 547, 548, 549, 550, 551, 553, 554, 556, 558, 559, 563, 564, 566, 567, 570, 571, 572, 586, 587, 595, 605, 613, 633, 639, 640, 641, 657, 672, 704, 717, 726, 736, 759, 761, 765, 768, 780, 788, 792, 826]","[32, 33, 34, 35, 36, 37, 38, 39, 40, 41, 42, 43, 44, 45, 46, 47, 48, 201, 202, 203, 204, 205, 206, 207, 208, 209, 210, 211, 212, 213, 214, 215, 216, 355, 356, 357, 358, 359, 360, 361, 429, 430, 431, 432, 433, 434, 435, 515, 516, 517, 518, 519, 520, 521, 522, 523, 524, 525, 526, 527, 672, 673, 674, 675, 676, 677, 678, 679, 680, 681, 682, 683, 684, 810, 811, 812, 813, 814, 881, 882, 883, 884, 885, 886]","[34, 35, 36, 37, 38, 39, 40, 41, 42, 43, 44, 45, 46, 47, 48, 201, 202, 203, 204, 205, 206, 207, 208, 209, 210, 211, 212, 213, 214, 215, 216, 355, 356, 357, 358, 359, 360, 361, 429, 430, 431, 432, 433, 434, 435, 515, 516, 517, 518, 519, 520, 521, 522, 523, 524, 525, 526, 527, 672, 673, 674, 675, 676, 677, 678, 679, 680, 681, 682, 683, 684, 810, 811, 812, 813, 814, 881, 882, 883, 884, 885, 886]",0/6 successful match,False,,False,596,False,,1.0,True,Love's Travel Stop # 259,Love's
"Las Cruces , 88005 Pilot Travel Center # 266",505-523-2700 I-10 Exit 139 ( NM 292 N ),<U+2610> <U+2610> MU,Las Cruces,88005,Pilot Travel Center # 266,505-523-2700,2006,Las Cruces,NM,Pilot,( NM 292 N ),I-10 Exit 139 ,Exit,139,False,,False,I-10,,,,,[],[],"[356, 363, 365, 367, 370, 375, 381, 391, 396, 811, 818, 820, 825, 831, 841, 846]","[14, 83, 499, 554]",[],"[0, 5, 7, 10, 14, 19, 20, 22, 24, 32, 33, 34, 37, 38, 40, 44, 46, 48, 49, 51, 56, 61, 63, 65, 67, 68, 73, 74, 75, 76, 79, 81, 82, 83, 85, 87, 88, 92, 93, 95, 96, 99, 100, 101, 115, 116, 124, 134, 142, 161, 167, 169, 170, 186, 202, 240, 244, 254, 260, 267, 277, 300, 303, 307, 310, 322, 331, 376, 485, 491, 493, 495, 499, 503, 504, 506, 508, 515, 518, 519, 521, 524, 526, 528, 533, 537, 539, 542, 543, 547, 548, 549, 550, 551, 553, 554, 556, 558, 559, 563, 564, 566, 567, 570, 571, 572, 586, 587, 595, 605, 613, 633, 639, 640, 641, 657, 672, 704, 717, 726, 736, 759, 761, 765, 768, 780, 788, 792, 826]","[15, 16, 65, 66, 67, 68, 69, 70, 71, 72, 73, 74, 75, 76, 80, 151, 245, 246, 247, 248, 249, 250, 251, 252, 253, 254, 255, 256, 257, 258, 259, 280, 340, 373, 374, 375, 376, 377, 459, 460, 461, 462, 500, 501, 539, 540, 541, 542, 543, 544, 545, 546, 547, 548, 549, 550, 552, 622, 708, 709, 710, 711, 712, 713, 714, 715, 716, 717, 718, 719, 720, 739, 796, 823, 824, 825, 826, 827, 906, 907, 908, 909]","[15, 16, 65, 66, 67, 68, 69, 70, 71, 72, 73, 74, 75, 76, 77, 78, 80, 151, 244, 245, 246, 247, 248, 249, 250, 251, 252, 253, 254, 255, 256, 257, 258, 259, 260, 280, 340, 373, 374, 375, 376, 377, 459, 460, 461, 462, 500, 501, 539, 540, 541, 542, 543, 544, 545, 546, 547, 548, 549, 550, 552, 622, 708, 709, 710, 711, 712, 713, 714, 715, 716, 717, 718, 719, 720, 739, 796, 823, 824, 825, 826, 827, 906, 907, 908, 909]","[0, 515, 5, 518, 7, 519, 521, 10, 524, 14, 526, 528, 15, 16, 19, 20, 533, 22, 24, 537, 539, 540, 541, 542, 543, 32, 33, 34, 547, 548, 37, 38, 549, 40, 550, 554, 551, 44, 553, 46, 556, 48, 49, 558, 51, 559, 563, 564, 566, 56, 567, 570, 571, 572, 61, 63, 65, 66, 67, 68, 69, 70, 71, 72, 73, 74, 75, 76, 586, 587, 79, 80, 81, 82, 83, 595, 85, 77, 87, 88, 92, 93, 605, 95, 96, 99, 100, 101, 613, 622, 115, 116, 633, 124, 639, 640, 641, 134, 142, 657, 151, 672, 161, 167, 169, 170, 544, 545, 186, 546, 704, 708, 709, 710, 711, 712, 713, 202, 714, 715, 717, 716, 718, 719, 720, 726, 552, 736, 739, 240, 244, 245, 246, 759, 247, 761, 248, 249, 250, 765, 254, 251, 768, 252, 253, 255, 260, 256, 257, 258, 259, 267, 780, 788, 277, 792, 280, 796, 811, 300, 303, 818, 307, 820, 310, 823, 824, 825, 826, 827, 831, 322, 841, 331, 846, 340, 356, 363, 365, 367, 370, 373, 374, 375, 376, 377, 381, 391, 78, 906, 907, 396, 908, 909, 459, 460, 461, 462, 485, 491, 493, 495, 499, 500, 501, 503, 504, 506, 508]",False,[],[],"[356, 363, 365, 367, 370, 375, 381, 391, 396, 811, 818, 820, 825, 831, 841, 846]","[14, 83, 499, 554]","[0, 5, 7, 10, 14, 19, 20, 22, 24, 32, 33, 34, 37, 38, 40, 44, 46, 48, 49, 51, 56, 61, 63, 65, 67, 68, 73, 74, 75, 76, 79, 81, 82, 83, 85, 87, 88, 92, 93, 95, 96, 99, 100, 101, 115, 116, 124, 134, 142, 161, 167, 169, 170, 186, 202, 240, 244, 254, 260, 267, 277, 300, 303, 307, 310, 322, 331, 376, 485, 491, 493, 495, 499, 503, 504, 506, 508, 515, 518, 519, 521, 524, 526, 528, 533, 537, 539, 542, 543, 547, 548, 549, 550, 551, 553, 554, 556, 558, 559, 563, 564, 566, 567, 570, 571, 572, 586, 587, 595, 605, 613, 633, 639, 640, 641, 657, 672, 704, 717, 726, 736, 759, 761, 765, 768, 780, 788, 792, 826]","[15, 16, 65, 66, 67, 68, 69, 70, 71, 72, 73, 74, 75, 76, 77, 78, 80, 151, 244, 245, 246, 247, 248, 249, 250, 251, 252, 253, 254, 255, 256, 257, 258, 259, 260, 280, 340, 373, 374, 375, 376, 377, 459, 460, 461, 462, 500, 501, 539, 540, 541, 542, 543, 544, 545, 546, 547, 548, 549, 550, 552, 622, 708, 709, 710, 711, 712, 713, 714, 715, 716, 717, 718, 719, 720, 739, 796, 823, 824, 825, 826, 827, 906, 907, 908, 909]","[15, 16, 65, 66, 67, 68, 69, 70, 71, 72, 73, 74, 75, 76, 80, 151, 245, 246, 247, 248, 249, 250, 251, 252, 253, 254, 255, 256, 257, 258, 259, 280, 340, 373, 374, 375, 376, 377, 459, 460, 461, 462, 500, 501, 539, 540, 541, 542, 543, 544, 545, 546, 547, 548, 549, 550, 552, 622, 708, 709, 710, 711, 712, 713, 714, 715, 716, 717, 718, 719, 720, 739, 796, 823, 824, 825, 826, 827, 906, 907, 908, 909]",0/6 successful match,False,,False,597,False,,,,,
"Las Cruces , 88005 Pilot Travel Center # 266",505-523-2700 I-10 Exit 139 ( NM 292 N ),HRS 24 MOO HRS,Las Cruces,88005,Pilot Travel Center # 266,505-523-2700,2007,Las Cruces,NM,Pilot,( NM 292 N ),I-10 Exit 139 ,Exit,139,False,,False,I-10,,,,,[],[],"[356, 363, 365, 367, 370, 375, 381, 391, 396, 811, 818, 820, 825, 831, 841, 846]","[14, 83, 499, 554]",[],"[0, 5, 7, 10, 14, 19, 20, 22, 24, 32, 33, 34, 37, 38, 40, 44, 46, 48, 49, 51, 56, 61, 63, 65, 67, 68, 73, 74, 75, 76, 79, 81, 82, 83, 85, 87, 88, 92, 93, 95, 96, 99, 100, 101, 115, 116, 124, 134, 142, 161, 167, 169, 170, 186, 202, 240, 244, 254, 260, 267, 277, 300, 303, 307, 310, 322, 331, 376, 485, 491, 493, 495, 499, 503, 504, 506, 508, 515, 518, 519, 521, 524, 526, 528, 533, 537, 539, 542, 543, 547, 548, 549, 550, 551, 553, 554, 556, 558, 559, 563, 564, 566, 567, 570, 571, 572, 586, 587, 595, 605, 613, 633, 639, 640, 641, 657, 672, 704, 717, 726, 736, 759, 761, 765, 768, 780, 788, 792, 826]","[15, 16, 65, 66, 67, 68, 69, 70, 71, 72, 73, 74, 75, 76, 80, 151, 245, 246, 247, 248, 249, 250, 251, 252, 253, 254, 255, 256, 257, 258, 259, 280, 340, 373, 374, 375, 376, 377, 459, 460, 461, 462, 500, 501, 539, 540, 541, 542, 543, 544, 545, 546, 547, 548, 549, 550, 552, 622, 708, 709, 710, 711, 712, 713, 714, 715, 716, 717, 718, 719, 720, 739, 796, 823, 824, 825, 826, 827, 906, 907, 908, 909]","[15, 16, 65, 66, 67, 68, 69, 70, 71, 72, 73, 74, 75, 76, 77, 78, 80, 151, 244, 245, 246, 247, 248, 249, 250, 251, 252, 253, 254, 255, 256, 257, 258, 259, 260, 280, 340, 373, 374, 375, 376, 377, 459, 460, 461, 462, 500, 501, 539, 540, 541, 542, 543, 544, 545, 546, 547, 548, 549, 550, 552, 622, 708, 709, 710, 711, 712, 713, 714, 715, 716, 717, 718, 719, 720, 739, 796, 823, 824, 825, 826, 827, 906, 907, 908, 909]","[0, 515, 5, 518, 7, 519, 521, 10, 524, 14, 526, 528, 15, 16, 19, 20, 533, 22, 24, 537, 539, 540, 541, 542, 543, 32, 33, 34, 547, 548, 37, 38, 549, 40, 550, 554, 551, 44, 553, 46, 556, 48, 49, 558, 51, 559, 563, 564, 566, 56, 567, 570, 571, 572, 61, 63, 65, 66, 67, 68, 69, 70, 71, 72, 73, 74, 75, 76, 586, 587, 79, 80, 81, 82, 83, 595, 85, 77, 87, 88, 92, 93, 605, 95, 96, 99, 100, 101, 613, 622, 115, 116, 633, 124, 639, 640, 641, 134, 142, 657, 151, 672, 161, 167, 169, 170, 544, 545, 186, 546, 704, 708, 709, 710, 711, 712, 713, 202, 714, 715, 717, 716, 718, 719, 720, 726, 552, 736, 739, 240, 244, 245, 246, 759, 247, 761, 248, 249, 250, 765, 254, 251, 768, 252, 253, 255, 260, 256, 257, 258, 259, 267, 780, 788, 277, 792, 280, 796, 811, 300, 303, 818, 307, 820, 310, 823, 824, 825, 826, 827, 831, 322, 841, 331, 846, 340, 356, 363, 365, 367, 370, 373, 374, 375, 376, 377, 381, 391, 78, 906, 907, 396, 908, 909, 459, 460, 461, 462, 485, 491, 493, 495, 499, 500, 501, 503, 504, 506, 508]",False,[],[],"[356, 363, 365, 367, 370, 375, 381, 391, 396, 811, 818, 820, 825, 831, 841, 846]","[14, 83, 499, 554]","[0, 5, 7, 10, 14, 19, 20, 22, 24, 32, 33, 34, 37, 38, 40, 44, 46, 48, 49, 51, 56, 61, 63, 65, 67, 68, 73, 74, 75, 76, 79, 81, 82, 83, 85, 87, 88, 92, 93, 95, 96, 99, 100, 101, 115, 116, 124, 134, 142, 161, 167, 169, 170, 186, 202, 240, 244, 254, 260, 267, 277, 300, 303, 307, 310, 322, 331, 376, 485, 491, 493, 495, 499, 503, 504, 506, 508, 515, 518, 519, 521, 524, 526, 528, 533, 537, 539, 542, 543, 547, 548, 549, 550, 551, 553, 554, 556, 558, 559, 563, 564, 566, 567, 570, 571, 572, 586, 587, 595, 605, 613, 633, 639, 640, 641, 657, 672, 704, 717, 726, 736, 759, 761, 765, 768, 780, 788, 792, 826]","[15, 16, 65, 66, 67, 68, 69, 70, 71, 72, 73, 74, 75, 76, 77, 78, 80, 151, 244, 245, 246, 247, 248, 249, 250, 251, 252, 253, 254, 255, 256, 257, 258, 259, 260, 280, 340, 373, 374, 375, 376, 377, 459, 460, 461, 462, 500, 501, 539, 540, 541, 542, 543, 544, 545, 546, 547, 548, 549, 550, 552, 622, 708, 709, 710, 711, 712, 713, 714, 715, 716, 717, 718, 719, 720, 739, 796, 823, 824, 825, 826, 827, 906, 907, 908, 909]","[15, 16, 65, 66, 67, 68, 69, 70, 71, 72, 73, 74, 75, 76, 80, 151, 245, 246, 247, 248, 249, 250, 251, 252, 253, 254, 255, 256, 257, 258, 259, 280, 340, 373, 374, 375, 376, 377, 459, 460, 461, 462, 500, 501, 539, 540, 541, 542, 543, 544, 545, 546, 547, 548, 549, 550, 552, 622, 708, 709, 710, 711, 712, 713, 714, 715, 716, 717, 718, 719, 720, 739, 796, 823, 824, 825, 826, 827, 906, 907, 908, 909]",0/6 successful match,False,,False,597,False,,1.0,True,Pilot Travel Center # 266,Pilot
"Las Cruces , 88005 Pilot Travel Center # 266",3 505-523-2700 I-10 Exit 139 ( NM 292 N ),24 M,Las Cruces,88005,Pilot Travel Center # 266,505-523-2700,2008,Las Cruces,NM,Pilot,( NM 292 N ),I-10 Exit 139 ,Exit,139,False,,False,I-10,,,,,[],[],"[356, 363, 365, 367, 370, 375, 381, 391, 396, 811, 818, 820, 825, 831, 841, 846]","[14, 83, 499, 554]",[],"[0, 5, 7, 10, 14, 19, 20, 22, 24, 32, 33, 34, 37, 38, 40, 44, 46, 48, 49, 51, 56, 61, 63, 65, 67, 68, 73, 74, 75, 76, 79, 81, 82, 83, 85, 87, 88, 92, 93, 95, 96, 99, 100, 101, 115, 116, 124, 134, 142, 161, 167, 169, 170, 186, 202, 240, 244, 254, 260, 267, 277, 300, 303, 307, 310, 322, 331, 376, 485, 491, 493, 495, 499, 503, 504, 506, 508, 515, 518, 519, 521, 524, 526, 528, 533, 537, 539, 542, 543, 547, 548, 549, 550, 551, 553, 554, 556, 558, 559, 563, 564, 566, 567, 570, 571, 572, 586, 587, 595, 605, 613, 633, 639, 640, 641, 657, 672, 704, 717, 726, 736, 759, 761, 765, 768, 780, 788, 792, 826]","[15, 16, 65, 66, 67, 68, 69, 70, 71, 72, 73, 74, 75, 76, 80, 151, 245, 246, 247, 248, 249, 250, 251, 252, 253, 254, 255, 256, 257, 258, 259, 280, 340, 373, 374, 375, 376, 377, 459, 460, 461, 462, 500, 501, 539, 540, 541, 542, 543, 544, 545, 546, 547, 548, 549, 550, 552, 622, 708, 709, 710, 711, 712, 713, 714, 715, 716, 717, 718, 719, 720, 739, 796, 823, 824, 825, 826, 827, 906, 907, 908, 909]","[15, 16, 65, 66, 67, 68, 69, 70, 71, 72, 73, 74, 75, 76, 77, 78, 80, 151, 244, 245, 246, 247, 248, 249, 250, 251, 252, 253, 254, 255, 256, 257, 258, 259, 260, 280, 340, 373, 374, 375, 376, 377, 459, 460, 461, 462, 500, 501, 539, 540, 541, 542, 543, 544, 545, 546, 547, 548, 549, 550, 552, 622, 708, 709, 710, 711, 712, 713, 714, 715, 716, 717, 718, 719, 720, 739, 796, 823, 824, 825, 826, 827, 906, 907, 908, 909]","[0, 515, 5, 518, 7, 519, 521, 10, 524, 14, 526, 528, 15, 16, 19, 20, 533, 22, 24, 537, 539, 540, 541, 542, 543, 32, 33, 34, 547, 548, 37, 38, 549, 40, 550, 554, 551, 44, 553, 46, 556, 48, 49, 558, 51, 559, 563, 564, 566, 56, 567, 570, 571, 572, 61, 63, 65, 66, 67, 68, 69, 70, 71, 72, 73, 74, 75, 76, 586, 587, 79, 80, 81, 82, 83, 595, 85, 77, 87, 88, 92, 93, 605, 95, 96, 99, 100, 101, 613, 622, 115, 116, 633, 124, 639, 640, 641, 134, 142, 657, 151, 672, 161, 167, 169, 170, 544, 545, 186, 546, 704, 708, 709, 710, 711, 712, 713, 202, 714, 715, 717, 716, 718, 719, 720, 726, 552, 736, 739, 240, 244, 245, 246, 759, 247, 761, 248, 249, 250, 765, 254, 251, 768, 252, 253, 255, 260, 256, 257, 258, 259, 267, 780, 788, 277, 792, 280, 796, 811, 300, 303, 818, 307, 820, 310, 823, 824, 825, 826, 827, 831, 322, 841, 331, 846, 340, 356, 363, 365, 367, 370, 373, 374, 375, 376, 377, 381, 391, 78, 906, 907, 396, 908, 909, 459, 460, 461, 462, 485, 491, 493, 495, 499, 500, 501, 503, 504, 506, 508]",False,[],[],"[356, 363, 365, 367, 370, 375, 381, 391, 396, 811, 818, 820, 825, 831, 841, 846]","[14, 83, 499, 554]","[0, 5, 7, 10, 14, 19, 20, 22, 24, 32, 33, 34, 37, 38, 40, 44, 46, 48, 49, 51, 56, 61, 63, 65, 67, 68, 73, 74, 75, 76, 79, 81, 82, 83, 85, 87, 88, 92, 93, 95, 96, 99, 100, 101, 115, 116, 124, 134, 142, 161, 167, 169, 170, 186, 202, 240, 244, 254, 260, 267, 277, 300, 303, 307, 310, 322, 331, 376, 485, 491, 493, 495, 499, 503, 504, 506, 508, 515, 518, 519, 521, 524, 526, 528, 533, 537, 539, 542, 543, 547, 548, 549, 550, 551, 553, 554, 556, 558, 559, 563, 564, 566, 567, 570, 571, 572, 586, 587, 595, 605, 613, 633, 639, 640, 641, 657, 672, 704, 717, 726, 736, 759, 761, 765, 768, 780, 788, 792, 826]","[15, 16, 65, 66, 67, 68, 69, 70, 71, 72, 73, 74, 75, 76, 77, 78, 80, 151, 244, 245, 246, 247, 248, 249, 250, 251, 252, 253, 254, 255, 256, 257, 258, 259, 260, 280, 340, 373, 374, 375, 376, 377, 459, 460, 461, 462, 500, 501, 539, 540, 541, 542, 543, 544, 545, 546, 547, 548, 549, 550, 552, 622, 708, 709, 710, 711, 712, 713, 714, 715, 716, 717, 718, 719, 720, 739, 796, 823, 824, 825, 826, 827, 906, 907, 908, 909]","[15, 16, 65, 66, 67, 68, 69, 70, 71, 72, 73, 74, 75, 76, 80, 151, 245, 246, 247, 248, 249, 250, 251, 252, 253, 254, 255, 256, 257, 258, 259, 280, 340, 373, 374, 375, 376, 377, 459, 460, 461, 462, 500, 501, 539, 540, 541, 542, 543, 544, 545, 546, 547, 548, 549, 550, 552, 622, 708, 709, 710, 711, 712, 713, 714, 715, 716, 717, 718, 719, 720, 739, 796, 823, 824, 825, 826, 827, 906, 907, 908, 909]",0/6 successful match,False,,False,597,False,,1.0,True,Pilot Travel Center # 266,Pilot
H Las Cruces ( 88005 ) Pilot Travel Center # 266,3 575-523-2700 I-10 Exit 139 ( NM 292 N ),Pilot 24 M,Las Cruces,88005,Pilot Travel Center # 266,575-523-2700,2014,Las Cruces,NM,Pilot,( NM 292 N ),I-10 Exit 139 ,Exit,139,False,,False,I-10,,,,,[],[],"[356, 363, 365, 367, 370, 375, 381, 391, 396, 811, 818, 820, 825, 831, 841, 846]","[14, 83, 499, 554]",[],"[0, 5, 7, 10, 14, 19, 20, 22, 24, 32, 33, 34, 37, 38, 40, 44, 46, 48, 49, 51, 56, 61, 63, 65, 67, 68, 73, 74, 75, 76, 79, 81, 82, 83, 85, 87, 88, 92, 93, 95, 96, 99, 100, 101, 115, 116, 124, 134, 142, 161, 167, 169, 170, 186, 202, 240, 244, 254, 260, 267, 277, 300, 303, 307, 310, 322, 331, 376, 485, 491, 493, 495, 499, 503, 504, 506, 508, 515, 518, 519, 521, 524, 526, 528, 533, 537, 539, 542, 543, 547, 548, 549, 550, 551, 553, 554, 556, 558, 559, 563, 564, 566, 567, 570, 571, 572, 586, 587, 595, 605, 613, 633, 639, 640, 641, 657, 672, 704, 717, 726, 736, 759, 761, 765, 768, 780, 788, 792, 826]","[15, 16, 65, 66, 67, 68, 69, 70, 71, 72, 73, 74, 75, 76, 80, 151, 245, 246, 247, 248, 249, 250, 251, 252, 253, 254, 255, 256, 257, 258, 259, 280, 340, 373, 374, 375, 376, 377, 459, 460, 461, 462, 500, 501, 539, 540, 541, 542, 543, 544, 545, 546, 547, 548, 549, 550, 552, 622, 708, 709, 710, 711, 712, 713, 714, 715, 716, 717, 718, 719, 720, 739, 796, 823, 824, 825, 826, 827, 906, 907, 908, 909]","[15, 16, 65, 66, 67, 68, 69, 70, 71, 72, 73, 74, 75, 76, 77, 78, 80, 151, 244, 245, 246, 247, 248, 249, 250, 251, 252, 253, 254, 255, 256, 257, 258, 259, 260, 280, 340, 373, 374, 375, 376, 377, 459, 460, 461, 462, 500, 501, 539, 540, 541, 542, 543, 544, 545, 546, 547, 548, 549, 550, 552, 622, 708, 709, 710, 711, 712, 713, 714, 715, 716, 717, 718, 719, 720, 739, 796, 823, 824, 825, 826, 827, 906, 907, 908, 909]","[0, 515, 5, 518, 7, 519, 521, 10, 524, 14, 526, 528, 15, 16, 19, 20, 533, 22, 24, 537, 539, 540, 541, 542, 543, 32, 33, 34, 547, 548, 37, 38, 549, 40, 550, 554, 551, 44, 553, 46, 556, 48, 49, 558, 51, 559, 563, 564, 566, 56, 567, 570, 571, 572, 61, 63, 65, 66, 67, 68, 69, 70, 71, 72, 73, 74, 75, 76, 586, 587, 79, 80, 81, 82, 83, 595, 85, 77, 87, 88, 92, 93, 605, 95, 96, 99, 100, 101, 613, 622, 115, 116, 633, 124, 639, 640, 641, 134, 142, 657, 151, 672, 161, 167, 169, 170, 544, 545, 186, 546, 704, 708, 709, 710, 711, 712, 713, 202, 714, 715, 717, 716, 718, 719, 720, 726, 552, 736, 739, 240, 244, 245, 246, 759, 247, 761, 248, 249, 250, 765, 254, 251, 768, 252, 253, 255, 260, 256, 257, 258, 259, 267, 780, 788, 277, 792, 280, 796, 811, 300, 303, 818, 307, 820, 310, 823, 824, 825, 826, 827, 831, 322, 841, 331, 846, 340, 356, 363, 365, 367, 370, 373, 374, 375, 376, 377, 381, 391, 78, 906, 907, 396, 908, 909, 459, 460, 461, 462, 485, 491, 493, 495, 499, 500, 501, 503, 504, 506, 508]",False,[],[],"[356, 363, 365, 367, 370, 375, 381, 391, 396, 811, 818, 820, 825, 831, 841, 846]","[14, 83, 499, 554]","[0, 5, 7, 10, 14, 19, 20, 22, 24, 32, 33, 34, 37, 38, 40, 44, 46, 48, 49, 51, 56, 61, 63, 65, 67, 68, 73, 74, 75, 76, 79, 81, 82, 83, 85, 87, 88, 92, 93, 95, 96, 99, 100, 101, 115, 116, 124, 134, 142, 161, 167, 169, 170, 186, 202, 240, 244, 254, 260, 267, 277, 300, 303, 307, 310, 322, 331, 376, 485, 491, 493, 495, 499, 503, 504, 506, 508, 515, 518, 519, 521, 524, 526, 528, 533, 537, 539, 542, 543, 547, 548, 549, 550, 551, 553, 554, 556, 558, 559, 563, 564, 566, 567, 570, 571, 572, 586, 587, 595, 605, 613, 633, 639, 640, 641, 657, 672, 704, 717, 726, 736, 759, 761, 765, 768, 780, 788, 792, 826]","[15, 16, 65, 66, 67, 68, 69, 70, 71, 72, 73, 74, 75, 76, 77, 78, 80, 151, 244, 245, 246, 247, 248, 249, 250, 251, 252, 253, 254, 255, 256, 257, 258, 259, 260, 280, 340, 373, 374, 375, 376, 377, 459, 460, 461, 462, 500, 501, 539, 540, 541, 542, 543, 544, 545, 546, 547, 548, 549, 550, 552, 622, 708, 709, 710, 711, 712, 713, 714, 715, 716, 717, 718, 719, 720, 739, 796, 823, 824, 825, 826, 827, 906, 907, 908, 909]","[15, 16, 65, 66, 67, 68, 69, 70, 71, 72, 73, 74, 75, 76, 80, 151, 245, 246, 247, 248, 249, 250, 251, 252, 253, 254, 255, 256, 257, 258, 259, 280, 340, 373, 374, 375, 376, 377, 459, 460, 461, 462, 500, 501, 539, 540, 541, 542, 543, 544, 545, 546, 547, 548, 549, 550, 552, 622, 708, 709, 710, 711, 712, 713, 714, 715, 716, 717, 718, 719, 720, 739, 796, 823, 824, 825, 826, 827, 906, 907, 908, 909]",0/6 successful match,False,,False,597,False,,1.0,True,Pilot Travel Center # 266,Pilot
Las Cruces ( 88005 ) Pilot Travel Center # 266,3 575-523-2700 I-10 Exit 139 ( NM 292 N ) Pilot,Pilot 24 <U+2610> MO,Las Cruces,88005,Pilot Travel Center # 266,575-523-2700,2015,Las Cruces,NM,Pilot,( NM 292 N ) Pilot,I-10 Exit 139 ,Exit,139,False,,False,I-10,,,,,[],[],"[356, 363, 365, 367, 370, 375, 381, 391, 396, 811, 818, 820, 825, 831, 841, 846]","[14, 83, 499, 554]",[],"[0, 5, 7, 10, 14, 19, 20, 22, 24, 32, 33, 34, 37, 38, 40, 44, 46, 48, 49, 51, 56, 61, 63, 65, 67, 68, 73, 74, 75, 76, 79, 81, 82, 83, 85, 87, 88, 92, 93, 95, 96, 99, 100, 101, 115, 116, 124, 134, 142, 161, 167, 169, 170, 186, 202, 240, 244, 254, 260, 267, 277, 300, 303, 307, 310, 322, 331, 376, 485, 491, 493, 495, 499, 503, 504, 506, 508, 515, 518, 519, 521, 524, 526, 528, 533, 537, 539, 542, 543, 547, 548, 549, 550, 551, 553, 554, 556, 558, 559, 563, 564, 566, 567, 570, 571, 572, 586, 587, 595, 605, 613, 633, 639, 640, 641, 657, 672, 704, 717, 726, 736, 759, 761, 765, 768, 780, 788, 792, 826]","[15, 16, 65, 66, 67, 68, 69, 70, 71, 72, 73, 74, 75, 76, 80, 151, 245, 246, 247, 248, 249, 250, 251, 252, 253, 254, 255, 256, 257, 258, 259, 280, 340, 373, 374, 375, 376, 377, 459, 460, 461, 462, 500, 501, 539, 540, 541, 542, 543, 544, 545, 546, 547, 548, 549, 550, 552, 622, 708, 709, 710, 711, 712, 713, 714, 715, 716, 717, 718, 719, 720, 739, 796, 823, 824, 825, 826, 827, 906, 907, 908, 909]","[15, 16, 65, 66, 67, 68, 69, 70, 71, 72, 73, 74, 75, 76, 77, 78, 80, 151, 244, 245, 246, 247, 248, 249, 250, 251, 252, 253, 254, 255, 256, 257, 258, 259, 260, 280, 340, 373, 374, 375, 376, 377, 459, 460, 461, 462, 500, 501, 539, 540, 541, 542, 543, 544, 545, 546, 547, 548, 549, 550, 552, 622, 708, 709, 710, 711, 712, 713, 714, 715, 716, 717, 718, 719, 720, 739, 796, 823, 824, 825, 826, 827, 906, 907, 908, 909]","[0, 515, 5, 518, 7, 519, 521, 10, 524, 14, 526, 528, 15, 16, 19, 20, 533, 22, 24, 537, 539, 540, 541, 542, 543, 32, 33, 34, 547, 548, 37, 38, 549, 40, 550, 554, 551, 44, 553, 46, 556, 48, 49, 558, 51, 559, 563, 564, 566, 56, 567, 570, 571, 572, 61, 63, 65, 66, 67, 68, 69, 70, 71, 72, 73, 74, 75, 76, 586, 587, 79, 80, 81, 82, 83, 595, 85, 77, 87, 88, 92, 93, 605, 95, 96, 99, 100, 101, 613, 622, 115, 116, 633, 124, 639, 640, 641, 134, 142, 657, 151, 672, 161, 167, 169, 170, 544, 545, 186, 546, 704, 708, 709, 710, 711, 712, 713, 202, 714, 715, 717, 716, 718, 719, 720, 726, 552, 736, 739, 240, 244, 245, 246, 759, 247, 761, 248, 249, 250, 765, 254, 251, 768, 252, 253, 255, 260, 256, 257, 258, 259, 267, 780, 788, 277, 792, 280, 796, 811, 300, 303, 818, 307, 820, 310, 823, 824, 825, 826, 827, 831, 322, 841, 331, 846, 340, 356, 363, 365, 367, 370, 373, 374, 375, 376, 377, 381, 391, 78, 906, 907, 396, 908, 909, 459, 460, 461, 462, 485, 491, 493, 495, 499, 500, 501, 503, 504, 506, 508]",False,[],[],"[356, 363, 365, 367, 370, 375, 381, 391, 396, 811, 818, 820, 825, 831, 841, 846]","[14, 83, 499, 554]","[0, 5, 7, 10, 14, 19, 20, 22, 24, 32, 33, 34, 37, 38, 40, 44, 46, 48, 49, 51, 56, 61, 63, 65, 67, 68, 73, 74, 75, 76, 79, 81, 82, 83, 85, 87, 88, 92, 93, 95, 96, 99, 100, 101, 115, 116, 124, 134, 142, 161, 167, 169, 170, 186, 202, 240, 244, 254, 260, 267, 277, 300, 303, 307, 310, 322, 331, 376, 485, 491, 493, 495, 499, 503, 504, 506, 508, 515, 518, 519, 521, 524, 526, 528, 533, 537, 539, 542, 543, 547, 548, 549, 550, 551, 553, 554, 556, 558, 559, 563, 564, 566, 567, 570, 571, 572, 586, 587, 595, 605, 613, 633, 639, 640, 641, 657, 672, 704, 717, 726, 736, 759, 761, 765, 768, 780, 788, 792, 826]","[15, 16, 65, 66, 67, 68, 69, 70, 71, 72, 73, 74, 75, 76, 77, 78, 80, 151, 244, 245, 246, 247, 248, 249, 250, 251, 252, 253, 254, 255, 256, 257, 258, 259, 260, 280, 340, 373, 374, 375, 376, 377, 459, 460, 461, 462, 500, 501, 539, 540, 541, 542, 543, 544, 545, 546, 547, 548, 549, 550, 552, 622, 708, 709, 710, 711, 712, 713, 714, 715, 716, 717, 718, 719, 720, 739, 796, 823, 824, 825, 826, 827, 906, 907, 908, 909]","[15, 16, 65, 66, 67, 68, 69, 70, 71, 72, 73, 74, 75, 76, 80, 151, 245, 246, 247, 248, 249, 250, 251, 252, 253, 254, 255, 256, 257, 258, 259, 280, 340, 373, 374, 375, 376, 377, 459, 460, 461, 462, 500, 501, 539, 540, 541, 542, 543, 544, 545, 546, 547, 548, 549, 550, 552, 622, 708, 709, 710, 711, 712, 713, 714, 715, 716, 717, 718, 719, 720, 739, 796, 823, 824, 825, 826, 827, 906, 907, 908, 909]",0/6 successful match,False,,False,597,False,,1.0,True,Pilot Travel Center # 266,Pilot
Las Cruces ( 88005 ) Pilot Travel Center # 266,575-523-2700 I-10 Exit 139 ( NM 292 N ),Pilot 24 <U+2610> MOO,Las Cruces,88005,Pilot Travel Center # 266,575-523-2700,2016,Las Cruces,NM,Pilot,( NM 292 N ),I-10 Exit 139 ,Exit,139,False,,False,I-10,,,,,[],[],"[356, 363, 365, 367, 370, 375, 381, 391, 396, 811, 818, 820, 825, 831, 841, 846]","[14, 83, 499, 554]",[],"[0, 5, 7, 10, 14, 19, 20, 22, 24, 32, 33, 34, 37, 38, 40, 44, 46, 48, 49, 51, 56, 61, 63, 65, 67, 68, 73, 74, 75, 76, 79, 81, 82, 83, 85, 87, 88, 92, 93, 95, 96, 99, 100, 101, 115, 116, 124, 134, 142, 161, 167, 169, 170, 186, 202, 240, 244, 254, 260, 267, 277, 300, 303, 307, 310, 322, 331, 376, 485, 491, 493, 495, 499, 503, 504, 506, 508, 515, 518, 519, 521, 524, 526, 528, 533, 537, 539, 542, 543, 547, 548, 549, 550, 551, 553, 554, 556, 558, 559, 563, 564, 566, 567, 570, 571, 572, 586, 587, 595, 605, 613, 633, 639, 640, 641, 657, 672, 704, 717, 726, 736, 759, 761, 765, 768, 780, 788, 792, 826]","[15, 16, 65, 66, 67, 68, 69, 70, 71, 72, 73, 74, 75, 76, 80, 151, 245, 246, 247, 248, 249, 250, 251, 252, 253, 254, 255, 256, 257, 258, 259, 280, 340, 373, 374, 375, 376, 377, 459, 460, 461, 462, 500, 501, 539, 540, 541, 542, 543, 544, 545, 546, 547, 548, 549, 550, 552, 622, 708, 709, 710, 711, 712, 713, 714, 715, 716, 717, 718, 719, 720, 739, 796, 823, 824, 825, 826, 827, 906, 907, 908, 909]","[15, 16, 65, 66, 67, 68, 69, 70, 71, 72, 73, 74, 75, 76, 77, 78, 80, 151, 244, 245, 246, 247, 248, 249, 250, 251, 252, 253, 254, 255, 256, 257, 258, 259, 260, 280, 340, 373, 374, 375, 376, 377, 459, 460, 461, 462, 500, 501, 539, 540, 541, 542, 543, 544, 545, 546, 547, 548, 549, 550, 552, 622, 708, 709, 710, 711, 712, 713, 714, 715, 716, 717, 718, 719, 720, 739, 796, 823, 824, 825, 826, 827, 906, 907, 908, 909]","[0, 515, 5, 518, 7, 519, 521, 10, 524, 14, 526, 528, 15, 16, 19, 20, 533, 22, 24, 537, 539, 540, 541, 542, 543, 32, 33, 34, 547, 548, 37, 38, 549, 40, 550, 554, 551, 44, 553, 46, 556, 48, 49, 558, 51, 559, 563, 564, 566, 56, 567, 570, 571, 572, 61, 63, 65, 66, 67, 68, 69, 70, 71, 72, 73, 74, 75, 76, 586, 587, 79, 80, 81, 82, 83, 595, 85, 77, 87, 88, 92, 93, 605, 95, 96, 99, 100, 101, 613, 622, 115, 116, 633, 124, 639, 640, 641, 134, 142, 657, 151, 672, 161, 167, 169, 170, 544, 545, 186, 546, 704, 708, 709, 710, 711, 712, 713, 202, 714, 715, 717, 716, 718, 719, 720, 726, 552, 736, 739, 240, 244, 245, 246, 759, 247, 761, 248, 249, 250, 765, 254, 251, 768, 252, 253, 255, 260, 256, 257, 258, 259, 267, 780, 788, 277, 792, 280, 796, 811, 300, 303, 818, 307, 820, 310, 823, 824, 825, 826, 827, 831, 322, 841, 331, 846, 340, 356, 363, 365, 367, 370, 373, 374, 375, 376, 377, 381, 391, 78, 906, 907, 396, 908, 909, 459, 460, 461, 462, 485, 491, 493, 495, 499, 500, 501, 503, 504, 506, 508]",False,[],[],"[356, 363, 365, 367, 370, 375, 381, 391, 396, 811, 818, 820, 825, 831, 841, 846]","[14, 83, 499, 554]","[0, 5, 7, 10, 14, 19, 20, 22, 24, 32, 33, 34, 37, 38, 40, 44, 46, 48, 49, 51, 56, 61, 63, 65, 67, 68, 73, 74, 75, 76, 79, 81, 82, 83, 85, 87, 88, 92, 93, 95, 96, 99, 100, 101, 115, 116, 124, 134, 142, 161, 167, 169, 170, 186, 202, 240, 244, 254, 260, 267, 277, 300, 303, 307, 310, 322, 331, 376, 485, 491, 493, 495, 499, 503, 504, 506, 508, 515, 518, 519, 521, 524, 526, 528, 533, 537, 539, 542, 543, 547, 548, 549, 550, 551, 553, 554, 556, 558, 559, 563, 564, 566, 567, 570, 571, 572, 586, 587, 595, 605, 613, 633, 639, 640, 641, 657, 672, 704, 717, 726, 736, 759, 761, 765, 768, 780, 788, 792, 826]","[15, 16, 65, 66, 67, 68, 69, 70, 71, 72, 73, 74, 75, 76, 77, 78, 80, 151, 244, 245, 246, 247, 248, 249, 250, 251, 252, 253, 254, 255, 256, 257, 258, 259, 260, 280, 340, 373, 374, 375, 376, 377, 459, 460, 461, 462, 500, 501, 539, 540, 541, 542, 543, 544, 545, 546, 547, 548, 549, 550, 552, 622, 708, 709, 710, 711, 712, 713, 714, 715, 716, 717, 718, 719, 720, 739, 796, 823, 824, 825, 826, 827, 906, 907, 908, 909]","[15, 16, 65, 66, 67, 68, 69, 70, 71, 72, 73, 74, 75, 76, 80, 151, 245, 246, 247, 248, 249, 250, 251, 252, 253, 254, 255, 256, 257, 258, 259, 280, 340, 373, 374, 375, 376, 377, 459, 460, 461, 462, 500, 501, 539, 540, 541, 542, 543, 544, 545, 546, 547, 548, 549, 550, 552, 622, 708, 709, 710, 711, 712, 713, 714, 715, 716, 717, 718, 719, 720, 739, 796, 823, 824, 825, 826, 827, 906, 907, 908, 909]",0/6 successful match,False,,False,597,False,,1.0,True,Pilot Travel Center # 266,Pilot
"Las Cruces , 88007 TravelCenters of America",505-527-7400 I-10 Exit 139 ( N Motel Blvd ) TA,481 <U+2610> <U+2610> M <U+2610>,Las Cruces,88007,TravelCenters of America,505-527-7400,2006,Las Cruces,NM,TravelCenters,( N Motel Blvd ) TA,I-10 Exit 139 ,Exit,139,False,,False,I-10,,,,,[],[],"[356, 363, 365, 367, 370, 375, 381, 391, 396, 811, 818, 820, 825, 831, 841, 846]","[14, 83, 499, 554]",[],"[0, 5, 7, 10, 14, 19, 20, 22, 24, 32, 33, 34, 37, 38, 40, 44, 46, 48, 49, 51, 56, 61, 63, 65, 67, 68, 73, 74, 75, 76, 79, 81, 82, 83, 85, 87, 88, 92, 93, 95, 96, 99, 100, 101, 115, 116, 124, 134, 142, 161, 167, 169, 170, 186, 202, 240, 244, 254, 260, 267, 277, 300, 303, 307, 310, 322, 331, 376, 485, 491, 493, 495, 499, 503, 504, 506, 508, 515, 518, 519, 521, 524, 526, 528, 533, 537, 539, 542, 543, 547, 548, 549, 550, 551, 553, 554, 556, 558, 559, 563, 564, 566, 567, 570, 571, 572, 586, 587, 595, 605, 613, 633, 639, 640, 641, 657, 672, 704, 717, 726, 736, 759, 761, 765, 768, 780, 788, 792, 826]","[98, 476, 481, 569, 924, 925]",[],"[0, 515, 5, 518, 7, 519, 521, 10, 524, 14, 526, 528, 19, 20, 533, 22, 24, 537, 539, 542, 543, 32, 33, 34, 547, 548, 37, 38, 549, 40, 550, 554, 551, 44, 553, 46, 556, 48, 49, 558, 51, 559, 563, 564, 566, 56, 567, 570, 571, 572, 61, 569, 63, 65, 67, 68, 73, 74, 75, 76, 586, 587, 79, 81, 82, 83, 595, 85, 87, 88, 92, 93, 605, 95, 96, 98, 99, 100, 101, 613, 115, 116, 633, 124, 639, 640, 641, 134, 142, 657, 672, 161, 167, 169, 170, 186, 704, 202, 717, 726, 736, 240, 244, 759, 761, 765, 254, 768, 260, 267, 780, 788, 277, 792, 811, 300, 303, 818, 307, 820, 310, 825, 826, 831, 322, 841, 331, 846, 356, 363, 365, 367, 370, 375, 376, 381, 391, 396, 924, 925, 476, 481, 485, 491, 493, 495, 499, 503, 504, 506, 508]",False,[],[],"[356, 363, 365, 367, 370, 375, 381, 391, 396, 811, 818, 820, 825, 831, 841, 846]","[14, 83, 499, 554]","[0, 5, 7, 10, 14, 19, 20, 22, 24, 32, 33, 34, 37, 38, 40, 44, 46, 48, 49, 51, 56, 61, 63, 65, 67, 68, 73, 74, 75, 76, 79, 81, 82, 83, 85, 87, 88, 92, 93, 95, 96, 99, 100, 101, 115, 116, 124, 134, 142, 161, 167, 169, 170, 186, 202, 240, 244, 254, 260, 267, 277, 300, 303, 307, 310, 322, 331, 376, 485, 491, 493, 495, 499, 503, 504, 506, 508, 515, 518, 519, 521, 524, 526, 528, 533, 537, 539, 542, 543, 547, 548, 549, 550, 551, 553, 554, 556, 558, 559, 563, 564, 566, 567, 570, 571, 572, 586, 587, 595, 605, 613, 633, 639, 640, 641, 657, 672, 704, 717, 726, 736, 759, 761, 765, 768, 780, 788, 792, 826]",[],"[98, 476, 481, 569, 924, 925]",0/6 successful match,False,,False,598,False,,,,,
"Las Cruces , 88007 TravelCenters of America ( Shell )",505-527-7400 I-10 Exit 139 ( N Motel Blvd ),24 HRS XL HRS,Las Cruces,88007,TravelCenters of America ( Shell ),505-527-7400,2007,Las Cruces,NM,TravelCenters,( N Motel Blvd ),I-10 Exit 139 ,Exit,139,False,,False,I-10,,,,,[],[],"[356, 363, 365, 367, 370, 375, 381, 391, 396, 811, 818, 820, 825, 831, 841, 846]","[14, 83, 499, 554]",[],"[0, 5, 7, 10, 14, 19, 20, 22, 24, 32, 33, 34, 37, 38, 40, 44, 46, 48, 49, 51, 56, 61, 63, 65, 67, 68, 73, 74, 75, 76, 79, 81, 82, 83, 85, 87, 88, 92, 93, 95, 96, 99, 100, 101, 115, 116, 124, 134, 142, 161, 167, 169, 170, 186, 202, 240, 244, 254, 260, 267, 277, 300, 303, 307, 310, 322, 331, 376, 485, 491, 493, 495, 499, 503, 504, 506, 508, 515, 518, 519, 521, 524, 526, 528, 533, 537, 539, 542, 543, 547, 548, 549, 550, 551, 553, 554, 556, 558, 559, 563, 564, 566, 567, 570, 571, 572, 586, 587, 595, 605, 613, 633, 639, 640, 641, 657, 672, 704, 717, 726, 736, 759, 761, 765, 768, 780, 788, 792, 826]","[98, 476, 481, 569, 924, 925]","[1, 13, 14, 29, 54, 55, 56, 57, 58, 60, 102, 118, 125, 127, 130, 134, 146, 149, 153, 175, 182, 187, 189, 191, 197, 225, 230, 238, 264, 265, 266, 286, 302, 317, 336, 354, 379, 388, 389, 425, 454, 458, 463, 475, 487, 498, 499, 512, 530, 531, 532, 533, 534, 536, 573, 589, 596, 598, 601, 605, 617, 620, 624, 646, 653, 658, 660, 662, 668, 689, 694, 702, 724, 725, 745, 760, 775, 793, 809, 829, 838, 839, 877, 901, 903, 905, 910, 923]","[0, 1, 512, 515, 5, 518, 7, 519, 521, 10, 524, 13, 14, 526, 528, 530, 19, 20, 533, 22, 531, 24, 537, 532, 539, 534, 29, 542, 543, 32, 33, 34, 547, 548, 37, 38, 549, 40, 550, 554, 551, 44, 553, 46, 556, 48, 49, 558, 51, 559, 563, 564, 566, 56, 567, 570, 571, 572, 61, 569, 63, 55, 65, 57, 67, 68, 60, 573, 73, 74, 75, 76, 586, 587, 79, 589, 81, 82, 83, 595, 85, 596, 87, 88, 598, 601, 92, 93, 605, 95, 96, 98, 99, 100, 101, 613, 102, 617, 620, 624, 115, 116, 118, 633, 124, 125, 639, 640, 641, 127, 130, 134, 646, 536, 653, 142, 657, 146, 658, 660, 149, 662, 153, 668, 672, 161, 167, 169, 170, 175, 689, 182, 694, 186, 187, 189, 702, 191, 704, 197, 202, 717, 724, 725, 726, 736, 225, 230, 745, 238, 240, 244, 759, 760, 761, 765, 254, 768, 260, 775, 264, 265, 266, 267, 780, 54, 788, 277, 792, 793, 286, 58, 809, 811, 300, 302, 303, 818, 307, 820, 310, 825, 826, 317, 829, 831, 322, 838, 839, 841, 331, 846, 336, 354, 356, 363, 365, 877, 367, 370, 375, 376, 379, 381, 388, 389, 901, 391, 903, 905, 396, 910, 923, 924, 925, 425, 454, 458, 463, 475, 476, 481, 485, 487, 491, 493, 495, 498, 499, 503, 504, 506, 508]",False,[],[],"[356, 363, 365, 367, 370, 375, 381, 391, 396, 811, 818, 820, 825, 831, 841, 846]","[14, 83, 499, 554]","[0, 5, 7, 10, 14, 19, 20, 22, 24, 32, 33, 34, 37, 38, 40, 44, 46, 48, 49, 51, 56, 61, 63, 65, 67, 68, 73, 74, 75, 76, 79, 81, 82, 83, 85, 87, 88, 92, 93, 95, 96, 99, 100, 101, 115, 116, 124, 134, 142, 161, 167, 169, 170, 186, 202, 240, 244, 254, 260, 267, 277, 300, 303, 307, 310, 322, 331, 376, 485, 491, 493, 495, 499, 503, 504, 506, 508, 515, 518, 519, 521, 524, 526, 528, 533, 537, 539, 542, 543, 547, 548, 549, 550, 551, 553, 554, 556, 558, 559, 563, 564, 566, 567, 570, 571, 572, 586, 587, 595, 605, 613, 633, 639, 640, 641, 657, 672, 704, 717, 726, 736, 759, 761, 765, 768, 780, 788, 792, 826]","[1, 13, 14, 29, 54, 55, 56, 57, 58, 60, 102, 118, 125, 127, 130, 134, 146, 149, 153, 175, 182, 187, 189, 191, 197, 225, 230, 238, 264, 265, 266, 286, 302, 317, 336, 354, 379, 388, 389, 425, 454, 458, 463, 475, 487, 498, 499, 512, 530, 531, 532, 533, 534, 536, 573, 589, 596, 598, 601, 605, 617, 620, 624, 646, 653, 658, 660, 662, 668, 689, 694, 702, 724, 725, 745, 760, 775, 793, 809, 829, 838, 839, 877, 901, 903, 905, 910, 923]","[98, 476, 481, 569, 924, 925]",0/6 successful match,False,,False,598,False,,1.0,True,TravelCenters of America,TravelCenters
"Las Cruces , 88007",3 505-527-7400 TravelCenters I-10 Exit 139 ( of N America Motel Blvd ( Shell ) ) A,24 HAS <U+2610> 24,Las Cruces,88007,,505-527-7400,2008,Las Cruces,NM,,( of N America Motel Blvd ( Shell ) ) A,TravelCenters I-10 Exit 139 ,Exit,139,False,,False,I-10,,,,,[],[],"[356, 363, 365, 367, 370, 375, 381, 391, 396, 811, 818, 820, 825, 831, 841, 846]","[14, 83, 499, 554]",[],"[0, 5, 7, 10, 14, 19, 20, 22, 24, 32, 33, 34, 37, 38, 40, 44, 46, 48, 49, 51, 56, 61, 63, 65, 67, 68, 73, 74, 75, 76, 79, 81, 82, 83, 85, 87, 88, 92, 93, 95, 96, 99, 100, 101, 115, 116, 124, 134, 142, 161, 167, 169, 170, 186, 202, 240, 244, 254, 260, 267, 277, 300, 303, 307, 310, 322, 331, 376, 485, 491, 493, 495, 499, 503, 504, 506, 508, 515, 518, 519, 521, 524, 526, 528, 533, 537, 539, 542, 543, 547, 548, 549, 550, 551, 553, 554, 556, 558, 559, 563, 564, 566, 567, 570, 571, 572, 586, 587, 595, 605, 613, 633, 639, 640, 641, 657, 672, 704, 717, 726, 736, 759, 761, 765, 768, 780, 788, 792, 826]",[],[],"[0, 515, 5, 518, 7, 519, 521, 10, 524, 14, 526, 528, 19, 20, 533, 22, 24, 537, 539, 542, 543, 32, 33, 34, 547, 548, 37, 38, 549, 40, 550, 554, 551, 44, 553, 46, 556, 48, 49, 558, 51, 559, 563, 564, 566, 56, 567, 570, 571, 572, 61, 63, 65, 67, 68, 73, 74, 75, 76, 586, 587, 79, 81, 82, 83, 595, 85, 87, 88, 92, 93, 605, 95, 96, 99, 100, 101, 613, 115, 116, 633, 124, 639, 640, 641, 134, 142, 657, 672, 161, 167, 169, 170, 186, 704, 202, 717, 726, 736, 240, 244, 759, 761, 765, 254, 768, 260, 267, 780, 788, 277, 792, 811, 300, 303, 818, 307, 820, 310, 825, 826, 831, 322, 841, 331, 846, 356, 363, 365, 367, 370, 375, 376, 381, 391, 396, 485, 491, 493, 495, 499, 503, 504, 506, 508]",False,[],[],"[356, 363, 365, 367, 370, 375, 381, 391, 396, 811, 818, 820, 825, 831, 841, 846]","[14, 83, 499, 554]","[0, 5, 7, 10, 14, 19, 20, 22, 24, 32, 33, 34, 37, 38, 40, 44, 46, 48, 49, 51, 56, 61, 63, 65, 67, 68, 73, 74, 75, 76, 79, 81, 82, 83, 85, 87, 88, 92, 93, 95, 96, 99, 100, 101, 115, 116, 124, 134, 142, 161, 167, 169, 170, 186, 202, 240, 244, 254, 260, 267, 277, 300, 303, 307, 310, 322, 331, 376, 485, 491, 493, 495, 499, 503, 504, 506, 508, 515, 518, 519, 521, 524, 526, 528, 533, 537, 539, 542, 543, 547, 548, 549, 550, 551, 553, 554, 556, 558, 559, 563, 564, 566, 567, 570, 571, 572, 586, 587, 595, 605, 613, 633, 639, 640, 641, 657, 672, 704, 717, 726, 736, 759, 761, 765, 768, 780, 788, 792, 826]",[],[],0/6 successful match,False,,False,598,True,2008,0.0,True,TravelCenters of America ( Shell ),TravelCenters
H Las Cruces ( 88007 ) TA Las Cruces # 014 ( Shell ),575-527-7400 I-10 Exit 139 ( N Motel Blvd ),ZA 24 <U+25A1> XL 24,Las Cruces,88007,TA Las Cruces # 014 ( Shell ),575-527-7400,2014,Las Cruces,NM,Shell,( N Motel Blvd ),I-10 Exit 139 ,Exit,139,False,,False,I-10,,,,,[],[],"[356, 363, 365, 367, 370, 375, 381, 391, 396, 811, 818, 820, 825, 831, 841, 846]","[14, 83, 499, 554]",[],"[0, 5, 7, 10, 14, 19, 20, 22, 24, 32, 33, 34, 37, 38, 40, 44, 46, 48, 49, 51, 56, 61, 63, 65, 67, 68, 73, 74, 75, 76, 79, 81, 82, 83, 85, 87, 88, 92, 93, 95, 96, 99, 100, 101, 115, 116, 124, 134, 142, 161, 167, 169, 170, 186, 202, 240, 244, 254, 260, 267, 277, 300, 303, 307, 310, 322, 331, 376, 485, 491, 493, 495, 499, 503, 504, 506, 508, 515, 518, 519, 521, 524, 526, 528, 533, 537, 539, 542, 543, 547, 548, 549, 550, 551, 553, 554, 556, 558, 559, 563, 564, 566, 567, 570, 571, 572, 586, 587, 595, 605, 613, 633, 639, 640, 641, 657, 672, 704, 717, 726, 736, 759, 761, 765, 768, 780, 788, 792, 826]","[1, 13, 14, 29, 54, 55, 56, 57, 58, 60, 102, 118, 125, 127, 130, 134, 146, 149, 153, 175, 182, 187, 189, 191, 197, 225, 230, 238, 264, 265, 266, 286, 302, 317, 336, 379, 388, 389, 425, 454, 458, 463, 475, 487, 498, 499, 512, 530, 531, 532, 533, 534, 536, 573, 589, 596, 598, 601, 605, 617, 620, 624, 646, 653, 658, 660, 662, 668, 689, 694, 702, 724, 725, 745, 760, 775, 793, 829, 838, 839, 877, 901, 903, 905, 910, 923]","[1, 13, 14, 29, 54, 55, 56, 57, 58, 60, 102, 118, 125, 127, 130, 134, 146, 149, 153, 175, 182, 187, 189, 191, 197, 225, 230, 238, 264, 265, 266, 286, 301, 302, 317, 336, 354, 379, 388, 389, 425, 454, 458, 463, 475, 476, 487, 498, 499, 512, 530, 531, 532, 533, 534, 536, 573, 589, 596, 598, 601, 605, 617, 620, 624, 646, 653, 658, 660, 662, 668, 689, 694, 702, 724, 725, 745, 760, 775, 793, 809, 829, 838, 839, 877, 901, 903, 905, 910, 923, 924, 925]","[0, 1, 512, 515, 5, 518, 7, 519, 521, 10, 524, 13, 14, 526, 528, 530, 19, 20, 533, 22, 531, 24, 537, 532, 539, 534, 29, 542, 543, 32, 33, 34, 547, 548, 37, 38, 549, 40, 550, 554, 551, 44, 553, 46, 556, 48, 49, 558, 51, 559, 563, 564, 566, 56, 567, 570, 571, 572, 61, 54, 63, 55, 65, 57, 67, 68, 60, 573, 73, 74, 75, 76, 586, 587, 79, 589, 81, 82, 83, 595, 85, 596, 87, 88, 598, 601, 92, 93, 605, 95, 96, 99, 100, 101, 613, 102, 617, 620, 624, 115, 116, 118, 633, 124, 125, 639, 640, 641, 127, 130, 134, 646, 536, 653, 142, 657, 146, 658, 660, 149, 662, 153, 668, 672, 161, 167, 169, 170, 175, 689, 182, 694, 186, 187, 189, 702, 191, 704, 197, 202, 717, 724, 725, 726, 736, 225, 230, 745, 238, 240, 244, 759, 760, 761, 765, 254, 768, 260, 775, 264, 265, 266, 267, 780, 788, 277, 792, 793, 286, 58, 809, 811, 300, 301, 302, 303, 818, 307, 820, 310, 825, 826, 317, 829, 831, 322, 838, 839, 841, 331, 846, 336, 354, 356, 363, 365, 877, 367, 370, 375, 376, 379, 381, 388, 389, 901, 391, 903, 905, 396, 910, 923, 924, 925, 425, 454, 458, 463, 475, 476, 485, 487, 491, 493, 495, 498, 499, 503, 504, 506, 508]",False,[],[],"[356, 363, 365, 367, 370, 375, 381, 391, 396, 811, 818, 820, 825, 831, 841, 846]","[14, 83, 499, 554]","[0, 5, 7, 10, 14, 19, 20, 22, 24, 32, 33, 34, 37, 38, 40, 44, 46, 48, 49, 51, 56, 61, 63, 65, 67, 68, 73, 74, 75, 76, 79, 81, 82, 83, 85, 87, 88, 92, 93, 95, 96, 99, 100, 101, 115, 116, 124, 134, 142, 161, 167, 169, 170, 186, 202, 240, 244, 254, 260, 267, 277, 300, 303, 307, 310, 322, 331, 376, 485, 491, 493, 495, 499, 503, 504, 506, 508, 515, 518, 519, 521, 524, 526, 528, 533, 537, 539, 542, 543, 547, 548, 549, 550, 551, 553, 554, 556, 558, 559, 563, 564, 566, 567, 570, 571, 572, 586, 587, 595, 605, 613, 633, 639, 640, 641, 657, 672, 704, 717, 726, 736, 759, 761, 765, 768, 780, 788, 792, 826]","[1, 13, 14, 29, 54, 55, 56, 57, 58, 60, 102, 118, 125, 127, 130, 134, 146, 149, 153, 175, 182, 187, 189, 191, 197, 225, 230, 238, 264, 265, 266, 286, 301, 302, 317, 336, 354, 379, 388, 389, 425, 454, 458, 463, 475, 476, 487, 498, 499, 512, 530, 531, 532, 533, 534, 536, 573, 589, 596, 598, 601, 605, 617, 620, 624, 646, 653, 658, 660, 662, 668, 689, 694, 702, 724, 725, 745, 760, 775, 793, 809, 829, 838, 839, 877, 901, 903, 905, 910, 923, 924, 925]","[1, 13, 14, 29, 54, 55, 56, 57, 58, 60, 102, 118, 125, 127, 130, 134, 146, 149, 153, 175, 182, 187, 189, 191, 197, 225, 230, 238, 264, 265, 266, 286, 302, 317, 336, 379, 388, 389, 425, 454, 458, 463, 475, 487, 498, 499, 512, 530, 531, 532, 533, 534, 536, 573, 589, 596, 598, 601, 605, 617, 620, 624, 646, 653, 658, 660, 662, 668, 689, 694, 702, 724, 725, 745, 760, 775, 793, 829, 838, 839, 877, 901, 903, 905, 910, 923]",0/6 successful match,False,,False,598,True,2014,0.0,True,,
Las Cruces ( 88007 ) TA Las Cruces # 014 ( Shell ),3 575-527-7400 I-10 Exit 139 ( N Motel Blvd ) ZA,ZA 24 <U+25A1> XL 24,Las Cruces,88007,TA Las Cruces # 014 ( Shell ),575-527-7400,2015,Las Cruces,NM,Shell,( N Motel Blvd ) ZA,I-10 Exit 139 ,Exit,139,False,,False,I-10,,,,,[],[],"[356, 363, 365, 367, 370, 375, 381, 391, 396, 811, 818, 820, 825, 831, 841, 846]","[14, 83, 499, 554]",[],"[0, 5, 7, 10, 14, 19, 20, 22, 24, 32, 33, 34, 37, 38, 40, 44, 46, 48, 49, 51, 56, 61, 63, 65, 67, 68, 73, 74, 75, 76, 79, 81, 82, 83, 85, 87, 88, 92, 93, 95, 96, 99, 100, 101, 115, 116, 124, 134, 142, 161, 167, 169, 170, 186, 202, 240, 244, 254, 260, 267, 277, 300, 303, 307, 310, 322, 331, 376, 485, 491, 493, 495, 499, 503, 504, 506, 508, 515, 518, 519, 521, 524, 526, 528, 533, 537, 539, 542, 543, 547, 548, 549, 550, 551, 553, 554, 556, 558, 559, 563, 564, 566, 567, 570, 571, 572, 586, 587, 595, 605, 613, 633, 639, 640, 641, 657, 672, 704, 717, 726, 736, 759, 761, 765, 768, 780, 788, 792, 826]","[1, 13, 14, 29, 54, 55, 56, 57, 58, 60, 102, 118, 125, 127, 130, 134, 146, 149, 153, 175, 182, 187, 189, 191, 197, 225, 230, 238, 264, 265, 266, 286, 302, 317, 336, 379, 388, 389, 425, 454, 458, 463, 475, 487, 498, 499, 512, 530, 531, 532, 533, 534, 536, 573, 589, 596, 598, 601, 605, 617, 620, 624, 646, 653, 658, 660, 662, 668, 689, 694, 702, 724, 725, 745, 760, 775, 793, 829, 838, 839, 877, 901, 903, 905, 910, 923]","[1, 13, 14, 29, 54, 55, 56, 57, 58, 60, 102, 118, 125, 127, 130, 134, 146, 149, 153, 175, 182, 187, 189, 191, 197, 225, 230, 238, 264, 265, 266, 286, 301, 302, 317, 336, 354, 379, 388, 389, 425, 454, 458, 463, 475, 476, 487, 498, 499, 512, 530, 531, 532, 533, 534, 536, 573, 589, 596, 598, 601, 605, 617, 620, 624, 646, 653, 658, 660, 662, 668, 689, 694, 702, 724, 725, 745, 760, 775, 793, 809, 829, 838, 839, 877, 901, 903, 905, 910, 923, 924, 925]","[0, 1, 512, 515, 5, 518, 7, 519, 521, 10, 524, 13, 14, 526, 528, 530, 19, 20, 533, 22, 531, 24, 537, 532, 539, 534, 29, 542, 543, 32, 33, 34, 547, 548, 37, 38, 549, 40, 550, 554, 551, 44, 553, 46, 556, 48, 49, 558, 51, 559, 563, 564, 566, 56, 567, 570, 571, 572, 61, 54, 63, 55, 65, 57, 67, 68, 60, 573, 73, 74, 75, 76, 586, 587, 79, 589, 81, 82, 83, 595, 85, 596, 87, 88, 598, 601, 92, 93, 605, 95, 96, 99, 100, 101, 613, 102, 617, 620, 624, 115, 116, 118, 633, 124, 125, 639, 640, 641, 127, 130, 134, 646, 536, 653, 142, 657, 146, 658, 660, 149, 662, 153, 668, 672, 161, 167, 169, 170, 175, 689, 182, 694, 186, 187, 189, 702, 191, 704, 197, 202, 717, 724, 725, 726, 736, 225, 230, 745, 238, 240, 244, 759, 760, 761, 765, 254, 768, 260, 775, 264, 265, 266, 267, 780, 788, 277, 792, 793, 286, 58, 809, 811, 300, 301, 302, 303, 818, 307, 820, 310, 825, 826, 317, 829, 831, 322, 838, 839, 841, 331, 846, 336, 354, 356, 363, 365, 877, 367, 370, 375, 376, 379, 381, 388, 389, 901, 391, 903, 905, 396, 910, 923, 924, 925, 425, 454, 458, 463, 475, 476, 485, 487, 491, 493, 495, 498, 499, 503, 504, 506, 508]",False,[],[],"[356, 363, 365, 367, 370, 375, 381, 391, 396, 811, 818, 820, 825, 831, 841, 846]","[14, 83, 499, 554]","[0, 5, 7, 10, 14, 19, 20, 22, 24, 32, 33, 34, 37, 38, 40, 44, 46, 48, 49, 51, 56, 61, 63, 65, 67, 68, 73, 74, 75, 76, 79, 81, 82, 83, 85, 87, 88, 92, 93, 95, 96, 99, 100, 101, 115, 116, 124, 134, 142, 161, 167, 169, 170, 186, 202, 240, 244, 254, 260, 267, 277, 300, 303, 307, 310, 322, 331, 376, 485, 491, 493, 495, 499, 503, 504, 506, 508, 515, 518, 519, 521, 524, 526, 528, 533, 537, 539, 542, 543, 547, 548, 549, 550, 551, 553, 554, 556, 558, 559, 563, 564, 566, 567, 570, 571, 572, 586, 587, 595, 605, 613, 633, 639, 640, 641, 657, 672, 704, 717, 726, 736, 759, 761, 765, 768, 780, 788, 792, 826]","[1, 13, 14, 29, 54, 55, 56, 57, 58, 60, 102, 118, 125, 127, 130, 134, 146, 149, 153, 175, 182, 187, 189, 191, 197, 225, 230, 238, 264, 265, 266, 286, 301, 302, 317, 336, 354, 379, 388, 389, 425, 454, 458, 463, 475, 476, 487, 498, 499, 512, 530, 531, 532, 533, 534, 536, 573, 589, 596, 598, 601, 605, 617, 620, 624, 646, 653, 658, 660, 662, 668, 689, 694, 702, 724, 725, 745, 760, 775, 793, 809, 829, 838, 839, 877, 901, 903, 905, 910, 923, 924, 925]","[1, 13, 14, 29, 54, 55, 56, 57, 58, 60, 102, 118, 125, 127, 130, 134, 146, 149, 153, 175, 182, 187, 189, 191, 197, 225, 230, 238, 264, 265, 266, 286, 302, 317, 336, 379, 388, 389, 425, 454, 458, 463, 475, 487, 498, 499, 512, 530, 531, 532, 533, 534, 536, 573, 589, 596, 598, 601, 605, 617, 620, 624, 646, 653, 658, 660, 662, 668, 689, 694, 702, 724, 725, 745, 760, 775, 793, 829, 838, 839, 877, 901, 903, 905, 910, 923]",0/6 successful match,False,,False,598,False,,1.0,True,TA Las Cruces # 014 ( Shell ),Shell
Las Cruces ( 88007 ) TA Las Cruces # 014 ( Shell ),3 575-527-7400 I-10 Exit 139 ( N Motel Blvd ),24 <U+25A1> XL 24 O,Las Cruces,88007,TA Las Cruces # 014 ( Shell ),575-527-7400,2016,Las Cruces,NM,Shell,( N Motel Blvd ),I-10 Exit 139 ,Exit,139,False,,False,I-10,,,,,[],[],"[356, 363, 365, 367, 370, 375, 381, 391, 396, 811, 818, 820, 825, 831, 841, 846]","[14, 83, 499, 554]",[],"[0, 5, 7, 10, 14, 19, 20, 22, 24, 32, 33, 34, 37, 38, 40, 44, 46, 48, 49, 51, 56, 61, 63, 65, 67, 68, 73, 74, 75, 76, 79, 81, 82, 83, 85, 87, 88, 92, 93, 95, 96, 99, 100, 101, 115, 116, 124, 134, 142, 161, 167, 169, 170, 186, 202, 240, 244, 254, 260, 267, 277, 300, 303, 307, 310, 322, 331, 376, 485, 491, 493, 495, 499, 503, 504, 506, 508, 515, 518, 519, 521, 524, 526, 528, 533, 537, 539, 542, 543, 547, 548, 549, 550, 551, 553, 554, 556, 558, 559, 563, 564, 566, 567, 570, 571, 572, 586, 587, 595, 605, 613, 633, 639, 640, 641, 657, 672, 704, 717, 726, 736, 759, 761, 765, 768, 780, 788, 792, 826]","[1, 13, 14, 29, 54, 55, 56, 57, 58, 60, 102, 118, 125, 127, 130, 134, 146, 149, 153, 175, 182, 187, 189, 191, 197, 225, 230, 238, 264, 265, 266, 286, 302, 317, 336, 379, 388, 389, 425, 454, 458, 463, 475, 487, 498, 499, 512, 530, 531, 532, 533, 534, 536, 573, 589, 596, 598, 601, 605, 617, 620, 624, 646, 653, 658, 660, 662, 668, 689, 694, 702, 724, 725, 745, 760, 775, 793, 829, 838, 839, 877, 901, 903, 905, 910, 923]","[1, 13, 14, 29, 54, 55, 56, 57, 58, 60, 102, 118, 125, 127, 130, 134, 146, 149, 153, 175, 182, 187, 189, 191, 197, 225, 230, 238, 264, 265, 266, 286, 301, 302, 317, 336, 354, 379, 388, 389, 425, 454, 458, 463, 475, 476, 487, 498, 499, 512, 530, 531, 532, 533, 534, 536, 573, 589, 596, 598, 601, 605, 617, 620, 624, 646, 653, 658, 660, 662, 668, 689, 694, 702, 724, 725, 745, 760, 775, 793, 809, 829, 838, 839, 877, 901, 903, 905, 910, 923, 924, 925]","[0, 1, 512, 515, 5, 518, 7, 519, 521, 10, 524, 13, 14, 526, 528, 530, 19, 20, 533, 22, 531, 24, 537, 532, 539, 534, 29, 542, 543, 32, 33, 34, 547, 548, 37, 38, 549, 40, 550, 554, 551, 44, 553, 46, 556, 48, 49, 558, 51, 559, 563, 564, 566, 56, 567, 570, 571, 572, 61, 54, 63, 55, 65, 57, 67, 68, 60, 573, 73, 74, 75, 76, 586, 587, 79, 589, 81, 82, 83, 595, 85, 596, 87, 88, 598, 601, 92, 93, 605, 95, 96, 99, 100, 101, 613, 102, 617, 620, 624, 115, 116, 118, 633, 124, 125, 639, 640, 641, 127, 130, 134, 646, 536, 653, 142, 657, 146, 658, 660, 149, 662, 153, 668, 672, 161, 167, 169, 170, 175, 689, 182, 694, 186, 187, 189, 702, 191, 704, 197, 202, 717, 724, 725, 726, 736, 225, 230, 745, 238, 240, 244, 759, 760, 761, 765, 254, 768, 260, 775, 264, 265, 266, 267, 780, 788, 277, 792, 793, 286, 58, 809, 811, 300, 301, 302, 303, 818, 307, 820, 310, 825, 826, 317, 829, 831, 322, 838, 839, 841, 331, 846, 336, 354, 356, 363, 365, 877, 367, 370, 375, 376, 379, 381, 388, 389, 901, 391, 903, 905, 396, 910, 923, 924, 925, 425, 454, 458, 463, 475, 476, 485, 487, 491, 493, 495, 498, 499, 503, 504, 506, 508]",False,[],[],"[356, 363, 365, 367, 370, 375, 381, 391, 396, 811, 818, 820, 825, 831, 841, 846]","[14, 83, 499, 554]","[0, 5, 7, 10, 14, 19, 20, 22, 24, 32, 33, 34, 37, 38, 40, 44, 46, 48, 49, 51, 56, 61, 63, 65, 67, 68, 73, 74, 75, 76, 79, 81, 82, 83, 85, 87, 88, 92, 93, 95, 96, 99, 100, 101, 115, 116, 124, 134, 142, 161, 167, 169, 170, 186, 202, 240, 244, 254, 260, 267, 277, 300, 303, 307, 310, 322, 331, 376, 485, 491, 493, 495, 499, 503, 504, 506, 508, 515, 518, 519, 521, 524, 526, 528, 533, 537, 539, 542, 543, 547, 548, 549, 550, 551, 553, 554, 556, 558, 559, 563, 564, 566, 567, 570, 571, 572, 586, 587, 595, 605, 613, 633, 639, 640, 641, 657, 672, 704, 717, 726, 736, 759, 761, 765, 768, 780, 788, 792, 826]","[1, 13, 14, 29, 54, 55, 56, 57, 58, 60, 102, 118, 125, 127, 130, 134, 146, 149, 153, 175, 182, 187, 189, 191, 197, 225, 230, 238, 264, 265, 266, 286, 301, 302, 317, 336, 354, 379, 388, 389, 425, 454, 458, 463, 475, 476, 487, 498, 499, 512, 530, 531, 532, 533, 534, 536, 573, 589, 596, 598, 601, 605, 617, 620, 624, 646, 653, 658, 660, 662, 668, 689, 694, 702, 724, 725, 745, 760, 775, 793, 809, 829, 838, 839, 877, 901, 903, 905, 910, 923, 924, 925]","[1, 13, 14, 29, 54, 55, 56, 57, 58, 60, 102, 118, 125, 127, 130, 134, 146, 149, 153, 175, 182, 187, 189, 191, 197, 225, 230, 238, 264, 265, 266, 286, 302, 317, 336, 379, 388, 389, 425, 454, 458, 463, 475, 487, 498, 499, 512, 530, 531, 532, 533, 534, 536, 573, 589, 596, 598, 601, 605, 617, 620, 624, 646, 653, 658, 660, 662, 668, 689, 694, 702, 724, 725, 745, 760, 775, 793, 829, 838, 839, 877, 901, 903, 905, 910, 923]",0/6 successful match,False,,False,598,False,,1.0,True,TA Las Cruces # 014 ( Shell ),Shell
"Deming , 88030 Deming Truck Terminal # 801 ( USA )",505-546-8833 I-10 Exit 81 ( Spruce St ),HRS HRS,Deming,88030,Deming Truck Terminal # 801 ( USA ),505-546-8833,2006,Deming,NM,,( Spruce St ),I-10 Exit 81 ,Exit,81,False,,False,I-10,,,,,[],[],[],[],[],"[0, 5, 7, 10, 14, 19, 20, 22, 24, 32, 33, 34, 37, 38, 40, 44, 46, 48, 49, 51, 56, 61, 63, 65, 67, 68, 73, 74, 75, 76, 79, 81, 82, 83, 85, 87, 88, 92, 93, 95, 96, 99, 100, 101, 115, 116, 124, 134, 142, 161, 167, 169, 170, 186, 202, 240, 244, 254, 260, 267, 277, 300, 303, 307, 310, 322, 331, 376, 485, 491, 493, 495, 499, 503, 504, 506, 508, 515, 518, 519, 521, 524, 526, 528, 533, 537, 539, 542, 543, 547, 548, 549, 550, 551, 553, 554, 556, 558, 559, 563, 564, 566, 567, 570, 571, 572, 586, 587, 595, 605, 613, 633, 639, 640, 641, 657, 672, 704, 717, 726, 736, 759, 761, 765, 768, 780, 788, 792, 826]",[],"[99, 126, 570, 597]","[0, 515, 5, 518, 7, 519, 521, 10, 524, 14, 526, 528, 19, 20, 533, 22, 24, 537, 539, 542, 543, 32, 33, 34, 547, 548, 37, 38, 549, 40, 550, 551, 553, 44, 554, 46, 556, 48, 49, 558, 51, 559, 563, 564, 566, 56, 567, 570, 571, 572, 61, 63, 65, 67, 68, 73, 74, 75, 76, 586, 587, 79, 81, 82, 83, 595, 85, 597, 87, 88, 92, 93, 605, 95, 96, 99, 100, 101, 613, 115, 116, 633, 124, 126, 639, 640, 641, 134, 142, 657, 672, 161, 167, 169, 170, 186, 704, 202, 717, 726, 736, 240, 244, 759, 761, 765, 254, 768, 260, 267, 780, 788, 277, 792, 300, 303, 307, 310, 826, 322, 331, 376, 485, 491, 493, 495, 499, 503, 504, 506, 508]",False,[],[],[],[],"[0, 5, 7, 10, 14, 19, 20, 22, 24, 32, 33, 34, 37, 38, 40, 44, 46, 48, 49, 51, 56, 61, 63, 65, 67, 68, 73, 74, 75, 76, 79, 81, 82, 83, 85, 87, 88, 92, 93, 95, 96, 99, 100, 101, 115, 116, 124, 134, 142, 161, 167, 169, 170, 186, 202, 240, 244, 254, 260, 267, 277, 300, 303, 307, 310, 322, 331, 376, 485, 491, 493, 495, 499, 503, 504, 506, 508, 515, 518, 519, 521, 524, 526, 528, 533, 537, 539, 542, 543, 547, 548, 549, 550, 551, 553, 554, 556, 558, 559, 563, 564, 566, 567, 570, 571, 572, 586, 587, 595, 605, 613, 633, 639, 640, 641, 657, 672, 704, 717, 726, 736, 759, 761, 765, 768, 780, 788, 792, 826]","[99, 126, 570, 597]",[],0/6 successful match,False,,False,599,False,,,,,
"Deming , 88030 Deming Truck Terminal # 801 ( USA )",505-546-8833 I-10 Exit 81 ( Spruce St ),) 24 XL,Deming,88030,Deming Truck Terminal # 801 ( USA ),505-546-8833,2007,Deming,NM,,( Spruce St ),I-10 Exit 81 ,Exit,81,False,,False,I-10,,,,,[],[],[],[],[],"[0, 5, 7, 10, 14, 19, 20, 22, 24, 32, 33, 34, 37, 38, 40, 44, 46, 48, 49, 51, 56, 61, 63, 65, 67, 68, 73, 74, 75, 76, 79, 81, 82, 83, 85, 87, 88, 92, 93, 95, 96, 99, 100, 101, 115, 116, 124, 134, 142, 161, 167, 169, 170, 186, 202, 240, 244, 254, 260, 267, 277, 300, 303, 307, 310, 322, 331, 376, 485, 491, 493, 495, 499, 503, 504, 506, 508, 515, 518, 519, 521, 524, 526, 528, 533, 537, 539, 542, 543, 547, 548, 549, 550, 551, 553, 554, 556, 558, 559, 563, 564, 566, 567, 570, 571, 572, 586, 587, 595, 605, 613, 633, 639, 640, 641, 657, 672, 704, 717, 726, 736, 759, 761, 765, 768, 780, 788, 792, 826]",[],"[99, 126, 570, 597]","[0, 515, 5, 518, 7, 519, 521, 10, 524, 14, 526, 528, 19, 20, 533, 22, 24, 537, 539, 542, 543, 32, 33, 34, 547, 548, 37, 38, 549, 40, 550, 551, 553, 44, 554, 46, 556, 48, 49, 558, 51, 559, 563, 564, 566, 56, 567, 570, 571, 572, 61, 63, 65, 67, 68, 73, 74, 75, 76, 586, 587, 79, 81, 82, 83, 595, 85, 597, 87, 88, 92, 93, 605, 95, 96, 99, 100, 101, 613, 115, 116, 633, 124, 126, 639, 640, 641, 134, 142, 657, 672, 161, 167, 169, 170, 186, 704, 202, 717, 726, 736, 240, 244, 759, 761, 765, 254, 768, 260, 267, 780, 788, 277, 792, 300, 303, 307, 310, 826, 322, 331, 376, 485, 491, 493, 495, 499, 503, 504, 506, 508]",False,[],[],[],[],"[0, 5, 7, 10, 14, 19, 20, 22, 24, 32, 33, 34, 37, 38, 40, 44, 46, 48, 49, 51, 56, 61, 63, 65, 67, 68, 73, 74, 75, 76, 79, 81, 82, 83, 85, 87, 88, 92, 93, 95, 96, 99, 100, 101, 115, 116, 124, 134, 142, 161, 167, 169, 170, 186, 202, 240, 244, 254, 260, 267, 277, 300, 303, 307, 310, 322, 331, 376, 485, 491, 493, 495, 499, 503, 504, 506, 508, 515, 518, 519, 521, 524, 526, 528, 533, 537, 539, 542, 543, 547, 548, 549, 550, 551, 553, 554, 556, 558, 559, 563, 564, 566, 567, 570, 571, 572, 586, 587, 595, 605, 613, 633, 639, 640, 641, 657, 672, 704, 717, 726, 736, 759, 761, 765, 768, 780, 788, 792, 826]","[99, 126, 570, 597]",[],0/6 successful match,False,,False,599,False,,1.0,True,Deming Truck Terminal # 801 ( USA ),
"Deming , 88030 Deming Truck Terminal # 801 ( USA of ) town )",2 505-546-8833 I-10 Exit 81 ( Spruce St ),) 24 HRS XL 240,Deming,88030,Deming Truck Terminal # 801 ( USA of ) town ),505-546-8833,2008,Deming,NM,,( Spruce St ),I-10 Exit 81 ,Exit,81,False,,False,I-10,,,,,[],[],[],[],[],"[0, 5, 7, 10, 14, 19, 20, 22, 24, 32, 33, 34, 37, 38, 40, 44, 46, 48, 49, 51, 56, 61, 63, 65, 67, 68, 73, 74, 75, 76, 79, 81, 82, 83, 85, 87, 88, 92, 93, 95, 96, 99, 100, 101, 115, 116, 124, 134, 142, 161, 167, 169, 170, 186, 202, 240, 244, 254, 260, 267, 277, 300, 303, 307, 310, 322, 331, 376, 485, 491, 493, 495, 499, 503, 504, 506, 508, 515, 518, 519, 521, 524, 526, 528, 533, 537, 539, 542, 543, 547, 548, 549, 550, 551, 553, 554, 556, 558, 559, 563, 564, 566, 567, 570, 571, 572, 586, 587, 595, 605, 613, 633, 639, 640, 641, 657, 672, 704, 717, 726, 736, 759, 761, 765, 768, 780, 788, 792, 826]",[],"[99, 126, 570, 597]","[0, 515, 5, 518, 7, 519, 521, 10, 524, 14, 526, 528, 19, 20, 533, 22, 24, 537, 539, 542, 543, 32, 33, 34, 547, 548, 37, 38, 549, 40, 550, 551, 553, 44, 554, 46, 556, 48, 49, 558, 51, 559, 563, 564, 566, 56, 567, 570, 571, 572, 61, 63, 65, 67, 68, 73, 74, 75, 76, 586, 587, 79, 81, 82, 83, 595, 85, 597, 87, 88, 92, 93, 605, 95, 96, 99, 100, 101, 613, 115, 116, 633, 124, 126, 639, 640, 641, 134, 142, 657, 672, 161, 167, 169, 170, 186, 704, 202, 717, 726, 736, 240, 244, 759, 761, 765, 254, 768, 260, 267, 780, 788, 277, 792, 300, 303, 307, 310, 826, 322, 331, 376, 485, 491, 493, 495, 499, 503, 504, 506, 508]",False,[],[],[],[],"[0, 5, 7, 10, 14, 19, 20, 22, 24, 32, 33, 34, 37, 38, 40, 44, 46, 48, 49, 51, 56, 61, 63, 65, 67, 68, 73, 74, 75, 76, 79, 81, 82, 83, 85, 87, 88, 92, 93, 95, 96, 99, 100, 101, 115, 116, 124, 134, 142, 161, 167, 169, 170, 186, 202, 240, 244, 254, 260, 267, 277, 300, 303, 307, 310, 322, 331, 376, 485, 491, 493, 495, 499, 503, 504, 506, 508, 515, 518, 519, 521, 524, 526, 528, 533, 537, 539, 542, 543, 547, 548, 549, 550, 551, 553, 554, 556, 558, 559, 563, 564, 566, 567, 570, 571, 572, 586, 587, 595, 605, 613, 633, 639, 640, 641, 657, 672, 704, 717, 726, 736, 759, 761, 765, 768, 780, 788, 792, 826]","[99, 126, 570, 597]",[],0/6 successful match,False,,False,599,False,,1.0,True,Deming Truck Terminal # 801 ( USA ),
H Deming ( 88030 ) Deming Truck Terminal,575-544-2222 I-10 Exit 81 ( Spruce St ),24 XL D HR3 24,Deming,88030,Deming Truck Terminal,575-544-2222,2014,Deming,NM,,( Spruce St ),I-10 Exit 81 ,Exit,81,False,,False,I-10,,,,,[],[],[],[],[],"[0, 5, 7, 10, 14, 19, 20, 22, 24, 32, 33, 34, 37, 38, 40, 44, 46, 48, 49, 51, 56, 61, 63, 65, 67, 68, 73, 74, 75, 76, 79, 81, 82, 83, 85, 87, 88, 92, 93, 95, 96, 99, 100, 101, 115, 116, 124, 134, 142, 161, 167, 169, 170, 186, 202, 240, 244, 254, 260, 267, 277, 300, 303, 307, 310, 322, 331, 376, 485, 491, 493, 495, 499, 503, 504, 506, 508, 515, 518, 519, 521, 524, 526, 528, 533, 537, 539, 542, 543, 547, 548, 549, 550, 551, 553, 554, 556, 558, 559, 563, 564, 566, 567, 570, 571, 572, 586, 587, 595, 605, 613, 633, 639, 640, 641, 657, 672, 704, 717, 726, 736, 759, 761, 765, 768, 780, 788, 792, 826]",[],"[99, 126, 570, 597]","[0, 515, 5, 518, 7, 519, 521, 10, 524, 14, 526, 528, 19, 20, 533, 22, 24, 537, 539, 542, 543, 32, 33, 34, 547, 548, 37, 38, 549, 40, 550, 551, 553, 44, 554, 46, 556, 48, 49, 558, 51, 559, 563, 564, 566, 56, 567, 570, 571, 572, 61, 63, 65, 67, 68, 73, 74, 75, 76, 586, 587, 79, 81, 82, 83, 595, 85, 597, 87, 88, 92, 93, 605, 95, 96, 99, 100, 101, 613, 115, 116, 633, 124, 126, 639, 640, 641, 134, 142, 657, 672, 161, 167, 169, 170, 186, 704, 202, 717, 726, 736, 240, 244, 759, 761, 765, 254, 768, 260, 267, 780, 788, 277, 792, 300, 303, 307, 310, 826, 322, 331, 376, 485, 491, 493, 495, 499, 503, 504, 506, 508]",False,[],[],[],[],"[0, 5, 7, 10, 14, 19, 20, 22, 24, 32, 33, 34, 37, 38, 40, 44, 46, 48, 49, 51, 56, 61, 63, 65, 67, 68, 73, 74, 75, 76, 79, 81, 82, 83, 85, 87, 88, 92, 93, 95, 96, 99, 100, 101, 115, 116, 124, 134, 142, 161, 167, 169, 170, 186, 202, 240, 244, 254, 260, 267, 277, 300, 303, 307, 310, 322, 331, 376, 485, 491, 493, 495, 499, 503, 504, 506, 508, 515, 518, 519, 521, 524, 526, 528, 533, 537, 539, 542, 543, 547, 548, 549, 550, 551, 553, 554, 556, 558, 559, 563, 564, 566, 567, 570, 571, 572, 586, 587, 595, 605, 613, 633, 639, 640, 641, 657, 672, 704, 717, 726, 736, 759, 761, 765, 768, 780, 788, 792, 826]","[99, 126, 570, 597]",[],0/6 successful match,False,,False,599,False,,0.850909090909091,True,Deming Truck Terminal # 801 ( USA of ) town ),
Deming ( 88030 ) Deming Truck Terminal ),2 575-544-2222 I-10 Exit 81 ( Spruce,R XL <U+2610> HRO,Deming,88030,Deming Truck Terminal ),575-544-2222,2015,Deming,NM,,( Spruce,I-10 Exit 81 ,Exit,81,False,,False,I-10,,,,,[],[],[],[],[],"[0, 5, 7, 10, 14, 19, 20, 22, 24, 32, 33, 34, 37, 38, 40, 44, 46, 48, 49, 51, 56, 61, 63, 65, 67, 68, 73, 74, 75, 76, 79, 81, 82, 83, 85, 87, 88, 92, 93, 95, 96, 99, 100, 101, 115, 116, 124, 134, 142, 161, 167, 169, 170, 186, 202, 240, 244, 254, 260, 267, 277, 300, 303, 307, 310, 322, 331, 376, 485, 491, 493, 495, 499, 503, 504, 506, 508, 515, 518, 519, 521, 524, 526, 528, 533, 537, 539, 542, 543, 547, 548, 549, 550, 551, 553, 554, 556, 558, 559, 563, 564, 566, 567, 570, 571, 572, 586, 587, 595, 605, 613, 633, 639, 640, 641, 657, 672, 704, 717, 726, 736, 759, 761, 765, 768, 780, 788, 792, 826]",[],"[99, 126, 570, 597]","[0, 515, 5, 518, 7, 519, 521, 10, 524, 14, 526, 528, 19, 20, 533, 22, 24, 537, 539, 542, 543, 32, 33, 34, 547, 548, 37, 38, 549, 40, 550, 551, 553, 44, 554, 46, 556, 48, 49, 558, 51, 559, 563, 564, 566, 56, 567, 570, 571, 572, 61, 63, 65, 67, 68, 73, 74, 75, 76, 586, 587, 79, 81, 82, 83, 595, 85, 597, 87, 88, 92, 93, 605, 95, 96, 99, 100, 101, 613, 115, 116, 633, 124, 126, 639, 640, 641, 134, 142, 657, 672, 161, 167, 169, 170, 186, 704, 202, 717, 726, 736, 240, 244, 759, 761, 765, 254, 768, 260, 267, 780, 788, 277, 792, 300, 303, 307, 310, 826, 322, 331, 376, 485, 491, 493, 495, 499, 503, 504, 506, 508]",False,[],[],[],[],"[0, 5, 7, 10, 14, 19, 20, 22, 24, 32, 33, 34, 37, 38, 40, 44, 46, 48, 49, 51, 56, 61, 63, 65, 67, 68, 73, 74, 75, 76, 79, 81, 82, 83, 85, 87, 88, 92, 93, 95, 96, 99, 100, 101, 115, 116, 124, 134, 142, 161, 167, 169, 170, 186, 202, 240, 244, 254, 260, 267, 277, 300, 303, 307, 310, 322, 331, 376, 485, 491, 493, 495, 499, 503, 504, 506, 508, 515, 518, 519, 521, 524, 526, 528, 533, 537, 539, 542, 543, 547, 548, 549, 550, 551, 553, 554, 556, 558, 559, 563, 564, 566, 567, 570, 571, 572, 586, 587, 595, 605, 613, 633, 639, 640, 641, 657, 672, 704, 717, 726, 736, 759, 761, 765, 768, 780, 788, 792, 826]","[99, 126, 570, 597]",[],0/6 successful match,False,,False,599,False,,1.0,True,Deming Truck Terminal,
Deming ( 88030 ) 5R Travel Center ( Valero ),575-544-7725 1695 US 180 N ( S of NM 26 ),24 <U+25A1> MO <U+25A1>,Deming,88030,5R Travel Center ( Valero ),575-544-7725,2016,Deming,NM,Valero,( S of NM 26 ),1695 US 180 N,Proper,,False,,False,US 180,,,,,[],[],[],[],[],[],"[2, 9, 10, 82, 111, 112, 113, 199, 279, 284, 285, 300, 488, 494, 495, 553, 581, 582, 583, 670, 738, 743, 744, 759, 818]","[2, 9, 10, 82, 111, 112, 113, 199, 279, 284, 285, 300, 488, 494, 495, 553, 581, 582, 583, 670, 738, 743, 744, 759, 818]","[2, 9, 10, 279, 284, 285, 670, 553, 300, 818, 581, 582, 199, 583, 82, 738, 743, 488, 744, 494, 111, 112, 113, 495, 759]",False,[],[],[],[],[],"[2, 9, 10, 82, 111, 112, 113, 199, 279, 284, 285, 300, 488, 494, 495, 553, 581, 582, 583, 670, 738, 743, 744, 759, 818]","[2, 9, 10, 82, 111, 112, 113, 199, 279, 284, 285, 300, 488, 494, 495, 553, 581, 582, 583, 670, 738, 743, 744, 759, 818]",0/6 successful match,False,,False,599,False,,0.22,True,Deming Truck Terminal ),
Deming ( 88030 ) Corner Store # 1286 ( Valero ),575-546-0590 3825 NM 11 S,<U+2610>,Deming,88030,Corner Store # 1286 ( Valero ),575-546-0590,2016,Deming,NM,Valero,,3825 NM 11 S,Proper,,False,,False,3825 NM,,,,,[],[],[],[],[],[],"[2, 9, 10, 82, 111, 112, 113, 199, 279, 284, 285, 300, 488, 494, 495, 553, 581, 582, 583, 670, 738, 743, 744, 759, 818]","[2, 9, 10, 82, 111, 112, 113, 196, 199, 279, 284, 285, 300, 397, 488, 494, 495, 553, 581, 582, 583, 667, 670, 738, 743, 744, 759, 818, 847]","[2, 9, 10, 397, 279, 667, 284, 285, 670, 553, 300, 818, 196, 581, 582, 199, 583, 847, 82, 738, 743, 488, 744, 494, 111, 112, 113, 495, 759]",False,[],[],[],[],[],"[2, 9, 10, 82, 111, 112, 113, 196, 199, 279, 284, 285, 300, 397, 488, 494, 495, 553, 581, 582, 583, 667, 670, 738, 743, 744, 759, 818, 847]","[2, 9, 10, 82, 111, 112, 113, 199, 279, 284, 285, 300, 488, 494, 495, 553, 581, 582, 583, 670, 738, 743, 744, 759, 818]",0/6 successful match,False,,False,600,False,,,,,
"Deming , 88031 Savoy Truck Stop",505-546-7070 I-10 Exit 68 ( NM 418 - 13 mi W of town ),) 24 HRS <U+2610> 24 HRS <U+2610><U+2610>,Deming,88031,Savoy Truck Stop,505-546-7070,2006,Deming,NM,,( NM 418 - 13 mi W of town ),I-10 Exit 68 ,Exit,68,False,,False,I-10,,,,,[],[],[],"[186, 247, 267, 657, 726]",[],"[0, 5, 7, 10, 14, 19, 20, 22, 24, 32, 33, 34, 37, 38, 40, 44, 46, 48, 49, 51, 56, 61, 63, 65, 67, 68, 73, 74, 75, 76, 79, 81, 82, 83, 85, 87, 88, 92, 93, 95, 96, 99, 100, 101, 115, 116, 124, 134, 142, 161, 167, 169, 170, 186, 202, 240, 244, 254, 260, 267, 277, 300, 303, 307, 310, 322, 331, 376, 485, 491, 493, 495, 499, 503, 504, 506, 508, 515, 518, 519, 521, 524, 526, 528, 533, 537, 539, 542, 543, 547, 548, 549, 550, 551, 553, 554, 556, 558, 559, 563, 564, 566, 567, 570, 571, 572, 586, 587, 595, 605, 613, 633, 639, 640, 641, 657, 672, 704, 717, 726, 736, 759, 761, 765, 768, 780, 788, 792, 826]",[],[],"[0, 515, 5, 518, 7, 519, 521, 10, 524, 14, 526, 528, 19, 20, 533, 22, 24, 537, 539, 542, 543, 32, 33, 34, 547, 548, 37, 38, 549, 40, 550, 551, 553, 44, 554, 46, 556, 48, 49, 558, 51, 559, 563, 564, 566, 56, 567, 570, 571, 572, 61, 63, 65, 67, 68, 73, 74, 75, 76, 586, 587, 79, 81, 82, 83, 595, 85, 87, 88, 92, 93, 605, 95, 96, 99, 100, 101, 613, 115, 116, 633, 124, 639, 640, 641, 134, 142, 657, 672, 161, 167, 169, 170, 186, 704, 202, 717, 726, 736, 240, 244, 247, 759, 761, 765, 254, 768, 260, 267, 780, 788, 277, 792, 300, 303, 307, 310, 826, 322, 331, 376, 485, 491, 493, 495, 499, 503, 504, 506, 508]",False,[],[],[],"[186, 247, 267, 657, 726]","[0, 5, 7, 10, 14, 19, 20, 22, 24, 32, 33, 34, 37, 38, 40, 44, 46, 48, 49, 51, 56, 61, 63, 65, 67, 68, 73, 74, 75, 76, 79, 81, 82, 83, 85, 87, 88, 92, 93, 95, 96, 99, 100, 101, 115, 116, 124, 134, 142, 161, 167, 169, 170, 186, 202, 240, 244, 254, 260, 267, 277, 300, 303, 307, 310, 322, 331, 376, 485, 491, 493, 495, 499, 503, 504, 506, 508, 515, 518, 519, 521, 524, 526, 528, 533, 537, 539, 542, 543, 547, 548, 549, 550, 551, 553, 554, 556, 558, 559, 563, 564, 566, 567, 570, 571, 572, 586, 587, 595, 605, 613, 633, 639, 640, 641, 657, 672, 704, 717, 726, 736, 759, 761, 765, 768, 780, 788, 792, 826]",[],[],0/6 successful match,False,,False,601,False,,,,,
"Deming , 88031 Savoy Travel Center",505-546-7070 I-10 Exit 68 ( NM 418 13 mi W of,town ) 24 24 HRS,Deming,88031,Savoy Travel Center,505-546-7070,2007,Deming,NM,,( NM 418 13 mi W of,I-10 Exit 68 ,Exit,68,False,,False,I-10,,,,,[],[],[],"[186, 247, 267, 657, 726]",[],"[0, 5, 7, 10, 14, 19, 20, 22, 24, 32, 33, 34, 37, 38, 40, 44, 46, 48, 49, 51, 56, 61, 63, 65, 67, 68, 73, 74, 75, 76, 79, 81, 82, 83, 85, 87, 88, 92, 93, 95, 96, 99, 100, 101, 115, 116, 124, 134, 142, 161, 167, 169, 170, 186, 202, 240, 244, 254, 260, 267, 277, 300, 303, 307, 310, 322, 331, 376, 485, 491, 493, 495, 499, 503, 504, 506, 508, 515, 518, 519, 521, 524, 526, 528, 533, 537, 539, 542, 543, 547, 548, 549, 550, 551, 553, 554, 556, 558, 559, 563, 564, 566, 567, 570, 571, 572, 586, 587, 595, 605, 613, 633, 639, 640, 641, 657, 672, 704, 717, 726, 736, 759, 761, 765, 768, 780, 788, 792, 826]",[],[],"[0, 515, 5, 518, 7, 519, 521, 10, 524, 14, 526, 528, 19, 20, 533, 22, 24, 537, 539, 542, 543, 32, 33, 34, 547, 548, 37, 38, 549, 40, 550, 551, 553, 44, 554, 46, 556, 48, 49, 558, 51, 559, 563, 564, 566, 56, 567, 570, 571, 572, 61, 63, 65, 67, 68, 73, 74, 75, 76, 586, 587, 79, 81, 82, 83, 595, 85, 87, 88, 92, 93, 605, 95, 96, 99, 100, 101, 613, 115, 116, 633, 124, 639, 640, 641, 134, 142, 657, 672, 161, 167, 169, 170, 186, 704, 202, 717, 726, 736, 240, 244, 247, 759, 761, 765, 254, 768, 260, 267, 780, 788, 277, 792, 300, 303, 307, 310, 826, 322, 331, 376, 485, 491, 493, 495, 499, 503, 504, 506, 508]",False,[],[],[],"[186, 247, 267, 657, 726]","[0, 5, 7, 10, 14, 19, 20, 22, 24, 32, 33, 34, 37, 38, 40, 44, 46, 48, 49, 51, 56, 61, 63, 65, 67, 68, 73, 74, 75, 76, 79, 81, 82, 83, 85, 87, 88, 92, 93, 95, 96, 99, 100, 101, 115, 116, 124, 134, 142, 161, 167, 169, 170, 186, 202, 240, 244, 254, 260, 267, 277, 300, 303, 307, 310, 322, 331, 376, 485, 491, 493, 495, 499, 503, 504, 506, 508, 515, 518, 519, 521, 524, 526, 528, 533, 537, 539, 542, 543, 547, 548, 549, 550, 551, 553, 554, 556, 558, 559, 563, 564, 566, 567, 570, 571, 572, 586, 587, 595, 605, 613, 633, 639, 640, 641, 657, 672, 704, 717, 726, 736, 759, 761, 765, 768, 780, 788, 792, 826]",[],[],0/6 successful match,False,,False,601,False,,0.5714285714285714,True,Savoy Truck Stop,
"Deming , 88031 Savoy Travel Center",2 505-546-7070 I-10 Exit 68 ( NM 418 13 mi W of town ),) 24 24 <U+2610><U+2610>,Deming,88031,Savoy Travel Center,505-546-7070,2008,Deming,NM,,( NM 418 13 mi W of town ),I-10 Exit 68 ,Exit,68,False,,False,I-10,,,,,[],[],[],"[186, 247, 267, 657, 726]",[],"[0, 5, 7, 10, 14, 19, 20, 22, 24, 32, 33, 34, 37, 38, 40, 44, 46, 48, 49, 51, 56, 61, 63, 65, 67, 68, 73, 74, 75, 76, 79, 81, 82, 83, 85, 87, 88, 92, 93, 95, 96, 99, 100, 101, 115, 116, 124, 134, 142, 161, 167, 169, 170, 186, 202, 240, 244, 254, 260, 267, 277, 300, 303, 307, 310, 322, 331, 376, 485, 491, 493, 495, 499, 503, 504, 506, 508, 515, 518, 519, 521, 524, 526, 528, 533, 537, 539, 542, 543, 547, 548, 549, 550, 551, 553, 554, 556, 558, 559, 563, 564, 566, 567, 570, 571, 572, 586, 587, 595, 605, 613, 633, 639, 640, 641, 657, 672, 704, 717, 726, 736, 759, 761, 765, 768, 780, 788, 792, 826]",[],[],"[0, 515, 5, 518, 7, 519, 521, 10, 524, 14, 526, 528, 19, 20, 533, 22, 24, 537, 539, 542, 543, 32, 33, 34, 547, 548, 37, 38, 549, 40, 550, 551, 553, 44, 554, 46, 556, 48, 49, 558, 51, 559, 563, 564, 566, 56, 567, 570, 571, 572, 61, 63, 65, 67, 68, 73, 74, 75, 76, 586, 587, 79, 81, 82, 83, 595, 85, 87, 88, 92, 93, 605, 95, 96, 99, 100, 101, 613, 115, 116, 633, 124, 639, 640, 641, 134, 142, 657, 672, 161, 167, 169, 170, 186, 704, 202, 717, 726, 736, 240, 244, 247, 759, 761, 765, 254, 768, 260, 267, 780, 788, 277, 792, 300, 303, 307, 310, 826, 322, 331, 376, 485, 491, 493, 495, 499, 503, 504, 506, 508]",False,[],[],[],"[186, 247, 267, 657, 726]","[0, 5, 7, 10, 14, 19, 20, 22, 24, 32, 33, 34, 37, 38, 40, 44, 46, 48, 49, 51, 56, 61, 63, 65, 67, 68, 73, 74, 75, 76, 79, 81, 82, 83, 85, 87, 88, 92, 93, 95, 96, 99, 100, 101, 115, 116, 124, 134, 142, 161, 167, 169, 170, 186, 202, 240, 244, 254, 260, 267, 277, 300, 303, 307, 310, 322, 331, 376, 485, 491, 493, 495, 499, 503, 504, 506, 508, 515, 518, 519, 521, 524, 526, 528, 533, 537, 539, 542, 543, 547, 548, 549, 550, 551, 553, 554, 556, 558, 559, 563, 564, 566, 567, 570, 571, 572, 586, 587, 595, 605, 613, 633, 639, 640, 641, 657, 672, 704, 717, 726, 736, 759, 761, 765, 768, 780, 788, 792, 826]",[],[],0/6 successful match,False,,False,601,False,,1.0,True,Savoy Travel Center,
Deming ( 88031 ) Petro Deming # 385,575-546-7070 I-10 Exit 68 ( NM 418 - 13 mi W of town ),) PETRO 24 XL HR3 24,Deming,88031,Petro Deming # 385,575-546-7070,2014,Deming,NM,,( NM 418 - 13 mi W of town ),I-10 Exit 68 ,Exit,68,False,,False,I-10,,,,,[],[],[],"[186, 247, 267, 657, 726]",[],"[0, 5, 7, 10, 14, 19, 20, 22, 24, 32, 33, 34, 37, 38, 40, 44, 46, 48, 49, 51, 56, 61, 63, 65, 67, 68, 73, 74, 75, 76, 79, 81, 82, 83, 85, 87, 88, 92, 93, 95, 96, 99, 100, 101, 115, 116, 124, 134, 142, 161, 167, 169, 170, 186, 202, 240, 244, 254, 260, 267, 277, 300, 303, 307, 310, 322, 331, 376, 485, 491, 493, 495, 499, 503, 504, 506, 508, 515, 518, 519, 521, 524, 526, 528, 533, 537, 539, 542, 543, 547, 548, 549, 550, 551, 553, 554, 556, 558, 559, 563, 564, 566, 567, 570, 571, 572, 586, 587, 595, 605, 613, 633, 639, 640, 641, 657, 672, 704, 717, 726, 736, 759, 761, 765, 768, 780, 788, 792, 826]",[],"[63, 64, 240, 241, 242, 243, 370, 371, 372, 537, 538, 704, 705, 706, 707, 820, 821, 822]","[0, 515, 5, 518, 7, 519, 521, 10, 524, 14, 526, 528, 19, 20, 533, 22, 24, 537, 538, 539, 542, 543, 32, 33, 34, 547, 548, 37, 38, 549, 40, 550, 551, 553, 44, 554, 46, 556, 48, 49, 558, 51, 559, 563, 564, 566, 56, 567, 570, 571, 572, 61, 63, 64, 65, 67, 68, 73, 74, 75, 76, 586, 587, 79, 81, 82, 83, 595, 85, 87, 88, 92, 93, 605, 95, 96, 99, 100, 101, 613, 115, 116, 633, 124, 639, 640, 641, 134, 142, 657, 672, 161, 167, 169, 170, 186, 704, 705, 706, 707, 202, 717, 726, 736, 240, 241, 242, 243, 244, 247, 759, 761, 765, 254, 768, 260, 267, 780, 788, 277, 792, 300, 303, 307, 820, 821, 310, 822, 826, 322, 331, 370, 371, 372, 376, 485, 491, 493, 495, 499, 503, 504, 506, 508]",False,[],[],[],"[186, 247, 267, 657, 726]","[0, 5, 7, 10, 14, 19, 20, 22, 24, 32, 33, 34, 37, 38, 40, 44, 46, 48, 49, 51, 56, 61, 63, 65, 67, 68, 73, 74, 75, 76, 79, 81, 82, 83, 85, 87, 88, 92, 93, 95, 96, 99, 100, 101, 115, 116, 124, 134, 142, 161, 167, 169, 170, 186, 202, 240, 244, 254, 260, 267, 277, 300, 303, 307, 310, 322, 331, 376, 485, 491, 493, 495, 499, 503, 504, 506, 508, 515, 518, 519, 521, 524, 526, 528, 533, 537, 539, 542, 543, 547, 548, 549, 550, 551, 553, 554, 556, 558, 559, 563, 564, 566, 567, 570, 571, 572, 586, 587, 595, 605, 613, 633, 639, 640, 641, 657, 672, 704, 717, 726, 736, 759, 761, 765, 768, 780, 788, 792, 826]","[63, 64, 240, 241, 242, 243, 370, 371, 372, 537, 538, 704, 705, 706, 707, 820, 821, 822]",[],0/6 successful match,False,,False,601,True,2014,0.13513513513513514,True,Savoy Travel Center,
Deming ( 88031 ) Petro Deming # 385,575-546-7070 I-10 Exit 68 ( NM 418 - 13 mi W of,) PETRO 24 <U+25A1> XL HRO 24,Deming,88031,Petro Deming # 385,575-546-7070,2015,Deming,NM,,( NM 418 - 13 mi W of,I-10 Exit 68 ,Exit,68,False,,False,I-10,,,,,[],[],[],"[186, 247, 267, 657, 726]",[],"[0, 5, 7, 10, 14, 19, 20, 22, 24, 32, 33, 34, 37, 38, 40, 44, 46, 48, 49, 51, 56, 61, 63, 65, 67, 68, 73, 74, 75, 76, 79, 81, 82, 83, 85, 87, 88, 92, 93, 95, 96, 99, 100, 101, 115, 116, 124, 134, 142, 161, 167, 169, 170, 186, 202, 240, 244, 254, 260, 267, 277, 300, 303, 307, 310, 322, 331, 376, 485, 491, 493, 495, 499, 503, 504, 506, 508, 515, 518, 519, 521, 524, 526, 528, 533, 537, 539, 542, 543, 547, 548, 549, 550, 551, 553, 554, 556, 558, 559, 563, 564, 566, 567, 570, 571, 572, 586, 587, 595, 605, 613, 633, 639, 640, 641, 657, 672, 704, 717, 726, 736, 759, 761, 765, 768, 780, 788, 792, 826]",[],"[63, 64, 240, 241, 242, 243, 370, 371, 372, 537, 538, 704, 705, 706, 707, 820, 821, 822]","[0, 515, 5, 518, 7, 519, 521, 10, 524, 14, 526, 528, 19, 20, 533, 22, 24, 537, 538, 539, 542, 543, 32, 33, 34, 547, 548, 37, 38, 549, 40, 550, 551, 553, 44, 554, 46, 556, 48, 49, 558, 51, 559, 563, 564, 566, 56, 567, 570, 571, 572, 61, 63, 64, 65, 67, 68, 73, 74, 75, 76, 586, 587, 79, 81, 82, 83, 595, 85, 87, 88, 92, 93, 605, 95, 96, 99, 100, 101, 613, 115, 116, 633, 124, 639, 640, 641, 134, 142, 657, 672, 161, 167, 169, 170, 186, 704, 705, 706, 707, 202, 717, 726, 736, 240, 241, 242, 243, 244, 247, 759, 761, 765, 254, 768, 260, 267, 780, 788, 277, 792, 300, 303, 307, 820, 821, 310, 822, 826, 322, 331, 370, 371, 372, 376, 485, 491, 493, 495, 499, 503, 504, 506, 508]",False,[],[],[],"[186, 247, 267, 657, 726]","[0, 5, 7, 10, 14, 19, 20, 22, 24, 32, 33, 34, 37, 38, 40, 44, 46, 48, 49, 51, 56, 61, 63, 65, 67, 68, 73, 74, 75, 76, 79, 81, 82, 83, 85, 87, 88, 92, 93, 95, 96, 99, 100, 101, 115, 116, 124, 134, 142, 161, 167, 169, 170, 186, 202, 240, 244, 254, 260, 267, 277, 300, 303, 307, 310, 322, 331, 376, 485, 491, 493, 495, 499, 503, 504, 506, 508, 515, 518, 519, 521, 524, 526, 528, 533, 537, 539, 542, 543, 547, 548, 549, 550, 551, 553, 554, 556, 558, 559, 563, 564, 566, 567, 570, 571, 572, 586, 587, 595, 605, 613, 633, 639, 640, 641, 657, 672, 704, 717, 726, 736, 759, 761, 765, 768, 780, 788, 792, 826]","[63, 64, 240, 241, 242, 243, 370, 371, 372, 537, 538, 704, 705, 706, 707, 820, 821, 822]",[],0/6 successful match,False,,False,601,False,,1.0,True,Petro Deming # 385,
Deming ( 88031 ) Petro Deming # 385,575-546-7070 I-10 Exit 68 ( NM 418 - 13 mi W of town ),) PETRO 24 <U+25A1> XL 24,Deming,88031,Petro Deming # 385,575-546-7070,2016,Deming,NM,,( NM 418 - 13 mi W of town ),I-10 Exit 68 ,Exit,68,False,,False,I-10,,,,,[],[],[],"[186, 247, 267, 657, 726]",[],"[0, 5, 7, 10, 14, 19, 20, 22, 24, 32, 33, 34, 37, 38, 40, 44, 46, 48, 49, 51, 56, 61, 63, 65, 67, 68, 73, 74, 75, 76, 79, 81, 82, 83, 85, 87, 88, 92, 93, 95, 96, 99, 100, 101, 115, 116, 124, 134, 142, 161, 167, 169, 170, 186, 202, 240, 244, 254, 260, 267, 277, 300, 303, 307, 310, 322, 331, 376, 485, 491, 493, 495, 499, 503, 504, 506, 508, 515, 518, 519, 521, 524, 526, 528, 533, 537, 539, 542, 543, 547, 548, 549, 550, 551, 553, 554, 556, 558, 559, 563, 564, 566, 567, 570, 571, 572, 586, 587, 595, 605, 613, 633, 639, 640, 641, 657, 672, 704, 717, 726, 736, 759, 761, 765, 768, 780, 788, 792, 826]",[],"[63, 64, 240, 241, 242, 243, 370, 371, 372, 537, 538, 704, 705, 706, 707, 820, 821, 822]","[0, 515, 5, 518, 7, 519, 521, 10, 524, 14, 526, 528, 19, 20, 533, 22, 24, 537, 538, 539, 542, 543, 32, 33, 34, 547, 548, 37, 38, 549, 40, 550, 551, 553, 44, 554, 46, 556, 48, 49, 558, 51, 559, 563, 564, 566, 56, 567, 570, 571, 572, 61, 63, 64, 65, 67, 68, 73, 74, 75, 76, 586, 587, 79, 81, 82, 83, 595, 85, 87, 88, 92, 93, 605, 95, 96, 99, 100, 101, 613, 115, 116, 633, 124, 639, 640, 641, 134, 142, 657, 672, 161, 167, 169, 170, 186, 704, 705, 706, 707, 202, 717, 726, 736, 240, 241, 242, 243, 244, 247, 759, 761, 765, 254, 768, 260, 267, 780, 788, 277, 792, 300, 303, 307, 820, 821, 310, 822, 826, 322, 331, 370, 371, 372, 376, 485, 491, 493, 495, 499, 503, 504, 506, 508]",False,[],[],[],"[186, 247, 267, 657, 726]","[0, 5, 7, 10, 14, 19, 20, 22, 24, 32, 33, 34, 37, 38, 40, 44, 46, 48, 49, 51, 56, 61, 63, 65, 67, 68, 73, 74, 75, 76, 79, 81, 82, 83, 85, 87, 88, 92, 93, 95, 96, 99, 100, 101, 115, 116, 124, 134, 142, 161, 167, 169, 170, 186, 202, 240, 244, 254, 260, 267, 277, 300, 303, 307, 310, 322, 331, 376, 485, 491, 493, 495, 499, 503, 504, 506, 508, 515, 518, 519, 521, 524, 526, 528, 533, 537, 539, 542, 543, 547, 548, 549, 550, 551, 553, 554, 556, 558, 559, 563, 564, 566, 567, 570, 571, 572, 586, 587, 595, 605, 613, 633, 639, 640, 641, 657, 672, 704, 717, 726, 736, 759, 761, 765, 768, 780, 788, 792, 826]","[63, 64, 240, 241, 242, 243, 370, 371, 372, 537, 538, 704, 705, 706, 707, 820, 821, 822]",[],0/6 successful match,False,,False,601,False,,1.0,True,Petro Deming # 385,
"Lordsburg , 88045 Pilot Travel Center # 163",505-542-3100 I-10 Exit 24,S,Lordsburg,88045,Pilot Travel Center # 163,505-542-3100,2006,Lordsburg,NM,Pilot,,I-10 Exit 24,Exit,24,False,,False,I-10,,,,,[],[],[],"[175, 467, 646, 914]",[],"[0, 5, 7, 10, 14, 19, 20, 22, 24, 32, 33, 34, 37, 38, 40, 44, 46, 48, 49, 51, 56, 61, 63, 65, 67, 68, 73, 74, 75, 76, 79, 81, 82, 83, 85, 87, 88, 92, 93, 95, 96, 99, 100, 101, 115, 116, 124, 134, 142, 161, 167, 169, 170, 186, 202, 240, 244, 254, 260, 267, 277, 300, 303, 307, 310, 322, 331, 376, 485, 491, 493, 495, 499, 503, 504, 506, 508, 515, 518, 519, 521, 524, 526, 528, 533, 537, 539, 542, 543, 547, 548, 549, 550, 551, 553, 554, 556, 558, 559, 563, 564, 566, 567, 570, 571, 572, 586, 587, 595, 605, 613, 633, 639, 640, 641, 657, 672, 704, 717, 726, 736, 759, 761, 765, 768, 780, 788, 792, 826]","[15, 16, 65, 66, 67, 68, 69, 70, 71, 72, 73, 74, 75, 76, 80, 151, 245, 246, 247, 248, 249, 250, 251, 252, 253, 254, 255, 256, 257, 258, 259, 280, 340, 373, 374, 375, 376, 377, 459, 460, 461, 462, 500, 501, 539, 540, 541, 542, 543, 544, 545, 546, 547, 548, 549, 550, 552, 622, 708, 709, 710, 711, 712, 713, 714, 715, 716, 717, 718, 719, 720, 739, 796, 823, 824, 825, 826, 827, 906, 907, 908, 909]","[15, 16, 65, 66, 67, 68, 69, 70, 71, 72, 73, 74, 75, 76, 77, 78, 80, 151, 244, 245, 246, 247, 248, 249, 250, 251, 252, 253, 254, 255, 256, 257, 258, 259, 260, 280, 311, 340, 373, 374, 375, 376, 377, 459, 460, 461, 462, 500, 501, 539, 540, 541, 542, 543, 544, 545, 546, 547, 548, 549, 550, 552, 622, 708, 709, 710, 711, 712, 713, 714, 715, 716, 717, 718, 719, 720, 739, 769, 796, 823, 824, 825, 826, 827, 906, 907, 908, 909]","[0, 515, 5, 518, 7, 519, 521, 10, 524, 14, 526, 528, 15, 16, 19, 20, 533, 22, 24, 537, 539, 540, 541, 542, 543, 32, 33, 34, 547, 548, 37, 38, 549, 40, 550, 551, 553, 44, 554, 46, 556, 48, 49, 558, 51, 559, 563, 564, 566, 56, 567, 570, 571, 572, 61, 63, 65, 66, 67, 68, 69, 70, 71, 72, 73, 74, 75, 76, 586, 587, 79, 80, 81, 82, 83, 595, 85, 77, 87, 88, 92, 93, 605, 95, 96, 99, 100, 101, 613, 622, 115, 116, 633, 124, 639, 640, 641, 646, 134, 142, 657, 151, 672, 161, 167, 169, 170, 175, 544, 545, 186, 546, 704, 708, 709, 710, 711, 712, 713, 202, 714, 715, 717, 716, 718, 719, 720, 726, 552, 736, 739, 240, 244, 245, 246, 759, 247, 761, 248, 249, 250, 765, 254, 251, 768, 252, 253, 255, 260, 256, 257, 258, 259, 769, 267, 780, 788, 277, 792, 280, 796, 300, 303, 307, 310, 823, 824, 825, 826, 827, 311, 322, 331, 340, 373, 374, 375, 376, 377, 78, 906, 907, 908, 909, 914, 459, 460, 461, 462, 467, 485, 491, 493, 495, 499, 500, 501, 503, 504, 506, 508]",False,[],[],[],"[175, 467, 646, 914]","[0, 5, 7, 10, 14, 19, 20, 22, 24, 32, 33, 34, 37, 38, 40, 44, 46, 48, 49, 51, 56, 61, 63, 65, 67, 68, 73, 74, 75, 76, 79, 81, 82, 83, 85, 87, 88, 92, 93, 95, 96, 99, 100, 101, 115, 116, 124, 134, 142, 161, 167, 169, 170, 186, 202, 240, 244, 254, 260, 267, 277, 300, 303, 307, 310, 322, 331, 376, 485, 491, 493, 495, 499, 503, 504, 506, 508, 515, 518, 519, 521, 524, 526, 528, 533, 537, 539, 542, 543, 547, 548, 549, 550, 551, 553, 554, 556, 558, 559, 563, 564, 566, 567, 570, 571, 572, 586, 587, 595, 605, 613, 633, 639, 640, 641, 657, 672, 704, 717, 726, 736, 759, 761, 765, 768, 780, 788, 792, 826]","[15, 16, 65, 66, 67, 68, 69, 70, 71, 72, 73, 74, 75, 76, 77, 78, 80, 151, 244, 245, 246, 247, 248, 249, 250, 251, 252, 253, 254, 255, 256, 257, 258, 259, 260, 280, 311, 340, 373, 374, 375, 376, 377, 459, 460, 461, 462, 500, 501, 539, 540, 541, 542, 543, 544, 545, 546, 547, 548, 549, 550, 552, 622, 708, 709, 710, 711, 712, 713, 714, 715, 716, 717, 718, 719, 720, 739, 769, 796, 823, 824, 825, 826, 827, 906, 907, 908, 909]","[15, 16, 65, 66, 67, 68, 69, 70, 71, 72, 73, 74, 75, 76, 80, 151, 245, 246, 247, 248, 249, 250, 251, 252, 253, 254, 255, 256, 257, 258, 259, 280, 340, 373, 374, 375, 376, 377, 459, 460, 461, 462, 500, 501, 539, 540, 541, 542, 543, 544, 545, 546, 547, 548, 549, 550, 552, 622, 708, 709, 710, 711, 712, 713, 714, 715, 716, 717, 718, 719, 720, 739, 796, 823, 824, 825, 826, 827, 906, 907, 908, 909]",0/6 successful match,False,,False,602,False,,,,,
"Lordsburg , 88045 Pilot Travel Center # 163",T505-542-3100 I-10 Exit 24,124,Lordsburg,88045,Pilot Travel Center # 163,505-542-3100,2007,Lordsburg,NM,Pilot,,I-10 Exit 24,Exit,24,False,,False,I-10,,,,,[],[],[],"[175, 467, 646, 914]",[],"[0, 5, 7, 10, 14, 19, 20, 22, 24, 32, 33, 34, 37, 38, 40, 44, 46, 48, 49, 51, 56, 61, 63, 65, 67, 68, 73, 74, 75, 76, 79, 81, 82, 83, 85, 87, 88, 92, 93, 95, 96, 99, 100, 101, 115, 116, 124, 134, 142, 161, 167, 169, 170, 186, 202, 240, 244, 254, 260, 267, 277, 300, 303, 307, 310, 322, 331, 376, 485, 491, 493, 495, 499, 503, 504, 506, 508, 515, 518, 519, 521, 524, 526, 528, 533, 537, 539, 542, 543, 547, 548, 549, 550, 551, 553, 554, 556, 558, 559, 563, 564, 566, 567, 570, 571, 572, 586, 587, 595, 605, 613, 633, 639, 640, 641, 657, 672, 704, 717, 726, 736, 759, 761, 765, 768, 780, 788, 792, 826]","[15, 16, 65, 66, 67, 68, 69, 70, 71, 72, 73, 74, 75, 76, 80, 151, 245, 246, 247, 248, 249, 250, 251, 252, 253, 254, 255, 256, 257, 258, 259, 280, 340, 373, 374, 375, 376, 377, 459, 460, 461, 462, 500, 501, 539, 540, 541, 542, 543, 544, 545, 546, 547, 548, 549, 550, 552, 622, 708, 709, 710, 711, 712, 713, 714, 715, 716, 717, 718, 719, 720, 739, 796, 823, 824, 825, 826, 827, 906, 907, 908, 909]","[15, 16, 65, 66, 67, 68, 69, 70, 71, 72, 73, 74, 75, 76, 77, 78, 80, 151, 244, 245, 246, 247, 248, 249, 250, 251, 252, 253, 254, 255, 256, 257, 258, 259, 260, 280, 311, 340, 373, 374, 375, 376, 377, 459, 460, 461, 462, 500, 501, 539, 540, 541, 542, 543, 544, 545, 546, 547, 548, 549, 550, 552, 622, 708, 709, 710, 711, 712, 713, 714, 715, 716, 717, 718, 719, 720, 739, 769, 796, 823, 824, 825, 826, 827, 906, 907, 908, 909]","[0, 515, 5, 518, 7, 519, 521, 10, 524, 14, 526, 528, 15, 16, 19, 20, 533, 22, 24, 537, 539, 540, 541, 542, 543, 32, 33, 34, 547, 548, 37, 38, 549, 40, 550, 551, 553, 44, 554, 46, 556, 48, 49, 558, 51, 559, 563, 564, 566, 56, 567, 570, 571, 572, 61, 63, 65, 66, 67, 68, 69, 70, 71, 72, 73, 74, 75, 76, 586, 587, 79, 80, 81, 82, 83, 595, 85, 77, 87, 88, 92, 93, 605, 95, 96, 99, 100, 101, 613, 622, 115, 116, 633, 124, 639, 640, 641, 646, 134, 142, 657, 151, 672, 161, 167, 169, 170, 175, 544, 545, 186, 546, 704, 708, 709, 710, 711, 712, 713, 202, 714, 715, 717, 716, 718, 719, 720, 726, 552, 736, 739, 240, 244, 245, 246, 759, 247, 761, 248, 249, 250, 765, 254, 251, 768, 252, 253, 255, 260, 256, 257, 258, 259, 769, 267, 780, 788, 277, 792, 280, 796, 300, 303, 307, 310, 823, 824, 825, 826, 827, 311, 322, 331, 340, 373, 374, 375, 376, 377, 78, 906, 907, 908, 909, 914, 459, 460, 461, 462, 467, 485, 491, 493, 495, 499, 500, 501, 503, 504, 506, 508]",False,[],[],[],"[175, 467, 646, 914]","[0, 5, 7, 10, 14, 19, 20, 22, 24, 32, 33, 34, 37, 38, 40, 44, 46, 48, 49, 51, 56, 61, 63, 65, 67, 68, 73, 74, 75, 76, 79, 81, 82, 83, 85, 87, 88, 92, 93, 95, 96, 99, 100, 101, 115, 116, 124, 134, 142, 161, 167, 169, 170, 186, 202, 240, 244, 254, 260, 267, 277, 300, 303, 307, 310, 322, 331, 376, 485, 491, 493, 495, 499, 503, 504, 506, 508, 515, 518, 519, 521, 524, 526, 528, 533, 537, 539, 542, 543, 547, 548, 549, 550, 551, 553, 554, 556, 558, 559, 563, 564, 566, 567, 570, 571, 572, 586, 587, 595, 605, 613, 633, 639, 640, 641, 657, 672, 704, 717, 726, 736, 759, 761, 765, 768, 780, 788, 792, 826]","[15, 16, 65, 66, 67, 68, 69, 70, 71, 72, 73, 74, 75, 76, 77, 78, 80, 151, 244, 245, 246, 247, 248, 249, 250, 251, 252, 253, 254, 255, 256, 257, 258, 259, 260, 280, 311, 340, 373, 374, 375, 376, 377, 459, 460, 461, 462, 500, 501, 539, 540, 541, 542, 543, 544, 545, 546, 547, 548, 549, 550, 552, 622, 708, 709, 710, 711, 712, 713, 714, 715, 716, 717, 718, 719, 720, 739, 769, 796, 823, 824, 825, 826, 827, 906, 907, 908, 909]","[15, 16, 65, 66, 67, 68, 69, 70, 71, 72, 73, 74, 75, 76, 80, 151, 245, 246, 247, 248, 249, 250, 251, 252, 253, 254, 255, 256, 257, 258, 259, 280, 340, 373, 374, 375, 376, 377, 459, 460, 461, 462, 500, 501, 539, 540, 541, 542, 543, 544, 545, 546, 547, 548, 549, 550, 552, 622, 708, 709, 710, 711, 712, 713, 714, 715, 716, 717, 718, 719, 720, 739, 796, 823, 824, 825, 826, 827, 906, 907, 908, 909]",0/6 successful match,False,,False,602,False,,1.0,True,Pilot Travel Center # 163,Pilot
", 88045 Pilot Travel Center # 163",HLordsburg 1505-542-3100 I-10 Exit 24,24 L DO,,88045,Pilot Travel Center # 163,505-542-3100,2008,Lordsburg,NM,Pilot,,I-10 Exit 24,Exit,24,False,,False,I-10,,,,,[],[],[],"[175, 467, 646, 914]",[],"[0, 5, 7, 10, 14, 19, 20, 22, 24, 32, 33, 34, 37, 38, 40, 44, 46, 48, 49, 51, 56, 61, 63, 65, 67, 68, 73, 74, 75, 76, 79, 81, 82, 83, 85, 87, 88, 92, 93, 95, 96, 99, 100, 101, 115, 116, 124, 134, 142, 161, 167, 169, 170, 186, 202, 240, 244, 254, 260, 267, 277, 300, 303, 307, 310, 322, 331, 376, 485, 491, 493, 495, 499, 503, 504, 506, 508, 515, 518, 519, 521, 524, 526, 528, 533, 537, 539, 542, 543, 547, 548, 549, 550, 551, 553, 554, 556, 558, 559, 563, 564, 566, 567, 570, 571, 572, 586, 587, 595, 605, 613, 633, 639, 640, 641, 657, 672, 704, 717, 726, 736, 759, 761, 765, 768, 780, 788, 792, 826]","[15, 16, 65, 66, 67, 68, 69, 70, 71, 72, 73, 74, 75, 76, 80, 151, 245, 246, 247, 248, 249, 250, 251, 252, 253, 254, 255, 256, 257, 258, 259, 280, 340, 373, 374, 375, 376, 377, 459, 460, 461, 462, 500, 501, 539, 540, 541, 542, 543, 544, 545, 546, 547, 548, 549, 550, 552, 622, 708, 709, 710, 711, 712, 713, 714, 715, 716, 717, 718, 719, 720, 739, 796, 823, 824, 825, 826, 827, 906, 907, 908, 909]","[15, 16, 65, 66, 67, 68, 69, 70, 71, 72, 73, 74, 75, 76, 77, 78, 80, 151, 244, 245, 246, 247, 248, 249, 250, 251, 252, 253, 254, 255, 256, 257, 258, 259, 260, 280, 311, 340, 373, 374, 375, 376, 377, 459, 460, 461, 462, 500, 501, 539, 540, 541, 542, 543, 544, 545, 546, 547, 548, 549, 550, 552, 622, 708, 709, 710, 711, 712, 713, 714, 715, 716, 717, 718, 719, 720, 739, 769, 796, 823, 824, 825, 826, 827, 906, 907, 908, 909]","[0, 515, 5, 518, 7, 519, 521, 10, 524, 14, 526, 528, 15, 16, 19, 20, 533, 22, 24, 537, 539, 540, 541, 542, 543, 32, 33, 34, 547, 548, 37, 38, 549, 40, 550, 551, 553, 44, 554, 46, 556, 48, 49, 558, 51, 559, 563, 564, 566, 56, 567, 570, 571, 572, 61, 63, 65, 66, 67, 68, 69, 70, 71, 72, 73, 74, 75, 76, 586, 587, 79, 80, 81, 82, 83, 595, 85, 77, 87, 88, 92, 93, 605, 95, 96, 99, 100, 101, 613, 622, 115, 116, 633, 124, 639, 640, 641, 646, 134, 142, 657, 151, 672, 161, 167, 169, 170, 175, 544, 545, 186, 546, 704, 708, 709, 710, 711, 712, 713, 202, 714, 715, 717, 716, 718, 719, 720, 726, 552, 736, 739, 240, 244, 245, 246, 759, 247, 761, 248, 249, 250, 765, 254, 251, 768, 252, 253, 255, 260, 256, 257, 258, 259, 769, 267, 780, 788, 277, 792, 280, 796, 300, 303, 307, 310, 823, 824, 825, 826, 827, 311, 322, 331, 340, 373, 374, 375, 376, 377, 78, 906, 907, 908, 909, 914, 459, 460, 461, 462, 467, 485, 491, 493, 495, 499, 500, 501, 503, 504, 506, 508]",False,[],[],[],"[175, 467, 646, 914]","[0, 5, 7, 10, 14, 19, 20, 22, 24, 32, 33, 34, 37, 38, 40, 44, 46, 48, 49, 51, 56, 61, 63, 65, 67, 68, 73, 74, 75, 76, 79, 81, 82, 83, 85, 87, 88, 92, 93, 95, 96, 99, 100, 101, 115, 116, 124, 134, 142, 161, 167, 169, 170, 186, 202, 240, 244, 254, 260, 267, 277, 300, 303, 307, 310, 322, 331, 376, 485, 491, 493, 495, 499, 503, 504, 506, 508, 515, 518, 519, 521, 524, 526, 528, 533, 537, 539, 542, 543, 547, 548, 549, 550, 551, 553, 554, 556, 558, 559, 563, 564, 566, 567, 570, 571, 572, 586, 587, 595, 605, 613, 633, 639, 640, 641, 657, 672, 704, 717, 726, 736, 759, 761, 765, 768, 780, 788, 792, 826]","[15, 16, 65, 66, 67, 68, 69, 70, 71, 72, 73, 74, 75, 76, 77, 78, 80, 151, 244, 245, 246, 247, 248, 249, 250, 251, 252, 253, 254, 255, 256, 257, 258, 259, 260, 280, 311, 340, 373, 374, 375, 376, 377, 459, 460, 461, 462, 500, 501, 539, 540, 541, 542, 543, 544, 545, 546, 547, 548, 549, 550, 552, 622, 708, 709, 710, 711, 712, 713, 714, 715, 716, 717, 718, 719, 720, 739, 769, 796, 823, 824, 825, 826, 827, 906, 907, 908, 909]","[15, 16, 65, 66, 67, 68, 69, 70, 71, 72, 73, 74, 75, 76, 80, 151, 245, 246, 247, 248, 249, 250, 251, 252, 253, 254, 255, 256, 257, 258, 259, 280, 340, 373, 374, 375, 376, 377, 459, 460, 461, 462, 500, 501, 539, 540, 541, 542, 543, 544, 545, 546, 547, 548, 549, 550, 552, 622, 708, 709, 710, 711, 712, 713, 714, 715, 716, 717, 718, 719, 720, 739, 796, 823, 824, 825, 826, 827, 906, 907, 908, 909]",0/6 successful match,False,,False,602,False,,1.0,True,Pilot Travel Center # 163,Pilot
", 88045 Flying J Travel Plaza # 0500129",HLordsburg 1505-542-3320 I-10 Exit 24,24 XL 24 <U+2610> <U+2610>,,88045,Flying J Travel Plaza # 0500129,505-542-3320,2008,Lordsburg,NM,Flying J,,I-10 Exit 24,Exit,24,False,,False,I-10,,,,,[],[],[],"[175, 467, 646, 914]",[],"[0, 5, 7, 10, 14, 19, 20, 22, 24, 32, 33, 34, 37, 38, 40, 44, 46, 48, 49, 51, 56, 61, 63, 65, 67, 68, 73, 74, 75, 76, 79, 81, 82, 83, 85, 87, 88, 92, 93, 95, 96, 99, 100, 101, 115, 116, 124, 134, 142, 161, 167, 169, 170, 186, 202, 240, 244, 254, 260, 267, 277, 300, 303, 307, 310, 322, 331, 376, 485, 491, 493, 495, 499, 503, 504, 506, 508, 515, 518, 519, 521, 524, 526, 528, 533, 537, 539, 542, 543, 547, 548, 549, 550, 551, 553, 554, 556, 558, 559, 563, 564, 566, 567, 570, 571, 572, 586, 587, 595, 605, 613, 633, 639, 640, 641, 657, 672, 704, 717, 726, 736, 759, 761, 765, 768, 780, 788, 792, 826]","[17, 18, 19, 20, 21, 22, 23, 156, 157, 158, 159, 160, 161, 162, 163, 164, 165, 166, 167, 341, 342, 343, 344, 345, 412, 413, 414, 415, 416, 417, 418, 419, 420, 421, 422, 502, 503, 504, 505, 506, 507, 628, 629, 630, 631, 632, 633, 634, 635, 636, 637, 638, 639, 792, 797, 798, 799, 800, 801, 863, 864, 865, 866, 867, 868, 869, 870, 871, 872, 873, 874]","[17, 18, 19, 20, 21, 22, 23, 156, 157, 158, 159, 160, 161, 162, 163, 164, 165, 166, 167, 168, 340, 341, 342, 343, 344, 345, 346, 412, 413, 414, 415, 416, 417, 418, 419, 420, 421, 422, 502, 503, 504, 505, 506, 507, 628, 629, 630, 631, 632, 633, 634, 635, 636, 637, 638, 639, 792, 796, 797, 798, 799, 800, 801, 863, 864, 865, 866, 867, 868, 869, 870, 871, 872, 873, 874]","[0, 515, 5, 518, 7, 519, 521, 10, 524, 14, 526, 528, 17, 18, 19, 20, 533, 22, 21, 24, 537, 23, 539, 542, 543, 32, 33, 34, 547, 548, 37, 38, 549, 40, 550, 551, 553, 44, 554, 46, 556, 48, 49, 558, 51, 559, 563, 564, 566, 56, 567, 570, 571, 572, 61, 63, 65, 67, 68, 73, 74, 75, 76, 586, 587, 79, 81, 82, 83, 595, 85, 87, 88, 92, 93, 605, 95, 96, 99, 100, 101, 613, 115, 116, 628, 629, 630, 631, 633, 632, 634, 124, 635, 636, 639, 640, 641, 637, 638, 646, 134, 142, 657, 156, 157, 158, 159, 672, 161, 160, 162, 163, 164, 165, 167, 166, 169, 170, 168, 175, 186, 704, 202, 717, 726, 736, 240, 244, 759, 761, 765, 254, 768, 260, 267, 780, 788, 277, 792, 796, 797, 798, 799, 800, 801, 300, 303, 307, 310, 826, 322, 331, 340, 341, 342, 343, 344, 345, 346, 863, 864, 865, 866, 867, 868, 869, 870, 871, 872, 873, 874, 376, 914, 412, 413, 414, 415, 416, 417, 418, 419, 420, 421, 422, 467, 485, 491, 493, 495, 499, 502, 503, 504, 505, 506, 507, 508]",False,[],[],[],"[175, 467, 646, 914]","[0, 5, 7, 10, 14, 19, 20, 22, 24, 32, 33, 34, 37, 38, 40, 44, 46, 48, 49, 51, 56, 61, 63, 65, 67, 68, 73, 74, 75, 76, 79, 81, 82, 83, 85, 87, 88, 92, 93, 95, 96, 99, 100, 101, 115, 116, 124, 134, 142, 161, 167, 169, 170, 186, 202, 240, 244, 254, 260, 267, 277, 300, 303, 307, 310, 322, 331, 376, 485, 491, 493, 495, 499, 503, 504, 506, 508, 515, 518, 519, 521, 524, 526, 528, 533, 537, 539, 542, 543, 547, 548, 549, 550, 551, 553, 554, 556, 558, 559, 563, 564, 566, 567, 570, 571, 572, 586, 587, 595, 605, 613, 633, 639, 640, 641, 657, 672, 704, 717, 726, 736, 759, 761, 765, 768, 780, 788, 792, 826]","[17, 18, 19, 20, 21, 22, 23, 156, 157, 158, 159, 160, 161, 162, 163, 164, 165, 166, 167, 168, 340, 341, 342, 343, 344, 345, 346, 412, 413, 414, 415, 416, 417, 418, 419, 420, 421, 422, 502, 503, 504, 505, 506, 507, 628, 629, 630, 631, 632, 633, 634, 635, 636, 637, 638, 639, 792, 796, 797, 798, 799, 800, 801, 863, 864, 865, 866, 867, 868, 869, 870, 871, 872, 873, 874]","[17, 18, 19, 20, 21, 22, 23, 156, 157, 158, 159, 160, 161, 162, 163, 164, 165, 166, 167, 341, 342, 343, 344, 345, 412, 413, 414, 415, 416, 417, 418, 419, 420, 421, 422, 502, 503, 504, 505, 506, 507, 628, 629, 630, 631, 632, 633, 634, 635, 636, 637, 638, 639, 792, 797, 798, 799, 800, 801, 863, 864, 865, 866, 867, 868, 869, 870, 871, 872, 873, 874]",0/6 successful match,False,,False,603,False,,,,,
", 88045 Love's Travel Stop # 276",Lordsburg 505-542-8462 I-10 Exit 20 B ( Motel Dr ),n,,88045,Love's Travel Stop # 276,505-542-8462,2006,Lordsburg,NM,Love's,( Motel Dr ),I-10 Exit 20 B ,Exit,20,False,,False,I-10,,,,,[],[],[],"[371, 821]",[],"[0, 5, 7, 10, 14, 19, 20, 22, 24, 32, 33, 34, 37, 38, 40, 44, 46, 48, 49, 51, 56, 61, 63, 65, 67, 68, 73, 74, 75, 76, 79, 81, 82, 83, 85, 87, 88, 92, 93, 95, 96, 99, 100, 101, 115, 116, 124, 134, 142, 161, 167, 169, 170, 186, 202, 240, 244, 254, 260, 267, 277, 300, 303, 307, 310, 322, 331, 376, 485, 491, 493, 495, 499, 503, 504, 506, 508, 515, 518, 519, 521, 524, 526, 528, 533, 537, 539, 542, 543, 547, 548, 549, 550, 551, 553, 554, 556, 558, 559, 563, 564, 566, 567, 570, 571, 572, 586, 587, 595, 605, 613, 633, 639, 640, 641, 657, 672, 704, 717, 726, 736, 759, 761, 765, 768, 780, 788, 792, 826]","[34, 35, 36, 37, 38, 39, 40, 41, 42, 43, 44, 45, 46, 47, 48, 201, 202, 203, 204, 205, 206, 207, 208, 209, 210, 211, 212, 213, 214, 215, 216, 355, 356, 357, 358, 359, 360, 361, 429, 430, 431, 432, 433, 434, 435, 515, 516, 517, 518, 519, 520, 521, 522, 523, 524, 525, 526, 527, 672, 673, 674, 675, 676, 677, 678, 679, 680, 681, 682, 683, 684, 810, 811, 812, 813, 814, 881, 882, 883, 884, 885, 886]","[32, 33, 34, 35, 36, 37, 38, 39, 40, 41, 42, 43, 44, 45, 46, 47, 48, 201, 202, 203, 204, 205, 206, 207, 208, 209, 210, 211, 212, 213, 214, 215, 216, 355, 356, 357, 358, 359, 360, 361, 429, 430, 431, 432, 433, 434, 435, 515, 516, 517, 518, 519, 520, 521, 522, 523, 524, 525, 526, 527, 672, 673, 674, 675, 676, 677, 678, 679, 680, 681, 682, 683, 684, 810, 811, 812, 813, 814, 881, 882, 883, 884, 885, 886]","[0, 515, 516, 5, 518, 7, 519, 521, 10, 517, 524, 520, 14, 526, 528, 522, 523, 19, 20, 533, 22, 527, 24, 537, 539, 542, 543, 32, 33, 34, 547, 548, 37, 38, 549, 40, 550, 551, 553, 44, 554, 46, 556, 48, 49, 558, 51, 559, 563, 564, 566, 56, 567, 570, 571, 572, 61, 63, 65, 67, 68, 73, 74, 75, 76, 586, 587, 79, 81, 82, 83, 595, 85, 525, 87, 88, 92, 93, 605, 95, 96, 99, 100, 101, 613, 115, 116, 633, 124, 639, 640, 641, 134, 142, 657, 672, 161, 673, 674, 675, 676, 677, 167, 678, 169, 170, 679, 680, 681, 682, 683, 684, 35, 36, 186, 704, 39, 201, 202, 203, 204, 717, 205, 41, 206, 207, 208, 209, 42, 210, 726, 211, 212, 43, 213, 214, 215, 216, 736, 45, 47, 240, 244, 759, 761, 765, 254, 768, 260, 267, 780, 788, 277, 792, 810, 811, 300, 812, 813, 303, 814, 307, 821, 310, 826, 322, 331, 355, 356, 357, 358, 359, 360, 361, 881, 882, 371, 883, 884, 885, 886, 376, 429, 430, 431, 432, 433, 434, 435, 485, 491, 493, 495, 499, 503, 504, 506, 508]",False,[],[],[],"[371, 821]","[0, 5, 7, 10, 14, 19, 20, 22, 24, 32, 33, 34, 37, 38, 40, 44, 46, 48, 49, 51, 56, 61, 63, 65, 67, 68, 73, 74, 75, 76, 79, 81, 82, 83, 85, 87, 88, 92, 93, 95, 96, 99, 100, 101, 115, 116, 124, 134, 142, 161, 167, 169, 170, 186, 202, 240, 244, 254, 260, 267, 277, 300, 303, 307, 310, 322, 331, 376, 485, 491, 493, 495, 499, 503, 504, 506, 508, 515, 518, 519, 521, 524, 526, 528, 533, 537, 539, 542, 543, 547, 548, 549, 550, 551, 553, 554, 556, 558, 559, 563, 564, 566, 567, 570, 571, 572, 586, 587, 595, 605, 613, 633, 639, 640, 641, 657, 672, 704, 717, 726, 736, 759, 761, 765, 768, 780, 788, 792, 826]","[32, 33, 34, 35, 36, 37, 38, 39, 40, 41, 42, 43, 44, 45, 46, 47, 48, 201, 202, 203, 204, 205, 206, 207, 208, 209, 210, 211, 212, 213, 214, 215, 216, 355, 356, 357, 358, 359, 360, 361, 429, 430, 431, 432, 433, 434, 435, 515, 516, 517, 518, 519, 520, 521, 522, 523, 524, 525, 526, 527, 672, 673, 674, 675, 676, 677, 678, 679, 680, 681, 682, 683, 684, 810, 811, 812, 813, 814, 881, 882, 883, 884, 885, 886]","[34, 35, 36, 37, 38, 39, 40, 41, 42, 43, 44, 45, 46, 47, 48, 201, 202, 203, 204, 205, 206, 207, 208, 209, 210, 211, 212, 213, 214, 215, 216, 355, 356, 357, 358, 359, 360, 361, 429, 430, 431, 432, 433, 434, 435, 515, 516, 517, 518, 519, 520, 521, 522, 523, 524, 525, 526, 527, 672, 673, 674, 675, 676, 677, 678, 679, 680, 681, 682, 683, 684, 810, 811, 812, 813, 814, 881, 882, 883, 884, 885, 886]",0/6 successful match,False,,False,604,False,,,,,
"Lordsburg , 88045 Love's Travel Stop # 276",505-542-8462 I-10 Exit 20 B ( Motel Dr ),24,Lordsburg,88045,Love's Travel Stop # 276,505-542-8462,2007,Lordsburg,NM,Love's,( Motel Dr ),I-10 Exit 20 B ,Exit,20,False,,False,I-10,,,,,[],[],[],"[371, 821]",[],"[0, 5, 7, 10, 14, 19, 20, 22, 24, 32, 33, 34, 37, 38, 40, 44, 46, 48, 49, 51, 56, 61, 63, 65, 67, 68, 73, 74, 75, 76, 79, 81, 82, 83, 85, 87, 88, 92, 93, 95, 96, 99, 100, 101, 115, 116, 124, 134, 142, 161, 167, 169, 170, 186, 202, 240, 244, 254, 260, 267, 277, 300, 303, 307, 310, 322, 331, 376, 485, 491, 493, 495, 499, 503, 504, 506, 508, 515, 518, 519, 521, 524, 526, 528, 533, 537, 539, 542, 543, 547, 548, 549, 550, 551, 553, 554, 556, 558, 559, 563, 564, 566, 567, 570, 571, 572, 586, 587, 595, 605, 613, 633, 639, 640, 641, 657, 672, 704, 717, 726, 736, 759, 761, 765, 768, 780, 788, 792, 826]","[34, 35, 36, 37, 38, 39, 40, 41, 42, 43, 44, 45, 46, 47, 48, 201, 202, 203, 204, 205, 206, 207, 208, 209, 210, 211, 212, 213, 214, 215, 216, 355, 356, 357, 358, 359, 360, 361, 429, 430, 431, 432, 433, 434, 435, 515, 516, 517, 518, 519, 520, 521, 522, 523, 524, 525, 526, 527, 672, 673, 674, 675, 676, 677, 678, 679, 680, 681, 682, 683, 684, 810, 811, 812, 813, 814, 881, 882, 883, 884, 885, 886]","[32, 33, 34, 35, 36, 37, 38, 39, 40, 41, 42, 43, 44, 45, 46, 47, 48, 201, 202, 203, 204, 205, 206, 207, 208, 209, 210, 211, 212, 213, 214, 215, 216, 355, 356, 357, 358, 359, 360, 361, 429, 430, 431, 432, 433, 434, 435, 515, 516, 517, 518, 519, 520, 521, 522, 523, 524, 525, 526, 527, 672, 673, 674, 675, 676, 677, 678, 679, 680, 681, 682, 683, 684, 810, 811, 812, 813, 814, 881, 882, 883, 884, 885, 886]","[0, 515, 516, 5, 518, 7, 519, 521, 10, 517, 524, 520, 14, 526, 528, 522, 523, 19, 20, 533, 22, 527, 24, 537, 539, 542, 543, 32, 33, 34, 547, 548, 37, 38, 549, 40, 550, 551, 553, 44, 554, 46, 556, 48, 49, 558, 51, 559, 563, 564, 566, 56, 567, 570, 571, 572, 61, 63, 65, 67, 68, 73, 74, 75, 76, 586, 587, 79, 81, 82, 83, 595, 85, 525, 87, 88, 92, 93, 605, 95, 96, 99, 100, 101, 613, 115, 116, 633, 124, 639, 640, 641, 134, 142, 657, 672, 161, 673, 674, 675, 676, 677, 167, 678, 169, 170, 679, 680, 681, 682, 683, 684, 35, 36, 186, 704, 39, 201, 202, 203, 204, 717, 205, 41, 206, 207, 208, 209, 42, 210, 726, 211, 212, 43, 213, 214, 215, 216, 736, 45, 47, 240, 244, 759, 761, 765, 254, 768, 260, 267, 780, 788, 277, 792, 810, 811, 300, 812, 813, 303, 814, 307, 821, 310, 826, 322, 331, 355, 356, 357, 358, 359, 360, 361, 881, 882, 371, 883, 884, 885, 886, 376, 429, 430, 431, 432, 433, 434, 435, 485, 491, 493, 495, 499, 503, 504, 506, 508]",False,[],[],[],"[371, 821]","[0, 5, 7, 10, 14, 19, 20, 22, 24, 32, 33, 34, 37, 38, 40, 44, 46, 48, 49, 51, 56, 61, 63, 65, 67, 68, 73, 74, 75, 76, 79, 81, 82, 83, 85, 87, 88, 92, 93, 95, 96, 99, 100, 101, 115, 116, 124, 134, 142, 161, 167, 169, 170, 186, 202, 240, 244, 254, 260, 267, 277, 300, 303, 307, 310, 322, 331, 376, 485, 491, 493, 495, 499, 503, 504, 506, 508, 515, 518, 519, 521, 524, 526, 528, 533, 537, 539, 542, 543, 547, 548, 549, 550, 551, 553, 554, 556, 558, 559, 563, 564, 566, 567, 570, 571, 572, 586, 587, 595, 605, 613, 633, 639, 640, 641, 657, 672, 704, 717, 726, 736, 759, 761, 765, 768, 780, 788, 792, 826]","[32, 33, 34, 35, 36, 37, 38, 39, 40, 41, 42, 43, 44, 45, 46, 47, 48, 201, 202, 203, 204, 205, 206, 207, 208, 209, 210, 211, 212, 213, 214, 215, 216, 355, 356, 357, 358, 359, 360, 361, 429, 430, 431, 432, 433, 434, 435, 515, 516, 517, 518, 519, 520, 521, 522, 523, 524, 525, 526, 527, 672, 673, 674, 675, 676, 677, 678, 679, 680, 681, 682, 683, 684, 810, 811, 812, 813, 814, 881, 882, 883, 884, 885, 886]","[34, 35, 36, 37, 38, 39, 40, 41, 42, 43, 44, 45, 46, 47, 48, 201, 202, 203, 204, 205, 206, 207, 208, 209, 210, 211, 212, 213, 214, 215, 216, 355, 356, 357, 358, 359, 360, 361, 429, 430, 431, 432, 433, 434, 435, 515, 516, 517, 518, 519, 520, 521, 522, 523, 524, 525, 526, 527, 672, 673, 674, 675, 676, 677, 678, 679, 680, 681, 682, 683, 684, 810, 811, 812, 813, 814, 881, 882, 883, 884, 885, 886]",0/6 successful match,False,,False,604,False,,1.0,True,Love's Travel Stop # 276,Love's
"Lordsburg , 88045 Love's Travel Stop # 276",505-542-8462 I-10 Exit 20 B ( Motel Dr ),HRS 24 S,Lordsburg,88045,Love's Travel Stop # 276,505-542-8462,2008,Lordsburg,NM,Love's,( Motel Dr ),I-10 Exit 20 B ,Exit,20,False,,False,I-10,,,,,[],[],[],"[371, 821]",[],"[0, 5, 7, 10, 14, 19, 20, 22, 24, 32, 33, 34, 37, 38, 40, 44, 46, 48, 49, 51, 56, 61, 63, 65, 67, 68, 73, 74, 75, 76, 79, 81, 82, 83, 85, 87, 88, 92, 93, 95, 96, 99, 100, 101, 115, 116, 124, 134, 142, 161, 167, 169, 170, 186, 202, 240, 244, 254, 260, 267, 277, 300, 303, 307, 310, 322, 331, 376, 485, 491, 493, 495, 499, 503, 504, 506, 508, 515, 518, 519, 521, 524, 526, 528, 533, 537, 539, 542, 543, 547, 548, 549, 550, 551, 553, 554, 556, 558, 559, 563, 564, 566, 567, 570, 571, 572, 586, 587, 595, 605, 613, 633, 639, 640, 641, 657, 672, 704, 717, 726, 736, 759, 761, 765, 768, 780, 788, 792, 826]","[34, 35, 36, 37, 38, 39, 40, 41, 42, 43, 44, 45, 46, 47, 48, 201, 202, 203, 204, 205, 206, 207, 208, 209, 210, 211, 212, 213, 214, 215, 216, 355, 356, 357, 358, 359, 360, 361, 429, 430, 431, 432, 433, 434, 435, 515, 516, 517, 518, 519, 520, 521, 522, 523, 524, 525, 526, 527, 672, 673, 674, 675, 676, 677, 678, 679, 680, 681, 682, 683, 684, 810, 811, 812, 813, 814, 881, 882, 883, 884, 885, 886]","[32, 33, 34, 35, 36, 37, 38, 39, 40, 41, 42, 43, 44, 45, 46, 47, 48, 201, 202, 203, 204, 205, 206, 207, 208, 209, 210, 211, 212, 213, 214, 215, 216, 355, 356, 357, 358, 359, 360, 361, 429, 430, 431, 432, 433, 434, 435, 515, 516, 517, 518, 519, 520, 521, 522, 523, 524, 525, 526, 527, 672, 673, 674, 675, 676, 677, 678, 679, 680, 681, 682, 683, 684, 810, 811, 812, 813, 814, 881, 882, 883, 884, 885, 886]","[0, 515, 516, 5, 518, 7, 519, 521, 10, 517, 524, 520, 14, 526, 528, 522, 523, 19, 20, 533, 22, 527, 24, 537, 539, 542, 543, 32, 33, 34, 547, 548, 37, 38, 549, 40, 550, 551, 553, 44, 554, 46, 556, 48, 49, 558, 51, 559, 563, 564, 566, 56, 567, 570, 571, 572, 61, 63, 65, 67, 68, 73, 74, 75, 76, 586, 587, 79, 81, 82, 83, 595, 85, 525, 87, 88, 92, 93, 605, 95, 96, 99, 100, 101, 613, 115, 116, 633, 124, 639, 640, 641, 134, 142, 657, 672, 161, 673, 674, 675, 676, 677, 167, 678, 169, 170, 679, 680, 681, 682, 683, 684, 35, 36, 186, 704, 39, 201, 202, 203, 204, 717, 205, 41, 206, 207, 208, 209, 42, 210, 726, 211, 212, 43, 213, 214, 215, 216, 736, 45, 47, 240, 244, 759, 761, 765, 254, 768, 260, 267, 780, 788, 277, 792, 810, 811, 300, 812, 813, 303, 814, 307, 821, 310, 826, 322, 331, 355, 356, 357, 358, 359, 360, 361, 881, 882, 371, 883, 884, 885, 886, 376, 429, 430, 431, 432, 433, 434, 435, 485, 491, 493, 495, 499, 503, 504, 506, 508]",False,[],[],[],"[371, 821]","[0, 5, 7, 10, 14, 19, 20, 22, 24, 32, 33, 34, 37, 38, 40, 44, 46, 48, 49, 51, 56, 61, 63, 65, 67, 68, 73, 74, 75, 76, 79, 81, 82, 83, 85, 87, 88, 92, 93, 95, 96, 99, 100, 101, 115, 116, 124, 134, 142, 161, 167, 169, 170, 186, 202, 240, 244, 254, 260, 267, 277, 300, 303, 307, 310, 322, 331, 376, 485, 491, 493, 495, 499, 503, 504, 506, 508, 515, 518, 519, 521, 524, 526, 528, 533, 537, 539, 542, 543, 547, 548, 549, 550, 551, 553, 554, 556, 558, 559, 563, 564, 566, 567, 570, 571, 572, 586, 587, 595, 605, 613, 633, 639, 640, 641, 657, 672, 704, 717, 726, 736, 759, 761, 765, 768, 780, 788, 792, 826]","[32, 33, 34, 35, 36, 37, 38, 39, 40, 41, 42, 43, 44, 45, 46, 47, 48, 201, 202, 203, 204, 205, 206, 207, 208, 209, 210, 211, 212, 213, 214, 215, 216, 355, 356, 357, 358, 359, 360, 361, 429, 430, 431, 432, 433, 434, 435, 515, 516, 517, 518, 519, 520, 521, 522, 523, 524, 525, 526, 527, 672, 673, 674, 675, 676, 677, 678, 679, 680, 681, 682, 683, 684, 810, 811, 812, 813, 814, 881, 882, 883, 884, 885, 886]","[34, 35, 36, 37, 38, 39, 40, 41, 42, 43, 44, 45, 46, 47, 48, 201, 202, 203, 204, 205, 206, 207, 208, 209, 210, 211, 212, 213, 214, 215, 216, 355, 356, 357, 358, 359, 360, 361, 429, 430, 431, 432, 433, 434, 435, 515, 516, 517, 518, 519, 520, 521, 522, 523, 524, 525, 526, 527, 672, 673, 674, 675, 676, 677, 678, 679, 680, 681, 682, 683, 684, 810, 811, 812, 813, 814, 881, 882, 883, 884, 885, 886]",0/6 successful match,False,,False,604,False,,1.0,True,Love's Travel Stop # 276,Love's
"Road Forks , 88045 USA Petroleum # 802",505-542-9079 I-10 Exit 5 ( US 80 ),24 HRS <U+2610> 000,Road Forks,88045,USA Petroleum # 802,505-542-9079,2006,Lordsburg,NM,,( US 80 ),I-10 Exit 5 ,Exit,5,False,,False,I-10,,,,,[],[],[],"[92, 184, 351, 563, 655, 806]",[],"[0, 5, 7, 10, 14, 19, 20, 22, 24, 32, 33, 34, 37, 38, 40, 44, 46, 48, 49, 51, 56, 61, 63, 65, 67, 68, 73, 74, 75, 76, 79, 81, 82, 83, 85, 87, 88, 92, 93, 95, 96, 99, 100, 101, 115, 116, 124, 134, 142, 161, 167, 169, 170, 186, 202, 240, 244, 254, 260, 267, 277, 300, 303, 307, 310, 322, 331, 376, 485, 491, 493, 495, 499, 503, 504, 506, 508, 515, 518, 519, 521, 524, 526, 528, 533, 537, 539, 542, 543, 547, 548, 549, 550, 551, 553, 554, 556, 558, 559, 563, 564, 566, 567, 570, 571, 572, 586, 587, 595, 605, 613, 633, 639, 640, 641, 657, 672, 704, 717, 726, 736, 759, 761, 765, 768, 780, 788, 792, 826]",[],"[176, 177, 325, 332, 467, 483, 484, 647, 648, 783, 789, 914, 927, 934, 935]","[0, 515, 5, 518, 7, 519, 521, 10, 524, 14, 526, 528, 19, 20, 533, 22, 24, 537, 539, 542, 543, 32, 33, 34, 547, 548, 37, 38, 549, 40, 550, 551, 553, 44, 554, 46, 556, 48, 49, 558, 563, 51, 559, 564, 566, 56, 567, 570, 571, 572, 61, 63, 65, 67, 68, 73, 74, 75, 76, 586, 587, 79, 81, 82, 83, 595, 85, 87, 88, 92, 93, 605, 95, 96, 99, 100, 101, 613, 115, 116, 633, 124, 639, 640, 641, 134, 647, 648, 142, 655, 657, 672, 161, 167, 169, 170, 176, 177, 184, 186, 704, 202, 717, 726, 736, 240, 244, 759, 761, 765, 254, 768, 260, 267, 780, 783, 788, 277, 789, 792, 806, 300, 303, 307, 310, 826, 322, 325, 331, 332, 351, 376, 914, 927, 934, 935, 467, 483, 484, 485, 491, 493, 495, 499, 503, 504, 506, 508]",False,[],[],[],"[92, 184, 351, 563, 655, 806]","[0, 5, 7, 10, 14, 19, 20, 22, 24, 32, 33, 34, 37, 38, 40, 44, 46, 48, 49, 51, 56, 61, 63, 65, 67, 68, 73, 74, 75, 76, 79, 81, 82, 83, 85, 87, 88, 92, 93, 95, 96, 99, 100, 101, 115, 116, 124, 134, 142, 161, 167, 169, 170, 186, 202, 240, 244, 254, 260, 267, 277, 300, 303, 307, 310, 322, 331, 376, 485, 491, 493, 495, 499, 503, 504, 506, 508, 515, 518, 519, 521, 524, 526, 528, 533, 537, 539, 542, 543, 547, 548, 549, 550, 551, 553, 554, 556, 558, 559, 563, 564, 566, 567, 570, 571, 572, 586, 587, 595, 605, 613, 633, 639, 640, 641, 657, 672, 704, 717, 726, 736, 759, 761, 765, 768, 780, 788, 792, 826]","[176, 177, 325, 332, 467, 483, 484, 647, 648, 783, 789, 914, 927, 934, 935]",[],0/6 successful match,False,,False,605,False,,,,,
"Road Forks , 88045 USA Petroleum # 802",505-542-9079 I-10 Exit 5 ( US 80 ),24 XL,Road Forks,88045,USA Petroleum # 802,505-542-9079,2007,Lordsburg,NM,,( US 80 ),I-10 Exit 5 ,Exit,5,False,,False,I-10,,,,,[],[],[],"[92, 184, 351, 563, 655, 806]",[],"[0, 5, 7, 10, 14, 19, 20, 22, 24, 32, 33, 34, 37, 38, 40, 44, 46, 48, 49, 51, 56, 61, 63, 65, 67, 68, 73, 74, 75, 76, 79, 81, 82, 83, 85, 87, 88, 92, 93, 95, 96, 99, 100, 101, 115, 116, 124, 134, 142, 161, 167, 169, 170, 186, 202, 240, 244, 254, 260, 267, 277, 300, 303, 307, 310, 322, 331, 376, 485, 491, 493, 495, 499, 503, 504, 506, 508, 515, 518, 519, 521, 524, 526, 528, 533, 537, 539, 542, 543, 547, 548, 549, 550, 551, 553, 554, 556, 558, 559, 563, 564, 566, 567, 570, 571, 572, 586, 587, 595, 605, 613, 633, 639, 640, 641, 657, 672, 704, 717, 726, 736, 759, 761, 765, 768, 780, 788, 792, 826]",[],"[176, 177, 325, 332, 467, 483, 484, 647, 648, 783, 789, 914, 927, 934, 935]","[0, 515, 5, 518, 7, 519, 521, 10, 524, 14, 526, 528, 19, 20, 533, 22, 24, 537, 539, 542, 543, 32, 33, 34, 547, 548, 37, 38, 549, 40, 550, 551, 553, 44, 554, 46, 556, 48, 49, 558, 563, 51, 559, 564, 566, 56, 567, 570, 571, 572, 61, 63, 65, 67, 68, 73, 74, 75, 76, 586, 587, 79, 81, 82, 83, 595, 85, 87, 88, 92, 93, 605, 95, 96, 99, 100, 101, 613, 115, 116, 633, 124, 639, 640, 641, 134, 647, 648, 142, 655, 657, 672, 161, 167, 169, 170, 176, 177, 184, 186, 704, 202, 717, 726, 736, 240, 244, 759, 761, 765, 254, 768, 260, 267, 780, 783, 788, 277, 789, 792, 806, 300, 303, 307, 310, 826, 322, 325, 331, 332, 351, 376, 914, 927, 934, 935, 467, 483, 484, 485, 491, 493, 495, 499, 503, 504, 506, 508]",False,[],[],[],"[92, 184, 351, 563, 655, 806]","[0, 5, 7, 10, 14, 19, 20, 22, 24, 32, 33, 34, 37, 38, 40, 44, 46, 48, 49, 51, 56, 61, 63, 65, 67, 68, 73, 74, 75, 76, 79, 81, 82, 83, 85, 87, 88, 92, 93, 95, 96, 99, 100, 101, 115, 116, 124, 134, 142, 161, 167, 169, 170, 186, 202, 240, 244, 254, 260, 267, 277, 300, 303, 307, 310, 322, 331, 376, 485, 491, 493, 495, 499, 503, 504, 506, 508, 515, 518, 519, 521, 524, 526, 528, 533, 537, 539, 542, 543, 547, 548, 549, 550, 551, 553, 554, 556, 558, 559, 563, 564, 566, 567, 570, 571, 572, 586, 587, 595, 605, 613, 633, 639, 640, 641, 657, 672, 704, 717, 726, 736, 759, 761, 765, 768, 780, 788, 792, 826]","[176, 177, 325, 332, 467, 483, 484, 647, 648, 783, 789, 914, 927, 934, 935]",[],0/6 successful match,False,,False,605,False,,1.0,True,USA Petroleum # 802,
"Road Forks , 88045 USA Petroleum # 802",505-542-9079 I-10 Exit 5 ( US 80 ),195 24 TX <U+2610>,Road Forks,88045,USA Petroleum # 802,505-542-9079,2008,Lordsburg,NM,,( US 80 ),I-10 Exit 5 ,Exit,5,False,,False,I-10,,,,,[],[],[],"[92, 184, 351, 563, 655, 806]",[],"[0, 5, 7, 10, 14, 19, 20, 22, 24, 32, 33, 34, 37, 38, 40, 44, 46, 48, 49, 51, 56, 61, 63, 65, 67, 68, 73, 74, 75, 76, 79, 81, 82, 83, 85, 87, 88, 92, 93, 95, 96, 99, 100, 101, 115, 116, 124, 134, 142, 161, 167, 169, 170, 186, 202, 240, 244, 254, 260, 267, 277, 300, 303, 307, 310, 322, 331, 376, 485, 491, 493, 495, 499, 503, 504, 506, 508, 515, 518, 519, 521, 524, 526, 528, 533, 537, 539, 542, 543, 547, 548, 549, 550, 551, 553, 554, 556, 558, 559, 563, 564, 566, 567, 570, 571, 572, 586, 587, 595, 605, 613, 633, 639, 640, 641, 657, 672, 704, 717, 726, 736, 759, 761, 765, 768, 780, 788, 792, 826]",[],"[176, 177, 325, 332, 467, 483, 484, 647, 648, 783, 789, 914, 927, 934, 935]","[0, 515, 5, 518, 7, 519, 521, 10, 524, 14, 526, 528, 19, 20, 533, 22, 24, 537, 539, 542, 543, 32, 33, 34, 547, 548, 37, 38, 549, 40, 550, 551, 553, 44, 554, 46, 556, 48, 49, 558, 563, 51, 559, 564, 566, 56, 567, 570, 571, 572, 61, 63, 65, 67, 68, 73, 74, 75, 76, 586, 587, 79, 81, 82, 83, 595, 85, 87, 88, 92, 93, 605, 95, 96, 99, 100, 101, 613, 115, 116, 633, 124, 639, 640, 641, 134, 647, 648, 142, 655, 657, 672, 161, 167, 169, 170, 176, 177, 184, 186, 704, 202, 717, 726, 736, 240, 244, 759, 761, 765, 254, 768, 260, 267, 780, 783, 788, 277, 789, 792, 806, 300, 303, 307, 310, 826, 322, 325, 331, 332, 351, 376, 914, 927, 934, 935, 467, 483, 484, 485, 491, 493, 495, 499, 503, 504, 506, 508]",False,[],[],[],"[92, 184, 351, 563, 655, 806]","[0, 5, 7, 10, 14, 19, 20, 22, 24, 32, 33, 34, 37, 38, 40, 44, 46, 48, 49, 51, 56, 61, 63, 65, 67, 68, 73, 74, 75, 76, 79, 81, 82, 83, 85, 87, 88, 92, 93, 95, 96, 99, 100, 101, 115, 116, 124, 134, 142, 161, 167, 169, 170, 186, 202, 240, 244, 254, 260, 267, 277, 300, 303, 307, 310, 322, 331, 376, 485, 491, 493, 495, 499, 503, 504, 506, 508, 515, 518, 519, 521, 524, 526, 528, 533, 537, 539, 542, 543, 547, 548, 549, 550, 551, 553, 554, 556, 558, 559, 563, 564, 566, 567, 570, 571, 572, 586, 587, 595, 605, 613, 633, 639, 640, 641, 657, 672, 704, 717, 726, 736, 759, 761, 765, 768, 780, 788, 792, 826]","[176, 177, 325, 332, 467, 483, 484, 647, 648, 783, 789, 914, 927, 934, 935]",[],0/6 successful match,False,,False,605,False,,1.0,True,USA Petroleum # 802,
Lordsburg ( 88045 ) Pilot Travel Center # 163,575-542-3100 I-10 Exit 24,Pont 24 2 <U+25A1> L,Lordsburg,88045,Pilot Travel Center # 163,575-542-3100,2014,Lordsburg,NM,Pilot,,I-10 Exit 24,Exit,24,False,,False,I-10,,,,,[],[],[],"[175, 467, 646, 914]",[],"[0, 5, 7, 10, 14, 19, 20, 22, 24, 32, 33, 34, 37, 38, 40, 44, 46, 48, 49, 51, 56, 61, 63, 65, 67, 68, 73, 74, 75, 76, 79, 81, 82, 83, 85, 87, 88, 92, 93, 95, 96, 99, 100, 101, 115, 116, 124, 134, 142, 161, 167, 169, 170, 186, 202, 240, 244, 254, 260, 267, 277, 300, 303, 307, 310, 322, 331, 376, 485, 491, 493, 495, 499, 503, 504, 506, 508, 515, 518, 519, 521, 524, 526, 528, 533, 537, 539, 542, 543, 547, 548, 549, 550, 551, 553, 554, 556, 558, 559, 563, 564, 566, 567, 570, 571, 572, 586, 587, 595, 605, 613, 633, 639, 640, 641, 657, 672, 704, 717, 726, 736, 759, 761, 765, 768, 780, 788, 792, 826]","[15, 16, 65, 66, 67, 68, 69, 70, 71, 72, 73, 74, 75, 76, 80, 151, 245, 246, 247, 248, 249, 250, 251, 252, 253, 254, 255, 256, 257, 258, 259, 280, 340, 373, 374, 375, 376, 377, 459, 460, 461, 462, 500, 501, 539, 540, 541, 542, 543, 544, 545, 546, 547, 548, 549, 550, 552, 622, 708, 709, 710, 711, 712, 713, 714, 715, 716, 717, 718, 719, 720, 739, 796, 823, 824, 825, 826, 827, 906, 907, 908, 909]","[15, 16, 65, 66, 67, 68, 69, 70, 71, 72, 73, 74, 75, 76, 77, 78, 80, 151, 244, 245, 246, 247, 248, 249, 250, 251, 252, 253, 254, 255, 256, 257, 258, 259, 260, 280, 311, 340, 373, 374, 375, 376, 377, 459, 460, 461, 462, 500, 501, 539, 540, 541, 542, 543, 544, 545, 546, 547, 548, 549, 550, 552, 622, 708, 709, 710, 711, 712, 713, 714, 715, 716, 717, 718, 719, 720, 739, 769, 796, 823, 824, 825, 826, 827, 906, 907, 908, 909]","[0, 515, 5, 518, 7, 519, 521, 10, 524, 14, 526, 528, 15, 16, 19, 20, 533, 22, 24, 537, 539, 540, 541, 542, 543, 32, 33, 34, 547, 548, 37, 38, 549, 40, 550, 551, 553, 44, 554, 46, 556, 48, 49, 558, 51, 559, 563, 564, 566, 56, 567, 570, 571, 572, 61, 63, 65, 66, 67, 68, 69, 70, 71, 72, 73, 74, 75, 76, 586, 587, 79, 80, 81, 82, 83, 595, 85, 77, 87, 88, 92, 93, 605, 95, 96, 99, 100, 101, 613, 622, 115, 116, 633, 124, 639, 640, 641, 646, 134, 142, 657, 151, 672, 161, 167, 169, 170, 175, 544, 545, 186, 546, 704, 708, 709, 710, 711, 712, 713, 202, 714, 715, 717, 716, 718, 719, 720, 726, 552, 736, 739, 240, 244, 245, 246, 759, 247, 761, 248, 249, 250, 765, 254, 251, 768, 252, 253, 255, 260, 256, 257, 258, 259, 769, 267, 780, 788, 277, 792, 280, 796, 300, 303, 307, 310, 823, 824, 825, 826, 827, 311, 322, 331, 340, 373, 374, 375, 376, 377, 78, 906, 907, 908, 909, 914, 459, 460, 461, 462, 467, 485, 491, 493, 495, 499, 500, 501, 503, 504, 506, 508]",False,[],[],[],"[175, 467, 646, 914]","[0, 5, 7, 10, 14, 19, 20, 22, 24, 32, 33, 34, 37, 38, 40, 44, 46, 48, 49, 51, 56, 61, 63, 65, 67, 68, 73, 74, 75, 76, 79, 81, 82, 83, 85, 87, 88, 92, 93, 95, 96, 99, 100, 101, 115, 116, 124, 134, 142, 161, 167, 169, 170, 186, 202, 240, 244, 254, 260, 267, 277, 300, 303, 307, 310, 322, 331, 376, 485, 491, 493, 495, 499, 503, 504, 506, 508, 515, 518, 519, 521, 524, 526, 528, 533, 537, 539, 542, 543, 547, 548, 549, 550, 551, 553, 554, 556, 558, 559, 563, 564, 566, 567, 570, 571, 572, 586, 587, 595, 605, 613, 633, 639, 640, 641, 657, 672, 704, 717, 726, 736, 759, 761, 765, 768, 780, 788, 792, 826]","[15, 16, 65, 66, 67, 68, 69, 70, 71, 72, 73, 74, 75, 76, 77, 78, 80, 151, 244, 245, 246, 247, 248, 249, 250, 251, 252, 253, 254, 255, 256, 257, 258, 259, 260, 280, 311, 340, 373, 374, 375, 376, 377, 459, 460, 461, 462, 500, 501, 539, 540, 541, 542, 543, 544, 545, 546, 547, 548, 549, 550, 552, 622, 708, 709, 710, 711, 712, 713, 714, 715, 716, 717, 718, 719, 720, 739, 769, 796, 823, 824, 825, 826, 827, 906, 907, 908, 909]","[15, 16, 65, 66, 67, 68, 69, 70, 71, 72, 73, 74, 75, 76, 80, 151, 245, 246, 247, 248, 249, 250, 251, 252, 253, 254, 255, 256, 257, 258, 259, 280, 340, 373, 374, 375, 376, 377, 459, 460, 461, 462, 500, 501, 539, 540, 541, 542, 543, 544, 545, 546, 547, 548, 549, 550, 552, 622, 708, 709, 710, 711, 712, 713, 714, 715, 716, 717, 718, 719, 720, 739, 796, 823, 824, 825, 826, 827, 906, 907, 908, 909]",0/6 successful match,False,,False,605,True,2014,0.1590909090909091,True,USA Petroleum # 802,
Lordsburg ( 88045 ) Pilot Travel Center # 163,575-542-3100 I-10 Exit 24,pilot 24 L,Lordsburg,88045,Pilot Travel Center # 163,575-542-3100,2015,Lordsburg,NM,Pilot,,I-10 Exit 24,Exit,24,False,,False,I-10,,,,,[],[],[],"[175, 467, 646, 914]",[],"[0, 5, 7, 10, 14, 19, 20, 22, 24, 32, 33, 34, 37, 38, 40, 44, 46, 48, 49, 51, 56, 61, 63, 65, 67, 68, 73, 74, 75, 76, 79, 81, 82, 83, 85, 87, 88, 92, 93, 95, 96, 99, 100, 101, 115, 116, 124, 134, 142, 161, 167, 169, 170, 186, 202, 240, 244, 254, 260, 267, 277, 300, 303, 307, 310, 322, 331, 376, 485, 491, 493, 495, 499, 503, 504, 506, 508, 515, 518, 519, 521, 524, 526, 528, 533, 537, 539, 542, 543, 547, 548, 549, 550, 551, 553, 554, 556, 558, 559, 563, 564, 566, 567, 570, 571, 572, 586, 587, 595, 605, 613, 633, 639, 640, 641, 657, 672, 704, 717, 726, 736, 759, 761, 765, 768, 780, 788, 792, 826]","[15, 16, 65, 66, 67, 68, 69, 70, 71, 72, 73, 74, 75, 76, 80, 151, 245, 246, 247, 248, 249, 250, 251, 252, 253, 254, 255, 256, 257, 258, 259, 280, 340, 373, 374, 375, 376, 377, 459, 460, 461, 462, 500, 501, 539, 540, 541, 542, 543, 544, 545, 546, 547, 548, 549, 550, 552, 622, 708, 709, 710, 711, 712, 713, 714, 715, 716, 717, 718, 719, 720, 739, 796, 823, 824, 825, 826, 827, 906, 907, 908, 909]","[15, 16, 65, 66, 67, 68, 69, 70, 71, 72, 73, 74, 75, 76, 77, 78, 80, 151, 244, 245, 246, 247, 248, 249, 250, 251, 252, 253, 254, 255, 256, 257, 258, 259, 260, 280, 311, 340, 373, 374, 375, 376, 377, 459, 460, 461, 462, 500, 501, 539, 540, 541, 542, 543, 544, 545, 546, 547, 548, 549, 550, 552, 622, 708, 709, 710, 711, 712, 713, 714, 715, 716, 717, 718, 719, 720, 739, 769, 796, 823, 824, 825, 826, 827, 906, 907, 908, 909]","[0, 515, 5, 518, 7, 519, 521, 10, 524, 14, 526, 528, 15, 16, 19, 20, 533, 22, 24, 537, 539, 540, 541, 542, 543, 32, 33, 34, 547, 548, 37, 38, 549, 40, 550, 551, 553, 44, 554, 46, 556, 48, 49, 558, 51, 559, 563, 564, 566, 56, 567, 570, 571, 572, 61, 63, 65, 66, 67, 68, 69, 70, 71, 72, 73, 74, 75, 76, 586, 587, 79, 80, 81, 82, 83, 595, 85, 77, 87, 88, 92, 93, 605, 95, 96, 99, 100, 101, 613, 622, 115, 116, 633, 124, 639, 640, 641, 646, 134, 142, 657, 151, 672, 161, 167, 169, 170, 175, 544, 545, 186, 546, 704, 708, 709, 710, 711, 712, 713, 202, 714, 715, 717, 716, 718, 719, 720, 726, 552, 736, 739, 240, 244, 245, 246, 759, 247, 761, 248, 249, 250, 765, 254, 251, 768, 252, 253, 255, 260, 256, 257, 258, 259, 769, 267, 780, 788, 277, 792, 280, 796, 300, 303, 307, 310, 823, 824, 825, 826, 827, 311, 322, 331, 340, 373, 374, 375, 376, 377, 78, 906, 907, 908, 909, 914, 459, 460, 461, 462, 467, 485, 491, 493, 495, 499, 500, 501, 503, 504, 506, 508]",False,[],[],[],"[175, 467, 646, 914]","[0, 5, 7, 10, 14, 19, 20, 22, 24, 32, 33, 34, 37, 38, 40, 44, 46, 48, 49, 51, 56, 61, 63, 65, 67, 68, 73, 74, 75, 76, 79, 81, 82, 83, 85, 87, 88, 92, 93, 95, 96, 99, 100, 101, 115, 116, 124, 134, 142, 161, 167, 169, 170, 186, 202, 240, 244, 254, 260, 267, 277, 300, 303, 307, 310, 322, 331, 376, 485, 491, 493, 495, 499, 503, 504, 506, 508, 515, 518, 519, 521, 524, 526, 528, 533, 537, 539, 542, 543, 547, 548, 549, 550, 551, 553, 554, 556, 558, 559, 563, 564, 566, 567, 570, 571, 572, 586, 587, 595, 605, 613, 633, 639, 640, 641, 657, 672, 704, 717, 726, 736, 759, 761, 765, 768, 780, 788, 792, 826]","[15, 16, 65, 66, 67, 68, 69, 70, 71, 72, 73, 74, 75, 76, 77, 78, 80, 151, 244, 245, 246, 247, 248, 249, 250, 251, 252, 253, 254, 255, 256, 257, 258, 259, 260, 280, 311, 340, 373, 374, 375, 376, 377, 459, 460, 461, 462, 500, 501, 539, 540, 541, 542, 543, 544, 545, 546, 547, 548, 549, 550, 552, 622, 708, 709, 710, 711, 712, 713, 714, 715, 716, 717, 718, 719, 720, 739, 769, 796, 823, 824, 825, 826, 827, 906, 907, 908, 909]","[15, 16, 65, 66, 67, 68, 69, 70, 71, 72, 73, 74, 75, 76, 80, 151, 245, 246, 247, 248, 249, 250, 251, 252, 253, 254, 255, 256, 257, 258, 259, 280, 340, 373, 374, 375, 376, 377, 459, 460, 461, 462, 500, 501, 539, 540, 541, 542, 543, 544, 545, 546, 547, 548, 549, 550, 552, 622, 708, 709, 710, 711, 712, 713, 714, 715, 716, 717, 718, 719, 720, 739, 796, 823, 824, 825, 826, 827, 906, 907, 908, 909]",0/6 successful match,False,,False,605,False,,1.0,True,Pilot Travel Center # 163,Pilot
Lordsburg ( 88045 ) Pilot Travel Center # 163,575-542-3100 I-10 Exit 24,24 <U+2610> 024 0,Lordsburg,88045,Pilot Travel Center # 163,575-542-3100,2016,Lordsburg,NM,Pilot,,I-10 Exit 24,Exit,24,False,,False,I-10,,,,,[],[],[],"[175, 467, 646, 914]",[],"[0, 5, 7, 10, 14, 19, 20, 22, 24, 32, 33, 34, 37, 38, 40, 44, 46, 48, 49, 51, 56, 61, 63, 65, 67, 68, 73, 74, 75, 76, 79, 81, 82, 83, 85, 87, 88, 92, 93, 95, 96, 99, 100, 101, 115, 116, 124, 134, 142, 161, 167, 169, 170, 186, 202, 240, 244, 254, 260, 267, 277, 300, 303, 307, 310, 322, 331, 376, 485, 491, 493, 495, 499, 503, 504, 506, 508, 515, 518, 519, 521, 524, 526, 528, 533, 537, 539, 542, 543, 547, 548, 549, 550, 551, 553, 554, 556, 558, 559, 563, 564, 566, 567, 570, 571, 572, 586, 587, 595, 605, 613, 633, 639, 640, 641, 657, 672, 704, 717, 726, 736, 759, 761, 765, 768, 780, 788, 792, 826]","[15, 16, 65, 66, 67, 68, 69, 70, 71, 72, 73, 74, 75, 76, 80, 151, 245, 246, 247, 248, 249, 250, 251, 252, 253, 254, 255, 256, 257, 258, 259, 280, 340, 373, 374, 375, 376, 377, 459, 460, 461, 462, 500, 501, 539, 540, 541, 542, 543, 544, 545, 546, 547, 548, 549, 550, 552, 622, 708, 709, 710, 711, 712, 713, 714, 715, 716, 717, 718, 719, 720, 739, 796, 823, 824, 825, 826, 827, 906, 907, 908, 909]","[15, 16, 65, 66, 67, 68, 69, 70, 71, 72, 73, 74, 75, 76, 77, 78, 80, 151, 244, 245, 246, 247, 248, 249, 250, 251, 252, 253, 254, 255, 256, 257, 258, 259, 260, 280, 311, 340, 373, 374, 375, 376, 377, 459, 460, 461, 462, 500, 501, 539, 540, 541, 542, 543, 544, 545, 546, 547, 548, 549, 550, 552, 622, 708, 709, 710, 711, 712, 713, 714, 715, 716, 717, 718, 719, 720, 739, 769, 796, 823, 824, 825, 826, 827, 906, 907, 908, 909]","[0, 515, 5, 518, 7, 519, 521, 10, 524, 14, 526, 528, 15, 16, 19, 20, 533, 22, 24, 537, 539, 540, 541, 542, 543, 32, 33, 34, 547, 548, 37, 38, 549, 40, 550, 551, 553, 44, 554, 46, 556, 48, 49, 558, 51, 559, 563, 564, 566, 56, 567, 570, 571, 572, 61, 63, 65, 66, 67, 68, 69, 70, 71, 72, 73, 74, 75, 76, 586, 587, 79, 80, 81, 82, 83, 595, 85, 77, 87, 88, 92, 93, 605, 95, 96, 99, 100, 101, 613, 622, 115, 116, 633, 124, 639, 640, 641, 646, 134, 142, 657, 151, 672, 161, 167, 169, 170, 175, 544, 545, 186, 546, 704, 708, 709, 710, 711, 712, 713, 202, 714, 715, 717, 716, 718, 719, 720, 726, 552, 736, 739, 240, 244, 245, 246, 759, 247, 761, 248, 249, 250, 765, 254, 251, 768, 252, 253, 255, 260, 256, 257, 258, 259, 769, 267, 780, 788, 277, 792, 280, 796, 300, 303, 307, 310, 823, 824, 825, 826, 827, 311, 322, 331, 340, 373, 374, 375, 376, 377, 78, 906, 907, 908, 909, 914, 459, 460, 461, 462, 467, 485, 491, 493, 495, 499, 500, 501, 503, 504, 506, 508]",False,[],[],[],"[175, 467, 646, 914]","[0, 5, 7, 10, 14, 19, 20, 22, 24, 32, 33, 34, 37, 38, 40, 44, 46, 48, 49, 51, 56, 61, 63, 65, 67, 68, 73, 74, 75, 76, 79, 81, 82, 83, 85, 87, 88, 92, 93, 95, 96, 99, 100, 101, 115, 116, 124, 134, 142, 161, 167, 169, 170, 186, 202, 240, 244, 254, 260, 267, 277, 300, 303, 307, 310, 322, 331, 376, 485, 491, 493, 495, 499, 503, 504, 506, 508, 515, 518, 519, 521, 524, 526, 528, 533, 537, 539, 542, 543, 547, 548, 549, 550, 551, 553, 554, 556, 558, 559, 563, 564, 566, 567, 570, 571, 572, 586, 587, 595, 605, 613, 633, 639, 640, 641, 657, 672, 704, 717, 726, 736, 759, 761, 765, 768, 780, 788, 792, 826]","[15, 16, 65, 66, 67, 68, 69, 70, 71, 72, 73, 74, 75, 76, 77, 78, 80, 151, 244, 245, 246, 247, 248, 249, 250, 251, 252, 253, 254, 255, 256, 257, 258, 259, 260, 280, 311, 340, 373, 374, 375, 376, 377, 459, 460, 461, 462, 500, 501, 539, 540, 541, 542, 543, 544, 545, 546, 547, 548, 549, 550, 552, 622, 708, 709, 710, 711, 712, 713, 714, 715, 716, 717, 718, 719, 720, 739, 769, 796, 823, 824, 825, 826, 827, 906, 907, 908, 909]","[15, 16, 65, 66, 67, 68, 69, 70, 71, 72, 73, 74, 75, 76, 80, 151, 245, 246, 247, 248, 249, 250, 251, 252, 253, 254, 255, 256, 257, 258, 259, 280, 340, 373, 374, 375, 376, 377, 459, 460, 461, 462, 500, 501, 539, 540, 541, 542, 543, 544, 545, 546, 547, 548, 549, 550, 552, 622, 708, 709, 710, 711, 712, 713, 714, 715, 716, 717, 718, 719, 720, 739, 796, 823, 824, 825, 826, 827, 906, 907, 908, 909]",0/6 successful match,False,,False,605,False,,1.0,True,Pilot Travel Center # 163,Pilot
Lordsburg ( 88045 ) Flying J Travel Plaza # 690,575-542-3320 I-10 Exit 24 ( E on Old Hwy 70 ),24 XL 24,Lordsburg,88045,Flying J Travel Plaza # 690,575-542-3320,2014,Lordsburg,NM,Flying J,( E on Old Hwy 70 ),I-10 Exit 24 ,Exit,24,False,,False,I-10,,,,,[],[],[],"[175, 467, 646, 914]",[],"[0, 5, 7, 10, 14, 19, 20, 22, 24, 32, 33, 34, 37, 38, 40, 44, 46, 48, 49, 51, 56, 61, 63, 65, 67, 68, 73, 74, 75, 76, 79, 81, 82, 83, 85, 87, 88, 92, 93, 95, 96, 99, 100, 101, 115, 116, 124, 134, 142, 161, 167, 169, 170, 186, 202, 240, 244, 254, 260, 267, 277, 300, 303, 307, 310, 322, 331, 376, 485, 491, 493, 495, 499, 503, 504, 506, 508, 515, 518, 519, 521, 524, 526, 528, 533, 537, 539, 542, 543, 547, 548, 549, 550, 551, 553, 554, 556, 558, 559, 563, 564, 566, 567, 570, 571, 572, 586, 587, 595, 605, 613, 633, 639, 640, 641, 657, 672, 704, 717, 726, 736, 759, 761, 765, 768, 780, 788, 792, 826]","[17, 18, 19, 20, 21, 22, 23, 156, 157, 158, 159, 160, 161, 162, 163, 164, 165, 166, 167, 341, 342, 343, 344, 345, 412, 413, 414, 415, 416, 417, 418, 419, 420, 421, 422, 502, 503, 504, 505, 506, 507, 628, 629, 630, 631, 632, 633, 634, 635, 636, 637, 638, 639, 792, 797, 798, 799, 800, 801, 863, 864, 865, 866, 867, 868, 869, 870, 871, 872, 873, 874]","[17, 18, 19, 20, 21, 22, 23, 156, 157, 158, 159, 160, 161, 162, 163, 164, 165, 166, 167, 168, 340, 341, 342, 343, 344, 345, 346, 412, 413, 414, 415, 416, 417, 418, 419, 420, 421, 422, 502, 503, 504, 505, 506, 507, 628, 629, 630, 631, 632, 633, 634, 635, 636, 637, 638, 639, 792, 796, 797, 798, 799, 800, 801, 863, 864, 865, 866, 867, 868, 869, 870, 871, 872, 873, 874]","[0, 515, 5, 518, 7, 519, 521, 10, 524, 14, 526, 528, 17, 18, 19, 20, 533, 22, 21, 24, 537, 23, 539, 542, 543, 32, 33, 34, 547, 548, 37, 38, 549, 40, 550, 551, 553, 44, 554, 46, 556, 48, 49, 558, 51, 559, 563, 564, 566, 56, 567, 570, 571, 572, 61, 63, 65, 67, 68, 73, 74, 75, 76, 586, 587, 79, 81, 82, 83, 595, 85, 87, 88, 92, 93, 605, 95, 96, 99, 100, 101, 613, 115, 116, 628, 629, 630, 631, 633, 632, 634, 124, 635, 636, 639, 640, 641, 637, 638, 646, 134, 142, 657, 156, 157, 158, 159, 672, 161, 160, 162, 163, 164, 165, 167, 166, 169, 170, 168, 175, 186, 704, 202, 717, 726, 736, 240, 244, 759, 761, 765, 254, 768, 260, 267, 780, 788, 277, 792, 796, 797, 798, 799, 800, 801, 300, 303, 307, 310, 826, 322, 331, 340, 341, 342, 343, 344, 345, 346, 863, 864, 865, 866, 867, 868, 869, 870, 871, 872, 873, 874, 376, 914, 412, 413, 414, 415, 416, 417, 418, 419, 420, 421, 422, 467, 485, 491, 493, 495, 499, 502, 503, 504, 505, 506, 507, 508]",False,[],[],[],"[175, 467, 646, 914]","[0, 5, 7, 10, 14, 19, 20, 22, 24, 32, 33, 34, 37, 38, 40, 44, 46, 48, 49, 51, 56, 61, 63, 65, 67, 68, 73, 74, 75, 76, 79, 81, 82, 83, 85, 87, 88, 92, 93, 95, 96, 99, 100, 101, 115, 116, 124, 134, 142, 161, 167, 169, 170, 186, 202, 240, 244, 254, 260, 267, 277, 300, 303, 307, 310, 322, 331, 376, 485, 491, 493, 495, 499, 503, 504, 506, 508, 515, 518, 519, 521, 524, 526, 528, 533, 537, 539, 542, 543, 547, 548, 549, 550, 551, 553, 554, 556, 558, 559, 563, 564, 566, 567, 570, 571, 572, 586, 587, 595, 605, 613, 633, 639, 640, 641, 657, 672, 704, 717, 726, 736, 759, 761, 765, 768, 780, 788, 792, 826]","[17, 18, 19, 20, 21, 22, 23, 156, 157, 158, 159, 160, 161, 162, 163, 164, 165, 166, 167, 168, 340, 341, 342, 343, 344, 345, 346, 412, 413, 414, 415, 416, 417, 418, 419, 420, 421, 422, 502, 503, 504, 505, 506, 507, 628, 629, 630, 631, 632, 633, 634, 635, 636, 637, 638, 639, 792, 796, 797, 798, 799, 800, 801, 863, 864, 865, 866, 867, 868, 869, 870, 871, 872, 873, 874]","[17, 18, 19, 20, 21, 22, 23, 156, 157, 158, 159, 160, 161, 162, 163, 164, 165, 166, 167, 341, 342, 343, 344, 345, 412, 413, 414, 415, 416, 417, 418, 419, 420, 421, 422, 502, 503, 504, 505, 506, 507, 628, 629, 630, 631, 632, 633, 634, 635, 636, 637, 638, 639, 792, 797, 798, 799, 800, 801, 863, 864, 865, 866, 867, 868, 869, 870, 871, 872, 873, 874]",0/6 successful match,False,,False,606,False,,,,,
Lordsburg ( 88045 ) Flying J Travel Plaza # 690,575-542-3320 I-10 Exit 24 ( E on Old Hwy 70 ),FLYING J 24 XL 24,Lordsburg,88045,Flying J Travel Plaza # 690,575-542-3320,2015,Lordsburg,NM,Flying J,( E on Old Hwy 70 ),I-10 Exit 24 ,Exit,24,False,,False,I-10,,,,,[],[],[],"[175, 467, 646, 914]",[],"[0, 5, 7, 10, 14, 19, 20, 22, 24, 32, 33, 34, 37, 38, 40, 44, 46, 48, 49, 51, 56, 61, 63, 65, 67, 68, 73, 74, 75, 76, 79, 81, 82, 83, 85, 87, 88, 92, 93, 95, 96, 99, 100, 101, 115, 116, 124, 134, 142, 161, 167, 169, 170, 186, 202, 240, 244, 254, 260, 267, 277, 300, 303, 307, 310, 322, 331, 376, 485, 491, 493, 495, 499, 503, 504, 506, 508, 515, 518, 519, 521, 524, 526, 528, 533, 537, 539, 542, 543, 547, 548, 549, 550, 551, 553, 554, 556, 558, 559, 563, 564, 566, 567, 570, 571, 572, 586, 587, 595, 605, 613, 633, 639, 640, 641, 657, 672, 704, 717, 726, 736, 759, 761, 765, 768, 780, 788, 792, 826]","[17, 18, 19, 20, 21, 22, 23, 156, 157, 158, 159, 160, 161, 162, 163, 164, 165, 166, 167, 341, 342, 343, 344, 345, 412, 413, 414, 415, 416, 417, 418, 419, 420, 421, 422, 502, 503, 504, 505, 506, 507, 628, 629, 630, 631, 632, 633, 634, 635, 636, 637, 638, 639, 792, 797, 798, 799, 800, 801, 863, 864, 865, 866, 867, 868, 869, 870, 871, 872, 873, 874]","[17, 18, 19, 20, 21, 22, 23, 156, 157, 158, 159, 160, 161, 162, 163, 164, 165, 166, 167, 168, 340, 341, 342, 343, 344, 345, 346, 412, 413, 414, 415, 416, 417, 418, 419, 420, 421, 422, 502, 503, 504, 505, 506, 507, 628, 629, 630, 631, 632, 633, 634, 635, 636, 637, 638, 639, 792, 796, 797, 798, 799, 800, 801, 863, 864, 865, 866, 867, 868, 869, 870, 871, 872, 873, 874]","[0, 515, 5, 518, 7, 519, 521, 10, 524, 14, 526, 528, 17, 18, 19, 20, 533, 22, 21, 24, 537, 23, 539, 542, 543, 32, 33, 34, 547, 548, 37, 38, 549, 40, 550, 551, 553, 44, 554, 46, 556, 48, 49, 558, 51, 559, 563, 564, 566, 56, 567, 570, 571, 572, 61, 63, 65, 67, 68, 73, 74, 75, 76, 586, 587, 79, 81, 82, 83, 595, 85, 87, 88, 92, 93, 605, 95, 96, 99, 100, 101, 613, 115, 116, 628, 629, 630, 631, 633, 632, 634, 124, 635, 636, 639, 640, 641, 637, 638, 646, 134, 142, 657, 156, 157, 158, 159, 672, 161, 160, 162, 163, 164, 165, 167, 166, 169, 170, 168, 175, 186, 704, 202, 717, 726, 736, 240, 244, 759, 761, 765, 254, 768, 260, 267, 780, 788, 277, 792, 796, 797, 798, 799, 800, 801, 300, 303, 307, 310, 826, 322, 331, 340, 341, 342, 343, 344, 345, 346, 863, 864, 865, 866, 867, 868, 869, 870, 871, 872, 873, 874, 376, 914, 412, 413, 414, 415, 416, 417, 418, 419, 420, 421, 422, 467, 485, 491, 493, 495, 499, 502, 503, 504, 505, 506, 507, 508]",False,[],[],[],"[175, 467, 646, 914]","[0, 5, 7, 10, 14, 19, 20, 22, 24, 32, 33, 34, 37, 38, 40, 44, 46, 48, 49, 51, 56, 61, 63, 65, 67, 68, 73, 74, 75, 76, 79, 81, 82, 83, 85, 87, 88, 92, 93, 95, 96, 99, 100, 101, 115, 116, 124, 134, 142, 161, 167, 169, 170, 186, 202, 240, 244, 254, 260, 267, 277, 300, 303, 307, 310, 322, 331, 376, 485, 491, 493, 495, 499, 503, 504, 506, 508, 515, 518, 519, 521, 524, 526, 528, 533, 537, 539, 542, 543, 547, 548, 549, 550, 551, 553, 554, 556, 558, 559, 563, 564, 566, 567, 570, 571, 572, 586, 587, 595, 605, 613, 633, 639, 640, 641, 657, 672, 704, 717, 726, 736, 759, 761, 765, 768, 780, 788, 792, 826]","[17, 18, 19, 20, 21, 22, 23, 156, 157, 158, 159, 160, 161, 162, 163, 164, 165, 166, 167, 168, 340, 341, 342, 343, 344, 345, 346, 412, 413, 414, 415, 416, 417, 418, 419, 420, 421, 422, 502, 503, 504, 505, 506, 507, 628, 629, 630, 631, 632, 633, 634, 635, 636, 637, 638, 639, 792, 796, 797, 798, 799, 800, 801, 863, 864, 865, 866, 867, 868, 869, 870, 871, 872, 873, 874]","[17, 18, 19, 20, 21, 22, 23, 156, 157, 158, 159, 160, 161, 162, 163, 164, 165, 166, 167, 341, 342, 343, 344, 345, 412, 413, 414, 415, 416, 417, 418, 419, 420, 421, 422, 502, 503, 504, 505, 506, 507, 628, 629, 630, 631, 632, 633, 634, 635, 636, 637, 638, 639, 792, 797, 798, 799, 800, 801, 863, 864, 865, 866, 867, 868, 869, 870, 871, 872, 873, 874]",0/6 successful match,False,,False,606,False,,1.0,True,Flying J Travel Plaza # 690,Flying J
Lordsburg ( 88045 ) Flying J Travel Plaza # 690 ( Conoco ),575-542-3320 I-10 Exit 24 ( E on Old Hwy 70 ) FLYING,FLYING J 24 XL 24 24,Lordsburg,88045,Flying J Travel Plaza # 690 ( Conoco ),575-542-3320,2016,Lordsburg,NM,Flying J,( E on Old Hwy 70 ) FLYING,I-10 Exit 24 ,Exit,24,False,,False,I-10,,,,,[],[],[],"[175, 467, 646, 914]",[],"[0, 5, 7, 10, 14, 19, 20, 22, 24, 32, 33, 34, 37, 38, 40, 44, 46, 48, 49, 51, 56, 61, 63, 65, 67, 68, 73, 74, 75, 76, 79, 81, 82, 83, 85, 87, 88, 92, 93, 95, 96, 99, 100, 101, 115, 116, 124, 134, 142, 161, 167, 169, 170, 186, 202, 240, 244, 254, 260, 267, 277, 300, 303, 307, 310, 322, 331, 376, 485, 491, 493, 495, 499, 503, 504, 506, 508, 515, 518, 519, 521, 524, 526, 528, 533, 537, 539, 542, 543, 547, 548, 549, 550, 551, 553, 554, 556, 558, 559, 563, 564, 566, 567, 570, 571, 572, 586, 587, 595, 605, 613, 633, 639, 640, 641, 657, 672, 704, 717, 726, 736, 759, 761, 765, 768, 780, 788, 792, 826]","[17, 18, 19, 20, 21, 22, 23, 156, 157, 158, 159, 160, 161, 162, 163, 164, 165, 166, 167, 341, 342, 343, 344, 345, 412, 413, 414, 415, 416, 417, 418, 419, 420, 421, 422, 502, 503, 504, 505, 506, 507, 628, 629, 630, 631, 632, 633, 634, 635, 636, 637, 638, 639, 792, 797, 798, 799, 800, 801, 863, 864, 865, 866, 867, 868, 869, 870, 871, 872, 873, 874]","[3, 17, 18, 19, 20, 21, 22, 23, 27, 156, 157, 158, 159, 160, 161, 162, 163, 164, 165, 166, 167, 168, 340, 341, 342, 343, 344, 345, 346, 349, 406, 412, 413, 414, 415, 416, 417, 418, 419, 420, 421, 422, 451, 489, 502, 503, 504, 505, 506, 507, 510, 628, 629, 630, 631, 632, 633, 634, 635, 636, 637, 638, 639, 792, 796, 797, 798, 799, 800, 801, 804, 855, 863, 864, 865, 866, 867, 868, 869, 870, 871, 872, 873, 874, 898]","[0, 515, 3, 5, 518, 7, 519, 521, 10, 524, 14, 526, 528, 17, 18, 19, 20, 533, 22, 21, 24, 537, 23, 539, 27, 542, 543, 32, 33, 34, 547, 548, 37, 38, 549, 40, 550, 551, 553, 44, 554, 46, 556, 48, 49, 558, 51, 559, 563, 564, 566, 56, 567, 570, 571, 572, 61, 63, 65, 67, 68, 73, 74, 75, 76, 586, 587, 79, 81, 82, 83, 595, 85, 87, 88, 92, 93, 605, 95, 96, 99, 100, 101, 613, 115, 116, 628, 629, 630, 631, 633, 632, 634, 124, 635, 636, 639, 640, 641, 637, 638, 646, 134, 142, 657, 156, 157, 158, 159, 672, 161, 160, 162, 163, 164, 165, 167, 166, 169, 170, 168, 175, 186, 704, 202, 717, 726, 736, 240, 244, 759, 761, 765, 254, 768, 260, 267, 780, 788, 277, 792, 796, 797, 798, 799, 800, 801, 804, 300, 303, 307, 310, 826, 322, 331, 340, 341, 342, 343, 344, 345, 346, 855, 349, 863, 864, 865, 866, 867, 868, 869, 870, 871, 872, 873, 874, 376, 898, 914, 406, 412, 413, 414, 415, 416, 417, 418, 419, 420, 421, 422, 451, 467, 485, 489, 491, 493, 495, 499, 502, 503, 504, 505, 506, 507, 508, 510]",False,[],[],[],"[175, 467, 646, 914]","[0, 5, 7, 10, 14, 19, 20, 22, 24, 32, 33, 34, 37, 38, 40, 44, 46, 48, 49, 51, 56, 61, 63, 65, 67, 68, 73, 74, 75, 76, 79, 81, 82, 83, 85, 87, 88, 92, 93, 95, 96, 99, 100, 101, 115, 116, 124, 134, 142, 161, 167, 169, 170, 186, 202, 240, 244, 254, 260, 267, 277, 300, 303, 307, 310, 322, 331, 376, 485, 491, 493, 495, 499, 503, 504, 506, 508, 515, 518, 519, 521, 524, 526, 528, 533, 537, 539, 542, 543, 547, 548, 549, 550, 551, 553, 554, 556, 558, 559, 563, 564, 566, 567, 570, 571, 572, 586, 587, 595, 605, 613, 633, 639, 640, 641, 657, 672, 704, 717, 726, 736, 759, 761, 765, 768, 780, 788, 792, 826]","[3, 17, 18, 19, 20, 21, 22, 23, 27, 156, 157, 158, 159, 160, 161, 162, 163, 164, 165, 166, 167, 168, 340, 341, 342, 343, 344, 345, 346, 349, 406, 412, 413, 414, 415, 416, 417, 418, 419, 420, 421, 422, 451, 489, 502, 503, 504, 505, 506, 507, 510, 628, 629, 630, 631, 632, 633, 634, 635, 636, 637, 638, 639, 792, 796, 797, 798, 799, 800, 801, 804, 855, 863, 864, 865, 866, 867, 868, 869, 870, 871, 872, 873, 874, 898]","[17, 18, 19, 20, 21, 22, 23, 156, 157, 158, 159, 160, 161, 162, 163, 164, 165, 166, 167, 341, 342, 343, 344, 345, 412, 413, 414, 415, 416, 417, 418, 419, 420, 421, 422, 502, 503, 504, 505, 506, 507, 628, 629, 630, 631, 632, 633, 634, 635, 636, 637, 638, 639, 792, 797, 798, 799, 800, 801, 863, 864, 865, 866, 867, 868, 869, 870, 871, 872, 873, 874]",0/6 successful match,False,,False,606,False,,1.0,True,Flying J Travel Plaza # 690,Flying J
Lordsburg ( 88045 ) Love's Travel Stop # 276,575-542-8462 I-10 Exit 20 B ( Motel Dr ),24 S,Lordsburg,88045,Love's Travel Stop # 276,575-542-8462,2014,Lordsburg,NM,Love's,( Motel Dr ),I-10 Exit 20 B ,Exit,20,False,,False,I-10,,,,,[],[],[],"[371, 821]",[],"[0, 5, 7, 10, 14, 19, 20, 22, 24, 32, 33, 34, 37, 38, 40, 44, 46, 48, 49, 51, 56, 61, 63, 65, 67, 68, 73, 74, 75, 76, 79, 81, 82, 83, 85, 87, 88, 92, 93, 95, 96, 99, 100, 101, 115, 116, 124, 134, 142, 161, 167, 169, 170, 186, 202, 240, 244, 254, 260, 267, 277, 300, 303, 307, 310, 322, 331, 376, 485, 491, 493, 495, 499, 503, 504, 506, 508, 515, 518, 519, 521, 524, 526, 528, 533, 537, 539, 542, 543, 547, 548, 549, 550, 551, 553, 554, 556, 558, 559, 563, 564, 566, 567, 570, 571, 572, 586, 587, 595, 605, 613, 633, 639, 640, 641, 657, 672, 704, 717, 726, 736, 759, 761, 765, 768, 780, 788, 792, 826]","[34, 35, 36, 37, 38, 39, 40, 41, 42, 43, 44, 45, 46, 47, 48, 201, 202, 203, 204, 205, 206, 207, 208, 209, 210, 211, 212, 213, 214, 215, 216, 355, 356, 357, 358, 359, 360, 361, 429, 430, 431, 432, 433, 434, 435, 515, 516, 517, 518, 519, 520, 521, 522, 523, 524, 525, 526, 527, 672, 673, 674, 675, 676, 677, 678, 679, 680, 681, 682, 683, 684, 810, 811, 812, 813, 814, 881, 882, 883, 884, 885, 886]","[32, 33, 34, 35, 36, 37, 38, 39, 40, 41, 42, 43, 44, 45, 46, 47, 48, 201, 202, 203, 204, 205, 206, 207, 208, 209, 210, 211, 212, 213, 214, 215, 216, 355, 356, 357, 358, 359, 360, 361, 429, 430, 431, 432, 433, 434, 435, 515, 516, 517, 518, 519, 520, 521, 522, 523, 524, 525, 526, 527, 672, 673, 674, 675, 676, 677, 678, 679, 680, 681, 682, 683, 684, 810, 811, 812, 813, 814, 881, 882, 883, 884, 885, 886]","[0, 515, 516, 5, 518, 7, 519, 521, 10, 517, 524, 520, 14, 526, 528, 522, 523, 19, 20, 533, 22, 527, 24, 537, 539, 542, 543, 32, 33, 34, 547, 548, 37, 38, 549, 40, 550, 551, 553, 44, 554, 46, 556, 48, 49, 558, 51, 559, 563, 564, 566, 56, 567, 570, 571, 572, 61, 63, 65, 67, 68, 73, 74, 75, 76, 586, 587, 79, 81, 82, 83, 595, 85, 525, 87, 88, 92, 93, 605, 95, 96, 99, 100, 101, 613, 115, 116, 633, 124, 639, 640, 641, 134, 142, 657, 672, 161, 673, 674, 675, 676, 677, 167, 678, 169, 170, 679, 680, 681, 682, 683, 684, 35, 36, 186, 704, 39, 201, 202, 203, 204, 717, 205, 41, 206, 207, 208, 209, 42, 210, 726, 211, 212, 43, 213, 214, 215, 216, 736, 45, 47, 240, 244, 759, 761, 765, 254, 768, 260, 267, 780, 788, 277, 792, 810, 811, 300, 812, 813, 303, 814, 307, 821, 310, 826, 322, 331, 355, 356, 357, 358, 359, 360, 361, 881, 882, 371, 883, 884, 885, 886, 376, 429, 430, 431, 432, 433, 434, 435, 485, 491, 493, 495, 499, 503, 504, 506, 508]",False,[],[],[],"[371, 821]","[0, 5, 7, 10, 14, 19, 20, 22, 24, 32, 33, 34, 37, 38, 40, 44, 46, 48, 49, 51, 56, 61, 63, 65, 67, 68, 73, 74, 75, 76, 79, 81, 82, 83, 85, 87, 88, 92, 93, 95, 96, 99, 100, 101, 115, 116, 124, 134, 142, 161, 167, 169, 170, 186, 202, 240, 244, 254, 260, 267, 277, 300, 303, 307, 310, 322, 331, 376, 485, 491, 493, 495, 499, 503, 504, 506, 508, 515, 518, 519, 521, 524, 526, 528, 533, 537, 539, 542, 543, 547, 548, 549, 550, 551, 553, 554, 556, 558, 559, 563, 564, 566, 567, 570, 571, 572, 586, 587, 595, 605, 613, 633, 639, 640, 641, 657, 672, 704, 717, 726, 736, 759, 761, 765, 768, 780, 788, 792, 826]","[32, 33, 34, 35, 36, 37, 38, 39, 40, 41, 42, 43, 44, 45, 46, 47, 48, 201, 202, 203, 204, 205, 206, 207, 208, 209, 210, 211, 212, 213, 214, 215, 216, 355, 356, 357, 358, 359, 360, 361, 429, 430, 431, 432, 433, 434, 435, 515, 516, 517, 518, 519, 520, 521, 522, 523, 524, 525, 526, 527, 672, 673, 674, 675, 676, 677, 678, 679, 680, 681, 682, 683, 684, 810, 811, 812, 813, 814, 881, 882, 883, 884, 885, 886]","[34, 35, 36, 37, 38, 39, 40, 41, 42, 43, 44, 45, 46, 47, 48, 201, 202, 203, 204, 205, 206, 207, 208, 209, 210, 211, 212, 213, 214, 215, 216, 355, 356, 357, 358, 359, 360, 361, 429, 430, 431, 432, 433, 434, 435, 515, 516, 517, 518, 519, 520, 521, 522, 523, 524, 525, 526, 527, 672, 673, 674, 675, 676, 677, 678, 679, 680, 681, 682, 683, 684, 810, 811, 812, 813, 814, 881, 882, 883, 884, 885, 886]",0/6 successful match,False,,False,607,False,,,,,
Lordsburg ( 88045 ) Love's Travel Stop # 276,575-542-8462 I-10 Exit 20 B ( Motel Dr ),24 S,Lordsburg,88045,Love's Travel Stop # 276,575-542-8462,2015,Lordsburg,NM,Love's,( Motel Dr ),I-10 Exit 20 B ,Exit,20,False,,False,I-10,,,,,[],[],[],"[371, 821]",[],"[0, 5, 7, 10, 14, 19, 20, 22, 24, 32, 33, 34, 37, 38, 40, 44, 46, 48, 49, 51, 56, 61, 63, 65, 67, 68, 73, 74, 75, 76, 79, 81, 82, 83, 85, 87, 88, 92, 93, 95, 96, 99, 100, 101, 115, 116, 124, 134, 142, 161, 167, 169, 170, 186, 202, 240, 244, 254, 260, 267, 277, 300, 303, 307, 310, 322, 331, 376, 485, 491, 493, 495, 499, 503, 504, 506, 508, 515, 518, 519, 521, 524, 526, 528, 533, 537, 539, 542, 543, 547, 548, 549, 550, 551, 553, 554, 556, 558, 559, 563, 564, 566, 567, 570, 571, 572, 586, 587, 595, 605, 613, 633, 639, 640, 641, 657, 672, 704, 717, 726, 736, 759, 761, 765, 768, 780, 788, 792, 826]","[34, 35, 36, 37, 38, 39, 40, 41, 42, 43, 44, 45, 46, 47, 48, 201, 202, 203, 204, 205, 206, 207, 208, 209, 210, 211, 212, 213, 214, 215, 216, 355, 356, 357, 358, 359, 360, 361, 429, 430, 431, 432, 433, 434, 435, 515, 516, 517, 518, 519, 520, 521, 522, 523, 524, 525, 526, 527, 672, 673, 674, 675, 676, 677, 678, 679, 680, 681, 682, 683, 684, 810, 811, 812, 813, 814, 881, 882, 883, 884, 885, 886]","[32, 33, 34, 35, 36, 37, 38, 39, 40, 41, 42, 43, 44, 45, 46, 47, 48, 201, 202, 203, 204, 205, 206, 207, 208, 209, 210, 211, 212, 213, 214, 215, 216, 355, 356, 357, 358, 359, 360, 361, 429, 430, 431, 432, 433, 434, 435, 515, 516, 517, 518, 519, 520, 521, 522, 523, 524, 525, 526, 527, 672, 673, 674, 675, 676, 677, 678, 679, 680, 681, 682, 683, 684, 810, 811, 812, 813, 814, 881, 882, 883, 884, 885, 886]","[0, 515, 516, 5, 518, 7, 519, 521, 10, 517, 524, 520, 14, 526, 528, 522, 523, 19, 20, 533, 22, 527, 24, 537, 539, 542, 543, 32, 33, 34, 547, 548, 37, 38, 549, 40, 550, 551, 553, 44, 554, 46, 556, 48, 49, 558, 51, 559, 563, 564, 566, 56, 567, 570, 571, 572, 61, 63, 65, 67, 68, 73, 74, 75, 76, 586, 587, 79, 81, 82, 83, 595, 85, 525, 87, 88, 92, 93, 605, 95, 96, 99, 100, 101, 613, 115, 116, 633, 124, 639, 640, 641, 134, 142, 657, 672, 161, 673, 674, 675, 676, 677, 167, 678, 169, 170, 679, 680, 681, 682, 683, 684, 35, 36, 186, 704, 39, 201, 202, 203, 204, 717, 205, 41, 206, 207, 208, 209, 42, 210, 726, 211, 212, 43, 213, 214, 215, 216, 736, 45, 47, 240, 244, 759, 761, 765, 254, 768, 260, 267, 780, 788, 277, 792, 810, 811, 300, 812, 813, 303, 814, 307, 821, 310, 826, 322, 331, 355, 356, 357, 358, 359, 360, 361, 881, 882, 371, 883, 884, 885, 886, 376, 429, 430, 431, 432, 433, 434, 435, 485, 491, 493, 495, 499, 503, 504, 506, 508]",False,[],[],[],"[371, 821]","[0, 5, 7, 10, 14, 19, 20, 22, 24, 32, 33, 34, 37, 38, 40, 44, 46, 48, 49, 51, 56, 61, 63, 65, 67, 68, 73, 74, 75, 76, 79, 81, 82, 83, 85, 87, 88, 92, 93, 95, 96, 99, 100, 101, 115, 116, 124, 134, 142, 161, 167, 169, 170, 186, 202, 240, 244, 254, 260, 267, 277, 300, 303, 307, 310, 322, 331, 376, 485, 491, 493, 495, 499, 503, 504, 506, 508, 515, 518, 519, 521, 524, 526, 528, 533, 537, 539, 542, 543, 547, 548, 549, 550, 551, 553, 554, 556, 558, 559, 563, 564, 566, 567, 570, 571, 572, 586, 587, 595, 605, 613, 633, 639, 640, 641, 657, 672, 704, 717, 726, 736, 759, 761, 765, 768, 780, 788, 792, 826]","[32, 33, 34, 35, 36, 37, 38, 39, 40, 41, 42, 43, 44, 45, 46, 47, 48, 201, 202, 203, 204, 205, 206, 207, 208, 209, 210, 211, 212, 213, 214, 215, 216, 355, 356, 357, 358, 359, 360, 361, 429, 430, 431, 432, 433, 434, 435, 515, 516, 517, 518, 519, 520, 521, 522, 523, 524, 525, 526, 527, 672, 673, 674, 675, 676, 677, 678, 679, 680, 681, 682, 683, 684, 810, 811, 812, 813, 814, 881, 882, 883, 884, 885, 886]","[34, 35, 36, 37, 38, 39, 40, 41, 42, 43, 44, 45, 46, 47, 48, 201, 202, 203, 204, 205, 206, 207, 208, 209, 210, 211, 212, 213, 214, 215, 216, 355, 356, 357, 358, 359, 360, 361, 429, 430, 431, 432, 433, 434, 435, 515, 516, 517, 518, 519, 520, 521, 522, 523, 524, 525, 526, 527, 672, 673, 674, 675, 676, 677, 678, 679, 680, 681, 682, 683, 684, 810, 811, 812, 813, 814, 881, 882, 883, 884, 885, 886]",0/6 successful match,False,,False,607,False,,1.0,True,Love's Travel Stop # 276,Love's
Lordsburg ( 88045 ) Love's Travel Stop # 276,575-542-8462 I-10 Exit 20 B ( Motel Dr ),24 LOO 20,Lordsburg,88045,Love's Travel Stop # 276,575-542-8462,2016,Lordsburg,NM,Love's,( Motel Dr ),I-10 Exit 20 B ,Exit,20,False,,False,I-10,,,,,[],[],[],"[371, 821]",[],"[0, 5, 7, 10, 14, 19, 20, 22, 24, 32, 33, 34, 37, 38, 40, 44, 46, 48, 49, 51, 56, 61, 63, 65, 67, 68, 73, 74, 75, 76, 79, 81, 82, 83, 85, 87, 88, 92, 93, 95, 96, 99, 100, 101, 115, 116, 124, 134, 142, 161, 167, 169, 170, 186, 202, 240, 244, 254, 260, 267, 277, 300, 303, 307, 310, 322, 331, 376, 485, 491, 493, 495, 499, 503, 504, 506, 508, 515, 518, 519, 521, 524, 526, 528, 533, 537, 539, 542, 543, 547, 548, 549, 550, 551, 553, 554, 556, 558, 559, 563, 564, 566, 567, 570, 571, 572, 586, 587, 595, 605, 613, 633, 639, 640, 641, 657, 672, 704, 717, 726, 736, 759, 761, 765, 768, 780, 788, 792, 826]","[34, 35, 36, 37, 38, 39, 40, 41, 42, 43, 44, 45, 46, 47, 48, 201, 202, 203, 204, 205, 206, 207, 208, 209, 210, 211, 212, 213, 214, 215, 216, 355, 356, 357, 358, 359, 360, 361, 429, 430, 431, 432, 433, 434, 435, 515, 516, 517, 518, 519, 520, 521, 522, 523, 524, 525, 526, 527, 672, 673, 674, 675, 676, 677, 678, 679, 680, 681, 682, 683, 684, 810, 811, 812, 813, 814, 881, 882, 883, 884, 885, 886]","[32, 33, 34, 35, 36, 37, 38, 39, 40, 41, 42, 43, 44, 45, 46, 47, 48, 201, 202, 203, 204, 205, 206, 207, 208, 209, 210, 211, 212, 213, 214, 215, 216, 355, 356, 357, 358, 359, 360, 361, 429, 430, 431, 432, 433, 434, 435, 515, 516, 517, 518, 519, 520, 521, 522, 523, 524, 525, 526, 527, 672, 673, 674, 675, 676, 677, 678, 679, 680, 681, 682, 683, 684, 810, 811, 812, 813, 814, 881, 882, 883, 884, 885, 886]","[0, 515, 516, 5, 518, 7, 519, 521, 10, 517, 524, 520, 14, 526, 528, 522, 523, 19, 20, 533, 22, 527, 24, 537, 539, 542, 543, 32, 33, 34, 547, 548, 37, 38, 549, 40, 550, 551, 553, 44, 554, 46, 556, 48, 49, 558, 51, 559, 563, 564, 566, 56, 567, 570, 571, 572, 61, 63, 65, 67, 68, 73, 74, 75, 76, 586, 587, 79, 81, 82, 83, 595, 85, 525, 87, 88, 92, 93, 605, 95, 96, 99, 100, 101, 613, 115, 116, 633, 124, 639, 640, 641, 134, 142, 657, 672, 161, 673, 674, 675, 676, 677, 167, 678, 169, 170, 679, 680, 681, 682, 683, 684, 35, 36, 186, 704, 39, 201, 202, 203, 204, 717, 205, 41, 206, 207, 208, 209, 42, 210, 726, 211, 212, 43, 213, 214, 215, 216, 736, 45, 47, 240, 244, 759, 761, 765, 254, 768, 260, 267, 780, 788, 277, 792, 810, 811, 300, 812, 813, 303, 814, 307, 821, 310, 826, 322, 331, 355, 356, 357, 358, 359, 360, 361, 881, 882, 371, 883, 884, 885, 886, 376, 429, 430, 431, 432, 433, 434, 435, 485, 491, 493, 495, 499, 503, 504, 506, 508]",False,[],[],[],"[371, 821]","[0, 5, 7, 10, 14, 19, 20, 22, 24, 32, 33, 34, 37, 38, 40, 44, 46, 48, 49, 51, 56, 61, 63, 65, 67, 68, 73, 74, 75, 76, 79, 81, 82, 83, 85, 87, 88, 92, 93, 95, 96, 99, 100, 101, 115, 116, 124, 134, 142, 161, 167, 169, 170, 186, 202, 240, 244, 254, 260, 267, 277, 300, 303, 307, 310, 322, 331, 376, 485, 491, 493, 495, 499, 503, 504, 506, 508, 515, 518, 519, 521, 524, 526, 528, 533, 537, 539, 542, 543, 547, 548, 549, 550, 551, 553, 554, 556, 558, 559, 563, 564, 566, 567, 570, 571, 572, 586, 587, 595, 605, 613, 633, 639, 640, 641, 657, 672, 704, 717, 726, 736, 759, 761, 765, 768, 780, 788, 792, 826]","[32, 33, 34, 35, 36, 37, 38, 39, 40, 41, 42, 43, 44, 45, 46, 47, 48, 201, 202, 203, 204, 205, 206, 207, 208, 209, 210, 211, 212, 213, 214, 215, 216, 355, 356, 357, 358, 359, 360, 361, 429, 430, 431, 432, 433, 434, 435, 515, 516, 517, 518, 519, 520, 521, 522, 523, 524, 525, 526, 527, 672, 673, 674, 675, 676, 677, 678, 679, 680, 681, 682, 683, 684, 810, 811, 812, 813, 814, 881, 882, 883, 884, 885, 886]","[34, 35, 36, 37, 38, 39, 40, 41, 42, 43, 44, 45, 46, 47, 48, 201, 202, 203, 204, 205, 206, 207, 208, 209, 210, 211, 212, 213, 214, 215, 216, 355, 356, 357, 358, 359, 360, 361, 429, 430, 431, 432, 433, 434, 435, 515, 516, 517, 518, 519, 520, 521, 522, 523, 524, 525, 526, 527, 672, 673, 674, 675, 676, 677, 678, 679, 680, 681, 682, 683, 684, 810, 811, 812, 813, 814, 881, 882, 883, 884, 885, 886]",0/6 successful match,False,,False,607,False,,1.0,True,Love's Travel Stop # 276,Love's
"Vado , 88072 Vado Travel City ( Shell )",505-233-2988 I-10 Exit 155,) M <U+2610>,Vado,88072,Vado Travel City ( Shell ),505-233-2988,2006,Vado,NM,Shell,,I-10 Exit 155,Exit,155,False,,False,I-10,,,,,[],[],[],[],[],"[0, 5, 7, 10, 14, 19, 20, 22, 24, 32, 33, 34, 37, 38, 40, 44, 46, 48, 49, 51, 56, 61, 63, 65, 67, 68, 73, 74, 75, 76, 79, 81, 82, 83, 85, 87, 88, 92, 93, 95, 96, 99, 100, 101, 115, 116, 124, 134, 142, 161, 167, 169, 170, 186, 202, 240, 244, 254, 260, 267, 277, 300, 303, 307, 310, 322, 331, 376, 485, 491, 493, 495, 499, 503, 504, 506, 508, 515, 518, 519, 521, 524, 526, 528, 533, 537, 539, 542, 543, 547, 548, 549, 550, 551, 553, 554, 556, 558, 559, 563, 564, 566, 567, 570, 571, 572, 586, 587, 595, 605, 613, 633, 639, 640, 641, 657, 672, 704, 717, 726, 736, 759, 761, 765, 768, 780, 788, 792, 826]","[1, 13, 14, 29, 54, 55, 56, 57, 58, 60, 102, 118, 125, 127, 130, 134, 146, 149, 153, 175, 182, 187, 189, 191, 197, 225, 230, 238, 264, 265, 266, 286, 302, 317, 336, 379, 388, 389, 425, 454, 458, 463, 475, 487, 498, 499, 512, 530, 531, 532, 533, 534, 536, 573, 589, 596, 598, 601, 605, 617, 620, 624, 646, 653, 658, 660, 662, 668, 689, 694, 702, 724, 725, 745, 760, 775, 793, 829, 838, 839, 877, 901, 903, 905, 910, 923]","[1, 13, 14, 29, 54, 55, 56, 57, 58, 60, 102, 118, 125, 127, 130, 134, 146, 149, 153, 175, 182, 187, 189, 191, 197, 225, 230, 238, 264, 265, 266, 286, 302, 317, 336, 354, 379, 388, 389, 425, 454, 458, 463, 475, 487, 498, 499, 512, 530, 531, 532, 533, 534, 536, 573, 589, 596, 598, 601, 605, 617, 620, 624, 646, 653, 658, 660, 662, 668, 689, 694, 702, 724, 725, 745, 760, 775, 793, 809, 829, 838, 839, 877, 901, 903, 905, 910, 923]","[0, 1, 512, 515, 5, 518, 7, 519, 521, 10, 524, 13, 14, 526, 528, 530, 19, 20, 533, 22, 531, 24, 537, 532, 539, 534, 29, 542, 543, 32, 33, 34, 547, 548, 37, 38, 549, 40, 550, 551, 553, 44, 554, 46, 556, 48, 49, 558, 51, 559, 563, 564, 566, 56, 567, 570, 571, 572, 61, 54, 63, 55, 65, 57, 67, 68, 60, 573, 73, 74, 75, 76, 586, 587, 79, 589, 81, 82, 83, 595, 85, 596, 87, 88, 598, 601, 92, 93, 605, 95, 96, 99, 100, 101, 613, 102, 617, 620, 624, 115, 116, 118, 633, 124, 125, 639, 640, 641, 127, 130, 134, 646, 536, 653, 142, 657, 146, 658, 660, 149, 662, 153, 668, 672, 161, 167, 169, 170, 175, 689, 182, 694, 186, 187, 189, 702, 191, 704, 197, 202, 717, 724, 725, 726, 736, 225, 230, 745, 238, 240, 244, 759, 760, 761, 765, 254, 768, 260, 775, 264, 265, 266, 267, 780, 788, 277, 792, 793, 286, 58, 809, 300, 302, 303, 307, 310, 826, 317, 829, 322, 838, 839, 331, 336, 354, 877, 376, 379, 388, 389, 901, 903, 905, 910, 923, 425, 454, 458, 463, 475, 485, 487, 491, 493, 495, 498, 499, 503, 504, 506, 508]",False,[],[],[],[],"[0, 5, 7, 10, 14, 19, 20, 22, 24, 32, 33, 34, 37, 38, 40, 44, 46, 48, 49, 51, 56, 61, 63, 65, 67, 68, 73, 74, 75, 76, 79, 81, 82, 83, 85, 87, 88, 92, 93, 95, 96, 99, 100, 101, 115, 116, 124, 134, 142, 161, 167, 169, 170, 186, 202, 240, 244, 254, 260, 267, 277, 300, 303, 307, 310, 322, 331, 376, 485, 491, 493, 495, 499, 503, 504, 506, 508, 515, 518, 519, 521, 524, 526, 528, 533, 537, 539, 542, 543, 547, 548, 549, 550, 551, 553, 554, 556, 558, 559, 563, 564, 566, 567, 570, 571, 572, 586, 587, 595, 605, 613, 633, 639, 640, 641, 657, 672, 704, 717, 726, 736, 759, 761, 765, 768, 780, 788, 792, 826]","[1, 13, 14, 29, 54, 55, 56, 57, 58, 60, 102, 118, 125, 127, 130, 134, 146, 149, 153, 175, 182, 187, 189, 191, 197, 225, 230, 238, 264, 265, 266, 286, 302, 317, 336, 354, 379, 388, 389, 425, 454, 458, 463, 475, 487, 498, 499, 512, 530, 531, 532, 533, 534, 536, 573, 589, 596, 598, 601, 605, 617, 620, 624, 646, 653, 658, 660, 662, 668, 689, 694, 702, 724, 725, 745, 760, 775, 793, 809, 829, 838, 839, 877, 901, 903, 905, 910, 923]","[1, 13, 14, 29, 54, 55, 56, 57, 58, 60, 102, 118, 125, 127, 130, 134, 146, 149, 153, 175, 182, 187, 189, 191, 197, 225, 230, 238, 264, 265, 266, 286, 302, 317, 336, 379, 388, 389, 425, 454, 458, 463, 475, 487, 498, 499, 512, 530, 531, 532, 533, 534, 536, 573, 589, 596, 598, 601, 605, 617, 620, 624, 646, 653, 658, 660, 662, 668, 689, 694, 702, 724, 725, 745, 760, 775, 793, 829, 838, 839, 877, 901, 903, 905, 910, 923]",0/6 successful match,False,,False,608,False,,,,,
"Vado , 88072 Sun Mart ( Texaco )",505-233-2988 I-10 Exit 155,L,Vado,88072,Sun Mart ( Texaco ),505-233-2988,2007,Vado,NM,Texaco,,I-10 Exit 155,Exit,155,False,,False,I-10,,,,,[],[],[],[],[],"[0, 5, 7, 10, 14, 19, 20, 22, 24, 32, 33, 34, 37, 38, 40, 44, 46, 48, 49, 51, 56, 61, 63, 65, 67, 68, 73, 74, 75, 76, 79, 81, 82, 83, 85, 87, 88, 92, 93, 95, 96, 99, 100, 101, 115, 116, 124, 134, 142, 161, 167, 169, 170, 186, 202, 240, 244, 254, 260, 267, 277, 300, 303, 307, 310, 322, 331, 376, 485, 491, 493, 495, 499, 503, 504, 506, 508, 515, 518, 519, 521, 524, 526, 528, 533, 537, 539, 542, 543, 547, 548, 549, 550, 551, 553, 554, 556, 558, 559, 563, 564, 566, 567, 570, 571, 572, 586, 587, 595, 605, 613, 633, 639, 640, 641, 657, 672, 704, 717, 726, 736, 759, 761, 765, 768, 780, 788, 792, 826]","[26, 390, 474, 486, 509, 840, 922, 926]","[26, 390, 474, 486, 509, 840, 922, 926]","[0, 515, 5, 518, 7, 519, 521, 10, 524, 14, 526, 528, 19, 20, 533, 22, 24, 537, 26, 539, 542, 543, 32, 33, 34, 547, 548, 37, 38, 549, 40, 550, 551, 553, 44, 554, 46, 556, 48, 49, 558, 51, 559, 563, 564, 566, 56, 567, 570, 571, 572, 61, 63, 65, 67, 68, 73, 74, 75, 76, 586, 587, 79, 81, 82, 83, 595, 85, 87, 88, 92, 93, 605, 95, 96, 99, 100, 101, 613, 115, 116, 633, 124, 639, 640, 641, 134, 142, 657, 672, 161, 167, 169, 170, 186, 704, 202, 717, 726, 736, 240, 244, 759, 761, 765, 254, 768, 260, 267, 780, 788, 277, 792, 300, 303, 307, 310, 826, 322, 840, 331, 376, 390, 922, 926, 474, 485, 486, 491, 493, 495, 499, 503, 504, 506, 508, 509]",False,[],[],[],[],"[0, 5, 7, 10, 14, 19, 20, 22, 24, 32, 33, 34, 37, 38, 40, 44, 46, 48, 49, 51, 56, 61, 63, 65, 67, 68, 73, 74, 75, 76, 79, 81, 82, 83, 85, 87, 88, 92, 93, 95, 96, 99, 100, 101, 115, 116, 124, 134, 142, 161, 167, 169, 170, 186, 202, 240, 244, 254, 260, 267, 277, 300, 303, 307, 310, 322, 331, 376, 485, 491, 493, 495, 499, 503, 504, 506, 508, 515, 518, 519, 521, 524, 526, 528, 533, 537, 539, 542, 543, 547, 548, 549, 550, 551, 553, 554, 556, 558, 559, 563, 564, 566, 567, 570, 571, 572, 586, 587, 595, 605, 613, 633, 639, 640, 641, 657, 672, 704, 717, 726, 736, 759, 761, 765, 768, 780, 788, 792, 826]","[26, 390, 474, 486, 509, 840, 922, 926]","[26, 390, 474, 486, 509, 840, 922, 926]",0/6 successful match,False,,False,608,True,2007,0.2,False,Vado Travel City ( Shell ),Shell
"Vado , 88072 Sun Mart ( Texaco )",3 505-233-2988 I-10 Exit 155,HRS 24 <U+2610> LOO <U+2610><U+2610> <U+2610><U+2610>,Vado,88072,Sun Mart ( Texaco ),505-233-2988,2008,Vado,NM,Texaco,,I-10 Exit 155,Exit,155,False,,False,I-10,,,,,[],[],[],[],[],"[0, 5, 7, 10, 14, 19, 20, 22, 24, 32, 33, 34, 37, 38, 40, 44, 46, 48, 49, 51, 56, 61, 63, 65, 67, 68, 73, 74, 75, 76, 79, 81, 82, 83, 85, 87, 88, 92, 93, 95, 96, 99, 100, 101, 115, 116, 124, 134, 142, 161, 167, 169, 170, 186, 202, 240, 244, 254, 260, 267, 277, 300, 303, 307, 310, 322, 331, 376, 485, 491, 493, 495, 499, 503, 504, 506, 508, 515, 518, 519, 521, 524, 526, 528, 533, 537, 539, 542, 543, 547, 548, 549, 550, 551, 553, 554, 556, 558, 559, 563, 564, 566, 567, 570, 571, 572, 586, 587, 595, 605, 613, 633, 639, 640, 641, 657, 672, 704, 717, 726, 736, 759, 761, 765, 768, 780, 788, 792, 826]","[26, 390, 474, 486, 509, 840, 922, 926]","[26, 390, 474, 486, 509, 840, 922, 926]","[0, 515, 5, 518, 7, 519, 521, 10, 524, 14, 526, 528, 19, 20, 533, 22, 24, 537, 26, 539, 542, 543, 32, 33, 34, 547, 548, 37, 38, 549, 40, 550, 551, 553, 44, 554, 46, 556, 48, 49, 558, 51, 559, 563, 564, 566, 56, 567, 570, 571, 572, 61, 63, 65, 67, 68, 73, 74, 75, 76, 586, 587, 79, 81, 82, 83, 595, 85, 87, 88, 92, 93, 605, 95, 96, 99, 100, 101, 613, 115, 116, 633, 124, 639, 640, 641, 134, 142, 657, 672, 161, 167, 169, 170, 186, 704, 202, 717, 726, 736, 240, 244, 759, 761, 765, 254, 768, 260, 267, 780, 788, 277, 792, 300, 303, 307, 310, 826, 322, 840, 331, 376, 390, 922, 926, 474, 485, 486, 491, 493, 495, 499, 503, 504, 506, 508, 509]",False,[],[],[],[],"[0, 5, 7, 10, 14, 19, 20, 22, 24, 32, 33, 34, 37, 38, 40, 44, 46, 48, 49, 51, 56, 61, 63, 65, 67, 68, 73, 74, 75, 76, 79, 81, 82, 83, 85, 87, 88, 92, 93, 95, 96, 99, 100, 101, 115, 116, 124, 134, 142, 161, 167, 169, 170, 186, 202, 240, 244, 254, 260, 267, 277, 300, 303, 307, 310, 322, 331, 376, 485, 491, 493, 495, 499, 503, 504, 506, 508, 515, 518, 519, 521, 524, 526, 528, 533, 537, 539, 542, 543, 547, 548, 549, 550, 551, 553, 554, 556, 558, 559, 563, 564, 566, 567, 570, 571, 572, 586, 587, 595, 605, 613, 633, 639, 640, 641, 657, 672, 704, 717, 726, 736, 759, 761, 765, 768, 780, 788, 792, 826]","[26, 390, 474, 486, 509, 840, 922, 926]","[26, 390, 474, 486, 509, 840, 922, 926]",0/6 successful match,False,,False,608,False,,1.0,True,Sun Mart ( Texaco ),Texaco
"Vado , 88072 National Truck Stop # 305 ( Fina )",505-233-3695 I-10 Exit 155,<U+2610> <U+2610>,Vado,88072,National Truck Stop # 305 ( Fina ),505-233-3695,2006,Vado,NM,,,I-10 Exit 155,Exit,155,False,,False,I-10,,,,,[],[],[],[],[],"[0, 5, 7, 10, 14, 19, 20, 22, 24, 32, 33, 34, 37, 38, 40, 44, 46, 48, 49, 51, 56, 61, 63, 65, 67, 68, 73, 74, 75, 76, 79, 81, 82, 83, 85, 87, 88, 92, 93, 95, 96, 99, 100, 101, 115, 116, 124, 134, 142, 161, 167, 169, 170, 186, 202, 240, 244, 254, 260, 267, 277, 300, 303, 307, 310, 322, 331, 376, 485, 491, 493, 495, 499, 503, 504, 506, 508, 515, 518, 519, 521, 524, 526, 528, 533, 537, 539, 542, 543, 547, 548, 549, 550, 551, 553, 554, 556, 558, 559, 563, 564, 566, 567, 570, 571, 572, 586, 587, 595, 605, 613, 633, 639, 640, 641, 657, 672, 704, 717, 726, 736, 759, 761, 765, 768, 780, 788, 792, 826]",[],[],"[0, 515, 5, 518, 7, 519, 521, 10, 524, 14, 526, 528, 19, 20, 533, 22, 24, 537, 539, 542, 543, 32, 33, 34, 547, 548, 37, 38, 549, 40, 550, 551, 553, 44, 554, 46, 556, 48, 49, 558, 51, 559, 563, 564, 566, 56, 567, 570, 571, 572, 61, 63, 65, 67, 68, 73, 74, 75, 76, 586, 587, 79, 81, 82, 83, 595, 85, 87, 88, 92, 93, 605, 95, 96, 99, 100, 101, 613, 115, 116, 633, 124, 639, 640, 641, 134, 142, 657, 672, 161, 167, 169, 170, 186, 704, 202, 717, 726, 736, 240, 244, 759, 761, 765, 254, 768, 260, 267, 780, 788, 277, 792, 300, 303, 307, 310, 826, 322, 331, 376, 485, 491, 493, 495, 499, 503, 504, 506, 508]",False,[],[],[],[],"[0, 5, 7, 10, 14, 19, 20, 22, 24, 32, 33, 34, 37, 38, 40, 44, 46, 48, 49, 51, 56, 61, 63, 65, 67, 68, 73, 74, 75, 76, 79, 81, 82, 83, 85, 87, 88, 92, 93, 95, 96, 99, 100, 101, 115, 116, 124, 134, 142, 161, 167, 169, 170, 186, 202, 240, 244, 254, 260, 267, 277, 300, 303, 307, 310, 322, 331, 376, 485, 491, 493, 495, 499, 503, 504, 506, 508, 515, 518, 519, 521, 524, 526, 528, 533, 537, 539, 542, 543, 547, 548, 549, 550, 551, 553, 554, 556, 558, 559, 563, 564, 566, 567, 570, 571, 572, 586, 587, 595, 605, 613, 633, 639, 640, 641, 657, 672, 704, 717, 726, 736, 759, 761, 765, 768, 780, 788, 792, 826]",[],[],0/6 successful match,False,,False,609,False,,,,,
"Vado , 88072 National Truck Stop # 305 ( Fina )",505-233-3695 I-10 Exit 155,HRS 24 49 L,Vado,88072,National Truck Stop # 305 ( Fina ),505-233-3695,2007,Vado,NM,,,I-10 Exit 155,Exit,155,False,,False,I-10,,,,,[],[],[],[],[],"[0, 5, 7, 10, 14, 19, 20, 22, 24, 32, 33, 34, 37, 38, 40, 44, 46, 48, 49, 51, 56, 61, 63, 65, 67, 68, 73, 74, 75, 76, 79, 81, 82, 83, 85, 87, 88, 92, 93, 95, 96, 99, 100, 101, 115, 116, 124, 134, 142, 161, 167, 169, 170, 186, 202, 240, 244, 254, 260, 267, 277, 300, 303, 307, 310, 322, 331, 376, 485, 491, 493, 495, 499, 503, 504, 506, 508, 515, 518, 519, 521, 524, 526, 528, 533, 537, 539, 542, 543, 547, 548, 549, 550, 551, 553, 554, 556, 558, 559, 563, 564, 566, 567, 570, 571, 572, 586, 587, 595, 605, 613, 633, 639, 640, 641, 657, 672, 704, 717, 726, 736, 759, 761, 765, 768, 780, 788, 792, 826]",[],[],"[0, 515, 5, 518, 7, 519, 521, 10, 524, 14, 526, 528, 19, 20, 533, 22, 24, 537, 539, 542, 543, 32, 33, 34, 547, 548, 37, 38, 549, 40, 550, 551, 553, 44, 554, 46, 556, 48, 49, 558, 51, 559, 563, 564, 566, 56, 567, 570, 571, 572, 61, 63, 65, 67, 68, 73, 74, 75, 76, 586, 587, 79, 81, 82, 83, 595, 85, 87, 88, 92, 93, 605, 95, 96, 99, 100, 101, 613, 115, 116, 633, 124, 639, 640, 641, 134, 142, 657, 672, 161, 167, 169, 170, 186, 704, 202, 717, 726, 736, 240, 244, 759, 761, 765, 254, 768, 260, 267, 780, 788, 277, 792, 300, 303, 307, 310, 826, 322, 331, 376, 485, 491, 493, 495, 499, 503, 504, 506, 508]",False,[],[],[],[],"[0, 5, 7, 10, 14, 19, 20, 22, 24, 32, 33, 34, 37, 38, 40, 44, 46, 48, 49, 51, 56, 61, 63, 65, 67, 68, 73, 74, 75, 76, 79, 81, 82, 83, 85, 87, 88, 92, 93, 95, 96, 99, 100, 101, 115, 116, 124, 134, 142, 161, 167, 169, 170, 186, 202, 240, 244, 254, 260, 267, 277, 300, 303, 307, 310, 322, 331, 376, 485, 491, 493, 495, 499, 503, 504, 506, 508, 515, 518, 519, 521, 524, 526, 528, 533, 537, 539, 542, 543, 547, 548, 549, 550, 551, 553, 554, 556, 558, 559, 563, 564, 566, 567, 570, 571, 572, 586, 587, 595, 605, 613, 633, 639, 640, 641, 657, 672, 704, 717, 726, 736, 759, 761, 765, 768, 780, 788, 792, 826]",[],[],0/6 successful match,False,,False,609,False,,1.0,True,National Truck Stop # 305 ( Fina ),
"Vado , 88072 National Truck Stop # 305",3 505-233-3695 I-10 Exit 155,24 <U+2610><U+2610>,Vado,88072,National Truck Stop # 305,505-233-3695,2008,Vado,NM,,,I-10 Exit 155,Exit,155,False,,False,I-10,,,,,[],[],[],[],[],"[0, 5, 7, 10, 14, 19, 20, 22, 24, 32, 33, 34, 37, 38, 40, 44, 46, 48, 49, 51, 56, 61, 63, 65, 67, 68, 73, 74, 75, 76, 79, 81, 82, 83, 85, 87, 88, 92, 93, 95, 96, 99, 100, 101, 115, 116, 124, 134, 142, 161, 167, 169, 170, 186, 202, 240, 244, 254, 260, 267, 277, 300, 303, 307, 310, 322, 331, 376, 485, 491, 493, 495, 499, 503, 504, 506, 508, 515, 518, 519, 521, 524, 526, 528, 533, 537, 539, 542, 543, 547, 548, 549, 550, 551, 553, 554, 556, 558, 559, 563, 564, 566, 567, 570, 571, 572, 586, 587, 595, 605, 613, 633, 639, 640, 641, 657, 672, 704, 717, 726, 736, 759, 761, 765, 768, 780, 788, 792, 826]",[],[],"[0, 515, 5, 518, 7, 519, 521, 10, 524, 14, 526, 528, 19, 20, 533, 22, 24, 537, 539, 542, 543, 32, 33, 34, 547, 548, 37, 38, 549, 40, 550, 551, 553, 44, 554, 46, 556, 48, 49, 558, 51, 559, 563, 564, 566, 56, 567, 570, 571, 572, 61, 63, 65, 67, 68, 73, 74, 75, 76, 586, 587, 79, 81, 82, 83, 595, 85, 87, 88, 92, 93, 605, 95, 96, 99, 100, 101, 613, 115, 116, 633, 124, 639, 640, 641, 134, 142, 657, 672, 161, 167, 169, 170, 186, 704, 202, 717, 726, 736, 240, 244, 759, 761, 765, 254, 768, 260, 267, 780, 788, 277, 792, 300, 303, 307, 310, 826, 322, 331, 376, 485, 491, 493, 495, 499, 503, 504, 506, 508]",False,[],[],[],[],"[0, 5, 7, 10, 14, 19, 20, 22, 24, 32, 33, 34, 37, 38, 40, 44, 46, 48, 49, 51, 56, 61, 63, 65, 67, 68, 73, 74, 75, 76, 79, 81, 82, 83, 85, 87, 88, 92, 93, 95, 96, 99, 100, 101, 115, 116, 124, 134, 142, 161, 167, 169, 170, 186, 202, 240, 244, 254, 260, 267, 277, 300, 303, 307, 310, 322, 331, 376, 485, 491, 493, 495, 499, 503, 504, 506, 508, 515, 518, 519, 521, 524, 526, 528, 533, 537, 539, 542, 543, 547, 548, 549, 550, 551, 553, 554, 556, 558, 559, 563, 564, 566, 567, 570, 571, 572, 586, 587, 595, 605, 613, 633, 639, 640, 641, 657, 672, 704, 717, 726, 736, 759, 761, 765, 768, 780, 788, 792, 826]",[],[],0/6 successful match,False,,False,609,False,,1.0,True,National Truck Stop # 305 ( Fina ),
Vado ( 88072 ) Sunmart # 675 ( Texaco ),3 575-233-2988 I-10 Exit 155,24 LOO,Vado,88072,Sunmart # 675 ( Texaco ),575-233-2988,2014,Vado,NM,Texaco,,I-10 Exit 155,Exit,155,False,,False,I-10,,,,,[],[],[],[],[],"[0, 5, 7, 10, 14, 19, 20, 22, 24, 32, 33, 34, 37, 38, 40, 44, 46, 48, 49, 51, 56, 61, 63, 65, 67, 68, 73, 74, 75, 76, 79, 81, 82, 83, 85, 87, 88, 92, 93, 95, 96, 99, 100, 101, 115, 116, 124, 134, 142, 161, 167, 169, 170, 186, 202, 240, 244, 254, 260, 267, 277, 300, 303, 307, 310, 322, 331, 376, 485, 491, 493, 495, 499, 503, 504, 506, 508, 515, 518, 519, 521, 524, 526, 528, 533, 537, 539, 542, 543, 547, 548, 549, 550, 551, 553, 554, 556, 558, 559, 563, 564, 566, 567, 570, 571, 572, 586, 587, 595, 605, 613, 633, 639, 640, 641, 657, 672, 704, 717, 726, 736, 759, 761, 765, 768, 780, 788, 792, 826]","[26, 390, 474, 486, 509, 840, 922, 926]","[26, 92, 390, 474, 486, 509, 563, 840, 921, 922, 926]","[0, 515, 5, 518, 7, 519, 521, 10, 524, 14, 526, 528, 19, 20, 533, 22, 24, 537, 26, 539, 542, 543, 32, 33, 34, 547, 548, 37, 38, 549, 40, 550, 551, 553, 44, 554, 46, 556, 48, 49, 558, 51, 559, 563, 564, 566, 56, 567, 570, 571, 572, 61, 63, 65, 67, 68, 73, 74, 75, 76, 586, 587, 79, 81, 82, 83, 595, 85, 87, 88, 92, 93, 605, 95, 96, 99, 100, 101, 613, 115, 116, 633, 124, 639, 640, 641, 134, 142, 657, 672, 161, 167, 169, 170, 186, 704, 202, 717, 726, 736, 240, 244, 759, 761, 765, 254, 768, 260, 267, 780, 788, 277, 792, 300, 303, 307, 310, 826, 322, 840, 331, 376, 390, 921, 922, 926, 474, 485, 486, 491, 493, 495, 499, 503, 504, 506, 508, 509]",False,[],[],[],[],"[0, 5, 7, 10, 14, 19, 20, 22, 24, 32, 33, 34, 37, 38, 40, 44, 46, 48, 49, 51, 56, 61, 63, 65, 67, 68, 73, 74, 75, 76, 79, 81, 82, 83, 85, 87, 88, 92, 93, 95, 96, 99, 100, 101, 115, 116, 124, 134, 142, 161, 167, 169, 170, 186, 202, 240, 244, 254, 260, 267, 277, 300, 303, 307, 310, 322, 331, 376, 485, 491, 493, 495, 499, 503, 504, 506, 508, 515, 518, 519, 521, 524, 526, 528, 533, 537, 539, 542, 543, 547, 548, 549, 550, 551, 553, 554, 556, 558, 559, 563, 564, 566, 567, 570, 571, 572, 586, 587, 595, 605, 613, 633, 639, 640, 641, 657, 672, 704, 717, 726, 736, 759, 761, 765, 768, 780, 788, 792, 826]","[26, 92, 390, 474, 486, 509, 563, 840, 921, 922, 926]","[26, 390, 474, 486, 509, 840, 922, 926]",0/6 successful match,False,,False,609,True,2014,0.12244897959183673,True,National Truck Stop # 305,
Vado ( 88072 ) Sunmart # 675 ( Texaco ),575-233-2988 I-10 Exit 155,24,Vado,88072,Sunmart # 675 ( Texaco ),575-233-2988,2015,Vado,NM,Texaco,,I-10 Exit 155,Exit,155,False,,False,I-10,,,,,[],[],[],[],[],"[0, 5, 7, 10, 14, 19, 20, 22, 24, 32, 33, 34, 37, 38, 40, 44, 46, 48, 49, 51, 56, 61, 63, 65, 67, 68, 73, 74, 75, 76, 79, 81, 82, 83, 85, 87, 88, 92, 93, 95, 96, 99, 100, 101, 115, 116, 124, 134, 142, 161, 167, 169, 170, 186, 202, 240, 244, 254, 260, 267, 277, 300, 303, 307, 310, 322, 331, 376, 485, 491, 493, 495, 499, 503, 504, 506, 508, 515, 518, 519, 521, 524, 526, 528, 533, 537, 539, 542, 543, 547, 548, 549, 550, 551, 553, 554, 556, 558, 559, 563, 564, 566, 567, 570, 571, 572, 586, 587, 595, 605, 613, 633, 639, 640, 641, 657, 672, 704, 717, 726, 736, 759, 761, 765, 768, 780, 788, 792, 826]","[26, 390, 474, 486, 509, 840, 922, 926]","[26, 92, 390, 474, 486, 509, 563, 840, 921, 922, 926]","[0, 515, 5, 518, 7, 519, 521, 10, 524, 14, 526, 528, 19, 20, 533, 22, 24, 537, 26, 539, 542, 543, 32, 33, 34, 547, 548, 37, 38, 549, 40, 550, 551, 553, 44, 554, 46, 556, 48, 49, 558, 51, 559, 563, 564, 566, 56, 567, 570, 571, 572, 61, 63, 65, 67, 68, 73, 74, 75, 76, 586, 587, 79, 81, 82, 83, 595, 85, 87, 88, 92, 93, 605, 95, 96, 99, 100, 101, 613, 115, 116, 633, 124, 639, 640, 641, 134, 142, 657, 672, 161, 167, 169, 170, 186, 704, 202, 717, 726, 736, 240, 244, 759, 761, 765, 254, 768, 260, 267, 780, 788, 277, 792, 300, 303, 307, 310, 826, 322, 840, 331, 376, 390, 921, 922, 926, 474, 485, 486, 491, 493, 495, 499, 503, 504, 506, 508, 509]",False,[],[],[],[],"[0, 5, 7, 10, 14, 19, 20, 22, 24, 32, 33, 34, 37, 38, 40, 44, 46, 48, 49, 51, 56, 61, 63, 65, 67, 68, 73, 74, 75, 76, 79, 81, 82, 83, 85, 87, 88, 92, 93, 95, 96, 99, 100, 101, 115, 116, 124, 134, 142, 161, 167, 169, 170, 186, 202, 240, 244, 254, 260, 267, 277, 300, 303, 307, 310, 322, 331, 376, 485, 491, 493, 495, 499, 503, 504, 506, 508, 515, 518, 519, 521, 524, 526, 528, 533, 537, 539, 542, 543, 547, 548, 549, 550, 551, 553, 554, 556, 558, 559, 563, 564, 566, 567, 570, 571, 572, 586, 587, 595, 605, 613, 633, 639, 640, 641, 657, 672, 704, 717, 726, 736, 759, 761, 765, 768, 780, 788, 792, 826]","[26, 92, 390, 474, 486, 509, 563, 840, 921, 922, 926]","[26, 390, 474, 486, 509, 840, 922, 926]",0/6 successful match,False,,False,609,False,,1.0,True,Sunmart # 675 ( Texaco ),Texaco
Vado ( 88072 ) Sunmart # 675 ( Texaco ),575-233-2988 I-10 Exit 155,24,Vado,88072,Sunmart # 675 ( Texaco ),575-233-2988,2016,Vado,NM,Texaco,,I-10 Exit 155,Exit,155,False,,False,I-10,,,,,[],[],[],[],[],"[0, 5, 7, 10, 14, 19, 20, 22, 24, 32, 33, 34, 37, 38, 40, 44, 46, 48, 49, 51, 56, 61, 63, 65, 67, 68, 73, 74, 75, 76, 79, 81, 82, 83, 85, 87, 88, 92, 93, 95, 96, 99, 100, 101, 115, 116, 124, 134, 142, 161, 167, 169, 170, 186, 202, 240, 244, 254, 260, 267, 277, 300, 303, 307, 310, 322, 331, 376, 485, 491, 493, 495, 499, 503, 504, 506, 508, 515, 518, 519, 521, 524, 526, 528, 533, 537, 539, 542, 543, 547, 548, 549, 550, 551, 553, 554, 556, 558, 559, 563, 564, 566, 567, 570, 571, 572, 586, 587, 595, 605, 613, 633, 639, 640, 641, 657, 672, 704, 717, 726, 736, 759, 761, 765, 768, 780, 788, 792, 826]","[26, 390, 474, 486, 509, 840, 922, 926]","[26, 92, 390, 474, 486, 509, 563, 840, 921, 922, 926]","[0, 515, 5, 518, 7, 519, 521, 10, 524, 14, 526, 528, 19, 20, 533, 22, 24, 537, 26, 539, 542, 543, 32, 33, 34, 547, 548, 37, 38, 549, 40, 550, 551, 553, 44, 554, 46, 556, 48, 49, 558, 51, 559, 563, 564, 566, 56, 567, 570, 571, 572, 61, 63, 65, 67, 68, 73, 74, 75, 76, 586, 587, 79, 81, 82, 83, 595, 85, 87, 88, 92, 93, 605, 95, 96, 99, 100, 101, 613, 115, 116, 633, 124, 639, 640, 641, 134, 142, 657, 672, 161, 167, 169, 170, 186, 704, 202, 717, 726, 736, 240, 244, 759, 761, 765, 254, 768, 260, 267, 780, 788, 277, 792, 300, 303, 307, 310, 826, 322, 840, 331, 376, 390, 921, 922, 926, 474, 485, 486, 491, 493, 495, 499, 503, 504, 506, 508, 509]",False,[],[],[],[],"[0, 5, 7, 10, 14, 19, 20, 22, 24, 32, 33, 34, 37, 38, 40, 44, 46, 48, 49, 51, 56, 61, 63, 65, 67, 68, 73, 74, 75, 76, 79, 81, 82, 83, 85, 87, 88, 92, 93, 95, 96, 99, 100, 101, 115, 116, 124, 134, 142, 161, 167, 169, 170, 186, 202, 240, 244, 254, 260, 267, 277, 300, 303, 307, 310, 322, 331, 376, 485, 491, 493, 495, 499, 503, 504, 506, 508, 515, 518, 519, 521, 524, 526, 528, 533, 537, 539, 542, 543, 547, 548, 549, 550, 551, 553, 554, 556, 558, 559, 563, 564, 566, 567, 570, 571, 572, 586, 587, 595, 605, 613, 633, 639, 640, 641, 657, 672, 704, 717, 726, 736, 759, 761, 765, 768, 780, 788, 792, 826]","[26, 92, 390, 474, 486, 509, 563, 840, 921, 922, 926]","[26, 390, 474, 486, 509, 840, 922, 926]",0/6 successful match,False,,False,609,False,,1.0,True,Sunmart # 675 ( Texaco ),Texaco
Vado ( 88072 ) National Truck Stop,575-233-3695 I-10 Exit 155,24 23 24,Vado,88072,National Truck Stop,575-233-3695,2014,Vado,NM,,,I-10 Exit 155,Exit,155,False,,False,I-10,,,,,[],[],[],[],[],"[0, 5, 7, 10, 14, 19, 20, 22, 24, 32, 33, 34, 37, 38, 40, 44, 46, 48, 49, 51, 56, 61, 63, 65, 67, 68, 73, 74, 75, 76, 79, 81, 82, 83, 85, 87, 88, 92, 93, 95, 96, 99, 100, 101, 115, 116, 124, 134, 142, 161, 167, 169, 170, 186, 202, 240, 244, 254, 260, 267, 277, 300, 303, 307, 310, 322, 331, 376, 485, 491, 493, 495, 499, 503, 504, 506, 508, 515, 518, 519, 521, 524, 526, 528, 533, 537, 539, 542, 543, 547, 548, 549, 550, 551, 553, 554, 556, 558, 559, 563, 564, 566, 567, 570, 571, 572, 586, 587, 595, 605, 613, 633, 639, 640, 641, 657, 672, 704, 717, 726, 736, 759, 761, 765, 768, 780, 788, 792, 826]",[],[],"[0, 515, 5, 518, 7, 519, 521, 10, 524, 14, 526, 528, 19, 20, 533, 22, 24, 537, 539, 542, 543, 32, 33, 34, 547, 548, 37, 38, 549, 40, 550, 551, 553, 44, 554, 46, 556, 48, 49, 558, 51, 559, 563, 564, 566, 56, 567, 570, 571, 572, 61, 63, 65, 67, 68, 73, 74, 75, 76, 586, 587, 79, 81, 82, 83, 595, 85, 87, 88, 92, 93, 605, 95, 96, 99, 100, 101, 613, 115, 116, 633, 124, 639, 640, 641, 134, 142, 657, 672, 161, 167, 169, 170, 186, 704, 202, 717, 726, 736, 240, 244, 759, 761, 765, 254, 768, 260, 267, 780, 788, 277, 792, 300, 303, 307, 310, 826, 322, 331, 376, 485, 491, 493, 495, 499, 503, 504, 506, 508]",False,[],[],[],[],"[0, 5, 7, 10, 14, 19, 20, 22, 24, 32, 33, 34, 37, 38, 40, 44, 46, 48, 49, 51, 56, 61, 63, 65, 67, 68, 73, 74, 75, 76, 79, 81, 82, 83, 85, 87, 88, 92, 93, 95, 96, 99, 100, 101, 115, 116, 124, 134, 142, 161, 167, 169, 170, 186, 202, 240, 244, 254, 260, 267, 277, 300, 303, 307, 310, 322, 331, 376, 485, 491, 493, 495, 499, 503, 504, 506, 508, 515, 518, 519, 521, 524, 526, 528, 533, 537, 539, 542, 543, 547, 548, 549, 550, 551, 553, 554, 556, 558, 559, 563, 564, 566, 567, 570, 571, 572, 586, 587, 595, 605, 613, 633, 639, 640, 641, 657, 672, 704, 717, 726, 736, 759, 761, 765, 768, 780, 788, 792, 826]",[],[],0/6 successful match,False,,False,610,False,,,,,
Vado ( 88072 ) National Truck Stop,575-233-3695 I-10 Exit 155,24 10 24,Vado,88072,National Truck Stop,575-233-3695,2015,Vado,NM,,,I-10 Exit 155,Exit,155,False,,False,I-10,,,,,[],[],[],[],[],"[0, 5, 7, 10, 14, 19, 20, 22, 24, 32, 33, 34, 37, 38, 40, 44, 46, 48, 49, 51, 56, 61, 63, 65, 67, 68, 73, 74, 75, 76, 79, 81, 82, 83, 85, 87, 88, 92, 93, 95, 96, 99, 100, 101, 115, 116, 124, 134, 142, 161, 167, 169, 170, 186, 202, 240, 244, 254, 260, 267, 277, 300, 303, 307, 310, 322, 331, 376, 485, 491, 493, 495, 499, 503, 504, 506, 508, 515, 518, 519, 521, 524, 526, 528, 533, 537, 539, 542, 543, 547, 548, 549, 550, 551, 553, 554, 556, 558, 559, 563, 564, 566, 567, 570, 571, 572, 586, 587, 595, 605, 613, 633, 639, 640, 641, 657, 672, 704, 717, 726, 736, 759, 761, 765, 768, 780, 788, 792, 826]",[],[],"[0, 515, 5, 518, 7, 519, 521, 10, 524, 14, 526, 528, 19, 20, 533, 22, 24, 537, 539, 542, 543, 32, 33, 34, 547, 548, 37, 38, 549, 40, 550, 551, 553, 44, 554, 46, 556, 48, 49, 558, 51, 559, 563, 564, 566, 56, 567, 570, 571, 572, 61, 63, 65, 67, 68, 73, 74, 75, 76, 586, 587, 79, 81, 82, 83, 595, 85, 87, 88, 92, 93, 605, 95, 96, 99, 100, 101, 613, 115, 116, 633, 124, 639, 640, 641, 134, 142, 657, 672, 161, 167, 169, 170, 186, 704, 202, 717, 726, 736, 240, 244, 759, 761, 765, 254, 768, 260, 267, 780, 788, 277, 792, 300, 303, 307, 310, 826, 322, 331, 376, 485, 491, 493, 495, 499, 503, 504, 506, 508]",False,[],[],[],[],"[0, 5, 7, 10, 14, 19, 20, 22, 24, 32, 33, 34, 37, 38, 40, 44, 46, 48, 49, 51, 56, 61, 63, 65, 67, 68, 73, 74, 75, 76, 79, 81, 82, 83, 85, 87, 88, 92, 93, 95, 96, 99, 100, 101, 115, 116, 124, 134, 142, 161, 167, 169, 170, 186, 202, 240, 244, 254, 260, 267, 277, 300, 303, 307, 310, 322, 331, 376, 485, 491, 493, 495, 499, 503, 504, 506, 508, 515, 518, 519, 521, 524, 526, 528, 533, 537, 539, 542, 543, 547, 548, 549, 550, 551, 553, 554, 556, 558, 559, 563, 564, 566, 567, 570, 571, 572, 586, 587, 595, 605, 613, 633, 639, 640, 641, 657, 672, 704, 717, 726, 736, 759, 761, 765, 768, 780, 788, 792, 826]",[],[],0/6 successful match,False,,False,610,False,,0.8999999999999999,True,National Truck Stop,
Vado ( 88072 ) National Truck S ( MM Stop 78 ),575-233-3695 I-10 Exit 155,2.4 24 22,Vado,88072,National Truck S ( MM Stop 78 ),575-233-3695,2016,Vado,NM,,,I-10 Exit 155,Exit,155,False,,False,I-10,,,,,[],[],[],[],[],"[0, 5, 7, 10, 14, 19, 20, 22, 24, 32, 33, 34, 37, 38, 40, 44, 46, 48, 49, 51, 56, 61, 63, 65, 67, 68, 73, 74, 75, 76, 79, 81, 82, 83, 85, 87, 88, 92, 93, 95, 96, 99, 100, 101, 115, 116, 124, 134, 142, 161, 167, 169, 170, 186, 202, 240, 244, 254, 260, 267, 277, 300, 303, 307, 310, 322, 331, 376, 485, 491, 493, 495, 499, 503, 504, 506, 508, 515, 518, 519, 521, 524, 526, 528, 533, 537, 539, 542, 543, 547, 548, 549, 550, 551, 553, 554, 556, 558, 559, 563, 564, 566, 567, 570, 571, 572, 586, 587, 595, 605, 613, 633, 639, 640, 641, 657, 672, 704, 717, 726, 736, 759, 761, 765, 768, 780, 788, 792, 826]",[],[],"[0, 515, 5, 518, 7, 519, 521, 10, 524, 14, 526, 528, 19, 20, 533, 22, 24, 537, 539, 542, 543, 32, 33, 34, 547, 548, 37, 38, 549, 40, 550, 551, 553, 44, 554, 46, 556, 48, 49, 558, 51, 559, 563, 564, 566, 56, 567, 570, 571, 572, 61, 63, 65, 67, 68, 73, 74, 75, 76, 586, 587, 79, 81, 82, 83, 595, 85, 87, 88, 92, 93, 605, 95, 96, 99, 100, 101, 613, 115, 116, 633, 124, 639, 640, 641, 134, 142, 657, 672, 161, 167, 169, 170, 186, 704, 202, 717, 726, 736, 240, 244, 759, 761, 765, 254, 768, 260, 267, 780, 788, 277, 792, 300, 303, 307, 310, 826, 322, 331, 376, 485, 491, 493, 495, 499, 503, 504, 506, 508]",False,[],[],[],[],"[0, 5, 7, 10, 14, 19, 20, 22, 24, 32, 33, 34, 37, 38, 40, 44, 46, 48, 49, 51, 56, 61, 63, 65, 67, 68, 73, 74, 75, 76, 79, 81, 82, 83, 85, 87, 88, 92, 93, 95, 96, 99, 100, 101, 115, 116, 124, 134, 142, 161, 167, 169, 170, 186, 202, 240, 244, 254, 260, 267, 277, 300, 303, 307, 310, 322, 331, 376, 485, 491, 493, 495, 499, 503, 504, 506, 508, 515, 518, 519, 521, 524, 526, 528, 533, 537, 539, 542, 543, 547, 548, 549, 550, 551, 553, 554, 556, 558, 559, 563, 564, 566, 567, 570, 571, 572, 586, 587, 595, 605, 613, 633, 639, 640, 641, 657, 672, 704, 717, 726, 736, 759, 761, 765, 768, 780, 788, 792, 826]",[],[],0/6 successful match,False,,False,610,False,,0.628,True,National Truck Stop,
"E Clovis , 88101 Love's Travel Stop # 329 ( Conoco )",505-762-2966 4700 US 60-70-84 E,24 HRS XLOO,Clovis,88101,Love's Travel Stop # 329 ( Conoco ),505-762-2966,2006,Clovis,NM,Love's,,4700 US 60-70-84 E,Proper,,False,,False,US 60-70,,,,,[],[],[],[],[],"[12, 54, 179, 219, 225, 399, 421, 432, 434, 461, 462, 466, 469, 476, 479, 497, 530, 650, 689, 848, 873, 884, 886, 908, 909, 913, 916, 925, 930]","[34, 35, 36, 37, 38, 39, 40, 41, 42, 43, 44, 45, 46, 47, 48, 201, 202, 203, 204, 205, 206, 207, 208, 209, 210, 211, 212, 213, 214, 215, 216, 355, 356, 357, 358, 359, 360, 361, 429, 430, 431, 432, 433, 434, 435, 515, 516, 517, 518, 519, 520, 521, 522, 523, 524, 525, 526, 527, 672, 673, 674, 675, 676, 677, 678, 679, 680, 681, 682, 683, 684, 810, 811, 812, 813, 814, 881, 882, 883, 884, 885, 886]","[3, 27, 32, 33, 34, 35, 36, 37, 38, 39, 40, 41, 42, 43, 44, 45, 46, 47, 48, 201, 202, 203, 204, 205, 206, 207, 208, 209, 210, 211, 212, 213, 214, 215, 216, 349, 355, 356, 357, 358, 359, 360, 361, 406, 429, 430, 431, 432, 433, 434, 435, 451, 489, 510, 515, 516, 517, 518, 519, 520, 521, 522, 523, 524, 525, 526, 527, 672, 673, 674, 675, 676, 677, 678, 679, 680, 681, 682, 683, 684, 804, 810, 811, 812, 813, 814, 855, 881, 882, 883, 884, 885, 886, 898]","[515, 516, 517, 518, 519, 520, 521, 522, 523, 12, 524, 525, 526, 527, 3, 530, 27, 32, 33, 34, 35, 36, 37, 38, 39, 40, 41, 42, 43, 44, 45, 46, 47, 48, 54, 650, 672, 673, 674, 675, 676, 677, 678, 679, 680, 681, 682, 683, 684, 689, 179, 201, 202, 203, 204, 205, 206, 207, 208, 209, 210, 211, 212, 213, 214, 215, 216, 219, 225, 804, 810, 811, 812, 813, 814, 848, 855, 349, 355, 356, 357, 358, 359, 360, 873, 361, 881, 882, 883, 884, 885, 886, 898, 908, 909, 399, 913, 916, 406, 925, 930, 421, 429, 430, 431, 432, 433, 434, 435, 451, 461, 462, 466, 469, 476, 479, 489, 497, 510]",False,[],[],[],[],"[12, 54, 179, 219, 225, 399, 421, 432, 434, 461, 462, 466, 469, 476, 479, 497, 530, 650, 689, 848, 873, 884, 886, 908, 909, 913, 916, 925, 930]","[3, 27, 32, 33, 34, 35, 36, 37, 38, 39, 40, 41, 42, 43, 44, 45, 46, 47, 48, 201, 202, 203, 204, 205, 206, 207, 208, 209, 210, 211, 212, 213, 214, 215, 216, 349, 355, 356, 357, 358, 359, 360, 361, 406, 429, 430, 431, 432, 433, 434, 435, 451, 489, 510, 515, 516, 517, 518, 519, 520, 521, 522, 523, 524, 525, 526, 527, 672, 673, 674, 675, 676, 677, 678, 679, 680, 681, 682, 683, 684, 804, 810, 811, 812, 813, 814, 855, 881, 882, 883, 884, 885, 886, 898]","[34, 35, 36, 37, 38, 39, 40, 41, 42, 43, 44, 45, 46, 47, 48, 201, 202, 203, 204, 205, 206, 207, 208, 209, 210, 211, 212, 213, 214, 215, 216, 355, 356, 357, 358, 359, 360, 361, 429, 430, 431, 432, 433, 434, 435, 515, 516, 517, 518, 519, 520, 521, 522, 523, 524, 525, 526, 527, 672, 673, 674, 675, 676, 677, 678, 679, 680, 681, 682, 683, 684, 810, 811, 812, 813, 814, 881, 882, 883, 884, 885, 886]",0/6 successful match,False,,False,611,False,,,,,
"E Clovis , 88101 Love's Travel Stop # 329",505-762-2966 4700 US 60-70-84 E,24 HRS XLOO,Clovis,88101,Love's Travel Stop # 329,505-762-2966,2007,Clovis,NM,Love's,,4700 US 60-70-84 E,Proper,,False,,False,US 60-70,,,,,[],[],[],[],[],"[12, 54, 179, 219, 225, 399, 421, 432, 434, 461, 462, 466, 469, 476, 479, 497, 530, 650, 689, 848, 873, 884, 886, 908, 909, 913, 916, 925, 930]","[34, 35, 36, 37, 38, 39, 40, 41, 42, 43, 44, 45, 46, 47, 48, 201, 202, 203, 204, 205, 206, 207, 208, 209, 210, 211, 212, 213, 214, 215, 216, 355, 356, 357, 358, 359, 360, 361, 429, 430, 431, 432, 433, 434, 435, 515, 516, 517, 518, 519, 520, 521, 522, 523, 524, 525, 526, 527, 672, 673, 674, 675, 676, 677, 678, 679, 680, 681, 682, 683, 684, 810, 811, 812, 813, 814, 881, 882, 883, 884, 885, 886]","[32, 33, 34, 35, 36, 37, 38, 39, 40, 41, 42, 43, 44, 45, 46, 47, 48, 201, 202, 203, 204, 205, 206, 207, 208, 209, 210, 211, 212, 213, 214, 215, 216, 355, 356, 357, 358, 359, 360, 361, 429, 430, 431, 432, 433, 434, 435, 515, 516, 517, 518, 519, 520, 521, 522, 523, 524, 525, 526, 527, 672, 673, 674, 675, 676, 677, 678, 679, 680, 681, 682, 683, 684, 810, 811, 812, 813, 814, 881, 882, 883, 884, 885, 886]","[515, 516, 517, 518, 519, 520, 521, 522, 523, 12, 524, 525, 526, 527, 530, 32, 33, 34, 35, 36, 37, 38, 39, 40, 41, 42, 43, 44, 45, 46, 47, 48, 54, 650, 672, 673, 674, 675, 676, 677, 678, 679, 680, 681, 682, 683, 684, 689, 179, 201, 202, 203, 204, 205, 206, 207, 208, 209, 210, 211, 212, 213, 214, 215, 216, 219, 225, 810, 811, 812, 813, 814, 848, 355, 356, 357, 358, 359, 360, 873, 361, 881, 882, 883, 884, 885, 886, 908, 909, 399, 913, 916, 925, 930, 421, 429, 430, 431, 432, 433, 434, 435, 461, 462, 466, 469, 476, 479, 497]",False,[],[],[],[],"[12, 54, 179, 219, 225, 399, 421, 432, 434, 461, 462, 466, 469, 476, 479, 497, 530, 650, 689, 848, 873, 884, 886, 908, 909, 913, 916, 925, 930]","[32, 33, 34, 35, 36, 37, 38, 39, 40, 41, 42, 43, 44, 45, 46, 47, 48, 201, 202, 203, 204, 205, 206, 207, 208, 209, 210, 211, 212, 213, 214, 215, 216, 355, 356, 357, 358, 359, 360, 361, 429, 430, 431, 432, 433, 434, 435, 515, 516, 517, 518, 519, 520, 521, 522, 523, 524, 525, 526, 527, 672, 673, 674, 675, 676, 677, 678, 679, 680, 681, 682, 683, 684, 810, 811, 812, 813, 814, 881, 882, 883, 884, 885, 886]","[34, 35, 36, 37, 38, 39, 40, 41, 42, 43, 44, 45, 46, 47, 48, 201, 202, 203, 204, 205, 206, 207, 208, 209, 210, 211, 212, 213, 214, 215, 216, 355, 356, 357, 358, 359, 360, 361, 429, 430, 431, 432, 433, 434, 435, 515, 516, 517, 518, 519, 520, 521, 522, 523, 524, 525, 526, 527, 672, 673, 674, 675, 676, 677, 678, 679, 680, 681, 682, 683, 684, 810, 811, 812, 813, 814, 881, 882, 883, 884, 885, 886]",0/6 successful match,False,,False,611,False,,1.0,True,Love's Travel Stop # 329 ( Conoco ),Love's
"Clovis , 88101 Love's Travel Stop # 329",7 505-762-2966 4700 US 60-70-84 E,HPS 24 2 XL <U+2610> <U+2610> <U+2610> <U+2610> <U+2610> <U+2610>,Clovis,88101,Love's Travel Stop # 329,505-762-2966,2008,Clovis,NM,Love's,,4700 US 60-70-84 E,Proper,,False,,False,US 60-70,,,,,[],[],[],[],[],"[12, 54, 179, 219, 225, 399, 421, 432, 434, 461, 462, 466, 469, 476, 479, 497, 530, 650, 689, 848, 873, 884, 886, 908, 909, 913, 916, 925, 930]","[34, 35, 36, 37, 38, 39, 40, 41, 42, 43, 44, 45, 46, 47, 48, 201, 202, 203, 204, 205, 206, 207, 208, 209, 210, 211, 212, 213, 214, 215, 216, 355, 356, 357, 358, 359, 360, 361, 429, 430, 431, 432, 433, 434, 435, 515, 516, 517, 518, 519, 520, 521, 522, 523, 524, 525, 526, 527, 672, 673, 674, 675, 676, 677, 678, 679, 680, 681, 682, 683, 684, 810, 811, 812, 813, 814, 881, 882, 883, 884, 885, 886]","[32, 33, 34, 35, 36, 37, 38, 39, 40, 41, 42, 43, 44, 45, 46, 47, 48, 201, 202, 203, 204, 205, 206, 207, 208, 209, 210, 211, 212, 213, 214, 215, 216, 355, 356, 357, 358, 359, 360, 361, 429, 430, 431, 432, 433, 434, 435, 515, 516, 517, 518, 519, 520, 521, 522, 523, 524, 525, 526, 527, 672, 673, 674, 675, 676, 677, 678, 679, 680, 681, 682, 683, 684, 810, 811, 812, 813, 814, 881, 882, 883, 884, 885, 886]","[515, 516, 517, 518, 519, 520, 521, 522, 523, 12, 524, 525, 526, 527, 530, 32, 33, 34, 35, 36, 37, 38, 39, 40, 41, 42, 43, 44, 45, 46, 47, 48, 54, 650, 672, 673, 674, 675, 676, 677, 678, 679, 680, 681, 682, 683, 684, 689, 179, 201, 202, 203, 204, 205, 206, 207, 208, 209, 210, 211, 212, 213, 214, 215, 216, 219, 225, 810, 811, 812, 813, 814, 848, 355, 356, 357, 358, 359, 360, 873, 361, 881, 882, 883, 884, 885, 886, 908, 909, 399, 913, 916, 925, 930, 421, 429, 430, 431, 432, 433, 434, 435, 461, 462, 466, 469, 476, 479, 497]",False,[],[],[],[],"[12, 54, 179, 219, 225, 399, 421, 432, 434, 461, 462, 466, 469, 476, 479, 497, 530, 650, 689, 848, 873, 884, 886, 908, 909, 913, 916, 925, 930]","[32, 33, 34, 35, 36, 37, 38, 39, 40, 41, 42, 43, 44, 45, 46, 47, 48, 201, 202, 203, 204, 205, 206, 207, 208, 209, 210, 211, 212, 213, 214, 215, 216, 355, 356, 357, 358, 359, 360, 361, 429, 430, 431, 432, 433, 434, 435, 515, 516, 517, 518, 519, 520, 521, 522, 523, 524, 525, 526, 527, 672, 673, 674, 675, 676, 677, 678, 679, 680, 681, 682, 683, 684, 810, 811, 812, 813, 814, 881, 882, 883, 884, 885, 886]","[34, 35, 36, 37, 38, 39, 40, 41, 42, 43, 44, 45, 46, 47, 48, 201, 202, 203, 204, 205, 206, 207, 208, 209, 210, 211, 212, 213, 214, 215, 216, 355, 356, 357, 358, 359, 360, 361, 429, 430, 431, 432, 433, 434, 435, 515, 516, 517, 518, 519, 520, 521, 522, 523, 524, 525, 526, 527, 672, 673, 674, 675, 676, 677, 678, 679, 680, 681, 682, 683, 684, 810, 811, 812, 813, 814, 881, 882, 883, 884, 885, 886]",0/6 successful match,False,,False,611,False,,1.0,True,Love's Travel Stop # 329,Love's
"E Clovis , 88101 Bell Gas # 10 ( Fina )","505-763-7850 US 60-84 W & W , 7th",HRS S,Clovis,88101,Bell Gas # 10 ( Fina ),505-763-7850,2006,Clovis,NM,,,"US 60-84 W & W , 7th",empty,,False,,False,US 60,W 7th,,,,[],[],[],[],[],"[12, 13, 54, 139, 225, 227, 266, 461, 497, 498, 530, 610, 689, 691, 908]",[],"[186, 402, 403, 657, 851, 852]","[266, 139, 12, 13, 908, 657, 530, 402, 403, 689, 691, 54, 186, 461, 851, 852, 225, 610, 227, 497, 498]",False,[],[],[],[],"[12, 13, 54, 139, 225, 227, 266, 461, 497, 498, 530, 610, 689, 691, 908]","[186, 402, 403, 657, 851, 852]",[],0/6 successful match,False,,False,612,False,,,,,
E Clovis ( 88101 ) Adoc Oil # 143 ( Conoco ),7 575-762-0862 2207 US 70 S ( 1.5 mi S of US 60-84 ),) S <U+25A1>,Clovis,88101,Adoc Oil # 143 ( Conoco ),575-762-0862,2014,Clovis,NM,Conoco,( 1.5 mi S of US 60-84 ),2207 US 70 S,Proper,,False,,False,US 70,,,,,[],[],[],[],[],"[179, 219, 399, 421, 432, 434, 462, 466, 469, 476, 479, 650, 848, 873, 884, 886, 909, 913, 916, 925, 930]","[3, 27, 349, 406, 451, 489, 510, 804, 855, 898]","[3, 4, 27, 31, 59, 135, 142, 147, 180, 218, 229, 232, 264, 269, 299, 318, 320, 331, 338, 349, 352, 367, 382, 387, 403, 405, 406, 408, 410, 451, 455, 463, 465, 466, 468, 470, 472, 473, 483, 484, 489, 490, 510, 514, 535, 606, 613, 618, 651, 686, 693, 696, 724, 728, 758, 776, 778, 788, 794, 804, 807, 832, 837, 852, 854, 855, 858, 860, 861, 898, 902, 910, 912, 913, 915, 917, 919, 920, 931, 934, 935]","[514, 3, 4, 535, 27, 31, 59, 606, 613, 618, 135, 650, 651, 142, 147, 686, 179, 180, 693, 696, 724, 728, 218, 219, 229, 232, 758, 264, 776, 778, 269, 788, 794, 804, 807, 299, 318, 320, 832, 837, 331, 848, 338, 852, 854, 855, 858, 860, 349, 861, 352, 873, 367, 884, 886, 382, 898, 387, 902, 909, 910, 399, 912, 913, 403, 916, 405, 406, 915, 408, 917, 410, 919, 920, 925, 930, 931, 421, 934, 935, 432, 434, 451, 455, 462, 463, 465, 466, 468, 469, 470, 472, 473, 476, 479, 483, 484, 489, 490, 510]",False,[],[],[],[],"[179, 219, 399, 421, 432, 434, 462, 466, 469, 476, 479, 650, 848, 873, 884, 886, 909, 913, 916, 925, 930]","[3, 4, 27, 31, 59, 135, 142, 147, 180, 218, 229, 232, 264, 269, 299, 318, 320, 331, 338, 349, 352, 367, 382, 387, 403, 405, 406, 408, 410, 451, 455, 463, 465, 466, 468, 470, 472, 473, 483, 484, 489, 490, 510, 514, 535, 606, 613, 618, 651, 686, 693, 696, 724, 728, 758, 776, 778, 788, 794, 804, 807, 832, 837, 852, 854, 855, 858, 860, 861, 898, 902, 910, 912, 913, 915, 917, 919, 920, 931, 934, 935]","[3, 27, 349, 406, 451, 489, 510, 804, 855, 898]",0/6 successful match,False,,False,613,False,,,,,
Clovis ( 88101 ) Adoc Oil # 143 ( Conoco ),7 575-762-0862 2207 US 70 S ( 1.5 mi S of,<U+2610><U+2610> S <U+2610> <U+2610>,Clovis,88101,Adoc Oil # 143 ( Conoco ),575-762-0862,2015,Clovis,NM,Conoco,( 1.5 mi S of,2207 US 70 S,Proper,,False,,False,US 70,,,,,[],[],[],[],[],"[179, 219, 399, 421, 432, 434, 462, 466, 469, 476, 479, 650, 848, 873, 884, 886, 909, 913, 916, 925, 930]","[3, 27, 349, 406, 451, 489, 510, 804, 855, 898]","[3, 4, 27, 31, 59, 135, 142, 147, 180, 218, 229, 232, 264, 269, 299, 318, 320, 331, 338, 349, 352, 367, 382, 387, 403, 405, 406, 408, 410, 451, 455, 463, 465, 466, 468, 470, 472, 473, 483, 484, 489, 490, 510, 514, 535, 606, 613, 618, 651, 686, 693, 696, 724, 728, 758, 776, 778, 788, 794, 804, 807, 832, 837, 852, 854, 855, 858, 860, 861, 898, 902, 910, 912, 913, 915, 917, 919, 920, 931, 934, 935]","[514, 3, 4, 535, 27, 31, 59, 606, 613, 618, 135, 650, 651, 142, 147, 686, 179, 180, 693, 696, 724, 728, 218, 219, 229, 232, 758, 264, 776, 778, 269, 788, 794, 804, 807, 299, 318, 320, 832, 837, 331, 848, 338, 852, 854, 855, 858, 860, 349, 861, 352, 873, 367, 884, 886, 382, 898, 387, 902, 909, 910, 399, 912, 913, 403, 916, 405, 406, 915, 408, 917, 410, 919, 920, 925, 930, 931, 421, 934, 935, 432, 434, 451, 455, 462, 463, 465, 466, 468, 469, 470, 472, 473, 476, 479, 483, 484, 489, 490, 510]",False,[],[],[],[],"[179, 219, 399, 421, 432, 434, 462, 466, 469, 476, 479, 650, 848, 873, 884, 886, 909, 913, 916, 925, 930]","[3, 4, 27, 31, 59, 135, 142, 147, 180, 218, 229, 232, 264, 269, 299, 318, 320, 331, 338, 349, 352, 367, 382, 387, 403, 405, 406, 408, 410, 451, 455, 463, 465, 466, 468, 470, 472, 473, 483, 484, 489, 490, 510, 514, 535, 606, 613, 618, 651, 686, 693, 696, 724, 728, 758, 776, 778, 788, 794, 804, 807, 832, 837, 852, 854, 855, 858, 860, 861, 898, 902, 910, 912, 913, 915, 917, 919, 920, 931, 934, 935]","[3, 27, 349, 406, 451, 489, 510, 804, 855, 898]",0/6 successful match,False,,False,613,False,,1.0,True,Adoc Oil # 143 ( Conoco ),Conoco
Clovis ( 88101 ) Cortez Gas ( Conoco ) 412 ),575-762-0862 2207 US 70 S ( 1.5 mi S,S <U+25A1> <U+25A1>,Clovis,88101,Cortez Gas ( Conoco ) 412 ),575-762-0862,2016,Clovis,NM,Conoco,( 1.5 mi S,2207 US 70 S,Proper,,False,,False,US 70,,,,,[],[],[],[],[],"[179, 219, 399, 421, 432, 434, 462, 466, 469, 476, 479, 650, 848, 873, 884, 886, 909, 913, 916, 925, 930]","[3, 27, 349, 406, 451, 489, 510, 804, 855, 898]","[3, 27, 349, 406, 451, 489, 510, 804, 855, 898]","[898, 3, 650, 909, 399, 913, 916, 406, 27, 925, 930, 804, 421, 432, 434, 179, 451, 462, 848, 466, 469, 855, 219, 476, 349, 479, 873, 489, 884, 886, 510]",False,[],[],[],[],"[179, 219, 399, 421, 432, 434, 462, 466, 469, 476, 479, 650, 848, 873, 884, 886, 909, 913, 916, 925, 930]","[3, 27, 349, 406, 451, 489, 510, 804, 855, 898]","[3, 27, 349, 406, 451, 489, 510, 804, 855, 898]",0/6 successful match,False,,False,613,False,,0.4282051282051282,True,Adoc Oil # 143 ( Conoco ),Conoco
Clovis ( 88101 ) Love's Travel Stop # 329,575-762-2966 4700 US 60-70-84 E,24 MO,Clovis,88101,Love's Travel Stop # 329,575-762-2966,2014,Clovis,NM,Love's,,4700 US 60-70-84 E,Proper,,False,,False,US 60-70,,,,,[],[],[],[],[],"[12, 54, 179, 219, 225, 399, 421, 432, 434, 461, 462, 466, 469, 476, 479, 497, 530, 650, 689, 848, 873, 884, 886, 908, 909, 913, 916, 925, 930]","[34, 35, 36, 37, 38, 39, 40, 41, 42, 43, 44, 45, 46, 47, 48, 201, 202, 203, 204, 205, 206, 207, 208, 209, 210, 211, 212, 213, 214, 215, 216, 355, 356, 357, 358, 359, 360, 361, 429, 430, 431, 432, 433, 434, 435, 515, 516, 517, 518, 519, 520, 521, 522, 523, 524, 525, 526, 527, 672, 673, 674, 675, 676, 677, 678, 679, 680, 681, 682, 683, 684, 810, 811, 812, 813, 814, 881, 882, 883, 884, 885, 886]","[32, 33, 34, 35, 36, 37, 38, 39, 40, 41, 42, 43, 44, 45, 46, 47, 48, 201, 202, 203, 204, 205, 206, 207, 208, 209, 210, 211, 212, 213, 214, 215, 216, 355, 356, 357, 358, 359, 360, 361, 429, 430, 431, 432, 433, 434, 435, 515, 516, 517, 518, 519, 520, 521, 522, 523, 524, 525, 526, 527, 672, 673, 674, 675, 676, 677, 678, 679, 680, 681, 682, 683, 684, 810, 811, 812, 813, 814, 881, 882, 883, 884, 885, 886]","[515, 516, 517, 518, 519, 520, 521, 522, 523, 12, 524, 525, 526, 527, 530, 32, 33, 34, 35, 36, 37, 38, 39, 40, 41, 42, 43, 44, 45, 46, 47, 48, 54, 650, 672, 673, 674, 675, 676, 677, 678, 679, 680, 681, 682, 683, 684, 689, 179, 201, 202, 203, 204, 205, 206, 207, 208, 209, 210, 211, 212, 213, 214, 215, 216, 219, 225, 810, 811, 812, 813, 814, 848, 355, 356, 357, 358, 359, 360, 873, 361, 881, 882, 883, 884, 885, 886, 908, 909, 399, 913, 916, 925, 930, 421, 429, 430, 431, 432, 433, 434, 435, 461, 462, 466, 469, 476, 479, 497]",False,[],[],[],[],"[12, 54, 179, 219, 225, 399, 421, 432, 434, 461, 462, 466, 469, 476, 479, 497, 530, 650, 689, 848, 873, 884, 886, 908, 909, 913, 916, 925, 930]","[32, 33, 34, 35, 36, 37, 38, 39, 40, 41, 42, 43, 44, 45, 46, 47, 48, 201, 202, 203, 204, 205, 206, 207, 208, 209, 210, 211, 212, 213, 214, 215, 216, 355, 356, 357, 358, 359, 360, 361, 429, 430, 431, 432, 433, 434, 435, 515, 516, 517, 518, 519, 520, 521, 522, 523, 524, 525, 526, 527, 672, 673, 674, 675, 676, 677, 678, 679, 680, 681, 682, 683, 684, 810, 811, 812, 813, 814, 881, 882, 883, 884, 885, 886]","[34, 35, 36, 37, 38, 39, 40, 41, 42, 43, 44, 45, 46, 47, 48, 201, 202, 203, 204, 205, 206, 207, 208, 209, 210, 211, 212, 213, 214, 215, 216, 355, 356, 357, 358, 359, 360, 361, 429, 430, 431, 432, 433, 434, 435, 515, 516, 517, 518, 519, 520, 521, 522, 523, 524, 525, 526, 527, 672, 673, 674, 675, 676, 677, 678, 679, 680, 681, 682, 683, 684, 810, 811, 812, 813, 814, 881, 882, 883, 884, 885, 886]",0/6 successful match,False,,False,614,False,,,,,
E Clovis ( 88101 ) Love's Travel Stop # 329 ),575-762-2966 4700 US 60-70-84 E,24 M O,Clovis,88101,Love's Travel Stop # 329 ),575-762-2966,2015,Clovis,NM,Love's,,4700 US 60-70-84 E,Proper,,False,,False,US 60-70,,,,,[],[],[],[],[],"[12, 54, 179, 219, 225, 399, 421, 432, 434, 461, 462, 466, 469, 476, 479, 497, 530, 650, 689, 848, 873, 884, 886, 908, 909, 913, 916, 925, 930]","[34, 35, 36, 37, 38, 39, 40, 41, 42, 43, 44, 45, 46, 47, 48, 201, 202, 203, 204, 205, 206, 207, 208, 209, 210, 211, 212, 213, 214, 215, 216, 355, 356, 357, 358, 359, 360, 361, 429, 430, 431, 432, 433, 434, 435, 515, 516, 517, 518, 519, 520, 521, 522, 523, 524, 525, 526, 527, 672, 673, 674, 675, 676, 677, 678, 679, 680, 681, 682, 683, 684, 810, 811, 812, 813, 814, 881, 882, 883, 884, 885, 886]","[32, 33, 34, 35, 36, 37, 38, 39, 40, 41, 42, 43, 44, 45, 46, 47, 48, 201, 202, 203, 204, 205, 206, 207, 208, 209, 210, 211, 212, 213, 214, 215, 216, 355, 356, 357, 358, 359, 360, 361, 429, 430, 431, 432, 433, 434, 435, 515, 516, 517, 518, 519, 520, 521, 522, 523, 524, 525, 526, 527, 672, 673, 674, 675, 676, 677, 678, 679, 680, 681, 682, 683, 684, 810, 811, 812, 813, 814, 881, 882, 883, 884, 885, 886]","[515, 516, 517, 518, 519, 520, 521, 522, 523, 12, 524, 525, 526, 527, 530, 32, 33, 34, 35, 36, 37, 38, 39, 40, 41, 42, 43, 44, 45, 46, 47, 48, 54, 650, 672, 673, 674, 675, 676, 677, 678, 679, 680, 681, 682, 683, 684, 689, 179, 201, 202, 203, 204, 205, 206, 207, 208, 209, 210, 211, 212, 213, 214, 215, 216, 219, 225, 810, 811, 812, 813, 814, 848, 355, 356, 357, 358, 359, 360, 873, 361, 881, 882, 883, 884, 885, 886, 908, 909, 399, 913, 916, 925, 930, 421, 429, 430, 431, 432, 433, 434, 435, 461, 462, 466, 469, 476, 479, 497]",False,[],[],[],[],"[12, 54, 179, 219, 225, 399, 421, 432, 434, 461, 462, 466, 469, 476, 479, 497, 530, 650, 689, 848, 873, 884, 886, 908, 909, 913, 916, 925, 930]","[32, 33, 34, 35, 36, 37, 38, 39, 40, 41, 42, 43, 44, 45, 46, 47, 48, 201, 202, 203, 204, 205, 206, 207, 208, 209, 210, 211, 212, 213, 214, 215, 216, 355, 356, 357, 358, 359, 360, 361, 429, 430, 431, 432, 433, 434, 435, 515, 516, 517, 518, 519, 520, 521, 522, 523, 524, 525, 526, 527, 672, 673, 674, 675, 676, 677, 678, 679, 680, 681, 682, 683, 684, 810, 811, 812, 813, 814, 881, 882, 883, 884, 885, 886]","[34, 35, 36, 37, 38, 39, 40, 41, 42, 43, 44, 45, 46, 47, 48, 201, 202, 203, 204, 205, 206, 207, 208, 209, 210, 211, 212, 213, 214, 215, 216, 355, 356, 357, 358, 359, 360, 361, 429, 430, 431, 432, 433, 434, 435, 515, 516, 517, 518, 519, 520, 521, 522, 523, 524, 525, 526, 527, 672, 673, 674, 675, 676, 677, 678, 679, 680, 681, 682, 683, 684, 810, 811, 812, 813, 814, 881, 882, 883, 884, 885, 886]",0/6 successful match,False,,False,614,False,,1.0,True,Love's Travel Stop # 329,Love's
E Clovis ( 88101 ) Love's Travel Stop # 329 S of US 60-84 ),7 575-762-2966 4700 US 60-70-84 E,24 M 024,Clovis,88101,Love's Travel Stop # 329 S of US 60-84 ),575-762-2966,2016,Clovis,NM,Love's,,4700 US 60-70-84 E,Proper,,False,,False,US 60-70,,,,,[],[],[],[],[],"[12, 54, 179, 219, 225, 399, 421, 432, 434, 461, 462, 466, 469, 476, 479, 497, 530, 650, 689, 848, 873, 884, 886, 908, 909, 913, 916, 925, 930]","[34, 35, 36, 37, 38, 39, 40, 41, 42, 43, 44, 45, 46, 47, 48, 201, 202, 203, 204, 205, 206, 207, 208, 209, 210, 211, 212, 213, 214, 215, 216, 355, 356, 357, 358, 359, 360, 361, 429, 430, 431, 432, 433, 434, 435, 515, 516, 517, 518, 519, 520, 521, 522, 523, 524, 525, 526, 527, 672, 673, 674, 675, 676, 677, 678, 679, 680, 681, 682, 683, 684, 810, 811, 812, 813, 814, 881, 882, 883, 884, 885, 886]","[32, 33, 34, 35, 36, 37, 38, 39, 40, 41, 42, 43, 44, 45, 46, 47, 48, 201, 202, 203, 204, 205, 206, 207, 208, 209, 210, 211, 212, 213, 214, 215, 216, 275, 355, 356, 357, 358, 359, 360, 361, 429, 430, 431, 432, 433, 434, 435, 515, 516, 517, 518, 519, 520, 521, 522, 523, 524, 525, 526, 527, 672, 673, 674, 675, 676, 677, 678, 679, 680, 681, 682, 683, 684, 734, 810, 811, 812, 813, 814, 881, 882, 883, 884, 885, 886]","[515, 516, 517, 518, 519, 520, 521, 522, 523, 12, 524, 525, 526, 527, 530, 32, 33, 34, 35, 36, 37, 38, 39, 40, 41, 42, 43, 44, 45, 46, 47, 48, 54, 650, 672, 673, 674, 675, 676, 677, 678, 679, 680, 681, 682, 683, 684, 689, 179, 201, 202, 203, 204, 205, 206, 207, 208, 209, 210, 211, 212, 213, 214, 215, 216, 219, 734, 225, 275, 810, 811, 812, 813, 814, 848, 355, 356, 357, 358, 359, 360, 873, 361, 881, 882, 883, 884, 885, 886, 908, 909, 399, 913, 916, 925, 930, 421, 429, 430, 431, 432, 433, 434, 435, 461, 462, 466, 469, 476, 479, 497]",False,[],[],[],[],"[12, 54, 179, 219, 225, 399, 421, 432, 434, 461, 462, 466, 469, 476, 479, 497, 530, 650, 689, 848, 873, 884, 886, 908, 909, 913, 916, 925, 930]","[32, 33, 34, 35, 36, 37, 38, 39, 40, 41, 42, 43, 44, 45, 46, 47, 48, 201, 202, 203, 204, 205, 206, 207, 208, 209, 210, 211, 212, 213, 214, 215, 216, 275, 355, 356, 357, 358, 359, 360, 361, 429, 430, 431, 432, 433, 434, 435, 515, 516, 517, 518, 519, 520, 521, 522, 523, 524, 525, 526, 527, 672, 673, 674, 675, 676, 677, 678, 679, 680, 681, 682, 683, 684, 734, 810, 811, 812, 813, 814, 881, 882, 883, 884, 885, 886]","[34, 35, 36, 37, 38, 39, 40, 41, 42, 43, 44, 45, 46, 47, 48, 201, 202, 203, 204, 205, 206, 207, 208, 209, 210, 211, 212, 213, 214, 215, 216, 355, 356, 357, 358, 359, 360, 361, 429, 430, 431, 432, 433, 434, 435, 515, 516, 517, 518, 519, 520, 521, 522, 523, 524, 525, 526, 527, 672, 673, 674, 675, 676, 677, 678, 679, 680, 681, 682, 683, 684, 810, 811, 812, 813, 814, 881, 882, 883, 884, 885, 886]",0/6 successful match,False,,False,614,False,,0.9363636363636363,True,Love's Travel Stop # 329 ),Love's
E Melrose ( 88124 ) Allsup's # 246,6 575-253-4701 US 60-84 & 5th,10 24 : 3 S <U+25A1>,Melrose,88124,Allsup's # 246,575-253-4701,2016,Melrose,NM,,,US 60-84 & 5th,empty,,False,,False,US 60,5th,,,,[],[],[],[],[],"[12, 54, 105, 114, 138, 141, 152, 153, 154, 155, 157, 159, 164, 165, 176, 182, 191, 192, 194, 195, 196, 200, 204, 208, 209, 210, 211, 215, 225, 226, 228, 241, 242, 243, 245, 248, 249, 250, 257, 261, 270, 271, 282, 287, 289, 291, 294, 296, 298, 306, 308, 309, 311, 314, 327, 333, 335, 337, 461, 497, 530, 576, 585, 609, 612, 623, 624, 626, 627, 629, 631, 636, 637, 647, 653, 662, 663, 665, 666, 667, 671, 674, 678, 679, 680, 681, 689, 690, 692, 705, 706, 707, 709, 711, 712, 713, 719, 721, 729, 730, 741, 746, 748, 750, 753, 755, 757, 764, 766, 767, 769, 772, 785, 791, 908]",[],"[97, 355, 568, 810]","[12, 530, 54, 568, 576, 585, 609, 97, 612, 105, 623, 624, 114, 626, 627, 629, 631, 636, 637, 647, 138, 141, 653, 662, 663, 152, 153, 154, 155, 665, 157, 666, 159, 667, 671, 674, 164, 165, 678, 679, 680, 681, 176, 689, 690, 692, 182, 191, 192, 705, 194, 195, 196, 706, 707, 709, 200, 711, 712, 713, 204, 719, 208, 209, 210, 211, 721, 215, 729, 730, 225, 226, 228, 741, 746, 748, 750, 241, 242, 243, 753, 245, 755, 757, 248, 249, 250, 764, 766, 767, 257, 769, 772, 261, 270, 271, 785, 791, 282, 287, 289, 291, 294, 296, 298, 810, 306, 308, 309, 311, 314, 327, 333, 335, 337, 355, 908, 461, 497]",False,[],[],[],[],"[12, 54, 105, 114, 138, 141, 152, 153, 154, 155, 157, 159, 164, 165, 176, 182, 191, 192, 194, 195, 196, 200, 204, 208, 209, 210, 211, 215, 225, 226, 228, 241, 242, 243, 245, 248, 249, 250, 257, 261, 270, 271, 282, 287, 289, 291, 294, 296, 298, 306, 308, 309, 311, 314, 327, 333, 335, 337, 461, 497, 530, 576, 585, 609, 612, 623, 624, 626, 627, 629, 631, 636, 637, 647, 653, 662, 663, 665, 666, 667, 671, 674, 678, 679, 680, 681, 689, 690, 692, 705, 706, 707, 709, 711, 712, 713, 719, 721, 729, 730, 741, 746, 748, 750, 753, 755, 757, 764, 766, 767, 769, 772, 785, 791, 908]","[97, 355, 568, 810]",[],0/6 successful match,False,,False,615,False,,,,,
"Texico , 88135 Allsup's ( Shell )",505-482-9300 US 60-70-84 at Port of Entry,24 - S,Texico,88135,Allsup's ( Shell ),505-482-9300,2006,Texico,NM,Shell,,US 60-70-84 at Port of Entry,empty,,False,,False,US 60-70,,,,,[],[],[],[],[],"[12, 54, 179, 219, 225, 399, 421, 432, 434, 461, 462, 466, 469, 476, 479, 497, 530, 650, 689, 848, 873, 884, 886, 908, 909, 913, 916, 925, 930]","[1, 13, 14, 29, 54, 55, 56, 57, 58, 60, 102, 118, 125, 127, 130, 134, 146, 149, 153, 175, 182, 187, 189, 191, 197, 225, 230, 238, 264, 265, 266, 286, 302, 317, 336, 379, 388, 389, 425, 454, 458, 463, 475, 487, 498, 499, 512, 530, 531, 532, 533, 534, 536, 573, 589, 596, 598, 601, 605, 617, 620, 624, 646, 653, 658, 660, 662, 668, 689, 694, 702, 724, 725, 745, 760, 775, 793, 829, 838, 839, 877, 901, 903, 905, 910, 923]","[1, 13, 14, 29, 54, 55, 56, 57, 58, 60, 102, 118, 125, 127, 130, 134, 146, 149, 153, 175, 182, 187, 189, 191, 197, 225, 230, 238, 264, 265, 266, 286, 302, 317, 336, 354, 379, 388, 389, 425, 454, 458, 463, 475, 487, 498, 499, 512, 530, 531, 532, 533, 534, 536, 573, 589, 596, 598, 601, 605, 617, 620, 624, 646, 653, 658, 660, 662, 668, 689, 694, 702, 724, 725, 745, 760, 775, 793, 809, 829, 838, 839, 877, 901, 903, 905, 910, 923]","[512, 1, 12, 13, 14, 530, 531, 532, 533, 534, 536, 29, 54, 55, 56, 57, 58, 60, 573, 589, 596, 598, 601, 605, 102, 617, 620, 624, 118, 125, 127, 130, 134, 646, 650, 653, 146, 658, 660, 149, 662, 153, 668, 175, 689, 179, 182, 694, 187, 189, 702, 191, 197, 724, 725, 219, 225, 230, 745, 238, 760, 775, 264, 265, 266, 793, 286, 809, 302, 317, 829, 838, 839, 848, 336, 354, 873, 877, 884, 886, 379, 388, 389, 901, 903, 905, 908, 909, 910, 399, 913, 916, 923, 925, 930, 421, 425, 432, 434, 454, 458, 461, 462, 463, 466, 469, 475, 476, 479, 487, 497, 498, 499]",False,[],[],[],[],"[12, 54, 179, 219, 225, 399, 421, 432, 434, 461, 462, 466, 469, 476, 479, 497, 530, 650, 689, 848, 873, 884, 886, 908, 909, 913, 916, 925, 930]","[1, 13, 14, 29, 54, 55, 56, 57, 58, 60, 102, 118, 125, 127, 130, 134, 146, 149, 153, 175, 182, 187, 189, 191, 197, 225, 230, 238, 264, 265, 266, 286, 302, 317, 336, 354, 379, 388, 389, 425, 454, 458, 463, 475, 487, 498, 499, 512, 530, 531, 532, 533, 534, 536, 573, 589, 596, 598, 601, 605, 617, 620, 624, 646, 653, 658, 660, 662, 668, 689, 694, 702, 724, 725, 745, 760, 775, 793, 809, 829, 838, 839, 877, 901, 903, 905, 910, 923]","[1, 13, 14, 29, 54, 55, 56, 57, 58, 60, 102, 118, 125, 127, 130, 134, 146, 149, 153, 175, 182, 187, 189, 191, 197, 225, 230, 238, 264, 265, 266, 286, 302, 317, 336, 379, 388, 389, 425, 454, 458, 463, 475, 487, 498, 499, 512, 530, 531, 532, 533, 534, 536, 573, 589, 596, 598, 601, 605, 617, 620, 624, 646, 653, 658, 660, 662, 668, 689, 694, 702, 724, 725, 745, 760, 775, 793, 829, 838, 839, 877, 901, 903, 905, 910, 923]",0/6 successful match,False,,False,616,False,,,,,
"Texico , 88135 Allsup's # 333 ( Shell )",505-482-9300 US 60-70-84 at Port of Entry,HRS 24 M,Texico,88135,Allsup's # 333 ( Shell ),505-482-9300,2007,Texico,NM,Shell,,US 60-70-84 at Port of Entry,empty,,False,,False,US 60-70,,,,,[],[],[],[],[],"[12, 54, 179, 219, 225, 399, 421, 432, 434, 461, 462, 466, 469, 476, 479, 497, 530, 650, 689, 848, 873, 884, 886, 908, 909, 913, 916, 925, 930]","[1, 13, 14, 29, 54, 55, 56, 57, 58, 60, 102, 118, 125, 127, 130, 134, 146, 149, 153, 175, 182, 187, 189, 191, 197, 225, 230, 238, 264, 265, 266, 286, 302, 317, 336, 379, 388, 389, 425, 454, 458, 463, 475, 487, 498, 499, 512, 530, 531, 532, 533, 534, 536, 573, 589, 596, 598, 601, 605, 617, 620, 624, 646, 653, 658, 660, 662, 668, 689, 694, 702, 724, 725, 745, 760, 775, 793, 829, 838, 839, 877, 901, 903, 905, 910, 923]","[1, 13, 14, 29, 54, 55, 56, 57, 58, 60, 102, 118, 125, 127, 130, 134, 146, 149, 153, 175, 182, 187, 189, 191, 197, 225, 230, 238, 264, 265, 266, 286, 302, 317, 336, 354, 379, 388, 389, 425, 454, 458, 463, 475, 487, 498, 499, 512, 530, 531, 532, 533, 534, 536, 573, 589, 596, 598, 601, 605, 617, 620, 624, 646, 653, 658, 660, 662, 668, 689, 694, 702, 724, 725, 745, 760, 775, 793, 809, 829, 838, 839, 877, 901, 903, 905, 910, 923]","[512, 1, 12, 13, 14, 530, 531, 532, 533, 534, 536, 29, 54, 55, 56, 57, 58, 60, 573, 589, 596, 598, 601, 605, 102, 617, 620, 624, 118, 125, 127, 130, 134, 646, 650, 653, 146, 658, 660, 149, 662, 153, 668, 175, 689, 179, 182, 694, 187, 189, 702, 191, 197, 724, 725, 219, 225, 230, 745, 238, 760, 775, 264, 265, 266, 793, 286, 809, 302, 317, 829, 838, 839, 848, 336, 354, 873, 877, 884, 886, 379, 388, 389, 901, 903, 905, 908, 909, 910, 399, 913, 916, 923, 925, 930, 421, 425, 432, 434, 454, 458, 461, 462, 463, 466, 469, 475, 476, 479, 487, 497, 498, 499]",False,[],[],[],[],"[12, 54, 179, 219, 225, 399, 421, 432, 434, 461, 462, 466, 469, 476, 479, 497, 530, 650, 689, 848, 873, 884, 886, 908, 909, 913, 916, 925, 930]","[1, 13, 14, 29, 54, 55, 56, 57, 58, 60, 102, 118, 125, 127, 130, 134, 146, 149, 153, 175, 182, 187, 189, 191, 197, 225, 230, 238, 264, 265, 266, 286, 302, 317, 336, 354, 379, 388, 389, 425, 454, 458, 463, 475, 487, 498, 499, 512, 530, 531, 532, 533, 534, 536, 573, 589, 596, 598, 601, 605, 617, 620, 624, 646, 653, 658, 660, 662, 668, 689, 694, 702, 724, 725, 745, 760, 775, 793, 809, 829, 838, 839, 877, 901, 903, 905, 910, 923]","[1, 13, 14, 29, 54, 55, 56, 57, 58, 60, 102, 118, 125, 127, 130, 134, 146, 149, 153, 175, 182, 187, 189, 191, 197, 225, 230, 238, 264, 265, 266, 286, 302, 317, 336, 379, 388, 389, 425, 454, 458, 463, 475, 487, 498, 499, 512, 530, 531, 532, 533, 534, 536, 573, 589, 596, 598, 601, 605, 617, 620, 624, 646, 653, 658, 660, 662, 668, 689, 694, 702, 724, 725, 745, 760, 775, 793, 829, 838, 839, 877, 901, 903, 905, 910, 923]",0/6 successful match,False,,False,616,False,,0.7571428571428571,True,Allsup's ( Shell ),Shell
"Texico , 88135 Allsup's # 333 ( Shell )",505-482-9300 US 60-70-84 at Port of Entry,24 MOO,Texico,88135,Allsup's # 333 ( Shell ),505-482-9300,2008,Texico,NM,Shell,,US 60-70-84 at Port of Entry,empty,,False,,False,US 60-70,,,,,[],[],[],[],[],"[12, 54, 179, 219, 225, 399, 421, 432, 434, 461, 462, 466, 469, 476, 479, 497, 530, 650, 689, 848, 873, 884, 886, 908, 909, 913, 916, 925, 930]","[1, 13, 14, 29, 54, 55, 56, 57, 58, 60, 102, 118, 125, 127, 130, 134, 146, 149, 153, 175, 182, 187, 189, 191, 197, 225, 230, 238, 264, 265, 266, 286, 302, 317, 336, 379, 388, 389, 425, 454, 458, 463, 475, 487, 498, 499, 512, 530, 531, 532, 533, 534, 536, 573, 589, 596, 598, 601, 605, 617, 620, 624, 646, 653, 658, 660, 662, 668, 689, 694, 702, 724, 725, 745, 760, 775, 793, 829, 838, 839, 877, 901, 903, 905, 910, 923]","[1, 13, 14, 29, 54, 55, 56, 57, 58, 60, 102, 118, 125, 127, 130, 134, 146, 149, 153, 175, 182, 187, 189, 191, 197, 225, 230, 238, 264, 265, 266, 286, 302, 317, 336, 354, 379, 388, 389, 425, 454, 458, 463, 475, 487, 498, 499, 512, 530, 531, 532, 533, 534, 536, 573, 589, 596, 598, 601, 605, 617, 620, 624, 646, 653, 658, 660, 662, 668, 689, 694, 702, 724, 725, 745, 760, 775, 793, 809, 829, 838, 839, 877, 901, 903, 905, 910, 923]","[512, 1, 12, 13, 14, 530, 531, 532, 533, 534, 536, 29, 54, 55, 56, 57, 58, 60, 573, 589, 596, 598, 601, 605, 102, 617, 620, 624, 118, 125, 127, 130, 134, 646, 650, 653, 146, 658, 660, 149, 662, 153, 668, 175, 689, 179, 182, 694, 187, 189, 702, 191, 197, 724, 725, 219, 225, 230, 745, 238, 760, 775, 264, 265, 266, 793, 286, 809, 302, 317, 829, 838, 839, 848, 336, 354, 873, 877, 884, 886, 379, 388, 389, 901, 903, 905, 908, 909, 910, 399, 913, 916, 923, 925, 930, 421, 425, 432, 434, 454, 458, 461, 462, 463, 466, 469, 475, 476, 479, 487, 497, 498, 499]",False,[],[],[],[],"[12, 54, 179, 219, 225, 399, 421, 432, 434, 461, 462, 466, 469, 476, 479, 497, 530, 650, 689, 848, 873, 884, 886, 908, 909, 913, 916, 925, 930]","[1, 13, 14, 29, 54, 55, 56, 57, 58, 60, 102, 118, 125, 127, 130, 134, 146, 149, 153, 175, 182, 187, 189, 191, 197, 225, 230, 238, 264, 265, 266, 286, 302, 317, 336, 354, 379, 388, 389, 425, 454, 458, 463, 475, 487, 498, 499, 512, 530, 531, 532, 533, 534, 536, 573, 589, 596, 598, 601, 605, 617, 620, 624, 646, 653, 658, 660, 662, 668, 689, 694, 702, 724, 725, 745, 760, 775, 793, 809, 829, 838, 839, 877, 901, 903, 905, 910, 923]","[1, 13, 14, 29, 54, 55, 56, 57, 58, 60, 102, 118, 125, 127, 130, 134, 146, 149, 153, 175, 182, 187, 189, 191, 197, 225, 230, 238, 264, 265, 266, 286, 302, 317, 336, 379, 388, 389, 425, 454, 458, 463, 475, 487, 498, 499, 512, 530, 531, 532, 533, 534, 536, 573, 589, 596, 598, 601, 605, 617, 620, 624, 646, 653, 658, 660, 662, 668, 689, 694, 702, 724, 725, 745, 760, 775, 793, 829, 838, 839, 877, 901, 903, 905, 910, 923]",0/6 successful match,False,,False,616,False,,1.0,True,Allsup's # 333 ( Shell ),Shell
"Texico , 88135 Town & Country # 150",505-482-9313 US 60-70-84,- MO,Texico,88135,Town & Country # 150,505-482-9313,2006,Texico,NM,,,US 60-70-84,empty,,False,,False,US 60-70,,,,,[],[],[],[],[],"[12, 54, 179, 219, 225, 399, 421, 432, 434, 461, 462, 466, 469, 476, 479, 497, 530, 650, 689, 848, 873, 884, 886, 908, 909, 913, 916, 925, 930]",[],[],"[650, 12, 908, 909, 399, 913, 530, 916, 925, 930, 421, 432, 689, 434, 179, 54, 461, 462, 848, 466, 469, 219, 476, 479, 225, 873, 497, 884, 886]",False,[],[],[],[],"[12, 54, 179, 219, 225, 399, 421, 432, 434, 461, 462, 466, 469, 476, 479, 497, 530, 650, 689, 848, 873, 884, 886, 908, 909, 913, 916, 925, 930]",[],[],0/6 successful match,False,,False,617,False,,,,,
"Texico , 88135 Town & Country # 150",505-482-9313 US 60-70-84,24 S,Texico,88135,Town & Country # 150,505-482-9313,2007,Texico,NM,,,US 60-70-84,empty,,False,,False,US 60-70,,,,,[],[],[],[],[],"[12, 54, 179, 219, 225, 399, 421, 432, 434, 461, 462, 466, 469, 476, 479, 497, 530, 650, 689, 848, 873, 884, 886, 908, 909, 913, 916, 925, 930]",[],[],"[650, 12, 908, 909, 399, 913, 530, 916, 925, 930, 421, 432, 689, 434, 179, 54, 461, 462, 848, 466, 469, 219, 476, 479, 225, 873, 497, 884, 886]",False,[],[],[],[],"[12, 54, 179, 219, 225, 399, 421, 432, 434, 461, 462, 466, 469, 476, 479, 497, 530, 650, 689, 848, 873, 884, 886, 908, 909, 913, 916, 925, 930]",[],[],0/6 successful match,False,,False,617,False,,1.0,True,Town & Country # 150,
"Texico , 88135 Town & Country # 150",505-482-9313 US 60-70-84,24 22 S <U+25A1> <U+25A1> <U+2610> <U+2610>,Texico,88135,Town & Country # 150,505-482-9313,2008,Texico,NM,,,US 60-70-84,empty,,False,,False,US 60-70,,,,,[],[],[],[],[],"[12, 54, 179, 219, 225, 399, 421, 432, 434, 461, 462, 466, 469, 476, 479, 497, 530, 650, 689, 848, 873, 884, 886, 908, 909, 913, 916, 925, 930]",[],[],"[650, 12, 908, 909, 399, 913, 530, 916, 925, 930, 421, 432, 689, 434, 179, 54, 461, 462, 848, 466, 469, 219, 476, 479, 225, 873, 497, 884, 886]",False,[],[],[],[],"[12, 54, 179, 219, 225, 399, 421, 432, 434, 461, 462, 466, 469, 476, 479, 497, 530, 650, 689, 848, 873, 884, 886, 908, 909, 913, 916, 925, 930]",[],[],0/6 successful match,False,,False,617,False,,1.0,True,Town & Country # 150,
E Texico ( 88135 ) Allsup's # 333 ( 66 ),575-482-9300 US 60-70-84 at Port of Entry,24 S 1,Texico,88135,Allsup's # 333 ( 66 ),575-482-9300,2014,Texico,NM,,,US 60-70-84 at Port of Entry,empty,,False,,False,US 60-70,,,,,[],[],[],[],[],"[12, 54, 179, 219, 225, 399, 421, 432, 434, 461, 462, 466, 469, 476, 479, 497, 530, 650, 689, 848, 873, 884, 886, 908, 909, 913, 916, 925, 930]",[],"[401, 402, 424, 427, 464, 469, 850, 851, 876, 879, 911, 916]","[650, 12, 908, 909, 399, 911, 913, 530, 401, 916, 402, 925, 930, 421, 424, 427, 432, 689, 434, 179, 54, 461, 462, 848, 464, 466, 850, 851, 469, 219, 476, 479, 225, 873, 876, 879, 497, 884, 886]",False,[],[],[],[],"[12, 54, 179, 219, 225, 399, 421, 432, 434, 461, 462, 466, 469, 476, 479, 497, 530, 650, 689, 848, 873, 884, 886, 908, 909, 913, 916, 925, 930]","[401, 402, 424, 427, 464, 469, 850, 851, 876, 879, 911, 916]",[],0/6 successful match,False,,False,617,True,2014,0.0975609756097561,True,Town & Country # 150,
E Texico ( 88135 ) Allsup's # 333 ( 66 ),575-482-9300 US 60-70-84 at Port of Entry,24 4 S <U+25A1>,Texico,88135,Allsup's # 333 ( 66 ),575-482-9300,2015,Texico,NM,,,US 60-70-84 at Port of Entry,empty,,False,,False,US 60-70,,,,,[],[],[],[],[],"[12, 54, 179, 219, 225, 399, 421, 432, 434, 461, 462, 466, 469, 476, 479, 497, 530, 650, 689, 848, 873, 884, 886, 908, 909, 913, 916, 925, 930]",[],"[401, 402, 424, 427, 464, 469, 850, 851, 876, 879, 911, 916]","[650, 12, 908, 909, 399, 911, 913, 530, 401, 916, 402, 925, 930, 421, 424, 427, 432, 689, 434, 179, 54, 461, 462, 848, 464, 466, 850, 851, 469, 219, 476, 479, 225, 873, 876, 879, 497, 884, 886]",False,[],[],[],[],"[12, 54, 179, 219, 225, 399, 421, 432, 434, 461, 462, 466, 469, 476, 479, 497, 530, 650, 689, 848, 873, 884, 886, 908, 909, 913, 916, 925, 930]","[401, 402, 424, 427, 464, 469, 850, 851, 876, 879, 911, 916]",[],0/6 successful match,False,,False,617,False,,1.0,True,Allsup's # 333 ( 66 ),
E Texico ( 88135 ) Allsup's # 333 ( 66 ),7 575-482-9300 US 60-70-84 at Port of,24 SO 24 <U+2610>,Texico,88135,Allsup's # 333 ( 66 ),575-482-9300,2016,Texico,NM,,,US 60-70-84 at Port of,empty,,False,,False,US 60-70,,,,,[],[],[],[],[],"[12, 54, 179, 219, 225, 399, 421, 432, 434, 461, 462, 466, 469, 476, 479, 497, 530, 650, 689, 848, 873, 884, 886, 908, 909, 913, 916, 925, 930]",[],"[401, 402, 424, 427, 464, 469, 850, 851, 876, 879, 911, 916]","[650, 12, 908, 909, 399, 911, 913, 530, 401, 916, 402, 925, 930, 421, 424, 427, 432, 689, 434, 179, 54, 461, 462, 848, 464, 466, 850, 851, 469, 219, 476, 479, 225, 873, 876, 879, 497, 884, 886]",False,[],[],[],[],"[12, 54, 179, 219, 225, 399, 421, 432, 434, 461, 462, 466, 469, 476, 479, 497, 530, 650, 689, 848, 873, 884, 886, 908, 909, 913, 916, 925, 930]","[401, 402, 424, 427, 464, 469, 850, 851, 876, 879, 911, 916]",[],0/6 successful match,False,,False,617,False,,1.0,True,Allsup's # 333 ( 66 ),
Texico ( 88135 ) Stripes # 0150 ( Conoco ),575-482-9313 US 60-70-84,24 M,Texico,88135,Stripes # 0150 ( Conoco ),575-482-9313,2014,Texico,NM,Conoco,,US 60-70-84,empty,,False,,False,US 60-70,,,,,[],[],[],[],[],"[12, 54, 179, 219, 225, 399, 421, 432, 434, 461, 462, 466, 469, 476, 479, 497, 530, 650, 689, 848, 873, 884, 886, 908, 909, 913, 916, 925, 930]","[3, 27, 349, 406, 451, 489, 510, 804, 855, 898]","[3, 27, 297, 349, 406, 451, 489, 510, 756, 804, 855, 898]","[898, 3, 650, 12, 908, 909, 399, 913, 530, 916, 406, 27, 925, 930, 804, 421, 297, 432, 689, 434, 179, 54, 451, 461, 462, 848, 466, 469, 855, 219, 476, 349, 479, 225, 873, 489, 497, 884, 756, 886, 510]",False,[],[],[],[],"[12, 54, 179, 219, 225, 399, 421, 432, 434, 461, 462, 466, 469, 476, 479, 497, 530, 650, 689, 848, 873, 884, 886, 908, 909, 913, 916, 925, 930]","[3, 27, 297, 349, 406, 451, 489, 510, 756, 804, 855, 898]","[3, 27, 349, 406, 451, 489, 510, 804, 855, 898]",0/6 successful match,False,,False,618,False,,,,,
Texico ( 88135 ) Stripes # 0150 ( Conoco ),575-482-9313 US 60-70-84,24 M,Texico,88135,Stripes # 0150 ( Conoco ),575-482-9313,2015,Texico,NM,Conoco,,US 60-70-84,empty,,False,,False,US 60-70,,,,,[],[],[],[],[],"[12, 54, 179, 219, 225, 399, 421, 432, 434, 461, 462, 466, 469, 476, 479, 497, 530, 650, 689, 848, 873, 884, 886, 908, 909, 913, 916, 925, 930]","[3, 27, 349, 406, 451, 489, 510, 804, 855, 898]","[3, 27, 297, 349, 406, 451, 489, 510, 756, 804, 855, 898]","[898, 3, 650, 12, 908, 909, 399, 913, 530, 916, 406, 27, 925, 930, 804, 421, 297, 432, 689, 434, 179, 54, 451, 461, 462, 848, 466, 469, 855, 219, 476, 349, 479, 225, 873, 489, 497, 884, 756, 886, 510]",False,[],[],[],[],"[12, 54, 179, 219, 225, 399, 421, 432, 434, 461, 462, 466, 469, 476, 479, 497, 530, 650, 689, 848, 873, 884, 886, 908, 909, 913, 916, 925, 930]","[3, 27, 297, 349, 406, 451, 489, 510, 756, 804, 855, 898]","[3, 27, 349, 406, 451, 489, 510, 804, 855, 898]",0/6 successful match,False,,False,618,False,,1.0,True,Stripes # 0150 ( Conoco ),Conoco
E Texico ( 88135 ) Stripes 380 # 0150 E & ( Conoco NM 206 ),575-482-9313 US 60-70-84,24 M,Texico,88135,Stripes 380 # 0150 E & ( Conoco NM 206 ),575-482-9313,2016,Texico,NM,Conoco,,US 60-70-84,empty,,False,,False,US 60-70,,,,,[],[],[],[],[],"[12, 54, 179, 219, 225, 399, 421, 432, 434, 461, 462, 466, 469, 476, 479, 497, 530, 650, 689, 848, 873, 884, 886, 908, 909, 913, 916, 925, 930]","[3, 27, 349, 406, 451, 489, 510, 804, 855, 898]","[3, 27, 297, 349, 406, 451, 489, 510, 756, 804, 855, 898]","[898, 3, 650, 12, 908, 909, 399, 913, 530, 916, 406, 27, 925, 930, 804, 421, 297, 432, 689, 434, 179, 54, 451, 461, 462, 848, 466, 469, 855, 219, 476, 349, 479, 225, 873, 489, 497, 884, 756, 886, 510]",False,[],[],[],[],"[12, 54, 179, 219, 225, 399, 421, 432, 434, 461, 462, 466, 469, 476, 479, 497, 530, 650, 689, 848, 873, 884, 886, 908, 909, 913, 916, 925, 930]","[3, 27, 297, 349, 406, 451, 489, 510, 756, 804, 855, 898]","[3, 27, 349, 406, 451, 489, 510, 804, 855, 898]",0/6 successful match,False,,False,618,False,,0.9707692307692308,True,Stripes # 0150 ( Conoco ),Conoco
"Roswell , 88201 Price's Truck Stop",505-623-1450 5500 N US 70-285,HRS +9 L,Roswell,88201,Price's Truck Stop,505-623-1450,2006,Roswell,NM,,,5500 N US 70-285,Proper,,False,,False,US 70-285,,,,,[],[],[],[],[],"[179, 219, 399, 421, 432, 434, 462, 466, 469, 476, 479, 650, 848, 873, 884, 886, 909, 913, 916, 925, 930]",[],[],"[650, 909, 399, 913, 916, 925, 930, 421, 432, 434, 179, 462, 848, 466, 469, 219, 476, 479, 873, 884, 886]",False,[],[],[],[],"[179, 219, 399, 421, 432, 434, 462, 466, 469, 476, 479, 650, 848, 873, 884, 886, 909, 913, 916, 925, 930]",[],[],0/6 successful match,False,,False,619,False,,,,,
"Roswell , 88201 Price's Truck Stop",505-623-1450 5500 N US 70-285,24 XL <U+25A1> O <U+2610> 00,Roswell,88201,Price's Truck Stop,505-623-1450,2007,Roswell,NM,,,5500 N US 70-285,Proper,,False,,False,US 70-285,,,,,[],[],[],[],[],"[179, 219, 399, 421, 432, 434, 462, 466, 469, 476, 479, 650, 848, 873, 884, 886, 909, 913, 916, 925, 930]",[],[],"[650, 909, 399, 913, 916, 925, 930, 421, 432, 434, 179, 462, 848, 466, 469, 219, 476, 479, 873, 884, 886]",False,[],[],[],[],"[179, 219, 399, 421, 432, 434, 462, 466, 469, 476, 479, 650, 848, 873, 884, 886, 909, 913, 916, 925, 930]",[],[],0/6 successful match,False,,False,619,False,,0.8999999999999999,True,Price's Truck Stop,
"Roswell , 88201 Price's Truck Stop",505-623-1450 5500 N US 70-285,24 XL O,Roswell,88201,Price's Truck Stop,505-623-1450,2008,Roswell,NM,,,5500 N US 70-285,Proper,,False,,False,US 70-285,,,,,[],[],[],[],[],"[179, 219, 399, 421, 432, 434, 462, 466, 469, 476, 479, 650, 848, 873, 884, 886, 909, 913, 916, 925, 930]",[],[],"[650, 909, 399, 913, 916, 925, 930, 421, 432, 434, 179, 462, 848, 466, 469, 219, 476, 479, 873, 884, 886]",False,[],[],[],[],"[179, 219, 399, 421, 432, 434, 462, 466, 469, 476, 479, 650, 848, 873, 884, 886, 909, 913, 916, 925, 930]",[],[],0/6 successful match,False,,False,619,False,,0.8999999999999999,True,Price's Truck Stop,
Roswell ( 88201 ) Chisum Travel Center # 30,575-623-9930 5500 N US 70-285,24 22 XL D,Roswell,88201,Chisum Travel Center # 30,575-623-9930,2014,Roswell,NM,,,5500 N US 70-285,Proper,,False,,False,US 70-285,,,,,[],[],[],[],[],"[179, 219, 399, 421, 432, 434, 462, 466, 469, 476, 479, 650, 848, 873, 884, 886, 909, 913, 916, 925, 930]",[],[],"[650, 909, 399, 913, 916, 925, 930, 421, 432, 434, 179, 462, 848, 466, 469, 219, 476, 479, 873, 884, 886]",False,[],[],[],[],"[179, 219, 399, 421, 432, 434, 462, 466, 469, 476, 479, 650, 848, 873, 884, 886, 909, 913, 916, 925, 930]",[],[],0/6 successful match,False,,False,619,True,2014,0.16279069767441862,True,Price's Truck Stop,
Roswell ( 88201 ) Chisum Travel Center # 30,575-623-9930 5500 N US 70-285,24 XL <U+2610>,Roswell,88201,Chisum Travel Center # 30,575-623-9930,2015,Roswell,NM,,,5500 N US 70-285,Proper,,False,,False,US 70-285,,,,,[],[],[],[],[],"[179, 219, 399, 421, 432, 434, 462, 466, 469, 476, 479, 650, 848, 873, 884, 886, 909, 913, 916, 925, 930]",[],[],"[650, 909, 399, 913, 916, 925, 930, 421, 432, 434, 179, 462, 848, 466, 469, 219, 476, 479, 873, 884, 886]",False,[],[],[],[],"[179, 219, 399, 421, 432, 434, 462, 466, 469, 476, 479, 650, 848, 873, 884, 886, 909, 913, 916, 925, 930]",[],[],0/6 successful match,False,,False,619,False,,1.0,True,Chisum Travel Center # 30,
Roswell ( 88201 ) Chisum Travel Center # 30 ( Alon,6 575-623-9930 5500 N US 70-285 ) 24,24 XL,Roswell,88201,Chisum Travel Center # 30 ( Alon,575-623-9930,2016,Roswell,NM,,,5500 N US 70-285  24,Proper,,False,,False,US 70-285,,,,,[],[],[],[],[],"[179, 219, 399, 421, 432, 434, 462, 466, 469, 476, 479, 650, 848, 873, 884, 886, 909, 913, 916, 925, 930]",[],[],"[650, 909, 399, 913, 916, 925, 930, 421, 432, 434, 179, 462, 848, 466, 469, 219, 476, 479, 873, 884, 886]",False,[],[],[],[],"[179, 219, 399, 421, 432, 434, 462, 466, 469, 476, 479, 650, 848, 873, 884, 886, 909, 913, 916, 925, 930]",[],[],0/6 successful match,False,,False,619,False,,1.0,True,Chisum Travel Center # 30,
"Carlsbad , 88220 Northgate Chevron",6 505-885-0167 1311 US 285 N,<U+25A1>,Carlsbad,88220,Northgate Chevron,505-885-0167,2006,Carlsbad,NM,Chevron,,1311 US 285 N,Proper,,False,,False,US 285,,,,,[],[],[],[],[],[],"[12, 24, 25, 28, 88, 100, 104, 119, 123, 129, 136, 137, 139, 140, 141, 148, 155, 169, 172, 179, 183, 185, 188, 196, 198, 217, 237, 267, 270, 278, 319, 321, 324, 325, 330, 334, 335, 354, 366, 369, 380, 383, 384, 386, 395, 407, 411, 423, 428, 436, 437, 452, 453, 456, 467, 471, 477, 478, 479, 497, 508, 511, 559, 571, 575, 590, 594, 600, 607, 608, 610, 611, 612, 619, 627, 640, 643, 650, 654, 656, 659, 667, 669, 685, 701, 726, 729, 737, 777, 779, 782, 783, 787, 790, 791, 809, 817, 819, 830, 833, 834, 836, 845, 856, 857, 860, 862, 875, 880, 887, 888, 899, 900, 914, 918, 921, 928, 929, 930]","[12, 24, 25, 28, 88, 100, 104, 119, 123, 129, 136, 137, 139, 140, 141, 148, 155, 169, 172, 179, 183, 185, 188, 196, 198, 217, 237, 267, 270, 278, 319, 321, 324, 325, 330, 334, 335, 354, 366, 369, 380, 383, 384, 386, 395, 407, 411, 423, 428, 436, 437, 452, 453, 456, 467, 471, 477, 478, 479, 497, 508, 511, 559, 571, 575, 590, 594, 600, 607, 608, 610, 611, 612, 619, 627, 640, 643, 650, 654, 656, 659, 667, 669, 685, 701, 726, 729, 737, 777, 779, 782, 783, 787, 790, 791, 809, 817, 819, 830, 833, 834, 836, 845, 856, 857, 860, 862, 875, 880, 887, 888, 899, 900, 914, 918, 921, 928, 929, 930]","[12, 24, 25, 28, 559, 571, 575, 590, 594, 88, 600, 607, 608, 610, 611, 100, 612, 104, 619, 627, 119, 123, 640, 129, 643, 136, 137, 650, 139, 140, 141, 654, 656, 659, 148, 155, 667, 669, 169, 172, 685, 179, 183, 185, 188, 701, 196, 198, 726, 217, 729, 737, 237, 777, 267, 779, 270, 782, 783, 787, 278, 790, 791, 809, 817, 819, 830, 319, 321, 833, 834, 324, 325, 836, 330, 845, 334, 335, 856, 857, 860, 862, 354, 875, 366, 880, 369, 887, 888, 380, 383, 384, 386, 899, 900, 395, 914, 918, 407, 921, 411, 928, 929, 930, 423, 428, 436, 437, 452, 453, 456, 467, 471, 477, 478, 479, 497, 508, 511]",False,[],[],[],[],[],"[12, 24, 25, 28, 88, 100, 104, 119, 123, 129, 136, 137, 139, 140, 141, 148, 155, 169, 172, 179, 183, 185, 188, 196, 198, 217, 237, 267, 270, 278, 319, 321, 324, 325, 330, 334, 335, 354, 366, 369, 380, 383, 384, 386, 395, 407, 411, 423, 428, 436, 437, 452, 453, 456, 467, 471, 477, 478, 479, 497, 508, 511, 559, 571, 575, 590, 594, 600, 607, 608, 610, 611, 612, 619, 627, 640, 643, 650, 654, 656, 659, 667, 669, 685, 701, 726, 729, 737, 777, 779, 782, 783, 787, 790, 791, 809, 817, 819, 830, 833, 834, 836, 845, 856, 857, 860, 862, 875, 880, 887, 888, 899, 900, 914, 918, 921, 928, 929, 930]","[12, 24, 25, 28, 88, 100, 104, 119, 123, 129, 136, 137, 139, 140, 141, 148, 155, 169, 172, 179, 183, 185, 188, 196, 198, 217, 237, 267, 270, 278, 319, 321, 324, 325, 330, 334, 335, 354, 366, 369, 380, 383, 384, 386, 395, 407, 411, 423, 428, 436, 437, 452, 453, 456, 467, 471, 477, 478, 479, 497, 508, 511, 559, 571, 575, 590, 594, 600, 607, 608, 610, 611, 612, 619, 627, 640, 643, 650, 654, 656, 659, 667, 669, 685, 701, 726, 729, 737, 777, 779, 782, 783, 787, 790, 791, 809, 817, 819, 830, 833, 834, 836, 845, 856, 857, 860, 862, 875, 880, 887, 888, 899, 900, 914, 918, 921, 928, 929, 930]",0/6 successful match,False,,False,620,False,,,,,
"Carlsbad , 88220 Northgate Chevron",505-885-0167 1311 US 285 N,000,Carlsbad,88220,Northgate Chevron,505-885-0167,2007,Carlsbad,NM,Chevron,,1311 US 285 N,Proper,,False,,False,US 285,,,,,[],[],[],[],[],[],"[12, 24, 25, 28, 88, 100, 104, 119, 123, 129, 136, 137, 139, 140, 141, 148, 155, 169, 172, 179, 183, 185, 188, 196, 198, 217, 237, 267, 270, 278, 319, 321, 324, 325, 330, 334, 335, 354, 366, 369, 380, 383, 384, 386, 395, 407, 411, 423, 428, 436, 437, 452, 453, 456, 467, 471, 477, 478, 479, 497, 508, 511, 559, 571, 575, 590, 594, 600, 607, 608, 610, 611, 612, 619, 627, 640, 643, 650, 654, 656, 659, 667, 669, 685, 701, 726, 729, 737, 777, 779, 782, 783, 787, 790, 791, 809, 817, 819, 830, 833, 834, 836, 845, 856, 857, 860, 862, 875, 880, 887, 888, 899, 900, 914, 918, 921, 928, 929, 930]","[12, 24, 25, 28, 88, 100, 104, 119, 123, 129, 136, 137, 139, 140, 141, 148, 155, 169, 172, 179, 183, 185, 188, 196, 198, 217, 237, 267, 270, 278, 319, 321, 324, 325, 330, 334, 335, 354, 366, 369, 380, 383, 384, 386, 395, 407, 411, 423, 428, 436, 437, 452, 453, 456, 467, 471, 477, 478, 479, 497, 508, 511, 559, 571, 575, 590, 594, 600, 607, 608, 610, 611, 612, 619, 627, 640, 643, 650, 654, 656, 659, 667, 669, 685, 701, 726, 729, 737, 777, 779, 782, 783, 787, 790, 791, 809, 817, 819, 830, 833, 834, 836, 845, 856, 857, 860, 862, 875, 880, 887, 888, 899, 900, 914, 918, 921, 928, 929, 930]","[12, 24, 25, 28, 559, 571, 575, 590, 594, 88, 600, 607, 608, 610, 611, 100, 612, 104, 619, 627, 119, 123, 640, 129, 643, 136, 137, 650, 139, 140, 141, 654, 656, 659, 148, 155, 667, 669, 169, 172, 685, 179, 183, 185, 188, 701, 196, 198, 726, 217, 729, 737, 237, 777, 267, 779, 270, 782, 783, 787, 278, 790, 791, 809, 817, 819, 830, 319, 321, 833, 834, 324, 325, 836, 330, 845, 334, 335, 856, 857, 860, 862, 354, 875, 366, 880, 369, 887, 888, 380, 383, 384, 386, 899, 900, 395, 914, 918, 407, 921, 411, 928, 929, 930, 423, 428, 436, 437, 452, 453, 456, 467, 471, 477, 478, 479, 497, 508, 511]",False,[],[],[],[],[],"[12, 24, 25, 28, 88, 100, 104, 119, 123, 129, 136, 137, 139, 140, 141, 148, 155, 169, 172, 179, 183, 185, 188, 196, 198, 217, 237, 267, 270, 278, 319, 321, 324, 325, 330, 334, 335, 354, 366, 369, 380, 383, 384, 386, 395, 407, 411, 423, 428, 436, 437, 452, 453, 456, 467, 471, 477, 478, 479, 497, 508, 511, 559, 571, 575, 590, 594, 600, 607, 608, 610, 611, 612, 619, 627, 640, 643, 650, 654, 656, 659, 667, 669, 685, 701, 726, 729, 737, 777, 779, 782, 783, 787, 790, 791, 809, 817, 819, 830, 833, 834, 836, 845, 856, 857, 860, 862, 875, 880, 887, 888, 899, 900, 914, 918, 921, 928, 929, 930]","[12, 24, 25, 28, 88, 100, 104, 119, 123, 129, 136, 137, 139, 140, 141, 148, 155, 169, 172, 179, 183, 185, 188, 196, 198, 217, 237, 267, 270, 278, 319, 321, 324, 325, 330, 334, 335, 354, 366, 369, 380, 383, 384, 386, 395, 407, 411, 423, 428, 436, 437, 452, 453, 456, 467, 471, 477, 478, 479, 497, 508, 511, 559, 571, 575, 590, 594, 600, 607, 608, 610, 611, 612, 619, 627, 640, 643, 650, 654, 656, 659, 667, 669, 685, 701, 726, 729, 737, 777, 779, 782, 783, 787, 790, 791, 809, 817, 819, 830, 833, 834, 836, 845, 856, 857, 860, 862, 875, 880, 887, 888, 899, 900, 914, 918, 921, 928, 929, 930]",0/6 successful match,False,,False,620,False,,1.0,True,Northgate Chevron,Chevron
"Carlsbad , 88220 Northgate Chevron",6 505-885-0167 1311 US 285 N,<U+2610> <U+2610> 00,Carlsbad,88220,Northgate Chevron,505-885-0167,2008,Carlsbad,NM,Chevron,,1311 US 285 N,Proper,,False,,False,US 285,,,,,[],[],[],[],[],[],"[12, 24, 25, 28, 88, 100, 104, 119, 123, 129, 136, 137, 139, 140, 141, 148, 155, 169, 172, 179, 183, 185, 188, 196, 198, 217, 237, 267, 270, 278, 319, 321, 324, 325, 330, 334, 335, 354, 366, 369, 380, 383, 384, 386, 395, 407, 411, 423, 428, 436, 437, 452, 453, 456, 467, 471, 477, 478, 479, 497, 508, 511, 559, 571, 575, 590, 594, 600, 607, 608, 610, 611, 612, 619, 627, 640, 643, 650, 654, 656, 659, 667, 669, 685, 701, 726, 729, 737, 777, 779, 782, 783, 787, 790, 791, 809, 817, 819, 830, 833, 834, 836, 845, 856, 857, 860, 862, 875, 880, 887, 888, 899, 900, 914, 918, 921, 928, 929, 930]","[12, 24, 25, 28, 88, 100, 104, 119, 123, 129, 136, 137, 139, 140, 141, 148, 155, 169, 172, 179, 183, 185, 188, 196, 198, 217, 237, 267, 270, 278, 319, 321, 324, 325, 330, 334, 335, 354, 366, 369, 380, 383, 384, 386, 395, 407, 411, 423, 428, 436, 437, 452, 453, 456, 467, 471, 477, 478, 479, 497, 508, 511, 559, 571, 575, 590, 594, 600, 607, 608, 610, 611, 612, 619, 627, 640, 643, 650, 654, 656, 659, 667, 669, 685, 701, 726, 729, 737, 777, 779, 782, 783, 787, 790, 791, 809, 817, 819, 830, 833, 834, 836, 845, 856, 857, 860, 862, 875, 880, 887, 888, 899, 900, 914, 918, 921, 928, 929, 930]","[12, 24, 25, 28, 559, 571, 575, 590, 594, 88, 600, 607, 608, 610, 611, 100, 612, 104, 619, 627, 119, 123, 640, 129, 643, 136, 137, 650, 139, 140, 141, 654, 656, 659, 148, 155, 667, 669, 169, 172, 685, 179, 183, 185, 188, 701, 196, 198, 726, 217, 729, 737, 237, 777, 267, 779, 270, 782, 783, 787, 278, 790, 791, 809, 817, 819, 830, 319, 321, 833, 834, 324, 325, 836, 330, 845, 334, 335, 856, 857, 860, 862, 354, 875, 366, 880, 369, 887, 888, 380, 383, 384, 386, 899, 900, 395, 914, 918, 407, 921, 411, 928, 929, 930, 423, 428, 436, 437, 452, 453, 456, 467, 471, 477, 478, 479, 497, 508, 511]",False,[],[],[],[],[],"[12, 24, 25, 28, 88, 100, 104, 119, 123, 129, 136, 137, 139, 140, 141, 148, 155, 169, 172, 179, 183, 185, 188, 196, 198, 217, 237, 267, 270, 278, 319, 321, 324, 325, 330, 334, 335, 354, 366, 369, 380, 383, 384, 386, 395, 407, 411, 423, 428, 436, 437, 452, 453, 456, 467, 471, 477, 478, 479, 497, 508, 511, 559, 571, 575, 590, 594, 600, 607, 608, 610, 611, 612, 619, 627, 640, 643, 650, 654, 656, 659, 667, 669, 685, 701, 726, 729, 737, 777, 779, 782, 783, 787, 790, 791, 809, 817, 819, 830, 833, 834, 836, 845, 856, 857, 860, 862, 875, 880, 887, 888, 899, 900, 914, 918, 921, 928, 929, 930]","[12, 24, 25, 28, 88, 100, 104, 119, 123, 129, 136, 137, 139, 140, 141, 148, 155, 169, 172, 179, 183, 185, 188, 196, 198, 217, 237, 267, 270, 278, 319, 321, 324, 325, 330, 334, 335, 354, 366, 369, 380, 383, 384, 386, 395, 407, 411, 423, 428, 436, 437, 452, 453, 456, 467, 471, 477, 478, 479, 497, 508, 511, 559, 571, 575, 590, 594, 600, 607, 608, 610, 611, 612, 619, 627, 640, 643, 650, 654, 656, 659, 667, 669, 685, 701, 726, 729, 737, 777, 779, 782, 783, 787, 790, 791, 809, 817, 819, 830, 833, 834, 836, 845, 856, 857, 860, 862, 875, 880, 887, 888, 899, 900, 914, 918, 921, 928, 929, 930]",0/6 successful match,False,,False,620,False,,1.0,True,Northgate Chevron,Chevron
"Carlsbad , 88220 Queen Truck Stop ( Conoco )",6 505-885-6130 3202 US 285 S,MO 0000,Carlsbad,88220,Queen Truck Stop ( Conoco ),505-885-6130,2006,Carlsbad,NM,Conoco,,3202 US 285 S,Proper,,False,,False,US 285,,,,,[],[],[],[],[],[],"[3, 27, 349, 406, 451, 489, 510, 804, 855, 898]","[3, 27, 349, 406, 451, 489, 510, 804, 855, 898]","[898, 3, 451, 804, 489, 406, 855, 27, 349, 510]",False,[],[],[],[],[],"[3, 27, 349, 406, 451, 489, 510, 804, 855, 898]","[3, 27, 349, 406, 451, 489, 510, 804, 855, 898]",0/6 successful match,False,,False,621,False,,,,,
"Carlsbad , 88220 Eddins Walcher # 611",505-885-6130 3202 US 285 S,MO,Carlsbad,88220,Eddins Walcher # 611,505-885-6130,2007,Carlsbad,NM,,,3202 US 285 S,Proper,,False,,False,US 285,,,,,[],[],[],[],[],[],[],"[22, 285, 506, 744]","[744, 506, 285, 22]",False,[],[],[],[],[],"[22, 285, 506, 744]",[],0/6 successful match,False,,False,621,True,2007,0.1276595744680851,True,Queen Truck Stop ( Conoco ),Conoco
"Carlsbad , 88220 United Fuel Truck Stop",505-885-6130 3202 US 285 S ( S of S jct US 62 ),M 0,Carlsbad,88220,United Fuel Truck Stop,505-885-6130,2008,Carlsbad,NM,,( S of S jct US 62 ),3202 US 285 S,Proper,,False,,False,US 285,,,,,[],[],[],[],[],[],[],[],[],False,[],[],[],[],[],[],[],0/6 successful match,False,,False,621,True,2008,0.14285714285714285,True,Eddins Walcher # 611,
"H Carlsbad , 88220 Windmill Chevron",505-885-9761 US 62-180-285 ( 1 mi S of jct ),,Carlsbad,88220,Windmill Chevron,505-885-9761,2006,Carlsbad,NM,Chevron,( 1 mi S of jct ),US 62-180-285,empty,,False,,False,US 62-180,,,,,[],[],[],[],[],[],"[12, 24, 25, 28, 88, 100, 104, 119, 123, 129, 136, 137, 139, 140, 141, 148, 155, 169, 172, 179, 183, 185, 188, 196, 198, 217, 237, 267, 270, 278, 319, 321, 324, 325, 330, 334, 335, 354, 366, 369, 380, 383, 384, 386, 395, 407, 411, 423, 428, 436, 437, 452, 453, 456, 467, 471, 477, 478, 479, 497, 508, 511, 559, 571, 575, 590, 594, 600, 607, 608, 610, 611, 612, 619, 627, 640, 643, 650, 654, 656, 659, 667, 669, 685, 701, 726, 729, 737, 777, 779, 782, 783, 787, 790, 791, 809, 817, 819, 830, 833, 834, 836, 845, 856, 857, 860, 862, 875, 880, 887, 888, 899, 900, 914, 918, 921, 928, 929, 930]","[12, 24, 25, 28, 88, 100, 104, 119, 123, 129, 136, 137, 139, 140, 141, 148, 155, 169, 172, 179, 183, 185, 188, 196, 198, 217, 237, 267, 270, 278, 319, 321, 324, 325, 330, 334, 335, 354, 366, 369, 380, 383, 384, 386, 395, 407, 411, 423, 428, 436, 437, 452, 453, 456, 467, 471, 477, 478, 479, 497, 508, 511, 559, 571, 575, 590, 594, 600, 607, 608, 610, 611, 612, 619, 627, 640, 643, 650, 654, 656, 659, 667, 669, 685, 701, 726, 729, 737, 777, 779, 782, 783, 787, 790, 791, 809, 817, 819, 830, 833, 834, 836, 845, 856, 857, 860, 862, 875, 880, 887, 888, 899, 900, 914, 918, 921, 928, 929, 930]","[12, 24, 25, 28, 559, 571, 575, 590, 594, 88, 600, 607, 608, 610, 611, 100, 612, 104, 619, 627, 119, 123, 640, 129, 643, 136, 137, 650, 139, 140, 141, 654, 656, 659, 148, 155, 667, 669, 169, 172, 685, 179, 183, 185, 188, 701, 196, 198, 726, 217, 729, 737, 237, 777, 267, 779, 270, 782, 783, 787, 278, 790, 791, 809, 817, 819, 830, 319, 321, 833, 834, 324, 325, 836, 330, 845, 334, 335, 856, 857, 860, 862, 354, 875, 366, 880, 369, 887, 888, 380, 383, 384, 386, 899, 900, 395, 914, 918, 407, 921, 411, 928, 929, 930, 423, 428, 436, 437, 452, 453, 456, 467, 471, 477, 478, 479, 497, 508, 511]",False,[],[],[],[],[],"[12, 24, 25, 28, 88, 100, 104, 119, 123, 129, 136, 137, 139, 140, 141, 148, 155, 169, 172, 179, 183, 185, 188, 196, 198, 217, 237, 267, 270, 278, 319, 321, 324, 325, 330, 334, 335, 354, 366, 369, 380, 383, 384, 386, 395, 407, 411, 423, 428, 436, 437, 452, 453, 456, 467, 471, 477, 478, 479, 497, 508, 511, 559, 571, 575, 590, 594, 600, 607, 608, 610, 611, 612, 619, 627, 640, 643, 650, 654, 656, 659, 667, 669, 685, 701, 726, 729, 737, 777, 779, 782, 783, 787, 790, 791, 809, 817, 819, 830, 833, 834, 836, 845, 856, 857, 860, 862, 875, 880, 887, 888, 899, 900, 914, 918, 921, 928, 929, 930]","[12, 24, 25, 28, 88, 100, 104, 119, 123, 129, 136, 137, 139, 140, 141, 148, 155, 169, 172, 179, 183, 185, 188, 196, 198, 217, 237, 267, 270, 278, 319, 321, 324, 325, 330, 334, 335, 354, 366, 369, 380, 383, 384, 386, 395, 407, 411, 423, 428, 436, 437, 452, 453, 456, 467, 471, 477, 478, 479, 497, 508, 511, 559, 571, 575, 590, 594, 600, 607, 608, 610, 611, 612, 619, 627, 640, 643, 650, 654, 656, 659, 667, 669, 685, 701, 726, 729, 737, 777, 779, 782, 783, 787, 790, 791, 809, 817, 819, 830, 833, 834, 836, 845, 856, 857, 860, 862, 875, 880, 887, 888, 899, 900, 914, 918, 921, 928, 929, 930]",0/6 successful match,False,,False,622,False,,,,,
"Carlsbad , 88220 Windmill Chevron",505-885-9761 US 62-180-285 ( 1 mi S of jct ),O <U+25A1>,Carlsbad,88220,Windmill Chevron,505-885-9761,2007,Carlsbad,NM,Chevron,( 1 mi S of jct ),US 62-180-285,empty,,False,,False,US 62-180,,,,,[],[],[],[],[],[],"[12, 24, 25, 28, 88, 100, 104, 119, 123, 129, 136, 137, 139, 140, 141, 148, 155, 169, 172, 179, 183, 185, 188, 196, 198, 217, 237, 267, 270, 278, 319, 321, 324, 325, 330, 334, 335, 354, 366, 369, 380, 383, 384, 386, 395, 407, 411, 423, 428, 436, 437, 452, 453, 456, 467, 471, 477, 478, 479, 497, 508, 511, 559, 571, 575, 590, 594, 600, 607, 608, 610, 611, 612, 619, 627, 640, 643, 650, 654, 656, 659, 667, 669, 685, 701, 726, 729, 737, 777, 779, 782, 783, 787, 790, 791, 809, 817, 819, 830, 833, 834, 836, 845, 856, 857, 860, 862, 875, 880, 887, 888, 899, 900, 914, 918, 921, 928, 929, 930]","[12, 24, 25, 28, 88, 100, 104, 119, 123, 129, 136, 137, 139, 140, 141, 148, 155, 169, 172, 179, 183, 185, 188, 196, 198, 217, 237, 267, 270, 278, 319, 321, 324, 325, 330, 334, 335, 354, 366, 369, 380, 383, 384, 386, 395, 407, 411, 423, 428, 436, 437, 452, 453, 456, 467, 471, 477, 478, 479, 497, 508, 511, 559, 571, 575, 590, 594, 600, 607, 608, 610, 611, 612, 619, 627, 640, 643, 650, 654, 656, 659, 667, 669, 685, 701, 726, 729, 737, 777, 779, 782, 783, 787, 790, 791, 809, 817, 819, 830, 833, 834, 836, 845, 856, 857, 860, 862, 875, 880, 887, 888, 899, 900, 914, 918, 921, 928, 929, 930]","[12, 24, 25, 28, 559, 571, 575, 590, 594, 88, 600, 607, 608, 610, 611, 100, 612, 104, 619, 627, 119, 123, 640, 129, 643, 136, 137, 650, 139, 140, 141, 654, 656, 659, 148, 155, 667, 669, 169, 172, 685, 179, 183, 185, 188, 701, 196, 198, 726, 217, 729, 737, 237, 777, 267, 779, 270, 782, 783, 787, 278, 790, 791, 809, 817, 819, 830, 319, 321, 833, 834, 324, 325, 836, 330, 845, 334, 335, 856, 857, 860, 862, 354, 875, 366, 880, 369, 887, 888, 380, 383, 384, 386, 899, 900, 395, 914, 918, 407, 921, 411, 928, 929, 930, 423, 428, 436, 437, 452, 453, 456, 467, 471, 477, 478, 479, 497, 508, 511]",False,[],[],[],[],[],"[12, 24, 25, 28, 88, 100, 104, 119, 123, 129, 136, 137, 139, 140, 141, 148, 155, 169, 172, 179, 183, 185, 188, 196, 198, 217, 237, 267, 270, 278, 319, 321, 324, 325, 330, 334, 335, 354, 366, 369, 380, 383, 384, 386, 395, 407, 411, 423, 428, 436, 437, 452, 453, 456, 467, 471, 477, 478, 479, 497, 508, 511, 559, 571, 575, 590, 594, 600, 607, 608, 610, 611, 612, 619, 627, 640, 643, 650, 654, 656, 659, 667, 669, 685, 701, 726, 729, 737, 777, 779, 782, 783, 787, 790, 791, 809, 817, 819, 830, 833, 834, 836, 845, 856, 857, 860, 862, 875, 880, 887, 888, 899, 900, 914, 918, 921, 928, 929, 930]","[12, 24, 25, 28, 88, 100, 104, 119, 123, 129, 136, 137, 139, 140, 141, 148, 155, 169, 172, 179, 183, 185, 188, 196, 198, 217, 237, 267, 270, 278, 319, 321, 324, 325, 330, 334, 335, 354, 366, 369, 380, 383, 384, 386, 395, 407, 411, 423, 428, 436, 437, 452, 453, 456, 467, 471, 477, 478, 479, 497, 508, 511, 559, 571, 575, 590, 594, 600, 607, 608, 610, 611, 612, 619, 627, 640, 643, 650, 654, 656, 659, 667, 669, 685, 701, 726, 729, 737, 777, 779, 782, 783, 787, 790, 791, 809, 817, 819, 830, 833, 834, 836, 845, 856, 857, 860, 862, 875, 880, 887, 888, 899, 900, 914, 918, 921, 928, 929, 930]",0/6 successful match,False,,False,622,False,,1.0,True,Windmill Chevron,Chevron
"Carlsbad , 88220 Windmill Chevron",505-885-9761 US 62-180-285 ( 1 mi S of jct ),<U+2610>,Carlsbad,88220,Windmill Chevron,505-885-9761,2008,Carlsbad,NM,Chevron,( 1 mi S of jct ),US 62-180-285,empty,,False,,False,US 62-180,,,,,[],[],[],[],[],[],"[12, 24, 25, 28, 88, 100, 104, 119, 123, 129, 136, 137, 139, 140, 141, 148, 155, 169, 172, 179, 183, 185, 188, 196, 198, 217, 237, 267, 270, 278, 319, 321, 324, 325, 330, 334, 335, 354, 366, 369, 380, 383, 384, 386, 395, 407, 411, 423, 428, 436, 437, 452, 453, 456, 467, 471, 477, 478, 479, 497, 508, 511, 559, 571, 575, 590, 594, 600, 607, 608, 610, 611, 612, 619, 627, 640, 643, 650, 654, 656, 659, 667, 669, 685, 701, 726, 729, 737, 777, 779, 782, 783, 787, 790, 791, 809, 817, 819, 830, 833, 834, 836, 845, 856, 857, 860, 862, 875, 880, 887, 888, 899, 900, 914, 918, 921, 928, 929, 930]","[12, 24, 25, 28, 88, 100, 104, 119, 123, 129, 136, 137, 139, 140, 141, 148, 155, 169, 172, 179, 183, 185, 188, 196, 198, 217, 237, 267, 270, 278, 319, 321, 324, 325, 330, 334, 335, 354, 366, 369, 380, 383, 384, 386, 395, 407, 411, 423, 428, 436, 437, 452, 453, 456, 467, 471, 477, 478, 479, 497, 508, 511, 559, 571, 575, 590, 594, 600, 607, 608, 610, 611, 612, 619, 627, 640, 643, 650, 654, 656, 659, 667, 669, 685, 701, 726, 729, 737, 777, 779, 782, 783, 787, 790, 791, 809, 817, 819, 830, 833, 834, 836, 845, 856, 857, 860, 862, 875, 880, 887, 888, 899, 900, 914, 918, 921, 928, 929, 930]","[12, 24, 25, 28, 559, 571, 575, 590, 594, 88, 600, 607, 608, 610, 611, 100, 612, 104, 619, 627, 119, 123, 640, 129, 643, 136, 137, 650, 139, 140, 141, 654, 656, 659, 148, 155, 667, 669, 169, 172, 685, 179, 183, 185, 188, 701, 196, 198, 726, 217, 729, 737, 237, 777, 267, 779, 270, 782, 783, 787, 278, 790, 791, 809, 817, 819, 830, 319, 321, 833, 834, 324, 325, 836, 330, 845, 334, 335, 856, 857, 860, 862, 354, 875, 366, 880, 369, 887, 888, 380, 383, 384, 386, 899, 900, 395, 914, 918, 407, 921, 411, 928, 929, 930, 423, 428, 436, 437, 452, 453, 456, 467, 471, 477, 478, 479, 497, 508, 511]",False,[],[],[],[],[],"[12, 24, 25, 28, 88, 100, 104, 119, 123, 129, 136, 137, 139, 140, 141, 148, 155, 169, 172, 179, 183, 185, 188, 196, 198, 217, 237, 267, 270, 278, 319, 321, 324, 325, 330, 334, 335, 354, 366, 369, 380, 383, 384, 386, 395, 407, 411, 423, 428, 436, 437, 452, 453, 456, 467, 471, 477, 478, 479, 497, 508, 511, 559, 571, 575, 590, 594, 600, 607, 608, 610, 611, 612, 619, 627, 640, 643, 650, 654, 656, 659, 667, 669, 685, 701, 726, 729, 737, 777, 779, 782, 783, 787, 790, 791, 809, 817, 819, 830, 833, 834, 836, 845, 856, 857, 860, 862, 875, 880, 887, 888, 899, 900, 914, 918, 921, 928, 929, 930]","[12, 24, 25, 28, 88, 100, 104, 119, 123, 129, 136, 137, 139, 140, 141, 148, 155, 169, 172, 179, 183, 185, 188, 196, 198, 217, 237, 267, 270, 278, 319, 321, 324, 325, 330, 334, 335, 354, 366, 369, 380, 383, 384, 386, 395, 407, 411, 423, 428, 436, 437, 452, 453, 456, 467, 471, 477, 478, 479, 497, 508, 511, 559, 571, 575, 590, 594, 600, 607, 608, 610, 611, 612, 619, 627, 640, 643, 650, 654, 656, 659, 667, 669, 685, 701, 726, 729, 737, 777, 779, 782, 783, 787, 790, 791, 809, 817, 819, 830, 833, 834, 836, 845, 856, 857, 860, 862, 875, 880, 887, 888, 899, 900, 914, 918, 921, 928, 929, 930]",0/6 successful match,False,,False,622,False,,1.0,True,Windmill Chevron,Chevron
"Carlsbad , 88220 Fiesta Chevron",6 505-887-0496 US 285,,Carlsbad,88220,Fiesta Chevron,505-887-0496,2006,Carlsbad,NM,Chevron,,US 285,empty,,False,,False,US 285,,,,,[],[],[],[],[],[],"[12, 24, 25, 28, 88, 100, 104, 119, 123, 129, 136, 137, 139, 140, 141, 148, 155, 169, 172, 179, 183, 185, 188, 196, 198, 217, 237, 267, 270, 278, 319, 321, 324, 325, 330, 334, 335, 354, 366, 369, 380, 383, 384, 386, 395, 407, 411, 423, 428, 436, 437, 452, 453, 456, 467, 471, 477, 478, 479, 497, 508, 511, 559, 571, 575, 590, 594, 600, 607, 608, 610, 611, 612, 619, 627, 640, 643, 650, 654, 656, 659, 667, 669, 685, 701, 726, 729, 737, 777, 779, 782, 783, 787, 790, 791, 809, 817, 819, 830, 833, 834, 836, 845, 856, 857, 860, 862, 875, 880, 887, 888, 899, 900, 914, 918, 921, 928, 929, 930]","[12, 24, 25, 28, 88, 100, 104, 119, 123, 129, 136, 137, 139, 140, 141, 148, 155, 169, 172, 179, 183, 185, 188, 196, 198, 217, 237, 267, 270, 278, 319, 321, 324, 325, 330, 334, 335, 354, 366, 369, 380, 383, 384, 386, 395, 407, 411, 423, 428, 436, 437, 452, 453, 456, 467, 471, 477, 478, 479, 497, 508, 511, 559, 571, 575, 590, 594, 600, 607, 608, 610, 611, 612, 619, 627, 640, 643, 650, 654, 656, 659, 667, 669, 685, 701, 726, 729, 737, 777, 779, 782, 783, 787, 790, 791, 809, 817, 819, 830, 833, 834, 836, 845, 856, 857, 860, 862, 875, 880, 887, 888, 899, 900, 914, 918, 921, 928, 929, 930]","[12, 24, 25, 28, 559, 571, 575, 590, 594, 88, 600, 607, 608, 610, 611, 100, 612, 104, 619, 627, 119, 123, 640, 129, 643, 136, 137, 650, 139, 140, 141, 654, 656, 659, 148, 155, 667, 669, 169, 172, 685, 179, 183, 185, 188, 701, 196, 198, 726, 217, 729, 737, 237, 777, 267, 779, 270, 782, 783, 787, 278, 790, 791, 809, 817, 819, 830, 319, 321, 833, 834, 324, 325, 836, 330, 845, 334, 335, 856, 857, 860, 862, 354, 875, 366, 880, 369, 887, 888, 380, 383, 384, 386, 899, 900, 395, 914, 918, 407, 921, 411, 928, 929, 930, 423, 428, 436, 437, 452, 453, 456, 467, 471, 477, 478, 479, 497, 508, 511]",False,[],[],[],[],[],"[12, 24, 25, 28, 88, 100, 104, 119, 123, 129, 136, 137, 139, 140, 141, 148, 155, 169, 172, 179, 183, 185, 188, 196, 198, 217, 237, 267, 270, 278, 319, 321, 324, 325, 330, 334, 335, 354, 366, 369, 380, 383, 384, 386, 395, 407, 411, 423, 428, 436, 437, 452, 453, 456, 467, 471, 477, 478, 479, 497, 508, 511, 559, 571, 575, 590, 594, 600, 607, 608, 610, 611, 612, 619, 627, 640, 643, 650, 654, 656, 659, 667, 669, 685, 701, 726, 729, 737, 777, 779, 782, 783, 787, 790, 791, 809, 817, 819, 830, 833, 834, 836, 845, 856, 857, 860, 862, 875, 880, 887, 888, 899, 900, 914, 918, 921, 928, 929, 930]","[12, 24, 25, 28, 88, 100, 104, 119, 123, 129, 136, 137, 139, 140, 141, 148, 155, 169, 172, 179, 183, 185, 188, 196, 198, 217, 237, 267, 270, 278, 319, 321, 324, 325, 330, 334, 335, 354, 366, 369, 380, 383, 384, 386, 395, 407, 411, 423, 428, 436, 437, 452, 453, 456, 467, 471, 477, 478, 479, 497, 508, 511, 559, 571, 575, 590, 594, 600, 607, 608, 610, 611, 612, 619, 627, 640, 643, 650, 654, 656, 659, 667, 669, 685, 701, 726, 729, 737, 777, 779, 782, 783, 787, 790, 791, 809, 817, 819, 830, 833, 834, 836, 845, 856, 857, 860, 862, 875, 880, 887, 888, 899, 900, 914, 918, 921, 928, 929, 930]",0/6 successful match,False,,False,623,False,,,,,
"Carlsbad , 88220 Fiesta Chevron",505-887-0496 1725 US 62-180-285 S,<U+2610> <U+25A1>,Carlsbad,88220,Fiesta Chevron,505-887-0496,2007,Carlsbad,NM,Chevron,,1725 US 62-180-285 S,Proper,,False,,False,US 62-180,,,,,[],[],[],[],[],[],"[12, 24, 25, 28, 88, 100, 104, 119, 123, 129, 136, 137, 139, 140, 141, 148, 155, 169, 172, 179, 183, 185, 188, 196, 198, 217, 237, 267, 270, 278, 319, 321, 324, 325, 330, 334, 335, 354, 366, 369, 380, 383, 384, 386, 395, 407, 411, 423, 428, 436, 437, 452, 453, 456, 467, 471, 477, 478, 479, 497, 508, 511, 559, 571, 575, 590, 594, 600, 607, 608, 610, 611, 612, 619, 627, 640, 643, 650, 654, 656, 659, 667, 669, 685, 701, 726, 729, 737, 777, 779, 782, 783, 787, 790, 791, 809, 817, 819, 830, 833, 834, 836, 845, 856, 857, 860, 862, 875, 880, 887, 888, 899, 900, 914, 918, 921, 928, 929, 930]","[12, 24, 25, 28, 88, 100, 104, 119, 123, 129, 136, 137, 139, 140, 141, 148, 155, 169, 172, 179, 183, 185, 188, 196, 198, 217, 237, 267, 270, 278, 319, 321, 324, 325, 330, 334, 335, 354, 366, 369, 380, 383, 384, 386, 395, 407, 411, 423, 428, 436, 437, 452, 453, 456, 467, 471, 477, 478, 479, 497, 508, 511, 559, 571, 575, 590, 594, 600, 607, 608, 610, 611, 612, 619, 627, 640, 643, 650, 654, 656, 659, 667, 669, 685, 701, 726, 729, 737, 777, 779, 782, 783, 787, 790, 791, 809, 817, 819, 830, 833, 834, 836, 845, 856, 857, 860, 862, 875, 880, 887, 888, 899, 900, 914, 918, 921, 928, 929, 930]","[12, 24, 25, 28, 559, 571, 575, 590, 594, 88, 600, 607, 608, 610, 611, 100, 612, 104, 619, 627, 119, 123, 640, 129, 643, 136, 137, 650, 139, 140, 141, 654, 656, 659, 148, 155, 667, 669, 169, 172, 685, 179, 183, 185, 188, 701, 196, 198, 726, 217, 729, 737, 237, 777, 267, 779, 270, 782, 783, 787, 278, 790, 791, 809, 817, 819, 830, 319, 321, 833, 834, 324, 325, 836, 330, 845, 334, 335, 856, 857, 860, 862, 354, 875, 366, 880, 369, 887, 888, 380, 383, 384, 386, 899, 900, 395, 914, 918, 407, 921, 411, 928, 929, 930, 423, 428, 436, 437, 452, 453, 456, 467, 471, 477, 478, 479, 497, 508, 511]",False,[],[],[],[],[],"[12, 24, 25, 28, 88, 100, 104, 119, 123, 129, 136, 137, 139, 140, 141, 148, 155, 169, 172, 179, 183, 185, 188, 196, 198, 217, 237, 267, 270, 278, 319, 321, 324, 325, 330, 334, 335, 354, 366, 369, 380, 383, 384, 386, 395, 407, 411, 423, 428, 436, 437, 452, 453, 456, 467, 471, 477, 478, 479, 497, 508, 511, 559, 571, 575, 590, 594, 600, 607, 608, 610, 611, 612, 619, 627, 640, 643, 650, 654, 656, 659, 667, 669, 685, 701, 726, 729, 737, 777, 779, 782, 783, 787, 790, 791, 809, 817, 819, 830, 833, 834, 836, 845, 856, 857, 860, 862, 875, 880, 887, 888, 899, 900, 914, 918, 921, 928, 929, 930]","[12, 24, 25, 28, 88, 100, 104, 119, 123, 129, 136, 137, 139, 140, 141, 148, 155, 169, 172, 179, 183, 185, 188, 196, 198, 217, 237, 267, 270, 278, 319, 321, 324, 325, 330, 334, 335, 354, 366, 369, 380, 383, 384, 386, 395, 407, 411, 423, 428, 436, 437, 452, 453, 456, 467, 471, 477, 478, 479, 497, 508, 511, 559, 571, 575, 590, 594, 600, 607, 608, 610, 611, 612, 619, 627, 640, 643, 650, 654, 656, 659, 667, 669, 685, 701, 726, 729, 737, 777, 779, 782, 783, 787, 790, 791, 809, 817, 819, 830, 833, 834, 836, 845, 856, 857, 860, 862, 875, 880, 887, 888, 899, 900, 914, 918, 921, 928, 929, 930]",0/6 successful match,False,,False,623,False,,1.0,True,Fiesta Chevron,Chevron
"Carlsbad , 88220 Fiesta Chevron",6 505-887-0496 1725 US 62-180-285 S,<U+2610>,Carlsbad,88220,Fiesta Chevron,505-887-0496,2008,Carlsbad,NM,Chevron,,1725 US 62-180-285 S,Proper,,False,,False,US 62-180,,,,,[],[],[],[],[],[],"[12, 24, 25, 28, 88, 100, 104, 119, 123, 129, 136, 137, 139, 140, 141, 148, 155, 169, 172, 179, 183, 185, 188, 196, 198, 217, 237, 267, 270, 278, 319, 321, 324, 325, 330, 334, 335, 354, 366, 369, 380, 383, 384, 386, 395, 407, 411, 423, 428, 436, 437, 452, 453, 456, 467, 471, 477, 478, 479, 497, 508, 511, 559, 571, 575, 590, 594, 600, 607, 608, 610, 611, 612, 619, 627, 640, 643, 650, 654, 656, 659, 667, 669, 685, 701, 726, 729, 737, 777, 779, 782, 783, 787, 790, 791, 809, 817, 819, 830, 833, 834, 836, 845, 856, 857, 860, 862, 875, 880, 887, 888, 899, 900, 914, 918, 921, 928, 929, 930]","[12, 24, 25, 28, 88, 100, 104, 119, 123, 129, 136, 137, 139, 140, 141, 148, 155, 169, 172, 179, 183, 185, 188, 196, 198, 217, 237, 267, 270, 278, 319, 321, 324, 325, 330, 334, 335, 354, 366, 369, 380, 383, 384, 386, 395, 407, 411, 423, 428, 436, 437, 452, 453, 456, 467, 471, 477, 478, 479, 497, 508, 511, 559, 571, 575, 590, 594, 600, 607, 608, 610, 611, 612, 619, 627, 640, 643, 650, 654, 656, 659, 667, 669, 685, 701, 726, 729, 737, 777, 779, 782, 783, 787, 790, 791, 809, 817, 819, 830, 833, 834, 836, 845, 856, 857, 860, 862, 875, 880, 887, 888, 899, 900, 914, 918, 921, 928, 929, 930]","[12, 24, 25, 28, 559, 571, 575, 590, 594, 88, 600, 607, 608, 610, 611, 100, 612, 104, 619, 627, 119, 123, 640, 129, 643, 136, 137, 650, 139, 140, 141, 654, 656, 659, 148, 155, 667, 669, 169, 172, 685, 179, 183, 185, 188, 701, 196, 198, 726, 217, 729, 737, 237, 777, 267, 779, 270, 782, 783, 787, 278, 790, 791, 809, 817, 819, 830, 319, 321, 833, 834, 324, 325, 836, 330, 845, 334, 335, 856, 857, 860, 862, 354, 875, 366, 880, 369, 887, 888, 380, 383, 384, 386, 899, 900, 395, 914, 918, 407, 921, 411, 928, 929, 930, 423, 428, 436, 437, 452, 453, 456, 467, 471, 477, 478, 479, 497, 508, 511]",False,[],[],[],[],[],"[12, 24, 25, 28, 88, 100, 104, 119, 123, 129, 136, 137, 139, 140, 141, 148, 155, 169, 172, 179, 183, 185, 188, 196, 198, 217, 237, 267, 270, 278, 319, 321, 324, 325, 330, 334, 335, 354, 366, 369, 380, 383, 384, 386, 395, 407, 411, 423, 428, 436, 437, 452, 453, 456, 467, 471, 477, 478, 479, 497, 508, 511, 559, 571, 575, 590, 594, 600, 607, 608, 610, 611, 612, 619, 627, 640, 643, 650, 654, 656, 659, 667, 669, 685, 701, 726, 729, 737, 777, 779, 782, 783, 787, 790, 791, 809, 817, 819, 830, 833, 834, 836, 845, 856, 857, 860, 862, 875, 880, 887, 888, 899, 900, 914, 918, 921, 928, 929, 930]","[12, 24, 25, 28, 88, 100, 104, 119, 123, 129, 136, 137, 139, 140, 141, 148, 155, 169, 172, 179, 183, 185, 188, 196, 198, 217, 237, 267, 270, 278, 319, 321, 324, 325, 330, 334, 335, 354, 366, 369, 380, 383, 384, 386, 395, 407, 411, 423, 428, 436, 437, 452, 453, 456, 467, 471, 477, 478, 479, 497, 508, 511, 559, 571, 575, 590, 594, 600, 607, 608, 610, 611, 612, 619, 627, 640, 643, 650, 654, 656, 659, 667, 669, 685, 701, 726, 729, 737, 777, 779, 782, 783, 787, 790, 791, 809, 817, 819, 830, 833, 834, 836, 845, 856, 857, 860, 862, 875, 880, 887, 888, 899, 900, 914, 918, 921, 928, 929, 930]",0/6 successful match,False,,False,623,False,,1.0,True,Fiesta Chevron,Chevron
H Carlsbad ( 88220 ) Western Petroleum ( Pilot # 490 ),575-885-6130 3202 US 285 S ( S of jct US 62-180 ),) plot S,Carlsbad,88220,Western Petroleum ( Pilot # 490 ),575-885-6130,2014,Carlsbad,NM,Pilot,( S of jct US 62-180 ),3202 US 285 S,Proper,,False,,False,US 285,,,,,[],[],[],[],[],[],"[15, 16, 65, 66, 67, 68, 69, 70, 71, 72, 73, 74, 75, 76, 80, 151, 245, 246, 247, 248, 249, 250, 251, 252, 253, 254, 255, 256, 257, 258, 259, 280, 340, 373, 374, 375, 376, 377, 459, 460, 461, 462, 500, 501, 539, 540, 541, 542, 543, 544, 545, 546, 547, 548, 549, 550, 552, 622, 708, 709, 710, 711, 712, 713, 714, 715, 716, 717, 718, 719, 720, 739, 796, 823, 824, 825, 826, 827, 906, 907, 908, 909]","[15, 16, 65, 66, 67, 68, 69, 70, 71, 72, 73, 74, 75, 76, 77, 78, 80, 151, 176, 177, 244, 245, 246, 247, 248, 249, 250, 251, 252, 253, 254, 255, 256, 257, 258, 259, 260, 280, 325, 332, 340, 373, 374, 375, 376, 377, 459, 460, 461, 462, 467, 483, 484, 500, 501, 539, 540, 541, 542, 543, 544, 545, 546, 547, 548, 549, 550, 552, 622, 647, 648, 708, 709, 710, 711, 712, 713, 714, 715, 716, 717, 718, 719, 720, 739, 783, 789, 796, 823, 824, 825, 826, 827, 906, 907, 908, 909, 914, 927, 934, 935]","[15, 16, 539, 540, 541, 542, 543, 544, 545, 546, 547, 548, 549, 550, 552, 65, 66, 67, 68, 69, 70, 71, 72, 73, 74, 75, 76, 77, 78, 80, 622, 647, 648, 151, 176, 177, 708, 709, 710, 711, 712, 713, 714, 715, 716, 717, 718, 719, 720, 739, 244, 245, 246, 247, 248, 249, 250, 251, 252, 253, 254, 255, 256, 257, 258, 259, 260, 783, 789, 280, 796, 823, 824, 825, 826, 827, 325, 332, 340, 373, 374, 375, 376, 377, 906, 907, 908, 909, 914, 927, 934, 935, 459, 460, 461, 462, 467, 483, 484, 500, 501]",False,[],[],[],[],[],"[15, 16, 65, 66, 67, 68, 69, 70, 71, 72, 73, 74, 75, 76, 77, 78, 80, 151, 176, 177, 244, 245, 246, 247, 248, 249, 250, 251, 252, 253, 254, 255, 256, 257, 258, 259, 260, 280, 325, 332, 340, 373, 374, 375, 376, 377, 459, 460, 461, 462, 467, 483, 484, 500, 501, 539, 540, 541, 542, 543, 544, 545, 546, 547, 548, 549, 550, 552, 622, 647, 648, 708, 709, 710, 711, 712, 713, 714, 715, 716, 717, 718, 719, 720, 739, 783, 789, 796, 823, 824, 825, 826, 827, 906, 907, 908, 909, 914, 927, 934, 935]","[15, 16, 65, 66, 67, 68, 69, 70, 71, 72, 73, 74, 75, 76, 80, 151, 245, 246, 247, 248, 249, 250, 251, 252, 253, 254, 255, 256, 257, 258, 259, 280, 340, 373, 374, 375, 376, 377, 459, 460, 461, 462, 500, 501, 539, 540, 541, 542, 543, 544, 545, 546, 547, 548, 549, 550, 552, 622, 708, 709, 710, 711, 712, 713, 714, 715, 716, 717, 718, 719, 720, 739, 796, 823, 824, 825, 826, 827, 906, 907, 908, 909]",0/6 successful match,False,,False,623,True,2014,0.1276595744680851,False,Fiesta Chevron,Chevron
H Carlsbad ( 88220 ) Western Petroleum ( Pilot S # 490,575-885-6130 3202 US 285 S ( S ),Pilat 24 S 0,Carlsbad,88220,Western Petroleum ( Pilot S # 490,575-885-6130,2015,Carlsbad,NM,Pilot,( S ),3202 US 285 S,Proper,,False,,False,US 285,,,,,[],[],[],[],[],[],"[15, 16, 65, 66, 67, 68, 69, 70, 71, 72, 73, 74, 75, 76, 80, 151, 245, 246, 247, 248, 249, 250, 251, 252, 253, 254, 255, 256, 257, 258, 259, 280, 340, 373, 374, 375, 376, 377, 459, 460, 461, 462, 500, 501, 539, 540, 541, 542, 543, 544, 545, 546, 547, 548, 549, 550, 552, 622, 708, 709, 710, 711, 712, 713, 714, 715, 716, 717, 718, 719, 720, 739, 796, 823, 824, 825, 826, 827, 906, 907, 908, 909]","[15, 16, 65, 66, 67, 68, 69, 70, 71, 72, 73, 74, 75, 76, 77, 78, 80, 151, 176, 177, 244, 245, 246, 247, 248, 249, 250, 251, 252, 253, 254, 255, 256, 257, 258, 259, 260, 280, 325, 332, 340, 373, 374, 375, 376, 377, 459, 460, 461, 462, 467, 483, 484, 500, 501, 539, 540, 541, 542, 543, 544, 545, 546, 547, 548, 549, 550, 552, 622, 647, 648, 708, 709, 710, 711, 712, 713, 714, 715, 716, 717, 718, 719, 720, 739, 783, 789, 796, 823, 824, 825, 826, 827, 906, 907, 908, 909, 914, 927, 934, 935]","[15, 16, 539, 540, 541, 542, 543, 544, 545, 546, 547, 548, 549, 550, 552, 65, 66, 67, 68, 69, 70, 71, 72, 73, 74, 75, 76, 77, 78, 80, 622, 647, 648, 151, 176, 177, 708, 709, 710, 711, 712, 713, 714, 715, 716, 717, 718, 719, 720, 739, 244, 245, 246, 247, 248, 249, 250, 251, 252, 253, 254, 255, 256, 257, 258, 259, 260, 783, 789, 280, 796, 823, 824, 825, 826, 827, 325, 332, 340, 373, 374, 375, 376, 377, 906, 907, 908, 909, 914, 927, 934, 935, 459, 460, 461, 462, 467, 483, 484, 500, 501]",False,[],[],[],[],[],"[15, 16, 65, 66, 67, 68, 69, 70, 71, 72, 73, 74, 75, 76, 77, 78, 80, 151, 176, 177, 244, 245, 246, 247, 248, 249, 250, 251, 252, 253, 254, 255, 256, 257, 258, 259, 260, 280, 325, 332, 340, 373, 374, 375, 376, 377, 459, 460, 461, 462, 467, 483, 484, 500, 501, 539, 540, 541, 542, 543, 544, 545, 546, 547, 548, 549, 550, 552, 622, 647, 648, 708, 709, 710, 711, 712, 713, 714, 715, 716, 717, 718, 719, 720, 739, 783, 789, 796, 823, 824, 825, 826, 827, 906, 907, 908, 909, 914, 927, 934, 935]","[15, 16, 65, 66, 67, 68, 69, 70, 71, 72, 73, 74, 75, 76, 80, 151, 245, 246, 247, 248, 249, 250, 251, 252, 253, 254, 255, 256, 257, 258, 259, 280, 340, 373, 374, 375, 376, 377, 459, 460, 461, 462, 500, 501, 539, 540, 541, 542, 543, 544, 545, 546, 547, 548, 549, 550, 552, 622, 708, 709, 710, 711, 712, 713, 714, 715, 716, 717, 718, 719, 720, 739, 796, 823, 824, 825, 826, 827, 906, 907, 908, 909]",0/6 successful match,False,,False,623,False,,1.0,True,Western Petroleum ( Pilot # 490 ),Pilot
H Carlsbad ( 88220 ) Pilot Fuel Center # 490 ),575-885-6130 3202 US 285 S ( S of jct US ),pilot 24 S <U+25A1>,Carlsbad,88220,Pilot Fuel Center # 490 ),575-885-6130,2016,Carlsbad,NM,Pilot,( S of jct US ),3202 US 285 S,Proper,,False,,False,US 285,,,,,[],[],[],[],[],[],"[15, 16, 65, 66, 67, 68, 69, 70, 71, 72, 73, 74, 75, 76, 80, 151, 245, 246, 247, 248, 249, 250, 251, 252, 253, 254, 255, 256, 257, 258, 259, 280, 340, 373, 374, 375, 376, 377, 459, 460, 461, 462, 500, 501, 539, 540, 541, 542, 543, 544, 545, 546, 547, 548, 549, 550, 552, 622, 708, 709, 710, 711, 712, 713, 714, 715, 716, 717, 718, 719, 720, 739, 796, 823, 824, 825, 826, 827, 906, 907, 908, 909]","[15, 16, 65, 66, 67, 68, 69, 70, 71, 72, 73, 74, 75, 76, 77, 78, 80, 151, 244, 245, 246, 247, 248, 249, 250, 251, 252, 253, 254, 255, 256, 257, 258, 259, 260, 280, 340, 373, 374, 375, 376, 377, 459, 460, 461, 462, 500, 501, 539, 540, 541, 542, 543, 544, 545, 546, 547, 548, 549, 550, 552, 622, 708, 709, 710, 711, 712, 713, 714, 715, 716, 717, 718, 719, 720, 739, 796, 823, 824, 825, 826, 827, 906, 907, 908, 909]","[15, 16, 539, 540, 541, 542, 543, 544, 545, 546, 547, 548, 549, 550, 552, 65, 66, 67, 68, 69, 70, 71, 72, 73, 74, 75, 76, 77, 78, 80, 622, 151, 708, 709, 710, 711, 712, 713, 714, 715, 716, 717, 718, 719, 720, 739, 244, 245, 246, 247, 248, 249, 250, 251, 252, 253, 254, 255, 256, 257, 258, 259, 260, 280, 796, 823, 824, 825, 826, 827, 340, 373, 374, 375, 376, 377, 906, 907, 908, 909, 459, 460, 461, 462, 500, 501]",False,[],[],[],[],[],"[15, 16, 65, 66, 67, 68, 69, 70, 71, 72, 73, 74, 75, 76, 77, 78, 80, 151, 244, 245, 246, 247, 248, 249, 250, 251, 252, 253, 254, 255, 256, 257, 258, 259, 260, 280, 340, 373, 374, 375, 376, 377, 459, 460, 461, 462, 500, 501, 539, 540, 541, 542, 543, 544, 545, 546, 547, 548, 549, 550, 552, 622, 708, 709, 710, 711, 712, 713, 714, 715, 716, 717, 718, 719, 720, 739, 796, 823, 824, 825, 826, 827, 906, 907, 908, 909]","[15, 16, 65, 66, 67, 68, 69, 70, 71, 72, 73, 74, 75, 76, 80, 151, 245, 246, 247, 248, 249, 250, 251, 252, 253, 254, 255, 256, 257, 258, 259, 280, 340, 373, 374, 375, 376, 377, 459, 460, 461, 462, 500, 501, 539, 540, 541, 542, 543, 544, 545, 546, 547, 548, 549, 550, 552, 622, 708, 709, 710, 711, 712, 713, 714, 715, 716, 717, 718, 719, 720, 739, 796, 823, 824, 825, 826, 827, 906, 907, 908, 909]",0/6 successful match,False,,False,623,False,,0.7841379310344828,True,Western Petroleum ( Pilot S # 490,Pilot
H Carlsbad ( 88220 ) Windmill Chevron,575-885-9761 US 62-180-285 ( 1 mi S of jct ),<U+2610> <U+2610>,Carlsbad,88220,Windmill Chevron,575-885-9761,2014,Carlsbad,NM,Chevron,( 1 mi S of jct ),US 62-180-285,empty,,False,,False,US 62-180,,,,,[],[],[],[],[],[],"[12, 24, 25, 28, 88, 100, 104, 119, 123, 129, 136, 137, 139, 140, 141, 148, 155, 169, 172, 179, 183, 185, 188, 196, 198, 217, 237, 267, 270, 278, 319, 321, 324, 325, 330, 334, 335, 354, 366, 369, 380, 383, 384, 386, 395, 407, 411, 423, 428, 436, 437, 452, 453, 456, 467, 471, 477, 478, 479, 497, 508, 511, 559, 571, 575, 590, 594, 600, 607, 608, 610, 611, 612, 619, 627, 640, 643, 650, 654, 656, 659, 667, 669, 685, 701, 726, 729, 737, 777, 779, 782, 783, 787, 790, 791, 809, 817, 819, 830, 833, 834, 836, 845, 856, 857, 860, 862, 875, 880, 887, 888, 899, 900, 914, 918, 921, 928, 929, 930]","[12, 24, 25, 28, 88, 100, 104, 119, 123, 129, 136, 137, 139, 140, 141, 148, 155, 169, 172, 179, 183, 185, 188, 196, 198, 217, 237, 267, 270, 278, 319, 321, 324, 325, 330, 334, 335, 354, 366, 369, 380, 383, 384, 386, 395, 407, 411, 423, 428, 436, 437, 452, 453, 456, 467, 471, 477, 478, 479, 497, 508, 511, 559, 571, 575, 590, 594, 600, 607, 608, 610, 611, 612, 619, 627, 640, 643, 650, 654, 656, 659, 667, 669, 685, 701, 726, 729, 737, 777, 779, 782, 783, 787, 790, 791, 809, 817, 819, 830, 833, 834, 836, 845, 856, 857, 860, 862, 875, 880, 887, 888, 899, 900, 914, 918, 921, 928, 929, 930]","[12, 24, 25, 28, 559, 571, 575, 590, 594, 88, 600, 607, 608, 610, 611, 100, 612, 104, 619, 627, 119, 123, 640, 129, 643, 136, 137, 650, 139, 140, 141, 654, 656, 659, 148, 155, 667, 669, 169, 172, 685, 179, 183, 185, 188, 701, 196, 198, 726, 217, 729, 737, 237, 777, 267, 779, 270, 782, 783, 787, 278, 790, 791, 809, 817, 819, 830, 319, 321, 833, 834, 324, 325, 836, 330, 845, 334, 335, 856, 857, 860, 862, 354, 875, 366, 880, 369, 887, 888, 380, 383, 384, 386, 899, 900, 395, 914, 918, 407, 921, 411, 928, 929, 930, 423, 428, 436, 437, 452, 453, 456, 467, 471, 477, 478, 479, 497, 508, 511]",False,[],[],[],[],[],"[12, 24, 25, 28, 88, 100, 104, 119, 123, 129, 136, 137, 139, 140, 141, 148, 155, 169, 172, 179, 183, 185, 188, 196, 198, 217, 237, 267, 270, 278, 319, 321, 324, 325, 330, 334, 335, 354, 366, 369, 380, 383, 384, 386, 395, 407, 411, 423, 428, 436, 437, 452, 453, 456, 467, 471, 477, 478, 479, 497, 508, 511, 559, 571, 575, 590, 594, 600, 607, 608, 610, 611, 612, 619, 627, 640, 643, 650, 654, 656, 659, 667, 669, 685, 701, 726, 729, 737, 777, 779, 782, 783, 787, 790, 791, 809, 817, 819, 830, 833, 834, 836, 845, 856, 857, 860, 862, 875, 880, 887, 888, 899, 900, 914, 918, 921, 928, 929, 930]","[12, 24, 25, 28, 88, 100, 104, 119, 123, 129, 136, 137, 139, 140, 141, 148, 155, 169, 172, 179, 183, 185, 188, 196, 198, 217, 237, 267, 270, 278, 319, 321, 324, 325, 330, 334, 335, 354, 366, 369, 380, 383, 384, 386, 395, 407, 411, 423, 428, 436, 437, 452, 453, 456, 467, 471, 477, 478, 479, 497, 508, 511, 559, 571, 575, 590, 594, 600, 607, 608, 610, 611, 612, 619, 627, 640, 643, 650, 654, 656, 659, 667, 669, 685, 701, 726, 729, 737, 777, 779, 782, 783, 787, 790, 791, 809, 817, 819, 830, 833, 834, 836, 845, 856, 857, 860, 862, 875, 880, 887, 888, 899, 900, 914, 918, 921, 928, 929, 930]",0/6 successful match,False,,False,624,False,,,,,
H Carlsbad ( 88220 ) Windmill Chevron,575-885-9761 US 62-180-285 ( 1 mi S,<U+2610> <U+2610> <U+25A1>,Carlsbad,88220,Windmill Chevron,575-885-9761,2015,Carlsbad,NM,Chevron,( 1 mi S,US 62-180-285,empty,,False,,False,US 62-180,,,,,[],[],[],[],[],[],"[12, 24, 25, 28, 88, 100, 104, 119, 123, 129, 136, 137, 139, 140, 141, 148, 155, 169, 172, 179, 183, 185, 188, 196, 198, 217, 237, 267, 270, 278, 319, 321, 324, 325, 330, 334, 335, 354, 366, 369, 380, 383, 384, 386, 395, 407, 411, 423, 428, 436, 437, 452, 453, 456, 467, 471, 477, 478, 479, 497, 508, 511, 559, 571, 575, 590, 594, 600, 607, 608, 610, 611, 612, 619, 627, 640, 643, 650, 654, 656, 659, 667, 669, 685, 701, 726, 729, 737, 777, 779, 782, 783, 787, 790, 791, 809, 817, 819, 830, 833, 834, 836, 845, 856, 857, 860, 862, 875, 880, 887, 888, 899, 900, 914, 918, 921, 928, 929, 930]","[12, 24, 25, 28, 88, 100, 104, 119, 123, 129, 136, 137, 139, 140, 141, 148, 155, 169, 172, 179, 183, 185, 188, 196, 198, 217, 237, 267, 270, 278, 319, 321, 324, 325, 330, 334, 335, 354, 366, 369, 380, 383, 384, 386, 395, 407, 411, 423, 428, 436, 437, 452, 453, 456, 467, 471, 477, 478, 479, 497, 508, 511, 559, 571, 575, 590, 594, 600, 607, 608, 610, 611, 612, 619, 627, 640, 643, 650, 654, 656, 659, 667, 669, 685, 701, 726, 729, 737, 777, 779, 782, 783, 787, 790, 791, 809, 817, 819, 830, 833, 834, 836, 845, 856, 857, 860, 862, 875, 880, 887, 888, 899, 900, 914, 918, 921, 928, 929, 930]","[12, 24, 25, 28, 559, 571, 575, 590, 594, 88, 600, 607, 608, 610, 611, 100, 612, 104, 619, 627, 119, 123, 640, 129, 643, 136, 137, 650, 139, 140, 141, 654, 656, 659, 148, 155, 667, 669, 169, 172, 685, 179, 183, 185, 188, 701, 196, 198, 726, 217, 729, 737, 237, 777, 267, 779, 270, 782, 783, 787, 278, 790, 791, 809, 817, 819, 830, 319, 321, 833, 834, 324, 325, 836, 330, 845, 334, 335, 856, 857, 860, 862, 354, 875, 366, 880, 369, 887, 888, 380, 383, 384, 386, 899, 900, 395, 914, 918, 407, 921, 411, 928, 929, 930, 423, 428, 436, 437, 452, 453, 456, 467, 471, 477, 478, 479, 497, 508, 511]",False,[],[],[],[],[],"[12, 24, 25, 28, 88, 100, 104, 119, 123, 129, 136, 137, 139, 140, 141, 148, 155, 169, 172, 179, 183, 185, 188, 196, 198, 217, 237, 267, 270, 278, 319, 321, 324, 325, 330, 334, 335, 354, 366, 369, 380, 383, 384, 386, 395, 407, 411, 423, 428, 436, 437, 452, 453, 456, 467, 471, 477, 478, 479, 497, 508, 511, 559, 571, 575, 590, 594, 600, 607, 608, 610, 611, 612, 619, 627, 640, 643, 650, 654, 656, 659, 667, 669, 685, 701, 726, 729, 737, 777, 779, 782, 783, 787, 790, 791, 809, 817, 819, 830, 833, 834, 836, 845, 856, 857, 860, 862, 875, 880, 887, 888, 899, 900, 914, 918, 921, 928, 929, 930]","[12, 24, 25, 28, 88, 100, 104, 119, 123, 129, 136, 137, 139, 140, 141, 148, 155, 169, 172, 179, 183, 185, 188, 196, 198, 217, 237, 267, 270, 278, 319, 321, 324, 325, 330, 334, 335, 354, 366, 369, 380, 383, 384, 386, 395, 407, 411, 423, 428, 436, 437, 452, 453, 456, 467, 471, 477, 478, 479, 497, 508, 511, 559, 571, 575, 590, 594, 600, 607, 608, 610, 611, 612, 619, 627, 640, 643, 650, 654, 656, 659, 667, 669, 685, 701, 726, 729, 737, 777, 779, 782, 783, 787, 790, 791, 809, 817, 819, 830, 833, 834, 836, 845, 856, 857, 860, 862, 875, 880, 887, 888, 899, 900, 914, 918, 921, 928, 929, 930]",0/6 successful match,False,,False,624,False,,1.0,True,Windmill Chevron,Chevron
Carlsbad ( 88220 ) Windmill Chevron,575-885-9761 US 62-180-285 ( 1 mi S of jct ),<U+25A1> <U+25A1>,Carlsbad,88220,Windmill Chevron,575-885-9761,2016,Carlsbad,NM,Chevron,( 1 mi S of jct ),US 62-180-285,empty,,False,,False,US 62-180,,,,,[],[],[],[],[],[],"[12, 24, 25, 28, 88, 100, 104, 119, 123, 129, 136, 137, 139, 140, 141, 148, 155, 169, 172, 179, 183, 185, 188, 196, 198, 217, 237, 267, 270, 278, 319, 321, 324, 325, 330, 334, 335, 354, 366, 369, 380, 383, 384, 386, 395, 407, 411, 423, 428, 436, 437, 452, 453, 456, 467, 471, 477, 478, 479, 497, 508, 511, 559, 571, 575, 590, 594, 600, 607, 608, 610, 611, 612, 619, 627, 640, 643, 650, 654, 656, 659, 667, 669, 685, 701, 726, 729, 737, 777, 779, 782, 783, 787, 790, 791, 809, 817, 819, 830, 833, 834, 836, 845, 856, 857, 860, 862, 875, 880, 887, 888, 899, 900, 914, 918, 921, 928, 929, 930]","[12, 24, 25, 28, 88, 100, 104, 119, 123, 129, 136, 137, 139, 140, 141, 148, 155, 169, 172, 179, 183, 185, 188, 196, 198, 217, 237, 267, 270, 278, 319, 321, 324, 325, 330, 334, 335, 354, 366, 369, 380, 383, 384, 386, 395, 407, 411, 423, 428, 436, 437, 452, 453, 456, 467, 471, 477, 478, 479, 497, 508, 511, 559, 571, 575, 590, 594, 600, 607, 608, 610, 611, 612, 619, 627, 640, 643, 650, 654, 656, 659, 667, 669, 685, 701, 726, 729, 737, 777, 779, 782, 783, 787, 790, 791, 809, 817, 819, 830, 833, 834, 836, 845, 856, 857, 860, 862, 875, 880, 887, 888, 899, 900, 914, 918, 921, 928, 929, 930]","[12, 24, 25, 28, 559, 571, 575, 590, 594, 88, 600, 607, 608, 610, 611, 100, 612, 104, 619, 627, 119, 123, 640, 129, 643, 136, 137, 650, 139, 140, 141, 654, 656, 659, 148, 155, 667, 669, 169, 172, 685, 179, 183, 185, 188, 701, 196, 198, 726, 217, 729, 737, 237, 777, 267, 779, 270, 782, 783, 787, 278, 790, 791, 809, 817, 819, 830, 319, 321, 833, 834, 324, 325, 836, 330, 845, 334, 335, 856, 857, 860, 862, 354, 875, 366, 880, 369, 887, 888, 380, 383, 384, 386, 899, 900, 395, 914, 918, 407, 921, 411, 928, 929, 930, 423, 428, 436, 437, 452, 453, 456, 467, 471, 477, 478, 479, 497, 508, 511]",False,[],[],[],[],[],"[12, 24, 25, 28, 88, 100, 104, 119, 123, 129, 136, 137, 139, 140, 141, 148, 155, 169, 172, 179, 183, 185, 188, 196, 198, 217, 237, 267, 270, 278, 319, 321, 324, 325, 330, 334, 335, 354, 366, 369, 380, 383, 384, 386, 395, 407, 411, 423, 428, 436, 437, 452, 453, 456, 467, 471, 477, 478, 479, 497, 508, 511, 559, 571, 575, 590, 594, 600, 607, 608, 610, 611, 612, 619, 627, 640, 643, 650, 654, 656, 659, 667, 669, 685, 701, 726, 729, 737, 777, 779, 782, 783, 787, 790, 791, 809, 817, 819, 830, 833, 834, 836, 845, 856, 857, 860, 862, 875, 880, 887, 888, 899, 900, 914, 918, 921, 928, 929, 930]","[12, 24, 25, 28, 88, 100, 104, 119, 123, 129, 136, 137, 139, 140, 141, 148, 155, 169, 172, 179, 183, 185, 188, 196, 198, 217, 237, 267, 270, 278, 319, 321, 324, 325, 330, 334, 335, 354, 366, 369, 380, 383, 384, 386, 395, 407, 411, 423, 428, 436, 437, 452, 453, 456, 467, 471, 477, 478, 479, 497, 508, 511, 559, 571, 575, 590, 594, 600, 607, 608, 610, 611, 612, 619, 627, 640, 643, 650, 654, 656, 659, 667, 669, 685, 701, 726, 729, 737, 777, 779, 782, 783, 787, 790, 791, 809, 817, 819, 830, 833, 834, 836, 845, 856, 857, 860, 862, 875, 880, 887, 888, 899, 900, 914, 918, 921, 928, 929, 930]",0/6 successful match,False,,False,624,False,,1.0,True,Windmill Chevron,Chevron
H Carlsbad ( 88220 ) Fiesta # 1270 ( Chevron ),575-887-0496 1725 US 62-180-285 S,<U+25A1> <U+2610> <U+25A1> <U+25A1>,Carlsbad,88220,Fiesta # 1270 ( Chevron ),575-887-0496,2014,Carlsbad,NM,Chevron,,1725 US 62-180-285 S,Proper,,False,,False,US 62-180,,,,,[],[],[],[],[],[],"[12, 24, 25, 28, 88, 100, 104, 119, 123, 129, 136, 137, 139, 140, 141, 148, 155, 169, 172, 179, 183, 185, 188, 196, 198, 217, 237, 267, 270, 278, 319, 321, 324, 325, 330, 334, 335, 354, 366, 369, 380, 383, 384, 386, 395, 407, 411, 423, 428, 436, 437, 452, 453, 456, 467, 471, 477, 478, 479, 497, 508, 511, 559, 571, 575, 590, 594, 600, 607, 608, 610, 611, 612, 619, 627, 640, 643, 650, 654, 656, 659, 667, 669, 685, 701, 726, 729, 737, 777, 779, 782, 783, 787, 790, 791, 809, 817, 819, 830, 833, 834, 836, 845, 856, 857, 860, 862, 875, 880, 887, 888, 899, 900, 914, 918, 921, 928, 929, 930]","[12, 24, 25, 28, 88, 100, 104, 119, 123, 129, 136, 137, 139, 140, 141, 148, 155, 169, 172, 179, 183, 185, 188, 196, 198, 217, 237, 267, 270, 278, 319, 321, 324, 325, 330, 334, 335, 354, 366, 369, 380, 383, 384, 386, 395, 407, 411, 423, 428, 436, 437, 452, 453, 456, 467, 471, 477, 478, 479, 497, 508, 511, 559, 571, 575, 590, 594, 600, 607, 608, 610, 611, 612, 619, 627, 640, 643, 650, 654, 656, 659, 667, 669, 685, 701, 726, 729, 737, 777, 779, 782, 783, 787, 790, 791, 809, 817, 819, 830, 833, 834, 836, 845, 856, 857, 860, 862, 875, 880, 887, 888, 899, 900, 914, 918, 921, 928, 929, 930]","[12, 24, 25, 28, 559, 571, 575, 590, 594, 88, 600, 607, 608, 610, 611, 100, 612, 104, 619, 627, 119, 123, 640, 129, 643, 136, 137, 650, 139, 140, 141, 654, 656, 659, 148, 155, 667, 669, 169, 172, 685, 179, 183, 185, 188, 701, 196, 198, 726, 217, 729, 737, 237, 777, 267, 779, 270, 782, 783, 787, 278, 790, 791, 809, 817, 819, 830, 319, 321, 833, 834, 324, 325, 836, 330, 845, 334, 335, 856, 857, 860, 862, 354, 875, 366, 880, 369, 887, 888, 380, 383, 384, 386, 899, 900, 395, 914, 918, 407, 921, 411, 928, 929, 930, 423, 428, 436, 437, 452, 453, 456, 467, 471, 477, 478, 479, 497, 508, 511]",False,[],[],[],[],[],"[12, 24, 25, 28, 88, 100, 104, 119, 123, 129, 136, 137, 139, 140, 141, 148, 155, 169, 172, 179, 183, 185, 188, 196, 198, 217, 237, 267, 270, 278, 319, 321, 324, 325, 330, 334, 335, 354, 366, 369, 380, 383, 384, 386, 395, 407, 411, 423, 428, 436, 437, 452, 453, 456, 467, 471, 477, 478, 479, 497, 508, 511, 559, 571, 575, 590, 594, 600, 607, 608, 610, 611, 612, 619, 627, 640, 643, 650, 654, 656, 659, 667, 669, 685, 701, 726, 729, 737, 777, 779, 782, 783, 787, 790, 791, 809, 817, 819, 830, 833, 834, 836, 845, 856, 857, 860, 862, 875, 880, 887, 888, 899, 900, 914, 918, 921, 928, 929, 930]","[12, 24, 25, 28, 88, 100, 104, 119, 123, 129, 136, 137, 139, 140, 141, 148, 155, 169, 172, 179, 183, 185, 188, 196, 198, 217, 237, 267, 270, 278, 319, 321, 324, 325, 330, 334, 335, 354, 366, 369, 380, 383, 384, 386, 395, 407, 411, 423, 428, 436, 437, 452, 453, 456, 467, 471, 477, 478, 479, 497, 508, 511, 559, 571, 575, 590, 594, 600, 607, 608, 610, 611, 612, 619, 627, 640, 643, 650, 654, 656, 659, 667, 669, 685, 701, 726, 729, 737, 777, 779, 782, 783, 787, 790, 791, 809, 817, 819, 830, 833, 834, 836, 845, 856, 857, 860, 862, 875, 880, 887, 888, 899, 900, 914, 918, 921, 928, 929, 930]",0/6 successful match,False,,False,625,False,,,,,
H Carlsbad ( 88220 ) Fiesta # 1270 ( Chevron ) ),575-887-0496 1725 US 62-180-285 S,<U+2610> <U+2610>,Carlsbad,88220,Fiesta # 1270 ( Chevron ) ),575-887-0496,2015,Carlsbad,NM,Chevron,,1725 US 62-180-285 S,Proper,,False,,False,US 62-180,,,,,[],[],[],[],[],[],"[12, 24, 25, 28, 88, 100, 104, 119, 123, 129, 136, 137, 139, 140, 141, 148, 155, 169, 172, 179, 183, 185, 188, 196, 198, 217, 237, 267, 270, 278, 319, 321, 324, 325, 330, 334, 335, 354, 366, 369, 380, 383, 384, 386, 395, 407, 411, 423, 428, 436, 437, 452, 453, 456, 467, 471, 477, 478, 479, 497, 508, 511, 559, 571, 575, 590, 594, 600, 607, 608, 610, 611, 612, 619, 627, 640, 643, 650, 654, 656, 659, 667, 669, 685, 701, 726, 729, 737, 777, 779, 782, 783, 787, 790, 791, 809, 817, 819, 830, 833, 834, 836, 845, 856, 857, 860, 862, 875, 880, 887, 888, 899, 900, 914, 918, 921, 928, 929, 930]","[12, 24, 25, 28, 88, 100, 104, 119, 123, 129, 136, 137, 139, 140, 141, 148, 155, 169, 172, 179, 183, 185, 188, 196, 198, 217, 237, 267, 270, 278, 319, 321, 324, 325, 330, 334, 335, 354, 366, 369, 380, 383, 384, 386, 395, 407, 411, 423, 428, 436, 437, 452, 453, 456, 467, 471, 477, 478, 479, 497, 508, 511, 559, 571, 575, 590, 594, 600, 607, 608, 610, 611, 612, 619, 627, 640, 643, 650, 654, 656, 659, 667, 669, 685, 701, 726, 729, 737, 777, 779, 782, 783, 787, 790, 791, 809, 817, 819, 830, 833, 834, 836, 845, 856, 857, 860, 862, 875, 880, 887, 888, 899, 900, 914, 918, 921, 928, 929, 930]","[12, 24, 25, 28, 559, 571, 575, 590, 594, 88, 600, 607, 608, 610, 611, 100, 612, 104, 619, 627, 119, 123, 640, 129, 643, 136, 137, 650, 139, 140, 141, 654, 656, 659, 148, 155, 667, 669, 169, 172, 685, 179, 183, 185, 188, 701, 196, 198, 726, 217, 729, 737, 237, 777, 267, 779, 270, 782, 783, 787, 278, 790, 791, 809, 817, 819, 830, 319, 321, 833, 834, 324, 325, 836, 330, 845, 334, 335, 856, 857, 860, 862, 354, 875, 366, 880, 369, 887, 888, 380, 383, 384, 386, 899, 900, 395, 914, 918, 407, 921, 411, 928, 929, 930, 423, 428, 436, 437, 452, 453, 456, 467, 471, 477, 478, 479, 497, 508, 511]",False,[],[],[],[],[],"[12, 24, 25, 28, 88, 100, 104, 119, 123, 129, 136, 137, 139, 140, 141, 148, 155, 169, 172, 179, 183, 185, 188, 196, 198, 217, 237, 267, 270, 278, 319, 321, 324, 325, 330, 334, 335, 354, 366, 369, 380, 383, 384, 386, 395, 407, 411, 423, 428, 436, 437, 452, 453, 456, 467, 471, 477, 478, 479, 497, 508, 511, 559, 571, 575, 590, 594, 600, 607, 608, 610, 611, 612, 619, 627, 640, 643, 650, 654, 656, 659, 667, 669, 685, 701, 726, 729, 737, 777, 779, 782, 783, 787, 790, 791, 809, 817, 819, 830, 833, 834, 836, 845, 856, 857, 860, 862, 875, 880, 887, 888, 899, 900, 914, 918, 921, 928, 929, 930]","[12, 24, 25, 28, 88, 100, 104, 119, 123, 129, 136, 137, 139, 140, 141, 148, 155, 169, 172, 179, 183, 185, 188, 196, 198, 217, 237, 267, 270, 278, 319, 321, 324, 325, 330, 334, 335, 354, 366, 369, 380, 383, 384, 386, 395, 407, 411, 423, 428, 436, 437, 452, 453, 456, 467, 471, 477, 478, 479, 497, 508, 511, 559, 571, 575, 590, 594, 600, 607, 608, 610, 611, 612, 619, 627, 640, 643, 650, 654, 656, 659, 667, 669, 685, 701, 726, 729, 737, 777, 779, 782, 783, 787, 790, 791, 809, 817, 819, 830, 833, 834, 836, 845, 856, 857, 860, 862, 875, 880, 887, 888, 899, 900, 914, 918, 921, 928, 929, 930]",0/6 successful match,False,,False,625,False,,1.0,True,Fiesta # 1270 ( Chevron ),Chevron
"H Carlsbad , 88221 Southwest LP Gas",6 505-885-6303 US 62-180,M 000,Carlsbad,88221,Southwest LP Gas,505-885-6303,2006,Carlsbad,NM,,,US 62-180,empty,,False,,False,US 62-180,,,,,[],[],[],[],[],[],[],[],[],False,[],[],[],[],[],[],[],0/6 successful match,False,,False,626,False,,,,,
"Carlsbad , 88221 Southwest LP Gas",505-885-6303 US 62-180,""" M <U+2610>",Carlsbad,88221,Southwest LP Gas,505-885-6303,2007,Carlsbad,NM,,,US 62-180,empty,,False,,False,US 62-180,,,,,[],[],[],[],[],[],[],[],[],False,[],[],[],[],[],[],[],0/6 successful match,False,,False,626,False,,0.8999999999999999,True,Southwest LP Gas,
"Carlsbad , 88221 Southwest LP Gas",505-885-6303 US 62-180,S <U+2610>,Carlsbad,88221,Southwest LP Gas,505-885-6303,2008,Carlsbad,NM,,,US 62-180,empty,,False,,False,US 62-180,,,,,[],[],[],[],[],[],[],[],[],False,[],[],[],[],[],[],[],0/6 successful match,False,,False,626,False,,0.8999999999999999,True,Southwest LP Gas,
H Carlsbad ( 88221 ) Southwest LP Gas,575-885-6303 US 62-180,<U+2610> <U+2610> S,Carlsbad,88221,Southwest LP Gas,575-885-6303,2014,Carlsbad,NM,,,US 62-180,empty,,False,,False,US 62-180,,,,,[],[],[],[],[],[],[],[],[],False,[],[],[],[],[],[],[],0/6 successful match,False,,False,626,False,,0.8999999999999999,True,Southwest LP Gas,
H Carlsbad ( 88221 ) Southwest LP Gas US 62-180 ),6 575-885-6303 US 62-180,S D <U+2610>,Carlsbad,88221,Southwest LP Gas US 62-180 ),575-885-6303,2015,Carlsbad,NM,,,US 62-180,empty,,False,,False,US 62-180,,,,,[],[],[],[],[],[],[],"[70, 545]","[545, 70]",False,[],[],[],[],[],"[70, 545]",[],0/6 successful match,False,,False,626,False,,0.5515151515151515,True,Southwest LP Gas,
Carlsbad ( 88221 ) Southwest LP Gas US 62-180 ),575-885-6303 US 62-180,<U+2610> <U+2610> S <U+25A1>,Carlsbad,88221,Southwest LP Gas US 62-180 ),575-885-6303,2016,Carlsbad,NM,,,US 62-180,empty,,False,,False,US 62-180,,,,,[],[],[],[],[],[],[],"[70, 545]","[545, 70]",False,[],[],[],[],[],"[70, 545]",[],0/6 successful match,False,,False,626,False,,1.0,True,Southwest LP Gas US 62-180 ),
"Eunice , 88231 JD's Fina",7 505-394-2742 1205 Main St ( NM 18 Loop ),<U+25A1>,Eunice,88231,JD's Fina,505-394-2742,2006,Eunice,NM,,( NM 18 Loop ),1205 Main St,Proper,,False,,False,Main St,,,,,[],[],[],[],[],"[36, 73, 84, 122, 130, 141, 187, 213, 246, 272, 349, 388, 398, 406, 408, 409, 410, 415, 423, 425, 427, 434, 440, 444, 451, 453, 455, 456, 465, 467, 473, 517, 547, 555, 593, 601, 612, 658, 683, 710, 731, 804, 838, 855, 858, 859, 861, 866, 875, 877, 879, 886, 891, 894, 898, 900, 902, 903, 904, 912, 914, 920, 921, 926, 931]",[],[],"[130, 898, 388, 517, 900, 902, 903, 904, 141, 398, 272, 912, 658, 914, 406, 408, 409, 410, 920, 921, 926, 415, 547, 36, 804, 931, 423, 425, 427, 555, 683, 434, 440, 187, 444, 451, 453, 710, 455, 456, 73, 838, 465, 593, 467, 84, 213, 855, 473, 601, 731, 858, 349, 859, 861, 866, 612, 875, 877, 879, 246, 886, 122, 891, 894]",False,[],[],[],[],"[36, 73, 84, 122, 130, 141, 187, 213, 246, 272, 349, 388, 398, 406, 408, 409, 410, 415, 423, 425, 427, 434, 440, 444, 451, 453, 455, 456, 465, 467, 473, 517, 547, 555, 593, 601, 612, 658, 683, 710, 731, 804, 838, 855, 858, 859, 861, 866, 875, 877, 879, 886, 891, 894, 898, 900, 902, 903, 904, 912, 914, 920, 921, 926, 931]",[],[],0/6 successful match,False,,False,627,False,,,,,
"Eunice , 88231 JD's Fina",505-394-2742 1205 Main St ( NM 18 Loop ),O,Eunice,88231,JD's Fina,505-394-2742,2007,Eunice,NM,,( NM 18 Loop ),1205 Main St,Proper,,False,,False,Main St,,,,,[],[],[],[],[],"[36, 73, 84, 122, 130, 141, 187, 213, 246, 272, 349, 388, 398, 406, 408, 409, 410, 415, 423, 425, 427, 434, 440, 444, 451, 453, 455, 456, 465, 467, 473, 517, 547, 555, 593, 601, 612, 658, 683, 710, 731, 804, 838, 855, 858, 859, 861, 866, 875, 877, 879, 886, 891, 894, 898, 900, 902, 903, 904, 912, 914, 920, 921, 926, 931]",[],[],"[130, 898, 388, 517, 900, 902, 903, 904, 141, 398, 272, 912, 658, 914, 406, 408, 409, 410, 920, 921, 926, 415, 547, 36, 804, 931, 423, 425, 427, 555, 683, 434, 440, 187, 444, 451, 453, 710, 455, 456, 73, 838, 465, 593, 467, 84, 213, 855, 473, 601, 731, 858, 349, 859, 861, 866, 612, 875, 877, 879, 246, 886, 122, 891, 894]",False,[],[],[],[],"[36, 73, 84, 122, 130, 141, 187, 213, 246, 272, 349, 388, 398, 406, 408, 409, 410, 415, 423, 425, 427, 434, 440, 444, 451, 453, 455, 456, 465, 467, 473, 517, 547, 555, 593, 601, 612, 658, 683, 710, 731, 804, 838, 855, 858, 859, 861, 866, 875, 877, 879, 886, 891, 894, 898, 900, 902, 903, 904, 912, 914, 920, 921, 926, 931]",[],[],0/6 successful match,False,,False,627,False,,0.8999999999999999,True,JD's Fina,
"Eunice , 88231 JD's Final",7 505-394-2742 1205 Main St ( NM 18 Loop ),<U+2610> <U+2610><U+2610>,Eunice,88231,JD's Final,505-394-2742,2008,Eunice,NM,,( NM 18 Loop ),1205 Main St,Proper,,False,,False,Main St,,,,,[],[],[],[],[],"[36, 73, 84, 122, 130, 141, 187, 213, 246, 272, 349, 388, 398, 406, 408, 409, 410, 415, 423, 425, 427, 434, 440, 444, 451, 453, 455, 456, 465, 467, 473, 517, 547, 555, 593, 601, 612, 658, 683, 710, 731, 804, 838, 855, 858, 859, 861, 866, 875, 877, 879, 886, 891, 894, 898, 900, 902, 903, 904, 912, 914, 920, 921, 926, 931]",[],[],"[130, 898, 388, 517, 900, 902, 903, 904, 141, 398, 272, 912, 658, 914, 406, 408, 409, 410, 920, 921, 926, 415, 547, 36, 804, 931, 423, 425, 427, 555, 683, 434, 440, 187, 444, 451, 453, 710, 455, 456, 73, 838, 465, 593, 467, 84, 213, 855, 473, 601, 731, 858, 349, 859, 861, 866, 612, 875, 877, 879, 246, 886, 122, 891, 894]",False,[],[],[],[],"[36, 73, 84, 122, 130, 141, 187, 213, 246, 272, 349, 388, 398, 406, 408, 409, 410, 415, 423, 425, 427, 434, 440, 444, 451, 453, 455, 456, 465, 467, 473, 517, 547, 555, 593, 601, 612, 658, 683, 710, 731, 804, 838, 855, 858, 859, 861, 866, 875, 877, 879, 886, 891, 894, 898, 900, 902, 903, 904, 912, 914, 920, 921, 926, 931]",[],[],0/6 successful match,False,,False,627,False,,0.47368421052631576,True,JD's Fina,
"Hobbs , 88240 Town & Country # 183 ( 66 )",505-392-5283 US 62-180,. 000,Hobbs,88240,Town & Country # 183 ( 66 ),505-392-5283,2006,Hobbs,NM,,,US 62-180,empty,,False,,False,US 62-180,,,,,[],[],[],[],[],[],[],"[401, 402, 424, 427, 464, 469, 850, 851, 876, 879, 911, 916]","[424, 427, 876, 879, 464, 401, 402, 850, 851, 469, 911, 916]",False,[],[],[],[],[],"[401, 402, 424, 427, 464, 469, 850, 851, 876, 879, 911, 916]",[],0/6 successful match,False,,False,628,False,,,,,
"Hobbs , 88240 Town & Country # 183 ( 66 )",505-392-5283 3400 NM 132 N ( S of Joe Harvey,Blvd ),Hobbs,88240,Town & Country # 183 ( 66 ),505-392-5283,2007,Hobbs,NM,,( S of Joe Harvey,3400 NM 132 N,Proper,,False,,False,3400 NM,,,,,[],[],[],[],[],[],[],"[401, 402, 424, 427, 464, 469, 850, 851, 876, 879, 911, 916]","[424, 427, 876, 879, 464, 401, 402, 850, 851, 469, 911, 916]",False,[],[],[],[],[],"[401, 402, 424, 427, 464, 469, 850, 851, 876, 879, 911, 916]",[],0/6 successful match,False,,False,628,False,,1.0,True,Town & Country # 183 ( 66 ),
"Hobbs , 88240 Town & Country # 183",505-392-5283 3400 NM 132 N ( S of Joe Harvey Blvd,Blvd ) <U+2610> <U+25A1> <U+25A1> <U+25A1> <U+25A1>,Hobbs,88240,Town & Country # 183,505-392-5283,2008,Hobbs,NM,,( S of Joe Harvey Blvd,3400 NM 132 N,Proper,,False,,False,3400 NM,,,,,[],[],[],[],[],[],[],[],[],False,[],[],[],[],[],[],[],0/6 successful match,False,,False,628,False,,1.0,True,Town & Country # 183 ( 66 ),
"H Hobbs , 88240 Diamond Shamrock",505-393-3064 600 US 180 W,<U+2610>,Hobbs,88240,Diamond Shamrock,505-393-3064,2006,Hobbs,NM,Shamrock,,600 US 180 W,Proper,,False,,False,US 180,,,,,[],[],[],[],[],[],[],[],[],False,[],[],[],[],[],[],[],0/6 successful match,False,,False,629,False,,,,,
"Hobbs , 88240 Diamond Shamrock",505-393-3064 600 US 180 W,000,Hobbs,88240,Diamond Shamrock,505-393-3064,2007,Hobbs,NM,Shamrock,,600 US 180 W,Proper,,False,,False,US 180,,,,,[],[],[],[],[],[],[],[],[],False,[],[],[],[],[],[],[],0/6 successful match,False,,False,629,False,,1.0,True,Diamond Shamrock,Shamrock
"H Hobbs , 88240 Diamond Shamrock",505-393-3064 600 US 180 W,<U+25A1> <U+25A1>,Hobbs,88240,Diamond Shamrock,505-393-3064,2008,Hobbs,NM,Shamrock,,600 US 180 W,Proper,,False,,False,US 180,,,,,[],[],[],[],[],[],[],[],[],False,[],[],[],[],[],[],[],0/6 successful match,False,,False,629,False,,1.0,True,Diamond Shamrock,Shamrock
"Hobbs , 88240 Town & Country # 59 ( 66 )",505-397-3821 808 US 62-180 E,. 48 -,Hobbs,88240,Town & Country # 59 ( 66 ),505-397-3821,2006,Hobbs,NM,,,808 US 62-180 E,Proper,,False,,False,US 62-180,,,,,[],[],[],[],[],[],[],"[401, 402, 424, 427, 464, 469, 850, 851, 876, 879, 911, 916]","[424, 427, 876, 879, 464, 401, 402, 850, 851, 469, 911, 916]",False,[],[],[],[],[],"[401, 402, 424, 427, 464, 469, 850, 851, 876, 879, 911, 916]",[],0/6 successful match,False,,False,630,False,,,,,
"Hobbs , 88240 Town & Country # 59",505-397-3821 808 US 62-180 E,24,Hobbs,88240,Town & Country # 59,505-397-3821,2007,Hobbs,NM,,,808 US 62-180 E,Proper,,False,,False,US 62-180,,,,,[],[],[],[],[],[],[],[],[],False,[],[],[],[],[],[],[],0/6 successful match,False,,False,630,False,,1.0,True,Town & Country # 59 ( 66 ),
"Hobbs , 88240 Town & Country # 59",505-397-3821 808 US 62-180 E,S<U+2610><U+2610> <U+25A1> <U+25A1> <U+2610> <U+2610>,Hobbs,88240,Town & Country # 59,505-397-3821,2008,Hobbs,NM,,,808 US 62-180 E,Proper,,False,,False,US 62-180,,,,,[],[],[],[],[],[],[],[],[],False,[],[],[],[],[],[],[],0/6 successful match,False,,False,630,False,,1.0,True,Town & Country # 59,
H Hobbs ( 88240 ) Pilot Travel Center # 557,575-391-0120 1US 80 & W Bypass,Pilot 24 <U+2610> MO <U+2610>,Hobbs,88240,Pilot Travel Center # 557,575-391-0120,2015,Hobbs,NM,Pilot,,1US 80 & W Bypass,empty,,False,,False,1US 80,W Bypass,,,,[],[],[],[],[],"[89, 108, 117, 172, 217, 221, 239, 256, 264, 280, 321, 342, 343, 344, 345, 346, 349, 351, 352, 355, 357, 359, 364, 368, 371, 372, 373, 374, 376, 377, 385, 387, 388, 392, 393, 403, 409, 411, 414, 424, 430, 449, 454, 470, 480, 560, 584, 588, 643, 685, 703, 718, 724, 739, 779, 798, 799, 800, 801, 804, 806, 807, 810, 812, 814, 816, 821, 822, 823, 824, 826, 827, 835, 837, 838, 842, 843, 852, 859, 862, 865, 869, 876, 882, 897, 901, 917, 932]","[15, 16, 65, 66, 67, 68, 69, 70, 71, 72, 73, 74, 75, 76, 80, 151, 245, 246, 247, 248, 249, 250, 251, 252, 253, 254, 255, 256, 257, 258, 259, 280, 340, 373, 374, 375, 376, 377, 459, 460, 461, 462, 500, 501, 539, 540, 541, 542, 543, 544, 545, 546, 547, 548, 549, 550, 552, 622, 708, 709, 710, 711, 712, 713, 714, 715, 716, 717, 718, 719, 720, 739, 796, 823, 824, 825, 826, 827, 906, 907, 908, 909]","[15, 16, 65, 66, 67, 68, 69, 70, 71, 72, 73, 74, 75, 76, 77, 78, 80, 151, 244, 245, 246, 247, 248, 249, 250, 251, 252, 253, 254, 255, 256, 257, 258, 259, 260, 280, 340, 373, 374, 375, 376, 377, 459, 460, 461, 462, 500, 501, 539, 540, 541, 542, 543, 544, 545, 546, 547, 548, 549, 550, 552, 622, 708, 709, 710, 711, 712, 713, 714, 715, 716, 717, 718, 719, 720, 739, 796, 823, 824, 825, 826, 827, 906, 907, 908, 909]","[15, 16, 539, 540, 541, 542, 543, 544, 545, 546, 547, 548, 549, 550, 552, 560, 65, 66, 67, 68, 69, 70, 71, 584, 72, 73, 74, 588, 75, 76, 77, 80, 78, 89, 108, 622, 117, 643, 151, 172, 685, 703, 708, 709, 710, 711, 712, 713, 714, 715, 716, 717, 718, 719, 720, 724, 217, 221, 739, 239, 244, 245, 246, 247, 248, 249, 250, 251, 252, 253, 254, 255, 256, 257, 258, 259, 260, 264, 779, 280, 796, 798, 799, 800, 801, 804, 806, 807, 810, 812, 814, 816, 821, 822, 823, 824, 825, 826, 827, 321, 835, 837, 838, 842, 843, 852, 340, 342, 343, 344, 345, 346, 859, 349, 862, 351, 352, 865, 355, 357, 869, 359, 364, 876, 368, 882, 371, 372, 373, 374, 375, 376, 377, 385, 897, 387, 388, 901, 392, 393, 906, 907, 908, 909, 403, 917, 409, 411, 414, 932, 424, 430, 449, 454, 459, 460, 461, 462, 470, 480, 500, 501]",False,[],[],[],[],"[89, 108, 117, 172, 217, 221, 239, 256, 264, 280, 321, 342, 343, 344, 345, 346, 349, 351, 352, 355, 357, 359, 364, 368, 371, 372, 373, 374, 376, 377, 385, 387, 388, 392, 393, 403, 409, 411, 414, 424, 430, 449, 454, 470, 480, 560, 584, 588, 643, 685, 703, 718, 724, 739, 779, 798, 799, 800, 801, 804, 806, 807, 810, 812, 814, 816, 821, 822, 823, 824, 826, 827, 835, 837, 838, 842, 843, 852, 859, 862, 865, 869, 876, 882, 897, 901, 917, 932]","[15, 16, 65, 66, 67, 68, 69, 70, 71, 72, 73, 74, 75, 76, 77, 78, 80, 151, 244, 245, 246, 247, 248, 249, 250, 251, 252, 253, 254, 255, 256, 257, 258, 259, 260, 280, 340, 373, 374, 375, 376, 377, 459, 460, 461, 462, 500, 501, 539, 540, 541, 542, 543, 544, 545, 546, 547, 548, 549, 550, 552, 622, 708, 709, 710, 711, 712, 713, 714, 715, 716, 717, 718, 719, 720, 739, 796, 823, 824, 825, 826, 827, 906, 907, 908, 909]","[15, 16, 65, 66, 67, 68, 69, 70, 71, 72, 73, 74, 75, 76, 80, 151, 245, 246, 247, 248, 249, 250, 251, 252, 253, 254, 255, 256, 257, 258, 259, 280, 340, 373, 374, 375, 376, 377, 459, 460, 461, 462, 500, 501, 539, 540, 541, 542, 543, 544, 545, 546, 547, 548, 549, 550, 552, 622, 708, 709, 710, 711, 712, 713, 714, 715, 716, 717, 718, 719, 720, 739, 796, 823, 824, 825, 826, 827, 906, 907, 908, 909]",0/6 successful match,False,,False,631,False,,,,,
Hobbs ( 88240 ) Pilot Travel Center # 557,575-391-0120 1US 80 & W Bypass pilat,pilat 24 <U+2610> MO 24 224 <U+25A1>,Hobbs,88240,Pilot Travel Center # 557,575-391-0120,2016,Hobbs,NM,Pilot,,1US 80 & W Bypass pilat,empty,,False,,False,1US 80,W Bypass,,,,[],[],[],[],[],"[89, 108, 117, 172, 217, 221, 239, 256, 264, 280, 321, 342, 343, 344, 345, 346, 349, 351, 352, 355, 357, 359, 364, 368, 371, 372, 373, 374, 376, 377, 385, 387, 388, 392, 393, 403, 409, 411, 414, 424, 430, 449, 454, 470, 480, 560, 584, 588, 643, 685, 703, 718, 724, 739, 779, 798, 799, 800, 801, 804, 806, 807, 810, 812, 814, 816, 821, 822, 823, 824, 826, 827, 835, 837, 838, 842, 843, 852, 859, 862, 865, 869, 876, 882, 897, 901, 917, 932]","[15, 16, 65, 66, 67, 68, 69, 70, 71, 72, 73, 74, 75, 76, 80, 151, 245, 246, 247, 248, 249, 250, 251, 252, 253, 254, 255, 256, 257, 258, 259, 280, 340, 373, 374, 375, 376, 377, 459, 460, 461, 462, 500, 501, 539, 540, 541, 542, 543, 544, 545, 546, 547, 548, 549, 550, 552, 622, 708, 709, 710, 711, 712, 713, 714, 715, 716, 717, 718, 719, 720, 739, 796, 823, 824, 825, 826, 827, 906, 907, 908, 909]","[15, 16, 65, 66, 67, 68, 69, 70, 71, 72, 73, 74, 75, 76, 77, 78, 80, 151, 244, 245, 246, 247, 248, 249, 250, 251, 252, 253, 254, 255, 256, 257, 258, 259, 260, 280, 340, 373, 374, 375, 376, 377, 459, 460, 461, 462, 500, 501, 539, 540, 541, 542, 543, 544, 545, 546, 547, 548, 549, 550, 552, 622, 708, 709, 710, 711, 712, 713, 714, 715, 716, 717, 718, 719, 720, 739, 796, 823, 824, 825, 826, 827, 906, 907, 908, 909]","[15, 16, 539, 540, 541, 542, 543, 544, 545, 546, 547, 548, 549, 550, 552, 560, 65, 66, 67, 68, 69, 70, 71, 584, 72, 73, 74, 588, 75, 76, 77, 80, 78, 89, 108, 622, 117, 643, 151, 172, 685, 703, 708, 709, 710, 711, 712, 713, 714, 715, 716, 717, 718, 719, 720, 724, 217, 221, 739, 239, 244, 245, 246, 247, 248, 249, 250, 251, 252, 253, 254, 255, 256, 257, 258, 259, 260, 264, 779, 280, 796, 798, 799, 800, 801, 804, 806, 807, 810, 812, 814, 816, 821, 822, 823, 824, 825, 826, 827, 321, 835, 837, 838, 842, 843, 852, 340, 342, 343, 344, 345, 346, 859, 349, 862, 351, 352, 865, 355, 357, 869, 359, 364, 876, 368, 882, 371, 372, 373, 374, 375, 376, 377, 385, 897, 387, 388, 901, 392, 393, 906, 907, 908, 909, 403, 917, 409, 411, 414, 932, 424, 430, 449, 454, 459, 460, 461, 462, 470, 480, 500, 501]",False,[],[],[],[],"[89, 108, 117, 172, 217, 221, 239, 256, 264, 280, 321, 342, 343, 344, 345, 346, 349, 351, 352, 355, 357, 359, 364, 368, 371, 372, 373, 374, 376, 377, 385, 387, 388, 392, 393, 403, 409, 411, 414, 424, 430, 449, 454, 470, 480, 560, 584, 588, 643, 685, 703, 718, 724, 739, 779, 798, 799, 800, 801, 804, 806, 807, 810, 812, 814, 816, 821, 822, 823, 824, 826, 827, 835, 837, 838, 842, 843, 852, 859, 862, 865, 869, 876, 882, 897, 901, 917, 932]","[15, 16, 65, 66, 67, 68, 69, 70, 71, 72, 73, 74, 75, 76, 77, 78, 80, 151, 244, 245, 246, 247, 248, 249, 250, 251, 252, 253, 254, 255, 256, 257, 258, 259, 260, 280, 340, 373, 374, 375, 376, 377, 459, 460, 461, 462, 500, 501, 539, 540, 541, 542, 543, 544, 545, 546, 547, 548, 549, 550, 552, 622, 708, 709, 710, 711, 712, 713, 714, 715, 716, 717, 718, 719, 720, 739, 796, 823, 824, 825, 826, 827, 906, 907, 908, 909]","[15, 16, 65, 66, 67, 68, 69, 70, 71, 72, 73, 74, 75, 76, 80, 151, 245, 246, 247, 248, 249, 250, 251, 252, 253, 254, 255, 256, 257, 258, 259, 280, 340, 373, 374, 375, 376, 377, 459, 460, 461, 462, 500, 501, 539, 540, 541, 542, 543, 544, 545, 546, 547, 548, 549, 550, 552, 622, 708, 709, 710, 711, 712, 713, 714, 715, 716, 717, 718, 719, 720, 739, 796, 823, 824, 825, 826, 827, 906, 907, 908, 909]",0/6 successful match,False,,False,631,False,,1.0,True,Pilot Travel Center # 557,Pilot
Hobbs ( 88240 ) Stripes # 0183 ( Conoco ),575-392-5283 3400 NM 132 N ( S of Joe Harvey Blvd ),Blvd ) D <U+25A1> <U+25A1>,Hobbs,88240,Stripes # 0183 ( Conoco ),575-392-5283,2014,Hobbs,NM,Conoco,( S of Joe Harvey Blvd ),3400 NM 132 N,Proper,,False,,False,3400 NM,,,,,[],[],[],[],[],[],"[3, 27, 349, 406, 451, 489, 510, 804, 855, 898]","[3, 27, 297, 349, 406, 451, 489, 510, 756, 804, 855, 898]","[898, 3, 451, 804, 489, 297, 756, 406, 855, 27, 349, 510]",False,[],[],[],[],[],"[3, 27, 297, 349, 406, 451, 489, 510, 756, 804, 855, 898]","[3, 27, 349, 406, 451, 489, 510, 804, 855, 898]",0/6 successful match,False,,False,632,False,,,,,
Hobbs ( 88240 ) Stripes # 0183 ( Conoco ),575-392-5283 3400 NM 132 N ( S of Joe Harvey Blvd ),) <U+2610> <U+2610> <U+25A1>,Hobbs,88240,Stripes # 0183 ( Conoco ),575-392-5283,2015,Hobbs,NM,Conoco,( S of Joe Harvey Blvd ),3400 NM 132 N,Proper,,False,,False,3400 NM,,,,,[],[],[],[],[],[],"[3, 27, 349, 406, 451, 489, 510, 804, 855, 898]","[3, 27, 297, 349, 406, 451, 489, 510, 756, 804, 855, 898]","[898, 3, 451, 804, 489, 297, 756, 406, 855, 27, 349, 510]",False,[],[],[],[],[],"[3, 27, 297, 349, 406, 451, 489, 510, 756, 804, 855, 898]","[3, 27, 349, 406, 451, 489, 510, 804, 855, 898]",0/6 successful match,False,,False,632,False,,1.0,True,Stripes # 0183 ( Conoco ),Conoco
Hobbs ( 88240 ) Stripes # 0183 ( Conoco ),575-392-5283 3400 NM 132 N ( S of Joe Harvey Blvd ),<U+2610> <U+2610>,Hobbs,88240,Stripes # 0183 ( Conoco ),575-392-5283,2016,Hobbs,NM,Conoco,( S of Joe Harvey Blvd ),3400 NM 132 N,Proper,,False,,False,3400 NM,,,,,[],[],[],[],[],[],"[3, 27, 349, 406, 451, 489, 510, 804, 855, 898]","[3, 27, 297, 349, 406, 451, 489, 510, 756, 804, 855, 898]","[898, 3, 451, 804, 489, 297, 756, 406, 855, 27, 349, 510]",False,[],[],[],[],[],"[3, 27, 297, 349, 406, 451, 489, 510, 756, 804, 855, 898]","[3, 27, 349, 406, 451, 489, 510, 804, 855, 898]",0/6 successful match,False,,False,632,False,,1.0,True,Stripes # 0183 ( Conoco ),Conoco
H Hobbs ( 88240 ) Diamond Shamrock # 136,575-393-3064 600 US 180 W,<U+2610>,Hobbs,88240,Diamond Shamrock # 136,575-393-3064,2014,Hobbs,NM,Shamrock,,600 US 180 W,Proper,,False,,False,US 180,,,,,[],[],[],[],[],[],[],[],[],False,[],[],[],[],[],[],[],0/6 successful match,False,,False,633,False,,,,,
Hobbs ( 88240 ) Corner Store # 0136 ( Valero ),575-393-3064 600 US 180 W,<U+25A1> <U+25A1> <U+25A1>,Hobbs,88240,Corner Store # 0136 ( Valero ),575-393-3064,2015,Hobbs,NM,Valero,,600 US 180 W,Proper,,False,,False,US 180,,,,,[],[],[],[],[],[],"[2, 9, 10, 82, 111, 112, 113, 199, 279, 284, 285, 300, 488, 494, 495, 553, 581, 582, 583, 670, 738, 743, 744, 759, 818]","[2, 9, 10, 82, 111, 112, 113, 196, 199, 279, 284, 285, 300, 397, 488, 494, 495, 553, 581, 582, 583, 667, 670, 738, 743, 744, 759, 818, 847]","[2, 9, 10, 397, 279, 667, 284, 285, 670, 553, 300, 818, 196, 581, 582, 199, 583, 847, 82, 738, 743, 488, 744, 494, 111, 112, 113, 495, 759]",False,[],[],[],[],[],"[2, 9, 10, 82, 111, 112, 113, 196, 199, 279, 284, 285, 300, 397, 488, 494, 495, 553, 581, 582, 583, 667, 670, 738, 743, 744, 759, 818, 847]","[2, 9, 10, 82, 111, 112, 113, 199, 279, 284, 285, 300, 488, 494, 495, 553, 581, 582, 583, 670, 738, 743, 744, 759, 818]",0/6 successful match,False,,False,633,True,2015,0.21153846153846154,False,Diamond Shamrock # 136,Shamrock
H Hobbs ( 88240 ) Diamond Shamrock # 0136 ( Valero ),575-393-3064 600 US 180 W,<U+2610> D <U+25A1>,Hobbs,88240,Diamond Shamrock # 0136 ( Valero ),575-393-3064,2016,Hobbs,NM,Shamrock,,600 US 180 W,Proper,,False,,False,US 180,,,,,[],[],[],[],[],[],[],"[2, 9, 10, 82, 111, 112, 113, 199, 279, 284, 285, 300, 488, 494, 495, 553, 581, 582, 583, 670, 738, 743, 744, 759, 818]","[2, 9, 10, 279, 284, 285, 670, 553, 300, 818, 581, 582, 199, 583, 82, 738, 743, 488, 744, 494, 111, 112, 113, 495, 759]",False,[],[],[],[],[],"[2, 9, 10, 82, 111, 112, 113, 199, 279, 284, 285, 300, 488, 494, 495, 553, 581, 582, 583, 670, 738, 743, 744, 759, 818]",[],0/6 successful match,False,,False,633,False,,0.8489583333333333,False,Corner Store # 0136 ( Valero ),Valero
H Hobbs ( 88240 ) Stripes # 0250 ( Conoco ),7 575-393-4467 US 62-180 & W Bypass,24 <U+2610>,Hobbs,88240,Stripes # 0250 ( Conoco ),575-393-4467,2014,Hobbs,NM,Conoco,,US 62-180 & W Bypass,empty,,False,,False,US 62,W Bypass,,,,[],[],[],[],[],[],"[3, 27, 349, 406, 451, 489, 510, 804, 855, 898]","[3, 27, 297, 349, 406, 451, 489, 510, 756, 804, 855, 898]","[898, 3, 451, 804, 489, 297, 756, 406, 855, 27, 349, 510]",False,[],[],[],[],[],"[3, 27, 297, 349, 406, 451, 489, 510, 756, 804, 855, 898]","[3, 27, 349, 406, 451, 489, 510, 804, 855, 898]",0/6 successful match,False,,False,634,False,,,,,
H Hobbs ( 88240 ) Stripes # 0250 ( Conoco ),575-393-4467 US 62-180 & W Bypass,24 <U+2610>,Hobbs,88240,Stripes # 0250 ( Conoco ),575-393-4467,2015,Hobbs,NM,Conoco,,US 62-180 & W Bypass,empty,,False,,False,US 62,W Bypass,,,,[],[],[],[],[],[],"[3, 27, 349, 406, 451, 489, 510, 804, 855, 898]","[3, 27, 297, 349, 406, 451, 489, 510, 756, 804, 855, 898]","[898, 3, 451, 804, 489, 297, 756, 406, 855, 27, 349, 510]",False,[],[],[],[],[],"[3, 27, 297, 349, 406, 451, 489, 510, 756, 804, 855, 898]","[3, 27, 349, 406, 451, 489, 510, 804, 855, 898]",0/6 successful match,False,,False,634,False,,1.0,True,Stripes # 0250 ( Conoco ),Conoco
Hobbs ( 88240 ) Stripes # 0250 ( Conoco ),575-393-4467 US 62-180 & W Bypass,24 <U+2610>,Hobbs,88240,Stripes # 0250 ( Conoco ),575-393-4467,2016,Hobbs,NM,Conoco,,US 62-180 & W Bypass,empty,,False,,False,US 62,W Bypass,,,,[],[],[],[],[],[],"[3, 27, 349, 406, 451, 489, 510, 804, 855, 898]","[3, 27, 297, 349, 406, 451, 489, 510, 756, 804, 855, 898]","[898, 3, 451, 804, 489, 297, 756, 406, 855, 27, 349, 510]",False,[],[],[],[],[],"[3, 27, 297, 349, 406, 451, 489, 510, 756, 804, 855, 898]","[3, 27, 349, 406, 451, 489, 510, 804, 855, 898]",0/6 successful match,False,,False,634,False,,1.0,True,Stripes # 0250 ( Conoco ),Conoco
H Hobbs ( 88240 ) Stripes # 0059 ( Conoco ),575-397-3821 808 US 62-180 E,SO,Hobbs,88240,Stripes # 0059 ( Conoco ),575-397-3821,2014,Hobbs,NM,Conoco,,808 US 62-180 E,Proper,,False,,False,US 62-180,,,,,[],[],[],[],[],[],"[3, 27, 349, 406, 451, 489, 510, 804, 855, 898]","[3, 27, 297, 349, 406, 451, 489, 510, 756, 804, 855, 898]","[898, 3, 451, 804, 489, 297, 756, 406, 855, 27, 349, 510]",False,[],[],[],[],[],"[3, 27, 297, 349, 406, 451, 489, 510, 756, 804, 855, 898]","[3, 27, 349, 406, 451, 489, 510, 804, 855, 898]",0/6 successful match,False,,False,635,False,,,,,
H Hobbs ( 88240 ) Stripes # 0059 ( Conoco ),575-397-3821 808 US 62-180 E,S,Hobbs,88240,Stripes # 0059 ( Conoco ),575-397-3821,2015,Hobbs,NM,Conoco,,808 US 62-180 E,Proper,,False,,False,US 62-180,,,,,[],[],[],[],[],[],"[3, 27, 349, 406, 451, 489, 510, 804, 855, 898]","[3, 27, 297, 349, 406, 451, 489, 510, 756, 804, 855, 898]","[898, 3, 451, 804, 489, 297, 756, 406, 855, 27, 349, 510]",False,[],[],[],[],[],"[3, 27, 297, 349, 406, 451, 489, 510, 756, 804, 855, 898]","[3, 27, 349, 406, 451, 489, 510, 804, 855, 898]",0/6 successful match,False,,False,635,False,,1.0,True,Stripes # 0059 ( Conoco ),Conoco
H Loving ( 88256 ) Loving Truck Stop ( Chevron ),575-745-2370 100 US 285 N & Cedar St,<U+2610>,Loving,88256,Loving Truck Stop ( Chevron ),575-745-2370,2014,Loving,NM,Chevron,,100 US 285 N & Cedar St,Proper,,False,,False,US 285,Cedar St,,,,[],[],[],[],[],"[452, 899]","[12, 24, 25, 28, 88, 100, 104, 119, 123, 129, 136, 137, 139, 140, 141, 148, 155, 169, 172, 179, 183, 185, 188, 196, 198, 217, 237, 267, 270, 278, 319, 321, 324, 325, 330, 334, 335, 354, 366, 369, 380, 383, 384, 386, 395, 407, 411, 423, 428, 436, 437, 452, 453, 456, 467, 471, 477, 478, 479, 497, 508, 511, 559, 571, 575, 590, 594, 600, 607, 608, 610, 611, 612, 619, 627, 640, 643, 650, 654, 656, 659, 667, 669, 685, 701, 726, 729, 737, 777, 779, 782, 783, 787, 790, 791, 809, 817, 819, 830, 833, 834, 836, 845, 856, 857, 860, 862, 875, 880, 887, 888, 899, 900, 914, 918, 921, 928, 929, 930]","[12, 24, 25, 28, 88, 100, 104, 119, 123, 129, 136, 137, 139, 140, 141, 148, 155, 169, 172, 179, 183, 185, 188, 196, 198, 217, 237, 267, 270, 278, 319, 321, 324, 325, 330, 334, 335, 354, 366, 369, 380, 383, 384, 386, 395, 407, 411, 423, 428, 436, 437, 452, 453, 456, 467, 471, 477, 478, 479, 497, 508, 511, 559, 571, 575, 590, 594, 600, 607, 608, 610, 611, 612, 619, 627, 640, 643, 650, 654, 656, 659, 667, 669, 685, 701, 726, 729, 737, 777, 779, 782, 783, 787, 790, 791, 809, 817, 819, 830, 833, 834, 836, 845, 856, 857, 860, 862, 875, 880, 887, 888, 899, 900, 914, 918, 921, 928, 929, 930]","[12, 24, 25, 28, 559, 571, 575, 590, 594, 88, 600, 607, 608, 610, 611, 100, 612, 104, 619, 627, 119, 123, 640, 129, 643, 136, 137, 650, 139, 140, 141, 654, 656, 659, 148, 155, 667, 669, 169, 172, 685, 179, 183, 185, 188, 701, 196, 198, 726, 217, 729, 737, 237, 777, 267, 779, 270, 782, 783, 787, 278, 790, 791, 809, 817, 819, 830, 319, 321, 833, 834, 324, 325, 836, 330, 845, 334, 335, 856, 857, 860, 862, 354, 875, 366, 880, 369, 887, 888, 380, 383, 384, 386, 899, 900, 395, 914, 918, 407, 921, 411, 928, 929, 930, 423, 428, 436, 437, 452, 453, 456, 467, 471, 477, 478, 479, 497, 508, 511]",False,[],[],[],[],"[452, 899]","[12, 24, 25, 28, 88, 100, 104, 119, 123, 129, 136, 137, 139, 140, 141, 148, 155, 169, 172, 179, 183, 185, 188, 196, 198, 217, 237, 267, 270, 278, 319, 321, 324, 325, 330, 334, 335, 354, 366, 369, 380, 383, 384, 386, 395, 407, 411, 423, 428, 436, 437, 452, 453, 456, 467, 471, 477, 478, 479, 497, 508, 511, 559, 571, 575, 590, 594, 600, 607, 608, 610, 611, 612, 619, 627, 640, 643, 650, 654, 656, 659, 667, 669, 685, 701, 726, 729, 737, 777, 779, 782, 783, 787, 790, 791, 809, 817, 819, 830, 833, 834, 836, 845, 856, 857, 860, 862, 875, 880, 887, 888, 899, 900, 914, 918, 921, 928, 929, 930]","[12, 24, 25, 28, 88, 100, 104, 119, 123, 129, 136, 137, 139, 140, 141, 148, 155, 169, 172, 179, 183, 185, 188, 196, 198, 217, 237, 267, 270, 278, 319, 321, 324, 325, 330, 334, 335, 354, 366, 369, 380, 383, 384, 386, 395, 407, 411, 423, 428, 436, 437, 452, 453, 456, 467, 471, 477, 478, 479, 497, 508, 511, 559, 571, 575, 590, 594, 600, 607, 608, 610, 611, 612, 619, 627, 640, 643, 650, 654, 656, 659, 667, 669, 685, 701, 726, 729, 737, 777, 779, 782, 783, 787, 790, 791, 809, 817, 819, 830, 833, 834, 836, 845, 856, 857, 860, 862, 875, 880, 887, 888, 899, 900, 914, 918, 921, 928, 929, 930]",0/6 successful match,False,,False,636,False,,,,,
Loving ( 88256 ) Brewer Chevron,575-745-2370 100 US 285 N & Cedar St,<U+2610> <U+2610>,Loving,88256,Brewer Chevron,575-745-2370,2015,Loving,NM,Chevron,,100 US 285 N & Cedar St,Proper,,False,,False,US 285,Cedar St,,,,[],[],[],[],[],"[452, 899]","[12, 24, 25, 28, 88, 100, 104, 119, 123, 129, 136, 137, 139, 140, 141, 148, 155, 169, 172, 179, 183, 185, 188, 196, 198, 217, 237, 267, 270, 278, 319, 321, 324, 325, 330, 334, 335, 354, 366, 369, 380, 383, 384, 386, 395, 407, 411, 423, 428, 436, 437, 452, 453, 456, 467, 471, 477, 478, 479, 497, 508, 511, 559, 571, 575, 590, 594, 600, 607, 608, 610, 611, 612, 619, 627, 640, 643, 650, 654, 656, 659, 667, 669, 685, 701, 726, 729, 737, 777, 779, 782, 783, 787, 790, 791, 809, 817, 819, 830, 833, 834, 836, 845, 856, 857, 860, 862, 875, 880, 887, 888, 899, 900, 914, 918, 921, 928, 929, 930]","[12, 24, 25, 28, 88, 100, 104, 119, 123, 129, 136, 137, 139, 140, 141, 148, 155, 169, 172, 179, 183, 185, 188, 196, 198, 217, 237, 267, 270, 278, 319, 321, 324, 325, 330, 334, 335, 354, 366, 369, 380, 383, 384, 386, 395, 407, 411, 423, 428, 436, 437, 452, 453, 456, 467, 471, 477, 478, 479, 497, 508, 511, 559, 571, 575, 590, 594, 600, 607, 608, 610, 611, 612, 619, 627, 640, 643, 650, 654, 656, 659, 667, 669, 685, 701, 726, 729, 737, 777, 779, 782, 783, 787, 790, 791, 809, 817, 819, 830, 833, 834, 836, 845, 856, 857, 860, 862, 875, 880, 887, 888, 899, 900, 914, 918, 921, 928, 929, 930]","[12, 24, 25, 28, 559, 571, 575, 590, 594, 88, 600, 607, 608, 610, 611, 100, 612, 104, 619, 627, 119, 123, 640, 129, 643, 136, 137, 650, 139, 140, 141, 654, 656, 659, 148, 155, 667, 669, 169, 172, 685, 179, 183, 185, 188, 701, 196, 198, 726, 217, 729, 737, 237, 777, 267, 779, 270, 782, 783, 787, 278, 790, 791, 809, 817, 819, 830, 319, 321, 833, 834, 324, 325, 836, 330, 845, 334, 335, 856, 857, 860, 862, 354, 875, 366, 880, 369, 887, 888, 380, 383, 384, 386, 899, 900, 395, 914, 918, 407, 921, 411, 928, 929, 930, 423, 428, 436, 437, 452, 453, 456, 467, 471, 477, 478, 479, 497, 508, 511]",False,[],[],[],[],"[452, 899]","[12, 24, 25, 28, 88, 100, 104, 119, 123, 129, 136, 137, 139, 140, 141, 148, 155, 169, 172, 179, 183, 185, 188, 196, 198, 217, 237, 267, 270, 278, 319, 321, 324, 325, 330, 334, 335, 354, 366, 369, 380, 383, 384, 386, 395, 407, 411, 423, 428, 436, 437, 452, 453, 456, 467, 471, 477, 478, 479, 497, 508, 511, 559, 571, 575, 590, 594, 600, 607, 608, 610, 611, 612, 619, 627, 640, 643, 650, 654, 656, 659, 667, 669, 685, 701, 726, 729, 737, 777, 779, 782, 783, 787, 790, 791, 809, 817, 819, 830, 833, 834, 836, 845, 856, 857, 860, 862, 875, 880, 887, 888, 899, 900, 914, 918, 921, 928, 929, 930]","[12, 24, 25, 28, 88, 100, 104, 119, 123, 129, 136, 137, 139, 140, 141, 148, 155, 169, 172, 179, 183, 185, 188, 196, 198, 217, 237, 267, 270, 278, 319, 321, 324, 325, 330, 334, 335, 354, 366, 369, 380, 383, 384, 386, 395, 407, 411, 423, 428, 436, 437, 452, 453, 456, 467, 471, 477, 478, 479, 497, 508, 511, 559, 571, 575, 590, 594, 600, 607, 608, 610, 611, 612, 619, 627, 640, 643, 650, 654, 656, 659, 667, 669, 685, 701, 726, 729, 737, 777, 779, 782, 783, 787, 790, 791, 809, 817, 819, 830, 833, 834, 836, 845, 856, 857, 860, 862, 875, 880, 887, 888, 899, 900, 914, 918, 921, 928, 929, 930]",0/6 successful match,False,,False,636,False,,0.7093023255813954,True,Loving Truck Stop ( Chevron ),Chevron
Loving ( 88256 ) Brewer Chevron,6 575-745-2370 100 US 285 N & Cedar St,<U+2610> <U+25A1> <U+25A1> <U+2610>,Loving,88256,Brewer Chevron,575-745-2370,2016,Loving,NM,Chevron,,100 US 285 N & Cedar St,Proper,,False,,False,US 285,Cedar St,,,,[],[],[],[],[],"[452, 899]","[12, 24, 25, 28, 88, 100, 104, 119, 123, 129, 136, 137, 139, 140, 141, 148, 155, 169, 172, 179, 183, 185, 188, 196, 198, 217, 237, 267, 270, 278, 319, 321, 324, 325, 330, 334, 335, 354, 366, 369, 380, 383, 384, 386, 395, 407, 411, 423, 428, 436, 437, 452, 453, 456, 467, 471, 477, 478, 479, 497, 508, 511, 559, 571, 575, 590, 594, 600, 607, 608, 610, 611, 612, 619, 627, 640, 643, 650, 654, 656, 659, 667, 669, 685, 701, 726, 729, 737, 777, 779, 782, 783, 787, 790, 791, 809, 817, 819, 830, 833, 834, 836, 845, 856, 857, 860, 862, 875, 880, 887, 888, 899, 900, 914, 918, 921, 928, 929, 930]","[12, 24, 25, 28, 88, 100, 104, 119, 123, 129, 136, 137, 139, 140, 141, 148, 155, 169, 172, 179, 183, 185, 188, 196, 198, 217, 237, 267, 270, 278, 319, 321, 324, 325, 330, 334, 335, 354, 366, 369, 380, 383, 384, 386, 395, 407, 411, 423, 428, 436, 437, 452, 453, 456, 467, 471, 477, 478, 479, 497, 508, 511, 559, 571, 575, 590, 594, 600, 607, 608, 610, 611, 612, 619, 627, 640, 643, 650, 654, 656, 659, 667, 669, 685, 701, 726, 729, 737, 777, 779, 782, 783, 787, 790, 791, 809, 817, 819, 830, 833, 834, 836, 845, 856, 857, 860, 862, 875, 880, 887, 888, 899, 900, 914, 918, 921, 928, 929, 930]","[12, 24, 25, 28, 559, 571, 575, 590, 594, 88, 600, 607, 608, 610, 611, 100, 612, 104, 619, 627, 119, 123, 640, 129, 643, 136, 137, 650, 139, 140, 141, 654, 656, 659, 148, 155, 667, 669, 169, 172, 685, 179, 183, 185, 188, 701, 196, 198, 726, 217, 729, 737, 237, 777, 267, 779, 270, 782, 783, 787, 278, 790, 791, 809, 817, 819, 830, 319, 321, 833, 834, 324, 325, 836, 330, 845, 334, 335, 856, 857, 860, 862, 354, 875, 366, 880, 369, 887, 888, 380, 383, 384, 386, 899, 900, 395, 914, 918, 407, 921, 411, 928, 929, 930, 423, 428, 436, 437, 452, 453, 456, 467, 471, 477, 478, 479, 497, 508, 511]",False,[],[],[],[],"[452, 899]","[12, 24, 25, 28, 88, 100, 104, 119, 123, 129, 136, 137, 139, 140, 141, 148, 155, 169, 172, 179, 183, 185, 188, 196, 198, 217, 237, 267, 270, 278, 319, 321, 324, 325, 330, 334, 335, 354, 366, 369, 380, 383, 384, 386, 395, 407, 411, 423, 428, 436, 437, 452, 453, 456, 467, 471, 477, 478, 479, 497, 508, 511, 559, 571, 575, 590, 594, 600, 607, 608, 610, 611, 612, 619, 627, 640, 643, 650, 654, 656, 659, 667, 669, 685, 701, 726, 729, 737, 777, 779, 782, 783, 787, 790, 791, 809, 817, 819, 830, 833, 834, 836, 845, 856, 857, 860, 862, 875, 880, 887, 888, 899, 900, 914, 918, 921, 928, 929, 930]","[12, 24, 25, 28, 88, 100, 104, 119, 123, 129, 136, 137, 139, 140, 141, 148, 155, 169, 172, 179, 183, 185, 188, 196, 198, 217, 237, 267, 270, 278, 319, 321, 324, 325, 330, 334, 335, 354, 366, 369, 380, 383, 384, 386, 395, 407, 411, 423, 428, 436, 437, 452, 453, 456, 467, 471, 477, 478, 479, 497, 508, 511, 559, 571, 575, 590, 594, 600, 607, 608, 610, 611, 612, 619, 627, 640, 643, 650, 654, 656, 659, 667, 669, 685, 701, 726, 729, 737, 777, 779, 782, 783, 787, 790, 791, 809, 817, 819, 830, 833, 834, 836, 845, 856, 857, 860, 862, 875, 880, 887, 888, 899, 900, 914, 918, 921, 928, 929, 930]",0/6 successful match,False,,False,636,False,,1.0,True,Brewer Chevron,Chevron
"Tatum , 88267 Town & Country # 236",505-398-2432 US 380 & NM 206,SOO O,Tatum,88267,Town & Country # 236,505-398-2432,2006,Tatum,NM,,,US 380 & NM 206,empty,,False,,False,US 380,NM 206,,,,[],[],[],[],[],"[459, 906]",[],[],"[906, 459]",False,[],[],[],[],"[459, 906]",[],[],0/6 successful match,False,,False,637,False,,,,,
"Tatum , 88267 Town & Country # 236",505-398-2432 US 380 & NM 206,HRS 24 <U+2610> S,Tatum,88267,Town & Country # 236,505-398-2432,2007,Tatum,NM,,,US 380 & NM 206,empty,,False,,False,US 380,NM 206,,,,[],[],[],[],[],"[459, 906]",[],[],"[906, 459]",False,[],[],[],[],"[459, 906]",[],[],0/6 successful match,False,,False,637,False,,1.0,True,Town & Country # 236,
"Tatum , 88267 Town & Country # 236",505-398-2432 10 US 380 E & NM 206,24 S,Tatum,88267,Town & Country # 236,505-398-2432,2008,Tatum,NM,,,10 US 380 E & NM 206,Proper,,False,,False,US 380,NM 206,,,,[],[],[],[],[],"[459, 906]",[],[],"[906, 459]",False,[],[],[],[],"[459, 906]",[],[],0/6 successful match,False,,False,637,False,,1.0,True,Town & Country # 236,
Tatum ( 88267 ) Stripes # 0236 ( Conoco ) ),575-398-2432 10 US 380 E & NM 206,24 S,Tatum,88267,Stripes # 0236 ( Conoco ) ),575-398-2432,2014,Tatum,NM,Conoco,,10 US 380 E & NM 206,Proper,,False,,False,US 380,NM 206,,,,[],[],[],[],[],"[459, 906]","[3, 27, 349, 406, 451, 489, 510, 804, 855, 898]","[3, 27, 297, 349, 406, 451, 489, 510, 756, 804, 855, 898]","[898, 3, 451, 804, 489, 906, 459, 297, 756, 406, 855, 27, 349, 510]",False,[],[],[],[],"[459, 906]","[3, 27, 297, 349, 406, 451, 489, 510, 756, 804, 855, 898]","[3, 27, 349, 406, 451, 489, 510, 804, 855, 898]",0/6 successful match,False,,False,637,True,2014,0.1702127659574468,True,Town & Country # 236,
G Tatum ( 88267 ) Stripes # 0236 ( Conoco ),575-398-2432 10 US 380 E & NM 206,24 S,Tatum,88267,Stripes # 0236 ( Conoco ),575-398-2432,2015,Tatum,NM,Conoco,,10 US 380 E & NM 206,Proper,,False,,False,US 380,NM 206,,,,[],[],[],[],[],"[459, 906]","[3, 27, 349, 406, 451, 489, 510, 804, 855, 898]","[3, 27, 297, 349, 406, 451, 489, 510, 756, 804, 855, 898]","[898, 3, 451, 804, 489, 906, 459, 297, 756, 406, 855, 27, 349, 510]",False,[],[],[],[],"[459, 906]","[3, 27, 297, 349, 406, 451, 489, 510, 756, 804, 855, 898]","[3, 27, 349, 406, 451, 489, 510, 804, 855, 898]",0/6 successful match,False,,False,637,False,,1.0,True,Stripes # 0236 ( Conoco ) ),Conoco
Tatum ( 88267 ) Stripes # 0236 ( NM ( Conoco 58 ) ),575-398-2432 10 US 380 E & NM 206,24 S 24,Tatum,88267,Stripes # 0236 ( NM ( Conoco 58 ) ),575-398-2432,2016,Tatum,NM,Conoco,,10 US 380 E & NM 206,Proper,,False,,False,US 380,NM 206,,,,[],[],[],[],[],"[459, 906]","[3, 27, 349, 406, 451, 489, 510, 804, 855, 898]","[3, 27, 297, 349, 406, 451, 489, 510, 756, 804, 855, 898]","[898, 3, 451, 804, 489, 906, 459, 297, 756, 406, 855, 27, 349, 510]",False,[],[],[],[],"[459, 906]","[3, 27, 297, 349, 406, 451, 489, 510, 756, 804, 855, 898]","[3, 27, 349, 406, 451, 489, 510, 804, 855, 898]",0/6 successful match,False,,False,637,False,,1.0,True,Stripes # 0236 ( Conoco ),Conoco
"Carrizozo , 88301 Carrizozo Texaco",505-648-2707 US 54 & US 380,<U+2610>,Carrizozo,88301,Carrizozo Texaco,505-648-2707,2008,Carrizozo,NM,Texaco,,US 54 & US 380,empty,,False,,False,US 54,US 380,,,,[],[],[],[],[],"[459, 906]","[26, 390, 474, 486, 509, 840, 922, 926]","[26, 390, 474, 486, 509, 840, 922, 926]","[390, 486, 840, 906, 459, 474, 26, 509, 926, 922]",False,[],[],[],[],"[459, 906]","[26, 390, 474, 486, 509, 840, 922, 926]","[26, 390, 474, 486, 509, 840, 922, 926]",0/6 successful match,False,,False,638,False,,,,,
Carrizozo ( 88301 ) Carrizozo Valero,575-648-2707 US 54 & US 380,<U+2610> <U+25A1>,Carrizozo,88301,Carrizozo Valero,575-648-2707,2014,Carrizozo,NM,Valero,,US 54 & US 380,empty,,False,,False,US 54,US 380,,,,[],[],[],[],[],"[459, 906]","[2, 9, 10, 82, 111, 112, 113, 199, 279, 284, 285, 300, 488, 494, 495, 553, 581, 582, 583, 670, 738, 743, 744, 759, 818]","[2, 9, 10, 82, 111, 112, 113, 199, 279, 284, 285, 300, 488, 494, 495, 553, 581, 582, 583, 670, 738, 743, 744, 759, 818]","[2, 9, 906, 10, 279, 284, 285, 670, 553, 300, 818, 581, 582, 199, 583, 459, 82, 738, 743, 488, 744, 494, 111, 112, 113, 495, 759]",False,[],[],[],[],"[459, 906]","[2, 9, 10, 82, 111, 112, 113, 199, 279, 284, 285, 300, 488, 494, 495, 553, 581, 582, 583, 670, 738, 743, 744, 759, 818]","[2, 9, 10, 82, 111, 112, 113, 199, 279, 284, 285, 300, 488, 494, 495, 553, 581, 582, 583, 670, 738, 743, 744, 759, 818]",0/6 successful match,False,,False,638,False,,0.625,False,Carrizozo Texaco,Texaco
Carrizozo ( 88301 ) Carrizozo Valero S of jct ),575-648-2707 US 54 & US 380,<U+2610> <U+25A1>,Carrizozo,88301,Carrizozo Valero S of jct ),575-648-2707,2015,Carrizozo,NM,Valero,,US 54 & US 380,empty,,False,,False,US 54,US 380,,,,[],[],[],[],[],"[459, 906]","[2, 9, 10, 82, 111, 112, 113, 199, 279, 284, 285, 300, 488, 494, 495, 553, 581, 582, 583, 670, 738, 743, 744, 759, 818]","[2, 9, 10, 82, 111, 112, 113, 199, 279, 284, 285, 300, 488, 494, 495, 553, 581, 582, 583, 670, 738, 743, 744, 759, 818]","[2, 9, 906, 10, 279, 284, 285, 670, 553, 300, 818, 581, 582, 199, 583, 459, 82, 738, 743, 488, 744, 494, 111, 112, 113, 495, 759]",False,[],[],[],[],"[459, 906]","[2, 9, 10, 82, 111, 112, 113, 199, 279, 284, 285, 300, 488, 494, 495, 553, 581, 582, 583, 670, 738, 743, 744, 759, 818]","[2, 9, 10, 82, 111, 112, 113, 199, 279, 284, 285, 300, 488, 494, 495, 553, 581, 582, 583, 670, 738, 743, 744, 759, 818]",0/6 successful match,False,,False,638,False,,0.989922480620155,True,Carrizozo Valero,Valero
F Carrizozo ( 88301 ) Carrizozo Valero of jct ),4 575-648-2707 US 54 & US 380,D,Carrizozo,88301,Carrizozo Valero of jct ),575-648-2707,2016,Carrizozo,NM,Valero,,US 54 & US 380,empty,,False,,False,US 54,US 380,,,,[],[],[],[],[],"[459, 906]","[2, 9, 10, 82, 111, 112, 113, 199, 279, 284, 285, 300, 488, 494, 495, 553, 581, 582, 583, 670, 738, 743, 744, 759, 818]","[2, 9, 10, 82, 111, 112, 113, 199, 279, 284, 285, 300, 488, 494, 495, 553, 581, 582, 583, 670, 738, 743, 744, 759, 818]","[2, 9, 906, 10, 279, 284, 285, 670, 553, 300, 818, 581, 582, 199, 583, 459, 82, 738, 743, 488, 744, 494, 111, 112, 113, 495, 759]",False,[],[],[],[],"[459, 906]","[2, 9, 10, 82, 111, 112, 113, 199, 279, 284, 285, 300, 488, 494, 495, 553, 581, 582, 583, 670, 738, 743, 744, 759, 818]","[2, 9, 10, 82, 111, 112, 113, 199, 279, 284, 285, 300, 488, 494, 495, 553, 581, 582, 583, 670, 738, 743, 744, 759, 818]",0/6 successful match,False,,False,638,False,,1.0,True,Carrizozo Valero S of jct ),Valero
"Alamogordo , 88310 J & J Mini Market # 11 ( Exxon )",505-434-4317 901 US 70 W ( MM 212 ),HRS <U+2610> M,Alamogordo,88310,J & J Mini Market # 11 ( Exxon ),505-434-4317,2006,Alamogordo,NM,Exxon,( MM 212 ),901 US 70 W,Proper,,False,,False,US 70,,,,,[],[],[],[],[],"[179, 219, 399, 421, 432, 434, 462, 466, 469, 476, 479, 650, 848, 873, 884, 886, 909, 913, 916, 925, 930]","[398, 399, 400, 848, 849]","[2, 195, 398, 399, 400, 488, 666, 848, 849]","[2, 650, 909, 398, 399, 400, 913, 916, 666, 925, 930, 421, 432, 434, 179, 195, 462, 848, 849, 466, 469, 219, 476, 479, 488, 873, 884, 886]",False,[],[],[],[],"[179, 219, 399, 421, 432, 434, 462, 466, 469, 476, 479, 650, 848, 873, 884, 886, 909, 913, 916, 925, 930]","[2, 195, 398, 399, 400, 488, 666, 848, 849]","[398, 399, 400, 848, 849]",0/6 successful match,False,,False,639,False,,,,,
"Alamogordo , 88310 J & J Mini Market # 11 ( Exxon )",505-434-4317 901 US 70 W ( MM 212 ),24 HRS <U+25A1>,Alamogordo,88310,J & J Mini Market # 11 ( Exxon ),505-434-4317,2007,Alamogordo,NM,Exxon,( MM 212 ),901 US 70 W,Proper,,False,,False,US 70,,,,,[],[],[],[],[],"[179, 219, 399, 421, 432, 434, 462, 466, 469, 476, 479, 650, 848, 873, 884, 886, 909, 913, 916, 925, 930]","[398, 399, 400, 848, 849]","[2, 195, 398, 399, 400, 488, 666, 848, 849]","[2, 650, 909, 398, 399, 400, 913, 916, 666, 925, 930, 421, 432, 434, 179, 195, 462, 848, 849, 466, 469, 219, 476, 479, 488, 873, 884, 886]",False,[],[],[],[],"[179, 219, 399, 421, 432, 434, 462, 466, 469, 476, 479, 650, 848, 873, 884, 886, 909, 913, 916, 925, 930]","[2, 195, 398, 399, 400, 488, 666, 848, 849]","[398, 399, 400, 848, 849]",0/6 successful match,False,,False,639,False,,1.0,True,J & J Mini Market # 11 ( Exxon ),Exxon
", 88310 J & J Mini Market # 11 ( Exxon ) )",Alamogordo 505-434-4317 901 US 70 W ( MM 212 ),1015 HIRS 24 Sm,,88310,J & J Mini Market # 11 ( Exxon ) ),505-434-4317,2008,Alamogordo,NM,Exxon,( MM 212 ),901 US 70 W,Proper,,False,,False,US 70,,,,,[],[],[],[],[],"[179, 219, 399, 421, 432, 434, 462, 466, 469, 476, 479, 650, 848, 873, 884, 886, 909, 913, 916, 925, 930]","[398, 399, 400, 848, 849]","[2, 195, 398, 399, 400, 488, 666, 848, 849]","[2, 650, 909, 398, 399, 400, 913, 916, 666, 925, 930, 421, 432, 434, 179, 195, 462, 848, 849, 466, 469, 219, 476, 479, 488, 873, 884, 886]",False,[],[],[],[],"[179, 219, 399, 421, 432, 434, 462, 466, 469, 476, 479, 650, 848, 873, 884, 886, 909, 913, 916, 925, 930]","[2, 195, 398, 399, 400, 488, 666, 848, 849]","[398, 399, 400, 848, 849]",0/6 successful match,False,,False,639,False,,1.0,True,J & J Mini Market # 11 ( Exxon ),Exxon
"Alamogordo , 88310 Timeout Travel Center ( Shamrock )",4 505-437-0000 3500 US 82 N ( S of N Jct US 54-70 ),M 244 4F,Alamogordo,88310,Timeout Travel Center ( Shamrock ),505-437-0000,2006,Alamogordo,NM,Shamrock,( S of N Jct US 54-70 ),3500 US 82 N,Proper,,False,,False,US 82,,,,,[],[],[],[],[],[],[],[],[],False,[],[],[],[],[],[],[],0/6 successful match,False,,False,640,False,,,,,
"Alamogordo , 88310 Timeout Travel Center ( Shamrock )",505-437-0000 3500 US 82 N ( S of N Jct US 54-70 ),) ) HRS 24 00,Alamogordo,88310,Timeout Travel Center ( Shamrock ),505-437-0000,2007,Alamogordo,NM,Shamrock,( S of N Jct US 54-70 ),3500 US 82 N,Proper,,False,,False,US 82,,,,,[],[],[],[],[],[],[],[],[],False,[],[],[],[],[],[],[],0/6 successful match,False,,False,640,False,,1.0,True,Timeout Travel Center ( Shamrock ),Shamrock
"Alamogordo , 88310 Timeout Travel Center ( Valero )",505-437-0000 3500 US 82 N ( S of N Jct US 54-70 ),HIRS 24,Alamogordo,88310,Timeout Travel Center ( Valero ),505-437-0000,2008,Alamogordo,NM,Valero,( S of N Jct US 54-70 ),3500 US 82 N,Proper,,False,,False,US 82,,,,,[],[],[],[],[],[],"[2, 9, 10, 82, 111, 112, 113, 199, 279, 284, 285, 300, 488, 494, 495, 553, 581, 582, 583, 670, 738, 743, 744, 759, 818]","[2, 9, 10, 82, 111, 112, 113, 199, 279, 284, 285, 300, 488, 494, 495, 553, 581, 582, 583, 670, 738, 743, 744, 759, 818]","[2, 9, 10, 279, 284, 285, 670, 553, 300, 818, 581, 582, 199, 583, 82, 738, 743, 488, 744, 494, 111, 112, 113, 495, 759]",False,[],[],[],[],[],"[2, 9, 10, 82, 111, 112, 113, 199, 279, 284, 285, 300, 488, 494, 495, 553, 581, 582, 583, 670, 738, 743, 744, 759, 818]","[2, 9, 10, 82, 111, 112, 113, 199, 279, 284, 285, 300, 488, 494, 495, 553, 581, 582, 583, 670, 738, 743, 744, 759, 818]",0/6 successful match,False,,False,640,False,,0.9636363636363636,False,Timeout Travel Center ( Shamrock ),Shamrock
"Alamogordo , 88310 Chevron Food Mart",4 505-437-4464 US 70 W MM 212,<U+2610> S,Alamogordo,88310,Chevron Food Mart,505-437-4464,2006,Alamogordo,NM,Chevron,,US 70 W MM 212,empty,,False,,False,US 70,,,,,[],[],[],[],[],"[179, 219, 399, 421, 432, 434, 462, 466, 469, 476, 479, 650, 848, 873, 884, 886, 909, 913, 916, 925, 930]","[12, 24, 25, 28, 88, 100, 104, 119, 123, 129, 136, 137, 139, 140, 141, 148, 155, 169, 172, 179, 183, 185, 188, 196, 198, 217, 237, 267, 270, 278, 319, 321, 324, 325, 330, 334, 335, 354, 366, 369, 380, 383, 384, 386, 395, 407, 411, 423, 428, 436, 437, 452, 453, 456, 467, 471, 477, 478, 479, 497, 508, 511, 559, 571, 575, 590, 594, 600, 607, 608, 610, 611, 612, 619, 627, 640, 643, 650, 654, 656, 659, 667, 669, 685, 701, 726, 729, 737, 777, 779, 782, 783, 787, 790, 791, 809, 817, 819, 830, 833, 834, 836, 845, 856, 857, 860, 862, 875, 880, 887, 888, 899, 900, 914, 918, 921, 928, 929, 930]","[12, 24, 25, 28, 88, 100, 104, 119, 123, 129, 136, 137, 139, 140, 141, 148, 155, 169, 172, 179, 183, 185, 188, 196, 198, 217, 237, 267, 270, 278, 319, 321, 324, 325, 330, 334, 335, 354, 366, 369, 380, 383, 384, 386, 395, 407, 411, 423, 428, 436, 437, 452, 453, 456, 467, 471, 477, 478, 479, 497, 508, 511, 559, 571, 575, 590, 594, 600, 607, 608, 610, 611, 612, 619, 627, 640, 643, 650, 654, 656, 659, 667, 669, 685, 701, 726, 729, 737, 777, 779, 782, 783, 787, 790, 791, 809, 817, 819, 830, 833, 834, 836, 845, 856, 857, 860, 862, 875, 880, 887, 888, 899, 900, 914, 918, 921, 928, 929, 930]","[12, 24, 25, 28, 559, 571, 575, 590, 594, 88, 600, 607, 608, 610, 611, 100, 612, 104, 619, 627, 119, 123, 640, 129, 643, 136, 137, 650, 139, 140, 141, 654, 656, 659, 148, 155, 667, 669, 169, 172, 685, 179, 183, 185, 188, 701, 196, 198, 726, 217, 729, 219, 737, 237, 777, 267, 779, 270, 782, 783, 787, 278, 790, 791, 809, 817, 819, 830, 319, 321, 833, 834, 324, 325, 836, 330, 845, 334, 335, 848, 856, 857, 860, 862, 354, 873, 875, 366, 880, 369, 884, 886, 887, 888, 380, 383, 384, 386, 899, 900, 395, 909, 399, 913, 914, 916, 918, 407, 921, 411, 925, 928, 929, 930, 421, 423, 428, 432, 434, 436, 437, 452, 453, 456, 462, 466, 467, 469, 471, 476, 477, 478, 479, 497, 508, 511]",False,[],[],[],[],"[179, 219, 399, 421, 432, 434, 462, 466, 469, 476, 479, 650, 848, 873, 884, 886, 909, 913, 916, 925, 930]","[12, 24, 25, 28, 88, 100, 104, 119, 123, 129, 136, 137, 139, 140, 141, 148, 155, 169, 172, 179, 183, 185, 188, 196, 198, 217, 237, 267, 270, 278, 319, 321, 324, 325, 330, 334, 335, 354, 366, 369, 380, 383, 384, 386, 395, 407, 411, 423, 428, 436, 437, 452, 453, 456, 467, 471, 477, 478, 479, 497, 508, 511, 559, 571, 575, 590, 594, 600, 607, 608, 610, 611, 612, 619, 627, 640, 643, 650, 654, 656, 659, 667, 669, 685, 701, 726, 729, 737, 777, 779, 782, 783, 787, 790, 791, 809, 817, 819, 830, 833, 834, 836, 845, 856, 857, 860, 862, 875, 880, 887, 888, 899, 900, 914, 918, 921, 928, 929, 930]","[12, 24, 25, 28, 88, 100, 104, 119, 123, 129, 136, 137, 139, 140, 141, 148, 155, 169, 172, 179, 183, 185, 188, 196, 198, 217, 237, 267, 270, 278, 319, 321, 324, 325, 330, 334, 335, 354, 366, 369, 380, 383, 384, 386, 395, 407, 411, 423, 428, 436, 437, 452, 453, 456, 467, 471, 477, 478, 479, 497, 508, 511, 559, 571, 575, 590, 594, 600, 607, 608, 610, 611, 612, 619, 627, 640, 643, 650, 654, 656, 659, 667, 669, 685, 701, 726, 729, 737, 777, 779, 782, 783, 787, 790, 791, 809, 817, 819, 830, 833, 834, 836, 845, 856, 857, 860, 862, 875, 880, 887, 888, 899, 900, 914, 918, 921, 928, 929, 930]",0/6 successful match,False,,False,641,False,,,,,
"Alamogordo , 88310 Brewer Chevron",505-437-4464 US 70 W MM 212,,Alamogordo,88310,Brewer Chevron,505-437-4464,2007,Alamogordo,NM,Chevron,,US 70 W MM 212,empty,,False,,False,US 70,,,,,[],[],[],[],[],"[179, 219, 399, 421, 432, 434, 462, 466, 469, 476, 479, 650, 848, 873, 884, 886, 909, 913, 916, 925, 930]","[12, 24, 25, 28, 88, 100, 104, 119, 123, 129, 136, 137, 139, 140, 141, 148, 155, 169, 172, 179, 183, 185, 188, 196, 198, 217, 237, 267, 270, 278, 319, 321, 324, 325, 330, 334, 335, 354, 366, 369, 380, 383, 384, 386, 395, 407, 411, 423, 428, 436, 437, 452, 453, 456, 467, 471, 477, 478, 479, 497, 508, 511, 559, 571, 575, 590, 594, 600, 607, 608, 610, 611, 612, 619, 627, 640, 643, 650, 654, 656, 659, 667, 669, 685, 701, 726, 729, 737, 777, 779, 782, 783, 787, 790, 791, 809, 817, 819, 830, 833, 834, 836, 845, 856, 857, 860, 862, 875, 880, 887, 888, 899, 900, 914, 918, 921, 928, 929, 930]","[12, 24, 25, 28, 88, 100, 104, 119, 123, 129, 136, 137, 139, 140, 141, 148, 155, 169, 172, 179, 183, 185, 188, 196, 198, 217, 237, 267, 270, 278, 319, 321, 324, 325, 330, 334, 335, 354, 366, 369, 380, 383, 384, 386, 395, 407, 411, 423, 428, 436, 437, 452, 453, 456, 467, 471, 477, 478, 479, 497, 508, 511, 559, 571, 575, 590, 594, 600, 607, 608, 610, 611, 612, 619, 627, 640, 643, 650, 654, 656, 659, 667, 669, 685, 701, 726, 729, 737, 777, 779, 782, 783, 787, 790, 791, 809, 817, 819, 830, 833, 834, 836, 845, 856, 857, 860, 862, 875, 880, 887, 888, 899, 900, 914, 918, 921, 928, 929, 930]","[12, 24, 25, 28, 559, 571, 575, 590, 594, 88, 600, 607, 608, 610, 611, 100, 612, 104, 619, 627, 119, 123, 640, 129, 643, 136, 137, 650, 139, 140, 141, 654, 656, 659, 148, 155, 667, 669, 169, 172, 685, 179, 183, 185, 188, 701, 196, 198, 726, 217, 729, 219, 737, 237, 777, 267, 779, 270, 782, 783, 787, 278, 790, 791, 809, 817, 819, 830, 319, 321, 833, 834, 324, 325, 836, 330, 845, 334, 335, 848, 856, 857, 860, 862, 354, 873, 875, 366, 880, 369, 884, 886, 887, 888, 380, 383, 384, 386, 899, 900, 395, 909, 399, 913, 914, 916, 918, 407, 921, 411, 925, 928, 929, 930, 421, 423, 428, 432, 434, 436, 437, 452, 453, 456, 462, 466, 467, 469, 471, 476, 477, 478, 479, 497, 508, 511]",False,[],[],[],[],"[179, 219, 399, 421, 432, 434, 462, 466, 469, 476, 479, 650, 848, 873, 884, 886, 909, 913, 916, 925, 930]","[12, 24, 25, 28, 88, 100, 104, 119, 123, 129, 136, 137, 139, 140, 141, 148, 155, 169, 172, 179, 183, 185, 188, 196, 198, 217, 237, 267, 270, 278, 319, 321, 324, 325, 330, 334, 335, 354, 366, 369, 380, 383, 384, 386, 395, 407, 411, 423, 428, 436, 437, 452, 453, 456, 467, 471, 477, 478, 479, 497, 508, 511, 559, 571, 575, 590, 594, 600, 607, 608, 610, 611, 612, 619, 627, 640, 643, 650, 654, 656, 659, 667, 669, 685, 701, 726, 729, 737, 777, 779, 782, 783, 787, 790, 791, 809, 817, 819, 830, 833, 834, 836, 845, 856, 857, 860, 862, 875, 880, 887, 888, 899, 900, 914, 918, 921, 928, 929, 930]","[12, 24, 25, 28, 88, 100, 104, 119, 123, 129, 136, 137, 139, 140, 141, 148, 155, 169, 172, 179, 183, 185, 188, 196, 198, 217, 237, 267, 270, 278, 319, 321, 324, 325, 330, 334, 335, 354, 366, 369, 380, 383, 384, 386, 395, 407, 411, 423, 428, 436, 437, 452, 453, 456, 467, 471, 477, 478, 479, 497, 508, 511, 559, 571, 575, 590, 594, 600, 607, 608, 610, 611, 612, 619, 627, 640, 643, 650, 654, 656, 659, 667, 669, 685, 701, 726, 729, 737, 777, 779, 782, 783, 787, 790, 791, 809, 817, 819, 830, 833, 834, 836, 845, 856, 857, 860, 862, 875, 880, 887, 888, 899, 900, 914, 918, 921, 928, 929, 930]",0/6 successful match,False,,False,641,False,,0.7258064516129032,True,Chevron Food Mart,Chevron
"Alamogordo , 88310 Brewer Chevron",505-437-4464 US 70 W MM 212,1015 S <U+2610><U+2610> <U+2610> <U+2610>,Alamogordo,88310,Brewer Chevron,505-437-4464,2008,Alamogordo,NM,Chevron,,US 70 W MM 212,empty,,False,,False,US 70,,,,,[],[],[],[],[],"[179, 219, 399, 421, 432, 434, 462, 466, 469, 476, 479, 650, 848, 873, 884, 886, 909, 913, 916, 925, 930]","[12, 24, 25, 28, 88, 100, 104, 119, 123, 129, 136, 137, 139, 140, 141, 148, 155, 169, 172, 179, 183, 185, 188, 196, 198, 217, 237, 267, 270, 278, 319, 321, 324, 325, 330, 334, 335, 354, 366, 369, 380, 383, 384, 386, 395, 407, 411, 423, 428, 436, 437, 452, 453, 456, 467, 471, 477, 478, 479, 497, 508, 511, 559, 571, 575, 590, 594, 600, 607, 608, 610, 611, 612, 619, 627, 640, 643, 650, 654, 656, 659, 667, 669, 685, 701, 726, 729, 737, 777, 779, 782, 783, 787, 790, 791, 809, 817, 819, 830, 833, 834, 836, 845, 856, 857, 860, 862, 875, 880, 887, 888, 899, 900, 914, 918, 921, 928, 929, 930]","[12, 24, 25, 28, 88, 100, 104, 119, 123, 129, 136, 137, 139, 140, 141, 148, 155, 169, 172, 179, 183, 185, 188, 196, 198, 217, 237, 267, 270, 278, 319, 321, 324, 325, 330, 334, 335, 354, 366, 369, 380, 383, 384, 386, 395, 407, 411, 423, 428, 436, 437, 452, 453, 456, 467, 471, 477, 478, 479, 497, 508, 511, 559, 571, 575, 590, 594, 600, 607, 608, 610, 611, 612, 619, 627, 640, 643, 650, 654, 656, 659, 667, 669, 685, 701, 726, 729, 737, 777, 779, 782, 783, 787, 790, 791, 809, 817, 819, 830, 833, 834, 836, 845, 856, 857, 860, 862, 875, 880, 887, 888, 899, 900, 914, 918, 921, 928, 929, 930]","[12, 24, 25, 28, 559, 571, 575, 590, 594, 88, 600, 607, 608, 610, 611, 100, 612, 104, 619, 627, 119, 123, 640, 129, 643, 136, 137, 650, 139, 140, 141, 654, 656, 659, 148, 155, 667, 669, 169, 172, 685, 179, 183, 185, 188, 701, 196, 198, 726, 217, 729, 219, 737, 237, 777, 267, 779, 270, 782, 783, 787, 278, 790, 791, 809, 817, 819, 830, 319, 321, 833, 834, 324, 325, 836, 330, 845, 334, 335, 848, 856, 857, 860, 862, 354, 873, 875, 366, 880, 369, 884, 886, 887, 888, 380, 383, 384, 386, 899, 900, 395, 909, 399, 913, 914, 916, 918, 407, 921, 411, 925, 928, 929, 930, 421, 423, 428, 432, 434, 436, 437, 452, 453, 456, 462, 466, 467, 469, 471, 476, 477, 478, 479, 497, 508, 511]",False,[],[],[],[],"[179, 219, 399, 421, 432, 434, 462, 466, 469, 476, 479, 650, 848, 873, 884, 886, 909, 913, 916, 925, 930]","[12, 24, 25, 28, 88, 100, 104, 119, 123, 129, 136, 137, 139, 140, 141, 148, 155, 169, 172, 179, 183, 185, 188, 196, 198, 217, 237, 267, 270, 278, 319, 321, 324, 325, 330, 334, 335, 354, 366, 369, 380, 383, 384, 386, 395, 407, 411, 423, 428, 436, 437, 452, 453, 456, 467, 471, 477, 478, 479, 497, 508, 511, 559, 571, 575, 590, 594, 600, 607, 608, 610, 611, 612, 619, 627, 640, 643, 650, 654, 656, 659, 667, 669, 685, 701, 726, 729, 737, 777, 779, 782, 783, 787, 790, 791, 809, 817, 819, 830, 833, 834, 836, 845, 856, 857, 860, 862, 875, 880, 887, 888, 899, 900, 914, 918, 921, 928, 929, 930]","[12, 24, 25, 28, 88, 100, 104, 119, 123, 129, 136, 137, 139, 140, 141, 148, 155, 169, 172, 179, 183, 185, 188, 196, 198, 217, 237, 267, 270, 278, 319, 321, 324, 325, 330, 334, 335, 354, 366, 369, 380, 383, 384, 386, 395, 407, 411, 423, 428, 436, 437, 452, 453, 456, 467, 471, 477, 478, 479, 497, 508, 511, 559, 571, 575, 590, 594, 600, 607, 608, 610, 611, 612, 619, 627, 640, 643, 650, 654, 656, 659, 667, 669, 685, 701, 726, 729, 737, 777, 779, 782, 783, 787, 790, 791, 809, 817, 819, 830, 833, 834, 836, 845, 856, 857, 860, 862, 875, 880, 887, 888, 899, 900, 914, 918, 921, 928, 929, 930]",0/6 successful match,False,,False,641,False,,1.0,True,Brewer Chevron,Chevron
"Tularosa , 88310 Alamo - Rosa Fuel Stop ( Fina )",505-585-2103 US 54-70 MM 74,L <U+2610>,Tularosa,88310,Alamo - Rosa Fuel Stop ( Fina ),505-585-2103,2006,Alamogordo,NM,,,US 54-70 MM 74,empty,,False,,False,US 54-70,,,,,[],[],[],[],[],"[179, 219, 399, 421, 432, 434, 462, 466, 469, 476, 479, 650, 848, 873, 884, 886, 909, 913, 916, 925, 930]",[],"[338, 383, 794, 833]","[650, 909, 399, 913, 916, 794, 925, 930, 421, 432, 434, 179, 833, 462, 848, 466, 338, 469, 219, 476, 479, 873, 884, 886, 383]",False,[],[],[],[],"[179, 219, 399, 421, 432, 434, 462, 466, 469, 476, 479, 650, 848, 873, 884, 886, 909, 913, 916, 925, 930]","[338, 383, 794, 833]",[],0/6 successful match,False,,False,642,False,,,,,
"Tularosa , 88310 Alamo - Rosa Fuel Stop ( Fina )",505-585-2103 US 54-70 MM 74,M,Tularosa,88310,Alamo - Rosa Fuel Stop ( Fina ),505-585-2103,2007,Alamogordo,NM,,,US 54-70 MM 74,empty,,False,,False,US 54-70,,,,,[],[],[],[],[],"[179, 219, 399, 421, 432, 434, 462, 466, 469, 476, 479, 650, 848, 873, 884, 886, 909, 913, 916, 925, 930]",[],"[338, 383, 794, 833]","[650, 909, 399, 913, 916, 794, 925, 930, 421, 432, 434, 179, 833, 462, 848, 466, 338, 469, 219, 476, 479, 873, 884, 886, 383]",False,[],[],[],[],"[179, 219, 399, 421, 432, 434, 462, 466, 469, 476, 479, 650, 848, 873, 884, 886, 909, 913, 916, 925, 930]","[338, 383, 794, 833]",[],0/6 successful match,False,,False,642,False,,1.0,True,Alamo - Rosa Fuel Stop ( Fina ),
"Tularosa , 88310 Alamo - Rosa Fuel Stop",505-585-2103 US 54-70 MM 74,24 M <U+2610> <U+2610>,Tularosa,88310,Alamo - Rosa Fuel Stop,505-585-2103,2008,Alamogordo,NM,,,US 54-70 MM 74,empty,,False,,False,US 54-70,,,,,[],[],[],[],[],"[179, 219, 399, 421, 432, 434, 462, 466, 469, 476, 479, 650, 848, 873, 884, 886, 909, 913, 916, 925, 930]",[],"[338, 383, 794, 833]","[650, 909, 399, 913, 916, 794, 925, 930, 421, 432, 434, 179, 833, 462, 848, 466, 338, 469, 219, 476, 479, 873, 884, 886, 383]",False,[],[],[],[],"[179, 219, 399, 421, 432, 434, 462, 466, 469, 476, 479, 650, 848, 873, 884, 886, 909, 913, 916, 925, 930]","[338, 383, 794, 833]",[],0/6 successful match,False,,False,642,False,,1.0,True,Alamo - Rosa Fuel Stop ( Fina ),
Alamogordo ( 88310 ) Giant,575-434-4317 901 US 70 W ( MM 212 ),24 <U+2610> O,Alamogordo,88310,Giant,575-434-4317,2014,Alamogordo,NM,,( MM 212 ),901 US 70 W,Proper,,False,,False,US 70,,,,,[],[],[],[],[],"[179, 219, 399, 421, 432, 434, 462, 466, 469, 476, 479, 650, 848, 873, 884, 886, 909, 913, 916, 925, 930]",[],[],"[650, 909, 399, 913, 916, 925, 930, 421, 432, 434, 179, 462, 848, 466, 469, 219, 476, 479, 873, 884, 886]",False,[],[],[],[],"[179, 219, 399, 421, 432, 434, 462, 466, 469, 476, 479, 650, 848, 873, 884, 886, 909, 913, 916, 925, 930]",[],[],0/6 successful match,False,,False,642,True,2014,0.07407407407407407,True,Alamo - Rosa Fuel Stop,
G Alamogordo ( 88310 ) Giant N Jct US 54-70 ),575-434-4317 901 US 70 W ( MM 212 ),NG 24 D,Alamogordo,88310,Giant N Jct US 54-70 ),575-434-4317,2015,Alamogordo,NM,,( MM 212 ),901 US 70 W,Proper,,False,,False,US 70,,,,,[],[],[],[],[],"[179, 219, 399, 421, 432, 434, 462, 466, 469, 476, 479, 650, 848, 873, 884, 886, 909, 913, 916, 925, 930]",[],[],"[650, 909, 399, 913, 916, 925, 930, 421, 432, 434, 179, 462, 848, 466, 469, 219, 476, 479, 873, 884, 886]",False,[],[],[],[],"[179, 219, 399, 421, 432, 434, 462, 466, 469, 476, 479, 650, 848, 873, 884, 886, 909, 913, 916, 925, 930]",[],[],0/6 successful match,False,,False,642,False,,0.4111111111111111,True,Giant,
G Alamogordo ( 88310 ) Giant # 31 ),575-434-4317 901 US 70 W ( MM 212 ),24 <U+2610> D,Alamogordo,88310,Giant # 31 ),575-434-4317,2016,Alamogordo,NM,,( MM 212 ),901 US 70 W,Proper,,False,,False,US 70,,,,,[],[],[],[],[],"[179, 219, 399, 421, 432, 434, 462, 466, 469, 476, 479, 650, 848, 873, 884, 886, 909, 913, 916, 925, 930]",[],"[274, 733]","[650, 909, 399, 913, 274, 916, 925, 930, 421, 432, 434, 179, 462, 848, 466, 469, 219, 476, 733, 479, 873, 884, 886]",False,[],[],[],[],"[179, 219, 399, 421, 432, 434, 462, 466, 469, 476, 479, 650, 848, 873, 884, 886, 909, 913, 916, 925, 930]","[274, 733]",[],0/6 successful match,False,,False,642,False,,0.4388235294117647,True,Giant N Jct US 54-70 ),
Alamogordo ( 88310 ) Kent Travel Center # 501 ( Texaco ),4 / 575-437-0000 3500 US 54-70 Bus ( S of N Jct US 54-70 ),) 24 M 24 22,Alamogordo,88310,Kent Travel Center # 501 ( Texaco ),575-437-0000,2014,Alamogordo,NM,Texaco,( S of N Jct US 54-70 ),3500 US 54-70 Bus,Proper,,False,,False,US 54-70,,,,,[],[],[],[],[],"[179, 219, 399, 421, 432, 434, 462, 466, 469, 476, 479, 650, 848, 873, 884, 886, 909, 913, 916, 925, 930]","[26, 390, 474, 486, 509, 840, 922, 926]","[26, 390, 474, 486, 509, 840, 922, 926]","[390, 650, 909, 399, 913, 916, 26, 922, 925, 926, 930, 421, 432, 434, 179, 840, 462, 848, 466, 469, 474, 219, 476, 479, 486, 873, 884, 886, 509]",False,[],[],[],[],"[179, 219, 399, 421, 432, 434, 462, 466, 469, 476, 479, 650, 848, 873, 884, 886, 909, 913, 916, 925, 930]","[26, 390, 474, 486, 509, 840, 922, 926]","[26, 390, 474, 486, 509, 840, 922, 926]",0/6 successful match,False,,False,643,False,,,,,
Alamogordo ( 88310 ) Kent Travel Center # 501 ( Texaco ),575-437-0000 3500 US 54-70 Bus ( S of N Jct US ),) 24 M 24,Alamogordo,88310,Kent Travel Center # 501 ( Texaco ),575-437-0000,2015,Alamogordo,NM,Texaco,( S of N Jct US ),3500 US 54-70 Bus,Proper,,False,,False,US 54-70,,,,,[],[],[],[],[],"[179, 219, 399, 421, 432, 434, 462, 466, 469, 476, 479, 650, 848, 873, 884, 886, 909, 913, 916, 925, 930]","[26, 390, 474, 486, 509, 840, 922, 926]","[26, 390, 474, 486, 509, 840, 922, 926]","[390, 650, 909, 399, 913, 916, 26, 922, 925, 926, 930, 421, 432, 434, 179, 840, 462, 848, 466, 469, 474, 219, 476, 479, 486, 873, 884, 886, 509]",False,[],[],[],[],"[179, 219, 399, 421, 432, 434, 462, 466, 469, 476, 479, 650, 848, 873, 884, 886, 909, 913, 916, 925, 930]","[26, 390, 474, 486, 509, 840, 922, 926]","[26, 390, 474, 486, 509, 840, 922, 926]",0/6 successful match,False,,False,643,False,,1.0,True,Kent Travel Center # 501 ( Texaco ),Texaco
Alamogordo ( 88310 ) Kent Travel Center # 501 ( Texaco ),575-437-0000 3500 US 54-70 Bus ( S of N Jct US 54-70 ),) 24 MOD 24,Alamogordo,88310,Kent Travel Center # 501 ( Texaco ),575-437-0000,2016,Alamogordo,NM,Texaco,( S of N Jct US 54-70 ),3500 US 54-70 Bus,Proper,,False,,False,US 54-70,,,,,[],[],[],[],[],"[179, 219, 399, 421, 432, 434, 462, 466, 469, 476, 479, 650, 848, 873, 884, 886, 909, 913, 916, 925, 930]","[26, 390, 474, 486, 509, 840, 922, 926]","[26, 390, 474, 486, 509, 840, 922, 926]","[390, 650, 909, 399, 913, 916, 26, 922, 925, 926, 930, 421, 432, 434, 179, 840, 462, 848, 466, 469, 474, 219, 476, 479, 486, 873, 884, 886, 509]",False,[],[],[],[],"[179, 219, 399, 421, 432, 434, 462, 466, 469, 476, 479, 650, 848, 873, 884, 886, 909, 913, 916, 925, 930]","[26, 390, 474, 486, 509, 840, 922, 926]","[26, 390, 474, 486, 509, 840, 922, 926]",0/6 successful match,False,,False,643,False,,1.0,True,Kent Travel Center # 501 ( Texaco ),Texaco
Alamogordo ( 88310 ) Brewer Chevron,575-437-4464 US 70 W MM 212,<U+2610> S,Alamogordo,88310,Brewer Chevron,575-437-4464,2014,Alamogordo,NM,Chevron,,US 70 W MM 212,empty,,False,,False,US 70,,,,,[],[],[],[],[],"[179, 219, 399, 421, 432, 434, 462, 466, 469, 476, 479, 650, 848, 873, 884, 886, 909, 913, 916, 925, 930]","[12, 24, 25, 28, 88, 100, 104, 119, 123, 129, 136, 137, 139, 140, 141, 148, 155, 169, 172, 179, 183, 185, 188, 196, 198, 217, 237, 267, 270, 278, 319, 321, 324, 325, 330, 334, 335, 354, 366, 369, 380, 383, 384, 386, 395, 407, 411, 423, 428, 436, 437, 452, 453, 456, 467, 471, 477, 478, 479, 497, 508, 511, 559, 571, 575, 590, 594, 600, 607, 608, 610, 611, 612, 619, 627, 640, 643, 650, 654, 656, 659, 667, 669, 685, 701, 726, 729, 737, 777, 779, 782, 783, 787, 790, 791, 809, 817, 819, 830, 833, 834, 836, 845, 856, 857, 860, 862, 875, 880, 887, 888, 899, 900, 914, 918, 921, 928, 929, 930]","[12, 24, 25, 28, 88, 100, 104, 119, 123, 129, 136, 137, 139, 140, 141, 148, 155, 169, 172, 179, 183, 185, 188, 196, 198, 217, 237, 267, 270, 278, 319, 321, 324, 325, 330, 334, 335, 354, 366, 369, 380, 383, 384, 386, 395, 407, 411, 423, 428, 436, 437, 452, 453, 456, 467, 471, 477, 478, 479, 497, 508, 511, 559, 571, 575, 590, 594, 600, 607, 608, 610, 611, 612, 619, 627, 640, 643, 650, 654, 656, 659, 667, 669, 685, 701, 726, 729, 737, 777, 779, 782, 783, 787, 790, 791, 809, 817, 819, 830, 833, 834, 836, 845, 856, 857, 860, 862, 875, 880, 887, 888, 899, 900, 914, 918, 921, 928, 929, 930]","[12, 24, 25, 28, 559, 571, 575, 590, 594, 88, 600, 607, 608, 610, 611, 100, 612, 104, 619, 627, 119, 123, 640, 129, 643, 136, 137, 650, 139, 140, 141, 654, 656, 659, 148, 155, 667, 669, 169, 172, 685, 179, 183, 185, 188, 701, 196, 198, 726, 217, 729, 219, 737, 237, 777, 267, 779, 270, 782, 783, 787, 278, 790, 791, 809, 817, 819, 830, 319, 321, 833, 834, 324, 325, 836, 330, 845, 334, 335, 848, 856, 857, 860, 862, 354, 873, 875, 366, 880, 369, 884, 886, 887, 888, 380, 383, 384, 386, 899, 900, 395, 909, 399, 913, 914, 916, 918, 407, 921, 411, 925, 928, 929, 930, 421, 423, 428, 432, 434, 436, 437, 452, 453, 456, 462, 466, 467, 469, 471, 476, 477, 478, 479, 497, 508, 511]",False,[],[],[],[],"[179, 219, 399, 421, 432, 434, 462, 466, 469, 476, 479, 650, 848, 873, 884, 886, 909, 913, 916, 925, 930]","[12, 24, 25, 28, 88, 100, 104, 119, 123, 129, 136, 137, 139, 140, 141, 148, 155, 169, 172, 179, 183, 185, 188, 196, 198, 217, 237, 267, 270, 278, 319, 321, 324, 325, 330, 334, 335, 354, 366, 369, 380, 383, 384, 386, 395, 407, 411, 423, 428, 436, 437, 452, 453, 456, 467, 471, 477, 478, 479, 497, 508, 511, 559, 571, 575, 590, 594, 600, 607, 608, 610, 611, 612, 619, 627, 640, 643, 650, 654, 656, 659, 667, 669, 685, 701, 726, 729, 737, 777, 779, 782, 783, 787, 790, 791, 809, 817, 819, 830, 833, 834, 836, 845, 856, 857, 860, 862, 875, 880, 887, 888, 899, 900, 914, 918, 921, 928, 929, 930]","[12, 24, 25, 28, 88, 100, 104, 119, 123, 129, 136, 137, 139, 140, 141, 148, 155, 169, 172, 179, 183, 185, 188, 196, 198, 217, 237, 267, 270, 278, 319, 321, 324, 325, 330, 334, 335, 354, 366, 369, 380, 383, 384, 386, 395, 407, 411, 423, 428, 436, 437, 452, 453, 456, 467, 471, 477, 478, 479, 497, 508, 511, 559, 571, 575, 590, 594, 600, 607, 608, 610, 611, 612, 619, 627, 640, 643, 650, 654, 656, 659, 667, 669, 685, 701, 726, 729, 737, 777, 779, 782, 783, 787, 790, 791, 809, 817, 819, 830, 833, 834, 836, 845, 856, 857, 860, 862, 875, 880, 887, 888, 899, 900, 914, 918, 921, 928, 929, 930]",0/6 successful match,False,,False,644,False,,,,,
Alamogordo ( 88310 ) Brewer Chevron ( 212 ),575-437-4464 US 70 W MM 212,NG D <U+25A1> S,Alamogordo,88310,Brewer Chevron ( 212 ),575-437-4464,2015,Alamogordo,NM,Chevron,,US 70 W MM 212,empty,,False,,False,US 70,,,,,[],[],[],[],[],"[179, 219, 399, 421, 432, 434, 462, 466, 469, 476, 479, 650, 848, 873, 884, 886, 909, 913, 916, 925, 930]","[12, 24, 25, 28, 88, 100, 104, 119, 123, 129, 136, 137, 139, 140, 141, 148, 155, 169, 172, 179, 183, 185, 188, 196, 198, 217, 237, 267, 270, 278, 319, 321, 324, 325, 330, 334, 335, 354, 366, 369, 380, 383, 384, 386, 395, 407, 411, 423, 428, 436, 437, 452, 453, 456, 467, 471, 477, 478, 479, 497, 508, 511, 559, 571, 575, 590, 594, 600, 607, 608, 610, 611, 612, 619, 627, 640, 643, 650, 654, 656, 659, 667, 669, 685, 701, 726, 729, 737, 777, 779, 782, 783, 787, 790, 791, 809, 817, 819, 830, 833, 834, 836, 845, 856, 857, 860, 862, 875, 880, 887, 888, 899, 900, 914, 918, 921, 928, 929, 930]","[12, 24, 25, 28, 88, 100, 104, 119, 123, 129, 136, 137, 139, 140, 141, 148, 155, 169, 172, 179, 183, 185, 188, 196, 198, 217, 237, 267, 270, 278, 319, 321, 324, 325, 330, 334, 335, 354, 366, 369, 380, 383, 384, 386, 395, 407, 411, 423, 428, 436, 437, 452, 453, 456, 467, 471, 477, 478, 479, 497, 508, 511, 559, 571, 575, 590, 594, 600, 607, 608, 610, 611, 612, 619, 627, 640, 643, 650, 654, 656, 659, 667, 669, 685, 701, 726, 729, 737, 777, 779, 782, 783, 787, 790, 791, 809, 817, 819, 830, 833, 834, 836, 845, 856, 857, 860, 862, 875, 880, 887, 888, 899, 900, 914, 918, 921, 928, 929, 930]","[12, 24, 25, 28, 559, 571, 575, 590, 594, 88, 600, 607, 608, 610, 611, 100, 612, 104, 619, 627, 119, 123, 640, 129, 643, 136, 137, 650, 139, 140, 141, 654, 656, 659, 148, 155, 667, 669, 169, 172, 685, 179, 183, 185, 188, 701, 196, 198, 726, 217, 729, 219, 737, 237, 777, 267, 779, 270, 782, 783, 787, 278, 790, 791, 809, 817, 819, 830, 319, 321, 833, 834, 324, 325, 836, 330, 845, 334, 335, 848, 856, 857, 860, 862, 354, 873, 875, 366, 880, 369, 884, 886, 887, 888, 380, 383, 384, 386, 899, 900, 395, 909, 399, 913, 914, 916, 918, 407, 921, 411, 925, 928, 929, 930, 421, 423, 428, 432, 434, 436, 437, 452, 453, 456, 462, 466, 467, 469, 471, 476, 477, 478, 479, 497, 508, 511]",False,[],[],[],[],"[179, 219, 399, 421, 432, 434, 462, 466, 469, 476, 479, 650, 848, 873, 884, 886, 909, 913, 916, 925, 930]","[12, 24, 25, 28, 88, 100, 104, 119, 123, 129, 136, 137, 139, 140, 141, 148, 155, 169, 172, 179, 183, 185, 188, 196, 198, 217, 237, 267, 270, 278, 319, 321, 324, 325, 330, 334, 335, 354, 366, 369, 380, 383, 384, 386, 395, 407, 411, 423, 428, 436, 437, 452, 453, 456, 467, 471, 477, 478, 479, 497, 508, 511, 559, 571, 575, 590, 594, 600, 607, 608, 610, 611, 612, 619, 627, 640, 643, 650, 654, 656, 659, 667, 669, 685, 701, 726, 729, 737, 777, 779, 782, 783, 787, 790, 791, 809, 817, 819, 830, 833, 834, 836, 845, 856, 857, 860, 862, 875, 880, 887, 888, 899, 900, 914, 918, 921, 928, 929, 930]","[12, 24, 25, 28, 88, 100, 104, 119, 123, 129, 136, 137, 139, 140, 141, 148, 155, 169, 172, 179, 183, 185, 188, 196, 198, 217, 237, 267, 270, 278, 319, 321, 324, 325, 330, 334, 335, 354, 366, 369, 380, 383, 384, 386, 395, 407, 411, 423, 428, 436, 437, 452, 453, 456, 467, 471, 477, 478, 479, 497, 508, 511, 559, 571, 575, 590, 594, 600, 607, 608, 610, 611, 612, 619, 627, 640, 643, 650, 654, 656, 659, 667, 669, 685, 701, 726, 729, 737, 777, 779, 782, 783, 787, 790, 791, 809, 817, 819, 830, 833, 834, 836, 845, 856, 857, 860, 862, 875, 880, 887, 888, 899, 900, 914, 918, 921, 928, 929, 930]",0/6 successful match,False,,False,644,False,,0.7333333333333334,True,Brewer Chevron,Chevron
Alamogordo ( 88310 ) Brewer Chevron,4 575-437-4464 US 70 W MM 212,<U+25A1> S D,Alamogordo,88310,Brewer Chevron,575-437-4464,2016,Alamogordo,NM,Chevron,,US 70 W MM 212,empty,,False,,False,US 70,,,,,[],[],[],[],[],"[179, 219, 399, 421, 432, 434, 462, 466, 469, 476, 479, 650, 848, 873, 884, 886, 909, 913, 916, 925, 930]","[12, 24, 25, 28, 88, 100, 104, 119, 123, 129, 136, 137, 139, 140, 141, 148, 155, 169, 172, 179, 183, 185, 188, 196, 198, 217, 237, 267, 270, 278, 319, 321, 324, 325, 330, 334, 335, 354, 366, 369, 380, 383, 384, 386, 395, 407, 411, 423, 428, 436, 437, 452, 453, 456, 467, 471, 477, 478, 479, 497, 508, 511, 559, 571, 575, 590, 594, 600, 607, 608, 610, 611, 612, 619, 627, 640, 643, 650, 654, 656, 659, 667, 669, 685, 701, 726, 729, 737, 777, 779, 782, 783, 787, 790, 791, 809, 817, 819, 830, 833, 834, 836, 845, 856, 857, 860, 862, 875, 880, 887, 888, 899, 900, 914, 918, 921, 928, 929, 930]","[12, 24, 25, 28, 88, 100, 104, 119, 123, 129, 136, 137, 139, 140, 141, 148, 155, 169, 172, 179, 183, 185, 188, 196, 198, 217, 237, 267, 270, 278, 319, 321, 324, 325, 330, 334, 335, 354, 366, 369, 380, 383, 384, 386, 395, 407, 411, 423, 428, 436, 437, 452, 453, 456, 467, 471, 477, 478, 479, 497, 508, 511, 559, 571, 575, 590, 594, 600, 607, 608, 610, 611, 612, 619, 627, 640, 643, 650, 654, 656, 659, 667, 669, 685, 701, 726, 729, 737, 777, 779, 782, 783, 787, 790, 791, 809, 817, 819, 830, 833, 834, 836, 845, 856, 857, 860, 862, 875, 880, 887, 888, 899, 900, 914, 918, 921, 928, 929, 930]","[12, 24, 25, 28, 559, 571, 575, 590, 594, 88, 600, 607, 608, 610, 611, 100, 612, 104, 619, 627, 119, 123, 640, 129, 643, 136, 137, 650, 139, 140, 141, 654, 656, 659, 148, 155, 667, 669, 169, 172, 685, 179, 183, 185, 188, 701, 196, 198, 726, 217, 729, 219, 737, 237, 777, 267, 779, 270, 782, 783, 787, 278, 790, 791, 809, 817, 819, 830, 319, 321, 833, 834, 324, 325, 836, 330, 845, 334, 335, 848, 856, 857, 860, 862, 354, 873, 875, 366, 880, 369, 884, 886, 887, 888, 380, 383, 384, 386, 899, 900, 395, 909, 399, 913, 914, 916, 918, 407, 921, 411, 925, 928, 929, 930, 421, 423, 428, 432, 434, 436, 437, 452, 453, 456, 462, 466, 467, 469, 471, 476, 477, 478, 479, 497, 508, 511]",False,[],[],[],[],"[179, 219, 399, 421, 432, 434, 462, 466, 469, 476, 479, 650, 848, 873, 884, 886, 909, 913, 916, 925, 930]","[12, 24, 25, 28, 88, 100, 104, 119, 123, 129, 136, 137, 139, 140, 141, 148, 155, 169, 172, 179, 183, 185, 188, 196, 198, 217, 237, 267, 270, 278, 319, 321, 324, 325, 330, 334, 335, 354, 366, 369, 380, 383, 384, 386, 395, 407, 411, 423, 428, 436, 437, 452, 453, 456, 467, 471, 477, 478, 479, 497, 508, 511, 559, 571, 575, 590, 594, 600, 607, 608, 610, 611, 612, 619, 627, 640, 643, 650, 654, 656, 659, 667, 669, 685, 701, 726, 729, 737, 777, 779, 782, 783, 787, 790, 791, 809, 817, 819, 830, 833, 834, 836, 845, 856, 857, 860, 862, 875, 880, 887, 888, 899, 900, 914, 918, 921, 928, 929, 930]","[12, 24, 25, 28, 88, 100, 104, 119, 123, 129, 136, 137, 139, 140, 141, 148, 155, 169, 172, 179, 183, 185, 188, 196, 198, 217, 237, 267, 270, 278, 319, 321, 324, 325, 330, 334, 335, 354, 366, 369, 380, 383, 384, 386, 395, 407, 411, 423, 428, 436, 437, 452, 453, 456, 467, 471, 477, 478, 479, 497, 508, 511, 559, 571, 575, 590, 594, 600, 607, 608, 610, 611, 612, 619, 627, 640, 643, 650, 654, 656, 659, 667, 669, 685, 701, 726, 729, 737, 777, 779, 782, 783, 787, 790, 791, 809, 817, 819, 830, 833, 834, 836, 845, 856, 857, 860, 862, 875, 880, 887, 888, 899, 900, 914, 918, 921, 928, 929, 930]",0/6 successful match,False,,False,644,False,,0.7333333333333334,True,Brewer Chevron ( 212 ),Chevron
"Encino ( North ) , 88321 D & R Chevron",505-472-5410 I-40 Exit 243,S,Encino,88321,D & R Chevron,505-472-5410,2006,Encino,NM,Chevron,,I-40 Exit 243,Exit,243,False,,False,I-40,,,,,[],[],[],[],[],"[4, 11, 18, 21, 23, 26, 27, 28, 31, 35, 36, 43, 45, 52, 55, 56, 60, 62, 64, 70, 71, 80, 90, 94, 97, 183, 197, 232, 334, 426, 455, 472, 477, 478, 480, 483, 484, 490, 496, 505, 507, 509, 510, 511, 514, 516, 517, 523, 525, 529, 532, 533, 536, 538, 545, 546, 552, 561, 565, 568, 654, 668, 696, 790, 857, 878, 902, 919, 928, 929, 932, 934, 935]","[12, 24, 25, 28, 88, 100, 104, 119, 123, 129, 136, 137, 139, 140, 141, 148, 155, 169, 172, 179, 183, 185, 188, 196, 198, 217, 237, 267, 270, 278, 319, 321, 324, 325, 330, 334, 335, 354, 366, 369, 380, 383, 384, 386, 395, 407, 411, 423, 428, 436, 437, 452, 453, 456, 467, 471, 477, 478, 479, 497, 508, 511, 559, 571, 575, 590, 594, 600, 607, 608, 610, 611, 612, 619, 627, 640, 643, 650, 654, 656, 659, 667, 669, 685, 701, 726, 729, 737, 777, 779, 782, 783, 787, 790, 791, 809, 817, 819, 830, 833, 834, 836, 845, 856, 857, 860, 862, 875, 880, 887, 888, 899, 900, 914, 918, 921, 928, 929, 930]","[12, 24, 25, 28, 88, 100, 104, 119, 123, 129, 136, 137, 139, 140, 141, 148, 155, 169, 172, 179, 183, 185, 188, 196, 198, 217, 237, 267, 270, 278, 319, 321, 324, 325, 330, 334, 335, 354, 366, 369, 380, 383, 384, 386, 395, 407, 411, 423, 428, 436, 437, 452, 453, 456, 467, 471, 477, 478, 479, 497, 508, 511, 559, 571, 575, 590, 594, 600, 607, 608, 610, 611, 612, 619, 627, 640, 643, 650, 654, 656, 659, 667, 669, 685, 701, 726, 729, 737, 777, 779, 782, 783, 787, 790, 791, 809, 817, 819, 830, 833, 834, 836, 845, 856, 857, 860, 862, 875, 880, 887, 888, 899, 900, 914, 918, 921, 928, 929, 930]","[514, 4, 516, 517, 11, 523, 525, 12, 529, 18, 532, 21, 533, 23, 536, 24, 26, 27, 28, 538, 25, 31, 545, 546, 35, 36, 552, 43, 45, 559, 561, 52, 565, 55, 56, 568, 571, 60, 62, 575, 64, 70, 71, 590, 80, 594, 88, 600, 90, 94, 607, 608, 97, 610, 611, 100, 612, 104, 619, 627, 119, 123, 640, 129, 643, 136, 137, 650, 139, 140, 141, 654, 656, 659, 148, 155, 668, 667, 669, 169, 172, 685, 179, 183, 696, 185, 188, 701, 196, 197, 198, 726, 217, 729, 737, 232, 237, 777, 267, 779, 270, 782, 783, 787, 790, 278, 791, 809, 817, 819, 830, 319, 321, 833, 834, 324, 325, 836, 330, 845, 334, 335, 856, 857, 860, 862, 354, 875, 878, 366, 880, 369, 887, 888, 380, 383, 384, 386, 899, 900, 902, 395, 914, 918, 919, 407, 921, 411, 928, 929, 930, 932, 934, 935, 423, 426, 428, 436, 437, 452, 453, 455, 456, 467, 471, 472, 477, 478, 479, 480, 483, 484, 490, 496, 497, 505, 507, 508, 509, 510, 511]",False,[],[],[],[],"[4, 11, 18, 21, 23, 26, 27, 28, 31, 35, 36, 43, 45, 52, 55, 56, 60, 62, 64, 70, 71, 80, 90, 94, 97, 183, 197, 232, 334, 426, 455, 472, 477, 478, 480, 483, 484, 490, 496, 505, 507, 509, 510, 511, 514, 516, 517, 523, 525, 529, 532, 533, 536, 538, 545, 546, 552, 561, 565, 568, 654, 668, 696, 790, 857, 878, 902, 919, 928, 929, 932, 934, 935]","[12, 24, 25, 28, 88, 100, 104, 119, 123, 129, 136, 137, 139, 140, 141, 148, 155, 169, 172, 179, 183, 185, 188, 196, 198, 217, 237, 267, 270, 278, 319, 321, 324, 325, 330, 334, 335, 354, 366, 369, 380, 383, 384, 386, 395, 407, 411, 423, 428, 436, 437, 452, 453, 456, 467, 471, 477, 478, 479, 497, 508, 511, 559, 571, 575, 590, 594, 600, 607, 608, 610, 611, 612, 619, 627, 640, 643, 650, 654, 656, 659, 667, 669, 685, 701, 726, 729, 737, 777, 779, 782, 783, 787, 790, 791, 809, 817, 819, 830, 833, 834, 836, 845, 856, 857, 860, 862, 875, 880, 887, 888, 899, 900, 914, 918, 921, 928, 929, 930]","[12, 24, 25, 28, 88, 100, 104, 119, 123, 129, 136, 137, 139, 140, 141, 148, 155, 169, 172, 179, 183, 185, 188, 196, 198, 217, 237, 267, 270, 278, 319, 321, 324, 325, 330, 334, 335, 354, 366, 369, 380, 383, 384, 386, 395, 407, 411, 423, 428, 436, 437, 452, 453, 456, 467, 471, 477, 478, 479, 497, 508, 511, 559, 571, 575, 590, 594, 600, 607, 608, 610, 611, 612, 619, 627, 640, 643, 650, 654, 656, 659, 667, 669, 685, 701, 726, 729, 737, 777, 779, 782, 783, 787, 790, 791, 809, 817, 819, 830, 833, 834, 836, 845, 856, 857, 860, 862, 875, 880, 887, 888, 899, 900, 914, 918, 921, 928, 929, 930]",0/6 successful match,False,,False,645,False,,,,,
"Encino ( North ) , 88321 D & R Chevron",505-472-5410 I-40 Exit 243,S <U+2610> <U+2610>,Encino,88321,D & R Chevron,505-472-5410,2007,Encino,NM,Chevron,,I-40 Exit 243,Exit,243,False,,False,I-40,,,,,[],[],[],[],[],"[4, 11, 18, 21, 23, 26, 27, 28, 31, 35, 36, 43, 45, 52, 55, 56, 60, 62, 64, 70, 71, 80, 90, 94, 97, 183, 197, 232, 334, 426, 455, 472, 477, 478, 480, 483, 484, 490, 496, 505, 507, 509, 510, 511, 514, 516, 517, 523, 525, 529, 532, 533, 536, 538, 545, 546, 552, 561, 565, 568, 654, 668, 696, 790, 857, 878, 902, 919, 928, 929, 932, 934, 935]","[12, 24, 25, 28, 88, 100, 104, 119, 123, 129, 136, 137, 139, 140, 141, 148, 155, 169, 172, 179, 183, 185, 188, 196, 198, 217, 237, 267, 270, 278, 319, 321, 324, 325, 330, 334, 335, 354, 366, 369, 380, 383, 384, 386, 395, 407, 411, 423, 428, 436, 437, 452, 453, 456, 467, 471, 477, 478, 479, 497, 508, 511, 559, 571, 575, 590, 594, 600, 607, 608, 610, 611, 612, 619, 627, 640, 643, 650, 654, 656, 659, 667, 669, 685, 701, 726, 729, 737, 777, 779, 782, 783, 787, 790, 791, 809, 817, 819, 830, 833, 834, 836, 845, 856, 857, 860, 862, 875, 880, 887, 888, 899, 900, 914, 918, 921, 928, 929, 930]","[12, 24, 25, 28, 88, 100, 104, 119, 123, 129, 136, 137, 139, 140, 141, 148, 155, 169, 172, 179, 183, 185, 188, 196, 198, 217, 237, 267, 270, 278, 319, 321, 324, 325, 330, 334, 335, 354, 366, 369, 380, 383, 384, 386, 395, 407, 411, 423, 428, 436, 437, 452, 453, 456, 467, 471, 477, 478, 479, 497, 508, 511, 559, 571, 575, 590, 594, 600, 607, 608, 610, 611, 612, 619, 627, 640, 643, 650, 654, 656, 659, 667, 669, 685, 701, 726, 729, 737, 777, 779, 782, 783, 787, 790, 791, 809, 817, 819, 830, 833, 834, 836, 845, 856, 857, 860, 862, 875, 880, 887, 888, 899, 900, 914, 918, 921, 928, 929, 930]","[514, 4, 516, 517, 11, 523, 525, 12, 529, 18, 532, 21, 533, 23, 536, 24, 26, 27, 28, 538, 25, 31, 545, 546, 35, 36, 552, 43, 45, 559, 561, 52, 565, 55, 56, 568, 571, 60, 62, 575, 64, 70, 71, 590, 80, 594, 88, 600, 90, 94, 607, 608, 97, 610, 611, 100, 612, 104, 619, 627, 119, 123, 640, 129, 643, 136, 137, 650, 139, 140, 141, 654, 656, 659, 148, 155, 668, 667, 669, 169, 172, 685, 179, 183, 696, 185, 188, 701, 196, 197, 198, 726, 217, 729, 737, 232, 237, 777, 267, 779, 270, 782, 783, 787, 790, 278, 791, 809, 817, 819, 830, 319, 321, 833, 834, 324, 325, 836, 330, 845, 334, 335, 856, 857, 860, 862, 354, 875, 878, 366, 880, 369, 887, 888, 380, 383, 384, 386, 899, 900, 902, 395, 914, 918, 919, 407, 921, 411, 928, 929, 930, 932, 934, 935, 423, 426, 428, 436, 437, 452, 453, 455, 456, 467, 471, 472, 477, 478, 479, 480, 483, 484, 490, 496, 497, 505, 507, 508, 509, 510, 511]",False,[],[],[],[],"[4, 11, 18, 21, 23, 26, 27, 28, 31, 35, 36, 43, 45, 52, 55, 56, 60, 62, 64, 70, 71, 80, 90, 94, 97, 183, 197, 232, 334, 426, 455, 472, 477, 478, 480, 483, 484, 490, 496, 505, 507, 509, 510, 511, 514, 516, 517, 523, 525, 529, 532, 533, 536, 538, 545, 546, 552, 561, 565, 568, 654, 668, 696, 790, 857, 878, 902, 919, 928, 929, 932, 934, 935]","[12, 24, 25, 28, 88, 100, 104, 119, 123, 129, 136, 137, 139, 140, 141, 148, 155, 169, 172, 179, 183, 185, 188, 196, 198, 217, 237, 267, 270, 278, 319, 321, 324, 325, 330, 334, 335, 354, 366, 369, 380, 383, 384, 386, 395, 407, 411, 423, 428, 436, 437, 452, 453, 456, 467, 471, 477, 478, 479, 497, 508, 511, 559, 571, 575, 590, 594, 600, 607, 608, 610, 611, 612, 619, 627, 640, 643, 650, 654, 656, 659, 667, 669, 685, 701, 726, 729, 737, 777, 779, 782, 783, 787, 790, 791, 809, 817, 819, 830, 833, 834, 836, 845, 856, 857, 860, 862, 875, 880, 887, 888, 899, 900, 914, 918, 921, 928, 929, 930]","[12, 24, 25, 28, 88, 100, 104, 119, 123, 129, 136, 137, 139, 140, 141, 148, 155, 169, 172, 179, 183, 185, 188, 196, 198, 217, 237, 267, 270, 278, 319, 321, 324, 325, 330, 334, 335, 354, 366, 369, 380, 383, 384, 386, 395, 407, 411, 423, 428, 436, 437, 452, 453, 456, 467, 471, 477, 478, 479, 497, 508, 511, 559, 571, 575, 590, 594, 600, 607, 608, 610, 611, 612, 619, 627, 640, 643, 650, 654, 656, 659, 667, 669, 685, 701, 726, 729, 737, 777, 779, 782, 783, 787, 790, 791, 809, 817, 819, 830, 833, 834, 836, 845, 856, 857, 860, 862, 875, 880, 887, 888, 899, 900, 914, 918, 921, 928, 929, 930]",0/6 successful match,False,,False,645,False,,1.0,True,D & R Chevron,Chevron
"Encino ( North ) , 88321 D & R Chevron",5 505-472-5410 I-40 Exit 243,HRS S,Encino,88321,D & R Chevron,505-472-5410,2008,Encino,NM,Chevron,,I-40 Exit 243,Exit,243,False,,False,I-40,,,,,[],[],[],[],[],"[4, 11, 18, 21, 23, 26, 27, 28, 31, 35, 36, 43, 45, 52, 55, 56, 60, 62, 64, 70, 71, 80, 90, 94, 97, 183, 197, 232, 334, 426, 455, 472, 477, 478, 480, 483, 484, 490, 496, 505, 507, 509, 510, 511, 514, 516, 517, 523, 525, 529, 532, 533, 536, 538, 545, 546, 552, 561, 565, 568, 654, 668, 696, 790, 857, 878, 902, 919, 928, 929, 932, 934, 935]","[12, 24, 25, 28, 88, 100, 104, 119, 123, 129, 136, 137, 139, 140, 141, 148, 155, 169, 172, 179, 183, 185, 188, 196, 198, 217, 237, 267, 270, 278, 319, 321, 324, 325, 330, 334, 335, 354, 366, 369, 380, 383, 384, 386, 395, 407, 411, 423, 428, 436, 437, 452, 453, 456, 467, 471, 477, 478, 479, 497, 508, 511, 559, 571, 575, 590, 594, 600, 607, 608, 610, 611, 612, 619, 627, 640, 643, 650, 654, 656, 659, 667, 669, 685, 701, 726, 729, 737, 777, 779, 782, 783, 787, 790, 791, 809, 817, 819, 830, 833, 834, 836, 845, 856, 857, 860, 862, 875, 880, 887, 888, 899, 900, 914, 918, 921, 928, 929, 930]","[12, 24, 25, 28, 88, 100, 104, 119, 123, 129, 136, 137, 139, 140, 141, 148, 155, 169, 172, 179, 183, 185, 188, 196, 198, 217, 237, 267, 270, 278, 319, 321, 324, 325, 330, 334, 335, 354, 366, 369, 380, 383, 384, 386, 395, 407, 411, 423, 428, 436, 437, 452, 453, 456, 467, 471, 477, 478, 479, 497, 508, 511, 559, 571, 575, 590, 594, 600, 607, 608, 610, 611, 612, 619, 627, 640, 643, 650, 654, 656, 659, 667, 669, 685, 701, 726, 729, 737, 777, 779, 782, 783, 787, 790, 791, 809, 817, 819, 830, 833, 834, 836, 845, 856, 857, 860, 862, 875, 880, 887, 888, 899, 900, 914, 918, 921, 928, 929, 930]","[514, 4, 516, 517, 11, 523, 525, 12, 529, 18, 532, 21, 533, 23, 536, 24, 26, 27, 28, 538, 25, 31, 545, 546, 35, 36, 552, 43, 45, 559, 561, 52, 565, 55, 56, 568, 571, 60, 62, 575, 64, 70, 71, 590, 80, 594, 88, 600, 90, 94, 607, 608, 97, 610, 611, 100, 612, 104, 619, 627, 119, 123, 640, 129, 643, 136, 137, 650, 139, 140, 141, 654, 656, 659, 148, 155, 668, 667, 669, 169, 172, 685, 179, 183, 696, 185, 188, 701, 196, 197, 198, 726, 217, 729, 737, 232, 237, 777, 267, 779, 270, 782, 783, 787, 790, 278, 791, 809, 817, 819, 830, 319, 321, 833, 834, 324, 325, 836, 330, 845, 334, 335, 856, 857, 860, 862, 354, 875, 878, 366, 880, 369, 887, 888, 380, 383, 384, 386, 899, 900, 902, 395, 914, 918, 919, 407, 921, 411, 928, 929, 930, 932, 934, 935, 423, 426, 428, 436, 437, 452, 453, 455, 456, 467, 471, 472, 477, 478, 479, 480, 483, 484, 490, 496, 497, 505, 507, 508, 509, 510, 511]",False,[],[],[],[],"[4, 11, 18, 21, 23, 26, 27, 28, 31, 35, 36, 43, 45, 52, 55, 56, 60, 62, 64, 70, 71, 80, 90, 94, 97, 183, 197, 232, 334, 426, 455, 472, 477, 478, 480, 483, 484, 490, 496, 505, 507, 509, 510, 511, 514, 516, 517, 523, 525, 529, 532, 533, 536, 538, 545, 546, 552, 561, 565, 568, 654, 668, 696, 790, 857, 878, 902, 919, 928, 929, 932, 934, 935]","[12, 24, 25, 28, 88, 100, 104, 119, 123, 129, 136, 137, 139, 140, 141, 148, 155, 169, 172, 179, 183, 185, 188, 196, 198, 217, 237, 267, 270, 278, 319, 321, 324, 325, 330, 334, 335, 354, 366, 369, 380, 383, 384, 386, 395, 407, 411, 423, 428, 436, 437, 452, 453, 456, 467, 471, 477, 478, 479, 497, 508, 511, 559, 571, 575, 590, 594, 600, 607, 608, 610, 611, 612, 619, 627, 640, 643, 650, 654, 656, 659, 667, 669, 685, 701, 726, 729, 737, 777, 779, 782, 783, 787, 790, 791, 809, 817, 819, 830, 833, 834, 836, 845, 856, 857, 860, 862, 875, 880, 887, 888, 899, 900, 914, 918, 921, 928, 929, 930]","[12, 24, 25, 28, 88, 100, 104, 119, 123, 129, 136, 137, 139, 140, 141, 148, 155, 169, 172, 179, 183, 185, 188, 196, 198, 217, 237, 267, 270, 278, 319, 321, 324, 325, 330, 334, 335, 354, 366, 369, 380, 383, 384, 386, 395, 407, 411, 423, 428, 436, 437, 452, 453, 456, 467, 471, 477, 478, 479, 497, 508, 511, 559, 571, 575, 590, 594, 600, 607, 608, 610, 611, 612, 619, 627, 640, 643, 650, 654, 656, 659, 667, 669, 685, 701, 726, 729, 737, 777, 779, 782, 783, 787, 790, 791, 809, 817, 819, 830, 833, 834, 836, 845, 856, 857, 860, 862, 875, 880, 887, 888, 899, 900, 914, 918, 921, 928, 929, 930]",0/6 successful match,False,,False,645,False,,1.0,True,D & R Chevron,Chevron
"Encino , 88321 Rio Pecos Fuel Stop ( Mustang )",505-584-2955 US 60-285 & NM 3,,Encino,88321,Rio Pecos Fuel Stop ( Mustang ),505-584-2955,2006,Encino,NM,,,US 60-285 & NM 3,empty,,False,,False,US 60,NM 3,,,,[],[],[],[],[],"[12, 54, 225, 461, 497, 530, 689, 908]",[],[],"[225, 12, 461, 908, 497, 530, 689, 54]",False,[],[],[],[],"[12, 54, 225, 461, 497, 530, 689, 908]",[],[],0/6 successful match,False,,False,646,False,,,,,
"Encino , 88321 Rio Pecos Fuel Stop ( Mustang )",505-584-2955 US 60-285 & NM 3,S,Encino,88321,Rio Pecos Fuel Stop ( Mustang ),505-584-2955,2007,Encino,NM,,,US 60-285 & NM 3,empty,,False,,False,US 60,NM 3,,,,[],[],[],[],[],"[12, 54, 225, 461, 497, 530, 689, 908]",[],[],"[225, 12, 461, 908, 497, 530, 689, 54]",False,[],[],[],[],"[12, 54, 225, 461, 497, 530, 689, 908]",[],[],0/6 successful match,False,,False,646,False,,1.0,True,Rio Pecos Fuel Stop ( Mustang ),
E Encino ( North ) ( 88321 ) D & R 66,575-472-5410 I-40 Exit 243,<U+2610> S SO,Encino,88321,D & R 66,575-472-5410,2014,Encino,NM,,,I-40 Exit 243,Exit,243,False,,False,I-40,,,,,[],[],[],[],[],"[4, 11, 18, 21, 23, 26, 27, 28, 31, 35, 36, 43, 45, 52, 55, 56, 60, 62, 64, 70, 71, 80, 90, 94, 97, 183, 197, 232, 334, 426, 455, 472, 477, 478, 480, 483, 484, 490, 496, 505, 507, 509, 510, 511, 514, 516, 517, 523, 525, 529, 532, 533, 536, 538, 545, 546, 552, 561, 565, 568, 654, 668, 696, 790, 857, 878, 902, 919, 928, 929, 932, 934, 935]",[],"[401, 402, 424, 427, 464, 469, 850, 851, 876, 879, 911, 916]","[514, 4, 516, 517, 11, 523, 525, 529, 18, 532, 21, 533, 23, 536, 26, 27, 28, 538, 31, 545, 546, 35, 36, 552, 43, 45, 561, 52, 565, 55, 56, 568, 60, 62, 64, 70, 71, 80, 90, 94, 97, 654, 668, 183, 696, 197, 232, 790, 334, 850, 851, 857, 876, 878, 879, 902, 911, 401, 402, 916, 919, 928, 929, 932, 934, 935, 424, 426, 427, 455, 464, 469, 472, 477, 478, 480, 483, 484, 490, 496, 505, 507, 509, 510, 511]",False,[],[],[],[],"[4, 11, 18, 21, 23, 26, 27, 28, 31, 35, 36, 43, 45, 52, 55, 56, 60, 62, 64, 70, 71, 80, 90, 94, 97, 183, 197, 232, 334, 426, 455, 472, 477, 478, 480, 483, 484, 490, 496, 505, 507, 509, 510, 511, 514, 516, 517, 523, 525, 529, 532, 533, 536, 538, 545, 546, 552, 561, 565, 568, 654, 668, 696, 790, 857, 878, 902, 919, 928, 929, 932, 934, 935]","[401, 402, 424, 427, 464, 469, 850, 851, 876, 879, 911, 916]",[],0/6 successful match,False,,False,647,False,,,,,
"Mescalero , 88340 Casino Apache Travel Center ( Conoco )",505-464-7931 25845 US 70,24 XL,Mescalero,88340,Casino Apache Travel Center ( Conoco ),505-464-7931,2006,Mescalero,NM,Conoco,,25845 US 70,Proper,,False,,False,US 70,,,,,[],[],[],[],[],"[179, 219, 399, 421, 432, 434, 462, 466, 469, 476, 479, 650, 848, 873, 884, 886, 909, 913, 916, 925, 930]","[3, 27, 349, 406, 451, 489, 510, 804, 855, 898]","[3, 27, 174, 341, 349, 406, 451, 489, 510, 645, 797, 804, 855, 898]","[898, 3, 645, 650, 909, 399, 913, 916, 406, 27, 925, 797, 930, 804, 421, 174, 432, 434, 179, 451, 462, 848, 466, 469, 341, 855, 219, 476, 349, 479, 873, 489, 884, 886, 510]",False,[],[],[],[],"[179, 219, 399, 421, 432, 434, 462, 466, 469, 476, 479, 650, 848, 873, 884, 886, 909, 913, 916, 925, 930]","[3, 27, 174, 341, 349, 406, 451, 489, 510, 645, 797, 804, 855, 898]","[3, 27, 349, 406, 451, 489, 510, 804, 855, 898]",0/6 successful match,False,,False,648,False,,,,,
"Mescalero , 88340 Casino Apache Travel Center",505-464-7931 25845 US 70 ( Conoco ),) 24,Mescalero,88340,Casino Apache Travel Center,505-464-7931,2007,Mescalero,NM,,( Conoco ),25845 US 70,Proper,,False,,False,US 70,,,,,[],[],[],[],[],"[179, 219, 399, 421, 432, 434, 462, 466, 469, 476, 479, 650, 848, 873, 884, 886, 909, 913, 916, 925, 930]",[],"[174, 341, 645, 797]","[645, 650, 909, 399, 913, 916, 925, 797, 930, 421, 174, 432, 434, 179, 462, 848, 466, 469, 341, 219, 476, 479, 873, 884, 886]",False,[],[],[],[],"[179, 219, 399, 421, 432, 434, 462, 466, 469, 476, 479, 650, 848, 873, 884, 886, 909, 913, 916, 925, 930]","[174, 341, 645, 797]",[],0/6 successful match,False,,False,648,False,,1.0,True,Casino Apache Travel Center ( Conoco ),Conoco
"Mescalero , 88340 Casino Apache Travel Center ( Conoco )",505-464-7931 25845 US 70,) <U+2610> S,Mescalero,88340,Casino Apache Travel Center ( Conoco ),505-464-7931,2008,Mescalero,NM,Conoco,,25845 US 70,Proper,,False,,False,US 70,,,,,[],[],[],[],[],"[179, 219, 399, 421, 432, 434, 462, 466, 469, 476, 479, 650, 848, 873, 884, 886, 909, 913, 916, 925, 930]","[3, 27, 349, 406, 451, 489, 510, 804, 855, 898]","[3, 27, 174, 341, 349, 406, 451, 489, 510, 645, 797, 804, 855, 898]","[898, 3, 645, 650, 909, 399, 913, 916, 406, 27, 925, 797, 930, 804, 421, 174, 432, 434, 179, 451, 462, 848, 466, 469, 341, 855, 219, 476, 349, 479, 873, 489, 884, 886, 510]",False,[],[],[],[],"[179, 219, 399, 421, 432, 434, 462, 466, 469, 476, 479, 650, 848, 873, 884, 886, 909, 913, 916, 925, 930]","[3, 27, 174, 341, 349, 406, 451, 489, 510, 645, 797, 804, 855, 898]","[3, 27, 349, 406, 451, 489, 510, 804, 855, 898]",0/6 successful match,False,,False,648,False,,1.0,True,Casino Apache Travel Center,
Mescalero ( 88340 ) Casino Apache Travel Center,575-464-7931 25845 US 70 ( 2 mi SW of NM 48 ),<U+2610> S,Mescalero,88340,Casino Apache Travel Center,575-464-7931,2014,Mescalero,NM,,( 2 mi SW of NM 48 ),25845 US 70,Proper,,False,,False,US 70,,,,,[],[],[],[],[],"[179, 219, 399, 421, 432, 434, 462, 466, 469, 476, 479, 650, 848, 873, 884, 886, 909, 913, 916, 925, 930]",[],"[174, 341, 645, 797]","[645, 650, 909, 399, 913, 916, 925, 797, 930, 421, 174, 432, 434, 179, 462, 848, 466, 469, 341, 219, 476, 479, 873, 884, 886]",False,[],[],[],[],"[179, 219, 399, 421, 432, 434, 462, 466, 469, 476, 479, 650, 848, 873, 884, 886, 909, 913, 916, 925, 930]","[174, 341, 645, 797]",[],0/6 successful match,False,,False,648,False,,1.0,True,Casino Apache Travel Center ( Conoco ),Conoco
G Mescalero ( 88340 ) Casino Apache Travel Center,4 575-464-7931 25845 US 70 ( 2 mi SW of NM 48 ),MO <U+2610> <U+25A1>,Mescalero,88340,Casino Apache Travel Center,575-464-7931,2015,Mescalero,NM,,( 2 mi SW of NM 48 ),25845 US 70,Proper,,False,,False,US 70,,,,,[],[],[],[],[],"[179, 219, 399, 421, 432, 434, 462, 466, 469, 476, 479, 650, 848, 873, 884, 886, 909, 913, 916, 925, 930]",[],"[174, 341, 645, 797]","[645, 650, 909, 399, 913, 916, 925, 797, 930, 421, 174, 432, 434, 179, 462, 848, 466, 469, 341, 219, 476, 479, 873, 884, 886]",False,[],[],[],[],"[179, 219, 399, 421, 432, 434, 462, 466, 469, 476, 479, 650, 848, 873, 884, 886, 909, 913, 916, 925, 930]","[174, 341, 645, 797]",[],0/6 successful match,False,,False,648,False,,1.0,True,Casino Apache Travel Center,
Mescalero ( 88340 ) Casino Apache Travel Center ( Alon ),575-464-7931 25845 US 70 ( 2 mi SW of NM 48 ),24 MO <U+2610> <U+2610>,Mescalero,88340,Casino Apache Travel Center ( Alon ),575-464-7931,2016,Mescalero,NM,,( 2 mi SW of NM 48 ),25845 US 70,Proper,,False,,False,US 70,,,,,[],[],[],[],[],"[179, 219, 399, 421, 432, 434, 462, 466, 469, 476, 479, 650, 848, 873, 884, 886, 909, 913, 916, 925, 930]",[],"[174, 341, 645, 797]","[645, 650, 909, 399, 913, 916, 925, 797, 930, 421, 174, 432, 434, 179, 462, 848, 466, 469, 341, 219, 476, 479, 873, 884, 886]",False,[],[],[],[],"[179, 219, 399, 421, 432, 434, 462, 466, 469, 476, 479, 650, 848, 873, 884, 886, 909, 913, 916, 925, 930]","[174, 341, 645, 797]",[],0/6 successful match,False,,False,648,False,,1.0,True,Casino Apache Travel Center,
"Tularosa , 88352 Tularosa Travel Center",575-585-3522 US 70 MM 78,<U+2610> SO <U+2610> <U+2610>,Tularosa,88352,Tularosa Travel Center,575-585-3522,2008,Tularosa,NM,,,US 70 MM 78,empty,,False,,False,US 70,,,,,[],[],[],[],[],"[179, 219, 399, 421, 432, 434, 462, 466, 469, 476, 479, 650, 848, 873, 884, 886, 909, 913, 916, 925, 930]",[],[],"[650, 909, 399, 913, 916, 925, 930, 421, 432, 434, 179, 462, 848, 466, 469, 219, 476, 479, 873, 884, 886]",False,[],[],[],[],"[179, 219, 399, 421, 432, 434, 462, 466, 469, 476, 479, 650, 848, 873, 884, 886, 909, 913, 916, 925, 930]",[],[],0/6 successful match,False,,False,649,False,,,,,
G Tularosa ( 88352 ) Tularosa Travel Center ( Shell ),575-585-3522 US 54-70 S ( MM 78 ),<U+2610> SO <U+2610>,Tularosa,88352,Tularosa Travel Center ( Shell ),575-585-3522,2014,Tularosa,NM,Shell,( MM 78 ),US 54-70 S,empty,,False,,False,US 54-70,,,,,[],[],[],[],[],"[179, 219, 399, 421, 432, 434, 462, 466, 469, 476, 479, 650, 848, 873, 884, 886, 909, 913, 916, 925, 930]","[1, 13, 14, 29, 54, 55, 56, 57, 58, 60, 102, 118, 125, 127, 130, 134, 146, 149, 153, 175, 182, 187, 189, 191, 197, 225, 230, 238, 264, 265, 266, 286, 302, 317, 336, 379, 388, 389, 425, 454, 458, 463, 475, 487, 498, 499, 512, 530, 531, 532, 533, 534, 536, 573, 589, 596, 598, 601, 605, 617, 620, 624, 646, 653, 658, 660, 662, 668, 689, 694, 702, 724, 725, 745, 760, 775, 793, 829, 838, 839, 877, 901, 903, 905, 910, 923]","[1, 13, 14, 29, 54, 55, 56, 57, 58, 60, 102, 118, 125, 127, 130, 134, 146, 149, 153, 175, 182, 187, 189, 191, 197, 225, 230, 238, 264, 265, 266, 286, 302, 317, 336, 354, 379, 388, 389, 425, 454, 458, 463, 475, 487, 498, 499, 512, 530, 531, 532, 533, 534, 536, 573, 589, 596, 598, 601, 605, 617, 620, 624, 646, 653, 658, 660, 662, 668, 689, 694, 702, 724, 725, 745, 760, 775, 793, 809, 829, 838, 839, 877, 901, 903, 905, 910, 923]","[512, 1, 13, 14, 530, 531, 532, 533, 534, 536, 29, 54, 55, 56, 57, 58, 60, 573, 589, 596, 598, 601, 605, 102, 617, 620, 624, 118, 125, 127, 130, 134, 646, 650, 653, 146, 658, 660, 149, 662, 153, 668, 175, 689, 179, 182, 694, 187, 189, 702, 191, 197, 724, 725, 219, 225, 230, 745, 238, 760, 775, 264, 265, 266, 793, 286, 809, 302, 317, 829, 838, 839, 848, 336, 354, 873, 877, 884, 886, 379, 388, 389, 901, 903, 905, 909, 910, 399, 913, 916, 923, 925, 930, 421, 425, 432, 434, 454, 458, 462, 463, 466, 469, 475, 476, 479, 487, 498, 499]",False,[],[],[],[],"[179, 219, 399, 421, 432, 434, 462, 466, 469, 476, 479, 650, 848, 873, 884, 886, 909, 913, 916, 925, 930]","[1, 13, 14, 29, 54, 55, 56, 57, 58, 60, 102, 118, 125, 127, 130, 134, 146, 149, 153, 175, 182, 187, 189, 191, 197, 225, 230, 238, 264, 265, 266, 286, 302, 317, 336, 354, 379, 388, 389, 425, 454, 458, 463, 475, 487, 498, 499, 512, 530, 531, 532, 533, 534, 536, 573, 589, 596, 598, 601, 605, 617, 620, 624, 646, 653, 658, 660, 662, 668, 689, 694, 702, 724, 725, 745, 760, 775, 793, 809, 829, 838, 839, 877, 901, 903, 905, 910, 923]","[1, 13, 14, 29, 54, 55, 56, 57, 58, 60, 102, 118, 125, 127, 130, 134, 146, 149, 153, 175, 182, 187, 189, 191, 197, 225, 230, 238, 264, 265, 266, 286, 302, 317, 336, 379, 388, 389, 425, 454, 458, 463, 475, 487, 498, 499, 512, 530, 531, 532, 533, 534, 536, 573, 589, 596, 598, 601, 605, 617, 620, 624, 646, 653, 658, 660, 662, 668, 689, 694, 702, 724, 725, 745, 760, 775, 793, 829, 838, 839, 877, 901, 903, 905, 910, 923]",0/6 successful match,False,,False,649,False,,1.0,True,Tularosa Travel Center,
Tularosa ( 88352 ) Tularosa Travel Center ( Shell ),575-585-3522 US 54-70 S ( MM 78 ),<U+2610> S <U+2610>,Tularosa,88352,Tularosa Travel Center ( Shell ),575-585-3522,2015,Tularosa,NM,Shell,( MM 78 ),US 54-70 S,empty,,False,,False,US 54-70,,,,,[],[],[],[],[],"[179, 219, 399, 421, 432, 434, 462, 466, 469, 476, 479, 650, 848, 873, 884, 886, 909, 913, 916, 925, 930]","[1, 13, 14, 29, 54, 55, 56, 57, 58, 60, 102, 118, 125, 127, 130, 134, 146, 149, 153, 175, 182, 187, 189, 191, 197, 225, 230, 238, 264, 265, 266, 286, 302, 317, 336, 379, 388, 389, 425, 454, 458, 463, 475, 487, 498, 499, 512, 530, 531, 532, 533, 534, 536, 573, 589, 596, 598, 601, 605, 617, 620, 624, 646, 653, 658, 660, 662, 668, 689, 694, 702, 724, 725, 745, 760, 775, 793, 829, 838, 839, 877, 901, 903, 905, 910, 923]","[1, 13, 14, 29, 54, 55, 56, 57, 58, 60, 102, 118, 125, 127, 130, 134, 146, 149, 153, 175, 182, 187, 189, 191, 197, 225, 230, 238, 264, 265, 266, 286, 302, 317, 336, 354, 379, 388, 389, 425, 454, 458, 463, 475, 487, 498, 499, 512, 530, 531, 532, 533, 534, 536, 573, 589, 596, 598, 601, 605, 617, 620, 624, 646, 653, 658, 660, 662, 668, 689, 694, 702, 724, 725, 745, 760, 775, 793, 809, 829, 838, 839, 877, 901, 903, 905, 910, 923]","[512, 1, 13, 14, 530, 531, 532, 533, 534, 536, 29, 54, 55, 56, 57, 58, 60, 573, 589, 596, 598, 601, 605, 102, 617, 620, 624, 118, 125, 127, 130, 134, 646, 650, 653, 146, 658, 660, 149, 662, 153, 668, 175, 689, 179, 182, 694, 187, 189, 702, 191, 197, 724, 725, 219, 225, 230, 745, 238, 760, 775, 264, 265, 266, 793, 286, 809, 302, 317, 829, 838, 839, 848, 336, 354, 873, 877, 884, 886, 379, 388, 389, 901, 903, 905, 909, 910, 399, 913, 916, 923, 925, 930, 421, 425, 432, 434, 454, 458, 462, 463, 466, 469, 475, 476, 479, 487, 498, 499]",False,[],[],[],[],"[179, 219, 399, 421, 432, 434, 462, 466, 469, 476, 479, 650, 848, 873, 884, 886, 909, 913, 916, 925, 930]","[1, 13, 14, 29, 54, 55, 56, 57, 58, 60, 102, 118, 125, 127, 130, 134, 146, 149, 153, 175, 182, 187, 189, 191, 197, 225, 230, 238, 264, 265, 266, 286, 302, 317, 336, 354, 379, 388, 389, 425, 454, 458, 463, 475, 487, 498, 499, 512, 530, 531, 532, 533, 534, 536, 573, 589, 596, 598, 601, 605, 617, 620, 624, 646, 653, 658, 660, 662, 668, 689, 694, 702, 724, 725, 745, 760, 775, 793, 809, 829, 838, 839, 877, 901, 903, 905, 910, 923]","[1, 13, 14, 29, 54, 55, 56, 57, 58, 60, 102, 118, 125, 127, 130, 134, 146, 149, 153, 175, 182, 187, 189, 191, 197, 225, 230, 238, 264, 265, 266, 286, 302, 317, 336, 379, 388, 389, 425, 454, 458, 463, 475, 487, 498, 499, 512, 530, 531, 532, 533, 534, 536, 573, 589, 596, 598, 601, 605, 617, 620, 624, 646, 653, 658, 660, 662, 668, 689, 694, 702, 724, 725, 745, 760, 775, 793, 829, 838, 839, 877, 901, 903, 905, 910, 923]",0/6 successful match,False,,False,649,False,,1.0,True,Tularosa Travel Center ( Shell ),Shell
Tularosa ( 88352 ) Tularosa Travel Center ( Shell ),575-585-3522 US 54-70 S ( MM 78 ),D SO <U+25A1> <U+25A1>,Tularosa,88352,Tularosa Travel Center ( Shell ),575-585-3522,2016,Tularosa,NM,Shell,( MM 78 ),US 54-70 S,empty,,False,,False,US 54-70,,,,,[],[],[],[],[],"[179, 219, 399, 421, 432, 434, 462, 466, 469, 476, 479, 650, 848, 873, 884, 886, 909, 913, 916, 925, 930]","[1, 13, 14, 29, 54, 55, 56, 57, 58, 60, 102, 118, 125, 127, 130, 134, 146, 149, 153, 175, 182, 187, 189, 191, 197, 225, 230, 238, 264, 265, 266, 286, 302, 317, 336, 379, 388, 389, 425, 454, 458, 463, 475, 487, 498, 499, 512, 530, 531, 532, 533, 534, 536, 573, 589, 596, 598, 601, 605, 617, 620, 624, 646, 653, 658, 660, 662, 668, 689, 694, 702, 724, 725, 745, 760, 775, 793, 829, 838, 839, 877, 901, 903, 905, 910, 923]","[1, 13, 14, 29, 54, 55, 56, 57, 58, 60, 102, 118, 125, 127, 130, 134, 146, 149, 153, 175, 182, 187, 189, 191, 197, 225, 230, 238, 264, 265, 266, 286, 302, 317, 336, 354, 379, 388, 389, 425, 454, 458, 463, 475, 487, 498, 499, 512, 530, 531, 532, 533, 534, 536, 573, 589, 596, 598, 601, 605, 617, 620, 624, 646, 653, 658, 660, 662, 668, 689, 694, 702, 724, 725, 745, 760, 775, 793, 809, 829, 838, 839, 877, 901, 903, 905, 910, 923]","[512, 1, 13, 14, 530, 531, 532, 533, 534, 536, 29, 54, 55, 56, 57, 58, 60, 573, 589, 596, 598, 601, 605, 102, 617, 620, 624, 118, 125, 127, 130, 134, 646, 650, 653, 146, 658, 660, 149, 662, 153, 668, 175, 689, 179, 182, 694, 187, 189, 702, 191, 197, 724, 725, 219, 225, 230, 745, 238, 760, 775, 264, 265, 266, 793, 286, 809, 302, 317, 829, 838, 839, 848, 336, 354, 873, 877, 884, 886, 379, 388, 389, 901, 903, 905, 909, 910, 399, 913, 916, 923, 925, 930, 421, 425, 432, 434, 454, 458, 462, 463, 466, 469, 475, 476, 479, 487, 498, 499]",False,[],[],[],[],"[179, 219, 399, 421, 432, 434, 462, 466, 469, 476, 479, 650, 848, 873, 884, 886, 909, 913, 916, 925, 930]","[1, 13, 14, 29, 54, 55, 56, 57, 58, 60, 102, 118, 125, 127, 130, 134, 146, 149, 153, 175, 182, 187, 189, 191, 197, 225, 230, 238, 264, 265, 266, 286, 302, 317, 336, 354, 379, 388, 389, 425, 454, 458, 463, 475, 487, 498, 499, 512, 530, 531, 532, 533, 534, 536, 573, 589, 596, 598, 601, 605, 617, 620, 624, 646, 653, 658, 660, 662, 668, 689, 694, 702, 724, 725, 745, 760, 775, 793, 809, 829, 838, 839, 877, 901, 903, 905, 910, 923]","[1, 13, 14, 29, 54, 55, 56, 57, 58, 60, 102, 118, 125, 127, 130, 134, 146, 149, 153, 175, 182, 187, 189, 191, 197, 225, 230, 238, 264, 265, 266, 286, 302, 317, 336, 379, 388, 389, 425, 454, 458, 463, 475, 487, 498, 499, 512, 530, 531, 532, 533, 534, 536, 573, 589, 596, 598, 601, 605, 617, 620, 624, 646, 653, 658, 660, 662, 668, 689, 694, 702, 724, 725, 745, 760, 775, 793, 829, 838, 839, 877, 901, 903, 905, 910, 923]",0/6 successful match,False,,False,649,False,,1.0,True,Tularosa Travel Center ( Shell ),Shell
"Vaughn , 88353 Lalo's Cash & Carry ( Chevron )",51505-584-2614 US 54-60 & E Jct US 285 ( @state scale ),),Vaughn,88353,Lalo's Cash & Carry ( Chevron ),505-584-2614,2006,Vaughn,NM,Chevron,( @state scale ),US 54-60 & E Jct US 285,empty,,False,,False,US 54,US 285,,,,[],[],[],[],[],[],"[12, 24, 25, 28, 88, 100, 104, 119, 123, 129, 136, 137, 139, 140, 141, 148, 155, 169, 172, 179, 183, 185, 188, 196, 198, 217, 237, 267, 270, 278, 319, 321, 324, 325, 330, 334, 335, 354, 366, 369, 380, 383, 384, 386, 395, 407, 411, 423, 428, 436, 437, 452, 453, 456, 467, 471, 477, 478, 479, 497, 508, 511, 559, 571, 575, 590, 594, 600, 607, 608, 610, 611, 612, 619, 627, 640, 643, 650, 654, 656, 659, 667, 669, 685, 701, 726, 729, 737, 777, 779, 782, 783, 787, 790, 791, 809, 817, 819, 830, 833, 834, 836, 845, 856, 857, 860, 862, 875, 880, 887, 888, 899, 900, 914, 918, 921, 928, 929, 930]","[12, 24, 25, 28, 88, 100, 104, 119, 123, 129, 136, 137, 139, 140, 141, 148, 155, 169, 172, 179, 183, 185, 188, 196, 198, 217, 237, 267, 270, 278, 319, 321, 324, 325, 330, 334, 335, 354, 366, 369, 380, 383, 384, 386, 395, 407, 411, 423, 428, 436, 437, 452, 453, 456, 467, 471, 477, 478, 479, 497, 508, 511, 559, 571, 575, 590, 594, 600, 607, 608, 610, 611, 612, 619, 627, 640, 643, 650, 654, 656, 659, 667, 669, 685, 701, 726, 729, 737, 777, 779, 782, 783, 787, 790, 791, 809, 817, 819, 830, 833, 834, 836, 845, 856, 857, 860, 862, 875, 880, 887, 888, 899, 900, 914, 918, 921, 928, 929, 930]","[12, 24, 25, 28, 559, 571, 575, 590, 594, 88, 600, 607, 608, 610, 611, 100, 612, 104, 619, 627, 119, 123, 640, 129, 643, 136, 137, 650, 139, 140, 141, 654, 656, 659, 148, 155, 667, 669, 169, 172, 685, 179, 183, 185, 188, 701, 196, 198, 726, 217, 729, 737, 237, 777, 267, 779, 270, 782, 783, 787, 278, 790, 791, 809, 817, 819, 830, 319, 321, 833, 834, 324, 325, 836, 330, 845, 334, 335, 856, 857, 860, 862, 354, 875, 366, 880, 369, 887, 888, 380, 383, 384, 386, 899, 900, 395, 914, 918, 407, 921, 411, 928, 929, 930, 423, 428, 436, 437, 452, 453, 456, 467, 471, 477, 478, 479, 497, 508, 511]",False,[],[],[],[],[],"[12, 24, 25, 28, 88, 100, 104, 119, 123, 129, 136, 137, 139, 140, 141, 148, 155, 169, 172, 179, 183, 185, 188, 196, 198, 217, 237, 267, 270, 278, 319, 321, 324, 325, 330, 334, 335, 354, 366, 369, 380, 383, 384, 386, 395, 407, 411, 423, 428, 436, 437, 452, 453, 456, 467, 471, 477, 478, 479, 497, 508, 511, 559, 571, 575, 590, 594, 600, 607, 608, 610, 611, 612, 619, 627, 640, 643, 650, 654, 656, 659, 667, 669, 685, 701, 726, 729, 737, 777, 779, 782, 783, 787, 790, 791, 809, 817, 819, 830, 833, 834, 836, 845, 856, 857, 860, 862, 875, 880, 887, 888, 899, 900, 914, 918, 921, 928, 929, 930]","[12, 24, 25, 28, 88, 100, 104, 119, 123, 129, 136, 137, 139, 140, 141, 148, 155, 169, 172, 179, 183, 185, 188, 196, 198, 217, 237, 267, 270, 278, 319, 321, 324, 325, 330, 334, 335, 354, 366, 369, 380, 383, 384, 386, 395, 407, 411, 423, 428, 436, 437, 452, 453, 456, 467, 471, 477, 478, 479, 497, 508, 511, 559, 571, 575, 590, 594, 600, 607, 608, 610, 611, 612, 619, 627, 640, 643, 650, 654, 656, 659, 667, 669, 685, 701, 726, 729, 737, 777, 779, 782, 783, 787, 790, 791, 809, 817, 819, 830, 833, 834, 836, 845, 856, 857, 860, 862, 875, 880, 887, 888, 899, 900, 914, 918, 921, 928, 929, 930]",0/6 successful match,False,,False,650,False,,,,,
"Vaughn , 88353 Lalo's Cash & Carry ( Chevron )",15505-584-2614 US 54-60 & E Jct US 285 ( @state,scale ) M,Vaughn,88353,Lalo's Cash & Carry ( Chevron ),505-584-2614,2007,Vaughn,NM,Chevron,( @state,US 54-60 & E Jct US 285,empty,,False,,False,US 54,US 285,,,,[],[],[],[],[],[],"[12, 24, 25, 28, 88, 100, 104, 119, 123, 129, 136, 137, 139, 140, 141, 148, 155, 169, 172, 179, 183, 185, 188, 196, 198, 217, 237, 267, 270, 278, 319, 321, 324, 325, 330, 334, 335, 354, 366, 369, 380, 383, 384, 386, 395, 407, 411, 423, 428, 436, 437, 452, 453, 456, 467, 471, 477, 478, 479, 497, 508, 511, 559, 571, 575, 590, 594, 600, 607, 608, 610, 611, 612, 619, 627, 640, 643, 650, 654, 656, 659, 667, 669, 685, 701, 726, 729, 737, 777, 779, 782, 783, 787, 790, 791, 809, 817, 819, 830, 833, 834, 836, 845, 856, 857, 860, 862, 875, 880, 887, 888, 899, 900, 914, 918, 921, 928, 929, 930]","[12, 24, 25, 28, 88, 100, 104, 119, 123, 129, 136, 137, 139, 140, 141, 148, 155, 169, 172, 179, 183, 185, 188, 196, 198, 217, 237, 267, 270, 278, 319, 321, 324, 325, 330, 334, 335, 354, 366, 369, 380, 383, 384, 386, 395, 407, 411, 423, 428, 436, 437, 452, 453, 456, 467, 471, 477, 478, 479, 497, 508, 511, 559, 571, 575, 590, 594, 600, 607, 608, 610, 611, 612, 619, 627, 640, 643, 650, 654, 656, 659, 667, 669, 685, 701, 726, 729, 737, 777, 779, 782, 783, 787, 790, 791, 809, 817, 819, 830, 833, 834, 836, 845, 856, 857, 860, 862, 875, 880, 887, 888, 899, 900, 914, 918, 921, 928, 929, 930]","[12, 24, 25, 28, 559, 571, 575, 590, 594, 88, 600, 607, 608, 610, 611, 100, 612, 104, 619, 627, 119, 123, 640, 129, 643, 136, 137, 650, 139, 140, 141, 654, 656, 659, 148, 155, 667, 669, 169, 172, 685, 179, 183, 185, 188, 701, 196, 198, 726, 217, 729, 737, 237, 777, 267, 779, 270, 782, 783, 787, 278, 790, 791, 809, 817, 819, 830, 319, 321, 833, 834, 324, 325, 836, 330, 845, 334, 335, 856, 857, 860, 862, 354, 875, 366, 880, 369, 887, 888, 380, 383, 384, 386, 899, 900, 395, 914, 918, 407, 921, 411, 928, 929, 930, 423, 428, 436, 437, 452, 453, 456, 467, 471, 477, 478, 479, 497, 508, 511]",False,[],[],[],[],[],"[12, 24, 25, 28, 88, 100, 104, 119, 123, 129, 136, 137, 139, 140, 141, 148, 155, 169, 172, 179, 183, 185, 188, 196, 198, 217, 237, 267, 270, 278, 319, 321, 324, 325, 330, 334, 335, 354, 366, 369, 380, 383, 384, 386, 395, 407, 411, 423, 428, 436, 437, 452, 453, 456, 467, 471, 477, 478, 479, 497, 508, 511, 559, 571, 575, 590, 594, 600, 607, 608, 610, 611, 612, 619, 627, 640, 643, 650, 654, 656, 659, 667, 669, 685, 701, 726, 729, 737, 777, 779, 782, 783, 787, 790, 791, 809, 817, 819, 830, 833, 834, 836, 845, 856, 857, 860, 862, 875, 880, 887, 888, 899, 900, 914, 918, 921, 928, 929, 930]","[12, 24, 25, 28, 88, 100, 104, 119, 123, 129, 136, 137, 139, 140, 141, 148, 155, 169, 172, 179, 183, 185, 188, 196, 198, 217, 237, 267, 270, 278, 319, 321, 324, 325, 330, 334, 335, 354, 366, 369, 380, 383, 384, 386, 395, 407, 411, 423, 428, 436, 437, 452, 453, 456, 467, 471, 477, 478, 479, 497, 508, 511, 559, 571, 575, 590, 594, 600, 607, 608, 610, 611, 612, 619, 627, 640, 643, 650, 654, 656, 659, 667, 669, 685, 701, 726, 729, 737, 777, 779, 782, 783, 787, 790, 791, 809, 817, 819, 830, 833, 834, 836, 845, 856, 857, 860, 862, 875, 880, 887, 888, 899, 900, 914, 918, 921, 928, 929, 930]",0/6 successful match,False,,False,650,False,,1.0,True,Lalo's Cash & Carry ( Chevron ),Chevron
"Vaughn , 88353 Lalo's Cash & Carry ( Conoco )",5 505-584-2614 US 54-60 & E Jct US 285 ( @state scale ),) <U+2610> M D,Vaughn,88353,Lalo's Cash & Carry ( Conoco ),505-584-2614,2008,Vaughn,NM,Conoco,( @state scale ),US 54-60 & E Jct US 285,empty,,False,,False,US 54,US 285,,,,[],[],[],[],[],[],"[3, 27, 349, 406, 451, 489, 510, 804, 855, 898]","[3, 27, 349, 406, 451, 489, 510, 804, 855, 898]","[898, 3, 451, 804, 489, 406, 855, 27, 349, 510]",False,[],[],[],[],[],"[3, 27, 349, 406, 451, 489, 510, 804, 855, 898]","[3, 27, 349, 406, 451, 489, 510, 804, 855, 898]",0/6 successful match,False,,False,650,False,,1.0,False,Lalo's Cash & Carry ( Chevron ),Chevron
E Vaughn ( 88353 ) Lalo's Cash & Carry ( Conoco ),575-584-2614 US 54-60 & E Jct US 285 ( @state scale,) M,Vaughn,88353,Lalo's Cash & Carry ( Conoco ),575-584-2614,2014,Vaughn,NM,Conoco,( @state scale,US 54-60 & E Jct US 285,empty,,False,,False,US 54,US 285,,,,[],[],[],[],[],[],"[3, 27, 349, 406, 451, 489, 510, 804, 855, 898]","[3, 27, 349, 406, 451, 489, 510, 804, 855, 898]","[898, 3, 451, 804, 489, 406, 855, 27, 349, 510]",False,[],[],[],[],[],"[3, 27, 349, 406, 451, 489, 510, 804, 855, 898]","[3, 27, 349, 406, 451, 489, 510, 804, 855, 898]",0/6 successful match,False,,False,650,False,,1.0,True,Lalo's Cash & Carry ( Conoco ),Conoco
Vaughn ( 88353 ) Lalo's Cash & Carry ( Conoco ),575-584-2614 US 54-60 & E Jct US 285 ( @ state scale ),) M,Vaughn,88353,Lalo's Cash & Carry ( Conoco ),575-584-2614,2015,Vaughn,NM,Conoco,( @ state scale ),US 54-60 & E Jct US 285,empty,,False,,False,US 54,US 285,,,,[],[],[],[],[],[],"[3, 27, 349, 406, 451, 489, 510, 804, 855, 898]","[3, 27, 349, 406, 451, 489, 510, 804, 855, 898]","[898, 3, 451, 804, 489, 406, 855, 27, 349, 510]",False,[],[],[],[],[],"[3, 27, 349, 406, 451, 489, 510, 804, 855, 898]","[3, 27, 349, 406, 451, 489, 510, 804, 855, 898]",0/6 successful match,False,,False,650,False,,1.0,True,Lalo's Cash & Carry ( Conoco ),Conoco
E Vaughn ( 88353 ) Lalo's Cash & Carry ( Conoco ),575-584-2614 US 54-60 & E Jct US 285 (,) MO <U+25A1>,Vaughn,88353,Lalo's Cash & Carry ( Conoco ),575-584-2614,2016,Vaughn,NM,Conoco,(,US 54-60 & E Jct US 285,empty,,False,,False,US 54,US 285,,,,[],[],[],[],[],[],"[3, 27, 349, 406, 451, 489, 510, 804, 855, 898]","[3, 27, 349, 406, 451, 489, 510, 804, 855, 898]","[898, 3, 451, 804, 489, 406, 855, 27, 349, 510]",False,[],[],[],[],[],"[3, 27, 349, 406, 451, 489, 510, 804, 855, 898]","[3, 27, 349, 406, 451, 489, 510, 804, 855, 898]",0/6 successful match,False,,False,650,False,,1.0,True,Lalo's Cash & Carry ( Conoco ),Conoco
"Tucumcari , 88401 MC Stop",505-461-3841 I-40 Exit 332 ( Hwy 209 ),124 HRS 485 S,Tucumcari,88401,MC Stop,505-461-3841,2006,Tucumcari,NM,,( Hwy 209 ),I-40 Exit 332 ,Exit,332,False,,False,I-40,,,,,[],[],[],[],[],"[4, 11, 18, 21, 23, 26, 27, 28, 31, 35, 36, 43, 45, 52, 55, 56, 60, 62, 64, 70, 71, 80, 90, 94, 97, 183, 197, 232, 334, 426, 455, 472, 477, 478, 480, 483, 484, 490, 496, 505, 507, 509, 510, 511, 514, 516, 517, 523, 525, 529, 532, 533, 536, 538, 545, 546, 552, 561, 565, 568, 654, 668, 696, 790, 857, 878, 902, 919, 928, 929, 932, 934, 935]",[],[],"[514, 4, 516, 517, 902, 11, 523, 525, 654, 529, 18, 532, 21, 533, 23, 536, 790, 26, 27, 28, 538, 668, 31, 919, 545, 546, 35, 36, 928, 929, 932, 552, 934, 426, 43, 935, 45, 561, 52, 565, 55, 56, 183, 568, 696, 60, 62, 64, 197, 70, 71, 455, 334, 80, 472, 857, 90, 477, 94, 478, 480, 97, 483, 484, 232, 490, 878, 496, 505, 507, 509, 510, 511]",False,[],[],[],[],"[4, 11, 18, 21, 23, 26, 27, 28, 31, 35, 36, 43, 45, 52, 55, 56, 60, 62, 64, 70, 71, 80, 90, 94, 97, 183, 197, 232, 334, 426, 455, 472, 477, 478, 480, 483, 484, 490, 496, 505, 507, 509, 510, 511, 514, 516, 517, 523, 525, 529, 532, 533, 536, 538, 545, 546, 552, 561, 565, 568, 654, 668, 696, 790, 857, 878, 902, 919, 928, 929, 932, 934, 935]",[],[],0/6 successful match,False,,False,651,False,,,,,
"Tucumcari , 88401 Circle K",505-461-3841 I-40 Exit 332 ( Hwy 209 ),24 S,Tucumcari,88401,Circle K,505-461-3841,2007,Tucumcari,NM,Circle K,( Hwy 209 ),I-40 Exit 332 ,Exit,332,False,,False,I-40,,,,,[],[],[],[],[],"[4, 11, 18, 21, 23, 26, 27, 28, 31, 35, 36, 43, 45, 52, 55, 56, 60, 62, 64, 70, 71, 80, 90, 94, 97, 183, 197, 232, 334, 426, 455, 472, 477, 478, 480, 483, 484, 490, 496, 505, 507, 509, 510, 511, 514, 516, 517, 523, 525, 529, 532, 533, 536, 538, 545, 546, 552, 561, 565, 568, 654, 668, 696, 790, 857, 878, 902, 919, 928, 929, 932, 934, 935]","[6, 7, 492, 493]",[],"[514, 4, 516, 517, 6, 7, 11, 523, 525, 529, 18, 532, 21, 533, 23, 536, 26, 27, 28, 538, 31, 545, 546, 35, 36, 552, 43, 45, 561, 52, 565, 55, 56, 568, 60, 62, 64, 70, 71, 80, 90, 94, 97, 654, 668, 183, 696, 197, 232, 790, 334, 857, 878, 902, 919, 928, 929, 932, 934, 935, 426, 455, 472, 477, 478, 480, 483, 484, 490, 492, 493, 496, 505, 507, 509, 510, 511]",False,[],[],[],[],"[4, 11, 18, 21, 23, 26, 27, 28, 31, 35, 36, 43, 45, 52, 55, 56, 60, 62, 64, 70, 71, 80, 90, 94, 97, 183, 197, 232, 334, 426, 455, 472, 477, 478, 480, 483, 484, 490, 496, 505, 507, 509, 510, 511, 514, 516, 517, 523, 525, 529, 532, 533, 536, 538, 545, 546, 552, 561, 565, 568, 654, 668, 696, 790, 857, 878, 902, 919, 928, 929, 932, 934, 935]",[],"[6, 7, 492, 493]",0/6 successful match,False,,False,651,False,,0.26666666666666666,True,MC Stop,
"Tucumcari , 88401 Circle K ( Chevron )",505-461-3841 I-40 Exit 332 ( Hwy 209 ),NOS 24 S <U+2610><U+2610> 0,Tucumcari,88401,Circle K ( Chevron ),505-461-3841,2008,Tucumcari,NM,Circle K,( Hwy 209 ),I-40 Exit 332 ,Exit,332,False,,False,I-40,,,,,[],[],[],[],[],"[4, 11, 18, 21, 23, 26, 27, 28, 31, 35, 36, 43, 45, 52, 55, 56, 60, 62, 64, 70, 71, 80, 90, 94, 97, 183, 197, 232, 334, 426, 455, 472, 477, 478, 480, 483, 484, 490, 496, 505, 507, 509, 510, 511, 514, 516, 517, 523, 525, 529, 532, 533, 536, 538, 545, 546, 552, 561, 565, 568, 654, 668, 696, 790, 857, 878, 902, 919, 928, 929, 932, 934, 935]","[6, 7, 492, 493]","[12, 24, 25, 28, 88, 100, 104, 119, 123, 129, 136, 137, 139, 140, 141, 148, 155, 169, 172, 179, 183, 185, 188, 196, 198, 217, 237, 267, 270, 278, 319, 321, 324, 325, 330, 334, 335, 354, 366, 369, 380, 383, 384, 386, 395, 407, 411, 423, 428, 436, 437, 452, 453, 456, 467, 471, 477, 478, 479, 497, 508, 511, 559, 571, 575, 590, 594, 600, 607, 608, 610, 611, 612, 619, 627, 640, 643, 650, 654, 656, 659, 667, 669, 685, 701, 726, 729, 737, 777, 779, 782, 783, 787, 790, 791, 809, 817, 819, 830, 833, 834, 836, 845, 856, 857, 860, 862, 875, 880, 887, 888, 899, 900, 914, 918, 921, 928, 929, 930]","[514, 4, 516, 517, 6, 7, 11, 523, 525, 12, 529, 18, 532, 21, 533, 23, 536, 24, 26, 27, 28, 538, 25, 31, 545, 546, 35, 36, 552, 43, 45, 559, 561, 52, 565, 55, 56, 568, 571, 60, 62, 575, 64, 70, 71, 590, 80, 594, 88, 600, 90, 94, 607, 608, 97, 610, 611, 100, 612, 104, 619, 627, 119, 123, 640, 129, 643, 136, 137, 650, 139, 140, 141, 654, 656, 659, 148, 155, 668, 667, 669, 169, 172, 685, 179, 183, 696, 185, 188, 701, 196, 197, 198, 726, 217, 729, 737, 232, 237, 777, 267, 779, 270, 782, 783, 787, 790, 278, 791, 809, 817, 819, 830, 319, 321, 833, 834, 324, 325, 836, 330, 845, 334, 335, 856, 857, 860, 862, 354, 875, 878, 366, 880, 369, 887, 888, 380, 383, 384, 386, 899, 900, 902, 395, 914, 918, 919, 407, 921, 411, 928, 929, 930, 932, 934, 935, 423, 426, 428, 436, 437, 452, 453, 455, 456, 467, 471, 472, 477, 478, 479, 480, 483, 484, 490, 492, 493, 496, 497, 505, 507, 508, 509, 510, 511]",False,[],[],[],[],"[4, 11, 18, 21, 23, 26, 27, 28, 31, 35, 36, 43, 45, 52, 55, 56, 60, 62, 64, 70, 71, 80, 90, 94, 97, 183, 197, 232, 334, 426, 455, 472, 477, 478, 480, 483, 484, 490, 496, 505, 507, 509, 510, 511, 514, 516, 517, 523, 525, 529, 532, 533, 536, 538, 545, 546, 552, 561, 565, 568, 654, 668, 696, 790, 857, 878, 902, 919, 928, 929, 932, 934, 935]","[12, 24, 25, 28, 88, 100, 104, 119, 123, 129, 136, 137, 139, 140, 141, 148, 155, 169, 172, 179, 183, 185, 188, 196, 198, 217, 237, 267, 270, 278, 319, 321, 324, 325, 330, 334, 335, 354, 366, 369, 380, 383, 384, 386, 395, 407, 411, 423, 428, 436, 437, 452, 453, 456, 467, 471, 477, 478, 479, 497, 508, 511, 559, 571, 575, 590, 594, 600, 607, 608, 610, 611, 612, 619, 627, 640, 643, 650, 654, 656, 659, 667, 669, 685, 701, 726, 729, 737, 777, 779, 782, 783, 787, 790, 791, 809, 817, 819, 830, 833, 834, 836, 845, 856, 857, 860, 862, 875, 880, 887, 888, 899, 900, 914, 918, 921, 928, 929, 930]","[6, 7, 492, 493]",0/6 successful match,False,,False,651,False,,0.7714285714285714,True,Circle K,Circle K
"Tucumcari , 88401 Love's Travel Stop # 262",505-461-4990 I-40 Exit 333,HRS M <U+2610>,Tucumcari,88401,Love's Travel Stop # 262,505-461-4990,2006,Tucumcari,NM,Love's,,I-40 Exit 333,Exit,333,False,,False,I-40,,,,,[],[],[],"[4, 490]",[],"[4, 11, 18, 21, 23, 26, 27, 28, 31, 35, 36, 43, 45, 52, 55, 56, 60, 62, 64, 70, 71, 80, 90, 94, 97, 183, 197, 232, 334, 426, 455, 472, 477, 478, 480, 483, 484, 490, 496, 505, 507, 509, 510, 511, 514, 516, 517, 523, 525, 529, 532, 533, 536, 538, 545, 546, 552, 561, 565, 568, 654, 668, 696, 790, 857, 878, 902, 919, 928, 929, 932, 934, 935]","[34, 35, 36, 37, 38, 39, 40, 41, 42, 43, 44, 45, 46, 47, 48, 201, 202, 203, 204, 205, 206, 207, 208, 209, 210, 211, 212, 213, 214, 215, 216, 355, 356, 357, 358, 359, 360, 361, 429, 430, 431, 432, 433, 434, 435, 515, 516, 517, 518, 519, 520, 521, 522, 523, 524, 525, 526, 527, 672, 673, 674, 675, 676, 677, 678, 679, 680, 681, 682, 683, 684, 810, 811, 812, 813, 814, 881, 882, 883, 884, 885, 886]","[32, 33, 34, 35, 36, 37, 38, 39, 40, 41, 42, 43, 44, 45, 46, 47, 48, 201, 202, 203, 204, 205, 206, 207, 208, 209, 210, 211, 212, 213, 214, 215, 216, 355, 356, 357, 358, 359, 360, 361, 429, 430, 431, 432, 433, 434, 435, 515, 516, 517, 518, 519, 520, 521, 522, 523, 524, 525, 526, 527, 672, 673, 674, 675, 676, 677, 678, 679, 680, 681, 682, 683, 684, 810, 811, 812, 813, 814, 881, 882, 883, 884, 885, 886]","[514, 515, 4, 516, 517, 518, 519, 520, 521, 11, 523, 525, 522, 524, 526, 529, 18, 527, 532, 21, 533, 23, 536, 26, 27, 28, 538, 31, 32, 545, 546, 35, 36, 34, 38, 39, 552, 37, 40, 43, 41, 45, 42, 44, 46, 561, 47, 48, 52, 565, 55, 56, 568, 60, 62, 64, 70, 71, 80, 90, 94, 97, 654, 668, 672, 673, 674, 675, 676, 677, 678, 679, 680, 681, 682, 683, 684, 33, 183, 696, 197, 201, 202, 203, 204, 205, 206, 207, 208, 209, 210, 211, 212, 213, 214, 215, 216, 232, 790, 810, 811, 812, 813, 814, 334, 857, 355, 356, 357, 358, 359, 360, 361, 878, 881, 882, 883, 884, 885, 886, 902, 919, 928, 929, 932, 934, 935, 426, 429, 430, 431, 432, 433, 434, 435, 455, 472, 477, 478, 480, 483, 484, 490, 496, 505, 507, 509, 510, 511]",False,[],[],[],"[4, 490]","[4, 11, 18, 21, 23, 26, 27, 28, 31, 35, 36, 43, 45, 52, 55, 56, 60, 62, 64, 70, 71, 80, 90, 94, 97, 183, 197, 232, 334, 426, 455, 472, 477, 478, 480, 483, 484, 490, 496, 505, 507, 509, 510, 511, 514, 516, 517, 523, 525, 529, 532, 533, 536, 538, 545, 546, 552, 561, 565, 568, 654, 668, 696, 790, 857, 878, 902, 919, 928, 929, 932, 934, 935]","[32, 33, 34, 35, 36, 37, 38, 39, 40, 41, 42, 43, 44, 45, 46, 47, 48, 201, 202, 203, 204, 205, 206, 207, 208, 209, 210, 211, 212, 213, 214, 215, 216, 355, 356, 357, 358, 359, 360, 361, 429, 430, 431, 432, 433, 434, 435, 515, 516, 517, 518, 519, 520, 521, 522, 523, 524, 525, 526, 527, 672, 673, 674, 675, 676, 677, 678, 679, 680, 681, 682, 683, 684, 810, 811, 812, 813, 814, 881, 882, 883, 884, 885, 886]","[34, 35, 36, 37, 38, 39, 40, 41, 42, 43, 44, 45, 46, 47, 48, 201, 202, 203, 204, 205, 206, 207, 208, 209, 210, 211, 212, 213, 214, 215, 216, 355, 356, 357, 358, 359, 360, 361, 429, 430, 431, 432, 433, 434, 435, 515, 516, 517, 518, 519, 520, 521, 522, 523, 524, 525, 526, 527, 672, 673, 674, 675, 676, 677, 678, 679, 680, 681, 682, 683, 684, 810, 811, 812, 813, 814, 881, 882, 883, 884, 885, 886]",0/6 successful match,False,,False,652,False,,,,,
"Tucumcari , 88401 Love's Travel Stop # 262",505-461-4990 I-40 Exit 333,HRS 24,Tucumcari,88401,Love's Travel Stop # 262,505-461-4990,2007,Tucumcari,NM,Love's,,I-40 Exit 333,Exit,333,False,,False,I-40,,,,,[],[],[],"[4, 490]",[],"[4, 11, 18, 21, 23, 26, 27, 28, 31, 35, 36, 43, 45, 52, 55, 56, 60, 62, 64, 70, 71, 80, 90, 94, 97, 183, 197, 232, 334, 426, 455, 472, 477, 478, 480, 483, 484, 490, 496, 505, 507, 509, 510, 511, 514, 516, 517, 523, 525, 529, 532, 533, 536, 538, 545, 546, 552, 561, 565, 568, 654, 668, 696, 790, 857, 878, 902, 919, 928, 929, 932, 934, 935]","[34, 35, 36, 37, 38, 39, 40, 41, 42, 43, 44, 45, 46, 47, 48, 201, 202, 203, 204, 205, 206, 207, 208, 209, 210, 211, 212, 213, 214, 215, 216, 355, 356, 357, 358, 359, 360, 361, 429, 430, 431, 432, 433, 434, 435, 515, 516, 517, 518, 519, 520, 521, 522, 523, 524, 525, 526, 527, 672, 673, 674, 675, 676, 677, 678, 679, 680, 681, 682, 683, 684, 810, 811, 812, 813, 814, 881, 882, 883, 884, 885, 886]","[32, 33, 34, 35, 36, 37, 38, 39, 40, 41, 42, 43, 44, 45, 46, 47, 48, 201, 202, 203, 204, 205, 206, 207, 208, 209, 210, 211, 212, 213, 214, 215, 216, 355, 356, 357, 358, 359, 360, 361, 429, 430, 431, 432, 433, 434, 435, 515, 516, 517, 518, 519, 520, 521, 522, 523, 524, 525, 526, 527, 672, 673, 674, 675, 676, 677, 678, 679, 680, 681, 682, 683, 684, 810, 811, 812, 813, 814, 881, 882, 883, 884, 885, 886]","[514, 515, 4, 516, 517, 518, 519, 520, 521, 11, 523, 525, 522, 524, 526, 529, 18, 527, 532, 21, 533, 23, 536, 26, 27, 28, 538, 31, 32, 545, 546, 35, 36, 34, 38, 39, 552, 37, 40, 43, 41, 45, 42, 44, 46, 561, 47, 48, 52, 565, 55, 56, 568, 60, 62, 64, 70, 71, 80, 90, 94, 97, 654, 668, 672, 673, 674, 675, 676, 677, 678, 679, 680, 681, 682, 683, 684, 33, 183, 696, 197, 201, 202, 203, 204, 205, 206, 207, 208, 209, 210, 211, 212, 213, 214, 215, 216, 232, 790, 810, 811, 812, 813, 814, 334, 857, 355, 356, 357, 358, 359, 360, 361, 878, 881, 882, 883, 884, 885, 886, 902, 919, 928, 929, 932, 934, 935, 426, 429, 430, 431, 432, 433, 434, 435, 455, 472, 477, 478, 480, 483, 484, 490, 496, 505, 507, 509, 510, 511]",False,[],[],[],"[4, 490]","[4, 11, 18, 21, 23, 26, 27, 28, 31, 35, 36, 43, 45, 52, 55, 56, 60, 62, 64, 70, 71, 80, 90, 94, 97, 183, 197, 232, 334, 426, 455, 472, 477, 478, 480, 483, 484, 490, 496, 505, 507, 509, 510, 511, 514, 516, 517, 523, 525, 529, 532, 533, 536, 538, 545, 546, 552, 561, 565, 568, 654, 668, 696, 790, 857, 878, 902, 919, 928, 929, 932, 934, 935]","[32, 33, 34, 35, 36, 37, 38, 39, 40, 41, 42, 43, 44, 45, 46, 47, 48, 201, 202, 203, 204, 205, 206, 207, 208, 209, 210, 211, 212, 213, 214, 215, 216, 355, 356, 357, 358, 359, 360, 361, 429, 430, 431, 432, 433, 434, 435, 515, 516, 517, 518, 519, 520, 521, 522, 523, 524, 525, 526, 527, 672, 673, 674, 675, 676, 677, 678, 679, 680, 681, 682, 683, 684, 810, 811, 812, 813, 814, 881, 882, 883, 884, 885, 886]","[34, 35, 36, 37, 38, 39, 40, 41, 42, 43, 44, 45, 46, 47, 48, 201, 202, 203, 204, 205, 206, 207, 208, 209, 210, 211, 212, 213, 214, 215, 216, 355, 356, 357, 358, 359, 360, 361, 429, 430, 431, 432, 433, 434, 435, 515, 516, 517, 518, 519, 520, 521, 522, 523, 524, 525, 526, 527, 672, 673, 674, 675, 676, 677, 678, 679, 680, 681, 682, 683, 684, 810, 811, 812, 813, 814, 881, 882, 883, 884, 885, 886]",0/6 successful match,False,,False,652,False,,1.0,True,Love's Travel Stop # 262,Love's
"Tucumcari , 88401 Love's Travel Stop # 262",505-461-4990 I-40 Exit 333,HORS 24 S,Tucumcari,88401,Love's Travel Stop # 262,505-461-4990,2008,Tucumcari,NM,Love's,,I-40 Exit 333,Exit,333,False,,False,I-40,,,,,[],[],[],"[4, 490]",[],"[4, 11, 18, 21, 23, 26, 27, 28, 31, 35, 36, 43, 45, 52, 55, 56, 60, 62, 64, 70, 71, 80, 90, 94, 97, 183, 197, 232, 334, 426, 455, 472, 477, 478, 480, 483, 484, 490, 496, 505, 507, 509, 510, 511, 514, 516, 517, 523, 525, 529, 532, 533, 536, 538, 545, 546, 552, 561, 565, 568, 654, 668, 696, 790, 857, 878, 902, 919, 928, 929, 932, 934, 935]","[34, 35, 36, 37, 38, 39, 40, 41, 42, 43, 44, 45, 46, 47, 48, 201, 202, 203, 204, 205, 206, 207, 208, 209, 210, 211, 212, 213, 214, 215, 216, 355, 356, 357, 358, 359, 360, 361, 429, 430, 431, 432, 433, 434, 435, 515, 516, 517, 518, 519, 520, 521, 522, 523, 524, 525, 526, 527, 672, 673, 674, 675, 676, 677, 678, 679, 680, 681, 682, 683, 684, 810, 811, 812, 813, 814, 881, 882, 883, 884, 885, 886]","[32, 33, 34, 35, 36, 37, 38, 39, 40, 41, 42, 43, 44, 45, 46, 47, 48, 201, 202, 203, 204, 205, 206, 207, 208, 209, 210, 211, 212, 213, 214, 215, 216, 355, 356, 357, 358, 359, 360, 361, 429, 430, 431, 432, 433, 434, 435, 515, 516, 517, 518, 519, 520, 521, 522, 523, 524, 525, 526, 527, 672, 673, 674, 675, 676, 677, 678, 679, 680, 681, 682, 683, 684, 810, 811, 812, 813, 814, 881, 882, 883, 884, 885, 886]","[514, 515, 4, 516, 517, 518, 519, 520, 521, 11, 523, 525, 522, 524, 526, 529, 18, 527, 532, 21, 533, 23, 536, 26, 27, 28, 538, 31, 32, 545, 546, 35, 36, 34, 38, 39, 552, 37, 40, 43, 41, 45, 42, 44, 46, 561, 47, 48, 52, 565, 55, 56, 568, 60, 62, 64, 70, 71, 80, 90, 94, 97, 654, 668, 672, 673, 674, 675, 676, 677, 678, 679, 680, 681, 682, 683, 684, 33, 183, 696, 197, 201, 202, 203, 204, 205, 206, 207, 208, 209, 210, 211, 212, 213, 214, 215, 216, 232, 790, 810, 811, 812, 813, 814, 334, 857, 355, 356, 357, 358, 359, 360, 361, 878, 881, 882, 883, 884, 885, 886, 902, 919, 928, 929, 932, 934, 935, 426, 429, 430, 431, 432, 433, 434, 435, 455, 472, 477, 478, 480, 483, 484, 490, 496, 505, 507, 509, 510, 511]",False,[],[],[],"[4, 490]","[4, 11, 18, 21, 23, 26, 27, 28, 31, 35, 36, 43, 45, 52, 55, 56, 60, 62, 64, 70, 71, 80, 90, 94, 97, 183, 197, 232, 334, 426, 455, 472, 477, 478, 480, 483, 484, 490, 496, 505, 507, 509, 510, 511, 514, 516, 517, 523, 525, 529, 532, 533, 536, 538, 545, 546, 552, 561, 565, 568, 654, 668, 696, 790, 857, 878, 902, 919, 928, 929, 932, 934, 935]","[32, 33, 34, 35, 36, 37, 38, 39, 40, 41, 42, 43, 44, 45, 46, 47, 48, 201, 202, 203, 204, 205, 206, 207, 208, 209, 210, 211, 212, 213, 214, 215, 216, 355, 356, 357, 358, 359, 360, 361, 429, 430, 431, 432, 433, 434, 435, 515, 516, 517, 518, 519, 520, 521, 522, 523, 524, 525, 526, 527, 672, 673, 674, 675, 676, 677, 678, 679, 680, 681, 682, 683, 684, 810, 811, 812, 813, 814, 881, 882, 883, 884, 885, 886]","[34, 35, 36, 37, 38, 39, 40, 41, 42, 43, 44, 45, 46, 47, 48, 201, 202, 203, 204, 205, 206, 207, 208, 209, 210, 211, 212, 213, 214, 215, 216, 355, 356, 357, 358, 359, 360, 361, 429, 430, 431, 432, 433, 434, 435, 515, 516, 517, 518, 519, 520, 521, 522, 523, 524, 525, 526, 527, 672, 673, 674, 675, 676, 677, 678, 679, 680, 681, 682, 683, 684, 810, 811, 812, 813, 814, 881, 882, 883, 884, 885, 886]",0/6 successful match,False,,False,652,False,,1.0,True,Love's Travel Stop # 262,Love's
D Tucumcari ( 88401 ) Love's Travel Stop # 262,575-461-1900 I-40 Exit 333,24 XL,Tucumcari,88401,Love's Travel Stop # 262,575-461-1900,2014,Tucumcari,NM,Love's,,I-40 Exit 333,Exit,333,False,,False,I-40,,,,,[],[],[],"[4, 490]",[],"[4, 11, 18, 21, 23, 26, 27, 28, 31, 35, 36, 43, 45, 52, 55, 56, 60, 62, 64, 70, 71, 80, 90, 94, 97, 183, 197, 232, 334, 426, 455, 472, 477, 478, 480, 483, 484, 490, 496, 505, 507, 509, 510, 511, 514, 516, 517, 523, 525, 529, 532, 533, 536, 538, 545, 546, 552, 561, 565, 568, 654, 668, 696, 790, 857, 878, 902, 919, 928, 929, 932, 934, 935]","[34, 35, 36, 37, 38, 39, 40, 41, 42, 43, 44, 45, 46, 47, 48, 201, 202, 203, 204, 205, 206, 207, 208, 209, 210, 211, 212, 213, 214, 215, 216, 355, 356, 357, 358, 359, 360, 361, 429, 430, 431, 432, 433, 434, 435, 515, 516, 517, 518, 519, 520, 521, 522, 523, 524, 525, 526, 527, 672, 673, 674, 675, 676, 677, 678, 679, 680, 681, 682, 683, 684, 810, 811, 812, 813, 814, 881, 882, 883, 884, 885, 886]","[32, 33, 34, 35, 36, 37, 38, 39, 40, 41, 42, 43, 44, 45, 46, 47, 48, 201, 202, 203, 204, 205, 206, 207, 208, 209, 210, 211, 212, 213, 214, 215, 216, 355, 356, 357, 358, 359, 360, 361, 429, 430, 431, 432, 433, 434, 435, 515, 516, 517, 518, 519, 520, 521, 522, 523, 524, 525, 526, 527, 672, 673, 674, 675, 676, 677, 678, 679, 680, 681, 682, 683, 684, 810, 811, 812, 813, 814, 881, 882, 883, 884, 885, 886]","[514, 515, 4, 516, 517, 518, 519, 520, 521, 11, 523, 525, 522, 524, 526, 529, 18, 527, 532, 21, 533, 23, 536, 26, 27, 28, 538, 31, 32, 545, 546, 35, 36, 34, 38, 39, 552, 37, 40, 43, 41, 45, 42, 44, 46, 561, 47, 48, 52, 565, 55, 56, 568, 60, 62, 64, 70, 71, 80, 90, 94, 97, 654, 668, 672, 673, 674, 675, 676, 677, 678, 679, 680, 681, 682, 683, 684, 33, 183, 696, 197, 201, 202, 203, 204, 205, 206, 207, 208, 209, 210, 211, 212, 213, 214, 215, 216, 232, 790, 810, 811, 812, 813, 814, 334, 857, 355, 356, 357, 358, 359, 360, 361, 878, 881, 882, 883, 884, 885, 886, 902, 919, 928, 929, 932, 934, 935, 426, 429, 430, 431, 432, 433, 434, 435, 455, 472, 477, 478, 480, 483, 484, 490, 496, 505, 507, 509, 510, 511]",False,[],[],[],"[4, 490]","[4, 11, 18, 21, 23, 26, 27, 28, 31, 35, 36, 43, 45, 52, 55, 56, 60, 62, 64, 70, 71, 80, 90, 94, 97, 183, 197, 232, 334, 426, 455, 472, 477, 478, 480, 483, 484, 490, 496, 505, 507, 509, 510, 511, 514, 516, 517, 523, 525, 529, 532, 533, 536, 538, 545, 546, 552, 561, 565, 568, 654, 668, 696, 790, 857, 878, 902, 919, 928, 929, 932, 934, 935]","[32, 33, 34, 35, 36, 37, 38, 39, 40, 41, 42, 43, 44, 45, 46, 47, 48, 201, 202, 203, 204, 205, 206, 207, 208, 209, 210, 211, 212, 213, 214, 215, 216, 355, 356, 357, 358, 359, 360, 361, 429, 430, 431, 432, 433, 434, 435, 515, 516, 517, 518, 519, 520, 521, 522, 523, 524, 525, 526, 527, 672, 673, 674, 675, 676, 677, 678, 679, 680, 681, 682, 683, 684, 810, 811, 812, 813, 814, 881, 882, 883, 884, 885, 886]","[34, 35, 36, 37, 38, 39, 40, 41, 42, 43, 44, 45, 46, 47, 48, 201, 202, 203, 204, 205, 206, 207, 208, 209, 210, 211, 212, 213, 214, 215, 216, 355, 356, 357, 358, 359, 360, 361, 429, 430, 431, 432, 433, 434, 435, 515, 516, 517, 518, 519, 520, 521, 522, 523, 524, 525, 526, 527, 672, 673, 674, 675, 676, 677, 678, 679, 680, 681, 682, 683, 684, 810, 811, 812, 813, 814, 881, 882, 883, 884, 885, 886]",0/6 successful match,False,,False,652,False,,1.0,True,Love's Travel Stop # 262,Love's
D Tucumcari ( 88401 ) Love's Travel Stop # 262,575-461-1900 I-40 Exit 333,24 XL,Tucumcari,88401,Love's Travel Stop # 262,575-461-1900,2015,Tucumcari,NM,Love's,,I-40 Exit 333,Exit,333,False,,False,I-40,,,,,[],[],[],"[4, 490]",[],"[4, 11, 18, 21, 23, 26, 27, 28, 31, 35, 36, 43, 45, 52, 55, 56, 60, 62, 64, 70, 71, 80, 90, 94, 97, 183, 197, 232, 334, 426, 455, 472, 477, 478, 480, 483, 484, 490, 496, 505, 507, 509, 510, 511, 514, 516, 517, 523, 525, 529, 532, 533, 536, 538, 545, 546, 552, 561, 565, 568, 654, 668, 696, 790, 857, 878, 902, 919, 928, 929, 932, 934, 935]","[34, 35, 36, 37, 38, 39, 40, 41, 42, 43, 44, 45, 46, 47, 48, 201, 202, 203, 204, 205, 206, 207, 208, 209, 210, 211, 212, 213, 214, 215, 216, 355, 356, 357, 358, 359, 360, 361, 429, 430, 431, 432, 433, 434, 435, 515, 516, 517, 518, 519, 520, 521, 522, 523, 524, 525, 526, 527, 672, 673, 674, 675, 676, 677, 678, 679, 680, 681, 682, 683, 684, 810, 811, 812, 813, 814, 881, 882, 883, 884, 885, 886]","[32, 33, 34, 35, 36, 37, 38, 39, 40, 41, 42, 43, 44, 45, 46, 47, 48, 201, 202, 203, 204, 205, 206, 207, 208, 209, 210, 211, 212, 213, 214, 215, 216, 355, 356, 357, 358, 359, 360, 361, 429, 430, 431, 432, 433, 434, 435, 515, 516, 517, 518, 519, 520, 521, 522, 523, 524, 525, 526, 527, 672, 673, 674, 675, 676, 677, 678, 679, 680, 681, 682, 683, 684, 810, 811, 812, 813, 814, 881, 882, 883, 884, 885, 886]","[514, 515, 4, 516, 517, 518, 519, 520, 521, 11, 523, 525, 522, 524, 526, 529, 18, 527, 532, 21, 533, 23, 536, 26, 27, 28, 538, 31, 32, 545, 546, 35, 36, 34, 38, 39, 552, 37, 40, 43, 41, 45, 42, 44, 46, 561, 47, 48, 52, 565, 55, 56, 568, 60, 62, 64, 70, 71, 80, 90, 94, 97, 654, 668, 672, 673, 674, 675, 676, 677, 678, 679, 680, 681, 682, 683, 684, 33, 183, 696, 197, 201, 202, 203, 204, 205, 206, 207, 208, 209, 210, 211, 212, 213, 214, 215, 216, 232, 790, 810, 811, 812, 813, 814, 334, 857, 355, 356, 357, 358, 359, 360, 361, 878, 881, 882, 883, 884, 885, 886, 902, 919, 928, 929, 932, 934, 935, 426, 429, 430, 431, 432, 433, 434, 435, 455, 472, 477, 478, 480, 483, 484, 490, 496, 505, 507, 509, 510, 511]",False,[],[],[],"[4, 490]","[4, 11, 18, 21, 23, 26, 27, 28, 31, 35, 36, 43, 45, 52, 55, 56, 60, 62, 64, 70, 71, 80, 90, 94, 97, 183, 197, 232, 334, 426, 455, 472, 477, 478, 480, 483, 484, 490, 496, 505, 507, 509, 510, 511, 514, 516, 517, 523, 525, 529, 532, 533, 536, 538, 545, 546, 552, 561, 565, 568, 654, 668, 696, 790, 857, 878, 902, 919, 928, 929, 932, 934, 935]","[32, 33, 34, 35, 36, 37, 38, 39, 40, 41, 42, 43, 44, 45, 46, 47, 48, 201, 202, 203, 204, 205, 206, 207, 208, 209, 210, 211, 212, 213, 214, 215, 216, 355, 356, 357, 358, 359, 360, 361, 429, 430, 431, 432, 433, 434, 435, 515, 516, 517, 518, 519, 520, 521, 522, 523, 524, 525, 526, 527, 672, 673, 674, 675, 676, 677, 678, 679, 680, 681, 682, 683, 684, 810, 811, 812, 813, 814, 881, 882, 883, 884, 885, 886]","[34, 35, 36, 37, 38, 39, 40, 41, 42, 43, 44, 45, 46, 47, 48, 201, 202, 203, 204, 205, 206, 207, 208, 209, 210, 211, 212, 213, 214, 215, 216, 355, 356, 357, 358, 359, 360, 361, 429, 430, 431, 432, 433, 434, 435, 515, 516, 517, 518, 519, 520, 521, 522, 523, 524, 525, 526, 527, 672, 673, 674, 675, 676, 677, 678, 679, 680, 681, 682, 683, 684, 810, 811, 812, 813, 814, 881, 882, 883, 884, 885, 886]",0/6 successful match,False,,False,652,False,,1.0,True,Love's Travel Stop # 262,Love's
Tucumcari ( 88401 ) Love's Travel Stop # 262,575-461-1900 I-40 Exit 333,24 <U+2610> XL 24,Tucumcari,88401,Love's Travel Stop # 262,575-461-1900,2016,Tucumcari,NM,Love's,,I-40 Exit 333,Exit,333,False,,False,I-40,,,,,[],[],[],"[4, 490]",[],"[4, 11, 18, 21, 23, 26, 27, 28, 31, 35, 36, 43, 45, 52, 55, 56, 60, 62, 64, 70, 71, 80, 90, 94, 97, 183, 197, 232, 334, 426, 455, 472, 477, 478, 480, 483, 484, 490, 496, 505, 507, 509, 510, 511, 514, 516, 517, 523, 525, 529, 532, 533, 536, 538, 545, 546, 552, 561, 565, 568, 654, 668, 696, 790, 857, 878, 902, 919, 928, 929, 932, 934, 935]","[34, 35, 36, 37, 38, 39, 40, 41, 42, 43, 44, 45, 46, 47, 48, 201, 202, 203, 204, 205, 206, 207, 208, 209, 210, 211, 212, 213, 214, 215, 216, 355, 356, 357, 358, 359, 360, 361, 429, 430, 431, 432, 433, 434, 435, 515, 516, 517, 518, 519, 520, 521, 522, 523, 524, 525, 526, 527, 672, 673, 674, 675, 676, 677, 678, 679, 680, 681, 682, 683, 684, 810, 811, 812, 813, 814, 881, 882, 883, 884, 885, 886]","[32, 33, 34, 35, 36, 37, 38, 39, 40, 41, 42, 43, 44, 45, 46, 47, 48, 201, 202, 203, 204, 205, 206, 207, 208, 209, 210, 211, 212, 213, 214, 215, 216, 355, 356, 357, 358, 359, 360, 361, 429, 430, 431, 432, 433, 434, 435, 515, 516, 517, 518, 519, 520, 521, 522, 523, 524, 525, 526, 527, 672, 673, 674, 675, 676, 677, 678, 679, 680, 681, 682, 683, 684, 810, 811, 812, 813, 814, 881, 882, 883, 884, 885, 886]","[514, 515, 4, 516, 517, 518, 519, 520, 521, 11, 523, 525, 522, 524, 526, 529, 18, 527, 532, 21, 533, 23, 536, 26, 27, 28, 538, 31, 32, 545, 546, 35, 36, 34, 38, 39, 552, 37, 40, 43, 41, 45, 42, 44, 46, 561, 47, 48, 52, 565, 55, 56, 568, 60, 62, 64, 70, 71, 80, 90, 94, 97, 654, 668, 672, 673, 674, 675, 676, 677, 678, 679, 680, 681, 682, 683, 684, 33, 183, 696, 197, 201, 202, 203, 204, 205, 206, 207, 208, 209, 210, 211, 212, 213, 214, 215, 216, 232, 790, 810, 811, 812, 813, 814, 334, 857, 355, 356, 357, 358, 359, 360, 361, 878, 881, 882, 883, 884, 885, 886, 902, 919, 928, 929, 932, 934, 935, 426, 429, 430, 431, 432, 433, 434, 435, 455, 472, 477, 478, 480, 483, 484, 490, 496, 505, 507, 509, 510, 511]",False,[],[],[],"[4, 490]","[4, 11, 18, 21, 23, 26, 27, 28, 31, 35, 36, 43, 45, 52, 55, 56, 60, 62, 64, 70, 71, 80, 90, 94, 97, 183, 197, 232, 334, 426, 455, 472, 477, 478, 480, 483, 484, 490, 496, 505, 507, 509, 510, 511, 514, 516, 517, 523, 525, 529, 532, 533, 536, 538, 545, 546, 552, 561, 565, 568, 654, 668, 696, 790, 857, 878, 902, 919, 928, 929, 932, 934, 935]","[32, 33, 34, 35, 36, 37, 38, 39, 40, 41, 42, 43, 44, 45, 46, 47, 48, 201, 202, 203, 204, 205, 206, 207, 208, 209, 210, 211, 212, 213, 214, 215, 216, 355, 356, 357, 358, 359, 360, 361, 429, 430, 431, 432, 433, 434, 435, 515, 516, 517, 518, 519, 520, 521, 522, 523, 524, 525, 526, 527, 672, 673, 674, 675, 676, 677, 678, 679, 680, 681, 682, 683, 684, 810, 811, 812, 813, 814, 881, 882, 883, 884, 885, 886]","[34, 35, 36, 37, 38, 39, 40, 41, 42, 43, 44, 45, 46, 47, 48, 201, 202, 203, 204, 205, 206, 207, 208, 209, 210, 211, 212, 213, 214, 215, 216, 355, 356, 357, 358, 359, 360, 361, 429, 430, 431, 432, 433, 434, 435, 515, 516, 517, 518, 519, 520, 521, 522, 523, 524, 525, 526, 527, 672, 673, 674, 675, 676, 677, 678, 679, 680, 681, 682, 683, 684, 810, 811, 812, 813, 814, 881, 882, 883, 884, 885, 886]",0/6 successful match,False,,False,652,False,,1.0,True,Love's Travel Stop # 262,Love's
D Tucumcari ( 88401 ) Circle K # 8931 ( Shell ),575-461-4101 I-40 Exit 332 ( Hwy 209 ),24 M,Tucumcari,88401,Circle K # 8931 ( Shell ),575-461-4101,2014,Tucumcari,NM,Circle K,( Hwy 209 ),I-40 Exit 332 ,Exit,332,False,,False,I-40,,,,,[],[],[],[],[],"[4, 11, 18, 21, 23, 26, 27, 28, 31, 35, 36, 43, 45, 52, 55, 56, 60, 62, 64, 70, 71, 80, 90, 94, 97, 183, 197, 232, 334, 426, 455, 472, 477, 478, 480, 483, 484, 490, 496, 505, 507, 509, 510, 511, 514, 516, 517, 523, 525, 529, 532, 533, 536, 538, 545, 546, 552, 561, 565, 568, 654, 668, 696, 790, 857, 878, 902, 919, 928, 929, 932, 934, 935]","[6, 7, 492, 493]","[1, 13, 14, 29, 54, 55, 56, 57, 58, 60, 102, 118, 125, 127, 130, 134, 146, 149, 153, 175, 182, 187, 189, 191, 197, 225, 230, 238, 264, 265, 266, 286, 302, 317, 336, 354, 379, 388, 389, 425, 454, 458, 463, 475, 487, 498, 499, 512, 530, 531, 532, 533, 534, 536, 573, 589, 596, 598, 601, 605, 617, 620, 624, 646, 653, 658, 660, 662, 668, 689, 694, 702, 724, 725, 745, 760, 775, 793, 809, 829, 838, 839, 877, 901, 903, 905, 910, 923]","[512, 1, 514, 4, 516, 517, 6, 7, 11, 523, 525, 13, 14, 529, 18, 530, 532, 21, 533, 23, 536, 531, 26, 27, 28, 538, 29, 31, 545, 546, 35, 36, 552, 43, 45, 561, 52, 565, 54, 55, 56, 568, 57, 58, 60, 573, 62, 64, 70, 71, 589, 80, 596, 598, 601, 90, 605, 94, 97, 102, 617, 620, 624, 118, 125, 127, 534, 130, 134, 646, 653, 654, 146, 658, 660, 149, 662, 153, 668, 175, 689, 182, 183, 696, 694, 187, 189, 702, 191, 197, 724, 725, 225, 230, 232, 745, 238, 760, 775, 264, 265, 266, 790, 793, 286, 809, 302, 317, 829, 838, 839, 334, 336, 857, 354, 877, 878, 379, 388, 389, 902, 901, 903, 905, 910, 919, 923, 928, 929, 932, 934, 935, 425, 426, 454, 455, 458, 463, 472, 475, 477, 478, 480, 483, 484, 487, 490, 492, 493, 496, 498, 499, 505, 507, 509, 510, 511]",False,[],[],[],[],"[4, 11, 18, 21, 23, 26, 27, 28, 31, 35, 36, 43, 45, 52, 55, 56, 60, 62, 64, 70, 71, 80, 90, 94, 97, 183, 197, 232, 334, 426, 455, 472, 477, 478, 480, 483, 484, 490, 496, 505, 507, 509, 510, 511, 514, 516, 517, 523, 525, 529, 532, 533, 536, 538, 545, 546, 552, 561, 565, 568, 654, 668, 696, 790, 857, 878, 902, 919, 928, 929, 932, 934, 935]","[1, 13, 14, 29, 54, 55, 56, 57, 58, 60, 102, 118, 125, 127, 130, 134, 146, 149, 153, 175, 182, 187, 189, 191, 197, 225, 230, 238, 264, 265, 266, 286, 302, 317, 336, 354, 379, 388, 389, 425, 454, 458, 463, 475, 487, 498, 499, 512, 530, 531, 532, 533, 534, 536, 573, 589, 596, 598, 601, 605, 617, 620, 624, 646, 653, 658, 660, 662, 668, 689, 694, 702, 724, 725, 745, 760, 775, 793, 809, 829, 838, 839, 877, 901, 903, 905, 910, 923]","[6, 7, 492, 493]",0/6 successful match,False,,False,653,False,,,,,
D Tucumcari ( 88401 ) Circle K # 8931 ( Shell ),575-461-4101 I-40 Exit 332 ( Hwy 209 ),24 12 M,Tucumcari,88401,Circle K # 8931 ( Shell ),575-461-4101,2015,Tucumcari,NM,Circle K,( Hwy 209 ),I-40 Exit 332 ,Exit,332,False,,False,I-40,,,,,[],[],[],[],[],"[4, 11, 18, 21, 23, 26, 27, 28, 31, 35, 36, 43, 45, 52, 55, 56, 60, 62, 64, 70, 71, 80, 90, 94, 97, 183, 197, 232, 334, 426, 455, 472, 477, 478, 480, 483, 484, 490, 496, 505, 507, 509, 510, 511, 514, 516, 517, 523, 525, 529, 532, 533, 536, 538, 545, 546, 552, 561, 565, 568, 654, 668, 696, 790, 857, 878, 902, 919, 928, 929, 932, 934, 935]","[6, 7, 492, 493]","[1, 13, 14, 29, 54, 55, 56, 57, 58, 60, 102, 118, 125, 127, 130, 134, 146, 149, 153, 175, 182, 187, 189, 191, 197, 225, 230, 238, 264, 265, 266, 286, 302, 317, 336, 354, 379, 388, 389, 425, 454, 458, 463, 475, 487, 498, 499, 512, 530, 531, 532, 533, 534, 536, 573, 589, 596, 598, 601, 605, 617, 620, 624, 646, 653, 658, 660, 662, 668, 689, 694, 702, 724, 725, 745, 760, 775, 793, 809, 829, 838, 839, 877, 901, 903, 905, 910, 923]","[512, 1, 514, 4, 516, 517, 6, 7, 11, 523, 525, 13, 14, 529, 18, 530, 532, 21, 533, 23, 536, 531, 26, 27, 28, 538, 29, 31, 545, 546, 35, 36, 552, 43, 45, 561, 52, 565, 54, 55, 56, 568, 57, 58, 60, 573, 62, 64, 70, 71, 589, 80, 596, 598, 601, 90, 605, 94, 97, 102, 617, 620, 624, 118, 125, 127, 534, 130, 134, 646, 653, 654, 146, 658, 660, 149, 662, 153, 668, 175, 689, 182, 183, 696, 694, 187, 189, 702, 191, 197, 724, 725, 225, 230, 232, 745, 238, 760, 775, 264, 265, 266, 790, 793, 286, 809, 302, 317, 829, 838, 839, 334, 336, 857, 354, 877, 878, 379, 388, 389, 902, 901, 903, 905, 910, 919, 923, 928, 929, 932, 934, 935, 425, 426, 454, 455, 458, 463, 472, 475, 477, 478, 480, 483, 484, 487, 490, 492, 493, 496, 498, 499, 505, 507, 509, 510, 511]",False,[],[],[],[],"[4, 11, 18, 21, 23, 26, 27, 28, 31, 35, 36, 43, 45, 52, 55, 56, 60, 62, 64, 70, 71, 80, 90, 94, 97, 183, 197, 232, 334, 426, 455, 472, 477, 478, 480, 483, 484, 490, 496, 505, 507, 509, 510, 511, 514, 516, 517, 523, 525, 529, 532, 533, 536, 538, 545, 546, 552, 561, 565, 568, 654, 668, 696, 790, 857, 878, 902, 919, 928, 929, 932, 934, 935]","[1, 13, 14, 29, 54, 55, 56, 57, 58, 60, 102, 118, 125, 127, 130, 134, 146, 149, 153, 175, 182, 187, 189, 191, 197, 225, 230, 238, 264, 265, 266, 286, 302, 317, 336, 354, 379, 388, 389, 425, 454, 458, 463, 475, 487, 498, 499, 512, 530, 531, 532, 533, 534, 536, 573, 589, 596, 598, 601, 605, 617, 620, 624, 646, 653, 658, 660, 662, 668, 689, 694, 702, 724, 725, 745, 760, 775, 793, 809, 829, 838, 839, 877, 901, 903, 905, 910, 923]","[6, 7, 492, 493]",0/6 successful match,False,,False,653,False,,1.0,True,Circle K # 8931 ( Shell ),Circle K
D Tucumcari ( 88401 ) Circle K # 8931 at ( Shell Port of ) Entry,575-461-4101 I-40 Exit 332 ( Hwy 209 ),24 MO,Tucumcari,88401,Circle K # 8931 at ( Shell Port of ) Entry,575-461-4101,2016,Tucumcari,NM,Circle K,( Hwy 209 ),I-40 Exit 332 ,Exit,332,False,,False,I-40,,,,,[],[],[],[],[],"[4, 11, 18, 21, 23, 26, 27, 28, 31, 35, 36, 43, 45, 52, 55, 56, 60, 62, 64, 70, 71, 80, 90, 94, 97, 183, 197, 232, 334, 426, 455, 472, 477, 478, 480, 483, 484, 490, 496, 505, 507, 509, 510, 511, 514, 516, 517, 523, 525, 529, 532, 533, 536, 538, 545, 546, 552, 561, 565, 568, 654, 668, 696, 790, 857, 878, 902, 919, 928, 929, 932, 934, 935]","[6, 7, 492, 493]","[1, 13, 14, 29, 54, 55, 56, 57, 58, 60, 102, 118, 125, 127, 130, 134, 146, 149, 153, 175, 182, 187, 189, 191, 197, 225, 230, 238, 264, 265, 266, 286, 302, 317, 336, 354, 379, 388, 389, 425, 454, 458, 463, 475, 487, 498, 499, 512, 530, 531, 532, 533, 534, 536, 573, 589, 596, 598, 601, 605, 617, 620, 624, 646, 653, 658, 660, 662, 668, 689, 694, 702, 724, 725, 745, 760, 775, 793, 809, 829, 838, 839, 877, 901, 903, 905, 910, 923]","[512, 1, 514, 4, 516, 517, 6, 7, 11, 523, 525, 13, 14, 529, 18, 530, 532, 21, 533, 23, 536, 531, 26, 27, 28, 538, 29, 31, 545, 546, 35, 36, 552, 43, 45, 561, 52, 565, 54, 55, 56, 568, 57, 58, 60, 573, 62, 64, 70, 71, 589, 80, 596, 598, 601, 90, 605, 94, 97, 102, 617, 620, 624, 118, 125, 127, 534, 130, 134, 646, 653, 654, 146, 658, 660, 149, 662, 153, 668, 175, 689, 182, 183, 696, 694, 187, 189, 702, 191, 197, 724, 725, 225, 230, 232, 745, 238, 760, 775, 264, 265, 266, 790, 793, 286, 809, 302, 317, 829, 838, 839, 334, 336, 857, 354, 877, 878, 379, 388, 389, 902, 901, 903, 905, 910, 919, 923, 928, 929, 932, 934, 935, 425, 426, 454, 455, 458, 463, 472, 475, 477, 478, 480, 483, 484, 487, 490, 492, 493, 496, 498, 499, 505, 507, 509, 510, 511]",False,[],[],[],[],"[4, 11, 18, 21, 23, 26, 27, 28, 31, 35, 36, 43, 45, 52, 55, 56, 60, 62, 64, 70, 71, 80, 90, 94, 97, 183, 197, 232, 334, 426, 455, 472, 477, 478, 480, 483, 484, 490, 496, 505, 507, 509, 510, 511, 514, 516, 517, 523, 525, 529, 532, 533, 536, 538, 545, 546, 552, 561, 565, 568, 654, 668, 696, 790, 857, 878, 902, 919, 928, 929, 932, 934, 935]","[1, 13, 14, 29, 54, 55, 56, 57, 58, 60, 102, 118, 125, 127, 130, 134, 146, 149, 153, 175, 182, 187, 189, 191, 197, 225, 230, 238, 264, 265, 266, 286, 302, 317, 336, 354, 379, 388, 389, 425, 454, 458, 463, 475, 487, 498, 499, 512, 530, 531, 532, 533, 534, 536, 573, 589, 596, 598, 601, 605, 617, 620, 624, 646, 653, 658, 660, 662, 668, 689, 694, 702, 724, 725, 745, 760, 775, 793, 809, 829, 838, 839, 877, 901, 903, 905, 910, 923]","[6, 7, 492, 493]",0/6 successful match,False,,False,653,False,,1.0,True,Circle K # 8931 ( Shell ),Circle K
D Tucumcari ( 88401 ) Flying J Travel Plaza 209 # 691 ),575-461-6590 I-40 Exit 333,24XL 24,Tucumcari,88401,Flying J Travel Plaza 209 # 691 ),575-461-6590,2014,Tucumcari,NM,Flying J,,I-40 Exit 333,Exit,333,False,,False,I-40,,,,,[],[],[],"[4, 490]",[],"[4, 11, 18, 21, 23, 26, 27, 28, 31, 35, 36, 43, 45, 52, 55, 56, 60, 62, 64, 70, 71, 80, 90, 94, 97, 183, 197, 232, 334, 426, 455, 472, 477, 478, 480, 483, 484, 490, 496, 505, 507, 509, 510, 511, 514, 516, 517, 523, 525, 529, 532, 533, 536, 538, 545, 546, 552, 561, 565, 568, 654, 668, 696, 790, 857, 878, 902, 919, 928, 929, 932, 934, 935]","[17, 18, 19, 20, 21, 22, 23, 156, 157, 158, 159, 160, 161, 162, 163, 164, 165, 166, 167, 341, 342, 343, 344, 345, 412, 413, 414, 415, 416, 417, 418, 419, 420, 421, 422, 502, 503, 504, 505, 506, 507, 628, 629, 630, 631, 632, 633, 634, 635, 636, 637, 638, 639, 792, 797, 798, 799, 800, 801, 863, 864, 865, 866, 867, 868, 869, 870, 871, 872, 873, 874]","[17, 18, 19, 20, 21, 22, 23, 156, 157, 158, 159, 160, 161, 162, 163, 164, 165, 166, 167, 168, 340, 341, 342, 343, 344, 345, 346, 358, 412, 413, 414, 415, 416, 417, 418, 419, 420, 421, 422, 502, 503, 504, 505, 506, 507, 628, 629, 630, 631, 632, 633, 634, 635, 636, 637, 638, 639, 792, 796, 797, 798, 799, 800, 801, 813, 863, 864, 865, 866, 867, 868, 869, 870, 871, 872, 873, 874]","[514, 4, 516, 517, 11, 523, 525, 529, 18, 17, 532, 21, 533, 23, 536, 19, 26, 27, 28, 538, 22, 31, 545, 546, 35, 36, 552, 43, 45, 561, 52, 565, 55, 56, 568, 60, 62, 64, 70, 71, 80, 90, 94, 97, 20, 628, 629, 630, 631, 632, 633, 634, 635, 636, 637, 638, 639, 654, 668, 156, 157, 158, 159, 160, 161, 162, 163, 164, 165, 166, 167, 168, 183, 696, 197, 232, 790, 792, 796, 797, 798, 799, 800, 801, 813, 334, 340, 341, 342, 343, 344, 857, 345, 346, 863, 864, 865, 866, 867, 868, 869, 870, 871, 872, 873, 874, 358, 878, 902, 919, 412, 413, 414, 415, 928, 929, 416, 417, 932, 418, 934, 935, 419, 420, 426, 421, 422, 455, 472, 477, 478, 480, 483, 484, 490, 496, 502, 503, 504, 505, 506, 507, 509, 510, 511]",False,[],[],[],"[4, 490]","[4, 11, 18, 21, 23, 26, 27, 28, 31, 35, 36, 43, 45, 52, 55, 56, 60, 62, 64, 70, 71, 80, 90, 94, 97, 183, 197, 232, 334, 426, 455, 472, 477, 478, 480, 483, 484, 490, 496, 505, 507, 509, 510, 511, 514, 516, 517, 523, 525, 529, 532, 533, 536, 538, 545, 546, 552, 561, 565, 568, 654, 668, 696, 790, 857, 878, 902, 919, 928, 929, 932, 934, 935]","[17, 18, 19, 20, 21, 22, 23, 156, 157, 158, 159, 160, 161, 162, 163, 164, 165, 166, 167, 168, 340, 341, 342, 343, 344, 345, 346, 358, 412, 413, 414, 415, 416, 417, 418, 419, 420, 421, 422, 502, 503, 504, 505, 506, 507, 628, 629, 630, 631, 632, 633, 634, 635, 636, 637, 638, 639, 792, 796, 797, 798, 799, 800, 801, 813, 863, 864, 865, 866, 867, 868, 869, 870, 871, 872, 873, 874]","[17, 18, 19, 20, 21, 22, 23, 156, 157, 158, 159, 160, 161, 162, 163, 164, 165, 166, 167, 341, 342, 343, 344, 345, 412, 413, 414, 415, 416, 417, 418, 419, 420, 421, 422, 502, 503, 504, 505, 506, 507, 628, 629, 630, 631, 632, 633, 634, 635, 636, 637, 638, 639, 792, 797, 798, 799, 800, 801, 863, 864, 865, 866, 867, 868, 869, 870, 871, 872, 873, 874]",0/6 successful match,False,,False,654,False,,,,,
D Tucumcari ( 88401 ) Flying J Travel Plaza # 691,6 575-461-6590 I-40 Exit 333 FLYING J,J 124 X 24,Tucumcari,88401,Flying J Travel Plaza # 691,575-461-6590,2015,Tucumcari,NM,Flying J,,I-40 Exit 333 FLYING J,Exit,333,False,,False,I-40,,,,,[],[],[],"[4, 490]",[],"[4, 11, 18, 21, 23, 26, 27, 28, 31, 35, 36, 43, 45, 52, 55, 56, 60, 62, 64, 70, 71, 80, 90, 94, 97, 183, 197, 232, 334, 426, 455, 472, 477, 478, 480, 483, 484, 490, 496, 505, 507, 509, 510, 511, 514, 516, 517, 523, 525, 529, 532, 533, 536, 538, 545, 546, 552, 561, 565, 568, 654, 668, 696, 790, 857, 878, 902, 919, 928, 929, 932, 934, 935]","[17, 18, 19, 20, 21, 22, 23, 156, 157, 158, 159, 160, 161, 162, 163, 164, 165, 166, 167, 341, 342, 343, 344, 345, 412, 413, 414, 415, 416, 417, 418, 419, 420, 421, 422, 502, 503, 504, 505, 506, 507, 628, 629, 630, 631, 632, 633, 634, 635, 636, 637, 638, 639, 792, 797, 798, 799, 800, 801, 863, 864, 865, 866, 867, 868, 869, 870, 871, 872, 873, 874]","[17, 18, 19, 20, 21, 22, 23, 156, 157, 158, 159, 160, 161, 162, 163, 164, 165, 166, 167, 168, 340, 341, 342, 343, 344, 345, 346, 358, 412, 413, 414, 415, 416, 417, 418, 419, 420, 421, 422, 502, 503, 504, 505, 506, 507, 628, 629, 630, 631, 632, 633, 634, 635, 636, 637, 638, 639, 792, 796, 797, 798, 799, 800, 801, 813, 863, 864, 865, 866, 867, 868, 869, 870, 871, 872, 873, 874]","[514, 4, 516, 517, 11, 523, 525, 529, 18, 17, 532, 21, 533, 23, 536, 19, 26, 27, 28, 538, 22, 31, 545, 546, 35, 36, 552, 43, 45, 561, 52, 565, 55, 56, 568, 60, 62, 64, 70, 71, 80, 90, 94, 97, 20, 628, 629, 630, 631, 632, 633, 634, 635, 636, 637, 638, 639, 654, 668, 156, 157, 158, 159, 160, 161, 162, 163, 164, 165, 166, 167, 168, 183, 696, 197, 232, 790, 792, 796, 797, 798, 799, 800, 801, 813, 334, 340, 341, 342, 343, 344, 857, 345, 346, 863, 864, 865, 866, 867, 868, 869, 870, 871, 872, 873, 874, 358, 878, 902, 919, 412, 413, 414, 415, 928, 929, 416, 417, 932, 418, 934, 935, 419, 420, 426, 421, 422, 455, 472, 477, 478, 480, 483, 484, 490, 496, 502, 503, 504, 505, 506, 507, 509, 510, 511]",False,[],[],[],"[4, 490]","[4, 11, 18, 21, 23, 26, 27, 28, 31, 35, 36, 43, 45, 52, 55, 56, 60, 62, 64, 70, 71, 80, 90, 94, 97, 183, 197, 232, 334, 426, 455, 472, 477, 478, 480, 483, 484, 490, 496, 505, 507, 509, 510, 511, 514, 516, 517, 523, 525, 529, 532, 533, 536, 538, 545, 546, 552, 561, 565, 568, 654, 668, 696, 790, 857, 878, 902, 919, 928, 929, 932, 934, 935]","[17, 18, 19, 20, 21, 22, 23, 156, 157, 158, 159, 160, 161, 162, 163, 164, 165, 166, 167, 168, 340, 341, 342, 343, 344, 345, 346, 358, 412, 413, 414, 415, 416, 417, 418, 419, 420, 421, 422, 502, 503, 504, 505, 506, 507, 628, 629, 630, 631, 632, 633, 634, 635, 636, 637, 638, 639, 792, 796, 797, 798, 799, 800, 801, 813, 863, 864, 865, 866, 867, 868, 869, 870, 871, 872, 873, 874]","[17, 18, 19, 20, 21, 22, 23, 156, 157, 158, 159, 160, 161, 162, 163, 164, 165, 166, 167, 341, 342, 343, 344, 345, 412, 413, 414, 415, 416, 417, 418, 419, 420, 421, 422, 502, 503, 504, 505, 506, 507, 628, 629, 630, 631, 632, 633, 634, 635, 636, 637, 638, 639, 792, 797, 798, 799, 800, 801, 863, 864, 865, 866, 867, 868, 869, 870, 871, 872, 873, 874]",0/6 successful match,False,,False,654,False,,1.0,True,Flying J Travel Plaza 209 # 691 ),Flying J
D Tucumcari ( 88401 ) Flying J Travel ( Plaza Hwy 209 # 691 ),575-461-6590 I-40 Exit 333,FLYING24 XL 24 24,Tucumcari,88401,Flying J Travel ( Plaza Hwy 209 # 691 ),575-461-6590,2016,Tucumcari,NM,Flying J,,I-40 Exit 333,Exit,333,False,,False,I-40,,,,,[],[],[],"[4, 490]",[],"[4, 11, 18, 21, 23, 26, 27, 28, 31, 35, 36, 43, 45, 52, 55, 56, 60, 62, 64, 70, 71, 80, 90, 94, 97, 183, 197, 232, 334, 426, 455, 472, 477, 478, 480, 483, 484, 490, 496, 505, 507, 509, 510, 511, 514, 516, 517, 523, 525, 529, 532, 533, 536, 538, 545, 546, 552, 561, 565, 568, 654, 668, 696, 790, 857, 878, 902, 919, 928, 929, 932, 934, 935]","[17, 18, 19, 20, 21, 22, 23, 156, 157, 158, 159, 160, 161, 162, 163, 164, 165, 166, 167, 341, 342, 343, 344, 345, 412, 413, 414, 415, 416, 417, 418, 419, 420, 421, 422, 502, 503, 504, 505, 506, 507, 628, 629, 630, 631, 632, 633, 634, 635, 636, 637, 638, 639, 792, 797, 798, 799, 800, 801, 863, 864, 865, 866, 867, 868, 869, 870, 871, 872, 873, 874]","[17, 18, 19, 20, 21, 22, 23, 156, 157, 158, 159, 160, 161, 162, 163, 164, 165, 166, 167, 168, 340, 341, 342, 343, 344, 345, 346, 358, 412, 413, 414, 415, 416, 417, 418, 419, 420, 421, 422, 502, 503, 504, 505, 506, 507, 628, 629, 630, 631, 632, 633, 634, 635, 636, 637, 638, 639, 792, 796, 797, 798, 799, 800, 801, 813, 863, 864, 865, 866, 867, 868, 869, 870, 871, 872, 873, 874]","[514, 4, 516, 517, 11, 523, 525, 529, 18, 17, 532, 21, 533, 23, 536, 19, 26, 27, 28, 538, 22, 31, 545, 546, 35, 36, 552, 43, 45, 561, 52, 565, 55, 56, 568, 60, 62, 64, 70, 71, 80, 90, 94, 97, 20, 628, 629, 630, 631, 632, 633, 634, 635, 636, 637, 638, 639, 654, 668, 156, 157, 158, 159, 160, 161, 162, 163, 164, 165, 166, 167, 168, 183, 696, 197, 232, 790, 792, 796, 797, 798, 799, 800, 801, 813, 334, 340, 341, 342, 343, 344, 857, 345, 346, 863, 864, 865, 866, 867, 868, 869, 870, 871, 872, 873, 874, 358, 878, 902, 919, 412, 413, 414, 415, 928, 929, 416, 417, 932, 418, 934, 935, 419, 420, 426, 421, 422, 455, 472, 477, 478, 480, 483, 484, 490, 496, 502, 503, 504, 505, 506, 507, 509, 510, 511]",False,[],[],[],"[4, 490]","[4, 11, 18, 21, 23, 26, 27, 28, 31, 35, 36, 43, 45, 52, 55, 56, 60, 62, 64, 70, 71, 80, 90, 94, 97, 183, 197, 232, 334, 426, 455, 472, 477, 478, 480, 483, 484, 490, 496, 505, 507, 509, 510, 511, 514, 516, 517, 523, 525, 529, 532, 533, 536, 538, 545, 546, 552, 561, 565, 568, 654, 668, 696, 790, 857, 878, 902, 919, 928, 929, 932, 934, 935]","[17, 18, 19, 20, 21, 22, 23, 156, 157, 158, 159, 160, 161, 162, 163, 164, 165, 166, 167, 168, 340, 341, 342, 343, 344, 345, 346, 358, 412, 413, 414, 415, 416, 417, 418, 419, 420, 421, 422, 502, 503, 504, 505, 506, 507, 628, 629, 630, 631, 632, 633, 634, 635, 636, 637, 638, 639, 792, 796, 797, 798, 799, 800, 801, 813, 863, 864, 865, 866, 867, 868, 869, 870, 871, 872, 873, 874]","[17, 18, 19, 20, 21, 22, 23, 156, 157, 158, 159, 160, 161, 162, 163, 164, 165, 166, 167, 341, 342, 343, 344, 345, 412, 413, 414, 415, 416, 417, 418, 419, 420, 421, 422, 502, 503, 504, 505, 506, 507, 628, 629, 630, 631, 632, 633, 634, 635, 636, 637, 638, 639, 792, 797, 798, 799, 800, 801, 863, 864, 865, 866, 867, 868, 869, 870, 871, 872, 873, 874]",0/6 successful match,False,,False,654,False,,0.9454545454545454,True,Flying J Travel Plaza # 691,Flying J
"Clayton , 88415 Love's Country Store # 022",505-374-9548 703 US 87 ( S of US 412 ),HRS 24 D,Clayton,88415,Love's Country Store # 022,505-374-9548,2006,Clayton,NM,Love's,( S of US 412 ),703 US 87,Proper,,False,,False,US 87,,,,,[],[],[],[],[],[],"[34, 35, 36, 37, 38, 39, 40, 41, 42, 43, 44, 45, 46, 47, 48, 201, 202, 203, 204, 205, 206, 207, 208, 209, 210, 211, 212, 213, 214, 215, 216, 355, 356, 357, 358, 359, 360, 361, 429, 430, 431, 432, 433, 434, 435, 515, 516, 517, 518, 519, 520, 521, 522, 523, 524, 525, 526, 527, 672, 673, 674, 675, 676, 677, 678, 679, 680, 681, 682, 683, 684, 810, 811, 812, 813, 814, 881, 882, 883, 884, 885, 886]","[32, 33, 34, 35, 36, 37, 38, 39, 40, 41, 42, 43, 44, 45, 46, 47, 48, 201, 202, 203, 204, 205, 206, 207, 208, 209, 210, 211, 212, 213, 214, 215, 216, 355, 356, 357, 358, 359, 360, 361, 429, 430, 431, 432, 433, 434, 435, 515, 516, 517, 518, 519, 520, 521, 522, 523, 524, 525, 526, 527, 672, 673, 674, 675, 676, 677, 678, 679, 680, 681, 682, 683, 684, 810, 811, 812, 813, 814, 881, 882, 883, 884, 885, 886]","[515, 516, 517, 518, 519, 520, 521, 522, 523, 524, 525, 526, 527, 32, 33, 34, 35, 36, 37, 38, 39, 40, 41, 42, 43, 44, 45, 46, 47, 48, 672, 673, 674, 675, 676, 677, 678, 679, 680, 681, 682, 683, 684, 201, 202, 203, 204, 205, 206, 207, 208, 209, 210, 211, 212, 213, 214, 215, 216, 810, 811, 812, 813, 814, 355, 356, 357, 358, 359, 360, 361, 881, 882, 883, 884, 885, 886, 429, 430, 431, 432, 433, 434, 435]",False,[],[],[],[],[],"[32, 33, 34, 35, 36, 37, 38, 39, 40, 41, 42, 43, 44, 45, 46, 47, 48, 201, 202, 203, 204, 205, 206, 207, 208, 209, 210, 211, 212, 213, 214, 215, 216, 355, 356, 357, 358, 359, 360, 361, 429, 430, 431, 432, 433, 434, 435, 515, 516, 517, 518, 519, 520, 521, 522, 523, 524, 525, 526, 527, 672, 673, 674, 675, 676, 677, 678, 679, 680, 681, 682, 683, 684, 810, 811, 812, 813, 814, 881, 882, 883, 884, 885, 886]","[34, 35, 36, 37, 38, 39, 40, 41, 42, 43, 44, 45, 46, 47, 48, 201, 202, 203, 204, 205, 206, 207, 208, 209, 210, 211, 212, 213, 214, 215, 216, 355, 356, 357, 358, 359, 360, 361, 429, 430, 431, 432, 433, 434, 435, 515, 516, 517, 518, 519, 520, 521, 522, 523, 524, 525, 526, 527, 672, 673, 674, 675, 676, 677, 678, 679, 680, 681, 682, 683, 684, 810, 811, 812, 813, 814, 881, 882, 883, 884, 885, 886]",0/6 successful match,False,,False,655,False,,,,,
"Clayton , 88415 Love's Country Store # 022",505-374-9548 703 US 87 ( S of US 412 ),HRS 24 S,Clayton,88415,Love's Country Store # 022,505-374-9548,2007,Clayton,NM,Love's,( S of US 412 ),703 US 87,Proper,,False,,False,US 87,,,,,[],[],[],[],[],[],"[34, 35, 36, 37, 38, 39, 40, 41, 42, 43, 44, 45, 46, 47, 48, 201, 202, 203, 204, 205, 206, 207, 208, 209, 210, 211, 212, 213, 214, 215, 216, 355, 356, 357, 358, 359, 360, 361, 429, 430, 431, 432, 433, 434, 435, 515, 516, 517, 518, 519, 520, 521, 522, 523, 524, 525, 526, 527, 672, 673, 674, 675, 676, 677, 678, 679, 680, 681, 682, 683, 684, 810, 811, 812, 813, 814, 881, 882, 883, 884, 885, 886]","[32, 33, 34, 35, 36, 37, 38, 39, 40, 41, 42, 43, 44, 45, 46, 47, 48, 201, 202, 203, 204, 205, 206, 207, 208, 209, 210, 211, 212, 213, 214, 215, 216, 355, 356, 357, 358, 359, 360, 361, 429, 430, 431, 432, 433, 434, 435, 515, 516, 517, 518, 519, 520, 521, 522, 523, 524, 525, 526, 527, 672, 673, 674, 675, 676, 677, 678, 679, 680, 681, 682, 683, 684, 810, 811, 812, 813, 814, 881, 882, 883, 884, 885, 886]","[515, 516, 517, 518, 519, 520, 521, 522, 523, 524, 525, 526, 527, 32, 33, 34, 35, 36, 37, 38, 39, 40, 41, 42, 43, 44, 45, 46, 47, 48, 672, 673, 674, 675, 676, 677, 678, 679, 680, 681, 682, 683, 684, 201, 202, 203, 204, 205, 206, 207, 208, 209, 210, 211, 212, 213, 214, 215, 216, 810, 811, 812, 813, 814, 355, 356, 357, 358, 359, 360, 361, 881, 882, 883, 884, 885, 886, 429, 430, 431, 432, 433, 434, 435]",False,[],[],[],[],[],"[32, 33, 34, 35, 36, 37, 38, 39, 40, 41, 42, 43, 44, 45, 46, 47, 48, 201, 202, 203, 204, 205, 206, 207, 208, 209, 210, 211, 212, 213, 214, 215, 216, 355, 356, 357, 358, 359, 360, 361, 429, 430, 431, 432, 433, 434, 435, 515, 516, 517, 518, 519, 520, 521, 522, 523, 524, 525, 526, 527, 672, 673, 674, 675, 676, 677, 678, 679, 680, 681, 682, 683, 684, 810, 811, 812, 813, 814, 881, 882, 883, 884, 885, 886]","[34, 35, 36, 37, 38, 39, 40, 41, 42, 43, 44, 45, 46, 47, 48, 201, 202, 203, 204, 205, 206, 207, 208, 209, 210, 211, 212, 213, 214, 215, 216, 355, 356, 357, 358, 359, 360, 361, 429, 430, 431, 432, 433, 434, 435, 515, 516, 517, 518, 519, 520, 521, 522, 523, 524, 525, 526, 527, 672, 673, 674, 675, 676, 677, 678, 679, 680, 681, 682, 683, 684, 810, 811, 812, 813, 814, 881, 882, 883, 884, 885, 886]",0/6 successful match,False,,False,655,False,,1.0,True,Love's Country Store # 022,Love's
"Clayton , 88415 Love's Country Store # 022",7 505-374-9548 703 US 87 ( S of US 412 ),HPS HRS 24 S,Clayton,88415,Love's Country Store # 022,505-374-9548,2008,Clayton,NM,Love's,( S of US 412 ),703 US 87,Proper,,False,,False,US 87,,,,,[],[],[],[],[],[],"[34, 35, 36, 37, 38, 39, 40, 41, 42, 43, 44, 45, 46, 47, 48, 201, 202, 203, 204, 205, 206, 207, 208, 209, 210, 211, 212, 213, 214, 215, 216, 355, 356, 357, 358, 359, 360, 361, 429, 430, 431, 432, 433, 434, 435, 515, 516, 517, 518, 519, 520, 521, 522, 523, 524, 525, 526, 527, 672, 673, 674, 675, 676, 677, 678, 679, 680, 681, 682, 683, 684, 810, 811, 812, 813, 814, 881, 882, 883, 884, 885, 886]","[32, 33, 34, 35, 36, 37, 38, 39, 40, 41, 42, 43, 44, 45, 46, 47, 48, 201, 202, 203, 204, 205, 206, 207, 208, 209, 210, 211, 212, 213, 214, 215, 216, 355, 356, 357, 358, 359, 360, 361, 429, 430, 431, 432, 433, 434, 435, 515, 516, 517, 518, 519, 520, 521, 522, 523, 524, 525, 526, 527, 672, 673, 674, 675, 676, 677, 678, 679, 680, 681, 682, 683, 684, 810, 811, 812, 813, 814, 881, 882, 883, 884, 885, 886]","[515, 516, 517, 518, 519, 520, 521, 522, 523, 524, 525, 526, 527, 32, 33, 34, 35, 36, 37, 38, 39, 40, 41, 42, 43, 44, 45, 46, 47, 48, 672, 673, 674, 675, 676, 677, 678, 679, 680, 681, 682, 683, 684, 201, 202, 203, 204, 205, 206, 207, 208, 209, 210, 211, 212, 213, 214, 215, 216, 810, 811, 812, 813, 814, 355, 356, 357, 358, 359, 360, 361, 881, 882, 883, 884, 885, 886, 429, 430, 431, 432, 433, 434, 435]",False,[],[],[],[],[],"[32, 33, 34, 35, 36, 37, 38, 39, 40, 41, 42, 43, 44, 45, 46, 47, 48, 201, 202, 203, 204, 205, 206, 207, 208, 209, 210, 211, 212, 213, 214, 215, 216, 355, 356, 357, 358, 359, 360, 361, 429, 430, 431, 432, 433, 434, 435, 515, 516, 517, 518, 519, 520, 521, 522, 523, 524, 525, 526, 527, 672, 673, 674, 675, 676, 677, 678, 679, 680, 681, 682, 683, 684, 810, 811, 812, 813, 814, 881, 882, 883, 884, 885, 886]","[34, 35, 36, 37, 38, 39, 40, 41, 42, 43, 44, 45, 46, 47, 48, 201, 202, 203, 204, 205, 206, 207, 208, 209, 210, 211, 212, 213, 214, 215, 216, 355, 356, 357, 358, 359, 360, 361, 429, 430, 431, 432, 433, 434, 435, 515, 516, 517, 518, 519, 520, 521, 522, 523, 524, 525, 526, 527, 672, 673, 674, 675, 676, 677, 678, 679, 680, 681, 682, 683, 684, 810, 811, 812, 813, 814, 881, 882, 883, 884, 885, 886]",0/6 successful match,False,,False,655,False,,1.0,True,Love's Country Store # 022,Love's
Clayton ( 88415 ) Love's Travel Stop # 022,575-374-9548 703 US 87 ( S of US 412 ),24 2 SO,Clayton,88415,Love's Travel Stop # 022,575-374-9548,2014,Clayton,NM,Love's,( S of US 412 ),703 US 87,Proper,,False,,False,US 87,,,,,[],[],[],[],[],[],"[34, 35, 36, 37, 38, 39, 40, 41, 42, 43, 44, 45, 46, 47, 48, 201, 202, 203, 204, 205, 206, 207, 208, 209, 210, 211, 212, 213, 214, 215, 216, 355, 356, 357, 358, 359, 360, 361, 429, 430, 431, 432, 433, 434, 435, 515, 516, 517, 518, 519, 520, 521, 522, 523, 524, 525, 526, 527, 672, 673, 674, 675, 676, 677, 678, 679, 680, 681, 682, 683, 684, 810, 811, 812, 813, 814, 881, 882, 883, 884, 885, 886]","[32, 33, 34, 35, 36, 37, 38, 39, 40, 41, 42, 43, 44, 45, 46, 47, 48, 201, 202, 203, 204, 205, 206, 207, 208, 209, 210, 211, 212, 213, 214, 215, 216, 355, 356, 357, 358, 359, 360, 361, 429, 430, 431, 432, 433, 434, 435, 515, 516, 517, 518, 519, 520, 521, 522, 523, 524, 525, 526, 527, 672, 673, 674, 675, 676, 677, 678, 679, 680, 681, 682, 683, 684, 810, 811, 812, 813, 814, 881, 882, 883, 884, 885, 886]","[515, 516, 517, 518, 519, 520, 521, 522, 523, 524, 525, 526, 527, 32, 33, 34, 35, 36, 37, 38, 39, 40, 41, 42, 43, 44, 45, 46, 47, 48, 672, 673, 674, 675, 676, 677, 678, 679, 680, 681, 682, 683, 684, 201, 202, 203, 204, 205, 206, 207, 208, 209, 210, 211, 212, 213, 214, 215, 216, 810, 811, 812, 813, 814, 355, 356, 357, 358, 359, 360, 361, 881, 882, 883, 884, 885, 886, 429, 430, 431, 432, 433, 434, 435]",False,[],[],[],[],[],"[32, 33, 34, 35, 36, 37, 38, 39, 40, 41, 42, 43, 44, 45, 46, 47, 48, 201, 202, 203, 204, 205, 206, 207, 208, 209, 210, 211, 212, 213, 214, 215, 216, 355, 356, 357, 358, 359, 360, 361, 429, 430, 431, 432, 433, 434, 435, 515, 516, 517, 518, 519, 520, 521, 522, 523, 524, 525, 526, 527, 672, 673, 674, 675, 676, 677, 678, 679, 680, 681, 682, 683, 684, 810, 811, 812, 813, 814, 881, 882, 883, 884, 885, 886]","[34, 35, 36, 37, 38, 39, 40, 41, 42, 43, 44, 45, 46, 47, 48, 201, 202, 203, 204, 205, 206, 207, 208, 209, 210, 211, 212, 213, 214, 215, 216, 355, 356, 357, 358, 359, 360, 361, 429, 430, 431, 432, 433, 434, 435, 515, 516, 517, 518, 519, 520, 521, 522, 523, 524, 525, 526, 527, 672, 673, 674, 675, 676, 677, 678, 679, 680, 681, 682, 683, 684, 810, 811, 812, 813, 814, 881, 882, 883, 884, 885, 886]",0/6 successful match,False,,False,655,False,,0.9279999999999999,True,Love's Country Store # 022,Love's
Clayton ( 88415 ) Love's Travel Stop # 022,575-374-9548 703 US 87 ( S of US 412 ),NP3 24 <U+25A1> S,Clayton,88415,Love's Travel Stop # 022,575-374-9548,2015,Clayton,NM,Love's,( S of US 412 ),703 US 87,Proper,,False,,False,US 87,,,,,[],[],[],[],[],[],"[34, 35, 36, 37, 38, 39, 40, 41, 42, 43, 44, 45, 46, 47, 48, 201, 202, 203, 204, 205, 206, 207, 208, 209, 210, 211, 212, 213, 214, 215, 216, 355, 356, 357, 358, 359, 360, 361, 429, 430, 431, 432, 433, 434, 435, 515, 516, 517, 518, 519, 520, 521, 522, 523, 524, 525, 526, 527, 672, 673, 674, 675, 676, 677, 678, 679, 680, 681, 682, 683, 684, 810, 811, 812, 813, 814, 881, 882, 883, 884, 885, 886]","[32, 33, 34, 35, 36, 37, 38, 39, 40, 41, 42, 43, 44, 45, 46, 47, 48, 201, 202, 203, 204, 205, 206, 207, 208, 209, 210, 211, 212, 213, 214, 215, 216, 355, 356, 357, 358, 359, 360, 361, 429, 430, 431, 432, 433, 434, 435, 515, 516, 517, 518, 519, 520, 521, 522, 523, 524, 525, 526, 527, 672, 673, 674, 675, 676, 677, 678, 679, 680, 681, 682, 683, 684, 810, 811, 812, 813, 814, 881, 882, 883, 884, 885, 886]","[515, 516, 517, 518, 519, 520, 521, 522, 523, 524, 525, 526, 527, 32, 33, 34, 35, 36, 37, 38, 39, 40, 41, 42, 43, 44, 45, 46, 47, 48, 672, 673, 674, 675, 676, 677, 678, 679, 680, 681, 682, 683, 684, 201, 202, 203, 204, 205, 206, 207, 208, 209, 210, 211, 212, 213, 214, 215, 216, 810, 811, 812, 813, 814, 355, 356, 357, 358, 359, 360, 361, 881, 882, 883, 884, 885, 886, 429, 430, 431, 432, 433, 434, 435]",False,[],[],[],[],[],"[32, 33, 34, 35, 36, 37, 38, 39, 40, 41, 42, 43, 44, 45, 46, 47, 48, 201, 202, 203, 204, 205, 206, 207, 208, 209, 210, 211, 212, 213, 214, 215, 216, 355, 356, 357, 358, 359, 360, 361, 429, 430, 431, 432, 433, 434, 435, 515, 516, 517, 518, 519, 520, 521, 522, 523, 524, 525, 526, 527, 672, 673, 674, 675, 676, 677, 678, 679, 680, 681, 682, 683, 684, 810, 811, 812, 813, 814, 881, 882, 883, 884, 885, 886]","[34, 35, 36, 37, 38, 39, 40, 41, 42, 43, 44, 45, 46, 47, 48, 201, 202, 203, 204, 205, 206, 207, 208, 209, 210, 211, 212, 213, 214, 215, 216, 355, 356, 357, 358, 359, 360, 361, 429, 430, 431, 432, 433, 434, 435, 515, 516, 517, 518, 519, 520, 521, 522, 523, 524, 525, 526, 527, 672, 673, 674, 675, 676, 677, 678, 679, 680, 681, 682, 683, 684, 810, 811, 812, 813, 814, 881, 882, 883, 884, 885, 886]",0/6 successful match,False,,False,655,False,,1.0,True,Love's Travel Stop # 022,Love's
Clayton ( 88415 ) Love's Travel Stop # 022,575-374-9548 703 US 87 ( S of US 412 ),24 R SO 24,Clayton,88415,Love's Travel Stop # 022,575-374-9548,2016,Clayton,NM,Love's,( S of US 412 ),703 US 87,Proper,,False,,False,US 87,,,,,[],[],[],[],[],[],"[34, 35, 36, 37, 38, 39, 40, 41, 42, 43, 44, 45, 46, 47, 48, 201, 202, 203, 204, 205, 206, 207, 208, 209, 210, 211, 212, 213, 214, 215, 216, 355, 356, 357, 358, 359, 360, 361, 429, 430, 431, 432, 433, 434, 435, 515, 516, 517, 518, 519, 520, 521, 522, 523, 524, 525, 526, 527, 672, 673, 674, 675, 676, 677, 678, 679, 680, 681, 682, 683, 684, 810, 811, 812, 813, 814, 881, 882, 883, 884, 885, 886]","[32, 33, 34, 35, 36, 37, 38, 39, 40, 41, 42, 43, 44, 45, 46, 47, 48, 201, 202, 203, 204, 205, 206, 207, 208, 209, 210, 211, 212, 213, 214, 215, 216, 355, 356, 357, 358, 359, 360, 361, 429, 430, 431, 432, 433, 434, 435, 515, 516, 517, 518, 519, 520, 521, 522, 523, 524, 525, 526, 527, 672, 673, 674, 675, 676, 677, 678, 679, 680, 681, 682, 683, 684, 810, 811, 812, 813, 814, 881, 882, 883, 884, 885, 886]","[515, 516, 517, 518, 519, 520, 521, 522, 523, 524, 525, 526, 527, 32, 33, 34, 35, 36, 37, 38, 39, 40, 41, 42, 43, 44, 45, 46, 47, 48, 672, 673, 674, 675, 676, 677, 678, 679, 680, 681, 682, 683, 684, 201, 202, 203, 204, 205, 206, 207, 208, 209, 210, 211, 212, 213, 214, 215, 216, 810, 811, 812, 813, 814, 355, 356, 357, 358, 359, 360, 361, 881, 882, 883, 884, 885, 886, 429, 430, 431, 432, 433, 434, 435]",False,[],[],[],[],[],"[32, 33, 34, 35, 36, 37, 38, 39, 40, 41, 42, 43, 44, 45, 46, 47, 48, 201, 202, 203, 204, 205, 206, 207, 208, 209, 210, 211, 212, 213, 214, 215, 216, 355, 356, 357, 358, 359, 360, 361, 429, 430, 431, 432, 433, 434, 435, 515, 516, 517, 518, 519, 520, 521, 522, 523, 524, 525, 526, 527, 672, 673, 674, 675, 676, 677, 678, 679, 680, 681, 682, 683, 684, 810, 811, 812, 813, 814, 881, 882, 883, 884, 885, 886]","[34, 35, 36, 37, 38, 39, 40, 41, 42, 43, 44, 45, 46, 47, 48, 201, 202, 203, 204, 205, 206, 207, 208, 209, 210, 211, 212, 213, 214, 215, 216, 355, 356, 357, 358, 359, 360, 361, 429, 430, 431, 432, 433, 434, 435, 515, 516, 517, 518, 519, 520, 521, 522, 523, 524, 525, 526, 527, 672, 673, 674, 675, 676, 677, 678, 679, 680, 681, 682, 683, 684, 810, 811, 812, 813, 814, 881, 882, 883, 884, 885, 886]",0/6 successful match,False,,False,655,False,,1.0,True,Love's Travel Stop # 022,Love's
"D Nara Visa , 88430 Nara Visa Truck Terminal",505-633-2940 US 54 E,<U+2610> 000 <U+2610> 000,Nara Visa,88430,Nara Visa Truck Terminal,505-633-2940,2006,Nara Visa,NM,,,US 54 E,empty,,False,,False,US 54,,,,,[],[],[],[],[],[],[],"[99, 126, 570, 597]","[570, 99, 597, 126]",False,[],[],[],[],[],"[99, 126, 570, 597]",[],0/6 successful match,False,,False,656,False,,,,,
"San Jon , 88434 Drivers Travelmart # 408 ( Citgo )",505-576-2444 I-40 Exit 356 ( NM 469 ),HRS,San Jon,88434,Drivers Travelmart # 408 ( Citgo ),505-576-2444,2006,San Jon,NM,Citgo,( NM 469 ),I-40 Exit 356 ,Exit,356,False,,False,I-40,,,,,[],[],"[49, 87, 107, 198, 255, 293, 297, 316, 331, 528, 558, 578, 669, 708, 752, 756, 774, 788]",[],[],"[4, 11, 18, 21, 23, 26, 27, 28, 31, 35, 36, 43, 45, 52, 55, 56, 60, 62, 64, 70, 71, 80, 90, 94, 97, 183, 197, 232, 334, 426, 455, 472, 477, 478, 480, 483, 484, 490, 496, 505, 507, 509, 510, 511, 514, 516, 517, 523, 525, 529, 532, 533, 536, 538, 545, 546, 552, 561, 565, 568, 654, 668, 696, 790, 857, 878, 902, 919, 928, 929, 932, 934, 935]",[],[],"[514, 4, 516, 517, 11, 523, 525, 528, 529, 18, 532, 21, 533, 23, 536, 26, 27, 28, 538, 31, 545, 546, 35, 36, 552, 43, 45, 558, 49, 561, 52, 565, 55, 56, 568, 60, 62, 64, 578, 70, 71, 80, 87, 90, 94, 97, 107, 654, 668, 669, 183, 696, 708, 197, 198, 232, 752, 756, 255, 774, 788, 790, 293, 297, 316, 331, 334, 857, 878, 902, 919, 928, 929, 932, 934, 935, 426, 455, 472, 477, 478, 480, 483, 484, 490, 496, 505, 507, 509, 510, 511]",False,[],[],"[49, 87, 107, 198, 255, 293, 297, 316, 331, 528, 558, 578, 669, 708, 752, 756, 774, 788]",[],"[4, 11, 18, 21, 23, 26, 27, 28, 31, 35, 36, 43, 45, 52, 55, 56, 60, 62, 64, 70, 71, 80, 90, 94, 97, 183, 197, 232, 334, 426, 455, 472, 477, 478, 480, 483, 484, 490, 496, 505, 507, 509, 510, 511, 514, 516, 517, 523, 525, 529, 532, 533, 536, 538, 545, 546, 552, 561, 565, 568, 654, 668, 696, 790, 857, 878, 902, 919, 928, 929, 932, 934, 935]",[],[],0/6 successful match,False,,False,657,False,,,,,
"San Jon , 88434 Drivers Travelmart # 240 ( Citgo )",505-576-2444 I-40 Exit 356 ( NM 469 ),24 XL,San Jon,88434,Drivers Travelmart # 240 ( Citgo ),505-576-2444,2007,San Jon,NM,Citgo,( NM 469 ),I-40 Exit 356 ,Exit,356,False,,False,I-40,,,,,[],[],"[49, 87, 107, 198, 255, 293, 297, 316, 331, 528, 558, 578, 669, 708, 752, 756, 774, 788]",[],[],"[4, 11, 18, 21, 23, 26, 27, 28, 31, 35, 36, 43, 45, 52, 55, 56, 60, 62, 64, 70, 71, 80, 90, 94, 97, 183, 197, 232, 334, 426, 455, 472, 477, 478, 480, 483, 484, 490, 496, 505, 507, 509, 510, 511, 514, 516, 517, 523, 525, 529, 532, 533, 536, 538, 545, 546, 552, 561, 565, 568, 654, 668, 696, 790, 857, 878, 902, 919, 928, 929, 932, 934, 935]",[],[],"[514, 4, 516, 517, 11, 523, 525, 528, 529, 18, 532, 21, 533, 23, 536, 26, 27, 28, 538, 31, 545, 546, 35, 36, 552, 43, 45, 558, 49, 561, 52, 565, 55, 56, 568, 60, 62, 64, 578, 70, 71, 80, 87, 90, 94, 97, 107, 654, 668, 669, 183, 696, 708, 197, 198, 232, 752, 756, 255, 774, 788, 790, 293, 297, 316, 331, 334, 857, 878, 902, 919, 928, 929, 932, 934, 935, 426, 455, 472, 477, 478, 480, 483, 484, 490, 496, 505, 507, 509, 510, 511]",False,[],[],"[49, 87, 107, 198, 255, 293, 297, 316, 331, 528, 558, 578, 669, 708, 752, 756, 774, 788]",[],"[4, 11, 18, 21, 23, 26, 27, 28, 31, 35, 36, 43, 45, 52, 55, 56, 60, 62, 64, 70, 71, 80, 90, 94, 97, 183, 197, 232, 334, 426, 455, 472, 477, 478, 480, 483, 484, 490, 496, 505, 507, 509, 510, 511, 514, 516, 517, 523, 525, 529, 532, 533, 536, 538, 545, 546, 552, 561, 565, 568, 654, 668, 696, 790, 857, 878, 902, 919, 928, 929, 932, 934, 935]",[],[],0/6 successful match,False,,False,657,False,,1.0,True,Drivers Travelmart # 408 ( Citgo ),Citgo
"San Jon , 88434 Sunmix Fuels",505-576-2444 I-40 Exit 356 ( NM 469 ),24,San Jon,88434,Sunmix Fuels,505-576-2444,2008,San Jon,NM,,( NM 469 ),I-40 Exit 356 ,Exit,356,False,,False,I-40,,,,,[],[],"[49, 87, 107, 198, 255, 293, 297, 316, 331, 528, 558, 578, 669, 708, 752, 756, 774, 788]",[],[],"[4, 11, 18, 21, 23, 26, 27, 28, 31, 35, 36, 43, 45, 52, 55, 56, 60, 62, 64, 70, 71, 80, 90, 94, 97, 183, 197, 232, 334, 426, 455, 472, 477, 478, 480, 483, 484, 490, 496, 505, 507, 509, 510, 511, 514, 516, 517, 523, 525, 529, 532, 533, 536, 538, 545, 546, 552, 561, 565, 568, 654, 668, 696, 790, 857, 878, 902, 919, 928, 929, 932, 934, 935]",[],"[282, 741]","[514, 4, 516, 517, 11, 523, 525, 528, 529, 18, 532, 21, 533, 23, 536, 26, 27, 28, 538, 31, 545, 546, 35, 36, 552, 43, 45, 558, 49, 561, 52, 565, 55, 56, 568, 60, 62, 64, 578, 70, 71, 80, 87, 90, 94, 97, 107, 654, 668, 669, 183, 696, 708, 197, 198, 741, 232, 752, 756, 255, 774, 788, 790, 282, 293, 297, 316, 331, 334, 857, 878, 902, 919, 928, 929, 932, 934, 935, 426, 455, 472, 477, 478, 480, 483, 484, 490, 496, 505, 507, 509, 510, 511]",False,[],[],"[49, 87, 107, 198, 255, 293, 297, 316, 331, 528, 558, 578, 669, 708, 752, 756, 774, 788]",[],"[4, 11, 18, 21, 23, 26, 27, 28, 31, 35, 36, 43, 45, 52, 55, 56, 60, 62, 64, 70, 71, 80, 90, 94, 97, 183, 197, 232, 334, 426, 455, 472, 477, 478, 480, 483, 484, 490, 496, 505, 507, 509, 510, 511, 514, 516, 517, 523, 525, 529, 532, 533, 536, 538, 545, 546, 552, 561, 565, 568, 654, 668, 696, 790, 857, 878, 902, 919, 928, 929, 932, 934, 935]","[282, 741]",[],0/6 successful match,False,,False,657,True,2008,0.08695652173913043,True,Drivers Travelmart # 240 ( Citgo ),Citgo
"San Jon , 88434 Fast Stop # 24 ( 66 )",505-576-9252 I-40 Exit 356 ( NM 469 ),<U+25A1> <U+25A1>,San Jon,88434,Fast Stop # 24 ( 66 ),505-576-9252,2006,San Jon,NM,,( NM 469 ),I-40 Exit 356 ,Exit,356,False,,False,I-40,,,,,[],[],"[49, 87, 107, 198, 255, 293, 297, 316, 331, 528, 558, 578, 669, 708, 752, 756, 774, 788]",[],[],"[4, 11, 18, 21, 23, 26, 27, 28, 31, 35, 36, 43, 45, 52, 55, 56, 60, 62, 64, 70, 71, 80, 90, 94, 97, 183, 197, 232, 334, 426, 455, 472, 477, 478, 480, 483, 484, 490, 496, 505, 507, 509, 510, 511, 514, 516, 517, 523, 525, 529, 532, 533, 536, 538, 545, 546, 552, 561, 565, 568, 654, 668, 696, 790, 857, 878, 902, 919, 928, 929, 932, 934, 935]",[],"[103, 401, 402, 424, 427, 464, 469, 574, 850, 851, 876, 879, 911, 916]","[514, 4, 516, 517, 11, 523, 525, 528, 529, 18, 532, 21, 533, 23, 536, 26, 27, 28, 538, 31, 545, 546, 35, 36, 552, 43, 45, 558, 49, 561, 52, 565, 55, 56, 568, 60, 62, 574, 64, 578, 70, 71, 80, 87, 90, 94, 97, 103, 107, 654, 668, 669, 183, 696, 708, 197, 198, 232, 752, 756, 255, 774, 788, 790, 293, 297, 316, 331, 334, 850, 851, 857, 876, 878, 879, 902, 911, 401, 402, 916, 919, 928, 929, 932, 934, 935, 424, 426, 427, 455, 464, 469, 472, 477, 478, 480, 483, 484, 490, 496, 505, 507, 509, 510, 511]",False,[],[],"[49, 87, 107, 198, 255, 293, 297, 316, 331, 528, 558, 578, 669, 708, 752, 756, 774, 788]",[],"[4, 11, 18, 21, 23, 26, 27, 28, 31, 35, 36, 43, 45, 52, 55, 56, 60, 62, 64, 70, 71, 80, 90, 94, 97, 183, 197, 232, 334, 426, 455, 472, 477, 478, 480, 483, 484, 490, 496, 505, 507, 509, 510, 511, 514, 516, 517, 523, 525, 529, 532, 533, 536, 538, 545, 546, 552, 561, 565, 568, 654, 668, 696, 790, 857, 878, 902, 919, 928, 929, 932, 934, 935]","[103, 401, 402, 424, 427, 464, 469, 574, 850, 851, 876, 879, 911, 916]",[],0/6 successful match,False,,False,658,False,,,,,
"San Jon , 88434 Fast Stop # 24 ( 66 )",505-576-9252 I-40 Exit 356 ( NM 469 ),T,San Jon,88434,Fast Stop # 24 ( 66 ),505-576-9252,2007,San Jon,NM,,( NM 469 ),I-40 Exit 356 ,Exit,356,False,,False,I-40,,,,,[],[],"[49, 87, 107, 198, 255, 293, 297, 316, 331, 528, 558, 578, 669, 708, 752, 756, 774, 788]",[],[],"[4, 11, 18, 21, 23, 26, 27, 28, 31, 35, 36, 43, 45, 52, 55, 56, 60, 62, 64, 70, 71, 80, 90, 94, 97, 183, 197, 232, 334, 426, 455, 472, 477, 478, 480, 483, 484, 490, 496, 505, 507, 509, 510, 511, 514, 516, 517, 523, 525, 529, 532, 533, 536, 538, 545, 546, 552, 561, 565, 568, 654, 668, 696, 790, 857, 878, 902, 919, 928, 929, 932, 934, 935]",[],"[103, 401, 402, 424, 427, 464, 469, 574, 850, 851, 876, 879, 911, 916]","[514, 4, 516, 517, 11, 523, 525, 528, 529, 18, 532, 21, 533, 23, 536, 26, 27, 28, 538, 31, 545, 546, 35, 36, 552, 43, 45, 558, 49, 561, 52, 565, 55, 56, 568, 60, 62, 574, 64, 578, 70, 71, 80, 87, 90, 94, 97, 103, 107, 654, 668, 669, 183, 696, 708, 197, 198, 232, 752, 756, 255, 774, 788, 790, 293, 297, 316, 331, 334, 850, 851, 857, 876, 878, 879, 902, 911, 401, 402, 916, 919, 928, 929, 932, 934, 935, 424, 426, 427, 455, 464, 469, 472, 477, 478, 480, 483, 484, 490, 496, 505, 507, 509, 510, 511]",False,[],[],"[49, 87, 107, 198, 255, 293, 297, 316, 331, 528, 558, 578, 669, 708, 752, 756, 774, 788]",[],"[4, 11, 18, 21, 23, 26, 27, 28, 31, 35, 36, 43, 45, 52, 55, 56, 60, 62, 64, 70, 71, 80, 90, 94, 97, 183, 197, 232, 334, 426, 455, 472, 477, 478, 480, 483, 484, 490, 496, 505, 507, 509, 510, 511, 514, 516, 517, 523, 525, 529, 532, 533, 536, 538, 545, 546, 552, 561, 565, 568, 654, 668, 696, 790, 857, 878, 902, 919, 928, 929, 932, 934, 935]","[103, 401, 402, 424, 427, 464, 469, 574, 850, 851, 876, 879, 911, 916]",[],0/6 successful match,False,,False,658,False,,1.0,True,Fast Stop # 24 ( 66 ),
"ISan Jon , 88434 Fast Stop # 24 ( 66 )",505-576-9252 I-40 Exit 356 ( NM 469 ),,San Jon,88434,Fast Stop # 24 ( 66 ),505-576-9252,2008,San Jon,NM,,( NM 469 ),I-40 Exit 356 ,Exit,356,False,,False,I-40,,,,,[],[],"[49, 87, 107, 198, 255, 293, 297, 316, 331, 528, 558, 578, 669, 708, 752, 756, 774, 788]",[],[],"[4, 11, 18, 21, 23, 26, 27, 28, 31, 35, 36, 43, 45, 52, 55, 56, 60, 62, 64, 70, 71, 80, 90, 94, 97, 183, 197, 232, 334, 426, 455, 472, 477, 478, 480, 483, 484, 490, 496, 505, 507, 509, 510, 511, 514, 516, 517, 523, 525, 529, 532, 533, 536, 538, 545, 546, 552, 561, 565, 568, 654, 668, 696, 790, 857, 878, 902, 919, 928, 929, 932, 934, 935]",[],"[103, 401, 402, 424, 427, 464, 469, 574, 850, 851, 876, 879, 911, 916]","[514, 4, 516, 517, 11, 523, 525, 528, 529, 18, 532, 21, 533, 23, 536, 26, 27, 28, 538, 31, 545, 546, 35, 36, 552, 43, 45, 558, 49, 561, 52, 565, 55, 56, 568, 60, 62, 574, 64, 578, 70, 71, 80, 87, 90, 94, 97, 103, 107, 654, 668, 669, 183, 696, 708, 197, 198, 232, 752, 756, 255, 774, 788, 790, 293, 297, 316, 331, 334, 850, 851, 857, 876, 878, 879, 902, 911, 401, 402, 916, 919, 928, 929, 932, 934, 935, 424, 426, 427, 455, 464, 469, 472, 477, 478, 480, 483, 484, 490, 496, 505, 507, 509, 510, 511]",False,[],[],"[49, 87, 107, 198, 255, 293, 297, 316, 331, 528, 558, 578, 669, 708, 752, 756, 774, 788]",[],"[4, 11, 18, 21, 23, 26, 27, 28, 31, 35, 36, 43, 45, 52, 55, 56, 60, 62, 64, 70, 71, 80, 90, 94, 97, 183, 197, 232, 334, 426, 455, 472, 477, 478, 480, 483, 484, 490, 496, 505, 507, 509, 510, 511, 514, 516, 517, 523, 525, 529, 532, 533, 536, 538, 545, 546, 552, 561, 565, 568, 654, 668, 696, 790, 857, 878, 902, 919, 928, 929, 932, 934, 935]","[103, 401, 402, 424, 427, 464, 469, 574, 850, 851, 876, 879, 911, 916]",[],0/6 successful match,False,,False,658,False,,1.0,True,Fast Stop # 24 ( 66 ),
D Glenrio ( 88434 ) Russell's Truck & Travel Center (,575-576-8700 I-40 Exit 369,) 24 XLO <U+2610><U+2610>,Glenrio,88434,Russell's Truck & Travel Center (,575-576-8700,2014,San Jon,NM,,,I-40 Exit 369,Exit,369,False,,False,I-40,,,,,[],[],"[49, 87, 107, 198, 255, 293, 297, 316, 331, 528, 558, 578, 669, 708, 752, 756, 774, 788]",[],[],"[4, 11, 18, 21, 23, 26, 27, 28, 31, 35, 36, 43, 45, 52, 55, 56, 60, 62, 64, 70, 71, 80, 90, 94, 97, 183, 197, 232, 334, 426, 455, 472, 477, 478, 480, 483, 484, 490, 496, 505, 507, 509, 510, 511, 514, 516, 517, 523, 525, 529, 532, 533, 536, 538, 545, 546, 552, 561, 565, 568, 654, 668, 696, 790, 857, 878, 902, 919, 928, 929, 932, 934, 935]",[],[],"[514, 4, 516, 517, 11, 523, 525, 528, 529, 18, 532, 21, 533, 23, 536, 26, 27, 28, 538, 31, 545, 546, 35, 36, 552, 43, 45, 558, 49, 561, 52, 565, 55, 56, 568, 60, 62, 64, 578, 70, 71, 80, 87, 90, 94, 97, 107, 654, 668, 669, 183, 696, 708, 197, 198, 232, 752, 756, 255, 774, 788, 790, 293, 297, 316, 331, 334, 857, 878, 902, 919, 928, 929, 932, 934, 935, 426, 455, 472, 477, 478, 480, 483, 484, 490, 496, 505, 507, 509, 510, 511]",False,[],[],"[49, 87, 107, 198, 255, 293, 297, 316, 331, 528, 558, 578, 669, 708, 752, 756, 774, 788]",[],"[4, 11, 18, 21, 23, 26, 27, 28, 31, 35, 36, 43, 45, 52, 55, 56, 60, 62, 64, 70, 71, 80, 90, 94, 97, 183, 197, 232, 334, 426, 455, 472, 477, 478, 480, 483, 484, 490, 496, 505, 507, 509, 510, 511, 514, 516, 517, 523, 525, 529, 532, 533, 536, 538, 545, 546, 552, 561, 565, 568, 654, 668, 696, 790, 857, 878, 902, 919, 928, 929, 932, 934, 935]",[],[],0/6 successful match,False,,False,658,True,2014,0.1111111111111111,True,Fast Stop # 24 ( 66 ),
D Glenrio ( 88434 ) Russell's Truck & Travel Center ( Chevron ),7 575-576-8700 I-40 Exit 369,) BEST 24 <U+2610> XL,Glenrio,88434,Russell's Truck & Travel Center ( Chevron ),575-576-8700,2015,San Jon,NM,Chevron,,I-40 Exit 369,Exit,369,False,,False,I-40,,,,,[],[],"[49, 87, 107, 198, 255, 293, 297, 316, 331, 528, 558, 578, 669, 708, 752, 756, 774, 788]",[],[],"[4, 11, 18, 21, 23, 26, 27, 28, 31, 35, 36, 43, 45, 52, 55, 56, 60, 62, 64, 70, 71, 80, 90, 94, 97, 183, 197, 232, 334, 426, 455, 472, 477, 478, 480, 483, 484, 490, 496, 505, 507, 509, 510, 511, 514, 516, 517, 523, 525, 529, 532, 533, 536, 538, 545, 546, 552, 561, 565, 568, 654, 668, 696, 790, 857, 878, 902, 919, 928, 929, 932, 934, 935]","[12, 24, 25, 28, 88, 100, 104, 119, 123, 129, 136, 137, 139, 140, 141, 148, 155, 169, 172, 179, 183, 185, 188, 196, 198, 217, 237, 267, 270, 278, 319, 321, 324, 325, 330, 334, 335, 354, 366, 369, 380, 383, 384, 386, 395, 407, 411, 423, 428, 436, 437, 452, 453, 456, 467, 471, 477, 478, 479, 497, 508, 511, 559, 571, 575, 590, 594, 600, 607, 608, 610, 611, 612, 619, 627, 640, 643, 650, 654, 656, 659, 667, 669, 685, 701, 726, 729, 737, 777, 779, 782, 783, 787, 790, 791, 809, 817, 819, 830, 833, 834, 836, 845, 856, 857, 860, 862, 875, 880, 887, 888, 899, 900, 914, 918, 921, 928, 929, 930]","[12, 24, 25, 28, 88, 100, 104, 119, 123, 129, 136, 137, 139, 140, 141, 148, 155, 169, 172, 179, 183, 185, 188, 196, 198, 217, 237, 267, 270, 278, 319, 321, 324, 325, 330, 334, 335, 354, 366, 369, 380, 383, 384, 386, 395, 407, 411, 423, 428, 436, 437, 452, 453, 456, 467, 471, 477, 478, 479, 497, 508, 511, 559, 571, 575, 590, 594, 600, 607, 608, 610, 611, 612, 619, 627, 640, 643, 650, 654, 656, 659, 667, 669, 685, 701, 726, 729, 737, 777, 779, 782, 783, 787, 790, 791, 809, 817, 819, 830, 833, 834, 836, 845, 856, 857, 860, 862, 875, 880, 887, 888, 899, 900, 914, 918, 921, 928, 929, 930]","[514, 4, 516, 517, 11, 523, 525, 12, 528, 529, 18, 532, 21, 533, 23, 536, 24, 26, 27, 28, 538, 25, 31, 545, 546, 35, 36, 552, 43, 45, 558, 559, 49, 561, 52, 565, 55, 56, 568, 571, 60, 62, 575, 64, 578, 70, 71, 590, 80, 594, 87, 88, 600, 90, 94, 607, 608, 97, 610, 611, 100, 612, 104, 107, 619, 627, 119, 123, 640, 129, 643, 136, 137, 650, 139, 140, 141, 654, 656, 659, 148, 155, 668, 669, 667, 169, 172, 685, 179, 183, 696, 185, 188, 701, 708, 197, 198, 196, 726, 217, 729, 737, 232, 237, 752, 756, 255, 774, 777, 267, 779, 270, 782, 783, 787, 788, 790, 278, 791, 293, 297, 809, 817, 819, 316, 830, 319, 321, 833, 834, 324, 325, 836, 330, 331, 845, 334, 335, 856, 857, 860, 862, 354, 875, 878, 366, 880, 369, 887, 888, 380, 383, 384, 386, 899, 900, 902, 395, 914, 918, 919, 407, 921, 411, 928, 929, 930, 932, 934, 935, 423, 426, 428, 436, 437, 452, 453, 455, 456, 467, 471, 472, 477, 478, 479, 480, 483, 484, 490, 496, 497, 505, 507, 508, 509, 510, 511]",False,[],[],"[49, 87, 107, 198, 255, 293, 297, 316, 331, 528, 558, 578, 669, 708, 752, 756, 774, 788]",[],"[4, 11, 18, 21, 23, 26, 27, 28, 31, 35, 36, 43, 45, 52, 55, 56, 60, 62, 64, 70, 71, 80, 90, 94, 97, 183, 197, 232, 334, 426, 455, 472, 477, 478, 480, 483, 484, 490, 496, 505, 507, 509, 510, 511, 514, 516, 517, 523, 525, 529, 532, 533, 536, 538, 545, 546, 552, 561, 565, 568, 654, 668, 696, 790, 857, 878, 902, 919, 928, 929, 932, 934, 935]","[12, 24, 25, 28, 88, 100, 104, 119, 123, 129, 136, 137, 139, 140, 141, 148, 155, 169, 172, 179, 183, 185, 188, 196, 198, 217, 237, 267, 270, 278, 319, 321, 324, 325, 330, 334, 335, 354, 366, 369, 380, 383, 384, 386, 395, 407, 411, 423, 428, 436, 437, 452, 453, 456, 467, 471, 477, 478, 479, 497, 508, 511, 559, 571, 575, 590, 594, 600, 607, 608, 610, 611, 612, 619, 627, 640, 643, 650, 654, 656, 659, 667, 669, 685, 701, 726, 729, 737, 777, 779, 782, 783, 787, 790, 791, 809, 817, 819, 830, 833, 834, 836, 845, 856, 857, 860, 862, 875, 880, 887, 888, 899, 900, 914, 918, 921, 928, 929, 930]","[12, 24, 25, 28, 88, 100, 104, 119, 123, 129, 136, 137, 139, 140, 141, 148, 155, 169, 172, 179, 183, 185, 188, 196, 198, 217, 237, 267, 270, 278, 319, 321, 324, 325, 330, 334, 335, 354, 366, 369, 380, 383, 384, 386, 395, 407, 411, 423, 428, 436, 437, 452, 453, 456, 467, 471, 477, 478, 479, 497, 508, 511, 559, 571, 575, 590, 594, 600, 607, 608, 610, 611, 612, 619, 627, 640, 643, 650, 654, 656, 659, 667, 669, 685, 701, 726, 729, 737, 777, 779, 782, 783, 787, 790, 791, 809, 817, 819, 830, 833, 834, 836, 845, 856, 857, 860, 862, 875, 880, 887, 888, 899, 900, 914, 918, 921, 928, 929, 930]",0/6 successful match,False,,False,658,False,,1.0,True,Russell's Truck & Travel Center (,
D Glenrio ( 88434 ) Russell's Truck & Travel Center ( Chevron ),575-576-8700 I-40 Exit 369,) 24 XL O <U+2610> <U+2610>,Glenrio,88434,Russell's Truck & Travel Center ( Chevron ),575-576-8700,2016,San Jon,NM,Chevron,,I-40 Exit 369,Exit,369,False,,False,I-40,,,,,[],[],"[49, 87, 107, 198, 255, 293, 297, 316, 331, 528, 558, 578, 669, 708, 752, 756, 774, 788]",[],[],"[4, 11, 18, 21, 23, 26, 27, 28, 31, 35, 36, 43, 45, 52, 55, 56, 60, 62, 64, 70, 71, 80, 90, 94, 97, 183, 197, 232, 334, 426, 455, 472, 477, 478, 480, 483, 484, 490, 496, 505, 507, 509, 510, 511, 514, 516, 517, 523, 525, 529, 532, 533, 536, 538, 545, 546, 552, 561, 565, 568, 654, 668, 696, 790, 857, 878, 902, 919, 928, 929, 932, 934, 935]","[12, 24, 25, 28, 88, 100, 104, 119, 123, 129, 136, 137, 139, 140, 141, 148, 155, 169, 172, 179, 183, 185, 188, 196, 198, 217, 237, 267, 270, 278, 319, 321, 324, 325, 330, 334, 335, 354, 366, 369, 380, 383, 384, 386, 395, 407, 411, 423, 428, 436, 437, 452, 453, 456, 467, 471, 477, 478, 479, 497, 508, 511, 559, 571, 575, 590, 594, 600, 607, 608, 610, 611, 612, 619, 627, 640, 643, 650, 654, 656, 659, 667, 669, 685, 701, 726, 729, 737, 777, 779, 782, 783, 787, 790, 791, 809, 817, 819, 830, 833, 834, 836, 845, 856, 857, 860, 862, 875, 880, 887, 888, 899, 900, 914, 918, 921, 928, 929, 930]","[12, 24, 25, 28, 88, 100, 104, 119, 123, 129, 136, 137, 139, 140, 141, 148, 155, 169, 172, 179, 183, 185, 188, 196, 198, 217, 237, 267, 270, 278, 319, 321, 324, 325, 330, 334, 335, 354, 366, 369, 380, 383, 384, 386, 395, 407, 411, 423, 428, 436, 437, 452, 453, 456, 467, 471, 477, 478, 479, 497, 508, 511, 559, 571, 575, 590, 594, 600, 607, 608, 610, 611, 612, 619, 627, 640, 643, 650, 654, 656, 659, 667, 669, 685, 701, 726, 729, 737, 777, 779, 782, 783, 787, 790, 791, 809, 817, 819, 830, 833, 834, 836, 845, 856, 857, 860, 862, 875, 880, 887, 888, 899, 900, 914, 918, 921, 928, 929, 930]","[514, 4, 516, 517, 11, 523, 525, 12, 528, 529, 18, 532, 21, 533, 23, 536, 24, 26, 27, 28, 538, 25, 31, 545, 546, 35, 36, 552, 43, 45, 558, 559, 49, 561, 52, 565, 55, 56, 568, 571, 60, 62, 575, 64, 578, 70, 71, 590, 80, 594, 87, 88, 600, 90, 94, 607, 608, 97, 610, 611, 100, 612, 104, 107, 619, 627, 119, 123, 640, 129, 643, 136, 137, 650, 139, 140, 141, 654, 656, 659, 148, 155, 668, 669, 667, 169, 172, 685, 179, 183, 696, 185, 188, 701, 708, 197, 198, 196, 726, 217, 729, 737, 232, 237, 752, 756, 255, 774, 777, 267, 779, 270, 782, 783, 787, 788, 790, 278, 791, 293, 297, 809, 817, 819, 316, 830, 319, 321, 833, 834, 324, 325, 836, 330, 331, 845, 334, 335, 856, 857, 860, 862, 354, 875, 878, 366, 880, 369, 887, 888, 380, 383, 384, 386, 899, 900, 902, 395, 914, 918, 919, 407, 921, 411, 928, 929, 930, 932, 934, 935, 423, 426, 428, 436, 437, 452, 453, 455, 456, 467, 471, 472, 477, 478, 479, 480, 483, 484, 490, 496, 497, 505, 507, 508, 509, 510, 511]",False,[],[],"[49, 87, 107, 198, 255, 293, 297, 316, 331, 528, 558, 578, 669, 708, 752, 756, 774, 788]",[],"[4, 11, 18, 21, 23, 26, 27, 28, 31, 35, 36, 43, 45, 52, 55, 56, 60, 62, 64, 70, 71, 80, 90, 94, 97, 183, 197, 232, 334, 426, 455, 472, 477, 478, 480, 483, 484, 490, 496, 505, 507, 509, 510, 511, 514, 516, 517, 523, 525, 529, 532, 533, 536, 538, 545, 546, 552, 561, 565, 568, 654, 668, 696, 790, 857, 878, 902, 919, 928, 929, 932, 934, 935]","[12, 24, 25, 28, 88, 100, 104, 119, 123, 129, 136, 137, 139, 140, 141, 148, 155, 169, 172, 179, 183, 185, 188, 196, 198, 217, 237, 267, 270, 278, 319, 321, 324, 325, 330, 334, 335, 354, 366, 369, 380, 383, 384, 386, 395, 407, 411, 423, 428, 436, 437, 452, 453, 456, 467, 471, 477, 478, 479, 497, 508, 511, 559, 571, 575, 590, 594, 600, 607, 608, 610, 611, 612, 619, 627, 640, 643, 650, 654, 656, 659, 667, 669, 685, 701, 726, 729, 737, 777, 779, 782, 783, 787, 790, 791, 809, 817, 819, 830, 833, 834, 836, 845, 856, 857, 860, 862, 875, 880, 887, 888, 899, 900, 914, 918, 921, 928, 929, 930]","[12, 24, 25, 28, 88, 100, 104, 119, 123, 129, 136, 137, 139, 140, 141, 148, 155, 169, 172, 179, 183, 185, 188, 196, 198, 217, 237, 267, 270, 278, 319, 321, 324, 325, 330, 334, 335, 354, 366, 369, 380, 383, 384, 386, 395, 407, 411, 423, 428, 436, 437, 452, 453, 456, 467, 471, 477, 478, 479, 497, 508, 511, 559, 571, 575, 590, 594, 600, 607, 608, 610, 611, 612, 619, 627, 640, 643, 650, 654, 656, 659, 667, 669, 685, 701, 726, 729, 737, 777, 779, 782, 783, 787, 790, 791, 809, 817, 819, 830, 833, 834, 836, 845, 856, 857, 860, 862, 875, 880, 887, 888, 899, 900, 914, 918, 921, 928, 929, 930]",0/6 successful match,False,,False,658,False,,1.0,True,Russell's Truck & Travel Center ( Chevron ),Chevron
D San Jon ( 88434 ) Chisum Travel Center # 24 ( Valero ),575-576-9252 I-40 Exit 356 ( NM 469 ),M,San Jon,88434,Chisum Travel Center # 24 ( Valero ),575-576-9252,2014,San Jon,NM,Valero,( NM 469 ),I-40 Exit 356 ,Exit,356,False,,False,I-40,,,,,[],[],"[49, 87, 107, 198, 255, 293, 297, 316, 331, 528, 558, 578, 669, 708, 752, 756, 774, 788]",[],[],"[4, 11, 18, 21, 23, 26, 27, 28, 31, 35, 36, 43, 45, 52, 55, 56, 60, 62, 64, 70, 71, 80, 90, 94, 97, 183, 197, 232, 334, 426, 455, 472, 477, 478, 480, 483, 484, 490, 496, 505, 507, 509, 510, 511, 514, 516, 517, 523, 525, 529, 532, 533, 536, 538, 545, 546, 552, 561, 565, 568, 654, 668, 696, 790, 857, 878, 902, 919, 928, 929, 932, 934, 935]","[2, 9, 10, 82, 111, 112, 113, 199, 279, 284, 285, 300, 488, 494, 495, 553, 581, 582, 583, 670, 738, 743, 744, 759, 818]","[2, 9, 10, 82, 103, 111, 112, 113, 199, 279, 284, 285, 300, 488, 494, 495, 553, 574, 581, 582, 583, 670, 738, 743, 744, 759, 818]","[514, 2, 4, 516, 517, 9, 10, 11, 523, 525, 528, 529, 18, 532, 21, 533, 23, 536, 26, 27, 28, 538, 31, 545, 546, 35, 36, 552, 553, 43, 45, 558, 49, 561, 52, 565, 55, 56, 568, 60, 62, 574, 64, 578, 581, 70, 71, 582, 583, 80, 82, 87, 90, 94, 97, 103, 107, 111, 112, 113, 654, 668, 669, 670, 183, 696, 708, 197, 198, 199, 738, 743, 232, 744, 752, 756, 759, 255, 774, 788, 790, 279, 284, 285, 293, 297, 300, 818, 316, 331, 334, 857, 878, 902, 919, 928, 929, 932, 934, 935, 426, 455, 472, 477, 478, 480, 483, 484, 488, 490, 494, 495, 496, 505, 507, 509, 510, 511]",False,[],[],"[49, 87, 107, 198, 255, 293, 297, 316, 331, 528, 558, 578, 669, 708, 752, 756, 774, 788]",[],"[4, 11, 18, 21, 23, 26, 27, 28, 31, 35, 36, 43, 45, 52, 55, 56, 60, 62, 64, 70, 71, 80, 90, 94, 97, 183, 197, 232, 334, 426, 455, 472, 477, 478, 480, 483, 484, 490, 496, 505, 507, 509, 510, 511, 514, 516, 517, 523, 525, 529, 532, 533, 536, 538, 545, 546, 552, 561, 565, 568, 654, 668, 696, 790, 857, 878, 902, 919, 928, 929, 932, 934, 935]","[2, 9, 10, 82, 103, 111, 112, 113, 199, 279, 284, 285, 300, 488, 494, 495, 553, 574, 581, 582, 583, 670, 738, 743, 744, 759, 818]","[2, 9, 10, 82, 111, 112, 113, 199, 279, 284, 285, 300, 488, 494, 495, 553, 581, 582, 583, 670, 738, 743, 744, 759, 818]",0/6 successful match,False,,False,659,False,,,,,
San Jon ( 88434 ) Chisum Travel Center # 24 ( Valero ),575-576-9252 I-40 Exit 356 ( NM 469 ),M,San Jon,88434,Chisum Travel Center # 24 ( Valero ),575-576-9252,2015,San Jon,NM,Valero,( NM 469 ),I-40 Exit 356 ,Exit,356,False,,False,I-40,,,,,[],[],"[49, 87, 107, 198, 255, 293, 297, 316, 331, 528, 558, 578, 669, 708, 752, 756, 774, 788]",[],[],"[4, 11, 18, 21, 23, 26, 27, 28, 31, 35, 36, 43, 45, 52, 55, 56, 60, 62, 64, 70, 71, 80, 90, 94, 97, 183, 197, 232, 334, 426, 455, 472, 477, 478, 480, 483, 484, 490, 496, 505, 507, 509, 510, 511, 514, 516, 517, 523, 525, 529, 532, 533, 536, 538, 545, 546, 552, 561, 565, 568, 654, 668, 696, 790, 857, 878, 902, 919, 928, 929, 932, 934, 935]","[2, 9, 10, 82, 111, 112, 113, 199, 279, 284, 285, 300, 488, 494, 495, 553, 581, 582, 583, 670, 738, 743, 744, 759, 818]","[2, 9, 10, 82, 103, 111, 112, 113, 199, 279, 284, 285, 300, 488, 494, 495, 553, 574, 581, 582, 583, 670, 738, 743, 744, 759, 818]","[514, 2, 4, 516, 517, 9, 10, 11, 523, 525, 528, 529, 18, 532, 21, 533, 23, 536, 26, 27, 28, 538, 31, 545, 546, 35, 36, 552, 553, 43, 45, 558, 49, 561, 52, 565, 55, 56, 568, 60, 62, 574, 64, 578, 581, 70, 71, 582, 583, 80, 82, 87, 90, 94, 97, 103, 107, 111, 112, 113, 654, 668, 669, 670, 183, 696, 708, 197, 198, 199, 738, 743, 232, 744, 752, 756, 759, 255, 774, 788, 790, 279, 284, 285, 293, 297, 300, 818, 316, 331, 334, 857, 878, 902, 919, 928, 929, 932, 934, 935, 426, 455, 472, 477, 478, 480, 483, 484, 488, 490, 494, 495, 496, 505, 507, 509, 510, 511]",False,[],[],"[49, 87, 107, 198, 255, 293, 297, 316, 331, 528, 558, 578, 669, 708, 752, 756, 774, 788]",[],"[4, 11, 18, 21, 23, 26, 27, 28, 31, 35, 36, 43, 45, 52, 55, 56, 60, 62, 64, 70, 71, 80, 90, 94, 97, 183, 197, 232, 334, 426, 455, 472, 477, 478, 480, 483, 484, 490, 496, 505, 507, 509, 510, 511, 514, 516, 517, 523, 525, 529, 532, 533, 536, 538, 545, 546, 552, 561, 565, 568, 654, 668, 696, 790, 857, 878, 902, 919, 928, 929, 932, 934, 935]","[2, 9, 10, 82, 103, 111, 112, 113, 199, 279, 284, 285, 300, 488, 494, 495, 553, 574, 581, 582, 583, 670, 738, 743, 744, 759, 818]","[2, 9, 10, 82, 111, 112, 113, 199, 279, 284, 285, 300, 488, 494, 495, 553, 581, 582, 583, 670, 738, 743, 744, 759, 818]",0/6 successful match,False,,False,659,False,,1.0,True,Chisum Travel Center # 24 ( Valero ),Valero
D San Jon ( 88434 ) Chisum Travel Center # 24 ( Valero ),575-576-9252 I-40 Exit 356 ( NM 469 ),M,San Jon,88434,Chisum Travel Center # 24 ( Valero ),575-576-9252,2016,San Jon,NM,Valero,( NM 469 ),I-40 Exit 356 ,Exit,356,False,,False,I-40,,,,,[],[],"[49, 87, 107, 198, 255, 293, 297, 316, 331, 528, 558, 578, 669, 708, 752, 756, 774, 788]",[],[],"[4, 11, 18, 21, 23, 26, 27, 28, 31, 35, 36, 43, 45, 52, 55, 56, 60, 62, 64, 70, 71, 80, 90, 94, 97, 183, 197, 232, 334, 426, 455, 472, 477, 478, 480, 483, 484, 490, 496, 505, 507, 509, 510, 511, 514, 516, 517, 523, 525, 529, 532, 533, 536, 538, 545, 546, 552, 561, 565, 568, 654, 668, 696, 790, 857, 878, 902, 919, 928, 929, 932, 934, 935]","[2, 9, 10, 82, 111, 112, 113, 199, 279, 284, 285, 300, 488, 494, 495, 553, 581, 582, 583, 670, 738, 743, 744, 759, 818]","[2, 9, 10, 82, 103, 111, 112, 113, 199, 279, 284, 285, 300, 488, 494, 495, 553, 574, 581, 582, 583, 670, 738, 743, 744, 759, 818]","[514, 2, 4, 516, 517, 9, 10, 11, 523, 525, 528, 529, 18, 532, 21, 533, 23, 536, 26, 27, 28, 538, 31, 545, 546, 35, 36, 552, 553, 43, 45, 558, 49, 561, 52, 565, 55, 56, 568, 60, 62, 574, 64, 578, 581, 70, 71, 582, 583, 80, 82, 87, 90, 94, 97, 103, 107, 111, 112, 113, 654, 668, 669, 670, 183, 696, 708, 197, 198, 199, 738, 743, 232, 744, 752, 756, 759, 255, 774, 788, 790, 279, 284, 285, 293, 297, 300, 818, 316, 331, 334, 857, 878, 902, 919, 928, 929, 932, 934, 935, 426, 455, 472, 477, 478, 480, 483, 484, 488, 490, 494, 495, 496, 505, 507, 509, 510, 511]",False,[],[],"[49, 87, 107, 198, 255, 293, 297, 316, 331, 528, 558, 578, 669, 708, 752, 756, 774, 788]",[],"[4, 11, 18, 21, 23, 26, 27, 28, 31, 35, 36, 43, 45, 52, 55, 56, 60, 62, 64, 70, 71, 80, 90, 94, 97, 183, 197, 232, 334, 426, 455, 472, 477, 478, 480, 483, 484, 490, 496, 505, 507, 509, 510, 511, 514, 516, 517, 523, 525, 529, 532, 533, 536, 538, 545, 546, 552, 561, 565, 568, 654, 668, 696, 790, 857, 878, 902, 919, 928, 929, 932, 934, 935]","[2, 9, 10, 82, 103, 111, 112, 113, 199, 279, 284, 285, 300, 488, 494, 495, 553, 574, 581, 582, 583, 670, 738, 743, 744, 759, 818]","[2, 9, 10, 82, 111, 112, 113, 199, 279, 284, 285, 300, 488, 494, 495, 553, 581, 582, 583, 670, 738, 743, 744, 759, 818]",0/6 successful match,False,,False,659,False,,1.0,True,Chisum Travel Center # 24 ( Valero ),Valero
"ISanta Rosa , 88435 Love's Travel Stop # 285",505-472-1160 I-40 Exit 277 ( US 84 ),<U+2610> M 24 <U+2610>,Santa Rosa,88435,Love's Travel Stop # 285,505-472-1160,2006,Santa Rosa,NM,Love's,( US 84 ),I-40 Exit 277 ,Exit,277,False,,False,I-40,,,,,[],[],"[209, 243, 273, 275, 311, 325, 679, 707, 732, 734, 769, 783]","[36, 517]",[],"[4, 11, 18, 21, 23, 26, 27, 28, 31, 35, 36, 43, 45, 52, 55, 56, 60, 62, 64, 70, 71, 80, 90, 94, 97, 183, 197, 232, 334, 426, 455, 472, 477, 478, 480, 483, 484, 490, 496, 505, 507, 509, 510, 511, 514, 516, 517, 523, 525, 529, 532, 533, 536, 538, 545, 546, 552, 561, 565, 568, 654, 668, 696, 790, 857, 878, 902, 919, 928, 929, 932, 934, 935]","[34, 35, 36, 37, 38, 39, 40, 41, 42, 43, 44, 45, 46, 47, 48, 201, 202, 203, 204, 205, 206, 207, 208, 209, 210, 211, 212, 213, 214, 215, 216, 355, 356, 357, 358, 359, 360, 361, 429, 430, 431, 432, 433, 434, 435, 515, 516, 517, 518, 519, 520, 521, 522, 523, 524, 525, 526, 527, 672, 673, 674, 675, 676, 677, 678, 679, 680, 681, 682, 683, 684, 810, 811, 812, 813, 814, 881, 882, 883, 884, 885, 886]","[32, 33, 34, 35, 36, 37, 38, 39, 40, 41, 42, 43, 44, 45, 46, 47, 48, 201, 202, 203, 204, 205, 206, 207, 208, 209, 210, 211, 212, 213, 214, 215, 216, 355, 356, 357, 358, 359, 360, 361, 429, 430, 431, 432, 433, 434, 435, 515, 516, 517, 518, 519, 520, 521, 522, 523, 524, 525, 526, 527, 672, 673, 674, 675, 676, 677, 678, 679, 680, 681, 682, 683, 684, 810, 811, 812, 813, 814, 881, 882, 883, 884, 885, 886]","[514, 515, 4, 517, 516, 518, 519, 520, 521, 11, 523, 525, 522, 524, 526, 529, 18, 527, 532, 21, 533, 23, 536, 26, 27, 28, 538, 31, 32, 545, 546, 35, 36, 34, 37, 38, 552, 39, 40, 43, 41, 45, 42, 44, 46, 561, 47, 48, 52, 565, 55, 56, 568, 60, 62, 64, 70, 71, 80, 90, 94, 97, 654, 668, 672, 673, 674, 675, 676, 677, 678, 679, 680, 681, 682, 683, 684, 33, 183, 696, 707, 197, 201, 202, 203, 204, 205, 206, 207, 208, 209, 210, 211, 212, 213, 214, 215, 216, 732, 734, 232, 243, 769, 783, 273, 275, 790, 810, 811, 812, 813, 814, 311, 325, 334, 857, 355, 356, 357, 358, 359, 360, 361, 878, 881, 882, 883, 884, 885, 886, 902, 919, 928, 929, 932, 934, 935, 426, 429, 430, 431, 432, 433, 434, 435, 455, 472, 477, 478, 480, 483, 484, 490, 496, 505, 507, 509, 510, 511]",False,[],[],"[209, 243, 273, 275, 311, 325, 679, 707, 732, 734, 769, 783]","[36, 517]","[4, 11, 18, 21, 23, 26, 27, 28, 31, 35, 36, 43, 45, 52, 55, 56, 60, 62, 64, 70, 71, 80, 90, 94, 97, 183, 197, 232, 334, 426, 455, 472, 477, 478, 480, 483, 484, 490, 496, 505, 507, 509, 510, 511, 514, 516, 517, 523, 525, 529, 532, 533, 536, 538, 545, 546, 552, 561, 565, 568, 654, 668, 696, 790, 857, 878, 902, 919, 928, 929, 932, 934, 935]","[32, 33, 34, 35, 36, 37, 38, 39, 40, 41, 42, 43, 44, 45, 46, 47, 48, 201, 202, 203, 204, 205, 206, 207, 208, 209, 210, 211, 212, 213, 214, 215, 216, 355, 356, 357, 358, 359, 360, 361, 429, 430, 431, 432, 433, 434, 435, 515, 516, 517, 518, 519, 520, 521, 522, 523, 524, 525, 526, 527, 672, 673, 674, 675, 676, 677, 678, 679, 680, 681, 682, 683, 684, 810, 811, 812, 813, 814, 881, 882, 883, 884, 885, 886]","[34, 35, 36, 37, 38, 39, 40, 41, 42, 43, 44, 45, 46, 47, 48, 201, 202, 203, 204, 205, 206, 207, 208, 209, 210, 211, 212, 213, 214, 215, 216, 355, 356, 357, 358, 359, 360, 361, 429, 430, 431, 432, 433, 434, 435, 515, 516, 517, 518, 519, 520, 521, 522, 523, 524, 525, 526, 527, 672, 673, 674, 675, 676, 677, 678, 679, 680, 681, 682, 683, 684, 810, 811, 812, 813, 814, 881, 882, 883, 884, 885, 886]",0/6 successful match,False,,False,660,False,,,,,
"Santa Rosa , 88435 Love's Travel Stop # 285",505-472-1160 I-40 Exit 277 ( US 84 ),24 HRS MOO,Santa Rosa,88435,Love's Travel Stop # 285,505-472-1160,2007,Santa Rosa,NM,Love's,( US 84 ),I-40 Exit 277 ,Exit,277,False,,False,I-40,,,,,[],[],"[209, 243, 273, 275, 311, 325, 679, 707, 732, 734, 769, 783]","[36, 517]",[],"[4, 11, 18, 21, 23, 26, 27, 28, 31, 35, 36, 43, 45, 52, 55, 56, 60, 62, 64, 70, 71, 80, 90, 94, 97, 183, 197, 232, 334, 426, 455, 472, 477, 478, 480, 483, 484, 490, 496, 505, 507, 509, 510, 511, 514, 516, 517, 523, 525, 529, 532, 533, 536, 538, 545, 546, 552, 561, 565, 568, 654, 668, 696, 790, 857, 878, 902, 919, 928, 929, 932, 934, 935]","[34, 35, 36, 37, 38, 39, 40, 41, 42, 43, 44, 45, 46, 47, 48, 201, 202, 203, 204, 205, 206, 207, 208, 209, 210, 211, 212, 213, 214, 215, 216, 355, 356, 357, 358, 359, 360, 361, 429, 430, 431, 432, 433, 434, 435, 515, 516, 517, 518, 519, 520, 521, 522, 523, 524, 525, 526, 527, 672, 673, 674, 675, 676, 677, 678, 679, 680, 681, 682, 683, 684, 810, 811, 812, 813, 814, 881, 882, 883, 884, 885, 886]","[32, 33, 34, 35, 36, 37, 38, 39, 40, 41, 42, 43, 44, 45, 46, 47, 48, 201, 202, 203, 204, 205, 206, 207, 208, 209, 210, 211, 212, 213, 214, 215, 216, 355, 356, 357, 358, 359, 360, 361, 429, 430, 431, 432, 433, 434, 435, 515, 516, 517, 518, 519, 520, 521, 522, 523, 524, 525, 526, 527, 672, 673, 674, 675, 676, 677, 678, 679, 680, 681, 682, 683, 684, 810, 811, 812, 813, 814, 881, 882, 883, 884, 885, 886]","[514, 515, 4, 517, 516, 518, 519, 520, 521, 11, 523, 525, 522, 524, 526, 529, 18, 527, 532, 21, 533, 23, 536, 26, 27, 28, 538, 31, 32, 545, 546, 35, 36, 34, 37, 38, 552, 39, 40, 43, 41, 45, 42, 44, 46, 561, 47, 48, 52, 565, 55, 56, 568, 60, 62, 64, 70, 71, 80, 90, 94, 97, 654, 668, 672, 673, 674, 675, 676, 677, 678, 679, 680, 681, 682, 683, 684, 33, 183, 696, 707, 197, 201, 202, 203, 204, 205, 206, 207, 208, 209, 210, 211, 212, 213, 214, 215, 216, 732, 734, 232, 243, 769, 783, 273, 275, 790, 810, 811, 812, 813, 814, 311, 325, 334, 857, 355, 356, 357, 358, 359, 360, 361, 878, 881, 882, 883, 884, 885, 886, 902, 919, 928, 929, 932, 934, 935, 426, 429, 430, 431, 432, 433, 434, 435, 455, 472, 477, 478, 480, 483, 484, 490, 496, 505, 507, 509, 510, 511]",False,[],[],"[209, 243, 273, 275, 311, 325, 679, 707, 732, 734, 769, 783]","[36, 517]","[4, 11, 18, 21, 23, 26, 27, 28, 31, 35, 36, 43, 45, 52, 55, 56, 60, 62, 64, 70, 71, 80, 90, 94, 97, 183, 197, 232, 334, 426, 455, 472, 477, 478, 480, 483, 484, 490, 496, 505, 507, 509, 510, 511, 514, 516, 517, 523, 525, 529, 532, 533, 536, 538, 545, 546, 552, 561, 565, 568, 654, 668, 696, 790, 857, 878, 902, 919, 928, 929, 932, 934, 935]","[32, 33, 34, 35, 36, 37, 38, 39, 40, 41, 42, 43, 44, 45, 46, 47, 48, 201, 202, 203, 204, 205, 206, 207, 208, 209, 210, 211, 212, 213, 214, 215, 216, 355, 356, 357, 358, 359, 360, 361, 429, 430, 431, 432, 433, 434, 435, 515, 516, 517, 518, 519, 520, 521, 522, 523, 524, 525, 526, 527, 672, 673, 674, 675, 676, 677, 678, 679, 680, 681, 682, 683, 684, 810, 811, 812, 813, 814, 881, 882, 883, 884, 885, 886]","[34, 35, 36, 37, 38, 39, 40, 41, 42, 43, 44, 45, 46, 47, 48, 201, 202, 203, 204, 205, 206, 207, 208, 209, 210, 211, 212, 213, 214, 215, 216, 355, 356, 357, 358, 359, 360, 361, 429, 430, 431, 432, 433, 434, 435, 515, 516, 517, 518, 519, 520, 521, 522, 523, 524, 525, 526, 527, 672, 673, 674, 675, 676, 677, 678, 679, 680, 681, 682, 683, 684, 810, 811, 812, 813, 814, 881, 882, 883, 884, 885, 886]",0/6 successful match,False,,False,660,False,,1.0,True,Love's Travel Stop # 285,Love's
"D Santa Rosa , 88435 Love's Travel Stop # 285",505-472-1160 I-40 Exit 277 ( US 84 ),24 HAS,Santa Rosa,88435,Love's Travel Stop # 285,505-472-1160,2008,Santa Rosa,NM,Love's,( US 84 ),I-40 Exit 277 ,Exit,277,False,,False,I-40,,,,,[],[],"[209, 243, 273, 275, 311, 325, 679, 707, 732, 734, 769, 783]","[36, 517]",[],"[4, 11, 18, 21, 23, 26, 27, 28, 31, 35, 36, 43, 45, 52, 55, 56, 60, 62, 64, 70, 71, 80, 90, 94, 97, 183, 197, 232, 334, 426, 455, 472, 477, 478, 480, 483, 484, 490, 496, 505, 507, 509, 510, 511, 514, 516, 517, 523, 525, 529, 532, 533, 536, 538, 545, 546, 552, 561, 565, 568, 654, 668, 696, 790, 857, 878, 902, 919, 928, 929, 932, 934, 935]","[34, 35, 36, 37, 38, 39, 40, 41, 42, 43, 44, 45, 46, 47, 48, 201, 202, 203, 204, 205, 206, 207, 208, 209, 210, 211, 212, 213, 214, 215, 216, 355, 356, 357, 358, 359, 360, 361, 429, 430, 431, 432, 433, 434, 435, 515, 516, 517, 518, 519, 520, 521, 522, 523, 524, 525, 526, 527, 672, 673, 674, 675, 676, 677, 678, 679, 680, 681, 682, 683, 684, 810, 811, 812, 813, 814, 881, 882, 883, 884, 885, 886]","[32, 33, 34, 35, 36, 37, 38, 39, 40, 41, 42, 43, 44, 45, 46, 47, 48, 201, 202, 203, 204, 205, 206, 207, 208, 209, 210, 211, 212, 213, 214, 215, 216, 355, 356, 357, 358, 359, 360, 361, 429, 430, 431, 432, 433, 434, 435, 515, 516, 517, 518, 519, 520, 521, 522, 523, 524, 525, 526, 527, 672, 673, 674, 675, 676, 677, 678, 679, 680, 681, 682, 683, 684, 810, 811, 812, 813, 814, 881, 882, 883, 884, 885, 886]","[514, 515, 4, 517, 516, 518, 519, 520, 521, 11, 523, 525, 522, 524, 526, 529, 18, 527, 532, 21, 533, 23, 536, 26, 27, 28, 538, 31, 32, 545, 546, 35, 36, 34, 37, 38, 552, 39, 40, 43, 41, 45, 42, 44, 46, 561, 47, 48, 52, 565, 55, 56, 568, 60, 62, 64, 70, 71, 80, 90, 94, 97, 654, 668, 672, 673, 674, 675, 676, 677, 678, 679, 680, 681, 682, 683, 684, 33, 183, 696, 707, 197, 201, 202, 203, 204, 205, 206, 207, 208, 209, 210, 211, 212, 213, 214, 215, 216, 732, 734, 232, 243, 769, 783, 273, 275, 790, 810, 811, 812, 813, 814, 311, 325, 334, 857, 355, 356, 357, 358, 359, 360, 361, 878, 881, 882, 883, 884, 885, 886, 902, 919, 928, 929, 932, 934, 935, 426, 429, 430, 431, 432, 433, 434, 435, 455, 472, 477, 478, 480, 483, 484, 490, 496, 505, 507, 509, 510, 511]",False,[],[],"[209, 243, 273, 275, 311, 325, 679, 707, 732, 734, 769, 783]","[36, 517]","[4, 11, 18, 21, 23, 26, 27, 28, 31, 35, 36, 43, 45, 52, 55, 56, 60, 62, 64, 70, 71, 80, 90, 94, 97, 183, 197, 232, 334, 426, 455, 472, 477, 478, 480, 483, 484, 490, 496, 505, 507, 509, 510, 511, 514, 516, 517, 523, 525, 529, 532, 533, 536, 538, 545, 546, 552, 561, 565, 568, 654, 668, 696, 790, 857, 878, 902, 919, 928, 929, 932, 934, 935]","[32, 33, 34, 35, 36, 37, 38, 39, 40, 41, 42, 43, 44, 45, 46, 47, 48, 201, 202, 203, 204, 205, 206, 207, 208, 209, 210, 211, 212, 213, 214, 215, 216, 355, 356, 357, 358, 359, 360, 361, 429, 430, 431, 432, 433, 434, 435, 515, 516, 517, 518, 519, 520, 521, 522, 523, 524, 525, 526, 527, 672, 673, 674, 675, 676, 677, 678, 679, 680, 681, 682, 683, 684, 810, 811, 812, 813, 814, 881, 882, 883, 884, 885, 886]","[34, 35, 36, 37, 38, 39, 40, 41, 42, 43, 44, 45, 46, 47, 48, 201, 202, 203, 204, 205, 206, 207, 208, 209, 210, 211, 212, 213, 214, 215, 216, 355, 356, 357, 358, 359, 360, 361, 429, 430, 431, 432, 433, 434, 435, 515, 516, 517, 518, 519, 520, 521, 522, 523, 524, 525, 526, 527, 672, 673, 674, 675, 676, 677, 678, 679, 680, 681, 682, 683, 684, 810, 811, 812, 813, 814, 881, 882, 883, 884, 885, 886]",0/6 successful match,False,,False,660,False,,1.0,True,Love's Travel Stop # 285,Love's
"Santa Rosa , 88435 TravelCenters of America ( Shell )",505-472-3432 I-40 Exit 277 ( US 54-66-84 S ) TA,HRS MOO <U+2610>,Santa Rosa,88435,TravelCenters of America ( Shell ),505-472-3432,2006,Santa Rosa,NM,TravelCenters,( US 54-66-84 S ) TA,I-40 Exit 277 ,Exit,277,False,,False,I-40,,,,,[],[],"[209, 243, 273, 275, 311, 325, 679, 707, 732, 734, 769, 783]","[36, 517]",[],"[4, 11, 18, 21, 23, 26, 27, 28, 31, 35, 36, 43, 45, 52, 55, 56, 60, 62, 64, 70, 71, 80, 90, 94, 97, 183, 197, 232, 334, 426, 455, 472, 477, 478, 480, 483, 484, 490, 496, 505, 507, 509, 510, 511, 514, 516, 517, 523, 525, 529, 532, 533, 536, 538, 545, 546, 552, 561, 565, 568, 654, 668, 696, 790, 857, 878, 902, 919, 928, 929, 932, 934, 935]","[98, 476, 481, 569, 924, 925]","[1, 13, 14, 29, 54, 55, 56, 57, 58, 60, 102, 118, 125, 127, 130, 134, 146, 149, 153, 175, 182, 187, 189, 191, 197, 225, 230, 238, 264, 265, 266, 286, 302, 317, 336, 354, 379, 388, 389, 425, 454, 458, 463, 475, 487, 498, 499, 512, 530, 531, 532, 533, 534, 536, 573, 589, 596, 598, 601, 605, 617, 620, 624, 646, 653, 658, 660, 662, 668, 689, 694, 702, 724, 725, 745, 760, 775, 793, 809, 829, 838, 839, 877, 901, 903, 905, 910, 923]","[512, 1, 514, 4, 517, 516, 11, 523, 525, 13, 14, 529, 18, 530, 532, 21, 533, 23, 536, 531, 26, 27, 28, 538, 29, 31, 545, 546, 35, 36, 552, 43, 45, 561, 52, 565, 54, 55, 56, 568, 569, 57, 60, 58, 62, 573, 64, 70, 71, 589, 80, 596, 598, 601, 90, 605, 94, 97, 98, 102, 617, 620, 624, 118, 125, 127, 534, 130, 134, 646, 653, 654, 146, 658, 660, 149, 662, 153, 668, 679, 175, 689, 182, 183, 696, 694, 187, 189, 702, 191, 707, 197, 209, 724, 725, 732, 734, 225, 230, 232, 745, 238, 243, 760, 769, 775, 264, 265, 266, 783, 273, 275, 790, 793, 286, 809, 302, 311, 317, 829, 325, 838, 839, 334, 336, 857, 354, 877, 878, 379, 388, 389, 902, 901, 903, 905, 910, 919, 923, 924, 925, 928, 929, 932, 934, 935, 425, 426, 454, 455, 458, 463, 472, 475, 476, 477, 478, 480, 481, 483, 484, 487, 490, 496, 498, 499, 505, 507, 509, 510, 511]",False,[],[],"[209, 243, 273, 275, 311, 325, 679, 707, 732, 734, 769, 783]","[36, 517]","[4, 11, 18, 21, 23, 26, 27, 28, 31, 35, 36, 43, 45, 52, 55, 56, 60, 62, 64, 70, 71, 80, 90, 94, 97, 183, 197, 232, 334, 426, 455, 472, 477, 478, 480, 483, 484, 490, 496, 505, 507, 509, 510, 511, 514, 516, 517, 523, 525, 529, 532, 533, 536, 538, 545, 546, 552, 561, 565, 568, 654, 668, 696, 790, 857, 878, 902, 919, 928, 929, 932, 934, 935]","[1, 13, 14, 29, 54, 55, 56, 57, 58, 60, 102, 118, 125, 127, 130, 134, 146, 149, 153, 175, 182, 187, 189, 191, 197, 225, 230, 238, 264, 265, 266, 286, 302, 317, 336, 354, 379, 388, 389, 425, 454, 458, 463, 475, 487, 498, 499, 512, 530, 531, 532, 533, 534, 536, 573, 589, 596, 598, 601, 605, 617, 620, 624, 646, 653, 658, 660, 662, 668, 689, 694, 702, 724, 725, 745, 760, 775, 793, 809, 829, 838, 839, 877, 901, 903, 905, 910, 923]","[98, 476, 481, 569, 924, 925]",0/6 successful match,False,,False,661,False,,,,,
"Santa Rosa , 88435 TravelCenters of America ( Shell )",505-472-3432 I-40 Exit 277 ( US 54-66-84 S ) TA,24 HRS XLO,Santa Rosa,88435,TravelCenters of America ( Shell ),505-472-3432,2007,Santa Rosa,NM,TravelCenters,( US 54-66-84 S ) TA,I-40 Exit 277 ,Exit,277,False,,False,I-40,,,,,[],[],"[209, 243, 273, 275, 311, 325, 679, 707, 732, 734, 769, 783]","[36, 517]",[],"[4, 11, 18, 21, 23, 26, 27, 28, 31, 35, 36, 43, 45, 52, 55, 56, 60, 62, 64, 70, 71, 80, 90, 94, 97, 183, 197, 232, 334, 426, 455, 472, 477, 478, 480, 483, 484, 490, 496, 505, 507, 509, 510, 511, 514, 516, 517, 523, 525, 529, 532, 533, 536, 538, 545, 546, 552, 561, 565, 568, 654, 668, 696, 790, 857, 878, 902, 919, 928, 929, 932, 934, 935]","[98, 476, 481, 569, 924, 925]","[1, 13, 14, 29, 54, 55, 56, 57, 58, 60, 102, 118, 125, 127, 130, 134, 146, 149, 153, 175, 182, 187, 189, 191, 197, 225, 230, 238, 264, 265, 266, 286, 302, 317, 336, 354, 379, 388, 389, 425, 454, 458, 463, 475, 487, 498, 499, 512, 530, 531, 532, 533, 534, 536, 573, 589, 596, 598, 601, 605, 617, 620, 624, 646, 653, 658, 660, 662, 668, 689, 694, 702, 724, 725, 745, 760, 775, 793, 809, 829, 838, 839, 877, 901, 903, 905, 910, 923]","[512, 1, 514, 4, 517, 516, 11, 523, 525, 13, 14, 529, 18, 530, 532, 21, 533, 23, 536, 531, 26, 27, 28, 538, 29, 31, 545, 546, 35, 36, 552, 43, 45, 561, 52, 565, 54, 55, 56, 568, 569, 57, 60, 58, 62, 573, 64, 70, 71, 589, 80, 596, 598, 601, 90, 605, 94, 97, 98, 102, 617, 620, 624, 118, 125, 127, 534, 130, 134, 646, 653, 654, 146, 658, 660, 149, 662, 153, 668, 679, 175, 689, 182, 183, 696, 694, 187, 189, 702, 191, 707, 197, 209, 724, 725, 732, 734, 225, 230, 232, 745, 238, 243, 760, 769, 775, 264, 265, 266, 783, 273, 275, 790, 793, 286, 809, 302, 311, 317, 829, 325, 838, 839, 334, 336, 857, 354, 877, 878, 379, 388, 389, 902, 901, 903, 905, 910, 919, 923, 924, 925, 928, 929, 932, 934, 935, 425, 426, 454, 455, 458, 463, 472, 475, 476, 477, 478, 480, 481, 483, 484, 487, 490, 496, 498, 499, 505, 507, 509, 510, 511]",False,[],[],"[209, 243, 273, 275, 311, 325, 679, 707, 732, 734, 769, 783]","[36, 517]","[4, 11, 18, 21, 23, 26, 27, 28, 31, 35, 36, 43, 45, 52, 55, 56, 60, 62, 64, 70, 71, 80, 90, 94, 97, 183, 197, 232, 334, 426, 455, 472, 477, 478, 480, 483, 484, 490, 496, 505, 507, 509, 510, 511, 514, 516, 517, 523, 525, 529, 532, 533, 536, 538, 545, 546, 552, 561, 565, 568, 654, 668, 696, 790, 857, 878, 902, 919, 928, 929, 932, 934, 935]","[1, 13, 14, 29, 54, 55, 56, 57, 58, 60, 102, 118, 125, 127, 130, 134, 146, 149, 153, 175, 182, 187, 189, 191, 197, 225, 230, 238, 264, 265, 266, 286, 302, 317, 336, 354, 379, 388, 389, 425, 454, 458, 463, 475, 487, 498, 499, 512, 530, 531, 532, 533, 534, 536, 573, 589, 596, 598, 601, 605, 617, 620, 624, 646, 653, 658, 660, 662, 668, 689, 694, 702, 724, 725, 745, 760, 775, 793, 809, 829, 838, 839, 877, 901, 903, 905, 910, 923]","[98, 476, 481, 569, 924, 925]",0/6 successful match,False,,False,661,False,,1.0,True,TravelCenters of America ( Shell ),TravelCenters
"D Santa Rosa , 88435 TravelCenters",6 505-472-3432 I-40 Exit 277 ( of US America 54-66-84 ( Shell S ) ),24 LO 123 24,Santa Rosa,88435,TravelCenters,505-472-3432,2008,Santa Rosa,NM,TravelCenters,( of US America 54-66-84 ( Shell S ) ),I-40 Exit 277 ,Exit,277,False,,False,I-40,,,,,[],[],"[209, 243, 273, 275, 311, 325, 679, 707, 732, 734, 769, 783]","[36, 517]",[],"[4, 11, 18, 21, 23, 26, 27, 28, 31, 35, 36, 43, 45, 52, 55, 56, 60, 62, 64, 70, 71, 80, 90, 94, 97, 183, 197, 232, 334, 426, 455, 472, 477, 478, 480, 483, 484, 490, 496, 505, 507, 509, 510, 511, 514, 516, 517, 523, 525, 529, 532, 533, 536, 538, 545, 546, 552, 561, 565, 568, 654, 668, 696, 790, 857, 878, 902, 919, 928, 929, 932, 934, 935]","[98, 476, 481, 569, 924, 925]",[],"[514, 4, 517, 516, 11, 523, 525, 529, 18, 532, 21, 533, 23, 536, 26, 27, 28, 538, 31, 545, 546, 35, 36, 552, 43, 45, 561, 52, 565, 55, 56, 568, 569, 60, 62, 64, 70, 71, 80, 90, 94, 97, 98, 654, 668, 679, 183, 696, 707, 197, 209, 732, 734, 232, 243, 769, 783, 273, 275, 790, 311, 325, 334, 857, 878, 902, 919, 924, 925, 928, 929, 932, 934, 935, 426, 455, 472, 476, 477, 478, 480, 481, 483, 484, 490, 496, 505, 507, 509, 510, 511]",False,[],[],"[209, 243, 273, 275, 311, 325, 679, 707, 732, 734, 769, 783]","[36, 517]","[4, 11, 18, 21, 23, 26, 27, 28, 31, 35, 36, 43, 45, 52, 55, 56, 60, 62, 64, 70, 71, 80, 90, 94, 97, 183, 197, 232, 334, 426, 455, 472, 477, 478, 480, 483, 484, 490, 496, 505, 507, 509, 510, 511, 514, 516, 517, 523, 525, 529, 532, 533, 536, 538, 545, 546, 552, 561, 565, 568, 654, 668, 696, 790, 857, 878, 902, 919, 928, 929, 932, 934, 935]",[],"[98, 476, 481, 569, 924, 925]",0/6 successful match,False,,False,661,False,,0.5659574468085107,True,TravelCenters of America ( Shell ),TravelCenters
D Santa Rosa ( 88435 ) Love's Travel Stop # 285,575-472-1160 I-40 Exit 277 ( US 84 S ),24 <U+25A1> XL,Santa Rosa,88435,Love's Travel Stop # 285,575-472-1160,2014,Santa Rosa,NM,Love's,( US 84 S ),I-40 Exit 277 ,Exit,277,False,,False,I-40,,,,,[],[],"[209, 243, 273, 275, 311, 325, 679, 707, 732, 734, 769, 783]","[36, 517]",[],"[4, 11, 18, 21, 23, 26, 27, 28, 31, 35, 36, 43, 45, 52, 55, 56, 60, 62, 64, 70, 71, 80, 90, 94, 97, 183, 197, 232, 334, 426, 455, 472, 477, 478, 480, 483, 484, 490, 496, 505, 507, 509, 510, 511, 514, 516, 517, 523, 525, 529, 532, 533, 536, 538, 545, 546, 552, 561, 565, 568, 654, 668, 696, 790, 857, 878, 902, 919, 928, 929, 932, 934, 935]","[34, 35, 36, 37, 38, 39, 40, 41, 42, 43, 44, 45, 46, 47, 48, 201, 202, 203, 204, 205, 206, 207, 208, 209, 210, 211, 212, 213, 214, 215, 216, 355, 356, 357, 358, 359, 360, 361, 429, 430, 431, 432, 433, 434, 435, 515, 516, 517, 518, 519, 520, 521, 522, 523, 524, 525, 526, 527, 672, 673, 674, 675, 676, 677, 678, 679, 680, 681, 682, 683, 684, 810, 811, 812, 813, 814, 881, 882, 883, 884, 885, 886]","[32, 33, 34, 35, 36, 37, 38, 39, 40, 41, 42, 43, 44, 45, 46, 47, 48, 201, 202, 203, 204, 205, 206, 207, 208, 209, 210, 211, 212, 213, 214, 215, 216, 355, 356, 357, 358, 359, 360, 361, 429, 430, 431, 432, 433, 434, 435, 515, 516, 517, 518, 519, 520, 521, 522, 523, 524, 525, 526, 527, 672, 673, 674, 675, 676, 677, 678, 679, 680, 681, 682, 683, 684, 810, 811, 812, 813, 814, 881, 882, 883, 884, 885, 886]","[514, 515, 4, 517, 516, 518, 519, 520, 521, 11, 523, 525, 522, 524, 526, 529, 18, 527, 532, 21, 533, 23, 536, 26, 27, 28, 538, 31, 32, 545, 546, 35, 36, 34, 37, 38, 552, 39, 40, 43, 41, 45, 42, 44, 46, 561, 47, 48, 52, 565, 55, 56, 568, 60, 62, 64, 70, 71, 80, 90, 94, 97, 654, 668, 672, 673, 674, 675, 676, 677, 678, 679, 680, 681, 682, 683, 684, 33, 183, 696, 707, 197, 201, 202, 203, 204, 205, 206, 207, 208, 209, 210, 211, 212, 213, 214, 215, 216, 732, 734, 232, 243, 769, 783, 273, 275, 790, 810, 811, 812, 813, 814, 311, 325, 334, 857, 355, 356, 357, 358, 359, 360, 361, 878, 881, 882, 883, 884, 885, 886, 902, 919, 928, 929, 932, 934, 935, 426, 429, 430, 431, 432, 433, 434, 435, 455, 472, 477, 478, 480, 483, 484, 490, 496, 505, 507, 509, 510, 511]",False,[],[],"[209, 243, 273, 275, 311, 325, 679, 707, 732, 734, 769, 783]","[36, 517]","[4, 11, 18, 21, 23, 26, 27, 28, 31, 35, 36, 43, 45, 52, 55, 56, 60, 62, 64, 70, 71, 80, 90, 94, 97, 183, 197, 232, 334, 426, 455, 472, 477, 478, 480, 483, 484, 490, 496, 505, 507, 509, 510, 511, 514, 516, 517, 523, 525, 529, 532, 533, 536, 538, 545, 546, 552, 561, 565, 568, 654, 668, 696, 790, 857, 878, 902, 919, 928, 929, 932, 934, 935]","[32, 33, 34, 35, 36, 37, 38, 39, 40, 41, 42, 43, 44, 45, 46, 47, 48, 201, 202, 203, 204, 205, 206, 207, 208, 209, 210, 211, 212, 213, 214, 215, 216, 355, 356, 357, 358, 359, 360, 361, 429, 430, 431, 432, 433, 434, 435, 515, 516, 517, 518, 519, 520, 521, 522, 523, 524, 525, 526, 527, 672, 673, 674, 675, 676, 677, 678, 679, 680, 681, 682, 683, 684, 810, 811, 812, 813, 814, 881, 882, 883, 884, 885, 886]","[34, 35, 36, 37, 38, 39, 40, 41, 42, 43, 44, 45, 46, 47, 48, 201, 202, 203, 204, 205, 206, 207, 208, 209, 210, 211, 212, 213, 214, 215, 216, 355, 356, 357, 358, 359, 360, 361, 429, 430, 431, 432, 433, 434, 435, 515, 516, 517, 518, 519, 520, 521, 522, 523, 524, 525, 526, 527, 672, 673, 674, 675, 676, 677, 678, 679, 680, 681, 682, 683, 684, 810, 811, 812, 813, 814, 881, 882, 883, 884, 885, 886]",0/6 successful match,False,,False,661,True,2014,0.1891891891891892,False,TravelCenters,TravelCenters
Santa Rosa ( 88435 ) Love's Travel Stop # 285 S ),575-472-1160 I-40 Exit 277 ( US 84 S ),m XL,Santa Rosa,88435,Love's Travel Stop # 285 S ),575-472-1160,2015,Santa Rosa,NM,Love's,( US 84 S ),I-40 Exit 277 ,Exit,277,False,,False,I-40,,,,,[],[],"[209, 243, 273, 275, 311, 325, 679, 707, 732, 734, 769, 783]","[36, 517]",[],"[4, 11, 18, 21, 23, 26, 27, 28, 31, 35, 36, 43, 45, 52, 55, 56, 60, 62, 64, 70, 71, 80, 90, 94, 97, 183, 197, 232, 334, 426, 455, 472, 477, 478, 480, 483, 484, 490, 496, 505, 507, 509, 510, 511, 514, 516, 517, 523, 525, 529, 532, 533, 536, 538, 545, 546, 552, 561, 565, 568, 654, 668, 696, 790, 857, 878, 902, 919, 928, 929, 932, 934, 935]","[34, 35, 36, 37, 38, 39, 40, 41, 42, 43, 44, 45, 46, 47, 48, 201, 202, 203, 204, 205, 206, 207, 208, 209, 210, 211, 212, 213, 214, 215, 216, 355, 356, 357, 358, 359, 360, 361, 429, 430, 431, 432, 433, 434, 435, 515, 516, 517, 518, 519, 520, 521, 522, 523, 524, 525, 526, 527, 672, 673, 674, 675, 676, 677, 678, 679, 680, 681, 682, 683, 684, 810, 811, 812, 813, 814, 881, 882, 883, 884, 885, 886]","[32, 33, 34, 35, 36, 37, 38, 39, 40, 41, 42, 43, 44, 45, 46, 47, 48, 201, 202, 203, 204, 205, 206, 207, 208, 209, 210, 211, 212, 213, 214, 215, 216, 355, 356, 357, 358, 359, 360, 361, 429, 430, 431, 432, 433, 434, 435, 515, 516, 517, 518, 519, 520, 521, 522, 523, 524, 525, 526, 527, 672, 673, 674, 675, 676, 677, 678, 679, 680, 681, 682, 683, 684, 810, 811, 812, 813, 814, 881, 882, 883, 884, 885, 886]","[514, 515, 4, 517, 516, 518, 519, 520, 521, 11, 523, 525, 522, 524, 526, 529, 18, 527, 532, 21, 533, 23, 536, 26, 27, 28, 538, 31, 32, 545, 546, 35, 36, 34, 37, 38, 552, 39, 40, 43, 41, 45, 42, 44, 46, 561, 47, 48, 52, 565, 55, 56, 568, 60, 62, 64, 70, 71, 80, 90, 94, 97, 654, 668, 672, 673, 674, 675, 676, 677, 678, 679, 680, 681, 682, 683, 684, 33, 183, 696, 707, 197, 201, 202, 203, 204, 205, 206, 207, 208, 209, 210, 211, 212, 213, 214, 215, 216, 732, 734, 232, 243, 769, 783, 273, 275, 790, 810, 811, 812, 813, 814, 311, 325, 334, 857, 355, 356, 357, 358, 359, 360, 361, 878, 881, 882, 883, 884, 885, 886, 902, 919, 928, 929, 932, 934, 935, 426, 429, 430, 431, 432, 433, 434, 435, 455, 472, 477, 478, 480, 483, 484, 490, 496, 505, 507, 509, 510, 511]",False,[],[],"[209, 243, 273, 275, 311, 325, 679, 707, 732, 734, 769, 783]","[36, 517]","[4, 11, 18, 21, 23, 26, 27, 28, 31, 35, 36, 43, 45, 52, 55, 56, 60, 62, 64, 70, 71, 80, 90, 94, 97, 183, 197, 232, 334, 426, 455, 472, 477, 478, 480, 483, 484, 490, 496, 505, 507, 509, 510, 511, 514, 516, 517, 523, 525, 529, 532, 533, 536, 538, 545, 546, 552, 561, 565, 568, 654, 668, 696, 790, 857, 878, 902, 919, 928, 929, 932, 934, 935]","[32, 33, 34, 35, 36, 37, 38, 39, 40, 41, 42, 43, 44, 45, 46, 47, 48, 201, 202, 203, 204, 205, 206, 207, 208, 209, 210, 211, 212, 213, 214, 215, 216, 355, 356, 357, 358, 359, 360, 361, 429, 430, 431, 432, 433, 434, 435, 515, 516, 517, 518, 519, 520, 521, 522, 523, 524, 525, 526, 527, 672, 673, 674, 675, 676, 677, 678, 679, 680, 681, 682, 683, 684, 810, 811, 812, 813, 814, 881, 882, 883, 884, 885, 886]","[34, 35, 36, 37, 38, 39, 40, 41, 42, 43, 44, 45, 46, 47, 48, 201, 202, 203, 204, 205, 206, 207, 208, 209, 210, 211, 212, 213, 214, 215, 216, 355, 356, 357, 358, 359, 360, 361, 429, 430, 431, 432, 433, 434, 435, 515, 516, 517, 518, 519, 520, 521, 522, 523, 524, 525, 526, 527, 672, 673, 674, 675, 676, 677, 678, 679, 680, 681, 682, 683, 684, 810, 811, 812, 813, 814, 881, 882, 883, 884, 885, 886]",0/6 successful match,False,,False,661,False,,1.0,True,Love's Travel Stop # 285,Love's
D Santa Rosa ( 88435 ) Love's Travel Stop 54-66-84 # 285 S ),6 575-472-1160 I-40 Exit 277 ( US 84 S ) 24,24 XL 24,Santa Rosa,88435,Love's Travel Stop 54-66-84 # 285 S ),575-472-1160,2016,Santa Rosa,NM,Love's,( US 84 S ) 24,I-40 Exit 277 ,Exit,277,False,,False,I-40,,,,,[],[],"[209, 243, 273, 275, 311, 325, 679, 707, 732, 734, 769, 783]","[36, 517]",[],"[4, 11, 18, 21, 23, 26, 27, 28, 31, 35, 36, 43, 45, 52, 55, 56, 60, 62, 64, 70, 71, 80, 90, 94, 97, 183, 197, 232, 334, 426, 455, 472, 477, 478, 480, 483, 484, 490, 496, 505, 507, 509, 510, 511, 514, 516, 517, 523, 525, 529, 532, 533, 536, 538, 545, 546, 552, 561, 565, 568, 654, 668, 696, 790, 857, 878, 902, 919, 928, 929, 932, 934, 935]","[34, 35, 36, 37, 38, 39, 40, 41, 42, 43, 44, 45, 46, 47, 48, 201, 202, 203, 204, 205, 206, 207, 208, 209, 210, 211, 212, 213, 214, 215, 216, 355, 356, 357, 358, 359, 360, 361, 429, 430, 431, 432, 433, 434, 435, 515, 516, 517, 518, 519, 520, 521, 522, 523, 524, 525, 526, 527, 672, 673, 674, 675, 676, 677, 678, 679, 680, 681, 682, 683, 684, 810, 811, 812, 813, 814, 881, 882, 883, 884, 885, 886]","[32, 33, 34, 35, 36, 37, 38, 39, 40, 41, 42, 43, 44, 45, 46, 47, 48, 201, 202, 203, 204, 205, 206, 207, 208, 209, 210, 211, 212, 213, 214, 215, 216, 355, 356, 357, 358, 359, 360, 361, 401, 402, 424, 427, 429, 430, 431, 432, 433, 434, 435, 464, 469, 515, 516, 517, 518, 519, 520, 521, 522, 523, 524, 525, 526, 527, 672, 673, 674, 675, 676, 677, 678, 679, 680, 681, 682, 683, 684, 810, 811, 812, 813, 814, 850, 851, 876, 879, 881, 882, 883, 884, 885, 886, 911, 916]","[514, 515, 4, 517, 516, 518, 519, 520, 521, 11, 523, 525, 522, 524, 526, 529, 18, 527, 532, 21, 533, 23, 536, 26, 27, 28, 538, 31, 32, 545, 546, 35, 36, 34, 37, 38, 552, 39, 40, 43, 41, 45, 42, 44, 46, 561, 47, 48, 52, 565, 55, 56, 568, 60, 62, 64, 70, 71, 80, 90, 94, 97, 654, 668, 672, 673, 674, 675, 676, 677, 678, 679, 680, 681, 682, 683, 684, 33, 183, 696, 707, 197, 201, 202, 203, 204, 205, 206, 207, 208, 209, 210, 211, 212, 213, 214, 215, 216, 732, 734, 232, 243, 769, 783, 273, 275, 790, 810, 811, 812, 813, 814, 311, 325, 334, 850, 851, 857, 355, 356, 357, 358, 359, 360, 361, 876, 878, 879, 881, 882, 883, 884, 885, 886, 902, 911, 401, 402, 916, 919, 928, 929, 932, 934, 935, 424, 426, 427, 429, 430, 431, 432, 433, 434, 435, 455, 464, 469, 472, 477, 478, 480, 483, 484, 490, 496, 505, 507, 509, 510, 511]",False,[],[],"[209, 243, 273, 275, 311, 325, 679, 707, 732, 734, 769, 783]","[36, 517]","[4, 11, 18, 21, 23, 26, 27, 28, 31, 35, 36, 43, 45, 52, 55, 56, 60, 62, 64, 70, 71, 80, 90, 94, 97, 183, 197, 232, 334, 426, 455, 472, 477, 478, 480, 483, 484, 490, 496, 505, 507, 509, 510, 511, 514, 516, 517, 523, 525, 529, 532, 533, 536, 538, 545, 546, 552, 561, 565, 568, 654, 668, 696, 790, 857, 878, 902, 919, 928, 929, 932, 934, 935]","[32, 33, 34, 35, 36, 37, 38, 39, 40, 41, 42, 43, 44, 45, 46, 47, 48, 201, 202, 203, 204, 205, 206, 207, 208, 209, 210, 211, 212, 213, 214, 215, 216, 355, 356, 357, 358, 359, 360, 361, 401, 402, 424, 427, 429, 430, 431, 432, 433, 434, 435, 464, 469, 515, 516, 517, 518, 519, 520, 521, 522, 523, 524, 525, 526, 527, 672, 673, 674, 675, 676, 677, 678, 679, 680, 681, 682, 683, 684, 810, 811, 812, 813, 814, 850, 851, 876, 879, 881, 882, 883, 884, 885, 886, 911, 916]","[34, 35, 36, 37, 38, 39, 40, 41, 42, 43, 44, 45, 46, 47, 48, 201, 202, 203, 204, 205, 206, 207, 208, 209, 210, 211, 212, 213, 214, 215, 216, 355, 356, 357, 358, 359, 360, 361, 429, 430, 431, 432, 433, 434, 435, 515, 516, 517, 518, 519, 520, 521, 522, 523, 524, 525, 526, 527, 672, 673, 674, 675, 676, 677, 678, 679, 680, 681, 682, 683, 684, 810, 811, 812, 813, 814, 881, 882, 883, 884, 885, 886]",0/6 successful match,False,,False,661,False,,0.9184615384615384,True,Love's Travel Stop # 285 S ),Love's
D Santa Rosa ( 88435 ) TA Santa Rosa # 023 ( Shell ),6 575-472-3432 I-40 Exit 277 ( US 54-66-84 S ),ZA 24 <U+25A1> XL,Santa Rosa,88435,TA Santa Rosa # 023 ( Shell ),575-472-3432,2014,Santa Rosa,NM,Shell,( US 54-66-84 S ),I-40 Exit 277 ,Exit,277,False,,False,I-40,,,,,[],[],"[209, 243, 273, 275, 311, 325, 679, 707, 732, 734, 769, 783]","[36, 517]",[],"[4, 11, 18, 21, 23, 26, 27, 28, 31, 35, 36, 43, 45, 52, 55, 56, 60, 62, 64, 70, 71, 80, 90, 94, 97, 183, 197, 232, 334, 426, 455, 472, 477, 478, 480, 483, 484, 490, 496, 505, 507, 509, 510, 511, 514, 516, 517, 523, 525, 529, 532, 533, 536, 538, 545, 546, 552, 561, 565, 568, 654, 668, 696, 790, 857, 878, 902, 919, 928, 929, 932, 934, 935]","[1, 13, 14, 29, 54, 55, 56, 57, 58, 60, 102, 118, 125, 127, 130, 134, 146, 149, 153, 175, 182, 187, 189, 191, 197, 225, 230, 238, 264, 265, 266, 286, 302, 317, 336, 379, 388, 389, 425, 454, 458, 463, 475, 487, 498, 499, 512, 530, 531, 532, 533, 534, 536, 573, 589, 596, 598, 601, 605, 617, 620, 624, 646, 653, 658, 660, 662, 668, 689, 694, 702, 724, 725, 745, 760, 775, 793, 829, 838, 839, 877, 901, 903, 905, 910, 923]","[1, 13, 14, 29, 54, 55, 56, 57, 58, 60, 102, 118, 125, 127, 130, 134, 146, 149, 153, 175, 182, 187, 189, 191, 197, 225, 230, 238, 264, 265, 266, 286, 301, 302, 317, 336, 354, 379, 383, 388, 389, 425, 454, 458, 463, 475, 476, 487, 498, 499, 512, 530, 531, 532, 533, 534, 536, 573, 589, 596, 598, 601, 605, 617, 620, 624, 646, 653, 658, 660, 662, 668, 689, 694, 702, 724, 725, 745, 760, 775, 793, 809, 829, 833, 838, 839, 877, 901, 903, 905, 910, 923, 924, 925]","[512, 1, 514, 4, 517, 516, 11, 523, 525, 13, 14, 529, 18, 530, 532, 21, 533, 23, 536, 531, 26, 27, 28, 538, 29, 31, 545, 546, 35, 36, 552, 43, 45, 561, 52, 565, 54, 55, 56, 568, 57, 58, 60, 573, 62, 64, 70, 71, 589, 80, 596, 598, 601, 90, 605, 94, 97, 102, 617, 620, 624, 118, 125, 127, 534, 130, 134, 646, 653, 654, 146, 658, 660, 149, 662, 153, 668, 679, 175, 689, 182, 183, 696, 694, 187, 189, 702, 191, 707, 197, 209, 724, 725, 732, 734, 225, 230, 232, 745, 238, 243, 760, 769, 775, 264, 265, 266, 783, 273, 275, 790, 793, 286, 809, 301, 302, 311, 317, 829, 833, 325, 838, 839, 334, 336, 857, 354, 877, 878, 379, 383, 388, 389, 902, 901, 903, 905, 910, 919, 923, 924, 925, 928, 929, 932, 934, 935, 425, 426, 454, 455, 458, 463, 472, 475, 476, 477, 478, 480, 483, 484, 487, 490, 496, 498, 499, 505, 507, 509, 510, 511]",False,[],[],"[209, 243, 273, 275, 311, 325, 679, 707, 732, 734, 769, 783]","[36, 517]","[4, 11, 18, 21, 23, 26, 27, 28, 31, 35, 36, 43, 45, 52, 55, 56, 60, 62, 64, 70, 71, 80, 90, 94, 97, 183, 197, 232, 334, 426, 455, 472, 477, 478, 480, 483, 484, 490, 496, 505, 507, 509, 510, 511, 514, 516, 517, 523, 525, 529, 532, 533, 536, 538, 545, 546, 552, 561, 565, 568, 654, 668, 696, 790, 857, 878, 902, 919, 928, 929, 932, 934, 935]","[1, 13, 14, 29, 54, 55, 56, 57, 58, 60, 102, 118, 125, 127, 130, 134, 146, 149, 153, 175, 182, 187, 189, 191, 197, 225, 230, 238, 264, 265, 266, 286, 301, 302, 317, 336, 354, 379, 383, 388, 389, 425, 454, 458, 463, 475, 476, 487, 498, 499, 512, 530, 531, 532, 533, 534, 536, 573, 589, 596, 598, 601, 605, 617, 620, 624, 646, 653, 658, 660, 662, 668, 689, 694, 702, 724, 725, 745, 760, 775, 793, 809, 829, 833, 838, 839, 877, 901, 903, 905, 910, 923, 924, 925]","[1, 13, 14, 29, 54, 55, 56, 57, 58, 60, 102, 118, 125, 127, 130, 134, 146, 149, 153, 175, 182, 187, 189, 191, 197, 225, 230, 238, 264, 265, 266, 286, 302, 317, 336, 379, 388, 389, 425, 454, 458, 463, 475, 487, 498, 499, 512, 530, 531, 532, 533, 534, 536, 573, 589, 596, 598, 601, 605, 617, 620, 624, 646, 653, 658, 660, 662, 668, 689, 694, 702, 724, 725, 745, 760, 775, 793, 829, 838, 839, 877, 901, 903, 905, 910, 923]",0/6 successful match,False,,False,662,False,,,,,
D Santa Rosa ( 88435 ) TA Santa Rosa # 023 ( Shell ) ( E Frontage ),6 575-472-3432 I-40 Exit 277 ( US 54-66-84 S ) TA,TA 24 <U+2610> XL,Santa Rosa,88435,TA Santa Rosa # 023 ( Shell ) ( E Frontage ),575-472-3432,2015,Santa Rosa,NM,Shell,( US 54-66-84 S ) TA,I-40 Exit 277 ,Exit,277,False,,False,I-40,,,,,[],[],"[209, 243, 273, 275, 311, 325, 679, 707, 732, 734, 769, 783]","[36, 517]",[],"[4, 11, 18, 21, 23, 26, 27, 28, 31, 35, 36, 43, 45, 52, 55, 56, 60, 62, 64, 70, 71, 80, 90, 94, 97, 183, 197, 232, 334, 426, 455, 472, 477, 478, 480, 483, 484, 490, 496, 505, 507, 509, 510, 511, 514, 516, 517, 523, 525, 529, 532, 533, 536, 538, 545, 546, 552, 561, 565, 568, 654, 668, 696, 790, 857, 878, 902, 919, 928, 929, 932, 934, 935]","[1, 13, 14, 29, 54, 55, 56, 57, 58, 60, 102, 118, 125, 127, 130, 134, 146, 149, 153, 175, 182, 187, 189, 191, 197, 225, 230, 238, 264, 265, 266, 286, 302, 317, 336, 379, 388, 389, 425, 454, 458, 463, 475, 487, 498, 499, 512, 530, 531, 532, 533, 534, 536, 573, 589, 596, 598, 601, 605, 617, 620, 624, 646, 653, 658, 660, 662, 668, 689, 694, 702, 724, 725, 745, 760, 775, 793, 829, 838, 839, 877, 901, 903, 905, 910, 923]","[1, 13, 14, 29, 54, 55, 56, 57, 58, 60, 102, 118, 125, 127, 130, 134, 146, 149, 153, 175, 182, 187, 189, 191, 197, 225, 230, 238, 264, 265, 266, 286, 301, 302, 317, 336, 354, 379, 383, 388, 389, 425, 454, 458, 463, 475, 476, 487, 498, 499, 512, 530, 531, 532, 533, 534, 536, 573, 589, 596, 598, 601, 605, 617, 620, 624, 646, 653, 658, 660, 662, 668, 689, 694, 702, 724, 725, 745, 760, 775, 793, 809, 829, 833, 838, 839, 877, 901, 903, 905, 910, 923, 924, 925]","[512, 1, 514, 4, 517, 516, 11, 523, 525, 13, 14, 529, 18, 530, 532, 21, 533, 23, 536, 531, 26, 27, 28, 538, 29, 31, 545, 546, 35, 36, 552, 43, 45, 561, 52, 565, 54, 55, 56, 568, 57, 58, 60, 573, 62, 64, 70, 71, 589, 80, 596, 598, 601, 90, 605, 94, 97, 102, 617, 620, 624, 118, 125, 127, 534, 130, 134, 646, 653, 654, 146, 658, 660, 149, 662, 153, 668, 679, 175, 689, 182, 183, 696, 694, 187, 189, 702, 191, 707, 197, 209, 724, 725, 732, 734, 225, 230, 232, 745, 238, 243, 760, 769, 775, 264, 265, 266, 783, 273, 275, 790, 793, 286, 809, 301, 302, 311, 317, 829, 833, 325, 838, 839, 334, 336, 857, 354, 877, 878, 379, 383, 388, 389, 902, 901, 903, 905, 910, 919, 923, 924, 925, 928, 929, 932, 934, 935, 425, 426, 454, 455, 458, 463, 472, 475, 476, 477, 478, 480, 483, 484, 487, 490, 496, 498, 499, 505, 507, 509, 510, 511]",False,[],[],"[209, 243, 273, 275, 311, 325, 679, 707, 732, 734, 769, 783]","[36, 517]","[4, 11, 18, 21, 23, 26, 27, 28, 31, 35, 36, 43, 45, 52, 55, 56, 60, 62, 64, 70, 71, 80, 90, 94, 97, 183, 197, 232, 334, 426, 455, 472, 477, 478, 480, 483, 484, 490, 496, 505, 507, 509, 510, 511, 514, 516, 517, 523, 525, 529, 532, 533, 536, 538, 545, 546, 552, 561, 565, 568, 654, 668, 696, 790, 857, 878, 902, 919, 928, 929, 932, 934, 935]","[1, 13, 14, 29, 54, 55, 56, 57, 58, 60, 102, 118, 125, 127, 130, 134, 146, 149, 153, 175, 182, 187, 189, 191, 197, 225, 230, 238, 264, 265, 266, 286, 301, 302, 317, 336, 354, 379, 383, 388, 389, 425, 454, 458, 463, 475, 476, 487, 498, 499, 512, 530, 531, 532, 533, 534, 536, 573, 589, 596, 598, 601, 605, 617, 620, 624, 646, 653, 658, 660, 662, 668, 689, 694, 702, 724, 725, 745, 760, 775, 793, 809, 829, 833, 838, 839, 877, 901, 903, 905, 910, 923, 924, 925]","[1, 13, 14, 29, 54, 55, 56, 57, 58, 60, 102, 118, 125, 127, 130, 134, 146, 149, 153, 175, 182, 187, 189, 191, 197, 225, 230, 238, 264, 265, 266, 286, 302, 317, 336, 379, 388, 389, 425, 454, 458, 463, 475, 487, 498, 499, 512, 530, 531, 532, 533, 534, 536, 573, 589, 596, 598, 601, 605, 617, 620, 624, 646, 653, 658, 660, 662, 668, 689, 694, 702, 724, 725, 745, 760, 775, 793, 829, 838, 839, 877, 901, 903, 905, 910, 923]",0/6 successful match,False,,False,662,False,,1.0,True,TA Santa Rosa # 023 ( Shell ),Shell
D Santa Rosa ( 88435 ) TA Santa Rosa # 023 ( Shell ( E Frontage ),575-472-3432 I-40 Exit 277 ( US ) A,A 24 XL,Santa Rosa,88435,TA Santa Rosa # 023 ( Shell ( E Frontage ),575-472-3432,2016,Santa Rosa,NM,Shell,( US ) A,I-40 Exit 277 ,Exit,277,False,,False,I-40,,,,,[],[],"[209, 243, 273, 275, 311, 325, 679, 707, 732, 734, 769, 783]","[36, 517]",[],"[4, 11, 18, 21, 23, 26, 27, 28, 31, 35, 36, 43, 45, 52, 55, 56, 60, 62, 64, 70, 71, 80, 90, 94, 97, 183, 197, 232, 334, 426, 455, 472, 477, 478, 480, 483, 484, 490, 496, 505, 507, 509, 510, 511, 514, 516, 517, 523, 525, 529, 532, 533, 536, 538, 545, 546, 552, 561, 565, 568, 654, 668, 696, 790, 857, 878, 902, 919, 928, 929, 932, 934, 935]","[1, 13, 14, 29, 54, 55, 56, 57, 58, 60, 102, 118, 125, 127, 130, 134, 146, 149, 153, 175, 182, 187, 189, 191, 197, 225, 230, 238, 264, 265, 266, 286, 302, 317, 336, 379, 388, 389, 425, 454, 458, 463, 475, 487, 498, 499, 512, 530, 531, 532, 533, 534, 536, 573, 589, 596, 598, 601, 605, 617, 620, 624, 646, 653, 658, 660, 662, 668, 689, 694, 702, 724, 725, 745, 760, 775, 793, 829, 838, 839, 877, 901, 903, 905, 910, 923]","[1, 13, 14, 29, 54, 55, 56, 57, 58, 60, 102, 118, 125, 127, 130, 134, 146, 149, 153, 175, 182, 187, 189, 191, 197, 225, 230, 238, 264, 265, 266, 286, 301, 302, 317, 336, 354, 379, 383, 388, 389, 425, 454, 458, 463, 475, 476, 487, 498, 499, 512, 530, 531, 532, 533, 534, 536, 573, 589, 596, 598, 601, 605, 617, 620, 624, 646, 653, 658, 660, 662, 668, 689, 694, 702, 724, 725, 745, 760, 775, 793, 809, 829, 833, 838, 839, 877, 901, 903, 905, 910, 923, 924, 925]","[512, 1, 514, 4, 517, 516, 11, 523, 525, 13, 14, 529, 18, 530, 532, 21, 533, 23, 536, 531, 26, 27, 28, 538, 29, 31, 545, 546, 35, 36, 552, 43, 45, 561, 52, 565, 54, 55, 56, 568, 57, 58, 60, 573, 62, 64, 70, 71, 589, 80, 596, 598, 601, 90, 605, 94, 97, 102, 617, 620, 624, 118, 125, 127, 534, 130, 134, 646, 653, 654, 146, 658, 660, 149, 662, 153, 668, 679, 175, 689, 182, 183, 696, 694, 187, 189, 702, 191, 707, 197, 209, 724, 725, 732, 734, 225, 230, 232, 745, 238, 243, 760, 769, 775, 264, 265, 266, 783, 273, 275, 790, 793, 286, 809, 301, 302, 311, 317, 829, 833, 325, 838, 839, 334, 336, 857, 354, 877, 878, 379, 383, 388, 389, 902, 901, 903, 905, 910, 919, 923, 924, 925, 928, 929, 932, 934, 935, 425, 426, 454, 455, 458, 463, 472, 475, 476, 477, 478, 480, 483, 484, 487, 490, 496, 498, 499, 505, 507, 509, 510, 511]",False,[],[],"[209, 243, 273, 275, 311, 325, 679, 707, 732, 734, 769, 783]","[36, 517]","[4, 11, 18, 21, 23, 26, 27, 28, 31, 35, 36, 43, 45, 52, 55, 56, 60, 62, 64, 70, 71, 80, 90, 94, 97, 183, 197, 232, 334, 426, 455, 472, 477, 478, 480, 483, 484, 490, 496, 505, 507, 509, 510, 511, 514, 516, 517, 523, 525, 529, 532, 533, 536, 538, 545, 546, 552, 561, 565, 568, 654, 668, 696, 790, 857, 878, 902, 919, 928, 929, 932, 934, 935]","[1, 13, 14, 29, 54, 55, 56, 57, 58, 60, 102, 118, 125, 127, 130, 134, 146, 149, 153, 175, 182, 187, 189, 191, 197, 225, 230, 238, 264, 265, 266, 286, 301, 302, 317, 336, 354, 379, 383, 388, 389, 425, 454, 458, 463, 475, 476, 487, 498, 499, 512, 530, 531, 532, 533, 534, 536, 573, 589, 596, 598, 601, 605, 617, 620, 624, 646, 653, 658, 660, 662, 668, 689, 694, 702, 724, 725, 745, 760, 775, 793, 809, 829, 833, 838, 839, 877, 901, 903, 905, 910, 923, 924, 925]","[1, 13, 14, 29, 54, 55, 56, 57, 58, 60, 102, 118, 125, 127, 130, 134, 146, 149, 153, 175, 182, 187, 189, 191, 197, 225, 230, 238, 264, 265, 266, 286, 302, 317, 336, 379, 388, 389, 425, 454, 458, 463, 475, 487, 498, 499, 512, 530, 531, 532, 533, 534, 536, 573, 589, 596, 598, 601, 605, 617, 620, 624, 646, 653, 658, 660, 662, 668, 689, 694, 702, 724, 725, 745, 760, 775, 793, 829, 838, 839, 877, 901, 903, 905, 910, 923]",0/6 successful match,False,,False,662,False,,1.0,True,TA Santa Rosa # 023 ( Shell ) ( E Frontage ),Shell
"Alamo , 89001 Alamo Truck Stop",775-725-3337 US 93 N ( MM 39 ),24 HRS,Alamo,89001,Alamo Truck Stop,775-725-3337,2006,Alamo,NV,,( MM 39 ),US 93 N,empty,,False,,False,US 93,,,,,[],"[338, 794]","[338, 794]",[],"[338, 339, 340, 341, 342, 343, 344, 345, 346, 347, 348, 349, 350, 351, 352, 353, 354, 355, 356, 357, 358, 359, 360, 361, 362, 363, 364, 365, 366, 367, 368, 369, 370, 371, 372, 373, 374, 375, 376, 377, 378, 379, 380, 381, 382, 383, 384, 385, 386, 387, 388, 389, 390, 391, 392, 393, 394, 395, 396, 397, 794, 795, 796, 797, 798, 799, 800, 801, 802, 803, 804, 805, 806, 807, 808, 809, 810, 811, 812, 813, 814, 815, 816, 817, 818, 819, 820, 821, 822, 823, 824, 825, 826, 827, 828, 829, 830, 831, 832, 833, 834, 835, 836, 837, 838, 839, 840, 841, 842, 843, 844, 845, 846, 847]","[2, 30, 58, 98, 338, 344, 357, 358, 361, 379, 380, 488, 513, 531, 569, 794, 800, 812, 813, 829, 830]",[],"[338, 794]","[513, 2, 531, 30, 569, 58, 98, 794, 795, 796, 797, 798, 799, 800, 801, 802, 803, 804, 805, 806, 807, 808, 809, 810, 811, 812, 813, 814, 815, 816, 817, 818, 819, 820, 821, 822, 823, 824, 825, 826, 827, 828, 829, 830, 831, 832, 833, 834, 835, 836, 837, 838, 839, 840, 841, 842, 843, 844, 845, 846, 847, 338, 339, 340, 341, 342, 343, 344, 345, 346, 347, 348, 349, 350, 351, 352, 353, 354, 355, 356, 357, 358, 359, 360, 361, 362, 363, 364, 365, 366, 367, 368, 369, 370, 371, 372, 373, 374, 375, 376, 377, 378, 379, 380, 381, 382, 383, 384, 385, 386, 387, 388, 389, 390, 391, 392, 393, 394, 395, 396, 397, 488]",False,"[338, 794]","[338, 339, 340, 341, 342, 343, 344, 345, 346, 347, 348, 349, 350, 351, 352, 353, 354, 355, 356, 357, 358, 359, 360, 361, 362, 363, 364, 365, 366, 367, 368, 369, 370, 371, 372, 373, 374, 375, 376, 377, 378, 379, 380, 381, 382, 383, 384, 385, 386, 387, 388, 389, 390, 391, 392, 393, 394, 395, 396, 397, 794, 795, 796, 797, 798, 799, 800, 801, 802, 803, 804, 805, 806, 807, 808, 809, 810, 811, 812, 813, 814, 815, 816, 817, 818, 819, 820, 821, 822, 823, 824, 825, 826, 827, 828, 829, 830, 831, 832, 833, 834, 835, 836, 837, 838, 839, 840, 841, 842, 843, 844, 845, 846, 847]","[338, 794]",[],"[2, 30, 58, 98, 338, 344, 357, 358, 361, 379, 380, 488, 513, 531, 569, 794, 800, 812, 813, 829, 830]","[338, 794]",[],7/6 successful match,False,,False,663,False,,,,,
"Alamo , 89001 Alamo Truck Stop",775-725-3337 US 93 N ( MM 39 ),24 HRS S,Alamo,89001,Alamo Truck Stop,775-725-3337,2007,Alamo,NV,,( MM 39 ),US 93 N,empty,,False,,False,US 93,,,,,[],"[338, 794]","[338, 794]",[],"[338, 339, 340, 341, 342, 343, 344, 345, 346, 347, 348, 349, 350, 351, 352, 353, 354, 355, 356, 357, 358, 359, 360, 361, 362, 363, 364, 365, 366, 367, 368, 369, 370, 371, 372, 373, 374, 375, 376, 377, 378, 379, 380, 381, 382, 383, 384, 385, 386, 387, 388, 389, 390, 391, 392, 393, 394, 395, 396, 397, 794, 795, 796, 797, 798, 799, 800, 801, 802, 803, 804, 805, 806, 807, 808, 809, 810, 811, 812, 813, 814, 815, 816, 817, 818, 819, 820, 821, 822, 823, 824, 825, 826, 827, 828, 829, 830, 831, 832, 833, 834, 835, 836, 837, 838, 839, 840, 841, 842, 843, 844, 845, 846, 847]","[2, 30, 58, 98, 338, 344, 357, 358, 361, 379, 380, 488, 513, 531, 569, 794, 800, 812, 813, 829, 830]",[],"[338, 794]","[513, 2, 531, 30, 569, 58, 98, 794, 795, 796, 797, 798, 799, 800, 801, 802, 803, 804, 805, 806, 807, 808, 809, 810, 811, 812, 813, 814, 815, 816, 817, 818, 819, 820, 821, 822, 823, 824, 825, 826, 827, 828, 829, 830, 831, 832, 833, 834, 835, 836, 837, 838, 839, 840, 841, 842, 843, 844, 845, 846, 847, 338, 339, 340, 341, 342, 343, 344, 345, 346, 347, 348, 349, 350, 351, 352, 353, 354, 355, 356, 357, 358, 359, 360, 361, 362, 363, 364, 365, 366, 367, 368, 369, 370, 371, 372, 373, 374, 375, 376, 377, 378, 379, 380, 381, 382, 383, 384, 385, 386, 387, 388, 389, 390, 391, 392, 393, 394, 395, 396, 397, 488]",False,"[338, 794]","[338, 339, 340, 341, 342, 343, 344, 345, 346, 347, 348, 349, 350, 351, 352, 353, 354, 355, 356, 357, 358, 359, 360, 361, 362, 363, 364, 365, 366, 367, 368, 369, 370, 371, 372, 373, 374, 375, 376, 377, 378, 379, 380, 381, 382, 383, 384, 385, 386, 387, 388, 389, 390, 391, 392, 393, 394, 395, 396, 397, 794, 795, 796, 797, 798, 799, 800, 801, 802, 803, 804, 805, 806, 807, 808, 809, 810, 811, 812, 813, 814, 815, 816, 817, 818, 819, 820, 821, 822, 823, 824, 825, 826, 827, 828, 829, 830, 831, 832, 833, 834, 835, 836, 837, 838, 839, 840, 841, 842, 843, 844, 845, 846, 847]","[338, 794]",[],"[2, 30, 58, 98, 338, 344, 357, 358, 361, 379, 380, 488, 513, 531, 569, 794, 800, 812, 813, 829, 830]","[338, 794]",[],7/6 successful match,False,,False,663,False,,0.8999999999999999,True,Alamo Truck Stop,
"Alamo , 89001 Alamo Truck ( MM 38.5 Stop ) & Broadway",775-725-3337 US 93 N ( MM,24 S <U+2610>,Alamo,89001,Alamo Truck ( MM 38.5 Stop ) & Broadway,775-725-3337,2008,Alamo,NV,,( MM,US 93 N,empty,,False,,False,US 93,,,,,[],"[338, 794]","[338, 794]",[],"[338, 339, 340, 341, 342, 343, 344, 345, 346, 347, 348, 349, 350, 351, 352, 353, 354, 355, 356, 357, 358, 359, 360, 361, 362, 363, 364, 365, 366, 367, 368, 369, 370, 371, 372, 373, 374, 375, 376, 377, 378, 379, 380, 381, 382, 383, 384, 385, 386, 387, 388, 389, 390, 391, 392, 393, 394, 395, 396, 397, 794, 795, 796, 797, 798, 799, 800, 801, 802, 803, 804, 805, 806, 807, 808, 809, 810, 811, 812, 813, 814, 815, 816, 817, 818, 819, 820, 821, 822, 823, 824, 825, 826, 827, 828, 829, 830, 831, 832, 833, 834, 835, 836, 837, 838, 839, 840, 841, 842, 843, 844, 845, 846, 847]","[2, 30, 58, 98, 338, 344, 357, 358, 361, 379, 380, 488, 513, 531, 569, 794, 800, 812, 813, 829, 830]",[],"[132, 286, 338, 603, 745, 794]","[513, 2, 531, 30, 569, 58, 603, 98, 132, 745, 794, 795, 796, 797, 798, 799, 800, 801, 802, 803, 804, 805, 806, 807, 808, 809, 810, 811, 812, 813, 814, 815, 816, 817, 818, 819, 820, 821, 822, 823, 824, 825, 826, 827, 828, 829, 830, 831, 832, 833, 834, 835, 836, 837, 838, 839, 840, 841, 842, 843, 844, 845, 846, 847, 338, 339, 340, 341, 342, 343, 344, 345, 346, 347, 348, 349, 350, 351, 352, 353, 354, 355, 356, 357, 358, 359, 360, 361, 362, 363, 364, 365, 366, 367, 368, 369, 370, 371, 372, 373, 374, 375, 376, 377, 378, 379, 380, 381, 382, 383, 384, 385, 386, 387, 388, 389, 390, 391, 392, 393, 394, 395, 396, 397, 286, 488]",False,"[338, 794]","[338, 339, 340, 341, 342, 343, 344, 345, 346, 347, 348, 349, 350, 351, 352, 353, 354, 355, 356, 357, 358, 359, 360, 361, 362, 363, 364, 365, 366, 367, 368, 369, 370, 371, 372, 373, 374, 375, 376, 377, 378, 379, 380, 381, 382, 383, 384, 385, 386, 387, 388, 389, 390, 391, 392, 393, 394, 395, 396, 397, 794, 795, 796, 797, 798, 799, 800, 801, 802, 803, 804, 805, 806, 807, 808, 809, 810, 811, 812, 813, 814, 815, 816, 817, 818, 819, 820, 821, 822, 823, 824, 825, 826, 827, 828, 829, 830, 831, 832, 833, 834, 835, 836, 837, 838, 839, 840, 841, 842, 843, 844, 845, 846, 847]","[338, 794]",[],"[2, 30, 58, 98, 338, 344, 357, 358, 361, 379, 380, 488, 513, 531, 569, 794, 800, 812, 813, 829, 830]","[132, 286, 338, 603, 745, 794]",[],7/6 successful match,False,,False,663,False,,0.5078787878787878,True,Alamo Truck Stop,
"Henderson , 89002 Paradise Shell",702-558-9044 I-515 Exit 56 /,S ) <U+2610> <U+2610>,Henderson,89002,Paradise Shell,702-558-9044,2008,Henderson,NV,Shell,,I-515 Exit 56 /,Exit,56,False,,False,I-515,,,,,[],"[380, 830]","[380, 830]","[149, 432, 466, 469, 476, 620, 884, 913, 916, 925]","[338, 339, 340, 341, 342, 343, 344, 345, 346, 347, 348, 349, 350, 351, 352, 353, 354, 355, 356, 357, 358, 359, 360, 361, 362, 363, 364, 365, 366, 367, 368, 369, 370, 371, 372, 373, 374, 375, 376, 377, 378, 379, 380, 381, 382, 383, 384, 385, 386, 387, 388, 389, 390, 391, 392, 393, 394, 395, 396, 397, 794, 795, 796, 797, 798, 799, 800, 801, 802, 803, 804, 805, 806, 807, 808, 809, 810, 811, 812, 813, 814, 815, 816, 817, 818, 819, 820, 821, 822, 823, 824, 825, 826, 827, 828, 829, 830, 831, 832, 833, 834, 835, 836, 837, 838, 839, 840, 841, 842, 843, 844, 845, 846, 847]",[],"[1, 13, 14, 29, 54, 55, 56, 57, 58, 60, 102, 118, 125, 127, 130, 134, 146, 149, 153, 175, 182, 187, 189, 191, 197, 225, 230, 238, 264, 265, 266, 286, 302, 317, 336, 379, 388, 389, 425, 454, 458, 463, 475, 487, 498, 499, 512, 530, 531, 532, 533, 534, 536, 573, 589, 596, 598, 601, 605, 617, 620, 624, 646, 653, 658, 660, 662, 668, 689, 694, 702, 724, 725, 745, 760, 775, 793, 829, 838, 839, 877, 901, 903, 905, 910, 923]","[1, 13, 14, 29, 54, 55, 56, 57, 58, 60, 102, 118, 125, 127, 130, 134, 146, 149, 153, 175, 182, 187, 189, 191, 197, 225, 230, 238, 264, 265, 266, 286, 302, 317, 336, 354, 379, 388, 389, 425, 454, 458, 463, 475, 487, 498, 499, 512, 530, 531, 532, 533, 534, 536, 573, 589, 596, 598, 601, 605, 617, 620, 624, 646, 653, 658, 660, 662, 668, 689, 694, 702, 724, 725, 745, 760, 775, 793, 809, 829, 838, 839, 877, 901, 903, 905, 910, 923]","[512, 1, 13, 14, 530, 531, 532, 533, 534, 536, 29, 877, 54, 55, 56, 57, 58, 317, 60, 573, 589, 596, 598, 601, 605, 102, 617, 620, 624, 118, 125, 127, 130, 134, 646, 653, 146, 658, 660, 149, 662, 153, 668, 175, 689, 182, 694, 187, 189, 702, 191, 197, 724, 725, 225, 230, 745, 238, 760, 775, 264, 265, 266, 793, 794, 795, 796, 797, 798, 799, 800, 801, 802, 803, 804, 805, 806, 807, 808, 809, 810, 811, 812, 813, 814, 815, 816, 817, 818, 819, 820, 821, 822, 823, 824, 825, 826, 827, 828, 829, 830, 831, 832, 833, 834, 835, 836, 837, 838, 839, 840, 841, 842, 843, 844, 845, 846, 847, 336, 338, 339, 340, 341, 342, 343, 344, 345, 346, 347, 348, 349, 350, 351, 352, 353, 354, 355, 356, 357, 358, 359, 360, 361, 362, 363, 364, 365, 366, 367, 368, 369, 370, 371, 884, 372, 373, 375, 374, 377, 378, 379, 380, 381, 376, 382, 384, 385, 386, 387, 388, 389, 390, 391, 392, 393, 394, 395, 396, 397, 383, 903, 905, 913, 910, 916, 923, 925, 286, 425, 432, 901, 454, 458, 463, 466, 469, 475, 476, 487, 302, 498, 499]",False,"[380, 830]","[338, 339, 340, 341, 342, 343, 344, 345, 346, 347, 348, 349, 350, 351, 352, 353, 354, 355, 356, 357, 358, 359, 360, 361, 362, 363, 364, 365, 366, 367, 368, 369, 370, 371, 372, 373, 374, 375, 376, 377, 378, 379, 380, 381, 382, 383, 384, 385, 386, 387, 388, 389, 390, 391, 392, 393, 394, 395, 396, 397, 794, 795, 796, 797, 798, 799, 800, 801, 802, 803, 804, 805, 806, 807, 808, 809, 810, 811, 812, 813, 814, 815, 816, 817, 818, 819, 820, 821, 822, 823, 824, 825, 826, 827, 828, 829, 830, 831, 832, 833, 834, 835, 836, 837, 838, 839, 840, 841, 842, 843, 844, 845, 846, 847]","[380, 830]","[149, 432, 466, 469, 476, 620, 884, 913, 916, 925]",[],"[1, 13, 14, 29, 54, 55, 56, 57, 58, 60, 102, 118, 125, 127, 130, 134, 146, 149, 153, 175, 182, 187, 189, 191, 197, 225, 230, 238, 264, 265, 266, 286, 302, 317, 336, 354, 379, 388, 389, 425, 454, 458, 463, 475, 487, 498, 499, 512, 530, 531, 532, 533, 534, 536, 573, 589, 596, 598, 601, 605, 617, 620, 624, 646, 653, 658, 660, 662, 668, 689, 694, 702, 724, 725, 745, 760, 775, 793, 809, 829, 838, 839, 877, 901, 903, 905, 910, 923]","[1, 13, 14, 29, 54, 55, 56, 57, 58, 60, 102, 118, 125, 127, 130, 134, 146, 149, 153, 175, 182, 187, 189, 191, 197, 225, 230, 238, 264, 265, 266, 286, 302, 317, 336, 379, 388, 389, 425, 454, 458, 463, 475, 487, 498, 499, 512, 530, 531, 532, 533, 534, 536, 573, 589, 596, 598, 601, 605, 617, 620, 624, 646, 653, 658, 660, 662, 668, 689, 694, 702, 724, 725, 745, 760, 775, 793, 829, 838, 839, 877, 901, 903, 905, 910, 923]",5/6 successful match,False,[22],True,664,False,,,,,
"Henderson , 89015 Paradise Shell",6 702-558-9044 I-515 Exit 56,<U+25A1> <U+25A1>,Henderson,89015,Paradise Shell,702-558-9044,2006,Henderson,NV,Shell,,I-515 Exit 56,Exit,56,False,,False,I-515,,,,,[],[],"[380, 830]","[149, 432, 466, 469, 476, 620, 884, 913, 916, 925]","[338, 339, 340, 341, 342, 343, 344, 345, 346, 347, 348, 349, 350, 351, 352, 353, 354, 355, 356, 357, 358, 359, 360, 361, 362, 363, 364, 365, 366, 367, 368, 369, 370, 371, 372, 373, 374, 375, 376, 377, 378, 379, 380, 381, 382, 383, 384, 385, 386, 387, 388, 389, 390, 391, 392, 393, 394, 395, 396, 397, 794, 795, 796, 797, 798, 799, 800, 801, 802, 803, 804, 805, 806, 807, 808, 809, 810, 811, 812, 813, 814, 815, 816, 817, 818, 819, 820, 821, 822, 823, 824, 825, 826, 827, 828, 829, 830, 831, 832, 833, 834, 835, 836, 837, 838, 839, 840, 841, 842, 843, 844, 845, 846, 847]",[],"[1, 13, 14, 29, 54, 55, 56, 57, 58, 60, 102, 118, 125, 127, 130, 134, 146, 149, 153, 175, 182, 187, 189, 191, 197, 225, 230, 238, 264, 265, 266, 286, 302, 317, 336, 379, 388, 389, 425, 454, 458, 463, 475, 487, 498, 499, 512, 530, 531, 532, 533, 534, 536, 573, 589, 596, 598, 601, 605, 617, 620, 624, 646, 653, 658, 660, 662, 668, 689, 694, 702, 724, 725, 745, 760, 775, 793, 829, 838, 839, 877, 901, 903, 905, 910, 923]","[1, 13, 14, 29, 54, 55, 56, 57, 58, 60, 102, 118, 125, 127, 130, 134, 146, 149, 153, 175, 182, 187, 189, 191, 197, 225, 230, 238, 264, 265, 266, 286, 302, 317, 336, 354, 379, 388, 389, 425, 454, 458, 463, 475, 487, 498, 499, 512, 530, 531, 532, 533, 534, 536, 573, 589, 596, 598, 601, 605, 617, 620, 624, 646, 653, 658, 660, 662, 668, 689, 694, 702, 724, 725, 745, 760, 775, 793, 809, 829, 838, 839, 877, 901, 903, 905, 910, 923]","[512, 1, 13, 14, 530, 531, 532, 533, 534, 536, 29, 877, 54, 55, 56, 57, 58, 317, 60, 573, 589, 596, 598, 601, 605, 102, 617, 620, 624, 118, 125, 127, 130, 134, 646, 653, 146, 658, 660, 149, 662, 153, 668, 175, 689, 182, 694, 187, 189, 702, 191, 197, 724, 725, 225, 230, 745, 238, 760, 775, 264, 265, 266, 793, 794, 795, 796, 797, 798, 799, 800, 801, 802, 803, 804, 805, 806, 807, 808, 809, 810, 811, 812, 813, 814, 815, 816, 817, 818, 819, 820, 821, 822, 823, 824, 825, 826, 827, 828, 829, 830, 831, 832, 833, 834, 835, 836, 837, 838, 839, 840, 841, 842, 843, 844, 845, 846, 847, 336, 338, 339, 340, 341, 342, 343, 344, 345, 346, 347, 348, 349, 350, 351, 352, 353, 354, 355, 356, 357, 358, 359, 360, 361, 362, 363, 364, 365, 366, 367, 368, 369, 370, 371, 884, 372, 373, 375, 374, 377, 378, 379, 380, 381, 376, 382, 384, 385, 386, 387, 388, 389, 390, 391, 392, 393, 394, 395, 396, 397, 383, 903, 905, 913, 910, 916, 923, 925, 286, 425, 432, 901, 454, 458, 463, 466, 469, 475, 476, 487, 302, 498, 499]",False,[],"[338, 339, 340, 341, 342, 343, 344, 345, 346, 347, 348, 349, 350, 351, 352, 353, 354, 355, 356, 357, 358, 359, 360, 361, 362, 363, 364, 365, 366, 367, 368, 369, 370, 371, 372, 373, 374, 375, 376, 377, 378, 379, 380, 381, 382, 383, 384, 385, 386, 387, 388, 389, 390, 391, 392, 393, 394, 395, 396, 397, 794, 795, 796, 797, 798, 799, 800, 801, 802, 803, 804, 805, 806, 807, 808, 809, 810, 811, 812, 813, 814, 815, 816, 817, 818, 819, 820, 821, 822, 823, 824, 825, 826, 827, 828, 829, 830, 831, 832, 833, 834, 835, 836, 837, 838, 839, 840, 841, 842, 843, 844, 845, 846, 847]","[380, 830]","[149, 432, 466, 469, 476, 620, 884, 913, 916, 925]",[],"[1, 13, 14, 29, 54, 55, 56, 57, 58, 60, 102, 118, 125, 127, 130, 134, 146, 149, 153, 175, 182, 187, 189, 191, 197, 225, 230, 238, 264, 265, 266, 286, 302, 317, 336, 354, 379, 388, 389, 425, 454, 458, 463, 475, 487, 498, 499, 512, 530, 531, 532, 533, 534, 536, 573, 589, 596, 598, 601, 605, 617, 620, 624, 646, 653, 658, 660, 662, 668, 689, 694, 702, 724, 725, 745, 760, 775, 793, 809, 829, 838, 839, 877, 901, 903, 905, 910, 923]","[1, 13, 14, 29, 54, 55, 56, 57, 58, 60, 102, 118, 125, 127, 130, 134, 146, 149, 153, 175, 182, 187, 189, 191, 197, 225, 230, 238, 264, 265, 266, 286, 302, 317, 336, 379, 388, 389, 425, 454, 458, 463, 475, 487, 498, 499, 512, 530, 531, 532, 533, 534, 536, 573, 589, 596, 598, 601, 605, 617, 620, 624, 646, 653, 658, 660, 662, 668, 689, 694, 702, 724, 725, 745, 760, 775, 793, 829, 838, 839, 877, 901, 903, 905, 910, 923]",5/6 successful match,False,[22],True,665,False,,,,,
"Henderson , 89015 Paradise Shell",6 702-558-9044 I-515 Exit 56,,Henderson,89015,Paradise Shell,702-558-9044,2007,Henderson,NV,Shell,,I-515 Exit 56,Exit,56,False,,False,I-515,,,,,[],[],"[380, 830]","[149, 432, 466, 469, 476, 620, 884, 913, 916, 925]","[338, 339, 340, 341, 342, 343, 344, 345, 346, 347, 348, 349, 350, 351, 352, 353, 354, 355, 356, 357, 358, 359, 360, 361, 362, 363, 364, 365, 366, 367, 368, 369, 370, 371, 372, 373, 374, 375, 376, 377, 378, 379, 380, 381, 382, 383, 384, 385, 386, 387, 388, 389, 390, 391, 392, 393, 394, 395, 396, 397, 794, 795, 796, 797, 798, 799, 800, 801, 802, 803, 804, 805, 806, 807, 808, 809, 810, 811, 812, 813, 814, 815, 816, 817, 818, 819, 820, 821, 822, 823, 824, 825, 826, 827, 828, 829, 830, 831, 832, 833, 834, 835, 836, 837, 838, 839, 840, 841, 842, 843, 844, 845, 846, 847]",[],"[1, 13, 14, 29, 54, 55, 56, 57, 58, 60, 102, 118, 125, 127, 130, 134, 146, 149, 153, 175, 182, 187, 189, 191, 197, 225, 230, 238, 264, 265, 266, 286, 302, 317, 336, 379, 388, 389, 425, 454, 458, 463, 475, 487, 498, 499, 512, 530, 531, 532, 533, 534, 536, 573, 589, 596, 598, 601, 605, 617, 620, 624, 646, 653, 658, 660, 662, 668, 689, 694, 702, 724, 725, 745, 760, 775, 793, 829, 838, 839, 877, 901, 903, 905, 910, 923]","[1, 13, 14, 29, 54, 55, 56, 57, 58, 60, 102, 118, 125, 127, 130, 134, 146, 149, 153, 175, 182, 187, 189, 191, 197, 225, 230, 238, 264, 265, 266, 286, 302, 317, 336, 354, 379, 388, 389, 425, 454, 458, 463, 475, 487, 498, 499, 512, 530, 531, 532, 533, 534, 536, 573, 589, 596, 598, 601, 605, 617, 620, 624, 646, 653, 658, 660, 662, 668, 689, 694, 702, 724, 725, 745, 760, 775, 793, 809, 829, 838, 839, 877, 901, 903, 905, 910, 923]","[512, 1, 13, 14, 530, 531, 532, 533, 534, 536, 29, 877, 54, 55, 56, 57, 58, 317, 60, 573, 589, 596, 598, 601, 605, 102, 617, 620, 624, 118, 125, 127, 130, 134, 646, 653, 146, 658, 660, 149, 662, 153, 668, 175, 689, 182, 694, 187, 189, 702, 191, 197, 724, 725, 225, 230, 745, 238, 760, 775, 264, 265, 266, 793, 794, 795, 796, 797, 798, 799, 800, 801, 802, 803, 804, 805, 806, 807, 808, 809, 810, 811, 812, 813, 814, 815, 816, 817, 818, 819, 820, 821, 822, 823, 824, 825, 826, 827, 828, 829, 830, 831, 832, 833, 834, 835, 836, 837, 838, 839, 840, 841, 842, 843, 844, 845, 846, 847, 336, 338, 339, 340, 341, 342, 343, 344, 345, 346, 347, 348, 349, 350, 351, 352, 353, 354, 355, 356, 357, 358, 359, 360, 361, 362, 363, 364, 365, 366, 367, 368, 369, 370, 371, 884, 372, 373, 375, 374, 377, 378, 379, 380, 381, 376, 382, 384, 385, 386, 387, 388, 389, 390, 391, 392, 393, 394, 395, 396, 397, 383, 903, 905, 913, 910, 916, 923, 925, 286, 425, 432, 901, 454, 458, 463, 466, 469, 475, 476, 487, 302, 498, 499]",False,[],"[338, 339, 340, 341, 342, 343, 344, 345, 346, 347, 348, 349, 350, 351, 352, 353, 354, 355, 356, 357, 358, 359, 360, 361, 362, 363, 364, 365, 366, 367, 368, 369, 370, 371, 372, 373, 374, 375, 376, 377, 378, 379, 380, 381, 382, 383, 384, 385, 386, 387, 388, 389, 390, 391, 392, 393, 394, 395, 396, 397, 794, 795, 796, 797, 798, 799, 800, 801, 802, 803, 804, 805, 806, 807, 808, 809, 810, 811, 812, 813, 814, 815, 816, 817, 818, 819, 820, 821, 822, 823, 824, 825, 826, 827, 828, 829, 830, 831, 832, 833, 834, 835, 836, 837, 838, 839, 840, 841, 842, 843, 844, 845, 846, 847]","[380, 830]","[149, 432, 466, 469, 476, 620, 884, 913, 916, 925]",[],"[1, 13, 14, 29, 54, 55, 56, 57, 58, 60, 102, 118, 125, 127, 130, 134, 146, 149, 153, 175, 182, 187, 189, 191, 197, 225, 230, 238, 264, 265, 266, 286, 302, 317, 336, 354, 379, 388, 389, 425, 454, 458, 463, 475, 487, 498, 499, 512, 530, 531, 532, 533, 534, 536, 573, 589, 596, 598, 601, 605, 617, 620, 624, 646, 653, 658, 660, 662, 668, 689, 694, 702, 724, 725, 745, 760, 775, 793, 809, 829, 838, 839, 877, 901, 903, 905, 910, 923]","[1, 13, 14, 29, 54, 55, 56, 57, 58, 60, 102, 118, 125, 127, 130, 134, 146, 149, 153, 175, 182, 187, 189, 191, 197, 225, 230, 238, 264, 265, 266, 286, 302, 317, 336, 379, 388, 389, 425, 454, 458, 463, 475, 487, 498, 499, 512, 530, 531, 532, 533, 534, 536, 573, 589, 596, 598, 601, 605, 617, 620, 624, 646, 653, 658, 660, 662, 668, 689, 694, 702, 724, 725, 745, 760, 775, 793, 829, 838, 839, 877, 901, 903, 905, 910, 923]",5/6 successful match,False,[22],True,665,False,,1.0,True,Paradise Shell,Shell
,"HAmargosa 5775-372-1177 Valley , 89020 US Fort 95 Amargosa ( MM 30 ) ( & Exxon NV 373 )",HRS 24 49 M,,89020,,775-372-1177,2006,Amargosa Valley,NV,,( MM 30 ) ( & Exxon NV 373 ),"Valley, US Fort 95 Amargosa",empty,,False,,False,Valley US,,,,,[],"[339, 795]","[298, 339, 428, 757, 795, 880]",[],"[338, 339, 340, 341, 342, 343, 344, 345, 346, 347, 348, 349, 350, 351, 352, 353, 354, 355, 356, 357, 358, 359, 360, 361, 362, 363, 364, 365, 366, 367, 368, 369, 370, 371, 372, 373, 374, 375, 376, 377, 378, 379, 380, 381, 382, 383, 384, 385, 386, 387, 388, 389, 390, 391, 392, 393, 394, 395, 396, 397, 794, 795, 796, 797, 798, 799, 800, 801, 802, 803, 804, 805, 806, 807, 808, 809, 810, 811, 812, 813, 814, 815, 816, 817, 818, 819, 820, 821, 822, 823, 824, 825, 826, 827, 828, 829, 830, 831, 832, 833, 834, 835, 836, 837, 838, 839, 840, 841, 842, 843, 844, 845, 846, 847]","[115, 169, 170, 186, 322, 366, 586, 640, 641, 657, 780, 817]",[],[],"[586, 322, 115, 640, 641, 657, 169, 170, 186, 757, 780, 794, 795, 796, 797, 798, 799, 800, 801, 802, 803, 804, 805, 806, 807, 808, 809, 298, 810, 811, 812, 813, 814, 815, 816, 817, 818, 819, 820, 821, 822, 823, 824, 825, 826, 827, 828, 829, 830, 831, 832, 833, 834, 835, 836, 837, 838, 839, 840, 841, 842, 843, 844, 845, 846, 847, 338, 339, 340, 341, 342, 343, 344, 345, 346, 347, 348, 349, 350, 351, 352, 353, 354, 355, 356, 357, 358, 359, 360, 361, 362, 363, 364, 365, 366, 367, 880, 368, 369, 370, 371, 372, 373, 375, 374, 377, 376, 378, 379, 380, 381, 382, 384, 385, 386, 387, 388, 389, 390, 391, 392, 393, 394, 395, 396, 397, 383, 428]",False,"[339, 795]","[338, 339, 340, 341, 342, 343, 344, 345, 346, 347, 348, 349, 350, 351, 352, 353, 354, 355, 356, 357, 358, 359, 360, 361, 362, 363, 364, 365, 366, 367, 368, 369, 370, 371, 372, 373, 374, 375, 376, 377, 378, 379, 380, 381, 382, 383, 384, 385, 386, 387, 388, 389, 390, 391, 392, 393, 394, 395, 396, 397, 794, 795, 796, 797, 798, 799, 800, 801, 802, 803, 804, 805, 806, 807, 808, 809, 810, 811, 812, 813, 814, 815, 816, 817, 818, 819, 820, 821, 822, 823, 824, 825, 826, 827, 828, 829, 830, 831, 832, 833, 834, 835, 836, 837, 838, 839, 840, 841, 842, 843, 844, 845, 846, 847]","[298, 339, 428, 757, 795, 880]",[],"[115, 169, 170, 186, 322, 366, 586, 640, 641, 657, 780, 817]",[],[],4/6 successful match,False,,False,666,False,,,,,
", Fort Amargosa ( Texaco )",HAmargosa 5775-372-1177 Valley 89020 US 95 ( MM 30 ) & NV 373,24 HR $ M <U+2610>,,89020,,775-372-1177,2007,Amargosa Valley,NV,,( MM 30 ) & NV 373,Valley US 95,empty,,False,,False,US 95,NV 373,,,,[],"[339, 795]","[298, 339, 428, 757, 795, 880]",[],"[338, 339, 340, 341, 342, 343, 344, 345, 346, 347, 348, 349, 350, 351, 352, 353, 354, 355, 356, 357, 358, 359, 360, 361, 362, 363, 364, 365, 366, 367, 368, 369, 370, 371, 372, 373, 374, 375, 376, 377, 378, 379, 380, 381, 382, 383, 384, 385, 386, 387, 388, 389, 390, 391, 392, 393, 394, 395, 396, 397, 794, 795, 796, 797, 798, 799, 800, 801, 802, 803, 804, 805, 806, 807, 808, 809, 810, 811, 812, 813, 814, 815, 816, 817, 818, 819, 820, 821, 822, 823, 824, 825, 826, 827, 828, 829, 830, 831, 832, 833, 834, 835, 836, 837, 838, 839, 840, 841, 842, 843, 844, 845, 846, 847]","[8, 43, 71, 84, 86, 339, 348, 354, 360, 369, 378, 381, 382, 383, 384, 385, 389, 390, 523, 546, 555, 557, 795, 803, 809, 819, 828, 831, 832, 833, 834, 835, 839, 840]",[],[],"[8, 523, 546, 43, 555, 557, 71, 84, 86, 757, 794, 795, 796, 797, 798, 799, 800, 801, 802, 803, 804, 805, 806, 807, 808, 809, 298, 810, 811, 812, 813, 814, 815, 816, 817, 818, 819, 820, 821, 822, 823, 824, 825, 826, 827, 828, 829, 830, 831, 832, 833, 834, 835, 836, 837, 838, 839, 840, 841, 842, 843, 844, 845, 846, 847, 338, 339, 340, 341, 342, 343, 344, 345, 346, 347, 348, 349, 350, 351, 352, 353, 354, 355, 356, 357, 358, 359, 360, 361, 362, 363, 364, 365, 366, 367, 880, 368, 369, 370, 371, 372, 373, 375, 374, 377, 376, 378, 379, 380, 381, 382, 384, 385, 386, 387, 388, 389, 390, 391, 392, 393, 394, 395, 396, 397, 383, 428]",False,"[339, 795]","[338, 339, 340, 341, 342, 343, 344, 345, 346, 347, 348, 349, 350, 351, 352, 353, 354, 355, 356, 357, 358, 359, 360, 361, 362, 363, 364, 365, 366, 367, 368, 369, 370, 371, 372, 373, 374, 375, 376, 377, 378, 379, 380, 381, 382, 383, 384, 385, 386, 387, 388, 389, 390, 391, 392, 393, 394, 395, 396, 397, 794, 795, 796, 797, 798, 799, 800, 801, 802, 803, 804, 805, 806, 807, 808, 809, 810, 811, 812, 813, 814, 815, 816, 817, 818, 819, 820, 821, 822, 823, 824, 825, 826, 827, 828, 829, 830, 831, 832, 833, 834, 835, 836, 837, 838, 839, 840, 841, 842, 843, 844, 845, 846, 847]","[298, 339, 428, 757, 795, 880]",[],"[8, 43, 71, 84, 86, 339, 348, 354, 360, 369, 378, 381, 382, 383, 384, 385, 389, 390, 523, 546, 555, 557, 795, 803, 809, 819, 828, 831, 832, 833, 834, 835, 839, 840]",[],[],7/6 successful match,False,,False,666,True,2007,0.0,True,,
"Amargosa Valley , 89020 Fort Amargosa ( Texaco 30 ) & NV 373",775-372-1177 US 95 ( MM 30 ) & NV ),24 S,Amargosa Valley,89020,Fort Amargosa ( Texaco 30 ) & NV 373,775-372-1177,2008,Amargosa Valley,NV,Texaco,( MM 30 ) & NV ),US 95,empty,,False,,False,US 95,,,,,[],"[339, 795]","[298, 339, 428, 757, 795, 880]",[],"[338, 339, 340, 341, 342, 343, 344, 345, 346, 347, 348, 349, 350, 351, 352, 353, 354, 355, 356, 357, 358, 359, 360, 361, 362, 363, 364, 365, 366, 367, 368, 369, 370, 371, 372, 373, 374, 375, 376, 377, 378, 379, 380, 381, 382, 383, 384, 385, 386, 387, 388, 389, 390, 391, 392, 393, 394, 395, 396, 397, 794, 795, 796, 797, 798, 799, 800, 801, 802, 803, 804, 805, 806, 807, 808, 809, 810, 811, 812, 813, 814, 815, 816, 817, 818, 819, 820, 821, 822, 823, 824, 825, 826, 827, 828, 829, 830, 831, 832, 833, 834, 835, 836, 837, 838, 839, 840, 841, 842, 843, 844, 845, 846, 847]","[8, 43, 71, 84, 86, 339, 348, 354, 360, 369, 382, 383, 384, 389, 390, 523, 546, 555, 557, 795, 803, 809, 819, 832, 833, 834, 839, 840]","[26, 390, 474, 486, 509, 840, 922, 926]","[26, 171, 390, 474, 486, 509, 642, 840, 922, 926]","[8, 523, 26, 546, 43, 555, 557, 71, 84, 86, 642, 171, 757, 794, 795, 796, 797, 798, 799, 800, 801, 802, 803, 804, 805, 806, 807, 808, 809, 298, 810, 811, 812, 813, 814, 815, 816, 817, 818, 819, 820, 821, 822, 823, 824, 825, 826, 827, 828, 829, 830, 831, 832, 833, 834, 835, 836, 837, 838, 839, 840, 841, 842, 843, 844, 845, 846, 847, 338, 339, 340, 341, 342, 343, 344, 345, 346, 347, 348, 349, 350, 351, 352, 353, 354, 355, 356, 357, 358, 359, 360, 361, 362, 363, 364, 365, 366, 367, 880, 368, 369, 370, 371, 372, 373, 375, 374, 377, 376, 378, 379, 380, 381, 382, 384, 385, 386, 387, 388, 389, 390, 391, 392, 393, 394, 395, 396, 397, 383, 922, 926, 428, 474, 486, 509]",False,"[339, 795]","[338, 339, 340, 341, 342, 343, 344, 345, 346, 347, 348, 349, 350, 351, 352, 353, 354, 355, 356, 357, 358, 359, 360, 361, 362, 363, 364, 365, 366, 367, 368, 369, 370, 371, 372, 373, 374, 375, 376, 377, 378, 379, 380, 381, 382, 383, 384, 385, 386, 387, 388, 389, 390, 391, 392, 393, 394, 395, 396, 397, 794, 795, 796, 797, 798, 799, 800, 801, 802, 803, 804, 805, 806, 807, 808, 809, 810, 811, 812, 813, 814, 815, 816, 817, 818, 819, 820, 821, 822, 823, 824, 825, 826, 827, 828, 829, 830, 831, 832, 833, 834, 835, 836, 837, 838, 839, 840, 841, 842, 843, 844, 845, 846, 847]","[298, 339, 428, 757, 795, 880]",[],"[8, 43, 71, 84, 86, 339, 348, 354, 360, 369, 382, 383, 384, 389, 390, 523, 546, 555, 557, 795, 803, 809, 819, 832, 833, 834, 839, 840]","[26, 171, 390, 474, 486, 509, 642, 840, 922, 926]","[26, 390, 474, 486, 509, 840, 922, 926]",5/6 successful match,False,,False,666,True,2008,0.0,True,,
"Mesquite , 89024 Virgin Valley Food Mart ( 76 )",702-346-8881 I-15 Exit 122,HRS 24 0,Mesquite,89024,Virgin Valley Food Mart ( 76 ),702-346-8881,2006,Mesquite,NV,,,I-15 Exit 122,Exit,122,False,,False,I-15,,,,,"[394, 844]",[],"[340, 394, 796, 844]","[394, 844, 869]","[338, 339, 340, 341, 342, 343, 344, 345, 346, 347, 348, 349, 350, 351, 352, 353, 354, 355, 356, 357, 358, 359, 360, 361, 362, 363, 364, 365, 366, 367, 368, 369, 370, 371, 372, 373, 374, 375, 376, 377, 378, 379, 380, 381, 382, 383, 384, 385, 386, 387, 388, 389, 390, 391, 392, 393, 394, 395, 396, 397, 794, 795, 796, 797, 798, 799, 800, 801, 802, 803, 804, 805, 806, 807, 808, 809, 810, 811, 812, 813, 814, 815, 816, 817, 818, 819, 820, 821, 822, 823, 824, 825, 826, 827, 828, 829, 830, 831, 832, 833, 834, 835, 836, 837, 838, 839, 840, 841, 842, 843, 844, 845, 846, 847]","[16, 125, 156, 163, 168, 184, 205, 222, 229, 253, 258, 265, 313, 317, 336, 340, 341, 356, 363, 365, 366, 367, 370, 375, 388, 391, 394, 396, 402, 410, 411, 412, 413, 415, 416, 417, 418, 419, 425, 429, 431, 433, 435, 437, 440, 441, 442, 443, 451, 452, 456, 457, 458, 460, 461, 464, 471, 473, 474, 475, 481, 482, 501, 596, 628, 635, 655, 675, 693, 716, 720, 725, 771, 775, 793, 796, 797, 811, 817, 818, 820, 825, 838, 841, 844, 846, 851, 857, 861, 862, 863, 864, 866, 867, 868, 870, 871, 877, 881, 883, 885, 888, 891, 892, 893, 898, 899, 904, 905, 907, 908, 911, 918, 920, 921, 922, 923, 924, 926, 931, 933]",[],"[84, 87, 89, 114, 115, 117, 124, 132, 135, 144, 152, 154, 178, 218, 239, 268, 279, 281, 297, 318, 320, 321, 322, 323, 324, 325, 326, 327, 348, 394, 401, 555, 558, 560, 585, 586, 588, 595, 603, 606, 615, 623, 626, 649, 686, 703, 727, 738, 740, 756, 776, 778, 779, 780, 781, 782, 783, 784, 785, 803, 844, 850]","[16, 281, 922, 313, 555, 558, 560, 877, 317, 318, 585, 586, 320, 588, 321, 595, 596, 84, 322, 87, 89, 888, 323, 603, 606, 324, 325, 615, 326, 327, 623, 114, 115, 628, 117, 626, 635, 124, 125, 132, 135, 649, 655, 144, 152, 154, 156, 163, 675, 168, 686, 178, 693, 850, 184, 851, 703, 883, 716, 205, 720, 725, 727, 857, 218, 222, 738, 740, 229, 861, 239, 862, 756, 863, 885, 864, 253, 258, 771, 866, 775, 776, 265, 778, 867, 268, 779, 780, 781, 868, 782, 783, 784, 785, 279, 793, 794, 795, 796, 797, 798, 799, 800, 801, 802, 803, 804, 805, 806, 807, 808, 809, 810, 811, 812, 813, 814, 815, 816, 817, 818, 819, 820, 821, 822, 823, 824, 825, 826, 827, 828, 829, 830, 831, 832, 833, 834, 835, 836, 837, 838, 839, 840, 841, 842, 843, 844, 845, 846, 847, 336, 881, 338, 339, 340, 341, 342, 343, 344, 345, 346, 347, 348, 349, 350, 351, 352, 353, 354, 355, 356, 869, 357, 358, 359, 360, 361, 362, 363, 364, 365, 366, 367, 368, 369, 370, 371, 372, 373, 375, 374, 376, 377, 378, 379, 380, 381, 382, 384, 385, 386, 387, 388, 389, 390, 391, 392, 393, 394, 395, 396, 397, 383, 892, 870, 891, 402, 893, 907, 908, 911, 918, 920, 921, 410, 411, 412, 413, 871, 415, 416, 417, 418, 419, 923, 924, 926, 898, 931, 425, 933, 899, 429, 431, 433, 435, 437, 440, 441, 442, 443, 451, 452, 904, 456, 457, 458, 905, 460, 461, 464, 471, 297, 473, 474, 475, 481, 482, 401, 501]",True,[],"[338, 339, 340, 341, 342, 343, 344, 345, 346, 347, 348, 349, 350, 351, 352, 353, 354, 355, 356, 357, 358, 359, 360, 361, 362, 363, 364, 365, 366, 367, 368, 369, 370, 371, 372, 373, 374, 375, 376, 377, 378, 379, 380, 381, 382, 383, 384, 385, 386, 387, 388, 389, 390, 391, 392, 393, 394, 395, 396, 397, 794, 795, 796, 797, 798, 799, 800, 801, 802, 803, 804, 805, 806, 807, 808, 809, 810, 811, 812, 813, 814, 815, 816, 817, 818, 819, 820, 821, 822, 823, 824, 825, 826, 827, 828, 829, 830, 831, 832, 833, 834, 835, 836, 837, 838, 839, 840, 841, 842, 843, 844, 845, 846, 847]","[340, 394, 796, 844]","[394, 844, 869]","[16, 125, 156, 163, 168, 184, 205, 222, 229, 253, 258, 265, 313, 317, 336, 340, 341, 356, 363, 365, 366, 367, 370, 375, 388, 391, 394, 396, 402, 410, 411, 412, 413, 415, 416, 417, 418, 419, 425, 429, 431, 433, 435, 437, 440, 441, 442, 443, 451, 452, 456, 457, 458, 460, 461, 464, 471, 473, 474, 475, 481, 482, 501, 596, 628, 635, 655, 675, 693, 716, 720, 725, 771, 775, 793, 796, 797, 811, 817, 818, 820, 825, 838, 841, 844, 846, 851, 857, 861, 862, 863, 864, 866, 867, 868, 870, 871, 877, 881, 883, 885, 888, 891, 892, 893, 898, 899, 904, 905, 907, 908, 911, 918, 920, 921, 922, 923, 924, 926, 931, 933]","[84, 87, 89, 114, 115, 117, 124, 132, 135, 144, 152, 154, 178, 218, 239, 268, 279, 281, 297, 318, 320, 321, 322, 323, 324, 325, 326, 327, 348, 394, 401, 555, 558, 560, 585, 586, 588, 595, 603, 606, 615, 623, 626, 649, 686, 703, 727, 738, 740, 756, 776, 778, 779, 780, 781, 782, 783, 784, 785, 803, 844, 850]",[],7/6 successful match,True,[17],True,667,False,,,,,
"Moapa , 89025 Moapa Paiute Travel Plaza ( Sinclair )",702-864-2600 I-15 Exit 75,HRS 24 XL <U+2610>,Moapa,89025,Moapa Paiute Travel Plaza ( Sinclair ),702-864-2600,2006,Moapa,NV,Sinclair,,I-15 Exit 75,Exit,75,False,,False,I-15,,,,,[],"[366, 817]","[366, 817]","[366, 817]","[338, 339, 340, 341, 342, 343, 344, 345, 346, 347, 348, 349, 350, 351, 352, 353, 354, 355, 356, 357, 358, 359, 360, 361, 362, 363, 364, 365, 366, 367, 368, 369, 370, 371, 372, 373, 374, 375, 376, 377, 378, 379, 380, 381, 382, 383, 384, 385, 386, 387, 388, 389, 390, 391, 392, 393, 394, 395, 396, 397, 794, 795, 796, 797, 798, 799, 800, 801, 802, 803, 804, 805, 806, 807, 808, 809, 810, 811, 812, 813, 814, 815, 816, 817, 818, 819, 820, 821, 822, 823, 824, 825, 826, 827, 828, 829, 830, 831, 832, 833, 834, 835, 836, 837, 838, 839, 840, 841, 842, 843, 844, 845, 846, 847]","[16, 125, 156, 163, 168, 184, 205, 222, 229, 253, 258, 265, 313, 317, 336, 340, 341, 356, 363, 365, 366, 367, 370, 375, 388, 391, 394, 396, 402, 410, 411, 412, 413, 415, 416, 417, 418, 419, 425, 429, 431, 433, 435, 437, 440, 441, 442, 443, 451, 452, 456, 457, 458, 460, 461, 464, 471, 473, 474, 475, 481, 482, 501, 596, 628, 635, 655, 675, 693, 716, 720, 725, 771, 775, 793, 796, 797, 811, 817, 818, 820, 825, 838, 841, 844, 846, 851, 857, 861, 862, 863, 864, 866, 867, 868, 870, 871, 877, 881, 883, 885, 888, 891, 892, 893, 898, 899, 904, 905, 907, 908, 911, 918, 920, 921, 922, 923, 924, 926, 931, 933]","[31, 142, 147, 180, 338, 352, 367, 387, 403, 405, 408, 410, 455, 465, 466, 468, 470, 472, 473, 483, 484, 514, 613, 618, 651, 794, 807, 837, 852, 854, 858, 861, 902, 912, 913, 915, 917, 919, 920, 931, 934, 935]","[31, 142, 147, 180, 338, 352, 366, 367, 387, 403, 405, 408, 410, 455, 465, 466, 468, 470, 472, 473, 483, 484, 514, 613, 618, 651, 794, 807, 817, 837, 852, 854, 858, 861, 902, 912, 913, 915, 917, 919, 920, 931, 934, 935]","[514, 408, 917, 16, 919, 922, 31, 313, 877, 317, 596, 888, 613, 618, 628, 635, 125, 651, 142, 655, 147, 156, 163, 675, 168, 180, 693, 184, 851, 852, 883, 854, 716, 205, 720, 725, 857, 858, 222, 229, 861, 862, 863, 885, 864, 253, 258, 771, 866, 775, 265, 867, 868, 793, 794, 795, 796, 797, 798, 799, 800, 801, 802, 803, 804, 805, 806, 807, 808, 809, 810, 811, 812, 813, 814, 815, 816, 817, 818, 819, 820, 821, 822, 823, 824, 825, 826, 827, 828, 829, 830, 831, 832, 833, 834, 835, 836, 837, 838, 839, 840, 841, 842, 843, 844, 845, 846, 847, 336, 881, 338, 339, 340, 341, 342, 343, 344, 345, 346, 347, 348, 349, 350, 351, 352, 353, 354, 355, 356, 357, 358, 359, 360, 361, 362, 363, 364, 365, 366, 367, 368, 369, 370, 371, 372, 373, 374, 375, 376, 377, 378, 379, 380, 381, 382, 383, 384, 385, 386, 387, 388, 389, 390, 391, 392, 393, 394, 395, 396, 397, 892, 893, 870, 891, 402, 907, 908, 911, 918, 403, 920, 921, 410, 411, 412, 413, 871, 415, 416, 417, 418, 419, 923, 924, 926, 898, 931, 425, 933, 934, 899, 429, 935, 431, 433, 435, 437, 440, 441, 442, 443, 902, 451, 452, 904, 455, 456, 457, 458, 905, 460, 461, 464, 465, 466, 468, 470, 471, 472, 473, 474, 475, 481, 482, 483, 484, 912, 913, 501, 405, 915]",False,"[366, 817]","[338, 339, 340, 341, 342, 343, 344, 345, 346, 347, 348, 349, 350, 351, 352, 353, 354, 355, 356, 357, 358, 359, 360, 361, 362, 363, 364, 365, 366, 367, 368, 369, 370, 371, 372, 373, 374, 375, 376, 377, 378, 379, 380, 381, 382, 383, 384, 385, 386, 387, 388, 389, 390, 391, 392, 393, 394, 395, 396, 397, 794, 795, 796, 797, 798, 799, 800, 801, 802, 803, 804, 805, 806, 807, 808, 809, 810, 811, 812, 813, 814, 815, 816, 817, 818, 819, 820, 821, 822, 823, 824, 825, 826, 827, 828, 829, 830, 831, 832, 833, 834, 835, 836, 837, 838, 839, 840, 841, 842, 843, 844, 845, 846, 847]","[366, 817]","[366, 817]","[16, 125, 156, 163, 168, 184, 205, 222, 229, 253, 258, 265, 313, 317, 336, 340, 341, 356, 363, 365, 366, 367, 370, 375, 388, 391, 394, 396, 402, 410, 411, 412, 413, 415, 416, 417, 418, 419, 425, 429, 431, 433, 435, 437, 440, 441, 442, 443, 451, 452, 456, 457, 458, 460, 461, 464, 471, 473, 474, 475, 481, 482, 501, 596, 628, 635, 655, 675, 693, 716, 720, 725, 771, 775, 793, 796, 797, 811, 817, 818, 820, 825, 838, 841, 844, 846, 851, 857, 861, 862, 863, 864, 866, 867, 868, 870, 871, 877, 881, 883, 885, 888, 891, 892, 893, 898, 899, 904, 905, 907, 908, 911, 918, 920, 921, 922, 923, 924, 926, 931, 933]","[31, 142, 147, 180, 338, 352, 366, 367, 387, 403, 405, 408, 410, 455, 465, 466, 468, 470, 472, 473, 483, 484, 514, 613, 618, 651, 794, 807, 817, 837, 852, 854, 858, 861, 902, 912, 913, 915, 917, 919, 920, 931, 934, 935]","[31, 142, 147, 180, 338, 352, 367, 387, 403, 405, 408, 410, 455, 465, 466, 468, 470, 472, 473, 483, 484, 514, 613, 618, 651, 794, 807, 837, 852, 854, 858, 861, 902, 912, 913, 915, 917, 919, 920, 931, 934, 935]",6/6 successful match,False,[377],True,668,False,,,,,
"Moapa , 89025 Moapa Paiute Travel Plaza ( Sinclair )",702-864-2600 I-15 Exit 75,) 24 HRS XL,Moapa,89025,Moapa Paiute Travel Plaza ( Sinclair ),702-864-2600,2007,Moapa,NV,Sinclair,,I-15 Exit 75,Exit,75,False,,False,I-15,,,,,[],"[366, 817]","[366, 817]","[366, 817]","[338, 339, 340, 341, 342, 343, 344, 345, 346, 347, 348, 349, 350, 351, 352, 353, 354, 355, 356, 357, 358, 359, 360, 361, 362, 363, 364, 365, 366, 367, 368, 369, 370, 371, 372, 373, 374, 375, 376, 377, 378, 379, 380, 381, 382, 383, 384, 385, 386, 387, 388, 389, 390, 391, 392, 393, 394, 395, 396, 397, 794, 795, 796, 797, 798, 799, 800, 801, 802, 803, 804, 805, 806, 807, 808, 809, 810, 811, 812, 813, 814, 815, 816, 817, 818, 819, 820, 821, 822, 823, 824, 825, 826, 827, 828, 829, 830, 831, 832, 833, 834, 835, 836, 837, 838, 839, 840, 841, 842, 843, 844, 845, 846, 847]","[16, 125, 156, 163, 168, 184, 205, 222, 229, 253, 258, 265, 313, 317, 336, 340, 341, 356, 363, 365, 366, 367, 370, 375, 388, 391, 394, 396, 402, 410, 411, 412, 413, 415, 416, 417, 418, 419, 425, 429, 431, 433, 435, 437, 440, 441, 442, 443, 451, 452, 456, 457, 458, 460, 461, 464, 471, 473, 474, 475, 481, 482, 501, 596, 628, 635, 655, 675, 693, 716, 720, 725, 771, 775, 793, 796, 797, 811, 817, 818, 820, 825, 838, 841, 844, 846, 851, 857, 861, 862, 863, 864, 866, 867, 868, 870, 871, 877, 881, 883, 885, 888, 891, 892, 893, 898, 899, 904, 905, 907, 908, 911, 918, 920, 921, 922, 923, 924, 926, 931, 933]","[31, 142, 147, 180, 338, 352, 367, 387, 403, 405, 408, 410, 455, 465, 466, 468, 470, 472, 473, 483, 484, 514, 613, 618, 651, 794, 807, 837, 852, 854, 858, 861, 902, 912, 913, 915, 917, 919, 920, 931, 934, 935]","[31, 142, 147, 180, 338, 352, 366, 367, 387, 403, 405, 408, 410, 455, 465, 466, 468, 470, 472, 473, 483, 484, 514, 613, 618, 651, 794, 807, 817, 837, 852, 854, 858, 861, 902, 912, 913, 915, 917, 919, 920, 931, 934, 935]","[514, 408, 917, 16, 919, 922, 31, 313, 877, 317, 596, 888, 613, 618, 628, 635, 125, 651, 142, 655, 147, 156, 163, 675, 168, 180, 693, 184, 851, 852, 883, 854, 716, 205, 720, 725, 857, 858, 222, 229, 861, 862, 863, 885, 864, 253, 258, 771, 866, 775, 265, 867, 868, 793, 794, 795, 796, 797, 798, 799, 800, 801, 802, 803, 804, 805, 806, 807, 808, 809, 810, 811, 812, 813, 814, 815, 816, 817, 818, 819, 820, 821, 822, 823, 824, 825, 826, 827, 828, 829, 830, 831, 832, 833, 834, 835, 836, 837, 838, 839, 840, 841, 842, 843, 844, 845, 846, 847, 336, 881, 338, 339, 340, 341, 342, 343, 344, 345, 346, 347, 348, 349, 350, 351, 352, 353, 354, 355, 356, 357, 358, 359, 360, 361, 362, 363, 364, 365, 366, 367, 368, 369, 370, 371, 372, 373, 374, 375, 376, 377, 378, 379, 380, 381, 382, 383, 384, 385, 386, 387, 388, 389, 390, 391, 392, 393, 394, 395, 396, 397, 892, 893, 870, 891, 402, 907, 908, 911, 918, 403, 920, 921, 410, 411, 412, 413, 871, 415, 416, 417, 418, 419, 923, 924, 926, 898, 931, 425, 933, 934, 899, 429, 935, 431, 433, 435, 437, 440, 441, 442, 443, 902, 451, 452, 904, 455, 456, 457, 458, 905, 460, 461, 464, 465, 466, 468, 470, 471, 472, 473, 474, 475, 481, 482, 483, 484, 912, 913, 501, 405, 915]",False,"[366, 817]","[338, 339, 340, 341, 342, 343, 344, 345, 346, 347, 348, 349, 350, 351, 352, 353, 354, 355, 356, 357, 358, 359, 360, 361, 362, 363, 364, 365, 366, 367, 368, 369, 370, 371, 372, 373, 374, 375, 376, 377, 378, 379, 380, 381, 382, 383, 384, 385, 386, 387, 388, 389, 390, 391, 392, 393, 394, 395, 396, 397, 794, 795, 796, 797, 798, 799, 800, 801, 802, 803, 804, 805, 806, 807, 808, 809, 810, 811, 812, 813, 814, 815, 816, 817, 818, 819, 820, 821, 822, 823, 824, 825, 826, 827, 828, 829, 830, 831, 832, 833, 834, 835, 836, 837, 838, 839, 840, 841, 842, 843, 844, 845, 846, 847]","[366, 817]","[366, 817]","[16, 125, 156, 163, 168, 184, 205, 222, 229, 253, 258, 265, 313, 317, 336, 340, 341, 356, 363, 365, 366, 367, 370, 375, 388, 391, 394, 396, 402, 410, 411, 412, 413, 415, 416, 417, 418, 419, 425, 429, 431, 433, 435, 437, 440, 441, 442, 443, 451, 452, 456, 457, 458, 460, 461, 464, 471, 473, 474, 475, 481, 482, 501, 596, 628, 635, 655, 675, 693, 716, 720, 725, 771, 775, 793, 796, 797, 811, 817, 818, 820, 825, 838, 841, 844, 846, 851, 857, 861, 862, 863, 864, 866, 867, 868, 870, 871, 877, 881, 883, 885, 888, 891, 892, 893, 898, 899, 904, 905, 907, 908, 911, 918, 920, 921, 922, 923, 924, 926, 931, 933]","[31, 142, 147, 180, 338, 352, 366, 367, 387, 403, 405, 408, 410, 455, 465, 466, 468, 470, 472, 473, 483, 484, 514, 613, 618, 651, 794, 807, 817, 837, 852, 854, 858, 861, 902, 912, 913, 915, 917, 919, 920, 931, 934, 935]","[31, 142, 147, 180, 338, 352, 367, 387, 403, 405, 408, 410, 455, 465, 466, 468, 470, 472, 473, 483, 484, 514, 613, 618, 651, 794, 807, 837, 852, 854, 858, 861, 902, 912, 913, 915, 917, 919, 920, 931, 934, 935]",6/6 successful match,False,[377],True,668,False,,1.0,True,Moapa Paiute Travel Plaza ( Sinclair ),Sinclair
"Moapa , 89025 Moapa Paiute Travel Plaza (",6 702-864-2600 I-15 Exit 75 Sinclair ),100 24 XL,Moapa,89025,Moapa Paiute Travel Plaza (,702-864-2600,2008,Moapa,NV,,,I-15 Exit 75 Sinclair ,Exit,75,False,,False,I-15,,,,,[],"[366, 817]","[366, 817]","[366, 817]","[338, 339, 340, 341, 342, 343, 344, 345, 346, 347, 348, 349, 350, 351, 352, 353, 354, 355, 356, 357, 358, 359, 360, 361, 362, 363, 364, 365, 366, 367, 368, 369, 370, 371, 372, 373, 374, 375, 376, 377, 378, 379, 380, 381, 382, 383, 384, 385, 386, 387, 388, 389, 390, 391, 392, 393, 394, 395, 396, 397, 794, 795, 796, 797, 798, 799, 800, 801, 802, 803, 804, 805, 806, 807, 808, 809, 810, 811, 812, 813, 814, 815, 816, 817, 818, 819, 820, 821, 822, 823, 824, 825, 826, 827, 828, 829, 830, 831, 832, 833, 834, 835, 836, 837, 838, 839, 840, 841, 842, 843, 844, 845, 846, 847]","[16, 125, 156, 163, 168, 184, 205, 222, 229, 253, 258, 265, 313, 317, 336, 340, 341, 356, 363, 365, 366, 367, 370, 375, 388, 391, 394, 396, 402, 410, 411, 412, 413, 415, 416, 417, 418, 419, 425, 429, 431, 433, 435, 437, 440, 441, 442, 443, 451, 452, 456, 457, 458, 460, 461, 464, 471, 473, 474, 475, 481, 482, 501, 596, 628, 635, 655, 675, 693, 716, 720, 725, 771, 775, 793, 796, 797, 811, 817, 818, 820, 825, 838, 841, 844, 846, 851, 857, 861, 862, 863, 864, 866, 867, 868, 870, 871, 877, 881, 883, 885, 888, 891, 892, 893, 898, 899, 904, 905, 907, 908, 911, 918, 920, 921, 922, 923, 924, 926, 931, 933]",[],"[366, 817]","[16, 922, 313, 877, 317, 596, 888, 628, 635, 125, 655, 156, 163, 675, 168, 693, 184, 851, 883, 716, 205, 720, 725, 857, 222, 229, 861, 862, 863, 885, 864, 253, 258, 771, 866, 775, 265, 867, 868, 793, 794, 795, 796, 797, 798, 799, 800, 801, 802, 803, 804, 805, 806, 807, 808, 809, 810, 811, 812, 813, 814, 815, 816, 817, 818, 819, 820, 821, 822, 823, 824, 825, 826, 827, 828, 829, 830, 831, 832, 833, 834, 835, 836, 837, 838, 839, 840, 841, 842, 843, 844, 845, 846, 847, 336, 881, 338, 339, 340, 341, 342, 343, 344, 345, 346, 347, 348, 349, 350, 351, 352, 353, 354, 355, 356, 357, 358, 359, 360, 361, 362, 363, 364, 365, 366, 367, 368, 369, 370, 371, 372, 373, 374, 375, 376, 377, 378, 379, 380, 381, 382, 383, 384, 385, 386, 387, 388, 389, 390, 391, 392, 393, 394, 395, 396, 397, 892, 893, 870, 891, 402, 907, 908, 911, 918, 920, 921, 410, 411, 412, 413, 871, 415, 416, 417, 418, 419, 923, 924, 926, 898, 931, 425, 933, 899, 429, 431, 433, 435, 437, 440, 441, 442, 443, 451, 452, 904, 456, 457, 458, 905, 460, 461, 464, 471, 473, 474, 475, 481, 482, 501]",False,"[366, 817]","[338, 339, 340, 341, 342, 343, 344, 345, 346, 347, 348, 349, 350, 351, 352, 353, 354, 355, 356, 357, 358, 359, 360, 361, 362, 363, 364, 365, 366, 367, 368, 369, 370, 371, 372, 373, 374, 375, 376, 377, 378, 379, 380, 381, 382, 383, 384, 385, 386, 387, 388, 389, 390, 391, 392, 393, 394, 395, 396, 397, 794, 795, 796, 797, 798, 799, 800, 801, 802, 803, 804, 805, 806, 807, 808, 809, 810, 811, 812, 813, 814, 815, 816, 817, 818, 819, 820, 821, 822, 823, 824, 825, 826, 827, 828, 829, 830, 831, 832, 833, 834, 835, 836, 837, 838, 839, 840, 841, 842, 843, 844, 845, 846, 847]","[366, 817]","[366, 817]","[16, 125, 156, 163, 168, 184, 205, 222, 229, 253, 258, 265, 313, 317, 336, 340, 341, 356, 363, 365, 366, 367, 370, 375, 388, 391, 394, 396, 402, 410, 411, 412, 413, 415, 416, 417, 418, 419, 425, 429, 431, 433, 435, 437, 440, 441, 442, 443, 451, 452, 456, 457, 458, 460, 461, 464, 471, 473, 474, 475, 481, 482, 501, 596, 628, 635, 655, 675, 693, 716, 720, 725, 771, 775, 793, 796, 797, 811, 817, 818, 820, 825, 838, 841, 844, 846, 851, 857, 861, 862, 863, 864, 866, 867, 868, 870, 871, 877, 881, 883, 885, 888, 891, 892, 893, 898, 899, 904, 905, 907, 908, 911, 918, 920, 921, 922, 923, 924, 926, 931, 933]","[366, 817]",[],7/6 successful match,False,[377],True,668,False,,1.0,True,Moapa Paiute Travel Plaza ( Sinclair ),Sinclair
Moapa ( 89025 ) Moapa Paiute Travel Plaza ( Sinclair ),702-864-2602 I-15 Exit 75,) 24 <U+2610>,Moapa,89025,Moapa Paiute Travel Plaza ( Sinclair ),702-864-2602,2014,Moapa,NV,Sinclair,,I-15 Exit 75,Exit,75,False,,False,I-15,,,,,"[817, 366]","[366, 817]","[366, 817]","[366, 817]","[338, 339, 340, 341, 342, 343, 344, 345, 346, 347, 348, 349, 350, 351, 352, 353, 354, 355, 356, 357, 358, 359, 360, 361, 362, 363, 364, 365, 366, 367, 368, 369, 370, 371, 372, 373, 374, 375, 376, 377, 378, 379, 380, 381, 382, 383, 384, 385, 386, 387, 388, 389, 390, 391, 392, 393, 394, 395, 396, 397, 794, 795, 796, 797, 798, 799, 800, 801, 802, 803, 804, 805, 806, 807, 808, 809, 810, 811, 812, 813, 814, 815, 816, 817, 818, 819, 820, 821, 822, 823, 824, 825, 826, 827, 828, 829, 830, 831, 832, 833, 834, 835, 836, 837, 838, 839, 840, 841, 842, 843, 844, 845, 846, 847]","[16, 125, 156, 163, 168, 184, 205, 222, 229, 253, 258, 265, 313, 317, 336, 340, 341, 356, 363, 365, 366, 367, 370, 375, 388, 391, 394, 396, 402, 410, 411, 412, 413, 415, 416, 417, 418, 419, 425, 429, 431, 433, 435, 437, 440, 441, 442, 443, 451, 452, 456, 457, 458, 460, 461, 464, 471, 473, 474, 475, 481, 482, 501, 596, 628, 635, 655, 675, 693, 716, 720, 725, 771, 775, 793, 796, 797, 811, 817, 818, 820, 825, 838, 841, 844, 846, 851, 857, 861, 862, 863, 864, 866, 867, 868, 870, 871, 877, 881, 883, 885, 888, 891, 892, 893, 898, 899, 904, 905, 907, 908, 911, 918, 920, 921, 922, 923, 924, 926, 931, 933]","[31, 142, 147, 180, 338, 352, 367, 387, 403, 405, 408, 410, 455, 465, 466, 468, 470, 472, 473, 483, 484, 514, 613, 618, 651, 794, 807, 837, 852, 854, 858, 861, 902, 912, 913, 915, 917, 919, 920, 931, 934, 935]","[31, 142, 147, 180, 338, 352, 366, 367, 387, 403, 405, 408, 410, 455, 465, 466, 468, 470, 472, 473, 483, 484, 514, 613, 618, 651, 794, 807, 817, 837, 852, 854, 858, 861, 902, 912, 913, 915, 917, 919, 920, 931, 934, 935]","[514, 408, 917, 16, 919, 922, 31, 313, 877, 317, 596, 888, 613, 618, 628, 635, 125, 651, 142, 655, 147, 156, 163, 675, 168, 180, 693, 184, 851, 852, 883, 854, 716, 205, 720, 725, 857, 858, 222, 229, 861, 862, 863, 885, 864, 253, 258, 771, 866, 775, 265, 867, 868, 793, 794, 795, 796, 797, 798, 799, 800, 801, 802, 803, 804, 805, 806, 807, 808, 809, 810, 811, 812, 813, 814, 815, 816, 817, 818, 819, 820, 821, 822, 823, 824, 825, 826, 827, 828, 829, 830, 831, 832, 833, 834, 835, 836, 837, 838, 839, 840, 841, 842, 843, 844, 845, 846, 847, 336, 881, 338, 339, 340, 341, 342, 343, 344, 345, 346, 347, 348, 349, 350, 351, 352, 353, 354, 355, 356, 357, 358, 359, 360, 361, 362, 363, 364, 365, 366, 367, 368, 369, 370, 371, 372, 373, 374, 375, 376, 377, 378, 379, 380, 381, 382, 383, 384, 385, 386, 387, 388, 389, 390, 391, 392, 393, 394, 395, 396, 397, 892, 893, 870, 891, 402, 907, 908, 911, 918, 403, 920, 921, 410, 411, 412, 413, 871, 415, 416, 417, 418, 419, 923, 924, 926, 898, 931, 425, 933, 934, 899, 429, 935, 431, 433, 435, 437, 440, 441, 442, 443, 902, 451, 452, 904, 455, 456, 457, 458, 905, 460, 461, 464, 465, 466, 468, 470, 471, 472, 473, 474, 475, 481, 482, 483, 484, 912, 913, 501, 405, 915]",True,"[366, 817]","[338, 339, 340, 341, 342, 343, 344, 345, 346, 347, 348, 349, 350, 351, 352, 353, 354, 355, 356, 357, 358, 359, 360, 361, 362, 363, 364, 365, 366, 367, 368, 369, 370, 371, 372, 373, 374, 375, 376, 377, 378, 379, 380, 381, 382, 383, 384, 385, 386, 387, 388, 389, 390, 391, 392, 393, 394, 395, 396, 397, 794, 795, 796, 797, 798, 799, 800, 801, 802, 803, 804, 805, 806, 807, 808, 809, 810, 811, 812, 813, 814, 815, 816, 817, 818, 819, 820, 821, 822, 823, 824, 825, 826, 827, 828, 829, 830, 831, 832, 833, 834, 835, 836, 837, 838, 839, 840, 841, 842, 843, 844, 845, 846, 847]","[366, 817]","[366, 817]","[16, 125, 156, 163, 168, 184, 205, 222, 229, 253, 258, 265, 313, 317, 336, 340, 341, 356, 363, 365, 366, 367, 370, 375, 388, 391, 394, 396, 402, 410, 411, 412, 413, 415, 416, 417, 418, 419, 425, 429, 431, 433, 435, 437, 440, 441, 442, 443, 451, 452, 456, 457, 458, 460, 461, 464, 471, 473, 474, 475, 481, 482, 501, 596, 628, 635, 655, 675, 693, 716, 720, 725, 771, 775, 793, 796, 797, 811, 817, 818, 820, 825, 838, 841, 844, 846, 851, 857, 861, 862, 863, 864, 866, 867, 868, 870, 871, 877, 881, 883, 885, 888, 891, 892, 893, 898, 899, 904, 905, 907, 908, 911, 918, 920, 921, 922, 923, 924, 926, 931, 933]","[31, 142, 147, 180, 338, 352, 366, 367, 387, 403, 405, 408, 410, 455, 465, 466, 468, 470, 472, 473, 483, 484, 514, 613, 618, 651, 794, 807, 817, 837, 852, 854, 858, 861, 902, 912, 913, 915, 917, 919, 920, 931, 934, 935]","[31, 142, 147, 180, 338, 352, 367, 387, 403, 405, 408, 410, 455, 465, 466, 468, 470, 472, 473, 483, 484, 514, 613, 618, 651, 794, 807, 837, 852, 854, 858, 861, 902, 912, 913, 915, 917, 919, 920, 931, 934, 935]",6/6 successful match,True,,False,668,False,,1.0,True,Moapa Paiute Travel Plaza (,
Moapa ( 89025 ) Moapa Paiute Travel Plaza ( Chevron ),702-864-2602 I-15 Exit 75,24 <U+2610> <U+2610> <U+2610> <U+2610> <U+2610> <U+2610> <U+2610>,Moapa,89025,Moapa Paiute Travel Plaza ( Chevron ),702-864-2602,2015,Moapa,NV,Chevron,,I-15 Exit 75,Exit,75,False,,False,I-15,,,,,"[817, 366]","[366, 817]","[366, 817]","[366, 817]","[338, 339, 340, 341, 342, 343, 344, 345, 346, 347, 348, 349, 350, 351, 352, 353, 354, 355, 356, 357, 358, 359, 360, 361, 362, 363, 364, 365, 366, 367, 368, 369, 370, 371, 372, 373, 374, 375, 376, 377, 378, 379, 380, 381, 382, 383, 384, 385, 386, 387, 388, 389, 390, 391, 392, 393, 394, 395, 396, 397, 794, 795, 796, 797, 798, 799, 800, 801, 802, 803, 804, 805, 806, 807, 808, 809, 810, 811, 812, 813, 814, 815, 816, 817, 818, 819, 820, 821, 822, 823, 824, 825, 826, 827, 828, 829, 830, 831, 832, 833, 834, 835, 836, 837, 838, 839, 840, 841, 842, 843, 844, 845, 846, 847]","[16, 125, 156, 163, 168, 184, 205, 222, 229, 253, 258, 265, 313, 317, 336, 340, 341, 356, 363, 365, 366, 367, 370, 375, 388, 391, 394, 396, 402, 410, 411, 412, 413, 415, 416, 417, 418, 419, 425, 429, 431, 433, 435, 437, 440, 441, 442, 443, 451, 452, 456, 457, 458, 460, 461, 464, 471, 473, 474, 475, 481, 482, 501, 596, 628, 635, 655, 675, 693, 716, 720, 725, 771, 775, 793, 796, 797, 811, 817, 818, 820, 825, 838, 841, 844, 846, 851, 857, 861, 862, 863, 864, 866, 867, 868, 870, 871, 877, 881, 883, 885, 888, 891, 892, 893, 898, 899, 904, 905, 907, 908, 911, 918, 920, 921, 922, 923, 924, 926, 931, 933]","[12, 24, 25, 28, 88, 100, 104, 119, 123, 129, 136, 137, 139, 140, 141, 148, 155, 169, 172, 179, 183, 185, 188, 196, 198, 217, 237, 267, 270, 278, 319, 321, 324, 325, 330, 334, 335, 354, 366, 369, 380, 383, 384, 386, 395, 407, 411, 423, 428, 436, 437, 452, 453, 456, 467, 471, 477, 478, 479, 497, 508, 511, 559, 571, 575, 590, 594, 600, 607, 608, 610, 611, 612, 619, 627, 640, 643, 650, 654, 656, 659, 667, 669, 685, 701, 726, 729, 737, 777, 779, 782, 783, 787, 790, 791, 809, 817, 819, 830, 833, 834, 836, 845, 856, 857, 860, 862, 875, 880, 887, 888, 899, 900, 914, 918, 921, 928, 929, 930]","[12, 24, 25, 28, 88, 100, 104, 119, 123, 129, 136, 137, 139, 140, 141, 148, 155, 169, 172, 179, 183, 185, 188, 196, 198, 217, 237, 267, 270, 278, 319, 321, 324, 325, 330, 334, 335, 354, 366, 369, 380, 383, 384, 386, 395, 407, 411, 423, 428, 436, 437, 452, 453, 456, 467, 471, 477, 478, 479, 497, 508, 511, 559, 571, 575, 590, 594, 600, 607, 608, 610, 611, 612, 619, 627, 640, 643, 650, 654, 656, 659, 667, 669, 685, 701, 726, 729, 737, 777, 779, 782, 783, 787, 790, 791, 809, 817, 819, 830, 833, 834, 836, 845, 856, 857, 860, 862, 875, 880, 887, 888, 899, 900, 914, 918, 921, 928, 929, 930]","[875, 12, 16, 24, 25, 28, 922, 313, 559, 877, 317, 571, 928, 575, 929, 319, 930, 590, 321, 594, 596, 88, 600, 888, 324, 607, 608, 610, 611, 100, 325, 612, 104, 619, 627, 628, 119, 635, 123, 125, 330, 880, 640, 129, 643, 136, 137, 650, 139, 140, 141, 654, 655, 656, 334, 659, 148, 335, 155, 156, 667, 669, 163, 675, 168, 169, 172, 685, 179, 693, 183, 184, 185, 851, 188, 701, 196, 198, 883, 716, 205, 720, 856, 725, 726, 857, 217, 729, 222, 737, 229, 860, 861, 237, 862, 863, 885, 864, 253, 258, 771, 866, 775, 265, 777, 867, 267, 779, 270, 782, 868, 783, 787, 278, 790, 791, 793, 794, 795, 796, 797, 798, 799, 800, 801, 802, 803, 804, 805, 806, 807, 808, 809, 810, 811, 812, 813, 814, 815, 816, 817, 818, 819, 820, 821, 822, 823, 824, 825, 826, 827, 828, 829, 830, 831, 832, 833, 834, 835, 836, 837, 838, 839, 840, 841, 842, 843, 844, 845, 846, 847, 336, 881, 338, 339, 340, 341, 342, 343, 344, 345, 346, 347, 348, 349, 350, 351, 352, 353, 354, 355, 356, 357, 358, 359, 360, 361, 362, 363, 364, 365, 366, 367, 368, 369, 370, 371, 372, 373, 374, 375, 376, 377, 378, 379, 380, 381, 382, 383, 384, 385, 386, 387, 388, 389, 390, 391, 392, 393, 394, 395, 396, 397, 892, 893, 870, 891, 402, 907, 908, 911, 918, 407, 920, 921, 410, 411, 412, 413, 871, 415, 416, 417, 418, 419, 923, 924, 926, 898, 931, 425, 933, 423, 899, 429, 428, 431, 433, 900, 435, 436, 437, 440, 441, 442, 443, 451, 452, 904, 453, 456, 457, 458, 905, 460, 461, 464, 467, 471, 473, 474, 475, 477, 478, 479, 887, 481, 482, 497, 501, 914, 508, 511]",True,"[366, 817]","[338, 339, 340, 341, 342, 343, 344, 345, 346, 347, 348, 349, 350, 351, 352, 353, 354, 355, 356, 357, 358, 359, 360, 361, 362, 363, 364, 365, 366, 367, 368, 369, 370, 371, 372, 373, 374, 375, 376, 377, 378, 379, 380, 381, 382, 383, 384, 385, 386, 387, 388, 389, 390, 391, 392, 393, 394, 395, 396, 397, 794, 795, 796, 797, 798, 799, 800, 801, 802, 803, 804, 805, 806, 807, 808, 809, 810, 811, 812, 813, 814, 815, 816, 817, 818, 819, 820, 821, 822, 823, 824, 825, 826, 827, 828, 829, 830, 831, 832, 833, 834, 835, 836, 837, 838, 839, 840, 841, 842, 843, 844, 845, 846, 847]","[366, 817]","[366, 817]","[16, 125, 156, 163, 168, 184, 205, 222, 229, 253, 258, 265, 313, 317, 336, 340, 341, 356, 363, 365, 366, 367, 370, 375, 388, 391, 394, 396, 402, 410, 411, 412, 413, 415, 416, 417, 418, 419, 425, 429, 431, 433, 435, 437, 440, 441, 442, 443, 451, 452, 456, 457, 458, 460, 461, 464, 471, 473, 474, 475, 481, 482, 501, 596, 628, 635, 655, 675, 693, 716, 720, 725, 771, 775, 793, 796, 797, 811, 817, 818, 820, 825, 838, 841, 844, 846, 851, 857, 861, 862, 863, 864, 866, 867, 868, 870, 871, 877, 881, 883, 885, 888, 891, 892, 893, 898, 899, 904, 905, 907, 908, 911, 918, 920, 921, 922, 923, 924, 926, 931, 933]","[12, 24, 25, 28, 88, 100, 104, 119, 123, 129, 136, 137, 139, 140, 141, 148, 155, 169, 172, 179, 183, 185, 188, 196, 198, 217, 237, 267, 270, 278, 319, 321, 324, 325, 330, 334, 335, 354, 366, 369, 380, 383, 384, 386, 395, 407, 411, 423, 428, 436, 437, 452, 453, 456, 467, 471, 477, 478, 479, 497, 508, 511, 559, 571, 575, 590, 594, 600, 607, 608, 610, 611, 612, 619, 627, 640, 643, 650, 654, 656, 659, 667, 669, 685, 701, 726, 729, 737, 777, 779, 782, 783, 787, 790, 791, 809, 817, 819, 830, 833, 834, 836, 845, 856, 857, 860, 862, 875, 880, 887, 888, 899, 900, 914, 918, 921, 928, 929, 930]","[12, 24, 25, 28, 88, 100, 104, 119, 123, 129, 136, 137, 139, 140, 141, 148, 155, 169, 172, 179, 183, 185, 188, 196, 198, 217, 237, 267, 270, 278, 319, 321, 324, 325, 330, 334, 335, 354, 366, 369, 380, 383, 384, 386, 395, 407, 411, 423, 428, 436, 437, 452, 453, 456, 467, 471, 477, 478, 479, 497, 508, 511, 559, 571, 575, 590, 594, 600, 607, 608, 610, 611, 612, 619, 627, 640, 643, 650, 654, 656, 659, 667, 669, 685, 701, 726, 729, 737, 777, 779, 782, 783, 787, 790, 791, 809, 817, 819, 830, 833, 834, 836, 845, 856, 857, 860, 862, 875, 880, 887, 888, 899, 900, 914, 918, 921, 928, 929, 930]",7/6 successful match,True,,False,668,False,,1.0,False,Moapa Paiute Travel Plaza ( Sinclair ),Sinclair
Moapa ( 89025 ) Moapa Paiute Travel Plaza ( Chevron ),702-864-2602 I-15 Exit 75,) 85 LOO D,Moapa,89025,Moapa Paiute Travel Plaza ( Chevron ),702-864-2602,2016,Moapa,NV,Chevron,,I-15 Exit 75,Exit,75,False,,False,I-15,,,,,"[817, 366]","[366, 817]","[366, 817]","[366, 817]","[338, 339, 340, 341, 342, 343, 344, 345, 346, 347, 348, 349, 350, 351, 352, 353, 354, 355, 356, 357, 358, 359, 360, 361, 362, 363, 364, 365, 366, 367, 368, 369, 370, 371, 372, 373, 374, 375, 376, 377, 378, 379, 380, 381, 382, 383, 384, 385, 386, 387, 388, 389, 390, 391, 392, 393, 394, 395, 396, 397, 794, 795, 796, 797, 798, 799, 800, 801, 802, 803, 804, 805, 806, 807, 808, 809, 810, 811, 812, 813, 814, 815, 816, 817, 818, 819, 820, 821, 822, 823, 824, 825, 826, 827, 828, 829, 830, 831, 832, 833, 834, 835, 836, 837, 838, 839, 840, 841, 842, 843, 844, 845, 846, 847]","[16, 125, 156, 163, 168, 184, 205, 222, 229, 253, 258, 265, 313, 317, 336, 340, 341, 356, 363, 365, 366, 367, 370, 375, 388, 391, 394, 396, 402, 410, 411, 412, 413, 415, 416, 417, 418, 419, 425, 429, 431, 433, 435, 437, 440, 441, 442, 443, 451, 452, 456, 457, 458, 460, 461, 464, 471, 473, 474, 475, 481, 482, 501, 596, 628, 635, 655, 675, 693, 716, 720, 725, 771, 775, 793, 796, 797, 811, 817, 818, 820, 825, 838, 841, 844, 846, 851, 857, 861, 862, 863, 864, 866, 867, 868, 870, 871, 877, 881, 883, 885, 888, 891, 892, 893, 898, 899, 904, 905, 907, 908, 911, 918, 920, 921, 922, 923, 924, 926, 931, 933]","[12, 24, 25, 28, 88, 100, 104, 119, 123, 129, 136, 137, 139, 140, 141, 148, 155, 169, 172, 179, 183, 185, 188, 196, 198, 217, 237, 267, 270, 278, 319, 321, 324, 325, 330, 334, 335, 354, 366, 369, 380, 383, 384, 386, 395, 407, 411, 423, 428, 436, 437, 452, 453, 456, 467, 471, 477, 478, 479, 497, 508, 511, 559, 571, 575, 590, 594, 600, 607, 608, 610, 611, 612, 619, 627, 640, 643, 650, 654, 656, 659, 667, 669, 685, 701, 726, 729, 737, 777, 779, 782, 783, 787, 790, 791, 809, 817, 819, 830, 833, 834, 836, 845, 856, 857, 860, 862, 875, 880, 887, 888, 899, 900, 914, 918, 921, 928, 929, 930]","[12, 24, 25, 28, 88, 100, 104, 119, 123, 129, 136, 137, 139, 140, 141, 148, 155, 169, 172, 179, 183, 185, 188, 196, 198, 217, 237, 267, 270, 278, 319, 321, 324, 325, 330, 334, 335, 354, 366, 369, 380, 383, 384, 386, 395, 407, 411, 423, 428, 436, 437, 452, 453, 456, 467, 471, 477, 478, 479, 497, 508, 511, 559, 571, 575, 590, 594, 600, 607, 608, 610, 611, 612, 619, 627, 640, 643, 650, 654, 656, 659, 667, 669, 685, 701, 726, 729, 737, 777, 779, 782, 783, 787, 790, 791, 809, 817, 819, 830, 833, 834, 836, 845, 856, 857, 860, 862, 875, 880, 887, 888, 899, 900, 914, 918, 921, 928, 929, 930]","[875, 12, 16, 24, 25, 28, 922, 313, 559, 877, 317, 571, 928, 575, 929, 319, 930, 590, 321, 594, 596, 88, 600, 888, 324, 607, 608, 610, 611, 100, 325, 612, 104, 619, 627, 628, 119, 635, 123, 125, 330, 880, 640, 129, 643, 136, 137, 650, 139, 140, 141, 654, 655, 656, 334, 659, 148, 335, 155, 156, 667, 669, 163, 675, 168, 169, 172, 685, 179, 693, 183, 184, 185, 851, 188, 701, 196, 198, 883, 716, 205, 720, 856, 725, 726, 857, 217, 729, 222, 737, 229, 860, 861, 237, 862, 863, 885, 864, 253, 258, 771, 866, 775, 265, 777, 867, 267, 779, 270, 782, 868, 783, 787, 278, 790, 791, 793, 794, 795, 796, 797, 798, 799, 800, 801, 802, 803, 804, 805, 806, 807, 808, 809, 810, 811, 812, 813, 814, 815, 816, 817, 818, 819, 820, 821, 822, 823, 824, 825, 826, 827, 828, 829, 830, 831, 832, 833, 834, 835, 836, 837, 838, 839, 840, 841, 842, 843, 844, 845, 846, 847, 336, 881, 338, 339, 340, 341, 342, 343, 344, 345, 346, 347, 348, 349, 350, 351, 352, 353, 354, 355, 356, 357, 358, 359, 360, 361, 362, 363, 364, 365, 366, 367, 368, 369, 370, 371, 372, 373, 374, 375, 376, 377, 378, 379, 380, 381, 382, 383, 384, 385, 386, 387, 388, 389, 390, 391, 392, 393, 394, 395, 396, 397, 892, 893, 870, 891, 402, 907, 908, 911, 918, 407, 920, 921, 410, 411, 412, 413, 871, 415, 416, 417, 418, 419, 923, 924, 926, 898, 931, 425, 933, 423, 899, 429, 428, 431, 433, 900, 435, 436, 437, 440, 441, 442, 443, 451, 452, 904, 453, 456, 457, 458, 905, 460, 461, 464, 467, 471, 473, 474, 475, 477, 478, 479, 887, 481, 482, 497, 501, 914, 508, 511]",True,"[366, 817]","[338, 339, 340, 341, 342, 343, 344, 345, 346, 347, 348, 349, 350, 351, 352, 353, 354, 355, 356, 357, 358, 359, 360, 361, 362, 363, 364, 365, 366, 367, 368, 369, 370, 371, 372, 373, 374, 375, 376, 377, 378, 379, 380, 381, 382, 383, 384, 385, 386, 387, 388, 389, 390, 391, 392, 393, 394, 395, 396, 397, 794, 795, 796, 797, 798, 799, 800, 801, 802, 803, 804, 805, 806, 807, 808, 809, 810, 811, 812, 813, 814, 815, 816, 817, 818, 819, 820, 821, 822, 823, 824, 825, 826, 827, 828, 829, 830, 831, 832, 833, 834, 835, 836, 837, 838, 839, 840, 841, 842, 843, 844, 845, 846, 847]","[366, 817]","[366, 817]","[16, 125, 156, 163, 168, 184, 205, 222, 229, 253, 258, 265, 313, 317, 336, 340, 341, 356, 363, 365, 366, 367, 370, 375, 388, 391, 394, 396, 402, 410, 411, 412, 413, 415, 416, 417, 418, 419, 425, 429, 431, 433, 435, 437, 440, 441, 442, 443, 451, 452, 456, 457, 458, 460, 461, 464, 471, 473, 474, 475, 481, 482, 501, 596, 628, 635, 655, 675, 693, 716, 720, 725, 771, 775, 793, 796, 797, 811, 817, 818, 820, 825, 838, 841, 844, 846, 851, 857, 861, 862, 863, 864, 866, 867, 868, 870, 871, 877, 881, 883, 885, 888, 891, 892, 893, 898, 899, 904, 905, 907, 908, 911, 918, 920, 921, 922, 923, 924, 926, 931, 933]","[12, 24, 25, 28, 88, 100, 104, 119, 123, 129, 136, 137, 139, 140, 141, 148, 155, 169, 172, 179, 183, 185, 188, 196, 198, 217, 237, 267, 270, 278, 319, 321, 324, 325, 330, 334, 335, 354, 366, 369, 380, 383, 384, 386, 395, 407, 411, 423, 428, 436, 437, 452, 453, 456, 467, 471, 477, 478, 479, 497, 508, 511, 559, 571, 575, 590, 594, 600, 607, 608, 610, 611, 612, 619, 627, 640, 643, 650, 654, 656, 659, 667, 669, 685, 701, 726, 729, 737, 777, 779, 782, 783, 787, 790, 791, 809, 817, 819, 830, 833, 834, 836, 845, 856, 857, 860, 862, 875, 880, 887, 888, 899, 900, 914, 918, 921, 928, 929, 930]","[12, 24, 25, 28, 88, 100, 104, 119, 123, 129, 136, 137, 139, 140, 141, 148, 155, 169, 172, 179, 183, 185, 188, 196, 198, 217, 237, 267, 270, 278, 319, 321, 324, 325, 330, 334, 335, 354, 366, 369, 380, 383, 384, 386, 395, 407, 411, 423, 428, 436, 437, 452, 453, 456, 467, 471, 477, 478, 479, 497, 508, 511, 559, 571, 575, 590, 594, 600, 607, 608, 610, 611, 612, 619, 627, 640, 643, 650, 654, 656, 659, 667, 669, 685, 701, 726, 729, 737, 777, 779, 782, 783, 787, 790, 791, 809, 817, 819, 830, 833, 834, 836, 845, 856, 857, 860, 862, 875, 880, 887, 888, 899, 900, 914, 918, 921, 928, 929, 930]",7/6 successful match,True,,False,668,False,,1.0,True,Moapa Paiute Travel Plaza ( Chevron ),Chevron
"Mesquite , 89027 Virgin Valley Food Mart ( 76 )",702-346-8881 I-15 Exit 122,HRS,Mesquite,89027,Virgin Valley Food Mart ( 76 ),702-346-8881,2007,Mesquite,NV,,,I-15 Exit 122,Exit,122,False,,False,I-15,,,,,"[394, 844]","[340, 394, 796, 844]","[340, 394, 796, 844]","[394, 844, 869]","[338, 339, 340, 341, 342, 343, 344, 345, 346, 347, 348, 349, 350, 351, 352, 353, 354, 355, 356, 357, 358, 359, 360, 361, 362, 363, 364, 365, 366, 367, 368, 369, 370, 371, 372, 373, 374, 375, 376, 377, 378, 379, 380, 381, 382, 383, 384, 385, 386, 387, 388, 389, 390, 391, 392, 393, 394, 395, 396, 397, 794, 795, 796, 797, 798, 799, 800, 801, 802, 803, 804, 805, 806, 807, 808, 809, 810, 811, 812, 813, 814, 815, 816, 817, 818, 819, 820, 821, 822, 823, 824, 825, 826, 827, 828, 829, 830, 831, 832, 833, 834, 835, 836, 837, 838, 839, 840, 841, 842, 843, 844, 845, 846, 847]","[16, 125, 156, 163, 168, 184, 205, 222, 229, 253, 258, 265, 313, 317, 336, 340, 341, 356, 363, 365, 366, 367, 370, 375, 388, 391, 394, 396, 402, 410, 411, 412, 413, 415, 416, 417, 418, 419, 425, 429, 431, 433, 435, 437, 440, 441, 442, 443, 451, 452, 456, 457, 458, 460, 461, 464, 471, 473, 474, 475, 481, 482, 501, 596, 628, 635, 655, 675, 693, 716, 720, 725, 771, 775, 793, 796, 797, 811, 817, 818, 820, 825, 838, 841, 844, 846, 851, 857, 861, 862, 863, 864, 866, 867, 868, 870, 871, 877, 881, 883, 885, 888, 891, 892, 893, 898, 899, 904, 905, 907, 908, 911, 918, 920, 921, 922, 923, 924, 926, 931, 933]",[],"[84, 87, 89, 114, 115, 117, 124, 132, 135, 144, 152, 154, 178, 218, 239, 268, 279, 281, 297, 318, 320, 321, 322, 323, 324, 325, 326, 327, 348, 394, 401, 555, 558, 560, 585, 586, 588, 595, 603, 606, 615, 623, 626, 649, 686, 703, 727, 738, 740, 756, 776, 778, 779, 780, 781, 782, 783, 784, 785, 803, 844, 850]","[16, 281, 922, 313, 555, 558, 560, 877, 317, 318, 585, 586, 320, 588, 321, 595, 596, 84, 322, 87, 89, 888, 323, 603, 606, 324, 325, 615, 326, 327, 623, 114, 115, 628, 117, 626, 635, 124, 125, 132, 135, 649, 655, 144, 152, 154, 156, 163, 675, 168, 686, 178, 693, 850, 184, 851, 703, 883, 716, 205, 720, 725, 727, 857, 218, 222, 738, 740, 229, 861, 239, 862, 756, 863, 885, 864, 253, 258, 771, 866, 775, 776, 265, 778, 867, 268, 779, 780, 781, 868, 782, 783, 784, 785, 279, 793, 794, 795, 796, 797, 798, 799, 800, 801, 802, 803, 804, 805, 806, 807, 808, 809, 810, 811, 812, 813, 814, 815, 816, 817, 818, 819, 820, 821, 822, 823, 824, 825, 826, 827, 828, 829, 830, 831, 832, 833, 834, 835, 836, 837, 838, 839, 840, 841, 842, 843, 844, 845, 846, 847, 336, 881, 338, 339, 340, 341, 342, 343, 344, 345, 346, 347, 348, 349, 350, 351, 352, 353, 354, 355, 356, 869, 357, 358, 359, 360, 361, 362, 363, 364, 365, 366, 367, 368, 369, 370, 371, 372, 373, 375, 374, 376, 377, 378, 379, 380, 381, 382, 384, 385, 386, 387, 388, 389, 390, 391, 392, 393, 394, 395, 396, 397, 383, 892, 870, 891, 402, 893, 907, 908, 911, 918, 920, 921, 410, 411, 412, 413, 871, 415, 416, 417, 418, 419, 923, 924, 926, 898, 931, 425, 933, 899, 429, 431, 433, 435, 437, 440, 441, 442, 443, 451, 452, 904, 456, 457, 458, 905, 460, 461, 464, 471, 297, 473, 474, 475, 481, 482, 401, 501]",True,"[340, 394, 796, 844]","[338, 339, 340, 341, 342, 343, 344, 345, 346, 347, 348, 349, 350, 351, 352, 353, 354, 355, 356, 357, 358, 359, 360, 361, 362, 363, 364, 365, 366, 367, 368, 369, 370, 371, 372, 373, 374, 375, 376, 377, 378, 379, 380, 381, 382, 383, 384, 385, 386, 387, 388, 389, 390, 391, 392, 393, 394, 395, 396, 397, 794, 795, 796, 797, 798, 799, 800, 801, 802, 803, 804, 805, 806, 807, 808, 809, 810, 811, 812, 813, 814, 815, 816, 817, 818, 819, 820, 821, 822, 823, 824, 825, 826, 827, 828, 829, 830, 831, 832, 833, 834, 835, 836, 837, 838, 839, 840, 841, 842, 843, 844, 845, 846, 847]","[340, 394, 796, 844]","[394, 844, 869]","[16, 125, 156, 163, 168, 184, 205, 222, 229, 253, 258, 265, 313, 317, 336, 340, 341, 356, 363, 365, 366, 367, 370, 375, 388, 391, 394, 396, 402, 410, 411, 412, 413, 415, 416, 417, 418, 419, 425, 429, 431, 433, 435, 437, 440, 441, 442, 443, 451, 452, 456, 457, 458, 460, 461, 464, 471, 473, 474, 475, 481, 482, 501, 596, 628, 635, 655, 675, 693, 716, 720, 725, 771, 775, 793, 796, 797, 811, 817, 818, 820, 825, 838, 841, 844, 846, 851, 857, 861, 862, 863, 864, 866, 867, 868, 870, 871, 877, 881, 883, 885, 888, 891, 892, 893, 898, 899, 904, 905, 907, 908, 911, 918, 920, 921, 922, 923, 924, 926, 931, 933]","[84, 87, 89, 114, 115, 117, 124, 132, 135, 144, 152, 154, 178, 218, 239, 268, 279, 281, 297, 318, 320, 321, 322, 323, 324, 325, 326, 327, 348, 394, 401, 555, 558, 560, 585, 586, 588, 595, 603, 606, 615, 623, 626, 649, 686, 703, 727, 738, 740, 756, 776, 778, 779, 780, 781, 782, 783, 784, 785, 803, 844, 850]",[],7/6 successful match,True,[17],True,669,False,,,,,
"Mesquite , 89027 Virgin Valley",702-346-8881 I-15 Exit 122 Food Mart ( Rebel ),24 <U+25A1> <U+25A1>,Mesquite,89027,Virgin Valley,702-346-8881,2008,Mesquite,NV,,( Rebel ),I-15 Exit 122 Food Mart ,Exit,122,False,,False,I-15,,,,,"[394, 844]","[340, 394, 796, 844]","[340, 394, 796, 844]","[394, 844, 869]","[338, 339, 340, 341, 342, 343, 344, 345, 346, 347, 348, 349, 350, 351, 352, 353, 354, 355, 356, 357, 358, 359, 360, 361, 362, 363, 364, 365, 366, 367, 368, 369, 370, 371, 372, 373, 374, 375, 376, 377, 378, 379, 380, 381, 382, 383, 384, 385, 386, 387, 388, 389, 390, 391, 392, 393, 394, 395, 396, 397, 794, 795, 796, 797, 798, 799, 800, 801, 802, 803, 804, 805, 806, 807, 808, 809, 810, 811, 812, 813, 814, 815, 816, 817, 818, 819, 820, 821, 822, 823, 824, 825, 826, 827, 828, 829, 830, 831, 832, 833, 834, 835, 836, 837, 838, 839, 840, 841, 842, 843, 844, 845, 846, 847]","[16, 125, 156, 163, 168, 184, 205, 222, 229, 253, 258, 265, 313, 317, 336, 340, 341, 356, 363, 365, 366, 367, 370, 375, 388, 391, 394, 396, 402, 410, 411, 412, 413, 415, 416, 417, 418, 419, 425, 429, 431, 433, 435, 437, 440, 441, 442, 443, 451, 452, 456, 457, 458, 460, 461, 464, 471, 473, 474, 475, 481, 482, 501, 596, 628, 635, 655, 675, 693, 716, 720, 725, 771, 775, 793, 796, 797, 811, 817, 818, 820, 825, 838, 841, 844, 846, 851, 857, 861, 862, 863, 864, 866, 867, 868, 870, 871, 877, 881, 883, 885, 888, 891, 892, 893, 898, 899, 904, 905, 907, 908, 911, 918, 920, 921, 922, 923, 924, 926, 931, 933]",[],"[154, 218, 279, 321, 322, 323, 324, 325, 326, 394, 401, 626, 686, 738, 779, 780, 781, 782, 783, 784, 844, 850]","[16, 922, 313, 877, 317, 321, 596, 322, 888, 323, 324, 325, 326, 626, 628, 635, 125, 655, 154, 156, 163, 675, 168, 686, 693, 850, 184, 851, 883, 716, 205, 720, 725, 857, 218, 222, 738, 229, 861, 862, 863, 885, 864, 253, 258, 771, 866, 775, 265, 867, 779, 780, 781, 782, 868, 783, 784, 279, 793, 794, 795, 796, 797, 798, 799, 800, 801, 802, 803, 804, 805, 806, 807, 808, 809, 810, 811, 812, 813, 814, 815, 816, 817, 818, 819, 820, 821, 822, 823, 824, 825, 826, 827, 828, 829, 830, 831, 832, 833, 834, 835, 836, 837, 838, 839, 840, 841, 842, 843, 844, 845, 846, 847, 336, 881, 338, 339, 340, 341, 342, 343, 344, 345, 346, 347, 348, 349, 350, 351, 352, 353, 354, 355, 356, 869, 357, 358, 359, 360, 361, 362, 363, 364, 365, 366, 367, 368, 369, 370, 371, 372, 373, 375, 374, 376, 377, 378, 379, 380, 381, 382, 384, 385, 386, 387, 388, 389, 390, 391, 392, 393, 394, 395, 396, 397, 383, 892, 870, 891, 402, 893, 907, 908, 911, 918, 920, 921, 410, 411, 412, 413, 871, 415, 416, 417, 418, 419, 923, 924, 926, 898, 931, 425, 933, 899, 429, 431, 433, 435, 437, 440, 441, 442, 443, 451, 452, 904, 456, 457, 458, 905, 460, 461, 464, 471, 473, 474, 475, 481, 482, 401, 501]",True,"[340, 394, 796, 844]","[338, 339, 340, 341, 342, 343, 344, 345, 346, 347, 348, 349, 350, 351, 352, 353, 354, 355, 356, 357, 358, 359, 360, 361, 362, 363, 364, 365, 366, 367, 368, 369, 370, 371, 372, 373, 374, 375, 376, 377, 378, 379, 380, 381, 382, 383, 384, 385, 386, 387, 388, 389, 390, 391, 392, 393, 394, 395, 396, 397, 794, 795, 796, 797, 798, 799, 800, 801, 802, 803, 804, 805, 806, 807, 808, 809, 810, 811, 812, 813, 814, 815, 816, 817, 818, 819, 820, 821, 822, 823, 824, 825, 826, 827, 828, 829, 830, 831, 832, 833, 834, 835, 836, 837, 838, 839, 840, 841, 842, 843, 844, 845, 846, 847]","[340, 394, 796, 844]","[394, 844, 869]","[16, 125, 156, 163, 168, 184, 205, 222, 229, 253, 258, 265, 313, 317, 336, 340, 341, 356, 363, 365, 366, 367, 370, 375, 388, 391, 394, 396, 402, 410, 411, 412, 413, 415, 416, 417, 418, 419, 425, 429, 431, 433, 435, 437, 440, 441, 442, 443, 451, 452, 456, 457, 458, 460, 461, 464, 471, 473, 474, 475, 481, 482, 501, 596, 628, 635, 655, 675, 693, 716, 720, 725, 771, 775, 793, 796, 797, 811, 817, 818, 820, 825, 838, 841, 844, 846, 851, 857, 861, 862, 863, 864, 866, 867, 868, 870, 871, 877, 881, 883, 885, 888, 891, 892, 893, 898, 899, 904, 905, 907, 908, 911, 918, 920, 921, 922, 923, 924, 926, 931, 933]","[154, 218, 279, 321, 322, 323, 324, 325, 326, 394, 401, 626, 686, 738, 779, 780, 781, 782, 783, 784, 844, 850]",[],7/6 successful match,True,[17],True,669,False,,0.8413953488372093,True,Virgin Valley Food Mart ( 76 ),
Mesquite ( 89027 ) Virgin Valley Food Mart ( Rebel ),702-346-8881 I-15 Exit 122,24 O,Mesquite,89027,Virgin Valley Food Mart ( Rebel ),702-346-8881,2014,Mesquite,NV,,,I-15 Exit 122,Exit,122,False,,False,I-15,,,,,"[394, 844]","[340, 394, 796, 844]","[340, 394, 796, 844]","[394, 844, 869]","[338, 339, 340, 341, 342, 343, 344, 345, 346, 347, 348, 349, 350, 351, 352, 353, 354, 355, 356, 357, 358, 359, 360, 361, 362, 363, 364, 365, 366, 367, 368, 369, 370, 371, 372, 373, 374, 375, 376, 377, 378, 379, 380, 381, 382, 383, 384, 385, 386, 387, 388, 389, 390, 391, 392, 393, 394, 395, 396, 397, 794, 795, 796, 797, 798, 799, 800, 801, 802, 803, 804, 805, 806, 807, 808, 809, 810, 811, 812, 813, 814, 815, 816, 817, 818, 819, 820, 821, 822, 823, 824, 825, 826, 827, 828, 829, 830, 831, 832, 833, 834, 835, 836, 837, 838, 839, 840, 841, 842, 843, 844, 845, 846, 847]","[16, 125, 156, 163, 168, 184, 205, 222, 229, 253, 258, 265, 313, 317, 336, 340, 341, 356, 363, 365, 366, 367, 370, 375, 388, 391, 394, 396, 402, 410, 411, 412, 413, 415, 416, 417, 418, 419, 425, 429, 431, 433, 435, 437, 440, 441, 442, 443, 451, 452, 456, 457, 458, 460, 461, 464, 471, 473, 474, 475, 481, 482, 501, 596, 628, 635, 655, 675, 693, 716, 720, 725, 771, 775, 793, 796, 797, 811, 817, 818, 820, 825, 838, 841, 844, 846, 851, 857, 861, 862, 863, 864, 866, 867, 868, 870, 871, 877, 881, 883, 885, 888, 891, 892, 893, 898, 899, 904, 905, 907, 908, 911, 918, 920, 921, 922, 923, 924, 926, 931, 933]",[],"[154, 218, 279, 321, 322, 323, 324, 325, 326, 381, 382, 394, 401, 626, 686, 738, 779, 780, 781, 782, 783, 784, 831, 832, 844, 850]","[16, 922, 313, 877, 317, 321, 596, 322, 888, 323, 324, 325, 326, 626, 628, 635, 125, 655, 154, 156, 163, 675, 168, 686, 693, 850, 184, 851, 883, 716, 205, 720, 725, 857, 218, 222, 738, 229, 861, 862, 863, 885, 864, 253, 258, 771, 866, 775, 265, 867, 779, 780, 781, 782, 868, 783, 784, 279, 793, 794, 795, 796, 797, 798, 799, 800, 801, 802, 803, 804, 805, 806, 807, 808, 809, 810, 811, 812, 813, 814, 815, 816, 817, 818, 819, 820, 821, 822, 823, 824, 825, 826, 827, 828, 829, 830, 831, 832, 833, 834, 835, 836, 837, 838, 839, 840, 841, 842, 843, 844, 845, 846, 847, 336, 881, 338, 339, 340, 341, 342, 343, 344, 345, 346, 347, 348, 349, 350, 351, 352, 353, 354, 355, 356, 869, 357, 358, 359, 360, 361, 362, 363, 364, 365, 366, 367, 368, 369, 370, 371, 372, 373, 375, 374, 376, 377, 378, 379, 380, 381, 382, 384, 385, 386, 387, 388, 389, 390, 391, 392, 393, 394, 395, 396, 397, 383, 892, 870, 891, 402, 893, 907, 908, 911, 918, 920, 921, 410, 411, 412, 413, 871, 415, 416, 417, 418, 419, 923, 924, 926, 898, 931, 425, 933, 899, 429, 431, 433, 435, 437, 440, 441, 442, 443, 451, 452, 904, 456, 457, 458, 905, 460, 461, 464, 471, 473, 474, 475, 481, 482, 401, 501]",True,"[340, 394, 796, 844]","[338, 339, 340, 341, 342, 343, 344, 345, 346, 347, 348, 349, 350, 351, 352, 353, 354, 355, 356, 357, 358, 359, 360, 361, 362, 363, 364, 365, 366, 367, 368, 369, 370, 371, 372, 373, 374, 375, 376, 377, 378, 379, 380, 381, 382, 383, 384, 385, 386, 387, 388, 389, 390, 391, 392, 393, 394, 395, 396, 397, 794, 795, 796, 797, 798, 799, 800, 801, 802, 803, 804, 805, 806, 807, 808, 809, 810, 811, 812, 813, 814, 815, 816, 817, 818, 819, 820, 821, 822, 823, 824, 825, 826, 827, 828, 829, 830, 831, 832, 833, 834, 835, 836, 837, 838, 839, 840, 841, 842, 843, 844, 845, 846, 847]","[340, 394, 796, 844]","[394, 844, 869]","[16, 125, 156, 163, 168, 184, 205, 222, 229, 253, 258, 265, 313, 317, 336, 340, 341, 356, 363, 365, 366, 367, 370, 375, 388, 391, 394, 396, 402, 410, 411, 412, 413, 415, 416, 417, 418, 419, 425, 429, 431, 433, 435, 437, 440, 441, 442, 443, 451, 452, 456, 457, 458, 460, 461, 464, 471, 473, 474, 475, 481, 482, 501, 596, 628, 635, 655, 675, 693, 716, 720, 725, 771, 775, 793, 796, 797, 811, 817, 818, 820, 825, 838, 841, 844, 846, 851, 857, 861, 862, 863, 864, 866, 867, 868, 870, 871, 877, 881, 883, 885, 888, 891, 892, 893, 898, 899, 904, 905, 907, 908, 911, 918, 920, 921, 922, 923, 924, 926, 931, 933]","[154, 218, 279, 321, 322, 323, 324, 325, 326, 381, 382, 394, 401, 626, 686, 738, 779, 780, 781, 782, 783, 784, 831, 832, 844, 850]",[],7/6 successful match,True,[17],True,669,False,,0.8295652173913044,True,Virgin Valley,
Mesquite ( 89027 ) Virgin I-80 Exit Valley 106 Food Mart ( Rebel ),702-346-8881 I-15 Exit 122,24 HORS LO,Mesquite,89027,Virgin I-80 Exit Valley 106 Food Mart ( Rebel ),702-346-8881,2015,Mesquite,NV,,,I-15 Exit 122,Exit,122,False,,False,I-15,,,,,"[394, 844]","[340, 394, 796, 844]","[340, 394, 796, 844]","[394, 844, 869]","[338, 339, 340, 341, 342, 343, 344, 345, 346, 347, 348, 349, 350, 351, 352, 353, 354, 355, 356, 357, 358, 359, 360, 361, 362, 363, 364, 365, 366, 367, 368, 369, 370, 371, 372, 373, 374, 375, 376, 377, 378, 379, 380, 381, 382, 383, 384, 385, 386, 387, 388, 389, 390, 391, 392, 393, 394, 395, 396, 397, 794, 795, 796, 797, 798, 799, 800, 801, 802, 803, 804, 805, 806, 807, 808, 809, 810, 811, 812, 813, 814, 815, 816, 817, 818, 819, 820, 821, 822, 823, 824, 825, 826, 827, 828, 829, 830, 831, 832, 833, 834, 835, 836, 837, 838, 839, 840, 841, 842, 843, 844, 845, 846, 847]","[16, 125, 156, 163, 168, 184, 205, 222, 229, 253, 258, 265, 313, 317, 336, 340, 341, 356, 363, 365, 366, 367, 370, 375, 388, 391, 394, 396, 402, 410, 411, 412, 413, 415, 416, 417, 418, 419, 425, 429, 431, 433, 435, 437, 440, 441, 442, 443, 451, 452, 456, 457, 458, 460, 461, 464, 471, 473, 474, 475, 481, 482, 501, 596, 628, 635, 655, 675, 693, 716, 720, 725, 771, 775, 793, 796, 797, 811, 817, 818, 820, 825, 838, 841, 844, 846, 851, 857, 861, 862, 863, 864, 866, 867, 868, 870, 871, 877, 881, 883, 885, 888, 891, 892, 893, 898, 899, 904, 905, 907, 908, 911, 918, 920, 921, 922, 923, 924, 926, 931, 933]",[],"[154, 218, 279, 321, 322, 323, 324, 325, 326, 381, 382, 394, 401, 626, 686, 738, 779, 780, 781, 782, 783, 784, 831, 832, 844, 850]","[16, 922, 313, 877, 317, 321, 596, 322, 888, 323, 324, 325, 326, 626, 628, 635, 125, 655, 154, 156, 163, 675, 168, 686, 693, 850, 184, 851, 883, 716, 205, 720, 725, 857, 218, 222, 738, 229, 861, 862, 863, 885, 864, 253, 258, 771, 866, 775, 265, 867, 779, 780, 781, 782, 868, 783, 784, 279, 793, 794, 795, 796, 797, 798, 799, 800, 801, 802, 803, 804, 805, 806, 807, 808, 809, 810, 811, 812, 813, 814, 815, 816, 817, 818, 819, 820, 821, 822, 823, 824, 825, 826, 827, 828, 829, 830, 831, 832, 833, 834, 835, 836, 837, 838, 839, 840, 841, 842, 843, 844, 845, 846, 847, 336, 881, 338, 339, 340, 341, 342, 343, 344, 345, 346, 347, 348, 349, 350, 351, 352, 353, 354, 355, 356, 869, 357, 358, 359, 360, 361, 362, 363, 364, 365, 366, 367, 368, 369, 370, 371, 372, 373, 375, 374, 376, 377, 378, 379, 380, 381, 382, 384, 385, 386, 387, 388, 389, 390, 391, 392, 393, 394, 395, 396, 397, 383, 892, 870, 891, 402, 893, 907, 908, 911, 918, 920, 921, 410, 411, 412, 413, 871, 415, 416, 417, 418, 419, 923, 924, 926, 898, 931, 425, 933, 899, 429, 431, 433, 435, 437, 440, 441, 442, 443, 451, 452, 904, 456, 457, 458, 905, 460, 461, 464, 471, 473, 474, 475, 481, 482, 401, 501]",True,"[340, 394, 796, 844]","[338, 339, 340, 341, 342, 343, 344, 345, 346, 347, 348, 349, 350, 351, 352, 353, 354, 355, 356, 357, 358, 359, 360, 361, 362, 363, 364, 365, 366, 367, 368, 369, 370, 371, 372, 373, 374, 375, 376, 377, 378, 379, 380, 381, 382, 383, 384, 385, 386, 387, 388, 389, 390, 391, 392, 393, 394, 395, 396, 397, 794, 795, 796, 797, 798, 799, 800, 801, 802, 803, 804, 805, 806, 807, 808, 809, 810, 811, 812, 813, 814, 815, 816, 817, 818, 819, 820, 821, 822, 823, 824, 825, 826, 827, 828, 829, 830, 831, 832, 833, 834, 835, 836, 837, 838, 839, 840, 841, 842, 843, 844, 845, 846, 847]","[340, 394, 796, 844]","[394, 844, 869]","[16, 125, 156, 163, 168, 184, 205, 222, 229, 253, 258, 265, 313, 317, 336, 340, 341, 356, 363, 365, 366, 367, 370, 375, 388, 391, 394, 396, 402, 410, 411, 412, 413, 415, 416, 417, 418, 419, 425, 429, 431, 433, 435, 437, 440, 441, 442, 443, 451, 452, 456, 457, 458, 460, 461, 464, 471, 473, 474, 475, 481, 482, 501, 596, 628, 635, 655, 675, 693, 716, 720, 725, 771, 775, 793, 796, 797, 811, 817, 818, 820, 825, 838, 841, 844, 846, 851, 857, 861, 862, 863, 864, 866, 867, 868, 870, 871, 877, 881, 883, 885, 888, 891, 892, 893, 898, 899, 904, 905, 907, 908, 911, 918, 920, 921, 922, 923, 924, 926, 931, 933]","[154, 218, 279, 321, 322, 323, 324, 325, 326, 381, 382, 394, 401, 626, 686, 738, 779, 780, 781, 782, 783, 784, 831, 832, 844, 850]",[],7/6 successful match,True,[17],True,669,False,,1.0,True,Virgin Valley Food Mart ( Rebel ),
Mesquite ( 89027 ) Virgin Valley Food Mart ( Rebel ),702-346-8881 I-15 Exit 122,24 D,Mesquite,89027,Virgin Valley Food Mart ( Rebel ),702-346-8881,2016,Mesquite,NV,,,I-15 Exit 122,Exit,122,False,,False,I-15,,,,,"[394, 844]","[340, 394, 796, 844]","[340, 394, 796, 844]","[394, 844, 869]","[338, 339, 340, 341, 342, 343, 344, 345, 346, 347, 348, 349, 350, 351, 352, 353, 354, 355, 356, 357, 358, 359, 360, 361, 362, 363, 364, 365, 366, 367, 368, 369, 370, 371, 372, 373, 374, 375, 376, 377, 378, 379, 380, 381, 382, 383, 384, 385, 386, 387, 388, 389, 390, 391, 392, 393, 394, 395, 396, 397, 794, 795, 796, 797, 798, 799, 800, 801, 802, 803, 804, 805, 806, 807, 808, 809, 810, 811, 812, 813, 814, 815, 816, 817, 818, 819, 820, 821, 822, 823, 824, 825, 826, 827, 828, 829, 830, 831, 832, 833, 834, 835, 836, 837, 838, 839, 840, 841, 842, 843, 844, 845, 846, 847]","[16, 125, 156, 163, 168, 184, 205, 222, 229, 253, 258, 265, 313, 317, 336, 340, 341, 356, 363, 365, 366, 367, 370, 375, 388, 391, 394, 396, 402, 410, 411, 412, 413, 415, 416, 417, 418, 419, 425, 429, 431, 433, 435, 437, 440, 441, 442, 443, 451, 452, 456, 457, 458, 460, 461, 464, 471, 473, 474, 475, 481, 482, 501, 596, 628, 635, 655, 675, 693, 716, 720, 725, 771, 775, 793, 796, 797, 811, 817, 818, 820, 825, 838, 841, 844, 846, 851, 857, 861, 862, 863, 864, 866, 867, 868, 870, 871, 877, 881, 883, 885, 888, 891, 892, 893, 898, 899, 904, 905, 907, 908, 911, 918, 920, 921, 922, 923, 924, 926, 931, 933]",[],"[154, 218, 279, 321, 322, 323, 324, 325, 326, 381, 382, 394, 401, 626, 686, 738, 779, 780, 781, 782, 783, 784, 831, 832, 844, 850]","[16, 922, 313, 877, 317, 321, 596, 322, 888, 323, 324, 325, 326, 626, 628, 635, 125, 655, 154, 156, 163, 675, 168, 686, 693, 850, 184, 851, 883, 716, 205, 720, 725, 857, 218, 222, 738, 229, 861, 862, 863, 885, 864, 253, 258, 771, 866, 775, 265, 867, 779, 780, 781, 782, 868, 783, 784, 279, 793, 794, 795, 796, 797, 798, 799, 800, 801, 802, 803, 804, 805, 806, 807, 808, 809, 810, 811, 812, 813, 814, 815, 816, 817, 818, 819, 820, 821, 822, 823, 824, 825, 826, 827, 828, 829, 830, 831, 832, 833, 834, 835, 836, 837, 838, 839, 840, 841, 842, 843, 844, 845, 846, 847, 336, 881, 338, 339, 340, 341, 342, 343, 344, 345, 346, 347, 348, 349, 350, 351, 352, 353, 354, 355, 356, 869, 357, 358, 359, 360, 361, 362, 363, 364, 365, 366, 367, 368, 369, 370, 371, 372, 373, 375, 374, 376, 377, 378, 379, 380, 381, 382, 384, 385, 386, 387, 388, 389, 390, 391, 392, 393, 394, 395, 396, 397, 383, 892, 870, 891, 402, 893, 907, 908, 911, 918, 920, 921, 410, 411, 412, 413, 871, 415, 416, 417, 418, 419, 923, 924, 926, 898, 931, 425, 933, 899, 429, 431, 433, 435, 437, 440, 441, 442, 443, 451, 452, 904, 456, 457, 458, 905, 460, 461, 464, 471, 473, 474, 475, 481, 482, 401, 501]",True,"[340, 394, 796, 844]","[338, 339, 340, 341, 342, 343, 344, 345, 346, 347, 348, 349, 350, 351, 352, 353, 354, 355, 356, 357, 358, 359, 360, 361, 362, 363, 364, 365, 366, 367, 368, 369, 370, 371, 372, 373, 374, 375, 376, 377, 378, 379, 380, 381, 382, 383, 384, 385, 386, 387, 388, 389, 390, 391, 392, 393, 394, 395, 396, 397, 794, 795, 796, 797, 798, 799, 800, 801, 802, 803, 804, 805, 806, 807, 808, 809, 810, 811, 812, 813, 814, 815, 816, 817, 818, 819, 820, 821, 822, 823, 824, 825, 826, 827, 828, 829, 830, 831, 832, 833, 834, 835, 836, 837, 838, 839, 840, 841, 842, 843, 844, 845, 846, 847]","[340, 394, 796, 844]","[394, 844, 869]","[16, 125, 156, 163, 168, 184, 205, 222, 229, 253, 258, 265, 313, 317, 336, 340, 341, 356, 363, 365, 366, 367, 370, 375, 388, 391, 394, 396, 402, 410, 411, 412, 413, 415, 416, 417, 418, 419, 425, 429, 431, 433, 435, 437, 440, 441, 442, 443, 451, 452, 456, 457, 458, 460, 461, 464, 471, 473, 474, 475, 481, 482, 501, 596, 628, 635, 655, 675, 693, 716, 720, 725, 771, 775, 793, 796, 797, 811, 817, 818, 820, 825, 838, 841, 844, 846, 851, 857, 861, 862, 863, 864, 866, 867, 868, 870, 871, 877, 881, 883, 885, 888, 891, 892, 893, 898, 899, 904, 905, 907, 908, 911, 918, 920, 921, 922, 923, 924, 926, 931, 933]","[154, 218, 279, 321, 322, 323, 324, 325, 326, 381, 382, 394, 401, 626, 686, 738, 779, 780, 781, 782, 783, 784, 831, 832, 844, 850]",[],7/6 successful match,True,[17],True,669,False,,1.0,True,Virgin I-80 Exit Valley 106 Food Mart ( Rebel ),
"Las Vegas ( N ) , 89030 Hallmark Truck Center",702-212-3500 I-15 Exit 46 ( W to Losee & 1/4 mi N ),,Las Vegas,89030,Hallmark Truck Center,702-212-3500,2006,North Las Vegas,NV,,( W to Losee & 1/4 mi N ),I-15 Exit 46 ,Exit,46,False,,False,I-15,,,,,[],"[363, 367, 818]","[356, 363, 365, 367, 370, 375, 381, 391, 396, 811, 818, 820, 825, 831, 841, 846]","[204, 219, 225, 249, 355, 367, 374, 674, 689, 712, 810, 818, 824]","[338, 339, 340, 341, 342, 343, 344, 345, 346, 347, 348, 349, 350, 351, 352, 353, 354, 355, 356, 357, 358, 359, 360, 361, 362, 363, 364, 365, 366, 367, 368, 369, 370, 371, 372, 373, 374, 375, 376, 377, 378, 379, 380, 381, 382, 383, 384, 385, 386, 387, 388, 389, 390, 391, 392, 393, 394, 395, 396, 397, 794, 795, 796, 797, 798, 799, 800, 801, 802, 803, 804, 805, 806, 807, 808, 809, 810, 811, 812, 813, 814, 815, 816, 817, 818, 819, 820, 821, 822, 823, 824, 825, 826, 827, 828, 829, 830, 831, 832, 833, 834, 835, 836, 837, 838, 839, 840, 841, 842, 843, 844, 845, 846, 847]","[16, 125, 156, 163, 168, 184, 205, 222, 229, 253, 258, 265, 313, 317, 336, 340, 341, 356, 363, 365, 366, 367, 370, 375, 388, 391, 394, 396, 402, 410, 411, 412, 413, 415, 416, 417, 418, 419, 425, 429, 431, 433, 435, 437, 440, 441, 442, 443, 451, 452, 456, 457, 458, 460, 461, 464, 471, 473, 474, 475, 481, 482, 501, 596, 628, 635, 655, 675, 693, 716, 720, 725, 771, 775, 793, 796, 797, 811, 817, 818, 820, 825, 838, 841, 844, 846, 851, 857, 861, 862, 863, 864, 866, 867, 868, 870, 871, 877, 881, 883, 885, 888, 891, 892, 893, 898, 899, 904, 905, 907, 908, 911, 918, 920, 921, 922, 923, 924, 926, 931, 933]",[],[],"[16, 922, 313, 877, 317, 596, 888, 628, 635, 125, 655, 156, 674, 163, 675, 168, 689, 693, 184, 851, 712, 883, 204, 205, 716, 720, 725, 857, 219, 222, 225, 229, 861, 862, 863, 249, 885, 864, 253, 258, 771, 866, 775, 265, 867, 868, 793, 794, 795, 796, 797, 798, 799, 800, 801, 802, 803, 804, 805, 806, 807, 808, 809, 810, 811, 812, 813, 814, 815, 816, 817, 818, 819, 820, 821, 822, 823, 824, 825, 826, 827, 828, 829, 830, 831, 832, 833, 834, 835, 836, 837, 838, 839, 840, 841, 842, 843, 844, 845, 846, 847, 336, 881, 338, 339, 340, 341, 342, 343, 344, 345, 346, 347, 348, 349, 350, 351, 352, 353, 354, 355, 356, 357, 358, 359, 360, 361, 362, 363, 364, 365, 366, 367, 368, 369, 370, 371, 372, 373, 374, 375, 376, 377, 378, 379, 380, 381, 382, 383, 384, 385, 386, 387, 388, 389, 390, 391, 392, 393, 394, 395, 396, 397, 892, 893, 870, 891, 402, 907, 908, 911, 918, 920, 921, 410, 411, 412, 413, 871, 415, 416, 417, 418, 419, 923, 924, 926, 898, 931, 425, 933, 899, 429, 431, 433, 435, 437, 440, 441, 442, 443, 451, 452, 904, 456, 457, 458, 905, 460, 461, 464, 471, 473, 474, 475, 481, 482, 501]",False,"[363, 367, 818]","[338, 339, 340, 341, 342, 343, 344, 345, 346, 347, 348, 349, 350, 351, 352, 353, 354, 355, 356, 357, 358, 359, 360, 361, 362, 363, 364, 365, 366, 367, 368, 369, 370, 371, 372, 373, 374, 375, 376, 377, 378, 379, 380, 381, 382, 383, 384, 385, 386, 387, 388, 389, 390, 391, 392, 393, 394, 395, 396, 397, 794, 795, 796, 797, 798, 799, 800, 801, 802, 803, 804, 805, 806, 807, 808, 809, 810, 811, 812, 813, 814, 815, 816, 817, 818, 819, 820, 821, 822, 823, 824, 825, 826, 827, 828, 829, 830, 831, 832, 833, 834, 835, 836, 837, 838, 839, 840, 841, 842, 843, 844, 845, 846, 847]","[356, 363, 365, 367, 370, 375, 381, 391, 396, 811, 818, 820, 825, 831, 841, 846]","[204, 219, 225, 249, 355, 367, 374, 674, 689, 712, 810, 818, 824]","[16, 125, 156, 163, 168, 184, 205, 222, 229, 253, 258, 265, 313, 317, 336, 340, 341, 356, 363, 365, 366, 367, 370, 375, 388, 391, 394, 396, 402, 410, 411, 412, 413, 415, 416, 417, 418, 419, 425, 429, 431, 433, 435, 437, 440, 441, 442, 443, 451, 452, 456, 457, 458, 460, 461, 464, 471, 473, 474, 475, 481, 482, 501, 596, 628, 635, 655, 675, 693, 716, 720, 725, 771, 775, 793, 796, 797, 811, 817, 818, 820, 825, 838, 841, 844, 846, 851, 857, 861, 862, 863, 864, 866, 867, 868, 870, 871, 877, 881, 883, 885, 888, 891, 892, 893, 898, 899, 904, 905, 907, 908, 911, 918, 920, 921, 922, 923, 924, 926, 931, 933]",[],[],7/6 successful match,False,,False,670,False,,,,,
"Vegas ( N ) , 89030 Hallmark Truck Center",702-212-3500 Las I-15 Exit 46 ( W to Losee & 1/4 mi N ),) HRS 24 S,Vegas,89030,Hallmark Truck Center,702-212-3500,2007,North Las Vegas,NV,,( W to Losee & 1/4 mi N ),Las I-15 Exit 46 ,Exit,46,False,,False,I-15,,,,,[],"[363, 367, 818]","[356, 363, 365, 367, 370, 375, 381, 391, 396, 811, 818, 820, 825, 831, 841, 846]","[204, 219, 225, 249, 355, 367, 374, 674, 689, 712, 810, 818, 824]","[338, 339, 340, 341, 342, 343, 344, 345, 346, 347, 348, 349, 350, 351, 352, 353, 354, 355, 356, 357, 358, 359, 360, 361, 362, 363, 364, 365, 366, 367, 368, 369, 370, 371, 372, 373, 374, 375, 376, 377, 378, 379, 380, 381, 382, 383, 384, 385, 386, 387, 388, 389, 390, 391, 392, 393, 394, 395, 396, 397, 794, 795, 796, 797, 798, 799, 800, 801, 802, 803, 804, 805, 806, 807, 808, 809, 810, 811, 812, 813, 814, 815, 816, 817, 818, 819, 820, 821, 822, 823, 824, 825, 826, 827, 828, 829, 830, 831, 832, 833, 834, 835, 836, 837, 838, 839, 840, 841, 842, 843, 844, 845, 846, 847]","[16, 125, 156, 163, 168, 184, 205, 222, 229, 253, 258, 265, 313, 317, 336, 340, 341, 356, 363, 365, 366, 367, 370, 375, 388, 391, 394, 396, 402, 410, 411, 412, 413, 415, 416, 417, 418, 419, 425, 429, 431, 433, 435, 437, 440, 441, 442, 443, 451, 452, 456, 457, 458, 460, 461, 464, 471, 473, 474, 475, 481, 482, 501, 596, 628, 635, 655, 675, 693, 716, 720, 725, 771, 775, 793, 796, 797, 811, 817, 818, 820, 825, 838, 841, 844, 846, 851, 857, 861, 862, 863, 864, 866, 867, 868, 870, 871, 877, 881, 883, 885, 888, 891, 892, 893, 898, 899, 904, 905, 907, 908, 911, 918, 920, 921, 922, 923, 924, 926, 931, 933]",[],[],"[16, 922, 313, 877, 317, 596, 888, 628, 635, 125, 655, 156, 674, 163, 675, 168, 689, 693, 184, 851, 712, 883, 204, 205, 716, 720, 725, 857, 219, 222, 225, 229, 861, 862, 863, 249, 885, 864, 253, 258, 771, 866, 775, 265, 867, 868, 793, 794, 795, 796, 797, 798, 799, 800, 801, 802, 803, 804, 805, 806, 807, 808, 809, 810, 811, 812, 813, 814, 815, 816, 817, 818, 819, 820, 821, 822, 823, 824, 825, 826, 827, 828, 829, 830, 831, 832, 833, 834, 835, 836, 837, 838, 839, 840, 841, 842, 843, 844, 845, 846, 847, 336, 881, 338, 339, 340, 341, 342, 343, 344, 345, 346, 347, 348, 349, 350, 351, 352, 353, 354, 355, 356, 357, 358, 359, 360, 361, 362, 363, 364, 365, 366, 367, 368, 369, 370, 371, 372, 373, 374, 375, 376, 377, 378, 379, 380, 381, 382, 383, 384, 385, 386, 387, 388, 389, 390, 391, 392, 393, 394, 395, 396, 397, 892, 893, 870, 891, 402, 907, 908, 911, 918, 920, 921, 410, 411, 412, 413, 871, 415, 416, 417, 418, 419, 923, 924, 926, 898, 931, 425, 933, 899, 429, 431, 433, 435, 437, 440, 441, 442, 443, 451, 452, 904, 456, 457, 458, 905, 460, 461, 464, 471, 473, 474, 475, 481, 482, 501]",False,"[363, 367, 818]","[338, 339, 340, 341, 342, 343, 344, 345, 346, 347, 348, 349, 350, 351, 352, 353, 354, 355, 356, 357, 358, 359, 360, 361, 362, 363, 364, 365, 366, 367, 368, 369, 370, 371, 372, 373, 374, 375, 376, 377, 378, 379, 380, 381, 382, 383, 384, 385, 386, 387, 388, 389, 390, 391, 392, 393, 394, 395, 396, 397, 794, 795, 796, 797, 798, 799, 800, 801, 802, 803, 804, 805, 806, 807, 808, 809, 810, 811, 812, 813, 814, 815, 816, 817, 818, 819, 820, 821, 822, 823, 824, 825, 826, 827, 828, 829, 830, 831, 832, 833, 834, 835, 836, 837, 838, 839, 840, 841, 842, 843, 844, 845, 846, 847]","[356, 363, 365, 367, 370, 375, 381, 391, 396, 811, 818, 820, 825, 831, 841, 846]","[204, 219, 225, 249, 355, 367, 374, 674, 689, 712, 810, 818, 824]","[16, 125, 156, 163, 168, 184, 205, 222, 229, 253, 258, 265, 313, 317, 336, 340, 341, 356, 363, 365, 366, 367, 370, 375, 388, 391, 394, 396, 402, 410, 411, 412, 413, 415, 416, 417, 418, 419, 425, 429, 431, 433, 435, 437, 440, 441, 442, 443, 451, 452, 456, 457, 458, 460, 461, 464, 471, 473, 474, 475, 481, 482, 501, 596, 628, 635, 655, 675, 693, 716, 720, 725, 771, 775, 793, 796, 797, 811, 817, 818, 820, 825, 838, 841, 844, 846, 851, 857, 861, 862, 863, 864, 866, 867, 868, 870, 871, 877, 881, 883, 885, 888, 891, 892, 893, 898, 899, 904, 905, 907, 908, 911, 918, 920, 921, 922, 923, 924, 926, 931, 933]",[],[],7/6 successful match,False,,False,670,False,,1.0,True,Hallmark Truck Center,
"Las Vegas ( N ) , 89115 Petro Stopping Center # 31",6 702-632-2636 I-15 Exit 54 ( Speedway Blvd ) PETRO,24 XL,Las Vegas,89115,Petro Stopping Center # 31,702-632-2636,2006,Las Vegas,NV,,( Speedway Blvd ) PETRO,I-15 Exit 54 ,Exit,54,False,,False,I-15,,,,,[],"[365, 370, 381, 820, 831]","[356, 363, 365, 367, 370, 375, 381, 391, 396, 811, 818, 820, 825, 831, 841, 846]","[109, 370, 579, 820]","[338, 339, 340, 341, 342, 343, 344, 345, 346, 347, 348, 349, 350, 351, 352, 353, 354, 355, 356, 357, 358, 359, 360, 361, 362, 363, 364, 365, 366, 367, 368, 369, 370, 371, 372, 373, 374, 375, 376, 377, 378, 379, 380, 381, 382, 383, 384, 385, 386, 387, 388, 389, 390, 391, 392, 393, 394, 395, 396, 397, 794, 795, 796, 797, 798, 799, 800, 801, 802, 803, 804, 805, 806, 807, 808, 809, 810, 811, 812, 813, 814, 815, 816, 817, 818, 819, 820, 821, 822, 823, 824, 825, 826, 827, 828, 829, 830, 831, 832, 833, 834, 835, 836, 837, 838, 839, 840, 841, 842, 843, 844, 845, 846, 847]","[16, 125, 156, 163, 168, 184, 205, 222, 229, 253, 258, 265, 313, 317, 336, 340, 341, 356, 363, 365, 366, 367, 370, 375, 388, 391, 394, 396, 402, 410, 411, 412, 413, 415, 416, 417, 418, 419, 425, 429, 431, 433, 435, 437, 440, 441, 442, 443, 451, 452, 456, 457, 458, 460, 461, 464, 471, 473, 474, 475, 481, 482, 501, 596, 628, 635, 655, 675, 693, 716, 720, 725, 771, 775, 793, 796, 797, 811, 817, 818, 820, 825, 838, 841, 844, 846, 851, 857, 861, 862, 863, 864, 866, 867, 868, 870, 871, 877, 881, 883, 885, 888, 891, 892, 893, 898, 899, 904, 905, 907, 908, 911, 918, 920, 921, 922, 923, 924, 926, 931, 933]",[],"[63, 64, 240, 241, 242, 243, 274, 370, 371, 372, 537, 538, 704, 705, 706, 707, 733, 820, 821, 822]","[16, 537, 538, 922, 313, 877, 317, 63, 64, 579, 596, 888, 109, 628, 635, 125, 655, 156, 163, 675, 168, 693, 184, 851, 704, 705, 706, 707, 883, 716, 205, 720, 725, 857, 733, 222, 229, 861, 240, 862, 241, 242, 243, 863, 885, 864, 253, 258, 771, 866, 775, 265, 867, 868, 274, 793, 794, 795, 796, 797, 798, 799, 800, 801, 802, 803, 804, 805, 806, 807, 808, 809, 810, 811, 812, 813, 814, 815, 816, 817, 818, 819, 820, 821, 822, 823, 824, 825, 826, 827, 828, 829, 830, 831, 832, 833, 834, 835, 836, 837, 838, 839, 840, 841, 842, 843, 844, 845, 846, 847, 336, 881, 338, 339, 340, 341, 342, 343, 344, 345, 346, 347, 348, 349, 350, 351, 352, 353, 354, 355, 356, 357, 358, 359, 360, 361, 362, 363, 364, 365, 366, 367, 368, 369, 370, 371, 372, 373, 374, 375, 376, 377, 378, 379, 380, 381, 382, 383, 384, 385, 386, 387, 388, 389, 390, 391, 392, 393, 394, 395, 396, 397, 892, 893, 870, 891, 402, 907, 908, 911, 918, 920, 921, 410, 411, 412, 413, 871, 415, 416, 417, 418, 419, 923, 924, 926, 898, 931, 425, 933, 899, 429, 431, 433, 435, 437, 440, 441, 442, 443, 451, 452, 904, 456, 457, 458, 905, 460, 461, 464, 471, 473, 474, 475, 481, 482, 501]",False,"[365, 370, 381, 820, 831]","[338, 339, 340, 341, 342, 343, 344, 345, 346, 347, 348, 349, 350, 351, 352, 353, 354, 355, 356, 357, 358, 359, 360, 361, 362, 363, 364, 365, 366, 367, 368, 369, 370, 371, 372, 373, 374, 375, 376, 377, 378, 379, 380, 381, 382, 383, 384, 385, 386, 387, 388, 389, 390, 391, 392, 393, 394, 395, 396, 397, 794, 795, 796, 797, 798, 799, 800, 801, 802, 803, 804, 805, 806, 807, 808, 809, 810, 811, 812, 813, 814, 815, 816, 817, 818, 819, 820, 821, 822, 823, 824, 825, 826, 827, 828, 829, 830, 831, 832, 833, 834, 835, 836, 837, 838, 839, 840, 841, 842, 843, 844, 845, 846, 847]","[356, 363, 365, 367, 370, 375, 381, 391, 396, 811, 818, 820, 825, 831, 841, 846]","[109, 370, 579, 820]","[16, 125, 156, 163, 168, 184, 205, 222, 229, 253, 258, 265, 313, 317, 336, 340, 341, 356, 363, 365, 366, 367, 370, 375, 388, 391, 394, 396, 402, 410, 411, 412, 413, 415, 416, 417, 418, 419, 425, 429, 431, 433, 435, 437, 440, 441, 442, 443, 451, 452, 456, 457, 458, 460, 461, 464, 471, 473, 474, 475, 481, 482, 501, 596, 628, 635, 655, 675, 693, 716, 720, 725, 771, 775, 793, 796, 797, 811, 817, 818, 820, 825, 838, 841, 844, 846, 851, 857, 861, 862, 863, 864, 866, 867, 868, 870, 871, 877, 881, 883, 885, 888, 891, 892, 893, 898, 899, 904, 905, 907, 908, 911, 918, 920, 921, 922, 923, 924, 926, 931, 933]","[63, 64, 240, 241, 242, 243, 274, 370, 371, 372, 537, 538, 704, 705, 706, 707, 733, 820, 821, 822]",[],7/6 successful match,False,,False,671,False,,,,,
"Vegas ( N ) , 89115 Petro Stopping Center # 31",702-632-2636 Las I-15 Exit 54 ( Speedway Blvd ),24 XL 24,Vegas,89115,Petro Stopping Center # 31,702-632-2636,2007,Las Vegas,NV,,( Speedway Blvd ),Las I-15 Exit 54 ,Exit,54,False,,False,I-15,,,,,[],"[365, 370, 381, 820, 831]","[356, 363, 365, 367, 370, 375, 381, 391, 396, 811, 818, 820, 825, 831, 841, 846]","[109, 370, 579, 820]","[338, 339, 340, 341, 342, 343, 344, 345, 346, 347, 348, 349, 350, 351, 352, 353, 354, 355, 356, 357, 358, 359, 360, 361, 362, 363, 364, 365, 366, 367, 368, 369, 370, 371, 372, 373, 374, 375, 376, 377, 378, 379, 380, 381, 382, 383, 384, 385, 386, 387, 388, 389, 390, 391, 392, 393, 394, 395, 396, 397, 794, 795, 796, 797, 798, 799, 800, 801, 802, 803, 804, 805, 806, 807, 808, 809, 810, 811, 812, 813, 814, 815, 816, 817, 818, 819, 820, 821, 822, 823, 824, 825, 826, 827, 828, 829, 830, 831, 832, 833, 834, 835, 836, 837, 838, 839, 840, 841, 842, 843, 844, 845, 846, 847]","[16, 125, 156, 163, 168, 184, 205, 222, 229, 253, 258, 265, 313, 317, 336, 340, 341, 356, 363, 365, 366, 367, 370, 375, 388, 391, 394, 396, 402, 410, 411, 412, 413, 415, 416, 417, 418, 419, 425, 429, 431, 433, 435, 437, 440, 441, 442, 443, 451, 452, 456, 457, 458, 460, 461, 464, 471, 473, 474, 475, 481, 482, 501, 596, 628, 635, 655, 675, 693, 716, 720, 725, 771, 775, 793, 796, 797, 811, 817, 818, 820, 825, 838, 841, 844, 846, 851, 857, 861, 862, 863, 864, 866, 867, 868, 870, 871, 877, 881, 883, 885, 888, 891, 892, 893, 898, 899, 904, 905, 907, 908, 911, 918, 920, 921, 922, 923, 924, 926, 931, 933]",[],"[63, 64, 240, 241, 242, 243, 274, 370, 371, 372, 537, 538, 704, 705, 706, 707, 733, 820, 821, 822]","[16, 537, 538, 922, 313, 877, 317, 63, 64, 579, 596, 888, 109, 628, 635, 125, 655, 156, 163, 675, 168, 693, 184, 851, 704, 705, 706, 707, 883, 716, 205, 720, 725, 857, 733, 222, 229, 861, 240, 862, 241, 242, 243, 863, 885, 864, 253, 258, 771, 866, 775, 265, 867, 868, 274, 793, 794, 795, 796, 797, 798, 799, 800, 801, 802, 803, 804, 805, 806, 807, 808, 809, 810, 811, 812, 813, 814, 815, 816, 817, 818, 819, 820, 821, 822, 823, 824, 825, 826, 827, 828, 829, 830, 831, 832, 833, 834, 835, 836, 837, 838, 839, 840, 841, 842, 843, 844, 845, 846, 847, 336, 881, 338, 339, 340, 341, 342, 343, 344, 345, 346, 347, 348, 349, 350, 351, 352, 353, 354, 355, 356, 357, 358, 359, 360, 361, 362, 363, 364, 365, 366, 367, 368, 369, 370, 371, 372, 373, 374, 375, 376, 377, 378, 379, 380, 381, 382, 383, 384, 385, 386, 387, 388, 389, 390, 391, 392, 393, 394, 395, 396, 397, 892, 893, 870, 891, 402, 907, 908, 911, 918, 920, 921, 410, 411, 412, 413, 871, 415, 416, 417, 418, 419, 923, 924, 926, 898, 931, 425, 933, 899, 429, 431, 433, 435, 437, 440, 441, 442, 443, 451, 452, 904, 456, 457, 458, 905, 460, 461, 464, 471, 473, 474, 475, 481, 482, 501]",False,"[365, 370, 381, 820, 831]","[338, 339, 340, 341, 342, 343, 344, 345, 346, 347, 348, 349, 350, 351, 352, 353, 354, 355, 356, 357, 358, 359, 360, 361, 362, 363, 364, 365, 366, 367, 368, 369, 370, 371, 372, 373, 374, 375, 376, 377, 378, 379, 380, 381, 382, 383, 384, 385, 386, 387, 388, 389, 390, 391, 392, 393, 394, 395, 396, 397, 794, 795, 796, 797, 798, 799, 800, 801, 802, 803, 804, 805, 806, 807, 808, 809, 810, 811, 812, 813, 814, 815, 816, 817, 818, 819, 820, 821, 822, 823, 824, 825, 826, 827, 828, 829, 830, 831, 832, 833, 834, 835, 836, 837, 838, 839, 840, 841, 842, 843, 844, 845, 846, 847]","[356, 363, 365, 367, 370, 375, 381, 391, 396, 811, 818, 820, 825, 831, 841, 846]","[109, 370, 579, 820]","[16, 125, 156, 163, 168, 184, 205, 222, 229, 253, 258, 265, 313, 317, 336, 340, 341, 356, 363, 365, 366, 367, 370, 375, 388, 391, 394, 396, 402, 410, 411, 412, 413, 415, 416, 417, 418, 419, 425, 429, 431, 433, 435, 437, 440, 441, 442, 443, 451, 452, 456, 457, 458, 460, 461, 464, 471, 473, 474, 475, 481, 482, 501, 596, 628, 635, 655, 675, 693, 716, 720, 725, 771, 775, 793, 796, 797, 811, 817, 818, 820, 825, 838, 841, 844, 846, 851, 857, 861, 862, 863, 864, 866, 867, 868, 870, 871, 877, 881, 883, 885, 888, 891, 892, 893, 898, 899, 904, 905, 907, 908, 911, 918, 920, 921, 922, 923, 924, 926, 931, 933]","[63, 64, 240, 241, 242, 243, 274, 370, 371, 372, 537, 538, 704, 705, 706, 707, 733, 820, 821, 822]",[],7/6 successful match,False,,False,671,False,,1.0,True,Petro Stopping Center # 31,
Rd ),"6 702-632-2636 Las Vegas ( N ) , 89115 Petro Stopping Center # 31",24 XL 24 <U+2610><U+2610>,,89115,,702-632-2636,2008,Las Vegas,NV,,"( N ) , 89115 Petro Stopping Center # 31",Las Vegas,empty,,False,,False,Las Vegas,,,,,[],"[365, 370, 381, 820, 831]","[356, 363, 365, 367, 370, 375, 381, 391, 396, 811, 818, 820, 825, 831, 841, 846]",[],"[338, 339, 340, 341, 342, 343, 344, 345, 346, 347, 348, 349, 350, 351, 352, 353, 354, 355, 356, 357, 358, 359, 360, 361, 362, 363, 364, 365, 366, 367, 368, 369, 370, 371, 372, 373, 374, 375, 376, 377, 378, 379, 380, 381, 382, 383, 384, 385, 386, 387, 388, 389, 390, 391, 392, 393, 394, 395, 396, 397, 794, 795, 796, 797, 798, 799, 800, 801, 802, 803, 804, 805, 806, 807, 808, 809, 810, 811, 812, 813, 814, 815, 816, 817, 818, 819, 820, 821, 822, 823, 824, 825, 826, 827, 828, 829, 830, 831, 832, 833, 834, 835, 836, 837, 838, 839, 840, 841, 842, 843, 844, 845, 846, 847]","[381, 831]",[],[],"[794, 795, 796, 797, 798, 799, 800, 801, 802, 803, 804, 805, 806, 807, 808, 809, 810, 811, 812, 813, 814, 815, 816, 817, 818, 819, 820, 821, 822, 823, 824, 825, 826, 827, 828, 829, 830, 831, 832, 833, 834, 835, 836, 837, 838, 839, 840, 841, 842, 843, 844, 845, 846, 847, 338, 339, 340, 341, 342, 343, 344, 345, 346, 347, 348, 349, 350, 351, 352, 353, 354, 355, 356, 357, 358, 359, 360, 361, 362, 363, 364, 365, 366, 367, 368, 369, 370, 371, 372, 373, 374, 375, 376, 377, 378, 379, 380, 381, 382, 383, 384, 385, 386, 387, 388, 389, 390, 391, 392, 393, 394, 395, 396, 397]",False,"[365, 370, 381, 820, 831]","[338, 339, 340, 341, 342, 343, 344, 345, 346, 347, 348, 349, 350, 351, 352, 353, 354, 355, 356, 357, 358, 359, 360, 361, 362, 363, 364, 365, 366, 367, 368, 369, 370, 371, 372, 373, 374, 375, 376, 377, 378, 379, 380, 381, 382, 383, 384, 385, 386, 387, 388, 389, 390, 391, 392, 393, 394, 395, 396, 397, 794, 795, 796, 797, 798, 799, 800, 801, 802, 803, 804, 805, 806, 807, 808, 809, 810, 811, 812, 813, 814, 815, 816, 817, 818, 819, 820, 821, 822, 823, 824, 825, 826, 827, 828, 829, 830, 831, 832, 833, 834, 835, 836, 837, 838, 839, 840, 841, 842, 843, 844, 845, 846, 847]","[356, 363, 365, 367, 370, 375, 381, 391, 396, 811, 818, 820, 825, 831, 841, 846]",[],"[381, 831]",[],[],7/6 successful match,False,,False,671,True,2008,0.0,True,Petro Stopping Center # 31,
Las Vegas ( North ) ( 89115 ) Petro North Las Vegas # 331,6 702-632-2640 I-15 Exit 54 ( Speedway Blvd ),PETRO 24 <U+25A1> XL 24 <U+2610>,Las Vegas,89115,Petro North Las Vegas # 331,702-632-2640,2014,Las Vegas,NV,,( Speedway Blvd ),I-15 Exit 54 ,Exit,54,False,,False,I-15,,,,,"[370, 820]","[365, 370, 381, 820, 831]","[356, 363, 365, 367, 370, 375, 381, 391, 396, 811, 818, 820, 825, 831, 841, 846]","[109, 370, 579, 820]","[338, 339, 340, 341, 342, 343, 344, 345, 346, 347, 348, 349, 350, 351, 352, 353, 354, 355, 356, 357, 358, 359, 360, 361, 362, 363, 364, 365, 366, 367, 368, 369, 370, 371, 372, 373, 374, 375, 376, 377, 378, 379, 380, 381, 382, 383, 384, 385, 386, 387, 388, 389, 390, 391, 392, 393, 394, 395, 396, 397, 794, 795, 796, 797, 798, 799, 800, 801, 802, 803, 804, 805, 806, 807, 808, 809, 810, 811, 812, 813, 814, 815, 816, 817, 818, 819, 820, 821, 822, 823, 824, 825, 826, 827, 828, 829, 830, 831, 832, 833, 834, 835, 836, 837, 838, 839, 840, 841, 842, 843, 844, 845, 846, 847]","[16, 125, 156, 163, 168, 184, 205, 222, 229, 253, 258, 265, 313, 317, 336, 340, 341, 356, 363, 365, 366, 367, 370, 375, 388, 391, 394, 396, 402, 410, 411, 412, 413, 415, 416, 417, 418, 419, 425, 429, 431, 433, 435, 437, 440, 441, 442, 443, 451, 452, 456, 457, 458, 460, 461, 464, 471, 473, 474, 475, 481, 482, 501, 596, 628, 635, 655, 675, 693, 716, 720, 725, 771, 775, 793, 796, 797, 811, 817, 818, 820, 825, 838, 841, 844, 846, 851, 857, 861, 862, 863, 864, 866, 867, 868, 870, 871, 877, 881, 883, 885, 888, 891, 892, 893, 898, 899, 904, 905, 907, 908, 911, 918, 920, 921, 922, 923, 924, 926, 931, 933]",[],"[63, 64, 240, 241, 242, 243, 370, 371, 372, 537, 538, 704, 705, 706, 707, 820, 821, 822]","[16, 537, 538, 922, 313, 877, 317, 63, 64, 579, 596, 888, 109, 628, 635, 125, 655, 156, 163, 675, 168, 693, 184, 851, 704, 705, 706, 707, 883, 716, 205, 720, 725, 857, 222, 229, 861, 240, 862, 241, 242, 243, 863, 885, 864, 253, 258, 771, 866, 775, 265, 867, 868, 793, 794, 795, 796, 797, 798, 799, 800, 801, 802, 803, 804, 805, 806, 807, 808, 809, 810, 811, 812, 813, 814, 815, 816, 817, 818, 819, 820, 821, 822, 823, 824, 825, 826, 827, 828, 829, 830, 831, 832, 833, 834, 835, 836, 837, 838, 839, 840, 841, 842, 843, 844, 845, 846, 847, 336, 881, 338, 339, 340, 341, 342, 343, 344, 345, 346, 347, 348, 349, 350, 351, 352, 353, 354, 355, 356, 357, 358, 359, 360, 361, 362, 363, 364, 365, 366, 367, 368, 369, 370, 371, 372, 373, 374, 375, 376, 377, 378, 379, 380, 381, 382, 383, 384, 385, 386, 387, 388, 389, 390, 391, 392, 393, 394, 395, 396, 397, 892, 893, 870, 891, 402, 907, 908, 911, 918, 920, 921, 410, 411, 412, 413, 871, 415, 416, 417, 418, 419, 923, 924, 926, 898, 931, 425, 933, 899, 429, 431, 433, 435, 437, 440, 441, 442, 443, 451, 452, 904, 456, 457, 458, 905, 460, 461, 464, 471, 473, 474, 475, 481, 482, 501]",True,"[365, 370, 381, 820, 831]","[338, 339, 340, 341, 342, 343, 344, 345, 346, 347, 348, 349, 350, 351, 352, 353, 354, 355, 356, 357, 358, 359, 360, 361, 362, 363, 364, 365, 366, 367, 368, 369, 370, 371, 372, 373, 374, 375, 376, 377, 378, 379, 380, 381, 382, 383, 384, 385, 386, 387, 388, 389, 390, 391, 392, 393, 394, 395, 396, 397, 794, 795, 796, 797, 798, 799, 800, 801, 802, 803, 804, 805, 806, 807, 808, 809, 810, 811, 812, 813, 814, 815, 816, 817, 818, 819, 820, 821, 822, 823, 824, 825, 826, 827, 828, 829, 830, 831, 832, 833, 834, 835, 836, 837, 838, 839, 840, 841, 842, 843, 844, 845, 846, 847]","[356, 363, 365, 367, 370, 375, 381, 391, 396, 811, 818, 820, 825, 831, 841, 846]","[109, 370, 579, 820]","[16, 125, 156, 163, 168, 184, 205, 222, 229, 253, 258, 265, 313, 317, 336, 340, 341, 356, 363, 365, 366, 367, 370, 375, 388, 391, 394, 396, 402, 410, 411, 412, 413, 415, 416, 417, 418, 419, 425, 429, 431, 433, 435, 437, 440, 441, 442, 443, 451, 452, 456, 457, 458, 460, 461, 464, 471, 473, 474, 475, 481, 482, 501, 596, 628, 635, 655, 675, 693, 716, 720, 725, 771, 775, 793, 796, 797, 811, 817, 818, 820, 825, 838, 841, 844, 846, 851, 857, 861, 862, 863, 864, 866, 867, 868, 870, 871, 877, 881, 883, 885, 888, 891, 892, 893, 898, 899, 904, 905, 907, 908, 911, 918, 920, 921, 922, 923, 924, 926, 931, 933]","[63, 64, 240, 241, 242, 243, 370, 371, 372, 537, 538, 704, 705, 706, 707, 820, 821, 822]",[],7/6 successful match,True,"[88, 89]",True,671,True,2014,0.0,True,,
Las Vegas ( North ) ( 89115 ) Petro North Las Vegas # 331 ( Valero ),702-632-2640 I-15 Exit 54 ( Speedway Blvd ) PETRO,24 RS XL 24,Las Vegas,89115,Petro North Las Vegas # 331 ( Valero ),702-632-2640,2015,Las Vegas,NV,Valero,( Speedway Blvd ) PETRO,I-15 Exit 54 ,Exit,54,False,,False,I-15,,,,,"[370, 820]","[365, 370, 381, 820, 831]","[356, 363, 365, 367, 370, 375, 381, 391, 396, 811, 818, 820, 825, 831, 841, 846]","[109, 370, 579, 820]","[338, 339, 340, 341, 342, 343, 344, 345, 346, 347, 348, 349, 350, 351, 352, 353, 354, 355, 356, 357, 358, 359, 360, 361, 362, 363, 364, 365, 366, 367, 368, 369, 370, 371, 372, 373, 374, 375, 376, 377, 378, 379, 380, 381, 382, 383, 384, 385, 386, 387, 388, 389, 390, 391, 392, 393, 394, 395, 396, 397, 794, 795, 796, 797, 798, 799, 800, 801, 802, 803, 804, 805, 806, 807, 808, 809, 810, 811, 812, 813, 814, 815, 816, 817, 818, 819, 820, 821, 822, 823, 824, 825, 826, 827, 828, 829, 830, 831, 832, 833, 834, 835, 836, 837, 838, 839, 840, 841, 842, 843, 844, 845, 846, 847]","[16, 125, 156, 163, 168, 184, 205, 222, 229, 253, 258, 265, 313, 317, 336, 340, 341, 356, 363, 365, 366, 367, 370, 375, 388, 391, 394, 396, 402, 410, 411, 412, 413, 415, 416, 417, 418, 419, 425, 429, 431, 433, 435, 437, 440, 441, 442, 443, 451, 452, 456, 457, 458, 460, 461, 464, 471, 473, 474, 475, 481, 482, 501, 596, 628, 635, 655, 675, 693, 716, 720, 725, 771, 775, 793, 796, 797, 811, 817, 818, 820, 825, 838, 841, 844, 846, 851, 857, 861, 862, 863, 864, 866, 867, 868, 870, 871, 877, 881, 883, 885, 888, 891, 892, 893, 898, 899, 904, 905, 907, 908, 911, 918, 920, 921, 922, 923, 924, 926, 931, 933]","[2, 9, 10, 82, 111, 112, 113, 199, 279, 284, 285, 300, 488, 494, 495, 553, 581, 582, 583, 670, 738, 743, 744, 759, 818]","[2, 9, 10, 63, 64, 82, 111, 112, 113, 199, 240, 241, 242, 243, 279, 284, 285, 300, 370, 371, 372, 488, 494, 495, 537, 538, 553, 581, 582, 583, 670, 704, 705, 706, 707, 738, 743, 744, 759, 818, 820, 821, 822]","[2, 285, 9, 10, 16, 537, 538, 922, 313, 553, 877, 317, 63, 64, 579, 581, 582, 583, 82, 596, 888, 109, 111, 112, 113, 628, 635, 125, 655, 156, 670, 163, 675, 168, 693, 184, 851, 704, 705, 706, 707, 199, 883, 716, 205, 720, 725, 857, 222, 738, 229, 743, 744, 861, 240, 862, 241, 242, 243, 863, 759, 885, 864, 253, 258, 771, 866, 775, 265, 867, 868, 279, 793, 794, 795, 796, 797, 798, 799, 800, 801, 802, 803, 804, 805, 806, 807, 808, 809, 810, 811, 812, 813, 814, 815, 816, 817, 818, 819, 820, 821, 822, 823, 824, 825, 826, 827, 828, 829, 830, 831, 832, 833, 834, 835, 836, 837, 838, 839, 840, 841, 842, 843, 844, 845, 846, 847, 336, 881, 338, 339, 340, 341, 342, 343, 344, 345, 346, 347, 348, 349, 350, 351, 352, 353, 354, 355, 356, 357, 358, 359, 360, 361, 362, 363, 364, 365, 366, 367, 368, 369, 370, 371, 372, 373, 374, 375, 376, 377, 378, 379, 380, 381, 382, 383, 384, 385, 386, 387, 388, 389, 390, 391, 392, 393, 394, 395, 396, 397, 892, 893, 870, 891, 402, 907, 908, 911, 918, 284, 920, 921, 410, 411, 412, 413, 871, 415, 416, 417, 418, 419, 923, 924, 926, 898, 931, 425, 933, 899, 429, 431, 433, 435, 437, 440, 441, 442, 443, 451, 452, 904, 456, 457, 458, 905, 460, 461, 464, 471, 473, 474, 475, 481, 482, 300, 488, 494, 495, 501]",True,"[365, 370, 381, 820, 831]","[338, 339, 340, 341, 342, 343, 344, 345, 346, 347, 348, 349, 350, 351, 352, 353, 354, 355, 356, 357, 358, 359, 360, 361, 362, 363, 364, 365, 366, 367, 368, 369, 370, 371, 372, 373, 374, 375, 376, 377, 378, 379, 380, 381, 382, 383, 384, 385, 386, 387, 388, 389, 390, 391, 392, 393, 394, 395, 396, 397, 794, 795, 796, 797, 798, 799, 800, 801, 802, 803, 804, 805, 806, 807, 808, 809, 810, 811, 812, 813, 814, 815, 816, 817, 818, 819, 820, 821, 822, 823, 824, 825, 826, 827, 828, 829, 830, 831, 832, 833, 834, 835, 836, 837, 838, 839, 840, 841, 842, 843, 844, 845, 846, 847]","[356, 363, 365, 367, 370, 375, 381, 391, 396, 811, 818, 820, 825, 831, 841, 846]","[109, 370, 579, 820]","[16, 125, 156, 163, 168, 184, 205, 222, 229, 253, 258, 265, 313, 317, 336, 340, 341, 356, 363, 365, 366, 367, 370, 375, 388, 391, 394, 396, 402, 410, 411, 412, 413, 415, 416, 417, 418, 419, 425, 429, 431, 433, 435, 437, 440, 441, 442, 443, 451, 452, 456, 457, 458, 460, 461, 464, 471, 473, 474, 475, 481, 482, 501, 596, 628, 635, 655, 675, 693, 716, 720, 725, 771, 775, 793, 796, 797, 811, 817, 818, 820, 825, 838, 841, 844, 846, 851, 857, 861, 862, 863, 864, 866, 867, 868, 870, 871, 877, 881, 883, 885, 888, 891, 892, 893, 898, 899, 904, 905, 907, 908, 911, 918, 920, 921, 922, 923, 924, 926, 931, 933]","[2, 9, 10, 63, 64, 82, 111, 112, 113, 199, 240, 241, 242, 243, 279, 284, 285, 300, 370, 371, 372, 488, 494, 495, 537, 538, 553, 581, 582, 583, 670, 704, 705, 706, 707, 738, 743, 744, 759, 818, 820, 821, 822]","[2, 9, 10, 82, 111, 112, 113, 199, 279, 284, 285, 300, 488, 494, 495, 553, 581, 582, 583, 670, 738, 743, 744, 759, 818]",7/6 successful match,True,"[88, 89]",True,671,False,,1.0,True,Petro North Las Vegas # 331,
Las Vegas ( North ) ( 89115 ) Petro North Las Vegas # 331 ( Valero ),6 702-632-2640 I-15 Exit 54 ( Speedway Blvd ),PETRO XL 24 MRS,Las Vegas,89115,Petro North Las Vegas # 331 ( Valero ),702-632-2640,2016,Las Vegas,NV,Valero,( Speedway Blvd ),I-15 Exit 54 ,Exit,54,False,,False,I-15,,,,,"[370, 820]","[365, 370, 381, 820, 831]","[356, 363, 365, 367, 370, 375, 381, 391, 396, 811, 818, 820, 825, 831, 841, 846]","[109, 370, 579, 820]","[338, 339, 340, 341, 342, 343, 344, 345, 346, 347, 348, 349, 350, 351, 352, 353, 354, 355, 356, 357, 358, 359, 360, 361, 362, 363, 364, 365, 366, 367, 368, 369, 370, 371, 372, 373, 374, 375, 376, 377, 378, 379, 380, 381, 382, 383, 384, 385, 386, 387, 388, 389, 390, 391, 392, 393, 394, 395, 396, 397, 794, 795, 796, 797, 798, 799, 800, 801, 802, 803, 804, 805, 806, 807, 808, 809, 810, 811, 812, 813, 814, 815, 816, 817, 818, 819, 820, 821, 822, 823, 824, 825, 826, 827, 828, 829, 830, 831, 832, 833, 834, 835, 836, 837, 838, 839, 840, 841, 842, 843, 844, 845, 846, 847]","[16, 125, 156, 163, 168, 184, 205, 222, 229, 253, 258, 265, 313, 317, 336, 340, 341, 356, 363, 365, 366, 367, 370, 375, 388, 391, 394, 396, 402, 410, 411, 412, 413, 415, 416, 417, 418, 419, 425, 429, 431, 433, 435, 437, 440, 441, 442, 443, 451, 452, 456, 457, 458, 460, 461, 464, 471, 473, 474, 475, 481, 482, 501, 596, 628, 635, 655, 675, 693, 716, 720, 725, 771, 775, 793, 796, 797, 811, 817, 818, 820, 825, 838, 841, 844, 846, 851, 857, 861, 862, 863, 864, 866, 867, 868, 870, 871, 877, 881, 883, 885, 888, 891, 892, 893, 898, 899, 904, 905, 907, 908, 911, 918, 920, 921, 922, 923, 924, 926, 931, 933]","[2, 9, 10, 82, 111, 112, 113, 199, 279, 284, 285, 300, 488, 494, 495, 553, 581, 582, 583, 670, 738, 743, 744, 759, 818]","[2, 9, 10, 63, 64, 82, 111, 112, 113, 199, 240, 241, 242, 243, 279, 284, 285, 300, 370, 371, 372, 488, 494, 495, 537, 538, 553, 581, 582, 583, 670, 704, 705, 706, 707, 738, 743, 744, 759, 818, 820, 821, 822]","[2, 285, 9, 10, 16, 537, 538, 922, 313, 553, 877, 317, 63, 64, 579, 581, 582, 583, 82, 596, 888, 109, 111, 112, 113, 628, 635, 125, 655, 156, 670, 163, 675, 168, 693, 184, 851, 704, 705, 706, 707, 199, 883, 716, 205, 720, 725, 857, 222, 738, 229, 743, 744, 861, 240, 862, 241, 242, 243, 863, 759, 885, 864, 253, 258, 771, 866, 775, 265, 867, 868, 279, 793, 794, 795, 796, 797, 798, 799, 800, 801, 802, 803, 804, 805, 806, 807, 808, 809, 810, 811, 812, 813, 814, 815, 816, 817, 818, 819, 820, 821, 822, 823, 824, 825, 826, 827, 828, 829, 830, 831, 832, 833, 834, 835, 836, 837, 838, 839, 840, 841, 842, 843, 844, 845, 846, 847, 336, 881, 338, 339, 340, 341, 342, 343, 344, 345, 346, 347, 348, 349, 350, 351, 352, 353, 354, 355, 356, 357, 358, 359, 360, 361, 362, 363, 364, 365, 366, 367, 368, 369, 370, 371, 372, 373, 374, 375, 376, 377, 378, 379, 380, 381, 382, 383, 384, 385, 386, 387, 388, 389, 390, 391, 392, 393, 394, 395, 396, 397, 892, 893, 870, 891, 402, 907, 908, 911, 918, 284, 920, 921, 410, 411, 412, 413, 871, 415, 416, 417, 418, 419, 923, 924, 926, 898, 931, 425, 933, 899, 429, 431, 433, 435, 437, 440, 441, 442, 443, 451, 452, 904, 456, 457, 458, 905, 460, 461, 464, 471, 473, 474, 475, 481, 482, 300, 488, 494, 495, 501]",True,"[365, 370, 381, 820, 831]","[338, 339, 340, 341, 342, 343, 344, 345, 346, 347, 348, 349, 350, 351, 352, 353, 354, 355, 356, 357, 358, 359, 360, 361, 362, 363, 364, 365, 366, 367, 368, 369, 370, 371, 372, 373, 374, 375, 376, 377, 378, 379, 380, 381, 382, 383, 384, 385, 386, 387, 388, 389, 390, 391, 392, 393, 394, 395, 396, 397, 794, 795, 796, 797, 798, 799, 800, 801, 802, 803, 804, 805, 806, 807, 808, 809, 810, 811, 812, 813, 814, 815, 816, 817, 818, 819, 820, 821, 822, 823, 824, 825, 826, 827, 828, 829, 830, 831, 832, 833, 834, 835, 836, 837, 838, 839, 840, 841, 842, 843, 844, 845, 846, 847]","[356, 363, 365, 367, 370, 375, 381, 391, 396, 811, 818, 820, 825, 831, 841, 846]","[109, 370, 579, 820]","[16, 125, 156, 163, 168, 184, 205, 222, 229, 253, 258, 265, 313, 317, 336, 340, 341, 356, 363, 365, 366, 367, 370, 375, 388, 391, 394, 396, 402, 410, 411, 412, 413, 415, 416, 417, 418, 419, 425, 429, 431, 433, 435, 437, 440, 441, 442, 443, 451, 452, 456, 457, 458, 460, 461, 464, 471, 473, 474, 475, 481, 482, 501, 596, 628, 635, 655, 675, 693, 716, 720, 725, 771, 775, 793, 796, 797, 811, 817, 818, 820, 825, 838, 841, 844, 846, 851, 857, 861, 862, 863, 864, 866, 867, 868, 870, 871, 877, 881, 883, 885, 888, 891, 892, 893, 898, 899, 904, 905, 907, 908, 911, 918, 920, 921, 922, 923, 924, 926, 931, 933]","[2, 9, 10, 63, 64, 82, 111, 112, 113, 199, 240, 241, 242, 243, 279, 284, 285, 300, 370, 371, 372, 488, 494, 495, 537, 538, 553, 581, 582, 583, 670, 704, 705, 706, 707, 738, 743, 744, 759, 818, 820, 821, 822]","[2, 9, 10, 82, 111, 112, 113, 199, 279, 284, 285, 300, 488, 494, 495, 553, 581, 582, 583, 670, 738, 743, 744, 759, 818]",7/6 successful match,True,"[88, 89]",True,671,False,,1.0,True,Petro North Las Vegas # 331 ( Valero ),Valero
"Las Vegas ( N ) , 89115 Maverick Truck Stop ( Rebel )",6 702-644-1000 3225 NV 604 ( 1.5 mi E of I-15 Exit 46 ),M 00,Las Vegas,89115,Maverick Truck Stop ( Rebel ),702-644-1000,2006,Las Vegas,NV,,( 1.5 mi E of I-15 Exit 46 ),3225 NV 604,Proper,,False,,False,NV 604,,,,,[],"[365, 370, 381, 820, 831]","[356, 363, 365, 367, 370, 375, 381, 391, 396, 811, 818, 820, 825, 831, 841, 846]",[],"[338, 339, 340, 341, 342, 343, 344, 345, 346, 347, 348, 349, 350, 351, 352, 353, 354, 355, 356, 357, 358, 359, 360, 361, 362, 363, 364, 365, 366, 367, 368, 369, 370, 371, 372, 373, 374, 375, 376, 377, 378, 379, 380, 381, 382, 383, 384, 385, 386, 387, 388, 389, 390, 391, 392, 393, 394, 395, 396, 397, 794, 795, 796, 797, 798, 799, 800, 801, 802, 803, 804, 805, 806, 807, 808, 809, 810, 811, 812, 813, 814, 815, 816, 817, 818, 819, 820, 821, 822, 823, 824, 825, 826, 827, 828, 829, 830, 831, 832, 833, 834, 835, 836, 837, 838, 839, 840, 841, 842, 843, 844, 845, 846, 847]","[348, 378, 381, 383, 385, 803, 828, 831, 833, 835]",[],"[381, 382, 438, 831, 832, 889]","[889, 794, 795, 796, 797, 798, 799, 800, 801, 802, 803, 804, 805, 806, 807, 808, 809, 810, 811, 812, 813, 814, 815, 816, 817, 818, 819, 820, 821, 822, 823, 824, 825, 826, 827, 828, 829, 830, 831, 832, 833, 834, 835, 836, 837, 838, 839, 840, 841, 842, 843, 844, 845, 846, 847, 338, 339, 340, 341, 342, 343, 344, 345, 346, 347, 348, 349, 350, 351, 352, 353, 354, 355, 356, 357, 358, 359, 360, 361, 362, 363, 364, 365, 366, 367, 368, 369, 370, 371, 372, 373, 374, 375, 376, 377, 378, 379, 380, 381, 382, 383, 384, 385, 386, 387, 388, 389, 390, 391, 392, 393, 394, 395, 396, 397, 438]",False,"[365, 370, 381, 820, 831]","[338, 339, 340, 341, 342, 343, 344, 345, 346, 347, 348, 349, 350, 351, 352, 353, 354, 355, 356, 357, 358, 359, 360, 361, 362, 363, 364, 365, 366, 367, 368, 369, 370, 371, 372, 373, 374, 375, 376, 377, 378, 379, 380, 381, 382, 383, 384, 385, 386, 387, 388, 389, 390, 391, 392, 393, 394, 395, 396, 397, 794, 795, 796, 797, 798, 799, 800, 801, 802, 803, 804, 805, 806, 807, 808, 809, 810, 811, 812, 813, 814, 815, 816, 817, 818, 819, 820, 821, 822, 823, 824, 825, 826, 827, 828, 829, 830, 831, 832, 833, 834, 835, 836, 837, 838, 839, 840, 841, 842, 843, 844, 845, 846, 847]","[356, 363, 365, 367, 370, 375, 381, 391, 396, 811, 818, 820, 825, 831, 841, 846]",[],"[348, 378, 381, 383, 385, 803, 828, 831, 833, 835]","[381, 382, 438, 831, 832, 889]",[],7/6 successful match,False,[649],True,672,False,,,,,
"( N ) , 89115 Maverick Truck Stop ( Rebel )",702-644-1001 Las Vegas 3225 NV 604 ( 1.5 mi <U+00C8> of I-15 Exit 46 ),46 ) HRS 24 M 00,,89115,Maverick Truck Stop ( Rebel ),702-644-1001,2007,Las Vegas,NV,,( 1.5 mi <U+00C8> of I-15 Exit 46 ),Las Vegas 3225 NV 604,empty,,False,,False,NV 604,,,,,"[381, 831]","[365, 370, 381, 820, 831]","[356, 363, 365, 367, 370, 375, 381, 391, 396, 811, 818, 820, 825, 831, 841, 846]",[],"[338, 339, 340, 341, 342, 343, 344, 345, 346, 347, 348, 349, 350, 351, 352, 353, 354, 355, 356, 357, 358, 359, 360, 361, 362, 363, 364, 365, 366, 367, 368, 369, 370, 371, 372, 373, 374, 375, 376, 377, 378, 379, 380, 381, 382, 383, 384, 385, 386, 387, 388, 389, 390, 391, 392, 393, 394, 395, 396, 397, 794, 795, 796, 797, 798, 799, 800, 801, 802, 803, 804, 805, 806, 807, 808, 809, 810, 811, 812, 813, 814, 815, 816, 817, 818, 819, 820, 821, 822, 823, 824, 825, 826, 827, 828, 829, 830, 831, 832, 833, 834, 835, 836, 837, 838, 839, 840, 841, 842, 843, 844, 845, 846, 847]","[348, 378, 381, 383, 385, 803, 828, 831, 833, 835]",[],"[381, 382, 438, 831, 832, 889]","[889, 794, 795, 796, 797, 798, 799, 800, 801, 802, 803, 804, 805, 806, 807, 808, 809, 810, 811, 812, 813, 814, 815, 816, 817, 818, 819, 820, 821, 822, 823, 824, 825, 826, 827, 828, 829, 830, 831, 832, 833, 834, 835, 836, 837, 838, 839, 840, 841, 842, 843, 844, 845, 846, 847, 338, 339, 340, 341, 342, 343, 344, 345, 346, 347, 348, 349, 350, 351, 352, 353, 354, 355, 356, 357, 358, 359, 360, 361, 362, 363, 364, 365, 366, 367, 368, 369, 370, 371, 372, 373, 374, 375, 376, 377, 378, 379, 380, 381, 382, 383, 384, 385, 386, 387, 388, 389, 390, 391, 392, 393, 394, 395, 396, 397, 438]",True,"[365, 370, 381, 820, 831]","[338, 339, 340, 341, 342, 343, 344, 345, 346, 347, 348, 349, 350, 351, 352, 353, 354, 355, 356, 357, 358, 359, 360, 361, 362, 363, 364, 365, 366, 367, 368, 369, 370, 371, 372, 373, 374, 375, 376, 377, 378, 379, 380, 381, 382, 383, 384, 385, 386, 387, 388, 389, 390, 391, 392, 393, 394, 395, 396, 397, 794, 795, 796, 797, 798, 799, 800, 801, 802, 803, 804, 805, 806, 807, 808, 809, 810, 811, 812, 813, 814, 815, 816, 817, 818, 819, 820, 821, 822, 823, 824, 825, 826, 827, 828, 829, 830, 831, 832, 833, 834, 835, 836, 837, 838, 839, 840, 841, 842, 843, 844, 845, 846, 847]","[356, 363, 365, 367, 370, 375, 381, 391, 396, 811, 818, 820, 825, 831, 841, 846]",[],"[348, 378, 381, 383, 385, 803, 828, 831, 833, 835]","[381, 382, 438, 831, 832, 889]",[],7/6 successful match,True,[150],True,672,False,,1.0,True,Maverick Truck Stop ( Rebel ),
"Las Vegas ( N ) , 89115 Maverick Truck Stop / 2 blks ( Rebel W on Tropicana )",702-644-1001 3225 NV 604 ( 1.5 mi E ),) HRS 24 S <U+2610> <U+2610><U+2610> <U+2610>,Las Vegas,89115,Maverick Truck Stop / 2 blks ( Rebel W on Tropicana ),702-644-1001,2008,Las Vegas,NV,,( 1.5 mi E ),3225 NV 604,Proper,,False,,False,NV 604,,,,,"[381, 831]","[365, 370, 381, 820, 831]","[356, 363, 365, 367, 370, 375, 381, 391, 396, 811, 818, 820, 825, 831, 841, 846]",[],"[338, 339, 340, 341, 342, 343, 344, 345, 346, 347, 348, 349, 350, 351, 352, 353, 354, 355, 356, 357, 358, 359, 360, 361, 362, 363, 364, 365, 366, 367, 368, 369, 370, 371, 372, 373, 374, 375, 376, 377, 378, 379, 380, 381, 382, 383, 384, 385, 386, 387, 388, 389, 390, 391, 392, 393, 394, 395, 396, 397, 794, 795, 796, 797, 798, 799, 800, 801, 802, 803, 804, 805, 806, 807, 808, 809, 810, 811, 812, 813, 814, 815, 816, 817, 818, 819, 820, 821, 822, 823, 824, 825, 826, 827, 828, 829, 830, 831, 832, 833, 834, 835, 836, 837, 838, 839, 840, 841, 842, 843, 844, 845, 846, 847]","[348, 378, 381, 383, 385, 803, 828, 831, 833, 835]",[],"[381, 382, 438, 831, 832, 889]","[889, 794, 795, 796, 797, 798, 799, 800, 801, 802, 803, 804, 805, 806, 807, 808, 809, 810, 811, 812, 813, 814, 815, 816, 817, 818, 819, 820, 821, 822, 823, 824, 825, 826, 827, 828, 829, 830, 831, 832, 833, 834, 835, 836, 837, 838, 839, 840, 841, 842, 843, 844, 845, 846, 847, 338, 339, 340, 341, 342, 343, 344, 345, 346, 347, 348, 349, 350, 351, 352, 353, 354, 355, 356, 357, 358, 359, 360, 361, 362, 363, 364, 365, 366, 367, 368, 369, 370, 371, 372, 373, 374, 375, 376, 377, 378, 379, 380, 381, 382, 383, 384, 385, 386, 387, 388, 389, 390, 391, 392, 393, 394, 395, 396, 397, 438]",True,"[365, 370, 381, 820, 831]","[338, 339, 340, 341, 342, 343, 344, 345, 346, 347, 348, 349, 350, 351, 352, 353, 354, 355, 356, 357, 358, 359, 360, 361, 362, 363, 364, 365, 366, 367, 368, 369, 370, 371, 372, 373, 374, 375, 376, 377, 378, 379, 380, 381, 382, 383, 384, 385, 386, 387, 388, 389, 390, 391, 392, 393, 394, 395, 396, 397, 794, 795, 796, 797, 798, 799, 800, 801, 802, 803, 804, 805, 806, 807, 808, 809, 810, 811, 812, 813, 814, 815, 816, 817, 818, 819, 820, 821, 822, 823, 824, 825, 826, 827, 828, 829, 830, 831, 832, 833, 834, 835, 836, 837, 838, 839, 840, 841, 842, 843, 844, 845, 846, 847]","[356, 363, 365, 367, 370, 375, 381, 391, 396, 811, 818, 820, 825, 831, 841, 846]",[],"[348, 378, 381, 383, 385, 803, 828, 831, 833, 835]","[381, 382, 438, 831, 832, 889]",[],7/6 successful match,True,[150],True,672,False,,0.9121951219512195,True,Maverick Truck Stop ( Rebel ),
Las Vegas ( North ) ( 89115 ) Rebel # 8 ( Maverick Truck Stop ),6 702-644-1001 3225 NV 604 ( 1.5 mi E of I-15 Exit 46 ),) 24 SO <U+2610> <U+2610>,Las Vegas,89115,Rebel # 8 ( Maverick Truck Stop ),702-644-1001,2014,Las Vegas,NV,,( 1.5 mi E of I-15 Exit 46 ),3225 NV 604,Proper,,False,,False,NV 604,,,,,"[381, 831]","[365, 370, 381, 820, 831]","[356, 363, 365, 367, 370, 375, 381, 391, 396, 811, 818, 820, 825, 831, 841, 846]",[],"[338, 339, 340, 341, 342, 343, 344, 345, 346, 347, 348, 349, 350, 351, 352, 353, 354, 355, 356, 357, 358, 359, 360, 361, 362, 363, 364, 365, 366, 367, 368, 369, 370, 371, 372, 373, 374, 375, 376, 377, 378, 379, 380, 381, 382, 383, 384, 385, 386, 387, 388, 389, 390, 391, 392, 393, 394, 395, 396, 397, 794, 795, 796, 797, 798, 799, 800, 801, 802, 803, 804, 805, 806, 807, 808, 809, 810, 811, 812, 813, 814, 815, 816, 817, 818, 819, 820, 821, 822, 823, 824, 825, 826, 827, 828, 829, 830, 831, 832, 833, 834, 835, 836, 837, 838, 839, 840, 841, 842, 843, 844, 845, 846, 847]","[348, 378, 381, 383, 385, 803, 828, 831, 833, 835]",[],"[381, 382, 438, 831, 832, 889]","[889, 794, 795, 796, 797, 798, 799, 800, 801, 802, 803, 804, 805, 806, 807, 808, 809, 810, 811, 812, 813, 814, 815, 816, 817, 818, 819, 820, 821, 822, 823, 824, 825, 826, 827, 828, 829, 830, 831, 832, 833, 834, 835, 836, 837, 838, 839, 840, 841, 842, 843, 844, 845, 846, 847, 338, 339, 340, 341, 342, 343, 344, 345, 346, 347, 348, 349, 350, 351, 352, 353, 354, 355, 356, 357, 358, 359, 360, 361, 362, 363, 364, 365, 366, 367, 368, 369, 370, 371, 372, 373, 374, 375, 376, 377, 378, 379, 380, 381, 382, 383, 384, 385, 386, 387, 388, 389, 390, 391, 392, 393, 394, 395, 396, 397, 438]",True,"[365, 370, 381, 820, 831]","[338, 339, 340, 341, 342, 343, 344, 345, 346, 347, 348, 349, 350, 351, 352, 353, 354, 355, 356, 357, 358, 359, 360, 361, 362, 363, 364, 365, 366, 367, 368, 369, 370, 371, 372, 373, 374, 375, 376, 377, 378, 379, 380, 381, 382, 383, 384, 385, 386, 387, 388, 389, 390, 391, 392, 393, 394, 395, 396, 397, 794, 795, 796, 797, 798, 799, 800, 801, 802, 803, 804, 805, 806, 807, 808, 809, 810, 811, 812, 813, 814, 815, 816, 817, 818, 819, 820, 821, 822, 823, 824, 825, 826, 827, 828, 829, 830, 831, 832, 833, 834, 835, 836, 837, 838, 839, 840, 841, 842, 843, 844, 845, 846, 847]","[356, 363, 365, 367, 370, 375, 381, 391, 396, 811, 818, 820, 825, 831, 841, 846]",[],"[348, 378, 381, 383, 385, 803, 828, 831, 833, 835]","[381, 382, 438, 831, 832, 889]",[],7/6 successful match,True,[150],True,672,False,,0.8465116279069768,True,Maverick Truck Stop / 2 blks ( Rebel W on Tropicana ),
Las Vegas ( North ) ( 89115 ) Rebel # 8 ( Maverick Truck Stop ) ),702-644-1001 3225 NV 604 ( 1.5 mi E of I-15 Exit 46 ),24 25 S,Las Vegas,89115,Rebel # 8 ( Maverick Truck Stop ) ),702-644-1001,2015,Las Vegas,NV,,( 1.5 mi E of I-15 Exit 46 ),3225 NV 604,Proper,,False,,False,NV 604,,,,,"[381, 831]","[365, 370, 381, 820, 831]","[356, 363, 365, 367, 370, 375, 381, 391, 396, 811, 818, 820, 825, 831, 841, 846]",[],"[338, 339, 340, 341, 342, 343, 344, 345, 346, 347, 348, 349, 350, 351, 352, 353, 354, 355, 356, 357, 358, 359, 360, 361, 362, 363, 364, 365, 366, 367, 368, 369, 370, 371, 372, 373, 374, 375, 376, 377, 378, 379, 380, 381, 382, 383, 384, 385, 386, 387, 388, 389, 390, 391, 392, 393, 394, 395, 396, 397, 794, 795, 796, 797, 798, 799, 800, 801, 802, 803, 804, 805, 806, 807, 808, 809, 810, 811, 812, 813, 814, 815, 816, 817, 818, 819, 820, 821, 822, 823, 824, 825, 826, 827, 828, 829, 830, 831, 832, 833, 834, 835, 836, 837, 838, 839, 840, 841, 842, 843, 844, 845, 846, 847]","[348, 378, 381, 383, 385, 803, 828, 831, 833, 835]",[],"[381, 382, 438, 831, 832, 889]","[889, 794, 795, 796, 797, 798, 799, 800, 801, 802, 803, 804, 805, 806, 807, 808, 809, 810, 811, 812, 813, 814, 815, 816, 817, 818, 819, 820, 821, 822, 823, 824, 825, 826, 827, 828, 829, 830, 831, 832, 833, 834, 835, 836, 837, 838, 839, 840, 841, 842, 843, 844, 845, 846, 847, 338, 339, 340, 341, 342, 343, 344, 345, 346, 347, 348, 349, 350, 351, 352, 353, 354, 355, 356, 357, 358, 359, 360, 361, 362, 363, 364, 365, 366, 367, 368, 369, 370, 371, 372, 373, 374, 375, 376, 377, 378, 379, 380, 381, 382, 383, 384, 385, 386, 387, 388, 389, 390, 391, 392, 393, 394, 395, 396, 397, 438]",True,"[365, 370, 381, 820, 831]","[338, 339, 340, 341, 342, 343, 344, 345, 346, 347, 348, 349, 350, 351, 352, 353, 354, 355, 356, 357, 358, 359, 360, 361, 362, 363, 364, 365, 366, 367, 368, 369, 370, 371, 372, 373, 374, 375, 376, 377, 378, 379, 380, 381, 382, 383, 384, 385, 386, 387, 388, 389, 390, 391, 392, 393, 394, 395, 396, 397, 794, 795, 796, 797, 798, 799, 800, 801, 802, 803, 804, 805, 806, 807, 808, 809, 810, 811, 812, 813, 814, 815, 816, 817, 818, 819, 820, 821, 822, 823, 824, 825, 826, 827, 828, 829, 830, 831, 832, 833, 834, 835, 836, 837, 838, 839, 840, 841, 842, 843, 844, 845, 846, 847]","[356, 363, 365, 367, 370, 375, 381, 391, 396, 811, 818, 820, 825, 831, 841, 846]",[],"[348, 378, 381, 383, 385, 803, 828, 831, 833, 835]","[381, 382, 438, 831, 832, 889]",[],7/6 successful match,True,[150],True,672,False,,1.0,True,Rebel # 8 ( Maverick Truck Stop ),
Las Vegas ( North ) ( 89115 ) Rebel # 8 ( Maverick Truck Stop ),702-644-1001 3235 NV 604 ( 1.5 mi E of I-15 46 ),) 24 SO <U+25A1>,Las Vegas,89115,Rebel # 8 ( Maverick Truck Stop ),702-644-1001,2016,Las Vegas,NV,,( 1.5 mi E of I-15 46 ),3235 NV 604,Proper,,False,,False,NV 604,,,,,"[381, 831]","[365, 370, 381, 820, 831]","[356, 363, 365, 367, 370, 375, 381, 391, 396, 811, 818, 820, 825, 831, 841, 846]",[],"[338, 339, 340, 341, 342, 343, 344, 345, 346, 347, 348, 349, 350, 351, 352, 353, 354, 355, 356, 357, 358, 359, 360, 361, 362, 363, 364, 365, 366, 367, 368, 369, 370, 371, 372, 373, 374, 375, 376, 377, 378, 379, 380, 381, 382, 383, 384, 385, 386, 387, 388, 389, 390, 391, 392, 393, 394, 395, 396, 397, 794, 795, 796, 797, 798, 799, 800, 801, 802, 803, 804, 805, 806, 807, 808, 809, 810, 811, 812, 813, 814, 815, 816, 817, 818, 819, 820, 821, 822, 823, 824, 825, 826, 827, 828, 829, 830, 831, 832, 833, 834, 835, 836, 837, 838, 839, 840, 841, 842, 843, 844, 845, 846, 847]","[348, 378, 381, 383, 385, 803, 828, 831, 833, 835]",[],"[381, 382, 438, 831, 832, 889]","[889, 794, 795, 796, 797, 798, 799, 800, 801, 802, 803, 804, 805, 806, 807, 808, 809, 810, 811, 812, 813, 814, 815, 816, 817, 818, 819, 820, 821, 822, 823, 824, 825, 826, 827, 828, 829, 830, 831, 832, 833, 834, 835, 836, 837, 838, 839, 840, 841, 842, 843, 844, 845, 846, 847, 338, 339, 340, 341, 342, 343, 344, 345, 346, 347, 348, 349, 350, 351, 352, 353, 354, 355, 356, 357, 358, 359, 360, 361, 362, 363, 364, 365, 366, 367, 368, 369, 370, 371, 372, 373, 374, 375, 376, 377, 378, 379, 380, 381, 382, 383, 384, 385, 386, 387, 388, 389, 390, 391, 392, 393, 394, 395, 396, 397, 438]",True,"[365, 370, 381, 820, 831]","[338, 339, 340, 341, 342, 343, 344, 345, 346, 347, 348, 349, 350, 351, 352, 353, 354, 355, 356, 357, 358, 359, 360, 361, 362, 363, 364, 365, 366, 367, 368, 369, 370, 371, 372, 373, 374, 375, 376, 377, 378, 379, 380, 381, 382, 383, 384, 385, 386, 387, 388, 389, 390, 391, 392, 393, 394, 395, 396, 397, 794, 795, 796, 797, 798, 799, 800, 801, 802, 803, 804, 805, 806, 807, 808, 809, 810, 811, 812, 813, 814, 815, 816, 817, 818, 819, 820, 821, 822, 823, 824, 825, 826, 827, 828, 829, 830, 831, 832, 833, 834, 835, 836, 837, 838, 839, 840, 841, 842, 843, 844, 845, 846, 847]","[356, 363, 365, 367, 370, 375, 381, 391, 396, 811, 818, 820, 825, 831, 841, 846]",[],"[348, 378, 381, 383, 385, 803, 828, 831, 833, 835]","[381, 382, 438, 831, 832, 889]",[],7/6 successful match,True,[150],True,672,False,,1.0,True,Rebel # 8 ( Maverick Truck Stop ) ),
"Las Vegas ( W ) , 89124 Vegas Valley Travel Center",702-407-9034 I-15 Exit 27 ( SW Quadrant ),24,Las Vegas,89124,Vegas Valley Travel Center,702-407-9034,2006,Las Vegas,NV,,( SW Quadrant ),I-15 Exit 27 ,Exit,27,False,,False,I-15,,,,,[],[],"[356, 363, 365, 367, 370, 375, 381, 391, 396, 811, 818, 820, 825, 831, 841, 846]","[420, 450, 872]","[338, 339, 340, 341, 342, 343, 344, 345, 346, 347, 348, 349, 350, 351, 352, 353, 354, 355, 356, 357, 358, 359, 360, 361, 362, 363, 364, 365, 366, 367, 368, 369, 370, 371, 372, 373, 374, 375, 376, 377, 378, 379, 380, 381, 382, 383, 384, 385, 386, 387, 388, 389, 390, 391, 392, 393, 394, 395, 396, 397, 794, 795, 796, 797, 798, 799, 800, 801, 802, 803, 804, 805, 806, 807, 808, 809, 810, 811, 812, 813, 814, 815, 816, 817, 818, 819, 820, 821, 822, 823, 824, 825, 826, 827, 828, 829, 830, 831, 832, 833, 834, 835, 836, 837, 838, 839, 840, 841, 842, 843, 844, 845, 846, 847]","[16, 125, 156, 163, 168, 184, 205, 222, 229, 253, 258, 265, 313, 317, 336, 340, 341, 356, 363, 365, 366, 367, 370, 375, 388, 391, 394, 396, 402, 410, 411, 412, 413, 415, 416, 417, 418, 419, 425, 429, 431, 433, 435, 437, 440, 441, 442, 443, 451, 452, 456, 457, 458, 460, 461, 464, 471, 473, 474, 475, 481, 482, 501, 596, 628, 635, 655, 675, 693, 716, 720, 725, 771, 775, 793, 796, 797, 811, 817, 818, 820, 825, 838, 841, 844, 846, 851, 857, 861, 862, 863, 864, 866, 867, 868, 870, 871, 877, 881, 883, 885, 888, 891, 892, 893, 898, 899, 904, 905, 907, 908, 911, 918, 920, 921, 922, 923, 924, 926, 931, 933]",[],"[154, 218, 279, 321, 322, 323, 324, 325, 326, 394, 401, 626, 686, 738, 779, 780, 781, 782, 783, 784, 844, 850]","[16, 922, 923, 313, 877, 317, 321, 596, 322, 888, 323, 324, 325, 326, 626, 628, 635, 125, 655, 154, 156, 163, 675, 168, 686, 693, 850, 184, 851, 883, 716, 205, 720, 725, 857, 218, 222, 738, 229, 861, 862, 863, 885, 864, 253, 258, 771, 866, 775, 265, 867, 779, 780, 781, 782, 868, 783, 784, 279, 793, 794, 795, 796, 797, 798, 799, 800, 801, 802, 803, 804, 805, 806, 807, 808, 809, 810, 811, 812, 813, 814, 815, 816, 817, 818, 819, 820, 821, 822, 823, 824, 825, 826, 827, 828, 829, 830, 831, 832, 833, 834, 835, 836, 837, 838, 839, 840, 841, 842, 843, 844, 845, 846, 847, 336, 881, 338, 339, 340, 341, 342, 343, 344, 345, 346, 347, 348, 349, 350, 351, 352, 353, 354, 355, 356, 357, 358, 359, 872, 360, 361, 363, 362, 365, 364, 367, 366, 368, 370, 369, 371, 372, 373, 375, 374, 377, 376, 378, 379, 380, 381, 382, 384, 385, 386, 387, 388, 389, 390, 391, 392, 393, 394, 395, 396, 397, 383, 892, 870, 891, 402, 893, 907, 908, 911, 918, 920, 921, 410, 411, 412, 413, 871, 415, 416, 417, 418, 419, 420, 924, 926, 898, 931, 425, 933, 899, 429, 431, 433, 435, 437, 440, 441, 442, 443, 450, 451, 452, 904, 456, 457, 458, 905, 460, 461, 464, 471, 473, 474, 475, 481, 482, 401, 501]",False,[],"[338, 339, 340, 341, 342, 343, 344, 345, 346, 347, 348, 349, 350, 351, 352, 353, 354, 355, 356, 357, 358, 359, 360, 361, 362, 363, 364, 365, 366, 367, 368, 369, 370, 371, 372, 373, 374, 375, 376, 377, 378, 379, 380, 381, 382, 383, 384, 385, 386, 387, 388, 389, 390, 391, 392, 393, 394, 395, 396, 397, 794, 795, 796, 797, 798, 799, 800, 801, 802, 803, 804, 805, 806, 807, 808, 809, 810, 811, 812, 813, 814, 815, 816, 817, 818, 819, 820, 821, 822, 823, 824, 825, 826, 827, 828, 829, 830, 831, 832, 833, 834, 835, 836, 837, 838, 839, 840, 841, 842, 843, 844, 845, 846, 847]","[356, 363, 365, 367, 370, 375, 381, 391, 396, 811, 818, 820, 825, 831, 841, 846]","[420, 450, 872]","[16, 125, 156, 163, 168, 184, 205, 222, 229, 253, 258, 265, 313, 317, 336, 340, 341, 356, 363, 365, 366, 367, 370, 375, 388, 391, 394, 396, 402, 410, 411, 412, 413, 415, 416, 417, 418, 419, 425, 429, 431, 433, 435, 437, 440, 441, 442, 443, 451, 452, 456, 457, 458, 460, 461, 464, 471, 473, 474, 475, 481, 482, 501, 596, 628, 635, 655, 675, 693, 716, 720, 725, 771, 775, 793, 796, 797, 811, 817, 818, 820, 825, 838, 841, 844, 846, 851, 857, 861, 862, 863, 864, 866, 867, 868, 870, 871, 877, 881, 883, 885, 888, 891, 892, 893, 898, 899, 904, 905, 907, 908, 911, 918, 920, 921, 922, 923, 924, 926, 931, 933]","[154, 218, 279, 321, 322, 323, 324, 325, 326, 394, 401, 626, 686, 738, 779, 780, 781, 782, 783, 784, 844, 850]",[],5/6 successful match,False,,False,673,False,,,,,
"Las Vegas ( W ) , 89124 Vegas Valley Travel Center ( Arco )",702-407-9034 I-15 Exit 27 ( SW Quadrant ),HRS AS,Las Vegas,89124,Vegas Valley Travel Center ( Arco ),702-407-9034,2007,Las Vegas,NV,,( SW Quadrant ),I-15 Exit 27 ,Exit,27,False,,False,I-15,,,,,[],[],"[356, 363, 365, 367, 370, 375, 381, 391, 396, 811, 818, 820, 825, 831, 841, 846]","[420, 450, 872]","[338, 339, 340, 341, 342, 343, 344, 345, 346, 347, 348, 349, 350, 351, 352, 353, 354, 355, 356, 357, 358, 359, 360, 361, 362, 363, 364, 365, 366, 367, 368, 369, 370, 371, 372, 373, 374, 375, 376, 377, 378, 379, 380, 381, 382, 383, 384, 385, 386, 387, 388, 389, 390, 391, 392, 393, 394, 395, 396, 397, 794, 795, 796, 797, 798, 799, 800, 801, 802, 803, 804, 805, 806, 807, 808, 809, 810, 811, 812, 813, 814, 815, 816, 817, 818, 819, 820, 821, 822, 823, 824, 825, 826, 827, 828, 829, 830, 831, 832, 833, 834, 835, 836, 837, 838, 839, 840, 841, 842, 843, 844, 845, 846, 847]","[16, 125, 156, 163, 168, 184, 205, 222, 229, 253, 258, 265, 313, 317, 336, 340, 341, 356, 363, 365, 366, 367, 370, 375, 388, 391, 394, 396, 402, 410, 411, 412, 413, 415, 416, 417, 418, 419, 425, 429, 431, 433, 435, 437, 440, 441, 442, 443, 451, 452, 456, 457, 458, 460, 461, 464, 471, 473, 474, 475, 481, 482, 501, 596, 628, 635, 655, 675, 693, 716, 720, 725, 771, 775, 793, 796, 797, 811, 817, 818, 820, 825, 838, 841, 844, 846, 851, 857, 861, 862, 863, 864, 866, 867, 868, 870, 871, 877, 881, 883, 885, 888, 891, 892, 893, 898, 899, 904, 905, 907, 908, 911, 918, 920, 921, 922, 923, 924, 926, 931, 933]",[],"[0, 120, 122, 154, 200, 218, 223, 226, 279, 315, 321, 322, 323, 324, 325, 326, 382, 394, 401, 485, 591, 593, 625, 626, 671, 686, 687, 690, 738, 773, 779, 780, 781, 782, 783, 784, 832, 844, 850]","[0, 16, 922, 923, 313, 315, 877, 317, 591, 321, 593, 596, 322, 888, 323, 324, 325, 326, 625, 626, 628, 120, 122, 635, 125, 655, 154, 156, 671, 163, 675, 168, 686, 687, 690, 693, 850, 184, 851, 883, 200, 716, 205, 720, 725, 857, 218, 222, 223, 226, 738, 229, 861, 862, 863, 885, 864, 253, 258, 771, 773, 866, 775, 265, 867, 779, 780, 781, 782, 868, 783, 784, 279, 793, 794, 795, 796, 797, 798, 799, 800, 801, 802, 803, 804, 805, 806, 807, 808, 809, 810, 811, 812, 813, 814, 815, 816, 817, 818, 819, 820, 821, 822, 823, 824, 825, 826, 827, 828, 829, 830, 831, 832, 833, 834, 835, 836, 837, 838, 839, 840, 841, 842, 843, 844, 845, 846, 847, 336, 881, 338, 339, 340, 341, 342, 343, 344, 345, 346, 347, 348, 349, 350, 351, 352, 353, 354, 355, 356, 357, 358, 359, 872, 360, 361, 363, 362, 365, 364, 367, 366, 368, 370, 369, 371, 372, 373, 375, 374, 377, 376, 378, 379, 380, 381, 382, 384, 385, 386, 387, 388, 389, 390, 391, 392, 393, 394, 395, 396, 397, 383, 892, 870, 891, 402, 893, 907, 908, 911, 918, 920, 921, 410, 411, 412, 413, 871, 415, 416, 417, 418, 419, 420, 924, 926, 898, 931, 425, 933, 899, 429, 431, 433, 435, 437, 440, 441, 442, 443, 450, 451, 452, 904, 456, 457, 458, 905, 460, 461, 464, 471, 473, 474, 475, 481, 482, 401, 485, 501]",False,[],"[338, 339, 340, 341, 342, 343, 344, 345, 346, 347, 348, 349, 350, 351, 352, 353, 354, 355, 356, 357, 358, 359, 360, 361, 362, 363, 364, 365, 366, 367, 368, 369, 370, 371, 372, 373, 374, 375, 376, 377, 378, 379, 380, 381, 382, 383, 384, 385, 386, 387, 388, 389, 390, 391, 392, 393, 394, 395, 396, 397, 794, 795, 796, 797, 798, 799, 800, 801, 802, 803, 804, 805, 806, 807, 808, 809, 810, 811, 812, 813, 814, 815, 816, 817, 818, 819, 820, 821, 822, 823, 824, 825, 826, 827, 828, 829, 830, 831, 832, 833, 834, 835, 836, 837, 838, 839, 840, 841, 842, 843, 844, 845, 846, 847]","[356, 363, 365, 367, 370, 375, 381, 391, 396, 811, 818, 820, 825, 831, 841, 846]","[420, 450, 872]","[16, 125, 156, 163, 168, 184, 205, 222, 229, 253, 258, 265, 313, 317, 336, 340, 341, 356, 363, 365, 366, 367, 370, 375, 388, 391, 394, 396, 402, 410, 411, 412, 413, 415, 416, 417, 418, 419, 425, 429, 431, 433, 435, 437, 440, 441, 442, 443, 451, 452, 456, 457, 458, 460, 461, 464, 471, 473, 474, 475, 481, 482, 501, 596, 628, 635, 655, 675, 693, 716, 720, 725, 771, 775, 793, 796, 797, 811, 817, 818, 820, 825, 838, 841, 844, 846, 851, 857, 861, 862, 863, 864, 866, 867, 868, 870, 871, 877, 881, 883, 885, 888, 891, 892, 893, 898, 899, 904, 905, 907, 908, 911, 918, 920, 921, 922, 923, 924, 926, 931, 933]","[0, 120, 122, 154, 200, 218, 223, 226, 279, 315, 321, 322, 323, 324, 325, 326, 382, 394, 401, 485, 591, 593, 625, 626, 671, 686, 687, 690, 738, 773, 779, 780, 781, 782, 783, 784, 832, 844, 850]",[],5/6 successful match,False,,False,673,False,,1.0,True,Vegas Valley Travel Center,
Las Vegas ( North ) ( 89165 ) Love's Travel Stop # 340,702-643-7398 I-15 Exit 64,24 2 <U+25A1> MO <U+25A1>,Las Vegas,89165,Love's Travel Stop # 340,702-643-7398,2014,Las Vegas,NV,Love's,,I-15 Exit 64,Exit,64,False,,False,I-15,,,,,"[811, 356]","[356, 811]","[356, 363, 365, 367, 370, 375, 381, 391, 396, 811, 818, 820, 825, 831, 841, 846]","[91, 356, 562, 811]","[338, 339, 340, 341, 342, 343, 344, 345, 346, 347, 348, 349, 350, 351, 352, 353, 354, 355, 356, 357, 358, 359, 360, 361, 362, 363, 364, 365, 366, 367, 368, 369, 370, 371, 372, 373, 374, 375, 376, 377, 378, 379, 380, 381, 382, 383, 384, 385, 386, 387, 388, 389, 390, 391, 392, 393, 394, 395, 396, 397, 794, 795, 796, 797, 798, 799, 800, 801, 802, 803, 804, 805, 806, 807, 808, 809, 810, 811, 812, 813, 814, 815, 816, 817, 818, 819, 820, 821, 822, 823, 824, 825, 826, 827, 828, 829, 830, 831, 832, 833, 834, 835, 836, 837, 838, 839, 840, 841, 842, 843, 844, 845, 846, 847]","[16, 125, 156, 163, 168, 184, 205, 222, 229, 253, 258, 265, 313, 317, 336, 340, 341, 356, 363, 365, 366, 367, 370, 375, 388, 391, 394, 396, 402, 410, 411, 412, 413, 415, 416, 417, 418, 419, 425, 429, 431, 433, 435, 437, 440, 441, 442, 443, 451, 452, 456, 457, 458, 460, 461, 464, 471, 473, 474, 475, 481, 482, 501, 596, 628, 635, 655, 675, 693, 716, 720, 725, 771, 775, 793, 796, 797, 811, 817, 818, 820, 825, 838, 841, 844, 846, 851, 857, 861, 862, 863, 864, 866, 867, 868, 870, 871, 877, 881, 883, 885, 888, 891, 892, 893, 898, 899, 904, 905, 907, 908, 911, 918, 920, 921, 922, 923, 924, 926, 931, 933]","[34, 35, 36, 37, 38, 39, 40, 41, 42, 43, 44, 45, 46, 47, 48, 201, 202, 203, 204, 205, 206, 207, 208, 209, 210, 211, 212, 213, 214, 215, 216, 355, 356, 357, 358, 359, 360, 361, 429, 430, 431, 432, 433, 434, 435, 515, 516, 517, 518, 519, 520, 521, 522, 523, 524, 525, 526, 527, 672, 673, 674, 675, 676, 677, 678, 679, 680, 681, 682, 683, 684, 810, 811, 812, 813, 814, 881, 882, 883, 884, 885, 886]","[32, 33, 34, 35, 36, 37, 38, 39, 40, 41, 42, 43, 44, 45, 46, 47, 48, 201, 202, 203, 204, 205, 206, 207, 208, 209, 210, 211, 212, 213, 214, 215, 216, 355, 356, 357, 358, 359, 360, 361, 374, 429, 430, 431, 432, 433, 434, 435, 515, 516, 517, 518, 519, 520, 521, 522, 523, 524, 525, 526, 527, 672, 673, 674, 675, 676, 677, 678, 679, 680, 681, 682, 683, 684, 810, 811, 812, 813, 814, 824, 881, 882, 883, 884, 885, 886]","[515, 516, 517, 518, 519, 520, 521, 522, 523, 524, 525, 526, 527, 16, 922, 32, 33, 34, 35, 36, 37, 38, 313, 39, 40, 41, 42, 43, 44, 45, 46, 47, 48, 562, 877, 317, 596, 888, 91, 628, 635, 125, 655, 156, 672, 673, 674, 163, 675, 676, 677, 678, 168, 679, 680, 681, 682, 683, 684, 882, 693, 184, 851, 883, 201, 202, 203, 716, 205, 204, 206, 720, 207, 208, 209, 210, 725, 211, 212, 857, 213, 214, 215, 216, 222, 884, 229, 861, 862, 863, 885, 864, 253, 258, 771, 866, 775, 265, 867, 868, 886, 793, 794, 795, 796, 797, 798, 799, 800, 801, 802, 803, 804, 805, 806, 807, 808, 809, 810, 811, 812, 813, 814, 815, 816, 817, 818, 819, 820, 821, 822, 823, 824, 825, 826, 827, 828, 829, 830, 831, 832, 833, 834, 835, 836, 837, 838, 839, 840, 841, 842, 843, 844, 845, 846, 847, 336, 881, 338, 339, 340, 341, 342, 343, 344, 345, 346, 347, 348, 349, 350, 351, 352, 353, 354, 355, 356, 357, 358, 359, 360, 361, 362, 363, 364, 365, 366, 367, 368, 369, 370, 371, 372, 373, 374, 375, 376, 377, 378, 379, 380, 381, 382, 383, 384, 385, 386, 387, 388, 389, 390, 391, 392, 393, 394, 395, 396, 397, 892, 893, 870, 891, 402, 907, 908, 911, 918, 920, 921, 410, 411, 412, 413, 871, 415, 416, 417, 418, 419, 923, 924, 926, 898, 931, 425, 933, 899, 429, 430, 431, 432, 433, 434, 435, 437, 440, 441, 442, 443, 451, 452, 904, 456, 457, 458, 905, 460, 461, 464, 471, 473, 474, 475, 481, 482, 501]",True,"[356, 811]","[338, 339, 340, 341, 342, 343, 344, 345, 346, 347, 348, 349, 350, 351, 352, 353, 354, 355, 356, 357, 358, 359, 360, 361, 362, 363, 364, 365, 366, 367, 368, 369, 370, 371, 372, 373, 374, 375, 376, 377, 378, 379, 380, 381, 382, 383, 384, 385, 386, 387, 388, 389, 390, 391, 392, 393, 394, 395, 396, 397, 794, 795, 796, 797, 798, 799, 800, 801, 802, 803, 804, 805, 806, 807, 808, 809, 810, 811, 812, 813, 814, 815, 816, 817, 818, 819, 820, 821, 822, 823, 824, 825, 826, 827, 828, 829, 830, 831, 832, 833, 834, 835, 836, 837, 838, 839, 840, 841, 842, 843, 844, 845, 846, 847]","[356, 363, 365, 367, 370, 375, 381, 391, 396, 811, 818, 820, 825, 831, 841, 846]","[91, 356, 562, 811]","[16, 125, 156, 163, 168, 184, 205, 222, 229, 253, 258, 265, 313, 317, 336, 340, 341, 356, 363, 365, 366, 367, 370, 375, 388, 391, 394, 396, 402, 410, 411, 412, 413, 415, 416, 417, 418, 419, 425, 429, 431, 433, 435, 437, 440, 441, 442, 443, 451, 452, 456, 457, 458, 460, 461, 464, 471, 473, 474, 475, 481, 482, 501, 596, 628, 635, 655, 675, 693, 716, 720, 725, 771, 775, 793, 796, 797, 811, 817, 818, 820, 825, 838, 841, 844, 846, 851, 857, 861, 862, 863, 864, 866, 867, 868, 870, 871, 877, 881, 883, 885, 888, 891, 892, 893, 898, 899, 904, 905, 907, 908, 911, 918, 920, 921, 922, 923, 924, 926, 931, 933]","[32, 33, 34, 35, 36, 37, 38, 39, 40, 41, 42, 43, 44, 45, 46, 47, 48, 201, 202, 203, 204, 205, 206, 207, 208, 209, 210, 211, 212, 213, 214, 215, 216, 355, 356, 357, 358, 359, 360, 361, 374, 429, 430, 431, 432, 433, 434, 435, 515, 516, 517, 518, 519, 520, 521, 522, 523, 524, 525, 526, 527, 672, 673, 674, 675, 676, 677, 678, 679, 680, 681, 682, 683, 684, 810, 811, 812, 813, 814, 824, 881, 882, 883, 884, 885, 886]","[34, 35, 36, 37, 38, 39, 40, 41, 42, 43, 44, 45, 46, 47, 48, 201, 202, 203, 204, 205, 206, 207, 208, 209, 210, 211, 212, 213, 214, 215, 216, 355, 356, 357, 358, 359, 360, 361, 429, 430, 431, 432, 433, 434, 435, 515, 516, 517, 518, 519, 520, 521, 522, 523, 524, 525, 526, 527, 672, 673, 674, 675, 676, 677, 678, 679, 680, 681, 682, 683, 684, 810, 811, 812, 813, 814, 881, 882, 883, 884, 885, 886]",7/6 successful match,True,[542],True,674,False,,,,,
Las Vegas ( North ) ( 89165 ) Love's Travel Stop # 340 Blvd ) RS,702-643-7398 I-15 Exit 64 24,24 <U+2610> M <U+25A1>,Las Vegas,89165,Love's Travel Stop # 340 Blvd ) RS,702-643-7398,2015,Las Vegas,NV,Love's,,I-15 Exit 64 24,Exit,64,False,,False,I-15,,,,,"[811, 356]","[356, 811]","[356, 363, 365, 367, 370, 375, 381, 391, 396, 811, 818, 820, 825, 831, 841, 846]","[91, 356, 562, 811]","[338, 339, 340, 341, 342, 343, 344, 345, 346, 347, 348, 349, 350, 351, 352, 353, 354, 355, 356, 357, 358, 359, 360, 361, 362, 363, 364, 365, 366, 367, 368, 369, 370, 371, 372, 373, 374, 375, 376, 377, 378, 379, 380, 381, 382, 383, 384, 385, 386, 387, 388, 389, 390, 391, 392, 393, 394, 395, 396, 397, 794, 795, 796, 797, 798, 799, 800, 801, 802, 803, 804, 805, 806, 807, 808, 809, 810, 811, 812, 813, 814, 815, 816, 817, 818, 819, 820, 821, 822, 823, 824, 825, 826, 827, 828, 829, 830, 831, 832, 833, 834, 835, 836, 837, 838, 839, 840, 841, 842, 843, 844, 845, 846, 847]","[16, 125, 156, 163, 168, 184, 205, 222, 229, 253, 258, 265, 313, 317, 336, 340, 341, 356, 363, 365, 366, 367, 370, 375, 388, 391, 394, 396, 402, 410, 411, 412, 413, 415, 416, 417, 418, 419, 425, 429, 431, 433, 435, 437, 440, 441, 442, 443, 451, 452, 456, 457, 458, 460, 461, 464, 471, 473, 474, 475, 481, 482, 501, 596, 628, 635, 655, 675, 693, 716, 720, 725, 771, 775, 793, 796, 797, 811, 817, 818, 820, 825, 838, 841, 844, 846, 851, 857, 861, 862, 863, 864, 866, 867, 868, 870, 871, 877, 881, 883, 885, 888, 891, 892, 893, 898, 899, 904, 905, 907, 908, 911, 918, 920, 921, 922, 923, 924, 926, 931, 933]","[34, 35, 36, 37, 38, 39, 40, 41, 42, 43, 44, 45, 46, 47, 48, 201, 202, 203, 204, 205, 206, 207, 208, 209, 210, 211, 212, 213, 214, 215, 216, 355, 356, 357, 358, 359, 360, 361, 429, 430, 431, 432, 433, 434, 435, 515, 516, 517, 518, 519, 520, 521, 522, 523, 524, 525, 526, 527, 672, 673, 674, 675, 676, 677, 678, 679, 680, 681, 682, 683, 684, 810, 811, 812, 813, 814, 881, 882, 883, 884, 885, 886]","[32, 33, 34, 35, 36, 37, 38, 39, 40, 41, 42, 43, 44, 45, 46, 47, 48, 201, 202, 203, 204, 205, 206, 207, 208, 209, 210, 211, 212, 213, 214, 215, 216, 355, 356, 357, 358, 359, 360, 361, 374, 429, 430, 431, 432, 433, 434, 435, 515, 516, 517, 518, 519, 520, 521, 522, 523, 524, 525, 526, 527, 672, 673, 674, 675, 676, 677, 678, 679, 680, 681, 682, 683, 684, 810, 811, 812, 813, 814, 824, 881, 882, 883, 884, 885, 886]","[515, 516, 517, 518, 519, 520, 521, 522, 523, 524, 525, 526, 527, 16, 922, 32, 33, 34, 35, 36, 37, 38, 313, 39, 40, 41, 42, 43, 44, 45, 46, 47, 48, 562, 877, 317, 596, 888, 91, 628, 635, 125, 655, 156, 672, 673, 674, 163, 675, 676, 677, 678, 168, 679, 680, 681, 682, 683, 684, 882, 693, 184, 851, 883, 201, 202, 203, 716, 205, 204, 206, 720, 207, 208, 209, 210, 725, 211, 212, 857, 213, 214, 215, 216, 222, 884, 229, 861, 862, 863, 885, 864, 253, 258, 771, 866, 775, 265, 867, 868, 886, 793, 794, 795, 796, 797, 798, 799, 800, 801, 802, 803, 804, 805, 806, 807, 808, 809, 810, 811, 812, 813, 814, 815, 816, 817, 818, 819, 820, 821, 822, 823, 824, 825, 826, 827, 828, 829, 830, 831, 832, 833, 834, 835, 836, 837, 838, 839, 840, 841, 842, 843, 844, 845, 846, 847, 336, 881, 338, 339, 340, 341, 342, 343, 344, 345, 346, 347, 348, 349, 350, 351, 352, 353, 354, 355, 356, 357, 358, 359, 360, 361, 362, 363, 364, 365, 366, 367, 368, 369, 370, 371, 372, 373, 374, 375, 376, 377, 378, 379, 380, 381, 382, 383, 384, 385, 386, 387, 388, 389, 390, 391, 392, 393, 394, 395, 396, 397, 892, 893, 870, 891, 402, 907, 908, 911, 918, 920, 921, 410, 411, 412, 413, 871, 415, 416, 417, 418, 419, 923, 924, 926, 898, 931, 425, 933, 899, 429, 430, 431, 432, 433, 434, 435, 437, 440, 441, 442, 443, 451, 452, 904, 456, 457, 458, 905, 460, 461, 464, 471, 473, 474, 475, 481, 482, 501]",True,"[356, 811]","[338, 339, 340, 341, 342, 343, 344, 345, 346, 347, 348, 349, 350, 351, 352, 353, 354, 355, 356, 357, 358, 359, 360, 361, 362, 363, 364, 365, 366, 367, 368, 369, 370, 371, 372, 373, 374, 375, 376, 377, 378, 379, 380, 381, 382, 383, 384, 385, 386, 387, 388, 389, 390, 391, 392, 393, 394, 395, 396, 397, 794, 795, 796, 797, 798, 799, 800, 801, 802, 803, 804, 805, 806, 807, 808, 809, 810, 811, 812, 813, 814, 815, 816, 817, 818, 819, 820, 821, 822, 823, 824, 825, 826, 827, 828, 829, 830, 831, 832, 833, 834, 835, 836, 837, 838, 839, 840, 841, 842, 843, 844, 845, 846, 847]","[356, 363, 365, 367, 370, 375, 381, 391, 396, 811, 818, 820, 825, 831, 841, 846]","[91, 356, 562, 811]","[16, 125, 156, 163, 168, 184, 205, 222, 229, 253, 258, 265, 313, 317, 336, 340, 341, 356, 363, 365, 366, 367, 370, 375, 388, 391, 394, 396, 402, 410, 411, 412, 413, 415, 416, 417, 418, 419, 425, 429, 431, 433, 435, 437, 440, 441, 442, 443, 451, 452, 456, 457, 458, 460, 461, 464, 471, 473, 474, 475, 481, 482, 501, 596, 628, 635, 655, 675, 693, 716, 720, 725, 771, 775, 793, 796, 797, 811, 817, 818, 820, 825, 838, 841, 844, 846, 851, 857, 861, 862, 863, 864, 866, 867, 868, 870, 871, 877, 881, 883, 885, 888, 891, 892, 893, 898, 899, 904, 905, 907, 908, 911, 918, 920, 921, 922, 923, 924, 926, 931, 933]","[32, 33, 34, 35, 36, 37, 38, 39, 40, 41, 42, 43, 44, 45, 46, 47, 48, 201, 202, 203, 204, 205, 206, 207, 208, 209, 210, 211, 212, 213, 214, 215, 216, 355, 356, 357, 358, 359, 360, 361, 374, 429, 430, 431, 432, 433, 434, 435, 515, 516, 517, 518, 519, 520, 521, 522, 523, 524, 525, 526, 527, 672, 673, 674, 675, 676, 677, 678, 679, 680, 681, 682, 683, 684, 810, 811, 812, 813, 814, 824, 881, 882, 883, 884, 885, 886]","[34, 35, 36, 37, 38, 39, 40, 41, 42, 43, 44, 45, 46, 47, 48, 201, 202, 203, 204, 205, 206, 207, 208, 209, 210, 211, 212, 213, 214, 215, 216, 355, 356, 357, 358, 359, 360, 361, 429, 430, 431, 432, 433, 434, 435, 515, 516, 517, 518, 519, 520, 521, 522, 523, 524, 525, 526, 527, 672, 673, 674, 675, 676, 677, 678, 679, 680, 681, 682, 683, 684, 810, 811, 812, 813, 814, 881, 882, 883, 884, 885, 886]",7/6 successful match,True,[542],True,674,False,,1.0,True,Love's Travel Stop # 340,Love's
Las Vegas ( North ) ( 89165 ) Love's Travel Stop # 340,6 702-643-7398 I-15 Exit 64,<U+25A1> MO,Las Vegas,89165,Love's Travel Stop # 340,702-643-7398,2016,Las Vegas,NV,Love's,,I-15 Exit 64,Exit,64,False,,False,I-15,,,,,"[811, 356]","[356, 811]","[356, 363, 365, 367, 370, 375, 381, 391, 396, 811, 818, 820, 825, 831, 841, 846]","[91, 356, 562, 811]","[338, 339, 340, 341, 342, 343, 344, 345, 346, 347, 348, 349, 350, 351, 352, 353, 354, 355, 356, 357, 358, 359, 360, 361, 362, 363, 364, 365, 366, 367, 368, 369, 370, 371, 372, 373, 374, 375, 376, 377, 378, 379, 380, 381, 382, 383, 384, 385, 386, 387, 388, 389, 390, 391, 392, 393, 394, 395, 396, 397, 794, 795, 796, 797, 798, 799, 800, 801, 802, 803, 804, 805, 806, 807, 808, 809, 810, 811, 812, 813, 814, 815, 816, 817, 818, 819, 820, 821, 822, 823, 824, 825, 826, 827, 828, 829, 830, 831, 832, 833, 834, 835, 836, 837, 838, 839, 840, 841, 842, 843, 844, 845, 846, 847]","[16, 125, 156, 163, 168, 184, 205, 222, 229, 253, 258, 265, 313, 317, 336, 340, 341, 356, 363, 365, 366, 367, 370, 375, 388, 391, 394, 396, 402, 410, 411, 412, 413, 415, 416, 417, 418, 419, 425, 429, 431, 433, 435, 437, 440, 441, 442, 443, 451, 452, 456, 457, 458, 460, 461, 464, 471, 473, 474, 475, 481, 482, 501, 596, 628, 635, 655, 675, 693, 716, 720, 725, 771, 775, 793, 796, 797, 811, 817, 818, 820, 825, 838, 841, 844, 846, 851, 857, 861, 862, 863, 864, 866, 867, 868, 870, 871, 877, 881, 883, 885, 888, 891, 892, 893, 898, 899, 904, 905, 907, 908, 911, 918, 920, 921, 922, 923, 924, 926, 931, 933]","[34, 35, 36, 37, 38, 39, 40, 41, 42, 43, 44, 45, 46, 47, 48, 201, 202, 203, 204, 205, 206, 207, 208, 209, 210, 211, 212, 213, 214, 215, 216, 355, 356, 357, 358, 359, 360, 361, 429, 430, 431, 432, 433, 434, 435, 515, 516, 517, 518, 519, 520, 521, 522, 523, 524, 525, 526, 527, 672, 673, 674, 675, 676, 677, 678, 679, 680, 681, 682, 683, 684, 810, 811, 812, 813, 814, 881, 882, 883, 884, 885, 886]","[32, 33, 34, 35, 36, 37, 38, 39, 40, 41, 42, 43, 44, 45, 46, 47, 48, 201, 202, 203, 204, 205, 206, 207, 208, 209, 210, 211, 212, 213, 214, 215, 216, 355, 356, 357, 358, 359, 360, 361, 374, 429, 430, 431, 432, 433, 434, 435, 515, 516, 517, 518, 519, 520, 521, 522, 523, 524, 525, 526, 527, 672, 673, 674, 675, 676, 677, 678, 679, 680, 681, 682, 683, 684, 810, 811, 812, 813, 814, 824, 881, 882, 883, 884, 885, 886]","[515, 516, 517, 518, 519, 520, 521, 522, 523, 524, 525, 526, 527, 16, 922, 32, 33, 34, 35, 36, 37, 38, 313, 39, 40, 41, 42, 43, 44, 45, 46, 47, 48, 562, 877, 317, 596, 888, 91, 628, 635, 125, 655, 156, 672, 673, 674, 163, 675, 676, 677, 678, 168, 679, 680, 681, 682, 683, 684, 882, 693, 184, 851, 883, 201, 202, 203, 716, 205, 204, 206, 720, 207, 208, 209, 210, 725, 211, 212, 857, 213, 214, 215, 216, 222, 884, 229, 861, 862, 863, 885, 864, 253, 258, 771, 866, 775, 265, 867, 868, 886, 793, 794, 795, 796, 797, 798, 799, 800, 801, 802, 803, 804, 805, 806, 807, 808, 809, 810, 811, 812, 813, 814, 815, 816, 817, 818, 819, 820, 821, 822, 823, 824, 825, 826, 827, 828, 829, 830, 831, 832, 833, 834, 835, 836, 837, 838, 839, 840, 841, 842, 843, 844, 845, 846, 847, 336, 881, 338, 339, 340, 341, 342, 343, 344, 345, 346, 347, 348, 349, 350, 351, 352, 353, 354, 355, 356, 357, 358, 359, 360, 361, 362, 363, 364, 365, 366, 367, 368, 369, 370, 371, 372, 373, 374, 375, 376, 377, 378, 379, 380, 381, 382, 383, 384, 385, 386, 387, 388, 389, 390, 391, 392, 393, 394, 395, 396, 397, 892, 893, 870, 891, 402, 907, 908, 911, 918, 920, 921, 410, 411, 412, 413, 871, 415, 416, 417, 418, 419, 923, 924, 926, 898, 931, 425, 933, 899, 429, 430, 431, 432, 433, 434, 435, 437, 440, 441, 442, 443, 451, 452, 904, 456, 457, 458, 905, 460, 461, 464, 471, 473, 474, 475, 481, 482, 501]",True,"[356, 811]","[338, 339, 340, 341, 342, 343, 344, 345, 346, 347, 348, 349, 350, 351, 352, 353, 354, 355, 356, 357, 358, 359, 360, 361, 362, 363, 364, 365, 366, 367, 368, 369, 370, 371, 372, 373, 374, 375, 376, 377, 378, 379, 380, 381, 382, 383, 384, 385, 386, 387, 388, 389, 390, 391, 392, 393, 394, 395, 396, 397, 794, 795, 796, 797, 798, 799, 800, 801, 802, 803, 804, 805, 806, 807, 808, 809, 810, 811, 812, 813, 814, 815, 816, 817, 818, 819, 820, 821, 822, 823, 824, 825, 826, 827, 828, 829, 830, 831, 832, 833, 834, 835, 836, 837, 838, 839, 840, 841, 842, 843, 844, 845, 846, 847]","[356, 363, 365, 367, 370, 375, 381, 391, 396, 811, 818, 820, 825, 831, 841, 846]","[91, 356, 562, 811]","[16, 125, 156, 163, 168, 184, 205, 222, 229, 253, 258, 265, 313, 317, 336, 340, 341, 356, 363, 365, 366, 367, 370, 375, 388, 391, 394, 396, 402, 410, 411, 412, 413, 415, 416, 417, 418, 419, 425, 429, 431, 433, 435, 437, 440, 441, 442, 443, 451, 452, 456, 457, 458, 460, 461, 464, 471, 473, 474, 475, 481, 482, 501, 596, 628, 635, 655, 675, 693, 716, 720, 725, 771, 775, 793, 796, 797, 811, 817, 818, 820, 825, 838, 841, 844, 846, 851, 857, 861, 862, 863, 864, 866, 867, 868, 870, 871, 877, 881, 883, 885, 888, 891, 892, 893, 898, 899, 904, 905, 907, 908, 911, 918, 920, 921, 922, 923, 924, 926, 931, 933]","[32, 33, 34, 35, 36, 37, 38, 39, 40, 41, 42, 43, 44, 45, 46, 47, 48, 201, 202, 203, 204, 205, 206, 207, 208, 209, 210, 211, 212, 213, 214, 215, 216, 355, 356, 357, 358, 359, 360, 361, 374, 429, 430, 431, 432, 433, 434, 435, 515, 516, 517, 518, 519, 520, 521, 522, 523, 524, 525, 526, 527, 672, 673, 674, 675, 676, 677, 678, 679, 680, 681, 682, 683, 684, 810, 811, 812, 813, 814, 824, 881, 882, 883, 884, 885, 886]","[34, 35, 36, 37, 38, 39, 40, 41, 42, 43, 44, 45, 46, 47, 48, 201, 202, 203, 204, 205, 206, 207, 208, 209, 210, 211, 212, 213, 214, 215, 216, 355, 356, 357, 358, 359, 360, 361, 429, 430, 431, 432, 433, 434, 435, 515, 516, 517, 518, 519, 520, 521, 522, 523, 524, 525, 526, 527, 672, 673, 674, 675, 676, 677, 678, 679, 680, 681, 682, 683, 684, 810, 811, 812, 813, 814, 881, 882, 883, 884, 885, 886]",7/6 successful match,True,[542],True,674,False,,1.0,True,Love's Travel Stop # 340 Blvd ) RS,Love's
Ely ( 89301 ) Silver Sage Travel Center ( Chevron ),775-289-6550 760 US 6-50 SE,24 MOO,Ely,89301,Silver Sage Travel Center ( Chevron ),775-289-6550,2014,Ely,NV,Chevron,,760 US 6-50 SE,Proper,,False,,False,US 6-50,,,,,"[386, 836]","[358, 379, 386, 813, 829, 836]","[358, 379, 386, 813, 829, 836]",[],"[338, 339, 340, 341, 342, 343, 344, 345, 346, 347, 348, 349, 350, 351, 352, 353, 354, 355, 356, 357, 358, 359, 360, 361, 362, 363, 364, 365, 366, 367, 368, 369, 370, 371, 372, 373, 374, 375, 376, 377, 378, 379, 380, 381, 382, 383, 384, 385, 386, 387, 388, 389, 390, 391, 392, 393, 394, 395, 396, 397, 794, 795, 796, 797, 798, 799, 800, 801, 802, 803, 804, 805, 806, 807, 808, 809, 810, 811, 812, 813, 814, 815, 816, 817, 818, 819, 820, 821, 822, 823, 824, 825, 826, 827, 828, 829, 830, 831, 832, 833, 834, 835, 836, 837, 838, 839, 840, 841, 842, 843, 844, 845, 846, 847]","[180, 268, 285, 342, 347, 353, 360, 372, 386, 407, 453, 467, 651, 727, 744, 798, 802, 808, 822, 836, 856, 900, 914]","[12, 24, 25, 28, 88, 100, 104, 119, 123, 129, 136, 137, 139, 140, 141, 148, 155, 169, 172, 179, 183, 185, 188, 196, 198, 217, 237, 267, 270, 278, 319, 321, 324, 325, 330, 334, 335, 354, 366, 369, 380, 383, 384, 386, 395, 407, 411, 423, 428, 436, 437, 452, 453, 456, 467, 471, 477, 478, 479, 497, 508, 511, 559, 571, 575, 590, 594, 600, 607, 608, 610, 611, 612, 619, 627, 640, 643, 650, 654, 656, 659, 667, 669, 685, 701, 726, 729, 737, 777, 779, 782, 783, 787, 790, 791, 809, 817, 819, 830, 833, 834, 836, 845, 856, 857, 860, 862, 875, 880, 887, 888, 899, 900, 914, 918, 921, 928, 929, 930]","[12, 24, 25, 28, 88, 100, 104, 119, 123, 129, 136, 137, 139, 140, 141, 148, 155, 169, 172, 179, 183, 185, 188, 196, 198, 217, 237, 267, 270, 278, 319, 321, 324, 325, 330, 334, 335, 354, 366, 369, 380, 383, 384, 386, 395, 407, 411, 423, 426, 428, 436, 437, 452, 453, 456, 467, 471, 477, 478, 479, 497, 508, 511, 559, 571, 575, 590, 594, 600, 607, 608, 610, 611, 612, 619, 627, 640, 643, 650, 654, 656, 659, 667, 669, 685, 701, 726, 729, 737, 777, 779, 782, 783, 787, 790, 791, 809, 817, 819, 830, 833, 834, 836, 845, 856, 857, 860, 862, 875, 878, 880, 887, 888, 899, 900, 914, 918, 921, 928, 929, 930]","[875, 12, 24, 25, 28, 559, 571, 575, 319, 878, 590, 321, 594, 88, 600, 888, 324, 607, 608, 610, 611, 100, 325, 612, 104, 619, 627, 119, 123, 880, 640, 129, 643, 136, 137, 650, 651, 139, 140, 141, 654, 656, 659, 148, 335, 155, 667, 669, 169, 172, 685, 179, 180, 183, 185, 188, 701, 196, 198, 856, 726, 727, 857, 217, 729, 737, 860, 744, 237, 862, 777, 267, 268, 779, 270, 782, 783, 787, 278, 790, 791, 794, 795, 796, 797, 798, 799, 800, 801, 802, 803, 804, 805, 806, 807, 808, 809, 810, 811, 812, 813, 814, 815, 816, 817, 818, 819, 820, 821, 822, 823, 824, 825, 826, 827, 828, 829, 830, 831, 832, 833, 834, 835, 836, 837, 838, 839, 840, 841, 842, 843, 844, 845, 846, 847, 330, 334, 338, 339, 340, 341, 342, 343, 344, 345, 346, 347, 348, 349, 350, 351, 352, 353, 354, 355, 356, 357, 358, 359, 360, 361, 362, 363, 364, 365, 366, 367, 368, 369, 370, 371, 372, 373, 374, 375, 376, 377, 378, 379, 380, 381, 382, 383, 384, 385, 386, 387, 388, 389, 390, 391, 392, 393, 394, 395, 396, 397, 914, 918, 407, 921, 285, 411, 928, 929, 930, 423, 426, 428, 899, 900, 436, 437, 452, 453, 456, 467, 471, 477, 478, 479, 887, 497, 508, 511]",True,"[358, 379, 386, 813, 829, 836]","[338, 339, 340, 341, 342, 343, 344, 345, 346, 347, 348, 349, 350, 351, 352, 353, 354, 355, 356, 357, 358, 359, 360, 361, 362, 363, 364, 365, 366, 367, 368, 369, 370, 371, 372, 373, 374, 375, 376, 377, 378, 379, 380, 381, 382, 383, 384, 385, 386, 387, 388, 389, 390, 391, 392, 393, 394, 395, 396, 397, 794, 795, 796, 797, 798, 799, 800, 801, 802, 803, 804, 805, 806, 807, 808, 809, 810, 811, 812, 813, 814, 815, 816, 817, 818, 819, 820, 821, 822, 823, 824, 825, 826, 827, 828, 829, 830, 831, 832, 833, 834, 835, 836, 837, 838, 839, 840, 841, 842, 843, 844, 845, 846, 847]","[358, 379, 386, 813, 829, 836]",[],"[180, 268, 285, 342, 347, 353, 360, 372, 386, 407, 453, 467, 651, 727, 744, 798, 802, 808, 822, 836, 856, 900, 914]","[12, 24, 25, 28, 88, 100, 104, 119, 123, 129, 136, 137, 139, 140, 141, 148, 155, 169, 172, 179, 183, 185, 188, 196, 198, 217, 237, 267, 270, 278, 319, 321, 324, 325, 330, 334, 335, 354, 366, 369, 380, 383, 384, 386, 395, 407, 411, 423, 426, 428, 436, 437, 452, 453, 456, 467, 471, 477, 478, 479, 497, 508, 511, 559, 571, 575, 590, 594, 600, 607, 608, 610, 611, 612, 619, 627, 640, 643, 650, 654, 656, 659, 667, 669, 685, 701, 726, 729, 737, 777, 779, 782, 783, 787, 790, 791, 809, 817, 819, 830, 833, 834, 836, 845, 856, 857, 860, 862, 875, 878, 880, 887, 888, 899, 900, 914, 918, 921, 928, 929, 930]","[12, 24, 25, 28, 88, 100, 104, 119, 123, 129, 136, 137, 139, 140, 141, 148, 155, 169, 172, 179, 183, 185, 188, 196, 198, 217, 237, 267, 270, 278, 319, 321, 324, 325, 330, 334, 335, 354, 366, 369, 380, 383, 384, 386, 395, 407, 411, 423, 428, 436, 437, 452, 453, 456, 467, 471, 477, 478, 479, 497, 508, 511, 559, 571, 575, 590, 594, 600, 607, 608, 610, 611, 612, 619, 627, 640, 643, 650, 654, 656, 659, 667, 669, 685, 701, 726, 729, 737, 777, 779, 782, 783, 787, 790, 791, 809, 817, 819, 830, 833, 834, 836, 845, 856, 857, 860, 862, 875, 880, 887, 888, 899, 900, 914, 918, 921, 928, 929, 930]",7/6 successful match,True,[564],True,675,False,,,,,
Ely ( 89301 ) Silver Sage Travel Center ( Chevron ),775-289-6550 760 US 6-50 SE,24 M,Ely,89301,Silver Sage Travel Center ( Chevron ),775-289-6550,2015,Ely,NV,Chevron,,760 US 6-50 SE,Proper,,False,,False,US 6-50,,,,,"[386, 836]","[358, 379, 386, 813, 829, 836]","[358, 379, 386, 813, 829, 836]",[],"[338, 339, 340, 341, 342, 343, 344, 345, 346, 347, 348, 349, 350, 351, 352, 353, 354, 355, 356, 357, 358, 359, 360, 361, 362, 363, 364, 365, 366, 367, 368, 369, 370, 371, 372, 373, 374, 375, 376, 377, 378, 379, 380, 381, 382, 383, 384, 385, 386, 387, 388, 389, 390, 391, 392, 393, 394, 395, 396, 397, 794, 795, 796, 797, 798, 799, 800, 801, 802, 803, 804, 805, 806, 807, 808, 809, 810, 811, 812, 813, 814, 815, 816, 817, 818, 819, 820, 821, 822, 823, 824, 825, 826, 827, 828, 829, 830, 831, 832, 833, 834, 835, 836, 837, 838, 839, 840, 841, 842, 843, 844, 845, 846, 847]","[180, 268, 285, 342, 347, 353, 360, 372, 386, 407, 453, 467, 651, 727, 744, 798, 802, 808, 822, 836, 856, 900, 914]","[12, 24, 25, 28, 88, 100, 104, 119, 123, 129, 136, 137, 139, 140, 141, 148, 155, 169, 172, 179, 183, 185, 188, 196, 198, 217, 237, 267, 270, 278, 319, 321, 324, 325, 330, 334, 335, 354, 366, 369, 380, 383, 384, 386, 395, 407, 411, 423, 428, 436, 437, 452, 453, 456, 467, 471, 477, 478, 479, 497, 508, 511, 559, 571, 575, 590, 594, 600, 607, 608, 610, 611, 612, 619, 627, 640, 643, 650, 654, 656, 659, 667, 669, 685, 701, 726, 729, 737, 777, 779, 782, 783, 787, 790, 791, 809, 817, 819, 830, 833, 834, 836, 845, 856, 857, 860, 862, 875, 880, 887, 888, 899, 900, 914, 918, 921, 928, 929, 930]","[12, 24, 25, 28, 88, 100, 104, 119, 123, 129, 136, 137, 139, 140, 141, 148, 155, 169, 172, 179, 183, 185, 188, 196, 198, 217, 237, 267, 270, 278, 319, 321, 324, 325, 330, 334, 335, 354, 366, 369, 380, 383, 384, 386, 395, 407, 411, 423, 426, 428, 436, 437, 452, 453, 456, 467, 471, 477, 478, 479, 497, 508, 511, 559, 571, 575, 590, 594, 600, 607, 608, 610, 611, 612, 619, 627, 640, 643, 650, 654, 656, 659, 667, 669, 685, 701, 726, 729, 737, 777, 779, 782, 783, 787, 790, 791, 809, 817, 819, 830, 833, 834, 836, 845, 856, 857, 860, 862, 875, 878, 880, 887, 888, 899, 900, 914, 918, 921, 928, 929, 930]","[875, 12, 24, 25, 28, 559, 571, 575, 319, 878, 590, 321, 594, 88, 600, 888, 324, 607, 608, 610, 611, 100, 325, 612, 104, 619, 627, 119, 123, 880, 640, 129, 643, 136, 137, 650, 651, 139, 140, 141, 654, 656, 659, 148, 335, 155, 667, 669, 169, 172, 685, 179, 180, 183, 185, 188, 701, 196, 198, 856, 726, 727, 857, 217, 729, 737, 860, 744, 237, 862, 777, 267, 268, 779, 270, 782, 783, 787, 278, 790, 791, 794, 795, 796, 797, 798, 799, 800, 801, 802, 803, 804, 805, 806, 807, 808, 809, 810, 811, 812, 813, 814, 815, 816, 817, 818, 819, 820, 821, 822, 823, 824, 825, 826, 827, 828, 829, 830, 831, 832, 833, 834, 835, 836, 837, 838, 839, 840, 841, 842, 843, 844, 845, 846, 847, 330, 334, 338, 339, 340, 341, 342, 343, 344, 345, 346, 347, 348, 349, 350, 351, 352, 353, 354, 355, 356, 357, 358, 359, 360, 361, 362, 363, 364, 365, 366, 367, 368, 369, 370, 371, 372, 373, 374, 375, 376, 377, 378, 379, 380, 381, 382, 383, 384, 385, 386, 387, 388, 389, 390, 391, 392, 393, 394, 395, 396, 397, 914, 918, 407, 921, 285, 411, 928, 929, 930, 423, 426, 428, 899, 900, 436, 437, 452, 453, 456, 467, 471, 477, 478, 479, 887, 497, 508, 511]",True,"[358, 379, 386, 813, 829, 836]","[338, 339, 340, 341, 342, 343, 344, 345, 346, 347, 348, 349, 350, 351, 352, 353, 354, 355, 356, 357, 358, 359, 360, 361, 362, 363, 364, 365, 366, 367, 368, 369, 370, 371, 372, 373, 374, 375, 376, 377, 378, 379, 380, 381, 382, 383, 384, 385, 386, 387, 388, 389, 390, 391, 392, 393, 394, 395, 396, 397, 794, 795, 796, 797, 798, 799, 800, 801, 802, 803, 804, 805, 806, 807, 808, 809, 810, 811, 812, 813, 814, 815, 816, 817, 818, 819, 820, 821, 822, 823, 824, 825, 826, 827, 828, 829, 830, 831, 832, 833, 834, 835, 836, 837, 838, 839, 840, 841, 842, 843, 844, 845, 846, 847]","[358, 379, 386, 813, 829, 836]",[],"[180, 268, 285, 342, 347, 353, 360, 372, 386, 407, 453, 467, 651, 727, 744, 798, 802, 808, 822, 836, 856, 900, 914]","[12, 24, 25, 28, 88, 100, 104, 119, 123, 129, 136, 137, 139, 140, 141, 148, 155, 169, 172, 179, 183, 185, 188, 196, 198, 217, 237, 267, 270, 278, 319, 321, 324, 325, 330, 334, 335, 354, 366, 369, 380, 383, 384, 386, 395, 407, 411, 423, 426, 428, 436, 437, 452, 453, 456, 467, 471, 477, 478, 479, 497, 508, 511, 559, 571, 575, 590, 594, 600, 607, 608, 610, 611, 612, 619, 627, 640, 643, 650, 654, 656, 659, 667, 669, 685, 701, 726, 729, 737, 777, 779, 782, 783, 787, 790, 791, 809, 817, 819, 830, 833, 834, 836, 845, 856, 857, 860, 862, 875, 878, 880, 887, 888, 899, 900, 914, 918, 921, 928, 929, 930]","[12, 24, 25, 28, 88, 100, 104, 119, 123, 129, 136, 137, 139, 140, 141, 148, 155, 169, 172, 179, 183, 185, 188, 196, 198, 217, 237, 267, 270, 278, 319, 321, 324, 325, 330, 334, 335, 354, 366, 369, 380, 383, 384, 386, 395, 407, 411, 423, 428, 436, 437, 452, 453, 456, 467, 471, 477, 478, 479, 497, 508, 511, 559, 571, 575, 590, 594, 600, 607, 608, 610, 611, 612, 619, 627, 640, 643, 650, 654, 656, 659, 667, 669, 685, 701, 726, 729, 737, 777, 779, 782, 783, 787, 790, 791, 809, 817, 819, 830, 833, 834, 836, 845, 856, 857, 860, 862, 875, 880, 887, 888, 899, 900, 914, 918, 921, 928, 929, 930]",7/6 successful match,True,[564],True,675,False,,1.0,True,Silver Sage Travel Center ( Chevron ),Chevron
E Ely ( 89301 ) Silver Sage Travel Center ( Chevron ),775-289-6550 763 US 6-50 SE,24 M O,Ely,89301,Silver Sage Travel Center ( Chevron ),775-289-6550,2016,Ely,NV,Chevron,,763 US 6-50 SE,Proper,,False,,False,US 6-50,,,,,"[386, 836]","[358, 379, 386, 813, 829, 836]","[358, 379, 386, 813, 829, 836]",[],"[338, 339, 340, 341, 342, 343, 344, 345, 346, 347, 348, 349, 350, 351, 352, 353, 354, 355, 356, 357, 358, 359, 360, 361, 362, 363, 364, 365, 366, 367, 368, 369, 370, 371, 372, 373, 374, 375, 376, 377, 378, 379, 380, 381, 382, 383, 384, 385, 386, 387, 388, 389, 390, 391, 392, 393, 394, 395, 396, 397, 794, 795, 796, 797, 798, 799, 800, 801, 802, 803, 804, 805, 806, 807, 808, 809, 810, 811, 812, 813, 814, 815, 816, 817, 818, 819, 820, 821, 822, 823, 824, 825, 826, 827, 828, 829, 830, 831, 832, 833, 834, 835, 836, 837, 838, 839, 840, 841, 842, 843, 844, 845, 846, 847]","[180, 268, 285, 342, 347, 353, 360, 372, 386, 407, 453, 467, 651, 727, 744, 798, 802, 808, 822, 836, 856, 900, 914]","[12, 24, 25, 28, 88, 100, 104, 119, 123, 129, 136, 137, 139, 140, 141, 148, 155, 169, 172, 179, 183, 185, 188, 196, 198, 217, 237, 267, 270, 278, 319, 321, 324, 325, 330, 334, 335, 354, 366, 369, 380, 383, 384, 386, 395, 407, 411, 423, 428, 436, 437, 452, 453, 456, 467, 471, 477, 478, 479, 497, 508, 511, 559, 571, 575, 590, 594, 600, 607, 608, 610, 611, 612, 619, 627, 640, 643, 650, 654, 656, 659, 667, 669, 685, 701, 726, 729, 737, 777, 779, 782, 783, 787, 790, 791, 809, 817, 819, 830, 833, 834, 836, 845, 856, 857, 860, 862, 875, 880, 887, 888, 899, 900, 914, 918, 921, 928, 929, 930]","[12, 24, 25, 28, 88, 100, 104, 119, 123, 129, 136, 137, 139, 140, 141, 148, 155, 169, 172, 179, 183, 185, 188, 196, 198, 217, 237, 267, 270, 278, 319, 321, 324, 325, 330, 334, 335, 354, 366, 369, 380, 383, 384, 386, 395, 407, 411, 423, 426, 428, 436, 437, 452, 453, 456, 467, 471, 477, 478, 479, 497, 508, 511, 559, 571, 575, 590, 594, 600, 607, 608, 610, 611, 612, 619, 627, 640, 643, 650, 654, 656, 659, 667, 669, 685, 701, 726, 729, 737, 777, 779, 782, 783, 787, 790, 791, 809, 817, 819, 830, 833, 834, 836, 845, 856, 857, 860, 862, 875, 878, 880, 887, 888, 899, 900, 914, 918, 921, 928, 929, 930]","[875, 12, 24, 25, 28, 559, 571, 575, 319, 878, 590, 321, 594, 88, 600, 888, 324, 607, 608, 610, 611, 100, 325, 612, 104, 619, 627, 119, 123, 880, 640, 129, 643, 136, 137, 650, 651, 139, 140, 141, 654, 656, 659, 148, 335, 155, 667, 669, 169, 172, 685, 179, 180, 183, 185, 188, 701, 196, 198, 856, 726, 727, 857, 217, 729, 737, 860, 744, 237, 862, 777, 267, 268, 779, 270, 782, 783, 787, 278, 790, 791, 794, 795, 796, 797, 798, 799, 800, 801, 802, 803, 804, 805, 806, 807, 808, 809, 810, 811, 812, 813, 814, 815, 816, 817, 818, 819, 820, 821, 822, 823, 824, 825, 826, 827, 828, 829, 830, 831, 832, 833, 834, 835, 836, 837, 838, 839, 840, 841, 842, 843, 844, 845, 846, 847, 330, 334, 338, 339, 340, 341, 342, 343, 344, 345, 346, 347, 348, 349, 350, 351, 352, 353, 354, 355, 356, 357, 358, 359, 360, 361, 362, 363, 364, 365, 366, 367, 368, 369, 370, 371, 372, 373, 374, 375, 376, 377, 378, 379, 380, 381, 382, 383, 384, 385, 386, 387, 388, 389, 390, 391, 392, 393, 394, 395, 396, 397, 914, 918, 407, 921, 285, 411, 928, 929, 930, 423, 426, 428, 899, 900, 436, 437, 452, 453, 456, 467, 471, 477, 478, 479, 887, 497, 508, 511]",True,"[358, 379, 386, 813, 829, 836]","[338, 339, 340, 341, 342, 343, 344, 345, 346, 347, 348, 349, 350, 351, 352, 353, 354, 355, 356, 357, 358, 359, 360, 361, 362, 363, 364, 365, 366, 367, 368, 369, 370, 371, 372, 373, 374, 375, 376, 377, 378, 379, 380, 381, 382, 383, 384, 385, 386, 387, 388, 389, 390, 391, 392, 393, 394, 395, 396, 397, 794, 795, 796, 797, 798, 799, 800, 801, 802, 803, 804, 805, 806, 807, 808, 809, 810, 811, 812, 813, 814, 815, 816, 817, 818, 819, 820, 821, 822, 823, 824, 825, 826, 827, 828, 829, 830, 831, 832, 833, 834, 835, 836, 837, 838, 839, 840, 841, 842, 843, 844, 845, 846, 847]","[358, 379, 386, 813, 829, 836]",[],"[180, 268, 285, 342, 347, 353, 360, 372, 386, 407, 453, 467, 651, 727, 744, 798, 802, 808, 822, 836, 856, 900, 914]","[12, 24, 25, 28, 88, 100, 104, 119, 123, 129, 136, 137, 139, 140, 141, 148, 155, 169, 172, 179, 183, 185, 188, 196, 198, 217, 237, 267, 270, 278, 319, 321, 324, 325, 330, 334, 335, 354, 366, 369, 380, 383, 384, 386, 395, 407, 411, 423, 426, 428, 436, 437, 452, 453, 456, 467, 471, 477, 478, 479, 497, 508, 511, 559, 571, 575, 590, 594, 600, 607, 608, 610, 611, 612, 619, 627, 640, 643, 650, 654, 656, 659, 667, 669, 685, 701, 726, 729, 737, 777, 779, 782, 783, 787, 790, 791, 809, 817, 819, 830, 833, 834, 836, 845, 856, 857, 860, 862, 875, 878, 880, 887, 888, 899, 900, 914, 918, 921, 928, 929, 930]","[12, 24, 25, 28, 88, 100, 104, 119, 123, 129, 136, 137, 139, 140, 141, 148, 155, 169, 172, 179, 183, 185, 188, 196, 198, 217, 237, 267, 270, 278, 319, 321, 324, 325, 330, 334, 335, 354, 366, 369, 380, 383, 384, 386, 395, 407, 411, 423, 428, 436, 437, 452, 453, 456, 467, 471, 477, 478, 479, 497, 508, 511, 559, 571, 575, 590, 594, 600, 607, 608, 610, 611, 612, 619, 627, 640, 643, 650, 654, 656, 659, 667, 669, 685, 701, 726, 729, 737, 777, 779, 782, 783, 787, 790, 791, 809, 817, 819, 830, 833, 834, 836, 845, 856, 857, 860, 862, 875, 880, 887, 888, 899, 900, 914, 918, 921, 928, 929, 930]",7/6 successful match,True,[564],True,675,False,,1.0,True,Silver Sage Travel Center ( Chevron ),Chevron
"Fallon , 89406 Smedley's Chevron",775-423-5500 1755 W US 50,S T,Fallon,89406,Smedley's Chevron,775-423-5500,2006,Fallon,NV,Chevron,,1755 W US 50,Proper,,False,,False,US 50,,,,,"[802, 347]","[347, 353, 802, 808]","[347, 353, 802, 808]",[],"[338, 339, 340, 341, 342, 343, 344, 345, 346, 347, 348, 349, 350, 351, 352, 353, 354, 355, 356, 357, 358, 359, 360, 361, 362, 363, 364, 365, 366, 367, 368, 369, 370, 371, 372, 373, 374, 375, 376, 377, 378, 379, 380, 381, 382, 383, 384, 385, 386, 387, 388, 389, 390, 391, 392, 393, 394, 395, 396, 397, 794, 795, 796, 797, 798, 799, 800, 801, 802, 803, 804, 805, 806, 807, 808, 809, 810, 811, 812, 813, 814, 815, 816, 817, 818, 819, 820, 821, 822, 823, 824, 825, 826, 827, 828, 829, 830, 831, 832, 833, 834, 835, 836, 837, 838, 839, 840, 841, 842, 843, 844, 845, 846, 847]","[180, 347, 353, 467, 651, 802, 808, 914]","[12, 24, 25, 28, 88, 100, 104, 119, 123, 129, 136, 137, 139, 140, 141, 148, 155, 169, 172, 179, 183, 185, 188, 196, 198, 217, 237, 267, 270, 278, 319, 321, 324, 325, 330, 334, 335, 354, 366, 369, 380, 383, 384, 386, 395, 407, 411, 423, 428, 436, 437, 452, 453, 456, 467, 471, 477, 478, 479, 497, 508, 511, 559, 571, 575, 590, 594, 600, 607, 608, 610, 611, 612, 619, 627, 640, 643, 650, 654, 656, 659, 667, 669, 685, 701, 726, 729, 737, 777, 779, 782, 783, 787, 790, 791, 809, 817, 819, 830, 833, 834, 836, 845, 856, 857, 860, 862, 875, 880, 887, 888, 899, 900, 914, 918, 921, 928, 929, 930]","[12, 24, 25, 28, 88, 100, 104, 119, 123, 129, 136, 137, 139, 140, 141, 148, 155, 169, 172, 179, 183, 185, 188, 196, 198, 217, 237, 267, 270, 278, 319, 321, 324, 325, 330, 334, 335, 354, 366, 369, 380, 383, 384, 386, 395, 407, 411, 423, 428, 436, 437, 452, 453, 456, 467, 471, 477, 478, 479, 497, 508, 511, 559, 571, 575, 590, 594, 600, 607, 608, 610, 611, 612, 619, 627, 640, 643, 650, 654, 656, 659, 667, 669, 685, 701, 726, 729, 737, 777, 779, 782, 783, 787, 790, 791, 809, 817, 819, 830, 833, 834, 836, 845, 856, 857, 860, 862, 875, 880, 887, 888, 899, 900, 914, 918, 921, 928, 929, 930]","[875, 12, 24, 25, 28, 559, 571, 575, 319, 590, 321, 594, 88, 600, 888, 324, 607, 608, 610, 611, 100, 325, 612, 104, 619, 627, 119, 123, 880, 640, 129, 643, 136, 137, 650, 651, 139, 140, 141, 654, 656, 659, 148, 335, 155, 667, 669, 169, 172, 685, 179, 180, 183, 185, 188, 701, 196, 198, 856, 726, 857, 217, 729, 737, 860, 237, 862, 777, 267, 779, 270, 782, 783, 787, 278, 790, 791, 794, 795, 796, 797, 798, 799, 800, 801, 802, 803, 804, 805, 806, 807, 808, 809, 810, 811, 812, 813, 814, 815, 816, 817, 818, 819, 820, 821, 822, 823, 824, 825, 826, 827, 828, 829, 830, 831, 832, 833, 834, 835, 836, 837, 838, 839, 840, 841, 842, 843, 844, 845, 846, 847, 330, 334, 338, 339, 340, 341, 342, 343, 344, 345, 346, 347, 348, 349, 350, 351, 352, 353, 354, 355, 356, 357, 358, 359, 360, 361, 362, 363, 364, 365, 366, 367, 368, 369, 370, 371, 372, 373, 374, 375, 376, 377, 378, 379, 380, 381, 382, 383, 384, 385, 386, 387, 388, 389, 390, 391, 392, 393, 394, 395, 396, 397, 914, 918, 407, 921, 411, 928, 929, 930, 423, 428, 899, 900, 436, 437, 452, 453, 456, 467, 471, 477, 478, 479, 887, 497, 508, 511]",True,"[347, 353, 802, 808]","[338, 339, 340, 341, 342, 343, 344, 345, 346, 347, 348, 349, 350, 351, 352, 353, 354, 355, 356, 357, 358, 359, 360, 361, 362, 363, 364, 365, 366, 367, 368, 369, 370, 371, 372, 373, 374, 375, 376, 377, 378, 379, 380, 381, 382, 383, 384, 385, 386, 387, 388, 389, 390, 391, 392, 393, 394, 395, 396, 397, 794, 795, 796, 797, 798, 799, 800, 801, 802, 803, 804, 805, 806, 807, 808, 809, 810, 811, 812, 813, 814, 815, 816, 817, 818, 819, 820, 821, 822, 823, 824, 825, 826, 827, 828, 829, 830, 831, 832, 833, 834, 835, 836, 837, 838, 839, 840, 841, 842, 843, 844, 845, 846, 847]","[347, 353, 802, 808]",[],"[180, 347, 353, 467, 651, 802, 808, 914]","[12, 24, 25, 28, 88, 100, 104, 119, 123, 129, 136, 137, 139, 140, 141, 148, 155, 169, 172, 179, 183, 185, 188, 196, 198, 217, 237, 267, 270, 278, 319, 321, 324, 325, 330, 334, 335, 354, 366, 369, 380, 383, 384, 386, 395, 407, 411, 423, 428, 436, 437, 452, 453, 456, 467, 471, 477, 478, 479, 497, 508, 511, 559, 571, 575, 590, 594, 600, 607, 608, 610, 611, 612, 619, 627, 640, 643, 650, 654, 656, 659, 667, 669, 685, 701, 726, 729, 737, 777, 779, 782, 783, 787, 790, 791, 809, 817, 819, 830, 833, 834, 836, 845, 856, 857, 860, 862, 875, 880, 887, 888, 899, 900, 914, 918, 921, 928, 929, 930]","[12, 24, 25, 28, 88, 100, 104, 119, 123, 129, 136, 137, 139, 140, 141, 148, 155, 169, 172, 179, 183, 185, 188, 196, 198, 217, 237, 267, 270, 278, 319, 321, 324, 325, 330, 334, 335, 354, 366, 369, 380, 383, 384, 386, 395, 407, 411, 423, 428, 436, 437, 452, 453, 456, 467, 471, 477, 478, 479, 497, 508, 511, 559, 571, 575, 590, 594, 600, 607, 608, 610, 611, 612, 619, 627, 640, 643, 650, 654, 656, 659, 667, 669, 685, 701, 726, 729, 737, 777, 779, 782, 783, 787, 790, 791, 809, 817, 819, 830, 833, 834, 836, 845, 856, 857, 860, 862, 875, 880, 887, 888, 899, 900, 914, 918, 921, 928, 929, 930]",5/6 successful match,True,"[221, 222, 223]",True,676,False,,,,,
"Fallon , 89406 Smedley's Chevron",775-423-5500 1755 W US 50,24 HRS 485,Fallon,89406,Smedley's Chevron,775-423-5500,2007,Fallon,NV,Chevron,,1755 W US 50,Proper,,False,,False,US 50,,,,,"[802, 347]","[347, 353, 802, 808]","[347, 353, 802, 808]",[],"[338, 339, 340, 341, 342, 343, 344, 345, 346, 347, 348, 349, 350, 351, 352, 353, 354, 355, 356, 357, 358, 359, 360, 361, 362, 363, 364, 365, 366, 367, 368, 369, 370, 371, 372, 373, 374, 375, 376, 377, 378, 379, 380, 381, 382, 383, 384, 385, 386, 387, 388, 389, 390, 391, 392, 393, 394, 395, 396, 397, 794, 795, 796, 797, 798, 799, 800, 801, 802, 803, 804, 805, 806, 807, 808, 809, 810, 811, 812, 813, 814, 815, 816, 817, 818, 819, 820, 821, 822, 823, 824, 825, 826, 827, 828, 829, 830, 831, 832, 833, 834, 835, 836, 837, 838, 839, 840, 841, 842, 843, 844, 845, 846, 847]","[180, 347, 353, 467, 651, 802, 808, 914]","[12, 24, 25, 28, 88, 100, 104, 119, 123, 129, 136, 137, 139, 140, 141, 148, 155, 169, 172, 179, 183, 185, 188, 196, 198, 217, 237, 267, 270, 278, 319, 321, 324, 325, 330, 334, 335, 354, 366, 369, 380, 383, 384, 386, 395, 407, 411, 423, 428, 436, 437, 452, 453, 456, 467, 471, 477, 478, 479, 497, 508, 511, 559, 571, 575, 590, 594, 600, 607, 608, 610, 611, 612, 619, 627, 640, 643, 650, 654, 656, 659, 667, 669, 685, 701, 726, 729, 737, 777, 779, 782, 783, 787, 790, 791, 809, 817, 819, 830, 833, 834, 836, 845, 856, 857, 860, 862, 875, 880, 887, 888, 899, 900, 914, 918, 921, 928, 929, 930]","[12, 24, 25, 28, 88, 100, 104, 119, 123, 129, 136, 137, 139, 140, 141, 148, 155, 169, 172, 179, 183, 185, 188, 196, 198, 217, 237, 267, 270, 278, 319, 321, 324, 325, 330, 334, 335, 354, 366, 369, 380, 383, 384, 386, 395, 407, 411, 423, 428, 436, 437, 452, 453, 456, 467, 471, 477, 478, 479, 497, 508, 511, 559, 571, 575, 590, 594, 600, 607, 608, 610, 611, 612, 619, 627, 640, 643, 650, 654, 656, 659, 667, 669, 685, 701, 726, 729, 737, 777, 779, 782, 783, 787, 790, 791, 809, 817, 819, 830, 833, 834, 836, 845, 856, 857, 860, 862, 875, 880, 887, 888, 899, 900, 914, 918, 921, 928, 929, 930]","[875, 12, 24, 25, 28, 559, 571, 575, 319, 590, 321, 594, 88, 600, 888, 324, 607, 608, 610, 611, 100, 325, 612, 104, 619, 627, 119, 123, 880, 640, 129, 643, 136, 137, 650, 651, 139, 140, 141, 654, 656, 659, 148, 335, 155, 667, 669, 169, 172, 685, 179, 180, 183, 185, 188, 701, 196, 198, 856, 726, 857, 217, 729, 737, 860, 237, 862, 777, 267, 779, 270, 782, 783, 787, 278, 790, 791, 794, 795, 796, 797, 798, 799, 800, 801, 802, 803, 804, 805, 806, 807, 808, 809, 810, 811, 812, 813, 814, 815, 816, 817, 818, 819, 820, 821, 822, 823, 824, 825, 826, 827, 828, 829, 830, 831, 832, 833, 834, 835, 836, 837, 838, 839, 840, 841, 842, 843, 844, 845, 846, 847, 330, 334, 338, 339, 340, 341, 342, 343, 344, 345, 346, 347, 348, 349, 350, 351, 352, 353, 354, 355, 356, 357, 358, 359, 360, 361, 362, 363, 364, 365, 366, 367, 368, 369, 370, 371, 372, 373, 374, 375, 376, 377, 378, 379, 380, 381, 382, 383, 384, 385, 386, 387, 388, 389, 390, 391, 392, 393, 394, 395, 396, 397, 914, 918, 407, 921, 411, 928, 929, 930, 423, 428, 899, 900, 436, 437, 452, 453, 456, 467, 471, 477, 478, 479, 887, 497, 508, 511]",True,"[347, 353, 802, 808]","[338, 339, 340, 341, 342, 343, 344, 345, 346, 347, 348, 349, 350, 351, 352, 353, 354, 355, 356, 357, 358, 359, 360, 361, 362, 363, 364, 365, 366, 367, 368, 369, 370, 371, 372, 373, 374, 375, 376, 377, 378, 379, 380, 381, 382, 383, 384, 385, 386, 387, 388, 389, 390, 391, 392, 393, 394, 395, 396, 397, 794, 795, 796, 797, 798, 799, 800, 801, 802, 803, 804, 805, 806, 807, 808, 809, 810, 811, 812, 813, 814, 815, 816, 817, 818, 819, 820, 821, 822, 823, 824, 825, 826, 827, 828, 829, 830, 831, 832, 833, 834, 835, 836, 837, 838, 839, 840, 841, 842, 843, 844, 845, 846, 847]","[347, 353, 802, 808]",[],"[180, 347, 353, 467, 651, 802, 808, 914]","[12, 24, 25, 28, 88, 100, 104, 119, 123, 129, 136, 137, 139, 140, 141, 148, 155, 169, 172, 179, 183, 185, 188, 196, 198, 217, 237, 267, 270, 278, 319, 321, 324, 325, 330, 334, 335, 354, 366, 369, 380, 383, 384, 386, 395, 407, 411, 423, 428, 436, 437, 452, 453, 456, 467, 471, 477, 478, 479, 497, 508, 511, 559, 571, 575, 590, 594, 600, 607, 608, 610, 611, 612, 619, 627, 640, 643, 650, 654, 656, 659, 667, 669, 685, 701, 726, 729, 737, 777, 779, 782, 783, 787, 790, 791, 809, 817, 819, 830, 833, 834, 836, 845, 856, 857, 860, 862, 875, 880, 887, 888, 899, 900, 914, 918, 921, 928, 929, 930]","[12, 24, 25, 28, 88, 100, 104, 119, 123, 129, 136, 137, 139, 140, 141, 148, 155, 169, 172, 179, 183, 185, 188, 196, 198, 217, 237, 267, 270, 278, 319, 321, 324, 325, 330, 334, 335, 354, 366, 369, 380, 383, 384, 386, 395, 407, 411, 423, 428, 436, 437, 452, 453, 456, 467, 471, 477, 478, 479, 497, 508, 511, 559, 571, 575, 590, 594, 600, 607, 608, 610, 611, 612, 619, 627, 640, 643, 650, 654, 656, 659, 667, 669, 685, 701, 726, 729, 737, 777, 779, 782, 783, 787, 790, 791, 809, 817, 819, 830, 833, 834, 836, 845, 856, 857, 860, 862, 875, 880, 887, 888, 899, 900, 914, 918, 921, 928, 929, 930]",5/6 successful match,True,"[221, 222, 223]",True,676,False,,1.0,True,Smedley's Chevron,Chevron
"Fallon , 89406 Smedley's Chevron US 6 )",775-423-5500 1755 W US 50,MRS 24 SO 00 O <U+2610> <U+2610>,Fallon,89406,Smedley's Chevron US 6 ),775-423-5500,2008,Fallon,NV,Chevron,,1755 W US 50,Proper,,False,,False,US 50,,,,,"[802, 347]","[347, 353, 802, 808]","[347, 353, 802, 808]",[],"[338, 339, 340, 341, 342, 343, 344, 345, 346, 347, 348, 349, 350, 351, 352, 353, 354, 355, 356, 357, 358, 359, 360, 361, 362, 363, 364, 365, 366, 367, 368, 369, 370, 371, 372, 373, 374, 375, 376, 377, 378, 379, 380, 381, 382, 383, 384, 385, 386, 387, 388, 389, 390, 391, 392, 393, 394, 395, 396, 397, 794, 795, 796, 797, 798, 799, 800, 801, 802, 803, 804, 805, 806, 807, 808, 809, 810, 811, 812, 813, 814, 815, 816, 817, 818, 819, 820, 821, 822, 823, 824, 825, 826, 827, 828, 829, 830, 831, 832, 833, 834, 835, 836, 837, 838, 839, 840, 841, 842, 843, 844, 845, 846, 847]","[180, 347, 353, 467, 651, 802, 808, 914]","[12, 24, 25, 28, 88, 100, 104, 119, 123, 129, 136, 137, 139, 140, 141, 148, 155, 169, 172, 179, 183, 185, 188, 196, 198, 217, 237, 267, 270, 278, 319, 321, 324, 325, 330, 334, 335, 354, 366, 369, 380, 383, 384, 386, 395, 407, 411, 423, 428, 436, 437, 452, 453, 456, 467, 471, 477, 478, 479, 497, 508, 511, 559, 571, 575, 590, 594, 600, 607, 608, 610, 611, 612, 619, 627, 640, 643, 650, 654, 656, 659, 667, 669, 685, 701, 726, 729, 737, 777, 779, 782, 783, 787, 790, 791, 809, 817, 819, 830, 833, 834, 836, 845, 856, 857, 860, 862, 875, 880, 887, 888, 899, 900, 914, 918, 921, 928, 929, 930]","[12, 24, 25, 28, 88, 100, 104, 119, 123, 129, 136, 137, 139, 140, 141, 148, 155, 169, 172, 179, 183, 185, 188, 196, 198, 217, 237, 267, 270, 278, 319, 321, 324, 325, 330, 334, 335, 354, 366, 369, 380, 383, 384, 386, 395, 407, 411, 423, 428, 436, 437, 452, 453, 456, 467, 471, 477, 478, 479, 497, 508, 511, 559, 571, 575, 590, 594, 600, 607, 608, 610, 611, 612, 619, 627, 640, 643, 650, 654, 656, 659, 667, 669, 685, 701, 726, 729, 737, 777, 779, 782, 783, 787, 790, 791, 809, 817, 819, 830, 833, 834, 836, 845, 856, 857, 860, 862, 875, 880, 887, 888, 899, 900, 914, 918, 921, 928, 929, 930]","[875, 12, 24, 25, 28, 559, 571, 575, 319, 590, 321, 594, 88, 600, 888, 324, 607, 608, 610, 611, 100, 325, 612, 104, 619, 627, 119, 123, 880, 640, 129, 643, 136, 137, 650, 651, 139, 140, 141, 654, 656, 659, 148, 335, 155, 667, 669, 169, 172, 685, 179, 180, 183, 185, 188, 701, 196, 198, 856, 726, 857, 217, 729, 737, 860, 237, 862, 777, 267, 779, 270, 782, 783, 787, 278, 790, 791, 794, 795, 796, 797, 798, 799, 800, 801, 802, 803, 804, 805, 806, 807, 808, 809, 810, 811, 812, 813, 814, 815, 816, 817, 818, 819, 820, 821, 822, 823, 824, 825, 826, 827, 828, 829, 830, 831, 832, 833, 834, 835, 836, 837, 838, 839, 840, 841, 842, 843, 844, 845, 846, 847, 330, 334, 338, 339, 340, 341, 342, 343, 344, 345, 346, 347, 348, 349, 350, 351, 352, 353, 354, 355, 356, 357, 358, 359, 360, 361, 362, 363, 364, 365, 366, 367, 368, 369, 370, 371, 372, 373, 374, 375, 376, 377, 378, 379, 380, 381, 382, 383, 384, 385, 386, 387, 388, 389, 390, 391, 392, 393, 394, 395, 396, 397, 914, 918, 407, 921, 411, 928, 929, 930, 423, 428, 899, 900, 436, 437, 452, 453, 456, 467, 471, 477, 478, 479, 887, 497, 508, 511]",True,"[347, 353, 802, 808]","[338, 339, 340, 341, 342, 343, 344, 345, 346, 347, 348, 349, 350, 351, 352, 353, 354, 355, 356, 357, 358, 359, 360, 361, 362, 363, 364, 365, 366, 367, 368, 369, 370, 371, 372, 373, 374, 375, 376, 377, 378, 379, 380, 381, 382, 383, 384, 385, 386, 387, 388, 389, 390, 391, 392, 393, 394, 395, 396, 397, 794, 795, 796, 797, 798, 799, 800, 801, 802, 803, 804, 805, 806, 807, 808, 809, 810, 811, 812, 813, 814, 815, 816, 817, 818, 819, 820, 821, 822, 823, 824, 825, 826, 827, 828, 829, 830, 831, 832, 833, 834, 835, 836, 837, 838, 839, 840, 841, 842, 843, 844, 845, 846, 847]","[347, 353, 802, 808]",[],"[180, 347, 353, 467, 651, 802, 808, 914]","[12, 24, 25, 28, 88, 100, 104, 119, 123, 129, 136, 137, 139, 140, 141, 148, 155, 169, 172, 179, 183, 185, 188, 196, 198, 217, 237, 267, 270, 278, 319, 321, 324, 325, 330, 334, 335, 354, 366, 369, 380, 383, 384, 386, 395, 407, 411, 423, 428, 436, 437, 452, 453, 456, 467, 471, 477, 478, 479, 497, 508, 511, 559, 571, 575, 590, 594, 600, 607, 608, 610, 611, 612, 619, 627, 640, 643, 650, 654, 656, 659, 667, 669, 685, 701, 726, 729, 737, 777, 779, 782, 783, 787, 790, 791, 809, 817, 819, 830, 833, 834, 836, 845, 856, 857, 860, 862, 875, 880, 887, 888, 899, 900, 914, 918, 921, 928, 929, 930]","[12, 24, 25, 28, 88, 100, 104, 119, 123, 129, 136, 137, 139, 140, 141, 148, 155, 169, 172, 179, 183, 185, 188, 196, 198, 217, 237, 267, 270, 278, 319, 321, 324, 325, 330, 334, 335, 354, 366, 369, 380, 383, 384, 386, 395, 407, 411, 423, 428, 436, 437, 452, 453, 456, 467, 471, 477, 478, 479, 497, 508, 511, 559, 571, 575, 590, 594, 600, 607, 608, 610, 611, 612, 619, 627, 640, 643, 650, 654, 656, 659, 667, 669, 685, 701, 726, 729, 737, 777, 779, 782, 783, 787, 790, 791, 809, 817, 819, 830, 833, 834, 836, 845, 856, 857, 860, 862, 875, 880, 887, 888, 899, 900, 914, 918, 921, 928, 929, 930]",5/6 successful match,True,"[221, 222, 223]",True,676,False,,0.948780487804878,True,Smedley's Chevron,Chevron
Fallon ( 89406 ) Smedley's Chevron,775-423-5500 1755 W US 50,<U+25A1> S,Fallon,89406,Smedley's Chevron,775-423-5500,2014,Fallon,NV,Chevron,,1755 W US 50,Proper,,False,,False,US 50,,,,,"[802, 347]","[347, 353, 802, 808]","[347, 353, 802, 808]",[],"[338, 339, 340, 341, 342, 343, 344, 345, 346, 347, 348, 349, 350, 351, 352, 353, 354, 355, 356, 357, 358, 359, 360, 361, 362, 363, 364, 365, 366, 367, 368, 369, 370, 371, 372, 373, 374, 375, 376, 377, 378, 379, 380, 381, 382, 383, 384, 385, 386, 387, 388, 389, 390, 391, 392, 393, 394, 395, 396, 397, 794, 795, 796, 797, 798, 799, 800, 801, 802, 803, 804, 805, 806, 807, 808, 809, 810, 811, 812, 813, 814, 815, 816, 817, 818, 819, 820, 821, 822, 823, 824, 825, 826, 827, 828, 829, 830, 831, 832, 833, 834, 835, 836, 837, 838, 839, 840, 841, 842, 843, 844, 845, 846, 847]","[180, 347, 353, 467, 651, 802, 808, 914]","[12, 24, 25, 28, 88, 100, 104, 119, 123, 129, 136, 137, 139, 140, 141, 148, 155, 169, 172, 179, 183, 185, 188, 196, 198, 217, 237, 267, 270, 278, 319, 321, 324, 325, 330, 334, 335, 354, 366, 369, 380, 383, 384, 386, 395, 407, 411, 423, 428, 436, 437, 452, 453, 456, 467, 471, 477, 478, 479, 497, 508, 511, 559, 571, 575, 590, 594, 600, 607, 608, 610, 611, 612, 619, 627, 640, 643, 650, 654, 656, 659, 667, 669, 685, 701, 726, 729, 737, 777, 779, 782, 783, 787, 790, 791, 809, 817, 819, 830, 833, 834, 836, 845, 856, 857, 860, 862, 875, 880, 887, 888, 899, 900, 914, 918, 921, 928, 929, 930]","[12, 24, 25, 28, 88, 100, 104, 119, 123, 129, 136, 137, 139, 140, 141, 148, 155, 169, 172, 179, 183, 185, 188, 196, 198, 217, 237, 267, 270, 278, 319, 321, 324, 325, 330, 334, 335, 354, 366, 369, 380, 383, 384, 386, 395, 407, 411, 423, 428, 436, 437, 452, 453, 456, 467, 471, 477, 478, 479, 497, 508, 511, 559, 571, 575, 590, 594, 600, 607, 608, 610, 611, 612, 619, 627, 640, 643, 650, 654, 656, 659, 667, 669, 685, 701, 726, 729, 737, 777, 779, 782, 783, 787, 790, 791, 809, 817, 819, 830, 833, 834, 836, 845, 856, 857, 860, 862, 875, 880, 887, 888, 899, 900, 914, 918, 921, 928, 929, 930]","[875, 12, 24, 25, 28, 559, 571, 575, 319, 590, 321, 594, 88, 600, 888, 324, 607, 608, 610, 611, 100, 325, 612, 104, 619, 627, 119, 123, 880, 640, 129, 643, 136, 137, 650, 651, 139, 140, 141, 654, 656, 659, 148, 335, 155, 667, 669, 169, 172, 685, 179, 180, 183, 185, 188, 701, 196, 198, 856, 726, 857, 217, 729, 737, 860, 237, 862, 777, 267, 779, 270, 782, 783, 787, 278, 790, 791, 794, 795, 796, 797, 798, 799, 800, 801, 802, 803, 804, 805, 806, 807, 808, 809, 810, 811, 812, 813, 814, 815, 816, 817, 818, 819, 820, 821, 822, 823, 824, 825, 826, 827, 828, 829, 830, 831, 832, 833, 834, 835, 836, 837, 838, 839, 840, 841, 842, 843, 844, 845, 846, 847, 330, 334, 338, 339, 340, 341, 342, 343, 344, 345, 346, 347, 348, 349, 350, 351, 352, 353, 354, 355, 356, 357, 358, 359, 360, 361, 362, 363, 364, 365, 366, 367, 368, 369, 370, 371, 372, 373, 374, 375, 376, 377, 378, 379, 380, 381, 382, 383, 384, 385, 386, 387, 388, 389, 390, 391, 392, 393, 394, 395, 396, 397, 914, 918, 407, 921, 411, 928, 929, 930, 423, 428, 899, 900, 436, 437, 452, 453, 456, 467, 471, 477, 478, 479, 887, 497, 508, 511]",True,"[347, 353, 802, 808]","[338, 339, 340, 341, 342, 343, 344, 345, 346, 347, 348, 349, 350, 351, 352, 353, 354, 355, 356, 357, 358, 359, 360, 361, 362, 363, 364, 365, 366, 367, 368, 369, 370, 371, 372, 373, 374, 375, 376, 377, 378, 379, 380, 381, 382, 383, 384, 385, 386, 387, 388, 389, 390, 391, 392, 393, 394, 395, 396, 397, 794, 795, 796, 797, 798, 799, 800, 801, 802, 803, 804, 805, 806, 807, 808, 809, 810, 811, 812, 813, 814, 815, 816, 817, 818, 819, 820, 821, 822, 823, 824, 825, 826, 827, 828, 829, 830, 831, 832, 833, 834, 835, 836, 837, 838, 839, 840, 841, 842, 843, 844, 845, 846, 847]","[347, 353, 802, 808]",[],"[180, 347, 353, 467, 651, 802, 808, 914]","[12, 24, 25, 28, 88, 100, 104, 119, 123, 129, 136, 137, 139, 140, 141, 148, 155, 169, 172, 179, 183, 185, 188, 196, 198, 217, 237, 267, 270, 278, 319, 321, 324, 325, 330, 334, 335, 354, 366, 369, 380, 383, 384, 386, 395, 407, 411, 423, 428, 436, 437, 452, 453, 456, 467, 471, 477, 478, 479, 497, 508, 511, 559, 571, 575, 590, 594, 600, 607, 608, 610, 611, 612, 619, 627, 640, 643, 650, 654, 656, 659, 667, 669, 685, 701, 726, 729, 737, 777, 779, 782, 783, 787, 790, 791, 809, 817, 819, 830, 833, 834, 836, 845, 856, 857, 860, 862, 875, 880, 887, 888, 899, 900, 914, 918, 921, 928, 929, 930]","[12, 24, 25, 28, 88, 100, 104, 119, 123, 129, 136, 137, 139, 140, 141, 148, 155, 169, 172, 179, 183, 185, 188, 196, 198, 217, 237, 267, 270, 278, 319, 321, 324, 325, 330, 334, 335, 354, 366, 369, 380, 383, 384, 386, 395, 407, 411, 423, 428, 436, 437, 452, 453, 456, 467, 471, 477, 478, 479, 497, 508, 511, 559, 571, 575, 590, 594, 600, 607, 608, 610, 611, 612, 619, 627, 640, 643, 650, 654, 656, 659, 667, 669, 685, 701, 726, 729, 737, 777, 779, 782, 783, 787, 790, 791, 809, 817, 819, 830, 833, 834, 836, 845, 856, 857, 860, 862, 875, 880, 887, 888, 899, 900, 914, 918, 921, 928, 929, 930]",5/6 successful match,True,"[221, 222, 223]",True,676,False,,0.948780487804878,True,Smedley's Chevron US 6 ),Chevron
Fallon ( 89406 ) Golden Gate Petroleum,775-423-5500 1755 W US 50,S 0,Fallon,89406,Golden Gate Petroleum,775-423-5500,2015,Fallon,NV,,,1755 W US 50,Proper,,False,,False,US 50,,,,,"[802, 347]","[347, 353, 802, 808]","[347, 353, 802, 808]",[],"[338, 339, 340, 341, 342, 343, 344, 345, 346, 347, 348, 349, 350, 351, 352, 353, 354, 355, 356, 357, 358, 359, 360, 361, 362, 363, 364, 365, 366, 367, 368, 369, 370, 371, 372, 373, 374, 375, 376, 377, 378, 379, 380, 381, 382, 383, 384, 385, 386, 387, 388, 389, 390, 391, 392, 393, 394, 395, 396, 397, 794, 795, 796, 797, 798, 799, 800, 801, 802, 803, 804, 805, 806, 807, 808, 809, 810, 811, 812, 813, 814, 815, 816, 817, 818, 819, 820, 821, 822, 823, 824, 825, 826, 827, 828, 829, 830, 831, 832, 833, 834, 835, 836, 837, 838, 839, 840, 841, 842, 843, 844, 845, 846, 847]","[180, 347, 353, 467, 651, 802, 808, 914]",[],"[174, 175, 176, 177, 178, 325, 332, 347, 348, 349, 350, 351, 352, 423, 467, 483, 484, 645, 646, 647, 648, 649, 783, 789, 802, 803, 804, 805, 806, 807, 875, 914, 927, 934, 935]","[875, 325, 645, 646, 647, 648, 649, 651, 174, 175, 176, 177, 178, 180, 783, 789, 794, 795, 796, 797, 798, 799, 800, 801, 802, 803, 804, 805, 806, 807, 808, 809, 810, 811, 812, 813, 814, 815, 816, 817, 818, 819, 820, 821, 822, 823, 824, 825, 826, 827, 828, 829, 830, 831, 832, 833, 834, 835, 836, 837, 838, 839, 840, 841, 842, 843, 844, 845, 846, 847, 332, 338, 339, 340, 341, 342, 343, 344, 345, 346, 347, 348, 349, 350, 351, 352, 353, 354, 355, 356, 357, 358, 359, 360, 361, 362, 363, 364, 365, 366, 367, 368, 369, 370, 371, 372, 373, 374, 375, 376, 377, 378, 379, 380, 381, 382, 383, 384, 385, 386, 387, 388, 389, 390, 391, 392, 393, 394, 395, 396, 397, 914, 927, 934, 423, 935, 467, 483, 484]",True,"[347, 353, 802, 808]","[338, 339, 340, 341, 342, 343, 344, 345, 346, 347, 348, 349, 350, 351, 352, 353, 354, 355, 356, 357, 358, 359, 360, 361, 362, 363, 364, 365, 366, 367, 368, 369, 370, 371, 372, 373, 374, 375, 376, 377, 378, 379, 380, 381, 382, 383, 384, 385, 386, 387, 388, 389, 390, 391, 392, 393, 394, 395, 396, 397, 794, 795, 796, 797, 798, 799, 800, 801, 802, 803, 804, 805, 806, 807, 808, 809, 810, 811, 812, 813, 814, 815, 816, 817, 818, 819, 820, 821, 822, 823, 824, 825, 826, 827, 828, 829, 830, 831, 832, 833, 834, 835, 836, 837, 838, 839, 840, 841, 842, 843, 844, 845, 846, 847]","[347, 353, 802, 808]",[],"[180, 347, 353, 467, 651, 802, 808, 914]","[174, 175, 176, 177, 178, 325, 332, 347, 348, 349, 350, 351, 352, 423, 467, 483, 484, 645, 646, 647, 648, 649, 783, 789, 802, 803, 804, 805, 806, 807, 875, 914, 927, 934, 935]",[],7/6 successful match,True,"[221, 222, 223]",True,676,True,2015,0.15789473684210525,True,Smedley's Chevron,Chevron
"Fernley , 89408 Fernley Truck Inn",775-351-1000 I-80 Exit 48,48 49 <U+2610>,Fernley,89408,Fernley Truck Inn,775-351-1000,2006,Fernley,NV,,,I-80 Exit 48,Exit,48,False,,False,I-80,,,,,[],"[343, 355, 374, 799, 810, 824]","[343, 355, 374, 799, 810, 824]","[26, 94, 343, 375, 509, 565, 799, 825]","[338, 339, 340, 341, 342, 343, 344, 345, 346, 347, 348, 349, 350, 351, 352, 353, 354, 355, 356, 357, 358, 359, 360, 361, 362, 363, 364, 365, 366, 367, 368, 369, 370, 371, 372, 373, 374, 375, 376, 377, 378, 379, 380, 381, 382, 383, 384, 385, 386, 387, 388, 389, 390, 391, 392, 393, 394, 395, 396, 397, 794, 795, 796, 797, 798, 799, 800, 801, 802, 803, 804, 805, 806, 807, 808, 809, 810, 811, 812, 813, 814, 815, 816, 817, 818, 819, 820, 821, 822, 823, 824, 825, 826, 827, 828, 829, 830, 831, 832, 833, 834, 835, 836, 837, 838, 839, 840, 841, 842, 843, 844, 845, 846, 847]","[89, 108, 172, 217, 221, 239, 264, 280, 321, 342, 343, 344, 345, 346, 349, 351, 352, 355, 357, 359, 364, 368, 371, 372, 373, 374, 376, 377, 387, 392, 393, 403, 409, 411, 414, 424, 430, 449, 454, 470, 480, 560, 584, 643, 685, 703, 724, 739, 779, 798, 799, 800, 801, 804, 806, 807, 810, 812, 814, 816, 821, 822, 823, 824, 826, 827, 837, 842, 843, 852, 859, 862, 865, 869, 876, 882, 897, 901, 917, 932]",[],[],"[876, 26, 560, 565, 584, 321, 89, 94, 108, 643, 172, 685, 882, 703, 852, 724, 217, 221, 859, 739, 239, 862, 865, 264, 779, 869, 280, 794, 795, 796, 797, 798, 799, 800, 801, 802, 803, 804, 805, 806, 807, 808, 809, 810, 811, 812, 813, 814, 815, 816, 817, 818, 819, 820, 821, 822, 823, 824, 825, 826, 827, 828, 829, 830, 831, 832, 833, 834, 835, 836, 837, 838, 839, 840, 841, 842, 843, 844, 845, 846, 847, 338, 339, 340, 341, 342, 343, 344, 345, 346, 347, 348, 349, 350, 351, 352, 353, 354, 355, 356, 357, 358, 359, 360, 361, 362, 363, 364, 365, 366, 367, 368, 369, 370, 371, 372, 373, 374, 375, 376, 377, 378, 379, 380, 381, 382, 383, 384, 385, 386, 387, 388, 389, 390, 391, 392, 393, 394, 395, 396, 397, 901, 403, 917, 409, 411, 414, 897, 932, 424, 430, 449, 454, 470, 480, 509]",False,"[343, 355, 374, 799, 810, 824]","[338, 339, 340, 341, 342, 343, 344, 345, 346, 347, 348, 349, 350, 351, 352, 353, 354, 355, 356, 357, 358, 359, 360, 361, 362, 363, 364, 365, 366, 367, 368, 369, 370, 371, 372, 373, 374, 375, 376, 377, 378, 379, 380, 381, 382, 383, 384, 385, 386, 387, 388, 389, 390, 391, 392, 393, 394, 395, 396, 397, 794, 795, 796, 797, 798, 799, 800, 801, 802, 803, 804, 805, 806, 807, 808, 809, 810, 811, 812, 813, 814, 815, 816, 817, 818, 819, 820, 821, 822, 823, 824, 825, 826, 827, 828, 829, 830, 831, 832, 833, 834, 835, 836, 837, 838, 839, 840, 841, 842, 843, 844, 845, 846, 847]","[343, 355, 374, 799, 810, 824]","[26, 94, 343, 375, 509, 565, 799, 825]","[89, 108, 172, 217, 221, 239, 264, 280, 321, 342, 343, 344, 345, 346, 349, 351, 352, 355, 357, 359, 364, 368, 371, 372, 373, 374, 376, 377, 387, 392, 393, 403, 409, 411, 414, 424, 430, 449, 454, 470, 480, 560, 584, 643, 685, 703, 724, 739, 779, 798, 799, 800, 801, 804, 806, 807, 810, 812, 814, 816, 821, 822, 823, 824, 826, 827, 837, 842, 843, 852, 859, 862, 865, 869, 876, 882, 897, 901, 917, 932]",[],[],7/6 successful match,False,[114],True,677,False,,,,,
", 89408 Fernley Truck Inn",DFernley 2775-351-1000 I-80 Exit 48,24 HRS XL,,89408,Fernley Truck Inn,775-351-1000,2007,Fernley,NV,,,I-80 Exit 48,Exit,48,False,,False,I-80,,,,,[],"[343, 355, 374, 799, 810, 824]","[343, 355, 374, 799, 810, 824]","[26, 94, 343, 375, 509, 565, 799, 825]","[338, 339, 340, 341, 342, 343, 344, 345, 346, 347, 348, 349, 350, 351, 352, 353, 354, 355, 356, 357, 358, 359, 360, 361, 362, 363, 364, 365, 366, 367, 368, 369, 370, 371, 372, 373, 374, 375, 376, 377, 378, 379, 380, 381, 382, 383, 384, 385, 386, 387, 388, 389, 390, 391, 392, 393, 394, 395, 396, 397, 794, 795, 796, 797, 798, 799, 800, 801, 802, 803, 804, 805, 806, 807, 808, 809, 810, 811, 812, 813, 814, 815, 816, 817, 818, 819, 820, 821, 822, 823, 824, 825, 826, 827, 828, 829, 830, 831, 832, 833, 834, 835, 836, 837, 838, 839, 840, 841, 842, 843, 844, 845, 846, 847]","[89, 108, 172, 217, 221, 239, 264, 280, 321, 342, 343, 344, 345, 346, 349, 351, 352, 355, 357, 359, 364, 368, 371, 372, 373, 374, 376, 377, 387, 392, 393, 403, 409, 411, 414, 424, 430, 449, 454, 470, 480, 560, 584, 643, 685, 703, 724, 739, 779, 798, 799, 800, 801, 804, 806, 807, 810, 812, 814, 816, 821, 822, 823, 824, 826, 827, 837, 842, 843, 852, 859, 862, 865, 869, 876, 882, 897, 901, 917, 932]",[],[],"[876, 26, 560, 565, 584, 321, 89, 94, 108, 643, 172, 685, 882, 703, 852, 724, 217, 221, 859, 739, 239, 862, 865, 264, 779, 869, 280, 794, 795, 796, 797, 798, 799, 800, 801, 802, 803, 804, 805, 806, 807, 808, 809, 810, 811, 812, 813, 814, 815, 816, 817, 818, 819, 820, 821, 822, 823, 824, 825, 826, 827, 828, 829, 830, 831, 832, 833, 834, 835, 836, 837, 838, 839, 840, 841, 842, 843, 844, 845, 846, 847, 338, 339, 340, 341, 342, 343, 344, 345, 346, 347, 348, 349, 350, 351, 352, 353, 354, 355, 356, 357, 358, 359, 360, 361, 362, 363, 364, 365, 366, 367, 368, 369, 370, 371, 372, 373, 374, 375, 376, 377, 378, 379, 380, 381, 382, 383, 384, 385, 386, 387, 388, 389, 390, 391, 392, 393, 394, 395, 396, 397, 901, 403, 917, 409, 411, 414, 897, 932, 424, 430, 449, 454, 470, 480, 509]",False,"[343, 355, 374, 799, 810, 824]","[338, 339, 340, 341, 342, 343, 344, 345, 346, 347, 348, 349, 350, 351, 352, 353, 354, 355, 356, 357, 358, 359, 360, 361, 362, 363, 364, 365, 366, 367, 368, 369, 370, 371, 372, 373, 374, 375, 376, 377, 378, 379, 380, 381, 382, 383, 384, 385, 386, 387, 388, 389, 390, 391, 392, 393, 394, 395, 396, 397, 794, 795, 796, 797, 798, 799, 800, 801, 802, 803, 804, 805, 806, 807, 808, 809, 810, 811, 812, 813, 814, 815, 816, 817, 818, 819, 820, 821, 822, 823, 824, 825, 826, 827, 828, 829, 830, 831, 832, 833, 834, 835, 836, 837, 838, 839, 840, 841, 842, 843, 844, 845, 846, 847]","[343, 355, 374, 799, 810, 824]","[26, 94, 343, 375, 509, 565, 799, 825]","[89, 108, 172, 217, 221, 239, 264, 280, 321, 342, 343, 344, 345, 346, 349, 351, 352, 355, 357, 359, 364, 368, 371, 372, 373, 374, 376, 377, 387, 392, 393, 403, 409, 411, 414, 424, 430, 449, 454, 470, 480, 560, 584, 643, 685, 703, 724, 739, 779, 798, 799, 800, 801, 804, 806, 807, 810, 812, 814, 816, 821, 822, 823, 824, 826, 827, 837, 842, 843, 852, 859, 862, 865, 869, 876, 882, 897, 901, 917, 932]",[],[],7/6 successful match,False,[114],True,677,False,,1.0,True,Fernley Truck Inn,
"D Fernley , 89408 Fernley Truck Inn )",775-351-1000 I-80 Exit 48,24 XLO 24,Fernley,89408,Fernley Truck Inn ),775-351-1000,2008,Fernley,NV,,,I-80 Exit 48,Exit,48,False,,False,I-80,,,,,[],"[343, 355, 374, 799, 810, 824]","[343, 355, 374, 799, 810, 824]","[26, 94, 343, 375, 509, 565, 799, 825]","[338, 339, 340, 341, 342, 343, 344, 345, 346, 347, 348, 349, 350, 351, 352, 353, 354, 355, 356, 357, 358, 359, 360, 361, 362, 363, 364, 365, 366, 367, 368, 369, 370, 371, 372, 373, 374, 375, 376, 377, 378, 379, 380, 381, 382, 383, 384, 385, 386, 387, 388, 389, 390, 391, 392, 393, 394, 395, 396, 397, 794, 795, 796, 797, 798, 799, 800, 801, 802, 803, 804, 805, 806, 807, 808, 809, 810, 811, 812, 813, 814, 815, 816, 817, 818, 819, 820, 821, 822, 823, 824, 825, 826, 827, 828, 829, 830, 831, 832, 833, 834, 835, 836, 837, 838, 839, 840, 841, 842, 843, 844, 845, 846, 847]","[89, 108, 172, 217, 221, 239, 264, 280, 321, 342, 343, 344, 345, 346, 349, 351, 352, 355, 357, 359, 364, 368, 371, 372, 373, 374, 376, 377, 387, 392, 393, 403, 409, 411, 414, 424, 430, 449, 454, 470, 480, 560, 584, 643, 685, 703, 724, 739, 779, 798, 799, 800, 801, 804, 806, 807, 810, 812, 814, 816, 821, 822, 823, 824, 826, 827, 837, 842, 843, 852, 859, 862, 865, 869, 876, 882, 897, 901, 917, 932]",[],[],"[876, 26, 560, 565, 584, 321, 89, 94, 108, 643, 172, 685, 882, 703, 852, 724, 217, 221, 859, 739, 239, 862, 865, 264, 779, 869, 280, 794, 795, 796, 797, 798, 799, 800, 801, 802, 803, 804, 805, 806, 807, 808, 809, 810, 811, 812, 813, 814, 815, 816, 817, 818, 819, 820, 821, 822, 823, 824, 825, 826, 827, 828, 829, 830, 831, 832, 833, 834, 835, 836, 837, 838, 839, 840, 841, 842, 843, 844, 845, 846, 847, 338, 339, 340, 341, 342, 343, 344, 345, 346, 347, 348, 349, 350, 351, 352, 353, 354, 355, 356, 357, 358, 359, 360, 361, 362, 363, 364, 365, 366, 367, 368, 369, 370, 371, 372, 373, 374, 375, 376, 377, 378, 379, 380, 381, 382, 383, 384, 385, 386, 387, 388, 389, 390, 391, 392, 393, 394, 395, 396, 397, 901, 403, 917, 409, 411, 414, 897, 932, 424, 430, 449, 454, 470, 480, 509]",False,"[343, 355, 374, 799, 810, 824]","[338, 339, 340, 341, 342, 343, 344, 345, 346, 347, 348, 349, 350, 351, 352, 353, 354, 355, 356, 357, 358, 359, 360, 361, 362, 363, 364, 365, 366, 367, 368, 369, 370, 371, 372, 373, 374, 375, 376, 377, 378, 379, 380, 381, 382, 383, 384, 385, 386, 387, 388, 389, 390, 391, 392, 393, 394, 395, 396, 397, 794, 795, 796, 797, 798, 799, 800, 801, 802, 803, 804, 805, 806, 807, 808, 809, 810, 811, 812, 813, 814, 815, 816, 817, 818, 819, 820, 821, 822, 823, 824, 825, 826, 827, 828, 829, 830, 831, 832, 833, 834, 835, 836, 837, 838, 839, 840, 841, 842, 843, 844, 845, 846, 847]","[343, 355, 374, 799, 810, 824]","[26, 94, 343, 375, 509, 565, 799, 825]","[89, 108, 172, 217, 221, 239, 264, 280, 321, 342, 343, 344, 345, 346, 349, 351, 352, 355, 357, 359, 364, 368, 371, 372, 373, 374, 376, 377, 387, 392, 393, 403, 409, 411, 414, 424, 430, 449, 454, 470, 480, 560, 584, 643, 685, 703, 724, 739, 779, 798, 799, 800, 801, 804, 806, 807, 810, 812, 814, 816, 821, 822, 823, 824, 826, 827, 837, 842, 843, 852, 859, 862, 865, 869, 876, 882, 897, 901, 917, 932]",[],[],7/6 successful match,False,[114],True,677,False,,1.0,True,Fernley Truck Inn,
"Fernley , 89408 Winners Corner # 50",775-575-1990 I-80 Exit 48,S,Fernley,89408,Winners Corner # 50,775-575-1990,2006,Fernley,NV,,,I-80 Exit 48,Exit,48,False,,False,I-80,,,,,[],"[343, 355, 374, 799, 810, 824]","[343, 355, 374, 799, 810, 824]","[26, 94, 343, 375, 509, 565, 799, 825]","[338, 339, 340, 341, 342, 343, 344, 345, 346, 347, 348, 349, 350, 351, 352, 353, 354, 355, 356, 357, 358, 359, 360, 361, 362, 363, 364, 365, 366, 367, 368, 369, 370, 371, 372, 373, 374, 375, 376, 377, 378, 379, 380, 381, 382, 383, 384, 385, 386, 387, 388, 389, 390, 391, 392, 393, 394, 395, 396, 397, 794, 795, 796, 797, 798, 799, 800, 801, 802, 803, 804, 805, 806, 807, 808, 809, 810, 811, 812, 813, 814, 815, 816, 817, 818, 819, 820, 821, 822, 823, 824, 825, 826, 827, 828, 829, 830, 831, 832, 833, 834, 835, 836, 837, 838, 839, 840, 841, 842, 843, 844, 845, 846, 847]","[89, 108, 172, 217, 221, 239, 264, 280, 321, 342, 343, 344, 345, 346, 349, 351, 352, 355, 357, 359, 364, 368, 371, 372, 373, 374, 376, 377, 387, 392, 393, 403, 409, 411, 414, 424, 430, 449, 454, 470, 480, 560, 584, 643, 685, 703, 724, 739, 779, 798, 799, 800, 801, 804, 806, 807, 810, 812, 814, 816, 821, 822, 823, 824, 826, 827, 837, 842, 843, 852, 859, 862, 865, 869, 876, 882, 897, 901, 917, 932]",[],"[9, 10, 196, 397, 494, 495, 667, 847]","[9, 10, 876, 26, 560, 565, 584, 321, 89, 94, 108, 643, 667, 172, 685, 882, 703, 852, 196, 724, 217, 221, 859, 739, 239, 862, 865, 264, 779, 869, 280, 794, 795, 796, 797, 798, 799, 800, 801, 802, 803, 804, 805, 806, 807, 808, 809, 810, 811, 812, 813, 814, 815, 816, 817, 818, 819, 820, 821, 822, 823, 824, 825, 826, 827, 828, 829, 830, 831, 832, 833, 834, 835, 836, 837, 838, 839, 840, 841, 842, 843, 844, 845, 846, 847, 338, 339, 340, 341, 342, 343, 344, 345, 346, 347, 348, 349, 350, 351, 352, 353, 354, 355, 356, 357, 358, 359, 360, 361, 362, 363, 364, 365, 366, 367, 368, 369, 370, 371, 372, 373, 374, 375, 376, 377, 378, 379, 380, 381, 382, 383, 384, 385, 386, 387, 388, 389, 390, 391, 392, 393, 394, 395, 396, 397, 901, 403, 917, 409, 411, 414, 897, 932, 424, 430, 449, 454, 470, 480, 494, 495, 509]",False,"[343, 355, 374, 799, 810, 824]","[338, 339, 340, 341, 342, 343, 344, 345, 346, 347, 348, 349, 350, 351, 352, 353, 354, 355, 356, 357, 358, 359, 360, 361, 362, 363, 364, 365, 366, 367, 368, 369, 370, 371, 372, 373, 374, 375, 376, 377, 378, 379, 380, 381, 382, 383, 384, 385, 386, 387, 388, 389, 390, 391, 392, 393, 394, 395, 396, 397, 794, 795, 796, 797, 798, 799, 800, 801, 802, 803, 804, 805, 806, 807, 808, 809, 810, 811, 812, 813, 814, 815, 816, 817, 818, 819, 820, 821, 822, 823, 824, 825, 826, 827, 828, 829, 830, 831, 832, 833, 834, 835, 836, 837, 838, 839, 840, 841, 842, 843, 844, 845, 846, 847]","[343, 355, 374, 799, 810, 824]","[26, 94, 343, 375, 509, 565, 799, 825]","[89, 108, 172, 217, 221, 239, 264, 280, 321, 342, 343, 344, 345, 346, 349, 351, 352, 355, 357, 359, 364, 368, 371, 372, 373, 374, 376, 377, 387, 392, 393, 403, 409, 411, 414, 424, 430, 449, 454, 470, 480, 560, 584, 643, 685, 703, 724, 739, 779, 798, 799, 800, 801, 804, 806, 807, 810, 812, 814, 816, 821, 822, 823, 824, 826, 827, 837, 842, 843, 852, 859, 862, 865, 869, 876, 882, 897, 901, 917, 932]","[9, 10, 196, 397, 494, 495, 667, 847]",[],5/6 successful match,False,,False,678,False,,,,,
"Fernley , 89408 Winners Corner # 50 ( Texaco )",775-575-1990 I-80 Exit 48,24 HRS S 000,Fernley,89408,Winners Corner # 50 ( Texaco ),775-575-1990,2007,Fernley,NV,Texaco,,I-80 Exit 48,Exit,48,False,,False,I-80,,,,,[],"[343, 355, 374, 799, 810, 824]","[343, 355, 374, 799, 810, 824]","[26, 94, 343, 375, 509, 565, 799, 825]","[338, 339, 340, 341, 342, 343, 344, 345, 346, 347, 348, 349, 350, 351, 352, 353, 354, 355, 356, 357, 358, 359, 360, 361, 362, 363, 364, 365, 366, 367, 368, 369, 370, 371, 372, 373, 374, 375, 376, 377, 378, 379, 380, 381, 382, 383, 384, 385, 386, 387, 388, 389, 390, 391, 392, 393, 394, 395, 396, 397, 794, 795, 796, 797, 798, 799, 800, 801, 802, 803, 804, 805, 806, 807, 808, 809, 810, 811, 812, 813, 814, 815, 816, 817, 818, 819, 820, 821, 822, 823, 824, 825, 826, 827, 828, 829, 830, 831, 832, 833, 834, 835, 836, 837, 838, 839, 840, 841, 842, 843, 844, 845, 846, 847]","[89, 108, 172, 217, 221, 239, 264, 280, 321, 342, 343, 344, 345, 346, 349, 351, 352, 355, 357, 359, 364, 368, 371, 372, 373, 374, 376, 377, 387, 392, 393, 403, 409, 411, 414, 424, 430, 449, 454, 470, 480, 560, 584, 643, 685, 703, 724, 739, 779, 798, 799, 800, 801, 804, 806, 807, 810, 812, 814, 816, 821, 822, 823, 824, 826, 827, 837, 842, 843, 852, 859, 862, 865, 869, 876, 882, 897, 901, 917, 932]","[26, 390, 474, 486, 509, 840, 922, 926]","[9, 10, 26, 196, 390, 397, 474, 486, 494, 495, 509, 667, 840, 847, 922, 926]","[9, 10, 876, 26, 560, 565, 584, 321, 89, 94, 108, 643, 667, 172, 685, 882, 703, 852, 196, 724, 217, 221, 859, 739, 239, 862, 865, 264, 779, 869, 280, 794, 795, 796, 797, 798, 799, 800, 801, 802, 803, 804, 805, 806, 807, 808, 809, 810, 811, 812, 813, 814, 815, 816, 817, 818, 819, 820, 821, 822, 823, 824, 825, 826, 827, 828, 829, 830, 831, 832, 833, 834, 835, 836, 837, 838, 839, 840, 841, 842, 843, 844, 845, 846, 847, 338, 339, 340, 341, 342, 343, 344, 345, 346, 347, 348, 349, 350, 351, 352, 353, 354, 355, 356, 357, 358, 359, 360, 361, 362, 363, 364, 365, 366, 367, 368, 369, 370, 371, 372, 373, 374, 375, 376, 377, 378, 379, 380, 381, 382, 383, 384, 385, 386, 387, 388, 389, 390, 391, 392, 393, 394, 395, 396, 397, 901, 403, 917, 409, 922, 411, 414, 926, 897, 932, 424, 430, 449, 454, 470, 474, 480, 486, 494, 495, 509]",False,"[343, 355, 374, 799, 810, 824]","[338, 339, 340, 341, 342, 343, 344, 345, 346, 347, 348, 349, 350, 351, 352, 353, 354, 355, 356, 357, 358, 359, 360, 361, 362, 363, 364, 365, 366, 367, 368, 369, 370, 371, 372, 373, 374, 375, 376, 377, 378, 379, 380, 381, 382, 383, 384, 385, 386, 387, 388, 389, 390, 391, 392, 393, 394, 395, 396, 397, 794, 795, 796, 797, 798, 799, 800, 801, 802, 803, 804, 805, 806, 807, 808, 809, 810, 811, 812, 813, 814, 815, 816, 817, 818, 819, 820, 821, 822, 823, 824, 825, 826, 827, 828, 829, 830, 831, 832, 833, 834, 835, 836, 837, 838, 839, 840, 841, 842, 843, 844, 845, 846, 847]","[343, 355, 374, 799, 810, 824]","[26, 94, 343, 375, 509, 565, 799, 825]","[89, 108, 172, 217, 221, 239, 264, 280, 321, 342, 343, 344, 345, 346, 349, 351, 352, 355, 357, 359, 364, 368, 371, 372, 373, 374, 376, 377, 387, 392, 393, 403, 409, 411, 414, 424, 430, 449, 454, 470, 480, 560, 584, 643, 685, 703, 724, 739, 779, 798, 799, 800, 801, 804, 806, 807, 810, 812, 814, 816, 821, 822, 823, 824, 826, 827, 837, 842, 843, 852, 859, 862, 865, 869, 876, 882, 897, 901, 917, 932]","[9, 10, 26, 196, 390, 397, 474, 486, 494, 495, 509, 667, 840, 847, 922, 926]","[26, 390, 474, 486, 509, 840, 922, 926]",5/6 successful match,False,,False,678,False,,1.0,True,Winners Corner # 50,
"Fernley , 89408 Big Wheel Truck",775-575-1990 I-80 Exit 48 Stop # 50 ( Texaco ),HAS 24 S <U+2610> <U+2610>,Fernley,89408,Big Wheel Truck,775-575-1990,2008,Fernley,NV,,( Texaco ),I-80 Exit 48 Stop # 50 ,Exit,48,False,,False,I-80,,,,,[],"[343, 355, 374, 799, 810, 824]","[343, 355, 374, 799, 810, 824]","[26, 94, 343, 375, 509, 565, 799, 825]","[338, 339, 340, 341, 342, 343, 344, 345, 346, 347, 348, 349, 350, 351, 352, 353, 354, 355, 356, 357, 358, 359, 360, 361, 362, 363, 364, 365, 366, 367, 368, 369, 370, 371, 372, 373, 374, 375, 376, 377, 378, 379, 380, 381, 382, 383, 384, 385, 386, 387, 388, 389, 390, 391, 392, 393, 394, 395, 396, 397, 794, 795, 796, 797, 798, 799, 800, 801, 802, 803, 804, 805, 806, 807, 808, 809, 810, 811, 812, 813, 814, 815, 816, 817, 818, 819, 820, 821, 822, 823, 824, 825, 826, 827, 828, 829, 830, 831, 832, 833, 834, 835, 836, 837, 838, 839, 840, 841, 842, 843, 844, 845, 846, 847]","[89, 108, 172, 217, 221, 239, 264, 280, 321, 342, 343, 344, 345, 346, 349, 351, 352, 355, 357, 359, 364, 368, 371, 372, 373, 374, 376, 377, 387, 392, 393, 403, 409, 411, 414, 424, 430, 449, 454, 470, 480, 560, 584, 643, 685, 703, 724, 739, 779, 798, 799, 800, 801, 804, 806, 807, 810, 812, 814, 816, 821, 822, 823, 824, 826, 827, 837, 842, 843, 852, 859, 862, 865, 869, 876, 882, 897, 901, 917, 932]",[],"[106, 577]","[876, 26, 560, 565, 577, 584, 321, 89, 94, 106, 108, 643, 172, 685, 882, 703, 852, 724, 217, 221, 859, 739, 239, 862, 865, 264, 779, 869, 280, 794, 795, 796, 797, 798, 799, 800, 801, 802, 803, 804, 805, 806, 807, 808, 809, 810, 811, 812, 813, 814, 815, 816, 817, 818, 819, 820, 821, 822, 823, 824, 825, 826, 827, 828, 829, 830, 831, 832, 833, 834, 835, 836, 837, 838, 839, 840, 841, 842, 843, 844, 845, 846, 847, 338, 339, 340, 341, 342, 343, 344, 345, 346, 347, 348, 349, 350, 351, 352, 353, 354, 355, 356, 357, 358, 359, 360, 361, 362, 363, 364, 365, 366, 367, 368, 369, 370, 371, 372, 373, 374, 375, 376, 377, 378, 379, 380, 381, 382, 383, 384, 385, 386, 387, 388, 389, 390, 391, 392, 393, 394, 395, 396, 397, 901, 403, 917, 409, 411, 414, 897, 932, 424, 430, 449, 454, 470, 480, 509]",False,"[343, 355, 374, 799, 810, 824]","[338, 339, 340, 341, 342, 343, 344, 345, 346, 347, 348, 349, 350, 351, 352, 353, 354, 355, 356, 357, 358, 359, 360, 361, 362, 363, 364, 365, 366, 367, 368, 369, 370, 371, 372, 373, 374, 375, 376, 377, 378, 379, 380, 381, 382, 383, 384, 385, 386, 387, 388, 389, 390, 391, 392, 393, 394, 395, 396, 397, 794, 795, 796, 797, 798, 799, 800, 801, 802, 803, 804, 805, 806, 807, 808, 809, 810, 811, 812, 813, 814, 815, 816, 817, 818, 819, 820, 821, 822, 823, 824, 825, 826, 827, 828, 829, 830, 831, 832, 833, 834, 835, 836, 837, 838, 839, 840, 841, 842, 843, 844, 845, 846, 847]","[343, 355, 374, 799, 810, 824]","[26, 94, 343, 375, 509, 565, 799, 825]","[89, 108, 172, 217, 221, 239, 264, 280, 321, 342, 343, 344, 345, 346, 349, 351, 352, 355, 357, 359, 364, 368, 371, 372, 373, 374, 376, 377, 387, 392, 393, 403, 409, 411, 414, 424, 430, 449, 454, 470, 480, 560, 584, 643, 685, 703, 724, 739, 779, 798, 799, 800, 801, 804, 806, 807, 810, 812, 814, 816, 821, 822, 823, 824, 826, 827, 837, 842, 843, 852, 859, 862, 865, 869, 876, 882, 897, 901, 917, 932]","[106, 577]",[],5/6 successful match,False,,False,678,True,2008,0.13333333333333333,True,Winners Corner # 50 ( Texaco ),Texaco
Fernley ( 89408 ) Terrible's Travel Center,775-575-5919 I-80 Exit 48,24 M <U+25A1> <U+2610>,Fernley,89408,Terrible's Travel Center,775-575-5919,2014,Fernley,NV,,,I-80 Exit 48,Exit,48,False,,False,I-80,,,,,"[799, 343]","[343, 355, 374, 799, 810, 824]","[343, 355, 374, 799, 810, 824]","[26, 94, 343, 375, 509, 565, 799, 825]","[338, 339, 340, 341, 342, 343, 344, 345, 346, 347, 348, 349, 350, 351, 352, 353, 354, 355, 356, 357, 358, 359, 360, 361, 362, 363, 364, 365, 366, 367, 368, 369, 370, 371, 372, 373, 374, 375, 376, 377, 378, 379, 380, 381, 382, 383, 384, 385, 386, 387, 388, 389, 390, 391, 392, 393, 394, 395, 396, 397, 794, 795, 796, 797, 798, 799, 800, 801, 802, 803, 804, 805, 806, 807, 808, 809, 810, 811, 812, 813, 814, 815, 816, 817, 818, 819, 820, 821, 822, 823, 824, 825, 826, 827, 828, 829, 830, 831, 832, 833, 834, 835, 836, 837, 838, 839, 840, 841, 842, 843, 844, 845, 846, 847]","[89, 108, 172, 217, 221, 239, 264, 280, 321, 342, 343, 344, 345, 346, 349, 351, 352, 355, 357, 359, 364, 368, 371, 372, 373, 374, 376, 377, 387, 392, 393, 403, 409, 411, 414, 424, 430, 449, 454, 470, 480, 560, 584, 643, 685, 703, 724, 739, 779, 798, 799, 800, 801, 804, 806, 807, 810, 812, 814, 816, 821, 822, 823, 824, 826, 827, 837, 842, 843, 852, 859, 862, 865, 869, 876, 882, 897, 901, 917, 932]",[],"[388, 838]","[876, 26, 560, 565, 584, 321, 89, 94, 108, 643, 172, 685, 882, 703, 852, 724, 217, 221, 859, 739, 239, 862, 865, 264, 779, 869, 280, 794, 795, 796, 797, 798, 799, 800, 801, 802, 803, 804, 805, 806, 807, 808, 809, 810, 811, 812, 813, 814, 815, 816, 817, 818, 819, 820, 821, 822, 823, 824, 825, 826, 827, 828, 829, 830, 831, 832, 833, 834, 835, 836, 837, 838, 839, 840, 841, 842, 843, 844, 845, 846, 847, 338, 339, 340, 341, 342, 343, 344, 345, 346, 347, 348, 349, 350, 351, 352, 353, 354, 355, 356, 357, 358, 359, 360, 361, 362, 363, 364, 365, 366, 367, 368, 369, 370, 371, 372, 373, 374, 375, 376, 377, 378, 379, 380, 381, 382, 383, 384, 385, 386, 387, 388, 389, 390, 391, 392, 393, 394, 395, 396, 397, 901, 403, 917, 409, 411, 414, 897, 932, 424, 430, 449, 454, 470, 480, 509]",True,"[343, 355, 374, 799, 810, 824]","[338, 339, 340, 341, 342, 343, 344, 345, 346, 347, 348, 349, 350, 351, 352, 353, 354, 355, 356, 357, 358, 359, 360, 361, 362, 363, 364, 365, 366, 367, 368, 369, 370, 371, 372, 373, 374, 375, 376, 377, 378, 379, 380, 381, 382, 383, 384, 385, 386, 387, 388, 389, 390, 391, 392, 393, 394, 395, 396, 397, 794, 795, 796, 797, 798, 799, 800, 801, 802, 803, 804, 805, 806, 807, 808, 809, 810, 811, 812, 813, 814, 815, 816, 817, 818, 819, 820, 821, 822, 823, 824, 825, 826, 827, 828, 829, 830, 831, 832, 833, 834, 835, 836, 837, 838, 839, 840, 841, 842, 843, 844, 845, 846, 847]","[343, 355, 374, 799, 810, 824]","[26, 94, 343, 375, 509, 565, 799, 825]","[89, 108, 172, 217, 221, 239, 264, 280, 321, 342, 343, 344, 345, 346, 349, 351, 352, 355, 357, 359, 364, 368, 371, 372, 373, 374, 376, 377, 387, 392, 393, 403, 409, 411, 414, 424, 430, 449, 454, 470, 480, 560, 584, 643, 685, 703, 724, 739, 779, 798, 799, 800, 801, 804, 806, 807, 810, 812, 814, 816, 821, 822, 823, 824, 826, 827, 837, 842, 843, 852, 859, 862, 865, 869, 876, 882, 897, 901, 917, 932]","[388, 838]",[],5/6 successful match,True,[294],True,678,True,2014,0.15384615384615385,True,Big Wheel Truck,
D Fernley ( 89408 ) Flying J Travel Plaza # 1005,775-575-5919 I-80 Exit 48 pilot,24 MO 24,Fernley,89408,Flying J Travel Plaza # 1005,775-575-5919,2015,Fernley,NV,Flying J,,I-80 Exit 48 pilot,Exit,48,False,,False,I-80,,,,,"[799, 343]","[343, 355, 374, 799, 810, 824]","[343, 355, 374, 799, 810, 824]","[26, 94, 343, 375, 509, 565, 799, 825]","[338, 339, 340, 341, 342, 343, 344, 345, 346, 347, 348, 349, 350, 351, 352, 353, 354, 355, 356, 357, 358, 359, 360, 361, 362, 363, 364, 365, 366, 367, 368, 369, 370, 371, 372, 373, 374, 375, 376, 377, 378, 379, 380, 381, 382, 383, 384, 385, 386, 387, 388, 389, 390, 391, 392, 393, 394, 395, 396, 397, 794, 795, 796, 797, 798, 799, 800, 801, 802, 803, 804, 805, 806, 807, 808, 809, 810, 811, 812, 813, 814, 815, 816, 817, 818, 819, 820, 821, 822, 823, 824, 825, 826, 827, 828, 829, 830, 831, 832, 833, 834, 835, 836, 837, 838, 839, 840, 841, 842, 843, 844, 845, 846, 847]","[89, 108, 172, 217, 221, 239, 264, 280, 321, 342, 343, 344, 345, 346, 349, 351, 352, 355, 357, 359, 364, 368, 371, 372, 373, 374, 376, 377, 387, 392, 393, 403, 409, 411, 414, 424, 430, 449, 454, 470, 480, 560, 584, 643, 685, 703, 724, 739, 779, 798, 799, 800, 801, 804, 806, 807, 810, 812, 814, 816, 821, 822, 823, 824, 826, 827, 837, 842, 843, 852, 859, 862, 865, 869, 876, 882, 897, 901, 917, 932]","[17, 18, 19, 20, 21, 22, 23, 156, 157, 158, 159, 160, 161, 162, 163, 164, 165, 166, 167, 341, 342, 343, 344, 345, 412, 413, 414, 415, 416, 417, 418, 419, 420, 421, 422, 502, 503, 504, 505, 506, 507, 628, 629, 630, 631, 632, 633, 634, 635, 636, 637, 638, 639, 792, 797, 798, 799, 800, 801, 863, 864, 865, 866, 867, 868, 869, 870, 871, 872, 873, 874]","[17, 18, 19, 20, 21, 22, 23, 156, 157, 158, 159, 160, 161, 162, 163, 164, 165, 166, 167, 168, 340, 341, 342, 343, 344, 345, 346, 412, 413, 414, 415, 416, 417, 418, 419, 420, 421, 422, 502, 503, 504, 505, 506, 507, 628, 629, 630, 631, 632, 633, 634, 635, 636, 637, 638, 639, 792, 796, 797, 798, 799, 800, 801, 863, 864, 865, 866, 867, 868, 869, 870, 871, 872, 873, 874]","[871, 17, 18, 19, 20, 21, 22, 23, 876, 26, 560, 565, 584, 321, 89, 94, 108, 628, 629, 630, 631, 632, 633, 634, 635, 636, 637, 638, 639, 643, 156, 157, 158, 159, 160, 161, 162, 163, 164, 165, 166, 167, 168, 172, 685, 882, 703, 852, 724, 217, 221, 859, 739, 239, 862, 863, 864, 865, 866, 264, 779, 867, 868, 869, 280, 792, 794, 795, 796, 797, 798, 799, 800, 801, 802, 803, 804, 805, 806, 807, 808, 809, 810, 811, 812, 813, 814, 815, 816, 817, 818, 819, 820, 821, 822, 823, 824, 825, 826, 827, 828, 829, 830, 831, 832, 833, 834, 835, 836, 837, 838, 839, 840, 841, 842, 843, 844, 845, 846, 847, 338, 339, 340, 341, 342, 343, 344, 345, 346, 347, 348, 349, 350, 351, 352, 353, 354, 355, 356, 357, 358, 359, 360, 361, 362, 363, 364, 365, 366, 367, 368, 369, 370, 371, 372, 373, 374, 375, 376, 377, 378, 379, 380, 381, 382, 383, 384, 385, 386, 387, 388, 389, 390, 391, 392, 393, 394, 395, 396, 397, 901, 870, 403, 917, 409, 411, 412, 413, 414, 415, 416, 417, 897, 418, 932, 419, 420, 421, 424, 422, 430, 872, 449, 454, 873, 470, 480, 874, 502, 503, 504, 505, 506, 507, 509]",True,"[343, 355, 374, 799, 810, 824]","[338, 339, 340, 341, 342, 343, 344, 345, 346, 347, 348, 349, 350, 351, 352, 353, 354, 355, 356, 357, 358, 359, 360, 361, 362, 363, 364, 365, 366, 367, 368, 369, 370, 371, 372, 373, 374, 375, 376, 377, 378, 379, 380, 381, 382, 383, 384, 385, 386, 387, 388, 389, 390, 391, 392, 393, 394, 395, 396, 397, 794, 795, 796, 797, 798, 799, 800, 801, 802, 803, 804, 805, 806, 807, 808, 809, 810, 811, 812, 813, 814, 815, 816, 817, 818, 819, 820, 821, 822, 823, 824, 825, 826, 827, 828, 829, 830, 831, 832, 833, 834, 835, 836, 837, 838, 839, 840, 841, 842, 843, 844, 845, 846, 847]","[343, 355, 374, 799, 810, 824]","[26, 94, 343, 375, 509, 565, 799, 825]","[89, 108, 172, 217, 221, 239, 264, 280, 321, 342, 343, 344, 345, 346, 349, 351, 352, 355, 357, 359, 364, 368, 371, 372, 373, 374, 376, 377, 387, 392, 393, 403, 409, 411, 414, 424, 430, 449, 454, 470, 480, 560, 584, 643, 685, 703, 724, 739, 779, 798, 799, 800, 801, 804, 806, 807, 810, 812, 814, 816, 821, 822, 823, 824, 826, 827, 837, 842, 843, 852, 859, 862, 865, 869, 876, 882, 897, 901, 917, 932]","[17, 18, 19, 20, 21, 22, 23, 156, 157, 158, 159, 160, 161, 162, 163, 164, 165, 166, 167, 168, 340, 341, 342, 343, 344, 345, 346, 412, 413, 414, 415, 416, 417, 418, 419, 420, 421, 422, 502, 503, 504, 505, 506, 507, 628, 629, 630, 631, 632, 633, 634, 635, 636, 637, 638, 639, 792, 796, 797, 798, 799, 800, 801, 863, 864, 865, 866, 867, 868, 869, 870, 871, 872, 873, 874]","[17, 18, 19, 20, 21, 22, 23, 156, 157, 158, 159, 160, 161, 162, 163, 164, 165, 166, 167, 341, 342, 343, 344, 345, 412, 413, 414, 415, 416, 417, 418, 419, 420, 421, 422, 502, 503, 504, 505, 506, 507, 628, 629, 630, 631, 632, 633, 634, 635, 636, 637, 638, 639, 792, 797, 798, 799, 800, 801, 863, 864, 865, 866, 867, 868, 869, 870, 871, 872, 873, 874]",7/6 successful match,True,[294],True,678,True,2015,0.17307692307692307,True,Terrible's Travel Center,
D Fernley ( 89408 ) Flying J Travel Plaza # 1005,775-575-5919 I-80 Exit 48,FLYING J 24 L 24 24,Fernley,89408,Flying J Travel Plaza # 1005,775-575-5919,2016,Fernley,NV,Flying J,,I-80 Exit 48,Exit,48,False,,False,I-80,,,,,"[799, 343]","[343, 355, 374, 799, 810, 824]","[343, 355, 374, 799, 810, 824]","[26, 94, 343, 375, 509, 565, 799, 825]","[338, 339, 340, 341, 342, 343, 344, 345, 346, 347, 348, 349, 350, 351, 352, 353, 354, 355, 356, 357, 358, 359, 360, 361, 362, 363, 364, 365, 366, 367, 368, 369, 370, 371, 372, 373, 374, 375, 376, 377, 378, 379, 380, 381, 382, 383, 384, 385, 386, 387, 388, 389, 390, 391, 392, 393, 394, 395, 396, 397, 794, 795, 796, 797, 798, 799, 800, 801, 802, 803, 804, 805, 806, 807, 808, 809, 810, 811, 812, 813, 814, 815, 816, 817, 818, 819, 820, 821, 822, 823, 824, 825, 826, 827, 828, 829, 830, 831, 832, 833, 834, 835, 836, 837, 838, 839, 840, 841, 842, 843, 844, 845, 846, 847]","[89, 108, 172, 217, 221, 239, 264, 280, 321, 342, 343, 344, 345, 346, 349, 351, 352, 355, 357, 359, 364, 368, 371, 372, 373, 374, 376, 377, 387, 392, 393, 403, 409, 411, 414, 424, 430, 449, 454, 470, 480, 560, 584, 643, 685, 703, 724, 739, 779, 798, 799, 800, 801, 804, 806, 807, 810, 812, 814, 816, 821, 822, 823, 824, 826, 827, 837, 842, 843, 852, 859, 862, 865, 869, 876, 882, 897, 901, 917, 932]","[17, 18, 19, 20, 21, 22, 23, 156, 157, 158, 159, 160, 161, 162, 163, 164, 165, 166, 167, 341, 342, 343, 344, 345, 412, 413, 414, 415, 416, 417, 418, 419, 420, 421, 422, 502, 503, 504, 505, 506, 507, 628, 629, 630, 631, 632, 633, 634, 635, 636, 637, 638, 639, 792, 797, 798, 799, 800, 801, 863, 864, 865, 866, 867, 868, 869, 870, 871, 872, 873, 874]","[17, 18, 19, 20, 21, 22, 23, 156, 157, 158, 159, 160, 161, 162, 163, 164, 165, 166, 167, 168, 340, 341, 342, 343, 344, 345, 346, 412, 413, 414, 415, 416, 417, 418, 419, 420, 421, 422, 502, 503, 504, 505, 506, 507, 628, 629, 630, 631, 632, 633, 634, 635, 636, 637, 638, 639, 792, 796, 797, 798, 799, 800, 801, 863, 864, 865, 866, 867, 868, 869, 870, 871, 872, 873, 874]","[871, 17, 18, 19, 20, 21, 22, 23, 876, 26, 560, 565, 584, 321, 89, 94, 108, 628, 629, 630, 631, 632, 633, 634, 635, 636, 637, 638, 639, 643, 156, 157, 158, 159, 160, 161, 162, 163, 164, 165, 166, 167, 168, 172, 685, 882, 703, 852, 724, 217, 221, 859, 739, 239, 862, 863, 864, 865, 866, 264, 779, 867, 868, 869, 280, 792, 794, 795, 796, 797, 798, 799, 800, 801, 802, 803, 804, 805, 806, 807, 808, 809, 810, 811, 812, 813, 814, 815, 816, 817, 818, 819, 820, 821, 822, 823, 824, 825, 826, 827, 828, 829, 830, 831, 832, 833, 834, 835, 836, 837, 838, 839, 840, 841, 842, 843, 844, 845, 846, 847, 338, 339, 340, 341, 342, 343, 344, 345, 346, 347, 348, 349, 350, 351, 352, 353, 354, 355, 356, 357, 358, 359, 360, 361, 362, 363, 364, 365, 366, 367, 368, 369, 370, 371, 372, 373, 374, 375, 376, 377, 378, 379, 380, 381, 382, 383, 384, 385, 386, 387, 388, 389, 390, 391, 392, 393, 394, 395, 396, 397, 901, 870, 403, 917, 409, 411, 412, 413, 414, 415, 416, 417, 897, 418, 932, 419, 420, 421, 424, 422, 430, 872, 449, 454, 873, 470, 480, 874, 502, 503, 504, 505, 506, 507, 509]",True,"[343, 355, 374, 799, 810, 824]","[338, 339, 340, 341, 342, 343, 344, 345, 346, 347, 348, 349, 350, 351, 352, 353, 354, 355, 356, 357, 358, 359, 360, 361, 362, 363, 364, 365, 366, 367, 368, 369, 370, 371, 372, 373, 374, 375, 376, 377, 378, 379, 380, 381, 382, 383, 384, 385, 386, 387, 388, 389, 390, 391, 392, 393, 394, 395, 396, 397, 794, 795, 796, 797, 798, 799, 800, 801, 802, 803, 804, 805, 806, 807, 808, 809, 810, 811, 812, 813, 814, 815, 816, 817, 818, 819, 820, 821, 822, 823, 824, 825, 826, 827, 828, 829, 830, 831, 832, 833, 834, 835, 836, 837, 838, 839, 840, 841, 842, 843, 844, 845, 846, 847]","[343, 355, 374, 799, 810, 824]","[26, 94, 343, 375, 509, 565, 799, 825]","[89, 108, 172, 217, 221, 239, 264, 280, 321, 342, 343, 344, 345, 346, 349, 351, 352, 355, 357, 359, 364, 368, 371, 372, 373, 374, 376, 377, 387, 392, 393, 403, 409, 411, 414, 424, 430, 449, 454, 470, 480, 560, 584, 643, 685, 703, 724, 739, 779, 798, 799, 800, 801, 804, 806, 807, 810, 812, 814, 816, 821, 822, 823, 824, 826, 827, 837, 842, 843, 852, 859, 862, 865, 869, 876, 882, 897, 901, 917, 932]","[17, 18, 19, 20, 21, 22, 23, 156, 157, 158, 159, 160, 161, 162, 163, 164, 165, 166, 167, 168, 340, 341, 342, 343, 344, 345, 346, 412, 413, 414, 415, 416, 417, 418, 419, 420, 421, 422, 502, 503, 504, 505, 506, 507, 628, 629, 630, 631, 632, 633, 634, 635, 636, 637, 638, 639, 792, 796, 797, 798, 799, 800, 801, 863, 864, 865, 866, 867, 868, 869, 870, 871, 872, 873, 874]","[17, 18, 19, 20, 21, 22, 23, 156, 157, 158, 159, 160, 161, 162, 163, 164, 165, 166, 167, 341, 342, 343, 344, 345, 412, 413, 414, 415, 416, 417, 418, 419, 420, 421, 422, 502, 503, 504, 505, 506, 507, 628, 629, 630, 631, 632, 633, 634, 635, 636, 637, 638, 639, 792, 797, 798, 799, 800, 801, 863, 864, 865, 866, 867, 868, 869, 870, 871, 872, 873, 874]",7/6 successful match,True,[294],True,678,False,,1.0,True,Flying J Travel Plaza # 1005,Flying J
Hawthorne ( 89415 ) Golden Gate ( 76 ),775-316-8737 US 95 Bypass N & F St,24 M,Hawthorne,89415,Golden Gate ( 76 ),775-316-8737,2016,Hawthorne,NV,,,US 95 Bypass N & F St,empty,,False,,False,US 95,F St,,,,"[803, 348]","[348, 354, 803, 809]","[348, 354, 803, 809]",[],"[338, 339, 340, 341, 342, 343, 344, 345, 346, 347, 348, 349, 350, 351, 352, 353, 354, 355, 356, 357, 358, 359, 360, 361, 362, 363, 364, 365, 366, 367, 368, 369, 370, 371, 372, 373, 374, 375, 376, 377, 378, 379, 380, 381, 382, 383, 384, 385, 386, 387, 388, 389, 390, 391, 392, 393, 394, 395, 396, 397, 794, 795, 796, 797, 798, 799, 800, 801, 802, 803, 804, 805, 806, 807, 808, 809, 810, 811, 812, 813, 814, 815, 816, 817, 818, 819, 820, 821, 822, 823, 824, 825, 826, 827, 828, 829, 830, 831, 832, 833, 834, 835, 836, 837, 838, 839, 840, 841, 842, 843, 844, 845, 846, 847]","[8, 43, 71, 84, 86, 339, 348, 354, 360, 369, 382, 383, 384, 389, 390, 523, 546, 555, 557, 795, 803, 809, 819, 832, 833, 834, 839, 840]",[],"[84, 87, 89, 114, 115, 117, 124, 132, 135, 144, 152, 174, 175, 176, 177, 178, 239, 268, 281, 297, 318, 320, 327, 347, 348, 349, 350, 351, 352, 394, 423, 555, 558, 560, 585, 586, 588, 595, 603, 606, 615, 623, 645, 646, 647, 648, 649, 703, 727, 740, 756, 776, 778, 785, 802, 803, 804, 805, 806, 807, 844, 875]","[875, 8, 523, 546, 43, 555, 557, 558, 560, 318, 71, 585, 586, 320, 588, 595, 84, 86, 87, 89, 603, 606, 615, 623, 114, 115, 117, 124, 132, 645, 646, 135, 647, 648, 649, 144, 152, 174, 175, 176, 177, 178, 703, 727, 740, 239, 756, 776, 778, 268, 785, 281, 794, 795, 796, 797, 798, 799, 800, 801, 802, 803, 804, 805, 806, 807, 808, 809, 810, 811, 812, 813, 814, 815, 816, 817, 818, 819, 820, 821, 822, 823, 824, 825, 826, 827, 828, 829, 830, 831, 832, 833, 834, 835, 836, 837, 838, 839, 840, 841, 842, 843, 844, 845, 846, 847, 327, 338, 339, 340, 341, 342, 343, 344, 345, 346, 347, 348, 349, 350, 351, 352, 353, 354, 355, 356, 357, 358, 359, 360, 361, 362, 363, 364, 365, 366, 367, 368, 369, 370, 371, 372, 373, 374, 375, 376, 377, 378, 379, 380, 381, 382, 383, 384, 385, 386, 387, 388, 389, 390, 391, 392, 393, 394, 395, 396, 397, 423, 297]",True,"[348, 354, 803, 809]","[338, 339, 340, 341, 342, 343, 344, 345, 346, 347, 348, 349, 350, 351, 352, 353, 354, 355, 356, 357, 358, 359, 360, 361, 362, 363, 364, 365, 366, 367, 368, 369, 370, 371, 372, 373, 374, 375, 376, 377, 378, 379, 380, 381, 382, 383, 384, 385, 386, 387, 388, 389, 390, 391, 392, 393, 394, 395, 396, 397, 794, 795, 796, 797, 798, 799, 800, 801, 802, 803, 804, 805, 806, 807, 808, 809, 810, 811, 812, 813, 814, 815, 816, 817, 818, 819, 820, 821, 822, 823, 824, 825, 826, 827, 828, 829, 830, 831, 832, 833, 834, 835, 836, 837, 838, 839, 840, 841, 842, 843, 844, 845, 846, 847]","[348, 354, 803, 809]",[],"[8, 43, 71, 84, 86, 339, 348, 354, 360, 369, 382, 383, 384, 389, 390, 523, 546, 555, 557, 795, 803, 809, 819, 832, 833, 834, 839, 840]","[84, 87, 89, 114, 115, 117, 124, 132, 135, 144, 152, 174, 175, 176, 177, 178, 239, 268, 281, 297, 318, 320, 327, 347, 348, 349, 350, 351, 352, 394, 423, 555, 558, 560, 585, 586, 588, 595, 603, 606, 615, 623, 645, 646, 647, 648, 649, 703, 727, 740, 756, 776, 778, 785, 802, 803, 804, 805, 806, 807, 844, 875]",[],7/6 successful match,True,,False,679,False,,,,,
"Mill City , 89418 TravelCenters of America ( Arco )",775-538-7306 I-80 Exit 149 EB / 151 WB TA,FIRS XL,Mill City,89418,TravelCenters of America ( Arco ),775-538-7306,2006,Imlay,NV,TravelCenters,,I-80 Exit 149 EB / 151 WB TA,Exit,149,False,,False,I-80,,151,,,[],"[393, 843]","[393, 843]","[151, 160, 184, 207, 393, 622, 632, 655, 677, 843]","[338, 339, 340, 341, 342, 343, 344, 345, 346, 347, 348, 349, 350, 351, 352, 353, 354, 355, 356, 357, 358, 359, 360, 361, 362, 363, 364, 365, 366, 367, 368, 369, 370, 371, 372, 373, 374, 375, 376, 377, 378, 379, 380, 381, 382, 383, 384, 385, 386, 387, 388, 389, 390, 391, 392, 393, 394, 395, 396, 397, 794, 795, 796, 797, 798, 799, 800, 801, 802, 803, 804, 805, 806, 807, 808, 809, 810, 811, 812, 813, 814, 815, 816, 817, 818, 819, 820, 821, 822, 823, 824, 825, 826, 827, 828, 829, 830, 831, 832, 833, 834, 835, 836, 837, 838, 839, 840, 841, 842, 843, 844, 845, 846, 847]","[89, 108, 172, 217, 221, 239, 264, 280, 321, 342, 343, 344, 345, 346, 349, 351, 352, 355, 357, 359, 364, 368, 371, 372, 373, 374, 376, 377, 387, 392, 393, 403, 409, 411, 414, 424, 430, 449, 454, 470, 480, 560, 584, 643, 685, 703, 724, 739, 779, 798, 799, 800, 801, 804, 806, 807, 810, 812, 814, 816, 821, 822, 823, 824, 826, 827, 837, 842, 843, 852, 859, 862, 865, 869, 876, 882, 897, 901, 917, 932]","[98, 476, 481, 569, 924, 925]","[0, 120, 122, 200, 223, 226, 315, 382, 485, 591, 593, 625, 671, 687, 690, 773, 832]","[0, 876, 560, 315, 569, 584, 591, 321, 593, 89, 98, 108, 622, 625, 632, 120, 122, 643, 655, 151, 671, 160, 677, 172, 685, 882, 687, 690, 184, 703, 852, 200, 207, 724, 217, 221, 223, 859, 739, 226, 239, 862, 865, 773, 264, 779, 869, 280, 794, 795, 796, 797, 798, 799, 800, 801, 802, 803, 804, 805, 806, 807, 808, 809, 810, 811, 812, 813, 814, 815, 816, 817, 818, 819, 820, 821, 822, 823, 824, 825, 826, 827, 828, 829, 830, 831, 832, 833, 834, 835, 836, 837, 838, 839, 840, 841, 842, 843, 844, 845, 846, 847, 338, 339, 340, 341, 342, 343, 344, 345, 346, 347, 348, 349, 350, 351, 352, 353, 354, 355, 356, 357, 358, 359, 360, 361, 362, 363, 364, 365, 366, 367, 368, 369, 370, 371, 372, 373, 374, 375, 376, 377, 378, 379, 380, 381, 382, 383, 384, 385, 386, 387, 388, 389, 390, 391, 392, 393, 394, 395, 396, 397, 901, 403, 917, 409, 411, 924, 925, 414, 897, 932, 424, 430, 449, 454, 470, 476, 480, 481, 485]",False,"[393, 843]","[338, 339, 340, 341, 342, 343, 344, 345, 346, 347, 348, 349, 350, 351, 352, 353, 354, 355, 356, 357, 358, 359, 360, 361, 362, 363, 364, 365, 366, 367, 368, 369, 370, 371, 372, 373, 374, 375, 376, 377, 378, 379, 380, 381, 382, 383, 384, 385, 386, 387, 388, 389, 390, 391, 392, 393, 394, 395, 396, 397, 794, 795, 796, 797, 798, 799, 800, 801, 802, 803, 804, 805, 806, 807, 808, 809, 810, 811, 812, 813, 814, 815, 816, 817, 818, 819, 820, 821, 822, 823, 824, 825, 826, 827, 828, 829, 830, 831, 832, 833, 834, 835, 836, 837, 838, 839, 840, 841, 842, 843, 844, 845, 846, 847]","[393, 843]","[151, 160, 184, 207, 393, 622, 632, 655, 677, 843]","[89, 108, 172, 217, 221, 239, 264, 280, 321, 342, 343, 344, 345, 346, 349, 351, 352, 355, 357, 359, 364, 368, 371, 372, 373, 374, 376, 377, 387, 392, 393, 403, 409, 411, 414, 424, 430, 449, 454, 470, 480, 560, 584, 643, 685, 703, 724, 739, 779, 798, 799, 800, 801, 804, 806, 807, 810, 812, 814, 816, 821, 822, 823, 824, 826, 827, 837, 842, 843, 852, 859, 862, 865, 869, 876, 882, 897, 901, 917, 932]","[0, 120, 122, 200, 223, 226, 315, 382, 485, 591, 593, 625, 671, 687, 690, 773, 832]","[98, 476, 481, 569, 924, 925]",5/6 successful match,False,[293],True,680,False,,,,,
", 89418 TravelCenters of America # 181",CMill 3775-538-7306 City I-80 Exit 149 EB / 151 WB,XL,,89418,TravelCenters of America # 181,775-538-7306,2007,Imlay,NV,TravelCenters,,City I-80 Exit 149 EB / 151 WB,Exit,149,False,,False,I-80,,151,,,[],"[393, 843]",[],"[151, 160, 184, 207, 393, 622, 632, 655, 677, 843]","[338, 339, 340, 341, 342, 343, 344, 345, 346, 347, 348, 349, 350, 351, 352, 353, 354, 355, 356, 357, 358, 359, 360, 361, 362, 363, 364, 365, 366, 367, 368, 369, 370, 371, 372, 373, 374, 375, 376, 377, 378, 379, 380, 381, 382, 383, 384, 385, 386, 387, 388, 389, 390, 391, 392, 393, 394, 395, 396, 397, 794, 795, 796, 797, 798, 799, 800, 801, 802, 803, 804, 805, 806, 807, 808, 809, 810, 811, 812, 813, 814, 815, 816, 817, 818, 819, 820, 821, 822, 823, 824, 825, 826, 827, 828, 829, 830, 831, 832, 833, 834, 835, 836, 837, 838, 839, 840, 841, 842, 843, 844, 845, 846, 847]","[89, 108, 172, 217, 221, 239, 264, 280, 321, 342, 343, 344, 345, 346, 349, 351, 352, 355, 357, 359, 364, 368, 371, 372, 373, 374, 376, 377, 387, 392, 393, 403, 409, 411, 414, 424, 430, 449, 454, 470, 480, 560, 584, 643, 685, 703, 724, 739, 779, 798, 799, 800, 801, 804, 806, 807, 810, 812, 814, 816, 821, 822, 823, 824, 826, 827, 837, 842, 843, 852, 859, 862, 865, 869, 876, 882, 897, 901, 917, 932]","[98, 476, 481, 569, 924, 925]","[393, 843]","[876, 560, 569, 584, 321, 89, 98, 108, 622, 632, 643, 655, 151, 160, 677, 172, 685, 882, 184, 703, 852, 207, 724, 217, 221, 859, 739, 239, 862, 865, 264, 779, 869, 280, 794, 795, 796, 797, 798, 799, 800, 801, 802, 803, 804, 805, 806, 807, 808, 809, 810, 811, 812, 813, 814, 815, 816, 817, 818, 819, 820, 821, 822, 823, 824, 825, 826, 827, 828, 829, 830, 831, 832, 833, 834, 835, 836, 837, 838, 839, 840, 841, 842, 843, 844, 845, 846, 847, 338, 339, 340, 341, 342, 343, 344, 345, 346, 347, 348, 349, 350, 351, 352, 353, 354, 355, 356, 357, 358, 359, 360, 361, 362, 363, 364, 365, 366, 367, 368, 369, 370, 371, 372, 373, 374, 375, 376, 377, 378, 379, 380, 381, 382, 383, 384, 385, 386, 387, 388, 389, 390, 391, 392, 393, 394, 395, 396, 397, 901, 403, 917, 409, 411, 924, 925, 414, 897, 932, 424, 430, 449, 454, 470, 476, 480, 481]",False,"[393, 843]","[338, 339, 340, 341, 342, 343, 344, 345, 346, 347, 348, 349, 350, 351, 352, 353, 354, 355, 356, 357, 358, 359, 360, 361, 362, 363, 364, 365, 366, 367, 368, 369, 370, 371, 372, 373, 374, 375, 376, 377, 378, 379, 380, 381, 382, 383, 384, 385, 386, 387, 388, 389, 390, 391, 392, 393, 394, 395, 396, 397, 794, 795, 796, 797, 798, 799, 800, 801, 802, 803, 804, 805, 806, 807, 808, 809, 810, 811, 812, 813, 814, 815, 816, 817, 818, 819, 820, 821, 822, 823, 824, 825, 826, 827, 828, 829, 830, 831, 832, 833, 834, 835, 836, 837, 838, 839, 840, 841, 842, 843, 844, 845, 846, 847]",[],"[151, 160, 184, 207, 393, 622, 632, 655, 677, 843]","[89, 108, 172, 217, 221, 239, 264, 280, 321, 342, 343, 344, 345, 346, 349, 351, 352, 355, 357, 359, 364, 368, 371, 372, 373, 374, 376, 377, 387, 392, 393, 403, 409, 411, 414, 424, 430, 449, 454, 470, 480, 560, 584, 643, 685, 703, 724, 739, 779, 798, 799, 800, 801, 804, 806, 807, 810, 812, 814, 816, 821, 822, 823, 824, 826, 827, 837, 842, 843, 852, 859, 862, 865, 869, 876, 882, 897, 901, 917, 932]","[393, 843]","[98, 476, 481, 569, 924, 925]",6/6 successful match,False,[293],True,680,False,,0.9476190476190476,True,TravelCenters of America ( Arco ),TravelCenters
"C / Mill City , 89418 I-15 TravelCenters Exit 122 of America # 181",31775-538-7306 I-80 Exit 149 EB / 151 WB,24 XL 24 <U+25A1> <U+25A1>,/ Mill City,89418,I-15 TravelCenters Exit 122 of America # 181,775-538-7306,2008,Imlay,NV,TravelCenters,,I-80 Exit 149 EB / 151 WB,Exit,149,False,,False,I-80,,151,,,[],"[393, 843]","[393, 843]","[151, 160, 184, 207, 393, 622, 632, 655, 677, 843]","[338, 339, 340, 341, 342, 343, 344, 345, 346, 347, 348, 349, 350, 351, 352, 353, 354, 355, 356, 357, 358, 359, 360, 361, 362, 363, 364, 365, 366, 367, 368, 369, 370, 371, 372, 373, 374, 375, 376, 377, 378, 379, 380, 381, 382, 383, 384, 385, 386, 387, 388, 389, 390, 391, 392, 393, 394, 395, 396, 397, 794, 795, 796, 797, 798, 799, 800, 801, 802, 803, 804, 805, 806, 807, 808, 809, 810, 811, 812, 813, 814, 815, 816, 817, 818, 819, 820, 821, 822, 823, 824, 825, 826, 827, 828, 829, 830, 831, 832, 833, 834, 835, 836, 837, 838, 839, 840, 841, 842, 843, 844, 845, 846, 847]","[89, 108, 172, 217, 221, 239, 264, 280, 321, 342, 343, 344, 345, 346, 349, 351, 352, 355, 357, 359, 364, 368, 371, 372, 373, 374, 376, 377, 387, 392, 393, 403, 409, 411, 414, 424, 430, 449, 454, 470, 480, 560, 584, 643, 685, 703, 724, 739, 779, 798, 799, 800, 801, 804, 806, 807, 810, 812, 814, 816, 821, 822, 823, 824, 826, 827, 837, 842, 843, 852, 859, 862, 865, 869, 876, 882, 897, 901, 917, 932]","[98, 476, 481, 569, 924, 925]","[393, 843]","[876, 560, 569, 584, 321, 89, 98, 108, 622, 632, 643, 655, 151, 160, 677, 172, 685, 882, 184, 703, 852, 207, 724, 217, 221, 859, 739, 239, 862, 865, 264, 779, 869, 280, 794, 795, 796, 797, 798, 799, 800, 801, 802, 803, 804, 805, 806, 807, 808, 809, 810, 811, 812, 813, 814, 815, 816, 817, 818, 819, 820, 821, 822, 823, 824, 825, 826, 827, 828, 829, 830, 831, 832, 833, 834, 835, 836, 837, 838, 839, 840, 841, 842, 843, 844, 845, 846, 847, 338, 339, 340, 341, 342, 343, 344, 345, 346, 347, 348, 349, 350, 351, 352, 353, 354, 355, 356, 357, 358, 359, 360, 361, 362, 363, 364, 365, 366, 367, 368, 369, 370, 371, 372, 373, 374, 375, 376, 377, 378, 379, 380, 381, 382, 383, 384, 385, 386, 387, 388, 389, 390, 391, 392, 393, 394, 395, 396, 397, 901, 403, 917, 409, 411, 924, 925, 414, 897, 932, 424, 430, 449, 454, 470, 476, 480, 481]",False,"[393, 843]","[338, 339, 340, 341, 342, 343, 344, 345, 346, 347, 348, 349, 350, 351, 352, 353, 354, 355, 356, 357, 358, 359, 360, 361, 362, 363, 364, 365, 366, 367, 368, 369, 370, 371, 372, 373, 374, 375, 376, 377, 378, 379, 380, 381, 382, 383, 384, 385, 386, 387, 388, 389, 390, 391, 392, 393, 394, 395, 396, 397, 794, 795, 796, 797, 798, 799, 800, 801, 802, 803, 804, 805, 806, 807, 808, 809, 810, 811, 812, 813, 814, 815, 816, 817, 818, 819, 820, 821, 822, 823, 824, 825, 826, 827, 828, 829, 830, 831, 832, 833, 834, 835, 836, 837, 838, 839, 840, 841, 842, 843, 844, 845, 846, 847]","[393, 843]","[151, 160, 184, 207, 393, 622, 632, 655, 677, 843]","[89, 108, 172, 217, 221, 239, 264, 280, 321, 342, 343, 344, 345, 346, 349, 351, 352, 355, 357, 359, 364, 368, 371, 372, 373, 374, 376, 377, 387, 392, 393, 403, 409, 411, 414, 424, 430, 449, 454, 470, 480, 560, 584, 643, 685, 703, 724, 739, 779, 798, 799, 800, 801, 804, 806, 807, 810, 812, 814, 816, 821, 822, 823, 824, 826, 827, 837, 842, 843, 852, 859, 862, 865, 869, 876, 882, 897, 901, 917, 932]","[393, 843]","[98, 476, 481, 569, 924, 925]",6/6 successful match,False,[293],True,680,False,,0.9832432432432432,True,TravelCenters of America # 181,TravelCenters
Mill City ( 89418 ) I-15 TA Mill Exit City 122 # 181 ( Valero ),775-538-7311 I-80 Exit 149 EB / 151 WB,24 D XL,Mill City,89418,I-15 TA Mill Exit City 122 # 181 ( Valero ),775-538-7311,2014,Imlay,NV,Valero,,I-80 Exit 149 EB / 151 WB,Exit,149,False,,False,I-80,,151,,,"[393, 843]","[393, 843]","[393, 843]","[151, 160, 184, 207, 393, 622, 632, 655, 677, 843]","[338, 339, 340, 341, 342, 343, 344, 345, 346, 347, 348, 349, 350, 351, 352, 353, 354, 355, 356, 357, 358, 359, 360, 361, 362, 363, 364, 365, 366, 367, 368, 369, 370, 371, 372, 373, 374, 375, 376, 377, 378, 379, 380, 381, 382, 383, 384, 385, 386, 387, 388, 389, 390, 391, 392, 393, 394, 395, 396, 397, 794, 795, 796, 797, 798, 799, 800, 801, 802, 803, 804, 805, 806, 807, 808, 809, 810, 811, 812, 813, 814, 815, 816, 817, 818, 819, 820, 821, 822, 823, 824, 825, 826, 827, 828, 829, 830, 831, 832, 833, 834, 835, 836, 837, 838, 839, 840, 841, 842, 843, 844, 845, 846, 847]","[89, 108, 172, 217, 221, 239, 264, 280, 321, 342, 343, 344, 345, 346, 349, 351, 352, 355, 357, 359, 364, 368, 371, 372, 373, 374, 376, 377, 387, 392, 393, 403, 409, 411, 414, 424, 430, 449, 454, 470, 480, 560, 584, 643, 685, 703, 724, 739, 779, 798, 799, 800, 801, 804, 806, 807, 810, 812, 814, 816, 821, 822, 823, 824, 826, 827, 837, 842, 843, 852, 859, 862, 865, 869, 876, 882, 897, 901, 917, 932]","[2, 9, 10, 82, 111, 112, 113, 199, 279, 284, 285, 300, 488, 494, 495, 553, 581, 582, 583, 670, 738, 743, 744, 759, 818]","[2, 9, 10, 82, 111, 112, 113, 199, 279, 284, 285, 300, 301, 393, 476, 488, 494, 495, 553, 581, 582, 583, 670, 738, 743, 744, 759, 818, 843, 924, 925]","[2, 9, 10, 876, 553, 560, 581, 582, 583, 584, 321, 82, 89, 108, 622, 111, 112, 113, 632, 643, 655, 151, 670, 160, 677, 172, 685, 882, 184, 703, 852, 199, 207, 724, 217, 221, 859, 739, 738, 743, 744, 239, 862, 759, 865, 264, 779, 869, 279, 280, 794, 795, 796, 797, 798, 799, 800, 801, 802, 803, 804, 805, 806, 807, 808, 809, 810, 811, 812, 813, 814, 815, 816, 817, 818, 819, 820, 821, 822, 823, 824, 825, 826, 827, 828, 829, 830, 831, 832, 833, 834, 835, 836, 837, 838, 839, 840, 841, 842, 843, 844, 845, 846, 847, 338, 339, 340, 341, 342, 343, 344, 345, 346, 347, 348, 349, 350, 351, 352, 353, 354, 355, 356, 357, 358, 359, 360, 361, 362, 363, 364, 365, 366, 367, 368, 369, 370, 371, 372, 373, 374, 375, 376, 377, 378, 379, 380, 381, 382, 383, 384, 385, 386, 387, 388, 389, 390, 391, 392, 393, 394, 395, 396, 397, 901, 403, 917, 284, 409, 285, 411, 924, 925, 414, 897, 932, 424, 430, 449, 454, 470, 476, 480, 300, 488, 301, 494, 495]",True,"[393, 843]","[338, 339, 340, 341, 342, 343, 344, 345, 346, 347, 348, 349, 350, 351, 352, 353, 354, 355, 356, 357, 358, 359, 360, 361, 362, 363, 364, 365, 366, 367, 368, 369, 370, 371, 372, 373, 374, 375, 376, 377, 378, 379, 380, 381, 382, 383, 384, 385, 386, 387, 388, 389, 390, 391, 392, 393, 394, 395, 396, 397, 794, 795, 796, 797, 798, 799, 800, 801, 802, 803, 804, 805, 806, 807, 808, 809, 810, 811, 812, 813, 814, 815, 816, 817, 818, 819, 820, 821, 822, 823, 824, 825, 826, 827, 828, 829, 830, 831, 832, 833, 834, 835, 836, 837, 838, 839, 840, 841, 842, 843, 844, 845, 846, 847]","[393, 843]","[151, 160, 184, 207, 393, 622, 632, 655, 677, 843]","[89, 108, 172, 217, 221, 239, 264, 280, 321, 342, 343, 344, 345, 346, 349, 351, 352, 355, 357, 359, 364, 368, 371, 372, 373, 374, 376, 377, 387, 392, 393, 403, 409, 411, 414, 424, 430, 449, 454, 470, 480, 560, 584, 643, 685, 703, 724, 739, 779, 798, 799, 800, 801, 804, 806, 807, 810, 812, 814, 816, 821, 822, 823, 824, 826, 827, 837, 842, 843, 852, 859, 862, 865, 869, 876, 882, 897, 901, 917, 932]","[2, 9, 10, 82, 111, 112, 113, 199, 279, 284, 285, 300, 301, 393, 476, 488, 494, 495, 553, 581, 582, 583, 670, 738, 743, 744, 759, 818, 843, 924, 925]","[2, 9, 10, 82, 111, 112, 113, 199, 279, 284, 285, 300, 488, 494, 495, 553, 581, 582, 583, 670, 738, 743, 744, 759, 818]",6/6 successful match,True,"[351, 352]",True,680,False,,0.8086206896551724,False,I-15 TravelCenters Exit 122 of America # 181,TravelCenters
Mill City ( 89418 ) I-15 TA Mill Exit City 122 # 181 ( Valero ) 24 HORS,775-538-7311 I-80 Exit 149 EB / 151 WB A PARD,HORS PARD XL <U+25A1>,Mill City,89418,I-15 TA Mill Exit City 122 # 181 ( Valero ) 24 HORS,775-538-7311,2015,Imlay,NV,Valero,,I-80 Exit 149 EB / 151 WB A PARD,Exit,149,False,,False,I-80,,151,,,"[393, 843]","[393, 843]","[393, 843]","[151, 160, 184, 207, 393, 622, 632, 655, 677, 843]","[338, 339, 340, 341, 342, 343, 344, 345, 346, 347, 348, 349, 350, 351, 352, 353, 354, 355, 356, 357, 358, 359, 360, 361, 362, 363, 364, 365, 366, 367, 368, 369, 370, 371, 372, 373, 374, 375, 376, 377, 378, 379, 380, 381, 382, 383, 384, 385, 386, 387, 388, 389, 390, 391, 392, 393, 394, 395, 396, 397, 794, 795, 796, 797, 798, 799, 800, 801, 802, 803, 804, 805, 806, 807, 808, 809, 810, 811, 812, 813, 814, 815, 816, 817, 818, 819, 820, 821, 822, 823, 824, 825, 826, 827, 828, 829, 830, 831, 832, 833, 834, 835, 836, 837, 838, 839, 840, 841, 842, 843, 844, 845, 846, 847]","[89, 108, 172, 217, 221, 239, 264, 280, 321, 342, 343, 344, 345, 346, 349, 351, 352, 355, 357, 359, 364, 368, 371, 372, 373, 374, 376, 377, 387, 392, 393, 403, 409, 411, 414, 424, 430, 449, 454, 470, 480, 560, 584, 643, 685, 703, 724, 739, 779, 798, 799, 800, 801, 804, 806, 807, 810, 812, 814, 816, 821, 822, 823, 824, 826, 827, 837, 842, 843, 852, 859, 862, 865, 869, 876, 882, 897, 901, 917, 932]","[2, 9, 10, 82, 111, 112, 113, 199, 279, 284, 285, 300, 488, 494, 495, 553, 581, 582, 583, 670, 738, 743, 744, 759, 818]","[2, 9, 10, 82, 103, 111, 112, 113, 199, 279, 284, 285, 300, 301, 393, 476, 488, 494, 495, 553, 574, 581, 582, 583, 670, 738, 743, 744, 759, 818, 843, 924, 925]","[2, 9, 10, 876, 553, 560, 574, 581, 582, 583, 584, 321, 82, 89, 103, 108, 622, 111, 112, 113, 632, 643, 655, 151, 670, 160, 677, 172, 685, 882, 184, 703, 852, 199, 207, 724, 217, 221, 859, 739, 738, 743, 744, 239, 862, 759, 865, 264, 779, 869, 279, 280, 794, 795, 796, 797, 798, 799, 800, 801, 802, 803, 804, 805, 806, 807, 808, 809, 810, 811, 812, 813, 814, 815, 816, 817, 818, 819, 820, 821, 822, 823, 824, 825, 826, 827, 828, 829, 830, 831, 832, 833, 834, 835, 836, 837, 838, 839, 840, 841, 842, 843, 844, 845, 846, 847, 338, 339, 340, 341, 342, 343, 344, 345, 346, 347, 348, 349, 350, 351, 352, 353, 354, 355, 356, 357, 358, 359, 360, 361, 362, 363, 364, 365, 366, 367, 368, 369, 370, 371, 372, 373, 374, 375, 376, 377, 378, 379, 380, 381, 382, 383, 384, 385, 386, 387, 388, 389, 390, 391, 392, 393, 394, 395, 396, 397, 901, 403, 917, 284, 409, 285, 411, 924, 925, 414, 897, 932, 424, 430, 449, 454, 470, 476, 480, 300, 488, 301, 494, 495]",True,"[393, 843]","[338, 339, 340, 341, 342, 343, 344, 345, 346, 347, 348, 349, 350, 351, 352, 353, 354, 355, 356, 357, 358, 359, 360, 361, 362, 363, 364, 365, 366, 367, 368, 369, 370, 371, 372, 373, 374, 375, 376, 377, 378, 379, 380, 381, 382, 383, 384, 385, 386, 387, 388, 389, 390, 391, 392, 393, 394, 395, 396, 397, 794, 795, 796, 797, 798, 799, 800, 801, 802, 803, 804, 805, 806, 807, 808, 809, 810, 811, 812, 813, 814, 815, 816, 817, 818, 819, 820, 821, 822, 823, 824, 825, 826, 827, 828, 829, 830, 831, 832, 833, 834, 835, 836, 837, 838, 839, 840, 841, 842, 843, 844, 845, 846, 847]","[393, 843]","[151, 160, 184, 207, 393, 622, 632, 655, 677, 843]","[89, 108, 172, 217, 221, 239, 264, 280, 321, 342, 343, 344, 345, 346, 349, 351, 352, 355, 357, 359, 364, 368, 371, 372, 373, 374, 376, 377, 387, 392, 393, 403, 409, 411, 414, 424, 430, 449, 454, 470, 480, 560, 584, 643, 685, 703, 724, 739, 779, 798, 799, 800, 801, 804, 806, 807, 810, 812, 814, 816, 821, 822, 823, 824, 826, 827, 837, 842, 843, 852, 859, 862, 865, 869, 876, 882, 897, 901, 917, 932]","[2, 9, 10, 82, 103, 111, 112, 113, 199, 279, 284, 285, 300, 301, 393, 476, 488, 494, 495, 553, 574, 581, 582, 583, 670, 738, 743, 744, 759, 818, 843, 924, 925]","[2, 9, 10, 82, 111, 112, 113, 199, 279, 284, 285, 300, 488, 494, 495, 553, 581, 582, 583, 670, 738, 743, 744, 759, 818]",6/6 successful match,True,"[351, 352]",True,680,False,,1.0,True,I-15 TA Mill Exit City 122 # 181 ( Valero ),Valero
7702-346-8881 CMill City ( 89418 ) I-15 TA Mill Exit City 122 # 181 ( Valero ),775-538-7311 I-80 Exit 149 EB / 151 WB,24 XL D <U+25A1>,Mill City,89418,I-15 TA Mill Exit City 122 # 181 ( Valero ),775-538-7311,2016,Imlay,NV,Valero,,I-80 Exit 149 EB / 151 WB,Exit,149,False,,False,I-80,,151,,,"[393, 843]","[393, 843]","[393, 843]","[151, 160, 184, 207, 393, 622, 632, 655, 677, 843]","[338, 339, 340, 341, 342, 343, 344, 345, 346, 347, 348, 349, 350, 351, 352, 353, 354, 355, 356, 357, 358, 359, 360, 361, 362, 363, 364, 365, 366, 367, 368, 369, 370, 371, 372, 373, 374, 375, 376, 377, 378, 379, 380, 381, 382, 383, 384, 385, 386, 387, 388, 389, 390, 391, 392, 393, 394, 395, 396, 397, 794, 795, 796, 797, 798, 799, 800, 801, 802, 803, 804, 805, 806, 807, 808, 809, 810, 811, 812, 813, 814, 815, 816, 817, 818, 819, 820, 821, 822, 823, 824, 825, 826, 827, 828, 829, 830, 831, 832, 833, 834, 835, 836, 837, 838, 839, 840, 841, 842, 843, 844, 845, 846, 847]","[89, 108, 172, 217, 221, 239, 264, 280, 321, 342, 343, 344, 345, 346, 349, 351, 352, 355, 357, 359, 364, 368, 371, 372, 373, 374, 376, 377, 387, 392, 393, 403, 409, 411, 414, 424, 430, 449, 454, 470, 480, 560, 584, 643, 685, 703, 724, 739, 779, 798, 799, 800, 801, 804, 806, 807, 810, 812, 814, 816, 821, 822, 823, 824, 826, 827, 837, 842, 843, 852, 859, 862, 865, 869, 876, 882, 897, 901, 917, 932]","[2, 9, 10, 82, 111, 112, 113, 199, 279, 284, 285, 300, 488, 494, 495, 553, 581, 582, 583, 670, 738, 743, 744, 759, 818]","[2, 9, 10, 82, 111, 112, 113, 199, 279, 284, 285, 300, 301, 393, 476, 488, 494, 495, 553, 581, 582, 583, 670, 738, 743, 744, 759, 818, 843, 924, 925]","[2, 9, 10, 876, 553, 560, 581, 582, 583, 584, 321, 82, 89, 108, 622, 111, 112, 113, 632, 643, 655, 151, 670, 160, 677, 172, 685, 882, 184, 703, 852, 199, 207, 724, 217, 221, 859, 739, 738, 743, 744, 239, 862, 759, 865, 264, 779, 869, 279, 280, 794, 795, 796, 797, 798, 799, 800, 801, 802, 803, 804, 805, 806, 807, 808, 809, 810, 811, 812, 813, 814, 815, 816, 817, 818, 819, 820, 821, 822, 823, 824, 825, 826, 827, 828, 829, 830, 831, 832, 833, 834, 835, 836, 837, 838, 839, 840, 841, 842, 843, 844, 845, 846, 847, 338, 339, 340, 341, 342, 343, 344, 345, 346, 347, 348, 349, 350, 351, 352, 353, 354, 355, 356, 357, 358, 359, 360, 361, 362, 363, 364, 365, 366, 367, 368, 369, 370, 371, 372, 373, 374, 375, 376, 377, 378, 379, 380, 381, 382, 383, 384, 385, 386, 387, 388, 389, 390, 391, 392, 393, 394, 395, 396, 397, 901, 403, 917, 284, 409, 285, 411, 924, 925, 414, 897, 932, 424, 430, 449, 454, 470, 476, 480, 300, 488, 301, 494, 495]",True,"[393, 843]","[338, 339, 340, 341, 342, 343, 344, 345, 346, 347, 348, 349, 350, 351, 352, 353, 354, 355, 356, 357, 358, 359, 360, 361, 362, 363, 364, 365, 366, 367, 368, 369, 370, 371, 372, 373, 374, 375, 376, 377, 378, 379, 380, 381, 382, 383, 384, 385, 386, 387, 388, 389, 390, 391, 392, 393, 394, 395, 396, 397, 794, 795, 796, 797, 798, 799, 800, 801, 802, 803, 804, 805, 806, 807, 808, 809, 810, 811, 812, 813, 814, 815, 816, 817, 818, 819, 820, 821, 822, 823, 824, 825, 826, 827, 828, 829, 830, 831, 832, 833, 834, 835, 836, 837, 838, 839, 840, 841, 842, 843, 844, 845, 846, 847]","[393, 843]","[151, 160, 184, 207, 393, 622, 632, 655, 677, 843]","[89, 108, 172, 217, 221, 239, 264, 280, 321, 342, 343, 344, 345, 346, 349, 351, 352, 355, 357, 359, 364, 368, 371, 372, 373, 374, 376, 377, 387, 392, 393, 403, 409, 411, 414, 424, 430, 449, 454, 470, 480, 560, 584, 643, 685, 703, 724, 739, 779, 798, 799, 800, 801, 804, 806, 807, 810, 812, 814, 816, 821, 822, 823, 824, 826, 827, 837, 842, 843, 852, 859, 862, 865, 869, 876, 882, 897, 901, 917, 932]","[2, 9, 10, 82, 111, 112, 113, 199, 279, 284, 285, 300, 301, 393, 476, 488, 494, 495, 553, 581, 582, 583, 670, 738, 743, 744, 759, 818, 843, 924, 925]","[2, 9, 10, 82, 111, 112, 113, 199, 279, 284, 285, 300, 488, 494, 495, 553, 581, 582, 583, 670, 738, 743, 744, 759, 818]",6/6 successful match,True,"[351, 352]",True,680,False,,1.0,True,I-15 TA Mill Exit City 122 # 181 ( Valero ) 24 HORS,Valero
Lovelock ( 89419 ) Golden Gate,775-273-7700 I-80 Exit 106,24 SO,Lovelock,89419,Golden Gate,775-273-7700,2015,Lovelock,NV,,,I-80 Exit 106,Exit,106,False,,False,I-80,,,,,"[804, 349]","[349, 804]","[349, 804]","[134, 156, 268, 349, 605, 628, 727, 804]","[338, 339, 340, 341, 342, 343, 344, 345, 346, 347, 348, 349, 350, 351, 352, 353, 354, 355, 356, 357, 358, 359, 360, 361, 362, 363, 364, 365, 366, 367, 368, 369, 370, 371, 372, 373, 374, 375, 376, 377, 378, 379, 380, 381, 382, 383, 384, 385, 386, 387, 388, 389, 390, 391, 392, 393, 394, 395, 396, 397, 794, 795, 796, 797, 798, 799, 800, 801, 802, 803, 804, 805, 806, 807, 808, 809, 810, 811, 812, 813, 814, 815, 816, 817, 818, 819, 820, 821, 822, 823, 824, 825, 826, 827, 828, 829, 830, 831, 832, 833, 834, 835, 836, 837, 838, 839, 840, 841, 842, 843, 844, 845, 846, 847]","[89, 108, 172, 217, 221, 239, 264, 280, 321, 342, 343, 344, 345, 346, 349, 351, 352, 355, 357, 359, 364, 368, 371, 372, 373, 374, 376, 377, 387, 392, 393, 403, 409, 411, 414, 424, 430, 449, 454, 470, 480, 560, 584, 643, 685, 703, 724, 739, 779, 798, 799, 800, 801, 804, 806, 807, 810, 812, 814, 816, 821, 822, 823, 824, 826, 827, 837, 842, 843, 852, 859, 862, 865, 869, 876, 882, 897, 901, 917, 932]",[],"[174, 175, 176, 177, 178, 347, 348, 349, 350, 351, 352, 423, 645, 646, 647, 648, 649, 802, 803, 804, 805, 806, 807, 875]","[875, 876, 560, 584, 321, 89, 605, 108, 628, 643, 645, 134, 646, 647, 648, 649, 156, 172, 685, 174, 882, 175, 176, 177, 178, 703, 852, 724, 727, 217, 221, 859, 739, 239, 862, 865, 264, 779, 268, 869, 280, 794, 795, 796, 797, 798, 799, 800, 801, 802, 803, 804, 805, 806, 807, 808, 809, 810, 811, 812, 813, 814, 815, 816, 817, 818, 819, 820, 821, 822, 823, 824, 825, 826, 827, 828, 829, 830, 831, 832, 833, 834, 835, 836, 837, 838, 839, 840, 841, 842, 843, 844, 845, 846, 847, 338, 339, 340, 341, 342, 343, 344, 345, 346, 347, 348, 349, 350, 351, 352, 353, 354, 355, 356, 357, 358, 359, 360, 361, 362, 363, 364, 365, 366, 367, 368, 369, 370, 371, 372, 373, 374, 375, 376, 377, 378, 379, 380, 381, 382, 383, 384, 385, 386, 387, 388, 389, 390, 391, 392, 393, 394, 395, 396, 397, 901, 403, 917, 409, 411, 414, 897, 932, 423, 424, 430, 449, 454, 470, 480]",True,"[349, 804]","[338, 339, 340, 341, 342, 343, 344, 345, 346, 347, 348, 349, 350, 351, 352, 353, 354, 355, 356, 357, 358, 359, 360, 361, 362, 363, 364, 365, 366, 367, 368, 369, 370, 371, 372, 373, 374, 375, 376, 377, 378, 379, 380, 381, 382, 383, 384, 385, 386, 387, 388, 389, 390, 391, 392, 393, 394, 395, 396, 397, 794, 795, 796, 797, 798, 799, 800, 801, 802, 803, 804, 805, 806, 807, 808, 809, 810, 811, 812, 813, 814, 815, 816, 817, 818, 819, 820, 821, 822, 823, 824, 825, 826, 827, 828, 829, 830, 831, 832, 833, 834, 835, 836, 837, 838, 839, 840, 841, 842, 843, 844, 845, 846, 847]","[349, 804]","[134, 156, 268, 349, 605, 628, 727, 804]","[89, 108, 172, 217, 221, 239, 264, 280, 321, 342, 343, 344, 345, 346, 349, 351, 352, 355, 357, 359, 364, 368, 371, 372, 373, 374, 376, 377, 387, 392, 393, 403, 409, 411, 414, 424, 430, 449, 454, 470, 480, 560, 584, 643, 685, 703, 724, 739, 779, 798, 799, 800, 801, 804, 806, 807, 810, 812, 814, 816, 821, 822, 823, 824, 826, 827, 837, 842, 843, 852, 859, 862, 865, 869, 876, 882, 897, 901, 917, 932]","[174, 175, 176, 177, 178, 347, 348, 349, 350, 351, 352, 423, 645, 646, 647, 648, 649, 802, 803, 804, 805, 806, 807, 875]",[],7/6 successful match,True,"[215, 216]",True,681,False,,,,,
Lovelock ( 89419 ) Golden Gate ( Conoco ),775-273-7700 I-80 Exit 106,24 SO D,Lovelock,89419,Golden Gate ( Conoco ),775-273-7700,2016,Lovelock,NV,Conoco,,I-80 Exit 106,Exit,106,False,,False,I-80,,,,,"[804, 349]","[349, 804]","[349, 804]","[134, 156, 268, 349, 605, 628, 727, 804]","[338, 339, 340, 341, 342, 343, 344, 345, 346, 347, 348, 349, 350, 351, 352, 353, 354, 355, 356, 357, 358, 359, 360, 361, 362, 363, 364, 365, 366, 367, 368, 369, 370, 371, 372, 373, 374, 375, 376, 377, 378, 379, 380, 381, 382, 383, 384, 385, 386, 387, 388, 389, 390, 391, 392, 393, 394, 395, 396, 397, 794, 795, 796, 797, 798, 799, 800, 801, 802, 803, 804, 805, 806, 807, 808, 809, 810, 811, 812, 813, 814, 815, 816, 817, 818, 819, 820, 821, 822, 823, 824, 825, 826, 827, 828, 829, 830, 831, 832, 833, 834, 835, 836, 837, 838, 839, 840, 841, 842, 843, 844, 845, 846, 847]","[89, 108, 172, 217, 221, 239, 264, 280, 321, 342, 343, 344, 345, 346, 349, 351, 352, 355, 357, 359, 364, 368, 371, 372, 373, 374, 376, 377, 387, 392, 393, 403, 409, 411, 414, 424, 430, 449, 454, 470, 480, 560, 584, 643, 685, 703, 724, 739, 779, 798, 799, 800, 801, 804, 806, 807, 810, 812, 814, 816, 821, 822, 823, 824, 826, 827, 837, 842, 843, 852, 859, 862, 865, 869, 876, 882, 897, 901, 917, 932]","[3, 27, 349, 406, 451, 489, 510, 804, 855, 898]","[3, 27, 174, 175, 176, 177, 178, 347, 348, 349, 350, 351, 352, 406, 423, 451, 489, 510, 645, 646, 647, 648, 649, 802, 803, 804, 805, 806, 807, 855, 875, 898]","[875, 3, 876, 27, 560, 584, 321, 89, 605, 108, 628, 643, 645, 134, 646, 647, 648, 649, 156, 172, 685, 174, 882, 175, 176, 177, 178, 703, 852, 855, 724, 727, 217, 221, 859, 739, 239, 862, 865, 264, 779, 268, 869, 280, 794, 795, 796, 797, 798, 799, 800, 801, 802, 803, 804, 805, 806, 807, 808, 809, 810, 811, 812, 813, 814, 815, 816, 817, 818, 819, 820, 821, 822, 823, 824, 825, 826, 827, 828, 829, 830, 831, 832, 833, 834, 835, 836, 837, 838, 839, 840, 841, 842, 843, 844, 845, 846, 847, 338, 339, 340, 341, 342, 343, 344, 345, 346, 347, 348, 349, 350, 351, 352, 353, 354, 355, 356, 357, 358, 359, 360, 361, 362, 363, 364, 365, 366, 367, 368, 369, 370, 371, 372, 373, 374, 375, 376, 377, 378, 379, 380, 381, 382, 383, 384, 385, 386, 387, 388, 389, 390, 391, 392, 393, 394, 395, 396, 397, 901, 403, 917, 406, 409, 411, 414, 897, 932, 898, 424, 423, 430, 449, 451, 454, 470, 480, 489, 510]",True,"[349, 804]","[338, 339, 340, 341, 342, 343, 344, 345, 346, 347, 348, 349, 350, 351, 352, 353, 354, 355, 356, 357, 358, 359, 360, 361, 362, 363, 364, 365, 366, 367, 368, 369, 370, 371, 372, 373, 374, 375, 376, 377, 378, 379, 380, 381, 382, 383, 384, 385, 386, 387, 388, 389, 390, 391, 392, 393, 394, 395, 396, 397, 794, 795, 796, 797, 798, 799, 800, 801, 802, 803, 804, 805, 806, 807, 808, 809, 810, 811, 812, 813, 814, 815, 816, 817, 818, 819, 820, 821, 822, 823, 824, 825, 826, 827, 828, 829, 830, 831, 832, 833, 834, 835, 836, 837, 838, 839, 840, 841, 842, 843, 844, 845, 846, 847]","[349, 804]","[134, 156, 268, 349, 605, 628, 727, 804]","[89, 108, 172, 217, 221, 239, 264, 280, 321, 342, 343, 344, 345, 346, 349, 351, 352, 355, 357, 359, 364, 368, 371, 372, 373, 374, 376, 377, 387, 392, 393, 403, 409, 411, 414, 424, 430, 449, 454, 470, 480, 560, 584, 643, 685, 703, 724, 739, 779, 798, 799, 800, 801, 804, 806, 807, 810, 812, 814, 816, 821, 822, 823, 824, 826, 827, 837, 842, 843, 852, 859, 862, 865, 869, 876, 882, 897, 901, 917, 932]","[3, 27, 174, 175, 176, 177, 178, 347, 348, 349, 350, 351, 352, 406, 423, 451, 489, 510, 645, 646, 647, 648, 649, 802, 803, 804, 805, 806, 807, 855, 875, 898]","[3, 27, 349, 406, 451, 489, 510, 804, 855, 898]",7/6 successful match,True,"[215, 216]",True,681,False,,0.9666666666666667,True,Golden Gate,
Lovelock ( 89419 ) Golden Gate,775-273-7800 I-80 Exit 106,24 S,Lovelock,89419,Golden Gate,775-273-7800,2014,Lovelock,NV,,,I-80 Exit 106,Exit,106,False,,False,I-80,,,,,[],"[349, 804]","[349, 804]","[134, 156, 268, 349, 605, 628, 727, 804]","[338, 339, 340, 341, 342, 343, 344, 345, 346, 347, 348, 349, 350, 351, 352, 353, 354, 355, 356, 357, 358, 359, 360, 361, 362, 363, 364, 365, 366, 367, 368, 369, 370, 371, 372, 373, 374, 375, 376, 377, 378, 379, 380, 381, 382, 383, 384, 385, 386, 387, 388, 389, 390, 391, 392, 393, 394, 395, 396, 397, 794, 795, 796, 797, 798, 799, 800, 801, 802, 803, 804, 805, 806, 807, 808, 809, 810, 811, 812, 813, 814, 815, 816, 817, 818, 819, 820, 821, 822, 823, 824, 825, 826, 827, 828, 829, 830, 831, 832, 833, 834, 835, 836, 837, 838, 839, 840, 841, 842, 843, 844, 845, 846, 847]","[89, 108, 172, 217, 221, 239, 264, 280, 321, 342, 343, 344, 345, 346, 349, 351, 352, 355, 357, 359, 364, 368, 371, 372, 373, 374, 376, 377, 387, 392, 393, 403, 409, 411, 414, 424, 430, 449, 454, 470, 480, 560, 584, 643, 685, 703, 724, 739, 779, 798, 799, 800, 801, 804, 806, 807, 810, 812, 814, 816, 821, 822, 823, 824, 826, 827, 837, 842, 843, 852, 859, 862, 865, 869, 876, 882, 897, 901, 917, 932]",[],"[174, 175, 176, 177, 178, 347, 348, 349, 350, 351, 352, 423, 645, 646, 647, 648, 649, 802, 803, 804, 805, 806, 807, 875]","[875, 876, 560, 584, 321, 89, 605, 108, 628, 643, 645, 134, 646, 647, 648, 649, 156, 172, 685, 174, 882, 175, 176, 177, 178, 703, 852, 724, 727, 217, 221, 859, 739, 239, 862, 865, 264, 779, 268, 869, 280, 794, 795, 796, 797, 798, 799, 800, 801, 802, 803, 804, 805, 806, 807, 808, 809, 810, 811, 812, 813, 814, 815, 816, 817, 818, 819, 820, 821, 822, 823, 824, 825, 826, 827, 828, 829, 830, 831, 832, 833, 834, 835, 836, 837, 838, 839, 840, 841, 842, 843, 844, 845, 846, 847, 338, 339, 340, 341, 342, 343, 344, 345, 346, 347, 348, 349, 350, 351, 352, 353, 354, 355, 356, 357, 358, 359, 360, 361, 362, 363, 364, 365, 366, 367, 368, 369, 370, 371, 372, 373, 374, 375, 376, 377, 378, 379, 380, 381, 382, 383, 384, 385, 386, 387, 388, 389, 390, 391, 392, 393, 394, 395, 396, 397, 901, 403, 917, 409, 411, 414, 897, 932, 423, 424, 430, 449, 454, 470, 480]",False,"[349, 804]","[338, 339, 340, 341, 342, 343, 344, 345, 346, 347, 348, 349, 350, 351, 352, 353, 354, 355, 356, 357, 358, 359, 360, 361, 362, 363, 364, 365, 366, 367, 368, 369, 370, 371, 372, 373, 374, 375, 376, 377, 378, 379, 380, 381, 382, 383, 384, 385, 386, 387, 388, 389, 390, 391, 392, 393, 394, 395, 396, 397, 794, 795, 796, 797, 798, 799, 800, 801, 802, 803, 804, 805, 806, 807, 808, 809, 810, 811, 812, 813, 814, 815, 816, 817, 818, 819, 820, 821, 822, 823, 824, 825, 826, 827, 828, 829, 830, 831, 832, 833, 834, 835, 836, 837, 838, 839, 840, 841, 842, 843, 844, 845, 846, 847]","[349, 804]","[134, 156, 268, 349, 605, 628, 727, 804]","[89, 108, 172, 217, 221, 239, 264, 280, 321, 342, 343, 344, 345, 346, 349, 351, 352, 355, 357, 359, 364, 368, 371, 372, 373, 374, 376, 377, 387, 392, 393, 403, 409, 411, 414, 424, 430, 449, 454, 470, 480, 560, 584, 643, 685, 703, 724, 739, 779, 798, 799, 800, 801, 804, 806, 807, 810, 812, 814, 816, 821, 822, 823, 824, 826, 827, 837, 842, 843, 852, 859, 862, 865, 869, 876, 882, 897, 901, 917, 932]","[174, 175, 176, 177, 178, 347, 348, 349, 350, 351, 352, 423, 645, 646, 647, 648, 649, 802, 803, 804, 805, 806, 807, 875]",[],7/6 successful match,False,,False,682,False,,,,,
Clark Station ( 89434 ) Golden Gate Auto Truck Plaza,775-473-6800 I-80 Exit 32 ( USA Pkwy - 1.5 mi SE ),24 M,Clark Station,89434,Golden Gate Auto Truck Plaza,775-473-6800,2014,Sparks,NV,,( USA Pkwy - 1.5 mi SE ),I-80 Exit 32 ,Exit,32,False,,False,I-80,,,,,"[806, 351]","[351, 806]","[351, 371, 392, 806, 821, 842]","[351, 368, 806]","[338, 339, 340, 341, 342, 343, 344, 345, 346, 347, 348, 349, 350, 351, 352, 353, 354, 355, 356, 357, 358, 359, 360, 361, 362, 363, 364, 365, 366, 367, 368, 369, 370, 371, 372, 373, 374, 375, 376, 377, 378, 379, 380, 381, 382, 383, 384, 385, 386, 387, 388, 389, 390, 391, 392, 393, 394, 395, 396, 397, 794, 795, 796, 797, 798, 799, 800, 801, 802, 803, 804, 805, 806, 807, 808, 809, 810, 811, 812, 813, 814, 815, 816, 817, 818, 819, 820, 821, 822, 823, 824, 825, 826, 827, 828, 829, 830, 831, 832, 833, 834, 835, 836, 837, 838, 839, 840, 841, 842, 843, 844, 845, 846, 847]","[89, 108, 172, 217, 221, 239, 264, 280, 321, 342, 343, 344, 345, 346, 349, 351, 352, 355, 357, 359, 364, 368, 371, 372, 373, 374, 376, 377, 387, 392, 393, 403, 409, 411, 414, 424, 430, 449, 454, 470, 480, 560, 584, 643, 685, 703, 724, 739, 779, 798, 799, 800, 801, 804, 806, 807, 810, 812, 814, 816, 821, 822, 823, 824, 826, 827, 837, 842, 843, 852, 859, 862, 865, 869, 876, 882, 897, 901, 917, 932]",[],"[174, 175, 176, 177, 178, 347, 348, 349, 350, 351, 352, 423, 645, 646, 647, 648, 649, 802, 803, 804, 805, 806, 807, 875]","[875, 876, 560, 584, 321, 89, 108, 643, 645, 646, 647, 648, 649, 172, 685, 174, 882, 175, 176, 177, 178, 703, 852, 724, 217, 221, 859, 739, 239, 862, 865, 264, 779, 869, 280, 794, 795, 796, 797, 798, 799, 800, 801, 802, 803, 804, 805, 806, 807, 808, 809, 810, 811, 812, 813, 814, 815, 816, 817, 818, 819, 820, 821, 822, 823, 824, 825, 826, 827, 828, 829, 830, 831, 832, 833, 834, 835, 836, 837, 838, 839, 840, 841, 842, 843, 844, 845, 846, 847, 338, 339, 340, 341, 342, 343, 344, 345, 346, 347, 348, 349, 350, 351, 352, 353, 354, 355, 356, 357, 358, 359, 360, 361, 362, 363, 364, 365, 366, 367, 368, 369, 370, 371, 372, 373, 374, 375, 376, 377, 378, 379, 380, 381, 382, 383, 384, 385, 386, 387, 388, 389, 390, 391, 392, 393, 394, 395, 396, 397, 901, 403, 917, 409, 411, 414, 897, 932, 423, 424, 430, 449, 454, 470, 480]",True,"[351, 806]","[338, 339, 340, 341, 342, 343, 344, 345, 346, 347, 348, 349, 350, 351, 352, 353, 354, 355, 356, 357, 358, 359, 360, 361, 362, 363, 364, 365, 366, 367, 368, 369, 370, 371, 372, 373, 374, 375, 376, 377, 378, 379, 380, 381, 382, 383, 384, 385, 386, 387, 388, 389, 390, 391, 392, 393, 394, 395, 396, 397, 794, 795, 796, 797, 798, 799, 800, 801, 802, 803, 804, 805, 806, 807, 808, 809, 810, 811, 812, 813, 814, 815, 816, 817, 818, 819, 820, 821, 822, 823, 824, 825, 826, 827, 828, 829, 830, 831, 832, 833, 834, 835, 836, 837, 838, 839, 840, 841, 842, 843, 844, 845, 846, 847]","[351, 371, 392, 806, 821, 842]","[351, 368, 806]","[89, 108, 172, 217, 221, 239, 264, 280, 321, 342, 343, 344, 345, 346, 349, 351, 352, 355, 357, 359, 364, 368, 371, 372, 373, 374, 376, 377, 387, 392, 393, 403, 409, 411, 414, 424, 430, 449, 454, 470, 480, 560, 584, 643, 685, 703, 724, 739, 779, 798, 799, 800, 801, 804, 806, 807, 810, 812, 814, 816, 821, 822, 823, 824, 826, 827, 837, 842, 843, 852, 859, 862, 865, 869, 876, 882, 897, 901, 917, 932]","[174, 175, 176, 177, 178, 347, 348, 349, 350, 351, 352, 423, 645, 646, 647, 648, 649, 802, 803, 804, 805, 806, 807, 875]",[],7/6 successful match,True,[0],True,683,False,,,,,
D Clark Station ( 89434 ) Golden Gate Auto Truck Plaza,775-473-6800 I-80 Exit 32 ( USA Pkwy - 1.5 mi ) AMBEST,IN MOO <U+2610> <U+2610>,Clark Station,89434,Golden Gate Auto Truck Plaza,775-473-6800,2015,Sparks,NV,,( USA Pkwy - 1.5 mi ) AMBEST,I-80 Exit 32 ,Exit,32,False,,False,I-80,,,,,"[806, 351]","[351, 806]","[351, 371, 392, 806, 821, 842]","[351, 368, 806]","[338, 339, 340, 341, 342, 343, 344, 345, 346, 347, 348, 349, 350, 351, 352, 353, 354, 355, 356, 357, 358, 359, 360, 361, 362, 363, 364, 365, 366, 367, 368, 369, 370, 371, 372, 373, 374, 375, 376, 377, 378, 379, 380, 381, 382, 383, 384, 385, 386, 387, 388, 389, 390, 391, 392, 393, 394, 395, 396, 397, 794, 795, 796, 797, 798, 799, 800, 801, 802, 803, 804, 805, 806, 807, 808, 809, 810, 811, 812, 813, 814, 815, 816, 817, 818, 819, 820, 821, 822, 823, 824, 825, 826, 827, 828, 829, 830, 831, 832, 833, 834, 835, 836, 837, 838, 839, 840, 841, 842, 843, 844, 845, 846, 847]","[89, 108, 172, 217, 221, 239, 264, 280, 321, 342, 343, 344, 345, 346, 349, 351, 352, 355, 357, 359, 364, 368, 371, 372, 373, 374, 376, 377, 387, 392, 393, 403, 409, 411, 414, 424, 430, 449, 454, 470, 480, 560, 584, 643, 685, 703, 724, 739, 779, 798, 799, 800, 801, 804, 806, 807, 810, 812, 814, 816, 821, 822, 823, 824, 826, 827, 837, 842, 843, 852, 859, 862, 865, 869, 876, 882, 897, 901, 917, 932]",[],"[174, 175, 176, 177, 178, 347, 348, 349, 350, 351, 352, 423, 645, 646, 647, 648, 649, 802, 803, 804, 805, 806, 807, 875]","[875, 876, 560, 584, 321, 89, 108, 643, 645, 646, 647, 648, 649, 172, 685, 174, 882, 175, 176, 177, 178, 703, 852, 724, 217, 221, 859, 739, 239, 862, 865, 264, 779, 869, 280, 794, 795, 796, 797, 798, 799, 800, 801, 802, 803, 804, 805, 806, 807, 808, 809, 810, 811, 812, 813, 814, 815, 816, 817, 818, 819, 820, 821, 822, 823, 824, 825, 826, 827, 828, 829, 830, 831, 832, 833, 834, 835, 836, 837, 838, 839, 840, 841, 842, 843, 844, 845, 846, 847, 338, 339, 340, 341, 342, 343, 344, 345, 346, 347, 348, 349, 350, 351, 352, 353, 354, 355, 356, 357, 358, 359, 360, 361, 362, 363, 364, 365, 366, 367, 368, 369, 370, 371, 372, 373, 374, 375, 376, 377, 378, 379, 380, 381, 382, 383, 384, 385, 386, 387, 388, 389, 390, 391, 392, 393, 394, 395, 396, 397, 901, 403, 917, 409, 411, 414, 897, 932, 423, 424, 430, 449, 454, 470, 480]",True,"[351, 806]","[338, 339, 340, 341, 342, 343, 344, 345, 346, 347, 348, 349, 350, 351, 352, 353, 354, 355, 356, 357, 358, 359, 360, 361, 362, 363, 364, 365, 366, 367, 368, 369, 370, 371, 372, 373, 374, 375, 376, 377, 378, 379, 380, 381, 382, 383, 384, 385, 386, 387, 388, 389, 390, 391, 392, 393, 394, 395, 396, 397, 794, 795, 796, 797, 798, 799, 800, 801, 802, 803, 804, 805, 806, 807, 808, 809, 810, 811, 812, 813, 814, 815, 816, 817, 818, 819, 820, 821, 822, 823, 824, 825, 826, 827, 828, 829, 830, 831, 832, 833, 834, 835, 836, 837, 838, 839, 840, 841, 842, 843, 844, 845, 846, 847]","[351, 371, 392, 806, 821, 842]","[351, 368, 806]","[89, 108, 172, 217, 221, 239, 264, 280, 321, 342, 343, 344, 345, 346, 349, 351, 352, 355, 357, 359, 364, 368, 371, 372, 373, 374, 376, 377, 387, 392, 393, 403, 409, 411, 414, 424, 430, 449, 454, 470, 480, 560, 584, 643, 685, 703, 724, 739, 779, 798, 799, 800, 801, 804, 806, 807, 810, 812, 814, 816, 821, 822, 823, 824, 826, 827, 837, 842, 843, 852, 859, 862, 865, 869, 876, 882, 897, 901, 917, 932]","[174, 175, 176, 177, 178, 347, 348, 349, 350, 351, 352, 423, 645, 646, 647, 648, 649, 802, 803, 804, 805, 806, 807, 875]",[],7/6 successful match,True,[0],True,683,False,,1.0,True,Golden Gate Auto Truck Plaza,
D Clark Station ( 89434 ) Golden Gate Auto Truck Plaza,775-473-6800 I-80 Exit 32 ( USA Pkwy - 1.5 mi,DRS 24 MO <U+25A1>,Clark Station,89434,Golden Gate Auto Truck Plaza,775-473-6800,2016,Sparks,NV,,( USA Pkwy - 1.5 mi,I-80 Exit 32 ,Exit,32,False,,False,I-80,,,,,"[806, 351]","[351, 806]","[351, 371, 392, 806, 821, 842]","[351, 368, 806]","[338, 339, 340, 341, 342, 343, 344, 345, 346, 347, 348, 349, 350, 351, 352, 353, 354, 355, 356, 357, 358, 359, 360, 361, 362, 363, 364, 365, 366, 367, 368, 369, 370, 371, 372, 373, 374, 375, 376, 377, 378, 379, 380, 381, 382, 383, 384, 385, 386, 387, 388, 389, 390, 391, 392, 393, 394, 395, 396, 397, 794, 795, 796, 797, 798, 799, 800, 801, 802, 803, 804, 805, 806, 807, 808, 809, 810, 811, 812, 813, 814, 815, 816, 817, 818, 819, 820, 821, 822, 823, 824, 825, 826, 827, 828, 829, 830, 831, 832, 833, 834, 835, 836, 837, 838, 839, 840, 841, 842, 843, 844, 845, 846, 847]","[89, 108, 172, 217, 221, 239, 264, 280, 321, 342, 343, 344, 345, 346, 349, 351, 352, 355, 357, 359, 364, 368, 371, 372, 373, 374, 376, 377, 387, 392, 393, 403, 409, 411, 414, 424, 430, 449, 454, 470, 480, 560, 584, 643, 685, 703, 724, 739, 779, 798, 799, 800, 801, 804, 806, 807, 810, 812, 814, 816, 821, 822, 823, 824, 826, 827, 837, 842, 843, 852, 859, 862, 865, 869, 876, 882, 897, 901, 917, 932]",[],"[174, 175, 176, 177, 178, 347, 348, 349, 350, 351, 352, 423, 645, 646, 647, 648, 649, 802, 803, 804, 805, 806, 807, 875]","[875, 876, 560, 584, 321, 89, 108, 643, 645, 646, 647, 648, 649, 172, 685, 174, 882, 175, 176, 177, 178, 703, 852, 724, 217, 221, 859, 739, 239, 862, 865, 264, 779, 869, 280, 794, 795, 796, 797, 798, 799, 800, 801, 802, 803, 804, 805, 806, 807, 808, 809, 810, 811, 812, 813, 814, 815, 816, 817, 818, 819, 820, 821, 822, 823, 824, 825, 826, 827, 828, 829, 830, 831, 832, 833, 834, 835, 836, 837, 838, 839, 840, 841, 842, 843, 844, 845, 846, 847, 338, 339, 340, 341, 342, 343, 344, 345, 346, 347, 348, 349, 350, 351, 352, 353, 354, 355, 356, 357, 358, 359, 360, 361, 362, 363, 364, 365, 366, 367, 368, 369, 370, 371, 372, 373, 374, 375, 376, 377, 378, 379, 380, 381, 382, 383, 384, 385, 386, 387, 388, 389, 390, 391, 392, 393, 394, 395, 396, 397, 901, 403, 917, 409, 411, 414, 897, 932, 423, 424, 430, 449, 454, 470, 480]",True,"[351, 806]","[338, 339, 340, 341, 342, 343, 344, 345, 346, 347, 348, 349, 350, 351, 352, 353, 354, 355, 356, 357, 358, 359, 360, 361, 362, 363, 364, 365, 366, 367, 368, 369, 370, 371, 372, 373, 374, 375, 376, 377, 378, 379, 380, 381, 382, 383, 384, 385, 386, 387, 388, 389, 390, 391, 392, 393, 394, 395, 396, 397, 794, 795, 796, 797, 798, 799, 800, 801, 802, 803, 804, 805, 806, 807, 808, 809, 810, 811, 812, 813, 814, 815, 816, 817, 818, 819, 820, 821, 822, 823, 824, 825, 826, 827, 828, 829, 830, 831, 832, 833, 834, 835, 836, 837, 838, 839, 840, 841, 842, 843, 844, 845, 846, 847]","[351, 371, 392, 806, 821, 842]","[351, 368, 806]","[89, 108, 172, 217, 221, 239, 264, 280, 321, 342, 343, 344, 345, 346, 349, 351, 352, 355, 357, 359, 364, 368, 371, 372, 373, 374, 376, 377, 387, 392, 393, 403, 409, 411, 414, 424, 430, 449, 454, 470, 480, 560, 584, 643, 685, 703, 724, 739, 779, 798, 799, 800, 801, 804, 806, 807, 810, 812, 814, 816, 821, 822, 823, 824, 826, 827, 837, 842, 843, 852, 859, 862, 865, 869, 876, 882, 897, 901, 917, 932]","[174, 175, 176, 177, 178, 347, 348, 349, 350, 351, 352, 423, 645, 646, 647, 648, 649, 802, 803, 804, 805, 806, 807, 875]",[],7/6 successful match,True,[0],True,683,False,,1.0,True,Golden Gate Auto Truck Plaza,
"Verdi , 89439 Boomtown Casino / Truck Stop",775-345-8672 I-80 Exit 4 ( Boomtown - Garson Rd ),L O,Verdi,89439,Boomtown Casino / Truck Stop,775-345-8672,2006,Verdi,NV,,( Boomtown - Garson Rd ),I-80 Exit 4 ,Exit,4,False,,False,I-80,,,,,[],[],[],"[327, 461, 470, 785, 908, 917]","[338, 339, 340, 341, 342, 343, 344, 345, 346, 347, 348, 349, 350, 351, 352, 353, 354, 355, 356, 357, 358, 359, 360, 361, 362, 363, 364, 365, 366, 367, 368, 369, 370, 371, 372, 373, 374, 375, 376, 377, 378, 379, 380, 381, 382, 383, 384, 385, 386, 387, 388, 389, 390, 391, 392, 393, 394, 395, 396, 397, 794, 795, 796, 797, 798, 799, 800, 801, 802, 803, 804, 805, 806, 807, 808, 809, 810, 811, 812, 813, 814, 815, 816, 817, 818, 819, 820, 821, 822, 823, 824, 825, 826, 827, 828, 829, 830, 831, 832, 833, 834, 835, 836, 837, 838, 839, 840, 841, 842, 843, 844, 845, 846, 847]","[89, 108, 172, 217, 221, 239, 264, 280, 321, 342, 343, 344, 345, 346, 349, 351, 352, 355, 357, 359, 364, 368, 371, 372, 373, 374, 376, 377, 387, 392, 393, 403, 409, 411, 414, 424, 430, 449, 454, 470, 480, 560, 584, 643, 685, 703, 724, 739, 779, 798, 799, 800, 801, 804, 806, 807, 810, 812, 814, 816, 821, 822, 823, 824, 826, 827, 837, 842, 843, 852, 859, 862, 865, 869, 876, 882, 897, 901, 917, 932]",[],"[174, 341, 645, 797]","[876, 560, 584, 321, 89, 108, 643, 645, 172, 685, 174, 882, 703, 852, 724, 217, 221, 859, 739, 239, 862, 865, 264, 779, 785, 869, 280, 794, 795, 796, 797, 798, 799, 800, 801, 802, 803, 804, 805, 806, 807, 808, 809, 810, 811, 812, 813, 814, 815, 816, 817, 818, 819, 820, 821, 822, 823, 824, 825, 826, 827, 828, 829, 830, 831, 832, 833, 834, 835, 836, 837, 838, 327, 839, 840, 841, 842, 843, 844, 845, 846, 847, 338, 339, 340, 341, 342, 343, 344, 345, 346, 347, 348, 349, 350, 351, 352, 353, 354, 355, 356, 357, 358, 359, 360, 361, 362, 363, 364, 365, 366, 367, 368, 369, 370, 371, 372, 373, 374, 375, 376, 377, 378, 379, 380, 381, 382, 383, 384, 385, 386, 387, 388, 389, 390, 391, 392, 393, 394, 395, 908, 396, 397, 403, 917, 409, 411, 414, 897, 932, 424, 430, 901, 449, 454, 461, 470, 480]",False,[],"[338, 339, 340, 341, 342, 343, 344, 345, 346, 347, 348, 349, 350, 351, 352, 353, 354, 355, 356, 357, 358, 359, 360, 361, 362, 363, 364, 365, 366, 367, 368, 369, 370, 371, 372, 373, 374, 375, 376, 377, 378, 379, 380, 381, 382, 383, 384, 385, 386, 387, 388, 389, 390, 391, 392, 393, 394, 395, 396, 397, 794, 795, 796, 797, 798, 799, 800, 801, 802, 803, 804, 805, 806, 807, 808, 809, 810, 811, 812, 813, 814, 815, 816, 817, 818, 819, 820, 821, 822, 823, 824, 825, 826, 827, 828, 829, 830, 831, 832, 833, 834, 835, 836, 837, 838, 839, 840, 841, 842, 843, 844, 845, 846, 847]",[],"[327, 461, 470, 785, 908, 917]","[89, 108, 172, 217, 221, 239, 264, 280, 321, 342, 343, 344, 345, 346, 349, 351, 352, 355, 357, 359, 364, 368, 371, 372, 373, 374, 376, 377, 387, 392, 393, 403, 409, 411, 414, 424, 430, 449, 454, 470, 480, 560, 584, 643, 685, 703, 724, 739, 779, 798, 799, 800, 801, 804, 806, 807, 810, 812, 814, 816, 821, 822, 823, 824, 826, 827, 837, 842, 843, 852, 859, 862, 865, 869, 876, 882, 897, 901, 917, 932]","[174, 341, 645, 797]",[],2/6 successful match,False,,False,684,False,,,,,
"Verdi , 89439 Boomtown Casino / Truck Stop",775-345-8672 I-80 Exit 4 ( Boomtown - Garson Rd ),24 XL,Verdi,89439,Boomtown Casino / Truck Stop,775-345-8672,2007,Verdi,NV,,( Boomtown - Garson Rd ),I-80 Exit 4 ,Exit,4,False,,False,I-80,,,,,[],[],[],"[327, 461, 470, 785, 908, 917]","[338, 339, 340, 341, 342, 343, 344, 345, 346, 347, 348, 349, 350, 351, 352, 353, 354, 355, 356, 357, 358, 359, 360, 361, 362, 363, 364, 365, 366, 367, 368, 369, 370, 371, 372, 373, 374, 375, 376, 377, 378, 379, 380, 381, 382, 383, 384, 385, 386, 387, 388, 389, 390, 391, 392, 393, 394, 395, 396, 397, 794, 795, 796, 797, 798, 799, 800, 801, 802, 803, 804, 805, 806, 807, 808, 809, 810, 811, 812, 813, 814, 815, 816, 817, 818, 819, 820, 821, 822, 823, 824, 825, 826, 827, 828, 829, 830, 831, 832, 833, 834, 835, 836, 837, 838, 839, 840, 841, 842, 843, 844, 845, 846, 847]","[89, 108, 172, 217, 221, 239, 264, 280, 321, 342, 343, 344, 345, 346, 349, 351, 352, 355, 357, 359, 364, 368, 371, 372, 373, 374, 376, 377, 387, 392, 393, 403, 409, 411, 414, 424, 430, 449, 454, 470, 480, 560, 584, 643, 685, 703, 724, 739, 779, 798, 799, 800, 801, 804, 806, 807, 810, 812, 814, 816, 821, 822, 823, 824, 826, 827, 837, 842, 843, 852, 859, 862, 865, 869, 876, 882, 897, 901, 917, 932]",[],"[174, 341, 645, 797]","[876, 560, 584, 321, 89, 108, 643, 645, 172, 685, 174, 882, 703, 852, 724, 217, 221, 859, 739, 239, 862, 865, 264, 779, 785, 869, 280, 794, 795, 796, 797, 798, 799, 800, 801, 802, 803, 804, 805, 806, 807, 808, 809, 810, 811, 812, 813, 814, 815, 816, 817, 818, 819, 820, 821, 822, 823, 824, 825, 826, 827, 828, 829, 830, 831, 832, 833, 834, 835, 836, 837, 838, 327, 839, 840, 841, 842, 843, 844, 845, 846, 847, 338, 339, 340, 341, 342, 343, 344, 345, 346, 347, 348, 349, 350, 351, 352, 353, 354, 355, 356, 357, 358, 359, 360, 361, 362, 363, 364, 365, 366, 367, 368, 369, 370, 371, 372, 373, 374, 375, 376, 377, 378, 379, 380, 381, 382, 383, 384, 385, 386, 387, 388, 389, 390, 391, 392, 393, 394, 395, 908, 396, 397, 403, 917, 409, 411, 414, 897, 932, 424, 430, 901, 449, 454, 461, 470, 480]",False,[],"[338, 339, 340, 341, 342, 343, 344, 345, 346, 347, 348, 349, 350, 351, 352, 353, 354, 355, 356, 357, 358, 359, 360, 361, 362, 363, 364, 365, 366, 367, 368, 369, 370, 371, 372, 373, 374, 375, 376, 377, 378, 379, 380, 381, 382, 383, 384, 385, 386, 387, 388, 389, 390, 391, 392, 393, 394, 395, 396, 397, 794, 795, 796, 797, 798, 799, 800, 801, 802, 803, 804, 805, 806, 807, 808, 809, 810, 811, 812, 813, 814, 815, 816, 817, 818, 819, 820, 821, 822, 823, 824, 825, 826, 827, 828, 829, 830, 831, 832, 833, 834, 835, 836, 837, 838, 839, 840, 841, 842, 843, 844, 845, 846, 847]",[],"[327, 461, 470, 785, 908, 917]","[89, 108, 172, 217, 221, 239, 264, 280, 321, 342, 343, 344, 345, 346, 349, 351, 352, 355, 357, 359, 364, 368, 371, 372, 373, 374, 376, 377, 387, 392, 393, 403, 409, 411, 414, 424, 430, 449, 454, 470, 480, 560, 584, 643, 685, 703, 724, 739, 779, 798, 799, 800, 801, 804, 806, 807, 810, 812, 814, 816, 821, 822, 823, 824, 826, 827, 837, 842, 843, 852, 859, 862, 865, 869, 876, 882, 897, 901, 917, 932]","[174, 341, 645, 797]",[],2/6 successful match,False,,False,684,False,,1.0,True,Boomtown Casino / Truck Stop,
B Winnemucca ( 89445 ) Pilot Travel Center # 485,775-625-2800 I-80 Exit 173 ( W Interchange ),<U+2610> XL,Winnemucca,89445,Pilot Travel Center # 485,775-625-2800,2014,Winnemucca,NV,Pilot,( W Interchange ),I-80 Exit 173 ,Exit,173,False,,False,I-80,,,,,"[377, 827]","[345, 359, 377, 383, 801, 814, 827, 833]","[345, 359, 377, 801, 814, 827]","[377, 827]","[338, 339, 340, 341, 342, 343, 344, 345, 346, 347, 348, 349, 350, 351, 352, 353, 354, 355, 356, 357, 358, 359, 360, 361, 362, 363, 364, 365, 366, 367, 368, 369, 370, 371, 372, 373, 374, 375, 376, 377, 378, 379, 380, 381, 382, 383, 384, 385, 386, 387, 388, 389, 390, 391, 392, 393, 394, 395, 396, 397, 794, 795, 796, 797, 798, 799, 800, 801, 802, 803, 804, 805, 806, 807, 808, 809, 810, 811, 812, 813, 814, 815, 816, 817, 818, 819, 820, 821, 822, 823, 824, 825, 826, 827, 828, 829, 830, 831, 832, 833, 834, 835, 836, 837, 838, 839, 840, 841, 842, 843, 844, 845, 846, 847]","[89, 108, 172, 217, 221, 239, 264, 280, 321, 342, 343, 344, 345, 346, 349, 351, 352, 355, 357, 359, 364, 368, 371, 372, 373, 374, 376, 377, 387, 392, 393, 403, 409, 411, 414, 424, 430, 449, 454, 470, 480, 560, 584, 643, 685, 703, 724, 739, 779, 798, 799, 800, 801, 804, 806, 807, 810, 812, 814, 816, 821, 822, 823, 824, 826, 827, 837, 842, 843, 852, 859, 862, 865, 869, 876, 882, 897, 901, 917, 932]","[15, 16, 65, 66, 67, 68, 69, 70, 71, 72, 73, 74, 75, 76, 80, 151, 245, 246, 247, 248, 249, 250, 251, 252, 253, 254, 255, 256, 257, 258, 259, 280, 340, 373, 374, 375, 376, 377, 459, 460, 461, 462, 500, 501, 539, 540, 541, 542, 543, 544, 545, 546, 547, 548, 549, 550, 552, 622, 708, 709, 710, 711, 712, 713, 714, 715, 716, 717, 718, 719, 720, 739, 796, 823, 824, 825, 826, 827, 906, 907, 908, 909]","[15, 16, 65, 66, 67, 68, 69, 70, 71, 72, 73, 74, 75, 76, 77, 78, 80, 151, 244, 245, 246, 247, 248, 249, 250, 251, 252, 253, 254, 255, 256, 257, 258, 259, 260, 280, 340, 373, 374, 375, 376, 377, 459, 460, 461, 462, 500, 501, 539, 540, 541, 542, 543, 544, 545, 546, 547, 548, 549, 550, 552, 622, 708, 709, 710, 711, 712, 713, 714, 715, 716, 717, 718, 719, 720, 739, 796, 823, 824, 825, 826, 827, 906, 907, 908, 909]","[15, 16, 876, 539, 540, 541, 542, 543, 544, 545, 546, 547, 548, 549, 550, 552, 560, 65, 66, 67, 68, 69, 70, 71, 584, 72, 73, 74, 75, 76, 77, 78, 321, 80, 89, 108, 622, 643, 151, 172, 685, 882, 703, 852, 708, 709, 710, 711, 712, 713, 714, 715, 716, 717, 718, 719, 720, 724, 217, 221, 859, 739, 239, 862, 244, 245, 246, 247, 248, 249, 250, 251, 252, 253, 254, 255, 256, 865, 257, 258, 259, 260, 264, 779, 869, 280, 794, 795, 796, 797, 798, 799, 800, 801, 802, 803, 804, 805, 806, 807, 808, 809, 810, 811, 812, 813, 814, 815, 816, 817, 818, 819, 820, 821, 822, 823, 824, 825, 826, 827, 828, 829, 830, 831, 832, 833, 834, 835, 836, 837, 838, 839, 840, 841, 842, 843, 844, 845, 846, 847, 338, 339, 340, 341, 342, 343, 344, 345, 346, 347, 348, 349, 350, 351, 352, 353, 354, 355, 356, 357, 358, 359, 360, 361, 362, 363, 364, 365, 366, 367, 368, 369, 370, 371, 372, 373, 374, 375, 376, 377, 378, 379, 380, 381, 382, 383, 384, 385, 386, 387, 388, 389, 390, 391, 392, 393, 394, 395, 396, 397, 901, 906, 907, 908, 909, 403, 917, 409, 411, 414, 897, 932, 424, 430, 449, 454, 459, 460, 461, 462, 470, 480, 500, 501]",True,"[345, 359, 377, 383, 801, 814, 827, 833]","[338, 339, 340, 341, 342, 343, 344, 345, 346, 347, 348, 349, 350, 351, 352, 353, 354, 355, 356, 357, 358, 359, 360, 361, 362, 363, 364, 365, 366, 367, 368, 369, 370, 371, 372, 373, 374, 375, 376, 377, 378, 379, 380, 381, 382, 383, 384, 385, 386, 387, 388, 389, 390, 391, 392, 393, 394, 395, 396, 397, 794, 795, 796, 797, 798, 799, 800, 801, 802, 803, 804, 805, 806, 807, 808, 809, 810, 811, 812, 813, 814, 815, 816, 817, 818, 819, 820, 821, 822, 823, 824, 825, 826, 827, 828, 829, 830, 831, 832, 833, 834, 835, 836, 837, 838, 839, 840, 841, 842, 843, 844, 845, 846, 847]","[345, 359, 377, 801, 814, 827]","[377, 827]","[89, 108, 172, 217, 221, 239, 264, 280, 321, 342, 343, 344, 345, 346, 349, 351, 352, 355, 357, 359, 364, 368, 371, 372, 373, 374, 376, 377, 387, 392, 393, 403, 409, 411, 414, 424, 430, 449, 454, 470, 480, 560, 584, 643, 685, 703, 724, 739, 779, 798, 799, 800, 801, 804, 806, 807, 810, 812, 814, 816, 821, 822, 823, 824, 826, 827, 837, 842, 843, 852, 859, 862, 865, 869, 876, 882, 897, 901, 917, 932]","[15, 16, 65, 66, 67, 68, 69, 70, 71, 72, 73, 74, 75, 76, 77, 78, 80, 151, 244, 245, 246, 247, 248, 249, 250, 251, 252, 253, 254, 255, 256, 257, 258, 259, 260, 280, 340, 373, 374, 375, 376, 377, 459, 460, 461, 462, 500, 501, 539, 540, 541, 542, 543, 544, 545, 546, 547, 548, 549, 550, 552, 622, 708, 709, 710, 711, 712, 713, 714, 715, 716, 717, 718, 719, 720, 739, 796, 823, 824, 825, 826, 827, 906, 907, 908, 909]","[15, 16, 65, 66, 67, 68, 69, 70, 71, 72, 73, 74, 75, 76, 80, 151, 245, 246, 247, 248, 249, 250, 251, 252, 253, 254, 255, 256, 257, 258, 259, 280, 340, 373, 374, 375, 376, 377, 459, 460, 461, 462, 500, 501, 539, 540, 541, 542, 543, 544, 545, 546, 547, 548, 549, 550, 552, 622, 708, 709, 710, 711, 712, 713, 714, 715, 716, 717, 718, 719, 720, 739, 796, 823, 824, 825, 826, 827, 906, 907, 908, 909]",7/6 successful match,True,[167],True,685,False,,,,,
B Winnemucca ( 89445 ) Pilot Travel Center # 485 plot,3 775-625-2800 I-80 Exit 173 ( W Interchange ),24 XL,Winnemucca,89445,Pilot Travel Center # 485 plot,775-625-2800,2015,Winnemucca,NV,Pilot,( W Interchange ),I-80 Exit 173 ,Exit,173,False,,False,I-80,,,,,"[377, 827]","[345, 359, 377, 383, 801, 814, 827, 833]","[345, 359, 377, 801, 814, 827]","[377, 827]","[338, 339, 340, 341, 342, 343, 344, 345, 346, 347, 348, 349, 350, 351, 352, 353, 354, 355, 356, 357, 358, 359, 360, 361, 362, 363, 364, 365, 366, 367, 368, 369, 370, 371, 372, 373, 374, 375, 376, 377, 378, 379, 380, 381, 382, 383, 384, 385, 386, 387, 388, 389, 390, 391, 392, 393, 394, 395, 396, 397, 794, 795, 796, 797, 798, 799, 800, 801, 802, 803, 804, 805, 806, 807, 808, 809, 810, 811, 812, 813, 814, 815, 816, 817, 818, 819, 820, 821, 822, 823, 824, 825, 826, 827, 828, 829, 830, 831, 832, 833, 834, 835, 836, 837, 838, 839, 840, 841, 842, 843, 844, 845, 846, 847]","[89, 108, 172, 217, 221, 239, 264, 280, 321, 342, 343, 344, 345, 346, 349, 351, 352, 355, 357, 359, 364, 368, 371, 372, 373, 374, 376, 377, 387, 392, 393, 403, 409, 411, 414, 424, 430, 449, 454, 470, 480, 560, 584, 643, 685, 703, 724, 739, 779, 798, 799, 800, 801, 804, 806, 807, 810, 812, 814, 816, 821, 822, 823, 824, 826, 827, 837, 842, 843, 852, 859, 862, 865, 869, 876, 882, 897, 901, 917, 932]","[15, 16, 65, 66, 67, 68, 69, 70, 71, 72, 73, 74, 75, 76, 80, 151, 245, 246, 247, 248, 249, 250, 251, 252, 253, 254, 255, 256, 257, 258, 259, 280, 340, 373, 374, 375, 376, 377, 459, 460, 461, 462, 500, 501, 539, 540, 541, 542, 543, 544, 545, 546, 547, 548, 549, 550, 552, 622, 708, 709, 710, 711, 712, 713, 714, 715, 716, 717, 718, 719, 720, 739, 796, 823, 824, 825, 826, 827, 906, 907, 908, 909]","[15, 16, 65, 66, 67, 68, 69, 70, 71, 72, 73, 74, 75, 76, 77, 78, 80, 151, 244, 245, 246, 247, 248, 249, 250, 251, 252, 253, 254, 255, 256, 257, 258, 259, 260, 280, 340, 373, 374, 375, 376, 377, 459, 460, 461, 462, 500, 501, 539, 540, 541, 542, 543, 544, 545, 546, 547, 548, 549, 550, 552, 622, 708, 709, 710, 711, 712, 713, 714, 715, 716, 717, 718, 719, 720, 739, 796, 823, 824, 825, 826, 827, 906, 907, 908, 909]","[15, 16, 876, 539, 540, 541, 542, 543, 544, 545, 546, 547, 548, 549, 550, 552, 560, 65, 66, 67, 68, 69, 70, 71, 584, 72, 73, 74, 75, 76, 77, 78, 321, 80, 89, 108, 622, 643, 151, 172, 685, 882, 703, 852, 708, 709, 710, 711, 712, 713, 714, 715, 716, 717, 718, 719, 720, 724, 217, 221, 859, 739, 239, 862, 244, 245, 246, 247, 248, 249, 250, 251, 252, 253, 254, 255, 256, 865, 257, 258, 259, 260, 264, 779, 869, 280, 794, 795, 796, 797, 798, 799, 800, 801, 802, 803, 804, 805, 806, 807, 808, 809, 810, 811, 812, 813, 814, 815, 816, 817, 818, 819, 820, 821, 822, 823, 824, 825, 826, 827, 828, 829, 830, 831, 832, 833, 834, 835, 836, 837, 838, 839, 840, 841, 842, 843, 844, 845, 846, 847, 338, 339, 340, 341, 342, 343, 344, 345, 346, 347, 348, 349, 350, 351, 352, 353, 354, 355, 356, 357, 358, 359, 360, 361, 362, 363, 364, 365, 366, 367, 368, 369, 370, 371, 372, 373, 374, 375, 376, 377, 378, 379, 380, 381, 382, 383, 384, 385, 386, 387, 388, 389, 390, 391, 392, 393, 394, 395, 396, 397, 901, 906, 907, 908, 909, 403, 917, 409, 411, 414, 897, 932, 424, 430, 449, 454, 459, 460, 461, 462, 470, 480, 500, 501]",True,"[345, 359, 377, 383, 801, 814, 827, 833]","[338, 339, 340, 341, 342, 343, 344, 345, 346, 347, 348, 349, 350, 351, 352, 353, 354, 355, 356, 357, 358, 359, 360, 361, 362, 363, 364, 365, 366, 367, 368, 369, 370, 371, 372, 373, 374, 375, 376, 377, 378, 379, 380, 381, 382, 383, 384, 385, 386, 387, 388, 389, 390, 391, 392, 393, 394, 395, 396, 397, 794, 795, 796, 797, 798, 799, 800, 801, 802, 803, 804, 805, 806, 807, 808, 809, 810, 811, 812, 813, 814, 815, 816, 817, 818, 819, 820, 821, 822, 823, 824, 825, 826, 827, 828, 829, 830, 831, 832, 833, 834, 835, 836, 837, 838, 839, 840, 841, 842, 843, 844, 845, 846, 847]","[345, 359, 377, 801, 814, 827]","[377, 827]","[89, 108, 172, 217, 221, 239, 264, 280, 321, 342, 343, 344, 345, 346, 349, 351, 352, 355, 357, 359, 364, 368, 371, 372, 373, 374, 376, 377, 387, 392, 393, 403, 409, 411, 414, 424, 430, 449, 454, 470, 480, 560, 584, 643, 685, 703, 724, 739, 779, 798, 799, 800, 801, 804, 806, 807, 810, 812, 814, 816, 821, 822, 823, 824, 826, 827, 837, 842, 843, 852, 859, 862, 865, 869, 876, 882, 897, 901, 917, 932]","[15, 16, 65, 66, 67, 68, 69, 70, 71, 72, 73, 74, 75, 76, 77, 78, 80, 151, 244, 245, 246, 247, 248, 249, 250, 251, 252, 253, 254, 255, 256, 257, 258, 259, 260, 280, 340, 373, 374, 375, 376, 377, 459, 460, 461, 462, 500, 501, 539, 540, 541, 542, 543, 544, 545, 546, 547, 548, 549, 550, 552, 622, 708, 709, 710, 711, 712, 713, 714, 715, 716, 717, 718, 719, 720, 739, 796, 823, 824, 825, 826, 827, 906, 907, 908, 909]","[15, 16, 65, 66, 67, 68, 69, 70, 71, 72, 73, 74, 75, 76, 80, 151, 245, 246, 247, 248, 249, 250, 251, 252, 253, 254, 255, 256, 257, 258, 259, 280, 340, 373, 374, 375, 376, 377, 459, 460, 461, 462, 500, 501, 539, 540, 541, 542, 543, 544, 545, 546, 547, 548, 549, 550, 552, 622, 708, 709, 710, 711, 712, 713, 714, 715, 716, 717, 718, 719, 720, 739, 796, 823, 824, 825, 826, 827, 906, 907, 908, 909]",7/6 successful match,True,[167],True,685,False,,1.0,True,Pilot Travel Center # 485,Pilot
Winnemucca ( 89445 ) Pilot Travel Center # 485,775-625-2800 I-80 Exit 173 ( W Interchange ),Pos 24 XL 24,Winnemucca,89445,Pilot Travel Center # 485,775-625-2800,2016,Winnemucca,NV,Pilot,( W Interchange ),I-80 Exit 173 ,Exit,173,False,,False,I-80,,,,,"[377, 827]","[345, 359, 377, 383, 801, 814, 827, 833]","[345, 359, 377, 801, 814, 827]","[377, 827]","[338, 339, 340, 341, 342, 343, 344, 345, 346, 347, 348, 349, 350, 351, 352, 353, 354, 355, 356, 357, 358, 359, 360, 361, 362, 363, 364, 365, 366, 367, 368, 369, 370, 371, 372, 373, 374, 375, 376, 377, 378, 379, 380, 381, 382, 383, 384, 385, 386, 387, 388, 389, 390, 391, 392, 393, 394, 395, 396, 397, 794, 795, 796, 797, 798, 799, 800, 801, 802, 803, 804, 805, 806, 807, 808, 809, 810, 811, 812, 813, 814, 815, 816, 817, 818, 819, 820, 821, 822, 823, 824, 825, 826, 827, 828, 829, 830, 831, 832, 833, 834, 835, 836, 837, 838, 839, 840, 841, 842, 843, 844, 845, 846, 847]","[89, 108, 172, 217, 221, 239, 264, 280, 321, 342, 343, 344, 345, 346, 349, 351, 352, 355, 357, 359, 364, 368, 371, 372, 373, 374, 376, 377, 387, 392, 393, 403, 409, 411, 414, 424, 430, 449, 454, 470, 480, 560, 584, 643, 685, 703, 724, 739, 779, 798, 799, 800, 801, 804, 806, 807, 810, 812, 814, 816, 821, 822, 823, 824, 826, 827, 837, 842, 843, 852, 859, 862, 865, 869, 876, 882, 897, 901, 917, 932]","[15, 16, 65, 66, 67, 68, 69, 70, 71, 72, 73, 74, 75, 76, 80, 151, 245, 246, 247, 248, 249, 250, 251, 252, 253, 254, 255, 256, 257, 258, 259, 280, 340, 373, 374, 375, 376, 377, 459, 460, 461, 462, 500, 501, 539, 540, 541, 542, 543, 544, 545, 546, 547, 548, 549, 550, 552, 622, 708, 709, 710, 711, 712, 713, 714, 715, 716, 717, 718, 719, 720, 739, 796, 823, 824, 825, 826, 827, 906, 907, 908, 909]","[15, 16, 65, 66, 67, 68, 69, 70, 71, 72, 73, 74, 75, 76, 77, 78, 80, 151, 244, 245, 246, 247, 248, 249, 250, 251, 252, 253, 254, 255, 256, 257, 258, 259, 260, 280, 340, 373, 374, 375, 376, 377, 459, 460, 461, 462, 500, 501, 539, 540, 541, 542, 543, 544, 545, 546, 547, 548, 549, 550, 552, 622, 708, 709, 710, 711, 712, 713, 714, 715, 716, 717, 718, 719, 720, 739, 796, 823, 824, 825, 826, 827, 906, 907, 908, 909]","[15, 16, 876, 539, 540, 541, 542, 543, 544, 545, 546, 547, 548, 549, 550, 552, 560, 65, 66, 67, 68, 69, 70, 71, 584, 72, 73, 74, 75, 76, 77, 78, 321, 80, 89, 108, 622, 643, 151, 172, 685, 882, 703, 852, 708, 709, 710, 711, 712, 713, 714, 715, 716, 717, 718, 719, 720, 724, 217, 221, 859, 739, 239, 862, 244, 245, 246, 247, 248, 249, 250, 251, 252, 253, 254, 255, 256, 865, 257, 258, 259, 260, 264, 779, 869, 280, 794, 795, 796, 797, 798, 799, 800, 801, 802, 803, 804, 805, 806, 807, 808, 809, 810, 811, 812, 813, 814, 815, 816, 817, 818, 819, 820, 821, 822, 823, 824, 825, 826, 827, 828, 829, 830, 831, 832, 833, 834, 835, 836, 837, 838, 839, 840, 841, 842, 843, 844, 845, 846, 847, 338, 339, 340, 341, 342, 343, 344, 345, 346, 347, 348, 349, 350, 351, 352, 353, 354, 355, 356, 357, 358, 359, 360, 361, 362, 363, 364, 365, 366, 367, 368, 369, 370, 371, 372, 373, 374, 375, 376, 377, 378, 379, 380, 381, 382, 383, 384, 385, 386, 387, 388, 389, 390, 391, 392, 393, 394, 395, 396, 397, 901, 906, 907, 908, 909, 403, 917, 409, 411, 414, 897, 932, 424, 430, 449, 454, 459, 460, 461, 462, 470, 480, 500, 501]",True,"[345, 359, 377, 383, 801, 814, 827, 833]","[338, 339, 340, 341, 342, 343, 344, 345, 346, 347, 348, 349, 350, 351, 352, 353, 354, 355, 356, 357, 358, 359, 360, 361, 362, 363, 364, 365, 366, 367, 368, 369, 370, 371, 372, 373, 374, 375, 376, 377, 378, 379, 380, 381, 382, 383, 384, 385, 386, 387, 388, 389, 390, 391, 392, 393, 394, 395, 396, 397, 794, 795, 796, 797, 798, 799, 800, 801, 802, 803, 804, 805, 806, 807, 808, 809, 810, 811, 812, 813, 814, 815, 816, 817, 818, 819, 820, 821, 822, 823, 824, 825, 826, 827, 828, 829, 830, 831, 832, 833, 834, 835, 836, 837, 838, 839, 840, 841, 842, 843, 844, 845, 846, 847]","[345, 359, 377, 801, 814, 827]","[377, 827]","[89, 108, 172, 217, 221, 239, 264, 280, 321, 342, 343, 344, 345, 346, 349, 351, 352, 355, 357, 359, 364, 368, 371, 372, 373, 374, 376, 377, 387, 392, 393, 403, 409, 411, 414, 424, 430, 449, 454, 470, 480, 560, 584, 643, 685, 703, 724, 739, 779, 798, 799, 800, 801, 804, 806, 807, 810, 812, 814, 816, 821, 822, 823, 824, 826, 827, 837, 842, 843, 852, 859, 862, 865, 869, 876, 882, 897, 901, 917, 932]","[15, 16, 65, 66, 67, 68, 69, 70, 71, 72, 73, 74, 75, 76, 77, 78, 80, 151, 244, 245, 246, 247, 248, 249, 250, 251, 252, 253, 254, 255, 256, 257, 258, 259, 260, 280, 340, 373, 374, 375, 376, 377, 459, 460, 461, 462, 500, 501, 539, 540, 541, 542, 543, 544, 545, 546, 547, 548, 549, 550, 552, 622, 708, 709, 710, 711, 712, 713, 714, 715, 716, 717, 718, 719, 720, 739, 796, 823, 824, 825, 826, 827, 906, 907, 908, 909]","[15, 16, 65, 66, 67, 68, 69, 70, 71, 72, 73, 74, 75, 76, 80, 151, 245, 246, 247, 248, 249, 250, 251, 252, 253, 254, 255, 256, 257, 258, 259, 280, 340, 373, 374, 375, 376, 377, 459, 460, 461, 462, 500, 501, 539, 540, 541, 542, 543, 544, 545, 546, 547, 548, 549, 550, 552, 622, 708, 709, 710, 711, 712, 713, 714, 715, 716, 717, 718, 719, 720, 739, 796, 823, 824, 825, 826, 827, 906, 907, 908, 909]",7/6 successful match,True,[167],True,685,False,,1.0,True,Pilot Travel Center # 485 plot,Pilot
D Reno ( 89506 ) Golden Gate,775-971-3801 US 395 Exit 73 ( Golden Valley W ),24 <U+2610> <U+2610>,Reno,89506,Golden Gate,775-971-3801,2014,Reno,NV,,( Golden Valley W ),US 395 Exit 73 ,Exit,73,False,,False,US 395,,,,,"[805, 350]","[350, 805]","[350, 397, 805, 847]","[188, 189, 277, 350, 659, 660, 736, 805]","[338, 339, 340, 341, 342, 343, 344, 345, 346, 347, 348, 349, 350, 351, 352, 353, 354, 355, 356, 357, 358, 359, 360, 361, 362, 363, 364, 365, 366, 367, 368, 369, 370, 371, 372, 373, 374, 375, 376, 377, 378, 379, 380, 381, 382, 383, 384, 385, 386, 387, 388, 389, 390, 391, 392, 393, 394, 395, 396, 397, 794, 795, 796, 797, 798, 799, 800, 801, 802, 803, 804, 805, 806, 807, 808, 809, 810, 811, 812, 813, 814, 815, 816, 817, 818, 819, 820, 821, 822, 823, 824, 825, 826, 827, 828, 829, 830, 831, 832, 833, 834, 835, 836, 837, 838, 839, 840, 841, 842, 843, 844, 845, 846, 847]","[122, 130, 171, 179, 184, 187, 238, 248, 251, 258, 301, 350, 362, 395, 397, 593, 601, 642, 650, 655, 658, 702, 711, 714, 720, 805, 815, 845, 847]",[],"[174, 175, 176, 177, 178, 347, 348, 349, 350, 351, 352, 423, 645, 646, 647, 648, 649, 802, 803, 804, 805, 806, 807, 875]","[875, 593, 601, 122, 130, 642, 645, 646, 647, 648, 649, 650, 655, 658, 659, 660, 171, 174, 175, 176, 177, 178, 179, 184, 187, 188, 189, 702, 711, 714, 720, 736, 238, 248, 251, 258, 277, 794, 795, 796, 797, 798, 799, 800, 801, 802, 803, 804, 805, 806, 807, 808, 809, 810, 811, 812, 813, 814, 815, 816, 817, 818, 819, 820, 821, 822, 823, 824, 825, 826, 827, 828, 829, 830, 831, 832, 833, 834, 835, 836, 837, 838, 839, 840, 841, 842, 843, 844, 845, 846, 847, 338, 339, 340, 341, 342, 343, 344, 345, 346, 347, 348, 349, 350, 351, 352, 353, 354, 355, 356, 357, 358, 359, 360, 361, 362, 363, 364, 365, 366, 367, 368, 369, 370, 371, 372, 373, 374, 375, 376, 377, 378, 379, 380, 381, 382, 383, 384, 385, 386, 387, 388, 389, 390, 391, 392, 393, 394, 395, 396, 397, 423, 301]",True,"[350, 805]","[338, 339, 340, 341, 342, 343, 344, 345, 346, 347, 348, 349, 350, 351, 352, 353, 354, 355, 356, 357, 358, 359, 360, 361, 362, 363, 364, 365, 366, 367, 368, 369, 370, 371, 372, 373, 374, 375, 376, 377, 378, 379, 380, 381, 382, 383, 384, 385, 386, 387, 388, 389, 390, 391, 392, 393, 394, 395, 396, 397, 794, 795, 796, 797, 798, 799, 800, 801, 802, 803, 804, 805, 806, 807, 808, 809, 810, 811, 812, 813, 814, 815, 816, 817, 818, 819, 820, 821, 822, 823, 824, 825, 826, 827, 828, 829, 830, 831, 832, 833, 834, 835, 836, 837, 838, 839, 840, 841, 842, 843, 844, 845, 846, 847]","[350, 397, 805, 847]","[188, 189, 277, 350, 659, 660, 736, 805]","[122, 130, 171, 179, 184, 187, 238, 248, 251, 258, 301, 350, 362, 395, 397, 593, 601, 642, 650, 655, 658, 702, 711, 714, 720, 805, 815, 845, 847]","[174, 175, 176, 177, 178, 347, 348, 349, 350, 351, 352, 423, 645, 646, 647, 648, 649, 802, 803, 804, 805, 806, 807, 875]",[],7/6 successful match,True,[299],True,686,False,,,,,
D Reno ( 89506 ) Golden Gate,775-971-3801 US 395 Exit 73 ( Golden Valley W ),24 <U+2610> <U+25A1> <U+25A1>,Reno,89506,Golden Gate,775-971-3801,2015,Reno,NV,,( Golden Valley W ),US 395 Exit 73 ,Exit,73,False,,False,US 395,,,,,"[805, 350]","[350, 805]","[350, 397, 805, 847]","[188, 189, 277, 350, 659, 660, 736, 805]","[338, 339, 340, 341, 342, 343, 344, 345, 346, 347, 348, 349, 350, 351, 352, 353, 354, 355, 356, 357, 358, 359, 360, 361, 362, 363, 364, 365, 366, 367, 368, 369, 370, 371, 372, 373, 374, 375, 376, 377, 378, 379, 380, 381, 382, 383, 384, 385, 386, 387, 388, 389, 390, 391, 392, 393, 394, 395, 396, 397, 794, 795, 796, 797, 798, 799, 800, 801, 802, 803, 804, 805, 806, 807, 808, 809, 810, 811, 812, 813, 814, 815, 816, 817, 818, 819, 820, 821, 822, 823, 824, 825, 826, 827, 828, 829, 830, 831, 832, 833, 834, 835, 836, 837, 838, 839, 840, 841, 842, 843, 844, 845, 846, 847]","[122, 130, 171, 179, 184, 187, 238, 248, 251, 258, 301, 350, 362, 395, 397, 593, 601, 642, 650, 655, 658, 702, 711, 714, 720, 805, 815, 845, 847]",[],"[174, 175, 176, 177, 178, 347, 348, 349, 350, 351, 352, 423, 645, 646, 647, 648, 649, 802, 803, 804, 805, 806, 807, 875]","[875, 593, 601, 122, 130, 642, 645, 646, 647, 648, 649, 650, 655, 658, 659, 660, 171, 174, 175, 176, 177, 178, 179, 184, 187, 188, 189, 702, 711, 714, 720, 736, 238, 248, 251, 258, 277, 794, 795, 796, 797, 798, 799, 800, 801, 802, 803, 804, 805, 806, 807, 808, 809, 810, 811, 812, 813, 814, 815, 816, 817, 818, 819, 820, 821, 822, 823, 824, 825, 826, 827, 828, 829, 830, 831, 832, 833, 834, 835, 836, 837, 838, 839, 840, 841, 842, 843, 844, 845, 846, 847, 338, 339, 340, 341, 342, 343, 344, 345, 346, 347, 348, 349, 350, 351, 352, 353, 354, 355, 356, 357, 358, 359, 360, 361, 362, 363, 364, 365, 366, 367, 368, 369, 370, 371, 372, 373, 374, 375, 376, 377, 378, 379, 380, 381, 382, 383, 384, 385, 386, 387, 388, 389, 390, 391, 392, 393, 394, 395, 396, 397, 423, 301]",True,"[350, 805]","[338, 339, 340, 341, 342, 343, 344, 345, 346, 347, 348, 349, 350, 351, 352, 353, 354, 355, 356, 357, 358, 359, 360, 361, 362, 363, 364, 365, 366, 367, 368, 369, 370, 371, 372, 373, 374, 375, 376, 377, 378, 379, 380, 381, 382, 383, 384, 385, 386, 387, 388, 389, 390, 391, 392, 393, 394, 395, 396, 397, 794, 795, 796, 797, 798, 799, 800, 801, 802, 803, 804, 805, 806, 807, 808, 809, 810, 811, 812, 813, 814, 815, 816, 817, 818, 819, 820, 821, 822, 823, 824, 825, 826, 827, 828, 829, 830, 831, 832, 833, 834, 835, 836, 837, 838, 839, 840, 841, 842, 843, 844, 845, 846, 847]","[350, 397, 805, 847]","[188, 189, 277, 350, 659, 660, 736, 805]","[122, 130, 171, 179, 184, 187, 238, 248, 251, 258, 301, 350, 362, 395, 397, 593, 601, 642, 650, 655, 658, 702, 711, 714, 720, 805, 815, 845, 847]","[174, 175, 176, 177, 178, 347, 348, 349, 350, 351, 352, 423, 645, 646, 647, 648, 649, 802, 803, 804, 805, 806, 807, 875]",[],7/6 successful match,True,[299],True,686,False,,1.0,True,Golden Gate,
D Reno ( 89506 ) Golden Gate,775-971-3801 US 395 Exit 73 ( Golden Valley W ),24 <U+2610> <U+25A1>,Reno,89506,Golden Gate,775-971-3801,2016,Reno,NV,,( Golden Valley W ),US 395 Exit 73 ,Exit,73,False,,False,US 395,,,,,"[805, 350]","[350, 805]","[350, 397, 805, 847]","[188, 189, 277, 350, 659, 660, 736, 805]","[338, 339, 340, 341, 342, 343, 344, 345, 346, 347, 348, 349, 350, 351, 352, 353, 354, 355, 356, 357, 358, 359, 360, 361, 362, 363, 364, 365, 366, 367, 368, 369, 370, 371, 372, 373, 374, 375, 376, 377, 378, 379, 380, 381, 382, 383, 384, 385, 386, 387, 388, 389, 390, 391, 392, 393, 394, 395, 396, 397, 794, 795, 796, 797, 798, 799, 800, 801, 802, 803, 804, 805, 806, 807, 808, 809, 810, 811, 812, 813, 814, 815, 816, 817, 818, 819, 820, 821, 822, 823, 824, 825, 826, 827, 828, 829, 830, 831, 832, 833, 834, 835, 836, 837, 838, 839, 840, 841, 842, 843, 844, 845, 846, 847]","[122, 130, 171, 179, 184, 187, 238, 248, 251, 258, 301, 350, 362, 395, 397, 593, 601, 642, 650, 655, 658, 702, 711, 714, 720, 805, 815, 845, 847]",[],"[174, 175, 176, 177, 178, 347, 348, 349, 350, 351, 352, 423, 645, 646, 647, 648, 649, 802, 803, 804, 805, 806, 807, 875]","[875, 593, 601, 122, 130, 642, 645, 646, 647, 648, 649, 650, 655, 658, 659, 660, 171, 174, 175, 176, 177, 178, 179, 184, 187, 188, 189, 702, 711, 714, 720, 736, 238, 248, 251, 258, 277, 794, 795, 796, 797, 798, 799, 800, 801, 802, 803, 804, 805, 806, 807, 808, 809, 810, 811, 812, 813, 814, 815, 816, 817, 818, 819, 820, 821, 822, 823, 824, 825, 826, 827, 828, 829, 830, 831, 832, 833, 834, 835, 836, 837, 838, 839, 840, 841, 842, 843, 844, 845, 846, 847, 338, 339, 340, 341, 342, 343, 344, 345, 346, 347, 348, 349, 350, 351, 352, 353, 354, 355, 356, 357, 358, 359, 360, 361, 362, 363, 364, 365, 366, 367, 368, 369, 370, 371, 372, 373, 374, 375, 376, 377, 378, 379, 380, 381, 382, 383, 384, 385, 386, 387, 388, 389, 390, 391, 392, 393, 394, 395, 396, 397, 423, 301]",True,"[350, 805]","[338, 339, 340, 341, 342, 343, 344, 345, 346, 347, 348, 349, 350, 351, 352, 353, 354, 355, 356, 357, 358, 359, 360, 361, 362, 363, 364, 365, 366, 367, 368, 369, 370, 371, 372, 373, 374, 375, 376, 377, 378, 379, 380, 381, 382, 383, 384, 385, 386, 387, 388, 389, 390, 391, 392, 393, 394, 395, 396, 397, 794, 795, 796, 797, 798, 799, 800, 801, 802, 803, 804, 805, 806, 807, 808, 809, 810, 811, 812, 813, 814, 815, 816, 817, 818, 819, 820, 821, 822, 823, 824, 825, 826, 827, 828, 829, 830, 831, 832, 833, 834, 835, 836, 837, 838, 839, 840, 841, 842, 843, 844, 845, 846, 847]","[350, 397, 805, 847]","[188, 189, 277, 350, 659, 660, 736, 805]","[122, 130, 171, 179, 184, 187, 238, 248, 251, 258, 301, 350, 362, 395, 397, 593, 601, 642, 650, 655, 658, 702, 711, 714, 720, 805, 815, 845, 847]","[174, 175, 176, 177, 178, 347, 348, 349, 350, 351, 352, 423, 645, 646, 647, 648, 649, 802, 803, 804, 805, 806, 807, 875]",[],7/6 successful match,True,[299],True,686,False,,1.0,True,Golden Gate,
"Reno , 89512 Nite -N - Day",775-329-4015 2500 E 4th St,HRS,Reno,89512,Nite -N - Day,775-329-4015,2006,Reno,NV,,,2500 E 4th St,Proper,,False,,False,4th St,,,,,[],[],"[350, 397, 805, 847]",[],"[338, 339, 340, 341, 342, 343, 344, 345, 346, 347, 348, 349, 350, 351, 352, 353, 354, 355, 356, 357, 358, 359, 360, 361, 362, 363, 364, 365, 366, 367, 368, 369, 370, 371, 372, 373, 374, 375, 376, 377, 378, 379, 380, 381, 382, 383, 384, 385, 386, 387, 388, 389, 390, 391, 392, 393, 394, 395, 396, 397, 794, 795, 796, 797, 798, 799, 800, 801, 802, 803, 804, 805, 806, 807, 808, 809, 810, 811, 812, 813, 814, 815, 816, 817, 818, 819, 820, 821, 822, 823, 824, 825, 826, 827, 828, 829, 830, 831, 832, 833, 834, 835, 836, 837, 838, 839, 840, 841, 842, 843, 844, 845, 846, 847]",[],[],[],"[794, 795, 796, 797, 798, 799, 800, 801, 802, 803, 804, 805, 806, 807, 808, 809, 810, 811, 812, 813, 814, 815, 816, 817, 818, 819, 820, 821, 822, 823, 824, 825, 826, 827, 828, 829, 830, 831, 832, 833, 834, 835, 836, 837, 838, 839, 840, 841, 842, 843, 844, 845, 846, 847, 338, 339, 340, 341, 342, 343, 344, 345, 346, 347, 348, 349, 350, 351, 352, 353, 354, 355, 356, 357, 358, 359, 360, 361, 362, 363, 364, 365, 366, 367, 368, 369, 370, 371, 372, 373, 374, 375, 376, 377, 378, 379, 380, 381, 382, 383, 384, 385, 386, 387, 388, 389, 390, 391, 392, 393, 394, 395, 396, 397]",False,[],"[338, 339, 340, 341, 342, 343, 344, 345, 346, 347, 348, 349, 350, 351, 352, 353, 354, 355, 356, 357, 358, 359, 360, 361, 362, 363, 364, 365, 366, 367, 368, 369, 370, 371, 372, 373, 374, 375, 376, 377, 378, 379, 380, 381, 382, 383, 384, 385, 386, 387, 388, 389, 390, 391, 392, 393, 394, 395, 396, 397, 794, 795, 796, 797, 798, 799, 800, 801, 802, 803, 804, 805, 806, 807, 808, 809, 810, 811, 812, 813, 814, 815, 816, 817, 818, 819, 820, 821, 822, 823, 824, 825, 826, 827, 828, 829, 830, 831, 832, 833, 834, 835, 836, 837, 838, 839, 840, 841, 842, 843, 844, 845, 846, 847]","[350, 397, 805, 847]",[],[],[],[],7/6 successful match,False,,False,687,False,,,,,
"Reno , 89512 Nite -N - Day ( Shell )",775-329-4015 2500 E 4th St,,Reno,89512,Nite -N - Day ( Shell ),775-329-4015,2007,Reno,NV,Shell,,2500 E 4th St,Proper,,False,,False,4th St,,,,,[],[],"[350, 397, 805, 847]",[],"[338, 339, 340, 341, 342, 343, 344, 345, 346, 347, 348, 349, 350, 351, 352, 353, 354, 355, 356, 357, 358, 359, 360, 361, 362, 363, 364, 365, 366, 367, 368, 369, 370, 371, 372, 373, 374, 375, 376, 377, 378, 379, 380, 381, 382, 383, 384, 385, 386, 387, 388, 389, 390, 391, 392, 393, 394, 395, 396, 397, 794, 795, 796, 797, 798, 799, 800, 801, 802, 803, 804, 805, 806, 807, 808, 809, 810, 811, 812, 813, 814, 815, 816, 817, 818, 819, 820, 821, 822, 823, 824, 825, 826, 827, 828, 829, 830, 831, 832, 833, 834, 835, 836, 837, 838, 839, 840, 841, 842, 843, 844, 845, 846, 847]",[],"[1, 13, 14, 29, 54, 55, 56, 57, 58, 60, 102, 118, 125, 127, 130, 134, 146, 149, 153, 175, 182, 187, 189, 191, 197, 225, 230, 238, 264, 265, 266, 286, 302, 317, 336, 379, 388, 389, 425, 454, 458, 463, 475, 487, 498, 499, 512, 530, 531, 532, 533, 534, 536, 573, 589, 596, 598, 601, 605, 617, 620, 624, 646, 653, 658, 660, 662, 668, 689, 694, 702, 724, 725, 745, 760, 775, 793, 829, 838, 839, 877, 901, 903, 905, 910, 923]","[1, 13, 14, 29, 54, 55, 56, 57, 58, 60, 102, 118, 125, 127, 130, 134, 146, 149, 153, 175, 182, 187, 189, 191, 197, 225, 230, 238, 264, 265, 266, 286, 302, 317, 336, 354, 379, 388, 389, 425, 454, 458, 463, 475, 487, 498, 499, 512, 530, 531, 532, 533, 534, 536, 573, 589, 596, 598, 601, 605, 617, 620, 624, 646, 653, 658, 660, 662, 668, 689, 694, 702, 724, 725, 745, 760, 775, 793, 809, 829, 838, 839, 877, 901, 903, 905, 910, 923]","[512, 1, 13, 14, 530, 531, 532, 533, 534, 536, 29, 877, 54, 55, 56, 57, 58, 317, 60, 573, 589, 596, 598, 601, 605, 102, 617, 620, 624, 118, 125, 127, 130, 134, 646, 653, 146, 658, 660, 149, 662, 153, 668, 175, 689, 182, 694, 187, 189, 702, 191, 197, 724, 725, 225, 230, 745, 238, 760, 775, 264, 265, 266, 793, 794, 795, 796, 797, 798, 799, 800, 801, 802, 803, 804, 805, 806, 807, 808, 809, 810, 811, 812, 813, 814, 815, 816, 817, 818, 819, 820, 821, 822, 823, 824, 825, 826, 827, 828, 829, 830, 831, 832, 833, 834, 835, 836, 837, 838, 839, 840, 841, 842, 843, 844, 845, 846, 847, 336, 338, 339, 340, 341, 342, 343, 344, 345, 346, 347, 348, 349, 350, 351, 352, 353, 354, 355, 356, 357, 358, 359, 360, 361, 362, 363, 364, 365, 366, 367, 368, 369, 370, 371, 372, 373, 374, 375, 376, 377, 378, 379, 380, 381, 382, 383, 384, 385, 386, 387, 388, 389, 390, 391, 392, 393, 394, 395, 396, 397, 901, 903, 905, 910, 923, 286, 425, 454, 458, 463, 475, 487, 302, 498, 499]",False,[],"[338, 339, 340, 341, 342, 343, 344, 345, 346, 347, 348, 349, 350, 351, 352, 353, 354, 355, 356, 357, 358, 359, 360, 361, 362, 363, 364, 365, 366, 367, 368, 369, 370, 371, 372, 373, 374, 375, 376, 377, 378, 379, 380, 381, 382, 383, 384, 385, 386, 387, 388, 389, 390, 391, 392, 393, 394, 395, 396, 397, 794, 795, 796, 797, 798, 799, 800, 801, 802, 803, 804, 805, 806, 807, 808, 809, 810, 811, 812, 813, 814, 815, 816, 817, 818, 819, 820, 821, 822, 823, 824, 825, 826, 827, 828, 829, 830, 831, 832, 833, 834, 835, 836, 837, 838, 839, 840, 841, 842, 843, 844, 845, 846, 847]","[350, 397, 805, 847]",[],[],"[1, 13, 14, 29, 54, 55, 56, 57, 58, 60, 102, 118, 125, 127, 130, 134, 146, 149, 153, 175, 182, 187, 189, 191, 197, 225, 230, 238, 264, 265, 266, 286, 302, 317, 336, 354, 379, 388, 389, 425, 454, 458, 463, 475, 487, 498, 499, 512, 530, 531, 532, 533, 534, 536, 573, 589, 596, 598, 601, 605, 617, 620, 624, 646, 653, 658, 660, 662, 668, 689, 694, 702, 724, 725, 745, 760, 775, 793, 809, 829, 838, 839, 877, 901, 903, 905, 910, 923]","[1, 13, 14, 29, 54, 55, 56, 57, 58, 60, 102, 118, 125, 127, 130, 134, 146, 149, 153, 175, 182, 187, 189, 191, 197, 225, 230, 238, 264, 265, 266, 286, 302, 317, 336, 379, 388, 389, 425, 454, 458, 463, 475, 487, 498, 499, 512, 530, 531, 532, 533, 534, 536, 573, 589, 596, 598, 601, 605, 617, 620, 624, 646, 653, 658, 660, 662, 668, 689, 694, 702, 724, 725, 745, 760, 775, 793, 829, 838, 839, 877, 901, 903, 905, 910, 923]",5/6 successful match,False,,False,687,False,,1.0,True,Nite -N - Day,
"Reno , 89512 Nite -N- Day ( Shell )",775-329-4015 2500 E 4th St,<U+2610> <U+2610> <U+2610><U+2610>,Reno,89512,Nite -N- Day ( Shell ),775-329-4015,2008,Reno,NV,Shell,,2500 E 4th St,Proper,,False,,False,4th St,,,,,[],[],"[350, 397, 805, 847]",[],"[338, 339, 340, 341, 342, 343, 344, 345, 346, 347, 348, 349, 350, 351, 352, 353, 354, 355, 356, 357, 358, 359, 360, 361, 362, 363, 364, 365, 366, 367, 368, 369, 370, 371, 372, 373, 374, 375, 376, 377, 378, 379, 380, 381, 382, 383, 384, 385, 386, 387, 388, 389, 390, 391, 392, 393, 394, 395, 396, 397, 794, 795, 796, 797, 798, 799, 800, 801, 802, 803, 804, 805, 806, 807, 808, 809, 810, 811, 812, 813, 814, 815, 816, 817, 818, 819, 820, 821, 822, 823, 824, 825, 826, 827, 828, 829, 830, 831, 832, 833, 834, 835, 836, 837, 838, 839, 840, 841, 842, 843, 844, 845, 846, 847]",[],"[1, 13, 14, 29, 54, 55, 56, 57, 58, 60, 102, 118, 125, 127, 130, 134, 146, 149, 153, 175, 182, 187, 189, 191, 197, 225, 230, 238, 264, 265, 266, 286, 302, 317, 336, 379, 388, 389, 425, 454, 458, 463, 475, 487, 498, 499, 512, 530, 531, 532, 533, 534, 536, 573, 589, 596, 598, 601, 605, 617, 620, 624, 646, 653, 658, 660, 662, 668, 689, 694, 702, 724, 725, 745, 760, 775, 793, 829, 838, 839, 877, 901, 903, 905, 910, 923]","[1, 13, 14, 29, 54, 55, 56, 57, 58, 60, 102, 118, 125, 127, 130, 134, 146, 149, 153, 175, 182, 187, 189, 191, 197, 225, 230, 238, 264, 265, 266, 286, 302, 317, 336, 354, 379, 388, 389, 425, 454, 458, 463, 475, 487, 498, 499, 512, 530, 531, 532, 533, 534, 536, 573, 589, 596, 598, 601, 605, 617, 620, 624, 646, 653, 658, 660, 662, 668, 689, 694, 702, 724, 725, 745, 760, 775, 793, 809, 829, 838, 839, 877, 901, 903, 905, 910, 923]","[512, 1, 13, 14, 530, 531, 532, 533, 534, 536, 29, 877, 54, 55, 56, 57, 58, 317, 60, 573, 589, 596, 598, 601, 605, 102, 617, 620, 624, 118, 125, 127, 130, 134, 646, 653, 146, 658, 660, 149, 662, 153, 668, 175, 689, 182, 694, 187, 189, 702, 191, 197, 724, 725, 225, 230, 745, 238, 760, 775, 264, 265, 266, 793, 794, 795, 796, 797, 798, 799, 800, 801, 802, 803, 804, 805, 806, 807, 808, 809, 810, 811, 812, 813, 814, 815, 816, 817, 818, 819, 820, 821, 822, 823, 824, 825, 826, 827, 828, 829, 830, 831, 832, 833, 834, 835, 836, 837, 838, 839, 840, 841, 842, 843, 844, 845, 846, 847, 336, 338, 339, 340, 341, 342, 343, 344, 345, 346, 347, 348, 349, 350, 351, 352, 353, 354, 355, 356, 357, 358, 359, 360, 361, 362, 363, 364, 365, 366, 367, 368, 369, 370, 371, 372, 373, 374, 375, 376, 377, 378, 379, 380, 381, 382, 383, 384, 385, 386, 387, 388, 389, 390, 391, 392, 393, 394, 395, 396, 397, 901, 903, 905, 910, 923, 286, 425, 454, 458, 463, 475, 487, 302, 498, 499]",False,[],"[338, 339, 340, 341, 342, 343, 344, 345, 346, 347, 348, 349, 350, 351, 352, 353, 354, 355, 356, 357, 358, 359, 360, 361, 362, 363, 364, 365, 366, 367, 368, 369, 370, 371, 372, 373, 374, 375, 376, 377, 378, 379, 380, 381, 382, 383, 384, 385, 386, 387, 388, 389, 390, 391, 392, 393, 394, 395, 396, 397, 794, 795, 796, 797, 798, 799, 800, 801, 802, 803, 804, 805, 806, 807, 808, 809, 810, 811, 812, 813, 814, 815, 816, 817, 818, 819, 820, 821, 822, 823, 824, 825, 826, 827, 828, 829, 830, 831, 832, 833, 834, 835, 836, 837, 838, 839, 840, 841, 842, 843, 844, 845, 846, 847]","[350, 397, 805, 847]",[],[],"[1, 13, 14, 29, 54, 55, 56, 57, 58, 60, 102, 118, 125, 127, 130, 134, 146, 149, 153, 175, 182, 187, 189, 191, 197, 225, 230, 238, 264, 265, 266, 286, 302, 317, 336, 354, 379, 388, 389, 425, 454, 458, 463, 475, 487, 498, 499, 512, 530, 531, 532, 533, 534, 536, 573, 589, 596, 598, 601, 605, 617, 620, 624, 646, 653, 658, 660, 662, 668, 689, 694, 702, 724, 725, 745, 760, 775, 793, 809, 829, 838, 839, 877, 901, 903, 905, 910, 923]","[1, 13, 14, 29, 54, 55, 56, 57, 58, 60, 102, 118, 125, 127, 130, 134, 146, 149, 153, 175, 182, 187, 189, 191, 197, 225, 230, 238, 264, 265, 266, 286, 302, 317, 336, 379, 388, 389, 425, 454, 458, 463, 475, 487, 498, 499, 512, 530, 531, 532, 533, 534, 536, 573, 589, 596, 598, 601, 605, 617, 620, 624, 646, 653, 658, 660, 662, 668, 689, 694, 702, 724, 725, 745, 760, 775, 793, 829, 838, 839, 877, 901, 903, 905, 910, 923]",5/6 successful match,False,,False,687,False,,1.0,True,Nite -N - Day ( Shell ),Shell
D Reno ( 89512 ) Nite -N - Day ( Valero ),775-329-4015 2500 E 4th St,<U+2610> <U+2610>,Reno,89512,Nite -N - Day ( Valero ),775-329-4015,2014,Reno,NV,Valero,,2500 E 4th St,Proper,,False,,False,4th St,,,,,[],[],"[350, 397, 805, 847]",[],"[338, 339, 340, 341, 342, 343, 344, 345, 346, 347, 348, 349, 350, 351, 352, 353, 354, 355, 356, 357, 358, 359, 360, 361, 362, 363, 364, 365, 366, 367, 368, 369, 370, 371, 372, 373, 374, 375, 376, 377, 378, 379, 380, 381, 382, 383, 384, 385, 386, 387, 388, 389, 390, 391, 392, 393, 394, 395, 396, 397, 794, 795, 796, 797, 798, 799, 800, 801, 802, 803, 804, 805, 806, 807, 808, 809, 810, 811, 812, 813, 814, 815, 816, 817, 818, 819, 820, 821, 822, 823, 824, 825, 826, 827, 828, 829, 830, 831, 832, 833, 834, 835, 836, 837, 838, 839, 840, 841, 842, 843, 844, 845, 846, 847]",[],"[2, 9, 10, 82, 111, 112, 113, 199, 279, 284, 285, 300, 488, 494, 495, 553, 581, 582, 583, 670, 738, 743, 744, 759, 818]","[2, 9, 10, 82, 111, 112, 113, 199, 279, 284, 285, 300, 488, 494, 495, 553, 581, 582, 583, 670, 738, 743, 744, 759, 818]","[2, 9, 10, 553, 581, 582, 583, 82, 111, 112, 113, 670, 199, 738, 743, 744, 759, 279, 794, 795, 796, 797, 798, 799, 800, 801, 802, 803, 804, 805, 806, 807, 808, 809, 810, 811, 812, 813, 814, 815, 816, 817, 818, 819, 820, 821, 822, 823, 824, 825, 826, 827, 828, 829, 830, 831, 832, 833, 834, 835, 836, 837, 838, 839, 840, 841, 842, 843, 844, 845, 846, 847, 338, 339, 340, 341, 342, 343, 344, 345, 346, 347, 348, 349, 350, 351, 352, 353, 354, 355, 356, 357, 358, 359, 360, 361, 362, 363, 364, 365, 366, 367, 368, 369, 370, 371, 372, 373, 374, 375, 376, 377, 378, 379, 380, 381, 382, 383, 384, 385, 386, 387, 388, 389, 390, 391, 392, 393, 394, 395, 396, 397, 284, 285, 300, 488, 494, 495]",False,[],"[338, 339, 340, 341, 342, 343, 344, 345, 346, 347, 348, 349, 350, 351, 352, 353, 354, 355, 356, 357, 358, 359, 360, 361, 362, 363, 364, 365, 366, 367, 368, 369, 370, 371, 372, 373, 374, 375, 376, 377, 378, 379, 380, 381, 382, 383, 384, 385, 386, 387, 388, 389, 390, 391, 392, 393, 394, 395, 396, 397, 794, 795, 796, 797, 798, 799, 800, 801, 802, 803, 804, 805, 806, 807, 808, 809, 810, 811, 812, 813, 814, 815, 816, 817, 818, 819, 820, 821, 822, 823, 824, 825, 826, 827, 828, 829, 830, 831, 832, 833, 834, 835, 836, 837, 838, 839, 840, 841, 842, 843, 844, 845, 846, 847]","[350, 397, 805, 847]",[],[],"[2, 9, 10, 82, 111, 112, 113, 199, 279, 284, 285, 300, 488, 494, 495, 553, 581, 582, 583, 670, 738, 743, 744, 759, 818]","[2, 9, 10, 82, 111, 112, 113, 199, 279, 284, 285, 300, 488, 494, 495, 553, 581, 582, 583, 670, 738, 743, 744, 759, 818]",5/6 successful match,False,,False,687,False,,1.0,False,Nite -N- Day ( Shell ),Shell
B Wells ( 89835 ) Love's Travel Stop # 365,775-752-9915 I-80 Exit 352 ( US 93 S ),M,Wells,89835,Love's Travel Stop # 365,775-752-9915,2014,Wells,NV,Love's,( US 93 S ),I-80 Exit 352 ,Exit,352,False,,False,I-80,,,,,"[812, 357]","[344, 346, 357, 372, 800, 812, 822]","[344, 346, 357, 372, 800, 812, 822]","[344, 357, 372, 800, 812, 822]","[338, 339, 340, 341, 342, 343, 344, 345, 346, 347, 348, 349, 350, 351, 352, 353, 354, 355, 356, 357, 358, 359, 360, 361, 362, 363, 364, 365, 366, 367, 368, 369, 370, 371, 372, 373, 374, 375, 376, 377, 378, 379, 380, 381, 382, 383, 384, 385, 386, 387, 388, 389, 390, 391, 392, 393, 394, 395, 396, 397, 794, 795, 796, 797, 798, 799, 800, 801, 802, 803, 804, 805, 806, 807, 808, 809, 810, 811, 812, 813, 814, 815, 816, 817, 818, 819, 820, 821, 822, 823, 824, 825, 826, 827, 828, 829, 830, 831, 832, 833, 834, 835, 836, 837, 838, 839, 840, 841, 842, 843, 844, 845, 846, 847]","[89, 108, 172, 217, 221, 239, 264, 280, 321, 342, 343, 344, 345, 346, 349, 351, 352, 355, 357, 359, 364, 368, 371, 372, 373, 374, 376, 377, 387, 392, 393, 403, 409, 411, 414, 424, 430, 449, 454, 470, 480, 560, 584, 643, 685, 703, 724, 739, 779, 798, 799, 800, 801, 804, 806, 807, 810, 812, 814, 816, 821, 822, 823, 824, 826, 827, 837, 842, 843, 852, 859, 862, 865, 869, 876, 882, 897, 901, 917, 932]","[34, 35, 36, 37, 38, 39, 40, 41, 42, 43, 44, 45, 46, 47, 48, 201, 202, 203, 204, 205, 206, 207, 208, 209, 210, 211, 212, 213, 214, 215, 216, 355, 356, 357, 358, 359, 360, 361, 429, 430, 431, 432, 433, 434, 435, 515, 516, 517, 518, 519, 520, 521, 522, 523, 524, 525, 526, 527, 672, 673, 674, 675, 676, 677, 678, 679, 680, 681, 682, 683, 684, 810, 811, 812, 813, 814, 881, 882, 883, 884, 885, 886]","[32, 33, 34, 35, 36, 37, 38, 39, 40, 41, 42, 43, 44, 45, 46, 47, 48, 201, 202, 203, 204, 205, 206, 207, 208, 209, 210, 211, 212, 213, 214, 215, 216, 256, 355, 356, 357, 358, 359, 360, 361, 429, 430, 431, 432, 433, 434, 435, 515, 516, 517, 518, 519, 520, 521, 522, 523, 524, 525, 526, 527, 672, 673, 674, 675, 676, 677, 678, 679, 680, 681, 682, 683, 684, 718, 810, 811, 812, 813, 814, 881, 882, 883, 884, 885, 886]","[515, 516, 517, 518, 519, 520, 521, 522, 523, 524, 525, 526, 527, 876, 718, 32, 33, 34, 35, 36, 37, 38, 39, 40, 41, 42, 43, 44, 45, 46, 47, 560, 48, 584, 321, 89, 108, 643, 672, 673, 674, 675, 676, 677, 678, 679, 680, 681, 682, 683, 172, 685, 684, 882, 703, 852, 883, 201, 202, 203, 204, 205, 206, 207, 208, 209, 210, 211, 724, 212, 213, 214, 215, 217, 216, 221, 884, 859, 739, 239, 862, 885, 256, 865, 264, 779, 886, 869, 280, 794, 795, 796, 797, 798, 799, 800, 801, 802, 803, 804, 805, 806, 807, 808, 809, 810, 811, 812, 813, 814, 815, 816, 817, 818, 819, 820, 821, 822, 823, 824, 825, 826, 827, 828, 829, 830, 831, 832, 833, 834, 835, 836, 837, 838, 839, 840, 841, 842, 843, 844, 845, 846, 847, 881, 338, 339, 340, 341, 342, 343, 344, 345, 346, 347, 348, 349, 350, 351, 352, 353, 354, 355, 356, 357, 358, 359, 360, 361, 362, 363, 364, 365, 366, 367, 368, 369, 370, 371, 372, 373, 374, 375, 376, 377, 378, 379, 380, 381, 382, 383, 384, 385, 386, 387, 388, 389, 390, 391, 392, 393, 394, 395, 396, 397, 901, 403, 917, 409, 411, 414, 897, 932, 424, 429, 430, 431, 432, 433, 434, 435, 449, 454, 470, 480]",True,"[344, 346, 357, 372, 800, 812, 822]","[338, 339, 340, 341, 342, 343, 344, 345, 346, 347, 348, 349, 350, 351, 352, 353, 354, 355, 356, 357, 358, 359, 360, 361, 362, 363, 364, 365, 366, 367, 368, 369, 370, 371, 372, 373, 374, 375, 376, 377, 378, 379, 380, 381, 382, 383, 384, 385, 386, 387, 388, 389, 390, 391, 392, 393, 394, 395, 396, 397, 794, 795, 796, 797, 798, 799, 800, 801, 802, 803, 804, 805, 806, 807, 808, 809, 810, 811, 812, 813, 814, 815, 816, 817, 818, 819, 820, 821, 822, 823, 824, 825, 826, 827, 828, 829, 830, 831, 832, 833, 834, 835, 836, 837, 838, 839, 840, 841, 842, 843, 844, 845, 846, 847]","[344, 346, 357, 372, 800, 812, 822]","[344, 357, 372, 800, 812, 822]","[89, 108, 172, 217, 221, 239, 264, 280, 321, 342, 343, 344, 345, 346, 349, 351, 352, 355, 357, 359, 364, 368, 371, 372, 373, 374, 376, 377, 387, 392, 393, 403, 409, 411, 414, 424, 430, 449, 454, 470, 480, 560, 584, 643, 685, 703, 724, 739, 779, 798, 799, 800, 801, 804, 806, 807, 810, 812, 814, 816, 821, 822, 823, 824, 826, 827, 837, 842, 843, 852, 859, 862, 865, 869, 876, 882, 897, 901, 917, 932]","[32, 33, 34, 35, 36, 37, 38, 39, 40, 41, 42, 43, 44, 45, 46, 47, 48, 201, 202, 203, 204, 205, 206, 207, 208, 209, 210, 211, 212, 213, 214, 215, 216, 256, 355, 356, 357, 358, 359, 360, 361, 429, 430, 431, 432, 433, 434, 435, 515, 516, 517, 518, 519, 520, 521, 522, 523, 524, 525, 526, 527, 672, 673, 674, 675, 676, 677, 678, 679, 680, 681, 682, 683, 684, 718, 810, 811, 812, 813, 814, 881, 882, 883, 884, 885, 886]","[34, 35, 36, 37, 38, 39, 40, 41, 42, 43, 44, 45, 46, 47, 48, 201, 202, 203, 204, 205, 206, 207, 208, 209, 210, 211, 212, 213, 214, 215, 216, 355, 356, 357, 358, 359, 360, 361, 429, 430, 431, 432, 433, 434, 435, 515, 516, 517, 518, 519, 520, 521, 522, 523, 524, 525, 526, 527, 672, 673, 674, 675, 676, 677, 678, 679, 680, 681, 682, 683, 684, 810, 811, 812, 813, 814, 881, 882, 883, 884, 885, 886]",7/6 successful match,True,[744],True,688,False,,,,,
B Wells ( 89835 ) Love's Travel Stop # 365,6 775-752-9915 I-80 Exit 352 ( US 93 S ),24 <U+2610> M,Wells,89835,Love's Travel Stop # 365,775-752-9915,2015,Wells,NV,Love's,( US 93 S ),I-80 Exit 352 ,Exit,352,False,,False,I-80,,,,,"[812, 357]","[344, 346, 357, 372, 800, 812, 822]","[344, 346, 357, 372, 800, 812, 822]","[344, 357, 372, 800, 812, 822]","[338, 339, 340, 341, 342, 343, 344, 345, 346, 347, 348, 349, 350, 351, 352, 353, 354, 355, 356, 357, 358, 359, 360, 361, 362, 363, 364, 365, 366, 367, 368, 369, 370, 371, 372, 373, 374, 375, 376, 377, 378, 379, 380, 381, 382, 383, 384, 385, 386, 387, 388, 389, 390, 391, 392, 393, 394, 395, 396, 397, 794, 795, 796, 797, 798, 799, 800, 801, 802, 803, 804, 805, 806, 807, 808, 809, 810, 811, 812, 813, 814, 815, 816, 817, 818, 819, 820, 821, 822, 823, 824, 825, 826, 827, 828, 829, 830, 831, 832, 833, 834, 835, 836, 837, 838, 839, 840, 841, 842, 843, 844, 845, 846, 847]","[89, 108, 172, 217, 221, 239, 264, 280, 321, 342, 343, 344, 345, 346, 349, 351, 352, 355, 357, 359, 364, 368, 371, 372, 373, 374, 376, 377, 387, 392, 393, 403, 409, 411, 414, 424, 430, 449, 454, 470, 480, 560, 584, 643, 685, 703, 724, 739, 779, 798, 799, 800, 801, 804, 806, 807, 810, 812, 814, 816, 821, 822, 823, 824, 826, 827, 837, 842, 843, 852, 859, 862, 865, 869, 876, 882, 897, 901, 917, 932]","[34, 35, 36, 37, 38, 39, 40, 41, 42, 43, 44, 45, 46, 47, 48, 201, 202, 203, 204, 205, 206, 207, 208, 209, 210, 211, 212, 213, 214, 215, 216, 355, 356, 357, 358, 359, 360, 361, 429, 430, 431, 432, 433, 434, 435, 515, 516, 517, 518, 519, 520, 521, 522, 523, 524, 525, 526, 527, 672, 673, 674, 675, 676, 677, 678, 679, 680, 681, 682, 683, 684, 810, 811, 812, 813, 814, 881, 882, 883, 884, 885, 886]","[32, 33, 34, 35, 36, 37, 38, 39, 40, 41, 42, 43, 44, 45, 46, 47, 48, 201, 202, 203, 204, 205, 206, 207, 208, 209, 210, 211, 212, 213, 214, 215, 216, 256, 355, 356, 357, 358, 359, 360, 361, 429, 430, 431, 432, 433, 434, 435, 515, 516, 517, 518, 519, 520, 521, 522, 523, 524, 525, 526, 527, 672, 673, 674, 675, 676, 677, 678, 679, 680, 681, 682, 683, 684, 718, 810, 811, 812, 813, 814, 881, 882, 883, 884, 885, 886]","[515, 516, 517, 518, 519, 520, 521, 522, 523, 524, 525, 526, 527, 876, 718, 32, 33, 34, 35, 36, 37, 38, 39, 40, 41, 42, 43, 44, 45, 46, 47, 560, 48, 584, 321, 89, 108, 643, 672, 673, 674, 675, 676, 677, 678, 679, 680, 681, 682, 683, 172, 685, 684, 882, 703, 852, 883, 201, 202, 203, 204, 205, 206, 207, 208, 209, 210, 211, 724, 212, 213, 214, 215, 217, 216, 221, 884, 859, 739, 239, 862, 885, 256, 865, 264, 779, 886, 869, 280, 794, 795, 796, 797, 798, 799, 800, 801, 802, 803, 804, 805, 806, 807, 808, 809, 810, 811, 812, 813, 814, 815, 816, 817, 818, 819, 820, 821, 822, 823, 824, 825, 826, 827, 828, 829, 830, 831, 832, 833, 834, 835, 836, 837, 838, 839, 840, 841, 842, 843, 844, 845, 846, 847, 881, 338, 339, 340, 341, 342, 343, 344, 345, 346, 347, 348, 349, 350, 351, 352, 353, 354, 355, 356, 357, 358, 359, 360, 361, 362, 363, 364, 365, 366, 367, 368, 369, 370, 371, 372, 373, 374, 375, 376, 377, 378, 379, 380, 381, 382, 383, 384, 385, 386, 387, 388, 389, 390, 391, 392, 393, 394, 395, 396, 397, 901, 403, 917, 409, 411, 414, 897, 932, 424, 429, 430, 431, 432, 433, 434, 435, 449, 454, 470, 480]",True,"[344, 346, 357, 372, 800, 812, 822]","[338, 339, 340, 341, 342, 343, 344, 345, 346, 347, 348, 349, 350, 351, 352, 353, 354, 355, 356, 357, 358, 359, 360, 361, 362, 363, 364, 365, 366, 367, 368, 369, 370, 371, 372, 373, 374, 375, 376, 377, 378, 379, 380, 381, 382, 383, 384, 385, 386, 387, 388, 389, 390, 391, 392, 393, 394, 395, 396, 397, 794, 795, 796, 797, 798, 799, 800, 801, 802, 803, 804, 805, 806, 807, 808, 809, 810, 811, 812, 813, 814, 815, 816, 817, 818, 819, 820, 821, 822, 823, 824, 825, 826, 827, 828, 829, 830, 831, 832, 833, 834, 835, 836, 837, 838, 839, 840, 841, 842, 843, 844, 845, 846, 847]","[344, 346, 357, 372, 800, 812, 822]","[344, 357, 372, 800, 812, 822]","[89, 108, 172, 217, 221, 239, 264, 280, 321, 342, 343, 344, 345, 346, 349, 351, 352, 355, 357, 359, 364, 368, 371, 372, 373, 374, 376, 377, 387, 392, 393, 403, 409, 411, 414, 424, 430, 449, 454, 470, 480, 560, 584, 643, 685, 703, 724, 739, 779, 798, 799, 800, 801, 804, 806, 807, 810, 812, 814, 816, 821, 822, 823, 824, 826, 827, 837, 842, 843, 852, 859, 862, 865, 869, 876, 882, 897, 901, 917, 932]","[32, 33, 34, 35, 36, 37, 38, 39, 40, 41, 42, 43, 44, 45, 46, 47, 48, 201, 202, 203, 204, 205, 206, 207, 208, 209, 210, 211, 212, 213, 214, 215, 216, 256, 355, 356, 357, 358, 359, 360, 361, 429, 430, 431, 432, 433, 434, 435, 515, 516, 517, 518, 519, 520, 521, 522, 523, 524, 525, 526, 527, 672, 673, 674, 675, 676, 677, 678, 679, 680, 681, 682, 683, 684, 718, 810, 811, 812, 813, 814, 881, 882, 883, 884, 885, 886]","[34, 35, 36, 37, 38, 39, 40, 41, 42, 43, 44, 45, 46, 47, 48, 201, 202, 203, 204, 205, 206, 207, 208, 209, 210, 211, 212, 213, 214, 215, 216, 355, 356, 357, 358, 359, 360, 361, 429, 430, 431, 432, 433, 434, 435, 515, 516, 517, 518, 519, 520, 521, 522, 523, 524, 525, 526, 527, 672, 673, 674, 675, 676, 677, 678, 679, 680, 681, 682, 683, 684, 810, 811, 812, 813, 814, 881, 882, 883, 884, 885, 886]",7/6 successful match,True,[744],True,688,False,,1.0,True,Love's Travel Stop # 365,Love's
B Wells ( 89835 ) Love's Travel Stop # 365,775-752-9915 I-80 Exit 352 ( US 93 S ),24 MO 024 0,Wells,89835,Love's Travel Stop # 365,775-752-9915,2016,Wells,NV,Love's,( US 93 S ),I-80 Exit 352 ,Exit,352,False,,False,I-80,,,,,"[812, 357]","[344, 346, 357, 372, 800, 812, 822]","[344, 346, 357, 372, 800, 812, 822]","[344, 357, 372, 800, 812, 822]","[338, 339, 340, 341, 342, 343, 344, 345, 346, 347, 348, 349, 350, 351, 352, 353, 354, 355, 356, 357, 358, 359, 360, 361, 362, 363, 364, 365, 366, 367, 368, 369, 370, 371, 372, 373, 374, 375, 376, 377, 378, 379, 380, 381, 382, 383, 384, 385, 386, 387, 388, 389, 390, 391, 392, 393, 394, 395, 396, 397, 794, 795, 796, 797, 798, 799, 800, 801, 802, 803, 804, 805, 806, 807, 808, 809, 810, 811, 812, 813, 814, 815, 816, 817, 818, 819, 820, 821, 822, 823, 824, 825, 826, 827, 828, 829, 830, 831, 832, 833, 834, 835, 836, 837, 838, 839, 840, 841, 842, 843, 844, 845, 846, 847]","[89, 108, 172, 217, 221, 239, 264, 280, 321, 342, 343, 344, 345, 346, 349, 351, 352, 355, 357, 359, 364, 368, 371, 372, 373, 374, 376, 377, 387, 392, 393, 403, 409, 411, 414, 424, 430, 449, 454, 470, 480, 560, 584, 643, 685, 703, 724, 739, 779, 798, 799, 800, 801, 804, 806, 807, 810, 812, 814, 816, 821, 822, 823, 824, 826, 827, 837, 842, 843, 852, 859, 862, 865, 869, 876, 882, 897, 901, 917, 932]","[34, 35, 36, 37, 38, 39, 40, 41, 42, 43, 44, 45, 46, 47, 48, 201, 202, 203, 204, 205, 206, 207, 208, 209, 210, 211, 212, 213, 214, 215, 216, 355, 356, 357, 358, 359, 360, 361, 429, 430, 431, 432, 433, 434, 435, 515, 516, 517, 518, 519, 520, 521, 522, 523, 524, 525, 526, 527, 672, 673, 674, 675, 676, 677, 678, 679, 680, 681, 682, 683, 684, 810, 811, 812, 813, 814, 881, 882, 883, 884, 885, 886]","[32, 33, 34, 35, 36, 37, 38, 39, 40, 41, 42, 43, 44, 45, 46, 47, 48, 201, 202, 203, 204, 205, 206, 207, 208, 209, 210, 211, 212, 213, 214, 215, 216, 256, 355, 356, 357, 358, 359, 360, 361, 429, 430, 431, 432, 433, 434, 435, 515, 516, 517, 518, 519, 520, 521, 522, 523, 524, 525, 526, 527, 672, 673, 674, 675, 676, 677, 678, 679, 680, 681, 682, 683, 684, 718, 810, 811, 812, 813, 814, 881, 882, 883, 884, 885, 886]","[515, 516, 517, 518, 519, 520, 521, 522, 523, 524, 525, 526, 527, 876, 718, 32, 33, 34, 35, 36, 37, 38, 39, 40, 41, 42, 43, 44, 45, 46, 47, 560, 48, 584, 321, 89, 108, 643, 672, 673, 674, 675, 676, 677, 678, 679, 680, 681, 682, 683, 172, 685, 684, 882, 703, 852, 883, 201, 202, 203, 204, 205, 206, 207, 208, 209, 210, 211, 724, 212, 213, 214, 215, 217, 216, 221, 884, 859, 739, 239, 862, 885, 256, 865, 264, 779, 886, 869, 280, 794, 795, 796, 797, 798, 799, 800, 801, 802, 803, 804, 805, 806, 807, 808, 809, 810, 811, 812, 813, 814, 815, 816, 817, 818, 819, 820, 821, 822, 823, 824, 825, 826, 827, 828, 829, 830, 831, 832, 833, 834, 835, 836, 837, 838, 839, 840, 841, 842, 843, 844, 845, 846, 847, 881, 338, 339, 340, 341, 342, 343, 344, 345, 346, 347, 348, 349, 350, 351, 352, 353, 354, 355, 356, 357, 358, 359, 360, 361, 362, 363, 364, 365, 366, 367, 368, 369, 370, 371, 372, 373, 374, 375, 376, 377, 378, 379, 380, 381, 382, 383, 384, 385, 386, 387, 388, 389, 390, 391, 392, 393, 394, 395, 396, 397, 901, 403, 917, 409, 411, 414, 897, 932, 424, 429, 430, 431, 432, 433, 434, 435, 449, 454, 470, 480]",True,"[344, 346, 357, 372, 800, 812, 822]","[338, 339, 340, 341, 342, 343, 344, 345, 346, 347, 348, 349, 350, 351, 352, 353, 354, 355, 356, 357, 358, 359, 360, 361, 362, 363, 364, 365, 366, 367, 368, 369, 370, 371, 372, 373, 374, 375, 376, 377, 378, 379, 380, 381, 382, 383, 384, 385, 386, 387, 388, 389, 390, 391, 392, 393, 394, 395, 396, 397, 794, 795, 796, 797, 798, 799, 800, 801, 802, 803, 804, 805, 806, 807, 808, 809, 810, 811, 812, 813, 814, 815, 816, 817, 818, 819, 820, 821, 822, 823, 824, 825, 826, 827, 828, 829, 830, 831, 832, 833, 834, 835, 836, 837, 838, 839, 840, 841, 842, 843, 844, 845, 846, 847]","[344, 346, 357, 372, 800, 812, 822]","[344, 357, 372, 800, 812, 822]","[89, 108, 172, 217, 221, 239, 264, 280, 321, 342, 343, 344, 345, 346, 349, 351, 352, 355, 357, 359, 364, 368, 371, 372, 373, 374, 376, 377, 387, 392, 393, 403, 409, 411, 414, 424, 430, 449, 454, 470, 480, 560, 584, 643, 685, 703, 724, 739, 779, 798, 799, 800, 801, 804, 806, 807, 810, 812, 814, 816, 821, 822, 823, 824, 826, 827, 837, 842, 843, 852, 859, 862, 865, 869, 876, 882, 897, 901, 917, 932]","[32, 33, 34, 35, 36, 37, 38, 39, 40, 41, 42, 43, 44, 45, 46, 47, 48, 201, 202, 203, 204, 205, 206, 207, 208, 209, 210, 211, 212, 213, 214, 215, 216, 256, 355, 356, 357, 358, 359, 360, 361, 429, 430, 431, 432, 433, 434, 435, 515, 516, 517, 518, 519, 520, 521, 522, 523, 524, 525, 526, 527, 672, 673, 674, 675, 676, 677, 678, 679, 680, 681, 682, 683, 684, 718, 810, 811, 812, 813, 814, 881, 882, 883, 884, 885, 886]","[34, 35, 36, 37, 38, 39, 40, 41, 42, 43, 44, 45, 46, 47, 48, 201, 202, 203, 204, 205, 206, 207, 208, 209, 210, 211, 212, 213, 214, 215, 216, 355, 356, 357, 358, 359, 360, 361, 429, 430, 431, 432, 433, 434, 435, 515, 516, 517, 518, 519, 520, 521, 522, 523, 524, 525, 526, 527, 672, 673, 674, 675, 676, 677, 678, 679, 680, 681, 682, 683, 684, 810, 811, 812, 813, 814, 881, 882, 883, 884, 885, 886]",7/6 successful match,True,[744],True,688,False,,1.0,True,Love's Travel Stop # 365,Love's
Los Angeles ( 90021 ) DeWitt Fuel Stop / Blue Beacon ( CFN ),213-477-1060 I-10 Exit 15 B ( 3 blks S on Alameda ),24 24 <U+25A1> <U+2610>,Los Angeles,90021,DeWitt Fuel Stop / Blue Beacon ( CFN ),213-477-1060,2015,Los Angeles,CA,,( 3 blks S on Alameda ),I-10 Exit 15 B ,Exit,15,False,,False,I-10,,,,,[],[],"[294, 300, 753, 759]","[300, 330, 759, 787]","[103, 104, 105, 106, 107, 108, 109, 110, 111, 112, 113, 114, 115, 116, 117, 118, 119, 120, 121, 122, 123, 124, 125, 126, 127, 128, 129, 130, 131, 132, 133, 134, 135, 136, 137, 138, 139, 140, 141, 142, 143, 144, 145, 146, 147, 148, 149, 150, 151, 152, 153, 154, 155, 156, 157, 158, 159, 160, 161, 162, 163, 164, 165, 166, 167, 168, 169, 170, 171, 172, 173, 174, 175, 176, 177, 178, 179, 180, 181, 182, 183, 184, 185, 186, 187, 188, 189, 190, 191, 192, 193, 194, 195, 196, 197, 198, 199, 200, 201, 202, 203, 204, 205, 206, 207, 208, 209, 210, 211, 212, 213, 214, 215, 216, 217, 218, 219, 220, 221, 222, 223, 224, 225, 226, 227, 228, 229, 230, 231, 232, 233, 234, 235, 236, 237, 238, 239, 240, 241, 242, 243, 244, 245, 246, 247, 248, 249, 250, 251, 252, 253, 254, 255, 256, 257, 258, 259, 260, 261, 262, 263, 264, 265, 266, 267, 268, 269, 270, 271, 272, 273, 274, 275, 276, 277, 278, 279, 280, 281, 282, 283, 284, 285, 286, 287, 288, 289, 290, 291, 292, 293, 294, 295, 296, 297, 298, 299, 300, 301, 302, 303, 304, 305, 306, 307, 308, 309, 310, 311, 312, 313, 314, 315, 316, 317, 318, 319, 320, 321, 322, 323, 324, 325, 326, 327, 328, 329, 330, 331, 332, 333, 334, 335, 336, 337, 574, 575, 576, 577, 578, 579, 580, 581, 582, 583, 584, 585, 586, 587, 588, 589, 590, 591, 592, 593, 594, 595, 596, 597, 598, 599, 600, 601, 602, 603, 604, 605, 606, 607, 608, 609, 610, 611, 612, 613, 614, 615, 616, 617, 618, 619, 620, 621, 622, 623, 624, 625, 626, 627, 628, 629, 630, 631, 632, 633, 634, 635, 636, 637, 638, 639, 640, 641, 642, 643, 644, 645, 646, 647, 648, 649, 650, 651, 652, 653, 654, 655, 656, 657, 658, 659, 660, 661, 662, 663, 664, 665, 666, 667, 668, 669, 670, 671, 672, 673, 674, 675, 676, 677, 678, 679, 680, 681, 682, 683, 684, 685, 686, 687, 688, 689, 690, 691, 692, 693, 694, 695, 696, 697, 698, 699, 700, 701, 702, 703, 704, 705, 706, 707, 708, 709, 710, 711, 712, 713, 714, 715, 716, 717, 718, 719, 720, 721, 722, 723, 724, 725, 726, 727, 728, 729, 730, 731, 732, 733, 734, 735, 736, 737, 738, 739, 740, 741, 742, 743, 744, 745, 746, 747, 748, 749, 750, 751, 752, 753, 754, 755, 756, 757, 758, 759, 760, 761, 762, 763, 764, 765, 766, 767, 768, 769, 770, 771, 772, 773, 774, 775, 776, 777, 778, 779, 780, 781, 782, 783, 784, 785, 786, 787, 788, 789, 790, 791, 792, 793]","[0, 5, 7, 10, 14, 19, 20, 22, 24, 32, 33, 34, 37, 38, 40, 44, 46, 48, 49, 51, 56, 61, 63, 65, 67, 68, 73, 74, 75, 76, 79, 81, 82, 83, 85, 87, 88, 92, 93, 95, 96, 99, 100, 101, 115, 116, 124, 134, 142, 161, 167, 169, 170, 186, 202, 240, 244, 254, 260, 267, 277, 300, 303, 307, 310, 322, 331, 376, 485, 491, 493, 495, 499, 503, 504, 506, 508, 515, 518, 519, 521, 524, 526, 528, 533, 537, 539, 542, 543, 547, 548, 549, 550, 551, 553, 554, 556, 558, 559, 563, 564, 566, 567, 570, 571, 572, 586, 587, 595, 605, 613, 633, 639, 640, 641, 657, 672, 704, 717, 726, 736, 759, 761, 765, 768, 780, 788, 792, 826]",[],"[196, 264, 667, 724]","[0, 5, 7, 10, 14, 19, 20, 22, 24, 32, 33, 34, 37, 38, 40, 44, 46, 48, 49, 51, 56, 61, 63, 65, 67, 68, 73, 74, 75, 76, 79, 81, 82, 83, 85, 87, 88, 92, 93, 95, 96, 99, 100, 101, 103, 104, 105, 106, 107, 108, 109, 110, 111, 112, 113, 114, 115, 116, 117, 118, 119, 120, 121, 122, 123, 124, 125, 126, 127, 128, 129, 130, 131, 132, 133, 134, 135, 136, 137, 138, 139, 140, 141, 142, 143, 144, 145, 146, 147, 148, 149, 150, 151, 152, 153, 154, 155, 156, 157, 158, 159, 160, 161, 162, 163, 164, 165, 166, 167, 168, 169, 170, 171, 172, 173, 174, 175, 176, 177, 178, 179, 180, 181, 182, 183, 184, 185, 186, 187, 188, 189, 190, 191, 192, 193, 194, 195, 196, 197, 198, 199, 200, 201, 202, 203, 204, 205, 206, 207, 208, 209, 210, 211, 212, 213, 214, 215, 216, 217, 218, 219, 220, 221, 222, 223, 224, 225, 226, 227, 228, 229, 230, 231, 232, 233, 234, 235, 236, 237, 238, 239, 240, 241, 242, 243, 244, 245, 246, 247, 248, 249, 250, 251, 252, 253, 254, 255, 256, 257, 258, 259, 260, 261, 262, 263, 264, 265, 266, 267, 268, 269, 270, 271, 272, 273, 274, 275, 276, 277, 278, 279, 280, 281, 282, 283, 284, 285, 286, 287, 288, 289, 290, 291, 292, 293, 294, 295, 296, 297, 298, 299, 300, 301, 302, 303, 304, 305, 306, 307, 308, 309, 310, 311, 312, 313, 314, 315, 316, 317, 318, 319, 320, 321, 322, 323, 324, 325, 326, 327, 328, 329, 330, 331, 332, 333, 334, 335, 336, 337, 376, 485, 491, 493, 495, 499, 503, 504, 506, 508, 515, 518, 519, 521, 524, 526, 528, 533, 537, 539, 542, 543, 547, 548, 549, 550, 551, 553, 554, 556, 558, 559, 563, 564, 566, 567, 570, 571, 572, 574, 575, 576, 577, 578, 579, 580, 581, 582, 583, 584, 585, 586, 587, 588, 589, 590, 591, 592, 593, 594, 595, 596, 597, 598, 599, 600, 601, 602, 603, 604, 605, 606, 607, 608, 609, 610, 611, 612, 613, 614, 615, 616, 617, 618, 619, 620, 621, 622, 623, 624, 625, 626, 627, 628, 629, 630, 631, 632, 633, 634, 635, 636, 637, 638, 639, 640, 641, 642, 643, 644, 645, 646, 647, 648, 649, 650, 651, 652, 653, 654, 655, 656, 657, 658, 659, 660, 661, 662, 663, 664, 665, 666, 667, 668, 669, 670, 671, 672, 673, 674, 675, 676, 677, 678, 679, 680, 681, 682, 683, 684, 685, 686, 687, 688, 689, 690, 691, 692, 693, 694, 695, 696, 697, 698, 699, 700, 701, 702, 703, 704, 705, 706, 707, 708, 709, 710, 711, 712, 713, 714, 715, 716, 717, 718, 719, 720, 721, 722, 723, 724, 725, 726, 727, 728, 729, 730, 731, 732, 733, 734, 735, 736, 737, 738, 739, 740, 741, 742, 743, 744, 745, 746, 747, 748, 749, 750, 751, 752, 753, 754, 755, 756, 757, 758, 759, 760, 761, 762, 763, 764, 765, 766, 767, 768, 769, 770, 771, 772, 773, 774, 775, 776, 777, 778, 779, 780, 781, 782, 783, 784, 785, 786, 787, 788, 789, 790, 791, 792, 793, 826]",False,[],"[103, 104, 105, 106, 107, 108, 109, 110, 111, 112, 113, 114, 115, 116, 117, 118, 119, 120, 121, 122, 123, 124, 125, 126, 127, 128, 129, 130, 131, 132, 133, 134, 135, 136, 137, 138, 139, 140, 141, 142, 143, 144, 145, 146, 147, 148, 149, 150, 151, 152, 153, 154, 155, 156, 157, 158, 159, 160, 161, 162, 163, 164, 165, 166, 167, 168, 169, 170, 171, 172, 173, 174, 175, 176, 177, 178, 179, 180, 181, 182, 183, 184, 185, 186, 187, 188, 189, 190, 191, 192, 193, 194, 195, 196, 197, 198, 199, 200, 201, 202, 203, 204, 205, 206, 207, 208, 209, 210, 211, 212, 213, 214, 215, 216, 217, 218, 219, 220, 221, 222, 223, 224, 225, 226, 227, 228, 229, 230, 231, 232, 233, 234, 235, 236, 237, 238, 239, 240, 241, 242, 243, 244, 245, 246, 247, 248, 249, 250, 251, 252, 253, 254, 255, 256, 257, 258, 259, 260, 261, 262, 263, 264, 265, 266, 267, 268, 269, 270, 271, 272, 273, 274, 275, 276, 277, 278, 279, 280, 281, 282, 283, 284, 285, 286, 287, 288, 289, 290, 291, 292, 293, 294, 295, 296, 297, 298, 299, 300, 301, 302, 303, 304, 305, 306, 307, 308, 309, 310, 311, 312, 313, 314, 315, 316, 317, 318, 319, 320, 321, 322, 323, 324, 325, 326, 327, 328, 329, 330, 331, 332, 333, 334, 335, 336, 337, 574, 575, 576, 577, 578, 579, 580, 581, 582, 583, 584, 585, 586, 587, 588, 589, 590, 591, 592, 593, 594, 595, 596, 597, 598, 599, 600, 601, 602, 603, 604, 605, 606, 607, 608, 609, 610, 611, 612, 613, 614, 615, 616, 617, 618, 619, 620, 621, 622, 623, 624, 625, 626, 627, 628, 629, 630, 631, 632, 633, 634, 635, 636, 637, 638, 639, 640, 641, 642, 643, 644, 645, 646, 647, 648, 649, 650, 651, 652, 653, 654, 655, 656, 657, 658, 659, 660, 661, 662, 663, 664, 665, 666, 667, 668, 669, 670, 671, 672, 673, 674, 675, 676, 677, 678, 679, 680, 681, 682, 683, 684, 685, 686, 687, 688, 689, 690, 691, 692, 693, 694, 695, 696, 697, 698, 699, 700, 701, 702, 703, 704, 705, 706, 707, 708, 709, 710, 711, 712, 713, 714, 715, 716, 717, 718, 719, 720, 721, 722, 723, 724, 725, 726, 727, 728, 729, 730, 731, 732, 733, 734, 735, 736, 737, 738, 739, 740, 741, 742, 743, 744, 745, 746, 747, 748, 749, 750, 751, 752, 753, 754, 755, 756, 757, 758, 759, 760, 761, 762, 763, 764, 765, 766, 767, 768, 769, 770, 771, 772, 773, 774, 775, 776, 777, 778, 779, 780, 781, 782, 783, 784, 785, 786, 787, 788, 789, 790, 791, 792, 793]","[294, 300, 753, 759]","[300, 330, 759, 787]","[0, 5, 7, 10, 14, 19, 20, 22, 24, 32, 33, 34, 37, 38, 40, 44, 46, 48, 49, 51, 56, 61, 63, 65, 67, 68, 73, 74, 75, 76, 79, 81, 82, 83, 85, 87, 88, 92, 93, 95, 96, 99, 100, 101, 115, 116, 124, 134, 142, 161, 167, 169, 170, 186, 202, 240, 244, 254, 260, 267, 277, 300, 303, 307, 310, 322, 331, 376, 485, 491, 493, 495, 499, 503, 504, 506, 508, 515, 518, 519, 521, 524, 526, 528, 533, 537, 539, 542, 543, 547, 548, 549, 550, 551, 553, 554, 556, 558, 559, 563, 564, 566, 567, 570, 571, 572, 586, 587, 595, 605, 613, 633, 639, 640, 641, 657, 672, 704, 717, 726, 736, 759, 761, 765, 768, 780, 788, 792, 826]","[196, 264, 667, 724]",[],5/6 successful match,False,[546],True,689,False,,,,,
Los Angeles ( 90021 ) DeWitt Fuel Stop / Blue Beacon ( CFN ),213-477-1060 I-10 Exit 15 B ( 3 blks S on Alameda ),24 225 <U+25A1> <U+25A1>,Los Angeles,90021,DeWitt Fuel Stop / Blue Beacon ( CFN ),213-477-1060,2016,Los Angeles,CA,,( 3 blks S on Alameda ),I-10 Exit 15 B ,Exit,15,False,,False,I-10,,,,,[],[],"[294, 300, 753, 759]","[300, 330, 759, 787]","[103, 104, 105, 106, 107, 108, 109, 110, 111, 112, 113, 114, 115, 116, 117, 118, 119, 120, 121, 122, 123, 124, 125, 126, 127, 128, 129, 130, 131, 132, 133, 134, 135, 136, 137, 138, 139, 140, 141, 142, 143, 144, 145, 146, 147, 148, 149, 150, 151, 152, 153, 154, 155, 156, 157, 158, 159, 160, 161, 162, 163, 164, 165, 166, 167, 168, 169, 170, 171, 172, 173, 174, 175, 176, 177, 178, 179, 180, 181, 182, 183, 184, 185, 186, 187, 188, 189, 190, 191, 192, 193, 194, 195, 196, 197, 198, 199, 200, 201, 202, 203, 204, 205, 206, 207, 208, 209, 210, 211, 212, 213, 214, 215, 216, 217, 218, 219, 220, 221, 222, 223, 224, 225, 226, 227, 228, 229, 230, 231, 232, 233, 234, 235, 236, 237, 238, 239, 240, 241, 242, 243, 244, 245, 246, 247, 248, 249, 250, 251, 252, 253, 254, 255, 256, 257, 258, 259, 260, 261, 262, 263, 264, 265, 266, 267, 268, 269, 270, 271, 272, 273, 274, 275, 276, 277, 278, 279, 280, 281, 282, 283, 284, 285, 286, 287, 288, 289, 290, 291, 292, 293, 294, 295, 296, 297, 298, 299, 300, 301, 302, 303, 304, 305, 306, 307, 308, 309, 310, 311, 312, 313, 314, 315, 316, 317, 318, 319, 320, 321, 322, 323, 324, 325, 326, 327, 328, 329, 330, 331, 332, 333, 334, 335, 336, 337, 574, 575, 576, 577, 578, 579, 580, 581, 582, 583, 584, 585, 586, 587, 588, 589, 590, 591, 592, 593, 594, 595, 596, 597, 598, 599, 600, 601, 602, 603, 604, 605, 606, 607, 608, 609, 610, 611, 612, 613, 614, 615, 616, 617, 618, 619, 620, 621, 622, 623, 624, 625, 626, 627, 628, 629, 630, 631, 632, 633, 634, 635, 636, 637, 638, 639, 640, 641, 642, 643, 644, 645, 646, 647, 648, 649, 650, 651, 652, 653, 654, 655, 656, 657, 658, 659, 660, 661, 662, 663, 664, 665, 666, 667, 668, 669, 670, 671, 672, 673, 674, 675, 676, 677, 678, 679, 680, 681, 682, 683, 684, 685, 686, 687, 688, 689, 690, 691, 692, 693, 694, 695, 696, 697, 698, 699, 700, 701, 702, 703, 704, 705, 706, 707, 708, 709, 710, 711, 712, 713, 714, 715, 716, 717, 718, 719, 720, 721, 722, 723, 724, 725, 726, 727, 728, 729, 730, 731, 732, 733, 734, 735, 736, 737, 738, 739, 740, 741, 742, 743, 744, 745, 746, 747, 748, 749, 750, 751, 752, 753, 754, 755, 756, 757, 758, 759, 760, 761, 762, 763, 764, 765, 766, 767, 768, 769, 770, 771, 772, 773, 774, 775, 776, 777, 778, 779, 780, 781, 782, 783, 784, 785, 786, 787, 788, 789, 790, 791, 792, 793]","[0, 5, 7, 10, 14, 19, 20, 22, 24, 32, 33, 34, 37, 38, 40, 44, 46, 48, 49, 51, 56, 61, 63, 65, 67, 68, 73, 74, 75, 76, 79, 81, 82, 83, 85, 87, 88, 92, 93, 95, 96, 99, 100, 101, 115, 116, 124, 134, 142, 161, 167, 169, 170, 186, 202, 240, 244, 254, 260, 267, 277, 300, 303, 307, 310, 322, 331, 376, 485, 491, 493, 495, 499, 503, 504, 506, 508, 515, 518, 519, 521, 524, 526, 528, 533, 537, 539, 542, 543, 547, 548, 549, 550, 551, 553, 554, 556, 558, 559, 563, 564, 566, 567, 570, 571, 572, 586, 587, 595, 605, 613, 633, 639, 640, 641, 657, 672, 704, 717, 726, 736, 759, 761, 765, 768, 780, 788, 792, 826]",[],"[196, 264, 667, 724]","[0, 5, 7, 10, 14, 19, 20, 22, 24, 32, 33, 34, 37, 38, 40, 44, 46, 48, 49, 51, 56, 61, 63, 65, 67, 68, 73, 74, 75, 76, 79, 81, 82, 83, 85, 87, 88, 92, 93, 95, 96, 99, 100, 101, 103, 104, 105, 106, 107, 108, 109, 110, 111, 112, 113, 114, 115, 116, 117, 118, 119, 120, 121, 122, 123, 124, 125, 126, 127, 128, 129, 130, 131, 132, 133, 134, 135, 136, 137, 138, 139, 140, 141, 142, 143, 144, 145, 146, 147, 148, 149, 150, 151, 152, 153, 154, 155, 156, 157, 158, 159, 160, 161, 162, 163, 164, 165, 166, 167, 168, 169, 170, 171, 172, 173, 174, 175, 176, 177, 178, 179, 180, 181, 182, 183, 184, 185, 186, 187, 188, 189, 190, 191, 192, 193, 194, 195, 196, 197, 198, 199, 200, 201, 202, 203, 204, 205, 206, 207, 208, 209, 210, 211, 212, 213, 214, 215, 216, 217, 218, 219, 220, 221, 222, 223, 224, 225, 226, 227, 228, 229, 230, 231, 232, 233, 234, 235, 236, 237, 238, 239, 240, 241, 242, 243, 244, 245, 246, 247, 248, 249, 250, 251, 252, 253, 254, 255, 256, 257, 258, 259, 260, 261, 262, 263, 264, 265, 266, 267, 268, 269, 270, 271, 272, 273, 274, 275, 276, 277, 278, 279, 280, 281, 282, 283, 284, 285, 286, 287, 288, 289, 290, 291, 292, 293, 294, 295, 296, 297, 298, 299, 300, 301, 302, 303, 304, 305, 306, 307, 308, 309, 310, 311, 312, 313, 314, 315, 316, 317, 318, 319, 320, 321, 322, 323, 324, 325, 326, 327, 328, 329, 330, 331, 332, 333, 334, 335, 336, 337, 376, 485, 491, 493, 495, 499, 503, 504, 506, 508, 515, 518, 519, 521, 524, 526, 528, 533, 537, 539, 542, 543, 547, 548, 549, 550, 551, 553, 554, 556, 558, 559, 563, 564, 566, 567, 570, 571, 572, 574, 575, 576, 577, 578, 579, 580, 581, 582, 583, 584, 585, 586, 587, 588, 589, 590, 591, 592, 593, 594, 595, 596, 597, 598, 599, 600, 601, 602, 603, 604, 605, 606, 607, 608, 609, 610, 611, 612, 613, 614, 615, 616, 617, 618, 619, 620, 621, 622, 623, 624, 625, 626, 627, 628, 629, 630, 631, 632, 633, 634, 635, 636, 637, 638, 639, 640, 641, 642, 643, 644, 645, 646, 647, 648, 649, 650, 651, 652, 653, 654, 655, 656, 657, 658, 659, 660, 661, 662, 663, 664, 665, 666, 667, 668, 669, 670, 671, 672, 673, 674, 675, 676, 677, 678, 679, 680, 681, 682, 683, 684, 685, 686, 687, 688, 689, 690, 691, 692, 693, 694, 695, 696, 697, 698, 699, 700, 701, 702, 703, 704, 705, 706, 707, 708, 709, 710, 711, 712, 713, 714, 715, 716, 717, 718, 719, 720, 721, 722, 723, 724, 725, 726, 727, 728, 729, 730, 731, 732, 733, 734, 735, 736, 737, 738, 739, 740, 741, 742, 743, 744, 745, 746, 747, 748, 749, 750, 751, 752, 753, 754, 755, 756, 757, 758, 759, 760, 761, 762, 763, 764, 765, 766, 767, 768, 769, 770, 771, 772, 773, 774, 775, 776, 777, 778, 779, 780, 781, 782, 783, 784, 785, 786, 787, 788, 789, 790, 791, 792, 793, 826]",False,[],"[103, 104, 105, 106, 107, 108, 109, 110, 111, 112, 113, 114, 115, 116, 117, 118, 119, 120, 121, 122, 123, 124, 125, 126, 127, 128, 129, 130, 131, 132, 133, 134, 135, 136, 137, 138, 139, 140, 141, 142, 143, 144, 145, 146, 147, 148, 149, 150, 151, 152, 153, 154, 155, 156, 157, 158, 159, 160, 161, 162, 163, 164, 165, 166, 167, 168, 169, 170, 171, 172, 173, 174, 175, 176, 177, 178, 179, 180, 181, 182, 183, 184, 185, 186, 187, 188, 189, 190, 191, 192, 193, 194, 195, 196, 197, 198, 199, 200, 201, 202, 203, 204, 205, 206, 207, 208, 209, 210, 211, 212, 213, 214, 215, 216, 217, 218, 219, 220, 221, 222, 223, 224, 225, 226, 227, 228, 229, 230, 231, 232, 233, 234, 235, 236, 237, 238, 239, 240, 241, 242, 243, 244, 245, 246, 247, 248, 249, 250, 251, 252, 253, 254, 255, 256, 257, 258, 259, 260, 261, 262, 263, 264, 265, 266, 267, 268, 269, 270, 271, 272, 273, 274, 275, 276, 277, 278, 279, 280, 281, 282, 283, 284, 285, 286, 287, 288, 289, 290, 291, 292, 293, 294, 295, 296, 297, 298, 299, 300, 301, 302, 303, 304, 305, 306, 307, 308, 309, 310, 311, 312, 313, 314, 315, 316, 317, 318, 319, 320, 321, 322, 323, 324, 325, 326, 327, 328, 329, 330, 331, 332, 333, 334, 335, 336, 337, 574, 575, 576, 577, 578, 579, 580, 581, 582, 583, 584, 585, 586, 587, 588, 589, 590, 591, 592, 593, 594, 595, 596, 597, 598, 599, 600, 601, 602, 603, 604, 605, 606, 607, 608, 609, 610, 611, 612, 613, 614, 615, 616, 617, 618, 619, 620, 621, 622, 623, 624, 625, 626, 627, 628, 629, 630, 631, 632, 633, 634, 635, 636, 637, 638, 639, 640, 641, 642, 643, 644, 645, 646, 647, 648, 649, 650, 651, 652, 653, 654, 655, 656, 657, 658, 659, 660, 661, 662, 663, 664, 665, 666, 667, 668, 669, 670, 671, 672, 673, 674, 675, 676, 677, 678, 679, 680, 681, 682, 683, 684, 685, 686, 687, 688, 689, 690, 691, 692, 693, 694, 695, 696, 697, 698, 699, 700, 701, 702, 703, 704, 705, 706, 707, 708, 709, 710, 711, 712, 713, 714, 715, 716, 717, 718, 719, 720, 721, 722, 723, 724, 725, 726, 727, 728, 729, 730, 731, 732, 733, 734, 735, 736, 737, 738, 739, 740, 741, 742, 743, 744, 745, 746, 747, 748, 749, 750, 751, 752, 753, 754, 755, 756, 757, 758, 759, 760, 761, 762, 763, 764, 765, 766, 767, 768, 769, 770, 771, 772, 773, 774, 775, 776, 777, 778, 779, 780, 781, 782, 783, 784, 785, 786, 787, 788, 789, 790, 791, 792, 793]","[294, 300, 753, 759]","[300, 330, 759, 787]","[0, 5, 7, 10, 14, 19, 20, 22, 24, 32, 33, 34, 37, 38, 40, 44, 46, 48, 49, 51, 56, 61, 63, 65, 67, 68, 73, 74, 75, 76, 79, 81, 82, 83, 85, 87, 88, 92, 93, 95, 96, 99, 100, 101, 115, 116, 124, 134, 142, 161, 167, 169, 170, 186, 202, 240, 244, 254, 260, 267, 277, 300, 303, 307, 310, 322, 331, 376, 485, 491, 493, 495, 499, 503, 504, 506, 508, 515, 518, 519, 521, 524, 526, 528, 533, 537, 539, 542, 543, 547, 548, 549, 550, 551, 553, 554, 556, 558, 559, 563, 564, 566, 567, 570, 571, 572, 586, 587, 595, 605, 613, 633, 639, 640, 641, 657, 672, 704, 717, 726, 736, 759, 761, 765, 768, 780, 788, 792, 826]","[196, 264, 667, 724]",[],5/6 successful match,False,[546],True,689,False,,1.0,True,DeWitt Fuel Stop / Blue Beacon ( CFN ),
Los Angeles ( 90021 ) CT Fuel Stop,5 213-749-7667 I-10 Exit 15 B ( Alameda & 14th ),24 <U+2610>,Los Angeles,90021,CT Fuel Stop,213-749-7667,2014,Los Angeles,CA,,( Alameda & 14th ),I-10 Exit 15 B ,Exit,15,False,,False,I-10,,,,,[],[],"[294, 300, 753, 759]","[300, 330, 759, 787]","[103, 104, 105, 106, 107, 108, 109, 110, 111, 112, 113, 114, 115, 116, 117, 118, 119, 120, 121, 122, 123, 124, 125, 126, 127, 128, 129, 130, 131, 132, 133, 134, 135, 136, 137, 138, 139, 140, 141, 142, 143, 144, 145, 146, 147, 148, 149, 150, 151, 152, 153, 154, 155, 156, 157, 158, 159, 160, 161, 162, 163, 164, 165, 166, 167, 168, 169, 170, 171, 172, 173, 174, 175, 176, 177, 178, 179, 180, 181, 182, 183, 184, 185, 186, 187, 188, 189, 190, 191, 192, 193, 194, 195, 196, 197, 198, 199, 200, 201, 202, 203, 204, 205, 206, 207, 208, 209, 210, 211, 212, 213, 214, 215, 216, 217, 218, 219, 220, 221, 222, 223, 224, 225, 226, 227, 228, 229, 230, 231, 232, 233, 234, 235, 236, 237, 238, 239, 240, 241, 242, 243, 244, 245, 246, 247, 248, 249, 250, 251, 252, 253, 254, 255, 256, 257, 258, 259, 260, 261, 262, 263, 264, 265, 266, 267, 268, 269, 270, 271, 272, 273, 274, 275, 276, 277, 278, 279, 280, 281, 282, 283, 284, 285, 286, 287, 288, 289, 290, 291, 292, 293, 294, 295, 296, 297, 298, 299, 300, 301, 302, 303, 304, 305, 306, 307, 308, 309, 310, 311, 312, 313, 314, 315, 316, 317, 318, 319, 320, 321, 322, 323, 324, 325, 326, 327, 328, 329, 330, 331, 332, 333, 334, 335, 336, 337, 574, 575, 576, 577, 578, 579, 580, 581, 582, 583, 584, 585, 586, 587, 588, 589, 590, 591, 592, 593, 594, 595, 596, 597, 598, 599, 600, 601, 602, 603, 604, 605, 606, 607, 608, 609, 610, 611, 612, 613, 614, 615, 616, 617, 618, 619, 620, 621, 622, 623, 624, 625, 626, 627, 628, 629, 630, 631, 632, 633, 634, 635, 636, 637, 638, 639, 640, 641, 642, 643, 644, 645, 646, 647, 648, 649, 650, 651, 652, 653, 654, 655, 656, 657, 658, 659, 660, 661, 662, 663, 664, 665, 666, 667, 668, 669, 670, 671, 672, 673, 674, 675, 676, 677, 678, 679, 680, 681, 682, 683, 684, 685, 686, 687, 688, 689, 690, 691, 692, 693, 694, 695, 696, 697, 698, 699, 700, 701, 702, 703, 704, 705, 706, 707, 708, 709, 710, 711, 712, 713, 714, 715, 716, 717, 718, 719, 720, 721, 722, 723, 724, 725, 726, 727, 728, 729, 730, 731, 732, 733, 734, 735, 736, 737, 738, 739, 740, 741, 742, 743, 744, 745, 746, 747, 748, 749, 750, 751, 752, 753, 754, 755, 756, 757, 758, 759, 760, 761, 762, 763, 764, 765, 766, 767, 768, 769, 770, 771, 772, 773, 774, 775, 776, 777, 778, 779, 780, 781, 782, 783, 784, 785, 786, 787, 788, 789, 790, 791, 792, 793]","[0, 5, 7, 10, 14, 19, 20, 22, 24, 32, 33, 34, 37, 38, 40, 44, 46, 48, 49, 51, 56, 61, 63, 65, 67, 68, 73, 74, 75, 76, 79, 81, 82, 83, 85, 87, 88, 92, 93, 95, 96, 99, 100, 101, 115, 116, 124, 134, 142, 161, 167, 169, 170, 186, 202, 240, 244, 254, 260, 267, 277, 300, 303, 307, 310, 322, 331, 376, 485, 491, 493, 495, 499, 503, 504, 506, 508, 515, 518, 519, 521, 524, 526, 528, 533, 537, 539, 542, 543, 547, 548, 549, 550, 551, 553, 554, 556, 558, 559, 563, 564, 566, 567, 570, 571, 572, 586, 587, 595, 605, 613, 633, 639, 640, 641, 657, 672, 704, 717, 726, 736, 759, 761, 765, 768, 780, 788, 792, 826]",[],[],"[0, 5, 7, 10, 14, 19, 20, 22, 24, 32, 33, 34, 37, 38, 40, 44, 46, 48, 49, 51, 56, 61, 63, 65, 67, 68, 73, 74, 75, 76, 79, 81, 82, 83, 85, 87, 88, 92, 93, 95, 96, 99, 100, 101, 103, 104, 105, 106, 107, 108, 109, 110, 111, 112, 113, 114, 115, 116, 117, 118, 119, 120, 121, 122, 123, 124, 125, 126, 127, 128, 129, 130, 131, 132, 133, 134, 135, 136, 137, 138, 139, 140, 141, 142, 143, 144, 145, 146, 147, 148, 149, 150, 151, 152, 153, 154, 155, 156, 157, 158, 159, 160, 161, 162, 163, 164, 165, 166, 167, 168, 169, 170, 171, 172, 173, 174, 175, 176, 177, 178, 179, 180, 181, 182, 183, 184, 185, 186, 187, 188, 189, 190, 191, 192, 193, 194, 195, 196, 197, 198, 199, 200, 201, 202, 203, 204, 205, 206, 207, 208, 209, 210, 211, 212, 213, 214, 215, 216, 217, 218, 219, 220, 221, 222, 223, 224, 225, 226, 227, 228, 229, 230, 231, 232, 233, 234, 235, 236, 237, 238, 239, 240, 241, 242, 243, 244, 245, 246, 247, 248, 249, 250, 251, 252, 253, 254, 255, 256, 257, 258, 259, 260, 261, 262, 263, 264, 265, 266, 267, 268, 269, 270, 271, 272, 273, 274, 275, 276, 277, 278, 279, 280, 281, 282, 283, 284, 285, 286, 287, 288, 289, 290, 291, 292, 293, 294, 295, 296, 297, 298, 299, 300, 301, 302, 303, 304, 305, 306, 307, 308, 309, 310, 311, 312, 313, 314, 315, 316, 317, 318, 319, 320, 321, 322, 323, 324, 325, 326, 327, 328, 329, 330, 331, 332, 333, 334, 335, 336, 337, 376, 485, 491, 493, 495, 499, 503, 504, 506, 508, 515, 518, 519, 521, 524, 526, 528, 533, 537, 539, 542, 543, 547, 548, 549, 550, 551, 553, 554, 556, 558, 559, 563, 564, 566, 567, 570, 571, 572, 574, 575, 576, 577, 578, 579, 580, 581, 582, 583, 584, 585, 586, 587, 588, 589, 590, 591, 592, 593, 594, 595, 596, 597, 598, 599, 600, 601, 602, 603, 604, 605, 606, 607, 608, 609, 610, 611, 612, 613, 614, 615, 616, 617, 618, 619, 620, 621, 622, 623, 624, 625, 626, 627, 628, 629, 630, 631, 632, 633, 634, 635, 636, 637, 638, 639, 640, 641, 642, 643, 644, 645, 646, 647, 648, 649, 650, 651, 652, 653, 654, 655, 656, 657, 658, 659, 660, 661, 662, 663, 664, 665, 666, 667, 668, 669, 670, 671, 672, 673, 674, 675, 676, 677, 678, 679, 680, 681, 682, 683, 684, 685, 686, 687, 688, 689, 690, 691, 692, 693, 694, 695, 696, 697, 698, 699, 700, 701, 702, 703, 704, 705, 706, 707, 708, 709, 710, 711, 712, 713, 714, 715, 716, 717, 718, 719, 720, 721, 722, 723, 724, 725, 726, 727, 728, 729, 730, 731, 732, 733, 734, 735, 736, 737, 738, 739, 740, 741, 742, 743, 744, 745, 746, 747, 748, 749, 750, 751, 752, 753, 754, 755, 756, 757, 758, 759, 760, 761, 762, 763, 764, 765, 766, 767, 768, 769, 770, 771, 772, 773, 774, 775, 776, 777, 778, 779, 780, 781, 782, 783, 784, 785, 786, 787, 788, 789, 790, 791, 792, 793, 826]",False,[],"[103, 104, 105, 106, 107, 108, 109, 110, 111, 112, 113, 114, 115, 116, 117, 118, 119, 120, 121, 122, 123, 124, 125, 126, 127, 128, 129, 130, 131, 132, 133, 134, 135, 136, 137, 138, 139, 140, 141, 142, 143, 144, 145, 146, 147, 148, 149, 150, 151, 152, 153, 154, 155, 156, 157, 158, 159, 160, 161, 162, 163, 164, 165, 166, 167, 168, 169, 170, 171, 172, 173, 174, 175, 176, 177, 178, 179, 180, 181, 182, 183, 184, 185, 186, 187, 188, 189, 190, 191, 192, 193, 194, 195, 196, 197, 198, 199, 200, 201, 202, 203, 204, 205, 206, 207, 208, 209, 210, 211, 212, 213, 214, 215, 216, 217, 218, 219, 220, 221, 222, 223, 224, 225, 226, 227, 228, 229, 230, 231, 232, 233, 234, 235, 236, 237, 238, 239, 240, 241, 242, 243, 244, 245, 246, 247, 248, 249, 250, 251, 252, 253, 254, 255, 256, 257, 258, 259, 260, 261, 262, 263, 264, 265, 266, 267, 268, 269, 270, 271, 272, 273, 274, 275, 276, 277, 278, 279, 280, 281, 282, 283, 284, 285, 286, 287, 288, 289, 290, 291, 292, 293, 294, 295, 296, 297, 298, 299, 300, 301, 302, 303, 304, 305, 306, 307, 308, 309, 310, 311, 312, 313, 314, 315, 316, 317, 318, 319, 320, 321, 322, 323, 324, 325, 326, 327, 328, 329, 330, 331, 332, 333, 334, 335, 336, 337, 574, 575, 576, 577, 578, 579, 580, 581, 582, 583, 584, 585, 586, 587, 588, 589, 590, 591, 592, 593, 594, 595, 596, 597, 598, 599, 600, 601, 602, 603, 604, 605, 606, 607, 608, 609, 610, 611, 612, 613, 614, 615, 616, 617, 618, 619, 620, 621, 622, 623, 624, 625, 626, 627, 628, 629, 630, 631, 632, 633, 634, 635, 636, 637, 638, 639, 640, 641, 642, 643, 644, 645, 646, 647, 648, 649, 650, 651, 652, 653, 654, 655, 656, 657, 658, 659, 660, 661, 662, 663, 664, 665, 666, 667, 668, 669, 670, 671, 672, 673, 674, 675, 676, 677, 678, 679, 680, 681, 682, 683, 684, 685, 686, 687, 688, 689, 690, 691, 692, 693, 694, 695, 696, 697, 698, 699, 700, 701, 702, 703, 704, 705, 706, 707, 708, 709, 710, 711, 712, 713, 714, 715, 716, 717, 718, 719, 720, 721, 722, 723, 724, 725, 726, 727, 728, 729, 730, 731, 732, 733, 734, 735, 736, 737, 738, 739, 740, 741, 742, 743, 744, 745, 746, 747, 748, 749, 750, 751, 752, 753, 754, 755, 756, 757, 758, 759, 760, 761, 762, 763, 764, 765, 766, 767, 768, 769, 770, 771, 772, 773, 774, 775, 776, 777, 778, 779, 780, 781, 782, 783, 784, 785, 786, 787, 788, 789, 790, 791, 792, 793]","[294, 300, 753, 759]","[300, 330, 759, 787]","[0, 5, 7, 10, 14, 19, 20, 22, 24, 32, 33, 34, 37, 38, 40, 44, 46, 48, 49, 51, 56, 61, 63, 65, 67, 68, 73, 74, 75, 76, 79, 81, 82, 83, 85, 87, 88, 92, 93, 95, 96, 99, 100, 101, 115, 116, 124, 134, 142, 161, 167, 169, 170, 186, 202, 240, 244, 254, 260, 267, 277, 300, 303, 307, 310, 322, 331, 376, 485, 491, 493, 495, 499, 503, 504, 506, 508, 515, 518, 519, 521, 524, 526, 528, 533, 537, 539, 542, 543, 547, 548, 549, 550, 551, 553, 554, 556, 558, 559, 563, 564, 566, 567, 570, 571, 572, 586, 587, 595, 605, 613, 633, 639, 640, 641, 657, 672, 704, 717, 726, 736, 759, 761, 765, 768, 780, 788, 792, 826]",[],[],7/6 successful match,False,[741],True,690,False,,,,,
Los Angeles ( 90021 ) DeWitt Fuel Stop ( CFN Cardlock ),5 626-444-2691 I-10 Exit 15 B ( 3 blks S on Alameda ),24 38 <U+2610> <U+25A1> <U+2610>,Los Angeles,90021,DeWitt Fuel Stop ( CFN Cardlock ),626-444-2691,2014,Los Angeles,CA,,( 3 blks S on Alameda ),I-10 Exit 15 B ,Exit,15,False,,False,I-10,,,,,[],[],"[294, 300, 753, 759]","[300, 330, 759, 787]","[103, 104, 105, 106, 107, 108, 109, 110, 111, 112, 113, 114, 115, 116, 117, 118, 119, 120, 121, 122, 123, 124, 125, 126, 127, 128, 129, 130, 131, 132, 133, 134, 135, 136, 137, 138, 139, 140, 141, 142, 143, 144, 145, 146, 147, 148, 149, 150, 151, 152, 153, 154, 155, 156, 157, 158, 159, 160, 161, 162, 163, 164, 165, 166, 167, 168, 169, 170, 171, 172, 173, 174, 175, 176, 177, 178, 179, 180, 181, 182, 183, 184, 185, 186, 187, 188, 189, 190, 191, 192, 193, 194, 195, 196, 197, 198, 199, 200, 201, 202, 203, 204, 205, 206, 207, 208, 209, 210, 211, 212, 213, 214, 215, 216, 217, 218, 219, 220, 221, 222, 223, 224, 225, 226, 227, 228, 229, 230, 231, 232, 233, 234, 235, 236, 237, 238, 239, 240, 241, 242, 243, 244, 245, 246, 247, 248, 249, 250, 251, 252, 253, 254, 255, 256, 257, 258, 259, 260, 261, 262, 263, 264, 265, 266, 267, 268, 269, 270, 271, 272, 273, 274, 275, 276, 277, 278, 279, 280, 281, 282, 283, 284, 285, 286, 287, 288, 289, 290, 291, 292, 293, 294, 295, 296, 297, 298, 299, 300, 301, 302, 303, 304, 305, 306, 307, 308, 309, 310, 311, 312, 313, 314, 315, 316, 317, 318, 319, 320, 321, 322, 323, 324, 325, 326, 327, 328, 329, 330, 331, 332, 333, 334, 335, 336, 337, 574, 575, 576, 577, 578, 579, 580, 581, 582, 583, 584, 585, 586, 587, 588, 589, 590, 591, 592, 593, 594, 595, 596, 597, 598, 599, 600, 601, 602, 603, 604, 605, 606, 607, 608, 609, 610, 611, 612, 613, 614, 615, 616, 617, 618, 619, 620, 621, 622, 623, 624, 625, 626, 627, 628, 629, 630, 631, 632, 633, 634, 635, 636, 637, 638, 639, 640, 641, 642, 643, 644, 645, 646, 647, 648, 649, 650, 651, 652, 653, 654, 655, 656, 657, 658, 659, 660, 661, 662, 663, 664, 665, 666, 667, 668, 669, 670, 671, 672, 673, 674, 675, 676, 677, 678, 679, 680, 681, 682, 683, 684, 685, 686, 687, 688, 689, 690, 691, 692, 693, 694, 695, 696, 697, 698, 699, 700, 701, 702, 703, 704, 705, 706, 707, 708, 709, 710, 711, 712, 713, 714, 715, 716, 717, 718, 719, 720, 721, 722, 723, 724, 725, 726, 727, 728, 729, 730, 731, 732, 733, 734, 735, 736, 737, 738, 739, 740, 741, 742, 743, 744, 745, 746, 747, 748, 749, 750, 751, 752, 753, 754, 755, 756, 757, 758, 759, 760, 761, 762, 763, 764, 765, 766, 767, 768, 769, 770, 771, 772, 773, 774, 775, 776, 777, 778, 779, 780, 781, 782, 783, 784, 785, 786, 787, 788, 789, 790, 791, 792, 793]","[0, 5, 7, 10, 14, 19, 20, 22, 24, 32, 33, 34, 37, 38, 40, 44, 46, 48, 49, 51, 56, 61, 63, 65, 67, 68, 73, 74, 75, 76, 79, 81, 82, 83, 85, 87, 88, 92, 93, 95, 96, 99, 100, 101, 115, 116, 124, 134, 142, 161, 167, 169, 170, 186, 202, 240, 244, 254, 260, 267, 277, 300, 303, 307, 310, 322, 331, 376, 485, 491, 493, 495, 499, 503, 504, 506, 508, 515, 518, 519, 521, 524, 526, 528, 533, 537, 539, 542, 543, 547, 548, 549, 550, 551, 553, 554, 556, 558, 559, 563, 564, 566, 567, 570, 571, 572, 586, 587, 595, 605, 613, 633, 639, 640, 641, 657, 672, 704, 717, 726, 736, 759, 761, 765, 768, 780, 788, 792, 826]",[],"[196, 264, 667, 724]","[0, 5, 7, 10, 14, 19, 20, 22, 24, 32, 33, 34, 37, 38, 40, 44, 46, 48, 49, 51, 56, 61, 63, 65, 67, 68, 73, 74, 75, 76, 79, 81, 82, 83, 85, 87, 88, 92, 93, 95, 96, 99, 100, 101, 103, 104, 105, 106, 107, 108, 109, 110, 111, 112, 113, 114, 115, 116, 117, 118, 119, 120, 121, 122, 123, 124, 125, 126, 127, 128, 129, 130, 131, 132, 133, 134, 135, 136, 137, 138, 139, 140, 141, 142, 143, 144, 145, 146, 147, 148, 149, 150, 151, 152, 153, 154, 155, 156, 157, 158, 159, 160, 161, 162, 163, 164, 165, 166, 167, 168, 169, 170, 171, 172, 173, 174, 175, 176, 177, 178, 179, 180, 181, 182, 183, 184, 185, 186, 187, 188, 189, 190, 191, 192, 193, 194, 195, 196, 197, 198, 199, 200, 201, 202, 203, 204, 205, 206, 207, 208, 209, 210, 211, 212, 213, 214, 215, 216, 217, 218, 219, 220, 221, 222, 223, 224, 225, 226, 227, 228, 229, 230, 231, 232, 233, 234, 235, 236, 237, 238, 239, 240, 241, 242, 243, 244, 245, 246, 247, 248, 249, 250, 251, 252, 253, 254, 255, 256, 257, 258, 259, 260, 261, 262, 263, 264, 265, 266, 267, 268, 269, 270, 271, 272, 273, 274, 275, 276, 277, 278, 279, 280, 281, 282, 283, 284, 285, 286, 287, 288, 289, 290, 291, 292, 293, 294, 295, 296, 297, 298, 299, 300, 301, 302, 303, 304, 305, 306, 307, 308, 309, 310, 311, 312, 313, 314, 315, 316, 317, 318, 319, 320, 321, 322, 323, 324, 325, 326, 327, 328, 329, 330, 331, 332, 333, 334, 335, 336, 337, 376, 485, 491, 493, 495, 499, 503, 504, 506, 508, 515, 518, 519, 521, 524, 526, 528, 533, 537, 539, 542, 543, 547, 548, 549, 550, 551, 553, 554, 556, 558, 559, 563, 564, 566, 567, 570, 571, 572, 574, 575, 576, 577, 578, 579, 580, 581, 582, 583, 584, 585, 586, 587, 588, 589, 590, 591, 592, 593, 594, 595, 596, 597, 598, 599, 600, 601, 602, 603, 604, 605, 606, 607, 608, 609, 610, 611, 612, 613, 614, 615, 616, 617, 618, 619, 620, 621, 622, 623, 624, 625, 626, 627, 628, 629, 630, 631, 632, 633, 634, 635, 636, 637, 638, 639, 640, 641, 642, 643, 644, 645, 646, 647, 648, 649, 650, 651, 652, 653, 654, 655, 656, 657, 658, 659, 660, 661, 662, 663, 664, 665, 666, 667, 668, 669, 670, 671, 672, 673, 674, 675, 676, 677, 678, 679, 680, 681, 682, 683, 684, 685, 686, 687, 688, 689, 690, 691, 692, 693, 694, 695, 696, 697, 698, 699, 700, 701, 702, 703, 704, 705, 706, 707, 708, 709, 710, 711, 712, 713, 714, 715, 716, 717, 718, 719, 720, 721, 722, 723, 724, 725, 726, 727, 728, 729, 730, 731, 732, 733, 734, 735, 736, 737, 738, 739, 740, 741, 742, 743, 744, 745, 746, 747, 748, 749, 750, 751, 752, 753, 754, 755, 756, 757, 758, 759, 760, 761, 762, 763, 764, 765, 766, 767, 768, 769, 770, 771, 772, 773, 774, 775, 776, 777, 778, 779, 780, 781, 782, 783, 784, 785, 786, 787, 788, 789, 790, 791, 792, 793, 826]",False,[],"[103, 104, 105, 106, 107, 108, 109, 110, 111, 112, 113, 114, 115, 116, 117, 118, 119, 120, 121, 122, 123, 124, 125, 126, 127, 128, 129, 130, 131, 132, 133, 134, 135, 136, 137, 138, 139, 140, 141, 142, 143, 144, 145, 146, 147, 148, 149, 150, 151, 152, 153, 154, 155, 156, 157, 158, 159, 160, 161, 162, 163, 164, 165, 166, 167, 168, 169, 170, 171, 172, 173, 174, 175, 176, 177, 178, 179, 180, 181, 182, 183, 184, 185, 186, 187, 188, 189, 190, 191, 192, 193, 194, 195, 196, 197, 198, 199, 200, 201, 202, 203, 204, 205, 206, 207, 208, 209, 210, 211, 212, 213, 214, 215, 216, 217, 218, 219, 220, 221, 222, 223, 224, 225, 226, 227, 228, 229, 230, 231, 232, 233, 234, 235, 236, 237, 238, 239, 240, 241, 242, 243, 244, 245, 246, 247, 248, 249, 250, 251, 252, 253, 254, 255, 256, 257, 258, 259, 260, 261, 262, 263, 264, 265, 266, 267, 268, 269, 270, 271, 272, 273, 274, 275, 276, 277, 278, 279, 280, 281, 282, 283, 284, 285, 286, 287, 288, 289, 290, 291, 292, 293, 294, 295, 296, 297, 298, 299, 300, 301, 302, 303, 304, 305, 306, 307, 308, 309, 310, 311, 312, 313, 314, 315, 316, 317, 318, 319, 320, 321, 322, 323, 324, 325, 326, 327, 328, 329, 330, 331, 332, 333, 334, 335, 336, 337, 574, 575, 576, 577, 578, 579, 580, 581, 582, 583, 584, 585, 586, 587, 588, 589, 590, 591, 592, 593, 594, 595, 596, 597, 598, 599, 600, 601, 602, 603, 604, 605, 606, 607, 608, 609, 610, 611, 612, 613, 614, 615, 616, 617, 618, 619, 620, 621, 622, 623, 624, 625, 626, 627, 628, 629, 630, 631, 632, 633, 634, 635, 636, 637, 638, 639, 640, 641, 642, 643, 644, 645, 646, 647, 648, 649, 650, 651, 652, 653, 654, 655, 656, 657, 658, 659, 660, 661, 662, 663, 664, 665, 666, 667, 668, 669, 670, 671, 672, 673, 674, 675, 676, 677, 678, 679, 680, 681, 682, 683, 684, 685, 686, 687, 688, 689, 690, 691, 692, 693, 694, 695, 696, 697, 698, 699, 700, 701, 702, 703, 704, 705, 706, 707, 708, 709, 710, 711, 712, 713, 714, 715, 716, 717, 718, 719, 720, 721, 722, 723, 724, 725, 726, 727, 728, 729, 730, 731, 732, 733, 734, 735, 736, 737, 738, 739, 740, 741, 742, 743, 744, 745, 746, 747, 748, 749, 750, 751, 752, 753, 754, 755, 756, 757, 758, 759, 760, 761, 762, 763, 764, 765, 766, 767, 768, 769, 770, 771, 772, 773, 774, 775, 776, 777, 778, 779, 780, 781, 782, 783, 784, 785, 786, 787, 788, 789, 790, 791, 792, 793]","[294, 300, 753, 759]","[300, 330, 759, 787]","[0, 5, 7, 10, 14, 19, 20, 22, 24, 32, 33, 34, 37, 38, 40, 44, 46, 48, 49, 51, 56, 61, 63, 65, 67, 68, 73, 74, 75, 76, 79, 81, 82, 83, 85, 87, 88, 92, 93, 95, 96, 99, 100, 101, 115, 116, 124, 134, 142, 161, 167, 169, 170, 186, 202, 240, 244, 254, 260, 267, 277, 300, 303, 307, 310, 322, 331, 376, 485, 491, 493, 495, 499, 503, 504, 506, 508, 515, 518, 519, 521, 524, 526, 528, 533, 537, 539, 542, 543, 547, 548, 549, 550, 551, 553, 554, 556, 558, 559, 563, 564, 566, 567, 570, 571, 572, 586, 587, 595, 605, 613, 633, 639, 640, 641, 657, 672, 704, 717, 726, 736, 759, 761, 765, 768, 780, 788, 792, 826]","[196, 264, 667, 724]",[],5/6 successful match,False,[752],True,691,False,,,,,
"Vernon , 90028 West Coast Petroleum",323-267-0706 3308 Bandini ( 2 mi W of I -,24 HRS +91 <U+2610>,Vernon,90028,West Coast Petroleum,323-267-0706,2006,Los Angeles,CA,,( 2 mi W of I -,3308 Bandini,Proper,,False,,False,3308 Bandini,,,,,"[328, 786]",[],"[126, 294, 300, 328, 597, 753, 759, 786]",[],"[103, 104, 105, 106, 107, 108, 109, 110, 111, 112, 113, 114, 115, 116, 117, 118, 119, 120, 121, 122, 123, 124, 125, 126, 127, 128, 129, 130, 131, 132, 133, 134, 135, 136, 137, 138, 139, 140, 141, 142, 143, 144, 145, 146, 147, 148, 149, 150, 151, 152, 153, 154, 155, 156, 157, 158, 159, 160, 161, 162, 163, 164, 165, 166, 167, 168, 169, 170, 171, 172, 173, 174, 175, 176, 177, 178, 179, 180, 181, 182, 183, 184, 185, 186, 187, 188, 189, 190, 191, 192, 193, 194, 195, 196, 197, 198, 199, 200, 201, 202, 203, 204, 205, 206, 207, 208, 209, 210, 211, 212, 213, 214, 215, 216, 217, 218, 219, 220, 221, 222, 223, 224, 225, 226, 227, 228, 229, 230, 231, 232, 233, 234, 235, 236, 237, 238, 239, 240, 241, 242, 243, 244, 245, 246, 247, 248, 249, 250, 251, 252, 253, 254, 255, 256, 257, 258, 259, 260, 261, 262, 263, 264, 265, 266, 267, 268, 269, 270, 271, 272, 273, 274, 275, 276, 277, 278, 279, 280, 281, 282, 283, 284, 285, 286, 287, 288, 289, 290, 291, 292, 293, 294, 295, 296, 297, 298, 299, 300, 301, 302, 303, 304, 305, 306, 307, 308, 309, 310, 311, 312, 313, 314, 315, 316, 317, 318, 319, 320, 321, 322, 323, 324, 325, 326, 327, 328, 329, 330, 331, 332, 333, 334, 335, 336, 337, 574, 575, 576, 577, 578, 579, 580, 581, 582, 583, 584, 585, 586, 587, 588, 589, 590, 591, 592, 593, 594, 595, 596, 597, 598, 599, 600, 601, 602, 603, 604, 605, 606, 607, 608, 609, 610, 611, 612, 613, 614, 615, 616, 617, 618, 619, 620, 621, 622, 623, 624, 625, 626, 627, 628, 629, 630, 631, 632, 633, 634, 635, 636, 637, 638, 639, 640, 641, 642, 643, 644, 645, 646, 647, 648, 649, 650, 651, 652, 653, 654, 655, 656, 657, 658, 659, 660, 661, 662, 663, 664, 665, 666, 667, 668, 669, 670, 671, 672, 673, 674, 675, 676, 677, 678, 679, 680, 681, 682, 683, 684, 685, 686, 687, 688, 689, 690, 691, 692, 693, 694, 695, 696, 697, 698, 699, 700, 701, 702, 703, 704, 705, 706, 707, 708, 709, 710, 711, 712, 713, 714, 715, 716, 717, 718, 719, 720, 721, 722, 723, 724, 725, 726, 727, 728, 729, 730, 731, 732, 733, 734, 735, 736, 737, 738, 739, 740, 741, 742, 743, 744, 745, 746, 747, 748, 749, 750, 751, 752, 753, 754, 755, 756, 757, 758, 759, 760, 761, 762, 763, 764, 765, 766, 767, 768, 769, 770, 771, 772, 773, 774, 775, 776, 777, 778, 779, 780, 781, 782, 783, 784, 785, 786, 787, 788, 789, 790, 791, 792, 793]","[126, 328, 597, 786]",[],"[176, 177, 325, 332, 467, 483, 484, 647, 648, 783, 789, 914, 927, 934, 935]","[103, 104, 105, 106, 107, 108, 109, 110, 111, 112, 113, 114, 115, 116, 117, 118, 119, 120, 121, 122, 123, 124, 125, 126, 127, 128, 129, 130, 131, 132, 133, 134, 135, 136, 137, 138, 139, 140, 141, 142, 143, 144, 145, 146, 147, 148, 149, 150, 151, 152, 153, 154, 155, 156, 157, 158, 159, 160, 161, 162, 163, 164, 165, 166, 167, 168, 169, 170, 171, 172, 173, 174, 175, 176, 177, 178, 179, 180, 181, 182, 183, 184, 185, 186, 187, 188, 189, 190, 191, 192, 193, 194, 195, 196, 197, 198, 199, 200, 201, 202, 203, 204, 205, 206, 207, 208, 209, 210, 211, 212, 213, 214, 215, 216, 217, 218, 219, 220, 221, 222, 223, 224, 225, 226, 227, 228, 229, 230, 231, 232, 233, 234, 235, 236, 237, 238, 239, 240, 241, 242, 243, 244, 245, 246, 247, 248, 249, 250, 251, 252, 253, 254, 255, 256, 257, 258, 259, 260, 261, 262, 263, 264, 265, 266, 267, 268, 269, 270, 271, 272, 273, 274, 275, 276, 277, 278, 279, 280, 281, 282, 283, 284, 285, 286, 287, 288, 289, 290, 291, 292, 293, 294, 295, 296, 297, 298, 299, 300, 301, 302, 303, 304, 305, 306, 307, 308, 309, 310, 311, 312, 313, 314, 315, 316, 317, 318, 319, 320, 321, 322, 323, 324, 325, 326, 327, 328, 329, 330, 331, 332, 333, 334, 335, 336, 337, 467, 483, 484, 574, 575, 576, 577, 578, 579, 580, 581, 582, 583, 584, 585, 586, 587, 588, 589, 590, 591, 592, 593, 594, 595, 596, 597, 598, 599, 600, 601, 602, 603, 604, 605, 606, 607, 608, 609, 610, 611, 612, 613, 614, 615, 616, 617, 618, 619, 620, 621, 622, 623, 624, 625, 626, 627, 628, 629, 630, 631, 632, 633, 634, 635, 636, 637, 638, 639, 640, 641, 642, 643, 644, 645, 646, 647, 648, 649, 650, 651, 652, 653, 654, 655, 656, 657, 658, 659, 660, 661, 662, 663, 664, 665, 666, 667, 668, 669, 670, 671, 672, 673, 674, 675, 676, 677, 678, 679, 680, 681, 682, 683, 684, 685, 686, 687, 688, 689, 690, 691, 692, 693, 694, 695, 696, 697, 698, 699, 700, 701, 702, 703, 704, 705, 706, 707, 708, 709, 710, 711, 712, 713, 714, 715, 716, 717, 718, 719, 720, 721, 722, 723, 724, 725, 726, 727, 728, 729, 730, 731, 732, 733, 734, 735, 736, 737, 738, 739, 740, 741, 742, 743, 744, 745, 746, 747, 748, 749, 750, 751, 752, 753, 754, 755, 756, 757, 758, 759, 760, 761, 762, 763, 764, 765, 766, 767, 768, 769, 770, 771, 772, 773, 774, 775, 776, 777, 778, 779, 780, 781, 782, 783, 784, 785, 786, 787, 788, 789, 790, 791, 792, 793, 914, 927, 934, 935]",True,[],"[103, 104, 105, 106, 107, 108, 109, 110, 111, 112, 113, 114, 115, 116, 117, 118, 119, 120, 121, 122, 123, 124, 125, 126, 127, 128, 129, 130, 131, 132, 133, 134, 135, 136, 137, 138, 139, 140, 141, 142, 143, 144, 145, 146, 147, 148, 149, 150, 151, 152, 153, 154, 155, 156, 157, 158, 159, 160, 161, 162, 163, 164, 165, 166, 167, 168, 169, 170, 171, 172, 173, 174, 175, 176, 177, 178, 179, 180, 181, 182, 183, 184, 185, 186, 187, 188, 189, 190, 191, 192, 193, 194, 195, 196, 197, 198, 199, 200, 201, 202, 203, 204, 205, 206, 207, 208, 209, 210, 211, 212, 213, 214, 215, 216, 217, 218, 219, 220, 221, 222, 223, 224, 225, 226, 227, 228, 229, 230, 231, 232, 233, 234, 235, 236, 237, 238, 239, 240, 241, 242, 243, 244, 245, 246, 247, 248, 249, 250, 251, 252, 253, 254, 255, 256, 257, 258, 259, 260, 261, 262, 263, 264, 265, 266, 267, 268, 269, 270, 271, 272, 273, 274, 275, 276, 277, 278, 279, 280, 281, 282, 283, 284, 285, 286, 287, 288, 289, 290, 291, 292, 293, 294, 295, 296, 297, 298, 299, 300, 301, 302, 303, 304, 305, 306, 307, 308, 309, 310, 311, 312, 313, 314, 315, 316, 317, 318, 319, 320, 321, 322, 323, 324, 325, 326, 327, 328, 329, 330, 331, 332, 333, 334, 335, 336, 337, 574, 575, 576, 577, 578, 579, 580, 581, 582, 583, 584, 585, 586, 587, 588, 589, 590, 591, 592, 593, 594, 595, 596, 597, 598, 599, 600, 601, 602, 603, 604, 605, 606, 607, 608, 609, 610, 611, 612, 613, 614, 615, 616, 617, 618, 619, 620, 621, 622, 623, 624, 625, 626, 627, 628, 629, 630, 631, 632, 633, 634, 635, 636, 637, 638, 639, 640, 641, 642, 643, 644, 645, 646, 647, 648, 649, 650, 651, 652, 653, 654, 655, 656, 657, 658, 659, 660, 661, 662, 663, 664, 665, 666, 667, 668, 669, 670, 671, 672, 673, 674, 675, 676, 677, 678, 679, 680, 681, 682, 683, 684, 685, 686, 687, 688, 689, 690, 691, 692, 693, 694, 695, 696, 697, 698, 699, 700, 701, 702, 703, 704, 705, 706, 707, 708, 709, 710, 711, 712, 713, 714, 715, 716, 717, 718, 719, 720, 721, 722, 723, 724, 725, 726, 727, 728, 729, 730, 731, 732, 733, 734, 735, 736, 737, 738, 739, 740, 741, 742, 743, 744, 745, 746, 747, 748, 749, 750, 751, 752, 753, 754, 755, 756, 757, 758, 759, 760, 761, 762, 763, 764, 765, 766, 767, 768, 769, 770, 771, 772, 773, 774, 775, 776, 777, 778, 779, 780, 781, 782, 783, 784, 785, 786, 787, 788, 789, 790, 791, 792, 793]","[126, 294, 300, 328, 597, 753, 759, 786]",[],"[126, 328, 597, 786]","[176, 177, 325, 332, 467, 483, 484, 647, 648, 783, 789, 914, 927, 934, 935]",[],5/6 successful match,True,,False,692,False,,,,,
"Vernon , 90028 Vernon Truck Wash",5 323-267-0706 3308 Bandini ( 2 mi W of I-710 ),24,Vernon,90028,Vernon Truck Wash,323-267-0706,2007,Los Angeles,CA,,( 2 mi W of I-710 ),3308 Bandini,Proper,,False,,False,3308 Bandini,,,,,"[328, 786]",[],"[126, 294, 300, 328, 597, 753, 759, 786]",[],"[103, 104, 105, 106, 107, 108, 109, 110, 111, 112, 113, 114, 115, 116, 117, 118, 119, 120, 121, 122, 123, 124, 125, 126, 127, 128, 129, 130, 131, 132, 133, 134, 135, 136, 137, 138, 139, 140, 141, 142, 143, 144, 145, 146, 147, 148, 149, 150, 151, 152, 153, 154, 155, 156, 157, 158, 159, 160, 161, 162, 163, 164, 165, 166, 167, 168, 169, 170, 171, 172, 173, 174, 175, 176, 177, 178, 179, 180, 181, 182, 183, 184, 185, 186, 187, 188, 189, 190, 191, 192, 193, 194, 195, 196, 197, 198, 199, 200, 201, 202, 203, 204, 205, 206, 207, 208, 209, 210, 211, 212, 213, 214, 215, 216, 217, 218, 219, 220, 221, 222, 223, 224, 225, 226, 227, 228, 229, 230, 231, 232, 233, 234, 235, 236, 237, 238, 239, 240, 241, 242, 243, 244, 245, 246, 247, 248, 249, 250, 251, 252, 253, 254, 255, 256, 257, 258, 259, 260, 261, 262, 263, 264, 265, 266, 267, 268, 269, 270, 271, 272, 273, 274, 275, 276, 277, 278, 279, 280, 281, 282, 283, 284, 285, 286, 287, 288, 289, 290, 291, 292, 293, 294, 295, 296, 297, 298, 299, 300, 301, 302, 303, 304, 305, 306, 307, 308, 309, 310, 311, 312, 313, 314, 315, 316, 317, 318, 319, 320, 321, 322, 323, 324, 325, 326, 327, 328, 329, 330, 331, 332, 333, 334, 335, 336, 337, 574, 575, 576, 577, 578, 579, 580, 581, 582, 583, 584, 585, 586, 587, 588, 589, 590, 591, 592, 593, 594, 595, 596, 597, 598, 599, 600, 601, 602, 603, 604, 605, 606, 607, 608, 609, 610, 611, 612, 613, 614, 615, 616, 617, 618, 619, 620, 621, 622, 623, 624, 625, 626, 627, 628, 629, 630, 631, 632, 633, 634, 635, 636, 637, 638, 639, 640, 641, 642, 643, 644, 645, 646, 647, 648, 649, 650, 651, 652, 653, 654, 655, 656, 657, 658, 659, 660, 661, 662, 663, 664, 665, 666, 667, 668, 669, 670, 671, 672, 673, 674, 675, 676, 677, 678, 679, 680, 681, 682, 683, 684, 685, 686, 687, 688, 689, 690, 691, 692, 693, 694, 695, 696, 697, 698, 699, 700, 701, 702, 703, 704, 705, 706, 707, 708, 709, 710, 711, 712, 713, 714, 715, 716, 717, 718, 719, 720, 721, 722, 723, 724, 725, 726, 727, 728, 729, 730, 731, 732, 733, 734, 735, 736, 737, 738, 739, 740, 741, 742, 743, 744, 745, 746, 747, 748, 749, 750, 751, 752, 753, 754, 755, 756, 757, 758, 759, 760, 761, 762, 763, 764, 765, 766, 767, 768, 769, 770, 771, 772, 773, 774, 775, 776, 777, 778, 779, 780, 781, 782, 783, 784, 785, 786, 787, 788, 789, 790, 791, 792, 793]","[126, 328, 597, 786]",[],"[328, 786]","[103, 104, 105, 106, 107, 108, 109, 110, 111, 112, 113, 114, 115, 116, 117, 118, 119, 120, 121, 122, 123, 124, 125, 126, 127, 128, 129, 130, 131, 132, 133, 134, 135, 136, 137, 138, 139, 140, 141, 142, 143, 144, 145, 146, 147, 148, 149, 150, 151, 152, 153, 154, 155, 156, 157, 158, 159, 160, 161, 162, 163, 164, 165, 166, 167, 168, 169, 170, 171, 172, 173, 174, 175, 176, 177, 178, 179, 180, 181, 182, 183, 184, 185, 186, 187, 188, 189, 190, 191, 192, 193, 194, 195, 196, 197, 198, 199, 200, 201, 202, 203, 204, 205, 206, 207, 208, 209, 210, 211, 212, 213, 214, 215, 216, 217, 218, 219, 220, 221, 222, 223, 224, 225, 226, 227, 228, 229, 230, 231, 232, 233, 234, 235, 236, 237, 238, 239, 240, 241, 242, 243, 244, 245, 246, 247, 248, 249, 250, 251, 252, 253, 254, 255, 256, 257, 258, 259, 260, 261, 262, 263, 264, 265, 266, 267, 268, 269, 270, 271, 272, 273, 274, 275, 276, 277, 278, 279, 280, 281, 282, 283, 284, 285, 286, 287, 288, 289, 290, 291, 292, 293, 294, 295, 296, 297, 298, 299, 300, 301, 302, 303, 304, 305, 306, 307, 308, 309, 310, 311, 312, 313, 314, 315, 316, 317, 318, 319, 320, 321, 322, 323, 324, 325, 326, 327, 328, 329, 330, 331, 332, 333, 334, 335, 336, 337, 574, 575, 576, 577, 578, 579, 580, 581, 582, 583, 584, 585, 586, 587, 588, 589, 590, 591, 592, 593, 594, 595, 596, 597, 598, 599, 600, 601, 602, 603, 604, 605, 606, 607, 608, 609, 610, 611, 612, 613, 614, 615, 616, 617, 618, 619, 620, 621, 622, 623, 624, 625, 626, 627, 628, 629, 630, 631, 632, 633, 634, 635, 636, 637, 638, 639, 640, 641, 642, 643, 644, 645, 646, 647, 648, 649, 650, 651, 652, 653, 654, 655, 656, 657, 658, 659, 660, 661, 662, 663, 664, 665, 666, 667, 668, 669, 670, 671, 672, 673, 674, 675, 676, 677, 678, 679, 680, 681, 682, 683, 684, 685, 686, 687, 688, 689, 690, 691, 692, 693, 694, 695, 696, 697, 698, 699, 700, 701, 702, 703, 704, 705, 706, 707, 708, 709, 710, 711, 712, 713, 714, 715, 716, 717, 718, 719, 720, 721, 722, 723, 724, 725, 726, 727, 728, 729, 730, 731, 732, 733, 734, 735, 736, 737, 738, 739, 740, 741, 742, 743, 744, 745, 746, 747, 748, 749, 750, 751, 752, 753, 754, 755, 756, 757, 758, 759, 760, 761, 762, 763, 764, 765, 766, 767, 768, 769, 770, 771, 772, 773, 774, 775, 776, 777, 778, 779, 780, 781, 782, 783, 784, 785, 786, 787, 788, 789, 790, 791, 792, 793]",True,[],"[103, 104, 105, 106, 107, 108, 109, 110, 111, 112, 113, 114, 115, 116, 117, 118, 119, 120, 121, 122, 123, 124, 125, 126, 127, 128, 129, 130, 131, 132, 133, 134, 135, 136, 137, 138, 139, 140, 141, 142, 143, 144, 145, 146, 147, 148, 149, 150, 151, 152, 153, 154, 155, 156, 157, 158, 159, 160, 161, 162, 163, 164, 165, 166, 167, 168, 169, 170, 171, 172, 173, 174, 175, 176, 177, 178, 179, 180, 181, 182, 183, 184, 185, 186, 187, 188, 189, 190, 191, 192, 193, 194, 195, 196, 197, 198, 199, 200, 201, 202, 203, 204, 205, 206, 207, 208, 209, 210, 211, 212, 213, 214, 215, 216, 217, 218, 219, 220, 221, 222, 223, 224, 225, 226, 227, 228, 229, 230, 231, 232, 233, 234, 235, 236, 237, 238, 239, 240, 241, 242, 243, 244, 245, 246, 247, 248, 249, 250, 251, 252, 253, 254, 255, 256, 257, 258, 259, 260, 261, 262, 263, 264, 265, 266, 267, 268, 269, 270, 271, 272, 273, 274, 275, 276, 277, 278, 279, 280, 281, 282, 283, 284, 285, 286, 287, 288, 289, 290, 291, 292, 293, 294, 295, 296, 297, 298, 299, 300, 301, 302, 303, 304, 305, 306, 307, 308, 309, 310, 311, 312, 313, 314, 315, 316, 317, 318, 319, 320, 321, 322, 323, 324, 325, 326, 327, 328, 329, 330, 331, 332, 333, 334, 335, 336, 337, 574, 575, 576, 577, 578, 579, 580, 581, 582, 583, 584, 585, 586, 587, 588, 589, 590, 591, 592, 593, 594, 595, 596, 597, 598, 599, 600, 601, 602, 603, 604, 605, 606, 607, 608, 609, 610, 611, 612, 613, 614, 615, 616, 617, 618, 619, 620, 621, 622, 623, 624, 625, 626, 627, 628, 629, 630, 631, 632, 633, 634, 635, 636, 637, 638, 639, 640, 641, 642, 643, 644, 645, 646, 647, 648, 649, 650, 651, 652, 653, 654, 655, 656, 657, 658, 659, 660, 661, 662, 663, 664, 665, 666, 667, 668, 669, 670, 671, 672, 673, 674, 675, 676, 677, 678, 679, 680, 681, 682, 683, 684, 685, 686, 687, 688, 689, 690, 691, 692, 693, 694, 695, 696, 697, 698, 699, 700, 701, 702, 703, 704, 705, 706, 707, 708, 709, 710, 711, 712, 713, 714, 715, 716, 717, 718, 719, 720, 721, 722, 723, 724, 725, 726, 727, 728, 729, 730, 731, 732, 733, 734, 735, 736, 737, 738, 739, 740, 741, 742, 743, 744, 745, 746, 747, 748, 749, 750, 751, 752, 753, 754, 755, 756, 757, 758, 759, 760, 761, 762, 763, 764, 765, 766, 767, 768, 769, 770, 771, 772, 773, 774, 775, 776, 777, 778, 779, 780, 781, 782, 783, 784, 785, 786, 787, 788, 789, 790, 791, 792, 793]","[126, 294, 300, 328, 597, 753, 759, 786]",[],"[126, 328, 597, 786]","[328, 786]",[],7/6 successful match,True,,False,692,True,2007,0.16216216216216217,True,West Coast Petroleum,
"Vernon , 90028 Vernon Truck Wash",323-267-0706 3308 Bandini ( 2 mi W of I-710 ) .,HRS 24 S 00,Vernon,90028,Vernon Truck Wash,323-267-0706,2008,Los Angeles,CA,,( 2 mi W of I-710 ) .,3308 Bandini,Proper,,False,,False,3308 Bandini,,,,,"[328, 786]",[],"[126, 294, 300, 328, 597, 753, 759, 786]",[],"[103, 104, 105, 106, 107, 108, 109, 110, 111, 112, 113, 114, 115, 116, 117, 118, 119, 120, 121, 122, 123, 124, 125, 126, 127, 128, 129, 130, 131, 132, 133, 134, 135, 136, 137, 138, 139, 140, 141, 142, 143, 144, 145, 146, 147, 148, 149, 150, 151, 152, 153, 154, 155, 156, 157, 158, 159, 160, 161, 162, 163, 164, 165, 166, 167, 168, 169, 170, 171, 172, 173, 174, 175, 176, 177, 178, 179, 180, 181, 182, 183, 184, 185, 186, 187, 188, 189, 190, 191, 192, 193, 194, 195, 196, 197, 198, 199, 200, 201, 202, 203, 204, 205, 206, 207, 208, 209, 210, 211, 212, 213, 214, 215, 216, 217, 218, 219, 220, 221, 222, 223, 224, 225, 226, 227, 228, 229, 230, 231, 232, 233, 234, 235, 236, 237, 238, 239, 240, 241, 242, 243, 244, 245, 246, 247, 248, 249, 250, 251, 252, 253, 254, 255, 256, 257, 258, 259, 260, 261, 262, 263, 264, 265, 266, 267, 268, 269, 270, 271, 272, 273, 274, 275, 276, 277, 278, 279, 280, 281, 282, 283, 284, 285, 286, 287, 288, 289, 290, 291, 292, 293, 294, 295, 296, 297, 298, 299, 300, 301, 302, 303, 304, 305, 306, 307, 308, 309, 310, 311, 312, 313, 314, 315, 316, 317, 318, 319, 320, 321, 322, 323, 324, 325, 326, 327, 328, 329, 330, 331, 332, 333, 334, 335, 336, 337, 574, 575, 576, 577, 578, 579, 580, 581, 582, 583, 584, 585, 586, 587, 588, 589, 590, 591, 592, 593, 594, 595, 596, 597, 598, 599, 600, 601, 602, 603, 604, 605, 606, 607, 608, 609, 610, 611, 612, 613, 614, 615, 616, 617, 618, 619, 620, 621, 622, 623, 624, 625, 626, 627, 628, 629, 630, 631, 632, 633, 634, 635, 636, 637, 638, 639, 640, 641, 642, 643, 644, 645, 646, 647, 648, 649, 650, 651, 652, 653, 654, 655, 656, 657, 658, 659, 660, 661, 662, 663, 664, 665, 666, 667, 668, 669, 670, 671, 672, 673, 674, 675, 676, 677, 678, 679, 680, 681, 682, 683, 684, 685, 686, 687, 688, 689, 690, 691, 692, 693, 694, 695, 696, 697, 698, 699, 700, 701, 702, 703, 704, 705, 706, 707, 708, 709, 710, 711, 712, 713, 714, 715, 716, 717, 718, 719, 720, 721, 722, 723, 724, 725, 726, 727, 728, 729, 730, 731, 732, 733, 734, 735, 736, 737, 738, 739, 740, 741, 742, 743, 744, 745, 746, 747, 748, 749, 750, 751, 752, 753, 754, 755, 756, 757, 758, 759, 760, 761, 762, 763, 764, 765, 766, 767, 768, 769, 770, 771, 772, 773, 774, 775, 776, 777, 778, 779, 780, 781, 782, 783, 784, 785, 786, 787, 788, 789, 790, 791, 792, 793]","[126, 328, 597, 786]",[],"[328, 786]","[103, 104, 105, 106, 107, 108, 109, 110, 111, 112, 113, 114, 115, 116, 117, 118, 119, 120, 121, 122, 123, 124, 125, 126, 127, 128, 129, 130, 131, 132, 133, 134, 135, 136, 137, 138, 139, 140, 141, 142, 143, 144, 145, 146, 147, 148, 149, 150, 151, 152, 153, 154, 155, 156, 157, 158, 159, 160, 161, 162, 163, 164, 165, 166, 167, 168, 169, 170, 171, 172, 173, 174, 175, 176, 177, 178, 179, 180, 181, 182, 183, 184, 185, 186, 187, 188, 189, 190, 191, 192, 193, 194, 195, 196, 197, 198, 199, 200, 201, 202, 203, 204, 205, 206, 207, 208, 209, 210, 211, 212, 213, 214, 215, 216, 217, 218, 219, 220, 221, 222, 223, 224, 225, 226, 227, 228, 229, 230, 231, 232, 233, 234, 235, 236, 237, 238, 239, 240, 241, 242, 243, 244, 245, 246, 247, 248, 249, 250, 251, 252, 253, 254, 255, 256, 257, 258, 259, 260, 261, 262, 263, 264, 265, 266, 267, 268, 269, 270, 271, 272, 273, 274, 275, 276, 277, 278, 279, 280, 281, 282, 283, 284, 285, 286, 287, 288, 289, 290, 291, 292, 293, 294, 295, 296, 297, 298, 299, 300, 301, 302, 303, 304, 305, 306, 307, 308, 309, 310, 311, 312, 313, 314, 315, 316, 317, 318, 319, 320, 321, 322, 323, 324, 325, 326, 327, 328, 329, 330, 331, 332, 333, 334, 335, 336, 337, 574, 575, 576, 577, 578, 579, 580, 581, 582, 583, 584, 585, 586, 587, 588, 589, 590, 591, 592, 593, 594, 595, 596, 597, 598, 599, 600, 601, 602, 603, 604, 605, 606, 607, 608, 609, 610, 611, 612, 613, 614, 615, 616, 617, 618, 619, 620, 621, 622, 623, 624, 625, 626, 627, 628, 629, 630, 631, 632, 633, 634, 635, 636, 637, 638, 639, 640, 641, 642, 643, 644, 645, 646, 647, 648, 649, 650, 651, 652, 653, 654, 655, 656, 657, 658, 659, 660, 661, 662, 663, 664, 665, 666, 667, 668, 669, 670, 671, 672, 673, 674, 675, 676, 677, 678, 679, 680, 681, 682, 683, 684, 685, 686, 687, 688, 689, 690, 691, 692, 693, 694, 695, 696, 697, 698, 699, 700, 701, 702, 703, 704, 705, 706, 707, 708, 709, 710, 711, 712, 713, 714, 715, 716, 717, 718, 719, 720, 721, 722, 723, 724, 725, 726, 727, 728, 729, 730, 731, 732, 733, 734, 735, 736, 737, 738, 739, 740, 741, 742, 743, 744, 745, 746, 747, 748, 749, 750, 751, 752, 753, 754, 755, 756, 757, 758, 759, 760, 761, 762, 763, 764, 765, 766, 767, 768, 769, 770, 771, 772, 773, 774, 775, 776, 777, 778, 779, 780, 781, 782, 783, 784, 785, 786, 787, 788, 789, 790, 791, 792, 793]",True,[],"[103, 104, 105, 106, 107, 108, 109, 110, 111, 112, 113, 114, 115, 116, 117, 118, 119, 120, 121, 122, 123, 124, 125, 126, 127, 128, 129, 130, 131, 132, 133, 134, 135, 136, 137, 138, 139, 140, 141, 142, 143, 144, 145, 146, 147, 148, 149, 150, 151, 152, 153, 154, 155, 156, 157, 158, 159, 160, 161, 162, 163, 164, 165, 166, 167, 168, 169, 170, 171, 172, 173, 174, 175, 176, 177, 178, 179, 180, 181, 182, 183, 184, 185, 186, 187, 188, 189, 190, 191, 192, 193, 194, 195, 196, 197, 198, 199, 200, 201, 202, 203, 204, 205, 206, 207, 208, 209, 210, 211, 212, 213, 214, 215, 216, 217, 218, 219, 220, 221, 222, 223, 224, 225, 226, 227, 228, 229, 230, 231, 232, 233, 234, 235, 236, 237, 238, 239, 240, 241, 242, 243, 244, 245, 246, 247, 248, 249, 250, 251, 252, 253, 254, 255, 256, 257, 258, 259, 260, 261, 262, 263, 264, 265, 266, 267, 268, 269, 270, 271, 272, 273, 274, 275, 276, 277, 278, 279, 280, 281, 282, 283, 284, 285, 286, 287, 288, 289, 290, 291, 292, 293, 294, 295, 296, 297, 298, 299, 300, 301, 302, 303, 304, 305, 306, 307, 308, 309, 310, 311, 312, 313, 314, 315, 316, 317, 318, 319, 320, 321, 322, 323, 324, 325, 326, 327, 328, 329, 330, 331, 332, 333, 334, 335, 336, 337, 574, 575, 576, 577, 578, 579, 580, 581, 582, 583, 584, 585, 586, 587, 588, 589, 590, 591, 592, 593, 594, 595, 596, 597, 598, 599, 600, 601, 602, 603, 604, 605, 606, 607, 608, 609, 610, 611, 612, 613, 614, 615, 616, 617, 618, 619, 620, 621, 622, 623, 624, 625, 626, 627, 628, 629, 630, 631, 632, 633, 634, 635, 636, 637, 638, 639, 640, 641, 642, 643, 644, 645, 646, 647, 648, 649, 650, 651, 652, 653, 654, 655, 656, 657, 658, 659, 660, 661, 662, 663, 664, 665, 666, 667, 668, 669, 670, 671, 672, 673, 674, 675, 676, 677, 678, 679, 680, 681, 682, 683, 684, 685, 686, 687, 688, 689, 690, 691, 692, 693, 694, 695, 696, 697, 698, 699, 700, 701, 702, 703, 704, 705, 706, 707, 708, 709, 710, 711, 712, 713, 714, 715, 716, 717, 718, 719, 720, 721, 722, 723, 724, 725, 726, 727, 728, 729, 730, 731, 732, 733, 734, 735, 736, 737, 738, 739, 740, 741, 742, 743, 744, 745, 746, 747, 748, 749, 750, 751, 752, 753, 754, 755, 756, 757, 758, 759, 760, 761, 762, 763, 764, 765, 766, 767, 768, 769, 770, 771, 772, 773, 774, 775, 776, 777, 778, 779, 780, 781, 782, 783, 784, 785, 786, 787, 788, 789, 790, 791, 792, 793]","[126, 294, 300, 328, 597, 753, 759, 786]",[],"[126, 328, 597, 786]","[328, 786]",[],7/6 successful match,True,,False,692,False,,1.0,True,Vernon Truck Wash,
Vernon ( 90058 ) Vernon Truck Wash ( Speedy Fuel ),323-267-0706 3308 Bandini ( 2 mi W of I-710 ),24 24 S,Vernon,90058,Vernon Truck Wash ( Speedy Fuel ),323-267-0706,2014,Los Angeles,CA,,( 2 mi W of I-710 ),3308 Bandini,Proper,,False,,False,3308 Bandini,,,,,"[328, 786]","[126, 328, 597, 786]","[126, 294, 300, 328, 597, 753, 759, 786]",[],"[103, 104, 105, 106, 107, 108, 109, 110, 111, 112, 113, 114, 115, 116, 117, 118, 119, 120, 121, 122, 123, 124, 125, 126, 127, 128, 129, 130, 131, 132, 133, 134, 135, 136, 137, 138, 139, 140, 141, 142, 143, 144, 145, 146, 147, 148, 149, 150, 151, 152, 153, 154, 155, 156, 157, 158, 159, 160, 161, 162, 163, 164, 165, 166, 167, 168, 169, 170, 171, 172, 173, 174, 175, 176, 177, 178, 179, 180, 181, 182, 183, 184, 185, 186, 187, 188, 189, 190, 191, 192, 193, 194, 195, 196, 197, 198, 199, 200, 201, 202, 203, 204, 205, 206, 207, 208, 209, 210, 211, 212, 213, 214, 215, 216, 217, 218, 219, 220, 221, 222, 223, 224, 225, 226, 227, 228, 229, 230, 231, 232, 233, 234, 235, 236, 237, 238, 239, 240, 241, 242, 243, 244, 245, 246, 247, 248, 249, 250, 251, 252, 253, 254, 255, 256, 257, 258, 259, 260, 261, 262, 263, 264, 265, 266, 267, 268, 269, 270, 271, 272, 273, 274, 275, 276, 277, 278, 279, 280, 281, 282, 283, 284, 285, 286, 287, 288, 289, 290, 291, 292, 293, 294, 295, 296, 297, 298, 299, 300, 301, 302, 303, 304, 305, 306, 307, 308, 309, 310, 311, 312, 313, 314, 315, 316, 317, 318, 319, 320, 321, 322, 323, 324, 325, 326, 327, 328, 329, 330, 331, 332, 333, 334, 335, 336, 337, 574, 575, 576, 577, 578, 579, 580, 581, 582, 583, 584, 585, 586, 587, 588, 589, 590, 591, 592, 593, 594, 595, 596, 597, 598, 599, 600, 601, 602, 603, 604, 605, 606, 607, 608, 609, 610, 611, 612, 613, 614, 615, 616, 617, 618, 619, 620, 621, 622, 623, 624, 625, 626, 627, 628, 629, 630, 631, 632, 633, 634, 635, 636, 637, 638, 639, 640, 641, 642, 643, 644, 645, 646, 647, 648, 649, 650, 651, 652, 653, 654, 655, 656, 657, 658, 659, 660, 661, 662, 663, 664, 665, 666, 667, 668, 669, 670, 671, 672, 673, 674, 675, 676, 677, 678, 679, 680, 681, 682, 683, 684, 685, 686, 687, 688, 689, 690, 691, 692, 693, 694, 695, 696, 697, 698, 699, 700, 701, 702, 703, 704, 705, 706, 707, 708, 709, 710, 711, 712, 713, 714, 715, 716, 717, 718, 719, 720, 721, 722, 723, 724, 725, 726, 727, 728, 729, 730, 731, 732, 733, 734, 735, 736, 737, 738, 739, 740, 741, 742, 743, 744, 745, 746, 747, 748, 749, 750, 751, 752, 753, 754, 755, 756, 757, 758, 759, 760, 761, 762, 763, 764, 765, 766, 767, 768, 769, 770, 771, 772, 773, 774, 775, 776, 777, 778, 779, 780, 781, 782, 783, 784, 785, 786, 787, 788, 789, 790, 791, 792, 793]","[126, 328, 597, 786]",[],"[90, 91, 294, 295, 296, 328, 561, 562, 753, 754, 755, 786]","[90, 91, 103, 104, 105, 106, 107, 108, 109, 110, 111, 112, 113, 114, 115, 116, 117, 118, 119, 120, 121, 122, 123, 124, 125, 126, 127, 128, 129, 130, 131, 132, 133, 134, 135, 136, 137, 138, 139, 140, 141, 142, 143, 144, 145, 146, 147, 148, 149, 150, 151, 152, 153, 154, 155, 156, 157, 158, 159, 160, 161, 162, 163, 164, 165, 166, 167, 168, 169, 170, 171, 172, 173, 174, 175, 176, 177, 178, 179, 180, 181, 182, 183, 184, 185, 186, 187, 188, 189, 190, 191, 192, 193, 194, 195, 196, 197, 198, 199, 200, 201, 202, 203, 204, 205, 206, 207, 208, 209, 210, 211, 212, 213, 214, 215, 216, 217, 218, 219, 220, 221, 222, 223, 224, 225, 226, 227, 228, 229, 230, 231, 232, 233, 234, 235, 236, 237, 238, 239, 240, 241, 242, 243, 244, 245, 246, 247, 248, 249, 250, 251, 252, 253, 254, 255, 256, 257, 258, 259, 260, 261, 262, 263, 264, 265, 266, 267, 268, 269, 270, 271, 272, 273, 274, 275, 276, 277, 278, 279, 280, 281, 282, 283, 284, 285, 286, 287, 288, 289, 290, 291, 292, 293, 294, 295, 296, 297, 298, 299, 300, 301, 302, 303, 304, 305, 306, 307, 308, 309, 310, 311, 312, 313, 314, 315, 316, 317, 318, 319, 320, 321, 322, 323, 324, 325, 326, 327, 328, 329, 330, 331, 332, 333, 334, 335, 336, 337, 561, 562, 574, 575, 576, 577, 578, 579, 580, 581, 582, 583, 584, 585, 586, 587, 588, 589, 590, 591, 592, 593, 594, 595, 596, 597, 598, 599, 600, 601, 602, 603, 604, 605, 606, 607, 608, 609, 610, 611, 612, 613, 614, 615, 616, 617, 618, 619, 620, 621, 622, 623, 624, 625, 626, 627, 628, 629, 630, 631, 632, 633, 634, 635, 636, 637, 638, 639, 640, 641, 642, 643, 644, 645, 646, 647, 648, 649, 650, 651, 652, 653, 654, 655, 656, 657, 658, 659, 660, 661, 662, 663, 664, 665, 666, 667, 668, 669, 670, 671, 672, 673, 674, 675, 676, 677, 678, 679, 680, 681, 682, 683, 684, 685, 686, 687, 688, 689, 690, 691, 692, 693, 694, 695, 696, 697, 698, 699, 700, 701, 702, 703, 704, 705, 706, 707, 708, 709, 710, 711, 712, 713, 714, 715, 716, 717, 718, 719, 720, 721, 722, 723, 724, 725, 726, 727, 728, 729, 730, 731, 732, 733, 734, 735, 736, 737, 738, 739, 740, 741, 742, 743, 744, 745, 746, 747, 748, 749, 750, 751, 752, 753, 754, 755, 756, 757, 758, 759, 760, 761, 762, 763, 764, 765, 766, 767, 768, 769, 770, 771, 772, 773, 774, 775, 776, 777, 778, 779, 780, 781, 782, 783, 784, 785, 786, 787, 788, 789, 790, 791, 792, 793]",True,"[126, 328, 597, 786]","[103, 104, 105, 106, 107, 108, 109, 110, 111, 112, 113, 114, 115, 116, 117, 118, 119, 120, 121, 122, 123, 124, 125, 126, 127, 128, 129, 130, 131, 132, 133, 134, 135, 136, 137, 138, 139, 140, 141, 142, 143, 144, 145, 146, 147, 148, 149, 150, 151, 152, 153, 154, 155, 156, 157, 158, 159, 160, 161, 162, 163, 164, 165, 166, 167, 168, 169, 170, 171, 172, 173, 174, 175, 176, 177, 178, 179, 180, 181, 182, 183, 184, 185, 186, 187, 188, 189, 190, 191, 192, 193, 194, 195, 196, 197, 198, 199, 200, 201, 202, 203, 204, 205, 206, 207, 208, 209, 210, 211, 212, 213, 214, 215, 216, 217, 218, 219, 220, 221, 222, 223, 224, 225, 226, 227, 228, 229, 230, 231, 232, 233, 234, 235, 236, 237, 238, 239, 240, 241, 242, 243, 244, 245, 246, 247, 248, 249, 250, 251, 252, 253, 254, 255, 256, 257, 258, 259, 260, 261, 262, 263, 264, 265, 266, 267, 268, 269, 270, 271, 272, 273, 274, 275, 276, 277, 278, 279, 280, 281, 282, 283, 284, 285, 286, 287, 288, 289, 290, 291, 292, 293, 294, 295, 296, 297, 298, 299, 300, 301, 302, 303, 304, 305, 306, 307, 308, 309, 310, 311, 312, 313, 314, 315, 316, 317, 318, 319, 320, 321, 322, 323, 324, 325, 326, 327, 328, 329, 330, 331, 332, 333, 334, 335, 336, 337, 574, 575, 576, 577, 578, 579, 580, 581, 582, 583, 584, 585, 586, 587, 588, 589, 590, 591, 592, 593, 594, 595, 596, 597, 598, 599, 600, 601, 602, 603, 604, 605, 606, 607, 608, 609, 610, 611, 612, 613, 614, 615, 616, 617, 618, 619, 620, 621, 622, 623, 624, 625, 626, 627, 628, 629, 630, 631, 632, 633, 634, 635, 636, 637, 638, 639, 640, 641, 642, 643, 644, 645, 646, 647, 648, 649, 650, 651, 652, 653, 654, 655, 656, 657, 658, 659, 660, 661, 662, 663, 664, 665, 666, 667, 668, 669, 670, 671, 672, 673, 674, 675, 676, 677, 678, 679, 680, 681, 682, 683, 684, 685, 686, 687, 688, 689, 690, 691, 692, 693, 694, 695, 696, 697, 698, 699, 700, 701, 702, 703, 704, 705, 706, 707, 708, 709, 710, 711, 712, 713, 714, 715, 716, 717, 718, 719, 720, 721, 722, 723, 724, 725, 726, 727, 728, 729, 730, 731, 732, 733, 734, 735, 736, 737, 738, 739, 740, 741, 742, 743, 744, 745, 746, 747, 748, 749, 750, 751, 752, 753, 754, 755, 756, 757, 758, 759, 760, 761, 762, 763, 764, 765, 766, 767, 768, 769, 770, 771, 772, 773, 774, 775, 776, 777, 778, 779, 780, 781, 782, 783, 784, 785, 786, 787, 788, 789, 790, 791, 792, 793]","[126, 294, 300, 328, 597, 753, 759, 786]",[],"[126, 328, 597, 786]","[90, 91, 294, 295, 296, 328, 561, 562, 753, 754, 755, 786]",[],7/6 successful match,True,,False,692,False,,0.9706666666666667,True,Vernon Truck Wash,
Vernon ( 90058 ) Vernon Truck Wash W ( Speedy of I-710 Fuel ) ),323-267-0706 3308 Bandini ( 2 mi W I -,<U+25A1>,Vernon,90058,Vernon Truck Wash W ( Speedy of I-710 Fuel ) ),323-267-0706,2015,Los Angeles,CA,,( 2 mi W I -,3308 Bandini,Proper,,False,,False,3308 Bandini,,,,,"[328, 786]","[126, 328, 597, 786]","[126, 294, 300, 328, 597, 753, 759, 786]",[],"[103, 104, 105, 106, 107, 108, 109, 110, 111, 112, 113, 114, 115, 116, 117, 118, 119, 120, 121, 122, 123, 124, 125, 126, 127, 128, 129, 130, 131, 132, 133, 134, 135, 136, 137, 138, 139, 140, 141, 142, 143, 144, 145, 146, 147, 148, 149, 150, 151, 152, 153, 154, 155, 156, 157, 158, 159, 160, 161, 162, 163, 164, 165, 166, 167, 168, 169, 170, 171, 172, 173, 174, 175, 176, 177, 178, 179, 180, 181, 182, 183, 184, 185, 186, 187, 188, 189, 190, 191, 192, 193, 194, 195, 196, 197, 198, 199, 200, 201, 202, 203, 204, 205, 206, 207, 208, 209, 210, 211, 212, 213, 214, 215, 216, 217, 218, 219, 220, 221, 222, 223, 224, 225, 226, 227, 228, 229, 230, 231, 232, 233, 234, 235, 236, 237, 238, 239, 240, 241, 242, 243, 244, 245, 246, 247, 248, 249, 250, 251, 252, 253, 254, 255, 256, 257, 258, 259, 260, 261, 262, 263, 264, 265, 266, 267, 268, 269, 270, 271, 272, 273, 274, 275, 276, 277, 278, 279, 280, 281, 282, 283, 284, 285, 286, 287, 288, 289, 290, 291, 292, 293, 294, 295, 296, 297, 298, 299, 300, 301, 302, 303, 304, 305, 306, 307, 308, 309, 310, 311, 312, 313, 314, 315, 316, 317, 318, 319, 320, 321, 322, 323, 324, 325, 326, 327, 328, 329, 330, 331, 332, 333, 334, 335, 336, 337, 574, 575, 576, 577, 578, 579, 580, 581, 582, 583, 584, 585, 586, 587, 588, 589, 590, 591, 592, 593, 594, 595, 596, 597, 598, 599, 600, 601, 602, 603, 604, 605, 606, 607, 608, 609, 610, 611, 612, 613, 614, 615, 616, 617, 618, 619, 620, 621, 622, 623, 624, 625, 626, 627, 628, 629, 630, 631, 632, 633, 634, 635, 636, 637, 638, 639, 640, 641, 642, 643, 644, 645, 646, 647, 648, 649, 650, 651, 652, 653, 654, 655, 656, 657, 658, 659, 660, 661, 662, 663, 664, 665, 666, 667, 668, 669, 670, 671, 672, 673, 674, 675, 676, 677, 678, 679, 680, 681, 682, 683, 684, 685, 686, 687, 688, 689, 690, 691, 692, 693, 694, 695, 696, 697, 698, 699, 700, 701, 702, 703, 704, 705, 706, 707, 708, 709, 710, 711, 712, 713, 714, 715, 716, 717, 718, 719, 720, 721, 722, 723, 724, 725, 726, 727, 728, 729, 730, 731, 732, 733, 734, 735, 736, 737, 738, 739, 740, 741, 742, 743, 744, 745, 746, 747, 748, 749, 750, 751, 752, 753, 754, 755, 756, 757, 758, 759, 760, 761, 762, 763, 764, 765, 766, 767, 768, 769, 770, 771, 772, 773, 774, 775, 776, 777, 778, 779, 780, 781, 782, 783, 784, 785, 786, 787, 788, 789, 790, 791, 792, 793]","[126, 328, 597, 786]",[],"[90, 91, 294, 295, 296, 328, 561, 562, 753, 754, 755, 786]","[90, 91, 103, 104, 105, 106, 107, 108, 109, 110, 111, 112, 113, 114, 115, 116, 117, 118, 119, 120, 121, 122, 123, 124, 125, 126, 127, 128, 129, 130, 131, 132, 133, 134, 135, 136, 137, 138, 139, 140, 141, 142, 143, 144, 145, 146, 147, 148, 149, 150, 151, 152, 153, 154, 155, 156, 157, 158, 159, 160, 161, 162, 163, 164, 165, 166, 167, 168, 169, 170, 171, 172, 173, 174, 175, 176, 177, 178, 179, 180, 181, 182, 183, 184, 185, 186, 187, 188, 189, 190, 191, 192, 193, 194, 195, 196, 197, 198, 199, 200, 201, 202, 203, 204, 205, 206, 207, 208, 209, 210, 211, 212, 213, 214, 215, 216, 217, 218, 219, 220, 221, 222, 223, 224, 225, 226, 227, 228, 229, 230, 231, 232, 233, 234, 235, 236, 237, 238, 239, 240, 241, 242, 243, 244, 245, 246, 247, 248, 249, 250, 251, 252, 253, 254, 255, 256, 257, 258, 259, 260, 261, 262, 263, 264, 265, 266, 267, 268, 269, 270, 271, 272, 273, 274, 275, 276, 277, 278, 279, 280, 281, 282, 283, 284, 285, 286, 287, 288, 289, 290, 291, 292, 293, 294, 295, 296, 297, 298, 299, 300, 301, 302, 303, 304, 305, 306, 307, 308, 309, 310, 311, 312, 313, 314, 315, 316, 317, 318, 319, 320, 321, 322, 323, 324, 325, 326, 327, 328, 329, 330, 331, 332, 333, 334, 335, 336, 337, 561, 562, 574, 575, 576, 577, 578, 579, 580, 581, 582, 583, 584, 585, 586, 587, 588, 589, 590, 591, 592, 593, 594, 595, 596, 597, 598, 599, 600, 601, 602, 603, 604, 605, 606, 607, 608, 609, 610, 611, 612, 613, 614, 615, 616, 617, 618, 619, 620, 621, 622, 623, 624, 625, 626, 627, 628, 629, 630, 631, 632, 633, 634, 635, 636, 637, 638, 639, 640, 641, 642, 643, 644, 645, 646, 647, 648, 649, 650, 651, 652, 653, 654, 655, 656, 657, 658, 659, 660, 661, 662, 663, 664, 665, 666, 667, 668, 669, 670, 671, 672, 673, 674, 675, 676, 677, 678, 679, 680, 681, 682, 683, 684, 685, 686, 687, 688, 689, 690, 691, 692, 693, 694, 695, 696, 697, 698, 699, 700, 701, 702, 703, 704, 705, 706, 707, 708, 709, 710, 711, 712, 713, 714, 715, 716, 717, 718, 719, 720, 721, 722, 723, 724, 725, 726, 727, 728, 729, 730, 731, 732, 733, 734, 735, 736, 737, 738, 739, 740, 741, 742, 743, 744, 745, 746, 747, 748, 749, 750, 751, 752, 753, 754, 755, 756, 757, 758, 759, 760, 761, 762, 763, 764, 765, 766, 767, 768, 769, 770, 771, 772, 773, 774, 775, 776, 777, 778, 779, 780, 781, 782, 783, 784, 785, 786, 787, 788, 789, 790, 791, 792, 793]",True,"[126, 328, 597, 786]","[103, 104, 105, 106, 107, 108, 109, 110, 111, 112, 113, 114, 115, 116, 117, 118, 119, 120, 121, 122, 123, 124, 125, 126, 127, 128, 129, 130, 131, 132, 133, 134, 135, 136, 137, 138, 139, 140, 141, 142, 143, 144, 145, 146, 147, 148, 149, 150, 151, 152, 153, 154, 155, 156, 157, 158, 159, 160, 161, 162, 163, 164, 165, 166, 167, 168, 169, 170, 171, 172, 173, 174, 175, 176, 177, 178, 179, 180, 181, 182, 183, 184, 185, 186, 187, 188, 189, 190, 191, 192, 193, 194, 195, 196, 197, 198, 199, 200, 201, 202, 203, 204, 205, 206, 207, 208, 209, 210, 211, 212, 213, 214, 215, 216, 217, 218, 219, 220, 221, 222, 223, 224, 225, 226, 227, 228, 229, 230, 231, 232, 233, 234, 235, 236, 237, 238, 239, 240, 241, 242, 243, 244, 245, 246, 247, 248, 249, 250, 251, 252, 253, 254, 255, 256, 257, 258, 259, 260, 261, 262, 263, 264, 265, 266, 267, 268, 269, 270, 271, 272, 273, 274, 275, 276, 277, 278, 279, 280, 281, 282, 283, 284, 285, 286, 287, 288, 289, 290, 291, 292, 293, 294, 295, 296, 297, 298, 299, 300, 301, 302, 303, 304, 305, 306, 307, 308, 309, 310, 311, 312, 313, 314, 315, 316, 317, 318, 319, 320, 321, 322, 323, 324, 325, 326, 327, 328, 329, 330, 331, 332, 333, 334, 335, 336, 337, 574, 575, 576, 577, 578, 579, 580, 581, 582, 583, 584, 585, 586, 587, 588, 589, 590, 591, 592, 593, 594, 595, 596, 597, 598, 599, 600, 601, 602, 603, 604, 605, 606, 607, 608, 609, 610, 611, 612, 613, 614, 615, 616, 617, 618, 619, 620, 621, 622, 623, 624, 625, 626, 627, 628, 629, 630, 631, 632, 633, 634, 635, 636, 637, 638, 639, 640, 641, 642, 643, 644, 645, 646, 647, 648, 649, 650, 651, 652, 653, 654, 655, 656, 657, 658, 659, 660, 661, 662, 663, 664, 665, 666, 667, 668, 669, 670, 671, 672, 673, 674, 675, 676, 677, 678, 679, 680, 681, 682, 683, 684, 685, 686, 687, 688, 689, 690, 691, 692, 693, 694, 695, 696, 697, 698, 699, 700, 701, 702, 703, 704, 705, 706, 707, 708, 709, 710, 711, 712, 713, 714, 715, 716, 717, 718, 719, 720, 721, 722, 723, 724, 725, 726, 727, 728, 729, 730, 731, 732, 733, 734, 735, 736, 737, 738, 739, 740, 741, 742, 743, 744, 745, 746, 747, 748, 749, 750, 751, 752, 753, 754, 755, 756, 757, 758, 759, 760, 761, 762, 763, 764, 765, 766, 767, 768, 769, 770, 771, 772, 773, 774, 775, 776, 777, 778, 779, 780, 781, 782, 783, 784, 785, 786, 787, 788, 789, 790, 791, 792, 793]","[126, 294, 300, 328, 597, 753, 759, 786]",[],"[126, 328, 597, 786]","[90, 91, 294, 295, 296, 328, 561, 562, 753, 754, 755, 786]",[],7/6 successful match,True,,False,692,False,,1.0,True,Vernon Truck Wash ( Speedy Fuel ),
Vernon ( 90058 ) Vernon Truck Wash ( Speedy - Fuel ) ),323-267-0706 3308 Bandini ( 2 mi W of I - ),SOO <U+25A1>,Vernon,90058,Vernon Truck Wash ( Speedy - Fuel ) ),323-267-0706,2016,Los Angeles,CA,,( 2 mi W of I - ),3308 Bandini,Proper,,False,,False,3308 Bandini,,,,,"[328, 786]","[126, 328, 597, 786]","[126, 294, 300, 328, 597, 753, 759, 786]",[],"[103, 104, 105, 106, 107, 108, 109, 110, 111, 112, 113, 114, 115, 116, 117, 118, 119, 120, 121, 122, 123, 124, 125, 126, 127, 128, 129, 130, 131, 132, 133, 134, 135, 136, 137, 138, 139, 140, 141, 142, 143, 144, 145, 146, 147, 148, 149, 150, 151, 152, 153, 154, 155, 156, 157, 158, 159, 160, 161, 162, 163, 164, 165, 166, 167, 168, 169, 170, 171, 172, 173, 174, 175, 176, 177, 178, 179, 180, 181, 182, 183, 184, 185, 186, 187, 188, 189, 190, 191, 192, 193, 194, 195, 196, 197, 198, 199, 200, 201, 202, 203, 204, 205, 206, 207, 208, 209, 210, 211, 212, 213, 214, 215, 216, 217, 218, 219, 220, 221, 222, 223, 224, 225, 226, 227, 228, 229, 230, 231, 232, 233, 234, 235, 236, 237, 238, 239, 240, 241, 242, 243, 244, 245, 246, 247, 248, 249, 250, 251, 252, 253, 254, 255, 256, 257, 258, 259, 260, 261, 262, 263, 264, 265, 266, 267, 268, 269, 270, 271, 272, 273, 274, 275, 276, 277, 278, 279, 280, 281, 282, 283, 284, 285, 286, 287, 288, 289, 290, 291, 292, 293, 294, 295, 296, 297, 298, 299, 300, 301, 302, 303, 304, 305, 306, 307, 308, 309, 310, 311, 312, 313, 314, 315, 316, 317, 318, 319, 320, 321, 322, 323, 324, 325, 326, 327, 328, 329, 330, 331, 332, 333, 334, 335, 336, 337, 574, 575, 576, 577, 578, 579, 580, 581, 582, 583, 584, 585, 586, 587, 588, 589, 590, 591, 592, 593, 594, 595, 596, 597, 598, 599, 600, 601, 602, 603, 604, 605, 606, 607, 608, 609, 610, 611, 612, 613, 614, 615, 616, 617, 618, 619, 620, 621, 622, 623, 624, 625, 626, 627, 628, 629, 630, 631, 632, 633, 634, 635, 636, 637, 638, 639, 640, 641, 642, 643, 644, 645, 646, 647, 648, 649, 650, 651, 652, 653, 654, 655, 656, 657, 658, 659, 660, 661, 662, 663, 664, 665, 666, 667, 668, 669, 670, 671, 672, 673, 674, 675, 676, 677, 678, 679, 680, 681, 682, 683, 684, 685, 686, 687, 688, 689, 690, 691, 692, 693, 694, 695, 696, 697, 698, 699, 700, 701, 702, 703, 704, 705, 706, 707, 708, 709, 710, 711, 712, 713, 714, 715, 716, 717, 718, 719, 720, 721, 722, 723, 724, 725, 726, 727, 728, 729, 730, 731, 732, 733, 734, 735, 736, 737, 738, 739, 740, 741, 742, 743, 744, 745, 746, 747, 748, 749, 750, 751, 752, 753, 754, 755, 756, 757, 758, 759, 760, 761, 762, 763, 764, 765, 766, 767, 768, 769, 770, 771, 772, 773, 774, 775, 776, 777, 778, 779, 780, 781, 782, 783, 784, 785, 786, 787, 788, 789, 790, 791, 792, 793]","[126, 328, 597, 786]",[],"[90, 91, 294, 295, 296, 328, 561, 562, 753, 754, 755, 786]","[90, 91, 103, 104, 105, 106, 107, 108, 109, 110, 111, 112, 113, 114, 115, 116, 117, 118, 119, 120, 121, 122, 123, 124, 125, 126, 127, 128, 129, 130, 131, 132, 133, 134, 135, 136, 137, 138, 139, 140, 141, 142, 143, 144, 145, 146, 147, 148, 149, 150, 151, 152, 153, 154, 155, 156, 157, 158, 159, 160, 161, 162, 163, 164, 165, 166, 167, 168, 169, 170, 171, 172, 173, 174, 175, 176, 177, 178, 179, 180, 181, 182, 183, 184, 185, 186, 187, 188, 189, 190, 191, 192, 193, 194, 195, 196, 197, 198, 199, 200, 201, 202, 203, 204, 205, 206, 207, 208, 209, 210, 211, 212, 213, 214, 215, 216, 217, 218, 219, 220, 221, 222, 223, 224, 225, 226, 227, 228, 229, 230, 231, 232, 233, 234, 235, 236, 237, 238, 239, 240, 241, 242, 243, 244, 245, 246, 247, 248, 249, 250, 251, 252, 253, 254, 255, 256, 257, 258, 259, 260, 261, 262, 263, 264, 265, 266, 267, 268, 269, 270, 271, 272, 273, 274, 275, 276, 277, 278, 279, 280, 281, 282, 283, 284, 285, 286, 287, 288, 289, 290, 291, 292, 293, 294, 295, 296, 297, 298, 299, 300, 301, 302, 303, 304, 305, 306, 307, 308, 309, 310, 311, 312, 313, 314, 315, 316, 317, 318, 319, 320, 321, 322, 323, 324, 325, 326, 327, 328, 329, 330, 331, 332, 333, 334, 335, 336, 337, 561, 562, 574, 575, 576, 577, 578, 579, 580, 581, 582, 583, 584, 585, 586, 587, 588, 589, 590, 591, 592, 593, 594, 595, 596, 597, 598, 599, 600, 601, 602, 603, 604, 605, 606, 607, 608, 609, 610, 611, 612, 613, 614, 615, 616, 617, 618, 619, 620, 621, 622, 623, 624, 625, 626, 627, 628, 629, 630, 631, 632, 633, 634, 635, 636, 637, 638, 639, 640, 641, 642, 643, 644, 645, 646, 647, 648, 649, 650, 651, 652, 653, 654, 655, 656, 657, 658, 659, 660, 661, 662, 663, 664, 665, 666, 667, 668, 669, 670, 671, 672, 673, 674, 675, 676, 677, 678, 679, 680, 681, 682, 683, 684, 685, 686, 687, 688, 689, 690, 691, 692, 693, 694, 695, 696, 697, 698, 699, 700, 701, 702, 703, 704, 705, 706, 707, 708, 709, 710, 711, 712, 713, 714, 715, 716, 717, 718, 719, 720, 721, 722, 723, 724, 725, 726, 727, 728, 729, 730, 731, 732, 733, 734, 735, 736, 737, 738, 739, 740, 741, 742, 743, 744, 745, 746, 747, 748, 749, 750, 751, 752, 753, 754, 755, 756, 757, 758, 759, 760, 761, 762, 763, 764, 765, 766, 767, 768, 769, 770, 771, 772, 773, 774, 775, 776, 777, 778, 779, 780, 781, 782, 783, 784, 785, 786, 787, 788, 789, 790, 791, 792, 793]",True,"[126, 328, 597, 786]","[103, 104, 105, 106, 107, 108, 109, 110, 111, 112, 113, 114, 115, 116, 117, 118, 119, 120, 121, 122, 123, 124, 125, 126, 127, 128, 129, 130, 131, 132, 133, 134, 135, 136, 137, 138, 139, 140, 141, 142, 143, 144, 145, 146, 147, 148, 149, 150, 151, 152, 153, 154, 155, 156, 157, 158, 159, 160, 161, 162, 163, 164, 165, 166, 167, 168, 169, 170, 171, 172, 173, 174, 175, 176, 177, 178, 179, 180, 181, 182, 183, 184, 185, 186, 187, 188, 189, 190, 191, 192, 193, 194, 195, 196, 197, 198, 199, 200, 201, 202, 203, 204, 205, 206, 207, 208, 209, 210, 211, 212, 213, 214, 215, 216, 217, 218, 219, 220, 221, 222, 223, 224, 225, 226, 227, 228, 229, 230, 231, 232, 233, 234, 235, 236, 237, 238, 239, 240, 241, 242, 243, 244, 245, 246, 247, 248, 249, 250, 251, 252, 253, 254, 255, 256, 257, 258, 259, 260, 261, 262, 263, 264, 265, 266, 267, 268, 269, 270, 271, 272, 273, 274, 275, 276, 277, 278, 279, 280, 281, 282, 283, 284, 285, 286, 287, 288, 289, 290, 291, 292, 293, 294, 295, 296, 297, 298, 299, 300, 301, 302, 303, 304, 305, 306, 307, 308, 309, 310, 311, 312, 313, 314, 315, 316, 317, 318, 319, 320, 321, 322, 323, 324, 325, 326, 327, 328, 329, 330, 331, 332, 333, 334, 335, 336, 337, 574, 575, 576, 577, 578, 579, 580, 581, 582, 583, 584, 585, 586, 587, 588, 589, 590, 591, 592, 593, 594, 595, 596, 597, 598, 599, 600, 601, 602, 603, 604, 605, 606, 607, 608, 609, 610, 611, 612, 613, 614, 615, 616, 617, 618, 619, 620, 621, 622, 623, 624, 625, 626, 627, 628, 629, 630, 631, 632, 633, 634, 635, 636, 637, 638, 639, 640, 641, 642, 643, 644, 645, 646, 647, 648, 649, 650, 651, 652, 653, 654, 655, 656, 657, 658, 659, 660, 661, 662, 663, 664, 665, 666, 667, 668, 669, 670, 671, 672, 673, 674, 675, 676, 677, 678, 679, 680, 681, 682, 683, 684, 685, 686, 687, 688, 689, 690, 691, 692, 693, 694, 695, 696, 697, 698, 699, 700, 701, 702, 703, 704, 705, 706, 707, 708, 709, 710, 711, 712, 713, 714, 715, 716, 717, 718, 719, 720, 721, 722, 723, 724, 725, 726, 727, 728, 729, 730, 731, 732, 733, 734, 735, 736, 737, 738, 739, 740, 741, 742, 743, 744, 745, 746, 747, 748, 749, 750, 751, 752, 753, 754, 755, 756, 757, 758, 759, 760, 761, 762, 763, 764, 765, 766, 767, 768, 769, 770, 771, 772, 773, 774, 775, 776, 777, 778, 779, 780, 781, 782, 783, 784, 785, 786, 787, 788, 789, 790, 791, 792, 793]","[126, 294, 300, 328, 597, 753, 759, 786]",[],"[126, 328, 597, 786]","[90, 91, 294, 295, 296, 328, 561, 562, 753, 754, 755, 786]",[],7/6 successful match,True,,False,692,False,,1.0,True,Vernon Truck Wash W ( Speedy of I-710 Fuel ) ),
Bell Gardens ( 90201 ) Webb's Chevron,"323-771-1932 I-710 X 15 ( E to Eastern , N to Gage )",HRS 24 D,Bell Gardens,90201,Webb's Chevron,323-771-1932,2016,Bell Gardens,CA,Chevron,"( E to Eastern , N to Gage )",I-710 X 15 ,Exit,15,False,,False,I-710,,,,,[],"[145, 330, 616, 787]","[330, 369, 787, 819]","[300, 330, 759, 787]","[103, 104, 105, 106, 107, 108, 109, 110, 111, 112, 113, 114, 115, 116, 117, 118, 119, 120, 121, 122, 123, 124, 125, 126, 127, 128, 129, 130, 131, 132, 133, 134, 135, 136, 137, 138, 139, 140, 141, 142, 143, 144, 145, 146, 147, 148, 149, 150, 151, 152, 153, 154, 155, 156, 157, 158, 159, 160, 161, 162, 163, 164, 165, 166, 167, 168, 169, 170, 171, 172, 173, 174, 175, 176, 177, 178, 179, 180, 181, 182, 183, 184, 185, 186, 187, 188, 189, 190, 191, 192, 193, 194, 195, 196, 197, 198, 199, 200, 201, 202, 203, 204, 205, 206, 207, 208, 209, 210, 211, 212, 213, 214, 215, 216, 217, 218, 219, 220, 221, 222, 223, 224, 225, 226, 227, 228, 229, 230, 231, 232, 233, 234, 235, 236, 237, 238, 239, 240, 241, 242, 243, 244, 245, 246, 247, 248, 249, 250, 251, 252, 253, 254, 255, 256, 257, 258, 259, 260, 261, 262, 263, 264, 265, 266, 267, 268, 269, 270, 271, 272, 273, 274, 275, 276, 277, 278, 279, 280, 281, 282, 283, 284, 285, 286, 287, 288, 289, 290, 291, 292, 293, 294, 295, 296, 297, 298, 299, 300, 301, 302, 303, 304, 305, 306, 307, 308, 309, 310, 311, 312, 313, 314, 315, 316, 317, 318, 319, 320, 321, 322, 323, 324, 325, 326, 327, 328, 329, 330, 331, 332, 333, 334, 335, 336, 337, 574, 575, 576, 577, 578, 579, 580, 581, 582, 583, 584, 585, 586, 587, 588, 589, 590, 591, 592, 593, 594, 595, 596, 597, 598, 599, 600, 601, 602, 603, 604, 605, 606, 607, 608, 609, 610, 611, 612, 613, 614, 615, 616, 617, 618, 619, 620, 621, 622, 623, 624, 625, 626, 627, 628, 629, 630, 631, 632, 633, 634, 635, 636, 637, 638, 639, 640, 641, 642, 643, 644, 645, 646, 647, 648, 649, 650, 651, 652, 653, 654, 655, 656, 657, 658, 659, 660, 661, 662, 663, 664, 665, 666, 667, 668, 669, 670, 671, 672, 673, 674, 675, 676, 677, 678, 679, 680, 681, 682, 683, 684, 685, 686, 687, 688, 689, 690, 691, 692, 693, 694, 695, 696, 697, 698, 699, 700, 701, 702, 703, 704, 705, 706, 707, 708, 709, 710, 711, 712, 713, 714, 715, 716, 717, 718, 719, 720, 721, 722, 723, 724, 725, 726, 727, 728, 729, 730, 731, 732, 733, 734, 735, 736, 737, 738, 739, 740, 741, 742, 743, 744, 745, 746, 747, 748, 749, 750, 751, 752, 753, 754, 755, 756, 757, 758, 759, 760, 761, 762, 763, 764, 765, 766, 767, 768, 769, 770, 771, 772, 773, 774, 775, 776, 777, 778, 779, 780, 781, 782, 783, 784, 785, 786, 787, 788, 789, 790, 791, 792, 793]","[143, 145, 181, 233, 234, 236, 295, 330, 614, 616, 652, 697, 698, 700, 754, 787]","[12, 24, 25, 28, 88, 100, 104, 119, 123, 129, 136, 137, 139, 140, 141, 148, 155, 169, 172, 179, 183, 185, 188, 196, 198, 217, 237, 267, 270, 278, 319, 321, 324, 325, 330, 334, 335, 354, 366, 369, 380, 383, 384, 386, 395, 407, 411, 423, 428, 436, 437, 452, 453, 456, 467, 471, 477, 478, 479, 497, 508, 511, 559, 571, 575, 590, 594, 600, 607, 608, 610, 611, 612, 619, 627, 640, 643, 650, 654, 656, 659, 667, 669, 685, 701, 726, 729, 737, 777, 779, 782, 783, 787, 790, 791, 809, 817, 819, 830, 833, 834, 836, 845, 856, 857, 860, 862, 875, 880, 887, 888, 899, 900, 914, 918, 921, 928, 929, 930]","[12, 24, 25, 28, 88, 100, 104, 119, 123, 129, 136, 137, 139, 140, 141, 148, 155, 169, 172, 179, 183, 185, 188, 196, 198, 217, 237, 267, 270, 278, 319, 321, 324, 325, 330, 334, 335, 354, 366, 369, 380, 383, 384, 386, 395, 407, 411, 423, 428, 436, 437, 452, 453, 456, 467, 471, 477, 478, 479, 497, 508, 511, 559, 571, 575, 590, 594, 600, 607, 608, 610, 611, 612, 619, 627, 640, 643, 650, 654, 656, 659, 667, 669, 685, 701, 726, 729, 737, 777, 779, 782, 783, 787, 790, 791, 809, 817, 819, 830, 833, 834, 836, 845, 856, 857, 860, 862, 875, 880, 887, 888, 899, 900, 914, 918, 921, 928, 929, 930]","[12, 24, 25, 28, 88, 100, 103, 104, 105, 106, 107, 108, 109, 110, 111, 112, 113, 114, 115, 116, 117, 118, 119, 120, 121, 122, 123, 124, 125, 126, 127, 128, 129, 130, 131, 132, 133, 134, 135, 136, 137, 138, 139, 140, 141, 142, 143, 144, 145, 146, 147, 148, 149, 150, 151, 152, 153, 154, 155, 156, 157, 158, 159, 160, 161, 162, 163, 164, 165, 166, 167, 168, 169, 170, 171, 172, 173, 174, 175, 176, 177, 178, 179, 180, 181, 182, 183, 184, 185, 186, 187, 188, 189, 190, 191, 192, 193, 194, 195, 196, 197, 198, 199, 200, 201, 202, 203, 204, 205, 206, 207, 208, 209, 210, 211, 212, 213, 214, 215, 216, 217, 218, 219, 220, 221, 222, 223, 224, 225, 226, 227, 228, 229, 230, 231, 232, 233, 234, 235, 236, 237, 238, 239, 240, 241, 242, 243, 244, 245, 246, 247, 248, 249, 250, 251, 252, 253, 254, 255, 256, 257, 258, 259, 260, 261, 262, 263, 264, 265, 266, 267, 268, 269, 270, 271, 272, 273, 274, 275, 276, 277, 278, 279, 280, 281, 282, 283, 284, 285, 286, 287, 288, 289, 290, 291, 292, 293, 294, 295, 296, 297, 298, 299, 300, 301, 302, 303, 304, 305, 306, 307, 308, 309, 310, 311, 312, 313, 314, 315, 316, 317, 318, 319, 320, 321, 322, 323, 324, 325, 326, 327, 328, 329, 330, 331, 332, 333, 334, 335, 336, 337, 354, 366, 369, 380, 383, 384, 386, 395, 407, 411, 423, 428, 436, 437, 452, 453, 456, 467, 471, 477, 478, 479, 497, 508, 511, 559, 571, 574, 575, 576, 577, 578, 579, 580, 581, 582, 583, 584, 585, 586, 587, 588, 589, 590, 591, 592, 593, 594, 595, 596, 597, 598, 599, 600, 601, 602, 603, 604, 605, 606, 607, 608, 609, 610, 611, 612, 613, 614, 615, 616, 617, 618, 619, 620, 621, 622, 623, 624, 625, 626, 627, 628, 629, 630, 631, 632, 633, 634, 635, 636, 637, 638, 639, 640, 641, 642, 643, 644, 645, 646, 647, 648, 649, 650, 651, 652, 653, 654, 655, 656, 657, 658, 659, 660, 661, 662, 663, 664, 665, 666, 667, 668, 669, 670, 671, 672, 673, 674, 675, 676, 677, 678, 679, 680, 681, 682, 683, 684, 685, 686, 687, 688, 689, 690, 691, 692, 693, 694, 695, 696, 697, 698, 699, 700, 701, 702, 703, 704, 705, 706, 707, 708, 709, 710, 711, 712, 713, 714, 715, 716, 717, 718, 719, 720, 721, 722, 723, 724, 725, 726, 727, 728, 729, 730, 731, 732, 733, 734, 735, 736, 737, 738, 739, 740, 741, 742, 743, 744, 745, 746, 747, 748, 749, 750, 751, 752, 753, 754, 755, 756, 757, 758, 759, 760, 761, 762, 763, 764, 765, 766, 767, 768, 769, 770, 771, 772, 773, 774, 775, 776, 777, 778, 779, 780, 781, 782, 783, 784, 785, 786, 787, 788, 789, 790, 791, 792, 793, 809, 817, 819, 830, 833, 834, 836, 845, 856, 857, 860, 862, 875, 880, 887, 888, 899, 900, 914, 918, 921, 928, 929, 930]",False,"[145, 330, 616, 787]","[103, 104, 105, 106, 107, 108, 109, 110, 111, 112, 113, 114, 115, 116, 117, 118, 119, 120, 121, 122, 123, 124, 125, 126, 127, 128, 129, 130, 131, 132, 133, 134, 135, 136, 137, 138, 139, 140, 141, 142, 143, 144, 145, 146, 147, 148, 149, 150, 151, 152, 153, 154, 155, 156, 157, 158, 159, 160, 161, 162, 163, 164, 165, 166, 167, 168, 169, 170, 171, 172, 173, 174, 175, 176, 177, 178, 179, 180, 181, 182, 183, 184, 185, 186, 187, 188, 189, 190, 191, 192, 193, 194, 195, 196, 197, 198, 199, 200, 201, 202, 203, 204, 205, 206, 207, 208, 209, 210, 211, 212, 213, 214, 215, 216, 217, 218, 219, 220, 221, 222, 223, 224, 225, 226, 227, 228, 229, 230, 231, 232, 233, 234, 235, 236, 237, 238, 239, 240, 241, 242, 243, 244, 245, 246, 247, 248, 249, 250, 251, 252, 253, 254, 255, 256, 257, 258, 259, 260, 261, 262, 263, 264, 265, 266, 267, 268, 269, 270, 271, 272, 273, 274, 275, 276, 277, 278, 279, 280, 281, 282, 283, 284, 285, 286, 287, 288, 289, 290, 291, 292, 293, 294, 295, 296, 297, 298, 299, 300, 301, 302, 303, 304, 305, 306, 307, 308, 309, 310, 311, 312, 313, 314, 315, 316, 317, 318, 319, 320, 321, 322, 323, 324, 325, 326, 327, 328, 329, 330, 331, 332, 333, 334, 335, 336, 337, 574, 575, 576, 577, 578, 579, 580, 581, 582, 583, 584, 585, 586, 587, 588, 589, 590, 591, 592, 593, 594, 595, 596, 597, 598, 599, 600, 601, 602, 603, 604, 605, 606, 607, 608, 609, 610, 611, 612, 613, 614, 615, 616, 617, 618, 619, 620, 621, 622, 623, 624, 625, 626, 627, 628, 629, 630, 631, 632, 633, 634, 635, 636, 637, 638, 639, 640, 641, 642, 643, 644, 645, 646, 647, 648, 649, 650, 651, 652, 653, 654, 655, 656, 657, 658, 659, 660, 661, 662, 663, 664, 665, 666, 667, 668, 669, 670, 671, 672, 673, 674, 675, 676, 677, 678, 679, 680, 681, 682, 683, 684, 685, 686, 687, 688, 689, 690, 691, 692, 693, 694, 695, 696, 697, 698, 699, 700, 701, 702, 703, 704, 705, 706, 707, 708, 709, 710, 711, 712, 713, 714, 715, 716, 717, 718, 719, 720, 721, 722, 723, 724, 725, 726, 727, 728, 729, 730, 731, 732, 733, 734, 735, 736, 737, 738, 739, 740, 741, 742, 743, 744, 745, 746, 747, 748, 749, 750, 751, 752, 753, 754, 755, 756, 757, 758, 759, 760, 761, 762, 763, 764, 765, 766, 767, 768, 769, 770, 771, 772, 773, 774, 775, 776, 777, 778, 779, 780, 781, 782, 783, 784, 785, 786, 787, 788, 789, 790, 791, 792, 793]","[330, 369, 787, 819]","[300, 330, 759, 787]","[143, 145, 181, 233, 234, 236, 295, 330, 614, 616, 652, 697, 698, 700, 754, 787]","[12, 24, 25, 28, 88, 100, 104, 119, 123, 129, 136, 137, 139, 140, 141, 148, 155, 169, 172, 179, 183, 185, 188, 196, 198, 217, 237, 267, 270, 278, 319, 321, 324, 325, 330, 334, 335, 354, 366, 369, 380, 383, 384, 386, 395, 407, 411, 423, 428, 436, 437, 452, 453, 456, 467, 471, 477, 478, 479, 497, 508, 511, 559, 571, 575, 590, 594, 600, 607, 608, 610, 611, 612, 619, 627, 640, 643, 650, 654, 656, 659, 667, 669, 685, 701, 726, 729, 737, 777, 779, 782, 783, 787, 790, 791, 809, 817, 819, 830, 833, 834, 836, 845, 856, 857, 860, 862, 875, 880, 887, 888, 899, 900, 914, 918, 921, 928, 929, 930]","[12, 24, 25, 28, 88, 100, 104, 119, 123, 129, 136, 137, 139, 140, 141, 148, 155, 169, 172, 179, 183, 185, 188, 196, 198, 217, 237, 267, 270, 278, 319, 321, 324, 325, 330, 334, 335, 354, 366, 369, 380, 383, 384, 386, 395, 407, 411, 423, 428, 436, 437, 452, 453, 456, 467, 471, 477, 478, 479, 497, 508, 511, 559, 571, 575, 590, 594, 600, 607, 608, 610, 611, 612, 619, 627, 640, 643, 650, 654, 656, 659, 667, 669, 685, 701, 726, 729, 737, 777, 779, 782, 783, 787, 790, 791, 809, 817, 819, 830, 833, 834, 836, 845, 856, 857, 860, 862, 875, 880, 887, 888, 899, 900, 914, 918, 921, 928, 929, 930]",7/6 successful match,False,[687],True,693,False,,,,,
"Bell Gardens , 90201 Webb Truck Service ( Chevron )",323-773-2673 I-710 Ex 15 ( Florence to Gage Ave ),<U+2610>,Bell Gardens,90201,Webb Truck Service ( Chevron ),323-773-2673,2006,Bell Gardens,CA,Chevron,( Florence to Gage Ave ),I-710 Ex 15 ,Exit,15,False,,False,I-710,,,,,"[330, 787]","[145, 330, 616, 787]","[330, 369, 787, 819]","[300, 330, 759, 787]","[103, 104, 105, 106, 107, 108, 109, 110, 111, 112, 113, 114, 115, 116, 117, 118, 119, 120, 121, 122, 123, 124, 125, 126, 127, 128, 129, 130, 131, 132, 133, 134, 135, 136, 137, 138, 139, 140, 141, 142, 143, 144, 145, 146, 147, 148, 149, 150, 151, 152, 153, 154, 155, 156, 157, 158, 159, 160, 161, 162, 163, 164, 165, 166, 167, 168, 169, 170, 171, 172, 173, 174, 175, 176, 177, 178, 179, 180, 181, 182, 183, 184, 185, 186, 187, 188, 189, 190, 191, 192, 193, 194, 195, 196, 197, 198, 199, 200, 201, 202, 203, 204, 205, 206, 207, 208, 209, 210, 211, 212, 213, 214, 215, 216, 217, 218, 219, 220, 221, 222, 223, 224, 225, 226, 227, 228, 229, 230, 231, 232, 233, 234, 235, 236, 237, 238, 239, 240, 241, 242, 243, 244, 245, 246, 247, 248, 249, 250, 251, 252, 253, 254, 255, 256, 257, 258, 259, 260, 261, 262, 263, 264, 265, 266, 267, 268, 269, 270, 271, 272, 273, 274, 275, 276, 277, 278, 279, 280, 281, 282, 283, 284, 285, 286, 287, 288, 289, 290, 291, 292, 293, 294, 295, 296, 297, 298, 299, 300, 301, 302, 303, 304, 305, 306, 307, 308, 309, 310, 311, 312, 313, 314, 315, 316, 317, 318, 319, 320, 321, 322, 323, 324, 325, 326, 327, 328, 329, 330, 331, 332, 333, 334, 335, 336, 337, 574, 575, 576, 577, 578, 579, 580, 581, 582, 583, 584, 585, 586, 587, 588, 589, 590, 591, 592, 593, 594, 595, 596, 597, 598, 599, 600, 601, 602, 603, 604, 605, 606, 607, 608, 609, 610, 611, 612, 613, 614, 615, 616, 617, 618, 619, 620, 621, 622, 623, 624, 625, 626, 627, 628, 629, 630, 631, 632, 633, 634, 635, 636, 637, 638, 639, 640, 641, 642, 643, 644, 645, 646, 647, 648, 649, 650, 651, 652, 653, 654, 655, 656, 657, 658, 659, 660, 661, 662, 663, 664, 665, 666, 667, 668, 669, 670, 671, 672, 673, 674, 675, 676, 677, 678, 679, 680, 681, 682, 683, 684, 685, 686, 687, 688, 689, 690, 691, 692, 693, 694, 695, 696, 697, 698, 699, 700, 701, 702, 703, 704, 705, 706, 707, 708, 709, 710, 711, 712, 713, 714, 715, 716, 717, 718, 719, 720, 721, 722, 723, 724, 725, 726, 727, 728, 729, 730, 731, 732, 733, 734, 735, 736, 737, 738, 739, 740, 741, 742, 743, 744, 745, 746, 747, 748, 749, 750, 751, 752, 753, 754, 755, 756, 757, 758, 759, 760, 761, 762, 763, 764, 765, 766, 767, 768, 769, 770, 771, 772, 773, 774, 775, 776, 777, 778, 779, 780, 781, 782, 783, 784, 785, 786, 787, 788, 789, 790, 791, 792, 793]","[143, 145, 181, 233, 234, 236, 295, 330, 614, 616, 652, 697, 698, 700, 754, 787]","[12, 24, 25, 28, 88, 100, 104, 119, 123, 129, 136, 137, 139, 140, 141, 148, 155, 169, 172, 179, 183, 185, 188, 196, 198, 217, 237, 267, 270, 278, 319, 321, 324, 325, 330, 334, 335, 354, 366, 369, 380, 383, 384, 386, 395, 407, 411, 423, 428, 436, 437, 452, 453, 456, 467, 471, 477, 478, 479, 497, 508, 511, 559, 571, 575, 590, 594, 600, 607, 608, 610, 611, 612, 619, 627, 640, 643, 650, 654, 656, 659, 667, 669, 685, 701, 726, 729, 737, 777, 779, 782, 783, 787, 790, 791, 809, 817, 819, 830, 833, 834, 836, 845, 856, 857, 860, 862, 875, 880, 887, 888, 899, 900, 914, 918, 921, 928, 929, 930]","[12, 24, 25, 28, 88, 100, 104, 119, 123, 129, 136, 137, 139, 140, 141, 148, 155, 169, 172, 179, 183, 185, 188, 196, 198, 217, 237, 267, 270, 278, 319, 321, 324, 325, 330, 334, 335, 354, 366, 369, 380, 383, 384, 386, 395, 407, 411, 423, 428, 436, 437, 452, 453, 456, 467, 471, 477, 478, 479, 497, 508, 511, 559, 571, 575, 590, 594, 600, 607, 608, 610, 611, 612, 619, 627, 640, 643, 650, 654, 656, 659, 667, 669, 685, 701, 726, 729, 737, 777, 779, 782, 783, 787, 790, 791, 809, 817, 819, 830, 833, 834, 836, 845, 856, 857, 860, 862, 875, 880, 887, 888, 899, 900, 914, 918, 921, 928, 929, 930]","[12, 24, 25, 28, 88, 100, 103, 104, 105, 106, 107, 108, 109, 110, 111, 112, 113, 114, 115, 116, 117, 118, 119, 120, 121, 122, 123, 124, 125, 126, 127, 128, 129, 130, 131, 132, 133, 134, 135, 136, 137, 138, 139, 140, 141, 142, 143, 144, 145, 146, 147, 148, 149, 150, 151, 152, 153, 154, 155, 156, 157, 158, 159, 160, 161, 162, 163, 164, 165, 166, 167, 168, 169, 170, 171, 172, 173, 174, 175, 176, 177, 178, 179, 180, 181, 182, 183, 184, 185, 186, 187, 188, 189, 190, 191, 192, 193, 194, 195, 196, 197, 198, 199, 200, 201, 202, 203, 204, 205, 206, 207, 208, 209, 210, 211, 212, 213, 214, 215, 216, 217, 218, 219, 220, 221, 222, 223, 224, 225, 226, 227, 228, 229, 230, 231, 232, 233, 234, 235, 236, 237, 238, 239, 240, 241, 242, 243, 244, 245, 246, 247, 248, 249, 250, 251, 252, 253, 254, 255, 256, 257, 258, 259, 260, 261, 262, 263, 264, 265, 266, 267, 268, 269, 270, 271, 272, 273, 274, 275, 276, 277, 278, 279, 280, 281, 282, 283, 284, 285, 286, 287, 288, 289, 290, 291, 292, 293, 294, 295, 296, 297, 298, 299, 300, 301, 302, 303, 304, 305, 306, 307, 308, 309, 310, 311, 312, 313, 314, 315, 316, 317, 318, 319, 320, 321, 322, 323, 324, 325, 326, 327, 328, 329, 330, 331, 332, 333, 334, 335, 336, 337, 354, 366, 369, 380, 383, 384, 386, 395, 407, 411, 423, 428, 436, 437, 452, 453, 456, 467, 471, 477, 478, 479, 497, 508, 511, 559, 571, 574, 575, 576, 577, 578, 579, 580, 581, 582, 583, 584, 585, 586, 587, 588, 589, 590, 591, 592, 593, 594, 595, 596, 597, 598, 599, 600, 601, 602, 603, 604, 605, 606, 607, 608, 609, 610, 611, 612, 613, 614, 615, 616, 617, 618, 619, 620, 621, 622, 623, 624, 625, 626, 627, 628, 629, 630, 631, 632, 633, 634, 635, 636, 637, 638, 639, 640, 641, 642, 643, 644, 645, 646, 647, 648, 649, 650, 651, 652, 653, 654, 655, 656, 657, 658, 659, 660, 661, 662, 663, 664, 665, 666, 667, 668, 669, 670, 671, 672, 673, 674, 675, 676, 677, 678, 679, 680, 681, 682, 683, 684, 685, 686, 687, 688, 689, 690, 691, 692, 693, 694, 695, 696, 697, 698, 699, 700, 701, 702, 703, 704, 705, 706, 707, 708, 709, 710, 711, 712, 713, 714, 715, 716, 717, 718, 719, 720, 721, 722, 723, 724, 725, 726, 727, 728, 729, 730, 731, 732, 733, 734, 735, 736, 737, 738, 739, 740, 741, 742, 743, 744, 745, 746, 747, 748, 749, 750, 751, 752, 753, 754, 755, 756, 757, 758, 759, 760, 761, 762, 763, 764, 765, 766, 767, 768, 769, 770, 771, 772, 773, 774, 775, 776, 777, 778, 779, 780, 781, 782, 783, 784, 785, 786, 787, 788, 789, 790, 791, 792, 793, 809, 817, 819, 830, 833, 834, 836, 845, 856, 857, 860, 862, 875, 880, 887, 888, 899, 900, 914, 918, 921, 928, 929, 930]",True,"[145, 330, 616, 787]","[103, 104, 105, 106, 107, 108, 109, 110, 111, 112, 113, 114, 115, 116, 117, 118, 119, 120, 121, 122, 123, 124, 125, 126, 127, 128, 129, 130, 131, 132, 133, 134, 135, 136, 137, 138, 139, 140, 141, 142, 143, 144, 145, 146, 147, 148, 149, 150, 151, 152, 153, 154, 155, 156, 157, 158, 159, 160, 161, 162, 163, 164, 165, 166, 167, 168, 169, 170, 171, 172, 173, 174, 175, 176, 177, 178, 179, 180, 181, 182, 183, 184, 185, 186, 187, 188, 189, 190, 191, 192, 193, 194, 195, 196, 197, 198, 199, 200, 201, 202, 203, 204, 205, 206, 207, 208, 209, 210, 211, 212, 213, 214, 215, 216, 217, 218, 219, 220, 221, 222, 223, 224, 225, 226, 227, 228, 229, 230, 231, 232, 233, 234, 235, 236, 237, 238, 239, 240, 241, 242, 243, 244, 245, 246, 247, 248, 249, 250, 251, 252, 253, 254, 255, 256, 257, 258, 259, 260, 261, 262, 263, 264, 265, 266, 267, 268, 269, 270, 271, 272, 273, 274, 275, 276, 277, 278, 279, 280, 281, 282, 283, 284, 285, 286, 287, 288, 289, 290, 291, 292, 293, 294, 295, 296, 297, 298, 299, 300, 301, 302, 303, 304, 305, 306, 307, 308, 309, 310, 311, 312, 313, 314, 315, 316, 317, 318, 319, 320, 321, 322, 323, 324, 325, 326, 327, 328, 329, 330, 331, 332, 333, 334, 335, 336, 337, 574, 575, 576, 577, 578, 579, 580, 581, 582, 583, 584, 585, 586, 587, 588, 589, 590, 591, 592, 593, 594, 595, 596, 597, 598, 599, 600, 601, 602, 603, 604, 605, 606, 607, 608, 609, 610, 611, 612, 613, 614, 615, 616, 617, 618, 619, 620, 621, 622, 623, 624, 625, 626, 627, 628, 629, 630, 631, 632, 633, 634, 635, 636, 637, 638, 639, 640, 641, 642, 643, 644, 645, 646, 647, 648, 649, 650, 651, 652, 653, 654, 655, 656, 657, 658, 659, 660, 661, 662, 663, 664, 665, 666, 667, 668, 669, 670, 671, 672, 673, 674, 675, 676, 677, 678, 679, 680, 681, 682, 683, 684, 685, 686, 687, 688, 689, 690, 691, 692, 693, 694, 695, 696, 697, 698, 699, 700, 701, 702, 703, 704, 705, 706, 707, 708, 709, 710, 711, 712, 713, 714, 715, 716, 717, 718, 719, 720, 721, 722, 723, 724, 725, 726, 727, 728, 729, 730, 731, 732, 733, 734, 735, 736, 737, 738, 739, 740, 741, 742, 743, 744, 745, 746, 747, 748, 749, 750, 751, 752, 753, 754, 755, 756, 757, 758, 759, 760, 761, 762, 763, 764, 765, 766, 767, 768, 769, 770, 771, 772, 773, 774, 775, 776, 777, 778, 779, 780, 781, 782, 783, 784, 785, 786, 787, 788, 789, 790, 791, 792, 793]","[330, 369, 787, 819]","[300, 330, 759, 787]","[143, 145, 181, 233, 234, 236, 295, 330, 614, 616, 652, 697, 698, 700, 754, 787]","[12, 24, 25, 28, 88, 100, 104, 119, 123, 129, 136, 137, 139, 140, 141, 148, 155, 169, 172, 179, 183, 185, 188, 196, 198, 217, 237, 267, 270, 278, 319, 321, 324, 325, 330, 334, 335, 354, 366, 369, 380, 383, 384, 386, 395, 407, 411, 423, 428, 436, 437, 452, 453, 456, 467, 471, 477, 478, 479, 497, 508, 511, 559, 571, 575, 590, 594, 600, 607, 608, 610, 611, 612, 619, 627, 640, 643, 650, 654, 656, 659, 667, 669, 685, 701, 726, 729, 737, 777, 779, 782, 783, 787, 790, 791, 809, 817, 819, 830, 833, 834, 836, 845, 856, 857, 860, 862, 875, 880, 887, 888, 899, 900, 914, 918, 921, 928, 929, 930]","[12, 24, 25, 28, 88, 100, 104, 119, 123, 129, 136, 137, 139, 140, 141, 148, 155, 169, 172, 179, 183, 185, 188, 196, 198, 217, 237, 267, 270, 278, 319, 321, 324, 325, 330, 334, 335, 354, 366, 369, 380, 383, 384, 386, 395, 407, 411, 423, 428, 436, 437, 452, 453, 456, 467, 471, 477, 478, 479, 497, 508, 511, 559, 571, 575, 590, 594, 600, 607, 608, 610, 611, 612, 619, 627, 640, 643, 650, 654, 656, 659, 667, 669, 685, 701, 726, 729, 737, 777, 779, 782, 783, 787, 790, 791, 809, 817, 819, 830, 833, 834, 836, 845, 856, 857, 860, 862, 875, 880, 887, 888, 899, 900, 914, 918, 921, 928, 929, 930]",7/6 successful match,True,[14],True,694,False,,,,,
"Bell Gardens , 90201 Webb Truck Service ( Chevron )",323-773-2673 I-710 Ex 15 ( Florence to Gage Ave ),24 000,Bell Gardens,90201,Webb Truck Service ( Chevron ),323-773-2673,2007,Bell Gardens,CA,Chevron,( Florence to Gage Ave ),I-710 Ex 15 ,Exit,15,False,,False,I-710,,,,,"[330, 787]","[145, 330, 616, 787]","[330, 369, 787, 819]","[300, 330, 759, 787]","[103, 104, 105, 106, 107, 108, 109, 110, 111, 112, 113, 114, 115, 116, 117, 118, 119, 120, 121, 122, 123, 124, 125, 126, 127, 128, 129, 130, 131, 132, 133, 134, 135, 136, 137, 138, 139, 140, 141, 142, 143, 144, 145, 146, 147, 148, 149, 150, 151, 152, 153, 154, 155, 156, 157, 158, 159, 160, 161, 162, 163, 164, 165, 166, 167, 168, 169, 170, 171, 172, 173, 174, 175, 176, 177, 178, 179, 180, 181, 182, 183, 184, 185, 186, 187, 188, 189, 190, 191, 192, 193, 194, 195, 196, 197, 198, 199, 200, 201, 202, 203, 204, 205, 206, 207, 208, 209, 210, 211, 212, 213, 214, 215, 216, 217, 218, 219, 220, 221, 222, 223, 224, 225, 226, 227, 228, 229, 230, 231, 232, 233, 234, 235, 236, 237, 238, 239, 240, 241, 242, 243, 244, 245, 246, 247, 248, 249, 250, 251, 252, 253, 254, 255, 256, 257, 258, 259, 260, 261, 262, 263, 264, 265, 266, 267, 268, 269, 270, 271, 272, 273, 274, 275, 276, 277, 278, 279, 280, 281, 282, 283, 284, 285, 286, 287, 288, 289, 290, 291, 292, 293, 294, 295, 296, 297, 298, 299, 300, 301, 302, 303, 304, 305, 306, 307, 308, 309, 310, 311, 312, 313, 314, 315, 316, 317, 318, 319, 320, 321, 322, 323, 324, 325, 326, 327, 328, 329, 330, 331, 332, 333, 334, 335, 336, 337, 574, 575, 576, 577, 578, 579, 580, 581, 582, 583, 584, 585, 586, 587, 588, 589, 590, 591, 592, 593, 594, 595, 596, 597, 598, 599, 600, 601, 602, 603, 604, 605, 606, 607, 608, 609, 610, 611, 612, 613, 614, 615, 616, 617, 618, 619, 620, 621, 622, 623, 624, 625, 626, 627, 628, 629, 630, 631, 632, 633, 634, 635, 636, 637, 638, 639, 640, 641, 642, 643, 644, 645, 646, 647, 648, 649, 650, 651, 652, 653, 654, 655, 656, 657, 658, 659, 660, 661, 662, 663, 664, 665, 666, 667, 668, 669, 670, 671, 672, 673, 674, 675, 676, 677, 678, 679, 680, 681, 682, 683, 684, 685, 686, 687, 688, 689, 690, 691, 692, 693, 694, 695, 696, 697, 698, 699, 700, 701, 702, 703, 704, 705, 706, 707, 708, 709, 710, 711, 712, 713, 714, 715, 716, 717, 718, 719, 720, 721, 722, 723, 724, 725, 726, 727, 728, 729, 730, 731, 732, 733, 734, 735, 736, 737, 738, 739, 740, 741, 742, 743, 744, 745, 746, 747, 748, 749, 750, 751, 752, 753, 754, 755, 756, 757, 758, 759, 760, 761, 762, 763, 764, 765, 766, 767, 768, 769, 770, 771, 772, 773, 774, 775, 776, 777, 778, 779, 780, 781, 782, 783, 784, 785, 786, 787, 788, 789, 790, 791, 792, 793]","[143, 145, 181, 233, 234, 236, 295, 330, 614, 616, 652, 697, 698, 700, 754, 787]","[12, 24, 25, 28, 88, 100, 104, 119, 123, 129, 136, 137, 139, 140, 141, 148, 155, 169, 172, 179, 183, 185, 188, 196, 198, 217, 237, 267, 270, 278, 319, 321, 324, 325, 330, 334, 335, 354, 366, 369, 380, 383, 384, 386, 395, 407, 411, 423, 428, 436, 437, 452, 453, 456, 467, 471, 477, 478, 479, 497, 508, 511, 559, 571, 575, 590, 594, 600, 607, 608, 610, 611, 612, 619, 627, 640, 643, 650, 654, 656, 659, 667, 669, 685, 701, 726, 729, 737, 777, 779, 782, 783, 787, 790, 791, 809, 817, 819, 830, 833, 834, 836, 845, 856, 857, 860, 862, 875, 880, 887, 888, 899, 900, 914, 918, 921, 928, 929, 930]","[12, 24, 25, 28, 88, 100, 104, 119, 123, 129, 136, 137, 139, 140, 141, 148, 155, 169, 172, 179, 183, 185, 188, 196, 198, 217, 237, 267, 270, 278, 319, 321, 324, 325, 330, 334, 335, 354, 366, 369, 380, 383, 384, 386, 395, 407, 411, 423, 428, 436, 437, 452, 453, 456, 467, 471, 477, 478, 479, 497, 508, 511, 559, 571, 575, 590, 594, 600, 607, 608, 610, 611, 612, 619, 627, 640, 643, 650, 654, 656, 659, 667, 669, 685, 701, 726, 729, 737, 777, 779, 782, 783, 787, 790, 791, 809, 817, 819, 830, 833, 834, 836, 845, 856, 857, 860, 862, 875, 880, 887, 888, 899, 900, 914, 918, 921, 928, 929, 930]","[12, 24, 25, 28, 88, 100, 103, 104, 105, 106, 107, 108, 109, 110, 111, 112, 113, 114, 115, 116, 117, 118, 119, 120, 121, 122, 123, 124, 125, 126, 127, 128, 129, 130, 131, 132, 133, 134, 135, 136, 137, 138, 139, 140, 141, 142, 143, 144, 145, 146, 147, 148, 149, 150, 151, 152, 153, 154, 155, 156, 157, 158, 159, 160, 161, 162, 163, 164, 165, 166, 167, 168, 169, 170, 171, 172, 173, 174, 175, 176, 177, 178, 179, 180, 181, 182, 183, 184, 185, 186, 187, 188, 189, 190, 191, 192, 193, 194, 195, 196, 197, 198, 199, 200, 201, 202, 203, 204, 205, 206, 207, 208, 209, 210, 211, 212, 213, 214, 215, 216, 217, 218, 219, 220, 221, 222, 223, 224, 225, 226, 227, 228, 229, 230, 231, 232, 233, 234, 235, 236, 237, 238, 239, 240, 241, 242, 243, 244, 245, 246, 247, 248, 249, 250, 251, 252, 253, 254, 255, 256, 257, 258, 259, 260, 261, 262, 263, 264, 265, 266, 267, 268, 269, 270, 271, 272, 273, 274, 275, 276, 277, 278, 279, 280, 281, 282, 283, 284, 285, 286, 287, 288, 289, 290, 291, 292, 293, 294, 295, 296, 297, 298, 299, 300, 301, 302, 303, 304, 305, 306, 307, 308, 309, 310, 311, 312, 313, 314, 315, 316, 317, 318, 319, 320, 321, 322, 323, 324, 325, 326, 327, 328, 329, 330, 331, 332, 333, 334, 335, 336, 337, 354, 366, 369, 380, 383, 384, 386, 395, 407, 411, 423, 428, 436, 437, 452, 453, 456, 467, 471, 477, 478, 479, 497, 508, 511, 559, 571, 574, 575, 576, 577, 578, 579, 580, 581, 582, 583, 584, 585, 586, 587, 588, 589, 590, 591, 592, 593, 594, 595, 596, 597, 598, 599, 600, 601, 602, 603, 604, 605, 606, 607, 608, 609, 610, 611, 612, 613, 614, 615, 616, 617, 618, 619, 620, 621, 622, 623, 624, 625, 626, 627, 628, 629, 630, 631, 632, 633, 634, 635, 636, 637, 638, 639, 640, 641, 642, 643, 644, 645, 646, 647, 648, 649, 650, 651, 652, 653, 654, 655, 656, 657, 658, 659, 660, 661, 662, 663, 664, 665, 666, 667, 668, 669, 670, 671, 672, 673, 674, 675, 676, 677, 678, 679, 680, 681, 682, 683, 684, 685, 686, 687, 688, 689, 690, 691, 692, 693, 694, 695, 696, 697, 698, 699, 700, 701, 702, 703, 704, 705, 706, 707, 708, 709, 710, 711, 712, 713, 714, 715, 716, 717, 718, 719, 720, 721, 722, 723, 724, 725, 726, 727, 728, 729, 730, 731, 732, 733, 734, 735, 736, 737, 738, 739, 740, 741, 742, 743, 744, 745, 746, 747, 748, 749, 750, 751, 752, 753, 754, 755, 756, 757, 758, 759, 760, 761, 762, 763, 764, 765, 766, 767, 768, 769, 770, 771, 772, 773, 774, 775, 776, 777, 778, 779, 780, 781, 782, 783, 784, 785, 786, 787, 788, 789, 790, 791, 792, 793, 809, 817, 819, 830, 833, 834, 836, 845, 856, 857, 860, 862, 875, 880, 887, 888, 899, 900, 914, 918, 921, 928, 929, 930]",True,"[145, 330, 616, 787]","[103, 104, 105, 106, 107, 108, 109, 110, 111, 112, 113, 114, 115, 116, 117, 118, 119, 120, 121, 122, 123, 124, 125, 126, 127, 128, 129, 130, 131, 132, 133, 134, 135, 136, 137, 138, 139, 140, 141, 142, 143, 144, 145, 146, 147, 148, 149, 150, 151, 152, 153, 154, 155, 156, 157, 158, 159, 160, 161, 162, 163, 164, 165, 166, 167, 168, 169, 170, 171, 172, 173, 174, 175, 176, 177, 178, 179, 180, 181, 182, 183, 184, 185, 186, 187, 188, 189, 190, 191, 192, 193, 194, 195, 196, 197, 198, 199, 200, 201, 202, 203, 204, 205, 206, 207, 208, 209, 210, 211, 212, 213, 214, 215, 216, 217, 218, 219, 220, 221, 222, 223, 224, 225, 226, 227, 228, 229, 230, 231, 232, 233, 234, 235, 236, 237, 238, 239, 240, 241, 242, 243, 244, 245, 246, 247, 248, 249, 250, 251, 252, 253, 254, 255, 256, 257, 258, 259, 260, 261, 262, 263, 264, 265, 266, 267, 268, 269, 270, 271, 272, 273, 274, 275, 276, 277, 278, 279, 280, 281, 282, 283, 284, 285, 286, 287, 288, 289, 290, 291, 292, 293, 294, 295, 296, 297, 298, 299, 300, 301, 302, 303, 304, 305, 306, 307, 308, 309, 310, 311, 312, 313, 314, 315, 316, 317, 318, 319, 320, 321, 322, 323, 324, 325, 326, 327, 328, 329, 330, 331, 332, 333, 334, 335, 336, 337, 574, 575, 576, 577, 578, 579, 580, 581, 582, 583, 584, 585, 586, 587, 588, 589, 590, 591, 592, 593, 594, 595, 596, 597, 598, 599, 600, 601, 602, 603, 604, 605, 606, 607, 608, 609, 610, 611, 612, 613, 614, 615, 616, 617, 618, 619, 620, 621, 622, 623, 624, 625, 626, 627, 628, 629, 630, 631, 632, 633, 634, 635, 636, 637, 638, 639, 640, 641, 642, 643, 644, 645, 646, 647, 648, 649, 650, 651, 652, 653, 654, 655, 656, 657, 658, 659, 660, 661, 662, 663, 664, 665, 666, 667, 668, 669, 670, 671, 672, 673, 674, 675, 676, 677, 678, 679, 680, 681, 682, 683, 684, 685, 686, 687, 688, 689, 690, 691, 692, 693, 694, 695, 696, 697, 698, 699, 700, 701, 702, 703, 704, 705, 706, 707, 708, 709, 710, 711, 712, 713, 714, 715, 716, 717, 718, 719, 720, 721, 722, 723, 724, 725, 726, 727, 728, 729, 730, 731, 732, 733, 734, 735, 736, 737, 738, 739, 740, 741, 742, 743, 744, 745, 746, 747, 748, 749, 750, 751, 752, 753, 754, 755, 756, 757, 758, 759, 760, 761, 762, 763, 764, 765, 766, 767, 768, 769, 770, 771, 772, 773, 774, 775, 776, 777, 778, 779, 780, 781, 782, 783, 784, 785, 786, 787, 788, 789, 790, 791, 792, 793]","[330, 369, 787, 819]","[300, 330, 759, 787]","[143, 145, 181, 233, 234, 236, 295, 330, 614, 616, 652, 697, 698, 700, 754, 787]","[12, 24, 25, 28, 88, 100, 104, 119, 123, 129, 136, 137, 139, 140, 141, 148, 155, 169, 172, 179, 183, 185, 188, 196, 198, 217, 237, 267, 270, 278, 319, 321, 324, 325, 330, 334, 335, 354, 366, 369, 380, 383, 384, 386, 395, 407, 411, 423, 428, 436, 437, 452, 453, 456, 467, 471, 477, 478, 479, 497, 508, 511, 559, 571, 575, 590, 594, 600, 607, 608, 610, 611, 612, 619, 627, 640, 643, 650, 654, 656, 659, 667, 669, 685, 701, 726, 729, 737, 777, 779, 782, 783, 787, 790, 791, 809, 817, 819, 830, 833, 834, 836, 845, 856, 857, 860, 862, 875, 880, 887, 888, 899, 900, 914, 918, 921, 928, 929, 930]","[12, 24, 25, 28, 88, 100, 104, 119, 123, 129, 136, 137, 139, 140, 141, 148, 155, 169, 172, 179, 183, 185, 188, 196, 198, 217, 237, 267, 270, 278, 319, 321, 324, 325, 330, 334, 335, 354, 366, 369, 380, 383, 384, 386, 395, 407, 411, 423, 428, 436, 437, 452, 453, 456, 467, 471, 477, 478, 479, 497, 508, 511, 559, 571, 575, 590, 594, 600, 607, 608, 610, 611, 612, 619, 627, 640, 643, 650, 654, 656, 659, 667, 669, 685, 701, 726, 729, 737, 777, 779, 782, 783, 787, 790, 791, 809, 817, 819, 830, 833, 834, 836, 845, 856, 857, 860, 862, 875, 880, 887, 888, 899, 900, 914, 918, 921, 928, 929, 930]",7/6 successful match,True,[14],True,694,False,,1.0,True,Webb Truck Service ( Chevron ),Chevron
"Bell Gardens , 90201 Webb Truck Service ( Chevron )",323-773-2673 I-710 Ex 15 ( Florence to Gage Ave ),) HIRUS 24 D,Bell Gardens,90201,Webb Truck Service ( Chevron ),323-773-2673,2008,Bell Gardens,CA,Chevron,( Florence to Gage Ave ),I-710 Ex 15 ,Exit,15,False,,False,I-710,,,,,"[330, 787]","[145, 330, 616, 787]","[330, 369, 787, 819]","[300, 330, 759, 787]","[103, 104, 105, 106, 107, 108, 109, 110, 111, 112, 113, 114, 115, 116, 117, 118, 119, 120, 121, 122, 123, 124, 125, 126, 127, 128, 129, 130, 131, 132, 133, 134, 135, 136, 137, 138, 139, 140, 141, 142, 143, 144, 145, 146, 147, 148, 149, 150, 151, 152, 153, 154, 155, 156, 157, 158, 159, 160, 161, 162, 163, 164, 165, 166, 167, 168, 169, 170, 171, 172, 173, 174, 175, 176, 177, 178, 179, 180, 181, 182, 183, 184, 185, 186, 187, 188, 189, 190, 191, 192, 193, 194, 195, 196, 197, 198, 199, 200, 201, 202, 203, 204, 205, 206, 207, 208, 209, 210, 211, 212, 213, 214, 215, 216, 217, 218, 219, 220, 221, 222, 223, 224, 225, 226, 227, 228, 229, 230, 231, 232, 233, 234, 235, 236, 237, 238, 239, 240, 241, 242, 243, 244, 245, 246, 247, 248, 249, 250, 251, 252, 253, 254, 255, 256, 257, 258, 259, 260, 261, 262, 263, 264, 265, 266, 267, 268, 269, 270, 271, 272, 273, 274, 275, 276, 277, 278, 279, 280, 281, 282, 283, 284, 285, 286, 287, 288, 289, 290, 291, 292, 293, 294, 295, 296, 297, 298, 299, 300, 301, 302, 303, 304, 305, 306, 307, 308, 309, 310, 311, 312, 313, 314, 315, 316, 317, 318, 319, 320, 321, 322, 323, 324, 325, 326, 327, 328, 329, 330, 331, 332, 333, 334, 335, 336, 337, 574, 575, 576, 577, 578, 579, 580, 581, 582, 583, 584, 585, 586, 587, 588, 589, 590, 591, 592, 593, 594, 595, 596, 597, 598, 599, 600, 601, 602, 603, 604, 605, 606, 607, 608, 609, 610, 611, 612, 613, 614, 615, 616, 617, 618, 619, 620, 621, 622, 623, 624, 625, 626, 627, 628, 629, 630, 631, 632, 633, 634, 635, 636, 637, 638, 639, 640, 641, 642, 643, 644, 645, 646, 647, 648, 649, 650, 651, 652, 653, 654, 655, 656, 657, 658, 659, 660, 661, 662, 663, 664, 665, 666, 667, 668, 669, 670, 671, 672, 673, 674, 675, 676, 677, 678, 679, 680, 681, 682, 683, 684, 685, 686, 687, 688, 689, 690, 691, 692, 693, 694, 695, 696, 697, 698, 699, 700, 701, 702, 703, 704, 705, 706, 707, 708, 709, 710, 711, 712, 713, 714, 715, 716, 717, 718, 719, 720, 721, 722, 723, 724, 725, 726, 727, 728, 729, 730, 731, 732, 733, 734, 735, 736, 737, 738, 739, 740, 741, 742, 743, 744, 745, 746, 747, 748, 749, 750, 751, 752, 753, 754, 755, 756, 757, 758, 759, 760, 761, 762, 763, 764, 765, 766, 767, 768, 769, 770, 771, 772, 773, 774, 775, 776, 777, 778, 779, 780, 781, 782, 783, 784, 785, 786, 787, 788, 789, 790, 791, 792, 793]","[143, 145, 181, 233, 234, 236, 295, 330, 614, 616, 652, 697, 698, 700, 754, 787]","[12, 24, 25, 28, 88, 100, 104, 119, 123, 129, 136, 137, 139, 140, 141, 148, 155, 169, 172, 179, 183, 185, 188, 196, 198, 217, 237, 267, 270, 278, 319, 321, 324, 325, 330, 334, 335, 354, 366, 369, 380, 383, 384, 386, 395, 407, 411, 423, 428, 436, 437, 452, 453, 456, 467, 471, 477, 478, 479, 497, 508, 511, 559, 571, 575, 590, 594, 600, 607, 608, 610, 611, 612, 619, 627, 640, 643, 650, 654, 656, 659, 667, 669, 685, 701, 726, 729, 737, 777, 779, 782, 783, 787, 790, 791, 809, 817, 819, 830, 833, 834, 836, 845, 856, 857, 860, 862, 875, 880, 887, 888, 899, 900, 914, 918, 921, 928, 929, 930]","[12, 24, 25, 28, 88, 100, 104, 119, 123, 129, 136, 137, 139, 140, 141, 148, 155, 169, 172, 179, 183, 185, 188, 196, 198, 217, 237, 267, 270, 278, 319, 321, 324, 325, 330, 334, 335, 354, 366, 369, 380, 383, 384, 386, 395, 407, 411, 423, 428, 436, 437, 452, 453, 456, 467, 471, 477, 478, 479, 497, 508, 511, 559, 571, 575, 590, 594, 600, 607, 608, 610, 611, 612, 619, 627, 640, 643, 650, 654, 656, 659, 667, 669, 685, 701, 726, 729, 737, 777, 779, 782, 783, 787, 790, 791, 809, 817, 819, 830, 833, 834, 836, 845, 856, 857, 860, 862, 875, 880, 887, 888, 899, 900, 914, 918, 921, 928, 929, 930]","[12, 24, 25, 28, 88, 100, 103, 104, 105, 106, 107, 108, 109, 110, 111, 112, 113, 114, 115, 116, 117, 118, 119, 120, 121, 122, 123, 124, 125, 126, 127, 128, 129, 130, 131, 132, 133, 134, 135, 136, 137, 138, 139, 140, 141, 142, 143, 144, 145, 146, 147, 148, 149, 150, 151, 152, 153, 154, 155, 156, 157, 158, 159, 160, 161, 162, 163, 164, 165, 166, 167, 168, 169, 170, 171, 172, 173, 174, 175, 176, 177, 178, 179, 180, 181, 182, 183, 184, 185, 186, 187, 188, 189, 190, 191, 192, 193, 194, 195, 196, 197, 198, 199, 200, 201, 202, 203, 204, 205, 206, 207, 208, 209, 210, 211, 212, 213, 214, 215, 216, 217, 218, 219, 220, 221, 222, 223, 224, 225, 226, 227, 228, 229, 230, 231, 232, 233, 234, 235, 236, 237, 238, 239, 240, 241, 242, 243, 244, 245, 246, 247, 248, 249, 250, 251, 252, 253, 254, 255, 256, 257, 258, 259, 260, 261, 262, 263, 264, 265, 266, 267, 268, 269, 270, 271, 272, 273, 274, 275, 276, 277, 278, 279, 280, 281, 282, 283, 284, 285, 286, 287, 288, 289, 290, 291, 292, 293, 294, 295, 296, 297, 298, 299, 300, 301, 302, 303, 304, 305, 306, 307, 308, 309, 310, 311, 312, 313, 314, 315, 316, 317, 318, 319, 320, 321, 322, 323, 324, 325, 326, 327, 328, 329, 330, 331, 332, 333, 334, 335, 336, 337, 354, 366, 369, 380, 383, 384, 386, 395, 407, 411, 423, 428, 436, 437, 452, 453, 456, 467, 471, 477, 478, 479, 497, 508, 511, 559, 571, 574, 575, 576, 577, 578, 579, 580, 581, 582, 583, 584, 585, 586, 587, 588, 589, 590, 591, 592, 593, 594, 595, 596, 597, 598, 599, 600, 601, 602, 603, 604, 605, 606, 607, 608, 609, 610, 611, 612, 613, 614, 615, 616, 617, 618, 619, 620, 621, 622, 623, 624, 625, 626, 627, 628, 629, 630, 631, 632, 633, 634, 635, 636, 637, 638, 639, 640, 641, 642, 643, 644, 645, 646, 647, 648, 649, 650, 651, 652, 653, 654, 655, 656, 657, 658, 659, 660, 661, 662, 663, 664, 665, 666, 667, 668, 669, 670, 671, 672, 673, 674, 675, 676, 677, 678, 679, 680, 681, 682, 683, 684, 685, 686, 687, 688, 689, 690, 691, 692, 693, 694, 695, 696, 697, 698, 699, 700, 701, 702, 703, 704, 705, 706, 707, 708, 709, 710, 711, 712, 713, 714, 715, 716, 717, 718, 719, 720, 721, 722, 723, 724, 725, 726, 727, 728, 729, 730, 731, 732, 733, 734, 735, 736, 737, 738, 739, 740, 741, 742, 743, 744, 745, 746, 747, 748, 749, 750, 751, 752, 753, 754, 755, 756, 757, 758, 759, 760, 761, 762, 763, 764, 765, 766, 767, 768, 769, 770, 771, 772, 773, 774, 775, 776, 777, 778, 779, 780, 781, 782, 783, 784, 785, 786, 787, 788, 789, 790, 791, 792, 793, 809, 817, 819, 830, 833, 834, 836, 845, 856, 857, 860, 862, 875, 880, 887, 888, 899, 900, 914, 918, 921, 928, 929, 930]",True,"[145, 330, 616, 787]","[103, 104, 105, 106, 107, 108, 109, 110, 111, 112, 113, 114, 115, 116, 117, 118, 119, 120, 121, 122, 123, 124, 125, 126, 127, 128, 129, 130, 131, 132, 133, 134, 135, 136, 137, 138, 139, 140, 141, 142, 143, 144, 145, 146, 147, 148, 149, 150, 151, 152, 153, 154, 155, 156, 157, 158, 159, 160, 161, 162, 163, 164, 165, 166, 167, 168, 169, 170, 171, 172, 173, 174, 175, 176, 177, 178, 179, 180, 181, 182, 183, 184, 185, 186, 187, 188, 189, 190, 191, 192, 193, 194, 195, 196, 197, 198, 199, 200, 201, 202, 203, 204, 205, 206, 207, 208, 209, 210, 211, 212, 213, 214, 215, 216, 217, 218, 219, 220, 221, 222, 223, 224, 225, 226, 227, 228, 229, 230, 231, 232, 233, 234, 235, 236, 237, 238, 239, 240, 241, 242, 243, 244, 245, 246, 247, 248, 249, 250, 251, 252, 253, 254, 255, 256, 257, 258, 259, 260, 261, 262, 263, 264, 265, 266, 267, 268, 269, 270, 271, 272, 273, 274, 275, 276, 277, 278, 279, 280, 281, 282, 283, 284, 285, 286, 287, 288, 289, 290, 291, 292, 293, 294, 295, 296, 297, 298, 299, 300, 301, 302, 303, 304, 305, 306, 307, 308, 309, 310, 311, 312, 313, 314, 315, 316, 317, 318, 319, 320, 321, 322, 323, 324, 325, 326, 327, 328, 329, 330, 331, 332, 333, 334, 335, 336, 337, 574, 575, 576, 577, 578, 579, 580, 581, 582, 583, 584, 585, 586, 587, 588, 589, 590, 591, 592, 593, 594, 595, 596, 597, 598, 599, 600, 601, 602, 603, 604, 605, 606, 607, 608, 609, 610, 611, 612, 613, 614, 615, 616, 617, 618, 619, 620, 621, 622, 623, 624, 625, 626, 627, 628, 629, 630, 631, 632, 633, 634, 635, 636, 637, 638, 639, 640, 641, 642, 643, 644, 645, 646, 647, 648, 649, 650, 651, 652, 653, 654, 655, 656, 657, 658, 659, 660, 661, 662, 663, 664, 665, 666, 667, 668, 669, 670, 671, 672, 673, 674, 675, 676, 677, 678, 679, 680, 681, 682, 683, 684, 685, 686, 687, 688, 689, 690, 691, 692, 693, 694, 695, 696, 697, 698, 699, 700, 701, 702, 703, 704, 705, 706, 707, 708, 709, 710, 711, 712, 713, 714, 715, 716, 717, 718, 719, 720, 721, 722, 723, 724, 725, 726, 727, 728, 729, 730, 731, 732, 733, 734, 735, 736, 737, 738, 739, 740, 741, 742, 743, 744, 745, 746, 747, 748, 749, 750, 751, 752, 753, 754, 755, 756, 757, 758, 759, 760, 761, 762, 763, 764, 765, 766, 767, 768, 769, 770, 771, 772, 773, 774, 775, 776, 777, 778, 779, 780, 781, 782, 783, 784, 785, 786, 787, 788, 789, 790, 791, 792, 793]","[330, 369, 787, 819]","[300, 330, 759, 787]","[143, 145, 181, 233, 234, 236, 295, 330, 614, 616, 652, 697, 698, 700, 754, 787]","[12, 24, 25, 28, 88, 100, 104, 119, 123, 129, 136, 137, 139, 140, 141, 148, 155, 169, 172, 179, 183, 185, 188, 196, 198, 217, 237, 267, 270, 278, 319, 321, 324, 325, 330, 334, 335, 354, 366, 369, 380, 383, 384, 386, 395, 407, 411, 423, 428, 436, 437, 452, 453, 456, 467, 471, 477, 478, 479, 497, 508, 511, 559, 571, 575, 590, 594, 600, 607, 608, 610, 611, 612, 619, 627, 640, 643, 650, 654, 656, 659, 667, 669, 685, 701, 726, 729, 737, 777, 779, 782, 783, 787, 790, 791, 809, 817, 819, 830, 833, 834, 836, 845, 856, 857, 860, 862, 875, 880, 887, 888, 899, 900, 914, 918, 921, 928, 929, 930]","[12, 24, 25, 28, 88, 100, 104, 119, 123, 129, 136, 137, 139, 140, 141, 148, 155, 169, 172, 179, 183, 185, 188, 196, 198, 217, 237, 267, 270, 278, 319, 321, 324, 325, 330, 334, 335, 354, 366, 369, 380, 383, 384, 386, 395, 407, 411, 423, 428, 436, 437, 452, 453, 456, 467, 471, 477, 478, 479, 497, 508, 511, 559, 571, 575, 590, 594, 600, 607, 608, 610, 611, 612, 619, 627, 640, 643, 650, 654, 656, 659, 667, 669, 685, 701, 726, 729, 737, 777, 779, 782, 783, 787, 790, 791, 809, 817, 819, 830, 833, 834, 836, 845, 856, 857, 860, 862, 875, 880, 887, 888, 899, 900, 914, 918, 921, 928, 929, 930]",7/6 successful match,True,[14],True,694,False,,1.0,True,Webb Truck Service ( Chevron ),Chevron
C Bell Gardens ( 90201 ) Webb's Auto & Truck Service ( Chevron ),"323-773-2673 I-710 X 15 ( E to Eastern , N to Gage )",) 24 D,Bell Gardens,90201,Webb's Auto & Truck Service ( Chevron ),323-773-2673,2014,Bell Gardens,CA,Chevron,"( E to Eastern , N to Gage )",I-710 X 15 ,Exit,15,False,,False,I-710,,,,,"[330, 787]","[145, 330, 616, 787]","[330, 369, 787, 819]","[300, 330, 759, 787]","[103, 104, 105, 106, 107, 108, 109, 110, 111, 112, 113, 114, 115, 116, 117, 118, 119, 120, 121, 122, 123, 124, 125, 126, 127, 128, 129, 130, 131, 132, 133, 134, 135, 136, 137, 138, 139, 140, 141, 142, 143, 144, 145, 146, 147, 148, 149, 150, 151, 152, 153, 154, 155, 156, 157, 158, 159, 160, 161, 162, 163, 164, 165, 166, 167, 168, 169, 170, 171, 172, 173, 174, 175, 176, 177, 178, 179, 180, 181, 182, 183, 184, 185, 186, 187, 188, 189, 190, 191, 192, 193, 194, 195, 196, 197, 198, 199, 200, 201, 202, 203, 204, 205, 206, 207, 208, 209, 210, 211, 212, 213, 214, 215, 216, 217, 218, 219, 220, 221, 222, 223, 224, 225, 226, 227, 228, 229, 230, 231, 232, 233, 234, 235, 236, 237, 238, 239, 240, 241, 242, 243, 244, 245, 246, 247, 248, 249, 250, 251, 252, 253, 254, 255, 256, 257, 258, 259, 260, 261, 262, 263, 264, 265, 266, 267, 268, 269, 270, 271, 272, 273, 274, 275, 276, 277, 278, 279, 280, 281, 282, 283, 284, 285, 286, 287, 288, 289, 290, 291, 292, 293, 294, 295, 296, 297, 298, 299, 300, 301, 302, 303, 304, 305, 306, 307, 308, 309, 310, 311, 312, 313, 314, 315, 316, 317, 318, 319, 320, 321, 322, 323, 324, 325, 326, 327, 328, 329, 330, 331, 332, 333, 334, 335, 336, 337, 574, 575, 576, 577, 578, 579, 580, 581, 582, 583, 584, 585, 586, 587, 588, 589, 590, 591, 592, 593, 594, 595, 596, 597, 598, 599, 600, 601, 602, 603, 604, 605, 606, 607, 608, 609, 610, 611, 612, 613, 614, 615, 616, 617, 618, 619, 620, 621, 622, 623, 624, 625, 626, 627, 628, 629, 630, 631, 632, 633, 634, 635, 636, 637, 638, 639, 640, 641, 642, 643, 644, 645, 646, 647, 648, 649, 650, 651, 652, 653, 654, 655, 656, 657, 658, 659, 660, 661, 662, 663, 664, 665, 666, 667, 668, 669, 670, 671, 672, 673, 674, 675, 676, 677, 678, 679, 680, 681, 682, 683, 684, 685, 686, 687, 688, 689, 690, 691, 692, 693, 694, 695, 696, 697, 698, 699, 700, 701, 702, 703, 704, 705, 706, 707, 708, 709, 710, 711, 712, 713, 714, 715, 716, 717, 718, 719, 720, 721, 722, 723, 724, 725, 726, 727, 728, 729, 730, 731, 732, 733, 734, 735, 736, 737, 738, 739, 740, 741, 742, 743, 744, 745, 746, 747, 748, 749, 750, 751, 752, 753, 754, 755, 756, 757, 758, 759, 760, 761, 762, 763, 764, 765, 766, 767, 768, 769, 770, 771, 772, 773, 774, 775, 776, 777, 778, 779, 780, 781, 782, 783, 784, 785, 786, 787, 788, 789, 790, 791, 792, 793]","[143, 145, 181, 233, 234, 236, 295, 330, 614, 616, 652, 697, 698, 700, 754, 787]","[12, 24, 25, 28, 88, 100, 104, 119, 123, 129, 136, 137, 139, 140, 141, 148, 155, 169, 172, 179, 183, 185, 188, 196, 198, 217, 237, 267, 270, 278, 319, 321, 324, 325, 330, 334, 335, 354, 366, 369, 380, 383, 384, 386, 395, 407, 411, 423, 428, 436, 437, 452, 453, 456, 467, 471, 477, 478, 479, 497, 508, 511, 559, 571, 575, 590, 594, 600, 607, 608, 610, 611, 612, 619, 627, 640, 643, 650, 654, 656, 659, 667, 669, 685, 701, 726, 729, 737, 777, 779, 782, 783, 787, 790, 791, 809, 817, 819, 830, 833, 834, 836, 845, 856, 857, 860, 862, 875, 880, 887, 888, 899, 900, 914, 918, 921, 928, 929, 930]","[12, 24, 25, 28, 88, 100, 104, 119, 123, 129, 136, 137, 139, 140, 141, 148, 155, 169, 172, 179, 183, 185, 188, 196, 198, 217, 237, 267, 270, 278, 319, 321, 324, 325, 330, 334, 335, 354, 366, 369, 380, 383, 384, 386, 395, 407, 411, 423, 428, 436, 437, 452, 453, 456, 467, 471, 477, 478, 479, 497, 508, 511, 559, 571, 575, 590, 594, 600, 607, 608, 610, 611, 612, 619, 627, 640, 643, 650, 654, 656, 659, 667, 669, 685, 701, 726, 729, 737, 777, 779, 782, 783, 787, 790, 791, 809, 817, 819, 830, 833, 834, 836, 845, 856, 857, 860, 862, 875, 880, 887, 888, 899, 900, 914, 918, 921, 928, 929, 930]","[12, 24, 25, 28, 88, 100, 103, 104, 105, 106, 107, 108, 109, 110, 111, 112, 113, 114, 115, 116, 117, 118, 119, 120, 121, 122, 123, 124, 125, 126, 127, 128, 129, 130, 131, 132, 133, 134, 135, 136, 137, 138, 139, 140, 141, 142, 143, 144, 145, 146, 147, 148, 149, 150, 151, 152, 153, 154, 155, 156, 157, 158, 159, 160, 161, 162, 163, 164, 165, 166, 167, 168, 169, 170, 171, 172, 173, 174, 175, 176, 177, 178, 179, 180, 181, 182, 183, 184, 185, 186, 187, 188, 189, 190, 191, 192, 193, 194, 195, 196, 197, 198, 199, 200, 201, 202, 203, 204, 205, 206, 207, 208, 209, 210, 211, 212, 213, 214, 215, 216, 217, 218, 219, 220, 221, 222, 223, 224, 225, 226, 227, 228, 229, 230, 231, 232, 233, 234, 235, 236, 237, 238, 239, 240, 241, 242, 243, 244, 245, 246, 247, 248, 249, 250, 251, 252, 253, 254, 255, 256, 257, 258, 259, 260, 261, 262, 263, 264, 265, 266, 267, 268, 269, 270, 271, 272, 273, 274, 275, 276, 277, 278, 279, 280, 281, 282, 283, 284, 285, 286, 287, 288, 289, 290, 291, 292, 293, 294, 295, 296, 297, 298, 299, 300, 301, 302, 303, 304, 305, 306, 307, 308, 309, 310, 311, 312, 313, 314, 315, 316, 317, 318, 319, 320, 321, 322, 323, 324, 325, 326, 327, 328, 329, 330, 331, 332, 333, 334, 335, 336, 337, 354, 366, 369, 380, 383, 384, 386, 395, 407, 411, 423, 428, 436, 437, 452, 453, 456, 467, 471, 477, 478, 479, 497, 508, 511, 559, 571, 574, 575, 576, 577, 578, 579, 580, 581, 582, 583, 584, 585, 586, 587, 588, 589, 590, 591, 592, 593, 594, 595, 596, 597, 598, 599, 600, 601, 602, 603, 604, 605, 606, 607, 608, 609, 610, 611, 612, 613, 614, 615, 616, 617, 618, 619, 620, 621, 622, 623, 624, 625, 626, 627, 628, 629, 630, 631, 632, 633, 634, 635, 636, 637, 638, 639, 640, 641, 642, 643, 644, 645, 646, 647, 648, 649, 650, 651, 652, 653, 654, 655, 656, 657, 658, 659, 660, 661, 662, 663, 664, 665, 666, 667, 668, 669, 670, 671, 672, 673, 674, 675, 676, 677, 678, 679, 680, 681, 682, 683, 684, 685, 686, 687, 688, 689, 690, 691, 692, 693, 694, 695, 696, 697, 698, 699, 700, 701, 702, 703, 704, 705, 706, 707, 708, 709, 710, 711, 712, 713, 714, 715, 716, 717, 718, 719, 720, 721, 722, 723, 724, 725, 726, 727, 728, 729, 730, 731, 732, 733, 734, 735, 736, 737, 738, 739, 740, 741, 742, 743, 744, 745, 746, 747, 748, 749, 750, 751, 752, 753, 754, 755, 756, 757, 758, 759, 760, 761, 762, 763, 764, 765, 766, 767, 768, 769, 770, 771, 772, 773, 774, 775, 776, 777, 778, 779, 780, 781, 782, 783, 784, 785, 786, 787, 788, 789, 790, 791, 792, 793, 809, 817, 819, 830, 833, 834, 836, 845, 856, 857, 860, 862, 875, 880, 887, 888, 899, 900, 914, 918, 921, 928, 929, 930]",True,"[145, 330, 616, 787]","[103, 104, 105, 106, 107, 108, 109, 110, 111, 112, 113, 114, 115, 116, 117, 118, 119, 120, 121, 122, 123, 124, 125, 126, 127, 128, 129, 130, 131, 132, 133, 134, 135, 136, 137, 138, 139, 140, 141, 142, 143, 144, 145, 146, 147, 148, 149, 150, 151, 152, 153, 154, 155, 156, 157, 158, 159, 160, 161, 162, 163, 164, 165, 166, 167, 168, 169, 170, 171, 172, 173, 174, 175, 176, 177, 178, 179, 180, 181, 182, 183, 184, 185, 186, 187, 188, 189, 190, 191, 192, 193, 194, 195, 196, 197, 198, 199, 200, 201, 202, 203, 204, 205, 206, 207, 208, 209, 210, 211, 212, 213, 214, 215, 216, 217, 218, 219, 220, 221, 222, 223, 224, 225, 226, 227, 228, 229, 230, 231, 232, 233, 234, 235, 236, 237, 238, 239, 240, 241, 242, 243, 244, 245, 246, 247, 248, 249, 250, 251, 252, 253, 254, 255, 256, 257, 258, 259, 260, 261, 262, 263, 264, 265, 266, 267, 268, 269, 270, 271, 272, 273, 274, 275, 276, 277, 278, 279, 280, 281, 282, 283, 284, 285, 286, 287, 288, 289, 290, 291, 292, 293, 294, 295, 296, 297, 298, 299, 300, 301, 302, 303, 304, 305, 306, 307, 308, 309, 310, 311, 312, 313, 314, 315, 316, 317, 318, 319, 320, 321, 322, 323, 324, 325, 326, 327, 328, 329, 330, 331, 332, 333, 334, 335, 336, 337, 574, 575, 576, 577, 578, 579, 580, 581, 582, 583, 584, 585, 586, 587, 588, 589, 590, 591, 592, 593, 594, 595, 596, 597, 598, 599, 600, 601, 602, 603, 604, 605, 606, 607, 608, 609, 610, 611, 612, 613, 614, 615, 616, 617, 618, 619, 620, 621, 622, 623, 624, 625, 626, 627, 628, 629, 630, 631, 632, 633, 634, 635, 636, 637, 638, 639, 640, 641, 642, 643, 644, 645, 646, 647, 648, 649, 650, 651, 652, 653, 654, 655, 656, 657, 658, 659, 660, 661, 662, 663, 664, 665, 666, 667, 668, 669, 670, 671, 672, 673, 674, 675, 676, 677, 678, 679, 680, 681, 682, 683, 684, 685, 686, 687, 688, 689, 690, 691, 692, 693, 694, 695, 696, 697, 698, 699, 700, 701, 702, 703, 704, 705, 706, 707, 708, 709, 710, 711, 712, 713, 714, 715, 716, 717, 718, 719, 720, 721, 722, 723, 724, 725, 726, 727, 728, 729, 730, 731, 732, 733, 734, 735, 736, 737, 738, 739, 740, 741, 742, 743, 744, 745, 746, 747, 748, 749, 750, 751, 752, 753, 754, 755, 756, 757, 758, 759, 760, 761, 762, 763, 764, 765, 766, 767, 768, 769, 770, 771, 772, 773, 774, 775, 776, 777, 778, 779, 780, 781, 782, 783, 784, 785, 786, 787, 788, 789, 790, 791, 792, 793]","[330, 369, 787, 819]","[300, 330, 759, 787]","[143, 145, 181, 233, 234, 236, 295, 330, 614, 616, 652, 697, 698, 700, 754, 787]","[12, 24, 25, 28, 88, 100, 104, 119, 123, 129, 136, 137, 139, 140, 141, 148, 155, 169, 172, 179, 183, 185, 188, 196, 198, 217, 237, 267, 270, 278, 319, 321, 324, 325, 330, 334, 335, 354, 366, 369, 380, 383, 384, 386, 395, 407, 411, 423, 428, 436, 437, 452, 453, 456, 467, 471, 477, 478, 479, 497, 508, 511, 559, 571, 575, 590, 594, 600, 607, 608, 610, 611, 612, 619, 627, 640, 643, 650, 654, 656, 659, 667, 669, 685, 701, 726, 729, 737, 777, 779, 782, 783, 787, 790, 791, 809, 817, 819, 830, 833, 834, 836, 845, 856, 857, 860, 862, 875, 880, 887, 888, 899, 900, 914, 918, 921, 928, 929, 930]","[12, 24, 25, 28, 88, 100, 104, 119, 123, 129, 136, 137, 139, 140, 141, 148, 155, 169, 172, 179, 183, 185, 188, 196, 198, 217, 237, 267, 270, 278, 319, 321, 324, 325, 330, 334, 335, 354, 366, 369, 380, 383, 384, 386, 395, 407, 411, 423, 428, 436, 437, 452, 453, 456, 467, 471, 477, 478, 479, 497, 508, 511, 559, 571, 575, 590, 594, 600, 607, 608, 610, 611, 612, 619, 627, 640, 643, 650, 654, 656, 659, 667, 669, 685, 701, 726, 729, 737, 777, 779, 782, 783, 787, 790, 791, 809, 817, 819, 830, 833, 834, 836, 845, 856, 857, 860, 862, 875, 880, 887, 888, 899, 900, 914, 918, 921, 928, 929, 930]",7/6 successful match,True,[14],True,694,False,,1.0,True,Webb Truck Service ( Chevron ),Chevron
C Bell Gardens ( 90201 ) Webb's Auto & Truck Service ) ( Chevron ),"4 323-773-2673 I-710 X 15 ( E to Eastern , N to",24 32 D,Bell Gardens,90201,Webb's Auto & Truck Service ) ( Chevron ),323-773-2673,2015,Bell Gardens,CA,Chevron,"( E to Eastern , N to",I-710 X 15 ,Exit,15,False,,False,I-710,,,,,"[330, 787]","[145, 330, 616, 787]","[330, 369, 787, 819]","[300, 330, 759, 787]","[103, 104, 105, 106, 107, 108, 109, 110, 111, 112, 113, 114, 115, 116, 117, 118, 119, 120, 121, 122, 123, 124, 125, 126, 127, 128, 129, 130, 131, 132, 133, 134, 135, 136, 137, 138, 139, 140, 141, 142, 143, 144, 145, 146, 147, 148, 149, 150, 151, 152, 153, 154, 155, 156, 157, 158, 159, 160, 161, 162, 163, 164, 165, 166, 167, 168, 169, 170, 171, 172, 173, 174, 175, 176, 177, 178, 179, 180, 181, 182, 183, 184, 185, 186, 187, 188, 189, 190, 191, 192, 193, 194, 195, 196, 197, 198, 199, 200, 201, 202, 203, 204, 205, 206, 207, 208, 209, 210, 211, 212, 213, 214, 215, 216, 217, 218, 219, 220, 221, 222, 223, 224, 225, 226, 227, 228, 229, 230, 231, 232, 233, 234, 235, 236, 237, 238, 239, 240, 241, 242, 243, 244, 245, 246, 247, 248, 249, 250, 251, 252, 253, 254, 255, 256, 257, 258, 259, 260, 261, 262, 263, 264, 265, 266, 267, 268, 269, 270, 271, 272, 273, 274, 275, 276, 277, 278, 279, 280, 281, 282, 283, 284, 285, 286, 287, 288, 289, 290, 291, 292, 293, 294, 295, 296, 297, 298, 299, 300, 301, 302, 303, 304, 305, 306, 307, 308, 309, 310, 311, 312, 313, 314, 315, 316, 317, 318, 319, 320, 321, 322, 323, 324, 325, 326, 327, 328, 329, 330, 331, 332, 333, 334, 335, 336, 337, 574, 575, 576, 577, 578, 579, 580, 581, 582, 583, 584, 585, 586, 587, 588, 589, 590, 591, 592, 593, 594, 595, 596, 597, 598, 599, 600, 601, 602, 603, 604, 605, 606, 607, 608, 609, 610, 611, 612, 613, 614, 615, 616, 617, 618, 619, 620, 621, 622, 623, 624, 625, 626, 627, 628, 629, 630, 631, 632, 633, 634, 635, 636, 637, 638, 639, 640, 641, 642, 643, 644, 645, 646, 647, 648, 649, 650, 651, 652, 653, 654, 655, 656, 657, 658, 659, 660, 661, 662, 663, 664, 665, 666, 667, 668, 669, 670, 671, 672, 673, 674, 675, 676, 677, 678, 679, 680, 681, 682, 683, 684, 685, 686, 687, 688, 689, 690, 691, 692, 693, 694, 695, 696, 697, 698, 699, 700, 701, 702, 703, 704, 705, 706, 707, 708, 709, 710, 711, 712, 713, 714, 715, 716, 717, 718, 719, 720, 721, 722, 723, 724, 725, 726, 727, 728, 729, 730, 731, 732, 733, 734, 735, 736, 737, 738, 739, 740, 741, 742, 743, 744, 745, 746, 747, 748, 749, 750, 751, 752, 753, 754, 755, 756, 757, 758, 759, 760, 761, 762, 763, 764, 765, 766, 767, 768, 769, 770, 771, 772, 773, 774, 775, 776, 777, 778, 779, 780, 781, 782, 783, 784, 785, 786, 787, 788, 789, 790, 791, 792, 793]","[143, 145, 181, 233, 234, 236, 295, 330, 614, 616, 652, 697, 698, 700, 754, 787]","[12, 24, 25, 28, 88, 100, 104, 119, 123, 129, 136, 137, 139, 140, 141, 148, 155, 169, 172, 179, 183, 185, 188, 196, 198, 217, 237, 267, 270, 278, 319, 321, 324, 325, 330, 334, 335, 354, 366, 369, 380, 383, 384, 386, 395, 407, 411, 423, 428, 436, 437, 452, 453, 456, 467, 471, 477, 478, 479, 497, 508, 511, 559, 571, 575, 590, 594, 600, 607, 608, 610, 611, 612, 619, 627, 640, 643, 650, 654, 656, 659, 667, 669, 685, 701, 726, 729, 737, 777, 779, 782, 783, 787, 790, 791, 809, 817, 819, 830, 833, 834, 836, 845, 856, 857, 860, 862, 875, 880, 887, 888, 899, 900, 914, 918, 921, 928, 929, 930]","[12, 24, 25, 28, 88, 100, 104, 119, 123, 129, 136, 137, 139, 140, 141, 148, 155, 169, 172, 179, 183, 185, 188, 196, 198, 217, 237, 267, 270, 278, 319, 321, 324, 325, 330, 334, 335, 354, 366, 369, 380, 383, 384, 386, 395, 407, 411, 423, 428, 436, 437, 452, 453, 456, 467, 471, 477, 478, 479, 497, 508, 511, 559, 571, 575, 590, 594, 600, 607, 608, 610, 611, 612, 619, 627, 640, 643, 650, 654, 656, 659, 667, 669, 685, 701, 726, 729, 737, 777, 779, 782, 783, 787, 790, 791, 809, 817, 819, 830, 833, 834, 836, 845, 856, 857, 860, 862, 875, 880, 887, 888, 899, 900, 914, 918, 921, 928, 929, 930]","[12, 24, 25, 28, 88, 100, 103, 104, 105, 106, 107, 108, 109, 110, 111, 112, 113, 114, 115, 116, 117, 118, 119, 120, 121, 122, 123, 124, 125, 126, 127, 128, 129, 130, 131, 132, 133, 134, 135, 136, 137, 138, 139, 140, 141, 142, 143, 144, 145, 146, 147, 148, 149, 150, 151, 152, 153, 154, 155, 156, 157, 158, 159, 160, 161, 162, 163, 164, 165, 166, 167, 168, 169, 170, 171, 172, 173, 174, 175, 176, 177, 178, 179, 180, 181, 182, 183, 184, 185, 186, 187, 188, 189, 190, 191, 192, 193, 194, 195, 196, 197, 198, 199, 200, 201, 202, 203, 204, 205, 206, 207, 208, 209, 210, 211, 212, 213, 214, 215, 216, 217, 218, 219, 220, 221, 222, 223, 224, 225, 226, 227, 228, 229, 230, 231, 232, 233, 234, 235, 236, 237, 238, 239, 240, 241, 242, 243, 244, 245, 246, 247, 248, 249, 250, 251, 252, 253, 254, 255, 256, 257, 258, 259, 260, 261, 262, 263, 264, 265, 266, 267, 268, 269, 270, 271, 272, 273, 274, 275, 276, 277, 278, 279, 280, 281, 282, 283, 284, 285, 286, 287, 288, 289, 290, 291, 292, 293, 294, 295, 296, 297, 298, 299, 300, 301, 302, 303, 304, 305, 306, 307, 308, 309, 310, 311, 312, 313, 314, 315, 316, 317, 318, 319, 320, 321, 322, 323, 324, 325, 326, 327, 328, 329, 330, 331, 332, 333, 334, 335, 336, 337, 354, 366, 369, 380, 383, 384, 386, 395, 407, 411, 423, 428, 436, 437, 452, 453, 456, 467, 471, 477, 478, 479, 497, 508, 511, 559, 571, 574, 575, 576, 577, 578, 579, 580, 581, 582, 583, 584, 585, 586, 587, 588, 589, 590, 591, 592, 593, 594, 595, 596, 597, 598, 599, 600, 601, 602, 603, 604, 605, 606, 607, 608, 609, 610, 611, 612, 613, 614, 615, 616, 617, 618, 619, 620, 621, 622, 623, 624, 625, 626, 627, 628, 629, 630, 631, 632, 633, 634, 635, 636, 637, 638, 639, 640, 641, 642, 643, 644, 645, 646, 647, 648, 649, 650, 651, 652, 653, 654, 655, 656, 657, 658, 659, 660, 661, 662, 663, 664, 665, 666, 667, 668, 669, 670, 671, 672, 673, 674, 675, 676, 677, 678, 679, 680, 681, 682, 683, 684, 685, 686, 687, 688, 689, 690, 691, 692, 693, 694, 695, 696, 697, 698, 699, 700, 701, 702, 703, 704, 705, 706, 707, 708, 709, 710, 711, 712, 713, 714, 715, 716, 717, 718, 719, 720, 721, 722, 723, 724, 725, 726, 727, 728, 729, 730, 731, 732, 733, 734, 735, 736, 737, 738, 739, 740, 741, 742, 743, 744, 745, 746, 747, 748, 749, 750, 751, 752, 753, 754, 755, 756, 757, 758, 759, 760, 761, 762, 763, 764, 765, 766, 767, 768, 769, 770, 771, 772, 773, 774, 775, 776, 777, 778, 779, 780, 781, 782, 783, 784, 785, 786, 787, 788, 789, 790, 791, 792, 793, 809, 817, 819, 830, 833, 834, 836, 845, 856, 857, 860, 862, 875, 880, 887, 888, 899, 900, 914, 918, 921, 928, 929, 930]",True,"[145, 330, 616, 787]","[103, 104, 105, 106, 107, 108, 109, 110, 111, 112, 113, 114, 115, 116, 117, 118, 119, 120, 121, 122, 123, 124, 125, 126, 127, 128, 129, 130, 131, 132, 133, 134, 135, 136, 137, 138, 139, 140, 141, 142, 143, 144, 145, 146, 147, 148, 149, 150, 151, 152, 153, 154, 155, 156, 157, 158, 159, 160, 161, 162, 163, 164, 165, 166, 167, 168, 169, 170, 171, 172, 173, 174, 175, 176, 177, 178, 179, 180, 181, 182, 183, 184, 185, 186, 187, 188, 189, 190, 191, 192, 193, 194, 195, 196, 197, 198, 199, 200, 201, 202, 203, 204, 205, 206, 207, 208, 209, 210, 211, 212, 213, 214, 215, 216, 217, 218, 219, 220, 221, 222, 223, 224, 225, 226, 227, 228, 229, 230, 231, 232, 233, 234, 235, 236, 237, 238, 239, 240, 241, 242, 243, 244, 245, 246, 247, 248, 249, 250, 251, 252, 253, 254, 255, 256, 257, 258, 259, 260, 261, 262, 263, 264, 265, 266, 267, 268, 269, 270, 271, 272, 273, 274, 275, 276, 277, 278, 279, 280, 281, 282, 283, 284, 285, 286, 287, 288, 289, 290, 291, 292, 293, 294, 295, 296, 297, 298, 299, 300, 301, 302, 303, 304, 305, 306, 307, 308, 309, 310, 311, 312, 313, 314, 315, 316, 317, 318, 319, 320, 321, 322, 323, 324, 325, 326, 327, 328, 329, 330, 331, 332, 333, 334, 335, 336, 337, 574, 575, 576, 577, 578, 579, 580, 581, 582, 583, 584, 585, 586, 587, 588, 589, 590, 591, 592, 593, 594, 595, 596, 597, 598, 599, 600, 601, 602, 603, 604, 605, 606, 607, 608, 609, 610, 611, 612, 613, 614, 615, 616, 617, 618, 619, 620, 621, 622, 623, 624, 625, 626, 627, 628, 629, 630, 631, 632, 633, 634, 635, 636, 637, 638, 639, 640, 641, 642, 643, 644, 645, 646, 647, 648, 649, 650, 651, 652, 653, 654, 655, 656, 657, 658, 659, 660, 661, 662, 663, 664, 665, 666, 667, 668, 669, 670, 671, 672, 673, 674, 675, 676, 677, 678, 679, 680, 681, 682, 683, 684, 685, 686, 687, 688, 689, 690, 691, 692, 693, 694, 695, 696, 697, 698, 699, 700, 701, 702, 703, 704, 705, 706, 707, 708, 709, 710, 711, 712, 713, 714, 715, 716, 717, 718, 719, 720, 721, 722, 723, 724, 725, 726, 727, 728, 729, 730, 731, 732, 733, 734, 735, 736, 737, 738, 739, 740, 741, 742, 743, 744, 745, 746, 747, 748, 749, 750, 751, 752, 753, 754, 755, 756, 757, 758, 759, 760, 761, 762, 763, 764, 765, 766, 767, 768, 769, 770, 771, 772, 773, 774, 775, 776, 777, 778, 779, 780, 781, 782, 783, 784, 785, 786, 787, 788, 789, 790, 791, 792, 793]","[330, 369, 787, 819]","[300, 330, 759, 787]","[143, 145, 181, 233, 234, 236, 295, 330, 614, 616, 652, 697, 698, 700, 754, 787]","[12, 24, 25, 28, 88, 100, 104, 119, 123, 129, 136, 137, 139, 140, 141, 148, 155, 169, 172, 179, 183, 185, 188, 196, 198, 217, 237, 267, 270, 278, 319, 321, 324, 325, 330, 334, 335, 354, 366, 369, 380, 383, 384, 386, 395, 407, 411, 423, 428, 436, 437, 452, 453, 456, 467, 471, 477, 478, 479, 497, 508, 511, 559, 571, 575, 590, 594, 600, 607, 608, 610, 611, 612, 619, 627, 640, 643, 650, 654, 656, 659, 667, 669, 685, 701, 726, 729, 737, 777, 779, 782, 783, 787, 790, 791, 809, 817, 819, 830, 833, 834, 836, 845, 856, 857, 860, 862, 875, 880, 887, 888, 899, 900, 914, 918, 921, 928, 929, 930]","[12, 24, 25, 28, 88, 100, 104, 119, 123, 129, 136, 137, 139, 140, 141, 148, 155, 169, 172, 179, 183, 185, 188, 196, 198, 217, 237, 267, 270, 278, 319, 321, 324, 325, 330, 334, 335, 354, 366, 369, 380, 383, 384, 386, 395, 407, 411, 423, 428, 436, 437, 452, 453, 456, 467, 471, 477, 478, 479, 497, 508, 511, 559, 571, 575, 590, 594, 600, 607, 608, 610, 611, 612, 619, 627, 640, 643, 650, 654, 656, 659, 667, 669, 685, 701, 726, 729, 737, 777, 779, 782, 783, 787, 790, 791, 809, 817, 819, 830, 833, 834, 836, 845, 856, 857, 860, 862, 875, 880, 887, 888, 899, 900, 914, 918, 921, 928, 929, 930]",7/6 successful match,True,[14],True,694,False,,1.0,True,Webb's Auto & Truck Service ( Chevron ),Chevron
"Huntington Park , 90255 Slauson Shell",323-589-3576 2400 E Slauson,S,Huntington Park,90255,Slauson Shell,323-589-3576,2006,Huntington Park,CA,Shell,,2400 E Slauson,Proper,,False,,False,2400 E,,,,,[],[],"[289, 748]",[],"[103, 104, 105, 106, 107, 108, 109, 110, 111, 112, 113, 114, 115, 116, 117, 118, 119, 120, 121, 122, 123, 124, 125, 126, 127, 128, 129, 130, 131, 132, 133, 134, 135, 136, 137, 138, 139, 140, 141, 142, 143, 144, 145, 146, 147, 148, 149, 150, 151, 152, 153, 154, 155, 156, 157, 158, 159, 160, 161, 162, 163, 164, 165, 166, 167, 168, 169, 170, 171, 172, 173, 174, 175, 176, 177, 178, 179, 180, 181, 182, 183, 184, 185, 186, 187, 188, 189, 190, 191, 192, 193, 194, 195, 196, 197, 198, 199, 200, 201, 202, 203, 204, 205, 206, 207, 208, 209, 210, 211, 212, 213, 214, 215, 216, 217, 218, 219, 220, 221, 222, 223, 224, 225, 226, 227, 228, 229, 230, 231, 232, 233, 234, 235, 236, 237, 238, 239, 240, 241, 242, 243, 244, 245, 246, 247, 248, 249, 250, 251, 252, 253, 254, 255, 256, 257, 258, 259, 260, 261, 262, 263, 264, 265, 266, 267, 268, 269, 270, 271, 272, 273, 274, 275, 276, 277, 278, 279, 280, 281, 282, 283, 284, 285, 286, 287, 288, 289, 290, 291, 292, 293, 294, 295, 296, 297, 298, 299, 300, 301, 302, 303, 304, 305, 306, 307, 308, 309, 310, 311, 312, 313, 314, 315, 316, 317, 318, 319, 320, 321, 322, 323, 324, 325, 326, 327, 328, 329, 330, 331, 332, 333, 334, 335, 336, 337, 574, 575, 576, 577, 578, 579, 580, 581, 582, 583, 584, 585, 586, 587, 588, 589, 590, 591, 592, 593, 594, 595, 596, 597, 598, 599, 600, 601, 602, 603, 604, 605, 606, 607, 608, 609, 610, 611, 612, 613, 614, 615, 616, 617, 618, 619, 620, 621, 622, 623, 624, 625, 626, 627, 628, 629, 630, 631, 632, 633, 634, 635, 636, 637, 638, 639, 640, 641, 642, 643, 644, 645, 646, 647, 648, 649, 650, 651, 652, 653, 654, 655, 656, 657, 658, 659, 660, 661, 662, 663, 664, 665, 666, 667, 668, 669, 670, 671, 672, 673, 674, 675, 676, 677, 678, 679, 680, 681, 682, 683, 684, 685, 686, 687, 688, 689, 690, 691, 692, 693, 694, 695, 696, 697, 698, 699, 700, 701, 702, 703, 704, 705, 706, 707, 708, 709, 710, 711, 712, 713, 714, 715, 716, 717, 718, 719, 720, 721, 722, 723, 724, 725, 726, 727, 728, 729, 730, 731, 732, 733, 734, 735, 736, 737, 738, 739, 740, 741, 742, 743, 744, 745, 746, 747, 748, 749, 750, 751, 752, 753, 754, 755, 756, 757, 758, 759, 760, 761, 762, 763, 764, 765, 766, 767, 768, 769, 770, 771, 772, 773, 774, 775, 776, 777, 778, 779, 780, 781, 782, 783, 784, 785, 786, 787, 788, 789, 790, 791, 792, 793]","[178, 649]","[1, 13, 14, 29, 54, 55, 56, 57, 58, 60, 102, 118, 125, 127, 130, 134, 146, 149, 153, 175, 182, 187, 189, 191, 197, 225, 230, 238, 264, 265, 266, 286, 302, 317, 336, 379, 388, 389, 425, 454, 458, 463, 475, 487, 498, 499, 512, 530, 531, 532, 533, 534, 536, 573, 589, 596, 598, 601, 605, 617, 620, 624, 646, 653, 658, 660, 662, 668, 689, 694, 702, 724, 725, 745, 760, 775, 793, 829, 838, 839, 877, 901, 903, 905, 910, 923]","[1, 13, 14, 29, 54, 55, 56, 57, 58, 60, 102, 118, 125, 127, 130, 134, 146, 149, 153, 175, 182, 187, 189, 191, 197, 225, 230, 238, 264, 265, 266, 286, 302, 317, 336, 354, 379, 388, 389, 425, 454, 458, 463, 475, 487, 498, 499, 512, 530, 531, 532, 533, 534, 536, 573, 589, 596, 598, 601, 605, 617, 620, 624, 646, 653, 658, 660, 662, 668, 689, 694, 702, 724, 725, 745, 760, 775, 793, 809, 829, 838, 839, 877, 901, 903, 905, 910, 923]","[1, 13, 14, 29, 54, 55, 56, 57, 58, 60, 102, 103, 104, 105, 106, 107, 108, 109, 110, 111, 112, 113, 114, 115, 116, 117, 118, 119, 120, 121, 122, 123, 124, 125, 126, 127, 128, 129, 130, 131, 132, 133, 134, 135, 136, 137, 138, 139, 140, 141, 142, 143, 144, 145, 146, 147, 148, 149, 150, 151, 152, 153, 154, 155, 156, 157, 158, 159, 160, 161, 162, 163, 164, 165, 166, 167, 168, 169, 170, 171, 172, 173, 174, 175, 176, 177, 178, 179, 180, 181, 182, 183, 184, 185, 186, 187, 188, 189, 190, 191, 192, 193, 194, 195, 196, 197, 198, 199, 200, 201, 202, 203, 204, 205, 206, 207, 208, 209, 210, 211, 212, 213, 214, 215, 216, 217, 218, 219, 220, 221, 222, 223, 224, 225, 226, 227, 228, 229, 230, 231, 232, 233, 234, 235, 236, 237, 238, 239, 240, 241, 242, 243, 244, 245, 246, 247, 248, 249, 250, 251, 252, 253, 254, 255, 256, 257, 258, 259, 260, 261, 262, 263, 264, 265, 266, 267, 268, 269, 270, 271, 272, 273, 274, 275, 276, 277, 278, 279, 280, 281, 282, 283, 284, 285, 286, 287, 288, 289, 290, 291, 292, 293, 294, 295, 296, 297, 298, 299, 300, 301, 302, 303, 304, 305, 306, 307, 308, 309, 310, 311, 312, 313, 314, 315, 316, 317, 318, 319, 320, 321, 322, 323, 324, 325, 326, 327, 328, 329, 330, 331, 332, 333, 334, 335, 336, 337, 354, 379, 388, 389, 425, 454, 458, 463, 475, 487, 498, 499, 512, 530, 531, 532, 533, 534, 536, 573, 574, 575, 576, 577, 578, 579, 580, 581, 582, 583, 584, 585, 586, 587, 588, 589, 590, 591, 592, 593, 594, 595, 596, 597, 598, 599, 600, 601, 602, 603, 604, 605, 606, 607, 608, 609, 610, 611, 612, 613, 614, 615, 616, 617, 618, 619, 620, 621, 622, 623, 624, 625, 626, 627, 628, 629, 630, 631, 632, 633, 634, 635, 636, 637, 638, 639, 640, 641, 642, 643, 644, 645, 646, 647, 648, 649, 650, 651, 652, 653, 654, 655, 656, 657, 658, 659, 660, 661, 662, 663, 664, 665, 666, 667, 668, 669, 670, 671, 672, 673, 674, 675, 676, 677, 678, 679, 680, 681, 682, 683, 684, 685, 686, 687, 688, 689, 690, 691, 692, 693, 694, 695, 696, 697, 698, 699, 700, 701, 702, 703, 704, 705, 706, 707, 708, 709, 710, 711, 712, 713, 714, 715, 716, 717, 718, 719, 720, 721, 722, 723, 724, 725, 726, 727, 728, 729, 730, 731, 732, 733, 734, 735, 736, 737, 738, 739, 740, 741, 742, 743, 744, 745, 746, 747, 748, 749, 750, 751, 752, 753, 754, 755, 756, 757, 758, 759, 760, 761, 762, 763, 764, 765, 766, 767, 768, 769, 770, 771, 772, 773, 774, 775, 776, 777, 778, 779, 780, 781, 782, 783, 784, 785, 786, 787, 788, 789, 790, 791, 792, 793, 809, 829, 838, 839, 877, 901, 903, 905, 910, 923]",False,[],"[103, 104, 105, 106, 107, 108, 109, 110, 111, 112, 113, 114, 115, 116, 117, 118, 119, 120, 121, 122, 123, 124, 125, 126, 127, 128, 129, 130, 131, 132, 133, 134, 135, 136, 137, 138, 139, 140, 141, 142, 143, 144, 145, 146, 147, 148, 149, 150, 151, 152, 153, 154, 155, 156, 157, 158, 159, 160, 161, 162, 163, 164, 165, 166, 167, 168, 169, 170, 171, 172, 173, 174, 175, 176, 177, 178, 179, 180, 181, 182, 183, 184, 185, 186, 187, 188, 189, 190, 191, 192, 193, 194, 195, 196, 197, 198, 199, 200, 201, 202, 203, 204, 205, 206, 207, 208, 209, 210, 211, 212, 213, 214, 215, 216, 217, 218, 219, 220, 221, 222, 223, 224, 225, 226, 227, 228, 229, 230, 231, 232, 233, 234, 235, 236, 237, 238, 239, 240, 241, 242, 243, 244, 245, 246, 247, 248, 249, 250, 251, 252, 253, 254, 255, 256, 257, 258, 259, 260, 261, 262, 263, 264, 265, 266, 267, 268, 269, 270, 271, 272, 273, 274, 275, 276, 277, 278, 279, 280, 281, 282, 283, 284, 285, 286, 287, 288, 289, 290, 291, 292, 293, 294, 295, 296, 297, 298, 299, 300, 301, 302, 303, 304, 305, 306, 307, 308, 309, 310, 311, 312, 313, 314, 315, 316, 317, 318, 319, 320, 321, 322, 323, 324, 325, 326, 327, 328, 329, 330, 331, 332, 333, 334, 335, 336, 337, 574, 575, 576, 577, 578, 579, 580, 581, 582, 583, 584, 585, 586, 587, 588, 589, 590, 591, 592, 593, 594, 595, 596, 597, 598, 599, 600, 601, 602, 603, 604, 605, 606, 607, 608, 609, 610, 611, 612, 613, 614, 615, 616, 617, 618, 619, 620, 621, 622, 623, 624, 625, 626, 627, 628, 629, 630, 631, 632, 633, 634, 635, 636, 637, 638, 639, 640, 641, 642, 643, 644, 645, 646, 647, 648, 649, 650, 651, 652, 653, 654, 655, 656, 657, 658, 659, 660, 661, 662, 663, 664, 665, 666, 667, 668, 669, 670, 671, 672, 673, 674, 675, 676, 677, 678, 679, 680, 681, 682, 683, 684, 685, 686, 687, 688, 689, 690, 691, 692, 693, 694, 695, 696, 697, 698, 699, 700, 701, 702, 703, 704, 705, 706, 707, 708, 709, 710, 711, 712, 713, 714, 715, 716, 717, 718, 719, 720, 721, 722, 723, 724, 725, 726, 727, 728, 729, 730, 731, 732, 733, 734, 735, 736, 737, 738, 739, 740, 741, 742, 743, 744, 745, 746, 747, 748, 749, 750, 751, 752, 753, 754, 755, 756, 757, 758, 759, 760, 761, 762, 763, 764, 765, 766, 767, 768, 769, 770, 771, 772, 773, 774, 775, 776, 777, 778, 779, 780, 781, 782, 783, 784, 785, 786, 787, 788, 789, 790, 791, 792, 793]","[289, 748]",[],"[178, 649]","[1, 13, 14, 29, 54, 55, 56, 57, 58, 60, 102, 118, 125, 127, 130, 134, 146, 149, 153, 175, 182, 187, 189, 191, 197, 225, 230, 238, 264, 265, 266, 286, 302, 317, 336, 354, 379, 388, 389, 425, 454, 458, 463, 475, 487, 498, 499, 512, 530, 531, 532, 533, 534, 536, 573, 589, 596, 598, 601, 605, 617, 620, 624, 646, 653, 658, 660, 662, 668, 689, 694, 702, 724, 725, 745, 760, 775, 793, 809, 829, 838, 839, 877, 901, 903, 905, 910, 923]","[1, 13, 14, 29, 54, 55, 56, 57, 58, 60, 102, 118, 125, 127, 130, 134, 146, 149, 153, 175, 182, 187, 189, 191, 197, 225, 230, 238, 264, 265, 266, 286, 302, 317, 336, 379, 388, 389, 425, 454, 458, 463, 475, 487, 498, 499, 512, 530, 531, 532, 533, 534, 536, 573, 589, 596, 598, 601, 605, 617, 620, 624, 646, 653, 658, 660, 662, 668, 689, 694, 702, 724, 725, 745, 760, 775, 793, 829, 838, 839, 877, 901, 903, 905, 910, 923]",4/6 successful match,False,[760],True,695,False,,,,,
"Huntington Park , 90255 Slauson Shell",323-589-3576 2400 E Slauson,24,Huntington Park,90255,Slauson Shell,323-589-3576,2007,Huntington Park,CA,Shell,,2400 E Slauson,Proper,,False,,False,2400 E,,,,,[],[],"[289, 748]",[],"[103, 104, 105, 106, 107, 108, 109, 110, 111, 112, 113, 114, 115, 116, 117, 118, 119, 120, 121, 122, 123, 124, 125, 126, 127, 128, 129, 130, 131, 132, 133, 134, 135, 136, 137, 138, 139, 140, 141, 142, 143, 144, 145, 146, 147, 148, 149, 150, 151, 152, 153, 154, 155, 156, 157, 158, 159, 160, 161, 162, 163, 164, 165, 166, 167, 168, 169, 170, 171, 172, 173, 174, 175, 176, 177, 178, 179, 180, 181, 182, 183, 184, 185, 186, 187, 188, 189, 190, 191, 192, 193, 194, 195, 196, 197, 198, 199, 200, 201, 202, 203, 204, 205, 206, 207, 208, 209, 210, 211, 212, 213, 214, 215, 216, 217, 218, 219, 220, 221, 222, 223, 224, 225, 226, 227, 228, 229, 230, 231, 232, 233, 234, 235, 236, 237, 238, 239, 240, 241, 242, 243, 244, 245, 246, 247, 248, 249, 250, 251, 252, 253, 254, 255, 256, 257, 258, 259, 260, 261, 262, 263, 264, 265, 266, 267, 268, 269, 270, 271, 272, 273, 274, 275, 276, 277, 278, 279, 280, 281, 282, 283, 284, 285, 286, 287, 288, 289, 290, 291, 292, 293, 294, 295, 296, 297, 298, 299, 300, 301, 302, 303, 304, 305, 306, 307, 308, 309, 310, 311, 312, 313, 314, 315, 316, 317, 318, 319, 320, 321, 322, 323, 324, 325, 326, 327, 328, 329, 330, 331, 332, 333, 334, 335, 336, 337, 574, 575, 576, 577, 578, 579, 580, 581, 582, 583, 584, 585, 586, 587, 588, 589, 590, 591, 592, 593, 594, 595, 596, 597, 598, 599, 600, 601, 602, 603, 604, 605, 606, 607, 608, 609, 610, 611, 612, 613, 614, 615, 616, 617, 618, 619, 620, 621, 622, 623, 624, 625, 626, 627, 628, 629, 630, 631, 632, 633, 634, 635, 636, 637, 638, 639, 640, 641, 642, 643, 644, 645, 646, 647, 648, 649, 650, 651, 652, 653, 654, 655, 656, 657, 658, 659, 660, 661, 662, 663, 664, 665, 666, 667, 668, 669, 670, 671, 672, 673, 674, 675, 676, 677, 678, 679, 680, 681, 682, 683, 684, 685, 686, 687, 688, 689, 690, 691, 692, 693, 694, 695, 696, 697, 698, 699, 700, 701, 702, 703, 704, 705, 706, 707, 708, 709, 710, 711, 712, 713, 714, 715, 716, 717, 718, 719, 720, 721, 722, 723, 724, 725, 726, 727, 728, 729, 730, 731, 732, 733, 734, 735, 736, 737, 738, 739, 740, 741, 742, 743, 744, 745, 746, 747, 748, 749, 750, 751, 752, 753, 754, 755, 756, 757, 758, 759, 760, 761, 762, 763, 764, 765, 766, 767, 768, 769, 770, 771, 772, 773, 774, 775, 776, 777, 778, 779, 780, 781, 782, 783, 784, 785, 786, 787, 788, 789, 790, 791, 792, 793]","[178, 649]","[1, 13, 14, 29, 54, 55, 56, 57, 58, 60, 102, 118, 125, 127, 130, 134, 146, 149, 153, 175, 182, 187, 189, 191, 197, 225, 230, 238, 264, 265, 266, 286, 302, 317, 336, 379, 388, 389, 425, 454, 458, 463, 475, 487, 498, 499, 512, 530, 531, 532, 533, 534, 536, 573, 589, 596, 598, 601, 605, 617, 620, 624, 646, 653, 658, 660, 662, 668, 689, 694, 702, 724, 725, 745, 760, 775, 793, 829, 838, 839, 877, 901, 903, 905, 910, 923]","[1, 13, 14, 29, 54, 55, 56, 57, 58, 60, 102, 118, 125, 127, 130, 134, 146, 149, 153, 175, 182, 187, 189, 191, 197, 225, 230, 238, 264, 265, 266, 286, 302, 317, 336, 354, 379, 388, 389, 425, 454, 458, 463, 475, 487, 498, 499, 512, 530, 531, 532, 533, 534, 536, 573, 589, 596, 598, 601, 605, 617, 620, 624, 646, 653, 658, 660, 662, 668, 689, 694, 702, 724, 725, 745, 760, 775, 793, 809, 829, 838, 839, 877, 901, 903, 905, 910, 923]","[1, 13, 14, 29, 54, 55, 56, 57, 58, 60, 102, 103, 104, 105, 106, 107, 108, 109, 110, 111, 112, 113, 114, 115, 116, 117, 118, 119, 120, 121, 122, 123, 124, 125, 126, 127, 128, 129, 130, 131, 132, 133, 134, 135, 136, 137, 138, 139, 140, 141, 142, 143, 144, 145, 146, 147, 148, 149, 150, 151, 152, 153, 154, 155, 156, 157, 158, 159, 160, 161, 162, 163, 164, 165, 166, 167, 168, 169, 170, 171, 172, 173, 174, 175, 176, 177, 178, 179, 180, 181, 182, 183, 184, 185, 186, 187, 188, 189, 190, 191, 192, 193, 194, 195, 196, 197, 198, 199, 200, 201, 202, 203, 204, 205, 206, 207, 208, 209, 210, 211, 212, 213, 214, 215, 216, 217, 218, 219, 220, 221, 222, 223, 224, 225, 226, 227, 228, 229, 230, 231, 232, 233, 234, 235, 236, 237, 238, 239, 240, 241, 242, 243, 244, 245, 246, 247, 248, 249, 250, 251, 252, 253, 254, 255, 256, 257, 258, 259, 260, 261, 262, 263, 264, 265, 266, 267, 268, 269, 270, 271, 272, 273, 274, 275, 276, 277, 278, 279, 280, 281, 282, 283, 284, 285, 286, 287, 288, 289, 290, 291, 292, 293, 294, 295, 296, 297, 298, 299, 300, 301, 302, 303, 304, 305, 306, 307, 308, 309, 310, 311, 312, 313, 314, 315, 316, 317, 318, 319, 320, 321, 322, 323, 324, 325, 326, 327, 328, 329, 330, 331, 332, 333, 334, 335, 336, 337, 354, 379, 388, 389, 425, 454, 458, 463, 475, 487, 498, 499, 512, 530, 531, 532, 533, 534, 536, 573, 574, 575, 576, 577, 578, 579, 580, 581, 582, 583, 584, 585, 586, 587, 588, 589, 590, 591, 592, 593, 594, 595, 596, 597, 598, 599, 600, 601, 602, 603, 604, 605, 606, 607, 608, 609, 610, 611, 612, 613, 614, 615, 616, 617, 618, 619, 620, 621, 622, 623, 624, 625, 626, 627, 628, 629, 630, 631, 632, 633, 634, 635, 636, 637, 638, 639, 640, 641, 642, 643, 644, 645, 646, 647, 648, 649, 650, 651, 652, 653, 654, 655, 656, 657, 658, 659, 660, 661, 662, 663, 664, 665, 666, 667, 668, 669, 670, 671, 672, 673, 674, 675, 676, 677, 678, 679, 680, 681, 682, 683, 684, 685, 686, 687, 688, 689, 690, 691, 692, 693, 694, 695, 696, 697, 698, 699, 700, 701, 702, 703, 704, 705, 706, 707, 708, 709, 710, 711, 712, 713, 714, 715, 716, 717, 718, 719, 720, 721, 722, 723, 724, 725, 726, 727, 728, 729, 730, 731, 732, 733, 734, 735, 736, 737, 738, 739, 740, 741, 742, 743, 744, 745, 746, 747, 748, 749, 750, 751, 752, 753, 754, 755, 756, 757, 758, 759, 760, 761, 762, 763, 764, 765, 766, 767, 768, 769, 770, 771, 772, 773, 774, 775, 776, 777, 778, 779, 780, 781, 782, 783, 784, 785, 786, 787, 788, 789, 790, 791, 792, 793, 809, 829, 838, 839, 877, 901, 903, 905, 910, 923]",False,[],"[103, 104, 105, 106, 107, 108, 109, 110, 111, 112, 113, 114, 115, 116, 117, 118, 119, 120, 121, 122, 123, 124, 125, 126, 127, 128, 129, 130, 131, 132, 133, 134, 135, 136, 137, 138, 139, 140, 141, 142, 143, 144, 145, 146, 147, 148, 149, 150, 151, 152, 153, 154, 155, 156, 157, 158, 159, 160, 161, 162, 163, 164, 165, 166, 167, 168, 169, 170, 171, 172, 173, 174, 175, 176, 177, 178, 179, 180, 181, 182, 183, 184, 185, 186, 187, 188, 189, 190, 191, 192, 193, 194, 195, 196, 197, 198, 199, 200, 201, 202, 203, 204, 205, 206, 207, 208, 209, 210, 211, 212, 213, 214, 215, 216, 217, 218, 219, 220, 221, 222, 223, 224, 225, 226, 227, 228, 229, 230, 231, 232, 233, 234, 235, 236, 237, 238, 239, 240, 241, 242, 243, 244, 245, 246, 247, 248, 249, 250, 251, 252, 253, 254, 255, 256, 257, 258, 259, 260, 261, 262, 263, 264, 265, 266, 267, 268, 269, 270, 271, 272, 273, 274, 275, 276, 277, 278, 279, 280, 281, 282, 283, 284, 285, 286, 287, 288, 289, 290, 291, 292, 293, 294, 295, 296, 297, 298, 299, 300, 301, 302, 303, 304, 305, 306, 307, 308, 309, 310, 311, 312, 313, 314, 315, 316, 317, 318, 319, 320, 321, 322, 323, 324, 325, 326, 327, 328, 329, 330, 331, 332, 333, 334, 335, 336, 337, 574, 575, 576, 577, 578, 579, 580, 581, 582, 583, 584, 585, 586, 587, 588, 589, 590, 591, 592, 593, 594, 595, 596, 597, 598, 599, 600, 601, 602, 603, 604, 605, 606, 607, 608, 609, 610, 611, 612, 613, 614, 615, 616, 617, 618, 619, 620, 621, 622, 623, 624, 625, 626, 627, 628, 629, 630, 631, 632, 633, 634, 635, 636, 637, 638, 639, 640, 641, 642, 643, 644, 645, 646, 647, 648, 649, 650, 651, 652, 653, 654, 655, 656, 657, 658, 659, 660, 661, 662, 663, 664, 665, 666, 667, 668, 669, 670, 671, 672, 673, 674, 675, 676, 677, 678, 679, 680, 681, 682, 683, 684, 685, 686, 687, 688, 689, 690, 691, 692, 693, 694, 695, 696, 697, 698, 699, 700, 701, 702, 703, 704, 705, 706, 707, 708, 709, 710, 711, 712, 713, 714, 715, 716, 717, 718, 719, 720, 721, 722, 723, 724, 725, 726, 727, 728, 729, 730, 731, 732, 733, 734, 735, 736, 737, 738, 739, 740, 741, 742, 743, 744, 745, 746, 747, 748, 749, 750, 751, 752, 753, 754, 755, 756, 757, 758, 759, 760, 761, 762, 763, 764, 765, 766, 767, 768, 769, 770, 771, 772, 773, 774, 775, 776, 777, 778, 779, 780, 781, 782, 783, 784, 785, 786, 787, 788, 789, 790, 791, 792, 793]","[289, 748]",[],"[178, 649]","[1, 13, 14, 29, 54, 55, 56, 57, 58, 60, 102, 118, 125, 127, 130, 134, 146, 149, 153, 175, 182, 187, 189, 191, 197, 225, 230, 238, 264, 265, 266, 286, 302, 317, 336, 354, 379, 388, 389, 425, 454, 458, 463, 475, 487, 498, 499, 512, 530, 531, 532, 533, 534, 536, 573, 589, 596, 598, 601, 605, 617, 620, 624, 646, 653, 658, 660, 662, 668, 689, 694, 702, 724, 725, 745, 760, 775, 793, 809, 829, 838, 839, 877, 901, 903, 905, 910, 923]","[1, 13, 14, 29, 54, 55, 56, 57, 58, 60, 102, 118, 125, 127, 130, 134, 146, 149, 153, 175, 182, 187, 189, 191, 197, 225, 230, 238, 264, 265, 266, 286, 302, 317, 336, 379, 388, 389, 425, 454, 458, 463, 475, 487, 498, 499, 512, 530, 531, 532, 533, 534, 536, 573, 589, 596, 598, 601, 605, 617, 620, 624, 646, 653, 658, 660, 662, 668, 689, 694, 702, 724, 725, 745, 760, 775, 793, 829, 838, 839, 877, 901, 903, 905, 910, 923]",4/6 successful match,False,[760],True,695,False,,1.0,True,Slauson Shell,Shell
"Huntington Park , 90255 Slauson Shell",323-589-3576 2400 E Slauson,24 <U+2610>,Huntington Park,90255,Slauson Shell,323-589-3576,2008,Huntington Park,CA,Shell,,2400 E Slauson,Proper,,False,,False,2400 E,,,,,[],[],"[289, 748]",[],"[103, 104, 105, 106, 107, 108, 109, 110, 111, 112, 113, 114, 115, 116, 117, 118, 119, 120, 121, 122, 123, 124, 125, 126, 127, 128, 129, 130, 131, 132, 133, 134, 135, 136, 137, 138, 139, 140, 141, 142, 143, 144, 145, 146, 147, 148, 149, 150, 151, 152, 153, 154, 155, 156, 157, 158, 159, 160, 161, 162, 163, 164, 165, 166, 167, 168, 169, 170, 171, 172, 173, 174, 175, 176, 177, 178, 179, 180, 181, 182, 183, 184, 185, 186, 187, 188, 189, 190, 191, 192, 193, 194, 195, 196, 197, 198, 199, 200, 201, 202, 203, 204, 205, 206, 207, 208, 209, 210, 211, 212, 213, 214, 215, 216, 217, 218, 219, 220, 221, 222, 223, 224, 225, 226, 227, 228, 229, 230, 231, 232, 233, 234, 235, 236, 237, 238, 239, 240, 241, 242, 243, 244, 245, 246, 247, 248, 249, 250, 251, 252, 253, 254, 255, 256, 257, 258, 259, 260, 261, 262, 263, 264, 265, 266, 267, 268, 269, 270, 271, 272, 273, 274, 275, 276, 277, 278, 279, 280, 281, 282, 283, 284, 285, 286, 287, 288, 289, 290, 291, 292, 293, 294, 295, 296, 297, 298, 299, 300, 301, 302, 303, 304, 305, 306, 307, 308, 309, 310, 311, 312, 313, 314, 315, 316, 317, 318, 319, 320, 321, 322, 323, 324, 325, 326, 327, 328, 329, 330, 331, 332, 333, 334, 335, 336, 337, 574, 575, 576, 577, 578, 579, 580, 581, 582, 583, 584, 585, 586, 587, 588, 589, 590, 591, 592, 593, 594, 595, 596, 597, 598, 599, 600, 601, 602, 603, 604, 605, 606, 607, 608, 609, 610, 611, 612, 613, 614, 615, 616, 617, 618, 619, 620, 621, 622, 623, 624, 625, 626, 627, 628, 629, 630, 631, 632, 633, 634, 635, 636, 637, 638, 639, 640, 641, 642, 643, 644, 645, 646, 647, 648, 649, 650, 651, 652, 653, 654, 655, 656, 657, 658, 659, 660, 661, 662, 663, 664, 665, 666, 667, 668, 669, 670, 671, 672, 673, 674, 675, 676, 677, 678, 679, 680, 681, 682, 683, 684, 685, 686, 687, 688, 689, 690, 691, 692, 693, 694, 695, 696, 697, 698, 699, 700, 701, 702, 703, 704, 705, 706, 707, 708, 709, 710, 711, 712, 713, 714, 715, 716, 717, 718, 719, 720, 721, 722, 723, 724, 725, 726, 727, 728, 729, 730, 731, 732, 733, 734, 735, 736, 737, 738, 739, 740, 741, 742, 743, 744, 745, 746, 747, 748, 749, 750, 751, 752, 753, 754, 755, 756, 757, 758, 759, 760, 761, 762, 763, 764, 765, 766, 767, 768, 769, 770, 771, 772, 773, 774, 775, 776, 777, 778, 779, 780, 781, 782, 783, 784, 785, 786, 787, 788, 789, 790, 791, 792, 793]","[178, 649]","[1, 13, 14, 29, 54, 55, 56, 57, 58, 60, 102, 118, 125, 127, 130, 134, 146, 149, 153, 175, 182, 187, 189, 191, 197, 225, 230, 238, 264, 265, 266, 286, 302, 317, 336, 379, 388, 389, 425, 454, 458, 463, 475, 487, 498, 499, 512, 530, 531, 532, 533, 534, 536, 573, 589, 596, 598, 601, 605, 617, 620, 624, 646, 653, 658, 660, 662, 668, 689, 694, 702, 724, 725, 745, 760, 775, 793, 829, 838, 839, 877, 901, 903, 905, 910, 923]","[1, 13, 14, 29, 54, 55, 56, 57, 58, 60, 102, 118, 125, 127, 130, 134, 146, 149, 153, 175, 182, 187, 189, 191, 197, 225, 230, 238, 264, 265, 266, 286, 302, 317, 336, 354, 379, 388, 389, 425, 454, 458, 463, 475, 487, 498, 499, 512, 530, 531, 532, 533, 534, 536, 573, 589, 596, 598, 601, 605, 617, 620, 624, 646, 653, 658, 660, 662, 668, 689, 694, 702, 724, 725, 745, 760, 775, 793, 809, 829, 838, 839, 877, 901, 903, 905, 910, 923]","[1, 13, 14, 29, 54, 55, 56, 57, 58, 60, 102, 103, 104, 105, 106, 107, 108, 109, 110, 111, 112, 113, 114, 115, 116, 117, 118, 119, 120, 121, 122, 123, 124, 125, 126, 127, 128, 129, 130, 131, 132, 133, 134, 135, 136, 137, 138, 139, 140, 141, 142, 143, 144, 145, 146, 147, 148, 149, 150, 151, 152, 153, 154, 155, 156, 157, 158, 159, 160, 161, 162, 163, 164, 165, 166, 167, 168, 169, 170, 171, 172, 173, 174, 175, 176, 177, 178, 179, 180, 181, 182, 183, 184, 185, 186, 187, 188, 189, 190, 191, 192, 193, 194, 195, 196, 197, 198, 199, 200, 201, 202, 203, 204, 205, 206, 207, 208, 209, 210, 211, 212, 213, 214, 215, 216, 217, 218, 219, 220, 221, 222, 223, 224, 225, 226, 227, 228, 229, 230, 231, 232, 233, 234, 235, 236, 237, 238, 239, 240, 241, 242, 243, 244, 245, 246, 247, 248, 249, 250, 251, 252, 253, 254, 255, 256, 257, 258, 259, 260, 261, 262, 263, 264, 265, 266, 267, 268, 269, 270, 271, 272, 273, 274, 275, 276, 277, 278, 279, 280, 281, 282, 283, 284, 285, 286, 287, 288, 289, 290, 291, 292, 293, 294, 295, 296, 297, 298, 299, 300, 301, 302, 303, 304, 305, 306, 307, 308, 309, 310, 311, 312, 313, 314, 315, 316, 317, 318, 319, 320, 321, 322, 323, 324, 325, 326, 327, 328, 329, 330, 331, 332, 333, 334, 335, 336, 337, 354, 379, 388, 389, 425, 454, 458, 463, 475, 487, 498, 499, 512, 530, 531, 532, 533, 534, 536, 573, 574, 575, 576, 577, 578, 579, 580, 581, 582, 583, 584, 585, 586, 587, 588, 589, 590, 591, 592, 593, 594, 595, 596, 597, 598, 599, 600, 601, 602, 603, 604, 605, 606, 607, 608, 609, 610, 611, 612, 613, 614, 615, 616, 617, 618, 619, 620, 621, 622, 623, 624, 625, 626, 627, 628, 629, 630, 631, 632, 633, 634, 635, 636, 637, 638, 639, 640, 641, 642, 643, 644, 645, 646, 647, 648, 649, 650, 651, 652, 653, 654, 655, 656, 657, 658, 659, 660, 661, 662, 663, 664, 665, 666, 667, 668, 669, 670, 671, 672, 673, 674, 675, 676, 677, 678, 679, 680, 681, 682, 683, 684, 685, 686, 687, 688, 689, 690, 691, 692, 693, 694, 695, 696, 697, 698, 699, 700, 701, 702, 703, 704, 705, 706, 707, 708, 709, 710, 711, 712, 713, 714, 715, 716, 717, 718, 719, 720, 721, 722, 723, 724, 725, 726, 727, 728, 729, 730, 731, 732, 733, 734, 735, 736, 737, 738, 739, 740, 741, 742, 743, 744, 745, 746, 747, 748, 749, 750, 751, 752, 753, 754, 755, 756, 757, 758, 759, 760, 761, 762, 763, 764, 765, 766, 767, 768, 769, 770, 771, 772, 773, 774, 775, 776, 777, 778, 779, 780, 781, 782, 783, 784, 785, 786, 787, 788, 789, 790, 791, 792, 793, 809, 829, 838, 839, 877, 901, 903, 905, 910, 923]",False,[],"[103, 104, 105, 106, 107, 108, 109, 110, 111, 112, 113, 114, 115, 116, 117, 118, 119, 120, 121, 122, 123, 124, 125, 126, 127, 128, 129, 130, 131, 132, 133, 134, 135, 136, 137, 138, 139, 140, 141, 142, 143, 144, 145, 146, 147, 148, 149, 150, 151, 152, 153, 154, 155, 156, 157, 158, 159, 160, 161, 162, 163, 164, 165, 166, 167, 168, 169, 170, 171, 172, 173, 174, 175, 176, 177, 178, 179, 180, 181, 182, 183, 184, 185, 186, 187, 188, 189, 190, 191, 192, 193, 194, 195, 196, 197, 198, 199, 200, 201, 202, 203, 204, 205, 206, 207, 208, 209, 210, 211, 212, 213, 214, 215, 216, 217, 218, 219, 220, 221, 222, 223, 224, 225, 226, 227, 228, 229, 230, 231, 232, 233, 234, 235, 236, 237, 238, 239, 240, 241, 242, 243, 244, 245, 246, 247, 248, 249, 250, 251, 252, 253, 254, 255, 256, 257, 258, 259, 260, 261, 262, 263, 264, 265, 266, 267, 268, 269, 270, 271, 272, 273, 274, 275, 276, 277, 278, 279, 280, 281, 282, 283, 284, 285, 286, 287, 288, 289, 290, 291, 292, 293, 294, 295, 296, 297, 298, 299, 300, 301, 302, 303, 304, 305, 306, 307, 308, 309, 310, 311, 312, 313, 314, 315, 316, 317, 318, 319, 320, 321, 322, 323, 324, 325, 326, 327, 328, 329, 330, 331, 332, 333, 334, 335, 336, 337, 574, 575, 576, 577, 578, 579, 580, 581, 582, 583, 584, 585, 586, 587, 588, 589, 590, 591, 592, 593, 594, 595, 596, 597, 598, 599, 600, 601, 602, 603, 604, 605, 606, 607, 608, 609, 610, 611, 612, 613, 614, 615, 616, 617, 618, 619, 620, 621, 622, 623, 624, 625, 626, 627, 628, 629, 630, 631, 632, 633, 634, 635, 636, 637, 638, 639, 640, 641, 642, 643, 644, 645, 646, 647, 648, 649, 650, 651, 652, 653, 654, 655, 656, 657, 658, 659, 660, 661, 662, 663, 664, 665, 666, 667, 668, 669, 670, 671, 672, 673, 674, 675, 676, 677, 678, 679, 680, 681, 682, 683, 684, 685, 686, 687, 688, 689, 690, 691, 692, 693, 694, 695, 696, 697, 698, 699, 700, 701, 702, 703, 704, 705, 706, 707, 708, 709, 710, 711, 712, 713, 714, 715, 716, 717, 718, 719, 720, 721, 722, 723, 724, 725, 726, 727, 728, 729, 730, 731, 732, 733, 734, 735, 736, 737, 738, 739, 740, 741, 742, 743, 744, 745, 746, 747, 748, 749, 750, 751, 752, 753, 754, 755, 756, 757, 758, 759, 760, 761, 762, 763, 764, 765, 766, 767, 768, 769, 770, 771, 772, 773, 774, 775, 776, 777, 778, 779, 780, 781, 782, 783, 784, 785, 786, 787, 788, 789, 790, 791, 792, 793]","[289, 748]",[],"[178, 649]","[1, 13, 14, 29, 54, 55, 56, 57, 58, 60, 102, 118, 125, 127, 130, 134, 146, 149, 153, 175, 182, 187, 189, 191, 197, 225, 230, 238, 264, 265, 266, 286, 302, 317, 336, 354, 379, 388, 389, 425, 454, 458, 463, 475, 487, 498, 499, 512, 530, 531, 532, 533, 534, 536, 573, 589, 596, 598, 601, 605, 617, 620, 624, 646, 653, 658, 660, 662, 668, 689, 694, 702, 724, 725, 745, 760, 775, 793, 809, 829, 838, 839, 877, 901, 903, 905, 910, 923]","[1, 13, 14, 29, 54, 55, 56, 57, 58, 60, 102, 118, 125, 127, 130, 134, 146, 149, 153, 175, 182, 187, 189, 191, 197, 225, 230, 238, 264, 265, 266, 286, 302, 317, 336, 379, 388, 389, 425, 454, 458, 463, 475, 487, 498, 499, 512, 530, 531, 532, 533, 534, 536, 573, 589, 596, 598, 601, 605, 617, 620, 624, 646, 653, 658, 660, 662, 668, 689, 694, 702, 724, 725, 745, 760, 775, 793, 829, 838, 839, 877, 901, 903, 905, 910, 923]",4/6 successful match,False,[760],True,695,False,,1.0,True,Slauson Shell,Shell
"H Buena Park , 90621 Buena Park Star Mart ( Shell )",714-739-4777 I-5 Exit 117 ( Artesia E to Manchester ),24 489 XL 24 <U+25A1>,Buena Park,90621,Buena Park Star Mart ( Shell ),714-739-4777,2006,Buena Park,CA,Shell,( Artesia E to Manchester ),I-5 Exit 117 ,Exit,117,False,,False,I-5,,,,,[],[],"[289, 748]","[103, 292, 574, 751]","[103, 104, 105, 106, 107, 108, 109, 110, 111, 112, 113, 114, 115, 116, 117, 118, 119, 120, 121, 122, 123, 124, 125, 126, 127, 128, 129, 130, 131, 132, 133, 134, 135, 136, 137, 138, 139, 140, 141, 142, 143, 144, 145, 146, 147, 148, 149, 150, 151, 152, 153, 154, 155, 156, 157, 158, 159, 160, 161, 162, 163, 164, 165, 166, 167, 168, 169, 170, 171, 172, 173, 174, 175, 176, 177, 178, 179, 180, 181, 182, 183, 184, 185, 186, 187, 188, 189, 190, 191, 192, 193, 194, 195, 196, 197, 198, 199, 200, 201, 202, 203, 204, 205, 206, 207, 208, 209, 210, 211, 212, 213, 214, 215, 216, 217, 218, 219, 220, 221, 222, 223, 224, 225, 226, 227, 228, 229, 230, 231, 232, 233, 234, 235, 236, 237, 238, 239, 240, 241, 242, 243, 244, 245, 246, 247, 248, 249, 250, 251, 252, 253, 254, 255, 256, 257, 258, 259, 260, 261, 262, 263, 264, 265, 266, 267, 268, 269, 270, 271, 272, 273, 274, 275, 276, 277, 278, 279, 280, 281, 282, 283, 284, 285, 286, 287, 288, 289, 290, 291, 292, 293, 294, 295, 296, 297, 298, 299, 300, 301, 302, 303, 304, 305, 306, 307, 308, 309, 310, 311, 312, 313, 314, 315, 316, 317, 318, 319, 320, 321, 322, 323, 324, 325, 326, 327, 328, 329, 330, 331, 332, 333, 334, 335, 336, 337, 574, 575, 576, 577, 578, 579, 580, 581, 582, 583, 584, 585, 586, 587, 588, 589, 590, 591, 592, 593, 594, 595, 596, 597, 598, 599, 600, 601, 602, 603, 604, 605, 606, 607, 608, 609, 610, 611, 612, 613, 614, 615, 616, 617, 618, 619, 620, 621, 622, 623, 624, 625, 626, 627, 628, 629, 630, 631, 632, 633, 634, 635, 636, 637, 638, 639, 640, 641, 642, 643, 644, 645, 646, 647, 648, 649, 650, 651, 652, 653, 654, 655, 656, 657, 658, 659, 660, 661, 662, 663, 664, 665, 666, 667, 668, 669, 670, 671, 672, 673, 674, 675, 676, 677, 678, 679, 680, 681, 682, 683, 684, 685, 686, 687, 688, 689, 690, 691, 692, 693, 694, 695, 696, 697, 698, 699, 700, 701, 702, 703, 704, 705, 706, 707, 708, 709, 710, 711, 712, 713, 714, 715, 716, 717, 718, 719, 720, 721, 722, 723, 724, 725, 726, 727, 728, 729, 730, 731, 732, 733, 734, 735, 736, 737, 738, 739, 740, 741, 742, 743, 744, 745, 746, 747, 748, 749, 750, 751, 752, 753, 754, 755, 756, 757, 758, 759, 760, 761, 762, 763, 764, 765, 766, 767, 768, 769, 770, 771, 772, 773, 774, 775, 776, 777, 778, 779, 780, 781, 782, 783, 784, 785, 786, 787, 788, 789, 790, 791, 792, 793]","[105, 114, 138, 141, 152, 153, 154, 155, 157, 159, 164, 165, 176, 182, 191, 192, 194, 195, 196, 200, 204, 208, 209, 210, 211, 215, 226, 228, 241, 242, 243, 245, 248, 249, 250, 257, 261, 270, 271, 282, 287, 289, 291, 294, 296, 298, 306, 308, 309, 311, 314, 327, 333, 335, 337, 576, 585, 609, 612, 623, 624, 626, 627, 629, 631, 636, 637, 647, 653, 662, 663, 665, 666, 667, 671, 674, 678, 679, 680, 681, 690, 692, 705, 706, 707, 709, 711, 712, 713, 719, 721, 729, 730, 741, 746, 748, 750, 753, 755, 757, 764, 766, 767, 769, 772, 785, 791]","[1, 13, 14, 29, 54, 55, 56, 57, 58, 60, 102, 118, 125, 127, 130, 134, 146, 149, 153, 175, 182, 187, 189, 191, 197, 225, 230, 238, 264, 265, 266, 286, 302, 317, 336, 379, 388, 389, 425, 454, 458, 463, 475, 487, 498, 499, 512, 530, 531, 532, 533, 534, 536, 573, 589, 596, 598, 601, 605, 617, 620, 624, 646, 653, 658, 660, 662, 668, 689, 694, 702, 724, 725, 745, 760, 775, 793, 829, 838, 839, 877, 901, 903, 905, 910, 923]","[1, 13, 14, 29, 54, 55, 56, 57, 58, 60, 102, 118, 125, 127, 130, 133, 134, 146, 149, 153, 175, 182, 187, 189, 191, 197, 225, 230, 238, 264, 265, 266, 286, 302, 317, 319, 336, 354, 379, 388, 389, 424, 425, 454, 458, 463, 475, 487, 498, 499, 512, 530, 531, 532, 533, 534, 536, 573, 589, 596, 598, 601, 604, 605, 617, 620, 624, 646, 653, 658, 660, 662, 668, 689, 694, 702, 724, 725, 745, 760, 775, 777, 793, 809, 829, 838, 839, 876, 877, 901, 903, 904, 905, 910, 923]","[1, 13, 14, 29, 54, 55, 56, 57, 58, 60, 102, 103, 104, 105, 106, 107, 108, 109, 110, 111, 112, 113, 114, 115, 116, 117, 118, 119, 120, 121, 122, 123, 124, 125, 126, 127, 128, 129, 130, 131, 132, 133, 134, 135, 136, 137, 138, 139, 140, 141, 142, 143, 144, 145, 146, 147, 148, 149, 150, 151, 152, 153, 154, 155, 156, 157, 158, 159, 160, 161, 162, 163, 164, 165, 166, 167, 168, 169, 170, 171, 172, 173, 174, 175, 176, 177, 178, 179, 180, 181, 182, 183, 184, 185, 186, 187, 188, 189, 190, 191, 192, 193, 194, 195, 196, 197, 198, 199, 200, 201, 202, 203, 204, 205, 206, 207, 208, 209, 210, 211, 212, 213, 214, 215, 216, 217, 218, 219, 220, 221, 222, 223, 224, 225, 226, 227, 228, 229, 230, 231, 232, 233, 234, 235, 236, 237, 238, 239, 240, 241, 242, 243, 244, 245, 246, 247, 248, 249, 250, 251, 252, 253, 254, 255, 256, 257, 258, 259, 260, 261, 262, 263, 264, 265, 266, 267, 268, 269, 270, 271, 272, 273, 274, 275, 276, 277, 278, 279, 280, 281, 282, 283, 284, 285, 286, 287, 288, 289, 290, 291, 292, 293, 294, 295, 296, 297, 298, 299, 300, 301, 302, 303, 304, 305, 306, 307, 308, 309, 310, 311, 312, 313, 314, 315, 316, 317, 318, 319, 320, 321, 322, 323, 324, 325, 326, 327, 328, 329, 330, 331, 332, 333, 334, 335, 336, 337, 354, 379, 388, 389, 424, 425, 454, 458, 463, 475, 487, 498, 499, 512, 530, 531, 532, 533, 534, 536, 573, 574, 575, 576, 577, 578, 579, 580, 581, 582, 583, 584, 585, 586, 587, 588, 589, 590, 591, 592, 593, 594, 595, 596, 597, 598, 599, 600, 601, 602, 603, 604, 605, 606, 607, 608, 609, 610, 611, 612, 613, 614, 615, 616, 617, 618, 619, 620, 621, 622, 623, 624, 625, 626, 627, 628, 629, 630, 631, 632, 633, 634, 635, 636, 637, 638, 639, 640, 641, 642, 643, 644, 645, 646, 647, 648, 649, 650, 651, 652, 653, 654, 655, 656, 657, 658, 659, 660, 661, 662, 663, 664, 665, 666, 667, 668, 669, 670, 671, 672, 673, 674, 675, 676, 677, 678, 679, 680, 681, 682, 683, 684, 685, 686, 687, 688, 689, 690, 691, 692, 693, 694, 695, 696, 697, 698, 699, 700, 701, 702, 703, 704, 705, 706, 707, 708, 709, 710, 711, 712, 713, 714, 715, 716, 717, 718, 719, 720, 721, 722, 723, 724, 725, 726, 727, 728, 729, 730, 731, 732, 733, 734, 735, 736, 737, 738, 739, 740, 741, 742, 743, 744, 745, 746, 747, 748, 749, 750, 751, 752, 753, 754, 755, 756, 757, 758, 759, 760, 761, 762, 763, 764, 765, 766, 767, 768, 769, 770, 771, 772, 773, 774, 775, 776, 777, 778, 779, 780, 781, 782, 783, 784, 785, 786, 787, 788, 789, 790, 791, 792, 793, 809, 829, 838, 839, 876, 877, 901, 903, 904, 905, 910, 923]",False,[],"[103, 104, 105, 106, 107, 108, 109, 110, 111, 112, 113, 114, 115, 116, 117, 118, 119, 120, 121, 122, 123, 124, 125, 126, 127, 128, 129, 130, 131, 132, 133, 134, 135, 136, 137, 138, 139, 140, 141, 142, 143, 144, 145, 146, 147, 148, 149, 150, 151, 152, 153, 154, 155, 156, 157, 158, 159, 160, 161, 162, 163, 164, 165, 166, 167, 168, 169, 170, 171, 172, 173, 174, 175, 176, 177, 178, 179, 180, 181, 182, 183, 184, 185, 186, 187, 188, 189, 190, 191, 192, 193, 194, 195, 196, 197, 198, 199, 200, 201, 202, 203, 204, 205, 206, 207, 208, 209, 210, 211, 212, 213, 214, 215, 216, 217, 218, 219, 220, 221, 222, 223, 224, 225, 226, 227, 228, 229, 230, 231, 232, 233, 234, 235, 236, 237, 238, 239, 240, 241, 242, 243, 244, 245, 246, 247, 248, 249, 250, 251, 252, 253, 254, 255, 256, 257, 258, 259, 260, 261, 262, 263, 264, 265, 266, 267, 268, 269, 270, 271, 272, 273, 274, 275, 276, 277, 278, 279, 280, 281, 282, 283, 284, 285, 286, 287, 288, 289, 290, 291, 292, 293, 294, 295, 296, 297, 298, 299, 300, 301, 302, 303, 304, 305, 306, 307, 308, 309, 310, 311, 312, 313, 314, 315, 316, 317, 318, 319, 320, 321, 322, 323, 324, 325, 326, 327, 328, 329, 330, 331, 332, 333, 334, 335, 336, 337, 574, 575, 576, 577, 578, 579, 580, 581, 582, 583, 584, 585, 586, 587, 588, 589, 590, 591, 592, 593, 594, 595, 596, 597, 598, 599, 600, 601, 602, 603, 604, 605, 606, 607, 608, 609, 610, 611, 612, 613, 614, 615, 616, 617, 618, 619, 620, 621, 622, 623, 624, 625, 626, 627, 628, 629, 630, 631, 632, 633, 634, 635, 636, 637, 638, 639, 640, 641, 642, 643, 644, 645, 646, 647, 648, 649, 650, 651, 652, 653, 654, 655, 656, 657, 658, 659, 660, 661, 662, 663, 664, 665, 666, 667, 668, 669, 670, 671, 672, 673, 674, 675, 676, 677, 678, 679, 680, 681, 682, 683, 684, 685, 686, 687, 688, 689, 690, 691, 692, 693, 694, 695, 696, 697, 698, 699, 700, 701, 702, 703, 704, 705, 706, 707, 708, 709, 710, 711, 712, 713, 714, 715, 716, 717, 718, 719, 720, 721, 722, 723, 724, 725, 726, 727, 728, 729, 730, 731, 732, 733, 734, 735, 736, 737, 738, 739, 740, 741, 742, 743, 744, 745, 746, 747, 748, 749, 750, 751, 752, 753, 754, 755, 756, 757, 758, 759, 760, 761, 762, 763, 764, 765, 766, 767, 768, 769, 770, 771, 772, 773, 774, 775, 776, 777, 778, 779, 780, 781, 782, 783, 784, 785, 786, 787, 788, 789, 790, 791, 792, 793]","[289, 748]","[103, 292, 574, 751]","[105, 114, 138, 141, 152, 153, 154, 155, 157, 159, 164, 165, 176, 182, 191, 192, 194, 195, 196, 200, 204, 208, 209, 210, 211, 215, 226, 228, 241, 242, 243, 245, 248, 249, 250, 257, 261, 270, 271, 282, 287, 289, 291, 294, 296, 298, 306, 308, 309, 311, 314, 327, 333, 335, 337, 576, 585, 609, 612, 623, 624, 626, 627, 629, 631, 636, 637, 647, 653, 662, 663, 665, 666, 667, 671, 674, 678, 679, 680, 681, 690, 692, 705, 706, 707, 709, 711, 712, 713, 719, 721, 729, 730, 741, 746, 748, 750, 753, 755, 757, 764, 766, 767, 769, 772, 785, 791]","[1, 13, 14, 29, 54, 55, 56, 57, 58, 60, 102, 118, 125, 127, 130, 133, 134, 146, 149, 153, 175, 182, 187, 189, 191, 197, 225, 230, 238, 264, 265, 266, 286, 302, 317, 319, 336, 354, 379, 388, 389, 424, 425, 454, 458, 463, 475, 487, 498, 499, 512, 530, 531, 532, 533, 534, 536, 573, 589, 596, 598, 601, 604, 605, 617, 620, 624, 646, 653, 658, 660, 662, 668, 689, 694, 702, 724, 725, 745, 760, 775, 777, 793, 809, 829, 838, 839, 876, 877, 901, 903, 904, 905, 910, 923]","[1, 13, 14, 29, 54, 55, 56, 57, 58, 60, 102, 118, 125, 127, 130, 134, 146, 149, 153, 175, 182, 187, 189, 191, 197, 225, 230, 238, 264, 265, 266, 286, 302, 317, 336, 379, 388, 389, 425, 454, 458, 463, 475, 487, 498, 499, 512, 530, 531, 532, 533, 534, 536, 573, 589, 596, 598, 601, 605, 617, 620, 624, 646, 653, 658, 660, 662, 668, 689, 694, 702, 724, 725, 745, 760, 775, 793, 829, 838, 839, 877, 901, 903, 905, 910, 923]",5/6 successful match,False,,False,696,False,,,,,
"C Montebello , 90640 Dewitt Petroleum","323-725-1659 I-5 Exit 126 B ( Slausen E , N on Chapin )",) 24 00,Montebello,90640,Dewitt Petroleum,323-725-1659,2008,Montebello,CA,,"( Slausen E , N on Chapin )",I-5 Exit 126 B ,Exit,126,False,,False,I-5,,,,,"[282, 741]","[228, 282, 692, 741]","[228, 282, 692, 741]","[282, 741]","[103, 104, 105, 106, 107, 108, 109, 110, 111, 112, 113, 114, 115, 116, 117, 118, 119, 120, 121, 122, 123, 124, 125, 126, 127, 128, 129, 130, 131, 132, 133, 134, 135, 136, 137, 138, 139, 140, 141, 142, 143, 144, 145, 146, 147, 148, 149, 150, 151, 152, 153, 154, 155, 156, 157, 158, 159, 160, 161, 162, 163, 164, 165, 166, 167, 168, 169, 170, 171, 172, 173, 174, 175, 176, 177, 178, 179, 180, 181, 182, 183, 184, 185, 186, 187, 188, 189, 190, 191, 192, 193, 194, 195, 196, 197, 198, 199, 200, 201, 202, 203, 204, 205, 206, 207, 208, 209, 210, 211, 212, 213, 214, 215, 216, 217, 218, 219, 220, 221, 222, 223, 224, 225, 226, 227, 228, 229, 230, 231, 232, 233, 234, 235, 236, 237, 238, 239, 240, 241, 242, 243, 244, 245, 246, 247, 248, 249, 250, 251, 252, 253, 254, 255, 256, 257, 258, 259, 260, 261, 262, 263, 264, 265, 266, 267, 268, 269, 270, 271, 272, 273, 274, 275, 276, 277, 278, 279, 280, 281, 282, 283, 284, 285, 286, 287, 288, 289, 290, 291, 292, 293, 294, 295, 296, 297, 298, 299, 300, 301, 302, 303, 304, 305, 306, 307, 308, 309, 310, 311, 312, 313, 314, 315, 316, 317, 318, 319, 320, 321, 322, 323, 324, 325, 326, 327, 328, 329, 330, 331, 332, 333, 334, 335, 336, 337, 574, 575, 576, 577, 578, 579, 580, 581, 582, 583, 584, 585, 586, 587, 588, 589, 590, 591, 592, 593, 594, 595, 596, 597, 598, 599, 600, 601, 602, 603, 604, 605, 606, 607, 608, 609, 610, 611, 612, 613, 614, 615, 616, 617, 618, 619, 620, 621, 622, 623, 624, 625, 626, 627, 628, 629, 630, 631, 632, 633, 634, 635, 636, 637, 638, 639, 640, 641, 642, 643, 644, 645, 646, 647, 648, 649, 650, 651, 652, 653, 654, 655, 656, 657, 658, 659, 660, 661, 662, 663, 664, 665, 666, 667, 668, 669, 670, 671, 672, 673, 674, 675, 676, 677, 678, 679, 680, 681, 682, 683, 684, 685, 686, 687, 688, 689, 690, 691, 692, 693, 694, 695, 696, 697, 698, 699, 700, 701, 702, 703, 704, 705, 706, 707, 708, 709, 710, 711, 712, 713, 714, 715, 716, 717, 718, 719, 720, 721, 722, 723, 724, 725, 726, 727, 728, 729, 730, 731, 732, 733, 734, 735, 736, 737, 738, 739, 740, 741, 742, 743, 744, 745, 746, 747, 748, 749, 750, 751, 752, 753, 754, 755, 756, 757, 758, 759, 760, 761, 762, 763, 764, 765, 766, 767, 768, 769, 770, 771, 772, 773, 774, 775, 776, 777, 778, 779, 780, 781, 782, 783, 784, 785, 786, 787, 788, 789, 790, 791, 792, 793]","[105, 114, 138, 141, 152, 153, 154, 155, 157, 159, 164, 165, 176, 182, 191, 192, 194, 195, 196, 200, 204, 208, 209, 210, 211, 215, 226, 228, 241, 242, 243, 245, 248, 249, 250, 257, 261, 270, 271, 282, 287, 289, 291, 294, 296, 298, 306, 308, 309, 311, 314, 327, 333, 335, 337, 576, 585, 609, 612, 623, 624, 626, 627, 629, 631, 636, 637, 647, 653, 662, 663, 665, 666, 667, 671, 674, 678, 679, 680, 681, 690, 692, 705, 706, 707, 709, 711, 712, 713, 719, 721, 729, 730, 741, 746, 748, 750, 753, 755, 757, 764, 766, 767, 769, 772, 785, 791]",[],"[176, 177, 325, 332, 467, 483, 484, 647, 648, 783, 789, 914, 927, 934, 935]","[103, 104, 105, 106, 107, 108, 109, 110, 111, 112, 113, 114, 115, 116, 117, 118, 119, 120, 121, 122, 123, 124, 125, 126, 127, 128, 129, 130, 131, 132, 133, 134, 135, 136, 137, 138, 139, 140, 141, 142, 143, 144, 145, 146, 147, 148, 149, 150, 151, 152, 153, 154, 155, 156, 157, 158, 159, 160, 161, 162, 163, 164, 165, 166, 167, 168, 169, 170, 171, 172, 173, 174, 175, 176, 177, 178, 179, 180, 181, 182, 183, 184, 185, 186, 187, 188, 189, 190, 191, 192, 193, 194, 195, 196, 197, 198, 199, 200, 201, 202, 203, 204, 205, 206, 207, 208, 209, 210, 211, 212, 213, 214, 215, 216, 217, 218, 219, 220, 221, 222, 223, 224, 225, 226, 227, 228, 229, 230, 231, 232, 233, 234, 235, 236, 237, 238, 239, 240, 241, 242, 243, 244, 245, 246, 247, 248, 249, 250, 251, 252, 253, 254, 255, 256, 257, 258, 259, 260, 261, 262, 263, 264, 265, 266, 267, 268, 269, 270, 271, 272, 273, 274, 275, 276, 277, 278, 279, 280, 281, 282, 283, 284, 285, 286, 287, 288, 289, 290, 291, 292, 293, 294, 295, 296, 297, 298, 299, 300, 301, 302, 303, 304, 305, 306, 307, 308, 309, 310, 311, 312, 313, 314, 315, 316, 317, 318, 319, 320, 321, 322, 323, 324, 325, 326, 327, 328, 329, 330, 331, 332, 333, 334, 335, 336, 337, 467, 483, 484, 574, 575, 576, 577, 578, 579, 580, 581, 582, 583, 584, 585, 586, 587, 588, 589, 590, 591, 592, 593, 594, 595, 596, 597, 598, 599, 600, 601, 602, 603, 604, 605, 606, 607, 608, 609, 610, 611, 612, 613, 614, 615, 616, 617, 618, 619, 620, 621, 622, 623, 624, 625, 626, 627, 628, 629, 630, 631, 632, 633, 634, 635, 636, 637, 638, 639, 640, 641, 642, 643, 644, 645, 646, 647, 648, 649, 650, 651, 652, 653, 654, 655, 656, 657, 658, 659, 660, 661, 662, 663, 664, 665, 666, 667, 668, 669, 670, 671, 672, 673, 674, 675, 676, 677, 678, 679, 680, 681, 682, 683, 684, 685, 686, 687, 688, 689, 690, 691, 692, 693, 694, 695, 696, 697, 698, 699, 700, 701, 702, 703, 704, 705, 706, 707, 708, 709, 710, 711, 712, 713, 714, 715, 716, 717, 718, 719, 720, 721, 722, 723, 724, 725, 726, 727, 728, 729, 730, 731, 732, 733, 734, 735, 736, 737, 738, 739, 740, 741, 742, 743, 744, 745, 746, 747, 748, 749, 750, 751, 752, 753, 754, 755, 756, 757, 758, 759, 760, 761, 762, 763, 764, 765, 766, 767, 768, 769, 770, 771, 772, 773, 774, 775, 776, 777, 778, 779, 780, 781, 782, 783, 784, 785, 786, 787, 788, 789, 790, 791, 792, 793, 914, 927, 934, 935]",True,"[228, 282, 692, 741]","[103, 104, 105, 106, 107, 108, 109, 110, 111, 112, 113, 114, 115, 116, 117, 118, 119, 120, 121, 122, 123, 124, 125, 126, 127, 128, 129, 130, 131, 132, 133, 134, 135, 136, 137, 138, 139, 140, 141, 142, 143, 144, 145, 146, 147, 148, 149, 150, 151, 152, 153, 154, 155, 156, 157, 158, 159, 160, 161, 162, 163, 164, 165, 166, 167, 168, 169, 170, 171, 172, 173, 174, 175, 176, 177, 178, 179, 180, 181, 182, 183, 184, 185, 186, 187, 188, 189, 190, 191, 192, 193, 194, 195, 196, 197, 198, 199, 200, 201, 202, 203, 204, 205, 206, 207, 208, 209, 210, 211, 212, 213, 214, 215, 216, 217, 218, 219, 220, 221, 222, 223, 224, 225, 226, 227, 228, 229, 230, 231, 232, 233, 234, 235, 236, 237, 238, 239, 240, 241, 242, 243, 244, 245, 246, 247, 248, 249, 250, 251, 252, 253, 254, 255, 256, 257, 258, 259, 260, 261, 262, 263, 264, 265, 266, 267, 268, 269, 270, 271, 272, 273, 274, 275, 276, 277, 278, 279, 280, 281, 282, 283, 284, 285, 286, 287, 288, 289, 290, 291, 292, 293, 294, 295, 296, 297, 298, 299, 300, 301, 302, 303, 304, 305, 306, 307, 308, 309, 310, 311, 312, 313, 314, 315, 316, 317, 318, 319, 320, 321, 322, 323, 324, 325, 326, 327, 328, 329, 330, 331, 332, 333, 334, 335, 336, 337, 574, 575, 576, 577, 578, 579, 580, 581, 582, 583, 584, 585, 586, 587, 588, 589, 590, 591, 592, 593, 594, 595, 596, 597, 598, 599, 600, 601, 602, 603, 604, 605, 606, 607, 608, 609, 610, 611, 612, 613, 614, 615, 616, 617, 618, 619, 620, 621, 622, 623, 624, 625, 626, 627, 628, 629, 630, 631, 632, 633, 634, 635, 636, 637, 638, 639, 640, 641, 642, 643, 644, 645, 646, 647, 648, 649, 650, 651, 652, 653, 654, 655, 656, 657, 658, 659, 660, 661, 662, 663, 664, 665, 666, 667, 668, 669, 670, 671, 672, 673, 674, 675, 676, 677, 678, 679, 680, 681, 682, 683, 684, 685, 686, 687, 688, 689, 690, 691, 692, 693, 694, 695, 696, 697, 698, 699, 700, 701, 702, 703, 704, 705, 706, 707, 708, 709, 710, 711, 712, 713, 714, 715, 716, 717, 718, 719, 720, 721, 722, 723, 724, 725, 726, 727, 728, 729, 730, 731, 732, 733, 734, 735, 736, 737, 738, 739, 740, 741, 742, 743, 744, 745, 746, 747, 748, 749, 750, 751, 752, 753, 754, 755, 756, 757, 758, 759, 760, 761, 762, 763, 764, 765, 766, 767, 768, 769, 770, 771, 772, 773, 774, 775, 776, 777, 778, 779, 780, 781, 782, 783, 784, 785, 786, 787, 788, 789, 790, 791, 792, 793]","[228, 282, 692, 741]","[282, 741]","[105, 114, 138, 141, 152, 153, 154, 155, 157, 159, 164, 165, 176, 182, 191, 192, 194, 195, 196, 200, 204, 208, 209, 210, 211, 215, 226, 228, 241, 242, 243, 245, 248, 249, 250, 257, 261, 270, 271, 282, 287, 289, 291, 294, 296, 298, 306, 308, 309, 311, 314, 327, 333, 335, 337, 576, 585, 609, 612, 623, 624, 626, 627, 629, 631, 636, 637, 647, 653, 662, 663, 665, 666, 667, 671, 674, 678, 679, 680, 681, 690, 692, 705, 706, 707, 709, 711, 712, 713, 719, 721, 729, 730, 741, 746, 748, 750, 753, 755, 757, 764, 766, 767, 769, 772, 785, 791]","[176, 177, 325, 332, 467, 483, 484, 647, 648, 783, 789, 914, 927, 934, 935]",[],5/6 successful match,True,[475],True,697,False,,,,,
C Montebello ( 90640 ) DeWitt Fuel Stop,"5 323-725-1659 I-5 Exit 126 B ( Slauson E , N on Chapin )",) 1,Montebello,90640,DeWitt Fuel Stop,323-725-1659,2014,Montebello,CA,,"( Slauson E , N on Chapin )",I-5 Exit 126 B ,Exit,126,False,,False,I-5,,,,,"[282, 741]","[228, 282, 692, 741]","[228, 282, 692, 741]","[282, 741]","[103, 104, 105, 106, 107, 108, 109, 110, 111, 112, 113, 114, 115, 116, 117, 118, 119, 120, 121, 122, 123, 124, 125, 126, 127, 128, 129, 130, 131, 132, 133, 134, 135, 136, 137, 138, 139, 140, 141, 142, 143, 144, 145, 146, 147, 148, 149, 150, 151, 152, 153, 154, 155, 156, 157, 158, 159, 160, 161, 162, 163, 164, 165, 166, 167, 168, 169, 170, 171, 172, 173, 174, 175, 176, 177, 178, 179, 180, 181, 182, 183, 184, 185, 186, 187, 188, 189, 190, 191, 192, 193, 194, 195, 196, 197, 198, 199, 200, 201, 202, 203, 204, 205, 206, 207, 208, 209, 210, 211, 212, 213, 214, 215, 216, 217, 218, 219, 220, 221, 222, 223, 224, 225, 226, 227, 228, 229, 230, 231, 232, 233, 234, 235, 236, 237, 238, 239, 240, 241, 242, 243, 244, 245, 246, 247, 248, 249, 250, 251, 252, 253, 254, 255, 256, 257, 258, 259, 260, 261, 262, 263, 264, 265, 266, 267, 268, 269, 270, 271, 272, 273, 274, 275, 276, 277, 278, 279, 280, 281, 282, 283, 284, 285, 286, 287, 288, 289, 290, 291, 292, 293, 294, 295, 296, 297, 298, 299, 300, 301, 302, 303, 304, 305, 306, 307, 308, 309, 310, 311, 312, 313, 314, 315, 316, 317, 318, 319, 320, 321, 322, 323, 324, 325, 326, 327, 328, 329, 330, 331, 332, 333, 334, 335, 336, 337, 574, 575, 576, 577, 578, 579, 580, 581, 582, 583, 584, 585, 586, 587, 588, 589, 590, 591, 592, 593, 594, 595, 596, 597, 598, 599, 600, 601, 602, 603, 604, 605, 606, 607, 608, 609, 610, 611, 612, 613, 614, 615, 616, 617, 618, 619, 620, 621, 622, 623, 624, 625, 626, 627, 628, 629, 630, 631, 632, 633, 634, 635, 636, 637, 638, 639, 640, 641, 642, 643, 644, 645, 646, 647, 648, 649, 650, 651, 652, 653, 654, 655, 656, 657, 658, 659, 660, 661, 662, 663, 664, 665, 666, 667, 668, 669, 670, 671, 672, 673, 674, 675, 676, 677, 678, 679, 680, 681, 682, 683, 684, 685, 686, 687, 688, 689, 690, 691, 692, 693, 694, 695, 696, 697, 698, 699, 700, 701, 702, 703, 704, 705, 706, 707, 708, 709, 710, 711, 712, 713, 714, 715, 716, 717, 718, 719, 720, 721, 722, 723, 724, 725, 726, 727, 728, 729, 730, 731, 732, 733, 734, 735, 736, 737, 738, 739, 740, 741, 742, 743, 744, 745, 746, 747, 748, 749, 750, 751, 752, 753, 754, 755, 756, 757, 758, 759, 760, 761, 762, 763, 764, 765, 766, 767, 768, 769, 770, 771, 772, 773, 774, 775, 776, 777, 778, 779, 780, 781, 782, 783, 784, 785, 786, 787, 788, 789, 790, 791, 792, 793]","[105, 114, 138, 141, 152, 153, 154, 155, 157, 159, 164, 165, 176, 182, 191, 192, 194, 195, 196, 200, 204, 208, 209, 210, 211, 215, 226, 228, 241, 242, 243, 245, 248, 249, 250, 257, 261, 270, 271, 282, 287, 289, 291, 294, 296, 298, 306, 308, 309, 311, 314, 327, 333, 335, 337, 576, 585, 609, 612, 623, 624, 626, 627, 629, 631, 636, 637, 647, 653, 662, 663, 665, 666, 667, 671, 674, 678, 679, 680, 681, 690, 692, 705, 706, 707, 709, 711, 712, 713, 719, 721, 729, 730, 741, 746, 748, 750, 753, 755, 757, 764, 766, 767, 769, 772, 785, 791]",[],[],"[103, 104, 105, 106, 107, 108, 109, 110, 111, 112, 113, 114, 115, 116, 117, 118, 119, 120, 121, 122, 123, 124, 125, 126, 127, 128, 129, 130, 131, 132, 133, 134, 135, 136, 137, 138, 139, 140, 141, 142, 143, 144, 145, 146, 147, 148, 149, 150, 151, 152, 153, 154, 155, 156, 157, 158, 159, 160, 161, 162, 163, 164, 165, 166, 167, 168, 169, 170, 171, 172, 173, 174, 175, 176, 177, 178, 179, 180, 181, 182, 183, 184, 185, 186, 187, 188, 189, 190, 191, 192, 193, 194, 195, 196, 197, 198, 199, 200, 201, 202, 203, 204, 205, 206, 207, 208, 209, 210, 211, 212, 213, 214, 215, 216, 217, 218, 219, 220, 221, 222, 223, 224, 225, 226, 227, 228, 229, 230, 231, 232, 233, 234, 235, 236, 237, 238, 239, 240, 241, 242, 243, 244, 245, 246, 247, 248, 249, 250, 251, 252, 253, 254, 255, 256, 257, 258, 259, 260, 261, 262, 263, 264, 265, 266, 267, 268, 269, 270, 271, 272, 273, 274, 275, 276, 277, 278, 279, 280, 281, 282, 283, 284, 285, 286, 287, 288, 289, 290, 291, 292, 293, 294, 295, 296, 297, 298, 299, 300, 301, 302, 303, 304, 305, 306, 307, 308, 309, 310, 311, 312, 313, 314, 315, 316, 317, 318, 319, 320, 321, 322, 323, 324, 325, 326, 327, 328, 329, 330, 331, 332, 333, 334, 335, 336, 337, 574, 575, 576, 577, 578, 579, 580, 581, 582, 583, 584, 585, 586, 587, 588, 589, 590, 591, 592, 593, 594, 595, 596, 597, 598, 599, 600, 601, 602, 603, 604, 605, 606, 607, 608, 609, 610, 611, 612, 613, 614, 615, 616, 617, 618, 619, 620, 621, 622, 623, 624, 625, 626, 627, 628, 629, 630, 631, 632, 633, 634, 635, 636, 637, 638, 639, 640, 641, 642, 643, 644, 645, 646, 647, 648, 649, 650, 651, 652, 653, 654, 655, 656, 657, 658, 659, 660, 661, 662, 663, 664, 665, 666, 667, 668, 669, 670, 671, 672, 673, 674, 675, 676, 677, 678, 679, 680, 681, 682, 683, 684, 685, 686, 687, 688, 689, 690, 691, 692, 693, 694, 695, 696, 697, 698, 699, 700, 701, 702, 703, 704, 705, 706, 707, 708, 709, 710, 711, 712, 713, 714, 715, 716, 717, 718, 719, 720, 721, 722, 723, 724, 725, 726, 727, 728, 729, 730, 731, 732, 733, 734, 735, 736, 737, 738, 739, 740, 741, 742, 743, 744, 745, 746, 747, 748, 749, 750, 751, 752, 753, 754, 755, 756, 757, 758, 759, 760, 761, 762, 763, 764, 765, 766, 767, 768, 769, 770, 771, 772, 773, 774, 775, 776, 777, 778, 779, 780, 781, 782, 783, 784, 785, 786, 787, 788, 789, 790, 791, 792, 793]",True,"[228, 282, 692, 741]","[103, 104, 105, 106, 107, 108, 109, 110, 111, 112, 113, 114, 115, 116, 117, 118, 119, 120, 121, 122, 123, 124, 125, 126, 127, 128, 129, 130, 131, 132, 133, 134, 135, 136, 137, 138, 139, 140, 141, 142, 143, 144, 145, 146, 147, 148, 149, 150, 151, 152, 153, 154, 155, 156, 157, 158, 159, 160, 161, 162, 163, 164, 165, 166, 167, 168, 169, 170, 171, 172, 173, 174, 175, 176, 177, 178, 179, 180, 181, 182, 183, 184, 185, 186, 187, 188, 189, 190, 191, 192, 193, 194, 195, 196, 197, 198, 199, 200, 201, 202, 203, 204, 205, 206, 207, 208, 209, 210, 211, 212, 213, 214, 215, 216, 217, 218, 219, 220, 221, 222, 223, 224, 225, 226, 227, 228, 229, 230, 231, 232, 233, 234, 235, 236, 237, 238, 239, 240, 241, 242, 243, 244, 245, 246, 247, 248, 249, 250, 251, 252, 253, 254, 255, 256, 257, 258, 259, 260, 261, 262, 263, 264, 265, 266, 267, 268, 269, 270, 271, 272, 273, 274, 275, 276, 277, 278, 279, 280, 281, 282, 283, 284, 285, 286, 287, 288, 289, 290, 291, 292, 293, 294, 295, 296, 297, 298, 299, 300, 301, 302, 303, 304, 305, 306, 307, 308, 309, 310, 311, 312, 313, 314, 315, 316, 317, 318, 319, 320, 321, 322, 323, 324, 325, 326, 327, 328, 329, 330, 331, 332, 333, 334, 335, 336, 337, 574, 575, 576, 577, 578, 579, 580, 581, 582, 583, 584, 585, 586, 587, 588, 589, 590, 591, 592, 593, 594, 595, 596, 597, 598, 599, 600, 601, 602, 603, 604, 605, 606, 607, 608, 609, 610, 611, 612, 613, 614, 615, 616, 617, 618, 619, 620, 621, 622, 623, 624, 625, 626, 627, 628, 629, 630, 631, 632, 633, 634, 635, 636, 637, 638, 639, 640, 641, 642, 643, 644, 645, 646, 647, 648, 649, 650, 651, 652, 653, 654, 655, 656, 657, 658, 659, 660, 661, 662, 663, 664, 665, 666, 667, 668, 669, 670, 671, 672, 673, 674, 675, 676, 677, 678, 679, 680, 681, 682, 683, 684, 685, 686, 687, 688, 689, 690, 691, 692, 693, 694, 695, 696, 697, 698, 699, 700, 701, 702, 703, 704, 705, 706, 707, 708, 709, 710, 711, 712, 713, 714, 715, 716, 717, 718, 719, 720, 721, 722, 723, 724, 725, 726, 727, 728, 729, 730, 731, 732, 733, 734, 735, 736, 737, 738, 739, 740, 741, 742, 743, 744, 745, 746, 747, 748, 749, 750, 751, 752, 753, 754, 755, 756, 757, 758, 759, 760, 761, 762, 763, 764, 765, 766, 767, 768, 769, 770, 771, 772, 773, 774, 775, 776, 777, 778, 779, 780, 781, 782, 783, 784, 785, 786, 787, 788, 789, 790, 791, 792, 793]","[228, 282, 692, 741]","[282, 741]","[105, 114, 138, 141, 152, 153, 154, 155, 157, 159, 164, 165, 176, 182, 191, 192, 194, 195, 196, 200, 204, 208, 209, 210, 211, 215, 226, 228, 241, 242, 243, 245, 248, 249, 250, 257, 261, 270, 271, 282, 287, 289, 291, 294, 296, 298, 306, 308, 309, 311, 314, 327, 333, 335, 337, 576, 585, 609, 612, 623, 624, 626, 627, 629, 631, 636, 637, 647, 653, 662, 663, 665, 666, 667, 671, 674, 678, 679, 680, 681, 690, 692, 705, 706, 707, 709, 711, 712, 713, 719, 721, 729, 730, 741, 746, 748, 750, 753, 755, 757, 764, 766, 767, 769, 772, 785, 791]",[],[],7/6 successful match,True,[475],True,697,False,,0.55,True,Dewitt Petroleum,
Montebello ( 90640 ) DeWitt Fuel ( W Stop jct ),323-725-1659 I-5 Exit 126 B (,) B D,Montebello,90640,DeWitt Fuel ( W Stop jct ),323-725-1659,2015,Montebello,CA,,(,I-5 Exit 126 B ,Exit,126,False,,False,I-5,,,,,"[282, 741]","[228, 282, 692, 741]","[228, 282, 692, 741]","[282, 741]","[103, 104, 105, 106, 107, 108, 109, 110, 111, 112, 113, 114, 115, 116, 117, 118, 119, 120, 121, 122, 123, 124, 125, 126, 127, 128, 129, 130, 131, 132, 133, 134, 135, 136, 137, 138, 139, 140, 141, 142, 143, 144, 145, 146, 147, 148, 149, 150, 151, 152, 153, 154, 155, 156, 157, 158, 159, 160, 161, 162, 163, 164, 165, 166, 167, 168, 169, 170, 171, 172, 173, 174, 175, 176, 177, 178, 179, 180, 181, 182, 183, 184, 185, 186, 187, 188, 189, 190, 191, 192, 193, 194, 195, 196, 197, 198, 199, 200, 201, 202, 203, 204, 205, 206, 207, 208, 209, 210, 211, 212, 213, 214, 215, 216, 217, 218, 219, 220, 221, 222, 223, 224, 225, 226, 227, 228, 229, 230, 231, 232, 233, 234, 235, 236, 237, 238, 239, 240, 241, 242, 243, 244, 245, 246, 247, 248, 249, 250, 251, 252, 253, 254, 255, 256, 257, 258, 259, 260, 261, 262, 263, 264, 265, 266, 267, 268, 269, 270, 271, 272, 273, 274, 275, 276, 277, 278, 279, 280, 281, 282, 283, 284, 285, 286, 287, 288, 289, 290, 291, 292, 293, 294, 295, 296, 297, 298, 299, 300, 301, 302, 303, 304, 305, 306, 307, 308, 309, 310, 311, 312, 313, 314, 315, 316, 317, 318, 319, 320, 321, 322, 323, 324, 325, 326, 327, 328, 329, 330, 331, 332, 333, 334, 335, 336, 337, 574, 575, 576, 577, 578, 579, 580, 581, 582, 583, 584, 585, 586, 587, 588, 589, 590, 591, 592, 593, 594, 595, 596, 597, 598, 599, 600, 601, 602, 603, 604, 605, 606, 607, 608, 609, 610, 611, 612, 613, 614, 615, 616, 617, 618, 619, 620, 621, 622, 623, 624, 625, 626, 627, 628, 629, 630, 631, 632, 633, 634, 635, 636, 637, 638, 639, 640, 641, 642, 643, 644, 645, 646, 647, 648, 649, 650, 651, 652, 653, 654, 655, 656, 657, 658, 659, 660, 661, 662, 663, 664, 665, 666, 667, 668, 669, 670, 671, 672, 673, 674, 675, 676, 677, 678, 679, 680, 681, 682, 683, 684, 685, 686, 687, 688, 689, 690, 691, 692, 693, 694, 695, 696, 697, 698, 699, 700, 701, 702, 703, 704, 705, 706, 707, 708, 709, 710, 711, 712, 713, 714, 715, 716, 717, 718, 719, 720, 721, 722, 723, 724, 725, 726, 727, 728, 729, 730, 731, 732, 733, 734, 735, 736, 737, 738, 739, 740, 741, 742, 743, 744, 745, 746, 747, 748, 749, 750, 751, 752, 753, 754, 755, 756, 757, 758, 759, 760, 761, 762, 763, 764, 765, 766, 767, 768, 769, 770, 771, 772, 773, 774, 775, 776, 777, 778, 779, 780, 781, 782, 783, 784, 785, 786, 787, 788, 789, 790, 791, 792, 793]","[105, 114, 138, 141, 152, 153, 154, 155, 157, 159, 164, 165, 176, 182, 191, 192, 194, 195, 196, 200, 204, 208, 209, 210, 211, 215, 226, 228, 241, 242, 243, 245, 248, 249, 250, 257, 261, 270, 271, 282, 287, 289, 291, 294, 296, 298, 306, 308, 309, 311, 314, 327, 333, 335, 337, 576, 585, 609, 612, 623, 624, 626, 627, 629, 631, 636, 637, 647, 653, 662, 663, 665, 666, 667, 671, 674, 678, 679, 680, 681, 690, 692, 705, 706, 707, 709, 711, 712, 713, 719, 721, 729, 730, 741, 746, 748, 750, 753, 755, 757, 764, 766, 767, 769, 772, 785, 791]",[],[],"[103, 104, 105, 106, 107, 108, 109, 110, 111, 112, 113, 114, 115, 116, 117, 118, 119, 120, 121, 122, 123, 124, 125, 126, 127, 128, 129, 130, 131, 132, 133, 134, 135, 136, 137, 138, 139, 140, 141, 142, 143, 144, 145, 146, 147, 148, 149, 150, 151, 152, 153, 154, 155, 156, 157, 158, 159, 160, 161, 162, 163, 164, 165, 166, 167, 168, 169, 170, 171, 172, 173, 174, 175, 176, 177, 178, 179, 180, 181, 182, 183, 184, 185, 186, 187, 188, 189, 190, 191, 192, 193, 194, 195, 196, 197, 198, 199, 200, 201, 202, 203, 204, 205, 206, 207, 208, 209, 210, 211, 212, 213, 214, 215, 216, 217, 218, 219, 220, 221, 222, 223, 224, 225, 226, 227, 228, 229, 230, 231, 232, 233, 234, 235, 236, 237, 238, 239, 240, 241, 242, 243, 244, 245, 246, 247, 248, 249, 250, 251, 252, 253, 254, 255, 256, 257, 258, 259, 260, 261, 262, 263, 264, 265, 266, 267, 268, 269, 270, 271, 272, 273, 274, 275, 276, 277, 278, 279, 280, 281, 282, 283, 284, 285, 286, 287, 288, 289, 290, 291, 292, 293, 294, 295, 296, 297, 298, 299, 300, 301, 302, 303, 304, 305, 306, 307, 308, 309, 310, 311, 312, 313, 314, 315, 316, 317, 318, 319, 320, 321, 322, 323, 324, 325, 326, 327, 328, 329, 330, 331, 332, 333, 334, 335, 336, 337, 574, 575, 576, 577, 578, 579, 580, 581, 582, 583, 584, 585, 586, 587, 588, 589, 590, 591, 592, 593, 594, 595, 596, 597, 598, 599, 600, 601, 602, 603, 604, 605, 606, 607, 608, 609, 610, 611, 612, 613, 614, 615, 616, 617, 618, 619, 620, 621, 622, 623, 624, 625, 626, 627, 628, 629, 630, 631, 632, 633, 634, 635, 636, 637, 638, 639, 640, 641, 642, 643, 644, 645, 646, 647, 648, 649, 650, 651, 652, 653, 654, 655, 656, 657, 658, 659, 660, 661, 662, 663, 664, 665, 666, 667, 668, 669, 670, 671, 672, 673, 674, 675, 676, 677, 678, 679, 680, 681, 682, 683, 684, 685, 686, 687, 688, 689, 690, 691, 692, 693, 694, 695, 696, 697, 698, 699, 700, 701, 702, 703, 704, 705, 706, 707, 708, 709, 710, 711, 712, 713, 714, 715, 716, 717, 718, 719, 720, 721, 722, 723, 724, 725, 726, 727, 728, 729, 730, 731, 732, 733, 734, 735, 736, 737, 738, 739, 740, 741, 742, 743, 744, 745, 746, 747, 748, 749, 750, 751, 752, 753, 754, 755, 756, 757, 758, 759, 760, 761, 762, 763, 764, 765, 766, 767, 768, 769, 770, 771, 772, 773, 774, 775, 776, 777, 778, 779, 780, 781, 782, 783, 784, 785, 786, 787, 788, 789, 790, 791, 792, 793]",True,"[228, 282, 692, 741]","[103, 104, 105, 106, 107, 108, 109, 110, 111, 112, 113, 114, 115, 116, 117, 118, 119, 120, 121, 122, 123, 124, 125, 126, 127, 128, 129, 130, 131, 132, 133, 134, 135, 136, 137, 138, 139, 140, 141, 142, 143, 144, 145, 146, 147, 148, 149, 150, 151, 152, 153, 154, 155, 156, 157, 158, 159, 160, 161, 162, 163, 164, 165, 166, 167, 168, 169, 170, 171, 172, 173, 174, 175, 176, 177, 178, 179, 180, 181, 182, 183, 184, 185, 186, 187, 188, 189, 190, 191, 192, 193, 194, 195, 196, 197, 198, 199, 200, 201, 202, 203, 204, 205, 206, 207, 208, 209, 210, 211, 212, 213, 214, 215, 216, 217, 218, 219, 220, 221, 222, 223, 224, 225, 226, 227, 228, 229, 230, 231, 232, 233, 234, 235, 236, 237, 238, 239, 240, 241, 242, 243, 244, 245, 246, 247, 248, 249, 250, 251, 252, 253, 254, 255, 256, 257, 258, 259, 260, 261, 262, 263, 264, 265, 266, 267, 268, 269, 270, 271, 272, 273, 274, 275, 276, 277, 278, 279, 280, 281, 282, 283, 284, 285, 286, 287, 288, 289, 290, 291, 292, 293, 294, 295, 296, 297, 298, 299, 300, 301, 302, 303, 304, 305, 306, 307, 308, 309, 310, 311, 312, 313, 314, 315, 316, 317, 318, 319, 320, 321, 322, 323, 324, 325, 326, 327, 328, 329, 330, 331, 332, 333, 334, 335, 336, 337, 574, 575, 576, 577, 578, 579, 580, 581, 582, 583, 584, 585, 586, 587, 588, 589, 590, 591, 592, 593, 594, 595, 596, 597, 598, 599, 600, 601, 602, 603, 604, 605, 606, 607, 608, 609, 610, 611, 612, 613, 614, 615, 616, 617, 618, 619, 620, 621, 622, 623, 624, 625, 626, 627, 628, 629, 630, 631, 632, 633, 634, 635, 636, 637, 638, 639, 640, 641, 642, 643, 644, 645, 646, 647, 648, 649, 650, 651, 652, 653, 654, 655, 656, 657, 658, 659, 660, 661, 662, 663, 664, 665, 666, 667, 668, 669, 670, 671, 672, 673, 674, 675, 676, 677, 678, 679, 680, 681, 682, 683, 684, 685, 686, 687, 688, 689, 690, 691, 692, 693, 694, 695, 696, 697, 698, 699, 700, 701, 702, 703, 704, 705, 706, 707, 708, 709, 710, 711, 712, 713, 714, 715, 716, 717, 718, 719, 720, 721, 722, 723, 724, 725, 726, 727, 728, 729, 730, 731, 732, 733, 734, 735, 736, 737, 738, 739, 740, 741, 742, 743, 744, 745, 746, 747, 748, 749, 750, 751, 752, 753, 754, 755, 756, 757, 758, 759, 760, 761, 762, 763, 764, 765, 766, 767, 768, 769, 770, 771, 772, 773, 774, 775, 776, 777, 778, 779, 780, 781, 782, 783, 784, 785, 786, 787, 788, 789, 790, 791, 792, 793]","[228, 282, 692, 741]","[282, 741]","[105, 114, 138, 141, 152, 153, 154, 155, 157, 159, 164, 165, 176, 182, 191, 192, 194, 195, 196, 200, 204, 208, 209, 210, 211, 215, 226, 228, 241, 242, 243, 245, 248, 249, 250, 257, 261, 270, 271, 282, 287, 289, 291, 294, 296, 298, 306, 308, 309, 311, 314, 327, 333, 335, 337, 576, 585, 609, 612, 623, 624, 626, 627, 629, 631, 636, 637, 647, 653, 662, 663, 665, 666, 667, 671, 674, 678, 679, 680, 681, 690, 692, 705, 706, 707, 709, 711, 712, 713, 719, 721, 729, 730, 741, 746, 748, 750, 753, 755, 757, 764, 766, 767, 769, 772, 785, 791]",[],[],7/6 successful match,True,[475],True,697,False,,0.6285714285714286,True,DeWitt Fuel Stop,
Montebello ( 90640 ) SC Fuels,"5 / 323-725-1659 I-5 Exit 126 B ( Slauson E , N on Chapin )",<U+2610> <U+2610> <U+2610> 0 <U+2610> <U+2610>,Montebello,90640,SC Fuels,323-725-1659,2016,Montebello,CA,,"( Slauson E , N on Chapin )",I-5 Exit 126 B ,Exit,126,False,,False,I-5,,,,,"[282, 741]","[228, 282, 692, 741]","[228, 282, 692, 741]","[282, 741]","[103, 104, 105, 106, 107, 108, 109, 110, 111, 112, 113, 114, 115, 116, 117, 118, 119, 120, 121, 122, 123, 124, 125, 126, 127, 128, 129, 130, 131, 132, 133, 134, 135, 136, 137, 138, 139, 140, 141, 142, 143, 144, 145, 146, 147, 148, 149, 150, 151, 152, 153, 154, 155, 156, 157, 158, 159, 160, 161, 162, 163, 164, 165, 166, 167, 168, 169, 170, 171, 172, 173, 174, 175, 176, 177, 178, 179, 180, 181, 182, 183, 184, 185, 186, 187, 188, 189, 190, 191, 192, 193, 194, 195, 196, 197, 198, 199, 200, 201, 202, 203, 204, 205, 206, 207, 208, 209, 210, 211, 212, 213, 214, 215, 216, 217, 218, 219, 220, 221, 222, 223, 224, 225, 226, 227, 228, 229, 230, 231, 232, 233, 234, 235, 236, 237, 238, 239, 240, 241, 242, 243, 244, 245, 246, 247, 248, 249, 250, 251, 252, 253, 254, 255, 256, 257, 258, 259, 260, 261, 262, 263, 264, 265, 266, 267, 268, 269, 270, 271, 272, 273, 274, 275, 276, 277, 278, 279, 280, 281, 282, 283, 284, 285, 286, 287, 288, 289, 290, 291, 292, 293, 294, 295, 296, 297, 298, 299, 300, 301, 302, 303, 304, 305, 306, 307, 308, 309, 310, 311, 312, 313, 314, 315, 316, 317, 318, 319, 320, 321, 322, 323, 324, 325, 326, 327, 328, 329, 330, 331, 332, 333, 334, 335, 336, 337, 574, 575, 576, 577, 578, 579, 580, 581, 582, 583, 584, 585, 586, 587, 588, 589, 590, 591, 592, 593, 594, 595, 596, 597, 598, 599, 600, 601, 602, 603, 604, 605, 606, 607, 608, 609, 610, 611, 612, 613, 614, 615, 616, 617, 618, 619, 620, 621, 622, 623, 624, 625, 626, 627, 628, 629, 630, 631, 632, 633, 634, 635, 636, 637, 638, 639, 640, 641, 642, 643, 644, 645, 646, 647, 648, 649, 650, 651, 652, 653, 654, 655, 656, 657, 658, 659, 660, 661, 662, 663, 664, 665, 666, 667, 668, 669, 670, 671, 672, 673, 674, 675, 676, 677, 678, 679, 680, 681, 682, 683, 684, 685, 686, 687, 688, 689, 690, 691, 692, 693, 694, 695, 696, 697, 698, 699, 700, 701, 702, 703, 704, 705, 706, 707, 708, 709, 710, 711, 712, 713, 714, 715, 716, 717, 718, 719, 720, 721, 722, 723, 724, 725, 726, 727, 728, 729, 730, 731, 732, 733, 734, 735, 736, 737, 738, 739, 740, 741, 742, 743, 744, 745, 746, 747, 748, 749, 750, 751, 752, 753, 754, 755, 756, 757, 758, 759, 760, 761, 762, 763, 764, 765, 766, 767, 768, 769, 770, 771, 772, 773, 774, 775, 776, 777, 778, 779, 780, 781, 782, 783, 784, 785, 786, 787, 788, 789, 790, 791, 792, 793]","[105, 114, 138, 141, 152, 153, 154, 155, 157, 159, 164, 165, 176, 182, 191, 192, 194, 195, 196, 200, 204, 208, 209, 210, 211, 215, 226, 228, 241, 242, 243, 245, 248, 249, 250, 257, 261, 270, 271, 282, 287, 289, 291, 294, 296, 298, 306, 308, 309, 311, 314, 327, 333, 335, 337, 576, 585, 609, 612, 623, 624, 626, 627, 629, 631, 636, 637, 647, 653, 662, 663, 665, 666, 667, 671, 674, 678, 679, 680, 681, 690, 692, 705, 706, 707, 709, 711, 712, 713, 719, 721, 729, 730, 741, 746, 748, 750, 753, 755, 757, 764, 766, 767, 769, 772, 785, 791]",[],"[282, 741]","[103, 104, 105, 106, 107, 108, 109, 110, 111, 112, 113, 114, 115, 116, 117, 118, 119, 120, 121, 122, 123, 124, 125, 126, 127, 128, 129, 130, 131, 132, 133, 134, 135, 136, 137, 138, 139, 140, 141, 142, 143, 144, 145, 146, 147, 148, 149, 150, 151, 152, 153, 154, 155, 156, 157, 158, 159, 160, 161, 162, 163, 164, 165, 166, 167, 168, 169, 170, 171, 172, 173, 174, 175, 176, 177, 178, 179, 180, 181, 182, 183, 184, 185, 186, 187, 188, 189, 190, 191, 192, 193, 194, 195, 196, 197, 198, 199, 200, 201, 202, 203, 204, 205, 206, 207, 208, 209, 210, 211, 212, 213, 214, 215, 216, 217, 218, 219, 220, 221, 222, 223, 224, 225, 226, 227, 228, 229, 230, 231, 232, 233, 234, 235, 236, 237, 238, 239, 240, 241, 242, 243, 244, 245, 246, 247, 248, 249, 250, 251, 252, 253, 254, 255, 256, 257, 258, 259, 260, 261, 262, 263, 264, 265, 266, 267, 268, 269, 270, 271, 272, 273, 274, 275, 276, 277, 278, 279, 280, 281, 282, 283, 284, 285, 286, 287, 288, 289, 290, 291, 292, 293, 294, 295, 296, 297, 298, 299, 300, 301, 302, 303, 304, 305, 306, 307, 308, 309, 310, 311, 312, 313, 314, 315, 316, 317, 318, 319, 320, 321, 322, 323, 324, 325, 326, 327, 328, 329, 330, 331, 332, 333, 334, 335, 336, 337, 574, 575, 576, 577, 578, 579, 580, 581, 582, 583, 584, 585, 586, 587, 588, 589, 590, 591, 592, 593, 594, 595, 596, 597, 598, 599, 600, 601, 602, 603, 604, 605, 606, 607, 608, 609, 610, 611, 612, 613, 614, 615, 616, 617, 618, 619, 620, 621, 622, 623, 624, 625, 626, 627, 628, 629, 630, 631, 632, 633, 634, 635, 636, 637, 638, 639, 640, 641, 642, 643, 644, 645, 646, 647, 648, 649, 650, 651, 652, 653, 654, 655, 656, 657, 658, 659, 660, 661, 662, 663, 664, 665, 666, 667, 668, 669, 670, 671, 672, 673, 674, 675, 676, 677, 678, 679, 680, 681, 682, 683, 684, 685, 686, 687, 688, 689, 690, 691, 692, 693, 694, 695, 696, 697, 698, 699, 700, 701, 702, 703, 704, 705, 706, 707, 708, 709, 710, 711, 712, 713, 714, 715, 716, 717, 718, 719, 720, 721, 722, 723, 724, 725, 726, 727, 728, 729, 730, 731, 732, 733, 734, 735, 736, 737, 738, 739, 740, 741, 742, 743, 744, 745, 746, 747, 748, 749, 750, 751, 752, 753, 754, 755, 756, 757, 758, 759, 760, 761, 762, 763, 764, 765, 766, 767, 768, 769, 770, 771, 772, 773, 774, 775, 776, 777, 778, 779, 780, 781, 782, 783, 784, 785, 786, 787, 788, 789, 790, 791, 792, 793]",True,"[228, 282, 692, 741]","[103, 104, 105, 106, 107, 108, 109, 110, 111, 112, 113, 114, 115, 116, 117, 118, 119, 120, 121, 122, 123, 124, 125, 126, 127, 128, 129, 130, 131, 132, 133, 134, 135, 136, 137, 138, 139, 140, 141, 142, 143, 144, 145, 146, 147, 148, 149, 150, 151, 152, 153, 154, 155, 156, 157, 158, 159, 160, 161, 162, 163, 164, 165, 166, 167, 168, 169, 170, 171, 172, 173, 174, 175, 176, 177, 178, 179, 180, 181, 182, 183, 184, 185, 186, 187, 188, 189, 190, 191, 192, 193, 194, 195, 196, 197, 198, 199, 200, 201, 202, 203, 204, 205, 206, 207, 208, 209, 210, 211, 212, 213, 214, 215, 216, 217, 218, 219, 220, 221, 222, 223, 224, 225, 226, 227, 228, 229, 230, 231, 232, 233, 234, 235, 236, 237, 238, 239, 240, 241, 242, 243, 244, 245, 246, 247, 248, 249, 250, 251, 252, 253, 254, 255, 256, 257, 258, 259, 260, 261, 262, 263, 264, 265, 266, 267, 268, 269, 270, 271, 272, 273, 274, 275, 276, 277, 278, 279, 280, 281, 282, 283, 284, 285, 286, 287, 288, 289, 290, 291, 292, 293, 294, 295, 296, 297, 298, 299, 300, 301, 302, 303, 304, 305, 306, 307, 308, 309, 310, 311, 312, 313, 314, 315, 316, 317, 318, 319, 320, 321, 322, 323, 324, 325, 326, 327, 328, 329, 330, 331, 332, 333, 334, 335, 336, 337, 574, 575, 576, 577, 578, 579, 580, 581, 582, 583, 584, 585, 586, 587, 588, 589, 590, 591, 592, 593, 594, 595, 596, 597, 598, 599, 600, 601, 602, 603, 604, 605, 606, 607, 608, 609, 610, 611, 612, 613, 614, 615, 616, 617, 618, 619, 620, 621, 622, 623, 624, 625, 626, 627, 628, 629, 630, 631, 632, 633, 634, 635, 636, 637, 638, 639, 640, 641, 642, 643, 644, 645, 646, 647, 648, 649, 650, 651, 652, 653, 654, 655, 656, 657, 658, 659, 660, 661, 662, 663, 664, 665, 666, 667, 668, 669, 670, 671, 672, 673, 674, 675, 676, 677, 678, 679, 680, 681, 682, 683, 684, 685, 686, 687, 688, 689, 690, 691, 692, 693, 694, 695, 696, 697, 698, 699, 700, 701, 702, 703, 704, 705, 706, 707, 708, 709, 710, 711, 712, 713, 714, 715, 716, 717, 718, 719, 720, 721, 722, 723, 724, 725, 726, 727, 728, 729, 730, 731, 732, 733, 734, 735, 736, 737, 738, 739, 740, 741, 742, 743, 744, 745, 746, 747, 748, 749, 750, 751, 752, 753, 754, 755, 756, 757, 758, 759, 760, 761, 762, 763, 764, 765, 766, 767, 768, 769, 770, 771, 772, 773, 774, 775, 776, 777, 778, 779, 780, 781, 782, 783, 784, 785, 786, 787, 788, 789, 790, 791, 792, 793]","[228, 282, 692, 741]","[282, 741]","[105, 114, 138, 141, 152, 153, 154, 155, 157, 159, 164, 165, 176, 182, 191, 192, 194, 195, 196, 200, 204, 208, 209, 210, 211, 215, 226, 228, 241, 242, 243, 245, 248, 249, 250, 257, 261, 270, 271, 282, 287, 289, 291, 294, 296, 298, 306, 308, 309, 311, 314, 327, 333, 335, 337, 576, 585, 609, 612, 623, 624, 626, 627, 629, 631, 636, 637, 647, 653, 662, 663, 665, 666, 667, 671, 674, 678, 679, 680, 681, 690, 692, 705, 706, 707, 709, 711, 712, 713, 719, 721, 729, 730, 741, 746, 748, 750, 753, 755, 757, 764, 766, 767, 769, 772, 785, 791]","[282, 741]",[],7/6 successful match,True,[475],True,697,True,2016,0.17647058823529413,True,DeWitt Fuel ( W Stop jct ),
"Commerce , 90640 Unified Gas","5 323-726-1474 I-5 Exit 128B ( Washington , 5 blks E )",,Commerce,90640,Unified Gas,323-726-1474,2006,Montebello,CA,,"( Washington , 5 blks E )",I-5 Exit 128B ,Exit,128B,False,,False,I-5,,,,,[228],"[228, 282, 692, 741]","[143, 228, 282, 295, 614, 692, 741, 754]","[228, 692]","[103, 104, 105, 106, 107, 108, 109, 110, 111, 112, 113, 114, 115, 116, 117, 118, 119, 120, 121, 122, 123, 124, 125, 126, 127, 128, 129, 130, 131, 132, 133, 134, 135, 136, 137, 138, 139, 140, 141, 142, 143, 144, 145, 146, 147, 148, 149, 150, 151, 152, 153, 154, 155, 156, 157, 158, 159, 160, 161, 162, 163, 164, 165, 166, 167, 168, 169, 170, 171, 172, 173, 174, 175, 176, 177, 178, 179, 180, 181, 182, 183, 184, 185, 186, 187, 188, 189, 190, 191, 192, 193, 194, 195, 196, 197, 198, 199, 200, 201, 202, 203, 204, 205, 206, 207, 208, 209, 210, 211, 212, 213, 214, 215, 216, 217, 218, 219, 220, 221, 222, 223, 224, 225, 226, 227, 228, 229, 230, 231, 232, 233, 234, 235, 236, 237, 238, 239, 240, 241, 242, 243, 244, 245, 246, 247, 248, 249, 250, 251, 252, 253, 254, 255, 256, 257, 258, 259, 260, 261, 262, 263, 264, 265, 266, 267, 268, 269, 270, 271, 272, 273, 274, 275, 276, 277, 278, 279, 280, 281, 282, 283, 284, 285, 286, 287, 288, 289, 290, 291, 292, 293, 294, 295, 296, 297, 298, 299, 300, 301, 302, 303, 304, 305, 306, 307, 308, 309, 310, 311, 312, 313, 314, 315, 316, 317, 318, 319, 320, 321, 322, 323, 324, 325, 326, 327, 328, 329, 330, 331, 332, 333, 334, 335, 336, 337, 574, 575, 576, 577, 578, 579, 580, 581, 582, 583, 584, 585, 586, 587, 588, 589, 590, 591, 592, 593, 594, 595, 596, 597, 598, 599, 600, 601, 602, 603, 604, 605, 606, 607, 608, 609, 610, 611, 612, 613, 614, 615, 616, 617, 618, 619, 620, 621, 622, 623, 624, 625, 626, 627, 628, 629, 630, 631, 632, 633, 634, 635, 636, 637, 638, 639, 640, 641, 642, 643, 644, 645, 646, 647, 648, 649, 650, 651, 652, 653, 654, 655, 656, 657, 658, 659, 660, 661, 662, 663, 664, 665, 666, 667, 668, 669, 670, 671, 672, 673, 674, 675, 676, 677, 678, 679, 680, 681, 682, 683, 684, 685, 686, 687, 688, 689, 690, 691, 692, 693, 694, 695, 696, 697, 698, 699, 700, 701, 702, 703, 704, 705, 706, 707, 708, 709, 710, 711, 712, 713, 714, 715, 716, 717, 718, 719, 720, 721, 722, 723, 724, 725, 726, 727, 728, 729, 730, 731, 732, 733, 734, 735, 736, 737, 738, 739, 740, 741, 742, 743, 744, 745, 746, 747, 748, 749, 750, 751, 752, 753, 754, 755, 756, 757, 758, 759, 760, 761, 762, 763, 764, 765, 766, 767, 768, 769, 770, 771, 772, 773, 774, 775, 776, 777, 778, 779, 780, 781, 782, 783, 784, 785, 786, 787, 788, 789, 790, 791, 792, 793]","[105, 114, 138, 141, 152, 153, 154, 155, 157, 159, 164, 165, 176, 182, 191, 192, 194, 195, 196, 200, 204, 208, 209, 210, 211, 215, 226, 228, 241, 242, 243, 245, 248, 249, 250, 257, 261, 270, 271, 282, 287, 289, 291, 294, 296, 298, 306, 308, 309, 311, 314, 327, 333, 335, 337, 576, 585, 609, 612, 623, 624, 626, 627, 629, 631, 636, 637, 647, 653, 662, 663, 665, 666, 667, 671, 674, 678, 679, 680, 681, 690, 692, 705, 706, 707, 709, 711, 712, 713, 719, 721, 729, 730, 741, 746, 748, 750, 753, 755, 757, 764, 766, 767, 769, 772, 785, 791]",[],[],"[103, 104, 105, 106, 107, 108, 109, 110, 111, 112, 113, 114, 115, 116, 117, 118, 119, 120, 121, 122, 123, 124, 125, 126, 127, 128, 129, 130, 131, 132, 133, 134, 135, 136, 137, 138, 139, 140, 141, 142, 143, 144, 145, 146, 147, 148, 149, 150, 151, 152, 153, 154, 155, 156, 157, 158, 159, 160, 161, 162, 163, 164, 165, 166, 167, 168, 169, 170, 171, 172, 173, 174, 175, 176, 177, 178, 179, 180, 181, 182, 183, 184, 185, 186, 187, 188, 189, 190, 191, 192, 193, 194, 195, 196, 197, 198, 199, 200, 201, 202, 203, 204, 205, 206, 207, 208, 209, 210, 211, 212, 213, 214, 215, 216, 217, 218, 219, 220, 221, 222, 223, 224, 225, 226, 227, 228, 229, 230, 231, 232, 233, 234, 235, 236, 237, 238, 239, 240, 241, 242, 243, 244, 245, 246, 247, 248, 249, 250, 251, 252, 253, 254, 255, 256, 257, 258, 259, 260, 261, 262, 263, 264, 265, 266, 267, 268, 269, 270, 271, 272, 273, 274, 275, 276, 277, 278, 279, 280, 281, 282, 283, 284, 285, 286, 287, 288, 289, 290, 291, 292, 293, 294, 295, 296, 297, 298, 299, 300, 301, 302, 303, 304, 305, 306, 307, 308, 309, 310, 311, 312, 313, 314, 315, 316, 317, 318, 319, 320, 321, 322, 323, 324, 325, 326, 327, 328, 329, 330, 331, 332, 333, 334, 335, 336, 337, 574, 575, 576, 577, 578, 579, 580, 581, 582, 583, 584, 585, 586, 587, 588, 589, 590, 591, 592, 593, 594, 595, 596, 597, 598, 599, 600, 601, 602, 603, 604, 605, 606, 607, 608, 609, 610, 611, 612, 613, 614, 615, 616, 617, 618, 619, 620, 621, 622, 623, 624, 625, 626, 627, 628, 629, 630, 631, 632, 633, 634, 635, 636, 637, 638, 639, 640, 641, 642, 643, 644, 645, 646, 647, 648, 649, 650, 651, 652, 653, 654, 655, 656, 657, 658, 659, 660, 661, 662, 663, 664, 665, 666, 667, 668, 669, 670, 671, 672, 673, 674, 675, 676, 677, 678, 679, 680, 681, 682, 683, 684, 685, 686, 687, 688, 689, 690, 691, 692, 693, 694, 695, 696, 697, 698, 699, 700, 701, 702, 703, 704, 705, 706, 707, 708, 709, 710, 711, 712, 713, 714, 715, 716, 717, 718, 719, 720, 721, 722, 723, 724, 725, 726, 727, 728, 729, 730, 731, 732, 733, 734, 735, 736, 737, 738, 739, 740, 741, 742, 743, 744, 745, 746, 747, 748, 749, 750, 751, 752, 753, 754, 755, 756, 757, 758, 759, 760, 761, 762, 763, 764, 765, 766, 767, 768, 769, 770, 771, 772, 773, 774, 775, 776, 777, 778, 779, 780, 781, 782, 783, 784, 785, 786, 787, 788, 789, 790, 791, 792, 793]",True,"[228, 282, 692, 741]","[103, 104, 105, 106, 107, 108, 109, 110, 111, 112, 113, 114, 115, 116, 117, 118, 119, 120, 121, 122, 123, 124, 125, 126, 127, 128, 129, 130, 131, 132, 133, 134, 135, 136, 137, 138, 139, 140, 141, 142, 143, 144, 145, 146, 147, 148, 149, 150, 151, 152, 153, 154, 155, 156, 157, 158, 159, 160, 161, 162, 163, 164, 165, 166, 167, 168, 169, 170, 171, 172, 173, 174, 175, 176, 177, 178, 179, 180, 181, 182, 183, 184, 185, 186, 187, 188, 189, 190, 191, 192, 193, 194, 195, 196, 197, 198, 199, 200, 201, 202, 203, 204, 205, 206, 207, 208, 209, 210, 211, 212, 213, 214, 215, 216, 217, 218, 219, 220, 221, 222, 223, 224, 225, 226, 227, 228, 229, 230, 231, 232, 233, 234, 235, 236, 237, 238, 239, 240, 241, 242, 243, 244, 245, 246, 247, 248, 249, 250, 251, 252, 253, 254, 255, 256, 257, 258, 259, 260, 261, 262, 263, 264, 265, 266, 267, 268, 269, 270, 271, 272, 273, 274, 275, 276, 277, 278, 279, 280, 281, 282, 283, 284, 285, 286, 287, 288, 289, 290, 291, 292, 293, 294, 295, 296, 297, 298, 299, 300, 301, 302, 303, 304, 305, 306, 307, 308, 309, 310, 311, 312, 313, 314, 315, 316, 317, 318, 319, 320, 321, 322, 323, 324, 325, 326, 327, 328, 329, 330, 331, 332, 333, 334, 335, 336, 337, 574, 575, 576, 577, 578, 579, 580, 581, 582, 583, 584, 585, 586, 587, 588, 589, 590, 591, 592, 593, 594, 595, 596, 597, 598, 599, 600, 601, 602, 603, 604, 605, 606, 607, 608, 609, 610, 611, 612, 613, 614, 615, 616, 617, 618, 619, 620, 621, 622, 623, 624, 625, 626, 627, 628, 629, 630, 631, 632, 633, 634, 635, 636, 637, 638, 639, 640, 641, 642, 643, 644, 645, 646, 647, 648, 649, 650, 651, 652, 653, 654, 655, 656, 657, 658, 659, 660, 661, 662, 663, 664, 665, 666, 667, 668, 669, 670, 671, 672, 673, 674, 675, 676, 677, 678, 679, 680, 681, 682, 683, 684, 685, 686, 687, 688, 689, 690, 691, 692, 693, 694, 695, 696, 697, 698, 699, 700, 701, 702, 703, 704, 705, 706, 707, 708, 709, 710, 711, 712, 713, 714, 715, 716, 717, 718, 719, 720, 721, 722, 723, 724, 725, 726, 727, 728, 729, 730, 731, 732, 733, 734, 735, 736, 737, 738, 739, 740, 741, 742, 743, 744, 745, 746, 747, 748, 749, 750, 751, 752, 753, 754, 755, 756, 757, 758, 759, 760, 761, 762, 763, 764, 765, 766, 767, 768, 769, 770, 771, 772, 773, 774, 775, 776, 777, 778, 779, 780, 781, 782, 783, 784, 785, 786, 787, 788, 789, 790, 791, 792, 793]","[143, 228, 282, 295, 614, 692, 741, 754]","[228, 692]","[105, 114, 138, 141, 152, 153, 154, 155, 157, 159, 164, 165, 176, 182, 191, 192, 194, 195, 196, 200, 204, 208, 209, 210, 211, 215, 226, 228, 241, 242, 243, 245, 248, 249, 250, 257, 261, 270, 271, 282, 287, 289, 291, 294, 296, 298, 306, 308, 309, 311, 314, 327, 333, 335, 337, 576, 585, 609, 612, 623, 624, 626, 627, 629, 631, 636, 637, 647, 653, 662, 663, 665, 666, 667, 671, 674, 678, 679, 680, 681, 690, 692, 705, 706, 707, 709, 711, 712, 713, 719, 721, 729, 730, 741, 746, 748, 750, 753, 755, 757, 764, 766, 767, 769, 772, 785, 791]",[],[],7/6 successful match,True,,False,698,False,,,,,
"Commerce , 90640 Valero",323-726-1474 I-5 Exit 128 B ( E to 1436 W Washington ),),Commerce,90640,Valero,323-726-1474,2007,Montebello,CA,Valero,( E to 1436 W Washington ),I-5 Exit 128 B ,Exit,128,False,,False,I-5,,,,,[228],"[228, 282, 692, 741]","[143, 228, 282, 295, 614, 692, 741, 754]","[228, 692]","[103, 104, 105, 106, 107, 108, 109, 110, 111, 112, 113, 114, 115, 116, 117, 118, 119, 120, 121, 122, 123, 124, 125, 126, 127, 128, 129, 130, 131, 132, 133, 134, 135, 136, 137, 138, 139, 140, 141, 142, 143, 144, 145, 146, 147, 148, 149, 150, 151, 152, 153, 154, 155, 156, 157, 158, 159, 160, 161, 162, 163, 164, 165, 166, 167, 168, 169, 170, 171, 172, 173, 174, 175, 176, 177, 178, 179, 180, 181, 182, 183, 184, 185, 186, 187, 188, 189, 190, 191, 192, 193, 194, 195, 196, 197, 198, 199, 200, 201, 202, 203, 204, 205, 206, 207, 208, 209, 210, 211, 212, 213, 214, 215, 216, 217, 218, 219, 220, 221, 222, 223, 224, 225, 226, 227, 228, 229, 230, 231, 232, 233, 234, 235, 236, 237, 238, 239, 240, 241, 242, 243, 244, 245, 246, 247, 248, 249, 250, 251, 252, 253, 254, 255, 256, 257, 258, 259, 260, 261, 262, 263, 264, 265, 266, 267, 268, 269, 270, 271, 272, 273, 274, 275, 276, 277, 278, 279, 280, 281, 282, 283, 284, 285, 286, 287, 288, 289, 290, 291, 292, 293, 294, 295, 296, 297, 298, 299, 300, 301, 302, 303, 304, 305, 306, 307, 308, 309, 310, 311, 312, 313, 314, 315, 316, 317, 318, 319, 320, 321, 322, 323, 324, 325, 326, 327, 328, 329, 330, 331, 332, 333, 334, 335, 336, 337, 574, 575, 576, 577, 578, 579, 580, 581, 582, 583, 584, 585, 586, 587, 588, 589, 590, 591, 592, 593, 594, 595, 596, 597, 598, 599, 600, 601, 602, 603, 604, 605, 606, 607, 608, 609, 610, 611, 612, 613, 614, 615, 616, 617, 618, 619, 620, 621, 622, 623, 624, 625, 626, 627, 628, 629, 630, 631, 632, 633, 634, 635, 636, 637, 638, 639, 640, 641, 642, 643, 644, 645, 646, 647, 648, 649, 650, 651, 652, 653, 654, 655, 656, 657, 658, 659, 660, 661, 662, 663, 664, 665, 666, 667, 668, 669, 670, 671, 672, 673, 674, 675, 676, 677, 678, 679, 680, 681, 682, 683, 684, 685, 686, 687, 688, 689, 690, 691, 692, 693, 694, 695, 696, 697, 698, 699, 700, 701, 702, 703, 704, 705, 706, 707, 708, 709, 710, 711, 712, 713, 714, 715, 716, 717, 718, 719, 720, 721, 722, 723, 724, 725, 726, 727, 728, 729, 730, 731, 732, 733, 734, 735, 736, 737, 738, 739, 740, 741, 742, 743, 744, 745, 746, 747, 748, 749, 750, 751, 752, 753, 754, 755, 756, 757, 758, 759, 760, 761, 762, 763, 764, 765, 766, 767, 768, 769, 770, 771, 772, 773, 774, 775, 776, 777, 778, 779, 780, 781, 782, 783, 784, 785, 786, 787, 788, 789, 790, 791, 792, 793]","[105, 114, 138, 141, 152, 153, 154, 155, 157, 159, 164, 165, 176, 182, 191, 192, 194, 195, 196, 200, 204, 208, 209, 210, 211, 215, 226, 228, 241, 242, 243, 245, 248, 249, 250, 257, 261, 270, 271, 282, 287, 289, 291, 294, 296, 298, 306, 308, 309, 311, 314, 327, 333, 335, 337, 576, 585, 609, 612, 623, 624, 626, 627, 629, 631, 636, 637, 647, 653, 662, 663, 665, 666, 667, 671, 674, 678, 679, 680, 681, 690, 692, 705, 706, 707, 709, 711, 712, 713, 719, 721, 729, 730, 741, 746, 748, 750, 753, 755, 757, 764, 766, 767, 769, 772, 785, 791]","[2, 9, 10, 82, 111, 112, 113, 199, 279, 284, 285, 300, 488, 494, 495, 553, 581, 582, 583, 670, 738, 743, 744, 759, 818]","[2, 9, 10, 82, 111, 112, 113, 199, 279, 284, 285, 300, 488, 494, 495, 553, 581, 582, 583, 670, 738, 743, 744, 759, 818]","[2, 9, 10, 82, 103, 104, 105, 106, 107, 108, 109, 110, 111, 112, 113, 114, 115, 116, 117, 118, 119, 120, 121, 122, 123, 124, 125, 126, 127, 128, 129, 130, 131, 132, 133, 134, 135, 136, 137, 138, 139, 140, 141, 142, 143, 144, 145, 146, 147, 148, 149, 150, 151, 152, 153, 154, 155, 156, 157, 158, 159, 160, 161, 162, 163, 164, 165, 166, 167, 168, 169, 170, 171, 172, 173, 174, 175, 176, 177, 178, 179, 180, 181, 182, 183, 184, 185, 186, 187, 188, 189, 190, 191, 192, 193, 194, 195, 196, 197, 198, 199, 200, 201, 202, 203, 204, 205, 206, 207, 208, 209, 210, 211, 212, 213, 214, 215, 216, 217, 218, 219, 220, 221, 222, 223, 224, 225, 226, 227, 228, 229, 230, 231, 232, 233, 234, 235, 236, 237, 238, 239, 240, 241, 242, 243, 244, 245, 246, 247, 248, 249, 250, 251, 252, 253, 254, 255, 256, 257, 258, 259, 260, 261, 262, 263, 264, 265, 266, 267, 268, 269, 270, 271, 272, 273, 274, 275, 276, 277, 278, 279, 280, 281, 282, 283, 284, 285, 286, 287, 288, 289, 290, 291, 292, 293, 294, 295, 296, 297, 298, 299, 300, 301, 302, 303, 304, 305, 306, 307, 308, 309, 310, 311, 312, 313, 314, 315, 316, 317, 318, 319, 320, 321, 322, 323, 324, 325, 326, 327, 328, 329, 330, 331, 332, 333, 334, 335, 336, 337, 488, 494, 495, 553, 574, 575, 576, 577, 578, 579, 580, 581, 582, 583, 584, 585, 586, 587, 588, 589, 590, 591, 592, 593, 594, 595, 596, 597, 598, 599, 600, 601, 602, 603, 604, 605, 606, 607, 608, 609, 610, 611, 612, 613, 614, 615, 616, 617, 618, 619, 620, 621, 622, 623, 624, 625, 626, 627, 628, 629, 630, 631, 632, 633, 634, 635, 636, 637, 638, 639, 640, 641, 642, 643, 644, 645, 646, 647, 648, 649, 650, 651, 652, 653, 654, 655, 656, 657, 658, 659, 660, 661, 662, 663, 664, 665, 666, 667, 668, 669, 670, 671, 672, 673, 674, 675, 676, 677, 678, 679, 680, 681, 682, 683, 684, 685, 686, 687, 688, 689, 690, 691, 692, 693, 694, 695, 696, 697, 698, 699, 700, 701, 702, 703, 704, 705, 706, 707, 708, 709, 710, 711, 712, 713, 714, 715, 716, 717, 718, 719, 720, 721, 722, 723, 724, 725, 726, 727, 728, 729, 730, 731, 732, 733, 734, 735, 736, 737, 738, 739, 740, 741, 742, 743, 744, 745, 746, 747, 748, 749, 750, 751, 752, 753, 754, 755, 756, 757, 758, 759, 760, 761, 762, 763, 764, 765, 766, 767, 768, 769, 770, 771, 772, 773, 774, 775, 776, 777, 778, 779, 780, 781, 782, 783, 784, 785, 786, 787, 788, 789, 790, 791, 792, 793, 818]",True,"[228, 282, 692, 741]","[103, 104, 105, 106, 107, 108, 109, 110, 111, 112, 113, 114, 115, 116, 117, 118, 119, 120, 121, 122, 123, 124, 125, 126, 127, 128, 129, 130, 131, 132, 133, 134, 135, 136, 137, 138, 139, 140, 141, 142, 143, 144, 145, 146, 147, 148, 149, 150, 151, 152, 153, 154, 155, 156, 157, 158, 159, 160, 161, 162, 163, 164, 165, 166, 167, 168, 169, 170, 171, 172, 173, 174, 175, 176, 177, 178, 179, 180, 181, 182, 183, 184, 185, 186, 187, 188, 189, 190, 191, 192, 193, 194, 195, 196, 197, 198, 199, 200, 201, 202, 203, 204, 205, 206, 207, 208, 209, 210, 211, 212, 213, 214, 215, 216, 217, 218, 219, 220, 221, 222, 223, 224, 225, 226, 227, 228, 229, 230, 231, 232, 233, 234, 235, 236, 237, 238, 239, 240, 241, 242, 243, 244, 245, 246, 247, 248, 249, 250, 251, 252, 253, 254, 255, 256, 257, 258, 259, 260, 261, 262, 263, 264, 265, 266, 267, 268, 269, 270, 271, 272, 273, 274, 275, 276, 277, 278, 279, 280, 281, 282, 283, 284, 285, 286, 287, 288, 289, 290, 291, 292, 293, 294, 295, 296, 297, 298, 299, 300, 301, 302, 303, 304, 305, 306, 307, 308, 309, 310, 311, 312, 313, 314, 315, 316, 317, 318, 319, 320, 321, 322, 323, 324, 325, 326, 327, 328, 329, 330, 331, 332, 333, 334, 335, 336, 337, 574, 575, 576, 577, 578, 579, 580, 581, 582, 583, 584, 585, 586, 587, 588, 589, 590, 591, 592, 593, 594, 595, 596, 597, 598, 599, 600, 601, 602, 603, 604, 605, 606, 607, 608, 609, 610, 611, 612, 613, 614, 615, 616, 617, 618, 619, 620, 621, 622, 623, 624, 625, 626, 627, 628, 629, 630, 631, 632, 633, 634, 635, 636, 637, 638, 639, 640, 641, 642, 643, 644, 645, 646, 647, 648, 649, 650, 651, 652, 653, 654, 655, 656, 657, 658, 659, 660, 661, 662, 663, 664, 665, 666, 667, 668, 669, 670, 671, 672, 673, 674, 675, 676, 677, 678, 679, 680, 681, 682, 683, 684, 685, 686, 687, 688, 689, 690, 691, 692, 693, 694, 695, 696, 697, 698, 699, 700, 701, 702, 703, 704, 705, 706, 707, 708, 709, 710, 711, 712, 713, 714, 715, 716, 717, 718, 719, 720, 721, 722, 723, 724, 725, 726, 727, 728, 729, 730, 731, 732, 733, 734, 735, 736, 737, 738, 739, 740, 741, 742, 743, 744, 745, 746, 747, 748, 749, 750, 751, 752, 753, 754, 755, 756, 757, 758, 759, 760, 761, 762, 763, 764, 765, 766, 767, 768, 769, 770, 771, 772, 773, 774, 775, 776, 777, 778, 779, 780, 781, 782, 783, 784, 785, 786, 787, 788, 789, 790, 791, 792, 793]","[143, 228, 282, 295, 614, 692, 741, 754]","[228, 692]","[105, 114, 138, 141, 152, 153, 154, 155, 157, 159, 164, 165, 176, 182, 191, 192, 194, 195, 196, 200, 204, 208, 209, 210, 211, 215, 226, 228, 241, 242, 243, 245, 248, 249, 250, 257, 261, 270, 271, 282, 287, 289, 291, 294, 296, 298, 306, 308, 309, 311, 314, 327, 333, 335, 337, 576, 585, 609, 612, 623, 624, 626, 627, 629, 631, 636, 637, 647, 653, 662, 663, 665, 666, 667, 671, 674, 678, 679, 680, 681, 690, 692, 705, 706, 707, 709, 711, 712, 713, 719, 721, 729, 730, 741, 746, 748, 750, 753, 755, 757, 764, 766, 767, 769, 772, 785, 791]","[2, 9, 10, 82, 111, 112, 113, 199, 279, 284, 285, 300, 488, 494, 495, 553, 581, 582, 583, 670, 738, 743, 744, 759, 818]","[2, 9, 10, 82, 111, 112, 113, 199, 279, 284, 285, 300, 488, 494, 495, 553, 581, 582, 583, 670, 738, 743, 744, 759, 818]",5/6 successful match,True,,False,698,True,2007,0.058823529411764705,True,Unified Gas,
"Commerce , 90640 Valero",5 323-726-1474 I-5 Exit 128 B ( E to 1436 W Washington ),) 24 HRS 00,Commerce,90640,Valero,323-726-1474,2008,Montebello,CA,Valero,( E to 1436 W Washington ),I-5 Exit 128 B ,Exit,128,False,,False,I-5,,,,,[228],"[228, 282, 692, 741]","[143, 228, 282, 295, 614, 692, 741, 754]","[228, 692]","[103, 104, 105, 106, 107, 108, 109, 110, 111, 112, 113, 114, 115, 116, 117, 118, 119, 120, 121, 122, 123, 124, 125, 126, 127, 128, 129, 130, 131, 132, 133, 134, 135, 136, 137, 138, 139, 140, 141, 142, 143, 144, 145, 146, 147, 148, 149, 150, 151, 152, 153, 154, 155, 156, 157, 158, 159, 160, 161, 162, 163, 164, 165, 166, 167, 168, 169, 170, 171, 172, 173, 174, 175, 176, 177, 178, 179, 180, 181, 182, 183, 184, 185, 186, 187, 188, 189, 190, 191, 192, 193, 194, 195, 196, 197, 198, 199, 200, 201, 202, 203, 204, 205, 206, 207, 208, 209, 210, 211, 212, 213, 214, 215, 216, 217, 218, 219, 220, 221, 222, 223, 224, 225, 226, 227, 228, 229, 230, 231, 232, 233, 234, 235, 236, 237, 238, 239, 240, 241, 242, 243, 244, 245, 246, 247, 248, 249, 250, 251, 252, 253, 254, 255, 256, 257, 258, 259, 260, 261, 262, 263, 264, 265, 266, 267, 268, 269, 270, 271, 272, 273, 274, 275, 276, 277, 278, 279, 280, 281, 282, 283, 284, 285, 286, 287, 288, 289, 290, 291, 292, 293, 294, 295, 296, 297, 298, 299, 300, 301, 302, 303, 304, 305, 306, 307, 308, 309, 310, 311, 312, 313, 314, 315, 316, 317, 318, 319, 320, 321, 322, 323, 324, 325, 326, 327, 328, 329, 330, 331, 332, 333, 334, 335, 336, 337, 574, 575, 576, 577, 578, 579, 580, 581, 582, 583, 584, 585, 586, 587, 588, 589, 590, 591, 592, 593, 594, 595, 596, 597, 598, 599, 600, 601, 602, 603, 604, 605, 606, 607, 608, 609, 610, 611, 612, 613, 614, 615, 616, 617, 618, 619, 620, 621, 622, 623, 624, 625, 626, 627, 628, 629, 630, 631, 632, 633, 634, 635, 636, 637, 638, 639, 640, 641, 642, 643, 644, 645, 646, 647, 648, 649, 650, 651, 652, 653, 654, 655, 656, 657, 658, 659, 660, 661, 662, 663, 664, 665, 666, 667, 668, 669, 670, 671, 672, 673, 674, 675, 676, 677, 678, 679, 680, 681, 682, 683, 684, 685, 686, 687, 688, 689, 690, 691, 692, 693, 694, 695, 696, 697, 698, 699, 700, 701, 702, 703, 704, 705, 706, 707, 708, 709, 710, 711, 712, 713, 714, 715, 716, 717, 718, 719, 720, 721, 722, 723, 724, 725, 726, 727, 728, 729, 730, 731, 732, 733, 734, 735, 736, 737, 738, 739, 740, 741, 742, 743, 744, 745, 746, 747, 748, 749, 750, 751, 752, 753, 754, 755, 756, 757, 758, 759, 760, 761, 762, 763, 764, 765, 766, 767, 768, 769, 770, 771, 772, 773, 774, 775, 776, 777, 778, 779, 780, 781, 782, 783, 784, 785, 786, 787, 788, 789, 790, 791, 792, 793]","[105, 114, 138, 141, 152, 153, 154, 155, 157, 159, 164, 165, 176, 182, 191, 192, 194, 195, 196, 200, 204, 208, 209, 210, 211, 215, 226, 228, 241, 242, 243, 245, 248, 249, 250, 257, 261, 270, 271, 282, 287, 289, 291, 294, 296, 298, 306, 308, 309, 311, 314, 327, 333, 335, 337, 576, 585, 609, 612, 623, 624, 626, 627, 629, 631, 636, 637, 647, 653, 662, 663, 665, 666, 667, 671, 674, 678, 679, 680, 681, 690, 692, 705, 706, 707, 709, 711, 712, 713, 719, 721, 729, 730, 741, 746, 748, 750, 753, 755, 757, 764, 766, 767, 769, 772, 785, 791]","[2, 9, 10, 82, 111, 112, 113, 199, 279, 284, 285, 300, 488, 494, 495, 553, 581, 582, 583, 670, 738, 743, 744, 759, 818]","[2, 9, 10, 82, 111, 112, 113, 199, 279, 284, 285, 300, 488, 494, 495, 553, 581, 582, 583, 670, 738, 743, 744, 759, 818]","[2, 9, 10, 82, 103, 104, 105, 106, 107, 108, 109, 110, 111, 112, 113, 114, 115, 116, 117, 118, 119, 120, 121, 122, 123, 124, 125, 126, 127, 128, 129, 130, 131, 132, 133, 134, 135, 136, 137, 138, 139, 140, 141, 142, 143, 144, 145, 146, 147, 148, 149, 150, 151, 152, 153, 154, 155, 156, 157, 158, 159, 160, 161, 162, 163, 164, 165, 166, 167, 168, 169, 170, 171, 172, 173, 174, 175, 176, 177, 178, 179, 180, 181, 182, 183, 184, 185, 186, 187, 188, 189, 190, 191, 192, 193, 194, 195, 196, 197, 198, 199, 200, 201, 202, 203, 204, 205, 206, 207, 208, 209, 210, 211, 212, 213, 214, 215, 216, 217, 218, 219, 220, 221, 222, 223, 224, 225, 226, 227, 228, 229, 230, 231, 232, 233, 234, 235, 236, 237, 238, 239, 240, 241, 242, 243, 244, 245, 246, 247, 248, 249, 250, 251, 252, 253, 254, 255, 256, 257, 258, 259, 260, 261, 262, 263, 264, 265, 266, 267, 268, 269, 270, 271, 272, 273, 274, 275, 276, 277, 278, 279, 280, 281, 282, 283, 284, 285, 286, 287, 288, 289, 290, 291, 292, 293, 294, 295, 296, 297, 298, 299, 300, 301, 302, 303, 304, 305, 306, 307, 308, 309, 310, 311, 312, 313, 314, 315, 316, 317, 318, 319, 320, 321, 322, 323, 324, 325, 326, 327, 328, 329, 330, 331, 332, 333, 334, 335, 336, 337, 488, 494, 495, 553, 574, 575, 576, 577, 578, 579, 580, 581, 582, 583, 584, 585, 586, 587, 588, 589, 590, 591, 592, 593, 594, 595, 596, 597, 598, 599, 600, 601, 602, 603, 604, 605, 606, 607, 608, 609, 610, 611, 612, 613, 614, 615, 616, 617, 618, 619, 620, 621, 622, 623, 624, 625, 626, 627, 628, 629, 630, 631, 632, 633, 634, 635, 636, 637, 638, 639, 640, 641, 642, 643, 644, 645, 646, 647, 648, 649, 650, 651, 652, 653, 654, 655, 656, 657, 658, 659, 660, 661, 662, 663, 664, 665, 666, 667, 668, 669, 670, 671, 672, 673, 674, 675, 676, 677, 678, 679, 680, 681, 682, 683, 684, 685, 686, 687, 688, 689, 690, 691, 692, 693, 694, 695, 696, 697, 698, 699, 700, 701, 702, 703, 704, 705, 706, 707, 708, 709, 710, 711, 712, 713, 714, 715, 716, 717, 718, 719, 720, 721, 722, 723, 724, 725, 726, 727, 728, 729, 730, 731, 732, 733, 734, 735, 736, 737, 738, 739, 740, 741, 742, 743, 744, 745, 746, 747, 748, 749, 750, 751, 752, 753, 754, 755, 756, 757, 758, 759, 760, 761, 762, 763, 764, 765, 766, 767, 768, 769, 770, 771, 772, 773, 774, 775, 776, 777, 778, 779, 780, 781, 782, 783, 784, 785, 786, 787, 788, 789, 790, 791, 792, 793, 818]",True,"[228, 282, 692, 741]","[103, 104, 105, 106, 107, 108, 109, 110, 111, 112, 113, 114, 115, 116, 117, 118, 119, 120, 121, 122, 123, 124, 125, 126, 127, 128, 129, 130, 131, 132, 133, 134, 135, 136, 137, 138, 139, 140, 141, 142, 143, 144, 145, 146, 147, 148, 149, 150, 151, 152, 153, 154, 155, 156, 157, 158, 159, 160, 161, 162, 163, 164, 165, 166, 167, 168, 169, 170, 171, 172, 173, 174, 175, 176, 177, 178, 179, 180, 181, 182, 183, 184, 185, 186, 187, 188, 189, 190, 191, 192, 193, 194, 195, 196, 197, 198, 199, 200, 201, 202, 203, 204, 205, 206, 207, 208, 209, 210, 211, 212, 213, 214, 215, 216, 217, 218, 219, 220, 221, 222, 223, 224, 225, 226, 227, 228, 229, 230, 231, 232, 233, 234, 235, 236, 237, 238, 239, 240, 241, 242, 243, 244, 245, 246, 247, 248, 249, 250, 251, 252, 253, 254, 255, 256, 257, 258, 259, 260, 261, 262, 263, 264, 265, 266, 267, 268, 269, 270, 271, 272, 273, 274, 275, 276, 277, 278, 279, 280, 281, 282, 283, 284, 285, 286, 287, 288, 289, 290, 291, 292, 293, 294, 295, 296, 297, 298, 299, 300, 301, 302, 303, 304, 305, 306, 307, 308, 309, 310, 311, 312, 313, 314, 315, 316, 317, 318, 319, 320, 321, 322, 323, 324, 325, 326, 327, 328, 329, 330, 331, 332, 333, 334, 335, 336, 337, 574, 575, 576, 577, 578, 579, 580, 581, 582, 583, 584, 585, 586, 587, 588, 589, 590, 591, 592, 593, 594, 595, 596, 597, 598, 599, 600, 601, 602, 603, 604, 605, 606, 607, 608, 609, 610, 611, 612, 613, 614, 615, 616, 617, 618, 619, 620, 621, 622, 623, 624, 625, 626, 627, 628, 629, 630, 631, 632, 633, 634, 635, 636, 637, 638, 639, 640, 641, 642, 643, 644, 645, 646, 647, 648, 649, 650, 651, 652, 653, 654, 655, 656, 657, 658, 659, 660, 661, 662, 663, 664, 665, 666, 667, 668, 669, 670, 671, 672, 673, 674, 675, 676, 677, 678, 679, 680, 681, 682, 683, 684, 685, 686, 687, 688, 689, 690, 691, 692, 693, 694, 695, 696, 697, 698, 699, 700, 701, 702, 703, 704, 705, 706, 707, 708, 709, 710, 711, 712, 713, 714, 715, 716, 717, 718, 719, 720, 721, 722, 723, 724, 725, 726, 727, 728, 729, 730, 731, 732, 733, 734, 735, 736, 737, 738, 739, 740, 741, 742, 743, 744, 745, 746, 747, 748, 749, 750, 751, 752, 753, 754, 755, 756, 757, 758, 759, 760, 761, 762, 763, 764, 765, 766, 767, 768, 769, 770, 771, 772, 773, 774, 775, 776, 777, 778, 779, 780, 781, 782, 783, 784, 785, 786, 787, 788, 789, 790, 791, 792, 793]","[143, 228, 282, 295, 614, 692, 741, 754]","[228, 692]","[105, 114, 138, 141, 152, 153, 154, 155, 157, 159, 164, 165, 176, 182, 191, 192, 194, 195, 196, 200, 204, 208, 209, 210, 211, 215, 226, 228, 241, 242, 243, 245, 248, 249, 250, 257, 261, 270, 271, 282, 287, 289, 291, 294, 296, 298, 306, 308, 309, 311, 314, 327, 333, 335, 337, 576, 585, 609, 612, 623, 624, 626, 627, 629, 631, 636, 637, 647, 653, 662, 663, 665, 666, 667, 671, 674, 678, 679, 680, 681, 690, 692, 705, 706, 707, 709, 711, 712, 713, 719, 721, 729, 730, 741, 746, 748, 750, 753, 755, 757, 764, 766, 767, 769, 772, 785, 791]","[2, 9, 10, 82, 111, 112, 113, 199, 279, 284, 285, 300, 488, 494, 495, 553, 581, 582, 583, 670, 738, 743, 744, 759, 818]","[2, 9, 10, 82, 111, 112, 113, 199, 279, 284, 285, 300, 488, 494, 495, 553, 581, 582, 583, 670, 738, 743, 744, 759, 818]",5/6 successful match,True,,False,698,False,,0.8999999999999999,True,Valero,Valero
Montebello ( 90640 ) CAT Scale & Fuel,323-726-1474 I-5 Exit 128 B ( E to 1436 W Washington ),24 <U+2610> <U+2610> D,Montebello,90640,CAT Scale & Fuel,323-726-1474,2016,Montebello,CA,,( E to 1436 W Washington ),I-5 Exit 128 B ,Exit,128,False,,False,I-5,,,,,[228],"[228, 282, 692, 741]","[228, 282, 692, 741]","[228, 692]","[103, 104, 105, 106, 107, 108, 109, 110, 111, 112, 113, 114, 115, 116, 117, 118, 119, 120, 121, 122, 123, 124, 125, 126, 127, 128, 129, 130, 131, 132, 133, 134, 135, 136, 137, 138, 139, 140, 141, 142, 143, 144, 145, 146, 147, 148, 149, 150, 151, 152, 153, 154, 155, 156, 157, 158, 159, 160, 161, 162, 163, 164, 165, 166, 167, 168, 169, 170, 171, 172, 173, 174, 175, 176, 177, 178, 179, 180, 181, 182, 183, 184, 185, 186, 187, 188, 189, 190, 191, 192, 193, 194, 195, 196, 197, 198, 199, 200, 201, 202, 203, 204, 205, 206, 207, 208, 209, 210, 211, 212, 213, 214, 215, 216, 217, 218, 219, 220, 221, 222, 223, 224, 225, 226, 227, 228, 229, 230, 231, 232, 233, 234, 235, 236, 237, 238, 239, 240, 241, 242, 243, 244, 245, 246, 247, 248, 249, 250, 251, 252, 253, 254, 255, 256, 257, 258, 259, 260, 261, 262, 263, 264, 265, 266, 267, 268, 269, 270, 271, 272, 273, 274, 275, 276, 277, 278, 279, 280, 281, 282, 283, 284, 285, 286, 287, 288, 289, 290, 291, 292, 293, 294, 295, 296, 297, 298, 299, 300, 301, 302, 303, 304, 305, 306, 307, 308, 309, 310, 311, 312, 313, 314, 315, 316, 317, 318, 319, 320, 321, 322, 323, 324, 325, 326, 327, 328, 329, 330, 331, 332, 333, 334, 335, 336, 337, 574, 575, 576, 577, 578, 579, 580, 581, 582, 583, 584, 585, 586, 587, 588, 589, 590, 591, 592, 593, 594, 595, 596, 597, 598, 599, 600, 601, 602, 603, 604, 605, 606, 607, 608, 609, 610, 611, 612, 613, 614, 615, 616, 617, 618, 619, 620, 621, 622, 623, 624, 625, 626, 627, 628, 629, 630, 631, 632, 633, 634, 635, 636, 637, 638, 639, 640, 641, 642, 643, 644, 645, 646, 647, 648, 649, 650, 651, 652, 653, 654, 655, 656, 657, 658, 659, 660, 661, 662, 663, 664, 665, 666, 667, 668, 669, 670, 671, 672, 673, 674, 675, 676, 677, 678, 679, 680, 681, 682, 683, 684, 685, 686, 687, 688, 689, 690, 691, 692, 693, 694, 695, 696, 697, 698, 699, 700, 701, 702, 703, 704, 705, 706, 707, 708, 709, 710, 711, 712, 713, 714, 715, 716, 717, 718, 719, 720, 721, 722, 723, 724, 725, 726, 727, 728, 729, 730, 731, 732, 733, 734, 735, 736, 737, 738, 739, 740, 741, 742, 743, 744, 745, 746, 747, 748, 749, 750, 751, 752, 753, 754, 755, 756, 757, 758, 759, 760, 761, 762, 763, 764, 765, 766, 767, 768, 769, 770, 771, 772, 773, 774, 775, 776, 777, 778, 779, 780, 781, 782, 783, 784, 785, 786, 787, 788, 789, 790, 791, 792, 793]","[105, 114, 138, 141, 152, 153, 154, 155, 157, 159, 164, 165, 176, 182, 191, 192, 194, 195, 196, 200, 204, 208, 209, 210, 211, 215, 226, 228, 241, 242, 243, 245, 248, 249, 250, 257, 261, 270, 271, 282, 287, 289, 291, 294, 296, 298, 306, 308, 309, 311, 314, 327, 333, 335, 337, 576, 585, 609, 612, 623, 624, 626, 627, 629, 631, 636, 637, 647, 653, 662, 663, 665, 666, 667, 671, 674, 678, 679, 680, 681, 690, 692, 705, 706, 707, 709, 711, 712, 713, 719, 721, 729, 730, 741, 746, 748, 750, 753, 755, 757, 764, 766, 767, 769, 772, 785, 791]",[],"[228, 692]","[103, 104, 105, 106, 107, 108, 109, 110, 111, 112, 113, 114, 115, 116, 117, 118, 119, 120, 121, 122, 123, 124, 125, 126, 127, 128, 129, 130, 131, 132, 133, 134, 135, 136, 137, 138, 139, 140, 141, 142, 143, 144, 145, 146, 147, 148, 149, 150, 151, 152, 153, 154, 155, 156, 157, 158, 159, 160, 161, 162, 163, 164, 165, 166, 167, 168, 169, 170, 171, 172, 173, 174, 175, 176, 177, 178, 179, 180, 181, 182, 183, 184, 185, 186, 187, 188, 189, 190, 191, 192, 193, 194, 195, 196, 197, 198, 199, 200, 201, 202, 203, 204, 205, 206, 207, 208, 209, 210, 211, 212, 213, 214, 215, 216, 217, 218, 219, 220, 221, 222, 223, 224, 225, 226, 227, 228, 229, 230, 231, 232, 233, 234, 235, 236, 237, 238, 239, 240, 241, 242, 243, 244, 245, 246, 247, 248, 249, 250, 251, 252, 253, 254, 255, 256, 257, 258, 259, 260, 261, 262, 263, 264, 265, 266, 267, 268, 269, 270, 271, 272, 273, 274, 275, 276, 277, 278, 279, 280, 281, 282, 283, 284, 285, 286, 287, 288, 289, 290, 291, 292, 293, 294, 295, 296, 297, 298, 299, 300, 301, 302, 303, 304, 305, 306, 307, 308, 309, 310, 311, 312, 313, 314, 315, 316, 317, 318, 319, 320, 321, 322, 323, 324, 325, 326, 327, 328, 329, 330, 331, 332, 333, 334, 335, 336, 337, 574, 575, 576, 577, 578, 579, 580, 581, 582, 583, 584, 585, 586, 587, 588, 589, 590, 591, 592, 593, 594, 595, 596, 597, 598, 599, 600, 601, 602, 603, 604, 605, 606, 607, 608, 609, 610, 611, 612, 613, 614, 615, 616, 617, 618, 619, 620, 621, 622, 623, 624, 625, 626, 627, 628, 629, 630, 631, 632, 633, 634, 635, 636, 637, 638, 639, 640, 641, 642, 643, 644, 645, 646, 647, 648, 649, 650, 651, 652, 653, 654, 655, 656, 657, 658, 659, 660, 661, 662, 663, 664, 665, 666, 667, 668, 669, 670, 671, 672, 673, 674, 675, 676, 677, 678, 679, 680, 681, 682, 683, 684, 685, 686, 687, 688, 689, 690, 691, 692, 693, 694, 695, 696, 697, 698, 699, 700, 701, 702, 703, 704, 705, 706, 707, 708, 709, 710, 711, 712, 713, 714, 715, 716, 717, 718, 719, 720, 721, 722, 723, 724, 725, 726, 727, 728, 729, 730, 731, 732, 733, 734, 735, 736, 737, 738, 739, 740, 741, 742, 743, 744, 745, 746, 747, 748, 749, 750, 751, 752, 753, 754, 755, 756, 757, 758, 759, 760, 761, 762, 763, 764, 765, 766, 767, 768, 769, 770, 771, 772, 773, 774, 775, 776, 777, 778, 779, 780, 781, 782, 783, 784, 785, 786, 787, 788, 789, 790, 791, 792, 793]",True,"[228, 282, 692, 741]","[103, 104, 105, 106, 107, 108, 109, 110, 111, 112, 113, 114, 115, 116, 117, 118, 119, 120, 121, 122, 123, 124, 125, 126, 127, 128, 129, 130, 131, 132, 133, 134, 135, 136, 137, 138, 139, 140, 141, 142, 143, 144, 145, 146, 147, 148, 149, 150, 151, 152, 153, 154, 155, 156, 157, 158, 159, 160, 161, 162, 163, 164, 165, 166, 167, 168, 169, 170, 171, 172, 173, 174, 175, 176, 177, 178, 179, 180, 181, 182, 183, 184, 185, 186, 187, 188, 189, 190, 191, 192, 193, 194, 195, 196, 197, 198, 199, 200, 201, 202, 203, 204, 205, 206, 207, 208, 209, 210, 211, 212, 213, 214, 215, 216, 217, 218, 219, 220, 221, 222, 223, 224, 225, 226, 227, 228, 229, 230, 231, 232, 233, 234, 235, 236, 237, 238, 239, 240, 241, 242, 243, 244, 245, 246, 247, 248, 249, 250, 251, 252, 253, 254, 255, 256, 257, 258, 259, 260, 261, 262, 263, 264, 265, 266, 267, 268, 269, 270, 271, 272, 273, 274, 275, 276, 277, 278, 279, 280, 281, 282, 283, 284, 285, 286, 287, 288, 289, 290, 291, 292, 293, 294, 295, 296, 297, 298, 299, 300, 301, 302, 303, 304, 305, 306, 307, 308, 309, 310, 311, 312, 313, 314, 315, 316, 317, 318, 319, 320, 321, 322, 323, 324, 325, 326, 327, 328, 329, 330, 331, 332, 333, 334, 335, 336, 337, 574, 575, 576, 577, 578, 579, 580, 581, 582, 583, 584, 585, 586, 587, 588, 589, 590, 591, 592, 593, 594, 595, 596, 597, 598, 599, 600, 601, 602, 603, 604, 605, 606, 607, 608, 609, 610, 611, 612, 613, 614, 615, 616, 617, 618, 619, 620, 621, 622, 623, 624, 625, 626, 627, 628, 629, 630, 631, 632, 633, 634, 635, 636, 637, 638, 639, 640, 641, 642, 643, 644, 645, 646, 647, 648, 649, 650, 651, 652, 653, 654, 655, 656, 657, 658, 659, 660, 661, 662, 663, 664, 665, 666, 667, 668, 669, 670, 671, 672, 673, 674, 675, 676, 677, 678, 679, 680, 681, 682, 683, 684, 685, 686, 687, 688, 689, 690, 691, 692, 693, 694, 695, 696, 697, 698, 699, 700, 701, 702, 703, 704, 705, 706, 707, 708, 709, 710, 711, 712, 713, 714, 715, 716, 717, 718, 719, 720, 721, 722, 723, 724, 725, 726, 727, 728, 729, 730, 731, 732, 733, 734, 735, 736, 737, 738, 739, 740, 741, 742, 743, 744, 745, 746, 747, 748, 749, 750, 751, 752, 753, 754, 755, 756, 757, 758, 759, 760, 761, 762, 763, 764, 765, 766, 767, 768, 769, 770, 771, 772, 773, 774, 775, 776, 777, 778, 779, 780, 781, 782, 783, 784, 785, 786, 787, 788, 789, 790, 791, 792, 793]","[228, 282, 692, 741]","[228, 692]","[105, 114, 138, 141, 152, 153, 154, 155, 157, 159, 164, 165, 176, 182, 191, 192, 194, 195, 196, 200, 204, 208, 209, 210, 211, 215, 226, 228, 241, 242, 243, 245, 248, 249, 250, 257, 261, 270, 271, 282, 287, 289, 291, 294, 296, 298, 306, 308, 309, 311, 314, 327, 333, 335, 337, 576, 585, 609, 612, 623, 624, 626, 627, 629, 631, 636, 637, 647, 653, 662, 663, 665, 666, 667, 671, 674, 678, 679, 680, 681, 690, 692, 705, 706, 707, 709, 711, 712, 713, 719, 721, 729, 730, 741, 746, 748, 750, 753, 755, 757, 764, 766, 767, 769, 772, 785, 791]","[228, 692]",[],7/6 successful match,True,,False,699,False,,,,,
"C Montebello , 90640 AMF Distributors","323-887-7000 I-5 Exit 126B ( Slausen E , N on Chapin )",) HR $ -,Montebello,90640,AMF Distributors,323-887-7000,2006,Montebello,CA,,"( Slausen E , N on Chapin )",I-5 Exit 126B ,Exit,126B,False,,False,I-5,,,,,[],"[228, 282, 692, 741]","[228, 282, 692, 741]","[282, 741]","[103, 104, 105, 106, 107, 108, 109, 110, 111, 112, 113, 114, 115, 116, 117, 118, 119, 120, 121, 122, 123, 124, 125, 126, 127, 128, 129, 130, 131, 132, 133, 134, 135, 136, 137, 138, 139, 140, 141, 142, 143, 144, 145, 146, 147, 148, 149, 150, 151, 152, 153, 154, 155, 156, 157, 158, 159, 160, 161, 162, 163, 164, 165, 166, 167, 168, 169, 170, 171, 172, 173, 174, 175, 176, 177, 178, 179, 180, 181, 182, 183, 184, 185, 186, 187, 188, 189, 190, 191, 192, 193, 194, 195, 196, 197, 198, 199, 200, 201, 202, 203, 204, 205, 206, 207, 208, 209, 210, 211, 212, 213, 214, 215, 216, 217, 218, 219, 220, 221, 222, 223, 224, 225, 226, 227, 228, 229, 230, 231, 232, 233, 234, 235, 236, 237, 238, 239, 240, 241, 242, 243, 244, 245, 246, 247, 248, 249, 250, 251, 252, 253, 254, 255, 256, 257, 258, 259, 260, 261, 262, 263, 264, 265, 266, 267, 268, 269, 270, 271, 272, 273, 274, 275, 276, 277, 278, 279, 280, 281, 282, 283, 284, 285, 286, 287, 288, 289, 290, 291, 292, 293, 294, 295, 296, 297, 298, 299, 300, 301, 302, 303, 304, 305, 306, 307, 308, 309, 310, 311, 312, 313, 314, 315, 316, 317, 318, 319, 320, 321, 322, 323, 324, 325, 326, 327, 328, 329, 330, 331, 332, 333, 334, 335, 336, 337, 574, 575, 576, 577, 578, 579, 580, 581, 582, 583, 584, 585, 586, 587, 588, 589, 590, 591, 592, 593, 594, 595, 596, 597, 598, 599, 600, 601, 602, 603, 604, 605, 606, 607, 608, 609, 610, 611, 612, 613, 614, 615, 616, 617, 618, 619, 620, 621, 622, 623, 624, 625, 626, 627, 628, 629, 630, 631, 632, 633, 634, 635, 636, 637, 638, 639, 640, 641, 642, 643, 644, 645, 646, 647, 648, 649, 650, 651, 652, 653, 654, 655, 656, 657, 658, 659, 660, 661, 662, 663, 664, 665, 666, 667, 668, 669, 670, 671, 672, 673, 674, 675, 676, 677, 678, 679, 680, 681, 682, 683, 684, 685, 686, 687, 688, 689, 690, 691, 692, 693, 694, 695, 696, 697, 698, 699, 700, 701, 702, 703, 704, 705, 706, 707, 708, 709, 710, 711, 712, 713, 714, 715, 716, 717, 718, 719, 720, 721, 722, 723, 724, 725, 726, 727, 728, 729, 730, 731, 732, 733, 734, 735, 736, 737, 738, 739, 740, 741, 742, 743, 744, 745, 746, 747, 748, 749, 750, 751, 752, 753, 754, 755, 756, 757, 758, 759, 760, 761, 762, 763, 764, 765, 766, 767, 768, 769, 770, 771, 772, 773, 774, 775, 776, 777, 778, 779, 780, 781, 782, 783, 784, 785, 786, 787, 788, 789, 790, 791, 792, 793]","[105, 114, 138, 141, 152, 153, 154, 155, 157, 159, 164, 165, 176, 182, 191, 192, 194, 195, 196, 200, 204, 208, 209, 210, 211, 215, 226, 228, 241, 242, 243, 245, 248, 249, 250, 257, 261, 270, 271, 282, 287, 289, 291, 294, 296, 298, 306, 308, 309, 311, 314, 327, 333, 335, 337, 576, 585, 609, 612, 623, 624, 626, 627, 629, 631, 636, 637, 647, 653, 662, 663, 665, 666, 667, 671, 674, 678, 679, 680, 681, 690, 692, 705, 706, 707, 709, 711, 712, 713, 719, 721, 729, 730, 741, 746, 748, 750, 753, 755, 757, 764, 766, 767, 769, 772, 785, 791]",[],[],"[103, 104, 105, 106, 107, 108, 109, 110, 111, 112, 113, 114, 115, 116, 117, 118, 119, 120, 121, 122, 123, 124, 125, 126, 127, 128, 129, 130, 131, 132, 133, 134, 135, 136, 137, 138, 139, 140, 141, 142, 143, 144, 145, 146, 147, 148, 149, 150, 151, 152, 153, 154, 155, 156, 157, 158, 159, 160, 161, 162, 163, 164, 165, 166, 167, 168, 169, 170, 171, 172, 173, 174, 175, 176, 177, 178, 179, 180, 181, 182, 183, 184, 185, 186, 187, 188, 189, 190, 191, 192, 193, 194, 195, 196, 197, 198, 199, 200, 201, 202, 203, 204, 205, 206, 207, 208, 209, 210, 211, 212, 213, 214, 215, 216, 217, 218, 219, 220, 221, 222, 223, 224, 225, 226, 227, 228, 229, 230, 231, 232, 233, 234, 235, 236, 237, 238, 239, 240, 241, 242, 243, 244, 245, 246, 247, 248, 249, 250, 251, 252, 253, 254, 255, 256, 257, 258, 259, 260, 261, 262, 263, 264, 265, 266, 267, 268, 269, 270, 271, 272, 273, 274, 275, 276, 277, 278, 279, 280, 281, 282, 283, 284, 285, 286, 287, 288, 289, 290, 291, 292, 293, 294, 295, 296, 297, 298, 299, 300, 301, 302, 303, 304, 305, 306, 307, 308, 309, 310, 311, 312, 313, 314, 315, 316, 317, 318, 319, 320, 321, 322, 323, 324, 325, 326, 327, 328, 329, 330, 331, 332, 333, 334, 335, 336, 337, 574, 575, 576, 577, 578, 579, 580, 581, 582, 583, 584, 585, 586, 587, 588, 589, 590, 591, 592, 593, 594, 595, 596, 597, 598, 599, 600, 601, 602, 603, 604, 605, 606, 607, 608, 609, 610, 611, 612, 613, 614, 615, 616, 617, 618, 619, 620, 621, 622, 623, 624, 625, 626, 627, 628, 629, 630, 631, 632, 633, 634, 635, 636, 637, 638, 639, 640, 641, 642, 643, 644, 645, 646, 647, 648, 649, 650, 651, 652, 653, 654, 655, 656, 657, 658, 659, 660, 661, 662, 663, 664, 665, 666, 667, 668, 669, 670, 671, 672, 673, 674, 675, 676, 677, 678, 679, 680, 681, 682, 683, 684, 685, 686, 687, 688, 689, 690, 691, 692, 693, 694, 695, 696, 697, 698, 699, 700, 701, 702, 703, 704, 705, 706, 707, 708, 709, 710, 711, 712, 713, 714, 715, 716, 717, 718, 719, 720, 721, 722, 723, 724, 725, 726, 727, 728, 729, 730, 731, 732, 733, 734, 735, 736, 737, 738, 739, 740, 741, 742, 743, 744, 745, 746, 747, 748, 749, 750, 751, 752, 753, 754, 755, 756, 757, 758, 759, 760, 761, 762, 763, 764, 765, 766, 767, 768, 769, 770, 771, 772, 773, 774, 775, 776, 777, 778, 779, 780, 781, 782, 783, 784, 785, 786, 787, 788, 789, 790, 791, 792, 793]",False,"[228, 282, 692, 741]","[103, 104, 105, 106, 107, 108, 109, 110, 111, 112, 113, 114, 115, 116, 117, 118, 119, 120, 121, 122, 123, 124, 125, 126, 127, 128, 129, 130, 131, 132, 133, 134, 135, 136, 137, 138, 139, 140, 141, 142, 143, 144, 145, 146, 147, 148, 149, 150, 151, 152, 153, 154, 155, 156, 157, 158, 159, 160, 161, 162, 163, 164, 165, 166, 167, 168, 169, 170, 171, 172, 173, 174, 175, 176, 177, 178, 179, 180, 181, 182, 183, 184, 185, 186, 187, 188, 189, 190, 191, 192, 193, 194, 195, 196, 197, 198, 199, 200, 201, 202, 203, 204, 205, 206, 207, 208, 209, 210, 211, 212, 213, 214, 215, 216, 217, 218, 219, 220, 221, 222, 223, 224, 225, 226, 227, 228, 229, 230, 231, 232, 233, 234, 235, 236, 237, 238, 239, 240, 241, 242, 243, 244, 245, 246, 247, 248, 249, 250, 251, 252, 253, 254, 255, 256, 257, 258, 259, 260, 261, 262, 263, 264, 265, 266, 267, 268, 269, 270, 271, 272, 273, 274, 275, 276, 277, 278, 279, 280, 281, 282, 283, 284, 285, 286, 287, 288, 289, 290, 291, 292, 293, 294, 295, 296, 297, 298, 299, 300, 301, 302, 303, 304, 305, 306, 307, 308, 309, 310, 311, 312, 313, 314, 315, 316, 317, 318, 319, 320, 321, 322, 323, 324, 325, 326, 327, 328, 329, 330, 331, 332, 333, 334, 335, 336, 337, 574, 575, 576, 577, 578, 579, 580, 581, 582, 583, 584, 585, 586, 587, 588, 589, 590, 591, 592, 593, 594, 595, 596, 597, 598, 599, 600, 601, 602, 603, 604, 605, 606, 607, 608, 609, 610, 611, 612, 613, 614, 615, 616, 617, 618, 619, 620, 621, 622, 623, 624, 625, 626, 627, 628, 629, 630, 631, 632, 633, 634, 635, 636, 637, 638, 639, 640, 641, 642, 643, 644, 645, 646, 647, 648, 649, 650, 651, 652, 653, 654, 655, 656, 657, 658, 659, 660, 661, 662, 663, 664, 665, 666, 667, 668, 669, 670, 671, 672, 673, 674, 675, 676, 677, 678, 679, 680, 681, 682, 683, 684, 685, 686, 687, 688, 689, 690, 691, 692, 693, 694, 695, 696, 697, 698, 699, 700, 701, 702, 703, 704, 705, 706, 707, 708, 709, 710, 711, 712, 713, 714, 715, 716, 717, 718, 719, 720, 721, 722, 723, 724, 725, 726, 727, 728, 729, 730, 731, 732, 733, 734, 735, 736, 737, 738, 739, 740, 741, 742, 743, 744, 745, 746, 747, 748, 749, 750, 751, 752, 753, 754, 755, 756, 757, 758, 759, 760, 761, 762, 763, 764, 765, 766, 767, 768, 769, 770, 771, 772, 773, 774, 775, 776, 777, 778, 779, 780, 781, 782, 783, 784, 785, 786, 787, 788, 789, 790, 791, 792, 793]","[228, 282, 692, 741]","[282, 741]","[105, 114, 138, 141, 152, 153, 154, 155, 157, 159, 164, 165, 176, 182, 191, 192, 194, 195, 196, 200, 204, 208, 209, 210, 211, 215, 226, 228, 241, 242, 243, 245, 248, 249, 250, 257, 261, 270, 271, 282, 287, 289, 291, 294, 296, 298, 306, 308, 309, 311, 314, 327, 333, 335, 337, 576, 585, 609, 612, 623, 624, 626, 627, 629, 631, 636, 637, 647, 653, 662, 663, 665, 666, 667, 671, 674, 678, 679, 680, 681, 690, 692, 705, 706, 707, 709, 711, 712, 713, 719, 721, 729, 730, 741, 746, 748, 750, 753, 755, 757, 764, 766, 767, 769, 772, 785, 791]",[],[],7/6 successful match,False,,False,700,False,,,,,
"C Montebello , 90640 AMF Distributors","323-887-7000 I-5 Exit 126 B ( Slausen E , N on",) HRS 24,Montebello,90640,AMF Distributors,323-887-7000,2007,Montebello,CA,,"( Slausen E , N on",I-5 Exit 126 B ,Exit,126,False,,False,I-5,,,,,[],"[228, 282, 692, 741]","[228, 282, 692, 741]","[282, 741]","[103, 104, 105, 106, 107, 108, 109, 110, 111, 112, 113, 114, 115, 116, 117, 118, 119, 120, 121, 122, 123, 124, 125, 126, 127, 128, 129, 130, 131, 132, 133, 134, 135, 136, 137, 138, 139, 140, 141, 142, 143, 144, 145, 146, 147, 148, 149, 150, 151, 152, 153, 154, 155, 156, 157, 158, 159, 160, 161, 162, 163, 164, 165, 166, 167, 168, 169, 170, 171, 172, 173, 174, 175, 176, 177, 178, 179, 180, 181, 182, 183, 184, 185, 186, 187, 188, 189, 190, 191, 192, 193, 194, 195, 196, 197, 198, 199, 200, 201, 202, 203, 204, 205, 206, 207, 208, 209, 210, 211, 212, 213, 214, 215, 216, 217, 218, 219, 220, 221, 222, 223, 224, 225, 226, 227, 228, 229, 230, 231, 232, 233, 234, 235, 236, 237, 238, 239, 240, 241, 242, 243, 244, 245, 246, 247, 248, 249, 250, 251, 252, 253, 254, 255, 256, 257, 258, 259, 260, 261, 262, 263, 264, 265, 266, 267, 268, 269, 270, 271, 272, 273, 274, 275, 276, 277, 278, 279, 280, 281, 282, 283, 284, 285, 286, 287, 288, 289, 290, 291, 292, 293, 294, 295, 296, 297, 298, 299, 300, 301, 302, 303, 304, 305, 306, 307, 308, 309, 310, 311, 312, 313, 314, 315, 316, 317, 318, 319, 320, 321, 322, 323, 324, 325, 326, 327, 328, 329, 330, 331, 332, 333, 334, 335, 336, 337, 574, 575, 576, 577, 578, 579, 580, 581, 582, 583, 584, 585, 586, 587, 588, 589, 590, 591, 592, 593, 594, 595, 596, 597, 598, 599, 600, 601, 602, 603, 604, 605, 606, 607, 608, 609, 610, 611, 612, 613, 614, 615, 616, 617, 618, 619, 620, 621, 622, 623, 624, 625, 626, 627, 628, 629, 630, 631, 632, 633, 634, 635, 636, 637, 638, 639, 640, 641, 642, 643, 644, 645, 646, 647, 648, 649, 650, 651, 652, 653, 654, 655, 656, 657, 658, 659, 660, 661, 662, 663, 664, 665, 666, 667, 668, 669, 670, 671, 672, 673, 674, 675, 676, 677, 678, 679, 680, 681, 682, 683, 684, 685, 686, 687, 688, 689, 690, 691, 692, 693, 694, 695, 696, 697, 698, 699, 700, 701, 702, 703, 704, 705, 706, 707, 708, 709, 710, 711, 712, 713, 714, 715, 716, 717, 718, 719, 720, 721, 722, 723, 724, 725, 726, 727, 728, 729, 730, 731, 732, 733, 734, 735, 736, 737, 738, 739, 740, 741, 742, 743, 744, 745, 746, 747, 748, 749, 750, 751, 752, 753, 754, 755, 756, 757, 758, 759, 760, 761, 762, 763, 764, 765, 766, 767, 768, 769, 770, 771, 772, 773, 774, 775, 776, 777, 778, 779, 780, 781, 782, 783, 784, 785, 786, 787, 788, 789, 790, 791, 792, 793]","[105, 114, 138, 141, 152, 153, 154, 155, 157, 159, 164, 165, 176, 182, 191, 192, 194, 195, 196, 200, 204, 208, 209, 210, 211, 215, 226, 228, 241, 242, 243, 245, 248, 249, 250, 257, 261, 270, 271, 282, 287, 289, 291, 294, 296, 298, 306, 308, 309, 311, 314, 327, 333, 335, 337, 576, 585, 609, 612, 623, 624, 626, 627, 629, 631, 636, 637, 647, 653, 662, 663, 665, 666, 667, 671, 674, 678, 679, 680, 681, 690, 692, 705, 706, 707, 709, 711, 712, 713, 719, 721, 729, 730, 741, 746, 748, 750, 753, 755, 757, 764, 766, 767, 769, 772, 785, 791]",[],[],"[103, 104, 105, 106, 107, 108, 109, 110, 111, 112, 113, 114, 115, 116, 117, 118, 119, 120, 121, 122, 123, 124, 125, 126, 127, 128, 129, 130, 131, 132, 133, 134, 135, 136, 137, 138, 139, 140, 141, 142, 143, 144, 145, 146, 147, 148, 149, 150, 151, 152, 153, 154, 155, 156, 157, 158, 159, 160, 161, 162, 163, 164, 165, 166, 167, 168, 169, 170, 171, 172, 173, 174, 175, 176, 177, 178, 179, 180, 181, 182, 183, 184, 185, 186, 187, 188, 189, 190, 191, 192, 193, 194, 195, 196, 197, 198, 199, 200, 201, 202, 203, 204, 205, 206, 207, 208, 209, 210, 211, 212, 213, 214, 215, 216, 217, 218, 219, 220, 221, 222, 223, 224, 225, 226, 227, 228, 229, 230, 231, 232, 233, 234, 235, 236, 237, 238, 239, 240, 241, 242, 243, 244, 245, 246, 247, 248, 249, 250, 251, 252, 253, 254, 255, 256, 257, 258, 259, 260, 261, 262, 263, 264, 265, 266, 267, 268, 269, 270, 271, 272, 273, 274, 275, 276, 277, 278, 279, 280, 281, 282, 283, 284, 285, 286, 287, 288, 289, 290, 291, 292, 293, 294, 295, 296, 297, 298, 299, 300, 301, 302, 303, 304, 305, 306, 307, 308, 309, 310, 311, 312, 313, 314, 315, 316, 317, 318, 319, 320, 321, 322, 323, 324, 325, 326, 327, 328, 329, 330, 331, 332, 333, 334, 335, 336, 337, 574, 575, 576, 577, 578, 579, 580, 581, 582, 583, 584, 585, 586, 587, 588, 589, 590, 591, 592, 593, 594, 595, 596, 597, 598, 599, 600, 601, 602, 603, 604, 605, 606, 607, 608, 609, 610, 611, 612, 613, 614, 615, 616, 617, 618, 619, 620, 621, 622, 623, 624, 625, 626, 627, 628, 629, 630, 631, 632, 633, 634, 635, 636, 637, 638, 639, 640, 641, 642, 643, 644, 645, 646, 647, 648, 649, 650, 651, 652, 653, 654, 655, 656, 657, 658, 659, 660, 661, 662, 663, 664, 665, 666, 667, 668, 669, 670, 671, 672, 673, 674, 675, 676, 677, 678, 679, 680, 681, 682, 683, 684, 685, 686, 687, 688, 689, 690, 691, 692, 693, 694, 695, 696, 697, 698, 699, 700, 701, 702, 703, 704, 705, 706, 707, 708, 709, 710, 711, 712, 713, 714, 715, 716, 717, 718, 719, 720, 721, 722, 723, 724, 725, 726, 727, 728, 729, 730, 731, 732, 733, 734, 735, 736, 737, 738, 739, 740, 741, 742, 743, 744, 745, 746, 747, 748, 749, 750, 751, 752, 753, 754, 755, 756, 757, 758, 759, 760, 761, 762, 763, 764, 765, 766, 767, 768, 769, 770, 771, 772, 773, 774, 775, 776, 777, 778, 779, 780, 781, 782, 783, 784, 785, 786, 787, 788, 789, 790, 791, 792, 793]",False,"[228, 282, 692, 741]","[103, 104, 105, 106, 107, 108, 109, 110, 111, 112, 113, 114, 115, 116, 117, 118, 119, 120, 121, 122, 123, 124, 125, 126, 127, 128, 129, 130, 131, 132, 133, 134, 135, 136, 137, 138, 139, 140, 141, 142, 143, 144, 145, 146, 147, 148, 149, 150, 151, 152, 153, 154, 155, 156, 157, 158, 159, 160, 161, 162, 163, 164, 165, 166, 167, 168, 169, 170, 171, 172, 173, 174, 175, 176, 177, 178, 179, 180, 181, 182, 183, 184, 185, 186, 187, 188, 189, 190, 191, 192, 193, 194, 195, 196, 197, 198, 199, 200, 201, 202, 203, 204, 205, 206, 207, 208, 209, 210, 211, 212, 213, 214, 215, 216, 217, 218, 219, 220, 221, 222, 223, 224, 225, 226, 227, 228, 229, 230, 231, 232, 233, 234, 235, 236, 237, 238, 239, 240, 241, 242, 243, 244, 245, 246, 247, 248, 249, 250, 251, 252, 253, 254, 255, 256, 257, 258, 259, 260, 261, 262, 263, 264, 265, 266, 267, 268, 269, 270, 271, 272, 273, 274, 275, 276, 277, 278, 279, 280, 281, 282, 283, 284, 285, 286, 287, 288, 289, 290, 291, 292, 293, 294, 295, 296, 297, 298, 299, 300, 301, 302, 303, 304, 305, 306, 307, 308, 309, 310, 311, 312, 313, 314, 315, 316, 317, 318, 319, 320, 321, 322, 323, 324, 325, 326, 327, 328, 329, 330, 331, 332, 333, 334, 335, 336, 337, 574, 575, 576, 577, 578, 579, 580, 581, 582, 583, 584, 585, 586, 587, 588, 589, 590, 591, 592, 593, 594, 595, 596, 597, 598, 599, 600, 601, 602, 603, 604, 605, 606, 607, 608, 609, 610, 611, 612, 613, 614, 615, 616, 617, 618, 619, 620, 621, 622, 623, 624, 625, 626, 627, 628, 629, 630, 631, 632, 633, 634, 635, 636, 637, 638, 639, 640, 641, 642, 643, 644, 645, 646, 647, 648, 649, 650, 651, 652, 653, 654, 655, 656, 657, 658, 659, 660, 661, 662, 663, 664, 665, 666, 667, 668, 669, 670, 671, 672, 673, 674, 675, 676, 677, 678, 679, 680, 681, 682, 683, 684, 685, 686, 687, 688, 689, 690, 691, 692, 693, 694, 695, 696, 697, 698, 699, 700, 701, 702, 703, 704, 705, 706, 707, 708, 709, 710, 711, 712, 713, 714, 715, 716, 717, 718, 719, 720, 721, 722, 723, 724, 725, 726, 727, 728, 729, 730, 731, 732, 733, 734, 735, 736, 737, 738, 739, 740, 741, 742, 743, 744, 745, 746, 747, 748, 749, 750, 751, 752, 753, 754, 755, 756, 757, 758, 759, 760, 761, 762, 763, 764, 765, 766, 767, 768, 769, 770, 771, 772, 773, 774, 775, 776, 777, 778, 779, 780, 781, 782, 783, 784, 785, 786, 787, 788, 789, 790, 791, 792, 793]","[228, 282, 692, 741]","[282, 741]","[105, 114, 138, 141, 152, 153, 154, 155, 157, 159, 164, 165, 176, 182, 191, 192, 194, 195, 196, 200, 204, 208, 209, 210, 211, 215, 226, 228, 241, 242, 243, 245, 248, 249, 250, 257, 261, 270, 271, 282, 287, 289, 291, 294, 296, 298, 306, 308, 309, 311, 314, 327, 333, 335, 337, 576, 585, 609, 612, 623, 624, 626, 627, 629, 631, 636, 637, 647, 653, 662, 663, 665, 666, 667, 671, 674, 678, 679, 680, 681, 690, 692, 705, 706, 707, 709, 711, 712, 713, 719, 721, 729, 730, 741, 746, 748, 750, 753, 755, 757, 764, 766, 767, 769, 772, 785, 791]",[],[],7/6 successful match,False,,False,700,False,,1.0,True,AMF Distributors,
"Long Beach , 90802 Port Petroleum ( Chevron )",562-437-0122 I-710 Ex 1 B SB ( Pico Ave ),) HRS 24,Long Beach,90802,Port Petroleum ( Chevron ),562-437-0122,2006,Long Beach,CA,Chevron,( Pico Ave ),I-710 Ex 1 B SB ,Exit,1,False,,False,I-710,,,,,[],[],"[58, 181, 233, 236, 304, 652, 697, 700, 762]","[19, 180, 181, 233, 255, 331, 341, 351, 449, 454, 503, 651, 652, 697, 708, 788, 797, 806, 857, 897, 901]","[103, 104, 105, 106, 107, 108, 109, 110, 111, 112, 113, 114, 115, 116, 117, 118, 119, 120, 121, 122, 123, 124, 125, 126, 127, 128, 129, 130, 131, 132, 133, 134, 135, 136, 137, 138, 139, 140, 141, 142, 143, 144, 145, 146, 147, 148, 149, 150, 151, 152, 153, 154, 155, 156, 157, 158, 159, 160, 161, 162, 163, 164, 165, 166, 167, 168, 169, 170, 171, 172, 173, 174, 175, 176, 177, 178, 179, 180, 181, 182, 183, 184, 185, 186, 187, 188, 189, 190, 191, 192, 193, 194, 195, 196, 197, 198, 199, 200, 201, 202, 203, 204, 205, 206, 207, 208, 209, 210, 211, 212, 213, 214, 215, 216, 217, 218, 219, 220, 221, 222, 223, 224, 225, 226, 227, 228, 229, 230, 231, 232, 233, 234, 235, 236, 237, 238, 239, 240, 241, 242, 243, 244, 245, 246, 247, 248, 249, 250, 251, 252, 253, 254, 255, 256, 257, 258, 259, 260, 261, 262, 263, 264, 265, 266, 267, 268, 269, 270, 271, 272, 273, 274, 275, 276, 277, 278, 279, 280, 281, 282, 283, 284, 285, 286, 287, 288, 289, 290, 291, 292, 293, 294, 295, 296, 297, 298, 299, 300, 301, 302, 303, 304, 305, 306, 307, 308, 309, 310, 311, 312, 313, 314, 315, 316, 317, 318, 319, 320, 321, 322, 323, 324, 325, 326, 327, 328, 329, 330, 331, 332, 333, 334, 335, 336, 337, 574, 575, 576, 577, 578, 579, 580, 581, 582, 583, 584, 585, 586, 587, 588, 589, 590, 591, 592, 593, 594, 595, 596, 597, 598, 599, 600, 601, 602, 603, 604, 605, 606, 607, 608, 609, 610, 611, 612, 613, 614, 615, 616, 617, 618, 619, 620, 621, 622, 623, 624, 625, 626, 627, 628, 629, 630, 631, 632, 633, 634, 635, 636, 637, 638, 639, 640, 641, 642, 643, 644, 645, 646, 647, 648, 649, 650, 651, 652, 653, 654, 655, 656, 657, 658, 659, 660, 661, 662, 663, 664, 665, 666, 667, 668, 669, 670, 671, 672, 673, 674, 675, 676, 677, 678, 679, 680, 681, 682, 683, 684, 685, 686, 687, 688, 689, 690, 691, 692, 693, 694, 695, 696, 697, 698, 699, 700, 701, 702, 703, 704, 705, 706, 707, 708, 709, 710, 711, 712, 713, 714, 715, 716, 717, 718, 719, 720, 721, 722, 723, 724, 725, 726, 727, 728, 729, 730, 731, 732, 733, 734, 735, 736, 737, 738, 739, 740, 741, 742, 743, 744, 745, 746, 747, 748, 749, 750, 751, 752, 753, 754, 755, 756, 757, 758, 759, 760, 761, 762, 763, 764, 765, 766, 767, 768, 769, 770, 771, 772, 773, 774, 775, 776, 777, 778, 779, 780, 781, 782, 783, 784, 785, 786, 787, 788, 789, 790, 791, 792, 793]","[143, 145, 181, 233, 234, 236, 295, 330, 614, 616, 652, 697, 698, 700, 754, 787]","[12, 24, 25, 28, 88, 100, 104, 119, 123, 129, 136, 137, 139, 140, 141, 148, 155, 169, 172, 179, 183, 185, 188, 196, 198, 217, 237, 267, 270, 278, 319, 321, 324, 325, 330, 334, 335, 354, 366, 369, 380, 383, 384, 386, 395, 407, 411, 423, 428, 436, 437, 452, 453, 456, 467, 471, 477, 478, 479, 497, 508, 511, 559, 571, 575, 590, 594, 600, 607, 608, 610, 611, 612, 619, 627, 640, 643, 650, 654, 656, 659, 667, 669, 685, 701, 726, 729, 737, 777, 779, 782, 783, 787, 790, 791, 809, 817, 819, 830, 833, 834, 836, 845, 856, 857, 860, 862, 875, 880, 887, 888, 899, 900, 914, 918, 921, 928, 929, 930]","[12, 24, 25, 28, 88, 100, 104, 119, 123, 129, 136, 137, 139, 140, 141, 148, 155, 169, 172, 176, 177, 179, 183, 185, 188, 196, 198, 217, 237, 267, 270, 278, 319, 321, 324, 325, 330, 332, 334, 335, 354, 366, 369, 380, 383, 384, 386, 395, 407, 411, 423, 428, 436, 437, 452, 453, 456, 467, 471, 477, 478, 479, 483, 484, 497, 508, 511, 559, 571, 575, 590, 594, 600, 607, 608, 610, 611, 612, 619, 627, 640, 643, 647, 648, 650, 654, 656, 659, 667, 669, 685, 701, 726, 729, 737, 777, 779, 782, 783, 787, 789, 790, 791, 809, 817, 819, 830, 833, 834, 836, 845, 856, 857, 860, 862, 875, 880, 887, 888, 899, 900, 914, 918, 921, 927, 928, 929, 930, 934, 935]","[12, 19, 24, 25, 28, 58, 88, 100, 103, 104, 105, 106, 107, 108, 109, 110, 111, 112, 113, 114, 115, 116, 117, 118, 119, 120, 121, 122, 123, 124, 125, 126, 127, 128, 129, 130, 131, 132, 133, 134, 135, 136, 137, 138, 139, 140, 141, 142, 143, 144, 145, 146, 147, 148, 149, 150, 151, 152, 153, 154, 155, 156, 157, 158, 159, 160, 161, 162, 163, 164, 165, 166, 167, 168, 169, 170, 171, 172, 173, 174, 175, 176, 177, 178, 179, 180, 181, 182, 183, 184, 185, 186, 187, 188, 189, 190, 191, 192, 193, 194, 195, 196, 197, 198, 199, 200, 201, 202, 203, 204, 205, 206, 207, 208, 209, 210, 211, 212, 213, 214, 215, 216, 217, 218, 219, 220, 221, 222, 223, 224, 225, 226, 227, 228, 229, 230, 231, 232, 233, 234, 235, 236, 237, 238, 239, 240, 241, 242, 243, 244, 245, 246, 247, 248, 249, 250, 251, 252, 253, 254, 255, 256, 257, 258, 259, 260, 261, 262, 263, 264, 265, 266, 267, 268, 269, 270, 271, 272, 273, 274, 275, 276, 277, 278, 279, 280, 281, 282, 283, 284, 285, 286, 287, 288, 289, 290, 291, 292, 293, 294, 295, 296, 297, 298, 299, 300, 301, 302, 303, 304, 305, 306, 307, 308, 309, 310, 311, 312, 313, 314, 315, 316, 317, 318, 319, 320, 321, 322, 323, 324, 325, 326, 327, 328, 329, 330, 331, 332, 333, 334, 335, 336, 337, 341, 351, 354, 366, 369, 380, 383, 384, 386, 395, 407, 411, 423, 428, 436, 437, 449, 452, 453, 454, 456, 467, 471, 477, 478, 479, 483, 484, 497, 503, 508, 511, 559, 571, 574, 575, 576, 577, 578, 579, 580, 581, 582, 583, 584, 585, 586, 587, 588, 589, 590, 591, 592, 593, 594, 595, 596, 597, 598, 599, 600, 601, 602, 603, 604, 605, 606, 607, 608, 609, 610, 611, 612, 613, 614, 615, 616, 617, 618, 619, 620, 621, 622, 623, 624, 625, 626, 627, 628, 629, 630, 631, 632, 633, 634, 635, 636, 637, 638, 639, 640, 641, 642, 643, 644, 645, 646, 647, 648, 649, 650, 651, 652, 653, 654, 655, 656, 657, 658, 659, 660, 661, 662, 663, 664, 665, 666, 667, 668, 669, 670, 671, 672, 673, 674, 675, 676, 677, 678, 679, 680, 681, 682, 683, 684, 685, 686, 687, 688, 689, 690, 691, 692, 693, 694, 695, 696, 697, 698, 699, 700, 701, 702, 703, 704, 705, 706, 707, 708, 709, 710, 711, 712, 713, 714, 715, 716, 717, 718, 719, 720, 721, 722, 723, 724, 725, 726, 727, 728, 729, 730, 731, 732, 733, 734, 735, 736, 737, 738, 739, 740, 741, 742, 743, 744, 745, 746, 747, 748, 749, 750, 751, 752, 753, 754, 755, 756, 757, 758, 759, 760, 761, 762, 763, 764, 765, 766, 767, 768, 769, 770, 771, 772, 773, 774, 775, 776, 777, 778, 779, 780, 781, 782, 783, 784, 785, 786, 787, 788, 789, 790, 791, 792, 793, 797, 806, 809, 817, 819, 830, 833, 834, 836, 845, 856, 857, 860, 862, 875, 880, 887, 888, 897, 899, 900, 901, 914, 918, 921, 927, 928, 929, 930, 934, 935]",False,[],"[103, 104, 105, 106, 107, 108, 109, 110, 111, 112, 113, 114, 115, 116, 117, 118, 119, 120, 121, 122, 123, 124, 125, 126, 127, 128, 129, 130, 131, 132, 133, 134, 135, 136, 137, 138, 139, 140, 141, 142, 143, 144, 145, 146, 147, 148, 149, 150, 151, 152, 153, 154, 155, 156, 157, 158, 159, 160, 161, 162, 163, 164, 165, 166, 167, 168, 169, 170, 171, 172, 173, 174, 175, 176, 177, 178, 179, 180, 181, 182, 183, 184, 185, 186, 187, 188, 189, 190, 191, 192, 193, 194, 195, 196, 197, 198, 199, 200, 201, 202, 203, 204, 205, 206, 207, 208, 209, 210, 211, 212, 213, 214, 215, 216, 217, 218, 219, 220, 221, 222, 223, 224, 225, 226, 227, 228, 229, 230, 231, 232, 233, 234, 235, 236, 237, 238, 239, 240, 241, 242, 243, 244, 245, 246, 247, 248, 249, 250, 251, 252, 253, 254, 255, 256, 257, 258, 259, 260, 261, 262, 263, 264, 265, 266, 267, 268, 269, 270, 271, 272, 273, 274, 275, 276, 277, 278, 279, 280, 281, 282, 283, 284, 285, 286, 287, 288, 289, 290, 291, 292, 293, 294, 295, 296, 297, 298, 299, 300, 301, 302, 303, 304, 305, 306, 307, 308, 309, 310, 311, 312, 313, 314, 315, 316, 317, 318, 319, 320, 321, 322, 323, 324, 325, 326, 327, 328, 329, 330, 331, 332, 333, 334, 335, 336, 337, 574, 575, 576, 577, 578, 579, 580, 581, 582, 583, 584, 585, 586, 587, 588, 589, 590, 591, 592, 593, 594, 595, 596, 597, 598, 599, 600, 601, 602, 603, 604, 605, 606, 607, 608, 609, 610, 611, 612, 613, 614, 615, 616, 617, 618, 619, 620, 621, 622, 623, 624, 625, 626, 627, 628, 629, 630, 631, 632, 633, 634, 635, 636, 637, 638, 639, 640, 641, 642, 643, 644, 645, 646, 647, 648, 649, 650, 651, 652, 653, 654, 655, 656, 657, 658, 659, 660, 661, 662, 663, 664, 665, 666, 667, 668, 669, 670, 671, 672, 673, 674, 675, 676, 677, 678, 679, 680, 681, 682, 683, 684, 685, 686, 687, 688, 689, 690, 691, 692, 693, 694, 695, 696, 697, 698, 699, 700, 701, 702, 703, 704, 705, 706, 707, 708, 709, 710, 711, 712, 713, 714, 715, 716, 717, 718, 719, 720, 721, 722, 723, 724, 725, 726, 727, 728, 729, 730, 731, 732, 733, 734, 735, 736, 737, 738, 739, 740, 741, 742, 743, 744, 745, 746, 747, 748, 749, 750, 751, 752, 753, 754, 755, 756, 757, 758, 759, 760, 761, 762, 763, 764, 765, 766, 767, 768, 769, 770, 771, 772, 773, 774, 775, 776, 777, 778, 779, 780, 781, 782, 783, 784, 785, 786, 787, 788, 789, 790, 791, 792, 793]","[58, 181, 233, 236, 304, 652, 697, 700, 762]","[19, 180, 181, 233, 255, 331, 341, 351, 449, 454, 503, 651, 652, 697, 708, 788, 797, 806, 857, 897, 901]","[143, 145, 181, 233, 234, 236, 295, 330, 614, 616, 652, 697, 698, 700, 754, 787]","[12, 24, 25, 28, 88, 100, 104, 119, 123, 129, 136, 137, 139, 140, 141, 148, 155, 169, 172, 176, 177, 179, 183, 185, 188, 196, 198, 217, 237, 267, 270, 278, 319, 321, 324, 325, 330, 332, 334, 335, 354, 366, 369, 380, 383, 384, 386, 395, 407, 411, 423, 428, 436, 437, 452, 453, 456, 467, 471, 477, 478, 479, 483, 484, 497, 508, 511, 559, 571, 575, 590, 594, 600, 607, 608, 610, 611, 612, 619, 627, 640, 643, 647, 648, 650, 654, 656, 659, 667, 669, 685, 701, 726, 729, 737, 777, 779, 782, 783, 787, 789, 790, 791, 809, 817, 819, 830, 833, 834, 836, 845, 856, 857, 860, 862, 875, 880, 887, 888, 899, 900, 914, 918, 921, 927, 928, 929, 930, 934, 935]","[12, 24, 25, 28, 88, 100, 104, 119, 123, 129, 136, 137, 139, 140, 141, 148, 155, 169, 172, 179, 183, 185, 188, 196, 198, 217, 237, 267, 270, 278, 319, 321, 324, 325, 330, 334, 335, 354, 366, 369, 380, 383, 384, 386, 395, 407, 411, 423, 428, 436, 437, 452, 453, 456, 467, 471, 477, 478, 479, 497, 508, 511, 559, 571, 575, 590, 594, 600, 607, 608, 610, 611, 612, 619, 627, 640, 643, 650, 654, 656, 659, 667, 669, 685, 701, 726, 729, 737, 777, 779, 782, 783, 787, 790, 791, 809, 817, 819, 830, 833, 834, 836, 845, 856, 857, 860, 862, 875, 880, 887, 888, 899, 900, 914, 918, 921, 928, 929, 930]",5/6 successful match,False,,False,701,False,,,,,
"Long Beach , 90802 Port Petroleum",562-437-0122 I-710 Ex 1 B SB ( Pico Ave - Pier D ),000,Long Beach,90802,Port Petroleum,562-437-0122,2007,Long Beach,CA,,( Pico Ave - Pier D ),I-710 Ex 1 B SB ,Exit,1,False,,False,I-710,,,,,[],[],"[58, 181, 233, 236, 304, 652, 697, 700, 762]","[19, 180, 181, 233, 255, 331, 341, 351, 449, 454, 503, 651, 652, 697, 708, 788, 797, 806, 857, 897, 901]","[103, 104, 105, 106, 107, 108, 109, 110, 111, 112, 113, 114, 115, 116, 117, 118, 119, 120, 121, 122, 123, 124, 125, 126, 127, 128, 129, 130, 131, 132, 133, 134, 135, 136, 137, 138, 139, 140, 141, 142, 143, 144, 145, 146, 147, 148, 149, 150, 151, 152, 153, 154, 155, 156, 157, 158, 159, 160, 161, 162, 163, 164, 165, 166, 167, 168, 169, 170, 171, 172, 173, 174, 175, 176, 177, 178, 179, 180, 181, 182, 183, 184, 185, 186, 187, 188, 189, 190, 191, 192, 193, 194, 195, 196, 197, 198, 199, 200, 201, 202, 203, 204, 205, 206, 207, 208, 209, 210, 211, 212, 213, 214, 215, 216, 217, 218, 219, 220, 221, 222, 223, 224, 225, 226, 227, 228, 229, 230, 231, 232, 233, 234, 235, 236, 237, 238, 239, 240, 241, 242, 243, 244, 245, 246, 247, 248, 249, 250, 251, 252, 253, 254, 255, 256, 257, 258, 259, 260, 261, 262, 263, 264, 265, 266, 267, 268, 269, 270, 271, 272, 273, 274, 275, 276, 277, 278, 279, 280, 281, 282, 283, 284, 285, 286, 287, 288, 289, 290, 291, 292, 293, 294, 295, 296, 297, 298, 299, 300, 301, 302, 303, 304, 305, 306, 307, 308, 309, 310, 311, 312, 313, 314, 315, 316, 317, 318, 319, 320, 321, 322, 323, 324, 325, 326, 327, 328, 329, 330, 331, 332, 333, 334, 335, 336, 337, 574, 575, 576, 577, 578, 579, 580, 581, 582, 583, 584, 585, 586, 587, 588, 589, 590, 591, 592, 593, 594, 595, 596, 597, 598, 599, 600, 601, 602, 603, 604, 605, 606, 607, 608, 609, 610, 611, 612, 613, 614, 615, 616, 617, 618, 619, 620, 621, 622, 623, 624, 625, 626, 627, 628, 629, 630, 631, 632, 633, 634, 635, 636, 637, 638, 639, 640, 641, 642, 643, 644, 645, 646, 647, 648, 649, 650, 651, 652, 653, 654, 655, 656, 657, 658, 659, 660, 661, 662, 663, 664, 665, 666, 667, 668, 669, 670, 671, 672, 673, 674, 675, 676, 677, 678, 679, 680, 681, 682, 683, 684, 685, 686, 687, 688, 689, 690, 691, 692, 693, 694, 695, 696, 697, 698, 699, 700, 701, 702, 703, 704, 705, 706, 707, 708, 709, 710, 711, 712, 713, 714, 715, 716, 717, 718, 719, 720, 721, 722, 723, 724, 725, 726, 727, 728, 729, 730, 731, 732, 733, 734, 735, 736, 737, 738, 739, 740, 741, 742, 743, 744, 745, 746, 747, 748, 749, 750, 751, 752, 753, 754, 755, 756, 757, 758, 759, 760, 761, 762, 763, 764, 765, 766, 767, 768, 769, 770, 771, 772, 773, 774, 775, 776, 777, 778, 779, 780, 781, 782, 783, 784, 785, 786, 787, 788, 789, 790, 791, 792, 793]","[143, 145, 181, 233, 234, 236, 295, 330, 614, 616, 652, 697, 698, 700, 754, 787]",[],"[176, 177, 325, 332, 467, 483, 484, 647, 648, 783, 789, 914, 927, 934, 935]","[19, 58, 103, 104, 105, 106, 107, 108, 109, 110, 111, 112, 113, 114, 115, 116, 117, 118, 119, 120, 121, 122, 123, 124, 125, 126, 127, 128, 129, 130, 131, 132, 133, 134, 135, 136, 137, 138, 139, 140, 141, 142, 143, 144, 145, 146, 147, 148, 149, 150, 151, 152, 153, 154, 155, 156, 157, 158, 159, 160, 161, 162, 163, 164, 165, 166, 167, 168, 169, 170, 171, 172, 173, 174, 175, 176, 177, 178, 179, 180, 181, 182, 183, 184, 185, 186, 187, 188, 189, 190, 191, 192, 193, 194, 195, 196, 197, 198, 199, 200, 201, 202, 203, 204, 205, 206, 207, 208, 209, 210, 211, 212, 213, 214, 215, 216, 217, 218, 219, 220, 221, 222, 223, 224, 225, 226, 227, 228, 229, 230, 231, 232, 233, 234, 235, 236, 237, 238, 239, 240, 241, 242, 243, 244, 245, 246, 247, 248, 249, 250, 251, 252, 253, 254, 255, 256, 257, 258, 259, 260, 261, 262, 263, 264, 265, 266, 267, 268, 269, 270, 271, 272, 273, 274, 275, 276, 277, 278, 279, 280, 281, 282, 283, 284, 285, 286, 287, 288, 289, 290, 291, 292, 293, 294, 295, 296, 297, 298, 299, 300, 301, 302, 303, 304, 305, 306, 307, 308, 309, 310, 311, 312, 313, 314, 315, 316, 317, 318, 319, 320, 321, 322, 323, 324, 325, 326, 327, 328, 329, 330, 331, 332, 333, 334, 335, 336, 337, 341, 351, 449, 454, 467, 483, 484, 503, 574, 575, 576, 577, 578, 579, 580, 581, 582, 583, 584, 585, 586, 587, 588, 589, 590, 591, 592, 593, 594, 595, 596, 597, 598, 599, 600, 601, 602, 603, 604, 605, 606, 607, 608, 609, 610, 611, 612, 613, 614, 615, 616, 617, 618, 619, 620, 621, 622, 623, 624, 625, 626, 627, 628, 629, 630, 631, 632, 633, 634, 635, 636, 637, 638, 639, 640, 641, 642, 643, 644, 645, 646, 647, 648, 649, 650, 651, 652, 653, 654, 655, 656, 657, 658, 659, 660, 661, 662, 663, 664, 665, 666, 667, 668, 669, 670, 671, 672, 673, 674, 675, 676, 677, 678, 679, 680, 681, 682, 683, 684, 685, 686, 687, 688, 689, 690, 691, 692, 693, 694, 695, 696, 697, 698, 699, 700, 701, 702, 703, 704, 705, 706, 707, 708, 709, 710, 711, 712, 713, 714, 715, 716, 717, 718, 719, 720, 721, 722, 723, 724, 725, 726, 727, 728, 729, 730, 731, 732, 733, 734, 735, 736, 737, 738, 739, 740, 741, 742, 743, 744, 745, 746, 747, 748, 749, 750, 751, 752, 753, 754, 755, 756, 757, 758, 759, 760, 761, 762, 763, 764, 765, 766, 767, 768, 769, 770, 771, 772, 773, 774, 775, 776, 777, 778, 779, 780, 781, 782, 783, 784, 785, 786, 787, 788, 789, 790, 791, 792, 793, 797, 806, 857, 897, 901, 914, 927, 934, 935]",False,[],"[103, 104, 105, 106, 107, 108, 109, 110, 111, 112, 113, 114, 115, 116, 117, 118, 119, 120, 121, 122, 123, 124, 125, 126, 127, 128, 129, 130, 131, 132, 133, 134, 135, 136, 137, 138, 139, 140, 141, 142, 143, 144, 145, 146, 147, 148, 149, 150, 151, 152, 153, 154, 155, 156, 157, 158, 159, 160, 161, 162, 163, 164, 165, 166, 167, 168, 169, 170, 171, 172, 173, 174, 175, 176, 177, 178, 179, 180, 181, 182, 183, 184, 185, 186, 187, 188, 189, 190, 191, 192, 193, 194, 195, 196, 197, 198, 199, 200, 201, 202, 203, 204, 205, 206, 207, 208, 209, 210, 211, 212, 213, 214, 215, 216, 217, 218, 219, 220, 221, 222, 223, 224, 225, 226, 227, 228, 229, 230, 231, 232, 233, 234, 235, 236, 237, 238, 239, 240, 241, 242, 243, 244, 245, 246, 247, 248, 249, 250, 251, 252, 253, 254, 255, 256, 257, 258, 259, 260, 261, 262, 263, 264, 265, 266, 267, 268, 269, 270, 271, 272, 273, 274, 275, 276, 277, 278, 279, 280, 281, 282, 283, 284, 285, 286, 287, 288, 289, 290, 291, 292, 293, 294, 295, 296, 297, 298, 299, 300, 301, 302, 303, 304, 305, 306, 307, 308, 309, 310, 311, 312, 313, 314, 315, 316, 317, 318, 319, 320, 321, 322, 323, 324, 325, 326, 327, 328, 329, 330, 331, 332, 333, 334, 335, 336, 337, 574, 575, 576, 577, 578, 579, 580, 581, 582, 583, 584, 585, 586, 587, 588, 589, 590, 591, 592, 593, 594, 595, 596, 597, 598, 599, 600, 601, 602, 603, 604, 605, 606, 607, 608, 609, 610, 611, 612, 613, 614, 615, 616, 617, 618, 619, 620, 621, 622, 623, 624, 625, 626, 627, 628, 629, 630, 631, 632, 633, 634, 635, 636, 637, 638, 639, 640, 641, 642, 643, 644, 645, 646, 647, 648, 649, 650, 651, 652, 653, 654, 655, 656, 657, 658, 659, 660, 661, 662, 663, 664, 665, 666, 667, 668, 669, 670, 671, 672, 673, 674, 675, 676, 677, 678, 679, 680, 681, 682, 683, 684, 685, 686, 687, 688, 689, 690, 691, 692, 693, 694, 695, 696, 697, 698, 699, 700, 701, 702, 703, 704, 705, 706, 707, 708, 709, 710, 711, 712, 713, 714, 715, 716, 717, 718, 719, 720, 721, 722, 723, 724, 725, 726, 727, 728, 729, 730, 731, 732, 733, 734, 735, 736, 737, 738, 739, 740, 741, 742, 743, 744, 745, 746, 747, 748, 749, 750, 751, 752, 753, 754, 755, 756, 757, 758, 759, 760, 761, 762, 763, 764, 765, 766, 767, 768, 769, 770, 771, 772, 773, 774, 775, 776, 777, 778, 779, 780, 781, 782, 783, 784, 785, 786, 787, 788, 789, 790, 791, 792, 793]","[58, 181, 233, 236, 304, 652, 697, 700, 762]","[19, 180, 181, 233, 255, 331, 341, 351, 449, 454, 503, 651, 652, 697, 708, 788, 797, 806, 857, 897, 901]","[143, 145, 181, 233, 234, 236, 295, 330, 614, 616, 652, 697, 698, 700, 754, 787]","[176, 177, 325, 332, 467, 483, 484, 647, 648, 783, 789, 914, 927, 934, 935]",[],5/6 successful match,False,,False,701,False,,1.0,True,Port Petroleum ( Chevron ),Chevron
"Long Beach , 90802 Port Petroleum",51562-437-0122 I-710 Exit 1 B SB ( Pico Ave - Pier D ),<U+2610>,Long Beach,90802,Port Petroleum,562-437-0122,2008,Long Beach,CA,,( Pico Ave - Pier D ),I-710 Exit 1 B SB ,Exit,1,False,,False,I-710,,,,,[],[],"[58, 181, 233, 236, 304, 652, 697, 700, 762]","[19, 180, 181, 233, 255, 331, 341, 351, 449, 454, 503, 651, 652, 697, 708, 788, 797, 806, 857, 897, 901]","[103, 104, 105, 106, 107, 108, 109, 110, 111, 112, 113, 114, 115, 116, 117, 118, 119, 120, 121, 122, 123, 124, 125, 126, 127, 128, 129, 130, 131, 132, 133, 134, 135, 136, 137, 138, 139, 140, 141, 142, 143, 144, 145, 146, 147, 148, 149, 150, 151, 152, 153, 154, 155, 156, 157, 158, 159, 160, 161, 162, 163, 164, 165, 166, 167, 168, 169, 170, 171, 172, 173, 174, 175, 176, 177, 178, 179, 180, 181, 182, 183, 184, 185, 186, 187, 188, 189, 190, 191, 192, 193, 194, 195, 196, 197, 198, 199, 200, 201, 202, 203, 204, 205, 206, 207, 208, 209, 210, 211, 212, 213, 214, 215, 216, 217, 218, 219, 220, 221, 222, 223, 224, 225, 226, 227, 228, 229, 230, 231, 232, 233, 234, 235, 236, 237, 238, 239, 240, 241, 242, 243, 244, 245, 246, 247, 248, 249, 250, 251, 252, 253, 254, 255, 256, 257, 258, 259, 260, 261, 262, 263, 264, 265, 266, 267, 268, 269, 270, 271, 272, 273, 274, 275, 276, 277, 278, 279, 280, 281, 282, 283, 284, 285, 286, 287, 288, 289, 290, 291, 292, 293, 294, 295, 296, 297, 298, 299, 300, 301, 302, 303, 304, 305, 306, 307, 308, 309, 310, 311, 312, 313, 314, 315, 316, 317, 318, 319, 320, 321, 322, 323, 324, 325, 326, 327, 328, 329, 330, 331, 332, 333, 334, 335, 336, 337, 574, 575, 576, 577, 578, 579, 580, 581, 582, 583, 584, 585, 586, 587, 588, 589, 590, 591, 592, 593, 594, 595, 596, 597, 598, 599, 600, 601, 602, 603, 604, 605, 606, 607, 608, 609, 610, 611, 612, 613, 614, 615, 616, 617, 618, 619, 620, 621, 622, 623, 624, 625, 626, 627, 628, 629, 630, 631, 632, 633, 634, 635, 636, 637, 638, 639, 640, 641, 642, 643, 644, 645, 646, 647, 648, 649, 650, 651, 652, 653, 654, 655, 656, 657, 658, 659, 660, 661, 662, 663, 664, 665, 666, 667, 668, 669, 670, 671, 672, 673, 674, 675, 676, 677, 678, 679, 680, 681, 682, 683, 684, 685, 686, 687, 688, 689, 690, 691, 692, 693, 694, 695, 696, 697, 698, 699, 700, 701, 702, 703, 704, 705, 706, 707, 708, 709, 710, 711, 712, 713, 714, 715, 716, 717, 718, 719, 720, 721, 722, 723, 724, 725, 726, 727, 728, 729, 730, 731, 732, 733, 734, 735, 736, 737, 738, 739, 740, 741, 742, 743, 744, 745, 746, 747, 748, 749, 750, 751, 752, 753, 754, 755, 756, 757, 758, 759, 760, 761, 762, 763, 764, 765, 766, 767, 768, 769, 770, 771, 772, 773, 774, 775, 776, 777, 778, 779, 780, 781, 782, 783, 784, 785, 786, 787, 788, 789, 790, 791, 792, 793]","[143, 145, 181, 233, 234, 236, 295, 330, 614, 616, 652, 697, 698, 700, 754, 787]",[],"[176, 177, 325, 332, 467, 483, 484, 647, 648, 783, 789, 914, 927, 934, 935]","[19, 58, 103, 104, 105, 106, 107, 108, 109, 110, 111, 112, 113, 114, 115, 116, 117, 118, 119, 120, 121, 122, 123, 124, 125, 126, 127, 128, 129, 130, 131, 132, 133, 134, 135, 136, 137, 138, 139, 140, 141, 142, 143, 144, 145, 146, 147, 148, 149, 150, 151, 152, 153, 154, 155, 156, 157, 158, 159, 160, 161, 162, 163, 164, 165, 166, 167, 168, 169, 170, 171, 172, 173, 174, 175, 176, 177, 178, 179, 180, 181, 182, 183, 184, 185, 186, 187, 188, 189, 190, 191, 192, 193, 194, 195, 196, 197, 198, 199, 200, 201, 202, 203, 204, 205, 206, 207, 208, 209, 210, 211, 212, 213, 214, 215, 216, 217, 218, 219, 220, 221, 222, 223, 224, 225, 226, 227, 228, 229, 230, 231, 232, 233, 234, 235, 236, 237, 238, 239, 240, 241, 242, 243, 244, 245, 246, 247, 248, 249, 250, 251, 252, 253, 254, 255, 256, 257, 258, 259, 260, 261, 262, 263, 264, 265, 266, 267, 268, 269, 270, 271, 272, 273, 274, 275, 276, 277, 278, 279, 280, 281, 282, 283, 284, 285, 286, 287, 288, 289, 290, 291, 292, 293, 294, 295, 296, 297, 298, 299, 300, 301, 302, 303, 304, 305, 306, 307, 308, 309, 310, 311, 312, 313, 314, 315, 316, 317, 318, 319, 320, 321, 322, 323, 324, 325, 326, 327, 328, 329, 330, 331, 332, 333, 334, 335, 336, 337, 341, 351, 449, 454, 467, 483, 484, 503, 574, 575, 576, 577, 578, 579, 580, 581, 582, 583, 584, 585, 586, 587, 588, 589, 590, 591, 592, 593, 594, 595, 596, 597, 598, 599, 600, 601, 602, 603, 604, 605, 606, 607, 608, 609, 610, 611, 612, 613, 614, 615, 616, 617, 618, 619, 620, 621, 622, 623, 624, 625, 626, 627, 628, 629, 630, 631, 632, 633, 634, 635, 636, 637, 638, 639, 640, 641, 642, 643, 644, 645, 646, 647, 648, 649, 650, 651, 652, 653, 654, 655, 656, 657, 658, 659, 660, 661, 662, 663, 664, 665, 666, 667, 668, 669, 670, 671, 672, 673, 674, 675, 676, 677, 678, 679, 680, 681, 682, 683, 684, 685, 686, 687, 688, 689, 690, 691, 692, 693, 694, 695, 696, 697, 698, 699, 700, 701, 702, 703, 704, 705, 706, 707, 708, 709, 710, 711, 712, 713, 714, 715, 716, 717, 718, 719, 720, 721, 722, 723, 724, 725, 726, 727, 728, 729, 730, 731, 732, 733, 734, 735, 736, 737, 738, 739, 740, 741, 742, 743, 744, 745, 746, 747, 748, 749, 750, 751, 752, 753, 754, 755, 756, 757, 758, 759, 760, 761, 762, 763, 764, 765, 766, 767, 768, 769, 770, 771, 772, 773, 774, 775, 776, 777, 778, 779, 780, 781, 782, 783, 784, 785, 786, 787, 788, 789, 790, 791, 792, 793, 797, 806, 857, 897, 901, 914, 927, 934, 935]",False,[],"[103, 104, 105, 106, 107, 108, 109, 110, 111, 112, 113, 114, 115, 116, 117, 118, 119, 120, 121, 122, 123, 124, 125, 126, 127, 128, 129, 130, 131, 132, 133, 134, 135, 136, 137, 138, 139, 140, 141, 142, 143, 144, 145, 146, 147, 148, 149, 150, 151, 152, 153, 154, 155, 156, 157, 158, 159, 160, 161, 162, 163, 164, 165, 166, 167, 168, 169, 170, 171, 172, 173, 174, 175, 176, 177, 178, 179, 180, 181, 182, 183, 184, 185, 186, 187, 188, 189, 190, 191, 192, 193, 194, 195, 196, 197, 198, 199, 200, 201, 202, 203, 204, 205, 206, 207, 208, 209, 210, 211, 212, 213, 214, 215, 216, 217, 218, 219, 220, 221, 222, 223, 224, 225, 226, 227, 228, 229, 230, 231, 232, 233, 234, 235, 236, 237, 238, 239, 240, 241, 242, 243, 244, 245, 246, 247, 248, 249, 250, 251, 252, 253, 254, 255, 256, 257, 258, 259, 260, 261, 262, 263, 264, 265, 266, 267, 268, 269, 270, 271, 272, 273, 274, 275, 276, 277, 278, 279, 280, 281, 282, 283, 284, 285, 286, 287, 288, 289, 290, 291, 292, 293, 294, 295, 296, 297, 298, 299, 300, 301, 302, 303, 304, 305, 306, 307, 308, 309, 310, 311, 312, 313, 314, 315, 316, 317, 318, 319, 320, 321, 322, 323, 324, 325, 326, 327, 328, 329, 330, 331, 332, 333, 334, 335, 336, 337, 574, 575, 576, 577, 578, 579, 580, 581, 582, 583, 584, 585, 586, 587, 588, 589, 590, 591, 592, 593, 594, 595, 596, 597, 598, 599, 600, 601, 602, 603, 604, 605, 606, 607, 608, 609, 610, 611, 612, 613, 614, 615, 616, 617, 618, 619, 620, 621, 622, 623, 624, 625, 626, 627, 628, 629, 630, 631, 632, 633, 634, 635, 636, 637, 638, 639, 640, 641, 642, 643, 644, 645, 646, 647, 648, 649, 650, 651, 652, 653, 654, 655, 656, 657, 658, 659, 660, 661, 662, 663, 664, 665, 666, 667, 668, 669, 670, 671, 672, 673, 674, 675, 676, 677, 678, 679, 680, 681, 682, 683, 684, 685, 686, 687, 688, 689, 690, 691, 692, 693, 694, 695, 696, 697, 698, 699, 700, 701, 702, 703, 704, 705, 706, 707, 708, 709, 710, 711, 712, 713, 714, 715, 716, 717, 718, 719, 720, 721, 722, 723, 724, 725, 726, 727, 728, 729, 730, 731, 732, 733, 734, 735, 736, 737, 738, 739, 740, 741, 742, 743, 744, 745, 746, 747, 748, 749, 750, 751, 752, 753, 754, 755, 756, 757, 758, 759, 760, 761, 762, 763, 764, 765, 766, 767, 768, 769, 770, 771, 772, 773, 774, 775, 776, 777, 778, 779, 780, 781, 782, 783, 784, 785, 786, 787, 788, 789, 790, 791, 792, 793]","[58, 181, 233, 236, 304, 652, 697, 700, 762]","[19, 180, 181, 233, 255, 331, 341, 351, 449, 454, 503, 651, 652, 697, 708, 788, 797, 806, 857, 897, 901]","[143, 145, 181, 233, 234, 236, 295, 330, 614, 616, 652, 697, 698, 700, 754, 787]","[176, 177, 325, 332, 467, 483, 484, 647, 648, 783, 789, 914, 927, 934, 935]",[],5/6 successful match,False,,False,701,False,,1.0,True,Port Petroleum,
D Long Beach ( 90805 ) Viva,562-984-9231 I-710 Exit 7 NB / 7 B SB ( 1 blk N ),24 FR <U+2610>,Long Beach,90805,Viva,562-984-9231,2014,Long Beach,CA,,( 1 blk N ),I-710 Exit 7 NB / 7 B SB ,Exit,7,False,,False,I-710,,7,,,[],[],"[58, 181, 233, 236, 304, 652, 697, 700, 762]","[198, 266, 316, 378, 422, 669, 774, 828, 874]","[103, 104, 105, 106, 107, 108, 109, 110, 111, 112, 113, 114, 115, 116, 117, 118, 119, 120, 121, 122, 123, 124, 125, 126, 127, 128, 129, 130, 131, 132, 133, 134, 135, 136, 137, 138, 139, 140, 141, 142, 143, 144, 145, 146, 147, 148, 149, 150, 151, 152, 153, 154, 155, 156, 157, 158, 159, 160, 161, 162, 163, 164, 165, 166, 167, 168, 169, 170, 171, 172, 173, 174, 175, 176, 177, 178, 179, 180, 181, 182, 183, 184, 185, 186, 187, 188, 189, 190, 191, 192, 193, 194, 195, 196, 197, 198, 199, 200, 201, 202, 203, 204, 205, 206, 207, 208, 209, 210, 211, 212, 213, 214, 215, 216, 217, 218, 219, 220, 221, 222, 223, 224, 225, 226, 227, 228, 229, 230, 231, 232, 233, 234, 235, 236, 237, 238, 239, 240, 241, 242, 243, 244, 245, 246, 247, 248, 249, 250, 251, 252, 253, 254, 255, 256, 257, 258, 259, 260, 261, 262, 263, 264, 265, 266, 267, 268, 269, 270, 271, 272, 273, 274, 275, 276, 277, 278, 279, 280, 281, 282, 283, 284, 285, 286, 287, 288, 289, 290, 291, 292, 293, 294, 295, 296, 297, 298, 299, 300, 301, 302, 303, 304, 305, 306, 307, 308, 309, 310, 311, 312, 313, 314, 315, 316, 317, 318, 319, 320, 321, 322, 323, 324, 325, 326, 327, 328, 329, 330, 331, 332, 333, 334, 335, 336, 337, 574, 575, 576, 577, 578, 579, 580, 581, 582, 583, 584, 585, 586, 587, 588, 589, 590, 591, 592, 593, 594, 595, 596, 597, 598, 599, 600, 601, 602, 603, 604, 605, 606, 607, 608, 609, 610, 611, 612, 613, 614, 615, 616, 617, 618, 619, 620, 621, 622, 623, 624, 625, 626, 627, 628, 629, 630, 631, 632, 633, 634, 635, 636, 637, 638, 639, 640, 641, 642, 643, 644, 645, 646, 647, 648, 649, 650, 651, 652, 653, 654, 655, 656, 657, 658, 659, 660, 661, 662, 663, 664, 665, 666, 667, 668, 669, 670, 671, 672, 673, 674, 675, 676, 677, 678, 679, 680, 681, 682, 683, 684, 685, 686, 687, 688, 689, 690, 691, 692, 693, 694, 695, 696, 697, 698, 699, 700, 701, 702, 703, 704, 705, 706, 707, 708, 709, 710, 711, 712, 713, 714, 715, 716, 717, 718, 719, 720, 721, 722, 723, 724, 725, 726, 727, 728, 729, 730, 731, 732, 733, 734, 735, 736, 737, 738, 739, 740, 741, 742, 743, 744, 745, 746, 747, 748, 749, 750, 751, 752, 753, 754, 755, 756, 757, 758, 759, 760, 761, 762, 763, 764, 765, 766, 767, 768, 769, 770, 771, 772, 773, 774, 775, 776, 777, 778, 779, 780, 781, 782, 783, 784, 785, 786, 787, 788, 789, 790, 791, 792, 793]","[143, 145, 181, 233, 234, 236, 295, 330, 614, 616, 652, 697, 698, 700, 754, 787]",[],[],"[58, 103, 104, 105, 106, 107, 108, 109, 110, 111, 112, 113, 114, 115, 116, 117, 118, 119, 120, 121, 122, 123, 124, 125, 126, 127, 128, 129, 130, 131, 132, 133, 134, 135, 136, 137, 138, 139, 140, 141, 142, 143, 144, 145, 146, 147, 148, 149, 150, 151, 152, 153, 154, 155, 156, 157, 158, 159, 160, 161, 162, 163, 164, 165, 166, 167, 168, 169, 170, 171, 172, 173, 174, 175, 176, 177, 178, 179, 180, 181, 182, 183, 184, 185, 186, 187, 188, 189, 190, 191, 192, 193, 194, 195, 196, 197, 198, 199, 200, 201, 202, 203, 204, 205, 206, 207, 208, 209, 210, 211, 212, 213, 214, 215, 216, 217, 218, 219, 220, 221, 222, 223, 224, 225, 226, 227, 228, 229, 230, 231, 232, 233, 234, 235, 236, 237, 238, 239, 240, 241, 242, 243, 244, 245, 246, 247, 248, 249, 250, 251, 252, 253, 254, 255, 256, 257, 258, 259, 260, 261, 262, 263, 264, 265, 266, 267, 268, 269, 270, 271, 272, 273, 274, 275, 276, 277, 278, 279, 280, 281, 282, 283, 284, 285, 286, 287, 288, 289, 290, 291, 292, 293, 294, 295, 296, 297, 298, 299, 300, 301, 302, 303, 304, 305, 306, 307, 308, 309, 310, 311, 312, 313, 314, 315, 316, 317, 318, 319, 320, 321, 322, 323, 324, 325, 326, 327, 328, 329, 330, 331, 332, 333, 334, 335, 336, 337, 378, 422, 574, 575, 576, 577, 578, 579, 580, 581, 582, 583, 584, 585, 586, 587, 588, 589, 590, 591, 592, 593, 594, 595, 596, 597, 598, 599, 600, 601, 602, 603, 604, 605, 606, 607, 608, 609, 610, 611, 612, 613, 614, 615, 616, 617, 618, 619, 620, 621, 622, 623, 624, 625, 626, 627, 628, 629, 630, 631, 632, 633, 634, 635, 636, 637, 638, 639, 640, 641, 642, 643, 644, 645, 646, 647, 648, 649, 650, 651, 652, 653, 654, 655, 656, 657, 658, 659, 660, 661, 662, 663, 664, 665, 666, 667, 668, 669, 670, 671, 672, 673, 674, 675, 676, 677, 678, 679, 680, 681, 682, 683, 684, 685, 686, 687, 688, 689, 690, 691, 692, 693, 694, 695, 696, 697, 698, 699, 700, 701, 702, 703, 704, 705, 706, 707, 708, 709, 710, 711, 712, 713, 714, 715, 716, 717, 718, 719, 720, 721, 722, 723, 724, 725, 726, 727, 728, 729, 730, 731, 732, 733, 734, 735, 736, 737, 738, 739, 740, 741, 742, 743, 744, 745, 746, 747, 748, 749, 750, 751, 752, 753, 754, 755, 756, 757, 758, 759, 760, 761, 762, 763, 764, 765, 766, 767, 768, 769, 770, 771, 772, 773, 774, 775, 776, 777, 778, 779, 780, 781, 782, 783, 784, 785, 786, 787, 788, 789, 790, 791, 792, 793, 828, 874]",False,[],"[103, 104, 105, 106, 107, 108, 109, 110, 111, 112, 113, 114, 115, 116, 117, 118, 119, 120, 121, 122, 123, 124, 125, 126, 127, 128, 129, 130, 131, 132, 133, 134, 135, 136, 137, 138, 139, 140, 141, 142, 143, 144, 145, 146, 147, 148, 149, 150, 151, 152, 153, 154, 155, 156, 157, 158, 159, 160, 161, 162, 163, 164, 165, 166, 167, 168, 169, 170, 171, 172, 173, 174, 175, 176, 177, 178, 179, 180, 181, 182, 183, 184, 185, 186, 187, 188, 189, 190, 191, 192, 193, 194, 195, 196, 197, 198, 199, 200, 201, 202, 203, 204, 205, 206, 207, 208, 209, 210, 211, 212, 213, 214, 215, 216, 217, 218, 219, 220, 221, 222, 223, 224, 225, 226, 227, 228, 229, 230, 231, 232, 233, 234, 235, 236, 237, 238, 239, 240, 241, 242, 243, 244, 245, 246, 247, 248, 249, 250, 251, 252, 253, 254, 255, 256, 257, 258, 259, 260, 261, 262, 263, 264, 265, 266, 267, 268, 269, 270, 271, 272, 273, 274, 275, 276, 277, 278, 279, 280, 281, 282, 283, 284, 285, 286, 287, 288, 289, 290, 291, 292, 293, 294, 295, 296, 297, 298, 299, 300, 301, 302, 303, 304, 305, 306, 307, 308, 309, 310, 311, 312, 313, 314, 315, 316, 317, 318, 319, 320, 321, 322, 323, 324, 325, 326, 327, 328, 329, 330, 331, 332, 333, 334, 335, 336, 337, 574, 575, 576, 577, 578, 579, 580, 581, 582, 583, 584, 585, 586, 587, 588, 589, 590, 591, 592, 593, 594, 595, 596, 597, 598, 599, 600, 601, 602, 603, 604, 605, 606, 607, 608, 609, 610, 611, 612, 613, 614, 615, 616, 617, 618, 619, 620, 621, 622, 623, 624, 625, 626, 627, 628, 629, 630, 631, 632, 633, 634, 635, 636, 637, 638, 639, 640, 641, 642, 643, 644, 645, 646, 647, 648, 649, 650, 651, 652, 653, 654, 655, 656, 657, 658, 659, 660, 661, 662, 663, 664, 665, 666, 667, 668, 669, 670, 671, 672, 673, 674, 675, 676, 677, 678, 679, 680, 681, 682, 683, 684, 685, 686, 687, 688, 689, 690, 691, 692, 693, 694, 695, 696, 697, 698, 699, 700, 701, 702, 703, 704, 705, 706, 707, 708, 709, 710, 711, 712, 713, 714, 715, 716, 717, 718, 719, 720, 721, 722, 723, 724, 725, 726, 727, 728, 729, 730, 731, 732, 733, 734, 735, 736, 737, 738, 739, 740, 741, 742, 743, 744, 745, 746, 747, 748, 749, 750, 751, 752, 753, 754, 755, 756, 757, 758, 759, 760, 761, 762, 763, 764, 765, 766, 767, 768, 769, 770, 771, 772, 773, 774, 775, 776, 777, 778, 779, 780, 781, 782, 783, 784, 785, 786, 787, 788, 789, 790, 791, 792, 793]","[58, 181, 233, 236, 304, 652, 697, 700, 762]","[198, 266, 316, 378, 422, 669, 774, 828, 874]","[143, 145, 181, 233, 234, 236, 295, 330, 614, 616, 652, 697, 698, 700, 754, 787]",[],[],7/6 successful match,False,,False,701,True,2014,0.0,True,Port Petroleum,
"Long Beach , 90810 Long Beach Travel Center ( Shell )",562-432-0505 I-710 Ex 2 ( CA 14 blks E to 1670 W PCH ),PCH ) ) 24 <U+2610>,Long Beach,90810,Long Beach Travel Center ( Shell ),562-432-0505,2006,Long Beach,CA,Shell,( CA 14 blks E to 1670 W PCH ),I-710 Ex 2 ,Exit,2,False,,False,I-710,,,,,[],"[181, 236, 652, 700]","[58, 181, 233, 236, 304, 652, 697, 700, 762]","[181, 236, 652, 700]","[103, 104, 105, 106, 107, 108, 109, 110, 111, 112, 113, 114, 115, 116, 117, 118, 119, 120, 121, 122, 123, 124, 125, 126, 127, 128, 129, 130, 131, 132, 133, 134, 135, 136, 137, 138, 139, 140, 141, 142, 143, 144, 145, 146, 147, 148, 149, 150, 151, 152, 153, 154, 155, 156, 157, 158, 159, 160, 161, 162, 163, 164, 165, 166, 167, 168, 169, 170, 171, 172, 173, 174, 175, 176, 177, 178, 179, 180, 181, 182, 183, 184, 185, 186, 187, 188, 189, 190, 191, 192, 193, 194, 195, 196, 197, 198, 199, 200, 201, 202, 203, 204, 205, 206, 207, 208, 209, 210, 211, 212, 213, 214, 215, 216, 217, 218, 219, 220, 221, 222, 223, 224, 225, 226, 227, 228, 229, 230, 231, 232, 233, 234, 235, 236, 237, 238, 239, 240, 241, 242, 243, 244, 245, 246, 247, 248, 249, 250, 251, 252, 253, 254, 255, 256, 257, 258, 259, 260, 261, 262, 263, 264, 265, 266, 267, 268, 269, 270, 271, 272, 273, 274, 275, 276, 277, 278, 279, 280, 281, 282, 283, 284, 285, 286, 287, 288, 289, 290, 291, 292, 293, 294, 295, 296, 297, 298, 299, 300, 301, 302, 303, 304, 305, 306, 307, 308, 309, 310, 311, 312, 313, 314, 315, 316, 317, 318, 319, 320, 321, 322, 323, 324, 325, 326, 327, 328, 329, 330, 331, 332, 333, 334, 335, 336, 337, 574, 575, 576, 577, 578, 579, 580, 581, 582, 583, 584, 585, 586, 587, 588, 589, 590, 591, 592, 593, 594, 595, 596, 597, 598, 599, 600, 601, 602, 603, 604, 605, 606, 607, 608, 609, 610, 611, 612, 613, 614, 615, 616, 617, 618, 619, 620, 621, 622, 623, 624, 625, 626, 627, 628, 629, 630, 631, 632, 633, 634, 635, 636, 637, 638, 639, 640, 641, 642, 643, 644, 645, 646, 647, 648, 649, 650, 651, 652, 653, 654, 655, 656, 657, 658, 659, 660, 661, 662, 663, 664, 665, 666, 667, 668, 669, 670, 671, 672, 673, 674, 675, 676, 677, 678, 679, 680, 681, 682, 683, 684, 685, 686, 687, 688, 689, 690, 691, 692, 693, 694, 695, 696, 697, 698, 699, 700, 701, 702, 703, 704, 705, 706, 707, 708, 709, 710, 711, 712, 713, 714, 715, 716, 717, 718, 719, 720, 721, 722, 723, 724, 725, 726, 727, 728, 729, 730, 731, 732, 733, 734, 735, 736, 737, 738, 739, 740, 741, 742, 743, 744, 745, 746, 747, 748, 749, 750, 751, 752, 753, 754, 755, 756, 757, 758, 759, 760, 761, 762, 763, 764, 765, 766, 767, 768, 769, 770, 771, 772, 773, 774, 775, 776, 777, 778, 779, 780, 781, 782, 783, 784, 785, 786, 787, 788, 789, 790, 791, 792, 793]","[143, 145, 181, 233, 234, 236, 295, 330, 614, 616, 652, 697, 698, 700, 754, 787]","[1, 13, 14, 29, 54, 55, 56, 57, 58, 60, 102, 118, 125, 127, 130, 134, 146, 149, 153, 175, 182, 187, 189, 191, 197, 225, 230, 238, 264, 265, 266, 286, 302, 317, 336, 379, 388, 389, 425, 454, 458, 463, 475, 487, 498, 499, 512, 530, 531, 532, 533, 534, 536, 573, 589, 596, 598, 601, 605, 617, 620, 624, 646, 653, 658, 660, 662, 668, 689, 694, 702, 724, 725, 745, 760, 775, 793, 829, 838, 839, 877, 901, 903, 905, 910, 923]","[1, 13, 14, 29, 54, 55, 56, 57, 58, 60, 102, 118, 125, 127, 130, 134, 146, 149, 153, 175, 182, 187, 189, 191, 197, 225, 230, 238, 264, 265, 266, 286, 302, 317, 336, 354, 379, 388, 389, 425, 454, 458, 463, 475, 487, 498, 499, 512, 530, 531, 532, 533, 534, 536, 573, 589, 596, 598, 601, 605, 617, 620, 624, 646, 653, 658, 660, 662, 668, 689, 694, 702, 724, 725, 745, 760, 775, 793, 809, 829, 838, 839, 877, 901, 903, 905, 910, 923]","[1, 13, 14, 29, 54, 55, 56, 57, 58, 60, 102, 103, 104, 105, 106, 107, 108, 109, 110, 111, 112, 113, 114, 115, 116, 117, 118, 119, 120, 121, 122, 123, 124, 125, 126, 127, 128, 129, 130, 131, 132, 133, 134, 135, 136, 137, 138, 139, 140, 141, 142, 143, 144, 145, 146, 147, 148, 149, 150, 151, 152, 153, 154, 155, 156, 157, 158, 159, 160, 161, 162, 163, 164, 165, 166, 167, 168, 169, 170, 171, 172, 173, 174, 175, 176, 177, 178, 179, 180, 181, 182, 183, 184, 185, 186, 187, 188, 189, 190, 191, 192, 193, 194, 195, 196, 197, 198, 199, 200, 201, 202, 203, 204, 205, 206, 207, 208, 209, 210, 211, 212, 213, 214, 215, 216, 217, 218, 219, 220, 221, 222, 223, 224, 225, 226, 227, 228, 229, 230, 231, 232, 233, 234, 235, 236, 237, 238, 239, 240, 241, 242, 243, 244, 245, 246, 247, 248, 249, 250, 251, 252, 253, 254, 255, 256, 257, 258, 259, 260, 261, 262, 263, 264, 265, 266, 267, 268, 269, 270, 271, 272, 273, 274, 275, 276, 277, 278, 279, 280, 281, 282, 283, 284, 285, 286, 287, 288, 289, 290, 291, 292, 293, 294, 295, 296, 297, 298, 299, 300, 301, 302, 303, 304, 305, 306, 307, 308, 309, 310, 311, 312, 313, 314, 315, 316, 317, 318, 319, 320, 321, 322, 323, 324, 325, 326, 327, 328, 329, 330, 331, 332, 333, 334, 335, 336, 337, 354, 379, 388, 389, 425, 454, 458, 463, 475, 487, 498, 499, 512, 530, 531, 532, 533, 534, 536, 573, 574, 575, 576, 577, 578, 579, 580, 581, 582, 583, 584, 585, 586, 587, 588, 589, 590, 591, 592, 593, 594, 595, 596, 597, 598, 599, 600, 601, 602, 603, 604, 605, 606, 607, 608, 609, 610, 611, 612, 613, 614, 615, 616, 617, 618, 619, 620, 621, 622, 623, 624, 625, 626, 627, 628, 629, 630, 631, 632, 633, 634, 635, 636, 637, 638, 639, 640, 641, 642, 643, 644, 645, 646, 647, 648, 649, 650, 651, 652, 653, 654, 655, 656, 657, 658, 659, 660, 661, 662, 663, 664, 665, 666, 667, 668, 669, 670, 671, 672, 673, 674, 675, 676, 677, 678, 679, 680, 681, 682, 683, 684, 685, 686, 687, 688, 689, 690, 691, 692, 693, 694, 695, 696, 697, 698, 699, 700, 701, 702, 703, 704, 705, 706, 707, 708, 709, 710, 711, 712, 713, 714, 715, 716, 717, 718, 719, 720, 721, 722, 723, 724, 725, 726, 727, 728, 729, 730, 731, 732, 733, 734, 735, 736, 737, 738, 739, 740, 741, 742, 743, 744, 745, 746, 747, 748, 749, 750, 751, 752, 753, 754, 755, 756, 757, 758, 759, 760, 761, 762, 763, 764, 765, 766, 767, 768, 769, 770, 771, 772, 773, 774, 775, 776, 777, 778, 779, 780, 781, 782, 783, 784, 785, 786, 787, 788, 789, 790, 791, 792, 793, 809, 829, 838, 839, 877, 901, 903, 905, 910, 923]",False,"[181, 236, 652, 700]","[103, 104, 105, 106, 107, 108, 109, 110, 111, 112, 113, 114, 115, 116, 117, 118, 119, 120, 121, 122, 123, 124, 125, 126, 127, 128, 129, 130, 131, 132, 133, 134, 135, 136, 137, 138, 139, 140, 141, 142, 143, 144, 145, 146, 147, 148, 149, 150, 151, 152, 153, 154, 155, 156, 157, 158, 159, 160, 161, 162, 163, 164, 165, 166, 167, 168, 169, 170, 171, 172, 173, 174, 175, 176, 177, 178, 179, 180, 181, 182, 183, 184, 185, 186, 187, 188, 189, 190, 191, 192, 193, 194, 195, 196, 197, 198, 199, 200, 201, 202, 203, 204, 205, 206, 207, 208, 209, 210, 211, 212, 213, 214, 215, 216, 217, 218, 219, 220, 221, 222, 223, 224, 225, 226, 227, 228, 229, 230, 231, 232, 233, 234, 235, 236, 237, 238, 239, 240, 241, 242, 243, 244, 245, 246, 247, 248, 249, 250, 251, 252, 253, 254, 255, 256, 257, 258, 259, 260, 261, 262, 263, 264, 265, 266, 267, 268, 269, 270, 271, 272, 273, 274, 275, 276, 277, 278, 279, 280, 281, 282, 283, 284, 285, 286, 287, 288, 289, 290, 291, 292, 293, 294, 295, 296, 297, 298, 299, 300, 301, 302, 303, 304, 305, 306, 307, 308, 309, 310, 311, 312, 313, 314, 315, 316, 317, 318, 319, 320, 321, 322, 323, 324, 325, 326, 327, 328, 329, 330, 331, 332, 333, 334, 335, 336, 337, 574, 575, 576, 577, 578, 579, 580, 581, 582, 583, 584, 585, 586, 587, 588, 589, 590, 591, 592, 593, 594, 595, 596, 597, 598, 599, 600, 601, 602, 603, 604, 605, 606, 607, 608, 609, 610, 611, 612, 613, 614, 615, 616, 617, 618, 619, 620, 621, 622, 623, 624, 625, 626, 627, 628, 629, 630, 631, 632, 633, 634, 635, 636, 637, 638, 639, 640, 641, 642, 643, 644, 645, 646, 647, 648, 649, 650, 651, 652, 653, 654, 655, 656, 657, 658, 659, 660, 661, 662, 663, 664, 665, 666, 667, 668, 669, 670, 671, 672, 673, 674, 675, 676, 677, 678, 679, 680, 681, 682, 683, 684, 685, 686, 687, 688, 689, 690, 691, 692, 693, 694, 695, 696, 697, 698, 699, 700, 701, 702, 703, 704, 705, 706, 707, 708, 709, 710, 711, 712, 713, 714, 715, 716, 717, 718, 719, 720, 721, 722, 723, 724, 725, 726, 727, 728, 729, 730, 731, 732, 733, 734, 735, 736, 737, 738, 739, 740, 741, 742, 743, 744, 745, 746, 747, 748, 749, 750, 751, 752, 753, 754, 755, 756, 757, 758, 759, 760, 761, 762, 763, 764, 765, 766, 767, 768, 769, 770, 771, 772, 773, 774, 775, 776, 777, 778, 779, 780, 781, 782, 783, 784, 785, 786, 787, 788, 789, 790, 791, 792, 793]","[58, 181, 233, 236, 304, 652, 697, 700, 762]","[181, 236, 652, 700]","[143, 145, 181, 233, 234, 236, 295, 330, 614, 616, 652, 697, 698, 700, 754, 787]","[1, 13, 14, 29, 54, 55, 56, 57, 58, 60, 102, 118, 125, 127, 130, 134, 146, 149, 153, 175, 182, 187, 189, 191, 197, 225, 230, 238, 264, 265, 266, 286, 302, 317, 336, 354, 379, 388, 389, 425, 454, 458, 463, 475, 487, 498, 499, 512, 530, 531, 532, 533, 534, 536, 573, 589, 596, 598, 601, 605, 617, 620, 624, 646, 653, 658, 660, 662, 668, 689, 694, 702, 724, 725, 745, 760, 775, 793, 809, 829, 838, 839, 877, 901, 903, 905, 910, 923]","[1, 13, 14, 29, 54, 55, 56, 57, 58, 60, 102, 118, 125, 127, 130, 134, 146, 149, 153, 175, 182, 187, 189, 191, 197, 225, 230, 238, 264, 265, 266, 286, 302, 317, 336, 379, 388, 389, 425, 454, 458, 463, 475, 487, 498, 499, 512, 530, 531, 532, 533, 534, 536, 573, 589, 596, 598, 601, 605, 617, 620, 624, 646, 653, 658, 660, 662, 668, 689, 694, 702, 724, 725, 745, 760, 775, 793, 829, 838, 839, 877, 901, 903, 905, 910, 923]",5/6 successful match,False,,False,702,False,,,,,
"Long Beach , 90810 Long Beach Travel Center ( Shell )",562-432-0505 I-710 Ex 2 ( 2 blks W to 1670 W CA 1 ),) HRS 24 000,Long Beach,90810,Long Beach Travel Center ( Shell ),562-432-0505,2007,Long Beach,CA,Shell,( 2 blks W to 1670 W CA 1 ),I-710 Ex 2 ,Exit,2,False,,False,I-710,,,,,[],"[181, 236, 652, 700]","[58, 181, 233, 236, 304, 652, 697, 700, 762]","[181, 236, 652, 700]","[103, 104, 105, 106, 107, 108, 109, 110, 111, 112, 113, 114, 115, 116, 117, 118, 119, 120, 121, 122, 123, 124, 125, 126, 127, 128, 129, 130, 131, 132, 133, 134, 135, 136, 137, 138, 139, 140, 141, 142, 143, 144, 145, 146, 147, 148, 149, 150, 151, 152, 153, 154, 155, 156, 157, 158, 159, 160, 161, 162, 163, 164, 165, 166, 167, 168, 169, 170, 171, 172, 173, 174, 175, 176, 177, 178, 179, 180, 181, 182, 183, 184, 185, 186, 187, 188, 189, 190, 191, 192, 193, 194, 195, 196, 197, 198, 199, 200, 201, 202, 203, 204, 205, 206, 207, 208, 209, 210, 211, 212, 213, 214, 215, 216, 217, 218, 219, 220, 221, 222, 223, 224, 225, 226, 227, 228, 229, 230, 231, 232, 233, 234, 235, 236, 237, 238, 239, 240, 241, 242, 243, 244, 245, 246, 247, 248, 249, 250, 251, 252, 253, 254, 255, 256, 257, 258, 259, 260, 261, 262, 263, 264, 265, 266, 267, 268, 269, 270, 271, 272, 273, 274, 275, 276, 277, 278, 279, 280, 281, 282, 283, 284, 285, 286, 287, 288, 289, 290, 291, 292, 293, 294, 295, 296, 297, 298, 299, 300, 301, 302, 303, 304, 305, 306, 307, 308, 309, 310, 311, 312, 313, 314, 315, 316, 317, 318, 319, 320, 321, 322, 323, 324, 325, 326, 327, 328, 329, 330, 331, 332, 333, 334, 335, 336, 337, 574, 575, 576, 577, 578, 579, 580, 581, 582, 583, 584, 585, 586, 587, 588, 589, 590, 591, 592, 593, 594, 595, 596, 597, 598, 599, 600, 601, 602, 603, 604, 605, 606, 607, 608, 609, 610, 611, 612, 613, 614, 615, 616, 617, 618, 619, 620, 621, 622, 623, 624, 625, 626, 627, 628, 629, 630, 631, 632, 633, 634, 635, 636, 637, 638, 639, 640, 641, 642, 643, 644, 645, 646, 647, 648, 649, 650, 651, 652, 653, 654, 655, 656, 657, 658, 659, 660, 661, 662, 663, 664, 665, 666, 667, 668, 669, 670, 671, 672, 673, 674, 675, 676, 677, 678, 679, 680, 681, 682, 683, 684, 685, 686, 687, 688, 689, 690, 691, 692, 693, 694, 695, 696, 697, 698, 699, 700, 701, 702, 703, 704, 705, 706, 707, 708, 709, 710, 711, 712, 713, 714, 715, 716, 717, 718, 719, 720, 721, 722, 723, 724, 725, 726, 727, 728, 729, 730, 731, 732, 733, 734, 735, 736, 737, 738, 739, 740, 741, 742, 743, 744, 745, 746, 747, 748, 749, 750, 751, 752, 753, 754, 755, 756, 757, 758, 759, 760, 761, 762, 763, 764, 765, 766, 767, 768, 769, 770, 771, 772, 773, 774, 775, 776, 777, 778, 779, 780, 781, 782, 783, 784, 785, 786, 787, 788, 789, 790, 791, 792, 793]","[143, 145, 181, 233, 234, 236, 295, 330, 614, 616, 652, 697, 698, 700, 754, 787]","[1, 13, 14, 29, 54, 55, 56, 57, 58, 60, 102, 118, 125, 127, 130, 134, 146, 149, 153, 175, 182, 187, 189, 191, 197, 225, 230, 238, 264, 265, 266, 286, 302, 317, 336, 379, 388, 389, 425, 454, 458, 463, 475, 487, 498, 499, 512, 530, 531, 532, 533, 534, 536, 573, 589, 596, 598, 601, 605, 617, 620, 624, 646, 653, 658, 660, 662, 668, 689, 694, 702, 724, 725, 745, 760, 775, 793, 829, 838, 839, 877, 901, 903, 905, 910, 923]","[1, 13, 14, 29, 54, 55, 56, 57, 58, 60, 102, 118, 125, 127, 130, 134, 146, 149, 153, 175, 182, 187, 189, 191, 197, 225, 230, 238, 264, 265, 266, 286, 302, 317, 336, 354, 379, 388, 389, 425, 454, 458, 463, 475, 487, 498, 499, 512, 530, 531, 532, 533, 534, 536, 573, 589, 596, 598, 601, 605, 617, 620, 624, 646, 653, 658, 660, 662, 668, 689, 694, 702, 724, 725, 745, 760, 775, 793, 809, 829, 838, 839, 877, 901, 903, 905, 910, 923]","[1, 13, 14, 29, 54, 55, 56, 57, 58, 60, 102, 103, 104, 105, 106, 107, 108, 109, 110, 111, 112, 113, 114, 115, 116, 117, 118, 119, 120, 121, 122, 123, 124, 125, 126, 127, 128, 129, 130, 131, 132, 133, 134, 135, 136, 137, 138, 139, 140, 141, 142, 143, 144, 145, 146, 147, 148, 149, 150, 151, 152, 153, 154, 155, 156, 157, 158, 159, 160, 161, 162, 163, 164, 165, 166, 167, 168, 169, 170, 171, 172, 173, 174, 175, 176, 177, 178, 179, 180, 181, 182, 183, 184, 185, 186, 187, 188, 189, 190, 191, 192, 193, 194, 195, 196, 197, 198, 199, 200, 201, 202, 203, 204, 205, 206, 207, 208, 209, 210, 211, 212, 213, 214, 215, 216, 217, 218, 219, 220, 221, 222, 223, 224, 225, 226, 227, 228, 229, 230, 231, 232, 233, 234, 235, 236, 237, 238, 239, 240, 241, 242, 243, 244, 245, 246, 247, 248, 249, 250, 251, 252, 253, 254, 255, 256, 257, 258, 259, 260, 261, 262, 263, 264, 265, 266, 267, 268, 269, 270, 271, 272, 273, 274, 275, 276, 277, 278, 279, 280, 281, 282, 283, 284, 285, 286, 287, 288, 289, 290, 291, 292, 293, 294, 295, 296, 297, 298, 299, 300, 301, 302, 303, 304, 305, 306, 307, 308, 309, 310, 311, 312, 313, 314, 315, 316, 317, 318, 319, 320, 321, 322, 323, 324, 325, 326, 327, 328, 329, 330, 331, 332, 333, 334, 335, 336, 337, 354, 379, 388, 389, 425, 454, 458, 463, 475, 487, 498, 499, 512, 530, 531, 532, 533, 534, 536, 573, 574, 575, 576, 577, 578, 579, 580, 581, 582, 583, 584, 585, 586, 587, 588, 589, 590, 591, 592, 593, 594, 595, 596, 597, 598, 599, 600, 601, 602, 603, 604, 605, 606, 607, 608, 609, 610, 611, 612, 613, 614, 615, 616, 617, 618, 619, 620, 621, 622, 623, 624, 625, 626, 627, 628, 629, 630, 631, 632, 633, 634, 635, 636, 637, 638, 639, 640, 641, 642, 643, 644, 645, 646, 647, 648, 649, 650, 651, 652, 653, 654, 655, 656, 657, 658, 659, 660, 661, 662, 663, 664, 665, 666, 667, 668, 669, 670, 671, 672, 673, 674, 675, 676, 677, 678, 679, 680, 681, 682, 683, 684, 685, 686, 687, 688, 689, 690, 691, 692, 693, 694, 695, 696, 697, 698, 699, 700, 701, 702, 703, 704, 705, 706, 707, 708, 709, 710, 711, 712, 713, 714, 715, 716, 717, 718, 719, 720, 721, 722, 723, 724, 725, 726, 727, 728, 729, 730, 731, 732, 733, 734, 735, 736, 737, 738, 739, 740, 741, 742, 743, 744, 745, 746, 747, 748, 749, 750, 751, 752, 753, 754, 755, 756, 757, 758, 759, 760, 761, 762, 763, 764, 765, 766, 767, 768, 769, 770, 771, 772, 773, 774, 775, 776, 777, 778, 779, 780, 781, 782, 783, 784, 785, 786, 787, 788, 789, 790, 791, 792, 793, 809, 829, 838, 839, 877, 901, 903, 905, 910, 923]",False,"[181, 236, 652, 700]","[103, 104, 105, 106, 107, 108, 109, 110, 111, 112, 113, 114, 115, 116, 117, 118, 119, 120, 121, 122, 123, 124, 125, 126, 127, 128, 129, 130, 131, 132, 133, 134, 135, 136, 137, 138, 139, 140, 141, 142, 143, 144, 145, 146, 147, 148, 149, 150, 151, 152, 153, 154, 155, 156, 157, 158, 159, 160, 161, 162, 163, 164, 165, 166, 167, 168, 169, 170, 171, 172, 173, 174, 175, 176, 177, 178, 179, 180, 181, 182, 183, 184, 185, 186, 187, 188, 189, 190, 191, 192, 193, 194, 195, 196, 197, 198, 199, 200, 201, 202, 203, 204, 205, 206, 207, 208, 209, 210, 211, 212, 213, 214, 215, 216, 217, 218, 219, 220, 221, 222, 223, 224, 225, 226, 227, 228, 229, 230, 231, 232, 233, 234, 235, 236, 237, 238, 239, 240, 241, 242, 243, 244, 245, 246, 247, 248, 249, 250, 251, 252, 253, 254, 255, 256, 257, 258, 259, 260, 261, 262, 263, 264, 265, 266, 267, 268, 269, 270, 271, 272, 273, 274, 275, 276, 277, 278, 279, 280, 281, 282, 283, 284, 285, 286, 287, 288, 289, 290, 291, 292, 293, 294, 295, 296, 297, 298, 299, 300, 301, 302, 303, 304, 305, 306, 307, 308, 309, 310, 311, 312, 313, 314, 315, 316, 317, 318, 319, 320, 321, 322, 323, 324, 325, 326, 327, 328, 329, 330, 331, 332, 333, 334, 335, 336, 337, 574, 575, 576, 577, 578, 579, 580, 581, 582, 583, 584, 585, 586, 587, 588, 589, 590, 591, 592, 593, 594, 595, 596, 597, 598, 599, 600, 601, 602, 603, 604, 605, 606, 607, 608, 609, 610, 611, 612, 613, 614, 615, 616, 617, 618, 619, 620, 621, 622, 623, 624, 625, 626, 627, 628, 629, 630, 631, 632, 633, 634, 635, 636, 637, 638, 639, 640, 641, 642, 643, 644, 645, 646, 647, 648, 649, 650, 651, 652, 653, 654, 655, 656, 657, 658, 659, 660, 661, 662, 663, 664, 665, 666, 667, 668, 669, 670, 671, 672, 673, 674, 675, 676, 677, 678, 679, 680, 681, 682, 683, 684, 685, 686, 687, 688, 689, 690, 691, 692, 693, 694, 695, 696, 697, 698, 699, 700, 701, 702, 703, 704, 705, 706, 707, 708, 709, 710, 711, 712, 713, 714, 715, 716, 717, 718, 719, 720, 721, 722, 723, 724, 725, 726, 727, 728, 729, 730, 731, 732, 733, 734, 735, 736, 737, 738, 739, 740, 741, 742, 743, 744, 745, 746, 747, 748, 749, 750, 751, 752, 753, 754, 755, 756, 757, 758, 759, 760, 761, 762, 763, 764, 765, 766, 767, 768, 769, 770, 771, 772, 773, 774, 775, 776, 777, 778, 779, 780, 781, 782, 783, 784, 785, 786, 787, 788, 789, 790, 791, 792, 793]","[58, 181, 233, 236, 304, 652, 697, 700, 762]","[181, 236, 652, 700]","[143, 145, 181, 233, 234, 236, 295, 330, 614, 616, 652, 697, 698, 700, 754, 787]","[1, 13, 14, 29, 54, 55, 56, 57, 58, 60, 102, 118, 125, 127, 130, 134, 146, 149, 153, 175, 182, 187, 189, 191, 197, 225, 230, 238, 264, 265, 266, 286, 302, 317, 336, 354, 379, 388, 389, 425, 454, 458, 463, 475, 487, 498, 499, 512, 530, 531, 532, 533, 534, 536, 573, 589, 596, 598, 601, 605, 617, 620, 624, 646, 653, 658, 660, 662, 668, 689, 694, 702, 724, 725, 745, 760, 775, 793, 809, 829, 838, 839, 877, 901, 903, 905, 910, 923]","[1, 13, 14, 29, 54, 55, 56, 57, 58, 60, 102, 118, 125, 127, 130, 134, 146, 149, 153, 175, 182, 187, 189, 191, 197, 225, 230, 238, 264, 265, 266, 286, 302, 317, 336, 379, 388, 389, 425, 454, 458, 463, 475, 487, 498, 499, 512, 530, 531, 532, 533, 534, 536, 573, 589, 596, 598, 601, 605, 617, 620, 624, 646, 653, 658, 660, 662, 668, 689, 694, 702, 724, 725, 745, 760, 775, 793, 829, 838, 839, 877, 901, 903, 905, 910, 923]",5/6 successful match,False,,False,702,False,,1.0,True,Long Beach Travel Center ( Shell ),Shell
"Long Beach , 90810 Long Beach Travel Center ( Shell ) ( CA 1 )",562-432-0505 I-710 Ex 2 ( 2 blks W to 1670 PCH ( CA 1 ),1 ) ) 24 <U+2610>,Long Beach,90810,Long Beach Travel Center ( Shell ) ( CA 1 ),562-432-0505,2008,Long Beach,CA,Shell,( 2 blks W to 1670 PCH ( CA 1 ),I-710 Ex 2 ,Exit,2,False,,False,I-710,,,,,[],"[181, 236, 652, 700]","[58, 181, 233, 236, 304, 652, 697, 700, 762]","[181, 236, 652, 700]","[103, 104, 105, 106, 107, 108, 109, 110, 111, 112, 113, 114, 115, 116, 117, 118, 119, 120, 121, 122, 123, 124, 125, 126, 127, 128, 129, 130, 131, 132, 133, 134, 135, 136, 137, 138, 139, 140, 141, 142, 143, 144, 145, 146, 147, 148, 149, 150, 151, 152, 153, 154, 155, 156, 157, 158, 159, 160, 161, 162, 163, 164, 165, 166, 167, 168, 169, 170, 171, 172, 173, 174, 175, 176, 177, 178, 179, 180, 181, 182, 183, 184, 185, 186, 187, 188, 189, 190, 191, 192, 193, 194, 195, 196, 197, 198, 199, 200, 201, 202, 203, 204, 205, 206, 207, 208, 209, 210, 211, 212, 213, 214, 215, 216, 217, 218, 219, 220, 221, 222, 223, 224, 225, 226, 227, 228, 229, 230, 231, 232, 233, 234, 235, 236, 237, 238, 239, 240, 241, 242, 243, 244, 245, 246, 247, 248, 249, 250, 251, 252, 253, 254, 255, 256, 257, 258, 259, 260, 261, 262, 263, 264, 265, 266, 267, 268, 269, 270, 271, 272, 273, 274, 275, 276, 277, 278, 279, 280, 281, 282, 283, 284, 285, 286, 287, 288, 289, 290, 291, 292, 293, 294, 295, 296, 297, 298, 299, 300, 301, 302, 303, 304, 305, 306, 307, 308, 309, 310, 311, 312, 313, 314, 315, 316, 317, 318, 319, 320, 321, 322, 323, 324, 325, 326, 327, 328, 329, 330, 331, 332, 333, 334, 335, 336, 337, 574, 575, 576, 577, 578, 579, 580, 581, 582, 583, 584, 585, 586, 587, 588, 589, 590, 591, 592, 593, 594, 595, 596, 597, 598, 599, 600, 601, 602, 603, 604, 605, 606, 607, 608, 609, 610, 611, 612, 613, 614, 615, 616, 617, 618, 619, 620, 621, 622, 623, 624, 625, 626, 627, 628, 629, 630, 631, 632, 633, 634, 635, 636, 637, 638, 639, 640, 641, 642, 643, 644, 645, 646, 647, 648, 649, 650, 651, 652, 653, 654, 655, 656, 657, 658, 659, 660, 661, 662, 663, 664, 665, 666, 667, 668, 669, 670, 671, 672, 673, 674, 675, 676, 677, 678, 679, 680, 681, 682, 683, 684, 685, 686, 687, 688, 689, 690, 691, 692, 693, 694, 695, 696, 697, 698, 699, 700, 701, 702, 703, 704, 705, 706, 707, 708, 709, 710, 711, 712, 713, 714, 715, 716, 717, 718, 719, 720, 721, 722, 723, 724, 725, 726, 727, 728, 729, 730, 731, 732, 733, 734, 735, 736, 737, 738, 739, 740, 741, 742, 743, 744, 745, 746, 747, 748, 749, 750, 751, 752, 753, 754, 755, 756, 757, 758, 759, 760, 761, 762, 763, 764, 765, 766, 767, 768, 769, 770, 771, 772, 773, 774, 775, 776, 777, 778, 779, 780, 781, 782, 783, 784, 785, 786, 787, 788, 789, 790, 791, 792, 793]","[143, 145, 181, 233, 234, 236, 295, 330, 614, 616, 652, 697, 698, 700, 754, 787]","[1, 13, 14, 29, 54, 55, 56, 57, 58, 60, 102, 118, 125, 127, 130, 134, 146, 149, 153, 175, 182, 187, 189, 191, 197, 225, 230, 238, 264, 265, 266, 286, 302, 317, 336, 379, 388, 389, 425, 454, 458, 463, 475, 487, 498, 499, 512, 530, 531, 532, 533, 534, 536, 573, 589, 596, 598, 601, 605, 617, 620, 624, 646, 653, 658, 660, 662, 668, 689, 694, 702, 724, 725, 745, 760, 775, 793, 829, 838, 839, 877, 901, 903, 905, 910, 923]","[1, 13, 14, 29, 54, 55, 56, 57, 58, 60, 102, 118, 125, 127, 130, 134, 146, 149, 153, 175, 182, 187, 189, 191, 197, 225, 230, 238, 264, 265, 266, 286, 302, 317, 336, 354, 379, 388, 389, 425, 454, 458, 463, 475, 487, 498, 499, 512, 530, 531, 532, 533, 534, 536, 573, 589, 596, 598, 601, 605, 617, 620, 624, 646, 653, 658, 660, 662, 668, 689, 694, 702, 724, 725, 745, 760, 775, 793, 809, 829, 838, 839, 877, 901, 903, 905, 910, 923]","[1, 13, 14, 29, 54, 55, 56, 57, 58, 60, 102, 103, 104, 105, 106, 107, 108, 109, 110, 111, 112, 113, 114, 115, 116, 117, 118, 119, 120, 121, 122, 123, 124, 125, 126, 127, 128, 129, 130, 131, 132, 133, 134, 135, 136, 137, 138, 139, 140, 141, 142, 143, 144, 145, 146, 147, 148, 149, 150, 151, 152, 153, 154, 155, 156, 157, 158, 159, 160, 161, 162, 163, 164, 165, 166, 167, 168, 169, 170, 171, 172, 173, 174, 175, 176, 177, 178, 179, 180, 181, 182, 183, 184, 185, 186, 187, 188, 189, 190, 191, 192, 193, 194, 195, 196, 197, 198, 199, 200, 201, 202, 203, 204, 205, 206, 207, 208, 209, 210, 211, 212, 213, 214, 215, 216, 217, 218, 219, 220, 221, 222, 223, 224, 225, 226, 227, 228, 229, 230, 231, 232, 233, 234, 235, 236, 237, 238, 239, 240, 241, 242, 243, 244, 245, 246, 247, 248, 249, 250, 251, 252, 253, 254, 255, 256, 257, 258, 259, 260, 261, 262, 263, 264, 265, 266, 267, 268, 269, 270, 271, 272, 273, 274, 275, 276, 277, 278, 279, 280, 281, 282, 283, 284, 285, 286, 287, 288, 289, 290, 291, 292, 293, 294, 295, 296, 297, 298, 299, 300, 301, 302, 303, 304, 305, 306, 307, 308, 309, 310, 311, 312, 313, 314, 315, 316, 317, 318, 319, 320, 321, 322, 323, 324, 325, 326, 327, 328, 329, 330, 331, 332, 333, 334, 335, 336, 337, 354, 379, 388, 389, 425, 454, 458, 463, 475, 487, 498, 499, 512, 530, 531, 532, 533, 534, 536, 573, 574, 575, 576, 577, 578, 579, 580, 581, 582, 583, 584, 585, 586, 587, 588, 589, 590, 591, 592, 593, 594, 595, 596, 597, 598, 599, 600, 601, 602, 603, 604, 605, 606, 607, 608, 609, 610, 611, 612, 613, 614, 615, 616, 617, 618, 619, 620, 621, 622, 623, 624, 625, 626, 627, 628, 629, 630, 631, 632, 633, 634, 635, 636, 637, 638, 639, 640, 641, 642, 643, 644, 645, 646, 647, 648, 649, 650, 651, 652, 653, 654, 655, 656, 657, 658, 659, 660, 661, 662, 663, 664, 665, 666, 667, 668, 669, 670, 671, 672, 673, 674, 675, 676, 677, 678, 679, 680, 681, 682, 683, 684, 685, 686, 687, 688, 689, 690, 691, 692, 693, 694, 695, 696, 697, 698, 699, 700, 701, 702, 703, 704, 705, 706, 707, 708, 709, 710, 711, 712, 713, 714, 715, 716, 717, 718, 719, 720, 721, 722, 723, 724, 725, 726, 727, 728, 729, 730, 731, 732, 733, 734, 735, 736, 737, 738, 739, 740, 741, 742, 743, 744, 745, 746, 747, 748, 749, 750, 751, 752, 753, 754, 755, 756, 757, 758, 759, 760, 761, 762, 763, 764, 765, 766, 767, 768, 769, 770, 771, 772, 773, 774, 775, 776, 777, 778, 779, 780, 781, 782, 783, 784, 785, 786, 787, 788, 789, 790, 791, 792, 793, 809, 829, 838, 839, 877, 901, 903, 905, 910, 923]",False,"[181, 236, 652, 700]","[103, 104, 105, 106, 107, 108, 109, 110, 111, 112, 113, 114, 115, 116, 117, 118, 119, 120, 121, 122, 123, 124, 125, 126, 127, 128, 129, 130, 131, 132, 133, 134, 135, 136, 137, 138, 139, 140, 141, 142, 143, 144, 145, 146, 147, 148, 149, 150, 151, 152, 153, 154, 155, 156, 157, 158, 159, 160, 161, 162, 163, 164, 165, 166, 167, 168, 169, 170, 171, 172, 173, 174, 175, 176, 177, 178, 179, 180, 181, 182, 183, 184, 185, 186, 187, 188, 189, 190, 191, 192, 193, 194, 195, 196, 197, 198, 199, 200, 201, 202, 203, 204, 205, 206, 207, 208, 209, 210, 211, 212, 213, 214, 215, 216, 217, 218, 219, 220, 221, 222, 223, 224, 225, 226, 227, 228, 229, 230, 231, 232, 233, 234, 235, 236, 237, 238, 239, 240, 241, 242, 243, 244, 245, 246, 247, 248, 249, 250, 251, 252, 253, 254, 255, 256, 257, 258, 259, 260, 261, 262, 263, 264, 265, 266, 267, 268, 269, 270, 271, 272, 273, 274, 275, 276, 277, 278, 279, 280, 281, 282, 283, 284, 285, 286, 287, 288, 289, 290, 291, 292, 293, 294, 295, 296, 297, 298, 299, 300, 301, 302, 303, 304, 305, 306, 307, 308, 309, 310, 311, 312, 313, 314, 315, 316, 317, 318, 319, 320, 321, 322, 323, 324, 325, 326, 327, 328, 329, 330, 331, 332, 333, 334, 335, 336, 337, 574, 575, 576, 577, 578, 579, 580, 581, 582, 583, 584, 585, 586, 587, 588, 589, 590, 591, 592, 593, 594, 595, 596, 597, 598, 599, 600, 601, 602, 603, 604, 605, 606, 607, 608, 609, 610, 611, 612, 613, 614, 615, 616, 617, 618, 619, 620, 621, 622, 623, 624, 625, 626, 627, 628, 629, 630, 631, 632, 633, 634, 635, 636, 637, 638, 639, 640, 641, 642, 643, 644, 645, 646, 647, 648, 649, 650, 651, 652, 653, 654, 655, 656, 657, 658, 659, 660, 661, 662, 663, 664, 665, 666, 667, 668, 669, 670, 671, 672, 673, 674, 675, 676, 677, 678, 679, 680, 681, 682, 683, 684, 685, 686, 687, 688, 689, 690, 691, 692, 693, 694, 695, 696, 697, 698, 699, 700, 701, 702, 703, 704, 705, 706, 707, 708, 709, 710, 711, 712, 713, 714, 715, 716, 717, 718, 719, 720, 721, 722, 723, 724, 725, 726, 727, 728, 729, 730, 731, 732, 733, 734, 735, 736, 737, 738, 739, 740, 741, 742, 743, 744, 745, 746, 747, 748, 749, 750, 751, 752, 753, 754, 755, 756, 757, 758, 759, 760, 761, 762, 763, 764, 765, 766, 767, 768, 769, 770, 771, 772, 773, 774, 775, 776, 777, 778, 779, 780, 781, 782, 783, 784, 785, 786, 787, 788, 789, 790, 791, 792, 793]","[58, 181, 233, 236, 304, 652, 697, 700, 762]","[181, 236, 652, 700]","[143, 145, 181, 233, 234, 236, 295, 330, 614, 616, 652, 697, 698, 700, 754, 787]","[1, 13, 14, 29, 54, 55, 56, 57, 58, 60, 102, 118, 125, 127, 130, 134, 146, 149, 153, 175, 182, 187, 189, 191, 197, 225, 230, 238, 264, 265, 266, 286, 302, 317, 336, 354, 379, 388, 389, 425, 454, 458, 463, 475, 487, 498, 499, 512, 530, 531, 532, 533, 534, 536, 573, 589, 596, 598, 601, 605, 617, 620, 624, 646, 653, 658, 660, 662, 668, 689, 694, 702, 724, 725, 745, 760, 775, 793, 809, 829, 838, 839, 877, 901, 903, 905, 910, 923]","[1, 13, 14, 29, 54, 55, 56, 57, 58, 60, 102, 118, 125, 127, 130, 134, 146, 149, 153, 175, 182, 187, 189, 191, 197, 225, 230, 238, 264, 265, 266, 286, 302, 317, 336, 379, 388, 389, 425, 454, 458, 463, 475, 487, 498, 499, 512, 530, 531, 532, 533, 534, 536, 573, 589, 596, 598, 601, 605, 617, 620, 624, 646, 653, 658, 660, 662, 668, 689, 694, 702, 724, 725, 745, 760, 775, 793, 829, 838, 839, 877, 901, 903, 905, 910, 923]",5/6 successful match,False,,False,702,False,,1.0,True,Long Beach Travel Center ( Shell ),Shell
D Long Beach ( 90810 ) Long Beach Travel Center ( Shell ),5 562-432-0505 I-710 Exit 2 ( 2 blks W to 1670 W PCH ),) 24 <U+2610>,Long Beach,90810,Long Beach Travel Center ( Shell ),562-432-0505,2014,Long Beach,CA,Shell,( 2 blks W to 1670 W PCH ),I-710 Exit 2 ,Exit,2,False,,False,I-710,,,,,[],"[181, 236, 652, 700]","[58, 181, 233, 236, 304, 652, 697, 700, 762]","[181, 236, 652, 700]","[103, 104, 105, 106, 107, 108, 109, 110, 111, 112, 113, 114, 115, 116, 117, 118, 119, 120, 121, 122, 123, 124, 125, 126, 127, 128, 129, 130, 131, 132, 133, 134, 135, 136, 137, 138, 139, 140, 141, 142, 143, 144, 145, 146, 147, 148, 149, 150, 151, 152, 153, 154, 155, 156, 157, 158, 159, 160, 161, 162, 163, 164, 165, 166, 167, 168, 169, 170, 171, 172, 173, 174, 175, 176, 177, 178, 179, 180, 181, 182, 183, 184, 185, 186, 187, 188, 189, 190, 191, 192, 193, 194, 195, 196, 197, 198, 199, 200, 201, 202, 203, 204, 205, 206, 207, 208, 209, 210, 211, 212, 213, 214, 215, 216, 217, 218, 219, 220, 221, 222, 223, 224, 225, 226, 227, 228, 229, 230, 231, 232, 233, 234, 235, 236, 237, 238, 239, 240, 241, 242, 243, 244, 245, 246, 247, 248, 249, 250, 251, 252, 253, 254, 255, 256, 257, 258, 259, 260, 261, 262, 263, 264, 265, 266, 267, 268, 269, 270, 271, 272, 273, 274, 275, 276, 277, 278, 279, 280, 281, 282, 283, 284, 285, 286, 287, 288, 289, 290, 291, 292, 293, 294, 295, 296, 297, 298, 299, 300, 301, 302, 303, 304, 305, 306, 307, 308, 309, 310, 311, 312, 313, 314, 315, 316, 317, 318, 319, 320, 321, 322, 323, 324, 325, 326, 327, 328, 329, 330, 331, 332, 333, 334, 335, 336, 337, 574, 575, 576, 577, 578, 579, 580, 581, 582, 583, 584, 585, 586, 587, 588, 589, 590, 591, 592, 593, 594, 595, 596, 597, 598, 599, 600, 601, 602, 603, 604, 605, 606, 607, 608, 609, 610, 611, 612, 613, 614, 615, 616, 617, 618, 619, 620, 621, 622, 623, 624, 625, 626, 627, 628, 629, 630, 631, 632, 633, 634, 635, 636, 637, 638, 639, 640, 641, 642, 643, 644, 645, 646, 647, 648, 649, 650, 651, 652, 653, 654, 655, 656, 657, 658, 659, 660, 661, 662, 663, 664, 665, 666, 667, 668, 669, 670, 671, 672, 673, 674, 675, 676, 677, 678, 679, 680, 681, 682, 683, 684, 685, 686, 687, 688, 689, 690, 691, 692, 693, 694, 695, 696, 697, 698, 699, 700, 701, 702, 703, 704, 705, 706, 707, 708, 709, 710, 711, 712, 713, 714, 715, 716, 717, 718, 719, 720, 721, 722, 723, 724, 725, 726, 727, 728, 729, 730, 731, 732, 733, 734, 735, 736, 737, 738, 739, 740, 741, 742, 743, 744, 745, 746, 747, 748, 749, 750, 751, 752, 753, 754, 755, 756, 757, 758, 759, 760, 761, 762, 763, 764, 765, 766, 767, 768, 769, 770, 771, 772, 773, 774, 775, 776, 777, 778, 779, 780, 781, 782, 783, 784, 785, 786, 787, 788, 789, 790, 791, 792, 793]","[143, 145, 181, 233, 234, 236, 295, 330, 614, 616, 652, 697, 698, 700, 754, 787]","[1, 13, 14, 29, 54, 55, 56, 57, 58, 60, 102, 118, 125, 127, 130, 134, 146, 149, 153, 175, 182, 187, 189, 191, 197, 225, 230, 238, 264, 265, 266, 286, 302, 317, 336, 379, 388, 389, 425, 454, 458, 463, 475, 487, 498, 499, 512, 530, 531, 532, 533, 534, 536, 573, 589, 596, 598, 601, 605, 617, 620, 624, 646, 653, 658, 660, 662, 668, 689, 694, 702, 724, 725, 745, 760, 775, 793, 829, 838, 839, 877, 901, 903, 905, 910, 923]","[1, 13, 14, 29, 54, 55, 56, 57, 58, 60, 102, 118, 125, 127, 130, 134, 146, 149, 153, 175, 182, 187, 189, 191, 197, 225, 230, 238, 264, 265, 266, 286, 302, 317, 336, 354, 379, 388, 389, 425, 454, 458, 463, 475, 487, 498, 499, 512, 530, 531, 532, 533, 534, 536, 573, 589, 596, 598, 601, 605, 617, 620, 624, 646, 653, 658, 660, 662, 668, 689, 694, 702, 724, 725, 745, 760, 775, 793, 809, 829, 838, 839, 877, 901, 903, 905, 910, 923]","[1, 13, 14, 29, 54, 55, 56, 57, 58, 60, 102, 103, 104, 105, 106, 107, 108, 109, 110, 111, 112, 113, 114, 115, 116, 117, 118, 119, 120, 121, 122, 123, 124, 125, 126, 127, 128, 129, 130, 131, 132, 133, 134, 135, 136, 137, 138, 139, 140, 141, 142, 143, 144, 145, 146, 147, 148, 149, 150, 151, 152, 153, 154, 155, 156, 157, 158, 159, 160, 161, 162, 163, 164, 165, 166, 167, 168, 169, 170, 171, 172, 173, 174, 175, 176, 177, 178, 179, 180, 181, 182, 183, 184, 185, 186, 187, 188, 189, 190, 191, 192, 193, 194, 195, 196, 197, 198, 199, 200, 201, 202, 203, 204, 205, 206, 207, 208, 209, 210, 211, 212, 213, 214, 215, 216, 217, 218, 219, 220, 221, 222, 223, 224, 225, 226, 227, 228, 229, 230, 231, 232, 233, 234, 235, 236, 237, 238, 239, 240, 241, 242, 243, 244, 245, 246, 247, 248, 249, 250, 251, 252, 253, 254, 255, 256, 257, 258, 259, 260, 261, 262, 263, 264, 265, 266, 267, 268, 269, 270, 271, 272, 273, 274, 275, 276, 277, 278, 279, 280, 281, 282, 283, 284, 285, 286, 287, 288, 289, 290, 291, 292, 293, 294, 295, 296, 297, 298, 299, 300, 301, 302, 303, 304, 305, 306, 307, 308, 309, 310, 311, 312, 313, 314, 315, 316, 317, 318, 319, 320, 321, 322, 323, 324, 325, 326, 327, 328, 329, 330, 331, 332, 333, 334, 335, 336, 337, 354, 379, 388, 389, 425, 454, 458, 463, 475, 487, 498, 499, 512, 530, 531, 532, 533, 534, 536, 573, 574, 575, 576, 577, 578, 579, 580, 581, 582, 583, 584, 585, 586, 587, 588, 589, 590, 591, 592, 593, 594, 595, 596, 597, 598, 599, 600, 601, 602, 603, 604, 605, 606, 607, 608, 609, 610, 611, 612, 613, 614, 615, 616, 617, 618, 619, 620, 621, 622, 623, 624, 625, 626, 627, 628, 629, 630, 631, 632, 633, 634, 635, 636, 637, 638, 639, 640, 641, 642, 643, 644, 645, 646, 647, 648, 649, 650, 651, 652, 653, 654, 655, 656, 657, 658, 659, 660, 661, 662, 663, 664, 665, 666, 667, 668, 669, 670, 671, 672, 673, 674, 675, 676, 677, 678, 679, 680, 681, 682, 683, 684, 685, 686, 687, 688, 689, 690, 691, 692, 693, 694, 695, 696, 697, 698, 699, 700, 701, 702, 703, 704, 705, 706, 707, 708, 709, 710, 711, 712, 713, 714, 715, 716, 717, 718, 719, 720, 721, 722, 723, 724, 725, 726, 727, 728, 729, 730, 731, 732, 733, 734, 735, 736, 737, 738, 739, 740, 741, 742, 743, 744, 745, 746, 747, 748, 749, 750, 751, 752, 753, 754, 755, 756, 757, 758, 759, 760, 761, 762, 763, 764, 765, 766, 767, 768, 769, 770, 771, 772, 773, 774, 775, 776, 777, 778, 779, 780, 781, 782, 783, 784, 785, 786, 787, 788, 789, 790, 791, 792, 793, 809, 829, 838, 839, 877, 901, 903, 905, 910, 923]",False,"[181, 236, 652, 700]","[103, 104, 105, 106, 107, 108, 109, 110, 111, 112, 113, 114, 115, 116, 117, 118, 119, 120, 121, 122, 123, 124, 125, 126, 127, 128, 129, 130, 131, 132, 133, 134, 135, 136, 137, 138, 139, 140, 141, 142, 143, 144, 145, 146, 147, 148, 149, 150, 151, 152, 153, 154, 155, 156, 157, 158, 159, 160, 161, 162, 163, 164, 165, 166, 167, 168, 169, 170, 171, 172, 173, 174, 175, 176, 177, 178, 179, 180, 181, 182, 183, 184, 185, 186, 187, 188, 189, 190, 191, 192, 193, 194, 195, 196, 197, 198, 199, 200, 201, 202, 203, 204, 205, 206, 207, 208, 209, 210, 211, 212, 213, 214, 215, 216, 217, 218, 219, 220, 221, 222, 223, 224, 225, 226, 227, 228, 229, 230, 231, 232, 233, 234, 235, 236, 237, 238, 239, 240, 241, 242, 243, 244, 245, 246, 247, 248, 249, 250, 251, 252, 253, 254, 255, 256, 257, 258, 259, 260, 261, 262, 263, 264, 265, 266, 267, 268, 269, 270, 271, 272, 273, 274, 275, 276, 277, 278, 279, 280, 281, 282, 283, 284, 285, 286, 287, 288, 289, 290, 291, 292, 293, 294, 295, 296, 297, 298, 299, 300, 301, 302, 303, 304, 305, 306, 307, 308, 309, 310, 311, 312, 313, 314, 315, 316, 317, 318, 319, 320, 321, 322, 323, 324, 325, 326, 327, 328, 329, 330, 331, 332, 333, 334, 335, 336, 337, 574, 575, 576, 577, 578, 579, 580, 581, 582, 583, 584, 585, 586, 587, 588, 589, 590, 591, 592, 593, 594, 595, 596, 597, 598, 599, 600, 601, 602, 603, 604, 605, 606, 607, 608, 609, 610, 611, 612, 613, 614, 615, 616, 617, 618, 619, 620, 621, 622, 623, 624, 625, 626, 627, 628, 629, 630, 631, 632, 633, 634, 635, 636, 637, 638, 639, 640, 641, 642, 643, 644, 645, 646, 647, 648, 649, 650, 651, 652, 653, 654, 655, 656, 657, 658, 659, 660, 661, 662, 663, 664, 665, 666, 667, 668, 669, 670, 671, 672, 673, 674, 675, 676, 677, 678, 679, 680, 681, 682, 683, 684, 685, 686, 687, 688, 689, 690, 691, 692, 693, 694, 695, 696, 697, 698, 699, 700, 701, 702, 703, 704, 705, 706, 707, 708, 709, 710, 711, 712, 713, 714, 715, 716, 717, 718, 719, 720, 721, 722, 723, 724, 725, 726, 727, 728, 729, 730, 731, 732, 733, 734, 735, 736, 737, 738, 739, 740, 741, 742, 743, 744, 745, 746, 747, 748, 749, 750, 751, 752, 753, 754, 755, 756, 757, 758, 759, 760, 761, 762, 763, 764, 765, 766, 767, 768, 769, 770, 771, 772, 773, 774, 775, 776, 777, 778, 779, 780, 781, 782, 783, 784, 785, 786, 787, 788, 789, 790, 791, 792, 793]","[58, 181, 233, 236, 304, 652, 697, 700, 762]","[181, 236, 652, 700]","[143, 145, 181, 233, 234, 236, 295, 330, 614, 616, 652, 697, 698, 700, 754, 787]","[1, 13, 14, 29, 54, 55, 56, 57, 58, 60, 102, 118, 125, 127, 130, 134, 146, 149, 153, 175, 182, 187, 189, 191, 197, 225, 230, 238, 264, 265, 266, 286, 302, 317, 336, 354, 379, 388, 389, 425, 454, 458, 463, 475, 487, 498, 499, 512, 530, 531, 532, 533, 534, 536, 573, 589, 596, 598, 601, 605, 617, 620, 624, 646, 653, 658, 660, 662, 668, 689, 694, 702, 724, 725, 745, 760, 775, 793, 809, 829, 838, 839, 877, 901, 903, 905, 910, 923]","[1, 13, 14, 29, 54, 55, 56, 57, 58, 60, 102, 118, 125, 127, 130, 134, 146, 149, 153, 175, 182, 187, 189, 191, 197, 225, 230, 238, 264, 265, 266, 286, 302, 317, 336, 379, 388, 389, 425, 454, 458, 463, 475, 487, 498, 499, 512, 530, 531, 532, 533, 534, 536, 573, 589, 596, 598, 601, 605, 617, 620, 624, 646, 653, 658, 660, 662, 668, 689, 694, 702, 724, 725, 745, 760, 775, 793, 829, 838, 839, 877, 901, 903, 905, 910, 923]",5/6 successful match,False,,False,702,False,,1.0,True,Long Beach Travel Center ( Shell ) ( CA 1 ),Shell
D Long Beach ( 90810 ) Long Beach Travel Center ( Shell ),562-432-0505 I-710 Exit 2 ( 2 blks W to 1670 W PCH ),) 24 24 <U+2610>,Long Beach,90810,Long Beach Travel Center ( Shell ),562-432-0505,2015,Long Beach,CA,Shell,( 2 blks W to 1670 W PCH ),I-710 Exit 2 ,Exit,2,False,,False,I-710,,,,,[],"[181, 236, 652, 700]","[58, 181, 233, 236, 304, 652, 697, 700, 762]","[181, 236, 652, 700]","[103, 104, 105, 106, 107, 108, 109, 110, 111, 112, 113, 114, 115, 116, 117, 118, 119, 120, 121, 122, 123, 124, 125, 126, 127, 128, 129, 130, 131, 132, 133, 134, 135, 136, 137, 138, 139, 140, 141, 142, 143, 144, 145, 146, 147, 148, 149, 150, 151, 152, 153, 154, 155, 156, 157, 158, 159, 160, 161, 162, 163, 164, 165, 166, 167, 168, 169, 170, 171, 172, 173, 174, 175, 176, 177, 178, 179, 180, 181, 182, 183, 184, 185, 186, 187, 188, 189, 190, 191, 192, 193, 194, 195, 196, 197, 198, 199, 200, 201, 202, 203, 204, 205, 206, 207, 208, 209, 210, 211, 212, 213, 214, 215, 216, 217, 218, 219, 220, 221, 222, 223, 224, 225, 226, 227, 228, 229, 230, 231, 232, 233, 234, 235, 236, 237, 238, 239, 240, 241, 242, 243, 244, 245, 246, 247, 248, 249, 250, 251, 252, 253, 254, 255, 256, 257, 258, 259, 260, 261, 262, 263, 264, 265, 266, 267, 268, 269, 270, 271, 272, 273, 274, 275, 276, 277, 278, 279, 280, 281, 282, 283, 284, 285, 286, 287, 288, 289, 290, 291, 292, 293, 294, 295, 296, 297, 298, 299, 300, 301, 302, 303, 304, 305, 306, 307, 308, 309, 310, 311, 312, 313, 314, 315, 316, 317, 318, 319, 320, 321, 322, 323, 324, 325, 326, 327, 328, 329, 330, 331, 332, 333, 334, 335, 336, 337, 574, 575, 576, 577, 578, 579, 580, 581, 582, 583, 584, 585, 586, 587, 588, 589, 590, 591, 592, 593, 594, 595, 596, 597, 598, 599, 600, 601, 602, 603, 604, 605, 606, 607, 608, 609, 610, 611, 612, 613, 614, 615, 616, 617, 618, 619, 620, 621, 622, 623, 624, 625, 626, 627, 628, 629, 630, 631, 632, 633, 634, 635, 636, 637, 638, 639, 640, 641, 642, 643, 644, 645, 646, 647, 648, 649, 650, 651, 652, 653, 654, 655, 656, 657, 658, 659, 660, 661, 662, 663, 664, 665, 666, 667, 668, 669, 670, 671, 672, 673, 674, 675, 676, 677, 678, 679, 680, 681, 682, 683, 684, 685, 686, 687, 688, 689, 690, 691, 692, 693, 694, 695, 696, 697, 698, 699, 700, 701, 702, 703, 704, 705, 706, 707, 708, 709, 710, 711, 712, 713, 714, 715, 716, 717, 718, 719, 720, 721, 722, 723, 724, 725, 726, 727, 728, 729, 730, 731, 732, 733, 734, 735, 736, 737, 738, 739, 740, 741, 742, 743, 744, 745, 746, 747, 748, 749, 750, 751, 752, 753, 754, 755, 756, 757, 758, 759, 760, 761, 762, 763, 764, 765, 766, 767, 768, 769, 770, 771, 772, 773, 774, 775, 776, 777, 778, 779, 780, 781, 782, 783, 784, 785, 786, 787, 788, 789, 790, 791, 792, 793]","[143, 145, 181, 233, 234, 236, 295, 330, 614, 616, 652, 697, 698, 700, 754, 787]","[1, 13, 14, 29, 54, 55, 56, 57, 58, 60, 102, 118, 125, 127, 130, 134, 146, 149, 153, 175, 182, 187, 189, 191, 197, 225, 230, 238, 264, 265, 266, 286, 302, 317, 336, 379, 388, 389, 425, 454, 458, 463, 475, 487, 498, 499, 512, 530, 531, 532, 533, 534, 536, 573, 589, 596, 598, 601, 605, 617, 620, 624, 646, 653, 658, 660, 662, 668, 689, 694, 702, 724, 725, 745, 760, 775, 793, 829, 838, 839, 877, 901, 903, 905, 910, 923]","[1, 13, 14, 29, 54, 55, 56, 57, 58, 60, 102, 118, 125, 127, 130, 134, 146, 149, 153, 175, 182, 187, 189, 191, 197, 225, 230, 238, 264, 265, 266, 286, 302, 317, 336, 354, 379, 388, 389, 425, 454, 458, 463, 475, 487, 498, 499, 512, 530, 531, 532, 533, 534, 536, 573, 589, 596, 598, 601, 605, 617, 620, 624, 646, 653, 658, 660, 662, 668, 689, 694, 702, 724, 725, 745, 760, 775, 793, 809, 829, 838, 839, 877, 901, 903, 905, 910, 923]","[1, 13, 14, 29, 54, 55, 56, 57, 58, 60, 102, 103, 104, 105, 106, 107, 108, 109, 110, 111, 112, 113, 114, 115, 116, 117, 118, 119, 120, 121, 122, 123, 124, 125, 126, 127, 128, 129, 130, 131, 132, 133, 134, 135, 136, 137, 138, 139, 140, 141, 142, 143, 144, 145, 146, 147, 148, 149, 150, 151, 152, 153, 154, 155, 156, 157, 158, 159, 160, 161, 162, 163, 164, 165, 166, 167, 168, 169, 170, 171, 172, 173, 174, 175, 176, 177, 178, 179, 180, 181, 182, 183, 184, 185, 186, 187, 188, 189, 190, 191, 192, 193, 194, 195, 196, 197, 198, 199, 200, 201, 202, 203, 204, 205, 206, 207, 208, 209, 210, 211, 212, 213, 214, 215, 216, 217, 218, 219, 220, 221, 222, 223, 224, 225, 226, 227, 228, 229, 230, 231, 232, 233, 234, 235, 236, 237, 238, 239, 240, 241, 242, 243, 244, 245, 246, 247, 248, 249, 250, 251, 252, 253, 254, 255, 256, 257, 258, 259, 260, 261, 262, 263, 264, 265, 266, 267, 268, 269, 270, 271, 272, 273, 274, 275, 276, 277, 278, 279, 280, 281, 282, 283, 284, 285, 286, 287, 288, 289, 290, 291, 292, 293, 294, 295, 296, 297, 298, 299, 300, 301, 302, 303, 304, 305, 306, 307, 308, 309, 310, 311, 312, 313, 314, 315, 316, 317, 318, 319, 320, 321, 322, 323, 324, 325, 326, 327, 328, 329, 330, 331, 332, 333, 334, 335, 336, 337, 354, 379, 388, 389, 425, 454, 458, 463, 475, 487, 498, 499, 512, 530, 531, 532, 533, 534, 536, 573, 574, 575, 576, 577, 578, 579, 580, 581, 582, 583, 584, 585, 586, 587, 588, 589, 590, 591, 592, 593, 594, 595, 596, 597, 598, 599, 600, 601, 602, 603, 604, 605, 606, 607, 608, 609, 610, 611, 612, 613, 614, 615, 616, 617, 618, 619, 620, 621, 622, 623, 624, 625, 626, 627, 628, 629, 630, 631, 632, 633, 634, 635, 636, 637, 638, 639, 640, 641, 642, 643, 644, 645, 646, 647, 648, 649, 650, 651, 652, 653, 654, 655, 656, 657, 658, 659, 660, 661, 662, 663, 664, 665, 666, 667, 668, 669, 670, 671, 672, 673, 674, 675, 676, 677, 678, 679, 680, 681, 682, 683, 684, 685, 686, 687, 688, 689, 690, 691, 692, 693, 694, 695, 696, 697, 698, 699, 700, 701, 702, 703, 704, 705, 706, 707, 708, 709, 710, 711, 712, 713, 714, 715, 716, 717, 718, 719, 720, 721, 722, 723, 724, 725, 726, 727, 728, 729, 730, 731, 732, 733, 734, 735, 736, 737, 738, 739, 740, 741, 742, 743, 744, 745, 746, 747, 748, 749, 750, 751, 752, 753, 754, 755, 756, 757, 758, 759, 760, 761, 762, 763, 764, 765, 766, 767, 768, 769, 770, 771, 772, 773, 774, 775, 776, 777, 778, 779, 780, 781, 782, 783, 784, 785, 786, 787, 788, 789, 790, 791, 792, 793, 809, 829, 838, 839, 877, 901, 903, 905, 910, 923]",False,"[181, 236, 652, 700]","[103, 104, 105, 106, 107, 108, 109, 110, 111, 112, 113, 114, 115, 116, 117, 118, 119, 120, 121, 122, 123, 124, 125, 126, 127, 128, 129, 130, 131, 132, 133, 134, 135, 136, 137, 138, 139, 140, 141, 142, 143, 144, 145, 146, 147, 148, 149, 150, 151, 152, 153, 154, 155, 156, 157, 158, 159, 160, 161, 162, 163, 164, 165, 166, 167, 168, 169, 170, 171, 172, 173, 174, 175, 176, 177, 178, 179, 180, 181, 182, 183, 184, 185, 186, 187, 188, 189, 190, 191, 192, 193, 194, 195, 196, 197, 198, 199, 200, 201, 202, 203, 204, 205, 206, 207, 208, 209, 210, 211, 212, 213, 214, 215, 216, 217, 218, 219, 220, 221, 222, 223, 224, 225, 226, 227, 228, 229, 230, 231, 232, 233, 234, 235, 236, 237, 238, 239, 240, 241, 242, 243, 244, 245, 246, 247, 248, 249, 250, 251, 252, 253, 254, 255, 256, 257, 258, 259, 260, 261, 262, 263, 264, 265, 266, 267, 268, 269, 270, 271, 272, 273, 274, 275, 276, 277, 278, 279, 280, 281, 282, 283, 284, 285, 286, 287, 288, 289, 290, 291, 292, 293, 294, 295, 296, 297, 298, 299, 300, 301, 302, 303, 304, 305, 306, 307, 308, 309, 310, 311, 312, 313, 314, 315, 316, 317, 318, 319, 320, 321, 322, 323, 324, 325, 326, 327, 328, 329, 330, 331, 332, 333, 334, 335, 336, 337, 574, 575, 576, 577, 578, 579, 580, 581, 582, 583, 584, 585, 586, 587, 588, 589, 590, 591, 592, 593, 594, 595, 596, 597, 598, 599, 600, 601, 602, 603, 604, 605, 606, 607, 608, 609, 610, 611, 612, 613, 614, 615, 616, 617, 618, 619, 620, 621, 622, 623, 624, 625, 626, 627, 628, 629, 630, 631, 632, 633, 634, 635, 636, 637, 638, 639, 640, 641, 642, 643, 644, 645, 646, 647, 648, 649, 650, 651, 652, 653, 654, 655, 656, 657, 658, 659, 660, 661, 662, 663, 664, 665, 666, 667, 668, 669, 670, 671, 672, 673, 674, 675, 676, 677, 678, 679, 680, 681, 682, 683, 684, 685, 686, 687, 688, 689, 690, 691, 692, 693, 694, 695, 696, 697, 698, 699, 700, 701, 702, 703, 704, 705, 706, 707, 708, 709, 710, 711, 712, 713, 714, 715, 716, 717, 718, 719, 720, 721, 722, 723, 724, 725, 726, 727, 728, 729, 730, 731, 732, 733, 734, 735, 736, 737, 738, 739, 740, 741, 742, 743, 744, 745, 746, 747, 748, 749, 750, 751, 752, 753, 754, 755, 756, 757, 758, 759, 760, 761, 762, 763, 764, 765, 766, 767, 768, 769, 770, 771, 772, 773, 774, 775, 776, 777, 778, 779, 780, 781, 782, 783, 784, 785, 786, 787, 788, 789, 790, 791, 792, 793]","[58, 181, 233, 236, 304, 652, 697, 700, 762]","[181, 236, 652, 700]","[143, 145, 181, 233, 234, 236, 295, 330, 614, 616, 652, 697, 698, 700, 754, 787]","[1, 13, 14, 29, 54, 55, 56, 57, 58, 60, 102, 118, 125, 127, 130, 134, 146, 149, 153, 175, 182, 187, 189, 191, 197, 225, 230, 238, 264, 265, 266, 286, 302, 317, 336, 354, 379, 388, 389, 425, 454, 458, 463, 475, 487, 498, 499, 512, 530, 531, 532, 533, 534, 536, 573, 589, 596, 598, 601, 605, 617, 620, 624, 646, 653, 658, 660, 662, 668, 689, 694, 702, 724, 725, 745, 760, 775, 793, 809, 829, 838, 839, 877, 901, 903, 905, 910, 923]","[1, 13, 14, 29, 54, 55, 56, 57, 58, 60, 102, 118, 125, 127, 130, 134, 146, 149, 153, 175, 182, 187, 189, 191, 197, 225, 230, 238, 264, 265, 266, 286, 302, 317, 336, 379, 388, 389, 425, 454, 458, 463, 475, 487, 498, 499, 512, 530, 531, 532, 533, 534, 536, 573, 589, 596, 598, 601, 605, 617, 620, 624, 646, 653, 658, 660, 662, 668, 689, 694, 702, 724, 725, 745, 760, 775, 793, 829, 838, 839, 877, 901, 903, 905, 910, 923]",5/6 successful match,False,,False,702,False,,1.0,True,Long Beach Travel Center ( Shell ),Shell
Long Beach ( 90810 ) PCH Truck Stop ( Chevron ),5 562-980-1700 I-710 Ex 2 ( CA 13 blks E to 1603 W PCH ),) 24 <U+2610> <U+25A1> DO,Long Beach,90810,PCH Truck Stop ( Chevron ),562-980-1700,2014,Long Beach,CA,Chevron,( CA 13 blks E to 1603 W PCH ),I-710 Ex 2 ,Exit,2,False,,False,I-710,,,,,"[700, 236]","[181, 236, 652, 700]","[58, 181, 233, 236, 304, 652, 697, 700, 762]","[181, 236, 652, 700]","[103, 104, 105, 106, 107, 108, 109, 110, 111, 112, 113, 114, 115, 116, 117, 118, 119, 120, 121, 122, 123, 124, 125, 126, 127, 128, 129, 130, 131, 132, 133, 134, 135, 136, 137, 138, 139, 140, 141, 142, 143, 144, 145, 146, 147, 148, 149, 150, 151, 152, 153, 154, 155, 156, 157, 158, 159, 160, 161, 162, 163, 164, 165, 166, 167, 168, 169, 170, 171, 172, 173, 174, 175, 176, 177, 178, 179, 180, 181, 182, 183, 184, 185, 186, 187, 188, 189, 190, 191, 192, 193, 194, 195, 196, 197, 198, 199, 200, 201, 202, 203, 204, 205, 206, 207, 208, 209, 210, 211, 212, 213, 214, 215, 216, 217, 218, 219, 220, 221, 222, 223, 224, 225, 226, 227, 228, 229, 230, 231, 232, 233, 234, 235, 236, 237, 238, 239, 240, 241, 242, 243, 244, 245, 246, 247, 248, 249, 250, 251, 252, 253, 254, 255, 256, 257, 258, 259, 260, 261, 262, 263, 264, 265, 266, 267, 268, 269, 270, 271, 272, 273, 274, 275, 276, 277, 278, 279, 280, 281, 282, 283, 284, 285, 286, 287, 288, 289, 290, 291, 292, 293, 294, 295, 296, 297, 298, 299, 300, 301, 302, 303, 304, 305, 306, 307, 308, 309, 310, 311, 312, 313, 314, 315, 316, 317, 318, 319, 320, 321, 322, 323, 324, 325, 326, 327, 328, 329, 330, 331, 332, 333, 334, 335, 336, 337, 574, 575, 576, 577, 578, 579, 580, 581, 582, 583, 584, 585, 586, 587, 588, 589, 590, 591, 592, 593, 594, 595, 596, 597, 598, 599, 600, 601, 602, 603, 604, 605, 606, 607, 608, 609, 610, 611, 612, 613, 614, 615, 616, 617, 618, 619, 620, 621, 622, 623, 624, 625, 626, 627, 628, 629, 630, 631, 632, 633, 634, 635, 636, 637, 638, 639, 640, 641, 642, 643, 644, 645, 646, 647, 648, 649, 650, 651, 652, 653, 654, 655, 656, 657, 658, 659, 660, 661, 662, 663, 664, 665, 666, 667, 668, 669, 670, 671, 672, 673, 674, 675, 676, 677, 678, 679, 680, 681, 682, 683, 684, 685, 686, 687, 688, 689, 690, 691, 692, 693, 694, 695, 696, 697, 698, 699, 700, 701, 702, 703, 704, 705, 706, 707, 708, 709, 710, 711, 712, 713, 714, 715, 716, 717, 718, 719, 720, 721, 722, 723, 724, 725, 726, 727, 728, 729, 730, 731, 732, 733, 734, 735, 736, 737, 738, 739, 740, 741, 742, 743, 744, 745, 746, 747, 748, 749, 750, 751, 752, 753, 754, 755, 756, 757, 758, 759, 760, 761, 762, 763, 764, 765, 766, 767, 768, 769, 770, 771, 772, 773, 774, 775, 776, 777, 778, 779, 780, 781, 782, 783, 784, 785, 786, 787, 788, 789, 790, 791, 792, 793]","[143, 145, 181, 233, 234, 236, 295, 330, 614, 616, 652, 697, 698, 700, 754, 787]","[12, 24, 25, 28, 88, 100, 104, 119, 123, 129, 136, 137, 139, 140, 141, 148, 155, 169, 172, 179, 183, 185, 188, 196, 198, 217, 237, 267, 270, 278, 319, 321, 324, 325, 330, 334, 335, 354, 366, 369, 380, 383, 384, 386, 395, 407, 411, 423, 428, 436, 437, 452, 453, 456, 467, 471, 477, 478, 479, 497, 508, 511, 559, 571, 575, 590, 594, 600, 607, 608, 610, 611, 612, 619, 627, 640, 643, 650, 654, 656, 659, 667, 669, 685, 701, 726, 729, 737, 777, 779, 782, 783, 787, 790, 791, 809, 817, 819, 830, 833, 834, 836, 845, 856, 857, 860, 862, 875, 880, 887, 888, 899, 900, 914, 918, 921, 928, 929, 930]","[12, 24, 25, 28, 88, 100, 104, 119, 123, 129, 136, 137, 139, 140, 141, 148, 155, 169, 172, 179, 183, 185, 188, 196, 198, 217, 236, 237, 267, 270, 278, 319, 321, 324, 325, 330, 334, 335, 354, 366, 369, 380, 383, 384, 386, 395, 407, 411, 423, 428, 436, 437, 452, 453, 456, 467, 471, 477, 478, 479, 497, 508, 511, 559, 571, 575, 590, 594, 600, 607, 608, 610, 611, 612, 619, 627, 640, 643, 650, 654, 656, 659, 667, 669, 685, 700, 701, 726, 729, 737, 777, 779, 782, 783, 787, 790, 791, 809, 817, 819, 830, 833, 834, 836, 845, 856, 857, 860, 862, 875, 880, 887, 888, 899, 900, 914, 918, 921, 928, 929, 930]","[12, 24, 25, 28, 58, 88, 100, 103, 104, 105, 106, 107, 108, 109, 110, 111, 112, 113, 114, 115, 116, 117, 118, 119, 120, 121, 122, 123, 124, 125, 126, 127, 128, 129, 130, 131, 132, 133, 134, 135, 136, 137, 138, 139, 140, 141, 142, 143, 144, 145, 146, 147, 148, 149, 150, 151, 152, 153, 154, 155, 156, 157, 158, 159, 160, 161, 162, 163, 164, 165, 166, 167, 168, 169, 170, 171, 172, 173, 174, 175, 176, 177, 178, 179, 180, 181, 182, 183, 184, 185, 186, 187, 188, 189, 190, 191, 192, 193, 194, 195, 196, 197, 198, 199, 200, 201, 202, 203, 204, 205, 206, 207, 208, 209, 210, 211, 212, 213, 214, 215, 216, 217, 218, 219, 220, 221, 222, 223, 224, 225, 226, 227, 228, 229, 230, 231, 232, 233, 234, 235, 236, 237, 238, 239, 240, 241, 242, 243, 244, 245, 246, 247, 248, 249, 250, 251, 252, 253, 254, 255, 256, 257, 258, 259, 260, 261, 262, 263, 264, 265, 266, 267, 268, 269, 270, 271, 272, 273, 274, 275, 276, 277, 278, 279, 280, 281, 282, 283, 284, 285, 286, 287, 288, 289, 290, 291, 292, 293, 294, 295, 296, 297, 298, 299, 300, 301, 302, 303, 304, 305, 306, 307, 308, 309, 310, 311, 312, 313, 314, 315, 316, 317, 318, 319, 320, 321, 322, 323, 324, 325, 326, 327, 328, 329, 330, 331, 332, 333, 334, 335, 336, 337, 354, 366, 369, 380, 383, 384, 386, 395, 407, 411, 423, 428, 436, 437, 452, 453, 456, 467, 471, 477, 478, 479, 497, 508, 511, 559, 571, 574, 575, 576, 577, 578, 579, 580, 581, 582, 583, 584, 585, 586, 587, 588, 589, 590, 591, 592, 593, 594, 595, 596, 597, 598, 599, 600, 601, 602, 603, 604, 605, 606, 607, 608, 609, 610, 611, 612, 613, 614, 615, 616, 617, 618, 619, 620, 621, 622, 623, 624, 625, 626, 627, 628, 629, 630, 631, 632, 633, 634, 635, 636, 637, 638, 639, 640, 641, 642, 643, 644, 645, 646, 647, 648, 649, 650, 651, 652, 653, 654, 655, 656, 657, 658, 659, 660, 661, 662, 663, 664, 665, 666, 667, 668, 669, 670, 671, 672, 673, 674, 675, 676, 677, 678, 679, 680, 681, 682, 683, 684, 685, 686, 687, 688, 689, 690, 691, 692, 693, 694, 695, 696, 697, 698, 699, 700, 701, 702, 703, 704, 705, 706, 707, 708, 709, 710, 711, 712, 713, 714, 715, 716, 717, 718, 719, 720, 721, 722, 723, 724, 725, 726, 727, 728, 729, 730, 731, 732, 733, 734, 735, 736, 737, 738, 739, 740, 741, 742, 743, 744, 745, 746, 747, 748, 749, 750, 751, 752, 753, 754, 755, 756, 757, 758, 759, 760, 761, 762, 763, 764, 765, 766, 767, 768, 769, 770, 771, 772, 773, 774, 775, 776, 777, 778, 779, 780, 781, 782, 783, 784, 785, 786, 787, 788, 789, 790, 791, 792, 793, 809, 817, 819, 830, 833, 834, 836, 845, 856, 857, 860, 862, 875, 880, 887, 888, 899, 900, 914, 918, 921, 928, 929, 930]",True,"[181, 236, 652, 700]","[103, 104, 105, 106, 107, 108, 109, 110, 111, 112, 113, 114, 115, 116, 117, 118, 119, 120, 121, 122, 123, 124, 125, 126, 127, 128, 129, 130, 131, 132, 133, 134, 135, 136, 137, 138, 139, 140, 141, 142, 143, 144, 145, 146, 147, 148, 149, 150, 151, 152, 153, 154, 155, 156, 157, 158, 159, 160, 161, 162, 163, 164, 165, 166, 167, 168, 169, 170, 171, 172, 173, 174, 175, 176, 177, 178, 179, 180, 181, 182, 183, 184, 185, 186, 187, 188, 189, 190, 191, 192, 193, 194, 195, 196, 197, 198, 199, 200, 201, 202, 203, 204, 205, 206, 207, 208, 209, 210, 211, 212, 213, 214, 215, 216, 217, 218, 219, 220, 221, 222, 223, 224, 225, 226, 227, 228, 229, 230, 231, 232, 233, 234, 235, 236, 237, 238, 239, 240, 241, 242, 243, 244, 245, 246, 247, 248, 249, 250, 251, 252, 253, 254, 255, 256, 257, 258, 259, 260, 261, 262, 263, 264, 265, 266, 267, 268, 269, 270, 271, 272, 273, 274, 275, 276, 277, 278, 279, 280, 281, 282, 283, 284, 285, 286, 287, 288, 289, 290, 291, 292, 293, 294, 295, 296, 297, 298, 299, 300, 301, 302, 303, 304, 305, 306, 307, 308, 309, 310, 311, 312, 313, 314, 315, 316, 317, 318, 319, 320, 321, 322, 323, 324, 325, 326, 327, 328, 329, 330, 331, 332, 333, 334, 335, 336, 337, 574, 575, 576, 577, 578, 579, 580, 581, 582, 583, 584, 585, 586, 587, 588, 589, 590, 591, 592, 593, 594, 595, 596, 597, 598, 599, 600, 601, 602, 603, 604, 605, 606, 607, 608, 609, 610, 611, 612, 613, 614, 615, 616, 617, 618, 619, 620, 621, 622, 623, 624, 625, 626, 627, 628, 629, 630, 631, 632, 633, 634, 635, 636, 637, 638, 639, 640, 641, 642, 643, 644, 645, 646, 647, 648, 649, 650, 651, 652, 653, 654, 655, 656, 657, 658, 659, 660, 661, 662, 663, 664, 665, 666, 667, 668, 669, 670, 671, 672, 673, 674, 675, 676, 677, 678, 679, 680, 681, 682, 683, 684, 685, 686, 687, 688, 689, 690, 691, 692, 693, 694, 695, 696, 697, 698, 699, 700, 701, 702, 703, 704, 705, 706, 707, 708, 709, 710, 711, 712, 713, 714, 715, 716, 717, 718, 719, 720, 721, 722, 723, 724, 725, 726, 727, 728, 729, 730, 731, 732, 733, 734, 735, 736, 737, 738, 739, 740, 741, 742, 743, 744, 745, 746, 747, 748, 749, 750, 751, 752, 753, 754, 755, 756, 757, 758, 759, 760, 761, 762, 763, 764, 765, 766, 767, 768, 769, 770, 771, 772, 773, 774, 775, 776, 777, 778, 779, 780, 781, 782, 783, 784, 785, 786, 787, 788, 789, 790, 791, 792, 793]","[58, 181, 233, 236, 304, 652, 697, 700, 762]","[181, 236, 652, 700]","[143, 145, 181, 233, 234, 236, 295, 330, 614, 616, 652, 697, 698, 700, 754, 787]","[12, 24, 25, 28, 88, 100, 104, 119, 123, 129, 136, 137, 139, 140, 141, 148, 155, 169, 172, 179, 183, 185, 188, 196, 198, 217, 236, 237, 267, 270, 278, 319, 321, 324, 325, 330, 334, 335, 354, 366, 369, 380, 383, 384, 386, 395, 407, 411, 423, 428, 436, 437, 452, 453, 456, 467, 471, 477, 478, 479, 497, 508, 511, 559, 571, 575, 590, 594, 600, 607, 608, 610, 611, 612, 619, 627, 640, 643, 650, 654, 656, 659, 667, 669, 685, 700, 701, 726, 729, 737, 777, 779, 782, 783, 787, 790, 791, 809, 817, 819, 830, 833, 834, 836, 845, 856, 857, 860, 862, 875, 880, 887, 888, 899, 900, 914, 918, 921, 928, 929, 930]","[12, 24, 25, 28, 88, 100, 104, 119, 123, 129, 136, 137, 139, 140, 141, 148, 155, 169, 172, 179, 183, 185, 188, 196, 198, 217, 237, 267, 270, 278, 319, 321, 324, 325, 330, 334, 335, 354, 366, 369, 380, 383, 384, 386, 395, 407, 411, 423, 428, 436, 437, 452, 453, 456, 467, 471, 477, 478, 479, 497, 508, 511, 559, 571, 575, 590, 594, 600, 607, 608, 610, 611, 612, 619, 627, 640, 643, 650, 654, 656, 659, 667, 669, 685, 701, 726, 729, 737, 777, 779, 782, 783, 787, 790, 791, 809, 817, 819, 830, 833, 834, 836, 845, 856, 857, 860, 862, 875, 880, 887, 888, 899, 900, 914, 918, 921, 928, 929, 930]",6/6 successful match,True,[131],True,703,False,,,,,
D Long Beach ( 90810 ) PCH Truck Stop ( Chevron ),5 562-980-1700 I-710 Ex 2 ( CA 13 blks E to 1603 W PCH ) .,) . 24 24 <U+2610>,Long Beach,90810,PCH Truck Stop ( Chevron ),562-980-1700,2015,Long Beach,CA,Chevron,( CA 13 blks E to 1603 W PCH ) .,I-710 Ex 2 ,Exit,2,False,,False,I-710,,,,,"[700, 236]","[181, 236, 652, 700]","[58, 181, 233, 236, 304, 652, 697, 700, 762]","[181, 236, 652, 700]","[103, 104, 105, 106, 107, 108, 109, 110, 111, 112, 113, 114, 115, 116, 117, 118, 119, 120, 121, 122, 123, 124, 125, 126, 127, 128, 129, 130, 131, 132, 133, 134, 135, 136, 137, 138, 139, 140, 141, 142, 143, 144, 145, 146, 147, 148, 149, 150, 151, 152, 153, 154, 155, 156, 157, 158, 159, 160, 161, 162, 163, 164, 165, 166, 167, 168, 169, 170, 171, 172, 173, 174, 175, 176, 177, 178, 179, 180, 181, 182, 183, 184, 185, 186, 187, 188, 189, 190, 191, 192, 193, 194, 195, 196, 197, 198, 199, 200, 201, 202, 203, 204, 205, 206, 207, 208, 209, 210, 211, 212, 213, 214, 215, 216, 217, 218, 219, 220, 221, 222, 223, 224, 225, 226, 227, 228, 229, 230, 231, 232, 233, 234, 235, 236, 237, 238, 239, 240, 241, 242, 243, 244, 245, 246, 247, 248, 249, 250, 251, 252, 253, 254, 255, 256, 257, 258, 259, 260, 261, 262, 263, 264, 265, 266, 267, 268, 269, 270, 271, 272, 273, 274, 275, 276, 277, 278, 279, 280, 281, 282, 283, 284, 285, 286, 287, 288, 289, 290, 291, 292, 293, 294, 295, 296, 297, 298, 299, 300, 301, 302, 303, 304, 305, 306, 307, 308, 309, 310, 311, 312, 313, 314, 315, 316, 317, 318, 319, 320, 321, 322, 323, 324, 325, 326, 327, 328, 329, 330, 331, 332, 333, 334, 335, 336, 337, 574, 575, 576, 577, 578, 579, 580, 581, 582, 583, 584, 585, 586, 587, 588, 589, 590, 591, 592, 593, 594, 595, 596, 597, 598, 599, 600, 601, 602, 603, 604, 605, 606, 607, 608, 609, 610, 611, 612, 613, 614, 615, 616, 617, 618, 619, 620, 621, 622, 623, 624, 625, 626, 627, 628, 629, 630, 631, 632, 633, 634, 635, 636, 637, 638, 639, 640, 641, 642, 643, 644, 645, 646, 647, 648, 649, 650, 651, 652, 653, 654, 655, 656, 657, 658, 659, 660, 661, 662, 663, 664, 665, 666, 667, 668, 669, 670, 671, 672, 673, 674, 675, 676, 677, 678, 679, 680, 681, 682, 683, 684, 685, 686, 687, 688, 689, 690, 691, 692, 693, 694, 695, 696, 697, 698, 699, 700, 701, 702, 703, 704, 705, 706, 707, 708, 709, 710, 711, 712, 713, 714, 715, 716, 717, 718, 719, 720, 721, 722, 723, 724, 725, 726, 727, 728, 729, 730, 731, 732, 733, 734, 735, 736, 737, 738, 739, 740, 741, 742, 743, 744, 745, 746, 747, 748, 749, 750, 751, 752, 753, 754, 755, 756, 757, 758, 759, 760, 761, 762, 763, 764, 765, 766, 767, 768, 769, 770, 771, 772, 773, 774, 775, 776, 777, 778, 779, 780, 781, 782, 783, 784, 785, 786, 787, 788, 789, 790, 791, 792, 793]","[143, 145, 181, 233, 234, 236, 295, 330, 614, 616, 652, 697, 698, 700, 754, 787]","[12, 24, 25, 28, 88, 100, 104, 119, 123, 129, 136, 137, 139, 140, 141, 148, 155, 169, 172, 179, 183, 185, 188, 196, 198, 217, 237, 267, 270, 278, 319, 321, 324, 325, 330, 334, 335, 354, 366, 369, 380, 383, 384, 386, 395, 407, 411, 423, 428, 436, 437, 452, 453, 456, 467, 471, 477, 478, 479, 497, 508, 511, 559, 571, 575, 590, 594, 600, 607, 608, 610, 611, 612, 619, 627, 640, 643, 650, 654, 656, 659, 667, 669, 685, 701, 726, 729, 737, 777, 779, 782, 783, 787, 790, 791, 809, 817, 819, 830, 833, 834, 836, 845, 856, 857, 860, 862, 875, 880, 887, 888, 899, 900, 914, 918, 921, 928, 929, 930]","[12, 24, 25, 28, 88, 100, 104, 119, 123, 129, 136, 137, 139, 140, 141, 148, 155, 169, 172, 179, 183, 185, 188, 196, 198, 217, 236, 237, 267, 270, 278, 319, 321, 324, 325, 330, 334, 335, 354, 366, 369, 380, 383, 384, 386, 395, 407, 411, 423, 428, 436, 437, 452, 453, 456, 467, 471, 477, 478, 479, 497, 508, 511, 559, 571, 575, 590, 594, 600, 607, 608, 610, 611, 612, 619, 627, 640, 643, 650, 654, 656, 659, 667, 669, 685, 700, 701, 726, 729, 737, 777, 779, 782, 783, 787, 790, 791, 809, 817, 819, 830, 833, 834, 836, 845, 856, 857, 860, 862, 875, 880, 887, 888, 899, 900, 914, 918, 921, 928, 929, 930]","[12, 24, 25, 28, 58, 88, 100, 103, 104, 105, 106, 107, 108, 109, 110, 111, 112, 113, 114, 115, 116, 117, 118, 119, 120, 121, 122, 123, 124, 125, 126, 127, 128, 129, 130, 131, 132, 133, 134, 135, 136, 137, 138, 139, 140, 141, 142, 143, 144, 145, 146, 147, 148, 149, 150, 151, 152, 153, 154, 155, 156, 157, 158, 159, 160, 161, 162, 163, 164, 165, 166, 167, 168, 169, 170, 171, 172, 173, 174, 175, 176, 177, 178, 179, 180, 181, 182, 183, 184, 185, 186, 187, 188, 189, 190, 191, 192, 193, 194, 195, 196, 197, 198, 199, 200, 201, 202, 203, 204, 205, 206, 207, 208, 209, 210, 211, 212, 213, 214, 215, 216, 217, 218, 219, 220, 221, 222, 223, 224, 225, 226, 227, 228, 229, 230, 231, 232, 233, 234, 235, 236, 237, 238, 239, 240, 241, 242, 243, 244, 245, 246, 247, 248, 249, 250, 251, 252, 253, 254, 255, 256, 257, 258, 259, 260, 261, 262, 263, 264, 265, 266, 267, 268, 269, 270, 271, 272, 273, 274, 275, 276, 277, 278, 279, 280, 281, 282, 283, 284, 285, 286, 287, 288, 289, 290, 291, 292, 293, 294, 295, 296, 297, 298, 299, 300, 301, 302, 303, 304, 305, 306, 307, 308, 309, 310, 311, 312, 313, 314, 315, 316, 317, 318, 319, 320, 321, 322, 323, 324, 325, 326, 327, 328, 329, 330, 331, 332, 333, 334, 335, 336, 337, 354, 366, 369, 380, 383, 384, 386, 395, 407, 411, 423, 428, 436, 437, 452, 453, 456, 467, 471, 477, 478, 479, 497, 508, 511, 559, 571, 574, 575, 576, 577, 578, 579, 580, 581, 582, 583, 584, 585, 586, 587, 588, 589, 590, 591, 592, 593, 594, 595, 596, 597, 598, 599, 600, 601, 602, 603, 604, 605, 606, 607, 608, 609, 610, 611, 612, 613, 614, 615, 616, 617, 618, 619, 620, 621, 622, 623, 624, 625, 626, 627, 628, 629, 630, 631, 632, 633, 634, 635, 636, 637, 638, 639, 640, 641, 642, 643, 644, 645, 646, 647, 648, 649, 650, 651, 652, 653, 654, 655, 656, 657, 658, 659, 660, 661, 662, 663, 664, 665, 666, 667, 668, 669, 670, 671, 672, 673, 674, 675, 676, 677, 678, 679, 680, 681, 682, 683, 684, 685, 686, 687, 688, 689, 690, 691, 692, 693, 694, 695, 696, 697, 698, 699, 700, 701, 702, 703, 704, 705, 706, 707, 708, 709, 710, 711, 712, 713, 714, 715, 716, 717, 718, 719, 720, 721, 722, 723, 724, 725, 726, 727, 728, 729, 730, 731, 732, 733, 734, 735, 736, 737, 738, 739, 740, 741, 742, 743, 744, 745, 746, 747, 748, 749, 750, 751, 752, 753, 754, 755, 756, 757, 758, 759, 760, 761, 762, 763, 764, 765, 766, 767, 768, 769, 770, 771, 772, 773, 774, 775, 776, 777, 778, 779, 780, 781, 782, 783, 784, 785, 786, 787, 788, 789, 790, 791, 792, 793, 809, 817, 819, 830, 833, 834, 836, 845, 856, 857, 860, 862, 875, 880, 887, 888, 899, 900, 914, 918, 921, 928, 929, 930]",True,"[181, 236, 652, 700]","[103, 104, 105, 106, 107, 108, 109, 110, 111, 112, 113, 114, 115, 116, 117, 118, 119, 120, 121, 122, 123, 124, 125, 126, 127, 128, 129, 130, 131, 132, 133, 134, 135, 136, 137, 138, 139, 140, 141, 142, 143, 144, 145, 146, 147, 148, 149, 150, 151, 152, 153, 154, 155, 156, 157, 158, 159, 160, 161, 162, 163, 164, 165, 166, 167, 168, 169, 170, 171, 172, 173, 174, 175, 176, 177, 178, 179, 180, 181, 182, 183, 184, 185, 186, 187, 188, 189, 190, 191, 192, 193, 194, 195, 196, 197, 198, 199, 200, 201, 202, 203, 204, 205, 206, 207, 208, 209, 210, 211, 212, 213, 214, 215, 216, 217, 218, 219, 220, 221, 222, 223, 224, 225, 226, 227, 228, 229, 230, 231, 232, 233, 234, 235, 236, 237, 238, 239, 240, 241, 242, 243, 244, 245, 246, 247, 248, 249, 250, 251, 252, 253, 254, 255, 256, 257, 258, 259, 260, 261, 262, 263, 264, 265, 266, 267, 268, 269, 270, 271, 272, 273, 274, 275, 276, 277, 278, 279, 280, 281, 282, 283, 284, 285, 286, 287, 288, 289, 290, 291, 292, 293, 294, 295, 296, 297, 298, 299, 300, 301, 302, 303, 304, 305, 306, 307, 308, 309, 310, 311, 312, 313, 314, 315, 316, 317, 318, 319, 320, 321, 322, 323, 324, 325, 326, 327, 328, 329, 330, 331, 332, 333, 334, 335, 336, 337, 574, 575, 576, 577, 578, 579, 580, 581, 582, 583, 584, 585, 586, 587, 588, 589, 590, 591, 592, 593, 594, 595, 596, 597, 598, 599, 600, 601, 602, 603, 604, 605, 606, 607, 608, 609, 610, 611, 612, 613, 614, 615, 616, 617, 618, 619, 620, 621, 622, 623, 624, 625, 626, 627, 628, 629, 630, 631, 632, 633, 634, 635, 636, 637, 638, 639, 640, 641, 642, 643, 644, 645, 646, 647, 648, 649, 650, 651, 652, 653, 654, 655, 656, 657, 658, 659, 660, 661, 662, 663, 664, 665, 666, 667, 668, 669, 670, 671, 672, 673, 674, 675, 676, 677, 678, 679, 680, 681, 682, 683, 684, 685, 686, 687, 688, 689, 690, 691, 692, 693, 694, 695, 696, 697, 698, 699, 700, 701, 702, 703, 704, 705, 706, 707, 708, 709, 710, 711, 712, 713, 714, 715, 716, 717, 718, 719, 720, 721, 722, 723, 724, 725, 726, 727, 728, 729, 730, 731, 732, 733, 734, 735, 736, 737, 738, 739, 740, 741, 742, 743, 744, 745, 746, 747, 748, 749, 750, 751, 752, 753, 754, 755, 756, 757, 758, 759, 760, 761, 762, 763, 764, 765, 766, 767, 768, 769, 770, 771, 772, 773, 774, 775, 776, 777, 778, 779, 780, 781, 782, 783, 784, 785, 786, 787, 788, 789, 790, 791, 792, 793]","[58, 181, 233, 236, 304, 652, 697, 700, 762]","[181, 236, 652, 700]","[143, 145, 181, 233, 234, 236, 295, 330, 614, 616, 652, 697, 698, 700, 754, 787]","[12, 24, 25, 28, 88, 100, 104, 119, 123, 129, 136, 137, 139, 140, 141, 148, 155, 169, 172, 179, 183, 185, 188, 196, 198, 217, 236, 237, 267, 270, 278, 319, 321, 324, 325, 330, 334, 335, 354, 366, 369, 380, 383, 384, 386, 395, 407, 411, 423, 428, 436, 437, 452, 453, 456, 467, 471, 477, 478, 479, 497, 508, 511, 559, 571, 575, 590, 594, 600, 607, 608, 610, 611, 612, 619, 627, 640, 643, 650, 654, 656, 659, 667, 669, 685, 700, 701, 726, 729, 737, 777, 779, 782, 783, 787, 790, 791, 809, 817, 819, 830, 833, 834, 836, 845, 856, 857, 860, 862, 875, 880, 887, 888, 899, 900, 914, 918, 921, 928, 929, 930]","[12, 24, 25, 28, 88, 100, 104, 119, 123, 129, 136, 137, 139, 140, 141, 148, 155, 169, 172, 179, 183, 185, 188, 196, 198, 217, 237, 267, 270, 278, 319, 321, 324, 325, 330, 334, 335, 354, 366, 369, 380, 383, 384, 386, 395, 407, 411, 423, 428, 436, 437, 452, 453, 456, 467, 471, 477, 478, 479, 497, 508, 511, 559, 571, 575, 590, 594, 600, 607, 608, 610, 611, 612, 619, 627, 640, 643, 650, 654, 656, 659, 667, 669, 685, 701, 726, 729, 737, 777, 779, 782, 783, 787, 790, 791, 809, 817, 819, 830, 833, 834, 836, 845, 856, 857, 860, 862, 875, 880, 887, 888, 899, 900, 914, 918, 921, 928, 929, 930]",6/6 successful match,True,[131],True,703,False,,1.0,True,PCH Truck Stop ( Chevron ),Chevron
Long Beach ( 90810 ) PCH Truck Stop,562-980-1700 I-710 Ex 2 ( CA 13 blks E to 1603 W PCH ),) 24,Long Beach,90810,PCH Truck Stop,562-980-1700,2016,Long Beach,CA,,( CA 13 blks E to 1603 W PCH ),I-710 Ex 2 ,Exit,2,False,,False,I-710,,,,,"[700, 236]","[181, 236, 652, 700]","[58, 181, 233, 236, 304, 652, 697, 700, 762]","[181, 236, 652, 700]","[103, 104, 105, 106, 107, 108, 109, 110, 111, 112, 113, 114, 115, 116, 117, 118, 119, 120, 121, 122, 123, 124, 125, 126, 127, 128, 129, 130, 131, 132, 133, 134, 135, 136, 137, 138, 139, 140, 141, 142, 143, 144, 145, 146, 147, 148, 149, 150, 151, 152, 153, 154, 155, 156, 157, 158, 159, 160, 161, 162, 163, 164, 165, 166, 167, 168, 169, 170, 171, 172, 173, 174, 175, 176, 177, 178, 179, 180, 181, 182, 183, 184, 185, 186, 187, 188, 189, 190, 191, 192, 193, 194, 195, 196, 197, 198, 199, 200, 201, 202, 203, 204, 205, 206, 207, 208, 209, 210, 211, 212, 213, 214, 215, 216, 217, 218, 219, 220, 221, 222, 223, 224, 225, 226, 227, 228, 229, 230, 231, 232, 233, 234, 235, 236, 237, 238, 239, 240, 241, 242, 243, 244, 245, 246, 247, 248, 249, 250, 251, 252, 253, 254, 255, 256, 257, 258, 259, 260, 261, 262, 263, 264, 265, 266, 267, 268, 269, 270, 271, 272, 273, 274, 275, 276, 277, 278, 279, 280, 281, 282, 283, 284, 285, 286, 287, 288, 289, 290, 291, 292, 293, 294, 295, 296, 297, 298, 299, 300, 301, 302, 303, 304, 305, 306, 307, 308, 309, 310, 311, 312, 313, 314, 315, 316, 317, 318, 319, 320, 321, 322, 323, 324, 325, 326, 327, 328, 329, 330, 331, 332, 333, 334, 335, 336, 337, 574, 575, 576, 577, 578, 579, 580, 581, 582, 583, 584, 585, 586, 587, 588, 589, 590, 591, 592, 593, 594, 595, 596, 597, 598, 599, 600, 601, 602, 603, 604, 605, 606, 607, 608, 609, 610, 611, 612, 613, 614, 615, 616, 617, 618, 619, 620, 621, 622, 623, 624, 625, 626, 627, 628, 629, 630, 631, 632, 633, 634, 635, 636, 637, 638, 639, 640, 641, 642, 643, 644, 645, 646, 647, 648, 649, 650, 651, 652, 653, 654, 655, 656, 657, 658, 659, 660, 661, 662, 663, 664, 665, 666, 667, 668, 669, 670, 671, 672, 673, 674, 675, 676, 677, 678, 679, 680, 681, 682, 683, 684, 685, 686, 687, 688, 689, 690, 691, 692, 693, 694, 695, 696, 697, 698, 699, 700, 701, 702, 703, 704, 705, 706, 707, 708, 709, 710, 711, 712, 713, 714, 715, 716, 717, 718, 719, 720, 721, 722, 723, 724, 725, 726, 727, 728, 729, 730, 731, 732, 733, 734, 735, 736, 737, 738, 739, 740, 741, 742, 743, 744, 745, 746, 747, 748, 749, 750, 751, 752, 753, 754, 755, 756, 757, 758, 759, 760, 761, 762, 763, 764, 765, 766, 767, 768, 769, 770, 771, 772, 773, 774, 775, 776, 777, 778, 779, 780, 781, 782, 783, 784, 785, 786, 787, 788, 789, 790, 791, 792, 793]","[143, 145, 181, 233, 234, 236, 295, 330, 614, 616, 652, 697, 698, 700, 754, 787]",[],"[236, 700]","[58, 103, 104, 105, 106, 107, 108, 109, 110, 111, 112, 113, 114, 115, 116, 117, 118, 119, 120, 121, 122, 123, 124, 125, 126, 127, 128, 129, 130, 131, 132, 133, 134, 135, 136, 137, 138, 139, 140, 141, 142, 143, 144, 145, 146, 147, 148, 149, 150, 151, 152, 153, 154, 155, 156, 157, 158, 159, 160, 161, 162, 163, 164, 165, 166, 167, 168, 169, 170, 171, 172, 173, 174, 175, 176, 177, 178, 179, 180, 181, 182, 183, 184, 185, 186, 187, 188, 189, 190, 191, 192, 193, 194, 195, 196, 197, 198, 199, 200, 201, 202, 203, 204, 205, 206, 207, 208, 209, 210, 211, 212, 213, 214, 215, 216, 217, 218, 219, 220, 221, 222, 223, 224, 225, 226, 227, 228, 229, 230, 231, 232, 233, 234, 235, 236, 237, 238, 239, 240, 241, 242, 243, 244, 245, 246, 247, 248, 249, 250, 251, 252, 253, 254, 255, 256, 257, 258, 259, 260, 261, 262, 263, 264, 265, 266, 267, 268, 269, 270, 271, 272, 273, 274, 275, 276, 277, 278, 279, 280, 281, 282, 283, 284, 285, 286, 287, 288, 289, 290, 291, 292, 293, 294, 295, 296, 297, 298, 299, 300, 301, 302, 303, 304, 305, 306, 307, 308, 309, 310, 311, 312, 313, 314, 315, 316, 317, 318, 319, 320, 321, 322, 323, 324, 325, 326, 327, 328, 329, 330, 331, 332, 333, 334, 335, 336, 337, 574, 575, 576, 577, 578, 579, 580, 581, 582, 583, 584, 585, 586, 587, 588, 589, 590, 591, 592, 593, 594, 595, 596, 597, 598, 599, 600, 601, 602, 603, 604, 605, 606, 607, 608, 609, 610, 611, 612, 613, 614, 615, 616, 617, 618, 619, 620, 621, 622, 623, 624, 625, 626, 627, 628, 629, 630, 631, 632, 633, 634, 635, 636, 637, 638, 639, 640, 641, 642, 643, 644, 645, 646, 647, 648, 649, 650, 651, 652, 653, 654, 655, 656, 657, 658, 659, 660, 661, 662, 663, 664, 665, 666, 667, 668, 669, 670, 671, 672, 673, 674, 675, 676, 677, 678, 679, 680, 681, 682, 683, 684, 685, 686, 687, 688, 689, 690, 691, 692, 693, 694, 695, 696, 697, 698, 699, 700, 701, 702, 703, 704, 705, 706, 707, 708, 709, 710, 711, 712, 713, 714, 715, 716, 717, 718, 719, 720, 721, 722, 723, 724, 725, 726, 727, 728, 729, 730, 731, 732, 733, 734, 735, 736, 737, 738, 739, 740, 741, 742, 743, 744, 745, 746, 747, 748, 749, 750, 751, 752, 753, 754, 755, 756, 757, 758, 759, 760, 761, 762, 763, 764, 765, 766, 767, 768, 769, 770, 771, 772, 773, 774, 775, 776, 777, 778, 779, 780, 781, 782, 783, 784, 785, 786, 787, 788, 789, 790, 791, 792, 793]",True,"[181, 236, 652, 700]","[103, 104, 105, 106, 107, 108, 109, 110, 111, 112, 113, 114, 115, 116, 117, 118, 119, 120, 121, 122, 123, 124, 125, 126, 127, 128, 129, 130, 131, 132, 133, 134, 135, 136, 137, 138, 139, 140, 141, 142, 143, 144, 145, 146, 147, 148, 149, 150, 151, 152, 153, 154, 155, 156, 157, 158, 159, 160, 161, 162, 163, 164, 165, 166, 167, 168, 169, 170, 171, 172, 173, 174, 175, 176, 177, 178, 179, 180, 181, 182, 183, 184, 185, 186, 187, 188, 189, 190, 191, 192, 193, 194, 195, 196, 197, 198, 199, 200, 201, 202, 203, 204, 205, 206, 207, 208, 209, 210, 211, 212, 213, 214, 215, 216, 217, 218, 219, 220, 221, 222, 223, 224, 225, 226, 227, 228, 229, 230, 231, 232, 233, 234, 235, 236, 237, 238, 239, 240, 241, 242, 243, 244, 245, 246, 247, 248, 249, 250, 251, 252, 253, 254, 255, 256, 257, 258, 259, 260, 261, 262, 263, 264, 265, 266, 267, 268, 269, 270, 271, 272, 273, 274, 275, 276, 277, 278, 279, 280, 281, 282, 283, 284, 285, 286, 287, 288, 289, 290, 291, 292, 293, 294, 295, 296, 297, 298, 299, 300, 301, 302, 303, 304, 305, 306, 307, 308, 309, 310, 311, 312, 313, 314, 315, 316, 317, 318, 319, 320, 321, 322, 323, 324, 325, 326, 327, 328, 329, 330, 331, 332, 333, 334, 335, 336, 337, 574, 575, 576, 577, 578, 579, 580, 581, 582, 583, 584, 585, 586, 587, 588, 589, 590, 591, 592, 593, 594, 595, 596, 597, 598, 599, 600, 601, 602, 603, 604, 605, 606, 607, 608, 609, 610, 611, 612, 613, 614, 615, 616, 617, 618, 619, 620, 621, 622, 623, 624, 625, 626, 627, 628, 629, 630, 631, 632, 633, 634, 635, 636, 637, 638, 639, 640, 641, 642, 643, 644, 645, 646, 647, 648, 649, 650, 651, 652, 653, 654, 655, 656, 657, 658, 659, 660, 661, 662, 663, 664, 665, 666, 667, 668, 669, 670, 671, 672, 673, 674, 675, 676, 677, 678, 679, 680, 681, 682, 683, 684, 685, 686, 687, 688, 689, 690, 691, 692, 693, 694, 695, 696, 697, 698, 699, 700, 701, 702, 703, 704, 705, 706, 707, 708, 709, 710, 711, 712, 713, 714, 715, 716, 717, 718, 719, 720, 721, 722, 723, 724, 725, 726, 727, 728, 729, 730, 731, 732, 733, 734, 735, 736, 737, 738, 739, 740, 741, 742, 743, 744, 745, 746, 747, 748, 749, 750, 751, 752, 753, 754, 755, 756, 757, 758, 759, 760, 761, 762, 763, 764, 765, 766, 767, 768, 769, 770, 771, 772, 773, 774, 775, 776, 777, 778, 779, 780, 781, 782, 783, 784, 785, 786, 787, 788, 789, 790, 791, 792, 793]","[58, 181, 233, 236, 304, 652, 697, 700, 762]","[181, 236, 652, 700]","[143, 145, 181, 233, 234, 236, 295, 330, 614, 616, 652, 697, 698, 700, 754, 787]","[236, 700]",[],7/6 successful match,True,[131],True,703,False,,0.81,True,PCH Truck Stop ( Chevron ),Chevron
"San Fernando , 91340 Truman Prena",818-898-9225 1601 Truman St ( S of Hubbard St ),""" <U+2610>",San Fernando,91340,Truman Prena,818-898-9225,2006,San Fernando,CA,,( S of Hubbard St ),1601 Truman St,Proper,,False,,False,Truman St,,,,,[],[],"[49, 87, 107, 198, 255, 293, 297, 316, 331, 528, 558, 578, 669, 708, 752, 756, 774, 788]",[],"[103, 104, 105, 106, 107, 108, 109, 110, 111, 112, 113, 114, 115, 116, 117, 118, 119, 120, 121, 122, 123, 124, 125, 126, 127, 128, 129, 130, 131, 132, 133, 134, 135, 136, 137, 138, 139, 140, 141, 142, 143, 144, 145, 146, 147, 148, 149, 150, 151, 152, 153, 154, 155, 156, 157, 158, 159, 160, 161, 162, 163, 164, 165, 166, 167, 168, 169, 170, 171, 172, 173, 174, 175, 176, 177, 178, 179, 180, 181, 182, 183, 184, 185, 186, 187, 188, 189, 190, 191, 192, 193, 194, 195, 196, 197, 198, 199, 200, 201, 202, 203, 204, 205, 206, 207, 208, 209, 210, 211, 212, 213, 214, 215, 216, 217, 218, 219, 220, 221, 222, 223, 224, 225, 226, 227, 228, 229, 230, 231, 232, 233, 234, 235, 236, 237, 238, 239, 240, 241, 242, 243, 244, 245, 246, 247, 248, 249, 250, 251, 252, 253, 254, 255, 256, 257, 258, 259, 260, 261, 262, 263, 264, 265, 266, 267, 268, 269, 270, 271, 272, 273, 274, 275, 276, 277, 278, 279, 280, 281, 282, 283, 284, 285, 286, 287, 288, 289, 290, 291, 292, 293, 294, 295, 296, 297, 298, 299, 300, 301, 302, 303, 304, 305, 306, 307, 308, 309, 310, 311, 312, 313, 314, 315, 316, 317, 318, 319, 320, 321, 322, 323, 324, 325, 326, 327, 328, 329, 330, 331, 332, 333, 334, 335, 336, 337, 574, 575, 576, 577, 578, 579, 580, 581, 582, 583, 584, 585, 586, 587, 588, 589, 590, 591, 592, 593, 594, 595, 596, 597, 598, 599, 600, 601, 602, 603, 604, 605, 606, 607, 608, 609, 610, 611, 612, 613, 614, 615, 616, 617, 618, 619, 620, 621, 622, 623, 624, 625, 626, 627, 628, 629, 630, 631, 632, 633, 634, 635, 636, 637, 638, 639, 640, 641, 642, 643, 644, 645, 646, 647, 648, 649, 650, 651, 652, 653, 654, 655, 656, 657, 658, 659, 660, 661, 662, 663, 664, 665, 666, 667, 668, 669, 670, 671, 672, 673, 674, 675, 676, 677, 678, 679, 680, 681, 682, 683, 684, 685, 686, 687, 688, 689, 690, 691, 692, 693, 694, 695, 696, 697, 698, 699, 700, 701, 702, 703, 704, 705, 706, 707, 708, 709, 710, 711, 712, 713, 714, 715, 716, 717, 718, 719, 720, 721, 722, 723, 724, 725, 726, 727, 728, 729, 730, 731, 732, 733, 734, 735, 736, 737, 738, 739, 740, 741, 742, 743, 744, 745, 746, 747, 748, 749, 750, 751, 752, 753, 754, 755, 756, 757, 758, 759, 760, 761, 762, 763, 764, 765, 766, 767, 768, 769, 770, 771, 772, 773, 774, 775, 776, 777, 778, 779, 780, 781, 782, 783, 784, 785, 786, 787, 788, 789, 790, 791, 792, 793]",[],[],[],"[49, 87, 103, 104, 105, 106, 107, 108, 109, 110, 111, 112, 113, 114, 115, 116, 117, 118, 119, 120, 121, 122, 123, 124, 125, 126, 127, 128, 129, 130, 131, 132, 133, 134, 135, 136, 137, 138, 139, 140, 141, 142, 143, 144, 145, 146, 147, 148, 149, 150, 151, 152, 153, 154, 155, 156, 157, 158, 159, 160, 161, 162, 163, 164, 165, 166, 167, 168, 169, 170, 171, 172, 173, 174, 175, 176, 177, 178, 179, 180, 181, 182, 183, 184, 185, 186, 187, 188, 189, 190, 191, 192, 193, 194, 195, 196, 197, 198, 199, 200, 201, 202, 203, 204, 205, 206, 207, 208, 209, 210, 211, 212, 213, 214, 215, 216, 217, 218, 219, 220, 221, 222, 223, 224, 225, 226, 227, 228, 229, 230, 231, 232, 233, 234, 235, 236, 237, 238, 239, 240, 241, 242, 243, 244, 245, 246, 247, 248, 249, 250, 251, 252, 253, 254, 255, 256, 257, 258, 259, 260, 261, 262, 263, 264, 265, 266, 267, 268, 269, 270, 271, 272, 273, 274, 275, 276, 277, 278, 279, 280, 281, 282, 283, 284, 285, 286, 287, 288, 289, 290, 291, 292, 293, 294, 295, 296, 297, 298, 299, 300, 301, 302, 303, 304, 305, 306, 307, 308, 309, 310, 311, 312, 313, 314, 315, 316, 317, 318, 319, 320, 321, 322, 323, 324, 325, 326, 327, 328, 329, 330, 331, 332, 333, 334, 335, 336, 337, 528, 558, 574, 575, 576, 577, 578, 579, 580, 581, 582, 583, 584, 585, 586, 587, 588, 589, 590, 591, 592, 593, 594, 595, 596, 597, 598, 599, 600, 601, 602, 603, 604, 605, 606, 607, 608, 609, 610, 611, 612, 613, 614, 615, 616, 617, 618, 619, 620, 621, 622, 623, 624, 625, 626, 627, 628, 629, 630, 631, 632, 633, 634, 635, 636, 637, 638, 639, 640, 641, 642, 643, 644, 645, 646, 647, 648, 649, 650, 651, 652, 653, 654, 655, 656, 657, 658, 659, 660, 661, 662, 663, 664, 665, 666, 667, 668, 669, 670, 671, 672, 673, 674, 675, 676, 677, 678, 679, 680, 681, 682, 683, 684, 685, 686, 687, 688, 689, 690, 691, 692, 693, 694, 695, 696, 697, 698, 699, 700, 701, 702, 703, 704, 705, 706, 707, 708, 709, 710, 711, 712, 713, 714, 715, 716, 717, 718, 719, 720, 721, 722, 723, 724, 725, 726, 727, 728, 729, 730, 731, 732, 733, 734, 735, 736, 737, 738, 739, 740, 741, 742, 743, 744, 745, 746, 747, 748, 749, 750, 751, 752, 753, 754, 755, 756, 757, 758, 759, 760, 761, 762, 763, 764, 765, 766, 767, 768, 769, 770, 771, 772, 773, 774, 775, 776, 777, 778, 779, 780, 781, 782, 783, 784, 785, 786, 787, 788, 789, 790, 791, 792, 793]",False,[],"[103, 104, 105, 106, 107, 108, 109, 110, 111, 112, 113, 114, 115, 116, 117, 118, 119, 120, 121, 122, 123, 124, 125, 126, 127, 128, 129, 130, 131, 132, 133, 134, 135, 136, 137, 138, 139, 140, 141, 142, 143, 144, 145, 146, 147, 148, 149, 150, 151, 152, 153, 154, 155, 156, 157, 158, 159, 160, 161, 162, 163, 164, 165, 166, 167, 168, 169, 170, 171, 172, 173, 174, 175, 176, 177, 178, 179, 180, 181, 182, 183, 184, 185, 186, 187, 188, 189, 190, 191, 192, 193, 194, 195, 196, 197, 198, 199, 200, 201, 202, 203, 204, 205, 206, 207, 208, 209, 210, 211, 212, 213, 214, 215, 216, 217, 218, 219, 220, 221, 222, 223, 224, 225, 226, 227, 228, 229, 230, 231, 232, 233, 234, 235, 236, 237, 238, 239, 240, 241, 242, 243, 244, 245, 246, 247, 248, 249, 250, 251, 252, 253, 254, 255, 256, 257, 258, 259, 260, 261, 262, 263, 264, 265, 266, 267, 268, 269, 270, 271, 272, 273, 274, 275, 276, 277, 278, 279, 280, 281, 282, 283, 284, 285, 286, 287, 288, 289, 290, 291, 292, 293, 294, 295, 296, 297, 298, 299, 300, 301, 302, 303, 304, 305, 306, 307, 308, 309, 310, 311, 312, 313, 314, 315, 316, 317, 318, 319, 320, 321, 322, 323, 324, 325, 326, 327, 328, 329, 330, 331, 332, 333, 334, 335, 336, 337, 574, 575, 576, 577, 578, 579, 580, 581, 582, 583, 584, 585, 586, 587, 588, 589, 590, 591, 592, 593, 594, 595, 596, 597, 598, 599, 600, 601, 602, 603, 604, 605, 606, 607, 608, 609, 610, 611, 612, 613, 614, 615, 616, 617, 618, 619, 620, 621, 622, 623, 624, 625, 626, 627, 628, 629, 630, 631, 632, 633, 634, 635, 636, 637, 638, 639, 640, 641, 642, 643, 644, 645, 646, 647, 648, 649, 650, 651, 652, 653, 654, 655, 656, 657, 658, 659, 660, 661, 662, 663, 664, 665, 666, 667, 668, 669, 670, 671, 672, 673, 674, 675, 676, 677, 678, 679, 680, 681, 682, 683, 684, 685, 686, 687, 688, 689, 690, 691, 692, 693, 694, 695, 696, 697, 698, 699, 700, 701, 702, 703, 704, 705, 706, 707, 708, 709, 710, 711, 712, 713, 714, 715, 716, 717, 718, 719, 720, 721, 722, 723, 724, 725, 726, 727, 728, 729, 730, 731, 732, 733, 734, 735, 736, 737, 738, 739, 740, 741, 742, 743, 744, 745, 746, 747, 748, 749, 750, 751, 752, 753, 754, 755, 756, 757, 758, 759, 760, 761, 762, 763, 764, 765, 766, 767, 768, 769, 770, 771, 772, 773, 774, 775, 776, 777, 778, 779, 780, 781, 782, 783, 784, 785, 786, 787, 788, 789, 790, 791, 792, 793]","[49, 87, 107, 198, 255, 293, 297, 316, 331, 528, 558, 578, 669, 708, 752, 756, 774, 788]",[],[],[],[],7/6 successful match,False,"[6, 7]",True,704,False,,,,,
"San Fernando , 91340 Truman Fuel ( Valero )",818-898-9225 1601 Truman St ( S of Hubbard St ),,San Fernando,91340,Truman Fuel ( Valero ),818-898-9225,2007,San Fernando,CA,Valero,( S of Hubbard St ),1601 Truman St,Proper,,False,,False,Truman St,,,,,[],[],"[49, 87, 107, 198, 255, 293, 297, 316, 331, 528, 558, 578, 669, 708, 752, 756, 774, 788]",[],"[103, 104, 105, 106, 107, 108, 109, 110, 111, 112, 113, 114, 115, 116, 117, 118, 119, 120, 121, 122, 123, 124, 125, 126, 127, 128, 129, 130, 131, 132, 133, 134, 135, 136, 137, 138, 139, 140, 141, 142, 143, 144, 145, 146, 147, 148, 149, 150, 151, 152, 153, 154, 155, 156, 157, 158, 159, 160, 161, 162, 163, 164, 165, 166, 167, 168, 169, 170, 171, 172, 173, 174, 175, 176, 177, 178, 179, 180, 181, 182, 183, 184, 185, 186, 187, 188, 189, 190, 191, 192, 193, 194, 195, 196, 197, 198, 199, 200, 201, 202, 203, 204, 205, 206, 207, 208, 209, 210, 211, 212, 213, 214, 215, 216, 217, 218, 219, 220, 221, 222, 223, 224, 225, 226, 227, 228, 229, 230, 231, 232, 233, 234, 235, 236, 237, 238, 239, 240, 241, 242, 243, 244, 245, 246, 247, 248, 249, 250, 251, 252, 253, 254, 255, 256, 257, 258, 259, 260, 261, 262, 263, 264, 265, 266, 267, 268, 269, 270, 271, 272, 273, 274, 275, 276, 277, 278, 279, 280, 281, 282, 283, 284, 285, 286, 287, 288, 289, 290, 291, 292, 293, 294, 295, 296, 297, 298, 299, 300, 301, 302, 303, 304, 305, 306, 307, 308, 309, 310, 311, 312, 313, 314, 315, 316, 317, 318, 319, 320, 321, 322, 323, 324, 325, 326, 327, 328, 329, 330, 331, 332, 333, 334, 335, 336, 337, 574, 575, 576, 577, 578, 579, 580, 581, 582, 583, 584, 585, 586, 587, 588, 589, 590, 591, 592, 593, 594, 595, 596, 597, 598, 599, 600, 601, 602, 603, 604, 605, 606, 607, 608, 609, 610, 611, 612, 613, 614, 615, 616, 617, 618, 619, 620, 621, 622, 623, 624, 625, 626, 627, 628, 629, 630, 631, 632, 633, 634, 635, 636, 637, 638, 639, 640, 641, 642, 643, 644, 645, 646, 647, 648, 649, 650, 651, 652, 653, 654, 655, 656, 657, 658, 659, 660, 661, 662, 663, 664, 665, 666, 667, 668, 669, 670, 671, 672, 673, 674, 675, 676, 677, 678, 679, 680, 681, 682, 683, 684, 685, 686, 687, 688, 689, 690, 691, 692, 693, 694, 695, 696, 697, 698, 699, 700, 701, 702, 703, 704, 705, 706, 707, 708, 709, 710, 711, 712, 713, 714, 715, 716, 717, 718, 719, 720, 721, 722, 723, 724, 725, 726, 727, 728, 729, 730, 731, 732, 733, 734, 735, 736, 737, 738, 739, 740, 741, 742, 743, 744, 745, 746, 747, 748, 749, 750, 751, 752, 753, 754, 755, 756, 757, 758, 759, 760, 761, 762, 763, 764, 765, 766, 767, 768, 769, 770, 771, 772, 773, 774, 775, 776, 777, 778, 779, 780, 781, 782, 783, 784, 785, 786, 787, 788, 789, 790, 791, 792, 793]",[],"[2, 9, 10, 82, 111, 112, 113, 199, 279, 284, 285, 300, 488, 494, 495, 553, 581, 582, 583, 670, 738, 743, 744, 759, 818]","[2, 9, 10, 82, 111, 112, 113, 199, 279, 284, 285, 300, 488, 494, 495, 553, 581, 582, 583, 670, 738, 743, 744, 759, 818]","[2, 9, 10, 49, 82, 87, 103, 104, 105, 106, 107, 108, 109, 110, 111, 112, 113, 114, 115, 116, 117, 118, 119, 120, 121, 122, 123, 124, 125, 126, 127, 128, 129, 130, 131, 132, 133, 134, 135, 136, 137, 138, 139, 140, 141, 142, 143, 144, 145, 146, 147, 148, 149, 150, 151, 152, 153, 154, 155, 156, 157, 158, 159, 160, 161, 162, 163, 164, 165, 166, 167, 168, 169, 170, 171, 172, 173, 174, 175, 176, 177, 178, 179, 180, 181, 182, 183, 184, 185, 186, 187, 188, 189, 190, 191, 192, 193, 194, 195, 196, 197, 198, 199, 200, 201, 202, 203, 204, 205, 206, 207, 208, 209, 210, 211, 212, 213, 214, 215, 216, 217, 218, 219, 220, 221, 222, 223, 224, 225, 226, 227, 228, 229, 230, 231, 232, 233, 234, 235, 236, 237, 238, 239, 240, 241, 242, 243, 244, 245, 246, 247, 248, 249, 250, 251, 252, 253, 254, 255, 256, 257, 258, 259, 260, 261, 262, 263, 264, 265, 266, 267, 268, 269, 270, 271, 272, 273, 274, 275, 276, 277, 278, 279, 280, 281, 282, 283, 284, 285, 286, 287, 288, 289, 290, 291, 292, 293, 294, 295, 296, 297, 298, 299, 300, 301, 302, 303, 304, 305, 306, 307, 308, 309, 310, 311, 312, 313, 314, 315, 316, 317, 318, 319, 320, 321, 322, 323, 324, 325, 326, 327, 328, 329, 330, 331, 332, 333, 334, 335, 336, 337, 488, 494, 495, 528, 553, 558, 574, 575, 576, 577, 578, 579, 580, 581, 582, 583, 584, 585, 586, 587, 588, 589, 590, 591, 592, 593, 594, 595, 596, 597, 598, 599, 600, 601, 602, 603, 604, 605, 606, 607, 608, 609, 610, 611, 612, 613, 614, 615, 616, 617, 618, 619, 620, 621, 622, 623, 624, 625, 626, 627, 628, 629, 630, 631, 632, 633, 634, 635, 636, 637, 638, 639, 640, 641, 642, 643, 644, 645, 646, 647, 648, 649, 650, 651, 652, 653, 654, 655, 656, 657, 658, 659, 660, 661, 662, 663, 664, 665, 666, 667, 668, 669, 670, 671, 672, 673, 674, 675, 676, 677, 678, 679, 680, 681, 682, 683, 684, 685, 686, 687, 688, 689, 690, 691, 692, 693, 694, 695, 696, 697, 698, 699, 700, 701, 702, 703, 704, 705, 706, 707, 708, 709, 710, 711, 712, 713, 714, 715, 716, 717, 718, 719, 720, 721, 722, 723, 724, 725, 726, 727, 728, 729, 730, 731, 732, 733, 734, 735, 736, 737, 738, 739, 740, 741, 742, 743, 744, 745, 746, 747, 748, 749, 750, 751, 752, 753, 754, 755, 756, 757, 758, 759, 760, 761, 762, 763, 764, 765, 766, 767, 768, 769, 770, 771, 772, 773, 774, 775, 776, 777, 778, 779, 780, 781, 782, 783, 784, 785, 786, 787, 788, 789, 790, 791, 792, 793, 818]",False,[],"[103, 104, 105, 106, 107, 108, 109, 110, 111, 112, 113, 114, 115, 116, 117, 118, 119, 120, 121, 122, 123, 124, 125, 126, 127, 128, 129, 130, 131, 132, 133, 134, 135, 136, 137, 138, 139, 140, 141, 142, 143, 144, 145, 146, 147, 148, 149, 150, 151, 152, 153, 154, 155, 156, 157, 158, 159, 160, 161, 162, 163, 164, 165, 166, 167, 168, 169, 170, 171, 172, 173, 174, 175, 176, 177, 178, 179, 180, 181, 182, 183, 184, 185, 186, 187, 188, 189, 190, 191, 192, 193, 194, 195, 196, 197, 198, 199, 200, 201, 202, 203, 204, 205, 206, 207, 208, 209, 210, 211, 212, 213, 214, 215, 216, 217, 218, 219, 220, 221, 222, 223, 224, 225, 226, 227, 228, 229, 230, 231, 232, 233, 234, 235, 236, 237, 238, 239, 240, 241, 242, 243, 244, 245, 246, 247, 248, 249, 250, 251, 252, 253, 254, 255, 256, 257, 258, 259, 260, 261, 262, 263, 264, 265, 266, 267, 268, 269, 270, 271, 272, 273, 274, 275, 276, 277, 278, 279, 280, 281, 282, 283, 284, 285, 286, 287, 288, 289, 290, 291, 292, 293, 294, 295, 296, 297, 298, 299, 300, 301, 302, 303, 304, 305, 306, 307, 308, 309, 310, 311, 312, 313, 314, 315, 316, 317, 318, 319, 320, 321, 322, 323, 324, 325, 326, 327, 328, 329, 330, 331, 332, 333, 334, 335, 336, 337, 574, 575, 576, 577, 578, 579, 580, 581, 582, 583, 584, 585, 586, 587, 588, 589, 590, 591, 592, 593, 594, 595, 596, 597, 598, 599, 600, 601, 602, 603, 604, 605, 606, 607, 608, 609, 610, 611, 612, 613, 614, 615, 616, 617, 618, 619, 620, 621, 622, 623, 624, 625, 626, 627, 628, 629, 630, 631, 632, 633, 634, 635, 636, 637, 638, 639, 640, 641, 642, 643, 644, 645, 646, 647, 648, 649, 650, 651, 652, 653, 654, 655, 656, 657, 658, 659, 660, 661, 662, 663, 664, 665, 666, 667, 668, 669, 670, 671, 672, 673, 674, 675, 676, 677, 678, 679, 680, 681, 682, 683, 684, 685, 686, 687, 688, 689, 690, 691, 692, 693, 694, 695, 696, 697, 698, 699, 700, 701, 702, 703, 704, 705, 706, 707, 708, 709, 710, 711, 712, 713, 714, 715, 716, 717, 718, 719, 720, 721, 722, 723, 724, 725, 726, 727, 728, 729, 730, 731, 732, 733, 734, 735, 736, 737, 738, 739, 740, 741, 742, 743, 744, 745, 746, 747, 748, 749, 750, 751, 752, 753, 754, 755, 756, 757, 758, 759, 760, 761, 762, 763, 764, 765, 766, 767, 768, 769, 770, 771, 772, 773, 774, 775, 776, 777, 778, 779, 780, 781, 782, 783, 784, 785, 786, 787, 788, 789, 790, 791, 792, 793]","[49, 87, 107, 198, 255, 293, 297, 316, 331, 528, 558, 578, 669, 708, 752, 756, 774, 788]",[],[],"[2, 9, 10, 82, 111, 112, 113, 199, 279, 284, 285, 300, 488, 494, 495, 553, 581, 582, 583, 670, 738, 743, 744, 759, 818]","[2, 9, 10, 82, 111, 112, 113, 199, 279, 284, 285, 300, 488, 494, 495, 553, 581, 582, 583, 670, 738, 743, 744, 759, 818]",5/6 successful match,False,"[6, 7]",True,704,False,,0.492156862745098,True,Truman Prena,
"San Fernando , 91340 Truman Fuel ( Valero ) , 1 mi E )",4 818-898-9225 1601 Truman St ( S of Hubbard St ),MRS <U+2610> <U+2610><U+2610>,San Fernando Truman Fuel,91340,"Truman Fuel ( Valero ) , 1 mi E )",818-898-9225,2008,San Fernando,CA,Valero,( S of Hubbard St ),1601 Truman St,Proper,,False,,False,Truman St,,,,,[],[],"[49, 87, 107, 198, 255, 293, 297, 316, 331, 528, 558, 578, 669, 708, 752, 756, 774, 788]",[],"[103, 104, 105, 106, 107, 108, 109, 110, 111, 112, 113, 114, 115, 116, 117, 118, 119, 120, 121, 122, 123, 124, 125, 126, 127, 128, 129, 130, 131, 132, 133, 134, 135, 136, 137, 138, 139, 140, 141, 142, 143, 144, 145, 146, 147, 148, 149, 150, 151, 152, 153, 154, 155, 156, 157, 158, 159, 160, 161, 162, 163, 164, 165, 166, 167, 168, 169, 170, 171, 172, 173, 174, 175, 176, 177, 178, 179, 180, 181, 182, 183, 184, 185, 186, 187, 188, 189, 190, 191, 192, 193, 194, 195, 196, 197, 198, 199, 200, 201, 202, 203, 204, 205, 206, 207, 208, 209, 210, 211, 212, 213, 214, 215, 216, 217, 218, 219, 220, 221, 222, 223, 224, 225, 226, 227, 228, 229, 230, 231, 232, 233, 234, 235, 236, 237, 238, 239, 240, 241, 242, 243, 244, 245, 246, 247, 248, 249, 250, 251, 252, 253, 254, 255, 256, 257, 258, 259, 260, 261, 262, 263, 264, 265, 266, 267, 268, 269, 270, 271, 272, 273, 274, 275, 276, 277, 278, 279, 280, 281, 282, 283, 284, 285, 286, 287, 288, 289, 290, 291, 292, 293, 294, 295, 296, 297, 298, 299, 300, 301, 302, 303, 304, 305, 306, 307, 308, 309, 310, 311, 312, 313, 314, 315, 316, 317, 318, 319, 320, 321, 322, 323, 324, 325, 326, 327, 328, 329, 330, 331, 332, 333, 334, 335, 336, 337, 574, 575, 576, 577, 578, 579, 580, 581, 582, 583, 584, 585, 586, 587, 588, 589, 590, 591, 592, 593, 594, 595, 596, 597, 598, 599, 600, 601, 602, 603, 604, 605, 606, 607, 608, 609, 610, 611, 612, 613, 614, 615, 616, 617, 618, 619, 620, 621, 622, 623, 624, 625, 626, 627, 628, 629, 630, 631, 632, 633, 634, 635, 636, 637, 638, 639, 640, 641, 642, 643, 644, 645, 646, 647, 648, 649, 650, 651, 652, 653, 654, 655, 656, 657, 658, 659, 660, 661, 662, 663, 664, 665, 666, 667, 668, 669, 670, 671, 672, 673, 674, 675, 676, 677, 678, 679, 680, 681, 682, 683, 684, 685, 686, 687, 688, 689, 690, 691, 692, 693, 694, 695, 696, 697, 698, 699, 700, 701, 702, 703, 704, 705, 706, 707, 708, 709, 710, 711, 712, 713, 714, 715, 716, 717, 718, 719, 720, 721, 722, 723, 724, 725, 726, 727, 728, 729, 730, 731, 732, 733, 734, 735, 736, 737, 738, 739, 740, 741, 742, 743, 744, 745, 746, 747, 748, 749, 750, 751, 752, 753, 754, 755, 756, 757, 758, 759, 760, 761, 762, 763, 764, 765, 766, 767, 768, 769, 770, 771, 772, 773, 774, 775, 776, 777, 778, 779, 780, 781, 782, 783, 784, 785, 786, 787, 788, 789, 790, 791, 792, 793]",[],"[2, 9, 10, 82, 111, 112, 113, 199, 279, 284, 285, 300, 488, 494, 495, 553, 581, 582, 583, 670, 738, 743, 744, 759, 818]","[2, 9, 10, 82, 111, 112, 113, 199, 279, 284, 285, 300, 488, 494, 495, 553, 581, 582, 583, 670, 738, 743, 744, 759, 818]","[2, 9, 10, 49, 82, 87, 103, 104, 105, 106, 107, 108, 109, 110, 111, 112, 113, 114, 115, 116, 117, 118, 119, 120, 121, 122, 123, 124, 125, 126, 127, 128, 129, 130, 131, 132, 133, 134, 135, 136, 137, 138, 139, 140, 141, 142, 143, 144, 145, 146, 147, 148, 149, 150, 151, 152, 153, 154, 155, 156, 157, 158, 159, 160, 161, 162, 163, 164, 165, 166, 167, 168, 169, 170, 171, 172, 173, 174, 175, 176, 177, 178, 179, 180, 181, 182, 183, 184, 185, 186, 187, 188, 189, 190, 191, 192, 193, 194, 195, 196, 197, 198, 199, 200, 201, 202, 203, 204, 205, 206, 207, 208, 209, 210, 211, 212, 213, 214, 215, 216, 217, 218, 219, 220, 221, 222, 223, 224, 225, 226, 227, 228, 229, 230, 231, 232, 233, 234, 235, 236, 237, 238, 239, 240, 241, 242, 243, 244, 245, 246, 247, 248, 249, 250, 251, 252, 253, 254, 255, 256, 257, 258, 259, 260, 261, 262, 263, 264, 265, 266, 267, 268, 269, 270, 271, 272, 273, 274, 275, 276, 277, 278, 279, 280, 281, 282, 283, 284, 285, 286, 287, 288, 289, 290, 291, 292, 293, 294, 295, 296, 297, 298, 299, 300, 301, 302, 303, 304, 305, 306, 307, 308, 309, 310, 311, 312, 313, 314, 315, 316, 317, 318, 319, 320, 321, 322, 323, 324, 325, 326, 327, 328, 329, 330, 331, 332, 333, 334, 335, 336, 337, 488, 494, 495, 528, 553, 558, 574, 575, 576, 577, 578, 579, 580, 581, 582, 583, 584, 585, 586, 587, 588, 589, 590, 591, 592, 593, 594, 595, 596, 597, 598, 599, 600, 601, 602, 603, 604, 605, 606, 607, 608, 609, 610, 611, 612, 613, 614, 615, 616, 617, 618, 619, 620, 621, 622, 623, 624, 625, 626, 627, 628, 629, 630, 631, 632, 633, 634, 635, 636, 637, 638, 639, 640, 641, 642, 643, 644, 645, 646, 647, 648, 649, 650, 651, 652, 653, 654, 655, 656, 657, 658, 659, 660, 661, 662, 663, 664, 665, 666, 667, 668, 669, 670, 671, 672, 673, 674, 675, 676, 677, 678, 679, 680, 681, 682, 683, 684, 685, 686, 687, 688, 689, 690, 691, 692, 693, 694, 695, 696, 697, 698, 699, 700, 701, 702, 703, 704, 705, 706, 707, 708, 709, 710, 711, 712, 713, 714, 715, 716, 717, 718, 719, 720, 721, 722, 723, 724, 725, 726, 727, 728, 729, 730, 731, 732, 733, 734, 735, 736, 737, 738, 739, 740, 741, 742, 743, 744, 745, 746, 747, 748, 749, 750, 751, 752, 753, 754, 755, 756, 757, 758, 759, 760, 761, 762, 763, 764, 765, 766, 767, 768, 769, 770, 771, 772, 773, 774, 775, 776, 777, 778, 779, 780, 781, 782, 783, 784, 785, 786, 787, 788, 789, 790, 791, 792, 793, 818]",False,[],"[103, 104, 105, 106, 107, 108, 109, 110, 111, 112, 113, 114, 115, 116, 117, 118, 119, 120, 121, 122, 123, 124, 125, 126, 127, 128, 129, 130, 131, 132, 133, 134, 135, 136, 137, 138, 139, 140, 141, 142, 143, 144, 145, 146, 147, 148, 149, 150, 151, 152, 153, 154, 155, 156, 157, 158, 159, 160, 161, 162, 163, 164, 165, 166, 167, 168, 169, 170, 171, 172, 173, 174, 175, 176, 177, 178, 179, 180, 181, 182, 183, 184, 185, 186, 187, 188, 189, 190, 191, 192, 193, 194, 195, 196, 197, 198, 199, 200, 201, 202, 203, 204, 205, 206, 207, 208, 209, 210, 211, 212, 213, 214, 215, 216, 217, 218, 219, 220, 221, 222, 223, 224, 225, 226, 227, 228, 229, 230, 231, 232, 233, 234, 235, 236, 237, 238, 239, 240, 241, 242, 243, 244, 245, 246, 247, 248, 249, 250, 251, 252, 253, 254, 255, 256, 257, 258, 259, 260, 261, 262, 263, 264, 265, 266, 267, 268, 269, 270, 271, 272, 273, 274, 275, 276, 277, 278, 279, 280, 281, 282, 283, 284, 285, 286, 287, 288, 289, 290, 291, 292, 293, 294, 295, 296, 297, 298, 299, 300, 301, 302, 303, 304, 305, 306, 307, 308, 309, 310, 311, 312, 313, 314, 315, 316, 317, 318, 319, 320, 321, 322, 323, 324, 325, 326, 327, 328, 329, 330, 331, 332, 333, 334, 335, 336, 337, 574, 575, 576, 577, 578, 579, 580, 581, 582, 583, 584, 585, 586, 587, 588, 589, 590, 591, 592, 593, 594, 595, 596, 597, 598, 599, 600, 601, 602, 603, 604, 605, 606, 607, 608, 609, 610, 611, 612, 613, 614, 615, 616, 617, 618, 619, 620, 621, 622, 623, 624, 625, 626, 627, 628, 629, 630, 631, 632, 633, 634, 635, 636, 637, 638, 639, 640, 641, 642, 643, 644, 645, 646, 647, 648, 649, 650, 651, 652, 653, 654, 655, 656, 657, 658, 659, 660, 661, 662, 663, 664, 665, 666, 667, 668, 669, 670, 671, 672, 673, 674, 675, 676, 677, 678, 679, 680, 681, 682, 683, 684, 685, 686, 687, 688, 689, 690, 691, 692, 693, 694, 695, 696, 697, 698, 699, 700, 701, 702, 703, 704, 705, 706, 707, 708, 709, 710, 711, 712, 713, 714, 715, 716, 717, 718, 719, 720, 721, 722, 723, 724, 725, 726, 727, 728, 729, 730, 731, 732, 733, 734, 735, 736, 737, 738, 739, 740, 741, 742, 743, 744, 745, 746, 747, 748, 749, 750, 751, 752, 753, 754, 755, 756, 757, 758, 759, 760, 761, 762, 763, 764, 765, 766, 767, 768, 769, 770, 771, 772, 773, 774, 775, 776, 777, 778, 779, 780, 781, 782, 783, 784, 785, 786, 787, 788, 789, 790, 791, 792, 793]","[49, 87, 107, 198, 255, 293, 297, 316, 331, 528, 558, 578, 669, 708, 752, 756, 774, 788]",[],[],"[2, 9, 10, 82, 111, 112, 113, 199, 279, 284, 285, 300, 488, 494, 495, 553, 581, 582, 583, 670, 738, 743, 744, 759, 818]","[2, 9, 10, 82, 111, 112, 113, 199, 279, 284, 285, 300, 488, 494, 495, 553, 581, 582, 583, 670, 738, 743, 744, 759, 818]",5/6 successful match,False,"[6, 7]",True,704,False,,1.0,True,Truman Fuel ( Valero ),Valero
"Valencia , 91355 Rye Canyon Starmart ( Shell ) )",4 661-294-0571 I-5 Exit 171 SB ( Rye ),HRS 24 000,Valencia,91355,Rye Canyon Starmart ( Shell ) ),661-294-0571,2006,Valencia,CA,Shell,( Rye ),I-5 Exit 171 SB ,Exit,171,False,,False,I-5,,,,,[],[],[],[],"[103, 104, 105, 106, 107, 108, 109, 110, 111, 112, 113, 114, 115, 116, 117, 118, 119, 120, 121, 122, 123, 124, 125, 126, 127, 128, 129, 130, 131, 132, 133, 134, 135, 136, 137, 138, 139, 140, 141, 142, 143, 144, 145, 146, 147, 148, 149, 150, 151, 152, 153, 154, 155, 156, 157, 158, 159, 160, 161, 162, 163, 164, 165, 166, 167, 168, 169, 170, 171, 172, 173, 174, 175, 176, 177, 178, 179, 180, 181, 182, 183, 184, 185, 186, 187, 188, 189, 190, 191, 192, 193, 194, 195, 196, 197, 198, 199, 200, 201, 202, 203, 204, 205, 206, 207, 208, 209, 210, 211, 212, 213, 214, 215, 216, 217, 218, 219, 220, 221, 222, 223, 224, 225, 226, 227, 228, 229, 230, 231, 232, 233, 234, 235, 236, 237, 238, 239, 240, 241, 242, 243, 244, 245, 246, 247, 248, 249, 250, 251, 252, 253, 254, 255, 256, 257, 258, 259, 260, 261, 262, 263, 264, 265, 266, 267, 268, 269, 270, 271, 272, 273, 274, 275, 276, 277, 278, 279, 280, 281, 282, 283, 284, 285, 286, 287, 288, 289, 290, 291, 292, 293, 294, 295, 296, 297, 298, 299, 300, 301, 302, 303, 304, 305, 306, 307, 308, 309, 310, 311, 312, 313, 314, 315, 316, 317, 318, 319, 320, 321, 322, 323, 324, 325, 326, 327, 328, 329, 330, 331, 332, 333, 334, 335, 336, 337, 574, 575, 576, 577, 578, 579, 580, 581, 582, 583, 584, 585, 586, 587, 588, 589, 590, 591, 592, 593, 594, 595, 596, 597, 598, 599, 600, 601, 602, 603, 604, 605, 606, 607, 608, 609, 610, 611, 612, 613, 614, 615, 616, 617, 618, 619, 620, 621, 622, 623, 624, 625, 626, 627, 628, 629, 630, 631, 632, 633, 634, 635, 636, 637, 638, 639, 640, 641, 642, 643, 644, 645, 646, 647, 648, 649, 650, 651, 652, 653, 654, 655, 656, 657, 658, 659, 660, 661, 662, 663, 664, 665, 666, 667, 668, 669, 670, 671, 672, 673, 674, 675, 676, 677, 678, 679, 680, 681, 682, 683, 684, 685, 686, 687, 688, 689, 690, 691, 692, 693, 694, 695, 696, 697, 698, 699, 700, 701, 702, 703, 704, 705, 706, 707, 708, 709, 710, 711, 712, 713, 714, 715, 716, 717, 718, 719, 720, 721, 722, 723, 724, 725, 726, 727, 728, 729, 730, 731, 732, 733, 734, 735, 736, 737, 738, 739, 740, 741, 742, 743, 744, 745, 746, 747, 748, 749, 750, 751, 752, 753, 754, 755, 756, 757, 758, 759, 760, 761, 762, 763, 764, 765, 766, 767, 768, 769, 770, 771, 772, 773, 774, 775, 776, 777, 778, 779, 780, 781, 782, 783, 784, 785, 786, 787, 788, 789, 790, 791, 792, 793]","[105, 114, 138, 141, 152, 153, 154, 155, 157, 159, 164, 165, 176, 182, 191, 192, 194, 195, 196, 200, 204, 208, 209, 210, 211, 215, 226, 228, 241, 242, 243, 245, 248, 249, 250, 257, 261, 270, 271, 282, 287, 289, 291, 294, 296, 298, 306, 308, 309, 311, 314, 327, 333, 335, 337, 576, 585, 609, 612, 623, 624, 626, 627, 629, 631, 636, 637, 647, 653, 662, 663, 665, 666, 667, 671, 674, 678, 679, 680, 681, 690, 692, 705, 706, 707, 709, 711, 712, 713, 719, 721, 729, 730, 741, 746, 748, 750, 753, 755, 757, 764, 766, 767, 769, 772, 785, 791]","[1, 13, 14, 29, 54, 55, 56, 57, 58, 60, 102, 118, 125, 127, 130, 134, 146, 149, 153, 175, 182, 187, 189, 191, 197, 225, 230, 238, 264, 265, 266, 286, 302, 317, 336, 379, 388, 389, 425, 454, 458, 463, 475, 487, 498, 499, 512, 530, 531, 532, 533, 534, 536, 573, 589, 596, 598, 601, 605, 617, 620, 624, 646, 653, 658, 660, 662, 668, 689, 694, 702, 724, 725, 745, 760, 775, 793, 829, 838, 839, 877, 901, 903, 905, 910, 923]","[1, 13, 14, 29, 54, 55, 56, 57, 58, 60, 102, 118, 125, 127, 130, 134, 146, 149, 153, 175, 182, 187, 189, 191, 197, 225, 230, 238, 264, 265, 266, 286, 302, 317, 336, 354, 379, 388, 389, 405, 425, 454, 458, 463, 475, 487, 498, 499, 512, 530, 531, 532, 533, 534, 536, 573, 589, 596, 598, 601, 605, 617, 620, 624, 646, 653, 658, 660, 662, 668, 689, 694, 702, 724, 725, 745, 760, 775, 793, 809, 829, 838, 839, 854, 857, 877, 901, 903, 905, 910, 923]","[1, 13, 14, 29, 54, 55, 56, 57, 58, 60, 102, 103, 104, 105, 106, 107, 108, 109, 110, 111, 112, 113, 114, 115, 116, 117, 118, 119, 120, 121, 122, 123, 124, 125, 126, 127, 128, 129, 130, 131, 132, 133, 134, 135, 136, 137, 138, 139, 140, 141, 142, 143, 144, 145, 146, 147, 148, 149, 150, 151, 152, 153, 154, 155, 156, 157, 158, 159, 160, 161, 162, 163, 164, 165, 166, 167, 168, 169, 170, 171, 172, 173, 174, 175, 176, 177, 178, 179, 180, 181, 182, 183, 184, 185, 186, 187, 188, 189, 190, 191, 192, 193, 194, 195, 196, 197, 198, 199, 200, 201, 202, 203, 204, 205, 206, 207, 208, 209, 210, 211, 212, 213, 214, 215, 216, 217, 218, 219, 220, 221, 222, 223, 224, 225, 226, 227, 228, 229, 230, 231, 232, 233, 234, 235, 236, 237, 238, 239, 240, 241, 242, 243, 244, 245, 246, 247, 248, 249, 250, 251, 252, 253, 254, 255, 256, 257, 258, 259, 260, 261, 262, 263, 264, 265, 266, 267, 268, 269, 270, 271, 272, 273, 274, 275, 276, 277, 278, 279, 280, 281, 282, 283, 284, 285, 286, 287, 288, 289, 290, 291, 292, 293, 294, 295, 296, 297, 298, 299, 300, 301, 302, 303, 304, 305, 306, 307, 308, 309, 310, 311, 312, 313, 314, 315, 316, 317, 318, 319, 320, 321, 322, 323, 324, 325, 326, 327, 328, 329, 330, 331, 332, 333, 334, 335, 336, 337, 354, 379, 388, 389, 405, 425, 454, 458, 463, 475, 487, 498, 499, 512, 530, 531, 532, 533, 534, 536, 573, 574, 575, 576, 577, 578, 579, 580, 581, 582, 583, 584, 585, 586, 587, 588, 589, 590, 591, 592, 593, 594, 595, 596, 597, 598, 599, 600, 601, 602, 603, 604, 605, 606, 607, 608, 609, 610, 611, 612, 613, 614, 615, 616, 617, 618, 619, 620, 621, 622, 623, 624, 625, 626, 627, 628, 629, 630, 631, 632, 633, 634, 635, 636, 637, 638, 639, 640, 641, 642, 643, 644, 645, 646, 647, 648, 649, 650, 651, 652, 653, 654, 655, 656, 657, 658, 659, 660, 661, 662, 663, 664, 665, 666, 667, 668, 669, 670, 671, 672, 673, 674, 675, 676, 677, 678, 679, 680, 681, 682, 683, 684, 685, 686, 687, 688, 689, 690, 691, 692, 693, 694, 695, 696, 697, 698, 699, 700, 701, 702, 703, 704, 705, 706, 707, 708, 709, 710, 711, 712, 713, 714, 715, 716, 717, 718, 719, 720, 721, 722, 723, 724, 725, 726, 727, 728, 729, 730, 731, 732, 733, 734, 735, 736, 737, 738, 739, 740, 741, 742, 743, 744, 745, 746, 747, 748, 749, 750, 751, 752, 753, 754, 755, 756, 757, 758, 759, 760, 761, 762, 763, 764, 765, 766, 767, 768, 769, 770, 771, 772, 773, 774, 775, 776, 777, 778, 779, 780, 781, 782, 783, 784, 785, 786, 787, 788, 789, 790, 791, 792, 793, 809, 829, 838, 839, 854, 857, 877, 901, 903, 905, 910, 923]",False,[],"[103, 104, 105, 106, 107, 108, 109, 110, 111, 112, 113, 114, 115, 116, 117, 118, 119, 120, 121, 122, 123, 124, 125, 126, 127, 128, 129, 130, 131, 132, 133, 134, 135, 136, 137, 138, 139, 140, 141, 142, 143, 144, 145, 146, 147, 148, 149, 150, 151, 152, 153, 154, 155, 156, 157, 158, 159, 160, 161, 162, 163, 164, 165, 166, 167, 168, 169, 170, 171, 172, 173, 174, 175, 176, 177, 178, 179, 180, 181, 182, 183, 184, 185, 186, 187, 188, 189, 190, 191, 192, 193, 194, 195, 196, 197, 198, 199, 200, 201, 202, 203, 204, 205, 206, 207, 208, 209, 210, 211, 212, 213, 214, 215, 216, 217, 218, 219, 220, 221, 222, 223, 224, 225, 226, 227, 228, 229, 230, 231, 232, 233, 234, 235, 236, 237, 238, 239, 240, 241, 242, 243, 244, 245, 246, 247, 248, 249, 250, 251, 252, 253, 254, 255, 256, 257, 258, 259, 260, 261, 262, 263, 264, 265, 266, 267, 268, 269, 270, 271, 272, 273, 274, 275, 276, 277, 278, 279, 280, 281, 282, 283, 284, 285, 286, 287, 288, 289, 290, 291, 292, 293, 294, 295, 296, 297, 298, 299, 300, 301, 302, 303, 304, 305, 306, 307, 308, 309, 310, 311, 312, 313, 314, 315, 316, 317, 318, 319, 320, 321, 322, 323, 324, 325, 326, 327, 328, 329, 330, 331, 332, 333, 334, 335, 336, 337, 574, 575, 576, 577, 578, 579, 580, 581, 582, 583, 584, 585, 586, 587, 588, 589, 590, 591, 592, 593, 594, 595, 596, 597, 598, 599, 600, 601, 602, 603, 604, 605, 606, 607, 608, 609, 610, 611, 612, 613, 614, 615, 616, 617, 618, 619, 620, 621, 622, 623, 624, 625, 626, 627, 628, 629, 630, 631, 632, 633, 634, 635, 636, 637, 638, 639, 640, 641, 642, 643, 644, 645, 646, 647, 648, 649, 650, 651, 652, 653, 654, 655, 656, 657, 658, 659, 660, 661, 662, 663, 664, 665, 666, 667, 668, 669, 670, 671, 672, 673, 674, 675, 676, 677, 678, 679, 680, 681, 682, 683, 684, 685, 686, 687, 688, 689, 690, 691, 692, 693, 694, 695, 696, 697, 698, 699, 700, 701, 702, 703, 704, 705, 706, 707, 708, 709, 710, 711, 712, 713, 714, 715, 716, 717, 718, 719, 720, 721, 722, 723, 724, 725, 726, 727, 728, 729, 730, 731, 732, 733, 734, 735, 736, 737, 738, 739, 740, 741, 742, 743, 744, 745, 746, 747, 748, 749, 750, 751, 752, 753, 754, 755, 756, 757, 758, 759, 760, 761, 762, 763, 764, 765, 766, 767, 768, 769, 770, 771, 772, 773, 774, 775, 776, 777, 778, 779, 780, 781, 782, 783, 784, 785, 786, 787, 788, 789, 790, 791, 792, 793]",[],[],"[105, 114, 138, 141, 152, 153, 154, 155, 157, 159, 164, 165, 176, 182, 191, 192, 194, 195, 196, 200, 204, 208, 209, 210, 211, 215, 226, 228, 241, 242, 243, 245, 248, 249, 250, 257, 261, 270, 271, 282, 287, 289, 291, 294, 296, 298, 306, 308, 309, 311, 314, 327, 333, 335, 337, 576, 585, 609, 612, 623, 624, 626, 627, 629, 631, 636, 637, 647, 653, 662, 663, 665, 666, 667, 671, 674, 678, 679, 680, 681, 690, 692, 705, 706, 707, 709, 711, 712, 713, 719, 721, 729, 730, 741, 746, 748, 750, 753, 755, 757, 764, 766, 767, 769, 772, 785, 791]","[1, 13, 14, 29, 54, 55, 56, 57, 58, 60, 102, 118, 125, 127, 130, 134, 146, 149, 153, 175, 182, 187, 189, 191, 197, 225, 230, 238, 264, 265, 266, 286, 302, 317, 336, 354, 379, 388, 389, 405, 425, 454, 458, 463, 475, 487, 498, 499, 512, 530, 531, 532, 533, 534, 536, 573, 589, 596, 598, 601, 605, 617, 620, 624, 646, 653, 658, 660, 662, 668, 689, 694, 702, 724, 725, 745, 760, 775, 793, 809, 829, 838, 839, 854, 857, 877, 901, 903, 905, 910, 923]","[1, 13, 14, 29, 54, 55, 56, 57, 58, 60, 102, 118, 125, 127, 130, 134, 146, 149, 153, 175, 182, 187, 189, 191, 197, 225, 230, 238, 264, 265, 266, 286, 302, 317, 336, 379, 388, 389, 425, 454, 458, 463, 475, 487, 498, 499, 512, 530, 531, 532, 533, 534, 536, 573, 589, 596, 598, 601, 605, 617, 620, 624, 646, 653, 658, 660, 662, 668, 689, 694, 702, 724, 725, 745, 760, 775, 793, 829, 838, 839, 877, 901, 903, 905, 910, 923]",7/6 successful match,False,"[309, 310, 311]",True,705,False,,,,,
"Valencia , 91355 Rye Canyon Starmart ( Chevron )",661-294-0571 I-5 Exit 171 SB ( Rye Canyon ),000,Valencia,91355,Rye Canyon Starmart ( Chevron ),661-294-0571,2007,Valencia,CA,Chevron,( Rye Canyon ),I-5 Exit 171 SB ,Exit,171,False,,False,I-5,,,,,[],[],[],[],"[103, 104, 105, 106, 107, 108, 109, 110, 111, 112, 113, 114, 115, 116, 117, 118, 119, 120, 121, 122, 123, 124, 125, 126, 127, 128, 129, 130, 131, 132, 133, 134, 135, 136, 137, 138, 139, 140, 141, 142, 143, 144, 145, 146, 147, 148, 149, 150, 151, 152, 153, 154, 155, 156, 157, 158, 159, 160, 161, 162, 163, 164, 165, 166, 167, 168, 169, 170, 171, 172, 173, 174, 175, 176, 177, 178, 179, 180, 181, 182, 183, 184, 185, 186, 187, 188, 189, 190, 191, 192, 193, 194, 195, 196, 197, 198, 199, 200, 201, 202, 203, 204, 205, 206, 207, 208, 209, 210, 211, 212, 213, 214, 215, 216, 217, 218, 219, 220, 221, 222, 223, 224, 225, 226, 227, 228, 229, 230, 231, 232, 233, 234, 235, 236, 237, 238, 239, 240, 241, 242, 243, 244, 245, 246, 247, 248, 249, 250, 251, 252, 253, 254, 255, 256, 257, 258, 259, 260, 261, 262, 263, 264, 265, 266, 267, 268, 269, 270, 271, 272, 273, 274, 275, 276, 277, 278, 279, 280, 281, 282, 283, 284, 285, 286, 287, 288, 289, 290, 291, 292, 293, 294, 295, 296, 297, 298, 299, 300, 301, 302, 303, 304, 305, 306, 307, 308, 309, 310, 311, 312, 313, 314, 315, 316, 317, 318, 319, 320, 321, 322, 323, 324, 325, 326, 327, 328, 329, 330, 331, 332, 333, 334, 335, 336, 337, 574, 575, 576, 577, 578, 579, 580, 581, 582, 583, 584, 585, 586, 587, 588, 589, 590, 591, 592, 593, 594, 595, 596, 597, 598, 599, 600, 601, 602, 603, 604, 605, 606, 607, 608, 609, 610, 611, 612, 613, 614, 615, 616, 617, 618, 619, 620, 621, 622, 623, 624, 625, 626, 627, 628, 629, 630, 631, 632, 633, 634, 635, 636, 637, 638, 639, 640, 641, 642, 643, 644, 645, 646, 647, 648, 649, 650, 651, 652, 653, 654, 655, 656, 657, 658, 659, 660, 661, 662, 663, 664, 665, 666, 667, 668, 669, 670, 671, 672, 673, 674, 675, 676, 677, 678, 679, 680, 681, 682, 683, 684, 685, 686, 687, 688, 689, 690, 691, 692, 693, 694, 695, 696, 697, 698, 699, 700, 701, 702, 703, 704, 705, 706, 707, 708, 709, 710, 711, 712, 713, 714, 715, 716, 717, 718, 719, 720, 721, 722, 723, 724, 725, 726, 727, 728, 729, 730, 731, 732, 733, 734, 735, 736, 737, 738, 739, 740, 741, 742, 743, 744, 745, 746, 747, 748, 749, 750, 751, 752, 753, 754, 755, 756, 757, 758, 759, 760, 761, 762, 763, 764, 765, 766, 767, 768, 769, 770, 771, 772, 773, 774, 775, 776, 777, 778, 779, 780, 781, 782, 783, 784, 785, 786, 787, 788, 789, 790, 791, 792, 793]","[105, 114, 138, 141, 152, 153, 154, 155, 157, 159, 164, 165, 176, 182, 191, 192, 194, 195, 196, 200, 204, 208, 209, 210, 211, 215, 226, 228, 241, 242, 243, 245, 248, 249, 250, 257, 261, 270, 271, 282, 287, 289, 291, 294, 296, 298, 306, 308, 309, 311, 314, 327, 333, 335, 337, 576, 585, 609, 612, 623, 624, 626, 627, 629, 631, 636, 637, 647, 653, 662, 663, 665, 666, 667, 671, 674, 678, 679, 680, 681, 690, 692, 705, 706, 707, 709, 711, 712, 713, 719, 721, 729, 730, 741, 746, 748, 750, 753, 755, 757, 764, 766, 767, 769, 772, 785, 791]","[12, 24, 25, 28, 88, 100, 104, 119, 123, 129, 136, 137, 139, 140, 141, 148, 155, 169, 172, 179, 183, 185, 188, 196, 198, 217, 237, 267, 270, 278, 319, 321, 324, 325, 330, 334, 335, 354, 366, 369, 380, 383, 384, 386, 395, 407, 411, 423, 428, 436, 437, 452, 453, 456, 467, 471, 477, 478, 479, 497, 508, 511, 559, 571, 575, 590, 594, 600, 607, 608, 610, 611, 612, 619, 627, 640, 643, 650, 654, 656, 659, 667, 669, 685, 701, 726, 729, 737, 777, 779, 782, 783, 787, 790, 791, 809, 817, 819, 830, 833, 834, 836, 845, 856, 857, 860, 862, 875, 880, 887, 888, 899, 900, 914, 918, 921, 928, 929, 930]","[12, 24, 25, 28, 88, 100, 104, 119, 123, 129, 136, 137, 139, 140, 141, 148, 155, 169, 172, 179, 183, 185, 188, 196, 198, 217, 237, 267, 270, 278, 319, 321, 324, 325, 330, 334, 335, 354, 366, 369, 380, 383, 384, 386, 395, 405, 407, 411, 423, 428, 436, 437, 452, 453, 456, 467, 471, 477, 478, 479, 497, 508, 511, 559, 571, 575, 590, 594, 600, 607, 608, 610, 611, 612, 619, 627, 640, 643, 650, 654, 656, 659, 667, 669, 685, 701, 726, 729, 737, 777, 779, 782, 783, 787, 790, 791, 809, 817, 819, 830, 833, 834, 836, 845, 854, 856, 857, 860, 862, 875, 880, 887, 888, 899, 900, 914, 918, 921, 928, 929, 930]","[12, 24, 25, 28, 88, 100, 103, 104, 105, 106, 107, 108, 109, 110, 111, 112, 113, 114, 115, 116, 117, 118, 119, 120, 121, 122, 123, 124, 125, 126, 127, 128, 129, 130, 131, 132, 133, 134, 135, 136, 137, 138, 139, 140, 141, 142, 143, 144, 145, 146, 147, 148, 149, 150, 151, 152, 153, 154, 155, 156, 157, 158, 159, 160, 161, 162, 163, 164, 165, 166, 167, 168, 169, 170, 171, 172, 173, 174, 175, 176, 177, 178, 179, 180, 181, 182, 183, 184, 185, 186, 187, 188, 189, 190, 191, 192, 193, 194, 195, 196, 197, 198, 199, 200, 201, 202, 203, 204, 205, 206, 207, 208, 209, 210, 211, 212, 213, 214, 215, 216, 217, 218, 219, 220, 221, 222, 223, 224, 225, 226, 227, 228, 229, 230, 231, 232, 233, 234, 235, 236, 237, 238, 239, 240, 241, 242, 243, 244, 245, 246, 247, 248, 249, 250, 251, 252, 253, 254, 255, 256, 257, 258, 259, 260, 261, 262, 263, 264, 265, 266, 267, 268, 269, 270, 271, 272, 273, 274, 275, 276, 277, 278, 279, 280, 281, 282, 283, 284, 285, 286, 287, 288, 289, 290, 291, 292, 293, 294, 295, 296, 297, 298, 299, 300, 301, 302, 303, 304, 305, 306, 307, 308, 309, 310, 311, 312, 313, 314, 315, 316, 317, 318, 319, 320, 321, 322, 323, 324, 325, 326, 327, 328, 329, 330, 331, 332, 333, 334, 335, 336, 337, 354, 366, 369, 380, 383, 384, 386, 395, 405, 407, 411, 423, 428, 436, 437, 452, 453, 456, 467, 471, 477, 478, 479, 497, 508, 511, 559, 571, 574, 575, 576, 577, 578, 579, 580, 581, 582, 583, 584, 585, 586, 587, 588, 589, 590, 591, 592, 593, 594, 595, 596, 597, 598, 599, 600, 601, 602, 603, 604, 605, 606, 607, 608, 609, 610, 611, 612, 613, 614, 615, 616, 617, 618, 619, 620, 621, 622, 623, 624, 625, 626, 627, 628, 629, 630, 631, 632, 633, 634, 635, 636, 637, 638, 639, 640, 641, 642, 643, 644, 645, 646, 647, 648, 649, 650, 651, 652, 653, 654, 655, 656, 657, 658, 659, 660, 661, 662, 663, 664, 665, 666, 667, 668, 669, 670, 671, 672, 673, 674, 675, 676, 677, 678, 679, 680, 681, 682, 683, 684, 685, 686, 687, 688, 689, 690, 691, 692, 693, 694, 695, 696, 697, 698, 699, 700, 701, 702, 703, 704, 705, 706, 707, 708, 709, 710, 711, 712, 713, 714, 715, 716, 717, 718, 719, 720, 721, 722, 723, 724, 725, 726, 727, 728, 729, 730, 731, 732, 733, 734, 735, 736, 737, 738, 739, 740, 741, 742, 743, 744, 745, 746, 747, 748, 749, 750, 751, 752, 753, 754, 755, 756, 757, 758, 759, 760, 761, 762, 763, 764, 765, 766, 767, 768, 769, 770, 771, 772, 773, 774, 775, 776, 777, 778, 779, 780, 781, 782, 783, 784, 785, 786, 787, 788, 789, 790, 791, 792, 793, 809, 817, 819, 830, 833, 834, 836, 845, 854, 856, 857, 860, 862, 875, 880, 887, 888, 899, 900, 914, 918, 921, 928, 929, 930]",False,[],"[103, 104, 105, 106, 107, 108, 109, 110, 111, 112, 113, 114, 115, 116, 117, 118, 119, 120, 121, 122, 123, 124, 125, 126, 127, 128, 129, 130, 131, 132, 133, 134, 135, 136, 137, 138, 139, 140, 141, 142, 143, 144, 145, 146, 147, 148, 149, 150, 151, 152, 153, 154, 155, 156, 157, 158, 159, 160, 161, 162, 163, 164, 165, 166, 167, 168, 169, 170, 171, 172, 173, 174, 175, 176, 177, 178, 179, 180, 181, 182, 183, 184, 185, 186, 187, 188, 189, 190, 191, 192, 193, 194, 195, 196, 197, 198, 199, 200, 201, 202, 203, 204, 205, 206, 207, 208, 209, 210, 211, 212, 213, 214, 215, 216, 217, 218, 219, 220, 221, 222, 223, 224, 225, 226, 227, 228, 229, 230, 231, 232, 233, 234, 235, 236, 237, 238, 239, 240, 241, 242, 243, 244, 245, 246, 247, 248, 249, 250, 251, 252, 253, 254, 255, 256, 257, 258, 259, 260, 261, 262, 263, 264, 265, 266, 267, 268, 269, 270, 271, 272, 273, 274, 275, 276, 277, 278, 279, 280, 281, 282, 283, 284, 285, 286, 287, 288, 289, 290, 291, 292, 293, 294, 295, 296, 297, 298, 299, 300, 301, 302, 303, 304, 305, 306, 307, 308, 309, 310, 311, 312, 313, 314, 315, 316, 317, 318, 319, 320, 321, 322, 323, 324, 325, 326, 327, 328, 329, 330, 331, 332, 333, 334, 335, 336, 337, 574, 575, 576, 577, 578, 579, 580, 581, 582, 583, 584, 585, 586, 587, 588, 589, 590, 591, 592, 593, 594, 595, 596, 597, 598, 599, 600, 601, 602, 603, 604, 605, 606, 607, 608, 609, 610, 611, 612, 613, 614, 615, 616, 617, 618, 619, 620, 621, 622, 623, 624, 625, 626, 627, 628, 629, 630, 631, 632, 633, 634, 635, 636, 637, 638, 639, 640, 641, 642, 643, 644, 645, 646, 647, 648, 649, 650, 651, 652, 653, 654, 655, 656, 657, 658, 659, 660, 661, 662, 663, 664, 665, 666, 667, 668, 669, 670, 671, 672, 673, 674, 675, 676, 677, 678, 679, 680, 681, 682, 683, 684, 685, 686, 687, 688, 689, 690, 691, 692, 693, 694, 695, 696, 697, 698, 699, 700, 701, 702, 703, 704, 705, 706, 707, 708, 709, 710, 711, 712, 713, 714, 715, 716, 717, 718, 719, 720, 721, 722, 723, 724, 725, 726, 727, 728, 729, 730, 731, 732, 733, 734, 735, 736, 737, 738, 739, 740, 741, 742, 743, 744, 745, 746, 747, 748, 749, 750, 751, 752, 753, 754, 755, 756, 757, 758, 759, 760, 761, 762, 763, 764, 765, 766, 767, 768, 769, 770, 771, 772, 773, 774, 775, 776, 777, 778, 779, 780, 781, 782, 783, 784, 785, 786, 787, 788, 789, 790, 791, 792, 793]",[],[],"[105, 114, 138, 141, 152, 153, 154, 155, 157, 159, 164, 165, 176, 182, 191, 192, 194, 195, 196, 200, 204, 208, 209, 210, 211, 215, 226, 228, 241, 242, 243, 245, 248, 249, 250, 257, 261, 270, 271, 282, 287, 289, 291, 294, 296, 298, 306, 308, 309, 311, 314, 327, 333, 335, 337, 576, 585, 609, 612, 623, 624, 626, 627, 629, 631, 636, 637, 647, 653, 662, 663, 665, 666, 667, 671, 674, 678, 679, 680, 681, 690, 692, 705, 706, 707, 709, 711, 712, 713, 719, 721, 729, 730, 741, 746, 748, 750, 753, 755, 757, 764, 766, 767, 769, 772, 785, 791]","[12, 24, 25, 28, 88, 100, 104, 119, 123, 129, 136, 137, 139, 140, 141, 148, 155, 169, 172, 179, 183, 185, 188, 196, 198, 217, 237, 267, 270, 278, 319, 321, 324, 325, 330, 334, 335, 354, 366, 369, 380, 383, 384, 386, 395, 405, 407, 411, 423, 428, 436, 437, 452, 453, 456, 467, 471, 477, 478, 479, 497, 508, 511, 559, 571, 575, 590, 594, 600, 607, 608, 610, 611, 612, 619, 627, 640, 643, 650, 654, 656, 659, 667, 669, 685, 701, 726, 729, 737, 777, 779, 782, 783, 787, 790, 791, 809, 817, 819, 830, 833, 834, 836, 845, 854, 856, 857, 860, 862, 875, 880, 887, 888, 899, 900, 914, 918, 921, 928, 929, 930]","[12, 24, 25, 28, 88, 100, 104, 119, 123, 129, 136, 137, 139, 140, 141, 148, 155, 169, 172, 179, 183, 185, 188, 196, 198, 217, 237, 267, 270, 278, 319, 321, 324, 325, 330, 334, 335, 354, 366, 369, 380, 383, 384, 386, 395, 407, 411, 423, 428, 436, 437, 452, 453, 456, 467, 471, 477, 478, 479, 497, 508, 511, 559, 571, 575, 590, 594, 600, 607, 608, 610, 611, 612, 619, 627, 640, 643, 650, 654, 656, 659, 667, 669, 685, 701, 726, 729, 737, 777, 779, 782, 783, 787, 790, 791, 809, 817, 819, 830, 833, 834, 836, 845, 856, 857, 860, 862, 875, 880, 887, 888, 899, 900, 914, 918, 921, 928, 929, 930]",7/6 successful match,False,"[309, 310, 311]",True,705,False,,1.0,False,Rye Canyon Starmart ( Shell ) ),Shell
"Valencia , 91355 Rye Canyon Starmart ( Chevron )",4 661-294-0571 . I-5 Exit 171 SB ( Rye Canyon ),tois 24 <U+2610> <U+2610>,Valencia,91355,Rye Canyon Starmart ( Chevron ),661-294-0571,2008,Valencia,CA,Chevron,( Rye Canyon ),. I-5 Exit 171 SB ,Exit,171,False,,False,I-5,,,,,[],[],[],[],"[103, 104, 105, 106, 107, 108, 109, 110, 111, 112, 113, 114, 115, 116, 117, 118, 119, 120, 121, 122, 123, 124, 125, 126, 127, 128, 129, 130, 131, 132, 133, 134, 135, 136, 137, 138, 139, 140, 141, 142, 143, 144, 145, 146, 147, 148, 149, 150, 151, 152, 153, 154, 155, 156, 157, 158, 159, 160, 161, 162, 163, 164, 165, 166, 167, 168, 169, 170, 171, 172, 173, 174, 175, 176, 177, 178, 179, 180, 181, 182, 183, 184, 185, 186, 187, 188, 189, 190, 191, 192, 193, 194, 195, 196, 197, 198, 199, 200, 201, 202, 203, 204, 205, 206, 207, 208, 209, 210, 211, 212, 213, 214, 215, 216, 217, 218, 219, 220, 221, 222, 223, 224, 225, 226, 227, 228, 229, 230, 231, 232, 233, 234, 235, 236, 237, 238, 239, 240, 241, 242, 243, 244, 245, 246, 247, 248, 249, 250, 251, 252, 253, 254, 255, 256, 257, 258, 259, 260, 261, 262, 263, 264, 265, 266, 267, 268, 269, 270, 271, 272, 273, 274, 275, 276, 277, 278, 279, 280, 281, 282, 283, 284, 285, 286, 287, 288, 289, 290, 291, 292, 293, 294, 295, 296, 297, 298, 299, 300, 301, 302, 303, 304, 305, 306, 307, 308, 309, 310, 311, 312, 313, 314, 315, 316, 317, 318, 319, 320, 321, 322, 323, 324, 325, 326, 327, 328, 329, 330, 331, 332, 333, 334, 335, 336, 337, 574, 575, 576, 577, 578, 579, 580, 581, 582, 583, 584, 585, 586, 587, 588, 589, 590, 591, 592, 593, 594, 595, 596, 597, 598, 599, 600, 601, 602, 603, 604, 605, 606, 607, 608, 609, 610, 611, 612, 613, 614, 615, 616, 617, 618, 619, 620, 621, 622, 623, 624, 625, 626, 627, 628, 629, 630, 631, 632, 633, 634, 635, 636, 637, 638, 639, 640, 641, 642, 643, 644, 645, 646, 647, 648, 649, 650, 651, 652, 653, 654, 655, 656, 657, 658, 659, 660, 661, 662, 663, 664, 665, 666, 667, 668, 669, 670, 671, 672, 673, 674, 675, 676, 677, 678, 679, 680, 681, 682, 683, 684, 685, 686, 687, 688, 689, 690, 691, 692, 693, 694, 695, 696, 697, 698, 699, 700, 701, 702, 703, 704, 705, 706, 707, 708, 709, 710, 711, 712, 713, 714, 715, 716, 717, 718, 719, 720, 721, 722, 723, 724, 725, 726, 727, 728, 729, 730, 731, 732, 733, 734, 735, 736, 737, 738, 739, 740, 741, 742, 743, 744, 745, 746, 747, 748, 749, 750, 751, 752, 753, 754, 755, 756, 757, 758, 759, 760, 761, 762, 763, 764, 765, 766, 767, 768, 769, 770, 771, 772, 773, 774, 775, 776, 777, 778, 779, 780, 781, 782, 783, 784, 785, 786, 787, 788, 789, 790, 791, 792, 793]","[105, 114, 138, 141, 152, 153, 154, 155, 157, 159, 164, 165, 176, 182, 191, 192, 194, 195, 196, 200, 204, 208, 209, 210, 211, 215, 226, 228, 241, 242, 243, 245, 248, 249, 250, 257, 261, 270, 271, 282, 287, 289, 291, 294, 296, 298, 306, 308, 309, 311, 314, 327, 333, 335, 337, 576, 585, 609, 612, 623, 624, 626, 627, 629, 631, 636, 637, 647, 653, 662, 663, 665, 666, 667, 671, 674, 678, 679, 680, 681, 690, 692, 705, 706, 707, 709, 711, 712, 713, 719, 721, 729, 730, 741, 746, 748, 750, 753, 755, 757, 764, 766, 767, 769, 772, 785, 791]","[12, 24, 25, 28, 88, 100, 104, 119, 123, 129, 136, 137, 139, 140, 141, 148, 155, 169, 172, 179, 183, 185, 188, 196, 198, 217, 237, 267, 270, 278, 319, 321, 324, 325, 330, 334, 335, 354, 366, 369, 380, 383, 384, 386, 395, 407, 411, 423, 428, 436, 437, 452, 453, 456, 467, 471, 477, 478, 479, 497, 508, 511, 559, 571, 575, 590, 594, 600, 607, 608, 610, 611, 612, 619, 627, 640, 643, 650, 654, 656, 659, 667, 669, 685, 701, 726, 729, 737, 777, 779, 782, 783, 787, 790, 791, 809, 817, 819, 830, 833, 834, 836, 845, 856, 857, 860, 862, 875, 880, 887, 888, 899, 900, 914, 918, 921, 928, 929, 930]","[12, 24, 25, 28, 88, 100, 104, 119, 123, 129, 136, 137, 139, 140, 141, 148, 155, 169, 172, 179, 183, 185, 188, 196, 198, 217, 237, 267, 270, 278, 319, 321, 324, 325, 330, 334, 335, 354, 366, 369, 380, 383, 384, 386, 395, 405, 407, 411, 423, 428, 436, 437, 452, 453, 456, 467, 471, 477, 478, 479, 497, 508, 511, 559, 571, 575, 590, 594, 600, 607, 608, 610, 611, 612, 619, 627, 640, 643, 650, 654, 656, 659, 667, 669, 685, 701, 726, 729, 737, 777, 779, 782, 783, 787, 790, 791, 809, 817, 819, 830, 833, 834, 836, 845, 854, 856, 857, 860, 862, 875, 880, 887, 888, 899, 900, 914, 918, 921, 928, 929, 930]","[12, 24, 25, 28, 88, 100, 103, 104, 105, 106, 107, 108, 109, 110, 111, 112, 113, 114, 115, 116, 117, 118, 119, 120, 121, 122, 123, 124, 125, 126, 127, 128, 129, 130, 131, 132, 133, 134, 135, 136, 137, 138, 139, 140, 141, 142, 143, 144, 145, 146, 147, 148, 149, 150, 151, 152, 153, 154, 155, 156, 157, 158, 159, 160, 161, 162, 163, 164, 165, 166, 167, 168, 169, 170, 171, 172, 173, 174, 175, 176, 177, 178, 179, 180, 181, 182, 183, 184, 185, 186, 187, 188, 189, 190, 191, 192, 193, 194, 195, 196, 197, 198, 199, 200, 201, 202, 203, 204, 205, 206, 207, 208, 209, 210, 211, 212, 213, 214, 215, 216, 217, 218, 219, 220, 221, 222, 223, 224, 225, 226, 227, 228, 229, 230, 231, 232, 233, 234, 235, 236, 237, 238, 239, 240, 241, 242, 243, 244, 245, 246, 247, 248, 249, 250, 251, 252, 253, 254, 255, 256, 257, 258, 259, 260, 261, 262, 263, 264, 265, 266, 267, 268, 269, 270, 271, 272, 273, 274, 275, 276, 277, 278, 279, 280, 281, 282, 283, 284, 285, 286, 287, 288, 289, 290, 291, 292, 293, 294, 295, 296, 297, 298, 299, 300, 301, 302, 303, 304, 305, 306, 307, 308, 309, 310, 311, 312, 313, 314, 315, 316, 317, 318, 319, 320, 321, 322, 323, 324, 325, 326, 327, 328, 329, 330, 331, 332, 333, 334, 335, 336, 337, 354, 366, 369, 380, 383, 384, 386, 395, 405, 407, 411, 423, 428, 436, 437, 452, 453, 456, 467, 471, 477, 478, 479, 497, 508, 511, 559, 571, 574, 575, 576, 577, 578, 579, 580, 581, 582, 583, 584, 585, 586, 587, 588, 589, 590, 591, 592, 593, 594, 595, 596, 597, 598, 599, 600, 601, 602, 603, 604, 605, 606, 607, 608, 609, 610, 611, 612, 613, 614, 615, 616, 617, 618, 619, 620, 621, 622, 623, 624, 625, 626, 627, 628, 629, 630, 631, 632, 633, 634, 635, 636, 637, 638, 639, 640, 641, 642, 643, 644, 645, 646, 647, 648, 649, 650, 651, 652, 653, 654, 655, 656, 657, 658, 659, 660, 661, 662, 663, 664, 665, 666, 667, 668, 669, 670, 671, 672, 673, 674, 675, 676, 677, 678, 679, 680, 681, 682, 683, 684, 685, 686, 687, 688, 689, 690, 691, 692, 693, 694, 695, 696, 697, 698, 699, 700, 701, 702, 703, 704, 705, 706, 707, 708, 709, 710, 711, 712, 713, 714, 715, 716, 717, 718, 719, 720, 721, 722, 723, 724, 725, 726, 727, 728, 729, 730, 731, 732, 733, 734, 735, 736, 737, 738, 739, 740, 741, 742, 743, 744, 745, 746, 747, 748, 749, 750, 751, 752, 753, 754, 755, 756, 757, 758, 759, 760, 761, 762, 763, 764, 765, 766, 767, 768, 769, 770, 771, 772, 773, 774, 775, 776, 777, 778, 779, 780, 781, 782, 783, 784, 785, 786, 787, 788, 789, 790, 791, 792, 793, 809, 817, 819, 830, 833, 834, 836, 845, 854, 856, 857, 860, 862, 875, 880, 887, 888, 899, 900, 914, 918, 921, 928, 929, 930]",False,[],"[103, 104, 105, 106, 107, 108, 109, 110, 111, 112, 113, 114, 115, 116, 117, 118, 119, 120, 121, 122, 123, 124, 125, 126, 127, 128, 129, 130, 131, 132, 133, 134, 135, 136, 137, 138, 139, 140, 141, 142, 143, 144, 145, 146, 147, 148, 149, 150, 151, 152, 153, 154, 155, 156, 157, 158, 159, 160, 161, 162, 163, 164, 165, 166, 167, 168, 169, 170, 171, 172, 173, 174, 175, 176, 177, 178, 179, 180, 181, 182, 183, 184, 185, 186, 187, 188, 189, 190, 191, 192, 193, 194, 195, 196, 197, 198, 199, 200, 201, 202, 203, 204, 205, 206, 207, 208, 209, 210, 211, 212, 213, 214, 215, 216, 217, 218, 219, 220, 221, 222, 223, 224, 225, 226, 227, 228, 229, 230, 231, 232, 233, 234, 235, 236, 237, 238, 239, 240, 241, 242, 243, 244, 245, 246, 247, 248, 249, 250, 251, 252, 253, 254, 255, 256, 257, 258, 259, 260, 261, 262, 263, 264, 265, 266, 267, 268, 269, 270, 271, 272, 273, 274, 275, 276, 277, 278, 279, 280, 281, 282, 283, 284, 285, 286, 287, 288, 289, 290, 291, 292, 293, 294, 295, 296, 297, 298, 299, 300, 301, 302, 303, 304, 305, 306, 307, 308, 309, 310, 311, 312, 313, 314, 315, 316, 317, 318, 319, 320, 321, 322, 323, 324, 325, 326, 327, 328, 329, 330, 331, 332, 333, 334, 335, 336, 337, 574, 575, 576, 577, 578, 579, 580, 581, 582, 583, 584, 585, 586, 587, 588, 589, 590, 591, 592, 593, 594, 595, 596, 597, 598, 599, 600, 601, 602, 603, 604, 605, 606, 607, 608, 609, 610, 611, 612, 613, 614, 615, 616, 617, 618, 619, 620, 621, 622, 623, 624, 625, 626, 627, 628, 629, 630, 631, 632, 633, 634, 635, 636, 637, 638, 639, 640, 641, 642, 643, 644, 645, 646, 647, 648, 649, 650, 651, 652, 653, 654, 655, 656, 657, 658, 659, 660, 661, 662, 663, 664, 665, 666, 667, 668, 669, 670, 671, 672, 673, 674, 675, 676, 677, 678, 679, 680, 681, 682, 683, 684, 685, 686, 687, 688, 689, 690, 691, 692, 693, 694, 695, 696, 697, 698, 699, 700, 701, 702, 703, 704, 705, 706, 707, 708, 709, 710, 711, 712, 713, 714, 715, 716, 717, 718, 719, 720, 721, 722, 723, 724, 725, 726, 727, 728, 729, 730, 731, 732, 733, 734, 735, 736, 737, 738, 739, 740, 741, 742, 743, 744, 745, 746, 747, 748, 749, 750, 751, 752, 753, 754, 755, 756, 757, 758, 759, 760, 761, 762, 763, 764, 765, 766, 767, 768, 769, 770, 771, 772, 773, 774, 775, 776, 777, 778, 779, 780, 781, 782, 783, 784, 785, 786, 787, 788, 789, 790, 791, 792, 793]",[],[],"[105, 114, 138, 141, 152, 153, 154, 155, 157, 159, 164, 165, 176, 182, 191, 192, 194, 195, 196, 200, 204, 208, 209, 210, 211, 215, 226, 228, 241, 242, 243, 245, 248, 249, 250, 257, 261, 270, 271, 282, 287, 289, 291, 294, 296, 298, 306, 308, 309, 311, 314, 327, 333, 335, 337, 576, 585, 609, 612, 623, 624, 626, 627, 629, 631, 636, 637, 647, 653, 662, 663, 665, 666, 667, 671, 674, 678, 679, 680, 681, 690, 692, 705, 706, 707, 709, 711, 712, 713, 719, 721, 729, 730, 741, 746, 748, 750, 753, 755, 757, 764, 766, 767, 769, 772, 785, 791]","[12, 24, 25, 28, 88, 100, 104, 119, 123, 129, 136, 137, 139, 140, 141, 148, 155, 169, 172, 179, 183, 185, 188, 196, 198, 217, 237, 267, 270, 278, 319, 321, 324, 325, 330, 334, 335, 354, 366, 369, 380, 383, 384, 386, 395, 405, 407, 411, 423, 428, 436, 437, 452, 453, 456, 467, 471, 477, 478, 479, 497, 508, 511, 559, 571, 575, 590, 594, 600, 607, 608, 610, 611, 612, 619, 627, 640, 643, 650, 654, 656, 659, 667, 669, 685, 701, 726, 729, 737, 777, 779, 782, 783, 787, 790, 791, 809, 817, 819, 830, 833, 834, 836, 845, 854, 856, 857, 860, 862, 875, 880, 887, 888, 899, 900, 914, 918, 921, 928, 929, 930]","[12, 24, 25, 28, 88, 100, 104, 119, 123, 129, 136, 137, 139, 140, 141, 148, 155, 169, 172, 179, 183, 185, 188, 196, 198, 217, 237, 267, 270, 278, 319, 321, 324, 325, 330, 334, 335, 354, 366, 369, 380, 383, 384, 386, 395, 407, 411, 423, 428, 436, 437, 452, 453, 456, 467, 471, 477, 478, 479, 497, 508, 511, 559, 571, 575, 590, 594, 600, 607, 608, 610, 611, 612, 619, 627, 640, 643, 650, 654, 656, 659, 667, 669, 685, 701, 726, 729, 737, 777, 779, 782, 783, 787, 790, 791, 809, 817, 819, 830, 833, 834, 836, 845, 856, 857, 860, 862, 875, 880, 887, 888, 899, 900, 914, 918, 921, 928, 929, 930]",7/6 successful match,False,"[309, 310, 311]",True,705,False,,1.0,True,Rye Canyon Starmart ( Chevron ),Chevron
"Thousand Oaks , 91360 Oaks Shell Center",4 805-496-8464 US 101 ( Ventura Fwy ) & Moor Park Rd,24 000 O,Thousand Oaks,91360,Oaks Shell Center,805-496-8464,2006,Thousand Oaks,CA,Shell,( Ventura Fwy ) & Moor Park Rd,US 101,empty,,False,,False,US 101,,,,,[],[],[],[],"[103, 104, 105, 106, 107, 108, 109, 110, 111, 112, 113, 114, 115, 116, 117, 118, 119, 120, 121, 122, 123, 124, 125, 126, 127, 128, 129, 130, 131, 132, 133, 134, 135, 136, 137, 138, 139, 140, 141, 142, 143, 144, 145, 146, 147, 148, 149, 150, 151, 152, 153, 154, 155, 156, 157, 158, 159, 160, 161, 162, 163, 164, 165, 166, 167, 168, 169, 170, 171, 172, 173, 174, 175, 176, 177, 178, 179, 180, 181, 182, 183, 184, 185, 186, 187, 188, 189, 190, 191, 192, 193, 194, 195, 196, 197, 198, 199, 200, 201, 202, 203, 204, 205, 206, 207, 208, 209, 210, 211, 212, 213, 214, 215, 216, 217, 218, 219, 220, 221, 222, 223, 224, 225, 226, 227, 228, 229, 230, 231, 232, 233, 234, 235, 236, 237, 238, 239, 240, 241, 242, 243, 244, 245, 246, 247, 248, 249, 250, 251, 252, 253, 254, 255, 256, 257, 258, 259, 260, 261, 262, 263, 264, 265, 266, 267, 268, 269, 270, 271, 272, 273, 274, 275, 276, 277, 278, 279, 280, 281, 282, 283, 284, 285, 286, 287, 288, 289, 290, 291, 292, 293, 294, 295, 296, 297, 298, 299, 300, 301, 302, 303, 304, 305, 306, 307, 308, 309, 310, 311, 312, 313, 314, 315, 316, 317, 318, 319, 320, 321, 322, 323, 324, 325, 326, 327, 328, 329, 330, 331, 332, 333, 334, 335, 336, 337, 574, 575, 576, 577, 578, 579, 580, 581, 582, 583, 584, 585, 586, 587, 588, 589, 590, 591, 592, 593, 594, 595, 596, 597, 598, 599, 600, 601, 602, 603, 604, 605, 606, 607, 608, 609, 610, 611, 612, 613, 614, 615, 616, 617, 618, 619, 620, 621, 622, 623, 624, 625, 626, 627, 628, 629, 630, 631, 632, 633, 634, 635, 636, 637, 638, 639, 640, 641, 642, 643, 644, 645, 646, 647, 648, 649, 650, 651, 652, 653, 654, 655, 656, 657, 658, 659, 660, 661, 662, 663, 664, 665, 666, 667, 668, 669, 670, 671, 672, 673, 674, 675, 676, 677, 678, 679, 680, 681, 682, 683, 684, 685, 686, 687, 688, 689, 690, 691, 692, 693, 694, 695, 696, 697, 698, 699, 700, 701, 702, 703, 704, 705, 706, 707, 708, 709, 710, 711, 712, 713, 714, 715, 716, 717, 718, 719, 720, 721, 722, 723, 724, 725, 726, 727, 728, 729, 730, 731, 732, 733, 734, 735, 736, 737, 738, 739, 740, 741, 742, 743, 744, 745, 746, 747, 748, 749, 750, 751, 752, 753, 754, 755, 756, 757, 758, 759, 760, 761, 762, 763, 764, 765, 766, 767, 768, 769, 770, 771, 772, 773, 774, 775, 776, 777, 778, 779, 780, 781, 782, 783, 784, 785, 786, 787, 788, 789, 790, 791, 792, 793]","[15, 91, 107, 110, 113, 123, 132, 136, 193, 216, 218, 252, 274, 275, 281, 286, 293, 302, 325, 326, 500, 562, 578, 580, 583, 594, 603, 607, 664, 686, 715, 733, 734, 740, 745, 752, 760, 783, 784]","[1, 13, 14, 29, 54, 55, 56, 57, 58, 60, 102, 118, 125, 127, 130, 134, 146, 149, 153, 175, 182, 187, 189, 191, 197, 225, 230, 238, 264, 265, 266, 286, 302, 317, 336, 379, 388, 389, 425, 454, 458, 463, 475, 487, 498, 499, 512, 530, 531, 532, 533, 534, 536, 573, 589, 596, 598, 601, 605, 617, 620, 624, 646, 653, 658, 660, 662, 668, 689, 694, 702, 724, 725, 745, 760, 775, 793, 829, 838, 839, 877, 901, 903, 905, 910, 923]","[1, 13, 14, 29, 54, 55, 56, 57, 58, 60, 102, 118, 125, 127, 130, 134, 146, 149, 153, 175, 182, 187, 189, 191, 197, 225, 230, 238, 264, 265, 266, 286, 302, 317, 336, 354, 379, 388, 389, 425, 454, 458, 463, 475, 487, 498, 499, 512, 530, 531, 532, 533, 534, 536, 573, 589, 596, 598, 601, 605, 617, 620, 624, 646, 653, 658, 660, 662, 668, 689, 694, 702, 724, 725, 745, 760, 775, 793, 809, 829, 838, 839, 877, 901, 903, 905, 910, 923]","[1, 13, 14, 15, 29, 54, 55, 56, 57, 58, 60, 91, 102, 103, 104, 105, 106, 107, 108, 109, 110, 111, 112, 113, 114, 115, 116, 117, 118, 119, 120, 121, 122, 123, 124, 125, 126, 127, 128, 129, 130, 131, 132, 133, 134, 135, 136, 137, 138, 139, 140, 141, 142, 143, 144, 145, 146, 147, 148, 149, 150, 151, 152, 153, 154, 155, 156, 157, 158, 159, 160, 161, 162, 163, 164, 165, 166, 167, 168, 169, 170, 171, 172, 173, 174, 175, 176, 177, 178, 179, 180, 181, 182, 183, 184, 185, 186, 187, 188, 189, 190, 191, 192, 193, 194, 195, 196, 197, 198, 199, 200, 201, 202, 203, 204, 205, 206, 207, 208, 209, 210, 211, 212, 213, 214, 215, 216, 217, 218, 219, 220, 221, 222, 223, 224, 225, 226, 227, 228, 229, 230, 231, 232, 233, 234, 235, 236, 237, 238, 239, 240, 241, 242, 243, 244, 245, 246, 247, 248, 249, 250, 251, 252, 253, 254, 255, 256, 257, 258, 259, 260, 261, 262, 263, 264, 265, 266, 267, 268, 269, 270, 271, 272, 273, 274, 275, 276, 277, 278, 279, 280, 281, 282, 283, 284, 285, 286, 287, 288, 289, 290, 291, 292, 293, 294, 295, 296, 297, 298, 299, 300, 301, 302, 303, 304, 305, 306, 307, 308, 309, 310, 311, 312, 313, 314, 315, 316, 317, 318, 319, 320, 321, 322, 323, 324, 325, 326, 327, 328, 329, 330, 331, 332, 333, 334, 335, 336, 337, 354, 379, 388, 389, 425, 454, 458, 463, 475, 487, 498, 499, 500, 512, 530, 531, 532, 533, 534, 536, 562, 573, 574, 575, 576, 577, 578, 579, 580, 581, 582, 583, 584, 585, 586, 587, 588, 589, 590, 591, 592, 593, 594, 595, 596, 597, 598, 599, 600, 601, 602, 603, 604, 605, 606, 607, 608, 609, 610, 611, 612, 613, 614, 615, 616, 617, 618, 619, 620, 621, 622, 623, 624, 625, 626, 627, 628, 629, 630, 631, 632, 633, 634, 635, 636, 637, 638, 639, 640, 641, 642, 643, 644, 645, 646, 647, 648, 649, 650, 651, 652, 653, 654, 655, 656, 657, 658, 659, 660, 661, 662, 663, 664, 665, 666, 667, 668, 669, 670, 671, 672, 673, 674, 675, 676, 677, 678, 679, 680, 681, 682, 683, 684, 685, 686, 687, 688, 689, 690, 691, 692, 693, 694, 695, 696, 697, 698, 699, 700, 701, 702, 703, 704, 705, 706, 707, 708, 709, 710, 711, 712, 713, 714, 715, 716, 717, 718, 719, 720, 721, 722, 723, 724, 725, 726, 727, 728, 729, 730, 731, 732, 733, 734, 735, 736, 737, 738, 739, 740, 741, 742, 743, 744, 745, 746, 747, 748, 749, 750, 751, 752, 753, 754, 755, 756, 757, 758, 759, 760, 761, 762, 763, 764, 765, 766, 767, 768, 769, 770, 771, 772, 773, 774, 775, 776, 777, 778, 779, 780, 781, 782, 783, 784, 785, 786, 787, 788, 789, 790, 791, 792, 793, 809, 829, 838, 839, 877, 901, 903, 905, 910, 923]",False,[],"[103, 104, 105, 106, 107, 108, 109, 110, 111, 112, 113, 114, 115, 116, 117, 118, 119, 120, 121, 122, 123, 124, 125, 126, 127, 128, 129, 130, 131, 132, 133, 134, 135, 136, 137, 138, 139, 140, 141, 142, 143, 144, 145, 146, 147, 148, 149, 150, 151, 152, 153, 154, 155, 156, 157, 158, 159, 160, 161, 162, 163, 164, 165, 166, 167, 168, 169, 170, 171, 172, 173, 174, 175, 176, 177, 178, 179, 180, 181, 182, 183, 184, 185, 186, 187, 188, 189, 190, 191, 192, 193, 194, 195, 196, 197, 198, 199, 200, 201, 202, 203, 204, 205, 206, 207, 208, 209, 210, 211, 212, 213, 214, 215, 216, 217, 218, 219, 220, 221, 222, 223, 224, 225, 226, 227, 228, 229, 230, 231, 232, 233, 234, 235, 236, 237, 238, 239, 240, 241, 242, 243, 244, 245, 246, 247, 248, 249, 250, 251, 252, 253, 254, 255, 256, 257, 258, 259, 260, 261, 262, 263, 264, 265, 266, 267, 268, 269, 270, 271, 272, 273, 274, 275, 276, 277, 278, 279, 280, 281, 282, 283, 284, 285, 286, 287, 288, 289, 290, 291, 292, 293, 294, 295, 296, 297, 298, 299, 300, 301, 302, 303, 304, 305, 306, 307, 308, 309, 310, 311, 312, 313, 314, 315, 316, 317, 318, 319, 320, 321, 322, 323, 324, 325, 326, 327, 328, 329, 330, 331, 332, 333, 334, 335, 336, 337, 574, 575, 576, 577, 578, 579, 580, 581, 582, 583, 584, 585, 586, 587, 588, 589, 590, 591, 592, 593, 594, 595, 596, 597, 598, 599, 600, 601, 602, 603, 604, 605, 606, 607, 608, 609, 610, 611, 612, 613, 614, 615, 616, 617, 618, 619, 620, 621, 622, 623, 624, 625, 626, 627, 628, 629, 630, 631, 632, 633, 634, 635, 636, 637, 638, 639, 640, 641, 642, 643, 644, 645, 646, 647, 648, 649, 650, 651, 652, 653, 654, 655, 656, 657, 658, 659, 660, 661, 662, 663, 664, 665, 666, 667, 668, 669, 670, 671, 672, 673, 674, 675, 676, 677, 678, 679, 680, 681, 682, 683, 684, 685, 686, 687, 688, 689, 690, 691, 692, 693, 694, 695, 696, 697, 698, 699, 700, 701, 702, 703, 704, 705, 706, 707, 708, 709, 710, 711, 712, 713, 714, 715, 716, 717, 718, 719, 720, 721, 722, 723, 724, 725, 726, 727, 728, 729, 730, 731, 732, 733, 734, 735, 736, 737, 738, 739, 740, 741, 742, 743, 744, 745, 746, 747, 748, 749, 750, 751, 752, 753, 754, 755, 756, 757, 758, 759, 760, 761, 762, 763, 764, 765, 766, 767, 768, 769, 770, 771, 772, 773, 774, 775, 776, 777, 778, 779, 780, 781, 782, 783, 784, 785, 786, 787, 788, 789, 790, 791, 792, 793]",[],[],"[15, 91, 107, 110, 113, 123, 132, 136, 193, 216, 218, 252, 274, 275, 281, 286, 293, 302, 325, 326, 500, 562, 578, 580, 583, 594, 603, 607, 664, 686, 715, 733, 734, 740, 745, 752, 760, 783, 784]","[1, 13, 14, 29, 54, 55, 56, 57, 58, 60, 102, 118, 125, 127, 130, 134, 146, 149, 153, 175, 182, 187, 189, 191, 197, 225, 230, 238, 264, 265, 266, 286, 302, 317, 336, 354, 379, 388, 389, 425, 454, 458, 463, 475, 487, 498, 499, 512, 530, 531, 532, 533, 534, 536, 573, 589, 596, 598, 601, 605, 617, 620, 624, 646, 653, 658, 660, 662, 668, 689, 694, 702, 724, 725, 745, 760, 775, 793, 809, 829, 838, 839, 877, 901, 903, 905, 910, 923]","[1, 13, 14, 29, 54, 55, 56, 57, 58, 60, 102, 118, 125, 127, 130, 134, 146, 149, 153, 175, 182, 187, 189, 191, 197, 225, 230, 238, 264, 265, 266, 286, 302, 317, 336, 379, 388, 389, 425, 454, 458, 463, 475, 487, 498, 499, 512, 530, 531, 532, 533, 534, 536, 573, 589, 596, 598, 601, 605, 617, 620, 624, 646, 653, 658, 660, 662, 668, 689, 694, 702, 724, 725, 745, 760, 775, 793, 829, 838, 839, 877, 901, 903, 905, 910, 923]",7/6 successful match,False,[477],True,706,False,,,,,
"Azusa , 91702 David Texaco","61626-334-2477 I-210 Exit 38 ( N , 1 blk E on Foothill )",M,Azusa,91702,David Texaco,626-334-2477,2006,Azusa,CA,Texaco,"( N , 1 blk E on Foothill )",I-210 Exit 38 ,Exit,38,False,,False,I-210,,,,,[],[],[],[],"[103, 104, 105, 106, 107, 108, 109, 110, 111, 112, 113, 114, 115, 116, 117, 118, 119, 120, 121, 122, 123, 124, 125, 126, 127, 128, 129, 130, 131, 132, 133, 134, 135, 136, 137, 138, 139, 140, 141, 142, 143, 144, 145, 146, 147, 148, 149, 150, 151, 152, 153, 154, 155, 156, 157, 158, 159, 160, 161, 162, 163, 164, 165, 166, 167, 168, 169, 170, 171, 172, 173, 174, 175, 176, 177, 178, 179, 180, 181, 182, 183, 184, 185, 186, 187, 188, 189, 190, 191, 192, 193, 194, 195, 196, 197, 198, 199, 200, 201, 202, 203, 204, 205, 206, 207, 208, 209, 210, 211, 212, 213, 214, 215, 216, 217, 218, 219, 220, 221, 222, 223, 224, 225, 226, 227, 228, 229, 230, 231, 232, 233, 234, 235, 236, 237, 238, 239, 240, 241, 242, 243, 244, 245, 246, 247, 248, 249, 250, 251, 252, 253, 254, 255, 256, 257, 258, 259, 260, 261, 262, 263, 264, 265, 266, 267, 268, 269, 270, 271, 272, 273, 274, 275, 276, 277, 278, 279, 280, 281, 282, 283, 284, 285, 286, 287, 288, 289, 290, 291, 292, 293, 294, 295, 296, 297, 298, 299, 300, 301, 302, 303, 304, 305, 306, 307, 308, 309, 310, 311, 312, 313, 314, 315, 316, 317, 318, 319, 320, 321, 322, 323, 324, 325, 326, 327, 328, 329, 330, 331, 332, 333, 334, 335, 336, 337, 574, 575, 576, 577, 578, 579, 580, 581, 582, 583, 584, 585, 586, 587, 588, 589, 590, 591, 592, 593, 594, 595, 596, 597, 598, 599, 600, 601, 602, 603, 604, 605, 606, 607, 608, 609, 610, 611, 612, 613, 614, 615, 616, 617, 618, 619, 620, 621, 622, 623, 624, 625, 626, 627, 628, 629, 630, 631, 632, 633, 634, 635, 636, 637, 638, 639, 640, 641, 642, 643, 644, 645, 646, 647, 648, 649, 650, 651, 652, 653, 654, 655, 656, 657, 658, 659, 660, 661, 662, 663, 664, 665, 666, 667, 668, 669, 670, 671, 672, 673, 674, 675, 676, 677, 678, 679, 680, 681, 682, 683, 684, 685, 686, 687, 688, 689, 690, 691, 692, 693, 694, 695, 696, 697, 698, 699, 700, 701, 702, 703, 704, 705, 706, 707, 708, 709, 710, 711, 712, 713, 714, 715, 716, 717, 718, 719, 720, 721, 722, 723, 724, 725, 726, 727, 728, 729, 730, 731, 732, 733, 734, 735, 736, 737, 738, 739, 740, 741, 742, 743, 744, 745, 746, 747, 748, 749, 750, 751, 752, 753, 754, 755, 756, 757, 758, 759, 760, 761, 762, 763, 764, 765, 766, 767, 768, 769, 770, 771, 772, 773, 774, 775, 776, 777, 778, 779, 780, 781, 782, 783, 784, 785, 786, 787, 788, 789, 790, 791, 792, 793]",[247],"[26, 390, 474, 486, 509, 840, 922, 926]","[26, 390, 474, 486, 509, 840, 922, 926]","[26, 103, 104, 105, 106, 107, 108, 109, 110, 111, 112, 113, 114, 115, 116, 117, 118, 119, 120, 121, 122, 123, 124, 125, 126, 127, 128, 129, 130, 131, 132, 133, 134, 135, 136, 137, 138, 139, 140, 141, 142, 143, 144, 145, 146, 147, 148, 149, 150, 151, 152, 153, 154, 155, 156, 157, 158, 159, 160, 161, 162, 163, 164, 165, 166, 167, 168, 169, 170, 171, 172, 173, 174, 175, 176, 177, 178, 179, 180, 181, 182, 183, 184, 185, 186, 187, 188, 189, 190, 191, 192, 193, 194, 195, 196, 197, 198, 199, 200, 201, 202, 203, 204, 205, 206, 207, 208, 209, 210, 211, 212, 213, 214, 215, 216, 217, 218, 219, 220, 221, 222, 223, 224, 225, 226, 227, 228, 229, 230, 231, 232, 233, 234, 235, 236, 237, 238, 239, 240, 241, 242, 243, 244, 245, 246, 247, 248, 249, 250, 251, 252, 253, 254, 255, 256, 257, 258, 259, 260, 261, 262, 263, 264, 265, 266, 267, 268, 269, 270, 271, 272, 273, 274, 275, 276, 277, 278, 279, 280, 281, 282, 283, 284, 285, 286, 287, 288, 289, 290, 291, 292, 293, 294, 295, 296, 297, 298, 299, 300, 301, 302, 303, 304, 305, 306, 307, 308, 309, 310, 311, 312, 313, 314, 315, 316, 317, 318, 319, 320, 321, 322, 323, 324, 325, 326, 327, 328, 329, 330, 331, 332, 333, 334, 335, 336, 337, 390, 474, 486, 509, 574, 575, 576, 577, 578, 579, 580, 581, 582, 583, 584, 585, 586, 587, 588, 589, 590, 591, 592, 593, 594, 595, 596, 597, 598, 599, 600, 601, 602, 603, 604, 605, 606, 607, 608, 609, 610, 611, 612, 613, 614, 615, 616, 617, 618, 619, 620, 621, 622, 623, 624, 625, 626, 627, 628, 629, 630, 631, 632, 633, 634, 635, 636, 637, 638, 639, 640, 641, 642, 643, 644, 645, 646, 647, 648, 649, 650, 651, 652, 653, 654, 655, 656, 657, 658, 659, 660, 661, 662, 663, 664, 665, 666, 667, 668, 669, 670, 671, 672, 673, 674, 675, 676, 677, 678, 679, 680, 681, 682, 683, 684, 685, 686, 687, 688, 689, 690, 691, 692, 693, 694, 695, 696, 697, 698, 699, 700, 701, 702, 703, 704, 705, 706, 707, 708, 709, 710, 711, 712, 713, 714, 715, 716, 717, 718, 719, 720, 721, 722, 723, 724, 725, 726, 727, 728, 729, 730, 731, 732, 733, 734, 735, 736, 737, 738, 739, 740, 741, 742, 743, 744, 745, 746, 747, 748, 749, 750, 751, 752, 753, 754, 755, 756, 757, 758, 759, 760, 761, 762, 763, 764, 765, 766, 767, 768, 769, 770, 771, 772, 773, 774, 775, 776, 777, 778, 779, 780, 781, 782, 783, 784, 785, 786, 787, 788, 789, 790, 791, 792, 793, 840, 922, 926]",False,[],"[103, 104, 105, 106, 107, 108, 109, 110, 111, 112, 113, 114, 115, 116, 117, 118, 119, 120, 121, 122, 123, 124, 125, 126, 127, 128, 129, 130, 131, 132, 133, 134, 135, 136, 137, 138, 139, 140, 141, 142, 143, 144, 145, 146, 147, 148, 149, 150, 151, 152, 153, 154, 155, 156, 157, 158, 159, 160, 161, 162, 163, 164, 165, 166, 167, 168, 169, 170, 171, 172, 173, 174, 175, 176, 177, 178, 179, 180, 181, 182, 183, 184, 185, 186, 187, 188, 189, 190, 191, 192, 193, 194, 195, 196, 197, 198, 199, 200, 201, 202, 203, 204, 205, 206, 207, 208, 209, 210, 211, 212, 213, 214, 215, 216, 217, 218, 219, 220, 221, 222, 223, 224, 225, 226, 227, 228, 229, 230, 231, 232, 233, 234, 235, 236, 237, 238, 239, 240, 241, 242, 243, 244, 245, 246, 247, 248, 249, 250, 251, 252, 253, 254, 255, 256, 257, 258, 259, 260, 261, 262, 263, 264, 265, 266, 267, 268, 269, 270, 271, 272, 273, 274, 275, 276, 277, 278, 279, 280, 281, 282, 283, 284, 285, 286, 287, 288, 289, 290, 291, 292, 293, 294, 295, 296, 297, 298, 299, 300, 301, 302, 303, 304, 305, 306, 307, 308, 309, 310, 311, 312, 313, 314, 315, 316, 317, 318, 319, 320, 321, 322, 323, 324, 325, 326, 327, 328, 329, 330, 331, 332, 333, 334, 335, 336, 337, 574, 575, 576, 577, 578, 579, 580, 581, 582, 583, 584, 585, 586, 587, 588, 589, 590, 591, 592, 593, 594, 595, 596, 597, 598, 599, 600, 601, 602, 603, 604, 605, 606, 607, 608, 609, 610, 611, 612, 613, 614, 615, 616, 617, 618, 619, 620, 621, 622, 623, 624, 625, 626, 627, 628, 629, 630, 631, 632, 633, 634, 635, 636, 637, 638, 639, 640, 641, 642, 643, 644, 645, 646, 647, 648, 649, 650, 651, 652, 653, 654, 655, 656, 657, 658, 659, 660, 661, 662, 663, 664, 665, 666, 667, 668, 669, 670, 671, 672, 673, 674, 675, 676, 677, 678, 679, 680, 681, 682, 683, 684, 685, 686, 687, 688, 689, 690, 691, 692, 693, 694, 695, 696, 697, 698, 699, 700, 701, 702, 703, 704, 705, 706, 707, 708, 709, 710, 711, 712, 713, 714, 715, 716, 717, 718, 719, 720, 721, 722, 723, 724, 725, 726, 727, 728, 729, 730, 731, 732, 733, 734, 735, 736, 737, 738, 739, 740, 741, 742, 743, 744, 745, 746, 747, 748, 749, 750, 751, 752, 753, 754, 755, 756, 757, 758, 759, 760, 761, 762, 763, 764, 765, 766, 767, 768, 769, 770, 771, 772, 773, 774, 775, 776, 777, 778, 779, 780, 781, 782, 783, 784, 785, 786, 787, 788, 789, 790, 791, 792, 793]",[],[],[247],"[26, 390, 474, 486, 509, 840, 922, 926]","[26, 390, 474, 486, 509, 840, 922, 926]",5/6 successful match,False,,False,707,False,,,,,
"Azusa , 91702 Shell","626-334-2477 I-210 Exit 38 ( N , 1 blk E on",24 000,Azusa,91702,Shell,626-334-2477,2007,Azusa,CA,Shell,"( N , 1 blk E on",I-210 Exit 38 ,Exit,38,False,,False,I-210,,,,,[],[],[],[],"[103, 104, 105, 106, 107, 108, 109, 110, 111, 112, 113, 114, 115, 116, 117, 118, 119, 120, 121, 122, 123, 124, 125, 126, 127, 128, 129, 130, 131, 132, 133, 134, 135, 136, 137, 138, 139, 140, 141, 142, 143, 144, 145, 146, 147, 148, 149, 150, 151, 152, 153, 154, 155, 156, 157, 158, 159, 160, 161, 162, 163, 164, 165, 166, 167, 168, 169, 170, 171, 172, 173, 174, 175, 176, 177, 178, 179, 180, 181, 182, 183, 184, 185, 186, 187, 188, 189, 190, 191, 192, 193, 194, 195, 196, 197, 198, 199, 200, 201, 202, 203, 204, 205, 206, 207, 208, 209, 210, 211, 212, 213, 214, 215, 216, 217, 218, 219, 220, 221, 222, 223, 224, 225, 226, 227, 228, 229, 230, 231, 232, 233, 234, 235, 236, 237, 238, 239, 240, 241, 242, 243, 244, 245, 246, 247, 248, 249, 250, 251, 252, 253, 254, 255, 256, 257, 258, 259, 260, 261, 262, 263, 264, 265, 266, 267, 268, 269, 270, 271, 272, 273, 274, 275, 276, 277, 278, 279, 280, 281, 282, 283, 284, 285, 286, 287, 288, 289, 290, 291, 292, 293, 294, 295, 296, 297, 298, 299, 300, 301, 302, 303, 304, 305, 306, 307, 308, 309, 310, 311, 312, 313, 314, 315, 316, 317, 318, 319, 320, 321, 322, 323, 324, 325, 326, 327, 328, 329, 330, 331, 332, 333, 334, 335, 336, 337, 574, 575, 576, 577, 578, 579, 580, 581, 582, 583, 584, 585, 586, 587, 588, 589, 590, 591, 592, 593, 594, 595, 596, 597, 598, 599, 600, 601, 602, 603, 604, 605, 606, 607, 608, 609, 610, 611, 612, 613, 614, 615, 616, 617, 618, 619, 620, 621, 622, 623, 624, 625, 626, 627, 628, 629, 630, 631, 632, 633, 634, 635, 636, 637, 638, 639, 640, 641, 642, 643, 644, 645, 646, 647, 648, 649, 650, 651, 652, 653, 654, 655, 656, 657, 658, 659, 660, 661, 662, 663, 664, 665, 666, 667, 668, 669, 670, 671, 672, 673, 674, 675, 676, 677, 678, 679, 680, 681, 682, 683, 684, 685, 686, 687, 688, 689, 690, 691, 692, 693, 694, 695, 696, 697, 698, 699, 700, 701, 702, 703, 704, 705, 706, 707, 708, 709, 710, 711, 712, 713, 714, 715, 716, 717, 718, 719, 720, 721, 722, 723, 724, 725, 726, 727, 728, 729, 730, 731, 732, 733, 734, 735, 736, 737, 738, 739, 740, 741, 742, 743, 744, 745, 746, 747, 748, 749, 750, 751, 752, 753, 754, 755, 756, 757, 758, 759, 760, 761, 762, 763, 764, 765, 766, 767, 768, 769, 770, 771, 772, 773, 774, 775, 776, 777, 778, 779, 780, 781, 782, 783, 784, 785, 786, 787, 788, 789, 790, 791, 792, 793]",[247],"[1, 13, 14, 29, 54, 55, 56, 57, 58, 60, 102, 118, 125, 127, 130, 134, 146, 149, 153, 175, 182, 187, 189, 191, 197, 225, 230, 238, 264, 265, 266, 286, 302, 317, 336, 379, 388, 389, 425, 454, 458, 463, 475, 487, 498, 499, 512, 530, 531, 532, 533, 534, 536, 573, 589, 596, 598, 601, 605, 617, 620, 624, 646, 653, 658, 660, 662, 668, 689, 694, 702, 724, 725, 745, 760, 775, 793, 829, 838, 839, 877, 901, 903, 905, 910, 923]","[1, 13, 14, 29, 54, 55, 56, 57, 58, 60, 102, 118, 125, 127, 130, 134, 146, 149, 153, 175, 182, 187, 189, 191, 197, 225, 230, 238, 264, 265, 266, 286, 302, 317, 336, 354, 379, 388, 389, 425, 454, 458, 463, 475, 487, 498, 499, 512, 530, 531, 532, 533, 534, 536, 573, 589, 596, 598, 601, 605, 617, 620, 624, 646, 653, 658, 660, 662, 668, 689, 694, 702, 724, 725, 745, 760, 775, 793, 809, 829, 838, 839, 877, 901, 903, 905, 910, 923]","[1, 13, 14, 29, 54, 55, 56, 57, 58, 60, 102, 103, 104, 105, 106, 107, 108, 109, 110, 111, 112, 113, 114, 115, 116, 117, 118, 119, 120, 121, 122, 123, 124, 125, 126, 127, 128, 129, 130, 131, 132, 133, 134, 135, 136, 137, 138, 139, 140, 141, 142, 143, 144, 145, 146, 147, 148, 149, 150, 151, 152, 153, 154, 155, 156, 157, 158, 159, 160, 161, 162, 163, 164, 165, 166, 167, 168, 169, 170, 171, 172, 173, 174, 175, 176, 177, 178, 179, 180, 181, 182, 183, 184, 185, 186, 187, 188, 189, 190, 191, 192, 193, 194, 195, 196, 197, 198, 199, 200, 201, 202, 203, 204, 205, 206, 207, 208, 209, 210, 211, 212, 213, 214, 215, 216, 217, 218, 219, 220, 221, 222, 223, 224, 225, 226, 227, 228, 229, 230, 231, 232, 233, 234, 235, 236, 237, 238, 239, 240, 241, 242, 243, 244, 245, 246, 247, 248, 249, 250, 251, 252, 253, 254, 255, 256, 257, 258, 259, 260, 261, 262, 263, 264, 265, 266, 267, 268, 269, 270, 271, 272, 273, 274, 275, 276, 277, 278, 279, 280, 281, 282, 283, 284, 285, 286, 287, 288, 289, 290, 291, 292, 293, 294, 295, 296, 297, 298, 299, 300, 301, 302, 303, 304, 305, 306, 307, 308, 309, 310, 311, 312, 313, 314, 315, 316, 317, 318, 319, 320, 321, 322, 323, 324, 325, 326, 327, 328, 329, 330, 331, 332, 333, 334, 335, 336, 337, 354, 379, 388, 389, 425, 454, 458, 463, 475, 487, 498, 499, 512, 530, 531, 532, 533, 534, 536, 573, 574, 575, 576, 577, 578, 579, 580, 581, 582, 583, 584, 585, 586, 587, 588, 589, 590, 591, 592, 593, 594, 595, 596, 597, 598, 599, 600, 601, 602, 603, 604, 605, 606, 607, 608, 609, 610, 611, 612, 613, 614, 615, 616, 617, 618, 619, 620, 621, 622, 623, 624, 625, 626, 627, 628, 629, 630, 631, 632, 633, 634, 635, 636, 637, 638, 639, 640, 641, 642, 643, 644, 645, 646, 647, 648, 649, 650, 651, 652, 653, 654, 655, 656, 657, 658, 659, 660, 661, 662, 663, 664, 665, 666, 667, 668, 669, 670, 671, 672, 673, 674, 675, 676, 677, 678, 679, 680, 681, 682, 683, 684, 685, 686, 687, 688, 689, 690, 691, 692, 693, 694, 695, 696, 697, 698, 699, 700, 701, 702, 703, 704, 705, 706, 707, 708, 709, 710, 711, 712, 713, 714, 715, 716, 717, 718, 719, 720, 721, 722, 723, 724, 725, 726, 727, 728, 729, 730, 731, 732, 733, 734, 735, 736, 737, 738, 739, 740, 741, 742, 743, 744, 745, 746, 747, 748, 749, 750, 751, 752, 753, 754, 755, 756, 757, 758, 759, 760, 761, 762, 763, 764, 765, 766, 767, 768, 769, 770, 771, 772, 773, 774, 775, 776, 777, 778, 779, 780, 781, 782, 783, 784, 785, 786, 787, 788, 789, 790, 791, 792, 793, 809, 829, 838, 839, 877, 901, 903, 905, 910, 923]",False,[],"[103, 104, 105, 106, 107, 108, 109, 110, 111, 112, 113, 114, 115, 116, 117, 118, 119, 120, 121, 122, 123, 124, 125, 126, 127, 128, 129, 130, 131, 132, 133, 134, 135, 136, 137, 138, 139, 140, 141, 142, 143, 144, 145, 146, 147, 148, 149, 150, 151, 152, 153, 154, 155, 156, 157, 158, 159, 160, 161, 162, 163, 164, 165, 166, 167, 168, 169, 170, 171, 172, 173, 174, 175, 176, 177, 178, 179, 180, 181, 182, 183, 184, 185, 186, 187, 188, 189, 190, 191, 192, 193, 194, 195, 196, 197, 198, 199, 200, 201, 202, 203, 204, 205, 206, 207, 208, 209, 210, 211, 212, 213, 214, 215, 216, 217, 218, 219, 220, 221, 222, 223, 224, 225, 226, 227, 228, 229, 230, 231, 232, 233, 234, 235, 236, 237, 238, 239, 240, 241, 242, 243, 244, 245, 246, 247, 248, 249, 250, 251, 252, 253, 254, 255, 256, 257, 258, 259, 260, 261, 262, 263, 264, 265, 266, 267, 268, 269, 270, 271, 272, 273, 274, 275, 276, 277, 278, 279, 280, 281, 282, 283, 284, 285, 286, 287, 288, 289, 290, 291, 292, 293, 294, 295, 296, 297, 298, 299, 300, 301, 302, 303, 304, 305, 306, 307, 308, 309, 310, 311, 312, 313, 314, 315, 316, 317, 318, 319, 320, 321, 322, 323, 324, 325, 326, 327, 328, 329, 330, 331, 332, 333, 334, 335, 336, 337, 574, 575, 576, 577, 578, 579, 580, 581, 582, 583, 584, 585, 586, 587, 588, 589, 590, 591, 592, 593, 594, 595, 596, 597, 598, 599, 600, 601, 602, 603, 604, 605, 606, 607, 608, 609, 610, 611, 612, 613, 614, 615, 616, 617, 618, 619, 620, 621, 622, 623, 624, 625, 626, 627, 628, 629, 630, 631, 632, 633, 634, 635, 636, 637, 638, 639, 640, 641, 642, 643, 644, 645, 646, 647, 648, 649, 650, 651, 652, 653, 654, 655, 656, 657, 658, 659, 660, 661, 662, 663, 664, 665, 666, 667, 668, 669, 670, 671, 672, 673, 674, 675, 676, 677, 678, 679, 680, 681, 682, 683, 684, 685, 686, 687, 688, 689, 690, 691, 692, 693, 694, 695, 696, 697, 698, 699, 700, 701, 702, 703, 704, 705, 706, 707, 708, 709, 710, 711, 712, 713, 714, 715, 716, 717, 718, 719, 720, 721, 722, 723, 724, 725, 726, 727, 728, 729, 730, 731, 732, 733, 734, 735, 736, 737, 738, 739, 740, 741, 742, 743, 744, 745, 746, 747, 748, 749, 750, 751, 752, 753, 754, 755, 756, 757, 758, 759, 760, 761, 762, 763, 764, 765, 766, 767, 768, 769, 770, 771, 772, 773, 774, 775, 776, 777, 778, 779, 780, 781, 782, 783, 784, 785, 786, 787, 788, 789, 790, 791, 792, 793]",[],[],[247],"[1, 13, 14, 29, 54, 55, 56, 57, 58, 60, 102, 118, 125, 127, 130, 134, 146, 149, 153, 175, 182, 187, 189, 191, 197, 225, 230, 238, 264, 265, 266, 286, 302, 317, 336, 354, 379, 388, 389, 425, 454, 458, 463, 475, 487, 498, 499, 512, 530, 531, 532, 533, 534, 536, 573, 589, 596, 598, 601, 605, 617, 620, 624, 646, 653, 658, 660, 662, 668, 689, 694, 702, 724, 725, 745, 760, 775, 793, 809, 829, 838, 839, 877, 901, 903, 905, 910, 923]","[1, 13, 14, 29, 54, 55, 56, 57, 58, 60, 102, 118, 125, 127, 130, 134, 146, 149, 153, 175, 182, 187, 189, 191, 197, 225, 230, 238, 264, 265, 266, 286, 302, 317, 336, 379, 388, 389, 425, 454, 458, 463, 475, 487, 498, 499, 512, 530, 531, 532, 533, 534, 536, 573, 589, 596, 598, 601, 605, 617, 620, 624, 646, 653, 658, 660, 662, 668, 689, 694, 702, 724, 725, 745, 760, 775, 793, 829, 838, 839, 877, 901, 903, 905, 910, 923]",5/6 successful match,False,,False,707,True,2007,0.058823529411764705,False,David Texaco,Texaco
"Azusa , 91702 Shell","6 626-812-9020 I-210 Exit 38 ( N , 1 blk E on Foothill )",24 <U+25A1> <U+25A1> <U+25A1>,Azusa,91702,Shell,626-812-9020,2008,Azusa,CA,Shell,"( N , 1 blk E on Foothill )",I-210 Exit 38 ,Exit,38,False,,False,I-210,,,,,[],[],[],[],"[103, 104, 105, 106, 107, 108, 109, 110, 111, 112, 113, 114, 115, 116, 117, 118, 119, 120, 121, 122, 123, 124, 125, 126, 127, 128, 129, 130, 131, 132, 133, 134, 135, 136, 137, 138, 139, 140, 141, 142, 143, 144, 145, 146, 147, 148, 149, 150, 151, 152, 153, 154, 155, 156, 157, 158, 159, 160, 161, 162, 163, 164, 165, 166, 167, 168, 169, 170, 171, 172, 173, 174, 175, 176, 177, 178, 179, 180, 181, 182, 183, 184, 185, 186, 187, 188, 189, 190, 191, 192, 193, 194, 195, 196, 197, 198, 199, 200, 201, 202, 203, 204, 205, 206, 207, 208, 209, 210, 211, 212, 213, 214, 215, 216, 217, 218, 219, 220, 221, 222, 223, 224, 225, 226, 227, 228, 229, 230, 231, 232, 233, 234, 235, 236, 237, 238, 239, 240, 241, 242, 243, 244, 245, 246, 247, 248, 249, 250, 251, 252, 253, 254, 255, 256, 257, 258, 259, 260, 261, 262, 263, 264, 265, 266, 267, 268, 269, 270, 271, 272, 273, 274, 275, 276, 277, 278, 279, 280, 281, 282, 283, 284, 285, 286, 287, 288, 289, 290, 291, 292, 293, 294, 295, 296, 297, 298, 299, 300, 301, 302, 303, 304, 305, 306, 307, 308, 309, 310, 311, 312, 313, 314, 315, 316, 317, 318, 319, 320, 321, 322, 323, 324, 325, 326, 327, 328, 329, 330, 331, 332, 333, 334, 335, 336, 337, 574, 575, 576, 577, 578, 579, 580, 581, 582, 583, 584, 585, 586, 587, 588, 589, 590, 591, 592, 593, 594, 595, 596, 597, 598, 599, 600, 601, 602, 603, 604, 605, 606, 607, 608, 609, 610, 611, 612, 613, 614, 615, 616, 617, 618, 619, 620, 621, 622, 623, 624, 625, 626, 627, 628, 629, 630, 631, 632, 633, 634, 635, 636, 637, 638, 639, 640, 641, 642, 643, 644, 645, 646, 647, 648, 649, 650, 651, 652, 653, 654, 655, 656, 657, 658, 659, 660, 661, 662, 663, 664, 665, 666, 667, 668, 669, 670, 671, 672, 673, 674, 675, 676, 677, 678, 679, 680, 681, 682, 683, 684, 685, 686, 687, 688, 689, 690, 691, 692, 693, 694, 695, 696, 697, 698, 699, 700, 701, 702, 703, 704, 705, 706, 707, 708, 709, 710, 711, 712, 713, 714, 715, 716, 717, 718, 719, 720, 721, 722, 723, 724, 725, 726, 727, 728, 729, 730, 731, 732, 733, 734, 735, 736, 737, 738, 739, 740, 741, 742, 743, 744, 745, 746, 747, 748, 749, 750, 751, 752, 753, 754, 755, 756, 757, 758, 759, 760, 761, 762, 763, 764, 765, 766, 767, 768, 769, 770, 771, 772, 773, 774, 775, 776, 777, 778, 779, 780, 781, 782, 783, 784, 785, 786, 787, 788, 789, 790, 791, 792, 793]",[247],"[1, 13, 14, 29, 54, 55, 56, 57, 58, 60, 102, 118, 125, 127, 130, 134, 146, 149, 153, 175, 182, 187, 189, 191, 197, 225, 230, 238, 264, 265, 266, 286, 302, 317, 336, 379, 388, 389, 425, 454, 458, 463, 475, 487, 498, 499, 512, 530, 531, 532, 533, 534, 536, 573, 589, 596, 598, 601, 605, 617, 620, 624, 646, 653, 658, 660, 662, 668, 689, 694, 702, 724, 725, 745, 760, 775, 793, 829, 838, 839, 877, 901, 903, 905, 910, 923]","[1, 13, 14, 29, 54, 55, 56, 57, 58, 60, 102, 118, 125, 127, 130, 134, 146, 149, 153, 175, 182, 187, 189, 191, 197, 225, 230, 238, 264, 265, 266, 286, 302, 317, 336, 354, 379, 388, 389, 425, 454, 458, 463, 475, 487, 498, 499, 512, 530, 531, 532, 533, 534, 536, 573, 589, 596, 598, 601, 605, 617, 620, 624, 646, 653, 658, 660, 662, 668, 689, 694, 702, 724, 725, 745, 760, 775, 793, 809, 829, 838, 839, 877, 901, 903, 905, 910, 923]","[1, 13, 14, 29, 54, 55, 56, 57, 58, 60, 102, 103, 104, 105, 106, 107, 108, 109, 110, 111, 112, 113, 114, 115, 116, 117, 118, 119, 120, 121, 122, 123, 124, 125, 126, 127, 128, 129, 130, 131, 132, 133, 134, 135, 136, 137, 138, 139, 140, 141, 142, 143, 144, 145, 146, 147, 148, 149, 150, 151, 152, 153, 154, 155, 156, 157, 158, 159, 160, 161, 162, 163, 164, 165, 166, 167, 168, 169, 170, 171, 172, 173, 174, 175, 176, 177, 178, 179, 180, 181, 182, 183, 184, 185, 186, 187, 188, 189, 190, 191, 192, 193, 194, 195, 196, 197, 198, 199, 200, 201, 202, 203, 204, 205, 206, 207, 208, 209, 210, 211, 212, 213, 214, 215, 216, 217, 218, 219, 220, 221, 222, 223, 224, 225, 226, 227, 228, 229, 230, 231, 232, 233, 234, 235, 236, 237, 238, 239, 240, 241, 242, 243, 244, 245, 246, 247, 248, 249, 250, 251, 252, 253, 254, 255, 256, 257, 258, 259, 260, 261, 262, 263, 264, 265, 266, 267, 268, 269, 270, 271, 272, 273, 274, 275, 276, 277, 278, 279, 280, 281, 282, 283, 284, 285, 286, 287, 288, 289, 290, 291, 292, 293, 294, 295, 296, 297, 298, 299, 300, 301, 302, 303, 304, 305, 306, 307, 308, 309, 310, 311, 312, 313, 314, 315, 316, 317, 318, 319, 320, 321, 322, 323, 324, 325, 326, 327, 328, 329, 330, 331, 332, 333, 334, 335, 336, 337, 354, 379, 388, 389, 425, 454, 458, 463, 475, 487, 498, 499, 512, 530, 531, 532, 533, 534, 536, 573, 574, 575, 576, 577, 578, 579, 580, 581, 582, 583, 584, 585, 586, 587, 588, 589, 590, 591, 592, 593, 594, 595, 596, 597, 598, 599, 600, 601, 602, 603, 604, 605, 606, 607, 608, 609, 610, 611, 612, 613, 614, 615, 616, 617, 618, 619, 620, 621, 622, 623, 624, 625, 626, 627, 628, 629, 630, 631, 632, 633, 634, 635, 636, 637, 638, 639, 640, 641, 642, 643, 644, 645, 646, 647, 648, 649, 650, 651, 652, 653, 654, 655, 656, 657, 658, 659, 660, 661, 662, 663, 664, 665, 666, 667, 668, 669, 670, 671, 672, 673, 674, 675, 676, 677, 678, 679, 680, 681, 682, 683, 684, 685, 686, 687, 688, 689, 690, 691, 692, 693, 694, 695, 696, 697, 698, 699, 700, 701, 702, 703, 704, 705, 706, 707, 708, 709, 710, 711, 712, 713, 714, 715, 716, 717, 718, 719, 720, 721, 722, 723, 724, 725, 726, 727, 728, 729, 730, 731, 732, 733, 734, 735, 736, 737, 738, 739, 740, 741, 742, 743, 744, 745, 746, 747, 748, 749, 750, 751, 752, 753, 754, 755, 756, 757, 758, 759, 760, 761, 762, 763, 764, 765, 766, 767, 768, 769, 770, 771, 772, 773, 774, 775, 776, 777, 778, 779, 780, 781, 782, 783, 784, 785, 786, 787, 788, 789, 790, 791, 792, 793, 809, 829, 838, 839, 877, 901, 903, 905, 910, 923]",False,[],"[103, 104, 105, 106, 107, 108, 109, 110, 111, 112, 113, 114, 115, 116, 117, 118, 119, 120, 121, 122, 123, 124, 125, 126, 127, 128, 129, 130, 131, 132, 133, 134, 135, 136, 137, 138, 139, 140, 141, 142, 143, 144, 145, 146, 147, 148, 149, 150, 151, 152, 153, 154, 155, 156, 157, 158, 159, 160, 161, 162, 163, 164, 165, 166, 167, 168, 169, 170, 171, 172, 173, 174, 175, 176, 177, 178, 179, 180, 181, 182, 183, 184, 185, 186, 187, 188, 189, 190, 191, 192, 193, 194, 195, 196, 197, 198, 199, 200, 201, 202, 203, 204, 205, 206, 207, 208, 209, 210, 211, 212, 213, 214, 215, 216, 217, 218, 219, 220, 221, 222, 223, 224, 225, 226, 227, 228, 229, 230, 231, 232, 233, 234, 235, 236, 237, 238, 239, 240, 241, 242, 243, 244, 245, 246, 247, 248, 249, 250, 251, 252, 253, 254, 255, 256, 257, 258, 259, 260, 261, 262, 263, 264, 265, 266, 267, 268, 269, 270, 271, 272, 273, 274, 275, 276, 277, 278, 279, 280, 281, 282, 283, 284, 285, 286, 287, 288, 289, 290, 291, 292, 293, 294, 295, 296, 297, 298, 299, 300, 301, 302, 303, 304, 305, 306, 307, 308, 309, 310, 311, 312, 313, 314, 315, 316, 317, 318, 319, 320, 321, 322, 323, 324, 325, 326, 327, 328, 329, 330, 331, 332, 333, 334, 335, 336, 337, 574, 575, 576, 577, 578, 579, 580, 581, 582, 583, 584, 585, 586, 587, 588, 589, 590, 591, 592, 593, 594, 595, 596, 597, 598, 599, 600, 601, 602, 603, 604, 605, 606, 607, 608, 609, 610, 611, 612, 613, 614, 615, 616, 617, 618, 619, 620, 621, 622, 623, 624, 625, 626, 627, 628, 629, 630, 631, 632, 633, 634, 635, 636, 637, 638, 639, 640, 641, 642, 643, 644, 645, 646, 647, 648, 649, 650, 651, 652, 653, 654, 655, 656, 657, 658, 659, 660, 661, 662, 663, 664, 665, 666, 667, 668, 669, 670, 671, 672, 673, 674, 675, 676, 677, 678, 679, 680, 681, 682, 683, 684, 685, 686, 687, 688, 689, 690, 691, 692, 693, 694, 695, 696, 697, 698, 699, 700, 701, 702, 703, 704, 705, 706, 707, 708, 709, 710, 711, 712, 713, 714, 715, 716, 717, 718, 719, 720, 721, 722, 723, 724, 725, 726, 727, 728, 729, 730, 731, 732, 733, 734, 735, 736, 737, 738, 739, 740, 741, 742, 743, 744, 745, 746, 747, 748, 749, 750, 751, 752, 753, 754, 755, 756, 757, 758, 759, 760, 761, 762, 763, 764, 765, 766, 767, 768, 769, 770, 771, 772, 773, 774, 775, 776, 777, 778, 779, 780, 781, 782, 783, 784, 785, 786, 787, 788, 789, 790, 791, 792, 793]",[],[],[247],"[1, 13, 14, 29, 54, 55, 56, 57, 58, 60, 102, 118, 125, 127, 130, 134, 146, 149, 153, 175, 182, 187, 189, 191, 197, 225, 230, 238, 264, 265, 266, 286, 302, 317, 336, 354, 379, 388, 389, 425, 454, 458, 463, 475, 487, 498, 499, 512, 530, 531, 532, 533, 534, 536, 573, 589, 596, 598, 601, 605, 617, 620, 624, 646, 653, 658, 660, 662, 668, 689, 694, 702, 724, 725, 745, 760, 775, 793, 809, 829, 838, 839, 877, 901, 903, 905, 910, 923]","[1, 13, 14, 29, 54, 55, 56, 57, 58, 60, 102, 118, 125, 127, 130, 134, 146, 149, 153, 175, 182, 187, 189, 191, 197, 225, 230, 238, 264, 265, 266, 286, 302, 317, 336, 379, 388, 389, 425, 454, 458, 463, 475, 487, 498, 499, 512, 530, 531, 532, 533, 534, 536, 573, 589, 596, 598, 601, 605, 617, 620, 624, 646, 653, 658, 660, 662, 668, 689, 694, 702, 724, 725, 745, 760, 775, 793, 829, 838, 839, 877, 901, 903, 905, 910, 923]",5/6 successful match,False,[320],True,707,False,,1.0,True,Shell,Shell
Chino ( 91710 ) DeWitt Fuel Stop ( CFN Cardlock ),6 909-464-1114 5415 Schaefer ( 1 blk E of Central ),<U+2610><U+2610> D,Chino,91710,DeWitt Fuel Stop ( CFN Cardlock ),909-464-1114,2014,Chino,CA,,( 1 blk E of Central ),5415 Schaefer,Proper,,False,,False,5415 Schaefer,,,,,[],[],[],[],"[103, 104, 105, 106, 107, 108, 109, 110, 111, 112, 113, 114, 115, 116, 117, 118, 119, 120, 121, 122, 123, 124, 125, 126, 127, 128, 129, 130, 131, 132, 133, 134, 135, 136, 137, 138, 139, 140, 141, 142, 143, 144, 145, 146, 147, 148, 149, 150, 151, 152, 153, 154, 155, 156, 157, 158, 159, 160, 161, 162, 163, 164, 165, 166, 167, 168, 169, 170, 171, 172, 173, 174, 175, 176, 177, 178, 179, 180, 181, 182, 183, 184, 185, 186, 187, 188, 189, 190, 191, 192, 193, 194, 195, 196, 197, 198, 199, 200, 201, 202, 203, 204, 205, 206, 207, 208, 209, 210, 211, 212, 213, 214, 215, 216, 217, 218, 219, 220, 221, 222, 223, 224, 225, 226, 227, 228, 229, 230, 231, 232, 233, 234, 235, 236, 237, 238, 239, 240, 241, 242, 243, 244, 245, 246, 247, 248, 249, 250, 251, 252, 253, 254, 255, 256, 257, 258, 259, 260, 261, 262, 263, 264, 265, 266, 267, 268, 269, 270, 271, 272, 273, 274, 275, 276, 277, 278, 279, 280, 281, 282, 283, 284, 285, 286, 287, 288, 289, 290, 291, 292, 293, 294, 295, 296, 297, 298, 299, 300, 301, 302, 303, 304, 305, 306, 307, 308, 309, 310, 311, 312, 313, 314, 315, 316, 317, 318, 319, 320, 321, 322, 323, 324, 325, 326, 327, 328, 329, 330, 331, 332, 333, 334, 335, 336, 337, 574, 575, 576, 577, 578, 579, 580, 581, 582, 583, 584, 585, 586, 587, 588, 589, 590, 591, 592, 593, 594, 595, 596, 597, 598, 599, 600, 601, 602, 603, 604, 605, 606, 607, 608, 609, 610, 611, 612, 613, 614, 615, 616, 617, 618, 619, 620, 621, 622, 623, 624, 625, 626, 627, 628, 629, 630, 631, 632, 633, 634, 635, 636, 637, 638, 639, 640, 641, 642, 643, 644, 645, 646, 647, 648, 649, 650, 651, 652, 653, 654, 655, 656, 657, 658, 659, 660, 661, 662, 663, 664, 665, 666, 667, 668, 669, 670, 671, 672, 673, 674, 675, 676, 677, 678, 679, 680, 681, 682, 683, 684, 685, 686, 687, 688, 689, 690, 691, 692, 693, 694, 695, 696, 697, 698, 699, 700, 701, 702, 703, 704, 705, 706, 707, 708, 709, 710, 711, 712, 713, 714, 715, 716, 717, 718, 719, 720, 721, 722, 723, 724, 725, 726, 727, 728, 729, 730, 731, 732, 733, 734, 735, 736, 737, 738, 739, 740, 741, 742, 743, 744, 745, 746, 747, 748, 749, 750, 751, 752, 753, 754, 755, 756, 757, 758, 759, 760, 761, 762, 763, 764, 765, 766, 767, 768, 769, 770, 771, 772, 773, 774, 775, 776, 777, 778, 779, 780, 781, 782, 783, 784, 785, 786, 787, 788, 789, 790, 791, 792, 793]",[],[],"[196, 264, 667, 724]","[103, 104, 105, 106, 107, 108, 109, 110, 111, 112, 113, 114, 115, 116, 117, 118, 119, 120, 121, 122, 123, 124, 125, 126, 127, 128, 129, 130, 131, 132, 133, 134, 135, 136, 137, 138, 139, 140, 141, 142, 143, 144, 145, 146, 147, 148, 149, 150, 151, 152, 153, 154, 155, 156, 157, 158, 159, 160, 161, 162, 163, 164, 165, 166, 167, 168, 169, 170, 171, 172, 173, 174, 175, 176, 177, 178, 179, 180, 181, 182, 183, 184, 185, 186, 187, 188, 189, 190, 191, 192, 193, 194, 195, 196, 197, 198, 199, 200, 201, 202, 203, 204, 205, 206, 207, 208, 209, 210, 211, 212, 213, 214, 215, 216, 217, 218, 219, 220, 221, 222, 223, 224, 225, 226, 227, 228, 229, 230, 231, 232, 233, 234, 235, 236, 237, 238, 239, 240, 241, 242, 243, 244, 245, 246, 247, 248, 249, 250, 251, 252, 253, 254, 255, 256, 257, 258, 259, 260, 261, 262, 263, 264, 265, 266, 267, 268, 269, 270, 271, 272, 273, 274, 275, 276, 277, 278, 279, 280, 281, 282, 283, 284, 285, 286, 287, 288, 289, 290, 291, 292, 293, 294, 295, 296, 297, 298, 299, 300, 301, 302, 303, 304, 305, 306, 307, 308, 309, 310, 311, 312, 313, 314, 315, 316, 317, 318, 319, 320, 321, 322, 323, 324, 325, 326, 327, 328, 329, 330, 331, 332, 333, 334, 335, 336, 337, 574, 575, 576, 577, 578, 579, 580, 581, 582, 583, 584, 585, 586, 587, 588, 589, 590, 591, 592, 593, 594, 595, 596, 597, 598, 599, 600, 601, 602, 603, 604, 605, 606, 607, 608, 609, 610, 611, 612, 613, 614, 615, 616, 617, 618, 619, 620, 621, 622, 623, 624, 625, 626, 627, 628, 629, 630, 631, 632, 633, 634, 635, 636, 637, 638, 639, 640, 641, 642, 643, 644, 645, 646, 647, 648, 649, 650, 651, 652, 653, 654, 655, 656, 657, 658, 659, 660, 661, 662, 663, 664, 665, 666, 667, 668, 669, 670, 671, 672, 673, 674, 675, 676, 677, 678, 679, 680, 681, 682, 683, 684, 685, 686, 687, 688, 689, 690, 691, 692, 693, 694, 695, 696, 697, 698, 699, 700, 701, 702, 703, 704, 705, 706, 707, 708, 709, 710, 711, 712, 713, 714, 715, 716, 717, 718, 719, 720, 721, 722, 723, 724, 725, 726, 727, 728, 729, 730, 731, 732, 733, 734, 735, 736, 737, 738, 739, 740, 741, 742, 743, 744, 745, 746, 747, 748, 749, 750, 751, 752, 753, 754, 755, 756, 757, 758, 759, 760, 761, 762, 763, 764, 765, 766, 767, 768, 769, 770, 771, 772, 773, 774, 775, 776, 777, 778, 779, 780, 781, 782, 783, 784, 785, 786, 787, 788, 789, 790, 791, 792, 793]",False,[],"[103, 104, 105, 106, 107, 108, 109, 110, 111, 112, 113, 114, 115, 116, 117, 118, 119, 120, 121, 122, 123, 124, 125, 126, 127, 128, 129, 130, 131, 132, 133, 134, 135, 136, 137, 138, 139, 140, 141, 142, 143, 144, 145, 146, 147, 148, 149, 150, 151, 152, 153, 154, 155, 156, 157, 158, 159, 160, 161, 162, 163, 164, 165, 166, 167, 168, 169, 170, 171, 172, 173, 174, 175, 176, 177, 178, 179, 180, 181, 182, 183, 184, 185, 186, 187, 188, 189, 190, 191, 192, 193, 194, 195, 196, 197, 198, 199, 200, 201, 202, 203, 204, 205, 206, 207, 208, 209, 210, 211, 212, 213, 214, 215, 216, 217, 218, 219, 220, 221, 222, 223, 224, 225, 226, 227, 228, 229, 230, 231, 232, 233, 234, 235, 236, 237, 238, 239, 240, 241, 242, 243, 244, 245, 246, 247, 248, 249, 250, 251, 252, 253, 254, 255, 256, 257, 258, 259, 260, 261, 262, 263, 264, 265, 266, 267, 268, 269, 270, 271, 272, 273, 274, 275, 276, 277, 278, 279, 280, 281, 282, 283, 284, 285, 286, 287, 288, 289, 290, 291, 292, 293, 294, 295, 296, 297, 298, 299, 300, 301, 302, 303, 304, 305, 306, 307, 308, 309, 310, 311, 312, 313, 314, 315, 316, 317, 318, 319, 320, 321, 322, 323, 324, 325, 326, 327, 328, 329, 330, 331, 332, 333, 334, 335, 336, 337, 574, 575, 576, 577, 578, 579, 580, 581, 582, 583, 584, 585, 586, 587, 588, 589, 590, 591, 592, 593, 594, 595, 596, 597, 598, 599, 600, 601, 602, 603, 604, 605, 606, 607, 608, 609, 610, 611, 612, 613, 614, 615, 616, 617, 618, 619, 620, 621, 622, 623, 624, 625, 626, 627, 628, 629, 630, 631, 632, 633, 634, 635, 636, 637, 638, 639, 640, 641, 642, 643, 644, 645, 646, 647, 648, 649, 650, 651, 652, 653, 654, 655, 656, 657, 658, 659, 660, 661, 662, 663, 664, 665, 666, 667, 668, 669, 670, 671, 672, 673, 674, 675, 676, 677, 678, 679, 680, 681, 682, 683, 684, 685, 686, 687, 688, 689, 690, 691, 692, 693, 694, 695, 696, 697, 698, 699, 700, 701, 702, 703, 704, 705, 706, 707, 708, 709, 710, 711, 712, 713, 714, 715, 716, 717, 718, 719, 720, 721, 722, 723, 724, 725, 726, 727, 728, 729, 730, 731, 732, 733, 734, 735, 736, 737, 738, 739, 740, 741, 742, 743, 744, 745, 746, 747, 748, 749, 750, 751, 752, 753, 754, 755, 756, 757, 758, 759, 760, 761, 762, 763, 764, 765, 766, 767, 768, 769, 770, 771, 772, 773, 774, 775, 776, 777, 778, 779, 780, 781, 782, 783, 784, 785, 786, 787, 788, 789, 790, 791, 792, 793]",[],[],[],"[196, 264, 667, 724]",[],7/6 successful match,False,,False,707,True,2014,0.07894736842105263,True,Shell,Shell
"South El Monte , 91733 Santa Anita Chevron",626-579-6874 CA 60 & Santa Anita Ave N,<U+2610> <U+2610>,South El Monte,91733,Santa Anita Chevron,626-579-6874,2006,South El Monte,CA,Chevron,,CA 60 & Santa Anita Ave N,empty,,False,,False,CA 60,Ave N,,,,[],[],"[220, 299, 758]",[],"[103, 104, 105, 106, 107, 108, 109, 110, 111, 112, 113, 114, 115, 116, 117, 118, 119, 120, 121, 122, 123, 124, 125, 126, 127, 128, 129, 130, 131, 132, 133, 134, 135, 136, 137, 138, 139, 140, 141, 142, 143, 144, 145, 146, 147, 148, 149, 150, 151, 152, 153, 154, 155, 156, 157, 158, 159, 160, 161, 162, 163, 164, 165, 166, 167, 168, 169, 170, 171, 172, 173, 174, 175, 176, 177, 178, 179, 180, 181, 182, 183, 184, 185, 186, 187, 188, 189, 190, 191, 192, 193, 194, 195, 196, 197, 198, 199, 200, 201, 202, 203, 204, 205, 206, 207, 208, 209, 210, 211, 212, 213, 214, 215, 216, 217, 218, 219, 220, 221, 222, 223, 224, 225, 226, 227, 228, 229, 230, 231, 232, 233, 234, 235, 236, 237, 238, 239, 240, 241, 242, 243, 244, 245, 246, 247, 248, 249, 250, 251, 252, 253, 254, 255, 256, 257, 258, 259, 260, 261, 262, 263, 264, 265, 266, 267, 268, 269, 270, 271, 272, 273, 274, 275, 276, 277, 278, 279, 280, 281, 282, 283, 284, 285, 286, 287, 288, 289, 290, 291, 292, 293, 294, 295, 296, 297, 298, 299, 300, 301, 302, 303, 304, 305, 306, 307, 308, 309, 310, 311, 312, 313, 314, 315, 316, 317, 318, 319, 320, 321, 322, 323, 324, 325, 326, 327, 328, 329, 330, 331, 332, 333, 334, 335, 336, 337, 574, 575, 576, 577, 578, 579, 580, 581, 582, 583, 584, 585, 586, 587, 588, 589, 590, 591, 592, 593, 594, 595, 596, 597, 598, 599, 600, 601, 602, 603, 604, 605, 606, 607, 608, 609, 610, 611, 612, 613, 614, 615, 616, 617, 618, 619, 620, 621, 622, 623, 624, 625, 626, 627, 628, 629, 630, 631, 632, 633, 634, 635, 636, 637, 638, 639, 640, 641, 642, 643, 644, 645, 646, 647, 648, 649, 650, 651, 652, 653, 654, 655, 656, 657, 658, 659, 660, 661, 662, 663, 664, 665, 666, 667, 668, 669, 670, 671, 672, 673, 674, 675, 676, 677, 678, 679, 680, 681, 682, 683, 684, 685, 686, 687, 688, 689, 690, 691, 692, 693, 694, 695, 696, 697, 698, 699, 700, 701, 702, 703, 704, 705, 706, 707, 708, 709, 710, 711, 712, 713, 714, 715, 716, 717, 718, 719, 720, 721, 722, 723, 724, 725, 726, 727, 728, 729, 730, 731, 732, 733, 734, 735, 736, 737, 738, 739, 740, 741, 742, 743, 744, 745, 746, 747, 748, 749, 750, 751, 752, 753, 754, 755, 756, 757, 758, 759, 760, 761, 762, 763, 764, 765, 766, 767, 768, 769, 770, 771, 772, 773, 774, 775, 776, 777, 778, 779, 780, 781, 782, 783, 784, 785, 786, 787, 788, 789, 790, 791, 792, 793]","[12, 54, 103, 104, 106, 117, 118, 120, 127, 128, 129, 131, 133, 135, 136, 137, 139, 146, 147, 148, 149, 151, 158, 160, 162, 166, 173, 178, 179, 185, 190, 192, 198, 201, 203, 204, 206, 207, 212, 213, 214, 219, 223, 224, 225, 227, 230, 235, 237, 246, 247, 256, 259, 262, 263, 266, 268, 269, 271, 272, 278, 279, 284, 285, 288, 290, 292, 304, 312, 316, 319, 320, 323, 324, 332, 461, 497, 530, 574, 575, 588, 591, 607, 608, 610, 618, 619, 620, 622, 632, 644, 649, 650, 656, 661, 663, 669, 674, 677, 683, 684, 687, 688, 689, 701, 710, 723, 730, 731, 738, 747, 751, 762, 774, 778, 789, 908]","[12, 24, 25, 28, 88, 100, 104, 119, 123, 129, 136, 137, 139, 140, 141, 148, 155, 169, 172, 179, 183, 185, 188, 196, 198, 217, 237, 267, 270, 278, 319, 321, 324, 325, 330, 334, 335, 354, 366, 369, 380, 383, 384, 386, 395, 407, 411, 423, 428, 436, 437, 452, 453, 456, 467, 471, 477, 478, 479, 497, 508, 511, 559, 571, 575, 590, 594, 600, 607, 608, 610, 611, 612, 619, 627, 640, 643, 650, 654, 656, 659, 667, 669, 685, 701, 726, 729, 737, 777, 779, 782, 783, 787, 790, 791, 809, 817, 819, 830, 833, 834, 836, 845, 856, 857, 860, 862, 875, 880, 887, 888, 899, 900, 914, 918, 921, 928, 929, 930]","[12, 24, 25, 28, 88, 100, 104, 119, 123, 129, 136, 137, 139, 140, 141, 148, 155, 169, 172, 179, 183, 185, 188, 196, 198, 217, 237, 267, 270, 278, 319, 321, 324, 325, 330, 334, 335, 354, 366, 369, 380, 383, 384, 386, 395, 407, 411, 423, 428, 436, 437, 452, 453, 456, 467, 471, 477, 478, 479, 497, 508, 511, 559, 571, 575, 590, 594, 600, 607, 608, 610, 611, 612, 619, 627, 640, 643, 650, 654, 656, 659, 667, 669, 685, 701, 726, 729, 737, 777, 779, 782, 783, 787, 790, 791, 809, 817, 819, 830, 833, 834, 836, 845, 856, 857, 860, 862, 875, 880, 887, 888, 899, 900, 914, 918, 921, 928, 929, 930]","[12, 24, 25, 28, 54, 88, 100, 103, 104, 105, 106, 107, 108, 109, 110, 111, 112, 113, 114, 115, 116, 117, 118, 119, 120, 121, 122, 123, 124, 125, 126, 127, 128, 129, 130, 131, 132, 133, 134, 135, 136, 137, 138, 139, 140, 141, 142, 143, 144, 145, 146, 147, 148, 149, 150, 151, 152, 153, 154, 155, 156, 157, 158, 159, 160, 161, 162, 163, 164, 165, 166, 167, 168, 169, 170, 171, 172, 173, 174, 175, 176, 177, 178, 179, 180, 181, 182, 183, 184, 185, 186, 187, 188, 189, 190, 191, 192, 193, 194, 195, 196, 197, 198, 199, 200, 201, 202, 203, 204, 205, 206, 207, 208, 209, 210, 211, 212, 213, 214, 215, 216, 217, 218, 219, 220, 221, 222, 223, 224, 225, 226, 227, 228, 229, 230, 231, 232, 233, 234, 235, 236, 237, 238, 239, 240, 241, 242, 243, 244, 245, 246, 247, 248, 249, 250, 251, 252, 253, 254, 255, 256, 257, 258, 259, 260, 261, 262, 263, 264, 265, 266, 267, 268, 269, 270, 271, 272, 273, 274, 275, 276, 277, 278, 279, 280, 281, 282, 283, 284, 285, 286, 287, 288, 289, 290, 291, 292, 293, 294, 295, 296, 297, 298, 299, 300, 301, 302, 303, 304, 305, 306, 307, 308, 309, 310, 311, 312, 313, 314, 315, 316, 317, 318, 319, 320, 321, 322, 323, 324, 325, 326, 327, 328, 329, 330, 331, 332, 333, 334, 335, 336, 337, 354, 366, 369, 380, 383, 384, 386, 395, 407, 411, 423, 428, 436, 437, 452, 453, 456, 461, 467, 471, 477, 478, 479, 497, 508, 511, 530, 559, 571, 574, 575, 576, 577, 578, 579, 580, 581, 582, 583, 584, 585, 586, 587, 588, 589, 590, 591, 592, 593, 594, 595, 596, 597, 598, 599, 600, 601, 602, 603, 604, 605, 606, 607, 608, 609, 610, 611, 612, 613, 614, 615, 616, 617, 618, 619, 620, 621, 622, 623, 624, 625, 626, 627, 628, 629, 630, 631, 632, 633, 634, 635, 636, 637, 638, 639, 640, 641, 642, 643, 644, 645, 646, 647, 648, 649, 650, 651, 652, 653, 654, 655, 656, 657, 658, 659, 660, 661, 662, 663, 664, 665, 666, 667, 668, 669, 670, 671, 672, 673, 674, 675, 676, 677, 678, 679, 680, 681, 682, 683, 684, 685, 686, 687, 688, 689, 690, 691, 692, 693, 694, 695, 696, 697, 698, 699, 700, 701, 702, 703, 704, 705, 706, 707, 708, 709, 710, 711, 712, 713, 714, 715, 716, 717, 718, 719, 720, 721, 722, 723, 724, 725, 726, 727, 728, 729, 730, 731, 732, 733, 734, 735, 736, 737, 738, 739, 740, 741, 742, 743, 744, 745, 746, 747, 748, 749, 750, 751, 752, 753, 754, 755, 756, 757, 758, 759, 760, 761, 762, 763, 764, 765, 766, 767, 768, 769, 770, 771, 772, 773, 774, 775, 776, 777, 778, 779, 780, 781, 782, 783, 784, 785, 786, 787, 788, 789, 790, 791, 792, 793, 809, 817, 819, 830, 833, 834, 836, 845, 856, 857, 860, 862, 875, 880, 887, 888, 899, 900, 908, 914, 918, 921, 928, 929, 930]",False,[],"[103, 104, 105, 106, 107, 108, 109, 110, 111, 112, 113, 114, 115, 116, 117, 118, 119, 120, 121, 122, 123, 124, 125, 126, 127, 128, 129, 130, 131, 132, 133, 134, 135, 136, 137, 138, 139, 140, 141, 142, 143, 144, 145, 146, 147, 148, 149, 150, 151, 152, 153, 154, 155, 156, 157, 158, 159, 160, 161, 162, 163, 164, 165, 166, 167, 168, 169, 170, 171, 172, 173, 174, 175, 176, 177, 178, 179, 180, 181, 182, 183, 184, 185, 186, 187, 188, 189, 190, 191, 192, 193, 194, 195, 196, 197, 198, 199, 200, 201, 202, 203, 204, 205, 206, 207, 208, 209, 210, 211, 212, 213, 214, 215, 216, 217, 218, 219, 220, 221, 222, 223, 224, 225, 226, 227, 228, 229, 230, 231, 232, 233, 234, 235, 236, 237, 238, 239, 240, 241, 242, 243, 244, 245, 246, 247, 248, 249, 250, 251, 252, 253, 254, 255, 256, 257, 258, 259, 260, 261, 262, 263, 264, 265, 266, 267, 268, 269, 270, 271, 272, 273, 274, 275, 276, 277, 278, 279, 280, 281, 282, 283, 284, 285, 286, 287, 288, 289, 290, 291, 292, 293, 294, 295, 296, 297, 298, 299, 300, 301, 302, 303, 304, 305, 306, 307, 308, 309, 310, 311, 312, 313, 314, 315, 316, 317, 318, 319, 320, 321, 322, 323, 324, 325, 326, 327, 328, 329, 330, 331, 332, 333, 334, 335, 336, 337, 574, 575, 576, 577, 578, 579, 580, 581, 582, 583, 584, 585, 586, 587, 588, 589, 590, 591, 592, 593, 594, 595, 596, 597, 598, 599, 600, 601, 602, 603, 604, 605, 606, 607, 608, 609, 610, 611, 612, 613, 614, 615, 616, 617, 618, 619, 620, 621, 622, 623, 624, 625, 626, 627, 628, 629, 630, 631, 632, 633, 634, 635, 636, 637, 638, 639, 640, 641, 642, 643, 644, 645, 646, 647, 648, 649, 650, 651, 652, 653, 654, 655, 656, 657, 658, 659, 660, 661, 662, 663, 664, 665, 666, 667, 668, 669, 670, 671, 672, 673, 674, 675, 676, 677, 678, 679, 680, 681, 682, 683, 684, 685, 686, 687, 688, 689, 690, 691, 692, 693, 694, 695, 696, 697, 698, 699, 700, 701, 702, 703, 704, 705, 706, 707, 708, 709, 710, 711, 712, 713, 714, 715, 716, 717, 718, 719, 720, 721, 722, 723, 724, 725, 726, 727, 728, 729, 730, 731, 732, 733, 734, 735, 736, 737, 738, 739, 740, 741, 742, 743, 744, 745, 746, 747, 748, 749, 750, 751, 752, 753, 754, 755, 756, 757, 758, 759, 760, 761, 762, 763, 764, 765, 766, 767, 768, 769, 770, 771, 772, 773, 774, 775, 776, 777, 778, 779, 780, 781, 782, 783, 784, 785, 786, 787, 788, 789, 790, 791, 792, 793]","[220, 299, 758]",[],"[12, 54, 103, 104, 106, 117, 118, 120, 127, 128, 129, 131, 133, 135, 136, 137, 139, 146, 147, 148, 149, 151, 158, 160, 162, 166, 173, 178, 179, 185, 190, 192, 198, 201, 203, 204, 206, 207, 212, 213, 214, 219, 223, 224, 225, 227, 230, 235, 237, 246, 247, 256, 259, 262, 263, 266, 268, 269, 271, 272, 278, 279, 284, 285, 288, 290, 292, 304, 312, 316, 319, 320, 323, 324, 332, 461, 497, 530, 574, 575, 588, 591, 607, 608, 610, 618, 619, 620, 622, 632, 644, 649, 650, 656, 661, 663, 669, 674, 677, 683, 684, 687, 688, 689, 701, 710, 723, 730, 731, 738, 747, 751, 762, 774, 778, 789, 908]","[12, 24, 25, 28, 88, 100, 104, 119, 123, 129, 136, 137, 139, 140, 141, 148, 155, 169, 172, 179, 183, 185, 188, 196, 198, 217, 237, 267, 270, 278, 319, 321, 324, 325, 330, 334, 335, 354, 366, 369, 380, 383, 384, 386, 395, 407, 411, 423, 428, 436, 437, 452, 453, 456, 467, 471, 477, 478, 479, 497, 508, 511, 559, 571, 575, 590, 594, 600, 607, 608, 610, 611, 612, 619, 627, 640, 643, 650, 654, 656, 659, 667, 669, 685, 701, 726, 729, 737, 777, 779, 782, 783, 787, 790, 791, 809, 817, 819, 830, 833, 834, 836, 845, 856, 857, 860, 862, 875, 880, 887, 888, 899, 900, 914, 918, 921, 928, 929, 930]","[12, 24, 25, 28, 88, 100, 104, 119, 123, 129, 136, 137, 139, 140, 141, 148, 155, 169, 172, 179, 183, 185, 188, 196, 198, 217, 237, 267, 270, 278, 319, 321, 324, 325, 330, 334, 335, 354, 366, 369, 380, 383, 384, 386, 395, 407, 411, 423, 428, 436, 437, 452, 453, 456, 467, 471, 477, 478, 479, 497, 508, 511, 559, 571, 575, 590, 594, 600, 607, 608, 610, 611, 612, 619, 627, 640, 643, 650, 654, 656, 659, 667, 669, 685, 701, 726, 729, 737, 777, 779, 782, 783, 787, 790, 791, 809, 817, 819, 830, 833, 834, 836, 845, 856, 857, 860, 862, 875, 880, 887, 888, 899, 900, 914, 918, 921, 928, 929, 930]",4/6 successful match,False,,False,708,False,,,,,
"South El Monte , 91733 Santa Anita Chevron",626-579-6874 CA 60 & Santa Anita Ave N,C,South El Monte,91733,Santa Anita Chevron,626-579-6874,2007,South El Monte,CA,Chevron,,CA 60 & Santa Anita Ave N,empty,,False,,False,CA 60,Ave N,,,,[],[],"[220, 299, 758]",[],"[103, 104, 105, 106, 107, 108, 109, 110, 111, 112, 113, 114, 115, 116, 117, 118, 119, 120, 121, 122, 123, 124, 125, 126, 127, 128, 129, 130, 131, 132, 133, 134, 135, 136, 137, 138, 139, 140, 141, 142, 143, 144, 145, 146, 147, 148, 149, 150, 151, 152, 153, 154, 155, 156, 157, 158, 159, 160, 161, 162, 163, 164, 165, 166, 167, 168, 169, 170, 171, 172, 173, 174, 175, 176, 177, 178, 179, 180, 181, 182, 183, 184, 185, 186, 187, 188, 189, 190, 191, 192, 193, 194, 195, 196, 197, 198, 199, 200, 201, 202, 203, 204, 205, 206, 207, 208, 209, 210, 211, 212, 213, 214, 215, 216, 217, 218, 219, 220, 221, 222, 223, 224, 225, 226, 227, 228, 229, 230, 231, 232, 233, 234, 235, 236, 237, 238, 239, 240, 241, 242, 243, 244, 245, 246, 247, 248, 249, 250, 251, 252, 253, 254, 255, 256, 257, 258, 259, 260, 261, 262, 263, 264, 265, 266, 267, 268, 269, 270, 271, 272, 273, 274, 275, 276, 277, 278, 279, 280, 281, 282, 283, 284, 285, 286, 287, 288, 289, 290, 291, 292, 293, 294, 295, 296, 297, 298, 299, 300, 301, 302, 303, 304, 305, 306, 307, 308, 309, 310, 311, 312, 313, 314, 315, 316, 317, 318, 319, 320, 321, 322, 323, 324, 325, 326, 327, 328, 329, 330, 331, 332, 333, 334, 335, 336, 337, 574, 575, 576, 577, 578, 579, 580, 581, 582, 583, 584, 585, 586, 587, 588, 589, 590, 591, 592, 593, 594, 595, 596, 597, 598, 599, 600, 601, 602, 603, 604, 605, 606, 607, 608, 609, 610, 611, 612, 613, 614, 615, 616, 617, 618, 619, 620, 621, 622, 623, 624, 625, 626, 627, 628, 629, 630, 631, 632, 633, 634, 635, 636, 637, 638, 639, 640, 641, 642, 643, 644, 645, 646, 647, 648, 649, 650, 651, 652, 653, 654, 655, 656, 657, 658, 659, 660, 661, 662, 663, 664, 665, 666, 667, 668, 669, 670, 671, 672, 673, 674, 675, 676, 677, 678, 679, 680, 681, 682, 683, 684, 685, 686, 687, 688, 689, 690, 691, 692, 693, 694, 695, 696, 697, 698, 699, 700, 701, 702, 703, 704, 705, 706, 707, 708, 709, 710, 711, 712, 713, 714, 715, 716, 717, 718, 719, 720, 721, 722, 723, 724, 725, 726, 727, 728, 729, 730, 731, 732, 733, 734, 735, 736, 737, 738, 739, 740, 741, 742, 743, 744, 745, 746, 747, 748, 749, 750, 751, 752, 753, 754, 755, 756, 757, 758, 759, 760, 761, 762, 763, 764, 765, 766, 767, 768, 769, 770, 771, 772, 773, 774, 775, 776, 777, 778, 779, 780, 781, 782, 783, 784, 785, 786, 787, 788, 789, 790, 791, 792, 793]","[12, 54, 103, 104, 106, 117, 118, 120, 127, 128, 129, 131, 133, 135, 136, 137, 139, 146, 147, 148, 149, 151, 158, 160, 162, 166, 173, 178, 179, 185, 190, 192, 198, 201, 203, 204, 206, 207, 212, 213, 214, 219, 223, 224, 225, 227, 230, 235, 237, 246, 247, 256, 259, 262, 263, 266, 268, 269, 271, 272, 278, 279, 284, 285, 288, 290, 292, 304, 312, 316, 319, 320, 323, 324, 332, 461, 497, 530, 574, 575, 588, 591, 607, 608, 610, 618, 619, 620, 622, 632, 644, 649, 650, 656, 661, 663, 669, 674, 677, 683, 684, 687, 688, 689, 701, 710, 723, 730, 731, 738, 747, 751, 762, 774, 778, 789, 908]","[12, 24, 25, 28, 88, 100, 104, 119, 123, 129, 136, 137, 139, 140, 141, 148, 155, 169, 172, 179, 183, 185, 188, 196, 198, 217, 237, 267, 270, 278, 319, 321, 324, 325, 330, 334, 335, 354, 366, 369, 380, 383, 384, 386, 395, 407, 411, 423, 428, 436, 437, 452, 453, 456, 467, 471, 477, 478, 479, 497, 508, 511, 559, 571, 575, 590, 594, 600, 607, 608, 610, 611, 612, 619, 627, 640, 643, 650, 654, 656, 659, 667, 669, 685, 701, 726, 729, 737, 777, 779, 782, 783, 787, 790, 791, 809, 817, 819, 830, 833, 834, 836, 845, 856, 857, 860, 862, 875, 880, 887, 888, 899, 900, 914, 918, 921, 928, 929, 930]","[12, 24, 25, 28, 88, 100, 104, 119, 123, 129, 136, 137, 139, 140, 141, 148, 155, 169, 172, 179, 183, 185, 188, 196, 198, 217, 237, 267, 270, 278, 319, 321, 324, 325, 330, 334, 335, 354, 366, 369, 380, 383, 384, 386, 395, 407, 411, 423, 428, 436, 437, 452, 453, 456, 467, 471, 477, 478, 479, 497, 508, 511, 559, 571, 575, 590, 594, 600, 607, 608, 610, 611, 612, 619, 627, 640, 643, 650, 654, 656, 659, 667, 669, 685, 701, 726, 729, 737, 777, 779, 782, 783, 787, 790, 791, 809, 817, 819, 830, 833, 834, 836, 845, 856, 857, 860, 862, 875, 880, 887, 888, 899, 900, 914, 918, 921, 928, 929, 930]","[12, 24, 25, 28, 54, 88, 100, 103, 104, 105, 106, 107, 108, 109, 110, 111, 112, 113, 114, 115, 116, 117, 118, 119, 120, 121, 122, 123, 124, 125, 126, 127, 128, 129, 130, 131, 132, 133, 134, 135, 136, 137, 138, 139, 140, 141, 142, 143, 144, 145, 146, 147, 148, 149, 150, 151, 152, 153, 154, 155, 156, 157, 158, 159, 160, 161, 162, 163, 164, 165, 166, 167, 168, 169, 170, 171, 172, 173, 174, 175, 176, 177, 178, 179, 180, 181, 182, 183, 184, 185, 186, 187, 188, 189, 190, 191, 192, 193, 194, 195, 196, 197, 198, 199, 200, 201, 202, 203, 204, 205, 206, 207, 208, 209, 210, 211, 212, 213, 214, 215, 216, 217, 218, 219, 220, 221, 222, 223, 224, 225, 226, 227, 228, 229, 230, 231, 232, 233, 234, 235, 236, 237, 238, 239, 240, 241, 242, 243, 244, 245, 246, 247, 248, 249, 250, 251, 252, 253, 254, 255, 256, 257, 258, 259, 260, 261, 262, 263, 264, 265, 266, 267, 268, 269, 270, 271, 272, 273, 274, 275, 276, 277, 278, 279, 280, 281, 282, 283, 284, 285, 286, 287, 288, 289, 290, 291, 292, 293, 294, 295, 296, 297, 298, 299, 300, 301, 302, 303, 304, 305, 306, 307, 308, 309, 310, 311, 312, 313, 314, 315, 316, 317, 318, 319, 320, 321, 322, 323, 324, 325, 326, 327, 328, 329, 330, 331, 332, 333, 334, 335, 336, 337, 354, 366, 369, 380, 383, 384, 386, 395, 407, 411, 423, 428, 436, 437, 452, 453, 456, 461, 467, 471, 477, 478, 479, 497, 508, 511, 530, 559, 571, 574, 575, 576, 577, 578, 579, 580, 581, 582, 583, 584, 585, 586, 587, 588, 589, 590, 591, 592, 593, 594, 595, 596, 597, 598, 599, 600, 601, 602, 603, 604, 605, 606, 607, 608, 609, 610, 611, 612, 613, 614, 615, 616, 617, 618, 619, 620, 621, 622, 623, 624, 625, 626, 627, 628, 629, 630, 631, 632, 633, 634, 635, 636, 637, 638, 639, 640, 641, 642, 643, 644, 645, 646, 647, 648, 649, 650, 651, 652, 653, 654, 655, 656, 657, 658, 659, 660, 661, 662, 663, 664, 665, 666, 667, 668, 669, 670, 671, 672, 673, 674, 675, 676, 677, 678, 679, 680, 681, 682, 683, 684, 685, 686, 687, 688, 689, 690, 691, 692, 693, 694, 695, 696, 697, 698, 699, 700, 701, 702, 703, 704, 705, 706, 707, 708, 709, 710, 711, 712, 713, 714, 715, 716, 717, 718, 719, 720, 721, 722, 723, 724, 725, 726, 727, 728, 729, 730, 731, 732, 733, 734, 735, 736, 737, 738, 739, 740, 741, 742, 743, 744, 745, 746, 747, 748, 749, 750, 751, 752, 753, 754, 755, 756, 757, 758, 759, 760, 761, 762, 763, 764, 765, 766, 767, 768, 769, 770, 771, 772, 773, 774, 775, 776, 777, 778, 779, 780, 781, 782, 783, 784, 785, 786, 787, 788, 789, 790, 791, 792, 793, 809, 817, 819, 830, 833, 834, 836, 845, 856, 857, 860, 862, 875, 880, 887, 888, 899, 900, 908, 914, 918, 921, 928, 929, 930]",False,[],"[103, 104, 105, 106, 107, 108, 109, 110, 111, 112, 113, 114, 115, 116, 117, 118, 119, 120, 121, 122, 123, 124, 125, 126, 127, 128, 129, 130, 131, 132, 133, 134, 135, 136, 137, 138, 139, 140, 141, 142, 143, 144, 145, 146, 147, 148, 149, 150, 151, 152, 153, 154, 155, 156, 157, 158, 159, 160, 161, 162, 163, 164, 165, 166, 167, 168, 169, 170, 171, 172, 173, 174, 175, 176, 177, 178, 179, 180, 181, 182, 183, 184, 185, 186, 187, 188, 189, 190, 191, 192, 193, 194, 195, 196, 197, 198, 199, 200, 201, 202, 203, 204, 205, 206, 207, 208, 209, 210, 211, 212, 213, 214, 215, 216, 217, 218, 219, 220, 221, 222, 223, 224, 225, 226, 227, 228, 229, 230, 231, 232, 233, 234, 235, 236, 237, 238, 239, 240, 241, 242, 243, 244, 245, 246, 247, 248, 249, 250, 251, 252, 253, 254, 255, 256, 257, 258, 259, 260, 261, 262, 263, 264, 265, 266, 267, 268, 269, 270, 271, 272, 273, 274, 275, 276, 277, 278, 279, 280, 281, 282, 283, 284, 285, 286, 287, 288, 289, 290, 291, 292, 293, 294, 295, 296, 297, 298, 299, 300, 301, 302, 303, 304, 305, 306, 307, 308, 309, 310, 311, 312, 313, 314, 315, 316, 317, 318, 319, 320, 321, 322, 323, 324, 325, 326, 327, 328, 329, 330, 331, 332, 333, 334, 335, 336, 337, 574, 575, 576, 577, 578, 579, 580, 581, 582, 583, 584, 585, 586, 587, 588, 589, 590, 591, 592, 593, 594, 595, 596, 597, 598, 599, 600, 601, 602, 603, 604, 605, 606, 607, 608, 609, 610, 611, 612, 613, 614, 615, 616, 617, 618, 619, 620, 621, 622, 623, 624, 625, 626, 627, 628, 629, 630, 631, 632, 633, 634, 635, 636, 637, 638, 639, 640, 641, 642, 643, 644, 645, 646, 647, 648, 649, 650, 651, 652, 653, 654, 655, 656, 657, 658, 659, 660, 661, 662, 663, 664, 665, 666, 667, 668, 669, 670, 671, 672, 673, 674, 675, 676, 677, 678, 679, 680, 681, 682, 683, 684, 685, 686, 687, 688, 689, 690, 691, 692, 693, 694, 695, 696, 697, 698, 699, 700, 701, 702, 703, 704, 705, 706, 707, 708, 709, 710, 711, 712, 713, 714, 715, 716, 717, 718, 719, 720, 721, 722, 723, 724, 725, 726, 727, 728, 729, 730, 731, 732, 733, 734, 735, 736, 737, 738, 739, 740, 741, 742, 743, 744, 745, 746, 747, 748, 749, 750, 751, 752, 753, 754, 755, 756, 757, 758, 759, 760, 761, 762, 763, 764, 765, 766, 767, 768, 769, 770, 771, 772, 773, 774, 775, 776, 777, 778, 779, 780, 781, 782, 783, 784, 785, 786, 787, 788, 789, 790, 791, 792, 793]","[220, 299, 758]",[],"[12, 54, 103, 104, 106, 117, 118, 120, 127, 128, 129, 131, 133, 135, 136, 137, 139, 146, 147, 148, 149, 151, 158, 160, 162, 166, 173, 178, 179, 185, 190, 192, 198, 201, 203, 204, 206, 207, 212, 213, 214, 219, 223, 224, 225, 227, 230, 235, 237, 246, 247, 256, 259, 262, 263, 266, 268, 269, 271, 272, 278, 279, 284, 285, 288, 290, 292, 304, 312, 316, 319, 320, 323, 324, 332, 461, 497, 530, 574, 575, 588, 591, 607, 608, 610, 618, 619, 620, 622, 632, 644, 649, 650, 656, 661, 663, 669, 674, 677, 683, 684, 687, 688, 689, 701, 710, 723, 730, 731, 738, 747, 751, 762, 774, 778, 789, 908]","[12, 24, 25, 28, 88, 100, 104, 119, 123, 129, 136, 137, 139, 140, 141, 148, 155, 169, 172, 179, 183, 185, 188, 196, 198, 217, 237, 267, 270, 278, 319, 321, 324, 325, 330, 334, 335, 354, 366, 369, 380, 383, 384, 386, 395, 407, 411, 423, 428, 436, 437, 452, 453, 456, 467, 471, 477, 478, 479, 497, 508, 511, 559, 571, 575, 590, 594, 600, 607, 608, 610, 611, 612, 619, 627, 640, 643, 650, 654, 656, 659, 667, 669, 685, 701, 726, 729, 737, 777, 779, 782, 783, 787, 790, 791, 809, 817, 819, 830, 833, 834, 836, 845, 856, 857, 860, 862, 875, 880, 887, 888, 899, 900, 914, 918, 921, 928, 929, 930]","[12, 24, 25, 28, 88, 100, 104, 119, 123, 129, 136, 137, 139, 140, 141, 148, 155, 169, 172, 179, 183, 185, 188, 196, 198, 217, 237, 267, 270, 278, 319, 321, 324, 325, 330, 334, 335, 354, 366, 369, 380, 383, 384, 386, 395, 407, 411, 423, 428, 436, 437, 452, 453, 456, 467, 471, 477, 478, 479, 497, 508, 511, 559, 571, 575, 590, 594, 600, 607, 608, 610, 611, 612, 619, 627, 640, 643, 650, 654, 656, 659, 667, 669, 685, 701, 726, 729, 737, 777, 779, 782, 783, 787, 790, 791, 809, 817, 819, 830, 833, 834, 836, 845, 856, 857, 860, 862, 875, 880, 887, 888, 899, 900, 914, 918, 921, 928, 929, 930]",4/6 successful match,False,,False,708,False,,1.0,True,Santa Anita Chevron,Chevron
"South El Monte , 91733 Santa Anita Chevron",5 626-579-6874 CA 60 & Santa Anita Ave N,HRS 24 <U+2610> 00 <U+2610> <U+2610>,South El Monte,91733,Santa Anita Chevron,626-579-6874,2008,South El Monte,CA,Chevron,,CA 60 & Santa Anita Ave N,empty,,False,,False,CA 60,Ave N,,,,[],[],"[220, 299, 758]",[],"[103, 104, 105, 106, 107, 108, 109, 110, 111, 112, 113, 114, 115, 116, 117, 118, 119, 120, 121, 122, 123, 124, 125, 126, 127, 128, 129, 130, 131, 132, 133, 134, 135, 136, 137, 138, 139, 140, 141, 142, 143, 144, 145, 146, 147, 148, 149, 150, 151, 152, 153, 154, 155, 156, 157, 158, 159, 160, 161, 162, 163, 164, 165, 166, 167, 168, 169, 170, 171, 172, 173, 174, 175, 176, 177, 178, 179, 180, 181, 182, 183, 184, 185, 186, 187, 188, 189, 190, 191, 192, 193, 194, 195, 196, 197, 198, 199, 200, 201, 202, 203, 204, 205, 206, 207, 208, 209, 210, 211, 212, 213, 214, 215, 216, 217, 218, 219, 220, 221, 222, 223, 224, 225, 226, 227, 228, 229, 230, 231, 232, 233, 234, 235, 236, 237, 238, 239, 240, 241, 242, 243, 244, 245, 246, 247, 248, 249, 250, 251, 252, 253, 254, 255, 256, 257, 258, 259, 260, 261, 262, 263, 264, 265, 266, 267, 268, 269, 270, 271, 272, 273, 274, 275, 276, 277, 278, 279, 280, 281, 282, 283, 284, 285, 286, 287, 288, 289, 290, 291, 292, 293, 294, 295, 296, 297, 298, 299, 300, 301, 302, 303, 304, 305, 306, 307, 308, 309, 310, 311, 312, 313, 314, 315, 316, 317, 318, 319, 320, 321, 322, 323, 324, 325, 326, 327, 328, 329, 330, 331, 332, 333, 334, 335, 336, 337, 574, 575, 576, 577, 578, 579, 580, 581, 582, 583, 584, 585, 586, 587, 588, 589, 590, 591, 592, 593, 594, 595, 596, 597, 598, 599, 600, 601, 602, 603, 604, 605, 606, 607, 608, 609, 610, 611, 612, 613, 614, 615, 616, 617, 618, 619, 620, 621, 622, 623, 624, 625, 626, 627, 628, 629, 630, 631, 632, 633, 634, 635, 636, 637, 638, 639, 640, 641, 642, 643, 644, 645, 646, 647, 648, 649, 650, 651, 652, 653, 654, 655, 656, 657, 658, 659, 660, 661, 662, 663, 664, 665, 666, 667, 668, 669, 670, 671, 672, 673, 674, 675, 676, 677, 678, 679, 680, 681, 682, 683, 684, 685, 686, 687, 688, 689, 690, 691, 692, 693, 694, 695, 696, 697, 698, 699, 700, 701, 702, 703, 704, 705, 706, 707, 708, 709, 710, 711, 712, 713, 714, 715, 716, 717, 718, 719, 720, 721, 722, 723, 724, 725, 726, 727, 728, 729, 730, 731, 732, 733, 734, 735, 736, 737, 738, 739, 740, 741, 742, 743, 744, 745, 746, 747, 748, 749, 750, 751, 752, 753, 754, 755, 756, 757, 758, 759, 760, 761, 762, 763, 764, 765, 766, 767, 768, 769, 770, 771, 772, 773, 774, 775, 776, 777, 778, 779, 780, 781, 782, 783, 784, 785, 786, 787, 788, 789, 790, 791, 792, 793]","[12, 54, 103, 104, 106, 117, 118, 120, 127, 128, 129, 131, 133, 135, 136, 137, 139, 146, 147, 148, 149, 151, 158, 160, 162, 166, 173, 178, 179, 185, 190, 192, 198, 201, 203, 204, 206, 207, 212, 213, 214, 219, 223, 224, 225, 227, 230, 235, 237, 246, 247, 256, 259, 262, 263, 266, 268, 269, 271, 272, 278, 279, 284, 285, 288, 290, 292, 304, 312, 316, 319, 320, 323, 324, 332, 461, 497, 530, 574, 575, 588, 591, 607, 608, 610, 618, 619, 620, 622, 632, 644, 649, 650, 656, 661, 663, 669, 674, 677, 683, 684, 687, 688, 689, 701, 710, 723, 730, 731, 738, 747, 751, 762, 774, 778, 789, 908]","[12, 24, 25, 28, 88, 100, 104, 119, 123, 129, 136, 137, 139, 140, 141, 148, 155, 169, 172, 179, 183, 185, 188, 196, 198, 217, 237, 267, 270, 278, 319, 321, 324, 325, 330, 334, 335, 354, 366, 369, 380, 383, 384, 386, 395, 407, 411, 423, 428, 436, 437, 452, 453, 456, 467, 471, 477, 478, 479, 497, 508, 511, 559, 571, 575, 590, 594, 600, 607, 608, 610, 611, 612, 619, 627, 640, 643, 650, 654, 656, 659, 667, 669, 685, 701, 726, 729, 737, 777, 779, 782, 783, 787, 790, 791, 809, 817, 819, 830, 833, 834, 836, 845, 856, 857, 860, 862, 875, 880, 887, 888, 899, 900, 914, 918, 921, 928, 929, 930]","[12, 24, 25, 28, 88, 100, 104, 119, 123, 129, 136, 137, 139, 140, 141, 148, 155, 169, 172, 179, 183, 185, 188, 196, 198, 217, 237, 267, 270, 278, 319, 321, 324, 325, 330, 334, 335, 354, 366, 369, 380, 383, 384, 386, 395, 407, 411, 423, 428, 436, 437, 452, 453, 456, 467, 471, 477, 478, 479, 497, 508, 511, 559, 571, 575, 590, 594, 600, 607, 608, 610, 611, 612, 619, 627, 640, 643, 650, 654, 656, 659, 667, 669, 685, 701, 726, 729, 737, 777, 779, 782, 783, 787, 790, 791, 809, 817, 819, 830, 833, 834, 836, 845, 856, 857, 860, 862, 875, 880, 887, 888, 899, 900, 914, 918, 921, 928, 929, 930]","[12, 24, 25, 28, 54, 88, 100, 103, 104, 105, 106, 107, 108, 109, 110, 111, 112, 113, 114, 115, 116, 117, 118, 119, 120, 121, 122, 123, 124, 125, 126, 127, 128, 129, 130, 131, 132, 133, 134, 135, 136, 137, 138, 139, 140, 141, 142, 143, 144, 145, 146, 147, 148, 149, 150, 151, 152, 153, 154, 155, 156, 157, 158, 159, 160, 161, 162, 163, 164, 165, 166, 167, 168, 169, 170, 171, 172, 173, 174, 175, 176, 177, 178, 179, 180, 181, 182, 183, 184, 185, 186, 187, 188, 189, 190, 191, 192, 193, 194, 195, 196, 197, 198, 199, 200, 201, 202, 203, 204, 205, 206, 207, 208, 209, 210, 211, 212, 213, 214, 215, 216, 217, 218, 219, 220, 221, 222, 223, 224, 225, 226, 227, 228, 229, 230, 231, 232, 233, 234, 235, 236, 237, 238, 239, 240, 241, 242, 243, 244, 245, 246, 247, 248, 249, 250, 251, 252, 253, 254, 255, 256, 257, 258, 259, 260, 261, 262, 263, 264, 265, 266, 267, 268, 269, 270, 271, 272, 273, 274, 275, 276, 277, 278, 279, 280, 281, 282, 283, 284, 285, 286, 287, 288, 289, 290, 291, 292, 293, 294, 295, 296, 297, 298, 299, 300, 301, 302, 303, 304, 305, 306, 307, 308, 309, 310, 311, 312, 313, 314, 315, 316, 317, 318, 319, 320, 321, 322, 323, 324, 325, 326, 327, 328, 329, 330, 331, 332, 333, 334, 335, 336, 337, 354, 366, 369, 380, 383, 384, 386, 395, 407, 411, 423, 428, 436, 437, 452, 453, 456, 461, 467, 471, 477, 478, 479, 497, 508, 511, 530, 559, 571, 574, 575, 576, 577, 578, 579, 580, 581, 582, 583, 584, 585, 586, 587, 588, 589, 590, 591, 592, 593, 594, 595, 596, 597, 598, 599, 600, 601, 602, 603, 604, 605, 606, 607, 608, 609, 610, 611, 612, 613, 614, 615, 616, 617, 618, 619, 620, 621, 622, 623, 624, 625, 626, 627, 628, 629, 630, 631, 632, 633, 634, 635, 636, 637, 638, 639, 640, 641, 642, 643, 644, 645, 646, 647, 648, 649, 650, 651, 652, 653, 654, 655, 656, 657, 658, 659, 660, 661, 662, 663, 664, 665, 666, 667, 668, 669, 670, 671, 672, 673, 674, 675, 676, 677, 678, 679, 680, 681, 682, 683, 684, 685, 686, 687, 688, 689, 690, 691, 692, 693, 694, 695, 696, 697, 698, 699, 700, 701, 702, 703, 704, 705, 706, 707, 708, 709, 710, 711, 712, 713, 714, 715, 716, 717, 718, 719, 720, 721, 722, 723, 724, 725, 726, 727, 728, 729, 730, 731, 732, 733, 734, 735, 736, 737, 738, 739, 740, 741, 742, 743, 744, 745, 746, 747, 748, 749, 750, 751, 752, 753, 754, 755, 756, 757, 758, 759, 760, 761, 762, 763, 764, 765, 766, 767, 768, 769, 770, 771, 772, 773, 774, 775, 776, 777, 778, 779, 780, 781, 782, 783, 784, 785, 786, 787, 788, 789, 790, 791, 792, 793, 809, 817, 819, 830, 833, 834, 836, 845, 856, 857, 860, 862, 875, 880, 887, 888, 899, 900, 908, 914, 918, 921, 928, 929, 930]",False,[],"[103, 104, 105, 106, 107, 108, 109, 110, 111, 112, 113, 114, 115, 116, 117, 118, 119, 120, 121, 122, 123, 124, 125, 126, 127, 128, 129, 130, 131, 132, 133, 134, 135, 136, 137, 138, 139, 140, 141, 142, 143, 144, 145, 146, 147, 148, 149, 150, 151, 152, 153, 154, 155, 156, 157, 158, 159, 160, 161, 162, 163, 164, 165, 166, 167, 168, 169, 170, 171, 172, 173, 174, 175, 176, 177, 178, 179, 180, 181, 182, 183, 184, 185, 186, 187, 188, 189, 190, 191, 192, 193, 194, 195, 196, 197, 198, 199, 200, 201, 202, 203, 204, 205, 206, 207, 208, 209, 210, 211, 212, 213, 214, 215, 216, 217, 218, 219, 220, 221, 222, 223, 224, 225, 226, 227, 228, 229, 230, 231, 232, 233, 234, 235, 236, 237, 238, 239, 240, 241, 242, 243, 244, 245, 246, 247, 248, 249, 250, 251, 252, 253, 254, 255, 256, 257, 258, 259, 260, 261, 262, 263, 264, 265, 266, 267, 268, 269, 270, 271, 272, 273, 274, 275, 276, 277, 278, 279, 280, 281, 282, 283, 284, 285, 286, 287, 288, 289, 290, 291, 292, 293, 294, 295, 296, 297, 298, 299, 300, 301, 302, 303, 304, 305, 306, 307, 308, 309, 310, 311, 312, 313, 314, 315, 316, 317, 318, 319, 320, 321, 322, 323, 324, 325, 326, 327, 328, 329, 330, 331, 332, 333, 334, 335, 336, 337, 574, 575, 576, 577, 578, 579, 580, 581, 582, 583, 584, 585, 586, 587, 588, 589, 590, 591, 592, 593, 594, 595, 596, 597, 598, 599, 600, 601, 602, 603, 604, 605, 606, 607, 608, 609, 610, 611, 612, 613, 614, 615, 616, 617, 618, 619, 620, 621, 622, 623, 624, 625, 626, 627, 628, 629, 630, 631, 632, 633, 634, 635, 636, 637, 638, 639, 640, 641, 642, 643, 644, 645, 646, 647, 648, 649, 650, 651, 652, 653, 654, 655, 656, 657, 658, 659, 660, 661, 662, 663, 664, 665, 666, 667, 668, 669, 670, 671, 672, 673, 674, 675, 676, 677, 678, 679, 680, 681, 682, 683, 684, 685, 686, 687, 688, 689, 690, 691, 692, 693, 694, 695, 696, 697, 698, 699, 700, 701, 702, 703, 704, 705, 706, 707, 708, 709, 710, 711, 712, 713, 714, 715, 716, 717, 718, 719, 720, 721, 722, 723, 724, 725, 726, 727, 728, 729, 730, 731, 732, 733, 734, 735, 736, 737, 738, 739, 740, 741, 742, 743, 744, 745, 746, 747, 748, 749, 750, 751, 752, 753, 754, 755, 756, 757, 758, 759, 760, 761, 762, 763, 764, 765, 766, 767, 768, 769, 770, 771, 772, 773, 774, 775, 776, 777, 778, 779, 780, 781, 782, 783, 784, 785, 786, 787, 788, 789, 790, 791, 792, 793]","[220, 299, 758]",[],"[12, 54, 103, 104, 106, 117, 118, 120, 127, 128, 129, 131, 133, 135, 136, 137, 139, 146, 147, 148, 149, 151, 158, 160, 162, 166, 173, 178, 179, 185, 190, 192, 198, 201, 203, 204, 206, 207, 212, 213, 214, 219, 223, 224, 225, 227, 230, 235, 237, 246, 247, 256, 259, 262, 263, 266, 268, 269, 271, 272, 278, 279, 284, 285, 288, 290, 292, 304, 312, 316, 319, 320, 323, 324, 332, 461, 497, 530, 574, 575, 588, 591, 607, 608, 610, 618, 619, 620, 622, 632, 644, 649, 650, 656, 661, 663, 669, 674, 677, 683, 684, 687, 688, 689, 701, 710, 723, 730, 731, 738, 747, 751, 762, 774, 778, 789, 908]","[12, 24, 25, 28, 88, 100, 104, 119, 123, 129, 136, 137, 139, 140, 141, 148, 155, 169, 172, 179, 183, 185, 188, 196, 198, 217, 237, 267, 270, 278, 319, 321, 324, 325, 330, 334, 335, 354, 366, 369, 380, 383, 384, 386, 395, 407, 411, 423, 428, 436, 437, 452, 453, 456, 467, 471, 477, 478, 479, 497, 508, 511, 559, 571, 575, 590, 594, 600, 607, 608, 610, 611, 612, 619, 627, 640, 643, 650, 654, 656, 659, 667, 669, 685, 701, 726, 729, 737, 777, 779, 782, 783, 787, 790, 791, 809, 817, 819, 830, 833, 834, 836, 845, 856, 857, 860, 862, 875, 880, 887, 888, 899, 900, 914, 918, 921, 928, 929, 930]","[12, 24, 25, 28, 88, 100, 104, 119, 123, 129, 136, 137, 139, 140, 141, 148, 155, 169, 172, 179, 183, 185, 188, 196, 198, 217, 237, 267, 270, 278, 319, 321, 324, 325, 330, 334, 335, 354, 366, 369, 380, 383, 384, 386, 395, 407, 411, 423, 428, 436, 437, 452, 453, 456, 467, 471, 477, 478, 479, 497, 508, 511, 559, 571, 575, 590, 594, 600, 607, 608, 610, 611, 612, 619, 627, 640, 643, 650, 654, 656, 659, 667, 669, 685, 701, 726, 729, 737, 777, 779, 782, 783, 787, 790, 791, 809, 817, 819, 830, 833, 834, 836, 845, 856, 857, 860, 862, 875, 880, 887, 888, 899, 900, 914, 918, 921, 928, 929, 930]",4/6 successful match,False,,False,708,False,,1.0,True,Santa Anita Chevron,Chevron
"Alpine , 91901 Tavern Road Fuel Stop",619-445-5118 I-8 Exit 30 ( Tavern Rd ),000 000,Alpine,91901,Tavern Road Fuel Stop,619-445-5118,2006,Alpine,CA,,( Tavern Rd ),I-8 Exit 30 ,Exit,30,False,,False,I-8,,,,,[],"[119, 590]","[119, 590]","[119, 590]","[103, 104, 105, 106, 107, 108, 109, 110, 111, 112, 113, 114, 115, 116, 117, 118, 119, 120, 121, 122, 123, 124, 125, 126, 127, 128, 129, 130, 131, 132, 133, 134, 135, 136, 137, 138, 139, 140, 141, 142, 143, 144, 145, 146, 147, 148, 149, 150, 151, 152, 153, 154, 155, 156, 157, 158, 159, 160, 161, 162, 163, 164, 165, 166, 167, 168, 169, 170, 171, 172, 173, 174, 175, 176, 177, 178, 179, 180, 181, 182, 183, 184, 185, 186, 187, 188, 189, 190, 191, 192, 193, 194, 195, 196, 197, 198, 199, 200, 201, 202, 203, 204, 205, 206, 207, 208, 209, 210, 211, 212, 213, 214, 215, 216, 217, 218, 219, 220, 221, 222, 223, 224, 225, 226, 227, 228, 229, 230, 231, 232, 233, 234, 235, 236, 237, 238, 239, 240, 241, 242, 243, 244, 245, 246, 247, 248, 249, 250, 251, 252, 253, 254, 255, 256, 257, 258, 259, 260, 261, 262, 263, 264, 265, 266, 267, 268, 269, 270, 271, 272, 273, 274, 275, 276, 277, 278, 279, 280, 281, 282, 283, 284, 285, 286, 287, 288, 289, 290, 291, 292, 293, 294, 295, 296, 297, 298, 299, 300, 301, 302, 303, 304, 305, 306, 307, 308, 309, 310, 311, 312, 313, 314, 315, 316, 317, 318, 319, 320, 321, 322, 323, 324, 325, 326, 327, 328, 329, 330, 331, 332, 333, 334, 335, 336, 337, 574, 575, 576, 577, 578, 579, 580, 581, 582, 583, 584, 585, 586, 587, 588, 589, 590, 591, 592, 593, 594, 595, 596, 597, 598, 599, 600, 601, 602, 603, 604, 605, 606, 607, 608, 609, 610, 611, 612, 613, 614, 615, 616, 617, 618, 619, 620, 621, 622, 623, 624, 625, 626, 627, 628, 629, 630, 631, 632, 633, 634, 635, 636, 637, 638, 639, 640, 641, 642, 643, 644, 645, 646, 647, 648, 649, 650, 651, 652, 653, 654, 655, 656, 657, 658, 659, 660, 661, 662, 663, 664, 665, 666, 667, 668, 669, 670, 671, 672, 673, 674, 675, 676, 677, 678, 679, 680, 681, 682, 683, 684, 685, 686, 687, 688, 689, 690, 691, 692, 693, 694, 695, 696, 697, 698, 699, 700, 701, 702, 703, 704, 705, 706, 707, 708, 709, 710, 711, 712, 713, 714, 715, 716, 717, 718, 719, 720, 721, 722, 723, 724, 725, 726, 727, 728, 729, 730, 731, 732, 733, 734, 735, 736, 737, 738, 739, 740, 741, 742, 743, 744, 745, 746, 747, 748, 749, 750, 751, 752, 753, 754, 755, 756, 757, 758, 759, 760, 761, 762, 763, 764, 765, 766, 767, 768, 769, 770, 771, 772, 773, 774, 775, 776, 777, 778, 779, 780, 781, 782, 783, 784, 785, 786, 787, 788, 789, 790, 791, 792, 793]","[17, 25, 39, 41, 50, 55, 57, 59, 69, 78, 119, 174, 188, 189, 220, 250, 299, 486, 502, 520, 522, 532, 534, 535, 544, 590, 645, 659, 660, 713, 758]",[],[],"[17, 25, 39, 41, 50, 55, 57, 59, 69, 78, 103, 104, 105, 106, 107, 108, 109, 110, 111, 112, 113, 114, 115, 116, 117, 118, 119, 120, 121, 122, 123, 124, 125, 126, 127, 128, 129, 130, 131, 132, 133, 134, 135, 136, 137, 138, 139, 140, 141, 142, 143, 144, 145, 146, 147, 148, 149, 150, 151, 152, 153, 154, 155, 156, 157, 158, 159, 160, 161, 162, 163, 164, 165, 166, 167, 168, 169, 170, 171, 172, 173, 174, 175, 176, 177, 178, 179, 180, 181, 182, 183, 184, 185, 186, 187, 188, 189, 190, 191, 192, 193, 194, 195, 196, 197, 198, 199, 200, 201, 202, 203, 204, 205, 206, 207, 208, 209, 210, 211, 212, 213, 214, 215, 216, 217, 218, 219, 220, 221, 222, 223, 224, 225, 226, 227, 228, 229, 230, 231, 232, 233, 234, 235, 236, 237, 238, 239, 240, 241, 242, 243, 244, 245, 246, 247, 248, 249, 250, 251, 252, 253, 254, 255, 256, 257, 258, 259, 260, 261, 262, 263, 264, 265, 266, 267, 268, 269, 270, 271, 272, 273, 274, 275, 276, 277, 278, 279, 280, 281, 282, 283, 284, 285, 286, 287, 288, 289, 290, 291, 292, 293, 294, 295, 296, 297, 298, 299, 300, 301, 302, 303, 304, 305, 306, 307, 308, 309, 310, 311, 312, 313, 314, 315, 316, 317, 318, 319, 320, 321, 322, 323, 324, 325, 326, 327, 328, 329, 330, 331, 332, 333, 334, 335, 336, 337, 486, 502, 520, 522, 532, 534, 535, 544, 574, 575, 576, 577, 578, 579, 580, 581, 582, 583, 584, 585, 586, 587, 588, 589, 590, 591, 592, 593, 594, 595, 596, 597, 598, 599, 600, 601, 602, 603, 604, 605, 606, 607, 608, 609, 610, 611, 612, 613, 614, 615, 616, 617, 618, 619, 620, 621, 622, 623, 624, 625, 626, 627, 628, 629, 630, 631, 632, 633, 634, 635, 636, 637, 638, 639, 640, 641, 642, 643, 644, 645, 646, 647, 648, 649, 650, 651, 652, 653, 654, 655, 656, 657, 658, 659, 660, 661, 662, 663, 664, 665, 666, 667, 668, 669, 670, 671, 672, 673, 674, 675, 676, 677, 678, 679, 680, 681, 682, 683, 684, 685, 686, 687, 688, 689, 690, 691, 692, 693, 694, 695, 696, 697, 698, 699, 700, 701, 702, 703, 704, 705, 706, 707, 708, 709, 710, 711, 712, 713, 714, 715, 716, 717, 718, 719, 720, 721, 722, 723, 724, 725, 726, 727, 728, 729, 730, 731, 732, 733, 734, 735, 736, 737, 738, 739, 740, 741, 742, 743, 744, 745, 746, 747, 748, 749, 750, 751, 752, 753, 754, 755, 756, 757, 758, 759, 760, 761, 762, 763, 764, 765, 766, 767, 768, 769, 770, 771, 772, 773, 774, 775, 776, 777, 778, 779, 780, 781, 782, 783, 784, 785, 786, 787, 788, 789, 790, 791, 792, 793]",False,"[119, 590]","[103, 104, 105, 106, 107, 108, 109, 110, 111, 112, 113, 114, 115, 116, 117, 118, 119, 120, 121, 122, 123, 124, 125, 126, 127, 128, 129, 130, 131, 132, 133, 134, 135, 136, 137, 138, 139, 140, 141, 142, 143, 144, 145, 146, 147, 148, 149, 150, 151, 152, 153, 154, 155, 156, 157, 158, 159, 160, 161, 162, 163, 164, 165, 166, 167, 168, 169, 170, 171, 172, 173, 174, 175, 176, 177, 178, 179, 180, 181, 182, 183, 184, 185, 186, 187, 188, 189, 190, 191, 192, 193, 194, 195, 196, 197, 198, 199, 200, 201, 202, 203, 204, 205, 206, 207, 208, 209, 210, 211, 212, 213, 214, 215, 216, 217, 218, 219, 220, 221, 222, 223, 224, 225, 226, 227, 228, 229, 230, 231, 232, 233, 234, 235, 236, 237, 238, 239, 240, 241, 242, 243, 244, 245, 246, 247, 248, 249, 250, 251, 252, 253, 254, 255, 256, 257, 258, 259, 260, 261, 262, 263, 264, 265, 266, 267, 268, 269, 270, 271, 272, 273, 274, 275, 276, 277, 278, 279, 280, 281, 282, 283, 284, 285, 286, 287, 288, 289, 290, 291, 292, 293, 294, 295, 296, 297, 298, 299, 300, 301, 302, 303, 304, 305, 306, 307, 308, 309, 310, 311, 312, 313, 314, 315, 316, 317, 318, 319, 320, 321, 322, 323, 324, 325, 326, 327, 328, 329, 330, 331, 332, 333, 334, 335, 336, 337, 574, 575, 576, 577, 578, 579, 580, 581, 582, 583, 584, 585, 586, 587, 588, 589, 590, 591, 592, 593, 594, 595, 596, 597, 598, 599, 600, 601, 602, 603, 604, 605, 606, 607, 608, 609, 610, 611, 612, 613, 614, 615, 616, 617, 618, 619, 620, 621, 622, 623, 624, 625, 626, 627, 628, 629, 630, 631, 632, 633, 634, 635, 636, 637, 638, 639, 640, 641, 642, 643, 644, 645, 646, 647, 648, 649, 650, 651, 652, 653, 654, 655, 656, 657, 658, 659, 660, 661, 662, 663, 664, 665, 666, 667, 668, 669, 670, 671, 672, 673, 674, 675, 676, 677, 678, 679, 680, 681, 682, 683, 684, 685, 686, 687, 688, 689, 690, 691, 692, 693, 694, 695, 696, 697, 698, 699, 700, 701, 702, 703, 704, 705, 706, 707, 708, 709, 710, 711, 712, 713, 714, 715, 716, 717, 718, 719, 720, 721, 722, 723, 724, 725, 726, 727, 728, 729, 730, 731, 732, 733, 734, 735, 736, 737, 738, 739, 740, 741, 742, 743, 744, 745, 746, 747, 748, 749, 750, 751, 752, 753, 754, 755, 756, 757, 758, 759, 760, 761, 762, 763, 764, 765, 766, 767, 768, 769, 770, 771, 772, 773, 774, 775, 776, 777, 778, 779, 780, 781, 782, 783, 784, 785, 786, 787, 788, 789, 790, 791, 792, 793]","[119, 590]","[119, 590]","[17, 25, 39, 41, 50, 55, 57, 59, 69, 78, 119, 174, 188, 189, 220, 250, 299, 486, 502, 520, 522, 532, 534, 535, 544, 590, 645, 659, 660, 713, 758]",[],[],7/6 successful match,False,,False,709,False,,,,,
"J Alpine , 91901 Tavern Road Fuel Stop",619-445-5118 I-8 Exit 30 ( Tavern Rd ),,Alpine,91901,Tavern Road Fuel Stop,619-445-5118,2007,Alpine,CA,,( Tavern Rd ),I-8 Exit 30 ,Exit,30,False,,False,I-8,,,,,[],"[119, 590]","[119, 590]","[119, 590]","[103, 104, 105, 106, 107, 108, 109, 110, 111, 112, 113, 114, 115, 116, 117, 118, 119, 120, 121, 122, 123, 124, 125, 126, 127, 128, 129, 130, 131, 132, 133, 134, 135, 136, 137, 138, 139, 140, 141, 142, 143, 144, 145, 146, 147, 148, 149, 150, 151, 152, 153, 154, 155, 156, 157, 158, 159, 160, 161, 162, 163, 164, 165, 166, 167, 168, 169, 170, 171, 172, 173, 174, 175, 176, 177, 178, 179, 180, 181, 182, 183, 184, 185, 186, 187, 188, 189, 190, 191, 192, 193, 194, 195, 196, 197, 198, 199, 200, 201, 202, 203, 204, 205, 206, 207, 208, 209, 210, 211, 212, 213, 214, 215, 216, 217, 218, 219, 220, 221, 222, 223, 224, 225, 226, 227, 228, 229, 230, 231, 232, 233, 234, 235, 236, 237, 238, 239, 240, 241, 242, 243, 244, 245, 246, 247, 248, 249, 250, 251, 252, 253, 254, 255, 256, 257, 258, 259, 260, 261, 262, 263, 264, 265, 266, 267, 268, 269, 270, 271, 272, 273, 274, 275, 276, 277, 278, 279, 280, 281, 282, 283, 284, 285, 286, 287, 288, 289, 290, 291, 292, 293, 294, 295, 296, 297, 298, 299, 300, 301, 302, 303, 304, 305, 306, 307, 308, 309, 310, 311, 312, 313, 314, 315, 316, 317, 318, 319, 320, 321, 322, 323, 324, 325, 326, 327, 328, 329, 330, 331, 332, 333, 334, 335, 336, 337, 574, 575, 576, 577, 578, 579, 580, 581, 582, 583, 584, 585, 586, 587, 588, 589, 590, 591, 592, 593, 594, 595, 596, 597, 598, 599, 600, 601, 602, 603, 604, 605, 606, 607, 608, 609, 610, 611, 612, 613, 614, 615, 616, 617, 618, 619, 620, 621, 622, 623, 624, 625, 626, 627, 628, 629, 630, 631, 632, 633, 634, 635, 636, 637, 638, 639, 640, 641, 642, 643, 644, 645, 646, 647, 648, 649, 650, 651, 652, 653, 654, 655, 656, 657, 658, 659, 660, 661, 662, 663, 664, 665, 666, 667, 668, 669, 670, 671, 672, 673, 674, 675, 676, 677, 678, 679, 680, 681, 682, 683, 684, 685, 686, 687, 688, 689, 690, 691, 692, 693, 694, 695, 696, 697, 698, 699, 700, 701, 702, 703, 704, 705, 706, 707, 708, 709, 710, 711, 712, 713, 714, 715, 716, 717, 718, 719, 720, 721, 722, 723, 724, 725, 726, 727, 728, 729, 730, 731, 732, 733, 734, 735, 736, 737, 738, 739, 740, 741, 742, 743, 744, 745, 746, 747, 748, 749, 750, 751, 752, 753, 754, 755, 756, 757, 758, 759, 760, 761, 762, 763, 764, 765, 766, 767, 768, 769, 770, 771, 772, 773, 774, 775, 776, 777, 778, 779, 780, 781, 782, 783, 784, 785, 786, 787, 788, 789, 790, 791, 792, 793]","[17, 25, 39, 41, 50, 55, 57, 59, 69, 78, 119, 174, 188, 189, 220, 250, 299, 486, 502, 520, 522, 532, 534, 535, 544, 590, 645, 659, 660, 713, 758]",[],[],"[17, 25, 39, 41, 50, 55, 57, 59, 69, 78, 103, 104, 105, 106, 107, 108, 109, 110, 111, 112, 113, 114, 115, 116, 117, 118, 119, 120, 121, 122, 123, 124, 125, 126, 127, 128, 129, 130, 131, 132, 133, 134, 135, 136, 137, 138, 139, 140, 141, 142, 143, 144, 145, 146, 147, 148, 149, 150, 151, 152, 153, 154, 155, 156, 157, 158, 159, 160, 161, 162, 163, 164, 165, 166, 167, 168, 169, 170, 171, 172, 173, 174, 175, 176, 177, 178, 179, 180, 181, 182, 183, 184, 185, 186, 187, 188, 189, 190, 191, 192, 193, 194, 195, 196, 197, 198, 199, 200, 201, 202, 203, 204, 205, 206, 207, 208, 209, 210, 211, 212, 213, 214, 215, 216, 217, 218, 219, 220, 221, 222, 223, 224, 225, 226, 227, 228, 229, 230, 231, 232, 233, 234, 235, 236, 237, 238, 239, 240, 241, 242, 243, 244, 245, 246, 247, 248, 249, 250, 251, 252, 253, 254, 255, 256, 257, 258, 259, 260, 261, 262, 263, 264, 265, 266, 267, 268, 269, 270, 271, 272, 273, 274, 275, 276, 277, 278, 279, 280, 281, 282, 283, 284, 285, 286, 287, 288, 289, 290, 291, 292, 293, 294, 295, 296, 297, 298, 299, 300, 301, 302, 303, 304, 305, 306, 307, 308, 309, 310, 311, 312, 313, 314, 315, 316, 317, 318, 319, 320, 321, 322, 323, 324, 325, 326, 327, 328, 329, 330, 331, 332, 333, 334, 335, 336, 337, 486, 502, 520, 522, 532, 534, 535, 544, 574, 575, 576, 577, 578, 579, 580, 581, 582, 583, 584, 585, 586, 587, 588, 589, 590, 591, 592, 593, 594, 595, 596, 597, 598, 599, 600, 601, 602, 603, 604, 605, 606, 607, 608, 609, 610, 611, 612, 613, 614, 615, 616, 617, 618, 619, 620, 621, 622, 623, 624, 625, 626, 627, 628, 629, 630, 631, 632, 633, 634, 635, 636, 637, 638, 639, 640, 641, 642, 643, 644, 645, 646, 647, 648, 649, 650, 651, 652, 653, 654, 655, 656, 657, 658, 659, 660, 661, 662, 663, 664, 665, 666, 667, 668, 669, 670, 671, 672, 673, 674, 675, 676, 677, 678, 679, 680, 681, 682, 683, 684, 685, 686, 687, 688, 689, 690, 691, 692, 693, 694, 695, 696, 697, 698, 699, 700, 701, 702, 703, 704, 705, 706, 707, 708, 709, 710, 711, 712, 713, 714, 715, 716, 717, 718, 719, 720, 721, 722, 723, 724, 725, 726, 727, 728, 729, 730, 731, 732, 733, 734, 735, 736, 737, 738, 739, 740, 741, 742, 743, 744, 745, 746, 747, 748, 749, 750, 751, 752, 753, 754, 755, 756, 757, 758, 759, 760, 761, 762, 763, 764, 765, 766, 767, 768, 769, 770, 771, 772, 773, 774, 775, 776, 777, 778, 779, 780, 781, 782, 783, 784, 785, 786, 787, 788, 789, 790, 791, 792, 793]",False,"[119, 590]","[103, 104, 105, 106, 107, 108, 109, 110, 111, 112, 113, 114, 115, 116, 117, 118, 119, 120, 121, 122, 123, 124, 125, 126, 127, 128, 129, 130, 131, 132, 133, 134, 135, 136, 137, 138, 139, 140, 141, 142, 143, 144, 145, 146, 147, 148, 149, 150, 151, 152, 153, 154, 155, 156, 157, 158, 159, 160, 161, 162, 163, 164, 165, 166, 167, 168, 169, 170, 171, 172, 173, 174, 175, 176, 177, 178, 179, 180, 181, 182, 183, 184, 185, 186, 187, 188, 189, 190, 191, 192, 193, 194, 195, 196, 197, 198, 199, 200, 201, 202, 203, 204, 205, 206, 207, 208, 209, 210, 211, 212, 213, 214, 215, 216, 217, 218, 219, 220, 221, 222, 223, 224, 225, 226, 227, 228, 229, 230, 231, 232, 233, 234, 235, 236, 237, 238, 239, 240, 241, 242, 243, 244, 245, 246, 247, 248, 249, 250, 251, 252, 253, 254, 255, 256, 257, 258, 259, 260, 261, 262, 263, 264, 265, 266, 267, 268, 269, 270, 271, 272, 273, 274, 275, 276, 277, 278, 279, 280, 281, 282, 283, 284, 285, 286, 287, 288, 289, 290, 291, 292, 293, 294, 295, 296, 297, 298, 299, 300, 301, 302, 303, 304, 305, 306, 307, 308, 309, 310, 311, 312, 313, 314, 315, 316, 317, 318, 319, 320, 321, 322, 323, 324, 325, 326, 327, 328, 329, 330, 331, 332, 333, 334, 335, 336, 337, 574, 575, 576, 577, 578, 579, 580, 581, 582, 583, 584, 585, 586, 587, 588, 589, 590, 591, 592, 593, 594, 595, 596, 597, 598, 599, 600, 601, 602, 603, 604, 605, 606, 607, 608, 609, 610, 611, 612, 613, 614, 615, 616, 617, 618, 619, 620, 621, 622, 623, 624, 625, 626, 627, 628, 629, 630, 631, 632, 633, 634, 635, 636, 637, 638, 639, 640, 641, 642, 643, 644, 645, 646, 647, 648, 649, 650, 651, 652, 653, 654, 655, 656, 657, 658, 659, 660, 661, 662, 663, 664, 665, 666, 667, 668, 669, 670, 671, 672, 673, 674, 675, 676, 677, 678, 679, 680, 681, 682, 683, 684, 685, 686, 687, 688, 689, 690, 691, 692, 693, 694, 695, 696, 697, 698, 699, 700, 701, 702, 703, 704, 705, 706, 707, 708, 709, 710, 711, 712, 713, 714, 715, 716, 717, 718, 719, 720, 721, 722, 723, 724, 725, 726, 727, 728, 729, 730, 731, 732, 733, 734, 735, 736, 737, 738, 739, 740, 741, 742, 743, 744, 745, 746, 747, 748, 749, 750, 751, 752, 753, 754, 755, 756, 757, 758, 759, 760, 761, 762, 763, 764, 765, 766, 767, 768, 769, 770, 771, 772, 773, 774, 775, 776, 777, 778, 779, 780, 781, 782, 783, 784, 785, 786, 787, 788, 789, 790, 791, 792, 793]","[119, 590]","[119, 590]","[17, 25, 39, 41, 50, 55, 57, 59, 69, 78, 119, 174, 188, 189, 220, 250, 299, 486, 502, 520, 522, 532, 534, 535, 544, 590, 645, 659, 660, 713, 758]",[],[],7/6 successful match,False,,False,709,False,,1.0,True,Tavern Road Fuel Stop,
"Alpine , 91901 Alpine Valero",619-445-5260 I-8 Exit 30 ( Tavern Rd ),O,Alpine,91901,Alpine Valero,619-445-5260,2006,Alpine,CA,Valero,( Tavern Rd ),I-8 Exit 30 ,Exit,30,False,,False,I-8,,,,,[],"[119, 590]","[119, 590]","[119, 590]","[103, 104, 105, 106, 107, 108, 109, 110, 111, 112, 113, 114, 115, 116, 117, 118, 119, 120, 121, 122, 123, 124, 125, 126, 127, 128, 129, 130, 131, 132, 133, 134, 135, 136, 137, 138, 139, 140, 141, 142, 143, 144, 145, 146, 147, 148, 149, 150, 151, 152, 153, 154, 155, 156, 157, 158, 159, 160, 161, 162, 163, 164, 165, 166, 167, 168, 169, 170, 171, 172, 173, 174, 175, 176, 177, 178, 179, 180, 181, 182, 183, 184, 185, 186, 187, 188, 189, 190, 191, 192, 193, 194, 195, 196, 197, 198, 199, 200, 201, 202, 203, 204, 205, 206, 207, 208, 209, 210, 211, 212, 213, 214, 215, 216, 217, 218, 219, 220, 221, 222, 223, 224, 225, 226, 227, 228, 229, 230, 231, 232, 233, 234, 235, 236, 237, 238, 239, 240, 241, 242, 243, 244, 245, 246, 247, 248, 249, 250, 251, 252, 253, 254, 255, 256, 257, 258, 259, 260, 261, 262, 263, 264, 265, 266, 267, 268, 269, 270, 271, 272, 273, 274, 275, 276, 277, 278, 279, 280, 281, 282, 283, 284, 285, 286, 287, 288, 289, 290, 291, 292, 293, 294, 295, 296, 297, 298, 299, 300, 301, 302, 303, 304, 305, 306, 307, 308, 309, 310, 311, 312, 313, 314, 315, 316, 317, 318, 319, 320, 321, 322, 323, 324, 325, 326, 327, 328, 329, 330, 331, 332, 333, 334, 335, 336, 337, 574, 575, 576, 577, 578, 579, 580, 581, 582, 583, 584, 585, 586, 587, 588, 589, 590, 591, 592, 593, 594, 595, 596, 597, 598, 599, 600, 601, 602, 603, 604, 605, 606, 607, 608, 609, 610, 611, 612, 613, 614, 615, 616, 617, 618, 619, 620, 621, 622, 623, 624, 625, 626, 627, 628, 629, 630, 631, 632, 633, 634, 635, 636, 637, 638, 639, 640, 641, 642, 643, 644, 645, 646, 647, 648, 649, 650, 651, 652, 653, 654, 655, 656, 657, 658, 659, 660, 661, 662, 663, 664, 665, 666, 667, 668, 669, 670, 671, 672, 673, 674, 675, 676, 677, 678, 679, 680, 681, 682, 683, 684, 685, 686, 687, 688, 689, 690, 691, 692, 693, 694, 695, 696, 697, 698, 699, 700, 701, 702, 703, 704, 705, 706, 707, 708, 709, 710, 711, 712, 713, 714, 715, 716, 717, 718, 719, 720, 721, 722, 723, 724, 725, 726, 727, 728, 729, 730, 731, 732, 733, 734, 735, 736, 737, 738, 739, 740, 741, 742, 743, 744, 745, 746, 747, 748, 749, 750, 751, 752, 753, 754, 755, 756, 757, 758, 759, 760, 761, 762, 763, 764, 765, 766, 767, 768, 769, 770, 771, 772, 773, 774, 775, 776, 777, 778, 779, 780, 781, 782, 783, 784, 785, 786, 787, 788, 789, 790, 791, 792, 793]","[17, 25, 39, 41, 50, 55, 57, 59, 69, 78, 119, 174, 188, 189, 220, 250, 299, 486, 502, 520, 522, 532, 534, 535, 544, 590, 645, 659, 660, 713, 758]","[2, 9, 10, 82, 111, 112, 113, 199, 279, 284, 285, 300, 488, 494, 495, 553, 581, 582, 583, 670, 738, 743, 744, 759, 818]","[2, 9, 10, 82, 111, 112, 113, 119, 199, 279, 284, 285, 300, 488, 494, 495, 553, 581, 582, 583, 590, 670, 738, 743, 744, 759, 818]","[2, 9, 10, 17, 25, 39, 41, 50, 55, 57, 59, 69, 78, 82, 103, 104, 105, 106, 107, 108, 109, 110, 111, 112, 113, 114, 115, 116, 117, 118, 119, 120, 121, 122, 123, 124, 125, 126, 127, 128, 129, 130, 131, 132, 133, 134, 135, 136, 137, 138, 139, 140, 141, 142, 143, 144, 145, 146, 147, 148, 149, 150, 151, 152, 153, 154, 155, 156, 157, 158, 159, 160, 161, 162, 163, 164, 165, 166, 167, 168, 169, 170, 171, 172, 173, 174, 175, 176, 177, 178, 179, 180, 181, 182, 183, 184, 185, 186, 187, 188, 189, 190, 191, 192, 193, 194, 195, 196, 197, 198, 199, 200, 201, 202, 203, 204, 205, 206, 207, 208, 209, 210, 211, 212, 213, 214, 215, 216, 217, 218, 219, 220, 221, 222, 223, 224, 225, 226, 227, 228, 229, 230, 231, 232, 233, 234, 235, 236, 237, 238, 239, 240, 241, 242, 243, 244, 245, 246, 247, 248, 249, 250, 251, 252, 253, 254, 255, 256, 257, 258, 259, 260, 261, 262, 263, 264, 265, 266, 267, 268, 269, 270, 271, 272, 273, 274, 275, 276, 277, 278, 279, 280, 281, 282, 283, 284, 285, 286, 287, 288, 289, 290, 291, 292, 293, 294, 295, 296, 297, 298, 299, 300, 301, 302, 303, 304, 305, 306, 307, 308, 309, 310, 311, 312, 313, 314, 315, 316, 317, 318, 319, 320, 321, 322, 323, 324, 325, 326, 327, 328, 329, 330, 331, 332, 333, 334, 335, 336, 337, 486, 488, 494, 495, 502, 520, 522, 532, 534, 535, 544, 553, 574, 575, 576, 577, 578, 579, 580, 581, 582, 583, 584, 585, 586, 587, 588, 589, 590, 591, 592, 593, 594, 595, 596, 597, 598, 599, 600, 601, 602, 603, 604, 605, 606, 607, 608, 609, 610, 611, 612, 613, 614, 615, 616, 617, 618, 619, 620, 621, 622, 623, 624, 625, 626, 627, 628, 629, 630, 631, 632, 633, 634, 635, 636, 637, 638, 639, 640, 641, 642, 643, 644, 645, 646, 647, 648, 649, 650, 651, 652, 653, 654, 655, 656, 657, 658, 659, 660, 661, 662, 663, 664, 665, 666, 667, 668, 669, 670, 671, 672, 673, 674, 675, 676, 677, 678, 679, 680, 681, 682, 683, 684, 685, 686, 687, 688, 689, 690, 691, 692, 693, 694, 695, 696, 697, 698, 699, 700, 701, 702, 703, 704, 705, 706, 707, 708, 709, 710, 711, 712, 713, 714, 715, 716, 717, 718, 719, 720, 721, 722, 723, 724, 725, 726, 727, 728, 729, 730, 731, 732, 733, 734, 735, 736, 737, 738, 739, 740, 741, 742, 743, 744, 745, 746, 747, 748, 749, 750, 751, 752, 753, 754, 755, 756, 757, 758, 759, 760, 761, 762, 763, 764, 765, 766, 767, 768, 769, 770, 771, 772, 773, 774, 775, 776, 777, 778, 779, 780, 781, 782, 783, 784, 785, 786, 787, 788, 789, 790, 791, 792, 793, 818]",False,"[119, 590]","[103, 104, 105, 106, 107, 108, 109, 110, 111, 112, 113, 114, 115, 116, 117, 118, 119, 120, 121, 122, 123, 124, 125, 126, 127, 128, 129, 130, 131, 132, 133, 134, 135, 136, 137, 138, 139, 140, 141, 142, 143, 144, 145, 146, 147, 148, 149, 150, 151, 152, 153, 154, 155, 156, 157, 158, 159, 160, 161, 162, 163, 164, 165, 166, 167, 168, 169, 170, 171, 172, 173, 174, 175, 176, 177, 178, 179, 180, 181, 182, 183, 184, 185, 186, 187, 188, 189, 190, 191, 192, 193, 194, 195, 196, 197, 198, 199, 200, 201, 202, 203, 204, 205, 206, 207, 208, 209, 210, 211, 212, 213, 214, 215, 216, 217, 218, 219, 220, 221, 222, 223, 224, 225, 226, 227, 228, 229, 230, 231, 232, 233, 234, 235, 236, 237, 238, 239, 240, 241, 242, 243, 244, 245, 246, 247, 248, 249, 250, 251, 252, 253, 254, 255, 256, 257, 258, 259, 260, 261, 262, 263, 264, 265, 266, 267, 268, 269, 270, 271, 272, 273, 274, 275, 276, 277, 278, 279, 280, 281, 282, 283, 284, 285, 286, 287, 288, 289, 290, 291, 292, 293, 294, 295, 296, 297, 298, 299, 300, 301, 302, 303, 304, 305, 306, 307, 308, 309, 310, 311, 312, 313, 314, 315, 316, 317, 318, 319, 320, 321, 322, 323, 324, 325, 326, 327, 328, 329, 330, 331, 332, 333, 334, 335, 336, 337, 574, 575, 576, 577, 578, 579, 580, 581, 582, 583, 584, 585, 586, 587, 588, 589, 590, 591, 592, 593, 594, 595, 596, 597, 598, 599, 600, 601, 602, 603, 604, 605, 606, 607, 608, 609, 610, 611, 612, 613, 614, 615, 616, 617, 618, 619, 620, 621, 622, 623, 624, 625, 626, 627, 628, 629, 630, 631, 632, 633, 634, 635, 636, 637, 638, 639, 640, 641, 642, 643, 644, 645, 646, 647, 648, 649, 650, 651, 652, 653, 654, 655, 656, 657, 658, 659, 660, 661, 662, 663, 664, 665, 666, 667, 668, 669, 670, 671, 672, 673, 674, 675, 676, 677, 678, 679, 680, 681, 682, 683, 684, 685, 686, 687, 688, 689, 690, 691, 692, 693, 694, 695, 696, 697, 698, 699, 700, 701, 702, 703, 704, 705, 706, 707, 708, 709, 710, 711, 712, 713, 714, 715, 716, 717, 718, 719, 720, 721, 722, 723, 724, 725, 726, 727, 728, 729, 730, 731, 732, 733, 734, 735, 736, 737, 738, 739, 740, 741, 742, 743, 744, 745, 746, 747, 748, 749, 750, 751, 752, 753, 754, 755, 756, 757, 758, 759, 760, 761, 762, 763, 764, 765, 766, 767, 768, 769, 770, 771, 772, 773, 774, 775, 776, 777, 778, 779, 780, 781, 782, 783, 784, 785, 786, 787, 788, 789, 790, 791, 792, 793]","[119, 590]","[119, 590]","[17, 25, 39, 41, 50, 55, 57, 59, 69, 78, 119, 174, 188, 189, 220, 250, 299, 486, 502, 520, 522, 532, 534, 535, 544, 590, 645, 659, 660, 713, 758]","[2, 9, 10, 82, 111, 112, 113, 119, 199, 279, 284, 285, 300, 488, 494, 495, 553, 581, 582, 583, 590, 670, 738, 743, 744, 759, 818]","[2, 9, 10, 82, 111, 112, 113, 199, 279, 284, 285, 300, 488, 494, 495, 553, 581, 582, 583, 670, 738, 743, 744, 759, 818]",6/6 successful match,False,,False,710,False,,,,,
"Alpine , 91901 Alpine Chevron N",619-445-5260 0 I-8 Exit 30 ( Tavern ),FRS 24 000 0,Alpine,91901,Alpine Chevron N,619-445-5260,2007,Alpine,CA,Chevron,( Tavern ),0 I-8 Exit 30 ,Exit,30,False,,False,I-8,,,,,[],"[119, 590]","[119, 590]","[119, 590]","[103, 104, 105, 106, 107, 108, 109, 110, 111, 112, 113, 114, 115, 116, 117, 118, 119, 120, 121, 122, 123, 124, 125, 126, 127, 128, 129, 130, 131, 132, 133, 134, 135, 136, 137, 138, 139, 140, 141, 142, 143, 144, 145, 146, 147, 148, 149, 150, 151, 152, 153, 154, 155, 156, 157, 158, 159, 160, 161, 162, 163, 164, 165, 166, 167, 168, 169, 170, 171, 172, 173, 174, 175, 176, 177, 178, 179, 180, 181, 182, 183, 184, 185, 186, 187, 188, 189, 190, 191, 192, 193, 194, 195, 196, 197, 198, 199, 200, 201, 202, 203, 204, 205, 206, 207, 208, 209, 210, 211, 212, 213, 214, 215, 216, 217, 218, 219, 220, 221, 222, 223, 224, 225, 226, 227, 228, 229, 230, 231, 232, 233, 234, 235, 236, 237, 238, 239, 240, 241, 242, 243, 244, 245, 246, 247, 248, 249, 250, 251, 252, 253, 254, 255, 256, 257, 258, 259, 260, 261, 262, 263, 264, 265, 266, 267, 268, 269, 270, 271, 272, 273, 274, 275, 276, 277, 278, 279, 280, 281, 282, 283, 284, 285, 286, 287, 288, 289, 290, 291, 292, 293, 294, 295, 296, 297, 298, 299, 300, 301, 302, 303, 304, 305, 306, 307, 308, 309, 310, 311, 312, 313, 314, 315, 316, 317, 318, 319, 320, 321, 322, 323, 324, 325, 326, 327, 328, 329, 330, 331, 332, 333, 334, 335, 336, 337, 574, 575, 576, 577, 578, 579, 580, 581, 582, 583, 584, 585, 586, 587, 588, 589, 590, 591, 592, 593, 594, 595, 596, 597, 598, 599, 600, 601, 602, 603, 604, 605, 606, 607, 608, 609, 610, 611, 612, 613, 614, 615, 616, 617, 618, 619, 620, 621, 622, 623, 624, 625, 626, 627, 628, 629, 630, 631, 632, 633, 634, 635, 636, 637, 638, 639, 640, 641, 642, 643, 644, 645, 646, 647, 648, 649, 650, 651, 652, 653, 654, 655, 656, 657, 658, 659, 660, 661, 662, 663, 664, 665, 666, 667, 668, 669, 670, 671, 672, 673, 674, 675, 676, 677, 678, 679, 680, 681, 682, 683, 684, 685, 686, 687, 688, 689, 690, 691, 692, 693, 694, 695, 696, 697, 698, 699, 700, 701, 702, 703, 704, 705, 706, 707, 708, 709, 710, 711, 712, 713, 714, 715, 716, 717, 718, 719, 720, 721, 722, 723, 724, 725, 726, 727, 728, 729, 730, 731, 732, 733, 734, 735, 736, 737, 738, 739, 740, 741, 742, 743, 744, 745, 746, 747, 748, 749, 750, 751, 752, 753, 754, 755, 756, 757, 758, 759, 760, 761, 762, 763, 764, 765, 766, 767, 768, 769, 770, 771, 772, 773, 774, 775, 776, 777, 778, 779, 780, 781, 782, 783, 784, 785, 786, 787, 788, 789, 790, 791, 792, 793]","[17, 25, 39, 41, 50, 55, 57, 59, 69, 78, 119, 174, 188, 189, 220, 250, 299, 486, 502, 520, 522, 532, 534, 535, 544, 590, 645, 659, 660, 713, 758]","[12, 24, 25, 28, 88, 100, 104, 119, 123, 129, 136, 137, 139, 140, 141, 148, 155, 169, 172, 179, 183, 185, 188, 196, 198, 217, 237, 267, 270, 278, 319, 321, 324, 325, 330, 334, 335, 354, 366, 369, 380, 383, 384, 386, 395, 407, 411, 423, 428, 436, 437, 452, 453, 456, 467, 471, 477, 478, 479, 497, 508, 511, 559, 571, 575, 590, 594, 600, 607, 608, 610, 611, 612, 619, 627, 640, 643, 650, 654, 656, 659, 667, 669, 685, 701, 726, 729, 737, 777, 779, 782, 783, 787, 790, 791, 809, 817, 819, 830, 833, 834, 836, 845, 856, 857, 860, 862, 875, 880, 887, 888, 899, 900, 914, 918, 921, 928, 929, 930]","[12, 24, 25, 28, 88, 100, 104, 119, 123, 129, 136, 137, 139, 140, 141, 148, 155, 169, 172, 179, 183, 185, 188, 196, 198, 217, 237, 267, 270, 278, 319, 321, 324, 325, 330, 334, 335, 354, 366, 369, 380, 383, 384, 386, 395, 407, 411, 423, 428, 436, 437, 452, 453, 456, 467, 471, 477, 478, 479, 497, 508, 511, 559, 571, 575, 590, 594, 600, 607, 608, 610, 611, 612, 619, 627, 640, 643, 650, 654, 656, 659, 667, 669, 685, 701, 726, 729, 737, 777, 779, 782, 783, 787, 790, 791, 809, 817, 819, 830, 833, 834, 836, 845, 856, 857, 860, 862, 875, 880, 887, 888, 899, 900, 914, 918, 921, 928, 929, 930]","[12, 17, 24, 25, 28, 39, 41, 50, 55, 57, 59, 69, 78, 88, 100, 103, 104, 105, 106, 107, 108, 109, 110, 111, 112, 113, 114, 115, 116, 117, 118, 119, 120, 121, 122, 123, 124, 125, 126, 127, 128, 129, 130, 131, 132, 133, 134, 135, 136, 137, 138, 139, 140, 141, 142, 143, 144, 145, 146, 147, 148, 149, 150, 151, 152, 153, 154, 155, 156, 157, 158, 159, 160, 161, 162, 163, 164, 165, 166, 167, 168, 169, 170, 171, 172, 173, 174, 175, 176, 177, 178, 179, 180, 181, 182, 183, 184, 185, 186, 187, 188, 189, 190, 191, 192, 193, 194, 195, 196, 197, 198, 199, 200, 201, 202, 203, 204, 205, 206, 207, 208, 209, 210, 211, 212, 213, 214, 215, 216, 217, 218, 219, 220, 221, 222, 223, 224, 225, 226, 227, 228, 229, 230, 231, 232, 233, 234, 235, 236, 237, 238, 239, 240, 241, 242, 243, 244, 245, 246, 247, 248, 249, 250, 251, 252, 253, 254, 255, 256, 257, 258, 259, 260, 261, 262, 263, 264, 265, 266, 267, 268, 269, 270, 271, 272, 273, 274, 275, 276, 277, 278, 279, 280, 281, 282, 283, 284, 285, 286, 287, 288, 289, 290, 291, 292, 293, 294, 295, 296, 297, 298, 299, 300, 301, 302, 303, 304, 305, 306, 307, 308, 309, 310, 311, 312, 313, 314, 315, 316, 317, 318, 319, 320, 321, 322, 323, 324, 325, 326, 327, 328, 329, 330, 331, 332, 333, 334, 335, 336, 337, 354, 366, 369, 380, 383, 384, 386, 395, 407, 411, 423, 428, 436, 437, 452, 453, 456, 467, 471, 477, 478, 479, 486, 497, 502, 508, 511, 520, 522, 532, 534, 535, 544, 559, 571, 574, 575, 576, 577, 578, 579, 580, 581, 582, 583, 584, 585, 586, 587, 588, 589, 590, 591, 592, 593, 594, 595, 596, 597, 598, 599, 600, 601, 602, 603, 604, 605, 606, 607, 608, 609, 610, 611, 612, 613, 614, 615, 616, 617, 618, 619, 620, 621, 622, 623, 624, 625, 626, 627, 628, 629, 630, 631, 632, 633, 634, 635, 636, 637, 638, 639, 640, 641, 642, 643, 644, 645, 646, 647, 648, 649, 650, 651, 652, 653, 654, 655, 656, 657, 658, 659, 660, 661, 662, 663, 664, 665, 666, 667, 668, 669, 670, 671, 672, 673, 674, 675, 676, 677, 678, 679, 680, 681, 682, 683, 684, 685, 686, 687, 688, 689, 690, 691, 692, 693, 694, 695, 696, 697, 698, 699, 700, 701, 702, 703, 704, 705, 706, 707, 708, 709, 710, 711, 712, 713, 714, 715, 716, 717, 718, 719, 720, 721, 722, 723, 724, 725, 726, 727, 728, 729, 730, 731, 732, 733, 734, 735, 736, 737, 738, 739, 740, 741, 742, 743, 744, 745, 746, 747, 748, 749, 750, 751, 752, 753, 754, 755, 756, 757, 758, 759, 760, 761, 762, 763, 764, 765, 766, 767, 768, 769, 770, 771, 772, 773, 774, 775, 776, 777, 778, 779, 780, 781, 782, 783, 784, 785, 786, 787, 788, 789, 790, 791, 792, 793, 809, 817, 819, 830, 833, 834, 836, 845, 856, 857, 860, 862, 875, 880, 887, 888, 899, 900, 914, 918, 921, 928, 929, 930]",False,"[119, 590]","[103, 104, 105, 106, 107, 108, 109, 110, 111, 112, 113, 114, 115, 116, 117, 118, 119, 120, 121, 122, 123, 124, 125, 126, 127, 128, 129, 130, 131, 132, 133, 134, 135, 136, 137, 138, 139, 140, 141, 142, 143, 144, 145, 146, 147, 148, 149, 150, 151, 152, 153, 154, 155, 156, 157, 158, 159, 160, 161, 162, 163, 164, 165, 166, 167, 168, 169, 170, 171, 172, 173, 174, 175, 176, 177, 178, 179, 180, 181, 182, 183, 184, 185, 186, 187, 188, 189, 190, 191, 192, 193, 194, 195, 196, 197, 198, 199, 200, 201, 202, 203, 204, 205, 206, 207, 208, 209, 210, 211, 212, 213, 214, 215, 216, 217, 218, 219, 220, 221, 222, 223, 224, 225, 226, 227, 228, 229, 230, 231, 232, 233, 234, 235, 236, 237, 238, 239, 240, 241, 242, 243, 244, 245, 246, 247, 248, 249, 250, 251, 252, 253, 254, 255, 256, 257, 258, 259, 260, 261, 262, 263, 264, 265, 266, 267, 268, 269, 270, 271, 272, 273, 274, 275, 276, 277, 278, 279, 280, 281, 282, 283, 284, 285, 286, 287, 288, 289, 290, 291, 292, 293, 294, 295, 296, 297, 298, 299, 300, 301, 302, 303, 304, 305, 306, 307, 308, 309, 310, 311, 312, 313, 314, 315, 316, 317, 318, 319, 320, 321, 322, 323, 324, 325, 326, 327, 328, 329, 330, 331, 332, 333, 334, 335, 336, 337, 574, 575, 576, 577, 578, 579, 580, 581, 582, 583, 584, 585, 586, 587, 588, 589, 590, 591, 592, 593, 594, 595, 596, 597, 598, 599, 600, 601, 602, 603, 604, 605, 606, 607, 608, 609, 610, 611, 612, 613, 614, 615, 616, 617, 618, 619, 620, 621, 622, 623, 624, 625, 626, 627, 628, 629, 630, 631, 632, 633, 634, 635, 636, 637, 638, 639, 640, 641, 642, 643, 644, 645, 646, 647, 648, 649, 650, 651, 652, 653, 654, 655, 656, 657, 658, 659, 660, 661, 662, 663, 664, 665, 666, 667, 668, 669, 670, 671, 672, 673, 674, 675, 676, 677, 678, 679, 680, 681, 682, 683, 684, 685, 686, 687, 688, 689, 690, 691, 692, 693, 694, 695, 696, 697, 698, 699, 700, 701, 702, 703, 704, 705, 706, 707, 708, 709, 710, 711, 712, 713, 714, 715, 716, 717, 718, 719, 720, 721, 722, 723, 724, 725, 726, 727, 728, 729, 730, 731, 732, 733, 734, 735, 736, 737, 738, 739, 740, 741, 742, 743, 744, 745, 746, 747, 748, 749, 750, 751, 752, 753, 754, 755, 756, 757, 758, 759, 760, 761, 762, 763, 764, 765, 766, 767, 768, 769, 770, 771, 772, 773, 774, 775, 776, 777, 778, 779, 780, 781, 782, 783, 784, 785, 786, 787, 788, 789, 790, 791, 792, 793]","[119, 590]","[119, 590]","[17, 25, 39, 41, 50, 55, 57, 59, 69, 78, 119, 174, 188, 189, 220, 250, 299, 486, 502, 520, 522, 532, 534, 535, 544, 590, 645, 659, 660, 713, 758]","[12, 24, 25, 28, 88, 100, 104, 119, 123, 129, 136, 137, 139, 140, 141, 148, 155, 169, 172, 179, 183, 185, 188, 196, 198, 217, 237, 267, 270, 278, 319, 321, 324, 325, 330, 334, 335, 354, 366, 369, 380, 383, 384, 386, 395, 407, 411, 423, 428, 436, 437, 452, 453, 456, 467, 471, 477, 478, 479, 497, 508, 511, 559, 571, 575, 590, 594, 600, 607, 608, 610, 611, 612, 619, 627, 640, 643, 650, 654, 656, 659, 667, 669, 685, 701, 726, 729, 737, 777, 779, 782, 783, 787, 790, 791, 809, 817, 819, 830, 833, 834, 836, 845, 856, 857, 860, 862, 875, 880, 887, 888, 899, 900, 914, 918, 921, 928, 929, 930]","[12, 24, 25, 28, 88, 100, 104, 119, 123, 129, 136, 137, 139, 140, 141, 148, 155, 169, 172, 179, 183, 185, 188, 196, 198, 217, 237, 267, 270, 278, 319, 321, 324, 325, 330, 334, 335, 354, 366, 369, 380, 383, 384, 386, 395, 407, 411, 423, 428, 436, 437, 452, 453, 456, 467, 471, 477, 478, 479, 497, 508, 511, 559, 571, 575, 590, 594, 600, 607, 608, 610, 611, 612, 619, 627, 640, 643, 650, 654, 656, 659, 667, 669, 685, 701, 726, 729, 737, 777, 779, 782, 783, 787, 790, 791, 809, 817, 819, 830, 833, 834, 836, 845, 856, 857, 860, 862, 875, 880, 887, 888, 899, 900, 914, 918, 921, 928, 929, 930]",7/6 successful match,False,,False,710,False,,0.606896551724138,False,Alpine Valero,Valero
"Alpine , 91901 Alpine Chevron",6 619-445-5260 I-8 Exit 30 ( Tavern Rd ),24 HRS,Alpine,91901,Alpine Chevron,619-445-5260,2008,Alpine,CA,Chevron,( Tavern Rd ),I-8 Exit 30 ,Exit,30,False,,False,I-8,,,,,[],"[119, 590]","[119, 590]","[119, 590]","[103, 104, 105, 106, 107, 108, 109, 110, 111, 112, 113, 114, 115, 116, 117, 118, 119, 120, 121, 122, 123, 124, 125, 126, 127, 128, 129, 130, 131, 132, 133, 134, 135, 136, 137, 138, 139, 140, 141, 142, 143, 144, 145, 146, 147, 148, 149, 150, 151, 152, 153, 154, 155, 156, 157, 158, 159, 160, 161, 162, 163, 164, 165, 166, 167, 168, 169, 170, 171, 172, 173, 174, 175, 176, 177, 178, 179, 180, 181, 182, 183, 184, 185, 186, 187, 188, 189, 190, 191, 192, 193, 194, 195, 196, 197, 198, 199, 200, 201, 202, 203, 204, 205, 206, 207, 208, 209, 210, 211, 212, 213, 214, 215, 216, 217, 218, 219, 220, 221, 222, 223, 224, 225, 226, 227, 228, 229, 230, 231, 232, 233, 234, 235, 236, 237, 238, 239, 240, 241, 242, 243, 244, 245, 246, 247, 248, 249, 250, 251, 252, 253, 254, 255, 256, 257, 258, 259, 260, 261, 262, 263, 264, 265, 266, 267, 268, 269, 270, 271, 272, 273, 274, 275, 276, 277, 278, 279, 280, 281, 282, 283, 284, 285, 286, 287, 288, 289, 290, 291, 292, 293, 294, 295, 296, 297, 298, 299, 300, 301, 302, 303, 304, 305, 306, 307, 308, 309, 310, 311, 312, 313, 314, 315, 316, 317, 318, 319, 320, 321, 322, 323, 324, 325, 326, 327, 328, 329, 330, 331, 332, 333, 334, 335, 336, 337, 574, 575, 576, 577, 578, 579, 580, 581, 582, 583, 584, 585, 586, 587, 588, 589, 590, 591, 592, 593, 594, 595, 596, 597, 598, 599, 600, 601, 602, 603, 604, 605, 606, 607, 608, 609, 610, 611, 612, 613, 614, 615, 616, 617, 618, 619, 620, 621, 622, 623, 624, 625, 626, 627, 628, 629, 630, 631, 632, 633, 634, 635, 636, 637, 638, 639, 640, 641, 642, 643, 644, 645, 646, 647, 648, 649, 650, 651, 652, 653, 654, 655, 656, 657, 658, 659, 660, 661, 662, 663, 664, 665, 666, 667, 668, 669, 670, 671, 672, 673, 674, 675, 676, 677, 678, 679, 680, 681, 682, 683, 684, 685, 686, 687, 688, 689, 690, 691, 692, 693, 694, 695, 696, 697, 698, 699, 700, 701, 702, 703, 704, 705, 706, 707, 708, 709, 710, 711, 712, 713, 714, 715, 716, 717, 718, 719, 720, 721, 722, 723, 724, 725, 726, 727, 728, 729, 730, 731, 732, 733, 734, 735, 736, 737, 738, 739, 740, 741, 742, 743, 744, 745, 746, 747, 748, 749, 750, 751, 752, 753, 754, 755, 756, 757, 758, 759, 760, 761, 762, 763, 764, 765, 766, 767, 768, 769, 770, 771, 772, 773, 774, 775, 776, 777, 778, 779, 780, 781, 782, 783, 784, 785, 786, 787, 788, 789, 790, 791, 792, 793]","[17, 25, 39, 41, 50, 55, 57, 59, 69, 78, 119, 174, 188, 189, 220, 250, 299, 486, 502, 520, 522, 532, 534, 535, 544, 590, 645, 659, 660, 713, 758]","[12, 24, 25, 28, 88, 100, 104, 119, 123, 129, 136, 137, 139, 140, 141, 148, 155, 169, 172, 179, 183, 185, 188, 196, 198, 217, 237, 267, 270, 278, 319, 321, 324, 325, 330, 334, 335, 354, 366, 369, 380, 383, 384, 386, 395, 407, 411, 423, 428, 436, 437, 452, 453, 456, 467, 471, 477, 478, 479, 497, 508, 511, 559, 571, 575, 590, 594, 600, 607, 608, 610, 611, 612, 619, 627, 640, 643, 650, 654, 656, 659, 667, 669, 685, 701, 726, 729, 737, 777, 779, 782, 783, 787, 790, 791, 809, 817, 819, 830, 833, 834, 836, 845, 856, 857, 860, 862, 875, 880, 887, 888, 899, 900, 914, 918, 921, 928, 929, 930]","[12, 24, 25, 28, 88, 100, 104, 119, 123, 129, 136, 137, 139, 140, 141, 148, 155, 169, 172, 179, 183, 185, 188, 196, 198, 217, 237, 267, 270, 278, 319, 321, 324, 325, 330, 334, 335, 354, 366, 369, 380, 383, 384, 386, 395, 407, 411, 423, 428, 436, 437, 452, 453, 456, 467, 471, 477, 478, 479, 497, 508, 511, 559, 571, 575, 590, 594, 600, 607, 608, 610, 611, 612, 619, 627, 640, 643, 650, 654, 656, 659, 667, 669, 685, 701, 726, 729, 737, 777, 779, 782, 783, 787, 790, 791, 809, 817, 819, 830, 833, 834, 836, 845, 856, 857, 860, 862, 875, 880, 887, 888, 899, 900, 914, 918, 921, 928, 929, 930]","[12, 17, 24, 25, 28, 39, 41, 50, 55, 57, 59, 69, 78, 88, 100, 103, 104, 105, 106, 107, 108, 109, 110, 111, 112, 113, 114, 115, 116, 117, 118, 119, 120, 121, 122, 123, 124, 125, 126, 127, 128, 129, 130, 131, 132, 133, 134, 135, 136, 137, 138, 139, 140, 141, 142, 143, 144, 145, 146, 147, 148, 149, 150, 151, 152, 153, 154, 155, 156, 157, 158, 159, 160, 161, 162, 163, 164, 165, 166, 167, 168, 169, 170, 171, 172, 173, 174, 175, 176, 177, 178, 179, 180, 181, 182, 183, 184, 185, 186, 187, 188, 189, 190, 191, 192, 193, 194, 195, 196, 197, 198, 199, 200, 201, 202, 203, 204, 205, 206, 207, 208, 209, 210, 211, 212, 213, 214, 215, 216, 217, 218, 219, 220, 221, 222, 223, 224, 225, 226, 227, 228, 229, 230, 231, 232, 233, 234, 235, 236, 237, 238, 239, 240, 241, 242, 243, 244, 245, 246, 247, 248, 249, 250, 251, 252, 253, 254, 255, 256, 257, 258, 259, 260, 261, 262, 263, 264, 265, 266, 267, 268, 269, 270, 271, 272, 273, 274, 275, 276, 277, 278, 279, 280, 281, 282, 283, 284, 285, 286, 287, 288, 289, 290, 291, 292, 293, 294, 295, 296, 297, 298, 299, 300, 301, 302, 303, 304, 305, 306, 307, 308, 309, 310, 311, 312, 313, 314, 315, 316, 317, 318, 319, 320, 321, 322, 323, 324, 325, 326, 327, 328, 329, 330, 331, 332, 333, 334, 335, 336, 337, 354, 366, 369, 380, 383, 384, 386, 395, 407, 411, 423, 428, 436, 437, 452, 453, 456, 467, 471, 477, 478, 479, 486, 497, 502, 508, 511, 520, 522, 532, 534, 535, 544, 559, 571, 574, 575, 576, 577, 578, 579, 580, 581, 582, 583, 584, 585, 586, 587, 588, 589, 590, 591, 592, 593, 594, 595, 596, 597, 598, 599, 600, 601, 602, 603, 604, 605, 606, 607, 608, 609, 610, 611, 612, 613, 614, 615, 616, 617, 618, 619, 620, 621, 622, 623, 624, 625, 626, 627, 628, 629, 630, 631, 632, 633, 634, 635, 636, 637, 638, 639, 640, 641, 642, 643, 644, 645, 646, 647, 648, 649, 650, 651, 652, 653, 654, 655, 656, 657, 658, 659, 660, 661, 662, 663, 664, 665, 666, 667, 668, 669, 670, 671, 672, 673, 674, 675, 676, 677, 678, 679, 680, 681, 682, 683, 684, 685, 686, 687, 688, 689, 690, 691, 692, 693, 694, 695, 696, 697, 698, 699, 700, 701, 702, 703, 704, 705, 706, 707, 708, 709, 710, 711, 712, 713, 714, 715, 716, 717, 718, 719, 720, 721, 722, 723, 724, 725, 726, 727, 728, 729, 730, 731, 732, 733, 734, 735, 736, 737, 738, 739, 740, 741, 742, 743, 744, 745, 746, 747, 748, 749, 750, 751, 752, 753, 754, 755, 756, 757, 758, 759, 760, 761, 762, 763, 764, 765, 766, 767, 768, 769, 770, 771, 772, 773, 774, 775, 776, 777, 778, 779, 780, 781, 782, 783, 784, 785, 786, 787, 788, 789, 790, 791, 792, 793, 809, 817, 819, 830, 833, 834, 836, 845, 856, 857, 860, 862, 875, 880, 887, 888, 899, 900, 914, 918, 921, 928, 929, 930]",False,"[119, 590]","[103, 104, 105, 106, 107, 108, 109, 110, 111, 112, 113, 114, 115, 116, 117, 118, 119, 120, 121, 122, 123, 124, 125, 126, 127, 128, 129, 130, 131, 132, 133, 134, 135, 136, 137, 138, 139, 140, 141, 142, 143, 144, 145, 146, 147, 148, 149, 150, 151, 152, 153, 154, 155, 156, 157, 158, 159, 160, 161, 162, 163, 164, 165, 166, 167, 168, 169, 170, 171, 172, 173, 174, 175, 176, 177, 178, 179, 180, 181, 182, 183, 184, 185, 186, 187, 188, 189, 190, 191, 192, 193, 194, 195, 196, 197, 198, 199, 200, 201, 202, 203, 204, 205, 206, 207, 208, 209, 210, 211, 212, 213, 214, 215, 216, 217, 218, 219, 220, 221, 222, 223, 224, 225, 226, 227, 228, 229, 230, 231, 232, 233, 234, 235, 236, 237, 238, 239, 240, 241, 242, 243, 244, 245, 246, 247, 248, 249, 250, 251, 252, 253, 254, 255, 256, 257, 258, 259, 260, 261, 262, 263, 264, 265, 266, 267, 268, 269, 270, 271, 272, 273, 274, 275, 276, 277, 278, 279, 280, 281, 282, 283, 284, 285, 286, 287, 288, 289, 290, 291, 292, 293, 294, 295, 296, 297, 298, 299, 300, 301, 302, 303, 304, 305, 306, 307, 308, 309, 310, 311, 312, 313, 314, 315, 316, 317, 318, 319, 320, 321, 322, 323, 324, 325, 326, 327, 328, 329, 330, 331, 332, 333, 334, 335, 336, 337, 574, 575, 576, 577, 578, 579, 580, 581, 582, 583, 584, 585, 586, 587, 588, 589, 590, 591, 592, 593, 594, 595, 596, 597, 598, 599, 600, 601, 602, 603, 604, 605, 606, 607, 608, 609, 610, 611, 612, 613, 614, 615, 616, 617, 618, 619, 620, 621, 622, 623, 624, 625, 626, 627, 628, 629, 630, 631, 632, 633, 634, 635, 636, 637, 638, 639, 640, 641, 642, 643, 644, 645, 646, 647, 648, 649, 650, 651, 652, 653, 654, 655, 656, 657, 658, 659, 660, 661, 662, 663, 664, 665, 666, 667, 668, 669, 670, 671, 672, 673, 674, 675, 676, 677, 678, 679, 680, 681, 682, 683, 684, 685, 686, 687, 688, 689, 690, 691, 692, 693, 694, 695, 696, 697, 698, 699, 700, 701, 702, 703, 704, 705, 706, 707, 708, 709, 710, 711, 712, 713, 714, 715, 716, 717, 718, 719, 720, 721, 722, 723, 724, 725, 726, 727, 728, 729, 730, 731, 732, 733, 734, 735, 736, 737, 738, 739, 740, 741, 742, 743, 744, 745, 746, 747, 748, 749, 750, 751, 752, 753, 754, 755, 756, 757, 758, 759, 760, 761, 762, 763, 764, 765, 766, 767, 768, 769, 770, 771, 772, 773, 774, 775, 776, 777, 778, 779, 780, 781, 782, 783, 784, 785, 786, 787, 788, 789, 790, 791, 792, 793]","[119, 590]","[119, 590]","[17, 25, 39, 41, 50, 55, 57, 59, 69, 78, 119, 174, 188, 189, 220, 250, 299, 486, 502, 520, 522, 532, 534, 535, 544, 590, 645, 659, 660, 713, 758]","[12, 24, 25, 28, 88, 100, 104, 119, 123, 129, 136, 137, 139, 140, 141, 148, 155, 169, 172, 179, 183, 185, 188, 196, 198, 217, 237, 267, 270, 278, 319, 321, 324, 325, 330, 334, 335, 354, 366, 369, 380, 383, 384, 386, 395, 407, 411, 423, 428, 436, 437, 452, 453, 456, 467, 471, 477, 478, 479, 497, 508, 511, 559, 571, 575, 590, 594, 600, 607, 608, 610, 611, 612, 619, 627, 640, 643, 650, 654, 656, 659, 667, 669, 685, 701, 726, 729, 737, 777, 779, 782, 783, 787, 790, 791, 809, 817, 819, 830, 833, 834, 836, 845, 856, 857, 860, 862, 875, 880, 887, 888, 899, 900, 914, 918, 921, 928, 929, 930]","[12, 24, 25, 28, 88, 100, 104, 119, 123, 129, 136, 137, 139, 140, 141, 148, 155, 169, 172, 179, 183, 185, 188, 196, 198, 217, 237, 267, 270, 278, 319, 321, 324, 325, 330, 334, 335, 354, 366, 369, 380, 383, 384, 386, 395, 407, 411, 423, 428, 436, 437, 452, 453, 456, 467, 471, 477, 478, 479, 497, 508, 511, 559, 571, 575, 590, 594, 600, 607, 608, 610, 611, 612, 619, 627, 640, 643, 650, 654, 656, 659, 667, 669, 685, 701, 726, 729, 737, 777, 779, 782, 783, 787, 790, 791, 809, 817, 819, 830, 833, 834, 836, 845, 856, 857, 860, 862, 875, 880, 887, 888, 899, 900, 914, 918, 921, 928, 929, 930]",7/6 successful match,False,,False,710,False,,0.98,True,Alpine Chevron N,Chevron
Jacumba ( 91934 ) Jacumba Shell,619-766-0029 I-8 Exit 73,24 MO,Jacumba,91934,Jacumba Shell,619-766-0029,2014,Jacumba,CA,Shell,,I-8 Exit 73,Exit,73,False,,False,I-8,,,,,"[660, 189]","[188, 189, 659, 660]","[188, 189, 659, 660]","[188, 189, 277, 350, 659, 660, 736, 805]","[103, 104, 105, 106, 107, 108, 109, 110, 111, 112, 113, 114, 115, 116, 117, 118, 119, 120, 121, 122, 123, 124, 125, 126, 127, 128, 129, 130, 131, 132, 133, 134, 135, 136, 137, 138, 139, 140, 141, 142, 143, 144, 145, 146, 147, 148, 149, 150, 151, 152, 153, 154, 155, 156, 157, 158, 159, 160, 161, 162, 163, 164, 165, 166, 167, 168, 169, 170, 171, 172, 173, 174, 175, 176, 177, 178, 179, 180, 181, 182, 183, 184, 185, 186, 187, 188, 189, 190, 191, 192, 193, 194, 195, 196, 197, 198, 199, 200, 201, 202, 203, 204, 205, 206, 207, 208, 209, 210, 211, 212, 213, 214, 215, 216, 217, 218, 219, 220, 221, 222, 223, 224, 225, 226, 227, 228, 229, 230, 231, 232, 233, 234, 235, 236, 237, 238, 239, 240, 241, 242, 243, 244, 245, 246, 247, 248, 249, 250, 251, 252, 253, 254, 255, 256, 257, 258, 259, 260, 261, 262, 263, 264, 265, 266, 267, 268, 269, 270, 271, 272, 273, 274, 275, 276, 277, 278, 279, 280, 281, 282, 283, 284, 285, 286, 287, 288, 289, 290, 291, 292, 293, 294, 295, 296, 297, 298, 299, 300, 301, 302, 303, 304, 305, 306, 307, 308, 309, 310, 311, 312, 313, 314, 315, 316, 317, 318, 319, 320, 321, 322, 323, 324, 325, 326, 327, 328, 329, 330, 331, 332, 333, 334, 335, 336, 337, 574, 575, 576, 577, 578, 579, 580, 581, 582, 583, 584, 585, 586, 587, 588, 589, 590, 591, 592, 593, 594, 595, 596, 597, 598, 599, 600, 601, 602, 603, 604, 605, 606, 607, 608, 609, 610, 611, 612, 613, 614, 615, 616, 617, 618, 619, 620, 621, 622, 623, 624, 625, 626, 627, 628, 629, 630, 631, 632, 633, 634, 635, 636, 637, 638, 639, 640, 641, 642, 643, 644, 645, 646, 647, 648, 649, 650, 651, 652, 653, 654, 655, 656, 657, 658, 659, 660, 661, 662, 663, 664, 665, 666, 667, 668, 669, 670, 671, 672, 673, 674, 675, 676, 677, 678, 679, 680, 681, 682, 683, 684, 685, 686, 687, 688, 689, 690, 691, 692, 693, 694, 695, 696, 697, 698, 699, 700, 701, 702, 703, 704, 705, 706, 707, 708, 709, 710, 711, 712, 713, 714, 715, 716, 717, 718, 719, 720, 721, 722, 723, 724, 725, 726, 727, 728, 729, 730, 731, 732, 733, 734, 735, 736, 737, 738, 739, 740, 741, 742, 743, 744, 745, 746, 747, 748, 749, 750, 751, 752, 753, 754, 755, 756, 757, 758, 759, 760, 761, 762, 763, 764, 765, 766, 767, 768, 769, 770, 771, 772, 773, 774, 775, 776, 777, 778, 779, 780, 781, 782, 783, 784, 785, 786, 787, 788, 789, 790, 791, 792, 793]","[17, 25, 39, 41, 50, 55, 57, 59, 69, 78, 119, 174, 188, 189, 220, 250, 299, 486, 502, 520, 522, 532, 534, 535, 544, 590, 645, 659, 660, 713, 758]","[1, 13, 14, 29, 54, 55, 56, 57, 58, 60, 102, 118, 125, 127, 130, 134, 146, 149, 153, 175, 182, 187, 189, 191, 197, 225, 230, 238, 264, 265, 266, 286, 302, 317, 336, 379, 388, 389, 425, 454, 458, 463, 475, 487, 498, 499, 512, 530, 531, 532, 533, 534, 536, 573, 589, 596, 598, 601, 605, 617, 620, 624, 646, 653, 658, 660, 662, 668, 689, 694, 702, 724, 725, 745, 760, 775, 793, 829, 838, 839, 877, 901, 903, 905, 910, 923]","[1, 13, 14, 29, 54, 55, 56, 57, 58, 60, 102, 118, 125, 127, 130, 134, 146, 149, 153, 175, 182, 187, 188, 189, 191, 197, 225, 230, 238, 264, 265, 266, 286, 302, 317, 336, 354, 379, 388, 389, 425, 454, 458, 463, 475, 487, 498, 499, 512, 530, 531, 532, 533, 534, 536, 573, 589, 596, 598, 601, 605, 617, 620, 624, 646, 653, 658, 659, 660, 662, 668, 689, 694, 702, 724, 725, 745, 760, 775, 793, 809, 829, 838, 839, 877, 901, 903, 905, 910, 923]","[1, 13, 14, 17, 25, 29, 39, 41, 50, 54, 55, 56, 57, 58, 59, 60, 69, 78, 102, 103, 104, 105, 106, 107, 108, 109, 110, 111, 112, 113, 114, 115, 116, 117, 118, 119, 120, 121, 122, 123, 124, 125, 126, 127, 128, 129, 130, 131, 132, 133, 134, 135, 136, 137, 138, 139, 140, 141, 142, 143, 144, 145, 146, 147, 148, 149, 150, 151, 152, 153, 154, 155, 156, 157, 158, 159, 160, 161, 162, 163, 164, 165, 166, 167, 168, 169, 170, 171, 172, 173, 174, 175, 176, 177, 178, 179, 180, 181, 182, 183, 184, 185, 186, 187, 188, 189, 190, 191, 192, 193, 194, 195, 196, 197, 198, 199, 200, 201, 202, 203, 204, 205, 206, 207, 208, 209, 210, 211, 212, 213, 214, 215, 216, 217, 218, 219, 220, 221, 222, 223, 224, 225, 226, 227, 228, 229, 230, 231, 232, 233, 234, 235, 236, 237, 238, 239, 240, 241, 242, 243, 244, 245, 246, 247, 248, 249, 250, 251, 252, 253, 254, 255, 256, 257, 258, 259, 260, 261, 262, 263, 264, 265, 266, 267, 268, 269, 270, 271, 272, 273, 274, 275, 276, 277, 278, 279, 280, 281, 282, 283, 284, 285, 286, 287, 288, 289, 290, 291, 292, 293, 294, 295, 296, 297, 298, 299, 300, 301, 302, 303, 304, 305, 306, 307, 308, 309, 310, 311, 312, 313, 314, 315, 316, 317, 318, 319, 320, 321, 322, 323, 324, 325, 326, 327, 328, 329, 330, 331, 332, 333, 334, 335, 336, 337, 350, 354, 379, 388, 389, 425, 454, 458, 463, 475, 486, 487, 498, 499, 502, 512, 520, 522, 530, 531, 532, 533, 534, 535, 536, 544, 573, 574, 575, 576, 577, 578, 579, 580, 581, 582, 583, 584, 585, 586, 587, 588, 589, 590, 591, 592, 593, 594, 595, 596, 597, 598, 599, 600, 601, 602, 603, 604, 605, 606, 607, 608, 609, 610, 611, 612, 613, 614, 615, 616, 617, 618, 619, 620, 621, 622, 623, 624, 625, 626, 627, 628, 629, 630, 631, 632, 633, 634, 635, 636, 637, 638, 639, 640, 641, 642, 643, 644, 645, 646, 647, 648, 649, 650, 651, 652, 653, 654, 655, 656, 657, 658, 659, 660, 661, 662, 663, 664, 665, 666, 667, 668, 669, 670, 671, 672, 673, 674, 675, 676, 677, 678, 679, 680, 681, 682, 683, 684, 685, 686, 687, 688, 689, 690, 691, 692, 693, 694, 695, 696, 697, 698, 699, 700, 701, 702, 703, 704, 705, 706, 707, 708, 709, 710, 711, 712, 713, 714, 715, 716, 717, 718, 719, 720, 721, 722, 723, 724, 725, 726, 727, 728, 729, 730, 731, 732, 733, 734, 735, 736, 737, 738, 739, 740, 741, 742, 743, 744, 745, 746, 747, 748, 749, 750, 751, 752, 753, 754, 755, 756, 757, 758, 759, 760, 761, 762, 763, 764, 765, 766, 767, 768, 769, 770, 771, 772, 773, 774, 775, 776, 777, 778, 779, 780, 781, 782, 783, 784, 785, 786, 787, 788, 789, 790, 791, 792, 793, 805, 809, 829, 838, 839, 877, 901, 903, 905, 910, 923]",True,"[188, 189, 659, 660]","[103, 104, 105, 106, 107, 108, 109, 110, 111, 112, 113, 114, 115, 116, 117, 118, 119, 120, 121, 122, 123, 124, 125, 126, 127, 128, 129, 130, 131, 132, 133, 134, 135, 136, 137, 138, 139, 140, 141, 142, 143, 144, 145, 146, 147, 148, 149, 150, 151, 152, 153, 154, 155, 156, 157, 158, 159, 160, 161, 162, 163, 164, 165, 166, 167, 168, 169, 170, 171, 172, 173, 174, 175, 176, 177, 178, 179, 180, 181, 182, 183, 184, 185, 186, 187, 188, 189, 190, 191, 192, 193, 194, 195, 196, 197, 198, 199, 200, 201, 202, 203, 204, 205, 206, 207, 208, 209, 210, 211, 212, 213, 214, 215, 216, 217, 218, 219, 220, 221, 222, 223, 224, 225, 226, 227, 228, 229, 230, 231, 232, 233, 234, 235, 236, 237, 238, 239, 240, 241, 242, 243, 244, 245, 246, 247, 248, 249, 250, 251, 252, 253, 254, 255, 256, 257, 258, 259, 260, 261, 262, 263, 264, 265, 266, 267, 268, 269, 270, 271, 272, 273, 274, 275, 276, 277, 278, 279, 280, 281, 282, 283, 284, 285, 286, 287, 288, 289, 290, 291, 292, 293, 294, 295, 296, 297, 298, 299, 300, 301, 302, 303, 304, 305, 306, 307, 308, 309, 310, 311, 312, 313, 314, 315, 316, 317, 318, 319, 320, 321, 322, 323, 324, 325, 326, 327, 328, 329, 330, 331, 332, 333, 334, 335, 336, 337, 574, 575, 576, 577, 578, 579, 580, 581, 582, 583, 584, 585, 586, 587, 588, 589, 590, 591, 592, 593, 594, 595, 596, 597, 598, 599, 600, 601, 602, 603, 604, 605, 606, 607, 608, 609, 610, 611, 612, 613, 614, 615, 616, 617, 618, 619, 620, 621, 622, 623, 624, 625, 626, 627, 628, 629, 630, 631, 632, 633, 634, 635, 636, 637, 638, 639, 640, 641, 642, 643, 644, 645, 646, 647, 648, 649, 650, 651, 652, 653, 654, 655, 656, 657, 658, 659, 660, 661, 662, 663, 664, 665, 666, 667, 668, 669, 670, 671, 672, 673, 674, 675, 676, 677, 678, 679, 680, 681, 682, 683, 684, 685, 686, 687, 688, 689, 690, 691, 692, 693, 694, 695, 696, 697, 698, 699, 700, 701, 702, 703, 704, 705, 706, 707, 708, 709, 710, 711, 712, 713, 714, 715, 716, 717, 718, 719, 720, 721, 722, 723, 724, 725, 726, 727, 728, 729, 730, 731, 732, 733, 734, 735, 736, 737, 738, 739, 740, 741, 742, 743, 744, 745, 746, 747, 748, 749, 750, 751, 752, 753, 754, 755, 756, 757, 758, 759, 760, 761, 762, 763, 764, 765, 766, 767, 768, 769, 770, 771, 772, 773, 774, 775, 776, 777, 778, 779, 780, 781, 782, 783, 784, 785, 786, 787, 788, 789, 790, 791, 792, 793]","[188, 189, 659, 660]","[188, 189, 277, 350, 659, 660, 736, 805]","[17, 25, 39, 41, 50, 55, 57, 59, 69, 78, 119, 174, 188, 189, 220, 250, 299, 486, 502, 520, 522, 532, 534, 535, 544, 590, 645, 659, 660, 713, 758]","[1, 13, 14, 29, 54, 55, 56, 57, 58, 60, 102, 118, 125, 127, 130, 134, 146, 149, 153, 175, 182, 187, 188, 189, 191, 197, 225, 230, 238, 264, 265, 266, 286, 302, 317, 336, 354, 379, 388, 389, 425, 454, 458, 463, 475, 487, 498, 499, 512, 530, 531, 532, 533, 534, 536, 573, 589, 596, 598, 601, 605, 617, 620, 624, 646, 653, 658, 659, 660, 662, 668, 689, 694, 702, 724, 725, 745, 760, 775, 793, 809, 829, 838, 839, 877, 901, 903, 905, 910, 923]","[1, 13, 14, 29, 54, 55, 56, 57, 58, 60, 102, 118, 125, 127, 130, 134, 146, 149, 153, 175, 182, 187, 189, 191, 197, 225, 230, 238, 264, 265, 266, 286, 302, 317, 336, 379, 388, 389, 425, 454, 458, 463, 475, 487, 498, 499, 512, 530, 531, 532, 533, 534, 536, 573, 589, 596, 598, 601, 605, 617, 620, 624, 646, 653, 658, 660, 662, 668, 689, 694, 702, 724, 725, 745, 760, 775, 793, 829, 838, 839, 877, 901, 903, 905, 910, 923]",7/6 successful match,True,[707],True,710,True,2014,0.14814814814814814,False,Alpine Chevron,Chevron
Jacumba ( 91934 ) Jacumba Shell S to Indio Blvd E ),619-766-0029 I-8 Exit 73,24 MO <U+2610><U+2610><U+2610>,Jacumba,91934,Jacumba Shell S to Indio Blvd E ),619-766-0029,2015,Jacumba,CA,Shell,,I-8 Exit 73,Exit,73,False,,False,I-8,,,,,"[660, 189]","[188, 189, 659, 660]","[188, 189, 659, 660]","[188, 189, 277, 350, 659, 660, 736, 805]","[103, 104, 105, 106, 107, 108, 109, 110, 111, 112, 113, 114, 115, 116, 117, 118, 119, 120, 121, 122, 123, 124, 125, 126, 127, 128, 129, 130, 131, 132, 133, 134, 135, 136, 137, 138, 139, 140, 141, 142, 143, 144, 145, 146, 147, 148, 149, 150, 151, 152, 153, 154, 155, 156, 157, 158, 159, 160, 161, 162, 163, 164, 165, 166, 167, 168, 169, 170, 171, 172, 173, 174, 175, 176, 177, 178, 179, 180, 181, 182, 183, 184, 185, 186, 187, 188, 189, 190, 191, 192, 193, 194, 195, 196, 197, 198, 199, 200, 201, 202, 203, 204, 205, 206, 207, 208, 209, 210, 211, 212, 213, 214, 215, 216, 217, 218, 219, 220, 221, 222, 223, 224, 225, 226, 227, 228, 229, 230, 231, 232, 233, 234, 235, 236, 237, 238, 239, 240, 241, 242, 243, 244, 245, 246, 247, 248, 249, 250, 251, 252, 253, 254, 255, 256, 257, 258, 259, 260, 261, 262, 263, 264, 265, 266, 267, 268, 269, 270, 271, 272, 273, 274, 275, 276, 277, 278, 279, 280, 281, 282, 283, 284, 285, 286, 287, 288, 289, 290, 291, 292, 293, 294, 295, 296, 297, 298, 299, 300, 301, 302, 303, 304, 305, 306, 307, 308, 309, 310, 311, 312, 313, 314, 315, 316, 317, 318, 319, 320, 321, 322, 323, 324, 325, 326, 327, 328, 329, 330, 331, 332, 333, 334, 335, 336, 337, 574, 575, 576, 577, 578, 579, 580, 581, 582, 583, 584, 585, 586, 587, 588, 589, 590, 591, 592, 593, 594, 595, 596, 597, 598, 599, 600, 601, 602, 603, 604, 605, 606, 607, 608, 609, 610, 611, 612, 613, 614, 615, 616, 617, 618, 619, 620, 621, 622, 623, 624, 625, 626, 627, 628, 629, 630, 631, 632, 633, 634, 635, 636, 637, 638, 639, 640, 641, 642, 643, 644, 645, 646, 647, 648, 649, 650, 651, 652, 653, 654, 655, 656, 657, 658, 659, 660, 661, 662, 663, 664, 665, 666, 667, 668, 669, 670, 671, 672, 673, 674, 675, 676, 677, 678, 679, 680, 681, 682, 683, 684, 685, 686, 687, 688, 689, 690, 691, 692, 693, 694, 695, 696, 697, 698, 699, 700, 701, 702, 703, 704, 705, 706, 707, 708, 709, 710, 711, 712, 713, 714, 715, 716, 717, 718, 719, 720, 721, 722, 723, 724, 725, 726, 727, 728, 729, 730, 731, 732, 733, 734, 735, 736, 737, 738, 739, 740, 741, 742, 743, 744, 745, 746, 747, 748, 749, 750, 751, 752, 753, 754, 755, 756, 757, 758, 759, 760, 761, 762, 763, 764, 765, 766, 767, 768, 769, 770, 771, 772, 773, 774, 775, 776, 777, 778, 779, 780, 781, 782, 783, 784, 785, 786, 787, 788, 789, 790, 791, 792, 793]","[17, 25, 39, 41, 50, 55, 57, 59, 69, 78, 119, 174, 188, 189, 220, 250, 299, 486, 502, 520, 522, 532, 534, 535, 544, 590, 645, 659, 660, 713, 758]","[1, 13, 14, 29, 54, 55, 56, 57, 58, 60, 102, 118, 125, 127, 130, 134, 146, 149, 153, 175, 182, 187, 189, 191, 197, 225, 230, 238, 264, 265, 266, 286, 302, 317, 336, 379, 388, 389, 425, 454, 458, 463, 475, 487, 498, 499, 512, 530, 531, 532, 533, 534, 536, 573, 589, 596, 598, 601, 605, 617, 620, 624, 646, 653, 658, 660, 662, 668, 689, 694, 702, 724, 725, 745, 760, 775, 793, 829, 838, 839, 877, 901, 903, 905, 910, 923]","[1, 13, 14, 29, 54, 55, 56, 57, 58, 60, 102, 118, 125, 127, 130, 134, 146, 149, 153, 175, 182, 187, 188, 189, 191, 197, 225, 230, 238, 264, 265, 266, 286, 302, 317, 336, 354, 379, 388, 389, 425, 454, 458, 463, 475, 487, 498, 499, 512, 530, 531, 532, 533, 534, 536, 573, 589, 596, 598, 601, 605, 617, 620, 624, 646, 653, 658, 659, 660, 662, 668, 689, 694, 702, 724, 725, 745, 760, 775, 793, 809, 829, 838, 839, 877, 901, 903, 905, 910, 923]","[1, 13, 14, 17, 25, 29, 39, 41, 50, 54, 55, 56, 57, 58, 59, 60, 69, 78, 102, 103, 104, 105, 106, 107, 108, 109, 110, 111, 112, 113, 114, 115, 116, 117, 118, 119, 120, 121, 122, 123, 124, 125, 126, 127, 128, 129, 130, 131, 132, 133, 134, 135, 136, 137, 138, 139, 140, 141, 142, 143, 144, 145, 146, 147, 148, 149, 150, 151, 152, 153, 154, 155, 156, 157, 158, 159, 160, 161, 162, 163, 164, 165, 166, 167, 168, 169, 170, 171, 172, 173, 174, 175, 176, 177, 178, 179, 180, 181, 182, 183, 184, 185, 186, 187, 188, 189, 190, 191, 192, 193, 194, 195, 196, 197, 198, 199, 200, 201, 202, 203, 204, 205, 206, 207, 208, 209, 210, 211, 212, 213, 214, 215, 216, 217, 218, 219, 220, 221, 222, 223, 224, 225, 226, 227, 228, 229, 230, 231, 232, 233, 234, 235, 236, 237, 238, 239, 240, 241, 242, 243, 244, 245, 246, 247, 248, 249, 250, 251, 252, 253, 254, 255, 256, 257, 258, 259, 260, 261, 262, 263, 264, 265, 266, 267, 268, 269, 270, 271, 272, 273, 274, 275, 276, 277, 278, 279, 280, 281, 282, 283, 284, 285, 286, 287, 288, 289, 290, 291, 292, 293, 294, 295, 296, 297, 298, 299, 300, 301, 302, 303, 304, 305, 306, 307, 308, 309, 310, 311, 312, 313, 314, 315, 316, 317, 318, 319, 320, 321, 322, 323, 324, 325, 326, 327, 328, 329, 330, 331, 332, 333, 334, 335, 336, 337, 350, 354, 379, 388, 389, 425, 454, 458, 463, 475, 486, 487, 498, 499, 502, 512, 520, 522, 530, 531, 532, 533, 534, 535, 536, 544, 573, 574, 575, 576, 577, 578, 579, 580, 581, 582, 583, 584, 585, 586, 587, 588, 589, 590, 591, 592, 593, 594, 595, 596, 597, 598, 599, 600, 601, 602, 603, 604, 605, 606, 607, 608, 609, 610, 611, 612, 613, 614, 615, 616, 617, 618, 619, 620, 621, 622, 623, 624, 625, 626, 627, 628, 629, 630, 631, 632, 633, 634, 635, 636, 637, 638, 639, 640, 641, 642, 643, 644, 645, 646, 647, 648, 649, 650, 651, 652, 653, 654, 655, 656, 657, 658, 659, 660, 661, 662, 663, 664, 665, 666, 667, 668, 669, 670, 671, 672, 673, 674, 675, 676, 677, 678, 679, 680, 681, 682, 683, 684, 685, 686, 687, 688, 689, 690, 691, 692, 693, 694, 695, 696, 697, 698, 699, 700, 701, 702, 703, 704, 705, 706, 707, 708, 709, 710, 711, 712, 713, 714, 715, 716, 717, 718, 719, 720, 721, 722, 723, 724, 725, 726, 727, 728, 729, 730, 731, 732, 733, 734, 735, 736, 737, 738, 739, 740, 741, 742, 743, 744, 745, 746, 747, 748, 749, 750, 751, 752, 753, 754, 755, 756, 757, 758, 759, 760, 761, 762, 763, 764, 765, 766, 767, 768, 769, 770, 771, 772, 773, 774, 775, 776, 777, 778, 779, 780, 781, 782, 783, 784, 785, 786, 787, 788, 789, 790, 791, 792, 793, 805, 809, 829, 838, 839, 877, 901, 903, 905, 910, 923]",True,"[188, 189, 659, 660]","[103, 104, 105, 106, 107, 108, 109, 110, 111, 112, 113, 114, 115, 116, 117, 118, 119, 120, 121, 122, 123, 124, 125, 126, 127, 128, 129, 130, 131, 132, 133, 134, 135, 136, 137, 138, 139, 140, 141, 142, 143, 144, 145, 146, 147, 148, 149, 150, 151, 152, 153, 154, 155, 156, 157, 158, 159, 160, 161, 162, 163, 164, 165, 166, 167, 168, 169, 170, 171, 172, 173, 174, 175, 176, 177, 178, 179, 180, 181, 182, 183, 184, 185, 186, 187, 188, 189, 190, 191, 192, 193, 194, 195, 196, 197, 198, 199, 200, 201, 202, 203, 204, 205, 206, 207, 208, 209, 210, 211, 212, 213, 214, 215, 216, 217, 218, 219, 220, 221, 222, 223, 224, 225, 226, 227, 228, 229, 230, 231, 232, 233, 234, 235, 236, 237, 238, 239, 240, 241, 242, 243, 244, 245, 246, 247, 248, 249, 250, 251, 252, 253, 254, 255, 256, 257, 258, 259, 260, 261, 262, 263, 264, 265, 266, 267, 268, 269, 270, 271, 272, 273, 274, 275, 276, 277, 278, 279, 280, 281, 282, 283, 284, 285, 286, 287, 288, 289, 290, 291, 292, 293, 294, 295, 296, 297, 298, 299, 300, 301, 302, 303, 304, 305, 306, 307, 308, 309, 310, 311, 312, 313, 314, 315, 316, 317, 318, 319, 320, 321, 322, 323, 324, 325, 326, 327, 328, 329, 330, 331, 332, 333, 334, 335, 336, 337, 574, 575, 576, 577, 578, 579, 580, 581, 582, 583, 584, 585, 586, 587, 588, 589, 590, 591, 592, 593, 594, 595, 596, 597, 598, 599, 600, 601, 602, 603, 604, 605, 606, 607, 608, 609, 610, 611, 612, 613, 614, 615, 616, 617, 618, 619, 620, 621, 622, 623, 624, 625, 626, 627, 628, 629, 630, 631, 632, 633, 634, 635, 636, 637, 638, 639, 640, 641, 642, 643, 644, 645, 646, 647, 648, 649, 650, 651, 652, 653, 654, 655, 656, 657, 658, 659, 660, 661, 662, 663, 664, 665, 666, 667, 668, 669, 670, 671, 672, 673, 674, 675, 676, 677, 678, 679, 680, 681, 682, 683, 684, 685, 686, 687, 688, 689, 690, 691, 692, 693, 694, 695, 696, 697, 698, 699, 700, 701, 702, 703, 704, 705, 706, 707, 708, 709, 710, 711, 712, 713, 714, 715, 716, 717, 718, 719, 720, 721, 722, 723, 724, 725, 726, 727, 728, 729, 730, 731, 732, 733, 734, 735, 736, 737, 738, 739, 740, 741, 742, 743, 744, 745, 746, 747, 748, 749, 750, 751, 752, 753, 754, 755, 756, 757, 758, 759, 760, 761, 762, 763, 764, 765, 766, 767, 768, 769, 770, 771, 772, 773, 774, 775, 776, 777, 778, 779, 780, 781, 782, 783, 784, 785, 786, 787, 788, 789, 790, 791, 792, 793]","[188, 189, 659, 660]","[188, 189, 277, 350, 659, 660, 736, 805]","[17, 25, 39, 41, 50, 55, 57, 59, 69, 78, 119, 174, 188, 189, 220, 250, 299, 486, 502, 520, 522, 532, 534, 535, 544, 590, 645, 659, 660, 713, 758]","[1, 13, 14, 29, 54, 55, 56, 57, 58, 60, 102, 118, 125, 127, 130, 134, 146, 149, 153, 175, 182, 187, 188, 189, 191, 197, 225, 230, 238, 264, 265, 266, 286, 302, 317, 336, 354, 379, 388, 389, 425, 454, 458, 463, 475, 487, 498, 499, 512, 530, 531, 532, 533, 534, 536, 573, 589, 596, 598, 601, 605, 617, 620, 624, 646, 653, 658, 659, 660, 662, 668, 689, 694, 702, 724, 725, 745, 760, 775, 793, 809, 829, 838, 839, 877, 901, 903, 905, 910, 923]","[1, 13, 14, 29, 54, 55, 56, 57, 58, 60, 102, 118, 125, 127, 130, 134, 146, 149, 153, 175, 182, 187, 189, 191, 197, 225, 230, 238, 264, 265, 266, 286, 302, 317, 336, 379, 388, 389, 425, 454, 458, 463, 475, 487, 498, 499, 512, 530, 531, 532, 533, 534, 536, 573, 589, 596, 598, 601, 605, 617, 620, 624, 646, 653, 658, 660, 662, 668, 689, 694, 702, 724, 725, 745, 760, 775, 793, 829, 838, 839, 877, 901, 903, 905, 910, 923]",7/6 successful match,True,[707],True,710,False,,0.6695652173913043,True,Jacumba Shell,Shell
Jacumba ( 91934 ) Jacumba Shell S to Indio Blvd E ),6 619-766-0029 I-8 Exit 73,24 MO 02400,Jacumba,91934,Jacumba Shell S to Indio Blvd E ),619-766-0029,2016,Jacumba,CA,Shell,,I-8 Exit 73,Exit,73,False,,False,I-8,,,,,"[660, 189]","[188, 189, 659, 660]","[188, 189, 659, 660]","[188, 189, 277, 350, 659, 660, 736, 805]","[103, 104, 105, 106, 107, 108, 109, 110, 111, 112, 113, 114, 115, 116, 117, 118, 119, 120, 121, 122, 123, 124, 125, 126, 127, 128, 129, 130, 131, 132, 133, 134, 135, 136, 137, 138, 139, 140, 141, 142, 143, 144, 145, 146, 147, 148, 149, 150, 151, 152, 153, 154, 155, 156, 157, 158, 159, 160, 161, 162, 163, 164, 165, 166, 167, 168, 169, 170, 171, 172, 173, 174, 175, 176, 177, 178, 179, 180, 181, 182, 183, 184, 185, 186, 187, 188, 189, 190, 191, 192, 193, 194, 195, 196, 197, 198, 199, 200, 201, 202, 203, 204, 205, 206, 207, 208, 209, 210, 211, 212, 213, 214, 215, 216, 217, 218, 219, 220, 221, 222, 223, 224, 225, 226, 227, 228, 229, 230, 231, 232, 233, 234, 235, 236, 237, 238, 239, 240, 241, 242, 243, 244, 245, 246, 247, 248, 249, 250, 251, 252, 253, 254, 255, 256, 257, 258, 259, 260, 261, 262, 263, 264, 265, 266, 267, 268, 269, 270, 271, 272, 273, 274, 275, 276, 277, 278, 279, 280, 281, 282, 283, 284, 285, 286, 287, 288, 289, 290, 291, 292, 293, 294, 295, 296, 297, 298, 299, 300, 301, 302, 303, 304, 305, 306, 307, 308, 309, 310, 311, 312, 313, 314, 315, 316, 317, 318, 319, 320, 321, 322, 323, 324, 325, 326, 327, 328, 329, 330, 331, 332, 333, 334, 335, 336, 337, 574, 575, 576, 577, 578, 579, 580, 581, 582, 583, 584, 585, 586, 587, 588, 589, 590, 591, 592, 593, 594, 595, 596, 597, 598, 599, 600, 601, 602, 603, 604, 605, 606, 607, 608, 609, 610, 611, 612, 613, 614, 615, 616, 617, 618, 619, 620, 621, 622, 623, 624, 625, 626, 627, 628, 629, 630, 631, 632, 633, 634, 635, 636, 637, 638, 639, 640, 641, 642, 643, 644, 645, 646, 647, 648, 649, 650, 651, 652, 653, 654, 655, 656, 657, 658, 659, 660, 661, 662, 663, 664, 665, 666, 667, 668, 669, 670, 671, 672, 673, 674, 675, 676, 677, 678, 679, 680, 681, 682, 683, 684, 685, 686, 687, 688, 689, 690, 691, 692, 693, 694, 695, 696, 697, 698, 699, 700, 701, 702, 703, 704, 705, 706, 707, 708, 709, 710, 711, 712, 713, 714, 715, 716, 717, 718, 719, 720, 721, 722, 723, 724, 725, 726, 727, 728, 729, 730, 731, 732, 733, 734, 735, 736, 737, 738, 739, 740, 741, 742, 743, 744, 745, 746, 747, 748, 749, 750, 751, 752, 753, 754, 755, 756, 757, 758, 759, 760, 761, 762, 763, 764, 765, 766, 767, 768, 769, 770, 771, 772, 773, 774, 775, 776, 777, 778, 779, 780, 781, 782, 783, 784, 785, 786, 787, 788, 789, 790, 791, 792, 793]","[17, 25, 39, 41, 50, 55, 57, 59, 69, 78, 119, 174, 188, 189, 220, 250, 299, 486, 502, 520, 522, 532, 534, 535, 544, 590, 645, 659, 660, 713, 758]","[1, 13, 14, 29, 54, 55, 56, 57, 58, 60, 102, 118, 125, 127, 130, 134, 146, 149, 153, 175, 182, 187, 189, 191, 197, 225, 230, 238, 264, 265, 266, 286, 302, 317, 336, 379, 388, 389, 425, 454, 458, 463, 475, 487, 498, 499, 512, 530, 531, 532, 533, 534, 536, 573, 589, 596, 598, 601, 605, 617, 620, 624, 646, 653, 658, 660, 662, 668, 689, 694, 702, 724, 725, 745, 760, 775, 793, 829, 838, 839, 877, 901, 903, 905, 910, 923]","[1, 13, 14, 29, 54, 55, 56, 57, 58, 60, 102, 118, 125, 127, 130, 134, 146, 149, 153, 175, 182, 187, 188, 189, 191, 197, 225, 230, 238, 264, 265, 266, 286, 302, 317, 336, 354, 379, 388, 389, 425, 454, 458, 463, 475, 487, 498, 499, 512, 530, 531, 532, 533, 534, 536, 573, 589, 596, 598, 601, 605, 617, 620, 624, 646, 653, 658, 659, 660, 662, 668, 689, 694, 702, 724, 725, 745, 760, 775, 793, 809, 829, 838, 839, 877, 901, 903, 905, 910, 923]","[1, 13, 14, 17, 25, 29, 39, 41, 50, 54, 55, 56, 57, 58, 59, 60, 69, 78, 102, 103, 104, 105, 106, 107, 108, 109, 110, 111, 112, 113, 114, 115, 116, 117, 118, 119, 120, 121, 122, 123, 124, 125, 126, 127, 128, 129, 130, 131, 132, 133, 134, 135, 136, 137, 138, 139, 140, 141, 142, 143, 144, 145, 146, 147, 148, 149, 150, 151, 152, 153, 154, 155, 156, 157, 158, 159, 160, 161, 162, 163, 164, 165, 166, 167, 168, 169, 170, 171, 172, 173, 174, 175, 176, 177, 178, 179, 180, 181, 182, 183, 184, 185, 186, 187, 188, 189, 190, 191, 192, 193, 194, 195, 196, 197, 198, 199, 200, 201, 202, 203, 204, 205, 206, 207, 208, 209, 210, 211, 212, 213, 214, 215, 216, 217, 218, 219, 220, 221, 222, 223, 224, 225, 226, 227, 228, 229, 230, 231, 232, 233, 234, 235, 236, 237, 238, 239, 240, 241, 242, 243, 244, 245, 246, 247, 248, 249, 250, 251, 252, 253, 254, 255, 256, 257, 258, 259, 260, 261, 262, 263, 264, 265, 266, 267, 268, 269, 270, 271, 272, 273, 274, 275, 276, 277, 278, 279, 280, 281, 282, 283, 284, 285, 286, 287, 288, 289, 290, 291, 292, 293, 294, 295, 296, 297, 298, 299, 300, 301, 302, 303, 304, 305, 306, 307, 308, 309, 310, 311, 312, 313, 314, 315, 316, 317, 318, 319, 320, 321, 322, 323, 324, 325, 326, 327, 328, 329, 330, 331, 332, 333, 334, 335, 336, 337, 350, 354, 379, 388, 389, 425, 454, 458, 463, 475, 486, 487, 498, 499, 502, 512, 520, 522, 530, 531, 532, 533, 534, 535, 536, 544, 573, 574, 575, 576, 577, 578, 579, 580, 581, 582, 583, 584, 585, 586, 587, 588, 589, 590, 591, 592, 593, 594, 595, 596, 597, 598, 599, 600, 601, 602, 603, 604, 605, 606, 607, 608, 609, 610, 611, 612, 613, 614, 615, 616, 617, 618, 619, 620, 621, 622, 623, 624, 625, 626, 627, 628, 629, 630, 631, 632, 633, 634, 635, 636, 637, 638, 639, 640, 641, 642, 643, 644, 645, 646, 647, 648, 649, 650, 651, 652, 653, 654, 655, 656, 657, 658, 659, 660, 661, 662, 663, 664, 665, 666, 667, 668, 669, 670, 671, 672, 673, 674, 675, 676, 677, 678, 679, 680, 681, 682, 683, 684, 685, 686, 687, 688, 689, 690, 691, 692, 693, 694, 695, 696, 697, 698, 699, 700, 701, 702, 703, 704, 705, 706, 707, 708, 709, 710, 711, 712, 713, 714, 715, 716, 717, 718, 719, 720, 721, 722, 723, 724, 725, 726, 727, 728, 729, 730, 731, 732, 733, 734, 735, 736, 737, 738, 739, 740, 741, 742, 743, 744, 745, 746, 747, 748, 749, 750, 751, 752, 753, 754, 755, 756, 757, 758, 759, 760, 761, 762, 763, 764, 765, 766, 767, 768, 769, 770, 771, 772, 773, 774, 775, 776, 777, 778, 779, 780, 781, 782, 783, 784, 785, 786, 787, 788, 789, 790, 791, 792, 793, 805, 809, 829, 838, 839, 877, 901, 903, 905, 910, 923]",True,"[188, 189, 659, 660]","[103, 104, 105, 106, 107, 108, 109, 110, 111, 112, 113, 114, 115, 116, 117, 118, 119, 120, 121, 122, 123, 124, 125, 126, 127, 128, 129, 130, 131, 132, 133, 134, 135, 136, 137, 138, 139, 140, 141, 142, 143, 144, 145, 146, 147, 148, 149, 150, 151, 152, 153, 154, 155, 156, 157, 158, 159, 160, 161, 162, 163, 164, 165, 166, 167, 168, 169, 170, 171, 172, 173, 174, 175, 176, 177, 178, 179, 180, 181, 182, 183, 184, 185, 186, 187, 188, 189, 190, 191, 192, 193, 194, 195, 196, 197, 198, 199, 200, 201, 202, 203, 204, 205, 206, 207, 208, 209, 210, 211, 212, 213, 214, 215, 216, 217, 218, 219, 220, 221, 222, 223, 224, 225, 226, 227, 228, 229, 230, 231, 232, 233, 234, 235, 236, 237, 238, 239, 240, 241, 242, 243, 244, 245, 246, 247, 248, 249, 250, 251, 252, 253, 254, 255, 256, 257, 258, 259, 260, 261, 262, 263, 264, 265, 266, 267, 268, 269, 270, 271, 272, 273, 274, 275, 276, 277, 278, 279, 280, 281, 282, 283, 284, 285, 286, 287, 288, 289, 290, 291, 292, 293, 294, 295, 296, 297, 298, 299, 300, 301, 302, 303, 304, 305, 306, 307, 308, 309, 310, 311, 312, 313, 314, 315, 316, 317, 318, 319, 320, 321, 322, 323, 324, 325, 326, 327, 328, 329, 330, 331, 332, 333, 334, 335, 336, 337, 574, 575, 576, 577, 578, 579, 580, 581, 582, 583, 584, 585, 586, 587, 588, 589, 590, 591, 592, 593, 594, 595, 596, 597, 598, 599, 600, 601, 602, 603, 604, 605, 606, 607, 608, 609, 610, 611, 612, 613, 614, 615, 616, 617, 618, 619, 620, 621, 622, 623, 624, 625, 626, 627, 628, 629, 630, 631, 632, 633, 634, 635, 636, 637, 638, 639, 640, 641, 642, 643, 644, 645, 646, 647, 648, 649, 650, 651, 652, 653, 654, 655, 656, 657, 658, 659, 660, 661, 662, 663, 664, 665, 666, 667, 668, 669, 670, 671, 672, 673, 674, 675, 676, 677, 678, 679, 680, 681, 682, 683, 684, 685, 686, 687, 688, 689, 690, 691, 692, 693, 694, 695, 696, 697, 698, 699, 700, 701, 702, 703, 704, 705, 706, 707, 708, 709, 710, 711, 712, 713, 714, 715, 716, 717, 718, 719, 720, 721, 722, 723, 724, 725, 726, 727, 728, 729, 730, 731, 732, 733, 734, 735, 736, 737, 738, 739, 740, 741, 742, 743, 744, 745, 746, 747, 748, 749, 750, 751, 752, 753, 754, 755, 756, 757, 758, 759, 760, 761, 762, 763, 764, 765, 766, 767, 768, 769, 770, 771, 772, 773, 774, 775, 776, 777, 778, 779, 780, 781, 782, 783, 784, 785, 786, 787, 788, 789, 790, 791, 792, 793]","[188, 189, 659, 660]","[188, 189, 277, 350, 659, 660, 736, 805]","[17, 25, 39, 41, 50, 55, 57, 59, 69, 78, 119, 174, 188, 189, 220, 250, 299, 486, 502, 520, 522, 532, 534, 535, 544, 590, 645, 659, 660, 713, 758]","[1, 13, 14, 29, 54, 55, 56, 57, 58, 60, 102, 118, 125, 127, 130, 134, 146, 149, 153, 175, 182, 187, 188, 189, 191, 197, 225, 230, 238, 264, 265, 266, 286, 302, 317, 336, 354, 379, 388, 389, 425, 454, 458, 463, 475, 487, 498, 499, 512, 530, 531, 532, 533, 534, 536, 573, 589, 596, 598, 601, 605, 617, 620, 624, 646, 653, 658, 659, 660, 662, 668, 689, 694, 702, 724, 725, 745, 760, 775, 793, 809, 829, 838, 839, 877, 901, 903, 905, 910, 923]","[1, 13, 14, 29, 54, 55, 56, 57, 58, 60, 102, 118, 125, 127, 130, 134, 146, 149, 153, 175, 182, 187, 189, 191, 197, 225, 230, 238, 264, 265, 266, 286, 302, 317, 336, 379, 388, 389, 425, 454, 458, 463, 475, 487, 498, 499, 512, 530, 531, 532, 533, 534, 536, 573, 589, 596, 598, 601, 605, 617, 620, 624, 646, 653, 658, 660, 662, 668, 689, 694, 702, 724, 725, 745, 760, 775, 793, 829, 838, 839, 877, 901, 903, 905, 910, 923]",7/6 successful match,True,[707],True,710,False,,1.0,True,Jacumba Shell S to Indio Blvd E ),Shell
"Carlsbad , 92008 Palomar Shell",760-438-3656 I-5 Exit 47 ( Palomar Airport Rd W ),24 <U+2610> <U+2610>,Carlsbad,92008,Palomar Shell,760-438-3656,2006,Carlsbad,CA,Shell,( Palomar Airport Rd W ),I-5 Exit 47 ,Exit,47,False,,False,I-5,,,,,[],[],[],[],"[103, 104, 105, 106, 107, 108, 109, 110, 111, 112, 113, 114, 115, 116, 117, 118, 119, 120, 121, 122, 123, 124, 125, 126, 127, 128, 129, 130, 131, 132, 133, 134, 135, 136, 137, 138, 139, 140, 141, 142, 143, 144, 145, 146, 147, 148, 149, 150, 151, 152, 153, 154, 155, 156, 157, 158, 159, 160, 161, 162, 163, 164, 165, 166, 167, 168, 169, 170, 171, 172, 173, 174, 175, 176, 177, 178, 179, 180, 181, 182, 183, 184, 185, 186, 187, 188, 189, 190, 191, 192, 193, 194, 195, 196, 197, 198, 199, 200, 201, 202, 203, 204, 205, 206, 207, 208, 209, 210, 211, 212, 213, 214, 215, 216, 217, 218, 219, 220, 221, 222, 223, 224, 225, 226, 227, 228, 229, 230, 231, 232, 233, 234, 235, 236, 237, 238, 239, 240, 241, 242, 243, 244, 245, 246, 247, 248, 249, 250, 251, 252, 253, 254, 255, 256, 257, 258, 259, 260, 261, 262, 263, 264, 265, 266, 267, 268, 269, 270, 271, 272, 273, 274, 275, 276, 277, 278, 279, 280, 281, 282, 283, 284, 285, 286, 287, 288, 289, 290, 291, 292, 293, 294, 295, 296, 297, 298, 299, 300, 301, 302, 303, 304, 305, 306, 307, 308, 309, 310, 311, 312, 313, 314, 315, 316, 317, 318, 319, 320, 321, 322, 323, 324, 325, 326, 327, 328, 329, 330, 331, 332, 333, 334, 335, 336, 337, 574, 575, 576, 577, 578, 579, 580, 581, 582, 583, 584, 585, 586, 587, 588, 589, 590, 591, 592, 593, 594, 595, 596, 597, 598, 599, 600, 601, 602, 603, 604, 605, 606, 607, 608, 609, 610, 611, 612, 613, 614, 615, 616, 617, 618, 619, 620, 621, 622, 623, 624, 625, 626, 627, 628, 629, 630, 631, 632, 633, 634, 635, 636, 637, 638, 639, 640, 641, 642, 643, 644, 645, 646, 647, 648, 649, 650, 651, 652, 653, 654, 655, 656, 657, 658, 659, 660, 661, 662, 663, 664, 665, 666, 667, 668, 669, 670, 671, 672, 673, 674, 675, 676, 677, 678, 679, 680, 681, 682, 683, 684, 685, 686, 687, 688, 689, 690, 691, 692, 693, 694, 695, 696, 697, 698, 699, 700, 701, 702, 703, 704, 705, 706, 707, 708, 709, 710, 711, 712, 713, 714, 715, 716, 717, 718, 719, 720, 721, 722, 723, 724, 725, 726, 727, 728, 729, 730, 731, 732, 733, 734, 735, 736, 737, 738, 739, 740, 741, 742, 743, 744, 745, 746, 747, 748, 749, 750, 751, 752, 753, 754, 755, 756, 757, 758, 759, 760, 761, 762, 763, 764, 765, 766, 767, 768, 769, 770, 771, 772, 773, 774, 775, 776, 777, 778, 779, 780, 781, 782, 783, 784, 785, 786, 787, 788, 789, 790, 791, 792, 793]","[105, 114, 138, 141, 152, 153, 154, 155, 157, 159, 164, 165, 176, 182, 191, 192, 194, 195, 196, 200, 204, 208, 209, 210, 211, 215, 226, 228, 241, 242, 243, 245, 248, 249, 250, 257, 261, 270, 271, 282, 287, 289, 291, 294, 296, 298, 306, 308, 309, 311, 314, 327, 333, 335, 337, 576, 585, 609, 612, 623, 624, 626, 627, 629, 631, 636, 637, 647, 653, 662, 663, 665, 666, 667, 671, 674, 678, 679, 680, 681, 690, 692, 705, 706, 707, 709, 711, 712, 713, 719, 721, 729, 730, 741, 746, 748, 750, 753, 755, 757, 764, 766, 767, 769, 772, 785, 791]","[1, 13, 14, 29, 54, 55, 56, 57, 58, 60, 102, 118, 125, 127, 130, 134, 146, 149, 153, 175, 182, 187, 189, 191, 197, 225, 230, 238, 264, 265, 266, 286, 302, 317, 336, 379, 388, 389, 425, 454, 458, 463, 475, 487, 498, 499, 512, 530, 531, 532, 533, 534, 536, 573, 589, 596, 598, 601, 605, 617, 620, 624, 646, 653, 658, 660, 662, 668, 689, 694, 702, 724, 725, 745, 760, 775, 793, 829, 838, 839, 877, 901, 903, 905, 910, 923]","[1, 13, 14, 29, 54, 55, 56, 57, 58, 60, 102, 118, 125, 127, 130, 134, 146, 149, 153, 175, 182, 187, 189, 191, 197, 225, 230, 238, 264, 265, 266, 286, 302, 317, 336, 354, 379, 388, 389, 425, 454, 458, 463, 475, 487, 498, 499, 512, 530, 531, 532, 533, 534, 536, 573, 589, 596, 598, 601, 605, 617, 620, 624, 646, 653, 658, 660, 662, 668, 689, 694, 702, 724, 725, 745, 760, 775, 793, 809, 829, 838, 839, 877, 901, 903, 905, 910, 923]","[1, 13, 14, 29, 54, 55, 56, 57, 58, 60, 102, 103, 104, 105, 106, 107, 108, 109, 110, 111, 112, 113, 114, 115, 116, 117, 118, 119, 120, 121, 122, 123, 124, 125, 126, 127, 128, 129, 130, 131, 132, 133, 134, 135, 136, 137, 138, 139, 140, 141, 142, 143, 144, 145, 146, 147, 148, 149, 150, 151, 152, 153, 154, 155, 156, 157, 158, 159, 160, 161, 162, 163, 164, 165, 166, 167, 168, 169, 170, 171, 172, 173, 174, 175, 176, 177, 178, 179, 180, 181, 182, 183, 184, 185, 186, 187, 188, 189, 190, 191, 192, 193, 194, 195, 196, 197, 198, 199, 200, 201, 202, 203, 204, 205, 206, 207, 208, 209, 210, 211, 212, 213, 214, 215, 216, 217, 218, 219, 220, 221, 222, 223, 224, 225, 226, 227, 228, 229, 230, 231, 232, 233, 234, 235, 236, 237, 238, 239, 240, 241, 242, 243, 244, 245, 246, 247, 248, 249, 250, 251, 252, 253, 254, 255, 256, 257, 258, 259, 260, 261, 262, 263, 264, 265, 266, 267, 268, 269, 270, 271, 272, 273, 274, 275, 276, 277, 278, 279, 280, 281, 282, 283, 284, 285, 286, 287, 288, 289, 290, 291, 292, 293, 294, 295, 296, 297, 298, 299, 300, 301, 302, 303, 304, 305, 306, 307, 308, 309, 310, 311, 312, 313, 314, 315, 316, 317, 318, 319, 320, 321, 322, 323, 324, 325, 326, 327, 328, 329, 330, 331, 332, 333, 334, 335, 336, 337, 354, 379, 388, 389, 425, 454, 458, 463, 475, 487, 498, 499, 512, 530, 531, 532, 533, 534, 536, 573, 574, 575, 576, 577, 578, 579, 580, 581, 582, 583, 584, 585, 586, 587, 588, 589, 590, 591, 592, 593, 594, 595, 596, 597, 598, 599, 600, 601, 602, 603, 604, 605, 606, 607, 608, 609, 610, 611, 612, 613, 614, 615, 616, 617, 618, 619, 620, 621, 622, 623, 624, 625, 626, 627, 628, 629, 630, 631, 632, 633, 634, 635, 636, 637, 638, 639, 640, 641, 642, 643, 644, 645, 646, 647, 648, 649, 650, 651, 652, 653, 654, 655, 656, 657, 658, 659, 660, 661, 662, 663, 664, 665, 666, 667, 668, 669, 670, 671, 672, 673, 674, 675, 676, 677, 678, 679, 680, 681, 682, 683, 684, 685, 686, 687, 688, 689, 690, 691, 692, 693, 694, 695, 696, 697, 698, 699, 700, 701, 702, 703, 704, 705, 706, 707, 708, 709, 710, 711, 712, 713, 714, 715, 716, 717, 718, 719, 720, 721, 722, 723, 724, 725, 726, 727, 728, 729, 730, 731, 732, 733, 734, 735, 736, 737, 738, 739, 740, 741, 742, 743, 744, 745, 746, 747, 748, 749, 750, 751, 752, 753, 754, 755, 756, 757, 758, 759, 760, 761, 762, 763, 764, 765, 766, 767, 768, 769, 770, 771, 772, 773, 774, 775, 776, 777, 778, 779, 780, 781, 782, 783, 784, 785, 786, 787, 788, 789, 790, 791, 792, 793, 809, 829, 838, 839, 877, 901, 903, 905, 910, 923]",False,[],"[103, 104, 105, 106, 107, 108, 109, 110, 111, 112, 113, 114, 115, 116, 117, 118, 119, 120, 121, 122, 123, 124, 125, 126, 127, 128, 129, 130, 131, 132, 133, 134, 135, 136, 137, 138, 139, 140, 141, 142, 143, 144, 145, 146, 147, 148, 149, 150, 151, 152, 153, 154, 155, 156, 157, 158, 159, 160, 161, 162, 163, 164, 165, 166, 167, 168, 169, 170, 171, 172, 173, 174, 175, 176, 177, 178, 179, 180, 181, 182, 183, 184, 185, 186, 187, 188, 189, 190, 191, 192, 193, 194, 195, 196, 197, 198, 199, 200, 201, 202, 203, 204, 205, 206, 207, 208, 209, 210, 211, 212, 213, 214, 215, 216, 217, 218, 219, 220, 221, 222, 223, 224, 225, 226, 227, 228, 229, 230, 231, 232, 233, 234, 235, 236, 237, 238, 239, 240, 241, 242, 243, 244, 245, 246, 247, 248, 249, 250, 251, 252, 253, 254, 255, 256, 257, 258, 259, 260, 261, 262, 263, 264, 265, 266, 267, 268, 269, 270, 271, 272, 273, 274, 275, 276, 277, 278, 279, 280, 281, 282, 283, 284, 285, 286, 287, 288, 289, 290, 291, 292, 293, 294, 295, 296, 297, 298, 299, 300, 301, 302, 303, 304, 305, 306, 307, 308, 309, 310, 311, 312, 313, 314, 315, 316, 317, 318, 319, 320, 321, 322, 323, 324, 325, 326, 327, 328, 329, 330, 331, 332, 333, 334, 335, 336, 337, 574, 575, 576, 577, 578, 579, 580, 581, 582, 583, 584, 585, 586, 587, 588, 589, 590, 591, 592, 593, 594, 595, 596, 597, 598, 599, 600, 601, 602, 603, 604, 605, 606, 607, 608, 609, 610, 611, 612, 613, 614, 615, 616, 617, 618, 619, 620, 621, 622, 623, 624, 625, 626, 627, 628, 629, 630, 631, 632, 633, 634, 635, 636, 637, 638, 639, 640, 641, 642, 643, 644, 645, 646, 647, 648, 649, 650, 651, 652, 653, 654, 655, 656, 657, 658, 659, 660, 661, 662, 663, 664, 665, 666, 667, 668, 669, 670, 671, 672, 673, 674, 675, 676, 677, 678, 679, 680, 681, 682, 683, 684, 685, 686, 687, 688, 689, 690, 691, 692, 693, 694, 695, 696, 697, 698, 699, 700, 701, 702, 703, 704, 705, 706, 707, 708, 709, 710, 711, 712, 713, 714, 715, 716, 717, 718, 719, 720, 721, 722, 723, 724, 725, 726, 727, 728, 729, 730, 731, 732, 733, 734, 735, 736, 737, 738, 739, 740, 741, 742, 743, 744, 745, 746, 747, 748, 749, 750, 751, 752, 753, 754, 755, 756, 757, 758, 759, 760, 761, 762, 763, 764, 765, 766, 767, 768, 769, 770, 771, 772, 773, 774, 775, 776, 777, 778, 779, 780, 781, 782, 783, 784, 785, 786, 787, 788, 789, 790, 791, 792, 793]",[],[],"[105, 114, 138, 141, 152, 153, 154, 155, 157, 159, 164, 165, 176, 182, 191, 192, 194, 195, 196, 200, 204, 208, 209, 210, 211, 215, 226, 228, 241, 242, 243, 245, 248, 249, 250, 257, 261, 270, 271, 282, 287, 289, 291, 294, 296, 298, 306, 308, 309, 311, 314, 327, 333, 335, 337, 576, 585, 609, 612, 623, 624, 626, 627, 629, 631, 636, 637, 647, 653, 662, 663, 665, 666, 667, 671, 674, 678, 679, 680, 681, 690, 692, 705, 706, 707, 709, 711, 712, 713, 719, 721, 729, 730, 741, 746, 748, 750, 753, 755, 757, 764, 766, 767, 769, 772, 785, 791]","[1, 13, 14, 29, 54, 55, 56, 57, 58, 60, 102, 118, 125, 127, 130, 134, 146, 149, 153, 175, 182, 187, 189, 191, 197, 225, 230, 238, 264, 265, 266, 286, 302, 317, 336, 354, 379, 388, 389, 425, 454, 458, 463, 475, 487, 498, 499, 512, 530, 531, 532, 533, 534, 536, 573, 589, 596, 598, 601, 605, 617, 620, 624, 646, 653, 658, 660, 662, 668, 689, 694, 702, 724, 725, 745, 760, 775, 793, 809, 829, 838, 839, 877, 901, 903, 905, 910, 923]","[1, 13, 14, 29, 54, 55, 56, 57, 58, 60, 102, 118, 125, 127, 130, 134, 146, 149, 153, 175, 182, 187, 189, 191, 197, 225, 230, 238, 264, 265, 266, 286, 302, 317, 336, 379, 388, 389, 425, 454, 458, 463, 475, 487, 498, 499, 512, 530, 531, 532, 533, 534, 536, 573, 589, 596, 598, 601, 605, 617, 620, 624, 646, 653, 658, 660, 662, 668, 689, 694, 702, 724, 725, 745, 760, 775, 793, 829, 838, 839, 877, 901, 903, 905, 910, 923]",7/6 successful match,False,[536],True,711,False,,,,,
"Carlsbad , 92008 Palomar Shell",760-438-3656 I-5 Exit 47 ( Palomar Airport Rd W ),24,Carlsbad,92008,Palomar Shell,760-438-3656,2007,Carlsbad,CA,Shell,( Palomar Airport Rd W ),I-5 Exit 47 ,Exit,47,False,,False,I-5,,,,,[],[],[],[],"[103, 104, 105, 106, 107, 108, 109, 110, 111, 112, 113, 114, 115, 116, 117, 118, 119, 120, 121, 122, 123, 124, 125, 126, 127, 128, 129, 130, 131, 132, 133, 134, 135, 136, 137, 138, 139, 140, 141, 142, 143, 144, 145, 146, 147, 148, 149, 150, 151, 152, 153, 154, 155, 156, 157, 158, 159, 160, 161, 162, 163, 164, 165, 166, 167, 168, 169, 170, 171, 172, 173, 174, 175, 176, 177, 178, 179, 180, 181, 182, 183, 184, 185, 186, 187, 188, 189, 190, 191, 192, 193, 194, 195, 196, 197, 198, 199, 200, 201, 202, 203, 204, 205, 206, 207, 208, 209, 210, 211, 212, 213, 214, 215, 216, 217, 218, 219, 220, 221, 222, 223, 224, 225, 226, 227, 228, 229, 230, 231, 232, 233, 234, 235, 236, 237, 238, 239, 240, 241, 242, 243, 244, 245, 246, 247, 248, 249, 250, 251, 252, 253, 254, 255, 256, 257, 258, 259, 260, 261, 262, 263, 264, 265, 266, 267, 268, 269, 270, 271, 272, 273, 274, 275, 276, 277, 278, 279, 280, 281, 282, 283, 284, 285, 286, 287, 288, 289, 290, 291, 292, 293, 294, 295, 296, 297, 298, 299, 300, 301, 302, 303, 304, 305, 306, 307, 308, 309, 310, 311, 312, 313, 314, 315, 316, 317, 318, 319, 320, 321, 322, 323, 324, 325, 326, 327, 328, 329, 330, 331, 332, 333, 334, 335, 336, 337, 574, 575, 576, 577, 578, 579, 580, 581, 582, 583, 584, 585, 586, 587, 588, 589, 590, 591, 592, 593, 594, 595, 596, 597, 598, 599, 600, 601, 602, 603, 604, 605, 606, 607, 608, 609, 610, 611, 612, 613, 614, 615, 616, 617, 618, 619, 620, 621, 622, 623, 624, 625, 626, 627, 628, 629, 630, 631, 632, 633, 634, 635, 636, 637, 638, 639, 640, 641, 642, 643, 644, 645, 646, 647, 648, 649, 650, 651, 652, 653, 654, 655, 656, 657, 658, 659, 660, 661, 662, 663, 664, 665, 666, 667, 668, 669, 670, 671, 672, 673, 674, 675, 676, 677, 678, 679, 680, 681, 682, 683, 684, 685, 686, 687, 688, 689, 690, 691, 692, 693, 694, 695, 696, 697, 698, 699, 700, 701, 702, 703, 704, 705, 706, 707, 708, 709, 710, 711, 712, 713, 714, 715, 716, 717, 718, 719, 720, 721, 722, 723, 724, 725, 726, 727, 728, 729, 730, 731, 732, 733, 734, 735, 736, 737, 738, 739, 740, 741, 742, 743, 744, 745, 746, 747, 748, 749, 750, 751, 752, 753, 754, 755, 756, 757, 758, 759, 760, 761, 762, 763, 764, 765, 766, 767, 768, 769, 770, 771, 772, 773, 774, 775, 776, 777, 778, 779, 780, 781, 782, 783, 784, 785, 786, 787, 788, 789, 790, 791, 792, 793]","[105, 114, 138, 141, 152, 153, 154, 155, 157, 159, 164, 165, 176, 182, 191, 192, 194, 195, 196, 200, 204, 208, 209, 210, 211, 215, 226, 228, 241, 242, 243, 245, 248, 249, 250, 257, 261, 270, 271, 282, 287, 289, 291, 294, 296, 298, 306, 308, 309, 311, 314, 327, 333, 335, 337, 576, 585, 609, 612, 623, 624, 626, 627, 629, 631, 636, 637, 647, 653, 662, 663, 665, 666, 667, 671, 674, 678, 679, 680, 681, 690, 692, 705, 706, 707, 709, 711, 712, 713, 719, 721, 729, 730, 741, 746, 748, 750, 753, 755, 757, 764, 766, 767, 769, 772, 785, 791]","[1, 13, 14, 29, 54, 55, 56, 57, 58, 60, 102, 118, 125, 127, 130, 134, 146, 149, 153, 175, 182, 187, 189, 191, 197, 225, 230, 238, 264, 265, 266, 286, 302, 317, 336, 379, 388, 389, 425, 454, 458, 463, 475, 487, 498, 499, 512, 530, 531, 532, 533, 534, 536, 573, 589, 596, 598, 601, 605, 617, 620, 624, 646, 653, 658, 660, 662, 668, 689, 694, 702, 724, 725, 745, 760, 775, 793, 829, 838, 839, 877, 901, 903, 905, 910, 923]","[1, 13, 14, 29, 54, 55, 56, 57, 58, 60, 102, 118, 125, 127, 130, 134, 146, 149, 153, 175, 182, 187, 189, 191, 197, 225, 230, 238, 264, 265, 266, 286, 302, 317, 336, 354, 379, 388, 389, 425, 454, 458, 463, 475, 487, 498, 499, 512, 530, 531, 532, 533, 534, 536, 573, 589, 596, 598, 601, 605, 617, 620, 624, 646, 653, 658, 660, 662, 668, 689, 694, 702, 724, 725, 745, 760, 775, 793, 809, 829, 838, 839, 877, 901, 903, 905, 910, 923]","[1, 13, 14, 29, 54, 55, 56, 57, 58, 60, 102, 103, 104, 105, 106, 107, 108, 109, 110, 111, 112, 113, 114, 115, 116, 117, 118, 119, 120, 121, 122, 123, 124, 125, 126, 127, 128, 129, 130, 131, 132, 133, 134, 135, 136, 137, 138, 139, 140, 141, 142, 143, 144, 145, 146, 147, 148, 149, 150, 151, 152, 153, 154, 155, 156, 157, 158, 159, 160, 161, 162, 163, 164, 165, 166, 167, 168, 169, 170, 171, 172, 173, 174, 175, 176, 177, 178, 179, 180, 181, 182, 183, 184, 185, 186, 187, 188, 189, 190, 191, 192, 193, 194, 195, 196, 197, 198, 199, 200, 201, 202, 203, 204, 205, 206, 207, 208, 209, 210, 211, 212, 213, 214, 215, 216, 217, 218, 219, 220, 221, 222, 223, 224, 225, 226, 227, 228, 229, 230, 231, 232, 233, 234, 235, 236, 237, 238, 239, 240, 241, 242, 243, 244, 245, 246, 247, 248, 249, 250, 251, 252, 253, 254, 255, 256, 257, 258, 259, 260, 261, 262, 263, 264, 265, 266, 267, 268, 269, 270, 271, 272, 273, 274, 275, 276, 277, 278, 279, 280, 281, 282, 283, 284, 285, 286, 287, 288, 289, 290, 291, 292, 293, 294, 295, 296, 297, 298, 299, 300, 301, 302, 303, 304, 305, 306, 307, 308, 309, 310, 311, 312, 313, 314, 315, 316, 317, 318, 319, 320, 321, 322, 323, 324, 325, 326, 327, 328, 329, 330, 331, 332, 333, 334, 335, 336, 337, 354, 379, 388, 389, 425, 454, 458, 463, 475, 487, 498, 499, 512, 530, 531, 532, 533, 534, 536, 573, 574, 575, 576, 577, 578, 579, 580, 581, 582, 583, 584, 585, 586, 587, 588, 589, 590, 591, 592, 593, 594, 595, 596, 597, 598, 599, 600, 601, 602, 603, 604, 605, 606, 607, 608, 609, 610, 611, 612, 613, 614, 615, 616, 617, 618, 619, 620, 621, 622, 623, 624, 625, 626, 627, 628, 629, 630, 631, 632, 633, 634, 635, 636, 637, 638, 639, 640, 641, 642, 643, 644, 645, 646, 647, 648, 649, 650, 651, 652, 653, 654, 655, 656, 657, 658, 659, 660, 661, 662, 663, 664, 665, 666, 667, 668, 669, 670, 671, 672, 673, 674, 675, 676, 677, 678, 679, 680, 681, 682, 683, 684, 685, 686, 687, 688, 689, 690, 691, 692, 693, 694, 695, 696, 697, 698, 699, 700, 701, 702, 703, 704, 705, 706, 707, 708, 709, 710, 711, 712, 713, 714, 715, 716, 717, 718, 719, 720, 721, 722, 723, 724, 725, 726, 727, 728, 729, 730, 731, 732, 733, 734, 735, 736, 737, 738, 739, 740, 741, 742, 743, 744, 745, 746, 747, 748, 749, 750, 751, 752, 753, 754, 755, 756, 757, 758, 759, 760, 761, 762, 763, 764, 765, 766, 767, 768, 769, 770, 771, 772, 773, 774, 775, 776, 777, 778, 779, 780, 781, 782, 783, 784, 785, 786, 787, 788, 789, 790, 791, 792, 793, 809, 829, 838, 839, 877, 901, 903, 905, 910, 923]",False,[],"[103, 104, 105, 106, 107, 108, 109, 110, 111, 112, 113, 114, 115, 116, 117, 118, 119, 120, 121, 122, 123, 124, 125, 126, 127, 128, 129, 130, 131, 132, 133, 134, 135, 136, 137, 138, 139, 140, 141, 142, 143, 144, 145, 146, 147, 148, 149, 150, 151, 152, 153, 154, 155, 156, 157, 158, 159, 160, 161, 162, 163, 164, 165, 166, 167, 168, 169, 170, 171, 172, 173, 174, 175, 176, 177, 178, 179, 180, 181, 182, 183, 184, 185, 186, 187, 188, 189, 190, 191, 192, 193, 194, 195, 196, 197, 198, 199, 200, 201, 202, 203, 204, 205, 206, 207, 208, 209, 210, 211, 212, 213, 214, 215, 216, 217, 218, 219, 220, 221, 222, 223, 224, 225, 226, 227, 228, 229, 230, 231, 232, 233, 234, 235, 236, 237, 238, 239, 240, 241, 242, 243, 244, 245, 246, 247, 248, 249, 250, 251, 252, 253, 254, 255, 256, 257, 258, 259, 260, 261, 262, 263, 264, 265, 266, 267, 268, 269, 270, 271, 272, 273, 274, 275, 276, 277, 278, 279, 280, 281, 282, 283, 284, 285, 286, 287, 288, 289, 290, 291, 292, 293, 294, 295, 296, 297, 298, 299, 300, 301, 302, 303, 304, 305, 306, 307, 308, 309, 310, 311, 312, 313, 314, 315, 316, 317, 318, 319, 320, 321, 322, 323, 324, 325, 326, 327, 328, 329, 330, 331, 332, 333, 334, 335, 336, 337, 574, 575, 576, 577, 578, 579, 580, 581, 582, 583, 584, 585, 586, 587, 588, 589, 590, 591, 592, 593, 594, 595, 596, 597, 598, 599, 600, 601, 602, 603, 604, 605, 606, 607, 608, 609, 610, 611, 612, 613, 614, 615, 616, 617, 618, 619, 620, 621, 622, 623, 624, 625, 626, 627, 628, 629, 630, 631, 632, 633, 634, 635, 636, 637, 638, 639, 640, 641, 642, 643, 644, 645, 646, 647, 648, 649, 650, 651, 652, 653, 654, 655, 656, 657, 658, 659, 660, 661, 662, 663, 664, 665, 666, 667, 668, 669, 670, 671, 672, 673, 674, 675, 676, 677, 678, 679, 680, 681, 682, 683, 684, 685, 686, 687, 688, 689, 690, 691, 692, 693, 694, 695, 696, 697, 698, 699, 700, 701, 702, 703, 704, 705, 706, 707, 708, 709, 710, 711, 712, 713, 714, 715, 716, 717, 718, 719, 720, 721, 722, 723, 724, 725, 726, 727, 728, 729, 730, 731, 732, 733, 734, 735, 736, 737, 738, 739, 740, 741, 742, 743, 744, 745, 746, 747, 748, 749, 750, 751, 752, 753, 754, 755, 756, 757, 758, 759, 760, 761, 762, 763, 764, 765, 766, 767, 768, 769, 770, 771, 772, 773, 774, 775, 776, 777, 778, 779, 780, 781, 782, 783, 784, 785, 786, 787, 788, 789, 790, 791, 792, 793]",[],[],"[105, 114, 138, 141, 152, 153, 154, 155, 157, 159, 164, 165, 176, 182, 191, 192, 194, 195, 196, 200, 204, 208, 209, 210, 211, 215, 226, 228, 241, 242, 243, 245, 248, 249, 250, 257, 261, 270, 271, 282, 287, 289, 291, 294, 296, 298, 306, 308, 309, 311, 314, 327, 333, 335, 337, 576, 585, 609, 612, 623, 624, 626, 627, 629, 631, 636, 637, 647, 653, 662, 663, 665, 666, 667, 671, 674, 678, 679, 680, 681, 690, 692, 705, 706, 707, 709, 711, 712, 713, 719, 721, 729, 730, 741, 746, 748, 750, 753, 755, 757, 764, 766, 767, 769, 772, 785, 791]","[1, 13, 14, 29, 54, 55, 56, 57, 58, 60, 102, 118, 125, 127, 130, 134, 146, 149, 153, 175, 182, 187, 189, 191, 197, 225, 230, 238, 264, 265, 266, 286, 302, 317, 336, 354, 379, 388, 389, 425, 454, 458, 463, 475, 487, 498, 499, 512, 530, 531, 532, 533, 534, 536, 573, 589, 596, 598, 601, 605, 617, 620, 624, 646, 653, 658, 660, 662, 668, 689, 694, 702, 724, 725, 745, 760, 775, 793, 809, 829, 838, 839, 877, 901, 903, 905, 910, 923]","[1, 13, 14, 29, 54, 55, 56, 57, 58, 60, 102, 118, 125, 127, 130, 134, 146, 149, 153, 175, 182, 187, 189, 191, 197, 225, 230, 238, 264, 265, 266, 286, 302, 317, 336, 379, 388, 389, 425, 454, 458, 463, 475, 487, 498, 499, 512, 530, 531, 532, 533, 534, 536, 573, 589, 596, 598, 601, 605, 617, 620, 624, 646, 653, 658, 660, 662, 668, 689, 694, 702, 724, 725, 745, 760, 775, 793, 829, 838, 839, 877, 901, 903, 905, 910, 923]",7/6 successful match,False,[536],True,711,False,,1.0,True,Palomar Shell,Shell
"Carlsbad , 92008 Palomar Shell",5 760-438-3656 I-5 Exit 47 ( Palomar Airport Rd W ),24 HRS <U+2610> <U+2610>,Carlsbad,92008,Palomar Shell,760-438-3656,2008,Carlsbad,CA,Shell,( Palomar Airport Rd W ),I-5 Exit 47 ,Exit,47,False,,False,I-5,,,,,[],[],[],[],"[103, 104, 105, 106, 107, 108, 109, 110, 111, 112, 113, 114, 115, 116, 117, 118, 119, 120, 121, 122, 123, 124, 125, 126, 127, 128, 129, 130, 131, 132, 133, 134, 135, 136, 137, 138, 139, 140, 141, 142, 143, 144, 145, 146, 147, 148, 149, 150, 151, 152, 153, 154, 155, 156, 157, 158, 159, 160, 161, 162, 163, 164, 165, 166, 167, 168, 169, 170, 171, 172, 173, 174, 175, 176, 177, 178, 179, 180, 181, 182, 183, 184, 185, 186, 187, 188, 189, 190, 191, 192, 193, 194, 195, 196, 197, 198, 199, 200, 201, 202, 203, 204, 205, 206, 207, 208, 209, 210, 211, 212, 213, 214, 215, 216, 217, 218, 219, 220, 221, 222, 223, 224, 225, 226, 227, 228, 229, 230, 231, 232, 233, 234, 235, 236, 237, 238, 239, 240, 241, 242, 243, 244, 245, 246, 247, 248, 249, 250, 251, 252, 253, 254, 255, 256, 257, 258, 259, 260, 261, 262, 263, 264, 265, 266, 267, 268, 269, 270, 271, 272, 273, 274, 275, 276, 277, 278, 279, 280, 281, 282, 283, 284, 285, 286, 287, 288, 289, 290, 291, 292, 293, 294, 295, 296, 297, 298, 299, 300, 301, 302, 303, 304, 305, 306, 307, 308, 309, 310, 311, 312, 313, 314, 315, 316, 317, 318, 319, 320, 321, 322, 323, 324, 325, 326, 327, 328, 329, 330, 331, 332, 333, 334, 335, 336, 337, 574, 575, 576, 577, 578, 579, 580, 581, 582, 583, 584, 585, 586, 587, 588, 589, 590, 591, 592, 593, 594, 595, 596, 597, 598, 599, 600, 601, 602, 603, 604, 605, 606, 607, 608, 609, 610, 611, 612, 613, 614, 615, 616, 617, 618, 619, 620, 621, 622, 623, 624, 625, 626, 627, 628, 629, 630, 631, 632, 633, 634, 635, 636, 637, 638, 639, 640, 641, 642, 643, 644, 645, 646, 647, 648, 649, 650, 651, 652, 653, 654, 655, 656, 657, 658, 659, 660, 661, 662, 663, 664, 665, 666, 667, 668, 669, 670, 671, 672, 673, 674, 675, 676, 677, 678, 679, 680, 681, 682, 683, 684, 685, 686, 687, 688, 689, 690, 691, 692, 693, 694, 695, 696, 697, 698, 699, 700, 701, 702, 703, 704, 705, 706, 707, 708, 709, 710, 711, 712, 713, 714, 715, 716, 717, 718, 719, 720, 721, 722, 723, 724, 725, 726, 727, 728, 729, 730, 731, 732, 733, 734, 735, 736, 737, 738, 739, 740, 741, 742, 743, 744, 745, 746, 747, 748, 749, 750, 751, 752, 753, 754, 755, 756, 757, 758, 759, 760, 761, 762, 763, 764, 765, 766, 767, 768, 769, 770, 771, 772, 773, 774, 775, 776, 777, 778, 779, 780, 781, 782, 783, 784, 785, 786, 787, 788, 789, 790, 791, 792, 793]","[105, 114, 138, 141, 152, 153, 154, 155, 157, 159, 164, 165, 176, 182, 191, 192, 194, 195, 196, 200, 204, 208, 209, 210, 211, 215, 226, 228, 241, 242, 243, 245, 248, 249, 250, 257, 261, 270, 271, 282, 287, 289, 291, 294, 296, 298, 306, 308, 309, 311, 314, 327, 333, 335, 337, 576, 585, 609, 612, 623, 624, 626, 627, 629, 631, 636, 637, 647, 653, 662, 663, 665, 666, 667, 671, 674, 678, 679, 680, 681, 690, 692, 705, 706, 707, 709, 711, 712, 713, 719, 721, 729, 730, 741, 746, 748, 750, 753, 755, 757, 764, 766, 767, 769, 772, 785, 791]","[1, 13, 14, 29, 54, 55, 56, 57, 58, 60, 102, 118, 125, 127, 130, 134, 146, 149, 153, 175, 182, 187, 189, 191, 197, 225, 230, 238, 264, 265, 266, 286, 302, 317, 336, 379, 388, 389, 425, 454, 458, 463, 475, 487, 498, 499, 512, 530, 531, 532, 533, 534, 536, 573, 589, 596, 598, 601, 605, 617, 620, 624, 646, 653, 658, 660, 662, 668, 689, 694, 702, 724, 725, 745, 760, 775, 793, 829, 838, 839, 877, 901, 903, 905, 910, 923]","[1, 13, 14, 29, 54, 55, 56, 57, 58, 60, 102, 118, 125, 127, 130, 134, 146, 149, 153, 175, 182, 187, 189, 191, 197, 225, 230, 238, 264, 265, 266, 286, 302, 317, 336, 354, 379, 388, 389, 425, 454, 458, 463, 475, 487, 498, 499, 512, 530, 531, 532, 533, 534, 536, 573, 589, 596, 598, 601, 605, 617, 620, 624, 646, 653, 658, 660, 662, 668, 689, 694, 702, 724, 725, 745, 760, 775, 793, 809, 829, 838, 839, 877, 901, 903, 905, 910, 923]","[1, 13, 14, 29, 54, 55, 56, 57, 58, 60, 102, 103, 104, 105, 106, 107, 108, 109, 110, 111, 112, 113, 114, 115, 116, 117, 118, 119, 120, 121, 122, 123, 124, 125, 126, 127, 128, 129, 130, 131, 132, 133, 134, 135, 136, 137, 138, 139, 140, 141, 142, 143, 144, 145, 146, 147, 148, 149, 150, 151, 152, 153, 154, 155, 156, 157, 158, 159, 160, 161, 162, 163, 164, 165, 166, 167, 168, 169, 170, 171, 172, 173, 174, 175, 176, 177, 178, 179, 180, 181, 182, 183, 184, 185, 186, 187, 188, 189, 190, 191, 192, 193, 194, 195, 196, 197, 198, 199, 200, 201, 202, 203, 204, 205, 206, 207, 208, 209, 210, 211, 212, 213, 214, 215, 216, 217, 218, 219, 220, 221, 222, 223, 224, 225, 226, 227, 228, 229, 230, 231, 232, 233, 234, 235, 236, 237, 238, 239, 240, 241, 242, 243, 244, 245, 246, 247, 248, 249, 250, 251, 252, 253, 254, 255, 256, 257, 258, 259, 260, 261, 262, 263, 264, 265, 266, 267, 268, 269, 270, 271, 272, 273, 274, 275, 276, 277, 278, 279, 280, 281, 282, 283, 284, 285, 286, 287, 288, 289, 290, 291, 292, 293, 294, 295, 296, 297, 298, 299, 300, 301, 302, 303, 304, 305, 306, 307, 308, 309, 310, 311, 312, 313, 314, 315, 316, 317, 318, 319, 320, 321, 322, 323, 324, 325, 326, 327, 328, 329, 330, 331, 332, 333, 334, 335, 336, 337, 354, 379, 388, 389, 425, 454, 458, 463, 475, 487, 498, 499, 512, 530, 531, 532, 533, 534, 536, 573, 574, 575, 576, 577, 578, 579, 580, 581, 582, 583, 584, 585, 586, 587, 588, 589, 590, 591, 592, 593, 594, 595, 596, 597, 598, 599, 600, 601, 602, 603, 604, 605, 606, 607, 608, 609, 610, 611, 612, 613, 614, 615, 616, 617, 618, 619, 620, 621, 622, 623, 624, 625, 626, 627, 628, 629, 630, 631, 632, 633, 634, 635, 636, 637, 638, 639, 640, 641, 642, 643, 644, 645, 646, 647, 648, 649, 650, 651, 652, 653, 654, 655, 656, 657, 658, 659, 660, 661, 662, 663, 664, 665, 666, 667, 668, 669, 670, 671, 672, 673, 674, 675, 676, 677, 678, 679, 680, 681, 682, 683, 684, 685, 686, 687, 688, 689, 690, 691, 692, 693, 694, 695, 696, 697, 698, 699, 700, 701, 702, 703, 704, 705, 706, 707, 708, 709, 710, 711, 712, 713, 714, 715, 716, 717, 718, 719, 720, 721, 722, 723, 724, 725, 726, 727, 728, 729, 730, 731, 732, 733, 734, 735, 736, 737, 738, 739, 740, 741, 742, 743, 744, 745, 746, 747, 748, 749, 750, 751, 752, 753, 754, 755, 756, 757, 758, 759, 760, 761, 762, 763, 764, 765, 766, 767, 768, 769, 770, 771, 772, 773, 774, 775, 776, 777, 778, 779, 780, 781, 782, 783, 784, 785, 786, 787, 788, 789, 790, 791, 792, 793, 809, 829, 838, 839, 877, 901, 903, 905, 910, 923]",False,[],"[103, 104, 105, 106, 107, 108, 109, 110, 111, 112, 113, 114, 115, 116, 117, 118, 119, 120, 121, 122, 123, 124, 125, 126, 127, 128, 129, 130, 131, 132, 133, 134, 135, 136, 137, 138, 139, 140, 141, 142, 143, 144, 145, 146, 147, 148, 149, 150, 151, 152, 153, 154, 155, 156, 157, 158, 159, 160, 161, 162, 163, 164, 165, 166, 167, 168, 169, 170, 171, 172, 173, 174, 175, 176, 177, 178, 179, 180, 181, 182, 183, 184, 185, 186, 187, 188, 189, 190, 191, 192, 193, 194, 195, 196, 197, 198, 199, 200, 201, 202, 203, 204, 205, 206, 207, 208, 209, 210, 211, 212, 213, 214, 215, 216, 217, 218, 219, 220, 221, 222, 223, 224, 225, 226, 227, 228, 229, 230, 231, 232, 233, 234, 235, 236, 237, 238, 239, 240, 241, 242, 243, 244, 245, 246, 247, 248, 249, 250, 251, 252, 253, 254, 255, 256, 257, 258, 259, 260, 261, 262, 263, 264, 265, 266, 267, 268, 269, 270, 271, 272, 273, 274, 275, 276, 277, 278, 279, 280, 281, 282, 283, 284, 285, 286, 287, 288, 289, 290, 291, 292, 293, 294, 295, 296, 297, 298, 299, 300, 301, 302, 303, 304, 305, 306, 307, 308, 309, 310, 311, 312, 313, 314, 315, 316, 317, 318, 319, 320, 321, 322, 323, 324, 325, 326, 327, 328, 329, 330, 331, 332, 333, 334, 335, 336, 337, 574, 575, 576, 577, 578, 579, 580, 581, 582, 583, 584, 585, 586, 587, 588, 589, 590, 591, 592, 593, 594, 595, 596, 597, 598, 599, 600, 601, 602, 603, 604, 605, 606, 607, 608, 609, 610, 611, 612, 613, 614, 615, 616, 617, 618, 619, 620, 621, 622, 623, 624, 625, 626, 627, 628, 629, 630, 631, 632, 633, 634, 635, 636, 637, 638, 639, 640, 641, 642, 643, 644, 645, 646, 647, 648, 649, 650, 651, 652, 653, 654, 655, 656, 657, 658, 659, 660, 661, 662, 663, 664, 665, 666, 667, 668, 669, 670, 671, 672, 673, 674, 675, 676, 677, 678, 679, 680, 681, 682, 683, 684, 685, 686, 687, 688, 689, 690, 691, 692, 693, 694, 695, 696, 697, 698, 699, 700, 701, 702, 703, 704, 705, 706, 707, 708, 709, 710, 711, 712, 713, 714, 715, 716, 717, 718, 719, 720, 721, 722, 723, 724, 725, 726, 727, 728, 729, 730, 731, 732, 733, 734, 735, 736, 737, 738, 739, 740, 741, 742, 743, 744, 745, 746, 747, 748, 749, 750, 751, 752, 753, 754, 755, 756, 757, 758, 759, 760, 761, 762, 763, 764, 765, 766, 767, 768, 769, 770, 771, 772, 773, 774, 775, 776, 777, 778, 779, 780, 781, 782, 783, 784, 785, 786, 787, 788, 789, 790, 791, 792, 793]",[],[],"[105, 114, 138, 141, 152, 153, 154, 155, 157, 159, 164, 165, 176, 182, 191, 192, 194, 195, 196, 200, 204, 208, 209, 210, 211, 215, 226, 228, 241, 242, 243, 245, 248, 249, 250, 257, 261, 270, 271, 282, 287, 289, 291, 294, 296, 298, 306, 308, 309, 311, 314, 327, 333, 335, 337, 576, 585, 609, 612, 623, 624, 626, 627, 629, 631, 636, 637, 647, 653, 662, 663, 665, 666, 667, 671, 674, 678, 679, 680, 681, 690, 692, 705, 706, 707, 709, 711, 712, 713, 719, 721, 729, 730, 741, 746, 748, 750, 753, 755, 757, 764, 766, 767, 769, 772, 785, 791]","[1, 13, 14, 29, 54, 55, 56, 57, 58, 60, 102, 118, 125, 127, 130, 134, 146, 149, 153, 175, 182, 187, 189, 191, 197, 225, 230, 238, 264, 265, 266, 286, 302, 317, 336, 354, 379, 388, 389, 425, 454, 458, 463, 475, 487, 498, 499, 512, 530, 531, 532, 533, 534, 536, 573, 589, 596, 598, 601, 605, 617, 620, 624, 646, 653, 658, 660, 662, 668, 689, 694, 702, 724, 725, 745, 760, 775, 793, 809, 829, 838, 839, 877, 901, 903, 905, 910, 923]","[1, 13, 14, 29, 54, 55, 56, 57, 58, 60, 102, 118, 125, 127, 130, 134, 146, 149, 153, 175, 182, 187, 189, 191, 197, 225, 230, 238, 264, 265, 266, 286, 302, 317, 336, 379, 388, 389, 425, 454, 458, 463, 475, 487, 498, 499, 512, 530, 531, 532, 533, 534, 536, 573, 589, 596, 598, 601, 605, 617, 620, 624, 646, 653, 658, 660, 662, 668, 689, 694, 702, 724, 725, 745, 760, 775, 793, 829, 838, 839, 877, 901, 903, 905, 910, 923]",7/6 successful match,False,[536],True,711,False,,1.0,True,Palomar Shell,Shell
Carlsbad ( 92008 ) Palomar Shell,5 760-438-3656 I-5 Exit 47 ( Palomar Airport Rd W ),24 <U+25A1> <U+25A1> <U+25A1>,Carlsbad,92008,Palomar Shell,760-438-3656,2014,Carlsbad,CA,Shell,( Palomar Airport Rd W ),I-5 Exit 47 ,Exit,47,False,,False,I-5,,,,,[],[],[],[],"[103, 104, 105, 106, 107, 108, 109, 110, 111, 112, 113, 114, 115, 116, 117, 118, 119, 120, 121, 122, 123, 124, 125, 126, 127, 128, 129, 130, 131, 132, 133, 134, 135, 136, 137, 138, 139, 140, 141, 142, 143, 144, 145, 146, 147, 148, 149, 150, 151, 152, 153, 154, 155, 156, 157, 158, 159, 160, 161, 162, 163, 164, 165, 166, 167, 168, 169, 170, 171, 172, 173, 174, 175, 176, 177, 178, 179, 180, 181, 182, 183, 184, 185, 186, 187, 188, 189, 190, 191, 192, 193, 194, 195, 196, 197, 198, 199, 200, 201, 202, 203, 204, 205, 206, 207, 208, 209, 210, 211, 212, 213, 214, 215, 216, 217, 218, 219, 220, 221, 222, 223, 224, 225, 226, 227, 228, 229, 230, 231, 232, 233, 234, 235, 236, 237, 238, 239, 240, 241, 242, 243, 244, 245, 246, 247, 248, 249, 250, 251, 252, 253, 254, 255, 256, 257, 258, 259, 260, 261, 262, 263, 264, 265, 266, 267, 268, 269, 270, 271, 272, 273, 274, 275, 276, 277, 278, 279, 280, 281, 282, 283, 284, 285, 286, 287, 288, 289, 290, 291, 292, 293, 294, 295, 296, 297, 298, 299, 300, 301, 302, 303, 304, 305, 306, 307, 308, 309, 310, 311, 312, 313, 314, 315, 316, 317, 318, 319, 320, 321, 322, 323, 324, 325, 326, 327, 328, 329, 330, 331, 332, 333, 334, 335, 336, 337, 574, 575, 576, 577, 578, 579, 580, 581, 582, 583, 584, 585, 586, 587, 588, 589, 590, 591, 592, 593, 594, 595, 596, 597, 598, 599, 600, 601, 602, 603, 604, 605, 606, 607, 608, 609, 610, 611, 612, 613, 614, 615, 616, 617, 618, 619, 620, 621, 622, 623, 624, 625, 626, 627, 628, 629, 630, 631, 632, 633, 634, 635, 636, 637, 638, 639, 640, 641, 642, 643, 644, 645, 646, 647, 648, 649, 650, 651, 652, 653, 654, 655, 656, 657, 658, 659, 660, 661, 662, 663, 664, 665, 666, 667, 668, 669, 670, 671, 672, 673, 674, 675, 676, 677, 678, 679, 680, 681, 682, 683, 684, 685, 686, 687, 688, 689, 690, 691, 692, 693, 694, 695, 696, 697, 698, 699, 700, 701, 702, 703, 704, 705, 706, 707, 708, 709, 710, 711, 712, 713, 714, 715, 716, 717, 718, 719, 720, 721, 722, 723, 724, 725, 726, 727, 728, 729, 730, 731, 732, 733, 734, 735, 736, 737, 738, 739, 740, 741, 742, 743, 744, 745, 746, 747, 748, 749, 750, 751, 752, 753, 754, 755, 756, 757, 758, 759, 760, 761, 762, 763, 764, 765, 766, 767, 768, 769, 770, 771, 772, 773, 774, 775, 776, 777, 778, 779, 780, 781, 782, 783, 784, 785, 786, 787, 788, 789, 790, 791, 792, 793]","[105, 114, 138, 141, 152, 153, 154, 155, 157, 159, 164, 165, 176, 182, 191, 192, 194, 195, 196, 200, 204, 208, 209, 210, 211, 215, 226, 228, 241, 242, 243, 245, 248, 249, 250, 257, 261, 270, 271, 282, 287, 289, 291, 294, 296, 298, 306, 308, 309, 311, 314, 327, 333, 335, 337, 576, 585, 609, 612, 623, 624, 626, 627, 629, 631, 636, 637, 647, 653, 662, 663, 665, 666, 667, 671, 674, 678, 679, 680, 681, 690, 692, 705, 706, 707, 709, 711, 712, 713, 719, 721, 729, 730, 741, 746, 748, 750, 753, 755, 757, 764, 766, 767, 769, 772, 785, 791]","[1, 13, 14, 29, 54, 55, 56, 57, 58, 60, 102, 118, 125, 127, 130, 134, 146, 149, 153, 175, 182, 187, 189, 191, 197, 225, 230, 238, 264, 265, 266, 286, 302, 317, 336, 379, 388, 389, 425, 454, 458, 463, 475, 487, 498, 499, 512, 530, 531, 532, 533, 534, 536, 573, 589, 596, 598, 601, 605, 617, 620, 624, 646, 653, 658, 660, 662, 668, 689, 694, 702, 724, 725, 745, 760, 775, 793, 829, 838, 839, 877, 901, 903, 905, 910, 923]","[1, 13, 14, 29, 54, 55, 56, 57, 58, 60, 102, 118, 125, 127, 130, 134, 146, 149, 153, 175, 182, 187, 189, 191, 197, 225, 230, 238, 264, 265, 266, 286, 302, 317, 336, 354, 379, 388, 389, 425, 454, 458, 463, 475, 487, 498, 499, 512, 530, 531, 532, 533, 534, 536, 573, 589, 596, 598, 601, 605, 617, 620, 624, 646, 653, 658, 660, 662, 668, 689, 694, 702, 724, 725, 745, 760, 775, 793, 809, 829, 838, 839, 877, 901, 903, 905, 910, 923]","[1, 13, 14, 29, 54, 55, 56, 57, 58, 60, 102, 103, 104, 105, 106, 107, 108, 109, 110, 111, 112, 113, 114, 115, 116, 117, 118, 119, 120, 121, 122, 123, 124, 125, 126, 127, 128, 129, 130, 131, 132, 133, 134, 135, 136, 137, 138, 139, 140, 141, 142, 143, 144, 145, 146, 147, 148, 149, 150, 151, 152, 153, 154, 155, 156, 157, 158, 159, 160, 161, 162, 163, 164, 165, 166, 167, 168, 169, 170, 171, 172, 173, 174, 175, 176, 177, 178, 179, 180, 181, 182, 183, 184, 185, 186, 187, 188, 189, 190, 191, 192, 193, 194, 195, 196, 197, 198, 199, 200, 201, 202, 203, 204, 205, 206, 207, 208, 209, 210, 211, 212, 213, 214, 215, 216, 217, 218, 219, 220, 221, 222, 223, 224, 225, 226, 227, 228, 229, 230, 231, 232, 233, 234, 235, 236, 237, 238, 239, 240, 241, 242, 243, 244, 245, 246, 247, 248, 249, 250, 251, 252, 253, 254, 255, 256, 257, 258, 259, 260, 261, 262, 263, 264, 265, 266, 267, 268, 269, 270, 271, 272, 273, 274, 275, 276, 277, 278, 279, 280, 281, 282, 283, 284, 285, 286, 287, 288, 289, 290, 291, 292, 293, 294, 295, 296, 297, 298, 299, 300, 301, 302, 303, 304, 305, 306, 307, 308, 309, 310, 311, 312, 313, 314, 315, 316, 317, 318, 319, 320, 321, 322, 323, 324, 325, 326, 327, 328, 329, 330, 331, 332, 333, 334, 335, 336, 337, 354, 379, 388, 389, 425, 454, 458, 463, 475, 487, 498, 499, 512, 530, 531, 532, 533, 534, 536, 573, 574, 575, 576, 577, 578, 579, 580, 581, 582, 583, 584, 585, 586, 587, 588, 589, 590, 591, 592, 593, 594, 595, 596, 597, 598, 599, 600, 601, 602, 603, 604, 605, 606, 607, 608, 609, 610, 611, 612, 613, 614, 615, 616, 617, 618, 619, 620, 621, 622, 623, 624, 625, 626, 627, 628, 629, 630, 631, 632, 633, 634, 635, 636, 637, 638, 639, 640, 641, 642, 643, 644, 645, 646, 647, 648, 649, 650, 651, 652, 653, 654, 655, 656, 657, 658, 659, 660, 661, 662, 663, 664, 665, 666, 667, 668, 669, 670, 671, 672, 673, 674, 675, 676, 677, 678, 679, 680, 681, 682, 683, 684, 685, 686, 687, 688, 689, 690, 691, 692, 693, 694, 695, 696, 697, 698, 699, 700, 701, 702, 703, 704, 705, 706, 707, 708, 709, 710, 711, 712, 713, 714, 715, 716, 717, 718, 719, 720, 721, 722, 723, 724, 725, 726, 727, 728, 729, 730, 731, 732, 733, 734, 735, 736, 737, 738, 739, 740, 741, 742, 743, 744, 745, 746, 747, 748, 749, 750, 751, 752, 753, 754, 755, 756, 757, 758, 759, 760, 761, 762, 763, 764, 765, 766, 767, 768, 769, 770, 771, 772, 773, 774, 775, 776, 777, 778, 779, 780, 781, 782, 783, 784, 785, 786, 787, 788, 789, 790, 791, 792, 793, 809, 829, 838, 839, 877, 901, 903, 905, 910, 923]",False,[],"[103, 104, 105, 106, 107, 108, 109, 110, 111, 112, 113, 114, 115, 116, 117, 118, 119, 120, 121, 122, 123, 124, 125, 126, 127, 128, 129, 130, 131, 132, 133, 134, 135, 136, 137, 138, 139, 140, 141, 142, 143, 144, 145, 146, 147, 148, 149, 150, 151, 152, 153, 154, 155, 156, 157, 158, 159, 160, 161, 162, 163, 164, 165, 166, 167, 168, 169, 170, 171, 172, 173, 174, 175, 176, 177, 178, 179, 180, 181, 182, 183, 184, 185, 186, 187, 188, 189, 190, 191, 192, 193, 194, 195, 196, 197, 198, 199, 200, 201, 202, 203, 204, 205, 206, 207, 208, 209, 210, 211, 212, 213, 214, 215, 216, 217, 218, 219, 220, 221, 222, 223, 224, 225, 226, 227, 228, 229, 230, 231, 232, 233, 234, 235, 236, 237, 238, 239, 240, 241, 242, 243, 244, 245, 246, 247, 248, 249, 250, 251, 252, 253, 254, 255, 256, 257, 258, 259, 260, 261, 262, 263, 264, 265, 266, 267, 268, 269, 270, 271, 272, 273, 274, 275, 276, 277, 278, 279, 280, 281, 282, 283, 284, 285, 286, 287, 288, 289, 290, 291, 292, 293, 294, 295, 296, 297, 298, 299, 300, 301, 302, 303, 304, 305, 306, 307, 308, 309, 310, 311, 312, 313, 314, 315, 316, 317, 318, 319, 320, 321, 322, 323, 324, 325, 326, 327, 328, 329, 330, 331, 332, 333, 334, 335, 336, 337, 574, 575, 576, 577, 578, 579, 580, 581, 582, 583, 584, 585, 586, 587, 588, 589, 590, 591, 592, 593, 594, 595, 596, 597, 598, 599, 600, 601, 602, 603, 604, 605, 606, 607, 608, 609, 610, 611, 612, 613, 614, 615, 616, 617, 618, 619, 620, 621, 622, 623, 624, 625, 626, 627, 628, 629, 630, 631, 632, 633, 634, 635, 636, 637, 638, 639, 640, 641, 642, 643, 644, 645, 646, 647, 648, 649, 650, 651, 652, 653, 654, 655, 656, 657, 658, 659, 660, 661, 662, 663, 664, 665, 666, 667, 668, 669, 670, 671, 672, 673, 674, 675, 676, 677, 678, 679, 680, 681, 682, 683, 684, 685, 686, 687, 688, 689, 690, 691, 692, 693, 694, 695, 696, 697, 698, 699, 700, 701, 702, 703, 704, 705, 706, 707, 708, 709, 710, 711, 712, 713, 714, 715, 716, 717, 718, 719, 720, 721, 722, 723, 724, 725, 726, 727, 728, 729, 730, 731, 732, 733, 734, 735, 736, 737, 738, 739, 740, 741, 742, 743, 744, 745, 746, 747, 748, 749, 750, 751, 752, 753, 754, 755, 756, 757, 758, 759, 760, 761, 762, 763, 764, 765, 766, 767, 768, 769, 770, 771, 772, 773, 774, 775, 776, 777, 778, 779, 780, 781, 782, 783, 784, 785, 786, 787, 788, 789, 790, 791, 792, 793]",[],[],"[105, 114, 138, 141, 152, 153, 154, 155, 157, 159, 164, 165, 176, 182, 191, 192, 194, 195, 196, 200, 204, 208, 209, 210, 211, 215, 226, 228, 241, 242, 243, 245, 248, 249, 250, 257, 261, 270, 271, 282, 287, 289, 291, 294, 296, 298, 306, 308, 309, 311, 314, 327, 333, 335, 337, 576, 585, 609, 612, 623, 624, 626, 627, 629, 631, 636, 637, 647, 653, 662, 663, 665, 666, 667, 671, 674, 678, 679, 680, 681, 690, 692, 705, 706, 707, 709, 711, 712, 713, 719, 721, 729, 730, 741, 746, 748, 750, 753, 755, 757, 764, 766, 767, 769, 772, 785, 791]","[1, 13, 14, 29, 54, 55, 56, 57, 58, 60, 102, 118, 125, 127, 130, 134, 146, 149, 153, 175, 182, 187, 189, 191, 197, 225, 230, 238, 264, 265, 266, 286, 302, 317, 336, 354, 379, 388, 389, 425, 454, 458, 463, 475, 487, 498, 499, 512, 530, 531, 532, 533, 534, 536, 573, 589, 596, 598, 601, 605, 617, 620, 624, 646, 653, 658, 660, 662, 668, 689, 694, 702, 724, 725, 745, 760, 775, 793, 809, 829, 838, 839, 877, 901, 903, 905, 910, 923]","[1, 13, 14, 29, 54, 55, 56, 57, 58, 60, 102, 118, 125, 127, 130, 134, 146, 149, 153, 175, 182, 187, 189, 191, 197, 225, 230, 238, 264, 265, 266, 286, 302, 317, 336, 379, 388, 389, 425, 454, 458, 463, 475, 487, 498, 499, 512, 530, 531, 532, 533, 534, 536, 573, 589, 596, 598, 601, 605, 617, 620, 624, 646, 653, 658, 660, 662, 668, 689, 694, 702, 724, 725, 745, 760, 775, 793, 829, 838, 839, 877, 901, 903, 905, 910, 923]",7/6 successful match,False,[536],True,711,False,,1.0,True,Palomar Shell,Shell
Carlsbad ( 92008 ) Palomar Shell E of town ),5 760-438-3656 I-5 Exit 47 ( Palomar,24 <U+25A1>,Carlsbad,92008,Palomar Shell E of town ),760-438-3656,2015,Carlsbad,CA,Shell,( Palomar,I-5 Exit 47 ,Exit,47,False,,False,I-5,,,,,[],[],[],[],"[103, 104, 105, 106, 107, 108, 109, 110, 111, 112, 113, 114, 115, 116, 117, 118, 119, 120, 121, 122, 123, 124, 125, 126, 127, 128, 129, 130, 131, 132, 133, 134, 135, 136, 137, 138, 139, 140, 141, 142, 143, 144, 145, 146, 147, 148, 149, 150, 151, 152, 153, 154, 155, 156, 157, 158, 159, 160, 161, 162, 163, 164, 165, 166, 167, 168, 169, 170, 171, 172, 173, 174, 175, 176, 177, 178, 179, 180, 181, 182, 183, 184, 185, 186, 187, 188, 189, 190, 191, 192, 193, 194, 195, 196, 197, 198, 199, 200, 201, 202, 203, 204, 205, 206, 207, 208, 209, 210, 211, 212, 213, 214, 215, 216, 217, 218, 219, 220, 221, 222, 223, 224, 225, 226, 227, 228, 229, 230, 231, 232, 233, 234, 235, 236, 237, 238, 239, 240, 241, 242, 243, 244, 245, 246, 247, 248, 249, 250, 251, 252, 253, 254, 255, 256, 257, 258, 259, 260, 261, 262, 263, 264, 265, 266, 267, 268, 269, 270, 271, 272, 273, 274, 275, 276, 277, 278, 279, 280, 281, 282, 283, 284, 285, 286, 287, 288, 289, 290, 291, 292, 293, 294, 295, 296, 297, 298, 299, 300, 301, 302, 303, 304, 305, 306, 307, 308, 309, 310, 311, 312, 313, 314, 315, 316, 317, 318, 319, 320, 321, 322, 323, 324, 325, 326, 327, 328, 329, 330, 331, 332, 333, 334, 335, 336, 337, 574, 575, 576, 577, 578, 579, 580, 581, 582, 583, 584, 585, 586, 587, 588, 589, 590, 591, 592, 593, 594, 595, 596, 597, 598, 599, 600, 601, 602, 603, 604, 605, 606, 607, 608, 609, 610, 611, 612, 613, 614, 615, 616, 617, 618, 619, 620, 621, 622, 623, 624, 625, 626, 627, 628, 629, 630, 631, 632, 633, 634, 635, 636, 637, 638, 639, 640, 641, 642, 643, 644, 645, 646, 647, 648, 649, 650, 651, 652, 653, 654, 655, 656, 657, 658, 659, 660, 661, 662, 663, 664, 665, 666, 667, 668, 669, 670, 671, 672, 673, 674, 675, 676, 677, 678, 679, 680, 681, 682, 683, 684, 685, 686, 687, 688, 689, 690, 691, 692, 693, 694, 695, 696, 697, 698, 699, 700, 701, 702, 703, 704, 705, 706, 707, 708, 709, 710, 711, 712, 713, 714, 715, 716, 717, 718, 719, 720, 721, 722, 723, 724, 725, 726, 727, 728, 729, 730, 731, 732, 733, 734, 735, 736, 737, 738, 739, 740, 741, 742, 743, 744, 745, 746, 747, 748, 749, 750, 751, 752, 753, 754, 755, 756, 757, 758, 759, 760, 761, 762, 763, 764, 765, 766, 767, 768, 769, 770, 771, 772, 773, 774, 775, 776, 777, 778, 779, 780, 781, 782, 783, 784, 785, 786, 787, 788, 789, 790, 791, 792, 793]","[105, 114, 138, 141, 152, 153, 154, 155, 157, 159, 164, 165, 176, 182, 191, 192, 194, 195, 196, 200, 204, 208, 209, 210, 211, 215, 226, 228, 241, 242, 243, 245, 248, 249, 250, 257, 261, 270, 271, 282, 287, 289, 291, 294, 296, 298, 306, 308, 309, 311, 314, 327, 333, 335, 337, 576, 585, 609, 612, 623, 624, 626, 627, 629, 631, 636, 637, 647, 653, 662, 663, 665, 666, 667, 671, 674, 678, 679, 680, 681, 690, 692, 705, 706, 707, 709, 711, 712, 713, 719, 721, 729, 730, 741, 746, 748, 750, 753, 755, 757, 764, 766, 767, 769, 772, 785, 791]","[1, 13, 14, 29, 54, 55, 56, 57, 58, 60, 102, 118, 125, 127, 130, 134, 146, 149, 153, 175, 182, 187, 189, 191, 197, 225, 230, 238, 264, 265, 266, 286, 302, 317, 336, 379, 388, 389, 425, 454, 458, 463, 475, 487, 498, 499, 512, 530, 531, 532, 533, 534, 536, 573, 589, 596, 598, 601, 605, 617, 620, 624, 646, 653, 658, 660, 662, 668, 689, 694, 702, 724, 725, 745, 760, 775, 793, 829, 838, 839, 877, 901, 903, 905, 910, 923]","[1, 13, 14, 29, 54, 55, 56, 57, 58, 60, 102, 118, 125, 127, 130, 134, 146, 149, 153, 175, 182, 187, 189, 191, 197, 225, 230, 238, 264, 265, 266, 286, 302, 317, 336, 354, 379, 388, 389, 425, 454, 458, 463, 475, 487, 498, 499, 512, 530, 531, 532, 533, 534, 536, 573, 589, 596, 598, 601, 605, 617, 620, 624, 646, 653, 658, 660, 662, 668, 689, 694, 702, 724, 725, 745, 760, 775, 793, 809, 829, 838, 839, 877, 901, 903, 905, 910, 923]","[1, 13, 14, 29, 54, 55, 56, 57, 58, 60, 102, 103, 104, 105, 106, 107, 108, 109, 110, 111, 112, 113, 114, 115, 116, 117, 118, 119, 120, 121, 122, 123, 124, 125, 126, 127, 128, 129, 130, 131, 132, 133, 134, 135, 136, 137, 138, 139, 140, 141, 142, 143, 144, 145, 146, 147, 148, 149, 150, 151, 152, 153, 154, 155, 156, 157, 158, 159, 160, 161, 162, 163, 164, 165, 166, 167, 168, 169, 170, 171, 172, 173, 174, 175, 176, 177, 178, 179, 180, 181, 182, 183, 184, 185, 186, 187, 188, 189, 190, 191, 192, 193, 194, 195, 196, 197, 198, 199, 200, 201, 202, 203, 204, 205, 206, 207, 208, 209, 210, 211, 212, 213, 214, 215, 216, 217, 218, 219, 220, 221, 222, 223, 224, 225, 226, 227, 228, 229, 230, 231, 232, 233, 234, 235, 236, 237, 238, 239, 240, 241, 242, 243, 244, 245, 246, 247, 248, 249, 250, 251, 252, 253, 254, 255, 256, 257, 258, 259, 260, 261, 262, 263, 264, 265, 266, 267, 268, 269, 270, 271, 272, 273, 274, 275, 276, 277, 278, 279, 280, 281, 282, 283, 284, 285, 286, 287, 288, 289, 290, 291, 292, 293, 294, 295, 296, 297, 298, 299, 300, 301, 302, 303, 304, 305, 306, 307, 308, 309, 310, 311, 312, 313, 314, 315, 316, 317, 318, 319, 320, 321, 322, 323, 324, 325, 326, 327, 328, 329, 330, 331, 332, 333, 334, 335, 336, 337, 354, 379, 388, 389, 425, 454, 458, 463, 475, 487, 498, 499, 512, 530, 531, 532, 533, 534, 536, 573, 574, 575, 576, 577, 578, 579, 580, 581, 582, 583, 584, 585, 586, 587, 588, 589, 590, 591, 592, 593, 594, 595, 596, 597, 598, 599, 600, 601, 602, 603, 604, 605, 606, 607, 608, 609, 610, 611, 612, 613, 614, 615, 616, 617, 618, 619, 620, 621, 622, 623, 624, 625, 626, 627, 628, 629, 630, 631, 632, 633, 634, 635, 636, 637, 638, 639, 640, 641, 642, 643, 644, 645, 646, 647, 648, 649, 650, 651, 652, 653, 654, 655, 656, 657, 658, 659, 660, 661, 662, 663, 664, 665, 666, 667, 668, 669, 670, 671, 672, 673, 674, 675, 676, 677, 678, 679, 680, 681, 682, 683, 684, 685, 686, 687, 688, 689, 690, 691, 692, 693, 694, 695, 696, 697, 698, 699, 700, 701, 702, 703, 704, 705, 706, 707, 708, 709, 710, 711, 712, 713, 714, 715, 716, 717, 718, 719, 720, 721, 722, 723, 724, 725, 726, 727, 728, 729, 730, 731, 732, 733, 734, 735, 736, 737, 738, 739, 740, 741, 742, 743, 744, 745, 746, 747, 748, 749, 750, 751, 752, 753, 754, 755, 756, 757, 758, 759, 760, 761, 762, 763, 764, 765, 766, 767, 768, 769, 770, 771, 772, 773, 774, 775, 776, 777, 778, 779, 780, 781, 782, 783, 784, 785, 786, 787, 788, 789, 790, 791, 792, 793, 809, 829, 838, 839, 877, 901, 903, 905, 910, 923]",False,[],"[103, 104, 105, 106, 107, 108, 109, 110, 111, 112, 113, 114, 115, 116, 117, 118, 119, 120, 121, 122, 123, 124, 125, 126, 127, 128, 129, 130, 131, 132, 133, 134, 135, 136, 137, 138, 139, 140, 141, 142, 143, 144, 145, 146, 147, 148, 149, 150, 151, 152, 153, 154, 155, 156, 157, 158, 159, 160, 161, 162, 163, 164, 165, 166, 167, 168, 169, 170, 171, 172, 173, 174, 175, 176, 177, 178, 179, 180, 181, 182, 183, 184, 185, 186, 187, 188, 189, 190, 191, 192, 193, 194, 195, 196, 197, 198, 199, 200, 201, 202, 203, 204, 205, 206, 207, 208, 209, 210, 211, 212, 213, 214, 215, 216, 217, 218, 219, 220, 221, 222, 223, 224, 225, 226, 227, 228, 229, 230, 231, 232, 233, 234, 235, 236, 237, 238, 239, 240, 241, 242, 243, 244, 245, 246, 247, 248, 249, 250, 251, 252, 253, 254, 255, 256, 257, 258, 259, 260, 261, 262, 263, 264, 265, 266, 267, 268, 269, 270, 271, 272, 273, 274, 275, 276, 277, 278, 279, 280, 281, 282, 283, 284, 285, 286, 287, 288, 289, 290, 291, 292, 293, 294, 295, 296, 297, 298, 299, 300, 301, 302, 303, 304, 305, 306, 307, 308, 309, 310, 311, 312, 313, 314, 315, 316, 317, 318, 319, 320, 321, 322, 323, 324, 325, 326, 327, 328, 329, 330, 331, 332, 333, 334, 335, 336, 337, 574, 575, 576, 577, 578, 579, 580, 581, 582, 583, 584, 585, 586, 587, 588, 589, 590, 591, 592, 593, 594, 595, 596, 597, 598, 599, 600, 601, 602, 603, 604, 605, 606, 607, 608, 609, 610, 611, 612, 613, 614, 615, 616, 617, 618, 619, 620, 621, 622, 623, 624, 625, 626, 627, 628, 629, 630, 631, 632, 633, 634, 635, 636, 637, 638, 639, 640, 641, 642, 643, 644, 645, 646, 647, 648, 649, 650, 651, 652, 653, 654, 655, 656, 657, 658, 659, 660, 661, 662, 663, 664, 665, 666, 667, 668, 669, 670, 671, 672, 673, 674, 675, 676, 677, 678, 679, 680, 681, 682, 683, 684, 685, 686, 687, 688, 689, 690, 691, 692, 693, 694, 695, 696, 697, 698, 699, 700, 701, 702, 703, 704, 705, 706, 707, 708, 709, 710, 711, 712, 713, 714, 715, 716, 717, 718, 719, 720, 721, 722, 723, 724, 725, 726, 727, 728, 729, 730, 731, 732, 733, 734, 735, 736, 737, 738, 739, 740, 741, 742, 743, 744, 745, 746, 747, 748, 749, 750, 751, 752, 753, 754, 755, 756, 757, 758, 759, 760, 761, 762, 763, 764, 765, 766, 767, 768, 769, 770, 771, 772, 773, 774, 775, 776, 777, 778, 779, 780, 781, 782, 783, 784, 785, 786, 787, 788, 789, 790, 791, 792, 793]",[],[],"[105, 114, 138, 141, 152, 153, 154, 155, 157, 159, 164, 165, 176, 182, 191, 192, 194, 195, 196, 200, 204, 208, 209, 210, 211, 215, 226, 228, 241, 242, 243, 245, 248, 249, 250, 257, 261, 270, 271, 282, 287, 289, 291, 294, 296, 298, 306, 308, 309, 311, 314, 327, 333, 335, 337, 576, 585, 609, 612, 623, 624, 626, 627, 629, 631, 636, 637, 647, 653, 662, 663, 665, 666, 667, 671, 674, 678, 679, 680, 681, 690, 692, 705, 706, 707, 709, 711, 712, 713, 719, 721, 729, 730, 741, 746, 748, 750, 753, 755, 757, 764, 766, 767, 769, 772, 785, 791]","[1, 13, 14, 29, 54, 55, 56, 57, 58, 60, 102, 118, 125, 127, 130, 134, 146, 149, 153, 175, 182, 187, 189, 191, 197, 225, 230, 238, 264, 265, 266, 286, 302, 317, 336, 354, 379, 388, 389, 425, 454, 458, 463, 475, 487, 498, 499, 512, 530, 531, 532, 533, 534, 536, 573, 589, 596, 598, 601, 605, 617, 620, 624, 646, 653, 658, 660, 662, 668, 689, 694, 702, 724, 725, 745, 760, 775, 793, 809, 829, 838, 839, 877, 901, 903, 905, 910, 923]","[1, 13, 14, 29, 54, 55, 56, 57, 58, 60, 102, 118, 125, 127, 130, 134, 146, 149, 153, 175, 182, 187, 189, 191, 197, 225, 230, 238, 264, 265, 266, 286, 302, 317, 336, 379, 388, 389, 425, 454, 458, 463, 475, 487, 498, 499, 512, 530, 531, 532, 533, 534, 536, 573, 589, 596, 598, 601, 605, 617, 620, 624, 646, 653, 658, 660, 662, 668, 689, 694, 702, 724, 725, 745, 760, 775, 793, 829, 838, 839, 877, 901, 903, 905, 910, 923]",7/6 successful match,False,[536],True,711,False,,0.7052631578947368,True,Palomar Shell,Shell
"Santee , 92071 El Capitan Oil",619-448-5891 Hwy 67 & Riverford Rd,484 <U+2610> SO,Santee,92071,El Capitan Oil,619-448-5891,2006,Santee,CA,,,Hwy 67 & Riverford Rd,empty,,False,,False,Hwy 67,Riverford Rd,,,,[],[],[],[],"[103, 104, 105, 106, 107, 108, 109, 110, 111, 112, 113, 114, 115, 116, 117, 118, 119, 120, 121, 122, 123, 124, 125, 126, 127, 128, 129, 130, 131, 132, 133, 134, 135, 136, 137, 138, 139, 140, 141, 142, 143, 144, 145, 146, 147, 148, 149, 150, 151, 152, 153, 154, 155, 156, 157, 158, 159, 160, 161, 162, 163, 164, 165, 166, 167, 168, 169, 170, 171, 172, 173, 174, 175, 176, 177, 178, 179, 180, 181, 182, 183, 184, 185, 186, 187, 188, 189, 190, 191, 192, 193, 194, 195, 196, 197, 198, 199, 200, 201, 202, 203, 204, 205, 206, 207, 208, 209, 210, 211, 212, 213, 214, 215, 216, 217, 218, 219, 220, 221, 222, 223, 224, 225, 226, 227, 228, 229, 230, 231, 232, 233, 234, 235, 236, 237, 238, 239, 240, 241, 242, 243, 244, 245, 246, 247, 248, 249, 250, 251, 252, 253, 254, 255, 256, 257, 258, 259, 260, 261, 262, 263, 264, 265, 266, 267, 268, 269, 270, 271, 272, 273, 274, 275, 276, 277, 278, 279, 280, 281, 282, 283, 284, 285, 286, 287, 288, 289, 290, 291, 292, 293, 294, 295, 296, 297, 298, 299, 300, 301, 302, 303, 304, 305, 306, 307, 308, 309, 310, 311, 312, 313, 314, 315, 316, 317, 318, 319, 320, 321, 322, 323, 324, 325, 326, 327, 328, 329, 330, 331, 332, 333, 334, 335, 336, 337, 574, 575, 576, 577, 578, 579, 580, 581, 582, 583, 584, 585, 586, 587, 588, 589, 590, 591, 592, 593, 594, 595, 596, 597, 598, 599, 600, 601, 602, 603, 604, 605, 606, 607, 608, 609, 610, 611, 612, 613, 614, 615, 616, 617, 618, 619, 620, 621, 622, 623, 624, 625, 626, 627, 628, 629, 630, 631, 632, 633, 634, 635, 636, 637, 638, 639, 640, 641, 642, 643, 644, 645, 646, 647, 648, 649, 650, 651, 652, 653, 654, 655, 656, 657, 658, 659, 660, 661, 662, 663, 664, 665, 666, 667, 668, 669, 670, 671, 672, 673, 674, 675, 676, 677, 678, 679, 680, 681, 682, 683, 684, 685, 686, 687, 688, 689, 690, 691, 692, 693, 694, 695, 696, 697, 698, 699, 700, 701, 702, 703, 704, 705, 706, 707, 708, 709, 710, 711, 712, 713, 714, 715, 716, 717, 718, 719, 720, 721, 722, 723, 724, 725, 726, 727, 728, 729, 730, 731, 732, 733, 734, 735, 736, 737, 738, 739, 740, 741, 742, 743, 744, 745, 746, 747, 748, 749, 750, 751, 752, 753, 754, 755, 756, 757, 758, 759, 760, 761, 762, 763, 764, 765, 766, 767, 768, 769, 770, 771, 772, 773, 774, 775, 776, 777, 778, 779, 780, 781, 782, 783, 784, 785, 786, 787, 788, 789, 790, 791, 792, 793]",[],[],"[4, 31, 59, 135, 142, 147, 180, 218, 229, 232, 264, 269, 299, 318, 320, 331, 338, 352, 367, 382, 387, 403, 405, 408, 410, 455, 463, 465, 466, 468, 470, 472, 473, 483, 484, 490, 514, 535, 606, 613, 618, 651, 686, 693, 696, 724, 728, 758, 776, 778, 788, 794, 807, 832, 837, 852, 854, 858, 860, 861, 902, 910, 912, 913, 915, 917, 919, 920, 931, 934, 935]","[4, 31, 59, 103, 104, 105, 106, 107, 108, 109, 110, 111, 112, 113, 114, 115, 116, 117, 118, 119, 120, 121, 122, 123, 124, 125, 126, 127, 128, 129, 130, 131, 132, 133, 134, 135, 136, 137, 138, 139, 140, 141, 142, 143, 144, 145, 146, 147, 148, 149, 150, 151, 152, 153, 154, 155, 156, 157, 158, 159, 160, 161, 162, 163, 164, 165, 166, 167, 168, 169, 170, 171, 172, 173, 174, 175, 176, 177, 178, 179, 180, 181, 182, 183, 184, 185, 186, 187, 188, 189, 190, 191, 192, 193, 194, 195, 196, 197, 198, 199, 200, 201, 202, 203, 204, 205, 206, 207, 208, 209, 210, 211, 212, 213, 214, 215, 216, 217, 218, 219, 220, 221, 222, 223, 224, 225, 226, 227, 228, 229, 230, 231, 232, 233, 234, 235, 236, 237, 238, 239, 240, 241, 242, 243, 244, 245, 246, 247, 248, 249, 250, 251, 252, 253, 254, 255, 256, 257, 258, 259, 260, 261, 262, 263, 264, 265, 266, 267, 268, 269, 270, 271, 272, 273, 274, 275, 276, 277, 278, 279, 280, 281, 282, 283, 284, 285, 286, 287, 288, 289, 290, 291, 292, 293, 294, 295, 296, 297, 298, 299, 300, 301, 302, 303, 304, 305, 306, 307, 308, 309, 310, 311, 312, 313, 314, 315, 316, 317, 318, 319, 320, 321, 322, 323, 324, 325, 326, 327, 328, 329, 330, 331, 332, 333, 334, 335, 336, 337, 338, 352, 367, 382, 387, 403, 405, 408, 410, 455, 463, 465, 466, 468, 470, 472, 473, 483, 484, 490, 514, 535, 574, 575, 576, 577, 578, 579, 580, 581, 582, 583, 584, 585, 586, 587, 588, 589, 590, 591, 592, 593, 594, 595, 596, 597, 598, 599, 600, 601, 602, 603, 604, 605, 606, 607, 608, 609, 610, 611, 612, 613, 614, 615, 616, 617, 618, 619, 620, 621, 622, 623, 624, 625, 626, 627, 628, 629, 630, 631, 632, 633, 634, 635, 636, 637, 638, 639, 640, 641, 642, 643, 644, 645, 646, 647, 648, 649, 650, 651, 652, 653, 654, 655, 656, 657, 658, 659, 660, 661, 662, 663, 664, 665, 666, 667, 668, 669, 670, 671, 672, 673, 674, 675, 676, 677, 678, 679, 680, 681, 682, 683, 684, 685, 686, 687, 688, 689, 690, 691, 692, 693, 694, 695, 696, 697, 698, 699, 700, 701, 702, 703, 704, 705, 706, 707, 708, 709, 710, 711, 712, 713, 714, 715, 716, 717, 718, 719, 720, 721, 722, 723, 724, 725, 726, 727, 728, 729, 730, 731, 732, 733, 734, 735, 736, 737, 738, 739, 740, 741, 742, 743, 744, 745, 746, 747, 748, 749, 750, 751, 752, 753, 754, 755, 756, 757, 758, 759, 760, 761, 762, 763, 764, 765, 766, 767, 768, 769, 770, 771, 772, 773, 774, 775, 776, 777, 778, 779, 780, 781, 782, 783, 784, 785, 786, 787, 788, 789, 790, 791, 792, 793, 794, 807, 832, 837, 852, 854, 858, 860, 861, 902, 910, 912, 913, 915, 917, 919, 920, 931, 934, 935]",False,[],"[103, 104, 105, 106, 107, 108, 109, 110, 111, 112, 113, 114, 115, 116, 117, 118, 119, 120, 121, 122, 123, 124, 125, 126, 127, 128, 129, 130, 131, 132, 133, 134, 135, 136, 137, 138, 139, 140, 141, 142, 143, 144, 145, 146, 147, 148, 149, 150, 151, 152, 153, 154, 155, 156, 157, 158, 159, 160, 161, 162, 163, 164, 165, 166, 167, 168, 169, 170, 171, 172, 173, 174, 175, 176, 177, 178, 179, 180, 181, 182, 183, 184, 185, 186, 187, 188, 189, 190, 191, 192, 193, 194, 195, 196, 197, 198, 199, 200, 201, 202, 203, 204, 205, 206, 207, 208, 209, 210, 211, 212, 213, 214, 215, 216, 217, 218, 219, 220, 221, 222, 223, 224, 225, 226, 227, 228, 229, 230, 231, 232, 233, 234, 235, 236, 237, 238, 239, 240, 241, 242, 243, 244, 245, 246, 247, 248, 249, 250, 251, 252, 253, 254, 255, 256, 257, 258, 259, 260, 261, 262, 263, 264, 265, 266, 267, 268, 269, 270, 271, 272, 273, 274, 275, 276, 277, 278, 279, 280, 281, 282, 283, 284, 285, 286, 287, 288, 289, 290, 291, 292, 293, 294, 295, 296, 297, 298, 299, 300, 301, 302, 303, 304, 305, 306, 307, 308, 309, 310, 311, 312, 313, 314, 315, 316, 317, 318, 319, 320, 321, 322, 323, 324, 325, 326, 327, 328, 329, 330, 331, 332, 333, 334, 335, 336, 337, 574, 575, 576, 577, 578, 579, 580, 581, 582, 583, 584, 585, 586, 587, 588, 589, 590, 591, 592, 593, 594, 595, 596, 597, 598, 599, 600, 601, 602, 603, 604, 605, 606, 607, 608, 609, 610, 611, 612, 613, 614, 615, 616, 617, 618, 619, 620, 621, 622, 623, 624, 625, 626, 627, 628, 629, 630, 631, 632, 633, 634, 635, 636, 637, 638, 639, 640, 641, 642, 643, 644, 645, 646, 647, 648, 649, 650, 651, 652, 653, 654, 655, 656, 657, 658, 659, 660, 661, 662, 663, 664, 665, 666, 667, 668, 669, 670, 671, 672, 673, 674, 675, 676, 677, 678, 679, 680, 681, 682, 683, 684, 685, 686, 687, 688, 689, 690, 691, 692, 693, 694, 695, 696, 697, 698, 699, 700, 701, 702, 703, 704, 705, 706, 707, 708, 709, 710, 711, 712, 713, 714, 715, 716, 717, 718, 719, 720, 721, 722, 723, 724, 725, 726, 727, 728, 729, 730, 731, 732, 733, 734, 735, 736, 737, 738, 739, 740, 741, 742, 743, 744, 745, 746, 747, 748, 749, 750, 751, 752, 753, 754, 755, 756, 757, 758, 759, 760, 761, 762, 763, 764, 765, 766, 767, 768, 769, 770, 771, 772, 773, 774, 775, 776, 777, 778, 779, 780, 781, 782, 783, 784, 785, 786, 787, 788, 789, 790, 791, 792, 793]",[],[],[],"[4, 31, 59, 135, 142, 147, 180, 218, 229, 232, 264, 269, 299, 318, 320, 331, 338, 352, 367, 382, 387, 403, 405, 408, 410, 455, 463, 465, 466, 468, 470, 472, 473, 483, 484, 490, 514, 535, 606, 613, 618, 651, 686, 693, 696, 724, 728, 758, 776, 778, 788, 794, 807, 832, 837, 852, 854, 858, 860, 861, 902, 910, 912, 913, 915, 917, 919, 920, 931, 934, 935]",[],7/6 successful match,False,,False,712,False,,,,,
"Santee , 92071 El Capitan Oil",619-448-5891 Hwy 67 & Riverford Rd,24 000,Santee,92071,El Capitan Oil,619-448-5891,2007,Santee,CA,,,Hwy 67 & Riverford Rd,empty,,False,,False,Hwy 67,Riverford Rd,,,,[],[],[],[],"[103, 104, 105, 106, 107, 108, 109, 110, 111, 112, 113, 114, 115, 116, 117, 118, 119, 120, 121, 122, 123, 124, 125, 126, 127, 128, 129, 130, 131, 132, 133, 134, 135, 136, 137, 138, 139, 140, 141, 142, 143, 144, 145, 146, 147, 148, 149, 150, 151, 152, 153, 154, 155, 156, 157, 158, 159, 160, 161, 162, 163, 164, 165, 166, 167, 168, 169, 170, 171, 172, 173, 174, 175, 176, 177, 178, 179, 180, 181, 182, 183, 184, 185, 186, 187, 188, 189, 190, 191, 192, 193, 194, 195, 196, 197, 198, 199, 200, 201, 202, 203, 204, 205, 206, 207, 208, 209, 210, 211, 212, 213, 214, 215, 216, 217, 218, 219, 220, 221, 222, 223, 224, 225, 226, 227, 228, 229, 230, 231, 232, 233, 234, 235, 236, 237, 238, 239, 240, 241, 242, 243, 244, 245, 246, 247, 248, 249, 250, 251, 252, 253, 254, 255, 256, 257, 258, 259, 260, 261, 262, 263, 264, 265, 266, 267, 268, 269, 270, 271, 272, 273, 274, 275, 276, 277, 278, 279, 280, 281, 282, 283, 284, 285, 286, 287, 288, 289, 290, 291, 292, 293, 294, 295, 296, 297, 298, 299, 300, 301, 302, 303, 304, 305, 306, 307, 308, 309, 310, 311, 312, 313, 314, 315, 316, 317, 318, 319, 320, 321, 322, 323, 324, 325, 326, 327, 328, 329, 330, 331, 332, 333, 334, 335, 336, 337, 574, 575, 576, 577, 578, 579, 580, 581, 582, 583, 584, 585, 586, 587, 588, 589, 590, 591, 592, 593, 594, 595, 596, 597, 598, 599, 600, 601, 602, 603, 604, 605, 606, 607, 608, 609, 610, 611, 612, 613, 614, 615, 616, 617, 618, 619, 620, 621, 622, 623, 624, 625, 626, 627, 628, 629, 630, 631, 632, 633, 634, 635, 636, 637, 638, 639, 640, 641, 642, 643, 644, 645, 646, 647, 648, 649, 650, 651, 652, 653, 654, 655, 656, 657, 658, 659, 660, 661, 662, 663, 664, 665, 666, 667, 668, 669, 670, 671, 672, 673, 674, 675, 676, 677, 678, 679, 680, 681, 682, 683, 684, 685, 686, 687, 688, 689, 690, 691, 692, 693, 694, 695, 696, 697, 698, 699, 700, 701, 702, 703, 704, 705, 706, 707, 708, 709, 710, 711, 712, 713, 714, 715, 716, 717, 718, 719, 720, 721, 722, 723, 724, 725, 726, 727, 728, 729, 730, 731, 732, 733, 734, 735, 736, 737, 738, 739, 740, 741, 742, 743, 744, 745, 746, 747, 748, 749, 750, 751, 752, 753, 754, 755, 756, 757, 758, 759, 760, 761, 762, 763, 764, 765, 766, 767, 768, 769, 770, 771, 772, 773, 774, 775, 776, 777, 778, 779, 780, 781, 782, 783, 784, 785, 786, 787, 788, 789, 790, 791, 792, 793]",[],[],"[4, 31, 59, 135, 142, 147, 180, 218, 229, 232, 264, 269, 299, 318, 320, 331, 338, 352, 367, 382, 387, 403, 405, 408, 410, 455, 463, 465, 466, 468, 470, 472, 473, 483, 484, 490, 514, 535, 606, 613, 618, 651, 686, 693, 696, 724, 728, 758, 776, 778, 788, 794, 807, 832, 837, 852, 854, 858, 860, 861, 902, 910, 912, 913, 915, 917, 919, 920, 931, 934, 935]","[4, 31, 59, 103, 104, 105, 106, 107, 108, 109, 110, 111, 112, 113, 114, 115, 116, 117, 118, 119, 120, 121, 122, 123, 124, 125, 126, 127, 128, 129, 130, 131, 132, 133, 134, 135, 136, 137, 138, 139, 140, 141, 142, 143, 144, 145, 146, 147, 148, 149, 150, 151, 152, 153, 154, 155, 156, 157, 158, 159, 160, 161, 162, 163, 164, 165, 166, 167, 168, 169, 170, 171, 172, 173, 174, 175, 176, 177, 178, 179, 180, 181, 182, 183, 184, 185, 186, 187, 188, 189, 190, 191, 192, 193, 194, 195, 196, 197, 198, 199, 200, 201, 202, 203, 204, 205, 206, 207, 208, 209, 210, 211, 212, 213, 214, 215, 216, 217, 218, 219, 220, 221, 222, 223, 224, 225, 226, 227, 228, 229, 230, 231, 232, 233, 234, 235, 236, 237, 238, 239, 240, 241, 242, 243, 244, 245, 246, 247, 248, 249, 250, 251, 252, 253, 254, 255, 256, 257, 258, 259, 260, 261, 262, 263, 264, 265, 266, 267, 268, 269, 270, 271, 272, 273, 274, 275, 276, 277, 278, 279, 280, 281, 282, 283, 284, 285, 286, 287, 288, 289, 290, 291, 292, 293, 294, 295, 296, 297, 298, 299, 300, 301, 302, 303, 304, 305, 306, 307, 308, 309, 310, 311, 312, 313, 314, 315, 316, 317, 318, 319, 320, 321, 322, 323, 324, 325, 326, 327, 328, 329, 330, 331, 332, 333, 334, 335, 336, 337, 338, 352, 367, 382, 387, 403, 405, 408, 410, 455, 463, 465, 466, 468, 470, 472, 473, 483, 484, 490, 514, 535, 574, 575, 576, 577, 578, 579, 580, 581, 582, 583, 584, 585, 586, 587, 588, 589, 590, 591, 592, 593, 594, 595, 596, 597, 598, 599, 600, 601, 602, 603, 604, 605, 606, 607, 608, 609, 610, 611, 612, 613, 614, 615, 616, 617, 618, 619, 620, 621, 622, 623, 624, 625, 626, 627, 628, 629, 630, 631, 632, 633, 634, 635, 636, 637, 638, 639, 640, 641, 642, 643, 644, 645, 646, 647, 648, 649, 650, 651, 652, 653, 654, 655, 656, 657, 658, 659, 660, 661, 662, 663, 664, 665, 666, 667, 668, 669, 670, 671, 672, 673, 674, 675, 676, 677, 678, 679, 680, 681, 682, 683, 684, 685, 686, 687, 688, 689, 690, 691, 692, 693, 694, 695, 696, 697, 698, 699, 700, 701, 702, 703, 704, 705, 706, 707, 708, 709, 710, 711, 712, 713, 714, 715, 716, 717, 718, 719, 720, 721, 722, 723, 724, 725, 726, 727, 728, 729, 730, 731, 732, 733, 734, 735, 736, 737, 738, 739, 740, 741, 742, 743, 744, 745, 746, 747, 748, 749, 750, 751, 752, 753, 754, 755, 756, 757, 758, 759, 760, 761, 762, 763, 764, 765, 766, 767, 768, 769, 770, 771, 772, 773, 774, 775, 776, 777, 778, 779, 780, 781, 782, 783, 784, 785, 786, 787, 788, 789, 790, 791, 792, 793, 794, 807, 832, 837, 852, 854, 858, 860, 861, 902, 910, 912, 913, 915, 917, 919, 920, 931, 934, 935]",False,[],"[103, 104, 105, 106, 107, 108, 109, 110, 111, 112, 113, 114, 115, 116, 117, 118, 119, 120, 121, 122, 123, 124, 125, 126, 127, 128, 129, 130, 131, 132, 133, 134, 135, 136, 137, 138, 139, 140, 141, 142, 143, 144, 145, 146, 147, 148, 149, 150, 151, 152, 153, 154, 155, 156, 157, 158, 159, 160, 161, 162, 163, 164, 165, 166, 167, 168, 169, 170, 171, 172, 173, 174, 175, 176, 177, 178, 179, 180, 181, 182, 183, 184, 185, 186, 187, 188, 189, 190, 191, 192, 193, 194, 195, 196, 197, 198, 199, 200, 201, 202, 203, 204, 205, 206, 207, 208, 209, 210, 211, 212, 213, 214, 215, 216, 217, 218, 219, 220, 221, 222, 223, 224, 225, 226, 227, 228, 229, 230, 231, 232, 233, 234, 235, 236, 237, 238, 239, 240, 241, 242, 243, 244, 245, 246, 247, 248, 249, 250, 251, 252, 253, 254, 255, 256, 257, 258, 259, 260, 261, 262, 263, 264, 265, 266, 267, 268, 269, 270, 271, 272, 273, 274, 275, 276, 277, 278, 279, 280, 281, 282, 283, 284, 285, 286, 287, 288, 289, 290, 291, 292, 293, 294, 295, 296, 297, 298, 299, 300, 301, 302, 303, 304, 305, 306, 307, 308, 309, 310, 311, 312, 313, 314, 315, 316, 317, 318, 319, 320, 321, 322, 323, 324, 325, 326, 327, 328, 329, 330, 331, 332, 333, 334, 335, 336, 337, 574, 575, 576, 577, 578, 579, 580, 581, 582, 583, 584, 585, 586, 587, 588, 589, 590, 591, 592, 593, 594, 595, 596, 597, 598, 599, 600, 601, 602, 603, 604, 605, 606, 607, 608, 609, 610, 611, 612, 613, 614, 615, 616, 617, 618, 619, 620, 621, 622, 623, 624, 625, 626, 627, 628, 629, 630, 631, 632, 633, 634, 635, 636, 637, 638, 639, 640, 641, 642, 643, 644, 645, 646, 647, 648, 649, 650, 651, 652, 653, 654, 655, 656, 657, 658, 659, 660, 661, 662, 663, 664, 665, 666, 667, 668, 669, 670, 671, 672, 673, 674, 675, 676, 677, 678, 679, 680, 681, 682, 683, 684, 685, 686, 687, 688, 689, 690, 691, 692, 693, 694, 695, 696, 697, 698, 699, 700, 701, 702, 703, 704, 705, 706, 707, 708, 709, 710, 711, 712, 713, 714, 715, 716, 717, 718, 719, 720, 721, 722, 723, 724, 725, 726, 727, 728, 729, 730, 731, 732, 733, 734, 735, 736, 737, 738, 739, 740, 741, 742, 743, 744, 745, 746, 747, 748, 749, 750, 751, 752, 753, 754, 755, 756, 757, 758, 759, 760, 761, 762, 763, 764, 765, 766, 767, 768, 769, 770, 771, 772, 773, 774, 775, 776, 777, 778, 779, 780, 781, 782, 783, 784, 785, 786, 787, 788, 789, 790, 791, 792, 793]",[],[],[],"[4, 31, 59, 135, 142, 147, 180, 218, 229, 232, 264, 269, 299, 318, 320, 331, 338, 352, 367, 382, 387, 403, 405, 408, 410, 455, 463, 465, 466, 468, 470, 472, 473, 483, 484, 490, 514, 535, 606, 613, 618, 651, 686, 693, 696, 724, 728, 758, 776, 778, 788, 794, 807, 832, 837, 852, 854, 858, 860, 861, 902, 910, 912, 913, 915, 917, 919, 920, 931, 934, 935]",[],7/6 successful match,False,,False,712,False,,1.0,True,El Capitan Oil,
"Santee , 92071 El Capitan Oil",5 619-448-5891 Hwy 67 & Riverford Rd,00,Santee,92071,El Capitan Oil,619-448-5891,2008,Santee,CA,,,Hwy 67 & Riverford Rd,empty,,False,,False,Hwy 67,Riverford Rd,,,,[],[],[],[],"[103, 104, 105, 106, 107, 108, 109, 110, 111, 112, 113, 114, 115, 116, 117, 118, 119, 120, 121, 122, 123, 124, 125, 126, 127, 128, 129, 130, 131, 132, 133, 134, 135, 136, 137, 138, 139, 140, 141, 142, 143, 144, 145, 146, 147, 148, 149, 150, 151, 152, 153, 154, 155, 156, 157, 158, 159, 160, 161, 162, 163, 164, 165, 166, 167, 168, 169, 170, 171, 172, 173, 174, 175, 176, 177, 178, 179, 180, 181, 182, 183, 184, 185, 186, 187, 188, 189, 190, 191, 192, 193, 194, 195, 196, 197, 198, 199, 200, 201, 202, 203, 204, 205, 206, 207, 208, 209, 210, 211, 212, 213, 214, 215, 216, 217, 218, 219, 220, 221, 222, 223, 224, 225, 226, 227, 228, 229, 230, 231, 232, 233, 234, 235, 236, 237, 238, 239, 240, 241, 242, 243, 244, 245, 246, 247, 248, 249, 250, 251, 252, 253, 254, 255, 256, 257, 258, 259, 260, 261, 262, 263, 264, 265, 266, 267, 268, 269, 270, 271, 272, 273, 274, 275, 276, 277, 278, 279, 280, 281, 282, 283, 284, 285, 286, 287, 288, 289, 290, 291, 292, 293, 294, 295, 296, 297, 298, 299, 300, 301, 302, 303, 304, 305, 306, 307, 308, 309, 310, 311, 312, 313, 314, 315, 316, 317, 318, 319, 320, 321, 322, 323, 324, 325, 326, 327, 328, 329, 330, 331, 332, 333, 334, 335, 336, 337, 574, 575, 576, 577, 578, 579, 580, 581, 582, 583, 584, 585, 586, 587, 588, 589, 590, 591, 592, 593, 594, 595, 596, 597, 598, 599, 600, 601, 602, 603, 604, 605, 606, 607, 608, 609, 610, 611, 612, 613, 614, 615, 616, 617, 618, 619, 620, 621, 622, 623, 624, 625, 626, 627, 628, 629, 630, 631, 632, 633, 634, 635, 636, 637, 638, 639, 640, 641, 642, 643, 644, 645, 646, 647, 648, 649, 650, 651, 652, 653, 654, 655, 656, 657, 658, 659, 660, 661, 662, 663, 664, 665, 666, 667, 668, 669, 670, 671, 672, 673, 674, 675, 676, 677, 678, 679, 680, 681, 682, 683, 684, 685, 686, 687, 688, 689, 690, 691, 692, 693, 694, 695, 696, 697, 698, 699, 700, 701, 702, 703, 704, 705, 706, 707, 708, 709, 710, 711, 712, 713, 714, 715, 716, 717, 718, 719, 720, 721, 722, 723, 724, 725, 726, 727, 728, 729, 730, 731, 732, 733, 734, 735, 736, 737, 738, 739, 740, 741, 742, 743, 744, 745, 746, 747, 748, 749, 750, 751, 752, 753, 754, 755, 756, 757, 758, 759, 760, 761, 762, 763, 764, 765, 766, 767, 768, 769, 770, 771, 772, 773, 774, 775, 776, 777, 778, 779, 780, 781, 782, 783, 784, 785, 786, 787, 788, 789, 790, 791, 792, 793]",[],[],"[4, 31, 59, 135, 142, 147, 180, 218, 229, 232, 264, 269, 299, 318, 320, 331, 338, 352, 367, 382, 387, 403, 405, 408, 410, 455, 463, 465, 466, 468, 470, 472, 473, 483, 484, 490, 514, 535, 606, 613, 618, 651, 686, 693, 696, 724, 728, 758, 776, 778, 788, 794, 807, 832, 837, 852, 854, 858, 860, 861, 902, 910, 912, 913, 915, 917, 919, 920, 931, 934, 935]","[4, 31, 59, 103, 104, 105, 106, 107, 108, 109, 110, 111, 112, 113, 114, 115, 116, 117, 118, 119, 120, 121, 122, 123, 124, 125, 126, 127, 128, 129, 130, 131, 132, 133, 134, 135, 136, 137, 138, 139, 140, 141, 142, 143, 144, 145, 146, 147, 148, 149, 150, 151, 152, 153, 154, 155, 156, 157, 158, 159, 160, 161, 162, 163, 164, 165, 166, 167, 168, 169, 170, 171, 172, 173, 174, 175, 176, 177, 178, 179, 180, 181, 182, 183, 184, 185, 186, 187, 188, 189, 190, 191, 192, 193, 194, 195, 196, 197, 198, 199, 200, 201, 202, 203, 204, 205, 206, 207, 208, 209, 210, 211, 212, 213, 214, 215, 216, 217, 218, 219, 220, 221, 222, 223, 224, 225, 226, 227, 228, 229, 230, 231, 232, 233, 234, 235, 236, 237, 238, 239, 240, 241, 242, 243, 244, 245, 246, 247, 248, 249, 250, 251, 252, 253, 254, 255, 256, 257, 258, 259, 260, 261, 262, 263, 264, 265, 266, 267, 268, 269, 270, 271, 272, 273, 274, 275, 276, 277, 278, 279, 280, 281, 282, 283, 284, 285, 286, 287, 288, 289, 290, 291, 292, 293, 294, 295, 296, 297, 298, 299, 300, 301, 302, 303, 304, 305, 306, 307, 308, 309, 310, 311, 312, 313, 314, 315, 316, 317, 318, 319, 320, 321, 322, 323, 324, 325, 326, 327, 328, 329, 330, 331, 332, 333, 334, 335, 336, 337, 338, 352, 367, 382, 387, 403, 405, 408, 410, 455, 463, 465, 466, 468, 470, 472, 473, 483, 484, 490, 514, 535, 574, 575, 576, 577, 578, 579, 580, 581, 582, 583, 584, 585, 586, 587, 588, 589, 590, 591, 592, 593, 594, 595, 596, 597, 598, 599, 600, 601, 602, 603, 604, 605, 606, 607, 608, 609, 610, 611, 612, 613, 614, 615, 616, 617, 618, 619, 620, 621, 622, 623, 624, 625, 626, 627, 628, 629, 630, 631, 632, 633, 634, 635, 636, 637, 638, 639, 640, 641, 642, 643, 644, 645, 646, 647, 648, 649, 650, 651, 652, 653, 654, 655, 656, 657, 658, 659, 660, 661, 662, 663, 664, 665, 666, 667, 668, 669, 670, 671, 672, 673, 674, 675, 676, 677, 678, 679, 680, 681, 682, 683, 684, 685, 686, 687, 688, 689, 690, 691, 692, 693, 694, 695, 696, 697, 698, 699, 700, 701, 702, 703, 704, 705, 706, 707, 708, 709, 710, 711, 712, 713, 714, 715, 716, 717, 718, 719, 720, 721, 722, 723, 724, 725, 726, 727, 728, 729, 730, 731, 732, 733, 734, 735, 736, 737, 738, 739, 740, 741, 742, 743, 744, 745, 746, 747, 748, 749, 750, 751, 752, 753, 754, 755, 756, 757, 758, 759, 760, 761, 762, 763, 764, 765, 766, 767, 768, 769, 770, 771, 772, 773, 774, 775, 776, 777, 778, 779, 780, 781, 782, 783, 784, 785, 786, 787, 788, 789, 790, 791, 792, 793, 794, 807, 832, 837, 852, 854, 858, 860, 861, 902, 910, 912, 913, 915, 917, 919, 920, 931, 934, 935]",False,[],"[103, 104, 105, 106, 107, 108, 109, 110, 111, 112, 113, 114, 115, 116, 117, 118, 119, 120, 121, 122, 123, 124, 125, 126, 127, 128, 129, 130, 131, 132, 133, 134, 135, 136, 137, 138, 139, 140, 141, 142, 143, 144, 145, 146, 147, 148, 149, 150, 151, 152, 153, 154, 155, 156, 157, 158, 159, 160, 161, 162, 163, 164, 165, 166, 167, 168, 169, 170, 171, 172, 173, 174, 175, 176, 177, 178, 179, 180, 181, 182, 183, 184, 185, 186, 187, 188, 189, 190, 191, 192, 193, 194, 195, 196, 197, 198, 199, 200, 201, 202, 203, 204, 205, 206, 207, 208, 209, 210, 211, 212, 213, 214, 215, 216, 217, 218, 219, 220, 221, 222, 223, 224, 225, 226, 227, 228, 229, 230, 231, 232, 233, 234, 235, 236, 237, 238, 239, 240, 241, 242, 243, 244, 245, 246, 247, 248, 249, 250, 251, 252, 253, 254, 255, 256, 257, 258, 259, 260, 261, 262, 263, 264, 265, 266, 267, 268, 269, 270, 271, 272, 273, 274, 275, 276, 277, 278, 279, 280, 281, 282, 283, 284, 285, 286, 287, 288, 289, 290, 291, 292, 293, 294, 295, 296, 297, 298, 299, 300, 301, 302, 303, 304, 305, 306, 307, 308, 309, 310, 311, 312, 313, 314, 315, 316, 317, 318, 319, 320, 321, 322, 323, 324, 325, 326, 327, 328, 329, 330, 331, 332, 333, 334, 335, 336, 337, 574, 575, 576, 577, 578, 579, 580, 581, 582, 583, 584, 585, 586, 587, 588, 589, 590, 591, 592, 593, 594, 595, 596, 597, 598, 599, 600, 601, 602, 603, 604, 605, 606, 607, 608, 609, 610, 611, 612, 613, 614, 615, 616, 617, 618, 619, 620, 621, 622, 623, 624, 625, 626, 627, 628, 629, 630, 631, 632, 633, 634, 635, 636, 637, 638, 639, 640, 641, 642, 643, 644, 645, 646, 647, 648, 649, 650, 651, 652, 653, 654, 655, 656, 657, 658, 659, 660, 661, 662, 663, 664, 665, 666, 667, 668, 669, 670, 671, 672, 673, 674, 675, 676, 677, 678, 679, 680, 681, 682, 683, 684, 685, 686, 687, 688, 689, 690, 691, 692, 693, 694, 695, 696, 697, 698, 699, 700, 701, 702, 703, 704, 705, 706, 707, 708, 709, 710, 711, 712, 713, 714, 715, 716, 717, 718, 719, 720, 721, 722, 723, 724, 725, 726, 727, 728, 729, 730, 731, 732, 733, 734, 735, 736, 737, 738, 739, 740, 741, 742, 743, 744, 745, 746, 747, 748, 749, 750, 751, 752, 753, 754, 755, 756, 757, 758, 759, 760, 761, 762, 763, 764, 765, 766, 767, 768, 769, 770, 771, 772, 773, 774, 775, 776, 777, 778, 779, 780, 781, 782, 783, 784, 785, 786, 787, 788, 789, 790, 791, 792, 793]",[],[],[],"[4, 31, 59, 135, 142, 147, 180, 218, 229, 232, 264, 269, 299, 318, 320, 331, 338, 352, 367, 382, 387, 403, 405, 408, 410, 455, 463, 465, 466, 468, 470, 472, 473, 483, 484, 490, 514, 535, 606, 613, 618, 651, 686, 693, 696, 724, 728, 758, 776, 778, 788, 794, 807, 832, 837, 852, 854, 858, 860, 861, 902, 910, 912, 913, 915, 917, 919, 920, 931, 934, 935]",[],7/6 successful match,False,,False,712,False,,1.0,True,El Capitan Oil,
J Santee ( 92071 ) Dion & Sons Cardlock ( Pac Pride ),5 619-448-5891 CA 67 N & Riverford Rd,<U+2610> <U+2610> <U+2610> <U+2610>,Santee,92071,Dion & Sons Cardlock ( Pac Pride ),619-448-5891,2014,Santee,CA,,,CA 67 N & Riverford Rd,empty,,False,,False,CA 67,Riverford Rd,,,,[],[],[],[],"[103, 104, 105, 106, 107, 108, 109, 110, 111, 112, 113, 114, 115, 116, 117, 118, 119, 120, 121, 122, 123, 124, 125, 126, 127, 128, 129, 130, 131, 132, 133, 134, 135, 136, 137, 138, 139, 140, 141, 142, 143, 144, 145, 146, 147, 148, 149, 150, 151, 152, 153, 154, 155, 156, 157, 158, 159, 160, 161, 162, 163, 164, 165, 166, 167, 168, 169, 170, 171, 172, 173, 174, 175, 176, 177, 178, 179, 180, 181, 182, 183, 184, 185, 186, 187, 188, 189, 190, 191, 192, 193, 194, 195, 196, 197, 198, 199, 200, 201, 202, 203, 204, 205, 206, 207, 208, 209, 210, 211, 212, 213, 214, 215, 216, 217, 218, 219, 220, 221, 222, 223, 224, 225, 226, 227, 228, 229, 230, 231, 232, 233, 234, 235, 236, 237, 238, 239, 240, 241, 242, 243, 244, 245, 246, 247, 248, 249, 250, 251, 252, 253, 254, 255, 256, 257, 258, 259, 260, 261, 262, 263, 264, 265, 266, 267, 268, 269, 270, 271, 272, 273, 274, 275, 276, 277, 278, 279, 280, 281, 282, 283, 284, 285, 286, 287, 288, 289, 290, 291, 292, 293, 294, 295, 296, 297, 298, 299, 300, 301, 302, 303, 304, 305, 306, 307, 308, 309, 310, 311, 312, 313, 314, 315, 316, 317, 318, 319, 320, 321, 322, 323, 324, 325, 326, 327, 328, 329, 330, 331, 332, 333, 334, 335, 336, 337, 574, 575, 576, 577, 578, 579, 580, 581, 582, 583, 584, 585, 586, 587, 588, 589, 590, 591, 592, 593, 594, 595, 596, 597, 598, 599, 600, 601, 602, 603, 604, 605, 606, 607, 608, 609, 610, 611, 612, 613, 614, 615, 616, 617, 618, 619, 620, 621, 622, 623, 624, 625, 626, 627, 628, 629, 630, 631, 632, 633, 634, 635, 636, 637, 638, 639, 640, 641, 642, 643, 644, 645, 646, 647, 648, 649, 650, 651, 652, 653, 654, 655, 656, 657, 658, 659, 660, 661, 662, 663, 664, 665, 666, 667, 668, 669, 670, 671, 672, 673, 674, 675, 676, 677, 678, 679, 680, 681, 682, 683, 684, 685, 686, 687, 688, 689, 690, 691, 692, 693, 694, 695, 696, 697, 698, 699, 700, 701, 702, 703, 704, 705, 706, 707, 708, 709, 710, 711, 712, 713, 714, 715, 716, 717, 718, 719, 720, 721, 722, 723, 724, 725, 726, 727, 728, 729, 730, 731, 732, 733, 734, 735, 736, 737, 738, 739, 740, 741, 742, 743, 744, 745, 746, 747, 748, 749, 750, 751, 752, 753, 754, 755, 756, 757, 758, 759, 760, 761, 762, 763, 764, 765, 766, 767, 768, 769, 770, 771, 772, 773, 774, 775, 776, 777, 778, 779, 780, 781, 782, 783, 784, 785, 786, 787, 788, 789, 790, 791, 792, 793]","[103, 104, 106, 117, 118, 120, 127, 128, 129, 131, 133, 135, 136, 137, 139, 146, 147, 148, 149, 151, 158, 160, 162, 166, 173, 178, 179, 185, 190, 192, 198, 201, 203, 204, 206, 207, 212, 213, 214, 219, 223, 224, 225, 227, 230, 235, 237, 246, 247, 256, 259, 262, 263, 266, 268, 269, 271, 272, 278, 279, 284, 285, 288, 290, 292, 304, 312, 316, 319, 320, 323, 324, 332, 574, 575, 588, 591, 607, 608, 610, 618, 619, 620, 622, 632, 644, 649, 650, 656, 661, 663, 669, 674, 677, 683, 684, 687, 688, 689, 701, 710, 723, 730, 731, 738, 747, 751, 762, 774, 778, 789]",[],"[79, 80, 81, 82, 551, 552, 553]","[79, 80, 81, 82, 103, 104, 105, 106, 107, 108, 109, 110, 111, 112, 113, 114, 115, 116, 117, 118, 119, 120, 121, 122, 123, 124, 125, 126, 127, 128, 129, 130, 131, 132, 133, 134, 135, 136, 137, 138, 139, 140, 141, 142, 143, 144, 145, 146, 147, 148, 149, 150, 151, 152, 153, 154, 155, 156, 157, 158, 159, 160, 161, 162, 163, 164, 165, 166, 167, 168, 169, 170, 171, 172, 173, 174, 175, 176, 177, 178, 179, 180, 181, 182, 183, 184, 185, 186, 187, 188, 189, 190, 191, 192, 193, 194, 195, 196, 197, 198, 199, 200, 201, 202, 203, 204, 205, 206, 207, 208, 209, 210, 211, 212, 213, 214, 215, 216, 217, 218, 219, 220, 221, 222, 223, 224, 225, 226, 227, 228, 229, 230, 231, 232, 233, 234, 235, 236, 237, 238, 239, 240, 241, 242, 243, 244, 245, 246, 247, 248, 249, 250, 251, 252, 253, 254, 255, 256, 257, 258, 259, 260, 261, 262, 263, 264, 265, 266, 267, 268, 269, 270, 271, 272, 273, 274, 275, 276, 277, 278, 279, 280, 281, 282, 283, 284, 285, 286, 287, 288, 289, 290, 291, 292, 293, 294, 295, 296, 297, 298, 299, 300, 301, 302, 303, 304, 305, 306, 307, 308, 309, 310, 311, 312, 313, 314, 315, 316, 317, 318, 319, 320, 321, 322, 323, 324, 325, 326, 327, 328, 329, 330, 331, 332, 333, 334, 335, 336, 337, 551, 552, 553, 574, 575, 576, 577, 578, 579, 580, 581, 582, 583, 584, 585, 586, 587, 588, 589, 590, 591, 592, 593, 594, 595, 596, 597, 598, 599, 600, 601, 602, 603, 604, 605, 606, 607, 608, 609, 610, 611, 612, 613, 614, 615, 616, 617, 618, 619, 620, 621, 622, 623, 624, 625, 626, 627, 628, 629, 630, 631, 632, 633, 634, 635, 636, 637, 638, 639, 640, 641, 642, 643, 644, 645, 646, 647, 648, 649, 650, 651, 652, 653, 654, 655, 656, 657, 658, 659, 660, 661, 662, 663, 664, 665, 666, 667, 668, 669, 670, 671, 672, 673, 674, 675, 676, 677, 678, 679, 680, 681, 682, 683, 684, 685, 686, 687, 688, 689, 690, 691, 692, 693, 694, 695, 696, 697, 698, 699, 700, 701, 702, 703, 704, 705, 706, 707, 708, 709, 710, 711, 712, 713, 714, 715, 716, 717, 718, 719, 720, 721, 722, 723, 724, 725, 726, 727, 728, 729, 730, 731, 732, 733, 734, 735, 736, 737, 738, 739, 740, 741, 742, 743, 744, 745, 746, 747, 748, 749, 750, 751, 752, 753, 754, 755, 756, 757, 758, 759, 760, 761, 762, 763, 764, 765, 766, 767, 768, 769, 770, 771, 772, 773, 774, 775, 776, 777, 778, 779, 780, 781, 782, 783, 784, 785, 786, 787, 788, 789, 790, 791, 792, 793]",False,[],"[103, 104, 105, 106, 107, 108, 109, 110, 111, 112, 113, 114, 115, 116, 117, 118, 119, 120, 121, 122, 123, 124, 125, 126, 127, 128, 129, 130, 131, 132, 133, 134, 135, 136, 137, 138, 139, 140, 141, 142, 143, 144, 145, 146, 147, 148, 149, 150, 151, 152, 153, 154, 155, 156, 157, 158, 159, 160, 161, 162, 163, 164, 165, 166, 167, 168, 169, 170, 171, 172, 173, 174, 175, 176, 177, 178, 179, 180, 181, 182, 183, 184, 185, 186, 187, 188, 189, 190, 191, 192, 193, 194, 195, 196, 197, 198, 199, 200, 201, 202, 203, 204, 205, 206, 207, 208, 209, 210, 211, 212, 213, 214, 215, 216, 217, 218, 219, 220, 221, 222, 223, 224, 225, 226, 227, 228, 229, 230, 231, 232, 233, 234, 235, 236, 237, 238, 239, 240, 241, 242, 243, 244, 245, 246, 247, 248, 249, 250, 251, 252, 253, 254, 255, 256, 257, 258, 259, 260, 261, 262, 263, 264, 265, 266, 267, 268, 269, 270, 271, 272, 273, 274, 275, 276, 277, 278, 279, 280, 281, 282, 283, 284, 285, 286, 287, 288, 289, 290, 291, 292, 293, 294, 295, 296, 297, 298, 299, 300, 301, 302, 303, 304, 305, 306, 307, 308, 309, 310, 311, 312, 313, 314, 315, 316, 317, 318, 319, 320, 321, 322, 323, 324, 325, 326, 327, 328, 329, 330, 331, 332, 333, 334, 335, 336, 337, 574, 575, 576, 577, 578, 579, 580, 581, 582, 583, 584, 585, 586, 587, 588, 589, 590, 591, 592, 593, 594, 595, 596, 597, 598, 599, 600, 601, 602, 603, 604, 605, 606, 607, 608, 609, 610, 611, 612, 613, 614, 615, 616, 617, 618, 619, 620, 621, 622, 623, 624, 625, 626, 627, 628, 629, 630, 631, 632, 633, 634, 635, 636, 637, 638, 639, 640, 641, 642, 643, 644, 645, 646, 647, 648, 649, 650, 651, 652, 653, 654, 655, 656, 657, 658, 659, 660, 661, 662, 663, 664, 665, 666, 667, 668, 669, 670, 671, 672, 673, 674, 675, 676, 677, 678, 679, 680, 681, 682, 683, 684, 685, 686, 687, 688, 689, 690, 691, 692, 693, 694, 695, 696, 697, 698, 699, 700, 701, 702, 703, 704, 705, 706, 707, 708, 709, 710, 711, 712, 713, 714, 715, 716, 717, 718, 719, 720, 721, 722, 723, 724, 725, 726, 727, 728, 729, 730, 731, 732, 733, 734, 735, 736, 737, 738, 739, 740, 741, 742, 743, 744, 745, 746, 747, 748, 749, 750, 751, 752, 753, 754, 755, 756, 757, 758, 759, 760, 761, 762, 763, 764, 765, 766, 767, 768, 769, 770, 771, 772, 773, 774, 775, 776, 777, 778, 779, 780, 781, 782, 783, 784, 785, 786, 787, 788, 789, 790, 791, 792, 793]",[],[],"[103, 104, 106, 117, 118, 120, 127, 128, 129, 131, 133, 135, 136, 137, 139, 146, 147, 148, 149, 151, 158, 160, 162, 166, 173, 178, 179, 185, 190, 192, 198, 201, 203, 204, 206, 207, 212, 213, 214, 219, 223, 224, 225, 227, 230, 235, 237, 246, 247, 256, 259, 262, 263, 266, 268, 269, 271, 272, 278, 279, 284, 285, 288, 290, 292, 304, 312, 316, 319, 320, 323, 324, 332, 574, 575, 588, 591, 607, 608, 610, 618, 619, 620, 622, 632, 644, 649, 650, 656, 661, 663, 669, 674, 677, 683, 684, 687, 688, 689, 701, 710, 723, 730, 731, 738, 747, 751, 762, 774, 778, 789]","[79, 80, 81, 82, 551, 552, 553]",[],5/6 successful match,False,,False,712,True,2014,0.08333333333333333,True,El Capitan Oil,
J Santee ( 92071 ) Dion & Sons Cardlock ( Pac Pride ),5 619-448-5891 CA 67 N & Riverford Rd,<U+2610>,Santee,92071,Dion & Sons Cardlock ( Pac Pride ),619-448-5891,2015,Santee,CA,,,CA 67 N & Riverford Rd,empty,,False,,False,CA 67,Riverford Rd,,,,[],[],[],[],"[103, 104, 105, 106, 107, 108, 109, 110, 111, 112, 113, 114, 115, 116, 117, 118, 119, 120, 121, 122, 123, 124, 125, 126, 127, 128, 129, 130, 131, 132, 133, 134, 135, 136, 137, 138, 139, 140, 141, 142, 143, 144, 145, 146, 147, 148, 149, 150, 151, 152, 153, 154, 155, 156, 157, 158, 159, 160, 161, 162, 163, 164, 165, 166, 167, 168, 169, 170, 171, 172, 173, 174, 175, 176, 177, 178, 179, 180, 181, 182, 183, 184, 185, 186, 187, 188, 189, 190, 191, 192, 193, 194, 195, 196, 197, 198, 199, 200, 201, 202, 203, 204, 205, 206, 207, 208, 209, 210, 211, 212, 213, 214, 215, 216, 217, 218, 219, 220, 221, 222, 223, 224, 225, 226, 227, 228, 229, 230, 231, 232, 233, 234, 235, 236, 237, 238, 239, 240, 241, 242, 243, 244, 245, 246, 247, 248, 249, 250, 251, 252, 253, 254, 255, 256, 257, 258, 259, 260, 261, 262, 263, 264, 265, 266, 267, 268, 269, 270, 271, 272, 273, 274, 275, 276, 277, 278, 279, 280, 281, 282, 283, 284, 285, 286, 287, 288, 289, 290, 291, 292, 293, 294, 295, 296, 297, 298, 299, 300, 301, 302, 303, 304, 305, 306, 307, 308, 309, 310, 311, 312, 313, 314, 315, 316, 317, 318, 319, 320, 321, 322, 323, 324, 325, 326, 327, 328, 329, 330, 331, 332, 333, 334, 335, 336, 337, 574, 575, 576, 577, 578, 579, 580, 581, 582, 583, 584, 585, 586, 587, 588, 589, 590, 591, 592, 593, 594, 595, 596, 597, 598, 599, 600, 601, 602, 603, 604, 605, 606, 607, 608, 609, 610, 611, 612, 613, 614, 615, 616, 617, 618, 619, 620, 621, 622, 623, 624, 625, 626, 627, 628, 629, 630, 631, 632, 633, 634, 635, 636, 637, 638, 639, 640, 641, 642, 643, 644, 645, 646, 647, 648, 649, 650, 651, 652, 653, 654, 655, 656, 657, 658, 659, 660, 661, 662, 663, 664, 665, 666, 667, 668, 669, 670, 671, 672, 673, 674, 675, 676, 677, 678, 679, 680, 681, 682, 683, 684, 685, 686, 687, 688, 689, 690, 691, 692, 693, 694, 695, 696, 697, 698, 699, 700, 701, 702, 703, 704, 705, 706, 707, 708, 709, 710, 711, 712, 713, 714, 715, 716, 717, 718, 719, 720, 721, 722, 723, 724, 725, 726, 727, 728, 729, 730, 731, 732, 733, 734, 735, 736, 737, 738, 739, 740, 741, 742, 743, 744, 745, 746, 747, 748, 749, 750, 751, 752, 753, 754, 755, 756, 757, 758, 759, 760, 761, 762, 763, 764, 765, 766, 767, 768, 769, 770, 771, 772, 773, 774, 775, 776, 777, 778, 779, 780, 781, 782, 783, 784, 785, 786, 787, 788, 789, 790, 791, 792, 793]","[103, 104, 106, 117, 118, 120, 127, 128, 129, 131, 133, 135, 136, 137, 139, 146, 147, 148, 149, 151, 158, 160, 162, 166, 173, 178, 179, 185, 190, 192, 198, 201, 203, 204, 206, 207, 212, 213, 214, 219, 223, 224, 225, 227, 230, 235, 237, 246, 247, 256, 259, 262, 263, 266, 268, 269, 271, 272, 278, 279, 284, 285, 288, 290, 292, 304, 312, 316, 319, 320, 323, 324, 332, 574, 575, 588, 591, 607, 608, 610, 618, 619, 620, 622, 632, 644, 649, 650, 656, 661, 663, 669, 674, 677, 683, 684, 687, 688, 689, 701, 710, 723, 730, 731, 738, 747, 751, 762, 774, 778, 789]",[],"[79, 80, 81, 82, 551, 552, 553]","[79, 80, 81, 82, 103, 104, 105, 106, 107, 108, 109, 110, 111, 112, 113, 114, 115, 116, 117, 118, 119, 120, 121, 122, 123, 124, 125, 126, 127, 128, 129, 130, 131, 132, 133, 134, 135, 136, 137, 138, 139, 140, 141, 142, 143, 144, 145, 146, 147, 148, 149, 150, 151, 152, 153, 154, 155, 156, 157, 158, 159, 160, 161, 162, 163, 164, 165, 166, 167, 168, 169, 170, 171, 172, 173, 174, 175, 176, 177, 178, 179, 180, 181, 182, 183, 184, 185, 186, 187, 188, 189, 190, 191, 192, 193, 194, 195, 196, 197, 198, 199, 200, 201, 202, 203, 204, 205, 206, 207, 208, 209, 210, 211, 212, 213, 214, 215, 216, 217, 218, 219, 220, 221, 222, 223, 224, 225, 226, 227, 228, 229, 230, 231, 232, 233, 234, 235, 236, 237, 238, 239, 240, 241, 242, 243, 244, 245, 246, 247, 248, 249, 250, 251, 252, 253, 254, 255, 256, 257, 258, 259, 260, 261, 262, 263, 264, 265, 266, 267, 268, 269, 270, 271, 272, 273, 274, 275, 276, 277, 278, 279, 280, 281, 282, 283, 284, 285, 286, 287, 288, 289, 290, 291, 292, 293, 294, 295, 296, 297, 298, 299, 300, 301, 302, 303, 304, 305, 306, 307, 308, 309, 310, 311, 312, 313, 314, 315, 316, 317, 318, 319, 320, 321, 322, 323, 324, 325, 326, 327, 328, 329, 330, 331, 332, 333, 334, 335, 336, 337, 551, 552, 553, 574, 575, 576, 577, 578, 579, 580, 581, 582, 583, 584, 585, 586, 587, 588, 589, 590, 591, 592, 593, 594, 595, 596, 597, 598, 599, 600, 601, 602, 603, 604, 605, 606, 607, 608, 609, 610, 611, 612, 613, 614, 615, 616, 617, 618, 619, 620, 621, 622, 623, 624, 625, 626, 627, 628, 629, 630, 631, 632, 633, 634, 635, 636, 637, 638, 639, 640, 641, 642, 643, 644, 645, 646, 647, 648, 649, 650, 651, 652, 653, 654, 655, 656, 657, 658, 659, 660, 661, 662, 663, 664, 665, 666, 667, 668, 669, 670, 671, 672, 673, 674, 675, 676, 677, 678, 679, 680, 681, 682, 683, 684, 685, 686, 687, 688, 689, 690, 691, 692, 693, 694, 695, 696, 697, 698, 699, 700, 701, 702, 703, 704, 705, 706, 707, 708, 709, 710, 711, 712, 713, 714, 715, 716, 717, 718, 719, 720, 721, 722, 723, 724, 725, 726, 727, 728, 729, 730, 731, 732, 733, 734, 735, 736, 737, 738, 739, 740, 741, 742, 743, 744, 745, 746, 747, 748, 749, 750, 751, 752, 753, 754, 755, 756, 757, 758, 759, 760, 761, 762, 763, 764, 765, 766, 767, 768, 769, 770, 771, 772, 773, 774, 775, 776, 777, 778, 779, 780, 781, 782, 783, 784, 785, 786, 787, 788, 789, 790, 791, 792, 793]",False,[],"[103, 104, 105, 106, 107, 108, 109, 110, 111, 112, 113, 114, 115, 116, 117, 118, 119, 120, 121, 122, 123, 124, 125, 126, 127, 128, 129, 130, 131, 132, 133, 134, 135, 136, 137, 138, 139, 140, 141, 142, 143, 144, 145, 146, 147, 148, 149, 150, 151, 152, 153, 154, 155, 156, 157, 158, 159, 160, 161, 162, 163, 164, 165, 166, 167, 168, 169, 170, 171, 172, 173, 174, 175, 176, 177, 178, 179, 180, 181, 182, 183, 184, 185, 186, 187, 188, 189, 190, 191, 192, 193, 194, 195, 196, 197, 198, 199, 200, 201, 202, 203, 204, 205, 206, 207, 208, 209, 210, 211, 212, 213, 214, 215, 216, 217, 218, 219, 220, 221, 222, 223, 224, 225, 226, 227, 228, 229, 230, 231, 232, 233, 234, 235, 236, 237, 238, 239, 240, 241, 242, 243, 244, 245, 246, 247, 248, 249, 250, 251, 252, 253, 254, 255, 256, 257, 258, 259, 260, 261, 262, 263, 264, 265, 266, 267, 268, 269, 270, 271, 272, 273, 274, 275, 276, 277, 278, 279, 280, 281, 282, 283, 284, 285, 286, 287, 288, 289, 290, 291, 292, 293, 294, 295, 296, 297, 298, 299, 300, 301, 302, 303, 304, 305, 306, 307, 308, 309, 310, 311, 312, 313, 314, 315, 316, 317, 318, 319, 320, 321, 322, 323, 324, 325, 326, 327, 328, 329, 330, 331, 332, 333, 334, 335, 336, 337, 574, 575, 576, 577, 578, 579, 580, 581, 582, 583, 584, 585, 586, 587, 588, 589, 590, 591, 592, 593, 594, 595, 596, 597, 598, 599, 600, 601, 602, 603, 604, 605, 606, 607, 608, 609, 610, 611, 612, 613, 614, 615, 616, 617, 618, 619, 620, 621, 622, 623, 624, 625, 626, 627, 628, 629, 630, 631, 632, 633, 634, 635, 636, 637, 638, 639, 640, 641, 642, 643, 644, 645, 646, 647, 648, 649, 650, 651, 652, 653, 654, 655, 656, 657, 658, 659, 660, 661, 662, 663, 664, 665, 666, 667, 668, 669, 670, 671, 672, 673, 674, 675, 676, 677, 678, 679, 680, 681, 682, 683, 684, 685, 686, 687, 688, 689, 690, 691, 692, 693, 694, 695, 696, 697, 698, 699, 700, 701, 702, 703, 704, 705, 706, 707, 708, 709, 710, 711, 712, 713, 714, 715, 716, 717, 718, 719, 720, 721, 722, 723, 724, 725, 726, 727, 728, 729, 730, 731, 732, 733, 734, 735, 736, 737, 738, 739, 740, 741, 742, 743, 744, 745, 746, 747, 748, 749, 750, 751, 752, 753, 754, 755, 756, 757, 758, 759, 760, 761, 762, 763, 764, 765, 766, 767, 768, 769, 770, 771, 772, 773, 774, 775, 776, 777, 778, 779, 780, 781, 782, 783, 784, 785, 786, 787, 788, 789, 790, 791, 792, 793]",[],[],"[103, 104, 106, 117, 118, 120, 127, 128, 129, 131, 133, 135, 136, 137, 139, 146, 147, 148, 149, 151, 158, 160, 162, 166, 173, 178, 179, 185, 190, 192, 198, 201, 203, 204, 206, 207, 212, 213, 214, 219, 223, 224, 225, 227, 230, 235, 237, 246, 247, 256, 259, 262, 263, 266, 268, 269, 271, 272, 278, 279, 284, 285, 288, 290, 292, 304, 312, 316, 319, 320, 323, 324, 332, 574, 575, 588, 591, 607, 608, 610, 618, 619, 620, 622, 632, 644, 649, 650, 656, 661, 663, 669, 674, 677, 683, 684, 687, 688, 689, 701, 710, 723, 730, 731, 738, 747, 751, 762, 774, 778, 789]","[79, 80, 81, 82, 551, 552, 553]",[],5/6 successful match,False,,False,712,False,,1.0,True,Dion & Sons Cardlock ( Pac Pride ),
Otay Mesa ( 92154 ) Pilot Travel Center # 343,619-661-9558 CA 905 & CA 125,Pilot 24 XL <U+25A1>,Otay Mesa,92154,Pilot Travel Center # 343,619-661-9558,2014,San Diego,CA,Pilot,,CA 905 & CA 125,empty,,False,,False,CA 905,CA 125,,,,"[708, 255]","[198, 255, 316, 669, 708, 774]","[49, 87, 107, 198, 255, 293, 297, 316, 331, 528, 558, 578, 669, 708, 752, 756, 774, 788]",[],"[103, 104, 105, 106, 107, 108, 109, 110, 111, 112, 113, 114, 115, 116, 117, 118, 119, 120, 121, 122, 123, 124, 125, 126, 127, 128, 129, 130, 131, 132, 133, 134, 135, 136, 137, 138, 139, 140, 141, 142, 143, 144, 145, 146, 147, 148, 149, 150, 151, 152, 153, 154, 155, 156, 157, 158, 159, 160, 161, 162, 163, 164, 165, 166, 167, 168, 169, 170, 171, 172, 173, 174, 175, 176, 177, 178, 179, 180, 181, 182, 183, 184, 185, 186, 187, 188, 189, 190, 191, 192, 193, 194, 195, 196, 197, 198, 199, 200, 201, 202, 203, 204, 205, 206, 207, 208, 209, 210, 211, 212, 213, 214, 215, 216, 217, 218, 219, 220, 221, 222, 223, 224, 225, 226, 227, 228, 229, 230, 231, 232, 233, 234, 235, 236, 237, 238, 239, 240, 241, 242, 243, 244, 245, 246, 247, 248, 249, 250, 251, 252, 253, 254, 255, 256, 257, 258, 259, 260, 261, 262, 263, 264, 265, 266, 267, 268, 269, 270, 271, 272, 273, 274, 275, 276, 277, 278, 279, 280, 281, 282, 283, 284, 285, 286, 287, 288, 289, 290, 291, 292, 293, 294, 295, 296, 297, 298, 299, 300, 301, 302, 303, 304, 305, 306, 307, 308, 309, 310, 311, 312, 313, 314, 315, 316, 317, 318, 319, 320, 321, 322, 323, 324, 325, 326, 327, 328, 329, 330, 331, 332, 333, 334, 335, 336, 337, 574, 575, 576, 577, 578, 579, 580, 581, 582, 583, 584, 585, 586, 587, 588, 589, 590, 591, 592, 593, 594, 595, 596, 597, 598, 599, 600, 601, 602, 603, 604, 605, 606, 607, 608, 609, 610, 611, 612, 613, 614, 615, 616, 617, 618, 619, 620, 621, 622, 623, 624, 625, 626, 627, 628, 629, 630, 631, 632, 633, 634, 635, 636, 637, 638, 639, 640, 641, 642, 643, 644, 645, 646, 647, 648, 649, 650, 651, 652, 653, 654, 655, 656, 657, 658, 659, 660, 661, 662, 663, 664, 665, 666, 667, 668, 669, 670, 671, 672, 673, 674, 675, 676, 677, 678, 679, 680, 681, 682, 683, 684, 685, 686, 687, 688, 689, 690, 691, 692, 693, 694, 695, 696, 697, 698, 699, 700, 701, 702, 703, 704, 705, 706, 707, 708, 709, 710, 711, 712, 713, 714, 715, 716, 717, 718, 719, 720, 721, 722, 723, 724, 725, 726, 727, 728, 729, 730, 731, 732, 733, 734, 735, 736, 737, 738, 739, 740, 741, 742, 743, 744, 745, 746, 747, 748, 749, 750, 751, 752, 753, 754, 755, 756, 757, 758, 759, 760, 761, 762, 763, 764, 765, 766, 767, 768, 769, 770, 771, 772, 773, 774, 775, 776, 777, 778, 779, 780, 781, 782, 783, 784, 785, 786, 787, 788, 789, 790, 791, 792, 793]","[103, 104, 106, 117, 118, 120, 127, 128, 129, 131, 133, 135, 136, 137, 139, 146, 147, 148, 149, 151, 158, 160, 162, 166, 173, 178, 179, 185, 190, 192, 198, 201, 203, 204, 206, 207, 212, 213, 214, 219, 223, 224, 225, 227, 230, 235, 237, 246, 247, 256, 259, 262, 263, 266, 268, 269, 271, 272, 278, 279, 284, 285, 288, 290, 292, 304, 312, 316, 319, 320, 323, 324, 332, 574, 575, 588, 591, 607, 608, 610, 618, 619, 620, 622, 632, 644, 649, 650, 656, 661, 663, 669, 674, 677, 683, 684, 687, 688, 689, 701, 710, 723, 730, 731, 738, 747, 751, 762, 774, 778, 789]","[15, 16, 65, 66, 67, 68, 69, 70, 71, 72, 73, 74, 75, 76, 80, 151, 245, 246, 247, 248, 249, 250, 251, 252, 253, 254, 255, 256, 257, 258, 259, 280, 340, 373, 374, 375, 376, 377, 459, 460, 461, 462, 500, 501, 539, 540, 541, 542, 543, 544, 545, 546, 547, 548, 549, 550, 552, 622, 708, 709, 710, 711, 712, 713, 714, 715, 716, 717, 718, 719, 720, 739, 796, 823, 824, 825, 826, 827, 906, 907, 908, 909]","[15, 16, 65, 66, 67, 68, 69, 70, 71, 72, 73, 74, 75, 76, 77, 78, 80, 151, 244, 245, 246, 247, 248, 249, 250, 251, 252, 253, 254, 255, 256, 257, 258, 259, 260, 280, 340, 373, 374, 375, 376, 377, 459, 460, 461, 462, 500, 501, 539, 540, 541, 542, 543, 544, 545, 546, 547, 548, 549, 550, 552, 622, 708, 709, 710, 711, 712, 713, 714, 715, 716, 717, 718, 719, 720, 739, 796, 823, 824, 825, 826, 827, 906, 907, 908, 909]","[15, 16, 49, 65, 66, 67, 68, 69, 70, 71, 72, 73, 74, 75, 76, 77, 78, 80, 87, 103, 104, 105, 106, 107, 108, 109, 110, 111, 112, 113, 114, 115, 116, 117, 118, 119, 120, 121, 122, 123, 124, 125, 126, 127, 128, 129, 130, 131, 132, 133, 134, 135, 136, 137, 138, 139, 140, 141, 142, 143, 144, 145, 146, 147, 148, 149, 150, 151, 152, 153, 154, 155, 156, 157, 158, 159, 160, 161, 162, 163, 164, 165, 166, 167, 168, 169, 170, 171, 172, 173, 174, 175, 176, 177, 178, 179, 180, 181, 182, 183, 184, 185, 186, 187, 188, 189, 190, 191, 192, 193, 194, 195, 196, 197, 198, 199, 200, 201, 202, 203, 204, 205, 206, 207, 208, 209, 210, 211, 212, 213, 214, 215, 216, 217, 218, 219, 220, 221, 222, 223, 224, 225, 226, 227, 228, 229, 230, 231, 232, 233, 234, 235, 236, 237, 238, 239, 240, 241, 242, 243, 244, 245, 246, 247, 248, 249, 250, 251, 252, 253, 254, 255, 256, 257, 258, 259, 260, 261, 262, 263, 264, 265, 266, 267, 268, 269, 270, 271, 272, 273, 274, 275, 276, 277, 278, 279, 280, 281, 282, 283, 284, 285, 286, 287, 288, 289, 290, 291, 292, 293, 294, 295, 296, 297, 298, 299, 300, 301, 302, 303, 304, 305, 306, 307, 308, 309, 310, 311, 312, 313, 314, 315, 316, 317, 318, 319, 320, 321, 322, 323, 324, 325, 326, 327, 328, 329, 330, 331, 332, 333, 334, 335, 336, 337, 340, 373, 374, 375, 376, 377, 459, 460, 461, 462, 500, 501, 528, 539, 540, 541, 542, 543, 544, 545, 546, 547, 548, 549, 550, 552, 558, 574, 575, 576, 577, 578, 579, 580, 581, 582, 583, 584, 585, 586, 587, 588, 589, 590, 591, 592, 593, 594, 595, 596, 597, 598, 599, 600, 601, 602, 603, 604, 605, 606, 607, 608, 609, 610, 611, 612, 613, 614, 615, 616, 617, 618, 619, 620, 621, 622, 623, 624, 625, 626, 627, 628, 629, 630, 631, 632, 633, 634, 635, 636, 637, 638, 639, 640, 641, 642, 643, 644, 645, 646, 647, 648, 649, 650, 651, 652, 653, 654, 655, 656, 657, 658, 659, 660, 661, 662, 663, 664, 665, 666, 667, 668, 669, 670, 671, 672, 673, 674, 675, 676, 677, 678, 679, 680, 681, 682, 683, 684, 685, 686, 687, 688, 689, 690, 691, 692, 693, 694, 695, 696, 697, 698, 699, 700, 701, 702, 703, 704, 705, 706, 707, 708, 709, 710, 711, 712, 713, 714, 715, 716, 717, 718, 719, 720, 721, 722, 723, 724, 725, 726, 727, 728, 729, 730, 731, 732, 733, 734, 735, 736, 737, 738, 739, 740, 741, 742, 743, 744, 745, 746, 747, 748, 749, 750, 751, 752, 753, 754, 755, 756, 757, 758, 759, 760, 761, 762, 763, 764, 765, 766, 767, 768, 769, 770, 771, 772, 773, 774, 775, 776, 777, 778, 779, 780, 781, 782, 783, 784, 785, 786, 787, 788, 789, 790, 791, 792, 793, 796, 823, 824, 825, 826, 827, 906, 907, 908, 909]",True,"[198, 255, 316, 669, 708, 774]","[103, 104, 105, 106, 107, 108, 109, 110, 111, 112, 113, 114, 115, 116, 117, 118, 119, 120, 121, 122, 123, 124, 125, 126, 127, 128, 129, 130, 131, 132, 133, 134, 135, 136, 137, 138, 139, 140, 141, 142, 143, 144, 145, 146, 147, 148, 149, 150, 151, 152, 153, 154, 155, 156, 157, 158, 159, 160, 161, 162, 163, 164, 165, 166, 167, 168, 169, 170, 171, 172, 173, 174, 175, 176, 177, 178, 179, 180, 181, 182, 183, 184, 185, 186, 187, 188, 189, 190, 191, 192, 193, 194, 195, 196, 197, 198, 199, 200, 201, 202, 203, 204, 205, 206, 207, 208, 209, 210, 211, 212, 213, 214, 215, 216, 217, 218, 219, 220, 221, 222, 223, 224, 225, 226, 227, 228, 229, 230, 231, 232, 233, 234, 235, 236, 237, 238, 239, 240, 241, 242, 243, 244, 245, 246, 247, 248, 249, 250, 251, 252, 253, 254, 255, 256, 257, 258, 259, 260, 261, 262, 263, 264, 265, 266, 267, 268, 269, 270, 271, 272, 273, 274, 275, 276, 277, 278, 279, 280, 281, 282, 283, 284, 285, 286, 287, 288, 289, 290, 291, 292, 293, 294, 295, 296, 297, 298, 299, 300, 301, 302, 303, 304, 305, 306, 307, 308, 309, 310, 311, 312, 313, 314, 315, 316, 317, 318, 319, 320, 321, 322, 323, 324, 325, 326, 327, 328, 329, 330, 331, 332, 333, 334, 335, 336, 337, 574, 575, 576, 577, 578, 579, 580, 581, 582, 583, 584, 585, 586, 587, 588, 589, 590, 591, 592, 593, 594, 595, 596, 597, 598, 599, 600, 601, 602, 603, 604, 605, 606, 607, 608, 609, 610, 611, 612, 613, 614, 615, 616, 617, 618, 619, 620, 621, 622, 623, 624, 625, 626, 627, 628, 629, 630, 631, 632, 633, 634, 635, 636, 637, 638, 639, 640, 641, 642, 643, 644, 645, 646, 647, 648, 649, 650, 651, 652, 653, 654, 655, 656, 657, 658, 659, 660, 661, 662, 663, 664, 665, 666, 667, 668, 669, 670, 671, 672, 673, 674, 675, 676, 677, 678, 679, 680, 681, 682, 683, 684, 685, 686, 687, 688, 689, 690, 691, 692, 693, 694, 695, 696, 697, 698, 699, 700, 701, 702, 703, 704, 705, 706, 707, 708, 709, 710, 711, 712, 713, 714, 715, 716, 717, 718, 719, 720, 721, 722, 723, 724, 725, 726, 727, 728, 729, 730, 731, 732, 733, 734, 735, 736, 737, 738, 739, 740, 741, 742, 743, 744, 745, 746, 747, 748, 749, 750, 751, 752, 753, 754, 755, 756, 757, 758, 759, 760, 761, 762, 763, 764, 765, 766, 767, 768, 769, 770, 771, 772, 773, 774, 775, 776, 777, 778, 779, 780, 781, 782, 783, 784, 785, 786, 787, 788, 789, 790, 791, 792, 793]","[49, 87, 107, 198, 255, 293, 297, 316, 331, 528, 558, 578, 669, 708, 752, 756, 774, 788]",[],"[103, 104, 106, 117, 118, 120, 127, 128, 129, 131, 133, 135, 136, 137, 139, 146, 147, 148, 149, 151, 158, 160, 162, 166, 173, 178, 179, 185, 190, 192, 198, 201, 203, 204, 206, 207, 212, 213, 214, 219, 223, 224, 225, 227, 230, 235, 237, 246, 247, 256, 259, 262, 263, 266, 268, 269, 271, 272, 278, 279, 284, 285, 288, 290, 292, 304, 312, 316, 319, 320, 323, 324, 332, 574, 575, 588, 591, 607, 608, 610, 618, 619, 620, 622, 632, 644, 649, 650, 656, 661, 663, 669, 674, 677, 683, 684, 687, 688, 689, 701, 710, 723, 730, 731, 738, 747, 751, 762, 774, 778, 789]","[15, 16, 65, 66, 67, 68, 69, 70, 71, 72, 73, 74, 75, 76, 77, 78, 80, 151, 244, 245, 246, 247, 248, 249, 250, 251, 252, 253, 254, 255, 256, 257, 258, 259, 260, 280, 340, 373, 374, 375, 376, 377, 459, 460, 461, 462, 500, 501, 539, 540, 541, 542, 543, 544, 545, 546, 547, 548, 549, 550, 552, 622, 708, 709, 710, 711, 712, 713, 714, 715, 716, 717, 718, 719, 720, 739, 796, 823, 824, 825, 826, 827, 906, 907, 908, 909]","[15, 16, 65, 66, 67, 68, 69, 70, 71, 72, 73, 74, 75, 76, 80, 151, 245, 246, 247, 248, 249, 250, 251, 252, 253, 254, 255, 256, 257, 258, 259, 280, 340, 373, 374, 375, 376, 377, 459, 460, 461, 462, 500, 501, 539, 540, 541, 542, 543, 544, 545, 546, 547, 548, 549, 550, 552, 622, 708, 709, 710, 711, 712, 713, 714, 715, 716, 717, 718, 719, 720, 739, 796, 823, 824, 825, 826, 827, 906, 907, 908, 909]",5/6 successful match,True,"[348, 349]",True,713,False,,,,,
Otay Mesa ( 92154 ) Pilot Travel Center # 343 E,619-661-9558 CA 905 & CA 125,pilot 24 <U+25A1> XL <U+2610>,Otay Mesa,92154,Pilot Travel Center # 343 E,619-661-9558,2015,San Diego,CA,Pilot,,CA 905 & CA 125,empty,,False,,False,CA 905,CA 125,,,,"[708, 255]","[198, 255, 316, 669, 708, 774]","[49, 87, 107, 198, 255, 293, 297, 316, 331, 528, 558, 578, 669, 708, 752, 756, 774, 788]",[],"[103, 104, 105, 106, 107, 108, 109, 110, 111, 112, 113, 114, 115, 116, 117, 118, 119, 120, 121, 122, 123, 124, 125, 126, 127, 128, 129, 130, 131, 132, 133, 134, 135, 136, 137, 138, 139, 140, 141, 142, 143, 144, 145, 146, 147, 148, 149, 150, 151, 152, 153, 154, 155, 156, 157, 158, 159, 160, 161, 162, 163, 164, 165, 166, 167, 168, 169, 170, 171, 172, 173, 174, 175, 176, 177, 178, 179, 180, 181, 182, 183, 184, 185, 186, 187, 188, 189, 190, 191, 192, 193, 194, 195, 196, 197, 198, 199, 200, 201, 202, 203, 204, 205, 206, 207, 208, 209, 210, 211, 212, 213, 214, 215, 216, 217, 218, 219, 220, 221, 222, 223, 224, 225, 226, 227, 228, 229, 230, 231, 232, 233, 234, 235, 236, 237, 238, 239, 240, 241, 242, 243, 244, 245, 246, 247, 248, 249, 250, 251, 252, 253, 254, 255, 256, 257, 258, 259, 260, 261, 262, 263, 264, 265, 266, 267, 268, 269, 270, 271, 272, 273, 274, 275, 276, 277, 278, 279, 280, 281, 282, 283, 284, 285, 286, 287, 288, 289, 290, 291, 292, 293, 294, 295, 296, 297, 298, 299, 300, 301, 302, 303, 304, 305, 306, 307, 308, 309, 310, 311, 312, 313, 314, 315, 316, 317, 318, 319, 320, 321, 322, 323, 324, 325, 326, 327, 328, 329, 330, 331, 332, 333, 334, 335, 336, 337, 574, 575, 576, 577, 578, 579, 580, 581, 582, 583, 584, 585, 586, 587, 588, 589, 590, 591, 592, 593, 594, 595, 596, 597, 598, 599, 600, 601, 602, 603, 604, 605, 606, 607, 608, 609, 610, 611, 612, 613, 614, 615, 616, 617, 618, 619, 620, 621, 622, 623, 624, 625, 626, 627, 628, 629, 630, 631, 632, 633, 634, 635, 636, 637, 638, 639, 640, 641, 642, 643, 644, 645, 646, 647, 648, 649, 650, 651, 652, 653, 654, 655, 656, 657, 658, 659, 660, 661, 662, 663, 664, 665, 666, 667, 668, 669, 670, 671, 672, 673, 674, 675, 676, 677, 678, 679, 680, 681, 682, 683, 684, 685, 686, 687, 688, 689, 690, 691, 692, 693, 694, 695, 696, 697, 698, 699, 700, 701, 702, 703, 704, 705, 706, 707, 708, 709, 710, 711, 712, 713, 714, 715, 716, 717, 718, 719, 720, 721, 722, 723, 724, 725, 726, 727, 728, 729, 730, 731, 732, 733, 734, 735, 736, 737, 738, 739, 740, 741, 742, 743, 744, 745, 746, 747, 748, 749, 750, 751, 752, 753, 754, 755, 756, 757, 758, 759, 760, 761, 762, 763, 764, 765, 766, 767, 768, 769, 770, 771, 772, 773, 774, 775, 776, 777, 778, 779, 780, 781, 782, 783, 784, 785, 786, 787, 788, 789, 790, 791, 792, 793]","[103, 104, 106, 117, 118, 120, 127, 128, 129, 131, 133, 135, 136, 137, 139, 146, 147, 148, 149, 151, 158, 160, 162, 166, 173, 178, 179, 185, 190, 192, 198, 201, 203, 204, 206, 207, 212, 213, 214, 219, 223, 224, 225, 227, 230, 235, 237, 246, 247, 256, 259, 262, 263, 266, 268, 269, 271, 272, 278, 279, 284, 285, 288, 290, 292, 304, 312, 316, 319, 320, 323, 324, 332, 574, 575, 588, 591, 607, 608, 610, 618, 619, 620, 622, 632, 644, 649, 650, 656, 661, 663, 669, 674, 677, 683, 684, 687, 688, 689, 701, 710, 723, 730, 731, 738, 747, 751, 762, 774, 778, 789]","[15, 16, 65, 66, 67, 68, 69, 70, 71, 72, 73, 74, 75, 76, 80, 151, 245, 246, 247, 248, 249, 250, 251, 252, 253, 254, 255, 256, 257, 258, 259, 280, 340, 373, 374, 375, 376, 377, 459, 460, 461, 462, 500, 501, 539, 540, 541, 542, 543, 544, 545, 546, 547, 548, 549, 550, 552, 622, 708, 709, 710, 711, 712, 713, 714, 715, 716, 717, 718, 719, 720, 739, 796, 823, 824, 825, 826, 827, 906, 907, 908, 909]","[15, 16, 65, 66, 67, 68, 69, 70, 71, 72, 73, 74, 75, 76, 77, 78, 80, 151, 244, 245, 246, 247, 248, 249, 250, 251, 252, 253, 254, 255, 256, 257, 258, 259, 260, 280, 340, 373, 374, 375, 376, 377, 459, 460, 461, 462, 500, 501, 539, 540, 541, 542, 543, 544, 545, 546, 547, 548, 549, 550, 552, 622, 708, 709, 710, 711, 712, 713, 714, 715, 716, 717, 718, 719, 720, 739, 796, 823, 824, 825, 826, 827, 906, 907, 908, 909]","[15, 16, 49, 65, 66, 67, 68, 69, 70, 71, 72, 73, 74, 75, 76, 77, 78, 80, 87, 103, 104, 105, 106, 107, 108, 109, 110, 111, 112, 113, 114, 115, 116, 117, 118, 119, 120, 121, 122, 123, 124, 125, 126, 127, 128, 129, 130, 131, 132, 133, 134, 135, 136, 137, 138, 139, 140, 141, 142, 143, 144, 145, 146, 147, 148, 149, 150, 151, 152, 153, 154, 155, 156, 157, 158, 159, 160, 161, 162, 163, 164, 165, 166, 167, 168, 169, 170, 171, 172, 173, 174, 175, 176, 177, 178, 179, 180, 181, 182, 183, 184, 185, 186, 187, 188, 189, 190, 191, 192, 193, 194, 195, 196, 197, 198, 199, 200, 201, 202, 203, 204, 205, 206, 207, 208, 209, 210, 211, 212, 213, 214, 215, 216, 217, 218, 219, 220, 221, 222, 223, 224, 225, 226, 227, 228, 229, 230, 231, 232, 233, 234, 235, 236, 237, 238, 239, 240, 241, 242, 243, 244, 245, 246, 247, 248, 249, 250, 251, 252, 253, 254, 255, 256, 257, 258, 259, 260, 261, 262, 263, 264, 265, 266, 267, 268, 269, 270, 271, 272, 273, 274, 275, 276, 277, 278, 279, 280, 281, 282, 283, 284, 285, 286, 287, 288, 289, 290, 291, 292, 293, 294, 295, 296, 297, 298, 299, 300, 301, 302, 303, 304, 305, 306, 307, 308, 309, 310, 311, 312, 313, 314, 315, 316, 317, 318, 319, 320, 321, 322, 323, 324, 325, 326, 327, 328, 329, 330, 331, 332, 333, 334, 335, 336, 337, 340, 373, 374, 375, 376, 377, 459, 460, 461, 462, 500, 501, 528, 539, 540, 541, 542, 543, 544, 545, 546, 547, 548, 549, 550, 552, 558, 574, 575, 576, 577, 578, 579, 580, 581, 582, 583, 584, 585, 586, 587, 588, 589, 590, 591, 592, 593, 594, 595, 596, 597, 598, 599, 600, 601, 602, 603, 604, 605, 606, 607, 608, 609, 610, 611, 612, 613, 614, 615, 616, 617, 618, 619, 620, 621, 622, 623, 624, 625, 626, 627, 628, 629, 630, 631, 632, 633, 634, 635, 636, 637, 638, 639, 640, 641, 642, 643, 644, 645, 646, 647, 648, 649, 650, 651, 652, 653, 654, 655, 656, 657, 658, 659, 660, 661, 662, 663, 664, 665, 666, 667, 668, 669, 670, 671, 672, 673, 674, 675, 676, 677, 678, 679, 680, 681, 682, 683, 684, 685, 686, 687, 688, 689, 690, 691, 692, 693, 694, 695, 696, 697, 698, 699, 700, 701, 702, 703, 704, 705, 706, 707, 708, 709, 710, 711, 712, 713, 714, 715, 716, 717, 718, 719, 720, 721, 722, 723, 724, 725, 726, 727, 728, 729, 730, 731, 732, 733, 734, 735, 736, 737, 738, 739, 740, 741, 742, 743, 744, 745, 746, 747, 748, 749, 750, 751, 752, 753, 754, 755, 756, 757, 758, 759, 760, 761, 762, 763, 764, 765, 766, 767, 768, 769, 770, 771, 772, 773, 774, 775, 776, 777, 778, 779, 780, 781, 782, 783, 784, 785, 786, 787, 788, 789, 790, 791, 792, 793, 796, 823, 824, 825, 826, 827, 906, 907, 908, 909]",True,"[198, 255, 316, 669, 708, 774]","[103, 104, 105, 106, 107, 108, 109, 110, 111, 112, 113, 114, 115, 116, 117, 118, 119, 120, 121, 122, 123, 124, 125, 126, 127, 128, 129, 130, 131, 132, 133, 134, 135, 136, 137, 138, 139, 140, 141, 142, 143, 144, 145, 146, 147, 148, 149, 150, 151, 152, 153, 154, 155, 156, 157, 158, 159, 160, 161, 162, 163, 164, 165, 166, 167, 168, 169, 170, 171, 172, 173, 174, 175, 176, 177, 178, 179, 180, 181, 182, 183, 184, 185, 186, 187, 188, 189, 190, 191, 192, 193, 194, 195, 196, 197, 198, 199, 200, 201, 202, 203, 204, 205, 206, 207, 208, 209, 210, 211, 212, 213, 214, 215, 216, 217, 218, 219, 220, 221, 222, 223, 224, 225, 226, 227, 228, 229, 230, 231, 232, 233, 234, 235, 236, 237, 238, 239, 240, 241, 242, 243, 244, 245, 246, 247, 248, 249, 250, 251, 252, 253, 254, 255, 256, 257, 258, 259, 260, 261, 262, 263, 264, 265, 266, 267, 268, 269, 270, 271, 272, 273, 274, 275, 276, 277, 278, 279, 280, 281, 282, 283, 284, 285, 286, 287, 288, 289, 290, 291, 292, 293, 294, 295, 296, 297, 298, 299, 300, 301, 302, 303, 304, 305, 306, 307, 308, 309, 310, 311, 312, 313, 314, 315, 316, 317, 318, 319, 320, 321, 322, 323, 324, 325, 326, 327, 328, 329, 330, 331, 332, 333, 334, 335, 336, 337, 574, 575, 576, 577, 578, 579, 580, 581, 582, 583, 584, 585, 586, 587, 588, 589, 590, 591, 592, 593, 594, 595, 596, 597, 598, 599, 600, 601, 602, 603, 604, 605, 606, 607, 608, 609, 610, 611, 612, 613, 614, 615, 616, 617, 618, 619, 620, 621, 622, 623, 624, 625, 626, 627, 628, 629, 630, 631, 632, 633, 634, 635, 636, 637, 638, 639, 640, 641, 642, 643, 644, 645, 646, 647, 648, 649, 650, 651, 652, 653, 654, 655, 656, 657, 658, 659, 660, 661, 662, 663, 664, 665, 666, 667, 668, 669, 670, 671, 672, 673, 674, 675, 676, 677, 678, 679, 680, 681, 682, 683, 684, 685, 686, 687, 688, 689, 690, 691, 692, 693, 694, 695, 696, 697, 698, 699, 700, 701, 702, 703, 704, 705, 706, 707, 708, 709, 710, 711, 712, 713, 714, 715, 716, 717, 718, 719, 720, 721, 722, 723, 724, 725, 726, 727, 728, 729, 730, 731, 732, 733, 734, 735, 736, 737, 738, 739, 740, 741, 742, 743, 744, 745, 746, 747, 748, 749, 750, 751, 752, 753, 754, 755, 756, 757, 758, 759, 760, 761, 762, 763, 764, 765, 766, 767, 768, 769, 770, 771, 772, 773, 774, 775, 776, 777, 778, 779, 780, 781, 782, 783, 784, 785, 786, 787, 788, 789, 790, 791, 792, 793]","[49, 87, 107, 198, 255, 293, 297, 316, 331, 528, 558, 578, 669, 708, 752, 756, 774, 788]",[],"[103, 104, 106, 117, 118, 120, 127, 128, 129, 131, 133, 135, 136, 137, 139, 146, 147, 148, 149, 151, 158, 160, 162, 166, 173, 178, 179, 185, 190, 192, 198, 201, 203, 204, 206, 207, 212, 213, 214, 219, 223, 224, 225, 227, 230, 235, 237, 246, 247, 256, 259, 262, 263, 266, 268, 269, 271, 272, 278, 279, 284, 285, 288, 290, 292, 304, 312, 316, 319, 320, 323, 324, 332, 574, 575, 588, 591, 607, 608, 610, 618, 619, 620, 622, 632, 644, 649, 650, 656, 661, 663, 669, 674, 677, 683, 684, 687, 688, 689, 701, 710, 723, 730, 731, 738, 747, 751, 762, 774, 778, 789]","[15, 16, 65, 66, 67, 68, 69, 70, 71, 72, 73, 74, 75, 76, 77, 78, 80, 151, 244, 245, 246, 247, 248, 249, 250, 251, 252, 253, 254, 255, 256, 257, 258, 259, 260, 280, 340, 373, 374, 375, 376, 377, 459, 460, 461, 462, 500, 501, 539, 540, 541, 542, 543, 544, 545, 546, 547, 548, 549, 550, 552, 622, 708, 709, 710, 711, 712, 713, 714, 715, 716, 717, 718, 719, 720, 739, 796, 823, 824, 825, 826, 827, 906, 907, 908, 909]","[15, 16, 65, 66, 67, 68, 69, 70, 71, 72, 73, 74, 75, 76, 80, 151, 245, 246, 247, 248, 249, 250, 251, 252, 253, 254, 255, 256, 257, 258, 259, 280, 340, 373, 374, 375, 376, 377, 459, 460, 461, 462, 500, 501, 539, 540, 541, 542, 543, 544, 545, 546, 547, 548, 549, 550, 552, 622, 708, 709, 710, 711, 712, 713, 714, 715, 716, 717, 718, 719, 720, 739, 796, 823, 824, 825, 826, 827, 906, 907, 908, 909]",5/6 successful match,True,"[348, 349]",True,713,False,,1.0,True,Pilot Travel Center # 343,Pilot
Otay Mesa ( 92154 ) Pilot Travel Center # 343 E,619-661-9558 CA 905 Exit 7 ( N to Otay Mesa E ),pitot 24 <U+2610> XL D 24,Otay Mesa,92154,Pilot Travel Center # 343 E,619-661-9558,2016,San Diego,CA,Pilot,( N to Otay Mesa E ),CA 905 Exit 7 ,Exit,7,False,,False,CA 905,,,,,"[708, 255]","[198, 255, 316, 669, 708, 774]","[49, 87, 107, 198, 255, 293, 297, 316, 331, 528, 558, 578, 669, 708, 752, 756, 774, 788]","[198, 266, 316, 378, 422, 669, 774, 828, 874]","[103, 104, 105, 106, 107, 108, 109, 110, 111, 112, 113, 114, 115, 116, 117, 118, 119, 120, 121, 122, 123, 124, 125, 126, 127, 128, 129, 130, 131, 132, 133, 134, 135, 136, 137, 138, 139, 140, 141, 142, 143, 144, 145, 146, 147, 148, 149, 150, 151, 152, 153, 154, 155, 156, 157, 158, 159, 160, 161, 162, 163, 164, 165, 166, 167, 168, 169, 170, 171, 172, 173, 174, 175, 176, 177, 178, 179, 180, 181, 182, 183, 184, 185, 186, 187, 188, 189, 190, 191, 192, 193, 194, 195, 196, 197, 198, 199, 200, 201, 202, 203, 204, 205, 206, 207, 208, 209, 210, 211, 212, 213, 214, 215, 216, 217, 218, 219, 220, 221, 222, 223, 224, 225, 226, 227, 228, 229, 230, 231, 232, 233, 234, 235, 236, 237, 238, 239, 240, 241, 242, 243, 244, 245, 246, 247, 248, 249, 250, 251, 252, 253, 254, 255, 256, 257, 258, 259, 260, 261, 262, 263, 264, 265, 266, 267, 268, 269, 270, 271, 272, 273, 274, 275, 276, 277, 278, 279, 280, 281, 282, 283, 284, 285, 286, 287, 288, 289, 290, 291, 292, 293, 294, 295, 296, 297, 298, 299, 300, 301, 302, 303, 304, 305, 306, 307, 308, 309, 310, 311, 312, 313, 314, 315, 316, 317, 318, 319, 320, 321, 322, 323, 324, 325, 326, 327, 328, 329, 330, 331, 332, 333, 334, 335, 336, 337, 574, 575, 576, 577, 578, 579, 580, 581, 582, 583, 584, 585, 586, 587, 588, 589, 590, 591, 592, 593, 594, 595, 596, 597, 598, 599, 600, 601, 602, 603, 604, 605, 606, 607, 608, 609, 610, 611, 612, 613, 614, 615, 616, 617, 618, 619, 620, 621, 622, 623, 624, 625, 626, 627, 628, 629, 630, 631, 632, 633, 634, 635, 636, 637, 638, 639, 640, 641, 642, 643, 644, 645, 646, 647, 648, 649, 650, 651, 652, 653, 654, 655, 656, 657, 658, 659, 660, 661, 662, 663, 664, 665, 666, 667, 668, 669, 670, 671, 672, 673, 674, 675, 676, 677, 678, 679, 680, 681, 682, 683, 684, 685, 686, 687, 688, 689, 690, 691, 692, 693, 694, 695, 696, 697, 698, 699, 700, 701, 702, 703, 704, 705, 706, 707, 708, 709, 710, 711, 712, 713, 714, 715, 716, 717, 718, 719, 720, 721, 722, 723, 724, 725, 726, 727, 728, 729, 730, 731, 732, 733, 734, 735, 736, 737, 738, 739, 740, 741, 742, 743, 744, 745, 746, 747, 748, 749, 750, 751, 752, 753, 754, 755, 756, 757, 758, 759, 760, 761, 762, 763, 764, 765, 766, 767, 768, 769, 770, 771, 772, 773, 774, 775, 776, 777, 778, 779, 780, 781, 782, 783, 784, 785, 786, 787, 788, 789, 790, 791, 792, 793]","[103, 104, 106, 117, 118, 120, 127, 128, 129, 131, 133, 135, 136, 137, 139, 146, 147, 148, 149, 151, 158, 160, 162, 166, 173, 178, 179, 185, 190, 192, 198, 201, 203, 204, 206, 207, 212, 213, 214, 219, 223, 224, 225, 227, 230, 235, 237, 246, 247, 256, 259, 262, 263, 266, 268, 269, 271, 272, 278, 279, 284, 285, 288, 290, 292, 304, 312, 316, 319, 320, 323, 324, 332, 574, 575, 588, 591, 607, 608, 610, 618, 619, 620, 622, 632, 644, 649, 650, 656, 661, 663, 669, 674, 677, 683, 684, 687, 688, 689, 701, 710, 723, 730, 731, 738, 747, 751, 762, 774, 778, 789]","[15, 16, 65, 66, 67, 68, 69, 70, 71, 72, 73, 74, 75, 76, 80, 151, 245, 246, 247, 248, 249, 250, 251, 252, 253, 254, 255, 256, 257, 258, 259, 280, 340, 373, 374, 375, 376, 377, 459, 460, 461, 462, 500, 501, 539, 540, 541, 542, 543, 544, 545, 546, 547, 548, 549, 550, 552, 622, 708, 709, 710, 711, 712, 713, 714, 715, 716, 717, 718, 719, 720, 739, 796, 823, 824, 825, 826, 827, 906, 907, 908, 909]","[15, 16, 65, 66, 67, 68, 69, 70, 71, 72, 73, 74, 75, 76, 77, 78, 80, 151, 244, 245, 246, 247, 248, 249, 250, 251, 252, 253, 254, 255, 256, 257, 258, 259, 260, 280, 340, 373, 374, 375, 376, 377, 459, 460, 461, 462, 500, 501, 539, 540, 541, 542, 543, 544, 545, 546, 547, 548, 549, 550, 552, 622, 708, 709, 710, 711, 712, 713, 714, 715, 716, 717, 718, 719, 720, 739, 796, 823, 824, 825, 826, 827, 906, 907, 908, 909]","[15, 16, 49, 65, 66, 67, 68, 69, 70, 71, 72, 73, 74, 75, 76, 77, 78, 80, 87, 103, 104, 105, 106, 107, 108, 109, 110, 111, 112, 113, 114, 115, 116, 117, 118, 119, 120, 121, 122, 123, 124, 125, 126, 127, 128, 129, 130, 131, 132, 133, 134, 135, 136, 137, 138, 139, 140, 141, 142, 143, 144, 145, 146, 147, 148, 149, 150, 151, 152, 153, 154, 155, 156, 157, 158, 159, 160, 161, 162, 163, 164, 165, 166, 167, 168, 169, 170, 171, 172, 173, 174, 175, 176, 177, 178, 179, 180, 181, 182, 183, 184, 185, 186, 187, 188, 189, 190, 191, 192, 193, 194, 195, 196, 197, 198, 199, 200, 201, 202, 203, 204, 205, 206, 207, 208, 209, 210, 211, 212, 213, 214, 215, 216, 217, 218, 219, 220, 221, 222, 223, 224, 225, 226, 227, 228, 229, 230, 231, 232, 233, 234, 235, 236, 237, 238, 239, 240, 241, 242, 243, 244, 245, 246, 247, 248, 249, 250, 251, 252, 253, 254, 255, 256, 257, 258, 259, 260, 261, 262, 263, 264, 265, 266, 267, 268, 269, 270, 271, 272, 273, 274, 275, 276, 277, 278, 279, 280, 281, 282, 283, 284, 285, 286, 287, 288, 289, 290, 291, 292, 293, 294, 295, 296, 297, 298, 299, 300, 301, 302, 303, 304, 305, 306, 307, 308, 309, 310, 311, 312, 313, 314, 315, 316, 317, 318, 319, 320, 321, 322, 323, 324, 325, 326, 327, 328, 329, 330, 331, 332, 333, 334, 335, 336, 337, 340, 373, 374, 375, 376, 377, 378, 422, 459, 460, 461, 462, 500, 501, 528, 539, 540, 541, 542, 543, 544, 545, 546, 547, 548, 549, 550, 552, 558, 574, 575, 576, 577, 578, 579, 580, 581, 582, 583, 584, 585, 586, 587, 588, 589, 590, 591, 592, 593, 594, 595, 596, 597, 598, 599, 600, 601, 602, 603, 604, 605, 606, 607, 608, 609, 610, 611, 612, 613, 614, 615, 616, 617, 618, 619, 620, 621, 622, 623, 624, 625, 626, 627, 628, 629, 630, 631, 632, 633, 634, 635, 636, 637, 638, 639, 640, 641, 642, 643, 644, 645, 646, 647, 648, 649, 650, 651, 652, 653, 654, 655, 656, 657, 658, 659, 660, 661, 662, 663, 664, 665, 666, 667, 668, 669, 670, 671, 672, 673, 674, 675, 676, 677, 678, 679, 680, 681, 682, 683, 684, 685, 686, 687, 688, 689, 690, 691, 692, 693, 694, 695, 696, 697, 698, 699, 700, 701, 702, 703, 704, 705, 706, 707, 708, 709, 710, 711, 712, 713, 714, 715, 716, 717, 718, 719, 720, 721, 722, 723, 724, 725, 726, 727, 728, 729, 730, 731, 732, 733, 734, 735, 736, 737, 738, 739, 740, 741, 742, 743, 744, 745, 746, 747, 748, 749, 750, 751, 752, 753, 754, 755, 756, 757, 758, 759, 760, 761, 762, 763, 764, 765, 766, 767, 768, 769, 770, 771, 772, 773, 774, 775, 776, 777, 778, 779, 780, 781, 782, 783, 784, 785, 786, 787, 788, 789, 790, 791, 792, 793, 796, 823, 824, 825, 826, 827, 828, 874, 906, 907, 908, 909]",True,"[198, 255, 316, 669, 708, 774]","[103, 104, 105, 106, 107, 108, 109, 110, 111, 112, 113, 114, 115, 116, 117, 118, 119, 120, 121, 122, 123, 124, 125, 126, 127, 128, 129, 130, 131, 132, 133, 134, 135, 136, 137, 138, 139, 140, 141, 142, 143, 144, 145, 146, 147, 148, 149, 150, 151, 152, 153, 154, 155, 156, 157, 158, 159, 160, 161, 162, 163, 164, 165, 166, 167, 168, 169, 170, 171, 172, 173, 174, 175, 176, 177, 178, 179, 180, 181, 182, 183, 184, 185, 186, 187, 188, 189, 190, 191, 192, 193, 194, 195, 196, 197, 198, 199, 200, 201, 202, 203, 204, 205, 206, 207, 208, 209, 210, 211, 212, 213, 214, 215, 216, 217, 218, 219, 220, 221, 222, 223, 224, 225, 226, 227, 228, 229, 230, 231, 232, 233, 234, 235, 236, 237, 238, 239, 240, 241, 242, 243, 244, 245, 246, 247, 248, 249, 250, 251, 252, 253, 254, 255, 256, 257, 258, 259, 260, 261, 262, 263, 264, 265, 266, 267, 268, 269, 270, 271, 272, 273, 274, 275, 276, 277, 278, 279, 280, 281, 282, 283, 284, 285, 286, 287, 288, 289, 290, 291, 292, 293, 294, 295, 296, 297, 298, 299, 300, 301, 302, 303, 304, 305, 306, 307, 308, 309, 310, 311, 312, 313, 314, 315, 316, 317, 318, 319, 320, 321, 322, 323, 324, 325, 326, 327, 328, 329, 330, 331, 332, 333, 334, 335, 336, 337, 574, 575, 576, 577, 578, 579, 580, 581, 582, 583, 584, 585, 586, 587, 588, 589, 590, 591, 592, 593, 594, 595, 596, 597, 598, 599, 600, 601, 602, 603, 604, 605, 606, 607, 608, 609, 610, 611, 612, 613, 614, 615, 616, 617, 618, 619, 620, 621, 622, 623, 624, 625, 626, 627, 628, 629, 630, 631, 632, 633, 634, 635, 636, 637, 638, 639, 640, 641, 642, 643, 644, 645, 646, 647, 648, 649, 650, 651, 652, 653, 654, 655, 656, 657, 658, 659, 660, 661, 662, 663, 664, 665, 666, 667, 668, 669, 670, 671, 672, 673, 674, 675, 676, 677, 678, 679, 680, 681, 682, 683, 684, 685, 686, 687, 688, 689, 690, 691, 692, 693, 694, 695, 696, 697, 698, 699, 700, 701, 702, 703, 704, 705, 706, 707, 708, 709, 710, 711, 712, 713, 714, 715, 716, 717, 718, 719, 720, 721, 722, 723, 724, 725, 726, 727, 728, 729, 730, 731, 732, 733, 734, 735, 736, 737, 738, 739, 740, 741, 742, 743, 744, 745, 746, 747, 748, 749, 750, 751, 752, 753, 754, 755, 756, 757, 758, 759, 760, 761, 762, 763, 764, 765, 766, 767, 768, 769, 770, 771, 772, 773, 774, 775, 776, 777, 778, 779, 780, 781, 782, 783, 784, 785, 786, 787, 788, 789, 790, 791, 792, 793]","[49, 87, 107, 198, 255, 293, 297, 316, 331, 528, 558, 578, 669, 708, 752, 756, 774, 788]","[198, 266, 316, 378, 422, 669, 774, 828, 874]","[103, 104, 106, 117, 118, 120, 127, 128, 129, 131, 133, 135, 136, 137, 139, 146, 147, 148, 149, 151, 158, 160, 162, 166, 173, 178, 179, 185, 190, 192, 198, 201, 203, 204, 206, 207, 212, 213, 214, 219, 223, 224, 225, 227, 230, 235, 237, 246, 247, 256, 259, 262, 263, 266, 268, 269, 271, 272, 278, 279, 284, 285, 288, 290, 292, 304, 312, 316, 319, 320, 323, 324, 332, 574, 575, 588, 591, 607, 608, 610, 618, 619, 620, 622, 632, 644, 649, 650, 656, 661, 663, 669, 674, 677, 683, 684, 687, 688, 689, 701, 710, 723, 730, 731, 738, 747, 751, 762, 774, 778, 789]","[15, 16, 65, 66, 67, 68, 69, 70, 71, 72, 73, 74, 75, 76, 77, 78, 80, 151, 244, 245, 246, 247, 248, 249, 250, 251, 252, 253, 254, 255, 256, 257, 258, 259, 260, 280, 340, 373, 374, 375, 376, 377, 459, 460, 461, 462, 500, 501, 539, 540, 541, 542, 543, 544, 545, 546, 547, 548, 549, 550, 552, 622, 708, 709, 710, 711, 712, 713, 714, 715, 716, 717, 718, 719, 720, 739, 796, 823, 824, 825, 826, 827, 906, 907, 908, 909]","[15, 16, 65, 66, 67, 68, 69, 70, 71, 72, 73, 74, 75, 76, 80, 151, 245, 246, 247, 248, 249, 250, 251, 252, 253, 254, 255, 256, 257, 258, 259, 280, 340, 373, 374, 375, 376, 377, 459, 460, 461, 462, 500, 501, 539, 540, 541, 542, 543, 544, 545, 546, 547, 548, 549, 550, 552, 622, 708, 709, 710, 711, 712, 713, 714, 715, 716, 717, 718, 719, 720, 739, 796, 823, 824, 825, 826, 827, 906, 907, 908, 909]",5/6 successful match,True,"[348, 349]",True,713,False,,1.0,True,Pilot Travel Center # 343 E,Pilot
Otay Mesa ( 92154 ) La Media Travel Center ( Chevron Mesa Rd ) E ),619-671-0700 CA 905 Exit 7 ( N to Otay,pitot 24 S,Otay Mesa,92154,La Media Travel Center ( Chevron Mesa Rd ) E ),619-671-0700,2016,San Diego,CA,Chevron,( N to Otay,CA 905 Exit 7 ,Exit,7,False,,False,CA 905,,,,,"[669, 198]","[198, 255, 316, 669, 708, 774]","[49, 87, 107, 198, 255, 293, 297, 316, 331, 528, 558, 578, 669, 708, 752, 756, 774, 788]","[198, 266, 316, 378, 422, 669, 774, 828, 874]","[103, 104, 105, 106, 107, 108, 109, 110, 111, 112, 113, 114, 115, 116, 117, 118, 119, 120, 121, 122, 123, 124, 125, 126, 127, 128, 129, 130, 131, 132, 133, 134, 135, 136, 137, 138, 139, 140, 141, 142, 143, 144, 145, 146, 147, 148, 149, 150, 151, 152, 153, 154, 155, 156, 157, 158, 159, 160, 161, 162, 163, 164, 165, 166, 167, 168, 169, 170, 171, 172, 173, 174, 175, 176, 177, 178, 179, 180, 181, 182, 183, 184, 185, 186, 187, 188, 189, 190, 191, 192, 193, 194, 195, 196, 197, 198, 199, 200, 201, 202, 203, 204, 205, 206, 207, 208, 209, 210, 211, 212, 213, 214, 215, 216, 217, 218, 219, 220, 221, 222, 223, 224, 225, 226, 227, 228, 229, 230, 231, 232, 233, 234, 235, 236, 237, 238, 239, 240, 241, 242, 243, 244, 245, 246, 247, 248, 249, 250, 251, 252, 253, 254, 255, 256, 257, 258, 259, 260, 261, 262, 263, 264, 265, 266, 267, 268, 269, 270, 271, 272, 273, 274, 275, 276, 277, 278, 279, 280, 281, 282, 283, 284, 285, 286, 287, 288, 289, 290, 291, 292, 293, 294, 295, 296, 297, 298, 299, 300, 301, 302, 303, 304, 305, 306, 307, 308, 309, 310, 311, 312, 313, 314, 315, 316, 317, 318, 319, 320, 321, 322, 323, 324, 325, 326, 327, 328, 329, 330, 331, 332, 333, 334, 335, 336, 337, 574, 575, 576, 577, 578, 579, 580, 581, 582, 583, 584, 585, 586, 587, 588, 589, 590, 591, 592, 593, 594, 595, 596, 597, 598, 599, 600, 601, 602, 603, 604, 605, 606, 607, 608, 609, 610, 611, 612, 613, 614, 615, 616, 617, 618, 619, 620, 621, 622, 623, 624, 625, 626, 627, 628, 629, 630, 631, 632, 633, 634, 635, 636, 637, 638, 639, 640, 641, 642, 643, 644, 645, 646, 647, 648, 649, 650, 651, 652, 653, 654, 655, 656, 657, 658, 659, 660, 661, 662, 663, 664, 665, 666, 667, 668, 669, 670, 671, 672, 673, 674, 675, 676, 677, 678, 679, 680, 681, 682, 683, 684, 685, 686, 687, 688, 689, 690, 691, 692, 693, 694, 695, 696, 697, 698, 699, 700, 701, 702, 703, 704, 705, 706, 707, 708, 709, 710, 711, 712, 713, 714, 715, 716, 717, 718, 719, 720, 721, 722, 723, 724, 725, 726, 727, 728, 729, 730, 731, 732, 733, 734, 735, 736, 737, 738, 739, 740, 741, 742, 743, 744, 745, 746, 747, 748, 749, 750, 751, 752, 753, 754, 755, 756, 757, 758, 759, 760, 761, 762, 763, 764, 765, 766, 767, 768, 769, 770, 771, 772, 773, 774, 775, 776, 777, 778, 779, 780, 781, 782, 783, 784, 785, 786, 787, 788, 789, 790, 791, 792, 793]","[103, 104, 106, 117, 118, 120, 127, 128, 129, 131, 133, 135, 136, 137, 139, 146, 147, 148, 149, 151, 158, 160, 162, 166, 173, 178, 179, 185, 190, 192, 198, 201, 203, 204, 206, 207, 212, 213, 214, 219, 223, 224, 225, 227, 230, 235, 237, 246, 247, 256, 259, 262, 263, 266, 268, 269, 271, 272, 278, 279, 284, 285, 288, 290, 292, 304, 312, 316, 319, 320, 323, 324, 332, 574, 575, 588, 591, 607, 608, 610, 618, 619, 620, 622, 632, 644, 649, 650, 656, 661, 663, 669, 674, 677, 683, 684, 687, 688, 689, 701, 710, 723, 730, 731, 738, 747, 751, 762, 774, 778, 789]","[12, 24, 25, 28, 88, 100, 104, 119, 123, 129, 136, 137, 139, 140, 141, 148, 155, 169, 172, 179, 183, 185, 188, 196, 198, 217, 237, 267, 270, 278, 319, 321, 324, 325, 330, 334, 335, 354, 366, 369, 380, 383, 384, 386, 395, 407, 411, 423, 428, 436, 437, 452, 453, 456, 467, 471, 477, 478, 479, 497, 508, 511, 559, 571, 575, 590, 594, 600, 607, 608, 610, 611, 612, 619, 627, 640, 643, 650, 654, 656, 659, 667, 669, 685, 701, 726, 729, 737, 777, 779, 782, 783, 787, 790, 791, 809, 817, 819, 830, 833, 834, 836, 845, 856, 857, 860, 862, 875, 880, 887, 888, 899, 900, 914, 918, 921, 928, 929, 930]","[12, 24, 25, 28, 88, 100, 104, 119, 123, 129, 136, 137, 139, 140, 141, 148, 155, 169, 172, 179, 183, 185, 188, 196, 198, 217, 237, 267, 270, 278, 319, 321, 324, 325, 330, 334, 335, 354, 366, 369, 380, 383, 384, 386, 395, 407, 411, 423, 428, 436, 437, 452, 453, 456, 467, 471, 477, 478, 479, 497, 508, 511, 559, 571, 575, 590, 594, 600, 607, 608, 610, 611, 612, 619, 627, 640, 643, 650, 654, 656, 659, 667, 669, 685, 701, 726, 729, 737, 777, 779, 782, 783, 787, 790, 791, 809, 817, 819, 830, 833, 834, 836, 845, 856, 857, 860, 862, 875, 880, 887, 888, 899, 900, 914, 918, 921, 928, 929, 930]","[12, 24, 25, 28, 49, 87, 88, 100, 103, 104, 105, 106, 107, 108, 109, 110, 111, 112, 113, 114, 115, 116, 117, 118, 119, 120, 121, 122, 123, 124, 125, 126, 127, 128, 129, 130, 131, 132, 133, 134, 135, 136, 137, 138, 139, 140, 141, 142, 143, 144, 145, 146, 147, 148, 149, 150, 151, 152, 153, 154, 155, 156, 157, 158, 159, 160, 161, 162, 163, 164, 165, 166, 167, 168, 169, 170, 171, 172, 173, 174, 175, 176, 177, 178, 179, 180, 181, 182, 183, 184, 185, 186, 187, 188, 189, 190, 191, 192, 193, 194, 195, 196, 197, 198, 199, 200, 201, 202, 203, 204, 205, 206, 207, 208, 209, 210, 211, 212, 213, 214, 215, 216, 217, 218, 219, 220, 221, 222, 223, 224, 225, 226, 227, 228, 229, 230, 231, 232, 233, 234, 235, 236, 237, 238, 239, 240, 241, 242, 243, 244, 245, 246, 247, 248, 249, 250, 251, 252, 253, 254, 255, 256, 257, 258, 259, 260, 261, 262, 263, 264, 265, 266, 267, 268, 269, 270, 271, 272, 273, 274, 275, 276, 277, 278, 279, 280, 281, 282, 283, 284, 285, 286, 287, 288, 289, 290, 291, 292, 293, 294, 295, 296, 297, 298, 299, 300, 301, 302, 303, 304, 305, 306, 307, 308, 309, 310, 311, 312, 313, 314, 315, 316, 317, 318, 319, 320, 321, 322, 323, 324, 325, 326, 327, 328, 329, 330, 331, 332, 333, 334, 335, 336, 337, 354, 366, 369, 378, 380, 383, 384, 386, 395, 407, 411, 422, 423, 428, 436, 437, 452, 453, 456, 467, 471, 477, 478, 479, 497, 508, 511, 528, 558, 559, 571, 574, 575, 576, 577, 578, 579, 580, 581, 582, 583, 584, 585, 586, 587, 588, 589, 590, 591, 592, 593, 594, 595, 596, 597, 598, 599, 600, 601, 602, 603, 604, 605, 606, 607, 608, 609, 610, 611, 612, 613, 614, 615, 616, 617, 618, 619, 620, 621, 622, 623, 624, 625, 626, 627, 628, 629, 630, 631, 632, 633, 634, 635, 636, 637, 638, 639, 640, 641, 642, 643, 644, 645, 646, 647, 648, 649, 650, 651, 652, 653, 654, 655, 656, 657, 658, 659, 660, 661, 662, 663, 664, 665, 666, 667, 668, 669, 670, 671, 672, 673, 674, 675, 676, 677, 678, 679, 680, 681, 682, 683, 684, 685, 686, 687, 688, 689, 690, 691, 692, 693, 694, 695, 696, 697, 698, 699, 700, 701, 702, 703, 704, 705, 706, 707, 708, 709, 710, 711, 712, 713, 714, 715, 716, 717, 718, 719, 720, 721, 722, 723, 724, 725, 726, 727, 728, 729, 730, 731, 732, 733, 734, 735, 736, 737, 738, 739, 740, 741, 742, 743, 744, 745, 746, 747, 748, 749, 750, 751, 752, 753, 754, 755, 756, 757, 758, 759, 760, 761, 762, 763, 764, 765, 766, 767, 768, 769, 770, 771, 772, 773, 774, 775, 776, 777, 778, 779, 780, 781, 782, 783, 784, 785, 786, 787, 788, 789, 790, 791, 792, 793, 809, 817, 819, 828, 830, 833, 834, 836, 845, 856, 857, 860, 862, 874, 875, 880, 887, 888, 899, 900, 914, 918, 921, 928, 929, 930]",True,"[198, 255, 316, 669, 708, 774]","[103, 104, 105, 106, 107, 108, 109, 110, 111, 112, 113, 114, 115, 116, 117, 118, 119, 120, 121, 122, 123, 124, 125, 126, 127, 128, 129, 130, 131, 132, 133, 134, 135, 136, 137, 138, 139, 140, 141, 142, 143, 144, 145, 146, 147, 148, 149, 150, 151, 152, 153, 154, 155, 156, 157, 158, 159, 160, 161, 162, 163, 164, 165, 166, 167, 168, 169, 170, 171, 172, 173, 174, 175, 176, 177, 178, 179, 180, 181, 182, 183, 184, 185, 186, 187, 188, 189, 190, 191, 192, 193, 194, 195, 196, 197, 198, 199, 200, 201, 202, 203, 204, 205, 206, 207, 208, 209, 210, 211, 212, 213, 214, 215, 216, 217, 218, 219, 220, 221, 222, 223, 224, 225, 226, 227, 228, 229, 230, 231, 232, 233, 234, 235, 236, 237, 238, 239, 240, 241, 242, 243, 244, 245, 246, 247, 248, 249, 250, 251, 252, 253, 254, 255, 256, 257, 258, 259, 260, 261, 262, 263, 264, 265, 266, 267, 268, 269, 270, 271, 272, 273, 274, 275, 276, 277, 278, 279, 280, 281, 282, 283, 284, 285, 286, 287, 288, 289, 290, 291, 292, 293, 294, 295, 296, 297, 298, 299, 300, 301, 302, 303, 304, 305, 306, 307, 308, 309, 310, 311, 312, 313, 314, 315, 316, 317, 318, 319, 320, 321, 322, 323, 324, 325, 326, 327, 328, 329, 330, 331, 332, 333, 334, 335, 336, 337, 574, 575, 576, 577, 578, 579, 580, 581, 582, 583, 584, 585, 586, 587, 588, 589, 590, 591, 592, 593, 594, 595, 596, 597, 598, 599, 600, 601, 602, 603, 604, 605, 606, 607, 608, 609, 610, 611, 612, 613, 614, 615, 616, 617, 618, 619, 620, 621, 622, 623, 624, 625, 626, 627, 628, 629, 630, 631, 632, 633, 634, 635, 636, 637, 638, 639, 640, 641, 642, 643, 644, 645, 646, 647, 648, 649, 650, 651, 652, 653, 654, 655, 656, 657, 658, 659, 660, 661, 662, 663, 664, 665, 666, 667, 668, 669, 670, 671, 672, 673, 674, 675, 676, 677, 678, 679, 680, 681, 682, 683, 684, 685, 686, 687, 688, 689, 690, 691, 692, 693, 694, 695, 696, 697, 698, 699, 700, 701, 702, 703, 704, 705, 706, 707, 708, 709, 710, 711, 712, 713, 714, 715, 716, 717, 718, 719, 720, 721, 722, 723, 724, 725, 726, 727, 728, 729, 730, 731, 732, 733, 734, 735, 736, 737, 738, 739, 740, 741, 742, 743, 744, 745, 746, 747, 748, 749, 750, 751, 752, 753, 754, 755, 756, 757, 758, 759, 760, 761, 762, 763, 764, 765, 766, 767, 768, 769, 770, 771, 772, 773, 774, 775, 776, 777, 778, 779, 780, 781, 782, 783, 784, 785, 786, 787, 788, 789, 790, 791, 792, 793]","[49, 87, 107, 198, 255, 293, 297, 316, 331, 528, 558, 578, 669, 708, 752, 756, 774, 788]","[198, 266, 316, 378, 422, 669, 774, 828, 874]","[103, 104, 106, 117, 118, 120, 127, 128, 129, 131, 133, 135, 136, 137, 139, 146, 147, 148, 149, 151, 158, 160, 162, 166, 173, 178, 179, 185, 190, 192, 198, 201, 203, 204, 206, 207, 212, 213, 214, 219, 223, 224, 225, 227, 230, 235, 237, 246, 247, 256, 259, 262, 263, 266, 268, 269, 271, 272, 278, 279, 284, 285, 288, 290, 292, 304, 312, 316, 319, 320, 323, 324, 332, 574, 575, 588, 591, 607, 608, 610, 618, 619, 620, 622, 632, 644, 649, 650, 656, 661, 663, 669, 674, 677, 683, 684, 687, 688, 689, 701, 710, 723, 730, 731, 738, 747, 751, 762, 774, 778, 789]","[12, 24, 25, 28, 88, 100, 104, 119, 123, 129, 136, 137, 139, 140, 141, 148, 155, 169, 172, 179, 183, 185, 188, 196, 198, 217, 237, 267, 270, 278, 319, 321, 324, 325, 330, 334, 335, 354, 366, 369, 380, 383, 384, 386, 395, 407, 411, 423, 428, 436, 437, 452, 453, 456, 467, 471, 477, 478, 479, 497, 508, 511, 559, 571, 575, 590, 594, 600, 607, 608, 610, 611, 612, 619, 627, 640, 643, 650, 654, 656, 659, 667, 669, 685, 701, 726, 729, 737, 777, 779, 782, 783, 787, 790, 791, 809, 817, 819, 830, 833, 834, 836, 845, 856, 857, 860, 862, 875, 880, 887, 888, 899, 900, 914, 918, 921, 928, 929, 930]","[12, 24, 25, 28, 88, 100, 104, 119, 123, 129, 136, 137, 139, 140, 141, 148, 155, 169, 172, 179, 183, 185, 188, 196, 198, 217, 237, 267, 270, 278, 319, 321, 324, 325, 330, 334, 335, 354, 366, 369, 380, 383, 384, 386, 395, 407, 411, 423, 428, 436, 437, 452, 453, 456, 467, 471, 477, 478, 479, 497, 508, 511, 559, 571, 575, 590, 594, 600, 607, 608, 610, 611, 612, 619, 627, 640, 643, 650, 654, 656, 659, 667, 669, 685, 701, 726, 729, 737, 777, 779, 782, 783, 787, 790, 791, 809, 817, 819, 830, 833, 834, 836, 845, 856, 857, 860, 862, 875, 880, 887, 888, 899, 900, 914, 918, 921, 928, 929, 930]",7/6 successful match,True,"[637, 638, 639]",True,714,False,,,,,
"Coachella , 92201 Texaco Truck Stop","6 760-342-3999 I-10 Exit 146 ( Dillon Rd , 1.5 mi S )",M 0,Coachella,92201,Texaco Truck Stop,760-342-3999,2006,Indio,CA,Texaco,"( Dillon Rd , 1.5 mi S )",I-10 Exit 146 ,Exit,146,False,,False,I-10,,,,,[],"[142, 613]","[142, 202, 307, 613]","[62, 202, 307, 403, 672, 765, 852]","[103, 104, 105, 106, 107, 108, 109, 110, 111, 112, 113, 114, 115, 116, 117, 118, 119, 120, 121, 122, 123, 124, 125, 126, 127, 128, 129, 130, 131, 132, 133, 134, 135, 136, 137, 138, 139, 140, 141, 142, 143, 144, 145, 146, 147, 148, 149, 150, 151, 152, 153, 154, 155, 156, 157, 158, 159, 160, 161, 162, 163, 164, 165, 166, 167, 168, 169, 170, 171, 172, 173, 174, 175, 176, 177, 178, 179, 180, 181, 182, 183, 184, 185, 186, 187, 188, 189, 190, 191, 192, 193, 194, 195, 196, 197, 198, 199, 200, 201, 202, 203, 204, 205, 206, 207, 208, 209, 210, 211, 212, 213, 214, 215, 216, 217, 218, 219, 220, 221, 222, 223, 224, 225, 226, 227, 228, 229, 230, 231, 232, 233, 234, 235, 236, 237, 238, 239, 240, 241, 242, 243, 244, 245, 246, 247, 248, 249, 250, 251, 252, 253, 254, 255, 256, 257, 258, 259, 260, 261, 262, 263, 264, 265, 266, 267, 268, 269, 270, 271, 272, 273, 274, 275, 276, 277, 278, 279, 280, 281, 282, 283, 284, 285, 286, 287, 288, 289, 290, 291, 292, 293, 294, 295, 296, 297, 298, 299, 300, 301, 302, 303, 304, 305, 306, 307, 308, 309, 310, 311, 312, 313, 314, 315, 316, 317, 318, 319, 320, 321, 322, 323, 324, 325, 326, 327, 328, 329, 330, 331, 332, 333, 334, 335, 336, 337, 574, 575, 576, 577, 578, 579, 580, 581, 582, 583, 584, 585, 586, 587, 588, 589, 590, 591, 592, 593, 594, 595, 596, 597, 598, 599, 600, 601, 602, 603, 604, 605, 606, 607, 608, 609, 610, 611, 612, 613, 614, 615, 616, 617, 618, 619, 620, 621, 622, 623, 624, 625, 626, 627, 628, 629, 630, 631, 632, 633, 634, 635, 636, 637, 638, 639, 640, 641, 642, 643, 644, 645, 646, 647, 648, 649, 650, 651, 652, 653, 654, 655, 656, 657, 658, 659, 660, 661, 662, 663, 664, 665, 666, 667, 668, 669, 670, 671, 672, 673, 674, 675, 676, 677, 678, 679, 680, 681, 682, 683, 684, 685, 686, 687, 688, 689, 690, 691, 692, 693, 694, 695, 696, 697, 698, 699, 700, 701, 702, 703, 704, 705, 706, 707, 708, 709, 710, 711, 712, 713, 714, 715, 716, 717, 718, 719, 720, 721, 722, 723, 724, 725, 726, 727, 728, 729, 730, 731, 732, 733, 734, 735, 736, 737, 738, 739, 740, 741, 742, 743, 744, 745, 746, 747, 748, 749, 750, 751, 752, 753, 754, 755, 756, 757, 758, 759, 760, 761, 762, 763, 764, 765, 766, 767, 768, 769, 770, 771, 772, 773, 774, 775, 776, 777, 778, 779, 780, 781, 782, 783, 784, 785, 786, 787, 788, 789, 790, 791, 792, 793]","[0, 5, 7, 10, 14, 19, 20, 22, 24, 32, 33, 34, 37, 38, 40, 44, 46, 48, 49, 51, 56, 61, 63, 65, 67, 68, 73, 74, 75, 76, 79, 81, 82, 83, 85, 87, 88, 92, 93, 95, 96, 99, 100, 101, 115, 116, 124, 134, 142, 161, 167, 169, 170, 186, 202, 240, 244, 254, 260, 267, 277, 300, 303, 307, 310, 322, 331, 376, 485, 491, 493, 495, 499, 503, 504, 506, 508, 515, 518, 519, 521, 524, 526, 528, 533, 537, 539, 542, 543, 547, 548, 549, 550, 551, 553, 554, 556, 558, 559, 563, 564, 566, 567, 570, 571, 572, 586, 587, 595, 605, 613, 633, 639, 640, 641, 657, 672, 704, 717, 726, 736, 759, 761, 765, 768, 780, 788, 792, 826]","[26, 390, 474, 486, 509, 840, 922, 926]","[26, 390, 474, 486, 509, 840, 922, 926]","[0, 5, 7, 10, 14, 19, 20, 22, 24, 26, 32, 33, 34, 37, 38, 40, 44, 46, 48, 49, 51, 56, 61, 62, 63, 65, 67, 68, 73, 74, 75, 76, 79, 81, 82, 83, 85, 87, 88, 92, 93, 95, 96, 99, 100, 101, 103, 104, 105, 106, 107, 108, 109, 110, 111, 112, 113, 114, 115, 116, 117, 118, 119, 120, 121, 122, 123, 124, 125, 126, 127, 128, 129, 130, 131, 132, 133, 134, 135, 136, 137, 138, 139, 140, 141, 142, 143, 144, 145, 146, 147, 148, 149, 150, 151, 152, 153, 154, 155, 156, 157, 158, 159, 160, 161, 162, 163, 164, 165, 166, 167, 168, 169, 170, 171, 172, 173, 174, 175, 176, 177, 178, 179, 180, 181, 182, 183, 184, 185, 186, 187, 188, 189, 190, 191, 192, 193, 194, 195, 196, 197, 198, 199, 200, 201, 202, 203, 204, 205, 206, 207, 208, 209, 210, 211, 212, 213, 214, 215, 216, 217, 218, 219, 220, 221, 222, 223, 224, 225, 226, 227, 228, 229, 230, 231, 232, 233, 234, 235, 236, 237, 238, 239, 240, 241, 242, 243, 244, 245, 246, 247, 248, 249, 250, 251, 252, 253, 254, 255, 256, 257, 258, 259, 260, 261, 262, 263, 264, 265, 266, 267, 268, 269, 270, 271, 272, 273, 274, 275, 276, 277, 278, 279, 280, 281, 282, 283, 284, 285, 286, 287, 288, 289, 290, 291, 292, 293, 294, 295, 296, 297, 298, 299, 300, 301, 302, 303, 304, 305, 306, 307, 308, 309, 310, 311, 312, 313, 314, 315, 316, 317, 318, 319, 320, 321, 322, 323, 324, 325, 326, 327, 328, 329, 330, 331, 332, 333, 334, 335, 336, 337, 376, 390, 403, 474, 485, 486, 491, 493, 495, 499, 503, 504, 506, 508, 509, 515, 518, 519, 521, 524, 526, 528, 533, 537, 539, 542, 543, 547, 548, 549, 550, 551, 553, 554, 556, 558, 559, 563, 564, 566, 567, 570, 571, 572, 574, 575, 576, 577, 578, 579, 580, 581, 582, 583, 584, 585, 586, 587, 588, 589, 590, 591, 592, 593, 594, 595, 596, 597, 598, 599, 600, 601, 602, 603, 604, 605, 606, 607, 608, 609, 610, 611, 612, 613, 614, 615, 616, 617, 618, 619, 620, 621, 622, 623, 624, 625, 626, 627, 628, 629, 630, 631, 632, 633, 634, 635, 636, 637, 638, 639, 640, 641, 642, 643, 644, 645, 646, 647, 648, 649, 650, 651, 652, 653, 654, 655, 656, 657, 658, 659, 660, 661, 662, 663, 664, 665, 666, 667, 668, 669, 670, 671, 672, 673, 674, 675, 676, 677, 678, 679, 680, 681, 682, 683, 684, 685, 686, 687, 688, 689, 690, 691, 692, 693, 694, 695, 696, 697, 698, 699, 700, 701, 702, 703, 704, 705, 706, 707, 708, 709, 710, 711, 712, 713, 714, 715, 716, 717, 718, 719, 720, 721, 722, 723, 724, 725, 726, 727, 728, 729, 730, 731, 732, 733, 734, 735, 736, 737, 738, 739, 740, 741, 742, 743, 744, 745, 746, 747, 748, 749, 750, 751, 752, 753, 754, 755, 756, 757, 758, 759, 760, 761, 762, 763, 764, 765, 766, 767, 768, 769, 770, 771, 772, 773, 774, 775, 776, 777, 778, 779, 780, 781, 782, 783, 784, 785, 786, 787, 788, 789, 790, 791, 792, 793, 826, 840, 852, 922, 926]",False,"[142, 613]","[103, 104, 105, 106, 107, 108, 109, 110, 111, 112, 113, 114, 115, 116, 117, 118, 119, 120, 121, 122, 123, 124, 125, 126, 127, 128, 129, 130, 131, 132, 133, 134, 135, 136, 137, 138, 139, 140, 141, 142, 143, 144, 145, 146, 147, 148, 149, 150, 151, 152, 153, 154, 155, 156, 157, 158, 159, 160, 161, 162, 163, 164, 165, 166, 167, 168, 169, 170, 171, 172, 173, 174, 175, 176, 177, 178, 179, 180, 181, 182, 183, 184, 185, 186, 187, 188, 189, 190, 191, 192, 193, 194, 195, 196, 197, 198, 199, 200, 201, 202, 203, 204, 205, 206, 207, 208, 209, 210, 211, 212, 213, 214, 215, 216, 217, 218, 219, 220, 221, 222, 223, 224, 225, 226, 227, 228, 229, 230, 231, 232, 233, 234, 235, 236, 237, 238, 239, 240, 241, 242, 243, 244, 245, 246, 247, 248, 249, 250, 251, 252, 253, 254, 255, 256, 257, 258, 259, 260, 261, 262, 263, 264, 265, 266, 267, 268, 269, 270, 271, 272, 273, 274, 275, 276, 277, 278, 279, 280, 281, 282, 283, 284, 285, 286, 287, 288, 289, 290, 291, 292, 293, 294, 295, 296, 297, 298, 299, 300, 301, 302, 303, 304, 305, 306, 307, 308, 309, 310, 311, 312, 313, 314, 315, 316, 317, 318, 319, 320, 321, 322, 323, 324, 325, 326, 327, 328, 329, 330, 331, 332, 333, 334, 335, 336, 337, 574, 575, 576, 577, 578, 579, 580, 581, 582, 583, 584, 585, 586, 587, 588, 589, 590, 591, 592, 593, 594, 595, 596, 597, 598, 599, 600, 601, 602, 603, 604, 605, 606, 607, 608, 609, 610, 611, 612, 613, 614, 615, 616, 617, 618, 619, 620, 621, 622, 623, 624, 625, 626, 627, 628, 629, 630, 631, 632, 633, 634, 635, 636, 637, 638, 639, 640, 641, 642, 643, 644, 645, 646, 647, 648, 649, 650, 651, 652, 653, 654, 655, 656, 657, 658, 659, 660, 661, 662, 663, 664, 665, 666, 667, 668, 669, 670, 671, 672, 673, 674, 675, 676, 677, 678, 679, 680, 681, 682, 683, 684, 685, 686, 687, 688, 689, 690, 691, 692, 693, 694, 695, 696, 697, 698, 699, 700, 701, 702, 703, 704, 705, 706, 707, 708, 709, 710, 711, 712, 713, 714, 715, 716, 717, 718, 719, 720, 721, 722, 723, 724, 725, 726, 727, 728, 729, 730, 731, 732, 733, 734, 735, 736, 737, 738, 739, 740, 741, 742, 743, 744, 745, 746, 747, 748, 749, 750, 751, 752, 753, 754, 755, 756, 757, 758, 759, 760, 761, 762, 763, 764, 765, 766, 767, 768, 769, 770, 771, 772, 773, 774, 775, 776, 777, 778, 779, 780, 781, 782, 783, 784, 785, 786, 787, 788, 789, 790, 791, 792, 793]","[142, 202, 307, 613]","[62, 202, 307, 403, 672, 765, 852]","[0, 5, 7, 10, 14, 19, 20, 22, 24, 32, 33, 34, 37, 38, 40, 44, 46, 48, 49, 51, 56, 61, 63, 65, 67, 68, 73, 74, 75, 76, 79, 81, 82, 83, 85, 87, 88, 92, 93, 95, 96, 99, 100, 101, 115, 116, 124, 134, 142, 161, 167, 169, 170, 186, 202, 240, 244, 254, 260, 267, 277, 300, 303, 307, 310, 322, 331, 376, 485, 491, 493, 495, 499, 503, 504, 506, 508, 515, 518, 519, 521, 524, 526, 528, 533, 537, 539, 542, 543, 547, 548, 549, 550, 551, 553, 554, 556, 558, 559, 563, 564, 566, 567, 570, 571, 572, 586, 587, 595, 605, 613, 633, 639, 640, 641, 657, 672, 704, 717, 726, 736, 759, 761, 765, 768, 780, 788, 792, 826]","[26, 390, 474, 486, 509, 840, 922, 926]","[26, 390, 474, 486, 509, 840, 922, 926]",5/6 successful match,False,,False,715,False,,,,,
"Coachella , 92201 Indio Truck Stop","6 760-342-3999 I-10 Exit 146 ( Dillon Rd , 1.5 mi S )",MOOD <U+25A1> <U+2610>,Coachella,92201,Indio Truck Stop,760-342-3999,2007,Indio,CA,,"( Dillon Rd , 1.5 mi S )",I-10 Exit 146 ,Exit,146,False,,False,I-10,,,,,[],"[142, 613]","[142, 202, 307, 613]","[62, 202, 307, 403, 672, 765, 852]","[103, 104, 105, 106, 107, 108, 109, 110, 111, 112, 113, 114, 115, 116, 117, 118, 119, 120, 121, 122, 123, 124, 125, 126, 127, 128, 129, 130, 131, 132, 133, 134, 135, 136, 137, 138, 139, 140, 141, 142, 143, 144, 145, 146, 147, 148, 149, 150, 151, 152, 153, 154, 155, 156, 157, 158, 159, 160, 161, 162, 163, 164, 165, 166, 167, 168, 169, 170, 171, 172, 173, 174, 175, 176, 177, 178, 179, 180, 181, 182, 183, 184, 185, 186, 187, 188, 189, 190, 191, 192, 193, 194, 195, 196, 197, 198, 199, 200, 201, 202, 203, 204, 205, 206, 207, 208, 209, 210, 211, 212, 213, 214, 215, 216, 217, 218, 219, 220, 221, 222, 223, 224, 225, 226, 227, 228, 229, 230, 231, 232, 233, 234, 235, 236, 237, 238, 239, 240, 241, 242, 243, 244, 245, 246, 247, 248, 249, 250, 251, 252, 253, 254, 255, 256, 257, 258, 259, 260, 261, 262, 263, 264, 265, 266, 267, 268, 269, 270, 271, 272, 273, 274, 275, 276, 277, 278, 279, 280, 281, 282, 283, 284, 285, 286, 287, 288, 289, 290, 291, 292, 293, 294, 295, 296, 297, 298, 299, 300, 301, 302, 303, 304, 305, 306, 307, 308, 309, 310, 311, 312, 313, 314, 315, 316, 317, 318, 319, 320, 321, 322, 323, 324, 325, 326, 327, 328, 329, 330, 331, 332, 333, 334, 335, 336, 337, 574, 575, 576, 577, 578, 579, 580, 581, 582, 583, 584, 585, 586, 587, 588, 589, 590, 591, 592, 593, 594, 595, 596, 597, 598, 599, 600, 601, 602, 603, 604, 605, 606, 607, 608, 609, 610, 611, 612, 613, 614, 615, 616, 617, 618, 619, 620, 621, 622, 623, 624, 625, 626, 627, 628, 629, 630, 631, 632, 633, 634, 635, 636, 637, 638, 639, 640, 641, 642, 643, 644, 645, 646, 647, 648, 649, 650, 651, 652, 653, 654, 655, 656, 657, 658, 659, 660, 661, 662, 663, 664, 665, 666, 667, 668, 669, 670, 671, 672, 673, 674, 675, 676, 677, 678, 679, 680, 681, 682, 683, 684, 685, 686, 687, 688, 689, 690, 691, 692, 693, 694, 695, 696, 697, 698, 699, 700, 701, 702, 703, 704, 705, 706, 707, 708, 709, 710, 711, 712, 713, 714, 715, 716, 717, 718, 719, 720, 721, 722, 723, 724, 725, 726, 727, 728, 729, 730, 731, 732, 733, 734, 735, 736, 737, 738, 739, 740, 741, 742, 743, 744, 745, 746, 747, 748, 749, 750, 751, 752, 753, 754, 755, 756, 757, 758, 759, 760, 761, 762, 763, 764, 765, 766, 767, 768, 769, 770, 771, 772, 773, 774, 775, 776, 777, 778, 779, 780, 781, 782, 783, 784, 785, 786, 787, 788, 789, 790, 791, 792, 793]","[0, 5, 7, 10, 14, 19, 20, 22, 24, 32, 33, 34, 37, 38, 40, 44, 46, 48, 49, 51, 56, 61, 63, 65, 67, 68, 73, 74, 75, 76, 79, 81, 82, 83, 85, 87, 88, 92, 93, 95, 96, 99, 100, 101, 115, 116, 124, 134, 142, 161, 167, 169, 170, 186, 202, 240, 244, 254, 260, 267, 277, 300, 303, 307, 310, 322, 331, 376, 485, 491, 493, 495, 499, 503, 504, 506, 508, 515, 518, 519, 521, 524, 526, 528, 533, 537, 539, 542, 543, 547, 548, 549, 550, 551, 553, 554, 556, 558, 559, 563, 564, 566, 567, 570, 571, 572, 586, 587, 595, 605, 613, 633, 639, 640, 641, 657, 672, 704, 717, 726, 736, 759, 761, 765, 768, 780, 788, 792, 826]",[],[],"[0, 5, 7, 10, 14, 19, 20, 22, 24, 32, 33, 34, 37, 38, 40, 44, 46, 48, 49, 51, 56, 61, 62, 63, 65, 67, 68, 73, 74, 75, 76, 79, 81, 82, 83, 85, 87, 88, 92, 93, 95, 96, 99, 100, 101, 103, 104, 105, 106, 107, 108, 109, 110, 111, 112, 113, 114, 115, 116, 117, 118, 119, 120, 121, 122, 123, 124, 125, 126, 127, 128, 129, 130, 131, 132, 133, 134, 135, 136, 137, 138, 139, 140, 141, 142, 143, 144, 145, 146, 147, 148, 149, 150, 151, 152, 153, 154, 155, 156, 157, 158, 159, 160, 161, 162, 163, 164, 165, 166, 167, 168, 169, 170, 171, 172, 173, 174, 175, 176, 177, 178, 179, 180, 181, 182, 183, 184, 185, 186, 187, 188, 189, 190, 191, 192, 193, 194, 195, 196, 197, 198, 199, 200, 201, 202, 203, 204, 205, 206, 207, 208, 209, 210, 211, 212, 213, 214, 215, 216, 217, 218, 219, 220, 221, 222, 223, 224, 225, 226, 227, 228, 229, 230, 231, 232, 233, 234, 235, 236, 237, 238, 239, 240, 241, 242, 243, 244, 245, 246, 247, 248, 249, 250, 251, 252, 253, 254, 255, 256, 257, 258, 259, 260, 261, 262, 263, 264, 265, 266, 267, 268, 269, 270, 271, 272, 273, 274, 275, 276, 277, 278, 279, 280, 281, 282, 283, 284, 285, 286, 287, 288, 289, 290, 291, 292, 293, 294, 295, 296, 297, 298, 299, 300, 301, 302, 303, 304, 305, 306, 307, 308, 309, 310, 311, 312, 313, 314, 315, 316, 317, 318, 319, 320, 321, 322, 323, 324, 325, 326, 327, 328, 329, 330, 331, 332, 333, 334, 335, 336, 337, 376, 403, 485, 491, 493, 495, 499, 503, 504, 506, 508, 515, 518, 519, 521, 524, 526, 528, 533, 537, 539, 542, 543, 547, 548, 549, 550, 551, 553, 554, 556, 558, 559, 563, 564, 566, 567, 570, 571, 572, 574, 575, 576, 577, 578, 579, 580, 581, 582, 583, 584, 585, 586, 587, 588, 589, 590, 591, 592, 593, 594, 595, 596, 597, 598, 599, 600, 601, 602, 603, 604, 605, 606, 607, 608, 609, 610, 611, 612, 613, 614, 615, 616, 617, 618, 619, 620, 621, 622, 623, 624, 625, 626, 627, 628, 629, 630, 631, 632, 633, 634, 635, 636, 637, 638, 639, 640, 641, 642, 643, 644, 645, 646, 647, 648, 649, 650, 651, 652, 653, 654, 655, 656, 657, 658, 659, 660, 661, 662, 663, 664, 665, 666, 667, 668, 669, 670, 671, 672, 673, 674, 675, 676, 677, 678, 679, 680, 681, 682, 683, 684, 685, 686, 687, 688, 689, 690, 691, 692, 693, 694, 695, 696, 697, 698, 699, 700, 701, 702, 703, 704, 705, 706, 707, 708, 709, 710, 711, 712, 713, 714, 715, 716, 717, 718, 719, 720, 721, 722, 723, 724, 725, 726, 727, 728, 729, 730, 731, 732, 733, 734, 735, 736, 737, 738, 739, 740, 741, 742, 743, 744, 745, 746, 747, 748, 749, 750, 751, 752, 753, 754, 755, 756, 757, 758, 759, 760, 761, 762, 763, 764, 765, 766, 767, 768, 769, 770, 771, 772, 773, 774, 775, 776, 777, 778, 779, 780, 781, 782, 783, 784, 785, 786, 787, 788, 789, 790, 791, 792, 793, 826, 852]",False,"[142, 613]","[103, 104, 105, 106, 107, 108, 109, 110, 111, 112, 113, 114, 115, 116, 117, 118, 119, 120, 121, 122, 123, 124, 125, 126, 127, 128, 129, 130, 131, 132, 133, 134, 135, 136, 137, 138, 139, 140, 141, 142, 143, 144, 145, 146, 147, 148, 149, 150, 151, 152, 153, 154, 155, 156, 157, 158, 159, 160, 161, 162, 163, 164, 165, 166, 167, 168, 169, 170, 171, 172, 173, 174, 175, 176, 177, 178, 179, 180, 181, 182, 183, 184, 185, 186, 187, 188, 189, 190, 191, 192, 193, 194, 195, 196, 197, 198, 199, 200, 201, 202, 203, 204, 205, 206, 207, 208, 209, 210, 211, 212, 213, 214, 215, 216, 217, 218, 219, 220, 221, 222, 223, 224, 225, 226, 227, 228, 229, 230, 231, 232, 233, 234, 235, 236, 237, 238, 239, 240, 241, 242, 243, 244, 245, 246, 247, 248, 249, 250, 251, 252, 253, 254, 255, 256, 257, 258, 259, 260, 261, 262, 263, 264, 265, 266, 267, 268, 269, 270, 271, 272, 273, 274, 275, 276, 277, 278, 279, 280, 281, 282, 283, 284, 285, 286, 287, 288, 289, 290, 291, 292, 293, 294, 295, 296, 297, 298, 299, 300, 301, 302, 303, 304, 305, 306, 307, 308, 309, 310, 311, 312, 313, 314, 315, 316, 317, 318, 319, 320, 321, 322, 323, 324, 325, 326, 327, 328, 329, 330, 331, 332, 333, 334, 335, 336, 337, 574, 575, 576, 577, 578, 579, 580, 581, 582, 583, 584, 585, 586, 587, 588, 589, 590, 591, 592, 593, 594, 595, 596, 597, 598, 599, 600, 601, 602, 603, 604, 605, 606, 607, 608, 609, 610, 611, 612, 613, 614, 615, 616, 617, 618, 619, 620, 621, 622, 623, 624, 625, 626, 627, 628, 629, 630, 631, 632, 633, 634, 635, 636, 637, 638, 639, 640, 641, 642, 643, 644, 645, 646, 647, 648, 649, 650, 651, 652, 653, 654, 655, 656, 657, 658, 659, 660, 661, 662, 663, 664, 665, 666, 667, 668, 669, 670, 671, 672, 673, 674, 675, 676, 677, 678, 679, 680, 681, 682, 683, 684, 685, 686, 687, 688, 689, 690, 691, 692, 693, 694, 695, 696, 697, 698, 699, 700, 701, 702, 703, 704, 705, 706, 707, 708, 709, 710, 711, 712, 713, 714, 715, 716, 717, 718, 719, 720, 721, 722, 723, 724, 725, 726, 727, 728, 729, 730, 731, 732, 733, 734, 735, 736, 737, 738, 739, 740, 741, 742, 743, 744, 745, 746, 747, 748, 749, 750, 751, 752, 753, 754, 755, 756, 757, 758, 759, 760, 761, 762, 763, 764, 765, 766, 767, 768, 769, 770, 771, 772, 773, 774, 775, 776, 777, 778, 779, 780, 781, 782, 783, 784, 785, 786, 787, 788, 789, 790, 791, 792, 793]","[142, 202, 307, 613]","[62, 202, 307, 403, 672, 765, 852]","[0, 5, 7, 10, 14, 19, 20, 22, 24, 32, 33, 34, 37, 38, 40, 44, 46, 48, 49, 51, 56, 61, 63, 65, 67, 68, 73, 74, 75, 76, 79, 81, 82, 83, 85, 87, 88, 92, 93, 95, 96, 99, 100, 101, 115, 116, 124, 134, 142, 161, 167, 169, 170, 186, 202, 240, 244, 254, 260, 267, 277, 300, 303, 307, 310, 322, 331, 376, 485, 491, 493, 495, 499, 503, 504, 506, 508, 515, 518, 519, 521, 524, 526, 528, 533, 537, 539, 542, 543, 547, 548, 549, 550, 551, 553, 554, 556, 558, 559, 563, 564, 566, 567, 570, 571, 572, 586, 587, 595, 605, 613, 633, 639, 640, 641, 657, 672, 704, 717, 726, 736, 759, 761, 765, 768, 780, 788, 792, 826]",[],[],7/6 successful match,False,,False,715,False,,0.36363636363636365,True,Texaco Truck Stop,Texaco
"Coachella , 92201 Indio Truck Stop","6 760-342-3999 I-10 Exit 146 ( Dillon Rd , 1.5 mi S )",M <U+2610> <U+2610>,Coachella,92201,Indio Truck Stop,760-342-3999,2008,Indio,CA,,"( Dillon Rd , 1.5 mi S )",I-10 Exit 146 ,Exit,146,False,,False,I-10,,,,,[],"[142, 613]","[142, 202, 307, 613]","[62, 202, 307, 403, 672, 765, 852]","[103, 104, 105, 106, 107, 108, 109, 110, 111, 112, 113, 114, 115, 116, 117, 118, 119, 120, 121, 122, 123, 124, 125, 126, 127, 128, 129, 130, 131, 132, 133, 134, 135, 136, 137, 138, 139, 140, 141, 142, 143, 144, 145, 146, 147, 148, 149, 150, 151, 152, 153, 154, 155, 156, 157, 158, 159, 160, 161, 162, 163, 164, 165, 166, 167, 168, 169, 170, 171, 172, 173, 174, 175, 176, 177, 178, 179, 180, 181, 182, 183, 184, 185, 186, 187, 188, 189, 190, 191, 192, 193, 194, 195, 196, 197, 198, 199, 200, 201, 202, 203, 204, 205, 206, 207, 208, 209, 210, 211, 212, 213, 214, 215, 216, 217, 218, 219, 220, 221, 222, 223, 224, 225, 226, 227, 228, 229, 230, 231, 232, 233, 234, 235, 236, 237, 238, 239, 240, 241, 242, 243, 244, 245, 246, 247, 248, 249, 250, 251, 252, 253, 254, 255, 256, 257, 258, 259, 260, 261, 262, 263, 264, 265, 266, 267, 268, 269, 270, 271, 272, 273, 274, 275, 276, 277, 278, 279, 280, 281, 282, 283, 284, 285, 286, 287, 288, 289, 290, 291, 292, 293, 294, 295, 296, 297, 298, 299, 300, 301, 302, 303, 304, 305, 306, 307, 308, 309, 310, 311, 312, 313, 314, 315, 316, 317, 318, 319, 320, 321, 322, 323, 324, 325, 326, 327, 328, 329, 330, 331, 332, 333, 334, 335, 336, 337, 574, 575, 576, 577, 578, 579, 580, 581, 582, 583, 584, 585, 586, 587, 588, 589, 590, 591, 592, 593, 594, 595, 596, 597, 598, 599, 600, 601, 602, 603, 604, 605, 606, 607, 608, 609, 610, 611, 612, 613, 614, 615, 616, 617, 618, 619, 620, 621, 622, 623, 624, 625, 626, 627, 628, 629, 630, 631, 632, 633, 634, 635, 636, 637, 638, 639, 640, 641, 642, 643, 644, 645, 646, 647, 648, 649, 650, 651, 652, 653, 654, 655, 656, 657, 658, 659, 660, 661, 662, 663, 664, 665, 666, 667, 668, 669, 670, 671, 672, 673, 674, 675, 676, 677, 678, 679, 680, 681, 682, 683, 684, 685, 686, 687, 688, 689, 690, 691, 692, 693, 694, 695, 696, 697, 698, 699, 700, 701, 702, 703, 704, 705, 706, 707, 708, 709, 710, 711, 712, 713, 714, 715, 716, 717, 718, 719, 720, 721, 722, 723, 724, 725, 726, 727, 728, 729, 730, 731, 732, 733, 734, 735, 736, 737, 738, 739, 740, 741, 742, 743, 744, 745, 746, 747, 748, 749, 750, 751, 752, 753, 754, 755, 756, 757, 758, 759, 760, 761, 762, 763, 764, 765, 766, 767, 768, 769, 770, 771, 772, 773, 774, 775, 776, 777, 778, 779, 780, 781, 782, 783, 784, 785, 786, 787, 788, 789, 790, 791, 792, 793]","[0, 5, 7, 10, 14, 19, 20, 22, 24, 32, 33, 34, 37, 38, 40, 44, 46, 48, 49, 51, 56, 61, 63, 65, 67, 68, 73, 74, 75, 76, 79, 81, 82, 83, 85, 87, 88, 92, 93, 95, 96, 99, 100, 101, 115, 116, 124, 134, 142, 161, 167, 169, 170, 186, 202, 240, 244, 254, 260, 267, 277, 300, 303, 307, 310, 322, 331, 376, 485, 491, 493, 495, 499, 503, 504, 506, 508, 515, 518, 519, 521, 524, 526, 528, 533, 537, 539, 542, 543, 547, 548, 549, 550, 551, 553, 554, 556, 558, 559, 563, 564, 566, 567, 570, 571, 572, 586, 587, 595, 605, 613, 633, 639, 640, 641, 657, 672, 704, 717, 726, 736, 759, 761, 765, 768, 780, 788, 792, 826]",[],[],"[0, 5, 7, 10, 14, 19, 20, 22, 24, 32, 33, 34, 37, 38, 40, 44, 46, 48, 49, 51, 56, 61, 62, 63, 65, 67, 68, 73, 74, 75, 76, 79, 81, 82, 83, 85, 87, 88, 92, 93, 95, 96, 99, 100, 101, 103, 104, 105, 106, 107, 108, 109, 110, 111, 112, 113, 114, 115, 116, 117, 118, 119, 120, 121, 122, 123, 124, 125, 126, 127, 128, 129, 130, 131, 132, 133, 134, 135, 136, 137, 138, 139, 140, 141, 142, 143, 144, 145, 146, 147, 148, 149, 150, 151, 152, 153, 154, 155, 156, 157, 158, 159, 160, 161, 162, 163, 164, 165, 166, 167, 168, 169, 170, 171, 172, 173, 174, 175, 176, 177, 178, 179, 180, 181, 182, 183, 184, 185, 186, 187, 188, 189, 190, 191, 192, 193, 194, 195, 196, 197, 198, 199, 200, 201, 202, 203, 204, 205, 206, 207, 208, 209, 210, 211, 212, 213, 214, 215, 216, 217, 218, 219, 220, 221, 222, 223, 224, 225, 226, 227, 228, 229, 230, 231, 232, 233, 234, 235, 236, 237, 238, 239, 240, 241, 242, 243, 244, 245, 246, 247, 248, 249, 250, 251, 252, 253, 254, 255, 256, 257, 258, 259, 260, 261, 262, 263, 264, 265, 266, 267, 268, 269, 270, 271, 272, 273, 274, 275, 276, 277, 278, 279, 280, 281, 282, 283, 284, 285, 286, 287, 288, 289, 290, 291, 292, 293, 294, 295, 296, 297, 298, 299, 300, 301, 302, 303, 304, 305, 306, 307, 308, 309, 310, 311, 312, 313, 314, 315, 316, 317, 318, 319, 320, 321, 322, 323, 324, 325, 326, 327, 328, 329, 330, 331, 332, 333, 334, 335, 336, 337, 376, 403, 485, 491, 493, 495, 499, 503, 504, 506, 508, 515, 518, 519, 521, 524, 526, 528, 533, 537, 539, 542, 543, 547, 548, 549, 550, 551, 553, 554, 556, 558, 559, 563, 564, 566, 567, 570, 571, 572, 574, 575, 576, 577, 578, 579, 580, 581, 582, 583, 584, 585, 586, 587, 588, 589, 590, 591, 592, 593, 594, 595, 596, 597, 598, 599, 600, 601, 602, 603, 604, 605, 606, 607, 608, 609, 610, 611, 612, 613, 614, 615, 616, 617, 618, 619, 620, 621, 622, 623, 624, 625, 626, 627, 628, 629, 630, 631, 632, 633, 634, 635, 636, 637, 638, 639, 640, 641, 642, 643, 644, 645, 646, 647, 648, 649, 650, 651, 652, 653, 654, 655, 656, 657, 658, 659, 660, 661, 662, 663, 664, 665, 666, 667, 668, 669, 670, 671, 672, 673, 674, 675, 676, 677, 678, 679, 680, 681, 682, 683, 684, 685, 686, 687, 688, 689, 690, 691, 692, 693, 694, 695, 696, 697, 698, 699, 700, 701, 702, 703, 704, 705, 706, 707, 708, 709, 710, 711, 712, 713, 714, 715, 716, 717, 718, 719, 720, 721, 722, 723, 724, 725, 726, 727, 728, 729, 730, 731, 732, 733, 734, 735, 736, 737, 738, 739, 740, 741, 742, 743, 744, 745, 746, 747, 748, 749, 750, 751, 752, 753, 754, 755, 756, 757, 758, 759, 760, 761, 762, 763, 764, 765, 766, 767, 768, 769, 770, 771, 772, 773, 774, 775, 776, 777, 778, 779, 780, 781, 782, 783, 784, 785, 786, 787, 788, 789, 790, 791, 792, 793, 826, 852]",False,"[142, 613]","[103, 104, 105, 106, 107, 108, 109, 110, 111, 112, 113, 114, 115, 116, 117, 118, 119, 120, 121, 122, 123, 124, 125, 126, 127, 128, 129, 130, 131, 132, 133, 134, 135, 136, 137, 138, 139, 140, 141, 142, 143, 144, 145, 146, 147, 148, 149, 150, 151, 152, 153, 154, 155, 156, 157, 158, 159, 160, 161, 162, 163, 164, 165, 166, 167, 168, 169, 170, 171, 172, 173, 174, 175, 176, 177, 178, 179, 180, 181, 182, 183, 184, 185, 186, 187, 188, 189, 190, 191, 192, 193, 194, 195, 196, 197, 198, 199, 200, 201, 202, 203, 204, 205, 206, 207, 208, 209, 210, 211, 212, 213, 214, 215, 216, 217, 218, 219, 220, 221, 222, 223, 224, 225, 226, 227, 228, 229, 230, 231, 232, 233, 234, 235, 236, 237, 238, 239, 240, 241, 242, 243, 244, 245, 246, 247, 248, 249, 250, 251, 252, 253, 254, 255, 256, 257, 258, 259, 260, 261, 262, 263, 264, 265, 266, 267, 268, 269, 270, 271, 272, 273, 274, 275, 276, 277, 278, 279, 280, 281, 282, 283, 284, 285, 286, 287, 288, 289, 290, 291, 292, 293, 294, 295, 296, 297, 298, 299, 300, 301, 302, 303, 304, 305, 306, 307, 308, 309, 310, 311, 312, 313, 314, 315, 316, 317, 318, 319, 320, 321, 322, 323, 324, 325, 326, 327, 328, 329, 330, 331, 332, 333, 334, 335, 336, 337, 574, 575, 576, 577, 578, 579, 580, 581, 582, 583, 584, 585, 586, 587, 588, 589, 590, 591, 592, 593, 594, 595, 596, 597, 598, 599, 600, 601, 602, 603, 604, 605, 606, 607, 608, 609, 610, 611, 612, 613, 614, 615, 616, 617, 618, 619, 620, 621, 622, 623, 624, 625, 626, 627, 628, 629, 630, 631, 632, 633, 634, 635, 636, 637, 638, 639, 640, 641, 642, 643, 644, 645, 646, 647, 648, 649, 650, 651, 652, 653, 654, 655, 656, 657, 658, 659, 660, 661, 662, 663, 664, 665, 666, 667, 668, 669, 670, 671, 672, 673, 674, 675, 676, 677, 678, 679, 680, 681, 682, 683, 684, 685, 686, 687, 688, 689, 690, 691, 692, 693, 694, 695, 696, 697, 698, 699, 700, 701, 702, 703, 704, 705, 706, 707, 708, 709, 710, 711, 712, 713, 714, 715, 716, 717, 718, 719, 720, 721, 722, 723, 724, 725, 726, 727, 728, 729, 730, 731, 732, 733, 734, 735, 736, 737, 738, 739, 740, 741, 742, 743, 744, 745, 746, 747, 748, 749, 750, 751, 752, 753, 754, 755, 756, 757, 758, 759, 760, 761, 762, 763, 764, 765, 766, 767, 768, 769, 770, 771, 772, 773, 774, 775, 776, 777, 778, 779, 780, 781, 782, 783, 784, 785, 786, 787, 788, 789, 790, 791, 792, 793]","[142, 202, 307, 613]","[62, 202, 307, 403, 672, 765, 852]","[0, 5, 7, 10, 14, 19, 20, 22, 24, 32, 33, 34, 37, 38, 40, 44, 46, 48, 49, 51, 56, 61, 63, 65, 67, 68, 73, 74, 75, 76, 79, 81, 82, 83, 85, 87, 88, 92, 93, 95, 96, 99, 100, 101, 115, 116, 124, 134, 142, 161, 167, 169, 170, 186, 202, 240, 244, 254, 260, 267, 277, 300, 303, 307, 310, 322, 331, 376, 485, 491, 493, 495, 499, 503, 504, 506, 508, 515, 518, 519, 521, 524, 526, 528, 533, 537, 539, 542, 543, 547, 548, 549, 550, 551, 553, 554, 556, 558, 559, 563, 564, 566, 567, 570, 571, 572, 586, 587, 595, 605, 613, 633, 639, 640, 641, 657, 672, 704, 717, 726, 736, 759, 761, 765, 768, 780, 788, 792, 826]",[],[],7/6 successful match,False,,False,715,False,,0.8999999999999999,True,Indio Truck Stop,
Coachella ( 92201 ) Indio Truck Stop,"6 760-342-3999 I-10 Exit 146 ( Dillon Rd , 1.5 mi S )",<U+25A1> <U+2610>,Coachella,92201,Indio Truck Stop,760-342-3999,2014,Indio,CA,,"( Dillon Rd , 1.5 mi S )",I-10 Exit 146 ,Exit,146,False,,False,I-10,,,,,[],"[142, 613]","[142, 202, 307, 613]","[62, 202, 307, 403, 672, 765, 852]","[103, 104, 105, 106, 107, 108, 109, 110, 111, 112, 113, 114, 115, 116, 117, 118, 119, 120, 121, 122, 123, 124, 125, 126, 127, 128, 129, 130, 131, 132, 133, 134, 135, 136, 137, 138, 139, 140, 141, 142, 143, 144, 145, 146, 147, 148, 149, 150, 151, 152, 153, 154, 155, 156, 157, 158, 159, 160, 161, 162, 163, 164, 165, 166, 167, 168, 169, 170, 171, 172, 173, 174, 175, 176, 177, 178, 179, 180, 181, 182, 183, 184, 185, 186, 187, 188, 189, 190, 191, 192, 193, 194, 195, 196, 197, 198, 199, 200, 201, 202, 203, 204, 205, 206, 207, 208, 209, 210, 211, 212, 213, 214, 215, 216, 217, 218, 219, 220, 221, 222, 223, 224, 225, 226, 227, 228, 229, 230, 231, 232, 233, 234, 235, 236, 237, 238, 239, 240, 241, 242, 243, 244, 245, 246, 247, 248, 249, 250, 251, 252, 253, 254, 255, 256, 257, 258, 259, 260, 261, 262, 263, 264, 265, 266, 267, 268, 269, 270, 271, 272, 273, 274, 275, 276, 277, 278, 279, 280, 281, 282, 283, 284, 285, 286, 287, 288, 289, 290, 291, 292, 293, 294, 295, 296, 297, 298, 299, 300, 301, 302, 303, 304, 305, 306, 307, 308, 309, 310, 311, 312, 313, 314, 315, 316, 317, 318, 319, 320, 321, 322, 323, 324, 325, 326, 327, 328, 329, 330, 331, 332, 333, 334, 335, 336, 337, 574, 575, 576, 577, 578, 579, 580, 581, 582, 583, 584, 585, 586, 587, 588, 589, 590, 591, 592, 593, 594, 595, 596, 597, 598, 599, 600, 601, 602, 603, 604, 605, 606, 607, 608, 609, 610, 611, 612, 613, 614, 615, 616, 617, 618, 619, 620, 621, 622, 623, 624, 625, 626, 627, 628, 629, 630, 631, 632, 633, 634, 635, 636, 637, 638, 639, 640, 641, 642, 643, 644, 645, 646, 647, 648, 649, 650, 651, 652, 653, 654, 655, 656, 657, 658, 659, 660, 661, 662, 663, 664, 665, 666, 667, 668, 669, 670, 671, 672, 673, 674, 675, 676, 677, 678, 679, 680, 681, 682, 683, 684, 685, 686, 687, 688, 689, 690, 691, 692, 693, 694, 695, 696, 697, 698, 699, 700, 701, 702, 703, 704, 705, 706, 707, 708, 709, 710, 711, 712, 713, 714, 715, 716, 717, 718, 719, 720, 721, 722, 723, 724, 725, 726, 727, 728, 729, 730, 731, 732, 733, 734, 735, 736, 737, 738, 739, 740, 741, 742, 743, 744, 745, 746, 747, 748, 749, 750, 751, 752, 753, 754, 755, 756, 757, 758, 759, 760, 761, 762, 763, 764, 765, 766, 767, 768, 769, 770, 771, 772, 773, 774, 775, 776, 777, 778, 779, 780, 781, 782, 783, 784, 785, 786, 787, 788, 789, 790, 791, 792, 793]","[0, 5, 7, 10, 14, 19, 20, 22, 24, 32, 33, 34, 37, 38, 40, 44, 46, 48, 49, 51, 56, 61, 63, 65, 67, 68, 73, 74, 75, 76, 79, 81, 82, 83, 85, 87, 88, 92, 93, 95, 96, 99, 100, 101, 115, 116, 124, 134, 142, 161, 167, 169, 170, 186, 202, 240, 244, 254, 260, 267, 277, 300, 303, 307, 310, 322, 331, 376, 485, 491, 493, 495, 499, 503, 504, 506, 508, 515, 518, 519, 521, 524, 526, 528, 533, 537, 539, 542, 543, 547, 548, 549, 550, 551, 553, 554, 556, 558, 559, 563, 564, 566, 567, 570, 571, 572, 586, 587, 595, 605, 613, 633, 639, 640, 641, 657, 672, 704, 717, 726, 736, 759, 761, 765, 768, 780, 788, 792, 826]",[],[],"[0, 5, 7, 10, 14, 19, 20, 22, 24, 32, 33, 34, 37, 38, 40, 44, 46, 48, 49, 51, 56, 61, 62, 63, 65, 67, 68, 73, 74, 75, 76, 79, 81, 82, 83, 85, 87, 88, 92, 93, 95, 96, 99, 100, 101, 103, 104, 105, 106, 107, 108, 109, 110, 111, 112, 113, 114, 115, 116, 117, 118, 119, 120, 121, 122, 123, 124, 125, 126, 127, 128, 129, 130, 131, 132, 133, 134, 135, 136, 137, 138, 139, 140, 141, 142, 143, 144, 145, 146, 147, 148, 149, 150, 151, 152, 153, 154, 155, 156, 157, 158, 159, 160, 161, 162, 163, 164, 165, 166, 167, 168, 169, 170, 171, 172, 173, 174, 175, 176, 177, 178, 179, 180, 181, 182, 183, 184, 185, 186, 187, 188, 189, 190, 191, 192, 193, 194, 195, 196, 197, 198, 199, 200, 201, 202, 203, 204, 205, 206, 207, 208, 209, 210, 211, 212, 213, 214, 215, 216, 217, 218, 219, 220, 221, 222, 223, 224, 225, 226, 227, 228, 229, 230, 231, 232, 233, 234, 235, 236, 237, 238, 239, 240, 241, 242, 243, 244, 245, 246, 247, 248, 249, 250, 251, 252, 253, 254, 255, 256, 257, 258, 259, 260, 261, 262, 263, 264, 265, 266, 267, 268, 269, 270, 271, 272, 273, 274, 275, 276, 277, 278, 279, 280, 281, 282, 283, 284, 285, 286, 287, 288, 289, 290, 291, 292, 293, 294, 295, 296, 297, 298, 299, 300, 301, 302, 303, 304, 305, 306, 307, 308, 309, 310, 311, 312, 313, 314, 315, 316, 317, 318, 319, 320, 321, 322, 323, 324, 325, 326, 327, 328, 329, 330, 331, 332, 333, 334, 335, 336, 337, 376, 403, 485, 491, 493, 495, 499, 503, 504, 506, 508, 515, 518, 519, 521, 524, 526, 528, 533, 537, 539, 542, 543, 547, 548, 549, 550, 551, 553, 554, 556, 558, 559, 563, 564, 566, 567, 570, 571, 572, 574, 575, 576, 577, 578, 579, 580, 581, 582, 583, 584, 585, 586, 587, 588, 589, 590, 591, 592, 593, 594, 595, 596, 597, 598, 599, 600, 601, 602, 603, 604, 605, 606, 607, 608, 609, 610, 611, 612, 613, 614, 615, 616, 617, 618, 619, 620, 621, 622, 623, 624, 625, 626, 627, 628, 629, 630, 631, 632, 633, 634, 635, 636, 637, 638, 639, 640, 641, 642, 643, 644, 645, 646, 647, 648, 649, 650, 651, 652, 653, 654, 655, 656, 657, 658, 659, 660, 661, 662, 663, 664, 665, 666, 667, 668, 669, 670, 671, 672, 673, 674, 675, 676, 677, 678, 679, 680, 681, 682, 683, 684, 685, 686, 687, 688, 689, 690, 691, 692, 693, 694, 695, 696, 697, 698, 699, 700, 701, 702, 703, 704, 705, 706, 707, 708, 709, 710, 711, 712, 713, 714, 715, 716, 717, 718, 719, 720, 721, 722, 723, 724, 725, 726, 727, 728, 729, 730, 731, 732, 733, 734, 735, 736, 737, 738, 739, 740, 741, 742, 743, 744, 745, 746, 747, 748, 749, 750, 751, 752, 753, 754, 755, 756, 757, 758, 759, 760, 761, 762, 763, 764, 765, 766, 767, 768, 769, 770, 771, 772, 773, 774, 775, 776, 777, 778, 779, 780, 781, 782, 783, 784, 785, 786, 787, 788, 789, 790, 791, 792, 793, 826, 852]",False,"[142, 613]","[103, 104, 105, 106, 107, 108, 109, 110, 111, 112, 113, 114, 115, 116, 117, 118, 119, 120, 121, 122, 123, 124, 125, 126, 127, 128, 129, 130, 131, 132, 133, 134, 135, 136, 137, 138, 139, 140, 141, 142, 143, 144, 145, 146, 147, 148, 149, 150, 151, 152, 153, 154, 155, 156, 157, 158, 159, 160, 161, 162, 163, 164, 165, 166, 167, 168, 169, 170, 171, 172, 173, 174, 175, 176, 177, 178, 179, 180, 181, 182, 183, 184, 185, 186, 187, 188, 189, 190, 191, 192, 193, 194, 195, 196, 197, 198, 199, 200, 201, 202, 203, 204, 205, 206, 207, 208, 209, 210, 211, 212, 213, 214, 215, 216, 217, 218, 219, 220, 221, 222, 223, 224, 225, 226, 227, 228, 229, 230, 231, 232, 233, 234, 235, 236, 237, 238, 239, 240, 241, 242, 243, 244, 245, 246, 247, 248, 249, 250, 251, 252, 253, 254, 255, 256, 257, 258, 259, 260, 261, 262, 263, 264, 265, 266, 267, 268, 269, 270, 271, 272, 273, 274, 275, 276, 277, 278, 279, 280, 281, 282, 283, 284, 285, 286, 287, 288, 289, 290, 291, 292, 293, 294, 295, 296, 297, 298, 299, 300, 301, 302, 303, 304, 305, 306, 307, 308, 309, 310, 311, 312, 313, 314, 315, 316, 317, 318, 319, 320, 321, 322, 323, 324, 325, 326, 327, 328, 329, 330, 331, 332, 333, 334, 335, 336, 337, 574, 575, 576, 577, 578, 579, 580, 581, 582, 583, 584, 585, 586, 587, 588, 589, 590, 591, 592, 593, 594, 595, 596, 597, 598, 599, 600, 601, 602, 603, 604, 605, 606, 607, 608, 609, 610, 611, 612, 613, 614, 615, 616, 617, 618, 619, 620, 621, 622, 623, 624, 625, 626, 627, 628, 629, 630, 631, 632, 633, 634, 635, 636, 637, 638, 639, 640, 641, 642, 643, 644, 645, 646, 647, 648, 649, 650, 651, 652, 653, 654, 655, 656, 657, 658, 659, 660, 661, 662, 663, 664, 665, 666, 667, 668, 669, 670, 671, 672, 673, 674, 675, 676, 677, 678, 679, 680, 681, 682, 683, 684, 685, 686, 687, 688, 689, 690, 691, 692, 693, 694, 695, 696, 697, 698, 699, 700, 701, 702, 703, 704, 705, 706, 707, 708, 709, 710, 711, 712, 713, 714, 715, 716, 717, 718, 719, 720, 721, 722, 723, 724, 725, 726, 727, 728, 729, 730, 731, 732, 733, 734, 735, 736, 737, 738, 739, 740, 741, 742, 743, 744, 745, 746, 747, 748, 749, 750, 751, 752, 753, 754, 755, 756, 757, 758, 759, 760, 761, 762, 763, 764, 765, 766, 767, 768, 769, 770, 771, 772, 773, 774, 775, 776, 777, 778, 779, 780, 781, 782, 783, 784, 785, 786, 787, 788, 789, 790, 791, 792, 793]","[142, 202, 307, 613]","[62, 202, 307, 403, 672, 765, 852]","[0, 5, 7, 10, 14, 19, 20, 22, 24, 32, 33, 34, 37, 38, 40, 44, 46, 48, 49, 51, 56, 61, 63, 65, 67, 68, 73, 74, 75, 76, 79, 81, 82, 83, 85, 87, 88, 92, 93, 95, 96, 99, 100, 101, 115, 116, 124, 134, 142, 161, 167, 169, 170, 186, 202, 240, 244, 254, 260, 267, 277, 300, 303, 307, 310, 322, 331, 376, 485, 491, 493, 495, 499, 503, 504, 506, 508, 515, 518, 519, 521, 524, 526, 528, 533, 537, 539, 542, 543, 547, 548, 549, 550, 551, 553, 554, 556, 558, 559, 563, 564, 566, 567, 570, 571, 572, 586, 587, 595, 605, 613, 633, 639, 640, 641, 657, 672, 704, 717, 726, 736, 759, 761, 765, 768, 780, 788, 792, 826]",[],[],7/6 successful match,False,,False,715,False,,0.8999999999999999,True,Indio Truck Stop,
Coachella ( 92201 ) Indio Truck Stop,"760-342-3999 I-10 Exit 146 ( Dillon Rd , 1.5 mi S )",<U+2610> [ ] 0,Coachella,92201,Indio Truck Stop,760-342-3999,2015,Indio,CA,,"( Dillon Rd , 1.5 mi S )",I-10 Exit 146 ,Exit,146,False,,False,I-10,,,,,[],"[142, 613]","[142, 202, 307, 613]","[62, 202, 307, 403, 672, 765, 852]","[103, 104, 105, 106, 107, 108, 109, 110, 111, 112, 113, 114, 115, 116, 117, 118, 119, 120, 121, 122, 123, 124, 125, 126, 127, 128, 129, 130, 131, 132, 133, 134, 135, 136, 137, 138, 139, 140, 141, 142, 143, 144, 145, 146, 147, 148, 149, 150, 151, 152, 153, 154, 155, 156, 157, 158, 159, 160, 161, 162, 163, 164, 165, 166, 167, 168, 169, 170, 171, 172, 173, 174, 175, 176, 177, 178, 179, 180, 181, 182, 183, 184, 185, 186, 187, 188, 189, 190, 191, 192, 193, 194, 195, 196, 197, 198, 199, 200, 201, 202, 203, 204, 205, 206, 207, 208, 209, 210, 211, 212, 213, 214, 215, 216, 217, 218, 219, 220, 221, 222, 223, 224, 225, 226, 227, 228, 229, 230, 231, 232, 233, 234, 235, 236, 237, 238, 239, 240, 241, 242, 243, 244, 245, 246, 247, 248, 249, 250, 251, 252, 253, 254, 255, 256, 257, 258, 259, 260, 261, 262, 263, 264, 265, 266, 267, 268, 269, 270, 271, 272, 273, 274, 275, 276, 277, 278, 279, 280, 281, 282, 283, 284, 285, 286, 287, 288, 289, 290, 291, 292, 293, 294, 295, 296, 297, 298, 299, 300, 301, 302, 303, 304, 305, 306, 307, 308, 309, 310, 311, 312, 313, 314, 315, 316, 317, 318, 319, 320, 321, 322, 323, 324, 325, 326, 327, 328, 329, 330, 331, 332, 333, 334, 335, 336, 337, 574, 575, 576, 577, 578, 579, 580, 581, 582, 583, 584, 585, 586, 587, 588, 589, 590, 591, 592, 593, 594, 595, 596, 597, 598, 599, 600, 601, 602, 603, 604, 605, 606, 607, 608, 609, 610, 611, 612, 613, 614, 615, 616, 617, 618, 619, 620, 621, 622, 623, 624, 625, 626, 627, 628, 629, 630, 631, 632, 633, 634, 635, 636, 637, 638, 639, 640, 641, 642, 643, 644, 645, 646, 647, 648, 649, 650, 651, 652, 653, 654, 655, 656, 657, 658, 659, 660, 661, 662, 663, 664, 665, 666, 667, 668, 669, 670, 671, 672, 673, 674, 675, 676, 677, 678, 679, 680, 681, 682, 683, 684, 685, 686, 687, 688, 689, 690, 691, 692, 693, 694, 695, 696, 697, 698, 699, 700, 701, 702, 703, 704, 705, 706, 707, 708, 709, 710, 711, 712, 713, 714, 715, 716, 717, 718, 719, 720, 721, 722, 723, 724, 725, 726, 727, 728, 729, 730, 731, 732, 733, 734, 735, 736, 737, 738, 739, 740, 741, 742, 743, 744, 745, 746, 747, 748, 749, 750, 751, 752, 753, 754, 755, 756, 757, 758, 759, 760, 761, 762, 763, 764, 765, 766, 767, 768, 769, 770, 771, 772, 773, 774, 775, 776, 777, 778, 779, 780, 781, 782, 783, 784, 785, 786, 787, 788, 789, 790, 791, 792, 793]","[0, 5, 7, 10, 14, 19, 20, 22, 24, 32, 33, 34, 37, 38, 40, 44, 46, 48, 49, 51, 56, 61, 63, 65, 67, 68, 73, 74, 75, 76, 79, 81, 82, 83, 85, 87, 88, 92, 93, 95, 96, 99, 100, 101, 115, 116, 124, 134, 142, 161, 167, 169, 170, 186, 202, 240, 244, 254, 260, 267, 277, 300, 303, 307, 310, 322, 331, 376, 485, 491, 493, 495, 499, 503, 504, 506, 508, 515, 518, 519, 521, 524, 526, 528, 533, 537, 539, 542, 543, 547, 548, 549, 550, 551, 553, 554, 556, 558, 559, 563, 564, 566, 567, 570, 571, 572, 586, 587, 595, 605, 613, 633, 639, 640, 641, 657, 672, 704, 717, 726, 736, 759, 761, 765, 768, 780, 788, 792, 826]",[],[],"[0, 5, 7, 10, 14, 19, 20, 22, 24, 32, 33, 34, 37, 38, 40, 44, 46, 48, 49, 51, 56, 61, 62, 63, 65, 67, 68, 73, 74, 75, 76, 79, 81, 82, 83, 85, 87, 88, 92, 93, 95, 96, 99, 100, 101, 103, 104, 105, 106, 107, 108, 109, 110, 111, 112, 113, 114, 115, 116, 117, 118, 119, 120, 121, 122, 123, 124, 125, 126, 127, 128, 129, 130, 131, 132, 133, 134, 135, 136, 137, 138, 139, 140, 141, 142, 143, 144, 145, 146, 147, 148, 149, 150, 151, 152, 153, 154, 155, 156, 157, 158, 159, 160, 161, 162, 163, 164, 165, 166, 167, 168, 169, 170, 171, 172, 173, 174, 175, 176, 177, 178, 179, 180, 181, 182, 183, 184, 185, 186, 187, 188, 189, 190, 191, 192, 193, 194, 195, 196, 197, 198, 199, 200, 201, 202, 203, 204, 205, 206, 207, 208, 209, 210, 211, 212, 213, 214, 215, 216, 217, 218, 219, 220, 221, 222, 223, 224, 225, 226, 227, 228, 229, 230, 231, 232, 233, 234, 235, 236, 237, 238, 239, 240, 241, 242, 243, 244, 245, 246, 247, 248, 249, 250, 251, 252, 253, 254, 255, 256, 257, 258, 259, 260, 261, 262, 263, 264, 265, 266, 267, 268, 269, 270, 271, 272, 273, 274, 275, 276, 277, 278, 279, 280, 281, 282, 283, 284, 285, 286, 287, 288, 289, 290, 291, 292, 293, 294, 295, 296, 297, 298, 299, 300, 301, 302, 303, 304, 305, 306, 307, 308, 309, 310, 311, 312, 313, 314, 315, 316, 317, 318, 319, 320, 321, 322, 323, 324, 325, 326, 327, 328, 329, 330, 331, 332, 333, 334, 335, 336, 337, 376, 403, 485, 491, 493, 495, 499, 503, 504, 506, 508, 515, 518, 519, 521, 524, 526, 528, 533, 537, 539, 542, 543, 547, 548, 549, 550, 551, 553, 554, 556, 558, 559, 563, 564, 566, 567, 570, 571, 572, 574, 575, 576, 577, 578, 579, 580, 581, 582, 583, 584, 585, 586, 587, 588, 589, 590, 591, 592, 593, 594, 595, 596, 597, 598, 599, 600, 601, 602, 603, 604, 605, 606, 607, 608, 609, 610, 611, 612, 613, 614, 615, 616, 617, 618, 619, 620, 621, 622, 623, 624, 625, 626, 627, 628, 629, 630, 631, 632, 633, 634, 635, 636, 637, 638, 639, 640, 641, 642, 643, 644, 645, 646, 647, 648, 649, 650, 651, 652, 653, 654, 655, 656, 657, 658, 659, 660, 661, 662, 663, 664, 665, 666, 667, 668, 669, 670, 671, 672, 673, 674, 675, 676, 677, 678, 679, 680, 681, 682, 683, 684, 685, 686, 687, 688, 689, 690, 691, 692, 693, 694, 695, 696, 697, 698, 699, 700, 701, 702, 703, 704, 705, 706, 707, 708, 709, 710, 711, 712, 713, 714, 715, 716, 717, 718, 719, 720, 721, 722, 723, 724, 725, 726, 727, 728, 729, 730, 731, 732, 733, 734, 735, 736, 737, 738, 739, 740, 741, 742, 743, 744, 745, 746, 747, 748, 749, 750, 751, 752, 753, 754, 755, 756, 757, 758, 759, 760, 761, 762, 763, 764, 765, 766, 767, 768, 769, 770, 771, 772, 773, 774, 775, 776, 777, 778, 779, 780, 781, 782, 783, 784, 785, 786, 787, 788, 789, 790, 791, 792, 793, 826, 852]",False,"[142, 613]","[103, 104, 105, 106, 107, 108, 109, 110, 111, 112, 113, 114, 115, 116, 117, 118, 119, 120, 121, 122, 123, 124, 125, 126, 127, 128, 129, 130, 131, 132, 133, 134, 135, 136, 137, 138, 139, 140, 141, 142, 143, 144, 145, 146, 147, 148, 149, 150, 151, 152, 153, 154, 155, 156, 157, 158, 159, 160, 161, 162, 163, 164, 165, 166, 167, 168, 169, 170, 171, 172, 173, 174, 175, 176, 177, 178, 179, 180, 181, 182, 183, 184, 185, 186, 187, 188, 189, 190, 191, 192, 193, 194, 195, 196, 197, 198, 199, 200, 201, 202, 203, 204, 205, 206, 207, 208, 209, 210, 211, 212, 213, 214, 215, 216, 217, 218, 219, 220, 221, 222, 223, 224, 225, 226, 227, 228, 229, 230, 231, 232, 233, 234, 235, 236, 237, 238, 239, 240, 241, 242, 243, 244, 245, 246, 247, 248, 249, 250, 251, 252, 253, 254, 255, 256, 257, 258, 259, 260, 261, 262, 263, 264, 265, 266, 267, 268, 269, 270, 271, 272, 273, 274, 275, 276, 277, 278, 279, 280, 281, 282, 283, 284, 285, 286, 287, 288, 289, 290, 291, 292, 293, 294, 295, 296, 297, 298, 299, 300, 301, 302, 303, 304, 305, 306, 307, 308, 309, 310, 311, 312, 313, 314, 315, 316, 317, 318, 319, 320, 321, 322, 323, 324, 325, 326, 327, 328, 329, 330, 331, 332, 333, 334, 335, 336, 337, 574, 575, 576, 577, 578, 579, 580, 581, 582, 583, 584, 585, 586, 587, 588, 589, 590, 591, 592, 593, 594, 595, 596, 597, 598, 599, 600, 601, 602, 603, 604, 605, 606, 607, 608, 609, 610, 611, 612, 613, 614, 615, 616, 617, 618, 619, 620, 621, 622, 623, 624, 625, 626, 627, 628, 629, 630, 631, 632, 633, 634, 635, 636, 637, 638, 639, 640, 641, 642, 643, 644, 645, 646, 647, 648, 649, 650, 651, 652, 653, 654, 655, 656, 657, 658, 659, 660, 661, 662, 663, 664, 665, 666, 667, 668, 669, 670, 671, 672, 673, 674, 675, 676, 677, 678, 679, 680, 681, 682, 683, 684, 685, 686, 687, 688, 689, 690, 691, 692, 693, 694, 695, 696, 697, 698, 699, 700, 701, 702, 703, 704, 705, 706, 707, 708, 709, 710, 711, 712, 713, 714, 715, 716, 717, 718, 719, 720, 721, 722, 723, 724, 725, 726, 727, 728, 729, 730, 731, 732, 733, 734, 735, 736, 737, 738, 739, 740, 741, 742, 743, 744, 745, 746, 747, 748, 749, 750, 751, 752, 753, 754, 755, 756, 757, 758, 759, 760, 761, 762, 763, 764, 765, 766, 767, 768, 769, 770, 771, 772, 773, 774, 775, 776, 777, 778, 779, 780, 781, 782, 783, 784, 785, 786, 787, 788, 789, 790, 791, 792, 793]","[142, 202, 307, 613]","[62, 202, 307, 403, 672, 765, 852]","[0, 5, 7, 10, 14, 19, 20, 22, 24, 32, 33, 34, 37, 38, 40, 44, 46, 48, 49, 51, 56, 61, 63, 65, 67, 68, 73, 74, 75, 76, 79, 81, 82, 83, 85, 87, 88, 92, 93, 95, 96, 99, 100, 101, 115, 116, 124, 134, 142, 161, 167, 169, 170, 186, 202, 240, 244, 254, 260, 267, 277, 300, 303, 307, 310, 322, 331, 376, 485, 491, 493, 495, 499, 503, 504, 506, 508, 515, 518, 519, 521, 524, 526, 528, 533, 537, 539, 542, 543, 547, 548, 549, 550, 551, 553, 554, 556, 558, 559, 563, 564, 566, 567, 570, 571, 572, 586, 587, 595, 605, 613, 633, 639, 640, 641, 657, 672, 704, 717, 726, 736, 759, 761, 765, 768, 780, 788, 792, 826]",[],[],7/6 successful match,False,,False,715,False,,0.8999999999999999,True,Indio Truck Stop,
"Banning , 92220 Royal Service",951-845-4391 I-10 Exit 96 ( Highland Springs Ave ),24,Banning,92220,Royal Service,951-845-4391,2006,Banning,CA,,( Highland Springs Ave ),I-10 Exit 96 ,Exit,96,False,,False,I-10,,,,,[],[],[],[],"[103, 104, 105, 106, 107, 108, 109, 110, 111, 112, 113, 114, 115, 116, 117, 118, 119, 120, 121, 122, 123, 124, 125, 126, 127, 128, 129, 130, 131, 132, 133, 134, 135, 136, 137, 138, 139, 140, 141, 142, 143, 144, 145, 146, 147, 148, 149, 150, 151, 152, 153, 154, 155, 156, 157, 158, 159, 160, 161, 162, 163, 164, 165, 166, 167, 168, 169, 170, 171, 172, 173, 174, 175, 176, 177, 178, 179, 180, 181, 182, 183, 184, 185, 186, 187, 188, 189, 190, 191, 192, 193, 194, 195, 196, 197, 198, 199, 200, 201, 202, 203, 204, 205, 206, 207, 208, 209, 210, 211, 212, 213, 214, 215, 216, 217, 218, 219, 220, 221, 222, 223, 224, 225, 226, 227, 228, 229, 230, 231, 232, 233, 234, 235, 236, 237, 238, 239, 240, 241, 242, 243, 244, 245, 246, 247, 248, 249, 250, 251, 252, 253, 254, 255, 256, 257, 258, 259, 260, 261, 262, 263, 264, 265, 266, 267, 268, 269, 270, 271, 272, 273, 274, 275, 276, 277, 278, 279, 280, 281, 282, 283, 284, 285, 286, 287, 288, 289, 290, 291, 292, 293, 294, 295, 296, 297, 298, 299, 300, 301, 302, 303, 304, 305, 306, 307, 308, 309, 310, 311, 312, 313, 314, 315, 316, 317, 318, 319, 320, 321, 322, 323, 324, 325, 326, 327, 328, 329, 330, 331, 332, 333, 334, 335, 336, 337, 574, 575, 576, 577, 578, 579, 580, 581, 582, 583, 584, 585, 586, 587, 588, 589, 590, 591, 592, 593, 594, 595, 596, 597, 598, 599, 600, 601, 602, 603, 604, 605, 606, 607, 608, 609, 610, 611, 612, 613, 614, 615, 616, 617, 618, 619, 620, 621, 622, 623, 624, 625, 626, 627, 628, 629, 630, 631, 632, 633, 634, 635, 636, 637, 638, 639, 640, 641, 642, 643, 644, 645, 646, 647, 648, 649, 650, 651, 652, 653, 654, 655, 656, 657, 658, 659, 660, 661, 662, 663, 664, 665, 666, 667, 668, 669, 670, 671, 672, 673, 674, 675, 676, 677, 678, 679, 680, 681, 682, 683, 684, 685, 686, 687, 688, 689, 690, 691, 692, 693, 694, 695, 696, 697, 698, 699, 700, 701, 702, 703, 704, 705, 706, 707, 708, 709, 710, 711, 712, 713, 714, 715, 716, 717, 718, 719, 720, 721, 722, 723, 724, 725, 726, 727, 728, 729, 730, 731, 732, 733, 734, 735, 736, 737, 738, 739, 740, 741, 742, 743, 744, 745, 746, 747, 748, 749, 750, 751, 752, 753, 754, 755, 756, 757, 758, 759, 760, 761, 762, 763, 764, 765, 766, 767, 768, 769, 770, 771, 772, 773, 774, 775, 776, 777, 778, 779, 780, 781, 782, 783, 784, 785, 786, 787, 788, 789, 790, 791, 792, 793]","[0, 5, 7, 10, 14, 19, 20, 22, 24, 32, 33, 34, 37, 38, 40, 44, 46, 48, 49, 51, 56, 61, 63, 65, 67, 68, 73, 74, 75, 76, 79, 81, 82, 83, 85, 87, 88, 92, 93, 95, 96, 99, 100, 101, 115, 116, 124, 134, 142, 161, 167, 169, 170, 186, 202, 240, 244, 254, 260, 267, 277, 300, 303, 307, 310, 322, 331, 376, 485, 491, 493, 495, 499, 503, 504, 506, 508, 515, 518, 519, 521, 524, 526, 528, 533, 537, 539, 542, 543, 547, 548, 549, 550, 551, 553, 554, 556, 558, 559, 563, 564, 566, 567, 570, 571, 572, 586, 587, 595, 605, 613, 633, 639, 640, 641, 657, 672, 704, 717, 726, 736, 759, 761, 765, 768, 780, 788, 792, 826]",[],"[277, 736]","[0, 5, 7, 10, 14, 19, 20, 22, 24, 32, 33, 34, 37, 38, 40, 44, 46, 48, 49, 51, 56, 61, 63, 65, 67, 68, 73, 74, 75, 76, 79, 81, 82, 83, 85, 87, 88, 92, 93, 95, 96, 99, 100, 101, 103, 104, 105, 106, 107, 108, 109, 110, 111, 112, 113, 114, 115, 116, 117, 118, 119, 120, 121, 122, 123, 124, 125, 126, 127, 128, 129, 130, 131, 132, 133, 134, 135, 136, 137, 138, 139, 140, 141, 142, 143, 144, 145, 146, 147, 148, 149, 150, 151, 152, 153, 154, 155, 156, 157, 158, 159, 160, 161, 162, 163, 164, 165, 166, 167, 168, 169, 170, 171, 172, 173, 174, 175, 176, 177, 178, 179, 180, 181, 182, 183, 184, 185, 186, 187, 188, 189, 190, 191, 192, 193, 194, 195, 196, 197, 198, 199, 200, 201, 202, 203, 204, 205, 206, 207, 208, 209, 210, 211, 212, 213, 214, 215, 216, 217, 218, 219, 220, 221, 222, 223, 224, 225, 226, 227, 228, 229, 230, 231, 232, 233, 234, 235, 236, 237, 238, 239, 240, 241, 242, 243, 244, 245, 246, 247, 248, 249, 250, 251, 252, 253, 254, 255, 256, 257, 258, 259, 260, 261, 262, 263, 264, 265, 266, 267, 268, 269, 270, 271, 272, 273, 274, 275, 276, 277, 278, 279, 280, 281, 282, 283, 284, 285, 286, 287, 288, 289, 290, 291, 292, 293, 294, 295, 296, 297, 298, 299, 300, 301, 302, 303, 304, 305, 306, 307, 308, 309, 310, 311, 312, 313, 314, 315, 316, 317, 318, 319, 320, 321, 322, 323, 324, 325, 326, 327, 328, 329, 330, 331, 332, 333, 334, 335, 336, 337, 376, 485, 491, 493, 495, 499, 503, 504, 506, 508, 515, 518, 519, 521, 524, 526, 528, 533, 537, 539, 542, 543, 547, 548, 549, 550, 551, 553, 554, 556, 558, 559, 563, 564, 566, 567, 570, 571, 572, 574, 575, 576, 577, 578, 579, 580, 581, 582, 583, 584, 585, 586, 587, 588, 589, 590, 591, 592, 593, 594, 595, 596, 597, 598, 599, 600, 601, 602, 603, 604, 605, 606, 607, 608, 609, 610, 611, 612, 613, 614, 615, 616, 617, 618, 619, 620, 621, 622, 623, 624, 625, 626, 627, 628, 629, 630, 631, 632, 633, 634, 635, 636, 637, 638, 639, 640, 641, 642, 643, 644, 645, 646, 647, 648, 649, 650, 651, 652, 653, 654, 655, 656, 657, 658, 659, 660, 661, 662, 663, 664, 665, 666, 667, 668, 669, 670, 671, 672, 673, 674, 675, 676, 677, 678, 679, 680, 681, 682, 683, 684, 685, 686, 687, 688, 689, 690, 691, 692, 693, 694, 695, 696, 697, 698, 699, 700, 701, 702, 703, 704, 705, 706, 707, 708, 709, 710, 711, 712, 713, 714, 715, 716, 717, 718, 719, 720, 721, 722, 723, 724, 725, 726, 727, 728, 729, 730, 731, 732, 733, 734, 735, 736, 737, 738, 739, 740, 741, 742, 743, 744, 745, 746, 747, 748, 749, 750, 751, 752, 753, 754, 755, 756, 757, 758, 759, 760, 761, 762, 763, 764, 765, 766, 767, 768, 769, 770, 771, 772, 773, 774, 775, 776, 777, 778, 779, 780, 781, 782, 783, 784, 785, 786, 787, 788, 789, 790, 791, 792, 793, 826]",False,[],"[103, 104, 105, 106, 107, 108, 109, 110, 111, 112, 113, 114, 115, 116, 117, 118, 119, 120, 121, 122, 123, 124, 125, 126, 127, 128, 129, 130, 131, 132, 133, 134, 135, 136, 137, 138, 139, 140, 141, 142, 143, 144, 145, 146, 147, 148, 149, 150, 151, 152, 153, 154, 155, 156, 157, 158, 159, 160, 161, 162, 163, 164, 165, 166, 167, 168, 169, 170, 171, 172, 173, 174, 175, 176, 177, 178, 179, 180, 181, 182, 183, 184, 185, 186, 187, 188, 189, 190, 191, 192, 193, 194, 195, 196, 197, 198, 199, 200, 201, 202, 203, 204, 205, 206, 207, 208, 209, 210, 211, 212, 213, 214, 215, 216, 217, 218, 219, 220, 221, 222, 223, 224, 225, 226, 227, 228, 229, 230, 231, 232, 233, 234, 235, 236, 237, 238, 239, 240, 241, 242, 243, 244, 245, 246, 247, 248, 249, 250, 251, 252, 253, 254, 255, 256, 257, 258, 259, 260, 261, 262, 263, 264, 265, 266, 267, 268, 269, 270, 271, 272, 273, 274, 275, 276, 277, 278, 279, 280, 281, 282, 283, 284, 285, 286, 287, 288, 289, 290, 291, 292, 293, 294, 295, 296, 297, 298, 299, 300, 301, 302, 303, 304, 305, 306, 307, 308, 309, 310, 311, 312, 313, 314, 315, 316, 317, 318, 319, 320, 321, 322, 323, 324, 325, 326, 327, 328, 329, 330, 331, 332, 333, 334, 335, 336, 337, 574, 575, 576, 577, 578, 579, 580, 581, 582, 583, 584, 585, 586, 587, 588, 589, 590, 591, 592, 593, 594, 595, 596, 597, 598, 599, 600, 601, 602, 603, 604, 605, 606, 607, 608, 609, 610, 611, 612, 613, 614, 615, 616, 617, 618, 619, 620, 621, 622, 623, 624, 625, 626, 627, 628, 629, 630, 631, 632, 633, 634, 635, 636, 637, 638, 639, 640, 641, 642, 643, 644, 645, 646, 647, 648, 649, 650, 651, 652, 653, 654, 655, 656, 657, 658, 659, 660, 661, 662, 663, 664, 665, 666, 667, 668, 669, 670, 671, 672, 673, 674, 675, 676, 677, 678, 679, 680, 681, 682, 683, 684, 685, 686, 687, 688, 689, 690, 691, 692, 693, 694, 695, 696, 697, 698, 699, 700, 701, 702, 703, 704, 705, 706, 707, 708, 709, 710, 711, 712, 713, 714, 715, 716, 717, 718, 719, 720, 721, 722, 723, 724, 725, 726, 727, 728, 729, 730, 731, 732, 733, 734, 735, 736, 737, 738, 739, 740, 741, 742, 743, 744, 745, 746, 747, 748, 749, 750, 751, 752, 753, 754, 755, 756, 757, 758, 759, 760, 761, 762, 763, 764, 765, 766, 767, 768, 769, 770, 771, 772, 773, 774, 775, 776, 777, 778, 779, 780, 781, 782, 783, 784, 785, 786, 787, 788, 789, 790, 791, 792, 793]",[],[],"[0, 5, 7, 10, 14, 19, 20, 22, 24, 32, 33, 34, 37, 38, 40, 44, 46, 48, 49, 51, 56, 61, 63, 65, 67, 68, 73, 74, 75, 76, 79, 81, 82, 83, 85, 87, 88, 92, 93, 95, 96, 99, 100, 101, 115, 116, 124, 134, 142, 161, 167, 169, 170, 186, 202, 240, 244, 254, 260, 267, 277, 300, 303, 307, 310, 322, 331, 376, 485, 491, 493, 495, 499, 503, 504, 506, 508, 515, 518, 519, 521, 524, 526, 528, 533, 537, 539, 542, 543, 547, 548, 549, 550, 551, 553, 554, 556, 558, 559, 563, 564, 566, 567, 570, 571, 572, 586, 587, 595, 605, 613, 633, 639, 640, 641, 657, 672, 704, 717, 726, 736, 759, 761, 765, 768, 780, 788, 792, 826]","[277, 736]",[],7/6 successful match,False,,False,716,False,,,,,
Calexico USA Gasoline # 870,760-357-9391 CA 7 ( S of CA 98-4 mi E of town ),FRS 24 M,,92231,,760-357-9391,2007,Calexico,CA,,( S of CA 98-4 mi E of town ),CA 7,empty,,False,,False,CA 7,,,,,[],[],[],[],"[103, 104, 105, 106, 107, 108, 109, 110, 111, 112, 113, 114, 115, 116, 117, 118, 119, 120, 121, 122, 123, 124, 125, 126, 127, 128, 129, 130, 131, 132, 133, 134, 135, 136, 137, 138, 139, 140, 141, 142, 143, 144, 145, 146, 147, 148, 149, 150, 151, 152, 153, 154, 155, 156, 157, 158, 159, 160, 161, 162, 163, 164, 165, 166, 167, 168, 169, 170, 171, 172, 173, 174, 175, 176, 177, 178, 179, 180, 181, 182, 183, 184, 185, 186, 187, 188, 189, 190, 191, 192, 193, 194, 195, 196, 197, 198, 199, 200, 201, 202, 203, 204, 205, 206, 207, 208, 209, 210, 211, 212, 213, 214, 215, 216, 217, 218, 219, 220, 221, 222, 223, 224, 225, 226, 227, 228, 229, 230, 231, 232, 233, 234, 235, 236, 237, 238, 239, 240, 241, 242, 243, 244, 245, 246, 247, 248, 249, 250, 251, 252, 253, 254, 255, 256, 257, 258, 259, 260, 261, 262, 263, 264, 265, 266, 267, 268, 269, 270, 271, 272, 273, 274, 275, 276, 277, 278, 279, 280, 281, 282, 283, 284, 285, 286, 287, 288, 289, 290, 291, 292, 293, 294, 295, 296, 297, 298, 299, 300, 301, 302, 303, 304, 305, 306, 307, 308, 309, 310, 311, 312, 313, 314, 315, 316, 317, 318, 319, 320, 321, 322, 323, 324, 325, 326, 327, 328, 329, 330, 331, 332, 333, 334, 335, 336, 337, 574, 575, 576, 577, 578, 579, 580, 581, 582, 583, 584, 585, 586, 587, 588, 589, 590, 591, 592, 593, 594, 595, 596, 597, 598, 599, 600, 601, 602, 603, 604, 605, 606, 607, 608, 609, 610, 611, 612, 613, 614, 615, 616, 617, 618, 619, 620, 621, 622, 623, 624, 625, 626, 627, 628, 629, 630, 631, 632, 633, 634, 635, 636, 637, 638, 639, 640, 641, 642, 643, 644, 645, 646, 647, 648, 649, 650, 651, 652, 653, 654, 655, 656, 657, 658, 659, 660, 661, 662, 663, 664, 665, 666, 667, 668, 669, 670, 671, 672, 673, 674, 675, 676, 677, 678, 679, 680, 681, 682, 683, 684, 685, 686, 687, 688, 689, 690, 691, 692, 693, 694, 695, 696, 697, 698, 699, 700, 701, 702, 703, 704, 705, 706, 707, 708, 709, 710, 711, 712, 713, 714, 715, 716, 717, 718, 719, 720, 721, 722, 723, 724, 725, 726, 727, 728, 729, 730, 731, 732, 733, 734, 735, 736, 737, 738, 739, 740, 741, 742, 743, 744, 745, 746, 747, 748, 749, 750, 751, 752, 753, 754, 755, 756, 757, 758, 759, 760, 761, 762, 763, 764, 765, 766, 767, 768, 769, 770, 771, 772, 773, 774, 775, 776, 777, 778, 779, 780, 781, 782, 783, 784, 785, 786, 787, 788, 789, 790, 791, 792, 793]","[13, 103, 104, 106, 117, 118, 120, 127, 128, 129, 131, 133, 135, 136, 137, 139, 146, 147, 148, 149, 151, 158, 160, 162, 166, 173, 178, 179, 185, 190, 192, 198, 201, 203, 204, 206, 207, 212, 213, 214, 219, 223, 224, 225, 227, 230, 235, 237, 246, 247, 256, 259, 262, 263, 266, 268, 269, 271, 272, 278, 279, 284, 285, 288, 290, 292, 304, 312, 316, 319, 320, 323, 324, 332, 498, 574, 575, 588, 591, 607, 608, 610, 618, 619, 620, 622, 632, 644, 649, 650, 656, 661, 663, 669, 674, 677, 683, 684, 687, 688, 689, 691, 701, 710, 723, 730, 731, 738, 747, 751, 762, 774, 778, 789]",[],[],"[13, 103, 104, 105, 106, 107, 108, 109, 110, 111, 112, 113, 114, 115, 116, 117, 118, 119, 120, 121, 122, 123, 124, 125, 126, 127, 128, 129, 130, 131, 132, 133, 134, 135, 136, 137, 138, 139, 140, 141, 142, 143, 144, 145, 146, 147, 148, 149, 150, 151, 152, 153, 154, 155, 156, 157, 158, 159, 160, 161, 162, 163, 164, 165, 166, 167, 168, 169, 170, 171, 172, 173, 174, 175, 176, 177, 178, 179, 180, 181, 182, 183, 184, 185, 186, 187, 188, 189, 190, 191, 192, 193, 194, 195, 196, 197, 198, 199, 200, 201, 202, 203, 204, 205, 206, 207, 208, 209, 210, 211, 212, 213, 214, 215, 216, 217, 218, 219, 220, 221, 222, 223, 224, 225, 226, 227, 228, 229, 230, 231, 232, 233, 234, 235, 236, 237, 238, 239, 240, 241, 242, 243, 244, 245, 246, 247, 248, 249, 250, 251, 252, 253, 254, 255, 256, 257, 258, 259, 260, 261, 262, 263, 264, 265, 266, 267, 268, 269, 270, 271, 272, 273, 274, 275, 276, 277, 278, 279, 280, 281, 282, 283, 284, 285, 286, 287, 288, 289, 290, 291, 292, 293, 294, 295, 296, 297, 298, 299, 300, 301, 302, 303, 304, 305, 306, 307, 308, 309, 310, 311, 312, 313, 314, 315, 316, 317, 318, 319, 320, 321, 322, 323, 324, 325, 326, 327, 328, 329, 330, 331, 332, 333, 334, 335, 336, 337, 498, 574, 575, 576, 577, 578, 579, 580, 581, 582, 583, 584, 585, 586, 587, 588, 589, 590, 591, 592, 593, 594, 595, 596, 597, 598, 599, 600, 601, 602, 603, 604, 605, 606, 607, 608, 609, 610, 611, 612, 613, 614, 615, 616, 617, 618, 619, 620, 621, 622, 623, 624, 625, 626, 627, 628, 629, 630, 631, 632, 633, 634, 635, 636, 637, 638, 639, 640, 641, 642, 643, 644, 645, 646, 647, 648, 649, 650, 651, 652, 653, 654, 655, 656, 657, 658, 659, 660, 661, 662, 663, 664, 665, 666, 667, 668, 669, 670, 671, 672, 673, 674, 675, 676, 677, 678, 679, 680, 681, 682, 683, 684, 685, 686, 687, 688, 689, 690, 691, 692, 693, 694, 695, 696, 697, 698, 699, 700, 701, 702, 703, 704, 705, 706, 707, 708, 709, 710, 711, 712, 713, 714, 715, 716, 717, 718, 719, 720, 721, 722, 723, 724, 725, 726, 727, 728, 729, 730, 731, 732, 733, 734, 735, 736, 737, 738, 739, 740, 741, 742, 743, 744, 745, 746, 747, 748, 749, 750, 751, 752, 753, 754, 755, 756, 757, 758, 759, 760, 761, 762, 763, 764, 765, 766, 767, 768, 769, 770, 771, 772, 773, 774, 775, 776, 777, 778, 779, 780, 781, 782, 783, 784, 785, 786, 787, 788, 789, 790, 791, 792, 793]",False,[],"[103, 104, 105, 106, 107, 108, 109, 110, 111, 112, 113, 114, 115, 116, 117, 118, 119, 120, 121, 122, 123, 124, 125, 126, 127, 128, 129, 130, 131, 132, 133, 134, 135, 136, 137, 138, 139, 140, 141, 142, 143, 144, 145, 146, 147, 148, 149, 150, 151, 152, 153, 154, 155, 156, 157, 158, 159, 160, 161, 162, 163, 164, 165, 166, 167, 168, 169, 170, 171, 172, 173, 174, 175, 176, 177, 178, 179, 180, 181, 182, 183, 184, 185, 186, 187, 188, 189, 190, 191, 192, 193, 194, 195, 196, 197, 198, 199, 200, 201, 202, 203, 204, 205, 206, 207, 208, 209, 210, 211, 212, 213, 214, 215, 216, 217, 218, 219, 220, 221, 222, 223, 224, 225, 226, 227, 228, 229, 230, 231, 232, 233, 234, 235, 236, 237, 238, 239, 240, 241, 242, 243, 244, 245, 246, 247, 248, 249, 250, 251, 252, 253, 254, 255, 256, 257, 258, 259, 260, 261, 262, 263, 264, 265, 266, 267, 268, 269, 270, 271, 272, 273, 274, 275, 276, 277, 278, 279, 280, 281, 282, 283, 284, 285, 286, 287, 288, 289, 290, 291, 292, 293, 294, 295, 296, 297, 298, 299, 300, 301, 302, 303, 304, 305, 306, 307, 308, 309, 310, 311, 312, 313, 314, 315, 316, 317, 318, 319, 320, 321, 322, 323, 324, 325, 326, 327, 328, 329, 330, 331, 332, 333, 334, 335, 336, 337, 574, 575, 576, 577, 578, 579, 580, 581, 582, 583, 584, 585, 586, 587, 588, 589, 590, 591, 592, 593, 594, 595, 596, 597, 598, 599, 600, 601, 602, 603, 604, 605, 606, 607, 608, 609, 610, 611, 612, 613, 614, 615, 616, 617, 618, 619, 620, 621, 622, 623, 624, 625, 626, 627, 628, 629, 630, 631, 632, 633, 634, 635, 636, 637, 638, 639, 640, 641, 642, 643, 644, 645, 646, 647, 648, 649, 650, 651, 652, 653, 654, 655, 656, 657, 658, 659, 660, 661, 662, 663, 664, 665, 666, 667, 668, 669, 670, 671, 672, 673, 674, 675, 676, 677, 678, 679, 680, 681, 682, 683, 684, 685, 686, 687, 688, 689, 690, 691, 692, 693, 694, 695, 696, 697, 698, 699, 700, 701, 702, 703, 704, 705, 706, 707, 708, 709, 710, 711, 712, 713, 714, 715, 716, 717, 718, 719, 720, 721, 722, 723, 724, 725, 726, 727, 728, 729, 730, 731, 732, 733, 734, 735, 736, 737, 738, 739, 740, 741, 742, 743, 744, 745, 746, 747, 748, 749, 750, 751, 752, 753, 754, 755, 756, 757, 758, 759, 760, 761, 762, 763, 764, 765, 766, 767, 768, 769, 770, 771, 772, 773, 774, 775, 776, 777, 778, 779, 780, 781, 782, 783, 784, 785, 786, 787, 788, 789, 790, 791, 792, 793]",[],[],"[13, 103, 104, 106, 117, 118, 120, 127, 128, 129, 131, 133, 135, 136, 137, 139, 146, 147, 148, 149, 151, 158, 160, 162, 166, 173, 178, 179, 185, 190, 192, 198, 201, 203, 204, 206, 207, 212, 213, 214, 219, 223, 224, 225, 227, 230, 235, 237, 246, 247, 256, 259, 262, 263, 266, 268, 269, 271, 272, 278, 279, 284, 285, 288, 290, 292, 304, 312, 316, 319, 320, 323, 324, 332, 498, 574, 575, 588, 591, 607, 608, 610, 618, 619, 620, 622, 632, 644, 649, 650, 656, 661, 663, 669, 674, 677, 683, 684, 687, 688, 689, 691, 701, 710, 723, 730, 731, 738, 747, 751, 762, 774, 778, 789]",[],[],7/6 successful match,False,[59],True,716,True,2007,0.0,True,Royal Service,
"Calexico , 92231 USA Gasoline # 870",760-357-9391 CA 7 ( S of CA 98 -4 mi E of town ),24 HRS M,Calexico,92231,USA Gasoline # 870,760-357-9391,2008,Calexico,CA,,( S of CA 98 -4 mi E of town ),CA 7,empty,,False,,False,CA 7,,,,,[],[],[],[],"[103, 104, 105, 106, 107, 108, 109, 110, 111, 112, 113, 114, 115, 116, 117, 118, 119, 120, 121, 122, 123, 124, 125, 126, 127, 128, 129, 130, 131, 132, 133, 134, 135, 136, 137, 138, 139, 140, 141, 142, 143, 144, 145, 146, 147, 148, 149, 150, 151, 152, 153, 154, 155, 156, 157, 158, 159, 160, 161, 162, 163, 164, 165, 166, 167, 168, 169, 170, 171, 172, 173, 174, 175, 176, 177, 178, 179, 180, 181, 182, 183, 184, 185, 186, 187, 188, 189, 190, 191, 192, 193, 194, 195, 196, 197, 198, 199, 200, 201, 202, 203, 204, 205, 206, 207, 208, 209, 210, 211, 212, 213, 214, 215, 216, 217, 218, 219, 220, 221, 222, 223, 224, 225, 226, 227, 228, 229, 230, 231, 232, 233, 234, 235, 236, 237, 238, 239, 240, 241, 242, 243, 244, 245, 246, 247, 248, 249, 250, 251, 252, 253, 254, 255, 256, 257, 258, 259, 260, 261, 262, 263, 264, 265, 266, 267, 268, 269, 270, 271, 272, 273, 274, 275, 276, 277, 278, 279, 280, 281, 282, 283, 284, 285, 286, 287, 288, 289, 290, 291, 292, 293, 294, 295, 296, 297, 298, 299, 300, 301, 302, 303, 304, 305, 306, 307, 308, 309, 310, 311, 312, 313, 314, 315, 316, 317, 318, 319, 320, 321, 322, 323, 324, 325, 326, 327, 328, 329, 330, 331, 332, 333, 334, 335, 336, 337, 574, 575, 576, 577, 578, 579, 580, 581, 582, 583, 584, 585, 586, 587, 588, 589, 590, 591, 592, 593, 594, 595, 596, 597, 598, 599, 600, 601, 602, 603, 604, 605, 606, 607, 608, 609, 610, 611, 612, 613, 614, 615, 616, 617, 618, 619, 620, 621, 622, 623, 624, 625, 626, 627, 628, 629, 630, 631, 632, 633, 634, 635, 636, 637, 638, 639, 640, 641, 642, 643, 644, 645, 646, 647, 648, 649, 650, 651, 652, 653, 654, 655, 656, 657, 658, 659, 660, 661, 662, 663, 664, 665, 666, 667, 668, 669, 670, 671, 672, 673, 674, 675, 676, 677, 678, 679, 680, 681, 682, 683, 684, 685, 686, 687, 688, 689, 690, 691, 692, 693, 694, 695, 696, 697, 698, 699, 700, 701, 702, 703, 704, 705, 706, 707, 708, 709, 710, 711, 712, 713, 714, 715, 716, 717, 718, 719, 720, 721, 722, 723, 724, 725, 726, 727, 728, 729, 730, 731, 732, 733, 734, 735, 736, 737, 738, 739, 740, 741, 742, 743, 744, 745, 746, 747, 748, 749, 750, 751, 752, 753, 754, 755, 756, 757, 758, 759, 760, 761, 762, 763, 764, 765, 766, 767, 768, 769, 770, 771, 772, 773, 774, 775, 776, 777, 778, 779, 780, 781, 782, 783, 784, 785, 786, 787, 788, 789, 790, 791, 792, 793]","[13, 103, 104, 106, 117, 118, 120, 127, 128, 129, 131, 133, 135, 136, 137, 139, 146, 147, 148, 149, 151, 158, 160, 162, 166, 173, 178, 179, 185, 190, 192, 198, 201, 203, 204, 206, 207, 212, 213, 214, 219, 223, 224, 225, 227, 230, 235, 237, 246, 247, 256, 259, 262, 263, 266, 268, 269, 271, 272, 278, 279, 284, 285, 288, 290, 292, 304, 312, 316, 319, 320, 323, 324, 332, 498, 574, 575, 588, 591, 607, 608, 610, 618, 619, 620, 622, 632, 644, 649, 650, 656, 661, 663, 669, 674, 677, 683, 684, 687, 688, 689, 691, 701, 710, 723, 730, 731, 738, 747, 751, 762, 774, 778, 789]",[],[],"[13, 103, 104, 105, 106, 107, 108, 109, 110, 111, 112, 113, 114, 115, 116, 117, 118, 119, 120, 121, 122, 123, 124, 125, 126, 127, 128, 129, 130, 131, 132, 133, 134, 135, 136, 137, 138, 139, 140, 141, 142, 143, 144, 145, 146, 147, 148, 149, 150, 151, 152, 153, 154, 155, 156, 157, 158, 159, 160, 161, 162, 163, 164, 165, 166, 167, 168, 169, 170, 171, 172, 173, 174, 175, 176, 177, 178, 179, 180, 181, 182, 183, 184, 185, 186, 187, 188, 189, 190, 191, 192, 193, 194, 195, 196, 197, 198, 199, 200, 201, 202, 203, 204, 205, 206, 207, 208, 209, 210, 211, 212, 213, 214, 215, 216, 217, 218, 219, 220, 221, 222, 223, 224, 225, 226, 227, 228, 229, 230, 231, 232, 233, 234, 235, 236, 237, 238, 239, 240, 241, 242, 243, 244, 245, 246, 247, 248, 249, 250, 251, 252, 253, 254, 255, 256, 257, 258, 259, 260, 261, 262, 263, 264, 265, 266, 267, 268, 269, 270, 271, 272, 273, 274, 275, 276, 277, 278, 279, 280, 281, 282, 283, 284, 285, 286, 287, 288, 289, 290, 291, 292, 293, 294, 295, 296, 297, 298, 299, 300, 301, 302, 303, 304, 305, 306, 307, 308, 309, 310, 311, 312, 313, 314, 315, 316, 317, 318, 319, 320, 321, 322, 323, 324, 325, 326, 327, 328, 329, 330, 331, 332, 333, 334, 335, 336, 337, 498, 574, 575, 576, 577, 578, 579, 580, 581, 582, 583, 584, 585, 586, 587, 588, 589, 590, 591, 592, 593, 594, 595, 596, 597, 598, 599, 600, 601, 602, 603, 604, 605, 606, 607, 608, 609, 610, 611, 612, 613, 614, 615, 616, 617, 618, 619, 620, 621, 622, 623, 624, 625, 626, 627, 628, 629, 630, 631, 632, 633, 634, 635, 636, 637, 638, 639, 640, 641, 642, 643, 644, 645, 646, 647, 648, 649, 650, 651, 652, 653, 654, 655, 656, 657, 658, 659, 660, 661, 662, 663, 664, 665, 666, 667, 668, 669, 670, 671, 672, 673, 674, 675, 676, 677, 678, 679, 680, 681, 682, 683, 684, 685, 686, 687, 688, 689, 690, 691, 692, 693, 694, 695, 696, 697, 698, 699, 700, 701, 702, 703, 704, 705, 706, 707, 708, 709, 710, 711, 712, 713, 714, 715, 716, 717, 718, 719, 720, 721, 722, 723, 724, 725, 726, 727, 728, 729, 730, 731, 732, 733, 734, 735, 736, 737, 738, 739, 740, 741, 742, 743, 744, 745, 746, 747, 748, 749, 750, 751, 752, 753, 754, 755, 756, 757, 758, 759, 760, 761, 762, 763, 764, 765, 766, 767, 768, 769, 770, 771, 772, 773, 774, 775, 776, 777, 778, 779, 780, 781, 782, 783, 784, 785, 786, 787, 788, 789, 790, 791, 792, 793]",False,[],"[103, 104, 105, 106, 107, 108, 109, 110, 111, 112, 113, 114, 115, 116, 117, 118, 119, 120, 121, 122, 123, 124, 125, 126, 127, 128, 129, 130, 131, 132, 133, 134, 135, 136, 137, 138, 139, 140, 141, 142, 143, 144, 145, 146, 147, 148, 149, 150, 151, 152, 153, 154, 155, 156, 157, 158, 159, 160, 161, 162, 163, 164, 165, 166, 167, 168, 169, 170, 171, 172, 173, 174, 175, 176, 177, 178, 179, 180, 181, 182, 183, 184, 185, 186, 187, 188, 189, 190, 191, 192, 193, 194, 195, 196, 197, 198, 199, 200, 201, 202, 203, 204, 205, 206, 207, 208, 209, 210, 211, 212, 213, 214, 215, 216, 217, 218, 219, 220, 221, 222, 223, 224, 225, 226, 227, 228, 229, 230, 231, 232, 233, 234, 235, 236, 237, 238, 239, 240, 241, 242, 243, 244, 245, 246, 247, 248, 249, 250, 251, 252, 253, 254, 255, 256, 257, 258, 259, 260, 261, 262, 263, 264, 265, 266, 267, 268, 269, 270, 271, 272, 273, 274, 275, 276, 277, 278, 279, 280, 281, 282, 283, 284, 285, 286, 287, 288, 289, 290, 291, 292, 293, 294, 295, 296, 297, 298, 299, 300, 301, 302, 303, 304, 305, 306, 307, 308, 309, 310, 311, 312, 313, 314, 315, 316, 317, 318, 319, 320, 321, 322, 323, 324, 325, 326, 327, 328, 329, 330, 331, 332, 333, 334, 335, 336, 337, 574, 575, 576, 577, 578, 579, 580, 581, 582, 583, 584, 585, 586, 587, 588, 589, 590, 591, 592, 593, 594, 595, 596, 597, 598, 599, 600, 601, 602, 603, 604, 605, 606, 607, 608, 609, 610, 611, 612, 613, 614, 615, 616, 617, 618, 619, 620, 621, 622, 623, 624, 625, 626, 627, 628, 629, 630, 631, 632, 633, 634, 635, 636, 637, 638, 639, 640, 641, 642, 643, 644, 645, 646, 647, 648, 649, 650, 651, 652, 653, 654, 655, 656, 657, 658, 659, 660, 661, 662, 663, 664, 665, 666, 667, 668, 669, 670, 671, 672, 673, 674, 675, 676, 677, 678, 679, 680, 681, 682, 683, 684, 685, 686, 687, 688, 689, 690, 691, 692, 693, 694, 695, 696, 697, 698, 699, 700, 701, 702, 703, 704, 705, 706, 707, 708, 709, 710, 711, 712, 713, 714, 715, 716, 717, 718, 719, 720, 721, 722, 723, 724, 725, 726, 727, 728, 729, 730, 731, 732, 733, 734, 735, 736, 737, 738, 739, 740, 741, 742, 743, 744, 745, 746, 747, 748, 749, 750, 751, 752, 753, 754, 755, 756, 757, 758, 759, 760, 761, 762, 763, 764, 765, 766, 767, 768, 769, 770, 771, 772, 773, 774, 775, 776, 777, 778, 779, 780, 781, 782, 783, 784, 785, 786, 787, 788, 789, 790, 791, 792, 793]",[],[],"[13, 103, 104, 106, 117, 118, 120, 127, 128, 129, 131, 133, 135, 136, 137, 139, 146, 147, 148, 149, 151, 158, 160, 162, 166, 173, 178, 179, 185, 190, 192, 198, 201, 203, 204, 206, 207, 212, 213, 214, 219, 223, 224, 225, 227, 230, 235, 237, 246, 247, 256, 259, 262, 263, 266, 268, 269, 271, 272, 278, 279, 284, 285, 288, 290, 292, 304, 312, 316, 319, 320, 323, 324, 332, 498, 574, 575, 588, 591, 607, 608, 610, 618, 619, 620, 622, 632, 644, 649, 650, 656, 661, 663, 669, 674, 677, 683, 684, 687, 688, 689, 691, 701, 710, 723, 730, 731, 738, 747, 751, 762, 774, 778, 789]",[],[],7/6 successful match,False,[59],True,716,True,2008,0.0,True,,
Calexico ( 92231 ) USA Gasoline # 68114,760-357-9391 CA 98 & CA 7 S ( 4 mi E of town ),24 <U+25A1> <U+25A1> D,Calexico,92231,USA Gasoline # 68114,760-357-9391,2014,Calexico,CA,,( 4 mi E of town ),CA 98 & CA 7 S,empty,,False,,False,CA 98,CA 7,,,,[],[],[],[],"[103, 104, 105, 106, 107, 108, 109, 110, 111, 112, 113, 114, 115, 116, 117, 118, 119, 120, 121, 122, 123, 124, 125, 126, 127, 128, 129, 130, 131, 132, 133, 134, 135, 136, 137, 138, 139, 140, 141, 142, 143, 144, 145, 146, 147, 148, 149, 150, 151, 152, 153, 154, 155, 156, 157, 158, 159, 160, 161, 162, 163, 164, 165, 166, 167, 168, 169, 170, 171, 172, 173, 174, 175, 176, 177, 178, 179, 180, 181, 182, 183, 184, 185, 186, 187, 188, 189, 190, 191, 192, 193, 194, 195, 196, 197, 198, 199, 200, 201, 202, 203, 204, 205, 206, 207, 208, 209, 210, 211, 212, 213, 214, 215, 216, 217, 218, 219, 220, 221, 222, 223, 224, 225, 226, 227, 228, 229, 230, 231, 232, 233, 234, 235, 236, 237, 238, 239, 240, 241, 242, 243, 244, 245, 246, 247, 248, 249, 250, 251, 252, 253, 254, 255, 256, 257, 258, 259, 260, 261, 262, 263, 264, 265, 266, 267, 268, 269, 270, 271, 272, 273, 274, 275, 276, 277, 278, 279, 280, 281, 282, 283, 284, 285, 286, 287, 288, 289, 290, 291, 292, 293, 294, 295, 296, 297, 298, 299, 300, 301, 302, 303, 304, 305, 306, 307, 308, 309, 310, 311, 312, 313, 314, 315, 316, 317, 318, 319, 320, 321, 322, 323, 324, 325, 326, 327, 328, 329, 330, 331, 332, 333, 334, 335, 336, 337, 574, 575, 576, 577, 578, 579, 580, 581, 582, 583, 584, 585, 586, 587, 588, 589, 590, 591, 592, 593, 594, 595, 596, 597, 598, 599, 600, 601, 602, 603, 604, 605, 606, 607, 608, 609, 610, 611, 612, 613, 614, 615, 616, 617, 618, 619, 620, 621, 622, 623, 624, 625, 626, 627, 628, 629, 630, 631, 632, 633, 634, 635, 636, 637, 638, 639, 640, 641, 642, 643, 644, 645, 646, 647, 648, 649, 650, 651, 652, 653, 654, 655, 656, 657, 658, 659, 660, 661, 662, 663, 664, 665, 666, 667, 668, 669, 670, 671, 672, 673, 674, 675, 676, 677, 678, 679, 680, 681, 682, 683, 684, 685, 686, 687, 688, 689, 690, 691, 692, 693, 694, 695, 696, 697, 698, 699, 700, 701, 702, 703, 704, 705, 706, 707, 708, 709, 710, 711, 712, 713, 714, 715, 716, 717, 718, 719, 720, 721, 722, 723, 724, 725, 726, 727, 728, 729, 730, 731, 732, 733, 734, 735, 736, 737, 738, 739, 740, 741, 742, 743, 744, 745, 746, 747, 748, 749, 750, 751, 752, 753, 754, 755, 756, 757, 758, 759, 760, 761, 762, 763, 764, 765, 766, 767, 768, 769, 770, 771, 772, 773, 774, 775, 776, 777, 778, 779, 780, 781, 782, 783, 784, 785, 786, 787, 788, 789, 790, 791, 792, 793]","[13, 103, 104, 106, 117, 118, 120, 127, 128, 129, 131, 133, 135, 136, 137, 139, 146, 147, 148, 149, 151, 158, 160, 162, 166, 173, 178, 179, 185, 190, 192, 198, 201, 203, 204, 206, 207, 212, 213, 214, 219, 223, 224, 225, 227, 230, 235, 237, 246, 247, 256, 259, 262, 263, 266, 268, 269, 271, 272, 278, 279, 284, 285, 288, 290, 292, 304, 312, 316, 319, 320, 323, 324, 332, 498, 574, 575, 588, 591, 607, 608, 610, 618, 619, 620, 622, 632, 644, 649, 650, 656, 661, 663, 669, 674, 677, 683, 684, 687, 688, 689, 691, 701, 710, 723, 730, 731, 738, 747, 751, 762, 774, 778, 789]",[],[],"[13, 103, 104, 105, 106, 107, 108, 109, 110, 111, 112, 113, 114, 115, 116, 117, 118, 119, 120, 121, 122, 123, 124, 125, 126, 127, 128, 129, 130, 131, 132, 133, 134, 135, 136, 137, 138, 139, 140, 141, 142, 143, 144, 145, 146, 147, 148, 149, 150, 151, 152, 153, 154, 155, 156, 157, 158, 159, 160, 161, 162, 163, 164, 165, 166, 167, 168, 169, 170, 171, 172, 173, 174, 175, 176, 177, 178, 179, 180, 181, 182, 183, 184, 185, 186, 187, 188, 189, 190, 191, 192, 193, 194, 195, 196, 197, 198, 199, 200, 201, 202, 203, 204, 205, 206, 207, 208, 209, 210, 211, 212, 213, 214, 215, 216, 217, 218, 219, 220, 221, 222, 223, 224, 225, 226, 227, 228, 229, 230, 231, 232, 233, 234, 235, 236, 237, 238, 239, 240, 241, 242, 243, 244, 245, 246, 247, 248, 249, 250, 251, 252, 253, 254, 255, 256, 257, 258, 259, 260, 261, 262, 263, 264, 265, 266, 267, 268, 269, 270, 271, 272, 273, 274, 275, 276, 277, 278, 279, 280, 281, 282, 283, 284, 285, 286, 287, 288, 289, 290, 291, 292, 293, 294, 295, 296, 297, 298, 299, 300, 301, 302, 303, 304, 305, 306, 307, 308, 309, 310, 311, 312, 313, 314, 315, 316, 317, 318, 319, 320, 321, 322, 323, 324, 325, 326, 327, 328, 329, 330, 331, 332, 333, 334, 335, 336, 337, 498, 574, 575, 576, 577, 578, 579, 580, 581, 582, 583, 584, 585, 586, 587, 588, 589, 590, 591, 592, 593, 594, 595, 596, 597, 598, 599, 600, 601, 602, 603, 604, 605, 606, 607, 608, 609, 610, 611, 612, 613, 614, 615, 616, 617, 618, 619, 620, 621, 622, 623, 624, 625, 626, 627, 628, 629, 630, 631, 632, 633, 634, 635, 636, 637, 638, 639, 640, 641, 642, 643, 644, 645, 646, 647, 648, 649, 650, 651, 652, 653, 654, 655, 656, 657, 658, 659, 660, 661, 662, 663, 664, 665, 666, 667, 668, 669, 670, 671, 672, 673, 674, 675, 676, 677, 678, 679, 680, 681, 682, 683, 684, 685, 686, 687, 688, 689, 690, 691, 692, 693, 694, 695, 696, 697, 698, 699, 700, 701, 702, 703, 704, 705, 706, 707, 708, 709, 710, 711, 712, 713, 714, 715, 716, 717, 718, 719, 720, 721, 722, 723, 724, 725, 726, 727, 728, 729, 730, 731, 732, 733, 734, 735, 736, 737, 738, 739, 740, 741, 742, 743, 744, 745, 746, 747, 748, 749, 750, 751, 752, 753, 754, 755, 756, 757, 758, 759, 760, 761, 762, 763, 764, 765, 766, 767, 768, 769, 770, 771, 772, 773, 774, 775, 776, 777, 778, 779, 780, 781, 782, 783, 784, 785, 786, 787, 788, 789, 790, 791, 792, 793]",False,[],"[103, 104, 105, 106, 107, 108, 109, 110, 111, 112, 113, 114, 115, 116, 117, 118, 119, 120, 121, 122, 123, 124, 125, 126, 127, 128, 129, 130, 131, 132, 133, 134, 135, 136, 137, 138, 139, 140, 141, 142, 143, 144, 145, 146, 147, 148, 149, 150, 151, 152, 153, 154, 155, 156, 157, 158, 159, 160, 161, 162, 163, 164, 165, 166, 167, 168, 169, 170, 171, 172, 173, 174, 175, 176, 177, 178, 179, 180, 181, 182, 183, 184, 185, 186, 187, 188, 189, 190, 191, 192, 193, 194, 195, 196, 197, 198, 199, 200, 201, 202, 203, 204, 205, 206, 207, 208, 209, 210, 211, 212, 213, 214, 215, 216, 217, 218, 219, 220, 221, 222, 223, 224, 225, 226, 227, 228, 229, 230, 231, 232, 233, 234, 235, 236, 237, 238, 239, 240, 241, 242, 243, 244, 245, 246, 247, 248, 249, 250, 251, 252, 253, 254, 255, 256, 257, 258, 259, 260, 261, 262, 263, 264, 265, 266, 267, 268, 269, 270, 271, 272, 273, 274, 275, 276, 277, 278, 279, 280, 281, 282, 283, 284, 285, 286, 287, 288, 289, 290, 291, 292, 293, 294, 295, 296, 297, 298, 299, 300, 301, 302, 303, 304, 305, 306, 307, 308, 309, 310, 311, 312, 313, 314, 315, 316, 317, 318, 319, 320, 321, 322, 323, 324, 325, 326, 327, 328, 329, 330, 331, 332, 333, 334, 335, 336, 337, 574, 575, 576, 577, 578, 579, 580, 581, 582, 583, 584, 585, 586, 587, 588, 589, 590, 591, 592, 593, 594, 595, 596, 597, 598, 599, 600, 601, 602, 603, 604, 605, 606, 607, 608, 609, 610, 611, 612, 613, 614, 615, 616, 617, 618, 619, 620, 621, 622, 623, 624, 625, 626, 627, 628, 629, 630, 631, 632, 633, 634, 635, 636, 637, 638, 639, 640, 641, 642, 643, 644, 645, 646, 647, 648, 649, 650, 651, 652, 653, 654, 655, 656, 657, 658, 659, 660, 661, 662, 663, 664, 665, 666, 667, 668, 669, 670, 671, 672, 673, 674, 675, 676, 677, 678, 679, 680, 681, 682, 683, 684, 685, 686, 687, 688, 689, 690, 691, 692, 693, 694, 695, 696, 697, 698, 699, 700, 701, 702, 703, 704, 705, 706, 707, 708, 709, 710, 711, 712, 713, 714, 715, 716, 717, 718, 719, 720, 721, 722, 723, 724, 725, 726, 727, 728, 729, 730, 731, 732, 733, 734, 735, 736, 737, 738, 739, 740, 741, 742, 743, 744, 745, 746, 747, 748, 749, 750, 751, 752, 753, 754, 755, 756, 757, 758, 759, 760, 761, 762, 763, 764, 765, 766, 767, 768, 769, 770, 771, 772, 773, 774, 775, 776, 777, 778, 779, 780, 781, 782, 783, 784, 785, 786, 787, 788, 789, 790, 791, 792, 793]",[],[],"[13, 103, 104, 106, 117, 118, 120, 127, 128, 129, 131, 133, 135, 136, 137, 139, 146, 147, 148, 149, 151, 158, 160, 162, 166, 173, 178, 179, 185, 190, 192, 198, 201, 203, 204, 206, 207, 212, 213, 214, 219, 223, 224, 225, 227, 230, 235, 237, 246, 247, 256, 259, 262, 263, 266, 268, 269, 271, 272, 278, 279, 284, 285, 288, 290, 292, 304, 312, 316, 319, 320, 323, 324, 332, 498, 574, 575, 588, 591, 607, 608, 610, 618, 619, 620, 622, 632, 644, 649, 650, 656, 661, 663, 669, 674, 677, 683, 684, 687, 688, 689, 691, 701, 710, 723, 730, 731, 738, 747, 751, 762, 774, 778, 789]",[],[],7/6 successful match,False,[59],True,716,False,,0.9526315789473684,True,USA Gasoline # 870,
Calexico ( 92231 ) USA Gasoline # 68114 St ),760-357-9391 CA 98 & CA 7 S ( 4 mi E,24 R <U+2610>,Calexico,92231,USA Gasoline # 68114 St ),760-357-9391,2015,Calexico,CA,,( 4 mi E,CA 98 & CA 7 S,empty,,False,,False,CA 98,CA 7,,,,[],[],[],[],"[103, 104, 105, 106, 107, 108, 109, 110, 111, 112, 113, 114, 115, 116, 117, 118, 119, 120, 121, 122, 123, 124, 125, 126, 127, 128, 129, 130, 131, 132, 133, 134, 135, 136, 137, 138, 139, 140, 141, 142, 143, 144, 145, 146, 147, 148, 149, 150, 151, 152, 153, 154, 155, 156, 157, 158, 159, 160, 161, 162, 163, 164, 165, 166, 167, 168, 169, 170, 171, 172, 173, 174, 175, 176, 177, 178, 179, 180, 181, 182, 183, 184, 185, 186, 187, 188, 189, 190, 191, 192, 193, 194, 195, 196, 197, 198, 199, 200, 201, 202, 203, 204, 205, 206, 207, 208, 209, 210, 211, 212, 213, 214, 215, 216, 217, 218, 219, 220, 221, 222, 223, 224, 225, 226, 227, 228, 229, 230, 231, 232, 233, 234, 235, 236, 237, 238, 239, 240, 241, 242, 243, 244, 245, 246, 247, 248, 249, 250, 251, 252, 253, 254, 255, 256, 257, 258, 259, 260, 261, 262, 263, 264, 265, 266, 267, 268, 269, 270, 271, 272, 273, 274, 275, 276, 277, 278, 279, 280, 281, 282, 283, 284, 285, 286, 287, 288, 289, 290, 291, 292, 293, 294, 295, 296, 297, 298, 299, 300, 301, 302, 303, 304, 305, 306, 307, 308, 309, 310, 311, 312, 313, 314, 315, 316, 317, 318, 319, 320, 321, 322, 323, 324, 325, 326, 327, 328, 329, 330, 331, 332, 333, 334, 335, 336, 337, 574, 575, 576, 577, 578, 579, 580, 581, 582, 583, 584, 585, 586, 587, 588, 589, 590, 591, 592, 593, 594, 595, 596, 597, 598, 599, 600, 601, 602, 603, 604, 605, 606, 607, 608, 609, 610, 611, 612, 613, 614, 615, 616, 617, 618, 619, 620, 621, 622, 623, 624, 625, 626, 627, 628, 629, 630, 631, 632, 633, 634, 635, 636, 637, 638, 639, 640, 641, 642, 643, 644, 645, 646, 647, 648, 649, 650, 651, 652, 653, 654, 655, 656, 657, 658, 659, 660, 661, 662, 663, 664, 665, 666, 667, 668, 669, 670, 671, 672, 673, 674, 675, 676, 677, 678, 679, 680, 681, 682, 683, 684, 685, 686, 687, 688, 689, 690, 691, 692, 693, 694, 695, 696, 697, 698, 699, 700, 701, 702, 703, 704, 705, 706, 707, 708, 709, 710, 711, 712, 713, 714, 715, 716, 717, 718, 719, 720, 721, 722, 723, 724, 725, 726, 727, 728, 729, 730, 731, 732, 733, 734, 735, 736, 737, 738, 739, 740, 741, 742, 743, 744, 745, 746, 747, 748, 749, 750, 751, 752, 753, 754, 755, 756, 757, 758, 759, 760, 761, 762, 763, 764, 765, 766, 767, 768, 769, 770, 771, 772, 773, 774, 775, 776, 777, 778, 779, 780, 781, 782, 783, 784, 785, 786, 787, 788, 789, 790, 791, 792, 793]","[13, 103, 104, 106, 117, 118, 120, 127, 128, 129, 131, 133, 135, 136, 137, 139, 146, 147, 148, 149, 151, 158, 160, 162, 166, 173, 178, 179, 185, 190, 192, 198, 201, 203, 204, 206, 207, 212, 213, 214, 219, 223, 224, 225, 227, 230, 235, 237, 246, 247, 256, 259, 262, 263, 266, 268, 269, 271, 272, 278, 279, 284, 285, 288, 290, 292, 304, 312, 316, 319, 320, 323, 324, 332, 498, 574, 575, 588, 591, 607, 608, 610, 618, 619, 620, 622, 632, 644, 649, 650, 656, 661, 663, 669, 674, 677, 683, 684, 687, 688, 689, 691, 701, 710, 723, 730, 731, 738, 747, 751, 762, 774, 778, 789]",[],[],"[13, 103, 104, 105, 106, 107, 108, 109, 110, 111, 112, 113, 114, 115, 116, 117, 118, 119, 120, 121, 122, 123, 124, 125, 126, 127, 128, 129, 130, 131, 132, 133, 134, 135, 136, 137, 138, 139, 140, 141, 142, 143, 144, 145, 146, 147, 148, 149, 150, 151, 152, 153, 154, 155, 156, 157, 158, 159, 160, 161, 162, 163, 164, 165, 166, 167, 168, 169, 170, 171, 172, 173, 174, 175, 176, 177, 178, 179, 180, 181, 182, 183, 184, 185, 186, 187, 188, 189, 190, 191, 192, 193, 194, 195, 196, 197, 198, 199, 200, 201, 202, 203, 204, 205, 206, 207, 208, 209, 210, 211, 212, 213, 214, 215, 216, 217, 218, 219, 220, 221, 222, 223, 224, 225, 226, 227, 228, 229, 230, 231, 232, 233, 234, 235, 236, 237, 238, 239, 240, 241, 242, 243, 244, 245, 246, 247, 248, 249, 250, 251, 252, 253, 254, 255, 256, 257, 258, 259, 260, 261, 262, 263, 264, 265, 266, 267, 268, 269, 270, 271, 272, 273, 274, 275, 276, 277, 278, 279, 280, 281, 282, 283, 284, 285, 286, 287, 288, 289, 290, 291, 292, 293, 294, 295, 296, 297, 298, 299, 300, 301, 302, 303, 304, 305, 306, 307, 308, 309, 310, 311, 312, 313, 314, 315, 316, 317, 318, 319, 320, 321, 322, 323, 324, 325, 326, 327, 328, 329, 330, 331, 332, 333, 334, 335, 336, 337, 498, 574, 575, 576, 577, 578, 579, 580, 581, 582, 583, 584, 585, 586, 587, 588, 589, 590, 591, 592, 593, 594, 595, 596, 597, 598, 599, 600, 601, 602, 603, 604, 605, 606, 607, 608, 609, 610, 611, 612, 613, 614, 615, 616, 617, 618, 619, 620, 621, 622, 623, 624, 625, 626, 627, 628, 629, 630, 631, 632, 633, 634, 635, 636, 637, 638, 639, 640, 641, 642, 643, 644, 645, 646, 647, 648, 649, 650, 651, 652, 653, 654, 655, 656, 657, 658, 659, 660, 661, 662, 663, 664, 665, 666, 667, 668, 669, 670, 671, 672, 673, 674, 675, 676, 677, 678, 679, 680, 681, 682, 683, 684, 685, 686, 687, 688, 689, 690, 691, 692, 693, 694, 695, 696, 697, 698, 699, 700, 701, 702, 703, 704, 705, 706, 707, 708, 709, 710, 711, 712, 713, 714, 715, 716, 717, 718, 719, 720, 721, 722, 723, 724, 725, 726, 727, 728, 729, 730, 731, 732, 733, 734, 735, 736, 737, 738, 739, 740, 741, 742, 743, 744, 745, 746, 747, 748, 749, 750, 751, 752, 753, 754, 755, 756, 757, 758, 759, 760, 761, 762, 763, 764, 765, 766, 767, 768, 769, 770, 771, 772, 773, 774, 775, 776, 777, 778, 779, 780, 781, 782, 783, 784, 785, 786, 787, 788, 789, 790, 791, 792, 793]",False,[],"[103, 104, 105, 106, 107, 108, 109, 110, 111, 112, 113, 114, 115, 116, 117, 118, 119, 120, 121, 122, 123, 124, 125, 126, 127, 128, 129, 130, 131, 132, 133, 134, 135, 136, 137, 138, 139, 140, 141, 142, 143, 144, 145, 146, 147, 148, 149, 150, 151, 152, 153, 154, 155, 156, 157, 158, 159, 160, 161, 162, 163, 164, 165, 166, 167, 168, 169, 170, 171, 172, 173, 174, 175, 176, 177, 178, 179, 180, 181, 182, 183, 184, 185, 186, 187, 188, 189, 190, 191, 192, 193, 194, 195, 196, 197, 198, 199, 200, 201, 202, 203, 204, 205, 206, 207, 208, 209, 210, 211, 212, 213, 214, 215, 216, 217, 218, 219, 220, 221, 222, 223, 224, 225, 226, 227, 228, 229, 230, 231, 232, 233, 234, 235, 236, 237, 238, 239, 240, 241, 242, 243, 244, 245, 246, 247, 248, 249, 250, 251, 252, 253, 254, 255, 256, 257, 258, 259, 260, 261, 262, 263, 264, 265, 266, 267, 268, 269, 270, 271, 272, 273, 274, 275, 276, 277, 278, 279, 280, 281, 282, 283, 284, 285, 286, 287, 288, 289, 290, 291, 292, 293, 294, 295, 296, 297, 298, 299, 300, 301, 302, 303, 304, 305, 306, 307, 308, 309, 310, 311, 312, 313, 314, 315, 316, 317, 318, 319, 320, 321, 322, 323, 324, 325, 326, 327, 328, 329, 330, 331, 332, 333, 334, 335, 336, 337, 574, 575, 576, 577, 578, 579, 580, 581, 582, 583, 584, 585, 586, 587, 588, 589, 590, 591, 592, 593, 594, 595, 596, 597, 598, 599, 600, 601, 602, 603, 604, 605, 606, 607, 608, 609, 610, 611, 612, 613, 614, 615, 616, 617, 618, 619, 620, 621, 622, 623, 624, 625, 626, 627, 628, 629, 630, 631, 632, 633, 634, 635, 636, 637, 638, 639, 640, 641, 642, 643, 644, 645, 646, 647, 648, 649, 650, 651, 652, 653, 654, 655, 656, 657, 658, 659, 660, 661, 662, 663, 664, 665, 666, 667, 668, 669, 670, 671, 672, 673, 674, 675, 676, 677, 678, 679, 680, 681, 682, 683, 684, 685, 686, 687, 688, 689, 690, 691, 692, 693, 694, 695, 696, 697, 698, 699, 700, 701, 702, 703, 704, 705, 706, 707, 708, 709, 710, 711, 712, 713, 714, 715, 716, 717, 718, 719, 720, 721, 722, 723, 724, 725, 726, 727, 728, 729, 730, 731, 732, 733, 734, 735, 736, 737, 738, 739, 740, 741, 742, 743, 744, 745, 746, 747, 748, 749, 750, 751, 752, 753, 754, 755, 756, 757, 758, 759, 760, 761, 762, 763, 764, 765, 766, 767, 768, 769, 770, 771, 772, 773, 774, 775, 776, 777, 778, 779, 780, 781, 782, 783, 784, 785, 786, 787, 788, 789, 790, 791, 792, 793]",[],[],"[13, 103, 104, 106, 117, 118, 120, 127, 128, 129, 131, 133, 135, 136, 137, 139, 146, 147, 148, 149, 151, 158, 160, 162, 166, 173, 178, 179, 185, 190, 192, 198, 201, 203, 204, 206, 207, 212, 213, 214, 219, 223, 224, 225, 227, 230, 235, 237, 246, 247, 256, 259, 262, 263, 266, 268, 269, 271, 272, 278, 279, 284, 285, 288, 290, 292, 304, 312, 316, 319, 320, 323, 324, 332, 498, 574, 575, 588, 591, 607, 608, 610, 618, 619, 620, 622, 632, 644, 649, 650, 656, 661, 663, 669, 674, 677, 683, 684, 687, 688, 689, 691, 701, 710, 723, 730, 731, 738, 747, 751, 762, 774, 778, 789]",[],[],7/6 successful match,False,[59],True,716,False,,1.0,True,USA Gasoline # 68114,
Calexico ( 92231 ) USA Gasoline # 68114,7 760-357-9391 CA 98 & CA 7 S ( 4 mi E of town ),24 R <U+25A1> <U+25A1> <U+2610> <U+25A1>,Calexico,92231,USA Gasoline # 68114,760-357-9391,2016,Calexico,CA,,( 4 mi E of town ),CA 98 & CA 7 S,empty,,False,,False,CA 98,CA 7,,,,[],[],[],[],"[103, 104, 105, 106, 107, 108, 109, 110, 111, 112, 113, 114, 115, 116, 117, 118, 119, 120, 121, 122, 123, 124, 125, 126, 127, 128, 129, 130, 131, 132, 133, 134, 135, 136, 137, 138, 139, 140, 141, 142, 143, 144, 145, 146, 147, 148, 149, 150, 151, 152, 153, 154, 155, 156, 157, 158, 159, 160, 161, 162, 163, 164, 165, 166, 167, 168, 169, 170, 171, 172, 173, 174, 175, 176, 177, 178, 179, 180, 181, 182, 183, 184, 185, 186, 187, 188, 189, 190, 191, 192, 193, 194, 195, 196, 197, 198, 199, 200, 201, 202, 203, 204, 205, 206, 207, 208, 209, 210, 211, 212, 213, 214, 215, 216, 217, 218, 219, 220, 221, 222, 223, 224, 225, 226, 227, 228, 229, 230, 231, 232, 233, 234, 235, 236, 237, 238, 239, 240, 241, 242, 243, 244, 245, 246, 247, 248, 249, 250, 251, 252, 253, 254, 255, 256, 257, 258, 259, 260, 261, 262, 263, 264, 265, 266, 267, 268, 269, 270, 271, 272, 273, 274, 275, 276, 277, 278, 279, 280, 281, 282, 283, 284, 285, 286, 287, 288, 289, 290, 291, 292, 293, 294, 295, 296, 297, 298, 299, 300, 301, 302, 303, 304, 305, 306, 307, 308, 309, 310, 311, 312, 313, 314, 315, 316, 317, 318, 319, 320, 321, 322, 323, 324, 325, 326, 327, 328, 329, 330, 331, 332, 333, 334, 335, 336, 337, 574, 575, 576, 577, 578, 579, 580, 581, 582, 583, 584, 585, 586, 587, 588, 589, 590, 591, 592, 593, 594, 595, 596, 597, 598, 599, 600, 601, 602, 603, 604, 605, 606, 607, 608, 609, 610, 611, 612, 613, 614, 615, 616, 617, 618, 619, 620, 621, 622, 623, 624, 625, 626, 627, 628, 629, 630, 631, 632, 633, 634, 635, 636, 637, 638, 639, 640, 641, 642, 643, 644, 645, 646, 647, 648, 649, 650, 651, 652, 653, 654, 655, 656, 657, 658, 659, 660, 661, 662, 663, 664, 665, 666, 667, 668, 669, 670, 671, 672, 673, 674, 675, 676, 677, 678, 679, 680, 681, 682, 683, 684, 685, 686, 687, 688, 689, 690, 691, 692, 693, 694, 695, 696, 697, 698, 699, 700, 701, 702, 703, 704, 705, 706, 707, 708, 709, 710, 711, 712, 713, 714, 715, 716, 717, 718, 719, 720, 721, 722, 723, 724, 725, 726, 727, 728, 729, 730, 731, 732, 733, 734, 735, 736, 737, 738, 739, 740, 741, 742, 743, 744, 745, 746, 747, 748, 749, 750, 751, 752, 753, 754, 755, 756, 757, 758, 759, 760, 761, 762, 763, 764, 765, 766, 767, 768, 769, 770, 771, 772, 773, 774, 775, 776, 777, 778, 779, 780, 781, 782, 783, 784, 785, 786, 787, 788, 789, 790, 791, 792, 793]","[13, 103, 104, 106, 117, 118, 120, 127, 128, 129, 131, 133, 135, 136, 137, 139, 146, 147, 148, 149, 151, 158, 160, 162, 166, 173, 178, 179, 185, 190, 192, 198, 201, 203, 204, 206, 207, 212, 213, 214, 219, 223, 224, 225, 227, 230, 235, 237, 246, 247, 256, 259, 262, 263, 266, 268, 269, 271, 272, 278, 279, 284, 285, 288, 290, 292, 304, 312, 316, 319, 320, 323, 324, 332, 498, 574, 575, 588, 591, 607, 608, 610, 618, 619, 620, 622, 632, 644, 649, 650, 656, 661, 663, 669, 674, 677, 683, 684, 687, 688, 689, 691, 701, 710, 723, 730, 731, 738, 747, 751, 762, 774, 778, 789]",[],[],"[13, 103, 104, 105, 106, 107, 108, 109, 110, 111, 112, 113, 114, 115, 116, 117, 118, 119, 120, 121, 122, 123, 124, 125, 126, 127, 128, 129, 130, 131, 132, 133, 134, 135, 136, 137, 138, 139, 140, 141, 142, 143, 144, 145, 146, 147, 148, 149, 150, 151, 152, 153, 154, 155, 156, 157, 158, 159, 160, 161, 162, 163, 164, 165, 166, 167, 168, 169, 170, 171, 172, 173, 174, 175, 176, 177, 178, 179, 180, 181, 182, 183, 184, 185, 186, 187, 188, 189, 190, 191, 192, 193, 194, 195, 196, 197, 198, 199, 200, 201, 202, 203, 204, 205, 206, 207, 208, 209, 210, 211, 212, 213, 214, 215, 216, 217, 218, 219, 220, 221, 222, 223, 224, 225, 226, 227, 228, 229, 230, 231, 232, 233, 234, 235, 236, 237, 238, 239, 240, 241, 242, 243, 244, 245, 246, 247, 248, 249, 250, 251, 252, 253, 254, 255, 256, 257, 258, 259, 260, 261, 262, 263, 264, 265, 266, 267, 268, 269, 270, 271, 272, 273, 274, 275, 276, 277, 278, 279, 280, 281, 282, 283, 284, 285, 286, 287, 288, 289, 290, 291, 292, 293, 294, 295, 296, 297, 298, 299, 300, 301, 302, 303, 304, 305, 306, 307, 308, 309, 310, 311, 312, 313, 314, 315, 316, 317, 318, 319, 320, 321, 322, 323, 324, 325, 326, 327, 328, 329, 330, 331, 332, 333, 334, 335, 336, 337, 498, 574, 575, 576, 577, 578, 579, 580, 581, 582, 583, 584, 585, 586, 587, 588, 589, 590, 591, 592, 593, 594, 595, 596, 597, 598, 599, 600, 601, 602, 603, 604, 605, 606, 607, 608, 609, 610, 611, 612, 613, 614, 615, 616, 617, 618, 619, 620, 621, 622, 623, 624, 625, 626, 627, 628, 629, 630, 631, 632, 633, 634, 635, 636, 637, 638, 639, 640, 641, 642, 643, 644, 645, 646, 647, 648, 649, 650, 651, 652, 653, 654, 655, 656, 657, 658, 659, 660, 661, 662, 663, 664, 665, 666, 667, 668, 669, 670, 671, 672, 673, 674, 675, 676, 677, 678, 679, 680, 681, 682, 683, 684, 685, 686, 687, 688, 689, 690, 691, 692, 693, 694, 695, 696, 697, 698, 699, 700, 701, 702, 703, 704, 705, 706, 707, 708, 709, 710, 711, 712, 713, 714, 715, 716, 717, 718, 719, 720, 721, 722, 723, 724, 725, 726, 727, 728, 729, 730, 731, 732, 733, 734, 735, 736, 737, 738, 739, 740, 741, 742, 743, 744, 745, 746, 747, 748, 749, 750, 751, 752, 753, 754, 755, 756, 757, 758, 759, 760, 761, 762, 763, 764, 765, 766, 767, 768, 769, 770, 771, 772, 773, 774, 775, 776, 777, 778, 779, 780, 781, 782, 783, 784, 785, 786, 787, 788, 789, 790, 791, 792, 793]",False,[],"[103, 104, 105, 106, 107, 108, 109, 110, 111, 112, 113, 114, 115, 116, 117, 118, 119, 120, 121, 122, 123, 124, 125, 126, 127, 128, 129, 130, 131, 132, 133, 134, 135, 136, 137, 138, 139, 140, 141, 142, 143, 144, 145, 146, 147, 148, 149, 150, 151, 152, 153, 154, 155, 156, 157, 158, 159, 160, 161, 162, 163, 164, 165, 166, 167, 168, 169, 170, 171, 172, 173, 174, 175, 176, 177, 178, 179, 180, 181, 182, 183, 184, 185, 186, 187, 188, 189, 190, 191, 192, 193, 194, 195, 196, 197, 198, 199, 200, 201, 202, 203, 204, 205, 206, 207, 208, 209, 210, 211, 212, 213, 214, 215, 216, 217, 218, 219, 220, 221, 222, 223, 224, 225, 226, 227, 228, 229, 230, 231, 232, 233, 234, 235, 236, 237, 238, 239, 240, 241, 242, 243, 244, 245, 246, 247, 248, 249, 250, 251, 252, 253, 254, 255, 256, 257, 258, 259, 260, 261, 262, 263, 264, 265, 266, 267, 268, 269, 270, 271, 272, 273, 274, 275, 276, 277, 278, 279, 280, 281, 282, 283, 284, 285, 286, 287, 288, 289, 290, 291, 292, 293, 294, 295, 296, 297, 298, 299, 300, 301, 302, 303, 304, 305, 306, 307, 308, 309, 310, 311, 312, 313, 314, 315, 316, 317, 318, 319, 320, 321, 322, 323, 324, 325, 326, 327, 328, 329, 330, 331, 332, 333, 334, 335, 336, 337, 574, 575, 576, 577, 578, 579, 580, 581, 582, 583, 584, 585, 586, 587, 588, 589, 590, 591, 592, 593, 594, 595, 596, 597, 598, 599, 600, 601, 602, 603, 604, 605, 606, 607, 608, 609, 610, 611, 612, 613, 614, 615, 616, 617, 618, 619, 620, 621, 622, 623, 624, 625, 626, 627, 628, 629, 630, 631, 632, 633, 634, 635, 636, 637, 638, 639, 640, 641, 642, 643, 644, 645, 646, 647, 648, 649, 650, 651, 652, 653, 654, 655, 656, 657, 658, 659, 660, 661, 662, 663, 664, 665, 666, 667, 668, 669, 670, 671, 672, 673, 674, 675, 676, 677, 678, 679, 680, 681, 682, 683, 684, 685, 686, 687, 688, 689, 690, 691, 692, 693, 694, 695, 696, 697, 698, 699, 700, 701, 702, 703, 704, 705, 706, 707, 708, 709, 710, 711, 712, 713, 714, 715, 716, 717, 718, 719, 720, 721, 722, 723, 724, 725, 726, 727, 728, 729, 730, 731, 732, 733, 734, 735, 736, 737, 738, 739, 740, 741, 742, 743, 744, 745, 746, 747, 748, 749, 750, 751, 752, 753, 754, 755, 756, 757, 758, 759, 760, 761, 762, 763, 764, 765, 766, 767, 768, 769, 770, 771, 772, 773, 774, 775, 776, 777, 778, 779, 780, 781, 782, 783, 784, 785, 786, 787, 788, 789, 790, 791, 792, 793]",[],[],"[13, 103, 104, 106, 117, 118, 120, 127, 128, 129, 131, 133, 135, 136, 137, 139, 146, 147, 148, 149, 151, 158, 160, 162, 166, 173, 178, 179, 185, 190, 192, 198, 201, 203, 204, 206, 207, 212, 213, 214, 219, 223, 224, 225, 227, 230, 235, 237, 246, 247, 256, 259, 262, 263, 266, 268, 269, 271, 272, 278, 279, 284, 285, 288, 290, 292, 304, 312, 316, 319, 320, 323, 324, 332, 498, 574, 575, 588, 591, 607, 608, 610, 618, 619, 620, 622, 632, 644, 649, 650, 656, 661, 663, 669, 674, 677, 683, 684, 687, 688, 689, 691, 701, 710, 723, 730, 731, 738, 747, 751, 762, 774, 778, 789]",[],[],7/6 successful match,False,[59],True,716,False,,1.0,True,USA Gasoline # 68114 St ),
"EI Centro , 92243 7-11 Food Store ( Citgo )",6 760-352-4383 I-8 Exit 115 ( 4th Ave ),000,Centro,92243,7-11 Food Store ( Citgo ),760-352-4383,2006,El Centro,CA,Citgo,( 4th Ave ),I-8 Exit 115 ,Exit,115,False,,False,I-8,,,,,[],"[220, 299, 758]","[220, 299, 758]","[25, 39, 230, 284, 299, 449, 486, 520, 694, 743, 758, 897]","[103, 104, 105, 106, 107, 108, 109, 110, 111, 112, 113, 114, 115, 116, 117, 118, 119, 120, 121, 122, 123, 124, 125, 126, 127, 128, 129, 130, 131, 132, 133, 134, 135, 136, 137, 138, 139, 140, 141, 142, 143, 144, 145, 146, 147, 148, 149, 150, 151, 152, 153, 154, 155, 156, 157, 158, 159, 160, 161, 162, 163, 164, 165, 166, 167, 168, 169, 170, 171, 172, 173, 174, 175, 176, 177, 178, 179, 180, 181, 182, 183, 184, 185, 186, 187, 188, 189, 190, 191, 192, 193, 194, 195, 196, 197, 198, 199, 200, 201, 202, 203, 204, 205, 206, 207, 208, 209, 210, 211, 212, 213, 214, 215, 216, 217, 218, 219, 220, 221, 222, 223, 224, 225, 226, 227, 228, 229, 230, 231, 232, 233, 234, 235, 236, 237, 238, 239, 240, 241, 242, 243, 244, 245, 246, 247, 248, 249, 250, 251, 252, 253, 254, 255, 256, 257, 258, 259, 260, 261, 262, 263, 264, 265, 266, 267, 268, 269, 270, 271, 272, 273, 274, 275, 276, 277, 278, 279, 280, 281, 282, 283, 284, 285, 286, 287, 288, 289, 290, 291, 292, 293, 294, 295, 296, 297, 298, 299, 300, 301, 302, 303, 304, 305, 306, 307, 308, 309, 310, 311, 312, 313, 314, 315, 316, 317, 318, 319, 320, 321, 322, 323, 324, 325, 326, 327, 328, 329, 330, 331, 332, 333, 334, 335, 336, 337, 574, 575, 576, 577, 578, 579, 580, 581, 582, 583, 584, 585, 586, 587, 588, 589, 590, 591, 592, 593, 594, 595, 596, 597, 598, 599, 600, 601, 602, 603, 604, 605, 606, 607, 608, 609, 610, 611, 612, 613, 614, 615, 616, 617, 618, 619, 620, 621, 622, 623, 624, 625, 626, 627, 628, 629, 630, 631, 632, 633, 634, 635, 636, 637, 638, 639, 640, 641, 642, 643, 644, 645, 646, 647, 648, 649, 650, 651, 652, 653, 654, 655, 656, 657, 658, 659, 660, 661, 662, 663, 664, 665, 666, 667, 668, 669, 670, 671, 672, 673, 674, 675, 676, 677, 678, 679, 680, 681, 682, 683, 684, 685, 686, 687, 688, 689, 690, 691, 692, 693, 694, 695, 696, 697, 698, 699, 700, 701, 702, 703, 704, 705, 706, 707, 708, 709, 710, 711, 712, 713, 714, 715, 716, 717, 718, 719, 720, 721, 722, 723, 724, 725, 726, 727, 728, 729, 730, 731, 732, 733, 734, 735, 736, 737, 738, 739, 740, 741, 742, 743, 744, 745, 746, 747, 748, 749, 750, 751, 752, 753, 754, 755, 756, 757, 758, 759, 760, 761, 762, 763, 764, 765, 766, 767, 768, 769, 770, 771, 772, 773, 774, 775, 776, 777, 778, 779, 780, 781, 782, 783, 784, 785, 786, 787, 788, 789, 790, 791, 792, 793]","[17, 25, 39, 41, 50, 55, 57, 59, 69, 78, 119, 174, 188, 189, 220, 250, 299, 486, 502, 520, 522, 532, 534, 535, 544, 590, 645, 659, 660, 713, 758]",[],"[2, 195, 488, 666]","[2, 17, 25, 39, 41, 50, 55, 57, 59, 69, 78, 103, 104, 105, 106, 107, 108, 109, 110, 111, 112, 113, 114, 115, 116, 117, 118, 119, 120, 121, 122, 123, 124, 125, 126, 127, 128, 129, 130, 131, 132, 133, 134, 135, 136, 137, 138, 139, 140, 141, 142, 143, 144, 145, 146, 147, 148, 149, 150, 151, 152, 153, 154, 155, 156, 157, 158, 159, 160, 161, 162, 163, 164, 165, 166, 167, 168, 169, 170, 171, 172, 173, 174, 175, 176, 177, 178, 179, 180, 181, 182, 183, 184, 185, 186, 187, 188, 189, 190, 191, 192, 193, 194, 195, 196, 197, 198, 199, 200, 201, 202, 203, 204, 205, 206, 207, 208, 209, 210, 211, 212, 213, 214, 215, 216, 217, 218, 219, 220, 221, 222, 223, 224, 225, 226, 227, 228, 229, 230, 231, 232, 233, 234, 235, 236, 237, 238, 239, 240, 241, 242, 243, 244, 245, 246, 247, 248, 249, 250, 251, 252, 253, 254, 255, 256, 257, 258, 259, 260, 261, 262, 263, 264, 265, 266, 267, 268, 269, 270, 271, 272, 273, 274, 275, 276, 277, 278, 279, 280, 281, 282, 283, 284, 285, 286, 287, 288, 289, 290, 291, 292, 293, 294, 295, 296, 297, 298, 299, 300, 301, 302, 303, 304, 305, 306, 307, 308, 309, 310, 311, 312, 313, 314, 315, 316, 317, 318, 319, 320, 321, 322, 323, 324, 325, 326, 327, 328, 329, 330, 331, 332, 333, 334, 335, 336, 337, 449, 486, 488, 502, 520, 522, 532, 534, 535, 544, 574, 575, 576, 577, 578, 579, 580, 581, 582, 583, 584, 585, 586, 587, 588, 589, 590, 591, 592, 593, 594, 595, 596, 597, 598, 599, 600, 601, 602, 603, 604, 605, 606, 607, 608, 609, 610, 611, 612, 613, 614, 615, 616, 617, 618, 619, 620, 621, 622, 623, 624, 625, 626, 627, 628, 629, 630, 631, 632, 633, 634, 635, 636, 637, 638, 639, 640, 641, 642, 643, 644, 645, 646, 647, 648, 649, 650, 651, 652, 653, 654, 655, 656, 657, 658, 659, 660, 661, 662, 663, 664, 665, 666, 667, 668, 669, 670, 671, 672, 673, 674, 675, 676, 677, 678, 679, 680, 681, 682, 683, 684, 685, 686, 687, 688, 689, 690, 691, 692, 693, 694, 695, 696, 697, 698, 699, 700, 701, 702, 703, 704, 705, 706, 707, 708, 709, 710, 711, 712, 713, 714, 715, 716, 717, 718, 719, 720, 721, 722, 723, 724, 725, 726, 727, 728, 729, 730, 731, 732, 733, 734, 735, 736, 737, 738, 739, 740, 741, 742, 743, 744, 745, 746, 747, 748, 749, 750, 751, 752, 753, 754, 755, 756, 757, 758, 759, 760, 761, 762, 763, 764, 765, 766, 767, 768, 769, 770, 771, 772, 773, 774, 775, 776, 777, 778, 779, 780, 781, 782, 783, 784, 785, 786, 787, 788, 789, 790, 791, 792, 793, 897]",False,"[220, 299, 758]","[103, 104, 105, 106, 107, 108, 109, 110, 111, 112, 113, 114, 115, 116, 117, 118, 119, 120, 121, 122, 123, 124, 125, 126, 127, 128, 129, 130, 131, 132, 133, 134, 135, 136, 137, 138, 139, 140, 141, 142, 143, 144, 145, 146, 147, 148, 149, 150, 151, 152, 153, 154, 155, 156, 157, 158, 159, 160, 161, 162, 163, 164, 165, 166, 167, 168, 169, 170, 171, 172, 173, 174, 175, 176, 177, 178, 179, 180, 181, 182, 183, 184, 185, 186, 187, 188, 189, 190, 191, 192, 193, 194, 195, 196, 197, 198, 199, 200, 201, 202, 203, 204, 205, 206, 207, 208, 209, 210, 211, 212, 213, 214, 215, 216, 217, 218, 219, 220, 221, 222, 223, 224, 225, 226, 227, 228, 229, 230, 231, 232, 233, 234, 235, 236, 237, 238, 239, 240, 241, 242, 243, 244, 245, 246, 247, 248, 249, 250, 251, 252, 253, 254, 255, 256, 257, 258, 259, 260, 261, 262, 263, 264, 265, 266, 267, 268, 269, 270, 271, 272, 273, 274, 275, 276, 277, 278, 279, 280, 281, 282, 283, 284, 285, 286, 287, 288, 289, 290, 291, 292, 293, 294, 295, 296, 297, 298, 299, 300, 301, 302, 303, 304, 305, 306, 307, 308, 309, 310, 311, 312, 313, 314, 315, 316, 317, 318, 319, 320, 321, 322, 323, 324, 325, 326, 327, 328, 329, 330, 331, 332, 333, 334, 335, 336, 337, 574, 575, 576, 577, 578, 579, 580, 581, 582, 583, 584, 585, 586, 587, 588, 589, 590, 591, 592, 593, 594, 595, 596, 597, 598, 599, 600, 601, 602, 603, 604, 605, 606, 607, 608, 609, 610, 611, 612, 613, 614, 615, 616, 617, 618, 619, 620, 621, 622, 623, 624, 625, 626, 627, 628, 629, 630, 631, 632, 633, 634, 635, 636, 637, 638, 639, 640, 641, 642, 643, 644, 645, 646, 647, 648, 649, 650, 651, 652, 653, 654, 655, 656, 657, 658, 659, 660, 661, 662, 663, 664, 665, 666, 667, 668, 669, 670, 671, 672, 673, 674, 675, 676, 677, 678, 679, 680, 681, 682, 683, 684, 685, 686, 687, 688, 689, 690, 691, 692, 693, 694, 695, 696, 697, 698, 699, 700, 701, 702, 703, 704, 705, 706, 707, 708, 709, 710, 711, 712, 713, 714, 715, 716, 717, 718, 719, 720, 721, 722, 723, 724, 725, 726, 727, 728, 729, 730, 731, 732, 733, 734, 735, 736, 737, 738, 739, 740, 741, 742, 743, 744, 745, 746, 747, 748, 749, 750, 751, 752, 753, 754, 755, 756, 757, 758, 759, 760, 761, 762, 763, 764, 765, 766, 767, 768, 769, 770, 771, 772, 773, 774, 775, 776, 777, 778, 779, 780, 781, 782, 783, 784, 785, 786, 787, 788, 789, 790, 791, 792, 793]","[220, 299, 758]","[25, 39, 230, 284, 299, 449, 486, 520, 694, 743, 758, 897]","[17, 25, 39, 41, 50, 55, 57, 59, 69, 78, 119, 174, 188, 189, 220, 250, 299, 486, 502, 520, 522, 532, 534, 535, 544, 590, 645, 659, 660, 713, 758]","[2, 195, 488, 666]",[],5/6 successful match,False,[431],True,717,False,,,,,
"EI Centro , 92243 7-11 Food Store",6 760-352-4383 I-8 Exit 115 ( 4th Ave ),24 - 0,Centro,92243,7-11 Food Store,760-352-4383,2007,El Centro,CA,,( 4th Ave ),I-8 Exit 115 ,Exit,115,False,,False,I-8,,,,,[],"[220, 299, 758]","[220, 299, 758]","[25, 39, 230, 284, 299, 449, 486, 520, 694, 743, 758, 897]","[103, 104, 105, 106, 107, 108, 109, 110, 111, 112, 113, 114, 115, 116, 117, 118, 119, 120, 121, 122, 123, 124, 125, 126, 127, 128, 129, 130, 131, 132, 133, 134, 135, 136, 137, 138, 139, 140, 141, 142, 143, 144, 145, 146, 147, 148, 149, 150, 151, 152, 153, 154, 155, 156, 157, 158, 159, 160, 161, 162, 163, 164, 165, 166, 167, 168, 169, 170, 171, 172, 173, 174, 175, 176, 177, 178, 179, 180, 181, 182, 183, 184, 185, 186, 187, 188, 189, 190, 191, 192, 193, 194, 195, 196, 197, 198, 199, 200, 201, 202, 203, 204, 205, 206, 207, 208, 209, 210, 211, 212, 213, 214, 215, 216, 217, 218, 219, 220, 221, 222, 223, 224, 225, 226, 227, 228, 229, 230, 231, 232, 233, 234, 235, 236, 237, 238, 239, 240, 241, 242, 243, 244, 245, 246, 247, 248, 249, 250, 251, 252, 253, 254, 255, 256, 257, 258, 259, 260, 261, 262, 263, 264, 265, 266, 267, 268, 269, 270, 271, 272, 273, 274, 275, 276, 277, 278, 279, 280, 281, 282, 283, 284, 285, 286, 287, 288, 289, 290, 291, 292, 293, 294, 295, 296, 297, 298, 299, 300, 301, 302, 303, 304, 305, 306, 307, 308, 309, 310, 311, 312, 313, 314, 315, 316, 317, 318, 319, 320, 321, 322, 323, 324, 325, 326, 327, 328, 329, 330, 331, 332, 333, 334, 335, 336, 337, 574, 575, 576, 577, 578, 579, 580, 581, 582, 583, 584, 585, 586, 587, 588, 589, 590, 591, 592, 593, 594, 595, 596, 597, 598, 599, 600, 601, 602, 603, 604, 605, 606, 607, 608, 609, 610, 611, 612, 613, 614, 615, 616, 617, 618, 619, 620, 621, 622, 623, 624, 625, 626, 627, 628, 629, 630, 631, 632, 633, 634, 635, 636, 637, 638, 639, 640, 641, 642, 643, 644, 645, 646, 647, 648, 649, 650, 651, 652, 653, 654, 655, 656, 657, 658, 659, 660, 661, 662, 663, 664, 665, 666, 667, 668, 669, 670, 671, 672, 673, 674, 675, 676, 677, 678, 679, 680, 681, 682, 683, 684, 685, 686, 687, 688, 689, 690, 691, 692, 693, 694, 695, 696, 697, 698, 699, 700, 701, 702, 703, 704, 705, 706, 707, 708, 709, 710, 711, 712, 713, 714, 715, 716, 717, 718, 719, 720, 721, 722, 723, 724, 725, 726, 727, 728, 729, 730, 731, 732, 733, 734, 735, 736, 737, 738, 739, 740, 741, 742, 743, 744, 745, 746, 747, 748, 749, 750, 751, 752, 753, 754, 755, 756, 757, 758, 759, 760, 761, 762, 763, 764, 765, 766, 767, 768, 769, 770, 771, 772, 773, 774, 775, 776, 777, 778, 779, 780, 781, 782, 783, 784, 785, 786, 787, 788, 789, 790, 791, 792, 793]","[17, 25, 39, 41, 50, 55, 57, 59, 69, 78, 119, 174, 188, 189, 220, 250, 299, 486, 502, 520, 522, 532, 534, 535, 544, 590, 645, 659, 660, 713, 758]",[],"[2, 195, 488, 666]","[2, 17, 25, 39, 41, 50, 55, 57, 59, 69, 78, 103, 104, 105, 106, 107, 108, 109, 110, 111, 112, 113, 114, 115, 116, 117, 118, 119, 120, 121, 122, 123, 124, 125, 126, 127, 128, 129, 130, 131, 132, 133, 134, 135, 136, 137, 138, 139, 140, 141, 142, 143, 144, 145, 146, 147, 148, 149, 150, 151, 152, 153, 154, 155, 156, 157, 158, 159, 160, 161, 162, 163, 164, 165, 166, 167, 168, 169, 170, 171, 172, 173, 174, 175, 176, 177, 178, 179, 180, 181, 182, 183, 184, 185, 186, 187, 188, 189, 190, 191, 192, 193, 194, 195, 196, 197, 198, 199, 200, 201, 202, 203, 204, 205, 206, 207, 208, 209, 210, 211, 212, 213, 214, 215, 216, 217, 218, 219, 220, 221, 222, 223, 224, 225, 226, 227, 228, 229, 230, 231, 232, 233, 234, 235, 236, 237, 238, 239, 240, 241, 242, 243, 244, 245, 246, 247, 248, 249, 250, 251, 252, 253, 254, 255, 256, 257, 258, 259, 260, 261, 262, 263, 264, 265, 266, 267, 268, 269, 270, 271, 272, 273, 274, 275, 276, 277, 278, 279, 280, 281, 282, 283, 284, 285, 286, 287, 288, 289, 290, 291, 292, 293, 294, 295, 296, 297, 298, 299, 300, 301, 302, 303, 304, 305, 306, 307, 308, 309, 310, 311, 312, 313, 314, 315, 316, 317, 318, 319, 320, 321, 322, 323, 324, 325, 326, 327, 328, 329, 330, 331, 332, 333, 334, 335, 336, 337, 449, 486, 488, 502, 520, 522, 532, 534, 535, 544, 574, 575, 576, 577, 578, 579, 580, 581, 582, 583, 584, 585, 586, 587, 588, 589, 590, 591, 592, 593, 594, 595, 596, 597, 598, 599, 600, 601, 602, 603, 604, 605, 606, 607, 608, 609, 610, 611, 612, 613, 614, 615, 616, 617, 618, 619, 620, 621, 622, 623, 624, 625, 626, 627, 628, 629, 630, 631, 632, 633, 634, 635, 636, 637, 638, 639, 640, 641, 642, 643, 644, 645, 646, 647, 648, 649, 650, 651, 652, 653, 654, 655, 656, 657, 658, 659, 660, 661, 662, 663, 664, 665, 666, 667, 668, 669, 670, 671, 672, 673, 674, 675, 676, 677, 678, 679, 680, 681, 682, 683, 684, 685, 686, 687, 688, 689, 690, 691, 692, 693, 694, 695, 696, 697, 698, 699, 700, 701, 702, 703, 704, 705, 706, 707, 708, 709, 710, 711, 712, 713, 714, 715, 716, 717, 718, 719, 720, 721, 722, 723, 724, 725, 726, 727, 728, 729, 730, 731, 732, 733, 734, 735, 736, 737, 738, 739, 740, 741, 742, 743, 744, 745, 746, 747, 748, 749, 750, 751, 752, 753, 754, 755, 756, 757, 758, 759, 760, 761, 762, 763, 764, 765, 766, 767, 768, 769, 770, 771, 772, 773, 774, 775, 776, 777, 778, 779, 780, 781, 782, 783, 784, 785, 786, 787, 788, 789, 790, 791, 792, 793, 897]",False,"[220, 299, 758]","[103, 104, 105, 106, 107, 108, 109, 110, 111, 112, 113, 114, 115, 116, 117, 118, 119, 120, 121, 122, 123, 124, 125, 126, 127, 128, 129, 130, 131, 132, 133, 134, 135, 136, 137, 138, 139, 140, 141, 142, 143, 144, 145, 146, 147, 148, 149, 150, 151, 152, 153, 154, 155, 156, 157, 158, 159, 160, 161, 162, 163, 164, 165, 166, 167, 168, 169, 170, 171, 172, 173, 174, 175, 176, 177, 178, 179, 180, 181, 182, 183, 184, 185, 186, 187, 188, 189, 190, 191, 192, 193, 194, 195, 196, 197, 198, 199, 200, 201, 202, 203, 204, 205, 206, 207, 208, 209, 210, 211, 212, 213, 214, 215, 216, 217, 218, 219, 220, 221, 222, 223, 224, 225, 226, 227, 228, 229, 230, 231, 232, 233, 234, 235, 236, 237, 238, 239, 240, 241, 242, 243, 244, 245, 246, 247, 248, 249, 250, 251, 252, 253, 254, 255, 256, 257, 258, 259, 260, 261, 262, 263, 264, 265, 266, 267, 268, 269, 270, 271, 272, 273, 274, 275, 276, 277, 278, 279, 280, 281, 282, 283, 284, 285, 286, 287, 288, 289, 290, 291, 292, 293, 294, 295, 296, 297, 298, 299, 300, 301, 302, 303, 304, 305, 306, 307, 308, 309, 310, 311, 312, 313, 314, 315, 316, 317, 318, 319, 320, 321, 322, 323, 324, 325, 326, 327, 328, 329, 330, 331, 332, 333, 334, 335, 336, 337, 574, 575, 576, 577, 578, 579, 580, 581, 582, 583, 584, 585, 586, 587, 588, 589, 590, 591, 592, 593, 594, 595, 596, 597, 598, 599, 600, 601, 602, 603, 604, 605, 606, 607, 608, 609, 610, 611, 612, 613, 614, 615, 616, 617, 618, 619, 620, 621, 622, 623, 624, 625, 626, 627, 628, 629, 630, 631, 632, 633, 634, 635, 636, 637, 638, 639, 640, 641, 642, 643, 644, 645, 646, 647, 648, 649, 650, 651, 652, 653, 654, 655, 656, 657, 658, 659, 660, 661, 662, 663, 664, 665, 666, 667, 668, 669, 670, 671, 672, 673, 674, 675, 676, 677, 678, 679, 680, 681, 682, 683, 684, 685, 686, 687, 688, 689, 690, 691, 692, 693, 694, 695, 696, 697, 698, 699, 700, 701, 702, 703, 704, 705, 706, 707, 708, 709, 710, 711, 712, 713, 714, 715, 716, 717, 718, 719, 720, 721, 722, 723, 724, 725, 726, 727, 728, 729, 730, 731, 732, 733, 734, 735, 736, 737, 738, 739, 740, 741, 742, 743, 744, 745, 746, 747, 748, 749, 750, 751, 752, 753, 754, 755, 756, 757, 758, 759, 760, 761, 762, 763, 764, 765, 766, 767, 768, 769, 770, 771, 772, 773, 774, 775, 776, 777, 778, 779, 780, 781, 782, 783, 784, 785, 786, 787, 788, 789, 790, 791, 792, 793]","[220, 299, 758]","[25, 39, 230, 284, 299, 449, 486, 520, 694, 743, 758, 897]","[17, 25, 39, 41, 50, 55, 57, 59, 69, 78, 119, 174, 188, 189, 220, 250, 299, 486, 502, 520, 522, 532, 534, 535, 544, 590, 645, 659, 660, 713, 758]","[2, 195, 488, 666]",[],5/6 successful match,False,[431],True,717,False,,1.0,True,7-11 Food Store ( Citgo ),Citgo
"EI Centro , 92243 7-11 Food Store",6 760-352-4383 I-8 Exit 115 ( 4th Ave ),HRS 24,Centro,92243,7-11 Food Store,760-352-4383,2008,El Centro,CA,,( 4th Ave ),I-8 Exit 115 ,Exit,115,False,,False,I-8,,,,,[],"[220, 299, 758]","[220, 299, 758]","[25, 39, 230, 284, 299, 449, 486, 520, 694, 743, 758, 897]","[103, 104, 105, 106, 107, 108, 109, 110, 111, 112, 113, 114, 115, 116, 117, 118, 119, 120, 121, 122, 123, 124, 125, 126, 127, 128, 129, 130, 131, 132, 133, 134, 135, 136, 137, 138, 139, 140, 141, 142, 143, 144, 145, 146, 147, 148, 149, 150, 151, 152, 153, 154, 155, 156, 157, 158, 159, 160, 161, 162, 163, 164, 165, 166, 167, 168, 169, 170, 171, 172, 173, 174, 175, 176, 177, 178, 179, 180, 181, 182, 183, 184, 185, 186, 187, 188, 189, 190, 191, 192, 193, 194, 195, 196, 197, 198, 199, 200, 201, 202, 203, 204, 205, 206, 207, 208, 209, 210, 211, 212, 213, 214, 215, 216, 217, 218, 219, 220, 221, 222, 223, 224, 225, 226, 227, 228, 229, 230, 231, 232, 233, 234, 235, 236, 237, 238, 239, 240, 241, 242, 243, 244, 245, 246, 247, 248, 249, 250, 251, 252, 253, 254, 255, 256, 257, 258, 259, 260, 261, 262, 263, 264, 265, 266, 267, 268, 269, 270, 271, 272, 273, 274, 275, 276, 277, 278, 279, 280, 281, 282, 283, 284, 285, 286, 287, 288, 289, 290, 291, 292, 293, 294, 295, 296, 297, 298, 299, 300, 301, 302, 303, 304, 305, 306, 307, 308, 309, 310, 311, 312, 313, 314, 315, 316, 317, 318, 319, 320, 321, 322, 323, 324, 325, 326, 327, 328, 329, 330, 331, 332, 333, 334, 335, 336, 337, 574, 575, 576, 577, 578, 579, 580, 581, 582, 583, 584, 585, 586, 587, 588, 589, 590, 591, 592, 593, 594, 595, 596, 597, 598, 599, 600, 601, 602, 603, 604, 605, 606, 607, 608, 609, 610, 611, 612, 613, 614, 615, 616, 617, 618, 619, 620, 621, 622, 623, 624, 625, 626, 627, 628, 629, 630, 631, 632, 633, 634, 635, 636, 637, 638, 639, 640, 641, 642, 643, 644, 645, 646, 647, 648, 649, 650, 651, 652, 653, 654, 655, 656, 657, 658, 659, 660, 661, 662, 663, 664, 665, 666, 667, 668, 669, 670, 671, 672, 673, 674, 675, 676, 677, 678, 679, 680, 681, 682, 683, 684, 685, 686, 687, 688, 689, 690, 691, 692, 693, 694, 695, 696, 697, 698, 699, 700, 701, 702, 703, 704, 705, 706, 707, 708, 709, 710, 711, 712, 713, 714, 715, 716, 717, 718, 719, 720, 721, 722, 723, 724, 725, 726, 727, 728, 729, 730, 731, 732, 733, 734, 735, 736, 737, 738, 739, 740, 741, 742, 743, 744, 745, 746, 747, 748, 749, 750, 751, 752, 753, 754, 755, 756, 757, 758, 759, 760, 761, 762, 763, 764, 765, 766, 767, 768, 769, 770, 771, 772, 773, 774, 775, 776, 777, 778, 779, 780, 781, 782, 783, 784, 785, 786, 787, 788, 789, 790, 791, 792, 793]","[17, 25, 39, 41, 50, 55, 57, 59, 69, 78, 119, 174, 188, 189, 220, 250, 299, 486, 502, 520, 522, 532, 534, 535, 544, 590, 645, 659, 660, 713, 758]",[],"[2, 195, 488, 666]","[2, 17, 25, 39, 41, 50, 55, 57, 59, 69, 78, 103, 104, 105, 106, 107, 108, 109, 110, 111, 112, 113, 114, 115, 116, 117, 118, 119, 120, 121, 122, 123, 124, 125, 126, 127, 128, 129, 130, 131, 132, 133, 134, 135, 136, 137, 138, 139, 140, 141, 142, 143, 144, 145, 146, 147, 148, 149, 150, 151, 152, 153, 154, 155, 156, 157, 158, 159, 160, 161, 162, 163, 164, 165, 166, 167, 168, 169, 170, 171, 172, 173, 174, 175, 176, 177, 178, 179, 180, 181, 182, 183, 184, 185, 186, 187, 188, 189, 190, 191, 192, 193, 194, 195, 196, 197, 198, 199, 200, 201, 202, 203, 204, 205, 206, 207, 208, 209, 210, 211, 212, 213, 214, 215, 216, 217, 218, 219, 220, 221, 222, 223, 224, 225, 226, 227, 228, 229, 230, 231, 232, 233, 234, 235, 236, 237, 238, 239, 240, 241, 242, 243, 244, 245, 246, 247, 248, 249, 250, 251, 252, 253, 254, 255, 256, 257, 258, 259, 260, 261, 262, 263, 264, 265, 266, 267, 268, 269, 270, 271, 272, 273, 274, 275, 276, 277, 278, 279, 280, 281, 282, 283, 284, 285, 286, 287, 288, 289, 290, 291, 292, 293, 294, 295, 296, 297, 298, 299, 300, 301, 302, 303, 304, 305, 306, 307, 308, 309, 310, 311, 312, 313, 314, 315, 316, 317, 318, 319, 320, 321, 322, 323, 324, 325, 326, 327, 328, 329, 330, 331, 332, 333, 334, 335, 336, 337, 449, 486, 488, 502, 520, 522, 532, 534, 535, 544, 574, 575, 576, 577, 578, 579, 580, 581, 582, 583, 584, 585, 586, 587, 588, 589, 590, 591, 592, 593, 594, 595, 596, 597, 598, 599, 600, 601, 602, 603, 604, 605, 606, 607, 608, 609, 610, 611, 612, 613, 614, 615, 616, 617, 618, 619, 620, 621, 622, 623, 624, 625, 626, 627, 628, 629, 630, 631, 632, 633, 634, 635, 636, 637, 638, 639, 640, 641, 642, 643, 644, 645, 646, 647, 648, 649, 650, 651, 652, 653, 654, 655, 656, 657, 658, 659, 660, 661, 662, 663, 664, 665, 666, 667, 668, 669, 670, 671, 672, 673, 674, 675, 676, 677, 678, 679, 680, 681, 682, 683, 684, 685, 686, 687, 688, 689, 690, 691, 692, 693, 694, 695, 696, 697, 698, 699, 700, 701, 702, 703, 704, 705, 706, 707, 708, 709, 710, 711, 712, 713, 714, 715, 716, 717, 718, 719, 720, 721, 722, 723, 724, 725, 726, 727, 728, 729, 730, 731, 732, 733, 734, 735, 736, 737, 738, 739, 740, 741, 742, 743, 744, 745, 746, 747, 748, 749, 750, 751, 752, 753, 754, 755, 756, 757, 758, 759, 760, 761, 762, 763, 764, 765, 766, 767, 768, 769, 770, 771, 772, 773, 774, 775, 776, 777, 778, 779, 780, 781, 782, 783, 784, 785, 786, 787, 788, 789, 790, 791, 792, 793, 897]",False,"[220, 299, 758]","[103, 104, 105, 106, 107, 108, 109, 110, 111, 112, 113, 114, 115, 116, 117, 118, 119, 120, 121, 122, 123, 124, 125, 126, 127, 128, 129, 130, 131, 132, 133, 134, 135, 136, 137, 138, 139, 140, 141, 142, 143, 144, 145, 146, 147, 148, 149, 150, 151, 152, 153, 154, 155, 156, 157, 158, 159, 160, 161, 162, 163, 164, 165, 166, 167, 168, 169, 170, 171, 172, 173, 174, 175, 176, 177, 178, 179, 180, 181, 182, 183, 184, 185, 186, 187, 188, 189, 190, 191, 192, 193, 194, 195, 196, 197, 198, 199, 200, 201, 202, 203, 204, 205, 206, 207, 208, 209, 210, 211, 212, 213, 214, 215, 216, 217, 218, 219, 220, 221, 222, 223, 224, 225, 226, 227, 228, 229, 230, 231, 232, 233, 234, 235, 236, 237, 238, 239, 240, 241, 242, 243, 244, 245, 246, 247, 248, 249, 250, 251, 252, 253, 254, 255, 256, 257, 258, 259, 260, 261, 262, 263, 264, 265, 266, 267, 268, 269, 270, 271, 272, 273, 274, 275, 276, 277, 278, 279, 280, 281, 282, 283, 284, 285, 286, 287, 288, 289, 290, 291, 292, 293, 294, 295, 296, 297, 298, 299, 300, 301, 302, 303, 304, 305, 306, 307, 308, 309, 310, 311, 312, 313, 314, 315, 316, 317, 318, 319, 320, 321, 322, 323, 324, 325, 326, 327, 328, 329, 330, 331, 332, 333, 334, 335, 336, 337, 574, 575, 576, 577, 578, 579, 580, 581, 582, 583, 584, 585, 586, 587, 588, 589, 590, 591, 592, 593, 594, 595, 596, 597, 598, 599, 600, 601, 602, 603, 604, 605, 606, 607, 608, 609, 610, 611, 612, 613, 614, 615, 616, 617, 618, 619, 620, 621, 622, 623, 624, 625, 626, 627, 628, 629, 630, 631, 632, 633, 634, 635, 636, 637, 638, 639, 640, 641, 642, 643, 644, 645, 646, 647, 648, 649, 650, 651, 652, 653, 654, 655, 656, 657, 658, 659, 660, 661, 662, 663, 664, 665, 666, 667, 668, 669, 670, 671, 672, 673, 674, 675, 676, 677, 678, 679, 680, 681, 682, 683, 684, 685, 686, 687, 688, 689, 690, 691, 692, 693, 694, 695, 696, 697, 698, 699, 700, 701, 702, 703, 704, 705, 706, 707, 708, 709, 710, 711, 712, 713, 714, 715, 716, 717, 718, 719, 720, 721, 722, 723, 724, 725, 726, 727, 728, 729, 730, 731, 732, 733, 734, 735, 736, 737, 738, 739, 740, 741, 742, 743, 744, 745, 746, 747, 748, 749, 750, 751, 752, 753, 754, 755, 756, 757, 758, 759, 760, 761, 762, 763, 764, 765, 766, 767, 768, 769, 770, 771, 772, 773, 774, 775, 776, 777, 778, 779, 780, 781, 782, 783, 784, 785, 786, 787, 788, 789, 790, 791, 792, 793]","[220, 299, 758]","[25, 39, 230, 284, 299, 449, 486, 520, 694, 743, 758, 897]","[17, 25, 39, 41, 50, 55, 57, 59, 69, 78, 119, 174, 188, 189, 220, 250, 299, 486, 502, 520, 522, 532, 534, 535, 544, 590, 645, 659, 660, 713, 758]","[2, 195, 488, 666]",[],5/6 successful match,False,[431],True,717,False,,1.0,True,7-11 Food Store,
"EI Centro , 92243 Truck Stop 111","760-353-3303 I-8 Exit 118 B ( CA 111 , 1/4 mi N )",MO <U+2610>,Centro,92243,Truck Stop 111,760-353-3303,2006,El Centro,CA,,"( CA 111 , 1/4 mi N )",I-8 Exit 118 B ,Exit,118,False,,False,I-8,,,,,[],"[220, 299, 758]","[220, 299, 758]","[340, 430, 796, 882]","[103, 104, 105, 106, 107, 108, 109, 110, 111, 112, 113, 114, 115, 116, 117, 118, 119, 120, 121, 122, 123, 124, 125, 126, 127, 128, 129, 130, 131, 132, 133, 134, 135, 136, 137, 138, 139, 140, 141, 142, 143, 144, 145, 146, 147, 148, 149, 150, 151, 152, 153, 154, 155, 156, 157, 158, 159, 160, 161, 162, 163, 164, 165, 166, 167, 168, 169, 170, 171, 172, 173, 174, 175, 176, 177, 178, 179, 180, 181, 182, 183, 184, 185, 186, 187, 188, 189, 190, 191, 192, 193, 194, 195, 196, 197, 198, 199, 200, 201, 202, 203, 204, 205, 206, 207, 208, 209, 210, 211, 212, 213, 214, 215, 216, 217, 218, 219, 220, 221, 222, 223, 224, 225, 226, 227, 228, 229, 230, 231, 232, 233, 234, 235, 236, 237, 238, 239, 240, 241, 242, 243, 244, 245, 246, 247, 248, 249, 250, 251, 252, 253, 254, 255, 256, 257, 258, 259, 260, 261, 262, 263, 264, 265, 266, 267, 268, 269, 270, 271, 272, 273, 274, 275, 276, 277, 278, 279, 280, 281, 282, 283, 284, 285, 286, 287, 288, 289, 290, 291, 292, 293, 294, 295, 296, 297, 298, 299, 300, 301, 302, 303, 304, 305, 306, 307, 308, 309, 310, 311, 312, 313, 314, 315, 316, 317, 318, 319, 320, 321, 322, 323, 324, 325, 326, 327, 328, 329, 330, 331, 332, 333, 334, 335, 336, 337, 574, 575, 576, 577, 578, 579, 580, 581, 582, 583, 584, 585, 586, 587, 588, 589, 590, 591, 592, 593, 594, 595, 596, 597, 598, 599, 600, 601, 602, 603, 604, 605, 606, 607, 608, 609, 610, 611, 612, 613, 614, 615, 616, 617, 618, 619, 620, 621, 622, 623, 624, 625, 626, 627, 628, 629, 630, 631, 632, 633, 634, 635, 636, 637, 638, 639, 640, 641, 642, 643, 644, 645, 646, 647, 648, 649, 650, 651, 652, 653, 654, 655, 656, 657, 658, 659, 660, 661, 662, 663, 664, 665, 666, 667, 668, 669, 670, 671, 672, 673, 674, 675, 676, 677, 678, 679, 680, 681, 682, 683, 684, 685, 686, 687, 688, 689, 690, 691, 692, 693, 694, 695, 696, 697, 698, 699, 700, 701, 702, 703, 704, 705, 706, 707, 708, 709, 710, 711, 712, 713, 714, 715, 716, 717, 718, 719, 720, 721, 722, 723, 724, 725, 726, 727, 728, 729, 730, 731, 732, 733, 734, 735, 736, 737, 738, 739, 740, 741, 742, 743, 744, 745, 746, 747, 748, 749, 750, 751, 752, 753, 754, 755, 756, 757, 758, 759, 760, 761, 762, 763, 764, 765, 766, 767, 768, 769, 770, 771, 772, 773, 774, 775, 776, 777, 778, 779, 780, 781, 782, 783, 784, 785, 786, 787, 788, 789, 790, 791, 792, 793]","[17, 25, 39, 41, 50, 55, 57, 59, 69, 78, 119, 174, 188, 189, 220, 250, 299, 486, 502, 520, 522, 532, 534, 535, 544, 590, 645, 659, 660, 713, 758]",[],[],"[17, 25, 39, 41, 50, 55, 57, 59, 69, 78, 103, 104, 105, 106, 107, 108, 109, 110, 111, 112, 113, 114, 115, 116, 117, 118, 119, 120, 121, 122, 123, 124, 125, 126, 127, 128, 129, 130, 131, 132, 133, 134, 135, 136, 137, 138, 139, 140, 141, 142, 143, 144, 145, 146, 147, 148, 149, 150, 151, 152, 153, 154, 155, 156, 157, 158, 159, 160, 161, 162, 163, 164, 165, 166, 167, 168, 169, 170, 171, 172, 173, 174, 175, 176, 177, 178, 179, 180, 181, 182, 183, 184, 185, 186, 187, 188, 189, 190, 191, 192, 193, 194, 195, 196, 197, 198, 199, 200, 201, 202, 203, 204, 205, 206, 207, 208, 209, 210, 211, 212, 213, 214, 215, 216, 217, 218, 219, 220, 221, 222, 223, 224, 225, 226, 227, 228, 229, 230, 231, 232, 233, 234, 235, 236, 237, 238, 239, 240, 241, 242, 243, 244, 245, 246, 247, 248, 249, 250, 251, 252, 253, 254, 255, 256, 257, 258, 259, 260, 261, 262, 263, 264, 265, 266, 267, 268, 269, 270, 271, 272, 273, 274, 275, 276, 277, 278, 279, 280, 281, 282, 283, 284, 285, 286, 287, 288, 289, 290, 291, 292, 293, 294, 295, 296, 297, 298, 299, 300, 301, 302, 303, 304, 305, 306, 307, 308, 309, 310, 311, 312, 313, 314, 315, 316, 317, 318, 319, 320, 321, 322, 323, 324, 325, 326, 327, 328, 329, 330, 331, 332, 333, 334, 335, 336, 337, 340, 430, 486, 502, 520, 522, 532, 534, 535, 544, 574, 575, 576, 577, 578, 579, 580, 581, 582, 583, 584, 585, 586, 587, 588, 589, 590, 591, 592, 593, 594, 595, 596, 597, 598, 599, 600, 601, 602, 603, 604, 605, 606, 607, 608, 609, 610, 611, 612, 613, 614, 615, 616, 617, 618, 619, 620, 621, 622, 623, 624, 625, 626, 627, 628, 629, 630, 631, 632, 633, 634, 635, 636, 637, 638, 639, 640, 641, 642, 643, 644, 645, 646, 647, 648, 649, 650, 651, 652, 653, 654, 655, 656, 657, 658, 659, 660, 661, 662, 663, 664, 665, 666, 667, 668, 669, 670, 671, 672, 673, 674, 675, 676, 677, 678, 679, 680, 681, 682, 683, 684, 685, 686, 687, 688, 689, 690, 691, 692, 693, 694, 695, 696, 697, 698, 699, 700, 701, 702, 703, 704, 705, 706, 707, 708, 709, 710, 711, 712, 713, 714, 715, 716, 717, 718, 719, 720, 721, 722, 723, 724, 725, 726, 727, 728, 729, 730, 731, 732, 733, 734, 735, 736, 737, 738, 739, 740, 741, 742, 743, 744, 745, 746, 747, 748, 749, 750, 751, 752, 753, 754, 755, 756, 757, 758, 759, 760, 761, 762, 763, 764, 765, 766, 767, 768, 769, 770, 771, 772, 773, 774, 775, 776, 777, 778, 779, 780, 781, 782, 783, 784, 785, 786, 787, 788, 789, 790, 791, 792, 793, 796, 882]",False,"[220, 299, 758]","[103, 104, 105, 106, 107, 108, 109, 110, 111, 112, 113, 114, 115, 116, 117, 118, 119, 120, 121, 122, 123, 124, 125, 126, 127, 128, 129, 130, 131, 132, 133, 134, 135, 136, 137, 138, 139, 140, 141, 142, 143, 144, 145, 146, 147, 148, 149, 150, 151, 152, 153, 154, 155, 156, 157, 158, 159, 160, 161, 162, 163, 164, 165, 166, 167, 168, 169, 170, 171, 172, 173, 174, 175, 176, 177, 178, 179, 180, 181, 182, 183, 184, 185, 186, 187, 188, 189, 190, 191, 192, 193, 194, 195, 196, 197, 198, 199, 200, 201, 202, 203, 204, 205, 206, 207, 208, 209, 210, 211, 212, 213, 214, 215, 216, 217, 218, 219, 220, 221, 222, 223, 224, 225, 226, 227, 228, 229, 230, 231, 232, 233, 234, 235, 236, 237, 238, 239, 240, 241, 242, 243, 244, 245, 246, 247, 248, 249, 250, 251, 252, 253, 254, 255, 256, 257, 258, 259, 260, 261, 262, 263, 264, 265, 266, 267, 268, 269, 270, 271, 272, 273, 274, 275, 276, 277, 278, 279, 280, 281, 282, 283, 284, 285, 286, 287, 288, 289, 290, 291, 292, 293, 294, 295, 296, 297, 298, 299, 300, 301, 302, 303, 304, 305, 306, 307, 308, 309, 310, 311, 312, 313, 314, 315, 316, 317, 318, 319, 320, 321, 322, 323, 324, 325, 326, 327, 328, 329, 330, 331, 332, 333, 334, 335, 336, 337, 574, 575, 576, 577, 578, 579, 580, 581, 582, 583, 584, 585, 586, 587, 588, 589, 590, 591, 592, 593, 594, 595, 596, 597, 598, 599, 600, 601, 602, 603, 604, 605, 606, 607, 608, 609, 610, 611, 612, 613, 614, 615, 616, 617, 618, 619, 620, 621, 622, 623, 624, 625, 626, 627, 628, 629, 630, 631, 632, 633, 634, 635, 636, 637, 638, 639, 640, 641, 642, 643, 644, 645, 646, 647, 648, 649, 650, 651, 652, 653, 654, 655, 656, 657, 658, 659, 660, 661, 662, 663, 664, 665, 666, 667, 668, 669, 670, 671, 672, 673, 674, 675, 676, 677, 678, 679, 680, 681, 682, 683, 684, 685, 686, 687, 688, 689, 690, 691, 692, 693, 694, 695, 696, 697, 698, 699, 700, 701, 702, 703, 704, 705, 706, 707, 708, 709, 710, 711, 712, 713, 714, 715, 716, 717, 718, 719, 720, 721, 722, 723, 724, 725, 726, 727, 728, 729, 730, 731, 732, 733, 734, 735, 736, 737, 738, 739, 740, 741, 742, 743, 744, 745, 746, 747, 748, 749, 750, 751, 752, 753, 754, 755, 756, 757, 758, 759, 760, 761, 762, 763, 764, 765, 766, 767, 768, 769, 770, 771, 772, 773, 774, 775, 776, 777, 778, 779, 780, 781, 782, 783, 784, 785, 786, 787, 788, 789, 790, 791, 792, 793]","[220, 299, 758]","[340, 430, 796, 882]","[17, 25, 39, 41, 50, 55, 57, 59, 69, 78, 119, 174, 188, 189, 220, 250, 299, 486, 502, 520, 522, 532, 534, 535, 544, 590, 645, 659, 660, 713, 758]",[],[],7/6 successful match,False,,False,718,False,,,,,
"EI Centro , 92243 Truck Stop 111 ( Shell )","760-353-3303 I-8 Exit 118 B ( CA 111 , 1/4 mi N )",SM <U+25A1>,Centro,92243,Truck Stop 111 ( Shell ),760-353-3303,2007,El Centro,CA,Shell,"( CA 111 , 1/4 mi N )",I-8 Exit 118 B ,Exit,118,False,,False,I-8,,,,,[],"[220, 299, 758]","[220, 299, 758]","[340, 430, 796, 882]","[103, 104, 105, 106, 107, 108, 109, 110, 111, 112, 113, 114, 115, 116, 117, 118, 119, 120, 121, 122, 123, 124, 125, 126, 127, 128, 129, 130, 131, 132, 133, 134, 135, 136, 137, 138, 139, 140, 141, 142, 143, 144, 145, 146, 147, 148, 149, 150, 151, 152, 153, 154, 155, 156, 157, 158, 159, 160, 161, 162, 163, 164, 165, 166, 167, 168, 169, 170, 171, 172, 173, 174, 175, 176, 177, 178, 179, 180, 181, 182, 183, 184, 185, 186, 187, 188, 189, 190, 191, 192, 193, 194, 195, 196, 197, 198, 199, 200, 201, 202, 203, 204, 205, 206, 207, 208, 209, 210, 211, 212, 213, 214, 215, 216, 217, 218, 219, 220, 221, 222, 223, 224, 225, 226, 227, 228, 229, 230, 231, 232, 233, 234, 235, 236, 237, 238, 239, 240, 241, 242, 243, 244, 245, 246, 247, 248, 249, 250, 251, 252, 253, 254, 255, 256, 257, 258, 259, 260, 261, 262, 263, 264, 265, 266, 267, 268, 269, 270, 271, 272, 273, 274, 275, 276, 277, 278, 279, 280, 281, 282, 283, 284, 285, 286, 287, 288, 289, 290, 291, 292, 293, 294, 295, 296, 297, 298, 299, 300, 301, 302, 303, 304, 305, 306, 307, 308, 309, 310, 311, 312, 313, 314, 315, 316, 317, 318, 319, 320, 321, 322, 323, 324, 325, 326, 327, 328, 329, 330, 331, 332, 333, 334, 335, 336, 337, 574, 575, 576, 577, 578, 579, 580, 581, 582, 583, 584, 585, 586, 587, 588, 589, 590, 591, 592, 593, 594, 595, 596, 597, 598, 599, 600, 601, 602, 603, 604, 605, 606, 607, 608, 609, 610, 611, 612, 613, 614, 615, 616, 617, 618, 619, 620, 621, 622, 623, 624, 625, 626, 627, 628, 629, 630, 631, 632, 633, 634, 635, 636, 637, 638, 639, 640, 641, 642, 643, 644, 645, 646, 647, 648, 649, 650, 651, 652, 653, 654, 655, 656, 657, 658, 659, 660, 661, 662, 663, 664, 665, 666, 667, 668, 669, 670, 671, 672, 673, 674, 675, 676, 677, 678, 679, 680, 681, 682, 683, 684, 685, 686, 687, 688, 689, 690, 691, 692, 693, 694, 695, 696, 697, 698, 699, 700, 701, 702, 703, 704, 705, 706, 707, 708, 709, 710, 711, 712, 713, 714, 715, 716, 717, 718, 719, 720, 721, 722, 723, 724, 725, 726, 727, 728, 729, 730, 731, 732, 733, 734, 735, 736, 737, 738, 739, 740, 741, 742, 743, 744, 745, 746, 747, 748, 749, 750, 751, 752, 753, 754, 755, 756, 757, 758, 759, 760, 761, 762, 763, 764, 765, 766, 767, 768, 769, 770, 771, 772, 773, 774, 775, 776, 777, 778, 779, 780, 781, 782, 783, 784, 785, 786, 787, 788, 789, 790, 791, 792, 793]","[17, 25, 39, 41, 50, 55, 57, 59, 69, 78, 119, 174, 188, 189, 220, 250, 299, 486, 502, 520, 522, 532, 534, 535, 544, 590, 645, 659, 660, 713, 758]","[1, 13, 14, 29, 54, 55, 56, 57, 58, 60, 102, 118, 125, 127, 130, 134, 146, 149, 153, 175, 182, 187, 189, 191, 197, 225, 230, 238, 264, 265, 266, 286, 302, 317, 336, 379, 388, 389, 425, 454, 458, 463, 475, 487, 498, 499, 512, 530, 531, 532, 533, 534, 536, 573, 589, 596, 598, 601, 605, 617, 620, 624, 646, 653, 658, 660, 662, 668, 689, 694, 702, 724, 725, 745, 760, 775, 793, 829, 838, 839, 877, 901, 903, 905, 910, 923]","[1, 13, 14, 29, 54, 55, 56, 57, 58, 60, 102, 118, 125, 127, 130, 134, 146, 149, 153, 175, 182, 187, 189, 191, 197, 225, 230, 238, 264, 265, 266, 286, 302, 317, 336, 354, 379, 388, 389, 425, 454, 458, 463, 475, 487, 498, 499, 512, 530, 531, 532, 533, 534, 536, 573, 589, 596, 598, 601, 605, 617, 620, 624, 646, 653, 658, 660, 662, 668, 689, 694, 702, 724, 725, 745, 760, 775, 793, 809, 829, 838, 839, 877, 901, 903, 905, 910, 923]","[1, 13, 14, 17, 25, 29, 39, 41, 50, 54, 55, 56, 57, 58, 59, 60, 69, 78, 102, 103, 104, 105, 106, 107, 108, 109, 110, 111, 112, 113, 114, 115, 116, 117, 118, 119, 120, 121, 122, 123, 124, 125, 126, 127, 128, 129, 130, 131, 132, 133, 134, 135, 136, 137, 138, 139, 140, 141, 142, 143, 144, 145, 146, 147, 148, 149, 150, 151, 152, 153, 154, 155, 156, 157, 158, 159, 160, 161, 162, 163, 164, 165, 166, 167, 168, 169, 170, 171, 172, 173, 174, 175, 176, 177, 178, 179, 180, 181, 182, 183, 184, 185, 186, 187, 188, 189, 190, 191, 192, 193, 194, 195, 196, 197, 198, 199, 200, 201, 202, 203, 204, 205, 206, 207, 208, 209, 210, 211, 212, 213, 214, 215, 216, 217, 218, 219, 220, 221, 222, 223, 224, 225, 226, 227, 228, 229, 230, 231, 232, 233, 234, 235, 236, 237, 238, 239, 240, 241, 242, 243, 244, 245, 246, 247, 248, 249, 250, 251, 252, 253, 254, 255, 256, 257, 258, 259, 260, 261, 262, 263, 264, 265, 266, 267, 268, 269, 270, 271, 272, 273, 274, 275, 276, 277, 278, 279, 280, 281, 282, 283, 284, 285, 286, 287, 288, 289, 290, 291, 292, 293, 294, 295, 296, 297, 298, 299, 300, 301, 302, 303, 304, 305, 306, 307, 308, 309, 310, 311, 312, 313, 314, 315, 316, 317, 318, 319, 320, 321, 322, 323, 324, 325, 326, 327, 328, 329, 330, 331, 332, 333, 334, 335, 336, 337, 340, 354, 379, 388, 389, 425, 430, 454, 458, 463, 475, 486, 487, 498, 499, 502, 512, 520, 522, 530, 531, 532, 533, 534, 535, 536, 544, 573, 574, 575, 576, 577, 578, 579, 580, 581, 582, 583, 584, 585, 586, 587, 588, 589, 590, 591, 592, 593, 594, 595, 596, 597, 598, 599, 600, 601, 602, 603, 604, 605, 606, 607, 608, 609, 610, 611, 612, 613, 614, 615, 616, 617, 618, 619, 620, 621, 622, 623, 624, 625, 626, 627, 628, 629, 630, 631, 632, 633, 634, 635, 636, 637, 638, 639, 640, 641, 642, 643, 644, 645, 646, 647, 648, 649, 650, 651, 652, 653, 654, 655, 656, 657, 658, 659, 660, 661, 662, 663, 664, 665, 666, 667, 668, 669, 670, 671, 672, 673, 674, 675, 676, 677, 678, 679, 680, 681, 682, 683, 684, 685, 686, 687, 688, 689, 690, 691, 692, 693, 694, 695, 696, 697, 698, 699, 700, 701, 702, 703, 704, 705, 706, 707, 708, 709, 710, 711, 712, 713, 714, 715, 716, 717, 718, 719, 720, 721, 722, 723, 724, 725, 726, 727, 728, 729, 730, 731, 732, 733, 734, 735, 736, 737, 738, 739, 740, 741, 742, 743, 744, 745, 746, 747, 748, 749, 750, 751, 752, 753, 754, 755, 756, 757, 758, 759, 760, 761, 762, 763, 764, 765, 766, 767, 768, 769, 770, 771, 772, 773, 774, 775, 776, 777, 778, 779, 780, 781, 782, 783, 784, 785, 786, 787, 788, 789, 790, 791, 792, 793, 796, 809, 829, 838, 839, 877, 882, 901, 903, 905, 910, 923]",False,"[220, 299, 758]","[103, 104, 105, 106, 107, 108, 109, 110, 111, 112, 113, 114, 115, 116, 117, 118, 119, 120, 121, 122, 123, 124, 125, 126, 127, 128, 129, 130, 131, 132, 133, 134, 135, 136, 137, 138, 139, 140, 141, 142, 143, 144, 145, 146, 147, 148, 149, 150, 151, 152, 153, 154, 155, 156, 157, 158, 159, 160, 161, 162, 163, 164, 165, 166, 167, 168, 169, 170, 171, 172, 173, 174, 175, 176, 177, 178, 179, 180, 181, 182, 183, 184, 185, 186, 187, 188, 189, 190, 191, 192, 193, 194, 195, 196, 197, 198, 199, 200, 201, 202, 203, 204, 205, 206, 207, 208, 209, 210, 211, 212, 213, 214, 215, 216, 217, 218, 219, 220, 221, 222, 223, 224, 225, 226, 227, 228, 229, 230, 231, 232, 233, 234, 235, 236, 237, 238, 239, 240, 241, 242, 243, 244, 245, 246, 247, 248, 249, 250, 251, 252, 253, 254, 255, 256, 257, 258, 259, 260, 261, 262, 263, 264, 265, 266, 267, 268, 269, 270, 271, 272, 273, 274, 275, 276, 277, 278, 279, 280, 281, 282, 283, 284, 285, 286, 287, 288, 289, 290, 291, 292, 293, 294, 295, 296, 297, 298, 299, 300, 301, 302, 303, 304, 305, 306, 307, 308, 309, 310, 311, 312, 313, 314, 315, 316, 317, 318, 319, 320, 321, 322, 323, 324, 325, 326, 327, 328, 329, 330, 331, 332, 333, 334, 335, 336, 337, 574, 575, 576, 577, 578, 579, 580, 581, 582, 583, 584, 585, 586, 587, 588, 589, 590, 591, 592, 593, 594, 595, 596, 597, 598, 599, 600, 601, 602, 603, 604, 605, 606, 607, 608, 609, 610, 611, 612, 613, 614, 615, 616, 617, 618, 619, 620, 621, 622, 623, 624, 625, 626, 627, 628, 629, 630, 631, 632, 633, 634, 635, 636, 637, 638, 639, 640, 641, 642, 643, 644, 645, 646, 647, 648, 649, 650, 651, 652, 653, 654, 655, 656, 657, 658, 659, 660, 661, 662, 663, 664, 665, 666, 667, 668, 669, 670, 671, 672, 673, 674, 675, 676, 677, 678, 679, 680, 681, 682, 683, 684, 685, 686, 687, 688, 689, 690, 691, 692, 693, 694, 695, 696, 697, 698, 699, 700, 701, 702, 703, 704, 705, 706, 707, 708, 709, 710, 711, 712, 713, 714, 715, 716, 717, 718, 719, 720, 721, 722, 723, 724, 725, 726, 727, 728, 729, 730, 731, 732, 733, 734, 735, 736, 737, 738, 739, 740, 741, 742, 743, 744, 745, 746, 747, 748, 749, 750, 751, 752, 753, 754, 755, 756, 757, 758, 759, 760, 761, 762, 763, 764, 765, 766, 767, 768, 769, 770, 771, 772, 773, 774, 775, 776, 777, 778, 779, 780, 781, 782, 783, 784, 785, 786, 787, 788, 789, 790, 791, 792, 793]","[220, 299, 758]","[340, 430, 796, 882]","[17, 25, 39, 41, 50, 55, 57, 59, 69, 78, 119, 174, 188, 189, 220, 250, 299, 486, 502, 520, 522, 532, 534, 535, 544, 590, 645, 659, 660, 713, 758]","[1, 13, 14, 29, 54, 55, 56, 57, 58, 60, 102, 118, 125, 127, 130, 134, 146, 149, 153, 175, 182, 187, 189, 191, 197, 225, 230, 238, 264, 265, 266, 286, 302, 317, 336, 354, 379, 388, 389, 425, 454, 458, 463, 475, 487, 498, 499, 512, 530, 531, 532, 533, 534, 536, 573, 589, 596, 598, 601, 605, 617, 620, 624, 646, 653, 658, 660, 662, 668, 689, 694, 702, 724, 725, 745, 760, 775, 793, 809, 829, 838, 839, 877, 901, 903, 905, 910, 923]","[1, 13, 14, 29, 54, 55, 56, 57, 58, 60, 102, 118, 125, 127, 130, 134, 146, 149, 153, 175, 182, 187, 189, 191, 197, 225, 230, 238, 264, 265, 266, 286, 302, 317, 336, 379, 388, 389, 425, 454, 458, 463, 475, 487, 498, 499, 512, 530, 531, 532, 533, 534, 536, 573, 589, 596, 598, 601, 605, 617, 620, 624, 646, 653, 658, 660, 662, 668, 689, 694, 702, 724, 725, 745, 760, 775, 793, 829, 838, 839, 877, 901, 903, 905, 910, 923]",5/6 successful match,False,,False,718,False,,0.8210526315789475,True,Truck Stop 111,
"EI Centro , 92243 Truck Stop 111 ( Shell )","6 760-353-3303 I-8 Exit 118 B ( CA 111 , 1/4 mi N )",HRS 24 M,Centro,92243,Truck Stop 111 ( Shell ),760-353-3303,2008,El Centro,CA,Shell,"( CA 111 , 1/4 mi N )",I-8 Exit 118 B ,Exit,118,False,,False,I-8,,,,,[],"[220, 299, 758]","[220, 299, 758]","[340, 430, 796, 882]","[103, 104, 105, 106, 107, 108, 109, 110, 111, 112, 113, 114, 115, 116, 117, 118, 119, 120, 121, 122, 123, 124, 125, 126, 127, 128, 129, 130, 131, 132, 133, 134, 135, 136, 137, 138, 139, 140, 141, 142, 143, 144, 145, 146, 147, 148, 149, 150, 151, 152, 153, 154, 155, 156, 157, 158, 159, 160, 161, 162, 163, 164, 165, 166, 167, 168, 169, 170, 171, 172, 173, 174, 175, 176, 177, 178, 179, 180, 181, 182, 183, 184, 185, 186, 187, 188, 189, 190, 191, 192, 193, 194, 195, 196, 197, 198, 199, 200, 201, 202, 203, 204, 205, 206, 207, 208, 209, 210, 211, 212, 213, 214, 215, 216, 217, 218, 219, 220, 221, 222, 223, 224, 225, 226, 227, 228, 229, 230, 231, 232, 233, 234, 235, 236, 237, 238, 239, 240, 241, 242, 243, 244, 245, 246, 247, 248, 249, 250, 251, 252, 253, 254, 255, 256, 257, 258, 259, 260, 261, 262, 263, 264, 265, 266, 267, 268, 269, 270, 271, 272, 273, 274, 275, 276, 277, 278, 279, 280, 281, 282, 283, 284, 285, 286, 287, 288, 289, 290, 291, 292, 293, 294, 295, 296, 297, 298, 299, 300, 301, 302, 303, 304, 305, 306, 307, 308, 309, 310, 311, 312, 313, 314, 315, 316, 317, 318, 319, 320, 321, 322, 323, 324, 325, 326, 327, 328, 329, 330, 331, 332, 333, 334, 335, 336, 337, 574, 575, 576, 577, 578, 579, 580, 581, 582, 583, 584, 585, 586, 587, 588, 589, 590, 591, 592, 593, 594, 595, 596, 597, 598, 599, 600, 601, 602, 603, 604, 605, 606, 607, 608, 609, 610, 611, 612, 613, 614, 615, 616, 617, 618, 619, 620, 621, 622, 623, 624, 625, 626, 627, 628, 629, 630, 631, 632, 633, 634, 635, 636, 637, 638, 639, 640, 641, 642, 643, 644, 645, 646, 647, 648, 649, 650, 651, 652, 653, 654, 655, 656, 657, 658, 659, 660, 661, 662, 663, 664, 665, 666, 667, 668, 669, 670, 671, 672, 673, 674, 675, 676, 677, 678, 679, 680, 681, 682, 683, 684, 685, 686, 687, 688, 689, 690, 691, 692, 693, 694, 695, 696, 697, 698, 699, 700, 701, 702, 703, 704, 705, 706, 707, 708, 709, 710, 711, 712, 713, 714, 715, 716, 717, 718, 719, 720, 721, 722, 723, 724, 725, 726, 727, 728, 729, 730, 731, 732, 733, 734, 735, 736, 737, 738, 739, 740, 741, 742, 743, 744, 745, 746, 747, 748, 749, 750, 751, 752, 753, 754, 755, 756, 757, 758, 759, 760, 761, 762, 763, 764, 765, 766, 767, 768, 769, 770, 771, 772, 773, 774, 775, 776, 777, 778, 779, 780, 781, 782, 783, 784, 785, 786, 787, 788, 789, 790, 791, 792, 793]","[17, 25, 39, 41, 50, 55, 57, 59, 69, 78, 119, 174, 188, 189, 220, 250, 299, 486, 502, 520, 522, 532, 534, 535, 544, 590, 645, 659, 660, 713, 758]","[1, 13, 14, 29, 54, 55, 56, 57, 58, 60, 102, 118, 125, 127, 130, 134, 146, 149, 153, 175, 182, 187, 189, 191, 197, 225, 230, 238, 264, 265, 266, 286, 302, 317, 336, 379, 388, 389, 425, 454, 458, 463, 475, 487, 498, 499, 512, 530, 531, 532, 533, 534, 536, 573, 589, 596, 598, 601, 605, 617, 620, 624, 646, 653, 658, 660, 662, 668, 689, 694, 702, 724, 725, 745, 760, 775, 793, 829, 838, 839, 877, 901, 903, 905, 910, 923]","[1, 13, 14, 29, 54, 55, 56, 57, 58, 60, 102, 118, 125, 127, 130, 134, 146, 149, 153, 175, 182, 187, 189, 191, 197, 225, 230, 238, 264, 265, 266, 286, 302, 317, 336, 354, 379, 388, 389, 425, 454, 458, 463, 475, 487, 498, 499, 512, 530, 531, 532, 533, 534, 536, 573, 589, 596, 598, 601, 605, 617, 620, 624, 646, 653, 658, 660, 662, 668, 689, 694, 702, 724, 725, 745, 760, 775, 793, 809, 829, 838, 839, 877, 901, 903, 905, 910, 923]","[1, 13, 14, 17, 25, 29, 39, 41, 50, 54, 55, 56, 57, 58, 59, 60, 69, 78, 102, 103, 104, 105, 106, 107, 108, 109, 110, 111, 112, 113, 114, 115, 116, 117, 118, 119, 120, 121, 122, 123, 124, 125, 126, 127, 128, 129, 130, 131, 132, 133, 134, 135, 136, 137, 138, 139, 140, 141, 142, 143, 144, 145, 146, 147, 148, 149, 150, 151, 152, 153, 154, 155, 156, 157, 158, 159, 160, 161, 162, 163, 164, 165, 166, 167, 168, 169, 170, 171, 172, 173, 174, 175, 176, 177, 178, 179, 180, 181, 182, 183, 184, 185, 186, 187, 188, 189, 190, 191, 192, 193, 194, 195, 196, 197, 198, 199, 200, 201, 202, 203, 204, 205, 206, 207, 208, 209, 210, 211, 212, 213, 214, 215, 216, 217, 218, 219, 220, 221, 222, 223, 224, 225, 226, 227, 228, 229, 230, 231, 232, 233, 234, 235, 236, 237, 238, 239, 240, 241, 242, 243, 244, 245, 246, 247, 248, 249, 250, 251, 252, 253, 254, 255, 256, 257, 258, 259, 260, 261, 262, 263, 264, 265, 266, 267, 268, 269, 270, 271, 272, 273, 274, 275, 276, 277, 278, 279, 280, 281, 282, 283, 284, 285, 286, 287, 288, 289, 290, 291, 292, 293, 294, 295, 296, 297, 298, 299, 300, 301, 302, 303, 304, 305, 306, 307, 308, 309, 310, 311, 312, 313, 314, 315, 316, 317, 318, 319, 320, 321, 322, 323, 324, 325, 326, 327, 328, 329, 330, 331, 332, 333, 334, 335, 336, 337, 340, 354, 379, 388, 389, 425, 430, 454, 458, 463, 475, 486, 487, 498, 499, 502, 512, 520, 522, 530, 531, 532, 533, 534, 535, 536, 544, 573, 574, 575, 576, 577, 578, 579, 580, 581, 582, 583, 584, 585, 586, 587, 588, 589, 590, 591, 592, 593, 594, 595, 596, 597, 598, 599, 600, 601, 602, 603, 604, 605, 606, 607, 608, 609, 610, 611, 612, 613, 614, 615, 616, 617, 618, 619, 620, 621, 622, 623, 624, 625, 626, 627, 628, 629, 630, 631, 632, 633, 634, 635, 636, 637, 638, 639, 640, 641, 642, 643, 644, 645, 646, 647, 648, 649, 650, 651, 652, 653, 654, 655, 656, 657, 658, 659, 660, 661, 662, 663, 664, 665, 666, 667, 668, 669, 670, 671, 672, 673, 674, 675, 676, 677, 678, 679, 680, 681, 682, 683, 684, 685, 686, 687, 688, 689, 690, 691, 692, 693, 694, 695, 696, 697, 698, 699, 700, 701, 702, 703, 704, 705, 706, 707, 708, 709, 710, 711, 712, 713, 714, 715, 716, 717, 718, 719, 720, 721, 722, 723, 724, 725, 726, 727, 728, 729, 730, 731, 732, 733, 734, 735, 736, 737, 738, 739, 740, 741, 742, 743, 744, 745, 746, 747, 748, 749, 750, 751, 752, 753, 754, 755, 756, 757, 758, 759, 760, 761, 762, 763, 764, 765, 766, 767, 768, 769, 770, 771, 772, 773, 774, 775, 776, 777, 778, 779, 780, 781, 782, 783, 784, 785, 786, 787, 788, 789, 790, 791, 792, 793, 796, 809, 829, 838, 839, 877, 882, 901, 903, 905, 910, 923]",False,"[220, 299, 758]","[103, 104, 105, 106, 107, 108, 109, 110, 111, 112, 113, 114, 115, 116, 117, 118, 119, 120, 121, 122, 123, 124, 125, 126, 127, 128, 129, 130, 131, 132, 133, 134, 135, 136, 137, 138, 139, 140, 141, 142, 143, 144, 145, 146, 147, 148, 149, 150, 151, 152, 153, 154, 155, 156, 157, 158, 159, 160, 161, 162, 163, 164, 165, 166, 167, 168, 169, 170, 171, 172, 173, 174, 175, 176, 177, 178, 179, 180, 181, 182, 183, 184, 185, 186, 187, 188, 189, 190, 191, 192, 193, 194, 195, 196, 197, 198, 199, 200, 201, 202, 203, 204, 205, 206, 207, 208, 209, 210, 211, 212, 213, 214, 215, 216, 217, 218, 219, 220, 221, 222, 223, 224, 225, 226, 227, 228, 229, 230, 231, 232, 233, 234, 235, 236, 237, 238, 239, 240, 241, 242, 243, 244, 245, 246, 247, 248, 249, 250, 251, 252, 253, 254, 255, 256, 257, 258, 259, 260, 261, 262, 263, 264, 265, 266, 267, 268, 269, 270, 271, 272, 273, 274, 275, 276, 277, 278, 279, 280, 281, 282, 283, 284, 285, 286, 287, 288, 289, 290, 291, 292, 293, 294, 295, 296, 297, 298, 299, 300, 301, 302, 303, 304, 305, 306, 307, 308, 309, 310, 311, 312, 313, 314, 315, 316, 317, 318, 319, 320, 321, 322, 323, 324, 325, 326, 327, 328, 329, 330, 331, 332, 333, 334, 335, 336, 337, 574, 575, 576, 577, 578, 579, 580, 581, 582, 583, 584, 585, 586, 587, 588, 589, 590, 591, 592, 593, 594, 595, 596, 597, 598, 599, 600, 601, 602, 603, 604, 605, 606, 607, 608, 609, 610, 611, 612, 613, 614, 615, 616, 617, 618, 619, 620, 621, 622, 623, 624, 625, 626, 627, 628, 629, 630, 631, 632, 633, 634, 635, 636, 637, 638, 639, 640, 641, 642, 643, 644, 645, 646, 647, 648, 649, 650, 651, 652, 653, 654, 655, 656, 657, 658, 659, 660, 661, 662, 663, 664, 665, 666, 667, 668, 669, 670, 671, 672, 673, 674, 675, 676, 677, 678, 679, 680, 681, 682, 683, 684, 685, 686, 687, 688, 689, 690, 691, 692, 693, 694, 695, 696, 697, 698, 699, 700, 701, 702, 703, 704, 705, 706, 707, 708, 709, 710, 711, 712, 713, 714, 715, 716, 717, 718, 719, 720, 721, 722, 723, 724, 725, 726, 727, 728, 729, 730, 731, 732, 733, 734, 735, 736, 737, 738, 739, 740, 741, 742, 743, 744, 745, 746, 747, 748, 749, 750, 751, 752, 753, 754, 755, 756, 757, 758, 759, 760, 761, 762, 763, 764, 765, 766, 767, 768, 769, 770, 771, 772, 773, 774, 775, 776, 777, 778, 779, 780, 781, 782, 783, 784, 785, 786, 787, 788, 789, 790, 791, 792, 793]","[220, 299, 758]","[340, 430, 796, 882]","[17, 25, 39, 41, 50, 55, 57, 59, 69, 78, 119, 174, 188, 189, 220, 250, 299, 486, 502, 520, 522, 532, 534, 535, 544, 590, 645, 659, 660, 713, 758]","[1, 13, 14, 29, 54, 55, 56, 57, 58, 60, 102, 118, 125, 127, 130, 134, 146, 149, 153, 175, 182, 187, 189, 191, 197, 225, 230, 238, 264, 265, 266, 286, 302, 317, 336, 354, 379, 388, 389, 425, 454, 458, 463, 475, 487, 498, 499, 512, 530, 531, 532, 533, 534, 536, 573, 589, 596, 598, 601, 605, 617, 620, 624, 646, 653, 658, 660, 662, 668, 689, 694, 702, 724, 725, 745, 760, 775, 793, 809, 829, 838, 839, 877, 901, 903, 905, 910, 923]","[1, 13, 14, 29, 54, 55, 56, 57, 58, 60, 102, 118, 125, 127, 130, 134, 146, 149, 153, 175, 182, 187, 189, 191, 197, 225, 230, 238, 264, 265, 266, 286, 302, 317, 336, 379, 388, 389, 425, 454, 458, 463, 475, 487, 498, 499, 512, 530, 531, 532, 533, 534, 536, 573, 589, 596, 598, 601, 605, 617, 620, 624, 646, 653, 658, 660, 662, 668, 689, 694, 702, 724, 725, 745, 760, 775, 793, 829, 838, 839, 877, 901, 903, 905, 910, 923]",5/6 successful match,False,,False,718,False,,1.0,True,Truck Stop 111 ( Shell ),Shell
EI Centro ( 92243 ) Truck Stop 111 ( Shell ),6 760-353-3303 I-8 Exit 118 B ( 1 mi N on CA 111 ),24 M,Centro,92243,Truck Stop 111 ( Shell ),760-353-3303,2014,El Centro,CA,Shell,( 1 mi N on CA 111 ),I-8 Exit 118 B ,Exit,118,False,,False,I-8,,,,,[],"[220, 299, 758]","[220, 299, 758]","[340, 430, 796, 882]","[103, 104, 105, 106, 107, 108, 109, 110, 111, 112, 113, 114, 115, 116, 117, 118, 119, 120, 121, 122, 123, 124, 125, 126, 127, 128, 129, 130, 131, 132, 133, 134, 135, 136, 137, 138, 139, 140, 141, 142, 143, 144, 145, 146, 147, 148, 149, 150, 151, 152, 153, 154, 155, 156, 157, 158, 159, 160, 161, 162, 163, 164, 165, 166, 167, 168, 169, 170, 171, 172, 173, 174, 175, 176, 177, 178, 179, 180, 181, 182, 183, 184, 185, 186, 187, 188, 189, 190, 191, 192, 193, 194, 195, 196, 197, 198, 199, 200, 201, 202, 203, 204, 205, 206, 207, 208, 209, 210, 211, 212, 213, 214, 215, 216, 217, 218, 219, 220, 221, 222, 223, 224, 225, 226, 227, 228, 229, 230, 231, 232, 233, 234, 235, 236, 237, 238, 239, 240, 241, 242, 243, 244, 245, 246, 247, 248, 249, 250, 251, 252, 253, 254, 255, 256, 257, 258, 259, 260, 261, 262, 263, 264, 265, 266, 267, 268, 269, 270, 271, 272, 273, 274, 275, 276, 277, 278, 279, 280, 281, 282, 283, 284, 285, 286, 287, 288, 289, 290, 291, 292, 293, 294, 295, 296, 297, 298, 299, 300, 301, 302, 303, 304, 305, 306, 307, 308, 309, 310, 311, 312, 313, 314, 315, 316, 317, 318, 319, 320, 321, 322, 323, 324, 325, 326, 327, 328, 329, 330, 331, 332, 333, 334, 335, 336, 337, 574, 575, 576, 577, 578, 579, 580, 581, 582, 583, 584, 585, 586, 587, 588, 589, 590, 591, 592, 593, 594, 595, 596, 597, 598, 599, 600, 601, 602, 603, 604, 605, 606, 607, 608, 609, 610, 611, 612, 613, 614, 615, 616, 617, 618, 619, 620, 621, 622, 623, 624, 625, 626, 627, 628, 629, 630, 631, 632, 633, 634, 635, 636, 637, 638, 639, 640, 641, 642, 643, 644, 645, 646, 647, 648, 649, 650, 651, 652, 653, 654, 655, 656, 657, 658, 659, 660, 661, 662, 663, 664, 665, 666, 667, 668, 669, 670, 671, 672, 673, 674, 675, 676, 677, 678, 679, 680, 681, 682, 683, 684, 685, 686, 687, 688, 689, 690, 691, 692, 693, 694, 695, 696, 697, 698, 699, 700, 701, 702, 703, 704, 705, 706, 707, 708, 709, 710, 711, 712, 713, 714, 715, 716, 717, 718, 719, 720, 721, 722, 723, 724, 725, 726, 727, 728, 729, 730, 731, 732, 733, 734, 735, 736, 737, 738, 739, 740, 741, 742, 743, 744, 745, 746, 747, 748, 749, 750, 751, 752, 753, 754, 755, 756, 757, 758, 759, 760, 761, 762, 763, 764, 765, 766, 767, 768, 769, 770, 771, 772, 773, 774, 775, 776, 777, 778, 779, 780, 781, 782, 783, 784, 785, 786, 787, 788, 789, 790, 791, 792, 793]","[17, 25, 39, 41, 50, 55, 57, 59, 69, 78, 119, 174, 188, 189, 220, 250, 299, 486, 502, 520, 522, 532, 534, 535, 544, 590, 645, 659, 660, 713, 758]","[1, 13, 14, 29, 54, 55, 56, 57, 58, 60, 102, 118, 125, 127, 130, 134, 146, 149, 153, 175, 182, 187, 189, 191, 197, 225, 230, 238, 264, 265, 266, 286, 302, 317, 336, 379, 388, 389, 425, 454, 458, 463, 475, 487, 498, 499, 512, 530, 531, 532, 533, 534, 536, 573, 589, 596, 598, 601, 605, 617, 620, 624, 646, 653, 658, 660, 662, 668, 689, 694, 702, 724, 725, 745, 760, 775, 793, 829, 838, 839, 877, 901, 903, 905, 910, 923]","[1, 13, 14, 29, 54, 55, 56, 57, 58, 60, 102, 118, 125, 127, 130, 134, 146, 149, 153, 175, 182, 187, 189, 191, 197, 225, 230, 238, 264, 265, 266, 286, 302, 317, 336, 354, 379, 388, 389, 425, 454, 458, 463, 475, 487, 498, 499, 512, 530, 531, 532, 533, 534, 536, 573, 589, 596, 598, 601, 605, 617, 620, 624, 646, 653, 658, 660, 662, 668, 689, 694, 702, 724, 725, 745, 760, 775, 793, 809, 829, 838, 839, 877, 901, 903, 905, 910, 923]","[1, 13, 14, 17, 25, 29, 39, 41, 50, 54, 55, 56, 57, 58, 59, 60, 69, 78, 102, 103, 104, 105, 106, 107, 108, 109, 110, 111, 112, 113, 114, 115, 116, 117, 118, 119, 120, 121, 122, 123, 124, 125, 126, 127, 128, 129, 130, 131, 132, 133, 134, 135, 136, 137, 138, 139, 140, 141, 142, 143, 144, 145, 146, 147, 148, 149, 150, 151, 152, 153, 154, 155, 156, 157, 158, 159, 160, 161, 162, 163, 164, 165, 166, 167, 168, 169, 170, 171, 172, 173, 174, 175, 176, 177, 178, 179, 180, 181, 182, 183, 184, 185, 186, 187, 188, 189, 190, 191, 192, 193, 194, 195, 196, 197, 198, 199, 200, 201, 202, 203, 204, 205, 206, 207, 208, 209, 210, 211, 212, 213, 214, 215, 216, 217, 218, 219, 220, 221, 222, 223, 224, 225, 226, 227, 228, 229, 230, 231, 232, 233, 234, 235, 236, 237, 238, 239, 240, 241, 242, 243, 244, 245, 246, 247, 248, 249, 250, 251, 252, 253, 254, 255, 256, 257, 258, 259, 260, 261, 262, 263, 264, 265, 266, 267, 268, 269, 270, 271, 272, 273, 274, 275, 276, 277, 278, 279, 280, 281, 282, 283, 284, 285, 286, 287, 288, 289, 290, 291, 292, 293, 294, 295, 296, 297, 298, 299, 300, 301, 302, 303, 304, 305, 306, 307, 308, 309, 310, 311, 312, 313, 314, 315, 316, 317, 318, 319, 320, 321, 322, 323, 324, 325, 326, 327, 328, 329, 330, 331, 332, 333, 334, 335, 336, 337, 340, 354, 379, 388, 389, 425, 430, 454, 458, 463, 475, 486, 487, 498, 499, 502, 512, 520, 522, 530, 531, 532, 533, 534, 535, 536, 544, 573, 574, 575, 576, 577, 578, 579, 580, 581, 582, 583, 584, 585, 586, 587, 588, 589, 590, 591, 592, 593, 594, 595, 596, 597, 598, 599, 600, 601, 602, 603, 604, 605, 606, 607, 608, 609, 610, 611, 612, 613, 614, 615, 616, 617, 618, 619, 620, 621, 622, 623, 624, 625, 626, 627, 628, 629, 630, 631, 632, 633, 634, 635, 636, 637, 638, 639, 640, 641, 642, 643, 644, 645, 646, 647, 648, 649, 650, 651, 652, 653, 654, 655, 656, 657, 658, 659, 660, 661, 662, 663, 664, 665, 666, 667, 668, 669, 670, 671, 672, 673, 674, 675, 676, 677, 678, 679, 680, 681, 682, 683, 684, 685, 686, 687, 688, 689, 690, 691, 692, 693, 694, 695, 696, 697, 698, 699, 700, 701, 702, 703, 704, 705, 706, 707, 708, 709, 710, 711, 712, 713, 714, 715, 716, 717, 718, 719, 720, 721, 722, 723, 724, 725, 726, 727, 728, 729, 730, 731, 732, 733, 734, 735, 736, 737, 738, 739, 740, 741, 742, 743, 744, 745, 746, 747, 748, 749, 750, 751, 752, 753, 754, 755, 756, 757, 758, 759, 760, 761, 762, 763, 764, 765, 766, 767, 768, 769, 770, 771, 772, 773, 774, 775, 776, 777, 778, 779, 780, 781, 782, 783, 784, 785, 786, 787, 788, 789, 790, 791, 792, 793, 796, 809, 829, 838, 839, 877, 882, 901, 903, 905, 910, 923]",False,"[220, 299, 758]","[103, 104, 105, 106, 107, 108, 109, 110, 111, 112, 113, 114, 115, 116, 117, 118, 119, 120, 121, 122, 123, 124, 125, 126, 127, 128, 129, 130, 131, 132, 133, 134, 135, 136, 137, 138, 139, 140, 141, 142, 143, 144, 145, 146, 147, 148, 149, 150, 151, 152, 153, 154, 155, 156, 157, 158, 159, 160, 161, 162, 163, 164, 165, 166, 167, 168, 169, 170, 171, 172, 173, 174, 175, 176, 177, 178, 179, 180, 181, 182, 183, 184, 185, 186, 187, 188, 189, 190, 191, 192, 193, 194, 195, 196, 197, 198, 199, 200, 201, 202, 203, 204, 205, 206, 207, 208, 209, 210, 211, 212, 213, 214, 215, 216, 217, 218, 219, 220, 221, 222, 223, 224, 225, 226, 227, 228, 229, 230, 231, 232, 233, 234, 235, 236, 237, 238, 239, 240, 241, 242, 243, 244, 245, 246, 247, 248, 249, 250, 251, 252, 253, 254, 255, 256, 257, 258, 259, 260, 261, 262, 263, 264, 265, 266, 267, 268, 269, 270, 271, 272, 273, 274, 275, 276, 277, 278, 279, 280, 281, 282, 283, 284, 285, 286, 287, 288, 289, 290, 291, 292, 293, 294, 295, 296, 297, 298, 299, 300, 301, 302, 303, 304, 305, 306, 307, 308, 309, 310, 311, 312, 313, 314, 315, 316, 317, 318, 319, 320, 321, 322, 323, 324, 325, 326, 327, 328, 329, 330, 331, 332, 333, 334, 335, 336, 337, 574, 575, 576, 577, 578, 579, 580, 581, 582, 583, 584, 585, 586, 587, 588, 589, 590, 591, 592, 593, 594, 595, 596, 597, 598, 599, 600, 601, 602, 603, 604, 605, 606, 607, 608, 609, 610, 611, 612, 613, 614, 615, 616, 617, 618, 619, 620, 621, 622, 623, 624, 625, 626, 627, 628, 629, 630, 631, 632, 633, 634, 635, 636, 637, 638, 639, 640, 641, 642, 643, 644, 645, 646, 647, 648, 649, 650, 651, 652, 653, 654, 655, 656, 657, 658, 659, 660, 661, 662, 663, 664, 665, 666, 667, 668, 669, 670, 671, 672, 673, 674, 675, 676, 677, 678, 679, 680, 681, 682, 683, 684, 685, 686, 687, 688, 689, 690, 691, 692, 693, 694, 695, 696, 697, 698, 699, 700, 701, 702, 703, 704, 705, 706, 707, 708, 709, 710, 711, 712, 713, 714, 715, 716, 717, 718, 719, 720, 721, 722, 723, 724, 725, 726, 727, 728, 729, 730, 731, 732, 733, 734, 735, 736, 737, 738, 739, 740, 741, 742, 743, 744, 745, 746, 747, 748, 749, 750, 751, 752, 753, 754, 755, 756, 757, 758, 759, 760, 761, 762, 763, 764, 765, 766, 767, 768, 769, 770, 771, 772, 773, 774, 775, 776, 777, 778, 779, 780, 781, 782, 783, 784, 785, 786, 787, 788, 789, 790, 791, 792, 793]","[220, 299, 758]","[340, 430, 796, 882]","[17, 25, 39, 41, 50, 55, 57, 59, 69, 78, 119, 174, 188, 189, 220, 250, 299, 486, 502, 520, 522, 532, 534, 535, 544, 590, 645, 659, 660, 713, 758]","[1, 13, 14, 29, 54, 55, 56, 57, 58, 60, 102, 118, 125, 127, 130, 134, 146, 149, 153, 175, 182, 187, 189, 191, 197, 225, 230, 238, 264, 265, 266, 286, 302, 317, 336, 354, 379, 388, 389, 425, 454, 458, 463, 475, 487, 498, 499, 512, 530, 531, 532, 533, 534, 536, 573, 589, 596, 598, 601, 605, 617, 620, 624, 646, 653, 658, 660, 662, 668, 689, 694, 702, 724, 725, 745, 760, 775, 793, 809, 829, 838, 839, 877, 901, 903, 905, 910, 923]","[1, 13, 14, 29, 54, 55, 56, 57, 58, 60, 102, 118, 125, 127, 130, 134, 146, 149, 153, 175, 182, 187, 189, 191, 197, 225, 230, 238, 264, 265, 266, 286, 302, 317, 336, 379, 388, 389, 425, 454, 458, 463, 475, 487, 498, 499, 512, 530, 531, 532, 533, 534, 536, 573, 589, 596, 598, 601, 605, 617, 620, 624, 646, 653, 658, 660, 662, 668, 689, 694, 702, 724, 725, 745, 760, 775, 793, 829, 838, 839, 877, 901, 903, 905, 910, 923]",5/6 successful match,False,,False,718,False,,1.0,True,Truck Stop 111 ( Shell ),Shell
"Ocotillo , 92259 OTU Fuel Mart",6 760-358-7324 I-8 Exit 89 ( Imperial Hwy N ),<U+2610> - <U+25A1>,Ocotillo,92259,OTU Fuel Mart,760-358-7324,2006,Ocotillo,CA,,( Imperial Hwy N ),I-8 Exit 89 ,Exit,89,False,,False,I-8,,,,,[],[],[],"[426, 878]","[103, 104, 105, 106, 107, 108, 109, 110, 111, 112, 113, 114, 115, 116, 117, 118, 119, 120, 121, 122, 123, 124, 125, 126, 127, 128, 129, 130, 131, 132, 133, 134, 135, 136, 137, 138, 139, 140, 141, 142, 143, 144, 145, 146, 147, 148, 149, 150, 151, 152, 153, 154, 155, 156, 157, 158, 159, 160, 161, 162, 163, 164, 165, 166, 167, 168, 169, 170, 171, 172, 173, 174, 175, 176, 177, 178, 179, 180, 181, 182, 183, 184, 185, 186, 187, 188, 189, 190, 191, 192, 193, 194, 195, 196, 197, 198, 199, 200, 201, 202, 203, 204, 205, 206, 207, 208, 209, 210, 211, 212, 213, 214, 215, 216, 217, 218, 219, 220, 221, 222, 223, 224, 225, 226, 227, 228, 229, 230, 231, 232, 233, 234, 235, 236, 237, 238, 239, 240, 241, 242, 243, 244, 245, 246, 247, 248, 249, 250, 251, 252, 253, 254, 255, 256, 257, 258, 259, 260, 261, 262, 263, 264, 265, 266, 267, 268, 269, 270, 271, 272, 273, 274, 275, 276, 277, 278, 279, 280, 281, 282, 283, 284, 285, 286, 287, 288, 289, 290, 291, 292, 293, 294, 295, 296, 297, 298, 299, 300, 301, 302, 303, 304, 305, 306, 307, 308, 309, 310, 311, 312, 313, 314, 315, 316, 317, 318, 319, 320, 321, 322, 323, 324, 325, 326, 327, 328, 329, 330, 331, 332, 333, 334, 335, 336, 337, 574, 575, 576, 577, 578, 579, 580, 581, 582, 583, 584, 585, 586, 587, 588, 589, 590, 591, 592, 593, 594, 595, 596, 597, 598, 599, 600, 601, 602, 603, 604, 605, 606, 607, 608, 609, 610, 611, 612, 613, 614, 615, 616, 617, 618, 619, 620, 621, 622, 623, 624, 625, 626, 627, 628, 629, 630, 631, 632, 633, 634, 635, 636, 637, 638, 639, 640, 641, 642, 643, 644, 645, 646, 647, 648, 649, 650, 651, 652, 653, 654, 655, 656, 657, 658, 659, 660, 661, 662, 663, 664, 665, 666, 667, 668, 669, 670, 671, 672, 673, 674, 675, 676, 677, 678, 679, 680, 681, 682, 683, 684, 685, 686, 687, 688, 689, 690, 691, 692, 693, 694, 695, 696, 697, 698, 699, 700, 701, 702, 703, 704, 705, 706, 707, 708, 709, 710, 711, 712, 713, 714, 715, 716, 717, 718, 719, 720, 721, 722, 723, 724, 725, 726, 727, 728, 729, 730, 731, 732, 733, 734, 735, 736, 737, 738, 739, 740, 741, 742, 743, 744, 745, 746, 747, 748, 749, 750, 751, 752, 753, 754, 755, 756, 757, 758, 759, 760, 761, 762, 763, 764, 765, 766, 767, 768, 769, 770, 771, 772, 773, 774, 775, 776, 777, 778, 779, 780, 781, 782, 783, 784, 785, 786, 787, 788, 789, 790, 791, 792, 793]","[17, 25, 39, 41, 50, 55, 57, 59, 69, 78, 119, 174, 188, 189, 220, 250, 299, 486, 502, 520, 522, 532, 534, 535, 544, 590, 645, 659, 660, 713, 758]",[],[],"[17, 25, 39, 41, 50, 55, 57, 59, 69, 78, 103, 104, 105, 106, 107, 108, 109, 110, 111, 112, 113, 114, 115, 116, 117, 118, 119, 120, 121, 122, 123, 124, 125, 126, 127, 128, 129, 130, 131, 132, 133, 134, 135, 136, 137, 138, 139, 140, 141, 142, 143, 144, 145, 146, 147, 148, 149, 150, 151, 152, 153, 154, 155, 156, 157, 158, 159, 160, 161, 162, 163, 164, 165, 166, 167, 168, 169, 170, 171, 172, 173, 174, 175, 176, 177, 178, 179, 180, 181, 182, 183, 184, 185, 186, 187, 188, 189, 190, 191, 192, 193, 194, 195, 196, 197, 198, 199, 200, 201, 202, 203, 204, 205, 206, 207, 208, 209, 210, 211, 212, 213, 214, 215, 216, 217, 218, 219, 220, 221, 222, 223, 224, 225, 226, 227, 228, 229, 230, 231, 232, 233, 234, 235, 236, 237, 238, 239, 240, 241, 242, 243, 244, 245, 246, 247, 248, 249, 250, 251, 252, 253, 254, 255, 256, 257, 258, 259, 260, 261, 262, 263, 264, 265, 266, 267, 268, 269, 270, 271, 272, 273, 274, 275, 276, 277, 278, 279, 280, 281, 282, 283, 284, 285, 286, 287, 288, 289, 290, 291, 292, 293, 294, 295, 296, 297, 298, 299, 300, 301, 302, 303, 304, 305, 306, 307, 308, 309, 310, 311, 312, 313, 314, 315, 316, 317, 318, 319, 320, 321, 322, 323, 324, 325, 326, 327, 328, 329, 330, 331, 332, 333, 334, 335, 336, 337, 426, 486, 502, 520, 522, 532, 534, 535, 544, 574, 575, 576, 577, 578, 579, 580, 581, 582, 583, 584, 585, 586, 587, 588, 589, 590, 591, 592, 593, 594, 595, 596, 597, 598, 599, 600, 601, 602, 603, 604, 605, 606, 607, 608, 609, 610, 611, 612, 613, 614, 615, 616, 617, 618, 619, 620, 621, 622, 623, 624, 625, 626, 627, 628, 629, 630, 631, 632, 633, 634, 635, 636, 637, 638, 639, 640, 641, 642, 643, 644, 645, 646, 647, 648, 649, 650, 651, 652, 653, 654, 655, 656, 657, 658, 659, 660, 661, 662, 663, 664, 665, 666, 667, 668, 669, 670, 671, 672, 673, 674, 675, 676, 677, 678, 679, 680, 681, 682, 683, 684, 685, 686, 687, 688, 689, 690, 691, 692, 693, 694, 695, 696, 697, 698, 699, 700, 701, 702, 703, 704, 705, 706, 707, 708, 709, 710, 711, 712, 713, 714, 715, 716, 717, 718, 719, 720, 721, 722, 723, 724, 725, 726, 727, 728, 729, 730, 731, 732, 733, 734, 735, 736, 737, 738, 739, 740, 741, 742, 743, 744, 745, 746, 747, 748, 749, 750, 751, 752, 753, 754, 755, 756, 757, 758, 759, 760, 761, 762, 763, 764, 765, 766, 767, 768, 769, 770, 771, 772, 773, 774, 775, 776, 777, 778, 779, 780, 781, 782, 783, 784, 785, 786, 787, 788, 789, 790, 791, 792, 793, 878]",False,[],"[103, 104, 105, 106, 107, 108, 109, 110, 111, 112, 113, 114, 115, 116, 117, 118, 119, 120, 121, 122, 123, 124, 125, 126, 127, 128, 129, 130, 131, 132, 133, 134, 135, 136, 137, 138, 139, 140, 141, 142, 143, 144, 145, 146, 147, 148, 149, 150, 151, 152, 153, 154, 155, 156, 157, 158, 159, 160, 161, 162, 163, 164, 165, 166, 167, 168, 169, 170, 171, 172, 173, 174, 175, 176, 177, 178, 179, 180, 181, 182, 183, 184, 185, 186, 187, 188, 189, 190, 191, 192, 193, 194, 195, 196, 197, 198, 199, 200, 201, 202, 203, 204, 205, 206, 207, 208, 209, 210, 211, 212, 213, 214, 215, 216, 217, 218, 219, 220, 221, 222, 223, 224, 225, 226, 227, 228, 229, 230, 231, 232, 233, 234, 235, 236, 237, 238, 239, 240, 241, 242, 243, 244, 245, 246, 247, 248, 249, 250, 251, 252, 253, 254, 255, 256, 257, 258, 259, 260, 261, 262, 263, 264, 265, 266, 267, 268, 269, 270, 271, 272, 273, 274, 275, 276, 277, 278, 279, 280, 281, 282, 283, 284, 285, 286, 287, 288, 289, 290, 291, 292, 293, 294, 295, 296, 297, 298, 299, 300, 301, 302, 303, 304, 305, 306, 307, 308, 309, 310, 311, 312, 313, 314, 315, 316, 317, 318, 319, 320, 321, 322, 323, 324, 325, 326, 327, 328, 329, 330, 331, 332, 333, 334, 335, 336, 337, 574, 575, 576, 577, 578, 579, 580, 581, 582, 583, 584, 585, 586, 587, 588, 589, 590, 591, 592, 593, 594, 595, 596, 597, 598, 599, 600, 601, 602, 603, 604, 605, 606, 607, 608, 609, 610, 611, 612, 613, 614, 615, 616, 617, 618, 619, 620, 621, 622, 623, 624, 625, 626, 627, 628, 629, 630, 631, 632, 633, 634, 635, 636, 637, 638, 639, 640, 641, 642, 643, 644, 645, 646, 647, 648, 649, 650, 651, 652, 653, 654, 655, 656, 657, 658, 659, 660, 661, 662, 663, 664, 665, 666, 667, 668, 669, 670, 671, 672, 673, 674, 675, 676, 677, 678, 679, 680, 681, 682, 683, 684, 685, 686, 687, 688, 689, 690, 691, 692, 693, 694, 695, 696, 697, 698, 699, 700, 701, 702, 703, 704, 705, 706, 707, 708, 709, 710, 711, 712, 713, 714, 715, 716, 717, 718, 719, 720, 721, 722, 723, 724, 725, 726, 727, 728, 729, 730, 731, 732, 733, 734, 735, 736, 737, 738, 739, 740, 741, 742, 743, 744, 745, 746, 747, 748, 749, 750, 751, 752, 753, 754, 755, 756, 757, 758, 759, 760, 761, 762, 763, 764, 765, 766, 767, 768, 769, 770, 771, 772, 773, 774, 775, 776, 777, 778, 779, 780, 781, 782, 783, 784, 785, 786, 787, 788, 789, 790, 791, 792, 793]",[],"[426, 878]","[17, 25, 39, 41, 50, 55, 57, 59, 69, 78, 119, 174, 188, 189, 220, 250, 299, 486, 502, 520, 522, 532, 534, 535, 544, 590, 645, 659, 660, 713, 758]",[],[],2/6 successful match,False,,False,719,False,,,,,
"Ocotillo , 92259 OTU Fuel Mart )",6 760-358-7324 I-8 Exit 89 ( Imperial Hwy N ),<U+25A1> <U+2610>,Ocotillo,92259,OTU Fuel Mart ),760-358-7324,2007,Ocotillo,CA,,( Imperial Hwy N ),I-8 Exit 89 ,Exit,89,False,,False,I-8,,,,,[],[],[],"[426, 878]","[103, 104, 105, 106, 107, 108, 109, 110, 111, 112, 113, 114, 115, 116, 117, 118, 119, 120, 121, 122, 123, 124, 125, 126, 127, 128, 129, 130, 131, 132, 133, 134, 135, 136, 137, 138, 139, 140, 141, 142, 143, 144, 145, 146, 147, 148, 149, 150, 151, 152, 153, 154, 155, 156, 157, 158, 159, 160, 161, 162, 163, 164, 165, 166, 167, 168, 169, 170, 171, 172, 173, 174, 175, 176, 177, 178, 179, 180, 181, 182, 183, 184, 185, 186, 187, 188, 189, 190, 191, 192, 193, 194, 195, 196, 197, 198, 199, 200, 201, 202, 203, 204, 205, 206, 207, 208, 209, 210, 211, 212, 213, 214, 215, 216, 217, 218, 219, 220, 221, 222, 223, 224, 225, 226, 227, 228, 229, 230, 231, 232, 233, 234, 235, 236, 237, 238, 239, 240, 241, 242, 243, 244, 245, 246, 247, 248, 249, 250, 251, 252, 253, 254, 255, 256, 257, 258, 259, 260, 261, 262, 263, 264, 265, 266, 267, 268, 269, 270, 271, 272, 273, 274, 275, 276, 277, 278, 279, 280, 281, 282, 283, 284, 285, 286, 287, 288, 289, 290, 291, 292, 293, 294, 295, 296, 297, 298, 299, 300, 301, 302, 303, 304, 305, 306, 307, 308, 309, 310, 311, 312, 313, 314, 315, 316, 317, 318, 319, 320, 321, 322, 323, 324, 325, 326, 327, 328, 329, 330, 331, 332, 333, 334, 335, 336, 337, 574, 575, 576, 577, 578, 579, 580, 581, 582, 583, 584, 585, 586, 587, 588, 589, 590, 591, 592, 593, 594, 595, 596, 597, 598, 599, 600, 601, 602, 603, 604, 605, 606, 607, 608, 609, 610, 611, 612, 613, 614, 615, 616, 617, 618, 619, 620, 621, 622, 623, 624, 625, 626, 627, 628, 629, 630, 631, 632, 633, 634, 635, 636, 637, 638, 639, 640, 641, 642, 643, 644, 645, 646, 647, 648, 649, 650, 651, 652, 653, 654, 655, 656, 657, 658, 659, 660, 661, 662, 663, 664, 665, 666, 667, 668, 669, 670, 671, 672, 673, 674, 675, 676, 677, 678, 679, 680, 681, 682, 683, 684, 685, 686, 687, 688, 689, 690, 691, 692, 693, 694, 695, 696, 697, 698, 699, 700, 701, 702, 703, 704, 705, 706, 707, 708, 709, 710, 711, 712, 713, 714, 715, 716, 717, 718, 719, 720, 721, 722, 723, 724, 725, 726, 727, 728, 729, 730, 731, 732, 733, 734, 735, 736, 737, 738, 739, 740, 741, 742, 743, 744, 745, 746, 747, 748, 749, 750, 751, 752, 753, 754, 755, 756, 757, 758, 759, 760, 761, 762, 763, 764, 765, 766, 767, 768, 769, 770, 771, 772, 773, 774, 775, 776, 777, 778, 779, 780, 781, 782, 783, 784, 785, 786, 787, 788, 789, 790, 791, 792, 793]","[17, 25, 39, 41, 50, 55, 57, 59, 69, 78, 119, 174, 188, 189, 220, 250, 299, 486, 502, 520, 522, 532, 534, 535, 544, 590, 645, 659, 660, 713, 758]",[],[],"[17, 25, 39, 41, 50, 55, 57, 59, 69, 78, 103, 104, 105, 106, 107, 108, 109, 110, 111, 112, 113, 114, 115, 116, 117, 118, 119, 120, 121, 122, 123, 124, 125, 126, 127, 128, 129, 130, 131, 132, 133, 134, 135, 136, 137, 138, 139, 140, 141, 142, 143, 144, 145, 146, 147, 148, 149, 150, 151, 152, 153, 154, 155, 156, 157, 158, 159, 160, 161, 162, 163, 164, 165, 166, 167, 168, 169, 170, 171, 172, 173, 174, 175, 176, 177, 178, 179, 180, 181, 182, 183, 184, 185, 186, 187, 188, 189, 190, 191, 192, 193, 194, 195, 196, 197, 198, 199, 200, 201, 202, 203, 204, 205, 206, 207, 208, 209, 210, 211, 212, 213, 214, 215, 216, 217, 218, 219, 220, 221, 222, 223, 224, 225, 226, 227, 228, 229, 230, 231, 232, 233, 234, 235, 236, 237, 238, 239, 240, 241, 242, 243, 244, 245, 246, 247, 248, 249, 250, 251, 252, 253, 254, 255, 256, 257, 258, 259, 260, 261, 262, 263, 264, 265, 266, 267, 268, 269, 270, 271, 272, 273, 274, 275, 276, 277, 278, 279, 280, 281, 282, 283, 284, 285, 286, 287, 288, 289, 290, 291, 292, 293, 294, 295, 296, 297, 298, 299, 300, 301, 302, 303, 304, 305, 306, 307, 308, 309, 310, 311, 312, 313, 314, 315, 316, 317, 318, 319, 320, 321, 322, 323, 324, 325, 326, 327, 328, 329, 330, 331, 332, 333, 334, 335, 336, 337, 426, 486, 502, 520, 522, 532, 534, 535, 544, 574, 575, 576, 577, 578, 579, 580, 581, 582, 583, 584, 585, 586, 587, 588, 589, 590, 591, 592, 593, 594, 595, 596, 597, 598, 599, 600, 601, 602, 603, 604, 605, 606, 607, 608, 609, 610, 611, 612, 613, 614, 615, 616, 617, 618, 619, 620, 621, 622, 623, 624, 625, 626, 627, 628, 629, 630, 631, 632, 633, 634, 635, 636, 637, 638, 639, 640, 641, 642, 643, 644, 645, 646, 647, 648, 649, 650, 651, 652, 653, 654, 655, 656, 657, 658, 659, 660, 661, 662, 663, 664, 665, 666, 667, 668, 669, 670, 671, 672, 673, 674, 675, 676, 677, 678, 679, 680, 681, 682, 683, 684, 685, 686, 687, 688, 689, 690, 691, 692, 693, 694, 695, 696, 697, 698, 699, 700, 701, 702, 703, 704, 705, 706, 707, 708, 709, 710, 711, 712, 713, 714, 715, 716, 717, 718, 719, 720, 721, 722, 723, 724, 725, 726, 727, 728, 729, 730, 731, 732, 733, 734, 735, 736, 737, 738, 739, 740, 741, 742, 743, 744, 745, 746, 747, 748, 749, 750, 751, 752, 753, 754, 755, 756, 757, 758, 759, 760, 761, 762, 763, 764, 765, 766, 767, 768, 769, 770, 771, 772, 773, 774, 775, 776, 777, 778, 779, 780, 781, 782, 783, 784, 785, 786, 787, 788, 789, 790, 791, 792, 793, 878]",False,[],"[103, 104, 105, 106, 107, 108, 109, 110, 111, 112, 113, 114, 115, 116, 117, 118, 119, 120, 121, 122, 123, 124, 125, 126, 127, 128, 129, 130, 131, 132, 133, 134, 135, 136, 137, 138, 139, 140, 141, 142, 143, 144, 145, 146, 147, 148, 149, 150, 151, 152, 153, 154, 155, 156, 157, 158, 159, 160, 161, 162, 163, 164, 165, 166, 167, 168, 169, 170, 171, 172, 173, 174, 175, 176, 177, 178, 179, 180, 181, 182, 183, 184, 185, 186, 187, 188, 189, 190, 191, 192, 193, 194, 195, 196, 197, 198, 199, 200, 201, 202, 203, 204, 205, 206, 207, 208, 209, 210, 211, 212, 213, 214, 215, 216, 217, 218, 219, 220, 221, 222, 223, 224, 225, 226, 227, 228, 229, 230, 231, 232, 233, 234, 235, 236, 237, 238, 239, 240, 241, 242, 243, 244, 245, 246, 247, 248, 249, 250, 251, 252, 253, 254, 255, 256, 257, 258, 259, 260, 261, 262, 263, 264, 265, 266, 267, 268, 269, 270, 271, 272, 273, 274, 275, 276, 277, 278, 279, 280, 281, 282, 283, 284, 285, 286, 287, 288, 289, 290, 291, 292, 293, 294, 295, 296, 297, 298, 299, 300, 301, 302, 303, 304, 305, 306, 307, 308, 309, 310, 311, 312, 313, 314, 315, 316, 317, 318, 319, 320, 321, 322, 323, 324, 325, 326, 327, 328, 329, 330, 331, 332, 333, 334, 335, 336, 337, 574, 575, 576, 577, 578, 579, 580, 581, 582, 583, 584, 585, 586, 587, 588, 589, 590, 591, 592, 593, 594, 595, 596, 597, 598, 599, 600, 601, 602, 603, 604, 605, 606, 607, 608, 609, 610, 611, 612, 613, 614, 615, 616, 617, 618, 619, 620, 621, 622, 623, 624, 625, 626, 627, 628, 629, 630, 631, 632, 633, 634, 635, 636, 637, 638, 639, 640, 641, 642, 643, 644, 645, 646, 647, 648, 649, 650, 651, 652, 653, 654, 655, 656, 657, 658, 659, 660, 661, 662, 663, 664, 665, 666, 667, 668, 669, 670, 671, 672, 673, 674, 675, 676, 677, 678, 679, 680, 681, 682, 683, 684, 685, 686, 687, 688, 689, 690, 691, 692, 693, 694, 695, 696, 697, 698, 699, 700, 701, 702, 703, 704, 705, 706, 707, 708, 709, 710, 711, 712, 713, 714, 715, 716, 717, 718, 719, 720, 721, 722, 723, 724, 725, 726, 727, 728, 729, 730, 731, 732, 733, 734, 735, 736, 737, 738, 739, 740, 741, 742, 743, 744, 745, 746, 747, 748, 749, 750, 751, 752, 753, 754, 755, 756, 757, 758, 759, 760, 761, 762, 763, 764, 765, 766, 767, 768, 769, 770, 771, 772, 773, 774, 775, 776, 777, 778, 779, 780, 781, 782, 783, 784, 785, 786, 787, 788, 789, 790, 791, 792, 793]",[],"[426, 878]","[17, 25, 39, 41, 50, 55, 57, 59, 69, 78, 119, 174, 188, 189, 220, 250, 299, 486, 502, 520, 522, 532, 534, 535, 544, 590, 645, 659, 660, 713, 758]",[],[],2/6 successful match,False,,False,719,False,,1.0,True,OTU Fuel Mart,
"Ocotillo , 92259 Desert Fuel Stop ( 76 )",6 760-358-7731 I-8 Exit 89 ( Imperial Hwy S ),M D,Ocotillo,92259,Desert Fuel Stop ( 76 ),760-358-7731,2006,Ocotillo,CA,,( Imperial Hwy S ),I-8 Exit 89 ,Exit,89,False,,False,I-8,,,,,[],[],[],"[426, 878]","[103, 104, 105, 106, 107, 108, 109, 110, 111, 112, 113, 114, 115, 116, 117, 118, 119, 120, 121, 122, 123, 124, 125, 126, 127, 128, 129, 130, 131, 132, 133, 134, 135, 136, 137, 138, 139, 140, 141, 142, 143, 144, 145, 146, 147, 148, 149, 150, 151, 152, 153, 154, 155, 156, 157, 158, 159, 160, 161, 162, 163, 164, 165, 166, 167, 168, 169, 170, 171, 172, 173, 174, 175, 176, 177, 178, 179, 180, 181, 182, 183, 184, 185, 186, 187, 188, 189, 190, 191, 192, 193, 194, 195, 196, 197, 198, 199, 200, 201, 202, 203, 204, 205, 206, 207, 208, 209, 210, 211, 212, 213, 214, 215, 216, 217, 218, 219, 220, 221, 222, 223, 224, 225, 226, 227, 228, 229, 230, 231, 232, 233, 234, 235, 236, 237, 238, 239, 240, 241, 242, 243, 244, 245, 246, 247, 248, 249, 250, 251, 252, 253, 254, 255, 256, 257, 258, 259, 260, 261, 262, 263, 264, 265, 266, 267, 268, 269, 270, 271, 272, 273, 274, 275, 276, 277, 278, 279, 280, 281, 282, 283, 284, 285, 286, 287, 288, 289, 290, 291, 292, 293, 294, 295, 296, 297, 298, 299, 300, 301, 302, 303, 304, 305, 306, 307, 308, 309, 310, 311, 312, 313, 314, 315, 316, 317, 318, 319, 320, 321, 322, 323, 324, 325, 326, 327, 328, 329, 330, 331, 332, 333, 334, 335, 336, 337, 574, 575, 576, 577, 578, 579, 580, 581, 582, 583, 584, 585, 586, 587, 588, 589, 590, 591, 592, 593, 594, 595, 596, 597, 598, 599, 600, 601, 602, 603, 604, 605, 606, 607, 608, 609, 610, 611, 612, 613, 614, 615, 616, 617, 618, 619, 620, 621, 622, 623, 624, 625, 626, 627, 628, 629, 630, 631, 632, 633, 634, 635, 636, 637, 638, 639, 640, 641, 642, 643, 644, 645, 646, 647, 648, 649, 650, 651, 652, 653, 654, 655, 656, 657, 658, 659, 660, 661, 662, 663, 664, 665, 666, 667, 668, 669, 670, 671, 672, 673, 674, 675, 676, 677, 678, 679, 680, 681, 682, 683, 684, 685, 686, 687, 688, 689, 690, 691, 692, 693, 694, 695, 696, 697, 698, 699, 700, 701, 702, 703, 704, 705, 706, 707, 708, 709, 710, 711, 712, 713, 714, 715, 716, 717, 718, 719, 720, 721, 722, 723, 724, 725, 726, 727, 728, 729, 730, 731, 732, 733, 734, 735, 736, 737, 738, 739, 740, 741, 742, 743, 744, 745, 746, 747, 748, 749, 750, 751, 752, 753, 754, 755, 756, 757, 758, 759, 760, 761, 762, 763, 764, 765, 766, 767, 768, 769, 770, 771, 772, 773, 774, 775, 776, 777, 778, 779, 780, 781, 782, 783, 784, 785, 786, 787, 788, 789, 790, 791, 792, 793]","[17, 25, 39, 41, 50, 55, 57, 59, 69, 78, 119, 174, 188, 189, 220, 250, 299, 486, 502, 520, 522, 532, 534, 535, 544, 590, 645, 659, 660, 713, 758]",[],"[84, 87, 89, 114, 115, 117, 124, 132, 135, 144, 152, 178, 184, 232, 239, 268, 281, 297, 318, 320, 327, 348, 394, 555, 558, 560, 585, 586, 588, 595, 603, 606, 615, 623, 649, 655, 696, 703, 727, 740, 756, 776, 778, 785, 803, 844]","[17, 25, 39, 41, 50, 55, 57, 59, 69, 78, 84, 87, 89, 103, 104, 105, 106, 107, 108, 109, 110, 111, 112, 113, 114, 115, 116, 117, 118, 119, 120, 121, 122, 123, 124, 125, 126, 127, 128, 129, 130, 131, 132, 133, 134, 135, 136, 137, 138, 139, 140, 141, 142, 143, 144, 145, 146, 147, 148, 149, 150, 151, 152, 153, 154, 155, 156, 157, 158, 159, 160, 161, 162, 163, 164, 165, 166, 167, 168, 169, 170, 171, 172, 173, 174, 175, 176, 177, 178, 179, 180, 181, 182, 183, 184, 185, 186, 187, 188, 189, 190, 191, 192, 193, 194, 195, 196, 197, 198, 199, 200, 201, 202, 203, 204, 205, 206, 207, 208, 209, 210, 211, 212, 213, 214, 215, 216, 217, 218, 219, 220, 221, 222, 223, 224, 225, 226, 227, 228, 229, 230, 231, 232, 233, 234, 235, 236, 237, 238, 239, 240, 241, 242, 243, 244, 245, 246, 247, 248, 249, 250, 251, 252, 253, 254, 255, 256, 257, 258, 259, 260, 261, 262, 263, 264, 265, 266, 267, 268, 269, 270, 271, 272, 273, 274, 275, 276, 277, 278, 279, 280, 281, 282, 283, 284, 285, 286, 287, 288, 289, 290, 291, 292, 293, 294, 295, 296, 297, 298, 299, 300, 301, 302, 303, 304, 305, 306, 307, 308, 309, 310, 311, 312, 313, 314, 315, 316, 317, 318, 319, 320, 321, 322, 323, 324, 325, 326, 327, 328, 329, 330, 331, 332, 333, 334, 335, 336, 337, 348, 394, 426, 486, 502, 520, 522, 532, 534, 535, 544, 555, 558, 560, 574, 575, 576, 577, 578, 579, 580, 581, 582, 583, 584, 585, 586, 587, 588, 589, 590, 591, 592, 593, 594, 595, 596, 597, 598, 599, 600, 601, 602, 603, 604, 605, 606, 607, 608, 609, 610, 611, 612, 613, 614, 615, 616, 617, 618, 619, 620, 621, 622, 623, 624, 625, 626, 627, 628, 629, 630, 631, 632, 633, 634, 635, 636, 637, 638, 639, 640, 641, 642, 643, 644, 645, 646, 647, 648, 649, 650, 651, 652, 653, 654, 655, 656, 657, 658, 659, 660, 661, 662, 663, 664, 665, 666, 667, 668, 669, 670, 671, 672, 673, 674, 675, 676, 677, 678, 679, 680, 681, 682, 683, 684, 685, 686, 687, 688, 689, 690, 691, 692, 693, 694, 695, 696, 697, 698, 699, 700, 701, 702, 703, 704, 705, 706, 707, 708, 709, 710, 711, 712, 713, 714, 715, 716, 717, 718, 719, 720, 721, 722, 723, 724, 725, 726, 727, 728, 729, 730, 731, 732, 733, 734, 735, 736, 737, 738, 739, 740, 741, 742, 743, 744, 745, 746, 747, 748, 749, 750, 751, 752, 753, 754, 755, 756, 757, 758, 759, 760, 761, 762, 763, 764, 765, 766, 767, 768, 769, 770, 771, 772, 773, 774, 775, 776, 777, 778, 779, 780, 781, 782, 783, 784, 785, 786, 787, 788, 789, 790, 791, 792, 793, 803, 844, 878]",False,[],"[103, 104, 105, 106, 107, 108, 109, 110, 111, 112, 113, 114, 115, 116, 117, 118, 119, 120, 121, 122, 123, 124, 125, 126, 127, 128, 129, 130, 131, 132, 133, 134, 135, 136, 137, 138, 139, 140, 141, 142, 143, 144, 145, 146, 147, 148, 149, 150, 151, 152, 153, 154, 155, 156, 157, 158, 159, 160, 161, 162, 163, 164, 165, 166, 167, 168, 169, 170, 171, 172, 173, 174, 175, 176, 177, 178, 179, 180, 181, 182, 183, 184, 185, 186, 187, 188, 189, 190, 191, 192, 193, 194, 195, 196, 197, 198, 199, 200, 201, 202, 203, 204, 205, 206, 207, 208, 209, 210, 211, 212, 213, 214, 215, 216, 217, 218, 219, 220, 221, 222, 223, 224, 225, 226, 227, 228, 229, 230, 231, 232, 233, 234, 235, 236, 237, 238, 239, 240, 241, 242, 243, 244, 245, 246, 247, 248, 249, 250, 251, 252, 253, 254, 255, 256, 257, 258, 259, 260, 261, 262, 263, 264, 265, 266, 267, 268, 269, 270, 271, 272, 273, 274, 275, 276, 277, 278, 279, 280, 281, 282, 283, 284, 285, 286, 287, 288, 289, 290, 291, 292, 293, 294, 295, 296, 297, 298, 299, 300, 301, 302, 303, 304, 305, 306, 307, 308, 309, 310, 311, 312, 313, 314, 315, 316, 317, 318, 319, 320, 321, 322, 323, 324, 325, 326, 327, 328, 329, 330, 331, 332, 333, 334, 335, 336, 337, 574, 575, 576, 577, 578, 579, 580, 581, 582, 583, 584, 585, 586, 587, 588, 589, 590, 591, 592, 593, 594, 595, 596, 597, 598, 599, 600, 601, 602, 603, 604, 605, 606, 607, 608, 609, 610, 611, 612, 613, 614, 615, 616, 617, 618, 619, 620, 621, 622, 623, 624, 625, 626, 627, 628, 629, 630, 631, 632, 633, 634, 635, 636, 637, 638, 639, 640, 641, 642, 643, 644, 645, 646, 647, 648, 649, 650, 651, 652, 653, 654, 655, 656, 657, 658, 659, 660, 661, 662, 663, 664, 665, 666, 667, 668, 669, 670, 671, 672, 673, 674, 675, 676, 677, 678, 679, 680, 681, 682, 683, 684, 685, 686, 687, 688, 689, 690, 691, 692, 693, 694, 695, 696, 697, 698, 699, 700, 701, 702, 703, 704, 705, 706, 707, 708, 709, 710, 711, 712, 713, 714, 715, 716, 717, 718, 719, 720, 721, 722, 723, 724, 725, 726, 727, 728, 729, 730, 731, 732, 733, 734, 735, 736, 737, 738, 739, 740, 741, 742, 743, 744, 745, 746, 747, 748, 749, 750, 751, 752, 753, 754, 755, 756, 757, 758, 759, 760, 761, 762, 763, 764, 765, 766, 767, 768, 769, 770, 771, 772, 773, 774, 775, 776, 777, 778, 779, 780, 781, 782, 783, 784, 785, 786, 787, 788, 789, 790, 791, 792, 793]",[],"[426, 878]","[17, 25, 39, 41, 50, 55, 57, 59, 69, 78, 119, 174, 188, 189, 220, 250, 299, 486, 502, 520, 522, 532, 534, 535, 544, 590, 645, 659, 660, 713, 758]","[84, 87, 89, 114, 115, 117, 124, 132, 135, 144, 152, 178, 184, 232, 239, 268, 281, 297, 318, 320, 327, 348, 394, 555, 558, 560, 585, 586, 588, 595, 603, 606, 615, 623, 649, 655, 696, 703, 727, 740, 756, 776, 778, 785, 803, 844]",[],2/6 successful match,False,[411],True,720,False,,,,,
"Ocotillo , 92259 Desert Fuel Stop S )",760-358-7731 I-8 Exit 89 ( Imperial ( 76 ),24 HRS +181 M O,Ocotillo,92259,Desert Fuel Stop S ),760-358-7731,2007,Ocotillo,CA,,( Imperial ( 76 ),I-8 Exit 89 ,Exit,89,False,,False,I-8,,,,,[],[],[],"[426, 878]","[103, 104, 105, 106, 107, 108, 109, 110, 111, 112, 113, 114, 115, 116, 117, 118, 119, 120, 121, 122, 123, 124, 125, 126, 127, 128, 129, 130, 131, 132, 133, 134, 135, 136, 137, 138, 139, 140, 141, 142, 143, 144, 145, 146, 147, 148, 149, 150, 151, 152, 153, 154, 155, 156, 157, 158, 159, 160, 161, 162, 163, 164, 165, 166, 167, 168, 169, 170, 171, 172, 173, 174, 175, 176, 177, 178, 179, 180, 181, 182, 183, 184, 185, 186, 187, 188, 189, 190, 191, 192, 193, 194, 195, 196, 197, 198, 199, 200, 201, 202, 203, 204, 205, 206, 207, 208, 209, 210, 211, 212, 213, 214, 215, 216, 217, 218, 219, 220, 221, 222, 223, 224, 225, 226, 227, 228, 229, 230, 231, 232, 233, 234, 235, 236, 237, 238, 239, 240, 241, 242, 243, 244, 245, 246, 247, 248, 249, 250, 251, 252, 253, 254, 255, 256, 257, 258, 259, 260, 261, 262, 263, 264, 265, 266, 267, 268, 269, 270, 271, 272, 273, 274, 275, 276, 277, 278, 279, 280, 281, 282, 283, 284, 285, 286, 287, 288, 289, 290, 291, 292, 293, 294, 295, 296, 297, 298, 299, 300, 301, 302, 303, 304, 305, 306, 307, 308, 309, 310, 311, 312, 313, 314, 315, 316, 317, 318, 319, 320, 321, 322, 323, 324, 325, 326, 327, 328, 329, 330, 331, 332, 333, 334, 335, 336, 337, 574, 575, 576, 577, 578, 579, 580, 581, 582, 583, 584, 585, 586, 587, 588, 589, 590, 591, 592, 593, 594, 595, 596, 597, 598, 599, 600, 601, 602, 603, 604, 605, 606, 607, 608, 609, 610, 611, 612, 613, 614, 615, 616, 617, 618, 619, 620, 621, 622, 623, 624, 625, 626, 627, 628, 629, 630, 631, 632, 633, 634, 635, 636, 637, 638, 639, 640, 641, 642, 643, 644, 645, 646, 647, 648, 649, 650, 651, 652, 653, 654, 655, 656, 657, 658, 659, 660, 661, 662, 663, 664, 665, 666, 667, 668, 669, 670, 671, 672, 673, 674, 675, 676, 677, 678, 679, 680, 681, 682, 683, 684, 685, 686, 687, 688, 689, 690, 691, 692, 693, 694, 695, 696, 697, 698, 699, 700, 701, 702, 703, 704, 705, 706, 707, 708, 709, 710, 711, 712, 713, 714, 715, 716, 717, 718, 719, 720, 721, 722, 723, 724, 725, 726, 727, 728, 729, 730, 731, 732, 733, 734, 735, 736, 737, 738, 739, 740, 741, 742, 743, 744, 745, 746, 747, 748, 749, 750, 751, 752, 753, 754, 755, 756, 757, 758, 759, 760, 761, 762, 763, 764, 765, 766, 767, 768, 769, 770, 771, 772, 773, 774, 775, 776, 777, 778, 779, 780, 781, 782, 783, 784, 785, 786, 787, 788, 789, 790, 791, 792, 793]","[17, 25, 39, 41, 50, 55, 57, 59, 69, 78, 119, 174, 188, 189, 220, 250, 299, 486, 502, 520, 522, 532, 534, 535, 544, 590, 645, 659, 660, 713, 758]",[],"[184, 232, 655, 696]","[17, 25, 39, 41, 50, 55, 57, 59, 69, 78, 103, 104, 105, 106, 107, 108, 109, 110, 111, 112, 113, 114, 115, 116, 117, 118, 119, 120, 121, 122, 123, 124, 125, 126, 127, 128, 129, 130, 131, 132, 133, 134, 135, 136, 137, 138, 139, 140, 141, 142, 143, 144, 145, 146, 147, 148, 149, 150, 151, 152, 153, 154, 155, 156, 157, 158, 159, 160, 161, 162, 163, 164, 165, 166, 167, 168, 169, 170, 171, 172, 173, 174, 175, 176, 177, 178, 179, 180, 181, 182, 183, 184, 185, 186, 187, 188, 189, 190, 191, 192, 193, 194, 195, 196, 197, 198, 199, 200, 201, 202, 203, 204, 205, 206, 207, 208, 209, 210, 211, 212, 213, 214, 215, 216, 217, 218, 219, 220, 221, 222, 223, 224, 225, 226, 227, 228, 229, 230, 231, 232, 233, 234, 235, 236, 237, 238, 239, 240, 241, 242, 243, 244, 245, 246, 247, 248, 249, 250, 251, 252, 253, 254, 255, 256, 257, 258, 259, 260, 261, 262, 263, 264, 265, 266, 267, 268, 269, 270, 271, 272, 273, 274, 275, 276, 277, 278, 279, 280, 281, 282, 283, 284, 285, 286, 287, 288, 289, 290, 291, 292, 293, 294, 295, 296, 297, 298, 299, 300, 301, 302, 303, 304, 305, 306, 307, 308, 309, 310, 311, 312, 313, 314, 315, 316, 317, 318, 319, 320, 321, 322, 323, 324, 325, 326, 327, 328, 329, 330, 331, 332, 333, 334, 335, 336, 337, 426, 486, 502, 520, 522, 532, 534, 535, 544, 574, 575, 576, 577, 578, 579, 580, 581, 582, 583, 584, 585, 586, 587, 588, 589, 590, 591, 592, 593, 594, 595, 596, 597, 598, 599, 600, 601, 602, 603, 604, 605, 606, 607, 608, 609, 610, 611, 612, 613, 614, 615, 616, 617, 618, 619, 620, 621, 622, 623, 624, 625, 626, 627, 628, 629, 630, 631, 632, 633, 634, 635, 636, 637, 638, 639, 640, 641, 642, 643, 644, 645, 646, 647, 648, 649, 650, 651, 652, 653, 654, 655, 656, 657, 658, 659, 660, 661, 662, 663, 664, 665, 666, 667, 668, 669, 670, 671, 672, 673, 674, 675, 676, 677, 678, 679, 680, 681, 682, 683, 684, 685, 686, 687, 688, 689, 690, 691, 692, 693, 694, 695, 696, 697, 698, 699, 700, 701, 702, 703, 704, 705, 706, 707, 708, 709, 710, 711, 712, 713, 714, 715, 716, 717, 718, 719, 720, 721, 722, 723, 724, 725, 726, 727, 728, 729, 730, 731, 732, 733, 734, 735, 736, 737, 738, 739, 740, 741, 742, 743, 744, 745, 746, 747, 748, 749, 750, 751, 752, 753, 754, 755, 756, 757, 758, 759, 760, 761, 762, 763, 764, 765, 766, 767, 768, 769, 770, 771, 772, 773, 774, 775, 776, 777, 778, 779, 780, 781, 782, 783, 784, 785, 786, 787, 788, 789, 790, 791, 792, 793, 878]",False,[],"[103, 104, 105, 106, 107, 108, 109, 110, 111, 112, 113, 114, 115, 116, 117, 118, 119, 120, 121, 122, 123, 124, 125, 126, 127, 128, 129, 130, 131, 132, 133, 134, 135, 136, 137, 138, 139, 140, 141, 142, 143, 144, 145, 146, 147, 148, 149, 150, 151, 152, 153, 154, 155, 156, 157, 158, 159, 160, 161, 162, 163, 164, 165, 166, 167, 168, 169, 170, 171, 172, 173, 174, 175, 176, 177, 178, 179, 180, 181, 182, 183, 184, 185, 186, 187, 188, 189, 190, 191, 192, 193, 194, 195, 196, 197, 198, 199, 200, 201, 202, 203, 204, 205, 206, 207, 208, 209, 210, 211, 212, 213, 214, 215, 216, 217, 218, 219, 220, 221, 222, 223, 224, 225, 226, 227, 228, 229, 230, 231, 232, 233, 234, 235, 236, 237, 238, 239, 240, 241, 242, 243, 244, 245, 246, 247, 248, 249, 250, 251, 252, 253, 254, 255, 256, 257, 258, 259, 260, 261, 262, 263, 264, 265, 266, 267, 268, 269, 270, 271, 272, 273, 274, 275, 276, 277, 278, 279, 280, 281, 282, 283, 284, 285, 286, 287, 288, 289, 290, 291, 292, 293, 294, 295, 296, 297, 298, 299, 300, 301, 302, 303, 304, 305, 306, 307, 308, 309, 310, 311, 312, 313, 314, 315, 316, 317, 318, 319, 320, 321, 322, 323, 324, 325, 326, 327, 328, 329, 330, 331, 332, 333, 334, 335, 336, 337, 574, 575, 576, 577, 578, 579, 580, 581, 582, 583, 584, 585, 586, 587, 588, 589, 590, 591, 592, 593, 594, 595, 596, 597, 598, 599, 600, 601, 602, 603, 604, 605, 606, 607, 608, 609, 610, 611, 612, 613, 614, 615, 616, 617, 618, 619, 620, 621, 622, 623, 624, 625, 626, 627, 628, 629, 630, 631, 632, 633, 634, 635, 636, 637, 638, 639, 640, 641, 642, 643, 644, 645, 646, 647, 648, 649, 650, 651, 652, 653, 654, 655, 656, 657, 658, 659, 660, 661, 662, 663, 664, 665, 666, 667, 668, 669, 670, 671, 672, 673, 674, 675, 676, 677, 678, 679, 680, 681, 682, 683, 684, 685, 686, 687, 688, 689, 690, 691, 692, 693, 694, 695, 696, 697, 698, 699, 700, 701, 702, 703, 704, 705, 706, 707, 708, 709, 710, 711, 712, 713, 714, 715, 716, 717, 718, 719, 720, 721, 722, 723, 724, 725, 726, 727, 728, 729, 730, 731, 732, 733, 734, 735, 736, 737, 738, 739, 740, 741, 742, 743, 744, 745, 746, 747, 748, 749, 750, 751, 752, 753, 754, 755, 756, 757, 758, 759, 760, 761, 762, 763, 764, 765, 766, 767, 768, 769, 770, 771, 772, 773, 774, 775, 776, 777, 778, 779, 780, 781, 782, 783, 784, 785, 786, 787, 788, 789, 790, 791, 792, 793]",[],"[426, 878]","[17, 25, 39, 41, 50, 55, 57, 59, 69, 78, 119, 174, 188, 189, 220, 250, 299, 486, 502, 520, 522, 532, 534, 535, 544, 590, 645, 659, 660, 713, 758]","[184, 232, 655, 696]",[],2/6 successful match,False,[411],True,720,False,,0.6651162790697674,True,Desert Fuel Stop ( 76 ),
Salton City ( 92274 ) Salton Sea Truck Stop ( BP ),6 760-394-1024 CA 86 & Marina Dr,24 R MOO,Salton City,92274,Salton Sea Truck Stop ( BP ),760-394-1024,2014,Thermal,CA,BP,,CA 86 & Marina Dr,empty,,False,,False,CA 86,Marina Dr,,,,"[120, 591]","[304, 762]","[120, 304, 591, 762]",[],"[103, 104, 105, 106, 107, 108, 109, 110, 111, 112, 113, 114, 115, 116, 117, 118, 119, 120, 121, 122, 123, 124, 125, 126, 127, 128, 129, 130, 131, 132, 133, 134, 135, 136, 137, 138, 139, 140, 141, 142, 143, 144, 145, 146, 147, 148, 149, 150, 151, 152, 153, 154, 155, 156, 157, 158, 159, 160, 161, 162, 163, 164, 165, 166, 167, 168, 169, 170, 171, 172, 173, 174, 175, 176, 177, 178, 179, 180, 181, 182, 183, 184, 185, 186, 187, 188, 189, 190, 191, 192, 193, 194, 195, 196, 197, 198, 199, 200, 201, 202, 203, 204, 205, 206, 207, 208, 209, 210, 211, 212, 213, 214, 215, 216, 217, 218, 219, 220, 221, 222, 223, 224, 225, 226, 227, 228, 229, 230, 231, 232, 233, 234, 235, 236, 237, 238, 239, 240, 241, 242, 243, 244, 245, 246, 247, 248, 249, 250, 251, 252, 253, 254, 255, 256, 257, 258, 259, 260, 261, 262, 263, 264, 265, 266, 267, 268, 269, 270, 271, 272, 273, 274, 275, 276, 277, 278, 279, 280, 281, 282, 283, 284, 285, 286, 287, 288, 289, 290, 291, 292, 293, 294, 295, 296, 297, 298, 299, 300, 301, 302, 303, 304, 305, 306, 307, 308, 309, 310, 311, 312, 313, 314, 315, 316, 317, 318, 319, 320, 321, 322, 323, 324, 325, 326, 327, 328, 329, 330, 331, 332, 333, 334, 335, 336, 337, 574, 575, 576, 577, 578, 579, 580, 581, 582, 583, 584, 585, 586, 587, 588, 589, 590, 591, 592, 593, 594, 595, 596, 597, 598, 599, 600, 601, 602, 603, 604, 605, 606, 607, 608, 609, 610, 611, 612, 613, 614, 615, 616, 617, 618, 619, 620, 621, 622, 623, 624, 625, 626, 627, 628, 629, 630, 631, 632, 633, 634, 635, 636, 637, 638, 639, 640, 641, 642, 643, 644, 645, 646, 647, 648, 649, 650, 651, 652, 653, 654, 655, 656, 657, 658, 659, 660, 661, 662, 663, 664, 665, 666, 667, 668, 669, 670, 671, 672, 673, 674, 675, 676, 677, 678, 679, 680, 681, 682, 683, 684, 685, 686, 687, 688, 689, 690, 691, 692, 693, 694, 695, 696, 697, 698, 699, 700, 701, 702, 703, 704, 705, 706, 707, 708, 709, 710, 711, 712, 713, 714, 715, 716, 717, 718, 719, 720, 721, 722, 723, 724, 725, 726, 727, 728, 729, 730, 731, 732, 733, 734, 735, 736, 737, 738, 739, 740, 741, 742, 743, 744, 745, 746, 747, 748, 749, 750, 751, 752, 753, 754, 755, 756, 757, 758, 759, 760, 761, 762, 763, 764, 765, 766, 767, 768, 769, 770, 771, 772, 773, 774, 775, 776, 777, 778, 779, 780, 781, 782, 783, 784, 785, 786, 787, 788, 789, 790, 791, 792, 793]","[103, 104, 106, 117, 118, 120, 127, 128, 129, 131, 133, 135, 136, 137, 139, 146, 147, 148, 149, 151, 158, 160, 162, 166, 173, 178, 179, 185, 190, 192, 198, 201, 203, 204, 206, 207, 212, 213, 214, 219, 223, 224, 225, 227, 230, 235, 237, 246, 247, 256, 259, 262, 263, 266, 268, 269, 271, 272, 278, 279, 284, 285, 288, 290, 292, 304, 312, 316, 319, 320, 323, 324, 332, 574, 575, 588, 591, 607, 608, 610, 618, 619, 620, 622, 632, 644, 649, 650, 656, 661, 663, 669, 674, 677, 683, 684, 687, 688, 689, 701, 710, 723, 730, 731, 738, 747, 751, 762, 774, 778, 789]",[],[],"[103, 104, 105, 106, 107, 108, 109, 110, 111, 112, 113, 114, 115, 116, 117, 118, 119, 120, 121, 122, 123, 124, 125, 126, 127, 128, 129, 130, 131, 132, 133, 134, 135, 136, 137, 138, 139, 140, 141, 142, 143, 144, 145, 146, 147, 148, 149, 150, 151, 152, 153, 154, 155, 156, 157, 158, 159, 160, 161, 162, 163, 164, 165, 166, 167, 168, 169, 170, 171, 172, 173, 174, 175, 176, 177, 178, 179, 180, 181, 182, 183, 184, 185, 186, 187, 188, 189, 190, 191, 192, 193, 194, 195, 196, 197, 198, 199, 200, 201, 202, 203, 204, 205, 206, 207, 208, 209, 210, 211, 212, 213, 214, 215, 216, 217, 218, 219, 220, 221, 222, 223, 224, 225, 226, 227, 228, 229, 230, 231, 232, 233, 234, 235, 236, 237, 238, 239, 240, 241, 242, 243, 244, 245, 246, 247, 248, 249, 250, 251, 252, 253, 254, 255, 256, 257, 258, 259, 260, 261, 262, 263, 264, 265, 266, 267, 268, 269, 270, 271, 272, 273, 274, 275, 276, 277, 278, 279, 280, 281, 282, 283, 284, 285, 286, 287, 288, 289, 290, 291, 292, 293, 294, 295, 296, 297, 298, 299, 300, 301, 302, 303, 304, 305, 306, 307, 308, 309, 310, 311, 312, 313, 314, 315, 316, 317, 318, 319, 320, 321, 322, 323, 324, 325, 326, 327, 328, 329, 330, 331, 332, 333, 334, 335, 336, 337, 574, 575, 576, 577, 578, 579, 580, 581, 582, 583, 584, 585, 586, 587, 588, 589, 590, 591, 592, 593, 594, 595, 596, 597, 598, 599, 600, 601, 602, 603, 604, 605, 606, 607, 608, 609, 610, 611, 612, 613, 614, 615, 616, 617, 618, 619, 620, 621, 622, 623, 624, 625, 626, 627, 628, 629, 630, 631, 632, 633, 634, 635, 636, 637, 638, 639, 640, 641, 642, 643, 644, 645, 646, 647, 648, 649, 650, 651, 652, 653, 654, 655, 656, 657, 658, 659, 660, 661, 662, 663, 664, 665, 666, 667, 668, 669, 670, 671, 672, 673, 674, 675, 676, 677, 678, 679, 680, 681, 682, 683, 684, 685, 686, 687, 688, 689, 690, 691, 692, 693, 694, 695, 696, 697, 698, 699, 700, 701, 702, 703, 704, 705, 706, 707, 708, 709, 710, 711, 712, 713, 714, 715, 716, 717, 718, 719, 720, 721, 722, 723, 724, 725, 726, 727, 728, 729, 730, 731, 732, 733, 734, 735, 736, 737, 738, 739, 740, 741, 742, 743, 744, 745, 746, 747, 748, 749, 750, 751, 752, 753, 754, 755, 756, 757, 758, 759, 760, 761, 762, 763, 764, 765, 766, 767, 768, 769, 770, 771, 772, 773, 774, 775, 776, 777, 778, 779, 780, 781, 782, 783, 784, 785, 786, 787, 788, 789, 790, 791, 792, 793]",True,"[304, 762]","[103, 104, 105, 106, 107, 108, 109, 110, 111, 112, 113, 114, 115, 116, 117, 118, 119, 120, 121, 122, 123, 124, 125, 126, 127, 128, 129, 130, 131, 132, 133, 134, 135, 136, 137, 138, 139, 140, 141, 142, 143, 144, 145, 146, 147, 148, 149, 150, 151, 152, 153, 154, 155, 156, 157, 158, 159, 160, 161, 162, 163, 164, 165, 166, 167, 168, 169, 170, 171, 172, 173, 174, 175, 176, 177, 178, 179, 180, 181, 182, 183, 184, 185, 186, 187, 188, 189, 190, 191, 192, 193, 194, 195, 196, 197, 198, 199, 200, 201, 202, 203, 204, 205, 206, 207, 208, 209, 210, 211, 212, 213, 214, 215, 216, 217, 218, 219, 220, 221, 222, 223, 224, 225, 226, 227, 228, 229, 230, 231, 232, 233, 234, 235, 236, 237, 238, 239, 240, 241, 242, 243, 244, 245, 246, 247, 248, 249, 250, 251, 252, 253, 254, 255, 256, 257, 258, 259, 260, 261, 262, 263, 264, 265, 266, 267, 268, 269, 270, 271, 272, 273, 274, 275, 276, 277, 278, 279, 280, 281, 282, 283, 284, 285, 286, 287, 288, 289, 290, 291, 292, 293, 294, 295, 296, 297, 298, 299, 300, 301, 302, 303, 304, 305, 306, 307, 308, 309, 310, 311, 312, 313, 314, 315, 316, 317, 318, 319, 320, 321, 322, 323, 324, 325, 326, 327, 328, 329, 330, 331, 332, 333, 334, 335, 336, 337, 574, 575, 576, 577, 578, 579, 580, 581, 582, 583, 584, 585, 586, 587, 588, 589, 590, 591, 592, 593, 594, 595, 596, 597, 598, 599, 600, 601, 602, 603, 604, 605, 606, 607, 608, 609, 610, 611, 612, 613, 614, 615, 616, 617, 618, 619, 620, 621, 622, 623, 624, 625, 626, 627, 628, 629, 630, 631, 632, 633, 634, 635, 636, 637, 638, 639, 640, 641, 642, 643, 644, 645, 646, 647, 648, 649, 650, 651, 652, 653, 654, 655, 656, 657, 658, 659, 660, 661, 662, 663, 664, 665, 666, 667, 668, 669, 670, 671, 672, 673, 674, 675, 676, 677, 678, 679, 680, 681, 682, 683, 684, 685, 686, 687, 688, 689, 690, 691, 692, 693, 694, 695, 696, 697, 698, 699, 700, 701, 702, 703, 704, 705, 706, 707, 708, 709, 710, 711, 712, 713, 714, 715, 716, 717, 718, 719, 720, 721, 722, 723, 724, 725, 726, 727, 728, 729, 730, 731, 732, 733, 734, 735, 736, 737, 738, 739, 740, 741, 742, 743, 744, 745, 746, 747, 748, 749, 750, 751, 752, 753, 754, 755, 756, 757, 758, 759, 760, 761, 762, 763, 764, 765, 766, 767, 768, 769, 770, 771, 772, 773, 774, 775, 776, 777, 778, 779, 780, 781, 782, 783, 784, 785, 786, 787, 788, 789, 790, 791, 792, 793]","[120, 304, 591, 762]",[],"[103, 104, 106, 117, 118, 120, 127, 128, 129, 131, 133, 135, 136, 137, 139, 146, 147, 148, 149, 151, 158, 160, 162, 166, 173, 178, 179, 185, 190, 192, 198, 201, 203, 204, 206, 207, 212, 213, 214, 219, 223, 224, 225, 227, 230, 235, 237, 246, 247, 256, 259, 262, 263, 266, 268, 269, 271, 272, 278, 279, 284, 285, 288, 290, 292, 304, 312, 316, 319, 320, 323, 324, 332, 574, 575, 588, 591, 607, 608, 610, 618, 619, 620, 622, 632, 644, 649, 650, 656, 661, 663, 669, 674, 677, 683, 684, 687, 688, 689, 701, 710, 723, 730, 731, 738, 747, 751, 762, 774, 778, 789]",[],[],7/6 successful match,True,"[505, 506, 507, 508]",True,721,False,,,,,
Salton City ( 92274 ) AM / PM ( Arco ),6 760-394-1024 CA 86 & Marina Dr,24,Salton City,92274,AM / PM ( Arco ),760-394-1024,2015,Thermal,CA,,,CA 86 & Marina Dr,empty,,False,,False,CA 86,Marina Dr,,,,"[120, 591]","[304, 762]","[120, 304, 591, 762]",[],"[103, 104, 105, 106, 107, 108, 109, 110, 111, 112, 113, 114, 115, 116, 117, 118, 119, 120, 121, 122, 123, 124, 125, 126, 127, 128, 129, 130, 131, 132, 133, 134, 135, 136, 137, 138, 139, 140, 141, 142, 143, 144, 145, 146, 147, 148, 149, 150, 151, 152, 153, 154, 155, 156, 157, 158, 159, 160, 161, 162, 163, 164, 165, 166, 167, 168, 169, 170, 171, 172, 173, 174, 175, 176, 177, 178, 179, 180, 181, 182, 183, 184, 185, 186, 187, 188, 189, 190, 191, 192, 193, 194, 195, 196, 197, 198, 199, 200, 201, 202, 203, 204, 205, 206, 207, 208, 209, 210, 211, 212, 213, 214, 215, 216, 217, 218, 219, 220, 221, 222, 223, 224, 225, 226, 227, 228, 229, 230, 231, 232, 233, 234, 235, 236, 237, 238, 239, 240, 241, 242, 243, 244, 245, 246, 247, 248, 249, 250, 251, 252, 253, 254, 255, 256, 257, 258, 259, 260, 261, 262, 263, 264, 265, 266, 267, 268, 269, 270, 271, 272, 273, 274, 275, 276, 277, 278, 279, 280, 281, 282, 283, 284, 285, 286, 287, 288, 289, 290, 291, 292, 293, 294, 295, 296, 297, 298, 299, 300, 301, 302, 303, 304, 305, 306, 307, 308, 309, 310, 311, 312, 313, 314, 315, 316, 317, 318, 319, 320, 321, 322, 323, 324, 325, 326, 327, 328, 329, 330, 331, 332, 333, 334, 335, 336, 337, 574, 575, 576, 577, 578, 579, 580, 581, 582, 583, 584, 585, 586, 587, 588, 589, 590, 591, 592, 593, 594, 595, 596, 597, 598, 599, 600, 601, 602, 603, 604, 605, 606, 607, 608, 609, 610, 611, 612, 613, 614, 615, 616, 617, 618, 619, 620, 621, 622, 623, 624, 625, 626, 627, 628, 629, 630, 631, 632, 633, 634, 635, 636, 637, 638, 639, 640, 641, 642, 643, 644, 645, 646, 647, 648, 649, 650, 651, 652, 653, 654, 655, 656, 657, 658, 659, 660, 661, 662, 663, 664, 665, 666, 667, 668, 669, 670, 671, 672, 673, 674, 675, 676, 677, 678, 679, 680, 681, 682, 683, 684, 685, 686, 687, 688, 689, 690, 691, 692, 693, 694, 695, 696, 697, 698, 699, 700, 701, 702, 703, 704, 705, 706, 707, 708, 709, 710, 711, 712, 713, 714, 715, 716, 717, 718, 719, 720, 721, 722, 723, 724, 725, 726, 727, 728, 729, 730, 731, 732, 733, 734, 735, 736, 737, 738, 739, 740, 741, 742, 743, 744, 745, 746, 747, 748, 749, 750, 751, 752, 753, 754, 755, 756, 757, 758, 759, 760, 761, 762, 763, 764, 765, 766, 767, 768, 769, 770, 771, 772, 773, 774, 775, 776, 777, 778, 779, 780, 781, 782, 783, 784, 785, 786, 787, 788, 789, 790, 791, 792, 793]","[103, 104, 106, 117, 118, 120, 127, 128, 129, 131, 133, 135, 136, 137, 139, 146, 147, 148, 149, 151, 158, 160, 162, 166, 173, 178, 179, 185, 190, 192, 198, 201, 203, 204, 206, 207, 212, 213, 214, 219, 223, 224, 225, 227, 230, 235, 237, 246, 247, 256, 259, 262, 263, 266, 268, 269, 271, 272, 278, 279, 284, 285, 288, 290, 292, 304, 312, 316, 319, 320, 323, 324, 332, 574, 575, 588, 591, 607, 608, 610, 618, 619, 620, 622, 632, 644, 649, 650, 656, 661, 663, 669, 674, 677, 683, 684, 687, 688, 689, 701, 710, 723, 730, 731, 738, 747, 751, 762, 774, 778, 789]",[],"[0, 120, 122, 200, 223, 226, 315, 382, 485, 591, 593, 625, 671, 687, 690, 773, 832]","[0, 103, 104, 105, 106, 107, 108, 109, 110, 111, 112, 113, 114, 115, 116, 117, 118, 119, 120, 121, 122, 123, 124, 125, 126, 127, 128, 129, 130, 131, 132, 133, 134, 135, 136, 137, 138, 139, 140, 141, 142, 143, 144, 145, 146, 147, 148, 149, 150, 151, 152, 153, 154, 155, 156, 157, 158, 159, 160, 161, 162, 163, 164, 165, 166, 167, 168, 169, 170, 171, 172, 173, 174, 175, 176, 177, 178, 179, 180, 181, 182, 183, 184, 185, 186, 187, 188, 189, 190, 191, 192, 193, 194, 195, 196, 197, 198, 199, 200, 201, 202, 203, 204, 205, 206, 207, 208, 209, 210, 211, 212, 213, 214, 215, 216, 217, 218, 219, 220, 221, 222, 223, 224, 225, 226, 227, 228, 229, 230, 231, 232, 233, 234, 235, 236, 237, 238, 239, 240, 241, 242, 243, 244, 245, 246, 247, 248, 249, 250, 251, 252, 253, 254, 255, 256, 257, 258, 259, 260, 261, 262, 263, 264, 265, 266, 267, 268, 269, 270, 271, 272, 273, 274, 275, 276, 277, 278, 279, 280, 281, 282, 283, 284, 285, 286, 287, 288, 289, 290, 291, 292, 293, 294, 295, 296, 297, 298, 299, 300, 301, 302, 303, 304, 305, 306, 307, 308, 309, 310, 311, 312, 313, 314, 315, 316, 317, 318, 319, 320, 321, 322, 323, 324, 325, 326, 327, 328, 329, 330, 331, 332, 333, 334, 335, 336, 337, 382, 485, 574, 575, 576, 577, 578, 579, 580, 581, 582, 583, 584, 585, 586, 587, 588, 589, 590, 591, 592, 593, 594, 595, 596, 597, 598, 599, 600, 601, 602, 603, 604, 605, 606, 607, 608, 609, 610, 611, 612, 613, 614, 615, 616, 617, 618, 619, 620, 621, 622, 623, 624, 625, 626, 627, 628, 629, 630, 631, 632, 633, 634, 635, 636, 637, 638, 639, 640, 641, 642, 643, 644, 645, 646, 647, 648, 649, 650, 651, 652, 653, 654, 655, 656, 657, 658, 659, 660, 661, 662, 663, 664, 665, 666, 667, 668, 669, 670, 671, 672, 673, 674, 675, 676, 677, 678, 679, 680, 681, 682, 683, 684, 685, 686, 687, 688, 689, 690, 691, 692, 693, 694, 695, 696, 697, 698, 699, 700, 701, 702, 703, 704, 705, 706, 707, 708, 709, 710, 711, 712, 713, 714, 715, 716, 717, 718, 719, 720, 721, 722, 723, 724, 725, 726, 727, 728, 729, 730, 731, 732, 733, 734, 735, 736, 737, 738, 739, 740, 741, 742, 743, 744, 745, 746, 747, 748, 749, 750, 751, 752, 753, 754, 755, 756, 757, 758, 759, 760, 761, 762, 763, 764, 765, 766, 767, 768, 769, 770, 771, 772, 773, 774, 775, 776, 777, 778, 779, 780, 781, 782, 783, 784, 785, 786, 787, 788, 789, 790, 791, 792, 793, 832]",True,"[304, 762]","[103, 104, 105, 106, 107, 108, 109, 110, 111, 112, 113, 114, 115, 116, 117, 118, 119, 120, 121, 122, 123, 124, 125, 126, 127, 128, 129, 130, 131, 132, 133, 134, 135, 136, 137, 138, 139, 140, 141, 142, 143, 144, 145, 146, 147, 148, 149, 150, 151, 152, 153, 154, 155, 156, 157, 158, 159, 160, 161, 162, 163, 164, 165, 166, 167, 168, 169, 170, 171, 172, 173, 174, 175, 176, 177, 178, 179, 180, 181, 182, 183, 184, 185, 186, 187, 188, 189, 190, 191, 192, 193, 194, 195, 196, 197, 198, 199, 200, 201, 202, 203, 204, 205, 206, 207, 208, 209, 210, 211, 212, 213, 214, 215, 216, 217, 218, 219, 220, 221, 222, 223, 224, 225, 226, 227, 228, 229, 230, 231, 232, 233, 234, 235, 236, 237, 238, 239, 240, 241, 242, 243, 244, 245, 246, 247, 248, 249, 250, 251, 252, 253, 254, 255, 256, 257, 258, 259, 260, 261, 262, 263, 264, 265, 266, 267, 268, 269, 270, 271, 272, 273, 274, 275, 276, 277, 278, 279, 280, 281, 282, 283, 284, 285, 286, 287, 288, 289, 290, 291, 292, 293, 294, 295, 296, 297, 298, 299, 300, 301, 302, 303, 304, 305, 306, 307, 308, 309, 310, 311, 312, 313, 314, 315, 316, 317, 318, 319, 320, 321, 322, 323, 324, 325, 326, 327, 328, 329, 330, 331, 332, 333, 334, 335, 336, 337, 574, 575, 576, 577, 578, 579, 580, 581, 582, 583, 584, 585, 586, 587, 588, 589, 590, 591, 592, 593, 594, 595, 596, 597, 598, 599, 600, 601, 602, 603, 604, 605, 606, 607, 608, 609, 610, 611, 612, 613, 614, 615, 616, 617, 618, 619, 620, 621, 622, 623, 624, 625, 626, 627, 628, 629, 630, 631, 632, 633, 634, 635, 636, 637, 638, 639, 640, 641, 642, 643, 644, 645, 646, 647, 648, 649, 650, 651, 652, 653, 654, 655, 656, 657, 658, 659, 660, 661, 662, 663, 664, 665, 666, 667, 668, 669, 670, 671, 672, 673, 674, 675, 676, 677, 678, 679, 680, 681, 682, 683, 684, 685, 686, 687, 688, 689, 690, 691, 692, 693, 694, 695, 696, 697, 698, 699, 700, 701, 702, 703, 704, 705, 706, 707, 708, 709, 710, 711, 712, 713, 714, 715, 716, 717, 718, 719, 720, 721, 722, 723, 724, 725, 726, 727, 728, 729, 730, 731, 732, 733, 734, 735, 736, 737, 738, 739, 740, 741, 742, 743, 744, 745, 746, 747, 748, 749, 750, 751, 752, 753, 754, 755, 756, 757, 758, 759, 760, 761, 762, 763, 764, 765, 766, 767, 768, 769, 770, 771, 772, 773, 774, 775, 776, 777, 778, 779, 780, 781, 782, 783, 784, 785, 786, 787, 788, 789, 790, 791, 792, 793]","[120, 304, 591, 762]",[],"[103, 104, 106, 117, 118, 120, 127, 128, 129, 131, 133, 135, 136, 137, 139, 146, 147, 148, 149, 151, 158, 160, 162, 166, 173, 178, 179, 185, 190, 192, 198, 201, 203, 204, 206, 207, 212, 213, 214, 219, 223, 224, 225, 227, 230, 235, 237, 246, 247, 256, 259, 262, 263, 266, 268, 269, 271, 272, 278, 279, 284, 285, 288, 290, 292, 304, 312, 316, 319, 320, 323, 324, 332, 574, 575, 588, 591, 607, 608, 610, 618, 619, 620, 622, 632, 644, 649, 650, 656, 661, 663, 669, 674, 677, 683, 684, 687, 688, 689, 701, 710, 723, 730, 731, 738, 747, 751, 762, 774, 778, 789]","[0, 120, 122, 200, 223, 226, 315, 382, 485, 591, 593, 625, 671, 687, 690, 773, 832]",[],7/6 successful match,True,"[505, 506, 507, 508]",True,721,False,,0.20454545454545456,True,Salton Sea Truck Stop ( BP ),BP
Salton City ( 92274 ) AM / PM ( Arco ),6 760-394-1024 CA 86 & Marina Dr,24 MOO 24,Salton City,92274,AM / PM ( Arco ),760-394-1024,2016,Thermal,CA,,,CA 86 & Marina Dr,empty,,False,,False,CA 86,Marina Dr,,,,"[120, 591]","[304, 762]","[120, 304, 591, 762]",[],"[103, 104, 105, 106, 107, 108, 109, 110, 111, 112, 113, 114, 115, 116, 117, 118, 119, 120, 121, 122, 123, 124, 125, 126, 127, 128, 129, 130, 131, 132, 133, 134, 135, 136, 137, 138, 139, 140, 141, 142, 143, 144, 145, 146, 147, 148, 149, 150, 151, 152, 153, 154, 155, 156, 157, 158, 159, 160, 161, 162, 163, 164, 165, 166, 167, 168, 169, 170, 171, 172, 173, 174, 175, 176, 177, 178, 179, 180, 181, 182, 183, 184, 185, 186, 187, 188, 189, 190, 191, 192, 193, 194, 195, 196, 197, 198, 199, 200, 201, 202, 203, 204, 205, 206, 207, 208, 209, 210, 211, 212, 213, 214, 215, 216, 217, 218, 219, 220, 221, 222, 223, 224, 225, 226, 227, 228, 229, 230, 231, 232, 233, 234, 235, 236, 237, 238, 239, 240, 241, 242, 243, 244, 245, 246, 247, 248, 249, 250, 251, 252, 253, 254, 255, 256, 257, 258, 259, 260, 261, 262, 263, 264, 265, 266, 267, 268, 269, 270, 271, 272, 273, 274, 275, 276, 277, 278, 279, 280, 281, 282, 283, 284, 285, 286, 287, 288, 289, 290, 291, 292, 293, 294, 295, 296, 297, 298, 299, 300, 301, 302, 303, 304, 305, 306, 307, 308, 309, 310, 311, 312, 313, 314, 315, 316, 317, 318, 319, 320, 321, 322, 323, 324, 325, 326, 327, 328, 329, 330, 331, 332, 333, 334, 335, 336, 337, 574, 575, 576, 577, 578, 579, 580, 581, 582, 583, 584, 585, 586, 587, 588, 589, 590, 591, 592, 593, 594, 595, 596, 597, 598, 599, 600, 601, 602, 603, 604, 605, 606, 607, 608, 609, 610, 611, 612, 613, 614, 615, 616, 617, 618, 619, 620, 621, 622, 623, 624, 625, 626, 627, 628, 629, 630, 631, 632, 633, 634, 635, 636, 637, 638, 639, 640, 641, 642, 643, 644, 645, 646, 647, 648, 649, 650, 651, 652, 653, 654, 655, 656, 657, 658, 659, 660, 661, 662, 663, 664, 665, 666, 667, 668, 669, 670, 671, 672, 673, 674, 675, 676, 677, 678, 679, 680, 681, 682, 683, 684, 685, 686, 687, 688, 689, 690, 691, 692, 693, 694, 695, 696, 697, 698, 699, 700, 701, 702, 703, 704, 705, 706, 707, 708, 709, 710, 711, 712, 713, 714, 715, 716, 717, 718, 719, 720, 721, 722, 723, 724, 725, 726, 727, 728, 729, 730, 731, 732, 733, 734, 735, 736, 737, 738, 739, 740, 741, 742, 743, 744, 745, 746, 747, 748, 749, 750, 751, 752, 753, 754, 755, 756, 757, 758, 759, 760, 761, 762, 763, 764, 765, 766, 767, 768, 769, 770, 771, 772, 773, 774, 775, 776, 777, 778, 779, 780, 781, 782, 783, 784, 785, 786, 787, 788, 789, 790, 791, 792, 793]","[103, 104, 106, 117, 118, 120, 127, 128, 129, 131, 133, 135, 136, 137, 139, 146, 147, 148, 149, 151, 158, 160, 162, 166, 173, 178, 179, 185, 190, 192, 198, 201, 203, 204, 206, 207, 212, 213, 214, 219, 223, 224, 225, 227, 230, 235, 237, 246, 247, 256, 259, 262, 263, 266, 268, 269, 271, 272, 278, 279, 284, 285, 288, 290, 292, 304, 312, 316, 319, 320, 323, 324, 332, 574, 575, 588, 591, 607, 608, 610, 618, 619, 620, 622, 632, 644, 649, 650, 656, 661, 663, 669, 674, 677, 683, 684, 687, 688, 689, 701, 710, 723, 730, 731, 738, 747, 751, 762, 774, 778, 789]",[],"[0, 120, 122, 200, 223, 226, 315, 382, 485, 591, 593, 625, 671, 687, 690, 773, 832]","[0, 103, 104, 105, 106, 107, 108, 109, 110, 111, 112, 113, 114, 115, 116, 117, 118, 119, 120, 121, 122, 123, 124, 125, 126, 127, 128, 129, 130, 131, 132, 133, 134, 135, 136, 137, 138, 139, 140, 141, 142, 143, 144, 145, 146, 147, 148, 149, 150, 151, 152, 153, 154, 155, 156, 157, 158, 159, 160, 161, 162, 163, 164, 165, 166, 167, 168, 169, 170, 171, 172, 173, 174, 175, 176, 177, 178, 179, 180, 181, 182, 183, 184, 185, 186, 187, 188, 189, 190, 191, 192, 193, 194, 195, 196, 197, 198, 199, 200, 201, 202, 203, 204, 205, 206, 207, 208, 209, 210, 211, 212, 213, 214, 215, 216, 217, 218, 219, 220, 221, 222, 223, 224, 225, 226, 227, 228, 229, 230, 231, 232, 233, 234, 235, 236, 237, 238, 239, 240, 241, 242, 243, 244, 245, 246, 247, 248, 249, 250, 251, 252, 253, 254, 255, 256, 257, 258, 259, 260, 261, 262, 263, 264, 265, 266, 267, 268, 269, 270, 271, 272, 273, 274, 275, 276, 277, 278, 279, 280, 281, 282, 283, 284, 285, 286, 287, 288, 289, 290, 291, 292, 293, 294, 295, 296, 297, 298, 299, 300, 301, 302, 303, 304, 305, 306, 307, 308, 309, 310, 311, 312, 313, 314, 315, 316, 317, 318, 319, 320, 321, 322, 323, 324, 325, 326, 327, 328, 329, 330, 331, 332, 333, 334, 335, 336, 337, 382, 485, 574, 575, 576, 577, 578, 579, 580, 581, 582, 583, 584, 585, 586, 587, 588, 589, 590, 591, 592, 593, 594, 595, 596, 597, 598, 599, 600, 601, 602, 603, 604, 605, 606, 607, 608, 609, 610, 611, 612, 613, 614, 615, 616, 617, 618, 619, 620, 621, 622, 623, 624, 625, 626, 627, 628, 629, 630, 631, 632, 633, 634, 635, 636, 637, 638, 639, 640, 641, 642, 643, 644, 645, 646, 647, 648, 649, 650, 651, 652, 653, 654, 655, 656, 657, 658, 659, 660, 661, 662, 663, 664, 665, 666, 667, 668, 669, 670, 671, 672, 673, 674, 675, 676, 677, 678, 679, 680, 681, 682, 683, 684, 685, 686, 687, 688, 689, 690, 691, 692, 693, 694, 695, 696, 697, 698, 699, 700, 701, 702, 703, 704, 705, 706, 707, 708, 709, 710, 711, 712, 713, 714, 715, 716, 717, 718, 719, 720, 721, 722, 723, 724, 725, 726, 727, 728, 729, 730, 731, 732, 733, 734, 735, 736, 737, 738, 739, 740, 741, 742, 743, 744, 745, 746, 747, 748, 749, 750, 751, 752, 753, 754, 755, 756, 757, 758, 759, 760, 761, 762, 763, 764, 765, 766, 767, 768, 769, 770, 771, 772, 773, 774, 775, 776, 777, 778, 779, 780, 781, 782, 783, 784, 785, 786, 787, 788, 789, 790, 791, 792, 793, 832]",True,"[304, 762]","[103, 104, 105, 106, 107, 108, 109, 110, 111, 112, 113, 114, 115, 116, 117, 118, 119, 120, 121, 122, 123, 124, 125, 126, 127, 128, 129, 130, 131, 132, 133, 134, 135, 136, 137, 138, 139, 140, 141, 142, 143, 144, 145, 146, 147, 148, 149, 150, 151, 152, 153, 154, 155, 156, 157, 158, 159, 160, 161, 162, 163, 164, 165, 166, 167, 168, 169, 170, 171, 172, 173, 174, 175, 176, 177, 178, 179, 180, 181, 182, 183, 184, 185, 186, 187, 188, 189, 190, 191, 192, 193, 194, 195, 196, 197, 198, 199, 200, 201, 202, 203, 204, 205, 206, 207, 208, 209, 210, 211, 212, 213, 214, 215, 216, 217, 218, 219, 220, 221, 222, 223, 224, 225, 226, 227, 228, 229, 230, 231, 232, 233, 234, 235, 236, 237, 238, 239, 240, 241, 242, 243, 244, 245, 246, 247, 248, 249, 250, 251, 252, 253, 254, 255, 256, 257, 258, 259, 260, 261, 262, 263, 264, 265, 266, 267, 268, 269, 270, 271, 272, 273, 274, 275, 276, 277, 278, 279, 280, 281, 282, 283, 284, 285, 286, 287, 288, 289, 290, 291, 292, 293, 294, 295, 296, 297, 298, 299, 300, 301, 302, 303, 304, 305, 306, 307, 308, 309, 310, 311, 312, 313, 314, 315, 316, 317, 318, 319, 320, 321, 322, 323, 324, 325, 326, 327, 328, 329, 330, 331, 332, 333, 334, 335, 336, 337, 574, 575, 576, 577, 578, 579, 580, 581, 582, 583, 584, 585, 586, 587, 588, 589, 590, 591, 592, 593, 594, 595, 596, 597, 598, 599, 600, 601, 602, 603, 604, 605, 606, 607, 608, 609, 610, 611, 612, 613, 614, 615, 616, 617, 618, 619, 620, 621, 622, 623, 624, 625, 626, 627, 628, 629, 630, 631, 632, 633, 634, 635, 636, 637, 638, 639, 640, 641, 642, 643, 644, 645, 646, 647, 648, 649, 650, 651, 652, 653, 654, 655, 656, 657, 658, 659, 660, 661, 662, 663, 664, 665, 666, 667, 668, 669, 670, 671, 672, 673, 674, 675, 676, 677, 678, 679, 680, 681, 682, 683, 684, 685, 686, 687, 688, 689, 690, 691, 692, 693, 694, 695, 696, 697, 698, 699, 700, 701, 702, 703, 704, 705, 706, 707, 708, 709, 710, 711, 712, 713, 714, 715, 716, 717, 718, 719, 720, 721, 722, 723, 724, 725, 726, 727, 728, 729, 730, 731, 732, 733, 734, 735, 736, 737, 738, 739, 740, 741, 742, 743, 744, 745, 746, 747, 748, 749, 750, 751, 752, 753, 754, 755, 756, 757, 758, 759, 760, 761, 762, 763, 764, 765, 766, 767, 768, 769, 770, 771, 772, 773, 774, 775, 776, 777, 778, 779, 780, 781, 782, 783, 784, 785, 786, 787, 788, 789, 790, 791, 792, 793]","[120, 304, 591, 762]",[],"[103, 104, 106, 117, 118, 120, 127, 128, 129, 131, 133, 135, 136, 137, 139, 146, 147, 148, 149, 151, 158, 160, 162, 166, 173, 178, 179, 185, 190, 192, 198, 201, 203, 204, 206, 207, 212, 213, 214, 219, 223, 224, 225, 227, 230, 235, 237, 246, 247, 256, 259, 262, 263, 266, 268, 269, 271, 272, 278, 279, 284, 285, 288, 290, 292, 304, 312, 316, 319, 320, 323, 324, 332, 574, 575, 588, 591, 607, 608, 610, 618, 619, 620, 622, 632, 644, 649, 650, 656, 661, 663, 669, 674, 677, 683, 684, 687, 688, 689, 701, 710, 723, 730, 731, 738, 747, 751, 762, 774, 778, 789]","[0, 120, 122, 200, 223, 226, 315, 382, 485, 591, 593, 625, 671, 687, 690, 773, 832]",[],7/6 successful match,True,"[505, 506, 507, 508]",True,721,False,,0.8999999999999999,True,AM / PM ( Arco ),
"Salton Sea Bch , 92274 Torres Martinez Travel Center ( 76 )",760-395-1404 33095 CA 86,HRS 24 M,Salton Sea Bch,92274,Torres Martinez Travel Center ( 76 ),760-395-1404,2007,Thermal,CA,,,33095 CA 86,Proper,,False,,False,CA 86,,,,,"[304, 762]","[304, 762]","[120, 304, 591, 762]",[],"[103, 104, 105, 106, 107, 108, 109, 110, 111, 112, 113, 114, 115, 116, 117, 118, 119, 120, 121, 122, 123, 124, 125, 126, 127, 128, 129, 130, 131, 132, 133, 134, 135, 136, 137, 138, 139, 140, 141, 142, 143, 144, 145, 146, 147, 148, 149, 150, 151, 152, 153, 154, 155, 156, 157, 158, 159, 160, 161, 162, 163, 164, 165, 166, 167, 168, 169, 170, 171, 172, 173, 174, 175, 176, 177, 178, 179, 180, 181, 182, 183, 184, 185, 186, 187, 188, 189, 190, 191, 192, 193, 194, 195, 196, 197, 198, 199, 200, 201, 202, 203, 204, 205, 206, 207, 208, 209, 210, 211, 212, 213, 214, 215, 216, 217, 218, 219, 220, 221, 222, 223, 224, 225, 226, 227, 228, 229, 230, 231, 232, 233, 234, 235, 236, 237, 238, 239, 240, 241, 242, 243, 244, 245, 246, 247, 248, 249, 250, 251, 252, 253, 254, 255, 256, 257, 258, 259, 260, 261, 262, 263, 264, 265, 266, 267, 268, 269, 270, 271, 272, 273, 274, 275, 276, 277, 278, 279, 280, 281, 282, 283, 284, 285, 286, 287, 288, 289, 290, 291, 292, 293, 294, 295, 296, 297, 298, 299, 300, 301, 302, 303, 304, 305, 306, 307, 308, 309, 310, 311, 312, 313, 314, 315, 316, 317, 318, 319, 320, 321, 322, 323, 324, 325, 326, 327, 328, 329, 330, 331, 332, 333, 334, 335, 336, 337, 574, 575, 576, 577, 578, 579, 580, 581, 582, 583, 584, 585, 586, 587, 588, 589, 590, 591, 592, 593, 594, 595, 596, 597, 598, 599, 600, 601, 602, 603, 604, 605, 606, 607, 608, 609, 610, 611, 612, 613, 614, 615, 616, 617, 618, 619, 620, 621, 622, 623, 624, 625, 626, 627, 628, 629, 630, 631, 632, 633, 634, 635, 636, 637, 638, 639, 640, 641, 642, 643, 644, 645, 646, 647, 648, 649, 650, 651, 652, 653, 654, 655, 656, 657, 658, 659, 660, 661, 662, 663, 664, 665, 666, 667, 668, 669, 670, 671, 672, 673, 674, 675, 676, 677, 678, 679, 680, 681, 682, 683, 684, 685, 686, 687, 688, 689, 690, 691, 692, 693, 694, 695, 696, 697, 698, 699, 700, 701, 702, 703, 704, 705, 706, 707, 708, 709, 710, 711, 712, 713, 714, 715, 716, 717, 718, 719, 720, 721, 722, 723, 724, 725, 726, 727, 728, 729, 730, 731, 732, 733, 734, 735, 736, 737, 738, 739, 740, 741, 742, 743, 744, 745, 746, 747, 748, 749, 750, 751, 752, 753, 754, 755, 756, 757, 758, 759, 760, 761, 762, 763, 764, 765, 766, 767, 768, 769, 770, 771, 772, 773, 774, 775, 776, 777, 778, 779, 780, 781, 782, 783, 784, 785, 786, 787, 788, 789, 790, 791, 792, 793]","[103, 104, 106, 117, 118, 120, 127, 128, 129, 131, 133, 135, 136, 137, 139, 146, 147, 148, 149, 151, 158, 160, 162, 166, 173, 178, 179, 185, 190, 192, 198, 201, 203, 204, 206, 207, 212, 213, 214, 219, 223, 224, 225, 227, 230, 235, 237, 246, 247, 256, 259, 262, 263, 266, 268, 269, 271, 272, 278, 279, 284, 285, 288, 290, 292, 304, 312, 316, 319, 320, 323, 324, 332, 574, 575, 588, 591, 607, 608, 610, 618, 619, 620, 622, 632, 644, 649, 650, 656, 661, 663, 669, 674, 677, 683, 684, 687, 688, 689, 701, 710, 723, 730, 731, 738, 747, 751, 762, 774, 778, 789]",[],"[84, 87, 89, 114, 115, 117, 124, 132, 135, 144, 152, 178, 239, 268, 281, 297, 304, 318, 320, 327, 348, 394, 555, 558, 560, 585, 586, 588, 595, 603, 606, 615, 623, 649, 703, 727, 740, 756, 762, 776, 778, 785, 803, 844]","[84, 87, 89, 103, 104, 105, 106, 107, 108, 109, 110, 111, 112, 113, 114, 115, 116, 117, 118, 119, 120, 121, 122, 123, 124, 125, 126, 127, 128, 129, 130, 131, 132, 133, 134, 135, 136, 137, 138, 139, 140, 141, 142, 143, 144, 145, 146, 147, 148, 149, 150, 151, 152, 153, 154, 155, 156, 157, 158, 159, 160, 161, 162, 163, 164, 165, 166, 167, 168, 169, 170, 171, 172, 173, 174, 175, 176, 177, 178, 179, 180, 181, 182, 183, 184, 185, 186, 187, 188, 189, 190, 191, 192, 193, 194, 195, 196, 197, 198, 199, 200, 201, 202, 203, 204, 205, 206, 207, 208, 209, 210, 211, 212, 213, 214, 215, 216, 217, 218, 219, 220, 221, 222, 223, 224, 225, 226, 227, 228, 229, 230, 231, 232, 233, 234, 235, 236, 237, 238, 239, 240, 241, 242, 243, 244, 245, 246, 247, 248, 249, 250, 251, 252, 253, 254, 255, 256, 257, 258, 259, 260, 261, 262, 263, 264, 265, 266, 267, 268, 269, 270, 271, 272, 273, 274, 275, 276, 277, 278, 279, 280, 281, 282, 283, 284, 285, 286, 287, 288, 289, 290, 291, 292, 293, 294, 295, 296, 297, 298, 299, 300, 301, 302, 303, 304, 305, 306, 307, 308, 309, 310, 311, 312, 313, 314, 315, 316, 317, 318, 319, 320, 321, 322, 323, 324, 325, 326, 327, 328, 329, 330, 331, 332, 333, 334, 335, 336, 337, 348, 394, 555, 558, 560, 574, 575, 576, 577, 578, 579, 580, 581, 582, 583, 584, 585, 586, 587, 588, 589, 590, 591, 592, 593, 594, 595, 596, 597, 598, 599, 600, 601, 602, 603, 604, 605, 606, 607, 608, 609, 610, 611, 612, 613, 614, 615, 616, 617, 618, 619, 620, 621, 622, 623, 624, 625, 626, 627, 628, 629, 630, 631, 632, 633, 634, 635, 636, 637, 638, 639, 640, 641, 642, 643, 644, 645, 646, 647, 648, 649, 650, 651, 652, 653, 654, 655, 656, 657, 658, 659, 660, 661, 662, 663, 664, 665, 666, 667, 668, 669, 670, 671, 672, 673, 674, 675, 676, 677, 678, 679, 680, 681, 682, 683, 684, 685, 686, 687, 688, 689, 690, 691, 692, 693, 694, 695, 696, 697, 698, 699, 700, 701, 702, 703, 704, 705, 706, 707, 708, 709, 710, 711, 712, 713, 714, 715, 716, 717, 718, 719, 720, 721, 722, 723, 724, 725, 726, 727, 728, 729, 730, 731, 732, 733, 734, 735, 736, 737, 738, 739, 740, 741, 742, 743, 744, 745, 746, 747, 748, 749, 750, 751, 752, 753, 754, 755, 756, 757, 758, 759, 760, 761, 762, 763, 764, 765, 766, 767, 768, 769, 770, 771, 772, 773, 774, 775, 776, 777, 778, 779, 780, 781, 782, 783, 784, 785, 786, 787, 788, 789, 790, 791, 792, 793, 803, 844]",True,"[304, 762]","[103, 104, 105, 106, 107, 108, 109, 110, 111, 112, 113, 114, 115, 116, 117, 118, 119, 120, 121, 122, 123, 124, 125, 126, 127, 128, 129, 130, 131, 132, 133, 134, 135, 136, 137, 138, 139, 140, 141, 142, 143, 144, 145, 146, 147, 148, 149, 150, 151, 152, 153, 154, 155, 156, 157, 158, 159, 160, 161, 162, 163, 164, 165, 166, 167, 168, 169, 170, 171, 172, 173, 174, 175, 176, 177, 178, 179, 180, 181, 182, 183, 184, 185, 186, 187, 188, 189, 190, 191, 192, 193, 194, 195, 196, 197, 198, 199, 200, 201, 202, 203, 204, 205, 206, 207, 208, 209, 210, 211, 212, 213, 214, 215, 216, 217, 218, 219, 220, 221, 222, 223, 224, 225, 226, 227, 228, 229, 230, 231, 232, 233, 234, 235, 236, 237, 238, 239, 240, 241, 242, 243, 244, 245, 246, 247, 248, 249, 250, 251, 252, 253, 254, 255, 256, 257, 258, 259, 260, 261, 262, 263, 264, 265, 266, 267, 268, 269, 270, 271, 272, 273, 274, 275, 276, 277, 278, 279, 280, 281, 282, 283, 284, 285, 286, 287, 288, 289, 290, 291, 292, 293, 294, 295, 296, 297, 298, 299, 300, 301, 302, 303, 304, 305, 306, 307, 308, 309, 310, 311, 312, 313, 314, 315, 316, 317, 318, 319, 320, 321, 322, 323, 324, 325, 326, 327, 328, 329, 330, 331, 332, 333, 334, 335, 336, 337, 574, 575, 576, 577, 578, 579, 580, 581, 582, 583, 584, 585, 586, 587, 588, 589, 590, 591, 592, 593, 594, 595, 596, 597, 598, 599, 600, 601, 602, 603, 604, 605, 606, 607, 608, 609, 610, 611, 612, 613, 614, 615, 616, 617, 618, 619, 620, 621, 622, 623, 624, 625, 626, 627, 628, 629, 630, 631, 632, 633, 634, 635, 636, 637, 638, 639, 640, 641, 642, 643, 644, 645, 646, 647, 648, 649, 650, 651, 652, 653, 654, 655, 656, 657, 658, 659, 660, 661, 662, 663, 664, 665, 666, 667, 668, 669, 670, 671, 672, 673, 674, 675, 676, 677, 678, 679, 680, 681, 682, 683, 684, 685, 686, 687, 688, 689, 690, 691, 692, 693, 694, 695, 696, 697, 698, 699, 700, 701, 702, 703, 704, 705, 706, 707, 708, 709, 710, 711, 712, 713, 714, 715, 716, 717, 718, 719, 720, 721, 722, 723, 724, 725, 726, 727, 728, 729, 730, 731, 732, 733, 734, 735, 736, 737, 738, 739, 740, 741, 742, 743, 744, 745, 746, 747, 748, 749, 750, 751, 752, 753, 754, 755, 756, 757, 758, 759, 760, 761, 762, 763, 764, 765, 766, 767, 768, 769, 770, 771, 772, 773, 774, 775, 776, 777, 778, 779, 780, 781, 782, 783, 784, 785, 786, 787, 788, 789, 790, 791, 792, 793]","[120, 304, 591, 762]",[],"[103, 104, 106, 117, 118, 120, 127, 128, 129, 131, 133, 135, 136, 137, 139, 146, 147, 148, 149, 151, 158, 160, 162, 166, 173, 178, 179, 185, 190, 192, 198, 201, 203, 204, 206, 207, 212, 213, 214, 219, 223, 224, 225, 227, 230, 235, 237, 246, 247, 256, 259, 262, 263, 266, 268, 269, 271, 272, 278, 279, 284, 285, 288, 290, 292, 304, 312, 316, 319, 320, 323, 324, 332, 574, 575, 588, 591, 607, 608, 610, 618, 619, 620, 622, 632, 644, 649, 650, 656, 661, 663, 669, 674, 677, 683, 684, 687, 688, 689, 701, 710, 723, 730, 731, 738, 747, 751, 762, 774, 778, 789]","[84, 87, 89, 114, 115, 117, 124, 132, 135, 144, 152, 178, 239, 268, 281, 297, 304, 318, 320, 327, 348, 394, 555, 558, 560, 585, 586, 588, 595, 603, 606, 615, 623, 649, 703, 727, 740, 756, 762, 776, 778, 785, 803, 844]",[],7/6 successful match,True,,False,722,False,,,,,
"Salton Sea Beach , 92274 Torres Martinez Travel Center W to Terven S )",6 760-395-1404 3095 CA 86 ( 76 ),HORS 24 24,Salton Sea Beach,92274,Torres Martinez Travel Center W to Terven S ),760-395-1404,2008,Thermal,CA,,( 76 ),3095 CA 86,Proper,,False,,False,CA 86,,,,,"[304, 762]","[304, 762]","[58, 120, 181, 233, 236, 304, 591, 652, 697, 700, 762]",[],"[103, 104, 105, 106, 107, 108, 109, 110, 111, 112, 113, 114, 115, 116, 117, 118, 119, 120, 121, 122, 123, 124, 125, 126, 127, 128, 129, 130, 131, 132, 133, 134, 135, 136, 137, 138, 139, 140, 141, 142, 143, 144, 145, 146, 147, 148, 149, 150, 151, 152, 153, 154, 155, 156, 157, 158, 159, 160, 161, 162, 163, 164, 165, 166, 167, 168, 169, 170, 171, 172, 173, 174, 175, 176, 177, 178, 179, 180, 181, 182, 183, 184, 185, 186, 187, 188, 189, 190, 191, 192, 193, 194, 195, 196, 197, 198, 199, 200, 201, 202, 203, 204, 205, 206, 207, 208, 209, 210, 211, 212, 213, 214, 215, 216, 217, 218, 219, 220, 221, 222, 223, 224, 225, 226, 227, 228, 229, 230, 231, 232, 233, 234, 235, 236, 237, 238, 239, 240, 241, 242, 243, 244, 245, 246, 247, 248, 249, 250, 251, 252, 253, 254, 255, 256, 257, 258, 259, 260, 261, 262, 263, 264, 265, 266, 267, 268, 269, 270, 271, 272, 273, 274, 275, 276, 277, 278, 279, 280, 281, 282, 283, 284, 285, 286, 287, 288, 289, 290, 291, 292, 293, 294, 295, 296, 297, 298, 299, 300, 301, 302, 303, 304, 305, 306, 307, 308, 309, 310, 311, 312, 313, 314, 315, 316, 317, 318, 319, 320, 321, 322, 323, 324, 325, 326, 327, 328, 329, 330, 331, 332, 333, 334, 335, 336, 337, 574, 575, 576, 577, 578, 579, 580, 581, 582, 583, 584, 585, 586, 587, 588, 589, 590, 591, 592, 593, 594, 595, 596, 597, 598, 599, 600, 601, 602, 603, 604, 605, 606, 607, 608, 609, 610, 611, 612, 613, 614, 615, 616, 617, 618, 619, 620, 621, 622, 623, 624, 625, 626, 627, 628, 629, 630, 631, 632, 633, 634, 635, 636, 637, 638, 639, 640, 641, 642, 643, 644, 645, 646, 647, 648, 649, 650, 651, 652, 653, 654, 655, 656, 657, 658, 659, 660, 661, 662, 663, 664, 665, 666, 667, 668, 669, 670, 671, 672, 673, 674, 675, 676, 677, 678, 679, 680, 681, 682, 683, 684, 685, 686, 687, 688, 689, 690, 691, 692, 693, 694, 695, 696, 697, 698, 699, 700, 701, 702, 703, 704, 705, 706, 707, 708, 709, 710, 711, 712, 713, 714, 715, 716, 717, 718, 719, 720, 721, 722, 723, 724, 725, 726, 727, 728, 729, 730, 731, 732, 733, 734, 735, 736, 737, 738, 739, 740, 741, 742, 743, 744, 745, 746, 747, 748, 749, 750, 751, 752, 753, 754, 755, 756, 757, 758, 759, 760, 761, 762, 763, 764, 765, 766, 767, 768, 769, 770, 771, 772, 773, 774, 775, 776, 777, 778, 779, 780, 781, 782, 783, 784, 785, 786, 787, 788, 789, 790, 791, 792, 793]","[103, 104, 106, 117, 118, 120, 127, 128, 129, 131, 133, 135, 136, 137, 139, 146, 147, 148, 149, 151, 158, 160, 162, 166, 173, 178, 179, 185, 190, 192, 198, 201, 203, 204, 206, 207, 212, 213, 214, 219, 223, 224, 225, 227, 230, 235, 237, 246, 247, 256, 259, 262, 263, 266, 268, 269, 271, 272, 278, 279, 284, 285, 288, 290, 292, 304, 312, 316, 319, 320, 323, 324, 332, 574, 575, 588, 591, 607, 608, 610, 618, 619, 620, 622, 632, 644, 649, 650, 656, 661, 663, 669, 674, 677, 683, 684, 687, 688, 689, 701, 710, 723, 730, 731, 738, 747, 751, 762, 774, 778, 789]",[],"[304, 762]","[58, 103, 104, 105, 106, 107, 108, 109, 110, 111, 112, 113, 114, 115, 116, 117, 118, 119, 120, 121, 122, 123, 124, 125, 126, 127, 128, 129, 130, 131, 132, 133, 134, 135, 136, 137, 138, 139, 140, 141, 142, 143, 144, 145, 146, 147, 148, 149, 150, 151, 152, 153, 154, 155, 156, 157, 158, 159, 160, 161, 162, 163, 164, 165, 166, 167, 168, 169, 170, 171, 172, 173, 174, 175, 176, 177, 178, 179, 180, 181, 182, 183, 184, 185, 186, 187, 188, 189, 190, 191, 192, 193, 194, 195, 196, 197, 198, 199, 200, 201, 202, 203, 204, 205, 206, 207, 208, 209, 210, 211, 212, 213, 214, 215, 216, 217, 218, 219, 220, 221, 222, 223, 224, 225, 226, 227, 228, 229, 230, 231, 232, 233, 234, 235, 236, 237, 238, 239, 240, 241, 242, 243, 244, 245, 246, 247, 248, 249, 250, 251, 252, 253, 254, 255, 256, 257, 258, 259, 260, 261, 262, 263, 264, 265, 266, 267, 268, 269, 270, 271, 272, 273, 274, 275, 276, 277, 278, 279, 280, 281, 282, 283, 284, 285, 286, 287, 288, 289, 290, 291, 292, 293, 294, 295, 296, 297, 298, 299, 300, 301, 302, 303, 304, 305, 306, 307, 308, 309, 310, 311, 312, 313, 314, 315, 316, 317, 318, 319, 320, 321, 322, 323, 324, 325, 326, 327, 328, 329, 330, 331, 332, 333, 334, 335, 336, 337, 574, 575, 576, 577, 578, 579, 580, 581, 582, 583, 584, 585, 586, 587, 588, 589, 590, 591, 592, 593, 594, 595, 596, 597, 598, 599, 600, 601, 602, 603, 604, 605, 606, 607, 608, 609, 610, 611, 612, 613, 614, 615, 616, 617, 618, 619, 620, 621, 622, 623, 624, 625, 626, 627, 628, 629, 630, 631, 632, 633, 634, 635, 636, 637, 638, 639, 640, 641, 642, 643, 644, 645, 646, 647, 648, 649, 650, 651, 652, 653, 654, 655, 656, 657, 658, 659, 660, 661, 662, 663, 664, 665, 666, 667, 668, 669, 670, 671, 672, 673, 674, 675, 676, 677, 678, 679, 680, 681, 682, 683, 684, 685, 686, 687, 688, 689, 690, 691, 692, 693, 694, 695, 696, 697, 698, 699, 700, 701, 702, 703, 704, 705, 706, 707, 708, 709, 710, 711, 712, 713, 714, 715, 716, 717, 718, 719, 720, 721, 722, 723, 724, 725, 726, 727, 728, 729, 730, 731, 732, 733, 734, 735, 736, 737, 738, 739, 740, 741, 742, 743, 744, 745, 746, 747, 748, 749, 750, 751, 752, 753, 754, 755, 756, 757, 758, 759, 760, 761, 762, 763, 764, 765, 766, 767, 768, 769, 770, 771, 772, 773, 774, 775, 776, 777, 778, 779, 780, 781, 782, 783, 784, 785, 786, 787, 788, 789, 790, 791, 792, 793]",True,"[304, 762]","[103, 104, 105, 106, 107, 108, 109, 110, 111, 112, 113, 114, 115, 116, 117, 118, 119, 120, 121, 122, 123, 124, 125, 126, 127, 128, 129, 130, 131, 132, 133, 134, 135, 136, 137, 138, 139, 140, 141, 142, 143, 144, 145, 146, 147, 148, 149, 150, 151, 152, 153, 154, 155, 156, 157, 158, 159, 160, 161, 162, 163, 164, 165, 166, 167, 168, 169, 170, 171, 172, 173, 174, 175, 176, 177, 178, 179, 180, 181, 182, 183, 184, 185, 186, 187, 188, 189, 190, 191, 192, 193, 194, 195, 196, 197, 198, 199, 200, 201, 202, 203, 204, 205, 206, 207, 208, 209, 210, 211, 212, 213, 214, 215, 216, 217, 218, 219, 220, 221, 222, 223, 224, 225, 226, 227, 228, 229, 230, 231, 232, 233, 234, 235, 236, 237, 238, 239, 240, 241, 242, 243, 244, 245, 246, 247, 248, 249, 250, 251, 252, 253, 254, 255, 256, 257, 258, 259, 260, 261, 262, 263, 264, 265, 266, 267, 268, 269, 270, 271, 272, 273, 274, 275, 276, 277, 278, 279, 280, 281, 282, 283, 284, 285, 286, 287, 288, 289, 290, 291, 292, 293, 294, 295, 296, 297, 298, 299, 300, 301, 302, 303, 304, 305, 306, 307, 308, 309, 310, 311, 312, 313, 314, 315, 316, 317, 318, 319, 320, 321, 322, 323, 324, 325, 326, 327, 328, 329, 330, 331, 332, 333, 334, 335, 336, 337, 574, 575, 576, 577, 578, 579, 580, 581, 582, 583, 584, 585, 586, 587, 588, 589, 590, 591, 592, 593, 594, 595, 596, 597, 598, 599, 600, 601, 602, 603, 604, 605, 606, 607, 608, 609, 610, 611, 612, 613, 614, 615, 616, 617, 618, 619, 620, 621, 622, 623, 624, 625, 626, 627, 628, 629, 630, 631, 632, 633, 634, 635, 636, 637, 638, 639, 640, 641, 642, 643, 644, 645, 646, 647, 648, 649, 650, 651, 652, 653, 654, 655, 656, 657, 658, 659, 660, 661, 662, 663, 664, 665, 666, 667, 668, 669, 670, 671, 672, 673, 674, 675, 676, 677, 678, 679, 680, 681, 682, 683, 684, 685, 686, 687, 688, 689, 690, 691, 692, 693, 694, 695, 696, 697, 698, 699, 700, 701, 702, 703, 704, 705, 706, 707, 708, 709, 710, 711, 712, 713, 714, 715, 716, 717, 718, 719, 720, 721, 722, 723, 724, 725, 726, 727, 728, 729, 730, 731, 732, 733, 734, 735, 736, 737, 738, 739, 740, 741, 742, 743, 744, 745, 746, 747, 748, 749, 750, 751, 752, 753, 754, 755, 756, 757, 758, 759, 760, 761, 762, 763, 764, 765, 766, 767, 768, 769, 770, 771, 772, 773, 774, 775, 776, 777, 778, 779, 780, 781, 782, 783, 784, 785, 786, 787, 788, 789, 790, 791, 792, 793]","[58, 120, 181, 233, 236, 304, 591, 652, 697, 700, 762]",[],"[103, 104, 106, 117, 118, 120, 127, 128, 129, 131, 133, 135, 136, 137, 139, 146, 147, 148, 149, 151, 158, 160, 162, 166, 173, 178, 179, 185, 190, 192, 198, 201, 203, 204, 206, 207, 212, 213, 214, 219, 223, 224, 225, 227, 230, 235, 237, 246, 247, 256, 259, 262, 263, 266, 268, 269, 271, 272, 278, 279, 284, 285, 288, 290, 292, 304, 312, 316, 319, 320, 323, 324, 332, 574, 575, 588, 591, 607, 608, 610, 618, 619, 620, 622, 632, 644, 649, 650, 656, 661, 663, 669, 674, 677, 683, 684, 687, 688, 689, 701, 710, 723, 730, 731, 738, 747, 751, 762, 774, 778, 789]","[304, 762]",[],7/6 successful match,True,,False,722,False,,0.9844444444444445,True,Torres Martinez Travel Center ( 76 ),
Salton Sea Beach ( 92274 ) Torres Martinez Travel Center,6 760-395-1404 3095 CA 86,24,Salton Sea Beach,92274,Torres Martinez Travel Center,760-395-1404,2014,Thermal,CA,,,3095 CA 86,Proper,,False,,False,CA 86,,,,,"[304, 762]","[304, 762]","[58, 120, 181, 233, 236, 304, 591, 652, 697, 700, 762]",[],"[103, 104, 105, 106, 107, 108, 109, 110, 111, 112, 113, 114, 115, 116, 117, 118, 119, 120, 121, 122, 123, 124, 125, 126, 127, 128, 129, 130, 131, 132, 133, 134, 135, 136, 137, 138, 139, 140, 141, 142, 143, 144, 145, 146, 147, 148, 149, 150, 151, 152, 153, 154, 155, 156, 157, 158, 159, 160, 161, 162, 163, 164, 165, 166, 167, 168, 169, 170, 171, 172, 173, 174, 175, 176, 177, 178, 179, 180, 181, 182, 183, 184, 185, 186, 187, 188, 189, 190, 191, 192, 193, 194, 195, 196, 197, 198, 199, 200, 201, 202, 203, 204, 205, 206, 207, 208, 209, 210, 211, 212, 213, 214, 215, 216, 217, 218, 219, 220, 221, 222, 223, 224, 225, 226, 227, 228, 229, 230, 231, 232, 233, 234, 235, 236, 237, 238, 239, 240, 241, 242, 243, 244, 245, 246, 247, 248, 249, 250, 251, 252, 253, 254, 255, 256, 257, 258, 259, 260, 261, 262, 263, 264, 265, 266, 267, 268, 269, 270, 271, 272, 273, 274, 275, 276, 277, 278, 279, 280, 281, 282, 283, 284, 285, 286, 287, 288, 289, 290, 291, 292, 293, 294, 295, 296, 297, 298, 299, 300, 301, 302, 303, 304, 305, 306, 307, 308, 309, 310, 311, 312, 313, 314, 315, 316, 317, 318, 319, 320, 321, 322, 323, 324, 325, 326, 327, 328, 329, 330, 331, 332, 333, 334, 335, 336, 337, 574, 575, 576, 577, 578, 579, 580, 581, 582, 583, 584, 585, 586, 587, 588, 589, 590, 591, 592, 593, 594, 595, 596, 597, 598, 599, 600, 601, 602, 603, 604, 605, 606, 607, 608, 609, 610, 611, 612, 613, 614, 615, 616, 617, 618, 619, 620, 621, 622, 623, 624, 625, 626, 627, 628, 629, 630, 631, 632, 633, 634, 635, 636, 637, 638, 639, 640, 641, 642, 643, 644, 645, 646, 647, 648, 649, 650, 651, 652, 653, 654, 655, 656, 657, 658, 659, 660, 661, 662, 663, 664, 665, 666, 667, 668, 669, 670, 671, 672, 673, 674, 675, 676, 677, 678, 679, 680, 681, 682, 683, 684, 685, 686, 687, 688, 689, 690, 691, 692, 693, 694, 695, 696, 697, 698, 699, 700, 701, 702, 703, 704, 705, 706, 707, 708, 709, 710, 711, 712, 713, 714, 715, 716, 717, 718, 719, 720, 721, 722, 723, 724, 725, 726, 727, 728, 729, 730, 731, 732, 733, 734, 735, 736, 737, 738, 739, 740, 741, 742, 743, 744, 745, 746, 747, 748, 749, 750, 751, 752, 753, 754, 755, 756, 757, 758, 759, 760, 761, 762, 763, 764, 765, 766, 767, 768, 769, 770, 771, 772, 773, 774, 775, 776, 777, 778, 779, 780, 781, 782, 783, 784, 785, 786, 787, 788, 789, 790, 791, 792, 793]","[103, 104, 106, 117, 118, 120, 127, 128, 129, 131, 133, 135, 136, 137, 139, 146, 147, 148, 149, 151, 158, 160, 162, 166, 173, 178, 179, 185, 190, 192, 198, 201, 203, 204, 206, 207, 212, 213, 214, 219, 223, 224, 225, 227, 230, 235, 237, 246, 247, 256, 259, 262, 263, 266, 268, 269, 271, 272, 278, 279, 284, 285, 288, 290, 292, 304, 312, 316, 319, 320, 323, 324, 332, 574, 575, 588, 591, 607, 608, 610, 618, 619, 620, 622, 632, 644, 649, 650, 656, 661, 663, 669, 674, 677, 683, 684, 687, 688, 689, 701, 710, 723, 730, 731, 738, 747, 751, 762, 774, 778, 789]",[],"[304, 762]","[58, 103, 104, 105, 106, 107, 108, 109, 110, 111, 112, 113, 114, 115, 116, 117, 118, 119, 120, 121, 122, 123, 124, 125, 126, 127, 128, 129, 130, 131, 132, 133, 134, 135, 136, 137, 138, 139, 140, 141, 142, 143, 144, 145, 146, 147, 148, 149, 150, 151, 152, 153, 154, 155, 156, 157, 158, 159, 160, 161, 162, 163, 164, 165, 166, 167, 168, 169, 170, 171, 172, 173, 174, 175, 176, 177, 178, 179, 180, 181, 182, 183, 184, 185, 186, 187, 188, 189, 190, 191, 192, 193, 194, 195, 196, 197, 198, 199, 200, 201, 202, 203, 204, 205, 206, 207, 208, 209, 210, 211, 212, 213, 214, 215, 216, 217, 218, 219, 220, 221, 222, 223, 224, 225, 226, 227, 228, 229, 230, 231, 232, 233, 234, 235, 236, 237, 238, 239, 240, 241, 242, 243, 244, 245, 246, 247, 248, 249, 250, 251, 252, 253, 254, 255, 256, 257, 258, 259, 260, 261, 262, 263, 264, 265, 266, 267, 268, 269, 270, 271, 272, 273, 274, 275, 276, 277, 278, 279, 280, 281, 282, 283, 284, 285, 286, 287, 288, 289, 290, 291, 292, 293, 294, 295, 296, 297, 298, 299, 300, 301, 302, 303, 304, 305, 306, 307, 308, 309, 310, 311, 312, 313, 314, 315, 316, 317, 318, 319, 320, 321, 322, 323, 324, 325, 326, 327, 328, 329, 330, 331, 332, 333, 334, 335, 336, 337, 574, 575, 576, 577, 578, 579, 580, 581, 582, 583, 584, 585, 586, 587, 588, 589, 590, 591, 592, 593, 594, 595, 596, 597, 598, 599, 600, 601, 602, 603, 604, 605, 606, 607, 608, 609, 610, 611, 612, 613, 614, 615, 616, 617, 618, 619, 620, 621, 622, 623, 624, 625, 626, 627, 628, 629, 630, 631, 632, 633, 634, 635, 636, 637, 638, 639, 640, 641, 642, 643, 644, 645, 646, 647, 648, 649, 650, 651, 652, 653, 654, 655, 656, 657, 658, 659, 660, 661, 662, 663, 664, 665, 666, 667, 668, 669, 670, 671, 672, 673, 674, 675, 676, 677, 678, 679, 680, 681, 682, 683, 684, 685, 686, 687, 688, 689, 690, 691, 692, 693, 694, 695, 696, 697, 698, 699, 700, 701, 702, 703, 704, 705, 706, 707, 708, 709, 710, 711, 712, 713, 714, 715, 716, 717, 718, 719, 720, 721, 722, 723, 724, 725, 726, 727, 728, 729, 730, 731, 732, 733, 734, 735, 736, 737, 738, 739, 740, 741, 742, 743, 744, 745, 746, 747, 748, 749, 750, 751, 752, 753, 754, 755, 756, 757, 758, 759, 760, 761, 762, 763, 764, 765, 766, 767, 768, 769, 770, 771, 772, 773, 774, 775, 776, 777, 778, 779, 780, 781, 782, 783, 784, 785, 786, 787, 788, 789, 790, 791, 792, 793]",True,"[304, 762]","[103, 104, 105, 106, 107, 108, 109, 110, 111, 112, 113, 114, 115, 116, 117, 118, 119, 120, 121, 122, 123, 124, 125, 126, 127, 128, 129, 130, 131, 132, 133, 134, 135, 136, 137, 138, 139, 140, 141, 142, 143, 144, 145, 146, 147, 148, 149, 150, 151, 152, 153, 154, 155, 156, 157, 158, 159, 160, 161, 162, 163, 164, 165, 166, 167, 168, 169, 170, 171, 172, 173, 174, 175, 176, 177, 178, 179, 180, 181, 182, 183, 184, 185, 186, 187, 188, 189, 190, 191, 192, 193, 194, 195, 196, 197, 198, 199, 200, 201, 202, 203, 204, 205, 206, 207, 208, 209, 210, 211, 212, 213, 214, 215, 216, 217, 218, 219, 220, 221, 222, 223, 224, 225, 226, 227, 228, 229, 230, 231, 232, 233, 234, 235, 236, 237, 238, 239, 240, 241, 242, 243, 244, 245, 246, 247, 248, 249, 250, 251, 252, 253, 254, 255, 256, 257, 258, 259, 260, 261, 262, 263, 264, 265, 266, 267, 268, 269, 270, 271, 272, 273, 274, 275, 276, 277, 278, 279, 280, 281, 282, 283, 284, 285, 286, 287, 288, 289, 290, 291, 292, 293, 294, 295, 296, 297, 298, 299, 300, 301, 302, 303, 304, 305, 306, 307, 308, 309, 310, 311, 312, 313, 314, 315, 316, 317, 318, 319, 320, 321, 322, 323, 324, 325, 326, 327, 328, 329, 330, 331, 332, 333, 334, 335, 336, 337, 574, 575, 576, 577, 578, 579, 580, 581, 582, 583, 584, 585, 586, 587, 588, 589, 590, 591, 592, 593, 594, 595, 596, 597, 598, 599, 600, 601, 602, 603, 604, 605, 606, 607, 608, 609, 610, 611, 612, 613, 614, 615, 616, 617, 618, 619, 620, 621, 622, 623, 624, 625, 626, 627, 628, 629, 630, 631, 632, 633, 634, 635, 636, 637, 638, 639, 640, 641, 642, 643, 644, 645, 646, 647, 648, 649, 650, 651, 652, 653, 654, 655, 656, 657, 658, 659, 660, 661, 662, 663, 664, 665, 666, 667, 668, 669, 670, 671, 672, 673, 674, 675, 676, 677, 678, 679, 680, 681, 682, 683, 684, 685, 686, 687, 688, 689, 690, 691, 692, 693, 694, 695, 696, 697, 698, 699, 700, 701, 702, 703, 704, 705, 706, 707, 708, 709, 710, 711, 712, 713, 714, 715, 716, 717, 718, 719, 720, 721, 722, 723, 724, 725, 726, 727, 728, 729, 730, 731, 732, 733, 734, 735, 736, 737, 738, 739, 740, 741, 742, 743, 744, 745, 746, 747, 748, 749, 750, 751, 752, 753, 754, 755, 756, 757, 758, 759, 760, 761, 762, 763, 764, 765, 766, 767, 768, 769, 770, 771, 772, 773, 774, 775, 776, 777, 778, 779, 780, 781, 782, 783, 784, 785, 786, 787, 788, 789, 790, 791, 792, 793]","[58, 120, 181, 233, 236, 304, 591, 652, 697, 700, 762]",[],"[103, 104, 106, 117, 118, 120, 127, 128, 129, 131, 133, 135, 136, 137, 139, 146, 147, 148, 149, 151, 158, 160, 162, 166, 173, 178, 179, 185, 190, 192, 198, 201, 203, 204, 206, 207, 212, 213, 214, 219, 223, 224, 225, 227, 230, 235, 237, 246, 247, 256, 259, 262, 263, 266, 268, 269, 271, 272, 278, 279, 284, 285, 288, 290, 292, 304, 312, 316, 319, 320, 323, 324, 332, 574, 575, 588, 591, 607, 608, 610, 618, 619, 620, 622, 632, 644, 649, 650, 656, 661, 663, 669, 674, 677, 683, 684, 687, 688, 689, 701, 710, 723, 730, 731, 738, 747, 751, 762, 774, 778, 789]","[304, 762]",[],7/6 successful match,True,,False,722,False,,1.0,True,Torres Martinez Travel Center W to Terven S ),
Salton Sea Beach ( 92274 ) Torres Martinez Travel Center,6 760-395-1404 3095 CA 86,24 LOO,Salton Sea Beach,92274,Torres Martinez Travel Center,760-395-1404,2015,Thermal,CA,,,3095 CA 86,Proper,,False,,False,CA 86,,,,,"[304, 762]","[304, 762]","[58, 120, 181, 233, 236, 304, 591, 652, 697, 700, 762]",[],"[103, 104, 105, 106, 107, 108, 109, 110, 111, 112, 113, 114, 115, 116, 117, 118, 119, 120, 121, 122, 123, 124, 125, 126, 127, 128, 129, 130, 131, 132, 133, 134, 135, 136, 137, 138, 139, 140, 141, 142, 143, 144, 145, 146, 147, 148, 149, 150, 151, 152, 153, 154, 155, 156, 157, 158, 159, 160, 161, 162, 163, 164, 165, 166, 167, 168, 169, 170, 171, 172, 173, 174, 175, 176, 177, 178, 179, 180, 181, 182, 183, 184, 185, 186, 187, 188, 189, 190, 191, 192, 193, 194, 195, 196, 197, 198, 199, 200, 201, 202, 203, 204, 205, 206, 207, 208, 209, 210, 211, 212, 213, 214, 215, 216, 217, 218, 219, 220, 221, 222, 223, 224, 225, 226, 227, 228, 229, 230, 231, 232, 233, 234, 235, 236, 237, 238, 239, 240, 241, 242, 243, 244, 245, 246, 247, 248, 249, 250, 251, 252, 253, 254, 255, 256, 257, 258, 259, 260, 261, 262, 263, 264, 265, 266, 267, 268, 269, 270, 271, 272, 273, 274, 275, 276, 277, 278, 279, 280, 281, 282, 283, 284, 285, 286, 287, 288, 289, 290, 291, 292, 293, 294, 295, 296, 297, 298, 299, 300, 301, 302, 303, 304, 305, 306, 307, 308, 309, 310, 311, 312, 313, 314, 315, 316, 317, 318, 319, 320, 321, 322, 323, 324, 325, 326, 327, 328, 329, 330, 331, 332, 333, 334, 335, 336, 337, 574, 575, 576, 577, 578, 579, 580, 581, 582, 583, 584, 585, 586, 587, 588, 589, 590, 591, 592, 593, 594, 595, 596, 597, 598, 599, 600, 601, 602, 603, 604, 605, 606, 607, 608, 609, 610, 611, 612, 613, 614, 615, 616, 617, 618, 619, 620, 621, 622, 623, 624, 625, 626, 627, 628, 629, 630, 631, 632, 633, 634, 635, 636, 637, 638, 639, 640, 641, 642, 643, 644, 645, 646, 647, 648, 649, 650, 651, 652, 653, 654, 655, 656, 657, 658, 659, 660, 661, 662, 663, 664, 665, 666, 667, 668, 669, 670, 671, 672, 673, 674, 675, 676, 677, 678, 679, 680, 681, 682, 683, 684, 685, 686, 687, 688, 689, 690, 691, 692, 693, 694, 695, 696, 697, 698, 699, 700, 701, 702, 703, 704, 705, 706, 707, 708, 709, 710, 711, 712, 713, 714, 715, 716, 717, 718, 719, 720, 721, 722, 723, 724, 725, 726, 727, 728, 729, 730, 731, 732, 733, 734, 735, 736, 737, 738, 739, 740, 741, 742, 743, 744, 745, 746, 747, 748, 749, 750, 751, 752, 753, 754, 755, 756, 757, 758, 759, 760, 761, 762, 763, 764, 765, 766, 767, 768, 769, 770, 771, 772, 773, 774, 775, 776, 777, 778, 779, 780, 781, 782, 783, 784, 785, 786, 787, 788, 789, 790, 791, 792, 793]","[103, 104, 106, 117, 118, 120, 127, 128, 129, 131, 133, 135, 136, 137, 139, 146, 147, 148, 149, 151, 158, 160, 162, 166, 173, 178, 179, 185, 190, 192, 198, 201, 203, 204, 206, 207, 212, 213, 214, 219, 223, 224, 225, 227, 230, 235, 237, 246, 247, 256, 259, 262, 263, 266, 268, 269, 271, 272, 278, 279, 284, 285, 288, 290, 292, 304, 312, 316, 319, 320, 323, 324, 332, 574, 575, 588, 591, 607, 608, 610, 618, 619, 620, 622, 632, 644, 649, 650, 656, 661, 663, 669, 674, 677, 683, 684, 687, 688, 689, 701, 710, 723, 730, 731, 738, 747, 751, 762, 774, 778, 789]",[],"[304, 762]","[58, 103, 104, 105, 106, 107, 108, 109, 110, 111, 112, 113, 114, 115, 116, 117, 118, 119, 120, 121, 122, 123, 124, 125, 126, 127, 128, 129, 130, 131, 132, 133, 134, 135, 136, 137, 138, 139, 140, 141, 142, 143, 144, 145, 146, 147, 148, 149, 150, 151, 152, 153, 154, 155, 156, 157, 158, 159, 160, 161, 162, 163, 164, 165, 166, 167, 168, 169, 170, 171, 172, 173, 174, 175, 176, 177, 178, 179, 180, 181, 182, 183, 184, 185, 186, 187, 188, 189, 190, 191, 192, 193, 194, 195, 196, 197, 198, 199, 200, 201, 202, 203, 204, 205, 206, 207, 208, 209, 210, 211, 212, 213, 214, 215, 216, 217, 218, 219, 220, 221, 222, 223, 224, 225, 226, 227, 228, 229, 230, 231, 232, 233, 234, 235, 236, 237, 238, 239, 240, 241, 242, 243, 244, 245, 246, 247, 248, 249, 250, 251, 252, 253, 254, 255, 256, 257, 258, 259, 260, 261, 262, 263, 264, 265, 266, 267, 268, 269, 270, 271, 272, 273, 274, 275, 276, 277, 278, 279, 280, 281, 282, 283, 284, 285, 286, 287, 288, 289, 290, 291, 292, 293, 294, 295, 296, 297, 298, 299, 300, 301, 302, 303, 304, 305, 306, 307, 308, 309, 310, 311, 312, 313, 314, 315, 316, 317, 318, 319, 320, 321, 322, 323, 324, 325, 326, 327, 328, 329, 330, 331, 332, 333, 334, 335, 336, 337, 574, 575, 576, 577, 578, 579, 580, 581, 582, 583, 584, 585, 586, 587, 588, 589, 590, 591, 592, 593, 594, 595, 596, 597, 598, 599, 600, 601, 602, 603, 604, 605, 606, 607, 608, 609, 610, 611, 612, 613, 614, 615, 616, 617, 618, 619, 620, 621, 622, 623, 624, 625, 626, 627, 628, 629, 630, 631, 632, 633, 634, 635, 636, 637, 638, 639, 640, 641, 642, 643, 644, 645, 646, 647, 648, 649, 650, 651, 652, 653, 654, 655, 656, 657, 658, 659, 660, 661, 662, 663, 664, 665, 666, 667, 668, 669, 670, 671, 672, 673, 674, 675, 676, 677, 678, 679, 680, 681, 682, 683, 684, 685, 686, 687, 688, 689, 690, 691, 692, 693, 694, 695, 696, 697, 698, 699, 700, 701, 702, 703, 704, 705, 706, 707, 708, 709, 710, 711, 712, 713, 714, 715, 716, 717, 718, 719, 720, 721, 722, 723, 724, 725, 726, 727, 728, 729, 730, 731, 732, 733, 734, 735, 736, 737, 738, 739, 740, 741, 742, 743, 744, 745, 746, 747, 748, 749, 750, 751, 752, 753, 754, 755, 756, 757, 758, 759, 760, 761, 762, 763, 764, 765, 766, 767, 768, 769, 770, 771, 772, 773, 774, 775, 776, 777, 778, 779, 780, 781, 782, 783, 784, 785, 786, 787, 788, 789, 790, 791, 792, 793]",True,"[304, 762]","[103, 104, 105, 106, 107, 108, 109, 110, 111, 112, 113, 114, 115, 116, 117, 118, 119, 120, 121, 122, 123, 124, 125, 126, 127, 128, 129, 130, 131, 132, 133, 134, 135, 136, 137, 138, 139, 140, 141, 142, 143, 144, 145, 146, 147, 148, 149, 150, 151, 152, 153, 154, 155, 156, 157, 158, 159, 160, 161, 162, 163, 164, 165, 166, 167, 168, 169, 170, 171, 172, 173, 174, 175, 176, 177, 178, 179, 180, 181, 182, 183, 184, 185, 186, 187, 188, 189, 190, 191, 192, 193, 194, 195, 196, 197, 198, 199, 200, 201, 202, 203, 204, 205, 206, 207, 208, 209, 210, 211, 212, 213, 214, 215, 216, 217, 218, 219, 220, 221, 222, 223, 224, 225, 226, 227, 228, 229, 230, 231, 232, 233, 234, 235, 236, 237, 238, 239, 240, 241, 242, 243, 244, 245, 246, 247, 248, 249, 250, 251, 252, 253, 254, 255, 256, 257, 258, 259, 260, 261, 262, 263, 264, 265, 266, 267, 268, 269, 270, 271, 272, 273, 274, 275, 276, 277, 278, 279, 280, 281, 282, 283, 284, 285, 286, 287, 288, 289, 290, 291, 292, 293, 294, 295, 296, 297, 298, 299, 300, 301, 302, 303, 304, 305, 306, 307, 308, 309, 310, 311, 312, 313, 314, 315, 316, 317, 318, 319, 320, 321, 322, 323, 324, 325, 326, 327, 328, 329, 330, 331, 332, 333, 334, 335, 336, 337, 574, 575, 576, 577, 578, 579, 580, 581, 582, 583, 584, 585, 586, 587, 588, 589, 590, 591, 592, 593, 594, 595, 596, 597, 598, 599, 600, 601, 602, 603, 604, 605, 606, 607, 608, 609, 610, 611, 612, 613, 614, 615, 616, 617, 618, 619, 620, 621, 622, 623, 624, 625, 626, 627, 628, 629, 630, 631, 632, 633, 634, 635, 636, 637, 638, 639, 640, 641, 642, 643, 644, 645, 646, 647, 648, 649, 650, 651, 652, 653, 654, 655, 656, 657, 658, 659, 660, 661, 662, 663, 664, 665, 666, 667, 668, 669, 670, 671, 672, 673, 674, 675, 676, 677, 678, 679, 680, 681, 682, 683, 684, 685, 686, 687, 688, 689, 690, 691, 692, 693, 694, 695, 696, 697, 698, 699, 700, 701, 702, 703, 704, 705, 706, 707, 708, 709, 710, 711, 712, 713, 714, 715, 716, 717, 718, 719, 720, 721, 722, 723, 724, 725, 726, 727, 728, 729, 730, 731, 732, 733, 734, 735, 736, 737, 738, 739, 740, 741, 742, 743, 744, 745, 746, 747, 748, 749, 750, 751, 752, 753, 754, 755, 756, 757, 758, 759, 760, 761, 762, 763, 764, 765, 766, 767, 768, 769, 770, 771, 772, 773, 774, 775, 776, 777, 778, 779, 780, 781, 782, 783, 784, 785, 786, 787, 788, 789, 790, 791, 792, 793]","[58, 120, 181, 233, 236, 304, 591, 652, 697, 700, 762]",[],"[103, 104, 106, 117, 118, 120, 127, 128, 129, 131, 133, 135, 136, 137, 139, 146, 147, 148, 149, 151, 158, 160, 162, 166, 173, 178, 179, 185, 190, 192, 198, 201, 203, 204, 206, 207, 212, 213, 214, 219, 223, 224, 225, 227, 230, 235, 237, 246, 247, 256, 259, 262, 263, 266, 268, 269, 271, 272, 278, 279, 284, 285, 288, 290, 292, 304, 312, 316, 319, 320, 323, 324, 332, 574, 575, 588, 591, 607, 608, 610, 618, 619, 620, 622, 632, 644, 649, 650, 656, 661, 663, 669, 674, 677, 683, 684, 687, 688, 689, 701, 710, 723, 730, 731, 738, 747, 751, 762, 774, 778, 789]","[304, 762]",[],7/6 successful match,True,,False,722,False,,1.0,True,Torres Martinez Travel Center,
Salton Sea Beach ( 92274 ) Torres Martinez Travel Center,6 760-395-1404 3095 CA 86,24 LOO,Salton Sea Beach,92274,Torres Martinez Travel Center,760-395-1404,2016,Thermal,CA,,,3095 CA 86,Proper,,False,,False,CA 86,,,,,"[304, 762]","[304, 762]","[58, 120, 181, 233, 236, 304, 591, 652, 697, 700, 762]",[],"[103, 104, 105, 106, 107, 108, 109, 110, 111, 112, 113, 114, 115, 116, 117, 118, 119, 120, 121, 122, 123, 124, 125, 126, 127, 128, 129, 130, 131, 132, 133, 134, 135, 136, 137, 138, 139, 140, 141, 142, 143, 144, 145, 146, 147, 148, 149, 150, 151, 152, 153, 154, 155, 156, 157, 158, 159, 160, 161, 162, 163, 164, 165, 166, 167, 168, 169, 170, 171, 172, 173, 174, 175, 176, 177, 178, 179, 180, 181, 182, 183, 184, 185, 186, 187, 188, 189, 190, 191, 192, 193, 194, 195, 196, 197, 198, 199, 200, 201, 202, 203, 204, 205, 206, 207, 208, 209, 210, 211, 212, 213, 214, 215, 216, 217, 218, 219, 220, 221, 222, 223, 224, 225, 226, 227, 228, 229, 230, 231, 232, 233, 234, 235, 236, 237, 238, 239, 240, 241, 242, 243, 244, 245, 246, 247, 248, 249, 250, 251, 252, 253, 254, 255, 256, 257, 258, 259, 260, 261, 262, 263, 264, 265, 266, 267, 268, 269, 270, 271, 272, 273, 274, 275, 276, 277, 278, 279, 280, 281, 282, 283, 284, 285, 286, 287, 288, 289, 290, 291, 292, 293, 294, 295, 296, 297, 298, 299, 300, 301, 302, 303, 304, 305, 306, 307, 308, 309, 310, 311, 312, 313, 314, 315, 316, 317, 318, 319, 320, 321, 322, 323, 324, 325, 326, 327, 328, 329, 330, 331, 332, 333, 334, 335, 336, 337, 574, 575, 576, 577, 578, 579, 580, 581, 582, 583, 584, 585, 586, 587, 588, 589, 590, 591, 592, 593, 594, 595, 596, 597, 598, 599, 600, 601, 602, 603, 604, 605, 606, 607, 608, 609, 610, 611, 612, 613, 614, 615, 616, 617, 618, 619, 620, 621, 622, 623, 624, 625, 626, 627, 628, 629, 630, 631, 632, 633, 634, 635, 636, 637, 638, 639, 640, 641, 642, 643, 644, 645, 646, 647, 648, 649, 650, 651, 652, 653, 654, 655, 656, 657, 658, 659, 660, 661, 662, 663, 664, 665, 666, 667, 668, 669, 670, 671, 672, 673, 674, 675, 676, 677, 678, 679, 680, 681, 682, 683, 684, 685, 686, 687, 688, 689, 690, 691, 692, 693, 694, 695, 696, 697, 698, 699, 700, 701, 702, 703, 704, 705, 706, 707, 708, 709, 710, 711, 712, 713, 714, 715, 716, 717, 718, 719, 720, 721, 722, 723, 724, 725, 726, 727, 728, 729, 730, 731, 732, 733, 734, 735, 736, 737, 738, 739, 740, 741, 742, 743, 744, 745, 746, 747, 748, 749, 750, 751, 752, 753, 754, 755, 756, 757, 758, 759, 760, 761, 762, 763, 764, 765, 766, 767, 768, 769, 770, 771, 772, 773, 774, 775, 776, 777, 778, 779, 780, 781, 782, 783, 784, 785, 786, 787, 788, 789, 790, 791, 792, 793]","[103, 104, 106, 117, 118, 120, 127, 128, 129, 131, 133, 135, 136, 137, 139, 146, 147, 148, 149, 151, 158, 160, 162, 166, 173, 178, 179, 185, 190, 192, 198, 201, 203, 204, 206, 207, 212, 213, 214, 219, 223, 224, 225, 227, 230, 235, 237, 246, 247, 256, 259, 262, 263, 266, 268, 269, 271, 272, 278, 279, 284, 285, 288, 290, 292, 304, 312, 316, 319, 320, 323, 324, 332, 574, 575, 588, 591, 607, 608, 610, 618, 619, 620, 622, 632, 644, 649, 650, 656, 661, 663, 669, 674, 677, 683, 684, 687, 688, 689, 701, 710, 723, 730, 731, 738, 747, 751, 762, 774, 778, 789]",[],"[304, 762]","[58, 103, 104, 105, 106, 107, 108, 109, 110, 111, 112, 113, 114, 115, 116, 117, 118, 119, 120, 121, 122, 123, 124, 125, 126, 127, 128, 129, 130, 131, 132, 133, 134, 135, 136, 137, 138, 139, 140, 141, 142, 143, 144, 145, 146, 147, 148, 149, 150, 151, 152, 153, 154, 155, 156, 157, 158, 159, 160, 161, 162, 163, 164, 165, 166, 167, 168, 169, 170, 171, 172, 173, 174, 175, 176, 177, 178, 179, 180, 181, 182, 183, 184, 185, 186, 187, 188, 189, 190, 191, 192, 193, 194, 195, 196, 197, 198, 199, 200, 201, 202, 203, 204, 205, 206, 207, 208, 209, 210, 211, 212, 213, 214, 215, 216, 217, 218, 219, 220, 221, 222, 223, 224, 225, 226, 227, 228, 229, 230, 231, 232, 233, 234, 235, 236, 237, 238, 239, 240, 241, 242, 243, 244, 245, 246, 247, 248, 249, 250, 251, 252, 253, 254, 255, 256, 257, 258, 259, 260, 261, 262, 263, 264, 265, 266, 267, 268, 269, 270, 271, 272, 273, 274, 275, 276, 277, 278, 279, 280, 281, 282, 283, 284, 285, 286, 287, 288, 289, 290, 291, 292, 293, 294, 295, 296, 297, 298, 299, 300, 301, 302, 303, 304, 305, 306, 307, 308, 309, 310, 311, 312, 313, 314, 315, 316, 317, 318, 319, 320, 321, 322, 323, 324, 325, 326, 327, 328, 329, 330, 331, 332, 333, 334, 335, 336, 337, 574, 575, 576, 577, 578, 579, 580, 581, 582, 583, 584, 585, 586, 587, 588, 589, 590, 591, 592, 593, 594, 595, 596, 597, 598, 599, 600, 601, 602, 603, 604, 605, 606, 607, 608, 609, 610, 611, 612, 613, 614, 615, 616, 617, 618, 619, 620, 621, 622, 623, 624, 625, 626, 627, 628, 629, 630, 631, 632, 633, 634, 635, 636, 637, 638, 639, 640, 641, 642, 643, 644, 645, 646, 647, 648, 649, 650, 651, 652, 653, 654, 655, 656, 657, 658, 659, 660, 661, 662, 663, 664, 665, 666, 667, 668, 669, 670, 671, 672, 673, 674, 675, 676, 677, 678, 679, 680, 681, 682, 683, 684, 685, 686, 687, 688, 689, 690, 691, 692, 693, 694, 695, 696, 697, 698, 699, 700, 701, 702, 703, 704, 705, 706, 707, 708, 709, 710, 711, 712, 713, 714, 715, 716, 717, 718, 719, 720, 721, 722, 723, 724, 725, 726, 727, 728, 729, 730, 731, 732, 733, 734, 735, 736, 737, 738, 739, 740, 741, 742, 743, 744, 745, 746, 747, 748, 749, 750, 751, 752, 753, 754, 755, 756, 757, 758, 759, 760, 761, 762, 763, 764, 765, 766, 767, 768, 769, 770, 771, 772, 773, 774, 775, 776, 777, 778, 779, 780, 781, 782, 783, 784, 785, 786, 787, 788, 789, 790, 791, 792, 793]",True,"[304, 762]","[103, 104, 105, 106, 107, 108, 109, 110, 111, 112, 113, 114, 115, 116, 117, 118, 119, 120, 121, 122, 123, 124, 125, 126, 127, 128, 129, 130, 131, 132, 133, 134, 135, 136, 137, 138, 139, 140, 141, 142, 143, 144, 145, 146, 147, 148, 149, 150, 151, 152, 153, 154, 155, 156, 157, 158, 159, 160, 161, 162, 163, 164, 165, 166, 167, 168, 169, 170, 171, 172, 173, 174, 175, 176, 177, 178, 179, 180, 181, 182, 183, 184, 185, 186, 187, 188, 189, 190, 191, 192, 193, 194, 195, 196, 197, 198, 199, 200, 201, 202, 203, 204, 205, 206, 207, 208, 209, 210, 211, 212, 213, 214, 215, 216, 217, 218, 219, 220, 221, 222, 223, 224, 225, 226, 227, 228, 229, 230, 231, 232, 233, 234, 235, 236, 237, 238, 239, 240, 241, 242, 243, 244, 245, 246, 247, 248, 249, 250, 251, 252, 253, 254, 255, 256, 257, 258, 259, 260, 261, 262, 263, 264, 265, 266, 267, 268, 269, 270, 271, 272, 273, 274, 275, 276, 277, 278, 279, 280, 281, 282, 283, 284, 285, 286, 287, 288, 289, 290, 291, 292, 293, 294, 295, 296, 297, 298, 299, 300, 301, 302, 303, 304, 305, 306, 307, 308, 309, 310, 311, 312, 313, 314, 315, 316, 317, 318, 319, 320, 321, 322, 323, 324, 325, 326, 327, 328, 329, 330, 331, 332, 333, 334, 335, 336, 337, 574, 575, 576, 577, 578, 579, 580, 581, 582, 583, 584, 585, 586, 587, 588, 589, 590, 591, 592, 593, 594, 595, 596, 597, 598, 599, 600, 601, 602, 603, 604, 605, 606, 607, 608, 609, 610, 611, 612, 613, 614, 615, 616, 617, 618, 619, 620, 621, 622, 623, 624, 625, 626, 627, 628, 629, 630, 631, 632, 633, 634, 635, 636, 637, 638, 639, 640, 641, 642, 643, 644, 645, 646, 647, 648, 649, 650, 651, 652, 653, 654, 655, 656, 657, 658, 659, 660, 661, 662, 663, 664, 665, 666, 667, 668, 669, 670, 671, 672, 673, 674, 675, 676, 677, 678, 679, 680, 681, 682, 683, 684, 685, 686, 687, 688, 689, 690, 691, 692, 693, 694, 695, 696, 697, 698, 699, 700, 701, 702, 703, 704, 705, 706, 707, 708, 709, 710, 711, 712, 713, 714, 715, 716, 717, 718, 719, 720, 721, 722, 723, 724, 725, 726, 727, 728, 729, 730, 731, 732, 733, 734, 735, 736, 737, 738, 739, 740, 741, 742, 743, 744, 745, 746, 747, 748, 749, 750, 751, 752, 753, 754, 755, 756, 757, 758, 759, 760, 761, 762, 763, 764, 765, 766, 767, 768, 769, 770, 771, 772, 773, 774, 775, 776, 777, 778, 779, 780, 781, 782, 783, 784, 785, 786, 787, 788, 789, 790, 791, 792, 793]","[58, 120, 181, 233, 236, 304, 591, 652, 697, 700, 762]",[],"[103, 104, 106, 117, 118, 120, 127, 128, 129, 131, 133, 135, 136, 137, 139, 146, 147, 148, 149, 151, 158, 160, 162, 166, 173, 178, 179, 185, 190, 192, 198, 201, 203, 204, 206, 207, 212, 213, 214, 219, 223, 224, 225, 227, 230, 235, 237, 246, 247, 256, 259, 262, 263, 266, 268, 269, 271, 272, 278, 279, 284, 285, 288, 290, 292, 304, 312, 316, 319, 320, 323, 324, 332, 574, 575, 588, 591, 607, 608, 610, 618, 619, 620, 622, 632, 644, 649, 650, 656, 661, 663, 669, 674, 677, 683, 684, 687, 688, 689, 701, 710, 723, 730, 731, 738, 747, 751, 762, 774, 778, 789]","[304, 762]",[],7/6 successful match,True,,False,722,False,,1.0,True,Torres Martinez Travel Center,
"Baker , 92309 Baker Shell",760-733-4753 I-15 Exit 245 ( Baker Rd - 1 mi W ),24 HRS 485 S,Baker,92309,Baker Shell,760-733-4753,2007,Baker,CA,Shell,( Baker Rd - 1 mi W ),I-15 Exit 245 ,Exit,245,False,,False,I-15,,,,,"[596, 125]","[125, 265, 317, 596, 725, 775]","[125, 265, 317, 596, 725, 775]",[],"[103, 104, 105, 106, 107, 108, 109, 110, 111, 112, 113, 114, 115, 116, 117, 118, 119, 120, 121, 122, 123, 124, 125, 126, 127, 128, 129, 130, 131, 132, 133, 134, 135, 136, 137, 138, 139, 140, 141, 142, 143, 144, 145, 146, 147, 148, 149, 150, 151, 152, 153, 154, 155, 156, 157, 158, 159, 160, 161, 162, 163, 164, 165, 166, 167, 168, 169, 170, 171, 172, 173, 174, 175, 176, 177, 178, 179, 180, 181, 182, 183, 184, 185, 186, 187, 188, 189, 190, 191, 192, 193, 194, 195, 196, 197, 198, 199, 200, 201, 202, 203, 204, 205, 206, 207, 208, 209, 210, 211, 212, 213, 214, 215, 216, 217, 218, 219, 220, 221, 222, 223, 224, 225, 226, 227, 228, 229, 230, 231, 232, 233, 234, 235, 236, 237, 238, 239, 240, 241, 242, 243, 244, 245, 246, 247, 248, 249, 250, 251, 252, 253, 254, 255, 256, 257, 258, 259, 260, 261, 262, 263, 264, 265, 266, 267, 268, 269, 270, 271, 272, 273, 274, 275, 276, 277, 278, 279, 280, 281, 282, 283, 284, 285, 286, 287, 288, 289, 290, 291, 292, 293, 294, 295, 296, 297, 298, 299, 300, 301, 302, 303, 304, 305, 306, 307, 308, 309, 310, 311, 312, 313, 314, 315, 316, 317, 318, 319, 320, 321, 322, 323, 324, 325, 326, 327, 328, 329, 330, 331, 332, 333, 334, 335, 336, 337, 574, 575, 576, 577, 578, 579, 580, 581, 582, 583, 584, 585, 586, 587, 588, 589, 590, 591, 592, 593, 594, 595, 596, 597, 598, 599, 600, 601, 602, 603, 604, 605, 606, 607, 608, 609, 610, 611, 612, 613, 614, 615, 616, 617, 618, 619, 620, 621, 622, 623, 624, 625, 626, 627, 628, 629, 630, 631, 632, 633, 634, 635, 636, 637, 638, 639, 640, 641, 642, 643, 644, 645, 646, 647, 648, 649, 650, 651, 652, 653, 654, 655, 656, 657, 658, 659, 660, 661, 662, 663, 664, 665, 666, 667, 668, 669, 670, 671, 672, 673, 674, 675, 676, 677, 678, 679, 680, 681, 682, 683, 684, 685, 686, 687, 688, 689, 690, 691, 692, 693, 694, 695, 696, 697, 698, 699, 700, 701, 702, 703, 704, 705, 706, 707, 708, 709, 710, 711, 712, 713, 714, 715, 716, 717, 718, 719, 720, 721, 722, 723, 724, 725, 726, 727, 728, 729, 730, 731, 732, 733, 734, 735, 736, 737, 738, 739, 740, 741, 742, 743, 744, 745, 746, 747, 748, 749, 750, 751, 752, 753, 754, 755, 756, 757, 758, 759, 760, 761, 762, 763, 764, 765, 766, 767, 768, 769, 770, 771, 772, 773, 774, 775, 776, 777, 778, 779, 780, 781, 782, 783, 784, 785, 786, 787, 788, 789, 790, 791, 792, 793]","[16, 125, 156, 163, 168, 184, 205, 222, 229, 253, 258, 265, 313, 317, 336, 340, 341, 356, 363, 365, 366, 367, 370, 375, 388, 391, 394, 396, 402, 410, 411, 412, 413, 415, 416, 417, 418, 419, 425, 429, 431, 433, 435, 437, 440, 441, 442, 443, 451, 452, 456, 457, 458, 460, 461, 464, 471, 473, 474, 475, 481, 482, 501, 596, 628, 635, 655, 675, 693, 716, 720, 725, 771, 775, 793, 796, 797, 811, 817, 818, 820, 825, 838, 841, 844, 846, 851, 857, 861, 862, 863, 864, 866, 867, 868, 870, 871, 877, 881, 883, 885, 888, 891, 892, 893, 898, 899, 904, 905, 907, 908, 911, 918, 920, 921, 922, 923, 924, 926, 931, 933]","[1, 13, 14, 29, 54, 55, 56, 57, 58, 60, 102, 118, 125, 127, 130, 134, 146, 149, 153, 175, 182, 187, 189, 191, 197, 225, 230, 238, 264, 265, 266, 286, 302, 317, 336, 379, 388, 389, 425, 454, 458, 463, 475, 487, 498, 499, 512, 530, 531, 532, 533, 534, 536, 573, 589, 596, 598, 601, 605, 617, 620, 624, 646, 653, 658, 660, 662, 668, 689, 694, 702, 724, 725, 745, 760, 775, 793, 829, 838, 839, 877, 901, 903, 905, 910, 923]","[1, 13, 14, 29, 54, 55, 56, 57, 58, 60, 102, 118, 125, 127, 130, 134, 146, 149, 153, 175, 182, 187, 189, 191, 197, 225, 230, 238, 264, 265, 266, 286, 302, 317, 336, 354, 379, 388, 389, 425, 454, 458, 463, 475, 487, 498, 499, 512, 530, 531, 532, 533, 534, 536, 573, 589, 596, 598, 601, 605, 617, 620, 624, 646, 653, 658, 660, 662, 668, 689, 694, 702, 724, 725, 745, 760, 775, 793, 809, 829, 838, 839, 877, 901, 903, 905, 910, 923]","[1, 13, 14, 16, 29, 54, 55, 56, 57, 58, 60, 102, 103, 104, 105, 106, 107, 108, 109, 110, 111, 112, 113, 114, 115, 116, 117, 118, 119, 120, 121, 122, 123, 124, 125, 126, 127, 128, 129, 130, 131, 132, 133, 134, 135, 136, 137, 138, 139, 140, 141, 142, 143, 144, 145, 146, 147, 148, 149, 150, 151, 152, 153, 154, 155, 156, 157, 158, 159, 160, 161, 162, 163, 164, 165, 166, 167, 168, 169, 170, 171, 172, 173, 174, 175, 176, 177, 178, 179, 180, 181, 182, 183, 184, 185, 186, 187, 188, 189, 190, 191, 192, 193, 194, 195, 196, 197, 198, 199, 200, 201, 202, 203, 204, 205, 206, 207, 208, 209, 210, 211, 212, 213, 214, 215, 216, 217, 218, 219, 220, 221, 222, 223, 224, 225, 226, 227, 228, 229, 230, 231, 232, 233, 234, 235, 236, 237, 238, 239, 240, 241, 242, 243, 244, 245, 246, 247, 248, 249, 250, 251, 252, 253, 254, 255, 256, 257, 258, 259, 260, 261, 262, 263, 264, 265, 266, 267, 268, 269, 270, 271, 272, 273, 274, 275, 276, 277, 278, 279, 280, 281, 282, 283, 284, 285, 286, 287, 288, 289, 290, 291, 292, 293, 294, 295, 296, 297, 298, 299, 300, 301, 302, 303, 304, 305, 306, 307, 308, 309, 310, 311, 312, 313, 314, 315, 316, 317, 318, 319, 320, 321, 322, 323, 324, 325, 326, 327, 328, 329, 330, 331, 332, 333, 334, 335, 336, 337, 340, 341, 354, 356, 363, 365, 366, 367, 370, 375, 379, 388, 389, 391, 394, 396, 402, 410, 411, 412, 413, 415, 416, 417, 418, 419, 425, 429, 431, 433, 435, 437, 440, 441, 442, 443, 451, 452, 454, 456, 457, 458, 460, 461, 463, 464, 471, 473, 474, 475, 481, 482, 487, 498, 499, 501, 512, 530, 531, 532, 533, 534, 536, 573, 574, 575, 576, 577, 578, 579, 580, 581, 582, 583, 584, 585, 586, 587, 588, 589, 590, 591, 592, 593, 594, 595, 596, 597, 598, 599, 600, 601, 602, 603, 604, 605, 606, 607, 608, 609, 610, 611, 612, 613, 614, 615, 616, 617, 618, 619, 620, 621, 622, 623, 624, 625, 626, 627, 628, 629, 630, 631, 632, 633, 634, 635, 636, 637, 638, 639, 640, 641, 642, 643, 644, 645, 646, 647, 648, 649, 650, 651, 652, 653, 654, 655, 656, 657, 658, 659, 660, 661, 662, 663, 664, 665, 666, 667, 668, 669, 670, 671, 672, 673, 674, 675, 676, 677, 678, 679, 680, 681, 682, 683, 684, 685, 686, 687, 688, 689, 690, 691, 692, 693, 694, 695, 696, 697, 698, 699, 700, 701, 702, 703, 704, 705, 706, 707, 708, 709, 710, 711, 712, 713, 714, 715, 716, 717, 718, 719, 720, 721, 722, 723, 724, 725, 726, 727, 728, 729, 730, 731, 732, 733, 734, 735, 736, 737, 738, 739, 740, 741, 742, 743, 744, 745, 746, 747, 748, 749, 750, 751, 752, 753, 754, 755, 756, 757, 758, 759, 760, 761, 762, 763, 764, 765, 766, 767, 768, 769, 770, 771, 772, 773, 774, 775, 776, 777, 778, 779, 780, 781, 782, 783, 784, 785, 786, 787, 788, 789, 790, 791, 792, 793, 796, 797, 809, 811, 817, 818, 820, 825, 829, 838, 839, 841, 844, 846, 851, 857, 861, 862, 863, 864, 866, 867, 868, 870, 871, 877, 881, 883, 885, 888, 891, 892, 893, 898, 899, 901, 903, 904, 905, 907, 908, 910, 911, 918, 920, 921, 922, 923, 924, 926, 931, 933]",True,"[125, 265, 317, 596, 725, 775]","[103, 104, 105, 106, 107, 108, 109, 110, 111, 112, 113, 114, 115, 116, 117, 118, 119, 120, 121, 122, 123, 124, 125, 126, 127, 128, 129, 130, 131, 132, 133, 134, 135, 136, 137, 138, 139, 140, 141, 142, 143, 144, 145, 146, 147, 148, 149, 150, 151, 152, 153, 154, 155, 156, 157, 158, 159, 160, 161, 162, 163, 164, 165, 166, 167, 168, 169, 170, 171, 172, 173, 174, 175, 176, 177, 178, 179, 180, 181, 182, 183, 184, 185, 186, 187, 188, 189, 190, 191, 192, 193, 194, 195, 196, 197, 198, 199, 200, 201, 202, 203, 204, 205, 206, 207, 208, 209, 210, 211, 212, 213, 214, 215, 216, 217, 218, 219, 220, 221, 222, 223, 224, 225, 226, 227, 228, 229, 230, 231, 232, 233, 234, 235, 236, 237, 238, 239, 240, 241, 242, 243, 244, 245, 246, 247, 248, 249, 250, 251, 252, 253, 254, 255, 256, 257, 258, 259, 260, 261, 262, 263, 264, 265, 266, 267, 268, 269, 270, 271, 272, 273, 274, 275, 276, 277, 278, 279, 280, 281, 282, 283, 284, 285, 286, 287, 288, 289, 290, 291, 292, 293, 294, 295, 296, 297, 298, 299, 300, 301, 302, 303, 304, 305, 306, 307, 308, 309, 310, 311, 312, 313, 314, 315, 316, 317, 318, 319, 320, 321, 322, 323, 324, 325, 326, 327, 328, 329, 330, 331, 332, 333, 334, 335, 336, 337, 574, 575, 576, 577, 578, 579, 580, 581, 582, 583, 584, 585, 586, 587, 588, 589, 590, 591, 592, 593, 594, 595, 596, 597, 598, 599, 600, 601, 602, 603, 604, 605, 606, 607, 608, 609, 610, 611, 612, 613, 614, 615, 616, 617, 618, 619, 620, 621, 622, 623, 624, 625, 626, 627, 628, 629, 630, 631, 632, 633, 634, 635, 636, 637, 638, 639, 640, 641, 642, 643, 644, 645, 646, 647, 648, 649, 650, 651, 652, 653, 654, 655, 656, 657, 658, 659, 660, 661, 662, 663, 664, 665, 666, 667, 668, 669, 670, 671, 672, 673, 674, 675, 676, 677, 678, 679, 680, 681, 682, 683, 684, 685, 686, 687, 688, 689, 690, 691, 692, 693, 694, 695, 696, 697, 698, 699, 700, 701, 702, 703, 704, 705, 706, 707, 708, 709, 710, 711, 712, 713, 714, 715, 716, 717, 718, 719, 720, 721, 722, 723, 724, 725, 726, 727, 728, 729, 730, 731, 732, 733, 734, 735, 736, 737, 738, 739, 740, 741, 742, 743, 744, 745, 746, 747, 748, 749, 750, 751, 752, 753, 754, 755, 756, 757, 758, 759, 760, 761, 762, 763, 764, 765, 766, 767, 768, 769, 770, 771, 772, 773, 774, 775, 776, 777, 778, 779, 780, 781, 782, 783, 784, 785, 786, 787, 788, 789, 790, 791, 792, 793]","[125, 265, 317, 596, 725, 775]",[],"[16, 125, 156, 163, 168, 184, 205, 222, 229, 253, 258, 265, 313, 317, 336, 340, 341, 356, 363, 365, 366, 367, 370, 375, 388, 391, 394, 396, 402, 410, 411, 412, 413, 415, 416, 417, 418, 419, 425, 429, 431, 433, 435, 437, 440, 441, 442, 443, 451, 452, 456, 457, 458, 460, 461, 464, 471, 473, 474, 475, 481, 482, 501, 596, 628, 635, 655, 675, 693, 716, 720, 725, 771, 775, 793, 796, 797, 811, 817, 818, 820, 825, 838, 841, 844, 846, 851, 857, 861, 862, 863, 864, 866, 867, 868, 870, 871, 877, 881, 883, 885, 888, 891, 892, 893, 898, 899, 904, 905, 907, 908, 911, 918, 920, 921, 922, 923, 924, 926, 931, 933]","[1, 13, 14, 29, 54, 55, 56, 57, 58, 60, 102, 118, 125, 127, 130, 134, 146, 149, 153, 175, 182, 187, 189, 191, 197, 225, 230, 238, 264, 265, 266, 286, 302, 317, 336, 354, 379, 388, 389, 425, 454, 458, 463, 475, 487, 498, 499, 512, 530, 531, 532, 533, 534, 536, 573, 589, 596, 598, 601, 605, 617, 620, 624, 646, 653, 658, 660, 662, 668, 689, 694, 702, 724, 725, 745, 760, 775, 793, 809, 829, 838, 839, 877, 901, 903, 905, 910, 923]","[1, 13, 14, 29, 54, 55, 56, 57, 58, 60, 102, 118, 125, 127, 130, 134, 146, 149, 153, 175, 182, 187, 189, 191, 197, 225, 230, 238, 264, 265, 266, 286, 302, 317, 336, 379, 388, 389, 425, 454, 458, 463, 475, 487, 498, 499, 512, 530, 531, 532, 533, 534, 536, 573, 589, 596, 598, 601, 605, 617, 620, 624, 646, 653, 658, 660, 662, 668, 689, 694, 702, 724, 725, 745, 760, 775, 793, 829, 838, 839, 877, 901, 903, 905, 910, 923]",7/6 successful match,True,[688],True,723,False,,,,,
"Baker , 92309 Baker Shell",6 760-733-4753 I-15 Exit 245 ( Baker Rd 1 mi W ),HRS 24 S <U+25A1>,Baker,92309,Baker Shell,760-733-4753,2008,Baker,CA,Shell,( Baker Rd 1 mi W ),I-15 Exit 245 ,Exit,245,False,,False,I-15,,,,,"[596, 125]","[125, 265, 317, 596, 725, 775]","[125, 265, 317, 596, 725, 775]",[],"[103, 104, 105, 106, 107, 108, 109, 110, 111, 112, 113, 114, 115, 116, 117, 118, 119, 120, 121, 122, 123, 124, 125, 126, 127, 128, 129, 130, 131, 132, 133, 134, 135, 136, 137, 138, 139, 140, 141, 142, 143, 144, 145, 146, 147, 148, 149, 150, 151, 152, 153, 154, 155, 156, 157, 158, 159, 160, 161, 162, 163, 164, 165, 166, 167, 168, 169, 170, 171, 172, 173, 174, 175, 176, 177, 178, 179, 180, 181, 182, 183, 184, 185, 186, 187, 188, 189, 190, 191, 192, 193, 194, 195, 196, 197, 198, 199, 200, 201, 202, 203, 204, 205, 206, 207, 208, 209, 210, 211, 212, 213, 214, 215, 216, 217, 218, 219, 220, 221, 222, 223, 224, 225, 226, 227, 228, 229, 230, 231, 232, 233, 234, 235, 236, 237, 238, 239, 240, 241, 242, 243, 244, 245, 246, 247, 248, 249, 250, 251, 252, 253, 254, 255, 256, 257, 258, 259, 260, 261, 262, 263, 264, 265, 266, 267, 268, 269, 270, 271, 272, 273, 274, 275, 276, 277, 278, 279, 280, 281, 282, 283, 284, 285, 286, 287, 288, 289, 290, 291, 292, 293, 294, 295, 296, 297, 298, 299, 300, 301, 302, 303, 304, 305, 306, 307, 308, 309, 310, 311, 312, 313, 314, 315, 316, 317, 318, 319, 320, 321, 322, 323, 324, 325, 326, 327, 328, 329, 330, 331, 332, 333, 334, 335, 336, 337, 574, 575, 576, 577, 578, 579, 580, 581, 582, 583, 584, 585, 586, 587, 588, 589, 590, 591, 592, 593, 594, 595, 596, 597, 598, 599, 600, 601, 602, 603, 604, 605, 606, 607, 608, 609, 610, 611, 612, 613, 614, 615, 616, 617, 618, 619, 620, 621, 622, 623, 624, 625, 626, 627, 628, 629, 630, 631, 632, 633, 634, 635, 636, 637, 638, 639, 640, 641, 642, 643, 644, 645, 646, 647, 648, 649, 650, 651, 652, 653, 654, 655, 656, 657, 658, 659, 660, 661, 662, 663, 664, 665, 666, 667, 668, 669, 670, 671, 672, 673, 674, 675, 676, 677, 678, 679, 680, 681, 682, 683, 684, 685, 686, 687, 688, 689, 690, 691, 692, 693, 694, 695, 696, 697, 698, 699, 700, 701, 702, 703, 704, 705, 706, 707, 708, 709, 710, 711, 712, 713, 714, 715, 716, 717, 718, 719, 720, 721, 722, 723, 724, 725, 726, 727, 728, 729, 730, 731, 732, 733, 734, 735, 736, 737, 738, 739, 740, 741, 742, 743, 744, 745, 746, 747, 748, 749, 750, 751, 752, 753, 754, 755, 756, 757, 758, 759, 760, 761, 762, 763, 764, 765, 766, 767, 768, 769, 770, 771, 772, 773, 774, 775, 776, 777, 778, 779, 780, 781, 782, 783, 784, 785, 786, 787, 788, 789, 790, 791, 792, 793]","[16, 125, 156, 163, 168, 184, 205, 222, 229, 253, 258, 265, 313, 317, 336, 340, 341, 356, 363, 365, 366, 367, 370, 375, 388, 391, 394, 396, 402, 410, 411, 412, 413, 415, 416, 417, 418, 419, 425, 429, 431, 433, 435, 437, 440, 441, 442, 443, 451, 452, 456, 457, 458, 460, 461, 464, 471, 473, 474, 475, 481, 482, 501, 596, 628, 635, 655, 675, 693, 716, 720, 725, 771, 775, 793, 796, 797, 811, 817, 818, 820, 825, 838, 841, 844, 846, 851, 857, 861, 862, 863, 864, 866, 867, 868, 870, 871, 877, 881, 883, 885, 888, 891, 892, 893, 898, 899, 904, 905, 907, 908, 911, 918, 920, 921, 922, 923, 924, 926, 931, 933]","[1, 13, 14, 29, 54, 55, 56, 57, 58, 60, 102, 118, 125, 127, 130, 134, 146, 149, 153, 175, 182, 187, 189, 191, 197, 225, 230, 238, 264, 265, 266, 286, 302, 317, 336, 379, 388, 389, 425, 454, 458, 463, 475, 487, 498, 499, 512, 530, 531, 532, 533, 534, 536, 573, 589, 596, 598, 601, 605, 617, 620, 624, 646, 653, 658, 660, 662, 668, 689, 694, 702, 724, 725, 745, 760, 775, 793, 829, 838, 839, 877, 901, 903, 905, 910, 923]","[1, 13, 14, 29, 54, 55, 56, 57, 58, 60, 102, 118, 125, 127, 130, 134, 146, 149, 153, 175, 182, 187, 189, 191, 197, 225, 230, 238, 264, 265, 266, 286, 302, 317, 336, 354, 379, 388, 389, 425, 454, 458, 463, 475, 487, 498, 499, 512, 530, 531, 532, 533, 534, 536, 573, 589, 596, 598, 601, 605, 617, 620, 624, 646, 653, 658, 660, 662, 668, 689, 694, 702, 724, 725, 745, 760, 775, 793, 809, 829, 838, 839, 877, 901, 903, 905, 910, 923]","[1, 13, 14, 16, 29, 54, 55, 56, 57, 58, 60, 102, 103, 104, 105, 106, 107, 108, 109, 110, 111, 112, 113, 114, 115, 116, 117, 118, 119, 120, 121, 122, 123, 124, 125, 126, 127, 128, 129, 130, 131, 132, 133, 134, 135, 136, 137, 138, 139, 140, 141, 142, 143, 144, 145, 146, 147, 148, 149, 150, 151, 152, 153, 154, 155, 156, 157, 158, 159, 160, 161, 162, 163, 164, 165, 166, 167, 168, 169, 170, 171, 172, 173, 174, 175, 176, 177, 178, 179, 180, 181, 182, 183, 184, 185, 186, 187, 188, 189, 190, 191, 192, 193, 194, 195, 196, 197, 198, 199, 200, 201, 202, 203, 204, 205, 206, 207, 208, 209, 210, 211, 212, 213, 214, 215, 216, 217, 218, 219, 220, 221, 222, 223, 224, 225, 226, 227, 228, 229, 230, 231, 232, 233, 234, 235, 236, 237, 238, 239, 240, 241, 242, 243, 244, 245, 246, 247, 248, 249, 250, 251, 252, 253, 254, 255, 256, 257, 258, 259, 260, 261, 262, 263, 264, 265, 266, 267, 268, 269, 270, 271, 272, 273, 274, 275, 276, 277, 278, 279, 280, 281, 282, 283, 284, 285, 286, 287, 288, 289, 290, 291, 292, 293, 294, 295, 296, 297, 298, 299, 300, 301, 302, 303, 304, 305, 306, 307, 308, 309, 310, 311, 312, 313, 314, 315, 316, 317, 318, 319, 320, 321, 322, 323, 324, 325, 326, 327, 328, 329, 330, 331, 332, 333, 334, 335, 336, 337, 340, 341, 354, 356, 363, 365, 366, 367, 370, 375, 379, 388, 389, 391, 394, 396, 402, 410, 411, 412, 413, 415, 416, 417, 418, 419, 425, 429, 431, 433, 435, 437, 440, 441, 442, 443, 451, 452, 454, 456, 457, 458, 460, 461, 463, 464, 471, 473, 474, 475, 481, 482, 487, 498, 499, 501, 512, 530, 531, 532, 533, 534, 536, 573, 574, 575, 576, 577, 578, 579, 580, 581, 582, 583, 584, 585, 586, 587, 588, 589, 590, 591, 592, 593, 594, 595, 596, 597, 598, 599, 600, 601, 602, 603, 604, 605, 606, 607, 608, 609, 610, 611, 612, 613, 614, 615, 616, 617, 618, 619, 620, 621, 622, 623, 624, 625, 626, 627, 628, 629, 630, 631, 632, 633, 634, 635, 636, 637, 638, 639, 640, 641, 642, 643, 644, 645, 646, 647, 648, 649, 650, 651, 652, 653, 654, 655, 656, 657, 658, 659, 660, 661, 662, 663, 664, 665, 666, 667, 668, 669, 670, 671, 672, 673, 674, 675, 676, 677, 678, 679, 680, 681, 682, 683, 684, 685, 686, 687, 688, 689, 690, 691, 692, 693, 694, 695, 696, 697, 698, 699, 700, 701, 702, 703, 704, 705, 706, 707, 708, 709, 710, 711, 712, 713, 714, 715, 716, 717, 718, 719, 720, 721, 722, 723, 724, 725, 726, 727, 728, 729, 730, 731, 732, 733, 734, 735, 736, 737, 738, 739, 740, 741, 742, 743, 744, 745, 746, 747, 748, 749, 750, 751, 752, 753, 754, 755, 756, 757, 758, 759, 760, 761, 762, 763, 764, 765, 766, 767, 768, 769, 770, 771, 772, 773, 774, 775, 776, 777, 778, 779, 780, 781, 782, 783, 784, 785, 786, 787, 788, 789, 790, 791, 792, 793, 796, 797, 809, 811, 817, 818, 820, 825, 829, 838, 839, 841, 844, 846, 851, 857, 861, 862, 863, 864, 866, 867, 868, 870, 871, 877, 881, 883, 885, 888, 891, 892, 893, 898, 899, 901, 903, 904, 905, 907, 908, 910, 911, 918, 920, 921, 922, 923, 924, 926, 931, 933]",True,"[125, 265, 317, 596, 725, 775]","[103, 104, 105, 106, 107, 108, 109, 110, 111, 112, 113, 114, 115, 116, 117, 118, 119, 120, 121, 122, 123, 124, 125, 126, 127, 128, 129, 130, 131, 132, 133, 134, 135, 136, 137, 138, 139, 140, 141, 142, 143, 144, 145, 146, 147, 148, 149, 150, 151, 152, 153, 154, 155, 156, 157, 158, 159, 160, 161, 162, 163, 164, 165, 166, 167, 168, 169, 170, 171, 172, 173, 174, 175, 176, 177, 178, 179, 180, 181, 182, 183, 184, 185, 186, 187, 188, 189, 190, 191, 192, 193, 194, 195, 196, 197, 198, 199, 200, 201, 202, 203, 204, 205, 206, 207, 208, 209, 210, 211, 212, 213, 214, 215, 216, 217, 218, 219, 220, 221, 222, 223, 224, 225, 226, 227, 228, 229, 230, 231, 232, 233, 234, 235, 236, 237, 238, 239, 240, 241, 242, 243, 244, 245, 246, 247, 248, 249, 250, 251, 252, 253, 254, 255, 256, 257, 258, 259, 260, 261, 262, 263, 264, 265, 266, 267, 268, 269, 270, 271, 272, 273, 274, 275, 276, 277, 278, 279, 280, 281, 282, 283, 284, 285, 286, 287, 288, 289, 290, 291, 292, 293, 294, 295, 296, 297, 298, 299, 300, 301, 302, 303, 304, 305, 306, 307, 308, 309, 310, 311, 312, 313, 314, 315, 316, 317, 318, 319, 320, 321, 322, 323, 324, 325, 326, 327, 328, 329, 330, 331, 332, 333, 334, 335, 336, 337, 574, 575, 576, 577, 578, 579, 580, 581, 582, 583, 584, 585, 586, 587, 588, 589, 590, 591, 592, 593, 594, 595, 596, 597, 598, 599, 600, 601, 602, 603, 604, 605, 606, 607, 608, 609, 610, 611, 612, 613, 614, 615, 616, 617, 618, 619, 620, 621, 622, 623, 624, 625, 626, 627, 628, 629, 630, 631, 632, 633, 634, 635, 636, 637, 638, 639, 640, 641, 642, 643, 644, 645, 646, 647, 648, 649, 650, 651, 652, 653, 654, 655, 656, 657, 658, 659, 660, 661, 662, 663, 664, 665, 666, 667, 668, 669, 670, 671, 672, 673, 674, 675, 676, 677, 678, 679, 680, 681, 682, 683, 684, 685, 686, 687, 688, 689, 690, 691, 692, 693, 694, 695, 696, 697, 698, 699, 700, 701, 702, 703, 704, 705, 706, 707, 708, 709, 710, 711, 712, 713, 714, 715, 716, 717, 718, 719, 720, 721, 722, 723, 724, 725, 726, 727, 728, 729, 730, 731, 732, 733, 734, 735, 736, 737, 738, 739, 740, 741, 742, 743, 744, 745, 746, 747, 748, 749, 750, 751, 752, 753, 754, 755, 756, 757, 758, 759, 760, 761, 762, 763, 764, 765, 766, 767, 768, 769, 770, 771, 772, 773, 774, 775, 776, 777, 778, 779, 780, 781, 782, 783, 784, 785, 786, 787, 788, 789, 790, 791, 792, 793]","[125, 265, 317, 596, 725, 775]",[],"[16, 125, 156, 163, 168, 184, 205, 222, 229, 253, 258, 265, 313, 317, 336, 340, 341, 356, 363, 365, 366, 367, 370, 375, 388, 391, 394, 396, 402, 410, 411, 412, 413, 415, 416, 417, 418, 419, 425, 429, 431, 433, 435, 437, 440, 441, 442, 443, 451, 452, 456, 457, 458, 460, 461, 464, 471, 473, 474, 475, 481, 482, 501, 596, 628, 635, 655, 675, 693, 716, 720, 725, 771, 775, 793, 796, 797, 811, 817, 818, 820, 825, 838, 841, 844, 846, 851, 857, 861, 862, 863, 864, 866, 867, 868, 870, 871, 877, 881, 883, 885, 888, 891, 892, 893, 898, 899, 904, 905, 907, 908, 911, 918, 920, 921, 922, 923, 924, 926, 931, 933]","[1, 13, 14, 29, 54, 55, 56, 57, 58, 60, 102, 118, 125, 127, 130, 134, 146, 149, 153, 175, 182, 187, 189, 191, 197, 225, 230, 238, 264, 265, 266, 286, 302, 317, 336, 354, 379, 388, 389, 425, 454, 458, 463, 475, 487, 498, 499, 512, 530, 531, 532, 533, 534, 536, 573, 589, 596, 598, 601, 605, 617, 620, 624, 646, 653, 658, 660, 662, 668, 689, 694, 702, 724, 725, 745, 760, 775, 793, 809, 829, 838, 839, 877, 901, 903, 905, 910, 923]","[1, 13, 14, 29, 54, 55, 56, 57, 58, 60, 102, 118, 125, 127, 130, 134, 146, 149, 153, 175, 182, 187, 189, 191, 197, 225, 230, 238, 264, 265, 266, 286, 302, 317, 336, 379, 388, 389, 425, 454, 458, 463, 475, 487, 498, 499, 512, 530, 531, 532, 533, 534, 536, 573, 589, 596, 598, 601, 605, 617, 620, 624, 646, 653, 658, 660, 662, 668, 689, 694, 702, 724, 725, 745, 760, 775, 793, 829, 838, 839, 877, 901, 903, 905, 910, 923]",7/6 successful match,True,[688],True,723,False,,1.0,True,Baker Shell,Shell
Baker ( 92309 ) Baker Shell,6 760-733-4753 I-15 Exit 246 ( Baker Blvd N ),24 S,Baker,92309,Baker Shell,760-733-4753,2014,Baker,CA,Shell,( Baker Blvd N ),I-15 Exit 246 ,Exit,246,False,,False,I-15,,,,,"[596, 125]","[125, 265, 317, 596, 725, 775]","[125, 265, 317, 596, 725, 775]","[125, 317, 596, 775]","[103, 104, 105, 106, 107, 108, 109, 110, 111, 112, 113, 114, 115, 116, 117, 118, 119, 120, 121, 122, 123, 124, 125, 126, 127, 128, 129, 130, 131, 132, 133, 134, 135, 136, 137, 138, 139, 140, 141, 142, 143, 144, 145, 146, 147, 148, 149, 150, 151, 152, 153, 154, 155, 156, 157, 158, 159, 160, 161, 162, 163, 164, 165, 166, 167, 168, 169, 170, 171, 172, 173, 174, 175, 176, 177, 178, 179, 180, 181, 182, 183, 184, 185, 186, 187, 188, 189, 190, 191, 192, 193, 194, 195, 196, 197, 198, 199, 200, 201, 202, 203, 204, 205, 206, 207, 208, 209, 210, 211, 212, 213, 214, 215, 216, 217, 218, 219, 220, 221, 222, 223, 224, 225, 226, 227, 228, 229, 230, 231, 232, 233, 234, 235, 236, 237, 238, 239, 240, 241, 242, 243, 244, 245, 246, 247, 248, 249, 250, 251, 252, 253, 254, 255, 256, 257, 258, 259, 260, 261, 262, 263, 264, 265, 266, 267, 268, 269, 270, 271, 272, 273, 274, 275, 276, 277, 278, 279, 280, 281, 282, 283, 284, 285, 286, 287, 288, 289, 290, 291, 292, 293, 294, 295, 296, 297, 298, 299, 300, 301, 302, 303, 304, 305, 306, 307, 308, 309, 310, 311, 312, 313, 314, 315, 316, 317, 318, 319, 320, 321, 322, 323, 324, 325, 326, 327, 328, 329, 330, 331, 332, 333, 334, 335, 336, 337, 574, 575, 576, 577, 578, 579, 580, 581, 582, 583, 584, 585, 586, 587, 588, 589, 590, 591, 592, 593, 594, 595, 596, 597, 598, 599, 600, 601, 602, 603, 604, 605, 606, 607, 608, 609, 610, 611, 612, 613, 614, 615, 616, 617, 618, 619, 620, 621, 622, 623, 624, 625, 626, 627, 628, 629, 630, 631, 632, 633, 634, 635, 636, 637, 638, 639, 640, 641, 642, 643, 644, 645, 646, 647, 648, 649, 650, 651, 652, 653, 654, 655, 656, 657, 658, 659, 660, 661, 662, 663, 664, 665, 666, 667, 668, 669, 670, 671, 672, 673, 674, 675, 676, 677, 678, 679, 680, 681, 682, 683, 684, 685, 686, 687, 688, 689, 690, 691, 692, 693, 694, 695, 696, 697, 698, 699, 700, 701, 702, 703, 704, 705, 706, 707, 708, 709, 710, 711, 712, 713, 714, 715, 716, 717, 718, 719, 720, 721, 722, 723, 724, 725, 726, 727, 728, 729, 730, 731, 732, 733, 734, 735, 736, 737, 738, 739, 740, 741, 742, 743, 744, 745, 746, 747, 748, 749, 750, 751, 752, 753, 754, 755, 756, 757, 758, 759, 760, 761, 762, 763, 764, 765, 766, 767, 768, 769, 770, 771, 772, 773, 774, 775, 776, 777, 778, 779, 780, 781, 782, 783, 784, 785, 786, 787, 788, 789, 790, 791, 792, 793]","[16, 125, 156, 163, 168, 184, 205, 222, 229, 253, 258, 265, 313, 317, 336, 340, 341, 356, 363, 365, 366, 367, 370, 375, 388, 391, 394, 396, 402, 410, 411, 412, 413, 415, 416, 417, 418, 419, 425, 429, 431, 433, 435, 437, 440, 441, 442, 443, 451, 452, 456, 457, 458, 460, 461, 464, 471, 473, 474, 475, 481, 482, 501, 596, 628, 635, 655, 675, 693, 716, 720, 725, 771, 775, 793, 796, 797, 811, 817, 818, 820, 825, 838, 841, 844, 846, 851, 857, 861, 862, 863, 864, 866, 867, 868, 870, 871, 877, 881, 883, 885, 888, 891, 892, 893, 898, 899, 904, 905, 907, 908, 911, 918, 920, 921, 922, 923, 924, 926, 931, 933]","[1, 13, 14, 29, 54, 55, 56, 57, 58, 60, 102, 118, 125, 127, 130, 134, 146, 149, 153, 175, 182, 187, 189, 191, 197, 225, 230, 238, 264, 265, 266, 286, 302, 317, 336, 379, 388, 389, 425, 454, 458, 463, 475, 487, 498, 499, 512, 530, 531, 532, 533, 534, 536, 573, 589, 596, 598, 601, 605, 617, 620, 624, 646, 653, 658, 660, 662, 668, 689, 694, 702, 724, 725, 745, 760, 775, 793, 829, 838, 839, 877, 901, 903, 905, 910, 923]","[1, 13, 14, 29, 54, 55, 56, 57, 58, 60, 102, 118, 125, 127, 130, 134, 146, 149, 153, 175, 182, 187, 189, 191, 197, 225, 230, 238, 264, 265, 266, 286, 302, 317, 336, 354, 379, 388, 389, 425, 454, 458, 463, 475, 487, 498, 499, 512, 530, 531, 532, 533, 534, 536, 573, 589, 596, 598, 601, 605, 617, 620, 624, 646, 653, 658, 660, 662, 668, 689, 694, 702, 724, 725, 745, 760, 775, 793, 809, 829, 838, 839, 877, 901, 903, 905, 910, 923]","[1, 13, 14, 16, 29, 54, 55, 56, 57, 58, 60, 102, 103, 104, 105, 106, 107, 108, 109, 110, 111, 112, 113, 114, 115, 116, 117, 118, 119, 120, 121, 122, 123, 124, 125, 126, 127, 128, 129, 130, 131, 132, 133, 134, 135, 136, 137, 138, 139, 140, 141, 142, 143, 144, 145, 146, 147, 148, 149, 150, 151, 152, 153, 154, 155, 156, 157, 158, 159, 160, 161, 162, 163, 164, 165, 166, 167, 168, 169, 170, 171, 172, 173, 174, 175, 176, 177, 178, 179, 180, 181, 182, 183, 184, 185, 186, 187, 188, 189, 190, 191, 192, 193, 194, 195, 196, 197, 198, 199, 200, 201, 202, 203, 204, 205, 206, 207, 208, 209, 210, 211, 212, 213, 214, 215, 216, 217, 218, 219, 220, 221, 222, 223, 224, 225, 226, 227, 228, 229, 230, 231, 232, 233, 234, 235, 236, 237, 238, 239, 240, 241, 242, 243, 244, 245, 246, 247, 248, 249, 250, 251, 252, 253, 254, 255, 256, 257, 258, 259, 260, 261, 262, 263, 264, 265, 266, 267, 268, 269, 270, 271, 272, 273, 274, 275, 276, 277, 278, 279, 280, 281, 282, 283, 284, 285, 286, 287, 288, 289, 290, 291, 292, 293, 294, 295, 296, 297, 298, 299, 300, 301, 302, 303, 304, 305, 306, 307, 308, 309, 310, 311, 312, 313, 314, 315, 316, 317, 318, 319, 320, 321, 322, 323, 324, 325, 326, 327, 328, 329, 330, 331, 332, 333, 334, 335, 336, 337, 340, 341, 354, 356, 363, 365, 366, 367, 370, 375, 379, 388, 389, 391, 394, 396, 402, 410, 411, 412, 413, 415, 416, 417, 418, 419, 425, 429, 431, 433, 435, 437, 440, 441, 442, 443, 451, 452, 454, 456, 457, 458, 460, 461, 463, 464, 471, 473, 474, 475, 481, 482, 487, 498, 499, 501, 512, 530, 531, 532, 533, 534, 536, 573, 574, 575, 576, 577, 578, 579, 580, 581, 582, 583, 584, 585, 586, 587, 588, 589, 590, 591, 592, 593, 594, 595, 596, 597, 598, 599, 600, 601, 602, 603, 604, 605, 606, 607, 608, 609, 610, 611, 612, 613, 614, 615, 616, 617, 618, 619, 620, 621, 622, 623, 624, 625, 626, 627, 628, 629, 630, 631, 632, 633, 634, 635, 636, 637, 638, 639, 640, 641, 642, 643, 644, 645, 646, 647, 648, 649, 650, 651, 652, 653, 654, 655, 656, 657, 658, 659, 660, 661, 662, 663, 664, 665, 666, 667, 668, 669, 670, 671, 672, 673, 674, 675, 676, 677, 678, 679, 680, 681, 682, 683, 684, 685, 686, 687, 688, 689, 690, 691, 692, 693, 694, 695, 696, 697, 698, 699, 700, 701, 702, 703, 704, 705, 706, 707, 708, 709, 710, 711, 712, 713, 714, 715, 716, 717, 718, 719, 720, 721, 722, 723, 724, 725, 726, 727, 728, 729, 730, 731, 732, 733, 734, 735, 736, 737, 738, 739, 740, 741, 742, 743, 744, 745, 746, 747, 748, 749, 750, 751, 752, 753, 754, 755, 756, 757, 758, 759, 760, 761, 762, 763, 764, 765, 766, 767, 768, 769, 770, 771, 772, 773, 774, 775, 776, 777, 778, 779, 780, 781, 782, 783, 784, 785, 786, 787, 788, 789, 790, 791, 792, 793, 796, 797, 809, 811, 817, 818, 820, 825, 829, 838, 839, 841, 844, 846, 851, 857, 861, 862, 863, 864, 866, 867, 868, 870, 871, 877, 881, 883, 885, 888, 891, 892, 893, 898, 899, 901, 903, 904, 905, 907, 908, 910, 911, 918, 920, 921, 922, 923, 924, 926, 931, 933]",True,"[125, 265, 317, 596, 725, 775]","[103, 104, 105, 106, 107, 108, 109, 110, 111, 112, 113, 114, 115, 116, 117, 118, 119, 120, 121, 122, 123, 124, 125, 126, 127, 128, 129, 130, 131, 132, 133, 134, 135, 136, 137, 138, 139, 140, 141, 142, 143, 144, 145, 146, 147, 148, 149, 150, 151, 152, 153, 154, 155, 156, 157, 158, 159, 160, 161, 162, 163, 164, 165, 166, 167, 168, 169, 170, 171, 172, 173, 174, 175, 176, 177, 178, 179, 180, 181, 182, 183, 184, 185, 186, 187, 188, 189, 190, 191, 192, 193, 194, 195, 196, 197, 198, 199, 200, 201, 202, 203, 204, 205, 206, 207, 208, 209, 210, 211, 212, 213, 214, 215, 216, 217, 218, 219, 220, 221, 222, 223, 224, 225, 226, 227, 228, 229, 230, 231, 232, 233, 234, 235, 236, 237, 238, 239, 240, 241, 242, 243, 244, 245, 246, 247, 248, 249, 250, 251, 252, 253, 254, 255, 256, 257, 258, 259, 260, 261, 262, 263, 264, 265, 266, 267, 268, 269, 270, 271, 272, 273, 274, 275, 276, 277, 278, 279, 280, 281, 282, 283, 284, 285, 286, 287, 288, 289, 290, 291, 292, 293, 294, 295, 296, 297, 298, 299, 300, 301, 302, 303, 304, 305, 306, 307, 308, 309, 310, 311, 312, 313, 314, 315, 316, 317, 318, 319, 320, 321, 322, 323, 324, 325, 326, 327, 328, 329, 330, 331, 332, 333, 334, 335, 336, 337, 574, 575, 576, 577, 578, 579, 580, 581, 582, 583, 584, 585, 586, 587, 588, 589, 590, 591, 592, 593, 594, 595, 596, 597, 598, 599, 600, 601, 602, 603, 604, 605, 606, 607, 608, 609, 610, 611, 612, 613, 614, 615, 616, 617, 618, 619, 620, 621, 622, 623, 624, 625, 626, 627, 628, 629, 630, 631, 632, 633, 634, 635, 636, 637, 638, 639, 640, 641, 642, 643, 644, 645, 646, 647, 648, 649, 650, 651, 652, 653, 654, 655, 656, 657, 658, 659, 660, 661, 662, 663, 664, 665, 666, 667, 668, 669, 670, 671, 672, 673, 674, 675, 676, 677, 678, 679, 680, 681, 682, 683, 684, 685, 686, 687, 688, 689, 690, 691, 692, 693, 694, 695, 696, 697, 698, 699, 700, 701, 702, 703, 704, 705, 706, 707, 708, 709, 710, 711, 712, 713, 714, 715, 716, 717, 718, 719, 720, 721, 722, 723, 724, 725, 726, 727, 728, 729, 730, 731, 732, 733, 734, 735, 736, 737, 738, 739, 740, 741, 742, 743, 744, 745, 746, 747, 748, 749, 750, 751, 752, 753, 754, 755, 756, 757, 758, 759, 760, 761, 762, 763, 764, 765, 766, 767, 768, 769, 770, 771, 772, 773, 774, 775, 776, 777, 778, 779, 780, 781, 782, 783, 784, 785, 786, 787, 788, 789, 790, 791, 792, 793]","[125, 265, 317, 596, 725, 775]","[125, 317, 596, 775]","[16, 125, 156, 163, 168, 184, 205, 222, 229, 253, 258, 265, 313, 317, 336, 340, 341, 356, 363, 365, 366, 367, 370, 375, 388, 391, 394, 396, 402, 410, 411, 412, 413, 415, 416, 417, 418, 419, 425, 429, 431, 433, 435, 437, 440, 441, 442, 443, 451, 452, 456, 457, 458, 460, 461, 464, 471, 473, 474, 475, 481, 482, 501, 596, 628, 635, 655, 675, 693, 716, 720, 725, 771, 775, 793, 796, 797, 811, 817, 818, 820, 825, 838, 841, 844, 846, 851, 857, 861, 862, 863, 864, 866, 867, 868, 870, 871, 877, 881, 883, 885, 888, 891, 892, 893, 898, 899, 904, 905, 907, 908, 911, 918, 920, 921, 922, 923, 924, 926, 931, 933]","[1, 13, 14, 29, 54, 55, 56, 57, 58, 60, 102, 118, 125, 127, 130, 134, 146, 149, 153, 175, 182, 187, 189, 191, 197, 225, 230, 238, 264, 265, 266, 286, 302, 317, 336, 354, 379, 388, 389, 425, 454, 458, 463, 475, 487, 498, 499, 512, 530, 531, 532, 533, 534, 536, 573, 589, 596, 598, 601, 605, 617, 620, 624, 646, 653, 658, 660, 662, 668, 689, 694, 702, 724, 725, 745, 760, 775, 793, 809, 829, 838, 839, 877, 901, 903, 905, 910, 923]","[1, 13, 14, 29, 54, 55, 56, 57, 58, 60, 102, 118, 125, 127, 130, 134, 146, 149, 153, 175, 182, 187, 189, 191, 197, 225, 230, 238, 264, 265, 266, 286, 302, 317, 336, 379, 388, 389, 425, 454, 458, 463, 475, 487, 498, 499, 512, 530, 531, 532, 533, 534, 536, 573, 589, 596, 598, 601, 605, 617, 620, 624, 646, 653, 658, 660, 662, 668, 689, 694, 702, 724, 725, 745, 760, 775, 793, 829, 838, 839, 877, 901, 903, 905, 910, 923]",7/6 successful match,True,[688],True,723,False,,1.0,True,Baker Shell,Shell
H Baker ( 92309 ) Baker Shell Rd ),760-733-4753 I-15 Exit 246 ( Baker Blvd N ),S <U+2610>,Baker,92309,Baker Shell Rd ),760-733-4753,2015,Baker,CA,Shell,( Baker Blvd N ),I-15 Exit 246 ,Exit,246,False,,False,I-15,,,,,"[596, 125]","[125, 265, 317, 596, 725, 775]","[125, 265, 317, 596, 725, 775]","[125, 317, 596, 775]","[103, 104, 105, 106, 107, 108, 109, 110, 111, 112, 113, 114, 115, 116, 117, 118, 119, 120, 121, 122, 123, 124, 125, 126, 127, 128, 129, 130, 131, 132, 133, 134, 135, 136, 137, 138, 139, 140, 141, 142, 143, 144, 145, 146, 147, 148, 149, 150, 151, 152, 153, 154, 155, 156, 157, 158, 159, 160, 161, 162, 163, 164, 165, 166, 167, 168, 169, 170, 171, 172, 173, 174, 175, 176, 177, 178, 179, 180, 181, 182, 183, 184, 185, 186, 187, 188, 189, 190, 191, 192, 193, 194, 195, 196, 197, 198, 199, 200, 201, 202, 203, 204, 205, 206, 207, 208, 209, 210, 211, 212, 213, 214, 215, 216, 217, 218, 219, 220, 221, 222, 223, 224, 225, 226, 227, 228, 229, 230, 231, 232, 233, 234, 235, 236, 237, 238, 239, 240, 241, 242, 243, 244, 245, 246, 247, 248, 249, 250, 251, 252, 253, 254, 255, 256, 257, 258, 259, 260, 261, 262, 263, 264, 265, 266, 267, 268, 269, 270, 271, 272, 273, 274, 275, 276, 277, 278, 279, 280, 281, 282, 283, 284, 285, 286, 287, 288, 289, 290, 291, 292, 293, 294, 295, 296, 297, 298, 299, 300, 301, 302, 303, 304, 305, 306, 307, 308, 309, 310, 311, 312, 313, 314, 315, 316, 317, 318, 319, 320, 321, 322, 323, 324, 325, 326, 327, 328, 329, 330, 331, 332, 333, 334, 335, 336, 337, 574, 575, 576, 577, 578, 579, 580, 581, 582, 583, 584, 585, 586, 587, 588, 589, 590, 591, 592, 593, 594, 595, 596, 597, 598, 599, 600, 601, 602, 603, 604, 605, 606, 607, 608, 609, 610, 611, 612, 613, 614, 615, 616, 617, 618, 619, 620, 621, 622, 623, 624, 625, 626, 627, 628, 629, 630, 631, 632, 633, 634, 635, 636, 637, 638, 639, 640, 641, 642, 643, 644, 645, 646, 647, 648, 649, 650, 651, 652, 653, 654, 655, 656, 657, 658, 659, 660, 661, 662, 663, 664, 665, 666, 667, 668, 669, 670, 671, 672, 673, 674, 675, 676, 677, 678, 679, 680, 681, 682, 683, 684, 685, 686, 687, 688, 689, 690, 691, 692, 693, 694, 695, 696, 697, 698, 699, 700, 701, 702, 703, 704, 705, 706, 707, 708, 709, 710, 711, 712, 713, 714, 715, 716, 717, 718, 719, 720, 721, 722, 723, 724, 725, 726, 727, 728, 729, 730, 731, 732, 733, 734, 735, 736, 737, 738, 739, 740, 741, 742, 743, 744, 745, 746, 747, 748, 749, 750, 751, 752, 753, 754, 755, 756, 757, 758, 759, 760, 761, 762, 763, 764, 765, 766, 767, 768, 769, 770, 771, 772, 773, 774, 775, 776, 777, 778, 779, 780, 781, 782, 783, 784, 785, 786, 787, 788, 789, 790, 791, 792, 793]","[16, 125, 156, 163, 168, 184, 205, 222, 229, 253, 258, 265, 313, 317, 336, 340, 341, 356, 363, 365, 366, 367, 370, 375, 388, 391, 394, 396, 402, 410, 411, 412, 413, 415, 416, 417, 418, 419, 425, 429, 431, 433, 435, 437, 440, 441, 442, 443, 451, 452, 456, 457, 458, 460, 461, 464, 471, 473, 474, 475, 481, 482, 501, 596, 628, 635, 655, 675, 693, 716, 720, 725, 771, 775, 793, 796, 797, 811, 817, 818, 820, 825, 838, 841, 844, 846, 851, 857, 861, 862, 863, 864, 866, 867, 868, 870, 871, 877, 881, 883, 885, 888, 891, 892, 893, 898, 899, 904, 905, 907, 908, 911, 918, 920, 921, 922, 923, 924, 926, 931, 933]","[1, 13, 14, 29, 54, 55, 56, 57, 58, 60, 102, 118, 125, 127, 130, 134, 146, 149, 153, 175, 182, 187, 189, 191, 197, 225, 230, 238, 264, 265, 266, 286, 302, 317, 336, 379, 388, 389, 425, 454, 458, 463, 475, 487, 498, 499, 512, 530, 531, 532, 533, 534, 536, 573, 589, 596, 598, 601, 605, 617, 620, 624, 646, 653, 658, 660, 662, 668, 689, 694, 702, 724, 725, 745, 760, 775, 793, 829, 838, 839, 877, 901, 903, 905, 910, 923]","[1, 13, 14, 29, 54, 55, 56, 57, 58, 60, 102, 118, 125, 127, 130, 134, 146, 149, 153, 175, 182, 187, 189, 191, 197, 225, 230, 238, 264, 265, 266, 286, 302, 317, 336, 354, 379, 388, 389, 425, 454, 458, 463, 475, 487, 498, 499, 512, 530, 531, 532, 533, 534, 536, 573, 589, 596, 598, 601, 605, 617, 620, 624, 646, 653, 658, 660, 662, 668, 689, 694, 702, 724, 725, 745, 760, 775, 793, 809, 829, 838, 839, 877, 901, 903, 905, 910, 923]","[1, 13, 14, 16, 29, 54, 55, 56, 57, 58, 60, 102, 103, 104, 105, 106, 107, 108, 109, 110, 111, 112, 113, 114, 115, 116, 117, 118, 119, 120, 121, 122, 123, 124, 125, 126, 127, 128, 129, 130, 131, 132, 133, 134, 135, 136, 137, 138, 139, 140, 141, 142, 143, 144, 145, 146, 147, 148, 149, 150, 151, 152, 153, 154, 155, 156, 157, 158, 159, 160, 161, 162, 163, 164, 165, 166, 167, 168, 169, 170, 171, 172, 173, 174, 175, 176, 177, 178, 179, 180, 181, 182, 183, 184, 185, 186, 187, 188, 189, 190, 191, 192, 193, 194, 195, 196, 197, 198, 199, 200, 201, 202, 203, 204, 205, 206, 207, 208, 209, 210, 211, 212, 213, 214, 215, 216, 217, 218, 219, 220, 221, 222, 223, 224, 225, 226, 227, 228, 229, 230, 231, 232, 233, 234, 235, 236, 237, 238, 239, 240, 241, 242, 243, 244, 245, 246, 247, 248, 249, 250, 251, 252, 253, 254, 255, 256, 257, 258, 259, 260, 261, 262, 263, 264, 265, 266, 267, 268, 269, 270, 271, 272, 273, 274, 275, 276, 277, 278, 279, 280, 281, 282, 283, 284, 285, 286, 287, 288, 289, 290, 291, 292, 293, 294, 295, 296, 297, 298, 299, 300, 301, 302, 303, 304, 305, 306, 307, 308, 309, 310, 311, 312, 313, 314, 315, 316, 317, 318, 319, 320, 321, 322, 323, 324, 325, 326, 327, 328, 329, 330, 331, 332, 333, 334, 335, 336, 337, 340, 341, 354, 356, 363, 365, 366, 367, 370, 375, 379, 388, 389, 391, 394, 396, 402, 410, 411, 412, 413, 415, 416, 417, 418, 419, 425, 429, 431, 433, 435, 437, 440, 441, 442, 443, 451, 452, 454, 456, 457, 458, 460, 461, 463, 464, 471, 473, 474, 475, 481, 482, 487, 498, 499, 501, 512, 530, 531, 532, 533, 534, 536, 573, 574, 575, 576, 577, 578, 579, 580, 581, 582, 583, 584, 585, 586, 587, 588, 589, 590, 591, 592, 593, 594, 595, 596, 597, 598, 599, 600, 601, 602, 603, 604, 605, 606, 607, 608, 609, 610, 611, 612, 613, 614, 615, 616, 617, 618, 619, 620, 621, 622, 623, 624, 625, 626, 627, 628, 629, 630, 631, 632, 633, 634, 635, 636, 637, 638, 639, 640, 641, 642, 643, 644, 645, 646, 647, 648, 649, 650, 651, 652, 653, 654, 655, 656, 657, 658, 659, 660, 661, 662, 663, 664, 665, 666, 667, 668, 669, 670, 671, 672, 673, 674, 675, 676, 677, 678, 679, 680, 681, 682, 683, 684, 685, 686, 687, 688, 689, 690, 691, 692, 693, 694, 695, 696, 697, 698, 699, 700, 701, 702, 703, 704, 705, 706, 707, 708, 709, 710, 711, 712, 713, 714, 715, 716, 717, 718, 719, 720, 721, 722, 723, 724, 725, 726, 727, 728, 729, 730, 731, 732, 733, 734, 735, 736, 737, 738, 739, 740, 741, 742, 743, 744, 745, 746, 747, 748, 749, 750, 751, 752, 753, 754, 755, 756, 757, 758, 759, 760, 761, 762, 763, 764, 765, 766, 767, 768, 769, 770, 771, 772, 773, 774, 775, 776, 777, 778, 779, 780, 781, 782, 783, 784, 785, 786, 787, 788, 789, 790, 791, 792, 793, 796, 797, 809, 811, 817, 818, 820, 825, 829, 838, 839, 841, 844, 846, 851, 857, 861, 862, 863, 864, 866, 867, 868, 870, 871, 877, 881, 883, 885, 888, 891, 892, 893, 898, 899, 901, 903, 904, 905, 907, 908, 910, 911, 918, 920, 921, 922, 923, 924, 926, 931, 933]",True,"[125, 265, 317, 596, 725, 775]","[103, 104, 105, 106, 107, 108, 109, 110, 111, 112, 113, 114, 115, 116, 117, 118, 119, 120, 121, 122, 123, 124, 125, 126, 127, 128, 129, 130, 131, 132, 133, 134, 135, 136, 137, 138, 139, 140, 141, 142, 143, 144, 145, 146, 147, 148, 149, 150, 151, 152, 153, 154, 155, 156, 157, 158, 159, 160, 161, 162, 163, 164, 165, 166, 167, 168, 169, 170, 171, 172, 173, 174, 175, 176, 177, 178, 179, 180, 181, 182, 183, 184, 185, 186, 187, 188, 189, 190, 191, 192, 193, 194, 195, 196, 197, 198, 199, 200, 201, 202, 203, 204, 205, 206, 207, 208, 209, 210, 211, 212, 213, 214, 215, 216, 217, 218, 219, 220, 221, 222, 223, 224, 225, 226, 227, 228, 229, 230, 231, 232, 233, 234, 235, 236, 237, 238, 239, 240, 241, 242, 243, 244, 245, 246, 247, 248, 249, 250, 251, 252, 253, 254, 255, 256, 257, 258, 259, 260, 261, 262, 263, 264, 265, 266, 267, 268, 269, 270, 271, 272, 273, 274, 275, 276, 277, 278, 279, 280, 281, 282, 283, 284, 285, 286, 287, 288, 289, 290, 291, 292, 293, 294, 295, 296, 297, 298, 299, 300, 301, 302, 303, 304, 305, 306, 307, 308, 309, 310, 311, 312, 313, 314, 315, 316, 317, 318, 319, 320, 321, 322, 323, 324, 325, 326, 327, 328, 329, 330, 331, 332, 333, 334, 335, 336, 337, 574, 575, 576, 577, 578, 579, 580, 581, 582, 583, 584, 585, 586, 587, 588, 589, 590, 591, 592, 593, 594, 595, 596, 597, 598, 599, 600, 601, 602, 603, 604, 605, 606, 607, 608, 609, 610, 611, 612, 613, 614, 615, 616, 617, 618, 619, 620, 621, 622, 623, 624, 625, 626, 627, 628, 629, 630, 631, 632, 633, 634, 635, 636, 637, 638, 639, 640, 641, 642, 643, 644, 645, 646, 647, 648, 649, 650, 651, 652, 653, 654, 655, 656, 657, 658, 659, 660, 661, 662, 663, 664, 665, 666, 667, 668, 669, 670, 671, 672, 673, 674, 675, 676, 677, 678, 679, 680, 681, 682, 683, 684, 685, 686, 687, 688, 689, 690, 691, 692, 693, 694, 695, 696, 697, 698, 699, 700, 701, 702, 703, 704, 705, 706, 707, 708, 709, 710, 711, 712, 713, 714, 715, 716, 717, 718, 719, 720, 721, 722, 723, 724, 725, 726, 727, 728, 729, 730, 731, 732, 733, 734, 735, 736, 737, 738, 739, 740, 741, 742, 743, 744, 745, 746, 747, 748, 749, 750, 751, 752, 753, 754, 755, 756, 757, 758, 759, 760, 761, 762, 763, 764, 765, 766, 767, 768, 769, 770, 771, 772, 773, 774, 775, 776, 777, 778, 779, 780, 781, 782, 783, 784, 785, 786, 787, 788, 789, 790, 791, 792, 793]","[125, 265, 317, 596, 725, 775]","[125, 317, 596, 775]","[16, 125, 156, 163, 168, 184, 205, 222, 229, 253, 258, 265, 313, 317, 336, 340, 341, 356, 363, 365, 366, 367, 370, 375, 388, 391, 394, 396, 402, 410, 411, 412, 413, 415, 416, 417, 418, 419, 425, 429, 431, 433, 435, 437, 440, 441, 442, 443, 451, 452, 456, 457, 458, 460, 461, 464, 471, 473, 474, 475, 481, 482, 501, 596, 628, 635, 655, 675, 693, 716, 720, 725, 771, 775, 793, 796, 797, 811, 817, 818, 820, 825, 838, 841, 844, 846, 851, 857, 861, 862, 863, 864, 866, 867, 868, 870, 871, 877, 881, 883, 885, 888, 891, 892, 893, 898, 899, 904, 905, 907, 908, 911, 918, 920, 921, 922, 923, 924, 926, 931, 933]","[1, 13, 14, 29, 54, 55, 56, 57, 58, 60, 102, 118, 125, 127, 130, 134, 146, 149, 153, 175, 182, 187, 189, 191, 197, 225, 230, 238, 264, 265, 266, 286, 302, 317, 336, 354, 379, 388, 389, 425, 454, 458, 463, 475, 487, 498, 499, 512, 530, 531, 532, 533, 534, 536, 573, 589, 596, 598, 601, 605, 617, 620, 624, 646, 653, 658, 660, 662, 668, 689, 694, 702, 724, 725, 745, 760, 775, 793, 809, 829, 838, 839, 877, 901, 903, 905, 910, 923]","[1, 13, 14, 29, 54, 55, 56, 57, 58, 60, 102, 118, 125, 127, 130, 134, 146, 149, 153, 175, 182, 187, 189, 191, 197, 225, 230, 238, 264, 265, 266, 286, 302, 317, 336, 379, 388, 389, 425, 454, 458, 463, 475, 487, 498, 499, 512, 530, 531, 532, 533, 534, 536, 573, 589, 596, 598, 601, 605, 617, 620, 624, 646, 653, 658, 660, 662, 668, 689, 694, 702, 724, 725, 745, 760, 775, 793, 829, 838, 839, 877, 901, 903, 905, 910, 923]",7/6 successful match,True,[688],True,723,False,,0.9444444444444444,True,Baker Shell,Shell
Baker ( 92309 ) Baker Shell,6 760-733-4753 I-15 Exit 246 ( Baker Blvd N ),24 S <U+25A1>,Baker,92309,Baker Shell,760-733-4753,2016,Baker,CA,Shell,( Baker Blvd N ),I-15 Exit 246 ,Exit,246,False,,False,I-15,,,,,"[596, 125]","[125, 265, 317, 596, 725, 775]","[125, 265, 317, 596, 725, 775]","[125, 317, 596, 775]","[103, 104, 105, 106, 107, 108, 109, 110, 111, 112, 113, 114, 115, 116, 117, 118, 119, 120, 121, 122, 123, 124, 125, 126, 127, 128, 129, 130, 131, 132, 133, 134, 135, 136, 137, 138, 139, 140, 141, 142, 143, 144, 145, 146, 147, 148, 149, 150, 151, 152, 153, 154, 155, 156, 157, 158, 159, 160, 161, 162, 163, 164, 165, 166, 167, 168, 169, 170, 171, 172, 173, 174, 175, 176, 177, 178, 179, 180, 181, 182, 183, 184, 185, 186, 187, 188, 189, 190, 191, 192, 193, 194, 195, 196, 197, 198, 199, 200, 201, 202, 203, 204, 205, 206, 207, 208, 209, 210, 211, 212, 213, 214, 215, 216, 217, 218, 219, 220, 221, 222, 223, 224, 225, 226, 227, 228, 229, 230, 231, 232, 233, 234, 235, 236, 237, 238, 239, 240, 241, 242, 243, 244, 245, 246, 247, 248, 249, 250, 251, 252, 253, 254, 255, 256, 257, 258, 259, 260, 261, 262, 263, 264, 265, 266, 267, 268, 269, 270, 271, 272, 273, 274, 275, 276, 277, 278, 279, 280, 281, 282, 283, 284, 285, 286, 287, 288, 289, 290, 291, 292, 293, 294, 295, 296, 297, 298, 299, 300, 301, 302, 303, 304, 305, 306, 307, 308, 309, 310, 311, 312, 313, 314, 315, 316, 317, 318, 319, 320, 321, 322, 323, 324, 325, 326, 327, 328, 329, 330, 331, 332, 333, 334, 335, 336, 337, 574, 575, 576, 577, 578, 579, 580, 581, 582, 583, 584, 585, 586, 587, 588, 589, 590, 591, 592, 593, 594, 595, 596, 597, 598, 599, 600, 601, 602, 603, 604, 605, 606, 607, 608, 609, 610, 611, 612, 613, 614, 615, 616, 617, 618, 619, 620, 621, 622, 623, 624, 625, 626, 627, 628, 629, 630, 631, 632, 633, 634, 635, 636, 637, 638, 639, 640, 641, 642, 643, 644, 645, 646, 647, 648, 649, 650, 651, 652, 653, 654, 655, 656, 657, 658, 659, 660, 661, 662, 663, 664, 665, 666, 667, 668, 669, 670, 671, 672, 673, 674, 675, 676, 677, 678, 679, 680, 681, 682, 683, 684, 685, 686, 687, 688, 689, 690, 691, 692, 693, 694, 695, 696, 697, 698, 699, 700, 701, 702, 703, 704, 705, 706, 707, 708, 709, 710, 711, 712, 713, 714, 715, 716, 717, 718, 719, 720, 721, 722, 723, 724, 725, 726, 727, 728, 729, 730, 731, 732, 733, 734, 735, 736, 737, 738, 739, 740, 741, 742, 743, 744, 745, 746, 747, 748, 749, 750, 751, 752, 753, 754, 755, 756, 757, 758, 759, 760, 761, 762, 763, 764, 765, 766, 767, 768, 769, 770, 771, 772, 773, 774, 775, 776, 777, 778, 779, 780, 781, 782, 783, 784, 785, 786, 787, 788, 789, 790, 791, 792, 793]","[16, 125, 156, 163, 168, 184, 205, 222, 229, 253, 258, 265, 313, 317, 336, 340, 341, 356, 363, 365, 366, 367, 370, 375, 388, 391, 394, 396, 402, 410, 411, 412, 413, 415, 416, 417, 418, 419, 425, 429, 431, 433, 435, 437, 440, 441, 442, 443, 451, 452, 456, 457, 458, 460, 461, 464, 471, 473, 474, 475, 481, 482, 501, 596, 628, 635, 655, 675, 693, 716, 720, 725, 771, 775, 793, 796, 797, 811, 817, 818, 820, 825, 838, 841, 844, 846, 851, 857, 861, 862, 863, 864, 866, 867, 868, 870, 871, 877, 881, 883, 885, 888, 891, 892, 893, 898, 899, 904, 905, 907, 908, 911, 918, 920, 921, 922, 923, 924, 926, 931, 933]","[1, 13, 14, 29, 54, 55, 56, 57, 58, 60, 102, 118, 125, 127, 130, 134, 146, 149, 153, 175, 182, 187, 189, 191, 197, 225, 230, 238, 264, 265, 266, 286, 302, 317, 336, 379, 388, 389, 425, 454, 458, 463, 475, 487, 498, 499, 512, 530, 531, 532, 533, 534, 536, 573, 589, 596, 598, 601, 605, 617, 620, 624, 646, 653, 658, 660, 662, 668, 689, 694, 702, 724, 725, 745, 760, 775, 793, 829, 838, 839, 877, 901, 903, 905, 910, 923]","[1, 13, 14, 29, 54, 55, 56, 57, 58, 60, 102, 118, 125, 127, 130, 134, 146, 149, 153, 175, 182, 187, 189, 191, 197, 225, 230, 238, 264, 265, 266, 286, 302, 317, 336, 354, 379, 388, 389, 425, 454, 458, 463, 475, 487, 498, 499, 512, 530, 531, 532, 533, 534, 536, 573, 589, 596, 598, 601, 605, 617, 620, 624, 646, 653, 658, 660, 662, 668, 689, 694, 702, 724, 725, 745, 760, 775, 793, 809, 829, 838, 839, 877, 901, 903, 905, 910, 923]","[1, 13, 14, 16, 29, 54, 55, 56, 57, 58, 60, 102, 103, 104, 105, 106, 107, 108, 109, 110, 111, 112, 113, 114, 115, 116, 117, 118, 119, 120, 121, 122, 123, 124, 125, 126, 127, 128, 129, 130, 131, 132, 133, 134, 135, 136, 137, 138, 139, 140, 141, 142, 143, 144, 145, 146, 147, 148, 149, 150, 151, 152, 153, 154, 155, 156, 157, 158, 159, 160, 161, 162, 163, 164, 165, 166, 167, 168, 169, 170, 171, 172, 173, 174, 175, 176, 177, 178, 179, 180, 181, 182, 183, 184, 185, 186, 187, 188, 189, 190, 191, 192, 193, 194, 195, 196, 197, 198, 199, 200, 201, 202, 203, 204, 205, 206, 207, 208, 209, 210, 211, 212, 213, 214, 215, 216, 217, 218, 219, 220, 221, 222, 223, 224, 225, 226, 227, 228, 229, 230, 231, 232, 233, 234, 235, 236, 237, 238, 239, 240, 241, 242, 243, 244, 245, 246, 247, 248, 249, 250, 251, 252, 253, 254, 255, 256, 257, 258, 259, 260, 261, 262, 263, 264, 265, 266, 267, 268, 269, 270, 271, 272, 273, 274, 275, 276, 277, 278, 279, 280, 281, 282, 283, 284, 285, 286, 287, 288, 289, 290, 291, 292, 293, 294, 295, 296, 297, 298, 299, 300, 301, 302, 303, 304, 305, 306, 307, 308, 309, 310, 311, 312, 313, 314, 315, 316, 317, 318, 319, 320, 321, 322, 323, 324, 325, 326, 327, 328, 329, 330, 331, 332, 333, 334, 335, 336, 337, 340, 341, 354, 356, 363, 365, 366, 367, 370, 375, 379, 388, 389, 391, 394, 396, 402, 410, 411, 412, 413, 415, 416, 417, 418, 419, 425, 429, 431, 433, 435, 437, 440, 441, 442, 443, 451, 452, 454, 456, 457, 458, 460, 461, 463, 464, 471, 473, 474, 475, 481, 482, 487, 498, 499, 501, 512, 530, 531, 532, 533, 534, 536, 573, 574, 575, 576, 577, 578, 579, 580, 581, 582, 583, 584, 585, 586, 587, 588, 589, 590, 591, 592, 593, 594, 595, 596, 597, 598, 599, 600, 601, 602, 603, 604, 605, 606, 607, 608, 609, 610, 611, 612, 613, 614, 615, 616, 617, 618, 619, 620, 621, 622, 623, 624, 625, 626, 627, 628, 629, 630, 631, 632, 633, 634, 635, 636, 637, 638, 639, 640, 641, 642, 643, 644, 645, 646, 647, 648, 649, 650, 651, 652, 653, 654, 655, 656, 657, 658, 659, 660, 661, 662, 663, 664, 665, 666, 667, 668, 669, 670, 671, 672, 673, 674, 675, 676, 677, 678, 679, 680, 681, 682, 683, 684, 685, 686, 687, 688, 689, 690, 691, 692, 693, 694, 695, 696, 697, 698, 699, 700, 701, 702, 703, 704, 705, 706, 707, 708, 709, 710, 711, 712, 713, 714, 715, 716, 717, 718, 719, 720, 721, 722, 723, 724, 725, 726, 727, 728, 729, 730, 731, 732, 733, 734, 735, 736, 737, 738, 739, 740, 741, 742, 743, 744, 745, 746, 747, 748, 749, 750, 751, 752, 753, 754, 755, 756, 757, 758, 759, 760, 761, 762, 763, 764, 765, 766, 767, 768, 769, 770, 771, 772, 773, 774, 775, 776, 777, 778, 779, 780, 781, 782, 783, 784, 785, 786, 787, 788, 789, 790, 791, 792, 793, 796, 797, 809, 811, 817, 818, 820, 825, 829, 838, 839, 841, 844, 846, 851, 857, 861, 862, 863, 864, 866, 867, 868, 870, 871, 877, 881, 883, 885, 888, 891, 892, 893, 898, 899, 901, 903, 904, 905, 907, 908, 910, 911, 918, 920, 921, 922, 923, 924, 926, 931, 933]",True,"[125, 265, 317, 596, 725, 775]","[103, 104, 105, 106, 107, 108, 109, 110, 111, 112, 113, 114, 115, 116, 117, 118, 119, 120, 121, 122, 123, 124, 125, 126, 127, 128, 129, 130, 131, 132, 133, 134, 135, 136, 137, 138, 139, 140, 141, 142, 143, 144, 145, 146, 147, 148, 149, 150, 151, 152, 153, 154, 155, 156, 157, 158, 159, 160, 161, 162, 163, 164, 165, 166, 167, 168, 169, 170, 171, 172, 173, 174, 175, 176, 177, 178, 179, 180, 181, 182, 183, 184, 185, 186, 187, 188, 189, 190, 191, 192, 193, 194, 195, 196, 197, 198, 199, 200, 201, 202, 203, 204, 205, 206, 207, 208, 209, 210, 211, 212, 213, 214, 215, 216, 217, 218, 219, 220, 221, 222, 223, 224, 225, 226, 227, 228, 229, 230, 231, 232, 233, 234, 235, 236, 237, 238, 239, 240, 241, 242, 243, 244, 245, 246, 247, 248, 249, 250, 251, 252, 253, 254, 255, 256, 257, 258, 259, 260, 261, 262, 263, 264, 265, 266, 267, 268, 269, 270, 271, 272, 273, 274, 275, 276, 277, 278, 279, 280, 281, 282, 283, 284, 285, 286, 287, 288, 289, 290, 291, 292, 293, 294, 295, 296, 297, 298, 299, 300, 301, 302, 303, 304, 305, 306, 307, 308, 309, 310, 311, 312, 313, 314, 315, 316, 317, 318, 319, 320, 321, 322, 323, 324, 325, 326, 327, 328, 329, 330, 331, 332, 333, 334, 335, 336, 337, 574, 575, 576, 577, 578, 579, 580, 581, 582, 583, 584, 585, 586, 587, 588, 589, 590, 591, 592, 593, 594, 595, 596, 597, 598, 599, 600, 601, 602, 603, 604, 605, 606, 607, 608, 609, 610, 611, 612, 613, 614, 615, 616, 617, 618, 619, 620, 621, 622, 623, 624, 625, 626, 627, 628, 629, 630, 631, 632, 633, 634, 635, 636, 637, 638, 639, 640, 641, 642, 643, 644, 645, 646, 647, 648, 649, 650, 651, 652, 653, 654, 655, 656, 657, 658, 659, 660, 661, 662, 663, 664, 665, 666, 667, 668, 669, 670, 671, 672, 673, 674, 675, 676, 677, 678, 679, 680, 681, 682, 683, 684, 685, 686, 687, 688, 689, 690, 691, 692, 693, 694, 695, 696, 697, 698, 699, 700, 701, 702, 703, 704, 705, 706, 707, 708, 709, 710, 711, 712, 713, 714, 715, 716, 717, 718, 719, 720, 721, 722, 723, 724, 725, 726, 727, 728, 729, 730, 731, 732, 733, 734, 735, 736, 737, 738, 739, 740, 741, 742, 743, 744, 745, 746, 747, 748, 749, 750, 751, 752, 753, 754, 755, 756, 757, 758, 759, 760, 761, 762, 763, 764, 765, 766, 767, 768, 769, 770, 771, 772, 773, 774, 775, 776, 777, 778, 779, 780, 781, 782, 783, 784, 785, 786, 787, 788, 789, 790, 791, 792, 793]","[125, 265, 317, 596, 725, 775]","[125, 317, 596, 775]","[16, 125, 156, 163, 168, 184, 205, 222, 229, 253, 258, 265, 313, 317, 336, 340, 341, 356, 363, 365, 366, 367, 370, 375, 388, 391, 394, 396, 402, 410, 411, 412, 413, 415, 416, 417, 418, 419, 425, 429, 431, 433, 435, 437, 440, 441, 442, 443, 451, 452, 456, 457, 458, 460, 461, 464, 471, 473, 474, 475, 481, 482, 501, 596, 628, 635, 655, 675, 693, 716, 720, 725, 771, 775, 793, 796, 797, 811, 817, 818, 820, 825, 838, 841, 844, 846, 851, 857, 861, 862, 863, 864, 866, 867, 868, 870, 871, 877, 881, 883, 885, 888, 891, 892, 893, 898, 899, 904, 905, 907, 908, 911, 918, 920, 921, 922, 923, 924, 926, 931, 933]","[1, 13, 14, 29, 54, 55, 56, 57, 58, 60, 102, 118, 125, 127, 130, 134, 146, 149, 153, 175, 182, 187, 189, 191, 197, 225, 230, 238, 264, 265, 266, 286, 302, 317, 336, 354, 379, 388, 389, 425, 454, 458, 463, 475, 487, 498, 499, 512, 530, 531, 532, 533, 534, 536, 573, 589, 596, 598, 601, 605, 617, 620, 624, 646, 653, 658, 660, 662, 668, 689, 694, 702, 724, 725, 745, 760, 775, 793, 809, 829, 838, 839, 877, 901, 903, 905, 910, 923]","[1, 13, 14, 29, 54, 55, 56, 57, 58, 60, 102, 118, 125, 127, 130, 134, 146, 149, 153, 175, 182, 187, 189, 191, 197, 225, 230, 238, 264, 265, 266, 286, 302, 317, 336, 379, 388, 389, 425, 454, 458, 463, 475, 487, 498, 499, 512, 530, 531, 532, 533, 534, 536, 573, 589, 596, 598, 601, 605, 617, 620, 624, 646, 653, 658, 660, 662, 668, 689, 694, 702, 724, 725, 745, 760, 775, 793, 829, 838, 839, 877, 901, 903, 905, 910, 923]",7/6 successful match,True,[688],True,723,False,,0.9444444444444444,True,Baker Shell Rd ),Shell
"Barstow , 92311 Pilot Travel Center # 282",760-253-2861 I-15 Exit 178 ( Lenwood Rd NE ),24 XL,Barstow,92311,Pilot Travel Center # 282,760-253-2861,2006,Barstow,CA,Pilot,( Lenwood Rd NE ),I-15 Exit 178 ,Exit,178,False,,False,I-15,,,,,"[716, 253]","[163, 168, 205, 253, 313, 635, 675, 716, 771]","[163, 168, 205, 253, 313, 635, 675, 716, 771]","[163, 205, 253, 313, 635, 675, 716, 771]","[103, 104, 105, 106, 107, 108, 109, 110, 111, 112, 113, 114, 115, 116, 117, 118, 119, 120, 121, 122, 123, 124, 125, 126, 127, 128, 129, 130, 131, 132, 133, 134, 135, 136, 137, 138, 139, 140, 141, 142, 143, 144, 145, 146, 147, 148, 149, 150, 151, 152, 153, 154, 155, 156, 157, 158, 159, 160, 161, 162, 163, 164, 165, 166, 167, 168, 169, 170, 171, 172, 173, 174, 175, 176, 177, 178, 179, 180, 181, 182, 183, 184, 185, 186, 187, 188, 189, 190, 191, 192, 193, 194, 195, 196, 197, 198, 199, 200, 201, 202, 203, 204, 205, 206, 207, 208, 209, 210, 211, 212, 213, 214, 215, 216, 217, 218, 219, 220, 221, 222, 223, 224, 225, 226, 227, 228, 229, 230, 231, 232, 233, 234, 235, 236, 237, 238, 239, 240, 241, 242, 243, 244, 245, 246, 247, 248, 249, 250, 251, 252, 253, 254, 255, 256, 257, 258, 259, 260, 261, 262, 263, 264, 265, 266, 267, 268, 269, 270, 271, 272, 273, 274, 275, 276, 277, 278, 279, 280, 281, 282, 283, 284, 285, 286, 287, 288, 289, 290, 291, 292, 293, 294, 295, 296, 297, 298, 299, 300, 301, 302, 303, 304, 305, 306, 307, 308, 309, 310, 311, 312, 313, 314, 315, 316, 317, 318, 319, 320, 321, 322, 323, 324, 325, 326, 327, 328, 329, 330, 331, 332, 333, 334, 335, 336, 337, 574, 575, 576, 577, 578, 579, 580, 581, 582, 583, 584, 585, 586, 587, 588, 589, 590, 591, 592, 593, 594, 595, 596, 597, 598, 599, 600, 601, 602, 603, 604, 605, 606, 607, 608, 609, 610, 611, 612, 613, 614, 615, 616, 617, 618, 619, 620, 621, 622, 623, 624, 625, 626, 627, 628, 629, 630, 631, 632, 633, 634, 635, 636, 637, 638, 639, 640, 641, 642, 643, 644, 645, 646, 647, 648, 649, 650, 651, 652, 653, 654, 655, 656, 657, 658, 659, 660, 661, 662, 663, 664, 665, 666, 667, 668, 669, 670, 671, 672, 673, 674, 675, 676, 677, 678, 679, 680, 681, 682, 683, 684, 685, 686, 687, 688, 689, 690, 691, 692, 693, 694, 695, 696, 697, 698, 699, 700, 701, 702, 703, 704, 705, 706, 707, 708, 709, 710, 711, 712, 713, 714, 715, 716, 717, 718, 719, 720, 721, 722, 723, 724, 725, 726, 727, 728, 729, 730, 731, 732, 733, 734, 735, 736, 737, 738, 739, 740, 741, 742, 743, 744, 745, 746, 747, 748, 749, 750, 751, 752, 753, 754, 755, 756, 757, 758, 759, 760, 761, 762, 763, 764, 765, 766, 767, 768, 769, 770, 771, 772, 773, 774, 775, 776, 777, 778, 779, 780, 781, 782, 783, 784, 785, 786, 787, 788, 789, 790, 791, 792, 793]","[16, 125, 156, 163, 168, 184, 205, 222, 229, 253, 258, 265, 313, 317, 336, 340, 341, 356, 363, 365, 366, 367, 370, 375, 388, 391, 394, 396, 402, 410, 411, 412, 413, 415, 416, 417, 418, 419, 425, 429, 431, 433, 435, 437, 440, 441, 442, 443, 451, 452, 456, 457, 458, 460, 461, 464, 471, 473, 474, 475, 481, 482, 501, 596, 628, 635, 655, 675, 693, 716, 720, 725, 771, 775, 793, 796, 797, 811, 817, 818, 820, 825, 838, 841, 844, 846, 851, 857, 861, 862, 863, 864, 866, 867, 868, 870, 871, 877, 881, 883, 885, 888, 891, 892, 893, 898, 899, 904, 905, 907, 908, 911, 918, 920, 921, 922, 923, 924, 926, 931, 933]","[15, 16, 65, 66, 67, 68, 69, 70, 71, 72, 73, 74, 75, 76, 80, 151, 245, 246, 247, 248, 249, 250, 251, 252, 253, 254, 255, 256, 257, 258, 259, 280, 340, 373, 374, 375, 376, 377, 459, 460, 461, 462, 500, 501, 539, 540, 541, 542, 543, 544, 545, 546, 547, 548, 549, 550, 552, 622, 708, 709, 710, 711, 712, 713, 714, 715, 716, 717, 718, 719, 720, 739, 796, 823, 824, 825, 826, 827, 906, 907, 908, 909]","[15, 16, 65, 66, 67, 68, 69, 70, 71, 72, 73, 74, 75, 76, 77, 78, 80, 151, 244, 245, 246, 247, 248, 249, 250, 251, 252, 253, 254, 255, 256, 257, 258, 259, 260, 280, 340, 373, 374, 375, 376, 377, 459, 460, 461, 462, 500, 501, 539, 540, 541, 542, 543, 544, 545, 546, 547, 548, 549, 550, 552, 622, 708, 709, 710, 711, 712, 713, 714, 715, 716, 717, 718, 719, 720, 739, 796, 823, 824, 825, 826, 827, 906, 907, 908, 909]","[15, 16, 65, 66, 67, 68, 69, 70, 71, 72, 73, 74, 75, 76, 77, 78, 80, 103, 104, 105, 106, 107, 108, 109, 110, 111, 112, 113, 114, 115, 116, 117, 118, 119, 120, 121, 122, 123, 124, 125, 126, 127, 128, 129, 130, 131, 132, 133, 134, 135, 136, 137, 138, 139, 140, 141, 142, 143, 144, 145, 146, 147, 148, 149, 150, 151, 152, 153, 154, 155, 156, 157, 158, 159, 160, 161, 162, 163, 164, 165, 166, 167, 168, 169, 170, 171, 172, 173, 174, 175, 176, 177, 178, 179, 180, 181, 182, 183, 184, 185, 186, 187, 188, 189, 190, 191, 192, 193, 194, 195, 196, 197, 198, 199, 200, 201, 202, 203, 204, 205, 206, 207, 208, 209, 210, 211, 212, 213, 214, 215, 216, 217, 218, 219, 220, 221, 222, 223, 224, 225, 226, 227, 228, 229, 230, 231, 232, 233, 234, 235, 236, 237, 238, 239, 240, 241, 242, 243, 244, 245, 246, 247, 248, 249, 250, 251, 252, 253, 254, 255, 256, 257, 258, 259, 260, 261, 262, 263, 264, 265, 266, 267, 268, 269, 270, 271, 272, 273, 274, 275, 276, 277, 278, 279, 280, 281, 282, 283, 284, 285, 286, 287, 288, 289, 290, 291, 292, 293, 294, 295, 296, 297, 298, 299, 300, 301, 302, 303, 304, 305, 306, 307, 308, 309, 310, 311, 312, 313, 314, 315, 316, 317, 318, 319, 320, 321, 322, 323, 324, 325, 326, 327, 328, 329, 330, 331, 332, 333, 334, 335, 336, 337, 340, 341, 356, 363, 365, 366, 367, 370, 373, 374, 375, 376, 377, 388, 391, 394, 396, 402, 410, 411, 412, 413, 415, 416, 417, 418, 419, 425, 429, 431, 433, 435, 437, 440, 441, 442, 443, 451, 452, 456, 457, 458, 459, 460, 461, 462, 464, 471, 473, 474, 475, 481, 482, 500, 501, 539, 540, 541, 542, 543, 544, 545, 546, 547, 548, 549, 550, 552, 574, 575, 576, 577, 578, 579, 580, 581, 582, 583, 584, 585, 586, 587, 588, 589, 590, 591, 592, 593, 594, 595, 596, 597, 598, 599, 600, 601, 602, 603, 604, 605, 606, 607, 608, 609, 610, 611, 612, 613, 614, 615, 616, 617, 618, 619, 620, 621, 622, 623, 624, 625, 626, 627, 628, 629, 630, 631, 632, 633, 634, 635, 636, 637, 638, 639, 640, 641, 642, 643, 644, 645, 646, 647, 648, 649, 650, 651, 652, 653, 654, 655, 656, 657, 658, 659, 660, 661, 662, 663, 664, 665, 666, 667, 668, 669, 670, 671, 672, 673, 674, 675, 676, 677, 678, 679, 680, 681, 682, 683, 684, 685, 686, 687, 688, 689, 690, 691, 692, 693, 694, 695, 696, 697, 698, 699, 700, 701, 702, 703, 704, 705, 706, 707, 708, 709, 710, 711, 712, 713, 714, 715, 716, 717, 718, 719, 720, 721, 722, 723, 724, 725, 726, 727, 728, 729, 730, 731, 732, 733, 734, 735, 736, 737, 738, 739, 740, 741, 742, 743, 744, 745, 746, 747, 748, 749, 750, 751, 752, 753, 754, 755, 756, 757, 758, 759, 760, 761, 762, 763, 764, 765, 766, 767, 768, 769, 770, 771, 772, 773, 774, 775, 776, 777, 778, 779, 780, 781, 782, 783, 784, 785, 786, 787, 788, 789, 790, 791, 792, 793, 796, 797, 811, 817, 818, 820, 823, 824, 825, 826, 827, 838, 841, 844, 846, 851, 857, 861, 862, 863, 864, 866, 867, 868, 870, 871, 877, 881, 883, 885, 888, 891, 892, 893, 898, 899, 904, 905, 906, 907, 908, 909, 911, 918, 920, 921, 922, 923, 924, 926, 931, 933]",True,"[163, 168, 205, 253, 313, 635, 675, 716, 771]","[103, 104, 105, 106, 107, 108, 109, 110, 111, 112, 113, 114, 115, 116, 117, 118, 119, 120, 121, 122, 123, 124, 125, 126, 127, 128, 129, 130, 131, 132, 133, 134, 135, 136, 137, 138, 139, 140, 141, 142, 143, 144, 145, 146, 147, 148, 149, 150, 151, 152, 153, 154, 155, 156, 157, 158, 159, 160, 161, 162, 163, 164, 165, 166, 167, 168, 169, 170, 171, 172, 173, 174, 175, 176, 177, 178, 179, 180, 181, 182, 183, 184, 185, 186, 187, 188, 189, 190, 191, 192, 193, 194, 195, 196, 197, 198, 199, 200, 201, 202, 203, 204, 205, 206, 207, 208, 209, 210, 211, 212, 213, 214, 215, 216, 217, 218, 219, 220, 221, 222, 223, 224, 225, 226, 227, 228, 229, 230, 231, 232, 233, 234, 235, 236, 237, 238, 239, 240, 241, 242, 243, 244, 245, 246, 247, 248, 249, 250, 251, 252, 253, 254, 255, 256, 257, 258, 259, 260, 261, 262, 263, 264, 265, 266, 267, 268, 269, 270, 271, 272, 273, 274, 275, 276, 277, 278, 279, 280, 281, 282, 283, 284, 285, 286, 287, 288, 289, 290, 291, 292, 293, 294, 295, 296, 297, 298, 299, 300, 301, 302, 303, 304, 305, 306, 307, 308, 309, 310, 311, 312, 313, 314, 315, 316, 317, 318, 319, 320, 321, 322, 323, 324, 325, 326, 327, 328, 329, 330, 331, 332, 333, 334, 335, 336, 337, 574, 575, 576, 577, 578, 579, 580, 581, 582, 583, 584, 585, 586, 587, 588, 589, 590, 591, 592, 593, 594, 595, 596, 597, 598, 599, 600, 601, 602, 603, 604, 605, 606, 607, 608, 609, 610, 611, 612, 613, 614, 615, 616, 617, 618, 619, 620, 621, 622, 623, 624, 625, 626, 627, 628, 629, 630, 631, 632, 633, 634, 635, 636, 637, 638, 639, 640, 641, 642, 643, 644, 645, 646, 647, 648, 649, 650, 651, 652, 653, 654, 655, 656, 657, 658, 659, 660, 661, 662, 663, 664, 665, 666, 667, 668, 669, 670, 671, 672, 673, 674, 675, 676, 677, 678, 679, 680, 681, 682, 683, 684, 685, 686, 687, 688, 689, 690, 691, 692, 693, 694, 695, 696, 697, 698, 699, 700, 701, 702, 703, 704, 705, 706, 707, 708, 709, 710, 711, 712, 713, 714, 715, 716, 717, 718, 719, 720, 721, 722, 723, 724, 725, 726, 727, 728, 729, 730, 731, 732, 733, 734, 735, 736, 737, 738, 739, 740, 741, 742, 743, 744, 745, 746, 747, 748, 749, 750, 751, 752, 753, 754, 755, 756, 757, 758, 759, 760, 761, 762, 763, 764, 765, 766, 767, 768, 769, 770, 771, 772, 773, 774, 775, 776, 777, 778, 779, 780, 781, 782, 783, 784, 785, 786, 787, 788, 789, 790, 791, 792, 793]","[163, 168, 205, 253, 313, 635, 675, 716, 771]","[163, 205, 253, 313, 635, 675, 716, 771]","[16, 125, 156, 163, 168, 184, 205, 222, 229, 253, 258, 265, 313, 317, 336, 340, 341, 356, 363, 365, 366, 367, 370, 375, 388, 391, 394, 396, 402, 410, 411, 412, 413, 415, 416, 417, 418, 419, 425, 429, 431, 433, 435, 437, 440, 441, 442, 443, 451, 452, 456, 457, 458, 460, 461, 464, 471, 473, 474, 475, 481, 482, 501, 596, 628, 635, 655, 675, 693, 716, 720, 725, 771, 775, 793, 796, 797, 811, 817, 818, 820, 825, 838, 841, 844, 846, 851, 857, 861, 862, 863, 864, 866, 867, 868, 870, 871, 877, 881, 883, 885, 888, 891, 892, 893, 898, 899, 904, 905, 907, 908, 911, 918, 920, 921, 922, 923, 924, 926, 931, 933]","[15, 16, 65, 66, 67, 68, 69, 70, 71, 72, 73, 74, 75, 76, 77, 78, 80, 151, 244, 245, 246, 247, 248, 249, 250, 251, 252, 253, 254, 255, 256, 257, 258, 259, 260, 280, 340, 373, 374, 375, 376, 377, 459, 460, 461, 462, 500, 501, 539, 540, 541, 542, 543, 544, 545, 546, 547, 548, 549, 550, 552, 622, 708, 709, 710, 711, 712, 713, 714, 715, 716, 717, 718, 719, 720, 739, 796, 823, 824, 825, 826, 827, 906, 907, 908, 909]","[15, 16, 65, 66, 67, 68, 69, 70, 71, 72, 73, 74, 75, 76, 80, 151, 245, 246, 247, 248, 249, 250, 251, 252, 253, 254, 255, 256, 257, 258, 259, 280, 340, 373, 374, 375, 376, 377, 459, 460, 461, 462, 500, 501, 539, 540, 541, 542, 543, 544, 545, 546, 547, 548, 549, 550, 552, 622, 708, 709, 710, 711, 712, 713, 714, 715, 716, 717, 718, 719, 720, 739, 796, 823, 824, 825, 826, 827, 906, 907, 908, 909]",7/6 successful match,True,[446],True,724,False,,,,,
"Barstow , 92311 Pilot Travel Center # 282",760-253-2861 I-15 Exit 178 ( Lenwood Rd NE ),MO,Barstow,92311,Pilot Travel Center # 282,760-253-2861,2007,Barstow,CA,Pilot,( Lenwood Rd NE ),I-15 Exit 178 ,Exit,178,False,,False,I-15,,,,,"[716, 253]","[163, 168, 205, 253, 313, 635, 675, 716, 771]","[163, 168, 205, 253, 313, 635, 675, 716, 771]","[163, 205, 253, 313, 635, 675, 716, 771]","[103, 104, 105, 106, 107, 108, 109, 110, 111, 112, 113, 114, 115, 116, 117, 118, 119, 120, 121, 122, 123, 124, 125, 126, 127, 128, 129, 130, 131, 132, 133, 134, 135, 136, 137, 138, 139, 140, 141, 142, 143, 144, 145, 146, 147, 148, 149, 150, 151, 152, 153, 154, 155, 156, 157, 158, 159, 160, 161, 162, 163, 164, 165, 166, 167, 168, 169, 170, 171, 172, 173, 174, 175, 176, 177, 178, 179, 180, 181, 182, 183, 184, 185, 186, 187, 188, 189, 190, 191, 192, 193, 194, 195, 196, 197, 198, 199, 200, 201, 202, 203, 204, 205, 206, 207, 208, 209, 210, 211, 212, 213, 214, 215, 216, 217, 218, 219, 220, 221, 222, 223, 224, 225, 226, 227, 228, 229, 230, 231, 232, 233, 234, 235, 236, 237, 238, 239, 240, 241, 242, 243, 244, 245, 246, 247, 248, 249, 250, 251, 252, 253, 254, 255, 256, 257, 258, 259, 260, 261, 262, 263, 264, 265, 266, 267, 268, 269, 270, 271, 272, 273, 274, 275, 276, 277, 278, 279, 280, 281, 282, 283, 284, 285, 286, 287, 288, 289, 290, 291, 292, 293, 294, 295, 296, 297, 298, 299, 300, 301, 302, 303, 304, 305, 306, 307, 308, 309, 310, 311, 312, 313, 314, 315, 316, 317, 318, 319, 320, 321, 322, 323, 324, 325, 326, 327, 328, 329, 330, 331, 332, 333, 334, 335, 336, 337, 574, 575, 576, 577, 578, 579, 580, 581, 582, 583, 584, 585, 586, 587, 588, 589, 590, 591, 592, 593, 594, 595, 596, 597, 598, 599, 600, 601, 602, 603, 604, 605, 606, 607, 608, 609, 610, 611, 612, 613, 614, 615, 616, 617, 618, 619, 620, 621, 622, 623, 624, 625, 626, 627, 628, 629, 630, 631, 632, 633, 634, 635, 636, 637, 638, 639, 640, 641, 642, 643, 644, 645, 646, 647, 648, 649, 650, 651, 652, 653, 654, 655, 656, 657, 658, 659, 660, 661, 662, 663, 664, 665, 666, 667, 668, 669, 670, 671, 672, 673, 674, 675, 676, 677, 678, 679, 680, 681, 682, 683, 684, 685, 686, 687, 688, 689, 690, 691, 692, 693, 694, 695, 696, 697, 698, 699, 700, 701, 702, 703, 704, 705, 706, 707, 708, 709, 710, 711, 712, 713, 714, 715, 716, 717, 718, 719, 720, 721, 722, 723, 724, 725, 726, 727, 728, 729, 730, 731, 732, 733, 734, 735, 736, 737, 738, 739, 740, 741, 742, 743, 744, 745, 746, 747, 748, 749, 750, 751, 752, 753, 754, 755, 756, 757, 758, 759, 760, 761, 762, 763, 764, 765, 766, 767, 768, 769, 770, 771, 772, 773, 774, 775, 776, 777, 778, 779, 780, 781, 782, 783, 784, 785, 786, 787, 788, 789, 790, 791, 792, 793]","[16, 125, 156, 163, 168, 184, 205, 222, 229, 253, 258, 265, 313, 317, 336, 340, 341, 356, 363, 365, 366, 367, 370, 375, 388, 391, 394, 396, 402, 410, 411, 412, 413, 415, 416, 417, 418, 419, 425, 429, 431, 433, 435, 437, 440, 441, 442, 443, 451, 452, 456, 457, 458, 460, 461, 464, 471, 473, 474, 475, 481, 482, 501, 596, 628, 635, 655, 675, 693, 716, 720, 725, 771, 775, 793, 796, 797, 811, 817, 818, 820, 825, 838, 841, 844, 846, 851, 857, 861, 862, 863, 864, 866, 867, 868, 870, 871, 877, 881, 883, 885, 888, 891, 892, 893, 898, 899, 904, 905, 907, 908, 911, 918, 920, 921, 922, 923, 924, 926, 931, 933]","[15, 16, 65, 66, 67, 68, 69, 70, 71, 72, 73, 74, 75, 76, 80, 151, 245, 246, 247, 248, 249, 250, 251, 252, 253, 254, 255, 256, 257, 258, 259, 280, 340, 373, 374, 375, 376, 377, 459, 460, 461, 462, 500, 501, 539, 540, 541, 542, 543, 544, 545, 546, 547, 548, 549, 550, 552, 622, 708, 709, 710, 711, 712, 713, 714, 715, 716, 717, 718, 719, 720, 739, 796, 823, 824, 825, 826, 827, 906, 907, 908, 909]","[15, 16, 65, 66, 67, 68, 69, 70, 71, 72, 73, 74, 75, 76, 77, 78, 80, 151, 244, 245, 246, 247, 248, 249, 250, 251, 252, 253, 254, 255, 256, 257, 258, 259, 260, 280, 340, 373, 374, 375, 376, 377, 459, 460, 461, 462, 500, 501, 539, 540, 541, 542, 543, 544, 545, 546, 547, 548, 549, 550, 552, 622, 708, 709, 710, 711, 712, 713, 714, 715, 716, 717, 718, 719, 720, 739, 796, 823, 824, 825, 826, 827, 906, 907, 908, 909]","[15, 16, 65, 66, 67, 68, 69, 70, 71, 72, 73, 74, 75, 76, 77, 78, 80, 103, 104, 105, 106, 107, 108, 109, 110, 111, 112, 113, 114, 115, 116, 117, 118, 119, 120, 121, 122, 123, 124, 125, 126, 127, 128, 129, 130, 131, 132, 133, 134, 135, 136, 137, 138, 139, 140, 141, 142, 143, 144, 145, 146, 147, 148, 149, 150, 151, 152, 153, 154, 155, 156, 157, 158, 159, 160, 161, 162, 163, 164, 165, 166, 167, 168, 169, 170, 171, 172, 173, 174, 175, 176, 177, 178, 179, 180, 181, 182, 183, 184, 185, 186, 187, 188, 189, 190, 191, 192, 193, 194, 195, 196, 197, 198, 199, 200, 201, 202, 203, 204, 205, 206, 207, 208, 209, 210, 211, 212, 213, 214, 215, 216, 217, 218, 219, 220, 221, 222, 223, 224, 225, 226, 227, 228, 229, 230, 231, 232, 233, 234, 235, 236, 237, 238, 239, 240, 241, 242, 243, 244, 245, 246, 247, 248, 249, 250, 251, 252, 253, 254, 255, 256, 257, 258, 259, 260, 261, 262, 263, 264, 265, 266, 267, 268, 269, 270, 271, 272, 273, 274, 275, 276, 277, 278, 279, 280, 281, 282, 283, 284, 285, 286, 287, 288, 289, 290, 291, 292, 293, 294, 295, 296, 297, 298, 299, 300, 301, 302, 303, 304, 305, 306, 307, 308, 309, 310, 311, 312, 313, 314, 315, 316, 317, 318, 319, 320, 321, 322, 323, 324, 325, 326, 327, 328, 329, 330, 331, 332, 333, 334, 335, 336, 337, 340, 341, 356, 363, 365, 366, 367, 370, 373, 374, 375, 376, 377, 388, 391, 394, 396, 402, 410, 411, 412, 413, 415, 416, 417, 418, 419, 425, 429, 431, 433, 435, 437, 440, 441, 442, 443, 451, 452, 456, 457, 458, 459, 460, 461, 462, 464, 471, 473, 474, 475, 481, 482, 500, 501, 539, 540, 541, 542, 543, 544, 545, 546, 547, 548, 549, 550, 552, 574, 575, 576, 577, 578, 579, 580, 581, 582, 583, 584, 585, 586, 587, 588, 589, 590, 591, 592, 593, 594, 595, 596, 597, 598, 599, 600, 601, 602, 603, 604, 605, 606, 607, 608, 609, 610, 611, 612, 613, 614, 615, 616, 617, 618, 619, 620, 621, 622, 623, 624, 625, 626, 627, 628, 629, 630, 631, 632, 633, 634, 635, 636, 637, 638, 639, 640, 641, 642, 643, 644, 645, 646, 647, 648, 649, 650, 651, 652, 653, 654, 655, 656, 657, 658, 659, 660, 661, 662, 663, 664, 665, 666, 667, 668, 669, 670, 671, 672, 673, 674, 675, 676, 677, 678, 679, 680, 681, 682, 683, 684, 685, 686, 687, 688, 689, 690, 691, 692, 693, 694, 695, 696, 697, 698, 699, 700, 701, 702, 703, 704, 705, 706, 707, 708, 709, 710, 711, 712, 713, 714, 715, 716, 717, 718, 719, 720, 721, 722, 723, 724, 725, 726, 727, 728, 729, 730, 731, 732, 733, 734, 735, 736, 737, 738, 739, 740, 741, 742, 743, 744, 745, 746, 747, 748, 749, 750, 751, 752, 753, 754, 755, 756, 757, 758, 759, 760, 761, 762, 763, 764, 765, 766, 767, 768, 769, 770, 771, 772, 773, 774, 775, 776, 777, 778, 779, 780, 781, 782, 783, 784, 785, 786, 787, 788, 789, 790, 791, 792, 793, 796, 797, 811, 817, 818, 820, 823, 824, 825, 826, 827, 838, 841, 844, 846, 851, 857, 861, 862, 863, 864, 866, 867, 868, 870, 871, 877, 881, 883, 885, 888, 891, 892, 893, 898, 899, 904, 905, 906, 907, 908, 909, 911, 918, 920, 921, 922, 923, 924, 926, 931, 933]",True,"[163, 168, 205, 253, 313, 635, 675, 716, 771]","[103, 104, 105, 106, 107, 108, 109, 110, 111, 112, 113, 114, 115, 116, 117, 118, 119, 120, 121, 122, 123, 124, 125, 126, 127, 128, 129, 130, 131, 132, 133, 134, 135, 136, 137, 138, 139, 140, 141, 142, 143, 144, 145, 146, 147, 148, 149, 150, 151, 152, 153, 154, 155, 156, 157, 158, 159, 160, 161, 162, 163, 164, 165, 166, 167, 168, 169, 170, 171, 172, 173, 174, 175, 176, 177, 178, 179, 180, 181, 182, 183, 184, 185, 186, 187, 188, 189, 190, 191, 192, 193, 194, 195, 196, 197, 198, 199, 200, 201, 202, 203, 204, 205, 206, 207, 208, 209, 210, 211, 212, 213, 214, 215, 216, 217, 218, 219, 220, 221, 222, 223, 224, 225, 226, 227, 228, 229, 230, 231, 232, 233, 234, 235, 236, 237, 238, 239, 240, 241, 242, 243, 244, 245, 246, 247, 248, 249, 250, 251, 252, 253, 254, 255, 256, 257, 258, 259, 260, 261, 262, 263, 264, 265, 266, 267, 268, 269, 270, 271, 272, 273, 274, 275, 276, 277, 278, 279, 280, 281, 282, 283, 284, 285, 286, 287, 288, 289, 290, 291, 292, 293, 294, 295, 296, 297, 298, 299, 300, 301, 302, 303, 304, 305, 306, 307, 308, 309, 310, 311, 312, 313, 314, 315, 316, 317, 318, 319, 320, 321, 322, 323, 324, 325, 326, 327, 328, 329, 330, 331, 332, 333, 334, 335, 336, 337, 574, 575, 576, 577, 578, 579, 580, 581, 582, 583, 584, 585, 586, 587, 588, 589, 590, 591, 592, 593, 594, 595, 596, 597, 598, 599, 600, 601, 602, 603, 604, 605, 606, 607, 608, 609, 610, 611, 612, 613, 614, 615, 616, 617, 618, 619, 620, 621, 622, 623, 624, 625, 626, 627, 628, 629, 630, 631, 632, 633, 634, 635, 636, 637, 638, 639, 640, 641, 642, 643, 644, 645, 646, 647, 648, 649, 650, 651, 652, 653, 654, 655, 656, 657, 658, 659, 660, 661, 662, 663, 664, 665, 666, 667, 668, 669, 670, 671, 672, 673, 674, 675, 676, 677, 678, 679, 680, 681, 682, 683, 684, 685, 686, 687, 688, 689, 690, 691, 692, 693, 694, 695, 696, 697, 698, 699, 700, 701, 702, 703, 704, 705, 706, 707, 708, 709, 710, 711, 712, 713, 714, 715, 716, 717, 718, 719, 720, 721, 722, 723, 724, 725, 726, 727, 728, 729, 730, 731, 732, 733, 734, 735, 736, 737, 738, 739, 740, 741, 742, 743, 744, 745, 746, 747, 748, 749, 750, 751, 752, 753, 754, 755, 756, 757, 758, 759, 760, 761, 762, 763, 764, 765, 766, 767, 768, 769, 770, 771, 772, 773, 774, 775, 776, 777, 778, 779, 780, 781, 782, 783, 784, 785, 786, 787, 788, 789, 790, 791, 792, 793]","[163, 168, 205, 253, 313, 635, 675, 716, 771]","[163, 205, 253, 313, 635, 675, 716, 771]","[16, 125, 156, 163, 168, 184, 205, 222, 229, 253, 258, 265, 313, 317, 336, 340, 341, 356, 363, 365, 366, 367, 370, 375, 388, 391, 394, 396, 402, 410, 411, 412, 413, 415, 416, 417, 418, 419, 425, 429, 431, 433, 435, 437, 440, 441, 442, 443, 451, 452, 456, 457, 458, 460, 461, 464, 471, 473, 474, 475, 481, 482, 501, 596, 628, 635, 655, 675, 693, 716, 720, 725, 771, 775, 793, 796, 797, 811, 817, 818, 820, 825, 838, 841, 844, 846, 851, 857, 861, 862, 863, 864, 866, 867, 868, 870, 871, 877, 881, 883, 885, 888, 891, 892, 893, 898, 899, 904, 905, 907, 908, 911, 918, 920, 921, 922, 923, 924, 926, 931, 933]","[15, 16, 65, 66, 67, 68, 69, 70, 71, 72, 73, 74, 75, 76, 77, 78, 80, 151, 244, 245, 246, 247, 248, 249, 250, 251, 252, 253, 254, 255, 256, 257, 258, 259, 260, 280, 340, 373, 374, 375, 376, 377, 459, 460, 461, 462, 500, 501, 539, 540, 541, 542, 543, 544, 545, 546, 547, 548, 549, 550, 552, 622, 708, 709, 710, 711, 712, 713, 714, 715, 716, 717, 718, 719, 720, 739, 796, 823, 824, 825, 826, 827, 906, 907, 908, 909]","[15, 16, 65, 66, 67, 68, 69, 70, 71, 72, 73, 74, 75, 76, 80, 151, 245, 246, 247, 248, 249, 250, 251, 252, 253, 254, 255, 256, 257, 258, 259, 280, 340, 373, 374, 375, 376, 377, 459, 460, 461, 462, 500, 501, 539, 540, 541, 542, 543, 544, 545, 546, 547, 548, 549, 550, 552, 622, 708, 709, 710, 711, 712, 713, 714, 715, 716, 717, 718, 719, 720, 739, 796, 823, 824, 825, 826, 827, 906, 907, 908, 909]",7/6 successful match,True,[446],True,724,False,,1.0,True,Pilot Travel Center # 282,Pilot
H Barstow ( 92311 ) Pilot Travel Center # 282,5 760-253-2861 I-15 Exit 178 ( Lenwood Rd NE ),PROE 24 <U+25A1> Ma,Barstow,92311,Pilot Travel Center # 282,760-253-2861,2014,Barstow,CA,Pilot,( Lenwood Rd NE ),I-15 Exit 178 ,Exit,178,False,,False,I-15,,,,,"[716, 253]","[163, 168, 205, 253, 313, 635, 675, 716, 771]","[163, 168, 205, 253, 313, 635, 675, 716, 771]","[163, 205, 253, 313, 635, 675, 716, 771]","[103, 104, 105, 106, 107, 108, 109, 110, 111, 112, 113, 114, 115, 116, 117, 118, 119, 120, 121, 122, 123, 124, 125, 126, 127, 128, 129, 130, 131, 132, 133, 134, 135, 136, 137, 138, 139, 140, 141, 142, 143, 144, 145, 146, 147, 148, 149, 150, 151, 152, 153, 154, 155, 156, 157, 158, 159, 160, 161, 162, 163, 164, 165, 166, 167, 168, 169, 170, 171, 172, 173, 174, 175, 176, 177, 178, 179, 180, 181, 182, 183, 184, 185, 186, 187, 188, 189, 190, 191, 192, 193, 194, 195, 196, 197, 198, 199, 200, 201, 202, 203, 204, 205, 206, 207, 208, 209, 210, 211, 212, 213, 214, 215, 216, 217, 218, 219, 220, 221, 222, 223, 224, 225, 226, 227, 228, 229, 230, 231, 232, 233, 234, 235, 236, 237, 238, 239, 240, 241, 242, 243, 244, 245, 246, 247, 248, 249, 250, 251, 252, 253, 254, 255, 256, 257, 258, 259, 260, 261, 262, 263, 264, 265, 266, 267, 268, 269, 270, 271, 272, 273, 274, 275, 276, 277, 278, 279, 280, 281, 282, 283, 284, 285, 286, 287, 288, 289, 290, 291, 292, 293, 294, 295, 296, 297, 298, 299, 300, 301, 302, 303, 304, 305, 306, 307, 308, 309, 310, 311, 312, 313, 314, 315, 316, 317, 318, 319, 320, 321, 322, 323, 324, 325, 326, 327, 328, 329, 330, 331, 332, 333, 334, 335, 336, 337, 574, 575, 576, 577, 578, 579, 580, 581, 582, 583, 584, 585, 586, 587, 588, 589, 590, 591, 592, 593, 594, 595, 596, 597, 598, 599, 600, 601, 602, 603, 604, 605, 606, 607, 608, 609, 610, 611, 612, 613, 614, 615, 616, 617, 618, 619, 620, 621, 622, 623, 624, 625, 626, 627, 628, 629, 630, 631, 632, 633, 634, 635, 636, 637, 638, 639, 640, 641, 642, 643, 644, 645, 646, 647, 648, 649, 650, 651, 652, 653, 654, 655, 656, 657, 658, 659, 660, 661, 662, 663, 664, 665, 666, 667, 668, 669, 670, 671, 672, 673, 674, 675, 676, 677, 678, 679, 680, 681, 682, 683, 684, 685, 686, 687, 688, 689, 690, 691, 692, 693, 694, 695, 696, 697, 698, 699, 700, 701, 702, 703, 704, 705, 706, 707, 708, 709, 710, 711, 712, 713, 714, 715, 716, 717, 718, 719, 720, 721, 722, 723, 724, 725, 726, 727, 728, 729, 730, 731, 732, 733, 734, 735, 736, 737, 738, 739, 740, 741, 742, 743, 744, 745, 746, 747, 748, 749, 750, 751, 752, 753, 754, 755, 756, 757, 758, 759, 760, 761, 762, 763, 764, 765, 766, 767, 768, 769, 770, 771, 772, 773, 774, 775, 776, 777, 778, 779, 780, 781, 782, 783, 784, 785, 786, 787, 788, 789, 790, 791, 792, 793]","[16, 125, 156, 163, 168, 184, 205, 222, 229, 253, 258, 265, 313, 317, 336, 340, 341, 356, 363, 365, 366, 367, 370, 375, 388, 391, 394, 396, 402, 410, 411, 412, 413, 415, 416, 417, 418, 419, 425, 429, 431, 433, 435, 437, 440, 441, 442, 443, 451, 452, 456, 457, 458, 460, 461, 464, 471, 473, 474, 475, 481, 482, 501, 596, 628, 635, 655, 675, 693, 716, 720, 725, 771, 775, 793, 796, 797, 811, 817, 818, 820, 825, 838, 841, 844, 846, 851, 857, 861, 862, 863, 864, 866, 867, 868, 870, 871, 877, 881, 883, 885, 888, 891, 892, 893, 898, 899, 904, 905, 907, 908, 911, 918, 920, 921, 922, 923, 924, 926, 931, 933]","[15, 16, 65, 66, 67, 68, 69, 70, 71, 72, 73, 74, 75, 76, 80, 151, 245, 246, 247, 248, 249, 250, 251, 252, 253, 254, 255, 256, 257, 258, 259, 280, 340, 373, 374, 375, 376, 377, 459, 460, 461, 462, 500, 501, 539, 540, 541, 542, 543, 544, 545, 546, 547, 548, 549, 550, 552, 622, 708, 709, 710, 711, 712, 713, 714, 715, 716, 717, 718, 719, 720, 739, 796, 823, 824, 825, 826, 827, 906, 907, 908, 909]","[15, 16, 65, 66, 67, 68, 69, 70, 71, 72, 73, 74, 75, 76, 77, 78, 80, 151, 244, 245, 246, 247, 248, 249, 250, 251, 252, 253, 254, 255, 256, 257, 258, 259, 260, 280, 340, 373, 374, 375, 376, 377, 459, 460, 461, 462, 500, 501, 539, 540, 541, 542, 543, 544, 545, 546, 547, 548, 549, 550, 552, 622, 708, 709, 710, 711, 712, 713, 714, 715, 716, 717, 718, 719, 720, 739, 796, 823, 824, 825, 826, 827, 906, 907, 908, 909]","[15, 16, 65, 66, 67, 68, 69, 70, 71, 72, 73, 74, 75, 76, 77, 78, 80, 103, 104, 105, 106, 107, 108, 109, 110, 111, 112, 113, 114, 115, 116, 117, 118, 119, 120, 121, 122, 123, 124, 125, 126, 127, 128, 129, 130, 131, 132, 133, 134, 135, 136, 137, 138, 139, 140, 141, 142, 143, 144, 145, 146, 147, 148, 149, 150, 151, 152, 153, 154, 155, 156, 157, 158, 159, 160, 161, 162, 163, 164, 165, 166, 167, 168, 169, 170, 171, 172, 173, 174, 175, 176, 177, 178, 179, 180, 181, 182, 183, 184, 185, 186, 187, 188, 189, 190, 191, 192, 193, 194, 195, 196, 197, 198, 199, 200, 201, 202, 203, 204, 205, 206, 207, 208, 209, 210, 211, 212, 213, 214, 215, 216, 217, 218, 219, 220, 221, 222, 223, 224, 225, 226, 227, 228, 229, 230, 231, 232, 233, 234, 235, 236, 237, 238, 239, 240, 241, 242, 243, 244, 245, 246, 247, 248, 249, 250, 251, 252, 253, 254, 255, 256, 257, 258, 259, 260, 261, 262, 263, 264, 265, 266, 267, 268, 269, 270, 271, 272, 273, 274, 275, 276, 277, 278, 279, 280, 281, 282, 283, 284, 285, 286, 287, 288, 289, 290, 291, 292, 293, 294, 295, 296, 297, 298, 299, 300, 301, 302, 303, 304, 305, 306, 307, 308, 309, 310, 311, 312, 313, 314, 315, 316, 317, 318, 319, 320, 321, 322, 323, 324, 325, 326, 327, 328, 329, 330, 331, 332, 333, 334, 335, 336, 337, 340, 341, 356, 363, 365, 366, 367, 370, 373, 374, 375, 376, 377, 388, 391, 394, 396, 402, 410, 411, 412, 413, 415, 416, 417, 418, 419, 425, 429, 431, 433, 435, 437, 440, 441, 442, 443, 451, 452, 456, 457, 458, 459, 460, 461, 462, 464, 471, 473, 474, 475, 481, 482, 500, 501, 539, 540, 541, 542, 543, 544, 545, 546, 547, 548, 549, 550, 552, 574, 575, 576, 577, 578, 579, 580, 581, 582, 583, 584, 585, 586, 587, 588, 589, 590, 591, 592, 593, 594, 595, 596, 597, 598, 599, 600, 601, 602, 603, 604, 605, 606, 607, 608, 609, 610, 611, 612, 613, 614, 615, 616, 617, 618, 619, 620, 621, 622, 623, 624, 625, 626, 627, 628, 629, 630, 631, 632, 633, 634, 635, 636, 637, 638, 639, 640, 641, 642, 643, 644, 645, 646, 647, 648, 649, 650, 651, 652, 653, 654, 655, 656, 657, 658, 659, 660, 661, 662, 663, 664, 665, 666, 667, 668, 669, 670, 671, 672, 673, 674, 675, 676, 677, 678, 679, 680, 681, 682, 683, 684, 685, 686, 687, 688, 689, 690, 691, 692, 693, 694, 695, 696, 697, 698, 699, 700, 701, 702, 703, 704, 705, 706, 707, 708, 709, 710, 711, 712, 713, 714, 715, 716, 717, 718, 719, 720, 721, 722, 723, 724, 725, 726, 727, 728, 729, 730, 731, 732, 733, 734, 735, 736, 737, 738, 739, 740, 741, 742, 743, 744, 745, 746, 747, 748, 749, 750, 751, 752, 753, 754, 755, 756, 757, 758, 759, 760, 761, 762, 763, 764, 765, 766, 767, 768, 769, 770, 771, 772, 773, 774, 775, 776, 777, 778, 779, 780, 781, 782, 783, 784, 785, 786, 787, 788, 789, 790, 791, 792, 793, 796, 797, 811, 817, 818, 820, 823, 824, 825, 826, 827, 838, 841, 844, 846, 851, 857, 861, 862, 863, 864, 866, 867, 868, 870, 871, 877, 881, 883, 885, 888, 891, 892, 893, 898, 899, 904, 905, 906, 907, 908, 909, 911, 918, 920, 921, 922, 923, 924, 926, 931, 933]",True,"[163, 168, 205, 253, 313, 635, 675, 716, 771]","[103, 104, 105, 106, 107, 108, 109, 110, 111, 112, 113, 114, 115, 116, 117, 118, 119, 120, 121, 122, 123, 124, 125, 126, 127, 128, 129, 130, 131, 132, 133, 134, 135, 136, 137, 138, 139, 140, 141, 142, 143, 144, 145, 146, 147, 148, 149, 150, 151, 152, 153, 154, 155, 156, 157, 158, 159, 160, 161, 162, 163, 164, 165, 166, 167, 168, 169, 170, 171, 172, 173, 174, 175, 176, 177, 178, 179, 180, 181, 182, 183, 184, 185, 186, 187, 188, 189, 190, 191, 192, 193, 194, 195, 196, 197, 198, 199, 200, 201, 202, 203, 204, 205, 206, 207, 208, 209, 210, 211, 212, 213, 214, 215, 216, 217, 218, 219, 220, 221, 222, 223, 224, 225, 226, 227, 228, 229, 230, 231, 232, 233, 234, 235, 236, 237, 238, 239, 240, 241, 242, 243, 244, 245, 246, 247, 248, 249, 250, 251, 252, 253, 254, 255, 256, 257, 258, 259, 260, 261, 262, 263, 264, 265, 266, 267, 268, 269, 270, 271, 272, 273, 274, 275, 276, 277, 278, 279, 280, 281, 282, 283, 284, 285, 286, 287, 288, 289, 290, 291, 292, 293, 294, 295, 296, 297, 298, 299, 300, 301, 302, 303, 304, 305, 306, 307, 308, 309, 310, 311, 312, 313, 314, 315, 316, 317, 318, 319, 320, 321, 322, 323, 324, 325, 326, 327, 328, 329, 330, 331, 332, 333, 334, 335, 336, 337, 574, 575, 576, 577, 578, 579, 580, 581, 582, 583, 584, 585, 586, 587, 588, 589, 590, 591, 592, 593, 594, 595, 596, 597, 598, 599, 600, 601, 602, 603, 604, 605, 606, 607, 608, 609, 610, 611, 612, 613, 614, 615, 616, 617, 618, 619, 620, 621, 622, 623, 624, 625, 626, 627, 628, 629, 630, 631, 632, 633, 634, 635, 636, 637, 638, 639, 640, 641, 642, 643, 644, 645, 646, 647, 648, 649, 650, 651, 652, 653, 654, 655, 656, 657, 658, 659, 660, 661, 662, 663, 664, 665, 666, 667, 668, 669, 670, 671, 672, 673, 674, 675, 676, 677, 678, 679, 680, 681, 682, 683, 684, 685, 686, 687, 688, 689, 690, 691, 692, 693, 694, 695, 696, 697, 698, 699, 700, 701, 702, 703, 704, 705, 706, 707, 708, 709, 710, 711, 712, 713, 714, 715, 716, 717, 718, 719, 720, 721, 722, 723, 724, 725, 726, 727, 728, 729, 730, 731, 732, 733, 734, 735, 736, 737, 738, 739, 740, 741, 742, 743, 744, 745, 746, 747, 748, 749, 750, 751, 752, 753, 754, 755, 756, 757, 758, 759, 760, 761, 762, 763, 764, 765, 766, 767, 768, 769, 770, 771, 772, 773, 774, 775, 776, 777, 778, 779, 780, 781, 782, 783, 784, 785, 786, 787, 788, 789, 790, 791, 792, 793]","[163, 168, 205, 253, 313, 635, 675, 716, 771]","[163, 205, 253, 313, 635, 675, 716, 771]","[16, 125, 156, 163, 168, 184, 205, 222, 229, 253, 258, 265, 313, 317, 336, 340, 341, 356, 363, 365, 366, 367, 370, 375, 388, 391, 394, 396, 402, 410, 411, 412, 413, 415, 416, 417, 418, 419, 425, 429, 431, 433, 435, 437, 440, 441, 442, 443, 451, 452, 456, 457, 458, 460, 461, 464, 471, 473, 474, 475, 481, 482, 501, 596, 628, 635, 655, 675, 693, 716, 720, 725, 771, 775, 793, 796, 797, 811, 817, 818, 820, 825, 838, 841, 844, 846, 851, 857, 861, 862, 863, 864, 866, 867, 868, 870, 871, 877, 881, 883, 885, 888, 891, 892, 893, 898, 899, 904, 905, 907, 908, 911, 918, 920, 921, 922, 923, 924, 926, 931, 933]","[15, 16, 65, 66, 67, 68, 69, 70, 71, 72, 73, 74, 75, 76, 77, 78, 80, 151, 244, 245, 246, 247, 248, 249, 250, 251, 252, 253, 254, 255, 256, 257, 258, 259, 260, 280, 340, 373, 374, 375, 376, 377, 459, 460, 461, 462, 500, 501, 539, 540, 541, 542, 543, 544, 545, 546, 547, 548, 549, 550, 552, 622, 708, 709, 710, 711, 712, 713, 714, 715, 716, 717, 718, 719, 720, 739, 796, 823, 824, 825, 826, 827, 906, 907, 908, 909]","[15, 16, 65, 66, 67, 68, 69, 70, 71, 72, 73, 74, 75, 76, 80, 151, 245, 246, 247, 248, 249, 250, 251, 252, 253, 254, 255, 256, 257, 258, 259, 280, 340, 373, 374, 375, 376, 377, 459, 460, 461, 462, 500, 501, 539, 540, 541, 542, 543, 544, 545, 546, 547, 548, 549, 550, 552, 622, 708, 709, 710, 711, 712, 713, 714, 715, 716, 717, 718, 719, 720, 739, 796, 823, 824, 825, 826, 827, 906, 907, 908, 909]",7/6 successful match,True,[446],True,725,False,,,,,
Barstow ( 92311 ) Pilot Travel Center # 282 ),760-253-2861 I-15 Exit 178 ( Lenwood Rd NE ) pilot,pilot 24 M,Barstow,92311,Pilot Travel Center # 282 ),760-253-2861,2015,Barstow,CA,Pilot,( Lenwood Rd NE ) pilot,I-15 Exit 178 ,Exit,178,False,,False,I-15,,,,,"[716, 253]","[163, 168, 205, 253, 313, 635, 675, 716, 771]","[163, 168, 205, 253, 313, 635, 675, 716, 771]","[163, 205, 253, 313, 635, 675, 716, 771]","[103, 104, 105, 106, 107, 108, 109, 110, 111, 112, 113, 114, 115, 116, 117, 118, 119, 120, 121, 122, 123, 124, 125, 126, 127, 128, 129, 130, 131, 132, 133, 134, 135, 136, 137, 138, 139, 140, 141, 142, 143, 144, 145, 146, 147, 148, 149, 150, 151, 152, 153, 154, 155, 156, 157, 158, 159, 160, 161, 162, 163, 164, 165, 166, 167, 168, 169, 170, 171, 172, 173, 174, 175, 176, 177, 178, 179, 180, 181, 182, 183, 184, 185, 186, 187, 188, 189, 190, 191, 192, 193, 194, 195, 196, 197, 198, 199, 200, 201, 202, 203, 204, 205, 206, 207, 208, 209, 210, 211, 212, 213, 214, 215, 216, 217, 218, 219, 220, 221, 222, 223, 224, 225, 226, 227, 228, 229, 230, 231, 232, 233, 234, 235, 236, 237, 238, 239, 240, 241, 242, 243, 244, 245, 246, 247, 248, 249, 250, 251, 252, 253, 254, 255, 256, 257, 258, 259, 260, 261, 262, 263, 264, 265, 266, 267, 268, 269, 270, 271, 272, 273, 274, 275, 276, 277, 278, 279, 280, 281, 282, 283, 284, 285, 286, 287, 288, 289, 290, 291, 292, 293, 294, 295, 296, 297, 298, 299, 300, 301, 302, 303, 304, 305, 306, 307, 308, 309, 310, 311, 312, 313, 314, 315, 316, 317, 318, 319, 320, 321, 322, 323, 324, 325, 326, 327, 328, 329, 330, 331, 332, 333, 334, 335, 336, 337, 574, 575, 576, 577, 578, 579, 580, 581, 582, 583, 584, 585, 586, 587, 588, 589, 590, 591, 592, 593, 594, 595, 596, 597, 598, 599, 600, 601, 602, 603, 604, 605, 606, 607, 608, 609, 610, 611, 612, 613, 614, 615, 616, 617, 618, 619, 620, 621, 622, 623, 624, 625, 626, 627, 628, 629, 630, 631, 632, 633, 634, 635, 636, 637, 638, 639, 640, 641, 642, 643, 644, 645, 646, 647, 648, 649, 650, 651, 652, 653, 654, 655, 656, 657, 658, 659, 660, 661, 662, 663, 664, 665, 666, 667, 668, 669, 670, 671, 672, 673, 674, 675, 676, 677, 678, 679, 680, 681, 682, 683, 684, 685, 686, 687, 688, 689, 690, 691, 692, 693, 694, 695, 696, 697, 698, 699, 700, 701, 702, 703, 704, 705, 706, 707, 708, 709, 710, 711, 712, 713, 714, 715, 716, 717, 718, 719, 720, 721, 722, 723, 724, 725, 726, 727, 728, 729, 730, 731, 732, 733, 734, 735, 736, 737, 738, 739, 740, 741, 742, 743, 744, 745, 746, 747, 748, 749, 750, 751, 752, 753, 754, 755, 756, 757, 758, 759, 760, 761, 762, 763, 764, 765, 766, 767, 768, 769, 770, 771, 772, 773, 774, 775, 776, 777, 778, 779, 780, 781, 782, 783, 784, 785, 786, 787, 788, 789, 790, 791, 792, 793]","[16, 125, 156, 163, 168, 184, 205, 222, 229, 253, 258, 265, 313, 317, 336, 340, 341, 356, 363, 365, 366, 367, 370, 375, 388, 391, 394, 396, 402, 410, 411, 412, 413, 415, 416, 417, 418, 419, 425, 429, 431, 433, 435, 437, 440, 441, 442, 443, 451, 452, 456, 457, 458, 460, 461, 464, 471, 473, 474, 475, 481, 482, 501, 596, 628, 635, 655, 675, 693, 716, 720, 725, 771, 775, 793, 796, 797, 811, 817, 818, 820, 825, 838, 841, 844, 846, 851, 857, 861, 862, 863, 864, 866, 867, 868, 870, 871, 877, 881, 883, 885, 888, 891, 892, 893, 898, 899, 904, 905, 907, 908, 911, 918, 920, 921, 922, 923, 924, 926, 931, 933]","[15, 16, 65, 66, 67, 68, 69, 70, 71, 72, 73, 74, 75, 76, 80, 151, 245, 246, 247, 248, 249, 250, 251, 252, 253, 254, 255, 256, 257, 258, 259, 280, 340, 373, 374, 375, 376, 377, 459, 460, 461, 462, 500, 501, 539, 540, 541, 542, 543, 544, 545, 546, 547, 548, 549, 550, 552, 622, 708, 709, 710, 711, 712, 713, 714, 715, 716, 717, 718, 719, 720, 739, 796, 823, 824, 825, 826, 827, 906, 907, 908, 909]","[15, 16, 65, 66, 67, 68, 69, 70, 71, 72, 73, 74, 75, 76, 77, 78, 80, 151, 244, 245, 246, 247, 248, 249, 250, 251, 252, 253, 254, 255, 256, 257, 258, 259, 260, 280, 340, 373, 374, 375, 376, 377, 459, 460, 461, 462, 500, 501, 539, 540, 541, 542, 543, 544, 545, 546, 547, 548, 549, 550, 552, 622, 708, 709, 710, 711, 712, 713, 714, 715, 716, 717, 718, 719, 720, 739, 796, 823, 824, 825, 826, 827, 906, 907, 908, 909]","[15, 16, 65, 66, 67, 68, 69, 70, 71, 72, 73, 74, 75, 76, 77, 78, 80, 103, 104, 105, 106, 107, 108, 109, 110, 111, 112, 113, 114, 115, 116, 117, 118, 119, 120, 121, 122, 123, 124, 125, 126, 127, 128, 129, 130, 131, 132, 133, 134, 135, 136, 137, 138, 139, 140, 141, 142, 143, 144, 145, 146, 147, 148, 149, 150, 151, 152, 153, 154, 155, 156, 157, 158, 159, 160, 161, 162, 163, 164, 165, 166, 167, 168, 169, 170, 171, 172, 173, 174, 175, 176, 177, 178, 179, 180, 181, 182, 183, 184, 185, 186, 187, 188, 189, 190, 191, 192, 193, 194, 195, 196, 197, 198, 199, 200, 201, 202, 203, 204, 205, 206, 207, 208, 209, 210, 211, 212, 213, 214, 215, 216, 217, 218, 219, 220, 221, 222, 223, 224, 225, 226, 227, 228, 229, 230, 231, 232, 233, 234, 235, 236, 237, 238, 239, 240, 241, 242, 243, 244, 245, 246, 247, 248, 249, 250, 251, 252, 253, 254, 255, 256, 257, 258, 259, 260, 261, 262, 263, 264, 265, 266, 267, 268, 269, 270, 271, 272, 273, 274, 275, 276, 277, 278, 279, 280, 281, 282, 283, 284, 285, 286, 287, 288, 289, 290, 291, 292, 293, 294, 295, 296, 297, 298, 299, 300, 301, 302, 303, 304, 305, 306, 307, 308, 309, 310, 311, 312, 313, 314, 315, 316, 317, 318, 319, 320, 321, 322, 323, 324, 325, 326, 327, 328, 329, 330, 331, 332, 333, 334, 335, 336, 337, 340, 341, 356, 363, 365, 366, 367, 370, 373, 374, 375, 376, 377, 388, 391, 394, 396, 402, 410, 411, 412, 413, 415, 416, 417, 418, 419, 425, 429, 431, 433, 435, 437, 440, 441, 442, 443, 451, 452, 456, 457, 458, 459, 460, 461, 462, 464, 471, 473, 474, 475, 481, 482, 500, 501, 539, 540, 541, 542, 543, 544, 545, 546, 547, 548, 549, 550, 552, 574, 575, 576, 577, 578, 579, 580, 581, 582, 583, 584, 585, 586, 587, 588, 589, 590, 591, 592, 593, 594, 595, 596, 597, 598, 599, 600, 601, 602, 603, 604, 605, 606, 607, 608, 609, 610, 611, 612, 613, 614, 615, 616, 617, 618, 619, 620, 621, 622, 623, 624, 625, 626, 627, 628, 629, 630, 631, 632, 633, 634, 635, 636, 637, 638, 639, 640, 641, 642, 643, 644, 645, 646, 647, 648, 649, 650, 651, 652, 653, 654, 655, 656, 657, 658, 659, 660, 661, 662, 663, 664, 665, 666, 667, 668, 669, 670, 671, 672, 673, 674, 675, 676, 677, 678, 679, 680, 681, 682, 683, 684, 685, 686, 687, 688, 689, 690, 691, 692, 693, 694, 695, 696, 697, 698, 699, 700, 701, 702, 703, 704, 705, 706, 707, 708, 709, 710, 711, 712, 713, 714, 715, 716, 717, 718, 719, 720, 721, 722, 723, 724, 725, 726, 727, 728, 729, 730, 731, 732, 733, 734, 735, 736, 737, 738, 739, 740, 741, 742, 743, 744, 745, 746, 747, 748, 749, 750, 751, 752, 753, 754, 755, 756, 757, 758, 759, 760, 761, 762, 763, 764, 765, 766, 767, 768, 769, 770, 771, 772, 773, 774, 775, 776, 777, 778, 779, 780, 781, 782, 783, 784, 785, 786, 787, 788, 789, 790, 791, 792, 793, 796, 797, 811, 817, 818, 820, 823, 824, 825, 826, 827, 838, 841, 844, 846, 851, 857, 861, 862, 863, 864, 866, 867, 868, 870, 871, 877, 881, 883, 885, 888, 891, 892, 893, 898, 899, 904, 905, 906, 907, 908, 909, 911, 918, 920, 921, 922, 923, 924, 926, 931, 933]",True,"[163, 168, 205, 253, 313, 635, 675, 716, 771]","[103, 104, 105, 106, 107, 108, 109, 110, 111, 112, 113, 114, 115, 116, 117, 118, 119, 120, 121, 122, 123, 124, 125, 126, 127, 128, 129, 130, 131, 132, 133, 134, 135, 136, 137, 138, 139, 140, 141, 142, 143, 144, 145, 146, 147, 148, 149, 150, 151, 152, 153, 154, 155, 156, 157, 158, 159, 160, 161, 162, 163, 164, 165, 166, 167, 168, 169, 170, 171, 172, 173, 174, 175, 176, 177, 178, 179, 180, 181, 182, 183, 184, 185, 186, 187, 188, 189, 190, 191, 192, 193, 194, 195, 196, 197, 198, 199, 200, 201, 202, 203, 204, 205, 206, 207, 208, 209, 210, 211, 212, 213, 214, 215, 216, 217, 218, 219, 220, 221, 222, 223, 224, 225, 226, 227, 228, 229, 230, 231, 232, 233, 234, 235, 236, 237, 238, 239, 240, 241, 242, 243, 244, 245, 246, 247, 248, 249, 250, 251, 252, 253, 254, 255, 256, 257, 258, 259, 260, 261, 262, 263, 264, 265, 266, 267, 268, 269, 270, 271, 272, 273, 274, 275, 276, 277, 278, 279, 280, 281, 282, 283, 284, 285, 286, 287, 288, 289, 290, 291, 292, 293, 294, 295, 296, 297, 298, 299, 300, 301, 302, 303, 304, 305, 306, 307, 308, 309, 310, 311, 312, 313, 314, 315, 316, 317, 318, 319, 320, 321, 322, 323, 324, 325, 326, 327, 328, 329, 330, 331, 332, 333, 334, 335, 336, 337, 574, 575, 576, 577, 578, 579, 580, 581, 582, 583, 584, 585, 586, 587, 588, 589, 590, 591, 592, 593, 594, 595, 596, 597, 598, 599, 600, 601, 602, 603, 604, 605, 606, 607, 608, 609, 610, 611, 612, 613, 614, 615, 616, 617, 618, 619, 620, 621, 622, 623, 624, 625, 626, 627, 628, 629, 630, 631, 632, 633, 634, 635, 636, 637, 638, 639, 640, 641, 642, 643, 644, 645, 646, 647, 648, 649, 650, 651, 652, 653, 654, 655, 656, 657, 658, 659, 660, 661, 662, 663, 664, 665, 666, 667, 668, 669, 670, 671, 672, 673, 674, 675, 676, 677, 678, 679, 680, 681, 682, 683, 684, 685, 686, 687, 688, 689, 690, 691, 692, 693, 694, 695, 696, 697, 698, 699, 700, 701, 702, 703, 704, 705, 706, 707, 708, 709, 710, 711, 712, 713, 714, 715, 716, 717, 718, 719, 720, 721, 722, 723, 724, 725, 726, 727, 728, 729, 730, 731, 732, 733, 734, 735, 736, 737, 738, 739, 740, 741, 742, 743, 744, 745, 746, 747, 748, 749, 750, 751, 752, 753, 754, 755, 756, 757, 758, 759, 760, 761, 762, 763, 764, 765, 766, 767, 768, 769, 770, 771, 772, 773, 774, 775, 776, 777, 778, 779, 780, 781, 782, 783, 784, 785, 786, 787, 788, 789, 790, 791, 792, 793]","[163, 168, 205, 253, 313, 635, 675, 716, 771]","[163, 205, 253, 313, 635, 675, 716, 771]","[16, 125, 156, 163, 168, 184, 205, 222, 229, 253, 258, 265, 313, 317, 336, 340, 341, 356, 363, 365, 366, 367, 370, 375, 388, 391, 394, 396, 402, 410, 411, 412, 413, 415, 416, 417, 418, 419, 425, 429, 431, 433, 435, 437, 440, 441, 442, 443, 451, 452, 456, 457, 458, 460, 461, 464, 471, 473, 474, 475, 481, 482, 501, 596, 628, 635, 655, 675, 693, 716, 720, 725, 771, 775, 793, 796, 797, 811, 817, 818, 820, 825, 838, 841, 844, 846, 851, 857, 861, 862, 863, 864, 866, 867, 868, 870, 871, 877, 881, 883, 885, 888, 891, 892, 893, 898, 899, 904, 905, 907, 908, 911, 918, 920, 921, 922, 923, 924, 926, 931, 933]","[15, 16, 65, 66, 67, 68, 69, 70, 71, 72, 73, 74, 75, 76, 77, 78, 80, 151, 244, 245, 246, 247, 248, 249, 250, 251, 252, 253, 254, 255, 256, 257, 258, 259, 260, 280, 340, 373, 374, 375, 376, 377, 459, 460, 461, 462, 500, 501, 539, 540, 541, 542, 543, 544, 545, 546, 547, 548, 549, 550, 552, 622, 708, 709, 710, 711, 712, 713, 714, 715, 716, 717, 718, 719, 720, 739, 796, 823, 824, 825, 826, 827, 906, 907, 908, 909]","[15, 16, 65, 66, 67, 68, 69, 70, 71, 72, 73, 74, 75, 76, 80, 151, 245, 246, 247, 248, 249, 250, 251, 252, 253, 254, 255, 256, 257, 258, 259, 280, 340, 373, 374, 375, 376, 377, 459, 460, 461, 462, 500, 501, 539, 540, 541, 542, 543, 544, 545, 546, 547, 548, 549, 550, 552, 622, 708, 709, 710, 711, 712, 713, 714, 715, 716, 717, 718, 719, 720, 739, 796, 823, 824, 825, 826, 827, 906, 907, 908, 909]",7/6 successful match,True,[446],True,725,False,,1.0,True,Pilot Travel Center # 282,Pilot
Barstow ( 92311 ) Pilot Travel Center # 282,5 760-253-2861 I-15 Exit 178 ( Lenwood Rd NE ) pilot,24 M FORS,Barstow,92311,Pilot Travel Center # 282,760-253-2861,2016,Barstow,CA,Pilot,( Lenwood Rd NE ) pilot,I-15 Exit 178 ,Exit,178,False,,False,I-15,,,,,"[716, 253]","[163, 168, 205, 253, 313, 635, 675, 716, 771]","[163, 168, 205, 253, 313, 635, 675, 716, 771]","[163, 205, 253, 313, 635, 675, 716, 771]","[103, 104, 105, 106, 107, 108, 109, 110, 111, 112, 113, 114, 115, 116, 117, 118, 119, 120, 121, 122, 123, 124, 125, 126, 127, 128, 129, 130, 131, 132, 133, 134, 135, 136, 137, 138, 139, 140, 141, 142, 143, 144, 145, 146, 147, 148, 149, 150, 151, 152, 153, 154, 155, 156, 157, 158, 159, 160, 161, 162, 163, 164, 165, 166, 167, 168, 169, 170, 171, 172, 173, 174, 175, 176, 177, 178, 179, 180, 181, 182, 183, 184, 185, 186, 187, 188, 189, 190, 191, 192, 193, 194, 195, 196, 197, 198, 199, 200, 201, 202, 203, 204, 205, 206, 207, 208, 209, 210, 211, 212, 213, 214, 215, 216, 217, 218, 219, 220, 221, 222, 223, 224, 225, 226, 227, 228, 229, 230, 231, 232, 233, 234, 235, 236, 237, 238, 239, 240, 241, 242, 243, 244, 245, 246, 247, 248, 249, 250, 251, 252, 253, 254, 255, 256, 257, 258, 259, 260, 261, 262, 263, 264, 265, 266, 267, 268, 269, 270, 271, 272, 273, 274, 275, 276, 277, 278, 279, 280, 281, 282, 283, 284, 285, 286, 287, 288, 289, 290, 291, 292, 293, 294, 295, 296, 297, 298, 299, 300, 301, 302, 303, 304, 305, 306, 307, 308, 309, 310, 311, 312, 313, 314, 315, 316, 317, 318, 319, 320, 321, 322, 323, 324, 325, 326, 327, 328, 329, 330, 331, 332, 333, 334, 335, 336, 337, 574, 575, 576, 577, 578, 579, 580, 581, 582, 583, 584, 585, 586, 587, 588, 589, 590, 591, 592, 593, 594, 595, 596, 597, 598, 599, 600, 601, 602, 603, 604, 605, 606, 607, 608, 609, 610, 611, 612, 613, 614, 615, 616, 617, 618, 619, 620, 621, 622, 623, 624, 625, 626, 627, 628, 629, 630, 631, 632, 633, 634, 635, 636, 637, 638, 639, 640, 641, 642, 643, 644, 645, 646, 647, 648, 649, 650, 651, 652, 653, 654, 655, 656, 657, 658, 659, 660, 661, 662, 663, 664, 665, 666, 667, 668, 669, 670, 671, 672, 673, 674, 675, 676, 677, 678, 679, 680, 681, 682, 683, 684, 685, 686, 687, 688, 689, 690, 691, 692, 693, 694, 695, 696, 697, 698, 699, 700, 701, 702, 703, 704, 705, 706, 707, 708, 709, 710, 711, 712, 713, 714, 715, 716, 717, 718, 719, 720, 721, 722, 723, 724, 725, 726, 727, 728, 729, 730, 731, 732, 733, 734, 735, 736, 737, 738, 739, 740, 741, 742, 743, 744, 745, 746, 747, 748, 749, 750, 751, 752, 753, 754, 755, 756, 757, 758, 759, 760, 761, 762, 763, 764, 765, 766, 767, 768, 769, 770, 771, 772, 773, 774, 775, 776, 777, 778, 779, 780, 781, 782, 783, 784, 785, 786, 787, 788, 789, 790, 791, 792, 793]","[16, 125, 156, 163, 168, 184, 205, 222, 229, 253, 258, 265, 313, 317, 336, 340, 341, 356, 363, 365, 366, 367, 370, 375, 388, 391, 394, 396, 402, 410, 411, 412, 413, 415, 416, 417, 418, 419, 425, 429, 431, 433, 435, 437, 440, 441, 442, 443, 451, 452, 456, 457, 458, 460, 461, 464, 471, 473, 474, 475, 481, 482, 501, 596, 628, 635, 655, 675, 693, 716, 720, 725, 771, 775, 793, 796, 797, 811, 817, 818, 820, 825, 838, 841, 844, 846, 851, 857, 861, 862, 863, 864, 866, 867, 868, 870, 871, 877, 881, 883, 885, 888, 891, 892, 893, 898, 899, 904, 905, 907, 908, 911, 918, 920, 921, 922, 923, 924, 926, 931, 933]","[15, 16, 65, 66, 67, 68, 69, 70, 71, 72, 73, 74, 75, 76, 80, 151, 245, 246, 247, 248, 249, 250, 251, 252, 253, 254, 255, 256, 257, 258, 259, 280, 340, 373, 374, 375, 376, 377, 459, 460, 461, 462, 500, 501, 539, 540, 541, 542, 543, 544, 545, 546, 547, 548, 549, 550, 552, 622, 708, 709, 710, 711, 712, 713, 714, 715, 716, 717, 718, 719, 720, 739, 796, 823, 824, 825, 826, 827, 906, 907, 908, 909]","[15, 16, 65, 66, 67, 68, 69, 70, 71, 72, 73, 74, 75, 76, 77, 78, 80, 151, 244, 245, 246, 247, 248, 249, 250, 251, 252, 253, 254, 255, 256, 257, 258, 259, 260, 280, 340, 373, 374, 375, 376, 377, 459, 460, 461, 462, 500, 501, 539, 540, 541, 542, 543, 544, 545, 546, 547, 548, 549, 550, 552, 622, 708, 709, 710, 711, 712, 713, 714, 715, 716, 717, 718, 719, 720, 739, 796, 823, 824, 825, 826, 827, 906, 907, 908, 909]","[15, 16, 65, 66, 67, 68, 69, 70, 71, 72, 73, 74, 75, 76, 77, 78, 80, 103, 104, 105, 106, 107, 108, 109, 110, 111, 112, 113, 114, 115, 116, 117, 118, 119, 120, 121, 122, 123, 124, 125, 126, 127, 128, 129, 130, 131, 132, 133, 134, 135, 136, 137, 138, 139, 140, 141, 142, 143, 144, 145, 146, 147, 148, 149, 150, 151, 152, 153, 154, 155, 156, 157, 158, 159, 160, 161, 162, 163, 164, 165, 166, 167, 168, 169, 170, 171, 172, 173, 174, 175, 176, 177, 178, 179, 180, 181, 182, 183, 184, 185, 186, 187, 188, 189, 190, 191, 192, 193, 194, 195, 196, 197, 198, 199, 200, 201, 202, 203, 204, 205, 206, 207, 208, 209, 210, 211, 212, 213, 214, 215, 216, 217, 218, 219, 220, 221, 222, 223, 224, 225, 226, 227, 228, 229, 230, 231, 232, 233, 234, 235, 236, 237, 238, 239, 240, 241, 242, 243, 244, 245, 246, 247, 248, 249, 250, 251, 252, 253, 254, 255, 256, 257, 258, 259, 260, 261, 262, 263, 264, 265, 266, 267, 268, 269, 270, 271, 272, 273, 274, 275, 276, 277, 278, 279, 280, 281, 282, 283, 284, 285, 286, 287, 288, 289, 290, 291, 292, 293, 294, 295, 296, 297, 298, 299, 300, 301, 302, 303, 304, 305, 306, 307, 308, 309, 310, 311, 312, 313, 314, 315, 316, 317, 318, 319, 320, 321, 322, 323, 324, 325, 326, 327, 328, 329, 330, 331, 332, 333, 334, 335, 336, 337, 340, 341, 356, 363, 365, 366, 367, 370, 373, 374, 375, 376, 377, 388, 391, 394, 396, 402, 410, 411, 412, 413, 415, 416, 417, 418, 419, 425, 429, 431, 433, 435, 437, 440, 441, 442, 443, 451, 452, 456, 457, 458, 459, 460, 461, 462, 464, 471, 473, 474, 475, 481, 482, 500, 501, 539, 540, 541, 542, 543, 544, 545, 546, 547, 548, 549, 550, 552, 574, 575, 576, 577, 578, 579, 580, 581, 582, 583, 584, 585, 586, 587, 588, 589, 590, 591, 592, 593, 594, 595, 596, 597, 598, 599, 600, 601, 602, 603, 604, 605, 606, 607, 608, 609, 610, 611, 612, 613, 614, 615, 616, 617, 618, 619, 620, 621, 622, 623, 624, 625, 626, 627, 628, 629, 630, 631, 632, 633, 634, 635, 636, 637, 638, 639, 640, 641, 642, 643, 644, 645, 646, 647, 648, 649, 650, 651, 652, 653, 654, 655, 656, 657, 658, 659, 660, 661, 662, 663, 664, 665, 666, 667, 668, 669, 670, 671, 672, 673, 674, 675, 676, 677, 678, 679, 680, 681, 682, 683, 684, 685, 686, 687, 688, 689, 690, 691, 692, 693, 694, 695, 696, 697, 698, 699, 700, 701, 702, 703, 704, 705, 706, 707, 708, 709, 710, 711, 712, 713, 714, 715, 716, 717, 718, 719, 720, 721, 722, 723, 724, 725, 726, 727, 728, 729, 730, 731, 732, 733, 734, 735, 736, 737, 738, 739, 740, 741, 742, 743, 744, 745, 746, 747, 748, 749, 750, 751, 752, 753, 754, 755, 756, 757, 758, 759, 760, 761, 762, 763, 764, 765, 766, 767, 768, 769, 770, 771, 772, 773, 774, 775, 776, 777, 778, 779, 780, 781, 782, 783, 784, 785, 786, 787, 788, 789, 790, 791, 792, 793, 796, 797, 811, 817, 818, 820, 823, 824, 825, 826, 827, 838, 841, 844, 846, 851, 857, 861, 862, 863, 864, 866, 867, 868, 870, 871, 877, 881, 883, 885, 888, 891, 892, 893, 898, 899, 904, 905, 906, 907, 908, 909, 911, 918, 920, 921, 922, 923, 924, 926, 931, 933]",True,"[163, 168, 205, 253, 313, 635, 675, 716, 771]","[103, 104, 105, 106, 107, 108, 109, 110, 111, 112, 113, 114, 115, 116, 117, 118, 119, 120, 121, 122, 123, 124, 125, 126, 127, 128, 129, 130, 131, 132, 133, 134, 135, 136, 137, 138, 139, 140, 141, 142, 143, 144, 145, 146, 147, 148, 149, 150, 151, 152, 153, 154, 155, 156, 157, 158, 159, 160, 161, 162, 163, 164, 165, 166, 167, 168, 169, 170, 171, 172, 173, 174, 175, 176, 177, 178, 179, 180, 181, 182, 183, 184, 185, 186, 187, 188, 189, 190, 191, 192, 193, 194, 195, 196, 197, 198, 199, 200, 201, 202, 203, 204, 205, 206, 207, 208, 209, 210, 211, 212, 213, 214, 215, 216, 217, 218, 219, 220, 221, 222, 223, 224, 225, 226, 227, 228, 229, 230, 231, 232, 233, 234, 235, 236, 237, 238, 239, 240, 241, 242, 243, 244, 245, 246, 247, 248, 249, 250, 251, 252, 253, 254, 255, 256, 257, 258, 259, 260, 261, 262, 263, 264, 265, 266, 267, 268, 269, 270, 271, 272, 273, 274, 275, 276, 277, 278, 279, 280, 281, 282, 283, 284, 285, 286, 287, 288, 289, 290, 291, 292, 293, 294, 295, 296, 297, 298, 299, 300, 301, 302, 303, 304, 305, 306, 307, 308, 309, 310, 311, 312, 313, 314, 315, 316, 317, 318, 319, 320, 321, 322, 323, 324, 325, 326, 327, 328, 329, 330, 331, 332, 333, 334, 335, 336, 337, 574, 575, 576, 577, 578, 579, 580, 581, 582, 583, 584, 585, 586, 587, 588, 589, 590, 591, 592, 593, 594, 595, 596, 597, 598, 599, 600, 601, 602, 603, 604, 605, 606, 607, 608, 609, 610, 611, 612, 613, 614, 615, 616, 617, 618, 619, 620, 621, 622, 623, 624, 625, 626, 627, 628, 629, 630, 631, 632, 633, 634, 635, 636, 637, 638, 639, 640, 641, 642, 643, 644, 645, 646, 647, 648, 649, 650, 651, 652, 653, 654, 655, 656, 657, 658, 659, 660, 661, 662, 663, 664, 665, 666, 667, 668, 669, 670, 671, 672, 673, 674, 675, 676, 677, 678, 679, 680, 681, 682, 683, 684, 685, 686, 687, 688, 689, 690, 691, 692, 693, 694, 695, 696, 697, 698, 699, 700, 701, 702, 703, 704, 705, 706, 707, 708, 709, 710, 711, 712, 713, 714, 715, 716, 717, 718, 719, 720, 721, 722, 723, 724, 725, 726, 727, 728, 729, 730, 731, 732, 733, 734, 735, 736, 737, 738, 739, 740, 741, 742, 743, 744, 745, 746, 747, 748, 749, 750, 751, 752, 753, 754, 755, 756, 757, 758, 759, 760, 761, 762, 763, 764, 765, 766, 767, 768, 769, 770, 771, 772, 773, 774, 775, 776, 777, 778, 779, 780, 781, 782, 783, 784, 785, 786, 787, 788, 789, 790, 791, 792, 793]","[163, 168, 205, 253, 313, 635, 675, 716, 771]","[163, 205, 253, 313, 635, 675, 716, 771]","[16, 125, 156, 163, 168, 184, 205, 222, 229, 253, 258, 265, 313, 317, 336, 340, 341, 356, 363, 365, 366, 367, 370, 375, 388, 391, 394, 396, 402, 410, 411, 412, 413, 415, 416, 417, 418, 419, 425, 429, 431, 433, 435, 437, 440, 441, 442, 443, 451, 452, 456, 457, 458, 460, 461, 464, 471, 473, 474, 475, 481, 482, 501, 596, 628, 635, 655, 675, 693, 716, 720, 725, 771, 775, 793, 796, 797, 811, 817, 818, 820, 825, 838, 841, 844, 846, 851, 857, 861, 862, 863, 864, 866, 867, 868, 870, 871, 877, 881, 883, 885, 888, 891, 892, 893, 898, 899, 904, 905, 907, 908, 911, 918, 920, 921, 922, 923, 924, 926, 931, 933]","[15, 16, 65, 66, 67, 68, 69, 70, 71, 72, 73, 74, 75, 76, 77, 78, 80, 151, 244, 245, 246, 247, 248, 249, 250, 251, 252, 253, 254, 255, 256, 257, 258, 259, 260, 280, 340, 373, 374, 375, 376, 377, 459, 460, 461, 462, 500, 501, 539, 540, 541, 542, 543, 544, 545, 546, 547, 548, 549, 550, 552, 622, 708, 709, 710, 711, 712, 713, 714, 715, 716, 717, 718, 719, 720, 739, 796, 823, 824, 825, 826, 827, 906, 907, 908, 909]","[15, 16, 65, 66, 67, 68, 69, 70, 71, 72, 73, 74, 75, 76, 80, 151, 245, 246, 247, 248, 249, 250, 251, 252, 253, 254, 255, 256, 257, 258, 259, 280, 340, 373, 374, 375, 376, 377, 459, 460, 461, 462, 500, 501, 539, 540, 541, 542, 543, 544, 545, 546, 547, 548, 549, 550, 552, 622, 708, 709, 710, 711, 712, 713, 714, 715, 716, 717, 718, 719, 720, 739, 796, 823, 824, 825, 826, 827, 906, 907, 908, 909]",7/6 successful match,True,[446],True,725,False,,1.0,True,Pilot Travel Center # 282 ),Pilot
Barstow ( 92311 ) Love's Travel Stop # 374,5 760-253-4080 I-15 Exit 178 ( Lenwood Rd ),,Barstow,92311,Love's Travel Stop # 374,760-253-4080,2014,Barstow,CA,Love's,( Lenwood Rd ),I-15 Exit 178 ,Exit,178,False,,False,I-15,,,,,"[675, 205]","[163, 168, 205, 253, 313, 635, 675, 716, 771]","[163, 168, 205, 253, 313, 635, 675, 716, 771]","[163, 205, 253, 313, 635, 675, 716, 771]","[103, 104, 105, 106, 107, 108, 109, 110, 111, 112, 113, 114, 115, 116, 117, 118, 119, 120, 121, 122, 123, 124, 125, 126, 127, 128, 129, 130, 131, 132, 133, 134, 135, 136, 137, 138, 139, 140, 141, 142, 143, 144, 145, 146, 147, 148, 149, 150, 151, 152, 153, 154, 155, 156, 157, 158, 159, 160, 161, 162, 163, 164, 165, 166, 167, 168, 169, 170, 171, 172, 173, 174, 175, 176, 177, 178, 179, 180, 181, 182, 183, 184, 185, 186, 187, 188, 189, 190, 191, 192, 193, 194, 195, 196, 197, 198, 199, 200, 201, 202, 203, 204, 205, 206, 207, 208, 209, 210, 211, 212, 213, 214, 215, 216, 217, 218, 219, 220, 221, 222, 223, 224, 225, 226, 227, 228, 229, 230, 231, 232, 233, 234, 235, 236, 237, 238, 239, 240, 241, 242, 243, 244, 245, 246, 247, 248, 249, 250, 251, 252, 253, 254, 255, 256, 257, 258, 259, 260, 261, 262, 263, 264, 265, 266, 267, 268, 269, 270, 271, 272, 273, 274, 275, 276, 277, 278, 279, 280, 281, 282, 283, 284, 285, 286, 287, 288, 289, 290, 291, 292, 293, 294, 295, 296, 297, 298, 299, 300, 301, 302, 303, 304, 305, 306, 307, 308, 309, 310, 311, 312, 313, 314, 315, 316, 317, 318, 319, 320, 321, 322, 323, 324, 325, 326, 327, 328, 329, 330, 331, 332, 333, 334, 335, 336, 337, 574, 575, 576, 577, 578, 579, 580, 581, 582, 583, 584, 585, 586, 587, 588, 589, 590, 591, 592, 593, 594, 595, 596, 597, 598, 599, 600, 601, 602, 603, 604, 605, 606, 607, 608, 609, 610, 611, 612, 613, 614, 615, 616, 617, 618, 619, 620, 621, 622, 623, 624, 625, 626, 627, 628, 629, 630, 631, 632, 633, 634, 635, 636, 637, 638, 639, 640, 641, 642, 643, 644, 645, 646, 647, 648, 649, 650, 651, 652, 653, 654, 655, 656, 657, 658, 659, 660, 661, 662, 663, 664, 665, 666, 667, 668, 669, 670, 671, 672, 673, 674, 675, 676, 677, 678, 679, 680, 681, 682, 683, 684, 685, 686, 687, 688, 689, 690, 691, 692, 693, 694, 695, 696, 697, 698, 699, 700, 701, 702, 703, 704, 705, 706, 707, 708, 709, 710, 711, 712, 713, 714, 715, 716, 717, 718, 719, 720, 721, 722, 723, 724, 725, 726, 727, 728, 729, 730, 731, 732, 733, 734, 735, 736, 737, 738, 739, 740, 741, 742, 743, 744, 745, 746, 747, 748, 749, 750, 751, 752, 753, 754, 755, 756, 757, 758, 759, 760, 761, 762, 763, 764, 765, 766, 767, 768, 769, 770, 771, 772, 773, 774, 775, 776, 777, 778, 779, 780, 781, 782, 783, 784, 785, 786, 787, 788, 789, 790, 791, 792, 793]","[16, 125, 156, 163, 168, 184, 205, 222, 229, 253, 258, 265, 313, 317, 336, 340, 341, 356, 363, 365, 366, 367, 370, 375, 388, 391, 394, 396, 402, 410, 411, 412, 413, 415, 416, 417, 418, 419, 425, 429, 431, 433, 435, 437, 440, 441, 442, 443, 451, 452, 456, 457, 458, 460, 461, 464, 471, 473, 474, 475, 481, 482, 501, 596, 628, 635, 655, 675, 693, 716, 720, 725, 771, 775, 793, 796, 797, 811, 817, 818, 820, 825, 838, 841, 844, 846, 851, 857, 861, 862, 863, 864, 866, 867, 868, 870, 871, 877, 881, 883, 885, 888, 891, 892, 893, 898, 899, 904, 905, 907, 908, 911, 918, 920, 921, 922, 923, 924, 926, 931, 933]","[34, 35, 36, 37, 38, 39, 40, 41, 42, 43, 44, 45, 46, 47, 48, 201, 202, 203, 204, 205, 206, 207, 208, 209, 210, 211, 212, 213, 214, 215, 216, 355, 356, 357, 358, 359, 360, 361, 429, 430, 431, 432, 433, 434, 435, 515, 516, 517, 518, 519, 520, 521, 522, 523, 524, 525, 526, 527, 672, 673, 674, 675, 676, 677, 678, 679, 680, 681, 682, 683, 684, 810, 811, 812, 813, 814, 881, 882, 883, 884, 885, 886]","[32, 33, 34, 35, 36, 37, 38, 39, 40, 41, 42, 43, 44, 45, 46, 47, 48, 201, 202, 203, 204, 205, 206, 207, 208, 209, 210, 211, 212, 213, 214, 215, 216, 355, 356, 357, 358, 359, 360, 361, 429, 430, 431, 432, 433, 434, 435, 515, 516, 517, 518, 519, 520, 521, 522, 523, 524, 525, 526, 527, 672, 673, 674, 675, 676, 677, 678, 679, 680, 681, 682, 683, 684, 810, 811, 812, 813, 814, 881, 882, 883, 884, 885, 886]","[16, 32, 33, 34, 35, 36, 37, 38, 39, 40, 41, 42, 43, 44, 45, 46, 47, 48, 103, 104, 105, 106, 107, 108, 109, 110, 111, 112, 113, 114, 115, 116, 117, 118, 119, 120, 121, 122, 123, 124, 125, 126, 127, 128, 129, 130, 131, 132, 133, 134, 135, 136, 137, 138, 139, 140, 141, 142, 143, 144, 145, 146, 147, 148, 149, 150, 151, 152, 153, 154, 155, 156, 157, 158, 159, 160, 161, 162, 163, 164, 165, 166, 167, 168, 169, 170, 171, 172, 173, 174, 175, 176, 177, 178, 179, 180, 181, 182, 183, 184, 185, 186, 187, 188, 189, 190, 191, 192, 193, 194, 195, 196, 197, 198, 199, 200, 201, 202, 203, 204, 205, 206, 207, 208, 209, 210, 211, 212, 213, 214, 215, 216, 217, 218, 219, 220, 221, 222, 223, 224, 225, 226, 227, 228, 229, 230, 231, 232, 233, 234, 235, 236, 237, 238, 239, 240, 241, 242, 243, 244, 245, 246, 247, 248, 249, 250, 251, 252, 253, 254, 255, 256, 257, 258, 259, 260, 261, 262, 263, 264, 265, 266, 267, 268, 269, 270, 271, 272, 273, 274, 275, 276, 277, 278, 279, 280, 281, 282, 283, 284, 285, 286, 287, 288, 289, 290, 291, 292, 293, 294, 295, 296, 297, 298, 299, 300, 301, 302, 303, 304, 305, 306, 307, 308, 309, 310, 311, 312, 313, 314, 315, 316, 317, 318, 319, 320, 321, 322, 323, 324, 325, 326, 327, 328, 329, 330, 331, 332, 333, 334, 335, 336, 337, 340, 341, 355, 356, 357, 358, 359, 360, 361, 363, 365, 366, 367, 370, 375, 388, 391, 394, 396, 402, 410, 411, 412, 413, 415, 416, 417, 418, 419, 425, 429, 430, 431, 432, 433, 434, 435, 437, 440, 441, 442, 443, 451, 452, 456, 457, 458, 460, 461, 464, 471, 473, 474, 475, 481, 482, 501, 515, 516, 517, 518, 519, 520, 521, 522, 523, 524, 525, 526, 527, 574, 575, 576, 577, 578, 579, 580, 581, 582, 583, 584, 585, 586, 587, 588, 589, 590, 591, 592, 593, 594, 595, 596, 597, 598, 599, 600, 601, 602, 603, 604, 605, 606, 607, 608, 609, 610, 611, 612, 613, 614, 615, 616, 617, 618, 619, 620, 621, 622, 623, 624, 625, 626, 627, 628, 629, 630, 631, 632, 633, 634, 635, 636, 637, 638, 639, 640, 641, 642, 643, 644, 645, 646, 647, 648, 649, 650, 651, 652, 653, 654, 655, 656, 657, 658, 659, 660, 661, 662, 663, 664, 665, 666, 667, 668, 669, 670, 671, 672, 673, 674, 675, 676, 677, 678, 679, 680, 681, 682, 683, 684, 685, 686, 687, 688, 689, 690, 691, 692, 693, 694, 695, 696, 697, 698, 699, 700, 701, 702, 703, 704, 705, 706, 707, 708, 709, 710, 711, 712, 713, 714, 715, 716, 717, 718, 719, 720, 721, 722, 723, 724, 725, 726, 727, 728, 729, 730, 731, 732, 733, 734, 735, 736, 737, 738, 739, 740, 741, 742, 743, 744, 745, 746, 747, 748, 749, 750, 751, 752, 753, 754, 755, 756, 757, 758, 759, 760, 761, 762, 763, 764, 765, 766, 767, 768, 769, 770, 771, 772, 773, 774, 775, 776, 777, 778, 779, 780, 781, 782, 783, 784, 785, 786, 787, 788, 789, 790, 791, 792, 793, 796, 797, 810, 811, 812, 813, 814, 817, 818, 820, 825, 838, 841, 844, 846, 851, 857, 861, 862, 863, 864, 866, 867, 868, 870, 871, 877, 881, 882, 883, 884, 885, 886, 888, 891, 892, 893, 898, 899, 904, 905, 907, 908, 911, 918, 920, 921, 922, 923, 924, 926, 931, 933]",True,"[163, 168, 205, 253, 313, 635, 675, 716, 771]","[103, 104, 105, 106, 107, 108, 109, 110, 111, 112, 113, 114, 115, 116, 117, 118, 119, 120, 121, 122, 123, 124, 125, 126, 127, 128, 129, 130, 131, 132, 133, 134, 135, 136, 137, 138, 139, 140, 141, 142, 143, 144, 145, 146, 147, 148, 149, 150, 151, 152, 153, 154, 155, 156, 157, 158, 159, 160, 161, 162, 163, 164, 165, 166, 167, 168, 169, 170, 171, 172, 173, 174, 175, 176, 177, 178, 179, 180, 181, 182, 183, 184, 185, 186, 187, 188, 189, 190, 191, 192, 193, 194, 195, 196, 197, 198, 199, 200, 201, 202, 203, 204, 205, 206, 207, 208, 209, 210, 211, 212, 213, 214, 215, 216, 217, 218, 219, 220, 221, 222, 223, 224, 225, 226, 227, 228, 229, 230, 231, 232, 233, 234, 235, 236, 237, 238, 239, 240, 241, 242, 243, 244, 245, 246, 247, 248, 249, 250, 251, 252, 253, 254, 255, 256, 257, 258, 259, 260, 261, 262, 263, 264, 265, 266, 267, 268, 269, 270, 271, 272, 273, 274, 275, 276, 277, 278, 279, 280, 281, 282, 283, 284, 285, 286, 287, 288, 289, 290, 291, 292, 293, 294, 295, 296, 297, 298, 299, 300, 301, 302, 303, 304, 305, 306, 307, 308, 309, 310, 311, 312, 313, 314, 315, 316, 317, 318, 319, 320, 321, 322, 323, 324, 325, 326, 327, 328, 329, 330, 331, 332, 333, 334, 335, 336, 337, 574, 575, 576, 577, 578, 579, 580, 581, 582, 583, 584, 585, 586, 587, 588, 589, 590, 591, 592, 593, 594, 595, 596, 597, 598, 599, 600, 601, 602, 603, 604, 605, 606, 607, 608, 609, 610, 611, 612, 613, 614, 615, 616, 617, 618, 619, 620, 621, 622, 623, 624, 625, 626, 627, 628, 629, 630, 631, 632, 633, 634, 635, 636, 637, 638, 639, 640, 641, 642, 643, 644, 645, 646, 647, 648, 649, 650, 651, 652, 653, 654, 655, 656, 657, 658, 659, 660, 661, 662, 663, 664, 665, 666, 667, 668, 669, 670, 671, 672, 673, 674, 675, 676, 677, 678, 679, 680, 681, 682, 683, 684, 685, 686, 687, 688, 689, 690, 691, 692, 693, 694, 695, 696, 697, 698, 699, 700, 701, 702, 703, 704, 705, 706, 707, 708, 709, 710, 711, 712, 713, 714, 715, 716, 717, 718, 719, 720, 721, 722, 723, 724, 725, 726, 727, 728, 729, 730, 731, 732, 733, 734, 735, 736, 737, 738, 739, 740, 741, 742, 743, 744, 745, 746, 747, 748, 749, 750, 751, 752, 753, 754, 755, 756, 757, 758, 759, 760, 761, 762, 763, 764, 765, 766, 767, 768, 769, 770, 771, 772, 773, 774, 775, 776, 777, 778, 779, 780, 781, 782, 783, 784, 785, 786, 787, 788, 789, 790, 791, 792, 793]","[163, 168, 205, 253, 313, 635, 675, 716, 771]","[163, 205, 253, 313, 635, 675, 716, 771]","[16, 125, 156, 163, 168, 184, 205, 222, 229, 253, 258, 265, 313, 317, 336, 340, 341, 356, 363, 365, 366, 367, 370, 375, 388, 391, 394, 396, 402, 410, 411, 412, 413, 415, 416, 417, 418, 419, 425, 429, 431, 433, 435, 437, 440, 441, 442, 443, 451, 452, 456, 457, 458, 460, 461, 464, 471, 473, 474, 475, 481, 482, 501, 596, 628, 635, 655, 675, 693, 716, 720, 725, 771, 775, 793, 796, 797, 811, 817, 818, 820, 825, 838, 841, 844, 846, 851, 857, 861, 862, 863, 864, 866, 867, 868, 870, 871, 877, 881, 883, 885, 888, 891, 892, 893, 898, 899, 904, 905, 907, 908, 911, 918, 920, 921, 922, 923, 924, 926, 931, 933]","[32, 33, 34, 35, 36, 37, 38, 39, 40, 41, 42, 43, 44, 45, 46, 47, 48, 201, 202, 203, 204, 205, 206, 207, 208, 209, 210, 211, 212, 213, 214, 215, 216, 355, 356, 357, 358, 359, 360, 361, 429, 430, 431, 432, 433, 434, 435, 515, 516, 517, 518, 519, 520, 521, 522, 523, 524, 525, 526, 527, 672, 673, 674, 675, 676, 677, 678, 679, 680, 681, 682, 683, 684, 810, 811, 812, 813, 814, 881, 882, 883, 884, 885, 886]","[34, 35, 36, 37, 38, 39, 40, 41, 42, 43, 44, 45, 46, 47, 48, 201, 202, 203, 204, 205, 206, 207, 208, 209, 210, 211, 212, 213, 214, 215, 216, 355, 356, 357, 358, 359, 360, 361, 429, 430, 431, 432, 433, 434, 435, 515, 516, 517, 518, 519, 520, 521, 522, 523, 524, 525, 526, 527, 672, 673, 674, 675, 676, 677, 678, 679, 680, 681, 682, 683, 684, 810, 811, 812, 813, 814, 881, 882, 883, 884, 885, 886]",7/6 successful match,True,"[398, 399, 400]",True,726,False,,,,,
H Barstow ( 92311 ) Love's Travel Stop # 374 Rd SE ) FLYING J,5 760-253-4080 I-15 Exit 178 ( Lenwood Rd ),24 DOOD <U+2610>,Barstow,92311,Love's Travel Stop # 374 Rd SE ) FLYING J,760-253-4080,2015,Barstow,CA,Love's,( Lenwood Rd ),I-15 Exit 178 ,Exit,178,False,,False,I-15,,,,,"[675, 205]","[163, 168, 205, 253, 313, 635, 675, 716, 771]","[163, 168, 205, 253, 313, 635, 675, 716, 771]","[163, 205, 253, 313, 635, 675, 716, 771]","[103, 104, 105, 106, 107, 108, 109, 110, 111, 112, 113, 114, 115, 116, 117, 118, 119, 120, 121, 122, 123, 124, 125, 126, 127, 128, 129, 130, 131, 132, 133, 134, 135, 136, 137, 138, 139, 140, 141, 142, 143, 144, 145, 146, 147, 148, 149, 150, 151, 152, 153, 154, 155, 156, 157, 158, 159, 160, 161, 162, 163, 164, 165, 166, 167, 168, 169, 170, 171, 172, 173, 174, 175, 176, 177, 178, 179, 180, 181, 182, 183, 184, 185, 186, 187, 188, 189, 190, 191, 192, 193, 194, 195, 196, 197, 198, 199, 200, 201, 202, 203, 204, 205, 206, 207, 208, 209, 210, 211, 212, 213, 214, 215, 216, 217, 218, 219, 220, 221, 222, 223, 224, 225, 226, 227, 228, 229, 230, 231, 232, 233, 234, 235, 236, 237, 238, 239, 240, 241, 242, 243, 244, 245, 246, 247, 248, 249, 250, 251, 252, 253, 254, 255, 256, 257, 258, 259, 260, 261, 262, 263, 264, 265, 266, 267, 268, 269, 270, 271, 272, 273, 274, 275, 276, 277, 278, 279, 280, 281, 282, 283, 284, 285, 286, 287, 288, 289, 290, 291, 292, 293, 294, 295, 296, 297, 298, 299, 300, 301, 302, 303, 304, 305, 306, 307, 308, 309, 310, 311, 312, 313, 314, 315, 316, 317, 318, 319, 320, 321, 322, 323, 324, 325, 326, 327, 328, 329, 330, 331, 332, 333, 334, 335, 336, 337, 574, 575, 576, 577, 578, 579, 580, 581, 582, 583, 584, 585, 586, 587, 588, 589, 590, 591, 592, 593, 594, 595, 596, 597, 598, 599, 600, 601, 602, 603, 604, 605, 606, 607, 608, 609, 610, 611, 612, 613, 614, 615, 616, 617, 618, 619, 620, 621, 622, 623, 624, 625, 626, 627, 628, 629, 630, 631, 632, 633, 634, 635, 636, 637, 638, 639, 640, 641, 642, 643, 644, 645, 646, 647, 648, 649, 650, 651, 652, 653, 654, 655, 656, 657, 658, 659, 660, 661, 662, 663, 664, 665, 666, 667, 668, 669, 670, 671, 672, 673, 674, 675, 676, 677, 678, 679, 680, 681, 682, 683, 684, 685, 686, 687, 688, 689, 690, 691, 692, 693, 694, 695, 696, 697, 698, 699, 700, 701, 702, 703, 704, 705, 706, 707, 708, 709, 710, 711, 712, 713, 714, 715, 716, 717, 718, 719, 720, 721, 722, 723, 724, 725, 726, 727, 728, 729, 730, 731, 732, 733, 734, 735, 736, 737, 738, 739, 740, 741, 742, 743, 744, 745, 746, 747, 748, 749, 750, 751, 752, 753, 754, 755, 756, 757, 758, 759, 760, 761, 762, 763, 764, 765, 766, 767, 768, 769, 770, 771, 772, 773, 774, 775, 776, 777, 778, 779, 780, 781, 782, 783, 784, 785, 786, 787, 788, 789, 790, 791, 792, 793]","[16, 125, 156, 163, 168, 184, 205, 222, 229, 253, 258, 265, 313, 317, 336, 340, 341, 356, 363, 365, 366, 367, 370, 375, 388, 391, 394, 396, 402, 410, 411, 412, 413, 415, 416, 417, 418, 419, 425, 429, 431, 433, 435, 437, 440, 441, 442, 443, 451, 452, 456, 457, 458, 460, 461, 464, 471, 473, 474, 475, 481, 482, 501, 596, 628, 635, 655, 675, 693, 716, 720, 725, 771, 775, 793, 796, 797, 811, 817, 818, 820, 825, 838, 841, 844, 846, 851, 857, 861, 862, 863, 864, 866, 867, 868, 870, 871, 877, 881, 883, 885, 888, 891, 892, 893, 898, 899, 904, 905, 907, 908, 911, 918, 920, 921, 922, 923, 924, 926, 931, 933]","[34, 35, 36, 37, 38, 39, 40, 41, 42, 43, 44, 45, 46, 47, 48, 201, 202, 203, 204, 205, 206, 207, 208, 209, 210, 211, 212, 213, 214, 215, 216, 355, 356, 357, 358, 359, 360, 361, 429, 430, 431, 432, 433, 434, 435, 515, 516, 517, 518, 519, 520, 521, 522, 523, 524, 525, 526, 527, 672, 673, 674, 675, 676, 677, 678, 679, 680, 681, 682, 683, 684, 810, 811, 812, 813, 814, 881, 882, 883, 884, 885, 886]","[17, 18, 19, 20, 21, 22, 23, 32, 33, 34, 35, 36, 37, 38, 39, 40, 41, 42, 43, 44, 45, 46, 47, 48, 156, 157, 158, 159, 160, 161, 162, 163, 164, 165, 166, 167, 168, 201, 202, 203, 204, 205, 206, 207, 208, 209, 210, 211, 212, 213, 214, 215, 216, 340, 341, 342, 343, 344, 345, 346, 355, 356, 357, 358, 359, 360, 361, 412, 413, 414, 415, 416, 417, 418, 419, 420, 421, 422, 429, 430, 431, 432, 433, 434, 435, 502, 503, 504, 505, 506, 507, 515, 516, 517, 518, 519, 520, 521, 522, 523, 524, 525, 526, 527, 628, 629, 630, 631, 632, 633, 634, 635, 636, 637, 638, 639, 672, 673, 674, 675, 676, 677, 678, 679, 680, 681, 682, 683, 684, 792, 796, 797, 798, 799, 800, 801, 810, 811, 812, 813, 814, 863, 864, 865, 866, 867, 868, 869, 870, 871, 872, 873, 874, 881, 882, 883, 884, 885, 886]","[16, 17, 18, 19, 20, 21, 22, 23, 32, 33, 34, 35, 36, 37, 38, 39, 40, 41, 42, 43, 44, 45, 46, 47, 48, 103, 104, 105, 106, 107, 108, 109, 110, 111, 112, 113, 114, 115, 116, 117, 118, 119, 120, 121, 122, 123, 124, 125, 126, 127, 128, 129, 130, 131, 132, 133, 134, 135, 136, 137, 138, 139, 140, 141, 142, 143, 144, 145, 146, 147, 148, 149, 150, 151, 152, 153, 154, 155, 156, 157, 158, 159, 160, 161, 162, 163, 164, 165, 166, 167, 168, 169, 170, 171, 172, 173, 174, 175, 176, 177, 178, 179, 180, 181, 182, 183, 184, 185, 186, 187, 188, 189, 190, 191, 192, 193, 194, 195, 196, 197, 198, 199, 200, 201, 202, 203, 204, 205, 206, 207, 208, 209, 210, 211, 212, 213, 214, 215, 216, 217, 218, 219, 220, 221, 222, 223, 224, 225, 226, 227, 228, 229, 230, 231, 232, 233, 234, 235, 236, 237, 238, 239, 240, 241, 242, 243, 244, 245, 246, 247, 248, 249, 250, 251, 252, 253, 254, 255, 256, 257, 258, 259, 260, 261, 262, 263, 264, 265, 266, 267, 268, 269, 270, 271, 272, 273, 274, 275, 276, 277, 278, 279, 280, 281, 282, 283, 284, 285, 286, 287, 288, 289, 290, 291, 292, 293, 294, 295, 296, 297, 298, 299, 300, 301, 302, 303, 304, 305, 306, 307, 308, 309, 310, 311, 312, 313, 314, 315, 316, 317, 318, 319, 320, 321, 322, 323, 324, 325, 326, 327, 328, 329, 330, 331, 332, 333, 334, 335, 336, 337, 340, 341, 342, 343, 344, 345, 346, 355, 356, 357, 358, 359, 360, 361, 363, 365, 366, 367, 370, 375, 388, 391, 394, 396, 402, 410, 411, 412, 413, 414, 415, 416, 417, 418, 419, 420, 421, 422, 425, 429, 430, 431, 432, 433, 434, 435, 437, 440, 441, 442, 443, 451, 452, 456, 457, 458, 460, 461, 464, 471, 473, 474, 475, 481, 482, 501, 502, 503, 504, 505, 506, 507, 515, 516, 517, 518, 519, 520, 521, 522, 523, 524, 525, 526, 527, 574, 575, 576, 577, 578, 579, 580, 581, 582, 583, 584, 585, 586, 587, 588, 589, 590, 591, 592, 593, 594, 595, 596, 597, 598, 599, 600, 601, 602, 603, 604, 605, 606, 607, 608, 609, 610, 611, 612, 613, 614, 615, 616, 617, 618, 619, 620, 621, 622, 623, 624, 625, 626, 627, 628, 629, 630, 631, 632, 633, 634, 635, 636, 637, 638, 639, 640, 641, 642, 643, 644, 645, 646, 647, 648, 649, 650, 651, 652, 653, 654, 655, 656, 657, 658, 659, 660, 661, 662, 663, 664, 665, 666, 667, 668, 669, 670, 671, 672, 673, 674, 675, 676, 677, 678, 679, 680, 681, 682, 683, 684, 685, 686, 687, 688, 689, 690, 691, 692, 693, 694, 695, 696, 697, 698, 699, 700, 701, 702, 703, 704, 705, 706, 707, 708, 709, 710, 711, 712, 713, 714, 715, 716, 717, 718, 719, 720, 721, 722, 723, 724, 725, 726, 727, 728, 729, 730, 731, 732, 733, 734, 735, 736, 737, 738, 739, 740, 741, 742, 743, 744, 745, 746, 747, 748, 749, 750, 751, 752, 753, 754, 755, 756, 757, 758, 759, 760, 761, 762, 763, 764, 765, 766, 767, 768, 769, 770, 771, 772, 773, 774, 775, 776, 777, 778, 779, 780, 781, 782, 783, 784, 785, 786, 787, 788, 789, 790, 791, 792, 793, 796, 797, 798, 799, 800, 801, 810, 811, 812, 813, 814, 817, 818, 820, 825, 838, 841, 844, 846, 851, 857, 861, 862, 863, 864, 865, 866, 867, 868, 869, 870, 871, 872, 873, 874, 877, 881, 882, 883, 884, 885, 886, 888, 891, 892, 893, 898, 899, 904, 905, 907, 908, 911, 918, 920, 921, 922, 923, 924, 926, 931, 933]",True,"[163, 168, 205, 253, 313, 635, 675, 716, 771]","[103, 104, 105, 106, 107, 108, 109, 110, 111, 112, 113, 114, 115, 116, 117, 118, 119, 120, 121, 122, 123, 124, 125, 126, 127, 128, 129, 130, 131, 132, 133, 134, 135, 136, 137, 138, 139, 140, 141, 142, 143, 144, 145, 146, 147, 148, 149, 150, 151, 152, 153, 154, 155, 156, 157, 158, 159, 160, 161, 162, 163, 164, 165, 166, 167, 168, 169, 170, 171, 172, 173, 174, 175, 176, 177, 178, 179, 180, 181, 182, 183, 184, 185, 186, 187, 188, 189, 190, 191, 192, 193, 194, 195, 196, 197, 198, 199, 200, 201, 202, 203, 204, 205, 206, 207, 208, 209, 210, 211, 212, 213, 214, 215, 216, 217, 218, 219, 220, 221, 222, 223, 224, 225, 226, 227, 228, 229, 230, 231, 232, 233, 234, 235, 236, 237, 238, 239, 240, 241, 242, 243, 244, 245, 246, 247, 248, 249, 250, 251, 252, 253, 254, 255, 256, 257, 258, 259, 260, 261, 262, 263, 264, 265, 266, 267, 268, 269, 270, 271, 272, 273, 274, 275, 276, 277, 278, 279, 280, 281, 282, 283, 284, 285, 286, 287, 288, 289, 290, 291, 292, 293, 294, 295, 296, 297, 298, 299, 300, 301, 302, 303, 304, 305, 306, 307, 308, 309, 310, 311, 312, 313, 314, 315, 316, 317, 318, 319, 320, 321, 322, 323, 324, 325, 326, 327, 328, 329, 330, 331, 332, 333, 334, 335, 336, 337, 574, 575, 576, 577, 578, 579, 580, 581, 582, 583, 584, 585, 586, 587, 588, 589, 590, 591, 592, 593, 594, 595, 596, 597, 598, 599, 600, 601, 602, 603, 604, 605, 606, 607, 608, 609, 610, 611, 612, 613, 614, 615, 616, 617, 618, 619, 620, 621, 622, 623, 624, 625, 626, 627, 628, 629, 630, 631, 632, 633, 634, 635, 636, 637, 638, 639, 640, 641, 642, 643, 644, 645, 646, 647, 648, 649, 650, 651, 652, 653, 654, 655, 656, 657, 658, 659, 660, 661, 662, 663, 664, 665, 666, 667, 668, 669, 670, 671, 672, 673, 674, 675, 676, 677, 678, 679, 680, 681, 682, 683, 684, 685, 686, 687, 688, 689, 690, 691, 692, 693, 694, 695, 696, 697, 698, 699, 700, 701, 702, 703, 704, 705, 706, 707, 708, 709, 710, 711, 712, 713, 714, 715, 716, 717, 718, 719, 720, 721, 722, 723, 724, 725, 726, 727, 728, 729, 730, 731, 732, 733, 734, 735, 736, 737, 738, 739, 740, 741, 742, 743, 744, 745, 746, 747, 748, 749, 750, 751, 752, 753, 754, 755, 756, 757, 758, 759, 760, 761, 762, 763, 764, 765, 766, 767, 768, 769, 770, 771, 772, 773, 774, 775, 776, 777, 778, 779, 780, 781, 782, 783, 784, 785, 786, 787, 788, 789, 790, 791, 792, 793]","[163, 168, 205, 253, 313, 635, 675, 716, 771]","[163, 205, 253, 313, 635, 675, 716, 771]","[16, 125, 156, 163, 168, 184, 205, 222, 229, 253, 258, 265, 313, 317, 336, 340, 341, 356, 363, 365, 366, 367, 370, 375, 388, 391, 394, 396, 402, 410, 411, 412, 413, 415, 416, 417, 418, 419, 425, 429, 431, 433, 435, 437, 440, 441, 442, 443, 451, 452, 456, 457, 458, 460, 461, 464, 471, 473, 474, 475, 481, 482, 501, 596, 628, 635, 655, 675, 693, 716, 720, 725, 771, 775, 793, 796, 797, 811, 817, 818, 820, 825, 838, 841, 844, 846, 851, 857, 861, 862, 863, 864, 866, 867, 868, 870, 871, 877, 881, 883, 885, 888, 891, 892, 893, 898, 899, 904, 905, 907, 908, 911, 918, 920, 921, 922, 923, 924, 926, 931, 933]","[17, 18, 19, 20, 21, 22, 23, 32, 33, 34, 35, 36, 37, 38, 39, 40, 41, 42, 43, 44, 45, 46, 47, 48, 156, 157, 158, 159, 160, 161, 162, 163, 164, 165, 166, 167, 168, 201, 202, 203, 204, 205, 206, 207, 208, 209, 210, 211, 212, 213, 214, 215, 216, 340, 341, 342, 343, 344, 345, 346, 355, 356, 357, 358, 359, 360, 361, 412, 413, 414, 415, 416, 417, 418, 419, 420, 421, 422, 429, 430, 431, 432, 433, 434, 435, 502, 503, 504, 505, 506, 507, 515, 516, 517, 518, 519, 520, 521, 522, 523, 524, 525, 526, 527, 628, 629, 630, 631, 632, 633, 634, 635, 636, 637, 638, 639, 672, 673, 674, 675, 676, 677, 678, 679, 680, 681, 682, 683, 684, 792, 796, 797, 798, 799, 800, 801, 810, 811, 812, 813, 814, 863, 864, 865, 866, 867, 868, 869, 870, 871, 872, 873, 874, 881, 882, 883, 884, 885, 886]","[34, 35, 36, 37, 38, 39, 40, 41, 42, 43, 44, 45, 46, 47, 48, 201, 202, 203, 204, 205, 206, 207, 208, 209, 210, 211, 212, 213, 214, 215, 216, 355, 356, 357, 358, 359, 360, 361, 429, 430, 431, 432, 433, 434, 435, 515, 516, 517, 518, 519, 520, 521, 522, 523, 524, 525, 526, 527, 672, 673, 674, 675, 676, 677, 678, 679, 680, 681, 682, 683, 684, 810, 811, 812, 813, 814, 881, 882, 883, 884, 885, 886]",7/6 successful match,True,"[398, 399, 400]",True,726,False,,0.9882051282051282,True,Love's Travel Stop # 374,Love's
Barstow ( 92311 ) Love's Travel Stop # 374,5 760-253-4080 I-15 Exit 178 ( Lenwood Rd ),24 FORS,Barstow,92311,Love's Travel Stop # 374,760-253-4080,2016,Barstow,CA,Love's,( Lenwood Rd ),I-15 Exit 178 ,Exit,178,False,,False,I-15,,,,,"[675, 205]","[163, 168, 205, 253, 313, 635, 675, 716, 771]","[163, 168, 205, 253, 313, 635, 675, 716, 771]","[163, 205, 253, 313, 635, 675, 716, 771]","[103, 104, 105, 106, 107, 108, 109, 110, 111, 112, 113, 114, 115, 116, 117, 118, 119, 120, 121, 122, 123, 124, 125, 126, 127, 128, 129, 130, 131, 132, 133, 134, 135, 136, 137, 138, 139, 140, 141, 142, 143, 144, 145, 146, 147, 148, 149, 150, 151, 152, 153, 154, 155, 156, 157, 158, 159, 160, 161, 162, 163, 164, 165, 166, 167, 168, 169, 170, 171, 172, 173, 174, 175, 176, 177, 178, 179, 180, 181, 182, 183, 184, 185, 186, 187, 188, 189, 190, 191, 192, 193, 194, 195, 196, 197, 198, 199, 200, 201, 202, 203, 204, 205, 206, 207, 208, 209, 210, 211, 212, 213, 214, 215, 216, 217, 218, 219, 220, 221, 222, 223, 224, 225, 226, 227, 228, 229, 230, 231, 232, 233, 234, 235, 236, 237, 238, 239, 240, 241, 242, 243, 244, 245, 246, 247, 248, 249, 250, 251, 252, 253, 254, 255, 256, 257, 258, 259, 260, 261, 262, 263, 264, 265, 266, 267, 268, 269, 270, 271, 272, 273, 274, 275, 276, 277, 278, 279, 280, 281, 282, 283, 284, 285, 286, 287, 288, 289, 290, 291, 292, 293, 294, 295, 296, 297, 298, 299, 300, 301, 302, 303, 304, 305, 306, 307, 308, 309, 310, 311, 312, 313, 314, 315, 316, 317, 318, 319, 320, 321, 322, 323, 324, 325, 326, 327, 328, 329, 330, 331, 332, 333, 334, 335, 336, 337, 574, 575, 576, 577, 578, 579, 580, 581, 582, 583, 584, 585, 586, 587, 588, 589, 590, 591, 592, 593, 594, 595, 596, 597, 598, 599, 600, 601, 602, 603, 604, 605, 606, 607, 608, 609, 610, 611, 612, 613, 614, 615, 616, 617, 618, 619, 620, 621, 622, 623, 624, 625, 626, 627, 628, 629, 630, 631, 632, 633, 634, 635, 636, 637, 638, 639, 640, 641, 642, 643, 644, 645, 646, 647, 648, 649, 650, 651, 652, 653, 654, 655, 656, 657, 658, 659, 660, 661, 662, 663, 664, 665, 666, 667, 668, 669, 670, 671, 672, 673, 674, 675, 676, 677, 678, 679, 680, 681, 682, 683, 684, 685, 686, 687, 688, 689, 690, 691, 692, 693, 694, 695, 696, 697, 698, 699, 700, 701, 702, 703, 704, 705, 706, 707, 708, 709, 710, 711, 712, 713, 714, 715, 716, 717, 718, 719, 720, 721, 722, 723, 724, 725, 726, 727, 728, 729, 730, 731, 732, 733, 734, 735, 736, 737, 738, 739, 740, 741, 742, 743, 744, 745, 746, 747, 748, 749, 750, 751, 752, 753, 754, 755, 756, 757, 758, 759, 760, 761, 762, 763, 764, 765, 766, 767, 768, 769, 770, 771, 772, 773, 774, 775, 776, 777, 778, 779, 780, 781, 782, 783, 784, 785, 786, 787, 788, 789, 790, 791, 792, 793]","[16, 125, 156, 163, 168, 184, 205, 222, 229, 253, 258, 265, 313, 317, 336, 340, 341, 356, 363, 365, 366, 367, 370, 375, 388, 391, 394, 396, 402, 410, 411, 412, 413, 415, 416, 417, 418, 419, 425, 429, 431, 433, 435, 437, 440, 441, 442, 443, 451, 452, 456, 457, 458, 460, 461, 464, 471, 473, 474, 475, 481, 482, 501, 596, 628, 635, 655, 675, 693, 716, 720, 725, 771, 775, 793, 796, 797, 811, 817, 818, 820, 825, 838, 841, 844, 846, 851, 857, 861, 862, 863, 864, 866, 867, 868, 870, 871, 877, 881, 883, 885, 888, 891, 892, 893, 898, 899, 904, 905, 907, 908, 911, 918, 920, 921, 922, 923, 924, 926, 931, 933]","[34, 35, 36, 37, 38, 39, 40, 41, 42, 43, 44, 45, 46, 47, 48, 201, 202, 203, 204, 205, 206, 207, 208, 209, 210, 211, 212, 213, 214, 215, 216, 355, 356, 357, 358, 359, 360, 361, 429, 430, 431, 432, 433, 434, 435, 515, 516, 517, 518, 519, 520, 521, 522, 523, 524, 525, 526, 527, 672, 673, 674, 675, 676, 677, 678, 679, 680, 681, 682, 683, 684, 810, 811, 812, 813, 814, 881, 882, 883, 884, 885, 886]","[32, 33, 34, 35, 36, 37, 38, 39, 40, 41, 42, 43, 44, 45, 46, 47, 48, 201, 202, 203, 204, 205, 206, 207, 208, 209, 210, 211, 212, 213, 214, 215, 216, 355, 356, 357, 358, 359, 360, 361, 429, 430, 431, 432, 433, 434, 435, 515, 516, 517, 518, 519, 520, 521, 522, 523, 524, 525, 526, 527, 672, 673, 674, 675, 676, 677, 678, 679, 680, 681, 682, 683, 684, 810, 811, 812, 813, 814, 881, 882, 883, 884, 885, 886]","[16, 32, 33, 34, 35, 36, 37, 38, 39, 40, 41, 42, 43, 44, 45, 46, 47, 48, 103, 104, 105, 106, 107, 108, 109, 110, 111, 112, 113, 114, 115, 116, 117, 118, 119, 120, 121, 122, 123, 124, 125, 126, 127, 128, 129, 130, 131, 132, 133, 134, 135, 136, 137, 138, 139, 140, 141, 142, 143, 144, 145, 146, 147, 148, 149, 150, 151, 152, 153, 154, 155, 156, 157, 158, 159, 160, 161, 162, 163, 164, 165, 166, 167, 168, 169, 170, 171, 172, 173, 174, 175, 176, 177, 178, 179, 180, 181, 182, 183, 184, 185, 186, 187, 188, 189, 190, 191, 192, 193, 194, 195, 196, 197, 198, 199, 200, 201, 202, 203, 204, 205, 206, 207, 208, 209, 210, 211, 212, 213, 214, 215, 216, 217, 218, 219, 220, 221, 222, 223, 224, 225, 226, 227, 228, 229, 230, 231, 232, 233, 234, 235, 236, 237, 238, 239, 240, 241, 242, 243, 244, 245, 246, 247, 248, 249, 250, 251, 252, 253, 254, 255, 256, 257, 258, 259, 260, 261, 262, 263, 264, 265, 266, 267, 268, 269, 270, 271, 272, 273, 274, 275, 276, 277, 278, 279, 280, 281, 282, 283, 284, 285, 286, 287, 288, 289, 290, 291, 292, 293, 294, 295, 296, 297, 298, 299, 300, 301, 302, 303, 304, 305, 306, 307, 308, 309, 310, 311, 312, 313, 314, 315, 316, 317, 318, 319, 320, 321, 322, 323, 324, 325, 326, 327, 328, 329, 330, 331, 332, 333, 334, 335, 336, 337, 340, 341, 355, 356, 357, 358, 359, 360, 361, 363, 365, 366, 367, 370, 375, 388, 391, 394, 396, 402, 410, 411, 412, 413, 415, 416, 417, 418, 419, 425, 429, 430, 431, 432, 433, 434, 435, 437, 440, 441, 442, 443, 451, 452, 456, 457, 458, 460, 461, 464, 471, 473, 474, 475, 481, 482, 501, 515, 516, 517, 518, 519, 520, 521, 522, 523, 524, 525, 526, 527, 574, 575, 576, 577, 578, 579, 580, 581, 582, 583, 584, 585, 586, 587, 588, 589, 590, 591, 592, 593, 594, 595, 596, 597, 598, 599, 600, 601, 602, 603, 604, 605, 606, 607, 608, 609, 610, 611, 612, 613, 614, 615, 616, 617, 618, 619, 620, 621, 622, 623, 624, 625, 626, 627, 628, 629, 630, 631, 632, 633, 634, 635, 636, 637, 638, 639, 640, 641, 642, 643, 644, 645, 646, 647, 648, 649, 650, 651, 652, 653, 654, 655, 656, 657, 658, 659, 660, 661, 662, 663, 664, 665, 666, 667, 668, 669, 670, 671, 672, 673, 674, 675, 676, 677, 678, 679, 680, 681, 682, 683, 684, 685, 686, 687, 688, 689, 690, 691, 692, 693, 694, 695, 696, 697, 698, 699, 700, 701, 702, 703, 704, 705, 706, 707, 708, 709, 710, 711, 712, 713, 714, 715, 716, 717, 718, 719, 720, 721, 722, 723, 724, 725, 726, 727, 728, 729, 730, 731, 732, 733, 734, 735, 736, 737, 738, 739, 740, 741, 742, 743, 744, 745, 746, 747, 748, 749, 750, 751, 752, 753, 754, 755, 756, 757, 758, 759, 760, 761, 762, 763, 764, 765, 766, 767, 768, 769, 770, 771, 772, 773, 774, 775, 776, 777, 778, 779, 780, 781, 782, 783, 784, 785, 786, 787, 788, 789, 790, 791, 792, 793, 796, 797, 810, 811, 812, 813, 814, 817, 818, 820, 825, 838, 841, 844, 846, 851, 857, 861, 862, 863, 864, 866, 867, 868, 870, 871, 877, 881, 882, 883, 884, 885, 886, 888, 891, 892, 893, 898, 899, 904, 905, 907, 908, 911, 918, 920, 921, 922, 923, 924, 926, 931, 933]",True,"[163, 168, 205, 253, 313, 635, 675, 716, 771]","[103, 104, 105, 106, 107, 108, 109, 110, 111, 112, 113, 114, 115, 116, 117, 118, 119, 120, 121, 122, 123, 124, 125, 126, 127, 128, 129, 130, 131, 132, 133, 134, 135, 136, 137, 138, 139, 140, 141, 142, 143, 144, 145, 146, 147, 148, 149, 150, 151, 152, 153, 154, 155, 156, 157, 158, 159, 160, 161, 162, 163, 164, 165, 166, 167, 168, 169, 170, 171, 172, 173, 174, 175, 176, 177, 178, 179, 180, 181, 182, 183, 184, 185, 186, 187, 188, 189, 190, 191, 192, 193, 194, 195, 196, 197, 198, 199, 200, 201, 202, 203, 204, 205, 206, 207, 208, 209, 210, 211, 212, 213, 214, 215, 216, 217, 218, 219, 220, 221, 222, 223, 224, 225, 226, 227, 228, 229, 230, 231, 232, 233, 234, 235, 236, 237, 238, 239, 240, 241, 242, 243, 244, 245, 246, 247, 248, 249, 250, 251, 252, 253, 254, 255, 256, 257, 258, 259, 260, 261, 262, 263, 264, 265, 266, 267, 268, 269, 270, 271, 272, 273, 274, 275, 276, 277, 278, 279, 280, 281, 282, 283, 284, 285, 286, 287, 288, 289, 290, 291, 292, 293, 294, 295, 296, 297, 298, 299, 300, 301, 302, 303, 304, 305, 306, 307, 308, 309, 310, 311, 312, 313, 314, 315, 316, 317, 318, 319, 320, 321, 322, 323, 324, 325, 326, 327, 328, 329, 330, 331, 332, 333, 334, 335, 336, 337, 574, 575, 576, 577, 578, 579, 580, 581, 582, 583, 584, 585, 586, 587, 588, 589, 590, 591, 592, 593, 594, 595, 596, 597, 598, 599, 600, 601, 602, 603, 604, 605, 606, 607, 608, 609, 610, 611, 612, 613, 614, 615, 616, 617, 618, 619, 620, 621, 622, 623, 624, 625, 626, 627, 628, 629, 630, 631, 632, 633, 634, 635, 636, 637, 638, 639, 640, 641, 642, 643, 644, 645, 646, 647, 648, 649, 650, 651, 652, 653, 654, 655, 656, 657, 658, 659, 660, 661, 662, 663, 664, 665, 666, 667, 668, 669, 670, 671, 672, 673, 674, 675, 676, 677, 678, 679, 680, 681, 682, 683, 684, 685, 686, 687, 688, 689, 690, 691, 692, 693, 694, 695, 696, 697, 698, 699, 700, 701, 702, 703, 704, 705, 706, 707, 708, 709, 710, 711, 712, 713, 714, 715, 716, 717, 718, 719, 720, 721, 722, 723, 724, 725, 726, 727, 728, 729, 730, 731, 732, 733, 734, 735, 736, 737, 738, 739, 740, 741, 742, 743, 744, 745, 746, 747, 748, 749, 750, 751, 752, 753, 754, 755, 756, 757, 758, 759, 760, 761, 762, 763, 764, 765, 766, 767, 768, 769, 770, 771, 772, 773, 774, 775, 776, 777, 778, 779, 780, 781, 782, 783, 784, 785, 786, 787, 788, 789, 790, 791, 792, 793]","[163, 168, 205, 253, 313, 635, 675, 716, 771]","[163, 205, 253, 313, 635, 675, 716, 771]","[16, 125, 156, 163, 168, 184, 205, 222, 229, 253, 258, 265, 313, 317, 336, 340, 341, 356, 363, 365, 366, 367, 370, 375, 388, 391, 394, 396, 402, 410, 411, 412, 413, 415, 416, 417, 418, 419, 425, 429, 431, 433, 435, 437, 440, 441, 442, 443, 451, 452, 456, 457, 458, 460, 461, 464, 471, 473, 474, 475, 481, 482, 501, 596, 628, 635, 655, 675, 693, 716, 720, 725, 771, 775, 793, 796, 797, 811, 817, 818, 820, 825, 838, 841, 844, 846, 851, 857, 861, 862, 863, 864, 866, 867, 868, 870, 871, 877, 881, 883, 885, 888, 891, 892, 893, 898, 899, 904, 905, 907, 908, 911, 918, 920, 921, 922, 923, 924, 926, 931, 933]","[32, 33, 34, 35, 36, 37, 38, 39, 40, 41, 42, 43, 44, 45, 46, 47, 48, 201, 202, 203, 204, 205, 206, 207, 208, 209, 210, 211, 212, 213, 214, 215, 216, 355, 356, 357, 358, 359, 360, 361, 429, 430, 431, 432, 433, 434, 435, 515, 516, 517, 518, 519, 520, 521, 522, 523, 524, 525, 526, 527, 672, 673, 674, 675, 676, 677, 678, 679, 680, 681, 682, 683, 684, 810, 811, 812, 813, 814, 881, 882, 883, 884, 885, 886]","[34, 35, 36, 37, 38, 39, 40, 41, 42, 43, 44, 45, 46, 47, 48, 201, 202, 203, 204, 205, 206, 207, 208, 209, 210, 211, 212, 213, 214, 215, 216, 355, 356, 357, 358, 359, 360, 361, 429, 430, 431, 432, 433, 434, 435, 515, 516, 517, 518, 519, 520, 521, 522, 523, 524, 525, 526, 527, 672, 673, 674, 675, 676, 677, 678, 679, 680, 681, 682, 683, 684, 810, 811, 812, 813, 814, 881, 882, 883, 884, 885, 886]",7/6 successful match,True,"[398, 399, 400]",True,726,False,,0.9882051282051282,True,Love's Travel Stop # 374 Rd SE ) FLYING J,Love's
"Barstow , 92311 American Travel Center","760-256-5642 I-15 Exit 181 ( L St , W Main )",24 000,Barstow,92311,American Travel Center,760-256-5642,2006,Barstow,CA,,"( L St , W Main )",I-15 Exit 181 ,Exit,181,False,,False,I-15,,,,,[],"[163, 168, 205, 253, 313, 635, 675, 716, 771]","[163, 168, 205, 253, 313, 635, 675, 716, 771]",[],"[103, 104, 105, 106, 107, 108, 109, 110, 111, 112, 113, 114, 115, 116, 117, 118, 119, 120, 121, 122, 123, 124, 125, 126, 127, 128, 129, 130, 131, 132, 133, 134, 135, 136, 137, 138, 139, 140, 141, 142, 143, 144, 145, 146, 147, 148, 149, 150, 151, 152, 153, 154, 155, 156, 157, 158, 159, 160, 161, 162, 163, 164, 165, 166, 167, 168, 169, 170, 171, 172, 173, 174, 175, 176, 177, 178, 179, 180, 181, 182, 183, 184, 185, 186, 187, 188, 189, 190, 191, 192, 193, 194, 195, 196, 197, 198, 199, 200, 201, 202, 203, 204, 205, 206, 207, 208, 209, 210, 211, 212, 213, 214, 215, 216, 217, 218, 219, 220, 221, 222, 223, 224, 225, 226, 227, 228, 229, 230, 231, 232, 233, 234, 235, 236, 237, 238, 239, 240, 241, 242, 243, 244, 245, 246, 247, 248, 249, 250, 251, 252, 253, 254, 255, 256, 257, 258, 259, 260, 261, 262, 263, 264, 265, 266, 267, 268, 269, 270, 271, 272, 273, 274, 275, 276, 277, 278, 279, 280, 281, 282, 283, 284, 285, 286, 287, 288, 289, 290, 291, 292, 293, 294, 295, 296, 297, 298, 299, 300, 301, 302, 303, 304, 305, 306, 307, 308, 309, 310, 311, 312, 313, 314, 315, 316, 317, 318, 319, 320, 321, 322, 323, 324, 325, 326, 327, 328, 329, 330, 331, 332, 333, 334, 335, 336, 337, 574, 575, 576, 577, 578, 579, 580, 581, 582, 583, 584, 585, 586, 587, 588, 589, 590, 591, 592, 593, 594, 595, 596, 597, 598, 599, 600, 601, 602, 603, 604, 605, 606, 607, 608, 609, 610, 611, 612, 613, 614, 615, 616, 617, 618, 619, 620, 621, 622, 623, 624, 625, 626, 627, 628, 629, 630, 631, 632, 633, 634, 635, 636, 637, 638, 639, 640, 641, 642, 643, 644, 645, 646, 647, 648, 649, 650, 651, 652, 653, 654, 655, 656, 657, 658, 659, 660, 661, 662, 663, 664, 665, 666, 667, 668, 669, 670, 671, 672, 673, 674, 675, 676, 677, 678, 679, 680, 681, 682, 683, 684, 685, 686, 687, 688, 689, 690, 691, 692, 693, 694, 695, 696, 697, 698, 699, 700, 701, 702, 703, 704, 705, 706, 707, 708, 709, 710, 711, 712, 713, 714, 715, 716, 717, 718, 719, 720, 721, 722, 723, 724, 725, 726, 727, 728, 729, 730, 731, 732, 733, 734, 735, 736, 737, 738, 739, 740, 741, 742, 743, 744, 745, 746, 747, 748, 749, 750, 751, 752, 753, 754, 755, 756, 757, 758, 759, 760, 761, 762, 763, 764, 765, 766, 767, 768, 769, 770, 771, 772, 773, 774, 775, 776, 777, 778, 779, 780, 781, 782, 783, 784, 785, 786, 787, 788, 789, 790, 791, 792, 793]","[16, 125, 156, 163, 168, 184, 205, 222, 229, 253, 258, 265, 313, 317, 336, 340, 341, 356, 363, 365, 366, 367, 370, 375, 388, 391, 394, 396, 402, 410, 411, 412, 413, 415, 416, 417, 418, 419, 425, 429, 431, 433, 435, 437, 440, 441, 442, 443, 451, 452, 456, 457, 458, 460, 461, 464, 471, 473, 474, 475, 481, 482, 501, 596, 628, 635, 655, 675, 693, 716, 720, 725, 771, 775, 793, 796, 797, 811, 817, 818, 820, 825, 838, 841, 844, 846, 851, 857, 861, 862, 863, 864, 866, 867, 868, 870, 871, 877, 881, 883, 885, 888, 891, 892, 893, 898, 899, 904, 905, 907, 908, 911, 918, 920, 921, 922, 923, 924, 926, 931, 933]",[],[],"[16, 103, 104, 105, 106, 107, 108, 109, 110, 111, 112, 113, 114, 115, 116, 117, 118, 119, 120, 121, 122, 123, 124, 125, 126, 127, 128, 129, 130, 131, 132, 133, 134, 135, 136, 137, 138, 139, 140, 141, 142, 143, 144, 145, 146, 147, 148, 149, 150, 151, 152, 153, 154, 155, 156, 157, 158, 159, 160, 161, 162, 163, 164, 165, 166, 167, 168, 169, 170, 171, 172, 173, 174, 175, 176, 177, 178, 179, 180, 181, 182, 183, 184, 185, 186, 187, 188, 189, 190, 191, 192, 193, 194, 195, 196, 197, 198, 199, 200, 201, 202, 203, 204, 205, 206, 207, 208, 209, 210, 211, 212, 213, 214, 215, 216, 217, 218, 219, 220, 221, 222, 223, 224, 225, 226, 227, 228, 229, 230, 231, 232, 233, 234, 235, 236, 237, 238, 239, 240, 241, 242, 243, 244, 245, 246, 247, 248, 249, 250, 251, 252, 253, 254, 255, 256, 257, 258, 259, 260, 261, 262, 263, 264, 265, 266, 267, 268, 269, 270, 271, 272, 273, 274, 275, 276, 277, 278, 279, 280, 281, 282, 283, 284, 285, 286, 287, 288, 289, 290, 291, 292, 293, 294, 295, 296, 297, 298, 299, 300, 301, 302, 303, 304, 305, 306, 307, 308, 309, 310, 311, 312, 313, 314, 315, 316, 317, 318, 319, 320, 321, 322, 323, 324, 325, 326, 327, 328, 329, 330, 331, 332, 333, 334, 335, 336, 337, 340, 341, 356, 363, 365, 366, 367, 370, 375, 388, 391, 394, 396, 402, 410, 411, 412, 413, 415, 416, 417, 418, 419, 425, 429, 431, 433, 435, 437, 440, 441, 442, 443, 451, 452, 456, 457, 458, 460, 461, 464, 471, 473, 474, 475, 481, 482, 501, 574, 575, 576, 577, 578, 579, 580, 581, 582, 583, 584, 585, 586, 587, 588, 589, 590, 591, 592, 593, 594, 595, 596, 597, 598, 599, 600, 601, 602, 603, 604, 605, 606, 607, 608, 609, 610, 611, 612, 613, 614, 615, 616, 617, 618, 619, 620, 621, 622, 623, 624, 625, 626, 627, 628, 629, 630, 631, 632, 633, 634, 635, 636, 637, 638, 639, 640, 641, 642, 643, 644, 645, 646, 647, 648, 649, 650, 651, 652, 653, 654, 655, 656, 657, 658, 659, 660, 661, 662, 663, 664, 665, 666, 667, 668, 669, 670, 671, 672, 673, 674, 675, 676, 677, 678, 679, 680, 681, 682, 683, 684, 685, 686, 687, 688, 689, 690, 691, 692, 693, 694, 695, 696, 697, 698, 699, 700, 701, 702, 703, 704, 705, 706, 707, 708, 709, 710, 711, 712, 713, 714, 715, 716, 717, 718, 719, 720, 721, 722, 723, 724, 725, 726, 727, 728, 729, 730, 731, 732, 733, 734, 735, 736, 737, 738, 739, 740, 741, 742, 743, 744, 745, 746, 747, 748, 749, 750, 751, 752, 753, 754, 755, 756, 757, 758, 759, 760, 761, 762, 763, 764, 765, 766, 767, 768, 769, 770, 771, 772, 773, 774, 775, 776, 777, 778, 779, 780, 781, 782, 783, 784, 785, 786, 787, 788, 789, 790, 791, 792, 793, 796, 797, 811, 817, 818, 820, 825, 838, 841, 844, 846, 851, 857, 861, 862, 863, 864, 866, 867, 868, 870, 871, 877, 881, 883, 885, 888, 891, 892, 893, 898, 899, 904, 905, 907, 908, 911, 918, 920, 921, 922, 923, 924, 926, 931, 933]",False,"[163, 168, 205, 253, 313, 635, 675, 716, 771]","[103, 104, 105, 106, 107, 108, 109, 110, 111, 112, 113, 114, 115, 116, 117, 118, 119, 120, 121, 122, 123, 124, 125, 126, 127, 128, 129, 130, 131, 132, 133, 134, 135, 136, 137, 138, 139, 140, 141, 142, 143, 144, 145, 146, 147, 148, 149, 150, 151, 152, 153, 154, 155, 156, 157, 158, 159, 160, 161, 162, 163, 164, 165, 166, 167, 168, 169, 170, 171, 172, 173, 174, 175, 176, 177, 178, 179, 180, 181, 182, 183, 184, 185, 186, 187, 188, 189, 190, 191, 192, 193, 194, 195, 196, 197, 198, 199, 200, 201, 202, 203, 204, 205, 206, 207, 208, 209, 210, 211, 212, 213, 214, 215, 216, 217, 218, 219, 220, 221, 222, 223, 224, 225, 226, 227, 228, 229, 230, 231, 232, 233, 234, 235, 236, 237, 238, 239, 240, 241, 242, 243, 244, 245, 246, 247, 248, 249, 250, 251, 252, 253, 254, 255, 256, 257, 258, 259, 260, 261, 262, 263, 264, 265, 266, 267, 268, 269, 270, 271, 272, 273, 274, 275, 276, 277, 278, 279, 280, 281, 282, 283, 284, 285, 286, 287, 288, 289, 290, 291, 292, 293, 294, 295, 296, 297, 298, 299, 300, 301, 302, 303, 304, 305, 306, 307, 308, 309, 310, 311, 312, 313, 314, 315, 316, 317, 318, 319, 320, 321, 322, 323, 324, 325, 326, 327, 328, 329, 330, 331, 332, 333, 334, 335, 336, 337, 574, 575, 576, 577, 578, 579, 580, 581, 582, 583, 584, 585, 586, 587, 588, 589, 590, 591, 592, 593, 594, 595, 596, 597, 598, 599, 600, 601, 602, 603, 604, 605, 606, 607, 608, 609, 610, 611, 612, 613, 614, 615, 616, 617, 618, 619, 620, 621, 622, 623, 624, 625, 626, 627, 628, 629, 630, 631, 632, 633, 634, 635, 636, 637, 638, 639, 640, 641, 642, 643, 644, 645, 646, 647, 648, 649, 650, 651, 652, 653, 654, 655, 656, 657, 658, 659, 660, 661, 662, 663, 664, 665, 666, 667, 668, 669, 670, 671, 672, 673, 674, 675, 676, 677, 678, 679, 680, 681, 682, 683, 684, 685, 686, 687, 688, 689, 690, 691, 692, 693, 694, 695, 696, 697, 698, 699, 700, 701, 702, 703, 704, 705, 706, 707, 708, 709, 710, 711, 712, 713, 714, 715, 716, 717, 718, 719, 720, 721, 722, 723, 724, 725, 726, 727, 728, 729, 730, 731, 732, 733, 734, 735, 736, 737, 738, 739, 740, 741, 742, 743, 744, 745, 746, 747, 748, 749, 750, 751, 752, 753, 754, 755, 756, 757, 758, 759, 760, 761, 762, 763, 764, 765, 766, 767, 768, 769, 770, 771, 772, 773, 774, 775, 776, 777, 778, 779, 780, 781, 782, 783, 784, 785, 786, 787, 788, 789, 790, 791, 792, 793]","[163, 168, 205, 253, 313, 635, 675, 716, 771]",[],"[16, 125, 156, 163, 168, 184, 205, 222, 229, 253, 258, 265, 313, 317, 336, 340, 341, 356, 363, 365, 366, 367, 370, 375, 388, 391, 394, 396, 402, 410, 411, 412, 413, 415, 416, 417, 418, 419, 425, 429, 431, 433, 435, 437, 440, 441, 442, 443, 451, 452, 456, 457, 458, 460, 461, 464, 471, 473, 474, 475, 481, 482, 501, 596, 628, 635, 655, 675, 693, 716, 720, 725, 771, 775, 793, 796, 797, 811, 817, 818, 820, 825, 838, 841, 844, 846, 851, 857, 861, 862, 863, 864, 866, 867, 868, 870, 871, 877, 881, 883, 885, 888, 891, 892, 893, 898, 899, 904, 905, 907, 908, 911, 918, 920, 921, 922, 923, 924, 926, 931, 933]",[],[],7/6 successful match,False,,False,727,False,,,,,
"Barstow , 92311 American Travel Center","760-256-5642 I-15 Exit 181 ( L St , W Main )",4443 XL 225,Barstow,92311,American Travel Center,760-256-5642,2007,Barstow,CA,,"( L St , W Main )",I-15 Exit 181 ,Exit,181,False,,False,I-15,,,,,[],"[163, 168, 205, 253, 313, 635, 675, 716, 771]","[163, 168, 205, 253, 313, 635, 675, 716, 771]",[],"[103, 104, 105, 106, 107, 108, 109, 110, 111, 112, 113, 114, 115, 116, 117, 118, 119, 120, 121, 122, 123, 124, 125, 126, 127, 128, 129, 130, 131, 132, 133, 134, 135, 136, 137, 138, 139, 140, 141, 142, 143, 144, 145, 146, 147, 148, 149, 150, 151, 152, 153, 154, 155, 156, 157, 158, 159, 160, 161, 162, 163, 164, 165, 166, 167, 168, 169, 170, 171, 172, 173, 174, 175, 176, 177, 178, 179, 180, 181, 182, 183, 184, 185, 186, 187, 188, 189, 190, 191, 192, 193, 194, 195, 196, 197, 198, 199, 200, 201, 202, 203, 204, 205, 206, 207, 208, 209, 210, 211, 212, 213, 214, 215, 216, 217, 218, 219, 220, 221, 222, 223, 224, 225, 226, 227, 228, 229, 230, 231, 232, 233, 234, 235, 236, 237, 238, 239, 240, 241, 242, 243, 244, 245, 246, 247, 248, 249, 250, 251, 252, 253, 254, 255, 256, 257, 258, 259, 260, 261, 262, 263, 264, 265, 266, 267, 268, 269, 270, 271, 272, 273, 274, 275, 276, 277, 278, 279, 280, 281, 282, 283, 284, 285, 286, 287, 288, 289, 290, 291, 292, 293, 294, 295, 296, 297, 298, 299, 300, 301, 302, 303, 304, 305, 306, 307, 308, 309, 310, 311, 312, 313, 314, 315, 316, 317, 318, 319, 320, 321, 322, 323, 324, 325, 326, 327, 328, 329, 330, 331, 332, 333, 334, 335, 336, 337, 574, 575, 576, 577, 578, 579, 580, 581, 582, 583, 584, 585, 586, 587, 588, 589, 590, 591, 592, 593, 594, 595, 596, 597, 598, 599, 600, 601, 602, 603, 604, 605, 606, 607, 608, 609, 610, 611, 612, 613, 614, 615, 616, 617, 618, 619, 620, 621, 622, 623, 624, 625, 626, 627, 628, 629, 630, 631, 632, 633, 634, 635, 636, 637, 638, 639, 640, 641, 642, 643, 644, 645, 646, 647, 648, 649, 650, 651, 652, 653, 654, 655, 656, 657, 658, 659, 660, 661, 662, 663, 664, 665, 666, 667, 668, 669, 670, 671, 672, 673, 674, 675, 676, 677, 678, 679, 680, 681, 682, 683, 684, 685, 686, 687, 688, 689, 690, 691, 692, 693, 694, 695, 696, 697, 698, 699, 700, 701, 702, 703, 704, 705, 706, 707, 708, 709, 710, 711, 712, 713, 714, 715, 716, 717, 718, 719, 720, 721, 722, 723, 724, 725, 726, 727, 728, 729, 730, 731, 732, 733, 734, 735, 736, 737, 738, 739, 740, 741, 742, 743, 744, 745, 746, 747, 748, 749, 750, 751, 752, 753, 754, 755, 756, 757, 758, 759, 760, 761, 762, 763, 764, 765, 766, 767, 768, 769, 770, 771, 772, 773, 774, 775, 776, 777, 778, 779, 780, 781, 782, 783, 784, 785, 786, 787, 788, 789, 790, 791, 792, 793]","[16, 125, 156, 163, 168, 184, 205, 222, 229, 253, 258, 265, 313, 317, 336, 340, 341, 356, 363, 365, 366, 367, 370, 375, 388, 391, 394, 396, 402, 410, 411, 412, 413, 415, 416, 417, 418, 419, 425, 429, 431, 433, 435, 437, 440, 441, 442, 443, 451, 452, 456, 457, 458, 460, 461, 464, 471, 473, 474, 475, 481, 482, 501, 596, 628, 635, 655, 675, 693, 716, 720, 725, 771, 775, 793, 796, 797, 811, 817, 818, 820, 825, 838, 841, 844, 846, 851, 857, 861, 862, 863, 864, 866, 867, 868, 870, 871, 877, 881, 883, 885, 888, 891, 892, 893, 898, 899, 904, 905, 907, 908, 911, 918, 920, 921, 922, 923, 924, 926, 931, 933]",[],[],"[16, 103, 104, 105, 106, 107, 108, 109, 110, 111, 112, 113, 114, 115, 116, 117, 118, 119, 120, 121, 122, 123, 124, 125, 126, 127, 128, 129, 130, 131, 132, 133, 134, 135, 136, 137, 138, 139, 140, 141, 142, 143, 144, 145, 146, 147, 148, 149, 150, 151, 152, 153, 154, 155, 156, 157, 158, 159, 160, 161, 162, 163, 164, 165, 166, 167, 168, 169, 170, 171, 172, 173, 174, 175, 176, 177, 178, 179, 180, 181, 182, 183, 184, 185, 186, 187, 188, 189, 190, 191, 192, 193, 194, 195, 196, 197, 198, 199, 200, 201, 202, 203, 204, 205, 206, 207, 208, 209, 210, 211, 212, 213, 214, 215, 216, 217, 218, 219, 220, 221, 222, 223, 224, 225, 226, 227, 228, 229, 230, 231, 232, 233, 234, 235, 236, 237, 238, 239, 240, 241, 242, 243, 244, 245, 246, 247, 248, 249, 250, 251, 252, 253, 254, 255, 256, 257, 258, 259, 260, 261, 262, 263, 264, 265, 266, 267, 268, 269, 270, 271, 272, 273, 274, 275, 276, 277, 278, 279, 280, 281, 282, 283, 284, 285, 286, 287, 288, 289, 290, 291, 292, 293, 294, 295, 296, 297, 298, 299, 300, 301, 302, 303, 304, 305, 306, 307, 308, 309, 310, 311, 312, 313, 314, 315, 316, 317, 318, 319, 320, 321, 322, 323, 324, 325, 326, 327, 328, 329, 330, 331, 332, 333, 334, 335, 336, 337, 340, 341, 356, 363, 365, 366, 367, 370, 375, 388, 391, 394, 396, 402, 410, 411, 412, 413, 415, 416, 417, 418, 419, 425, 429, 431, 433, 435, 437, 440, 441, 442, 443, 451, 452, 456, 457, 458, 460, 461, 464, 471, 473, 474, 475, 481, 482, 501, 574, 575, 576, 577, 578, 579, 580, 581, 582, 583, 584, 585, 586, 587, 588, 589, 590, 591, 592, 593, 594, 595, 596, 597, 598, 599, 600, 601, 602, 603, 604, 605, 606, 607, 608, 609, 610, 611, 612, 613, 614, 615, 616, 617, 618, 619, 620, 621, 622, 623, 624, 625, 626, 627, 628, 629, 630, 631, 632, 633, 634, 635, 636, 637, 638, 639, 640, 641, 642, 643, 644, 645, 646, 647, 648, 649, 650, 651, 652, 653, 654, 655, 656, 657, 658, 659, 660, 661, 662, 663, 664, 665, 666, 667, 668, 669, 670, 671, 672, 673, 674, 675, 676, 677, 678, 679, 680, 681, 682, 683, 684, 685, 686, 687, 688, 689, 690, 691, 692, 693, 694, 695, 696, 697, 698, 699, 700, 701, 702, 703, 704, 705, 706, 707, 708, 709, 710, 711, 712, 713, 714, 715, 716, 717, 718, 719, 720, 721, 722, 723, 724, 725, 726, 727, 728, 729, 730, 731, 732, 733, 734, 735, 736, 737, 738, 739, 740, 741, 742, 743, 744, 745, 746, 747, 748, 749, 750, 751, 752, 753, 754, 755, 756, 757, 758, 759, 760, 761, 762, 763, 764, 765, 766, 767, 768, 769, 770, 771, 772, 773, 774, 775, 776, 777, 778, 779, 780, 781, 782, 783, 784, 785, 786, 787, 788, 789, 790, 791, 792, 793, 796, 797, 811, 817, 818, 820, 825, 838, 841, 844, 846, 851, 857, 861, 862, 863, 864, 866, 867, 868, 870, 871, 877, 881, 883, 885, 888, 891, 892, 893, 898, 899, 904, 905, 907, 908, 911, 918, 920, 921, 922, 923, 924, 926, 931, 933]",False,"[163, 168, 205, 253, 313, 635, 675, 716, 771]","[103, 104, 105, 106, 107, 108, 109, 110, 111, 112, 113, 114, 115, 116, 117, 118, 119, 120, 121, 122, 123, 124, 125, 126, 127, 128, 129, 130, 131, 132, 133, 134, 135, 136, 137, 138, 139, 140, 141, 142, 143, 144, 145, 146, 147, 148, 149, 150, 151, 152, 153, 154, 155, 156, 157, 158, 159, 160, 161, 162, 163, 164, 165, 166, 167, 168, 169, 170, 171, 172, 173, 174, 175, 176, 177, 178, 179, 180, 181, 182, 183, 184, 185, 186, 187, 188, 189, 190, 191, 192, 193, 194, 195, 196, 197, 198, 199, 200, 201, 202, 203, 204, 205, 206, 207, 208, 209, 210, 211, 212, 213, 214, 215, 216, 217, 218, 219, 220, 221, 222, 223, 224, 225, 226, 227, 228, 229, 230, 231, 232, 233, 234, 235, 236, 237, 238, 239, 240, 241, 242, 243, 244, 245, 246, 247, 248, 249, 250, 251, 252, 253, 254, 255, 256, 257, 258, 259, 260, 261, 262, 263, 264, 265, 266, 267, 268, 269, 270, 271, 272, 273, 274, 275, 276, 277, 278, 279, 280, 281, 282, 283, 284, 285, 286, 287, 288, 289, 290, 291, 292, 293, 294, 295, 296, 297, 298, 299, 300, 301, 302, 303, 304, 305, 306, 307, 308, 309, 310, 311, 312, 313, 314, 315, 316, 317, 318, 319, 320, 321, 322, 323, 324, 325, 326, 327, 328, 329, 330, 331, 332, 333, 334, 335, 336, 337, 574, 575, 576, 577, 578, 579, 580, 581, 582, 583, 584, 585, 586, 587, 588, 589, 590, 591, 592, 593, 594, 595, 596, 597, 598, 599, 600, 601, 602, 603, 604, 605, 606, 607, 608, 609, 610, 611, 612, 613, 614, 615, 616, 617, 618, 619, 620, 621, 622, 623, 624, 625, 626, 627, 628, 629, 630, 631, 632, 633, 634, 635, 636, 637, 638, 639, 640, 641, 642, 643, 644, 645, 646, 647, 648, 649, 650, 651, 652, 653, 654, 655, 656, 657, 658, 659, 660, 661, 662, 663, 664, 665, 666, 667, 668, 669, 670, 671, 672, 673, 674, 675, 676, 677, 678, 679, 680, 681, 682, 683, 684, 685, 686, 687, 688, 689, 690, 691, 692, 693, 694, 695, 696, 697, 698, 699, 700, 701, 702, 703, 704, 705, 706, 707, 708, 709, 710, 711, 712, 713, 714, 715, 716, 717, 718, 719, 720, 721, 722, 723, 724, 725, 726, 727, 728, 729, 730, 731, 732, 733, 734, 735, 736, 737, 738, 739, 740, 741, 742, 743, 744, 745, 746, 747, 748, 749, 750, 751, 752, 753, 754, 755, 756, 757, 758, 759, 760, 761, 762, 763, 764, 765, 766, 767, 768, 769, 770, 771, 772, 773, 774, 775, 776, 777, 778, 779, 780, 781, 782, 783, 784, 785, 786, 787, 788, 789, 790, 791, 792, 793]","[163, 168, 205, 253, 313, 635, 675, 716, 771]",[],"[16, 125, 156, 163, 168, 184, 205, 222, 229, 253, 258, 265, 313, 317, 336, 340, 341, 356, 363, 365, 366, 367, 370, 375, 388, 391, 394, 396, 402, 410, 411, 412, 413, 415, 416, 417, 418, 419, 425, 429, 431, 433, 435, 437, 440, 441, 442, 443, 451, 452, 456, 457, 458, 460, 461, 464, 471, 473, 474, 475, 481, 482, 501, 596, 628, 635, 655, 675, 693, 716, 720, 725, 771, 775, 793, 796, 797, 811, 817, 818, 820, 825, 838, 841, 844, 846, 851, 857, 861, 862, 863, 864, 866, 867, 868, 870, 871, 877, 881, 883, 885, 888, 891, 892, 893, 898, 899, 904, 905, 907, 908, 911, 918, 920, 921, 922, 923, 924, 926, 931, 933]",[],[],7/6 successful match,False,,False,727,False,,1.0,True,American Travel Center,
"Barstow , 92311 American Travel Center","5 760-256-5642 I-15 Exit 181 ( L St , W Main )",24 XL 24,Barstow,92311,American Travel Center,760-256-5642,2008,Barstow,CA,,"( L St , W Main )",I-15 Exit 181 ,Exit,181,False,,False,I-15,,,,,[],"[163, 168, 205, 253, 313, 635, 675, 716, 771]","[163, 168, 205, 253, 313, 635, 675, 716, 771]",[],"[103, 104, 105, 106, 107, 108, 109, 110, 111, 112, 113, 114, 115, 116, 117, 118, 119, 120, 121, 122, 123, 124, 125, 126, 127, 128, 129, 130, 131, 132, 133, 134, 135, 136, 137, 138, 139, 140, 141, 142, 143, 144, 145, 146, 147, 148, 149, 150, 151, 152, 153, 154, 155, 156, 157, 158, 159, 160, 161, 162, 163, 164, 165, 166, 167, 168, 169, 170, 171, 172, 173, 174, 175, 176, 177, 178, 179, 180, 181, 182, 183, 184, 185, 186, 187, 188, 189, 190, 191, 192, 193, 194, 195, 196, 197, 198, 199, 200, 201, 202, 203, 204, 205, 206, 207, 208, 209, 210, 211, 212, 213, 214, 215, 216, 217, 218, 219, 220, 221, 222, 223, 224, 225, 226, 227, 228, 229, 230, 231, 232, 233, 234, 235, 236, 237, 238, 239, 240, 241, 242, 243, 244, 245, 246, 247, 248, 249, 250, 251, 252, 253, 254, 255, 256, 257, 258, 259, 260, 261, 262, 263, 264, 265, 266, 267, 268, 269, 270, 271, 272, 273, 274, 275, 276, 277, 278, 279, 280, 281, 282, 283, 284, 285, 286, 287, 288, 289, 290, 291, 292, 293, 294, 295, 296, 297, 298, 299, 300, 301, 302, 303, 304, 305, 306, 307, 308, 309, 310, 311, 312, 313, 314, 315, 316, 317, 318, 319, 320, 321, 322, 323, 324, 325, 326, 327, 328, 329, 330, 331, 332, 333, 334, 335, 336, 337, 574, 575, 576, 577, 578, 579, 580, 581, 582, 583, 584, 585, 586, 587, 588, 589, 590, 591, 592, 593, 594, 595, 596, 597, 598, 599, 600, 601, 602, 603, 604, 605, 606, 607, 608, 609, 610, 611, 612, 613, 614, 615, 616, 617, 618, 619, 620, 621, 622, 623, 624, 625, 626, 627, 628, 629, 630, 631, 632, 633, 634, 635, 636, 637, 638, 639, 640, 641, 642, 643, 644, 645, 646, 647, 648, 649, 650, 651, 652, 653, 654, 655, 656, 657, 658, 659, 660, 661, 662, 663, 664, 665, 666, 667, 668, 669, 670, 671, 672, 673, 674, 675, 676, 677, 678, 679, 680, 681, 682, 683, 684, 685, 686, 687, 688, 689, 690, 691, 692, 693, 694, 695, 696, 697, 698, 699, 700, 701, 702, 703, 704, 705, 706, 707, 708, 709, 710, 711, 712, 713, 714, 715, 716, 717, 718, 719, 720, 721, 722, 723, 724, 725, 726, 727, 728, 729, 730, 731, 732, 733, 734, 735, 736, 737, 738, 739, 740, 741, 742, 743, 744, 745, 746, 747, 748, 749, 750, 751, 752, 753, 754, 755, 756, 757, 758, 759, 760, 761, 762, 763, 764, 765, 766, 767, 768, 769, 770, 771, 772, 773, 774, 775, 776, 777, 778, 779, 780, 781, 782, 783, 784, 785, 786, 787, 788, 789, 790, 791, 792, 793]","[16, 125, 156, 163, 168, 184, 205, 222, 229, 253, 258, 265, 313, 317, 336, 340, 341, 356, 363, 365, 366, 367, 370, 375, 388, 391, 394, 396, 402, 410, 411, 412, 413, 415, 416, 417, 418, 419, 425, 429, 431, 433, 435, 437, 440, 441, 442, 443, 451, 452, 456, 457, 458, 460, 461, 464, 471, 473, 474, 475, 481, 482, 501, 596, 628, 635, 655, 675, 693, 716, 720, 725, 771, 775, 793, 796, 797, 811, 817, 818, 820, 825, 838, 841, 844, 846, 851, 857, 861, 862, 863, 864, 866, 867, 868, 870, 871, 877, 881, 883, 885, 888, 891, 892, 893, 898, 899, 904, 905, 907, 908, 911, 918, 920, 921, 922, 923, 924, 926, 931, 933]",[],[],"[16, 103, 104, 105, 106, 107, 108, 109, 110, 111, 112, 113, 114, 115, 116, 117, 118, 119, 120, 121, 122, 123, 124, 125, 126, 127, 128, 129, 130, 131, 132, 133, 134, 135, 136, 137, 138, 139, 140, 141, 142, 143, 144, 145, 146, 147, 148, 149, 150, 151, 152, 153, 154, 155, 156, 157, 158, 159, 160, 161, 162, 163, 164, 165, 166, 167, 168, 169, 170, 171, 172, 173, 174, 175, 176, 177, 178, 179, 180, 181, 182, 183, 184, 185, 186, 187, 188, 189, 190, 191, 192, 193, 194, 195, 196, 197, 198, 199, 200, 201, 202, 203, 204, 205, 206, 207, 208, 209, 210, 211, 212, 213, 214, 215, 216, 217, 218, 219, 220, 221, 222, 223, 224, 225, 226, 227, 228, 229, 230, 231, 232, 233, 234, 235, 236, 237, 238, 239, 240, 241, 242, 243, 244, 245, 246, 247, 248, 249, 250, 251, 252, 253, 254, 255, 256, 257, 258, 259, 260, 261, 262, 263, 264, 265, 266, 267, 268, 269, 270, 271, 272, 273, 274, 275, 276, 277, 278, 279, 280, 281, 282, 283, 284, 285, 286, 287, 288, 289, 290, 291, 292, 293, 294, 295, 296, 297, 298, 299, 300, 301, 302, 303, 304, 305, 306, 307, 308, 309, 310, 311, 312, 313, 314, 315, 316, 317, 318, 319, 320, 321, 322, 323, 324, 325, 326, 327, 328, 329, 330, 331, 332, 333, 334, 335, 336, 337, 340, 341, 356, 363, 365, 366, 367, 370, 375, 388, 391, 394, 396, 402, 410, 411, 412, 413, 415, 416, 417, 418, 419, 425, 429, 431, 433, 435, 437, 440, 441, 442, 443, 451, 452, 456, 457, 458, 460, 461, 464, 471, 473, 474, 475, 481, 482, 501, 574, 575, 576, 577, 578, 579, 580, 581, 582, 583, 584, 585, 586, 587, 588, 589, 590, 591, 592, 593, 594, 595, 596, 597, 598, 599, 600, 601, 602, 603, 604, 605, 606, 607, 608, 609, 610, 611, 612, 613, 614, 615, 616, 617, 618, 619, 620, 621, 622, 623, 624, 625, 626, 627, 628, 629, 630, 631, 632, 633, 634, 635, 636, 637, 638, 639, 640, 641, 642, 643, 644, 645, 646, 647, 648, 649, 650, 651, 652, 653, 654, 655, 656, 657, 658, 659, 660, 661, 662, 663, 664, 665, 666, 667, 668, 669, 670, 671, 672, 673, 674, 675, 676, 677, 678, 679, 680, 681, 682, 683, 684, 685, 686, 687, 688, 689, 690, 691, 692, 693, 694, 695, 696, 697, 698, 699, 700, 701, 702, 703, 704, 705, 706, 707, 708, 709, 710, 711, 712, 713, 714, 715, 716, 717, 718, 719, 720, 721, 722, 723, 724, 725, 726, 727, 728, 729, 730, 731, 732, 733, 734, 735, 736, 737, 738, 739, 740, 741, 742, 743, 744, 745, 746, 747, 748, 749, 750, 751, 752, 753, 754, 755, 756, 757, 758, 759, 760, 761, 762, 763, 764, 765, 766, 767, 768, 769, 770, 771, 772, 773, 774, 775, 776, 777, 778, 779, 780, 781, 782, 783, 784, 785, 786, 787, 788, 789, 790, 791, 792, 793, 796, 797, 811, 817, 818, 820, 825, 838, 841, 844, 846, 851, 857, 861, 862, 863, 864, 866, 867, 868, 870, 871, 877, 881, 883, 885, 888, 891, 892, 893, 898, 899, 904, 905, 907, 908, 911, 918, 920, 921, 922, 923, 924, 926, 931, 933]",False,"[163, 168, 205, 253, 313, 635, 675, 716, 771]","[103, 104, 105, 106, 107, 108, 109, 110, 111, 112, 113, 114, 115, 116, 117, 118, 119, 120, 121, 122, 123, 124, 125, 126, 127, 128, 129, 130, 131, 132, 133, 134, 135, 136, 137, 138, 139, 140, 141, 142, 143, 144, 145, 146, 147, 148, 149, 150, 151, 152, 153, 154, 155, 156, 157, 158, 159, 160, 161, 162, 163, 164, 165, 166, 167, 168, 169, 170, 171, 172, 173, 174, 175, 176, 177, 178, 179, 180, 181, 182, 183, 184, 185, 186, 187, 188, 189, 190, 191, 192, 193, 194, 195, 196, 197, 198, 199, 200, 201, 202, 203, 204, 205, 206, 207, 208, 209, 210, 211, 212, 213, 214, 215, 216, 217, 218, 219, 220, 221, 222, 223, 224, 225, 226, 227, 228, 229, 230, 231, 232, 233, 234, 235, 236, 237, 238, 239, 240, 241, 242, 243, 244, 245, 246, 247, 248, 249, 250, 251, 252, 253, 254, 255, 256, 257, 258, 259, 260, 261, 262, 263, 264, 265, 266, 267, 268, 269, 270, 271, 272, 273, 274, 275, 276, 277, 278, 279, 280, 281, 282, 283, 284, 285, 286, 287, 288, 289, 290, 291, 292, 293, 294, 295, 296, 297, 298, 299, 300, 301, 302, 303, 304, 305, 306, 307, 308, 309, 310, 311, 312, 313, 314, 315, 316, 317, 318, 319, 320, 321, 322, 323, 324, 325, 326, 327, 328, 329, 330, 331, 332, 333, 334, 335, 336, 337, 574, 575, 576, 577, 578, 579, 580, 581, 582, 583, 584, 585, 586, 587, 588, 589, 590, 591, 592, 593, 594, 595, 596, 597, 598, 599, 600, 601, 602, 603, 604, 605, 606, 607, 608, 609, 610, 611, 612, 613, 614, 615, 616, 617, 618, 619, 620, 621, 622, 623, 624, 625, 626, 627, 628, 629, 630, 631, 632, 633, 634, 635, 636, 637, 638, 639, 640, 641, 642, 643, 644, 645, 646, 647, 648, 649, 650, 651, 652, 653, 654, 655, 656, 657, 658, 659, 660, 661, 662, 663, 664, 665, 666, 667, 668, 669, 670, 671, 672, 673, 674, 675, 676, 677, 678, 679, 680, 681, 682, 683, 684, 685, 686, 687, 688, 689, 690, 691, 692, 693, 694, 695, 696, 697, 698, 699, 700, 701, 702, 703, 704, 705, 706, 707, 708, 709, 710, 711, 712, 713, 714, 715, 716, 717, 718, 719, 720, 721, 722, 723, 724, 725, 726, 727, 728, 729, 730, 731, 732, 733, 734, 735, 736, 737, 738, 739, 740, 741, 742, 743, 744, 745, 746, 747, 748, 749, 750, 751, 752, 753, 754, 755, 756, 757, 758, 759, 760, 761, 762, 763, 764, 765, 766, 767, 768, 769, 770, 771, 772, 773, 774, 775, 776, 777, 778, 779, 780, 781, 782, 783, 784, 785, 786, 787, 788, 789, 790, 791, 792, 793]","[163, 168, 205, 253, 313, 635, 675, 716, 771]",[],"[16, 125, 156, 163, 168, 184, 205, 222, 229, 253, 258, 265, 313, 317, 336, 340, 341, 356, 363, 365, 366, 367, 370, 375, 388, 391, 394, 396, 402, 410, 411, 412, 413, 415, 416, 417, 418, 419, 425, 429, 431, 433, 435, 437, 440, 441, 442, 443, 451, 452, 456, 457, 458, 460, 461, 464, 471, 473, 474, 475, 481, 482, 501, 596, 628, 635, 655, 675, 693, 716, 720, 725, 771, 775, 793, 796, 797, 811, 817, 818, 820, 825, 838, 841, 844, 846, 851, 857, 861, 862, 863, 864, 866, 867, 868, 870, 871, 877, 881, 883, 885, 888, 891, 892, 893, 898, 899, 904, 905, 907, 908, 911, 918, 920, 921, 922, 923, 924, 926, 931, 933]",[],[],7/6 successful match,False,,False,727,False,,1.0,True,American Travel Center,
"Rialto , 92316 Rialto Travel Center ( Valero ) )",951-680-9615 3610 S Riverside & Agua,HRS 24 MO <U+2610>,Rialto,92316,Rialto Travel Center ( Valero ) ),951-680-9615,2007,Bloomington,CA,Valero,,3610 S Riverside & Agua,Proper,,False,,False,3610 S,Agua,,,,[],[260],"[186, 247, 260, 267, 657, 726]",[],"[103, 104, 105, 106, 107, 108, 109, 110, 111, 112, 113, 114, 115, 116, 117, 118, 119, 120, 121, 122, 123, 124, 125, 126, 127, 128, 129, 130, 131, 132, 133, 134, 135, 136, 137, 138, 139, 140, 141, 142, 143, 144, 145, 146, 147, 148, 149, 150, 151, 152, 153, 154, 155, 156, 157, 158, 159, 160, 161, 162, 163, 164, 165, 166, 167, 168, 169, 170, 171, 172, 173, 174, 175, 176, 177, 178, 179, 180, 181, 182, 183, 184, 185, 186, 187, 188, 189, 190, 191, 192, 193, 194, 195, 196, 197, 198, 199, 200, 201, 202, 203, 204, 205, 206, 207, 208, 209, 210, 211, 212, 213, 214, 215, 216, 217, 218, 219, 220, 221, 222, 223, 224, 225, 226, 227, 228, 229, 230, 231, 232, 233, 234, 235, 236, 237, 238, 239, 240, 241, 242, 243, 244, 245, 246, 247, 248, 249, 250, 251, 252, 253, 254, 255, 256, 257, 258, 259, 260, 261, 262, 263, 264, 265, 266, 267, 268, 269, 270, 271, 272, 273, 274, 275, 276, 277, 278, 279, 280, 281, 282, 283, 284, 285, 286, 287, 288, 289, 290, 291, 292, 293, 294, 295, 296, 297, 298, 299, 300, 301, 302, 303, 304, 305, 306, 307, 308, 309, 310, 311, 312, 313, 314, 315, 316, 317, 318, 319, 320, 321, 322, 323, 324, 325, 326, 327, 328, 329, 330, 331, 332, 333, 334, 335, 336, 337, 574, 575, 576, 577, 578, 579, 580, 581, 582, 583, 584, 585, 586, 587, 588, 589, 590, 591, 592, 593, 594, 595, 596, 597, 598, 599, 600, 601, 602, 603, 604, 605, 606, 607, 608, 609, 610, 611, 612, 613, 614, 615, 616, 617, 618, 619, 620, 621, 622, 623, 624, 625, 626, 627, 628, 629, 630, 631, 632, 633, 634, 635, 636, 637, 638, 639, 640, 641, 642, 643, 644, 645, 646, 647, 648, 649, 650, 651, 652, 653, 654, 655, 656, 657, 658, 659, 660, 661, 662, 663, 664, 665, 666, 667, 668, 669, 670, 671, 672, 673, 674, 675, 676, 677, 678, 679, 680, 681, 682, 683, 684, 685, 686, 687, 688, 689, 690, 691, 692, 693, 694, 695, 696, 697, 698, 699, 700, 701, 702, 703, 704, 705, 706, 707, 708, 709, 710, 711, 712, 713, 714, 715, 716, 717, 718, 719, 720, 721, 722, 723, 724, 725, 726, 727, 728, 729, 730, 731, 732, 733, 734, 735, 736, 737, 738, 739, 740, 741, 742, 743, 744, 745, 746, 747, 748, 749, 750, 751, 752, 753, 754, 755, 756, 757, 758, 759, 760, 761, 762, 763, 764, 765, 766, 767, 768, 769, 770, 771, 772, 773, 774, 775, 776, 777, 778, 779, 780, 781, 782, 783, 784, 785, 786, 787, 788, 789, 790, 791, 792, 793]","[267, 726]","[2, 9, 10, 82, 111, 112, 113, 199, 279, 284, 285, 300, 488, 494, 495, 553, 581, 582, 583, 670, 738, 743, 744, 759, 818]","[2, 9, 10, 82, 111, 112, 113, 199, 267, 279, 284, 285, 300, 488, 494, 495, 553, 581, 582, 583, 670, 726, 738, 743, 744, 759, 818]","[2, 9, 10, 82, 103, 104, 105, 106, 107, 108, 109, 110, 111, 112, 113, 114, 115, 116, 117, 118, 119, 120, 121, 122, 123, 124, 125, 126, 127, 128, 129, 130, 131, 132, 133, 134, 135, 136, 137, 138, 139, 140, 141, 142, 143, 144, 145, 146, 147, 148, 149, 150, 151, 152, 153, 154, 155, 156, 157, 158, 159, 160, 161, 162, 163, 164, 165, 166, 167, 168, 169, 170, 171, 172, 173, 174, 175, 176, 177, 178, 179, 180, 181, 182, 183, 184, 185, 186, 187, 188, 189, 190, 191, 192, 193, 194, 195, 196, 197, 198, 199, 200, 201, 202, 203, 204, 205, 206, 207, 208, 209, 210, 211, 212, 213, 214, 215, 216, 217, 218, 219, 220, 221, 222, 223, 224, 225, 226, 227, 228, 229, 230, 231, 232, 233, 234, 235, 236, 237, 238, 239, 240, 241, 242, 243, 244, 245, 246, 247, 248, 249, 250, 251, 252, 253, 254, 255, 256, 257, 258, 259, 260, 261, 262, 263, 264, 265, 266, 267, 268, 269, 270, 271, 272, 273, 274, 275, 276, 277, 278, 279, 280, 281, 282, 283, 284, 285, 286, 287, 288, 289, 290, 291, 292, 293, 294, 295, 296, 297, 298, 299, 300, 301, 302, 303, 304, 305, 306, 307, 308, 309, 310, 311, 312, 313, 314, 315, 316, 317, 318, 319, 320, 321, 322, 323, 324, 325, 326, 327, 328, 329, 330, 331, 332, 333, 334, 335, 336, 337, 488, 494, 495, 553, 574, 575, 576, 577, 578, 579, 580, 581, 582, 583, 584, 585, 586, 587, 588, 589, 590, 591, 592, 593, 594, 595, 596, 597, 598, 599, 600, 601, 602, 603, 604, 605, 606, 607, 608, 609, 610, 611, 612, 613, 614, 615, 616, 617, 618, 619, 620, 621, 622, 623, 624, 625, 626, 627, 628, 629, 630, 631, 632, 633, 634, 635, 636, 637, 638, 639, 640, 641, 642, 643, 644, 645, 646, 647, 648, 649, 650, 651, 652, 653, 654, 655, 656, 657, 658, 659, 660, 661, 662, 663, 664, 665, 666, 667, 668, 669, 670, 671, 672, 673, 674, 675, 676, 677, 678, 679, 680, 681, 682, 683, 684, 685, 686, 687, 688, 689, 690, 691, 692, 693, 694, 695, 696, 697, 698, 699, 700, 701, 702, 703, 704, 705, 706, 707, 708, 709, 710, 711, 712, 713, 714, 715, 716, 717, 718, 719, 720, 721, 722, 723, 724, 725, 726, 727, 728, 729, 730, 731, 732, 733, 734, 735, 736, 737, 738, 739, 740, 741, 742, 743, 744, 745, 746, 747, 748, 749, 750, 751, 752, 753, 754, 755, 756, 757, 758, 759, 760, 761, 762, 763, 764, 765, 766, 767, 768, 769, 770, 771, 772, 773, 774, 775, 776, 777, 778, 779, 780, 781, 782, 783, 784, 785, 786, 787, 788, 789, 790, 791, 792, 793, 818]",False,[260],"[103, 104, 105, 106, 107, 108, 109, 110, 111, 112, 113, 114, 115, 116, 117, 118, 119, 120, 121, 122, 123, 124, 125, 126, 127, 128, 129, 130, 131, 132, 133, 134, 135, 136, 137, 138, 139, 140, 141, 142, 143, 144, 145, 146, 147, 148, 149, 150, 151, 152, 153, 154, 155, 156, 157, 158, 159, 160, 161, 162, 163, 164, 165, 166, 167, 168, 169, 170, 171, 172, 173, 174, 175, 176, 177, 178, 179, 180, 181, 182, 183, 184, 185, 186, 187, 188, 189, 190, 191, 192, 193, 194, 195, 196, 197, 198, 199, 200, 201, 202, 203, 204, 205, 206, 207, 208, 209, 210, 211, 212, 213, 214, 215, 216, 217, 218, 219, 220, 221, 222, 223, 224, 225, 226, 227, 228, 229, 230, 231, 232, 233, 234, 235, 236, 237, 238, 239, 240, 241, 242, 243, 244, 245, 246, 247, 248, 249, 250, 251, 252, 253, 254, 255, 256, 257, 258, 259, 260, 261, 262, 263, 264, 265, 266, 267, 268, 269, 270, 271, 272, 273, 274, 275, 276, 277, 278, 279, 280, 281, 282, 283, 284, 285, 286, 287, 288, 289, 290, 291, 292, 293, 294, 295, 296, 297, 298, 299, 300, 301, 302, 303, 304, 305, 306, 307, 308, 309, 310, 311, 312, 313, 314, 315, 316, 317, 318, 319, 320, 321, 322, 323, 324, 325, 326, 327, 328, 329, 330, 331, 332, 333, 334, 335, 336, 337, 574, 575, 576, 577, 578, 579, 580, 581, 582, 583, 584, 585, 586, 587, 588, 589, 590, 591, 592, 593, 594, 595, 596, 597, 598, 599, 600, 601, 602, 603, 604, 605, 606, 607, 608, 609, 610, 611, 612, 613, 614, 615, 616, 617, 618, 619, 620, 621, 622, 623, 624, 625, 626, 627, 628, 629, 630, 631, 632, 633, 634, 635, 636, 637, 638, 639, 640, 641, 642, 643, 644, 645, 646, 647, 648, 649, 650, 651, 652, 653, 654, 655, 656, 657, 658, 659, 660, 661, 662, 663, 664, 665, 666, 667, 668, 669, 670, 671, 672, 673, 674, 675, 676, 677, 678, 679, 680, 681, 682, 683, 684, 685, 686, 687, 688, 689, 690, 691, 692, 693, 694, 695, 696, 697, 698, 699, 700, 701, 702, 703, 704, 705, 706, 707, 708, 709, 710, 711, 712, 713, 714, 715, 716, 717, 718, 719, 720, 721, 722, 723, 724, 725, 726, 727, 728, 729, 730, 731, 732, 733, 734, 735, 736, 737, 738, 739, 740, 741, 742, 743, 744, 745, 746, 747, 748, 749, 750, 751, 752, 753, 754, 755, 756, 757, 758, 759, 760, 761, 762, 763, 764, 765, 766, 767, 768, 769, 770, 771, 772, 773, 774, 775, 776, 777, 778, 779, 780, 781, 782, 783, 784, 785, 786, 787, 788, 789, 790, 791, 792, 793]","[186, 247, 260, 267, 657, 726]",[],"[267, 726]","[2, 9, 10, 82, 111, 112, 113, 199, 267, 279, 284, 285, 300, 488, 494, 495, 553, 581, 582, 583, 670, 726, 738, 743, 744, 759, 818]","[2, 9, 10, 82, 111, 112, 113, 199, 279, 284, 285, 300, 488, 494, 495, 553, 581, 582, 583, 670, 738, 743, 744, 759, 818]",6/6 successful match,False,,False,728,False,,,,,
Rialto ( 92316 ) Rialto Travel Center ( 76 ),951-683-5387 3610 S Riverside & Agua Mansa,24 M,Rialto,92316,Rialto Travel Center ( 76 ),951-683-5387,2014,Bloomington,CA,,,3610 S Riverside & Agua Mansa,Proper,,False,,False,3610 S,Agua Mansa,,,,"[267, 726]",[260],"[186, 247, 260, 267, 657, 726]",[],"[103, 104, 105, 106, 107, 108, 109, 110, 111, 112, 113, 114, 115, 116, 117, 118, 119, 120, 121, 122, 123, 124, 125, 126, 127, 128, 129, 130, 131, 132, 133, 134, 135, 136, 137, 138, 139, 140, 141, 142, 143, 144, 145, 146, 147, 148, 149, 150, 151, 152, 153, 154, 155, 156, 157, 158, 159, 160, 161, 162, 163, 164, 165, 166, 167, 168, 169, 170, 171, 172, 173, 174, 175, 176, 177, 178, 179, 180, 181, 182, 183, 184, 185, 186, 187, 188, 189, 190, 191, 192, 193, 194, 195, 196, 197, 198, 199, 200, 201, 202, 203, 204, 205, 206, 207, 208, 209, 210, 211, 212, 213, 214, 215, 216, 217, 218, 219, 220, 221, 222, 223, 224, 225, 226, 227, 228, 229, 230, 231, 232, 233, 234, 235, 236, 237, 238, 239, 240, 241, 242, 243, 244, 245, 246, 247, 248, 249, 250, 251, 252, 253, 254, 255, 256, 257, 258, 259, 260, 261, 262, 263, 264, 265, 266, 267, 268, 269, 270, 271, 272, 273, 274, 275, 276, 277, 278, 279, 280, 281, 282, 283, 284, 285, 286, 287, 288, 289, 290, 291, 292, 293, 294, 295, 296, 297, 298, 299, 300, 301, 302, 303, 304, 305, 306, 307, 308, 309, 310, 311, 312, 313, 314, 315, 316, 317, 318, 319, 320, 321, 322, 323, 324, 325, 326, 327, 328, 329, 330, 331, 332, 333, 334, 335, 336, 337, 574, 575, 576, 577, 578, 579, 580, 581, 582, 583, 584, 585, 586, 587, 588, 589, 590, 591, 592, 593, 594, 595, 596, 597, 598, 599, 600, 601, 602, 603, 604, 605, 606, 607, 608, 609, 610, 611, 612, 613, 614, 615, 616, 617, 618, 619, 620, 621, 622, 623, 624, 625, 626, 627, 628, 629, 630, 631, 632, 633, 634, 635, 636, 637, 638, 639, 640, 641, 642, 643, 644, 645, 646, 647, 648, 649, 650, 651, 652, 653, 654, 655, 656, 657, 658, 659, 660, 661, 662, 663, 664, 665, 666, 667, 668, 669, 670, 671, 672, 673, 674, 675, 676, 677, 678, 679, 680, 681, 682, 683, 684, 685, 686, 687, 688, 689, 690, 691, 692, 693, 694, 695, 696, 697, 698, 699, 700, 701, 702, 703, 704, 705, 706, 707, 708, 709, 710, 711, 712, 713, 714, 715, 716, 717, 718, 719, 720, 721, 722, 723, 724, 725, 726, 727, 728, 729, 730, 731, 732, 733, 734, 735, 736, 737, 738, 739, 740, 741, 742, 743, 744, 745, 746, 747, 748, 749, 750, 751, 752, 753, 754, 755, 756, 757, 758, 759, 760, 761, 762, 763, 764, 765, 766, 767, 768, 769, 770, 771, 772, 773, 774, 775, 776, 777, 778, 779, 780, 781, 782, 783, 784, 785, 786, 787, 788, 789, 790, 791, 792, 793]","[267, 726]",[],"[84, 87, 89, 114, 115, 117, 124, 132, 135, 144, 152, 178, 239, 267, 268, 281, 297, 318, 320, 327, 348, 394, 555, 558, 560, 585, 586, 588, 595, 603, 606, 615, 623, 649, 703, 726, 727, 740, 756, 776, 778, 785, 803, 844]","[84, 87, 89, 103, 104, 105, 106, 107, 108, 109, 110, 111, 112, 113, 114, 115, 116, 117, 118, 119, 120, 121, 122, 123, 124, 125, 126, 127, 128, 129, 130, 131, 132, 133, 134, 135, 136, 137, 138, 139, 140, 141, 142, 143, 144, 145, 146, 147, 148, 149, 150, 151, 152, 153, 154, 155, 156, 157, 158, 159, 160, 161, 162, 163, 164, 165, 166, 167, 168, 169, 170, 171, 172, 173, 174, 175, 176, 177, 178, 179, 180, 181, 182, 183, 184, 185, 186, 187, 188, 189, 190, 191, 192, 193, 194, 195, 196, 197, 198, 199, 200, 201, 202, 203, 204, 205, 206, 207, 208, 209, 210, 211, 212, 213, 214, 215, 216, 217, 218, 219, 220, 221, 222, 223, 224, 225, 226, 227, 228, 229, 230, 231, 232, 233, 234, 235, 236, 237, 238, 239, 240, 241, 242, 243, 244, 245, 246, 247, 248, 249, 250, 251, 252, 253, 254, 255, 256, 257, 258, 259, 260, 261, 262, 263, 264, 265, 266, 267, 268, 269, 270, 271, 272, 273, 274, 275, 276, 277, 278, 279, 280, 281, 282, 283, 284, 285, 286, 287, 288, 289, 290, 291, 292, 293, 294, 295, 296, 297, 298, 299, 300, 301, 302, 303, 304, 305, 306, 307, 308, 309, 310, 311, 312, 313, 314, 315, 316, 317, 318, 319, 320, 321, 322, 323, 324, 325, 326, 327, 328, 329, 330, 331, 332, 333, 334, 335, 336, 337, 348, 394, 555, 558, 560, 574, 575, 576, 577, 578, 579, 580, 581, 582, 583, 584, 585, 586, 587, 588, 589, 590, 591, 592, 593, 594, 595, 596, 597, 598, 599, 600, 601, 602, 603, 604, 605, 606, 607, 608, 609, 610, 611, 612, 613, 614, 615, 616, 617, 618, 619, 620, 621, 622, 623, 624, 625, 626, 627, 628, 629, 630, 631, 632, 633, 634, 635, 636, 637, 638, 639, 640, 641, 642, 643, 644, 645, 646, 647, 648, 649, 650, 651, 652, 653, 654, 655, 656, 657, 658, 659, 660, 661, 662, 663, 664, 665, 666, 667, 668, 669, 670, 671, 672, 673, 674, 675, 676, 677, 678, 679, 680, 681, 682, 683, 684, 685, 686, 687, 688, 689, 690, 691, 692, 693, 694, 695, 696, 697, 698, 699, 700, 701, 702, 703, 704, 705, 706, 707, 708, 709, 710, 711, 712, 713, 714, 715, 716, 717, 718, 719, 720, 721, 722, 723, 724, 725, 726, 727, 728, 729, 730, 731, 732, 733, 734, 735, 736, 737, 738, 739, 740, 741, 742, 743, 744, 745, 746, 747, 748, 749, 750, 751, 752, 753, 754, 755, 756, 757, 758, 759, 760, 761, 762, 763, 764, 765, 766, 767, 768, 769, 770, 771, 772, 773, 774, 775, 776, 777, 778, 779, 780, 781, 782, 783, 784, 785, 786, 787, 788, 789, 790, 791, 792, 793, 803, 844]",True,[260],"[103, 104, 105, 106, 107, 108, 109, 110, 111, 112, 113, 114, 115, 116, 117, 118, 119, 120, 121, 122, 123, 124, 125, 126, 127, 128, 129, 130, 131, 132, 133, 134, 135, 136, 137, 138, 139, 140, 141, 142, 143, 144, 145, 146, 147, 148, 149, 150, 151, 152, 153, 154, 155, 156, 157, 158, 159, 160, 161, 162, 163, 164, 165, 166, 167, 168, 169, 170, 171, 172, 173, 174, 175, 176, 177, 178, 179, 180, 181, 182, 183, 184, 185, 186, 187, 188, 189, 190, 191, 192, 193, 194, 195, 196, 197, 198, 199, 200, 201, 202, 203, 204, 205, 206, 207, 208, 209, 210, 211, 212, 213, 214, 215, 216, 217, 218, 219, 220, 221, 222, 223, 224, 225, 226, 227, 228, 229, 230, 231, 232, 233, 234, 235, 236, 237, 238, 239, 240, 241, 242, 243, 244, 245, 246, 247, 248, 249, 250, 251, 252, 253, 254, 255, 256, 257, 258, 259, 260, 261, 262, 263, 264, 265, 266, 267, 268, 269, 270, 271, 272, 273, 274, 275, 276, 277, 278, 279, 280, 281, 282, 283, 284, 285, 286, 287, 288, 289, 290, 291, 292, 293, 294, 295, 296, 297, 298, 299, 300, 301, 302, 303, 304, 305, 306, 307, 308, 309, 310, 311, 312, 313, 314, 315, 316, 317, 318, 319, 320, 321, 322, 323, 324, 325, 326, 327, 328, 329, 330, 331, 332, 333, 334, 335, 336, 337, 574, 575, 576, 577, 578, 579, 580, 581, 582, 583, 584, 585, 586, 587, 588, 589, 590, 591, 592, 593, 594, 595, 596, 597, 598, 599, 600, 601, 602, 603, 604, 605, 606, 607, 608, 609, 610, 611, 612, 613, 614, 615, 616, 617, 618, 619, 620, 621, 622, 623, 624, 625, 626, 627, 628, 629, 630, 631, 632, 633, 634, 635, 636, 637, 638, 639, 640, 641, 642, 643, 644, 645, 646, 647, 648, 649, 650, 651, 652, 653, 654, 655, 656, 657, 658, 659, 660, 661, 662, 663, 664, 665, 666, 667, 668, 669, 670, 671, 672, 673, 674, 675, 676, 677, 678, 679, 680, 681, 682, 683, 684, 685, 686, 687, 688, 689, 690, 691, 692, 693, 694, 695, 696, 697, 698, 699, 700, 701, 702, 703, 704, 705, 706, 707, 708, 709, 710, 711, 712, 713, 714, 715, 716, 717, 718, 719, 720, 721, 722, 723, 724, 725, 726, 727, 728, 729, 730, 731, 732, 733, 734, 735, 736, 737, 738, 739, 740, 741, 742, 743, 744, 745, 746, 747, 748, 749, 750, 751, 752, 753, 754, 755, 756, 757, 758, 759, 760, 761, 762, 763, 764, 765, 766, 767, 768, 769, 770, 771, 772, 773, 774, 775, 776, 777, 778, 779, 780, 781, 782, 783, 784, 785, 786, 787, 788, 789, 790, 791, 792, 793]","[186, 247, 260, 267, 657, 726]",[],"[267, 726]","[84, 87, 89, 114, 115, 117, 124, 132, 135, 144, 152, 178, 239, 267, 268, 281, 297, 318, 320, 327, 348, 394, 555, 558, 560, 585, 586, 588, 595, 603, 606, 615, 623, 649, 703, 726, 727, 740, 756, 776, 778, 785, 803, 844]",[],7/6 successful match,True,[305],True,729,False,,,,,
Rialto ( 92316 ) Rialto Travel Center,951-683-5387 3610 S Riverside & Agua Mansa,24 M,Rialto,92316,Rialto Travel Center,951-683-5387,2015,Bloomington,CA,,,3610 S Riverside & Agua Mansa,Proper,,False,,False,3610 S,Agua Mansa,,,,"[267, 726]",[260],"[186, 247, 260, 267, 657, 726]",[],"[103, 104, 105, 106, 107, 108, 109, 110, 111, 112, 113, 114, 115, 116, 117, 118, 119, 120, 121, 122, 123, 124, 125, 126, 127, 128, 129, 130, 131, 132, 133, 134, 135, 136, 137, 138, 139, 140, 141, 142, 143, 144, 145, 146, 147, 148, 149, 150, 151, 152, 153, 154, 155, 156, 157, 158, 159, 160, 161, 162, 163, 164, 165, 166, 167, 168, 169, 170, 171, 172, 173, 174, 175, 176, 177, 178, 179, 180, 181, 182, 183, 184, 185, 186, 187, 188, 189, 190, 191, 192, 193, 194, 195, 196, 197, 198, 199, 200, 201, 202, 203, 204, 205, 206, 207, 208, 209, 210, 211, 212, 213, 214, 215, 216, 217, 218, 219, 220, 221, 222, 223, 224, 225, 226, 227, 228, 229, 230, 231, 232, 233, 234, 235, 236, 237, 238, 239, 240, 241, 242, 243, 244, 245, 246, 247, 248, 249, 250, 251, 252, 253, 254, 255, 256, 257, 258, 259, 260, 261, 262, 263, 264, 265, 266, 267, 268, 269, 270, 271, 272, 273, 274, 275, 276, 277, 278, 279, 280, 281, 282, 283, 284, 285, 286, 287, 288, 289, 290, 291, 292, 293, 294, 295, 296, 297, 298, 299, 300, 301, 302, 303, 304, 305, 306, 307, 308, 309, 310, 311, 312, 313, 314, 315, 316, 317, 318, 319, 320, 321, 322, 323, 324, 325, 326, 327, 328, 329, 330, 331, 332, 333, 334, 335, 336, 337, 574, 575, 576, 577, 578, 579, 580, 581, 582, 583, 584, 585, 586, 587, 588, 589, 590, 591, 592, 593, 594, 595, 596, 597, 598, 599, 600, 601, 602, 603, 604, 605, 606, 607, 608, 609, 610, 611, 612, 613, 614, 615, 616, 617, 618, 619, 620, 621, 622, 623, 624, 625, 626, 627, 628, 629, 630, 631, 632, 633, 634, 635, 636, 637, 638, 639, 640, 641, 642, 643, 644, 645, 646, 647, 648, 649, 650, 651, 652, 653, 654, 655, 656, 657, 658, 659, 660, 661, 662, 663, 664, 665, 666, 667, 668, 669, 670, 671, 672, 673, 674, 675, 676, 677, 678, 679, 680, 681, 682, 683, 684, 685, 686, 687, 688, 689, 690, 691, 692, 693, 694, 695, 696, 697, 698, 699, 700, 701, 702, 703, 704, 705, 706, 707, 708, 709, 710, 711, 712, 713, 714, 715, 716, 717, 718, 719, 720, 721, 722, 723, 724, 725, 726, 727, 728, 729, 730, 731, 732, 733, 734, 735, 736, 737, 738, 739, 740, 741, 742, 743, 744, 745, 746, 747, 748, 749, 750, 751, 752, 753, 754, 755, 756, 757, 758, 759, 760, 761, 762, 763, 764, 765, 766, 767, 768, 769, 770, 771, 772, 773, 774, 775, 776, 777, 778, 779, 780, 781, 782, 783, 784, 785, 786, 787, 788, 789, 790, 791, 792, 793]","[267, 726]",[],"[267, 726]","[103, 104, 105, 106, 107, 108, 109, 110, 111, 112, 113, 114, 115, 116, 117, 118, 119, 120, 121, 122, 123, 124, 125, 126, 127, 128, 129, 130, 131, 132, 133, 134, 135, 136, 137, 138, 139, 140, 141, 142, 143, 144, 145, 146, 147, 148, 149, 150, 151, 152, 153, 154, 155, 156, 157, 158, 159, 160, 161, 162, 163, 164, 165, 166, 167, 168, 169, 170, 171, 172, 173, 174, 175, 176, 177, 178, 179, 180, 181, 182, 183, 184, 185, 186, 187, 188, 189, 190, 191, 192, 193, 194, 195, 196, 197, 198, 199, 200, 201, 202, 203, 204, 205, 206, 207, 208, 209, 210, 211, 212, 213, 214, 215, 216, 217, 218, 219, 220, 221, 222, 223, 224, 225, 226, 227, 228, 229, 230, 231, 232, 233, 234, 235, 236, 237, 238, 239, 240, 241, 242, 243, 244, 245, 246, 247, 248, 249, 250, 251, 252, 253, 254, 255, 256, 257, 258, 259, 260, 261, 262, 263, 264, 265, 266, 267, 268, 269, 270, 271, 272, 273, 274, 275, 276, 277, 278, 279, 280, 281, 282, 283, 284, 285, 286, 287, 288, 289, 290, 291, 292, 293, 294, 295, 296, 297, 298, 299, 300, 301, 302, 303, 304, 305, 306, 307, 308, 309, 310, 311, 312, 313, 314, 315, 316, 317, 318, 319, 320, 321, 322, 323, 324, 325, 326, 327, 328, 329, 330, 331, 332, 333, 334, 335, 336, 337, 574, 575, 576, 577, 578, 579, 580, 581, 582, 583, 584, 585, 586, 587, 588, 589, 590, 591, 592, 593, 594, 595, 596, 597, 598, 599, 600, 601, 602, 603, 604, 605, 606, 607, 608, 609, 610, 611, 612, 613, 614, 615, 616, 617, 618, 619, 620, 621, 622, 623, 624, 625, 626, 627, 628, 629, 630, 631, 632, 633, 634, 635, 636, 637, 638, 639, 640, 641, 642, 643, 644, 645, 646, 647, 648, 649, 650, 651, 652, 653, 654, 655, 656, 657, 658, 659, 660, 661, 662, 663, 664, 665, 666, 667, 668, 669, 670, 671, 672, 673, 674, 675, 676, 677, 678, 679, 680, 681, 682, 683, 684, 685, 686, 687, 688, 689, 690, 691, 692, 693, 694, 695, 696, 697, 698, 699, 700, 701, 702, 703, 704, 705, 706, 707, 708, 709, 710, 711, 712, 713, 714, 715, 716, 717, 718, 719, 720, 721, 722, 723, 724, 725, 726, 727, 728, 729, 730, 731, 732, 733, 734, 735, 736, 737, 738, 739, 740, 741, 742, 743, 744, 745, 746, 747, 748, 749, 750, 751, 752, 753, 754, 755, 756, 757, 758, 759, 760, 761, 762, 763, 764, 765, 766, 767, 768, 769, 770, 771, 772, 773, 774, 775, 776, 777, 778, 779, 780, 781, 782, 783, 784, 785, 786, 787, 788, 789, 790, 791, 792, 793]",True,[260],"[103, 104, 105, 106, 107, 108, 109, 110, 111, 112, 113, 114, 115, 116, 117, 118, 119, 120, 121, 122, 123, 124, 125, 126, 127, 128, 129, 130, 131, 132, 133, 134, 135, 136, 137, 138, 139, 140, 141, 142, 143, 144, 145, 146, 147, 148, 149, 150, 151, 152, 153, 154, 155, 156, 157, 158, 159, 160, 161, 162, 163, 164, 165, 166, 167, 168, 169, 170, 171, 172, 173, 174, 175, 176, 177, 178, 179, 180, 181, 182, 183, 184, 185, 186, 187, 188, 189, 190, 191, 192, 193, 194, 195, 196, 197, 198, 199, 200, 201, 202, 203, 204, 205, 206, 207, 208, 209, 210, 211, 212, 213, 214, 215, 216, 217, 218, 219, 220, 221, 222, 223, 224, 225, 226, 227, 228, 229, 230, 231, 232, 233, 234, 235, 236, 237, 238, 239, 240, 241, 242, 243, 244, 245, 246, 247, 248, 249, 250, 251, 252, 253, 254, 255, 256, 257, 258, 259, 260, 261, 262, 263, 264, 265, 266, 267, 268, 269, 270, 271, 272, 273, 274, 275, 276, 277, 278, 279, 280, 281, 282, 283, 284, 285, 286, 287, 288, 289, 290, 291, 292, 293, 294, 295, 296, 297, 298, 299, 300, 301, 302, 303, 304, 305, 306, 307, 308, 309, 310, 311, 312, 313, 314, 315, 316, 317, 318, 319, 320, 321, 322, 323, 324, 325, 326, 327, 328, 329, 330, 331, 332, 333, 334, 335, 336, 337, 574, 575, 576, 577, 578, 579, 580, 581, 582, 583, 584, 585, 586, 587, 588, 589, 590, 591, 592, 593, 594, 595, 596, 597, 598, 599, 600, 601, 602, 603, 604, 605, 606, 607, 608, 609, 610, 611, 612, 613, 614, 615, 616, 617, 618, 619, 620, 621, 622, 623, 624, 625, 626, 627, 628, 629, 630, 631, 632, 633, 634, 635, 636, 637, 638, 639, 640, 641, 642, 643, 644, 645, 646, 647, 648, 649, 650, 651, 652, 653, 654, 655, 656, 657, 658, 659, 660, 661, 662, 663, 664, 665, 666, 667, 668, 669, 670, 671, 672, 673, 674, 675, 676, 677, 678, 679, 680, 681, 682, 683, 684, 685, 686, 687, 688, 689, 690, 691, 692, 693, 694, 695, 696, 697, 698, 699, 700, 701, 702, 703, 704, 705, 706, 707, 708, 709, 710, 711, 712, 713, 714, 715, 716, 717, 718, 719, 720, 721, 722, 723, 724, 725, 726, 727, 728, 729, 730, 731, 732, 733, 734, 735, 736, 737, 738, 739, 740, 741, 742, 743, 744, 745, 746, 747, 748, 749, 750, 751, 752, 753, 754, 755, 756, 757, 758, 759, 760, 761, 762, 763, 764, 765, 766, 767, 768, 769, 770, 771, 772, 773, 774, 775, 776, 777, 778, 779, 780, 781, 782, 783, 784, 785, 786, 787, 788, 789, 790, 791, 792, 793]","[186, 247, 260, 267, 657, 726]",[],"[267, 726]","[267, 726]",[],7/6 successful match,True,[305],True,729,False,,1.0,True,Rialto Travel Center ( 76 ),
Rialto ( 92316 ) Rialto Travel Center,951-683-5387 3610 S Riverside & Agua Mansa,24 MOO,Rialto,92316,Rialto Travel Center,951-683-5387,2016,Bloomington,CA,,,3610 S Riverside & Agua Mansa,Proper,,False,,False,3610 S,Agua Mansa,,,,"[267, 726]",[260],"[186, 247, 260, 267, 657, 726]",[],"[103, 104, 105, 106, 107, 108, 109, 110, 111, 112, 113, 114, 115, 116, 117, 118, 119, 120, 121, 122, 123, 124, 125, 126, 127, 128, 129, 130, 131, 132, 133, 134, 135, 136, 137, 138, 139, 140, 141, 142, 143, 144, 145, 146, 147, 148, 149, 150, 151, 152, 153, 154, 155, 156, 157, 158, 159, 160, 161, 162, 163, 164, 165, 166, 167, 168, 169, 170, 171, 172, 173, 174, 175, 176, 177, 178, 179, 180, 181, 182, 183, 184, 185, 186, 187, 188, 189, 190, 191, 192, 193, 194, 195, 196, 197, 198, 199, 200, 201, 202, 203, 204, 205, 206, 207, 208, 209, 210, 211, 212, 213, 214, 215, 216, 217, 218, 219, 220, 221, 222, 223, 224, 225, 226, 227, 228, 229, 230, 231, 232, 233, 234, 235, 236, 237, 238, 239, 240, 241, 242, 243, 244, 245, 246, 247, 248, 249, 250, 251, 252, 253, 254, 255, 256, 257, 258, 259, 260, 261, 262, 263, 264, 265, 266, 267, 268, 269, 270, 271, 272, 273, 274, 275, 276, 277, 278, 279, 280, 281, 282, 283, 284, 285, 286, 287, 288, 289, 290, 291, 292, 293, 294, 295, 296, 297, 298, 299, 300, 301, 302, 303, 304, 305, 306, 307, 308, 309, 310, 311, 312, 313, 314, 315, 316, 317, 318, 319, 320, 321, 322, 323, 324, 325, 326, 327, 328, 329, 330, 331, 332, 333, 334, 335, 336, 337, 574, 575, 576, 577, 578, 579, 580, 581, 582, 583, 584, 585, 586, 587, 588, 589, 590, 591, 592, 593, 594, 595, 596, 597, 598, 599, 600, 601, 602, 603, 604, 605, 606, 607, 608, 609, 610, 611, 612, 613, 614, 615, 616, 617, 618, 619, 620, 621, 622, 623, 624, 625, 626, 627, 628, 629, 630, 631, 632, 633, 634, 635, 636, 637, 638, 639, 640, 641, 642, 643, 644, 645, 646, 647, 648, 649, 650, 651, 652, 653, 654, 655, 656, 657, 658, 659, 660, 661, 662, 663, 664, 665, 666, 667, 668, 669, 670, 671, 672, 673, 674, 675, 676, 677, 678, 679, 680, 681, 682, 683, 684, 685, 686, 687, 688, 689, 690, 691, 692, 693, 694, 695, 696, 697, 698, 699, 700, 701, 702, 703, 704, 705, 706, 707, 708, 709, 710, 711, 712, 713, 714, 715, 716, 717, 718, 719, 720, 721, 722, 723, 724, 725, 726, 727, 728, 729, 730, 731, 732, 733, 734, 735, 736, 737, 738, 739, 740, 741, 742, 743, 744, 745, 746, 747, 748, 749, 750, 751, 752, 753, 754, 755, 756, 757, 758, 759, 760, 761, 762, 763, 764, 765, 766, 767, 768, 769, 770, 771, 772, 773, 774, 775, 776, 777, 778, 779, 780, 781, 782, 783, 784, 785, 786, 787, 788, 789, 790, 791, 792, 793]","[267, 726]",[],"[267, 726]","[103, 104, 105, 106, 107, 108, 109, 110, 111, 112, 113, 114, 115, 116, 117, 118, 119, 120, 121, 122, 123, 124, 125, 126, 127, 128, 129, 130, 131, 132, 133, 134, 135, 136, 137, 138, 139, 140, 141, 142, 143, 144, 145, 146, 147, 148, 149, 150, 151, 152, 153, 154, 155, 156, 157, 158, 159, 160, 161, 162, 163, 164, 165, 166, 167, 168, 169, 170, 171, 172, 173, 174, 175, 176, 177, 178, 179, 180, 181, 182, 183, 184, 185, 186, 187, 188, 189, 190, 191, 192, 193, 194, 195, 196, 197, 198, 199, 200, 201, 202, 203, 204, 205, 206, 207, 208, 209, 210, 211, 212, 213, 214, 215, 216, 217, 218, 219, 220, 221, 222, 223, 224, 225, 226, 227, 228, 229, 230, 231, 232, 233, 234, 235, 236, 237, 238, 239, 240, 241, 242, 243, 244, 245, 246, 247, 248, 249, 250, 251, 252, 253, 254, 255, 256, 257, 258, 259, 260, 261, 262, 263, 264, 265, 266, 267, 268, 269, 270, 271, 272, 273, 274, 275, 276, 277, 278, 279, 280, 281, 282, 283, 284, 285, 286, 287, 288, 289, 290, 291, 292, 293, 294, 295, 296, 297, 298, 299, 300, 301, 302, 303, 304, 305, 306, 307, 308, 309, 310, 311, 312, 313, 314, 315, 316, 317, 318, 319, 320, 321, 322, 323, 324, 325, 326, 327, 328, 329, 330, 331, 332, 333, 334, 335, 336, 337, 574, 575, 576, 577, 578, 579, 580, 581, 582, 583, 584, 585, 586, 587, 588, 589, 590, 591, 592, 593, 594, 595, 596, 597, 598, 599, 600, 601, 602, 603, 604, 605, 606, 607, 608, 609, 610, 611, 612, 613, 614, 615, 616, 617, 618, 619, 620, 621, 622, 623, 624, 625, 626, 627, 628, 629, 630, 631, 632, 633, 634, 635, 636, 637, 638, 639, 640, 641, 642, 643, 644, 645, 646, 647, 648, 649, 650, 651, 652, 653, 654, 655, 656, 657, 658, 659, 660, 661, 662, 663, 664, 665, 666, 667, 668, 669, 670, 671, 672, 673, 674, 675, 676, 677, 678, 679, 680, 681, 682, 683, 684, 685, 686, 687, 688, 689, 690, 691, 692, 693, 694, 695, 696, 697, 698, 699, 700, 701, 702, 703, 704, 705, 706, 707, 708, 709, 710, 711, 712, 713, 714, 715, 716, 717, 718, 719, 720, 721, 722, 723, 724, 725, 726, 727, 728, 729, 730, 731, 732, 733, 734, 735, 736, 737, 738, 739, 740, 741, 742, 743, 744, 745, 746, 747, 748, 749, 750, 751, 752, 753, 754, 755, 756, 757, 758, 759, 760, 761, 762, 763, 764, 765, 766, 767, 768, 769, 770, 771, 772, 773, 774, 775, 776, 777, 778, 779, 780, 781, 782, 783, 784, 785, 786, 787, 788, 789, 790, 791, 792, 793]",True,[260],"[103, 104, 105, 106, 107, 108, 109, 110, 111, 112, 113, 114, 115, 116, 117, 118, 119, 120, 121, 122, 123, 124, 125, 126, 127, 128, 129, 130, 131, 132, 133, 134, 135, 136, 137, 138, 139, 140, 141, 142, 143, 144, 145, 146, 147, 148, 149, 150, 151, 152, 153, 154, 155, 156, 157, 158, 159, 160, 161, 162, 163, 164, 165, 166, 167, 168, 169, 170, 171, 172, 173, 174, 175, 176, 177, 178, 179, 180, 181, 182, 183, 184, 185, 186, 187, 188, 189, 190, 191, 192, 193, 194, 195, 196, 197, 198, 199, 200, 201, 202, 203, 204, 205, 206, 207, 208, 209, 210, 211, 212, 213, 214, 215, 216, 217, 218, 219, 220, 221, 222, 223, 224, 225, 226, 227, 228, 229, 230, 231, 232, 233, 234, 235, 236, 237, 238, 239, 240, 241, 242, 243, 244, 245, 246, 247, 248, 249, 250, 251, 252, 253, 254, 255, 256, 257, 258, 259, 260, 261, 262, 263, 264, 265, 266, 267, 268, 269, 270, 271, 272, 273, 274, 275, 276, 277, 278, 279, 280, 281, 282, 283, 284, 285, 286, 287, 288, 289, 290, 291, 292, 293, 294, 295, 296, 297, 298, 299, 300, 301, 302, 303, 304, 305, 306, 307, 308, 309, 310, 311, 312, 313, 314, 315, 316, 317, 318, 319, 320, 321, 322, 323, 324, 325, 326, 327, 328, 329, 330, 331, 332, 333, 334, 335, 336, 337, 574, 575, 576, 577, 578, 579, 580, 581, 582, 583, 584, 585, 586, 587, 588, 589, 590, 591, 592, 593, 594, 595, 596, 597, 598, 599, 600, 601, 602, 603, 604, 605, 606, 607, 608, 609, 610, 611, 612, 613, 614, 615, 616, 617, 618, 619, 620, 621, 622, 623, 624, 625, 626, 627, 628, 629, 630, 631, 632, 633, 634, 635, 636, 637, 638, 639, 640, 641, 642, 643, 644, 645, 646, 647, 648, 649, 650, 651, 652, 653, 654, 655, 656, 657, 658, 659, 660, 661, 662, 663, 664, 665, 666, 667, 668, 669, 670, 671, 672, 673, 674, 675, 676, 677, 678, 679, 680, 681, 682, 683, 684, 685, 686, 687, 688, 689, 690, 691, 692, 693, 694, 695, 696, 697, 698, 699, 700, 701, 702, 703, 704, 705, 706, 707, 708, 709, 710, 711, 712, 713, 714, 715, 716, 717, 718, 719, 720, 721, 722, 723, 724, 725, 726, 727, 728, 729, 730, 731, 732, 733, 734, 735, 736, 737, 738, 739, 740, 741, 742, 743, 744, 745, 746, 747, 748, 749, 750, 751, 752, 753, 754, 755, 756, 757, 758, 759, 760, 761, 762, 763, 764, 765, 766, 767, 768, 769, 770, 771, 772, 773, 774, 775, 776, 777, 778, 779, 780, 781, 782, 783, 784, 785, 786, 787, 788, 789, 790, 791, 792, 793]","[186, 247, 260, 267, 657, 726]",[],"[267, 726]","[267, 726]",[],7/6 successful match,True,[305],True,729,False,,1.0,True,Rialto Travel Center,
"Rialto , 92324 Rialto Travel Center",951-680-9615 3610 S Riverside & Agua Mansa,24,Rialto,92324,Rialto Travel Center,951-680-9615,2006,Colton,CA,,,3610 S Riverside & Agua Mansa,Proper,,False,,False,3610 S,Agua Mansa,,,,[],"[277, 322, 736, 780]","[186, 247, 267, 277, 322, 657, 726, 736, 780]",[],"[103, 104, 105, 106, 107, 108, 109, 110, 111, 112, 113, 114, 115, 116, 117, 118, 119, 120, 121, 122, 123, 124, 125, 126, 127, 128, 129, 130, 131, 132, 133, 134, 135, 136, 137, 138, 139, 140, 141, 142, 143, 144, 145, 146, 147, 148, 149, 150, 151, 152, 153, 154, 155, 156, 157, 158, 159, 160, 161, 162, 163, 164, 165, 166, 167, 168, 169, 170, 171, 172, 173, 174, 175, 176, 177, 178, 179, 180, 181, 182, 183, 184, 185, 186, 187, 188, 189, 190, 191, 192, 193, 194, 195, 196, 197, 198, 199, 200, 201, 202, 203, 204, 205, 206, 207, 208, 209, 210, 211, 212, 213, 214, 215, 216, 217, 218, 219, 220, 221, 222, 223, 224, 225, 226, 227, 228, 229, 230, 231, 232, 233, 234, 235, 236, 237, 238, 239, 240, 241, 242, 243, 244, 245, 246, 247, 248, 249, 250, 251, 252, 253, 254, 255, 256, 257, 258, 259, 260, 261, 262, 263, 264, 265, 266, 267, 268, 269, 270, 271, 272, 273, 274, 275, 276, 277, 278, 279, 280, 281, 282, 283, 284, 285, 286, 287, 288, 289, 290, 291, 292, 293, 294, 295, 296, 297, 298, 299, 300, 301, 302, 303, 304, 305, 306, 307, 308, 309, 310, 311, 312, 313, 314, 315, 316, 317, 318, 319, 320, 321, 322, 323, 324, 325, 326, 327, 328, 329, 330, 331, 332, 333, 334, 335, 336, 337, 574, 575, 576, 577, 578, 579, 580, 581, 582, 583, 584, 585, 586, 587, 588, 589, 590, 591, 592, 593, 594, 595, 596, 597, 598, 599, 600, 601, 602, 603, 604, 605, 606, 607, 608, 609, 610, 611, 612, 613, 614, 615, 616, 617, 618, 619, 620, 621, 622, 623, 624, 625, 626, 627, 628, 629, 630, 631, 632, 633, 634, 635, 636, 637, 638, 639, 640, 641, 642, 643, 644, 645, 646, 647, 648, 649, 650, 651, 652, 653, 654, 655, 656, 657, 658, 659, 660, 661, 662, 663, 664, 665, 666, 667, 668, 669, 670, 671, 672, 673, 674, 675, 676, 677, 678, 679, 680, 681, 682, 683, 684, 685, 686, 687, 688, 689, 690, 691, 692, 693, 694, 695, 696, 697, 698, 699, 700, 701, 702, 703, 704, 705, 706, 707, 708, 709, 710, 711, 712, 713, 714, 715, 716, 717, 718, 719, 720, 721, 722, 723, 724, 725, 726, 727, 728, 729, 730, 731, 732, 733, 734, 735, 736, 737, 738, 739, 740, 741, 742, 743, 744, 745, 746, 747, 748, 749, 750, 751, 752, 753, 754, 755, 756, 757, 758, 759, 760, 761, 762, 763, 764, 765, 766, 767, 768, 769, 770, 771, 772, 773, 774, 775, 776, 777, 778, 779, 780, 781, 782, 783, 784, 785, 786, 787, 788, 789, 790, 791, 792, 793]","[267, 726]",[],"[267, 726]","[103, 104, 105, 106, 107, 108, 109, 110, 111, 112, 113, 114, 115, 116, 117, 118, 119, 120, 121, 122, 123, 124, 125, 126, 127, 128, 129, 130, 131, 132, 133, 134, 135, 136, 137, 138, 139, 140, 141, 142, 143, 144, 145, 146, 147, 148, 149, 150, 151, 152, 153, 154, 155, 156, 157, 158, 159, 160, 161, 162, 163, 164, 165, 166, 167, 168, 169, 170, 171, 172, 173, 174, 175, 176, 177, 178, 179, 180, 181, 182, 183, 184, 185, 186, 187, 188, 189, 190, 191, 192, 193, 194, 195, 196, 197, 198, 199, 200, 201, 202, 203, 204, 205, 206, 207, 208, 209, 210, 211, 212, 213, 214, 215, 216, 217, 218, 219, 220, 221, 222, 223, 224, 225, 226, 227, 228, 229, 230, 231, 232, 233, 234, 235, 236, 237, 238, 239, 240, 241, 242, 243, 244, 245, 246, 247, 248, 249, 250, 251, 252, 253, 254, 255, 256, 257, 258, 259, 260, 261, 262, 263, 264, 265, 266, 267, 268, 269, 270, 271, 272, 273, 274, 275, 276, 277, 278, 279, 280, 281, 282, 283, 284, 285, 286, 287, 288, 289, 290, 291, 292, 293, 294, 295, 296, 297, 298, 299, 300, 301, 302, 303, 304, 305, 306, 307, 308, 309, 310, 311, 312, 313, 314, 315, 316, 317, 318, 319, 320, 321, 322, 323, 324, 325, 326, 327, 328, 329, 330, 331, 332, 333, 334, 335, 336, 337, 574, 575, 576, 577, 578, 579, 580, 581, 582, 583, 584, 585, 586, 587, 588, 589, 590, 591, 592, 593, 594, 595, 596, 597, 598, 599, 600, 601, 602, 603, 604, 605, 606, 607, 608, 609, 610, 611, 612, 613, 614, 615, 616, 617, 618, 619, 620, 621, 622, 623, 624, 625, 626, 627, 628, 629, 630, 631, 632, 633, 634, 635, 636, 637, 638, 639, 640, 641, 642, 643, 644, 645, 646, 647, 648, 649, 650, 651, 652, 653, 654, 655, 656, 657, 658, 659, 660, 661, 662, 663, 664, 665, 666, 667, 668, 669, 670, 671, 672, 673, 674, 675, 676, 677, 678, 679, 680, 681, 682, 683, 684, 685, 686, 687, 688, 689, 690, 691, 692, 693, 694, 695, 696, 697, 698, 699, 700, 701, 702, 703, 704, 705, 706, 707, 708, 709, 710, 711, 712, 713, 714, 715, 716, 717, 718, 719, 720, 721, 722, 723, 724, 725, 726, 727, 728, 729, 730, 731, 732, 733, 734, 735, 736, 737, 738, 739, 740, 741, 742, 743, 744, 745, 746, 747, 748, 749, 750, 751, 752, 753, 754, 755, 756, 757, 758, 759, 760, 761, 762, 763, 764, 765, 766, 767, 768, 769, 770, 771, 772, 773, 774, 775, 776, 777, 778, 779, 780, 781, 782, 783, 784, 785, 786, 787, 788, 789, 790, 791, 792, 793]",False,"[277, 322, 736, 780]","[103, 104, 105, 106, 107, 108, 109, 110, 111, 112, 113, 114, 115, 116, 117, 118, 119, 120, 121, 122, 123, 124, 125, 126, 127, 128, 129, 130, 131, 132, 133, 134, 135, 136, 137, 138, 139, 140, 141, 142, 143, 144, 145, 146, 147, 148, 149, 150, 151, 152, 153, 154, 155, 156, 157, 158, 159, 160, 161, 162, 163, 164, 165, 166, 167, 168, 169, 170, 171, 172, 173, 174, 175, 176, 177, 178, 179, 180, 181, 182, 183, 184, 185, 186, 187, 188, 189, 190, 191, 192, 193, 194, 195, 196, 197, 198, 199, 200, 201, 202, 203, 204, 205, 206, 207, 208, 209, 210, 211, 212, 213, 214, 215, 216, 217, 218, 219, 220, 221, 222, 223, 224, 225, 226, 227, 228, 229, 230, 231, 232, 233, 234, 235, 236, 237, 238, 239, 240, 241, 242, 243, 244, 245, 246, 247, 248, 249, 250, 251, 252, 253, 254, 255, 256, 257, 258, 259, 260, 261, 262, 263, 264, 265, 266, 267, 268, 269, 270, 271, 272, 273, 274, 275, 276, 277, 278, 279, 280, 281, 282, 283, 284, 285, 286, 287, 288, 289, 290, 291, 292, 293, 294, 295, 296, 297, 298, 299, 300, 301, 302, 303, 304, 305, 306, 307, 308, 309, 310, 311, 312, 313, 314, 315, 316, 317, 318, 319, 320, 321, 322, 323, 324, 325, 326, 327, 328, 329, 330, 331, 332, 333, 334, 335, 336, 337, 574, 575, 576, 577, 578, 579, 580, 581, 582, 583, 584, 585, 586, 587, 588, 589, 590, 591, 592, 593, 594, 595, 596, 597, 598, 599, 600, 601, 602, 603, 604, 605, 606, 607, 608, 609, 610, 611, 612, 613, 614, 615, 616, 617, 618, 619, 620, 621, 622, 623, 624, 625, 626, 627, 628, 629, 630, 631, 632, 633, 634, 635, 636, 637, 638, 639, 640, 641, 642, 643, 644, 645, 646, 647, 648, 649, 650, 651, 652, 653, 654, 655, 656, 657, 658, 659, 660, 661, 662, 663, 664, 665, 666, 667, 668, 669, 670, 671, 672, 673, 674, 675, 676, 677, 678, 679, 680, 681, 682, 683, 684, 685, 686, 687, 688, 689, 690, 691, 692, 693, 694, 695, 696, 697, 698, 699, 700, 701, 702, 703, 704, 705, 706, 707, 708, 709, 710, 711, 712, 713, 714, 715, 716, 717, 718, 719, 720, 721, 722, 723, 724, 725, 726, 727, 728, 729, 730, 731, 732, 733, 734, 735, 736, 737, 738, 739, 740, 741, 742, 743, 744, 745, 746, 747, 748, 749, 750, 751, 752, 753, 754, 755, 756, 757, 758, 759, 760, 761, 762, 763, 764, 765, 766, 767, 768, 769, 770, 771, 772, 773, 774, 775, 776, 777, 778, 779, 780, 781, 782, 783, 784, 785, 786, 787, 788, 789, 790, 791, 792, 793]","[186, 247, 267, 277, 322, 657, 726, 736, 780]",[],"[267, 726]","[267, 726]",[],7/6 successful match,False,,False,730,False,,,,,
"Fenner , 92332 Hi - Sierra Oasis",760-733-4032 I-40 Exit 107 ( Goffs Rd N ),HRS 24 M,Fenner,92332,Hi - Sierra Oasis,760-733-4032,2006,Essex,CA,,( Goffs Rd N ),I-40 Exit 107 ,Exit,107,False,,False,I-40,,,,,[],"[183, 654]","[183, 654]","[183, 654]","[103, 104, 105, 106, 107, 108, 109, 110, 111, 112, 113, 114, 115, 116, 117, 118, 119, 120, 121, 122, 123, 124, 125, 126, 127, 128, 129, 130, 131, 132, 133, 134, 135, 136, 137, 138, 139, 140, 141, 142, 143, 144, 145, 146, 147, 148, 149, 150, 151, 152, 153, 154, 155, 156, 157, 158, 159, 160, 161, 162, 163, 164, 165, 166, 167, 168, 169, 170, 171, 172, 173, 174, 175, 176, 177, 178, 179, 180, 181, 182, 183, 184, 185, 186, 187, 188, 189, 190, 191, 192, 193, 194, 195, 196, 197, 198, 199, 200, 201, 202, 203, 204, 205, 206, 207, 208, 209, 210, 211, 212, 213, 214, 215, 216, 217, 218, 219, 220, 221, 222, 223, 224, 225, 226, 227, 228, 229, 230, 231, 232, 233, 234, 235, 236, 237, 238, 239, 240, 241, 242, 243, 244, 245, 246, 247, 248, 249, 250, 251, 252, 253, 254, 255, 256, 257, 258, 259, 260, 261, 262, 263, 264, 265, 266, 267, 268, 269, 270, 271, 272, 273, 274, 275, 276, 277, 278, 279, 280, 281, 282, 283, 284, 285, 286, 287, 288, 289, 290, 291, 292, 293, 294, 295, 296, 297, 298, 299, 300, 301, 302, 303, 304, 305, 306, 307, 308, 309, 310, 311, 312, 313, 314, 315, 316, 317, 318, 319, 320, 321, 322, 323, 324, 325, 326, 327, 328, 329, 330, 331, 332, 333, 334, 335, 336, 337, 574, 575, 576, 577, 578, 579, 580, 581, 582, 583, 584, 585, 586, 587, 588, 589, 590, 591, 592, 593, 594, 595, 596, 597, 598, 599, 600, 601, 602, 603, 604, 605, 606, 607, 608, 609, 610, 611, 612, 613, 614, 615, 616, 617, 618, 619, 620, 621, 622, 623, 624, 625, 626, 627, 628, 629, 630, 631, 632, 633, 634, 635, 636, 637, 638, 639, 640, 641, 642, 643, 644, 645, 646, 647, 648, 649, 650, 651, 652, 653, 654, 655, 656, 657, 658, 659, 660, 661, 662, 663, 664, 665, 666, 667, 668, 669, 670, 671, 672, 673, 674, 675, 676, 677, 678, 679, 680, 681, 682, 683, 684, 685, 686, 687, 688, 689, 690, 691, 692, 693, 694, 695, 696, 697, 698, 699, 700, 701, 702, 703, 704, 705, 706, 707, 708, 709, 710, 711, 712, 713, 714, 715, 716, 717, 718, 719, 720, 721, 722, 723, 724, 725, 726, 727, 728, 729, 730, 731, 732, 733, 734, 735, 736, 737, 738, 739, 740, 741, 742, 743, 744, 745, 746, 747, 748, 749, 750, 751, 752, 753, 754, 755, 756, 757, 758, 759, 760, 761, 762, 763, 764, 765, 766, 767, 768, 769, 770, 771, 772, 773, 774, 775, 776, 777, 778, 779, 780, 781, 782, 783, 784, 785, 786, 787, 788, 789, 790, 791, 792, 793]","[4, 11, 18, 21, 23, 26, 27, 28, 31, 35, 36, 43, 45, 52, 55, 56, 60, 62, 64, 70, 71, 80, 90, 94, 97, 183, 197, 232, 334, 426, 455, 472, 477, 478, 480, 483, 484, 490, 496, 505, 507, 509, 510, 511, 514, 516, 517, 523, 525, 529, 532, 533, 536, 538, 545, 546, 552, 561, 565, 568, 654, 668, 696, 790, 857, 878, 902, 919, 928, 929, 932, 934, 935]",[],"[183, 192, 654, 663]","[4, 11, 18, 21, 23, 26, 27, 28, 31, 35, 36, 43, 45, 52, 55, 56, 60, 62, 64, 70, 71, 80, 90, 94, 97, 103, 104, 105, 106, 107, 108, 109, 110, 111, 112, 113, 114, 115, 116, 117, 118, 119, 120, 121, 122, 123, 124, 125, 126, 127, 128, 129, 130, 131, 132, 133, 134, 135, 136, 137, 138, 139, 140, 141, 142, 143, 144, 145, 146, 147, 148, 149, 150, 151, 152, 153, 154, 155, 156, 157, 158, 159, 160, 161, 162, 163, 164, 165, 166, 167, 168, 169, 170, 171, 172, 173, 174, 175, 176, 177, 178, 179, 180, 181, 182, 183, 184, 185, 186, 187, 188, 189, 190, 191, 192, 193, 194, 195, 196, 197, 198, 199, 200, 201, 202, 203, 204, 205, 206, 207, 208, 209, 210, 211, 212, 213, 214, 215, 216, 217, 218, 219, 220, 221, 222, 223, 224, 225, 226, 227, 228, 229, 230, 231, 232, 233, 234, 235, 236, 237, 238, 239, 240, 241, 242, 243, 244, 245, 246, 247, 248, 249, 250, 251, 252, 253, 254, 255, 256, 257, 258, 259, 260, 261, 262, 263, 264, 265, 266, 267, 268, 269, 270, 271, 272, 273, 274, 275, 276, 277, 278, 279, 280, 281, 282, 283, 284, 285, 286, 287, 288, 289, 290, 291, 292, 293, 294, 295, 296, 297, 298, 299, 300, 301, 302, 303, 304, 305, 306, 307, 308, 309, 310, 311, 312, 313, 314, 315, 316, 317, 318, 319, 320, 321, 322, 323, 324, 325, 326, 327, 328, 329, 330, 331, 332, 333, 334, 335, 336, 337, 426, 455, 472, 477, 478, 480, 483, 484, 490, 496, 505, 507, 509, 510, 511, 514, 516, 517, 523, 525, 529, 532, 533, 536, 538, 545, 546, 552, 561, 565, 568, 574, 575, 576, 577, 578, 579, 580, 581, 582, 583, 584, 585, 586, 587, 588, 589, 590, 591, 592, 593, 594, 595, 596, 597, 598, 599, 600, 601, 602, 603, 604, 605, 606, 607, 608, 609, 610, 611, 612, 613, 614, 615, 616, 617, 618, 619, 620, 621, 622, 623, 624, 625, 626, 627, 628, 629, 630, 631, 632, 633, 634, 635, 636, 637, 638, 639, 640, 641, 642, 643, 644, 645, 646, 647, 648, 649, 650, 651, 652, 653, 654, 655, 656, 657, 658, 659, 660, 661, 662, 663, 664, 665, 666, 667, 668, 669, 670, 671, 672, 673, 674, 675, 676, 677, 678, 679, 680, 681, 682, 683, 684, 685, 686, 687, 688, 689, 690, 691, 692, 693, 694, 695, 696, 697, 698, 699, 700, 701, 702, 703, 704, 705, 706, 707, 708, 709, 710, 711, 712, 713, 714, 715, 716, 717, 718, 719, 720, 721, 722, 723, 724, 725, 726, 727, 728, 729, 730, 731, 732, 733, 734, 735, 736, 737, 738, 739, 740, 741, 742, 743, 744, 745, 746, 747, 748, 749, 750, 751, 752, 753, 754, 755, 756, 757, 758, 759, 760, 761, 762, 763, 764, 765, 766, 767, 768, 769, 770, 771, 772, 773, 774, 775, 776, 777, 778, 779, 780, 781, 782, 783, 784, 785, 786, 787, 788, 789, 790, 791, 792, 793, 857, 878, 902, 919, 928, 929, 932, 934, 935]",False,"[183, 654]","[103, 104, 105, 106, 107, 108, 109, 110, 111, 112, 113, 114, 115, 116, 117, 118, 119, 120, 121, 122, 123, 124, 125, 126, 127, 128, 129, 130, 131, 132, 133, 134, 135, 136, 137, 138, 139, 140, 141, 142, 143, 144, 145, 146, 147, 148, 149, 150, 151, 152, 153, 154, 155, 156, 157, 158, 159, 160, 161, 162, 163, 164, 165, 166, 167, 168, 169, 170, 171, 172, 173, 174, 175, 176, 177, 178, 179, 180, 181, 182, 183, 184, 185, 186, 187, 188, 189, 190, 191, 192, 193, 194, 195, 196, 197, 198, 199, 200, 201, 202, 203, 204, 205, 206, 207, 208, 209, 210, 211, 212, 213, 214, 215, 216, 217, 218, 219, 220, 221, 222, 223, 224, 225, 226, 227, 228, 229, 230, 231, 232, 233, 234, 235, 236, 237, 238, 239, 240, 241, 242, 243, 244, 245, 246, 247, 248, 249, 250, 251, 252, 253, 254, 255, 256, 257, 258, 259, 260, 261, 262, 263, 264, 265, 266, 267, 268, 269, 270, 271, 272, 273, 274, 275, 276, 277, 278, 279, 280, 281, 282, 283, 284, 285, 286, 287, 288, 289, 290, 291, 292, 293, 294, 295, 296, 297, 298, 299, 300, 301, 302, 303, 304, 305, 306, 307, 308, 309, 310, 311, 312, 313, 314, 315, 316, 317, 318, 319, 320, 321, 322, 323, 324, 325, 326, 327, 328, 329, 330, 331, 332, 333, 334, 335, 336, 337, 574, 575, 576, 577, 578, 579, 580, 581, 582, 583, 584, 585, 586, 587, 588, 589, 590, 591, 592, 593, 594, 595, 596, 597, 598, 599, 600, 601, 602, 603, 604, 605, 606, 607, 608, 609, 610, 611, 612, 613, 614, 615, 616, 617, 618, 619, 620, 621, 622, 623, 624, 625, 626, 627, 628, 629, 630, 631, 632, 633, 634, 635, 636, 637, 638, 639, 640, 641, 642, 643, 644, 645, 646, 647, 648, 649, 650, 651, 652, 653, 654, 655, 656, 657, 658, 659, 660, 661, 662, 663, 664, 665, 666, 667, 668, 669, 670, 671, 672, 673, 674, 675, 676, 677, 678, 679, 680, 681, 682, 683, 684, 685, 686, 687, 688, 689, 690, 691, 692, 693, 694, 695, 696, 697, 698, 699, 700, 701, 702, 703, 704, 705, 706, 707, 708, 709, 710, 711, 712, 713, 714, 715, 716, 717, 718, 719, 720, 721, 722, 723, 724, 725, 726, 727, 728, 729, 730, 731, 732, 733, 734, 735, 736, 737, 738, 739, 740, 741, 742, 743, 744, 745, 746, 747, 748, 749, 750, 751, 752, 753, 754, 755, 756, 757, 758, 759, 760, 761, 762, 763, 764, 765, 766, 767, 768, 769, 770, 771, 772, 773, 774, 775, 776, 777, 778, 779, 780, 781, 782, 783, 784, 785, 786, 787, 788, 789, 790, 791, 792, 793]","[183, 654]","[183, 654]","[4, 11, 18, 21, 23, 26, 27, 28, 31, 35, 36, 43, 45, 52, 55, 56, 60, 62, 64, 70, 71, 80, 90, 94, 97, 183, 197, 232, 334, 426, 455, 472, 477, 478, 480, 483, 484, 490, 496, 505, 507, 509, 510, 511, 514, 516, 517, 523, 525, 529, 532, 533, 536, 538, 545, 546, 552, 561, 565, 568, 654, 668, 696, 790, 857, 878, 902, 919, 928, 929, 932, 934, 935]","[183, 192, 654, 663]",[],7/6 successful match,False,,False,731,False,,,,,
"Fenner , 92332 Hi - Sierra Oasis",760-733-4032 I-40 Exit 107 ( Goffs Rd N ),24 HRS M <U+2610>,Fenner,92332,Hi - Sierra Oasis,760-733-4032,2007,Essex,CA,,( Goffs Rd N ),I-40 Exit 107 ,Exit,107,False,,False,I-40,,,,,[],"[183, 654]","[183, 654]","[183, 654]","[103, 104, 105, 106, 107, 108, 109, 110, 111, 112, 113, 114, 115, 116, 117, 118, 119, 120, 121, 122, 123, 124, 125, 126, 127, 128, 129, 130, 131, 132, 133, 134, 135, 136, 137, 138, 139, 140, 141, 142, 143, 144, 145, 146, 147, 148, 149, 150, 151, 152, 153, 154, 155, 156, 157, 158, 159, 160, 161, 162, 163, 164, 165, 166, 167, 168, 169, 170, 171, 172, 173, 174, 175, 176, 177, 178, 179, 180, 181, 182, 183, 184, 185, 186, 187, 188, 189, 190, 191, 192, 193, 194, 195, 196, 197, 198, 199, 200, 201, 202, 203, 204, 205, 206, 207, 208, 209, 210, 211, 212, 213, 214, 215, 216, 217, 218, 219, 220, 221, 222, 223, 224, 225, 226, 227, 228, 229, 230, 231, 232, 233, 234, 235, 236, 237, 238, 239, 240, 241, 242, 243, 244, 245, 246, 247, 248, 249, 250, 251, 252, 253, 254, 255, 256, 257, 258, 259, 260, 261, 262, 263, 264, 265, 266, 267, 268, 269, 270, 271, 272, 273, 274, 275, 276, 277, 278, 279, 280, 281, 282, 283, 284, 285, 286, 287, 288, 289, 290, 291, 292, 293, 294, 295, 296, 297, 298, 299, 300, 301, 302, 303, 304, 305, 306, 307, 308, 309, 310, 311, 312, 313, 314, 315, 316, 317, 318, 319, 320, 321, 322, 323, 324, 325, 326, 327, 328, 329, 330, 331, 332, 333, 334, 335, 336, 337, 574, 575, 576, 577, 578, 579, 580, 581, 582, 583, 584, 585, 586, 587, 588, 589, 590, 591, 592, 593, 594, 595, 596, 597, 598, 599, 600, 601, 602, 603, 604, 605, 606, 607, 608, 609, 610, 611, 612, 613, 614, 615, 616, 617, 618, 619, 620, 621, 622, 623, 624, 625, 626, 627, 628, 629, 630, 631, 632, 633, 634, 635, 636, 637, 638, 639, 640, 641, 642, 643, 644, 645, 646, 647, 648, 649, 650, 651, 652, 653, 654, 655, 656, 657, 658, 659, 660, 661, 662, 663, 664, 665, 666, 667, 668, 669, 670, 671, 672, 673, 674, 675, 676, 677, 678, 679, 680, 681, 682, 683, 684, 685, 686, 687, 688, 689, 690, 691, 692, 693, 694, 695, 696, 697, 698, 699, 700, 701, 702, 703, 704, 705, 706, 707, 708, 709, 710, 711, 712, 713, 714, 715, 716, 717, 718, 719, 720, 721, 722, 723, 724, 725, 726, 727, 728, 729, 730, 731, 732, 733, 734, 735, 736, 737, 738, 739, 740, 741, 742, 743, 744, 745, 746, 747, 748, 749, 750, 751, 752, 753, 754, 755, 756, 757, 758, 759, 760, 761, 762, 763, 764, 765, 766, 767, 768, 769, 770, 771, 772, 773, 774, 775, 776, 777, 778, 779, 780, 781, 782, 783, 784, 785, 786, 787, 788, 789, 790, 791, 792, 793]","[4, 11, 18, 21, 23, 26, 27, 28, 31, 35, 36, 43, 45, 52, 55, 56, 60, 62, 64, 70, 71, 80, 90, 94, 97, 183, 197, 232, 334, 426, 455, 472, 477, 478, 480, 483, 484, 490, 496, 505, 507, 509, 510, 511, 514, 516, 517, 523, 525, 529, 532, 533, 536, 538, 545, 546, 552, 561, 565, 568, 654, 668, 696, 790, 857, 878, 902, 919, 928, 929, 932, 934, 935]",[],"[183, 192, 654, 663]","[4, 11, 18, 21, 23, 26, 27, 28, 31, 35, 36, 43, 45, 52, 55, 56, 60, 62, 64, 70, 71, 80, 90, 94, 97, 103, 104, 105, 106, 107, 108, 109, 110, 111, 112, 113, 114, 115, 116, 117, 118, 119, 120, 121, 122, 123, 124, 125, 126, 127, 128, 129, 130, 131, 132, 133, 134, 135, 136, 137, 138, 139, 140, 141, 142, 143, 144, 145, 146, 147, 148, 149, 150, 151, 152, 153, 154, 155, 156, 157, 158, 159, 160, 161, 162, 163, 164, 165, 166, 167, 168, 169, 170, 171, 172, 173, 174, 175, 176, 177, 178, 179, 180, 181, 182, 183, 184, 185, 186, 187, 188, 189, 190, 191, 192, 193, 194, 195, 196, 197, 198, 199, 200, 201, 202, 203, 204, 205, 206, 207, 208, 209, 210, 211, 212, 213, 214, 215, 216, 217, 218, 219, 220, 221, 222, 223, 224, 225, 226, 227, 228, 229, 230, 231, 232, 233, 234, 235, 236, 237, 238, 239, 240, 241, 242, 243, 244, 245, 246, 247, 248, 249, 250, 251, 252, 253, 254, 255, 256, 257, 258, 259, 260, 261, 262, 263, 264, 265, 266, 267, 268, 269, 270, 271, 272, 273, 274, 275, 276, 277, 278, 279, 280, 281, 282, 283, 284, 285, 286, 287, 288, 289, 290, 291, 292, 293, 294, 295, 296, 297, 298, 299, 300, 301, 302, 303, 304, 305, 306, 307, 308, 309, 310, 311, 312, 313, 314, 315, 316, 317, 318, 319, 320, 321, 322, 323, 324, 325, 326, 327, 328, 329, 330, 331, 332, 333, 334, 335, 336, 337, 426, 455, 472, 477, 478, 480, 483, 484, 490, 496, 505, 507, 509, 510, 511, 514, 516, 517, 523, 525, 529, 532, 533, 536, 538, 545, 546, 552, 561, 565, 568, 574, 575, 576, 577, 578, 579, 580, 581, 582, 583, 584, 585, 586, 587, 588, 589, 590, 591, 592, 593, 594, 595, 596, 597, 598, 599, 600, 601, 602, 603, 604, 605, 606, 607, 608, 609, 610, 611, 612, 613, 614, 615, 616, 617, 618, 619, 620, 621, 622, 623, 624, 625, 626, 627, 628, 629, 630, 631, 632, 633, 634, 635, 636, 637, 638, 639, 640, 641, 642, 643, 644, 645, 646, 647, 648, 649, 650, 651, 652, 653, 654, 655, 656, 657, 658, 659, 660, 661, 662, 663, 664, 665, 666, 667, 668, 669, 670, 671, 672, 673, 674, 675, 676, 677, 678, 679, 680, 681, 682, 683, 684, 685, 686, 687, 688, 689, 690, 691, 692, 693, 694, 695, 696, 697, 698, 699, 700, 701, 702, 703, 704, 705, 706, 707, 708, 709, 710, 711, 712, 713, 714, 715, 716, 717, 718, 719, 720, 721, 722, 723, 724, 725, 726, 727, 728, 729, 730, 731, 732, 733, 734, 735, 736, 737, 738, 739, 740, 741, 742, 743, 744, 745, 746, 747, 748, 749, 750, 751, 752, 753, 754, 755, 756, 757, 758, 759, 760, 761, 762, 763, 764, 765, 766, 767, 768, 769, 770, 771, 772, 773, 774, 775, 776, 777, 778, 779, 780, 781, 782, 783, 784, 785, 786, 787, 788, 789, 790, 791, 792, 793, 857, 878, 902, 919, 928, 929, 932, 934, 935]",False,"[183, 654]","[103, 104, 105, 106, 107, 108, 109, 110, 111, 112, 113, 114, 115, 116, 117, 118, 119, 120, 121, 122, 123, 124, 125, 126, 127, 128, 129, 130, 131, 132, 133, 134, 135, 136, 137, 138, 139, 140, 141, 142, 143, 144, 145, 146, 147, 148, 149, 150, 151, 152, 153, 154, 155, 156, 157, 158, 159, 160, 161, 162, 163, 164, 165, 166, 167, 168, 169, 170, 171, 172, 173, 174, 175, 176, 177, 178, 179, 180, 181, 182, 183, 184, 185, 186, 187, 188, 189, 190, 191, 192, 193, 194, 195, 196, 197, 198, 199, 200, 201, 202, 203, 204, 205, 206, 207, 208, 209, 210, 211, 212, 213, 214, 215, 216, 217, 218, 219, 220, 221, 222, 223, 224, 225, 226, 227, 228, 229, 230, 231, 232, 233, 234, 235, 236, 237, 238, 239, 240, 241, 242, 243, 244, 245, 246, 247, 248, 249, 250, 251, 252, 253, 254, 255, 256, 257, 258, 259, 260, 261, 262, 263, 264, 265, 266, 267, 268, 269, 270, 271, 272, 273, 274, 275, 276, 277, 278, 279, 280, 281, 282, 283, 284, 285, 286, 287, 288, 289, 290, 291, 292, 293, 294, 295, 296, 297, 298, 299, 300, 301, 302, 303, 304, 305, 306, 307, 308, 309, 310, 311, 312, 313, 314, 315, 316, 317, 318, 319, 320, 321, 322, 323, 324, 325, 326, 327, 328, 329, 330, 331, 332, 333, 334, 335, 336, 337, 574, 575, 576, 577, 578, 579, 580, 581, 582, 583, 584, 585, 586, 587, 588, 589, 590, 591, 592, 593, 594, 595, 596, 597, 598, 599, 600, 601, 602, 603, 604, 605, 606, 607, 608, 609, 610, 611, 612, 613, 614, 615, 616, 617, 618, 619, 620, 621, 622, 623, 624, 625, 626, 627, 628, 629, 630, 631, 632, 633, 634, 635, 636, 637, 638, 639, 640, 641, 642, 643, 644, 645, 646, 647, 648, 649, 650, 651, 652, 653, 654, 655, 656, 657, 658, 659, 660, 661, 662, 663, 664, 665, 666, 667, 668, 669, 670, 671, 672, 673, 674, 675, 676, 677, 678, 679, 680, 681, 682, 683, 684, 685, 686, 687, 688, 689, 690, 691, 692, 693, 694, 695, 696, 697, 698, 699, 700, 701, 702, 703, 704, 705, 706, 707, 708, 709, 710, 711, 712, 713, 714, 715, 716, 717, 718, 719, 720, 721, 722, 723, 724, 725, 726, 727, 728, 729, 730, 731, 732, 733, 734, 735, 736, 737, 738, 739, 740, 741, 742, 743, 744, 745, 746, 747, 748, 749, 750, 751, 752, 753, 754, 755, 756, 757, 758, 759, 760, 761, 762, 763, 764, 765, 766, 767, 768, 769, 770, 771, 772, 773, 774, 775, 776, 777, 778, 779, 780, 781, 782, 783, 784, 785, 786, 787, 788, 789, 790, 791, 792, 793]","[183, 654]","[183, 654]","[4, 11, 18, 21, 23, 26, 27, 28, 31, 35, 36, 43, 45, 52, 55, 56, 60, 62, 64, 70, 71, 80, 90, 94, 97, 183, 197, 232, 334, 426, 455, 472, 477, 478, 480, 483, 484, 490, 496, 505, 507, 509, 510, 511, 514, 516, 517, 523, 525, 529, 532, 533, 536, 538, 545, 546, 552, 561, 565, 568, 654, 668, 696, 790, 857, 878, 902, 919, 928, 929, 932, 934, 935]","[183, 192, 654, 663]",[],7/6 successful match,False,,False,731,False,,1.0,True,Hi - Sierra Oasis,
"Fontana , 92335 A - Z Fuel Stop",909-356-5556 I-10 Exit 61 ( Cherry 3/4 mi N ),HRS 24 S 000,Fontana,92335,A - Z Fuel Stop,909-356-5556,2006,Fontana,CA,,( Cherry 3/4 mi N ),I-10 Exit 61 ,Exit,61,False,,False,I-10,,,,,"[587, 116]","[115, 116, 169, 170, 586, 587, 640, 641]","[115, 116, 161, 169, 170, 244, 303, 586, 587, 633, 640, 641, 761, 792]","[116, 118, 161, 169, 170, 174, 303, 587, 589, 633, 640, 641, 645, 761, 792]","[103, 104, 105, 106, 107, 108, 109, 110, 111, 112, 113, 114, 115, 116, 117, 118, 119, 120, 121, 122, 123, 124, 125, 126, 127, 128, 129, 130, 131, 132, 133, 134, 135, 136, 137, 138, 139, 140, 141, 142, 143, 144, 145, 146, 147, 148, 149, 150, 151, 152, 153, 154, 155, 156, 157, 158, 159, 160, 161, 162, 163, 164, 165, 166, 167, 168, 169, 170, 171, 172, 173, 174, 175, 176, 177, 178, 179, 180, 181, 182, 183, 184, 185, 186, 187, 188, 189, 190, 191, 192, 193, 194, 195, 196, 197, 198, 199, 200, 201, 202, 203, 204, 205, 206, 207, 208, 209, 210, 211, 212, 213, 214, 215, 216, 217, 218, 219, 220, 221, 222, 223, 224, 225, 226, 227, 228, 229, 230, 231, 232, 233, 234, 235, 236, 237, 238, 239, 240, 241, 242, 243, 244, 245, 246, 247, 248, 249, 250, 251, 252, 253, 254, 255, 256, 257, 258, 259, 260, 261, 262, 263, 264, 265, 266, 267, 268, 269, 270, 271, 272, 273, 274, 275, 276, 277, 278, 279, 280, 281, 282, 283, 284, 285, 286, 287, 288, 289, 290, 291, 292, 293, 294, 295, 296, 297, 298, 299, 300, 301, 302, 303, 304, 305, 306, 307, 308, 309, 310, 311, 312, 313, 314, 315, 316, 317, 318, 319, 320, 321, 322, 323, 324, 325, 326, 327, 328, 329, 330, 331, 332, 333, 334, 335, 336, 337, 574, 575, 576, 577, 578, 579, 580, 581, 582, 583, 584, 585, 586, 587, 588, 589, 590, 591, 592, 593, 594, 595, 596, 597, 598, 599, 600, 601, 602, 603, 604, 605, 606, 607, 608, 609, 610, 611, 612, 613, 614, 615, 616, 617, 618, 619, 620, 621, 622, 623, 624, 625, 626, 627, 628, 629, 630, 631, 632, 633, 634, 635, 636, 637, 638, 639, 640, 641, 642, 643, 644, 645, 646, 647, 648, 649, 650, 651, 652, 653, 654, 655, 656, 657, 658, 659, 660, 661, 662, 663, 664, 665, 666, 667, 668, 669, 670, 671, 672, 673, 674, 675, 676, 677, 678, 679, 680, 681, 682, 683, 684, 685, 686, 687, 688, 689, 690, 691, 692, 693, 694, 695, 696, 697, 698, 699, 700, 701, 702, 703, 704, 705, 706, 707, 708, 709, 710, 711, 712, 713, 714, 715, 716, 717, 718, 719, 720, 721, 722, 723, 724, 725, 726, 727, 728, 729, 730, 731, 732, 733, 734, 735, 736, 737, 738, 739, 740, 741, 742, 743, 744, 745, 746, 747, 748, 749, 750, 751, 752, 753, 754, 755, 756, 757, 758, 759, 760, 761, 762, 763, 764, 765, 766, 767, 768, 769, 770, 771, 772, 773, 774, 775, 776, 777, 778, 779, 780, 781, 782, 783, 784, 785, 786, 787, 788, 789, 790, 791, 792, 793]","[0, 5, 7, 10, 14, 19, 20, 22, 24, 32, 33, 34, 37, 38, 40, 44, 46, 48, 49, 51, 56, 61, 63, 65, 67, 68, 73, 74, 75, 76, 79, 81, 82, 83, 85, 87, 88, 92, 93, 95, 96, 99, 100, 101, 115, 116, 124, 134, 142, 161, 167, 169, 170, 186, 202, 240, 244, 254, 260, 267, 277, 300, 303, 307, 310, 322, 331, 376, 485, 491, 493, 495, 499, 503, 504, 506, 508, 515, 518, 519, 521, 524, 526, 528, 533, 537, 539, 542, 543, 547, 548, 549, 550, 551, 553, 554, 556, 558, 559, 563, 564, 566, 567, 570, 571, 572, 586, 587, 595, 605, 613, 633, 639, 640, 641, 657, 672, 704, 717, 726, 736, 759, 761, 765, 768, 780, 788, 792, 826]",[],[],"[0, 5, 7, 10, 14, 19, 20, 22, 24, 32, 33, 34, 37, 38, 40, 44, 46, 48, 49, 51, 56, 61, 63, 65, 67, 68, 73, 74, 75, 76, 79, 81, 82, 83, 85, 87, 88, 92, 93, 95, 96, 99, 100, 101, 103, 104, 105, 106, 107, 108, 109, 110, 111, 112, 113, 114, 115, 116, 117, 118, 119, 120, 121, 122, 123, 124, 125, 126, 127, 128, 129, 130, 131, 132, 133, 134, 135, 136, 137, 138, 139, 140, 141, 142, 143, 144, 145, 146, 147, 148, 149, 150, 151, 152, 153, 154, 155, 156, 157, 158, 159, 160, 161, 162, 163, 164, 165, 166, 167, 168, 169, 170, 171, 172, 173, 174, 175, 176, 177, 178, 179, 180, 181, 182, 183, 184, 185, 186, 187, 188, 189, 190, 191, 192, 193, 194, 195, 196, 197, 198, 199, 200, 201, 202, 203, 204, 205, 206, 207, 208, 209, 210, 211, 212, 213, 214, 215, 216, 217, 218, 219, 220, 221, 222, 223, 224, 225, 226, 227, 228, 229, 230, 231, 232, 233, 234, 235, 236, 237, 238, 239, 240, 241, 242, 243, 244, 245, 246, 247, 248, 249, 250, 251, 252, 253, 254, 255, 256, 257, 258, 259, 260, 261, 262, 263, 264, 265, 266, 267, 268, 269, 270, 271, 272, 273, 274, 275, 276, 277, 278, 279, 280, 281, 282, 283, 284, 285, 286, 287, 288, 289, 290, 291, 292, 293, 294, 295, 296, 297, 298, 299, 300, 301, 302, 303, 304, 305, 306, 307, 308, 309, 310, 311, 312, 313, 314, 315, 316, 317, 318, 319, 320, 321, 322, 323, 324, 325, 326, 327, 328, 329, 330, 331, 332, 333, 334, 335, 336, 337, 376, 485, 491, 493, 495, 499, 503, 504, 506, 508, 515, 518, 519, 521, 524, 526, 528, 533, 537, 539, 542, 543, 547, 548, 549, 550, 551, 553, 554, 556, 558, 559, 563, 564, 566, 567, 570, 571, 572, 574, 575, 576, 577, 578, 579, 580, 581, 582, 583, 584, 585, 586, 587, 588, 589, 590, 591, 592, 593, 594, 595, 596, 597, 598, 599, 600, 601, 602, 603, 604, 605, 606, 607, 608, 609, 610, 611, 612, 613, 614, 615, 616, 617, 618, 619, 620, 621, 622, 623, 624, 625, 626, 627, 628, 629, 630, 631, 632, 633, 634, 635, 636, 637, 638, 639, 640, 641, 642, 643, 644, 645, 646, 647, 648, 649, 650, 651, 652, 653, 654, 655, 656, 657, 658, 659, 660, 661, 662, 663, 664, 665, 666, 667, 668, 669, 670, 671, 672, 673, 674, 675, 676, 677, 678, 679, 680, 681, 682, 683, 684, 685, 686, 687, 688, 689, 690, 691, 692, 693, 694, 695, 696, 697, 698, 699, 700, 701, 702, 703, 704, 705, 706, 707, 708, 709, 710, 711, 712, 713, 714, 715, 716, 717, 718, 719, 720, 721, 722, 723, 724, 725, 726, 727, 728, 729, 730, 731, 732, 733, 734, 735, 736, 737, 738, 739, 740, 741, 742, 743, 744, 745, 746, 747, 748, 749, 750, 751, 752, 753, 754, 755, 756, 757, 758, 759, 760, 761, 762, 763, 764, 765, 766, 767, 768, 769, 770, 771, 772, 773, 774, 775, 776, 777, 778, 779, 780, 781, 782, 783, 784, 785, 786, 787, 788, 789, 790, 791, 792, 793, 826]",True,"[115, 116, 169, 170, 586, 587, 640, 641]","[103, 104, 105, 106, 107, 108, 109, 110, 111, 112, 113, 114, 115, 116, 117, 118, 119, 120, 121, 122, 123, 124, 125, 126, 127, 128, 129, 130, 131, 132, 133, 134, 135, 136, 137, 138, 139, 140, 141, 142, 143, 144, 145, 146, 147, 148, 149, 150, 151, 152, 153, 154, 155, 156, 157, 158, 159, 160, 161, 162, 163, 164, 165, 166, 167, 168, 169, 170, 171, 172, 173, 174, 175, 176, 177, 178, 179, 180, 181, 182, 183, 184, 185, 186, 187, 188, 189, 190, 191, 192, 193, 194, 195, 196, 197, 198, 199, 200, 201, 202, 203, 204, 205, 206, 207, 208, 209, 210, 211, 212, 213, 214, 215, 216, 217, 218, 219, 220, 221, 222, 223, 224, 225, 226, 227, 228, 229, 230, 231, 232, 233, 234, 235, 236, 237, 238, 239, 240, 241, 242, 243, 244, 245, 246, 247, 248, 249, 250, 251, 252, 253, 254, 255, 256, 257, 258, 259, 260, 261, 262, 263, 264, 265, 266, 267, 268, 269, 270, 271, 272, 273, 274, 275, 276, 277, 278, 279, 280, 281, 282, 283, 284, 285, 286, 287, 288, 289, 290, 291, 292, 293, 294, 295, 296, 297, 298, 299, 300, 301, 302, 303, 304, 305, 306, 307, 308, 309, 310, 311, 312, 313, 314, 315, 316, 317, 318, 319, 320, 321, 322, 323, 324, 325, 326, 327, 328, 329, 330, 331, 332, 333, 334, 335, 336, 337, 574, 575, 576, 577, 578, 579, 580, 581, 582, 583, 584, 585, 586, 587, 588, 589, 590, 591, 592, 593, 594, 595, 596, 597, 598, 599, 600, 601, 602, 603, 604, 605, 606, 607, 608, 609, 610, 611, 612, 613, 614, 615, 616, 617, 618, 619, 620, 621, 622, 623, 624, 625, 626, 627, 628, 629, 630, 631, 632, 633, 634, 635, 636, 637, 638, 639, 640, 641, 642, 643, 644, 645, 646, 647, 648, 649, 650, 651, 652, 653, 654, 655, 656, 657, 658, 659, 660, 661, 662, 663, 664, 665, 666, 667, 668, 669, 670, 671, 672, 673, 674, 675, 676, 677, 678, 679, 680, 681, 682, 683, 684, 685, 686, 687, 688, 689, 690, 691, 692, 693, 694, 695, 696, 697, 698, 699, 700, 701, 702, 703, 704, 705, 706, 707, 708, 709, 710, 711, 712, 713, 714, 715, 716, 717, 718, 719, 720, 721, 722, 723, 724, 725, 726, 727, 728, 729, 730, 731, 732, 733, 734, 735, 736, 737, 738, 739, 740, 741, 742, 743, 744, 745, 746, 747, 748, 749, 750, 751, 752, 753, 754, 755, 756, 757, 758, 759, 760, 761, 762, 763, 764, 765, 766, 767, 768, 769, 770, 771, 772, 773, 774, 775, 776, 777, 778, 779, 780, 781, 782, 783, 784, 785, 786, 787, 788, 789, 790, 791, 792, 793]","[115, 116, 161, 169, 170, 244, 303, 586, 587, 633, 640, 641, 761, 792]","[116, 118, 161, 169, 170, 174, 303, 587, 589, 633, 640, 641, 645, 761, 792]","[0, 5, 7, 10, 14, 19, 20, 22, 24, 32, 33, 34, 37, 38, 40, 44, 46, 48, 49, 51, 56, 61, 63, 65, 67, 68, 73, 74, 75, 76, 79, 81, 82, 83, 85, 87, 88, 92, 93, 95, 96, 99, 100, 101, 115, 116, 124, 134, 142, 161, 167, 169, 170, 186, 202, 240, 244, 254, 260, 267, 277, 300, 303, 307, 310, 322, 331, 376, 485, 491, 493, 495, 499, 503, 504, 506, 508, 515, 518, 519, 521, 524, 526, 528, 533, 537, 539, 542, 543, 547, 548, 549, 550, 551, 553, 554, 556, 558, 559, 563, 564, 566, 567, 570, 571, 572, 586, 587, 595, 605, 613, 633, 639, 640, 641, 657, 672, 704, 717, 726, 736, 759, 761, 765, 768, 780, 788, 792, 826]",[],[],7/6 successful match,True,[300],True,732,False,,,,,
"Fontana , 92335 A - Z Fuel Stop",909-356-5556 I-10 Exit 61 ( Cherry 3/4 mi N ),24 HRS S O,Fontana,92335,A - Z Fuel Stop,909-356-5556,2007,Fontana,CA,,( Cherry 3/4 mi N ),I-10 Exit 61 ,Exit,61,False,,False,I-10,,,,,"[587, 116]","[115, 116, 169, 170, 586, 587, 640, 641]","[115, 116, 161, 169, 170, 244, 303, 586, 587, 633, 640, 641, 761, 792]","[116, 118, 161, 169, 170, 174, 303, 587, 589, 633, 640, 641, 645, 761, 792]","[103, 104, 105, 106, 107, 108, 109, 110, 111, 112, 113, 114, 115, 116, 117, 118, 119, 120, 121, 122, 123, 124, 125, 126, 127, 128, 129, 130, 131, 132, 133, 134, 135, 136, 137, 138, 139, 140, 141, 142, 143, 144, 145, 146, 147, 148, 149, 150, 151, 152, 153, 154, 155, 156, 157, 158, 159, 160, 161, 162, 163, 164, 165, 166, 167, 168, 169, 170, 171, 172, 173, 174, 175, 176, 177, 178, 179, 180, 181, 182, 183, 184, 185, 186, 187, 188, 189, 190, 191, 192, 193, 194, 195, 196, 197, 198, 199, 200, 201, 202, 203, 204, 205, 206, 207, 208, 209, 210, 211, 212, 213, 214, 215, 216, 217, 218, 219, 220, 221, 222, 223, 224, 225, 226, 227, 228, 229, 230, 231, 232, 233, 234, 235, 236, 237, 238, 239, 240, 241, 242, 243, 244, 245, 246, 247, 248, 249, 250, 251, 252, 253, 254, 255, 256, 257, 258, 259, 260, 261, 262, 263, 264, 265, 266, 267, 268, 269, 270, 271, 272, 273, 274, 275, 276, 277, 278, 279, 280, 281, 282, 283, 284, 285, 286, 287, 288, 289, 290, 291, 292, 293, 294, 295, 296, 297, 298, 299, 300, 301, 302, 303, 304, 305, 306, 307, 308, 309, 310, 311, 312, 313, 314, 315, 316, 317, 318, 319, 320, 321, 322, 323, 324, 325, 326, 327, 328, 329, 330, 331, 332, 333, 334, 335, 336, 337, 574, 575, 576, 577, 578, 579, 580, 581, 582, 583, 584, 585, 586, 587, 588, 589, 590, 591, 592, 593, 594, 595, 596, 597, 598, 599, 600, 601, 602, 603, 604, 605, 606, 607, 608, 609, 610, 611, 612, 613, 614, 615, 616, 617, 618, 619, 620, 621, 622, 623, 624, 625, 626, 627, 628, 629, 630, 631, 632, 633, 634, 635, 636, 637, 638, 639, 640, 641, 642, 643, 644, 645, 646, 647, 648, 649, 650, 651, 652, 653, 654, 655, 656, 657, 658, 659, 660, 661, 662, 663, 664, 665, 666, 667, 668, 669, 670, 671, 672, 673, 674, 675, 676, 677, 678, 679, 680, 681, 682, 683, 684, 685, 686, 687, 688, 689, 690, 691, 692, 693, 694, 695, 696, 697, 698, 699, 700, 701, 702, 703, 704, 705, 706, 707, 708, 709, 710, 711, 712, 713, 714, 715, 716, 717, 718, 719, 720, 721, 722, 723, 724, 725, 726, 727, 728, 729, 730, 731, 732, 733, 734, 735, 736, 737, 738, 739, 740, 741, 742, 743, 744, 745, 746, 747, 748, 749, 750, 751, 752, 753, 754, 755, 756, 757, 758, 759, 760, 761, 762, 763, 764, 765, 766, 767, 768, 769, 770, 771, 772, 773, 774, 775, 776, 777, 778, 779, 780, 781, 782, 783, 784, 785, 786, 787, 788, 789, 790, 791, 792, 793]","[0, 5, 7, 10, 14, 19, 20, 22, 24, 32, 33, 34, 37, 38, 40, 44, 46, 48, 49, 51, 56, 61, 63, 65, 67, 68, 73, 74, 75, 76, 79, 81, 82, 83, 85, 87, 88, 92, 93, 95, 96, 99, 100, 101, 115, 116, 124, 134, 142, 161, 167, 169, 170, 186, 202, 240, 244, 254, 260, 267, 277, 300, 303, 307, 310, 322, 331, 376, 485, 491, 493, 495, 499, 503, 504, 506, 508, 515, 518, 519, 521, 524, 526, 528, 533, 537, 539, 542, 543, 547, 548, 549, 550, 551, 553, 554, 556, 558, 559, 563, 564, 566, 567, 570, 571, 572, 586, 587, 595, 605, 613, 633, 639, 640, 641, 657, 672, 704, 717, 726, 736, 759, 761, 765, 768, 780, 788, 792, 826]",[],[],"[0, 5, 7, 10, 14, 19, 20, 22, 24, 32, 33, 34, 37, 38, 40, 44, 46, 48, 49, 51, 56, 61, 63, 65, 67, 68, 73, 74, 75, 76, 79, 81, 82, 83, 85, 87, 88, 92, 93, 95, 96, 99, 100, 101, 103, 104, 105, 106, 107, 108, 109, 110, 111, 112, 113, 114, 115, 116, 117, 118, 119, 120, 121, 122, 123, 124, 125, 126, 127, 128, 129, 130, 131, 132, 133, 134, 135, 136, 137, 138, 139, 140, 141, 142, 143, 144, 145, 146, 147, 148, 149, 150, 151, 152, 153, 154, 155, 156, 157, 158, 159, 160, 161, 162, 163, 164, 165, 166, 167, 168, 169, 170, 171, 172, 173, 174, 175, 176, 177, 178, 179, 180, 181, 182, 183, 184, 185, 186, 187, 188, 189, 190, 191, 192, 193, 194, 195, 196, 197, 198, 199, 200, 201, 202, 203, 204, 205, 206, 207, 208, 209, 210, 211, 212, 213, 214, 215, 216, 217, 218, 219, 220, 221, 222, 223, 224, 225, 226, 227, 228, 229, 230, 231, 232, 233, 234, 235, 236, 237, 238, 239, 240, 241, 242, 243, 244, 245, 246, 247, 248, 249, 250, 251, 252, 253, 254, 255, 256, 257, 258, 259, 260, 261, 262, 263, 264, 265, 266, 267, 268, 269, 270, 271, 272, 273, 274, 275, 276, 277, 278, 279, 280, 281, 282, 283, 284, 285, 286, 287, 288, 289, 290, 291, 292, 293, 294, 295, 296, 297, 298, 299, 300, 301, 302, 303, 304, 305, 306, 307, 308, 309, 310, 311, 312, 313, 314, 315, 316, 317, 318, 319, 320, 321, 322, 323, 324, 325, 326, 327, 328, 329, 330, 331, 332, 333, 334, 335, 336, 337, 376, 485, 491, 493, 495, 499, 503, 504, 506, 508, 515, 518, 519, 521, 524, 526, 528, 533, 537, 539, 542, 543, 547, 548, 549, 550, 551, 553, 554, 556, 558, 559, 563, 564, 566, 567, 570, 571, 572, 574, 575, 576, 577, 578, 579, 580, 581, 582, 583, 584, 585, 586, 587, 588, 589, 590, 591, 592, 593, 594, 595, 596, 597, 598, 599, 600, 601, 602, 603, 604, 605, 606, 607, 608, 609, 610, 611, 612, 613, 614, 615, 616, 617, 618, 619, 620, 621, 622, 623, 624, 625, 626, 627, 628, 629, 630, 631, 632, 633, 634, 635, 636, 637, 638, 639, 640, 641, 642, 643, 644, 645, 646, 647, 648, 649, 650, 651, 652, 653, 654, 655, 656, 657, 658, 659, 660, 661, 662, 663, 664, 665, 666, 667, 668, 669, 670, 671, 672, 673, 674, 675, 676, 677, 678, 679, 680, 681, 682, 683, 684, 685, 686, 687, 688, 689, 690, 691, 692, 693, 694, 695, 696, 697, 698, 699, 700, 701, 702, 703, 704, 705, 706, 707, 708, 709, 710, 711, 712, 713, 714, 715, 716, 717, 718, 719, 720, 721, 722, 723, 724, 725, 726, 727, 728, 729, 730, 731, 732, 733, 734, 735, 736, 737, 738, 739, 740, 741, 742, 743, 744, 745, 746, 747, 748, 749, 750, 751, 752, 753, 754, 755, 756, 757, 758, 759, 760, 761, 762, 763, 764, 765, 766, 767, 768, 769, 770, 771, 772, 773, 774, 775, 776, 777, 778, 779, 780, 781, 782, 783, 784, 785, 786, 787, 788, 789, 790, 791, 792, 793, 826]",True,"[115, 116, 169, 170, 586, 587, 640, 641]","[103, 104, 105, 106, 107, 108, 109, 110, 111, 112, 113, 114, 115, 116, 117, 118, 119, 120, 121, 122, 123, 124, 125, 126, 127, 128, 129, 130, 131, 132, 133, 134, 135, 136, 137, 138, 139, 140, 141, 142, 143, 144, 145, 146, 147, 148, 149, 150, 151, 152, 153, 154, 155, 156, 157, 158, 159, 160, 161, 162, 163, 164, 165, 166, 167, 168, 169, 170, 171, 172, 173, 174, 175, 176, 177, 178, 179, 180, 181, 182, 183, 184, 185, 186, 187, 188, 189, 190, 191, 192, 193, 194, 195, 196, 197, 198, 199, 200, 201, 202, 203, 204, 205, 206, 207, 208, 209, 210, 211, 212, 213, 214, 215, 216, 217, 218, 219, 220, 221, 222, 223, 224, 225, 226, 227, 228, 229, 230, 231, 232, 233, 234, 235, 236, 237, 238, 239, 240, 241, 242, 243, 244, 245, 246, 247, 248, 249, 250, 251, 252, 253, 254, 255, 256, 257, 258, 259, 260, 261, 262, 263, 264, 265, 266, 267, 268, 269, 270, 271, 272, 273, 274, 275, 276, 277, 278, 279, 280, 281, 282, 283, 284, 285, 286, 287, 288, 289, 290, 291, 292, 293, 294, 295, 296, 297, 298, 299, 300, 301, 302, 303, 304, 305, 306, 307, 308, 309, 310, 311, 312, 313, 314, 315, 316, 317, 318, 319, 320, 321, 322, 323, 324, 325, 326, 327, 328, 329, 330, 331, 332, 333, 334, 335, 336, 337, 574, 575, 576, 577, 578, 579, 580, 581, 582, 583, 584, 585, 586, 587, 588, 589, 590, 591, 592, 593, 594, 595, 596, 597, 598, 599, 600, 601, 602, 603, 604, 605, 606, 607, 608, 609, 610, 611, 612, 613, 614, 615, 616, 617, 618, 619, 620, 621, 622, 623, 624, 625, 626, 627, 628, 629, 630, 631, 632, 633, 634, 635, 636, 637, 638, 639, 640, 641, 642, 643, 644, 645, 646, 647, 648, 649, 650, 651, 652, 653, 654, 655, 656, 657, 658, 659, 660, 661, 662, 663, 664, 665, 666, 667, 668, 669, 670, 671, 672, 673, 674, 675, 676, 677, 678, 679, 680, 681, 682, 683, 684, 685, 686, 687, 688, 689, 690, 691, 692, 693, 694, 695, 696, 697, 698, 699, 700, 701, 702, 703, 704, 705, 706, 707, 708, 709, 710, 711, 712, 713, 714, 715, 716, 717, 718, 719, 720, 721, 722, 723, 724, 725, 726, 727, 728, 729, 730, 731, 732, 733, 734, 735, 736, 737, 738, 739, 740, 741, 742, 743, 744, 745, 746, 747, 748, 749, 750, 751, 752, 753, 754, 755, 756, 757, 758, 759, 760, 761, 762, 763, 764, 765, 766, 767, 768, 769, 770, 771, 772, 773, 774, 775, 776, 777, 778, 779, 780, 781, 782, 783, 784, 785, 786, 787, 788, 789, 790, 791, 792, 793]","[115, 116, 161, 169, 170, 244, 303, 586, 587, 633, 640, 641, 761, 792]","[116, 118, 161, 169, 170, 174, 303, 587, 589, 633, 640, 641, 645, 761, 792]","[0, 5, 7, 10, 14, 19, 20, 22, 24, 32, 33, 34, 37, 38, 40, 44, 46, 48, 49, 51, 56, 61, 63, 65, 67, 68, 73, 74, 75, 76, 79, 81, 82, 83, 85, 87, 88, 92, 93, 95, 96, 99, 100, 101, 115, 116, 124, 134, 142, 161, 167, 169, 170, 186, 202, 240, 244, 254, 260, 267, 277, 300, 303, 307, 310, 322, 331, 376, 485, 491, 493, 495, 499, 503, 504, 506, 508, 515, 518, 519, 521, 524, 526, 528, 533, 537, 539, 542, 543, 547, 548, 549, 550, 551, 553, 554, 556, 558, 559, 563, 564, 566, 567, 570, 571, 572, 586, 587, 595, 605, 613, 633, 639, 640, 641, 657, 672, 704, 717, 726, 736, 759, 761, 765, 768, 780, 788, 792, 826]",[],[],7/6 successful match,True,[300],True,732,False,,1.0,True,A - Z Fuel Stop,
"Fontana , 92335 A - Z Fuel Stop",909-356-5556 I-10 Exit 61 ( Cherry 3/4 mi N ),HRS 24 S <U+2610> <U+2610> <U+2610>,Fontana,92335,A - Z Fuel Stop,909-356-5556,2008,Fontana,CA,,( Cherry 3/4 mi N ),I-10 Exit 61 ,Exit,61,False,,False,I-10,,,,,"[587, 116]","[115, 116, 169, 170, 586, 587, 640, 641]","[115, 116, 161, 169, 170, 244, 303, 586, 587, 633, 640, 641, 761, 792]","[116, 118, 161, 169, 170, 174, 303, 587, 589, 633, 640, 641, 645, 761, 792]","[103, 104, 105, 106, 107, 108, 109, 110, 111, 112, 113, 114, 115, 116, 117, 118, 119, 120, 121, 122, 123, 124, 125, 126, 127, 128, 129, 130, 131, 132, 133, 134, 135, 136, 137, 138, 139, 140, 141, 142, 143, 144, 145, 146, 147, 148, 149, 150, 151, 152, 153, 154, 155, 156, 157, 158, 159, 160, 161, 162, 163, 164, 165, 166, 167, 168, 169, 170, 171, 172, 173, 174, 175, 176, 177, 178, 179, 180, 181, 182, 183, 184, 185, 186, 187, 188, 189, 190, 191, 192, 193, 194, 195, 196, 197, 198, 199, 200, 201, 202, 203, 204, 205, 206, 207, 208, 209, 210, 211, 212, 213, 214, 215, 216, 217, 218, 219, 220, 221, 222, 223, 224, 225, 226, 227, 228, 229, 230, 231, 232, 233, 234, 235, 236, 237, 238, 239, 240, 241, 242, 243, 244, 245, 246, 247, 248, 249, 250, 251, 252, 253, 254, 255, 256, 257, 258, 259, 260, 261, 262, 263, 264, 265, 266, 267, 268, 269, 270, 271, 272, 273, 274, 275, 276, 277, 278, 279, 280, 281, 282, 283, 284, 285, 286, 287, 288, 289, 290, 291, 292, 293, 294, 295, 296, 297, 298, 299, 300, 301, 302, 303, 304, 305, 306, 307, 308, 309, 310, 311, 312, 313, 314, 315, 316, 317, 318, 319, 320, 321, 322, 323, 324, 325, 326, 327, 328, 329, 330, 331, 332, 333, 334, 335, 336, 337, 574, 575, 576, 577, 578, 579, 580, 581, 582, 583, 584, 585, 586, 587, 588, 589, 590, 591, 592, 593, 594, 595, 596, 597, 598, 599, 600, 601, 602, 603, 604, 605, 606, 607, 608, 609, 610, 611, 612, 613, 614, 615, 616, 617, 618, 619, 620, 621, 622, 623, 624, 625, 626, 627, 628, 629, 630, 631, 632, 633, 634, 635, 636, 637, 638, 639, 640, 641, 642, 643, 644, 645, 646, 647, 648, 649, 650, 651, 652, 653, 654, 655, 656, 657, 658, 659, 660, 661, 662, 663, 664, 665, 666, 667, 668, 669, 670, 671, 672, 673, 674, 675, 676, 677, 678, 679, 680, 681, 682, 683, 684, 685, 686, 687, 688, 689, 690, 691, 692, 693, 694, 695, 696, 697, 698, 699, 700, 701, 702, 703, 704, 705, 706, 707, 708, 709, 710, 711, 712, 713, 714, 715, 716, 717, 718, 719, 720, 721, 722, 723, 724, 725, 726, 727, 728, 729, 730, 731, 732, 733, 734, 735, 736, 737, 738, 739, 740, 741, 742, 743, 744, 745, 746, 747, 748, 749, 750, 751, 752, 753, 754, 755, 756, 757, 758, 759, 760, 761, 762, 763, 764, 765, 766, 767, 768, 769, 770, 771, 772, 773, 774, 775, 776, 777, 778, 779, 780, 781, 782, 783, 784, 785, 786, 787, 788, 789, 790, 791, 792, 793]","[0, 5, 7, 10, 14, 19, 20, 22, 24, 32, 33, 34, 37, 38, 40, 44, 46, 48, 49, 51, 56, 61, 63, 65, 67, 68, 73, 74, 75, 76, 79, 81, 82, 83, 85, 87, 88, 92, 93, 95, 96, 99, 100, 101, 115, 116, 124, 134, 142, 161, 167, 169, 170, 186, 202, 240, 244, 254, 260, 267, 277, 300, 303, 307, 310, 322, 331, 376, 485, 491, 493, 495, 499, 503, 504, 506, 508, 515, 518, 519, 521, 524, 526, 528, 533, 537, 539, 542, 543, 547, 548, 549, 550, 551, 553, 554, 556, 558, 559, 563, 564, 566, 567, 570, 571, 572, 586, 587, 595, 605, 613, 633, 639, 640, 641, 657, 672, 704, 717, 726, 736, 759, 761, 765, 768, 780, 788, 792, 826]",[],[],"[0, 5, 7, 10, 14, 19, 20, 22, 24, 32, 33, 34, 37, 38, 40, 44, 46, 48, 49, 51, 56, 61, 63, 65, 67, 68, 73, 74, 75, 76, 79, 81, 82, 83, 85, 87, 88, 92, 93, 95, 96, 99, 100, 101, 103, 104, 105, 106, 107, 108, 109, 110, 111, 112, 113, 114, 115, 116, 117, 118, 119, 120, 121, 122, 123, 124, 125, 126, 127, 128, 129, 130, 131, 132, 133, 134, 135, 136, 137, 138, 139, 140, 141, 142, 143, 144, 145, 146, 147, 148, 149, 150, 151, 152, 153, 154, 155, 156, 157, 158, 159, 160, 161, 162, 163, 164, 165, 166, 167, 168, 169, 170, 171, 172, 173, 174, 175, 176, 177, 178, 179, 180, 181, 182, 183, 184, 185, 186, 187, 188, 189, 190, 191, 192, 193, 194, 195, 196, 197, 198, 199, 200, 201, 202, 203, 204, 205, 206, 207, 208, 209, 210, 211, 212, 213, 214, 215, 216, 217, 218, 219, 220, 221, 222, 223, 224, 225, 226, 227, 228, 229, 230, 231, 232, 233, 234, 235, 236, 237, 238, 239, 240, 241, 242, 243, 244, 245, 246, 247, 248, 249, 250, 251, 252, 253, 254, 255, 256, 257, 258, 259, 260, 261, 262, 263, 264, 265, 266, 267, 268, 269, 270, 271, 272, 273, 274, 275, 276, 277, 278, 279, 280, 281, 282, 283, 284, 285, 286, 287, 288, 289, 290, 291, 292, 293, 294, 295, 296, 297, 298, 299, 300, 301, 302, 303, 304, 305, 306, 307, 308, 309, 310, 311, 312, 313, 314, 315, 316, 317, 318, 319, 320, 321, 322, 323, 324, 325, 326, 327, 328, 329, 330, 331, 332, 333, 334, 335, 336, 337, 376, 485, 491, 493, 495, 499, 503, 504, 506, 508, 515, 518, 519, 521, 524, 526, 528, 533, 537, 539, 542, 543, 547, 548, 549, 550, 551, 553, 554, 556, 558, 559, 563, 564, 566, 567, 570, 571, 572, 574, 575, 576, 577, 578, 579, 580, 581, 582, 583, 584, 585, 586, 587, 588, 589, 590, 591, 592, 593, 594, 595, 596, 597, 598, 599, 600, 601, 602, 603, 604, 605, 606, 607, 608, 609, 610, 611, 612, 613, 614, 615, 616, 617, 618, 619, 620, 621, 622, 623, 624, 625, 626, 627, 628, 629, 630, 631, 632, 633, 634, 635, 636, 637, 638, 639, 640, 641, 642, 643, 644, 645, 646, 647, 648, 649, 650, 651, 652, 653, 654, 655, 656, 657, 658, 659, 660, 661, 662, 663, 664, 665, 666, 667, 668, 669, 670, 671, 672, 673, 674, 675, 676, 677, 678, 679, 680, 681, 682, 683, 684, 685, 686, 687, 688, 689, 690, 691, 692, 693, 694, 695, 696, 697, 698, 699, 700, 701, 702, 703, 704, 705, 706, 707, 708, 709, 710, 711, 712, 713, 714, 715, 716, 717, 718, 719, 720, 721, 722, 723, 724, 725, 726, 727, 728, 729, 730, 731, 732, 733, 734, 735, 736, 737, 738, 739, 740, 741, 742, 743, 744, 745, 746, 747, 748, 749, 750, 751, 752, 753, 754, 755, 756, 757, 758, 759, 760, 761, 762, 763, 764, 765, 766, 767, 768, 769, 770, 771, 772, 773, 774, 775, 776, 777, 778, 779, 780, 781, 782, 783, 784, 785, 786, 787, 788, 789, 790, 791, 792, 793, 826]",True,"[115, 116, 169, 170, 586, 587, 640, 641]","[103, 104, 105, 106, 107, 108, 109, 110, 111, 112, 113, 114, 115, 116, 117, 118, 119, 120, 121, 122, 123, 124, 125, 126, 127, 128, 129, 130, 131, 132, 133, 134, 135, 136, 137, 138, 139, 140, 141, 142, 143, 144, 145, 146, 147, 148, 149, 150, 151, 152, 153, 154, 155, 156, 157, 158, 159, 160, 161, 162, 163, 164, 165, 166, 167, 168, 169, 170, 171, 172, 173, 174, 175, 176, 177, 178, 179, 180, 181, 182, 183, 184, 185, 186, 187, 188, 189, 190, 191, 192, 193, 194, 195, 196, 197, 198, 199, 200, 201, 202, 203, 204, 205, 206, 207, 208, 209, 210, 211, 212, 213, 214, 215, 216, 217, 218, 219, 220, 221, 222, 223, 224, 225, 226, 227, 228, 229, 230, 231, 232, 233, 234, 235, 236, 237, 238, 239, 240, 241, 242, 243, 244, 245, 246, 247, 248, 249, 250, 251, 252, 253, 254, 255, 256, 257, 258, 259, 260, 261, 262, 263, 264, 265, 266, 267, 268, 269, 270, 271, 272, 273, 274, 275, 276, 277, 278, 279, 280, 281, 282, 283, 284, 285, 286, 287, 288, 289, 290, 291, 292, 293, 294, 295, 296, 297, 298, 299, 300, 301, 302, 303, 304, 305, 306, 307, 308, 309, 310, 311, 312, 313, 314, 315, 316, 317, 318, 319, 320, 321, 322, 323, 324, 325, 326, 327, 328, 329, 330, 331, 332, 333, 334, 335, 336, 337, 574, 575, 576, 577, 578, 579, 580, 581, 582, 583, 584, 585, 586, 587, 588, 589, 590, 591, 592, 593, 594, 595, 596, 597, 598, 599, 600, 601, 602, 603, 604, 605, 606, 607, 608, 609, 610, 611, 612, 613, 614, 615, 616, 617, 618, 619, 620, 621, 622, 623, 624, 625, 626, 627, 628, 629, 630, 631, 632, 633, 634, 635, 636, 637, 638, 639, 640, 641, 642, 643, 644, 645, 646, 647, 648, 649, 650, 651, 652, 653, 654, 655, 656, 657, 658, 659, 660, 661, 662, 663, 664, 665, 666, 667, 668, 669, 670, 671, 672, 673, 674, 675, 676, 677, 678, 679, 680, 681, 682, 683, 684, 685, 686, 687, 688, 689, 690, 691, 692, 693, 694, 695, 696, 697, 698, 699, 700, 701, 702, 703, 704, 705, 706, 707, 708, 709, 710, 711, 712, 713, 714, 715, 716, 717, 718, 719, 720, 721, 722, 723, 724, 725, 726, 727, 728, 729, 730, 731, 732, 733, 734, 735, 736, 737, 738, 739, 740, 741, 742, 743, 744, 745, 746, 747, 748, 749, 750, 751, 752, 753, 754, 755, 756, 757, 758, 759, 760, 761, 762, 763, 764, 765, 766, 767, 768, 769, 770, 771, 772, 773, 774, 775, 776, 777, 778, 779, 780, 781, 782, 783, 784, 785, 786, 787, 788, 789, 790, 791, 792, 793]","[115, 116, 161, 169, 170, 244, 303, 586, 587, 633, 640, 641, 761, 792]","[116, 118, 161, 169, 170, 174, 303, 587, 589, 633, 640, 641, 645, 761, 792]","[0, 5, 7, 10, 14, 19, 20, 22, 24, 32, 33, 34, 37, 38, 40, 44, 46, 48, 49, 51, 56, 61, 63, 65, 67, 68, 73, 74, 75, 76, 79, 81, 82, 83, 85, 87, 88, 92, 93, 95, 96, 99, 100, 101, 115, 116, 124, 134, 142, 161, 167, 169, 170, 186, 202, 240, 244, 254, 260, 267, 277, 300, 303, 307, 310, 322, 331, 376, 485, 491, 493, 495, 499, 503, 504, 506, 508, 515, 518, 519, 521, 524, 526, 528, 533, 537, 539, 542, 543, 547, 548, 549, 550, 551, 553, 554, 556, 558, 559, 563, 564, 566, 567, 570, 571, 572, 586, 587, 595, 605, 613, 633, 639, 640, 641, 657, 672, 704, 717, 726, 736, 759, 761, 765, 768, 780, 788, 792, 826]",[],[],7/6 successful match,True,[300],True,732,False,,1.0,True,A - Z Fuel Stop,
Fontana ( 92335 ) A I-5 - Z Exit Fuel 385 Stop ( Nees Ave ),909-356-5556 I-10 Exit,"24 S """,Fontana,92335,A I-5 - Z Exit Fuel 385 Stop ( Nees Ave ),909-356-5556,2015,Fontana,CA,,,I-10 Exit,Exit,,False,,False,I-10,,,,,"[587, 116]","[115, 116, 169, 170, 586, 587, 640, 641]","[115, 116, 161, 169, 170, 244, 303, 586, 587, 633, 640, 641, 761, 792]",[],"[103, 104, 105, 106, 107, 108, 109, 110, 111, 112, 113, 114, 115, 116, 117, 118, 119, 120, 121, 122, 123, 124, 125, 126, 127, 128, 129, 130, 131, 132, 133, 134, 135, 136, 137, 138, 139, 140, 141, 142, 143, 144, 145, 146, 147, 148, 149, 150, 151, 152, 153, 154, 155, 156, 157, 158, 159, 160, 161, 162, 163, 164, 165, 166, 167, 168, 169, 170, 171, 172, 173, 174, 175, 176, 177, 178, 179, 180, 181, 182, 183, 184, 185, 186, 187, 188, 189, 190, 191, 192, 193, 194, 195, 196, 197, 198, 199, 200, 201, 202, 203, 204, 205, 206, 207, 208, 209, 210, 211, 212, 213, 214, 215, 216, 217, 218, 219, 220, 221, 222, 223, 224, 225, 226, 227, 228, 229, 230, 231, 232, 233, 234, 235, 236, 237, 238, 239, 240, 241, 242, 243, 244, 245, 246, 247, 248, 249, 250, 251, 252, 253, 254, 255, 256, 257, 258, 259, 260, 261, 262, 263, 264, 265, 266, 267, 268, 269, 270, 271, 272, 273, 274, 275, 276, 277, 278, 279, 280, 281, 282, 283, 284, 285, 286, 287, 288, 289, 290, 291, 292, 293, 294, 295, 296, 297, 298, 299, 300, 301, 302, 303, 304, 305, 306, 307, 308, 309, 310, 311, 312, 313, 314, 315, 316, 317, 318, 319, 320, 321, 322, 323, 324, 325, 326, 327, 328, 329, 330, 331, 332, 333, 334, 335, 336, 337, 574, 575, 576, 577, 578, 579, 580, 581, 582, 583, 584, 585, 586, 587, 588, 589, 590, 591, 592, 593, 594, 595, 596, 597, 598, 599, 600, 601, 602, 603, 604, 605, 606, 607, 608, 609, 610, 611, 612, 613, 614, 615, 616, 617, 618, 619, 620, 621, 622, 623, 624, 625, 626, 627, 628, 629, 630, 631, 632, 633, 634, 635, 636, 637, 638, 639, 640, 641, 642, 643, 644, 645, 646, 647, 648, 649, 650, 651, 652, 653, 654, 655, 656, 657, 658, 659, 660, 661, 662, 663, 664, 665, 666, 667, 668, 669, 670, 671, 672, 673, 674, 675, 676, 677, 678, 679, 680, 681, 682, 683, 684, 685, 686, 687, 688, 689, 690, 691, 692, 693, 694, 695, 696, 697, 698, 699, 700, 701, 702, 703, 704, 705, 706, 707, 708, 709, 710, 711, 712, 713, 714, 715, 716, 717, 718, 719, 720, 721, 722, 723, 724, 725, 726, 727, 728, 729, 730, 731, 732, 733, 734, 735, 736, 737, 738, 739, 740, 741, 742, 743, 744, 745, 746, 747, 748, 749, 750, 751, 752, 753, 754, 755, 756, 757, 758, 759, 760, 761, 762, 763, 764, 765, 766, 767, 768, 769, 770, 771, 772, 773, 774, 775, 776, 777, 778, 779, 780, 781, 782, 783, 784, 785, 786, 787, 788, 789, 790, 791, 792, 793]","[0, 5, 7, 10, 14, 19, 20, 22, 24, 32, 33, 34, 37, 38, 40, 44, 46, 48, 49, 51, 56, 61, 63, 65, 67, 68, 73, 74, 75, 76, 79, 81, 82, 83, 85, 87, 88, 92, 93, 95, 96, 99, 100, 101, 115, 116, 124, 134, 142, 161, 167, 169, 170, 186, 202, 240, 244, 254, 260, 267, 277, 300, 303, 307, 310, 322, 331, 376, 485, 491, 493, 495, 499, 503, 504, 506, 508, 515, 518, 519, 521, 524, 526, 528, 533, 537, 539, 542, 543, 547, 548, 549, 550, 551, 553, 554, 556, 558, 559, 563, 564, 566, 567, 570, 571, 572, 586, 587, 595, 605, 613, 633, 639, 640, 641, 657, 672, 704, 717, 726, 736, 759, 761, 765, 768, 780, 788, 792, 826]",[],[],"[0, 5, 7, 10, 14, 19, 20, 22, 24, 32, 33, 34, 37, 38, 40, 44, 46, 48, 49, 51, 56, 61, 63, 65, 67, 68, 73, 74, 75, 76, 79, 81, 82, 83, 85, 87, 88, 92, 93, 95, 96, 99, 100, 101, 103, 104, 105, 106, 107, 108, 109, 110, 111, 112, 113, 114, 115, 116, 117, 118, 119, 120, 121, 122, 123, 124, 125, 126, 127, 128, 129, 130, 131, 132, 133, 134, 135, 136, 137, 138, 139, 140, 141, 142, 143, 144, 145, 146, 147, 148, 149, 150, 151, 152, 153, 154, 155, 156, 157, 158, 159, 160, 161, 162, 163, 164, 165, 166, 167, 168, 169, 170, 171, 172, 173, 174, 175, 176, 177, 178, 179, 180, 181, 182, 183, 184, 185, 186, 187, 188, 189, 190, 191, 192, 193, 194, 195, 196, 197, 198, 199, 200, 201, 202, 203, 204, 205, 206, 207, 208, 209, 210, 211, 212, 213, 214, 215, 216, 217, 218, 219, 220, 221, 222, 223, 224, 225, 226, 227, 228, 229, 230, 231, 232, 233, 234, 235, 236, 237, 238, 239, 240, 241, 242, 243, 244, 245, 246, 247, 248, 249, 250, 251, 252, 253, 254, 255, 256, 257, 258, 259, 260, 261, 262, 263, 264, 265, 266, 267, 268, 269, 270, 271, 272, 273, 274, 275, 276, 277, 278, 279, 280, 281, 282, 283, 284, 285, 286, 287, 288, 289, 290, 291, 292, 293, 294, 295, 296, 297, 298, 299, 300, 301, 302, 303, 304, 305, 306, 307, 308, 309, 310, 311, 312, 313, 314, 315, 316, 317, 318, 319, 320, 321, 322, 323, 324, 325, 326, 327, 328, 329, 330, 331, 332, 333, 334, 335, 336, 337, 376, 485, 491, 493, 495, 499, 503, 504, 506, 508, 515, 518, 519, 521, 524, 526, 528, 533, 537, 539, 542, 543, 547, 548, 549, 550, 551, 553, 554, 556, 558, 559, 563, 564, 566, 567, 570, 571, 572, 574, 575, 576, 577, 578, 579, 580, 581, 582, 583, 584, 585, 586, 587, 588, 589, 590, 591, 592, 593, 594, 595, 596, 597, 598, 599, 600, 601, 602, 603, 604, 605, 606, 607, 608, 609, 610, 611, 612, 613, 614, 615, 616, 617, 618, 619, 620, 621, 622, 623, 624, 625, 626, 627, 628, 629, 630, 631, 632, 633, 634, 635, 636, 637, 638, 639, 640, 641, 642, 643, 644, 645, 646, 647, 648, 649, 650, 651, 652, 653, 654, 655, 656, 657, 658, 659, 660, 661, 662, 663, 664, 665, 666, 667, 668, 669, 670, 671, 672, 673, 674, 675, 676, 677, 678, 679, 680, 681, 682, 683, 684, 685, 686, 687, 688, 689, 690, 691, 692, 693, 694, 695, 696, 697, 698, 699, 700, 701, 702, 703, 704, 705, 706, 707, 708, 709, 710, 711, 712, 713, 714, 715, 716, 717, 718, 719, 720, 721, 722, 723, 724, 725, 726, 727, 728, 729, 730, 731, 732, 733, 734, 735, 736, 737, 738, 739, 740, 741, 742, 743, 744, 745, 746, 747, 748, 749, 750, 751, 752, 753, 754, 755, 756, 757, 758, 759, 760, 761, 762, 763, 764, 765, 766, 767, 768, 769, 770, 771, 772, 773, 774, 775, 776, 777, 778, 779, 780, 781, 782, 783, 784, 785, 786, 787, 788, 789, 790, 791, 792, 793, 826]",True,"[115, 116, 169, 170, 586, 587, 640, 641]","[103, 104, 105, 106, 107, 108, 109, 110, 111, 112, 113, 114, 115, 116, 117, 118, 119, 120, 121, 122, 123, 124, 125, 126, 127, 128, 129, 130, 131, 132, 133, 134, 135, 136, 137, 138, 139, 140, 141, 142, 143, 144, 145, 146, 147, 148, 149, 150, 151, 152, 153, 154, 155, 156, 157, 158, 159, 160, 161, 162, 163, 164, 165, 166, 167, 168, 169, 170, 171, 172, 173, 174, 175, 176, 177, 178, 179, 180, 181, 182, 183, 184, 185, 186, 187, 188, 189, 190, 191, 192, 193, 194, 195, 196, 197, 198, 199, 200, 201, 202, 203, 204, 205, 206, 207, 208, 209, 210, 211, 212, 213, 214, 215, 216, 217, 218, 219, 220, 221, 222, 223, 224, 225, 226, 227, 228, 229, 230, 231, 232, 233, 234, 235, 236, 237, 238, 239, 240, 241, 242, 243, 244, 245, 246, 247, 248, 249, 250, 251, 252, 253, 254, 255, 256, 257, 258, 259, 260, 261, 262, 263, 264, 265, 266, 267, 268, 269, 270, 271, 272, 273, 274, 275, 276, 277, 278, 279, 280, 281, 282, 283, 284, 285, 286, 287, 288, 289, 290, 291, 292, 293, 294, 295, 296, 297, 298, 299, 300, 301, 302, 303, 304, 305, 306, 307, 308, 309, 310, 311, 312, 313, 314, 315, 316, 317, 318, 319, 320, 321, 322, 323, 324, 325, 326, 327, 328, 329, 330, 331, 332, 333, 334, 335, 336, 337, 574, 575, 576, 577, 578, 579, 580, 581, 582, 583, 584, 585, 586, 587, 588, 589, 590, 591, 592, 593, 594, 595, 596, 597, 598, 599, 600, 601, 602, 603, 604, 605, 606, 607, 608, 609, 610, 611, 612, 613, 614, 615, 616, 617, 618, 619, 620, 621, 622, 623, 624, 625, 626, 627, 628, 629, 630, 631, 632, 633, 634, 635, 636, 637, 638, 639, 640, 641, 642, 643, 644, 645, 646, 647, 648, 649, 650, 651, 652, 653, 654, 655, 656, 657, 658, 659, 660, 661, 662, 663, 664, 665, 666, 667, 668, 669, 670, 671, 672, 673, 674, 675, 676, 677, 678, 679, 680, 681, 682, 683, 684, 685, 686, 687, 688, 689, 690, 691, 692, 693, 694, 695, 696, 697, 698, 699, 700, 701, 702, 703, 704, 705, 706, 707, 708, 709, 710, 711, 712, 713, 714, 715, 716, 717, 718, 719, 720, 721, 722, 723, 724, 725, 726, 727, 728, 729, 730, 731, 732, 733, 734, 735, 736, 737, 738, 739, 740, 741, 742, 743, 744, 745, 746, 747, 748, 749, 750, 751, 752, 753, 754, 755, 756, 757, 758, 759, 760, 761, 762, 763, 764, 765, 766, 767, 768, 769, 770, 771, 772, 773, 774, 775, 776, 777, 778, 779, 780, 781, 782, 783, 784, 785, 786, 787, 788, 789, 790, 791, 792, 793]","[115, 116, 161, 169, 170, 244, 303, 586, 587, 633, 640, 641, 761, 792]",[],"[0, 5, 7, 10, 14, 19, 20, 22, 24, 32, 33, 34, 37, 38, 40, 44, 46, 48, 49, 51, 56, 61, 63, 65, 67, 68, 73, 74, 75, 76, 79, 81, 82, 83, 85, 87, 88, 92, 93, 95, 96, 99, 100, 101, 115, 116, 124, 134, 142, 161, 167, 169, 170, 186, 202, 240, 244, 254, 260, 267, 277, 300, 303, 307, 310, 322, 331, 376, 485, 491, 493, 495, 499, 503, 504, 506, 508, 515, 518, 519, 521, 524, 526, 528, 533, 537, 539, 542, 543, 547, 548, 549, 550, 551, 553, 554, 556, 558, 559, 563, 564, 566, 567, 570, 571, 572, 586, 587, 595, 605, 613, 633, 639, 640, 641, 657, 672, 704, 717, 726, 736, 759, 761, 765, 768, 780, 788, 792, 826]",[],[],7/6 successful match,True,[300],True,733,False,,,,,
Fontana ( 92335 ) A - Z Fuel Stop,71909-356-5556 I-10 Exit 61 ( Cherry 3/4 mi N ),24 <U+25A1>,Fontana,92335,A - Z Fuel Stop,909-356-5556,2016,Fontana,CA,,( Cherry 3/4 mi N ),I-10 Exit 61 ,Exit,61,False,,False,I-10,,,,,"[587, 116]","[115, 116, 169, 170, 586, 587, 640, 641]","[115, 116, 161, 169, 170, 244, 303, 586, 587, 633, 640, 641, 761, 792]","[116, 118, 161, 169, 170, 174, 303, 587, 589, 633, 640, 641, 645, 761, 792]","[103, 104, 105, 106, 107, 108, 109, 110, 111, 112, 113, 114, 115, 116, 117, 118, 119, 120, 121, 122, 123, 124, 125, 126, 127, 128, 129, 130, 131, 132, 133, 134, 135, 136, 137, 138, 139, 140, 141, 142, 143, 144, 145, 146, 147, 148, 149, 150, 151, 152, 153, 154, 155, 156, 157, 158, 159, 160, 161, 162, 163, 164, 165, 166, 167, 168, 169, 170, 171, 172, 173, 174, 175, 176, 177, 178, 179, 180, 181, 182, 183, 184, 185, 186, 187, 188, 189, 190, 191, 192, 193, 194, 195, 196, 197, 198, 199, 200, 201, 202, 203, 204, 205, 206, 207, 208, 209, 210, 211, 212, 213, 214, 215, 216, 217, 218, 219, 220, 221, 222, 223, 224, 225, 226, 227, 228, 229, 230, 231, 232, 233, 234, 235, 236, 237, 238, 239, 240, 241, 242, 243, 244, 245, 246, 247, 248, 249, 250, 251, 252, 253, 254, 255, 256, 257, 258, 259, 260, 261, 262, 263, 264, 265, 266, 267, 268, 269, 270, 271, 272, 273, 274, 275, 276, 277, 278, 279, 280, 281, 282, 283, 284, 285, 286, 287, 288, 289, 290, 291, 292, 293, 294, 295, 296, 297, 298, 299, 300, 301, 302, 303, 304, 305, 306, 307, 308, 309, 310, 311, 312, 313, 314, 315, 316, 317, 318, 319, 320, 321, 322, 323, 324, 325, 326, 327, 328, 329, 330, 331, 332, 333, 334, 335, 336, 337, 574, 575, 576, 577, 578, 579, 580, 581, 582, 583, 584, 585, 586, 587, 588, 589, 590, 591, 592, 593, 594, 595, 596, 597, 598, 599, 600, 601, 602, 603, 604, 605, 606, 607, 608, 609, 610, 611, 612, 613, 614, 615, 616, 617, 618, 619, 620, 621, 622, 623, 624, 625, 626, 627, 628, 629, 630, 631, 632, 633, 634, 635, 636, 637, 638, 639, 640, 641, 642, 643, 644, 645, 646, 647, 648, 649, 650, 651, 652, 653, 654, 655, 656, 657, 658, 659, 660, 661, 662, 663, 664, 665, 666, 667, 668, 669, 670, 671, 672, 673, 674, 675, 676, 677, 678, 679, 680, 681, 682, 683, 684, 685, 686, 687, 688, 689, 690, 691, 692, 693, 694, 695, 696, 697, 698, 699, 700, 701, 702, 703, 704, 705, 706, 707, 708, 709, 710, 711, 712, 713, 714, 715, 716, 717, 718, 719, 720, 721, 722, 723, 724, 725, 726, 727, 728, 729, 730, 731, 732, 733, 734, 735, 736, 737, 738, 739, 740, 741, 742, 743, 744, 745, 746, 747, 748, 749, 750, 751, 752, 753, 754, 755, 756, 757, 758, 759, 760, 761, 762, 763, 764, 765, 766, 767, 768, 769, 770, 771, 772, 773, 774, 775, 776, 777, 778, 779, 780, 781, 782, 783, 784, 785, 786, 787, 788, 789, 790, 791, 792, 793]","[0, 5, 7, 10, 14, 19, 20, 22, 24, 32, 33, 34, 37, 38, 40, 44, 46, 48, 49, 51, 56, 61, 63, 65, 67, 68, 73, 74, 75, 76, 79, 81, 82, 83, 85, 87, 88, 92, 93, 95, 96, 99, 100, 101, 115, 116, 124, 134, 142, 161, 167, 169, 170, 186, 202, 240, 244, 254, 260, 267, 277, 300, 303, 307, 310, 322, 331, 376, 485, 491, 493, 495, 499, 503, 504, 506, 508, 515, 518, 519, 521, 524, 526, 528, 533, 537, 539, 542, 543, 547, 548, 549, 550, 551, 553, 554, 556, 558, 559, 563, 564, 566, 567, 570, 571, 572, 586, 587, 595, 605, 613, 633, 639, 640, 641, 657, 672, 704, 717, 726, 736, 759, 761, 765, 768, 780, 788, 792, 826]",[],[],"[0, 5, 7, 10, 14, 19, 20, 22, 24, 32, 33, 34, 37, 38, 40, 44, 46, 48, 49, 51, 56, 61, 63, 65, 67, 68, 73, 74, 75, 76, 79, 81, 82, 83, 85, 87, 88, 92, 93, 95, 96, 99, 100, 101, 103, 104, 105, 106, 107, 108, 109, 110, 111, 112, 113, 114, 115, 116, 117, 118, 119, 120, 121, 122, 123, 124, 125, 126, 127, 128, 129, 130, 131, 132, 133, 134, 135, 136, 137, 138, 139, 140, 141, 142, 143, 144, 145, 146, 147, 148, 149, 150, 151, 152, 153, 154, 155, 156, 157, 158, 159, 160, 161, 162, 163, 164, 165, 166, 167, 168, 169, 170, 171, 172, 173, 174, 175, 176, 177, 178, 179, 180, 181, 182, 183, 184, 185, 186, 187, 188, 189, 190, 191, 192, 193, 194, 195, 196, 197, 198, 199, 200, 201, 202, 203, 204, 205, 206, 207, 208, 209, 210, 211, 212, 213, 214, 215, 216, 217, 218, 219, 220, 221, 222, 223, 224, 225, 226, 227, 228, 229, 230, 231, 232, 233, 234, 235, 236, 237, 238, 239, 240, 241, 242, 243, 244, 245, 246, 247, 248, 249, 250, 251, 252, 253, 254, 255, 256, 257, 258, 259, 260, 261, 262, 263, 264, 265, 266, 267, 268, 269, 270, 271, 272, 273, 274, 275, 276, 277, 278, 279, 280, 281, 282, 283, 284, 285, 286, 287, 288, 289, 290, 291, 292, 293, 294, 295, 296, 297, 298, 299, 300, 301, 302, 303, 304, 305, 306, 307, 308, 309, 310, 311, 312, 313, 314, 315, 316, 317, 318, 319, 320, 321, 322, 323, 324, 325, 326, 327, 328, 329, 330, 331, 332, 333, 334, 335, 336, 337, 376, 485, 491, 493, 495, 499, 503, 504, 506, 508, 515, 518, 519, 521, 524, 526, 528, 533, 537, 539, 542, 543, 547, 548, 549, 550, 551, 553, 554, 556, 558, 559, 563, 564, 566, 567, 570, 571, 572, 574, 575, 576, 577, 578, 579, 580, 581, 582, 583, 584, 585, 586, 587, 588, 589, 590, 591, 592, 593, 594, 595, 596, 597, 598, 599, 600, 601, 602, 603, 604, 605, 606, 607, 608, 609, 610, 611, 612, 613, 614, 615, 616, 617, 618, 619, 620, 621, 622, 623, 624, 625, 626, 627, 628, 629, 630, 631, 632, 633, 634, 635, 636, 637, 638, 639, 640, 641, 642, 643, 644, 645, 646, 647, 648, 649, 650, 651, 652, 653, 654, 655, 656, 657, 658, 659, 660, 661, 662, 663, 664, 665, 666, 667, 668, 669, 670, 671, 672, 673, 674, 675, 676, 677, 678, 679, 680, 681, 682, 683, 684, 685, 686, 687, 688, 689, 690, 691, 692, 693, 694, 695, 696, 697, 698, 699, 700, 701, 702, 703, 704, 705, 706, 707, 708, 709, 710, 711, 712, 713, 714, 715, 716, 717, 718, 719, 720, 721, 722, 723, 724, 725, 726, 727, 728, 729, 730, 731, 732, 733, 734, 735, 736, 737, 738, 739, 740, 741, 742, 743, 744, 745, 746, 747, 748, 749, 750, 751, 752, 753, 754, 755, 756, 757, 758, 759, 760, 761, 762, 763, 764, 765, 766, 767, 768, 769, 770, 771, 772, 773, 774, 775, 776, 777, 778, 779, 780, 781, 782, 783, 784, 785, 786, 787, 788, 789, 790, 791, 792, 793, 826]",True,"[115, 116, 169, 170, 586, 587, 640, 641]","[103, 104, 105, 106, 107, 108, 109, 110, 111, 112, 113, 114, 115, 116, 117, 118, 119, 120, 121, 122, 123, 124, 125, 126, 127, 128, 129, 130, 131, 132, 133, 134, 135, 136, 137, 138, 139, 140, 141, 142, 143, 144, 145, 146, 147, 148, 149, 150, 151, 152, 153, 154, 155, 156, 157, 158, 159, 160, 161, 162, 163, 164, 165, 166, 167, 168, 169, 170, 171, 172, 173, 174, 175, 176, 177, 178, 179, 180, 181, 182, 183, 184, 185, 186, 187, 188, 189, 190, 191, 192, 193, 194, 195, 196, 197, 198, 199, 200, 201, 202, 203, 204, 205, 206, 207, 208, 209, 210, 211, 212, 213, 214, 215, 216, 217, 218, 219, 220, 221, 222, 223, 224, 225, 226, 227, 228, 229, 230, 231, 232, 233, 234, 235, 236, 237, 238, 239, 240, 241, 242, 243, 244, 245, 246, 247, 248, 249, 250, 251, 252, 253, 254, 255, 256, 257, 258, 259, 260, 261, 262, 263, 264, 265, 266, 267, 268, 269, 270, 271, 272, 273, 274, 275, 276, 277, 278, 279, 280, 281, 282, 283, 284, 285, 286, 287, 288, 289, 290, 291, 292, 293, 294, 295, 296, 297, 298, 299, 300, 301, 302, 303, 304, 305, 306, 307, 308, 309, 310, 311, 312, 313, 314, 315, 316, 317, 318, 319, 320, 321, 322, 323, 324, 325, 326, 327, 328, 329, 330, 331, 332, 333, 334, 335, 336, 337, 574, 575, 576, 577, 578, 579, 580, 581, 582, 583, 584, 585, 586, 587, 588, 589, 590, 591, 592, 593, 594, 595, 596, 597, 598, 599, 600, 601, 602, 603, 604, 605, 606, 607, 608, 609, 610, 611, 612, 613, 614, 615, 616, 617, 618, 619, 620, 621, 622, 623, 624, 625, 626, 627, 628, 629, 630, 631, 632, 633, 634, 635, 636, 637, 638, 639, 640, 641, 642, 643, 644, 645, 646, 647, 648, 649, 650, 651, 652, 653, 654, 655, 656, 657, 658, 659, 660, 661, 662, 663, 664, 665, 666, 667, 668, 669, 670, 671, 672, 673, 674, 675, 676, 677, 678, 679, 680, 681, 682, 683, 684, 685, 686, 687, 688, 689, 690, 691, 692, 693, 694, 695, 696, 697, 698, 699, 700, 701, 702, 703, 704, 705, 706, 707, 708, 709, 710, 711, 712, 713, 714, 715, 716, 717, 718, 719, 720, 721, 722, 723, 724, 725, 726, 727, 728, 729, 730, 731, 732, 733, 734, 735, 736, 737, 738, 739, 740, 741, 742, 743, 744, 745, 746, 747, 748, 749, 750, 751, 752, 753, 754, 755, 756, 757, 758, 759, 760, 761, 762, 763, 764, 765, 766, 767, 768, 769, 770, 771, 772, 773, 774, 775, 776, 777, 778, 779, 780, 781, 782, 783, 784, 785, 786, 787, 788, 789, 790, 791, 792, 793]","[115, 116, 161, 169, 170, 244, 303, 586, 587, 633, 640, 641, 761, 792]","[116, 118, 161, 169, 170, 174, 303, 587, 589, 633, 640, 641, 645, 761, 792]","[0, 5, 7, 10, 14, 19, 20, 22, 24, 32, 33, 34, 37, 38, 40, 44, 46, 48, 49, 51, 56, 61, 63, 65, 67, 68, 73, 74, 75, 76, 79, 81, 82, 83, 85, 87, 88, 92, 93, 95, 96, 99, 100, 101, 115, 116, 124, 134, 142, 161, 167, 169, 170, 186, 202, 240, 244, 254, 260, 267, 277, 300, 303, 307, 310, 322, 331, 376, 485, 491, 493, 495, 499, 503, 504, 506, 508, 515, 518, 519, 521, 524, 526, 528, 533, 537, 539, 542, 543, 547, 548, 549, 550, 551, 553, 554, 556, 558, 559, 563, 564, 566, 567, 570, 571, 572, 586, 587, 595, 605, 613, 633, 639, 640, 641, 657, 672, 704, 717, 726, 736, 759, 761, 765, 768, 780, 788, 792, 826]",[],[],7/6 successful match,True,[300],True,733,False,,0.5357142857142857,True,A I-5 - Z Exit Fuel 385 Stop ( Nees Ave ),
"Fontana , 92335 Fontana Chevron",909-822-2552 I-10 Exit 61 ( Cherry N to 14455 Valley ),) 124 HRS,Fontana,92335,Fontana Chevron,909-822-2552,2006,Fontana,CA,Chevron,( Cherry N to 14455 Valley ),I-10 Exit 61 ,Exit,61,False,,False,I-10,,,,,"[640, 169]","[115, 116, 169, 170, 586, 587, 640, 641]","[115, 116, 161, 169, 170, 244, 303, 586, 587, 633, 640, 641, 761, 792]","[116, 118, 161, 169, 170, 174, 303, 587, 589, 633, 640, 641, 645, 761, 792]","[103, 104, 105, 106, 107, 108, 109, 110, 111, 112, 113, 114, 115, 116, 117, 118, 119, 120, 121, 122, 123, 124, 125, 126, 127, 128, 129, 130, 131, 132, 133, 134, 135, 136, 137, 138, 139, 140, 141, 142, 143, 144, 145, 146, 147, 148, 149, 150, 151, 152, 153, 154, 155, 156, 157, 158, 159, 160, 161, 162, 163, 164, 165, 166, 167, 168, 169, 170, 171, 172, 173, 174, 175, 176, 177, 178, 179, 180, 181, 182, 183, 184, 185, 186, 187, 188, 189, 190, 191, 192, 193, 194, 195, 196, 197, 198, 199, 200, 201, 202, 203, 204, 205, 206, 207, 208, 209, 210, 211, 212, 213, 214, 215, 216, 217, 218, 219, 220, 221, 222, 223, 224, 225, 226, 227, 228, 229, 230, 231, 232, 233, 234, 235, 236, 237, 238, 239, 240, 241, 242, 243, 244, 245, 246, 247, 248, 249, 250, 251, 252, 253, 254, 255, 256, 257, 258, 259, 260, 261, 262, 263, 264, 265, 266, 267, 268, 269, 270, 271, 272, 273, 274, 275, 276, 277, 278, 279, 280, 281, 282, 283, 284, 285, 286, 287, 288, 289, 290, 291, 292, 293, 294, 295, 296, 297, 298, 299, 300, 301, 302, 303, 304, 305, 306, 307, 308, 309, 310, 311, 312, 313, 314, 315, 316, 317, 318, 319, 320, 321, 322, 323, 324, 325, 326, 327, 328, 329, 330, 331, 332, 333, 334, 335, 336, 337, 574, 575, 576, 577, 578, 579, 580, 581, 582, 583, 584, 585, 586, 587, 588, 589, 590, 591, 592, 593, 594, 595, 596, 597, 598, 599, 600, 601, 602, 603, 604, 605, 606, 607, 608, 609, 610, 611, 612, 613, 614, 615, 616, 617, 618, 619, 620, 621, 622, 623, 624, 625, 626, 627, 628, 629, 630, 631, 632, 633, 634, 635, 636, 637, 638, 639, 640, 641, 642, 643, 644, 645, 646, 647, 648, 649, 650, 651, 652, 653, 654, 655, 656, 657, 658, 659, 660, 661, 662, 663, 664, 665, 666, 667, 668, 669, 670, 671, 672, 673, 674, 675, 676, 677, 678, 679, 680, 681, 682, 683, 684, 685, 686, 687, 688, 689, 690, 691, 692, 693, 694, 695, 696, 697, 698, 699, 700, 701, 702, 703, 704, 705, 706, 707, 708, 709, 710, 711, 712, 713, 714, 715, 716, 717, 718, 719, 720, 721, 722, 723, 724, 725, 726, 727, 728, 729, 730, 731, 732, 733, 734, 735, 736, 737, 738, 739, 740, 741, 742, 743, 744, 745, 746, 747, 748, 749, 750, 751, 752, 753, 754, 755, 756, 757, 758, 759, 760, 761, 762, 763, 764, 765, 766, 767, 768, 769, 770, 771, 772, 773, 774, 775, 776, 777, 778, 779, 780, 781, 782, 783, 784, 785, 786, 787, 788, 789, 790, 791, 792, 793]","[0, 5, 7, 10, 14, 19, 20, 22, 24, 32, 33, 34, 37, 38, 40, 44, 46, 48, 49, 51, 56, 61, 63, 65, 67, 68, 73, 74, 75, 76, 79, 81, 82, 83, 85, 87, 88, 92, 93, 95, 96, 99, 100, 101, 115, 116, 124, 134, 142, 161, 167, 169, 170, 186, 202, 240, 244, 254, 260, 267, 277, 300, 303, 307, 310, 322, 331, 376, 485, 491, 493, 495, 499, 503, 504, 506, 508, 515, 518, 519, 521, 524, 526, 528, 533, 537, 539, 542, 543, 547, 548, 549, 550, 551, 553, 554, 556, 558, 559, 563, 564, 566, 567, 570, 571, 572, 586, 587, 595, 605, 613, 633, 639, 640, 641, 657, 672, 704, 717, 726, 736, 759, 761, 765, 768, 780, 788, 792, 826]","[12, 24, 25, 28, 88, 100, 104, 119, 123, 129, 136, 137, 139, 140, 141, 148, 155, 169, 172, 179, 183, 185, 188, 196, 198, 217, 237, 267, 270, 278, 319, 321, 324, 325, 330, 334, 335, 354, 366, 369, 380, 383, 384, 386, 395, 407, 411, 423, 428, 436, 437, 452, 453, 456, 467, 471, 477, 478, 479, 497, 508, 511, 559, 571, 575, 590, 594, 600, 607, 608, 610, 611, 612, 619, 627, 640, 643, 650, 654, 656, 659, 667, 669, 685, 701, 726, 729, 737, 777, 779, 782, 783, 787, 790, 791, 809, 817, 819, 830, 833, 834, 836, 845, 856, 857, 860, 862, 875, 880, 887, 888, 899, 900, 914, 918, 921, 928, 929, 930]","[12, 24, 25, 28, 88, 100, 104, 119, 123, 129, 136, 137, 139, 140, 141, 148, 155, 169, 170, 172, 179, 183, 185, 188, 196, 198, 217, 237, 267, 270, 278, 319, 321, 324, 325, 330, 334, 335, 354, 366, 369, 380, 383, 384, 386, 395, 407, 411, 423, 428, 436, 437, 452, 453, 456, 467, 471, 477, 478, 479, 497, 508, 511, 559, 571, 575, 590, 594, 600, 607, 608, 610, 611, 612, 619, 627, 640, 641, 643, 650, 654, 656, 659, 667, 669, 685, 701, 726, 729, 737, 777, 779, 782, 783, 787, 790, 791, 809, 817, 819, 830, 833, 834, 836, 845, 856, 857, 860, 862, 875, 880, 887, 888, 899, 900, 914, 918, 921, 928, 929, 930]","[0, 5, 7, 10, 12, 14, 19, 20, 22, 24, 25, 28, 32, 33, 34, 37, 38, 40, 44, 46, 48, 49, 51, 56, 61, 63, 65, 67, 68, 73, 74, 75, 76, 79, 81, 82, 83, 85, 87, 88, 92, 93, 95, 96, 99, 100, 101, 103, 104, 105, 106, 107, 108, 109, 110, 111, 112, 113, 114, 115, 116, 117, 118, 119, 120, 121, 122, 123, 124, 125, 126, 127, 128, 129, 130, 131, 132, 133, 134, 135, 136, 137, 138, 139, 140, 141, 142, 143, 144, 145, 146, 147, 148, 149, 150, 151, 152, 153, 154, 155, 156, 157, 158, 159, 160, 161, 162, 163, 164, 165, 166, 167, 168, 169, 170, 171, 172, 173, 174, 175, 176, 177, 178, 179, 180, 181, 182, 183, 184, 185, 186, 187, 188, 189, 190, 191, 192, 193, 194, 195, 196, 197, 198, 199, 200, 201, 202, 203, 204, 205, 206, 207, 208, 209, 210, 211, 212, 213, 214, 215, 216, 217, 218, 219, 220, 221, 222, 223, 224, 225, 226, 227, 228, 229, 230, 231, 232, 233, 234, 235, 236, 237, 238, 239, 240, 241, 242, 243, 244, 245, 246, 247, 248, 249, 250, 251, 252, 253, 254, 255, 256, 257, 258, 259, 260, 261, 262, 263, 264, 265, 266, 267, 268, 269, 270, 271, 272, 273, 274, 275, 276, 277, 278, 279, 280, 281, 282, 283, 284, 285, 286, 287, 288, 289, 290, 291, 292, 293, 294, 295, 296, 297, 298, 299, 300, 301, 302, 303, 304, 305, 306, 307, 308, 309, 310, 311, 312, 313, 314, 315, 316, 317, 318, 319, 320, 321, 322, 323, 324, 325, 326, 327, 328, 329, 330, 331, 332, 333, 334, 335, 336, 337, 354, 366, 369, 376, 380, 383, 384, 386, 395, 407, 411, 423, 428, 436, 437, 452, 453, 456, 467, 471, 477, 478, 479, 485, 491, 493, 495, 497, 499, 503, 504, 506, 508, 511, 515, 518, 519, 521, 524, 526, 528, 533, 537, 539, 542, 543, 547, 548, 549, 550, 551, 553, 554, 556, 558, 559, 563, 564, 566, 567, 570, 571, 572, 574, 575, 576, 577, 578, 579, 580, 581, 582, 583, 584, 585, 586, 587, 588, 589, 590, 591, 592, 593, 594, 595, 596, 597, 598, 599, 600, 601, 602, 603, 604, 605, 606, 607, 608, 609, 610, 611, 612, 613, 614, 615, 616, 617, 618, 619, 620, 621, 622, 623, 624, 625, 626, 627, 628, 629, 630, 631, 632, 633, 634, 635, 636, 637, 638, 639, 640, 641, 642, 643, 644, 645, 646, 647, 648, 649, 650, 651, 652, 653, 654, 655, 656, 657, 658, 659, 660, 661, 662, 663, 664, 665, 666, 667, 668, 669, 670, 671, 672, 673, 674, 675, 676, 677, 678, 679, 680, 681, 682, 683, 684, 685, 686, 687, 688, 689, 690, 691, 692, 693, 694, 695, 696, 697, 698, 699, 700, 701, 702, 703, 704, 705, 706, 707, 708, 709, 710, 711, 712, 713, 714, 715, 716, 717, 718, 719, 720, 721, 722, 723, 724, 725, 726, 727, 728, 729, 730, 731, 732, 733, 734, 735, 736, 737, 738, 739, 740, 741, 742, 743, 744, 745, 746, 747, 748, 749, 750, 751, 752, 753, 754, 755, 756, 757, 758, 759, 760, 761, 762, 763, 764, 765, 766, 767, 768, 769, 770, 771, 772, 773, 774, 775, 776, 777, 778, 779, 780, 781, 782, 783, 784, 785, 786, 787, 788, 789, 790, 791, 792, 793, 809, 817, 819, 826, 830, 833, 834, 836, 845, 856, 857, 860, 862, 875, 880, 887, 888, 899, 900, 914, 918, 921, 928, 929, 930]",True,"[115, 116, 169, 170, 586, 587, 640, 641]","[103, 104, 105, 106, 107, 108, 109, 110, 111, 112, 113, 114, 115, 116, 117, 118, 119, 120, 121, 122, 123, 124, 125, 126, 127, 128, 129, 130, 131, 132, 133, 134, 135, 136, 137, 138, 139, 140, 141, 142, 143, 144, 145, 146, 147, 148, 149, 150, 151, 152, 153, 154, 155, 156, 157, 158, 159, 160, 161, 162, 163, 164, 165, 166, 167, 168, 169, 170, 171, 172, 173, 174, 175, 176, 177, 178, 179, 180, 181, 182, 183, 184, 185, 186, 187, 188, 189, 190, 191, 192, 193, 194, 195, 196, 197, 198, 199, 200, 201, 202, 203, 204, 205, 206, 207, 208, 209, 210, 211, 212, 213, 214, 215, 216, 217, 218, 219, 220, 221, 222, 223, 224, 225, 226, 227, 228, 229, 230, 231, 232, 233, 234, 235, 236, 237, 238, 239, 240, 241, 242, 243, 244, 245, 246, 247, 248, 249, 250, 251, 252, 253, 254, 255, 256, 257, 258, 259, 260, 261, 262, 263, 264, 265, 266, 267, 268, 269, 270, 271, 272, 273, 274, 275, 276, 277, 278, 279, 280, 281, 282, 283, 284, 285, 286, 287, 288, 289, 290, 291, 292, 293, 294, 295, 296, 297, 298, 299, 300, 301, 302, 303, 304, 305, 306, 307, 308, 309, 310, 311, 312, 313, 314, 315, 316, 317, 318, 319, 320, 321, 322, 323, 324, 325, 326, 327, 328, 329, 330, 331, 332, 333, 334, 335, 336, 337, 574, 575, 576, 577, 578, 579, 580, 581, 582, 583, 584, 585, 586, 587, 588, 589, 590, 591, 592, 593, 594, 595, 596, 597, 598, 599, 600, 601, 602, 603, 604, 605, 606, 607, 608, 609, 610, 611, 612, 613, 614, 615, 616, 617, 618, 619, 620, 621, 622, 623, 624, 625, 626, 627, 628, 629, 630, 631, 632, 633, 634, 635, 636, 637, 638, 639, 640, 641, 642, 643, 644, 645, 646, 647, 648, 649, 650, 651, 652, 653, 654, 655, 656, 657, 658, 659, 660, 661, 662, 663, 664, 665, 666, 667, 668, 669, 670, 671, 672, 673, 674, 675, 676, 677, 678, 679, 680, 681, 682, 683, 684, 685, 686, 687, 688, 689, 690, 691, 692, 693, 694, 695, 696, 697, 698, 699, 700, 701, 702, 703, 704, 705, 706, 707, 708, 709, 710, 711, 712, 713, 714, 715, 716, 717, 718, 719, 720, 721, 722, 723, 724, 725, 726, 727, 728, 729, 730, 731, 732, 733, 734, 735, 736, 737, 738, 739, 740, 741, 742, 743, 744, 745, 746, 747, 748, 749, 750, 751, 752, 753, 754, 755, 756, 757, 758, 759, 760, 761, 762, 763, 764, 765, 766, 767, 768, 769, 770, 771, 772, 773, 774, 775, 776, 777, 778, 779, 780, 781, 782, 783, 784, 785, 786, 787, 788, 789, 790, 791, 792, 793]","[115, 116, 161, 169, 170, 244, 303, 586, 587, 633, 640, 641, 761, 792]","[116, 118, 161, 169, 170, 174, 303, 587, 589, 633, 640, 641, 645, 761, 792]","[0, 5, 7, 10, 14, 19, 20, 22, 24, 32, 33, 34, 37, 38, 40, 44, 46, 48, 49, 51, 56, 61, 63, 65, 67, 68, 73, 74, 75, 76, 79, 81, 82, 83, 85, 87, 88, 92, 93, 95, 96, 99, 100, 101, 115, 116, 124, 134, 142, 161, 167, 169, 170, 186, 202, 240, 244, 254, 260, 267, 277, 300, 303, 307, 310, 322, 331, 376, 485, 491, 493, 495, 499, 503, 504, 506, 508, 515, 518, 519, 521, 524, 526, 528, 533, 537, 539, 542, 543, 547, 548, 549, 550, 551, 553, 554, 556, 558, 559, 563, 564, 566, 567, 570, 571, 572, 586, 587, 595, 605, 613, 633, 639, 640, 641, 657, 672, 704, 717, 726, 736, 759, 761, 765, 768, 780, 788, 792, 826]","[12, 24, 25, 28, 88, 100, 104, 119, 123, 129, 136, 137, 139, 140, 141, 148, 155, 169, 170, 172, 179, 183, 185, 188, 196, 198, 217, 237, 267, 270, 278, 319, 321, 324, 325, 330, 334, 335, 354, 366, 369, 380, 383, 384, 386, 395, 407, 411, 423, 428, 436, 437, 452, 453, 456, 467, 471, 477, 478, 479, 497, 508, 511, 559, 571, 575, 590, 594, 600, 607, 608, 610, 611, 612, 619, 627, 640, 641, 643, 650, 654, 656, 659, 667, 669, 685, 701, 726, 729, 737, 777, 779, 782, 783, 787, 790, 791, 809, 817, 819, 830, 833, 834, 836, 845, 856, 857, 860, 862, 875, 880, 887, 888, 899, 900, 914, 918, 921, 928, 929, 930]","[12, 24, 25, 28, 88, 100, 104, 119, 123, 129, 136, 137, 139, 140, 141, 148, 155, 169, 172, 179, 183, 185, 188, 196, 198, 217, 237, 267, 270, 278, 319, 321, 324, 325, 330, 334, 335, 354, 366, 369, 380, 383, 384, 386, 395, 407, 411, 423, 428, 436, 437, 452, 453, 456, 467, 471, 477, 478, 479, 497, 508, 511, 559, 571, 575, 590, 594, 600, 607, 608, 610, 611, 612, 619, 627, 640, 643, 650, 654, 656, 659, 667, 669, 685, 701, 726, 729, 737, 777, 779, 782, 783, 787, 790, 791, 809, 817, 819, 830, 833, 834, 836, 845, 856, 857, 860, 862, 875, 880, 887, 888, 899, 900, 914, 918, 921, 928, 929, 930]",7/6 successful match,True,,False,734,False,,,,,
"Fontana , 92335 Fontana Chevron",909-822-2552 I-10 Exit 61 ( Cherry N to 14455 Valley ),HRS 24 HRS D <U+25A1>,Fontana,92335,Fontana Chevron,909-822-2552,2007,Fontana,CA,Chevron,( Cherry N to 14455 Valley ),I-10 Exit 61 ,Exit,61,False,,False,I-10,,,,,"[640, 169]","[115, 116, 169, 170, 586, 587, 640, 641]","[115, 116, 161, 169, 170, 244, 303, 586, 587, 633, 640, 641, 761, 792]","[116, 118, 161, 169, 170, 174, 303, 587, 589, 633, 640, 641, 645, 761, 792]","[103, 104, 105, 106, 107, 108, 109, 110, 111, 112, 113, 114, 115, 116, 117, 118, 119, 120, 121, 122, 123, 124, 125, 126, 127, 128, 129, 130, 131, 132, 133, 134, 135, 136, 137, 138, 139, 140, 141, 142, 143, 144, 145, 146, 147, 148, 149, 150, 151, 152, 153, 154, 155, 156, 157, 158, 159, 160, 161, 162, 163, 164, 165, 166, 167, 168, 169, 170, 171, 172, 173, 174, 175, 176, 177, 178, 179, 180, 181, 182, 183, 184, 185, 186, 187, 188, 189, 190, 191, 192, 193, 194, 195, 196, 197, 198, 199, 200, 201, 202, 203, 204, 205, 206, 207, 208, 209, 210, 211, 212, 213, 214, 215, 216, 217, 218, 219, 220, 221, 222, 223, 224, 225, 226, 227, 228, 229, 230, 231, 232, 233, 234, 235, 236, 237, 238, 239, 240, 241, 242, 243, 244, 245, 246, 247, 248, 249, 250, 251, 252, 253, 254, 255, 256, 257, 258, 259, 260, 261, 262, 263, 264, 265, 266, 267, 268, 269, 270, 271, 272, 273, 274, 275, 276, 277, 278, 279, 280, 281, 282, 283, 284, 285, 286, 287, 288, 289, 290, 291, 292, 293, 294, 295, 296, 297, 298, 299, 300, 301, 302, 303, 304, 305, 306, 307, 308, 309, 310, 311, 312, 313, 314, 315, 316, 317, 318, 319, 320, 321, 322, 323, 324, 325, 326, 327, 328, 329, 330, 331, 332, 333, 334, 335, 336, 337, 574, 575, 576, 577, 578, 579, 580, 581, 582, 583, 584, 585, 586, 587, 588, 589, 590, 591, 592, 593, 594, 595, 596, 597, 598, 599, 600, 601, 602, 603, 604, 605, 606, 607, 608, 609, 610, 611, 612, 613, 614, 615, 616, 617, 618, 619, 620, 621, 622, 623, 624, 625, 626, 627, 628, 629, 630, 631, 632, 633, 634, 635, 636, 637, 638, 639, 640, 641, 642, 643, 644, 645, 646, 647, 648, 649, 650, 651, 652, 653, 654, 655, 656, 657, 658, 659, 660, 661, 662, 663, 664, 665, 666, 667, 668, 669, 670, 671, 672, 673, 674, 675, 676, 677, 678, 679, 680, 681, 682, 683, 684, 685, 686, 687, 688, 689, 690, 691, 692, 693, 694, 695, 696, 697, 698, 699, 700, 701, 702, 703, 704, 705, 706, 707, 708, 709, 710, 711, 712, 713, 714, 715, 716, 717, 718, 719, 720, 721, 722, 723, 724, 725, 726, 727, 728, 729, 730, 731, 732, 733, 734, 735, 736, 737, 738, 739, 740, 741, 742, 743, 744, 745, 746, 747, 748, 749, 750, 751, 752, 753, 754, 755, 756, 757, 758, 759, 760, 761, 762, 763, 764, 765, 766, 767, 768, 769, 770, 771, 772, 773, 774, 775, 776, 777, 778, 779, 780, 781, 782, 783, 784, 785, 786, 787, 788, 789, 790, 791, 792, 793]","[0, 5, 7, 10, 14, 19, 20, 22, 24, 32, 33, 34, 37, 38, 40, 44, 46, 48, 49, 51, 56, 61, 63, 65, 67, 68, 73, 74, 75, 76, 79, 81, 82, 83, 85, 87, 88, 92, 93, 95, 96, 99, 100, 101, 115, 116, 124, 134, 142, 161, 167, 169, 170, 186, 202, 240, 244, 254, 260, 267, 277, 300, 303, 307, 310, 322, 331, 376, 485, 491, 493, 495, 499, 503, 504, 506, 508, 515, 518, 519, 521, 524, 526, 528, 533, 537, 539, 542, 543, 547, 548, 549, 550, 551, 553, 554, 556, 558, 559, 563, 564, 566, 567, 570, 571, 572, 586, 587, 595, 605, 613, 633, 639, 640, 641, 657, 672, 704, 717, 726, 736, 759, 761, 765, 768, 780, 788, 792, 826]","[12, 24, 25, 28, 88, 100, 104, 119, 123, 129, 136, 137, 139, 140, 141, 148, 155, 169, 172, 179, 183, 185, 188, 196, 198, 217, 237, 267, 270, 278, 319, 321, 324, 325, 330, 334, 335, 354, 366, 369, 380, 383, 384, 386, 395, 407, 411, 423, 428, 436, 437, 452, 453, 456, 467, 471, 477, 478, 479, 497, 508, 511, 559, 571, 575, 590, 594, 600, 607, 608, 610, 611, 612, 619, 627, 640, 643, 650, 654, 656, 659, 667, 669, 685, 701, 726, 729, 737, 777, 779, 782, 783, 787, 790, 791, 809, 817, 819, 830, 833, 834, 836, 845, 856, 857, 860, 862, 875, 880, 887, 888, 899, 900, 914, 918, 921, 928, 929, 930]","[12, 24, 25, 28, 88, 100, 104, 119, 123, 129, 136, 137, 139, 140, 141, 148, 155, 169, 170, 172, 179, 183, 185, 188, 196, 198, 217, 237, 267, 270, 278, 319, 321, 324, 325, 330, 334, 335, 354, 366, 369, 380, 383, 384, 386, 395, 407, 411, 423, 428, 436, 437, 452, 453, 456, 467, 471, 477, 478, 479, 497, 508, 511, 559, 571, 575, 590, 594, 600, 607, 608, 610, 611, 612, 619, 627, 640, 641, 643, 650, 654, 656, 659, 667, 669, 685, 701, 726, 729, 737, 777, 779, 782, 783, 787, 790, 791, 809, 817, 819, 830, 833, 834, 836, 845, 856, 857, 860, 862, 875, 880, 887, 888, 899, 900, 914, 918, 921, 928, 929, 930]","[0, 5, 7, 10, 12, 14, 19, 20, 22, 24, 25, 28, 32, 33, 34, 37, 38, 40, 44, 46, 48, 49, 51, 56, 61, 63, 65, 67, 68, 73, 74, 75, 76, 79, 81, 82, 83, 85, 87, 88, 92, 93, 95, 96, 99, 100, 101, 103, 104, 105, 106, 107, 108, 109, 110, 111, 112, 113, 114, 115, 116, 117, 118, 119, 120, 121, 122, 123, 124, 125, 126, 127, 128, 129, 130, 131, 132, 133, 134, 135, 136, 137, 138, 139, 140, 141, 142, 143, 144, 145, 146, 147, 148, 149, 150, 151, 152, 153, 154, 155, 156, 157, 158, 159, 160, 161, 162, 163, 164, 165, 166, 167, 168, 169, 170, 171, 172, 173, 174, 175, 176, 177, 178, 179, 180, 181, 182, 183, 184, 185, 186, 187, 188, 189, 190, 191, 192, 193, 194, 195, 196, 197, 198, 199, 200, 201, 202, 203, 204, 205, 206, 207, 208, 209, 210, 211, 212, 213, 214, 215, 216, 217, 218, 219, 220, 221, 222, 223, 224, 225, 226, 227, 228, 229, 230, 231, 232, 233, 234, 235, 236, 237, 238, 239, 240, 241, 242, 243, 244, 245, 246, 247, 248, 249, 250, 251, 252, 253, 254, 255, 256, 257, 258, 259, 260, 261, 262, 263, 264, 265, 266, 267, 268, 269, 270, 271, 272, 273, 274, 275, 276, 277, 278, 279, 280, 281, 282, 283, 284, 285, 286, 287, 288, 289, 290, 291, 292, 293, 294, 295, 296, 297, 298, 299, 300, 301, 302, 303, 304, 305, 306, 307, 308, 309, 310, 311, 312, 313, 314, 315, 316, 317, 318, 319, 320, 321, 322, 323, 324, 325, 326, 327, 328, 329, 330, 331, 332, 333, 334, 335, 336, 337, 354, 366, 369, 376, 380, 383, 384, 386, 395, 407, 411, 423, 428, 436, 437, 452, 453, 456, 467, 471, 477, 478, 479, 485, 491, 493, 495, 497, 499, 503, 504, 506, 508, 511, 515, 518, 519, 521, 524, 526, 528, 533, 537, 539, 542, 543, 547, 548, 549, 550, 551, 553, 554, 556, 558, 559, 563, 564, 566, 567, 570, 571, 572, 574, 575, 576, 577, 578, 579, 580, 581, 582, 583, 584, 585, 586, 587, 588, 589, 590, 591, 592, 593, 594, 595, 596, 597, 598, 599, 600, 601, 602, 603, 604, 605, 606, 607, 608, 609, 610, 611, 612, 613, 614, 615, 616, 617, 618, 619, 620, 621, 622, 623, 624, 625, 626, 627, 628, 629, 630, 631, 632, 633, 634, 635, 636, 637, 638, 639, 640, 641, 642, 643, 644, 645, 646, 647, 648, 649, 650, 651, 652, 653, 654, 655, 656, 657, 658, 659, 660, 661, 662, 663, 664, 665, 666, 667, 668, 669, 670, 671, 672, 673, 674, 675, 676, 677, 678, 679, 680, 681, 682, 683, 684, 685, 686, 687, 688, 689, 690, 691, 692, 693, 694, 695, 696, 697, 698, 699, 700, 701, 702, 703, 704, 705, 706, 707, 708, 709, 710, 711, 712, 713, 714, 715, 716, 717, 718, 719, 720, 721, 722, 723, 724, 725, 726, 727, 728, 729, 730, 731, 732, 733, 734, 735, 736, 737, 738, 739, 740, 741, 742, 743, 744, 745, 746, 747, 748, 749, 750, 751, 752, 753, 754, 755, 756, 757, 758, 759, 760, 761, 762, 763, 764, 765, 766, 767, 768, 769, 770, 771, 772, 773, 774, 775, 776, 777, 778, 779, 780, 781, 782, 783, 784, 785, 786, 787, 788, 789, 790, 791, 792, 793, 809, 817, 819, 826, 830, 833, 834, 836, 845, 856, 857, 860, 862, 875, 880, 887, 888, 899, 900, 914, 918, 921, 928, 929, 930]",True,"[115, 116, 169, 170, 586, 587, 640, 641]","[103, 104, 105, 106, 107, 108, 109, 110, 111, 112, 113, 114, 115, 116, 117, 118, 119, 120, 121, 122, 123, 124, 125, 126, 127, 128, 129, 130, 131, 132, 133, 134, 135, 136, 137, 138, 139, 140, 141, 142, 143, 144, 145, 146, 147, 148, 149, 150, 151, 152, 153, 154, 155, 156, 157, 158, 159, 160, 161, 162, 163, 164, 165, 166, 167, 168, 169, 170, 171, 172, 173, 174, 175, 176, 177, 178, 179, 180, 181, 182, 183, 184, 185, 186, 187, 188, 189, 190, 191, 192, 193, 194, 195, 196, 197, 198, 199, 200, 201, 202, 203, 204, 205, 206, 207, 208, 209, 210, 211, 212, 213, 214, 215, 216, 217, 218, 219, 220, 221, 222, 223, 224, 225, 226, 227, 228, 229, 230, 231, 232, 233, 234, 235, 236, 237, 238, 239, 240, 241, 242, 243, 244, 245, 246, 247, 248, 249, 250, 251, 252, 253, 254, 255, 256, 257, 258, 259, 260, 261, 262, 263, 264, 265, 266, 267, 268, 269, 270, 271, 272, 273, 274, 275, 276, 277, 278, 279, 280, 281, 282, 283, 284, 285, 286, 287, 288, 289, 290, 291, 292, 293, 294, 295, 296, 297, 298, 299, 300, 301, 302, 303, 304, 305, 306, 307, 308, 309, 310, 311, 312, 313, 314, 315, 316, 317, 318, 319, 320, 321, 322, 323, 324, 325, 326, 327, 328, 329, 330, 331, 332, 333, 334, 335, 336, 337, 574, 575, 576, 577, 578, 579, 580, 581, 582, 583, 584, 585, 586, 587, 588, 589, 590, 591, 592, 593, 594, 595, 596, 597, 598, 599, 600, 601, 602, 603, 604, 605, 606, 607, 608, 609, 610, 611, 612, 613, 614, 615, 616, 617, 618, 619, 620, 621, 622, 623, 624, 625, 626, 627, 628, 629, 630, 631, 632, 633, 634, 635, 636, 637, 638, 639, 640, 641, 642, 643, 644, 645, 646, 647, 648, 649, 650, 651, 652, 653, 654, 655, 656, 657, 658, 659, 660, 661, 662, 663, 664, 665, 666, 667, 668, 669, 670, 671, 672, 673, 674, 675, 676, 677, 678, 679, 680, 681, 682, 683, 684, 685, 686, 687, 688, 689, 690, 691, 692, 693, 694, 695, 696, 697, 698, 699, 700, 701, 702, 703, 704, 705, 706, 707, 708, 709, 710, 711, 712, 713, 714, 715, 716, 717, 718, 719, 720, 721, 722, 723, 724, 725, 726, 727, 728, 729, 730, 731, 732, 733, 734, 735, 736, 737, 738, 739, 740, 741, 742, 743, 744, 745, 746, 747, 748, 749, 750, 751, 752, 753, 754, 755, 756, 757, 758, 759, 760, 761, 762, 763, 764, 765, 766, 767, 768, 769, 770, 771, 772, 773, 774, 775, 776, 777, 778, 779, 780, 781, 782, 783, 784, 785, 786, 787, 788, 789, 790, 791, 792, 793]","[115, 116, 161, 169, 170, 244, 303, 586, 587, 633, 640, 641, 761, 792]","[116, 118, 161, 169, 170, 174, 303, 587, 589, 633, 640, 641, 645, 761, 792]","[0, 5, 7, 10, 14, 19, 20, 22, 24, 32, 33, 34, 37, 38, 40, 44, 46, 48, 49, 51, 56, 61, 63, 65, 67, 68, 73, 74, 75, 76, 79, 81, 82, 83, 85, 87, 88, 92, 93, 95, 96, 99, 100, 101, 115, 116, 124, 134, 142, 161, 167, 169, 170, 186, 202, 240, 244, 254, 260, 267, 277, 300, 303, 307, 310, 322, 331, 376, 485, 491, 493, 495, 499, 503, 504, 506, 508, 515, 518, 519, 521, 524, 526, 528, 533, 537, 539, 542, 543, 547, 548, 549, 550, 551, 553, 554, 556, 558, 559, 563, 564, 566, 567, 570, 571, 572, 586, 587, 595, 605, 613, 633, 639, 640, 641, 657, 672, 704, 717, 726, 736, 759, 761, 765, 768, 780, 788, 792, 826]","[12, 24, 25, 28, 88, 100, 104, 119, 123, 129, 136, 137, 139, 140, 141, 148, 155, 169, 170, 172, 179, 183, 185, 188, 196, 198, 217, 237, 267, 270, 278, 319, 321, 324, 325, 330, 334, 335, 354, 366, 369, 380, 383, 384, 386, 395, 407, 411, 423, 428, 436, 437, 452, 453, 456, 467, 471, 477, 478, 479, 497, 508, 511, 559, 571, 575, 590, 594, 600, 607, 608, 610, 611, 612, 619, 627, 640, 641, 643, 650, 654, 656, 659, 667, 669, 685, 701, 726, 729, 737, 777, 779, 782, 783, 787, 790, 791, 809, 817, 819, 830, 833, 834, 836, 845, 856, 857, 860, 862, 875, 880, 887, 888, 899, 900, 914, 918, 921, 928, 929, 930]","[12, 24, 25, 28, 88, 100, 104, 119, 123, 129, 136, 137, 139, 140, 141, 148, 155, 169, 172, 179, 183, 185, 188, 196, 198, 217, 237, 267, 270, 278, 319, 321, 324, 325, 330, 334, 335, 354, 366, 369, 380, 383, 384, 386, 395, 407, 411, 423, 428, 436, 437, 452, 453, 456, 467, 471, 477, 478, 479, 497, 508, 511, 559, 571, 575, 590, 594, 600, 607, 608, 610, 611, 612, 619, 627, 640, 643, 650, 654, 656, 659, 667, 669, 685, 701, 726, 729, 737, 777, 779, 782, 783, 787, 790, 791, 809, 817, 819, 830, 833, 834, 836, 845, 856, 857, 860, 862, 875, 880, 887, 888, 899, 900, 914, 918, 921, 928, 929, 930]",7/6 successful match,True,,False,734,False,,1.0,True,Fontana Chevron,Chevron
"Fontana , 92335 Fontana Chevron",909-822-2552 I-10 Exit 61 ( Cherry N to 14455 Valley ),HRS 24 <U+2610> <U+2610><U+2610>,Fontana,92335,Fontana Chevron,909-822-2552,2008,Fontana,CA,Chevron,( Cherry N to 14455 Valley ),I-10 Exit 61 ,Exit,61,False,,False,I-10,,,,,"[640, 169]","[115, 116, 169, 170, 586, 587, 640, 641]","[115, 116, 161, 169, 170, 244, 303, 586, 587, 633, 640, 641, 761, 792]","[116, 118, 161, 169, 170, 174, 303, 587, 589, 633, 640, 641, 645, 761, 792]","[103, 104, 105, 106, 107, 108, 109, 110, 111, 112, 113, 114, 115, 116, 117, 118, 119, 120, 121, 122, 123, 124, 125, 126, 127, 128, 129, 130, 131, 132, 133, 134, 135, 136, 137, 138, 139, 140, 141, 142, 143, 144, 145, 146, 147, 148, 149, 150, 151, 152, 153, 154, 155, 156, 157, 158, 159, 160, 161, 162, 163, 164, 165, 166, 167, 168, 169, 170, 171, 172, 173, 174, 175, 176, 177, 178, 179, 180, 181, 182, 183, 184, 185, 186, 187, 188, 189, 190, 191, 192, 193, 194, 195, 196, 197, 198, 199, 200, 201, 202, 203, 204, 205, 206, 207, 208, 209, 210, 211, 212, 213, 214, 215, 216, 217, 218, 219, 220, 221, 222, 223, 224, 225, 226, 227, 228, 229, 230, 231, 232, 233, 234, 235, 236, 237, 238, 239, 240, 241, 242, 243, 244, 245, 246, 247, 248, 249, 250, 251, 252, 253, 254, 255, 256, 257, 258, 259, 260, 261, 262, 263, 264, 265, 266, 267, 268, 269, 270, 271, 272, 273, 274, 275, 276, 277, 278, 279, 280, 281, 282, 283, 284, 285, 286, 287, 288, 289, 290, 291, 292, 293, 294, 295, 296, 297, 298, 299, 300, 301, 302, 303, 304, 305, 306, 307, 308, 309, 310, 311, 312, 313, 314, 315, 316, 317, 318, 319, 320, 321, 322, 323, 324, 325, 326, 327, 328, 329, 330, 331, 332, 333, 334, 335, 336, 337, 574, 575, 576, 577, 578, 579, 580, 581, 582, 583, 584, 585, 586, 587, 588, 589, 590, 591, 592, 593, 594, 595, 596, 597, 598, 599, 600, 601, 602, 603, 604, 605, 606, 607, 608, 609, 610, 611, 612, 613, 614, 615, 616, 617, 618, 619, 620, 621, 622, 623, 624, 625, 626, 627, 628, 629, 630, 631, 632, 633, 634, 635, 636, 637, 638, 639, 640, 641, 642, 643, 644, 645, 646, 647, 648, 649, 650, 651, 652, 653, 654, 655, 656, 657, 658, 659, 660, 661, 662, 663, 664, 665, 666, 667, 668, 669, 670, 671, 672, 673, 674, 675, 676, 677, 678, 679, 680, 681, 682, 683, 684, 685, 686, 687, 688, 689, 690, 691, 692, 693, 694, 695, 696, 697, 698, 699, 700, 701, 702, 703, 704, 705, 706, 707, 708, 709, 710, 711, 712, 713, 714, 715, 716, 717, 718, 719, 720, 721, 722, 723, 724, 725, 726, 727, 728, 729, 730, 731, 732, 733, 734, 735, 736, 737, 738, 739, 740, 741, 742, 743, 744, 745, 746, 747, 748, 749, 750, 751, 752, 753, 754, 755, 756, 757, 758, 759, 760, 761, 762, 763, 764, 765, 766, 767, 768, 769, 770, 771, 772, 773, 774, 775, 776, 777, 778, 779, 780, 781, 782, 783, 784, 785, 786, 787, 788, 789, 790, 791, 792, 793]","[0, 5, 7, 10, 14, 19, 20, 22, 24, 32, 33, 34, 37, 38, 40, 44, 46, 48, 49, 51, 56, 61, 63, 65, 67, 68, 73, 74, 75, 76, 79, 81, 82, 83, 85, 87, 88, 92, 93, 95, 96, 99, 100, 101, 115, 116, 124, 134, 142, 161, 167, 169, 170, 186, 202, 240, 244, 254, 260, 267, 277, 300, 303, 307, 310, 322, 331, 376, 485, 491, 493, 495, 499, 503, 504, 506, 508, 515, 518, 519, 521, 524, 526, 528, 533, 537, 539, 542, 543, 547, 548, 549, 550, 551, 553, 554, 556, 558, 559, 563, 564, 566, 567, 570, 571, 572, 586, 587, 595, 605, 613, 633, 639, 640, 641, 657, 672, 704, 717, 726, 736, 759, 761, 765, 768, 780, 788, 792, 826]","[12, 24, 25, 28, 88, 100, 104, 119, 123, 129, 136, 137, 139, 140, 141, 148, 155, 169, 172, 179, 183, 185, 188, 196, 198, 217, 237, 267, 270, 278, 319, 321, 324, 325, 330, 334, 335, 354, 366, 369, 380, 383, 384, 386, 395, 407, 411, 423, 428, 436, 437, 452, 453, 456, 467, 471, 477, 478, 479, 497, 508, 511, 559, 571, 575, 590, 594, 600, 607, 608, 610, 611, 612, 619, 627, 640, 643, 650, 654, 656, 659, 667, 669, 685, 701, 726, 729, 737, 777, 779, 782, 783, 787, 790, 791, 809, 817, 819, 830, 833, 834, 836, 845, 856, 857, 860, 862, 875, 880, 887, 888, 899, 900, 914, 918, 921, 928, 929, 930]","[12, 24, 25, 28, 88, 100, 104, 119, 123, 129, 136, 137, 139, 140, 141, 148, 155, 169, 170, 172, 179, 183, 185, 188, 196, 198, 217, 237, 267, 270, 278, 319, 321, 324, 325, 330, 334, 335, 354, 366, 369, 380, 383, 384, 386, 395, 407, 411, 423, 428, 436, 437, 452, 453, 456, 467, 471, 477, 478, 479, 497, 508, 511, 559, 571, 575, 590, 594, 600, 607, 608, 610, 611, 612, 619, 627, 640, 641, 643, 650, 654, 656, 659, 667, 669, 685, 701, 726, 729, 737, 777, 779, 782, 783, 787, 790, 791, 809, 817, 819, 830, 833, 834, 836, 845, 856, 857, 860, 862, 875, 880, 887, 888, 899, 900, 914, 918, 921, 928, 929, 930]","[0, 5, 7, 10, 12, 14, 19, 20, 22, 24, 25, 28, 32, 33, 34, 37, 38, 40, 44, 46, 48, 49, 51, 56, 61, 63, 65, 67, 68, 73, 74, 75, 76, 79, 81, 82, 83, 85, 87, 88, 92, 93, 95, 96, 99, 100, 101, 103, 104, 105, 106, 107, 108, 109, 110, 111, 112, 113, 114, 115, 116, 117, 118, 119, 120, 121, 122, 123, 124, 125, 126, 127, 128, 129, 130, 131, 132, 133, 134, 135, 136, 137, 138, 139, 140, 141, 142, 143, 144, 145, 146, 147, 148, 149, 150, 151, 152, 153, 154, 155, 156, 157, 158, 159, 160, 161, 162, 163, 164, 165, 166, 167, 168, 169, 170, 171, 172, 173, 174, 175, 176, 177, 178, 179, 180, 181, 182, 183, 184, 185, 186, 187, 188, 189, 190, 191, 192, 193, 194, 195, 196, 197, 198, 199, 200, 201, 202, 203, 204, 205, 206, 207, 208, 209, 210, 211, 212, 213, 214, 215, 216, 217, 218, 219, 220, 221, 222, 223, 224, 225, 226, 227, 228, 229, 230, 231, 232, 233, 234, 235, 236, 237, 238, 239, 240, 241, 242, 243, 244, 245, 246, 247, 248, 249, 250, 251, 252, 253, 254, 255, 256, 257, 258, 259, 260, 261, 262, 263, 264, 265, 266, 267, 268, 269, 270, 271, 272, 273, 274, 275, 276, 277, 278, 279, 280, 281, 282, 283, 284, 285, 286, 287, 288, 289, 290, 291, 292, 293, 294, 295, 296, 297, 298, 299, 300, 301, 302, 303, 304, 305, 306, 307, 308, 309, 310, 311, 312, 313, 314, 315, 316, 317, 318, 319, 320, 321, 322, 323, 324, 325, 326, 327, 328, 329, 330, 331, 332, 333, 334, 335, 336, 337, 354, 366, 369, 376, 380, 383, 384, 386, 395, 407, 411, 423, 428, 436, 437, 452, 453, 456, 467, 471, 477, 478, 479, 485, 491, 493, 495, 497, 499, 503, 504, 506, 508, 511, 515, 518, 519, 521, 524, 526, 528, 533, 537, 539, 542, 543, 547, 548, 549, 550, 551, 553, 554, 556, 558, 559, 563, 564, 566, 567, 570, 571, 572, 574, 575, 576, 577, 578, 579, 580, 581, 582, 583, 584, 585, 586, 587, 588, 589, 590, 591, 592, 593, 594, 595, 596, 597, 598, 599, 600, 601, 602, 603, 604, 605, 606, 607, 608, 609, 610, 611, 612, 613, 614, 615, 616, 617, 618, 619, 620, 621, 622, 623, 624, 625, 626, 627, 628, 629, 630, 631, 632, 633, 634, 635, 636, 637, 638, 639, 640, 641, 642, 643, 644, 645, 646, 647, 648, 649, 650, 651, 652, 653, 654, 655, 656, 657, 658, 659, 660, 661, 662, 663, 664, 665, 666, 667, 668, 669, 670, 671, 672, 673, 674, 675, 676, 677, 678, 679, 680, 681, 682, 683, 684, 685, 686, 687, 688, 689, 690, 691, 692, 693, 694, 695, 696, 697, 698, 699, 700, 701, 702, 703, 704, 705, 706, 707, 708, 709, 710, 711, 712, 713, 714, 715, 716, 717, 718, 719, 720, 721, 722, 723, 724, 725, 726, 727, 728, 729, 730, 731, 732, 733, 734, 735, 736, 737, 738, 739, 740, 741, 742, 743, 744, 745, 746, 747, 748, 749, 750, 751, 752, 753, 754, 755, 756, 757, 758, 759, 760, 761, 762, 763, 764, 765, 766, 767, 768, 769, 770, 771, 772, 773, 774, 775, 776, 777, 778, 779, 780, 781, 782, 783, 784, 785, 786, 787, 788, 789, 790, 791, 792, 793, 809, 817, 819, 826, 830, 833, 834, 836, 845, 856, 857, 860, 862, 875, 880, 887, 888, 899, 900, 914, 918, 921, 928, 929, 930]",True,"[115, 116, 169, 170, 586, 587, 640, 641]","[103, 104, 105, 106, 107, 108, 109, 110, 111, 112, 113, 114, 115, 116, 117, 118, 119, 120, 121, 122, 123, 124, 125, 126, 127, 128, 129, 130, 131, 132, 133, 134, 135, 136, 137, 138, 139, 140, 141, 142, 143, 144, 145, 146, 147, 148, 149, 150, 151, 152, 153, 154, 155, 156, 157, 158, 159, 160, 161, 162, 163, 164, 165, 166, 167, 168, 169, 170, 171, 172, 173, 174, 175, 176, 177, 178, 179, 180, 181, 182, 183, 184, 185, 186, 187, 188, 189, 190, 191, 192, 193, 194, 195, 196, 197, 198, 199, 200, 201, 202, 203, 204, 205, 206, 207, 208, 209, 210, 211, 212, 213, 214, 215, 216, 217, 218, 219, 220, 221, 222, 223, 224, 225, 226, 227, 228, 229, 230, 231, 232, 233, 234, 235, 236, 237, 238, 239, 240, 241, 242, 243, 244, 245, 246, 247, 248, 249, 250, 251, 252, 253, 254, 255, 256, 257, 258, 259, 260, 261, 262, 263, 264, 265, 266, 267, 268, 269, 270, 271, 272, 273, 274, 275, 276, 277, 278, 279, 280, 281, 282, 283, 284, 285, 286, 287, 288, 289, 290, 291, 292, 293, 294, 295, 296, 297, 298, 299, 300, 301, 302, 303, 304, 305, 306, 307, 308, 309, 310, 311, 312, 313, 314, 315, 316, 317, 318, 319, 320, 321, 322, 323, 324, 325, 326, 327, 328, 329, 330, 331, 332, 333, 334, 335, 336, 337, 574, 575, 576, 577, 578, 579, 580, 581, 582, 583, 584, 585, 586, 587, 588, 589, 590, 591, 592, 593, 594, 595, 596, 597, 598, 599, 600, 601, 602, 603, 604, 605, 606, 607, 608, 609, 610, 611, 612, 613, 614, 615, 616, 617, 618, 619, 620, 621, 622, 623, 624, 625, 626, 627, 628, 629, 630, 631, 632, 633, 634, 635, 636, 637, 638, 639, 640, 641, 642, 643, 644, 645, 646, 647, 648, 649, 650, 651, 652, 653, 654, 655, 656, 657, 658, 659, 660, 661, 662, 663, 664, 665, 666, 667, 668, 669, 670, 671, 672, 673, 674, 675, 676, 677, 678, 679, 680, 681, 682, 683, 684, 685, 686, 687, 688, 689, 690, 691, 692, 693, 694, 695, 696, 697, 698, 699, 700, 701, 702, 703, 704, 705, 706, 707, 708, 709, 710, 711, 712, 713, 714, 715, 716, 717, 718, 719, 720, 721, 722, 723, 724, 725, 726, 727, 728, 729, 730, 731, 732, 733, 734, 735, 736, 737, 738, 739, 740, 741, 742, 743, 744, 745, 746, 747, 748, 749, 750, 751, 752, 753, 754, 755, 756, 757, 758, 759, 760, 761, 762, 763, 764, 765, 766, 767, 768, 769, 770, 771, 772, 773, 774, 775, 776, 777, 778, 779, 780, 781, 782, 783, 784, 785, 786, 787, 788, 789, 790, 791, 792, 793]","[115, 116, 161, 169, 170, 244, 303, 586, 587, 633, 640, 641, 761, 792]","[116, 118, 161, 169, 170, 174, 303, 587, 589, 633, 640, 641, 645, 761, 792]","[0, 5, 7, 10, 14, 19, 20, 22, 24, 32, 33, 34, 37, 38, 40, 44, 46, 48, 49, 51, 56, 61, 63, 65, 67, 68, 73, 74, 75, 76, 79, 81, 82, 83, 85, 87, 88, 92, 93, 95, 96, 99, 100, 101, 115, 116, 124, 134, 142, 161, 167, 169, 170, 186, 202, 240, 244, 254, 260, 267, 277, 300, 303, 307, 310, 322, 331, 376, 485, 491, 493, 495, 499, 503, 504, 506, 508, 515, 518, 519, 521, 524, 526, 528, 533, 537, 539, 542, 543, 547, 548, 549, 550, 551, 553, 554, 556, 558, 559, 563, 564, 566, 567, 570, 571, 572, 586, 587, 595, 605, 613, 633, 639, 640, 641, 657, 672, 704, 717, 726, 736, 759, 761, 765, 768, 780, 788, 792, 826]","[12, 24, 25, 28, 88, 100, 104, 119, 123, 129, 136, 137, 139, 140, 141, 148, 155, 169, 170, 172, 179, 183, 185, 188, 196, 198, 217, 237, 267, 270, 278, 319, 321, 324, 325, 330, 334, 335, 354, 366, 369, 380, 383, 384, 386, 395, 407, 411, 423, 428, 436, 437, 452, 453, 456, 467, 471, 477, 478, 479, 497, 508, 511, 559, 571, 575, 590, 594, 600, 607, 608, 610, 611, 612, 619, 627, 640, 641, 643, 650, 654, 656, 659, 667, 669, 685, 701, 726, 729, 737, 777, 779, 782, 783, 787, 790, 791, 809, 817, 819, 830, 833, 834, 836, 845, 856, 857, 860, 862, 875, 880, 887, 888, 899, 900, 914, 918, 921, 928, 929, 930]","[12, 24, 25, 28, 88, 100, 104, 119, 123, 129, 136, 137, 139, 140, 141, 148, 155, 169, 172, 179, 183, 185, 188, 196, 198, 217, 237, 267, 270, 278, 319, 321, 324, 325, 330, 334, 335, 354, 366, 369, 380, 383, 384, 386, 395, 407, 411, 423, 428, 436, 437, 452, 453, 456, 467, 471, 477, 478, 479, 497, 508, 511, 559, 571, 575, 590, 594, 600, 607, 608, 610, 611, 612, 619, 627, 640, 643, 650, 654, 656, 659, 667, 669, 685, 701, 726, 729, 737, 777, 779, 782, 783, 787, 790, 791, 809, 817, 819, 830, 833, 834, 836, 845, 856, 857, 860, 862, 875, 880, 887, 888, 899, 900, 914, 918, 921, 928, 929, 930]",7/6 successful match,True,,False,734,False,,1.0,True,Fontana Chevron,Chevron
Fontana ( 92335 ) Fontana Chevron,909-822-2552 I-10 Exit 61 ( Cherry N to 14455 Valley ),<U+2610> O,Fontana,92335,Fontana Chevron,909-822-2552,2014,Fontana,CA,Chevron,( Cherry N to 14455 Valley ),I-10 Exit 61 ,Exit,61,False,,False,I-10,,,,,"[640, 169]","[115, 116, 169, 170, 586, 587, 640, 641]","[115, 116, 161, 169, 170, 244, 303, 586, 587, 633, 640, 641, 761, 792]","[116, 118, 161, 169, 170, 174, 303, 587, 589, 633, 640, 641, 645, 761, 792]","[103, 104, 105, 106, 107, 108, 109, 110, 111, 112, 113, 114, 115, 116, 117, 118, 119, 120, 121, 122, 123, 124, 125, 126, 127, 128, 129, 130, 131, 132, 133, 134, 135, 136, 137, 138, 139, 140, 141, 142, 143, 144, 145, 146, 147, 148, 149, 150, 151, 152, 153, 154, 155, 156, 157, 158, 159, 160, 161, 162, 163, 164, 165, 166, 167, 168, 169, 170, 171, 172, 173, 174, 175, 176, 177, 178, 179, 180, 181, 182, 183, 184, 185, 186, 187, 188, 189, 190, 191, 192, 193, 194, 195, 196, 197, 198, 199, 200, 201, 202, 203, 204, 205, 206, 207, 208, 209, 210, 211, 212, 213, 214, 215, 216, 217, 218, 219, 220, 221, 222, 223, 224, 225, 226, 227, 228, 229, 230, 231, 232, 233, 234, 235, 236, 237, 238, 239, 240, 241, 242, 243, 244, 245, 246, 247, 248, 249, 250, 251, 252, 253, 254, 255, 256, 257, 258, 259, 260, 261, 262, 263, 264, 265, 266, 267, 268, 269, 270, 271, 272, 273, 274, 275, 276, 277, 278, 279, 280, 281, 282, 283, 284, 285, 286, 287, 288, 289, 290, 291, 292, 293, 294, 295, 296, 297, 298, 299, 300, 301, 302, 303, 304, 305, 306, 307, 308, 309, 310, 311, 312, 313, 314, 315, 316, 317, 318, 319, 320, 321, 322, 323, 324, 325, 326, 327, 328, 329, 330, 331, 332, 333, 334, 335, 336, 337, 574, 575, 576, 577, 578, 579, 580, 581, 582, 583, 584, 585, 586, 587, 588, 589, 590, 591, 592, 593, 594, 595, 596, 597, 598, 599, 600, 601, 602, 603, 604, 605, 606, 607, 608, 609, 610, 611, 612, 613, 614, 615, 616, 617, 618, 619, 620, 621, 622, 623, 624, 625, 626, 627, 628, 629, 630, 631, 632, 633, 634, 635, 636, 637, 638, 639, 640, 641, 642, 643, 644, 645, 646, 647, 648, 649, 650, 651, 652, 653, 654, 655, 656, 657, 658, 659, 660, 661, 662, 663, 664, 665, 666, 667, 668, 669, 670, 671, 672, 673, 674, 675, 676, 677, 678, 679, 680, 681, 682, 683, 684, 685, 686, 687, 688, 689, 690, 691, 692, 693, 694, 695, 696, 697, 698, 699, 700, 701, 702, 703, 704, 705, 706, 707, 708, 709, 710, 711, 712, 713, 714, 715, 716, 717, 718, 719, 720, 721, 722, 723, 724, 725, 726, 727, 728, 729, 730, 731, 732, 733, 734, 735, 736, 737, 738, 739, 740, 741, 742, 743, 744, 745, 746, 747, 748, 749, 750, 751, 752, 753, 754, 755, 756, 757, 758, 759, 760, 761, 762, 763, 764, 765, 766, 767, 768, 769, 770, 771, 772, 773, 774, 775, 776, 777, 778, 779, 780, 781, 782, 783, 784, 785, 786, 787, 788, 789, 790, 791, 792, 793]","[0, 5, 7, 10, 14, 19, 20, 22, 24, 32, 33, 34, 37, 38, 40, 44, 46, 48, 49, 51, 56, 61, 63, 65, 67, 68, 73, 74, 75, 76, 79, 81, 82, 83, 85, 87, 88, 92, 93, 95, 96, 99, 100, 101, 115, 116, 124, 134, 142, 161, 167, 169, 170, 186, 202, 240, 244, 254, 260, 267, 277, 300, 303, 307, 310, 322, 331, 376, 485, 491, 493, 495, 499, 503, 504, 506, 508, 515, 518, 519, 521, 524, 526, 528, 533, 537, 539, 542, 543, 547, 548, 549, 550, 551, 553, 554, 556, 558, 559, 563, 564, 566, 567, 570, 571, 572, 586, 587, 595, 605, 613, 633, 639, 640, 641, 657, 672, 704, 717, 726, 736, 759, 761, 765, 768, 780, 788, 792, 826]","[12, 24, 25, 28, 88, 100, 104, 119, 123, 129, 136, 137, 139, 140, 141, 148, 155, 169, 172, 179, 183, 185, 188, 196, 198, 217, 237, 267, 270, 278, 319, 321, 324, 325, 330, 334, 335, 354, 366, 369, 380, 383, 384, 386, 395, 407, 411, 423, 428, 436, 437, 452, 453, 456, 467, 471, 477, 478, 479, 497, 508, 511, 559, 571, 575, 590, 594, 600, 607, 608, 610, 611, 612, 619, 627, 640, 643, 650, 654, 656, 659, 667, 669, 685, 701, 726, 729, 737, 777, 779, 782, 783, 787, 790, 791, 809, 817, 819, 830, 833, 834, 836, 845, 856, 857, 860, 862, 875, 880, 887, 888, 899, 900, 914, 918, 921, 928, 929, 930]","[12, 24, 25, 28, 88, 100, 104, 119, 123, 129, 136, 137, 139, 140, 141, 148, 155, 169, 170, 172, 179, 183, 185, 188, 196, 198, 217, 237, 267, 270, 278, 319, 321, 324, 325, 330, 334, 335, 354, 366, 369, 380, 383, 384, 386, 395, 407, 411, 423, 428, 436, 437, 452, 453, 456, 467, 471, 477, 478, 479, 497, 508, 511, 559, 571, 575, 590, 594, 600, 607, 608, 610, 611, 612, 619, 627, 640, 641, 643, 650, 654, 656, 659, 667, 669, 685, 701, 726, 729, 737, 777, 779, 782, 783, 787, 790, 791, 809, 817, 819, 830, 833, 834, 836, 845, 856, 857, 860, 862, 875, 880, 887, 888, 899, 900, 914, 918, 921, 928, 929, 930]","[0, 5, 7, 10, 12, 14, 19, 20, 22, 24, 25, 28, 32, 33, 34, 37, 38, 40, 44, 46, 48, 49, 51, 56, 61, 63, 65, 67, 68, 73, 74, 75, 76, 79, 81, 82, 83, 85, 87, 88, 92, 93, 95, 96, 99, 100, 101, 103, 104, 105, 106, 107, 108, 109, 110, 111, 112, 113, 114, 115, 116, 117, 118, 119, 120, 121, 122, 123, 124, 125, 126, 127, 128, 129, 130, 131, 132, 133, 134, 135, 136, 137, 138, 139, 140, 141, 142, 143, 144, 145, 146, 147, 148, 149, 150, 151, 152, 153, 154, 155, 156, 157, 158, 159, 160, 161, 162, 163, 164, 165, 166, 167, 168, 169, 170, 171, 172, 173, 174, 175, 176, 177, 178, 179, 180, 181, 182, 183, 184, 185, 186, 187, 188, 189, 190, 191, 192, 193, 194, 195, 196, 197, 198, 199, 200, 201, 202, 203, 204, 205, 206, 207, 208, 209, 210, 211, 212, 213, 214, 215, 216, 217, 218, 219, 220, 221, 222, 223, 224, 225, 226, 227, 228, 229, 230, 231, 232, 233, 234, 235, 236, 237, 238, 239, 240, 241, 242, 243, 244, 245, 246, 247, 248, 249, 250, 251, 252, 253, 254, 255, 256, 257, 258, 259, 260, 261, 262, 263, 264, 265, 266, 267, 268, 269, 270, 271, 272, 273, 274, 275, 276, 277, 278, 279, 280, 281, 282, 283, 284, 285, 286, 287, 288, 289, 290, 291, 292, 293, 294, 295, 296, 297, 298, 299, 300, 301, 302, 303, 304, 305, 306, 307, 308, 309, 310, 311, 312, 313, 314, 315, 316, 317, 318, 319, 320, 321, 322, 323, 324, 325, 326, 327, 328, 329, 330, 331, 332, 333, 334, 335, 336, 337, 354, 366, 369, 376, 380, 383, 384, 386, 395, 407, 411, 423, 428, 436, 437, 452, 453, 456, 467, 471, 477, 478, 479, 485, 491, 493, 495, 497, 499, 503, 504, 506, 508, 511, 515, 518, 519, 521, 524, 526, 528, 533, 537, 539, 542, 543, 547, 548, 549, 550, 551, 553, 554, 556, 558, 559, 563, 564, 566, 567, 570, 571, 572, 574, 575, 576, 577, 578, 579, 580, 581, 582, 583, 584, 585, 586, 587, 588, 589, 590, 591, 592, 593, 594, 595, 596, 597, 598, 599, 600, 601, 602, 603, 604, 605, 606, 607, 608, 609, 610, 611, 612, 613, 614, 615, 616, 617, 618, 619, 620, 621, 622, 623, 624, 625, 626, 627, 628, 629, 630, 631, 632, 633, 634, 635, 636, 637, 638, 639, 640, 641, 642, 643, 644, 645, 646, 647, 648, 649, 650, 651, 652, 653, 654, 655, 656, 657, 658, 659, 660, 661, 662, 663, 664, 665, 666, 667, 668, 669, 670, 671, 672, 673, 674, 675, 676, 677, 678, 679, 680, 681, 682, 683, 684, 685, 686, 687, 688, 689, 690, 691, 692, 693, 694, 695, 696, 697, 698, 699, 700, 701, 702, 703, 704, 705, 706, 707, 708, 709, 710, 711, 712, 713, 714, 715, 716, 717, 718, 719, 720, 721, 722, 723, 724, 725, 726, 727, 728, 729, 730, 731, 732, 733, 734, 735, 736, 737, 738, 739, 740, 741, 742, 743, 744, 745, 746, 747, 748, 749, 750, 751, 752, 753, 754, 755, 756, 757, 758, 759, 760, 761, 762, 763, 764, 765, 766, 767, 768, 769, 770, 771, 772, 773, 774, 775, 776, 777, 778, 779, 780, 781, 782, 783, 784, 785, 786, 787, 788, 789, 790, 791, 792, 793, 809, 817, 819, 826, 830, 833, 834, 836, 845, 856, 857, 860, 862, 875, 880, 887, 888, 899, 900, 914, 918, 921, 928, 929, 930]",True,"[115, 116, 169, 170, 586, 587, 640, 641]","[103, 104, 105, 106, 107, 108, 109, 110, 111, 112, 113, 114, 115, 116, 117, 118, 119, 120, 121, 122, 123, 124, 125, 126, 127, 128, 129, 130, 131, 132, 133, 134, 135, 136, 137, 138, 139, 140, 141, 142, 143, 144, 145, 146, 147, 148, 149, 150, 151, 152, 153, 154, 155, 156, 157, 158, 159, 160, 161, 162, 163, 164, 165, 166, 167, 168, 169, 170, 171, 172, 173, 174, 175, 176, 177, 178, 179, 180, 181, 182, 183, 184, 185, 186, 187, 188, 189, 190, 191, 192, 193, 194, 195, 196, 197, 198, 199, 200, 201, 202, 203, 204, 205, 206, 207, 208, 209, 210, 211, 212, 213, 214, 215, 216, 217, 218, 219, 220, 221, 222, 223, 224, 225, 226, 227, 228, 229, 230, 231, 232, 233, 234, 235, 236, 237, 238, 239, 240, 241, 242, 243, 244, 245, 246, 247, 248, 249, 250, 251, 252, 253, 254, 255, 256, 257, 258, 259, 260, 261, 262, 263, 264, 265, 266, 267, 268, 269, 270, 271, 272, 273, 274, 275, 276, 277, 278, 279, 280, 281, 282, 283, 284, 285, 286, 287, 288, 289, 290, 291, 292, 293, 294, 295, 296, 297, 298, 299, 300, 301, 302, 303, 304, 305, 306, 307, 308, 309, 310, 311, 312, 313, 314, 315, 316, 317, 318, 319, 320, 321, 322, 323, 324, 325, 326, 327, 328, 329, 330, 331, 332, 333, 334, 335, 336, 337, 574, 575, 576, 577, 578, 579, 580, 581, 582, 583, 584, 585, 586, 587, 588, 589, 590, 591, 592, 593, 594, 595, 596, 597, 598, 599, 600, 601, 602, 603, 604, 605, 606, 607, 608, 609, 610, 611, 612, 613, 614, 615, 616, 617, 618, 619, 620, 621, 622, 623, 624, 625, 626, 627, 628, 629, 630, 631, 632, 633, 634, 635, 636, 637, 638, 639, 640, 641, 642, 643, 644, 645, 646, 647, 648, 649, 650, 651, 652, 653, 654, 655, 656, 657, 658, 659, 660, 661, 662, 663, 664, 665, 666, 667, 668, 669, 670, 671, 672, 673, 674, 675, 676, 677, 678, 679, 680, 681, 682, 683, 684, 685, 686, 687, 688, 689, 690, 691, 692, 693, 694, 695, 696, 697, 698, 699, 700, 701, 702, 703, 704, 705, 706, 707, 708, 709, 710, 711, 712, 713, 714, 715, 716, 717, 718, 719, 720, 721, 722, 723, 724, 725, 726, 727, 728, 729, 730, 731, 732, 733, 734, 735, 736, 737, 738, 739, 740, 741, 742, 743, 744, 745, 746, 747, 748, 749, 750, 751, 752, 753, 754, 755, 756, 757, 758, 759, 760, 761, 762, 763, 764, 765, 766, 767, 768, 769, 770, 771, 772, 773, 774, 775, 776, 777, 778, 779, 780, 781, 782, 783, 784, 785, 786, 787, 788, 789, 790, 791, 792, 793]","[115, 116, 161, 169, 170, 244, 303, 586, 587, 633, 640, 641, 761, 792]","[116, 118, 161, 169, 170, 174, 303, 587, 589, 633, 640, 641, 645, 761, 792]","[0, 5, 7, 10, 14, 19, 20, 22, 24, 32, 33, 34, 37, 38, 40, 44, 46, 48, 49, 51, 56, 61, 63, 65, 67, 68, 73, 74, 75, 76, 79, 81, 82, 83, 85, 87, 88, 92, 93, 95, 96, 99, 100, 101, 115, 116, 124, 134, 142, 161, 167, 169, 170, 186, 202, 240, 244, 254, 260, 267, 277, 300, 303, 307, 310, 322, 331, 376, 485, 491, 493, 495, 499, 503, 504, 506, 508, 515, 518, 519, 521, 524, 526, 528, 533, 537, 539, 542, 543, 547, 548, 549, 550, 551, 553, 554, 556, 558, 559, 563, 564, 566, 567, 570, 571, 572, 586, 587, 595, 605, 613, 633, 639, 640, 641, 657, 672, 704, 717, 726, 736, 759, 761, 765, 768, 780, 788, 792, 826]","[12, 24, 25, 28, 88, 100, 104, 119, 123, 129, 136, 137, 139, 140, 141, 148, 155, 169, 170, 172, 179, 183, 185, 188, 196, 198, 217, 237, 267, 270, 278, 319, 321, 324, 325, 330, 334, 335, 354, 366, 369, 380, 383, 384, 386, 395, 407, 411, 423, 428, 436, 437, 452, 453, 456, 467, 471, 477, 478, 479, 497, 508, 511, 559, 571, 575, 590, 594, 600, 607, 608, 610, 611, 612, 619, 627, 640, 641, 643, 650, 654, 656, 659, 667, 669, 685, 701, 726, 729, 737, 777, 779, 782, 783, 787, 790, 791, 809, 817, 819, 830, 833, 834, 836, 845, 856, 857, 860, 862, 875, 880, 887, 888, 899, 900, 914, 918, 921, 928, 929, 930]","[12, 24, 25, 28, 88, 100, 104, 119, 123, 129, 136, 137, 139, 140, 141, 148, 155, 169, 172, 179, 183, 185, 188, 196, 198, 217, 237, 267, 270, 278, 319, 321, 324, 325, 330, 334, 335, 354, 366, 369, 380, 383, 384, 386, 395, 407, 411, 423, 428, 436, 437, 452, 453, 456, 467, 471, 477, 478, 479, 497, 508, 511, 559, 571, 575, 590, 594, 600, 607, 608, 610, 611, 612, 619, 627, 640, 643, 650, 654, 656, 659, 667, 669, 685, 701, 726, 729, 737, 777, 779, 782, 783, 787, 790, 791, 809, 817, 819, 830, 833, 834, 836, 845, 856, 857, 860, 862, 875, 880, 887, 888, 899, 900, 914, 918, 921, 928, 929, 930]",7/6 successful match,True,,False,734,False,,1.0,True,Fontana Chevron,Chevron
"Fontana , 92335 Truck Town Truck & Travel Plaza",909-823-0635 I-10 Exit 61 ( Cherry NW corner ),HRS 24,Fontana,92335,Truck Town Truck & Travel Plaza,909-823-0635,2006,Fontana,CA,,( Cherry NW corner ),I-10 Exit 61 ,Exit,61,False,,False,I-10,,,,,[],"[115, 116, 169, 170, 586, 587, 640, 641]","[115, 116, 161, 169, 170, 244, 303, 586, 587, 633, 640, 641, 761, 792]","[116, 118, 161, 169, 170, 174, 303, 587, 589, 633, 640, 641, 645, 761, 792]","[103, 104, 105, 106, 107, 108, 109, 110, 111, 112, 113, 114, 115, 116, 117, 118, 119, 120, 121, 122, 123, 124, 125, 126, 127, 128, 129, 130, 131, 132, 133, 134, 135, 136, 137, 138, 139, 140, 141, 142, 143, 144, 145, 146, 147, 148, 149, 150, 151, 152, 153, 154, 155, 156, 157, 158, 159, 160, 161, 162, 163, 164, 165, 166, 167, 168, 169, 170, 171, 172, 173, 174, 175, 176, 177, 178, 179, 180, 181, 182, 183, 184, 185, 186, 187, 188, 189, 190, 191, 192, 193, 194, 195, 196, 197, 198, 199, 200, 201, 202, 203, 204, 205, 206, 207, 208, 209, 210, 211, 212, 213, 214, 215, 216, 217, 218, 219, 220, 221, 222, 223, 224, 225, 226, 227, 228, 229, 230, 231, 232, 233, 234, 235, 236, 237, 238, 239, 240, 241, 242, 243, 244, 245, 246, 247, 248, 249, 250, 251, 252, 253, 254, 255, 256, 257, 258, 259, 260, 261, 262, 263, 264, 265, 266, 267, 268, 269, 270, 271, 272, 273, 274, 275, 276, 277, 278, 279, 280, 281, 282, 283, 284, 285, 286, 287, 288, 289, 290, 291, 292, 293, 294, 295, 296, 297, 298, 299, 300, 301, 302, 303, 304, 305, 306, 307, 308, 309, 310, 311, 312, 313, 314, 315, 316, 317, 318, 319, 320, 321, 322, 323, 324, 325, 326, 327, 328, 329, 330, 331, 332, 333, 334, 335, 336, 337, 574, 575, 576, 577, 578, 579, 580, 581, 582, 583, 584, 585, 586, 587, 588, 589, 590, 591, 592, 593, 594, 595, 596, 597, 598, 599, 600, 601, 602, 603, 604, 605, 606, 607, 608, 609, 610, 611, 612, 613, 614, 615, 616, 617, 618, 619, 620, 621, 622, 623, 624, 625, 626, 627, 628, 629, 630, 631, 632, 633, 634, 635, 636, 637, 638, 639, 640, 641, 642, 643, 644, 645, 646, 647, 648, 649, 650, 651, 652, 653, 654, 655, 656, 657, 658, 659, 660, 661, 662, 663, 664, 665, 666, 667, 668, 669, 670, 671, 672, 673, 674, 675, 676, 677, 678, 679, 680, 681, 682, 683, 684, 685, 686, 687, 688, 689, 690, 691, 692, 693, 694, 695, 696, 697, 698, 699, 700, 701, 702, 703, 704, 705, 706, 707, 708, 709, 710, 711, 712, 713, 714, 715, 716, 717, 718, 719, 720, 721, 722, 723, 724, 725, 726, 727, 728, 729, 730, 731, 732, 733, 734, 735, 736, 737, 738, 739, 740, 741, 742, 743, 744, 745, 746, 747, 748, 749, 750, 751, 752, 753, 754, 755, 756, 757, 758, 759, 760, 761, 762, 763, 764, 765, 766, 767, 768, 769, 770, 771, 772, 773, 774, 775, 776, 777, 778, 779, 780, 781, 782, 783, 784, 785, 786, 787, 788, 789, 790, 791, 792, 793]","[0, 5, 7, 10, 14, 19, 20, 22, 24, 32, 33, 34, 37, 38, 40, 44, 46, 48, 49, 51, 56, 61, 63, 65, 67, 68, 73, 74, 75, 76, 79, 81, 82, 83, 85, 87, 88, 92, 93, 95, 96, 99, 100, 101, 115, 116, 124, 134, 142, 161, 167, 169, 170, 186, 202, 240, 244, 254, 260, 267, 277, 300, 303, 307, 310, 322, 331, 376, 485, 491, 493, 495, 499, 503, 504, 506, 508, 515, 518, 519, 521, 524, 526, 528, 533, 537, 539, 542, 543, 547, 548, 549, 550, 551, 553, 554, 556, 558, 559, 563, 564, 566, 567, 570, 571, 572, 586, 587, 595, 605, 613, 633, 639, 640, 641, 657, 672, 704, 717, 726, 736, 759, 761, 765, 768, 780, 788, 792, 826]",[],[],"[0, 5, 7, 10, 14, 19, 20, 22, 24, 32, 33, 34, 37, 38, 40, 44, 46, 48, 49, 51, 56, 61, 63, 65, 67, 68, 73, 74, 75, 76, 79, 81, 82, 83, 85, 87, 88, 92, 93, 95, 96, 99, 100, 101, 103, 104, 105, 106, 107, 108, 109, 110, 111, 112, 113, 114, 115, 116, 117, 118, 119, 120, 121, 122, 123, 124, 125, 126, 127, 128, 129, 130, 131, 132, 133, 134, 135, 136, 137, 138, 139, 140, 141, 142, 143, 144, 145, 146, 147, 148, 149, 150, 151, 152, 153, 154, 155, 156, 157, 158, 159, 160, 161, 162, 163, 164, 165, 166, 167, 168, 169, 170, 171, 172, 173, 174, 175, 176, 177, 178, 179, 180, 181, 182, 183, 184, 185, 186, 187, 188, 189, 190, 191, 192, 193, 194, 195, 196, 197, 198, 199, 200, 201, 202, 203, 204, 205, 206, 207, 208, 209, 210, 211, 212, 213, 214, 215, 216, 217, 218, 219, 220, 221, 222, 223, 224, 225, 226, 227, 228, 229, 230, 231, 232, 233, 234, 235, 236, 237, 238, 239, 240, 241, 242, 243, 244, 245, 246, 247, 248, 249, 250, 251, 252, 253, 254, 255, 256, 257, 258, 259, 260, 261, 262, 263, 264, 265, 266, 267, 268, 269, 270, 271, 272, 273, 274, 275, 276, 277, 278, 279, 280, 281, 282, 283, 284, 285, 286, 287, 288, 289, 290, 291, 292, 293, 294, 295, 296, 297, 298, 299, 300, 301, 302, 303, 304, 305, 306, 307, 308, 309, 310, 311, 312, 313, 314, 315, 316, 317, 318, 319, 320, 321, 322, 323, 324, 325, 326, 327, 328, 329, 330, 331, 332, 333, 334, 335, 336, 337, 376, 485, 491, 493, 495, 499, 503, 504, 506, 508, 515, 518, 519, 521, 524, 526, 528, 533, 537, 539, 542, 543, 547, 548, 549, 550, 551, 553, 554, 556, 558, 559, 563, 564, 566, 567, 570, 571, 572, 574, 575, 576, 577, 578, 579, 580, 581, 582, 583, 584, 585, 586, 587, 588, 589, 590, 591, 592, 593, 594, 595, 596, 597, 598, 599, 600, 601, 602, 603, 604, 605, 606, 607, 608, 609, 610, 611, 612, 613, 614, 615, 616, 617, 618, 619, 620, 621, 622, 623, 624, 625, 626, 627, 628, 629, 630, 631, 632, 633, 634, 635, 636, 637, 638, 639, 640, 641, 642, 643, 644, 645, 646, 647, 648, 649, 650, 651, 652, 653, 654, 655, 656, 657, 658, 659, 660, 661, 662, 663, 664, 665, 666, 667, 668, 669, 670, 671, 672, 673, 674, 675, 676, 677, 678, 679, 680, 681, 682, 683, 684, 685, 686, 687, 688, 689, 690, 691, 692, 693, 694, 695, 696, 697, 698, 699, 700, 701, 702, 703, 704, 705, 706, 707, 708, 709, 710, 711, 712, 713, 714, 715, 716, 717, 718, 719, 720, 721, 722, 723, 724, 725, 726, 727, 728, 729, 730, 731, 732, 733, 734, 735, 736, 737, 738, 739, 740, 741, 742, 743, 744, 745, 746, 747, 748, 749, 750, 751, 752, 753, 754, 755, 756, 757, 758, 759, 760, 761, 762, 763, 764, 765, 766, 767, 768, 769, 770, 771, 772, 773, 774, 775, 776, 777, 778, 779, 780, 781, 782, 783, 784, 785, 786, 787, 788, 789, 790, 791, 792, 793, 826]",False,"[115, 116, 169, 170, 586, 587, 640, 641]","[103, 104, 105, 106, 107, 108, 109, 110, 111, 112, 113, 114, 115, 116, 117, 118, 119, 120, 121, 122, 123, 124, 125, 126, 127, 128, 129, 130, 131, 132, 133, 134, 135, 136, 137, 138, 139, 140, 141, 142, 143, 144, 145, 146, 147, 148, 149, 150, 151, 152, 153, 154, 155, 156, 157, 158, 159, 160, 161, 162, 163, 164, 165, 166, 167, 168, 169, 170, 171, 172, 173, 174, 175, 176, 177, 178, 179, 180, 181, 182, 183, 184, 185, 186, 187, 188, 189, 190, 191, 192, 193, 194, 195, 196, 197, 198, 199, 200, 201, 202, 203, 204, 205, 206, 207, 208, 209, 210, 211, 212, 213, 214, 215, 216, 217, 218, 219, 220, 221, 222, 223, 224, 225, 226, 227, 228, 229, 230, 231, 232, 233, 234, 235, 236, 237, 238, 239, 240, 241, 242, 243, 244, 245, 246, 247, 248, 249, 250, 251, 252, 253, 254, 255, 256, 257, 258, 259, 260, 261, 262, 263, 264, 265, 266, 267, 268, 269, 270, 271, 272, 273, 274, 275, 276, 277, 278, 279, 280, 281, 282, 283, 284, 285, 286, 287, 288, 289, 290, 291, 292, 293, 294, 295, 296, 297, 298, 299, 300, 301, 302, 303, 304, 305, 306, 307, 308, 309, 310, 311, 312, 313, 314, 315, 316, 317, 318, 319, 320, 321, 322, 323, 324, 325, 326, 327, 328, 329, 330, 331, 332, 333, 334, 335, 336, 337, 574, 575, 576, 577, 578, 579, 580, 581, 582, 583, 584, 585, 586, 587, 588, 589, 590, 591, 592, 593, 594, 595, 596, 597, 598, 599, 600, 601, 602, 603, 604, 605, 606, 607, 608, 609, 610, 611, 612, 613, 614, 615, 616, 617, 618, 619, 620, 621, 622, 623, 624, 625, 626, 627, 628, 629, 630, 631, 632, 633, 634, 635, 636, 637, 638, 639, 640, 641, 642, 643, 644, 645, 646, 647, 648, 649, 650, 651, 652, 653, 654, 655, 656, 657, 658, 659, 660, 661, 662, 663, 664, 665, 666, 667, 668, 669, 670, 671, 672, 673, 674, 675, 676, 677, 678, 679, 680, 681, 682, 683, 684, 685, 686, 687, 688, 689, 690, 691, 692, 693, 694, 695, 696, 697, 698, 699, 700, 701, 702, 703, 704, 705, 706, 707, 708, 709, 710, 711, 712, 713, 714, 715, 716, 717, 718, 719, 720, 721, 722, 723, 724, 725, 726, 727, 728, 729, 730, 731, 732, 733, 734, 735, 736, 737, 738, 739, 740, 741, 742, 743, 744, 745, 746, 747, 748, 749, 750, 751, 752, 753, 754, 755, 756, 757, 758, 759, 760, 761, 762, 763, 764, 765, 766, 767, 768, 769, 770, 771, 772, 773, 774, 775, 776, 777, 778, 779, 780, 781, 782, 783, 784, 785, 786, 787, 788, 789, 790, 791, 792, 793]","[115, 116, 161, 169, 170, 244, 303, 586, 587, 633, 640, 641, 761, 792]","[116, 118, 161, 169, 170, 174, 303, 587, 589, 633, 640, 641, 645, 761, 792]","[0, 5, 7, 10, 14, 19, 20, 22, 24, 32, 33, 34, 37, 38, 40, 44, 46, 48, 49, 51, 56, 61, 63, 65, 67, 68, 73, 74, 75, 76, 79, 81, 82, 83, 85, 87, 88, 92, 93, 95, 96, 99, 100, 101, 115, 116, 124, 134, 142, 161, 167, 169, 170, 186, 202, 240, 244, 254, 260, 267, 277, 300, 303, 307, 310, 322, 331, 376, 485, 491, 493, 495, 499, 503, 504, 506, 508, 515, 518, 519, 521, 524, 526, 528, 533, 537, 539, 542, 543, 547, 548, 549, 550, 551, 553, 554, 556, 558, 559, 563, 564, 566, 567, 570, 571, 572, 586, 587, 595, 605, 613, 633, 639, 640, 641, 657, 672, 704, 717, 726, 736, 759, 761, 765, 768, 780, 788, 792, 826]",[],[],7/6 successful match,False,[472],True,735,False,,,,,
"Fontana , 92335 Truck Town Truck & Travel Plaza",909-823-0635 I-10 Exit 61 ( Cherry NW corner ),) HRS 24 HRS XL,Fontana,92335,Truck Town Truck & Travel Plaza,909-823-0635,2007,Fontana,CA,,( Cherry NW corner ),I-10 Exit 61 ,Exit,61,False,,False,I-10,,,,,[],"[115, 116, 169, 170, 586, 587, 640, 641]","[115, 116, 161, 169, 170, 244, 303, 586, 587, 633, 640, 641, 761, 792]","[116, 118, 161, 169, 170, 174, 303, 587, 589, 633, 640, 641, 645, 761, 792]","[103, 104, 105, 106, 107, 108, 109, 110, 111, 112, 113, 114, 115, 116, 117, 118, 119, 120, 121, 122, 123, 124, 125, 126, 127, 128, 129, 130, 131, 132, 133, 134, 135, 136, 137, 138, 139, 140, 141, 142, 143, 144, 145, 146, 147, 148, 149, 150, 151, 152, 153, 154, 155, 156, 157, 158, 159, 160, 161, 162, 163, 164, 165, 166, 167, 168, 169, 170, 171, 172, 173, 174, 175, 176, 177, 178, 179, 180, 181, 182, 183, 184, 185, 186, 187, 188, 189, 190, 191, 192, 193, 194, 195, 196, 197, 198, 199, 200, 201, 202, 203, 204, 205, 206, 207, 208, 209, 210, 211, 212, 213, 214, 215, 216, 217, 218, 219, 220, 221, 222, 223, 224, 225, 226, 227, 228, 229, 230, 231, 232, 233, 234, 235, 236, 237, 238, 239, 240, 241, 242, 243, 244, 245, 246, 247, 248, 249, 250, 251, 252, 253, 254, 255, 256, 257, 258, 259, 260, 261, 262, 263, 264, 265, 266, 267, 268, 269, 270, 271, 272, 273, 274, 275, 276, 277, 278, 279, 280, 281, 282, 283, 284, 285, 286, 287, 288, 289, 290, 291, 292, 293, 294, 295, 296, 297, 298, 299, 300, 301, 302, 303, 304, 305, 306, 307, 308, 309, 310, 311, 312, 313, 314, 315, 316, 317, 318, 319, 320, 321, 322, 323, 324, 325, 326, 327, 328, 329, 330, 331, 332, 333, 334, 335, 336, 337, 574, 575, 576, 577, 578, 579, 580, 581, 582, 583, 584, 585, 586, 587, 588, 589, 590, 591, 592, 593, 594, 595, 596, 597, 598, 599, 600, 601, 602, 603, 604, 605, 606, 607, 608, 609, 610, 611, 612, 613, 614, 615, 616, 617, 618, 619, 620, 621, 622, 623, 624, 625, 626, 627, 628, 629, 630, 631, 632, 633, 634, 635, 636, 637, 638, 639, 640, 641, 642, 643, 644, 645, 646, 647, 648, 649, 650, 651, 652, 653, 654, 655, 656, 657, 658, 659, 660, 661, 662, 663, 664, 665, 666, 667, 668, 669, 670, 671, 672, 673, 674, 675, 676, 677, 678, 679, 680, 681, 682, 683, 684, 685, 686, 687, 688, 689, 690, 691, 692, 693, 694, 695, 696, 697, 698, 699, 700, 701, 702, 703, 704, 705, 706, 707, 708, 709, 710, 711, 712, 713, 714, 715, 716, 717, 718, 719, 720, 721, 722, 723, 724, 725, 726, 727, 728, 729, 730, 731, 732, 733, 734, 735, 736, 737, 738, 739, 740, 741, 742, 743, 744, 745, 746, 747, 748, 749, 750, 751, 752, 753, 754, 755, 756, 757, 758, 759, 760, 761, 762, 763, 764, 765, 766, 767, 768, 769, 770, 771, 772, 773, 774, 775, 776, 777, 778, 779, 780, 781, 782, 783, 784, 785, 786, 787, 788, 789, 790, 791, 792, 793]","[0, 5, 7, 10, 14, 19, 20, 22, 24, 32, 33, 34, 37, 38, 40, 44, 46, 48, 49, 51, 56, 61, 63, 65, 67, 68, 73, 74, 75, 76, 79, 81, 82, 83, 85, 87, 88, 92, 93, 95, 96, 99, 100, 101, 115, 116, 124, 134, 142, 161, 167, 169, 170, 186, 202, 240, 244, 254, 260, 267, 277, 300, 303, 307, 310, 322, 331, 376, 485, 491, 493, 495, 499, 503, 504, 506, 508, 515, 518, 519, 521, 524, 526, 528, 533, 537, 539, 542, 543, 547, 548, 549, 550, 551, 553, 554, 556, 558, 559, 563, 564, 566, 567, 570, 571, 572, 586, 587, 595, 605, 613, 633, 639, 640, 641, 657, 672, 704, 717, 726, 736, 759, 761, 765, 768, 780, 788, 792, 826]",[],[],"[0, 5, 7, 10, 14, 19, 20, 22, 24, 32, 33, 34, 37, 38, 40, 44, 46, 48, 49, 51, 56, 61, 63, 65, 67, 68, 73, 74, 75, 76, 79, 81, 82, 83, 85, 87, 88, 92, 93, 95, 96, 99, 100, 101, 103, 104, 105, 106, 107, 108, 109, 110, 111, 112, 113, 114, 115, 116, 117, 118, 119, 120, 121, 122, 123, 124, 125, 126, 127, 128, 129, 130, 131, 132, 133, 134, 135, 136, 137, 138, 139, 140, 141, 142, 143, 144, 145, 146, 147, 148, 149, 150, 151, 152, 153, 154, 155, 156, 157, 158, 159, 160, 161, 162, 163, 164, 165, 166, 167, 168, 169, 170, 171, 172, 173, 174, 175, 176, 177, 178, 179, 180, 181, 182, 183, 184, 185, 186, 187, 188, 189, 190, 191, 192, 193, 194, 195, 196, 197, 198, 199, 200, 201, 202, 203, 204, 205, 206, 207, 208, 209, 210, 211, 212, 213, 214, 215, 216, 217, 218, 219, 220, 221, 222, 223, 224, 225, 226, 227, 228, 229, 230, 231, 232, 233, 234, 235, 236, 237, 238, 239, 240, 241, 242, 243, 244, 245, 246, 247, 248, 249, 250, 251, 252, 253, 254, 255, 256, 257, 258, 259, 260, 261, 262, 263, 264, 265, 266, 267, 268, 269, 270, 271, 272, 273, 274, 275, 276, 277, 278, 279, 280, 281, 282, 283, 284, 285, 286, 287, 288, 289, 290, 291, 292, 293, 294, 295, 296, 297, 298, 299, 300, 301, 302, 303, 304, 305, 306, 307, 308, 309, 310, 311, 312, 313, 314, 315, 316, 317, 318, 319, 320, 321, 322, 323, 324, 325, 326, 327, 328, 329, 330, 331, 332, 333, 334, 335, 336, 337, 376, 485, 491, 493, 495, 499, 503, 504, 506, 508, 515, 518, 519, 521, 524, 526, 528, 533, 537, 539, 542, 543, 547, 548, 549, 550, 551, 553, 554, 556, 558, 559, 563, 564, 566, 567, 570, 571, 572, 574, 575, 576, 577, 578, 579, 580, 581, 582, 583, 584, 585, 586, 587, 588, 589, 590, 591, 592, 593, 594, 595, 596, 597, 598, 599, 600, 601, 602, 603, 604, 605, 606, 607, 608, 609, 610, 611, 612, 613, 614, 615, 616, 617, 618, 619, 620, 621, 622, 623, 624, 625, 626, 627, 628, 629, 630, 631, 632, 633, 634, 635, 636, 637, 638, 639, 640, 641, 642, 643, 644, 645, 646, 647, 648, 649, 650, 651, 652, 653, 654, 655, 656, 657, 658, 659, 660, 661, 662, 663, 664, 665, 666, 667, 668, 669, 670, 671, 672, 673, 674, 675, 676, 677, 678, 679, 680, 681, 682, 683, 684, 685, 686, 687, 688, 689, 690, 691, 692, 693, 694, 695, 696, 697, 698, 699, 700, 701, 702, 703, 704, 705, 706, 707, 708, 709, 710, 711, 712, 713, 714, 715, 716, 717, 718, 719, 720, 721, 722, 723, 724, 725, 726, 727, 728, 729, 730, 731, 732, 733, 734, 735, 736, 737, 738, 739, 740, 741, 742, 743, 744, 745, 746, 747, 748, 749, 750, 751, 752, 753, 754, 755, 756, 757, 758, 759, 760, 761, 762, 763, 764, 765, 766, 767, 768, 769, 770, 771, 772, 773, 774, 775, 776, 777, 778, 779, 780, 781, 782, 783, 784, 785, 786, 787, 788, 789, 790, 791, 792, 793, 826]",False,"[115, 116, 169, 170, 586, 587, 640, 641]","[103, 104, 105, 106, 107, 108, 109, 110, 111, 112, 113, 114, 115, 116, 117, 118, 119, 120, 121, 122, 123, 124, 125, 126, 127, 128, 129, 130, 131, 132, 133, 134, 135, 136, 137, 138, 139, 140, 141, 142, 143, 144, 145, 146, 147, 148, 149, 150, 151, 152, 153, 154, 155, 156, 157, 158, 159, 160, 161, 162, 163, 164, 165, 166, 167, 168, 169, 170, 171, 172, 173, 174, 175, 176, 177, 178, 179, 180, 181, 182, 183, 184, 185, 186, 187, 188, 189, 190, 191, 192, 193, 194, 195, 196, 197, 198, 199, 200, 201, 202, 203, 204, 205, 206, 207, 208, 209, 210, 211, 212, 213, 214, 215, 216, 217, 218, 219, 220, 221, 222, 223, 224, 225, 226, 227, 228, 229, 230, 231, 232, 233, 234, 235, 236, 237, 238, 239, 240, 241, 242, 243, 244, 245, 246, 247, 248, 249, 250, 251, 252, 253, 254, 255, 256, 257, 258, 259, 260, 261, 262, 263, 264, 265, 266, 267, 268, 269, 270, 271, 272, 273, 274, 275, 276, 277, 278, 279, 280, 281, 282, 283, 284, 285, 286, 287, 288, 289, 290, 291, 292, 293, 294, 295, 296, 297, 298, 299, 300, 301, 302, 303, 304, 305, 306, 307, 308, 309, 310, 311, 312, 313, 314, 315, 316, 317, 318, 319, 320, 321, 322, 323, 324, 325, 326, 327, 328, 329, 330, 331, 332, 333, 334, 335, 336, 337, 574, 575, 576, 577, 578, 579, 580, 581, 582, 583, 584, 585, 586, 587, 588, 589, 590, 591, 592, 593, 594, 595, 596, 597, 598, 599, 600, 601, 602, 603, 604, 605, 606, 607, 608, 609, 610, 611, 612, 613, 614, 615, 616, 617, 618, 619, 620, 621, 622, 623, 624, 625, 626, 627, 628, 629, 630, 631, 632, 633, 634, 635, 636, 637, 638, 639, 640, 641, 642, 643, 644, 645, 646, 647, 648, 649, 650, 651, 652, 653, 654, 655, 656, 657, 658, 659, 660, 661, 662, 663, 664, 665, 666, 667, 668, 669, 670, 671, 672, 673, 674, 675, 676, 677, 678, 679, 680, 681, 682, 683, 684, 685, 686, 687, 688, 689, 690, 691, 692, 693, 694, 695, 696, 697, 698, 699, 700, 701, 702, 703, 704, 705, 706, 707, 708, 709, 710, 711, 712, 713, 714, 715, 716, 717, 718, 719, 720, 721, 722, 723, 724, 725, 726, 727, 728, 729, 730, 731, 732, 733, 734, 735, 736, 737, 738, 739, 740, 741, 742, 743, 744, 745, 746, 747, 748, 749, 750, 751, 752, 753, 754, 755, 756, 757, 758, 759, 760, 761, 762, 763, 764, 765, 766, 767, 768, 769, 770, 771, 772, 773, 774, 775, 776, 777, 778, 779, 780, 781, 782, 783, 784, 785, 786, 787, 788, 789, 790, 791, 792, 793]","[115, 116, 161, 169, 170, 244, 303, 586, 587, 633, 640, 641, 761, 792]","[116, 118, 161, 169, 170, 174, 303, 587, 589, 633, 640, 641, 645, 761, 792]","[0, 5, 7, 10, 14, 19, 20, 22, 24, 32, 33, 34, 37, 38, 40, 44, 46, 48, 49, 51, 56, 61, 63, 65, 67, 68, 73, 74, 75, 76, 79, 81, 82, 83, 85, 87, 88, 92, 93, 95, 96, 99, 100, 101, 115, 116, 124, 134, 142, 161, 167, 169, 170, 186, 202, 240, 244, 254, 260, 267, 277, 300, 303, 307, 310, 322, 331, 376, 485, 491, 493, 495, 499, 503, 504, 506, 508, 515, 518, 519, 521, 524, 526, 528, 533, 537, 539, 542, 543, 547, 548, 549, 550, 551, 553, 554, 556, 558, 559, 563, 564, 566, 567, 570, 571, 572, 586, 587, 595, 605, 613, 633, 639, 640, 641, 657, 672, 704, 717, 726, 736, 759, 761, 765, 768, 780, 788, 792, 826]",[],[],7/6 successful match,False,[472],True,735,False,,0.8999999999999999,True,Truck Town Truck & Travel Plaza,
"Fontana , 92335 Truck Town Truck & Travel Plaza",909-823-0635 I-10 Exit 61 ( Cherry NW corner ),HRS 24 XL 240,Fontana,92335,Truck Town Truck & Travel Plaza,909-823-0635,2008,Fontana,CA,,( Cherry NW corner ),I-10 Exit 61 ,Exit,61,False,,False,I-10,,,,,[],"[115, 116, 169, 170, 586, 587, 640, 641]","[115, 116, 161, 169, 170, 244, 303, 586, 587, 633, 640, 641, 761, 792]","[116, 118, 161, 169, 170, 174, 303, 587, 589, 633, 640, 641, 645, 761, 792]","[103, 104, 105, 106, 107, 108, 109, 110, 111, 112, 113, 114, 115, 116, 117, 118, 119, 120, 121, 122, 123, 124, 125, 126, 127, 128, 129, 130, 131, 132, 133, 134, 135, 136, 137, 138, 139, 140, 141, 142, 143, 144, 145, 146, 147, 148, 149, 150, 151, 152, 153, 154, 155, 156, 157, 158, 159, 160, 161, 162, 163, 164, 165, 166, 167, 168, 169, 170, 171, 172, 173, 174, 175, 176, 177, 178, 179, 180, 181, 182, 183, 184, 185, 186, 187, 188, 189, 190, 191, 192, 193, 194, 195, 196, 197, 198, 199, 200, 201, 202, 203, 204, 205, 206, 207, 208, 209, 210, 211, 212, 213, 214, 215, 216, 217, 218, 219, 220, 221, 222, 223, 224, 225, 226, 227, 228, 229, 230, 231, 232, 233, 234, 235, 236, 237, 238, 239, 240, 241, 242, 243, 244, 245, 246, 247, 248, 249, 250, 251, 252, 253, 254, 255, 256, 257, 258, 259, 260, 261, 262, 263, 264, 265, 266, 267, 268, 269, 270, 271, 272, 273, 274, 275, 276, 277, 278, 279, 280, 281, 282, 283, 284, 285, 286, 287, 288, 289, 290, 291, 292, 293, 294, 295, 296, 297, 298, 299, 300, 301, 302, 303, 304, 305, 306, 307, 308, 309, 310, 311, 312, 313, 314, 315, 316, 317, 318, 319, 320, 321, 322, 323, 324, 325, 326, 327, 328, 329, 330, 331, 332, 333, 334, 335, 336, 337, 574, 575, 576, 577, 578, 579, 580, 581, 582, 583, 584, 585, 586, 587, 588, 589, 590, 591, 592, 593, 594, 595, 596, 597, 598, 599, 600, 601, 602, 603, 604, 605, 606, 607, 608, 609, 610, 611, 612, 613, 614, 615, 616, 617, 618, 619, 620, 621, 622, 623, 624, 625, 626, 627, 628, 629, 630, 631, 632, 633, 634, 635, 636, 637, 638, 639, 640, 641, 642, 643, 644, 645, 646, 647, 648, 649, 650, 651, 652, 653, 654, 655, 656, 657, 658, 659, 660, 661, 662, 663, 664, 665, 666, 667, 668, 669, 670, 671, 672, 673, 674, 675, 676, 677, 678, 679, 680, 681, 682, 683, 684, 685, 686, 687, 688, 689, 690, 691, 692, 693, 694, 695, 696, 697, 698, 699, 700, 701, 702, 703, 704, 705, 706, 707, 708, 709, 710, 711, 712, 713, 714, 715, 716, 717, 718, 719, 720, 721, 722, 723, 724, 725, 726, 727, 728, 729, 730, 731, 732, 733, 734, 735, 736, 737, 738, 739, 740, 741, 742, 743, 744, 745, 746, 747, 748, 749, 750, 751, 752, 753, 754, 755, 756, 757, 758, 759, 760, 761, 762, 763, 764, 765, 766, 767, 768, 769, 770, 771, 772, 773, 774, 775, 776, 777, 778, 779, 780, 781, 782, 783, 784, 785, 786, 787, 788, 789, 790, 791, 792, 793]","[0, 5, 7, 10, 14, 19, 20, 22, 24, 32, 33, 34, 37, 38, 40, 44, 46, 48, 49, 51, 56, 61, 63, 65, 67, 68, 73, 74, 75, 76, 79, 81, 82, 83, 85, 87, 88, 92, 93, 95, 96, 99, 100, 101, 115, 116, 124, 134, 142, 161, 167, 169, 170, 186, 202, 240, 244, 254, 260, 267, 277, 300, 303, 307, 310, 322, 331, 376, 485, 491, 493, 495, 499, 503, 504, 506, 508, 515, 518, 519, 521, 524, 526, 528, 533, 537, 539, 542, 543, 547, 548, 549, 550, 551, 553, 554, 556, 558, 559, 563, 564, 566, 567, 570, 571, 572, 586, 587, 595, 605, 613, 633, 639, 640, 641, 657, 672, 704, 717, 726, 736, 759, 761, 765, 768, 780, 788, 792, 826]",[],[],"[0, 5, 7, 10, 14, 19, 20, 22, 24, 32, 33, 34, 37, 38, 40, 44, 46, 48, 49, 51, 56, 61, 63, 65, 67, 68, 73, 74, 75, 76, 79, 81, 82, 83, 85, 87, 88, 92, 93, 95, 96, 99, 100, 101, 103, 104, 105, 106, 107, 108, 109, 110, 111, 112, 113, 114, 115, 116, 117, 118, 119, 120, 121, 122, 123, 124, 125, 126, 127, 128, 129, 130, 131, 132, 133, 134, 135, 136, 137, 138, 139, 140, 141, 142, 143, 144, 145, 146, 147, 148, 149, 150, 151, 152, 153, 154, 155, 156, 157, 158, 159, 160, 161, 162, 163, 164, 165, 166, 167, 168, 169, 170, 171, 172, 173, 174, 175, 176, 177, 178, 179, 180, 181, 182, 183, 184, 185, 186, 187, 188, 189, 190, 191, 192, 193, 194, 195, 196, 197, 198, 199, 200, 201, 202, 203, 204, 205, 206, 207, 208, 209, 210, 211, 212, 213, 214, 215, 216, 217, 218, 219, 220, 221, 222, 223, 224, 225, 226, 227, 228, 229, 230, 231, 232, 233, 234, 235, 236, 237, 238, 239, 240, 241, 242, 243, 244, 245, 246, 247, 248, 249, 250, 251, 252, 253, 254, 255, 256, 257, 258, 259, 260, 261, 262, 263, 264, 265, 266, 267, 268, 269, 270, 271, 272, 273, 274, 275, 276, 277, 278, 279, 280, 281, 282, 283, 284, 285, 286, 287, 288, 289, 290, 291, 292, 293, 294, 295, 296, 297, 298, 299, 300, 301, 302, 303, 304, 305, 306, 307, 308, 309, 310, 311, 312, 313, 314, 315, 316, 317, 318, 319, 320, 321, 322, 323, 324, 325, 326, 327, 328, 329, 330, 331, 332, 333, 334, 335, 336, 337, 376, 485, 491, 493, 495, 499, 503, 504, 506, 508, 515, 518, 519, 521, 524, 526, 528, 533, 537, 539, 542, 543, 547, 548, 549, 550, 551, 553, 554, 556, 558, 559, 563, 564, 566, 567, 570, 571, 572, 574, 575, 576, 577, 578, 579, 580, 581, 582, 583, 584, 585, 586, 587, 588, 589, 590, 591, 592, 593, 594, 595, 596, 597, 598, 599, 600, 601, 602, 603, 604, 605, 606, 607, 608, 609, 610, 611, 612, 613, 614, 615, 616, 617, 618, 619, 620, 621, 622, 623, 624, 625, 626, 627, 628, 629, 630, 631, 632, 633, 634, 635, 636, 637, 638, 639, 640, 641, 642, 643, 644, 645, 646, 647, 648, 649, 650, 651, 652, 653, 654, 655, 656, 657, 658, 659, 660, 661, 662, 663, 664, 665, 666, 667, 668, 669, 670, 671, 672, 673, 674, 675, 676, 677, 678, 679, 680, 681, 682, 683, 684, 685, 686, 687, 688, 689, 690, 691, 692, 693, 694, 695, 696, 697, 698, 699, 700, 701, 702, 703, 704, 705, 706, 707, 708, 709, 710, 711, 712, 713, 714, 715, 716, 717, 718, 719, 720, 721, 722, 723, 724, 725, 726, 727, 728, 729, 730, 731, 732, 733, 734, 735, 736, 737, 738, 739, 740, 741, 742, 743, 744, 745, 746, 747, 748, 749, 750, 751, 752, 753, 754, 755, 756, 757, 758, 759, 760, 761, 762, 763, 764, 765, 766, 767, 768, 769, 770, 771, 772, 773, 774, 775, 776, 777, 778, 779, 780, 781, 782, 783, 784, 785, 786, 787, 788, 789, 790, 791, 792, 793, 826]",False,"[115, 116, 169, 170, 586, 587, 640, 641]","[103, 104, 105, 106, 107, 108, 109, 110, 111, 112, 113, 114, 115, 116, 117, 118, 119, 120, 121, 122, 123, 124, 125, 126, 127, 128, 129, 130, 131, 132, 133, 134, 135, 136, 137, 138, 139, 140, 141, 142, 143, 144, 145, 146, 147, 148, 149, 150, 151, 152, 153, 154, 155, 156, 157, 158, 159, 160, 161, 162, 163, 164, 165, 166, 167, 168, 169, 170, 171, 172, 173, 174, 175, 176, 177, 178, 179, 180, 181, 182, 183, 184, 185, 186, 187, 188, 189, 190, 191, 192, 193, 194, 195, 196, 197, 198, 199, 200, 201, 202, 203, 204, 205, 206, 207, 208, 209, 210, 211, 212, 213, 214, 215, 216, 217, 218, 219, 220, 221, 222, 223, 224, 225, 226, 227, 228, 229, 230, 231, 232, 233, 234, 235, 236, 237, 238, 239, 240, 241, 242, 243, 244, 245, 246, 247, 248, 249, 250, 251, 252, 253, 254, 255, 256, 257, 258, 259, 260, 261, 262, 263, 264, 265, 266, 267, 268, 269, 270, 271, 272, 273, 274, 275, 276, 277, 278, 279, 280, 281, 282, 283, 284, 285, 286, 287, 288, 289, 290, 291, 292, 293, 294, 295, 296, 297, 298, 299, 300, 301, 302, 303, 304, 305, 306, 307, 308, 309, 310, 311, 312, 313, 314, 315, 316, 317, 318, 319, 320, 321, 322, 323, 324, 325, 326, 327, 328, 329, 330, 331, 332, 333, 334, 335, 336, 337, 574, 575, 576, 577, 578, 579, 580, 581, 582, 583, 584, 585, 586, 587, 588, 589, 590, 591, 592, 593, 594, 595, 596, 597, 598, 599, 600, 601, 602, 603, 604, 605, 606, 607, 608, 609, 610, 611, 612, 613, 614, 615, 616, 617, 618, 619, 620, 621, 622, 623, 624, 625, 626, 627, 628, 629, 630, 631, 632, 633, 634, 635, 636, 637, 638, 639, 640, 641, 642, 643, 644, 645, 646, 647, 648, 649, 650, 651, 652, 653, 654, 655, 656, 657, 658, 659, 660, 661, 662, 663, 664, 665, 666, 667, 668, 669, 670, 671, 672, 673, 674, 675, 676, 677, 678, 679, 680, 681, 682, 683, 684, 685, 686, 687, 688, 689, 690, 691, 692, 693, 694, 695, 696, 697, 698, 699, 700, 701, 702, 703, 704, 705, 706, 707, 708, 709, 710, 711, 712, 713, 714, 715, 716, 717, 718, 719, 720, 721, 722, 723, 724, 725, 726, 727, 728, 729, 730, 731, 732, 733, 734, 735, 736, 737, 738, 739, 740, 741, 742, 743, 744, 745, 746, 747, 748, 749, 750, 751, 752, 753, 754, 755, 756, 757, 758, 759, 760, 761, 762, 763, 764, 765, 766, 767, 768, 769, 770, 771, 772, 773, 774, 775, 776, 777, 778, 779, 780, 781, 782, 783, 784, 785, 786, 787, 788, 789, 790, 791, 792, 793]","[115, 116, 161, 169, 170, 244, 303, 586, 587, 633, 640, 641, 761, 792]","[116, 118, 161, 169, 170, 174, 303, 587, 589, 633, 640, 641, 645, 761, 792]","[0, 5, 7, 10, 14, 19, 20, 22, 24, 32, 33, 34, 37, 38, 40, 44, 46, 48, 49, 51, 56, 61, 63, 65, 67, 68, 73, 74, 75, 76, 79, 81, 82, 83, 85, 87, 88, 92, 93, 95, 96, 99, 100, 101, 115, 116, 124, 134, 142, 161, 167, 169, 170, 186, 202, 240, 244, 254, 260, 267, 277, 300, 303, 307, 310, 322, 331, 376, 485, 491, 493, 495, 499, 503, 504, 506, 508, 515, 518, 519, 521, 524, 526, 528, 533, 537, 539, 542, 543, 547, 548, 549, 550, 551, 553, 554, 556, 558, 559, 563, 564, 566, 567, 570, 571, 572, 586, 587, 595, 605, 613, 633, 639, 640, 641, 657, 672, 704, 717, 726, 736, 759, 761, 765, 768, 780, 788, 792, 826]",[],[],7/6 successful match,False,[472],True,735,False,,0.8999999999999999,True,Truck Town Truck & Travel Plaza,
C Fontana ( 92335 ) Truck Town Truck Stop,909-823-0635 I-10 Exit 61 ( Cherry NW corner ),24 XL <U+2610>,Fontana,92335,Truck Town Truck Stop,909-823-0635,2014,Fontana,CA,,( Cherry NW corner ),I-10 Exit 61 ,Exit,61,False,,False,I-10,,,,,[],"[115, 116, 169, 170, 586, 587, 640, 641]","[115, 116, 161, 169, 170, 244, 303, 586, 587, 633, 640, 641, 761, 792]","[116, 118, 161, 169, 170, 174, 303, 587, 589, 633, 640, 641, 645, 761, 792]","[103, 104, 105, 106, 107, 108, 109, 110, 111, 112, 113, 114, 115, 116, 117, 118, 119, 120, 121, 122, 123, 124, 125, 126, 127, 128, 129, 130, 131, 132, 133, 134, 135, 136, 137, 138, 139, 140, 141, 142, 143, 144, 145, 146, 147, 148, 149, 150, 151, 152, 153, 154, 155, 156, 157, 158, 159, 160, 161, 162, 163, 164, 165, 166, 167, 168, 169, 170, 171, 172, 173, 174, 175, 176, 177, 178, 179, 180, 181, 182, 183, 184, 185, 186, 187, 188, 189, 190, 191, 192, 193, 194, 195, 196, 197, 198, 199, 200, 201, 202, 203, 204, 205, 206, 207, 208, 209, 210, 211, 212, 213, 214, 215, 216, 217, 218, 219, 220, 221, 222, 223, 224, 225, 226, 227, 228, 229, 230, 231, 232, 233, 234, 235, 236, 237, 238, 239, 240, 241, 242, 243, 244, 245, 246, 247, 248, 249, 250, 251, 252, 253, 254, 255, 256, 257, 258, 259, 260, 261, 262, 263, 264, 265, 266, 267, 268, 269, 270, 271, 272, 273, 274, 275, 276, 277, 278, 279, 280, 281, 282, 283, 284, 285, 286, 287, 288, 289, 290, 291, 292, 293, 294, 295, 296, 297, 298, 299, 300, 301, 302, 303, 304, 305, 306, 307, 308, 309, 310, 311, 312, 313, 314, 315, 316, 317, 318, 319, 320, 321, 322, 323, 324, 325, 326, 327, 328, 329, 330, 331, 332, 333, 334, 335, 336, 337, 574, 575, 576, 577, 578, 579, 580, 581, 582, 583, 584, 585, 586, 587, 588, 589, 590, 591, 592, 593, 594, 595, 596, 597, 598, 599, 600, 601, 602, 603, 604, 605, 606, 607, 608, 609, 610, 611, 612, 613, 614, 615, 616, 617, 618, 619, 620, 621, 622, 623, 624, 625, 626, 627, 628, 629, 630, 631, 632, 633, 634, 635, 636, 637, 638, 639, 640, 641, 642, 643, 644, 645, 646, 647, 648, 649, 650, 651, 652, 653, 654, 655, 656, 657, 658, 659, 660, 661, 662, 663, 664, 665, 666, 667, 668, 669, 670, 671, 672, 673, 674, 675, 676, 677, 678, 679, 680, 681, 682, 683, 684, 685, 686, 687, 688, 689, 690, 691, 692, 693, 694, 695, 696, 697, 698, 699, 700, 701, 702, 703, 704, 705, 706, 707, 708, 709, 710, 711, 712, 713, 714, 715, 716, 717, 718, 719, 720, 721, 722, 723, 724, 725, 726, 727, 728, 729, 730, 731, 732, 733, 734, 735, 736, 737, 738, 739, 740, 741, 742, 743, 744, 745, 746, 747, 748, 749, 750, 751, 752, 753, 754, 755, 756, 757, 758, 759, 760, 761, 762, 763, 764, 765, 766, 767, 768, 769, 770, 771, 772, 773, 774, 775, 776, 777, 778, 779, 780, 781, 782, 783, 784, 785, 786, 787, 788, 789, 790, 791, 792, 793]","[0, 5, 7, 10, 14, 19, 20, 22, 24, 32, 33, 34, 37, 38, 40, 44, 46, 48, 49, 51, 56, 61, 63, 65, 67, 68, 73, 74, 75, 76, 79, 81, 82, 83, 85, 87, 88, 92, 93, 95, 96, 99, 100, 101, 115, 116, 124, 134, 142, 161, 167, 169, 170, 186, 202, 240, 244, 254, 260, 267, 277, 300, 303, 307, 310, 322, 331, 376, 485, 491, 493, 495, 499, 503, 504, 506, 508, 515, 518, 519, 521, 524, 526, 528, 533, 537, 539, 542, 543, 547, 548, 549, 550, 551, 553, 554, 556, 558, 559, 563, 564, 566, 567, 570, 571, 572, 586, 587, 595, 605, 613, 633, 639, 640, 641, 657, 672, 704, 717, 726, 736, 759, 761, 765, 768, 780, 788, 792, 826]",[],[],"[0, 5, 7, 10, 14, 19, 20, 22, 24, 32, 33, 34, 37, 38, 40, 44, 46, 48, 49, 51, 56, 61, 63, 65, 67, 68, 73, 74, 75, 76, 79, 81, 82, 83, 85, 87, 88, 92, 93, 95, 96, 99, 100, 101, 103, 104, 105, 106, 107, 108, 109, 110, 111, 112, 113, 114, 115, 116, 117, 118, 119, 120, 121, 122, 123, 124, 125, 126, 127, 128, 129, 130, 131, 132, 133, 134, 135, 136, 137, 138, 139, 140, 141, 142, 143, 144, 145, 146, 147, 148, 149, 150, 151, 152, 153, 154, 155, 156, 157, 158, 159, 160, 161, 162, 163, 164, 165, 166, 167, 168, 169, 170, 171, 172, 173, 174, 175, 176, 177, 178, 179, 180, 181, 182, 183, 184, 185, 186, 187, 188, 189, 190, 191, 192, 193, 194, 195, 196, 197, 198, 199, 200, 201, 202, 203, 204, 205, 206, 207, 208, 209, 210, 211, 212, 213, 214, 215, 216, 217, 218, 219, 220, 221, 222, 223, 224, 225, 226, 227, 228, 229, 230, 231, 232, 233, 234, 235, 236, 237, 238, 239, 240, 241, 242, 243, 244, 245, 246, 247, 248, 249, 250, 251, 252, 253, 254, 255, 256, 257, 258, 259, 260, 261, 262, 263, 264, 265, 266, 267, 268, 269, 270, 271, 272, 273, 274, 275, 276, 277, 278, 279, 280, 281, 282, 283, 284, 285, 286, 287, 288, 289, 290, 291, 292, 293, 294, 295, 296, 297, 298, 299, 300, 301, 302, 303, 304, 305, 306, 307, 308, 309, 310, 311, 312, 313, 314, 315, 316, 317, 318, 319, 320, 321, 322, 323, 324, 325, 326, 327, 328, 329, 330, 331, 332, 333, 334, 335, 336, 337, 376, 485, 491, 493, 495, 499, 503, 504, 506, 508, 515, 518, 519, 521, 524, 526, 528, 533, 537, 539, 542, 543, 547, 548, 549, 550, 551, 553, 554, 556, 558, 559, 563, 564, 566, 567, 570, 571, 572, 574, 575, 576, 577, 578, 579, 580, 581, 582, 583, 584, 585, 586, 587, 588, 589, 590, 591, 592, 593, 594, 595, 596, 597, 598, 599, 600, 601, 602, 603, 604, 605, 606, 607, 608, 609, 610, 611, 612, 613, 614, 615, 616, 617, 618, 619, 620, 621, 622, 623, 624, 625, 626, 627, 628, 629, 630, 631, 632, 633, 634, 635, 636, 637, 638, 639, 640, 641, 642, 643, 644, 645, 646, 647, 648, 649, 650, 651, 652, 653, 654, 655, 656, 657, 658, 659, 660, 661, 662, 663, 664, 665, 666, 667, 668, 669, 670, 671, 672, 673, 674, 675, 676, 677, 678, 679, 680, 681, 682, 683, 684, 685, 686, 687, 688, 689, 690, 691, 692, 693, 694, 695, 696, 697, 698, 699, 700, 701, 702, 703, 704, 705, 706, 707, 708, 709, 710, 711, 712, 713, 714, 715, 716, 717, 718, 719, 720, 721, 722, 723, 724, 725, 726, 727, 728, 729, 730, 731, 732, 733, 734, 735, 736, 737, 738, 739, 740, 741, 742, 743, 744, 745, 746, 747, 748, 749, 750, 751, 752, 753, 754, 755, 756, 757, 758, 759, 760, 761, 762, 763, 764, 765, 766, 767, 768, 769, 770, 771, 772, 773, 774, 775, 776, 777, 778, 779, 780, 781, 782, 783, 784, 785, 786, 787, 788, 789, 790, 791, 792, 793, 826]",False,"[115, 116, 169, 170, 586, 587, 640, 641]","[103, 104, 105, 106, 107, 108, 109, 110, 111, 112, 113, 114, 115, 116, 117, 118, 119, 120, 121, 122, 123, 124, 125, 126, 127, 128, 129, 130, 131, 132, 133, 134, 135, 136, 137, 138, 139, 140, 141, 142, 143, 144, 145, 146, 147, 148, 149, 150, 151, 152, 153, 154, 155, 156, 157, 158, 159, 160, 161, 162, 163, 164, 165, 166, 167, 168, 169, 170, 171, 172, 173, 174, 175, 176, 177, 178, 179, 180, 181, 182, 183, 184, 185, 186, 187, 188, 189, 190, 191, 192, 193, 194, 195, 196, 197, 198, 199, 200, 201, 202, 203, 204, 205, 206, 207, 208, 209, 210, 211, 212, 213, 214, 215, 216, 217, 218, 219, 220, 221, 222, 223, 224, 225, 226, 227, 228, 229, 230, 231, 232, 233, 234, 235, 236, 237, 238, 239, 240, 241, 242, 243, 244, 245, 246, 247, 248, 249, 250, 251, 252, 253, 254, 255, 256, 257, 258, 259, 260, 261, 262, 263, 264, 265, 266, 267, 268, 269, 270, 271, 272, 273, 274, 275, 276, 277, 278, 279, 280, 281, 282, 283, 284, 285, 286, 287, 288, 289, 290, 291, 292, 293, 294, 295, 296, 297, 298, 299, 300, 301, 302, 303, 304, 305, 306, 307, 308, 309, 310, 311, 312, 313, 314, 315, 316, 317, 318, 319, 320, 321, 322, 323, 324, 325, 326, 327, 328, 329, 330, 331, 332, 333, 334, 335, 336, 337, 574, 575, 576, 577, 578, 579, 580, 581, 582, 583, 584, 585, 586, 587, 588, 589, 590, 591, 592, 593, 594, 595, 596, 597, 598, 599, 600, 601, 602, 603, 604, 605, 606, 607, 608, 609, 610, 611, 612, 613, 614, 615, 616, 617, 618, 619, 620, 621, 622, 623, 624, 625, 626, 627, 628, 629, 630, 631, 632, 633, 634, 635, 636, 637, 638, 639, 640, 641, 642, 643, 644, 645, 646, 647, 648, 649, 650, 651, 652, 653, 654, 655, 656, 657, 658, 659, 660, 661, 662, 663, 664, 665, 666, 667, 668, 669, 670, 671, 672, 673, 674, 675, 676, 677, 678, 679, 680, 681, 682, 683, 684, 685, 686, 687, 688, 689, 690, 691, 692, 693, 694, 695, 696, 697, 698, 699, 700, 701, 702, 703, 704, 705, 706, 707, 708, 709, 710, 711, 712, 713, 714, 715, 716, 717, 718, 719, 720, 721, 722, 723, 724, 725, 726, 727, 728, 729, 730, 731, 732, 733, 734, 735, 736, 737, 738, 739, 740, 741, 742, 743, 744, 745, 746, 747, 748, 749, 750, 751, 752, 753, 754, 755, 756, 757, 758, 759, 760, 761, 762, 763, 764, 765, 766, 767, 768, 769, 770, 771, 772, 773, 774, 775, 776, 777, 778, 779, 780, 781, 782, 783, 784, 785, 786, 787, 788, 789, 790, 791, 792, 793]","[115, 116, 161, 169, 170, 244, 303, 586, 587, 633, 640, 641, 761, 792]","[116, 118, 161, 169, 170, 174, 303, 587, 589, 633, 640, 641, 645, 761, 792]","[0, 5, 7, 10, 14, 19, 20, 22, 24, 32, 33, 34, 37, 38, 40, 44, 46, 48, 49, 51, 56, 61, 63, 65, 67, 68, 73, 74, 75, 76, 79, 81, 82, 83, 85, 87, 88, 92, 93, 95, 96, 99, 100, 101, 115, 116, 124, 134, 142, 161, 167, 169, 170, 186, 202, 240, 244, 254, 260, 267, 277, 300, 303, 307, 310, 322, 331, 376, 485, 491, 493, 495, 499, 503, 504, 506, 508, 515, 518, 519, 521, 524, 526, 528, 533, 537, 539, 542, 543, 547, 548, 549, 550, 551, 553, 554, 556, 558, 559, 563, 564, 566, 567, 570, 571, 572, 586, 587, 595, 605, 613, 633, 639, 640, 641, 657, 672, 704, 717, 726, 736, 759, 761, 765, 768, 780, 788, 792, 826]",[],[],7/6 successful match,False,[472],True,735,False,,0.8192307692307692,True,Truck Town Truck & Travel Plaza,
"Needles , 92363 East Side Chevron",760-326-3795 I-40 Exit 144 ( E Broadway ),<U+2610>,Needles,92363,East Side Chevron,760-326-3795,2006,Needles,CA,Chevron,( E Broadway ),I-40 Exit 144 ,Exit,144,False,,False,I-40,,,,,[],"[334, 790]","[334, 790]",[],"[103, 104, 105, 106, 107, 108, 109, 110, 111, 112, 113, 114, 115, 116, 117, 118, 119, 120, 121, 122, 123, 124, 125, 126, 127, 128, 129, 130, 131, 132, 133, 134, 135, 136, 137, 138, 139, 140, 141, 142, 143, 144, 145, 146, 147, 148, 149, 150, 151, 152, 153, 154, 155, 156, 157, 158, 159, 160, 161, 162, 163, 164, 165, 166, 167, 168, 169, 170, 171, 172, 173, 174, 175, 176, 177, 178, 179, 180, 181, 182, 183, 184, 185, 186, 187, 188, 189, 190, 191, 192, 193, 194, 195, 196, 197, 198, 199, 200, 201, 202, 203, 204, 205, 206, 207, 208, 209, 210, 211, 212, 213, 214, 215, 216, 217, 218, 219, 220, 221, 222, 223, 224, 225, 226, 227, 228, 229, 230, 231, 232, 233, 234, 235, 236, 237, 238, 239, 240, 241, 242, 243, 244, 245, 246, 247, 248, 249, 250, 251, 252, 253, 254, 255, 256, 257, 258, 259, 260, 261, 262, 263, 264, 265, 266, 267, 268, 269, 270, 271, 272, 273, 274, 275, 276, 277, 278, 279, 280, 281, 282, 283, 284, 285, 286, 287, 288, 289, 290, 291, 292, 293, 294, 295, 296, 297, 298, 299, 300, 301, 302, 303, 304, 305, 306, 307, 308, 309, 310, 311, 312, 313, 314, 315, 316, 317, 318, 319, 320, 321, 322, 323, 324, 325, 326, 327, 328, 329, 330, 331, 332, 333, 334, 335, 336, 337, 574, 575, 576, 577, 578, 579, 580, 581, 582, 583, 584, 585, 586, 587, 588, 589, 590, 591, 592, 593, 594, 595, 596, 597, 598, 599, 600, 601, 602, 603, 604, 605, 606, 607, 608, 609, 610, 611, 612, 613, 614, 615, 616, 617, 618, 619, 620, 621, 622, 623, 624, 625, 626, 627, 628, 629, 630, 631, 632, 633, 634, 635, 636, 637, 638, 639, 640, 641, 642, 643, 644, 645, 646, 647, 648, 649, 650, 651, 652, 653, 654, 655, 656, 657, 658, 659, 660, 661, 662, 663, 664, 665, 666, 667, 668, 669, 670, 671, 672, 673, 674, 675, 676, 677, 678, 679, 680, 681, 682, 683, 684, 685, 686, 687, 688, 689, 690, 691, 692, 693, 694, 695, 696, 697, 698, 699, 700, 701, 702, 703, 704, 705, 706, 707, 708, 709, 710, 711, 712, 713, 714, 715, 716, 717, 718, 719, 720, 721, 722, 723, 724, 725, 726, 727, 728, 729, 730, 731, 732, 733, 734, 735, 736, 737, 738, 739, 740, 741, 742, 743, 744, 745, 746, 747, 748, 749, 750, 751, 752, 753, 754, 755, 756, 757, 758, 759, 760, 761, 762, 763, 764, 765, 766, 767, 768, 769, 770, 771, 772, 773, 774, 775, 776, 777, 778, 779, 780, 781, 782, 783, 784, 785, 786, 787, 788, 789, 790, 791, 792, 793]","[4, 11, 18, 21, 23, 26, 27, 28, 31, 35, 36, 43, 45, 52, 55, 56, 60, 62, 64, 70, 71, 80, 90, 94, 97, 183, 197, 232, 334, 426, 455, 472, 477, 478, 480, 483, 484, 490, 496, 505, 507, 509, 510, 511, 514, 516, 517, 523, 525, 529, 532, 533, 536, 538, 545, 546, 552, 561, 565, 568, 654, 668, 696, 790, 857, 878, 902, 919, 928, 929, 932, 934, 935]","[12, 24, 25, 28, 88, 100, 104, 119, 123, 129, 136, 137, 139, 140, 141, 148, 155, 169, 172, 179, 183, 185, 188, 196, 198, 217, 237, 267, 270, 278, 319, 321, 324, 325, 330, 334, 335, 354, 366, 369, 380, 383, 384, 386, 395, 407, 411, 423, 428, 436, 437, 452, 453, 456, 467, 471, 477, 478, 479, 497, 508, 511, 559, 571, 575, 590, 594, 600, 607, 608, 610, 611, 612, 619, 627, 640, 643, 650, 654, 656, 659, 667, 669, 685, 701, 726, 729, 737, 777, 779, 782, 783, 787, 790, 791, 809, 817, 819, 830, 833, 834, 836, 845, 856, 857, 860, 862, 875, 880, 887, 888, 899, 900, 914, 918, 921, 928, 929, 930]","[12, 24, 25, 28, 88, 100, 104, 119, 123, 129, 136, 137, 139, 140, 141, 148, 155, 169, 172, 179, 183, 185, 188, 196, 198, 217, 237, 267, 270, 278, 319, 321, 324, 325, 330, 334, 335, 354, 366, 369, 380, 383, 384, 386, 395, 407, 411, 423, 428, 436, 437, 452, 453, 456, 467, 471, 477, 478, 479, 497, 508, 511, 559, 571, 575, 590, 594, 600, 607, 608, 610, 611, 612, 619, 627, 640, 643, 650, 654, 656, 659, 667, 669, 685, 701, 726, 729, 737, 777, 779, 782, 783, 787, 790, 791, 809, 817, 819, 830, 833, 834, 836, 845, 856, 857, 860, 862, 875, 880, 887, 888, 899, 900, 914, 918, 921, 928, 929, 930]","[4, 11, 12, 18, 21, 23, 24, 25, 26, 27, 28, 31, 35, 36, 43, 45, 52, 55, 56, 60, 62, 64, 70, 71, 80, 88, 90, 94, 97, 100, 103, 104, 105, 106, 107, 108, 109, 110, 111, 112, 113, 114, 115, 116, 117, 118, 119, 120, 121, 122, 123, 124, 125, 126, 127, 128, 129, 130, 131, 132, 133, 134, 135, 136, 137, 138, 139, 140, 141, 142, 143, 144, 145, 146, 147, 148, 149, 150, 151, 152, 153, 154, 155, 156, 157, 158, 159, 160, 161, 162, 163, 164, 165, 166, 167, 168, 169, 170, 171, 172, 173, 174, 175, 176, 177, 178, 179, 180, 181, 182, 183, 184, 185, 186, 187, 188, 189, 190, 191, 192, 193, 194, 195, 196, 197, 198, 199, 200, 201, 202, 203, 204, 205, 206, 207, 208, 209, 210, 211, 212, 213, 214, 215, 216, 217, 218, 219, 220, 221, 222, 223, 224, 225, 226, 227, 228, 229, 230, 231, 232, 233, 234, 235, 236, 237, 238, 239, 240, 241, 242, 243, 244, 245, 246, 247, 248, 249, 250, 251, 252, 253, 254, 255, 256, 257, 258, 259, 260, 261, 262, 263, 264, 265, 266, 267, 268, 269, 270, 271, 272, 273, 274, 275, 276, 277, 278, 279, 280, 281, 282, 283, 284, 285, 286, 287, 288, 289, 290, 291, 292, 293, 294, 295, 296, 297, 298, 299, 300, 301, 302, 303, 304, 305, 306, 307, 308, 309, 310, 311, 312, 313, 314, 315, 316, 317, 318, 319, 320, 321, 322, 323, 324, 325, 326, 327, 328, 329, 330, 331, 332, 333, 334, 335, 336, 337, 354, 366, 369, 380, 383, 384, 386, 395, 407, 411, 423, 426, 428, 436, 437, 452, 453, 455, 456, 467, 471, 472, 477, 478, 479, 480, 483, 484, 490, 496, 497, 505, 507, 508, 509, 510, 511, 514, 516, 517, 523, 525, 529, 532, 533, 536, 538, 545, 546, 552, 559, 561, 565, 568, 571, 574, 575, 576, 577, 578, 579, 580, 581, 582, 583, 584, 585, 586, 587, 588, 589, 590, 591, 592, 593, 594, 595, 596, 597, 598, 599, 600, 601, 602, 603, 604, 605, 606, 607, 608, 609, 610, 611, 612, 613, 614, 615, 616, 617, 618, 619, 620, 621, 622, 623, 624, 625, 626, 627, 628, 629, 630, 631, 632, 633, 634, 635, 636, 637, 638, 639, 640, 641, 642, 643, 644, 645, 646, 647, 648, 649, 650, 651, 652, 653, 654, 655, 656, 657, 658, 659, 660, 661, 662, 663, 664, 665, 666, 667, 668, 669, 670, 671, 672, 673, 674, 675, 676, 677, 678, 679, 680, 681, 682, 683, 684, 685, 686, 687, 688, 689, 690, 691, 692, 693, 694, 695, 696, 697, 698, 699, 700, 701, 702, 703, 704, 705, 706, 707, 708, 709, 710, 711, 712, 713, 714, 715, 716, 717, 718, 719, 720, 721, 722, 723, 724, 725, 726, 727, 728, 729, 730, 731, 732, 733, 734, 735, 736, 737, 738, 739, 740, 741, 742, 743, 744, 745, 746, 747, 748, 749, 750, 751, 752, 753, 754, 755, 756, 757, 758, 759, 760, 761, 762, 763, 764, 765, 766, 767, 768, 769, 770, 771, 772, 773, 774, 775, 776, 777, 778, 779, 780, 781, 782, 783, 784, 785, 786, 787, 788, 789, 790, 791, 792, 793, 809, 817, 819, 830, 833, 834, 836, 845, 856, 857, 860, 862, 875, 878, 880, 887, 888, 899, 900, 902, 914, 918, 919, 921, 928, 929, 930, 932, 934, 935]",False,"[334, 790]","[103, 104, 105, 106, 107, 108, 109, 110, 111, 112, 113, 114, 115, 116, 117, 118, 119, 120, 121, 122, 123, 124, 125, 126, 127, 128, 129, 130, 131, 132, 133, 134, 135, 136, 137, 138, 139, 140, 141, 142, 143, 144, 145, 146, 147, 148, 149, 150, 151, 152, 153, 154, 155, 156, 157, 158, 159, 160, 161, 162, 163, 164, 165, 166, 167, 168, 169, 170, 171, 172, 173, 174, 175, 176, 177, 178, 179, 180, 181, 182, 183, 184, 185, 186, 187, 188, 189, 190, 191, 192, 193, 194, 195, 196, 197, 198, 199, 200, 201, 202, 203, 204, 205, 206, 207, 208, 209, 210, 211, 212, 213, 214, 215, 216, 217, 218, 219, 220, 221, 222, 223, 224, 225, 226, 227, 228, 229, 230, 231, 232, 233, 234, 235, 236, 237, 238, 239, 240, 241, 242, 243, 244, 245, 246, 247, 248, 249, 250, 251, 252, 253, 254, 255, 256, 257, 258, 259, 260, 261, 262, 263, 264, 265, 266, 267, 268, 269, 270, 271, 272, 273, 274, 275, 276, 277, 278, 279, 280, 281, 282, 283, 284, 285, 286, 287, 288, 289, 290, 291, 292, 293, 294, 295, 296, 297, 298, 299, 300, 301, 302, 303, 304, 305, 306, 307, 308, 309, 310, 311, 312, 313, 314, 315, 316, 317, 318, 319, 320, 321, 322, 323, 324, 325, 326, 327, 328, 329, 330, 331, 332, 333, 334, 335, 336, 337, 574, 575, 576, 577, 578, 579, 580, 581, 582, 583, 584, 585, 586, 587, 588, 589, 590, 591, 592, 593, 594, 595, 596, 597, 598, 599, 600, 601, 602, 603, 604, 605, 606, 607, 608, 609, 610, 611, 612, 613, 614, 615, 616, 617, 618, 619, 620, 621, 622, 623, 624, 625, 626, 627, 628, 629, 630, 631, 632, 633, 634, 635, 636, 637, 638, 639, 640, 641, 642, 643, 644, 645, 646, 647, 648, 649, 650, 651, 652, 653, 654, 655, 656, 657, 658, 659, 660, 661, 662, 663, 664, 665, 666, 667, 668, 669, 670, 671, 672, 673, 674, 675, 676, 677, 678, 679, 680, 681, 682, 683, 684, 685, 686, 687, 688, 689, 690, 691, 692, 693, 694, 695, 696, 697, 698, 699, 700, 701, 702, 703, 704, 705, 706, 707, 708, 709, 710, 711, 712, 713, 714, 715, 716, 717, 718, 719, 720, 721, 722, 723, 724, 725, 726, 727, 728, 729, 730, 731, 732, 733, 734, 735, 736, 737, 738, 739, 740, 741, 742, 743, 744, 745, 746, 747, 748, 749, 750, 751, 752, 753, 754, 755, 756, 757, 758, 759, 760, 761, 762, 763, 764, 765, 766, 767, 768, 769, 770, 771, 772, 773, 774, 775, 776, 777, 778, 779, 780, 781, 782, 783, 784, 785, 786, 787, 788, 789, 790, 791, 792, 793]","[334, 790]",[],"[4, 11, 18, 21, 23, 26, 27, 28, 31, 35, 36, 43, 45, 52, 55, 56, 60, 62, 64, 70, 71, 80, 90, 94, 97, 183, 197, 232, 334, 426, 455, 472, 477, 478, 480, 483, 484, 490, 496, 505, 507, 509, 510, 511, 514, 516, 517, 523, 525, 529, 532, 533, 536, 538, 545, 546, 552, 561, 565, 568, 654, 668, 696, 790, 857, 878, 902, 919, 928, 929, 932, 934, 935]","[12, 24, 25, 28, 88, 100, 104, 119, 123, 129, 136, 137, 139, 140, 141, 148, 155, 169, 172, 179, 183, 185, 188, 196, 198, 217, 237, 267, 270, 278, 319, 321, 324, 325, 330, 334, 335, 354, 366, 369, 380, 383, 384, 386, 395, 407, 411, 423, 428, 436, 437, 452, 453, 456, 467, 471, 477, 478, 479, 497, 508, 511, 559, 571, 575, 590, 594, 600, 607, 608, 610, 611, 612, 619, 627, 640, 643, 650, 654, 656, 659, 667, 669, 685, 701, 726, 729, 737, 777, 779, 782, 783, 787, 790, 791, 809, 817, 819, 830, 833, 834, 836, 845, 856, 857, 860, 862, 875, 880, 887, 888, 899, 900, 914, 918, 921, 928, 929, 930]","[12, 24, 25, 28, 88, 100, 104, 119, 123, 129, 136, 137, 139, 140, 141, 148, 155, 169, 172, 179, 183, 185, 188, 196, 198, 217, 237, 267, 270, 278, 319, 321, 324, 325, 330, 334, 335, 354, 366, 369, 380, 383, 384, 386, 395, 407, 411, 423, 428, 436, 437, 452, 453, 456, 467, 471, 477, 478, 479, 497, 508, 511, 559, 571, 575, 590, 594, 600, 607, 608, 610, 611, 612, 619, 627, 640, 643, 650, 654, 656, 659, 667, 669, 685, 701, 726, 729, 737, 777, 779, 782, 783, 787, 790, 791, 809, 817, 819, 830, 833, 834, 836, 845, 856, 857, 860, 862, 875, 880, 887, 888, 899, 900, 914, 918, 921, 928, 929, 930]",7/6 successful match,False,[205],True,736,False,,,,,
"Needles , 92363 East Side Chevron )",760-326-3795 I-40 Exit 144 ( E,0,Needles,92363,East Side Chevron ),760-326-3795,2007,Needles,CA,Chevron,( E,I-40 Exit 144 ,Exit,144,False,,False,I-40,,,,,[],"[334, 790]","[334, 790]",[],"[103, 104, 105, 106, 107, 108, 109, 110, 111, 112, 113, 114, 115, 116, 117, 118, 119, 120, 121, 122, 123, 124, 125, 126, 127, 128, 129, 130, 131, 132, 133, 134, 135, 136, 137, 138, 139, 140, 141, 142, 143, 144, 145, 146, 147, 148, 149, 150, 151, 152, 153, 154, 155, 156, 157, 158, 159, 160, 161, 162, 163, 164, 165, 166, 167, 168, 169, 170, 171, 172, 173, 174, 175, 176, 177, 178, 179, 180, 181, 182, 183, 184, 185, 186, 187, 188, 189, 190, 191, 192, 193, 194, 195, 196, 197, 198, 199, 200, 201, 202, 203, 204, 205, 206, 207, 208, 209, 210, 211, 212, 213, 214, 215, 216, 217, 218, 219, 220, 221, 222, 223, 224, 225, 226, 227, 228, 229, 230, 231, 232, 233, 234, 235, 236, 237, 238, 239, 240, 241, 242, 243, 244, 245, 246, 247, 248, 249, 250, 251, 252, 253, 254, 255, 256, 257, 258, 259, 260, 261, 262, 263, 264, 265, 266, 267, 268, 269, 270, 271, 272, 273, 274, 275, 276, 277, 278, 279, 280, 281, 282, 283, 284, 285, 286, 287, 288, 289, 290, 291, 292, 293, 294, 295, 296, 297, 298, 299, 300, 301, 302, 303, 304, 305, 306, 307, 308, 309, 310, 311, 312, 313, 314, 315, 316, 317, 318, 319, 320, 321, 322, 323, 324, 325, 326, 327, 328, 329, 330, 331, 332, 333, 334, 335, 336, 337, 574, 575, 576, 577, 578, 579, 580, 581, 582, 583, 584, 585, 586, 587, 588, 589, 590, 591, 592, 593, 594, 595, 596, 597, 598, 599, 600, 601, 602, 603, 604, 605, 606, 607, 608, 609, 610, 611, 612, 613, 614, 615, 616, 617, 618, 619, 620, 621, 622, 623, 624, 625, 626, 627, 628, 629, 630, 631, 632, 633, 634, 635, 636, 637, 638, 639, 640, 641, 642, 643, 644, 645, 646, 647, 648, 649, 650, 651, 652, 653, 654, 655, 656, 657, 658, 659, 660, 661, 662, 663, 664, 665, 666, 667, 668, 669, 670, 671, 672, 673, 674, 675, 676, 677, 678, 679, 680, 681, 682, 683, 684, 685, 686, 687, 688, 689, 690, 691, 692, 693, 694, 695, 696, 697, 698, 699, 700, 701, 702, 703, 704, 705, 706, 707, 708, 709, 710, 711, 712, 713, 714, 715, 716, 717, 718, 719, 720, 721, 722, 723, 724, 725, 726, 727, 728, 729, 730, 731, 732, 733, 734, 735, 736, 737, 738, 739, 740, 741, 742, 743, 744, 745, 746, 747, 748, 749, 750, 751, 752, 753, 754, 755, 756, 757, 758, 759, 760, 761, 762, 763, 764, 765, 766, 767, 768, 769, 770, 771, 772, 773, 774, 775, 776, 777, 778, 779, 780, 781, 782, 783, 784, 785, 786, 787, 788, 789, 790, 791, 792, 793]","[4, 11, 18, 21, 23, 26, 27, 28, 31, 35, 36, 43, 45, 52, 55, 56, 60, 62, 64, 70, 71, 80, 90, 94, 97, 183, 197, 232, 334, 426, 455, 472, 477, 478, 480, 483, 484, 490, 496, 505, 507, 509, 510, 511, 514, 516, 517, 523, 525, 529, 532, 533, 536, 538, 545, 546, 552, 561, 565, 568, 654, 668, 696, 790, 857, 878, 902, 919, 928, 929, 932, 934, 935]","[12, 24, 25, 28, 88, 100, 104, 119, 123, 129, 136, 137, 139, 140, 141, 148, 155, 169, 172, 179, 183, 185, 188, 196, 198, 217, 237, 267, 270, 278, 319, 321, 324, 325, 330, 334, 335, 354, 366, 369, 380, 383, 384, 386, 395, 407, 411, 423, 428, 436, 437, 452, 453, 456, 467, 471, 477, 478, 479, 497, 508, 511, 559, 571, 575, 590, 594, 600, 607, 608, 610, 611, 612, 619, 627, 640, 643, 650, 654, 656, 659, 667, 669, 685, 701, 726, 729, 737, 777, 779, 782, 783, 787, 790, 791, 809, 817, 819, 830, 833, 834, 836, 845, 856, 857, 860, 862, 875, 880, 887, 888, 899, 900, 914, 918, 921, 928, 929, 930]","[12, 24, 25, 28, 88, 100, 104, 119, 123, 129, 136, 137, 139, 140, 141, 148, 155, 169, 172, 179, 183, 185, 188, 196, 198, 217, 237, 267, 270, 278, 319, 321, 324, 325, 330, 334, 335, 354, 366, 369, 380, 383, 384, 386, 395, 407, 411, 423, 428, 436, 437, 452, 453, 456, 467, 471, 477, 478, 479, 497, 508, 511, 559, 571, 575, 590, 594, 600, 607, 608, 610, 611, 612, 619, 627, 640, 643, 650, 654, 656, 659, 667, 669, 685, 701, 726, 729, 737, 777, 779, 782, 783, 787, 790, 791, 809, 817, 819, 830, 833, 834, 836, 845, 856, 857, 860, 862, 875, 880, 887, 888, 899, 900, 914, 918, 921, 928, 929, 930]","[4, 11, 12, 18, 21, 23, 24, 25, 26, 27, 28, 31, 35, 36, 43, 45, 52, 55, 56, 60, 62, 64, 70, 71, 80, 88, 90, 94, 97, 100, 103, 104, 105, 106, 107, 108, 109, 110, 111, 112, 113, 114, 115, 116, 117, 118, 119, 120, 121, 122, 123, 124, 125, 126, 127, 128, 129, 130, 131, 132, 133, 134, 135, 136, 137, 138, 139, 140, 141, 142, 143, 144, 145, 146, 147, 148, 149, 150, 151, 152, 153, 154, 155, 156, 157, 158, 159, 160, 161, 162, 163, 164, 165, 166, 167, 168, 169, 170, 171, 172, 173, 174, 175, 176, 177, 178, 179, 180, 181, 182, 183, 184, 185, 186, 187, 188, 189, 190, 191, 192, 193, 194, 195, 196, 197, 198, 199, 200, 201, 202, 203, 204, 205, 206, 207, 208, 209, 210, 211, 212, 213, 214, 215, 216, 217, 218, 219, 220, 221, 222, 223, 224, 225, 226, 227, 228, 229, 230, 231, 232, 233, 234, 235, 236, 237, 238, 239, 240, 241, 242, 243, 244, 245, 246, 247, 248, 249, 250, 251, 252, 253, 254, 255, 256, 257, 258, 259, 260, 261, 262, 263, 264, 265, 266, 267, 268, 269, 270, 271, 272, 273, 274, 275, 276, 277, 278, 279, 280, 281, 282, 283, 284, 285, 286, 287, 288, 289, 290, 291, 292, 293, 294, 295, 296, 297, 298, 299, 300, 301, 302, 303, 304, 305, 306, 307, 308, 309, 310, 311, 312, 313, 314, 315, 316, 317, 318, 319, 320, 321, 322, 323, 324, 325, 326, 327, 328, 329, 330, 331, 332, 333, 334, 335, 336, 337, 354, 366, 369, 380, 383, 384, 386, 395, 407, 411, 423, 426, 428, 436, 437, 452, 453, 455, 456, 467, 471, 472, 477, 478, 479, 480, 483, 484, 490, 496, 497, 505, 507, 508, 509, 510, 511, 514, 516, 517, 523, 525, 529, 532, 533, 536, 538, 545, 546, 552, 559, 561, 565, 568, 571, 574, 575, 576, 577, 578, 579, 580, 581, 582, 583, 584, 585, 586, 587, 588, 589, 590, 591, 592, 593, 594, 595, 596, 597, 598, 599, 600, 601, 602, 603, 604, 605, 606, 607, 608, 609, 610, 611, 612, 613, 614, 615, 616, 617, 618, 619, 620, 621, 622, 623, 624, 625, 626, 627, 628, 629, 630, 631, 632, 633, 634, 635, 636, 637, 638, 639, 640, 641, 642, 643, 644, 645, 646, 647, 648, 649, 650, 651, 652, 653, 654, 655, 656, 657, 658, 659, 660, 661, 662, 663, 664, 665, 666, 667, 668, 669, 670, 671, 672, 673, 674, 675, 676, 677, 678, 679, 680, 681, 682, 683, 684, 685, 686, 687, 688, 689, 690, 691, 692, 693, 694, 695, 696, 697, 698, 699, 700, 701, 702, 703, 704, 705, 706, 707, 708, 709, 710, 711, 712, 713, 714, 715, 716, 717, 718, 719, 720, 721, 722, 723, 724, 725, 726, 727, 728, 729, 730, 731, 732, 733, 734, 735, 736, 737, 738, 739, 740, 741, 742, 743, 744, 745, 746, 747, 748, 749, 750, 751, 752, 753, 754, 755, 756, 757, 758, 759, 760, 761, 762, 763, 764, 765, 766, 767, 768, 769, 770, 771, 772, 773, 774, 775, 776, 777, 778, 779, 780, 781, 782, 783, 784, 785, 786, 787, 788, 789, 790, 791, 792, 793, 809, 817, 819, 830, 833, 834, 836, 845, 856, 857, 860, 862, 875, 878, 880, 887, 888, 899, 900, 902, 914, 918, 919, 921, 928, 929, 930, 932, 934, 935]",False,"[334, 790]","[103, 104, 105, 106, 107, 108, 109, 110, 111, 112, 113, 114, 115, 116, 117, 118, 119, 120, 121, 122, 123, 124, 125, 126, 127, 128, 129, 130, 131, 132, 133, 134, 135, 136, 137, 138, 139, 140, 141, 142, 143, 144, 145, 146, 147, 148, 149, 150, 151, 152, 153, 154, 155, 156, 157, 158, 159, 160, 161, 162, 163, 164, 165, 166, 167, 168, 169, 170, 171, 172, 173, 174, 175, 176, 177, 178, 179, 180, 181, 182, 183, 184, 185, 186, 187, 188, 189, 190, 191, 192, 193, 194, 195, 196, 197, 198, 199, 200, 201, 202, 203, 204, 205, 206, 207, 208, 209, 210, 211, 212, 213, 214, 215, 216, 217, 218, 219, 220, 221, 222, 223, 224, 225, 226, 227, 228, 229, 230, 231, 232, 233, 234, 235, 236, 237, 238, 239, 240, 241, 242, 243, 244, 245, 246, 247, 248, 249, 250, 251, 252, 253, 254, 255, 256, 257, 258, 259, 260, 261, 262, 263, 264, 265, 266, 267, 268, 269, 270, 271, 272, 273, 274, 275, 276, 277, 278, 279, 280, 281, 282, 283, 284, 285, 286, 287, 288, 289, 290, 291, 292, 293, 294, 295, 296, 297, 298, 299, 300, 301, 302, 303, 304, 305, 306, 307, 308, 309, 310, 311, 312, 313, 314, 315, 316, 317, 318, 319, 320, 321, 322, 323, 324, 325, 326, 327, 328, 329, 330, 331, 332, 333, 334, 335, 336, 337, 574, 575, 576, 577, 578, 579, 580, 581, 582, 583, 584, 585, 586, 587, 588, 589, 590, 591, 592, 593, 594, 595, 596, 597, 598, 599, 600, 601, 602, 603, 604, 605, 606, 607, 608, 609, 610, 611, 612, 613, 614, 615, 616, 617, 618, 619, 620, 621, 622, 623, 624, 625, 626, 627, 628, 629, 630, 631, 632, 633, 634, 635, 636, 637, 638, 639, 640, 641, 642, 643, 644, 645, 646, 647, 648, 649, 650, 651, 652, 653, 654, 655, 656, 657, 658, 659, 660, 661, 662, 663, 664, 665, 666, 667, 668, 669, 670, 671, 672, 673, 674, 675, 676, 677, 678, 679, 680, 681, 682, 683, 684, 685, 686, 687, 688, 689, 690, 691, 692, 693, 694, 695, 696, 697, 698, 699, 700, 701, 702, 703, 704, 705, 706, 707, 708, 709, 710, 711, 712, 713, 714, 715, 716, 717, 718, 719, 720, 721, 722, 723, 724, 725, 726, 727, 728, 729, 730, 731, 732, 733, 734, 735, 736, 737, 738, 739, 740, 741, 742, 743, 744, 745, 746, 747, 748, 749, 750, 751, 752, 753, 754, 755, 756, 757, 758, 759, 760, 761, 762, 763, 764, 765, 766, 767, 768, 769, 770, 771, 772, 773, 774, 775, 776, 777, 778, 779, 780, 781, 782, 783, 784, 785, 786, 787, 788, 789, 790, 791, 792, 793]","[334, 790]",[],"[4, 11, 18, 21, 23, 26, 27, 28, 31, 35, 36, 43, 45, 52, 55, 56, 60, 62, 64, 70, 71, 80, 90, 94, 97, 183, 197, 232, 334, 426, 455, 472, 477, 478, 480, 483, 484, 490, 496, 505, 507, 509, 510, 511, 514, 516, 517, 523, 525, 529, 532, 533, 536, 538, 545, 546, 552, 561, 565, 568, 654, 668, 696, 790, 857, 878, 902, 919, 928, 929, 932, 934, 935]","[12, 24, 25, 28, 88, 100, 104, 119, 123, 129, 136, 137, 139, 140, 141, 148, 155, 169, 172, 179, 183, 185, 188, 196, 198, 217, 237, 267, 270, 278, 319, 321, 324, 325, 330, 334, 335, 354, 366, 369, 380, 383, 384, 386, 395, 407, 411, 423, 428, 436, 437, 452, 453, 456, 467, 471, 477, 478, 479, 497, 508, 511, 559, 571, 575, 590, 594, 600, 607, 608, 610, 611, 612, 619, 627, 640, 643, 650, 654, 656, 659, 667, 669, 685, 701, 726, 729, 737, 777, 779, 782, 783, 787, 790, 791, 809, 817, 819, 830, 833, 834, 836, 845, 856, 857, 860, 862, 875, 880, 887, 888, 899, 900, 914, 918, 921, 928, 929, 930]","[12, 24, 25, 28, 88, 100, 104, 119, 123, 129, 136, 137, 139, 140, 141, 148, 155, 169, 172, 179, 183, 185, 188, 196, 198, 217, 237, 267, 270, 278, 319, 321, 324, 325, 330, 334, 335, 354, 366, 369, 380, 383, 384, 386, 395, 407, 411, 423, 428, 436, 437, 452, 453, 456, 467, 471, 477, 478, 479, 497, 508, 511, 559, 571, 575, 590, 594, 600, 607, 608, 610, 611, 612, 619, 627, 640, 643, 650, 654, 656, 659, 667, 669, 685, 701, 726, 729, 737, 777, 779, 782, 783, 787, 790, 791, 809, 817, 819, 830, 833, 834, 836, 845, 856, 857, 860, 862, 875, 880, 887, 888, 899, 900, 914, 918, 921, 928, 929, 930]",7/6 successful match,False,[205],True,736,False,,1.0,True,East Side Chevron,Chevron
"Needles , 92363 East Side Chevron",760-326-3795 I-40 Exit 144 ( E Broadway ),<U+2610> S 00 <U+2610> <U+2610>,Needles,92363,East Side Chevron,760-326-3795,2008,Needles,CA,Chevron,( E Broadway ),I-40 Exit 144 ,Exit,144,False,,False,I-40,,,,,[],"[334, 790]","[334, 790]",[],"[103, 104, 105, 106, 107, 108, 109, 110, 111, 112, 113, 114, 115, 116, 117, 118, 119, 120, 121, 122, 123, 124, 125, 126, 127, 128, 129, 130, 131, 132, 133, 134, 135, 136, 137, 138, 139, 140, 141, 142, 143, 144, 145, 146, 147, 148, 149, 150, 151, 152, 153, 154, 155, 156, 157, 158, 159, 160, 161, 162, 163, 164, 165, 166, 167, 168, 169, 170, 171, 172, 173, 174, 175, 176, 177, 178, 179, 180, 181, 182, 183, 184, 185, 186, 187, 188, 189, 190, 191, 192, 193, 194, 195, 196, 197, 198, 199, 200, 201, 202, 203, 204, 205, 206, 207, 208, 209, 210, 211, 212, 213, 214, 215, 216, 217, 218, 219, 220, 221, 222, 223, 224, 225, 226, 227, 228, 229, 230, 231, 232, 233, 234, 235, 236, 237, 238, 239, 240, 241, 242, 243, 244, 245, 246, 247, 248, 249, 250, 251, 252, 253, 254, 255, 256, 257, 258, 259, 260, 261, 262, 263, 264, 265, 266, 267, 268, 269, 270, 271, 272, 273, 274, 275, 276, 277, 278, 279, 280, 281, 282, 283, 284, 285, 286, 287, 288, 289, 290, 291, 292, 293, 294, 295, 296, 297, 298, 299, 300, 301, 302, 303, 304, 305, 306, 307, 308, 309, 310, 311, 312, 313, 314, 315, 316, 317, 318, 319, 320, 321, 322, 323, 324, 325, 326, 327, 328, 329, 330, 331, 332, 333, 334, 335, 336, 337, 574, 575, 576, 577, 578, 579, 580, 581, 582, 583, 584, 585, 586, 587, 588, 589, 590, 591, 592, 593, 594, 595, 596, 597, 598, 599, 600, 601, 602, 603, 604, 605, 606, 607, 608, 609, 610, 611, 612, 613, 614, 615, 616, 617, 618, 619, 620, 621, 622, 623, 624, 625, 626, 627, 628, 629, 630, 631, 632, 633, 634, 635, 636, 637, 638, 639, 640, 641, 642, 643, 644, 645, 646, 647, 648, 649, 650, 651, 652, 653, 654, 655, 656, 657, 658, 659, 660, 661, 662, 663, 664, 665, 666, 667, 668, 669, 670, 671, 672, 673, 674, 675, 676, 677, 678, 679, 680, 681, 682, 683, 684, 685, 686, 687, 688, 689, 690, 691, 692, 693, 694, 695, 696, 697, 698, 699, 700, 701, 702, 703, 704, 705, 706, 707, 708, 709, 710, 711, 712, 713, 714, 715, 716, 717, 718, 719, 720, 721, 722, 723, 724, 725, 726, 727, 728, 729, 730, 731, 732, 733, 734, 735, 736, 737, 738, 739, 740, 741, 742, 743, 744, 745, 746, 747, 748, 749, 750, 751, 752, 753, 754, 755, 756, 757, 758, 759, 760, 761, 762, 763, 764, 765, 766, 767, 768, 769, 770, 771, 772, 773, 774, 775, 776, 777, 778, 779, 780, 781, 782, 783, 784, 785, 786, 787, 788, 789, 790, 791, 792, 793]","[4, 11, 18, 21, 23, 26, 27, 28, 31, 35, 36, 43, 45, 52, 55, 56, 60, 62, 64, 70, 71, 80, 90, 94, 97, 183, 197, 232, 334, 426, 455, 472, 477, 478, 480, 483, 484, 490, 496, 505, 507, 509, 510, 511, 514, 516, 517, 523, 525, 529, 532, 533, 536, 538, 545, 546, 552, 561, 565, 568, 654, 668, 696, 790, 857, 878, 902, 919, 928, 929, 932, 934, 935]","[12, 24, 25, 28, 88, 100, 104, 119, 123, 129, 136, 137, 139, 140, 141, 148, 155, 169, 172, 179, 183, 185, 188, 196, 198, 217, 237, 267, 270, 278, 319, 321, 324, 325, 330, 334, 335, 354, 366, 369, 380, 383, 384, 386, 395, 407, 411, 423, 428, 436, 437, 452, 453, 456, 467, 471, 477, 478, 479, 497, 508, 511, 559, 571, 575, 590, 594, 600, 607, 608, 610, 611, 612, 619, 627, 640, 643, 650, 654, 656, 659, 667, 669, 685, 701, 726, 729, 737, 777, 779, 782, 783, 787, 790, 791, 809, 817, 819, 830, 833, 834, 836, 845, 856, 857, 860, 862, 875, 880, 887, 888, 899, 900, 914, 918, 921, 928, 929, 930]","[12, 24, 25, 28, 88, 100, 104, 119, 123, 129, 136, 137, 139, 140, 141, 148, 155, 169, 172, 179, 183, 185, 188, 196, 198, 217, 237, 267, 270, 278, 319, 321, 324, 325, 330, 334, 335, 354, 366, 369, 380, 383, 384, 386, 395, 407, 411, 423, 428, 436, 437, 452, 453, 456, 467, 471, 477, 478, 479, 497, 508, 511, 559, 571, 575, 590, 594, 600, 607, 608, 610, 611, 612, 619, 627, 640, 643, 650, 654, 656, 659, 667, 669, 685, 701, 726, 729, 737, 777, 779, 782, 783, 787, 790, 791, 809, 817, 819, 830, 833, 834, 836, 845, 856, 857, 860, 862, 875, 880, 887, 888, 899, 900, 914, 918, 921, 928, 929, 930]","[4, 11, 12, 18, 21, 23, 24, 25, 26, 27, 28, 31, 35, 36, 43, 45, 52, 55, 56, 60, 62, 64, 70, 71, 80, 88, 90, 94, 97, 100, 103, 104, 105, 106, 107, 108, 109, 110, 111, 112, 113, 114, 115, 116, 117, 118, 119, 120, 121, 122, 123, 124, 125, 126, 127, 128, 129, 130, 131, 132, 133, 134, 135, 136, 137, 138, 139, 140, 141, 142, 143, 144, 145, 146, 147, 148, 149, 150, 151, 152, 153, 154, 155, 156, 157, 158, 159, 160, 161, 162, 163, 164, 165, 166, 167, 168, 169, 170, 171, 172, 173, 174, 175, 176, 177, 178, 179, 180, 181, 182, 183, 184, 185, 186, 187, 188, 189, 190, 191, 192, 193, 194, 195, 196, 197, 198, 199, 200, 201, 202, 203, 204, 205, 206, 207, 208, 209, 210, 211, 212, 213, 214, 215, 216, 217, 218, 219, 220, 221, 222, 223, 224, 225, 226, 227, 228, 229, 230, 231, 232, 233, 234, 235, 236, 237, 238, 239, 240, 241, 242, 243, 244, 245, 246, 247, 248, 249, 250, 251, 252, 253, 254, 255, 256, 257, 258, 259, 260, 261, 262, 263, 264, 265, 266, 267, 268, 269, 270, 271, 272, 273, 274, 275, 276, 277, 278, 279, 280, 281, 282, 283, 284, 285, 286, 287, 288, 289, 290, 291, 292, 293, 294, 295, 296, 297, 298, 299, 300, 301, 302, 303, 304, 305, 306, 307, 308, 309, 310, 311, 312, 313, 314, 315, 316, 317, 318, 319, 320, 321, 322, 323, 324, 325, 326, 327, 328, 329, 330, 331, 332, 333, 334, 335, 336, 337, 354, 366, 369, 380, 383, 384, 386, 395, 407, 411, 423, 426, 428, 436, 437, 452, 453, 455, 456, 467, 471, 472, 477, 478, 479, 480, 483, 484, 490, 496, 497, 505, 507, 508, 509, 510, 511, 514, 516, 517, 523, 525, 529, 532, 533, 536, 538, 545, 546, 552, 559, 561, 565, 568, 571, 574, 575, 576, 577, 578, 579, 580, 581, 582, 583, 584, 585, 586, 587, 588, 589, 590, 591, 592, 593, 594, 595, 596, 597, 598, 599, 600, 601, 602, 603, 604, 605, 606, 607, 608, 609, 610, 611, 612, 613, 614, 615, 616, 617, 618, 619, 620, 621, 622, 623, 624, 625, 626, 627, 628, 629, 630, 631, 632, 633, 634, 635, 636, 637, 638, 639, 640, 641, 642, 643, 644, 645, 646, 647, 648, 649, 650, 651, 652, 653, 654, 655, 656, 657, 658, 659, 660, 661, 662, 663, 664, 665, 666, 667, 668, 669, 670, 671, 672, 673, 674, 675, 676, 677, 678, 679, 680, 681, 682, 683, 684, 685, 686, 687, 688, 689, 690, 691, 692, 693, 694, 695, 696, 697, 698, 699, 700, 701, 702, 703, 704, 705, 706, 707, 708, 709, 710, 711, 712, 713, 714, 715, 716, 717, 718, 719, 720, 721, 722, 723, 724, 725, 726, 727, 728, 729, 730, 731, 732, 733, 734, 735, 736, 737, 738, 739, 740, 741, 742, 743, 744, 745, 746, 747, 748, 749, 750, 751, 752, 753, 754, 755, 756, 757, 758, 759, 760, 761, 762, 763, 764, 765, 766, 767, 768, 769, 770, 771, 772, 773, 774, 775, 776, 777, 778, 779, 780, 781, 782, 783, 784, 785, 786, 787, 788, 789, 790, 791, 792, 793, 809, 817, 819, 830, 833, 834, 836, 845, 856, 857, 860, 862, 875, 878, 880, 887, 888, 899, 900, 902, 914, 918, 919, 921, 928, 929, 930, 932, 934, 935]",False,"[334, 790]","[103, 104, 105, 106, 107, 108, 109, 110, 111, 112, 113, 114, 115, 116, 117, 118, 119, 120, 121, 122, 123, 124, 125, 126, 127, 128, 129, 130, 131, 132, 133, 134, 135, 136, 137, 138, 139, 140, 141, 142, 143, 144, 145, 146, 147, 148, 149, 150, 151, 152, 153, 154, 155, 156, 157, 158, 159, 160, 161, 162, 163, 164, 165, 166, 167, 168, 169, 170, 171, 172, 173, 174, 175, 176, 177, 178, 179, 180, 181, 182, 183, 184, 185, 186, 187, 188, 189, 190, 191, 192, 193, 194, 195, 196, 197, 198, 199, 200, 201, 202, 203, 204, 205, 206, 207, 208, 209, 210, 211, 212, 213, 214, 215, 216, 217, 218, 219, 220, 221, 222, 223, 224, 225, 226, 227, 228, 229, 230, 231, 232, 233, 234, 235, 236, 237, 238, 239, 240, 241, 242, 243, 244, 245, 246, 247, 248, 249, 250, 251, 252, 253, 254, 255, 256, 257, 258, 259, 260, 261, 262, 263, 264, 265, 266, 267, 268, 269, 270, 271, 272, 273, 274, 275, 276, 277, 278, 279, 280, 281, 282, 283, 284, 285, 286, 287, 288, 289, 290, 291, 292, 293, 294, 295, 296, 297, 298, 299, 300, 301, 302, 303, 304, 305, 306, 307, 308, 309, 310, 311, 312, 313, 314, 315, 316, 317, 318, 319, 320, 321, 322, 323, 324, 325, 326, 327, 328, 329, 330, 331, 332, 333, 334, 335, 336, 337, 574, 575, 576, 577, 578, 579, 580, 581, 582, 583, 584, 585, 586, 587, 588, 589, 590, 591, 592, 593, 594, 595, 596, 597, 598, 599, 600, 601, 602, 603, 604, 605, 606, 607, 608, 609, 610, 611, 612, 613, 614, 615, 616, 617, 618, 619, 620, 621, 622, 623, 624, 625, 626, 627, 628, 629, 630, 631, 632, 633, 634, 635, 636, 637, 638, 639, 640, 641, 642, 643, 644, 645, 646, 647, 648, 649, 650, 651, 652, 653, 654, 655, 656, 657, 658, 659, 660, 661, 662, 663, 664, 665, 666, 667, 668, 669, 670, 671, 672, 673, 674, 675, 676, 677, 678, 679, 680, 681, 682, 683, 684, 685, 686, 687, 688, 689, 690, 691, 692, 693, 694, 695, 696, 697, 698, 699, 700, 701, 702, 703, 704, 705, 706, 707, 708, 709, 710, 711, 712, 713, 714, 715, 716, 717, 718, 719, 720, 721, 722, 723, 724, 725, 726, 727, 728, 729, 730, 731, 732, 733, 734, 735, 736, 737, 738, 739, 740, 741, 742, 743, 744, 745, 746, 747, 748, 749, 750, 751, 752, 753, 754, 755, 756, 757, 758, 759, 760, 761, 762, 763, 764, 765, 766, 767, 768, 769, 770, 771, 772, 773, 774, 775, 776, 777, 778, 779, 780, 781, 782, 783, 784, 785, 786, 787, 788, 789, 790, 791, 792, 793]","[334, 790]",[],"[4, 11, 18, 21, 23, 26, 27, 28, 31, 35, 36, 43, 45, 52, 55, 56, 60, 62, 64, 70, 71, 80, 90, 94, 97, 183, 197, 232, 334, 426, 455, 472, 477, 478, 480, 483, 484, 490, 496, 505, 507, 509, 510, 511, 514, 516, 517, 523, 525, 529, 532, 533, 536, 538, 545, 546, 552, 561, 565, 568, 654, 668, 696, 790, 857, 878, 902, 919, 928, 929, 932, 934, 935]","[12, 24, 25, 28, 88, 100, 104, 119, 123, 129, 136, 137, 139, 140, 141, 148, 155, 169, 172, 179, 183, 185, 188, 196, 198, 217, 237, 267, 270, 278, 319, 321, 324, 325, 330, 334, 335, 354, 366, 369, 380, 383, 384, 386, 395, 407, 411, 423, 428, 436, 437, 452, 453, 456, 467, 471, 477, 478, 479, 497, 508, 511, 559, 571, 575, 590, 594, 600, 607, 608, 610, 611, 612, 619, 627, 640, 643, 650, 654, 656, 659, 667, 669, 685, 701, 726, 729, 737, 777, 779, 782, 783, 787, 790, 791, 809, 817, 819, 830, 833, 834, 836, 845, 856, 857, 860, 862, 875, 880, 887, 888, 899, 900, 914, 918, 921, 928, 929, 930]","[12, 24, 25, 28, 88, 100, 104, 119, 123, 129, 136, 137, 139, 140, 141, 148, 155, 169, 172, 179, 183, 185, 188, 196, 198, 217, 237, 267, 270, 278, 319, 321, 324, 325, 330, 334, 335, 354, 366, 369, 380, 383, 384, 386, 395, 407, 411, 423, 428, 436, 437, 452, 453, 456, 467, 471, 477, 478, 479, 497, 508, 511, 559, 571, 575, 590, 594, 600, 607, 608, 610, 611, 612, 619, 627, 640, 643, 650, 654, 656, 659, 667, 669, 685, 701, 726, 729, 737, 777, 779, 782, 783, 787, 790, 791, 809, 817, 819, 830, 833, 834, 836, 845, 856, 857, 860, 862, 875, 880, 887, 888, 899, 900, 914, 918, 921, 928, 929, 930]",7/6 successful match,False,[205],True,736,False,,1.0,True,East Side Chevron ),Chevron
"Newberry Sprgs , 92365 Calico Petroleum # 2",6 760-257-1262 I-40 Exit 18,<U+2610>,Newberry Sprgs,92365,Calico Petroleum # 2,760-257-1262,2006,Newberry Springs,CA,,,I-40 Exit 18,Exit,18,False,,False,I-40,,,,,[],"[197, 232, 668, 696]","[174, 188, 189, 197, 232, 254, 399, 645, 659, 660, 668, 696, 717, 848]","[197, 201, 668]","[103, 104, 105, 106, 107, 108, 109, 110, 111, 112, 113, 114, 115, 116, 117, 118, 119, 120, 121, 122, 123, 124, 125, 126, 127, 128, 129, 130, 131, 132, 133, 134, 135, 136, 137, 138, 139, 140, 141, 142, 143, 144, 145, 146, 147, 148, 149, 150, 151, 152, 153, 154, 155, 156, 157, 158, 159, 160, 161, 162, 163, 164, 165, 166, 167, 168, 169, 170, 171, 172, 173, 174, 175, 176, 177, 178, 179, 180, 181, 182, 183, 184, 185, 186, 187, 188, 189, 190, 191, 192, 193, 194, 195, 196, 197, 198, 199, 200, 201, 202, 203, 204, 205, 206, 207, 208, 209, 210, 211, 212, 213, 214, 215, 216, 217, 218, 219, 220, 221, 222, 223, 224, 225, 226, 227, 228, 229, 230, 231, 232, 233, 234, 235, 236, 237, 238, 239, 240, 241, 242, 243, 244, 245, 246, 247, 248, 249, 250, 251, 252, 253, 254, 255, 256, 257, 258, 259, 260, 261, 262, 263, 264, 265, 266, 267, 268, 269, 270, 271, 272, 273, 274, 275, 276, 277, 278, 279, 280, 281, 282, 283, 284, 285, 286, 287, 288, 289, 290, 291, 292, 293, 294, 295, 296, 297, 298, 299, 300, 301, 302, 303, 304, 305, 306, 307, 308, 309, 310, 311, 312, 313, 314, 315, 316, 317, 318, 319, 320, 321, 322, 323, 324, 325, 326, 327, 328, 329, 330, 331, 332, 333, 334, 335, 336, 337, 574, 575, 576, 577, 578, 579, 580, 581, 582, 583, 584, 585, 586, 587, 588, 589, 590, 591, 592, 593, 594, 595, 596, 597, 598, 599, 600, 601, 602, 603, 604, 605, 606, 607, 608, 609, 610, 611, 612, 613, 614, 615, 616, 617, 618, 619, 620, 621, 622, 623, 624, 625, 626, 627, 628, 629, 630, 631, 632, 633, 634, 635, 636, 637, 638, 639, 640, 641, 642, 643, 644, 645, 646, 647, 648, 649, 650, 651, 652, 653, 654, 655, 656, 657, 658, 659, 660, 661, 662, 663, 664, 665, 666, 667, 668, 669, 670, 671, 672, 673, 674, 675, 676, 677, 678, 679, 680, 681, 682, 683, 684, 685, 686, 687, 688, 689, 690, 691, 692, 693, 694, 695, 696, 697, 698, 699, 700, 701, 702, 703, 704, 705, 706, 707, 708, 709, 710, 711, 712, 713, 714, 715, 716, 717, 718, 719, 720, 721, 722, 723, 724, 725, 726, 727, 728, 729, 730, 731, 732, 733, 734, 735, 736, 737, 738, 739, 740, 741, 742, 743, 744, 745, 746, 747, 748, 749, 750, 751, 752, 753, 754, 755, 756, 757, 758, 759, 760, 761, 762, 763, 764, 765, 766, 767, 768, 769, 770, 771, 772, 773, 774, 775, 776, 777, 778, 779, 780, 781, 782, 783, 784, 785, 786, 787, 788, 789, 790, 791, 792, 793]","[4, 11, 18, 21, 23, 26, 27, 28, 31, 35, 36, 43, 45, 52, 55, 56, 60, 62, 64, 70, 71, 80, 90, 94, 97, 183, 197, 232, 334, 426, 455, 472, 477, 478, 480, 483, 484, 490, 496, 505, 507, 509, 510, 511, 514, 516, 517, 523, 525, 529, 532, 533, 536, 538, 545, 546, 552, 561, 565, 568, 654, 668, 696, 790, 857, 878, 902, 919, 928, 929, 932, 934, 935]",[],"[176, 177, 325, 332, 467, 483, 484, 647, 648, 783, 789, 914, 927, 934, 935]","[4, 11, 18, 21, 23, 26, 27, 28, 31, 35, 36, 43, 45, 52, 55, 56, 60, 62, 64, 70, 71, 80, 90, 94, 97, 103, 104, 105, 106, 107, 108, 109, 110, 111, 112, 113, 114, 115, 116, 117, 118, 119, 120, 121, 122, 123, 124, 125, 126, 127, 128, 129, 130, 131, 132, 133, 134, 135, 136, 137, 138, 139, 140, 141, 142, 143, 144, 145, 146, 147, 148, 149, 150, 151, 152, 153, 154, 155, 156, 157, 158, 159, 160, 161, 162, 163, 164, 165, 166, 167, 168, 169, 170, 171, 172, 173, 174, 175, 176, 177, 178, 179, 180, 181, 182, 183, 184, 185, 186, 187, 188, 189, 190, 191, 192, 193, 194, 195, 196, 197, 198, 199, 200, 201, 202, 203, 204, 205, 206, 207, 208, 209, 210, 211, 212, 213, 214, 215, 216, 217, 218, 219, 220, 221, 222, 223, 224, 225, 226, 227, 228, 229, 230, 231, 232, 233, 234, 235, 236, 237, 238, 239, 240, 241, 242, 243, 244, 245, 246, 247, 248, 249, 250, 251, 252, 253, 254, 255, 256, 257, 258, 259, 260, 261, 262, 263, 264, 265, 266, 267, 268, 269, 270, 271, 272, 273, 274, 275, 276, 277, 278, 279, 280, 281, 282, 283, 284, 285, 286, 287, 288, 289, 290, 291, 292, 293, 294, 295, 296, 297, 298, 299, 300, 301, 302, 303, 304, 305, 306, 307, 308, 309, 310, 311, 312, 313, 314, 315, 316, 317, 318, 319, 320, 321, 322, 323, 324, 325, 326, 327, 328, 329, 330, 331, 332, 333, 334, 335, 336, 337, 399, 426, 455, 467, 472, 477, 478, 480, 483, 484, 490, 496, 505, 507, 509, 510, 511, 514, 516, 517, 523, 525, 529, 532, 533, 536, 538, 545, 546, 552, 561, 565, 568, 574, 575, 576, 577, 578, 579, 580, 581, 582, 583, 584, 585, 586, 587, 588, 589, 590, 591, 592, 593, 594, 595, 596, 597, 598, 599, 600, 601, 602, 603, 604, 605, 606, 607, 608, 609, 610, 611, 612, 613, 614, 615, 616, 617, 618, 619, 620, 621, 622, 623, 624, 625, 626, 627, 628, 629, 630, 631, 632, 633, 634, 635, 636, 637, 638, 639, 640, 641, 642, 643, 644, 645, 646, 647, 648, 649, 650, 651, 652, 653, 654, 655, 656, 657, 658, 659, 660, 661, 662, 663, 664, 665, 666, 667, 668, 669, 670, 671, 672, 673, 674, 675, 676, 677, 678, 679, 680, 681, 682, 683, 684, 685, 686, 687, 688, 689, 690, 691, 692, 693, 694, 695, 696, 697, 698, 699, 700, 701, 702, 703, 704, 705, 706, 707, 708, 709, 710, 711, 712, 713, 714, 715, 716, 717, 718, 719, 720, 721, 722, 723, 724, 725, 726, 727, 728, 729, 730, 731, 732, 733, 734, 735, 736, 737, 738, 739, 740, 741, 742, 743, 744, 745, 746, 747, 748, 749, 750, 751, 752, 753, 754, 755, 756, 757, 758, 759, 760, 761, 762, 763, 764, 765, 766, 767, 768, 769, 770, 771, 772, 773, 774, 775, 776, 777, 778, 779, 780, 781, 782, 783, 784, 785, 786, 787, 788, 789, 790, 791, 792, 793, 848, 857, 878, 902, 914, 919, 927, 928, 929, 932, 934, 935]",False,"[197, 232, 668, 696]","[103, 104, 105, 106, 107, 108, 109, 110, 111, 112, 113, 114, 115, 116, 117, 118, 119, 120, 121, 122, 123, 124, 125, 126, 127, 128, 129, 130, 131, 132, 133, 134, 135, 136, 137, 138, 139, 140, 141, 142, 143, 144, 145, 146, 147, 148, 149, 150, 151, 152, 153, 154, 155, 156, 157, 158, 159, 160, 161, 162, 163, 164, 165, 166, 167, 168, 169, 170, 171, 172, 173, 174, 175, 176, 177, 178, 179, 180, 181, 182, 183, 184, 185, 186, 187, 188, 189, 190, 191, 192, 193, 194, 195, 196, 197, 198, 199, 200, 201, 202, 203, 204, 205, 206, 207, 208, 209, 210, 211, 212, 213, 214, 215, 216, 217, 218, 219, 220, 221, 222, 223, 224, 225, 226, 227, 228, 229, 230, 231, 232, 233, 234, 235, 236, 237, 238, 239, 240, 241, 242, 243, 244, 245, 246, 247, 248, 249, 250, 251, 252, 253, 254, 255, 256, 257, 258, 259, 260, 261, 262, 263, 264, 265, 266, 267, 268, 269, 270, 271, 272, 273, 274, 275, 276, 277, 278, 279, 280, 281, 282, 283, 284, 285, 286, 287, 288, 289, 290, 291, 292, 293, 294, 295, 296, 297, 298, 299, 300, 301, 302, 303, 304, 305, 306, 307, 308, 309, 310, 311, 312, 313, 314, 315, 316, 317, 318, 319, 320, 321, 322, 323, 324, 325, 326, 327, 328, 329, 330, 331, 332, 333, 334, 335, 336, 337, 574, 575, 576, 577, 578, 579, 580, 581, 582, 583, 584, 585, 586, 587, 588, 589, 590, 591, 592, 593, 594, 595, 596, 597, 598, 599, 600, 601, 602, 603, 604, 605, 606, 607, 608, 609, 610, 611, 612, 613, 614, 615, 616, 617, 618, 619, 620, 621, 622, 623, 624, 625, 626, 627, 628, 629, 630, 631, 632, 633, 634, 635, 636, 637, 638, 639, 640, 641, 642, 643, 644, 645, 646, 647, 648, 649, 650, 651, 652, 653, 654, 655, 656, 657, 658, 659, 660, 661, 662, 663, 664, 665, 666, 667, 668, 669, 670, 671, 672, 673, 674, 675, 676, 677, 678, 679, 680, 681, 682, 683, 684, 685, 686, 687, 688, 689, 690, 691, 692, 693, 694, 695, 696, 697, 698, 699, 700, 701, 702, 703, 704, 705, 706, 707, 708, 709, 710, 711, 712, 713, 714, 715, 716, 717, 718, 719, 720, 721, 722, 723, 724, 725, 726, 727, 728, 729, 730, 731, 732, 733, 734, 735, 736, 737, 738, 739, 740, 741, 742, 743, 744, 745, 746, 747, 748, 749, 750, 751, 752, 753, 754, 755, 756, 757, 758, 759, 760, 761, 762, 763, 764, 765, 766, 767, 768, 769, 770, 771, 772, 773, 774, 775, 776, 777, 778, 779, 780, 781, 782, 783, 784, 785, 786, 787, 788, 789, 790, 791, 792, 793]","[174, 188, 189, 197, 232, 254, 399, 645, 659, 660, 668, 696, 717, 848]","[197, 201, 668]","[4, 11, 18, 21, 23, 26, 27, 28, 31, 35, 36, 43, 45, 52, 55, 56, 60, 62, 64, 70, 71, 80, 90, 94, 97, 183, 197, 232, 334, 426, 455, 472, 477, 478, 480, 483, 484, 490, 496, 505, 507, 509, 510, 511, 514, 516, 517, 523, 525, 529, 532, 533, 536, 538, 545, 546, 552, 561, 565, 568, 654, 668, 696, 790, 857, 878, 902, 919, 928, 929, 932, 934, 935]","[176, 177, 325, 332, 467, 483, 484, 647, 648, 783, 789, 914, 927, 934, 935]",[],5/6 successful match,False,,False,737,False,,,,,
"Newberry Sprgs , 92365 Calico Petroleum # 2",760-257-1262 I-40 Exit 18,24,Newberry Sprgs,92365,Calico Petroleum # 2,760-257-1262,2007,Newberry Springs,CA,,,I-40 Exit 18,Exit,18,False,,False,I-40,,,,,[],"[197, 232, 668, 696]","[174, 188, 189, 197, 232, 254, 399, 645, 659, 660, 668, 696, 717, 848]","[197, 201, 668]","[103, 104, 105, 106, 107, 108, 109, 110, 111, 112, 113, 114, 115, 116, 117, 118, 119, 120, 121, 122, 123, 124, 125, 126, 127, 128, 129, 130, 131, 132, 133, 134, 135, 136, 137, 138, 139, 140, 141, 142, 143, 144, 145, 146, 147, 148, 149, 150, 151, 152, 153, 154, 155, 156, 157, 158, 159, 160, 161, 162, 163, 164, 165, 166, 167, 168, 169, 170, 171, 172, 173, 174, 175, 176, 177, 178, 179, 180, 181, 182, 183, 184, 185, 186, 187, 188, 189, 190, 191, 192, 193, 194, 195, 196, 197, 198, 199, 200, 201, 202, 203, 204, 205, 206, 207, 208, 209, 210, 211, 212, 213, 214, 215, 216, 217, 218, 219, 220, 221, 222, 223, 224, 225, 226, 227, 228, 229, 230, 231, 232, 233, 234, 235, 236, 237, 238, 239, 240, 241, 242, 243, 244, 245, 246, 247, 248, 249, 250, 251, 252, 253, 254, 255, 256, 257, 258, 259, 260, 261, 262, 263, 264, 265, 266, 267, 268, 269, 270, 271, 272, 273, 274, 275, 276, 277, 278, 279, 280, 281, 282, 283, 284, 285, 286, 287, 288, 289, 290, 291, 292, 293, 294, 295, 296, 297, 298, 299, 300, 301, 302, 303, 304, 305, 306, 307, 308, 309, 310, 311, 312, 313, 314, 315, 316, 317, 318, 319, 320, 321, 322, 323, 324, 325, 326, 327, 328, 329, 330, 331, 332, 333, 334, 335, 336, 337, 574, 575, 576, 577, 578, 579, 580, 581, 582, 583, 584, 585, 586, 587, 588, 589, 590, 591, 592, 593, 594, 595, 596, 597, 598, 599, 600, 601, 602, 603, 604, 605, 606, 607, 608, 609, 610, 611, 612, 613, 614, 615, 616, 617, 618, 619, 620, 621, 622, 623, 624, 625, 626, 627, 628, 629, 630, 631, 632, 633, 634, 635, 636, 637, 638, 639, 640, 641, 642, 643, 644, 645, 646, 647, 648, 649, 650, 651, 652, 653, 654, 655, 656, 657, 658, 659, 660, 661, 662, 663, 664, 665, 666, 667, 668, 669, 670, 671, 672, 673, 674, 675, 676, 677, 678, 679, 680, 681, 682, 683, 684, 685, 686, 687, 688, 689, 690, 691, 692, 693, 694, 695, 696, 697, 698, 699, 700, 701, 702, 703, 704, 705, 706, 707, 708, 709, 710, 711, 712, 713, 714, 715, 716, 717, 718, 719, 720, 721, 722, 723, 724, 725, 726, 727, 728, 729, 730, 731, 732, 733, 734, 735, 736, 737, 738, 739, 740, 741, 742, 743, 744, 745, 746, 747, 748, 749, 750, 751, 752, 753, 754, 755, 756, 757, 758, 759, 760, 761, 762, 763, 764, 765, 766, 767, 768, 769, 770, 771, 772, 773, 774, 775, 776, 777, 778, 779, 780, 781, 782, 783, 784, 785, 786, 787, 788, 789, 790, 791, 792, 793]","[4, 11, 18, 21, 23, 26, 27, 28, 31, 35, 36, 43, 45, 52, 55, 56, 60, 62, 64, 70, 71, 80, 90, 94, 97, 183, 197, 232, 334, 426, 455, 472, 477, 478, 480, 483, 484, 490, 496, 505, 507, 509, 510, 511, 514, 516, 517, 523, 525, 529, 532, 533, 536, 538, 545, 546, 552, 561, 565, 568, 654, 668, 696, 790, 857, 878, 902, 919, 928, 929, 932, 934, 935]",[],"[176, 177, 325, 332, 467, 483, 484, 647, 648, 783, 789, 914, 927, 934, 935]","[4, 11, 18, 21, 23, 26, 27, 28, 31, 35, 36, 43, 45, 52, 55, 56, 60, 62, 64, 70, 71, 80, 90, 94, 97, 103, 104, 105, 106, 107, 108, 109, 110, 111, 112, 113, 114, 115, 116, 117, 118, 119, 120, 121, 122, 123, 124, 125, 126, 127, 128, 129, 130, 131, 132, 133, 134, 135, 136, 137, 138, 139, 140, 141, 142, 143, 144, 145, 146, 147, 148, 149, 150, 151, 152, 153, 154, 155, 156, 157, 158, 159, 160, 161, 162, 163, 164, 165, 166, 167, 168, 169, 170, 171, 172, 173, 174, 175, 176, 177, 178, 179, 180, 181, 182, 183, 184, 185, 186, 187, 188, 189, 190, 191, 192, 193, 194, 195, 196, 197, 198, 199, 200, 201, 202, 203, 204, 205, 206, 207, 208, 209, 210, 211, 212, 213, 214, 215, 216, 217, 218, 219, 220, 221, 222, 223, 224, 225, 226, 227, 228, 229, 230, 231, 232, 233, 234, 235, 236, 237, 238, 239, 240, 241, 242, 243, 244, 245, 246, 247, 248, 249, 250, 251, 252, 253, 254, 255, 256, 257, 258, 259, 260, 261, 262, 263, 264, 265, 266, 267, 268, 269, 270, 271, 272, 273, 274, 275, 276, 277, 278, 279, 280, 281, 282, 283, 284, 285, 286, 287, 288, 289, 290, 291, 292, 293, 294, 295, 296, 297, 298, 299, 300, 301, 302, 303, 304, 305, 306, 307, 308, 309, 310, 311, 312, 313, 314, 315, 316, 317, 318, 319, 320, 321, 322, 323, 324, 325, 326, 327, 328, 329, 330, 331, 332, 333, 334, 335, 336, 337, 399, 426, 455, 467, 472, 477, 478, 480, 483, 484, 490, 496, 505, 507, 509, 510, 511, 514, 516, 517, 523, 525, 529, 532, 533, 536, 538, 545, 546, 552, 561, 565, 568, 574, 575, 576, 577, 578, 579, 580, 581, 582, 583, 584, 585, 586, 587, 588, 589, 590, 591, 592, 593, 594, 595, 596, 597, 598, 599, 600, 601, 602, 603, 604, 605, 606, 607, 608, 609, 610, 611, 612, 613, 614, 615, 616, 617, 618, 619, 620, 621, 622, 623, 624, 625, 626, 627, 628, 629, 630, 631, 632, 633, 634, 635, 636, 637, 638, 639, 640, 641, 642, 643, 644, 645, 646, 647, 648, 649, 650, 651, 652, 653, 654, 655, 656, 657, 658, 659, 660, 661, 662, 663, 664, 665, 666, 667, 668, 669, 670, 671, 672, 673, 674, 675, 676, 677, 678, 679, 680, 681, 682, 683, 684, 685, 686, 687, 688, 689, 690, 691, 692, 693, 694, 695, 696, 697, 698, 699, 700, 701, 702, 703, 704, 705, 706, 707, 708, 709, 710, 711, 712, 713, 714, 715, 716, 717, 718, 719, 720, 721, 722, 723, 724, 725, 726, 727, 728, 729, 730, 731, 732, 733, 734, 735, 736, 737, 738, 739, 740, 741, 742, 743, 744, 745, 746, 747, 748, 749, 750, 751, 752, 753, 754, 755, 756, 757, 758, 759, 760, 761, 762, 763, 764, 765, 766, 767, 768, 769, 770, 771, 772, 773, 774, 775, 776, 777, 778, 779, 780, 781, 782, 783, 784, 785, 786, 787, 788, 789, 790, 791, 792, 793, 848, 857, 878, 902, 914, 919, 927, 928, 929, 932, 934, 935]",False,"[197, 232, 668, 696]","[103, 104, 105, 106, 107, 108, 109, 110, 111, 112, 113, 114, 115, 116, 117, 118, 119, 120, 121, 122, 123, 124, 125, 126, 127, 128, 129, 130, 131, 132, 133, 134, 135, 136, 137, 138, 139, 140, 141, 142, 143, 144, 145, 146, 147, 148, 149, 150, 151, 152, 153, 154, 155, 156, 157, 158, 159, 160, 161, 162, 163, 164, 165, 166, 167, 168, 169, 170, 171, 172, 173, 174, 175, 176, 177, 178, 179, 180, 181, 182, 183, 184, 185, 186, 187, 188, 189, 190, 191, 192, 193, 194, 195, 196, 197, 198, 199, 200, 201, 202, 203, 204, 205, 206, 207, 208, 209, 210, 211, 212, 213, 214, 215, 216, 217, 218, 219, 220, 221, 222, 223, 224, 225, 226, 227, 228, 229, 230, 231, 232, 233, 234, 235, 236, 237, 238, 239, 240, 241, 242, 243, 244, 245, 246, 247, 248, 249, 250, 251, 252, 253, 254, 255, 256, 257, 258, 259, 260, 261, 262, 263, 264, 265, 266, 267, 268, 269, 270, 271, 272, 273, 274, 275, 276, 277, 278, 279, 280, 281, 282, 283, 284, 285, 286, 287, 288, 289, 290, 291, 292, 293, 294, 295, 296, 297, 298, 299, 300, 301, 302, 303, 304, 305, 306, 307, 308, 309, 310, 311, 312, 313, 314, 315, 316, 317, 318, 319, 320, 321, 322, 323, 324, 325, 326, 327, 328, 329, 330, 331, 332, 333, 334, 335, 336, 337, 574, 575, 576, 577, 578, 579, 580, 581, 582, 583, 584, 585, 586, 587, 588, 589, 590, 591, 592, 593, 594, 595, 596, 597, 598, 599, 600, 601, 602, 603, 604, 605, 606, 607, 608, 609, 610, 611, 612, 613, 614, 615, 616, 617, 618, 619, 620, 621, 622, 623, 624, 625, 626, 627, 628, 629, 630, 631, 632, 633, 634, 635, 636, 637, 638, 639, 640, 641, 642, 643, 644, 645, 646, 647, 648, 649, 650, 651, 652, 653, 654, 655, 656, 657, 658, 659, 660, 661, 662, 663, 664, 665, 666, 667, 668, 669, 670, 671, 672, 673, 674, 675, 676, 677, 678, 679, 680, 681, 682, 683, 684, 685, 686, 687, 688, 689, 690, 691, 692, 693, 694, 695, 696, 697, 698, 699, 700, 701, 702, 703, 704, 705, 706, 707, 708, 709, 710, 711, 712, 713, 714, 715, 716, 717, 718, 719, 720, 721, 722, 723, 724, 725, 726, 727, 728, 729, 730, 731, 732, 733, 734, 735, 736, 737, 738, 739, 740, 741, 742, 743, 744, 745, 746, 747, 748, 749, 750, 751, 752, 753, 754, 755, 756, 757, 758, 759, 760, 761, 762, 763, 764, 765, 766, 767, 768, 769, 770, 771, 772, 773, 774, 775, 776, 777, 778, 779, 780, 781, 782, 783, 784, 785, 786, 787, 788, 789, 790, 791, 792, 793]","[174, 188, 189, 197, 232, 254, 399, 645, 659, 660, 668, 696, 717, 848]","[197, 201, 668]","[4, 11, 18, 21, 23, 26, 27, 28, 31, 35, 36, 43, 45, 52, 55, 56, 60, 62, 64, 70, 71, 80, 90, 94, 97, 183, 197, 232, 334, 426, 455, 472, 477, 478, 480, 483, 484, 490, 496, 505, 507, 509, 510, 511, 514, 516, 517, 523, 525, 529, 532, 533, 536, 538, 545, 546, 552, 561, 565, 568, 654, 668, 696, 790, 857, 878, 902, 919, 928, 929, 932, 934, 935]","[176, 177, 325, 332, 467, 483, 484, 647, 648, 783, 789, 914, 927, 934, 935]",[],5/6 successful match,False,,False,737,False,,1.0,True,Calico Petroleum # 2,
"Newberry Sprgs , 92365 Soko Petroleum",6 760-257-1262 I-40 Exit 18,24,Newberry Sprgs,92365,Soko Petroleum,760-257-1262,2008,Newberry Springs,CA,,,I-40 Exit 18,Exit,18,False,,False,I-40,,,,,[],"[197, 232, 668, 696]","[174, 188, 189, 197, 232, 254, 399, 645, 659, 660, 668, 696, 717, 848]","[197, 201, 668]","[103, 104, 105, 106, 107, 108, 109, 110, 111, 112, 113, 114, 115, 116, 117, 118, 119, 120, 121, 122, 123, 124, 125, 126, 127, 128, 129, 130, 131, 132, 133, 134, 135, 136, 137, 138, 139, 140, 141, 142, 143, 144, 145, 146, 147, 148, 149, 150, 151, 152, 153, 154, 155, 156, 157, 158, 159, 160, 161, 162, 163, 164, 165, 166, 167, 168, 169, 170, 171, 172, 173, 174, 175, 176, 177, 178, 179, 180, 181, 182, 183, 184, 185, 186, 187, 188, 189, 190, 191, 192, 193, 194, 195, 196, 197, 198, 199, 200, 201, 202, 203, 204, 205, 206, 207, 208, 209, 210, 211, 212, 213, 214, 215, 216, 217, 218, 219, 220, 221, 222, 223, 224, 225, 226, 227, 228, 229, 230, 231, 232, 233, 234, 235, 236, 237, 238, 239, 240, 241, 242, 243, 244, 245, 246, 247, 248, 249, 250, 251, 252, 253, 254, 255, 256, 257, 258, 259, 260, 261, 262, 263, 264, 265, 266, 267, 268, 269, 270, 271, 272, 273, 274, 275, 276, 277, 278, 279, 280, 281, 282, 283, 284, 285, 286, 287, 288, 289, 290, 291, 292, 293, 294, 295, 296, 297, 298, 299, 300, 301, 302, 303, 304, 305, 306, 307, 308, 309, 310, 311, 312, 313, 314, 315, 316, 317, 318, 319, 320, 321, 322, 323, 324, 325, 326, 327, 328, 329, 330, 331, 332, 333, 334, 335, 336, 337, 574, 575, 576, 577, 578, 579, 580, 581, 582, 583, 584, 585, 586, 587, 588, 589, 590, 591, 592, 593, 594, 595, 596, 597, 598, 599, 600, 601, 602, 603, 604, 605, 606, 607, 608, 609, 610, 611, 612, 613, 614, 615, 616, 617, 618, 619, 620, 621, 622, 623, 624, 625, 626, 627, 628, 629, 630, 631, 632, 633, 634, 635, 636, 637, 638, 639, 640, 641, 642, 643, 644, 645, 646, 647, 648, 649, 650, 651, 652, 653, 654, 655, 656, 657, 658, 659, 660, 661, 662, 663, 664, 665, 666, 667, 668, 669, 670, 671, 672, 673, 674, 675, 676, 677, 678, 679, 680, 681, 682, 683, 684, 685, 686, 687, 688, 689, 690, 691, 692, 693, 694, 695, 696, 697, 698, 699, 700, 701, 702, 703, 704, 705, 706, 707, 708, 709, 710, 711, 712, 713, 714, 715, 716, 717, 718, 719, 720, 721, 722, 723, 724, 725, 726, 727, 728, 729, 730, 731, 732, 733, 734, 735, 736, 737, 738, 739, 740, 741, 742, 743, 744, 745, 746, 747, 748, 749, 750, 751, 752, 753, 754, 755, 756, 757, 758, 759, 760, 761, 762, 763, 764, 765, 766, 767, 768, 769, 770, 771, 772, 773, 774, 775, 776, 777, 778, 779, 780, 781, 782, 783, 784, 785, 786, 787, 788, 789, 790, 791, 792, 793]","[4, 11, 18, 21, 23, 26, 27, 28, 31, 35, 36, 43, 45, 52, 55, 56, 60, 62, 64, 70, 71, 80, 90, 94, 97, 183, 197, 232, 334, 426, 455, 472, 477, 478, 480, 483, 484, 490, 496, 505, 507, 509, 510, 511, 514, 516, 517, 523, 525, 529, 532, 533, 536, 538, 545, 546, 552, 561, 565, 568, 654, 668, 696, 790, 857, 878, 902, 919, 928, 929, 932, 934, 935]",[],"[176, 177, 325, 332, 467, 483, 484, 647, 648, 783, 789, 914, 927, 934, 935]","[4, 11, 18, 21, 23, 26, 27, 28, 31, 35, 36, 43, 45, 52, 55, 56, 60, 62, 64, 70, 71, 80, 90, 94, 97, 103, 104, 105, 106, 107, 108, 109, 110, 111, 112, 113, 114, 115, 116, 117, 118, 119, 120, 121, 122, 123, 124, 125, 126, 127, 128, 129, 130, 131, 132, 133, 134, 135, 136, 137, 138, 139, 140, 141, 142, 143, 144, 145, 146, 147, 148, 149, 150, 151, 152, 153, 154, 155, 156, 157, 158, 159, 160, 161, 162, 163, 164, 165, 166, 167, 168, 169, 170, 171, 172, 173, 174, 175, 176, 177, 178, 179, 180, 181, 182, 183, 184, 185, 186, 187, 188, 189, 190, 191, 192, 193, 194, 195, 196, 197, 198, 199, 200, 201, 202, 203, 204, 205, 206, 207, 208, 209, 210, 211, 212, 213, 214, 215, 216, 217, 218, 219, 220, 221, 222, 223, 224, 225, 226, 227, 228, 229, 230, 231, 232, 233, 234, 235, 236, 237, 238, 239, 240, 241, 242, 243, 244, 245, 246, 247, 248, 249, 250, 251, 252, 253, 254, 255, 256, 257, 258, 259, 260, 261, 262, 263, 264, 265, 266, 267, 268, 269, 270, 271, 272, 273, 274, 275, 276, 277, 278, 279, 280, 281, 282, 283, 284, 285, 286, 287, 288, 289, 290, 291, 292, 293, 294, 295, 296, 297, 298, 299, 300, 301, 302, 303, 304, 305, 306, 307, 308, 309, 310, 311, 312, 313, 314, 315, 316, 317, 318, 319, 320, 321, 322, 323, 324, 325, 326, 327, 328, 329, 330, 331, 332, 333, 334, 335, 336, 337, 399, 426, 455, 467, 472, 477, 478, 480, 483, 484, 490, 496, 505, 507, 509, 510, 511, 514, 516, 517, 523, 525, 529, 532, 533, 536, 538, 545, 546, 552, 561, 565, 568, 574, 575, 576, 577, 578, 579, 580, 581, 582, 583, 584, 585, 586, 587, 588, 589, 590, 591, 592, 593, 594, 595, 596, 597, 598, 599, 600, 601, 602, 603, 604, 605, 606, 607, 608, 609, 610, 611, 612, 613, 614, 615, 616, 617, 618, 619, 620, 621, 622, 623, 624, 625, 626, 627, 628, 629, 630, 631, 632, 633, 634, 635, 636, 637, 638, 639, 640, 641, 642, 643, 644, 645, 646, 647, 648, 649, 650, 651, 652, 653, 654, 655, 656, 657, 658, 659, 660, 661, 662, 663, 664, 665, 666, 667, 668, 669, 670, 671, 672, 673, 674, 675, 676, 677, 678, 679, 680, 681, 682, 683, 684, 685, 686, 687, 688, 689, 690, 691, 692, 693, 694, 695, 696, 697, 698, 699, 700, 701, 702, 703, 704, 705, 706, 707, 708, 709, 710, 711, 712, 713, 714, 715, 716, 717, 718, 719, 720, 721, 722, 723, 724, 725, 726, 727, 728, 729, 730, 731, 732, 733, 734, 735, 736, 737, 738, 739, 740, 741, 742, 743, 744, 745, 746, 747, 748, 749, 750, 751, 752, 753, 754, 755, 756, 757, 758, 759, 760, 761, 762, 763, 764, 765, 766, 767, 768, 769, 770, 771, 772, 773, 774, 775, 776, 777, 778, 779, 780, 781, 782, 783, 784, 785, 786, 787, 788, 789, 790, 791, 792, 793, 848, 857, 878, 902, 914, 919, 927, 928, 929, 932, 934, 935]",False,"[197, 232, 668, 696]","[103, 104, 105, 106, 107, 108, 109, 110, 111, 112, 113, 114, 115, 116, 117, 118, 119, 120, 121, 122, 123, 124, 125, 126, 127, 128, 129, 130, 131, 132, 133, 134, 135, 136, 137, 138, 139, 140, 141, 142, 143, 144, 145, 146, 147, 148, 149, 150, 151, 152, 153, 154, 155, 156, 157, 158, 159, 160, 161, 162, 163, 164, 165, 166, 167, 168, 169, 170, 171, 172, 173, 174, 175, 176, 177, 178, 179, 180, 181, 182, 183, 184, 185, 186, 187, 188, 189, 190, 191, 192, 193, 194, 195, 196, 197, 198, 199, 200, 201, 202, 203, 204, 205, 206, 207, 208, 209, 210, 211, 212, 213, 214, 215, 216, 217, 218, 219, 220, 221, 222, 223, 224, 225, 226, 227, 228, 229, 230, 231, 232, 233, 234, 235, 236, 237, 238, 239, 240, 241, 242, 243, 244, 245, 246, 247, 248, 249, 250, 251, 252, 253, 254, 255, 256, 257, 258, 259, 260, 261, 262, 263, 264, 265, 266, 267, 268, 269, 270, 271, 272, 273, 274, 275, 276, 277, 278, 279, 280, 281, 282, 283, 284, 285, 286, 287, 288, 289, 290, 291, 292, 293, 294, 295, 296, 297, 298, 299, 300, 301, 302, 303, 304, 305, 306, 307, 308, 309, 310, 311, 312, 313, 314, 315, 316, 317, 318, 319, 320, 321, 322, 323, 324, 325, 326, 327, 328, 329, 330, 331, 332, 333, 334, 335, 336, 337, 574, 575, 576, 577, 578, 579, 580, 581, 582, 583, 584, 585, 586, 587, 588, 589, 590, 591, 592, 593, 594, 595, 596, 597, 598, 599, 600, 601, 602, 603, 604, 605, 606, 607, 608, 609, 610, 611, 612, 613, 614, 615, 616, 617, 618, 619, 620, 621, 622, 623, 624, 625, 626, 627, 628, 629, 630, 631, 632, 633, 634, 635, 636, 637, 638, 639, 640, 641, 642, 643, 644, 645, 646, 647, 648, 649, 650, 651, 652, 653, 654, 655, 656, 657, 658, 659, 660, 661, 662, 663, 664, 665, 666, 667, 668, 669, 670, 671, 672, 673, 674, 675, 676, 677, 678, 679, 680, 681, 682, 683, 684, 685, 686, 687, 688, 689, 690, 691, 692, 693, 694, 695, 696, 697, 698, 699, 700, 701, 702, 703, 704, 705, 706, 707, 708, 709, 710, 711, 712, 713, 714, 715, 716, 717, 718, 719, 720, 721, 722, 723, 724, 725, 726, 727, 728, 729, 730, 731, 732, 733, 734, 735, 736, 737, 738, 739, 740, 741, 742, 743, 744, 745, 746, 747, 748, 749, 750, 751, 752, 753, 754, 755, 756, 757, 758, 759, 760, 761, 762, 763, 764, 765, 766, 767, 768, 769, 770, 771, 772, 773, 774, 775, 776, 777, 778, 779, 780, 781, 782, 783, 784, 785, 786, 787, 788, 789, 790, 791, 792, 793]","[174, 188, 189, 197, 232, 254, 399, 645, 659, 660, 668, 696, 717, 848]","[197, 201, 668]","[4, 11, 18, 21, 23, 26, 27, 28, 31, 35, 36, 43, 45, 52, 55, 56, 60, 62, 64, 70, 71, 80, 90, 94, 97, 183, 197, 232, 334, 426, 455, 472, 477, 478, 480, 483, 484, 490, 496, 505, 507, 509, 510, 511, 514, 516, 517, 523, 525, 529, 532, 533, 536, 538, 545, 546, 552, 561, 565, 568, 654, 668, 696, 790, 857, 878, 902, 919, 928, 929, 932, 934, 935]","[176, 177, 325, 332, 467, 483, 484, 647, 648, 783, 789, 914, 927, 934, 935]",[],5/6 successful match,False,,False,737,False,,0.5274509803921569,True,Calico Petroleum # 2,
"Newberry Sprgs , 92365 Wesco Truck Stop",760-257-3003 I-40 Exit 23 ( Fort Cady Rd N ),M,Newberry Sprgs,92365,Wesco Truck Stop,760-257-3003,2006,Newberry Springs,CA,,( Fort Cady Rd N ),I-40 Exit 23 ,Exit,23,False,,False,I-40,,,,,[],"[197, 232, 668, 696]","[174, 188, 189, 197, 232, 254, 399, 645, 659, 660, 668, 696, 717, 848]","[232, 696]","[103, 104, 105, 106, 107, 108, 109, 110, 111, 112, 113, 114, 115, 116, 117, 118, 119, 120, 121, 122, 123, 124, 125, 126, 127, 128, 129, 130, 131, 132, 133, 134, 135, 136, 137, 138, 139, 140, 141, 142, 143, 144, 145, 146, 147, 148, 149, 150, 151, 152, 153, 154, 155, 156, 157, 158, 159, 160, 161, 162, 163, 164, 165, 166, 167, 168, 169, 170, 171, 172, 173, 174, 175, 176, 177, 178, 179, 180, 181, 182, 183, 184, 185, 186, 187, 188, 189, 190, 191, 192, 193, 194, 195, 196, 197, 198, 199, 200, 201, 202, 203, 204, 205, 206, 207, 208, 209, 210, 211, 212, 213, 214, 215, 216, 217, 218, 219, 220, 221, 222, 223, 224, 225, 226, 227, 228, 229, 230, 231, 232, 233, 234, 235, 236, 237, 238, 239, 240, 241, 242, 243, 244, 245, 246, 247, 248, 249, 250, 251, 252, 253, 254, 255, 256, 257, 258, 259, 260, 261, 262, 263, 264, 265, 266, 267, 268, 269, 270, 271, 272, 273, 274, 275, 276, 277, 278, 279, 280, 281, 282, 283, 284, 285, 286, 287, 288, 289, 290, 291, 292, 293, 294, 295, 296, 297, 298, 299, 300, 301, 302, 303, 304, 305, 306, 307, 308, 309, 310, 311, 312, 313, 314, 315, 316, 317, 318, 319, 320, 321, 322, 323, 324, 325, 326, 327, 328, 329, 330, 331, 332, 333, 334, 335, 336, 337, 574, 575, 576, 577, 578, 579, 580, 581, 582, 583, 584, 585, 586, 587, 588, 589, 590, 591, 592, 593, 594, 595, 596, 597, 598, 599, 600, 601, 602, 603, 604, 605, 606, 607, 608, 609, 610, 611, 612, 613, 614, 615, 616, 617, 618, 619, 620, 621, 622, 623, 624, 625, 626, 627, 628, 629, 630, 631, 632, 633, 634, 635, 636, 637, 638, 639, 640, 641, 642, 643, 644, 645, 646, 647, 648, 649, 650, 651, 652, 653, 654, 655, 656, 657, 658, 659, 660, 661, 662, 663, 664, 665, 666, 667, 668, 669, 670, 671, 672, 673, 674, 675, 676, 677, 678, 679, 680, 681, 682, 683, 684, 685, 686, 687, 688, 689, 690, 691, 692, 693, 694, 695, 696, 697, 698, 699, 700, 701, 702, 703, 704, 705, 706, 707, 708, 709, 710, 711, 712, 713, 714, 715, 716, 717, 718, 719, 720, 721, 722, 723, 724, 725, 726, 727, 728, 729, 730, 731, 732, 733, 734, 735, 736, 737, 738, 739, 740, 741, 742, 743, 744, 745, 746, 747, 748, 749, 750, 751, 752, 753, 754, 755, 756, 757, 758, 759, 760, 761, 762, 763, 764, 765, 766, 767, 768, 769, 770, 771, 772, 773, 774, 775, 776, 777, 778, 779, 780, 781, 782, 783, 784, 785, 786, 787, 788, 789, 790, 791, 792, 793]","[4, 11, 18, 21, 23, 26, 27, 28, 31, 35, 36, 43, 45, 52, 55, 56, 60, 62, 64, 70, 71, 80, 90, 94, 97, 183, 197, 232, 334, 426, 455, 472, 477, 478, 480, 483, 484, 490, 496, 505, 507, 509, 510, 511, 514, 516, 517, 523, 525, 529, 532, 533, 536, 538, 545, 546, 552, 561, 565, 568, 654, 668, 696, 790, 857, 878, 902, 919, 928, 929, 932, 934, 935]",[],[],"[4, 11, 18, 21, 23, 26, 27, 28, 31, 35, 36, 43, 45, 52, 55, 56, 60, 62, 64, 70, 71, 80, 90, 94, 97, 103, 104, 105, 106, 107, 108, 109, 110, 111, 112, 113, 114, 115, 116, 117, 118, 119, 120, 121, 122, 123, 124, 125, 126, 127, 128, 129, 130, 131, 132, 133, 134, 135, 136, 137, 138, 139, 140, 141, 142, 143, 144, 145, 146, 147, 148, 149, 150, 151, 152, 153, 154, 155, 156, 157, 158, 159, 160, 161, 162, 163, 164, 165, 166, 167, 168, 169, 170, 171, 172, 173, 174, 175, 176, 177, 178, 179, 180, 181, 182, 183, 184, 185, 186, 187, 188, 189, 190, 191, 192, 193, 194, 195, 196, 197, 198, 199, 200, 201, 202, 203, 204, 205, 206, 207, 208, 209, 210, 211, 212, 213, 214, 215, 216, 217, 218, 219, 220, 221, 222, 223, 224, 225, 226, 227, 228, 229, 230, 231, 232, 233, 234, 235, 236, 237, 238, 239, 240, 241, 242, 243, 244, 245, 246, 247, 248, 249, 250, 251, 252, 253, 254, 255, 256, 257, 258, 259, 260, 261, 262, 263, 264, 265, 266, 267, 268, 269, 270, 271, 272, 273, 274, 275, 276, 277, 278, 279, 280, 281, 282, 283, 284, 285, 286, 287, 288, 289, 290, 291, 292, 293, 294, 295, 296, 297, 298, 299, 300, 301, 302, 303, 304, 305, 306, 307, 308, 309, 310, 311, 312, 313, 314, 315, 316, 317, 318, 319, 320, 321, 322, 323, 324, 325, 326, 327, 328, 329, 330, 331, 332, 333, 334, 335, 336, 337, 399, 426, 455, 472, 477, 478, 480, 483, 484, 490, 496, 505, 507, 509, 510, 511, 514, 516, 517, 523, 525, 529, 532, 533, 536, 538, 545, 546, 552, 561, 565, 568, 574, 575, 576, 577, 578, 579, 580, 581, 582, 583, 584, 585, 586, 587, 588, 589, 590, 591, 592, 593, 594, 595, 596, 597, 598, 599, 600, 601, 602, 603, 604, 605, 606, 607, 608, 609, 610, 611, 612, 613, 614, 615, 616, 617, 618, 619, 620, 621, 622, 623, 624, 625, 626, 627, 628, 629, 630, 631, 632, 633, 634, 635, 636, 637, 638, 639, 640, 641, 642, 643, 644, 645, 646, 647, 648, 649, 650, 651, 652, 653, 654, 655, 656, 657, 658, 659, 660, 661, 662, 663, 664, 665, 666, 667, 668, 669, 670, 671, 672, 673, 674, 675, 676, 677, 678, 679, 680, 681, 682, 683, 684, 685, 686, 687, 688, 689, 690, 691, 692, 693, 694, 695, 696, 697, 698, 699, 700, 701, 702, 703, 704, 705, 706, 707, 708, 709, 710, 711, 712, 713, 714, 715, 716, 717, 718, 719, 720, 721, 722, 723, 724, 725, 726, 727, 728, 729, 730, 731, 732, 733, 734, 735, 736, 737, 738, 739, 740, 741, 742, 743, 744, 745, 746, 747, 748, 749, 750, 751, 752, 753, 754, 755, 756, 757, 758, 759, 760, 761, 762, 763, 764, 765, 766, 767, 768, 769, 770, 771, 772, 773, 774, 775, 776, 777, 778, 779, 780, 781, 782, 783, 784, 785, 786, 787, 788, 789, 790, 791, 792, 793, 848, 857, 878, 902, 919, 928, 929, 932, 934, 935]",False,"[197, 232, 668, 696]","[103, 104, 105, 106, 107, 108, 109, 110, 111, 112, 113, 114, 115, 116, 117, 118, 119, 120, 121, 122, 123, 124, 125, 126, 127, 128, 129, 130, 131, 132, 133, 134, 135, 136, 137, 138, 139, 140, 141, 142, 143, 144, 145, 146, 147, 148, 149, 150, 151, 152, 153, 154, 155, 156, 157, 158, 159, 160, 161, 162, 163, 164, 165, 166, 167, 168, 169, 170, 171, 172, 173, 174, 175, 176, 177, 178, 179, 180, 181, 182, 183, 184, 185, 186, 187, 188, 189, 190, 191, 192, 193, 194, 195, 196, 197, 198, 199, 200, 201, 202, 203, 204, 205, 206, 207, 208, 209, 210, 211, 212, 213, 214, 215, 216, 217, 218, 219, 220, 221, 222, 223, 224, 225, 226, 227, 228, 229, 230, 231, 232, 233, 234, 235, 236, 237, 238, 239, 240, 241, 242, 243, 244, 245, 246, 247, 248, 249, 250, 251, 252, 253, 254, 255, 256, 257, 258, 259, 260, 261, 262, 263, 264, 265, 266, 267, 268, 269, 270, 271, 272, 273, 274, 275, 276, 277, 278, 279, 280, 281, 282, 283, 284, 285, 286, 287, 288, 289, 290, 291, 292, 293, 294, 295, 296, 297, 298, 299, 300, 301, 302, 303, 304, 305, 306, 307, 308, 309, 310, 311, 312, 313, 314, 315, 316, 317, 318, 319, 320, 321, 322, 323, 324, 325, 326, 327, 328, 329, 330, 331, 332, 333, 334, 335, 336, 337, 574, 575, 576, 577, 578, 579, 580, 581, 582, 583, 584, 585, 586, 587, 588, 589, 590, 591, 592, 593, 594, 595, 596, 597, 598, 599, 600, 601, 602, 603, 604, 605, 606, 607, 608, 609, 610, 611, 612, 613, 614, 615, 616, 617, 618, 619, 620, 621, 622, 623, 624, 625, 626, 627, 628, 629, 630, 631, 632, 633, 634, 635, 636, 637, 638, 639, 640, 641, 642, 643, 644, 645, 646, 647, 648, 649, 650, 651, 652, 653, 654, 655, 656, 657, 658, 659, 660, 661, 662, 663, 664, 665, 666, 667, 668, 669, 670, 671, 672, 673, 674, 675, 676, 677, 678, 679, 680, 681, 682, 683, 684, 685, 686, 687, 688, 689, 690, 691, 692, 693, 694, 695, 696, 697, 698, 699, 700, 701, 702, 703, 704, 705, 706, 707, 708, 709, 710, 711, 712, 713, 714, 715, 716, 717, 718, 719, 720, 721, 722, 723, 724, 725, 726, 727, 728, 729, 730, 731, 732, 733, 734, 735, 736, 737, 738, 739, 740, 741, 742, 743, 744, 745, 746, 747, 748, 749, 750, 751, 752, 753, 754, 755, 756, 757, 758, 759, 760, 761, 762, 763, 764, 765, 766, 767, 768, 769, 770, 771, 772, 773, 774, 775, 776, 777, 778, 779, 780, 781, 782, 783, 784, 785, 786, 787, 788, 789, 790, 791, 792, 793]","[174, 188, 189, 197, 232, 254, 399, 645, 659, 660, 668, 696, 717, 848]","[232, 696]","[4, 11, 18, 21, 23, 26, 27, 28, 31, 35, 36, 43, 45, 52, 55, 56, 60, 62, 64, 70, 71, 80, 90, 94, 97, 183, 197, 232, 334, 426, 455, 472, 477, 478, 480, 483, 484, 490, 496, 505, 507, 509, 510, 511, 514, 516, 517, 523, 525, 529, 532, 533, 536, 538, 545, 546, 552, 561, 565, 568, 654, 668, 696, 790, 857, 878, 902, 919, 928, 929, 932, 934, 935]",[],[],7/6 successful match,False,[441],True,738,False,,,,,
"Newberry Sprgs , 92365 Wesco Truck",6 760-257-3003 I-40 Exit 23 ( Fort Stop ( Texaco ),M,Newberry Sprgs,92365,Wesco Truck,760-257-3003,2007,Newberry Springs,CA,,( Fort Stop ( Texaco ),I-40 Exit 23 ,Exit,23,False,,False,I-40,,,,,[],"[197, 232, 668, 696]","[174, 188, 189, 197, 232, 254, 399, 645, 659, 660, 668, 696, 717, 848]","[232, 696]","[103, 104, 105, 106, 107, 108, 109, 110, 111, 112, 113, 114, 115, 116, 117, 118, 119, 120, 121, 122, 123, 124, 125, 126, 127, 128, 129, 130, 131, 132, 133, 134, 135, 136, 137, 138, 139, 140, 141, 142, 143, 144, 145, 146, 147, 148, 149, 150, 151, 152, 153, 154, 155, 156, 157, 158, 159, 160, 161, 162, 163, 164, 165, 166, 167, 168, 169, 170, 171, 172, 173, 174, 175, 176, 177, 178, 179, 180, 181, 182, 183, 184, 185, 186, 187, 188, 189, 190, 191, 192, 193, 194, 195, 196, 197, 198, 199, 200, 201, 202, 203, 204, 205, 206, 207, 208, 209, 210, 211, 212, 213, 214, 215, 216, 217, 218, 219, 220, 221, 222, 223, 224, 225, 226, 227, 228, 229, 230, 231, 232, 233, 234, 235, 236, 237, 238, 239, 240, 241, 242, 243, 244, 245, 246, 247, 248, 249, 250, 251, 252, 253, 254, 255, 256, 257, 258, 259, 260, 261, 262, 263, 264, 265, 266, 267, 268, 269, 270, 271, 272, 273, 274, 275, 276, 277, 278, 279, 280, 281, 282, 283, 284, 285, 286, 287, 288, 289, 290, 291, 292, 293, 294, 295, 296, 297, 298, 299, 300, 301, 302, 303, 304, 305, 306, 307, 308, 309, 310, 311, 312, 313, 314, 315, 316, 317, 318, 319, 320, 321, 322, 323, 324, 325, 326, 327, 328, 329, 330, 331, 332, 333, 334, 335, 336, 337, 574, 575, 576, 577, 578, 579, 580, 581, 582, 583, 584, 585, 586, 587, 588, 589, 590, 591, 592, 593, 594, 595, 596, 597, 598, 599, 600, 601, 602, 603, 604, 605, 606, 607, 608, 609, 610, 611, 612, 613, 614, 615, 616, 617, 618, 619, 620, 621, 622, 623, 624, 625, 626, 627, 628, 629, 630, 631, 632, 633, 634, 635, 636, 637, 638, 639, 640, 641, 642, 643, 644, 645, 646, 647, 648, 649, 650, 651, 652, 653, 654, 655, 656, 657, 658, 659, 660, 661, 662, 663, 664, 665, 666, 667, 668, 669, 670, 671, 672, 673, 674, 675, 676, 677, 678, 679, 680, 681, 682, 683, 684, 685, 686, 687, 688, 689, 690, 691, 692, 693, 694, 695, 696, 697, 698, 699, 700, 701, 702, 703, 704, 705, 706, 707, 708, 709, 710, 711, 712, 713, 714, 715, 716, 717, 718, 719, 720, 721, 722, 723, 724, 725, 726, 727, 728, 729, 730, 731, 732, 733, 734, 735, 736, 737, 738, 739, 740, 741, 742, 743, 744, 745, 746, 747, 748, 749, 750, 751, 752, 753, 754, 755, 756, 757, 758, 759, 760, 761, 762, 763, 764, 765, 766, 767, 768, 769, 770, 771, 772, 773, 774, 775, 776, 777, 778, 779, 780, 781, 782, 783, 784, 785, 786, 787, 788, 789, 790, 791, 792, 793]","[4, 11, 18, 21, 23, 26, 27, 28, 31, 35, 36, 43, 45, 52, 55, 56, 60, 62, 64, 70, 71, 80, 90, 94, 97, 183, 197, 232, 334, 426, 455, 472, 477, 478, 480, 483, 484, 490, 496, 505, 507, 509, 510, 511, 514, 516, 517, 523, 525, 529, 532, 533, 536, 538, 545, 546, 552, 561, 565, 568, 654, 668, 696, 790, 857, 878, 902, 919, 928, 929, 932, 934, 935]",[],[],"[4, 11, 18, 21, 23, 26, 27, 28, 31, 35, 36, 43, 45, 52, 55, 56, 60, 62, 64, 70, 71, 80, 90, 94, 97, 103, 104, 105, 106, 107, 108, 109, 110, 111, 112, 113, 114, 115, 116, 117, 118, 119, 120, 121, 122, 123, 124, 125, 126, 127, 128, 129, 130, 131, 132, 133, 134, 135, 136, 137, 138, 139, 140, 141, 142, 143, 144, 145, 146, 147, 148, 149, 150, 151, 152, 153, 154, 155, 156, 157, 158, 159, 160, 161, 162, 163, 164, 165, 166, 167, 168, 169, 170, 171, 172, 173, 174, 175, 176, 177, 178, 179, 180, 181, 182, 183, 184, 185, 186, 187, 188, 189, 190, 191, 192, 193, 194, 195, 196, 197, 198, 199, 200, 201, 202, 203, 204, 205, 206, 207, 208, 209, 210, 211, 212, 213, 214, 215, 216, 217, 218, 219, 220, 221, 222, 223, 224, 225, 226, 227, 228, 229, 230, 231, 232, 233, 234, 235, 236, 237, 238, 239, 240, 241, 242, 243, 244, 245, 246, 247, 248, 249, 250, 251, 252, 253, 254, 255, 256, 257, 258, 259, 260, 261, 262, 263, 264, 265, 266, 267, 268, 269, 270, 271, 272, 273, 274, 275, 276, 277, 278, 279, 280, 281, 282, 283, 284, 285, 286, 287, 288, 289, 290, 291, 292, 293, 294, 295, 296, 297, 298, 299, 300, 301, 302, 303, 304, 305, 306, 307, 308, 309, 310, 311, 312, 313, 314, 315, 316, 317, 318, 319, 320, 321, 322, 323, 324, 325, 326, 327, 328, 329, 330, 331, 332, 333, 334, 335, 336, 337, 399, 426, 455, 472, 477, 478, 480, 483, 484, 490, 496, 505, 507, 509, 510, 511, 514, 516, 517, 523, 525, 529, 532, 533, 536, 538, 545, 546, 552, 561, 565, 568, 574, 575, 576, 577, 578, 579, 580, 581, 582, 583, 584, 585, 586, 587, 588, 589, 590, 591, 592, 593, 594, 595, 596, 597, 598, 599, 600, 601, 602, 603, 604, 605, 606, 607, 608, 609, 610, 611, 612, 613, 614, 615, 616, 617, 618, 619, 620, 621, 622, 623, 624, 625, 626, 627, 628, 629, 630, 631, 632, 633, 634, 635, 636, 637, 638, 639, 640, 641, 642, 643, 644, 645, 646, 647, 648, 649, 650, 651, 652, 653, 654, 655, 656, 657, 658, 659, 660, 661, 662, 663, 664, 665, 666, 667, 668, 669, 670, 671, 672, 673, 674, 675, 676, 677, 678, 679, 680, 681, 682, 683, 684, 685, 686, 687, 688, 689, 690, 691, 692, 693, 694, 695, 696, 697, 698, 699, 700, 701, 702, 703, 704, 705, 706, 707, 708, 709, 710, 711, 712, 713, 714, 715, 716, 717, 718, 719, 720, 721, 722, 723, 724, 725, 726, 727, 728, 729, 730, 731, 732, 733, 734, 735, 736, 737, 738, 739, 740, 741, 742, 743, 744, 745, 746, 747, 748, 749, 750, 751, 752, 753, 754, 755, 756, 757, 758, 759, 760, 761, 762, 763, 764, 765, 766, 767, 768, 769, 770, 771, 772, 773, 774, 775, 776, 777, 778, 779, 780, 781, 782, 783, 784, 785, 786, 787, 788, 789, 790, 791, 792, 793, 848, 857, 878, 902, 919, 928, 929, 932, 934, 935]",False,"[197, 232, 668, 696]","[103, 104, 105, 106, 107, 108, 109, 110, 111, 112, 113, 114, 115, 116, 117, 118, 119, 120, 121, 122, 123, 124, 125, 126, 127, 128, 129, 130, 131, 132, 133, 134, 135, 136, 137, 138, 139, 140, 141, 142, 143, 144, 145, 146, 147, 148, 149, 150, 151, 152, 153, 154, 155, 156, 157, 158, 159, 160, 161, 162, 163, 164, 165, 166, 167, 168, 169, 170, 171, 172, 173, 174, 175, 176, 177, 178, 179, 180, 181, 182, 183, 184, 185, 186, 187, 188, 189, 190, 191, 192, 193, 194, 195, 196, 197, 198, 199, 200, 201, 202, 203, 204, 205, 206, 207, 208, 209, 210, 211, 212, 213, 214, 215, 216, 217, 218, 219, 220, 221, 222, 223, 224, 225, 226, 227, 228, 229, 230, 231, 232, 233, 234, 235, 236, 237, 238, 239, 240, 241, 242, 243, 244, 245, 246, 247, 248, 249, 250, 251, 252, 253, 254, 255, 256, 257, 258, 259, 260, 261, 262, 263, 264, 265, 266, 267, 268, 269, 270, 271, 272, 273, 274, 275, 276, 277, 278, 279, 280, 281, 282, 283, 284, 285, 286, 287, 288, 289, 290, 291, 292, 293, 294, 295, 296, 297, 298, 299, 300, 301, 302, 303, 304, 305, 306, 307, 308, 309, 310, 311, 312, 313, 314, 315, 316, 317, 318, 319, 320, 321, 322, 323, 324, 325, 326, 327, 328, 329, 330, 331, 332, 333, 334, 335, 336, 337, 574, 575, 576, 577, 578, 579, 580, 581, 582, 583, 584, 585, 586, 587, 588, 589, 590, 591, 592, 593, 594, 595, 596, 597, 598, 599, 600, 601, 602, 603, 604, 605, 606, 607, 608, 609, 610, 611, 612, 613, 614, 615, 616, 617, 618, 619, 620, 621, 622, 623, 624, 625, 626, 627, 628, 629, 630, 631, 632, 633, 634, 635, 636, 637, 638, 639, 640, 641, 642, 643, 644, 645, 646, 647, 648, 649, 650, 651, 652, 653, 654, 655, 656, 657, 658, 659, 660, 661, 662, 663, 664, 665, 666, 667, 668, 669, 670, 671, 672, 673, 674, 675, 676, 677, 678, 679, 680, 681, 682, 683, 684, 685, 686, 687, 688, 689, 690, 691, 692, 693, 694, 695, 696, 697, 698, 699, 700, 701, 702, 703, 704, 705, 706, 707, 708, 709, 710, 711, 712, 713, 714, 715, 716, 717, 718, 719, 720, 721, 722, 723, 724, 725, 726, 727, 728, 729, 730, 731, 732, 733, 734, 735, 736, 737, 738, 739, 740, 741, 742, 743, 744, 745, 746, 747, 748, 749, 750, 751, 752, 753, 754, 755, 756, 757, 758, 759, 760, 761, 762, 763, 764, 765, 766, 767, 768, 769, 770, 771, 772, 773, 774, 775, 776, 777, 778, 779, 780, 781, 782, 783, 784, 785, 786, 787, 788, 789, 790, 791, 792, 793]","[174, 188, 189, 197, 232, 254, 399, 645, 659, 660, 668, 696, 717, 848]","[232, 696]","[4, 11, 18, 21, 23, 26, 27, 28, 31, 35, 36, 43, 45, 52, 55, 56, 60, 62, 64, 70, 71, 80, 90, 94, 97, 183, 197, 232, 334, 426, 455, 472, 477, 478, 480, 483, 484, 490, 496, 505, 507, 509, 510, 511, 514, 516, 517, 523, 525, 529, 532, 533, 536, 538, 545, 546, 552, 561, 565, 568, 654, 668, 696, 790, 857, 878, 902, 919, 928, 929, 932, 934, 935]",[],[],7/6 successful match,False,[441],True,738,False,,0.8444444444444443,True,Wesco Truck Stop,
"Newberry Sprgs , 92365 Wesco Truck Stop ( Texaco )",6 760-257-3003 I-40 Exit 23 ( Fort Cady Rd N ),24 HR3 M <U+2610> <U+2610>,Newberry Sprgs,92365,Wesco Truck Stop ( Texaco ),760-257-3003,2008,Newberry Springs,CA,Texaco,( Fort Cady Rd N ),I-40 Exit 23 ,Exit,23,False,,False,I-40,,,,,[],"[197, 232, 668, 696]","[174, 188, 189, 197, 232, 254, 399, 645, 659, 660, 668, 696, 717, 848]","[232, 696]","[103, 104, 105, 106, 107, 108, 109, 110, 111, 112, 113, 114, 115, 116, 117, 118, 119, 120, 121, 122, 123, 124, 125, 126, 127, 128, 129, 130, 131, 132, 133, 134, 135, 136, 137, 138, 139, 140, 141, 142, 143, 144, 145, 146, 147, 148, 149, 150, 151, 152, 153, 154, 155, 156, 157, 158, 159, 160, 161, 162, 163, 164, 165, 166, 167, 168, 169, 170, 171, 172, 173, 174, 175, 176, 177, 178, 179, 180, 181, 182, 183, 184, 185, 186, 187, 188, 189, 190, 191, 192, 193, 194, 195, 196, 197, 198, 199, 200, 201, 202, 203, 204, 205, 206, 207, 208, 209, 210, 211, 212, 213, 214, 215, 216, 217, 218, 219, 220, 221, 222, 223, 224, 225, 226, 227, 228, 229, 230, 231, 232, 233, 234, 235, 236, 237, 238, 239, 240, 241, 242, 243, 244, 245, 246, 247, 248, 249, 250, 251, 252, 253, 254, 255, 256, 257, 258, 259, 260, 261, 262, 263, 264, 265, 266, 267, 268, 269, 270, 271, 272, 273, 274, 275, 276, 277, 278, 279, 280, 281, 282, 283, 284, 285, 286, 287, 288, 289, 290, 291, 292, 293, 294, 295, 296, 297, 298, 299, 300, 301, 302, 303, 304, 305, 306, 307, 308, 309, 310, 311, 312, 313, 314, 315, 316, 317, 318, 319, 320, 321, 322, 323, 324, 325, 326, 327, 328, 329, 330, 331, 332, 333, 334, 335, 336, 337, 574, 575, 576, 577, 578, 579, 580, 581, 582, 583, 584, 585, 586, 587, 588, 589, 590, 591, 592, 593, 594, 595, 596, 597, 598, 599, 600, 601, 602, 603, 604, 605, 606, 607, 608, 609, 610, 611, 612, 613, 614, 615, 616, 617, 618, 619, 620, 621, 622, 623, 624, 625, 626, 627, 628, 629, 630, 631, 632, 633, 634, 635, 636, 637, 638, 639, 640, 641, 642, 643, 644, 645, 646, 647, 648, 649, 650, 651, 652, 653, 654, 655, 656, 657, 658, 659, 660, 661, 662, 663, 664, 665, 666, 667, 668, 669, 670, 671, 672, 673, 674, 675, 676, 677, 678, 679, 680, 681, 682, 683, 684, 685, 686, 687, 688, 689, 690, 691, 692, 693, 694, 695, 696, 697, 698, 699, 700, 701, 702, 703, 704, 705, 706, 707, 708, 709, 710, 711, 712, 713, 714, 715, 716, 717, 718, 719, 720, 721, 722, 723, 724, 725, 726, 727, 728, 729, 730, 731, 732, 733, 734, 735, 736, 737, 738, 739, 740, 741, 742, 743, 744, 745, 746, 747, 748, 749, 750, 751, 752, 753, 754, 755, 756, 757, 758, 759, 760, 761, 762, 763, 764, 765, 766, 767, 768, 769, 770, 771, 772, 773, 774, 775, 776, 777, 778, 779, 780, 781, 782, 783, 784, 785, 786, 787, 788, 789, 790, 791, 792, 793]","[4, 11, 18, 21, 23, 26, 27, 28, 31, 35, 36, 43, 45, 52, 55, 56, 60, 62, 64, 70, 71, 80, 90, 94, 97, 183, 197, 232, 334, 426, 455, 472, 477, 478, 480, 483, 484, 490, 496, 505, 507, 509, 510, 511, 514, 516, 517, 523, 525, 529, 532, 533, 536, 538, 545, 546, 552, 561, 565, 568, 654, 668, 696, 790, 857, 878, 902, 919, 928, 929, 932, 934, 935]","[26, 390, 474, 486, 509, 840, 922, 926]","[26, 390, 474, 486, 509, 840, 922, 926]","[4, 11, 18, 21, 23, 26, 27, 28, 31, 35, 36, 43, 45, 52, 55, 56, 60, 62, 64, 70, 71, 80, 90, 94, 97, 103, 104, 105, 106, 107, 108, 109, 110, 111, 112, 113, 114, 115, 116, 117, 118, 119, 120, 121, 122, 123, 124, 125, 126, 127, 128, 129, 130, 131, 132, 133, 134, 135, 136, 137, 138, 139, 140, 141, 142, 143, 144, 145, 146, 147, 148, 149, 150, 151, 152, 153, 154, 155, 156, 157, 158, 159, 160, 161, 162, 163, 164, 165, 166, 167, 168, 169, 170, 171, 172, 173, 174, 175, 176, 177, 178, 179, 180, 181, 182, 183, 184, 185, 186, 187, 188, 189, 190, 191, 192, 193, 194, 195, 196, 197, 198, 199, 200, 201, 202, 203, 204, 205, 206, 207, 208, 209, 210, 211, 212, 213, 214, 215, 216, 217, 218, 219, 220, 221, 222, 223, 224, 225, 226, 227, 228, 229, 230, 231, 232, 233, 234, 235, 236, 237, 238, 239, 240, 241, 242, 243, 244, 245, 246, 247, 248, 249, 250, 251, 252, 253, 254, 255, 256, 257, 258, 259, 260, 261, 262, 263, 264, 265, 266, 267, 268, 269, 270, 271, 272, 273, 274, 275, 276, 277, 278, 279, 280, 281, 282, 283, 284, 285, 286, 287, 288, 289, 290, 291, 292, 293, 294, 295, 296, 297, 298, 299, 300, 301, 302, 303, 304, 305, 306, 307, 308, 309, 310, 311, 312, 313, 314, 315, 316, 317, 318, 319, 320, 321, 322, 323, 324, 325, 326, 327, 328, 329, 330, 331, 332, 333, 334, 335, 336, 337, 390, 399, 426, 455, 472, 474, 477, 478, 480, 483, 484, 486, 490, 496, 505, 507, 509, 510, 511, 514, 516, 517, 523, 525, 529, 532, 533, 536, 538, 545, 546, 552, 561, 565, 568, 574, 575, 576, 577, 578, 579, 580, 581, 582, 583, 584, 585, 586, 587, 588, 589, 590, 591, 592, 593, 594, 595, 596, 597, 598, 599, 600, 601, 602, 603, 604, 605, 606, 607, 608, 609, 610, 611, 612, 613, 614, 615, 616, 617, 618, 619, 620, 621, 622, 623, 624, 625, 626, 627, 628, 629, 630, 631, 632, 633, 634, 635, 636, 637, 638, 639, 640, 641, 642, 643, 644, 645, 646, 647, 648, 649, 650, 651, 652, 653, 654, 655, 656, 657, 658, 659, 660, 661, 662, 663, 664, 665, 666, 667, 668, 669, 670, 671, 672, 673, 674, 675, 676, 677, 678, 679, 680, 681, 682, 683, 684, 685, 686, 687, 688, 689, 690, 691, 692, 693, 694, 695, 696, 697, 698, 699, 700, 701, 702, 703, 704, 705, 706, 707, 708, 709, 710, 711, 712, 713, 714, 715, 716, 717, 718, 719, 720, 721, 722, 723, 724, 725, 726, 727, 728, 729, 730, 731, 732, 733, 734, 735, 736, 737, 738, 739, 740, 741, 742, 743, 744, 745, 746, 747, 748, 749, 750, 751, 752, 753, 754, 755, 756, 757, 758, 759, 760, 761, 762, 763, 764, 765, 766, 767, 768, 769, 770, 771, 772, 773, 774, 775, 776, 777, 778, 779, 780, 781, 782, 783, 784, 785, 786, 787, 788, 789, 790, 791, 792, 793, 840, 848, 857, 878, 902, 919, 922, 926, 928, 929, 932, 934, 935]",False,"[197, 232, 668, 696]","[103, 104, 105, 106, 107, 108, 109, 110, 111, 112, 113, 114, 115, 116, 117, 118, 119, 120, 121, 122, 123, 124, 125, 126, 127, 128, 129, 130, 131, 132, 133, 134, 135, 136, 137, 138, 139, 140, 141, 142, 143, 144, 145, 146, 147, 148, 149, 150, 151, 152, 153, 154, 155, 156, 157, 158, 159, 160, 161, 162, 163, 164, 165, 166, 167, 168, 169, 170, 171, 172, 173, 174, 175, 176, 177, 178, 179, 180, 181, 182, 183, 184, 185, 186, 187, 188, 189, 190, 191, 192, 193, 194, 195, 196, 197, 198, 199, 200, 201, 202, 203, 204, 205, 206, 207, 208, 209, 210, 211, 212, 213, 214, 215, 216, 217, 218, 219, 220, 221, 222, 223, 224, 225, 226, 227, 228, 229, 230, 231, 232, 233, 234, 235, 236, 237, 238, 239, 240, 241, 242, 243, 244, 245, 246, 247, 248, 249, 250, 251, 252, 253, 254, 255, 256, 257, 258, 259, 260, 261, 262, 263, 264, 265, 266, 267, 268, 269, 270, 271, 272, 273, 274, 275, 276, 277, 278, 279, 280, 281, 282, 283, 284, 285, 286, 287, 288, 289, 290, 291, 292, 293, 294, 295, 296, 297, 298, 299, 300, 301, 302, 303, 304, 305, 306, 307, 308, 309, 310, 311, 312, 313, 314, 315, 316, 317, 318, 319, 320, 321, 322, 323, 324, 325, 326, 327, 328, 329, 330, 331, 332, 333, 334, 335, 336, 337, 574, 575, 576, 577, 578, 579, 580, 581, 582, 583, 584, 585, 586, 587, 588, 589, 590, 591, 592, 593, 594, 595, 596, 597, 598, 599, 600, 601, 602, 603, 604, 605, 606, 607, 608, 609, 610, 611, 612, 613, 614, 615, 616, 617, 618, 619, 620, 621, 622, 623, 624, 625, 626, 627, 628, 629, 630, 631, 632, 633, 634, 635, 636, 637, 638, 639, 640, 641, 642, 643, 644, 645, 646, 647, 648, 649, 650, 651, 652, 653, 654, 655, 656, 657, 658, 659, 660, 661, 662, 663, 664, 665, 666, 667, 668, 669, 670, 671, 672, 673, 674, 675, 676, 677, 678, 679, 680, 681, 682, 683, 684, 685, 686, 687, 688, 689, 690, 691, 692, 693, 694, 695, 696, 697, 698, 699, 700, 701, 702, 703, 704, 705, 706, 707, 708, 709, 710, 711, 712, 713, 714, 715, 716, 717, 718, 719, 720, 721, 722, 723, 724, 725, 726, 727, 728, 729, 730, 731, 732, 733, 734, 735, 736, 737, 738, 739, 740, 741, 742, 743, 744, 745, 746, 747, 748, 749, 750, 751, 752, 753, 754, 755, 756, 757, 758, 759, 760, 761, 762, 763, 764, 765, 766, 767, 768, 769, 770, 771, 772, 773, 774, 775, 776, 777, 778, 779, 780, 781, 782, 783, 784, 785, 786, 787, 788, 789, 790, 791, 792, 793]","[174, 188, 189, 197, 232, 254, 399, 645, 659, 660, 668, 696, 717, 848]","[232, 696]","[4, 11, 18, 21, 23, 26, 27, 28, 31, 35, 36, 43, 45, 52, 55, 56, 60, 62, 64, 70, 71, 80, 90, 94, 97, 183, 197, 232, 334, 426, 455, 472, 477, 478, 480, 483, 484, 490, 496, 505, 507, 509, 510, 511, 514, 516, 517, 523, 525, 529, 532, 533, 536, 538, 545, 546, 552, 561, 565, 568, 654, 668, 696, 790, 857, 878, 902, 919, 928, 929, 932, 934, 935]","[26, 390, 474, 486, 509, 840, 922, 926]","[26, 390, 474, 486, 509, 840, 922, 926]",5/6 successful match,False,[441],True,738,False,,0.7736842105263158,True,Wesco Truck,
Newberry Springs ( 92365 ) Kelly's Market & Truck Stop ) ( Chevron ),760-257-3334 I-40 Exit 18 ( CA 66 E ),24 <U+25A1>,Newberry Springs,92365,Kelly's Market & Truck Stop ) ( Chevron ),760-257-3334,2014,Newberry Springs,CA,Chevron,( CA 66 E ),I-40 Exit 18 ,Exit,18,False,,False,I-40,,,,,"[668, 197]","[197, 232, 668, 696]","[174, 188, 189, 197, 232, 254, 399, 645, 659, 660, 668, 696, 717, 848]","[197, 201, 668]","[103, 104, 105, 106, 107, 108, 109, 110, 111, 112, 113, 114, 115, 116, 117, 118, 119, 120, 121, 122, 123, 124, 125, 126, 127, 128, 129, 130, 131, 132, 133, 134, 135, 136, 137, 138, 139, 140, 141, 142, 143, 144, 145, 146, 147, 148, 149, 150, 151, 152, 153, 154, 155, 156, 157, 158, 159, 160, 161, 162, 163, 164, 165, 166, 167, 168, 169, 170, 171, 172, 173, 174, 175, 176, 177, 178, 179, 180, 181, 182, 183, 184, 185, 186, 187, 188, 189, 190, 191, 192, 193, 194, 195, 196, 197, 198, 199, 200, 201, 202, 203, 204, 205, 206, 207, 208, 209, 210, 211, 212, 213, 214, 215, 216, 217, 218, 219, 220, 221, 222, 223, 224, 225, 226, 227, 228, 229, 230, 231, 232, 233, 234, 235, 236, 237, 238, 239, 240, 241, 242, 243, 244, 245, 246, 247, 248, 249, 250, 251, 252, 253, 254, 255, 256, 257, 258, 259, 260, 261, 262, 263, 264, 265, 266, 267, 268, 269, 270, 271, 272, 273, 274, 275, 276, 277, 278, 279, 280, 281, 282, 283, 284, 285, 286, 287, 288, 289, 290, 291, 292, 293, 294, 295, 296, 297, 298, 299, 300, 301, 302, 303, 304, 305, 306, 307, 308, 309, 310, 311, 312, 313, 314, 315, 316, 317, 318, 319, 320, 321, 322, 323, 324, 325, 326, 327, 328, 329, 330, 331, 332, 333, 334, 335, 336, 337, 574, 575, 576, 577, 578, 579, 580, 581, 582, 583, 584, 585, 586, 587, 588, 589, 590, 591, 592, 593, 594, 595, 596, 597, 598, 599, 600, 601, 602, 603, 604, 605, 606, 607, 608, 609, 610, 611, 612, 613, 614, 615, 616, 617, 618, 619, 620, 621, 622, 623, 624, 625, 626, 627, 628, 629, 630, 631, 632, 633, 634, 635, 636, 637, 638, 639, 640, 641, 642, 643, 644, 645, 646, 647, 648, 649, 650, 651, 652, 653, 654, 655, 656, 657, 658, 659, 660, 661, 662, 663, 664, 665, 666, 667, 668, 669, 670, 671, 672, 673, 674, 675, 676, 677, 678, 679, 680, 681, 682, 683, 684, 685, 686, 687, 688, 689, 690, 691, 692, 693, 694, 695, 696, 697, 698, 699, 700, 701, 702, 703, 704, 705, 706, 707, 708, 709, 710, 711, 712, 713, 714, 715, 716, 717, 718, 719, 720, 721, 722, 723, 724, 725, 726, 727, 728, 729, 730, 731, 732, 733, 734, 735, 736, 737, 738, 739, 740, 741, 742, 743, 744, 745, 746, 747, 748, 749, 750, 751, 752, 753, 754, 755, 756, 757, 758, 759, 760, 761, 762, 763, 764, 765, 766, 767, 768, 769, 770, 771, 772, 773, 774, 775, 776, 777, 778, 779, 780, 781, 782, 783, 784, 785, 786, 787, 788, 789, 790, 791, 792, 793]","[4, 11, 18, 21, 23, 26, 27, 28, 31, 35, 36, 43, 45, 52, 55, 56, 60, 62, 64, 70, 71, 80, 90, 94, 97, 183, 197, 232, 334, 426, 455, 472, 477, 478, 480, 483, 484, 490, 496, 505, 507, 509, 510, 511, 514, 516, 517, 523, 525, 529, 532, 533, 536, 538, 545, 546, 552, 561, 565, 568, 654, 668, 696, 790, 857, 878, 902, 919, 928, 929, 932, 934, 935]","[12, 24, 25, 28, 88, 100, 104, 119, 123, 129, 136, 137, 139, 140, 141, 148, 155, 169, 172, 179, 183, 185, 188, 196, 198, 217, 237, 267, 270, 278, 319, 321, 324, 325, 330, 334, 335, 354, 366, 369, 380, 383, 384, 386, 395, 407, 411, 423, 428, 436, 437, 452, 453, 456, 467, 471, 477, 478, 479, 497, 508, 511, 559, 571, 575, 590, 594, 600, 607, 608, 610, 611, 612, 619, 627, 640, 643, 650, 654, 656, 659, 667, 669, 685, 701, 726, 729, 737, 777, 779, 782, 783, 787, 790, 791, 809, 817, 819, 830, 833, 834, 836, 845, 856, 857, 860, 862, 875, 880, 887, 888, 899, 900, 914, 918, 921, 928, 929, 930]","[12, 24, 25, 28, 88, 100, 104, 119, 123, 129, 136, 137, 139, 140, 141, 148, 155, 169, 172, 179, 183, 185, 188, 196, 197, 198, 217, 237, 267, 270, 278, 319, 321, 324, 325, 330, 334, 335, 354, 366, 369, 380, 383, 384, 386, 395, 407, 411, 423, 428, 436, 437, 452, 453, 456, 467, 471, 477, 478, 479, 497, 508, 511, 559, 571, 575, 590, 594, 600, 607, 608, 610, 611, 612, 619, 627, 640, 643, 650, 654, 656, 659, 667, 668, 669, 685, 701, 726, 729, 737, 777, 779, 782, 783, 787, 790, 791, 809, 817, 819, 830, 833, 834, 836, 845, 856, 857, 860, 862, 875, 880, 887, 888, 899, 900, 914, 918, 921, 928, 929, 930]","[4, 11, 12, 18, 21, 23, 24, 25, 26, 27, 28, 31, 35, 36, 43, 45, 52, 55, 56, 60, 62, 64, 70, 71, 80, 88, 90, 94, 97, 100, 103, 104, 105, 106, 107, 108, 109, 110, 111, 112, 113, 114, 115, 116, 117, 118, 119, 120, 121, 122, 123, 124, 125, 126, 127, 128, 129, 130, 131, 132, 133, 134, 135, 136, 137, 138, 139, 140, 141, 142, 143, 144, 145, 146, 147, 148, 149, 150, 151, 152, 153, 154, 155, 156, 157, 158, 159, 160, 161, 162, 163, 164, 165, 166, 167, 168, 169, 170, 171, 172, 173, 174, 175, 176, 177, 178, 179, 180, 181, 182, 183, 184, 185, 186, 187, 188, 189, 190, 191, 192, 193, 194, 195, 196, 197, 198, 199, 200, 201, 202, 203, 204, 205, 206, 207, 208, 209, 210, 211, 212, 213, 214, 215, 216, 217, 218, 219, 220, 221, 222, 223, 224, 225, 226, 227, 228, 229, 230, 231, 232, 233, 234, 235, 236, 237, 238, 239, 240, 241, 242, 243, 244, 245, 246, 247, 248, 249, 250, 251, 252, 253, 254, 255, 256, 257, 258, 259, 260, 261, 262, 263, 264, 265, 266, 267, 268, 269, 270, 271, 272, 273, 274, 275, 276, 277, 278, 279, 280, 281, 282, 283, 284, 285, 286, 287, 288, 289, 290, 291, 292, 293, 294, 295, 296, 297, 298, 299, 300, 301, 302, 303, 304, 305, 306, 307, 308, 309, 310, 311, 312, 313, 314, 315, 316, 317, 318, 319, 320, 321, 322, 323, 324, 325, 326, 327, 328, 329, 330, 331, 332, 333, 334, 335, 336, 337, 354, 366, 369, 380, 383, 384, 386, 395, 399, 407, 411, 423, 426, 428, 436, 437, 452, 453, 455, 456, 467, 471, 472, 477, 478, 479, 480, 483, 484, 490, 496, 497, 505, 507, 508, 509, 510, 511, 514, 516, 517, 523, 525, 529, 532, 533, 536, 538, 545, 546, 552, 559, 561, 565, 568, 571, 574, 575, 576, 577, 578, 579, 580, 581, 582, 583, 584, 585, 586, 587, 588, 589, 590, 591, 592, 593, 594, 595, 596, 597, 598, 599, 600, 601, 602, 603, 604, 605, 606, 607, 608, 609, 610, 611, 612, 613, 614, 615, 616, 617, 618, 619, 620, 621, 622, 623, 624, 625, 626, 627, 628, 629, 630, 631, 632, 633, 634, 635, 636, 637, 638, 639, 640, 641, 642, 643, 644, 645, 646, 647, 648, 649, 650, 651, 652, 653, 654, 655, 656, 657, 658, 659, 660, 661, 662, 663, 664, 665, 666, 667, 668, 669, 670, 671, 672, 673, 674, 675, 676, 677, 678, 679, 680, 681, 682, 683, 684, 685, 686, 687, 688, 689, 690, 691, 692, 693, 694, 695, 696, 697, 698, 699, 700, 701, 702, 703, 704, 705, 706, 707, 708, 709, 710, 711, 712, 713, 714, 715, 716, 717, 718, 719, 720, 721, 722, 723, 724, 725, 726, 727, 728, 729, 730, 731, 732, 733, 734, 735, 736, 737, 738, 739, 740, 741, 742, 743, 744, 745, 746, 747, 748, 749, 750, 751, 752, 753, 754, 755, 756, 757, 758, 759, 760, 761, 762, 763, 764, 765, 766, 767, 768, 769, 770, 771, 772, 773, 774, 775, 776, 777, 778, 779, 780, 781, 782, 783, 784, 785, 786, 787, 788, 789, 790, 791, 792, 793, 809, 817, 819, 830, 833, 834, 836, 845, 848, 856, 857, 860, 862, 875, 878, 880, 887, 888, 899, 900, 902, 914, 918, 919, 921, 928, 929, 930, 932, 934, 935]",True,"[197, 232, 668, 696]","[103, 104, 105, 106, 107, 108, 109, 110, 111, 112, 113, 114, 115, 116, 117, 118, 119, 120, 121, 122, 123, 124, 125, 126, 127, 128, 129, 130, 131, 132, 133, 134, 135, 136, 137, 138, 139, 140, 141, 142, 143, 144, 145, 146, 147, 148, 149, 150, 151, 152, 153, 154, 155, 156, 157, 158, 159, 160, 161, 162, 163, 164, 165, 166, 167, 168, 169, 170, 171, 172, 173, 174, 175, 176, 177, 178, 179, 180, 181, 182, 183, 184, 185, 186, 187, 188, 189, 190, 191, 192, 193, 194, 195, 196, 197, 198, 199, 200, 201, 202, 203, 204, 205, 206, 207, 208, 209, 210, 211, 212, 213, 214, 215, 216, 217, 218, 219, 220, 221, 222, 223, 224, 225, 226, 227, 228, 229, 230, 231, 232, 233, 234, 235, 236, 237, 238, 239, 240, 241, 242, 243, 244, 245, 246, 247, 248, 249, 250, 251, 252, 253, 254, 255, 256, 257, 258, 259, 260, 261, 262, 263, 264, 265, 266, 267, 268, 269, 270, 271, 272, 273, 274, 275, 276, 277, 278, 279, 280, 281, 282, 283, 284, 285, 286, 287, 288, 289, 290, 291, 292, 293, 294, 295, 296, 297, 298, 299, 300, 301, 302, 303, 304, 305, 306, 307, 308, 309, 310, 311, 312, 313, 314, 315, 316, 317, 318, 319, 320, 321, 322, 323, 324, 325, 326, 327, 328, 329, 330, 331, 332, 333, 334, 335, 336, 337, 574, 575, 576, 577, 578, 579, 580, 581, 582, 583, 584, 585, 586, 587, 588, 589, 590, 591, 592, 593, 594, 595, 596, 597, 598, 599, 600, 601, 602, 603, 604, 605, 606, 607, 608, 609, 610, 611, 612, 613, 614, 615, 616, 617, 618, 619, 620, 621, 622, 623, 624, 625, 626, 627, 628, 629, 630, 631, 632, 633, 634, 635, 636, 637, 638, 639, 640, 641, 642, 643, 644, 645, 646, 647, 648, 649, 650, 651, 652, 653, 654, 655, 656, 657, 658, 659, 660, 661, 662, 663, 664, 665, 666, 667, 668, 669, 670, 671, 672, 673, 674, 675, 676, 677, 678, 679, 680, 681, 682, 683, 684, 685, 686, 687, 688, 689, 690, 691, 692, 693, 694, 695, 696, 697, 698, 699, 700, 701, 702, 703, 704, 705, 706, 707, 708, 709, 710, 711, 712, 713, 714, 715, 716, 717, 718, 719, 720, 721, 722, 723, 724, 725, 726, 727, 728, 729, 730, 731, 732, 733, 734, 735, 736, 737, 738, 739, 740, 741, 742, 743, 744, 745, 746, 747, 748, 749, 750, 751, 752, 753, 754, 755, 756, 757, 758, 759, 760, 761, 762, 763, 764, 765, 766, 767, 768, 769, 770, 771, 772, 773, 774, 775, 776, 777, 778, 779, 780, 781, 782, 783, 784, 785, 786, 787, 788, 789, 790, 791, 792, 793]","[174, 188, 189, 197, 232, 254, 399, 645, 659, 660, 668, 696, 717, 848]","[197, 201, 668]","[4, 11, 18, 21, 23, 26, 27, 28, 31, 35, 36, 43, 45, 52, 55, 56, 60, 62, 64, 70, 71, 80, 90, 94, 97, 183, 197, 232, 334, 426, 455, 472, 477, 478, 480, 483, 484, 490, 496, 505, 507, 509, 510, 511, 514, 516, 517, 523, 525, 529, 532, 533, 536, 538, 545, 546, 552, 561, 565, 568, 654, 668, 696, 790, 857, 878, 902, 919, 928, 929, 932, 934, 935]","[12, 24, 25, 28, 88, 100, 104, 119, 123, 129, 136, 137, 139, 140, 141, 148, 155, 169, 172, 179, 183, 185, 188, 196, 197, 198, 217, 237, 267, 270, 278, 319, 321, 324, 325, 330, 334, 335, 354, 366, 369, 380, 383, 384, 386, 395, 407, 411, 423, 428, 436, 437, 452, 453, 456, 467, 471, 477, 478, 479, 497, 508, 511, 559, 571, 575, 590, 594, 600, 607, 608, 610, 611, 612, 619, 627, 640, 643, 650, 654, 656, 659, 667, 668, 669, 685, 701, 726, 729, 737, 777, 779, 782, 783, 787, 790, 791, 809, 817, 819, 830, 833, 834, 836, 845, 856, 857, 860, 862, 875, 880, 887, 888, 899, 900, 914, 918, 921, 928, 929, 930]","[12, 24, 25, 28, 88, 100, 104, 119, 123, 129, 136, 137, 139, 140, 141, 148, 155, 169, 172, 179, 183, 185, 188, 196, 198, 217, 237, 267, 270, 278, 319, 321, 324, 325, 330, 334, 335, 354, 366, 369, 380, 383, 384, 386, 395, 407, 411, 423, 428, 436, 437, 452, 453, 456, 467, 471, 477, 478, 479, 497, 508, 511, 559, 571, 575, 590, 594, 600, 607, 608, 610, 611, 612, 619, 627, 640, 643, 650, 654, 656, 659, 667, 669, 685, 701, 726, 729, 737, 777, 779, 782, 783, 787, 790, 791, 809, 817, 819, 830, 833, 834, 836, 845, 856, 857, 860, 862, 875, 880, 887, 888, 899, 900, 914, 918, 921, 928, 929, 930]",6/6 successful match,True,"[597, 598]",True,738,True,2014,0.29411764705882354,False,Wesco Truck Stop ( Texaco ),Texaco
"Newberry Springs ( 92365 ) Kelly's Market ( W & Truck Broadway Stop ) , ( Chevron )",760-257-3334 I-40 Exit 18 ( CA E ),24 <U+2610>,Newberry Springs,92365,"Kelly's Market ( W & Truck Broadway Stop ) , ( Chevron )",760-257-3334,2015,Newberry Springs,CA,Chevron,( CA E ),I-40 Exit 18 ,Exit,18,False,,False,I-40,,,,,"[668, 197]","[197, 232, 668, 696]","[174, 188, 189, 197, 232, 254, 399, 645, 659, 660, 668, 696, 717, 848]","[197, 201, 668]","[103, 104, 105, 106, 107, 108, 109, 110, 111, 112, 113, 114, 115, 116, 117, 118, 119, 120, 121, 122, 123, 124, 125, 126, 127, 128, 129, 130, 131, 132, 133, 134, 135, 136, 137, 138, 139, 140, 141, 142, 143, 144, 145, 146, 147, 148, 149, 150, 151, 152, 153, 154, 155, 156, 157, 158, 159, 160, 161, 162, 163, 164, 165, 166, 167, 168, 169, 170, 171, 172, 173, 174, 175, 176, 177, 178, 179, 180, 181, 182, 183, 184, 185, 186, 187, 188, 189, 190, 191, 192, 193, 194, 195, 196, 197, 198, 199, 200, 201, 202, 203, 204, 205, 206, 207, 208, 209, 210, 211, 212, 213, 214, 215, 216, 217, 218, 219, 220, 221, 222, 223, 224, 225, 226, 227, 228, 229, 230, 231, 232, 233, 234, 235, 236, 237, 238, 239, 240, 241, 242, 243, 244, 245, 246, 247, 248, 249, 250, 251, 252, 253, 254, 255, 256, 257, 258, 259, 260, 261, 262, 263, 264, 265, 266, 267, 268, 269, 270, 271, 272, 273, 274, 275, 276, 277, 278, 279, 280, 281, 282, 283, 284, 285, 286, 287, 288, 289, 290, 291, 292, 293, 294, 295, 296, 297, 298, 299, 300, 301, 302, 303, 304, 305, 306, 307, 308, 309, 310, 311, 312, 313, 314, 315, 316, 317, 318, 319, 320, 321, 322, 323, 324, 325, 326, 327, 328, 329, 330, 331, 332, 333, 334, 335, 336, 337, 574, 575, 576, 577, 578, 579, 580, 581, 582, 583, 584, 585, 586, 587, 588, 589, 590, 591, 592, 593, 594, 595, 596, 597, 598, 599, 600, 601, 602, 603, 604, 605, 606, 607, 608, 609, 610, 611, 612, 613, 614, 615, 616, 617, 618, 619, 620, 621, 622, 623, 624, 625, 626, 627, 628, 629, 630, 631, 632, 633, 634, 635, 636, 637, 638, 639, 640, 641, 642, 643, 644, 645, 646, 647, 648, 649, 650, 651, 652, 653, 654, 655, 656, 657, 658, 659, 660, 661, 662, 663, 664, 665, 666, 667, 668, 669, 670, 671, 672, 673, 674, 675, 676, 677, 678, 679, 680, 681, 682, 683, 684, 685, 686, 687, 688, 689, 690, 691, 692, 693, 694, 695, 696, 697, 698, 699, 700, 701, 702, 703, 704, 705, 706, 707, 708, 709, 710, 711, 712, 713, 714, 715, 716, 717, 718, 719, 720, 721, 722, 723, 724, 725, 726, 727, 728, 729, 730, 731, 732, 733, 734, 735, 736, 737, 738, 739, 740, 741, 742, 743, 744, 745, 746, 747, 748, 749, 750, 751, 752, 753, 754, 755, 756, 757, 758, 759, 760, 761, 762, 763, 764, 765, 766, 767, 768, 769, 770, 771, 772, 773, 774, 775, 776, 777, 778, 779, 780, 781, 782, 783, 784, 785, 786, 787, 788, 789, 790, 791, 792, 793]","[4, 11, 18, 21, 23, 26, 27, 28, 31, 35, 36, 43, 45, 52, 55, 56, 60, 62, 64, 70, 71, 80, 90, 94, 97, 183, 197, 232, 334, 426, 455, 472, 477, 478, 480, 483, 484, 490, 496, 505, 507, 509, 510, 511, 514, 516, 517, 523, 525, 529, 532, 533, 536, 538, 545, 546, 552, 561, 565, 568, 654, 668, 696, 790, 857, 878, 902, 919, 928, 929, 932, 934, 935]","[12, 24, 25, 28, 88, 100, 104, 119, 123, 129, 136, 137, 139, 140, 141, 148, 155, 169, 172, 179, 183, 185, 188, 196, 198, 217, 237, 267, 270, 278, 319, 321, 324, 325, 330, 334, 335, 354, 366, 369, 380, 383, 384, 386, 395, 407, 411, 423, 428, 436, 437, 452, 453, 456, 467, 471, 477, 478, 479, 497, 508, 511, 559, 571, 575, 590, 594, 600, 607, 608, 610, 611, 612, 619, 627, 640, 643, 650, 654, 656, 659, 667, 669, 685, 701, 726, 729, 737, 777, 779, 782, 783, 787, 790, 791, 809, 817, 819, 830, 833, 834, 836, 845, 856, 857, 860, 862, 875, 880, 887, 888, 899, 900, 914, 918, 921, 928, 929, 930]","[12, 24, 25, 28, 88, 100, 104, 119, 123, 129, 132, 136, 137, 139, 140, 141, 148, 155, 169, 172, 179, 183, 185, 188, 196, 197, 198, 217, 237, 267, 270, 278, 286, 319, 321, 324, 325, 330, 334, 335, 354, 366, 369, 380, 383, 384, 386, 395, 407, 411, 423, 428, 436, 437, 452, 453, 456, 467, 471, 477, 478, 479, 497, 508, 511, 559, 571, 575, 590, 594, 600, 603, 607, 608, 610, 611, 612, 619, 627, 640, 643, 650, 654, 656, 659, 667, 668, 669, 685, 701, 726, 729, 737, 745, 777, 779, 782, 783, 787, 790, 791, 809, 817, 819, 830, 833, 834, 836, 845, 856, 857, 860, 862, 875, 880, 887, 888, 899, 900, 914, 918, 921, 928, 929, 930]","[4, 11, 12, 18, 21, 23, 24, 25, 26, 27, 28, 31, 35, 36, 43, 45, 52, 55, 56, 60, 62, 64, 70, 71, 80, 88, 90, 94, 97, 100, 103, 104, 105, 106, 107, 108, 109, 110, 111, 112, 113, 114, 115, 116, 117, 118, 119, 120, 121, 122, 123, 124, 125, 126, 127, 128, 129, 130, 131, 132, 133, 134, 135, 136, 137, 138, 139, 140, 141, 142, 143, 144, 145, 146, 147, 148, 149, 150, 151, 152, 153, 154, 155, 156, 157, 158, 159, 160, 161, 162, 163, 164, 165, 166, 167, 168, 169, 170, 171, 172, 173, 174, 175, 176, 177, 178, 179, 180, 181, 182, 183, 184, 185, 186, 187, 188, 189, 190, 191, 192, 193, 194, 195, 196, 197, 198, 199, 200, 201, 202, 203, 204, 205, 206, 207, 208, 209, 210, 211, 212, 213, 214, 215, 216, 217, 218, 219, 220, 221, 222, 223, 224, 225, 226, 227, 228, 229, 230, 231, 232, 233, 234, 235, 236, 237, 238, 239, 240, 241, 242, 243, 244, 245, 246, 247, 248, 249, 250, 251, 252, 253, 254, 255, 256, 257, 258, 259, 260, 261, 262, 263, 264, 265, 266, 267, 268, 269, 270, 271, 272, 273, 274, 275, 276, 277, 278, 279, 280, 281, 282, 283, 284, 285, 286, 287, 288, 289, 290, 291, 292, 293, 294, 295, 296, 297, 298, 299, 300, 301, 302, 303, 304, 305, 306, 307, 308, 309, 310, 311, 312, 313, 314, 315, 316, 317, 318, 319, 320, 321, 322, 323, 324, 325, 326, 327, 328, 329, 330, 331, 332, 333, 334, 335, 336, 337, 354, 366, 369, 380, 383, 384, 386, 395, 399, 407, 411, 423, 426, 428, 436, 437, 452, 453, 455, 456, 467, 471, 472, 477, 478, 479, 480, 483, 484, 490, 496, 497, 505, 507, 508, 509, 510, 511, 514, 516, 517, 523, 525, 529, 532, 533, 536, 538, 545, 546, 552, 559, 561, 565, 568, 571, 574, 575, 576, 577, 578, 579, 580, 581, 582, 583, 584, 585, 586, 587, 588, 589, 590, 591, 592, 593, 594, 595, 596, 597, 598, 599, 600, 601, 602, 603, 604, 605, 606, 607, 608, 609, 610, 611, 612, 613, 614, 615, 616, 617, 618, 619, 620, 621, 622, 623, 624, 625, 626, 627, 628, 629, 630, 631, 632, 633, 634, 635, 636, 637, 638, 639, 640, 641, 642, 643, 644, 645, 646, 647, 648, 649, 650, 651, 652, 653, 654, 655, 656, 657, 658, 659, 660, 661, 662, 663, 664, 665, 666, 667, 668, 669, 670, 671, 672, 673, 674, 675, 676, 677, 678, 679, 680, 681, 682, 683, 684, 685, 686, 687, 688, 689, 690, 691, 692, 693, 694, 695, 696, 697, 698, 699, 700, 701, 702, 703, 704, 705, 706, 707, 708, 709, 710, 711, 712, 713, 714, 715, 716, 717, 718, 719, 720, 721, 722, 723, 724, 725, 726, 727, 728, 729, 730, 731, 732, 733, 734, 735, 736, 737, 738, 739, 740, 741, 742, 743, 744, 745, 746, 747, 748, 749, 750, 751, 752, 753, 754, 755, 756, 757, 758, 759, 760, 761, 762, 763, 764, 765, 766, 767, 768, 769, 770, 771, 772, 773, 774, 775, 776, 777, 778, 779, 780, 781, 782, 783, 784, 785, 786, 787, 788, 789, 790, 791, 792, 793, 809, 817, 819, 830, 833, 834, 836, 845, 848, 856, 857, 860, 862, 875, 878, 880, 887, 888, 899, 900, 902, 914, 918, 919, 921, 928, 929, 930, 932, 934, 935]",True,"[197, 232, 668, 696]","[103, 104, 105, 106, 107, 108, 109, 110, 111, 112, 113, 114, 115, 116, 117, 118, 119, 120, 121, 122, 123, 124, 125, 126, 127, 128, 129, 130, 131, 132, 133, 134, 135, 136, 137, 138, 139, 140, 141, 142, 143, 144, 145, 146, 147, 148, 149, 150, 151, 152, 153, 154, 155, 156, 157, 158, 159, 160, 161, 162, 163, 164, 165, 166, 167, 168, 169, 170, 171, 172, 173, 174, 175, 176, 177, 178, 179, 180, 181, 182, 183, 184, 185, 186, 187, 188, 189, 190, 191, 192, 193, 194, 195, 196, 197, 198, 199, 200, 201, 202, 203, 204, 205, 206, 207, 208, 209, 210, 211, 212, 213, 214, 215, 216, 217, 218, 219, 220, 221, 222, 223, 224, 225, 226, 227, 228, 229, 230, 231, 232, 233, 234, 235, 236, 237, 238, 239, 240, 241, 242, 243, 244, 245, 246, 247, 248, 249, 250, 251, 252, 253, 254, 255, 256, 257, 258, 259, 260, 261, 262, 263, 264, 265, 266, 267, 268, 269, 270, 271, 272, 273, 274, 275, 276, 277, 278, 279, 280, 281, 282, 283, 284, 285, 286, 287, 288, 289, 290, 291, 292, 293, 294, 295, 296, 297, 298, 299, 300, 301, 302, 303, 304, 305, 306, 307, 308, 309, 310, 311, 312, 313, 314, 315, 316, 317, 318, 319, 320, 321, 322, 323, 324, 325, 326, 327, 328, 329, 330, 331, 332, 333, 334, 335, 336, 337, 574, 575, 576, 577, 578, 579, 580, 581, 582, 583, 584, 585, 586, 587, 588, 589, 590, 591, 592, 593, 594, 595, 596, 597, 598, 599, 600, 601, 602, 603, 604, 605, 606, 607, 608, 609, 610, 611, 612, 613, 614, 615, 616, 617, 618, 619, 620, 621, 622, 623, 624, 625, 626, 627, 628, 629, 630, 631, 632, 633, 634, 635, 636, 637, 638, 639, 640, 641, 642, 643, 644, 645, 646, 647, 648, 649, 650, 651, 652, 653, 654, 655, 656, 657, 658, 659, 660, 661, 662, 663, 664, 665, 666, 667, 668, 669, 670, 671, 672, 673, 674, 675, 676, 677, 678, 679, 680, 681, 682, 683, 684, 685, 686, 687, 688, 689, 690, 691, 692, 693, 694, 695, 696, 697, 698, 699, 700, 701, 702, 703, 704, 705, 706, 707, 708, 709, 710, 711, 712, 713, 714, 715, 716, 717, 718, 719, 720, 721, 722, 723, 724, 725, 726, 727, 728, 729, 730, 731, 732, 733, 734, 735, 736, 737, 738, 739, 740, 741, 742, 743, 744, 745, 746, 747, 748, 749, 750, 751, 752, 753, 754, 755, 756, 757, 758, 759, 760, 761, 762, 763, 764, 765, 766, 767, 768, 769, 770, 771, 772, 773, 774, 775, 776, 777, 778, 779, 780, 781, 782, 783, 784, 785, 786, 787, 788, 789, 790, 791, 792, 793]","[174, 188, 189, 197, 232, 254, 399, 645, 659, 660, 668, 696, 717, 848]","[197, 201, 668]","[4, 11, 18, 21, 23, 26, 27, 28, 31, 35, 36, 43, 45, 52, 55, 56, 60, 62, 64, 70, 71, 80, 90, 94, 97, 183, 197, 232, 334, 426, 455, 472, 477, 478, 480, 483, 484, 490, 496, 505, 507, 509, 510, 511, 514, 516, 517, 523, 525, 529, 532, 533, 536, 538, 545, 546, 552, 561, 565, 568, 654, 668, 696, 790, 857, 878, 902, 919, 928, 929, 932, 934, 935]","[12, 24, 25, 28, 88, 100, 104, 119, 123, 129, 132, 136, 137, 139, 140, 141, 148, 155, 169, 172, 179, 183, 185, 188, 196, 197, 198, 217, 237, 267, 270, 278, 286, 319, 321, 324, 325, 330, 334, 335, 354, 366, 369, 380, 383, 384, 386, 395, 407, 411, 423, 428, 436, 437, 452, 453, 456, 467, 471, 477, 478, 479, 497, 508, 511, 559, 571, 575, 590, 594, 600, 603, 607, 608, 610, 611, 612, 619, 627, 640, 643, 650, 654, 656, 659, 667, 668, 669, 685, 701, 726, 729, 737, 745, 777, 779, 782, 783, 787, 790, 791, 809, 817, 819, 830, 833, 834, 836, 845, 856, 857, 860, 862, 875, 880, 887, 888, 899, 900, 914, 918, 921, 928, 929, 930]","[12, 24, 25, 28, 88, 100, 104, 119, 123, 129, 136, 137, 139, 140, 141, 148, 155, 169, 172, 179, 183, 185, 188, 196, 198, 217, 237, 267, 270, 278, 319, 321, 324, 325, 330, 334, 335, 354, 366, 369, 380, 383, 384, 386, 395, 407, 411, 423, 428, 436, 437, 452, 453, 456, 467, 471, 477, 478, 479, 497, 508, 511, 559, 571, 575, 590, 594, 600, 607, 608, 610, 611, 612, 619, 627, 640, 643, 650, 654, 656, 659, 667, 669, 685, 701, 726, 729, 737, 777, 779, 782, 783, 787, 790, 791, 809, 817, 819, 830, 833, 834, 836, 845, 856, 857, 860, 862, 875, 880, 887, 888, 899, 900, 914, 918, 921, 928, 929, 930]",6/6 successful match,True,"[597, 598]",True,738,False,,1.0,True,Kelly's Market & Truck Stop ) ( Chevron ),Chevron
Newberry Springs ( 92365 ) Kelly's Market & Truck Stop ) ( Chevron ),760-257-3334 I-40 Exit 18 ( CA 66 E ),24 <U+2610>,Newberry Springs,92365,Kelly's Market & Truck Stop ) ( Chevron ),760-257-3334,2016,Newberry Springs,CA,Chevron,( CA 66 E ),I-40 Exit 18 ,Exit,18,False,,False,I-40,,,,,"[668, 197]","[197, 232, 668, 696]","[174, 188, 189, 197, 232, 254, 399, 645, 659, 660, 668, 696, 717, 848]","[197, 201, 668]","[103, 104, 105, 106, 107, 108, 109, 110, 111, 112, 113, 114, 115, 116, 117, 118, 119, 120, 121, 122, 123, 124, 125, 126, 127, 128, 129, 130, 131, 132, 133, 134, 135, 136, 137, 138, 139, 140, 141, 142, 143, 144, 145, 146, 147, 148, 149, 150, 151, 152, 153, 154, 155, 156, 157, 158, 159, 160, 161, 162, 163, 164, 165, 166, 167, 168, 169, 170, 171, 172, 173, 174, 175, 176, 177, 178, 179, 180, 181, 182, 183, 184, 185, 186, 187, 188, 189, 190, 191, 192, 193, 194, 195, 196, 197, 198, 199, 200, 201, 202, 203, 204, 205, 206, 207, 208, 209, 210, 211, 212, 213, 214, 215, 216, 217, 218, 219, 220, 221, 222, 223, 224, 225, 226, 227, 228, 229, 230, 231, 232, 233, 234, 235, 236, 237, 238, 239, 240, 241, 242, 243, 244, 245, 246, 247, 248, 249, 250, 251, 252, 253, 254, 255, 256, 257, 258, 259, 260, 261, 262, 263, 264, 265, 266, 267, 268, 269, 270, 271, 272, 273, 274, 275, 276, 277, 278, 279, 280, 281, 282, 283, 284, 285, 286, 287, 288, 289, 290, 291, 292, 293, 294, 295, 296, 297, 298, 299, 300, 301, 302, 303, 304, 305, 306, 307, 308, 309, 310, 311, 312, 313, 314, 315, 316, 317, 318, 319, 320, 321, 322, 323, 324, 325, 326, 327, 328, 329, 330, 331, 332, 333, 334, 335, 336, 337, 574, 575, 576, 577, 578, 579, 580, 581, 582, 583, 584, 585, 586, 587, 588, 589, 590, 591, 592, 593, 594, 595, 596, 597, 598, 599, 600, 601, 602, 603, 604, 605, 606, 607, 608, 609, 610, 611, 612, 613, 614, 615, 616, 617, 618, 619, 620, 621, 622, 623, 624, 625, 626, 627, 628, 629, 630, 631, 632, 633, 634, 635, 636, 637, 638, 639, 640, 641, 642, 643, 644, 645, 646, 647, 648, 649, 650, 651, 652, 653, 654, 655, 656, 657, 658, 659, 660, 661, 662, 663, 664, 665, 666, 667, 668, 669, 670, 671, 672, 673, 674, 675, 676, 677, 678, 679, 680, 681, 682, 683, 684, 685, 686, 687, 688, 689, 690, 691, 692, 693, 694, 695, 696, 697, 698, 699, 700, 701, 702, 703, 704, 705, 706, 707, 708, 709, 710, 711, 712, 713, 714, 715, 716, 717, 718, 719, 720, 721, 722, 723, 724, 725, 726, 727, 728, 729, 730, 731, 732, 733, 734, 735, 736, 737, 738, 739, 740, 741, 742, 743, 744, 745, 746, 747, 748, 749, 750, 751, 752, 753, 754, 755, 756, 757, 758, 759, 760, 761, 762, 763, 764, 765, 766, 767, 768, 769, 770, 771, 772, 773, 774, 775, 776, 777, 778, 779, 780, 781, 782, 783, 784, 785, 786, 787, 788, 789, 790, 791, 792, 793]","[4, 11, 18, 21, 23, 26, 27, 28, 31, 35, 36, 43, 45, 52, 55, 56, 60, 62, 64, 70, 71, 80, 90, 94, 97, 183, 197, 232, 334, 426, 455, 472, 477, 478, 480, 483, 484, 490, 496, 505, 507, 509, 510, 511, 514, 516, 517, 523, 525, 529, 532, 533, 536, 538, 545, 546, 552, 561, 565, 568, 654, 668, 696, 790, 857, 878, 902, 919, 928, 929, 932, 934, 935]","[12, 24, 25, 28, 88, 100, 104, 119, 123, 129, 136, 137, 139, 140, 141, 148, 155, 169, 172, 179, 183, 185, 188, 196, 198, 217, 237, 267, 270, 278, 319, 321, 324, 325, 330, 334, 335, 354, 366, 369, 380, 383, 384, 386, 395, 407, 411, 423, 428, 436, 437, 452, 453, 456, 467, 471, 477, 478, 479, 497, 508, 511, 559, 571, 575, 590, 594, 600, 607, 608, 610, 611, 612, 619, 627, 640, 643, 650, 654, 656, 659, 667, 669, 685, 701, 726, 729, 737, 777, 779, 782, 783, 787, 790, 791, 809, 817, 819, 830, 833, 834, 836, 845, 856, 857, 860, 862, 875, 880, 887, 888, 899, 900, 914, 918, 921, 928, 929, 930]","[12, 24, 25, 28, 88, 100, 104, 119, 123, 129, 136, 137, 139, 140, 141, 148, 155, 169, 172, 179, 183, 185, 188, 196, 197, 198, 217, 237, 267, 270, 278, 319, 321, 324, 325, 330, 334, 335, 354, 366, 369, 380, 383, 384, 386, 395, 407, 411, 423, 428, 436, 437, 452, 453, 456, 467, 471, 477, 478, 479, 497, 508, 511, 559, 571, 575, 590, 594, 600, 607, 608, 610, 611, 612, 619, 627, 640, 643, 650, 654, 656, 659, 667, 668, 669, 685, 701, 726, 729, 737, 777, 779, 782, 783, 787, 790, 791, 809, 817, 819, 830, 833, 834, 836, 845, 856, 857, 860, 862, 875, 880, 887, 888, 899, 900, 914, 918, 921, 928, 929, 930]","[4, 11, 12, 18, 21, 23, 24, 25, 26, 27, 28, 31, 35, 36, 43, 45, 52, 55, 56, 60, 62, 64, 70, 71, 80, 88, 90, 94, 97, 100, 103, 104, 105, 106, 107, 108, 109, 110, 111, 112, 113, 114, 115, 116, 117, 118, 119, 120, 121, 122, 123, 124, 125, 126, 127, 128, 129, 130, 131, 132, 133, 134, 135, 136, 137, 138, 139, 140, 141, 142, 143, 144, 145, 146, 147, 148, 149, 150, 151, 152, 153, 154, 155, 156, 157, 158, 159, 160, 161, 162, 163, 164, 165, 166, 167, 168, 169, 170, 171, 172, 173, 174, 175, 176, 177, 178, 179, 180, 181, 182, 183, 184, 185, 186, 187, 188, 189, 190, 191, 192, 193, 194, 195, 196, 197, 198, 199, 200, 201, 202, 203, 204, 205, 206, 207, 208, 209, 210, 211, 212, 213, 214, 215, 216, 217, 218, 219, 220, 221, 222, 223, 224, 225, 226, 227, 228, 229, 230, 231, 232, 233, 234, 235, 236, 237, 238, 239, 240, 241, 242, 243, 244, 245, 246, 247, 248, 249, 250, 251, 252, 253, 254, 255, 256, 257, 258, 259, 260, 261, 262, 263, 264, 265, 266, 267, 268, 269, 270, 271, 272, 273, 274, 275, 276, 277, 278, 279, 280, 281, 282, 283, 284, 285, 286, 287, 288, 289, 290, 291, 292, 293, 294, 295, 296, 297, 298, 299, 300, 301, 302, 303, 304, 305, 306, 307, 308, 309, 310, 311, 312, 313, 314, 315, 316, 317, 318, 319, 320, 321, 322, 323, 324, 325, 326, 327, 328, 329, 330, 331, 332, 333, 334, 335, 336, 337, 354, 366, 369, 380, 383, 384, 386, 395, 399, 407, 411, 423, 426, 428, 436, 437, 452, 453, 455, 456, 467, 471, 472, 477, 478, 479, 480, 483, 484, 490, 496, 497, 505, 507, 508, 509, 510, 511, 514, 516, 517, 523, 525, 529, 532, 533, 536, 538, 545, 546, 552, 559, 561, 565, 568, 571, 574, 575, 576, 577, 578, 579, 580, 581, 582, 583, 584, 585, 586, 587, 588, 589, 590, 591, 592, 593, 594, 595, 596, 597, 598, 599, 600, 601, 602, 603, 604, 605, 606, 607, 608, 609, 610, 611, 612, 613, 614, 615, 616, 617, 618, 619, 620, 621, 622, 623, 624, 625, 626, 627, 628, 629, 630, 631, 632, 633, 634, 635, 636, 637, 638, 639, 640, 641, 642, 643, 644, 645, 646, 647, 648, 649, 650, 651, 652, 653, 654, 655, 656, 657, 658, 659, 660, 661, 662, 663, 664, 665, 666, 667, 668, 669, 670, 671, 672, 673, 674, 675, 676, 677, 678, 679, 680, 681, 682, 683, 684, 685, 686, 687, 688, 689, 690, 691, 692, 693, 694, 695, 696, 697, 698, 699, 700, 701, 702, 703, 704, 705, 706, 707, 708, 709, 710, 711, 712, 713, 714, 715, 716, 717, 718, 719, 720, 721, 722, 723, 724, 725, 726, 727, 728, 729, 730, 731, 732, 733, 734, 735, 736, 737, 738, 739, 740, 741, 742, 743, 744, 745, 746, 747, 748, 749, 750, 751, 752, 753, 754, 755, 756, 757, 758, 759, 760, 761, 762, 763, 764, 765, 766, 767, 768, 769, 770, 771, 772, 773, 774, 775, 776, 777, 778, 779, 780, 781, 782, 783, 784, 785, 786, 787, 788, 789, 790, 791, 792, 793, 809, 817, 819, 830, 833, 834, 836, 845, 848, 856, 857, 860, 862, 875, 878, 880, 887, 888, 899, 900, 902, 914, 918, 919, 921, 928, 929, 930, 932, 934, 935]",True,"[197, 232, 668, 696]","[103, 104, 105, 106, 107, 108, 109, 110, 111, 112, 113, 114, 115, 116, 117, 118, 119, 120, 121, 122, 123, 124, 125, 126, 127, 128, 129, 130, 131, 132, 133, 134, 135, 136, 137, 138, 139, 140, 141, 142, 143, 144, 145, 146, 147, 148, 149, 150, 151, 152, 153, 154, 155, 156, 157, 158, 159, 160, 161, 162, 163, 164, 165, 166, 167, 168, 169, 170, 171, 172, 173, 174, 175, 176, 177, 178, 179, 180, 181, 182, 183, 184, 185, 186, 187, 188, 189, 190, 191, 192, 193, 194, 195, 196, 197, 198, 199, 200, 201, 202, 203, 204, 205, 206, 207, 208, 209, 210, 211, 212, 213, 214, 215, 216, 217, 218, 219, 220, 221, 222, 223, 224, 225, 226, 227, 228, 229, 230, 231, 232, 233, 234, 235, 236, 237, 238, 239, 240, 241, 242, 243, 244, 245, 246, 247, 248, 249, 250, 251, 252, 253, 254, 255, 256, 257, 258, 259, 260, 261, 262, 263, 264, 265, 266, 267, 268, 269, 270, 271, 272, 273, 274, 275, 276, 277, 278, 279, 280, 281, 282, 283, 284, 285, 286, 287, 288, 289, 290, 291, 292, 293, 294, 295, 296, 297, 298, 299, 300, 301, 302, 303, 304, 305, 306, 307, 308, 309, 310, 311, 312, 313, 314, 315, 316, 317, 318, 319, 320, 321, 322, 323, 324, 325, 326, 327, 328, 329, 330, 331, 332, 333, 334, 335, 336, 337, 574, 575, 576, 577, 578, 579, 580, 581, 582, 583, 584, 585, 586, 587, 588, 589, 590, 591, 592, 593, 594, 595, 596, 597, 598, 599, 600, 601, 602, 603, 604, 605, 606, 607, 608, 609, 610, 611, 612, 613, 614, 615, 616, 617, 618, 619, 620, 621, 622, 623, 624, 625, 626, 627, 628, 629, 630, 631, 632, 633, 634, 635, 636, 637, 638, 639, 640, 641, 642, 643, 644, 645, 646, 647, 648, 649, 650, 651, 652, 653, 654, 655, 656, 657, 658, 659, 660, 661, 662, 663, 664, 665, 666, 667, 668, 669, 670, 671, 672, 673, 674, 675, 676, 677, 678, 679, 680, 681, 682, 683, 684, 685, 686, 687, 688, 689, 690, 691, 692, 693, 694, 695, 696, 697, 698, 699, 700, 701, 702, 703, 704, 705, 706, 707, 708, 709, 710, 711, 712, 713, 714, 715, 716, 717, 718, 719, 720, 721, 722, 723, 724, 725, 726, 727, 728, 729, 730, 731, 732, 733, 734, 735, 736, 737, 738, 739, 740, 741, 742, 743, 744, 745, 746, 747, 748, 749, 750, 751, 752, 753, 754, 755, 756, 757, 758, 759, 760, 761, 762, 763, 764, 765, 766, 767, 768, 769, 770, 771, 772, 773, 774, 775, 776, 777, 778, 779, 780, 781, 782, 783, 784, 785, 786, 787, 788, 789, 790, 791, 792, 793]","[174, 188, 189, 197, 232, 254, 399, 645, 659, 660, 668, 696, 717, 848]","[197, 201, 668]","[4, 11, 18, 21, 23, 26, 27, 28, 31, 35, 36, 43, 45, 52, 55, 56, 60, 62, 64, 70, 71, 80, 90, 94, 97, 183, 197, 232, 334, 426, 455, 472, 477, 478, 480, 483, 484, 490, 496, 505, 507, 509, 510, 511, 514, 516, 517, 523, 525, 529, 532, 533, 536, 538, 545, 546, 552, 561, 565, 568, 654, 668, 696, 790, 857, 878, 902, 919, 928, 929, 932, 934, 935]","[12, 24, 25, 28, 88, 100, 104, 119, 123, 129, 136, 137, 139, 140, 141, 148, 155, 169, 172, 179, 183, 185, 188, 196, 197, 198, 217, 237, 267, 270, 278, 319, 321, 324, 325, 330, 334, 335, 354, 366, 369, 380, 383, 384, 386, 395, 407, 411, 423, 428, 436, 437, 452, 453, 456, 467, 471, 477, 478, 479, 497, 508, 511, 559, 571, 575, 590, 594, 600, 607, 608, 610, 611, 612, 619, 627, 640, 643, 650, 654, 656, 659, 667, 668, 669, 685, 701, 726, 729, 737, 777, 779, 782, 783, 787, 790, 791, 809, 817, 819, 830, 833, 834, 836, 845, 856, 857, 860, 862, 875, 880, 887, 888, 899, 900, 914, 918, 921, 928, 929, 930]","[12, 24, 25, 28, 88, 100, 104, 119, 123, 129, 136, 137, 139, 140, 141, 148, 155, 169, 172, 179, 183, 185, 188, 196, 198, 217, 237, 267, 270, 278, 319, 321, 324, 325, 330, 334, 335, 354, 366, 369, 380, 383, 384, 386, 395, 407, 411, 423, 428, 436, 437, 452, 453, 456, 467, 471, 477, 478, 479, 497, 508, 511, 559, 571, 575, 590, 594, 600, 607, 608, 610, 611, 612, 619, 627, 640, 643, 650, 654, 656, 659, 667, 669, 685, 701, 726, 729, 737, 777, 779, 782, 783, 787, 790, 791, 809, 817, 819, 830, 833, 834, 836, 845, 856, 857, 860, 862, 875, 880, 887, 888, 899, 900, 914, 918, 921, 928, 929, 930]",6/6 successful match,True,"[597, 598]",True,738,False,,1.0,True,"Kelly's Market ( W & Truck Broadway Stop ) , ( Chevron )",Chevron
Victorville ( 92394 ) High Desert Service Center of I-710 ),760-246-3211 15655 US 395,"24 """,Victorville,92394,High Desert Service Center of I-710 ),760-246-3211,2016,Victorville,CA,,,15655 US 395,Proper,,False,,False,US 395,,,,,"[184, 655]","[184, 655]","[184, 222, 655]",[],"[103, 104, 105, 106, 107, 108, 109, 110, 111, 112, 113, 114, 115, 116, 117, 118, 119, 120, 121, 122, 123, 124, 125, 126, 127, 128, 129, 130, 131, 132, 133, 134, 135, 136, 137, 138, 139, 140, 141, 142, 143, 144, 145, 146, 147, 148, 149, 150, 151, 152, 153, 154, 155, 156, 157, 158, 159, 160, 161, 162, 163, 164, 165, 166, 167, 168, 169, 170, 171, 172, 173, 174, 175, 176, 177, 178, 179, 180, 181, 182, 183, 184, 185, 186, 187, 188, 189, 190, 191, 192, 193, 194, 195, 196, 197, 198, 199, 200, 201, 202, 203, 204, 205, 206, 207, 208, 209, 210, 211, 212, 213, 214, 215, 216, 217, 218, 219, 220, 221, 222, 223, 224, 225, 226, 227, 228, 229, 230, 231, 232, 233, 234, 235, 236, 237, 238, 239, 240, 241, 242, 243, 244, 245, 246, 247, 248, 249, 250, 251, 252, 253, 254, 255, 256, 257, 258, 259, 260, 261, 262, 263, 264, 265, 266, 267, 268, 269, 270, 271, 272, 273, 274, 275, 276, 277, 278, 279, 280, 281, 282, 283, 284, 285, 286, 287, 288, 289, 290, 291, 292, 293, 294, 295, 296, 297, 298, 299, 300, 301, 302, 303, 304, 305, 306, 307, 308, 309, 310, 311, 312, 313, 314, 315, 316, 317, 318, 319, 320, 321, 322, 323, 324, 325, 326, 327, 328, 329, 330, 331, 332, 333, 334, 335, 336, 337, 574, 575, 576, 577, 578, 579, 580, 581, 582, 583, 584, 585, 586, 587, 588, 589, 590, 591, 592, 593, 594, 595, 596, 597, 598, 599, 600, 601, 602, 603, 604, 605, 606, 607, 608, 609, 610, 611, 612, 613, 614, 615, 616, 617, 618, 619, 620, 621, 622, 623, 624, 625, 626, 627, 628, 629, 630, 631, 632, 633, 634, 635, 636, 637, 638, 639, 640, 641, 642, 643, 644, 645, 646, 647, 648, 649, 650, 651, 652, 653, 654, 655, 656, 657, 658, 659, 660, 661, 662, 663, 664, 665, 666, 667, 668, 669, 670, 671, 672, 673, 674, 675, 676, 677, 678, 679, 680, 681, 682, 683, 684, 685, 686, 687, 688, 689, 690, 691, 692, 693, 694, 695, 696, 697, 698, 699, 700, 701, 702, 703, 704, 705, 706, 707, 708, 709, 710, 711, 712, 713, 714, 715, 716, 717, 718, 719, 720, 721, 722, 723, 724, 725, 726, 727, 728, 729, 730, 731, 732, 733, 734, 735, 736, 737, 738, 739, 740, 741, 742, 743, 744, 745, 746, 747, 748, 749, 750, 751, 752, 753, 754, 755, 756, 757, 758, 759, 760, 761, 762, 763, 764, 765, 766, 767, 768, 769, 770, 771, 772, 773, 774, 775, 776, 777, 778, 779, 780, 781, 782, 783, 784, 785, 786, 787, 788, 789, 790, 791, 792, 793]","[122, 130, 171, 179, 184, 187, 238, 248, 251, 258, 301, 350, 362, 395, 397, 593, 601, 642, 650, 655, 658, 702, 711, 714, 720, 805, 815, 845, 847]",[],"[184, 232, 655, 696]","[103, 104, 105, 106, 107, 108, 109, 110, 111, 112, 113, 114, 115, 116, 117, 118, 119, 120, 121, 122, 123, 124, 125, 126, 127, 128, 129, 130, 131, 132, 133, 134, 135, 136, 137, 138, 139, 140, 141, 142, 143, 144, 145, 146, 147, 148, 149, 150, 151, 152, 153, 154, 155, 156, 157, 158, 159, 160, 161, 162, 163, 164, 165, 166, 167, 168, 169, 170, 171, 172, 173, 174, 175, 176, 177, 178, 179, 180, 181, 182, 183, 184, 185, 186, 187, 188, 189, 190, 191, 192, 193, 194, 195, 196, 197, 198, 199, 200, 201, 202, 203, 204, 205, 206, 207, 208, 209, 210, 211, 212, 213, 214, 215, 216, 217, 218, 219, 220, 221, 222, 223, 224, 225, 226, 227, 228, 229, 230, 231, 232, 233, 234, 235, 236, 237, 238, 239, 240, 241, 242, 243, 244, 245, 246, 247, 248, 249, 250, 251, 252, 253, 254, 255, 256, 257, 258, 259, 260, 261, 262, 263, 264, 265, 266, 267, 268, 269, 270, 271, 272, 273, 274, 275, 276, 277, 278, 279, 280, 281, 282, 283, 284, 285, 286, 287, 288, 289, 290, 291, 292, 293, 294, 295, 296, 297, 298, 299, 300, 301, 302, 303, 304, 305, 306, 307, 308, 309, 310, 311, 312, 313, 314, 315, 316, 317, 318, 319, 320, 321, 322, 323, 324, 325, 326, 327, 328, 329, 330, 331, 332, 333, 334, 335, 336, 337, 350, 362, 395, 397, 574, 575, 576, 577, 578, 579, 580, 581, 582, 583, 584, 585, 586, 587, 588, 589, 590, 591, 592, 593, 594, 595, 596, 597, 598, 599, 600, 601, 602, 603, 604, 605, 606, 607, 608, 609, 610, 611, 612, 613, 614, 615, 616, 617, 618, 619, 620, 621, 622, 623, 624, 625, 626, 627, 628, 629, 630, 631, 632, 633, 634, 635, 636, 637, 638, 639, 640, 641, 642, 643, 644, 645, 646, 647, 648, 649, 650, 651, 652, 653, 654, 655, 656, 657, 658, 659, 660, 661, 662, 663, 664, 665, 666, 667, 668, 669, 670, 671, 672, 673, 674, 675, 676, 677, 678, 679, 680, 681, 682, 683, 684, 685, 686, 687, 688, 689, 690, 691, 692, 693, 694, 695, 696, 697, 698, 699, 700, 701, 702, 703, 704, 705, 706, 707, 708, 709, 710, 711, 712, 713, 714, 715, 716, 717, 718, 719, 720, 721, 722, 723, 724, 725, 726, 727, 728, 729, 730, 731, 732, 733, 734, 735, 736, 737, 738, 739, 740, 741, 742, 743, 744, 745, 746, 747, 748, 749, 750, 751, 752, 753, 754, 755, 756, 757, 758, 759, 760, 761, 762, 763, 764, 765, 766, 767, 768, 769, 770, 771, 772, 773, 774, 775, 776, 777, 778, 779, 780, 781, 782, 783, 784, 785, 786, 787, 788, 789, 790, 791, 792, 793, 805, 815, 845, 847]",True,"[184, 655]","[103, 104, 105, 106, 107, 108, 109, 110, 111, 112, 113, 114, 115, 116, 117, 118, 119, 120, 121, 122, 123, 124, 125, 126, 127, 128, 129, 130, 131, 132, 133, 134, 135, 136, 137, 138, 139, 140, 141, 142, 143, 144, 145, 146, 147, 148, 149, 150, 151, 152, 153, 154, 155, 156, 157, 158, 159, 160, 161, 162, 163, 164, 165, 166, 167, 168, 169, 170, 171, 172, 173, 174, 175, 176, 177, 178, 179, 180, 181, 182, 183, 184, 185, 186, 187, 188, 189, 190, 191, 192, 193, 194, 195, 196, 197, 198, 199, 200, 201, 202, 203, 204, 205, 206, 207, 208, 209, 210, 211, 212, 213, 214, 215, 216, 217, 218, 219, 220, 221, 222, 223, 224, 225, 226, 227, 228, 229, 230, 231, 232, 233, 234, 235, 236, 237, 238, 239, 240, 241, 242, 243, 244, 245, 246, 247, 248, 249, 250, 251, 252, 253, 254, 255, 256, 257, 258, 259, 260, 261, 262, 263, 264, 265, 266, 267, 268, 269, 270, 271, 272, 273, 274, 275, 276, 277, 278, 279, 280, 281, 282, 283, 284, 285, 286, 287, 288, 289, 290, 291, 292, 293, 294, 295, 296, 297, 298, 299, 300, 301, 302, 303, 304, 305, 306, 307, 308, 309, 310, 311, 312, 313, 314, 315, 316, 317, 318, 319, 320, 321, 322, 323, 324, 325, 326, 327, 328, 329, 330, 331, 332, 333, 334, 335, 336, 337, 574, 575, 576, 577, 578, 579, 580, 581, 582, 583, 584, 585, 586, 587, 588, 589, 590, 591, 592, 593, 594, 595, 596, 597, 598, 599, 600, 601, 602, 603, 604, 605, 606, 607, 608, 609, 610, 611, 612, 613, 614, 615, 616, 617, 618, 619, 620, 621, 622, 623, 624, 625, 626, 627, 628, 629, 630, 631, 632, 633, 634, 635, 636, 637, 638, 639, 640, 641, 642, 643, 644, 645, 646, 647, 648, 649, 650, 651, 652, 653, 654, 655, 656, 657, 658, 659, 660, 661, 662, 663, 664, 665, 666, 667, 668, 669, 670, 671, 672, 673, 674, 675, 676, 677, 678, 679, 680, 681, 682, 683, 684, 685, 686, 687, 688, 689, 690, 691, 692, 693, 694, 695, 696, 697, 698, 699, 700, 701, 702, 703, 704, 705, 706, 707, 708, 709, 710, 711, 712, 713, 714, 715, 716, 717, 718, 719, 720, 721, 722, 723, 724, 725, 726, 727, 728, 729, 730, 731, 732, 733, 734, 735, 736, 737, 738, 739, 740, 741, 742, 743, 744, 745, 746, 747, 748, 749, 750, 751, 752, 753, 754, 755, 756, 757, 758, 759, 760, 761, 762, 763, 764, 765, 766, 767, 768, 769, 770, 771, 772, 773, 774, 775, 776, 777, 778, 779, 780, 781, 782, 783, 784, 785, 786, 787, 788, 789, 790, 791, 792, 793]","[184, 222, 655]",[],"[122, 130, 171, 179, 184, 187, 238, 248, 251, 258, 301, 350, 362, 395, 397, 593, 601, 642, 650, 655, 658, 702, 711, 714, 720, 805, 815, 845, 847]","[184, 232, 655, 696]",[],7/6 successful match,True,,False,739,False,,,,,
"Victorville , 92394 High Desert Travel Plaza )",760-530-0049 15655 US 395,,Victorville,92394,High Desert Travel Plaza ),760-530-0049,2006,Victorville,CA,,,15655 US 395,Proper,,False,,False,US 395,,,,,[],"[184, 655]","[184, 222, 655]",[],"[103, 104, 105, 106, 107, 108, 109, 110, 111, 112, 113, 114, 115, 116, 117, 118, 119, 120, 121, 122, 123, 124, 125, 126, 127, 128, 129, 130, 131, 132, 133, 134, 135, 136, 137, 138, 139, 140, 141, 142, 143, 144, 145, 146, 147, 148, 149, 150, 151, 152, 153, 154, 155, 156, 157, 158, 159, 160, 161, 162, 163, 164, 165, 166, 167, 168, 169, 170, 171, 172, 173, 174, 175, 176, 177, 178, 179, 180, 181, 182, 183, 184, 185, 186, 187, 188, 189, 190, 191, 192, 193, 194, 195, 196, 197, 198, 199, 200, 201, 202, 203, 204, 205, 206, 207, 208, 209, 210, 211, 212, 213, 214, 215, 216, 217, 218, 219, 220, 221, 222, 223, 224, 225, 226, 227, 228, 229, 230, 231, 232, 233, 234, 235, 236, 237, 238, 239, 240, 241, 242, 243, 244, 245, 246, 247, 248, 249, 250, 251, 252, 253, 254, 255, 256, 257, 258, 259, 260, 261, 262, 263, 264, 265, 266, 267, 268, 269, 270, 271, 272, 273, 274, 275, 276, 277, 278, 279, 280, 281, 282, 283, 284, 285, 286, 287, 288, 289, 290, 291, 292, 293, 294, 295, 296, 297, 298, 299, 300, 301, 302, 303, 304, 305, 306, 307, 308, 309, 310, 311, 312, 313, 314, 315, 316, 317, 318, 319, 320, 321, 322, 323, 324, 325, 326, 327, 328, 329, 330, 331, 332, 333, 334, 335, 336, 337, 574, 575, 576, 577, 578, 579, 580, 581, 582, 583, 584, 585, 586, 587, 588, 589, 590, 591, 592, 593, 594, 595, 596, 597, 598, 599, 600, 601, 602, 603, 604, 605, 606, 607, 608, 609, 610, 611, 612, 613, 614, 615, 616, 617, 618, 619, 620, 621, 622, 623, 624, 625, 626, 627, 628, 629, 630, 631, 632, 633, 634, 635, 636, 637, 638, 639, 640, 641, 642, 643, 644, 645, 646, 647, 648, 649, 650, 651, 652, 653, 654, 655, 656, 657, 658, 659, 660, 661, 662, 663, 664, 665, 666, 667, 668, 669, 670, 671, 672, 673, 674, 675, 676, 677, 678, 679, 680, 681, 682, 683, 684, 685, 686, 687, 688, 689, 690, 691, 692, 693, 694, 695, 696, 697, 698, 699, 700, 701, 702, 703, 704, 705, 706, 707, 708, 709, 710, 711, 712, 713, 714, 715, 716, 717, 718, 719, 720, 721, 722, 723, 724, 725, 726, 727, 728, 729, 730, 731, 732, 733, 734, 735, 736, 737, 738, 739, 740, 741, 742, 743, 744, 745, 746, 747, 748, 749, 750, 751, 752, 753, 754, 755, 756, 757, 758, 759, 760, 761, 762, 763, 764, 765, 766, 767, 768, 769, 770, 771, 772, 773, 774, 775, 776, 777, 778, 779, 780, 781, 782, 783, 784, 785, 786, 787, 788, 789, 790, 791, 792, 793]","[122, 130, 171, 179, 184, 187, 238, 248, 251, 258, 301, 350, 362, 395, 397, 593, 601, 642, 650, 655, 658, 702, 711, 714, 720, 805, 815, 845, 847]",[],"[184, 232, 655, 696]","[103, 104, 105, 106, 107, 108, 109, 110, 111, 112, 113, 114, 115, 116, 117, 118, 119, 120, 121, 122, 123, 124, 125, 126, 127, 128, 129, 130, 131, 132, 133, 134, 135, 136, 137, 138, 139, 140, 141, 142, 143, 144, 145, 146, 147, 148, 149, 150, 151, 152, 153, 154, 155, 156, 157, 158, 159, 160, 161, 162, 163, 164, 165, 166, 167, 168, 169, 170, 171, 172, 173, 174, 175, 176, 177, 178, 179, 180, 181, 182, 183, 184, 185, 186, 187, 188, 189, 190, 191, 192, 193, 194, 195, 196, 197, 198, 199, 200, 201, 202, 203, 204, 205, 206, 207, 208, 209, 210, 211, 212, 213, 214, 215, 216, 217, 218, 219, 220, 221, 222, 223, 224, 225, 226, 227, 228, 229, 230, 231, 232, 233, 234, 235, 236, 237, 238, 239, 240, 241, 242, 243, 244, 245, 246, 247, 248, 249, 250, 251, 252, 253, 254, 255, 256, 257, 258, 259, 260, 261, 262, 263, 264, 265, 266, 267, 268, 269, 270, 271, 272, 273, 274, 275, 276, 277, 278, 279, 280, 281, 282, 283, 284, 285, 286, 287, 288, 289, 290, 291, 292, 293, 294, 295, 296, 297, 298, 299, 300, 301, 302, 303, 304, 305, 306, 307, 308, 309, 310, 311, 312, 313, 314, 315, 316, 317, 318, 319, 320, 321, 322, 323, 324, 325, 326, 327, 328, 329, 330, 331, 332, 333, 334, 335, 336, 337, 350, 362, 395, 397, 574, 575, 576, 577, 578, 579, 580, 581, 582, 583, 584, 585, 586, 587, 588, 589, 590, 591, 592, 593, 594, 595, 596, 597, 598, 599, 600, 601, 602, 603, 604, 605, 606, 607, 608, 609, 610, 611, 612, 613, 614, 615, 616, 617, 618, 619, 620, 621, 622, 623, 624, 625, 626, 627, 628, 629, 630, 631, 632, 633, 634, 635, 636, 637, 638, 639, 640, 641, 642, 643, 644, 645, 646, 647, 648, 649, 650, 651, 652, 653, 654, 655, 656, 657, 658, 659, 660, 661, 662, 663, 664, 665, 666, 667, 668, 669, 670, 671, 672, 673, 674, 675, 676, 677, 678, 679, 680, 681, 682, 683, 684, 685, 686, 687, 688, 689, 690, 691, 692, 693, 694, 695, 696, 697, 698, 699, 700, 701, 702, 703, 704, 705, 706, 707, 708, 709, 710, 711, 712, 713, 714, 715, 716, 717, 718, 719, 720, 721, 722, 723, 724, 725, 726, 727, 728, 729, 730, 731, 732, 733, 734, 735, 736, 737, 738, 739, 740, 741, 742, 743, 744, 745, 746, 747, 748, 749, 750, 751, 752, 753, 754, 755, 756, 757, 758, 759, 760, 761, 762, 763, 764, 765, 766, 767, 768, 769, 770, 771, 772, 773, 774, 775, 776, 777, 778, 779, 780, 781, 782, 783, 784, 785, 786, 787, 788, 789, 790, 791, 792, 793, 805, 815, 845, 847]",False,"[184, 655]","[103, 104, 105, 106, 107, 108, 109, 110, 111, 112, 113, 114, 115, 116, 117, 118, 119, 120, 121, 122, 123, 124, 125, 126, 127, 128, 129, 130, 131, 132, 133, 134, 135, 136, 137, 138, 139, 140, 141, 142, 143, 144, 145, 146, 147, 148, 149, 150, 151, 152, 153, 154, 155, 156, 157, 158, 159, 160, 161, 162, 163, 164, 165, 166, 167, 168, 169, 170, 171, 172, 173, 174, 175, 176, 177, 178, 179, 180, 181, 182, 183, 184, 185, 186, 187, 188, 189, 190, 191, 192, 193, 194, 195, 196, 197, 198, 199, 200, 201, 202, 203, 204, 205, 206, 207, 208, 209, 210, 211, 212, 213, 214, 215, 216, 217, 218, 219, 220, 221, 222, 223, 224, 225, 226, 227, 228, 229, 230, 231, 232, 233, 234, 235, 236, 237, 238, 239, 240, 241, 242, 243, 244, 245, 246, 247, 248, 249, 250, 251, 252, 253, 254, 255, 256, 257, 258, 259, 260, 261, 262, 263, 264, 265, 266, 267, 268, 269, 270, 271, 272, 273, 274, 275, 276, 277, 278, 279, 280, 281, 282, 283, 284, 285, 286, 287, 288, 289, 290, 291, 292, 293, 294, 295, 296, 297, 298, 299, 300, 301, 302, 303, 304, 305, 306, 307, 308, 309, 310, 311, 312, 313, 314, 315, 316, 317, 318, 319, 320, 321, 322, 323, 324, 325, 326, 327, 328, 329, 330, 331, 332, 333, 334, 335, 336, 337, 574, 575, 576, 577, 578, 579, 580, 581, 582, 583, 584, 585, 586, 587, 588, 589, 590, 591, 592, 593, 594, 595, 596, 597, 598, 599, 600, 601, 602, 603, 604, 605, 606, 607, 608, 609, 610, 611, 612, 613, 614, 615, 616, 617, 618, 619, 620, 621, 622, 623, 624, 625, 626, 627, 628, 629, 630, 631, 632, 633, 634, 635, 636, 637, 638, 639, 640, 641, 642, 643, 644, 645, 646, 647, 648, 649, 650, 651, 652, 653, 654, 655, 656, 657, 658, 659, 660, 661, 662, 663, 664, 665, 666, 667, 668, 669, 670, 671, 672, 673, 674, 675, 676, 677, 678, 679, 680, 681, 682, 683, 684, 685, 686, 687, 688, 689, 690, 691, 692, 693, 694, 695, 696, 697, 698, 699, 700, 701, 702, 703, 704, 705, 706, 707, 708, 709, 710, 711, 712, 713, 714, 715, 716, 717, 718, 719, 720, 721, 722, 723, 724, 725, 726, 727, 728, 729, 730, 731, 732, 733, 734, 735, 736, 737, 738, 739, 740, 741, 742, 743, 744, 745, 746, 747, 748, 749, 750, 751, 752, 753, 754, 755, 756, 757, 758, 759, 760, 761, 762, 763, 764, 765, 766, 767, 768, 769, 770, 771, 772, 773, 774, 775, 776, 777, 778, 779, 780, 781, 782, 783, 784, 785, 786, 787, 788, 789, 790, 791, 792, 793]","[184, 222, 655]",[],"[122, 130, 171, 179, 184, 187, 238, 248, 251, 258, 301, 350, 362, 395, 397, 593, 601, 642, 650, 655, 658, 702, 711, 714, 720, 805, 815, 845, 847]","[184, 232, 655, 696]",[],7/6 successful match,False,[143],True,740,False,,,,,
"Victorville , 92394 High Desert Travel Plaza",760-530-0049 15655 US 395,<U+2610> L <U+2610>,Victorville,92394,High Desert Travel Plaza,760-530-0049,2007,Victorville,CA,,,15655 US 395,Proper,,False,,False,US 395,,,,,[],"[184, 655]","[184, 222, 655]",[],"[103, 104, 105, 106, 107, 108, 109, 110, 111, 112, 113, 114, 115, 116, 117, 118, 119, 120, 121, 122, 123, 124, 125, 126, 127, 128, 129, 130, 131, 132, 133, 134, 135, 136, 137, 138, 139, 140, 141, 142, 143, 144, 145, 146, 147, 148, 149, 150, 151, 152, 153, 154, 155, 156, 157, 158, 159, 160, 161, 162, 163, 164, 165, 166, 167, 168, 169, 170, 171, 172, 173, 174, 175, 176, 177, 178, 179, 180, 181, 182, 183, 184, 185, 186, 187, 188, 189, 190, 191, 192, 193, 194, 195, 196, 197, 198, 199, 200, 201, 202, 203, 204, 205, 206, 207, 208, 209, 210, 211, 212, 213, 214, 215, 216, 217, 218, 219, 220, 221, 222, 223, 224, 225, 226, 227, 228, 229, 230, 231, 232, 233, 234, 235, 236, 237, 238, 239, 240, 241, 242, 243, 244, 245, 246, 247, 248, 249, 250, 251, 252, 253, 254, 255, 256, 257, 258, 259, 260, 261, 262, 263, 264, 265, 266, 267, 268, 269, 270, 271, 272, 273, 274, 275, 276, 277, 278, 279, 280, 281, 282, 283, 284, 285, 286, 287, 288, 289, 290, 291, 292, 293, 294, 295, 296, 297, 298, 299, 300, 301, 302, 303, 304, 305, 306, 307, 308, 309, 310, 311, 312, 313, 314, 315, 316, 317, 318, 319, 320, 321, 322, 323, 324, 325, 326, 327, 328, 329, 330, 331, 332, 333, 334, 335, 336, 337, 574, 575, 576, 577, 578, 579, 580, 581, 582, 583, 584, 585, 586, 587, 588, 589, 590, 591, 592, 593, 594, 595, 596, 597, 598, 599, 600, 601, 602, 603, 604, 605, 606, 607, 608, 609, 610, 611, 612, 613, 614, 615, 616, 617, 618, 619, 620, 621, 622, 623, 624, 625, 626, 627, 628, 629, 630, 631, 632, 633, 634, 635, 636, 637, 638, 639, 640, 641, 642, 643, 644, 645, 646, 647, 648, 649, 650, 651, 652, 653, 654, 655, 656, 657, 658, 659, 660, 661, 662, 663, 664, 665, 666, 667, 668, 669, 670, 671, 672, 673, 674, 675, 676, 677, 678, 679, 680, 681, 682, 683, 684, 685, 686, 687, 688, 689, 690, 691, 692, 693, 694, 695, 696, 697, 698, 699, 700, 701, 702, 703, 704, 705, 706, 707, 708, 709, 710, 711, 712, 713, 714, 715, 716, 717, 718, 719, 720, 721, 722, 723, 724, 725, 726, 727, 728, 729, 730, 731, 732, 733, 734, 735, 736, 737, 738, 739, 740, 741, 742, 743, 744, 745, 746, 747, 748, 749, 750, 751, 752, 753, 754, 755, 756, 757, 758, 759, 760, 761, 762, 763, 764, 765, 766, 767, 768, 769, 770, 771, 772, 773, 774, 775, 776, 777, 778, 779, 780, 781, 782, 783, 784, 785, 786, 787, 788, 789, 790, 791, 792, 793]","[122, 130, 171, 179, 184, 187, 238, 248, 251, 258, 301, 350, 362, 395, 397, 593, 601, 642, 650, 655, 658, 702, 711, 714, 720, 805, 815, 845, 847]",[],"[184, 232, 655, 696]","[103, 104, 105, 106, 107, 108, 109, 110, 111, 112, 113, 114, 115, 116, 117, 118, 119, 120, 121, 122, 123, 124, 125, 126, 127, 128, 129, 130, 131, 132, 133, 134, 135, 136, 137, 138, 139, 140, 141, 142, 143, 144, 145, 146, 147, 148, 149, 150, 151, 152, 153, 154, 155, 156, 157, 158, 159, 160, 161, 162, 163, 164, 165, 166, 167, 168, 169, 170, 171, 172, 173, 174, 175, 176, 177, 178, 179, 180, 181, 182, 183, 184, 185, 186, 187, 188, 189, 190, 191, 192, 193, 194, 195, 196, 197, 198, 199, 200, 201, 202, 203, 204, 205, 206, 207, 208, 209, 210, 211, 212, 213, 214, 215, 216, 217, 218, 219, 220, 221, 222, 223, 224, 225, 226, 227, 228, 229, 230, 231, 232, 233, 234, 235, 236, 237, 238, 239, 240, 241, 242, 243, 244, 245, 246, 247, 248, 249, 250, 251, 252, 253, 254, 255, 256, 257, 258, 259, 260, 261, 262, 263, 264, 265, 266, 267, 268, 269, 270, 271, 272, 273, 274, 275, 276, 277, 278, 279, 280, 281, 282, 283, 284, 285, 286, 287, 288, 289, 290, 291, 292, 293, 294, 295, 296, 297, 298, 299, 300, 301, 302, 303, 304, 305, 306, 307, 308, 309, 310, 311, 312, 313, 314, 315, 316, 317, 318, 319, 320, 321, 322, 323, 324, 325, 326, 327, 328, 329, 330, 331, 332, 333, 334, 335, 336, 337, 350, 362, 395, 397, 574, 575, 576, 577, 578, 579, 580, 581, 582, 583, 584, 585, 586, 587, 588, 589, 590, 591, 592, 593, 594, 595, 596, 597, 598, 599, 600, 601, 602, 603, 604, 605, 606, 607, 608, 609, 610, 611, 612, 613, 614, 615, 616, 617, 618, 619, 620, 621, 622, 623, 624, 625, 626, 627, 628, 629, 630, 631, 632, 633, 634, 635, 636, 637, 638, 639, 640, 641, 642, 643, 644, 645, 646, 647, 648, 649, 650, 651, 652, 653, 654, 655, 656, 657, 658, 659, 660, 661, 662, 663, 664, 665, 666, 667, 668, 669, 670, 671, 672, 673, 674, 675, 676, 677, 678, 679, 680, 681, 682, 683, 684, 685, 686, 687, 688, 689, 690, 691, 692, 693, 694, 695, 696, 697, 698, 699, 700, 701, 702, 703, 704, 705, 706, 707, 708, 709, 710, 711, 712, 713, 714, 715, 716, 717, 718, 719, 720, 721, 722, 723, 724, 725, 726, 727, 728, 729, 730, 731, 732, 733, 734, 735, 736, 737, 738, 739, 740, 741, 742, 743, 744, 745, 746, 747, 748, 749, 750, 751, 752, 753, 754, 755, 756, 757, 758, 759, 760, 761, 762, 763, 764, 765, 766, 767, 768, 769, 770, 771, 772, 773, 774, 775, 776, 777, 778, 779, 780, 781, 782, 783, 784, 785, 786, 787, 788, 789, 790, 791, 792, 793, 805, 815, 845, 847]",False,"[184, 655]","[103, 104, 105, 106, 107, 108, 109, 110, 111, 112, 113, 114, 115, 116, 117, 118, 119, 120, 121, 122, 123, 124, 125, 126, 127, 128, 129, 130, 131, 132, 133, 134, 135, 136, 137, 138, 139, 140, 141, 142, 143, 144, 145, 146, 147, 148, 149, 150, 151, 152, 153, 154, 155, 156, 157, 158, 159, 160, 161, 162, 163, 164, 165, 166, 167, 168, 169, 170, 171, 172, 173, 174, 175, 176, 177, 178, 179, 180, 181, 182, 183, 184, 185, 186, 187, 188, 189, 190, 191, 192, 193, 194, 195, 196, 197, 198, 199, 200, 201, 202, 203, 204, 205, 206, 207, 208, 209, 210, 211, 212, 213, 214, 215, 216, 217, 218, 219, 220, 221, 222, 223, 224, 225, 226, 227, 228, 229, 230, 231, 232, 233, 234, 235, 236, 237, 238, 239, 240, 241, 242, 243, 244, 245, 246, 247, 248, 249, 250, 251, 252, 253, 254, 255, 256, 257, 258, 259, 260, 261, 262, 263, 264, 265, 266, 267, 268, 269, 270, 271, 272, 273, 274, 275, 276, 277, 278, 279, 280, 281, 282, 283, 284, 285, 286, 287, 288, 289, 290, 291, 292, 293, 294, 295, 296, 297, 298, 299, 300, 301, 302, 303, 304, 305, 306, 307, 308, 309, 310, 311, 312, 313, 314, 315, 316, 317, 318, 319, 320, 321, 322, 323, 324, 325, 326, 327, 328, 329, 330, 331, 332, 333, 334, 335, 336, 337, 574, 575, 576, 577, 578, 579, 580, 581, 582, 583, 584, 585, 586, 587, 588, 589, 590, 591, 592, 593, 594, 595, 596, 597, 598, 599, 600, 601, 602, 603, 604, 605, 606, 607, 608, 609, 610, 611, 612, 613, 614, 615, 616, 617, 618, 619, 620, 621, 622, 623, 624, 625, 626, 627, 628, 629, 630, 631, 632, 633, 634, 635, 636, 637, 638, 639, 640, 641, 642, 643, 644, 645, 646, 647, 648, 649, 650, 651, 652, 653, 654, 655, 656, 657, 658, 659, 660, 661, 662, 663, 664, 665, 666, 667, 668, 669, 670, 671, 672, 673, 674, 675, 676, 677, 678, 679, 680, 681, 682, 683, 684, 685, 686, 687, 688, 689, 690, 691, 692, 693, 694, 695, 696, 697, 698, 699, 700, 701, 702, 703, 704, 705, 706, 707, 708, 709, 710, 711, 712, 713, 714, 715, 716, 717, 718, 719, 720, 721, 722, 723, 724, 725, 726, 727, 728, 729, 730, 731, 732, 733, 734, 735, 736, 737, 738, 739, 740, 741, 742, 743, 744, 745, 746, 747, 748, 749, 750, 751, 752, 753, 754, 755, 756, 757, 758, 759, 760, 761, 762, 763, 764, 765, 766, 767, 768, 769, 770, 771, 772, 773, 774, 775, 776, 777, 778, 779, 780, 781, 782, 783, 784, 785, 786, 787, 788, 789, 790, 791, 792, 793]","[184, 222, 655]",[],"[122, 130, 171, 179, 184, 187, 238, 248, 251, 258, 301, 350, 362, 395, 397, 593, 601, 642, 650, 655, 658, 702, 711, 714, 720, 805, 815, 845, 847]","[184, 232, 655, 696]",[],7/6 successful match,False,[143],True,740,False,,1.0,True,High Desert Travel Plaza ),
"Victorville , 92394 High Desert Service Center",760-530-0049 15655 US 395,24 240,Victorville,92394,High Desert Service Center,760-530-0049,2008,Victorville,CA,,,15655 US 395,Proper,,False,,False,US 395,,,,,[],"[184, 655]","[184, 222, 655]",[],"[103, 104, 105, 106, 107, 108, 109, 110, 111, 112, 113, 114, 115, 116, 117, 118, 119, 120, 121, 122, 123, 124, 125, 126, 127, 128, 129, 130, 131, 132, 133, 134, 135, 136, 137, 138, 139, 140, 141, 142, 143, 144, 145, 146, 147, 148, 149, 150, 151, 152, 153, 154, 155, 156, 157, 158, 159, 160, 161, 162, 163, 164, 165, 166, 167, 168, 169, 170, 171, 172, 173, 174, 175, 176, 177, 178, 179, 180, 181, 182, 183, 184, 185, 186, 187, 188, 189, 190, 191, 192, 193, 194, 195, 196, 197, 198, 199, 200, 201, 202, 203, 204, 205, 206, 207, 208, 209, 210, 211, 212, 213, 214, 215, 216, 217, 218, 219, 220, 221, 222, 223, 224, 225, 226, 227, 228, 229, 230, 231, 232, 233, 234, 235, 236, 237, 238, 239, 240, 241, 242, 243, 244, 245, 246, 247, 248, 249, 250, 251, 252, 253, 254, 255, 256, 257, 258, 259, 260, 261, 262, 263, 264, 265, 266, 267, 268, 269, 270, 271, 272, 273, 274, 275, 276, 277, 278, 279, 280, 281, 282, 283, 284, 285, 286, 287, 288, 289, 290, 291, 292, 293, 294, 295, 296, 297, 298, 299, 300, 301, 302, 303, 304, 305, 306, 307, 308, 309, 310, 311, 312, 313, 314, 315, 316, 317, 318, 319, 320, 321, 322, 323, 324, 325, 326, 327, 328, 329, 330, 331, 332, 333, 334, 335, 336, 337, 574, 575, 576, 577, 578, 579, 580, 581, 582, 583, 584, 585, 586, 587, 588, 589, 590, 591, 592, 593, 594, 595, 596, 597, 598, 599, 600, 601, 602, 603, 604, 605, 606, 607, 608, 609, 610, 611, 612, 613, 614, 615, 616, 617, 618, 619, 620, 621, 622, 623, 624, 625, 626, 627, 628, 629, 630, 631, 632, 633, 634, 635, 636, 637, 638, 639, 640, 641, 642, 643, 644, 645, 646, 647, 648, 649, 650, 651, 652, 653, 654, 655, 656, 657, 658, 659, 660, 661, 662, 663, 664, 665, 666, 667, 668, 669, 670, 671, 672, 673, 674, 675, 676, 677, 678, 679, 680, 681, 682, 683, 684, 685, 686, 687, 688, 689, 690, 691, 692, 693, 694, 695, 696, 697, 698, 699, 700, 701, 702, 703, 704, 705, 706, 707, 708, 709, 710, 711, 712, 713, 714, 715, 716, 717, 718, 719, 720, 721, 722, 723, 724, 725, 726, 727, 728, 729, 730, 731, 732, 733, 734, 735, 736, 737, 738, 739, 740, 741, 742, 743, 744, 745, 746, 747, 748, 749, 750, 751, 752, 753, 754, 755, 756, 757, 758, 759, 760, 761, 762, 763, 764, 765, 766, 767, 768, 769, 770, 771, 772, 773, 774, 775, 776, 777, 778, 779, 780, 781, 782, 783, 784, 785, 786, 787, 788, 789, 790, 791, 792, 793]","[122, 130, 171, 179, 184, 187, 238, 248, 251, 258, 301, 350, 362, 395, 397, 593, 601, 642, 650, 655, 658, 702, 711, 714, 720, 805, 815, 845, 847]",[],"[184, 232, 655, 696]","[103, 104, 105, 106, 107, 108, 109, 110, 111, 112, 113, 114, 115, 116, 117, 118, 119, 120, 121, 122, 123, 124, 125, 126, 127, 128, 129, 130, 131, 132, 133, 134, 135, 136, 137, 138, 139, 140, 141, 142, 143, 144, 145, 146, 147, 148, 149, 150, 151, 152, 153, 154, 155, 156, 157, 158, 159, 160, 161, 162, 163, 164, 165, 166, 167, 168, 169, 170, 171, 172, 173, 174, 175, 176, 177, 178, 179, 180, 181, 182, 183, 184, 185, 186, 187, 188, 189, 190, 191, 192, 193, 194, 195, 196, 197, 198, 199, 200, 201, 202, 203, 204, 205, 206, 207, 208, 209, 210, 211, 212, 213, 214, 215, 216, 217, 218, 219, 220, 221, 222, 223, 224, 225, 226, 227, 228, 229, 230, 231, 232, 233, 234, 235, 236, 237, 238, 239, 240, 241, 242, 243, 244, 245, 246, 247, 248, 249, 250, 251, 252, 253, 254, 255, 256, 257, 258, 259, 260, 261, 262, 263, 264, 265, 266, 267, 268, 269, 270, 271, 272, 273, 274, 275, 276, 277, 278, 279, 280, 281, 282, 283, 284, 285, 286, 287, 288, 289, 290, 291, 292, 293, 294, 295, 296, 297, 298, 299, 300, 301, 302, 303, 304, 305, 306, 307, 308, 309, 310, 311, 312, 313, 314, 315, 316, 317, 318, 319, 320, 321, 322, 323, 324, 325, 326, 327, 328, 329, 330, 331, 332, 333, 334, 335, 336, 337, 350, 362, 395, 397, 574, 575, 576, 577, 578, 579, 580, 581, 582, 583, 584, 585, 586, 587, 588, 589, 590, 591, 592, 593, 594, 595, 596, 597, 598, 599, 600, 601, 602, 603, 604, 605, 606, 607, 608, 609, 610, 611, 612, 613, 614, 615, 616, 617, 618, 619, 620, 621, 622, 623, 624, 625, 626, 627, 628, 629, 630, 631, 632, 633, 634, 635, 636, 637, 638, 639, 640, 641, 642, 643, 644, 645, 646, 647, 648, 649, 650, 651, 652, 653, 654, 655, 656, 657, 658, 659, 660, 661, 662, 663, 664, 665, 666, 667, 668, 669, 670, 671, 672, 673, 674, 675, 676, 677, 678, 679, 680, 681, 682, 683, 684, 685, 686, 687, 688, 689, 690, 691, 692, 693, 694, 695, 696, 697, 698, 699, 700, 701, 702, 703, 704, 705, 706, 707, 708, 709, 710, 711, 712, 713, 714, 715, 716, 717, 718, 719, 720, 721, 722, 723, 724, 725, 726, 727, 728, 729, 730, 731, 732, 733, 734, 735, 736, 737, 738, 739, 740, 741, 742, 743, 744, 745, 746, 747, 748, 749, 750, 751, 752, 753, 754, 755, 756, 757, 758, 759, 760, 761, 762, 763, 764, 765, 766, 767, 768, 769, 770, 771, 772, 773, 774, 775, 776, 777, 778, 779, 780, 781, 782, 783, 784, 785, 786, 787, 788, 789, 790, 791, 792, 793, 805, 815, 845, 847]",False,"[184, 655]","[103, 104, 105, 106, 107, 108, 109, 110, 111, 112, 113, 114, 115, 116, 117, 118, 119, 120, 121, 122, 123, 124, 125, 126, 127, 128, 129, 130, 131, 132, 133, 134, 135, 136, 137, 138, 139, 140, 141, 142, 143, 144, 145, 146, 147, 148, 149, 150, 151, 152, 153, 154, 155, 156, 157, 158, 159, 160, 161, 162, 163, 164, 165, 166, 167, 168, 169, 170, 171, 172, 173, 174, 175, 176, 177, 178, 179, 180, 181, 182, 183, 184, 185, 186, 187, 188, 189, 190, 191, 192, 193, 194, 195, 196, 197, 198, 199, 200, 201, 202, 203, 204, 205, 206, 207, 208, 209, 210, 211, 212, 213, 214, 215, 216, 217, 218, 219, 220, 221, 222, 223, 224, 225, 226, 227, 228, 229, 230, 231, 232, 233, 234, 235, 236, 237, 238, 239, 240, 241, 242, 243, 244, 245, 246, 247, 248, 249, 250, 251, 252, 253, 254, 255, 256, 257, 258, 259, 260, 261, 262, 263, 264, 265, 266, 267, 268, 269, 270, 271, 272, 273, 274, 275, 276, 277, 278, 279, 280, 281, 282, 283, 284, 285, 286, 287, 288, 289, 290, 291, 292, 293, 294, 295, 296, 297, 298, 299, 300, 301, 302, 303, 304, 305, 306, 307, 308, 309, 310, 311, 312, 313, 314, 315, 316, 317, 318, 319, 320, 321, 322, 323, 324, 325, 326, 327, 328, 329, 330, 331, 332, 333, 334, 335, 336, 337, 574, 575, 576, 577, 578, 579, 580, 581, 582, 583, 584, 585, 586, 587, 588, 589, 590, 591, 592, 593, 594, 595, 596, 597, 598, 599, 600, 601, 602, 603, 604, 605, 606, 607, 608, 609, 610, 611, 612, 613, 614, 615, 616, 617, 618, 619, 620, 621, 622, 623, 624, 625, 626, 627, 628, 629, 630, 631, 632, 633, 634, 635, 636, 637, 638, 639, 640, 641, 642, 643, 644, 645, 646, 647, 648, 649, 650, 651, 652, 653, 654, 655, 656, 657, 658, 659, 660, 661, 662, 663, 664, 665, 666, 667, 668, 669, 670, 671, 672, 673, 674, 675, 676, 677, 678, 679, 680, 681, 682, 683, 684, 685, 686, 687, 688, 689, 690, 691, 692, 693, 694, 695, 696, 697, 698, 699, 700, 701, 702, 703, 704, 705, 706, 707, 708, 709, 710, 711, 712, 713, 714, 715, 716, 717, 718, 719, 720, 721, 722, 723, 724, 725, 726, 727, 728, 729, 730, 731, 732, 733, 734, 735, 736, 737, 738, 739, 740, 741, 742, 743, 744, 745, 746, 747, 748, 749, 750, 751, 752, 753, 754, 755, 756, 757, 758, 759, 760, 761, 762, 763, 764, 765, 766, 767, 768, 769, 770, 771, 772, 773, 774, 775, 776, 777, 778, 779, 780, 781, 782, 783, 784, 785, 786, 787, 788, 789, 790, 791, 792, 793]","[184, 222, 655]",[],"[122, 130, 171, 179, 184, 187, 238, 248, 251, 258, 301, 350, 362, 395, 397, 593, 601, 642, 650, 655, 658, 702, 711, 714, 720, 805, 815, 845, 847]","[184, 232, 655, 696]",[],7/6 successful match,False,[143],True,740,False,,0.868,True,High Desert Travel Plaza,
"Yermo , 92398 Mohsen Oil )",6 760-254-2119 I-15 Exit 191 ( Ghost Town Rd ),24 <U+2610> MOO <U+2610>,Yermo,92398,Mohsen Oil ),760-254-2119,2006,Yermo,CA,,( Ghost Town Rd ),I-15 Exit 191 ,Exit,191,False,,False,I-15,,,,,"[229, 693]","[229, 336, 693, 793]","[229, 336, 693, 793]","[229, 336, 693, 793]","[103, 104, 105, 106, 107, 108, 109, 110, 111, 112, 113, 114, 115, 116, 117, 118, 119, 120, 121, 122, 123, 124, 125, 126, 127, 128, 129, 130, 131, 132, 133, 134, 135, 136, 137, 138, 139, 140, 141, 142, 143, 144, 145, 146, 147, 148, 149, 150, 151, 152, 153, 154, 155, 156, 157, 158, 159, 160, 161, 162, 163, 164, 165, 166, 167, 168, 169, 170, 171, 172, 173, 174, 175, 176, 177, 178, 179, 180, 181, 182, 183, 184, 185, 186, 187, 188, 189, 190, 191, 192, 193, 194, 195, 196, 197, 198, 199, 200, 201, 202, 203, 204, 205, 206, 207, 208, 209, 210, 211, 212, 213, 214, 215, 216, 217, 218, 219, 220, 221, 222, 223, 224, 225, 226, 227, 228, 229, 230, 231, 232, 233, 234, 235, 236, 237, 238, 239, 240, 241, 242, 243, 244, 245, 246, 247, 248, 249, 250, 251, 252, 253, 254, 255, 256, 257, 258, 259, 260, 261, 262, 263, 264, 265, 266, 267, 268, 269, 270, 271, 272, 273, 274, 275, 276, 277, 278, 279, 280, 281, 282, 283, 284, 285, 286, 287, 288, 289, 290, 291, 292, 293, 294, 295, 296, 297, 298, 299, 300, 301, 302, 303, 304, 305, 306, 307, 308, 309, 310, 311, 312, 313, 314, 315, 316, 317, 318, 319, 320, 321, 322, 323, 324, 325, 326, 327, 328, 329, 330, 331, 332, 333, 334, 335, 336, 337, 574, 575, 576, 577, 578, 579, 580, 581, 582, 583, 584, 585, 586, 587, 588, 589, 590, 591, 592, 593, 594, 595, 596, 597, 598, 599, 600, 601, 602, 603, 604, 605, 606, 607, 608, 609, 610, 611, 612, 613, 614, 615, 616, 617, 618, 619, 620, 621, 622, 623, 624, 625, 626, 627, 628, 629, 630, 631, 632, 633, 634, 635, 636, 637, 638, 639, 640, 641, 642, 643, 644, 645, 646, 647, 648, 649, 650, 651, 652, 653, 654, 655, 656, 657, 658, 659, 660, 661, 662, 663, 664, 665, 666, 667, 668, 669, 670, 671, 672, 673, 674, 675, 676, 677, 678, 679, 680, 681, 682, 683, 684, 685, 686, 687, 688, 689, 690, 691, 692, 693, 694, 695, 696, 697, 698, 699, 700, 701, 702, 703, 704, 705, 706, 707, 708, 709, 710, 711, 712, 713, 714, 715, 716, 717, 718, 719, 720, 721, 722, 723, 724, 725, 726, 727, 728, 729, 730, 731, 732, 733, 734, 735, 736, 737, 738, 739, 740, 741, 742, 743, 744, 745, 746, 747, 748, 749, 750, 751, 752, 753, 754, 755, 756, 757, 758, 759, 760, 761, 762, 763, 764, 765, 766, 767, 768, 769, 770, 771, 772, 773, 774, 775, 776, 777, 778, 779, 780, 781, 782, 783, 784, 785, 786, 787, 788, 789, 790, 791, 792, 793]","[16, 125, 156, 163, 168, 184, 205, 222, 229, 253, 258, 265, 313, 317, 336, 340, 341, 356, 363, 365, 366, 367, 370, 375, 388, 391, 394, 396, 402, 410, 411, 412, 413, 415, 416, 417, 418, 419, 425, 429, 431, 433, 435, 437, 440, 441, 442, 443, 451, 452, 456, 457, 458, 460, 461, 464, 471, 473, 474, 475, 481, 482, 501, 596, 628, 635, 655, 675, 693, 716, 720, 725, 771, 775, 793, 796, 797, 811, 817, 818, 820, 825, 838, 841, 844, 846, 851, 857, 861, 862, 863, 864, 866, 867, 868, 870, 871, 877, 881, 883, 885, 888, 891, 892, 893, 898, 899, 904, 905, 907, 908, 911, 918, 920, 921, 922, 923, 924, 926, 931, 933]",[],"[4, 31, 59, 135, 142, 147, 180, 218, 229, 232, 264, 269, 299, 318, 320, 331, 338, 352, 367, 382, 387, 403, 405, 408, 410, 455, 463, 465, 466, 468, 470, 472, 473, 483, 484, 490, 514, 535, 606, 613, 618, 651, 686, 693, 696, 724, 728, 758, 776, 778, 788, 794, 807, 832, 837, 852, 854, 858, 860, 861, 902, 910, 912, 913, 915, 917, 919, 920, 931, 934, 935]","[4, 16, 31, 59, 103, 104, 105, 106, 107, 108, 109, 110, 111, 112, 113, 114, 115, 116, 117, 118, 119, 120, 121, 122, 123, 124, 125, 126, 127, 128, 129, 130, 131, 132, 133, 134, 135, 136, 137, 138, 139, 140, 141, 142, 143, 144, 145, 146, 147, 148, 149, 150, 151, 152, 153, 154, 155, 156, 157, 158, 159, 160, 161, 162, 163, 164, 165, 166, 167, 168, 169, 170, 171, 172, 173, 174, 175, 176, 177, 178, 179, 180, 181, 182, 183, 184, 185, 186, 187, 188, 189, 190, 191, 192, 193, 194, 195, 196, 197, 198, 199, 200, 201, 202, 203, 204, 205, 206, 207, 208, 209, 210, 211, 212, 213, 214, 215, 216, 217, 218, 219, 220, 221, 222, 223, 224, 225, 226, 227, 228, 229, 230, 231, 232, 233, 234, 235, 236, 237, 238, 239, 240, 241, 242, 243, 244, 245, 246, 247, 248, 249, 250, 251, 252, 253, 254, 255, 256, 257, 258, 259, 260, 261, 262, 263, 264, 265, 266, 267, 268, 269, 270, 271, 272, 273, 274, 275, 276, 277, 278, 279, 280, 281, 282, 283, 284, 285, 286, 287, 288, 289, 290, 291, 292, 293, 294, 295, 296, 297, 298, 299, 300, 301, 302, 303, 304, 305, 306, 307, 308, 309, 310, 311, 312, 313, 314, 315, 316, 317, 318, 319, 320, 321, 322, 323, 324, 325, 326, 327, 328, 329, 330, 331, 332, 333, 334, 335, 336, 337, 338, 340, 341, 352, 356, 363, 365, 366, 367, 370, 375, 382, 387, 388, 391, 394, 396, 402, 403, 405, 408, 410, 411, 412, 413, 415, 416, 417, 418, 419, 425, 429, 431, 433, 435, 437, 440, 441, 442, 443, 451, 452, 455, 456, 457, 458, 460, 461, 463, 464, 465, 466, 468, 470, 471, 472, 473, 474, 475, 481, 482, 483, 484, 490, 501, 514, 535, 574, 575, 576, 577, 578, 579, 580, 581, 582, 583, 584, 585, 586, 587, 588, 589, 590, 591, 592, 593, 594, 595, 596, 597, 598, 599, 600, 601, 602, 603, 604, 605, 606, 607, 608, 609, 610, 611, 612, 613, 614, 615, 616, 617, 618, 619, 620, 621, 622, 623, 624, 625, 626, 627, 628, 629, 630, 631, 632, 633, 634, 635, 636, 637, 638, 639, 640, 641, 642, 643, 644, 645, 646, 647, 648, 649, 650, 651, 652, 653, 654, 655, 656, 657, 658, 659, 660, 661, 662, 663, 664, 665, 666, 667, 668, 669, 670, 671, 672, 673, 674, 675, 676, 677, 678, 679, 680, 681, 682, 683, 684, 685, 686, 687, 688, 689, 690, 691, 692, 693, 694, 695, 696, 697, 698, 699, 700, 701, 702, 703, 704, 705, 706, 707, 708, 709, 710, 711, 712, 713, 714, 715, 716, 717, 718, 719, 720, 721, 722, 723, 724, 725, 726, 727, 728, 729, 730, 731, 732, 733, 734, 735, 736, 737, 738, 739, 740, 741, 742, 743, 744, 745, 746, 747, 748, 749, 750, 751, 752, 753, 754, 755, 756, 757, 758, 759, 760, 761, 762, 763, 764, 765, 766, 767, 768, 769, 770, 771, 772, 773, 774, 775, 776, 777, 778, 779, 780, 781, 782, 783, 784, 785, 786, 787, 788, 789, 790, 791, 792, 793, 794, 796, 797, 807, 811, 817, 818, 820, 825, 832, 837, 838, 841, 844, 846, 851, 852, 854, 857, 858, 860, 861, 862, 863, 864, 866, 867, 868, 870, 871, 877, 881, 883, 885, 888, 891, 892, 893, 898, 899, 902, 904, 905, 907, 908, 910, 911, 912, 913, 915, 917, 918, 919, 920, 921, 922, 923, 924, 926, 931, 933, 934, 935]",True,"[229, 336, 693, 793]","[103, 104, 105, 106, 107, 108, 109, 110, 111, 112, 113, 114, 115, 116, 117, 118, 119, 120, 121, 122, 123, 124, 125, 126, 127, 128, 129, 130, 131, 132, 133, 134, 135, 136, 137, 138, 139, 140, 141, 142, 143, 144, 145, 146, 147, 148, 149, 150, 151, 152, 153, 154, 155, 156, 157, 158, 159, 160, 161, 162, 163, 164, 165, 166, 167, 168, 169, 170, 171, 172, 173, 174, 175, 176, 177, 178, 179, 180, 181, 182, 183, 184, 185, 186, 187, 188, 189, 190, 191, 192, 193, 194, 195, 196, 197, 198, 199, 200, 201, 202, 203, 204, 205, 206, 207, 208, 209, 210, 211, 212, 213, 214, 215, 216, 217, 218, 219, 220, 221, 222, 223, 224, 225, 226, 227, 228, 229, 230, 231, 232, 233, 234, 235, 236, 237, 238, 239, 240, 241, 242, 243, 244, 245, 246, 247, 248, 249, 250, 251, 252, 253, 254, 255, 256, 257, 258, 259, 260, 261, 262, 263, 264, 265, 266, 267, 268, 269, 270, 271, 272, 273, 274, 275, 276, 277, 278, 279, 280, 281, 282, 283, 284, 285, 286, 287, 288, 289, 290, 291, 292, 293, 294, 295, 296, 297, 298, 299, 300, 301, 302, 303, 304, 305, 306, 307, 308, 309, 310, 311, 312, 313, 314, 315, 316, 317, 318, 319, 320, 321, 322, 323, 324, 325, 326, 327, 328, 329, 330, 331, 332, 333, 334, 335, 336, 337, 574, 575, 576, 577, 578, 579, 580, 581, 582, 583, 584, 585, 586, 587, 588, 589, 590, 591, 592, 593, 594, 595, 596, 597, 598, 599, 600, 601, 602, 603, 604, 605, 606, 607, 608, 609, 610, 611, 612, 613, 614, 615, 616, 617, 618, 619, 620, 621, 622, 623, 624, 625, 626, 627, 628, 629, 630, 631, 632, 633, 634, 635, 636, 637, 638, 639, 640, 641, 642, 643, 644, 645, 646, 647, 648, 649, 650, 651, 652, 653, 654, 655, 656, 657, 658, 659, 660, 661, 662, 663, 664, 665, 666, 667, 668, 669, 670, 671, 672, 673, 674, 675, 676, 677, 678, 679, 680, 681, 682, 683, 684, 685, 686, 687, 688, 689, 690, 691, 692, 693, 694, 695, 696, 697, 698, 699, 700, 701, 702, 703, 704, 705, 706, 707, 708, 709, 710, 711, 712, 713, 714, 715, 716, 717, 718, 719, 720, 721, 722, 723, 724, 725, 726, 727, 728, 729, 730, 731, 732, 733, 734, 735, 736, 737, 738, 739, 740, 741, 742, 743, 744, 745, 746, 747, 748, 749, 750, 751, 752, 753, 754, 755, 756, 757, 758, 759, 760, 761, 762, 763, 764, 765, 766, 767, 768, 769, 770, 771, 772, 773, 774, 775, 776, 777, 778, 779, 780, 781, 782, 783, 784, 785, 786, 787, 788, 789, 790, 791, 792, 793]","[229, 336, 693, 793]","[229, 336, 693, 793]","[16, 125, 156, 163, 168, 184, 205, 222, 229, 253, 258, 265, 313, 317, 336, 340, 341, 356, 363, 365, 366, 367, 370, 375, 388, 391, 394, 396, 402, 410, 411, 412, 413, 415, 416, 417, 418, 419, 425, 429, 431, 433, 435, 437, 440, 441, 442, 443, 451, 452, 456, 457, 458, 460, 461, 464, 471, 473, 474, 475, 481, 482, 501, 596, 628, 635, 655, 675, 693, 716, 720, 725, 771, 775, 793, 796, 797, 811, 817, 818, 820, 825, 838, 841, 844, 846, 851, 857, 861, 862, 863, 864, 866, 867, 868, 870, 871, 877, 881, 883, 885, 888, 891, 892, 893, 898, 899, 904, 905, 907, 908, 911, 918, 920, 921, 922, 923, 924, 926, 931, 933]","[4, 31, 59, 135, 142, 147, 180, 218, 229, 232, 264, 269, 299, 318, 320, 331, 338, 352, 367, 382, 387, 403, 405, 408, 410, 455, 463, 465, 466, 468, 470, 472, 473, 483, 484, 490, 514, 535, 606, 613, 618, 651, 686, 693, 696, 724, 728, 758, 776, 778, 788, 794, 807, 832, 837, 852, 854, 858, 860, 861, 902, 910, 912, 913, 915, 917, 919, 920, 931, 934, 935]",[],7/6 successful match,True,[115],True,741,False,,,,,
"Yermo , 92398 Mohsen Oil",6 760-254-2119 I-15 Exit 191 ( Ghost Town Rd ),MOO,Yermo,92398,Mohsen Oil,760-254-2119,2007,Yermo,CA,,( Ghost Town Rd ),I-15 Exit 191 ,Exit,191,False,,False,I-15,,,,,"[229, 693]","[229, 336, 693, 793]","[229, 336, 693, 793]","[229, 336, 693, 793]","[103, 104, 105, 106, 107, 108, 109, 110, 111, 112, 113, 114, 115, 116, 117, 118, 119, 120, 121, 122, 123, 124, 125, 126, 127, 128, 129, 130, 131, 132, 133, 134, 135, 136, 137, 138, 139, 140, 141, 142, 143, 144, 145, 146, 147, 148, 149, 150, 151, 152, 153, 154, 155, 156, 157, 158, 159, 160, 161, 162, 163, 164, 165, 166, 167, 168, 169, 170, 171, 172, 173, 174, 175, 176, 177, 178, 179, 180, 181, 182, 183, 184, 185, 186, 187, 188, 189, 190, 191, 192, 193, 194, 195, 196, 197, 198, 199, 200, 201, 202, 203, 204, 205, 206, 207, 208, 209, 210, 211, 212, 213, 214, 215, 216, 217, 218, 219, 220, 221, 222, 223, 224, 225, 226, 227, 228, 229, 230, 231, 232, 233, 234, 235, 236, 237, 238, 239, 240, 241, 242, 243, 244, 245, 246, 247, 248, 249, 250, 251, 252, 253, 254, 255, 256, 257, 258, 259, 260, 261, 262, 263, 264, 265, 266, 267, 268, 269, 270, 271, 272, 273, 274, 275, 276, 277, 278, 279, 280, 281, 282, 283, 284, 285, 286, 287, 288, 289, 290, 291, 292, 293, 294, 295, 296, 297, 298, 299, 300, 301, 302, 303, 304, 305, 306, 307, 308, 309, 310, 311, 312, 313, 314, 315, 316, 317, 318, 319, 320, 321, 322, 323, 324, 325, 326, 327, 328, 329, 330, 331, 332, 333, 334, 335, 336, 337, 574, 575, 576, 577, 578, 579, 580, 581, 582, 583, 584, 585, 586, 587, 588, 589, 590, 591, 592, 593, 594, 595, 596, 597, 598, 599, 600, 601, 602, 603, 604, 605, 606, 607, 608, 609, 610, 611, 612, 613, 614, 615, 616, 617, 618, 619, 620, 621, 622, 623, 624, 625, 626, 627, 628, 629, 630, 631, 632, 633, 634, 635, 636, 637, 638, 639, 640, 641, 642, 643, 644, 645, 646, 647, 648, 649, 650, 651, 652, 653, 654, 655, 656, 657, 658, 659, 660, 661, 662, 663, 664, 665, 666, 667, 668, 669, 670, 671, 672, 673, 674, 675, 676, 677, 678, 679, 680, 681, 682, 683, 684, 685, 686, 687, 688, 689, 690, 691, 692, 693, 694, 695, 696, 697, 698, 699, 700, 701, 702, 703, 704, 705, 706, 707, 708, 709, 710, 711, 712, 713, 714, 715, 716, 717, 718, 719, 720, 721, 722, 723, 724, 725, 726, 727, 728, 729, 730, 731, 732, 733, 734, 735, 736, 737, 738, 739, 740, 741, 742, 743, 744, 745, 746, 747, 748, 749, 750, 751, 752, 753, 754, 755, 756, 757, 758, 759, 760, 761, 762, 763, 764, 765, 766, 767, 768, 769, 770, 771, 772, 773, 774, 775, 776, 777, 778, 779, 780, 781, 782, 783, 784, 785, 786, 787, 788, 789, 790, 791, 792, 793]","[16, 125, 156, 163, 168, 184, 205, 222, 229, 253, 258, 265, 313, 317, 336, 340, 341, 356, 363, 365, 366, 367, 370, 375, 388, 391, 394, 396, 402, 410, 411, 412, 413, 415, 416, 417, 418, 419, 425, 429, 431, 433, 435, 437, 440, 441, 442, 443, 451, 452, 456, 457, 458, 460, 461, 464, 471, 473, 474, 475, 481, 482, 501, 596, 628, 635, 655, 675, 693, 716, 720, 725, 771, 775, 793, 796, 797, 811, 817, 818, 820, 825, 838, 841, 844, 846, 851, 857, 861, 862, 863, 864, 866, 867, 868, 870, 871, 877, 881, 883, 885, 888, 891, 892, 893, 898, 899, 904, 905, 907, 908, 911, 918, 920, 921, 922, 923, 924, 926, 931, 933]",[],"[4, 31, 59, 135, 142, 147, 180, 218, 229, 232, 264, 269, 299, 318, 320, 331, 338, 352, 367, 382, 387, 403, 405, 408, 410, 455, 463, 465, 466, 468, 470, 472, 473, 483, 484, 490, 514, 535, 606, 613, 618, 651, 686, 693, 696, 724, 728, 758, 776, 778, 788, 794, 807, 832, 837, 852, 854, 858, 860, 861, 902, 910, 912, 913, 915, 917, 919, 920, 931, 934, 935]","[4, 16, 31, 59, 103, 104, 105, 106, 107, 108, 109, 110, 111, 112, 113, 114, 115, 116, 117, 118, 119, 120, 121, 122, 123, 124, 125, 126, 127, 128, 129, 130, 131, 132, 133, 134, 135, 136, 137, 138, 139, 140, 141, 142, 143, 144, 145, 146, 147, 148, 149, 150, 151, 152, 153, 154, 155, 156, 157, 158, 159, 160, 161, 162, 163, 164, 165, 166, 167, 168, 169, 170, 171, 172, 173, 174, 175, 176, 177, 178, 179, 180, 181, 182, 183, 184, 185, 186, 187, 188, 189, 190, 191, 192, 193, 194, 195, 196, 197, 198, 199, 200, 201, 202, 203, 204, 205, 206, 207, 208, 209, 210, 211, 212, 213, 214, 215, 216, 217, 218, 219, 220, 221, 222, 223, 224, 225, 226, 227, 228, 229, 230, 231, 232, 233, 234, 235, 236, 237, 238, 239, 240, 241, 242, 243, 244, 245, 246, 247, 248, 249, 250, 251, 252, 253, 254, 255, 256, 257, 258, 259, 260, 261, 262, 263, 264, 265, 266, 267, 268, 269, 270, 271, 272, 273, 274, 275, 276, 277, 278, 279, 280, 281, 282, 283, 284, 285, 286, 287, 288, 289, 290, 291, 292, 293, 294, 295, 296, 297, 298, 299, 300, 301, 302, 303, 304, 305, 306, 307, 308, 309, 310, 311, 312, 313, 314, 315, 316, 317, 318, 319, 320, 321, 322, 323, 324, 325, 326, 327, 328, 329, 330, 331, 332, 333, 334, 335, 336, 337, 338, 340, 341, 352, 356, 363, 365, 366, 367, 370, 375, 382, 387, 388, 391, 394, 396, 402, 403, 405, 408, 410, 411, 412, 413, 415, 416, 417, 418, 419, 425, 429, 431, 433, 435, 437, 440, 441, 442, 443, 451, 452, 455, 456, 457, 458, 460, 461, 463, 464, 465, 466, 468, 470, 471, 472, 473, 474, 475, 481, 482, 483, 484, 490, 501, 514, 535, 574, 575, 576, 577, 578, 579, 580, 581, 582, 583, 584, 585, 586, 587, 588, 589, 590, 591, 592, 593, 594, 595, 596, 597, 598, 599, 600, 601, 602, 603, 604, 605, 606, 607, 608, 609, 610, 611, 612, 613, 614, 615, 616, 617, 618, 619, 620, 621, 622, 623, 624, 625, 626, 627, 628, 629, 630, 631, 632, 633, 634, 635, 636, 637, 638, 639, 640, 641, 642, 643, 644, 645, 646, 647, 648, 649, 650, 651, 652, 653, 654, 655, 656, 657, 658, 659, 660, 661, 662, 663, 664, 665, 666, 667, 668, 669, 670, 671, 672, 673, 674, 675, 676, 677, 678, 679, 680, 681, 682, 683, 684, 685, 686, 687, 688, 689, 690, 691, 692, 693, 694, 695, 696, 697, 698, 699, 700, 701, 702, 703, 704, 705, 706, 707, 708, 709, 710, 711, 712, 713, 714, 715, 716, 717, 718, 719, 720, 721, 722, 723, 724, 725, 726, 727, 728, 729, 730, 731, 732, 733, 734, 735, 736, 737, 738, 739, 740, 741, 742, 743, 744, 745, 746, 747, 748, 749, 750, 751, 752, 753, 754, 755, 756, 757, 758, 759, 760, 761, 762, 763, 764, 765, 766, 767, 768, 769, 770, 771, 772, 773, 774, 775, 776, 777, 778, 779, 780, 781, 782, 783, 784, 785, 786, 787, 788, 789, 790, 791, 792, 793, 794, 796, 797, 807, 811, 817, 818, 820, 825, 832, 837, 838, 841, 844, 846, 851, 852, 854, 857, 858, 860, 861, 862, 863, 864, 866, 867, 868, 870, 871, 877, 881, 883, 885, 888, 891, 892, 893, 898, 899, 902, 904, 905, 907, 908, 910, 911, 912, 913, 915, 917, 918, 919, 920, 921, 922, 923, 924, 926, 931, 933, 934, 935]",True,"[229, 336, 693, 793]","[103, 104, 105, 106, 107, 108, 109, 110, 111, 112, 113, 114, 115, 116, 117, 118, 119, 120, 121, 122, 123, 124, 125, 126, 127, 128, 129, 130, 131, 132, 133, 134, 135, 136, 137, 138, 139, 140, 141, 142, 143, 144, 145, 146, 147, 148, 149, 150, 151, 152, 153, 154, 155, 156, 157, 158, 159, 160, 161, 162, 163, 164, 165, 166, 167, 168, 169, 170, 171, 172, 173, 174, 175, 176, 177, 178, 179, 180, 181, 182, 183, 184, 185, 186, 187, 188, 189, 190, 191, 192, 193, 194, 195, 196, 197, 198, 199, 200, 201, 202, 203, 204, 205, 206, 207, 208, 209, 210, 211, 212, 213, 214, 215, 216, 217, 218, 219, 220, 221, 222, 223, 224, 225, 226, 227, 228, 229, 230, 231, 232, 233, 234, 235, 236, 237, 238, 239, 240, 241, 242, 243, 244, 245, 246, 247, 248, 249, 250, 251, 252, 253, 254, 255, 256, 257, 258, 259, 260, 261, 262, 263, 264, 265, 266, 267, 268, 269, 270, 271, 272, 273, 274, 275, 276, 277, 278, 279, 280, 281, 282, 283, 284, 285, 286, 287, 288, 289, 290, 291, 292, 293, 294, 295, 296, 297, 298, 299, 300, 301, 302, 303, 304, 305, 306, 307, 308, 309, 310, 311, 312, 313, 314, 315, 316, 317, 318, 319, 320, 321, 322, 323, 324, 325, 326, 327, 328, 329, 330, 331, 332, 333, 334, 335, 336, 337, 574, 575, 576, 577, 578, 579, 580, 581, 582, 583, 584, 585, 586, 587, 588, 589, 590, 591, 592, 593, 594, 595, 596, 597, 598, 599, 600, 601, 602, 603, 604, 605, 606, 607, 608, 609, 610, 611, 612, 613, 614, 615, 616, 617, 618, 619, 620, 621, 622, 623, 624, 625, 626, 627, 628, 629, 630, 631, 632, 633, 634, 635, 636, 637, 638, 639, 640, 641, 642, 643, 644, 645, 646, 647, 648, 649, 650, 651, 652, 653, 654, 655, 656, 657, 658, 659, 660, 661, 662, 663, 664, 665, 666, 667, 668, 669, 670, 671, 672, 673, 674, 675, 676, 677, 678, 679, 680, 681, 682, 683, 684, 685, 686, 687, 688, 689, 690, 691, 692, 693, 694, 695, 696, 697, 698, 699, 700, 701, 702, 703, 704, 705, 706, 707, 708, 709, 710, 711, 712, 713, 714, 715, 716, 717, 718, 719, 720, 721, 722, 723, 724, 725, 726, 727, 728, 729, 730, 731, 732, 733, 734, 735, 736, 737, 738, 739, 740, 741, 742, 743, 744, 745, 746, 747, 748, 749, 750, 751, 752, 753, 754, 755, 756, 757, 758, 759, 760, 761, 762, 763, 764, 765, 766, 767, 768, 769, 770, 771, 772, 773, 774, 775, 776, 777, 778, 779, 780, 781, 782, 783, 784, 785, 786, 787, 788, 789, 790, 791, 792, 793]","[229, 336, 693, 793]","[229, 336, 693, 793]","[16, 125, 156, 163, 168, 184, 205, 222, 229, 253, 258, 265, 313, 317, 336, 340, 341, 356, 363, 365, 366, 367, 370, 375, 388, 391, 394, 396, 402, 410, 411, 412, 413, 415, 416, 417, 418, 419, 425, 429, 431, 433, 435, 437, 440, 441, 442, 443, 451, 452, 456, 457, 458, 460, 461, 464, 471, 473, 474, 475, 481, 482, 501, 596, 628, 635, 655, 675, 693, 716, 720, 725, 771, 775, 793, 796, 797, 811, 817, 818, 820, 825, 838, 841, 844, 846, 851, 857, 861, 862, 863, 864, 866, 867, 868, 870, 871, 877, 881, 883, 885, 888, 891, 892, 893, 898, 899, 904, 905, 907, 908, 911, 918, 920, 921, 922, 923, 924, 926, 931, 933]","[4, 31, 59, 135, 142, 147, 180, 218, 229, 232, 264, 269, 299, 318, 320, 331, 338, 352, 367, 382, 387, 403, 405, 408, 410, 455, 463, 465, 466, 468, 470, 472, 473, 483, 484, 490, 514, 535, 606, 613, 618, 651, 686, 693, 696, 724, 728, 758, 776, 778, 788, 794, 807, 832, 837, 852, 854, 858, 860, 861, 902, 910, 912, 913, 915, 917, 919, 920, 931, 934, 935]",[],7/6 successful match,True,[115],True,741,False,,1.0,True,Mohsen Oil ),
H Yermo ( 92398 ) Vegas Truck Stop,6 760-254-2119 I-15 Exit 191 ( Ghost Town Rd S ),24 m M 0,Yermo,92398,Vegas Truck Stop,760-254-2119,2014,Yermo,CA,,( Ghost Town Rd S ),I-15 Exit 191 ,Exit,191,False,,False,I-15,,,,,"[229, 693]","[229, 336, 693, 793]","[229, 336, 693, 793]","[229, 336, 693, 793]","[103, 104, 105, 106, 107, 108, 109, 110, 111, 112, 113, 114, 115, 116, 117, 118, 119, 120, 121, 122, 123, 124, 125, 126, 127, 128, 129, 130, 131, 132, 133, 134, 135, 136, 137, 138, 139, 140, 141, 142, 143, 144, 145, 146, 147, 148, 149, 150, 151, 152, 153, 154, 155, 156, 157, 158, 159, 160, 161, 162, 163, 164, 165, 166, 167, 168, 169, 170, 171, 172, 173, 174, 175, 176, 177, 178, 179, 180, 181, 182, 183, 184, 185, 186, 187, 188, 189, 190, 191, 192, 193, 194, 195, 196, 197, 198, 199, 200, 201, 202, 203, 204, 205, 206, 207, 208, 209, 210, 211, 212, 213, 214, 215, 216, 217, 218, 219, 220, 221, 222, 223, 224, 225, 226, 227, 228, 229, 230, 231, 232, 233, 234, 235, 236, 237, 238, 239, 240, 241, 242, 243, 244, 245, 246, 247, 248, 249, 250, 251, 252, 253, 254, 255, 256, 257, 258, 259, 260, 261, 262, 263, 264, 265, 266, 267, 268, 269, 270, 271, 272, 273, 274, 275, 276, 277, 278, 279, 280, 281, 282, 283, 284, 285, 286, 287, 288, 289, 290, 291, 292, 293, 294, 295, 296, 297, 298, 299, 300, 301, 302, 303, 304, 305, 306, 307, 308, 309, 310, 311, 312, 313, 314, 315, 316, 317, 318, 319, 320, 321, 322, 323, 324, 325, 326, 327, 328, 329, 330, 331, 332, 333, 334, 335, 336, 337, 574, 575, 576, 577, 578, 579, 580, 581, 582, 583, 584, 585, 586, 587, 588, 589, 590, 591, 592, 593, 594, 595, 596, 597, 598, 599, 600, 601, 602, 603, 604, 605, 606, 607, 608, 609, 610, 611, 612, 613, 614, 615, 616, 617, 618, 619, 620, 621, 622, 623, 624, 625, 626, 627, 628, 629, 630, 631, 632, 633, 634, 635, 636, 637, 638, 639, 640, 641, 642, 643, 644, 645, 646, 647, 648, 649, 650, 651, 652, 653, 654, 655, 656, 657, 658, 659, 660, 661, 662, 663, 664, 665, 666, 667, 668, 669, 670, 671, 672, 673, 674, 675, 676, 677, 678, 679, 680, 681, 682, 683, 684, 685, 686, 687, 688, 689, 690, 691, 692, 693, 694, 695, 696, 697, 698, 699, 700, 701, 702, 703, 704, 705, 706, 707, 708, 709, 710, 711, 712, 713, 714, 715, 716, 717, 718, 719, 720, 721, 722, 723, 724, 725, 726, 727, 728, 729, 730, 731, 732, 733, 734, 735, 736, 737, 738, 739, 740, 741, 742, 743, 744, 745, 746, 747, 748, 749, 750, 751, 752, 753, 754, 755, 756, 757, 758, 759, 760, 761, 762, 763, 764, 765, 766, 767, 768, 769, 770, 771, 772, 773, 774, 775, 776, 777, 778, 779, 780, 781, 782, 783, 784, 785, 786, 787, 788, 789, 790, 791, 792, 793]","[16, 125, 156, 163, 168, 184, 205, 222, 229, 253, 258, 265, 313, 317, 336, 340, 341, 356, 363, 365, 366, 367, 370, 375, 388, 391, 394, 396, 402, 410, 411, 412, 413, 415, 416, 417, 418, 419, 425, 429, 431, 433, 435, 437, 440, 441, 442, 443, 451, 452, 456, 457, 458, 460, 461, 464, 471, 473, 474, 475, 481, 482, 501, 596, 628, 635, 655, 675, 693, 716, 720, 725, 771, 775, 793, 796, 797, 811, 817, 818, 820, 825, 838, 841, 844, 846, 851, 857, 861, 862, 863, 864, 866, 867, 868, 870, 871, 877, 881, 883, 885, 888, 891, 892, 893, 898, 899, 904, 905, 907, 908, 911, 918, 920, 921, 922, 923, 924, 926, 931, 933]",[],[],"[16, 103, 104, 105, 106, 107, 108, 109, 110, 111, 112, 113, 114, 115, 116, 117, 118, 119, 120, 121, 122, 123, 124, 125, 126, 127, 128, 129, 130, 131, 132, 133, 134, 135, 136, 137, 138, 139, 140, 141, 142, 143, 144, 145, 146, 147, 148, 149, 150, 151, 152, 153, 154, 155, 156, 157, 158, 159, 160, 161, 162, 163, 164, 165, 166, 167, 168, 169, 170, 171, 172, 173, 174, 175, 176, 177, 178, 179, 180, 181, 182, 183, 184, 185, 186, 187, 188, 189, 190, 191, 192, 193, 194, 195, 196, 197, 198, 199, 200, 201, 202, 203, 204, 205, 206, 207, 208, 209, 210, 211, 212, 213, 214, 215, 216, 217, 218, 219, 220, 221, 222, 223, 224, 225, 226, 227, 228, 229, 230, 231, 232, 233, 234, 235, 236, 237, 238, 239, 240, 241, 242, 243, 244, 245, 246, 247, 248, 249, 250, 251, 252, 253, 254, 255, 256, 257, 258, 259, 260, 261, 262, 263, 264, 265, 266, 267, 268, 269, 270, 271, 272, 273, 274, 275, 276, 277, 278, 279, 280, 281, 282, 283, 284, 285, 286, 287, 288, 289, 290, 291, 292, 293, 294, 295, 296, 297, 298, 299, 300, 301, 302, 303, 304, 305, 306, 307, 308, 309, 310, 311, 312, 313, 314, 315, 316, 317, 318, 319, 320, 321, 322, 323, 324, 325, 326, 327, 328, 329, 330, 331, 332, 333, 334, 335, 336, 337, 340, 341, 356, 363, 365, 366, 367, 370, 375, 388, 391, 394, 396, 402, 410, 411, 412, 413, 415, 416, 417, 418, 419, 425, 429, 431, 433, 435, 437, 440, 441, 442, 443, 451, 452, 456, 457, 458, 460, 461, 464, 471, 473, 474, 475, 481, 482, 501, 574, 575, 576, 577, 578, 579, 580, 581, 582, 583, 584, 585, 586, 587, 588, 589, 590, 591, 592, 593, 594, 595, 596, 597, 598, 599, 600, 601, 602, 603, 604, 605, 606, 607, 608, 609, 610, 611, 612, 613, 614, 615, 616, 617, 618, 619, 620, 621, 622, 623, 624, 625, 626, 627, 628, 629, 630, 631, 632, 633, 634, 635, 636, 637, 638, 639, 640, 641, 642, 643, 644, 645, 646, 647, 648, 649, 650, 651, 652, 653, 654, 655, 656, 657, 658, 659, 660, 661, 662, 663, 664, 665, 666, 667, 668, 669, 670, 671, 672, 673, 674, 675, 676, 677, 678, 679, 680, 681, 682, 683, 684, 685, 686, 687, 688, 689, 690, 691, 692, 693, 694, 695, 696, 697, 698, 699, 700, 701, 702, 703, 704, 705, 706, 707, 708, 709, 710, 711, 712, 713, 714, 715, 716, 717, 718, 719, 720, 721, 722, 723, 724, 725, 726, 727, 728, 729, 730, 731, 732, 733, 734, 735, 736, 737, 738, 739, 740, 741, 742, 743, 744, 745, 746, 747, 748, 749, 750, 751, 752, 753, 754, 755, 756, 757, 758, 759, 760, 761, 762, 763, 764, 765, 766, 767, 768, 769, 770, 771, 772, 773, 774, 775, 776, 777, 778, 779, 780, 781, 782, 783, 784, 785, 786, 787, 788, 789, 790, 791, 792, 793, 796, 797, 811, 817, 818, 820, 825, 838, 841, 844, 846, 851, 857, 861, 862, 863, 864, 866, 867, 868, 870, 871, 877, 881, 883, 885, 888, 891, 892, 893, 898, 899, 904, 905, 907, 908, 911, 918, 920, 921, 922, 923, 924, 926, 931, 933]",True,"[229, 336, 693, 793]","[103, 104, 105, 106, 107, 108, 109, 110, 111, 112, 113, 114, 115, 116, 117, 118, 119, 120, 121, 122, 123, 124, 125, 126, 127, 128, 129, 130, 131, 132, 133, 134, 135, 136, 137, 138, 139, 140, 141, 142, 143, 144, 145, 146, 147, 148, 149, 150, 151, 152, 153, 154, 155, 156, 157, 158, 159, 160, 161, 162, 163, 164, 165, 166, 167, 168, 169, 170, 171, 172, 173, 174, 175, 176, 177, 178, 179, 180, 181, 182, 183, 184, 185, 186, 187, 188, 189, 190, 191, 192, 193, 194, 195, 196, 197, 198, 199, 200, 201, 202, 203, 204, 205, 206, 207, 208, 209, 210, 211, 212, 213, 214, 215, 216, 217, 218, 219, 220, 221, 222, 223, 224, 225, 226, 227, 228, 229, 230, 231, 232, 233, 234, 235, 236, 237, 238, 239, 240, 241, 242, 243, 244, 245, 246, 247, 248, 249, 250, 251, 252, 253, 254, 255, 256, 257, 258, 259, 260, 261, 262, 263, 264, 265, 266, 267, 268, 269, 270, 271, 272, 273, 274, 275, 276, 277, 278, 279, 280, 281, 282, 283, 284, 285, 286, 287, 288, 289, 290, 291, 292, 293, 294, 295, 296, 297, 298, 299, 300, 301, 302, 303, 304, 305, 306, 307, 308, 309, 310, 311, 312, 313, 314, 315, 316, 317, 318, 319, 320, 321, 322, 323, 324, 325, 326, 327, 328, 329, 330, 331, 332, 333, 334, 335, 336, 337, 574, 575, 576, 577, 578, 579, 580, 581, 582, 583, 584, 585, 586, 587, 588, 589, 590, 591, 592, 593, 594, 595, 596, 597, 598, 599, 600, 601, 602, 603, 604, 605, 606, 607, 608, 609, 610, 611, 612, 613, 614, 615, 616, 617, 618, 619, 620, 621, 622, 623, 624, 625, 626, 627, 628, 629, 630, 631, 632, 633, 634, 635, 636, 637, 638, 639, 640, 641, 642, 643, 644, 645, 646, 647, 648, 649, 650, 651, 652, 653, 654, 655, 656, 657, 658, 659, 660, 661, 662, 663, 664, 665, 666, 667, 668, 669, 670, 671, 672, 673, 674, 675, 676, 677, 678, 679, 680, 681, 682, 683, 684, 685, 686, 687, 688, 689, 690, 691, 692, 693, 694, 695, 696, 697, 698, 699, 700, 701, 702, 703, 704, 705, 706, 707, 708, 709, 710, 711, 712, 713, 714, 715, 716, 717, 718, 719, 720, 721, 722, 723, 724, 725, 726, 727, 728, 729, 730, 731, 732, 733, 734, 735, 736, 737, 738, 739, 740, 741, 742, 743, 744, 745, 746, 747, 748, 749, 750, 751, 752, 753, 754, 755, 756, 757, 758, 759, 760, 761, 762, 763, 764, 765, 766, 767, 768, 769, 770, 771, 772, 773, 774, 775, 776, 777, 778, 779, 780, 781, 782, 783, 784, 785, 786, 787, 788, 789, 790, 791, 792, 793]","[229, 336, 693, 793]","[229, 336, 693, 793]","[16, 125, 156, 163, 168, 184, 205, 222, 229, 253, 258, 265, 313, 317, 336, 340, 341, 356, 363, 365, 366, 367, 370, 375, 388, 391, 394, 396, 402, 410, 411, 412, 413, 415, 416, 417, 418, 419, 425, 429, 431, 433, 435, 437, 440, 441, 442, 443, 451, 452, 456, 457, 458, 460, 461, 464, 471, 473, 474, 475, 481, 482, 501, 596, 628, 635, 655, 675, 693, 716, 720, 725, 771, 775, 793, 796, 797, 811, 817, 818, 820, 825, 838, 841, 844, 846, 851, 857, 861, 862, 863, 864, 866, 867, 868, 870, 871, 877, 881, 883, 885, 888, 891, 892, 893, 898, 899, 904, 905, 907, 908, 911, 918, 920, 921, 922, 923, 924, 926, 931, 933]",[],[],7/6 successful match,True,[115],True,742,False,,,,,
"H Yermo ( 92398 ) Vegas Truck Stop 113 , 1/2 mi S )",6 760-254-2119 I-15 Exit 191 ( Ghost,24 24 M $ <U+25A1> <U+25A1>,Yermo,92398,"Vegas Truck Stop 113 , 1/2 mi S )",760-254-2119,2015,Yermo,CA,,( Ghost,I-15 Exit 191 ,Exit,191,False,,False,I-15,,,,,"[229, 693]","[229, 336, 693, 793]","[229, 336, 693, 793]","[229, 336, 693, 793]","[103, 104, 105, 106, 107, 108, 109, 110, 111, 112, 113, 114, 115, 116, 117, 118, 119, 120, 121, 122, 123, 124, 125, 126, 127, 128, 129, 130, 131, 132, 133, 134, 135, 136, 137, 138, 139, 140, 141, 142, 143, 144, 145, 146, 147, 148, 149, 150, 151, 152, 153, 154, 155, 156, 157, 158, 159, 160, 161, 162, 163, 164, 165, 166, 167, 168, 169, 170, 171, 172, 173, 174, 175, 176, 177, 178, 179, 180, 181, 182, 183, 184, 185, 186, 187, 188, 189, 190, 191, 192, 193, 194, 195, 196, 197, 198, 199, 200, 201, 202, 203, 204, 205, 206, 207, 208, 209, 210, 211, 212, 213, 214, 215, 216, 217, 218, 219, 220, 221, 222, 223, 224, 225, 226, 227, 228, 229, 230, 231, 232, 233, 234, 235, 236, 237, 238, 239, 240, 241, 242, 243, 244, 245, 246, 247, 248, 249, 250, 251, 252, 253, 254, 255, 256, 257, 258, 259, 260, 261, 262, 263, 264, 265, 266, 267, 268, 269, 270, 271, 272, 273, 274, 275, 276, 277, 278, 279, 280, 281, 282, 283, 284, 285, 286, 287, 288, 289, 290, 291, 292, 293, 294, 295, 296, 297, 298, 299, 300, 301, 302, 303, 304, 305, 306, 307, 308, 309, 310, 311, 312, 313, 314, 315, 316, 317, 318, 319, 320, 321, 322, 323, 324, 325, 326, 327, 328, 329, 330, 331, 332, 333, 334, 335, 336, 337, 574, 575, 576, 577, 578, 579, 580, 581, 582, 583, 584, 585, 586, 587, 588, 589, 590, 591, 592, 593, 594, 595, 596, 597, 598, 599, 600, 601, 602, 603, 604, 605, 606, 607, 608, 609, 610, 611, 612, 613, 614, 615, 616, 617, 618, 619, 620, 621, 622, 623, 624, 625, 626, 627, 628, 629, 630, 631, 632, 633, 634, 635, 636, 637, 638, 639, 640, 641, 642, 643, 644, 645, 646, 647, 648, 649, 650, 651, 652, 653, 654, 655, 656, 657, 658, 659, 660, 661, 662, 663, 664, 665, 666, 667, 668, 669, 670, 671, 672, 673, 674, 675, 676, 677, 678, 679, 680, 681, 682, 683, 684, 685, 686, 687, 688, 689, 690, 691, 692, 693, 694, 695, 696, 697, 698, 699, 700, 701, 702, 703, 704, 705, 706, 707, 708, 709, 710, 711, 712, 713, 714, 715, 716, 717, 718, 719, 720, 721, 722, 723, 724, 725, 726, 727, 728, 729, 730, 731, 732, 733, 734, 735, 736, 737, 738, 739, 740, 741, 742, 743, 744, 745, 746, 747, 748, 749, 750, 751, 752, 753, 754, 755, 756, 757, 758, 759, 760, 761, 762, 763, 764, 765, 766, 767, 768, 769, 770, 771, 772, 773, 774, 775, 776, 777, 778, 779, 780, 781, 782, 783, 784, 785, 786, 787, 788, 789, 790, 791, 792, 793]","[16, 125, 156, 163, 168, 184, 205, 222, 229, 253, 258, 265, 313, 317, 336, 340, 341, 356, 363, 365, 366, 367, 370, 375, 388, 391, 394, 396, 402, 410, 411, 412, 413, 415, 416, 417, 418, 419, 425, 429, 431, 433, 435, 437, 440, 441, 442, 443, 451, 452, 456, 457, 458, 460, 461, 464, 471, 473, 474, 475, 481, 482, 501, 596, 628, 635, 655, 675, 693, 716, 720, 725, 771, 775, 793, 796, 797, 811, 817, 818, 820, 825, 838, 841, 844, 846, 851, 857, 861, 862, 863, 864, 866, 867, 868, 870, 871, 877, 881, 883, 885, 888, 891, 892, 893, 898, 899, 904, 905, 907, 908, 911, 918, 920, 921, 922, 923, 924, 926, 931, 933]",[],[],"[16, 103, 104, 105, 106, 107, 108, 109, 110, 111, 112, 113, 114, 115, 116, 117, 118, 119, 120, 121, 122, 123, 124, 125, 126, 127, 128, 129, 130, 131, 132, 133, 134, 135, 136, 137, 138, 139, 140, 141, 142, 143, 144, 145, 146, 147, 148, 149, 150, 151, 152, 153, 154, 155, 156, 157, 158, 159, 160, 161, 162, 163, 164, 165, 166, 167, 168, 169, 170, 171, 172, 173, 174, 175, 176, 177, 178, 179, 180, 181, 182, 183, 184, 185, 186, 187, 188, 189, 190, 191, 192, 193, 194, 195, 196, 197, 198, 199, 200, 201, 202, 203, 204, 205, 206, 207, 208, 209, 210, 211, 212, 213, 214, 215, 216, 217, 218, 219, 220, 221, 222, 223, 224, 225, 226, 227, 228, 229, 230, 231, 232, 233, 234, 235, 236, 237, 238, 239, 240, 241, 242, 243, 244, 245, 246, 247, 248, 249, 250, 251, 252, 253, 254, 255, 256, 257, 258, 259, 260, 261, 262, 263, 264, 265, 266, 267, 268, 269, 270, 271, 272, 273, 274, 275, 276, 277, 278, 279, 280, 281, 282, 283, 284, 285, 286, 287, 288, 289, 290, 291, 292, 293, 294, 295, 296, 297, 298, 299, 300, 301, 302, 303, 304, 305, 306, 307, 308, 309, 310, 311, 312, 313, 314, 315, 316, 317, 318, 319, 320, 321, 322, 323, 324, 325, 326, 327, 328, 329, 330, 331, 332, 333, 334, 335, 336, 337, 340, 341, 356, 363, 365, 366, 367, 370, 375, 388, 391, 394, 396, 402, 410, 411, 412, 413, 415, 416, 417, 418, 419, 425, 429, 431, 433, 435, 437, 440, 441, 442, 443, 451, 452, 456, 457, 458, 460, 461, 464, 471, 473, 474, 475, 481, 482, 501, 574, 575, 576, 577, 578, 579, 580, 581, 582, 583, 584, 585, 586, 587, 588, 589, 590, 591, 592, 593, 594, 595, 596, 597, 598, 599, 600, 601, 602, 603, 604, 605, 606, 607, 608, 609, 610, 611, 612, 613, 614, 615, 616, 617, 618, 619, 620, 621, 622, 623, 624, 625, 626, 627, 628, 629, 630, 631, 632, 633, 634, 635, 636, 637, 638, 639, 640, 641, 642, 643, 644, 645, 646, 647, 648, 649, 650, 651, 652, 653, 654, 655, 656, 657, 658, 659, 660, 661, 662, 663, 664, 665, 666, 667, 668, 669, 670, 671, 672, 673, 674, 675, 676, 677, 678, 679, 680, 681, 682, 683, 684, 685, 686, 687, 688, 689, 690, 691, 692, 693, 694, 695, 696, 697, 698, 699, 700, 701, 702, 703, 704, 705, 706, 707, 708, 709, 710, 711, 712, 713, 714, 715, 716, 717, 718, 719, 720, 721, 722, 723, 724, 725, 726, 727, 728, 729, 730, 731, 732, 733, 734, 735, 736, 737, 738, 739, 740, 741, 742, 743, 744, 745, 746, 747, 748, 749, 750, 751, 752, 753, 754, 755, 756, 757, 758, 759, 760, 761, 762, 763, 764, 765, 766, 767, 768, 769, 770, 771, 772, 773, 774, 775, 776, 777, 778, 779, 780, 781, 782, 783, 784, 785, 786, 787, 788, 789, 790, 791, 792, 793, 796, 797, 811, 817, 818, 820, 825, 838, 841, 844, 846, 851, 857, 861, 862, 863, 864, 866, 867, 868, 870, 871, 877, 881, 883, 885, 888, 891, 892, 893, 898, 899, 904, 905, 907, 908, 911, 918, 920, 921, 922, 923, 924, 926, 931, 933]",True,"[229, 336, 693, 793]","[103, 104, 105, 106, 107, 108, 109, 110, 111, 112, 113, 114, 115, 116, 117, 118, 119, 120, 121, 122, 123, 124, 125, 126, 127, 128, 129, 130, 131, 132, 133, 134, 135, 136, 137, 138, 139, 140, 141, 142, 143, 144, 145, 146, 147, 148, 149, 150, 151, 152, 153, 154, 155, 156, 157, 158, 159, 160, 161, 162, 163, 164, 165, 166, 167, 168, 169, 170, 171, 172, 173, 174, 175, 176, 177, 178, 179, 180, 181, 182, 183, 184, 185, 186, 187, 188, 189, 190, 191, 192, 193, 194, 195, 196, 197, 198, 199, 200, 201, 202, 203, 204, 205, 206, 207, 208, 209, 210, 211, 212, 213, 214, 215, 216, 217, 218, 219, 220, 221, 222, 223, 224, 225, 226, 227, 228, 229, 230, 231, 232, 233, 234, 235, 236, 237, 238, 239, 240, 241, 242, 243, 244, 245, 246, 247, 248, 249, 250, 251, 252, 253, 254, 255, 256, 257, 258, 259, 260, 261, 262, 263, 264, 265, 266, 267, 268, 269, 270, 271, 272, 273, 274, 275, 276, 277, 278, 279, 280, 281, 282, 283, 284, 285, 286, 287, 288, 289, 290, 291, 292, 293, 294, 295, 296, 297, 298, 299, 300, 301, 302, 303, 304, 305, 306, 307, 308, 309, 310, 311, 312, 313, 314, 315, 316, 317, 318, 319, 320, 321, 322, 323, 324, 325, 326, 327, 328, 329, 330, 331, 332, 333, 334, 335, 336, 337, 574, 575, 576, 577, 578, 579, 580, 581, 582, 583, 584, 585, 586, 587, 588, 589, 590, 591, 592, 593, 594, 595, 596, 597, 598, 599, 600, 601, 602, 603, 604, 605, 606, 607, 608, 609, 610, 611, 612, 613, 614, 615, 616, 617, 618, 619, 620, 621, 622, 623, 624, 625, 626, 627, 628, 629, 630, 631, 632, 633, 634, 635, 636, 637, 638, 639, 640, 641, 642, 643, 644, 645, 646, 647, 648, 649, 650, 651, 652, 653, 654, 655, 656, 657, 658, 659, 660, 661, 662, 663, 664, 665, 666, 667, 668, 669, 670, 671, 672, 673, 674, 675, 676, 677, 678, 679, 680, 681, 682, 683, 684, 685, 686, 687, 688, 689, 690, 691, 692, 693, 694, 695, 696, 697, 698, 699, 700, 701, 702, 703, 704, 705, 706, 707, 708, 709, 710, 711, 712, 713, 714, 715, 716, 717, 718, 719, 720, 721, 722, 723, 724, 725, 726, 727, 728, 729, 730, 731, 732, 733, 734, 735, 736, 737, 738, 739, 740, 741, 742, 743, 744, 745, 746, 747, 748, 749, 750, 751, 752, 753, 754, 755, 756, 757, 758, 759, 760, 761, 762, 763, 764, 765, 766, 767, 768, 769, 770, 771, 772, 773, 774, 775, 776, 777, 778, 779, 780, 781, 782, 783, 784, 785, 786, 787, 788, 789, 790, 791, 792, 793]","[229, 336, 693, 793]","[229, 336, 693, 793]","[16, 125, 156, 163, 168, 184, 205, 222, 229, 253, 258, 265, 313, 317, 336, 340, 341, 356, 363, 365, 366, 367, 370, 375, 388, 391, 394, 396, 402, 410, 411, 412, 413, 415, 416, 417, 418, 419, 425, 429, 431, 433, 435, 437, 440, 441, 442, 443, 451, 452, 456, 457, 458, 460, 461, 464, 471, 473, 474, 475, 481, 482, 501, 596, 628, 635, 655, 675, 693, 716, 720, 725, 771, 775, 793, 796, 797, 811, 817, 818, 820, 825, 838, 841, 844, 846, 851, 857, 861, 862, 863, 864, 866, 867, 868, 870, 871, 877, 881, 883, 885, 888, 891, 892, 893, 898, 899, 904, 905, 907, 908, 911, 918, 920, 921, 922, 923, 924, 926, 931, 933]",[],[],7/6 successful match,True,[115],True,742,False,,0.5959183673469388,True,Vegas Truck Stop,
Yermo ( 92398 ) Mohson Oil mi S ),760-254-2119 I-15 Exit 191 ( Ghost Town S,24 M <U+25A1>,Yermo,92398,Mohson Oil mi S ),760-254-2119,2016,Yermo,CA,,( Ghost Town S,I-15 Exit 191 ,Exit,191,False,,False,I-15,,,,,"[229, 693]","[229, 336, 693, 793]","[229, 336, 693, 793]","[229, 336, 693, 793]","[103, 104, 105, 106, 107, 108, 109, 110, 111, 112, 113, 114, 115, 116, 117, 118, 119, 120, 121, 122, 123, 124, 125, 126, 127, 128, 129, 130, 131, 132, 133, 134, 135, 136, 137, 138, 139, 140, 141, 142, 143, 144, 145, 146, 147, 148, 149, 150, 151, 152, 153, 154, 155, 156, 157, 158, 159, 160, 161, 162, 163, 164, 165, 166, 167, 168, 169, 170, 171, 172, 173, 174, 175, 176, 177, 178, 179, 180, 181, 182, 183, 184, 185, 186, 187, 188, 189, 190, 191, 192, 193, 194, 195, 196, 197, 198, 199, 200, 201, 202, 203, 204, 205, 206, 207, 208, 209, 210, 211, 212, 213, 214, 215, 216, 217, 218, 219, 220, 221, 222, 223, 224, 225, 226, 227, 228, 229, 230, 231, 232, 233, 234, 235, 236, 237, 238, 239, 240, 241, 242, 243, 244, 245, 246, 247, 248, 249, 250, 251, 252, 253, 254, 255, 256, 257, 258, 259, 260, 261, 262, 263, 264, 265, 266, 267, 268, 269, 270, 271, 272, 273, 274, 275, 276, 277, 278, 279, 280, 281, 282, 283, 284, 285, 286, 287, 288, 289, 290, 291, 292, 293, 294, 295, 296, 297, 298, 299, 300, 301, 302, 303, 304, 305, 306, 307, 308, 309, 310, 311, 312, 313, 314, 315, 316, 317, 318, 319, 320, 321, 322, 323, 324, 325, 326, 327, 328, 329, 330, 331, 332, 333, 334, 335, 336, 337, 574, 575, 576, 577, 578, 579, 580, 581, 582, 583, 584, 585, 586, 587, 588, 589, 590, 591, 592, 593, 594, 595, 596, 597, 598, 599, 600, 601, 602, 603, 604, 605, 606, 607, 608, 609, 610, 611, 612, 613, 614, 615, 616, 617, 618, 619, 620, 621, 622, 623, 624, 625, 626, 627, 628, 629, 630, 631, 632, 633, 634, 635, 636, 637, 638, 639, 640, 641, 642, 643, 644, 645, 646, 647, 648, 649, 650, 651, 652, 653, 654, 655, 656, 657, 658, 659, 660, 661, 662, 663, 664, 665, 666, 667, 668, 669, 670, 671, 672, 673, 674, 675, 676, 677, 678, 679, 680, 681, 682, 683, 684, 685, 686, 687, 688, 689, 690, 691, 692, 693, 694, 695, 696, 697, 698, 699, 700, 701, 702, 703, 704, 705, 706, 707, 708, 709, 710, 711, 712, 713, 714, 715, 716, 717, 718, 719, 720, 721, 722, 723, 724, 725, 726, 727, 728, 729, 730, 731, 732, 733, 734, 735, 736, 737, 738, 739, 740, 741, 742, 743, 744, 745, 746, 747, 748, 749, 750, 751, 752, 753, 754, 755, 756, 757, 758, 759, 760, 761, 762, 763, 764, 765, 766, 767, 768, 769, 770, 771, 772, 773, 774, 775, 776, 777, 778, 779, 780, 781, 782, 783, 784, 785, 786, 787, 788, 789, 790, 791, 792, 793]","[16, 125, 156, 163, 168, 184, 205, 222, 229, 253, 258, 265, 313, 317, 336, 340, 341, 356, 363, 365, 366, 367, 370, 375, 388, 391, 394, 396, 402, 410, 411, 412, 413, 415, 416, 417, 418, 419, 425, 429, 431, 433, 435, 437, 440, 441, 442, 443, 451, 452, 456, 457, 458, 460, 461, 464, 471, 473, 474, 475, 481, 482, 501, 596, 628, 635, 655, 675, 693, 716, 720, 725, 771, 775, 793, 796, 797, 811, 817, 818, 820, 825, 838, 841, 844, 846, 851, 857, 861, 862, 863, 864, 866, 867, 868, 870, 871, 877, 881, 883, 885, 888, 891, 892, 893, 898, 899, 904, 905, 907, 908, 911, 918, 920, 921, 922, 923, 924, 926, 931, 933]",[],"[4, 31, 59, 135, 142, 147, 180, 218, 229, 232, 264, 269, 299, 318, 320, 331, 338, 352, 367, 382, 387, 403, 405, 408, 410, 455, 463, 465, 466, 468, 470, 472, 473, 483, 484, 490, 514, 535, 606, 613, 618, 651, 686, 693, 696, 724, 728, 758, 776, 778, 788, 794, 807, 832, 837, 852, 854, 858, 860, 861, 902, 910, 912, 913, 915, 917, 919, 920, 931, 934, 935]","[4, 16, 31, 59, 103, 104, 105, 106, 107, 108, 109, 110, 111, 112, 113, 114, 115, 116, 117, 118, 119, 120, 121, 122, 123, 124, 125, 126, 127, 128, 129, 130, 131, 132, 133, 134, 135, 136, 137, 138, 139, 140, 141, 142, 143, 144, 145, 146, 147, 148, 149, 150, 151, 152, 153, 154, 155, 156, 157, 158, 159, 160, 161, 162, 163, 164, 165, 166, 167, 168, 169, 170, 171, 172, 173, 174, 175, 176, 177, 178, 179, 180, 181, 182, 183, 184, 185, 186, 187, 188, 189, 190, 191, 192, 193, 194, 195, 196, 197, 198, 199, 200, 201, 202, 203, 204, 205, 206, 207, 208, 209, 210, 211, 212, 213, 214, 215, 216, 217, 218, 219, 220, 221, 222, 223, 224, 225, 226, 227, 228, 229, 230, 231, 232, 233, 234, 235, 236, 237, 238, 239, 240, 241, 242, 243, 244, 245, 246, 247, 248, 249, 250, 251, 252, 253, 254, 255, 256, 257, 258, 259, 260, 261, 262, 263, 264, 265, 266, 267, 268, 269, 270, 271, 272, 273, 274, 275, 276, 277, 278, 279, 280, 281, 282, 283, 284, 285, 286, 287, 288, 289, 290, 291, 292, 293, 294, 295, 296, 297, 298, 299, 300, 301, 302, 303, 304, 305, 306, 307, 308, 309, 310, 311, 312, 313, 314, 315, 316, 317, 318, 319, 320, 321, 322, 323, 324, 325, 326, 327, 328, 329, 330, 331, 332, 333, 334, 335, 336, 337, 338, 340, 341, 352, 356, 363, 365, 366, 367, 370, 375, 382, 387, 388, 391, 394, 396, 402, 403, 405, 408, 410, 411, 412, 413, 415, 416, 417, 418, 419, 425, 429, 431, 433, 435, 437, 440, 441, 442, 443, 451, 452, 455, 456, 457, 458, 460, 461, 463, 464, 465, 466, 468, 470, 471, 472, 473, 474, 475, 481, 482, 483, 484, 490, 501, 514, 535, 574, 575, 576, 577, 578, 579, 580, 581, 582, 583, 584, 585, 586, 587, 588, 589, 590, 591, 592, 593, 594, 595, 596, 597, 598, 599, 600, 601, 602, 603, 604, 605, 606, 607, 608, 609, 610, 611, 612, 613, 614, 615, 616, 617, 618, 619, 620, 621, 622, 623, 624, 625, 626, 627, 628, 629, 630, 631, 632, 633, 634, 635, 636, 637, 638, 639, 640, 641, 642, 643, 644, 645, 646, 647, 648, 649, 650, 651, 652, 653, 654, 655, 656, 657, 658, 659, 660, 661, 662, 663, 664, 665, 666, 667, 668, 669, 670, 671, 672, 673, 674, 675, 676, 677, 678, 679, 680, 681, 682, 683, 684, 685, 686, 687, 688, 689, 690, 691, 692, 693, 694, 695, 696, 697, 698, 699, 700, 701, 702, 703, 704, 705, 706, 707, 708, 709, 710, 711, 712, 713, 714, 715, 716, 717, 718, 719, 720, 721, 722, 723, 724, 725, 726, 727, 728, 729, 730, 731, 732, 733, 734, 735, 736, 737, 738, 739, 740, 741, 742, 743, 744, 745, 746, 747, 748, 749, 750, 751, 752, 753, 754, 755, 756, 757, 758, 759, 760, 761, 762, 763, 764, 765, 766, 767, 768, 769, 770, 771, 772, 773, 774, 775, 776, 777, 778, 779, 780, 781, 782, 783, 784, 785, 786, 787, 788, 789, 790, 791, 792, 793, 794, 796, 797, 807, 811, 817, 818, 820, 825, 832, 837, 838, 841, 844, 846, 851, 852, 854, 857, 858, 860, 861, 862, 863, 864, 866, 867, 868, 870, 871, 877, 881, 883, 885, 888, 891, 892, 893, 898, 899, 902, 904, 905, 907, 908, 910, 911, 912, 913, 915, 917, 918, 919, 920, 921, 922, 923, 924, 926, 931, 933, 934, 935]",True,"[229, 336, 693, 793]","[103, 104, 105, 106, 107, 108, 109, 110, 111, 112, 113, 114, 115, 116, 117, 118, 119, 120, 121, 122, 123, 124, 125, 126, 127, 128, 129, 130, 131, 132, 133, 134, 135, 136, 137, 138, 139, 140, 141, 142, 143, 144, 145, 146, 147, 148, 149, 150, 151, 152, 153, 154, 155, 156, 157, 158, 159, 160, 161, 162, 163, 164, 165, 166, 167, 168, 169, 170, 171, 172, 173, 174, 175, 176, 177, 178, 179, 180, 181, 182, 183, 184, 185, 186, 187, 188, 189, 190, 191, 192, 193, 194, 195, 196, 197, 198, 199, 200, 201, 202, 203, 204, 205, 206, 207, 208, 209, 210, 211, 212, 213, 214, 215, 216, 217, 218, 219, 220, 221, 222, 223, 224, 225, 226, 227, 228, 229, 230, 231, 232, 233, 234, 235, 236, 237, 238, 239, 240, 241, 242, 243, 244, 245, 246, 247, 248, 249, 250, 251, 252, 253, 254, 255, 256, 257, 258, 259, 260, 261, 262, 263, 264, 265, 266, 267, 268, 269, 270, 271, 272, 273, 274, 275, 276, 277, 278, 279, 280, 281, 282, 283, 284, 285, 286, 287, 288, 289, 290, 291, 292, 293, 294, 295, 296, 297, 298, 299, 300, 301, 302, 303, 304, 305, 306, 307, 308, 309, 310, 311, 312, 313, 314, 315, 316, 317, 318, 319, 320, 321, 322, 323, 324, 325, 326, 327, 328, 329, 330, 331, 332, 333, 334, 335, 336, 337, 574, 575, 576, 577, 578, 579, 580, 581, 582, 583, 584, 585, 586, 587, 588, 589, 590, 591, 592, 593, 594, 595, 596, 597, 598, 599, 600, 601, 602, 603, 604, 605, 606, 607, 608, 609, 610, 611, 612, 613, 614, 615, 616, 617, 618, 619, 620, 621, 622, 623, 624, 625, 626, 627, 628, 629, 630, 631, 632, 633, 634, 635, 636, 637, 638, 639, 640, 641, 642, 643, 644, 645, 646, 647, 648, 649, 650, 651, 652, 653, 654, 655, 656, 657, 658, 659, 660, 661, 662, 663, 664, 665, 666, 667, 668, 669, 670, 671, 672, 673, 674, 675, 676, 677, 678, 679, 680, 681, 682, 683, 684, 685, 686, 687, 688, 689, 690, 691, 692, 693, 694, 695, 696, 697, 698, 699, 700, 701, 702, 703, 704, 705, 706, 707, 708, 709, 710, 711, 712, 713, 714, 715, 716, 717, 718, 719, 720, 721, 722, 723, 724, 725, 726, 727, 728, 729, 730, 731, 732, 733, 734, 735, 736, 737, 738, 739, 740, 741, 742, 743, 744, 745, 746, 747, 748, 749, 750, 751, 752, 753, 754, 755, 756, 757, 758, 759, 760, 761, 762, 763, 764, 765, 766, 767, 768, 769, 770, 771, 772, 773, 774, 775, 776, 777, 778, 779, 780, 781, 782, 783, 784, 785, 786, 787, 788, 789, 790, 791, 792, 793]","[229, 336, 693, 793]","[229, 336, 693, 793]","[16, 125, 156, 163, 168, 184, 205, 222, 229, 253, 258, 265, 313, 317, 336, 340, 341, 356, 363, 365, 366, 367, 370, 375, 388, 391, 394, 396, 402, 410, 411, 412, 413, 415, 416, 417, 418, 419, 425, 429, 431, 433, 435, 437, 440, 441, 442, 443, 451, 452, 456, 457, 458, 460, 461, 464, 471, 473, 474, 475, 481, 482, 501, 596, 628, 635, 655, 675, 693, 716, 720, 725, 771, 775, 793, 796, 797, 811, 817, 818, 820, 825, 838, 841, 844, 846, 851, 857, 861, 862, 863, 864, 866, 867, 868, 870, 871, 877, 881, 883, 885, 888, 891, 892, 893, 898, 899, 904, 905, 907, 908, 911, 918, 920, 921, 922, 923, 924, 926, 931, 933]","[4, 31, 59, 135, 142, 147, 180, 218, 229, 232, 264, 269, 299, 318, 320, 331, 338, 352, 367, 382, 387, 403, 405, 408, 410, 455, 463, 465, 466, 468, 470, 472, 473, 483, 484, 490, 514, 535, 606, 613, 618, 651, 686, 693, 696, 724, 728, 758, 776, 778, 788, 794, 807, 832, 837, 852, 854, 858, 860, 861, 902, 910, 912, 913, 915, 917, 919, 920, 931, 934, 935]",[],7/6 successful match,True,[115],True,742,True,2016,0.18,True,"Vegas Truck Stop 113 , 1/2 mi S )",
H Yermo ( 92398 ) Yermo Truck Stop ( Shell ),6 760-254-2843 I-15 Exit 191 ( Ghost Town Rd N ),24 2 M <U+2610> D,Yermo,92398,Yermo Truck Stop ( Shell ),760-254-2843,2014,Yermo,CA,Shell,( Ghost Town Rd N ),I-15 Exit 191 ,Exit,191,False,,False,I-15,,,,,[],"[229, 336, 693, 793]","[229, 336, 693, 793]","[229, 336, 693, 793]","[103, 104, 105, 106, 107, 108, 109, 110, 111, 112, 113, 114, 115, 116, 117, 118, 119, 120, 121, 122, 123, 124, 125, 126, 127, 128, 129, 130, 131, 132, 133, 134, 135, 136, 137, 138, 139, 140, 141, 142, 143, 144, 145, 146, 147, 148, 149, 150, 151, 152, 153, 154, 155, 156, 157, 158, 159, 160, 161, 162, 163, 164, 165, 166, 167, 168, 169, 170, 171, 172, 173, 174, 175, 176, 177, 178, 179, 180, 181, 182, 183, 184, 185, 186, 187, 188, 189, 190, 191, 192, 193, 194, 195, 196, 197, 198, 199, 200, 201, 202, 203, 204, 205, 206, 207, 208, 209, 210, 211, 212, 213, 214, 215, 216, 217, 218, 219, 220, 221, 222, 223, 224, 225, 226, 227, 228, 229, 230, 231, 232, 233, 234, 235, 236, 237, 238, 239, 240, 241, 242, 243, 244, 245, 246, 247, 248, 249, 250, 251, 252, 253, 254, 255, 256, 257, 258, 259, 260, 261, 262, 263, 264, 265, 266, 267, 268, 269, 270, 271, 272, 273, 274, 275, 276, 277, 278, 279, 280, 281, 282, 283, 284, 285, 286, 287, 288, 289, 290, 291, 292, 293, 294, 295, 296, 297, 298, 299, 300, 301, 302, 303, 304, 305, 306, 307, 308, 309, 310, 311, 312, 313, 314, 315, 316, 317, 318, 319, 320, 321, 322, 323, 324, 325, 326, 327, 328, 329, 330, 331, 332, 333, 334, 335, 336, 337, 574, 575, 576, 577, 578, 579, 580, 581, 582, 583, 584, 585, 586, 587, 588, 589, 590, 591, 592, 593, 594, 595, 596, 597, 598, 599, 600, 601, 602, 603, 604, 605, 606, 607, 608, 609, 610, 611, 612, 613, 614, 615, 616, 617, 618, 619, 620, 621, 622, 623, 624, 625, 626, 627, 628, 629, 630, 631, 632, 633, 634, 635, 636, 637, 638, 639, 640, 641, 642, 643, 644, 645, 646, 647, 648, 649, 650, 651, 652, 653, 654, 655, 656, 657, 658, 659, 660, 661, 662, 663, 664, 665, 666, 667, 668, 669, 670, 671, 672, 673, 674, 675, 676, 677, 678, 679, 680, 681, 682, 683, 684, 685, 686, 687, 688, 689, 690, 691, 692, 693, 694, 695, 696, 697, 698, 699, 700, 701, 702, 703, 704, 705, 706, 707, 708, 709, 710, 711, 712, 713, 714, 715, 716, 717, 718, 719, 720, 721, 722, 723, 724, 725, 726, 727, 728, 729, 730, 731, 732, 733, 734, 735, 736, 737, 738, 739, 740, 741, 742, 743, 744, 745, 746, 747, 748, 749, 750, 751, 752, 753, 754, 755, 756, 757, 758, 759, 760, 761, 762, 763, 764, 765, 766, 767, 768, 769, 770, 771, 772, 773, 774, 775, 776, 777, 778, 779, 780, 781, 782, 783, 784, 785, 786, 787, 788, 789, 790, 791, 792, 793]","[16, 125, 156, 163, 168, 184, 205, 222, 229, 253, 258, 265, 313, 317, 336, 340, 341, 356, 363, 365, 366, 367, 370, 375, 388, 391, 394, 396, 402, 410, 411, 412, 413, 415, 416, 417, 418, 419, 425, 429, 431, 433, 435, 437, 440, 441, 442, 443, 451, 452, 456, 457, 458, 460, 461, 464, 471, 473, 474, 475, 481, 482, 501, 596, 628, 635, 655, 675, 693, 716, 720, 725, 771, 775, 793, 796, 797, 811, 817, 818, 820, 825, 838, 841, 844, 846, 851, 857, 861, 862, 863, 864, 866, 867, 868, 870, 871, 877, 881, 883, 885, 888, 891, 892, 893, 898, 899, 904, 905, 907, 908, 911, 918, 920, 921, 922, 923, 924, 926, 931, 933]","[1, 13, 14, 29, 54, 55, 56, 57, 58, 60, 102, 118, 125, 127, 130, 134, 146, 149, 153, 175, 182, 187, 189, 191, 197, 225, 230, 238, 264, 265, 266, 286, 302, 317, 336, 379, 388, 389, 425, 454, 458, 463, 475, 487, 498, 499, 512, 530, 531, 532, 533, 534, 536, 573, 589, 596, 598, 601, 605, 617, 620, 624, 646, 653, 658, 660, 662, 668, 689, 694, 702, 724, 725, 745, 760, 775, 793, 829, 838, 839, 877, 901, 903, 905, 910, 923]","[1, 13, 14, 29, 54, 55, 56, 57, 58, 60, 102, 118, 125, 127, 130, 134, 146, 149, 153, 175, 182, 187, 189, 191, 197, 225, 230, 238, 264, 265, 266, 286, 302, 317, 336, 354, 379, 388, 389, 425, 454, 458, 463, 475, 487, 498, 499, 512, 530, 531, 532, 533, 534, 536, 573, 589, 596, 598, 601, 605, 617, 620, 624, 646, 653, 658, 660, 662, 668, 689, 694, 702, 724, 725, 745, 760, 775, 793, 809, 829, 838, 839, 877, 901, 903, 905, 910, 923]","[1, 13, 14, 16, 29, 54, 55, 56, 57, 58, 60, 102, 103, 104, 105, 106, 107, 108, 109, 110, 111, 112, 113, 114, 115, 116, 117, 118, 119, 120, 121, 122, 123, 124, 125, 126, 127, 128, 129, 130, 131, 132, 133, 134, 135, 136, 137, 138, 139, 140, 141, 142, 143, 144, 145, 146, 147, 148, 149, 150, 151, 152, 153, 154, 155, 156, 157, 158, 159, 160, 161, 162, 163, 164, 165, 166, 167, 168, 169, 170, 171, 172, 173, 174, 175, 176, 177, 178, 179, 180, 181, 182, 183, 184, 185, 186, 187, 188, 189, 190, 191, 192, 193, 194, 195, 196, 197, 198, 199, 200, 201, 202, 203, 204, 205, 206, 207, 208, 209, 210, 211, 212, 213, 214, 215, 216, 217, 218, 219, 220, 221, 222, 223, 224, 225, 226, 227, 228, 229, 230, 231, 232, 233, 234, 235, 236, 237, 238, 239, 240, 241, 242, 243, 244, 245, 246, 247, 248, 249, 250, 251, 252, 253, 254, 255, 256, 257, 258, 259, 260, 261, 262, 263, 264, 265, 266, 267, 268, 269, 270, 271, 272, 273, 274, 275, 276, 277, 278, 279, 280, 281, 282, 283, 284, 285, 286, 287, 288, 289, 290, 291, 292, 293, 294, 295, 296, 297, 298, 299, 300, 301, 302, 303, 304, 305, 306, 307, 308, 309, 310, 311, 312, 313, 314, 315, 316, 317, 318, 319, 320, 321, 322, 323, 324, 325, 326, 327, 328, 329, 330, 331, 332, 333, 334, 335, 336, 337, 340, 341, 354, 356, 363, 365, 366, 367, 370, 375, 379, 388, 389, 391, 394, 396, 402, 410, 411, 412, 413, 415, 416, 417, 418, 419, 425, 429, 431, 433, 435, 437, 440, 441, 442, 443, 451, 452, 454, 456, 457, 458, 460, 461, 463, 464, 471, 473, 474, 475, 481, 482, 487, 498, 499, 501, 512, 530, 531, 532, 533, 534, 536, 573, 574, 575, 576, 577, 578, 579, 580, 581, 582, 583, 584, 585, 586, 587, 588, 589, 590, 591, 592, 593, 594, 595, 596, 597, 598, 599, 600, 601, 602, 603, 604, 605, 606, 607, 608, 609, 610, 611, 612, 613, 614, 615, 616, 617, 618, 619, 620, 621, 622, 623, 624, 625, 626, 627, 628, 629, 630, 631, 632, 633, 634, 635, 636, 637, 638, 639, 640, 641, 642, 643, 644, 645, 646, 647, 648, 649, 650, 651, 652, 653, 654, 655, 656, 657, 658, 659, 660, 661, 662, 663, 664, 665, 666, 667, 668, 669, 670, 671, 672, 673, 674, 675, 676, 677, 678, 679, 680, 681, 682, 683, 684, 685, 686, 687, 688, 689, 690, 691, 692, 693, 694, 695, 696, 697, 698, 699, 700, 701, 702, 703, 704, 705, 706, 707, 708, 709, 710, 711, 712, 713, 714, 715, 716, 717, 718, 719, 720, 721, 722, 723, 724, 725, 726, 727, 728, 729, 730, 731, 732, 733, 734, 735, 736, 737, 738, 739, 740, 741, 742, 743, 744, 745, 746, 747, 748, 749, 750, 751, 752, 753, 754, 755, 756, 757, 758, 759, 760, 761, 762, 763, 764, 765, 766, 767, 768, 769, 770, 771, 772, 773, 774, 775, 776, 777, 778, 779, 780, 781, 782, 783, 784, 785, 786, 787, 788, 789, 790, 791, 792, 793, 796, 797, 809, 811, 817, 818, 820, 825, 829, 838, 839, 841, 844, 846, 851, 857, 861, 862, 863, 864, 866, 867, 868, 870, 871, 877, 881, 883, 885, 888, 891, 892, 893, 898, 899, 901, 903, 904, 905, 907, 908, 910, 911, 918, 920, 921, 922, 923, 924, 926, 931, 933]",False,"[229, 336, 693, 793]","[103, 104, 105, 106, 107, 108, 109, 110, 111, 112, 113, 114, 115, 116, 117, 118, 119, 120, 121, 122, 123, 124, 125, 126, 127, 128, 129, 130, 131, 132, 133, 134, 135, 136, 137, 138, 139, 140, 141, 142, 143, 144, 145, 146, 147, 148, 149, 150, 151, 152, 153, 154, 155, 156, 157, 158, 159, 160, 161, 162, 163, 164, 165, 166, 167, 168, 169, 170, 171, 172, 173, 174, 175, 176, 177, 178, 179, 180, 181, 182, 183, 184, 185, 186, 187, 188, 189, 190, 191, 192, 193, 194, 195, 196, 197, 198, 199, 200, 201, 202, 203, 204, 205, 206, 207, 208, 209, 210, 211, 212, 213, 214, 215, 216, 217, 218, 219, 220, 221, 222, 223, 224, 225, 226, 227, 228, 229, 230, 231, 232, 233, 234, 235, 236, 237, 238, 239, 240, 241, 242, 243, 244, 245, 246, 247, 248, 249, 250, 251, 252, 253, 254, 255, 256, 257, 258, 259, 260, 261, 262, 263, 264, 265, 266, 267, 268, 269, 270, 271, 272, 273, 274, 275, 276, 277, 278, 279, 280, 281, 282, 283, 284, 285, 286, 287, 288, 289, 290, 291, 292, 293, 294, 295, 296, 297, 298, 299, 300, 301, 302, 303, 304, 305, 306, 307, 308, 309, 310, 311, 312, 313, 314, 315, 316, 317, 318, 319, 320, 321, 322, 323, 324, 325, 326, 327, 328, 329, 330, 331, 332, 333, 334, 335, 336, 337, 574, 575, 576, 577, 578, 579, 580, 581, 582, 583, 584, 585, 586, 587, 588, 589, 590, 591, 592, 593, 594, 595, 596, 597, 598, 599, 600, 601, 602, 603, 604, 605, 606, 607, 608, 609, 610, 611, 612, 613, 614, 615, 616, 617, 618, 619, 620, 621, 622, 623, 624, 625, 626, 627, 628, 629, 630, 631, 632, 633, 634, 635, 636, 637, 638, 639, 640, 641, 642, 643, 644, 645, 646, 647, 648, 649, 650, 651, 652, 653, 654, 655, 656, 657, 658, 659, 660, 661, 662, 663, 664, 665, 666, 667, 668, 669, 670, 671, 672, 673, 674, 675, 676, 677, 678, 679, 680, 681, 682, 683, 684, 685, 686, 687, 688, 689, 690, 691, 692, 693, 694, 695, 696, 697, 698, 699, 700, 701, 702, 703, 704, 705, 706, 707, 708, 709, 710, 711, 712, 713, 714, 715, 716, 717, 718, 719, 720, 721, 722, 723, 724, 725, 726, 727, 728, 729, 730, 731, 732, 733, 734, 735, 736, 737, 738, 739, 740, 741, 742, 743, 744, 745, 746, 747, 748, 749, 750, 751, 752, 753, 754, 755, 756, 757, 758, 759, 760, 761, 762, 763, 764, 765, 766, 767, 768, 769, 770, 771, 772, 773, 774, 775, 776, 777, 778, 779, 780, 781, 782, 783, 784, 785, 786, 787, 788, 789, 790, 791, 792, 793]","[229, 336, 693, 793]","[229, 336, 693, 793]","[16, 125, 156, 163, 168, 184, 205, 222, 229, 253, 258, 265, 313, 317, 336, 340, 341, 356, 363, 365, 366, 367, 370, 375, 388, 391, 394, 396, 402, 410, 411, 412, 413, 415, 416, 417, 418, 419, 425, 429, 431, 433, 435, 437, 440, 441, 442, 443, 451, 452, 456, 457, 458, 460, 461, 464, 471, 473, 474, 475, 481, 482, 501, 596, 628, 635, 655, 675, 693, 716, 720, 725, 771, 775, 793, 796, 797, 811, 817, 818, 820, 825, 838, 841, 844, 846, 851, 857, 861, 862, 863, 864, 866, 867, 868, 870, 871, 877, 881, 883, 885, 888, 891, 892, 893, 898, 899, 904, 905, 907, 908, 911, 918, 920, 921, 922, 923, 924, 926, 931, 933]","[1, 13, 14, 29, 54, 55, 56, 57, 58, 60, 102, 118, 125, 127, 130, 134, 146, 149, 153, 175, 182, 187, 189, 191, 197, 225, 230, 238, 264, 265, 266, 286, 302, 317, 336, 354, 379, 388, 389, 425, 454, 458, 463, 475, 487, 498, 499, 512, 530, 531, 532, 533, 534, 536, 573, 589, 596, 598, 601, 605, 617, 620, 624, 646, 653, 658, 660, 662, 668, 689, 694, 702, 724, 725, 745, 760, 775, 793, 809, 829, 838, 839, 877, 901, 903, 905, 910, 923]","[1, 13, 14, 29, 54, 55, 56, 57, 58, 60, 102, 118, 125, 127, 130, 134, 146, 149, 153, 175, 182, 187, 189, 191, 197, 225, 230, 238, 264, 265, 266, 286, 302, 317, 336, 379, 388, 389, 425, 454, 458, 463, 475, 487, 498, 499, 512, 530, 531, 532, 533, 534, 536, 573, 589, 596, 598, 601, 605, 617, 620, 624, 646, 653, 658, 660, 662, 668, 689, 694, 702, 724, 725, 745, 760, 775, 793, 829, 838, 839, 877, 901, 903, 905, 910, 923]",7/6 successful match,False,,False,743,False,,,,,
"Yermo , 92398 Ghost Town Mini - Mart , 1/2 ( Shell mi S ) )",760-254-3348 I-15 Exit 191 ( Ghost Town Rd ),S 00,Yermo Ghost Town Mini Mart,92398,"Ghost Town Mini - Mart , 1/2 ( Shell mi S ) )",760-254-3348,2006,Yermo,CA,Shell,( Ghost Town Rd ),I-15 Exit 191 ,Exit,191,False,,False,I-15,,,,,"[336, 793]","[229, 336, 693, 793]","[229, 336, 693, 793]","[229, 336, 693, 793]","[103, 104, 105, 106, 107, 108, 109, 110, 111, 112, 113, 114, 115, 116, 117, 118, 119, 120, 121, 122, 123, 124, 125, 126, 127, 128, 129, 130, 131, 132, 133, 134, 135, 136, 137, 138, 139, 140, 141, 142, 143, 144, 145, 146, 147, 148, 149, 150, 151, 152, 153, 154, 155, 156, 157, 158, 159, 160, 161, 162, 163, 164, 165, 166, 167, 168, 169, 170, 171, 172, 173, 174, 175, 176, 177, 178, 179, 180, 181, 182, 183, 184, 185, 186, 187, 188, 189, 190, 191, 192, 193, 194, 195, 196, 197, 198, 199, 200, 201, 202, 203, 204, 205, 206, 207, 208, 209, 210, 211, 212, 213, 214, 215, 216, 217, 218, 219, 220, 221, 222, 223, 224, 225, 226, 227, 228, 229, 230, 231, 232, 233, 234, 235, 236, 237, 238, 239, 240, 241, 242, 243, 244, 245, 246, 247, 248, 249, 250, 251, 252, 253, 254, 255, 256, 257, 258, 259, 260, 261, 262, 263, 264, 265, 266, 267, 268, 269, 270, 271, 272, 273, 274, 275, 276, 277, 278, 279, 280, 281, 282, 283, 284, 285, 286, 287, 288, 289, 290, 291, 292, 293, 294, 295, 296, 297, 298, 299, 300, 301, 302, 303, 304, 305, 306, 307, 308, 309, 310, 311, 312, 313, 314, 315, 316, 317, 318, 319, 320, 321, 322, 323, 324, 325, 326, 327, 328, 329, 330, 331, 332, 333, 334, 335, 336, 337, 574, 575, 576, 577, 578, 579, 580, 581, 582, 583, 584, 585, 586, 587, 588, 589, 590, 591, 592, 593, 594, 595, 596, 597, 598, 599, 600, 601, 602, 603, 604, 605, 606, 607, 608, 609, 610, 611, 612, 613, 614, 615, 616, 617, 618, 619, 620, 621, 622, 623, 624, 625, 626, 627, 628, 629, 630, 631, 632, 633, 634, 635, 636, 637, 638, 639, 640, 641, 642, 643, 644, 645, 646, 647, 648, 649, 650, 651, 652, 653, 654, 655, 656, 657, 658, 659, 660, 661, 662, 663, 664, 665, 666, 667, 668, 669, 670, 671, 672, 673, 674, 675, 676, 677, 678, 679, 680, 681, 682, 683, 684, 685, 686, 687, 688, 689, 690, 691, 692, 693, 694, 695, 696, 697, 698, 699, 700, 701, 702, 703, 704, 705, 706, 707, 708, 709, 710, 711, 712, 713, 714, 715, 716, 717, 718, 719, 720, 721, 722, 723, 724, 725, 726, 727, 728, 729, 730, 731, 732, 733, 734, 735, 736, 737, 738, 739, 740, 741, 742, 743, 744, 745, 746, 747, 748, 749, 750, 751, 752, 753, 754, 755, 756, 757, 758, 759, 760, 761, 762, 763, 764, 765, 766, 767, 768, 769, 770, 771, 772, 773, 774, 775, 776, 777, 778, 779, 780, 781, 782, 783, 784, 785, 786, 787, 788, 789, 790, 791, 792, 793]","[16, 125, 156, 163, 168, 184, 205, 222, 229, 253, 258, 265, 313, 317, 336, 340, 341, 356, 363, 365, 366, 367, 370, 375, 388, 391, 394, 396, 402, 410, 411, 412, 413, 415, 416, 417, 418, 419, 425, 429, 431, 433, 435, 437, 440, 441, 442, 443, 451, 452, 456, 457, 458, 460, 461, 464, 471, 473, 474, 475, 481, 482, 501, 596, 628, 635, 655, 675, 693, 716, 720, 725, 771, 775, 793, 796, 797, 811, 817, 818, 820, 825, 838, 841, 844, 846, 851, 857, 861, 862, 863, 864, 866, 867, 868, 870, 871, 877, 881, 883, 885, 888, 891, 892, 893, 898, 899, 904, 905, 907, 908, 911, 918, 920, 921, 922, 923, 924, 926, 931, 933]","[1, 13, 14, 29, 54, 55, 56, 57, 58, 60, 102, 118, 125, 127, 130, 134, 146, 149, 153, 175, 182, 187, 189, 191, 197, 225, 230, 238, 264, 265, 266, 286, 302, 317, 336, 379, 388, 389, 425, 454, 458, 463, 475, 487, 498, 499, 512, 530, 531, 532, 533, 534, 536, 573, 589, 596, 598, 601, 605, 617, 620, 624, 646, 653, 658, 660, 662, 668, 689, 694, 702, 724, 725, 745, 760, 775, 793, 829, 838, 839, 877, 901, 903, 905, 910, 923]","[1, 13, 14, 29, 54, 55, 56, 57, 58, 60, 102, 118, 125, 127, 130, 134, 146, 149, 153, 175, 182, 187, 189, 191, 197, 225, 230, 238, 264, 265, 266, 286, 302, 317, 336, 354, 379, 388, 389, 425, 454, 458, 463, 475, 487, 498, 499, 512, 530, 531, 532, 533, 534, 536, 573, 589, 596, 598, 601, 605, 617, 620, 624, 646, 653, 658, 660, 662, 668, 689, 694, 702, 724, 725, 745, 760, 775, 793, 809, 829, 838, 839, 877, 901, 903, 905, 910, 923]","[1, 13, 14, 16, 29, 54, 55, 56, 57, 58, 60, 102, 103, 104, 105, 106, 107, 108, 109, 110, 111, 112, 113, 114, 115, 116, 117, 118, 119, 120, 121, 122, 123, 124, 125, 126, 127, 128, 129, 130, 131, 132, 133, 134, 135, 136, 137, 138, 139, 140, 141, 142, 143, 144, 145, 146, 147, 148, 149, 150, 151, 152, 153, 154, 155, 156, 157, 158, 159, 160, 161, 162, 163, 164, 165, 166, 167, 168, 169, 170, 171, 172, 173, 174, 175, 176, 177, 178, 179, 180, 181, 182, 183, 184, 185, 186, 187, 188, 189, 190, 191, 192, 193, 194, 195, 196, 197, 198, 199, 200, 201, 202, 203, 204, 205, 206, 207, 208, 209, 210, 211, 212, 213, 214, 215, 216, 217, 218, 219, 220, 221, 222, 223, 224, 225, 226, 227, 228, 229, 230, 231, 232, 233, 234, 235, 236, 237, 238, 239, 240, 241, 242, 243, 244, 245, 246, 247, 248, 249, 250, 251, 252, 253, 254, 255, 256, 257, 258, 259, 260, 261, 262, 263, 264, 265, 266, 267, 268, 269, 270, 271, 272, 273, 274, 275, 276, 277, 278, 279, 280, 281, 282, 283, 284, 285, 286, 287, 288, 289, 290, 291, 292, 293, 294, 295, 296, 297, 298, 299, 300, 301, 302, 303, 304, 305, 306, 307, 308, 309, 310, 311, 312, 313, 314, 315, 316, 317, 318, 319, 320, 321, 322, 323, 324, 325, 326, 327, 328, 329, 330, 331, 332, 333, 334, 335, 336, 337, 340, 341, 354, 356, 363, 365, 366, 367, 370, 375, 379, 388, 389, 391, 394, 396, 402, 410, 411, 412, 413, 415, 416, 417, 418, 419, 425, 429, 431, 433, 435, 437, 440, 441, 442, 443, 451, 452, 454, 456, 457, 458, 460, 461, 463, 464, 471, 473, 474, 475, 481, 482, 487, 498, 499, 501, 512, 530, 531, 532, 533, 534, 536, 573, 574, 575, 576, 577, 578, 579, 580, 581, 582, 583, 584, 585, 586, 587, 588, 589, 590, 591, 592, 593, 594, 595, 596, 597, 598, 599, 600, 601, 602, 603, 604, 605, 606, 607, 608, 609, 610, 611, 612, 613, 614, 615, 616, 617, 618, 619, 620, 621, 622, 623, 624, 625, 626, 627, 628, 629, 630, 631, 632, 633, 634, 635, 636, 637, 638, 639, 640, 641, 642, 643, 644, 645, 646, 647, 648, 649, 650, 651, 652, 653, 654, 655, 656, 657, 658, 659, 660, 661, 662, 663, 664, 665, 666, 667, 668, 669, 670, 671, 672, 673, 674, 675, 676, 677, 678, 679, 680, 681, 682, 683, 684, 685, 686, 687, 688, 689, 690, 691, 692, 693, 694, 695, 696, 697, 698, 699, 700, 701, 702, 703, 704, 705, 706, 707, 708, 709, 710, 711, 712, 713, 714, 715, 716, 717, 718, 719, 720, 721, 722, 723, 724, 725, 726, 727, 728, 729, 730, 731, 732, 733, 734, 735, 736, 737, 738, 739, 740, 741, 742, 743, 744, 745, 746, 747, 748, 749, 750, 751, 752, 753, 754, 755, 756, 757, 758, 759, 760, 761, 762, 763, 764, 765, 766, 767, 768, 769, 770, 771, 772, 773, 774, 775, 776, 777, 778, 779, 780, 781, 782, 783, 784, 785, 786, 787, 788, 789, 790, 791, 792, 793, 796, 797, 809, 811, 817, 818, 820, 825, 829, 838, 839, 841, 844, 846, 851, 857, 861, 862, 863, 864, 866, 867, 868, 870, 871, 877, 881, 883, 885, 888, 891, 892, 893, 898, 899, 901, 903, 904, 905, 907, 908, 910, 911, 918, 920, 921, 922, 923, 924, 926, 931, 933]",True,"[229, 336, 693, 793]","[103, 104, 105, 106, 107, 108, 109, 110, 111, 112, 113, 114, 115, 116, 117, 118, 119, 120, 121, 122, 123, 124, 125, 126, 127, 128, 129, 130, 131, 132, 133, 134, 135, 136, 137, 138, 139, 140, 141, 142, 143, 144, 145, 146, 147, 148, 149, 150, 151, 152, 153, 154, 155, 156, 157, 158, 159, 160, 161, 162, 163, 164, 165, 166, 167, 168, 169, 170, 171, 172, 173, 174, 175, 176, 177, 178, 179, 180, 181, 182, 183, 184, 185, 186, 187, 188, 189, 190, 191, 192, 193, 194, 195, 196, 197, 198, 199, 200, 201, 202, 203, 204, 205, 206, 207, 208, 209, 210, 211, 212, 213, 214, 215, 216, 217, 218, 219, 220, 221, 222, 223, 224, 225, 226, 227, 228, 229, 230, 231, 232, 233, 234, 235, 236, 237, 238, 239, 240, 241, 242, 243, 244, 245, 246, 247, 248, 249, 250, 251, 252, 253, 254, 255, 256, 257, 258, 259, 260, 261, 262, 263, 264, 265, 266, 267, 268, 269, 270, 271, 272, 273, 274, 275, 276, 277, 278, 279, 280, 281, 282, 283, 284, 285, 286, 287, 288, 289, 290, 291, 292, 293, 294, 295, 296, 297, 298, 299, 300, 301, 302, 303, 304, 305, 306, 307, 308, 309, 310, 311, 312, 313, 314, 315, 316, 317, 318, 319, 320, 321, 322, 323, 324, 325, 326, 327, 328, 329, 330, 331, 332, 333, 334, 335, 336, 337, 574, 575, 576, 577, 578, 579, 580, 581, 582, 583, 584, 585, 586, 587, 588, 589, 590, 591, 592, 593, 594, 595, 596, 597, 598, 599, 600, 601, 602, 603, 604, 605, 606, 607, 608, 609, 610, 611, 612, 613, 614, 615, 616, 617, 618, 619, 620, 621, 622, 623, 624, 625, 626, 627, 628, 629, 630, 631, 632, 633, 634, 635, 636, 637, 638, 639, 640, 641, 642, 643, 644, 645, 646, 647, 648, 649, 650, 651, 652, 653, 654, 655, 656, 657, 658, 659, 660, 661, 662, 663, 664, 665, 666, 667, 668, 669, 670, 671, 672, 673, 674, 675, 676, 677, 678, 679, 680, 681, 682, 683, 684, 685, 686, 687, 688, 689, 690, 691, 692, 693, 694, 695, 696, 697, 698, 699, 700, 701, 702, 703, 704, 705, 706, 707, 708, 709, 710, 711, 712, 713, 714, 715, 716, 717, 718, 719, 720, 721, 722, 723, 724, 725, 726, 727, 728, 729, 730, 731, 732, 733, 734, 735, 736, 737, 738, 739, 740, 741, 742, 743, 744, 745, 746, 747, 748, 749, 750, 751, 752, 753, 754, 755, 756, 757, 758, 759, 760, 761, 762, 763, 764, 765, 766, 767, 768, 769, 770, 771, 772, 773, 774, 775, 776, 777, 778, 779, 780, 781, 782, 783, 784, 785, 786, 787, 788, 789, 790, 791, 792, 793]","[229, 336, 693, 793]","[229, 336, 693, 793]","[16, 125, 156, 163, 168, 184, 205, 222, 229, 253, 258, 265, 313, 317, 336, 340, 341, 356, 363, 365, 366, 367, 370, 375, 388, 391, 394, 396, 402, 410, 411, 412, 413, 415, 416, 417, 418, 419, 425, 429, 431, 433, 435, 437, 440, 441, 442, 443, 451, 452, 456, 457, 458, 460, 461, 464, 471, 473, 474, 475, 481, 482, 501, 596, 628, 635, 655, 675, 693, 716, 720, 725, 771, 775, 793, 796, 797, 811, 817, 818, 820, 825, 838, 841, 844, 846, 851, 857, 861, 862, 863, 864, 866, 867, 868, 870, 871, 877, 881, 883, 885, 888, 891, 892, 893, 898, 899, 904, 905, 907, 908, 911, 918, 920, 921, 922, 923, 924, 926, 931, 933]","[1, 13, 14, 29, 54, 55, 56, 57, 58, 60, 102, 118, 125, 127, 130, 134, 146, 149, 153, 175, 182, 187, 189, 191, 197, 225, 230, 238, 264, 265, 266, 286, 302, 317, 336, 354, 379, 388, 389, 425, 454, 458, 463, 475, 487, 498, 499, 512, 530, 531, 532, 533, 534, 536, 573, 589, 596, 598, 601, 605, 617, 620, 624, 646, 653, 658, 660, 662, 668, 689, 694, 702, 724, 725, 745, 760, 775, 793, 809, 829, 838, 839, 877, 901, 903, 905, 910, 923]","[1, 13, 14, 29, 54, 55, 56, 57, 58, 60, 102, 118, 125, 127, 130, 134, 146, 149, 153, 175, 182, 187, 189, 191, 197, 225, 230, 238, 264, 265, 266, 286, 302, 317, 336, 379, 388, 389, 425, 454, 458, 463, 475, 487, 498, 499, 512, 530, 531, 532, 533, 534, 536, 573, 589, 596, 598, 601, 605, 617, 620, 624, 646, 653, 658, 660, 662, 668, 689, 694, 702, 724, 725, 745, 760, 775, 793, 829, 838, 839, 877, 901, 903, 905, 910, 923]",7/6 successful match,True,"[56, 57, 58]",True,744,False,,,,,
"Yermo , 92398 Ghost Town Mini - Mart ( Shell )",6 760-254-3348 I-15 Exit 191 ( Ghost Town Rd ),24 L,Yermo,92398,Ghost Town Mini - Mart ( Shell ),760-254-3348,2007,Yermo,CA,Shell,( Ghost Town Rd ),I-15 Exit 191 ,Exit,191,False,,False,I-15,,,,,"[336, 793]","[229, 336, 693, 793]","[229, 336, 693, 793]","[229, 336, 693, 793]","[103, 104, 105, 106, 107, 108, 109, 110, 111, 112, 113, 114, 115, 116, 117, 118, 119, 120, 121, 122, 123, 124, 125, 126, 127, 128, 129, 130, 131, 132, 133, 134, 135, 136, 137, 138, 139, 140, 141, 142, 143, 144, 145, 146, 147, 148, 149, 150, 151, 152, 153, 154, 155, 156, 157, 158, 159, 160, 161, 162, 163, 164, 165, 166, 167, 168, 169, 170, 171, 172, 173, 174, 175, 176, 177, 178, 179, 180, 181, 182, 183, 184, 185, 186, 187, 188, 189, 190, 191, 192, 193, 194, 195, 196, 197, 198, 199, 200, 201, 202, 203, 204, 205, 206, 207, 208, 209, 210, 211, 212, 213, 214, 215, 216, 217, 218, 219, 220, 221, 222, 223, 224, 225, 226, 227, 228, 229, 230, 231, 232, 233, 234, 235, 236, 237, 238, 239, 240, 241, 242, 243, 244, 245, 246, 247, 248, 249, 250, 251, 252, 253, 254, 255, 256, 257, 258, 259, 260, 261, 262, 263, 264, 265, 266, 267, 268, 269, 270, 271, 272, 273, 274, 275, 276, 277, 278, 279, 280, 281, 282, 283, 284, 285, 286, 287, 288, 289, 290, 291, 292, 293, 294, 295, 296, 297, 298, 299, 300, 301, 302, 303, 304, 305, 306, 307, 308, 309, 310, 311, 312, 313, 314, 315, 316, 317, 318, 319, 320, 321, 322, 323, 324, 325, 326, 327, 328, 329, 330, 331, 332, 333, 334, 335, 336, 337, 574, 575, 576, 577, 578, 579, 580, 581, 582, 583, 584, 585, 586, 587, 588, 589, 590, 591, 592, 593, 594, 595, 596, 597, 598, 599, 600, 601, 602, 603, 604, 605, 606, 607, 608, 609, 610, 611, 612, 613, 614, 615, 616, 617, 618, 619, 620, 621, 622, 623, 624, 625, 626, 627, 628, 629, 630, 631, 632, 633, 634, 635, 636, 637, 638, 639, 640, 641, 642, 643, 644, 645, 646, 647, 648, 649, 650, 651, 652, 653, 654, 655, 656, 657, 658, 659, 660, 661, 662, 663, 664, 665, 666, 667, 668, 669, 670, 671, 672, 673, 674, 675, 676, 677, 678, 679, 680, 681, 682, 683, 684, 685, 686, 687, 688, 689, 690, 691, 692, 693, 694, 695, 696, 697, 698, 699, 700, 701, 702, 703, 704, 705, 706, 707, 708, 709, 710, 711, 712, 713, 714, 715, 716, 717, 718, 719, 720, 721, 722, 723, 724, 725, 726, 727, 728, 729, 730, 731, 732, 733, 734, 735, 736, 737, 738, 739, 740, 741, 742, 743, 744, 745, 746, 747, 748, 749, 750, 751, 752, 753, 754, 755, 756, 757, 758, 759, 760, 761, 762, 763, 764, 765, 766, 767, 768, 769, 770, 771, 772, 773, 774, 775, 776, 777, 778, 779, 780, 781, 782, 783, 784, 785, 786, 787, 788, 789, 790, 791, 792, 793]","[16, 125, 156, 163, 168, 184, 205, 222, 229, 253, 258, 265, 313, 317, 336, 340, 341, 356, 363, 365, 366, 367, 370, 375, 388, 391, 394, 396, 402, 410, 411, 412, 413, 415, 416, 417, 418, 419, 425, 429, 431, 433, 435, 437, 440, 441, 442, 443, 451, 452, 456, 457, 458, 460, 461, 464, 471, 473, 474, 475, 481, 482, 501, 596, 628, 635, 655, 675, 693, 716, 720, 725, 771, 775, 793, 796, 797, 811, 817, 818, 820, 825, 838, 841, 844, 846, 851, 857, 861, 862, 863, 864, 866, 867, 868, 870, 871, 877, 881, 883, 885, 888, 891, 892, 893, 898, 899, 904, 905, 907, 908, 911, 918, 920, 921, 922, 923, 924, 926, 931, 933]","[1, 13, 14, 29, 54, 55, 56, 57, 58, 60, 102, 118, 125, 127, 130, 134, 146, 149, 153, 175, 182, 187, 189, 191, 197, 225, 230, 238, 264, 265, 266, 286, 302, 317, 336, 379, 388, 389, 425, 454, 458, 463, 475, 487, 498, 499, 512, 530, 531, 532, 533, 534, 536, 573, 589, 596, 598, 601, 605, 617, 620, 624, 646, 653, 658, 660, 662, 668, 689, 694, 702, 724, 725, 745, 760, 775, 793, 829, 838, 839, 877, 901, 903, 905, 910, 923]","[1, 13, 14, 29, 54, 55, 56, 57, 58, 60, 102, 118, 125, 127, 130, 134, 146, 149, 153, 175, 182, 187, 189, 191, 197, 225, 230, 238, 264, 265, 266, 286, 302, 317, 336, 354, 379, 388, 389, 425, 454, 458, 463, 475, 487, 498, 499, 512, 530, 531, 532, 533, 534, 536, 573, 589, 596, 598, 601, 605, 617, 620, 624, 646, 653, 658, 660, 662, 668, 689, 694, 702, 724, 725, 745, 760, 775, 793, 809, 829, 838, 839, 877, 901, 903, 905, 910, 923]","[1, 13, 14, 16, 29, 54, 55, 56, 57, 58, 60, 102, 103, 104, 105, 106, 107, 108, 109, 110, 111, 112, 113, 114, 115, 116, 117, 118, 119, 120, 121, 122, 123, 124, 125, 126, 127, 128, 129, 130, 131, 132, 133, 134, 135, 136, 137, 138, 139, 140, 141, 142, 143, 144, 145, 146, 147, 148, 149, 150, 151, 152, 153, 154, 155, 156, 157, 158, 159, 160, 161, 162, 163, 164, 165, 166, 167, 168, 169, 170, 171, 172, 173, 174, 175, 176, 177, 178, 179, 180, 181, 182, 183, 184, 185, 186, 187, 188, 189, 190, 191, 192, 193, 194, 195, 196, 197, 198, 199, 200, 201, 202, 203, 204, 205, 206, 207, 208, 209, 210, 211, 212, 213, 214, 215, 216, 217, 218, 219, 220, 221, 222, 223, 224, 225, 226, 227, 228, 229, 230, 231, 232, 233, 234, 235, 236, 237, 238, 239, 240, 241, 242, 243, 244, 245, 246, 247, 248, 249, 250, 251, 252, 253, 254, 255, 256, 257, 258, 259, 260, 261, 262, 263, 264, 265, 266, 267, 268, 269, 270, 271, 272, 273, 274, 275, 276, 277, 278, 279, 280, 281, 282, 283, 284, 285, 286, 287, 288, 289, 290, 291, 292, 293, 294, 295, 296, 297, 298, 299, 300, 301, 302, 303, 304, 305, 306, 307, 308, 309, 310, 311, 312, 313, 314, 315, 316, 317, 318, 319, 320, 321, 322, 323, 324, 325, 326, 327, 328, 329, 330, 331, 332, 333, 334, 335, 336, 337, 340, 341, 354, 356, 363, 365, 366, 367, 370, 375, 379, 388, 389, 391, 394, 396, 402, 410, 411, 412, 413, 415, 416, 417, 418, 419, 425, 429, 431, 433, 435, 437, 440, 441, 442, 443, 451, 452, 454, 456, 457, 458, 460, 461, 463, 464, 471, 473, 474, 475, 481, 482, 487, 498, 499, 501, 512, 530, 531, 532, 533, 534, 536, 573, 574, 575, 576, 577, 578, 579, 580, 581, 582, 583, 584, 585, 586, 587, 588, 589, 590, 591, 592, 593, 594, 595, 596, 597, 598, 599, 600, 601, 602, 603, 604, 605, 606, 607, 608, 609, 610, 611, 612, 613, 614, 615, 616, 617, 618, 619, 620, 621, 622, 623, 624, 625, 626, 627, 628, 629, 630, 631, 632, 633, 634, 635, 636, 637, 638, 639, 640, 641, 642, 643, 644, 645, 646, 647, 648, 649, 650, 651, 652, 653, 654, 655, 656, 657, 658, 659, 660, 661, 662, 663, 664, 665, 666, 667, 668, 669, 670, 671, 672, 673, 674, 675, 676, 677, 678, 679, 680, 681, 682, 683, 684, 685, 686, 687, 688, 689, 690, 691, 692, 693, 694, 695, 696, 697, 698, 699, 700, 701, 702, 703, 704, 705, 706, 707, 708, 709, 710, 711, 712, 713, 714, 715, 716, 717, 718, 719, 720, 721, 722, 723, 724, 725, 726, 727, 728, 729, 730, 731, 732, 733, 734, 735, 736, 737, 738, 739, 740, 741, 742, 743, 744, 745, 746, 747, 748, 749, 750, 751, 752, 753, 754, 755, 756, 757, 758, 759, 760, 761, 762, 763, 764, 765, 766, 767, 768, 769, 770, 771, 772, 773, 774, 775, 776, 777, 778, 779, 780, 781, 782, 783, 784, 785, 786, 787, 788, 789, 790, 791, 792, 793, 796, 797, 809, 811, 817, 818, 820, 825, 829, 838, 839, 841, 844, 846, 851, 857, 861, 862, 863, 864, 866, 867, 868, 870, 871, 877, 881, 883, 885, 888, 891, 892, 893, 898, 899, 901, 903, 904, 905, 907, 908, 910, 911, 918, 920, 921, 922, 923, 924, 926, 931, 933]",True,"[229, 336, 693, 793]","[103, 104, 105, 106, 107, 108, 109, 110, 111, 112, 113, 114, 115, 116, 117, 118, 119, 120, 121, 122, 123, 124, 125, 126, 127, 128, 129, 130, 131, 132, 133, 134, 135, 136, 137, 138, 139, 140, 141, 142, 143, 144, 145, 146, 147, 148, 149, 150, 151, 152, 153, 154, 155, 156, 157, 158, 159, 160, 161, 162, 163, 164, 165, 166, 167, 168, 169, 170, 171, 172, 173, 174, 175, 176, 177, 178, 179, 180, 181, 182, 183, 184, 185, 186, 187, 188, 189, 190, 191, 192, 193, 194, 195, 196, 197, 198, 199, 200, 201, 202, 203, 204, 205, 206, 207, 208, 209, 210, 211, 212, 213, 214, 215, 216, 217, 218, 219, 220, 221, 222, 223, 224, 225, 226, 227, 228, 229, 230, 231, 232, 233, 234, 235, 236, 237, 238, 239, 240, 241, 242, 243, 244, 245, 246, 247, 248, 249, 250, 251, 252, 253, 254, 255, 256, 257, 258, 259, 260, 261, 262, 263, 264, 265, 266, 267, 268, 269, 270, 271, 272, 273, 274, 275, 276, 277, 278, 279, 280, 281, 282, 283, 284, 285, 286, 287, 288, 289, 290, 291, 292, 293, 294, 295, 296, 297, 298, 299, 300, 301, 302, 303, 304, 305, 306, 307, 308, 309, 310, 311, 312, 313, 314, 315, 316, 317, 318, 319, 320, 321, 322, 323, 324, 325, 326, 327, 328, 329, 330, 331, 332, 333, 334, 335, 336, 337, 574, 575, 576, 577, 578, 579, 580, 581, 582, 583, 584, 585, 586, 587, 588, 589, 590, 591, 592, 593, 594, 595, 596, 597, 598, 599, 600, 601, 602, 603, 604, 605, 606, 607, 608, 609, 610, 611, 612, 613, 614, 615, 616, 617, 618, 619, 620, 621, 622, 623, 624, 625, 626, 627, 628, 629, 630, 631, 632, 633, 634, 635, 636, 637, 638, 639, 640, 641, 642, 643, 644, 645, 646, 647, 648, 649, 650, 651, 652, 653, 654, 655, 656, 657, 658, 659, 660, 661, 662, 663, 664, 665, 666, 667, 668, 669, 670, 671, 672, 673, 674, 675, 676, 677, 678, 679, 680, 681, 682, 683, 684, 685, 686, 687, 688, 689, 690, 691, 692, 693, 694, 695, 696, 697, 698, 699, 700, 701, 702, 703, 704, 705, 706, 707, 708, 709, 710, 711, 712, 713, 714, 715, 716, 717, 718, 719, 720, 721, 722, 723, 724, 725, 726, 727, 728, 729, 730, 731, 732, 733, 734, 735, 736, 737, 738, 739, 740, 741, 742, 743, 744, 745, 746, 747, 748, 749, 750, 751, 752, 753, 754, 755, 756, 757, 758, 759, 760, 761, 762, 763, 764, 765, 766, 767, 768, 769, 770, 771, 772, 773, 774, 775, 776, 777, 778, 779, 780, 781, 782, 783, 784, 785, 786, 787, 788, 789, 790, 791, 792, 793]","[229, 336, 693, 793]","[229, 336, 693, 793]","[16, 125, 156, 163, 168, 184, 205, 222, 229, 253, 258, 265, 313, 317, 336, 340, 341, 356, 363, 365, 366, 367, 370, 375, 388, 391, 394, 396, 402, 410, 411, 412, 413, 415, 416, 417, 418, 419, 425, 429, 431, 433, 435, 437, 440, 441, 442, 443, 451, 452, 456, 457, 458, 460, 461, 464, 471, 473, 474, 475, 481, 482, 501, 596, 628, 635, 655, 675, 693, 716, 720, 725, 771, 775, 793, 796, 797, 811, 817, 818, 820, 825, 838, 841, 844, 846, 851, 857, 861, 862, 863, 864, 866, 867, 868, 870, 871, 877, 881, 883, 885, 888, 891, 892, 893, 898, 899, 904, 905, 907, 908, 911, 918, 920, 921, 922, 923, 924, 926, 931, 933]","[1, 13, 14, 29, 54, 55, 56, 57, 58, 60, 102, 118, 125, 127, 130, 134, 146, 149, 153, 175, 182, 187, 189, 191, 197, 225, 230, 238, 264, 265, 266, 286, 302, 317, 336, 354, 379, 388, 389, 425, 454, 458, 463, 475, 487, 498, 499, 512, 530, 531, 532, 533, 534, 536, 573, 589, 596, 598, 601, 605, 617, 620, 624, 646, 653, 658, 660, 662, 668, 689, 694, 702, 724, 725, 745, 760, 775, 793, 809, 829, 838, 839, 877, 901, 903, 905, 910, 923]","[1, 13, 14, 29, 54, 55, 56, 57, 58, 60, 102, 118, 125, 127, 130, 134, 146, 149, 153, 175, 182, 187, 189, 191, 197, 225, 230, 238, 264, 265, 266, 286, 302, 317, 336, 379, 388, 389, 425, 454, 458, 463, 475, 487, 498, 499, 512, 530, 531, 532, 533, 534, 536, 573, 589, 596, 598, 601, 605, 617, 620, 624, 646, 653, 658, 660, 662, 668, 689, 694, 702, 724, 725, 745, 760, 775, 793, 829, 838, 839, 877, 901, 903, 905, 910, 923]",7/6 successful match,True,"[56, 57, 58]",True,744,False,,1.0,True,"Ghost Town Mini - Mart , 1/2 ( Shell mi S ) )",Shell
"Yermo , 92398 Ghost Town Mini - Mart 113 , 1/2 ( Shell mi ) S )",760-254-3348 I-15 Exit 191 ( Ghost Town ),24 L <U+25A1> 00,Yermo Ghost Town Mini Mart,92398,"Ghost Town Mini - Mart 113 , 1/2 ( Shell mi ) S )",760-254-3348,2008,Yermo,CA,Shell,( Ghost Town ),I-15 Exit 191 ,Exit,191,False,,False,I-15,,,,,"[336, 793]","[229, 336, 693, 793]","[229, 336, 693, 793]","[229, 336, 693, 793]","[103, 104, 105, 106, 107, 108, 109, 110, 111, 112, 113, 114, 115, 116, 117, 118, 119, 120, 121, 122, 123, 124, 125, 126, 127, 128, 129, 130, 131, 132, 133, 134, 135, 136, 137, 138, 139, 140, 141, 142, 143, 144, 145, 146, 147, 148, 149, 150, 151, 152, 153, 154, 155, 156, 157, 158, 159, 160, 161, 162, 163, 164, 165, 166, 167, 168, 169, 170, 171, 172, 173, 174, 175, 176, 177, 178, 179, 180, 181, 182, 183, 184, 185, 186, 187, 188, 189, 190, 191, 192, 193, 194, 195, 196, 197, 198, 199, 200, 201, 202, 203, 204, 205, 206, 207, 208, 209, 210, 211, 212, 213, 214, 215, 216, 217, 218, 219, 220, 221, 222, 223, 224, 225, 226, 227, 228, 229, 230, 231, 232, 233, 234, 235, 236, 237, 238, 239, 240, 241, 242, 243, 244, 245, 246, 247, 248, 249, 250, 251, 252, 253, 254, 255, 256, 257, 258, 259, 260, 261, 262, 263, 264, 265, 266, 267, 268, 269, 270, 271, 272, 273, 274, 275, 276, 277, 278, 279, 280, 281, 282, 283, 284, 285, 286, 287, 288, 289, 290, 291, 292, 293, 294, 295, 296, 297, 298, 299, 300, 301, 302, 303, 304, 305, 306, 307, 308, 309, 310, 311, 312, 313, 314, 315, 316, 317, 318, 319, 320, 321, 322, 323, 324, 325, 326, 327, 328, 329, 330, 331, 332, 333, 334, 335, 336, 337, 574, 575, 576, 577, 578, 579, 580, 581, 582, 583, 584, 585, 586, 587, 588, 589, 590, 591, 592, 593, 594, 595, 596, 597, 598, 599, 600, 601, 602, 603, 604, 605, 606, 607, 608, 609, 610, 611, 612, 613, 614, 615, 616, 617, 618, 619, 620, 621, 622, 623, 624, 625, 626, 627, 628, 629, 630, 631, 632, 633, 634, 635, 636, 637, 638, 639, 640, 641, 642, 643, 644, 645, 646, 647, 648, 649, 650, 651, 652, 653, 654, 655, 656, 657, 658, 659, 660, 661, 662, 663, 664, 665, 666, 667, 668, 669, 670, 671, 672, 673, 674, 675, 676, 677, 678, 679, 680, 681, 682, 683, 684, 685, 686, 687, 688, 689, 690, 691, 692, 693, 694, 695, 696, 697, 698, 699, 700, 701, 702, 703, 704, 705, 706, 707, 708, 709, 710, 711, 712, 713, 714, 715, 716, 717, 718, 719, 720, 721, 722, 723, 724, 725, 726, 727, 728, 729, 730, 731, 732, 733, 734, 735, 736, 737, 738, 739, 740, 741, 742, 743, 744, 745, 746, 747, 748, 749, 750, 751, 752, 753, 754, 755, 756, 757, 758, 759, 760, 761, 762, 763, 764, 765, 766, 767, 768, 769, 770, 771, 772, 773, 774, 775, 776, 777, 778, 779, 780, 781, 782, 783, 784, 785, 786, 787, 788, 789, 790, 791, 792, 793]","[16, 125, 156, 163, 168, 184, 205, 222, 229, 253, 258, 265, 313, 317, 336, 340, 341, 356, 363, 365, 366, 367, 370, 375, 388, 391, 394, 396, 402, 410, 411, 412, 413, 415, 416, 417, 418, 419, 425, 429, 431, 433, 435, 437, 440, 441, 442, 443, 451, 452, 456, 457, 458, 460, 461, 464, 471, 473, 474, 475, 481, 482, 501, 596, 628, 635, 655, 675, 693, 716, 720, 725, 771, 775, 793, 796, 797, 811, 817, 818, 820, 825, 838, 841, 844, 846, 851, 857, 861, 862, 863, 864, 866, 867, 868, 870, 871, 877, 881, 883, 885, 888, 891, 892, 893, 898, 899, 904, 905, 907, 908, 911, 918, 920, 921, 922, 923, 924, 926, 931, 933]","[1, 13, 14, 29, 54, 55, 56, 57, 58, 60, 102, 118, 125, 127, 130, 134, 146, 149, 153, 175, 182, 187, 189, 191, 197, 225, 230, 238, 264, 265, 266, 286, 302, 317, 336, 379, 388, 389, 425, 454, 458, 463, 475, 487, 498, 499, 512, 530, 531, 532, 533, 534, 536, 573, 589, 596, 598, 601, 605, 617, 620, 624, 646, 653, 658, 660, 662, 668, 689, 694, 702, 724, 725, 745, 760, 775, 793, 829, 838, 839, 877, 901, 903, 905, 910, 923]","[1, 13, 14, 29, 54, 55, 56, 57, 58, 60, 102, 118, 125, 127, 130, 134, 146, 149, 153, 175, 182, 187, 189, 191, 197, 225, 230, 238, 264, 265, 266, 286, 302, 317, 336, 354, 379, 388, 389, 425, 454, 458, 463, 475, 487, 498, 499, 512, 530, 531, 532, 533, 534, 536, 573, 589, 596, 598, 601, 605, 617, 620, 624, 646, 653, 658, 660, 662, 668, 689, 694, 702, 724, 725, 745, 760, 775, 793, 809, 829, 838, 839, 877, 901, 903, 905, 910, 923]","[1, 13, 14, 16, 29, 54, 55, 56, 57, 58, 60, 102, 103, 104, 105, 106, 107, 108, 109, 110, 111, 112, 113, 114, 115, 116, 117, 118, 119, 120, 121, 122, 123, 124, 125, 126, 127, 128, 129, 130, 131, 132, 133, 134, 135, 136, 137, 138, 139, 140, 141, 142, 143, 144, 145, 146, 147, 148, 149, 150, 151, 152, 153, 154, 155, 156, 157, 158, 159, 160, 161, 162, 163, 164, 165, 166, 167, 168, 169, 170, 171, 172, 173, 174, 175, 176, 177, 178, 179, 180, 181, 182, 183, 184, 185, 186, 187, 188, 189, 190, 191, 192, 193, 194, 195, 196, 197, 198, 199, 200, 201, 202, 203, 204, 205, 206, 207, 208, 209, 210, 211, 212, 213, 214, 215, 216, 217, 218, 219, 220, 221, 222, 223, 224, 225, 226, 227, 228, 229, 230, 231, 232, 233, 234, 235, 236, 237, 238, 239, 240, 241, 242, 243, 244, 245, 246, 247, 248, 249, 250, 251, 252, 253, 254, 255, 256, 257, 258, 259, 260, 261, 262, 263, 264, 265, 266, 267, 268, 269, 270, 271, 272, 273, 274, 275, 276, 277, 278, 279, 280, 281, 282, 283, 284, 285, 286, 287, 288, 289, 290, 291, 292, 293, 294, 295, 296, 297, 298, 299, 300, 301, 302, 303, 304, 305, 306, 307, 308, 309, 310, 311, 312, 313, 314, 315, 316, 317, 318, 319, 320, 321, 322, 323, 324, 325, 326, 327, 328, 329, 330, 331, 332, 333, 334, 335, 336, 337, 340, 341, 354, 356, 363, 365, 366, 367, 370, 375, 379, 388, 389, 391, 394, 396, 402, 410, 411, 412, 413, 415, 416, 417, 418, 419, 425, 429, 431, 433, 435, 437, 440, 441, 442, 443, 451, 452, 454, 456, 457, 458, 460, 461, 463, 464, 471, 473, 474, 475, 481, 482, 487, 498, 499, 501, 512, 530, 531, 532, 533, 534, 536, 573, 574, 575, 576, 577, 578, 579, 580, 581, 582, 583, 584, 585, 586, 587, 588, 589, 590, 591, 592, 593, 594, 595, 596, 597, 598, 599, 600, 601, 602, 603, 604, 605, 606, 607, 608, 609, 610, 611, 612, 613, 614, 615, 616, 617, 618, 619, 620, 621, 622, 623, 624, 625, 626, 627, 628, 629, 630, 631, 632, 633, 634, 635, 636, 637, 638, 639, 640, 641, 642, 643, 644, 645, 646, 647, 648, 649, 650, 651, 652, 653, 654, 655, 656, 657, 658, 659, 660, 661, 662, 663, 664, 665, 666, 667, 668, 669, 670, 671, 672, 673, 674, 675, 676, 677, 678, 679, 680, 681, 682, 683, 684, 685, 686, 687, 688, 689, 690, 691, 692, 693, 694, 695, 696, 697, 698, 699, 700, 701, 702, 703, 704, 705, 706, 707, 708, 709, 710, 711, 712, 713, 714, 715, 716, 717, 718, 719, 720, 721, 722, 723, 724, 725, 726, 727, 728, 729, 730, 731, 732, 733, 734, 735, 736, 737, 738, 739, 740, 741, 742, 743, 744, 745, 746, 747, 748, 749, 750, 751, 752, 753, 754, 755, 756, 757, 758, 759, 760, 761, 762, 763, 764, 765, 766, 767, 768, 769, 770, 771, 772, 773, 774, 775, 776, 777, 778, 779, 780, 781, 782, 783, 784, 785, 786, 787, 788, 789, 790, 791, 792, 793, 796, 797, 809, 811, 817, 818, 820, 825, 829, 838, 839, 841, 844, 846, 851, 857, 861, 862, 863, 864, 866, 867, 868, 870, 871, 877, 881, 883, 885, 888, 891, 892, 893, 898, 899, 901, 903, 904, 905, 907, 908, 910, 911, 918, 920, 921, 922, 923, 924, 926, 931, 933]",True,"[229, 336, 693, 793]","[103, 104, 105, 106, 107, 108, 109, 110, 111, 112, 113, 114, 115, 116, 117, 118, 119, 120, 121, 122, 123, 124, 125, 126, 127, 128, 129, 130, 131, 132, 133, 134, 135, 136, 137, 138, 139, 140, 141, 142, 143, 144, 145, 146, 147, 148, 149, 150, 151, 152, 153, 154, 155, 156, 157, 158, 159, 160, 161, 162, 163, 164, 165, 166, 167, 168, 169, 170, 171, 172, 173, 174, 175, 176, 177, 178, 179, 180, 181, 182, 183, 184, 185, 186, 187, 188, 189, 190, 191, 192, 193, 194, 195, 196, 197, 198, 199, 200, 201, 202, 203, 204, 205, 206, 207, 208, 209, 210, 211, 212, 213, 214, 215, 216, 217, 218, 219, 220, 221, 222, 223, 224, 225, 226, 227, 228, 229, 230, 231, 232, 233, 234, 235, 236, 237, 238, 239, 240, 241, 242, 243, 244, 245, 246, 247, 248, 249, 250, 251, 252, 253, 254, 255, 256, 257, 258, 259, 260, 261, 262, 263, 264, 265, 266, 267, 268, 269, 270, 271, 272, 273, 274, 275, 276, 277, 278, 279, 280, 281, 282, 283, 284, 285, 286, 287, 288, 289, 290, 291, 292, 293, 294, 295, 296, 297, 298, 299, 300, 301, 302, 303, 304, 305, 306, 307, 308, 309, 310, 311, 312, 313, 314, 315, 316, 317, 318, 319, 320, 321, 322, 323, 324, 325, 326, 327, 328, 329, 330, 331, 332, 333, 334, 335, 336, 337, 574, 575, 576, 577, 578, 579, 580, 581, 582, 583, 584, 585, 586, 587, 588, 589, 590, 591, 592, 593, 594, 595, 596, 597, 598, 599, 600, 601, 602, 603, 604, 605, 606, 607, 608, 609, 610, 611, 612, 613, 614, 615, 616, 617, 618, 619, 620, 621, 622, 623, 624, 625, 626, 627, 628, 629, 630, 631, 632, 633, 634, 635, 636, 637, 638, 639, 640, 641, 642, 643, 644, 645, 646, 647, 648, 649, 650, 651, 652, 653, 654, 655, 656, 657, 658, 659, 660, 661, 662, 663, 664, 665, 666, 667, 668, 669, 670, 671, 672, 673, 674, 675, 676, 677, 678, 679, 680, 681, 682, 683, 684, 685, 686, 687, 688, 689, 690, 691, 692, 693, 694, 695, 696, 697, 698, 699, 700, 701, 702, 703, 704, 705, 706, 707, 708, 709, 710, 711, 712, 713, 714, 715, 716, 717, 718, 719, 720, 721, 722, 723, 724, 725, 726, 727, 728, 729, 730, 731, 732, 733, 734, 735, 736, 737, 738, 739, 740, 741, 742, 743, 744, 745, 746, 747, 748, 749, 750, 751, 752, 753, 754, 755, 756, 757, 758, 759, 760, 761, 762, 763, 764, 765, 766, 767, 768, 769, 770, 771, 772, 773, 774, 775, 776, 777, 778, 779, 780, 781, 782, 783, 784, 785, 786, 787, 788, 789, 790, 791, 792, 793]","[229, 336, 693, 793]","[229, 336, 693, 793]","[16, 125, 156, 163, 168, 184, 205, 222, 229, 253, 258, 265, 313, 317, 336, 340, 341, 356, 363, 365, 366, 367, 370, 375, 388, 391, 394, 396, 402, 410, 411, 412, 413, 415, 416, 417, 418, 419, 425, 429, 431, 433, 435, 437, 440, 441, 442, 443, 451, 452, 456, 457, 458, 460, 461, 464, 471, 473, 474, 475, 481, 482, 501, 596, 628, 635, 655, 675, 693, 716, 720, 725, 771, 775, 793, 796, 797, 811, 817, 818, 820, 825, 838, 841, 844, 846, 851, 857, 861, 862, 863, 864, 866, 867, 868, 870, 871, 877, 881, 883, 885, 888, 891, 892, 893, 898, 899, 904, 905, 907, 908, 911, 918, 920, 921, 922, 923, 924, 926, 931, 933]","[1, 13, 14, 29, 54, 55, 56, 57, 58, 60, 102, 118, 125, 127, 130, 134, 146, 149, 153, 175, 182, 187, 189, 191, 197, 225, 230, 238, 264, 265, 266, 286, 302, 317, 336, 354, 379, 388, 389, 425, 454, 458, 463, 475, 487, 498, 499, 512, 530, 531, 532, 533, 534, 536, 573, 589, 596, 598, 601, 605, 617, 620, 624, 646, 653, 658, 660, 662, 668, 689, 694, 702, 724, 725, 745, 760, 775, 793, 809, 829, 838, 839, 877, 901, 903, 905, 910, 923]","[1, 13, 14, 29, 54, 55, 56, 57, 58, 60, 102, 118, 125, 127, 130, 134, 146, 149, 153, 175, 182, 187, 189, 191, 197, 225, 230, 238, 264, 265, 266, 286, 302, 317, 336, 379, 388, 389, 425, 454, 458, 463, 475, 487, 498, 499, 512, 530, 531, 532, 533, 534, 536, 573, 589, 596, 598, 601, 605, 617, 620, 624, 646, 653, 658, 660, 662, 668, 689, 694, 702, 724, 725, 745, 760, 775, 793, 829, 838, 839, 877, 901, 903, 905, 910, 923]",7/6 successful match,True,"[56, 57, 58]",True,744,False,,1.0,True,Ghost Town Mini - Mart ( Shell ),Shell
Riverside ( 92509 ) MGM Shell,951-685-8893 CA 60 Exit 46 ( Pyrite N ),24 SO,Riverside,92509,MGM Shell,951-685-8893,2014,Riverside,CA,Shell,( Pyrite N ),CA 60 Exit 46 ,Exit,46,False,,False,CA 60,,,,,"[225, 689]","[225, 689]","[225, 689]","[204, 219, 225, 249, 355, 367, 374, 674, 689, 712, 810, 818, 824]","[103, 104, 105, 106, 107, 108, 109, 110, 111, 112, 113, 114, 115, 116, 117, 118, 119, 120, 121, 122, 123, 124, 125, 126, 127, 128, 129, 130, 131, 132, 133, 134, 135, 136, 137, 138, 139, 140, 141, 142, 143, 144, 145, 146, 147, 148, 149, 150, 151, 152, 153, 154, 155, 156, 157, 158, 159, 160, 161, 162, 163, 164, 165, 166, 167, 168, 169, 170, 171, 172, 173, 174, 175, 176, 177, 178, 179, 180, 181, 182, 183, 184, 185, 186, 187, 188, 189, 190, 191, 192, 193, 194, 195, 196, 197, 198, 199, 200, 201, 202, 203, 204, 205, 206, 207, 208, 209, 210, 211, 212, 213, 214, 215, 216, 217, 218, 219, 220, 221, 222, 223, 224, 225, 226, 227, 228, 229, 230, 231, 232, 233, 234, 235, 236, 237, 238, 239, 240, 241, 242, 243, 244, 245, 246, 247, 248, 249, 250, 251, 252, 253, 254, 255, 256, 257, 258, 259, 260, 261, 262, 263, 264, 265, 266, 267, 268, 269, 270, 271, 272, 273, 274, 275, 276, 277, 278, 279, 280, 281, 282, 283, 284, 285, 286, 287, 288, 289, 290, 291, 292, 293, 294, 295, 296, 297, 298, 299, 300, 301, 302, 303, 304, 305, 306, 307, 308, 309, 310, 311, 312, 313, 314, 315, 316, 317, 318, 319, 320, 321, 322, 323, 324, 325, 326, 327, 328, 329, 330, 331, 332, 333, 334, 335, 336, 337, 574, 575, 576, 577, 578, 579, 580, 581, 582, 583, 584, 585, 586, 587, 588, 589, 590, 591, 592, 593, 594, 595, 596, 597, 598, 599, 600, 601, 602, 603, 604, 605, 606, 607, 608, 609, 610, 611, 612, 613, 614, 615, 616, 617, 618, 619, 620, 621, 622, 623, 624, 625, 626, 627, 628, 629, 630, 631, 632, 633, 634, 635, 636, 637, 638, 639, 640, 641, 642, 643, 644, 645, 646, 647, 648, 649, 650, 651, 652, 653, 654, 655, 656, 657, 658, 659, 660, 661, 662, 663, 664, 665, 666, 667, 668, 669, 670, 671, 672, 673, 674, 675, 676, 677, 678, 679, 680, 681, 682, 683, 684, 685, 686, 687, 688, 689, 690, 691, 692, 693, 694, 695, 696, 697, 698, 699, 700, 701, 702, 703, 704, 705, 706, 707, 708, 709, 710, 711, 712, 713, 714, 715, 716, 717, 718, 719, 720, 721, 722, 723, 724, 725, 726, 727, 728, 729, 730, 731, 732, 733, 734, 735, 736, 737, 738, 739, 740, 741, 742, 743, 744, 745, 746, 747, 748, 749, 750, 751, 752, 753, 754, 755, 756, 757, 758, 759, 760, 761, 762, 763, 764, 765, 766, 767, 768, 769, 770, 771, 772, 773, 774, 775, 776, 777, 778, 779, 780, 781, 782, 783, 784, 785, 786, 787, 788, 789, 790, 791, 792, 793]","[12, 54, 103, 104, 106, 117, 118, 120, 127, 128, 129, 131, 133, 135, 136, 137, 139, 146, 147, 148, 149, 151, 158, 160, 162, 166, 173, 178, 179, 185, 190, 192, 198, 201, 203, 204, 206, 207, 212, 213, 214, 219, 223, 224, 225, 227, 230, 235, 237, 246, 247, 256, 259, 262, 263, 266, 268, 269, 271, 272, 278, 279, 284, 285, 288, 290, 292, 304, 312, 316, 319, 320, 323, 324, 332, 461, 497, 530, 574, 575, 588, 591, 607, 608, 610, 618, 619, 620, 622, 632, 644, 649, 650, 656, 661, 663, 669, 674, 677, 683, 684, 687, 688, 689, 701, 710, 723, 730, 731, 738, 747, 751, 762, 774, 778, 789, 908]","[1, 13, 14, 29, 54, 55, 56, 57, 58, 60, 102, 118, 125, 127, 130, 134, 146, 149, 153, 175, 182, 187, 189, 191, 197, 225, 230, 238, 264, 265, 266, 286, 302, 317, 336, 379, 388, 389, 425, 454, 458, 463, 475, 487, 498, 499, 512, 530, 531, 532, 533, 534, 536, 573, 589, 596, 598, 601, 605, 617, 620, 624, 646, 653, 658, 660, 662, 668, 689, 694, 702, 724, 725, 745, 760, 775, 793, 829, 838, 839, 877, 901, 903, 905, 910, 923]","[1, 13, 14, 29, 54, 55, 56, 57, 58, 60, 102, 118, 125, 127, 130, 134, 146, 149, 153, 175, 182, 187, 189, 191, 197, 225, 230, 238, 264, 265, 266, 286, 302, 317, 336, 354, 379, 388, 389, 425, 454, 458, 463, 475, 487, 498, 499, 512, 530, 531, 532, 533, 534, 536, 573, 589, 596, 598, 601, 605, 617, 620, 624, 646, 653, 658, 660, 662, 668, 689, 694, 702, 724, 725, 745, 760, 775, 793, 809, 829, 838, 839, 877, 901, 903, 905, 910, 923]","[1, 12, 13, 14, 29, 54, 55, 56, 57, 58, 60, 102, 103, 104, 105, 106, 107, 108, 109, 110, 111, 112, 113, 114, 115, 116, 117, 118, 119, 120, 121, 122, 123, 124, 125, 126, 127, 128, 129, 130, 131, 132, 133, 134, 135, 136, 137, 138, 139, 140, 141, 142, 143, 144, 145, 146, 147, 148, 149, 150, 151, 152, 153, 154, 155, 156, 157, 158, 159, 160, 161, 162, 163, 164, 165, 166, 167, 168, 169, 170, 171, 172, 173, 174, 175, 176, 177, 178, 179, 180, 181, 182, 183, 184, 185, 186, 187, 188, 189, 190, 191, 192, 193, 194, 195, 196, 197, 198, 199, 200, 201, 202, 203, 204, 205, 206, 207, 208, 209, 210, 211, 212, 213, 214, 215, 216, 217, 218, 219, 220, 221, 222, 223, 224, 225, 226, 227, 228, 229, 230, 231, 232, 233, 234, 235, 236, 237, 238, 239, 240, 241, 242, 243, 244, 245, 246, 247, 248, 249, 250, 251, 252, 253, 254, 255, 256, 257, 258, 259, 260, 261, 262, 263, 264, 265, 266, 267, 268, 269, 270, 271, 272, 273, 274, 275, 276, 277, 278, 279, 280, 281, 282, 283, 284, 285, 286, 287, 288, 289, 290, 291, 292, 293, 294, 295, 296, 297, 298, 299, 300, 301, 302, 303, 304, 305, 306, 307, 308, 309, 310, 311, 312, 313, 314, 315, 316, 317, 318, 319, 320, 321, 322, 323, 324, 325, 326, 327, 328, 329, 330, 331, 332, 333, 334, 335, 336, 337, 354, 355, 367, 374, 379, 388, 389, 425, 454, 458, 461, 463, 475, 487, 497, 498, 499, 512, 530, 531, 532, 533, 534, 536, 573, 574, 575, 576, 577, 578, 579, 580, 581, 582, 583, 584, 585, 586, 587, 588, 589, 590, 591, 592, 593, 594, 595, 596, 597, 598, 599, 600, 601, 602, 603, 604, 605, 606, 607, 608, 609, 610, 611, 612, 613, 614, 615, 616, 617, 618, 619, 620, 621, 622, 623, 624, 625, 626, 627, 628, 629, 630, 631, 632, 633, 634, 635, 636, 637, 638, 639, 640, 641, 642, 643, 644, 645, 646, 647, 648, 649, 650, 651, 652, 653, 654, 655, 656, 657, 658, 659, 660, 661, 662, 663, 664, 665, 666, 667, 668, 669, 670, 671, 672, 673, 674, 675, 676, 677, 678, 679, 680, 681, 682, 683, 684, 685, 686, 687, 688, 689, 690, 691, 692, 693, 694, 695, 696, 697, 698, 699, 700, 701, 702, 703, 704, 705, 706, 707, 708, 709, 710, 711, 712, 713, 714, 715, 716, 717, 718, 719, 720, 721, 722, 723, 724, 725, 726, 727, 728, 729, 730, 731, 732, 733, 734, 735, 736, 737, 738, 739, 740, 741, 742, 743, 744, 745, 746, 747, 748, 749, 750, 751, 752, 753, 754, 755, 756, 757, 758, 759, 760, 761, 762, 763, 764, 765, 766, 767, 768, 769, 770, 771, 772, 773, 774, 775, 776, 777, 778, 779, 780, 781, 782, 783, 784, 785, 786, 787, 788, 789, 790, 791, 792, 793, 809, 810, 818, 824, 829, 838, 839, 877, 901, 903, 905, 908, 910, 923]",True,"[225, 689]","[103, 104, 105, 106, 107, 108, 109, 110, 111, 112, 113, 114, 115, 116, 117, 118, 119, 120, 121, 122, 123, 124, 125, 126, 127, 128, 129, 130, 131, 132, 133, 134, 135, 136, 137, 138, 139, 140, 141, 142, 143, 144, 145, 146, 147, 148, 149, 150, 151, 152, 153, 154, 155, 156, 157, 158, 159, 160, 161, 162, 163, 164, 165, 166, 167, 168, 169, 170, 171, 172, 173, 174, 175, 176, 177, 178, 179, 180, 181, 182, 183, 184, 185, 186, 187, 188, 189, 190, 191, 192, 193, 194, 195, 196, 197, 198, 199, 200, 201, 202, 203, 204, 205, 206, 207, 208, 209, 210, 211, 212, 213, 214, 215, 216, 217, 218, 219, 220, 221, 222, 223, 224, 225, 226, 227, 228, 229, 230, 231, 232, 233, 234, 235, 236, 237, 238, 239, 240, 241, 242, 243, 244, 245, 246, 247, 248, 249, 250, 251, 252, 253, 254, 255, 256, 257, 258, 259, 260, 261, 262, 263, 264, 265, 266, 267, 268, 269, 270, 271, 272, 273, 274, 275, 276, 277, 278, 279, 280, 281, 282, 283, 284, 285, 286, 287, 288, 289, 290, 291, 292, 293, 294, 295, 296, 297, 298, 299, 300, 301, 302, 303, 304, 305, 306, 307, 308, 309, 310, 311, 312, 313, 314, 315, 316, 317, 318, 319, 320, 321, 322, 323, 324, 325, 326, 327, 328, 329, 330, 331, 332, 333, 334, 335, 336, 337, 574, 575, 576, 577, 578, 579, 580, 581, 582, 583, 584, 585, 586, 587, 588, 589, 590, 591, 592, 593, 594, 595, 596, 597, 598, 599, 600, 601, 602, 603, 604, 605, 606, 607, 608, 609, 610, 611, 612, 613, 614, 615, 616, 617, 618, 619, 620, 621, 622, 623, 624, 625, 626, 627, 628, 629, 630, 631, 632, 633, 634, 635, 636, 637, 638, 639, 640, 641, 642, 643, 644, 645, 646, 647, 648, 649, 650, 651, 652, 653, 654, 655, 656, 657, 658, 659, 660, 661, 662, 663, 664, 665, 666, 667, 668, 669, 670, 671, 672, 673, 674, 675, 676, 677, 678, 679, 680, 681, 682, 683, 684, 685, 686, 687, 688, 689, 690, 691, 692, 693, 694, 695, 696, 697, 698, 699, 700, 701, 702, 703, 704, 705, 706, 707, 708, 709, 710, 711, 712, 713, 714, 715, 716, 717, 718, 719, 720, 721, 722, 723, 724, 725, 726, 727, 728, 729, 730, 731, 732, 733, 734, 735, 736, 737, 738, 739, 740, 741, 742, 743, 744, 745, 746, 747, 748, 749, 750, 751, 752, 753, 754, 755, 756, 757, 758, 759, 760, 761, 762, 763, 764, 765, 766, 767, 768, 769, 770, 771, 772, 773, 774, 775, 776, 777, 778, 779, 780, 781, 782, 783, 784, 785, 786, 787, 788, 789, 790, 791, 792, 793]","[225, 689]","[204, 219, 225, 249, 355, 367, 374, 674, 689, 712, 810, 818, 824]","[12, 54, 103, 104, 106, 117, 118, 120, 127, 128, 129, 131, 133, 135, 136, 137, 139, 146, 147, 148, 149, 151, 158, 160, 162, 166, 173, 178, 179, 185, 190, 192, 198, 201, 203, 204, 206, 207, 212, 213, 214, 219, 223, 224, 225, 227, 230, 235, 237, 246, 247, 256, 259, 262, 263, 266, 268, 269, 271, 272, 278, 279, 284, 285, 288, 290, 292, 304, 312, 316, 319, 320, 323, 324, 332, 461, 497, 530, 574, 575, 588, 591, 607, 608, 610, 618, 619, 620, 622, 632, 644, 649, 650, 656, 661, 663, 669, 674, 677, 683, 684, 687, 688, 689, 701, 710, 723, 730, 731, 738, 747, 751, 762, 774, 778, 789, 908]","[1, 13, 14, 29, 54, 55, 56, 57, 58, 60, 102, 118, 125, 127, 130, 134, 146, 149, 153, 175, 182, 187, 189, 191, 197, 225, 230, 238, 264, 265, 266, 286, 302, 317, 336, 354, 379, 388, 389, 425, 454, 458, 463, 475, 487, 498, 499, 512, 530, 531, 532, 533, 534, 536, 573, 589, 596, 598, 601, 605, 617, 620, 624, 646, 653, 658, 660, 662, 668, 689, 694, 702, 724, 725, 745, 760, 775, 793, 809, 829, 838, 839, 877, 901, 903, 905, 910, 923]","[1, 13, 14, 29, 54, 55, 56, 57, 58, 60, 102, 118, 125, 127, 130, 134, 146, 149, 153, 175, 182, 187, 189, 191, 197, 225, 230, 238, 264, 265, 266, 286, 302, 317, 336, 379, 388, 389, 425, 454, 458, 463, 475, 487, 498, 499, 512, 530, 531, 532, 533, 534, 536, 573, 589, 596, 598, 601, 605, 617, 620, 624, 646, 653, 658, 660, 662, 668, 689, 694, 702, 724, 725, 745, 760, 775, 793, 829, 838, 839, 877, 901, 903, 905, 910, 923]",7/6 successful match,True,"[140, 141]",True,744,False,,0.6379310344827587,True,"Ghost Town Mini - Mart 113 , 1/2 ( Shell mi ) S )",Shell
Riverside ( 92509 ) MGM Shell,5 951-685-8893 CA 60 Exit 46 ( Pyrite N ),24 D,Riverside,92509,MGM Shell,951-685-8893,2015,Riverside,CA,Shell,( Pyrite N ),CA 60 Exit 46 ,Exit,46,False,,False,CA 60,,,,,"[225, 689]","[225, 689]","[225, 689]","[204, 219, 225, 249, 355, 367, 374, 674, 689, 712, 810, 818, 824]","[103, 104, 105, 106, 107, 108, 109, 110, 111, 112, 113, 114, 115, 116, 117, 118, 119, 120, 121, 122, 123, 124, 125, 126, 127, 128, 129, 130, 131, 132, 133, 134, 135, 136, 137, 138, 139, 140, 141, 142, 143, 144, 145, 146, 147, 148, 149, 150, 151, 152, 153, 154, 155, 156, 157, 158, 159, 160, 161, 162, 163, 164, 165, 166, 167, 168, 169, 170, 171, 172, 173, 174, 175, 176, 177, 178, 179, 180, 181, 182, 183, 184, 185, 186, 187, 188, 189, 190, 191, 192, 193, 194, 195, 196, 197, 198, 199, 200, 201, 202, 203, 204, 205, 206, 207, 208, 209, 210, 211, 212, 213, 214, 215, 216, 217, 218, 219, 220, 221, 222, 223, 224, 225, 226, 227, 228, 229, 230, 231, 232, 233, 234, 235, 236, 237, 238, 239, 240, 241, 242, 243, 244, 245, 246, 247, 248, 249, 250, 251, 252, 253, 254, 255, 256, 257, 258, 259, 260, 261, 262, 263, 264, 265, 266, 267, 268, 269, 270, 271, 272, 273, 274, 275, 276, 277, 278, 279, 280, 281, 282, 283, 284, 285, 286, 287, 288, 289, 290, 291, 292, 293, 294, 295, 296, 297, 298, 299, 300, 301, 302, 303, 304, 305, 306, 307, 308, 309, 310, 311, 312, 313, 314, 315, 316, 317, 318, 319, 320, 321, 322, 323, 324, 325, 326, 327, 328, 329, 330, 331, 332, 333, 334, 335, 336, 337, 574, 575, 576, 577, 578, 579, 580, 581, 582, 583, 584, 585, 586, 587, 588, 589, 590, 591, 592, 593, 594, 595, 596, 597, 598, 599, 600, 601, 602, 603, 604, 605, 606, 607, 608, 609, 610, 611, 612, 613, 614, 615, 616, 617, 618, 619, 620, 621, 622, 623, 624, 625, 626, 627, 628, 629, 630, 631, 632, 633, 634, 635, 636, 637, 638, 639, 640, 641, 642, 643, 644, 645, 646, 647, 648, 649, 650, 651, 652, 653, 654, 655, 656, 657, 658, 659, 660, 661, 662, 663, 664, 665, 666, 667, 668, 669, 670, 671, 672, 673, 674, 675, 676, 677, 678, 679, 680, 681, 682, 683, 684, 685, 686, 687, 688, 689, 690, 691, 692, 693, 694, 695, 696, 697, 698, 699, 700, 701, 702, 703, 704, 705, 706, 707, 708, 709, 710, 711, 712, 713, 714, 715, 716, 717, 718, 719, 720, 721, 722, 723, 724, 725, 726, 727, 728, 729, 730, 731, 732, 733, 734, 735, 736, 737, 738, 739, 740, 741, 742, 743, 744, 745, 746, 747, 748, 749, 750, 751, 752, 753, 754, 755, 756, 757, 758, 759, 760, 761, 762, 763, 764, 765, 766, 767, 768, 769, 770, 771, 772, 773, 774, 775, 776, 777, 778, 779, 780, 781, 782, 783, 784, 785, 786, 787, 788, 789, 790, 791, 792, 793]","[12, 54, 103, 104, 106, 117, 118, 120, 127, 128, 129, 131, 133, 135, 136, 137, 139, 146, 147, 148, 149, 151, 158, 160, 162, 166, 173, 178, 179, 185, 190, 192, 198, 201, 203, 204, 206, 207, 212, 213, 214, 219, 223, 224, 225, 227, 230, 235, 237, 246, 247, 256, 259, 262, 263, 266, 268, 269, 271, 272, 278, 279, 284, 285, 288, 290, 292, 304, 312, 316, 319, 320, 323, 324, 332, 461, 497, 530, 574, 575, 588, 591, 607, 608, 610, 618, 619, 620, 622, 632, 644, 649, 650, 656, 661, 663, 669, 674, 677, 683, 684, 687, 688, 689, 701, 710, 723, 730, 731, 738, 747, 751, 762, 774, 778, 789, 908]","[1, 13, 14, 29, 54, 55, 56, 57, 58, 60, 102, 118, 125, 127, 130, 134, 146, 149, 153, 175, 182, 187, 189, 191, 197, 225, 230, 238, 264, 265, 266, 286, 302, 317, 336, 379, 388, 389, 425, 454, 458, 463, 475, 487, 498, 499, 512, 530, 531, 532, 533, 534, 536, 573, 589, 596, 598, 601, 605, 617, 620, 624, 646, 653, 658, 660, 662, 668, 689, 694, 702, 724, 725, 745, 760, 775, 793, 829, 838, 839, 877, 901, 903, 905, 910, 923]","[1, 13, 14, 29, 54, 55, 56, 57, 58, 60, 102, 118, 125, 127, 130, 134, 146, 149, 153, 175, 182, 187, 189, 191, 197, 225, 230, 238, 264, 265, 266, 286, 302, 317, 336, 354, 379, 388, 389, 425, 454, 458, 463, 475, 487, 498, 499, 512, 530, 531, 532, 533, 534, 536, 573, 589, 596, 598, 601, 605, 617, 620, 624, 646, 653, 658, 660, 662, 668, 689, 694, 702, 724, 725, 745, 760, 775, 793, 809, 829, 838, 839, 877, 901, 903, 905, 910, 923]","[1, 12, 13, 14, 29, 54, 55, 56, 57, 58, 60, 102, 103, 104, 105, 106, 107, 108, 109, 110, 111, 112, 113, 114, 115, 116, 117, 118, 119, 120, 121, 122, 123, 124, 125, 126, 127, 128, 129, 130, 131, 132, 133, 134, 135, 136, 137, 138, 139, 140, 141, 142, 143, 144, 145, 146, 147, 148, 149, 150, 151, 152, 153, 154, 155, 156, 157, 158, 159, 160, 161, 162, 163, 164, 165, 166, 167, 168, 169, 170, 171, 172, 173, 174, 175, 176, 177, 178, 179, 180, 181, 182, 183, 184, 185, 186, 187, 188, 189, 190, 191, 192, 193, 194, 195, 196, 197, 198, 199, 200, 201, 202, 203, 204, 205, 206, 207, 208, 209, 210, 211, 212, 213, 214, 215, 216, 217, 218, 219, 220, 221, 222, 223, 224, 225, 226, 227, 228, 229, 230, 231, 232, 233, 234, 235, 236, 237, 238, 239, 240, 241, 242, 243, 244, 245, 246, 247, 248, 249, 250, 251, 252, 253, 254, 255, 256, 257, 258, 259, 260, 261, 262, 263, 264, 265, 266, 267, 268, 269, 270, 271, 272, 273, 274, 275, 276, 277, 278, 279, 280, 281, 282, 283, 284, 285, 286, 287, 288, 289, 290, 291, 292, 293, 294, 295, 296, 297, 298, 299, 300, 301, 302, 303, 304, 305, 306, 307, 308, 309, 310, 311, 312, 313, 314, 315, 316, 317, 318, 319, 320, 321, 322, 323, 324, 325, 326, 327, 328, 329, 330, 331, 332, 333, 334, 335, 336, 337, 354, 355, 367, 374, 379, 388, 389, 425, 454, 458, 461, 463, 475, 487, 497, 498, 499, 512, 530, 531, 532, 533, 534, 536, 573, 574, 575, 576, 577, 578, 579, 580, 581, 582, 583, 584, 585, 586, 587, 588, 589, 590, 591, 592, 593, 594, 595, 596, 597, 598, 599, 600, 601, 602, 603, 604, 605, 606, 607, 608, 609, 610, 611, 612, 613, 614, 615, 616, 617, 618, 619, 620, 621, 622, 623, 624, 625, 626, 627, 628, 629, 630, 631, 632, 633, 634, 635, 636, 637, 638, 639, 640, 641, 642, 643, 644, 645, 646, 647, 648, 649, 650, 651, 652, 653, 654, 655, 656, 657, 658, 659, 660, 661, 662, 663, 664, 665, 666, 667, 668, 669, 670, 671, 672, 673, 674, 675, 676, 677, 678, 679, 680, 681, 682, 683, 684, 685, 686, 687, 688, 689, 690, 691, 692, 693, 694, 695, 696, 697, 698, 699, 700, 701, 702, 703, 704, 705, 706, 707, 708, 709, 710, 711, 712, 713, 714, 715, 716, 717, 718, 719, 720, 721, 722, 723, 724, 725, 726, 727, 728, 729, 730, 731, 732, 733, 734, 735, 736, 737, 738, 739, 740, 741, 742, 743, 744, 745, 746, 747, 748, 749, 750, 751, 752, 753, 754, 755, 756, 757, 758, 759, 760, 761, 762, 763, 764, 765, 766, 767, 768, 769, 770, 771, 772, 773, 774, 775, 776, 777, 778, 779, 780, 781, 782, 783, 784, 785, 786, 787, 788, 789, 790, 791, 792, 793, 809, 810, 818, 824, 829, 838, 839, 877, 901, 903, 905, 908, 910, 923]",True,"[225, 689]","[103, 104, 105, 106, 107, 108, 109, 110, 111, 112, 113, 114, 115, 116, 117, 118, 119, 120, 121, 122, 123, 124, 125, 126, 127, 128, 129, 130, 131, 132, 133, 134, 135, 136, 137, 138, 139, 140, 141, 142, 143, 144, 145, 146, 147, 148, 149, 150, 151, 152, 153, 154, 155, 156, 157, 158, 159, 160, 161, 162, 163, 164, 165, 166, 167, 168, 169, 170, 171, 172, 173, 174, 175, 176, 177, 178, 179, 180, 181, 182, 183, 184, 185, 186, 187, 188, 189, 190, 191, 192, 193, 194, 195, 196, 197, 198, 199, 200, 201, 202, 203, 204, 205, 206, 207, 208, 209, 210, 211, 212, 213, 214, 215, 216, 217, 218, 219, 220, 221, 222, 223, 224, 225, 226, 227, 228, 229, 230, 231, 232, 233, 234, 235, 236, 237, 238, 239, 240, 241, 242, 243, 244, 245, 246, 247, 248, 249, 250, 251, 252, 253, 254, 255, 256, 257, 258, 259, 260, 261, 262, 263, 264, 265, 266, 267, 268, 269, 270, 271, 272, 273, 274, 275, 276, 277, 278, 279, 280, 281, 282, 283, 284, 285, 286, 287, 288, 289, 290, 291, 292, 293, 294, 295, 296, 297, 298, 299, 300, 301, 302, 303, 304, 305, 306, 307, 308, 309, 310, 311, 312, 313, 314, 315, 316, 317, 318, 319, 320, 321, 322, 323, 324, 325, 326, 327, 328, 329, 330, 331, 332, 333, 334, 335, 336, 337, 574, 575, 576, 577, 578, 579, 580, 581, 582, 583, 584, 585, 586, 587, 588, 589, 590, 591, 592, 593, 594, 595, 596, 597, 598, 599, 600, 601, 602, 603, 604, 605, 606, 607, 608, 609, 610, 611, 612, 613, 614, 615, 616, 617, 618, 619, 620, 621, 622, 623, 624, 625, 626, 627, 628, 629, 630, 631, 632, 633, 634, 635, 636, 637, 638, 639, 640, 641, 642, 643, 644, 645, 646, 647, 648, 649, 650, 651, 652, 653, 654, 655, 656, 657, 658, 659, 660, 661, 662, 663, 664, 665, 666, 667, 668, 669, 670, 671, 672, 673, 674, 675, 676, 677, 678, 679, 680, 681, 682, 683, 684, 685, 686, 687, 688, 689, 690, 691, 692, 693, 694, 695, 696, 697, 698, 699, 700, 701, 702, 703, 704, 705, 706, 707, 708, 709, 710, 711, 712, 713, 714, 715, 716, 717, 718, 719, 720, 721, 722, 723, 724, 725, 726, 727, 728, 729, 730, 731, 732, 733, 734, 735, 736, 737, 738, 739, 740, 741, 742, 743, 744, 745, 746, 747, 748, 749, 750, 751, 752, 753, 754, 755, 756, 757, 758, 759, 760, 761, 762, 763, 764, 765, 766, 767, 768, 769, 770, 771, 772, 773, 774, 775, 776, 777, 778, 779, 780, 781, 782, 783, 784, 785, 786, 787, 788, 789, 790, 791, 792, 793]","[225, 689]","[204, 219, 225, 249, 355, 367, 374, 674, 689, 712, 810, 818, 824]","[12, 54, 103, 104, 106, 117, 118, 120, 127, 128, 129, 131, 133, 135, 136, 137, 139, 146, 147, 148, 149, 151, 158, 160, 162, 166, 173, 178, 179, 185, 190, 192, 198, 201, 203, 204, 206, 207, 212, 213, 214, 219, 223, 224, 225, 227, 230, 235, 237, 246, 247, 256, 259, 262, 263, 266, 268, 269, 271, 272, 278, 279, 284, 285, 288, 290, 292, 304, 312, 316, 319, 320, 323, 324, 332, 461, 497, 530, 574, 575, 588, 591, 607, 608, 610, 618, 619, 620, 622, 632, 644, 649, 650, 656, 661, 663, 669, 674, 677, 683, 684, 687, 688, 689, 701, 710, 723, 730, 731, 738, 747, 751, 762, 774, 778, 789, 908]","[1, 13, 14, 29, 54, 55, 56, 57, 58, 60, 102, 118, 125, 127, 130, 134, 146, 149, 153, 175, 182, 187, 189, 191, 197, 225, 230, 238, 264, 265, 266, 286, 302, 317, 336, 354, 379, 388, 389, 425, 454, 458, 463, 475, 487, 498, 499, 512, 530, 531, 532, 533, 534, 536, 573, 589, 596, 598, 601, 605, 617, 620, 624, 646, 653, 658, 660, 662, 668, 689, 694, 702, 724, 725, 745, 760, 775, 793, 809, 829, 838, 839, 877, 901, 903, 905, 910, 923]","[1, 13, 14, 29, 54, 55, 56, 57, 58, 60, 102, 118, 125, 127, 130, 134, 146, 149, 153, 175, 182, 187, 189, 191, 197, 225, 230, 238, 264, 265, 266, 286, 302, 317, 336, 379, 388, 389, 425, 454, 458, 463, 475, 487, 498, 499, 512, 530, 531, 532, 533, 534, 536, 573, 589, 596, 598, 601, 605, 617, 620, 624, 646, 653, 658, 660, 662, 668, 689, 694, 702, 724, 725, 745, 760, 775, 793, 829, 838, 839, 877, 901, 903, 905, 910, 923]",7/6 successful match,True,"[140, 141]",True,744,False,,1.0,True,MGM Shell,Shell
Riverside ( 92509 ) MGM Shell,951-685-8893 CA 60 Exit 46 ( Pyrite N ),24 8 <U+2610>,Riverside,92509,MGM Shell,951-685-8893,2016,Riverside,CA,Shell,( Pyrite N ),CA 60 Exit 46 ,Exit,46,False,,False,CA 60,,,,,"[225, 689]","[225, 689]","[225, 689]","[204, 219, 225, 249, 355, 367, 374, 674, 689, 712, 810, 818, 824]","[103, 104, 105, 106, 107, 108, 109, 110, 111, 112, 113, 114, 115, 116, 117, 118, 119, 120, 121, 122, 123, 124, 125, 126, 127, 128, 129, 130, 131, 132, 133, 134, 135, 136, 137, 138, 139, 140, 141, 142, 143, 144, 145, 146, 147, 148, 149, 150, 151, 152, 153, 154, 155, 156, 157, 158, 159, 160, 161, 162, 163, 164, 165, 166, 167, 168, 169, 170, 171, 172, 173, 174, 175, 176, 177, 178, 179, 180, 181, 182, 183, 184, 185, 186, 187, 188, 189, 190, 191, 192, 193, 194, 195, 196, 197, 198, 199, 200, 201, 202, 203, 204, 205, 206, 207, 208, 209, 210, 211, 212, 213, 214, 215, 216, 217, 218, 219, 220, 221, 222, 223, 224, 225, 226, 227, 228, 229, 230, 231, 232, 233, 234, 235, 236, 237, 238, 239, 240, 241, 242, 243, 244, 245, 246, 247, 248, 249, 250, 251, 252, 253, 254, 255, 256, 257, 258, 259, 260, 261, 262, 263, 264, 265, 266, 267, 268, 269, 270, 271, 272, 273, 274, 275, 276, 277, 278, 279, 280, 281, 282, 283, 284, 285, 286, 287, 288, 289, 290, 291, 292, 293, 294, 295, 296, 297, 298, 299, 300, 301, 302, 303, 304, 305, 306, 307, 308, 309, 310, 311, 312, 313, 314, 315, 316, 317, 318, 319, 320, 321, 322, 323, 324, 325, 326, 327, 328, 329, 330, 331, 332, 333, 334, 335, 336, 337, 574, 575, 576, 577, 578, 579, 580, 581, 582, 583, 584, 585, 586, 587, 588, 589, 590, 591, 592, 593, 594, 595, 596, 597, 598, 599, 600, 601, 602, 603, 604, 605, 606, 607, 608, 609, 610, 611, 612, 613, 614, 615, 616, 617, 618, 619, 620, 621, 622, 623, 624, 625, 626, 627, 628, 629, 630, 631, 632, 633, 634, 635, 636, 637, 638, 639, 640, 641, 642, 643, 644, 645, 646, 647, 648, 649, 650, 651, 652, 653, 654, 655, 656, 657, 658, 659, 660, 661, 662, 663, 664, 665, 666, 667, 668, 669, 670, 671, 672, 673, 674, 675, 676, 677, 678, 679, 680, 681, 682, 683, 684, 685, 686, 687, 688, 689, 690, 691, 692, 693, 694, 695, 696, 697, 698, 699, 700, 701, 702, 703, 704, 705, 706, 707, 708, 709, 710, 711, 712, 713, 714, 715, 716, 717, 718, 719, 720, 721, 722, 723, 724, 725, 726, 727, 728, 729, 730, 731, 732, 733, 734, 735, 736, 737, 738, 739, 740, 741, 742, 743, 744, 745, 746, 747, 748, 749, 750, 751, 752, 753, 754, 755, 756, 757, 758, 759, 760, 761, 762, 763, 764, 765, 766, 767, 768, 769, 770, 771, 772, 773, 774, 775, 776, 777, 778, 779, 780, 781, 782, 783, 784, 785, 786, 787, 788, 789, 790, 791, 792, 793]","[12, 54, 103, 104, 106, 117, 118, 120, 127, 128, 129, 131, 133, 135, 136, 137, 139, 146, 147, 148, 149, 151, 158, 160, 162, 166, 173, 178, 179, 185, 190, 192, 198, 201, 203, 204, 206, 207, 212, 213, 214, 219, 223, 224, 225, 227, 230, 235, 237, 246, 247, 256, 259, 262, 263, 266, 268, 269, 271, 272, 278, 279, 284, 285, 288, 290, 292, 304, 312, 316, 319, 320, 323, 324, 332, 461, 497, 530, 574, 575, 588, 591, 607, 608, 610, 618, 619, 620, 622, 632, 644, 649, 650, 656, 661, 663, 669, 674, 677, 683, 684, 687, 688, 689, 701, 710, 723, 730, 731, 738, 747, 751, 762, 774, 778, 789, 908]","[1, 13, 14, 29, 54, 55, 56, 57, 58, 60, 102, 118, 125, 127, 130, 134, 146, 149, 153, 175, 182, 187, 189, 191, 197, 225, 230, 238, 264, 265, 266, 286, 302, 317, 336, 379, 388, 389, 425, 454, 458, 463, 475, 487, 498, 499, 512, 530, 531, 532, 533, 534, 536, 573, 589, 596, 598, 601, 605, 617, 620, 624, 646, 653, 658, 660, 662, 668, 689, 694, 702, 724, 725, 745, 760, 775, 793, 829, 838, 839, 877, 901, 903, 905, 910, 923]","[1, 13, 14, 29, 54, 55, 56, 57, 58, 60, 102, 118, 125, 127, 130, 134, 146, 149, 153, 175, 182, 187, 189, 191, 197, 225, 230, 238, 264, 265, 266, 286, 302, 317, 336, 354, 379, 388, 389, 425, 454, 458, 463, 475, 487, 498, 499, 512, 530, 531, 532, 533, 534, 536, 573, 589, 596, 598, 601, 605, 617, 620, 624, 646, 653, 658, 660, 662, 668, 689, 694, 702, 724, 725, 745, 760, 775, 793, 809, 829, 838, 839, 877, 901, 903, 905, 910, 923]","[1, 12, 13, 14, 29, 54, 55, 56, 57, 58, 60, 102, 103, 104, 105, 106, 107, 108, 109, 110, 111, 112, 113, 114, 115, 116, 117, 118, 119, 120, 121, 122, 123, 124, 125, 126, 127, 128, 129, 130, 131, 132, 133, 134, 135, 136, 137, 138, 139, 140, 141, 142, 143, 144, 145, 146, 147, 148, 149, 150, 151, 152, 153, 154, 155, 156, 157, 158, 159, 160, 161, 162, 163, 164, 165, 166, 167, 168, 169, 170, 171, 172, 173, 174, 175, 176, 177, 178, 179, 180, 181, 182, 183, 184, 185, 186, 187, 188, 189, 190, 191, 192, 193, 194, 195, 196, 197, 198, 199, 200, 201, 202, 203, 204, 205, 206, 207, 208, 209, 210, 211, 212, 213, 214, 215, 216, 217, 218, 219, 220, 221, 222, 223, 224, 225, 226, 227, 228, 229, 230, 231, 232, 233, 234, 235, 236, 237, 238, 239, 240, 241, 242, 243, 244, 245, 246, 247, 248, 249, 250, 251, 252, 253, 254, 255, 256, 257, 258, 259, 260, 261, 262, 263, 264, 265, 266, 267, 268, 269, 270, 271, 272, 273, 274, 275, 276, 277, 278, 279, 280, 281, 282, 283, 284, 285, 286, 287, 288, 289, 290, 291, 292, 293, 294, 295, 296, 297, 298, 299, 300, 301, 302, 303, 304, 305, 306, 307, 308, 309, 310, 311, 312, 313, 314, 315, 316, 317, 318, 319, 320, 321, 322, 323, 324, 325, 326, 327, 328, 329, 330, 331, 332, 333, 334, 335, 336, 337, 354, 355, 367, 374, 379, 388, 389, 425, 454, 458, 461, 463, 475, 487, 497, 498, 499, 512, 530, 531, 532, 533, 534, 536, 573, 574, 575, 576, 577, 578, 579, 580, 581, 582, 583, 584, 585, 586, 587, 588, 589, 590, 591, 592, 593, 594, 595, 596, 597, 598, 599, 600, 601, 602, 603, 604, 605, 606, 607, 608, 609, 610, 611, 612, 613, 614, 615, 616, 617, 618, 619, 620, 621, 622, 623, 624, 625, 626, 627, 628, 629, 630, 631, 632, 633, 634, 635, 636, 637, 638, 639, 640, 641, 642, 643, 644, 645, 646, 647, 648, 649, 650, 651, 652, 653, 654, 655, 656, 657, 658, 659, 660, 661, 662, 663, 664, 665, 666, 667, 668, 669, 670, 671, 672, 673, 674, 675, 676, 677, 678, 679, 680, 681, 682, 683, 684, 685, 686, 687, 688, 689, 690, 691, 692, 693, 694, 695, 696, 697, 698, 699, 700, 701, 702, 703, 704, 705, 706, 707, 708, 709, 710, 711, 712, 713, 714, 715, 716, 717, 718, 719, 720, 721, 722, 723, 724, 725, 726, 727, 728, 729, 730, 731, 732, 733, 734, 735, 736, 737, 738, 739, 740, 741, 742, 743, 744, 745, 746, 747, 748, 749, 750, 751, 752, 753, 754, 755, 756, 757, 758, 759, 760, 761, 762, 763, 764, 765, 766, 767, 768, 769, 770, 771, 772, 773, 774, 775, 776, 777, 778, 779, 780, 781, 782, 783, 784, 785, 786, 787, 788, 789, 790, 791, 792, 793, 809, 810, 818, 824, 829, 838, 839, 877, 901, 903, 905, 908, 910, 923]",True,"[225, 689]","[103, 104, 105, 106, 107, 108, 109, 110, 111, 112, 113, 114, 115, 116, 117, 118, 119, 120, 121, 122, 123, 124, 125, 126, 127, 128, 129, 130, 131, 132, 133, 134, 135, 136, 137, 138, 139, 140, 141, 142, 143, 144, 145, 146, 147, 148, 149, 150, 151, 152, 153, 154, 155, 156, 157, 158, 159, 160, 161, 162, 163, 164, 165, 166, 167, 168, 169, 170, 171, 172, 173, 174, 175, 176, 177, 178, 179, 180, 181, 182, 183, 184, 185, 186, 187, 188, 189, 190, 191, 192, 193, 194, 195, 196, 197, 198, 199, 200, 201, 202, 203, 204, 205, 206, 207, 208, 209, 210, 211, 212, 213, 214, 215, 216, 217, 218, 219, 220, 221, 222, 223, 224, 225, 226, 227, 228, 229, 230, 231, 232, 233, 234, 235, 236, 237, 238, 239, 240, 241, 242, 243, 244, 245, 246, 247, 248, 249, 250, 251, 252, 253, 254, 255, 256, 257, 258, 259, 260, 261, 262, 263, 264, 265, 266, 267, 268, 269, 270, 271, 272, 273, 274, 275, 276, 277, 278, 279, 280, 281, 282, 283, 284, 285, 286, 287, 288, 289, 290, 291, 292, 293, 294, 295, 296, 297, 298, 299, 300, 301, 302, 303, 304, 305, 306, 307, 308, 309, 310, 311, 312, 313, 314, 315, 316, 317, 318, 319, 320, 321, 322, 323, 324, 325, 326, 327, 328, 329, 330, 331, 332, 333, 334, 335, 336, 337, 574, 575, 576, 577, 578, 579, 580, 581, 582, 583, 584, 585, 586, 587, 588, 589, 590, 591, 592, 593, 594, 595, 596, 597, 598, 599, 600, 601, 602, 603, 604, 605, 606, 607, 608, 609, 610, 611, 612, 613, 614, 615, 616, 617, 618, 619, 620, 621, 622, 623, 624, 625, 626, 627, 628, 629, 630, 631, 632, 633, 634, 635, 636, 637, 638, 639, 640, 641, 642, 643, 644, 645, 646, 647, 648, 649, 650, 651, 652, 653, 654, 655, 656, 657, 658, 659, 660, 661, 662, 663, 664, 665, 666, 667, 668, 669, 670, 671, 672, 673, 674, 675, 676, 677, 678, 679, 680, 681, 682, 683, 684, 685, 686, 687, 688, 689, 690, 691, 692, 693, 694, 695, 696, 697, 698, 699, 700, 701, 702, 703, 704, 705, 706, 707, 708, 709, 710, 711, 712, 713, 714, 715, 716, 717, 718, 719, 720, 721, 722, 723, 724, 725, 726, 727, 728, 729, 730, 731, 732, 733, 734, 735, 736, 737, 738, 739, 740, 741, 742, 743, 744, 745, 746, 747, 748, 749, 750, 751, 752, 753, 754, 755, 756, 757, 758, 759, 760, 761, 762, 763, 764, 765, 766, 767, 768, 769, 770, 771, 772, 773, 774, 775, 776, 777, 778, 779, 780, 781, 782, 783, 784, 785, 786, 787, 788, 789, 790, 791, 792, 793]","[225, 689]","[204, 219, 225, 249, 355, 367, 374, 674, 689, 712, 810, 818, 824]","[12, 54, 103, 104, 106, 117, 118, 120, 127, 128, 129, 131, 133, 135, 136, 137, 139, 146, 147, 148, 149, 151, 158, 160, 162, 166, 173, 178, 179, 185, 190, 192, 198, 201, 203, 204, 206, 207, 212, 213, 214, 219, 223, 224, 225, 227, 230, 235, 237, 246, 247, 256, 259, 262, 263, 266, 268, 269, 271, 272, 278, 279, 284, 285, 288, 290, 292, 304, 312, 316, 319, 320, 323, 324, 332, 461, 497, 530, 574, 575, 588, 591, 607, 608, 610, 618, 619, 620, 622, 632, 644, 649, 650, 656, 661, 663, 669, 674, 677, 683, 684, 687, 688, 689, 701, 710, 723, 730, 731, 738, 747, 751, 762, 774, 778, 789, 908]","[1, 13, 14, 29, 54, 55, 56, 57, 58, 60, 102, 118, 125, 127, 130, 134, 146, 149, 153, 175, 182, 187, 189, 191, 197, 225, 230, 238, 264, 265, 266, 286, 302, 317, 336, 354, 379, 388, 389, 425, 454, 458, 463, 475, 487, 498, 499, 512, 530, 531, 532, 533, 534, 536, 573, 589, 596, 598, 601, 605, 617, 620, 624, 646, 653, 658, 660, 662, 668, 689, 694, 702, 724, 725, 745, 760, 775, 793, 809, 829, 838, 839, 877, 901, 903, 905, 910, 923]","[1, 13, 14, 29, 54, 55, 56, 57, 58, 60, 102, 118, 125, 127, 130, 134, 146, 149, 153, 175, 182, 187, 189, 191, 197, 225, 230, 238, 264, 265, 266, 286, 302, 317, 336, 379, 388, 389, 425, 454, 458, 463, 475, 487, 498, 499, 512, 530, 531, 532, 533, 534, 536, 573, 589, 596, 598, 601, 605, 617, 620, 624, 646, 653, 658, 660, 662, 668, 689, 694, 702, 724, 725, 745, 760, 775, 793, 829, 838, 839, 877, 901, 903, 905, 910, 923]",7/6 successful match,True,"[140, 141]",True,744,False,,1.0,True,MGM Shell,Shell
Perris ( 92570 ) Travel Zone Center Cardlock ( Arco /,951-940-9200 I-215 Exit 22 ( Cajalco CFN ),) 24 <U+2610>,Perris,92570,Travel Zone Center Cardlock ( Arco /,951-940-9200,2014,Perris,CA,,( Cajalco CFN ),I-215 Exit 22 ,Exit,22,False,,False,I-215,,,,,"[315, 773]","[315, 318, 773, 776]","[140, 315, 318, 611, 773, 776]","[140, 315, 611, 773]","[103, 104, 105, 106, 107, 108, 109, 110, 111, 112, 113, 114, 115, 116, 117, 118, 119, 120, 121, 122, 123, 124, 125, 126, 127, 128, 129, 130, 131, 132, 133, 134, 135, 136, 137, 138, 139, 140, 141, 142, 143, 144, 145, 146, 147, 148, 149, 150, 151, 152, 153, 154, 155, 156, 157, 158, 159, 160, 161, 162, 163, 164, 165, 166, 167, 168, 169, 170, 171, 172, 173, 174, 175, 176, 177, 178, 179, 180, 181, 182, 183, 184, 185, 186, 187, 188, 189, 190, 191, 192, 193, 194, 195, 196, 197, 198, 199, 200, 201, 202, 203, 204, 205, 206, 207, 208, 209, 210, 211, 212, 213, 214, 215, 216, 217, 218, 219, 220, 221, 222, 223, 224, 225, 226, 227, 228, 229, 230, 231, 232, 233, 234, 235, 236, 237, 238, 239, 240, 241, 242, 243, 244, 245, 246, 247, 248, 249, 250, 251, 252, 253, 254, 255, 256, 257, 258, 259, 260, 261, 262, 263, 264, 265, 266, 267, 268, 269, 270, 271, 272, 273, 274, 275, 276, 277, 278, 279, 280, 281, 282, 283, 284, 285, 286, 287, 288, 289, 290, 291, 292, 293, 294, 295, 296, 297, 298, 299, 300, 301, 302, 303, 304, 305, 306, 307, 308, 309, 310, 311, 312, 313, 314, 315, 316, 317, 318, 319, 320, 321, 322, 323, 324, 325, 326, 327, 328, 329, 330, 331, 332, 333, 334, 335, 336, 337, 574, 575, 576, 577, 578, 579, 580, 581, 582, 583, 584, 585, 586, 587, 588, 589, 590, 591, 592, 593, 594, 595, 596, 597, 598, 599, 600, 601, 602, 603, 604, 605, 606, 607, 608, 609, 610, 611, 612, 613, 614, 615, 616, 617, 618, 619, 620, 621, 622, 623, 624, 625, 626, 627, 628, 629, 630, 631, 632, 633, 634, 635, 636, 637, 638, 639, 640, 641, 642, 643, 644, 645, 646, 647, 648, 649, 650, 651, 652, 653, 654, 655, 656, 657, 658, 659, 660, 661, 662, 663, 664, 665, 666, 667, 668, 669, 670, 671, 672, 673, 674, 675, 676, 677, 678, 679, 680, 681, 682, 683, 684, 685, 686, 687, 688, 689, 690, 691, 692, 693, 694, 695, 696, 697, 698, 699, 700, 701, 702, 703, 704, 705, 706, 707, 708, 709, 710, 711, 712, 713, 714, 715, 716, 717, 718, 719, 720, 721, 722, 723, 724, 725, 726, 727, 728, 729, 730, 731, 732, 733, 734, 735, 736, 737, 738, 739, 740, 741, 742, 743, 744, 745, 746, 747, 748, 749, 750, 751, 752, 753, 754, 755, 756, 757, 758, 759, 760, 761, 762, 763, 764, 765, 766, 767, 768, 769, 770, 771, 772, 773, 774, 775, 776, 777, 778, 779, 780, 781, 782, 783, 784, 785, 786, 787, 788, 789, 790, 791, 792, 793]","[140, 315, 318, 420, 446, 448, 450, 468, 611, 773, 776, 860, 872, 896, 915]",[],"[0, 13, 14, 120, 122, 200, 223, 226, 315, 382, 485, 498, 499, 591, 593, 625, 671, 687, 690, 773, 832]","[0, 13, 14, 103, 104, 105, 106, 107, 108, 109, 110, 111, 112, 113, 114, 115, 116, 117, 118, 119, 120, 121, 122, 123, 124, 125, 126, 127, 128, 129, 130, 131, 132, 133, 134, 135, 136, 137, 138, 139, 140, 141, 142, 143, 144, 145, 146, 147, 148, 149, 150, 151, 152, 153, 154, 155, 156, 157, 158, 159, 160, 161, 162, 163, 164, 165, 166, 167, 168, 169, 170, 171, 172, 173, 174, 175, 176, 177, 178, 179, 180, 181, 182, 183, 184, 185, 186, 187, 188, 189, 190, 191, 192, 193, 194, 195, 196, 197, 198, 199, 200, 201, 202, 203, 204, 205, 206, 207, 208, 209, 210, 211, 212, 213, 214, 215, 216, 217, 218, 219, 220, 221, 222, 223, 224, 225, 226, 227, 228, 229, 230, 231, 232, 233, 234, 235, 236, 237, 238, 239, 240, 241, 242, 243, 244, 245, 246, 247, 248, 249, 250, 251, 252, 253, 254, 255, 256, 257, 258, 259, 260, 261, 262, 263, 264, 265, 266, 267, 268, 269, 270, 271, 272, 273, 274, 275, 276, 277, 278, 279, 280, 281, 282, 283, 284, 285, 286, 287, 288, 289, 290, 291, 292, 293, 294, 295, 296, 297, 298, 299, 300, 301, 302, 303, 304, 305, 306, 307, 308, 309, 310, 311, 312, 313, 314, 315, 316, 317, 318, 319, 320, 321, 322, 323, 324, 325, 326, 327, 328, 329, 330, 331, 332, 333, 334, 335, 336, 337, 382, 420, 446, 448, 450, 468, 485, 498, 499, 574, 575, 576, 577, 578, 579, 580, 581, 582, 583, 584, 585, 586, 587, 588, 589, 590, 591, 592, 593, 594, 595, 596, 597, 598, 599, 600, 601, 602, 603, 604, 605, 606, 607, 608, 609, 610, 611, 612, 613, 614, 615, 616, 617, 618, 619, 620, 621, 622, 623, 624, 625, 626, 627, 628, 629, 630, 631, 632, 633, 634, 635, 636, 637, 638, 639, 640, 641, 642, 643, 644, 645, 646, 647, 648, 649, 650, 651, 652, 653, 654, 655, 656, 657, 658, 659, 660, 661, 662, 663, 664, 665, 666, 667, 668, 669, 670, 671, 672, 673, 674, 675, 676, 677, 678, 679, 680, 681, 682, 683, 684, 685, 686, 687, 688, 689, 690, 691, 692, 693, 694, 695, 696, 697, 698, 699, 700, 701, 702, 703, 704, 705, 706, 707, 708, 709, 710, 711, 712, 713, 714, 715, 716, 717, 718, 719, 720, 721, 722, 723, 724, 725, 726, 727, 728, 729, 730, 731, 732, 733, 734, 735, 736, 737, 738, 739, 740, 741, 742, 743, 744, 745, 746, 747, 748, 749, 750, 751, 752, 753, 754, 755, 756, 757, 758, 759, 760, 761, 762, 763, 764, 765, 766, 767, 768, 769, 770, 771, 772, 773, 774, 775, 776, 777, 778, 779, 780, 781, 782, 783, 784, 785, 786, 787, 788, 789, 790, 791, 792, 793, 832, 860, 872, 896, 915]",True,"[315, 318, 773, 776]","[103, 104, 105, 106, 107, 108, 109, 110, 111, 112, 113, 114, 115, 116, 117, 118, 119, 120, 121, 122, 123, 124, 125, 126, 127, 128, 129, 130, 131, 132, 133, 134, 135, 136, 137, 138, 139, 140, 141, 142, 143, 144, 145, 146, 147, 148, 149, 150, 151, 152, 153, 154, 155, 156, 157, 158, 159, 160, 161, 162, 163, 164, 165, 166, 167, 168, 169, 170, 171, 172, 173, 174, 175, 176, 177, 178, 179, 180, 181, 182, 183, 184, 185, 186, 187, 188, 189, 190, 191, 192, 193, 194, 195, 196, 197, 198, 199, 200, 201, 202, 203, 204, 205, 206, 207, 208, 209, 210, 211, 212, 213, 214, 215, 216, 217, 218, 219, 220, 221, 222, 223, 224, 225, 226, 227, 228, 229, 230, 231, 232, 233, 234, 235, 236, 237, 238, 239, 240, 241, 242, 243, 244, 245, 246, 247, 248, 249, 250, 251, 252, 253, 254, 255, 256, 257, 258, 259, 260, 261, 262, 263, 264, 265, 266, 267, 268, 269, 270, 271, 272, 273, 274, 275, 276, 277, 278, 279, 280, 281, 282, 283, 284, 285, 286, 287, 288, 289, 290, 291, 292, 293, 294, 295, 296, 297, 298, 299, 300, 301, 302, 303, 304, 305, 306, 307, 308, 309, 310, 311, 312, 313, 314, 315, 316, 317, 318, 319, 320, 321, 322, 323, 324, 325, 326, 327, 328, 329, 330, 331, 332, 333, 334, 335, 336, 337, 574, 575, 576, 577, 578, 579, 580, 581, 582, 583, 584, 585, 586, 587, 588, 589, 590, 591, 592, 593, 594, 595, 596, 597, 598, 599, 600, 601, 602, 603, 604, 605, 606, 607, 608, 609, 610, 611, 612, 613, 614, 615, 616, 617, 618, 619, 620, 621, 622, 623, 624, 625, 626, 627, 628, 629, 630, 631, 632, 633, 634, 635, 636, 637, 638, 639, 640, 641, 642, 643, 644, 645, 646, 647, 648, 649, 650, 651, 652, 653, 654, 655, 656, 657, 658, 659, 660, 661, 662, 663, 664, 665, 666, 667, 668, 669, 670, 671, 672, 673, 674, 675, 676, 677, 678, 679, 680, 681, 682, 683, 684, 685, 686, 687, 688, 689, 690, 691, 692, 693, 694, 695, 696, 697, 698, 699, 700, 701, 702, 703, 704, 705, 706, 707, 708, 709, 710, 711, 712, 713, 714, 715, 716, 717, 718, 719, 720, 721, 722, 723, 724, 725, 726, 727, 728, 729, 730, 731, 732, 733, 734, 735, 736, 737, 738, 739, 740, 741, 742, 743, 744, 745, 746, 747, 748, 749, 750, 751, 752, 753, 754, 755, 756, 757, 758, 759, 760, 761, 762, 763, 764, 765, 766, 767, 768, 769, 770, 771, 772, 773, 774, 775, 776, 777, 778, 779, 780, 781, 782, 783, 784, 785, 786, 787, 788, 789, 790, 791, 792, 793]","[140, 315, 318, 611, 773, 776]","[140, 315, 611, 773]","[140, 315, 318, 420, 446, 448, 450, 468, 611, 773, 776, 860, 872, 896, 915]","[0, 13, 14, 120, 122, 200, 223, 226, 315, 382, 485, 498, 499, 591, 593, 625, 671, 687, 690, 773, 832]",[],7/6 successful match,True,"[260, 261]",True,745,False,,,,,
Perris ( 92570 ) Travel Zone Center Cardlock W ) ( Arco / CFN,7 951-940-9200 I-215 Exit 22 ( Cajalco ),24 <U+2610> <U+25A1>,Perris,92570,Travel Zone Center Cardlock W ) ( Arco / CFN,951-940-9200,2015,Perris,CA,,( Cajalco ),I-215 Exit 22 ,Exit,22,False,,False,I-215,,,,,"[315, 773]","[315, 318, 773, 776]","[140, 315, 318, 611, 773, 776]","[140, 315, 611, 773]","[103, 104, 105, 106, 107, 108, 109, 110, 111, 112, 113, 114, 115, 116, 117, 118, 119, 120, 121, 122, 123, 124, 125, 126, 127, 128, 129, 130, 131, 132, 133, 134, 135, 136, 137, 138, 139, 140, 141, 142, 143, 144, 145, 146, 147, 148, 149, 150, 151, 152, 153, 154, 155, 156, 157, 158, 159, 160, 161, 162, 163, 164, 165, 166, 167, 168, 169, 170, 171, 172, 173, 174, 175, 176, 177, 178, 179, 180, 181, 182, 183, 184, 185, 186, 187, 188, 189, 190, 191, 192, 193, 194, 195, 196, 197, 198, 199, 200, 201, 202, 203, 204, 205, 206, 207, 208, 209, 210, 211, 212, 213, 214, 215, 216, 217, 218, 219, 220, 221, 222, 223, 224, 225, 226, 227, 228, 229, 230, 231, 232, 233, 234, 235, 236, 237, 238, 239, 240, 241, 242, 243, 244, 245, 246, 247, 248, 249, 250, 251, 252, 253, 254, 255, 256, 257, 258, 259, 260, 261, 262, 263, 264, 265, 266, 267, 268, 269, 270, 271, 272, 273, 274, 275, 276, 277, 278, 279, 280, 281, 282, 283, 284, 285, 286, 287, 288, 289, 290, 291, 292, 293, 294, 295, 296, 297, 298, 299, 300, 301, 302, 303, 304, 305, 306, 307, 308, 309, 310, 311, 312, 313, 314, 315, 316, 317, 318, 319, 320, 321, 322, 323, 324, 325, 326, 327, 328, 329, 330, 331, 332, 333, 334, 335, 336, 337, 574, 575, 576, 577, 578, 579, 580, 581, 582, 583, 584, 585, 586, 587, 588, 589, 590, 591, 592, 593, 594, 595, 596, 597, 598, 599, 600, 601, 602, 603, 604, 605, 606, 607, 608, 609, 610, 611, 612, 613, 614, 615, 616, 617, 618, 619, 620, 621, 622, 623, 624, 625, 626, 627, 628, 629, 630, 631, 632, 633, 634, 635, 636, 637, 638, 639, 640, 641, 642, 643, 644, 645, 646, 647, 648, 649, 650, 651, 652, 653, 654, 655, 656, 657, 658, 659, 660, 661, 662, 663, 664, 665, 666, 667, 668, 669, 670, 671, 672, 673, 674, 675, 676, 677, 678, 679, 680, 681, 682, 683, 684, 685, 686, 687, 688, 689, 690, 691, 692, 693, 694, 695, 696, 697, 698, 699, 700, 701, 702, 703, 704, 705, 706, 707, 708, 709, 710, 711, 712, 713, 714, 715, 716, 717, 718, 719, 720, 721, 722, 723, 724, 725, 726, 727, 728, 729, 730, 731, 732, 733, 734, 735, 736, 737, 738, 739, 740, 741, 742, 743, 744, 745, 746, 747, 748, 749, 750, 751, 752, 753, 754, 755, 756, 757, 758, 759, 760, 761, 762, 763, 764, 765, 766, 767, 768, 769, 770, 771, 772, 773, 774, 775, 776, 777, 778, 779, 780, 781, 782, 783, 784, 785, 786, 787, 788, 789, 790, 791, 792, 793]","[140, 315, 318, 420, 446, 448, 450, 468, 611, 773, 776, 860, 872, 896, 915]",[],"[0, 13, 14, 120, 122, 196, 200, 223, 226, 264, 315, 382, 485, 498, 499, 591, 593, 625, 667, 671, 687, 690, 724, 773, 832]","[0, 13, 14, 103, 104, 105, 106, 107, 108, 109, 110, 111, 112, 113, 114, 115, 116, 117, 118, 119, 120, 121, 122, 123, 124, 125, 126, 127, 128, 129, 130, 131, 132, 133, 134, 135, 136, 137, 138, 139, 140, 141, 142, 143, 144, 145, 146, 147, 148, 149, 150, 151, 152, 153, 154, 155, 156, 157, 158, 159, 160, 161, 162, 163, 164, 165, 166, 167, 168, 169, 170, 171, 172, 173, 174, 175, 176, 177, 178, 179, 180, 181, 182, 183, 184, 185, 186, 187, 188, 189, 190, 191, 192, 193, 194, 195, 196, 197, 198, 199, 200, 201, 202, 203, 204, 205, 206, 207, 208, 209, 210, 211, 212, 213, 214, 215, 216, 217, 218, 219, 220, 221, 222, 223, 224, 225, 226, 227, 228, 229, 230, 231, 232, 233, 234, 235, 236, 237, 238, 239, 240, 241, 242, 243, 244, 245, 246, 247, 248, 249, 250, 251, 252, 253, 254, 255, 256, 257, 258, 259, 260, 261, 262, 263, 264, 265, 266, 267, 268, 269, 270, 271, 272, 273, 274, 275, 276, 277, 278, 279, 280, 281, 282, 283, 284, 285, 286, 287, 288, 289, 290, 291, 292, 293, 294, 295, 296, 297, 298, 299, 300, 301, 302, 303, 304, 305, 306, 307, 308, 309, 310, 311, 312, 313, 314, 315, 316, 317, 318, 319, 320, 321, 322, 323, 324, 325, 326, 327, 328, 329, 330, 331, 332, 333, 334, 335, 336, 337, 382, 420, 446, 448, 450, 468, 485, 498, 499, 574, 575, 576, 577, 578, 579, 580, 581, 582, 583, 584, 585, 586, 587, 588, 589, 590, 591, 592, 593, 594, 595, 596, 597, 598, 599, 600, 601, 602, 603, 604, 605, 606, 607, 608, 609, 610, 611, 612, 613, 614, 615, 616, 617, 618, 619, 620, 621, 622, 623, 624, 625, 626, 627, 628, 629, 630, 631, 632, 633, 634, 635, 636, 637, 638, 639, 640, 641, 642, 643, 644, 645, 646, 647, 648, 649, 650, 651, 652, 653, 654, 655, 656, 657, 658, 659, 660, 661, 662, 663, 664, 665, 666, 667, 668, 669, 670, 671, 672, 673, 674, 675, 676, 677, 678, 679, 680, 681, 682, 683, 684, 685, 686, 687, 688, 689, 690, 691, 692, 693, 694, 695, 696, 697, 698, 699, 700, 701, 702, 703, 704, 705, 706, 707, 708, 709, 710, 711, 712, 713, 714, 715, 716, 717, 718, 719, 720, 721, 722, 723, 724, 725, 726, 727, 728, 729, 730, 731, 732, 733, 734, 735, 736, 737, 738, 739, 740, 741, 742, 743, 744, 745, 746, 747, 748, 749, 750, 751, 752, 753, 754, 755, 756, 757, 758, 759, 760, 761, 762, 763, 764, 765, 766, 767, 768, 769, 770, 771, 772, 773, 774, 775, 776, 777, 778, 779, 780, 781, 782, 783, 784, 785, 786, 787, 788, 789, 790, 791, 792, 793, 832, 860, 872, 896, 915]",True,"[315, 318, 773, 776]","[103, 104, 105, 106, 107, 108, 109, 110, 111, 112, 113, 114, 115, 116, 117, 118, 119, 120, 121, 122, 123, 124, 125, 126, 127, 128, 129, 130, 131, 132, 133, 134, 135, 136, 137, 138, 139, 140, 141, 142, 143, 144, 145, 146, 147, 148, 149, 150, 151, 152, 153, 154, 155, 156, 157, 158, 159, 160, 161, 162, 163, 164, 165, 166, 167, 168, 169, 170, 171, 172, 173, 174, 175, 176, 177, 178, 179, 180, 181, 182, 183, 184, 185, 186, 187, 188, 189, 190, 191, 192, 193, 194, 195, 196, 197, 198, 199, 200, 201, 202, 203, 204, 205, 206, 207, 208, 209, 210, 211, 212, 213, 214, 215, 216, 217, 218, 219, 220, 221, 222, 223, 224, 225, 226, 227, 228, 229, 230, 231, 232, 233, 234, 235, 236, 237, 238, 239, 240, 241, 242, 243, 244, 245, 246, 247, 248, 249, 250, 251, 252, 253, 254, 255, 256, 257, 258, 259, 260, 261, 262, 263, 264, 265, 266, 267, 268, 269, 270, 271, 272, 273, 274, 275, 276, 277, 278, 279, 280, 281, 282, 283, 284, 285, 286, 287, 288, 289, 290, 291, 292, 293, 294, 295, 296, 297, 298, 299, 300, 301, 302, 303, 304, 305, 306, 307, 308, 309, 310, 311, 312, 313, 314, 315, 316, 317, 318, 319, 320, 321, 322, 323, 324, 325, 326, 327, 328, 329, 330, 331, 332, 333, 334, 335, 336, 337, 574, 575, 576, 577, 578, 579, 580, 581, 582, 583, 584, 585, 586, 587, 588, 589, 590, 591, 592, 593, 594, 595, 596, 597, 598, 599, 600, 601, 602, 603, 604, 605, 606, 607, 608, 609, 610, 611, 612, 613, 614, 615, 616, 617, 618, 619, 620, 621, 622, 623, 624, 625, 626, 627, 628, 629, 630, 631, 632, 633, 634, 635, 636, 637, 638, 639, 640, 641, 642, 643, 644, 645, 646, 647, 648, 649, 650, 651, 652, 653, 654, 655, 656, 657, 658, 659, 660, 661, 662, 663, 664, 665, 666, 667, 668, 669, 670, 671, 672, 673, 674, 675, 676, 677, 678, 679, 680, 681, 682, 683, 684, 685, 686, 687, 688, 689, 690, 691, 692, 693, 694, 695, 696, 697, 698, 699, 700, 701, 702, 703, 704, 705, 706, 707, 708, 709, 710, 711, 712, 713, 714, 715, 716, 717, 718, 719, 720, 721, 722, 723, 724, 725, 726, 727, 728, 729, 730, 731, 732, 733, 734, 735, 736, 737, 738, 739, 740, 741, 742, 743, 744, 745, 746, 747, 748, 749, 750, 751, 752, 753, 754, 755, 756, 757, 758, 759, 760, 761, 762, 763, 764, 765, 766, 767, 768, 769, 770, 771, 772, 773, 774, 775, 776, 777, 778, 779, 780, 781, 782, 783, 784, 785, 786, 787, 788, 789, 790, 791, 792, 793]","[140, 315, 318, 611, 773, 776]","[140, 315, 611, 773]","[140, 315, 318, 420, 446, 448, 450, 468, 611, 773, 776, 860, 872, 896, 915]","[0, 13, 14, 120, 122, 196, 200, 223, 226, 264, 315, 382, 485, 498, 499, 591, 593, 625, 667, 671, 687, 690, 724, 773, 832]",[],7/6 successful match,True,"[260, 261]",True,745,False,,1.0,True,Travel Zone Center Cardlock ( Arco /,
Perris ( 92570 ) Travel Zone Center Cardlock ( Arco / CFN,951-940-9200 I-215 Exit 22 ( Cajalco ),24 <U+2610> <U+2610> <U+2610>,Perris,92570,Travel Zone Center Cardlock ( Arco / CFN,951-940-9200,2016,Perris,CA,,( Cajalco ),I-215 Exit 22 ,Exit,22,False,,False,I-215,,,,,"[315, 773]","[315, 318, 773, 776]","[140, 315, 318, 611, 773, 776]","[140, 315, 611, 773]","[103, 104, 105, 106, 107, 108, 109, 110, 111, 112, 113, 114, 115, 116, 117, 118, 119, 120, 121, 122, 123, 124, 125, 126, 127, 128, 129, 130, 131, 132, 133, 134, 135, 136, 137, 138, 139, 140, 141, 142, 143, 144, 145, 146, 147, 148, 149, 150, 151, 152, 153, 154, 155, 156, 157, 158, 159, 160, 161, 162, 163, 164, 165, 166, 167, 168, 169, 170, 171, 172, 173, 174, 175, 176, 177, 178, 179, 180, 181, 182, 183, 184, 185, 186, 187, 188, 189, 190, 191, 192, 193, 194, 195, 196, 197, 198, 199, 200, 201, 202, 203, 204, 205, 206, 207, 208, 209, 210, 211, 212, 213, 214, 215, 216, 217, 218, 219, 220, 221, 222, 223, 224, 225, 226, 227, 228, 229, 230, 231, 232, 233, 234, 235, 236, 237, 238, 239, 240, 241, 242, 243, 244, 245, 246, 247, 248, 249, 250, 251, 252, 253, 254, 255, 256, 257, 258, 259, 260, 261, 262, 263, 264, 265, 266, 267, 268, 269, 270, 271, 272, 273, 274, 275, 276, 277, 278, 279, 280, 281, 282, 283, 284, 285, 286, 287, 288, 289, 290, 291, 292, 293, 294, 295, 296, 297, 298, 299, 300, 301, 302, 303, 304, 305, 306, 307, 308, 309, 310, 311, 312, 313, 314, 315, 316, 317, 318, 319, 320, 321, 322, 323, 324, 325, 326, 327, 328, 329, 330, 331, 332, 333, 334, 335, 336, 337, 574, 575, 576, 577, 578, 579, 580, 581, 582, 583, 584, 585, 586, 587, 588, 589, 590, 591, 592, 593, 594, 595, 596, 597, 598, 599, 600, 601, 602, 603, 604, 605, 606, 607, 608, 609, 610, 611, 612, 613, 614, 615, 616, 617, 618, 619, 620, 621, 622, 623, 624, 625, 626, 627, 628, 629, 630, 631, 632, 633, 634, 635, 636, 637, 638, 639, 640, 641, 642, 643, 644, 645, 646, 647, 648, 649, 650, 651, 652, 653, 654, 655, 656, 657, 658, 659, 660, 661, 662, 663, 664, 665, 666, 667, 668, 669, 670, 671, 672, 673, 674, 675, 676, 677, 678, 679, 680, 681, 682, 683, 684, 685, 686, 687, 688, 689, 690, 691, 692, 693, 694, 695, 696, 697, 698, 699, 700, 701, 702, 703, 704, 705, 706, 707, 708, 709, 710, 711, 712, 713, 714, 715, 716, 717, 718, 719, 720, 721, 722, 723, 724, 725, 726, 727, 728, 729, 730, 731, 732, 733, 734, 735, 736, 737, 738, 739, 740, 741, 742, 743, 744, 745, 746, 747, 748, 749, 750, 751, 752, 753, 754, 755, 756, 757, 758, 759, 760, 761, 762, 763, 764, 765, 766, 767, 768, 769, 770, 771, 772, 773, 774, 775, 776, 777, 778, 779, 780, 781, 782, 783, 784, 785, 786, 787, 788, 789, 790, 791, 792, 793]","[140, 315, 318, 420, 446, 448, 450, 468, 611, 773, 776, 860, 872, 896, 915]",[],"[0, 13, 14, 120, 122, 196, 200, 223, 226, 264, 315, 382, 485, 498, 499, 591, 593, 625, 667, 671, 687, 690, 724, 773, 832]","[0, 13, 14, 103, 104, 105, 106, 107, 108, 109, 110, 111, 112, 113, 114, 115, 116, 117, 118, 119, 120, 121, 122, 123, 124, 125, 126, 127, 128, 129, 130, 131, 132, 133, 134, 135, 136, 137, 138, 139, 140, 141, 142, 143, 144, 145, 146, 147, 148, 149, 150, 151, 152, 153, 154, 155, 156, 157, 158, 159, 160, 161, 162, 163, 164, 165, 166, 167, 168, 169, 170, 171, 172, 173, 174, 175, 176, 177, 178, 179, 180, 181, 182, 183, 184, 185, 186, 187, 188, 189, 190, 191, 192, 193, 194, 195, 196, 197, 198, 199, 200, 201, 202, 203, 204, 205, 206, 207, 208, 209, 210, 211, 212, 213, 214, 215, 216, 217, 218, 219, 220, 221, 222, 223, 224, 225, 226, 227, 228, 229, 230, 231, 232, 233, 234, 235, 236, 237, 238, 239, 240, 241, 242, 243, 244, 245, 246, 247, 248, 249, 250, 251, 252, 253, 254, 255, 256, 257, 258, 259, 260, 261, 262, 263, 264, 265, 266, 267, 268, 269, 270, 271, 272, 273, 274, 275, 276, 277, 278, 279, 280, 281, 282, 283, 284, 285, 286, 287, 288, 289, 290, 291, 292, 293, 294, 295, 296, 297, 298, 299, 300, 301, 302, 303, 304, 305, 306, 307, 308, 309, 310, 311, 312, 313, 314, 315, 316, 317, 318, 319, 320, 321, 322, 323, 324, 325, 326, 327, 328, 329, 330, 331, 332, 333, 334, 335, 336, 337, 382, 420, 446, 448, 450, 468, 485, 498, 499, 574, 575, 576, 577, 578, 579, 580, 581, 582, 583, 584, 585, 586, 587, 588, 589, 590, 591, 592, 593, 594, 595, 596, 597, 598, 599, 600, 601, 602, 603, 604, 605, 606, 607, 608, 609, 610, 611, 612, 613, 614, 615, 616, 617, 618, 619, 620, 621, 622, 623, 624, 625, 626, 627, 628, 629, 630, 631, 632, 633, 634, 635, 636, 637, 638, 639, 640, 641, 642, 643, 644, 645, 646, 647, 648, 649, 650, 651, 652, 653, 654, 655, 656, 657, 658, 659, 660, 661, 662, 663, 664, 665, 666, 667, 668, 669, 670, 671, 672, 673, 674, 675, 676, 677, 678, 679, 680, 681, 682, 683, 684, 685, 686, 687, 688, 689, 690, 691, 692, 693, 694, 695, 696, 697, 698, 699, 700, 701, 702, 703, 704, 705, 706, 707, 708, 709, 710, 711, 712, 713, 714, 715, 716, 717, 718, 719, 720, 721, 722, 723, 724, 725, 726, 727, 728, 729, 730, 731, 732, 733, 734, 735, 736, 737, 738, 739, 740, 741, 742, 743, 744, 745, 746, 747, 748, 749, 750, 751, 752, 753, 754, 755, 756, 757, 758, 759, 760, 761, 762, 763, 764, 765, 766, 767, 768, 769, 770, 771, 772, 773, 774, 775, 776, 777, 778, 779, 780, 781, 782, 783, 784, 785, 786, 787, 788, 789, 790, 791, 792, 793, 832, 860, 872, 896, 915]",True,"[315, 318, 773, 776]","[103, 104, 105, 106, 107, 108, 109, 110, 111, 112, 113, 114, 115, 116, 117, 118, 119, 120, 121, 122, 123, 124, 125, 126, 127, 128, 129, 130, 131, 132, 133, 134, 135, 136, 137, 138, 139, 140, 141, 142, 143, 144, 145, 146, 147, 148, 149, 150, 151, 152, 153, 154, 155, 156, 157, 158, 159, 160, 161, 162, 163, 164, 165, 166, 167, 168, 169, 170, 171, 172, 173, 174, 175, 176, 177, 178, 179, 180, 181, 182, 183, 184, 185, 186, 187, 188, 189, 190, 191, 192, 193, 194, 195, 196, 197, 198, 199, 200, 201, 202, 203, 204, 205, 206, 207, 208, 209, 210, 211, 212, 213, 214, 215, 216, 217, 218, 219, 220, 221, 222, 223, 224, 225, 226, 227, 228, 229, 230, 231, 232, 233, 234, 235, 236, 237, 238, 239, 240, 241, 242, 243, 244, 245, 246, 247, 248, 249, 250, 251, 252, 253, 254, 255, 256, 257, 258, 259, 260, 261, 262, 263, 264, 265, 266, 267, 268, 269, 270, 271, 272, 273, 274, 275, 276, 277, 278, 279, 280, 281, 282, 283, 284, 285, 286, 287, 288, 289, 290, 291, 292, 293, 294, 295, 296, 297, 298, 299, 300, 301, 302, 303, 304, 305, 306, 307, 308, 309, 310, 311, 312, 313, 314, 315, 316, 317, 318, 319, 320, 321, 322, 323, 324, 325, 326, 327, 328, 329, 330, 331, 332, 333, 334, 335, 336, 337, 574, 575, 576, 577, 578, 579, 580, 581, 582, 583, 584, 585, 586, 587, 588, 589, 590, 591, 592, 593, 594, 595, 596, 597, 598, 599, 600, 601, 602, 603, 604, 605, 606, 607, 608, 609, 610, 611, 612, 613, 614, 615, 616, 617, 618, 619, 620, 621, 622, 623, 624, 625, 626, 627, 628, 629, 630, 631, 632, 633, 634, 635, 636, 637, 638, 639, 640, 641, 642, 643, 644, 645, 646, 647, 648, 649, 650, 651, 652, 653, 654, 655, 656, 657, 658, 659, 660, 661, 662, 663, 664, 665, 666, 667, 668, 669, 670, 671, 672, 673, 674, 675, 676, 677, 678, 679, 680, 681, 682, 683, 684, 685, 686, 687, 688, 689, 690, 691, 692, 693, 694, 695, 696, 697, 698, 699, 700, 701, 702, 703, 704, 705, 706, 707, 708, 709, 710, 711, 712, 713, 714, 715, 716, 717, 718, 719, 720, 721, 722, 723, 724, 725, 726, 727, 728, 729, 730, 731, 732, 733, 734, 735, 736, 737, 738, 739, 740, 741, 742, 743, 744, 745, 746, 747, 748, 749, 750, 751, 752, 753, 754, 755, 756, 757, 758, 759, 760, 761, 762, 763, 764, 765, 766, 767, 768, 769, 770, 771, 772, 773, 774, 775, 776, 777, 778, 779, 780, 781, 782, 783, 784, 785, 786, 787, 788, 789, 790, 791, 792, 793]","[140, 315, 318, 611, 773, 776]","[140, 315, 611, 773]","[140, 315, 318, 420, 446, 448, 450, 468, 611, 773, 776, 860, 872, 896, 915]","[0, 13, 14, 120, 122, 196, 200, 223, 226, 264, 315, 382, 485, 498, 499, 591, 593, 625, 667, 671, 687, 690, 724, 773, 832]",[],7/6 successful match,True,"[260, 261]",True,745,False,,1.0,True,Travel Zone Center Cardlock W ) ( Arco / CFN,
C Perris ( 92570 ) United Oil ( 76 ),951-943-7220 I-215 Exit 14 ( Ethanac Rd W ),24 <U+2610>,Perris,92570,United Oil ( 76 ),951-943-7220,2014,Perris,CA,,( Ethanac Rd W ),I-215 Exit 14 ,Exit,14,False,,False,I-215,,,,,"[776, 318]","[315, 318, 773, 776]","[140, 315, 318, 611, 773, 776]","[121, 318, 320, 592, 776, 778]","[103, 104, 105, 106, 107, 108, 109, 110, 111, 112, 113, 114, 115, 116, 117, 118, 119, 120, 121, 122, 123, 124, 125, 126, 127, 128, 129, 130, 131, 132, 133, 134, 135, 136, 137, 138, 139, 140, 141, 142, 143, 144, 145, 146, 147, 148, 149, 150, 151, 152, 153, 154, 155, 156, 157, 158, 159, 160, 161, 162, 163, 164, 165, 166, 167, 168, 169, 170, 171, 172, 173, 174, 175, 176, 177, 178, 179, 180, 181, 182, 183, 184, 185, 186, 187, 188, 189, 190, 191, 192, 193, 194, 195, 196, 197, 198, 199, 200, 201, 202, 203, 204, 205, 206, 207, 208, 209, 210, 211, 212, 213, 214, 215, 216, 217, 218, 219, 220, 221, 222, 223, 224, 225, 226, 227, 228, 229, 230, 231, 232, 233, 234, 235, 236, 237, 238, 239, 240, 241, 242, 243, 244, 245, 246, 247, 248, 249, 250, 251, 252, 253, 254, 255, 256, 257, 258, 259, 260, 261, 262, 263, 264, 265, 266, 267, 268, 269, 270, 271, 272, 273, 274, 275, 276, 277, 278, 279, 280, 281, 282, 283, 284, 285, 286, 287, 288, 289, 290, 291, 292, 293, 294, 295, 296, 297, 298, 299, 300, 301, 302, 303, 304, 305, 306, 307, 308, 309, 310, 311, 312, 313, 314, 315, 316, 317, 318, 319, 320, 321, 322, 323, 324, 325, 326, 327, 328, 329, 330, 331, 332, 333, 334, 335, 336, 337, 574, 575, 576, 577, 578, 579, 580, 581, 582, 583, 584, 585, 586, 587, 588, 589, 590, 591, 592, 593, 594, 595, 596, 597, 598, 599, 600, 601, 602, 603, 604, 605, 606, 607, 608, 609, 610, 611, 612, 613, 614, 615, 616, 617, 618, 619, 620, 621, 622, 623, 624, 625, 626, 627, 628, 629, 630, 631, 632, 633, 634, 635, 636, 637, 638, 639, 640, 641, 642, 643, 644, 645, 646, 647, 648, 649, 650, 651, 652, 653, 654, 655, 656, 657, 658, 659, 660, 661, 662, 663, 664, 665, 666, 667, 668, 669, 670, 671, 672, 673, 674, 675, 676, 677, 678, 679, 680, 681, 682, 683, 684, 685, 686, 687, 688, 689, 690, 691, 692, 693, 694, 695, 696, 697, 698, 699, 700, 701, 702, 703, 704, 705, 706, 707, 708, 709, 710, 711, 712, 713, 714, 715, 716, 717, 718, 719, 720, 721, 722, 723, 724, 725, 726, 727, 728, 729, 730, 731, 732, 733, 734, 735, 736, 737, 738, 739, 740, 741, 742, 743, 744, 745, 746, 747, 748, 749, 750, 751, 752, 753, 754, 755, 756, 757, 758, 759, 760, 761, 762, 763, 764, 765, 766, 767, 768, 769, 770, 771, 772, 773, 774, 775, 776, 777, 778, 779, 780, 781, 782, 783, 784, 785, 786, 787, 788, 789, 790, 791, 792, 793]","[140, 315, 318, 420, 446, 448, 450, 468, 611, 773, 776, 860, 872, 896, 915]",[],"[4, 31, 59, 84, 87, 89, 114, 115, 117, 124, 132, 135, 142, 144, 147, 152, 178, 180, 218, 229, 232, 239, 264, 268, 269, 281, 297, 299, 318, 320, 327, 331, 338, 348, 352, 367, 382, 387, 394, 403, 405, 408, 410, 455, 463, 465, 466, 468, 470, 472, 473, 483, 484, 490, 514, 535, 555, 558, 560, 585, 586, 588, 595, 603, 606, 613, 615, 618, 623, 649, 651, 686, 693, 696, 703, 724, 727, 728, 740, 756, 758, 776, 778, 785, 788, 794, 803, 807, 832, 837, 844, 852, 854, 858, 860, 861, 902, 910, 912, 913, 915, 917, 919, 920, 931, 934, 935]","[4, 31, 59, 84, 87, 89, 103, 104, 105, 106, 107, 108, 109, 110, 111, 112, 113, 114, 115, 116, 117, 118, 119, 120, 121, 122, 123, 124, 125, 126, 127, 128, 129, 130, 131, 132, 133, 134, 135, 136, 137, 138, 139, 140, 141, 142, 143, 144, 145, 146, 147, 148, 149, 150, 151, 152, 153, 154, 155, 156, 157, 158, 159, 160, 161, 162, 163, 164, 165, 166, 167, 168, 169, 170, 171, 172, 173, 174, 175, 176, 177, 178, 179, 180, 181, 182, 183, 184, 185, 186, 187, 188, 189, 190, 191, 192, 193, 194, 195, 196, 197, 198, 199, 200, 201, 202, 203, 204, 205, 206, 207, 208, 209, 210, 211, 212, 213, 214, 215, 216, 217, 218, 219, 220, 221, 222, 223, 224, 225, 226, 227, 228, 229, 230, 231, 232, 233, 234, 235, 236, 237, 238, 239, 240, 241, 242, 243, 244, 245, 246, 247, 248, 249, 250, 251, 252, 253, 254, 255, 256, 257, 258, 259, 260, 261, 262, 263, 264, 265, 266, 267, 268, 269, 270, 271, 272, 273, 274, 275, 276, 277, 278, 279, 280, 281, 282, 283, 284, 285, 286, 287, 288, 289, 290, 291, 292, 293, 294, 295, 296, 297, 298, 299, 300, 301, 302, 303, 304, 305, 306, 307, 308, 309, 310, 311, 312, 313, 314, 315, 316, 317, 318, 319, 320, 321, 322, 323, 324, 325, 326, 327, 328, 329, 330, 331, 332, 333, 334, 335, 336, 337, 338, 348, 352, 367, 382, 387, 394, 403, 405, 408, 410, 420, 446, 448, 450, 455, 463, 465, 466, 468, 470, 472, 473, 483, 484, 490, 514, 535, 555, 558, 560, 574, 575, 576, 577, 578, 579, 580, 581, 582, 583, 584, 585, 586, 587, 588, 589, 590, 591, 592, 593, 594, 595, 596, 597, 598, 599, 600, 601, 602, 603, 604, 605, 606, 607, 608, 609, 610, 611, 612, 613, 614, 615, 616, 617, 618, 619, 620, 621, 622, 623, 624, 625, 626, 627, 628, 629, 630, 631, 632, 633, 634, 635, 636, 637, 638, 639, 640, 641, 642, 643, 644, 645, 646, 647, 648, 649, 650, 651, 652, 653, 654, 655, 656, 657, 658, 659, 660, 661, 662, 663, 664, 665, 666, 667, 668, 669, 670, 671, 672, 673, 674, 675, 676, 677, 678, 679, 680, 681, 682, 683, 684, 685, 686, 687, 688, 689, 690, 691, 692, 693, 694, 695, 696, 697, 698, 699, 700, 701, 702, 703, 704, 705, 706, 707, 708, 709, 710, 711, 712, 713, 714, 715, 716, 717, 718, 719, 720, 721, 722, 723, 724, 725, 726, 727, 728, 729, 730, 731, 732, 733, 734, 735, 736, 737, 738, 739, 740, 741, 742, 743, 744, 745, 746, 747, 748, 749, 750, 751, 752, 753, 754, 755, 756, 757, 758, 759, 760, 761, 762, 763, 764, 765, 766, 767, 768, 769, 770, 771, 772, 773, 774, 775, 776, 777, 778, 779, 780, 781, 782, 783, 784, 785, 786, 787, 788, 789, 790, 791, 792, 793, 794, 803, 807, 832, 837, 844, 852, 854, 858, 860, 861, 872, 896, 902, 910, 912, 913, 915, 917, 919, 920, 931, 934, 935]",True,"[315, 318, 773, 776]","[103, 104, 105, 106, 107, 108, 109, 110, 111, 112, 113, 114, 115, 116, 117, 118, 119, 120, 121, 122, 123, 124, 125, 126, 127, 128, 129, 130, 131, 132, 133, 134, 135, 136, 137, 138, 139, 140, 141, 142, 143, 144, 145, 146, 147, 148, 149, 150, 151, 152, 153, 154, 155, 156, 157, 158, 159, 160, 161, 162, 163, 164, 165, 166, 167, 168, 169, 170, 171, 172, 173, 174, 175, 176, 177, 178, 179, 180, 181, 182, 183, 184, 185, 186, 187, 188, 189, 190, 191, 192, 193, 194, 195, 196, 197, 198, 199, 200, 201, 202, 203, 204, 205, 206, 207, 208, 209, 210, 211, 212, 213, 214, 215, 216, 217, 218, 219, 220, 221, 222, 223, 224, 225, 226, 227, 228, 229, 230, 231, 232, 233, 234, 235, 236, 237, 238, 239, 240, 241, 242, 243, 244, 245, 246, 247, 248, 249, 250, 251, 252, 253, 254, 255, 256, 257, 258, 259, 260, 261, 262, 263, 264, 265, 266, 267, 268, 269, 270, 271, 272, 273, 274, 275, 276, 277, 278, 279, 280, 281, 282, 283, 284, 285, 286, 287, 288, 289, 290, 291, 292, 293, 294, 295, 296, 297, 298, 299, 300, 301, 302, 303, 304, 305, 306, 307, 308, 309, 310, 311, 312, 313, 314, 315, 316, 317, 318, 319, 320, 321, 322, 323, 324, 325, 326, 327, 328, 329, 330, 331, 332, 333, 334, 335, 336, 337, 574, 575, 576, 577, 578, 579, 580, 581, 582, 583, 584, 585, 586, 587, 588, 589, 590, 591, 592, 593, 594, 595, 596, 597, 598, 599, 600, 601, 602, 603, 604, 605, 606, 607, 608, 609, 610, 611, 612, 613, 614, 615, 616, 617, 618, 619, 620, 621, 622, 623, 624, 625, 626, 627, 628, 629, 630, 631, 632, 633, 634, 635, 636, 637, 638, 639, 640, 641, 642, 643, 644, 645, 646, 647, 648, 649, 650, 651, 652, 653, 654, 655, 656, 657, 658, 659, 660, 661, 662, 663, 664, 665, 666, 667, 668, 669, 670, 671, 672, 673, 674, 675, 676, 677, 678, 679, 680, 681, 682, 683, 684, 685, 686, 687, 688, 689, 690, 691, 692, 693, 694, 695, 696, 697, 698, 699, 700, 701, 702, 703, 704, 705, 706, 707, 708, 709, 710, 711, 712, 713, 714, 715, 716, 717, 718, 719, 720, 721, 722, 723, 724, 725, 726, 727, 728, 729, 730, 731, 732, 733, 734, 735, 736, 737, 738, 739, 740, 741, 742, 743, 744, 745, 746, 747, 748, 749, 750, 751, 752, 753, 754, 755, 756, 757, 758, 759, 760, 761, 762, 763, 764, 765, 766, 767, 768, 769, 770, 771, 772, 773, 774, 775, 776, 777, 778, 779, 780, 781, 782, 783, 784, 785, 786, 787, 788, 789, 790, 791, 792, 793]","[140, 315, 318, 611, 773, 776]","[121, 318, 320, 592, 776, 778]","[140, 315, 318, 420, 446, 448, 450, 468, 611, 773, 776, 860, 872, 896, 915]","[4, 31, 59, 84, 87, 89, 114, 115, 117, 124, 132, 135, 142, 144, 147, 152, 178, 180, 218, 229, 232, 239, 264, 268, 269, 281, 297, 299, 318, 320, 327, 331, 338, 348, 352, 367, 382, 387, 394, 403, 405, 408, 410, 455, 463, 465, 466, 468, 470, 472, 473, 483, 484, 490, 514, 535, 555, 558, 560, 585, 586, 588, 595, 603, 606, 613, 615, 618, 623, 649, 651, 686, 693, 696, 703, 724, 727, 728, 740, 756, 758, 776, 778, 785, 788, 794, 803, 807, 832, 837, 844, 852, 854, 858, 860, 861, 902, 910, 912, 913, 915, 917, 919, 920, 931, 934, 935]",[],7/6 successful match,True,[576],True,746,False,,,,,
Perris ( 92570 ) United Oil ( 76 ),951-943-7220 I-215 Exit 14 ( Ethanac,2 S <U+25A1>,Perris,92570,United Oil ( 76 ),951-943-7220,2015,Perris,CA,,( Ethanac,I-215 Exit 14 ,Exit,14,False,,False,I-215,,,,,"[776, 318]","[315, 318, 773, 776]","[140, 315, 318, 611, 773, 776]","[121, 318, 320, 592, 776, 778]","[103, 104, 105, 106, 107, 108, 109, 110, 111, 112, 113, 114, 115, 116, 117, 118, 119, 120, 121, 122, 123, 124, 125, 126, 127, 128, 129, 130, 131, 132, 133, 134, 135, 136, 137, 138, 139, 140, 141, 142, 143, 144, 145, 146, 147, 148, 149, 150, 151, 152, 153, 154, 155, 156, 157, 158, 159, 160, 161, 162, 163, 164, 165, 166, 167, 168, 169, 170, 171, 172, 173, 174, 175, 176, 177, 178, 179, 180, 181, 182, 183, 184, 185, 186, 187, 188, 189, 190, 191, 192, 193, 194, 195, 196, 197, 198, 199, 200, 201, 202, 203, 204, 205, 206, 207, 208, 209, 210, 211, 212, 213, 214, 215, 216, 217, 218, 219, 220, 221, 222, 223, 224, 225, 226, 227, 228, 229, 230, 231, 232, 233, 234, 235, 236, 237, 238, 239, 240, 241, 242, 243, 244, 245, 246, 247, 248, 249, 250, 251, 252, 253, 254, 255, 256, 257, 258, 259, 260, 261, 262, 263, 264, 265, 266, 267, 268, 269, 270, 271, 272, 273, 274, 275, 276, 277, 278, 279, 280, 281, 282, 283, 284, 285, 286, 287, 288, 289, 290, 291, 292, 293, 294, 295, 296, 297, 298, 299, 300, 301, 302, 303, 304, 305, 306, 307, 308, 309, 310, 311, 312, 313, 314, 315, 316, 317, 318, 319, 320, 321, 322, 323, 324, 325, 326, 327, 328, 329, 330, 331, 332, 333, 334, 335, 336, 337, 574, 575, 576, 577, 578, 579, 580, 581, 582, 583, 584, 585, 586, 587, 588, 589, 590, 591, 592, 593, 594, 595, 596, 597, 598, 599, 600, 601, 602, 603, 604, 605, 606, 607, 608, 609, 610, 611, 612, 613, 614, 615, 616, 617, 618, 619, 620, 621, 622, 623, 624, 625, 626, 627, 628, 629, 630, 631, 632, 633, 634, 635, 636, 637, 638, 639, 640, 641, 642, 643, 644, 645, 646, 647, 648, 649, 650, 651, 652, 653, 654, 655, 656, 657, 658, 659, 660, 661, 662, 663, 664, 665, 666, 667, 668, 669, 670, 671, 672, 673, 674, 675, 676, 677, 678, 679, 680, 681, 682, 683, 684, 685, 686, 687, 688, 689, 690, 691, 692, 693, 694, 695, 696, 697, 698, 699, 700, 701, 702, 703, 704, 705, 706, 707, 708, 709, 710, 711, 712, 713, 714, 715, 716, 717, 718, 719, 720, 721, 722, 723, 724, 725, 726, 727, 728, 729, 730, 731, 732, 733, 734, 735, 736, 737, 738, 739, 740, 741, 742, 743, 744, 745, 746, 747, 748, 749, 750, 751, 752, 753, 754, 755, 756, 757, 758, 759, 760, 761, 762, 763, 764, 765, 766, 767, 768, 769, 770, 771, 772, 773, 774, 775, 776, 777, 778, 779, 780, 781, 782, 783, 784, 785, 786, 787, 788, 789, 790, 791, 792, 793]","[140, 315, 318, 420, 446, 448, 450, 468, 611, 773, 776, 860, 872, 896, 915]",[],"[4, 31, 59, 84, 87, 89, 114, 115, 117, 124, 132, 135, 142, 144, 147, 152, 178, 180, 218, 229, 232, 239, 264, 268, 269, 281, 297, 299, 318, 320, 327, 331, 338, 348, 352, 367, 382, 387, 394, 403, 405, 408, 410, 455, 463, 465, 466, 468, 470, 472, 473, 483, 484, 490, 514, 535, 555, 558, 560, 585, 586, 588, 595, 603, 606, 613, 615, 618, 623, 649, 651, 686, 693, 696, 703, 724, 727, 728, 740, 756, 758, 776, 778, 785, 788, 794, 803, 807, 832, 837, 844, 852, 854, 858, 860, 861, 902, 910, 912, 913, 915, 917, 919, 920, 931, 934, 935]","[4, 31, 59, 84, 87, 89, 103, 104, 105, 106, 107, 108, 109, 110, 111, 112, 113, 114, 115, 116, 117, 118, 119, 120, 121, 122, 123, 124, 125, 126, 127, 128, 129, 130, 131, 132, 133, 134, 135, 136, 137, 138, 139, 140, 141, 142, 143, 144, 145, 146, 147, 148, 149, 150, 151, 152, 153, 154, 155, 156, 157, 158, 159, 160, 161, 162, 163, 164, 165, 166, 167, 168, 169, 170, 171, 172, 173, 174, 175, 176, 177, 178, 179, 180, 181, 182, 183, 184, 185, 186, 187, 188, 189, 190, 191, 192, 193, 194, 195, 196, 197, 198, 199, 200, 201, 202, 203, 204, 205, 206, 207, 208, 209, 210, 211, 212, 213, 214, 215, 216, 217, 218, 219, 220, 221, 222, 223, 224, 225, 226, 227, 228, 229, 230, 231, 232, 233, 234, 235, 236, 237, 238, 239, 240, 241, 242, 243, 244, 245, 246, 247, 248, 249, 250, 251, 252, 253, 254, 255, 256, 257, 258, 259, 260, 261, 262, 263, 264, 265, 266, 267, 268, 269, 270, 271, 272, 273, 274, 275, 276, 277, 278, 279, 280, 281, 282, 283, 284, 285, 286, 287, 288, 289, 290, 291, 292, 293, 294, 295, 296, 297, 298, 299, 300, 301, 302, 303, 304, 305, 306, 307, 308, 309, 310, 311, 312, 313, 314, 315, 316, 317, 318, 319, 320, 321, 322, 323, 324, 325, 326, 327, 328, 329, 330, 331, 332, 333, 334, 335, 336, 337, 338, 348, 352, 367, 382, 387, 394, 403, 405, 408, 410, 420, 446, 448, 450, 455, 463, 465, 466, 468, 470, 472, 473, 483, 484, 490, 514, 535, 555, 558, 560, 574, 575, 576, 577, 578, 579, 580, 581, 582, 583, 584, 585, 586, 587, 588, 589, 590, 591, 592, 593, 594, 595, 596, 597, 598, 599, 600, 601, 602, 603, 604, 605, 606, 607, 608, 609, 610, 611, 612, 613, 614, 615, 616, 617, 618, 619, 620, 621, 622, 623, 624, 625, 626, 627, 628, 629, 630, 631, 632, 633, 634, 635, 636, 637, 638, 639, 640, 641, 642, 643, 644, 645, 646, 647, 648, 649, 650, 651, 652, 653, 654, 655, 656, 657, 658, 659, 660, 661, 662, 663, 664, 665, 666, 667, 668, 669, 670, 671, 672, 673, 674, 675, 676, 677, 678, 679, 680, 681, 682, 683, 684, 685, 686, 687, 688, 689, 690, 691, 692, 693, 694, 695, 696, 697, 698, 699, 700, 701, 702, 703, 704, 705, 706, 707, 708, 709, 710, 711, 712, 713, 714, 715, 716, 717, 718, 719, 720, 721, 722, 723, 724, 725, 726, 727, 728, 729, 730, 731, 732, 733, 734, 735, 736, 737, 738, 739, 740, 741, 742, 743, 744, 745, 746, 747, 748, 749, 750, 751, 752, 753, 754, 755, 756, 757, 758, 759, 760, 761, 762, 763, 764, 765, 766, 767, 768, 769, 770, 771, 772, 773, 774, 775, 776, 777, 778, 779, 780, 781, 782, 783, 784, 785, 786, 787, 788, 789, 790, 791, 792, 793, 794, 803, 807, 832, 837, 844, 852, 854, 858, 860, 861, 872, 896, 902, 910, 912, 913, 915, 917, 919, 920, 931, 934, 935]",True,"[315, 318, 773, 776]","[103, 104, 105, 106, 107, 108, 109, 110, 111, 112, 113, 114, 115, 116, 117, 118, 119, 120, 121, 122, 123, 124, 125, 126, 127, 128, 129, 130, 131, 132, 133, 134, 135, 136, 137, 138, 139, 140, 141, 142, 143, 144, 145, 146, 147, 148, 149, 150, 151, 152, 153, 154, 155, 156, 157, 158, 159, 160, 161, 162, 163, 164, 165, 166, 167, 168, 169, 170, 171, 172, 173, 174, 175, 176, 177, 178, 179, 180, 181, 182, 183, 184, 185, 186, 187, 188, 189, 190, 191, 192, 193, 194, 195, 196, 197, 198, 199, 200, 201, 202, 203, 204, 205, 206, 207, 208, 209, 210, 211, 212, 213, 214, 215, 216, 217, 218, 219, 220, 221, 222, 223, 224, 225, 226, 227, 228, 229, 230, 231, 232, 233, 234, 235, 236, 237, 238, 239, 240, 241, 242, 243, 244, 245, 246, 247, 248, 249, 250, 251, 252, 253, 254, 255, 256, 257, 258, 259, 260, 261, 262, 263, 264, 265, 266, 267, 268, 269, 270, 271, 272, 273, 274, 275, 276, 277, 278, 279, 280, 281, 282, 283, 284, 285, 286, 287, 288, 289, 290, 291, 292, 293, 294, 295, 296, 297, 298, 299, 300, 301, 302, 303, 304, 305, 306, 307, 308, 309, 310, 311, 312, 313, 314, 315, 316, 317, 318, 319, 320, 321, 322, 323, 324, 325, 326, 327, 328, 329, 330, 331, 332, 333, 334, 335, 336, 337, 574, 575, 576, 577, 578, 579, 580, 581, 582, 583, 584, 585, 586, 587, 588, 589, 590, 591, 592, 593, 594, 595, 596, 597, 598, 599, 600, 601, 602, 603, 604, 605, 606, 607, 608, 609, 610, 611, 612, 613, 614, 615, 616, 617, 618, 619, 620, 621, 622, 623, 624, 625, 626, 627, 628, 629, 630, 631, 632, 633, 634, 635, 636, 637, 638, 639, 640, 641, 642, 643, 644, 645, 646, 647, 648, 649, 650, 651, 652, 653, 654, 655, 656, 657, 658, 659, 660, 661, 662, 663, 664, 665, 666, 667, 668, 669, 670, 671, 672, 673, 674, 675, 676, 677, 678, 679, 680, 681, 682, 683, 684, 685, 686, 687, 688, 689, 690, 691, 692, 693, 694, 695, 696, 697, 698, 699, 700, 701, 702, 703, 704, 705, 706, 707, 708, 709, 710, 711, 712, 713, 714, 715, 716, 717, 718, 719, 720, 721, 722, 723, 724, 725, 726, 727, 728, 729, 730, 731, 732, 733, 734, 735, 736, 737, 738, 739, 740, 741, 742, 743, 744, 745, 746, 747, 748, 749, 750, 751, 752, 753, 754, 755, 756, 757, 758, 759, 760, 761, 762, 763, 764, 765, 766, 767, 768, 769, 770, 771, 772, 773, 774, 775, 776, 777, 778, 779, 780, 781, 782, 783, 784, 785, 786, 787, 788, 789, 790, 791, 792, 793]","[140, 315, 318, 611, 773, 776]","[121, 318, 320, 592, 776, 778]","[140, 315, 318, 420, 446, 448, 450, 468, 611, 773, 776, 860, 872, 896, 915]","[4, 31, 59, 84, 87, 89, 114, 115, 117, 124, 132, 135, 142, 144, 147, 152, 178, 180, 218, 229, 232, 239, 264, 268, 269, 281, 297, 299, 318, 320, 327, 331, 338, 348, 352, 367, 382, 387, 394, 403, 405, 408, 410, 455, 463, 465, 466, 468, 470, 472, 473, 483, 484, 490, 514, 535, 555, 558, 560, 585, 586, 588, 595, 603, 606, 613, 615, 618, 623, 649, 651, 686, 693, 696, 703, 724, 727, 728, 740, 756, 758, 776, 778, 785, 788, 794, 803, 807, 832, 837, 844, 852, 854, 858, 860, 861, 902, 910, 912, 913, 915, 917, 919, 920, 931, 934, 935]",[],7/6 successful match,True,[576],True,746,False,,1.0,True,United Oil ( 76 ),
Perris ( 92570 ) United Pacific ( 76 ),951-943-7220 I-215 Exit 14 ( Ethanac Rd W ),24 SO <U+2610>,Perris,92570,United Pacific ( 76 ),951-943-7220,2016,Perris,CA,,( Ethanac Rd W ),I-215 Exit 14 ,Exit,14,False,,False,I-215,,,,,"[776, 318]","[315, 318, 773, 776]","[140, 315, 318, 611, 773, 776]","[121, 318, 320, 592, 776, 778]","[103, 104, 105, 106, 107, 108, 109, 110, 111, 112, 113, 114, 115, 116, 117, 118, 119, 120, 121, 122, 123, 124, 125, 126, 127, 128, 129, 130, 131, 132, 133, 134, 135, 136, 137, 138, 139, 140, 141, 142, 143, 144, 145, 146, 147, 148, 149, 150, 151, 152, 153, 154, 155, 156, 157, 158, 159, 160, 161, 162, 163, 164, 165, 166, 167, 168, 169, 170, 171, 172, 173, 174, 175, 176, 177, 178, 179, 180, 181, 182, 183, 184, 185, 186, 187, 188, 189, 190, 191, 192, 193, 194, 195, 196, 197, 198, 199, 200, 201, 202, 203, 204, 205, 206, 207, 208, 209, 210, 211, 212, 213, 214, 215, 216, 217, 218, 219, 220, 221, 222, 223, 224, 225, 226, 227, 228, 229, 230, 231, 232, 233, 234, 235, 236, 237, 238, 239, 240, 241, 242, 243, 244, 245, 246, 247, 248, 249, 250, 251, 252, 253, 254, 255, 256, 257, 258, 259, 260, 261, 262, 263, 264, 265, 266, 267, 268, 269, 270, 271, 272, 273, 274, 275, 276, 277, 278, 279, 280, 281, 282, 283, 284, 285, 286, 287, 288, 289, 290, 291, 292, 293, 294, 295, 296, 297, 298, 299, 300, 301, 302, 303, 304, 305, 306, 307, 308, 309, 310, 311, 312, 313, 314, 315, 316, 317, 318, 319, 320, 321, 322, 323, 324, 325, 326, 327, 328, 329, 330, 331, 332, 333, 334, 335, 336, 337, 574, 575, 576, 577, 578, 579, 580, 581, 582, 583, 584, 585, 586, 587, 588, 589, 590, 591, 592, 593, 594, 595, 596, 597, 598, 599, 600, 601, 602, 603, 604, 605, 606, 607, 608, 609, 610, 611, 612, 613, 614, 615, 616, 617, 618, 619, 620, 621, 622, 623, 624, 625, 626, 627, 628, 629, 630, 631, 632, 633, 634, 635, 636, 637, 638, 639, 640, 641, 642, 643, 644, 645, 646, 647, 648, 649, 650, 651, 652, 653, 654, 655, 656, 657, 658, 659, 660, 661, 662, 663, 664, 665, 666, 667, 668, 669, 670, 671, 672, 673, 674, 675, 676, 677, 678, 679, 680, 681, 682, 683, 684, 685, 686, 687, 688, 689, 690, 691, 692, 693, 694, 695, 696, 697, 698, 699, 700, 701, 702, 703, 704, 705, 706, 707, 708, 709, 710, 711, 712, 713, 714, 715, 716, 717, 718, 719, 720, 721, 722, 723, 724, 725, 726, 727, 728, 729, 730, 731, 732, 733, 734, 735, 736, 737, 738, 739, 740, 741, 742, 743, 744, 745, 746, 747, 748, 749, 750, 751, 752, 753, 754, 755, 756, 757, 758, 759, 760, 761, 762, 763, 764, 765, 766, 767, 768, 769, 770, 771, 772, 773, 774, 775, 776, 777, 778, 779, 780, 781, 782, 783, 784, 785, 786, 787, 788, 789, 790, 791, 792, 793]","[140, 315, 318, 420, 446, 448, 450, 468, 611, 773, 776, 860, 872, 896, 915]",[],"[84, 87, 89, 114, 115, 117, 124, 132, 135, 144, 152, 178, 239, 268, 281, 297, 318, 320, 325, 327, 348, 394, 555, 558, 560, 585, 586, 588, 595, 603, 606, 615, 623, 649, 703, 727, 740, 756, 776, 778, 783, 785, 803, 844]","[84, 87, 89, 103, 104, 105, 106, 107, 108, 109, 110, 111, 112, 113, 114, 115, 116, 117, 118, 119, 120, 121, 122, 123, 124, 125, 126, 127, 128, 129, 130, 131, 132, 133, 134, 135, 136, 137, 138, 139, 140, 141, 142, 143, 144, 145, 146, 147, 148, 149, 150, 151, 152, 153, 154, 155, 156, 157, 158, 159, 160, 161, 162, 163, 164, 165, 166, 167, 168, 169, 170, 171, 172, 173, 174, 175, 176, 177, 178, 179, 180, 181, 182, 183, 184, 185, 186, 187, 188, 189, 190, 191, 192, 193, 194, 195, 196, 197, 198, 199, 200, 201, 202, 203, 204, 205, 206, 207, 208, 209, 210, 211, 212, 213, 214, 215, 216, 217, 218, 219, 220, 221, 222, 223, 224, 225, 226, 227, 228, 229, 230, 231, 232, 233, 234, 235, 236, 237, 238, 239, 240, 241, 242, 243, 244, 245, 246, 247, 248, 249, 250, 251, 252, 253, 254, 255, 256, 257, 258, 259, 260, 261, 262, 263, 264, 265, 266, 267, 268, 269, 270, 271, 272, 273, 274, 275, 276, 277, 278, 279, 280, 281, 282, 283, 284, 285, 286, 287, 288, 289, 290, 291, 292, 293, 294, 295, 296, 297, 298, 299, 300, 301, 302, 303, 304, 305, 306, 307, 308, 309, 310, 311, 312, 313, 314, 315, 316, 317, 318, 319, 320, 321, 322, 323, 324, 325, 326, 327, 328, 329, 330, 331, 332, 333, 334, 335, 336, 337, 348, 394, 420, 446, 448, 450, 468, 555, 558, 560, 574, 575, 576, 577, 578, 579, 580, 581, 582, 583, 584, 585, 586, 587, 588, 589, 590, 591, 592, 593, 594, 595, 596, 597, 598, 599, 600, 601, 602, 603, 604, 605, 606, 607, 608, 609, 610, 611, 612, 613, 614, 615, 616, 617, 618, 619, 620, 621, 622, 623, 624, 625, 626, 627, 628, 629, 630, 631, 632, 633, 634, 635, 636, 637, 638, 639, 640, 641, 642, 643, 644, 645, 646, 647, 648, 649, 650, 651, 652, 653, 654, 655, 656, 657, 658, 659, 660, 661, 662, 663, 664, 665, 666, 667, 668, 669, 670, 671, 672, 673, 674, 675, 676, 677, 678, 679, 680, 681, 682, 683, 684, 685, 686, 687, 688, 689, 690, 691, 692, 693, 694, 695, 696, 697, 698, 699, 700, 701, 702, 703, 704, 705, 706, 707, 708, 709, 710, 711, 712, 713, 714, 715, 716, 717, 718, 719, 720, 721, 722, 723, 724, 725, 726, 727, 728, 729, 730, 731, 732, 733, 734, 735, 736, 737, 738, 739, 740, 741, 742, 743, 744, 745, 746, 747, 748, 749, 750, 751, 752, 753, 754, 755, 756, 757, 758, 759, 760, 761, 762, 763, 764, 765, 766, 767, 768, 769, 770, 771, 772, 773, 774, 775, 776, 777, 778, 779, 780, 781, 782, 783, 784, 785, 786, 787, 788, 789, 790, 791, 792, 793, 803, 844, 860, 872, 896, 915]",True,"[315, 318, 773, 776]","[103, 104, 105, 106, 107, 108, 109, 110, 111, 112, 113, 114, 115, 116, 117, 118, 119, 120, 121, 122, 123, 124, 125, 126, 127, 128, 129, 130, 131, 132, 133, 134, 135, 136, 137, 138, 139, 140, 141, 142, 143, 144, 145, 146, 147, 148, 149, 150, 151, 152, 153, 154, 155, 156, 157, 158, 159, 160, 161, 162, 163, 164, 165, 166, 167, 168, 169, 170, 171, 172, 173, 174, 175, 176, 177, 178, 179, 180, 181, 182, 183, 184, 185, 186, 187, 188, 189, 190, 191, 192, 193, 194, 195, 196, 197, 198, 199, 200, 201, 202, 203, 204, 205, 206, 207, 208, 209, 210, 211, 212, 213, 214, 215, 216, 217, 218, 219, 220, 221, 222, 223, 224, 225, 226, 227, 228, 229, 230, 231, 232, 233, 234, 235, 236, 237, 238, 239, 240, 241, 242, 243, 244, 245, 246, 247, 248, 249, 250, 251, 252, 253, 254, 255, 256, 257, 258, 259, 260, 261, 262, 263, 264, 265, 266, 267, 268, 269, 270, 271, 272, 273, 274, 275, 276, 277, 278, 279, 280, 281, 282, 283, 284, 285, 286, 287, 288, 289, 290, 291, 292, 293, 294, 295, 296, 297, 298, 299, 300, 301, 302, 303, 304, 305, 306, 307, 308, 309, 310, 311, 312, 313, 314, 315, 316, 317, 318, 319, 320, 321, 322, 323, 324, 325, 326, 327, 328, 329, 330, 331, 332, 333, 334, 335, 336, 337, 574, 575, 576, 577, 578, 579, 580, 581, 582, 583, 584, 585, 586, 587, 588, 589, 590, 591, 592, 593, 594, 595, 596, 597, 598, 599, 600, 601, 602, 603, 604, 605, 606, 607, 608, 609, 610, 611, 612, 613, 614, 615, 616, 617, 618, 619, 620, 621, 622, 623, 624, 625, 626, 627, 628, 629, 630, 631, 632, 633, 634, 635, 636, 637, 638, 639, 640, 641, 642, 643, 644, 645, 646, 647, 648, 649, 650, 651, 652, 653, 654, 655, 656, 657, 658, 659, 660, 661, 662, 663, 664, 665, 666, 667, 668, 669, 670, 671, 672, 673, 674, 675, 676, 677, 678, 679, 680, 681, 682, 683, 684, 685, 686, 687, 688, 689, 690, 691, 692, 693, 694, 695, 696, 697, 698, 699, 700, 701, 702, 703, 704, 705, 706, 707, 708, 709, 710, 711, 712, 713, 714, 715, 716, 717, 718, 719, 720, 721, 722, 723, 724, 725, 726, 727, 728, 729, 730, 731, 732, 733, 734, 735, 736, 737, 738, 739, 740, 741, 742, 743, 744, 745, 746, 747, 748, 749, 750, 751, 752, 753, 754, 755, 756, 757, 758, 759, 760, 761, 762, 763, 764, 765, 766, 767, 768, 769, 770, 771, 772, 773, 774, 775, 776, 777, 778, 779, 780, 781, 782, 783, 784, 785, 786, 787, 788, 789, 790, 791, 792, 793]","[140, 315, 318, 611, 773, 776]","[121, 318, 320, 592, 776, 778]","[140, 315, 318, 420, 446, 448, 450, 468, 611, 773, 776, 860, 872, 896, 915]","[84, 87, 89, 114, 115, 117, 124, 132, 135, 144, 152, 178, 239, 268, 281, 297, 318, 320, 325, 327, 348, 394, 555, 558, 560, 585, 586, 588, 595, 603, 606, 615, 623, 649, 703, 727, 740, 756, 776, 778, 783, 785, 803, 844]",[],7/6 successful match,True,[576],True,746,False,,0.9368421052631579,True,United Oil ( 76 ),
Perris ( 92571 ) Chevron Extra Mile,7 951-943-1033 I-215 Exit 22 ( Ramone Expwy E ),24 <U+25A1>,Perris,92571,Chevron Extra Mile,951-943-1033,2014,Perris,CA,Chevron,( Ramone Expwy E ),I-215 Exit 22 ,Exit,22,False,,False,I-215,,,,,"[611, 140]","[140, 611]","[140, 315, 318, 611, 773, 776]","[140, 315, 611, 773]","[103, 104, 105, 106, 107, 108, 109, 110, 111, 112, 113, 114, 115, 116, 117, 118, 119, 120, 121, 122, 123, 124, 125, 126, 127, 128, 129, 130, 131, 132, 133, 134, 135, 136, 137, 138, 139, 140, 141, 142, 143, 144, 145, 146, 147, 148, 149, 150, 151, 152, 153, 154, 155, 156, 157, 158, 159, 160, 161, 162, 163, 164, 165, 166, 167, 168, 169, 170, 171, 172, 173, 174, 175, 176, 177, 178, 179, 180, 181, 182, 183, 184, 185, 186, 187, 188, 189, 190, 191, 192, 193, 194, 195, 196, 197, 198, 199, 200, 201, 202, 203, 204, 205, 206, 207, 208, 209, 210, 211, 212, 213, 214, 215, 216, 217, 218, 219, 220, 221, 222, 223, 224, 225, 226, 227, 228, 229, 230, 231, 232, 233, 234, 235, 236, 237, 238, 239, 240, 241, 242, 243, 244, 245, 246, 247, 248, 249, 250, 251, 252, 253, 254, 255, 256, 257, 258, 259, 260, 261, 262, 263, 264, 265, 266, 267, 268, 269, 270, 271, 272, 273, 274, 275, 276, 277, 278, 279, 280, 281, 282, 283, 284, 285, 286, 287, 288, 289, 290, 291, 292, 293, 294, 295, 296, 297, 298, 299, 300, 301, 302, 303, 304, 305, 306, 307, 308, 309, 310, 311, 312, 313, 314, 315, 316, 317, 318, 319, 320, 321, 322, 323, 324, 325, 326, 327, 328, 329, 330, 331, 332, 333, 334, 335, 336, 337, 574, 575, 576, 577, 578, 579, 580, 581, 582, 583, 584, 585, 586, 587, 588, 589, 590, 591, 592, 593, 594, 595, 596, 597, 598, 599, 600, 601, 602, 603, 604, 605, 606, 607, 608, 609, 610, 611, 612, 613, 614, 615, 616, 617, 618, 619, 620, 621, 622, 623, 624, 625, 626, 627, 628, 629, 630, 631, 632, 633, 634, 635, 636, 637, 638, 639, 640, 641, 642, 643, 644, 645, 646, 647, 648, 649, 650, 651, 652, 653, 654, 655, 656, 657, 658, 659, 660, 661, 662, 663, 664, 665, 666, 667, 668, 669, 670, 671, 672, 673, 674, 675, 676, 677, 678, 679, 680, 681, 682, 683, 684, 685, 686, 687, 688, 689, 690, 691, 692, 693, 694, 695, 696, 697, 698, 699, 700, 701, 702, 703, 704, 705, 706, 707, 708, 709, 710, 711, 712, 713, 714, 715, 716, 717, 718, 719, 720, 721, 722, 723, 724, 725, 726, 727, 728, 729, 730, 731, 732, 733, 734, 735, 736, 737, 738, 739, 740, 741, 742, 743, 744, 745, 746, 747, 748, 749, 750, 751, 752, 753, 754, 755, 756, 757, 758, 759, 760, 761, 762, 763, 764, 765, 766, 767, 768, 769, 770, 771, 772, 773, 774, 775, 776, 777, 778, 779, 780, 781, 782, 783, 784, 785, 786, 787, 788, 789, 790, 791, 792, 793]","[140, 315, 318, 420, 446, 448, 450, 468, 611, 773, 776, 860, 872, 896, 915]","[12, 24, 25, 28, 88, 100, 104, 119, 123, 129, 136, 137, 139, 140, 141, 148, 155, 169, 172, 179, 183, 185, 188, 196, 198, 217, 237, 267, 270, 278, 319, 321, 324, 325, 330, 334, 335, 354, 366, 369, 380, 383, 384, 386, 395, 407, 411, 423, 428, 436, 437, 452, 453, 456, 467, 471, 477, 478, 479, 497, 508, 511, 559, 571, 575, 590, 594, 600, 607, 608, 610, 611, 612, 619, 627, 640, 643, 650, 654, 656, 659, 667, 669, 685, 701, 726, 729, 737, 777, 779, 782, 783, 787, 790, 791, 809, 817, 819, 830, 833, 834, 836, 845, 856, 857, 860, 862, 875, 880, 887, 888, 899, 900, 914, 918, 921, 928, 929, 930]","[12, 24, 25, 28, 88, 100, 104, 119, 123, 129, 136, 137, 139, 140, 141, 148, 155, 169, 172, 179, 183, 185, 188, 196, 198, 217, 237, 267, 270, 278, 319, 321, 324, 325, 330, 334, 335, 354, 366, 369, 380, 383, 384, 386, 395, 407, 411, 423, 428, 436, 437, 452, 453, 456, 467, 471, 477, 478, 479, 497, 508, 511, 559, 571, 575, 590, 594, 600, 607, 608, 610, 611, 612, 619, 627, 640, 643, 650, 654, 656, 659, 667, 669, 685, 701, 726, 729, 737, 777, 779, 782, 783, 787, 790, 791, 809, 817, 819, 830, 833, 834, 836, 845, 856, 857, 860, 862, 875, 880, 887, 888, 899, 900, 914, 918, 921, 928, 929, 930]","[12, 24, 25, 28, 88, 100, 103, 104, 105, 106, 107, 108, 109, 110, 111, 112, 113, 114, 115, 116, 117, 118, 119, 120, 121, 122, 123, 124, 125, 126, 127, 128, 129, 130, 131, 132, 133, 134, 135, 136, 137, 138, 139, 140, 141, 142, 143, 144, 145, 146, 147, 148, 149, 150, 151, 152, 153, 154, 155, 156, 157, 158, 159, 160, 161, 162, 163, 164, 165, 166, 167, 168, 169, 170, 171, 172, 173, 174, 175, 176, 177, 178, 179, 180, 181, 182, 183, 184, 185, 186, 187, 188, 189, 190, 191, 192, 193, 194, 195, 196, 197, 198, 199, 200, 201, 202, 203, 204, 205, 206, 207, 208, 209, 210, 211, 212, 213, 214, 215, 216, 217, 218, 219, 220, 221, 222, 223, 224, 225, 226, 227, 228, 229, 230, 231, 232, 233, 234, 235, 236, 237, 238, 239, 240, 241, 242, 243, 244, 245, 246, 247, 248, 249, 250, 251, 252, 253, 254, 255, 256, 257, 258, 259, 260, 261, 262, 263, 264, 265, 266, 267, 268, 269, 270, 271, 272, 273, 274, 275, 276, 277, 278, 279, 280, 281, 282, 283, 284, 285, 286, 287, 288, 289, 290, 291, 292, 293, 294, 295, 296, 297, 298, 299, 300, 301, 302, 303, 304, 305, 306, 307, 308, 309, 310, 311, 312, 313, 314, 315, 316, 317, 318, 319, 320, 321, 322, 323, 324, 325, 326, 327, 328, 329, 330, 331, 332, 333, 334, 335, 336, 337, 354, 366, 369, 380, 383, 384, 386, 395, 407, 411, 420, 423, 428, 436, 437, 446, 448, 450, 452, 453, 456, 467, 468, 471, 477, 478, 479, 497, 508, 511, 559, 571, 574, 575, 576, 577, 578, 579, 580, 581, 582, 583, 584, 585, 586, 587, 588, 589, 590, 591, 592, 593, 594, 595, 596, 597, 598, 599, 600, 601, 602, 603, 604, 605, 606, 607, 608, 609, 610, 611, 612, 613, 614, 615, 616, 617, 618, 619, 620, 621, 622, 623, 624, 625, 626, 627, 628, 629, 630, 631, 632, 633, 634, 635, 636, 637, 638, 639, 640, 641, 642, 643, 644, 645, 646, 647, 648, 649, 650, 651, 652, 653, 654, 655, 656, 657, 658, 659, 660, 661, 662, 663, 664, 665, 666, 667, 668, 669, 670, 671, 672, 673, 674, 675, 676, 677, 678, 679, 680, 681, 682, 683, 684, 685, 686, 687, 688, 689, 690, 691, 692, 693, 694, 695, 696, 697, 698, 699, 700, 701, 702, 703, 704, 705, 706, 707, 708, 709, 710, 711, 712, 713, 714, 715, 716, 717, 718, 719, 720, 721, 722, 723, 724, 725, 726, 727, 728, 729, 730, 731, 732, 733, 734, 735, 736, 737, 738, 739, 740, 741, 742, 743, 744, 745, 746, 747, 748, 749, 750, 751, 752, 753, 754, 755, 756, 757, 758, 759, 760, 761, 762, 763, 764, 765, 766, 767, 768, 769, 770, 771, 772, 773, 774, 775, 776, 777, 778, 779, 780, 781, 782, 783, 784, 785, 786, 787, 788, 789, 790, 791, 792, 793, 809, 817, 819, 830, 833, 834, 836, 845, 856, 857, 860, 862, 872, 875, 880, 887, 888, 896, 899, 900, 914, 915, 918, 921, 928, 929, 930]",True,"[140, 611]","[103, 104, 105, 106, 107, 108, 109, 110, 111, 112, 113, 114, 115, 116, 117, 118, 119, 120, 121, 122, 123, 124, 125, 126, 127, 128, 129, 130, 131, 132, 133, 134, 135, 136, 137, 138, 139, 140, 141, 142, 143, 144, 145, 146, 147, 148, 149, 150, 151, 152, 153, 154, 155, 156, 157, 158, 159, 160, 161, 162, 163, 164, 165, 166, 167, 168, 169, 170, 171, 172, 173, 174, 175, 176, 177, 178, 179, 180, 181, 182, 183, 184, 185, 186, 187, 188, 189, 190, 191, 192, 193, 194, 195, 196, 197, 198, 199, 200, 201, 202, 203, 204, 205, 206, 207, 208, 209, 210, 211, 212, 213, 214, 215, 216, 217, 218, 219, 220, 221, 222, 223, 224, 225, 226, 227, 228, 229, 230, 231, 232, 233, 234, 235, 236, 237, 238, 239, 240, 241, 242, 243, 244, 245, 246, 247, 248, 249, 250, 251, 252, 253, 254, 255, 256, 257, 258, 259, 260, 261, 262, 263, 264, 265, 266, 267, 268, 269, 270, 271, 272, 273, 274, 275, 276, 277, 278, 279, 280, 281, 282, 283, 284, 285, 286, 287, 288, 289, 290, 291, 292, 293, 294, 295, 296, 297, 298, 299, 300, 301, 302, 303, 304, 305, 306, 307, 308, 309, 310, 311, 312, 313, 314, 315, 316, 317, 318, 319, 320, 321, 322, 323, 324, 325, 326, 327, 328, 329, 330, 331, 332, 333, 334, 335, 336, 337, 574, 575, 576, 577, 578, 579, 580, 581, 582, 583, 584, 585, 586, 587, 588, 589, 590, 591, 592, 593, 594, 595, 596, 597, 598, 599, 600, 601, 602, 603, 604, 605, 606, 607, 608, 609, 610, 611, 612, 613, 614, 615, 616, 617, 618, 619, 620, 621, 622, 623, 624, 625, 626, 627, 628, 629, 630, 631, 632, 633, 634, 635, 636, 637, 638, 639, 640, 641, 642, 643, 644, 645, 646, 647, 648, 649, 650, 651, 652, 653, 654, 655, 656, 657, 658, 659, 660, 661, 662, 663, 664, 665, 666, 667, 668, 669, 670, 671, 672, 673, 674, 675, 676, 677, 678, 679, 680, 681, 682, 683, 684, 685, 686, 687, 688, 689, 690, 691, 692, 693, 694, 695, 696, 697, 698, 699, 700, 701, 702, 703, 704, 705, 706, 707, 708, 709, 710, 711, 712, 713, 714, 715, 716, 717, 718, 719, 720, 721, 722, 723, 724, 725, 726, 727, 728, 729, 730, 731, 732, 733, 734, 735, 736, 737, 738, 739, 740, 741, 742, 743, 744, 745, 746, 747, 748, 749, 750, 751, 752, 753, 754, 755, 756, 757, 758, 759, 760, 761, 762, 763, 764, 765, 766, 767, 768, 769, 770, 771, 772, 773, 774, 775, 776, 777, 778, 779, 780, 781, 782, 783, 784, 785, 786, 787, 788, 789, 790, 791, 792, 793]","[140, 315, 318, 611, 773, 776]","[140, 315, 611, 773]","[140, 315, 318, 420, 446, 448, 450, 468, 611, 773, 776, 860, 872, 896, 915]","[12, 24, 25, 28, 88, 100, 104, 119, 123, 129, 136, 137, 139, 140, 141, 148, 155, 169, 172, 179, 183, 185, 188, 196, 198, 217, 237, 267, 270, 278, 319, 321, 324, 325, 330, 334, 335, 354, 366, 369, 380, 383, 384, 386, 395, 407, 411, 423, 428, 436, 437, 452, 453, 456, 467, 471, 477, 478, 479, 497, 508, 511, 559, 571, 575, 590, 594, 600, 607, 608, 610, 611, 612, 619, 627, 640, 643, 650, 654, 656, 659, 667, 669, 685, 701, 726, 729, 737, 777, 779, 782, 783, 787, 790, 791, 809, 817, 819, 830, 833, 834, 836, 845, 856, 857, 860, 862, 875, 880, 887, 888, 899, 900, 914, 918, 921, 928, 929, 930]","[12, 24, 25, 28, 88, 100, 104, 119, 123, 129, 136, 137, 139, 140, 141, 148, 155, 169, 172, 179, 183, 185, 188, 196, 198, 217, 237, 267, 270, 278, 319, 321, 324, 325, 330, 334, 335, 354, 366, 369, 380, 383, 384, 386, 395, 407, 411, 423, 428, 436, 437, 452, 453, 456, 467, 471, 477, 478, 479, 497, 508, 511, 559, 571, 575, 590, 594, 600, 607, 608, 610, 611, 612, 619, 627, 640, 643, 650, 654, 656, 659, 667, 669, 685, 701, 726, 729, 737, 777, 779, 782, 783, 787, 790, 791, 809, 817, 819, 830, 833, 834, 836, 845, 856, 857, 860, 862, 875, 880, 887, 888, 899, 900, 914, 918, 921, 928, 929, 930]",7/6 successful match,True,[683],True,747,False,,,,,
Perris ( 92571 ) Chevron Extra Mile W ),951-943-1033 I-215 Exit 22 ( Ramone,24 O,Perris,92571,Chevron Extra Mile W ),951-943-1033,2015,Perris,CA,Chevron,( Ramone,I-215 Exit 22 ,Exit,22,False,,False,I-215,,,,,"[611, 140]","[140, 611]","[140, 315, 318, 611, 773, 776]","[140, 315, 611, 773]","[103, 104, 105, 106, 107, 108, 109, 110, 111, 112, 113, 114, 115, 116, 117, 118, 119, 120, 121, 122, 123, 124, 125, 126, 127, 128, 129, 130, 131, 132, 133, 134, 135, 136, 137, 138, 139, 140, 141, 142, 143, 144, 145, 146, 147, 148, 149, 150, 151, 152, 153, 154, 155, 156, 157, 158, 159, 160, 161, 162, 163, 164, 165, 166, 167, 168, 169, 170, 171, 172, 173, 174, 175, 176, 177, 178, 179, 180, 181, 182, 183, 184, 185, 186, 187, 188, 189, 190, 191, 192, 193, 194, 195, 196, 197, 198, 199, 200, 201, 202, 203, 204, 205, 206, 207, 208, 209, 210, 211, 212, 213, 214, 215, 216, 217, 218, 219, 220, 221, 222, 223, 224, 225, 226, 227, 228, 229, 230, 231, 232, 233, 234, 235, 236, 237, 238, 239, 240, 241, 242, 243, 244, 245, 246, 247, 248, 249, 250, 251, 252, 253, 254, 255, 256, 257, 258, 259, 260, 261, 262, 263, 264, 265, 266, 267, 268, 269, 270, 271, 272, 273, 274, 275, 276, 277, 278, 279, 280, 281, 282, 283, 284, 285, 286, 287, 288, 289, 290, 291, 292, 293, 294, 295, 296, 297, 298, 299, 300, 301, 302, 303, 304, 305, 306, 307, 308, 309, 310, 311, 312, 313, 314, 315, 316, 317, 318, 319, 320, 321, 322, 323, 324, 325, 326, 327, 328, 329, 330, 331, 332, 333, 334, 335, 336, 337, 574, 575, 576, 577, 578, 579, 580, 581, 582, 583, 584, 585, 586, 587, 588, 589, 590, 591, 592, 593, 594, 595, 596, 597, 598, 599, 600, 601, 602, 603, 604, 605, 606, 607, 608, 609, 610, 611, 612, 613, 614, 615, 616, 617, 618, 619, 620, 621, 622, 623, 624, 625, 626, 627, 628, 629, 630, 631, 632, 633, 634, 635, 636, 637, 638, 639, 640, 641, 642, 643, 644, 645, 646, 647, 648, 649, 650, 651, 652, 653, 654, 655, 656, 657, 658, 659, 660, 661, 662, 663, 664, 665, 666, 667, 668, 669, 670, 671, 672, 673, 674, 675, 676, 677, 678, 679, 680, 681, 682, 683, 684, 685, 686, 687, 688, 689, 690, 691, 692, 693, 694, 695, 696, 697, 698, 699, 700, 701, 702, 703, 704, 705, 706, 707, 708, 709, 710, 711, 712, 713, 714, 715, 716, 717, 718, 719, 720, 721, 722, 723, 724, 725, 726, 727, 728, 729, 730, 731, 732, 733, 734, 735, 736, 737, 738, 739, 740, 741, 742, 743, 744, 745, 746, 747, 748, 749, 750, 751, 752, 753, 754, 755, 756, 757, 758, 759, 760, 761, 762, 763, 764, 765, 766, 767, 768, 769, 770, 771, 772, 773, 774, 775, 776, 777, 778, 779, 780, 781, 782, 783, 784, 785, 786, 787, 788, 789, 790, 791, 792, 793]","[140, 315, 318, 420, 446, 448, 450, 468, 611, 773, 776, 860, 872, 896, 915]","[12, 24, 25, 28, 88, 100, 104, 119, 123, 129, 136, 137, 139, 140, 141, 148, 155, 169, 172, 179, 183, 185, 188, 196, 198, 217, 237, 267, 270, 278, 319, 321, 324, 325, 330, 334, 335, 354, 366, 369, 380, 383, 384, 386, 395, 407, 411, 423, 428, 436, 437, 452, 453, 456, 467, 471, 477, 478, 479, 497, 508, 511, 559, 571, 575, 590, 594, 600, 607, 608, 610, 611, 612, 619, 627, 640, 643, 650, 654, 656, 659, 667, 669, 685, 701, 726, 729, 737, 777, 779, 782, 783, 787, 790, 791, 809, 817, 819, 830, 833, 834, 836, 845, 856, 857, 860, 862, 875, 880, 887, 888, 899, 900, 914, 918, 921, 928, 929, 930]","[12, 24, 25, 28, 88, 100, 104, 119, 123, 129, 136, 137, 139, 140, 141, 148, 155, 169, 172, 179, 183, 185, 188, 196, 198, 217, 237, 267, 270, 278, 319, 321, 324, 325, 330, 334, 335, 354, 366, 369, 380, 383, 384, 386, 395, 407, 411, 423, 428, 436, 437, 452, 453, 456, 467, 471, 477, 478, 479, 497, 508, 511, 559, 571, 575, 590, 594, 600, 607, 608, 610, 611, 612, 619, 627, 640, 643, 650, 654, 656, 659, 667, 669, 685, 701, 726, 729, 737, 777, 779, 782, 783, 787, 790, 791, 809, 817, 819, 830, 833, 834, 836, 845, 856, 857, 860, 862, 875, 880, 887, 888, 899, 900, 914, 918, 921, 928, 929, 930]","[12, 24, 25, 28, 88, 100, 103, 104, 105, 106, 107, 108, 109, 110, 111, 112, 113, 114, 115, 116, 117, 118, 119, 120, 121, 122, 123, 124, 125, 126, 127, 128, 129, 130, 131, 132, 133, 134, 135, 136, 137, 138, 139, 140, 141, 142, 143, 144, 145, 146, 147, 148, 149, 150, 151, 152, 153, 154, 155, 156, 157, 158, 159, 160, 161, 162, 163, 164, 165, 166, 167, 168, 169, 170, 171, 172, 173, 174, 175, 176, 177, 178, 179, 180, 181, 182, 183, 184, 185, 186, 187, 188, 189, 190, 191, 192, 193, 194, 195, 196, 197, 198, 199, 200, 201, 202, 203, 204, 205, 206, 207, 208, 209, 210, 211, 212, 213, 214, 215, 216, 217, 218, 219, 220, 221, 222, 223, 224, 225, 226, 227, 228, 229, 230, 231, 232, 233, 234, 235, 236, 237, 238, 239, 240, 241, 242, 243, 244, 245, 246, 247, 248, 249, 250, 251, 252, 253, 254, 255, 256, 257, 258, 259, 260, 261, 262, 263, 264, 265, 266, 267, 268, 269, 270, 271, 272, 273, 274, 275, 276, 277, 278, 279, 280, 281, 282, 283, 284, 285, 286, 287, 288, 289, 290, 291, 292, 293, 294, 295, 296, 297, 298, 299, 300, 301, 302, 303, 304, 305, 306, 307, 308, 309, 310, 311, 312, 313, 314, 315, 316, 317, 318, 319, 320, 321, 322, 323, 324, 325, 326, 327, 328, 329, 330, 331, 332, 333, 334, 335, 336, 337, 354, 366, 369, 380, 383, 384, 386, 395, 407, 411, 420, 423, 428, 436, 437, 446, 448, 450, 452, 453, 456, 467, 468, 471, 477, 478, 479, 497, 508, 511, 559, 571, 574, 575, 576, 577, 578, 579, 580, 581, 582, 583, 584, 585, 586, 587, 588, 589, 590, 591, 592, 593, 594, 595, 596, 597, 598, 599, 600, 601, 602, 603, 604, 605, 606, 607, 608, 609, 610, 611, 612, 613, 614, 615, 616, 617, 618, 619, 620, 621, 622, 623, 624, 625, 626, 627, 628, 629, 630, 631, 632, 633, 634, 635, 636, 637, 638, 639, 640, 641, 642, 643, 644, 645, 646, 647, 648, 649, 650, 651, 652, 653, 654, 655, 656, 657, 658, 659, 660, 661, 662, 663, 664, 665, 666, 667, 668, 669, 670, 671, 672, 673, 674, 675, 676, 677, 678, 679, 680, 681, 682, 683, 684, 685, 686, 687, 688, 689, 690, 691, 692, 693, 694, 695, 696, 697, 698, 699, 700, 701, 702, 703, 704, 705, 706, 707, 708, 709, 710, 711, 712, 713, 714, 715, 716, 717, 718, 719, 720, 721, 722, 723, 724, 725, 726, 727, 728, 729, 730, 731, 732, 733, 734, 735, 736, 737, 738, 739, 740, 741, 742, 743, 744, 745, 746, 747, 748, 749, 750, 751, 752, 753, 754, 755, 756, 757, 758, 759, 760, 761, 762, 763, 764, 765, 766, 767, 768, 769, 770, 771, 772, 773, 774, 775, 776, 777, 778, 779, 780, 781, 782, 783, 784, 785, 786, 787, 788, 789, 790, 791, 792, 793, 809, 817, 819, 830, 833, 834, 836, 845, 856, 857, 860, 862, 872, 875, 880, 887, 888, 896, 899, 900, 914, 915, 918, 921, 928, 929, 930]",True,"[140, 611]","[103, 104, 105, 106, 107, 108, 109, 110, 111, 112, 113, 114, 115, 116, 117, 118, 119, 120, 121, 122, 123, 124, 125, 126, 127, 128, 129, 130, 131, 132, 133, 134, 135, 136, 137, 138, 139, 140, 141, 142, 143, 144, 145, 146, 147, 148, 149, 150, 151, 152, 153, 154, 155, 156, 157, 158, 159, 160, 161, 162, 163, 164, 165, 166, 167, 168, 169, 170, 171, 172, 173, 174, 175, 176, 177, 178, 179, 180, 181, 182, 183, 184, 185, 186, 187, 188, 189, 190, 191, 192, 193, 194, 195, 196, 197, 198, 199, 200, 201, 202, 203, 204, 205, 206, 207, 208, 209, 210, 211, 212, 213, 214, 215, 216, 217, 218, 219, 220, 221, 222, 223, 224, 225, 226, 227, 228, 229, 230, 231, 232, 233, 234, 235, 236, 237, 238, 239, 240, 241, 242, 243, 244, 245, 246, 247, 248, 249, 250, 251, 252, 253, 254, 255, 256, 257, 258, 259, 260, 261, 262, 263, 264, 265, 266, 267, 268, 269, 270, 271, 272, 273, 274, 275, 276, 277, 278, 279, 280, 281, 282, 283, 284, 285, 286, 287, 288, 289, 290, 291, 292, 293, 294, 295, 296, 297, 298, 299, 300, 301, 302, 303, 304, 305, 306, 307, 308, 309, 310, 311, 312, 313, 314, 315, 316, 317, 318, 319, 320, 321, 322, 323, 324, 325, 326, 327, 328, 329, 330, 331, 332, 333, 334, 335, 336, 337, 574, 575, 576, 577, 578, 579, 580, 581, 582, 583, 584, 585, 586, 587, 588, 589, 590, 591, 592, 593, 594, 595, 596, 597, 598, 599, 600, 601, 602, 603, 604, 605, 606, 607, 608, 609, 610, 611, 612, 613, 614, 615, 616, 617, 618, 619, 620, 621, 622, 623, 624, 625, 626, 627, 628, 629, 630, 631, 632, 633, 634, 635, 636, 637, 638, 639, 640, 641, 642, 643, 644, 645, 646, 647, 648, 649, 650, 651, 652, 653, 654, 655, 656, 657, 658, 659, 660, 661, 662, 663, 664, 665, 666, 667, 668, 669, 670, 671, 672, 673, 674, 675, 676, 677, 678, 679, 680, 681, 682, 683, 684, 685, 686, 687, 688, 689, 690, 691, 692, 693, 694, 695, 696, 697, 698, 699, 700, 701, 702, 703, 704, 705, 706, 707, 708, 709, 710, 711, 712, 713, 714, 715, 716, 717, 718, 719, 720, 721, 722, 723, 724, 725, 726, 727, 728, 729, 730, 731, 732, 733, 734, 735, 736, 737, 738, 739, 740, 741, 742, 743, 744, 745, 746, 747, 748, 749, 750, 751, 752, 753, 754, 755, 756, 757, 758, 759, 760, 761, 762, 763, 764, 765, 766, 767, 768, 769, 770, 771, 772, 773, 774, 775, 776, 777, 778, 779, 780, 781, 782, 783, 784, 785, 786, 787, 788, 789, 790, 791, 792, 793]","[140, 315, 318, 611, 773, 776]","[140, 315, 611, 773]","[140, 315, 318, 420, 446, 448, 450, 468, 611, 773, 776, 860, 872, 896, 915]","[12, 24, 25, 28, 88, 100, 104, 119, 123, 129, 136, 137, 139, 140, 141, 148, 155, 169, 172, 179, 183, 185, 188, 196, 198, 217, 237, 267, 270, 278, 319, 321, 324, 325, 330, 334, 335, 354, 366, 369, 380, 383, 384, 386, 395, 407, 411, 423, 428, 436, 437, 452, 453, 456, 467, 471, 477, 478, 479, 497, 508, 511, 559, 571, 575, 590, 594, 600, 607, 608, 610, 611, 612, 619, 627, 640, 643, 650, 654, 656, 659, 667, 669, 685, 701, 726, 729, 737, 777, 779, 782, 783, 787, 790, 791, 809, 817, 819, 830, 833, 834, 836, 845, 856, 857, 860, 862, 875, 880, 887, 888, 899, 900, 914, 918, 921, 928, 929, 930]","[12, 24, 25, 28, 88, 100, 104, 119, 123, 129, 136, 137, 139, 140, 141, 148, 155, 169, 172, 179, 183, 185, 188, 196, 198, 217, 237, 267, 270, 278, 319, 321, 324, 325, 330, 334, 335, 354, 366, 369, 380, 383, 384, 386, 395, 407, 411, 423, 428, 436, 437, 452, 453, 456, 467, 471, 477, 478, 479, 497, 508, 511, 559, 571, 575, 590, 594, 600, 607, 608, 610, 611, 612, 619, 627, 640, 643, 650, 654, 656, 659, 667, 669, 685, 701, 726, 729, 737, 777, 779, 782, 783, 787, 790, 791, 809, 817, 819, 830, 833, 834, 836, 845, 856, 857, 860, 862, 875, 880, 887, 888, 899, 900, 914, 918, 921, 928, 929, 930]",7/6 successful match,True,[683],True,747,False,,1.0,True,Chevron Extra Mile,Chevron
Perris ( 92571 ) Chevron Extra Mile,951-943-1033 I-215 Exit 22 ( Ramone,24 <U+2610> <U+2610> <U+2610> <U+2610>,Perris,92571,Chevron Extra Mile,951-943-1033,2016,Perris,CA,Chevron,( Ramone,I-215 Exit 22 ,Exit,22,False,,False,I-215,,,,,"[611, 140]","[140, 611]","[140, 315, 318, 611, 773, 776]","[140, 315, 611, 773]","[103, 104, 105, 106, 107, 108, 109, 110, 111, 112, 113, 114, 115, 116, 117, 118, 119, 120, 121, 122, 123, 124, 125, 126, 127, 128, 129, 130, 131, 132, 133, 134, 135, 136, 137, 138, 139, 140, 141, 142, 143, 144, 145, 146, 147, 148, 149, 150, 151, 152, 153, 154, 155, 156, 157, 158, 159, 160, 161, 162, 163, 164, 165, 166, 167, 168, 169, 170, 171, 172, 173, 174, 175, 176, 177, 178, 179, 180, 181, 182, 183, 184, 185, 186, 187, 188, 189, 190, 191, 192, 193, 194, 195, 196, 197, 198, 199, 200, 201, 202, 203, 204, 205, 206, 207, 208, 209, 210, 211, 212, 213, 214, 215, 216, 217, 218, 219, 220, 221, 222, 223, 224, 225, 226, 227, 228, 229, 230, 231, 232, 233, 234, 235, 236, 237, 238, 239, 240, 241, 242, 243, 244, 245, 246, 247, 248, 249, 250, 251, 252, 253, 254, 255, 256, 257, 258, 259, 260, 261, 262, 263, 264, 265, 266, 267, 268, 269, 270, 271, 272, 273, 274, 275, 276, 277, 278, 279, 280, 281, 282, 283, 284, 285, 286, 287, 288, 289, 290, 291, 292, 293, 294, 295, 296, 297, 298, 299, 300, 301, 302, 303, 304, 305, 306, 307, 308, 309, 310, 311, 312, 313, 314, 315, 316, 317, 318, 319, 320, 321, 322, 323, 324, 325, 326, 327, 328, 329, 330, 331, 332, 333, 334, 335, 336, 337, 574, 575, 576, 577, 578, 579, 580, 581, 582, 583, 584, 585, 586, 587, 588, 589, 590, 591, 592, 593, 594, 595, 596, 597, 598, 599, 600, 601, 602, 603, 604, 605, 606, 607, 608, 609, 610, 611, 612, 613, 614, 615, 616, 617, 618, 619, 620, 621, 622, 623, 624, 625, 626, 627, 628, 629, 630, 631, 632, 633, 634, 635, 636, 637, 638, 639, 640, 641, 642, 643, 644, 645, 646, 647, 648, 649, 650, 651, 652, 653, 654, 655, 656, 657, 658, 659, 660, 661, 662, 663, 664, 665, 666, 667, 668, 669, 670, 671, 672, 673, 674, 675, 676, 677, 678, 679, 680, 681, 682, 683, 684, 685, 686, 687, 688, 689, 690, 691, 692, 693, 694, 695, 696, 697, 698, 699, 700, 701, 702, 703, 704, 705, 706, 707, 708, 709, 710, 711, 712, 713, 714, 715, 716, 717, 718, 719, 720, 721, 722, 723, 724, 725, 726, 727, 728, 729, 730, 731, 732, 733, 734, 735, 736, 737, 738, 739, 740, 741, 742, 743, 744, 745, 746, 747, 748, 749, 750, 751, 752, 753, 754, 755, 756, 757, 758, 759, 760, 761, 762, 763, 764, 765, 766, 767, 768, 769, 770, 771, 772, 773, 774, 775, 776, 777, 778, 779, 780, 781, 782, 783, 784, 785, 786, 787, 788, 789, 790, 791, 792, 793]","[140, 315, 318, 420, 446, 448, 450, 468, 611, 773, 776, 860, 872, 896, 915]","[12, 24, 25, 28, 88, 100, 104, 119, 123, 129, 136, 137, 139, 140, 141, 148, 155, 169, 172, 179, 183, 185, 188, 196, 198, 217, 237, 267, 270, 278, 319, 321, 324, 325, 330, 334, 335, 354, 366, 369, 380, 383, 384, 386, 395, 407, 411, 423, 428, 436, 437, 452, 453, 456, 467, 471, 477, 478, 479, 497, 508, 511, 559, 571, 575, 590, 594, 600, 607, 608, 610, 611, 612, 619, 627, 640, 643, 650, 654, 656, 659, 667, 669, 685, 701, 726, 729, 737, 777, 779, 782, 783, 787, 790, 791, 809, 817, 819, 830, 833, 834, 836, 845, 856, 857, 860, 862, 875, 880, 887, 888, 899, 900, 914, 918, 921, 928, 929, 930]","[12, 24, 25, 28, 88, 100, 104, 119, 123, 129, 136, 137, 139, 140, 141, 148, 155, 169, 172, 179, 183, 185, 188, 196, 198, 217, 237, 267, 270, 278, 319, 321, 324, 325, 330, 334, 335, 354, 366, 369, 380, 383, 384, 386, 395, 407, 411, 423, 428, 436, 437, 452, 453, 456, 467, 471, 477, 478, 479, 497, 508, 511, 559, 571, 575, 590, 594, 600, 607, 608, 610, 611, 612, 619, 627, 640, 643, 650, 654, 656, 659, 667, 669, 685, 701, 726, 729, 737, 777, 779, 782, 783, 787, 790, 791, 809, 817, 819, 830, 833, 834, 836, 845, 856, 857, 860, 862, 875, 880, 887, 888, 899, 900, 914, 918, 921, 928, 929, 930]","[12, 24, 25, 28, 88, 100, 103, 104, 105, 106, 107, 108, 109, 110, 111, 112, 113, 114, 115, 116, 117, 118, 119, 120, 121, 122, 123, 124, 125, 126, 127, 128, 129, 130, 131, 132, 133, 134, 135, 136, 137, 138, 139, 140, 141, 142, 143, 144, 145, 146, 147, 148, 149, 150, 151, 152, 153, 154, 155, 156, 157, 158, 159, 160, 161, 162, 163, 164, 165, 166, 167, 168, 169, 170, 171, 172, 173, 174, 175, 176, 177, 178, 179, 180, 181, 182, 183, 184, 185, 186, 187, 188, 189, 190, 191, 192, 193, 194, 195, 196, 197, 198, 199, 200, 201, 202, 203, 204, 205, 206, 207, 208, 209, 210, 211, 212, 213, 214, 215, 216, 217, 218, 219, 220, 221, 222, 223, 224, 225, 226, 227, 228, 229, 230, 231, 232, 233, 234, 235, 236, 237, 238, 239, 240, 241, 242, 243, 244, 245, 246, 247, 248, 249, 250, 251, 252, 253, 254, 255, 256, 257, 258, 259, 260, 261, 262, 263, 264, 265, 266, 267, 268, 269, 270, 271, 272, 273, 274, 275, 276, 277, 278, 279, 280, 281, 282, 283, 284, 285, 286, 287, 288, 289, 290, 291, 292, 293, 294, 295, 296, 297, 298, 299, 300, 301, 302, 303, 304, 305, 306, 307, 308, 309, 310, 311, 312, 313, 314, 315, 316, 317, 318, 319, 320, 321, 322, 323, 324, 325, 326, 327, 328, 329, 330, 331, 332, 333, 334, 335, 336, 337, 354, 366, 369, 380, 383, 384, 386, 395, 407, 411, 420, 423, 428, 436, 437, 446, 448, 450, 452, 453, 456, 467, 468, 471, 477, 478, 479, 497, 508, 511, 559, 571, 574, 575, 576, 577, 578, 579, 580, 581, 582, 583, 584, 585, 586, 587, 588, 589, 590, 591, 592, 593, 594, 595, 596, 597, 598, 599, 600, 601, 602, 603, 604, 605, 606, 607, 608, 609, 610, 611, 612, 613, 614, 615, 616, 617, 618, 619, 620, 621, 622, 623, 624, 625, 626, 627, 628, 629, 630, 631, 632, 633, 634, 635, 636, 637, 638, 639, 640, 641, 642, 643, 644, 645, 646, 647, 648, 649, 650, 651, 652, 653, 654, 655, 656, 657, 658, 659, 660, 661, 662, 663, 664, 665, 666, 667, 668, 669, 670, 671, 672, 673, 674, 675, 676, 677, 678, 679, 680, 681, 682, 683, 684, 685, 686, 687, 688, 689, 690, 691, 692, 693, 694, 695, 696, 697, 698, 699, 700, 701, 702, 703, 704, 705, 706, 707, 708, 709, 710, 711, 712, 713, 714, 715, 716, 717, 718, 719, 720, 721, 722, 723, 724, 725, 726, 727, 728, 729, 730, 731, 732, 733, 734, 735, 736, 737, 738, 739, 740, 741, 742, 743, 744, 745, 746, 747, 748, 749, 750, 751, 752, 753, 754, 755, 756, 757, 758, 759, 760, 761, 762, 763, 764, 765, 766, 767, 768, 769, 770, 771, 772, 773, 774, 775, 776, 777, 778, 779, 780, 781, 782, 783, 784, 785, 786, 787, 788, 789, 790, 791, 792, 793, 809, 817, 819, 830, 833, 834, 836, 845, 856, 857, 860, 862, 872, 875, 880, 887, 888, 896, 899, 900, 914, 915, 918, 921, 928, 929, 930]",True,"[140, 611]","[103, 104, 105, 106, 107, 108, 109, 110, 111, 112, 113, 114, 115, 116, 117, 118, 119, 120, 121, 122, 123, 124, 125, 126, 127, 128, 129, 130, 131, 132, 133, 134, 135, 136, 137, 138, 139, 140, 141, 142, 143, 144, 145, 146, 147, 148, 149, 150, 151, 152, 153, 154, 155, 156, 157, 158, 159, 160, 161, 162, 163, 164, 165, 166, 167, 168, 169, 170, 171, 172, 173, 174, 175, 176, 177, 178, 179, 180, 181, 182, 183, 184, 185, 186, 187, 188, 189, 190, 191, 192, 193, 194, 195, 196, 197, 198, 199, 200, 201, 202, 203, 204, 205, 206, 207, 208, 209, 210, 211, 212, 213, 214, 215, 216, 217, 218, 219, 220, 221, 222, 223, 224, 225, 226, 227, 228, 229, 230, 231, 232, 233, 234, 235, 236, 237, 238, 239, 240, 241, 242, 243, 244, 245, 246, 247, 248, 249, 250, 251, 252, 253, 254, 255, 256, 257, 258, 259, 260, 261, 262, 263, 264, 265, 266, 267, 268, 269, 270, 271, 272, 273, 274, 275, 276, 277, 278, 279, 280, 281, 282, 283, 284, 285, 286, 287, 288, 289, 290, 291, 292, 293, 294, 295, 296, 297, 298, 299, 300, 301, 302, 303, 304, 305, 306, 307, 308, 309, 310, 311, 312, 313, 314, 315, 316, 317, 318, 319, 320, 321, 322, 323, 324, 325, 326, 327, 328, 329, 330, 331, 332, 333, 334, 335, 336, 337, 574, 575, 576, 577, 578, 579, 580, 581, 582, 583, 584, 585, 586, 587, 588, 589, 590, 591, 592, 593, 594, 595, 596, 597, 598, 599, 600, 601, 602, 603, 604, 605, 606, 607, 608, 609, 610, 611, 612, 613, 614, 615, 616, 617, 618, 619, 620, 621, 622, 623, 624, 625, 626, 627, 628, 629, 630, 631, 632, 633, 634, 635, 636, 637, 638, 639, 640, 641, 642, 643, 644, 645, 646, 647, 648, 649, 650, 651, 652, 653, 654, 655, 656, 657, 658, 659, 660, 661, 662, 663, 664, 665, 666, 667, 668, 669, 670, 671, 672, 673, 674, 675, 676, 677, 678, 679, 680, 681, 682, 683, 684, 685, 686, 687, 688, 689, 690, 691, 692, 693, 694, 695, 696, 697, 698, 699, 700, 701, 702, 703, 704, 705, 706, 707, 708, 709, 710, 711, 712, 713, 714, 715, 716, 717, 718, 719, 720, 721, 722, 723, 724, 725, 726, 727, 728, 729, 730, 731, 732, 733, 734, 735, 736, 737, 738, 739, 740, 741, 742, 743, 744, 745, 746, 747, 748, 749, 750, 751, 752, 753, 754, 755, 756, 757, 758, 759, 760, 761, 762, 763, 764, 765, 766, 767, 768, 769, 770, 771, 772, 773, 774, 775, 776, 777, 778, 779, 780, 781, 782, 783, 784, 785, 786, 787, 788, 789, 790, 791, 792, 793]","[140, 315, 318, 611, 773, 776]","[140, 315, 611, 773]","[140, 315, 318, 420, 446, 448, 450, 468, 611, 773, 776, 860, 872, 896, 915]","[12, 24, 25, 28, 88, 100, 104, 119, 123, 129, 136, 137, 139, 140, 141, 148, 155, 169, 172, 179, 183, 185, 188, 196, 198, 217, 237, 267, 270, 278, 319, 321, 324, 325, 330, 334, 335, 354, 366, 369, 380, 383, 384, 386, 395, 407, 411, 423, 428, 436, 437, 452, 453, 456, 467, 471, 477, 478, 479, 497, 508, 511, 559, 571, 575, 590, 594, 600, 607, 608, 610, 611, 612, 619, 627, 640, 643, 650, 654, 656, 659, 667, 669, 685, 701, 726, 729, 737, 777, 779, 782, 783, 787, 790, 791, 809, 817, 819, 830, 833, 834, 836, 845, 856, 857, 860, 862, 875, 880, 887, 888, 899, 900, 914, 918, 921, 928, 929, 930]","[12, 24, 25, 28, 88, 100, 104, 119, 123, 129, 136, 137, 139, 140, 141, 148, 155, 169, 172, 179, 183, 185, 188, 196, 198, 217, 237, 267, 270, 278, 319, 321, 324, 325, 330, 334, 335, 354, 366, 369, 380, 383, 384, 386, 395, 407, 411, 423, 428, 436, 437, 452, 453, 456, 467, 471, 477, 478, 479, 497, 508, 511, 559, 571, 575, 590, 594, 600, 607, 608, 610, 611, 612, 619, 627, 640, 643, 650, 654, 656, 659, 667, 669, 685, 701, 726, 729, 737, 777, 779, 782, 783, 787, 790, 791, 809, 817, 819, 830, 833, 834, 836, 845, 856, 857, 860, 862, 875, 880, 887, 888, 899, 900, 914, 918, 921, 928, 929, 930]",7/6 successful match,True,[683],True,747,False,,1.0,True,Chevron Extra Mile W ),Chevron
"Temecula , 92590 Temecula 76 TM",951-676-6676 I-15 Exit 59 ( Rancho California Rd ),<U+2610>,Temecula,92590,Temecula 76 TM,951-676-6676,2006,Temecula,CA,,( Rancho California Rd ),I-15 Exit 59 ,Exit,59,False,,False,I-15,,,,,[],[],[],"[35, 218, 516, 686]","[103, 104, 105, 106, 107, 108, 109, 110, 111, 112, 113, 114, 115, 116, 117, 118, 119, 120, 121, 122, 123, 124, 125, 126, 127, 128, 129, 130, 131, 132, 133, 134, 135, 136, 137, 138, 139, 140, 141, 142, 143, 144, 145, 146, 147, 148, 149, 150, 151, 152, 153, 154, 155, 156, 157, 158, 159, 160, 161, 162, 163, 164, 165, 166, 167, 168, 169, 170, 171, 172, 173, 174, 175, 176, 177, 178, 179, 180, 181, 182, 183, 184, 185, 186, 187, 188, 189, 190, 191, 192, 193, 194, 195, 196, 197, 198, 199, 200, 201, 202, 203, 204, 205, 206, 207, 208, 209, 210, 211, 212, 213, 214, 215, 216, 217, 218, 219, 220, 221, 222, 223, 224, 225, 226, 227, 228, 229, 230, 231, 232, 233, 234, 235, 236, 237, 238, 239, 240, 241, 242, 243, 244, 245, 246, 247, 248, 249, 250, 251, 252, 253, 254, 255, 256, 257, 258, 259, 260, 261, 262, 263, 264, 265, 266, 267, 268, 269, 270, 271, 272, 273, 274, 275, 276, 277, 278, 279, 280, 281, 282, 283, 284, 285, 286, 287, 288, 289, 290, 291, 292, 293, 294, 295, 296, 297, 298, 299, 300, 301, 302, 303, 304, 305, 306, 307, 308, 309, 310, 311, 312, 313, 314, 315, 316, 317, 318, 319, 320, 321, 322, 323, 324, 325, 326, 327, 328, 329, 330, 331, 332, 333, 334, 335, 336, 337, 574, 575, 576, 577, 578, 579, 580, 581, 582, 583, 584, 585, 586, 587, 588, 589, 590, 591, 592, 593, 594, 595, 596, 597, 598, 599, 600, 601, 602, 603, 604, 605, 606, 607, 608, 609, 610, 611, 612, 613, 614, 615, 616, 617, 618, 619, 620, 621, 622, 623, 624, 625, 626, 627, 628, 629, 630, 631, 632, 633, 634, 635, 636, 637, 638, 639, 640, 641, 642, 643, 644, 645, 646, 647, 648, 649, 650, 651, 652, 653, 654, 655, 656, 657, 658, 659, 660, 661, 662, 663, 664, 665, 666, 667, 668, 669, 670, 671, 672, 673, 674, 675, 676, 677, 678, 679, 680, 681, 682, 683, 684, 685, 686, 687, 688, 689, 690, 691, 692, 693, 694, 695, 696, 697, 698, 699, 700, 701, 702, 703, 704, 705, 706, 707, 708, 709, 710, 711, 712, 713, 714, 715, 716, 717, 718, 719, 720, 721, 722, 723, 724, 725, 726, 727, 728, 729, 730, 731, 732, 733, 734, 735, 736, 737, 738, 739, 740, 741, 742, 743, 744, 745, 746, 747, 748, 749, 750, 751, 752, 753, 754, 755, 756, 757, 758, 759, 760, 761, 762, 763, 764, 765, 766, 767, 768, 769, 770, 771, 772, 773, 774, 775, 776, 777, 778, 779, 780, 781, 782, 783, 784, 785, 786, 787, 788, 789, 790, 791, 792, 793]","[16, 125, 156, 163, 168, 184, 205, 222, 229, 253, 258, 265, 313, 317, 336, 340, 341, 356, 363, 365, 366, 367, 370, 375, 388, 391, 394, 396, 402, 410, 411, 412, 413, 415, 416, 417, 418, 419, 425, 429, 431, 433, 435, 437, 440, 441, 442, 443, 451, 452, 456, 457, 458, 460, 461, 464, 471, 473, 474, 475, 481, 482, 501, 596, 628, 635, 655, 675, 693, 716, 720, 725, 771, 775, 793, 796, 797, 811, 817, 818, 820, 825, 838, 841, 844, 846, 851, 857, 861, 862, 863, 864, 866, 867, 868, 870, 871, 877, 881, 883, 885, 888, 891, 892, 893, 898, 899, 904, 905, 907, 908, 911, 918, 920, 921, 922, 923, 924, 926, 931, 933]",[],"[84, 87, 89, 114, 115, 117, 124, 132, 135, 144, 152, 178, 239, 268, 281, 297, 318, 320, 327, 348, 394, 555, 558, 560, 585, 586, 588, 595, 603, 606, 615, 623, 649, 703, 727, 740, 756, 776, 778, 785, 803, 844]","[16, 35, 84, 87, 89, 103, 104, 105, 106, 107, 108, 109, 110, 111, 112, 113, 114, 115, 116, 117, 118, 119, 120, 121, 122, 123, 124, 125, 126, 127, 128, 129, 130, 131, 132, 133, 134, 135, 136, 137, 138, 139, 140, 141, 142, 143, 144, 145, 146, 147, 148, 149, 150, 151, 152, 153, 154, 155, 156, 157, 158, 159, 160, 161, 162, 163, 164, 165, 166, 167, 168, 169, 170, 171, 172, 173, 174, 175, 176, 177, 178, 179, 180, 181, 182, 183, 184, 185, 186, 187, 188, 189, 190, 191, 192, 193, 194, 195, 196, 197, 198, 199, 200, 201, 202, 203, 204, 205, 206, 207, 208, 209, 210, 211, 212, 213, 214, 215, 216, 217, 218, 219, 220, 221, 222, 223, 224, 225, 226, 227, 228, 229, 230, 231, 232, 233, 234, 235, 236, 237, 238, 239, 240, 241, 242, 243, 244, 245, 246, 247, 248, 249, 250, 251, 252, 253, 254, 255, 256, 257, 258, 259, 260, 261, 262, 263, 264, 265, 266, 267, 268, 269, 270, 271, 272, 273, 274, 275, 276, 277, 278, 279, 280, 281, 282, 283, 284, 285, 286, 287, 288, 289, 290, 291, 292, 293, 294, 295, 296, 297, 298, 299, 300, 301, 302, 303, 304, 305, 306, 307, 308, 309, 310, 311, 312, 313, 314, 315, 316, 317, 318, 319, 320, 321, 322, 323, 324, 325, 326, 327, 328, 329, 330, 331, 332, 333, 334, 335, 336, 337, 340, 341, 348, 356, 363, 365, 366, 367, 370, 375, 388, 391, 394, 396, 402, 410, 411, 412, 413, 415, 416, 417, 418, 419, 425, 429, 431, 433, 435, 437, 440, 441, 442, 443, 451, 452, 456, 457, 458, 460, 461, 464, 471, 473, 474, 475, 481, 482, 501, 516, 555, 558, 560, 574, 575, 576, 577, 578, 579, 580, 581, 582, 583, 584, 585, 586, 587, 588, 589, 590, 591, 592, 593, 594, 595, 596, 597, 598, 599, 600, 601, 602, 603, 604, 605, 606, 607, 608, 609, 610, 611, 612, 613, 614, 615, 616, 617, 618, 619, 620, 621, 622, 623, 624, 625, 626, 627, 628, 629, 630, 631, 632, 633, 634, 635, 636, 637, 638, 639, 640, 641, 642, 643, 644, 645, 646, 647, 648, 649, 650, 651, 652, 653, 654, 655, 656, 657, 658, 659, 660, 661, 662, 663, 664, 665, 666, 667, 668, 669, 670, 671, 672, 673, 674, 675, 676, 677, 678, 679, 680, 681, 682, 683, 684, 685, 686, 687, 688, 689, 690, 691, 692, 693, 694, 695, 696, 697, 698, 699, 700, 701, 702, 703, 704, 705, 706, 707, 708, 709, 710, 711, 712, 713, 714, 715, 716, 717, 718, 719, 720, 721, 722, 723, 724, 725, 726, 727, 728, 729, 730, 731, 732, 733, 734, 735, 736, 737, 738, 739, 740, 741, 742, 743, 744, 745, 746, 747, 748, 749, 750, 751, 752, 753, 754, 755, 756, 757, 758, 759, 760, 761, 762, 763, 764, 765, 766, 767, 768, 769, 770, 771, 772, 773, 774, 775, 776, 777, 778, 779, 780, 781, 782, 783, 784, 785, 786, 787, 788, 789, 790, 791, 792, 793, 796, 797, 803, 811, 817, 818, 820, 825, 838, 841, 844, 846, 851, 857, 861, 862, 863, 864, 866, 867, 868, 870, 871, 877, 881, 883, 885, 888, 891, 892, 893, 898, 899, 904, 905, 907, 908, 911, 918, 920, 921, 922, 923, 924, 926, 931, 933]",False,[],"[103, 104, 105, 106, 107, 108, 109, 110, 111, 112, 113, 114, 115, 116, 117, 118, 119, 120, 121, 122, 123, 124, 125, 126, 127, 128, 129, 130, 131, 132, 133, 134, 135, 136, 137, 138, 139, 140, 141, 142, 143, 144, 145, 146, 147, 148, 149, 150, 151, 152, 153, 154, 155, 156, 157, 158, 159, 160, 161, 162, 163, 164, 165, 166, 167, 168, 169, 170, 171, 172, 173, 174, 175, 176, 177, 178, 179, 180, 181, 182, 183, 184, 185, 186, 187, 188, 189, 190, 191, 192, 193, 194, 195, 196, 197, 198, 199, 200, 201, 202, 203, 204, 205, 206, 207, 208, 209, 210, 211, 212, 213, 214, 215, 216, 217, 218, 219, 220, 221, 222, 223, 224, 225, 226, 227, 228, 229, 230, 231, 232, 233, 234, 235, 236, 237, 238, 239, 240, 241, 242, 243, 244, 245, 246, 247, 248, 249, 250, 251, 252, 253, 254, 255, 256, 257, 258, 259, 260, 261, 262, 263, 264, 265, 266, 267, 268, 269, 270, 271, 272, 273, 274, 275, 276, 277, 278, 279, 280, 281, 282, 283, 284, 285, 286, 287, 288, 289, 290, 291, 292, 293, 294, 295, 296, 297, 298, 299, 300, 301, 302, 303, 304, 305, 306, 307, 308, 309, 310, 311, 312, 313, 314, 315, 316, 317, 318, 319, 320, 321, 322, 323, 324, 325, 326, 327, 328, 329, 330, 331, 332, 333, 334, 335, 336, 337, 574, 575, 576, 577, 578, 579, 580, 581, 582, 583, 584, 585, 586, 587, 588, 589, 590, 591, 592, 593, 594, 595, 596, 597, 598, 599, 600, 601, 602, 603, 604, 605, 606, 607, 608, 609, 610, 611, 612, 613, 614, 615, 616, 617, 618, 619, 620, 621, 622, 623, 624, 625, 626, 627, 628, 629, 630, 631, 632, 633, 634, 635, 636, 637, 638, 639, 640, 641, 642, 643, 644, 645, 646, 647, 648, 649, 650, 651, 652, 653, 654, 655, 656, 657, 658, 659, 660, 661, 662, 663, 664, 665, 666, 667, 668, 669, 670, 671, 672, 673, 674, 675, 676, 677, 678, 679, 680, 681, 682, 683, 684, 685, 686, 687, 688, 689, 690, 691, 692, 693, 694, 695, 696, 697, 698, 699, 700, 701, 702, 703, 704, 705, 706, 707, 708, 709, 710, 711, 712, 713, 714, 715, 716, 717, 718, 719, 720, 721, 722, 723, 724, 725, 726, 727, 728, 729, 730, 731, 732, 733, 734, 735, 736, 737, 738, 739, 740, 741, 742, 743, 744, 745, 746, 747, 748, 749, 750, 751, 752, 753, 754, 755, 756, 757, 758, 759, 760, 761, 762, 763, 764, 765, 766, 767, 768, 769, 770, 771, 772, 773, 774, 775, 776, 777, 778, 779, 780, 781, 782, 783, 784, 785, 786, 787, 788, 789, 790, 791, 792, 793]",[],"[35, 218, 516, 686]","[16, 125, 156, 163, 168, 184, 205, 222, 229, 253, 258, 265, 313, 317, 336, 340, 341, 356, 363, 365, 366, 367, 370, 375, 388, 391, 394, 396, 402, 410, 411, 412, 413, 415, 416, 417, 418, 419, 425, 429, 431, 433, 435, 437, 440, 441, 442, 443, 451, 452, 456, 457, 458, 460, 461, 464, 471, 473, 474, 475, 481, 482, 501, 596, 628, 635, 655, 675, 693, 716, 720, 725, 771, 775, 793, 796, 797, 811, 817, 818, 820, 825, 838, 841, 844, 846, 851, 857, 861, 862, 863, 864, 866, 867, 868, 870, 871, 877, 881, 883, 885, 888, 891, 892, 893, 898, 899, 904, 905, 907, 908, 911, 918, 920, 921, 922, 923, 924, 926, 931, 933]","[84, 87, 89, 114, 115, 117, 124, 132, 135, 144, 152, 178, 239, 268, 281, 297, 318, 320, 327, 348, 394, 555, 558, 560, 585, 586, 588, 595, 603, 606, 615, 623, 649, 703, 727, 740, 756, 776, 778, 785, 803, 844]",[],4/6 successful match,False,[72],True,748,False,,,,,
"Temecula , 92590 Temecula 76",951-676-6676 I-15 Exit 59 ( Rancho California Rd ),HRS 24 429 000,Temecula,92590,Temecula 76,951-676-6676,2007,Temecula,CA,,( Rancho California Rd ),I-15 Exit 59 ,Exit,59,False,,False,I-15,,,,,[],[],[],"[35, 218, 516, 686]","[103, 104, 105, 106, 107, 108, 109, 110, 111, 112, 113, 114, 115, 116, 117, 118, 119, 120, 121, 122, 123, 124, 125, 126, 127, 128, 129, 130, 131, 132, 133, 134, 135, 136, 137, 138, 139, 140, 141, 142, 143, 144, 145, 146, 147, 148, 149, 150, 151, 152, 153, 154, 155, 156, 157, 158, 159, 160, 161, 162, 163, 164, 165, 166, 167, 168, 169, 170, 171, 172, 173, 174, 175, 176, 177, 178, 179, 180, 181, 182, 183, 184, 185, 186, 187, 188, 189, 190, 191, 192, 193, 194, 195, 196, 197, 198, 199, 200, 201, 202, 203, 204, 205, 206, 207, 208, 209, 210, 211, 212, 213, 214, 215, 216, 217, 218, 219, 220, 221, 222, 223, 224, 225, 226, 227, 228, 229, 230, 231, 232, 233, 234, 235, 236, 237, 238, 239, 240, 241, 242, 243, 244, 245, 246, 247, 248, 249, 250, 251, 252, 253, 254, 255, 256, 257, 258, 259, 260, 261, 262, 263, 264, 265, 266, 267, 268, 269, 270, 271, 272, 273, 274, 275, 276, 277, 278, 279, 280, 281, 282, 283, 284, 285, 286, 287, 288, 289, 290, 291, 292, 293, 294, 295, 296, 297, 298, 299, 300, 301, 302, 303, 304, 305, 306, 307, 308, 309, 310, 311, 312, 313, 314, 315, 316, 317, 318, 319, 320, 321, 322, 323, 324, 325, 326, 327, 328, 329, 330, 331, 332, 333, 334, 335, 336, 337, 574, 575, 576, 577, 578, 579, 580, 581, 582, 583, 584, 585, 586, 587, 588, 589, 590, 591, 592, 593, 594, 595, 596, 597, 598, 599, 600, 601, 602, 603, 604, 605, 606, 607, 608, 609, 610, 611, 612, 613, 614, 615, 616, 617, 618, 619, 620, 621, 622, 623, 624, 625, 626, 627, 628, 629, 630, 631, 632, 633, 634, 635, 636, 637, 638, 639, 640, 641, 642, 643, 644, 645, 646, 647, 648, 649, 650, 651, 652, 653, 654, 655, 656, 657, 658, 659, 660, 661, 662, 663, 664, 665, 666, 667, 668, 669, 670, 671, 672, 673, 674, 675, 676, 677, 678, 679, 680, 681, 682, 683, 684, 685, 686, 687, 688, 689, 690, 691, 692, 693, 694, 695, 696, 697, 698, 699, 700, 701, 702, 703, 704, 705, 706, 707, 708, 709, 710, 711, 712, 713, 714, 715, 716, 717, 718, 719, 720, 721, 722, 723, 724, 725, 726, 727, 728, 729, 730, 731, 732, 733, 734, 735, 736, 737, 738, 739, 740, 741, 742, 743, 744, 745, 746, 747, 748, 749, 750, 751, 752, 753, 754, 755, 756, 757, 758, 759, 760, 761, 762, 763, 764, 765, 766, 767, 768, 769, 770, 771, 772, 773, 774, 775, 776, 777, 778, 779, 780, 781, 782, 783, 784, 785, 786, 787, 788, 789, 790, 791, 792, 793]","[16, 125, 156, 163, 168, 184, 205, 222, 229, 253, 258, 265, 313, 317, 336, 340, 341, 356, 363, 365, 366, 367, 370, 375, 388, 391, 394, 396, 402, 410, 411, 412, 413, 415, 416, 417, 418, 419, 425, 429, 431, 433, 435, 437, 440, 441, 442, 443, 451, 452, 456, 457, 458, 460, 461, 464, 471, 473, 474, 475, 481, 482, 501, 596, 628, 635, 655, 675, 693, 716, 720, 725, 771, 775, 793, 796, 797, 811, 817, 818, 820, 825, 838, 841, 844, 846, 851, 857, 861, 862, 863, 864, 866, 867, 868, 870, 871, 877, 881, 883, 885, 888, 891, 892, 893, 898, 899, 904, 905, 907, 908, 911, 918, 920, 921, 922, 923, 924, 926, 931, 933]",[],"[84, 87, 89, 114, 115, 117, 124, 132, 135, 144, 152, 178, 239, 268, 281, 297, 318, 320, 327, 348, 394, 555, 558, 560, 585, 586, 588, 595, 603, 606, 615, 623, 649, 703, 727, 740, 756, 776, 778, 785, 803, 844]","[16, 35, 84, 87, 89, 103, 104, 105, 106, 107, 108, 109, 110, 111, 112, 113, 114, 115, 116, 117, 118, 119, 120, 121, 122, 123, 124, 125, 126, 127, 128, 129, 130, 131, 132, 133, 134, 135, 136, 137, 138, 139, 140, 141, 142, 143, 144, 145, 146, 147, 148, 149, 150, 151, 152, 153, 154, 155, 156, 157, 158, 159, 160, 161, 162, 163, 164, 165, 166, 167, 168, 169, 170, 171, 172, 173, 174, 175, 176, 177, 178, 179, 180, 181, 182, 183, 184, 185, 186, 187, 188, 189, 190, 191, 192, 193, 194, 195, 196, 197, 198, 199, 200, 201, 202, 203, 204, 205, 206, 207, 208, 209, 210, 211, 212, 213, 214, 215, 216, 217, 218, 219, 220, 221, 222, 223, 224, 225, 226, 227, 228, 229, 230, 231, 232, 233, 234, 235, 236, 237, 238, 239, 240, 241, 242, 243, 244, 245, 246, 247, 248, 249, 250, 251, 252, 253, 254, 255, 256, 257, 258, 259, 260, 261, 262, 263, 264, 265, 266, 267, 268, 269, 270, 271, 272, 273, 274, 275, 276, 277, 278, 279, 280, 281, 282, 283, 284, 285, 286, 287, 288, 289, 290, 291, 292, 293, 294, 295, 296, 297, 298, 299, 300, 301, 302, 303, 304, 305, 306, 307, 308, 309, 310, 311, 312, 313, 314, 315, 316, 317, 318, 319, 320, 321, 322, 323, 324, 325, 326, 327, 328, 329, 330, 331, 332, 333, 334, 335, 336, 337, 340, 341, 348, 356, 363, 365, 366, 367, 370, 375, 388, 391, 394, 396, 402, 410, 411, 412, 413, 415, 416, 417, 418, 419, 425, 429, 431, 433, 435, 437, 440, 441, 442, 443, 451, 452, 456, 457, 458, 460, 461, 464, 471, 473, 474, 475, 481, 482, 501, 516, 555, 558, 560, 574, 575, 576, 577, 578, 579, 580, 581, 582, 583, 584, 585, 586, 587, 588, 589, 590, 591, 592, 593, 594, 595, 596, 597, 598, 599, 600, 601, 602, 603, 604, 605, 606, 607, 608, 609, 610, 611, 612, 613, 614, 615, 616, 617, 618, 619, 620, 621, 622, 623, 624, 625, 626, 627, 628, 629, 630, 631, 632, 633, 634, 635, 636, 637, 638, 639, 640, 641, 642, 643, 644, 645, 646, 647, 648, 649, 650, 651, 652, 653, 654, 655, 656, 657, 658, 659, 660, 661, 662, 663, 664, 665, 666, 667, 668, 669, 670, 671, 672, 673, 674, 675, 676, 677, 678, 679, 680, 681, 682, 683, 684, 685, 686, 687, 688, 689, 690, 691, 692, 693, 694, 695, 696, 697, 698, 699, 700, 701, 702, 703, 704, 705, 706, 707, 708, 709, 710, 711, 712, 713, 714, 715, 716, 717, 718, 719, 720, 721, 722, 723, 724, 725, 726, 727, 728, 729, 730, 731, 732, 733, 734, 735, 736, 737, 738, 739, 740, 741, 742, 743, 744, 745, 746, 747, 748, 749, 750, 751, 752, 753, 754, 755, 756, 757, 758, 759, 760, 761, 762, 763, 764, 765, 766, 767, 768, 769, 770, 771, 772, 773, 774, 775, 776, 777, 778, 779, 780, 781, 782, 783, 784, 785, 786, 787, 788, 789, 790, 791, 792, 793, 796, 797, 803, 811, 817, 818, 820, 825, 838, 841, 844, 846, 851, 857, 861, 862, 863, 864, 866, 867, 868, 870, 871, 877, 881, 883, 885, 888, 891, 892, 893, 898, 899, 904, 905, 907, 908, 911, 918, 920, 921, 922, 923, 924, 926, 931, 933]",False,[],"[103, 104, 105, 106, 107, 108, 109, 110, 111, 112, 113, 114, 115, 116, 117, 118, 119, 120, 121, 122, 123, 124, 125, 126, 127, 128, 129, 130, 131, 132, 133, 134, 135, 136, 137, 138, 139, 140, 141, 142, 143, 144, 145, 146, 147, 148, 149, 150, 151, 152, 153, 154, 155, 156, 157, 158, 159, 160, 161, 162, 163, 164, 165, 166, 167, 168, 169, 170, 171, 172, 173, 174, 175, 176, 177, 178, 179, 180, 181, 182, 183, 184, 185, 186, 187, 188, 189, 190, 191, 192, 193, 194, 195, 196, 197, 198, 199, 200, 201, 202, 203, 204, 205, 206, 207, 208, 209, 210, 211, 212, 213, 214, 215, 216, 217, 218, 219, 220, 221, 222, 223, 224, 225, 226, 227, 228, 229, 230, 231, 232, 233, 234, 235, 236, 237, 238, 239, 240, 241, 242, 243, 244, 245, 246, 247, 248, 249, 250, 251, 252, 253, 254, 255, 256, 257, 258, 259, 260, 261, 262, 263, 264, 265, 266, 267, 268, 269, 270, 271, 272, 273, 274, 275, 276, 277, 278, 279, 280, 281, 282, 283, 284, 285, 286, 287, 288, 289, 290, 291, 292, 293, 294, 295, 296, 297, 298, 299, 300, 301, 302, 303, 304, 305, 306, 307, 308, 309, 310, 311, 312, 313, 314, 315, 316, 317, 318, 319, 320, 321, 322, 323, 324, 325, 326, 327, 328, 329, 330, 331, 332, 333, 334, 335, 336, 337, 574, 575, 576, 577, 578, 579, 580, 581, 582, 583, 584, 585, 586, 587, 588, 589, 590, 591, 592, 593, 594, 595, 596, 597, 598, 599, 600, 601, 602, 603, 604, 605, 606, 607, 608, 609, 610, 611, 612, 613, 614, 615, 616, 617, 618, 619, 620, 621, 622, 623, 624, 625, 626, 627, 628, 629, 630, 631, 632, 633, 634, 635, 636, 637, 638, 639, 640, 641, 642, 643, 644, 645, 646, 647, 648, 649, 650, 651, 652, 653, 654, 655, 656, 657, 658, 659, 660, 661, 662, 663, 664, 665, 666, 667, 668, 669, 670, 671, 672, 673, 674, 675, 676, 677, 678, 679, 680, 681, 682, 683, 684, 685, 686, 687, 688, 689, 690, 691, 692, 693, 694, 695, 696, 697, 698, 699, 700, 701, 702, 703, 704, 705, 706, 707, 708, 709, 710, 711, 712, 713, 714, 715, 716, 717, 718, 719, 720, 721, 722, 723, 724, 725, 726, 727, 728, 729, 730, 731, 732, 733, 734, 735, 736, 737, 738, 739, 740, 741, 742, 743, 744, 745, 746, 747, 748, 749, 750, 751, 752, 753, 754, 755, 756, 757, 758, 759, 760, 761, 762, 763, 764, 765, 766, 767, 768, 769, 770, 771, 772, 773, 774, 775, 776, 777, 778, 779, 780, 781, 782, 783, 784, 785, 786, 787, 788, 789, 790, 791, 792, 793]",[],"[35, 218, 516, 686]","[16, 125, 156, 163, 168, 184, 205, 222, 229, 253, 258, 265, 313, 317, 336, 340, 341, 356, 363, 365, 366, 367, 370, 375, 388, 391, 394, 396, 402, 410, 411, 412, 413, 415, 416, 417, 418, 419, 425, 429, 431, 433, 435, 437, 440, 441, 442, 443, 451, 452, 456, 457, 458, 460, 461, 464, 471, 473, 474, 475, 481, 482, 501, 596, 628, 635, 655, 675, 693, 716, 720, 725, 771, 775, 793, 796, 797, 811, 817, 818, 820, 825, 838, 841, 844, 846, 851, 857, 861, 862, 863, 864, 866, 867, 868, 870, 871, 877, 881, 883, 885, 888, 891, 892, 893, 898, 899, 904, 905, 907, 908, 911, 918, 920, 921, 922, 923, 924, 926, 931, 933]","[84, 87, 89, 114, 115, 117, 124, 132, 135, 144, 152, 178, 239, 268, 281, 297, 318, 320, 327, 348, 394, 555, 558, 560, 585, 586, 588, 595, 603, 606, 615, 623, 649, 703, 727, 740, 756, 776, 778, 785, 803, 844]",[],4/6 successful match,False,[72],True,748,False,,1.0,True,Temecula 76 TM,
"Temecula , 92590 Temecula 76",5 951-676-6676 I-15 Exit 59 ( Rancho California Rd ),HORS 24 00 <U+2610> <U+2610>,Temecula,92590,Temecula 76,951-676-6676,2008,Temecula,CA,,( Rancho California Rd ),I-15 Exit 59 ,Exit,59,False,,False,I-15,,,,,[],[],[],"[35, 218, 516, 686]","[103, 104, 105, 106, 107, 108, 109, 110, 111, 112, 113, 114, 115, 116, 117, 118, 119, 120, 121, 122, 123, 124, 125, 126, 127, 128, 129, 130, 131, 132, 133, 134, 135, 136, 137, 138, 139, 140, 141, 142, 143, 144, 145, 146, 147, 148, 149, 150, 151, 152, 153, 154, 155, 156, 157, 158, 159, 160, 161, 162, 163, 164, 165, 166, 167, 168, 169, 170, 171, 172, 173, 174, 175, 176, 177, 178, 179, 180, 181, 182, 183, 184, 185, 186, 187, 188, 189, 190, 191, 192, 193, 194, 195, 196, 197, 198, 199, 200, 201, 202, 203, 204, 205, 206, 207, 208, 209, 210, 211, 212, 213, 214, 215, 216, 217, 218, 219, 220, 221, 222, 223, 224, 225, 226, 227, 228, 229, 230, 231, 232, 233, 234, 235, 236, 237, 238, 239, 240, 241, 242, 243, 244, 245, 246, 247, 248, 249, 250, 251, 252, 253, 254, 255, 256, 257, 258, 259, 260, 261, 262, 263, 264, 265, 266, 267, 268, 269, 270, 271, 272, 273, 274, 275, 276, 277, 278, 279, 280, 281, 282, 283, 284, 285, 286, 287, 288, 289, 290, 291, 292, 293, 294, 295, 296, 297, 298, 299, 300, 301, 302, 303, 304, 305, 306, 307, 308, 309, 310, 311, 312, 313, 314, 315, 316, 317, 318, 319, 320, 321, 322, 323, 324, 325, 326, 327, 328, 329, 330, 331, 332, 333, 334, 335, 336, 337, 574, 575, 576, 577, 578, 579, 580, 581, 582, 583, 584, 585, 586, 587, 588, 589, 590, 591, 592, 593, 594, 595, 596, 597, 598, 599, 600, 601, 602, 603, 604, 605, 606, 607, 608, 609, 610, 611, 612, 613, 614, 615, 616, 617, 618, 619, 620, 621, 622, 623, 624, 625, 626, 627, 628, 629, 630, 631, 632, 633, 634, 635, 636, 637, 638, 639, 640, 641, 642, 643, 644, 645, 646, 647, 648, 649, 650, 651, 652, 653, 654, 655, 656, 657, 658, 659, 660, 661, 662, 663, 664, 665, 666, 667, 668, 669, 670, 671, 672, 673, 674, 675, 676, 677, 678, 679, 680, 681, 682, 683, 684, 685, 686, 687, 688, 689, 690, 691, 692, 693, 694, 695, 696, 697, 698, 699, 700, 701, 702, 703, 704, 705, 706, 707, 708, 709, 710, 711, 712, 713, 714, 715, 716, 717, 718, 719, 720, 721, 722, 723, 724, 725, 726, 727, 728, 729, 730, 731, 732, 733, 734, 735, 736, 737, 738, 739, 740, 741, 742, 743, 744, 745, 746, 747, 748, 749, 750, 751, 752, 753, 754, 755, 756, 757, 758, 759, 760, 761, 762, 763, 764, 765, 766, 767, 768, 769, 770, 771, 772, 773, 774, 775, 776, 777, 778, 779, 780, 781, 782, 783, 784, 785, 786, 787, 788, 789, 790, 791, 792, 793]","[16, 125, 156, 163, 168, 184, 205, 222, 229, 253, 258, 265, 313, 317, 336, 340, 341, 356, 363, 365, 366, 367, 370, 375, 388, 391, 394, 396, 402, 410, 411, 412, 413, 415, 416, 417, 418, 419, 425, 429, 431, 433, 435, 437, 440, 441, 442, 443, 451, 452, 456, 457, 458, 460, 461, 464, 471, 473, 474, 475, 481, 482, 501, 596, 628, 635, 655, 675, 693, 716, 720, 725, 771, 775, 793, 796, 797, 811, 817, 818, 820, 825, 838, 841, 844, 846, 851, 857, 861, 862, 863, 864, 866, 867, 868, 870, 871, 877, 881, 883, 885, 888, 891, 892, 893, 898, 899, 904, 905, 907, 908, 911, 918, 920, 921, 922, 923, 924, 926, 931, 933]",[],"[84, 87, 89, 114, 115, 117, 124, 132, 135, 144, 152, 178, 239, 268, 281, 297, 318, 320, 327, 348, 394, 555, 558, 560, 585, 586, 588, 595, 603, 606, 615, 623, 649, 703, 727, 740, 756, 776, 778, 785, 803, 844]","[16, 35, 84, 87, 89, 103, 104, 105, 106, 107, 108, 109, 110, 111, 112, 113, 114, 115, 116, 117, 118, 119, 120, 121, 122, 123, 124, 125, 126, 127, 128, 129, 130, 131, 132, 133, 134, 135, 136, 137, 138, 139, 140, 141, 142, 143, 144, 145, 146, 147, 148, 149, 150, 151, 152, 153, 154, 155, 156, 157, 158, 159, 160, 161, 162, 163, 164, 165, 166, 167, 168, 169, 170, 171, 172, 173, 174, 175, 176, 177, 178, 179, 180, 181, 182, 183, 184, 185, 186, 187, 188, 189, 190, 191, 192, 193, 194, 195, 196, 197, 198, 199, 200, 201, 202, 203, 204, 205, 206, 207, 208, 209, 210, 211, 212, 213, 214, 215, 216, 217, 218, 219, 220, 221, 222, 223, 224, 225, 226, 227, 228, 229, 230, 231, 232, 233, 234, 235, 236, 237, 238, 239, 240, 241, 242, 243, 244, 245, 246, 247, 248, 249, 250, 251, 252, 253, 254, 255, 256, 257, 258, 259, 260, 261, 262, 263, 264, 265, 266, 267, 268, 269, 270, 271, 272, 273, 274, 275, 276, 277, 278, 279, 280, 281, 282, 283, 284, 285, 286, 287, 288, 289, 290, 291, 292, 293, 294, 295, 296, 297, 298, 299, 300, 301, 302, 303, 304, 305, 306, 307, 308, 309, 310, 311, 312, 313, 314, 315, 316, 317, 318, 319, 320, 321, 322, 323, 324, 325, 326, 327, 328, 329, 330, 331, 332, 333, 334, 335, 336, 337, 340, 341, 348, 356, 363, 365, 366, 367, 370, 375, 388, 391, 394, 396, 402, 410, 411, 412, 413, 415, 416, 417, 418, 419, 425, 429, 431, 433, 435, 437, 440, 441, 442, 443, 451, 452, 456, 457, 458, 460, 461, 464, 471, 473, 474, 475, 481, 482, 501, 516, 555, 558, 560, 574, 575, 576, 577, 578, 579, 580, 581, 582, 583, 584, 585, 586, 587, 588, 589, 590, 591, 592, 593, 594, 595, 596, 597, 598, 599, 600, 601, 602, 603, 604, 605, 606, 607, 608, 609, 610, 611, 612, 613, 614, 615, 616, 617, 618, 619, 620, 621, 622, 623, 624, 625, 626, 627, 628, 629, 630, 631, 632, 633, 634, 635, 636, 637, 638, 639, 640, 641, 642, 643, 644, 645, 646, 647, 648, 649, 650, 651, 652, 653, 654, 655, 656, 657, 658, 659, 660, 661, 662, 663, 664, 665, 666, 667, 668, 669, 670, 671, 672, 673, 674, 675, 676, 677, 678, 679, 680, 681, 682, 683, 684, 685, 686, 687, 688, 689, 690, 691, 692, 693, 694, 695, 696, 697, 698, 699, 700, 701, 702, 703, 704, 705, 706, 707, 708, 709, 710, 711, 712, 713, 714, 715, 716, 717, 718, 719, 720, 721, 722, 723, 724, 725, 726, 727, 728, 729, 730, 731, 732, 733, 734, 735, 736, 737, 738, 739, 740, 741, 742, 743, 744, 745, 746, 747, 748, 749, 750, 751, 752, 753, 754, 755, 756, 757, 758, 759, 760, 761, 762, 763, 764, 765, 766, 767, 768, 769, 770, 771, 772, 773, 774, 775, 776, 777, 778, 779, 780, 781, 782, 783, 784, 785, 786, 787, 788, 789, 790, 791, 792, 793, 796, 797, 803, 811, 817, 818, 820, 825, 838, 841, 844, 846, 851, 857, 861, 862, 863, 864, 866, 867, 868, 870, 871, 877, 881, 883, 885, 888, 891, 892, 893, 898, 899, 904, 905, 907, 908, 911, 918, 920, 921, 922, 923, 924, 926, 931, 933]",False,[],"[103, 104, 105, 106, 107, 108, 109, 110, 111, 112, 113, 114, 115, 116, 117, 118, 119, 120, 121, 122, 123, 124, 125, 126, 127, 128, 129, 130, 131, 132, 133, 134, 135, 136, 137, 138, 139, 140, 141, 142, 143, 144, 145, 146, 147, 148, 149, 150, 151, 152, 153, 154, 155, 156, 157, 158, 159, 160, 161, 162, 163, 164, 165, 166, 167, 168, 169, 170, 171, 172, 173, 174, 175, 176, 177, 178, 179, 180, 181, 182, 183, 184, 185, 186, 187, 188, 189, 190, 191, 192, 193, 194, 195, 196, 197, 198, 199, 200, 201, 202, 203, 204, 205, 206, 207, 208, 209, 210, 211, 212, 213, 214, 215, 216, 217, 218, 219, 220, 221, 222, 223, 224, 225, 226, 227, 228, 229, 230, 231, 232, 233, 234, 235, 236, 237, 238, 239, 240, 241, 242, 243, 244, 245, 246, 247, 248, 249, 250, 251, 252, 253, 254, 255, 256, 257, 258, 259, 260, 261, 262, 263, 264, 265, 266, 267, 268, 269, 270, 271, 272, 273, 274, 275, 276, 277, 278, 279, 280, 281, 282, 283, 284, 285, 286, 287, 288, 289, 290, 291, 292, 293, 294, 295, 296, 297, 298, 299, 300, 301, 302, 303, 304, 305, 306, 307, 308, 309, 310, 311, 312, 313, 314, 315, 316, 317, 318, 319, 320, 321, 322, 323, 324, 325, 326, 327, 328, 329, 330, 331, 332, 333, 334, 335, 336, 337, 574, 575, 576, 577, 578, 579, 580, 581, 582, 583, 584, 585, 586, 587, 588, 589, 590, 591, 592, 593, 594, 595, 596, 597, 598, 599, 600, 601, 602, 603, 604, 605, 606, 607, 608, 609, 610, 611, 612, 613, 614, 615, 616, 617, 618, 619, 620, 621, 622, 623, 624, 625, 626, 627, 628, 629, 630, 631, 632, 633, 634, 635, 636, 637, 638, 639, 640, 641, 642, 643, 644, 645, 646, 647, 648, 649, 650, 651, 652, 653, 654, 655, 656, 657, 658, 659, 660, 661, 662, 663, 664, 665, 666, 667, 668, 669, 670, 671, 672, 673, 674, 675, 676, 677, 678, 679, 680, 681, 682, 683, 684, 685, 686, 687, 688, 689, 690, 691, 692, 693, 694, 695, 696, 697, 698, 699, 700, 701, 702, 703, 704, 705, 706, 707, 708, 709, 710, 711, 712, 713, 714, 715, 716, 717, 718, 719, 720, 721, 722, 723, 724, 725, 726, 727, 728, 729, 730, 731, 732, 733, 734, 735, 736, 737, 738, 739, 740, 741, 742, 743, 744, 745, 746, 747, 748, 749, 750, 751, 752, 753, 754, 755, 756, 757, 758, 759, 760, 761, 762, 763, 764, 765, 766, 767, 768, 769, 770, 771, 772, 773, 774, 775, 776, 777, 778, 779, 780, 781, 782, 783, 784, 785, 786, 787, 788, 789, 790, 791, 792, 793]",[],"[35, 218, 516, 686]","[16, 125, 156, 163, 168, 184, 205, 222, 229, 253, 258, 265, 313, 317, 336, 340, 341, 356, 363, 365, 366, 367, 370, 375, 388, 391, 394, 396, 402, 410, 411, 412, 413, 415, 416, 417, 418, 419, 425, 429, 431, 433, 435, 437, 440, 441, 442, 443, 451, 452, 456, 457, 458, 460, 461, 464, 471, 473, 474, 475, 481, 482, 501, 596, 628, 635, 655, 675, 693, 716, 720, 725, 771, 775, 793, 796, 797, 811, 817, 818, 820, 825, 838, 841, 844, 846, 851, 857, 861, 862, 863, 864, 866, 867, 868, 870, 871, 877, 881, 883, 885, 888, 891, 892, 893, 898, 899, 904, 905, 907, 908, 911, 918, 920, 921, 922, 923, 924, 926, 931, 933]","[84, 87, 89, 114, 115, 117, 124, 132, 135, 144, 152, 178, 239, 268, 281, 297, 318, 320, 327, 348, 394, 555, 558, 560, 585, 586, 588, 595, 603, 606, 615, 623, 649, 703, 727, 740, 756, 776, 778, 785, 803, 844]",[],4/6 successful match,False,[72],True,748,False,,1.0,True,Temecula 76,
"Temecula , 92590 Jefferson Ave Chevron",951-676-8006 I-15 Exit 61 ( CA 79 W to Jefferson S ),000,Temecula,92590,Jefferson Ave Chevron,951-676-8006,2006,Temecula,CA,Chevron,( CA 79 W to Jefferson S ),I-15 Exit 61 ,Exit,61,False,,False,I-15,,,,,[],[],[],"[116, 118, 161, 169, 170, 174, 303, 587, 589, 633, 640, 641, 645, 761, 792]","[103, 104, 105, 106, 107, 108, 109, 110, 111, 112, 113, 114, 115, 116, 117, 118, 119, 120, 121, 122, 123, 124, 125, 126, 127, 128, 129, 130, 131, 132, 133, 134, 135, 136, 137, 138, 139, 140, 141, 142, 143, 144, 145, 146, 147, 148, 149, 150, 151, 152, 153, 154, 155, 156, 157, 158, 159, 160, 161, 162, 163, 164, 165, 166, 167, 168, 169, 170, 171, 172, 173, 174, 175, 176, 177, 178, 179, 180, 181, 182, 183, 184, 185, 186, 187, 188, 189, 190, 191, 192, 193, 194, 195, 196, 197, 198, 199, 200, 201, 202, 203, 204, 205, 206, 207, 208, 209, 210, 211, 212, 213, 214, 215, 216, 217, 218, 219, 220, 221, 222, 223, 224, 225, 226, 227, 228, 229, 230, 231, 232, 233, 234, 235, 236, 237, 238, 239, 240, 241, 242, 243, 244, 245, 246, 247, 248, 249, 250, 251, 252, 253, 254, 255, 256, 257, 258, 259, 260, 261, 262, 263, 264, 265, 266, 267, 268, 269, 270, 271, 272, 273, 274, 275, 276, 277, 278, 279, 280, 281, 282, 283, 284, 285, 286, 287, 288, 289, 290, 291, 292, 293, 294, 295, 296, 297, 298, 299, 300, 301, 302, 303, 304, 305, 306, 307, 308, 309, 310, 311, 312, 313, 314, 315, 316, 317, 318, 319, 320, 321, 322, 323, 324, 325, 326, 327, 328, 329, 330, 331, 332, 333, 334, 335, 336, 337, 574, 575, 576, 577, 578, 579, 580, 581, 582, 583, 584, 585, 586, 587, 588, 589, 590, 591, 592, 593, 594, 595, 596, 597, 598, 599, 600, 601, 602, 603, 604, 605, 606, 607, 608, 609, 610, 611, 612, 613, 614, 615, 616, 617, 618, 619, 620, 621, 622, 623, 624, 625, 626, 627, 628, 629, 630, 631, 632, 633, 634, 635, 636, 637, 638, 639, 640, 641, 642, 643, 644, 645, 646, 647, 648, 649, 650, 651, 652, 653, 654, 655, 656, 657, 658, 659, 660, 661, 662, 663, 664, 665, 666, 667, 668, 669, 670, 671, 672, 673, 674, 675, 676, 677, 678, 679, 680, 681, 682, 683, 684, 685, 686, 687, 688, 689, 690, 691, 692, 693, 694, 695, 696, 697, 698, 699, 700, 701, 702, 703, 704, 705, 706, 707, 708, 709, 710, 711, 712, 713, 714, 715, 716, 717, 718, 719, 720, 721, 722, 723, 724, 725, 726, 727, 728, 729, 730, 731, 732, 733, 734, 735, 736, 737, 738, 739, 740, 741, 742, 743, 744, 745, 746, 747, 748, 749, 750, 751, 752, 753, 754, 755, 756, 757, 758, 759, 760, 761, 762, 763, 764, 765, 766, 767, 768, 769, 770, 771, 772, 773, 774, 775, 776, 777, 778, 779, 780, 781, 782, 783, 784, 785, 786, 787, 788, 789, 790, 791, 792, 793]","[16, 125, 156, 163, 168, 184, 205, 222, 229, 253, 258, 265, 313, 317, 336, 340, 341, 356, 363, 365, 366, 367, 370, 375, 388, 391, 394, 396, 402, 410, 411, 412, 413, 415, 416, 417, 418, 419, 425, 429, 431, 433, 435, 437, 440, 441, 442, 443, 451, 452, 456, 457, 458, 460, 461, 464, 471, 473, 474, 475, 481, 482, 501, 596, 628, 635, 655, 675, 693, 716, 720, 725, 771, 775, 793, 796, 797, 811, 817, 818, 820, 825, 838, 841, 844, 846, 851, 857, 861, 862, 863, 864, 866, 867, 868, 870, 871, 877, 881, 883, 885, 888, 891, 892, 893, 898, 899, 904, 905, 907, 908, 911, 918, 920, 921, 922, 923, 924, 926, 931, 933]","[12, 24, 25, 28, 88, 100, 104, 119, 123, 129, 136, 137, 139, 140, 141, 148, 155, 169, 172, 179, 183, 185, 188, 196, 198, 217, 237, 267, 270, 278, 319, 321, 324, 325, 330, 334, 335, 354, 366, 369, 380, 383, 384, 386, 395, 407, 411, 423, 428, 436, 437, 452, 453, 456, 467, 471, 477, 478, 479, 497, 508, 511, 559, 571, 575, 590, 594, 600, 607, 608, 610, 611, 612, 619, 627, 640, 643, 650, 654, 656, 659, 667, 669, 685, 701, 726, 729, 737, 777, 779, 782, 783, 787, 790, 791, 809, 817, 819, 830, 833, 834, 836, 845, 856, 857, 860, 862, 875, 880, 887, 888, 899, 900, 914, 918, 921, 928, 929, 930]","[12, 24, 25, 28, 88, 100, 104, 119, 123, 129, 136, 137, 139, 140, 141, 148, 155, 169, 172, 179, 183, 185, 188, 196, 198, 217, 237, 267, 270, 278, 319, 321, 324, 325, 330, 334, 335, 354, 366, 369, 380, 383, 384, 386, 395, 407, 411, 423, 428, 436, 437, 452, 453, 456, 467, 471, 477, 478, 479, 497, 508, 511, 559, 571, 575, 590, 594, 600, 607, 608, 610, 611, 612, 619, 627, 640, 643, 650, 654, 656, 659, 667, 669, 685, 701, 726, 729, 737, 777, 779, 782, 783, 787, 790, 791, 809, 817, 819, 830, 833, 834, 836, 845, 856, 857, 860, 862, 875, 880, 887, 888, 899, 900, 914, 918, 921, 928, 929, 930]","[12, 16, 24, 25, 28, 88, 100, 103, 104, 105, 106, 107, 108, 109, 110, 111, 112, 113, 114, 115, 116, 117, 118, 119, 120, 121, 122, 123, 124, 125, 126, 127, 128, 129, 130, 131, 132, 133, 134, 135, 136, 137, 138, 139, 140, 141, 142, 143, 144, 145, 146, 147, 148, 149, 150, 151, 152, 153, 154, 155, 156, 157, 158, 159, 160, 161, 162, 163, 164, 165, 166, 167, 168, 169, 170, 171, 172, 173, 174, 175, 176, 177, 178, 179, 180, 181, 182, 183, 184, 185, 186, 187, 188, 189, 190, 191, 192, 193, 194, 195, 196, 197, 198, 199, 200, 201, 202, 203, 204, 205, 206, 207, 208, 209, 210, 211, 212, 213, 214, 215, 216, 217, 218, 219, 220, 221, 222, 223, 224, 225, 226, 227, 228, 229, 230, 231, 232, 233, 234, 235, 236, 237, 238, 239, 240, 241, 242, 243, 244, 245, 246, 247, 248, 249, 250, 251, 252, 253, 254, 255, 256, 257, 258, 259, 260, 261, 262, 263, 264, 265, 266, 267, 268, 269, 270, 271, 272, 273, 274, 275, 276, 277, 278, 279, 280, 281, 282, 283, 284, 285, 286, 287, 288, 289, 290, 291, 292, 293, 294, 295, 296, 297, 298, 299, 300, 301, 302, 303, 304, 305, 306, 307, 308, 309, 310, 311, 312, 313, 314, 315, 316, 317, 318, 319, 320, 321, 322, 323, 324, 325, 326, 327, 328, 329, 330, 331, 332, 333, 334, 335, 336, 337, 340, 341, 354, 356, 363, 365, 366, 367, 369, 370, 375, 380, 383, 384, 386, 388, 391, 394, 395, 396, 402, 407, 410, 411, 412, 413, 415, 416, 417, 418, 419, 423, 425, 428, 429, 431, 433, 435, 436, 437, 440, 441, 442, 443, 451, 452, 453, 456, 457, 458, 460, 461, 464, 467, 471, 473, 474, 475, 477, 478, 479, 481, 482, 497, 501, 508, 511, 559, 571, 574, 575, 576, 577, 578, 579, 580, 581, 582, 583, 584, 585, 586, 587, 588, 589, 590, 591, 592, 593, 594, 595, 596, 597, 598, 599, 600, 601, 602, 603, 604, 605, 606, 607, 608, 609, 610, 611, 612, 613, 614, 615, 616, 617, 618, 619, 620, 621, 622, 623, 624, 625, 626, 627, 628, 629, 630, 631, 632, 633, 634, 635, 636, 637, 638, 639, 640, 641, 642, 643, 644, 645, 646, 647, 648, 649, 650, 651, 652, 653, 654, 655, 656, 657, 658, 659, 660, 661, 662, 663, 664, 665, 666, 667, 668, 669, 670, 671, 672, 673, 674, 675, 676, 677, 678, 679, 680, 681, 682, 683, 684, 685, 686, 687, 688, 689, 690, 691, 692, 693, 694, 695, 696, 697, 698, 699, 700, 701, 702, 703, 704, 705, 706, 707, 708, 709, 710, 711, 712, 713, 714, 715, 716, 717, 718, 719, 720, 721, 722, 723, 724, 725, 726, 727, 728, 729, 730, 731, 732, 733, 734, 735, 736, 737, 738, 739, 740, 741, 742, 743, 744, 745, 746, 747, 748, 749, 750, 751, 752, 753, 754, 755, 756, 757, 758, 759, 760, 761, 762, 763, 764, 765, 766, 767, 768, 769, 770, 771, 772, 773, 774, 775, 776, 777, 778, 779, 780, 781, 782, 783, 784, 785, 786, 787, 788, 789, 790, 791, 792, 793, 796, 797, 809, 811, 817, 818, 819, 820, 825, 830, 833, 834, 836, 838, 841, 844, 845, 846, 851, 856, 857, 860, 861, 862, 863, 864, 866, 867, 868, 870, 871, 875, 877, 880, 881, 883, 885, 887, 888, 891, 892, 893, 898, 899, 900, 904, 905, 907, 908, 911, 914, 918, 920, 921, 922, 923, 924, 926, 928, 929, 930, 931, 933]",False,[],"[103, 104, 105, 106, 107, 108, 109, 110, 111, 112, 113, 114, 115, 116, 117, 118, 119, 120, 121, 122, 123, 124, 125, 126, 127, 128, 129, 130, 131, 132, 133, 134, 135, 136, 137, 138, 139, 140, 141, 142, 143, 144, 145, 146, 147, 148, 149, 150, 151, 152, 153, 154, 155, 156, 157, 158, 159, 160, 161, 162, 163, 164, 165, 166, 167, 168, 169, 170, 171, 172, 173, 174, 175, 176, 177, 178, 179, 180, 181, 182, 183, 184, 185, 186, 187, 188, 189, 190, 191, 192, 193, 194, 195, 196, 197, 198, 199, 200, 201, 202, 203, 204, 205, 206, 207, 208, 209, 210, 211, 212, 213, 214, 215, 216, 217, 218, 219, 220, 221, 222, 223, 224, 225, 226, 227, 228, 229, 230, 231, 232, 233, 234, 235, 236, 237, 238, 239, 240, 241, 242, 243, 244, 245, 246, 247, 248, 249, 250, 251, 252, 253, 254, 255, 256, 257, 258, 259, 260, 261, 262, 263, 264, 265, 266, 267, 268, 269, 270, 271, 272, 273, 274, 275, 276, 277, 278, 279, 280, 281, 282, 283, 284, 285, 286, 287, 288, 289, 290, 291, 292, 293, 294, 295, 296, 297, 298, 299, 300, 301, 302, 303, 304, 305, 306, 307, 308, 309, 310, 311, 312, 313, 314, 315, 316, 317, 318, 319, 320, 321, 322, 323, 324, 325, 326, 327, 328, 329, 330, 331, 332, 333, 334, 335, 336, 337, 574, 575, 576, 577, 578, 579, 580, 581, 582, 583, 584, 585, 586, 587, 588, 589, 590, 591, 592, 593, 594, 595, 596, 597, 598, 599, 600, 601, 602, 603, 604, 605, 606, 607, 608, 609, 610, 611, 612, 613, 614, 615, 616, 617, 618, 619, 620, 621, 622, 623, 624, 625, 626, 627, 628, 629, 630, 631, 632, 633, 634, 635, 636, 637, 638, 639, 640, 641, 642, 643, 644, 645, 646, 647, 648, 649, 650, 651, 652, 653, 654, 655, 656, 657, 658, 659, 660, 661, 662, 663, 664, 665, 666, 667, 668, 669, 670, 671, 672, 673, 674, 675, 676, 677, 678, 679, 680, 681, 682, 683, 684, 685, 686, 687, 688, 689, 690, 691, 692, 693, 694, 695, 696, 697, 698, 699, 700, 701, 702, 703, 704, 705, 706, 707, 708, 709, 710, 711, 712, 713, 714, 715, 716, 717, 718, 719, 720, 721, 722, 723, 724, 725, 726, 727, 728, 729, 730, 731, 732, 733, 734, 735, 736, 737, 738, 739, 740, 741, 742, 743, 744, 745, 746, 747, 748, 749, 750, 751, 752, 753, 754, 755, 756, 757, 758, 759, 760, 761, 762, 763, 764, 765, 766, 767, 768, 769, 770, 771, 772, 773, 774, 775, 776, 777, 778, 779, 780, 781, 782, 783, 784, 785, 786, 787, 788, 789, 790, 791, 792, 793]",[],"[116, 118, 161, 169, 170, 174, 303, 587, 589, 633, 640, 641, 645, 761, 792]","[16, 125, 156, 163, 168, 184, 205, 222, 229, 253, 258, 265, 313, 317, 336, 340, 341, 356, 363, 365, 366, 367, 370, 375, 388, 391, 394, 396, 402, 410, 411, 412, 413, 415, 416, 417, 418, 419, 425, 429, 431, 433, 435, 437, 440, 441, 442, 443, 451, 452, 456, 457, 458, 460, 461, 464, 471, 473, 474, 475, 481, 482, 501, 596, 628, 635, 655, 675, 693, 716, 720, 725, 771, 775, 793, 796, 797, 811, 817, 818, 820, 825, 838, 841, 844, 846, 851, 857, 861, 862, 863, 864, 866, 867, 868, 870, 871, 877, 881, 883, 885, 888, 891, 892, 893, 898, 899, 904, 905, 907, 908, 911, 918, 920, 921, 922, 923, 924, 926, 931, 933]","[12, 24, 25, 28, 88, 100, 104, 119, 123, 129, 136, 137, 139, 140, 141, 148, 155, 169, 172, 179, 183, 185, 188, 196, 198, 217, 237, 267, 270, 278, 319, 321, 324, 325, 330, 334, 335, 354, 366, 369, 380, 383, 384, 386, 395, 407, 411, 423, 428, 436, 437, 452, 453, 456, 467, 471, 477, 478, 479, 497, 508, 511, 559, 571, 575, 590, 594, 600, 607, 608, 610, 611, 612, 619, 627, 640, 643, 650, 654, 656, 659, 667, 669, 685, 701, 726, 729, 737, 777, 779, 782, 783, 787, 790, 791, 809, 817, 819, 830, 833, 834, 836, 845, 856, 857, 860, 862, 875, 880, 887, 888, 899, 900, 914, 918, 921, 928, 929, 930]","[12, 24, 25, 28, 88, 100, 104, 119, 123, 129, 136, 137, 139, 140, 141, 148, 155, 169, 172, 179, 183, 185, 188, 196, 198, 217, 237, 267, 270, 278, 319, 321, 324, 325, 330, 334, 335, 354, 366, 369, 380, 383, 384, 386, 395, 407, 411, 423, 428, 436, 437, 452, 453, 456, 467, 471, 477, 478, 479, 497, 508, 511, 559, 571, 575, 590, 594, 600, 607, 608, 610, 611, 612, 619, 627, 640, 643, 650, 654, 656, 659, 667, 669, 685, 701, 726, 729, 737, 777, 779, 782, 783, 787, 790, 791, 809, 817, 819, 830, 833, 834, 836, 845, 856, 857, 860, 862, 875, 880, 887, 888, 899, 900, 914, 918, 921, 928, 929, 930]",4/6 successful match,False,[613],True,749,False,,,,,
"Temecula , 92590 Jefferson Ave Chevron",951-676-8006 I-15 Exit 61 ( CA 79 W to Jefferson S ),000,Temecula,92590,Jefferson Ave Chevron,951-676-8006,2007,Temecula,CA,Chevron,( CA 79 W to Jefferson S ),I-15 Exit 61 ,Exit,61,False,,False,I-15,,,,,[],[],[],"[116, 118, 161, 169, 170, 174, 303, 587, 589, 633, 640, 641, 645, 761, 792]","[103, 104, 105, 106, 107, 108, 109, 110, 111, 112, 113, 114, 115, 116, 117, 118, 119, 120, 121, 122, 123, 124, 125, 126, 127, 128, 129, 130, 131, 132, 133, 134, 135, 136, 137, 138, 139, 140, 141, 142, 143, 144, 145, 146, 147, 148, 149, 150, 151, 152, 153, 154, 155, 156, 157, 158, 159, 160, 161, 162, 163, 164, 165, 166, 167, 168, 169, 170, 171, 172, 173, 174, 175, 176, 177, 178, 179, 180, 181, 182, 183, 184, 185, 186, 187, 188, 189, 190, 191, 192, 193, 194, 195, 196, 197, 198, 199, 200, 201, 202, 203, 204, 205, 206, 207, 208, 209, 210, 211, 212, 213, 214, 215, 216, 217, 218, 219, 220, 221, 222, 223, 224, 225, 226, 227, 228, 229, 230, 231, 232, 233, 234, 235, 236, 237, 238, 239, 240, 241, 242, 243, 244, 245, 246, 247, 248, 249, 250, 251, 252, 253, 254, 255, 256, 257, 258, 259, 260, 261, 262, 263, 264, 265, 266, 267, 268, 269, 270, 271, 272, 273, 274, 275, 276, 277, 278, 279, 280, 281, 282, 283, 284, 285, 286, 287, 288, 289, 290, 291, 292, 293, 294, 295, 296, 297, 298, 299, 300, 301, 302, 303, 304, 305, 306, 307, 308, 309, 310, 311, 312, 313, 314, 315, 316, 317, 318, 319, 320, 321, 322, 323, 324, 325, 326, 327, 328, 329, 330, 331, 332, 333, 334, 335, 336, 337, 574, 575, 576, 577, 578, 579, 580, 581, 582, 583, 584, 585, 586, 587, 588, 589, 590, 591, 592, 593, 594, 595, 596, 597, 598, 599, 600, 601, 602, 603, 604, 605, 606, 607, 608, 609, 610, 611, 612, 613, 614, 615, 616, 617, 618, 619, 620, 621, 622, 623, 624, 625, 626, 627, 628, 629, 630, 631, 632, 633, 634, 635, 636, 637, 638, 639, 640, 641, 642, 643, 644, 645, 646, 647, 648, 649, 650, 651, 652, 653, 654, 655, 656, 657, 658, 659, 660, 661, 662, 663, 664, 665, 666, 667, 668, 669, 670, 671, 672, 673, 674, 675, 676, 677, 678, 679, 680, 681, 682, 683, 684, 685, 686, 687, 688, 689, 690, 691, 692, 693, 694, 695, 696, 697, 698, 699, 700, 701, 702, 703, 704, 705, 706, 707, 708, 709, 710, 711, 712, 713, 714, 715, 716, 717, 718, 719, 720, 721, 722, 723, 724, 725, 726, 727, 728, 729, 730, 731, 732, 733, 734, 735, 736, 737, 738, 739, 740, 741, 742, 743, 744, 745, 746, 747, 748, 749, 750, 751, 752, 753, 754, 755, 756, 757, 758, 759, 760, 761, 762, 763, 764, 765, 766, 767, 768, 769, 770, 771, 772, 773, 774, 775, 776, 777, 778, 779, 780, 781, 782, 783, 784, 785, 786, 787, 788, 789, 790, 791, 792, 793]","[16, 125, 156, 163, 168, 184, 205, 222, 229, 253, 258, 265, 313, 317, 336, 340, 341, 356, 363, 365, 366, 367, 370, 375, 388, 391, 394, 396, 402, 410, 411, 412, 413, 415, 416, 417, 418, 419, 425, 429, 431, 433, 435, 437, 440, 441, 442, 443, 451, 452, 456, 457, 458, 460, 461, 464, 471, 473, 474, 475, 481, 482, 501, 596, 628, 635, 655, 675, 693, 716, 720, 725, 771, 775, 793, 796, 797, 811, 817, 818, 820, 825, 838, 841, 844, 846, 851, 857, 861, 862, 863, 864, 866, 867, 868, 870, 871, 877, 881, 883, 885, 888, 891, 892, 893, 898, 899, 904, 905, 907, 908, 911, 918, 920, 921, 922, 923, 924, 926, 931, 933]","[12, 24, 25, 28, 88, 100, 104, 119, 123, 129, 136, 137, 139, 140, 141, 148, 155, 169, 172, 179, 183, 185, 188, 196, 198, 217, 237, 267, 270, 278, 319, 321, 324, 325, 330, 334, 335, 354, 366, 369, 380, 383, 384, 386, 395, 407, 411, 423, 428, 436, 437, 452, 453, 456, 467, 471, 477, 478, 479, 497, 508, 511, 559, 571, 575, 590, 594, 600, 607, 608, 610, 611, 612, 619, 627, 640, 643, 650, 654, 656, 659, 667, 669, 685, 701, 726, 729, 737, 777, 779, 782, 783, 787, 790, 791, 809, 817, 819, 830, 833, 834, 836, 845, 856, 857, 860, 862, 875, 880, 887, 888, 899, 900, 914, 918, 921, 928, 929, 930]","[12, 24, 25, 28, 88, 100, 104, 119, 123, 129, 136, 137, 139, 140, 141, 148, 155, 169, 172, 179, 183, 185, 188, 196, 198, 217, 237, 267, 270, 278, 319, 321, 324, 325, 330, 334, 335, 354, 366, 369, 380, 383, 384, 386, 395, 407, 411, 423, 428, 436, 437, 452, 453, 456, 467, 471, 477, 478, 479, 497, 508, 511, 559, 571, 575, 590, 594, 600, 607, 608, 610, 611, 612, 619, 627, 640, 643, 650, 654, 656, 659, 667, 669, 685, 701, 726, 729, 737, 777, 779, 782, 783, 787, 790, 791, 809, 817, 819, 830, 833, 834, 836, 845, 856, 857, 860, 862, 875, 880, 887, 888, 899, 900, 914, 918, 921, 928, 929, 930]","[12, 16, 24, 25, 28, 88, 100, 103, 104, 105, 106, 107, 108, 109, 110, 111, 112, 113, 114, 115, 116, 117, 118, 119, 120, 121, 122, 123, 124, 125, 126, 127, 128, 129, 130, 131, 132, 133, 134, 135, 136, 137, 138, 139, 140, 141, 142, 143, 144, 145, 146, 147, 148, 149, 150, 151, 152, 153, 154, 155, 156, 157, 158, 159, 160, 161, 162, 163, 164, 165, 166, 167, 168, 169, 170, 171, 172, 173, 174, 175, 176, 177, 178, 179, 180, 181, 182, 183, 184, 185, 186, 187, 188, 189, 190, 191, 192, 193, 194, 195, 196, 197, 198, 199, 200, 201, 202, 203, 204, 205, 206, 207, 208, 209, 210, 211, 212, 213, 214, 215, 216, 217, 218, 219, 220, 221, 222, 223, 224, 225, 226, 227, 228, 229, 230, 231, 232, 233, 234, 235, 236, 237, 238, 239, 240, 241, 242, 243, 244, 245, 246, 247, 248, 249, 250, 251, 252, 253, 254, 255, 256, 257, 258, 259, 260, 261, 262, 263, 264, 265, 266, 267, 268, 269, 270, 271, 272, 273, 274, 275, 276, 277, 278, 279, 280, 281, 282, 283, 284, 285, 286, 287, 288, 289, 290, 291, 292, 293, 294, 295, 296, 297, 298, 299, 300, 301, 302, 303, 304, 305, 306, 307, 308, 309, 310, 311, 312, 313, 314, 315, 316, 317, 318, 319, 320, 321, 322, 323, 324, 325, 326, 327, 328, 329, 330, 331, 332, 333, 334, 335, 336, 337, 340, 341, 354, 356, 363, 365, 366, 367, 369, 370, 375, 380, 383, 384, 386, 388, 391, 394, 395, 396, 402, 407, 410, 411, 412, 413, 415, 416, 417, 418, 419, 423, 425, 428, 429, 431, 433, 435, 436, 437, 440, 441, 442, 443, 451, 452, 453, 456, 457, 458, 460, 461, 464, 467, 471, 473, 474, 475, 477, 478, 479, 481, 482, 497, 501, 508, 511, 559, 571, 574, 575, 576, 577, 578, 579, 580, 581, 582, 583, 584, 585, 586, 587, 588, 589, 590, 591, 592, 593, 594, 595, 596, 597, 598, 599, 600, 601, 602, 603, 604, 605, 606, 607, 608, 609, 610, 611, 612, 613, 614, 615, 616, 617, 618, 619, 620, 621, 622, 623, 624, 625, 626, 627, 628, 629, 630, 631, 632, 633, 634, 635, 636, 637, 638, 639, 640, 641, 642, 643, 644, 645, 646, 647, 648, 649, 650, 651, 652, 653, 654, 655, 656, 657, 658, 659, 660, 661, 662, 663, 664, 665, 666, 667, 668, 669, 670, 671, 672, 673, 674, 675, 676, 677, 678, 679, 680, 681, 682, 683, 684, 685, 686, 687, 688, 689, 690, 691, 692, 693, 694, 695, 696, 697, 698, 699, 700, 701, 702, 703, 704, 705, 706, 707, 708, 709, 710, 711, 712, 713, 714, 715, 716, 717, 718, 719, 720, 721, 722, 723, 724, 725, 726, 727, 728, 729, 730, 731, 732, 733, 734, 735, 736, 737, 738, 739, 740, 741, 742, 743, 744, 745, 746, 747, 748, 749, 750, 751, 752, 753, 754, 755, 756, 757, 758, 759, 760, 761, 762, 763, 764, 765, 766, 767, 768, 769, 770, 771, 772, 773, 774, 775, 776, 777, 778, 779, 780, 781, 782, 783, 784, 785, 786, 787, 788, 789, 790, 791, 792, 793, 796, 797, 809, 811, 817, 818, 819, 820, 825, 830, 833, 834, 836, 838, 841, 844, 845, 846, 851, 856, 857, 860, 861, 862, 863, 864, 866, 867, 868, 870, 871, 875, 877, 880, 881, 883, 885, 887, 888, 891, 892, 893, 898, 899, 900, 904, 905, 907, 908, 911, 914, 918, 920, 921, 922, 923, 924, 926, 928, 929, 930, 931, 933]",False,[],"[103, 104, 105, 106, 107, 108, 109, 110, 111, 112, 113, 114, 115, 116, 117, 118, 119, 120, 121, 122, 123, 124, 125, 126, 127, 128, 129, 130, 131, 132, 133, 134, 135, 136, 137, 138, 139, 140, 141, 142, 143, 144, 145, 146, 147, 148, 149, 150, 151, 152, 153, 154, 155, 156, 157, 158, 159, 160, 161, 162, 163, 164, 165, 166, 167, 168, 169, 170, 171, 172, 173, 174, 175, 176, 177, 178, 179, 180, 181, 182, 183, 184, 185, 186, 187, 188, 189, 190, 191, 192, 193, 194, 195, 196, 197, 198, 199, 200, 201, 202, 203, 204, 205, 206, 207, 208, 209, 210, 211, 212, 213, 214, 215, 216, 217, 218, 219, 220, 221, 222, 223, 224, 225, 226, 227, 228, 229, 230, 231, 232, 233, 234, 235, 236, 237, 238, 239, 240, 241, 242, 243, 244, 245, 246, 247, 248, 249, 250, 251, 252, 253, 254, 255, 256, 257, 258, 259, 260, 261, 262, 263, 264, 265, 266, 267, 268, 269, 270, 271, 272, 273, 274, 275, 276, 277, 278, 279, 280, 281, 282, 283, 284, 285, 286, 287, 288, 289, 290, 291, 292, 293, 294, 295, 296, 297, 298, 299, 300, 301, 302, 303, 304, 305, 306, 307, 308, 309, 310, 311, 312, 313, 314, 315, 316, 317, 318, 319, 320, 321, 322, 323, 324, 325, 326, 327, 328, 329, 330, 331, 332, 333, 334, 335, 336, 337, 574, 575, 576, 577, 578, 579, 580, 581, 582, 583, 584, 585, 586, 587, 588, 589, 590, 591, 592, 593, 594, 595, 596, 597, 598, 599, 600, 601, 602, 603, 604, 605, 606, 607, 608, 609, 610, 611, 612, 613, 614, 615, 616, 617, 618, 619, 620, 621, 622, 623, 624, 625, 626, 627, 628, 629, 630, 631, 632, 633, 634, 635, 636, 637, 638, 639, 640, 641, 642, 643, 644, 645, 646, 647, 648, 649, 650, 651, 652, 653, 654, 655, 656, 657, 658, 659, 660, 661, 662, 663, 664, 665, 666, 667, 668, 669, 670, 671, 672, 673, 674, 675, 676, 677, 678, 679, 680, 681, 682, 683, 684, 685, 686, 687, 688, 689, 690, 691, 692, 693, 694, 695, 696, 697, 698, 699, 700, 701, 702, 703, 704, 705, 706, 707, 708, 709, 710, 711, 712, 713, 714, 715, 716, 717, 718, 719, 720, 721, 722, 723, 724, 725, 726, 727, 728, 729, 730, 731, 732, 733, 734, 735, 736, 737, 738, 739, 740, 741, 742, 743, 744, 745, 746, 747, 748, 749, 750, 751, 752, 753, 754, 755, 756, 757, 758, 759, 760, 761, 762, 763, 764, 765, 766, 767, 768, 769, 770, 771, 772, 773, 774, 775, 776, 777, 778, 779, 780, 781, 782, 783, 784, 785, 786, 787, 788, 789, 790, 791, 792, 793]",[],"[116, 118, 161, 169, 170, 174, 303, 587, 589, 633, 640, 641, 645, 761, 792]","[16, 125, 156, 163, 168, 184, 205, 222, 229, 253, 258, 265, 313, 317, 336, 340, 341, 356, 363, 365, 366, 367, 370, 375, 388, 391, 394, 396, 402, 410, 411, 412, 413, 415, 416, 417, 418, 419, 425, 429, 431, 433, 435, 437, 440, 441, 442, 443, 451, 452, 456, 457, 458, 460, 461, 464, 471, 473, 474, 475, 481, 482, 501, 596, 628, 635, 655, 675, 693, 716, 720, 725, 771, 775, 793, 796, 797, 811, 817, 818, 820, 825, 838, 841, 844, 846, 851, 857, 861, 862, 863, 864, 866, 867, 868, 870, 871, 877, 881, 883, 885, 888, 891, 892, 893, 898, 899, 904, 905, 907, 908, 911, 918, 920, 921, 922, 923, 924, 926, 931, 933]","[12, 24, 25, 28, 88, 100, 104, 119, 123, 129, 136, 137, 139, 140, 141, 148, 155, 169, 172, 179, 183, 185, 188, 196, 198, 217, 237, 267, 270, 278, 319, 321, 324, 325, 330, 334, 335, 354, 366, 369, 380, 383, 384, 386, 395, 407, 411, 423, 428, 436, 437, 452, 453, 456, 467, 471, 477, 478, 479, 497, 508, 511, 559, 571, 575, 590, 594, 600, 607, 608, 610, 611, 612, 619, 627, 640, 643, 650, 654, 656, 659, 667, 669, 685, 701, 726, 729, 737, 777, 779, 782, 783, 787, 790, 791, 809, 817, 819, 830, 833, 834, 836, 845, 856, 857, 860, 862, 875, 880, 887, 888, 899, 900, 914, 918, 921, 928, 929, 930]","[12, 24, 25, 28, 88, 100, 104, 119, 123, 129, 136, 137, 139, 140, 141, 148, 155, 169, 172, 179, 183, 185, 188, 196, 198, 217, 237, 267, 270, 278, 319, 321, 324, 325, 330, 334, 335, 354, 366, 369, 380, 383, 384, 386, 395, 407, 411, 423, 428, 436, 437, 452, 453, 456, 467, 471, 477, 478, 479, 497, 508, 511, 559, 571, 575, 590, 594, 600, 607, 608, 610, 611, 612, 619, 627, 640, 643, 650, 654, 656, 659, 667, 669, 685, 701, 726, 729, 737, 777, 779, 782, 783, 787, 790, 791, 809, 817, 819, 830, 833, 834, 836, 845, 856, 857, 860, 862, 875, 880, 887, 888, 899, 900, 914, 918, 921, 928, 929, 930]",4/6 successful match,False,[613],True,749,False,,1.0,True,Jefferson Ave Chevron,Chevron
"Temecula , 92590 Jefferson Ave Chevron",5 951-676-8006 I-15 Exit 61 ( CA 79 W to Jefferson S ),<U+2610><U+2610>,Temecula,92590,Jefferson Ave Chevron,951-676-8006,2008,Temecula,CA,Chevron,( CA 79 W to Jefferson S ),I-15 Exit 61 ,Exit,61,False,,False,I-15,,,,,[],[],[],"[116, 118, 161, 169, 170, 174, 303, 587, 589, 633, 640, 641, 645, 761, 792]","[103, 104, 105, 106, 107, 108, 109, 110, 111, 112, 113, 114, 115, 116, 117, 118, 119, 120, 121, 122, 123, 124, 125, 126, 127, 128, 129, 130, 131, 132, 133, 134, 135, 136, 137, 138, 139, 140, 141, 142, 143, 144, 145, 146, 147, 148, 149, 150, 151, 152, 153, 154, 155, 156, 157, 158, 159, 160, 161, 162, 163, 164, 165, 166, 167, 168, 169, 170, 171, 172, 173, 174, 175, 176, 177, 178, 179, 180, 181, 182, 183, 184, 185, 186, 187, 188, 189, 190, 191, 192, 193, 194, 195, 196, 197, 198, 199, 200, 201, 202, 203, 204, 205, 206, 207, 208, 209, 210, 211, 212, 213, 214, 215, 216, 217, 218, 219, 220, 221, 222, 223, 224, 225, 226, 227, 228, 229, 230, 231, 232, 233, 234, 235, 236, 237, 238, 239, 240, 241, 242, 243, 244, 245, 246, 247, 248, 249, 250, 251, 252, 253, 254, 255, 256, 257, 258, 259, 260, 261, 262, 263, 264, 265, 266, 267, 268, 269, 270, 271, 272, 273, 274, 275, 276, 277, 278, 279, 280, 281, 282, 283, 284, 285, 286, 287, 288, 289, 290, 291, 292, 293, 294, 295, 296, 297, 298, 299, 300, 301, 302, 303, 304, 305, 306, 307, 308, 309, 310, 311, 312, 313, 314, 315, 316, 317, 318, 319, 320, 321, 322, 323, 324, 325, 326, 327, 328, 329, 330, 331, 332, 333, 334, 335, 336, 337, 574, 575, 576, 577, 578, 579, 580, 581, 582, 583, 584, 585, 586, 587, 588, 589, 590, 591, 592, 593, 594, 595, 596, 597, 598, 599, 600, 601, 602, 603, 604, 605, 606, 607, 608, 609, 610, 611, 612, 613, 614, 615, 616, 617, 618, 619, 620, 621, 622, 623, 624, 625, 626, 627, 628, 629, 630, 631, 632, 633, 634, 635, 636, 637, 638, 639, 640, 641, 642, 643, 644, 645, 646, 647, 648, 649, 650, 651, 652, 653, 654, 655, 656, 657, 658, 659, 660, 661, 662, 663, 664, 665, 666, 667, 668, 669, 670, 671, 672, 673, 674, 675, 676, 677, 678, 679, 680, 681, 682, 683, 684, 685, 686, 687, 688, 689, 690, 691, 692, 693, 694, 695, 696, 697, 698, 699, 700, 701, 702, 703, 704, 705, 706, 707, 708, 709, 710, 711, 712, 713, 714, 715, 716, 717, 718, 719, 720, 721, 722, 723, 724, 725, 726, 727, 728, 729, 730, 731, 732, 733, 734, 735, 736, 737, 738, 739, 740, 741, 742, 743, 744, 745, 746, 747, 748, 749, 750, 751, 752, 753, 754, 755, 756, 757, 758, 759, 760, 761, 762, 763, 764, 765, 766, 767, 768, 769, 770, 771, 772, 773, 774, 775, 776, 777, 778, 779, 780, 781, 782, 783, 784, 785, 786, 787, 788, 789, 790, 791, 792, 793]","[16, 125, 156, 163, 168, 184, 205, 222, 229, 253, 258, 265, 313, 317, 336, 340, 341, 356, 363, 365, 366, 367, 370, 375, 388, 391, 394, 396, 402, 410, 411, 412, 413, 415, 416, 417, 418, 419, 425, 429, 431, 433, 435, 437, 440, 441, 442, 443, 451, 452, 456, 457, 458, 460, 461, 464, 471, 473, 474, 475, 481, 482, 501, 596, 628, 635, 655, 675, 693, 716, 720, 725, 771, 775, 793, 796, 797, 811, 817, 818, 820, 825, 838, 841, 844, 846, 851, 857, 861, 862, 863, 864, 866, 867, 868, 870, 871, 877, 881, 883, 885, 888, 891, 892, 893, 898, 899, 904, 905, 907, 908, 911, 918, 920, 921, 922, 923, 924, 926, 931, 933]","[12, 24, 25, 28, 88, 100, 104, 119, 123, 129, 136, 137, 139, 140, 141, 148, 155, 169, 172, 179, 183, 185, 188, 196, 198, 217, 237, 267, 270, 278, 319, 321, 324, 325, 330, 334, 335, 354, 366, 369, 380, 383, 384, 386, 395, 407, 411, 423, 428, 436, 437, 452, 453, 456, 467, 471, 477, 478, 479, 497, 508, 511, 559, 571, 575, 590, 594, 600, 607, 608, 610, 611, 612, 619, 627, 640, 643, 650, 654, 656, 659, 667, 669, 685, 701, 726, 729, 737, 777, 779, 782, 783, 787, 790, 791, 809, 817, 819, 830, 833, 834, 836, 845, 856, 857, 860, 862, 875, 880, 887, 888, 899, 900, 914, 918, 921, 928, 929, 930]","[12, 24, 25, 28, 88, 100, 104, 119, 123, 129, 136, 137, 139, 140, 141, 148, 155, 169, 172, 179, 183, 185, 188, 196, 198, 217, 237, 267, 270, 278, 319, 321, 324, 325, 330, 334, 335, 354, 366, 369, 380, 383, 384, 386, 395, 407, 411, 423, 428, 436, 437, 452, 453, 456, 467, 471, 477, 478, 479, 497, 508, 511, 559, 571, 575, 590, 594, 600, 607, 608, 610, 611, 612, 619, 627, 640, 643, 650, 654, 656, 659, 667, 669, 685, 701, 726, 729, 737, 777, 779, 782, 783, 787, 790, 791, 809, 817, 819, 830, 833, 834, 836, 845, 856, 857, 860, 862, 875, 880, 887, 888, 899, 900, 914, 918, 921, 928, 929, 930]","[12, 16, 24, 25, 28, 88, 100, 103, 104, 105, 106, 107, 108, 109, 110, 111, 112, 113, 114, 115, 116, 117, 118, 119, 120, 121, 122, 123, 124, 125, 126, 127, 128, 129, 130, 131, 132, 133, 134, 135, 136, 137, 138, 139, 140, 141, 142, 143, 144, 145, 146, 147, 148, 149, 150, 151, 152, 153, 154, 155, 156, 157, 158, 159, 160, 161, 162, 163, 164, 165, 166, 167, 168, 169, 170, 171, 172, 173, 174, 175, 176, 177, 178, 179, 180, 181, 182, 183, 184, 185, 186, 187, 188, 189, 190, 191, 192, 193, 194, 195, 196, 197, 198, 199, 200, 201, 202, 203, 204, 205, 206, 207, 208, 209, 210, 211, 212, 213, 214, 215, 216, 217, 218, 219, 220, 221, 222, 223, 224, 225, 226, 227, 228, 229, 230, 231, 232, 233, 234, 235, 236, 237, 238, 239, 240, 241, 242, 243, 244, 245, 246, 247, 248, 249, 250, 251, 252, 253, 254, 255, 256, 257, 258, 259, 260, 261, 262, 263, 264, 265, 266, 267, 268, 269, 270, 271, 272, 273, 274, 275, 276, 277, 278, 279, 280, 281, 282, 283, 284, 285, 286, 287, 288, 289, 290, 291, 292, 293, 294, 295, 296, 297, 298, 299, 300, 301, 302, 303, 304, 305, 306, 307, 308, 309, 310, 311, 312, 313, 314, 315, 316, 317, 318, 319, 320, 321, 322, 323, 324, 325, 326, 327, 328, 329, 330, 331, 332, 333, 334, 335, 336, 337, 340, 341, 354, 356, 363, 365, 366, 367, 369, 370, 375, 380, 383, 384, 386, 388, 391, 394, 395, 396, 402, 407, 410, 411, 412, 413, 415, 416, 417, 418, 419, 423, 425, 428, 429, 431, 433, 435, 436, 437, 440, 441, 442, 443, 451, 452, 453, 456, 457, 458, 460, 461, 464, 467, 471, 473, 474, 475, 477, 478, 479, 481, 482, 497, 501, 508, 511, 559, 571, 574, 575, 576, 577, 578, 579, 580, 581, 582, 583, 584, 585, 586, 587, 588, 589, 590, 591, 592, 593, 594, 595, 596, 597, 598, 599, 600, 601, 602, 603, 604, 605, 606, 607, 608, 609, 610, 611, 612, 613, 614, 615, 616, 617, 618, 619, 620, 621, 622, 623, 624, 625, 626, 627, 628, 629, 630, 631, 632, 633, 634, 635, 636, 637, 638, 639, 640, 641, 642, 643, 644, 645, 646, 647, 648, 649, 650, 651, 652, 653, 654, 655, 656, 657, 658, 659, 660, 661, 662, 663, 664, 665, 666, 667, 668, 669, 670, 671, 672, 673, 674, 675, 676, 677, 678, 679, 680, 681, 682, 683, 684, 685, 686, 687, 688, 689, 690, 691, 692, 693, 694, 695, 696, 697, 698, 699, 700, 701, 702, 703, 704, 705, 706, 707, 708, 709, 710, 711, 712, 713, 714, 715, 716, 717, 718, 719, 720, 721, 722, 723, 724, 725, 726, 727, 728, 729, 730, 731, 732, 733, 734, 735, 736, 737, 738, 739, 740, 741, 742, 743, 744, 745, 746, 747, 748, 749, 750, 751, 752, 753, 754, 755, 756, 757, 758, 759, 760, 761, 762, 763, 764, 765, 766, 767, 768, 769, 770, 771, 772, 773, 774, 775, 776, 777, 778, 779, 780, 781, 782, 783, 784, 785, 786, 787, 788, 789, 790, 791, 792, 793, 796, 797, 809, 811, 817, 818, 819, 820, 825, 830, 833, 834, 836, 838, 841, 844, 845, 846, 851, 856, 857, 860, 861, 862, 863, 864, 866, 867, 868, 870, 871, 875, 877, 880, 881, 883, 885, 887, 888, 891, 892, 893, 898, 899, 900, 904, 905, 907, 908, 911, 914, 918, 920, 921, 922, 923, 924, 926, 928, 929, 930, 931, 933]",False,[],"[103, 104, 105, 106, 107, 108, 109, 110, 111, 112, 113, 114, 115, 116, 117, 118, 119, 120, 121, 122, 123, 124, 125, 126, 127, 128, 129, 130, 131, 132, 133, 134, 135, 136, 137, 138, 139, 140, 141, 142, 143, 144, 145, 146, 147, 148, 149, 150, 151, 152, 153, 154, 155, 156, 157, 158, 159, 160, 161, 162, 163, 164, 165, 166, 167, 168, 169, 170, 171, 172, 173, 174, 175, 176, 177, 178, 179, 180, 181, 182, 183, 184, 185, 186, 187, 188, 189, 190, 191, 192, 193, 194, 195, 196, 197, 198, 199, 200, 201, 202, 203, 204, 205, 206, 207, 208, 209, 210, 211, 212, 213, 214, 215, 216, 217, 218, 219, 220, 221, 222, 223, 224, 225, 226, 227, 228, 229, 230, 231, 232, 233, 234, 235, 236, 237, 238, 239, 240, 241, 242, 243, 244, 245, 246, 247, 248, 249, 250, 251, 252, 253, 254, 255, 256, 257, 258, 259, 260, 261, 262, 263, 264, 265, 266, 267, 268, 269, 270, 271, 272, 273, 274, 275, 276, 277, 278, 279, 280, 281, 282, 283, 284, 285, 286, 287, 288, 289, 290, 291, 292, 293, 294, 295, 296, 297, 298, 299, 300, 301, 302, 303, 304, 305, 306, 307, 308, 309, 310, 311, 312, 313, 314, 315, 316, 317, 318, 319, 320, 321, 322, 323, 324, 325, 326, 327, 328, 329, 330, 331, 332, 333, 334, 335, 336, 337, 574, 575, 576, 577, 578, 579, 580, 581, 582, 583, 584, 585, 586, 587, 588, 589, 590, 591, 592, 593, 594, 595, 596, 597, 598, 599, 600, 601, 602, 603, 604, 605, 606, 607, 608, 609, 610, 611, 612, 613, 614, 615, 616, 617, 618, 619, 620, 621, 622, 623, 624, 625, 626, 627, 628, 629, 630, 631, 632, 633, 634, 635, 636, 637, 638, 639, 640, 641, 642, 643, 644, 645, 646, 647, 648, 649, 650, 651, 652, 653, 654, 655, 656, 657, 658, 659, 660, 661, 662, 663, 664, 665, 666, 667, 668, 669, 670, 671, 672, 673, 674, 675, 676, 677, 678, 679, 680, 681, 682, 683, 684, 685, 686, 687, 688, 689, 690, 691, 692, 693, 694, 695, 696, 697, 698, 699, 700, 701, 702, 703, 704, 705, 706, 707, 708, 709, 710, 711, 712, 713, 714, 715, 716, 717, 718, 719, 720, 721, 722, 723, 724, 725, 726, 727, 728, 729, 730, 731, 732, 733, 734, 735, 736, 737, 738, 739, 740, 741, 742, 743, 744, 745, 746, 747, 748, 749, 750, 751, 752, 753, 754, 755, 756, 757, 758, 759, 760, 761, 762, 763, 764, 765, 766, 767, 768, 769, 770, 771, 772, 773, 774, 775, 776, 777, 778, 779, 780, 781, 782, 783, 784, 785, 786, 787, 788, 789, 790, 791, 792, 793]",[],"[116, 118, 161, 169, 170, 174, 303, 587, 589, 633, 640, 641, 645, 761, 792]","[16, 125, 156, 163, 168, 184, 205, 222, 229, 253, 258, 265, 313, 317, 336, 340, 341, 356, 363, 365, 366, 367, 370, 375, 388, 391, 394, 396, 402, 410, 411, 412, 413, 415, 416, 417, 418, 419, 425, 429, 431, 433, 435, 437, 440, 441, 442, 443, 451, 452, 456, 457, 458, 460, 461, 464, 471, 473, 474, 475, 481, 482, 501, 596, 628, 635, 655, 675, 693, 716, 720, 725, 771, 775, 793, 796, 797, 811, 817, 818, 820, 825, 838, 841, 844, 846, 851, 857, 861, 862, 863, 864, 866, 867, 868, 870, 871, 877, 881, 883, 885, 888, 891, 892, 893, 898, 899, 904, 905, 907, 908, 911, 918, 920, 921, 922, 923, 924, 926, 931, 933]","[12, 24, 25, 28, 88, 100, 104, 119, 123, 129, 136, 137, 139, 140, 141, 148, 155, 169, 172, 179, 183, 185, 188, 196, 198, 217, 237, 267, 270, 278, 319, 321, 324, 325, 330, 334, 335, 354, 366, 369, 380, 383, 384, 386, 395, 407, 411, 423, 428, 436, 437, 452, 453, 456, 467, 471, 477, 478, 479, 497, 508, 511, 559, 571, 575, 590, 594, 600, 607, 608, 610, 611, 612, 619, 627, 640, 643, 650, 654, 656, 659, 667, 669, 685, 701, 726, 729, 737, 777, 779, 782, 783, 787, 790, 791, 809, 817, 819, 830, 833, 834, 836, 845, 856, 857, 860, 862, 875, 880, 887, 888, 899, 900, 914, 918, 921, 928, 929, 930]","[12, 24, 25, 28, 88, 100, 104, 119, 123, 129, 136, 137, 139, 140, 141, 148, 155, 169, 172, 179, 183, 185, 188, 196, 198, 217, 237, 267, 270, 278, 319, 321, 324, 325, 330, 334, 335, 354, 366, 369, 380, 383, 384, 386, 395, 407, 411, 423, 428, 436, 437, 452, 453, 456, 467, 471, 477, 478, 479, 497, 508, 511, 559, 571, 575, 590, 594, 600, 607, 608, 610, 611, 612, 619, 627, 640, 643, 650, 654, 656, 659, 667, 669, 685, 701, 726, 729, 737, 777, 779, 782, 783, 787, 790, 791, 809, 817, 819, 830, 833, 834, 836, 845, 856, 857, 860, 862, 875, 880, 887, 888, 899, 900, 914, 918, 921, 928, 929, 930]",4/6 successful match,False,[613],True,749,False,,1.0,True,Jefferson Ave Chevron,Chevron
"Anaheim , 92801 The Station ( Beacon )",714-999-9175 CA 91 & Raymond,000,Anaheim,92801,The Station ( Beacon ),714-999-9175,2006,Anaheim,CA,,,CA 91 & Raymond,empty,,False,,False,CA 91,Raymond,,,,[],[],[],[],"[103, 104, 105, 106, 107, 108, 109, 110, 111, 112, 113, 114, 115, 116, 117, 118, 119, 120, 121, 122, 123, 124, 125, 126, 127, 128, 129, 130, 131, 132, 133, 134, 135, 136, 137, 138, 139, 140, 141, 142, 143, 144, 145, 146, 147, 148, 149, 150, 151, 152, 153, 154, 155, 156, 157, 158, 159, 160, 161, 162, 163, 164, 165, 166, 167, 168, 169, 170, 171, 172, 173, 174, 175, 176, 177, 178, 179, 180, 181, 182, 183, 184, 185, 186, 187, 188, 189, 190, 191, 192, 193, 194, 195, 196, 197, 198, 199, 200, 201, 202, 203, 204, 205, 206, 207, 208, 209, 210, 211, 212, 213, 214, 215, 216, 217, 218, 219, 220, 221, 222, 223, 224, 225, 226, 227, 228, 229, 230, 231, 232, 233, 234, 235, 236, 237, 238, 239, 240, 241, 242, 243, 244, 245, 246, 247, 248, 249, 250, 251, 252, 253, 254, 255, 256, 257, 258, 259, 260, 261, 262, 263, 264, 265, 266, 267, 268, 269, 270, 271, 272, 273, 274, 275, 276, 277, 278, 279, 280, 281, 282, 283, 284, 285, 286, 287, 288, 289, 290, 291, 292, 293, 294, 295, 296, 297, 298, 299, 300, 301, 302, 303, 304, 305, 306, 307, 308, 309, 310, 311, 312, 313, 314, 315, 316, 317, 318, 319, 320, 321, 322, 323, 324, 325, 326, 327, 328, 329, 330, 331, 332, 333, 334, 335, 336, 337, 574, 575, 576, 577, 578, 579, 580, 581, 582, 583, 584, 585, 586, 587, 588, 589, 590, 591, 592, 593, 594, 595, 596, 597, 598, 599, 600, 601, 602, 603, 604, 605, 606, 607, 608, 609, 610, 611, 612, 613, 614, 615, 616, 617, 618, 619, 620, 621, 622, 623, 624, 625, 626, 627, 628, 629, 630, 631, 632, 633, 634, 635, 636, 637, 638, 639, 640, 641, 642, 643, 644, 645, 646, 647, 648, 649, 650, 651, 652, 653, 654, 655, 656, 657, 658, 659, 660, 661, 662, 663, 664, 665, 666, 667, 668, 669, 670, 671, 672, 673, 674, 675, 676, 677, 678, 679, 680, 681, 682, 683, 684, 685, 686, 687, 688, 689, 690, 691, 692, 693, 694, 695, 696, 697, 698, 699, 700, 701, 702, 703, 704, 705, 706, 707, 708, 709, 710, 711, 712, 713, 714, 715, 716, 717, 718, 719, 720, 721, 722, 723, 724, 725, 726, 727, 728, 729, 730, 731, 732, 733, 734, 735, 736, 737, 738, 739, 740, 741, 742, 743, 744, 745, 746, 747, 748, 749, 750, 751, 752, 753, 754, 755, 756, 757, 758, 759, 760, 761, 762, 763, 764, 765, 766, 767, 768, 769, 770, 771, 772, 773, 774, 775, 776, 777, 778, 779, 780, 781, 782, 783, 784, 785, 786, 787, 788, 789, 790, 791, 792, 793]","[103, 104, 106, 117, 118, 120, 127, 128, 129, 131, 133, 135, 136, 137, 139, 146, 147, 148, 149, 151, 158, 160, 162, 166, 173, 178, 179, 185, 190, 192, 198, 201, 203, 204, 206, 207, 212, 213, 214, 219, 223, 224, 225, 227, 230, 235, 237, 246, 247, 256, 259, 262, 263, 266, 268, 269, 271, 272, 278, 279, 284, 285, 288, 290, 292, 304, 312, 316, 319, 320, 323, 324, 332, 574, 575, 588, 591, 607, 608, 610, 618, 619, 620, 622, 632, 644, 649, 650, 656, 661, 663, 669, 674, 677, 683, 684, 687, 688, 689, 701, 710, 723, 730, 731, 738, 747, 751, 762, 774, 778, 789]",[],[],"[103, 104, 105, 106, 107, 108, 109, 110, 111, 112, 113, 114, 115, 116, 117, 118, 119, 120, 121, 122, 123, 124, 125, 126, 127, 128, 129, 130, 131, 132, 133, 134, 135, 136, 137, 138, 139, 140, 141, 142, 143, 144, 145, 146, 147, 148, 149, 150, 151, 152, 153, 154, 155, 156, 157, 158, 159, 160, 161, 162, 163, 164, 165, 166, 167, 168, 169, 170, 171, 172, 173, 174, 175, 176, 177, 178, 179, 180, 181, 182, 183, 184, 185, 186, 187, 188, 189, 190, 191, 192, 193, 194, 195, 196, 197, 198, 199, 200, 201, 202, 203, 204, 205, 206, 207, 208, 209, 210, 211, 212, 213, 214, 215, 216, 217, 218, 219, 220, 221, 222, 223, 224, 225, 226, 227, 228, 229, 230, 231, 232, 233, 234, 235, 236, 237, 238, 239, 240, 241, 242, 243, 244, 245, 246, 247, 248, 249, 250, 251, 252, 253, 254, 255, 256, 257, 258, 259, 260, 261, 262, 263, 264, 265, 266, 267, 268, 269, 270, 271, 272, 273, 274, 275, 276, 277, 278, 279, 280, 281, 282, 283, 284, 285, 286, 287, 288, 289, 290, 291, 292, 293, 294, 295, 296, 297, 298, 299, 300, 301, 302, 303, 304, 305, 306, 307, 308, 309, 310, 311, 312, 313, 314, 315, 316, 317, 318, 319, 320, 321, 322, 323, 324, 325, 326, 327, 328, 329, 330, 331, 332, 333, 334, 335, 336, 337, 574, 575, 576, 577, 578, 579, 580, 581, 582, 583, 584, 585, 586, 587, 588, 589, 590, 591, 592, 593, 594, 595, 596, 597, 598, 599, 600, 601, 602, 603, 604, 605, 606, 607, 608, 609, 610, 611, 612, 613, 614, 615, 616, 617, 618, 619, 620, 621, 622, 623, 624, 625, 626, 627, 628, 629, 630, 631, 632, 633, 634, 635, 636, 637, 638, 639, 640, 641, 642, 643, 644, 645, 646, 647, 648, 649, 650, 651, 652, 653, 654, 655, 656, 657, 658, 659, 660, 661, 662, 663, 664, 665, 666, 667, 668, 669, 670, 671, 672, 673, 674, 675, 676, 677, 678, 679, 680, 681, 682, 683, 684, 685, 686, 687, 688, 689, 690, 691, 692, 693, 694, 695, 696, 697, 698, 699, 700, 701, 702, 703, 704, 705, 706, 707, 708, 709, 710, 711, 712, 713, 714, 715, 716, 717, 718, 719, 720, 721, 722, 723, 724, 725, 726, 727, 728, 729, 730, 731, 732, 733, 734, 735, 736, 737, 738, 739, 740, 741, 742, 743, 744, 745, 746, 747, 748, 749, 750, 751, 752, 753, 754, 755, 756, 757, 758, 759, 760, 761, 762, 763, 764, 765, 766, 767, 768, 769, 770, 771, 772, 773, 774, 775, 776, 777, 778, 779, 780, 781, 782, 783, 784, 785, 786, 787, 788, 789, 790, 791, 792, 793]",False,[],"[103, 104, 105, 106, 107, 108, 109, 110, 111, 112, 113, 114, 115, 116, 117, 118, 119, 120, 121, 122, 123, 124, 125, 126, 127, 128, 129, 130, 131, 132, 133, 134, 135, 136, 137, 138, 139, 140, 141, 142, 143, 144, 145, 146, 147, 148, 149, 150, 151, 152, 153, 154, 155, 156, 157, 158, 159, 160, 161, 162, 163, 164, 165, 166, 167, 168, 169, 170, 171, 172, 173, 174, 175, 176, 177, 178, 179, 180, 181, 182, 183, 184, 185, 186, 187, 188, 189, 190, 191, 192, 193, 194, 195, 196, 197, 198, 199, 200, 201, 202, 203, 204, 205, 206, 207, 208, 209, 210, 211, 212, 213, 214, 215, 216, 217, 218, 219, 220, 221, 222, 223, 224, 225, 226, 227, 228, 229, 230, 231, 232, 233, 234, 235, 236, 237, 238, 239, 240, 241, 242, 243, 244, 245, 246, 247, 248, 249, 250, 251, 252, 253, 254, 255, 256, 257, 258, 259, 260, 261, 262, 263, 264, 265, 266, 267, 268, 269, 270, 271, 272, 273, 274, 275, 276, 277, 278, 279, 280, 281, 282, 283, 284, 285, 286, 287, 288, 289, 290, 291, 292, 293, 294, 295, 296, 297, 298, 299, 300, 301, 302, 303, 304, 305, 306, 307, 308, 309, 310, 311, 312, 313, 314, 315, 316, 317, 318, 319, 320, 321, 322, 323, 324, 325, 326, 327, 328, 329, 330, 331, 332, 333, 334, 335, 336, 337, 574, 575, 576, 577, 578, 579, 580, 581, 582, 583, 584, 585, 586, 587, 588, 589, 590, 591, 592, 593, 594, 595, 596, 597, 598, 599, 600, 601, 602, 603, 604, 605, 606, 607, 608, 609, 610, 611, 612, 613, 614, 615, 616, 617, 618, 619, 620, 621, 622, 623, 624, 625, 626, 627, 628, 629, 630, 631, 632, 633, 634, 635, 636, 637, 638, 639, 640, 641, 642, 643, 644, 645, 646, 647, 648, 649, 650, 651, 652, 653, 654, 655, 656, 657, 658, 659, 660, 661, 662, 663, 664, 665, 666, 667, 668, 669, 670, 671, 672, 673, 674, 675, 676, 677, 678, 679, 680, 681, 682, 683, 684, 685, 686, 687, 688, 689, 690, 691, 692, 693, 694, 695, 696, 697, 698, 699, 700, 701, 702, 703, 704, 705, 706, 707, 708, 709, 710, 711, 712, 713, 714, 715, 716, 717, 718, 719, 720, 721, 722, 723, 724, 725, 726, 727, 728, 729, 730, 731, 732, 733, 734, 735, 736, 737, 738, 739, 740, 741, 742, 743, 744, 745, 746, 747, 748, 749, 750, 751, 752, 753, 754, 755, 756, 757, 758, 759, 760, 761, 762, 763, 764, 765, 766, 767, 768, 769, 770, 771, 772, 773, 774, 775, 776, 777, 778, 779, 780, 781, 782, 783, 784, 785, 786, 787, 788, 789, 790, 791, 792, 793]",[],[],"[103, 104, 106, 117, 118, 120, 127, 128, 129, 131, 133, 135, 136, 137, 139, 146, 147, 148, 149, 151, 158, 160, 162, 166, 173, 178, 179, 185, 190, 192, 198, 201, 203, 204, 206, 207, 212, 213, 214, 219, 223, 224, 225, 227, 230, 235, 237, 246, 247, 256, 259, 262, 263, 266, 268, 269, 271, 272, 278, 279, 284, 285, 288, 290, 292, 304, 312, 316, 319, 320, 323, 324, 332, 574, 575, 588, 591, 607, 608, 610, 618, 619, 620, 622, 632, 644, 649, 650, 656, 661, 663, 669, 674, 677, 683, 684, 687, 688, 689, 701, 710, 723, 730, 731, 738, 747, 751, 762, 774, 778, 789]",[],[],7/6 successful match,False,,False,750,False,,,,,
"Orange , 92867 Big E Food Mart",714-639-0911 CA 55 & Katella Exit E ( 890 N Batavia ),) <U+2610>,Orange,92867,Big E Food Mart,714-639-0911,2006,Orange,CA,,( 890 N Batavia ),CA 55 & Katella Exit E ,Exit,,False,,False,CA 55,Katella E,,,,[],[],[],[],"[103, 104, 105, 106, 107, 108, 109, 110, 111, 112, 113, 114, 115, 116, 117, 118, 119, 120, 121, 122, 123, 124, 125, 126, 127, 128, 129, 130, 131, 132, 133, 134, 135, 136, 137, 138, 139, 140, 141, 142, 143, 144, 145, 146, 147, 148, 149, 150, 151, 152, 153, 154, 155, 156, 157, 158, 159, 160, 161, 162, 163, 164, 165, 166, 167, 168, 169, 170, 171, 172, 173, 174, 175, 176, 177, 178, 179, 180, 181, 182, 183, 184, 185, 186, 187, 188, 189, 190, 191, 192, 193, 194, 195, 196, 197, 198, 199, 200, 201, 202, 203, 204, 205, 206, 207, 208, 209, 210, 211, 212, 213, 214, 215, 216, 217, 218, 219, 220, 221, 222, 223, 224, 225, 226, 227, 228, 229, 230, 231, 232, 233, 234, 235, 236, 237, 238, 239, 240, 241, 242, 243, 244, 245, 246, 247, 248, 249, 250, 251, 252, 253, 254, 255, 256, 257, 258, 259, 260, 261, 262, 263, 264, 265, 266, 267, 268, 269, 270, 271, 272, 273, 274, 275, 276, 277, 278, 279, 280, 281, 282, 283, 284, 285, 286, 287, 288, 289, 290, 291, 292, 293, 294, 295, 296, 297, 298, 299, 300, 301, 302, 303, 304, 305, 306, 307, 308, 309, 310, 311, 312, 313, 314, 315, 316, 317, 318, 319, 320, 321, 322, 323, 324, 325, 326, 327, 328, 329, 330, 331, 332, 333, 334, 335, 336, 337, 574, 575, 576, 577, 578, 579, 580, 581, 582, 583, 584, 585, 586, 587, 588, 589, 590, 591, 592, 593, 594, 595, 596, 597, 598, 599, 600, 601, 602, 603, 604, 605, 606, 607, 608, 609, 610, 611, 612, 613, 614, 615, 616, 617, 618, 619, 620, 621, 622, 623, 624, 625, 626, 627, 628, 629, 630, 631, 632, 633, 634, 635, 636, 637, 638, 639, 640, 641, 642, 643, 644, 645, 646, 647, 648, 649, 650, 651, 652, 653, 654, 655, 656, 657, 658, 659, 660, 661, 662, 663, 664, 665, 666, 667, 668, 669, 670, 671, 672, 673, 674, 675, 676, 677, 678, 679, 680, 681, 682, 683, 684, 685, 686, 687, 688, 689, 690, 691, 692, 693, 694, 695, 696, 697, 698, 699, 700, 701, 702, 703, 704, 705, 706, 707, 708, 709, 710, 711, 712, 713, 714, 715, 716, 717, 718, 719, 720, 721, 722, 723, 724, 725, 726, 727, 728, 729, 730, 731, 732, 733, 734, 735, 736, 737, 738, 739, 740, 741, 742, 743, 744, 745, 746, 747, 748, 749, 750, 751, 752, 753, 754, 755, 756, 757, 758, 759, 760, 761, 762, 763, 764, 765, 766, 767, 768, 769, 770, 771, 772, 773, 774, 775, 776, 777, 778, 779, 780, 781, 782, 783, 784, 785, 786, 787, 788, 789, 790, 791, 792, 793]","[103, 104, 106, 117, 118, 120, 127, 128, 129, 131, 133, 135, 136, 137, 139, 146, 147, 148, 149, 151, 158, 160, 162, 166, 173, 178, 179, 185, 190, 192, 198, 201, 203, 204, 206, 207, 212, 213, 214, 215, 219, 223, 224, 225, 227, 230, 235, 237, 246, 247, 256, 259, 262, 263, 266, 268, 269, 271, 272, 275, 278, 279, 284, 285, 288, 290, 292, 304, 312, 316, 319, 320, 323, 324, 332, 574, 575, 588, 591, 607, 608, 610, 618, 619, 620, 622, 632, 644, 649, 650, 656, 661, 663, 669, 674, 677, 683, 684, 687, 688, 689, 701, 710, 723, 730, 731, 734, 738, 747, 751, 762, 774, 778, 789]",[],[],"[103, 104, 105, 106, 107, 108, 109, 110, 111, 112, 113, 114, 115, 116, 117, 118, 119, 120, 121, 122, 123, 124, 125, 126, 127, 128, 129, 130, 131, 132, 133, 134, 135, 136, 137, 138, 139, 140, 141, 142, 143, 144, 145, 146, 147, 148, 149, 150, 151, 152, 153, 154, 155, 156, 157, 158, 159, 160, 161, 162, 163, 164, 165, 166, 167, 168, 169, 170, 171, 172, 173, 174, 175, 176, 177, 178, 179, 180, 181, 182, 183, 184, 185, 186, 187, 188, 189, 190, 191, 192, 193, 194, 195, 196, 197, 198, 199, 200, 201, 202, 203, 204, 205, 206, 207, 208, 209, 210, 211, 212, 213, 214, 215, 216, 217, 218, 219, 220, 221, 222, 223, 224, 225, 226, 227, 228, 229, 230, 231, 232, 233, 234, 235, 236, 237, 238, 239, 240, 241, 242, 243, 244, 245, 246, 247, 248, 249, 250, 251, 252, 253, 254, 255, 256, 257, 258, 259, 260, 261, 262, 263, 264, 265, 266, 267, 268, 269, 270, 271, 272, 273, 274, 275, 276, 277, 278, 279, 280, 281, 282, 283, 284, 285, 286, 287, 288, 289, 290, 291, 292, 293, 294, 295, 296, 297, 298, 299, 300, 301, 302, 303, 304, 305, 306, 307, 308, 309, 310, 311, 312, 313, 314, 315, 316, 317, 318, 319, 320, 321, 322, 323, 324, 325, 326, 327, 328, 329, 330, 331, 332, 333, 334, 335, 336, 337, 574, 575, 576, 577, 578, 579, 580, 581, 582, 583, 584, 585, 586, 587, 588, 589, 590, 591, 592, 593, 594, 595, 596, 597, 598, 599, 600, 601, 602, 603, 604, 605, 606, 607, 608, 609, 610, 611, 612, 613, 614, 615, 616, 617, 618, 619, 620, 621, 622, 623, 624, 625, 626, 627, 628, 629, 630, 631, 632, 633, 634, 635, 636, 637, 638, 639, 640, 641, 642, 643, 644, 645, 646, 647, 648, 649, 650, 651, 652, 653, 654, 655, 656, 657, 658, 659, 660, 661, 662, 663, 664, 665, 666, 667, 668, 669, 670, 671, 672, 673, 674, 675, 676, 677, 678, 679, 680, 681, 682, 683, 684, 685, 686, 687, 688, 689, 690, 691, 692, 693, 694, 695, 696, 697, 698, 699, 700, 701, 702, 703, 704, 705, 706, 707, 708, 709, 710, 711, 712, 713, 714, 715, 716, 717, 718, 719, 720, 721, 722, 723, 724, 725, 726, 727, 728, 729, 730, 731, 732, 733, 734, 735, 736, 737, 738, 739, 740, 741, 742, 743, 744, 745, 746, 747, 748, 749, 750, 751, 752, 753, 754, 755, 756, 757, 758, 759, 760, 761, 762, 763, 764, 765, 766, 767, 768, 769, 770, 771, 772, 773, 774, 775, 776, 777, 778, 779, 780, 781, 782, 783, 784, 785, 786, 787, 788, 789, 790, 791, 792, 793]",False,[],"[103, 104, 105, 106, 107, 108, 109, 110, 111, 112, 113, 114, 115, 116, 117, 118, 119, 120, 121, 122, 123, 124, 125, 126, 127, 128, 129, 130, 131, 132, 133, 134, 135, 136, 137, 138, 139, 140, 141, 142, 143, 144, 145, 146, 147, 148, 149, 150, 151, 152, 153, 154, 155, 156, 157, 158, 159, 160, 161, 162, 163, 164, 165, 166, 167, 168, 169, 170, 171, 172, 173, 174, 175, 176, 177, 178, 179, 180, 181, 182, 183, 184, 185, 186, 187, 188, 189, 190, 191, 192, 193, 194, 195, 196, 197, 198, 199, 200, 201, 202, 203, 204, 205, 206, 207, 208, 209, 210, 211, 212, 213, 214, 215, 216, 217, 218, 219, 220, 221, 222, 223, 224, 225, 226, 227, 228, 229, 230, 231, 232, 233, 234, 235, 236, 237, 238, 239, 240, 241, 242, 243, 244, 245, 246, 247, 248, 249, 250, 251, 252, 253, 254, 255, 256, 257, 258, 259, 260, 261, 262, 263, 264, 265, 266, 267, 268, 269, 270, 271, 272, 273, 274, 275, 276, 277, 278, 279, 280, 281, 282, 283, 284, 285, 286, 287, 288, 289, 290, 291, 292, 293, 294, 295, 296, 297, 298, 299, 300, 301, 302, 303, 304, 305, 306, 307, 308, 309, 310, 311, 312, 313, 314, 315, 316, 317, 318, 319, 320, 321, 322, 323, 324, 325, 326, 327, 328, 329, 330, 331, 332, 333, 334, 335, 336, 337, 574, 575, 576, 577, 578, 579, 580, 581, 582, 583, 584, 585, 586, 587, 588, 589, 590, 591, 592, 593, 594, 595, 596, 597, 598, 599, 600, 601, 602, 603, 604, 605, 606, 607, 608, 609, 610, 611, 612, 613, 614, 615, 616, 617, 618, 619, 620, 621, 622, 623, 624, 625, 626, 627, 628, 629, 630, 631, 632, 633, 634, 635, 636, 637, 638, 639, 640, 641, 642, 643, 644, 645, 646, 647, 648, 649, 650, 651, 652, 653, 654, 655, 656, 657, 658, 659, 660, 661, 662, 663, 664, 665, 666, 667, 668, 669, 670, 671, 672, 673, 674, 675, 676, 677, 678, 679, 680, 681, 682, 683, 684, 685, 686, 687, 688, 689, 690, 691, 692, 693, 694, 695, 696, 697, 698, 699, 700, 701, 702, 703, 704, 705, 706, 707, 708, 709, 710, 711, 712, 713, 714, 715, 716, 717, 718, 719, 720, 721, 722, 723, 724, 725, 726, 727, 728, 729, 730, 731, 732, 733, 734, 735, 736, 737, 738, 739, 740, 741, 742, 743, 744, 745, 746, 747, 748, 749, 750, 751, 752, 753, 754, 755, 756, 757, 758, 759, 760, 761, 762, 763, 764, 765, 766, 767, 768, 769, 770, 771, 772, 773, 774, 775, 776, 777, 778, 779, 780, 781, 782, 783, 784, 785, 786, 787, 788, 789, 790, 791, 792, 793]",[],[],"[103, 104, 106, 117, 118, 120, 127, 128, 129, 131, 133, 135, 136, 137, 139, 146, 147, 148, 149, 151, 158, 160, 162, 166, 173, 178, 179, 185, 190, 192, 198, 201, 203, 204, 206, 207, 212, 213, 214, 215, 219, 223, 224, 225, 227, 230, 235, 237, 246, 247, 256, 259, 262, 263, 266, 268, 269, 271, 272, 275, 278, 279, 284, 285, 288, 290, 292, 304, 312, 316, 319, 320, 323, 324, 332, 574, 575, 588, 591, 607, 608, 610, 618, 619, 620, 622, 632, 644, 649, 650, 656, 661, 663, 669, 674, 677, 683, 684, 687, 688, 689, 701, 710, 723, 730, 731, 734, 738, 747, 751, 762, 774, 778, 789]",[],[],7/6 successful match,False,[226],True,751,False,,,,,
Oxnard ( 93030 ) MacValley Oil Company,4 805-485-6900 US 101 ( 1 mi S on Del Norte ),<U+2610><U+2610> SO,Oxnard,93030,MacValley Oil Company,805-485-6900,2014,Oxnard,CA,,( 1 mi S on Del Norte ),US 101,empty,,False,,False,US 101,,,,,"[218, 686]","[218, 686]","[218, 686]",[],"[103, 104, 105, 106, 107, 108, 109, 110, 111, 112, 113, 114, 115, 116, 117, 118, 119, 120, 121, 122, 123, 124, 125, 126, 127, 128, 129, 130, 131, 132, 133, 134, 135, 136, 137, 138, 139, 140, 141, 142, 143, 144, 145, 146, 147, 148, 149, 150, 151, 152, 153, 154, 155, 156, 157, 158, 159, 160, 161, 162, 163, 164, 165, 166, 167, 168, 169, 170, 171, 172, 173, 174, 175, 176, 177, 178, 179, 180, 181, 182, 183, 184, 185, 186, 187, 188, 189, 190, 191, 192, 193, 194, 195, 196, 197, 198, 199, 200, 201, 202, 203, 204, 205, 206, 207, 208, 209, 210, 211, 212, 213, 214, 215, 216, 217, 218, 219, 220, 221, 222, 223, 224, 225, 226, 227, 228, 229, 230, 231, 232, 233, 234, 235, 236, 237, 238, 239, 240, 241, 242, 243, 244, 245, 246, 247, 248, 249, 250, 251, 252, 253, 254, 255, 256, 257, 258, 259, 260, 261, 262, 263, 264, 265, 266, 267, 268, 269, 270, 271, 272, 273, 274, 275, 276, 277, 278, 279, 280, 281, 282, 283, 284, 285, 286, 287, 288, 289, 290, 291, 292, 293, 294, 295, 296, 297, 298, 299, 300, 301, 302, 303, 304, 305, 306, 307, 308, 309, 310, 311, 312, 313, 314, 315, 316, 317, 318, 319, 320, 321, 322, 323, 324, 325, 326, 327, 328, 329, 330, 331, 332, 333, 334, 335, 336, 337, 574, 575, 576, 577, 578, 579, 580, 581, 582, 583, 584, 585, 586, 587, 588, 589, 590, 591, 592, 593, 594, 595, 596, 597, 598, 599, 600, 601, 602, 603, 604, 605, 606, 607, 608, 609, 610, 611, 612, 613, 614, 615, 616, 617, 618, 619, 620, 621, 622, 623, 624, 625, 626, 627, 628, 629, 630, 631, 632, 633, 634, 635, 636, 637, 638, 639, 640, 641, 642, 643, 644, 645, 646, 647, 648, 649, 650, 651, 652, 653, 654, 655, 656, 657, 658, 659, 660, 661, 662, 663, 664, 665, 666, 667, 668, 669, 670, 671, 672, 673, 674, 675, 676, 677, 678, 679, 680, 681, 682, 683, 684, 685, 686, 687, 688, 689, 690, 691, 692, 693, 694, 695, 696, 697, 698, 699, 700, 701, 702, 703, 704, 705, 706, 707, 708, 709, 710, 711, 712, 713, 714, 715, 716, 717, 718, 719, 720, 721, 722, 723, 724, 725, 726, 727, 728, 729, 730, 731, 732, 733, 734, 735, 736, 737, 738, 739, 740, 741, 742, 743, 744, 745, 746, 747, 748, 749, 750, 751, 752, 753, 754, 755, 756, 757, 758, 759, 760, 761, 762, 763, 764, 765, 766, 767, 768, 769, 770, 771, 772, 773, 774, 775, 776, 777, 778, 779, 780, 781, 782, 783, 784, 785, 786, 787, 788, 789, 790, 791, 792, 793]","[15, 91, 107, 110, 113, 123, 132, 136, 193, 216, 218, 252, 274, 275, 281, 286, 293, 302, 325, 326, 500, 562, 578, 580, 583, 594, 603, 607, 664, 686, 715, 733, 734, 740, 745, 752, 760, 783, 784]",[],"[4, 31, 59, 135, 142, 147, 180, 218, 229, 232, 264, 269, 299, 318, 320, 331, 338, 352, 367, 382, 387, 403, 405, 408, 410, 455, 463, 465, 466, 468, 470, 472, 473, 483, 484, 490, 514, 535, 606, 613, 618, 651, 686, 693, 696, 724, 728, 758, 776, 778, 788, 794, 807, 832, 837, 852, 854, 858, 860, 861, 902, 910, 912, 913, 915, 917, 919, 920, 931, 934, 935]","[4, 15, 31, 59, 91, 103, 104, 105, 106, 107, 108, 109, 110, 111, 112, 113, 114, 115, 116, 117, 118, 119, 120, 121, 122, 123, 124, 125, 126, 127, 128, 129, 130, 131, 132, 133, 134, 135, 136, 137, 138, 139, 140, 141, 142, 143, 144, 145, 146, 147, 148, 149, 150, 151, 152, 153, 154, 155, 156, 157, 158, 159, 160, 161, 162, 163, 164, 165, 166, 167, 168, 169, 170, 171, 172, 173, 174, 175, 176, 177, 178, 179, 180, 181, 182, 183, 184, 185, 186, 187, 188, 189, 190, 191, 192, 193, 194, 195, 196, 197, 198, 199, 200, 201, 202, 203, 204, 205, 206, 207, 208, 209, 210, 211, 212, 213, 214, 215, 216, 217, 218, 219, 220, 221, 222, 223, 224, 225, 226, 227, 228, 229, 230, 231, 232, 233, 234, 235, 236, 237, 238, 239, 240, 241, 242, 243, 244, 245, 246, 247, 248, 249, 250, 251, 252, 253, 254, 255, 256, 257, 258, 259, 260, 261, 262, 263, 264, 265, 266, 267, 268, 269, 270, 271, 272, 273, 274, 275, 276, 277, 278, 279, 280, 281, 282, 283, 284, 285, 286, 287, 288, 289, 290, 291, 292, 293, 294, 295, 296, 297, 298, 299, 300, 301, 302, 303, 304, 305, 306, 307, 308, 309, 310, 311, 312, 313, 314, 315, 316, 317, 318, 319, 320, 321, 322, 323, 324, 325, 326, 327, 328, 329, 330, 331, 332, 333, 334, 335, 336, 337, 338, 352, 367, 382, 387, 403, 405, 408, 410, 455, 463, 465, 466, 468, 470, 472, 473, 483, 484, 490, 500, 514, 535, 562, 574, 575, 576, 577, 578, 579, 580, 581, 582, 583, 584, 585, 586, 587, 588, 589, 590, 591, 592, 593, 594, 595, 596, 597, 598, 599, 600, 601, 602, 603, 604, 605, 606, 607, 608, 609, 610, 611, 612, 613, 614, 615, 616, 617, 618, 619, 620, 621, 622, 623, 624, 625, 626, 627, 628, 629, 630, 631, 632, 633, 634, 635, 636, 637, 638, 639, 640, 641, 642, 643, 644, 645, 646, 647, 648, 649, 650, 651, 652, 653, 654, 655, 656, 657, 658, 659, 660, 661, 662, 663, 664, 665, 666, 667, 668, 669, 670, 671, 672, 673, 674, 675, 676, 677, 678, 679, 680, 681, 682, 683, 684, 685, 686, 687, 688, 689, 690, 691, 692, 693, 694, 695, 696, 697, 698, 699, 700, 701, 702, 703, 704, 705, 706, 707, 708, 709, 710, 711, 712, 713, 714, 715, 716, 717, 718, 719, 720, 721, 722, 723, 724, 725, 726, 727, 728, 729, 730, 731, 732, 733, 734, 735, 736, 737, 738, 739, 740, 741, 742, 743, 744, 745, 746, 747, 748, 749, 750, 751, 752, 753, 754, 755, 756, 757, 758, 759, 760, 761, 762, 763, 764, 765, 766, 767, 768, 769, 770, 771, 772, 773, 774, 775, 776, 777, 778, 779, 780, 781, 782, 783, 784, 785, 786, 787, 788, 789, 790, 791, 792, 793, 794, 807, 832, 837, 852, 854, 858, 860, 861, 902, 910, 912, 913, 915, 917, 919, 920, 931, 934, 935]",True,"[218, 686]","[103, 104, 105, 106, 107, 108, 109, 110, 111, 112, 113, 114, 115, 116, 117, 118, 119, 120, 121, 122, 123, 124, 125, 126, 127, 128, 129, 130, 131, 132, 133, 134, 135, 136, 137, 138, 139, 140, 141, 142, 143, 144, 145, 146, 147, 148, 149, 150, 151, 152, 153, 154, 155, 156, 157, 158, 159, 160, 161, 162, 163, 164, 165, 166, 167, 168, 169, 170, 171, 172, 173, 174, 175, 176, 177, 178, 179, 180, 181, 182, 183, 184, 185, 186, 187, 188, 189, 190, 191, 192, 193, 194, 195, 196, 197, 198, 199, 200, 201, 202, 203, 204, 205, 206, 207, 208, 209, 210, 211, 212, 213, 214, 215, 216, 217, 218, 219, 220, 221, 222, 223, 224, 225, 226, 227, 228, 229, 230, 231, 232, 233, 234, 235, 236, 237, 238, 239, 240, 241, 242, 243, 244, 245, 246, 247, 248, 249, 250, 251, 252, 253, 254, 255, 256, 257, 258, 259, 260, 261, 262, 263, 264, 265, 266, 267, 268, 269, 270, 271, 272, 273, 274, 275, 276, 277, 278, 279, 280, 281, 282, 283, 284, 285, 286, 287, 288, 289, 290, 291, 292, 293, 294, 295, 296, 297, 298, 299, 300, 301, 302, 303, 304, 305, 306, 307, 308, 309, 310, 311, 312, 313, 314, 315, 316, 317, 318, 319, 320, 321, 322, 323, 324, 325, 326, 327, 328, 329, 330, 331, 332, 333, 334, 335, 336, 337, 574, 575, 576, 577, 578, 579, 580, 581, 582, 583, 584, 585, 586, 587, 588, 589, 590, 591, 592, 593, 594, 595, 596, 597, 598, 599, 600, 601, 602, 603, 604, 605, 606, 607, 608, 609, 610, 611, 612, 613, 614, 615, 616, 617, 618, 619, 620, 621, 622, 623, 624, 625, 626, 627, 628, 629, 630, 631, 632, 633, 634, 635, 636, 637, 638, 639, 640, 641, 642, 643, 644, 645, 646, 647, 648, 649, 650, 651, 652, 653, 654, 655, 656, 657, 658, 659, 660, 661, 662, 663, 664, 665, 666, 667, 668, 669, 670, 671, 672, 673, 674, 675, 676, 677, 678, 679, 680, 681, 682, 683, 684, 685, 686, 687, 688, 689, 690, 691, 692, 693, 694, 695, 696, 697, 698, 699, 700, 701, 702, 703, 704, 705, 706, 707, 708, 709, 710, 711, 712, 713, 714, 715, 716, 717, 718, 719, 720, 721, 722, 723, 724, 725, 726, 727, 728, 729, 730, 731, 732, 733, 734, 735, 736, 737, 738, 739, 740, 741, 742, 743, 744, 745, 746, 747, 748, 749, 750, 751, 752, 753, 754, 755, 756, 757, 758, 759, 760, 761, 762, 763, 764, 765, 766, 767, 768, 769, 770, 771, 772, 773, 774, 775, 776, 777, 778, 779, 780, 781, 782, 783, 784, 785, 786, 787, 788, 789, 790, 791, 792, 793]","[218, 686]",[],"[15, 91, 107, 110, 113, 123, 132, 136, 193, 216, 218, 252, 274, 275, 281, 286, 293, 302, 325, 326, 500, 562, 578, 580, 583, 594, 603, 607, 664, 686, 715, 733, 734, 740, 745, 752, 760, 783, 784]","[4, 31, 59, 135, 142, 147, 180, 218, 229, 232, 264, 269, 299, 318, 320, 331, 338, 352, 367, 382, 387, 403, 405, 408, 410, 455, 463, 465, 466, 468, 470, 472, 473, 483, 484, 490, 514, 535, 606, 613, 618, 651, 686, 693, 696, 724, 728, 758, 776, 778, 788, 794, 807, 832, 837, 852, 854, 858, 860, 861, 902, 910, 912, 913, 915, 917, 919, 920, 931, 934, 935]",[],7/6 successful match,True,[449],True,752,False,,,,,
Oxnard ( 93030 ) MacValley Oil Company of CA 905 ),805-485-6900 US 101 ( 1 mi S on Del ),S <U+25A1>,Oxnard,93030,MacValley Oil Company of CA 905 ),805-485-6900,2015,Oxnard,CA,,( 1 mi S on Del ),US 101,empty,,False,,False,US 101,,,,,"[218, 686]","[218, 686]","[218, 686]",[],"[103, 104, 105, 106, 107, 108, 109, 110, 111, 112, 113, 114, 115, 116, 117, 118, 119, 120, 121, 122, 123, 124, 125, 126, 127, 128, 129, 130, 131, 132, 133, 134, 135, 136, 137, 138, 139, 140, 141, 142, 143, 144, 145, 146, 147, 148, 149, 150, 151, 152, 153, 154, 155, 156, 157, 158, 159, 160, 161, 162, 163, 164, 165, 166, 167, 168, 169, 170, 171, 172, 173, 174, 175, 176, 177, 178, 179, 180, 181, 182, 183, 184, 185, 186, 187, 188, 189, 190, 191, 192, 193, 194, 195, 196, 197, 198, 199, 200, 201, 202, 203, 204, 205, 206, 207, 208, 209, 210, 211, 212, 213, 214, 215, 216, 217, 218, 219, 220, 221, 222, 223, 224, 225, 226, 227, 228, 229, 230, 231, 232, 233, 234, 235, 236, 237, 238, 239, 240, 241, 242, 243, 244, 245, 246, 247, 248, 249, 250, 251, 252, 253, 254, 255, 256, 257, 258, 259, 260, 261, 262, 263, 264, 265, 266, 267, 268, 269, 270, 271, 272, 273, 274, 275, 276, 277, 278, 279, 280, 281, 282, 283, 284, 285, 286, 287, 288, 289, 290, 291, 292, 293, 294, 295, 296, 297, 298, 299, 300, 301, 302, 303, 304, 305, 306, 307, 308, 309, 310, 311, 312, 313, 314, 315, 316, 317, 318, 319, 320, 321, 322, 323, 324, 325, 326, 327, 328, 329, 330, 331, 332, 333, 334, 335, 336, 337, 574, 575, 576, 577, 578, 579, 580, 581, 582, 583, 584, 585, 586, 587, 588, 589, 590, 591, 592, 593, 594, 595, 596, 597, 598, 599, 600, 601, 602, 603, 604, 605, 606, 607, 608, 609, 610, 611, 612, 613, 614, 615, 616, 617, 618, 619, 620, 621, 622, 623, 624, 625, 626, 627, 628, 629, 630, 631, 632, 633, 634, 635, 636, 637, 638, 639, 640, 641, 642, 643, 644, 645, 646, 647, 648, 649, 650, 651, 652, 653, 654, 655, 656, 657, 658, 659, 660, 661, 662, 663, 664, 665, 666, 667, 668, 669, 670, 671, 672, 673, 674, 675, 676, 677, 678, 679, 680, 681, 682, 683, 684, 685, 686, 687, 688, 689, 690, 691, 692, 693, 694, 695, 696, 697, 698, 699, 700, 701, 702, 703, 704, 705, 706, 707, 708, 709, 710, 711, 712, 713, 714, 715, 716, 717, 718, 719, 720, 721, 722, 723, 724, 725, 726, 727, 728, 729, 730, 731, 732, 733, 734, 735, 736, 737, 738, 739, 740, 741, 742, 743, 744, 745, 746, 747, 748, 749, 750, 751, 752, 753, 754, 755, 756, 757, 758, 759, 760, 761, 762, 763, 764, 765, 766, 767, 768, 769, 770, 771, 772, 773, 774, 775, 776, 777, 778, 779, 780, 781, 782, 783, 784, 785, 786, 787, 788, 789, 790, 791, 792, 793]","[15, 91, 107, 110, 113, 123, 132, 136, 193, 216, 218, 252, 274, 275, 281, 286, 293, 302, 325, 326, 500, 562, 578, 580, 583, 594, 603, 607, 664, 686, 715, 733, 734, 740, 745, 752, 760, 783, 784]",[],"[4, 31, 59, 135, 142, 147, 180, 218, 229, 232, 264, 269, 299, 318, 320, 331, 338, 352, 367, 382, 387, 403, 405, 408, 410, 455, 463, 465, 466, 468, 470, 472, 473, 483, 484, 490, 514, 535, 606, 613, 618, 651, 686, 693, 696, 724, 728, 758, 776, 778, 788, 794, 807, 832, 837, 852, 854, 858, 860, 861, 902, 910, 912, 913, 915, 917, 919, 920, 931, 934, 935]","[4, 15, 31, 59, 91, 103, 104, 105, 106, 107, 108, 109, 110, 111, 112, 113, 114, 115, 116, 117, 118, 119, 120, 121, 122, 123, 124, 125, 126, 127, 128, 129, 130, 131, 132, 133, 134, 135, 136, 137, 138, 139, 140, 141, 142, 143, 144, 145, 146, 147, 148, 149, 150, 151, 152, 153, 154, 155, 156, 157, 158, 159, 160, 161, 162, 163, 164, 165, 166, 167, 168, 169, 170, 171, 172, 173, 174, 175, 176, 177, 178, 179, 180, 181, 182, 183, 184, 185, 186, 187, 188, 189, 190, 191, 192, 193, 194, 195, 196, 197, 198, 199, 200, 201, 202, 203, 204, 205, 206, 207, 208, 209, 210, 211, 212, 213, 214, 215, 216, 217, 218, 219, 220, 221, 222, 223, 224, 225, 226, 227, 228, 229, 230, 231, 232, 233, 234, 235, 236, 237, 238, 239, 240, 241, 242, 243, 244, 245, 246, 247, 248, 249, 250, 251, 252, 253, 254, 255, 256, 257, 258, 259, 260, 261, 262, 263, 264, 265, 266, 267, 268, 269, 270, 271, 272, 273, 274, 275, 276, 277, 278, 279, 280, 281, 282, 283, 284, 285, 286, 287, 288, 289, 290, 291, 292, 293, 294, 295, 296, 297, 298, 299, 300, 301, 302, 303, 304, 305, 306, 307, 308, 309, 310, 311, 312, 313, 314, 315, 316, 317, 318, 319, 320, 321, 322, 323, 324, 325, 326, 327, 328, 329, 330, 331, 332, 333, 334, 335, 336, 337, 338, 352, 367, 382, 387, 403, 405, 408, 410, 455, 463, 465, 466, 468, 470, 472, 473, 483, 484, 490, 500, 514, 535, 562, 574, 575, 576, 577, 578, 579, 580, 581, 582, 583, 584, 585, 586, 587, 588, 589, 590, 591, 592, 593, 594, 595, 596, 597, 598, 599, 600, 601, 602, 603, 604, 605, 606, 607, 608, 609, 610, 611, 612, 613, 614, 615, 616, 617, 618, 619, 620, 621, 622, 623, 624, 625, 626, 627, 628, 629, 630, 631, 632, 633, 634, 635, 636, 637, 638, 639, 640, 641, 642, 643, 644, 645, 646, 647, 648, 649, 650, 651, 652, 653, 654, 655, 656, 657, 658, 659, 660, 661, 662, 663, 664, 665, 666, 667, 668, 669, 670, 671, 672, 673, 674, 675, 676, 677, 678, 679, 680, 681, 682, 683, 684, 685, 686, 687, 688, 689, 690, 691, 692, 693, 694, 695, 696, 697, 698, 699, 700, 701, 702, 703, 704, 705, 706, 707, 708, 709, 710, 711, 712, 713, 714, 715, 716, 717, 718, 719, 720, 721, 722, 723, 724, 725, 726, 727, 728, 729, 730, 731, 732, 733, 734, 735, 736, 737, 738, 739, 740, 741, 742, 743, 744, 745, 746, 747, 748, 749, 750, 751, 752, 753, 754, 755, 756, 757, 758, 759, 760, 761, 762, 763, 764, 765, 766, 767, 768, 769, 770, 771, 772, 773, 774, 775, 776, 777, 778, 779, 780, 781, 782, 783, 784, 785, 786, 787, 788, 789, 790, 791, 792, 793, 794, 807, 832, 837, 852, 854, 858, 860, 861, 902, 910, 912, 913, 915, 917, 919, 920, 931, 934, 935]",True,"[218, 686]","[103, 104, 105, 106, 107, 108, 109, 110, 111, 112, 113, 114, 115, 116, 117, 118, 119, 120, 121, 122, 123, 124, 125, 126, 127, 128, 129, 130, 131, 132, 133, 134, 135, 136, 137, 138, 139, 140, 141, 142, 143, 144, 145, 146, 147, 148, 149, 150, 151, 152, 153, 154, 155, 156, 157, 158, 159, 160, 161, 162, 163, 164, 165, 166, 167, 168, 169, 170, 171, 172, 173, 174, 175, 176, 177, 178, 179, 180, 181, 182, 183, 184, 185, 186, 187, 188, 189, 190, 191, 192, 193, 194, 195, 196, 197, 198, 199, 200, 201, 202, 203, 204, 205, 206, 207, 208, 209, 210, 211, 212, 213, 214, 215, 216, 217, 218, 219, 220, 221, 222, 223, 224, 225, 226, 227, 228, 229, 230, 231, 232, 233, 234, 235, 236, 237, 238, 239, 240, 241, 242, 243, 244, 245, 246, 247, 248, 249, 250, 251, 252, 253, 254, 255, 256, 257, 258, 259, 260, 261, 262, 263, 264, 265, 266, 267, 268, 269, 270, 271, 272, 273, 274, 275, 276, 277, 278, 279, 280, 281, 282, 283, 284, 285, 286, 287, 288, 289, 290, 291, 292, 293, 294, 295, 296, 297, 298, 299, 300, 301, 302, 303, 304, 305, 306, 307, 308, 309, 310, 311, 312, 313, 314, 315, 316, 317, 318, 319, 320, 321, 322, 323, 324, 325, 326, 327, 328, 329, 330, 331, 332, 333, 334, 335, 336, 337, 574, 575, 576, 577, 578, 579, 580, 581, 582, 583, 584, 585, 586, 587, 588, 589, 590, 591, 592, 593, 594, 595, 596, 597, 598, 599, 600, 601, 602, 603, 604, 605, 606, 607, 608, 609, 610, 611, 612, 613, 614, 615, 616, 617, 618, 619, 620, 621, 622, 623, 624, 625, 626, 627, 628, 629, 630, 631, 632, 633, 634, 635, 636, 637, 638, 639, 640, 641, 642, 643, 644, 645, 646, 647, 648, 649, 650, 651, 652, 653, 654, 655, 656, 657, 658, 659, 660, 661, 662, 663, 664, 665, 666, 667, 668, 669, 670, 671, 672, 673, 674, 675, 676, 677, 678, 679, 680, 681, 682, 683, 684, 685, 686, 687, 688, 689, 690, 691, 692, 693, 694, 695, 696, 697, 698, 699, 700, 701, 702, 703, 704, 705, 706, 707, 708, 709, 710, 711, 712, 713, 714, 715, 716, 717, 718, 719, 720, 721, 722, 723, 724, 725, 726, 727, 728, 729, 730, 731, 732, 733, 734, 735, 736, 737, 738, 739, 740, 741, 742, 743, 744, 745, 746, 747, 748, 749, 750, 751, 752, 753, 754, 755, 756, 757, 758, 759, 760, 761, 762, 763, 764, 765, 766, 767, 768, 769, 770, 771, 772, 773, 774, 775, 776, 777, 778, 779, 780, 781, 782, 783, 784, 785, 786, 787, 788, 789, 790, 791, 792, 793]","[218, 686]",[],"[15, 91, 107, 110, 113, 123, 132, 136, 193, 216, 218, 252, 274, 275, 281, 286, 293, 302, 325, 326, 500, 562, 578, 580, 583, 594, 603, 607, 664, 686, 715, 733, 734, 740, 745, 752, 760, 783, 784]","[4, 31, 59, 135, 142, 147, 180, 218, 229, 232, 264, 269, 299, 318, 320, 331, 338, 352, 367, 382, 387, 403, 405, 408, 410, 455, 463, 465, 466, 468, 470, 472, 473, 483, 484, 490, 514, 535, 606, 613, 618, 651, 686, 693, 696, 724, 728, 758, 776, 778, 788, 794, 807, 832, 837, 852, 854, 858, 860, 861, 902, 910, 912, 913, 915, 917, 919, 920, 931, 934, 935]",[],7/6 successful match,True,[449],True,752,False,,1.0,True,MacValley Oil Company,
Oxnard ( 93030 ) MacValley Oil 7 Company ( S to Airway Rd ),4 805-485-6900 US 101 Exit 59 ( 1 mi S on,24 <U+25A1> S <U+2610>,Oxnard,93030,MacValley Oil 7 Company ( S to Airway Rd ),805-485-6900,2016,Oxnard,CA,,( 1 mi S on,US 101 Exit 59 ,Exit,59,False,,False,US 101,,,,,"[218, 686]","[218, 686]","[218, 686]","[35, 218, 516, 686]","[103, 104, 105, 106, 107, 108, 109, 110, 111, 112, 113, 114, 115, 116, 117, 118, 119, 120, 121, 122, 123, 124, 125, 126, 127, 128, 129, 130, 131, 132, 133, 134, 135, 136, 137, 138, 139, 140, 141, 142, 143, 144, 145, 146, 147, 148, 149, 150, 151, 152, 153, 154, 155, 156, 157, 158, 159, 160, 161, 162, 163, 164, 165, 166, 167, 168, 169, 170, 171, 172, 173, 174, 175, 176, 177, 178, 179, 180, 181, 182, 183, 184, 185, 186, 187, 188, 189, 190, 191, 192, 193, 194, 195, 196, 197, 198, 199, 200, 201, 202, 203, 204, 205, 206, 207, 208, 209, 210, 211, 212, 213, 214, 215, 216, 217, 218, 219, 220, 221, 222, 223, 224, 225, 226, 227, 228, 229, 230, 231, 232, 233, 234, 235, 236, 237, 238, 239, 240, 241, 242, 243, 244, 245, 246, 247, 248, 249, 250, 251, 252, 253, 254, 255, 256, 257, 258, 259, 260, 261, 262, 263, 264, 265, 266, 267, 268, 269, 270, 271, 272, 273, 274, 275, 276, 277, 278, 279, 280, 281, 282, 283, 284, 285, 286, 287, 288, 289, 290, 291, 292, 293, 294, 295, 296, 297, 298, 299, 300, 301, 302, 303, 304, 305, 306, 307, 308, 309, 310, 311, 312, 313, 314, 315, 316, 317, 318, 319, 320, 321, 322, 323, 324, 325, 326, 327, 328, 329, 330, 331, 332, 333, 334, 335, 336, 337, 574, 575, 576, 577, 578, 579, 580, 581, 582, 583, 584, 585, 586, 587, 588, 589, 590, 591, 592, 593, 594, 595, 596, 597, 598, 599, 600, 601, 602, 603, 604, 605, 606, 607, 608, 609, 610, 611, 612, 613, 614, 615, 616, 617, 618, 619, 620, 621, 622, 623, 624, 625, 626, 627, 628, 629, 630, 631, 632, 633, 634, 635, 636, 637, 638, 639, 640, 641, 642, 643, 644, 645, 646, 647, 648, 649, 650, 651, 652, 653, 654, 655, 656, 657, 658, 659, 660, 661, 662, 663, 664, 665, 666, 667, 668, 669, 670, 671, 672, 673, 674, 675, 676, 677, 678, 679, 680, 681, 682, 683, 684, 685, 686, 687, 688, 689, 690, 691, 692, 693, 694, 695, 696, 697, 698, 699, 700, 701, 702, 703, 704, 705, 706, 707, 708, 709, 710, 711, 712, 713, 714, 715, 716, 717, 718, 719, 720, 721, 722, 723, 724, 725, 726, 727, 728, 729, 730, 731, 732, 733, 734, 735, 736, 737, 738, 739, 740, 741, 742, 743, 744, 745, 746, 747, 748, 749, 750, 751, 752, 753, 754, 755, 756, 757, 758, 759, 760, 761, 762, 763, 764, 765, 766, 767, 768, 769, 770, 771, 772, 773, 774, 775, 776, 777, 778, 779, 780, 781, 782, 783, 784, 785, 786, 787, 788, 789, 790, 791, 792, 793]","[15, 91, 107, 110, 113, 123, 132, 136, 193, 216, 218, 252, 274, 275, 281, 286, 293, 302, 325, 326, 500, 562, 578, 580, 583, 594, 603, 607, 664, 686, 715, 733, 734, 740, 745, 752, 760, 783, 784]",[],"[4, 31, 59, 135, 142, 147, 180, 218, 229, 232, 264, 269, 299, 318, 320, 331, 338, 352, 367, 382, 387, 403, 405, 408, 410, 455, 463, 465, 466, 468, 470, 472, 473, 483, 484, 490, 514, 535, 606, 613, 618, 651, 686, 693, 696, 724, 728, 758, 776, 778, 788, 794, 807, 832, 837, 852, 854, 858, 860, 861, 902, 910, 912, 913, 915, 917, 919, 920, 931, 934, 935]","[4, 15, 31, 35, 59, 91, 103, 104, 105, 106, 107, 108, 109, 110, 111, 112, 113, 114, 115, 116, 117, 118, 119, 120, 121, 122, 123, 124, 125, 126, 127, 128, 129, 130, 131, 132, 133, 134, 135, 136, 137, 138, 139, 140, 141, 142, 143, 144, 145, 146, 147, 148, 149, 150, 151, 152, 153, 154, 155, 156, 157, 158, 159, 160, 161, 162, 163, 164, 165, 166, 167, 168, 169, 170, 171, 172, 173, 174, 175, 176, 177, 178, 179, 180, 181, 182, 183, 184, 185, 186, 187, 188, 189, 190, 191, 192, 193, 194, 195, 196, 197, 198, 199, 200, 201, 202, 203, 204, 205, 206, 207, 208, 209, 210, 211, 212, 213, 214, 215, 216, 217, 218, 219, 220, 221, 222, 223, 224, 225, 226, 227, 228, 229, 230, 231, 232, 233, 234, 235, 236, 237, 238, 239, 240, 241, 242, 243, 244, 245, 246, 247, 248, 249, 250, 251, 252, 253, 254, 255, 256, 257, 258, 259, 260, 261, 262, 263, 264, 265, 266, 267, 268, 269, 270, 271, 272, 273, 274, 275, 276, 277, 278, 279, 280, 281, 282, 283, 284, 285, 286, 287, 288, 289, 290, 291, 292, 293, 294, 295, 296, 297, 298, 299, 300, 301, 302, 303, 304, 305, 306, 307, 308, 309, 310, 311, 312, 313, 314, 315, 316, 317, 318, 319, 320, 321, 322, 323, 324, 325, 326, 327, 328, 329, 330, 331, 332, 333, 334, 335, 336, 337, 338, 352, 367, 382, 387, 403, 405, 408, 410, 455, 463, 465, 466, 468, 470, 472, 473, 483, 484, 490, 500, 514, 516, 535, 562, 574, 575, 576, 577, 578, 579, 580, 581, 582, 583, 584, 585, 586, 587, 588, 589, 590, 591, 592, 593, 594, 595, 596, 597, 598, 599, 600, 601, 602, 603, 604, 605, 606, 607, 608, 609, 610, 611, 612, 613, 614, 615, 616, 617, 618, 619, 620, 621, 622, 623, 624, 625, 626, 627, 628, 629, 630, 631, 632, 633, 634, 635, 636, 637, 638, 639, 640, 641, 642, 643, 644, 645, 646, 647, 648, 649, 650, 651, 652, 653, 654, 655, 656, 657, 658, 659, 660, 661, 662, 663, 664, 665, 666, 667, 668, 669, 670, 671, 672, 673, 674, 675, 676, 677, 678, 679, 680, 681, 682, 683, 684, 685, 686, 687, 688, 689, 690, 691, 692, 693, 694, 695, 696, 697, 698, 699, 700, 701, 702, 703, 704, 705, 706, 707, 708, 709, 710, 711, 712, 713, 714, 715, 716, 717, 718, 719, 720, 721, 722, 723, 724, 725, 726, 727, 728, 729, 730, 731, 732, 733, 734, 735, 736, 737, 738, 739, 740, 741, 742, 743, 744, 745, 746, 747, 748, 749, 750, 751, 752, 753, 754, 755, 756, 757, 758, 759, 760, 761, 762, 763, 764, 765, 766, 767, 768, 769, 770, 771, 772, 773, 774, 775, 776, 777, 778, 779, 780, 781, 782, 783, 784, 785, 786, 787, 788, 789, 790, 791, 792, 793, 794, 807, 832, 837, 852, 854, 858, 860, 861, 902, 910, 912, 913, 915, 917, 919, 920, 931, 934, 935]",True,"[218, 686]","[103, 104, 105, 106, 107, 108, 109, 110, 111, 112, 113, 114, 115, 116, 117, 118, 119, 120, 121, 122, 123, 124, 125, 126, 127, 128, 129, 130, 131, 132, 133, 134, 135, 136, 137, 138, 139, 140, 141, 142, 143, 144, 145, 146, 147, 148, 149, 150, 151, 152, 153, 154, 155, 156, 157, 158, 159, 160, 161, 162, 163, 164, 165, 166, 167, 168, 169, 170, 171, 172, 173, 174, 175, 176, 177, 178, 179, 180, 181, 182, 183, 184, 185, 186, 187, 188, 189, 190, 191, 192, 193, 194, 195, 196, 197, 198, 199, 200, 201, 202, 203, 204, 205, 206, 207, 208, 209, 210, 211, 212, 213, 214, 215, 216, 217, 218, 219, 220, 221, 222, 223, 224, 225, 226, 227, 228, 229, 230, 231, 232, 233, 234, 235, 236, 237, 238, 239, 240, 241, 242, 243, 244, 245, 246, 247, 248, 249, 250, 251, 252, 253, 254, 255, 256, 257, 258, 259, 260, 261, 262, 263, 264, 265, 266, 267, 268, 269, 270, 271, 272, 273, 274, 275, 276, 277, 278, 279, 280, 281, 282, 283, 284, 285, 286, 287, 288, 289, 290, 291, 292, 293, 294, 295, 296, 297, 298, 299, 300, 301, 302, 303, 304, 305, 306, 307, 308, 309, 310, 311, 312, 313, 314, 315, 316, 317, 318, 319, 320, 321, 322, 323, 324, 325, 326, 327, 328, 329, 330, 331, 332, 333, 334, 335, 336, 337, 574, 575, 576, 577, 578, 579, 580, 581, 582, 583, 584, 585, 586, 587, 588, 589, 590, 591, 592, 593, 594, 595, 596, 597, 598, 599, 600, 601, 602, 603, 604, 605, 606, 607, 608, 609, 610, 611, 612, 613, 614, 615, 616, 617, 618, 619, 620, 621, 622, 623, 624, 625, 626, 627, 628, 629, 630, 631, 632, 633, 634, 635, 636, 637, 638, 639, 640, 641, 642, 643, 644, 645, 646, 647, 648, 649, 650, 651, 652, 653, 654, 655, 656, 657, 658, 659, 660, 661, 662, 663, 664, 665, 666, 667, 668, 669, 670, 671, 672, 673, 674, 675, 676, 677, 678, 679, 680, 681, 682, 683, 684, 685, 686, 687, 688, 689, 690, 691, 692, 693, 694, 695, 696, 697, 698, 699, 700, 701, 702, 703, 704, 705, 706, 707, 708, 709, 710, 711, 712, 713, 714, 715, 716, 717, 718, 719, 720, 721, 722, 723, 724, 725, 726, 727, 728, 729, 730, 731, 732, 733, 734, 735, 736, 737, 738, 739, 740, 741, 742, 743, 744, 745, 746, 747, 748, 749, 750, 751, 752, 753, 754, 755, 756, 757, 758, 759, 760, 761, 762, 763, 764, 765, 766, 767, 768, 769, 770, 771, 772, 773, 774, 775, 776, 777, 778, 779, 780, 781, 782, 783, 784, 785, 786, 787, 788, 789, 790, 791, 792, 793]","[218, 686]","[35, 218, 516, 686]","[15, 91, 107, 110, 113, 123, 132, 136, 193, 216, 218, 252, 274, 275, 281, 286, 293, 302, 325, 326, 500, 562, 578, 580, 583, 594, 603, 607, 664, 686, 715, 733, 734, 740, 745, 752, 760, 783, 784]","[4, 31, 59, 135, 142, 147, 180, 218, 229, 232, 264, 269, 299, 318, 320, 331, 338, 352, 367, 382, 387, 403, 405, 408, 410, 455, 463, 465, 466, 468, 470, 472, 473, 483, 484, 490, 514, 535, 606, 613, 618, 651, 686, 693, 696, 724, 728, 758, 776, 778, 788, 794, 807, 832, 837, 852, 854, 858, 860, 861, 902, 910, 912, 913, 915, 917, 919, 920, 931, 934, 935]",[],7/6 successful match,True,[449],True,752,False,,0.948,True,MacValley Oil Company of CA 905 ),
"Oxnard , 93036 Alliance # 101 )",4 805-983-0470 US 101 & Rice Ave,000,Oxnard,93036,Alliance # 101 ),805-983-0470,2006,Oxnard,CA,,,US 101 & Rice Ave,empty,,False,,False,US 101,Rice Ave,,,,[],[],"[218, 686]",[],"[103, 104, 105, 106, 107, 108, 109, 110, 111, 112, 113, 114, 115, 116, 117, 118, 119, 120, 121, 122, 123, 124, 125, 126, 127, 128, 129, 130, 131, 132, 133, 134, 135, 136, 137, 138, 139, 140, 141, 142, 143, 144, 145, 146, 147, 148, 149, 150, 151, 152, 153, 154, 155, 156, 157, 158, 159, 160, 161, 162, 163, 164, 165, 166, 167, 168, 169, 170, 171, 172, 173, 174, 175, 176, 177, 178, 179, 180, 181, 182, 183, 184, 185, 186, 187, 188, 189, 190, 191, 192, 193, 194, 195, 196, 197, 198, 199, 200, 201, 202, 203, 204, 205, 206, 207, 208, 209, 210, 211, 212, 213, 214, 215, 216, 217, 218, 219, 220, 221, 222, 223, 224, 225, 226, 227, 228, 229, 230, 231, 232, 233, 234, 235, 236, 237, 238, 239, 240, 241, 242, 243, 244, 245, 246, 247, 248, 249, 250, 251, 252, 253, 254, 255, 256, 257, 258, 259, 260, 261, 262, 263, 264, 265, 266, 267, 268, 269, 270, 271, 272, 273, 274, 275, 276, 277, 278, 279, 280, 281, 282, 283, 284, 285, 286, 287, 288, 289, 290, 291, 292, 293, 294, 295, 296, 297, 298, 299, 300, 301, 302, 303, 304, 305, 306, 307, 308, 309, 310, 311, 312, 313, 314, 315, 316, 317, 318, 319, 320, 321, 322, 323, 324, 325, 326, 327, 328, 329, 330, 331, 332, 333, 334, 335, 336, 337, 574, 575, 576, 577, 578, 579, 580, 581, 582, 583, 584, 585, 586, 587, 588, 589, 590, 591, 592, 593, 594, 595, 596, 597, 598, 599, 600, 601, 602, 603, 604, 605, 606, 607, 608, 609, 610, 611, 612, 613, 614, 615, 616, 617, 618, 619, 620, 621, 622, 623, 624, 625, 626, 627, 628, 629, 630, 631, 632, 633, 634, 635, 636, 637, 638, 639, 640, 641, 642, 643, 644, 645, 646, 647, 648, 649, 650, 651, 652, 653, 654, 655, 656, 657, 658, 659, 660, 661, 662, 663, 664, 665, 666, 667, 668, 669, 670, 671, 672, 673, 674, 675, 676, 677, 678, 679, 680, 681, 682, 683, 684, 685, 686, 687, 688, 689, 690, 691, 692, 693, 694, 695, 696, 697, 698, 699, 700, 701, 702, 703, 704, 705, 706, 707, 708, 709, 710, 711, 712, 713, 714, 715, 716, 717, 718, 719, 720, 721, 722, 723, 724, 725, 726, 727, 728, 729, 730, 731, 732, 733, 734, 735, 736, 737, 738, 739, 740, 741, 742, 743, 744, 745, 746, 747, 748, 749, 750, 751, 752, 753, 754, 755, 756, 757, 758, 759, 760, 761, 762, 763, 764, 765, 766, 767, 768, 769, 770, 771, 772, 773, 774, 775, 776, 777, 778, 779, 780, 781, 782, 783, 784, 785, 786, 787, 788, 789, 790, 791, 792, 793]","[15, 91, 107, 110, 113, 123, 132, 136, 193, 216, 218, 252, 274, 275, 281, 286, 293, 302, 325, 326, 500, 562, 578, 580, 583, 594, 603, 607, 664, 686, 715, 733, 734, 740, 745, 752, 760, 783, 784]",[],[],"[15, 91, 103, 104, 105, 106, 107, 108, 109, 110, 111, 112, 113, 114, 115, 116, 117, 118, 119, 120, 121, 122, 123, 124, 125, 126, 127, 128, 129, 130, 131, 132, 133, 134, 135, 136, 137, 138, 139, 140, 141, 142, 143, 144, 145, 146, 147, 148, 149, 150, 151, 152, 153, 154, 155, 156, 157, 158, 159, 160, 161, 162, 163, 164, 165, 166, 167, 168, 169, 170, 171, 172, 173, 174, 175, 176, 177, 178, 179, 180, 181, 182, 183, 184, 185, 186, 187, 188, 189, 190, 191, 192, 193, 194, 195, 196, 197, 198, 199, 200, 201, 202, 203, 204, 205, 206, 207, 208, 209, 210, 211, 212, 213, 214, 215, 216, 217, 218, 219, 220, 221, 222, 223, 224, 225, 226, 227, 228, 229, 230, 231, 232, 233, 234, 235, 236, 237, 238, 239, 240, 241, 242, 243, 244, 245, 246, 247, 248, 249, 250, 251, 252, 253, 254, 255, 256, 257, 258, 259, 260, 261, 262, 263, 264, 265, 266, 267, 268, 269, 270, 271, 272, 273, 274, 275, 276, 277, 278, 279, 280, 281, 282, 283, 284, 285, 286, 287, 288, 289, 290, 291, 292, 293, 294, 295, 296, 297, 298, 299, 300, 301, 302, 303, 304, 305, 306, 307, 308, 309, 310, 311, 312, 313, 314, 315, 316, 317, 318, 319, 320, 321, 322, 323, 324, 325, 326, 327, 328, 329, 330, 331, 332, 333, 334, 335, 336, 337, 500, 562, 574, 575, 576, 577, 578, 579, 580, 581, 582, 583, 584, 585, 586, 587, 588, 589, 590, 591, 592, 593, 594, 595, 596, 597, 598, 599, 600, 601, 602, 603, 604, 605, 606, 607, 608, 609, 610, 611, 612, 613, 614, 615, 616, 617, 618, 619, 620, 621, 622, 623, 624, 625, 626, 627, 628, 629, 630, 631, 632, 633, 634, 635, 636, 637, 638, 639, 640, 641, 642, 643, 644, 645, 646, 647, 648, 649, 650, 651, 652, 653, 654, 655, 656, 657, 658, 659, 660, 661, 662, 663, 664, 665, 666, 667, 668, 669, 670, 671, 672, 673, 674, 675, 676, 677, 678, 679, 680, 681, 682, 683, 684, 685, 686, 687, 688, 689, 690, 691, 692, 693, 694, 695, 696, 697, 698, 699, 700, 701, 702, 703, 704, 705, 706, 707, 708, 709, 710, 711, 712, 713, 714, 715, 716, 717, 718, 719, 720, 721, 722, 723, 724, 725, 726, 727, 728, 729, 730, 731, 732, 733, 734, 735, 736, 737, 738, 739, 740, 741, 742, 743, 744, 745, 746, 747, 748, 749, 750, 751, 752, 753, 754, 755, 756, 757, 758, 759, 760, 761, 762, 763, 764, 765, 766, 767, 768, 769, 770, 771, 772, 773, 774, 775, 776, 777, 778, 779, 780, 781, 782, 783, 784, 785, 786, 787, 788, 789, 790, 791, 792, 793]",False,[],"[103, 104, 105, 106, 107, 108, 109, 110, 111, 112, 113, 114, 115, 116, 117, 118, 119, 120, 121, 122, 123, 124, 125, 126, 127, 128, 129, 130, 131, 132, 133, 134, 135, 136, 137, 138, 139, 140, 141, 142, 143, 144, 145, 146, 147, 148, 149, 150, 151, 152, 153, 154, 155, 156, 157, 158, 159, 160, 161, 162, 163, 164, 165, 166, 167, 168, 169, 170, 171, 172, 173, 174, 175, 176, 177, 178, 179, 180, 181, 182, 183, 184, 185, 186, 187, 188, 189, 190, 191, 192, 193, 194, 195, 196, 197, 198, 199, 200, 201, 202, 203, 204, 205, 206, 207, 208, 209, 210, 211, 212, 213, 214, 215, 216, 217, 218, 219, 220, 221, 222, 223, 224, 225, 226, 227, 228, 229, 230, 231, 232, 233, 234, 235, 236, 237, 238, 239, 240, 241, 242, 243, 244, 245, 246, 247, 248, 249, 250, 251, 252, 253, 254, 255, 256, 257, 258, 259, 260, 261, 262, 263, 264, 265, 266, 267, 268, 269, 270, 271, 272, 273, 274, 275, 276, 277, 278, 279, 280, 281, 282, 283, 284, 285, 286, 287, 288, 289, 290, 291, 292, 293, 294, 295, 296, 297, 298, 299, 300, 301, 302, 303, 304, 305, 306, 307, 308, 309, 310, 311, 312, 313, 314, 315, 316, 317, 318, 319, 320, 321, 322, 323, 324, 325, 326, 327, 328, 329, 330, 331, 332, 333, 334, 335, 336, 337, 574, 575, 576, 577, 578, 579, 580, 581, 582, 583, 584, 585, 586, 587, 588, 589, 590, 591, 592, 593, 594, 595, 596, 597, 598, 599, 600, 601, 602, 603, 604, 605, 606, 607, 608, 609, 610, 611, 612, 613, 614, 615, 616, 617, 618, 619, 620, 621, 622, 623, 624, 625, 626, 627, 628, 629, 630, 631, 632, 633, 634, 635, 636, 637, 638, 639, 640, 641, 642, 643, 644, 645, 646, 647, 648, 649, 650, 651, 652, 653, 654, 655, 656, 657, 658, 659, 660, 661, 662, 663, 664, 665, 666, 667, 668, 669, 670, 671, 672, 673, 674, 675, 676, 677, 678, 679, 680, 681, 682, 683, 684, 685, 686, 687, 688, 689, 690, 691, 692, 693, 694, 695, 696, 697, 698, 699, 700, 701, 702, 703, 704, 705, 706, 707, 708, 709, 710, 711, 712, 713, 714, 715, 716, 717, 718, 719, 720, 721, 722, 723, 724, 725, 726, 727, 728, 729, 730, 731, 732, 733, 734, 735, 736, 737, 738, 739, 740, 741, 742, 743, 744, 745, 746, 747, 748, 749, 750, 751, 752, 753, 754, 755, 756, 757, 758, 759, 760, 761, 762, 763, 764, 765, 766, 767, 768, 769, 770, 771, 772, 773, 774, 775, 776, 777, 778, 779, 780, 781, 782, 783, 784, 785, 786, 787, 788, 789, 790, 791, 792, 793]","[218, 686]",[],"[15, 91, 107, 110, 113, 123, 132, 136, 193, 216, 218, 252, 274, 275, 281, 286, 293, 302, 325, 326, 500, 562, 578, 580, 583, 594, 603, 607, 664, 686, 715, 733, 734, 740, 745, 752, 760, 783, 784]",[],[],7/6 successful match,False,,False,753,False,,,,,
"Oxnard , 93036 Alliance # 101 S of 905 )",805-983-0470 US 101 & Rice Ave,000,Oxnard,93036,Alliance # 101 S of 905 ),805-983-0470,2007,Oxnard,CA,,,US 101 & Rice Ave,empty,,False,,False,US 101,Rice Ave,,,,[],[],"[218, 686]",[],"[103, 104, 105, 106, 107, 108, 109, 110, 111, 112, 113, 114, 115, 116, 117, 118, 119, 120, 121, 122, 123, 124, 125, 126, 127, 128, 129, 130, 131, 132, 133, 134, 135, 136, 137, 138, 139, 140, 141, 142, 143, 144, 145, 146, 147, 148, 149, 150, 151, 152, 153, 154, 155, 156, 157, 158, 159, 160, 161, 162, 163, 164, 165, 166, 167, 168, 169, 170, 171, 172, 173, 174, 175, 176, 177, 178, 179, 180, 181, 182, 183, 184, 185, 186, 187, 188, 189, 190, 191, 192, 193, 194, 195, 196, 197, 198, 199, 200, 201, 202, 203, 204, 205, 206, 207, 208, 209, 210, 211, 212, 213, 214, 215, 216, 217, 218, 219, 220, 221, 222, 223, 224, 225, 226, 227, 228, 229, 230, 231, 232, 233, 234, 235, 236, 237, 238, 239, 240, 241, 242, 243, 244, 245, 246, 247, 248, 249, 250, 251, 252, 253, 254, 255, 256, 257, 258, 259, 260, 261, 262, 263, 264, 265, 266, 267, 268, 269, 270, 271, 272, 273, 274, 275, 276, 277, 278, 279, 280, 281, 282, 283, 284, 285, 286, 287, 288, 289, 290, 291, 292, 293, 294, 295, 296, 297, 298, 299, 300, 301, 302, 303, 304, 305, 306, 307, 308, 309, 310, 311, 312, 313, 314, 315, 316, 317, 318, 319, 320, 321, 322, 323, 324, 325, 326, 327, 328, 329, 330, 331, 332, 333, 334, 335, 336, 337, 574, 575, 576, 577, 578, 579, 580, 581, 582, 583, 584, 585, 586, 587, 588, 589, 590, 591, 592, 593, 594, 595, 596, 597, 598, 599, 600, 601, 602, 603, 604, 605, 606, 607, 608, 609, 610, 611, 612, 613, 614, 615, 616, 617, 618, 619, 620, 621, 622, 623, 624, 625, 626, 627, 628, 629, 630, 631, 632, 633, 634, 635, 636, 637, 638, 639, 640, 641, 642, 643, 644, 645, 646, 647, 648, 649, 650, 651, 652, 653, 654, 655, 656, 657, 658, 659, 660, 661, 662, 663, 664, 665, 666, 667, 668, 669, 670, 671, 672, 673, 674, 675, 676, 677, 678, 679, 680, 681, 682, 683, 684, 685, 686, 687, 688, 689, 690, 691, 692, 693, 694, 695, 696, 697, 698, 699, 700, 701, 702, 703, 704, 705, 706, 707, 708, 709, 710, 711, 712, 713, 714, 715, 716, 717, 718, 719, 720, 721, 722, 723, 724, 725, 726, 727, 728, 729, 730, 731, 732, 733, 734, 735, 736, 737, 738, 739, 740, 741, 742, 743, 744, 745, 746, 747, 748, 749, 750, 751, 752, 753, 754, 755, 756, 757, 758, 759, 760, 761, 762, 763, 764, 765, 766, 767, 768, 769, 770, 771, 772, 773, 774, 775, 776, 777, 778, 779, 780, 781, 782, 783, 784, 785, 786, 787, 788, 789, 790, 791, 792, 793]","[15, 91, 107, 110, 113, 123, 132, 136, 193, 216, 218, 252, 274, 275, 281, 286, 293, 302, 325, 326, 500, 562, 578, 580, 583, 594, 603, 607, 664, 686, 715, 733, 734, 740, 745, 752, 760, 783, 784]",[],[],"[15, 91, 103, 104, 105, 106, 107, 108, 109, 110, 111, 112, 113, 114, 115, 116, 117, 118, 119, 120, 121, 122, 123, 124, 125, 126, 127, 128, 129, 130, 131, 132, 133, 134, 135, 136, 137, 138, 139, 140, 141, 142, 143, 144, 145, 146, 147, 148, 149, 150, 151, 152, 153, 154, 155, 156, 157, 158, 159, 160, 161, 162, 163, 164, 165, 166, 167, 168, 169, 170, 171, 172, 173, 174, 175, 176, 177, 178, 179, 180, 181, 182, 183, 184, 185, 186, 187, 188, 189, 190, 191, 192, 193, 194, 195, 196, 197, 198, 199, 200, 201, 202, 203, 204, 205, 206, 207, 208, 209, 210, 211, 212, 213, 214, 215, 216, 217, 218, 219, 220, 221, 222, 223, 224, 225, 226, 227, 228, 229, 230, 231, 232, 233, 234, 235, 236, 237, 238, 239, 240, 241, 242, 243, 244, 245, 246, 247, 248, 249, 250, 251, 252, 253, 254, 255, 256, 257, 258, 259, 260, 261, 262, 263, 264, 265, 266, 267, 268, 269, 270, 271, 272, 273, 274, 275, 276, 277, 278, 279, 280, 281, 282, 283, 284, 285, 286, 287, 288, 289, 290, 291, 292, 293, 294, 295, 296, 297, 298, 299, 300, 301, 302, 303, 304, 305, 306, 307, 308, 309, 310, 311, 312, 313, 314, 315, 316, 317, 318, 319, 320, 321, 322, 323, 324, 325, 326, 327, 328, 329, 330, 331, 332, 333, 334, 335, 336, 337, 500, 562, 574, 575, 576, 577, 578, 579, 580, 581, 582, 583, 584, 585, 586, 587, 588, 589, 590, 591, 592, 593, 594, 595, 596, 597, 598, 599, 600, 601, 602, 603, 604, 605, 606, 607, 608, 609, 610, 611, 612, 613, 614, 615, 616, 617, 618, 619, 620, 621, 622, 623, 624, 625, 626, 627, 628, 629, 630, 631, 632, 633, 634, 635, 636, 637, 638, 639, 640, 641, 642, 643, 644, 645, 646, 647, 648, 649, 650, 651, 652, 653, 654, 655, 656, 657, 658, 659, 660, 661, 662, 663, 664, 665, 666, 667, 668, 669, 670, 671, 672, 673, 674, 675, 676, 677, 678, 679, 680, 681, 682, 683, 684, 685, 686, 687, 688, 689, 690, 691, 692, 693, 694, 695, 696, 697, 698, 699, 700, 701, 702, 703, 704, 705, 706, 707, 708, 709, 710, 711, 712, 713, 714, 715, 716, 717, 718, 719, 720, 721, 722, 723, 724, 725, 726, 727, 728, 729, 730, 731, 732, 733, 734, 735, 736, 737, 738, 739, 740, 741, 742, 743, 744, 745, 746, 747, 748, 749, 750, 751, 752, 753, 754, 755, 756, 757, 758, 759, 760, 761, 762, 763, 764, 765, 766, 767, 768, 769, 770, 771, 772, 773, 774, 775, 776, 777, 778, 779, 780, 781, 782, 783, 784, 785, 786, 787, 788, 789, 790, 791, 792, 793]",False,[],"[103, 104, 105, 106, 107, 108, 109, 110, 111, 112, 113, 114, 115, 116, 117, 118, 119, 120, 121, 122, 123, 124, 125, 126, 127, 128, 129, 130, 131, 132, 133, 134, 135, 136, 137, 138, 139, 140, 141, 142, 143, 144, 145, 146, 147, 148, 149, 150, 151, 152, 153, 154, 155, 156, 157, 158, 159, 160, 161, 162, 163, 164, 165, 166, 167, 168, 169, 170, 171, 172, 173, 174, 175, 176, 177, 178, 179, 180, 181, 182, 183, 184, 185, 186, 187, 188, 189, 190, 191, 192, 193, 194, 195, 196, 197, 198, 199, 200, 201, 202, 203, 204, 205, 206, 207, 208, 209, 210, 211, 212, 213, 214, 215, 216, 217, 218, 219, 220, 221, 222, 223, 224, 225, 226, 227, 228, 229, 230, 231, 232, 233, 234, 235, 236, 237, 238, 239, 240, 241, 242, 243, 244, 245, 246, 247, 248, 249, 250, 251, 252, 253, 254, 255, 256, 257, 258, 259, 260, 261, 262, 263, 264, 265, 266, 267, 268, 269, 270, 271, 272, 273, 274, 275, 276, 277, 278, 279, 280, 281, 282, 283, 284, 285, 286, 287, 288, 289, 290, 291, 292, 293, 294, 295, 296, 297, 298, 299, 300, 301, 302, 303, 304, 305, 306, 307, 308, 309, 310, 311, 312, 313, 314, 315, 316, 317, 318, 319, 320, 321, 322, 323, 324, 325, 326, 327, 328, 329, 330, 331, 332, 333, 334, 335, 336, 337, 574, 575, 576, 577, 578, 579, 580, 581, 582, 583, 584, 585, 586, 587, 588, 589, 590, 591, 592, 593, 594, 595, 596, 597, 598, 599, 600, 601, 602, 603, 604, 605, 606, 607, 608, 609, 610, 611, 612, 613, 614, 615, 616, 617, 618, 619, 620, 621, 622, 623, 624, 625, 626, 627, 628, 629, 630, 631, 632, 633, 634, 635, 636, 637, 638, 639, 640, 641, 642, 643, 644, 645, 646, 647, 648, 649, 650, 651, 652, 653, 654, 655, 656, 657, 658, 659, 660, 661, 662, 663, 664, 665, 666, 667, 668, 669, 670, 671, 672, 673, 674, 675, 676, 677, 678, 679, 680, 681, 682, 683, 684, 685, 686, 687, 688, 689, 690, 691, 692, 693, 694, 695, 696, 697, 698, 699, 700, 701, 702, 703, 704, 705, 706, 707, 708, 709, 710, 711, 712, 713, 714, 715, 716, 717, 718, 719, 720, 721, 722, 723, 724, 725, 726, 727, 728, 729, 730, 731, 732, 733, 734, 735, 736, 737, 738, 739, 740, 741, 742, 743, 744, 745, 746, 747, 748, 749, 750, 751, 752, 753, 754, 755, 756, 757, 758, 759, 760, 761, 762, 763, 764, 765, 766, 767, 768, 769, 770, 771, 772, 773, 774, 775, 776, 777, 778, 779, 780, 781, 782, 783, 784, 785, 786, 787, 788, 789, 790, 791, 792, 793]","[218, 686]",[],"[15, 91, 107, 110, 113, 123, 132, 136, 193, 216, 218, 252, 274, 275, 281, 286, 293, 302, 325, 326, 500, 562, 578, 580, 583, 594, 603, 607, 664, 686, 715, 733, 734, 740, 745, 752, 760, 783, 784]",[],[],7/6 successful match,False,,False,753,False,,1.0,True,Alliance # 101 ),
"Santa Paula , 93060 Condor Truck Service",805-525-1115 1395 E Harvard Blvd,<U+2610>,Santa Paula,93060,Condor Truck Service,805-525-1115,2006,Santa Paula,CA,,,1395 E Harvard Blvd,Proper,,False,,False,E Harvard Blvd,,,,,[],[],"[209, 243, 273, 275, 311, 325, 679, 707, 732, 734, 769, 783]",[],"[103, 104, 105, 106, 107, 108, 109, 110, 111, 112, 113, 114, 115, 116, 117, 118, 119, 120, 121, 122, 123, 124, 125, 126, 127, 128, 129, 130, 131, 132, 133, 134, 135, 136, 137, 138, 139, 140, 141, 142, 143, 144, 145, 146, 147, 148, 149, 150, 151, 152, 153, 154, 155, 156, 157, 158, 159, 160, 161, 162, 163, 164, 165, 166, 167, 168, 169, 170, 171, 172, 173, 174, 175, 176, 177, 178, 179, 180, 181, 182, 183, 184, 185, 186, 187, 188, 189, 190, 191, 192, 193, 194, 195, 196, 197, 198, 199, 200, 201, 202, 203, 204, 205, 206, 207, 208, 209, 210, 211, 212, 213, 214, 215, 216, 217, 218, 219, 220, 221, 222, 223, 224, 225, 226, 227, 228, 229, 230, 231, 232, 233, 234, 235, 236, 237, 238, 239, 240, 241, 242, 243, 244, 245, 246, 247, 248, 249, 250, 251, 252, 253, 254, 255, 256, 257, 258, 259, 260, 261, 262, 263, 264, 265, 266, 267, 268, 269, 270, 271, 272, 273, 274, 275, 276, 277, 278, 279, 280, 281, 282, 283, 284, 285, 286, 287, 288, 289, 290, 291, 292, 293, 294, 295, 296, 297, 298, 299, 300, 301, 302, 303, 304, 305, 306, 307, 308, 309, 310, 311, 312, 313, 314, 315, 316, 317, 318, 319, 320, 321, 322, 323, 324, 325, 326, 327, 328, 329, 330, 331, 332, 333, 334, 335, 336, 337, 574, 575, 576, 577, 578, 579, 580, 581, 582, 583, 584, 585, 586, 587, 588, 589, 590, 591, 592, 593, 594, 595, 596, 597, 598, 599, 600, 601, 602, 603, 604, 605, 606, 607, 608, 609, 610, 611, 612, 613, 614, 615, 616, 617, 618, 619, 620, 621, 622, 623, 624, 625, 626, 627, 628, 629, 630, 631, 632, 633, 634, 635, 636, 637, 638, 639, 640, 641, 642, 643, 644, 645, 646, 647, 648, 649, 650, 651, 652, 653, 654, 655, 656, 657, 658, 659, 660, 661, 662, 663, 664, 665, 666, 667, 668, 669, 670, 671, 672, 673, 674, 675, 676, 677, 678, 679, 680, 681, 682, 683, 684, 685, 686, 687, 688, 689, 690, 691, 692, 693, 694, 695, 696, 697, 698, 699, 700, 701, 702, 703, 704, 705, 706, 707, 708, 709, 710, 711, 712, 713, 714, 715, 716, 717, 718, 719, 720, 721, 722, 723, 724, 725, 726, 727, 728, 729, 730, 731, 732, 733, 734, 735, 736, 737, 738, 739, 740, 741, 742, 743, 744, 745, 746, 747, 748, 749, 750, 751, 752, 753, 754, 755, 756, 757, 758, 759, 760, 761, 762, 763, 764, 765, 766, 767, 768, 769, 770, 771, 772, 773, 774, 775, 776, 777, 778, 779, 780, 781, 782, 783, 784, 785, 786, 787, 788, 789, 790, 791, 792, 793]",[],[],[],"[103, 104, 105, 106, 107, 108, 109, 110, 111, 112, 113, 114, 115, 116, 117, 118, 119, 120, 121, 122, 123, 124, 125, 126, 127, 128, 129, 130, 131, 132, 133, 134, 135, 136, 137, 138, 139, 140, 141, 142, 143, 144, 145, 146, 147, 148, 149, 150, 151, 152, 153, 154, 155, 156, 157, 158, 159, 160, 161, 162, 163, 164, 165, 166, 167, 168, 169, 170, 171, 172, 173, 174, 175, 176, 177, 178, 179, 180, 181, 182, 183, 184, 185, 186, 187, 188, 189, 190, 191, 192, 193, 194, 195, 196, 197, 198, 199, 200, 201, 202, 203, 204, 205, 206, 207, 208, 209, 210, 211, 212, 213, 214, 215, 216, 217, 218, 219, 220, 221, 222, 223, 224, 225, 226, 227, 228, 229, 230, 231, 232, 233, 234, 235, 236, 237, 238, 239, 240, 241, 242, 243, 244, 245, 246, 247, 248, 249, 250, 251, 252, 253, 254, 255, 256, 257, 258, 259, 260, 261, 262, 263, 264, 265, 266, 267, 268, 269, 270, 271, 272, 273, 274, 275, 276, 277, 278, 279, 280, 281, 282, 283, 284, 285, 286, 287, 288, 289, 290, 291, 292, 293, 294, 295, 296, 297, 298, 299, 300, 301, 302, 303, 304, 305, 306, 307, 308, 309, 310, 311, 312, 313, 314, 315, 316, 317, 318, 319, 320, 321, 322, 323, 324, 325, 326, 327, 328, 329, 330, 331, 332, 333, 334, 335, 336, 337, 574, 575, 576, 577, 578, 579, 580, 581, 582, 583, 584, 585, 586, 587, 588, 589, 590, 591, 592, 593, 594, 595, 596, 597, 598, 599, 600, 601, 602, 603, 604, 605, 606, 607, 608, 609, 610, 611, 612, 613, 614, 615, 616, 617, 618, 619, 620, 621, 622, 623, 624, 625, 626, 627, 628, 629, 630, 631, 632, 633, 634, 635, 636, 637, 638, 639, 640, 641, 642, 643, 644, 645, 646, 647, 648, 649, 650, 651, 652, 653, 654, 655, 656, 657, 658, 659, 660, 661, 662, 663, 664, 665, 666, 667, 668, 669, 670, 671, 672, 673, 674, 675, 676, 677, 678, 679, 680, 681, 682, 683, 684, 685, 686, 687, 688, 689, 690, 691, 692, 693, 694, 695, 696, 697, 698, 699, 700, 701, 702, 703, 704, 705, 706, 707, 708, 709, 710, 711, 712, 713, 714, 715, 716, 717, 718, 719, 720, 721, 722, 723, 724, 725, 726, 727, 728, 729, 730, 731, 732, 733, 734, 735, 736, 737, 738, 739, 740, 741, 742, 743, 744, 745, 746, 747, 748, 749, 750, 751, 752, 753, 754, 755, 756, 757, 758, 759, 760, 761, 762, 763, 764, 765, 766, 767, 768, 769, 770, 771, 772, 773, 774, 775, 776, 777, 778, 779, 780, 781, 782, 783, 784, 785, 786, 787, 788, 789, 790, 791, 792, 793]",False,[],"[103, 104, 105, 106, 107, 108, 109, 110, 111, 112, 113, 114, 115, 116, 117, 118, 119, 120, 121, 122, 123, 124, 125, 126, 127, 128, 129, 130, 131, 132, 133, 134, 135, 136, 137, 138, 139, 140, 141, 142, 143, 144, 145, 146, 147, 148, 149, 150, 151, 152, 153, 154, 155, 156, 157, 158, 159, 160, 161, 162, 163, 164, 165, 166, 167, 168, 169, 170, 171, 172, 173, 174, 175, 176, 177, 178, 179, 180, 181, 182, 183, 184, 185, 186, 187, 188, 189, 190, 191, 192, 193, 194, 195, 196, 197, 198, 199, 200, 201, 202, 203, 204, 205, 206, 207, 208, 209, 210, 211, 212, 213, 214, 215, 216, 217, 218, 219, 220, 221, 222, 223, 224, 225, 226, 227, 228, 229, 230, 231, 232, 233, 234, 235, 236, 237, 238, 239, 240, 241, 242, 243, 244, 245, 246, 247, 248, 249, 250, 251, 252, 253, 254, 255, 256, 257, 258, 259, 260, 261, 262, 263, 264, 265, 266, 267, 268, 269, 270, 271, 272, 273, 274, 275, 276, 277, 278, 279, 280, 281, 282, 283, 284, 285, 286, 287, 288, 289, 290, 291, 292, 293, 294, 295, 296, 297, 298, 299, 300, 301, 302, 303, 304, 305, 306, 307, 308, 309, 310, 311, 312, 313, 314, 315, 316, 317, 318, 319, 320, 321, 322, 323, 324, 325, 326, 327, 328, 329, 330, 331, 332, 333, 334, 335, 336, 337, 574, 575, 576, 577, 578, 579, 580, 581, 582, 583, 584, 585, 586, 587, 588, 589, 590, 591, 592, 593, 594, 595, 596, 597, 598, 599, 600, 601, 602, 603, 604, 605, 606, 607, 608, 609, 610, 611, 612, 613, 614, 615, 616, 617, 618, 619, 620, 621, 622, 623, 624, 625, 626, 627, 628, 629, 630, 631, 632, 633, 634, 635, 636, 637, 638, 639, 640, 641, 642, 643, 644, 645, 646, 647, 648, 649, 650, 651, 652, 653, 654, 655, 656, 657, 658, 659, 660, 661, 662, 663, 664, 665, 666, 667, 668, 669, 670, 671, 672, 673, 674, 675, 676, 677, 678, 679, 680, 681, 682, 683, 684, 685, 686, 687, 688, 689, 690, 691, 692, 693, 694, 695, 696, 697, 698, 699, 700, 701, 702, 703, 704, 705, 706, 707, 708, 709, 710, 711, 712, 713, 714, 715, 716, 717, 718, 719, 720, 721, 722, 723, 724, 725, 726, 727, 728, 729, 730, 731, 732, 733, 734, 735, 736, 737, 738, 739, 740, 741, 742, 743, 744, 745, 746, 747, 748, 749, 750, 751, 752, 753, 754, 755, 756, 757, 758, 759, 760, 761, 762, 763, 764, 765, 766, 767, 768, 769, 770, 771, 772, 773, 774, 775, 776, 777, 778, 779, 780, 781, 782, 783, 784, 785, 786, 787, 788, 789, 790, 791, 792, 793]","[209, 243, 273, 275, 311, 325, 679, 707, 732, 734, 769, 783]",[],[],[],[],7/6 successful match,False,,False,754,False,,,,,
"Santa Paula , 93060 Condor Truck Service",""" 4805-525-1115 1395 E Harvard Blvd",<U+2610> <U+2610>,Santa Paula,93060,Condor Truck Service,805-525-1115,2007,Santa Paula,CA,,,1395 E Harvard Blvd,Proper,,False,,False,E Harvard Blvd,,,,,[],[],"[209, 243, 273, 275, 311, 325, 679, 707, 732, 734, 769, 783]",[],"[103, 104, 105, 106, 107, 108, 109, 110, 111, 112, 113, 114, 115, 116, 117, 118, 119, 120, 121, 122, 123, 124, 125, 126, 127, 128, 129, 130, 131, 132, 133, 134, 135, 136, 137, 138, 139, 140, 141, 142, 143, 144, 145, 146, 147, 148, 149, 150, 151, 152, 153, 154, 155, 156, 157, 158, 159, 160, 161, 162, 163, 164, 165, 166, 167, 168, 169, 170, 171, 172, 173, 174, 175, 176, 177, 178, 179, 180, 181, 182, 183, 184, 185, 186, 187, 188, 189, 190, 191, 192, 193, 194, 195, 196, 197, 198, 199, 200, 201, 202, 203, 204, 205, 206, 207, 208, 209, 210, 211, 212, 213, 214, 215, 216, 217, 218, 219, 220, 221, 222, 223, 224, 225, 226, 227, 228, 229, 230, 231, 232, 233, 234, 235, 236, 237, 238, 239, 240, 241, 242, 243, 244, 245, 246, 247, 248, 249, 250, 251, 252, 253, 254, 255, 256, 257, 258, 259, 260, 261, 262, 263, 264, 265, 266, 267, 268, 269, 270, 271, 272, 273, 274, 275, 276, 277, 278, 279, 280, 281, 282, 283, 284, 285, 286, 287, 288, 289, 290, 291, 292, 293, 294, 295, 296, 297, 298, 299, 300, 301, 302, 303, 304, 305, 306, 307, 308, 309, 310, 311, 312, 313, 314, 315, 316, 317, 318, 319, 320, 321, 322, 323, 324, 325, 326, 327, 328, 329, 330, 331, 332, 333, 334, 335, 336, 337, 574, 575, 576, 577, 578, 579, 580, 581, 582, 583, 584, 585, 586, 587, 588, 589, 590, 591, 592, 593, 594, 595, 596, 597, 598, 599, 600, 601, 602, 603, 604, 605, 606, 607, 608, 609, 610, 611, 612, 613, 614, 615, 616, 617, 618, 619, 620, 621, 622, 623, 624, 625, 626, 627, 628, 629, 630, 631, 632, 633, 634, 635, 636, 637, 638, 639, 640, 641, 642, 643, 644, 645, 646, 647, 648, 649, 650, 651, 652, 653, 654, 655, 656, 657, 658, 659, 660, 661, 662, 663, 664, 665, 666, 667, 668, 669, 670, 671, 672, 673, 674, 675, 676, 677, 678, 679, 680, 681, 682, 683, 684, 685, 686, 687, 688, 689, 690, 691, 692, 693, 694, 695, 696, 697, 698, 699, 700, 701, 702, 703, 704, 705, 706, 707, 708, 709, 710, 711, 712, 713, 714, 715, 716, 717, 718, 719, 720, 721, 722, 723, 724, 725, 726, 727, 728, 729, 730, 731, 732, 733, 734, 735, 736, 737, 738, 739, 740, 741, 742, 743, 744, 745, 746, 747, 748, 749, 750, 751, 752, 753, 754, 755, 756, 757, 758, 759, 760, 761, 762, 763, 764, 765, 766, 767, 768, 769, 770, 771, 772, 773, 774, 775, 776, 777, 778, 779, 780, 781, 782, 783, 784, 785, 786, 787, 788, 789, 790, 791, 792, 793]",[],[],[],"[103, 104, 105, 106, 107, 108, 109, 110, 111, 112, 113, 114, 115, 116, 117, 118, 119, 120, 121, 122, 123, 124, 125, 126, 127, 128, 129, 130, 131, 132, 133, 134, 135, 136, 137, 138, 139, 140, 141, 142, 143, 144, 145, 146, 147, 148, 149, 150, 151, 152, 153, 154, 155, 156, 157, 158, 159, 160, 161, 162, 163, 164, 165, 166, 167, 168, 169, 170, 171, 172, 173, 174, 175, 176, 177, 178, 179, 180, 181, 182, 183, 184, 185, 186, 187, 188, 189, 190, 191, 192, 193, 194, 195, 196, 197, 198, 199, 200, 201, 202, 203, 204, 205, 206, 207, 208, 209, 210, 211, 212, 213, 214, 215, 216, 217, 218, 219, 220, 221, 222, 223, 224, 225, 226, 227, 228, 229, 230, 231, 232, 233, 234, 235, 236, 237, 238, 239, 240, 241, 242, 243, 244, 245, 246, 247, 248, 249, 250, 251, 252, 253, 254, 255, 256, 257, 258, 259, 260, 261, 262, 263, 264, 265, 266, 267, 268, 269, 270, 271, 272, 273, 274, 275, 276, 277, 278, 279, 280, 281, 282, 283, 284, 285, 286, 287, 288, 289, 290, 291, 292, 293, 294, 295, 296, 297, 298, 299, 300, 301, 302, 303, 304, 305, 306, 307, 308, 309, 310, 311, 312, 313, 314, 315, 316, 317, 318, 319, 320, 321, 322, 323, 324, 325, 326, 327, 328, 329, 330, 331, 332, 333, 334, 335, 336, 337, 574, 575, 576, 577, 578, 579, 580, 581, 582, 583, 584, 585, 586, 587, 588, 589, 590, 591, 592, 593, 594, 595, 596, 597, 598, 599, 600, 601, 602, 603, 604, 605, 606, 607, 608, 609, 610, 611, 612, 613, 614, 615, 616, 617, 618, 619, 620, 621, 622, 623, 624, 625, 626, 627, 628, 629, 630, 631, 632, 633, 634, 635, 636, 637, 638, 639, 640, 641, 642, 643, 644, 645, 646, 647, 648, 649, 650, 651, 652, 653, 654, 655, 656, 657, 658, 659, 660, 661, 662, 663, 664, 665, 666, 667, 668, 669, 670, 671, 672, 673, 674, 675, 676, 677, 678, 679, 680, 681, 682, 683, 684, 685, 686, 687, 688, 689, 690, 691, 692, 693, 694, 695, 696, 697, 698, 699, 700, 701, 702, 703, 704, 705, 706, 707, 708, 709, 710, 711, 712, 713, 714, 715, 716, 717, 718, 719, 720, 721, 722, 723, 724, 725, 726, 727, 728, 729, 730, 731, 732, 733, 734, 735, 736, 737, 738, 739, 740, 741, 742, 743, 744, 745, 746, 747, 748, 749, 750, 751, 752, 753, 754, 755, 756, 757, 758, 759, 760, 761, 762, 763, 764, 765, 766, 767, 768, 769, 770, 771, 772, 773, 774, 775, 776, 777, 778, 779, 780, 781, 782, 783, 784, 785, 786, 787, 788, 789, 790, 791, 792, 793]",False,[],"[103, 104, 105, 106, 107, 108, 109, 110, 111, 112, 113, 114, 115, 116, 117, 118, 119, 120, 121, 122, 123, 124, 125, 126, 127, 128, 129, 130, 131, 132, 133, 134, 135, 136, 137, 138, 139, 140, 141, 142, 143, 144, 145, 146, 147, 148, 149, 150, 151, 152, 153, 154, 155, 156, 157, 158, 159, 160, 161, 162, 163, 164, 165, 166, 167, 168, 169, 170, 171, 172, 173, 174, 175, 176, 177, 178, 179, 180, 181, 182, 183, 184, 185, 186, 187, 188, 189, 190, 191, 192, 193, 194, 195, 196, 197, 198, 199, 200, 201, 202, 203, 204, 205, 206, 207, 208, 209, 210, 211, 212, 213, 214, 215, 216, 217, 218, 219, 220, 221, 222, 223, 224, 225, 226, 227, 228, 229, 230, 231, 232, 233, 234, 235, 236, 237, 238, 239, 240, 241, 242, 243, 244, 245, 246, 247, 248, 249, 250, 251, 252, 253, 254, 255, 256, 257, 258, 259, 260, 261, 262, 263, 264, 265, 266, 267, 268, 269, 270, 271, 272, 273, 274, 275, 276, 277, 278, 279, 280, 281, 282, 283, 284, 285, 286, 287, 288, 289, 290, 291, 292, 293, 294, 295, 296, 297, 298, 299, 300, 301, 302, 303, 304, 305, 306, 307, 308, 309, 310, 311, 312, 313, 314, 315, 316, 317, 318, 319, 320, 321, 322, 323, 324, 325, 326, 327, 328, 329, 330, 331, 332, 333, 334, 335, 336, 337, 574, 575, 576, 577, 578, 579, 580, 581, 582, 583, 584, 585, 586, 587, 588, 589, 590, 591, 592, 593, 594, 595, 596, 597, 598, 599, 600, 601, 602, 603, 604, 605, 606, 607, 608, 609, 610, 611, 612, 613, 614, 615, 616, 617, 618, 619, 620, 621, 622, 623, 624, 625, 626, 627, 628, 629, 630, 631, 632, 633, 634, 635, 636, 637, 638, 639, 640, 641, 642, 643, 644, 645, 646, 647, 648, 649, 650, 651, 652, 653, 654, 655, 656, 657, 658, 659, 660, 661, 662, 663, 664, 665, 666, 667, 668, 669, 670, 671, 672, 673, 674, 675, 676, 677, 678, 679, 680, 681, 682, 683, 684, 685, 686, 687, 688, 689, 690, 691, 692, 693, 694, 695, 696, 697, 698, 699, 700, 701, 702, 703, 704, 705, 706, 707, 708, 709, 710, 711, 712, 713, 714, 715, 716, 717, 718, 719, 720, 721, 722, 723, 724, 725, 726, 727, 728, 729, 730, 731, 732, 733, 734, 735, 736, 737, 738, 739, 740, 741, 742, 743, 744, 745, 746, 747, 748, 749, 750, 751, 752, 753, 754, 755, 756, 757, 758, 759, 760, 761, 762, 763, 764, 765, 766, 767, 768, 769, 770, 771, 772, 773, 774, 775, 776, 777, 778, 779, 780, 781, 782, 783, 784, 785, 786, 787, 788, 789, 790, 791, 792, 793]","[209, 243, 273, 275, 311, 325, 679, 707, 732, 734, 769, 783]",[],[],[],[],7/6 successful match,False,,False,754,False,,1.0,True,Condor Truck Service,
"Santa Paula , 93060 Condor Truck Service",805-525-1115 1395 E Harvard Blvd,<U+2610> <U+2610>,Santa Paula,93060,Condor Truck Service,805-525-1115,2008,Santa Paula,CA,,,1395 E Harvard Blvd,Proper,,False,,False,E Harvard Blvd,,,,,[],[],"[209, 243, 273, 275, 311, 325, 679, 707, 732, 734, 769, 783]",[],"[103, 104, 105, 106, 107, 108, 109, 110, 111, 112, 113, 114, 115, 116, 117, 118, 119, 120, 121, 122, 123, 124, 125, 126, 127, 128, 129, 130, 131, 132, 133, 134, 135, 136, 137, 138, 139, 140, 141, 142, 143, 144, 145, 146, 147, 148, 149, 150, 151, 152, 153, 154, 155, 156, 157, 158, 159, 160, 161, 162, 163, 164, 165, 166, 167, 168, 169, 170, 171, 172, 173, 174, 175, 176, 177, 178, 179, 180, 181, 182, 183, 184, 185, 186, 187, 188, 189, 190, 191, 192, 193, 194, 195, 196, 197, 198, 199, 200, 201, 202, 203, 204, 205, 206, 207, 208, 209, 210, 211, 212, 213, 214, 215, 216, 217, 218, 219, 220, 221, 222, 223, 224, 225, 226, 227, 228, 229, 230, 231, 232, 233, 234, 235, 236, 237, 238, 239, 240, 241, 242, 243, 244, 245, 246, 247, 248, 249, 250, 251, 252, 253, 254, 255, 256, 257, 258, 259, 260, 261, 262, 263, 264, 265, 266, 267, 268, 269, 270, 271, 272, 273, 274, 275, 276, 277, 278, 279, 280, 281, 282, 283, 284, 285, 286, 287, 288, 289, 290, 291, 292, 293, 294, 295, 296, 297, 298, 299, 300, 301, 302, 303, 304, 305, 306, 307, 308, 309, 310, 311, 312, 313, 314, 315, 316, 317, 318, 319, 320, 321, 322, 323, 324, 325, 326, 327, 328, 329, 330, 331, 332, 333, 334, 335, 336, 337, 574, 575, 576, 577, 578, 579, 580, 581, 582, 583, 584, 585, 586, 587, 588, 589, 590, 591, 592, 593, 594, 595, 596, 597, 598, 599, 600, 601, 602, 603, 604, 605, 606, 607, 608, 609, 610, 611, 612, 613, 614, 615, 616, 617, 618, 619, 620, 621, 622, 623, 624, 625, 626, 627, 628, 629, 630, 631, 632, 633, 634, 635, 636, 637, 638, 639, 640, 641, 642, 643, 644, 645, 646, 647, 648, 649, 650, 651, 652, 653, 654, 655, 656, 657, 658, 659, 660, 661, 662, 663, 664, 665, 666, 667, 668, 669, 670, 671, 672, 673, 674, 675, 676, 677, 678, 679, 680, 681, 682, 683, 684, 685, 686, 687, 688, 689, 690, 691, 692, 693, 694, 695, 696, 697, 698, 699, 700, 701, 702, 703, 704, 705, 706, 707, 708, 709, 710, 711, 712, 713, 714, 715, 716, 717, 718, 719, 720, 721, 722, 723, 724, 725, 726, 727, 728, 729, 730, 731, 732, 733, 734, 735, 736, 737, 738, 739, 740, 741, 742, 743, 744, 745, 746, 747, 748, 749, 750, 751, 752, 753, 754, 755, 756, 757, 758, 759, 760, 761, 762, 763, 764, 765, 766, 767, 768, 769, 770, 771, 772, 773, 774, 775, 776, 777, 778, 779, 780, 781, 782, 783, 784, 785, 786, 787, 788, 789, 790, 791, 792, 793]",[],[],[],"[103, 104, 105, 106, 107, 108, 109, 110, 111, 112, 113, 114, 115, 116, 117, 118, 119, 120, 121, 122, 123, 124, 125, 126, 127, 128, 129, 130, 131, 132, 133, 134, 135, 136, 137, 138, 139, 140, 141, 142, 143, 144, 145, 146, 147, 148, 149, 150, 151, 152, 153, 154, 155, 156, 157, 158, 159, 160, 161, 162, 163, 164, 165, 166, 167, 168, 169, 170, 171, 172, 173, 174, 175, 176, 177, 178, 179, 180, 181, 182, 183, 184, 185, 186, 187, 188, 189, 190, 191, 192, 193, 194, 195, 196, 197, 198, 199, 200, 201, 202, 203, 204, 205, 206, 207, 208, 209, 210, 211, 212, 213, 214, 215, 216, 217, 218, 219, 220, 221, 222, 223, 224, 225, 226, 227, 228, 229, 230, 231, 232, 233, 234, 235, 236, 237, 238, 239, 240, 241, 242, 243, 244, 245, 246, 247, 248, 249, 250, 251, 252, 253, 254, 255, 256, 257, 258, 259, 260, 261, 262, 263, 264, 265, 266, 267, 268, 269, 270, 271, 272, 273, 274, 275, 276, 277, 278, 279, 280, 281, 282, 283, 284, 285, 286, 287, 288, 289, 290, 291, 292, 293, 294, 295, 296, 297, 298, 299, 300, 301, 302, 303, 304, 305, 306, 307, 308, 309, 310, 311, 312, 313, 314, 315, 316, 317, 318, 319, 320, 321, 322, 323, 324, 325, 326, 327, 328, 329, 330, 331, 332, 333, 334, 335, 336, 337, 574, 575, 576, 577, 578, 579, 580, 581, 582, 583, 584, 585, 586, 587, 588, 589, 590, 591, 592, 593, 594, 595, 596, 597, 598, 599, 600, 601, 602, 603, 604, 605, 606, 607, 608, 609, 610, 611, 612, 613, 614, 615, 616, 617, 618, 619, 620, 621, 622, 623, 624, 625, 626, 627, 628, 629, 630, 631, 632, 633, 634, 635, 636, 637, 638, 639, 640, 641, 642, 643, 644, 645, 646, 647, 648, 649, 650, 651, 652, 653, 654, 655, 656, 657, 658, 659, 660, 661, 662, 663, 664, 665, 666, 667, 668, 669, 670, 671, 672, 673, 674, 675, 676, 677, 678, 679, 680, 681, 682, 683, 684, 685, 686, 687, 688, 689, 690, 691, 692, 693, 694, 695, 696, 697, 698, 699, 700, 701, 702, 703, 704, 705, 706, 707, 708, 709, 710, 711, 712, 713, 714, 715, 716, 717, 718, 719, 720, 721, 722, 723, 724, 725, 726, 727, 728, 729, 730, 731, 732, 733, 734, 735, 736, 737, 738, 739, 740, 741, 742, 743, 744, 745, 746, 747, 748, 749, 750, 751, 752, 753, 754, 755, 756, 757, 758, 759, 760, 761, 762, 763, 764, 765, 766, 767, 768, 769, 770, 771, 772, 773, 774, 775, 776, 777, 778, 779, 780, 781, 782, 783, 784, 785, 786, 787, 788, 789, 790, 791, 792, 793]",False,[],"[103, 104, 105, 106, 107, 108, 109, 110, 111, 112, 113, 114, 115, 116, 117, 118, 119, 120, 121, 122, 123, 124, 125, 126, 127, 128, 129, 130, 131, 132, 133, 134, 135, 136, 137, 138, 139, 140, 141, 142, 143, 144, 145, 146, 147, 148, 149, 150, 151, 152, 153, 154, 155, 156, 157, 158, 159, 160, 161, 162, 163, 164, 165, 166, 167, 168, 169, 170, 171, 172, 173, 174, 175, 176, 177, 178, 179, 180, 181, 182, 183, 184, 185, 186, 187, 188, 189, 190, 191, 192, 193, 194, 195, 196, 197, 198, 199, 200, 201, 202, 203, 204, 205, 206, 207, 208, 209, 210, 211, 212, 213, 214, 215, 216, 217, 218, 219, 220, 221, 222, 223, 224, 225, 226, 227, 228, 229, 230, 231, 232, 233, 234, 235, 236, 237, 238, 239, 240, 241, 242, 243, 244, 245, 246, 247, 248, 249, 250, 251, 252, 253, 254, 255, 256, 257, 258, 259, 260, 261, 262, 263, 264, 265, 266, 267, 268, 269, 270, 271, 272, 273, 274, 275, 276, 277, 278, 279, 280, 281, 282, 283, 284, 285, 286, 287, 288, 289, 290, 291, 292, 293, 294, 295, 296, 297, 298, 299, 300, 301, 302, 303, 304, 305, 306, 307, 308, 309, 310, 311, 312, 313, 314, 315, 316, 317, 318, 319, 320, 321, 322, 323, 324, 325, 326, 327, 328, 329, 330, 331, 332, 333, 334, 335, 336, 337, 574, 575, 576, 577, 578, 579, 580, 581, 582, 583, 584, 585, 586, 587, 588, 589, 590, 591, 592, 593, 594, 595, 596, 597, 598, 599, 600, 601, 602, 603, 604, 605, 606, 607, 608, 609, 610, 611, 612, 613, 614, 615, 616, 617, 618, 619, 620, 621, 622, 623, 624, 625, 626, 627, 628, 629, 630, 631, 632, 633, 634, 635, 636, 637, 638, 639, 640, 641, 642, 643, 644, 645, 646, 647, 648, 649, 650, 651, 652, 653, 654, 655, 656, 657, 658, 659, 660, 661, 662, 663, 664, 665, 666, 667, 668, 669, 670, 671, 672, 673, 674, 675, 676, 677, 678, 679, 680, 681, 682, 683, 684, 685, 686, 687, 688, 689, 690, 691, 692, 693, 694, 695, 696, 697, 698, 699, 700, 701, 702, 703, 704, 705, 706, 707, 708, 709, 710, 711, 712, 713, 714, 715, 716, 717, 718, 719, 720, 721, 722, 723, 724, 725, 726, 727, 728, 729, 730, 731, 732, 733, 734, 735, 736, 737, 738, 739, 740, 741, 742, 743, 744, 745, 746, 747, 748, 749, 750, 751, 752, 753, 754, 755, 756, 757, 758, 759, 760, 761, 762, 763, 764, 765, 766, 767, 768, 769, 770, 771, 772, 773, 774, 775, 776, 777, 778, 779, 780, 781, 782, 783, 784, 785, 786, 787, 788, 789, 790, 791, 792, 793]","[209, 243, 273, 275, 311, 325, 679, 707, 732, 734, 769, 783]",[],[],[],[],7/6 successful match,False,,False,754,False,,1.0,True,Condor Truck Service,
"Avenal , 93204 Hillcrest Travel Plaza ( Shell )",3 559-386-9783 I-5 Exit 319 ( CA 269 ),24 XL,Avenal,93204,Hillcrest Travel Plaza ( Shell ),559-386-9783,2008,Avenal,CA,Shell,( CA 269 ),I-5 Exit 319 ,Exit,319,False,,False,I-5,,,,,"[152, 623]","[152, 623]","[152, 623]","[152, 623]","[103, 104, 105, 106, 107, 108, 109, 110, 111, 112, 113, 114, 115, 116, 117, 118, 119, 120, 121, 122, 123, 124, 125, 126, 127, 128, 129, 130, 131, 132, 133, 134, 135, 136, 137, 138, 139, 140, 141, 142, 143, 144, 145, 146, 147, 148, 149, 150, 151, 152, 153, 154, 155, 156, 157, 158, 159, 160, 161, 162, 163, 164, 165, 166, 167, 168, 169, 170, 171, 172, 173, 174, 175, 176, 177, 178, 179, 180, 181, 182, 183, 184, 185, 186, 187, 188, 189, 190, 191, 192, 193, 194, 195, 196, 197, 198, 199, 200, 201, 202, 203, 204, 205, 206, 207, 208, 209, 210, 211, 212, 213, 214, 215, 216, 217, 218, 219, 220, 221, 222, 223, 224, 225, 226, 227, 228, 229, 230, 231, 232, 233, 234, 235, 236, 237, 238, 239, 240, 241, 242, 243, 244, 245, 246, 247, 248, 249, 250, 251, 252, 253, 254, 255, 256, 257, 258, 259, 260, 261, 262, 263, 264, 265, 266, 267, 268, 269, 270, 271, 272, 273, 274, 275, 276, 277, 278, 279, 280, 281, 282, 283, 284, 285, 286, 287, 288, 289, 290, 291, 292, 293, 294, 295, 296, 297, 298, 299, 300, 301, 302, 303, 304, 305, 306, 307, 308, 309, 310, 311, 312, 313, 314, 315, 316, 317, 318, 319, 320, 321, 322, 323, 324, 325, 326, 327, 328, 329, 330, 331, 332, 333, 334, 335, 336, 337, 574, 575, 576, 577, 578, 579, 580, 581, 582, 583, 584, 585, 586, 587, 588, 589, 590, 591, 592, 593, 594, 595, 596, 597, 598, 599, 600, 601, 602, 603, 604, 605, 606, 607, 608, 609, 610, 611, 612, 613, 614, 615, 616, 617, 618, 619, 620, 621, 622, 623, 624, 625, 626, 627, 628, 629, 630, 631, 632, 633, 634, 635, 636, 637, 638, 639, 640, 641, 642, 643, 644, 645, 646, 647, 648, 649, 650, 651, 652, 653, 654, 655, 656, 657, 658, 659, 660, 661, 662, 663, 664, 665, 666, 667, 668, 669, 670, 671, 672, 673, 674, 675, 676, 677, 678, 679, 680, 681, 682, 683, 684, 685, 686, 687, 688, 689, 690, 691, 692, 693, 694, 695, 696, 697, 698, 699, 700, 701, 702, 703, 704, 705, 706, 707, 708, 709, 710, 711, 712, 713, 714, 715, 716, 717, 718, 719, 720, 721, 722, 723, 724, 725, 726, 727, 728, 729, 730, 731, 732, 733, 734, 735, 736, 737, 738, 739, 740, 741, 742, 743, 744, 745, 746, 747, 748, 749, 750, 751, 752, 753, 754, 755, 756, 757, 758, 759, 760, 761, 762, 763, 764, 765, 766, 767, 768, 769, 770, 771, 772, 773, 774, 775, 776, 777, 778, 779, 780, 781, 782, 783, 784, 785, 786, 787, 788, 789, 790, 791, 792, 793]","[105, 114, 138, 141, 152, 153, 154, 155, 157, 159, 164, 165, 176, 182, 191, 192, 194, 195, 196, 200, 204, 208, 209, 210, 211, 215, 226, 228, 241, 242, 243, 245, 248, 249, 250, 257, 261, 270, 271, 282, 287, 289, 291, 294, 296, 298, 306, 308, 309, 311, 314, 327, 333, 335, 337, 576, 585, 609, 612, 623, 624, 626, 627, 629, 631, 636, 637, 647, 653, 662, 663, 665, 666, 667, 671, 674, 678, 679, 680, 681, 690, 692, 705, 706, 707, 709, 711, 712, 713, 719, 721, 729, 730, 741, 746, 748, 750, 753, 755, 757, 764, 766, 767, 769, 772, 785, 791]","[1, 13, 14, 29, 54, 55, 56, 57, 58, 60, 102, 118, 125, 127, 130, 134, 146, 149, 153, 175, 182, 187, 189, 191, 197, 225, 230, 238, 264, 265, 266, 286, 302, 317, 336, 379, 388, 389, 425, 454, 458, 463, 475, 487, 498, 499, 512, 530, 531, 532, 533, 534, 536, 573, 589, 596, 598, 601, 605, 617, 620, 624, 646, 653, 658, 660, 662, 668, 689, 694, 702, 724, 725, 745, 760, 775, 793, 829, 838, 839, 877, 901, 903, 905, 910, 923]","[1, 13, 14, 29, 54, 55, 56, 57, 58, 60, 102, 118, 125, 127, 130, 134, 146, 149, 153, 175, 182, 187, 189, 191, 197, 225, 230, 238, 264, 265, 266, 286, 302, 317, 336, 354, 379, 388, 389, 425, 454, 458, 463, 475, 487, 498, 499, 512, 530, 531, 532, 533, 534, 536, 573, 589, 596, 598, 601, 605, 617, 620, 624, 646, 653, 658, 660, 662, 668, 689, 694, 702, 724, 725, 745, 760, 775, 793, 809, 829, 838, 839, 877, 901, 903, 905, 910, 923]","[1, 13, 14, 29, 54, 55, 56, 57, 58, 60, 102, 103, 104, 105, 106, 107, 108, 109, 110, 111, 112, 113, 114, 115, 116, 117, 118, 119, 120, 121, 122, 123, 124, 125, 126, 127, 128, 129, 130, 131, 132, 133, 134, 135, 136, 137, 138, 139, 140, 141, 142, 143, 144, 145, 146, 147, 148, 149, 150, 151, 152, 153, 154, 155, 156, 157, 158, 159, 160, 161, 162, 163, 164, 165, 166, 167, 168, 169, 170, 171, 172, 173, 174, 175, 176, 177, 178, 179, 180, 181, 182, 183, 184, 185, 186, 187, 188, 189, 190, 191, 192, 193, 194, 195, 196, 197, 198, 199, 200, 201, 202, 203, 204, 205, 206, 207, 208, 209, 210, 211, 212, 213, 214, 215, 216, 217, 218, 219, 220, 221, 222, 223, 224, 225, 226, 227, 228, 229, 230, 231, 232, 233, 234, 235, 236, 237, 238, 239, 240, 241, 242, 243, 244, 245, 246, 247, 248, 249, 250, 251, 252, 253, 254, 255, 256, 257, 258, 259, 260, 261, 262, 263, 264, 265, 266, 267, 268, 269, 270, 271, 272, 273, 274, 275, 276, 277, 278, 279, 280, 281, 282, 283, 284, 285, 286, 287, 288, 289, 290, 291, 292, 293, 294, 295, 296, 297, 298, 299, 300, 301, 302, 303, 304, 305, 306, 307, 308, 309, 310, 311, 312, 313, 314, 315, 316, 317, 318, 319, 320, 321, 322, 323, 324, 325, 326, 327, 328, 329, 330, 331, 332, 333, 334, 335, 336, 337, 354, 379, 388, 389, 425, 454, 458, 463, 475, 487, 498, 499, 512, 530, 531, 532, 533, 534, 536, 573, 574, 575, 576, 577, 578, 579, 580, 581, 582, 583, 584, 585, 586, 587, 588, 589, 590, 591, 592, 593, 594, 595, 596, 597, 598, 599, 600, 601, 602, 603, 604, 605, 606, 607, 608, 609, 610, 611, 612, 613, 614, 615, 616, 617, 618, 619, 620, 621, 622, 623, 624, 625, 626, 627, 628, 629, 630, 631, 632, 633, 634, 635, 636, 637, 638, 639, 640, 641, 642, 643, 644, 645, 646, 647, 648, 649, 650, 651, 652, 653, 654, 655, 656, 657, 658, 659, 660, 661, 662, 663, 664, 665, 666, 667, 668, 669, 670, 671, 672, 673, 674, 675, 676, 677, 678, 679, 680, 681, 682, 683, 684, 685, 686, 687, 688, 689, 690, 691, 692, 693, 694, 695, 696, 697, 698, 699, 700, 701, 702, 703, 704, 705, 706, 707, 708, 709, 710, 711, 712, 713, 714, 715, 716, 717, 718, 719, 720, 721, 722, 723, 724, 725, 726, 727, 728, 729, 730, 731, 732, 733, 734, 735, 736, 737, 738, 739, 740, 741, 742, 743, 744, 745, 746, 747, 748, 749, 750, 751, 752, 753, 754, 755, 756, 757, 758, 759, 760, 761, 762, 763, 764, 765, 766, 767, 768, 769, 770, 771, 772, 773, 774, 775, 776, 777, 778, 779, 780, 781, 782, 783, 784, 785, 786, 787, 788, 789, 790, 791, 792, 793, 809, 829, 838, 839, 877, 901, 903, 905, 910, 923]",True,"[152, 623]","[103, 104, 105, 106, 107, 108, 109, 110, 111, 112, 113, 114, 115, 116, 117, 118, 119, 120, 121, 122, 123, 124, 125, 126, 127, 128, 129, 130, 131, 132, 133, 134, 135, 136, 137, 138, 139, 140, 141, 142, 143, 144, 145, 146, 147, 148, 149, 150, 151, 152, 153, 154, 155, 156, 157, 158, 159, 160, 161, 162, 163, 164, 165, 166, 167, 168, 169, 170, 171, 172, 173, 174, 175, 176, 177, 178, 179, 180, 181, 182, 183, 184, 185, 186, 187, 188, 189, 190, 191, 192, 193, 194, 195, 196, 197, 198, 199, 200, 201, 202, 203, 204, 205, 206, 207, 208, 209, 210, 211, 212, 213, 214, 215, 216, 217, 218, 219, 220, 221, 222, 223, 224, 225, 226, 227, 228, 229, 230, 231, 232, 233, 234, 235, 236, 237, 238, 239, 240, 241, 242, 243, 244, 245, 246, 247, 248, 249, 250, 251, 252, 253, 254, 255, 256, 257, 258, 259, 260, 261, 262, 263, 264, 265, 266, 267, 268, 269, 270, 271, 272, 273, 274, 275, 276, 277, 278, 279, 280, 281, 282, 283, 284, 285, 286, 287, 288, 289, 290, 291, 292, 293, 294, 295, 296, 297, 298, 299, 300, 301, 302, 303, 304, 305, 306, 307, 308, 309, 310, 311, 312, 313, 314, 315, 316, 317, 318, 319, 320, 321, 322, 323, 324, 325, 326, 327, 328, 329, 330, 331, 332, 333, 334, 335, 336, 337, 574, 575, 576, 577, 578, 579, 580, 581, 582, 583, 584, 585, 586, 587, 588, 589, 590, 591, 592, 593, 594, 595, 596, 597, 598, 599, 600, 601, 602, 603, 604, 605, 606, 607, 608, 609, 610, 611, 612, 613, 614, 615, 616, 617, 618, 619, 620, 621, 622, 623, 624, 625, 626, 627, 628, 629, 630, 631, 632, 633, 634, 635, 636, 637, 638, 639, 640, 641, 642, 643, 644, 645, 646, 647, 648, 649, 650, 651, 652, 653, 654, 655, 656, 657, 658, 659, 660, 661, 662, 663, 664, 665, 666, 667, 668, 669, 670, 671, 672, 673, 674, 675, 676, 677, 678, 679, 680, 681, 682, 683, 684, 685, 686, 687, 688, 689, 690, 691, 692, 693, 694, 695, 696, 697, 698, 699, 700, 701, 702, 703, 704, 705, 706, 707, 708, 709, 710, 711, 712, 713, 714, 715, 716, 717, 718, 719, 720, 721, 722, 723, 724, 725, 726, 727, 728, 729, 730, 731, 732, 733, 734, 735, 736, 737, 738, 739, 740, 741, 742, 743, 744, 745, 746, 747, 748, 749, 750, 751, 752, 753, 754, 755, 756, 757, 758, 759, 760, 761, 762, 763, 764, 765, 766, 767, 768, 769, 770, 771, 772, 773, 774, 775, 776, 777, 778, 779, 780, 781, 782, 783, 784, 785, 786, 787, 788, 789, 790, 791, 792, 793]","[152, 623]","[152, 623]","[105, 114, 138, 141, 152, 153, 154, 155, 157, 159, 164, 165, 176, 182, 191, 192, 194, 195, 196, 200, 204, 208, 209, 210, 211, 215, 226, 228, 241, 242, 243, 245, 248, 249, 250, 257, 261, 270, 271, 282, 287, 289, 291, 294, 296, 298, 306, 308, 309, 311, 314, 327, 333, 335, 337, 576, 585, 609, 612, 623, 624, 626, 627, 629, 631, 636, 637, 647, 653, 662, 663, 665, 666, 667, 671, 674, 678, 679, 680, 681, 690, 692, 705, 706, 707, 709, 711, 712, 713, 719, 721, 729, 730, 741, 746, 748, 750, 753, 755, 757, 764, 766, 767, 769, 772, 785, 791]","[1, 13, 14, 29, 54, 55, 56, 57, 58, 60, 102, 118, 125, 127, 130, 134, 146, 149, 153, 175, 182, 187, 189, 191, 197, 225, 230, 238, 264, 265, 266, 286, 302, 317, 336, 354, 379, 388, 389, 425, 454, 458, 463, 475, 487, 498, 499, 512, 530, 531, 532, 533, 534, 536, 573, 589, 596, 598, 601, 605, 617, 620, 624, 646, 653, 658, 660, 662, 668, 689, 694, 702, 724, 725, 745, 760, 775, 793, 809, 829, 838, 839, 877, 901, 903, 905, 910, 923]","[1, 13, 14, 29, 54, 55, 56, 57, 58, 60, 102, 118, 125, 127, 130, 134, 146, 149, 153, 175, 182, 187, 189, 191, 197, 225, 230, 238, 264, 265, 266, 286, 302, 317, 336, 379, 388, 389, 425, 454, 458, 463, 475, 487, 498, 499, 512, 530, 531, 532, 533, 534, 536, 573, 589, 596, 598, 601, 605, 617, 620, 624, 646, 653, 658, 660, 662, 668, 689, 694, 702, 724, 725, 745, 760, 775, 793, 829, 838, 839, 877, 901, 903, 905, 910, 923]",5/6 successful match,True,"[559, 560, 561]",True,755,False,,,,,
Avenal ( 93204 ) Hillcrest Travel Plaza ( 76 ),3 559-386-9783 I-5 Exit 319 ( CA 269 W ),24 32 XL 24,Avenal,93204,Hillcrest Travel Plaza ( 76 ),559-386-9783,2014,Avenal,CA,,( CA 269 W ),I-5 Exit 319 ,Exit,319,False,,False,I-5,,,,,"[152, 623]","[152, 623]","[152, 623]","[152, 623]","[103, 104, 105, 106, 107, 108, 109, 110, 111, 112, 113, 114, 115, 116, 117, 118, 119, 120, 121, 122, 123, 124, 125, 126, 127, 128, 129, 130, 131, 132, 133, 134, 135, 136, 137, 138, 139, 140, 141, 142, 143, 144, 145, 146, 147, 148, 149, 150, 151, 152, 153, 154, 155, 156, 157, 158, 159, 160, 161, 162, 163, 164, 165, 166, 167, 168, 169, 170, 171, 172, 173, 174, 175, 176, 177, 178, 179, 180, 181, 182, 183, 184, 185, 186, 187, 188, 189, 190, 191, 192, 193, 194, 195, 196, 197, 198, 199, 200, 201, 202, 203, 204, 205, 206, 207, 208, 209, 210, 211, 212, 213, 214, 215, 216, 217, 218, 219, 220, 221, 222, 223, 224, 225, 226, 227, 228, 229, 230, 231, 232, 233, 234, 235, 236, 237, 238, 239, 240, 241, 242, 243, 244, 245, 246, 247, 248, 249, 250, 251, 252, 253, 254, 255, 256, 257, 258, 259, 260, 261, 262, 263, 264, 265, 266, 267, 268, 269, 270, 271, 272, 273, 274, 275, 276, 277, 278, 279, 280, 281, 282, 283, 284, 285, 286, 287, 288, 289, 290, 291, 292, 293, 294, 295, 296, 297, 298, 299, 300, 301, 302, 303, 304, 305, 306, 307, 308, 309, 310, 311, 312, 313, 314, 315, 316, 317, 318, 319, 320, 321, 322, 323, 324, 325, 326, 327, 328, 329, 330, 331, 332, 333, 334, 335, 336, 337, 574, 575, 576, 577, 578, 579, 580, 581, 582, 583, 584, 585, 586, 587, 588, 589, 590, 591, 592, 593, 594, 595, 596, 597, 598, 599, 600, 601, 602, 603, 604, 605, 606, 607, 608, 609, 610, 611, 612, 613, 614, 615, 616, 617, 618, 619, 620, 621, 622, 623, 624, 625, 626, 627, 628, 629, 630, 631, 632, 633, 634, 635, 636, 637, 638, 639, 640, 641, 642, 643, 644, 645, 646, 647, 648, 649, 650, 651, 652, 653, 654, 655, 656, 657, 658, 659, 660, 661, 662, 663, 664, 665, 666, 667, 668, 669, 670, 671, 672, 673, 674, 675, 676, 677, 678, 679, 680, 681, 682, 683, 684, 685, 686, 687, 688, 689, 690, 691, 692, 693, 694, 695, 696, 697, 698, 699, 700, 701, 702, 703, 704, 705, 706, 707, 708, 709, 710, 711, 712, 713, 714, 715, 716, 717, 718, 719, 720, 721, 722, 723, 724, 725, 726, 727, 728, 729, 730, 731, 732, 733, 734, 735, 736, 737, 738, 739, 740, 741, 742, 743, 744, 745, 746, 747, 748, 749, 750, 751, 752, 753, 754, 755, 756, 757, 758, 759, 760, 761, 762, 763, 764, 765, 766, 767, 768, 769, 770, 771, 772, 773, 774, 775, 776, 777, 778, 779, 780, 781, 782, 783, 784, 785, 786, 787, 788, 789, 790, 791, 792, 793]","[105, 114, 138, 141, 152, 153, 154, 155, 157, 159, 164, 165, 176, 182, 191, 192, 194, 195, 196, 200, 204, 208, 209, 210, 211, 215, 226, 228, 241, 242, 243, 245, 248, 249, 250, 257, 261, 270, 271, 282, 287, 289, 291, 294, 296, 298, 306, 308, 309, 311, 314, 327, 333, 335, 337, 576, 585, 609, 612, 623, 624, 626, 627, 629, 631, 636, 637, 647, 653, 662, 663, 665, 666, 667, 671, 674, 678, 679, 680, 681, 690, 692, 705, 706, 707, 709, 711, 712, 713, 719, 721, 729, 730, 741, 746, 748, 750, 753, 755, 757, 764, 766, 767, 769, 772, 785, 791]",[],"[84, 87, 89, 114, 115, 117, 124, 132, 135, 144, 152, 178, 239, 268, 281, 297, 318, 320, 327, 348, 394, 555, 558, 560, 585, 586, 588, 595, 603, 606, 615, 623, 649, 703, 727, 740, 756, 776, 778, 785, 803, 844]","[84, 87, 89, 103, 104, 105, 106, 107, 108, 109, 110, 111, 112, 113, 114, 115, 116, 117, 118, 119, 120, 121, 122, 123, 124, 125, 126, 127, 128, 129, 130, 131, 132, 133, 134, 135, 136, 137, 138, 139, 140, 141, 142, 143, 144, 145, 146, 147, 148, 149, 150, 151, 152, 153, 154, 155, 156, 157, 158, 159, 160, 161, 162, 163, 164, 165, 166, 167, 168, 169, 170, 171, 172, 173, 174, 175, 176, 177, 178, 179, 180, 181, 182, 183, 184, 185, 186, 187, 188, 189, 190, 191, 192, 193, 194, 195, 196, 197, 198, 199, 200, 201, 202, 203, 204, 205, 206, 207, 208, 209, 210, 211, 212, 213, 214, 215, 216, 217, 218, 219, 220, 221, 222, 223, 224, 225, 226, 227, 228, 229, 230, 231, 232, 233, 234, 235, 236, 237, 238, 239, 240, 241, 242, 243, 244, 245, 246, 247, 248, 249, 250, 251, 252, 253, 254, 255, 256, 257, 258, 259, 260, 261, 262, 263, 264, 265, 266, 267, 268, 269, 270, 271, 272, 273, 274, 275, 276, 277, 278, 279, 280, 281, 282, 283, 284, 285, 286, 287, 288, 289, 290, 291, 292, 293, 294, 295, 296, 297, 298, 299, 300, 301, 302, 303, 304, 305, 306, 307, 308, 309, 310, 311, 312, 313, 314, 315, 316, 317, 318, 319, 320, 321, 322, 323, 324, 325, 326, 327, 328, 329, 330, 331, 332, 333, 334, 335, 336, 337, 348, 394, 555, 558, 560, 574, 575, 576, 577, 578, 579, 580, 581, 582, 583, 584, 585, 586, 587, 588, 589, 590, 591, 592, 593, 594, 595, 596, 597, 598, 599, 600, 601, 602, 603, 604, 605, 606, 607, 608, 609, 610, 611, 612, 613, 614, 615, 616, 617, 618, 619, 620, 621, 622, 623, 624, 625, 626, 627, 628, 629, 630, 631, 632, 633, 634, 635, 636, 637, 638, 639, 640, 641, 642, 643, 644, 645, 646, 647, 648, 649, 650, 651, 652, 653, 654, 655, 656, 657, 658, 659, 660, 661, 662, 663, 664, 665, 666, 667, 668, 669, 670, 671, 672, 673, 674, 675, 676, 677, 678, 679, 680, 681, 682, 683, 684, 685, 686, 687, 688, 689, 690, 691, 692, 693, 694, 695, 696, 697, 698, 699, 700, 701, 702, 703, 704, 705, 706, 707, 708, 709, 710, 711, 712, 713, 714, 715, 716, 717, 718, 719, 720, 721, 722, 723, 724, 725, 726, 727, 728, 729, 730, 731, 732, 733, 734, 735, 736, 737, 738, 739, 740, 741, 742, 743, 744, 745, 746, 747, 748, 749, 750, 751, 752, 753, 754, 755, 756, 757, 758, 759, 760, 761, 762, 763, 764, 765, 766, 767, 768, 769, 770, 771, 772, 773, 774, 775, 776, 777, 778, 779, 780, 781, 782, 783, 784, 785, 786, 787, 788, 789, 790, 791, 792, 793, 803, 844]",True,"[152, 623]","[103, 104, 105, 106, 107, 108, 109, 110, 111, 112, 113, 114, 115, 116, 117, 118, 119, 120, 121, 122, 123, 124, 125, 126, 127, 128, 129, 130, 131, 132, 133, 134, 135, 136, 137, 138, 139, 140, 141, 142, 143, 144, 145, 146, 147, 148, 149, 150, 151, 152, 153, 154, 155, 156, 157, 158, 159, 160, 161, 162, 163, 164, 165, 166, 167, 168, 169, 170, 171, 172, 173, 174, 175, 176, 177, 178, 179, 180, 181, 182, 183, 184, 185, 186, 187, 188, 189, 190, 191, 192, 193, 194, 195, 196, 197, 198, 199, 200, 201, 202, 203, 204, 205, 206, 207, 208, 209, 210, 211, 212, 213, 214, 215, 216, 217, 218, 219, 220, 221, 222, 223, 224, 225, 226, 227, 228, 229, 230, 231, 232, 233, 234, 235, 236, 237, 238, 239, 240, 241, 242, 243, 244, 245, 246, 247, 248, 249, 250, 251, 252, 253, 254, 255, 256, 257, 258, 259, 260, 261, 262, 263, 264, 265, 266, 267, 268, 269, 270, 271, 272, 273, 274, 275, 276, 277, 278, 279, 280, 281, 282, 283, 284, 285, 286, 287, 288, 289, 290, 291, 292, 293, 294, 295, 296, 297, 298, 299, 300, 301, 302, 303, 304, 305, 306, 307, 308, 309, 310, 311, 312, 313, 314, 315, 316, 317, 318, 319, 320, 321, 322, 323, 324, 325, 326, 327, 328, 329, 330, 331, 332, 333, 334, 335, 336, 337, 574, 575, 576, 577, 578, 579, 580, 581, 582, 583, 584, 585, 586, 587, 588, 589, 590, 591, 592, 593, 594, 595, 596, 597, 598, 599, 600, 601, 602, 603, 604, 605, 606, 607, 608, 609, 610, 611, 612, 613, 614, 615, 616, 617, 618, 619, 620, 621, 622, 623, 624, 625, 626, 627, 628, 629, 630, 631, 632, 633, 634, 635, 636, 637, 638, 639, 640, 641, 642, 643, 644, 645, 646, 647, 648, 649, 650, 651, 652, 653, 654, 655, 656, 657, 658, 659, 660, 661, 662, 663, 664, 665, 666, 667, 668, 669, 670, 671, 672, 673, 674, 675, 676, 677, 678, 679, 680, 681, 682, 683, 684, 685, 686, 687, 688, 689, 690, 691, 692, 693, 694, 695, 696, 697, 698, 699, 700, 701, 702, 703, 704, 705, 706, 707, 708, 709, 710, 711, 712, 713, 714, 715, 716, 717, 718, 719, 720, 721, 722, 723, 724, 725, 726, 727, 728, 729, 730, 731, 732, 733, 734, 735, 736, 737, 738, 739, 740, 741, 742, 743, 744, 745, 746, 747, 748, 749, 750, 751, 752, 753, 754, 755, 756, 757, 758, 759, 760, 761, 762, 763, 764, 765, 766, 767, 768, 769, 770, 771, 772, 773, 774, 775, 776, 777, 778, 779, 780, 781, 782, 783, 784, 785, 786, 787, 788, 789, 790, 791, 792, 793]","[152, 623]","[152, 623]","[105, 114, 138, 141, 152, 153, 154, 155, 157, 159, 164, 165, 176, 182, 191, 192, 194, 195, 196, 200, 204, 208, 209, 210, 211, 215, 226, 228, 241, 242, 243, 245, 248, 249, 250, 257, 261, 270, 271, 282, 287, 289, 291, 294, 296, 298, 306, 308, 309, 311, 314, 327, 333, 335, 337, 576, 585, 609, 612, 623, 624, 626, 627, 629, 631, 636, 637, 647, 653, 662, 663, 665, 666, 667, 671, 674, 678, 679, 680, 681, 690, 692, 705, 706, 707, 709, 711, 712, 713, 719, 721, 729, 730, 741, 746, 748, 750, 753, 755, 757, 764, 766, 767, 769, 772, 785, 791]","[84, 87, 89, 114, 115, 117, 124, 132, 135, 144, 152, 178, 239, 268, 281, 297, 318, 320, 327, 348, 394, 555, 558, 560, 585, 586, 588, 595, 603, 606, 615, 623, 649, 703, 727, 740, 756, 776, 778, 785, 803, 844]",[],7/6 successful match,True,"[559, 560, 561]",True,755,False,,0.6655737704918032,True,Hillcrest Travel Plaza ( Shell ),Shell
Avenal ( 93204 ) Hillcrest Travel Plaza A ( NB ( 76 ) ) 24,3 559-386-9783 I-5 Exit 319 ( CA 269 W ),24 XL 124 #e,Avenal,93204,Hillcrest Travel Plaza A ( NB ( 76 ) ) 24,559-386-9783,2015,Avenal,CA,,( CA 269 W ),I-5 Exit 319 ,Exit,319,False,,False,I-5,,,,,"[152, 623]","[152, 623]","[152, 623]","[152, 623]","[103, 104, 105, 106, 107, 108, 109, 110, 111, 112, 113, 114, 115, 116, 117, 118, 119, 120, 121, 122, 123, 124, 125, 126, 127, 128, 129, 130, 131, 132, 133, 134, 135, 136, 137, 138, 139, 140, 141, 142, 143, 144, 145, 146, 147, 148, 149, 150, 151, 152, 153, 154, 155, 156, 157, 158, 159, 160, 161, 162, 163, 164, 165, 166, 167, 168, 169, 170, 171, 172, 173, 174, 175, 176, 177, 178, 179, 180, 181, 182, 183, 184, 185, 186, 187, 188, 189, 190, 191, 192, 193, 194, 195, 196, 197, 198, 199, 200, 201, 202, 203, 204, 205, 206, 207, 208, 209, 210, 211, 212, 213, 214, 215, 216, 217, 218, 219, 220, 221, 222, 223, 224, 225, 226, 227, 228, 229, 230, 231, 232, 233, 234, 235, 236, 237, 238, 239, 240, 241, 242, 243, 244, 245, 246, 247, 248, 249, 250, 251, 252, 253, 254, 255, 256, 257, 258, 259, 260, 261, 262, 263, 264, 265, 266, 267, 268, 269, 270, 271, 272, 273, 274, 275, 276, 277, 278, 279, 280, 281, 282, 283, 284, 285, 286, 287, 288, 289, 290, 291, 292, 293, 294, 295, 296, 297, 298, 299, 300, 301, 302, 303, 304, 305, 306, 307, 308, 309, 310, 311, 312, 313, 314, 315, 316, 317, 318, 319, 320, 321, 322, 323, 324, 325, 326, 327, 328, 329, 330, 331, 332, 333, 334, 335, 336, 337, 574, 575, 576, 577, 578, 579, 580, 581, 582, 583, 584, 585, 586, 587, 588, 589, 590, 591, 592, 593, 594, 595, 596, 597, 598, 599, 600, 601, 602, 603, 604, 605, 606, 607, 608, 609, 610, 611, 612, 613, 614, 615, 616, 617, 618, 619, 620, 621, 622, 623, 624, 625, 626, 627, 628, 629, 630, 631, 632, 633, 634, 635, 636, 637, 638, 639, 640, 641, 642, 643, 644, 645, 646, 647, 648, 649, 650, 651, 652, 653, 654, 655, 656, 657, 658, 659, 660, 661, 662, 663, 664, 665, 666, 667, 668, 669, 670, 671, 672, 673, 674, 675, 676, 677, 678, 679, 680, 681, 682, 683, 684, 685, 686, 687, 688, 689, 690, 691, 692, 693, 694, 695, 696, 697, 698, 699, 700, 701, 702, 703, 704, 705, 706, 707, 708, 709, 710, 711, 712, 713, 714, 715, 716, 717, 718, 719, 720, 721, 722, 723, 724, 725, 726, 727, 728, 729, 730, 731, 732, 733, 734, 735, 736, 737, 738, 739, 740, 741, 742, 743, 744, 745, 746, 747, 748, 749, 750, 751, 752, 753, 754, 755, 756, 757, 758, 759, 760, 761, 762, 763, 764, 765, 766, 767, 768, 769, 770, 771, 772, 773, 774, 775, 776, 777, 778, 779, 780, 781, 782, 783, 784, 785, 786, 787, 788, 789, 790, 791, 792, 793]","[105, 114, 138, 141, 152, 153, 154, 155, 157, 159, 164, 165, 176, 182, 191, 192, 194, 195, 196, 200, 204, 208, 209, 210, 211, 215, 226, 228, 241, 242, 243, 245, 248, 249, 250, 257, 261, 270, 271, 282, 287, 289, 291, 294, 296, 298, 306, 308, 309, 311, 314, 327, 333, 335, 337, 576, 585, 609, 612, 623, 624, 626, 627, 629, 631, 636, 637, 647, 653, 662, 663, 665, 666, 667, 671, 674, 678, 679, 680, 681, 690, 692, 705, 706, 707, 709, 711, 712, 713, 719, 721, 729, 730, 741, 746, 748, 750, 753, 755, 757, 764, 766, 767, 769, 772, 785, 791]",[],"[84, 87, 89, 103, 114, 115, 117, 124, 132, 135, 144, 152, 178, 239, 268, 281, 297, 318, 320, 327, 348, 394, 555, 558, 560, 574, 585, 586, 588, 595, 603, 606, 615, 623, 649, 703, 727, 740, 756, 776, 778, 785, 803, 844]","[84, 87, 89, 103, 104, 105, 106, 107, 108, 109, 110, 111, 112, 113, 114, 115, 116, 117, 118, 119, 120, 121, 122, 123, 124, 125, 126, 127, 128, 129, 130, 131, 132, 133, 134, 135, 136, 137, 138, 139, 140, 141, 142, 143, 144, 145, 146, 147, 148, 149, 150, 151, 152, 153, 154, 155, 156, 157, 158, 159, 160, 161, 162, 163, 164, 165, 166, 167, 168, 169, 170, 171, 172, 173, 174, 175, 176, 177, 178, 179, 180, 181, 182, 183, 184, 185, 186, 187, 188, 189, 190, 191, 192, 193, 194, 195, 196, 197, 198, 199, 200, 201, 202, 203, 204, 205, 206, 207, 208, 209, 210, 211, 212, 213, 214, 215, 216, 217, 218, 219, 220, 221, 222, 223, 224, 225, 226, 227, 228, 229, 230, 231, 232, 233, 234, 235, 236, 237, 238, 239, 240, 241, 242, 243, 244, 245, 246, 247, 248, 249, 250, 251, 252, 253, 254, 255, 256, 257, 258, 259, 260, 261, 262, 263, 264, 265, 266, 267, 268, 269, 270, 271, 272, 273, 274, 275, 276, 277, 278, 279, 280, 281, 282, 283, 284, 285, 286, 287, 288, 289, 290, 291, 292, 293, 294, 295, 296, 297, 298, 299, 300, 301, 302, 303, 304, 305, 306, 307, 308, 309, 310, 311, 312, 313, 314, 315, 316, 317, 318, 319, 320, 321, 322, 323, 324, 325, 326, 327, 328, 329, 330, 331, 332, 333, 334, 335, 336, 337, 348, 394, 555, 558, 560, 574, 575, 576, 577, 578, 579, 580, 581, 582, 583, 584, 585, 586, 587, 588, 589, 590, 591, 592, 593, 594, 595, 596, 597, 598, 599, 600, 601, 602, 603, 604, 605, 606, 607, 608, 609, 610, 611, 612, 613, 614, 615, 616, 617, 618, 619, 620, 621, 622, 623, 624, 625, 626, 627, 628, 629, 630, 631, 632, 633, 634, 635, 636, 637, 638, 639, 640, 641, 642, 643, 644, 645, 646, 647, 648, 649, 650, 651, 652, 653, 654, 655, 656, 657, 658, 659, 660, 661, 662, 663, 664, 665, 666, 667, 668, 669, 670, 671, 672, 673, 674, 675, 676, 677, 678, 679, 680, 681, 682, 683, 684, 685, 686, 687, 688, 689, 690, 691, 692, 693, 694, 695, 696, 697, 698, 699, 700, 701, 702, 703, 704, 705, 706, 707, 708, 709, 710, 711, 712, 713, 714, 715, 716, 717, 718, 719, 720, 721, 722, 723, 724, 725, 726, 727, 728, 729, 730, 731, 732, 733, 734, 735, 736, 737, 738, 739, 740, 741, 742, 743, 744, 745, 746, 747, 748, 749, 750, 751, 752, 753, 754, 755, 756, 757, 758, 759, 760, 761, 762, 763, 764, 765, 766, 767, 768, 769, 770, 771, 772, 773, 774, 775, 776, 777, 778, 779, 780, 781, 782, 783, 784, 785, 786, 787, 788, 789, 790, 791, 792, 793, 803, 844]",True,"[152, 623]","[103, 104, 105, 106, 107, 108, 109, 110, 111, 112, 113, 114, 115, 116, 117, 118, 119, 120, 121, 122, 123, 124, 125, 126, 127, 128, 129, 130, 131, 132, 133, 134, 135, 136, 137, 138, 139, 140, 141, 142, 143, 144, 145, 146, 147, 148, 149, 150, 151, 152, 153, 154, 155, 156, 157, 158, 159, 160, 161, 162, 163, 164, 165, 166, 167, 168, 169, 170, 171, 172, 173, 174, 175, 176, 177, 178, 179, 180, 181, 182, 183, 184, 185, 186, 187, 188, 189, 190, 191, 192, 193, 194, 195, 196, 197, 198, 199, 200, 201, 202, 203, 204, 205, 206, 207, 208, 209, 210, 211, 212, 213, 214, 215, 216, 217, 218, 219, 220, 221, 222, 223, 224, 225, 226, 227, 228, 229, 230, 231, 232, 233, 234, 235, 236, 237, 238, 239, 240, 241, 242, 243, 244, 245, 246, 247, 248, 249, 250, 251, 252, 253, 254, 255, 256, 257, 258, 259, 260, 261, 262, 263, 264, 265, 266, 267, 268, 269, 270, 271, 272, 273, 274, 275, 276, 277, 278, 279, 280, 281, 282, 283, 284, 285, 286, 287, 288, 289, 290, 291, 292, 293, 294, 295, 296, 297, 298, 299, 300, 301, 302, 303, 304, 305, 306, 307, 308, 309, 310, 311, 312, 313, 314, 315, 316, 317, 318, 319, 320, 321, 322, 323, 324, 325, 326, 327, 328, 329, 330, 331, 332, 333, 334, 335, 336, 337, 574, 575, 576, 577, 578, 579, 580, 581, 582, 583, 584, 585, 586, 587, 588, 589, 590, 591, 592, 593, 594, 595, 596, 597, 598, 599, 600, 601, 602, 603, 604, 605, 606, 607, 608, 609, 610, 611, 612, 613, 614, 615, 616, 617, 618, 619, 620, 621, 622, 623, 624, 625, 626, 627, 628, 629, 630, 631, 632, 633, 634, 635, 636, 637, 638, 639, 640, 641, 642, 643, 644, 645, 646, 647, 648, 649, 650, 651, 652, 653, 654, 655, 656, 657, 658, 659, 660, 661, 662, 663, 664, 665, 666, 667, 668, 669, 670, 671, 672, 673, 674, 675, 676, 677, 678, 679, 680, 681, 682, 683, 684, 685, 686, 687, 688, 689, 690, 691, 692, 693, 694, 695, 696, 697, 698, 699, 700, 701, 702, 703, 704, 705, 706, 707, 708, 709, 710, 711, 712, 713, 714, 715, 716, 717, 718, 719, 720, 721, 722, 723, 724, 725, 726, 727, 728, 729, 730, 731, 732, 733, 734, 735, 736, 737, 738, 739, 740, 741, 742, 743, 744, 745, 746, 747, 748, 749, 750, 751, 752, 753, 754, 755, 756, 757, 758, 759, 760, 761, 762, 763, 764, 765, 766, 767, 768, 769, 770, 771, 772, 773, 774, 775, 776, 777, 778, 779, 780, 781, 782, 783, 784, 785, 786, 787, 788, 789, 790, 791, 792, 793]","[152, 623]","[152, 623]","[105, 114, 138, 141, 152, 153, 154, 155, 157, 159, 164, 165, 176, 182, 191, 192, 194, 195, 196, 200, 204, 208, 209, 210, 211, 215, 226, 228, 241, 242, 243, 245, 248, 249, 250, 257, 261, 270, 271, 282, 287, 289, 291, 294, 296, 298, 306, 308, 309, 311, 314, 327, 333, 335, 337, 576, 585, 609, 612, 623, 624, 626, 627, 629, 631, 636, 637, 647, 653, 662, 663, 665, 666, 667, 671, 674, 678, 679, 680, 681, 690, 692, 705, 706, 707, 709, 711, 712, 713, 719, 721, 729, 730, 741, 746, 748, 750, 753, 755, 757, 764, 766, 767, 769, 772, 785, 791]","[84, 87, 89, 103, 114, 115, 117, 124, 132, 135, 144, 152, 178, 239, 268, 281, 297, 318, 320, 327, 348, 394, 555, 558, 560, 574, 585, 586, 588, 595, 603, 606, 615, 623, 649, 703, 727, 740, 756, 776, 778, 785, 803, 844]",[],7/6 successful match,True,"[559, 560, 561]",True,755,False,,1.0,True,Hillcrest Travel Plaza ( 76 ),
Avenal ( 93204 ) Hillcrest Travel Plaza ( 76 ),559-386-9783 I-5 Exit 319 ( CA 269 W ),24 XL 24 312,Avenal,93204,Hillcrest Travel Plaza ( 76 ),559-386-9783,2016,Avenal,CA,,( CA 269 W ),I-5 Exit 319 ,Exit,319,False,,False,I-5,,,,,"[152, 623]","[152, 623]","[152, 623]","[152, 623]","[103, 104, 105, 106, 107, 108, 109, 110, 111, 112, 113, 114, 115, 116, 117, 118, 119, 120, 121, 122, 123, 124, 125, 126, 127, 128, 129, 130, 131, 132, 133, 134, 135, 136, 137, 138, 139, 140, 141, 142, 143, 144, 145, 146, 147, 148, 149, 150, 151, 152, 153, 154, 155, 156, 157, 158, 159, 160, 161, 162, 163, 164, 165, 166, 167, 168, 169, 170, 171, 172, 173, 174, 175, 176, 177, 178, 179, 180, 181, 182, 183, 184, 185, 186, 187, 188, 189, 190, 191, 192, 193, 194, 195, 196, 197, 198, 199, 200, 201, 202, 203, 204, 205, 206, 207, 208, 209, 210, 211, 212, 213, 214, 215, 216, 217, 218, 219, 220, 221, 222, 223, 224, 225, 226, 227, 228, 229, 230, 231, 232, 233, 234, 235, 236, 237, 238, 239, 240, 241, 242, 243, 244, 245, 246, 247, 248, 249, 250, 251, 252, 253, 254, 255, 256, 257, 258, 259, 260, 261, 262, 263, 264, 265, 266, 267, 268, 269, 270, 271, 272, 273, 274, 275, 276, 277, 278, 279, 280, 281, 282, 283, 284, 285, 286, 287, 288, 289, 290, 291, 292, 293, 294, 295, 296, 297, 298, 299, 300, 301, 302, 303, 304, 305, 306, 307, 308, 309, 310, 311, 312, 313, 314, 315, 316, 317, 318, 319, 320, 321, 322, 323, 324, 325, 326, 327, 328, 329, 330, 331, 332, 333, 334, 335, 336, 337, 574, 575, 576, 577, 578, 579, 580, 581, 582, 583, 584, 585, 586, 587, 588, 589, 590, 591, 592, 593, 594, 595, 596, 597, 598, 599, 600, 601, 602, 603, 604, 605, 606, 607, 608, 609, 610, 611, 612, 613, 614, 615, 616, 617, 618, 619, 620, 621, 622, 623, 624, 625, 626, 627, 628, 629, 630, 631, 632, 633, 634, 635, 636, 637, 638, 639, 640, 641, 642, 643, 644, 645, 646, 647, 648, 649, 650, 651, 652, 653, 654, 655, 656, 657, 658, 659, 660, 661, 662, 663, 664, 665, 666, 667, 668, 669, 670, 671, 672, 673, 674, 675, 676, 677, 678, 679, 680, 681, 682, 683, 684, 685, 686, 687, 688, 689, 690, 691, 692, 693, 694, 695, 696, 697, 698, 699, 700, 701, 702, 703, 704, 705, 706, 707, 708, 709, 710, 711, 712, 713, 714, 715, 716, 717, 718, 719, 720, 721, 722, 723, 724, 725, 726, 727, 728, 729, 730, 731, 732, 733, 734, 735, 736, 737, 738, 739, 740, 741, 742, 743, 744, 745, 746, 747, 748, 749, 750, 751, 752, 753, 754, 755, 756, 757, 758, 759, 760, 761, 762, 763, 764, 765, 766, 767, 768, 769, 770, 771, 772, 773, 774, 775, 776, 777, 778, 779, 780, 781, 782, 783, 784, 785, 786, 787, 788, 789, 790, 791, 792, 793]","[105, 114, 138, 141, 152, 153, 154, 155, 157, 159, 164, 165, 176, 182, 191, 192, 194, 195, 196, 200, 204, 208, 209, 210, 211, 215, 226, 228, 241, 242, 243, 245, 248, 249, 250, 257, 261, 270, 271, 282, 287, 289, 291, 294, 296, 298, 306, 308, 309, 311, 314, 327, 333, 335, 337, 576, 585, 609, 612, 623, 624, 626, 627, 629, 631, 636, 637, 647, 653, 662, 663, 665, 666, 667, 671, 674, 678, 679, 680, 681, 690, 692, 705, 706, 707, 709, 711, 712, 713, 719, 721, 729, 730, 741, 746, 748, 750, 753, 755, 757, 764, 766, 767, 769, 772, 785, 791]",[],"[84, 87, 89, 114, 115, 117, 124, 132, 135, 144, 152, 178, 239, 268, 281, 297, 318, 320, 327, 348, 394, 555, 558, 560, 585, 586, 588, 595, 603, 606, 615, 623, 649, 703, 727, 740, 756, 776, 778, 785, 803, 844]","[84, 87, 89, 103, 104, 105, 106, 107, 108, 109, 110, 111, 112, 113, 114, 115, 116, 117, 118, 119, 120, 121, 122, 123, 124, 125, 126, 127, 128, 129, 130, 131, 132, 133, 134, 135, 136, 137, 138, 139, 140, 141, 142, 143, 144, 145, 146, 147, 148, 149, 150, 151, 152, 153, 154, 155, 156, 157, 158, 159, 160, 161, 162, 163, 164, 165, 166, 167, 168, 169, 170, 171, 172, 173, 174, 175, 176, 177, 178, 179, 180, 181, 182, 183, 184, 185, 186, 187, 188, 189, 190, 191, 192, 193, 194, 195, 196, 197, 198, 199, 200, 201, 202, 203, 204, 205, 206, 207, 208, 209, 210, 211, 212, 213, 214, 215, 216, 217, 218, 219, 220, 221, 222, 223, 224, 225, 226, 227, 228, 229, 230, 231, 232, 233, 234, 235, 236, 237, 238, 239, 240, 241, 242, 243, 244, 245, 246, 247, 248, 249, 250, 251, 252, 253, 254, 255, 256, 257, 258, 259, 260, 261, 262, 263, 264, 265, 266, 267, 268, 269, 270, 271, 272, 273, 274, 275, 276, 277, 278, 279, 280, 281, 282, 283, 284, 285, 286, 287, 288, 289, 290, 291, 292, 293, 294, 295, 296, 297, 298, 299, 300, 301, 302, 303, 304, 305, 306, 307, 308, 309, 310, 311, 312, 313, 314, 315, 316, 317, 318, 319, 320, 321, 322, 323, 324, 325, 326, 327, 328, 329, 330, 331, 332, 333, 334, 335, 336, 337, 348, 394, 555, 558, 560, 574, 575, 576, 577, 578, 579, 580, 581, 582, 583, 584, 585, 586, 587, 588, 589, 590, 591, 592, 593, 594, 595, 596, 597, 598, 599, 600, 601, 602, 603, 604, 605, 606, 607, 608, 609, 610, 611, 612, 613, 614, 615, 616, 617, 618, 619, 620, 621, 622, 623, 624, 625, 626, 627, 628, 629, 630, 631, 632, 633, 634, 635, 636, 637, 638, 639, 640, 641, 642, 643, 644, 645, 646, 647, 648, 649, 650, 651, 652, 653, 654, 655, 656, 657, 658, 659, 660, 661, 662, 663, 664, 665, 666, 667, 668, 669, 670, 671, 672, 673, 674, 675, 676, 677, 678, 679, 680, 681, 682, 683, 684, 685, 686, 687, 688, 689, 690, 691, 692, 693, 694, 695, 696, 697, 698, 699, 700, 701, 702, 703, 704, 705, 706, 707, 708, 709, 710, 711, 712, 713, 714, 715, 716, 717, 718, 719, 720, 721, 722, 723, 724, 725, 726, 727, 728, 729, 730, 731, 732, 733, 734, 735, 736, 737, 738, 739, 740, 741, 742, 743, 744, 745, 746, 747, 748, 749, 750, 751, 752, 753, 754, 755, 756, 757, 758, 759, 760, 761, 762, 763, 764, 765, 766, 767, 768, 769, 770, 771, 772, 773, 774, 775, 776, 777, 778, 779, 780, 781, 782, 783, 784, 785, 786, 787, 788, 789, 790, 791, 792, 793, 803, 844]",True,"[152, 623]","[103, 104, 105, 106, 107, 108, 109, 110, 111, 112, 113, 114, 115, 116, 117, 118, 119, 120, 121, 122, 123, 124, 125, 126, 127, 128, 129, 130, 131, 132, 133, 134, 135, 136, 137, 138, 139, 140, 141, 142, 143, 144, 145, 146, 147, 148, 149, 150, 151, 152, 153, 154, 155, 156, 157, 158, 159, 160, 161, 162, 163, 164, 165, 166, 167, 168, 169, 170, 171, 172, 173, 174, 175, 176, 177, 178, 179, 180, 181, 182, 183, 184, 185, 186, 187, 188, 189, 190, 191, 192, 193, 194, 195, 196, 197, 198, 199, 200, 201, 202, 203, 204, 205, 206, 207, 208, 209, 210, 211, 212, 213, 214, 215, 216, 217, 218, 219, 220, 221, 222, 223, 224, 225, 226, 227, 228, 229, 230, 231, 232, 233, 234, 235, 236, 237, 238, 239, 240, 241, 242, 243, 244, 245, 246, 247, 248, 249, 250, 251, 252, 253, 254, 255, 256, 257, 258, 259, 260, 261, 262, 263, 264, 265, 266, 267, 268, 269, 270, 271, 272, 273, 274, 275, 276, 277, 278, 279, 280, 281, 282, 283, 284, 285, 286, 287, 288, 289, 290, 291, 292, 293, 294, 295, 296, 297, 298, 299, 300, 301, 302, 303, 304, 305, 306, 307, 308, 309, 310, 311, 312, 313, 314, 315, 316, 317, 318, 319, 320, 321, 322, 323, 324, 325, 326, 327, 328, 329, 330, 331, 332, 333, 334, 335, 336, 337, 574, 575, 576, 577, 578, 579, 580, 581, 582, 583, 584, 585, 586, 587, 588, 589, 590, 591, 592, 593, 594, 595, 596, 597, 598, 599, 600, 601, 602, 603, 604, 605, 606, 607, 608, 609, 610, 611, 612, 613, 614, 615, 616, 617, 618, 619, 620, 621, 622, 623, 624, 625, 626, 627, 628, 629, 630, 631, 632, 633, 634, 635, 636, 637, 638, 639, 640, 641, 642, 643, 644, 645, 646, 647, 648, 649, 650, 651, 652, 653, 654, 655, 656, 657, 658, 659, 660, 661, 662, 663, 664, 665, 666, 667, 668, 669, 670, 671, 672, 673, 674, 675, 676, 677, 678, 679, 680, 681, 682, 683, 684, 685, 686, 687, 688, 689, 690, 691, 692, 693, 694, 695, 696, 697, 698, 699, 700, 701, 702, 703, 704, 705, 706, 707, 708, 709, 710, 711, 712, 713, 714, 715, 716, 717, 718, 719, 720, 721, 722, 723, 724, 725, 726, 727, 728, 729, 730, 731, 732, 733, 734, 735, 736, 737, 738, 739, 740, 741, 742, 743, 744, 745, 746, 747, 748, 749, 750, 751, 752, 753, 754, 755, 756, 757, 758, 759, 760, 761, 762, 763, 764, 765, 766, 767, 768, 769, 770, 771, 772, 773, 774, 775, 776, 777, 778, 779, 780, 781, 782, 783, 784, 785, 786, 787, 788, 789, 790, 791, 792, 793]","[152, 623]","[152, 623]","[105, 114, 138, 141, 152, 153, 154, 155, 157, 159, 164, 165, 176, 182, 191, 192, 194, 195, 196, 200, 204, 208, 209, 210, 211, 215, 226, 228, 241, 242, 243, 245, 248, 249, 250, 257, 261, 270, 271, 282, 287, 289, 291, 294, 296, 298, 306, 308, 309, 311, 314, 327, 333, 335, 337, 576, 585, 609, 612, 623, 624, 626, 627, 629, 631, 636, 637, 647, 653, 662, 663, 665, 666, 667, 671, 674, 678, 679, 680, 681, 690, 692, 705, 706, 707, 709, 711, 712, 713, 719, 721, 729, 730, 741, 746, 748, 750, 753, 755, 757, 764, 766, 767, 769, 772, 785, 791]","[84, 87, 89, 114, 115, 117, 124, 132, 135, 144, 152, 178, 239, 268, 281, 297, 318, 320, 327, 348, 394, 555, 558, 560, 585, 586, 588, 595, 603, 606, 615, 623, 649, 703, 727, 740, 756, 776, 778, 785, 803, 844]",[],7/6 successful match,True,"[559, 560, 561]",True,755,False,,1.0,True,Hillcrest Travel Plaza A ( NB ( 76 ) ) 24,
Buttonwillow Jeffries Oasis I-5 ( Exxon ),661-764-6226 I-5 Exit 257 ( CA 58 W ),FRS 24 S,,93206,,661-764-6226,2007,Buttonwillow,CA,,( CA 58 W ),I-5 Exit 257 ,Exit,257,False,,False,I-5,,,,,"[192, 663]","[192, 296, 309, 663, 755, 767]","[192, 296, 309, 663, 755, 767]","[192, 296, 309, 663, 755, 767]","[103, 104, 105, 106, 107, 108, 109, 110, 111, 112, 113, 114, 115, 116, 117, 118, 119, 120, 121, 122, 123, 124, 125, 126, 127, 128, 129, 130, 131, 132, 133, 134, 135, 136, 137, 138, 139, 140, 141, 142, 143, 144, 145, 146, 147, 148, 149, 150, 151, 152, 153, 154, 155, 156, 157, 158, 159, 160, 161, 162, 163, 164, 165, 166, 167, 168, 169, 170, 171, 172, 173, 174, 175, 176, 177, 178, 179, 180, 181, 182, 183, 184, 185, 186, 187, 188, 189, 190, 191, 192, 193, 194, 195, 196, 197, 198, 199, 200, 201, 202, 203, 204, 205, 206, 207, 208, 209, 210, 211, 212, 213, 214, 215, 216, 217, 218, 219, 220, 221, 222, 223, 224, 225, 226, 227, 228, 229, 230, 231, 232, 233, 234, 235, 236, 237, 238, 239, 240, 241, 242, 243, 244, 245, 246, 247, 248, 249, 250, 251, 252, 253, 254, 255, 256, 257, 258, 259, 260, 261, 262, 263, 264, 265, 266, 267, 268, 269, 270, 271, 272, 273, 274, 275, 276, 277, 278, 279, 280, 281, 282, 283, 284, 285, 286, 287, 288, 289, 290, 291, 292, 293, 294, 295, 296, 297, 298, 299, 300, 301, 302, 303, 304, 305, 306, 307, 308, 309, 310, 311, 312, 313, 314, 315, 316, 317, 318, 319, 320, 321, 322, 323, 324, 325, 326, 327, 328, 329, 330, 331, 332, 333, 334, 335, 336, 337, 574, 575, 576, 577, 578, 579, 580, 581, 582, 583, 584, 585, 586, 587, 588, 589, 590, 591, 592, 593, 594, 595, 596, 597, 598, 599, 600, 601, 602, 603, 604, 605, 606, 607, 608, 609, 610, 611, 612, 613, 614, 615, 616, 617, 618, 619, 620, 621, 622, 623, 624, 625, 626, 627, 628, 629, 630, 631, 632, 633, 634, 635, 636, 637, 638, 639, 640, 641, 642, 643, 644, 645, 646, 647, 648, 649, 650, 651, 652, 653, 654, 655, 656, 657, 658, 659, 660, 661, 662, 663, 664, 665, 666, 667, 668, 669, 670, 671, 672, 673, 674, 675, 676, 677, 678, 679, 680, 681, 682, 683, 684, 685, 686, 687, 688, 689, 690, 691, 692, 693, 694, 695, 696, 697, 698, 699, 700, 701, 702, 703, 704, 705, 706, 707, 708, 709, 710, 711, 712, 713, 714, 715, 716, 717, 718, 719, 720, 721, 722, 723, 724, 725, 726, 727, 728, 729, 730, 731, 732, 733, 734, 735, 736, 737, 738, 739, 740, 741, 742, 743, 744, 745, 746, 747, 748, 749, 750, 751, 752, 753, 754, 755, 756, 757, 758, 759, 760, 761, 762, 763, 764, 765, 766, 767, 768, 769, 770, 771, 772, 773, 774, 775, 776, 777, 778, 779, 780, 781, 782, 783, 784, 785, 786, 787, 788, 789, 790, 791, 792, 793]","[105, 114, 138, 141, 152, 153, 154, 155, 157, 159, 164, 165, 176, 182, 191, 192, 194, 195, 196, 200, 204, 208, 209, 210, 211, 215, 226, 228, 241, 242, 243, 245, 248, 249, 250, 257, 261, 270, 271, 282, 287, 289, 291, 294, 296, 298, 306, 308, 309, 311, 314, 327, 333, 335, 337, 576, 585, 609, 612, 623, 624, 626, 627, 629, 631, 636, 637, 647, 653, 662, 663, 665, 666, 667, 671, 674, 678, 679, 680, 681, 690, 692, 705, 706, 707, 709, 711, 712, 713, 719, 721, 729, 730, 741, 746, 748, 750, 753, 755, 757, 764, 766, 767, 769, 772, 785, 791]",[],[],"[103, 104, 105, 106, 107, 108, 109, 110, 111, 112, 113, 114, 115, 116, 117, 118, 119, 120, 121, 122, 123, 124, 125, 126, 127, 128, 129, 130, 131, 132, 133, 134, 135, 136, 137, 138, 139, 140, 141, 142, 143, 144, 145, 146, 147, 148, 149, 150, 151, 152, 153, 154, 155, 156, 157, 158, 159, 160, 161, 162, 163, 164, 165, 166, 167, 168, 169, 170, 171, 172, 173, 174, 175, 176, 177, 178, 179, 180, 181, 182, 183, 184, 185, 186, 187, 188, 189, 190, 191, 192, 193, 194, 195, 196, 197, 198, 199, 200, 201, 202, 203, 204, 205, 206, 207, 208, 209, 210, 211, 212, 213, 214, 215, 216, 217, 218, 219, 220, 221, 222, 223, 224, 225, 226, 227, 228, 229, 230, 231, 232, 233, 234, 235, 236, 237, 238, 239, 240, 241, 242, 243, 244, 245, 246, 247, 248, 249, 250, 251, 252, 253, 254, 255, 256, 257, 258, 259, 260, 261, 262, 263, 264, 265, 266, 267, 268, 269, 270, 271, 272, 273, 274, 275, 276, 277, 278, 279, 280, 281, 282, 283, 284, 285, 286, 287, 288, 289, 290, 291, 292, 293, 294, 295, 296, 297, 298, 299, 300, 301, 302, 303, 304, 305, 306, 307, 308, 309, 310, 311, 312, 313, 314, 315, 316, 317, 318, 319, 320, 321, 322, 323, 324, 325, 326, 327, 328, 329, 330, 331, 332, 333, 334, 335, 336, 337, 574, 575, 576, 577, 578, 579, 580, 581, 582, 583, 584, 585, 586, 587, 588, 589, 590, 591, 592, 593, 594, 595, 596, 597, 598, 599, 600, 601, 602, 603, 604, 605, 606, 607, 608, 609, 610, 611, 612, 613, 614, 615, 616, 617, 618, 619, 620, 621, 622, 623, 624, 625, 626, 627, 628, 629, 630, 631, 632, 633, 634, 635, 636, 637, 638, 639, 640, 641, 642, 643, 644, 645, 646, 647, 648, 649, 650, 651, 652, 653, 654, 655, 656, 657, 658, 659, 660, 661, 662, 663, 664, 665, 666, 667, 668, 669, 670, 671, 672, 673, 674, 675, 676, 677, 678, 679, 680, 681, 682, 683, 684, 685, 686, 687, 688, 689, 690, 691, 692, 693, 694, 695, 696, 697, 698, 699, 700, 701, 702, 703, 704, 705, 706, 707, 708, 709, 710, 711, 712, 713, 714, 715, 716, 717, 718, 719, 720, 721, 722, 723, 724, 725, 726, 727, 728, 729, 730, 731, 732, 733, 734, 735, 736, 737, 738, 739, 740, 741, 742, 743, 744, 745, 746, 747, 748, 749, 750, 751, 752, 753, 754, 755, 756, 757, 758, 759, 760, 761, 762, 763, 764, 765, 766, 767, 768, 769, 770, 771, 772, 773, 774, 775, 776, 777, 778, 779, 780, 781, 782, 783, 784, 785, 786, 787, 788, 789, 790, 791, 792, 793]",True,"[192, 296, 309, 663, 755, 767]","[103, 104, 105, 106, 107, 108, 109, 110, 111, 112, 113, 114, 115, 116, 117, 118, 119, 120, 121, 122, 123, 124, 125, 126, 127, 128, 129, 130, 131, 132, 133, 134, 135, 136, 137, 138, 139, 140, 141, 142, 143, 144, 145, 146, 147, 148, 149, 150, 151, 152, 153, 154, 155, 156, 157, 158, 159, 160, 161, 162, 163, 164, 165, 166, 167, 168, 169, 170, 171, 172, 173, 174, 175, 176, 177, 178, 179, 180, 181, 182, 183, 184, 185, 186, 187, 188, 189, 190, 191, 192, 193, 194, 195, 196, 197, 198, 199, 200, 201, 202, 203, 204, 205, 206, 207, 208, 209, 210, 211, 212, 213, 214, 215, 216, 217, 218, 219, 220, 221, 222, 223, 224, 225, 226, 227, 228, 229, 230, 231, 232, 233, 234, 235, 236, 237, 238, 239, 240, 241, 242, 243, 244, 245, 246, 247, 248, 249, 250, 251, 252, 253, 254, 255, 256, 257, 258, 259, 260, 261, 262, 263, 264, 265, 266, 267, 268, 269, 270, 271, 272, 273, 274, 275, 276, 277, 278, 279, 280, 281, 282, 283, 284, 285, 286, 287, 288, 289, 290, 291, 292, 293, 294, 295, 296, 297, 298, 299, 300, 301, 302, 303, 304, 305, 306, 307, 308, 309, 310, 311, 312, 313, 314, 315, 316, 317, 318, 319, 320, 321, 322, 323, 324, 325, 326, 327, 328, 329, 330, 331, 332, 333, 334, 335, 336, 337, 574, 575, 576, 577, 578, 579, 580, 581, 582, 583, 584, 585, 586, 587, 588, 589, 590, 591, 592, 593, 594, 595, 596, 597, 598, 599, 600, 601, 602, 603, 604, 605, 606, 607, 608, 609, 610, 611, 612, 613, 614, 615, 616, 617, 618, 619, 620, 621, 622, 623, 624, 625, 626, 627, 628, 629, 630, 631, 632, 633, 634, 635, 636, 637, 638, 639, 640, 641, 642, 643, 644, 645, 646, 647, 648, 649, 650, 651, 652, 653, 654, 655, 656, 657, 658, 659, 660, 661, 662, 663, 664, 665, 666, 667, 668, 669, 670, 671, 672, 673, 674, 675, 676, 677, 678, 679, 680, 681, 682, 683, 684, 685, 686, 687, 688, 689, 690, 691, 692, 693, 694, 695, 696, 697, 698, 699, 700, 701, 702, 703, 704, 705, 706, 707, 708, 709, 710, 711, 712, 713, 714, 715, 716, 717, 718, 719, 720, 721, 722, 723, 724, 725, 726, 727, 728, 729, 730, 731, 732, 733, 734, 735, 736, 737, 738, 739, 740, 741, 742, 743, 744, 745, 746, 747, 748, 749, 750, 751, 752, 753, 754, 755, 756, 757, 758, 759, 760, 761, 762, 763, 764, 765, 766, 767, 768, 769, 770, 771, 772, 773, 774, 775, 776, 777, 778, 779, 780, 781, 782, 783, 784, 785, 786, 787, 788, 789, 790, 791, 792, 793]","[192, 296, 309, 663, 755, 767]","[192, 296, 309, 663, 755, 767]","[105, 114, 138, 141, 152, 153, 154, 155, 157, 159, 164, 165, 176, 182, 191, 192, 194, 195, 196, 200, 204, 208, 209, 210, 211, 215, 226, 228, 241, 242, 243, 245, 248, 249, 250, 257, 261, 270, 271, 282, 287, 289, 291, 294, 296, 298, 306, 308, 309, 311, 314, 327, 333, 335, 337, 576, 585, 609, 612, 623, 624, 626, 627, 629, 631, 636, 637, 647, 653, 662, 663, 665, 666, 667, 671, 674, 678, 679, 680, 681, 690, 692, 705, 706, 707, 709, 711, 712, 713, 719, 721, 729, 730, 741, 746, 748, 750, 753, 755, 757, 764, 766, 767, 769, 772, 785, 791]",[],[],7/6 successful match,True,"[262, 263]",True,756,False,,,,,
"Buttonwillow , 93206 Jeffries Oasis I-5 ( Exxon )",661-764-6226 I-5 Exit 257 ( CA 58 W ),D S,Buttonwillow,93206,Jeffries Oasis I-5 ( Exxon ),661-764-6226,2008,Buttonwillow,CA,Exxon,( CA 58 W ),I-5 Exit 257 ,Exit,257,False,,False,I-5,,,,,"[192, 663]","[192, 296, 309, 663, 755, 767]","[192, 296, 309, 663, 755, 767]","[192, 296, 309, 663, 755, 767]","[103, 104, 105, 106, 107, 108, 109, 110, 111, 112, 113, 114, 115, 116, 117, 118, 119, 120, 121, 122, 123, 124, 125, 126, 127, 128, 129, 130, 131, 132, 133, 134, 135, 136, 137, 138, 139, 140, 141, 142, 143, 144, 145, 146, 147, 148, 149, 150, 151, 152, 153, 154, 155, 156, 157, 158, 159, 160, 161, 162, 163, 164, 165, 166, 167, 168, 169, 170, 171, 172, 173, 174, 175, 176, 177, 178, 179, 180, 181, 182, 183, 184, 185, 186, 187, 188, 189, 190, 191, 192, 193, 194, 195, 196, 197, 198, 199, 200, 201, 202, 203, 204, 205, 206, 207, 208, 209, 210, 211, 212, 213, 214, 215, 216, 217, 218, 219, 220, 221, 222, 223, 224, 225, 226, 227, 228, 229, 230, 231, 232, 233, 234, 235, 236, 237, 238, 239, 240, 241, 242, 243, 244, 245, 246, 247, 248, 249, 250, 251, 252, 253, 254, 255, 256, 257, 258, 259, 260, 261, 262, 263, 264, 265, 266, 267, 268, 269, 270, 271, 272, 273, 274, 275, 276, 277, 278, 279, 280, 281, 282, 283, 284, 285, 286, 287, 288, 289, 290, 291, 292, 293, 294, 295, 296, 297, 298, 299, 300, 301, 302, 303, 304, 305, 306, 307, 308, 309, 310, 311, 312, 313, 314, 315, 316, 317, 318, 319, 320, 321, 322, 323, 324, 325, 326, 327, 328, 329, 330, 331, 332, 333, 334, 335, 336, 337, 574, 575, 576, 577, 578, 579, 580, 581, 582, 583, 584, 585, 586, 587, 588, 589, 590, 591, 592, 593, 594, 595, 596, 597, 598, 599, 600, 601, 602, 603, 604, 605, 606, 607, 608, 609, 610, 611, 612, 613, 614, 615, 616, 617, 618, 619, 620, 621, 622, 623, 624, 625, 626, 627, 628, 629, 630, 631, 632, 633, 634, 635, 636, 637, 638, 639, 640, 641, 642, 643, 644, 645, 646, 647, 648, 649, 650, 651, 652, 653, 654, 655, 656, 657, 658, 659, 660, 661, 662, 663, 664, 665, 666, 667, 668, 669, 670, 671, 672, 673, 674, 675, 676, 677, 678, 679, 680, 681, 682, 683, 684, 685, 686, 687, 688, 689, 690, 691, 692, 693, 694, 695, 696, 697, 698, 699, 700, 701, 702, 703, 704, 705, 706, 707, 708, 709, 710, 711, 712, 713, 714, 715, 716, 717, 718, 719, 720, 721, 722, 723, 724, 725, 726, 727, 728, 729, 730, 731, 732, 733, 734, 735, 736, 737, 738, 739, 740, 741, 742, 743, 744, 745, 746, 747, 748, 749, 750, 751, 752, 753, 754, 755, 756, 757, 758, 759, 760, 761, 762, 763, 764, 765, 766, 767, 768, 769, 770, 771, 772, 773, 774, 775, 776, 777, 778, 779, 780, 781, 782, 783, 784, 785, 786, 787, 788, 789, 790, 791, 792, 793]","[105, 114, 138, 141, 152, 153, 154, 155, 157, 159, 164, 165, 176, 182, 191, 192, 194, 195, 196, 200, 204, 208, 209, 210, 211, 215, 226, 228, 241, 242, 243, 245, 248, 249, 250, 257, 261, 270, 271, 282, 287, 289, 291, 294, 296, 298, 306, 308, 309, 311, 314, 327, 333, 335, 337, 576, 585, 609, 612, 623, 624, 626, 627, 629, 631, 636, 637, 647, 653, 662, 663, 665, 666, 667, 671, 674, 678, 679, 680, 681, 690, 692, 705, 706, 707, 709, 711, 712, 713, 719, 721, 729, 730, 741, 746, 748, 750, 753, 755, 757, 764, 766, 767, 769, 772, 785, 791]","[398, 399, 400, 848, 849]","[183, 192, 398, 399, 400, 654, 663, 848, 849]","[103, 104, 105, 106, 107, 108, 109, 110, 111, 112, 113, 114, 115, 116, 117, 118, 119, 120, 121, 122, 123, 124, 125, 126, 127, 128, 129, 130, 131, 132, 133, 134, 135, 136, 137, 138, 139, 140, 141, 142, 143, 144, 145, 146, 147, 148, 149, 150, 151, 152, 153, 154, 155, 156, 157, 158, 159, 160, 161, 162, 163, 164, 165, 166, 167, 168, 169, 170, 171, 172, 173, 174, 175, 176, 177, 178, 179, 180, 181, 182, 183, 184, 185, 186, 187, 188, 189, 190, 191, 192, 193, 194, 195, 196, 197, 198, 199, 200, 201, 202, 203, 204, 205, 206, 207, 208, 209, 210, 211, 212, 213, 214, 215, 216, 217, 218, 219, 220, 221, 222, 223, 224, 225, 226, 227, 228, 229, 230, 231, 232, 233, 234, 235, 236, 237, 238, 239, 240, 241, 242, 243, 244, 245, 246, 247, 248, 249, 250, 251, 252, 253, 254, 255, 256, 257, 258, 259, 260, 261, 262, 263, 264, 265, 266, 267, 268, 269, 270, 271, 272, 273, 274, 275, 276, 277, 278, 279, 280, 281, 282, 283, 284, 285, 286, 287, 288, 289, 290, 291, 292, 293, 294, 295, 296, 297, 298, 299, 300, 301, 302, 303, 304, 305, 306, 307, 308, 309, 310, 311, 312, 313, 314, 315, 316, 317, 318, 319, 320, 321, 322, 323, 324, 325, 326, 327, 328, 329, 330, 331, 332, 333, 334, 335, 336, 337, 398, 399, 400, 574, 575, 576, 577, 578, 579, 580, 581, 582, 583, 584, 585, 586, 587, 588, 589, 590, 591, 592, 593, 594, 595, 596, 597, 598, 599, 600, 601, 602, 603, 604, 605, 606, 607, 608, 609, 610, 611, 612, 613, 614, 615, 616, 617, 618, 619, 620, 621, 622, 623, 624, 625, 626, 627, 628, 629, 630, 631, 632, 633, 634, 635, 636, 637, 638, 639, 640, 641, 642, 643, 644, 645, 646, 647, 648, 649, 650, 651, 652, 653, 654, 655, 656, 657, 658, 659, 660, 661, 662, 663, 664, 665, 666, 667, 668, 669, 670, 671, 672, 673, 674, 675, 676, 677, 678, 679, 680, 681, 682, 683, 684, 685, 686, 687, 688, 689, 690, 691, 692, 693, 694, 695, 696, 697, 698, 699, 700, 701, 702, 703, 704, 705, 706, 707, 708, 709, 710, 711, 712, 713, 714, 715, 716, 717, 718, 719, 720, 721, 722, 723, 724, 725, 726, 727, 728, 729, 730, 731, 732, 733, 734, 735, 736, 737, 738, 739, 740, 741, 742, 743, 744, 745, 746, 747, 748, 749, 750, 751, 752, 753, 754, 755, 756, 757, 758, 759, 760, 761, 762, 763, 764, 765, 766, 767, 768, 769, 770, 771, 772, 773, 774, 775, 776, 777, 778, 779, 780, 781, 782, 783, 784, 785, 786, 787, 788, 789, 790, 791, 792, 793, 848, 849]",True,"[192, 296, 309, 663, 755, 767]","[103, 104, 105, 106, 107, 108, 109, 110, 111, 112, 113, 114, 115, 116, 117, 118, 119, 120, 121, 122, 123, 124, 125, 126, 127, 128, 129, 130, 131, 132, 133, 134, 135, 136, 137, 138, 139, 140, 141, 142, 143, 144, 145, 146, 147, 148, 149, 150, 151, 152, 153, 154, 155, 156, 157, 158, 159, 160, 161, 162, 163, 164, 165, 166, 167, 168, 169, 170, 171, 172, 173, 174, 175, 176, 177, 178, 179, 180, 181, 182, 183, 184, 185, 186, 187, 188, 189, 190, 191, 192, 193, 194, 195, 196, 197, 198, 199, 200, 201, 202, 203, 204, 205, 206, 207, 208, 209, 210, 211, 212, 213, 214, 215, 216, 217, 218, 219, 220, 221, 222, 223, 224, 225, 226, 227, 228, 229, 230, 231, 232, 233, 234, 235, 236, 237, 238, 239, 240, 241, 242, 243, 244, 245, 246, 247, 248, 249, 250, 251, 252, 253, 254, 255, 256, 257, 258, 259, 260, 261, 262, 263, 264, 265, 266, 267, 268, 269, 270, 271, 272, 273, 274, 275, 276, 277, 278, 279, 280, 281, 282, 283, 284, 285, 286, 287, 288, 289, 290, 291, 292, 293, 294, 295, 296, 297, 298, 299, 300, 301, 302, 303, 304, 305, 306, 307, 308, 309, 310, 311, 312, 313, 314, 315, 316, 317, 318, 319, 320, 321, 322, 323, 324, 325, 326, 327, 328, 329, 330, 331, 332, 333, 334, 335, 336, 337, 574, 575, 576, 577, 578, 579, 580, 581, 582, 583, 584, 585, 586, 587, 588, 589, 590, 591, 592, 593, 594, 595, 596, 597, 598, 599, 600, 601, 602, 603, 604, 605, 606, 607, 608, 609, 610, 611, 612, 613, 614, 615, 616, 617, 618, 619, 620, 621, 622, 623, 624, 625, 626, 627, 628, 629, 630, 631, 632, 633, 634, 635, 636, 637, 638, 639, 640, 641, 642, 643, 644, 645, 646, 647, 648, 649, 650, 651, 652, 653, 654, 655, 656, 657, 658, 659, 660, 661, 662, 663, 664, 665, 666, 667, 668, 669, 670, 671, 672, 673, 674, 675, 676, 677, 678, 679, 680, 681, 682, 683, 684, 685, 686, 687, 688, 689, 690, 691, 692, 693, 694, 695, 696, 697, 698, 699, 700, 701, 702, 703, 704, 705, 706, 707, 708, 709, 710, 711, 712, 713, 714, 715, 716, 717, 718, 719, 720, 721, 722, 723, 724, 725, 726, 727, 728, 729, 730, 731, 732, 733, 734, 735, 736, 737, 738, 739, 740, 741, 742, 743, 744, 745, 746, 747, 748, 749, 750, 751, 752, 753, 754, 755, 756, 757, 758, 759, 760, 761, 762, 763, 764, 765, 766, 767, 768, 769, 770, 771, 772, 773, 774, 775, 776, 777, 778, 779, 780, 781, 782, 783, 784, 785, 786, 787, 788, 789, 790, 791, 792, 793]","[192, 296, 309, 663, 755, 767]","[192, 296, 309, 663, 755, 767]","[105, 114, 138, 141, 152, 153, 154, 155, 157, 159, 164, 165, 176, 182, 191, 192, 194, 195, 196, 200, 204, 208, 209, 210, 211, 215, 226, 228, 241, 242, 243, 245, 248, 249, 250, 257, 261, 270, 271, 282, 287, 289, 291, 294, 296, 298, 306, 308, 309, 311, 314, 327, 333, 335, 337, 576, 585, 609, 612, 623, 624, 626, 627, 629, 631, 636, 637, 647, 653, 662, 663, 665, 666, 667, 671, 674, 678, 679, 680, 681, 690, 692, 705, 706, 707, 709, 711, 712, 713, 719, 721, 729, 730, 741, 746, 748, 750, 753, 755, 757, 764, 766, 767, 769, 772, 785, 791]","[183, 192, 398, 399, 400, 654, 663, 848, 849]","[398, 399, 400, 848, 849]",6/6 successful match,True,"[262, 263]",True,756,True,2008,0.0,True,,
G Buttonwillow ( 93206 ) Jeffries Oasis I-5 ( Valero ),4 661-764-6226 I-5 Exit 257 ( CA 58 W ),24 S,Buttonwillow,93206,Jeffries Oasis I-5 ( Valero ),661-764-6226,2014,Buttonwillow,CA,Valero,( CA 58 W ),I-5 Exit 257 ,Exit,257,False,,False,I-5,,,,,"[192, 663]","[192, 296, 309, 663, 755, 767]","[192, 296, 309, 663, 755, 767]","[192, 296, 309, 663, 755, 767]","[103, 104, 105, 106, 107, 108, 109, 110, 111, 112, 113, 114, 115, 116, 117, 118, 119, 120, 121, 122, 123, 124, 125, 126, 127, 128, 129, 130, 131, 132, 133, 134, 135, 136, 137, 138, 139, 140, 141, 142, 143, 144, 145, 146, 147, 148, 149, 150, 151, 152, 153, 154, 155, 156, 157, 158, 159, 160, 161, 162, 163, 164, 165, 166, 167, 168, 169, 170, 171, 172, 173, 174, 175, 176, 177, 178, 179, 180, 181, 182, 183, 184, 185, 186, 187, 188, 189, 190, 191, 192, 193, 194, 195, 196, 197, 198, 199, 200, 201, 202, 203, 204, 205, 206, 207, 208, 209, 210, 211, 212, 213, 214, 215, 216, 217, 218, 219, 220, 221, 222, 223, 224, 225, 226, 227, 228, 229, 230, 231, 232, 233, 234, 235, 236, 237, 238, 239, 240, 241, 242, 243, 244, 245, 246, 247, 248, 249, 250, 251, 252, 253, 254, 255, 256, 257, 258, 259, 260, 261, 262, 263, 264, 265, 266, 267, 268, 269, 270, 271, 272, 273, 274, 275, 276, 277, 278, 279, 280, 281, 282, 283, 284, 285, 286, 287, 288, 289, 290, 291, 292, 293, 294, 295, 296, 297, 298, 299, 300, 301, 302, 303, 304, 305, 306, 307, 308, 309, 310, 311, 312, 313, 314, 315, 316, 317, 318, 319, 320, 321, 322, 323, 324, 325, 326, 327, 328, 329, 330, 331, 332, 333, 334, 335, 336, 337, 574, 575, 576, 577, 578, 579, 580, 581, 582, 583, 584, 585, 586, 587, 588, 589, 590, 591, 592, 593, 594, 595, 596, 597, 598, 599, 600, 601, 602, 603, 604, 605, 606, 607, 608, 609, 610, 611, 612, 613, 614, 615, 616, 617, 618, 619, 620, 621, 622, 623, 624, 625, 626, 627, 628, 629, 630, 631, 632, 633, 634, 635, 636, 637, 638, 639, 640, 641, 642, 643, 644, 645, 646, 647, 648, 649, 650, 651, 652, 653, 654, 655, 656, 657, 658, 659, 660, 661, 662, 663, 664, 665, 666, 667, 668, 669, 670, 671, 672, 673, 674, 675, 676, 677, 678, 679, 680, 681, 682, 683, 684, 685, 686, 687, 688, 689, 690, 691, 692, 693, 694, 695, 696, 697, 698, 699, 700, 701, 702, 703, 704, 705, 706, 707, 708, 709, 710, 711, 712, 713, 714, 715, 716, 717, 718, 719, 720, 721, 722, 723, 724, 725, 726, 727, 728, 729, 730, 731, 732, 733, 734, 735, 736, 737, 738, 739, 740, 741, 742, 743, 744, 745, 746, 747, 748, 749, 750, 751, 752, 753, 754, 755, 756, 757, 758, 759, 760, 761, 762, 763, 764, 765, 766, 767, 768, 769, 770, 771, 772, 773, 774, 775, 776, 777, 778, 779, 780, 781, 782, 783, 784, 785, 786, 787, 788, 789, 790, 791, 792, 793]","[105, 114, 138, 141, 152, 153, 154, 155, 157, 159, 164, 165, 176, 182, 191, 192, 194, 195, 196, 200, 204, 208, 209, 210, 211, 215, 226, 228, 241, 242, 243, 245, 248, 249, 250, 257, 261, 270, 271, 282, 287, 289, 291, 294, 296, 298, 306, 308, 309, 311, 314, 327, 333, 335, 337, 576, 585, 609, 612, 623, 624, 626, 627, 629, 631, 636, 637, 647, 653, 662, 663, 665, 666, 667, 671, 674, 678, 679, 680, 681, 690, 692, 705, 706, 707, 709, 711, 712, 713, 719, 721, 729, 730, 741, 746, 748, 750, 753, 755, 757, 764, 766, 767, 769, 772, 785, 791]","[2, 9, 10, 82, 111, 112, 113, 199, 279, 284, 285, 300, 488, 494, 495, 553, 581, 582, 583, 670, 738, 743, 744, 759, 818]","[2, 9, 10, 82, 111, 112, 113, 183, 192, 199, 279, 284, 285, 300, 488, 494, 495, 553, 581, 582, 583, 654, 663, 670, 738, 743, 744, 759, 818]","[2, 9, 10, 82, 103, 104, 105, 106, 107, 108, 109, 110, 111, 112, 113, 114, 115, 116, 117, 118, 119, 120, 121, 122, 123, 124, 125, 126, 127, 128, 129, 130, 131, 132, 133, 134, 135, 136, 137, 138, 139, 140, 141, 142, 143, 144, 145, 146, 147, 148, 149, 150, 151, 152, 153, 154, 155, 156, 157, 158, 159, 160, 161, 162, 163, 164, 165, 166, 167, 168, 169, 170, 171, 172, 173, 174, 175, 176, 177, 178, 179, 180, 181, 182, 183, 184, 185, 186, 187, 188, 189, 190, 191, 192, 193, 194, 195, 196, 197, 198, 199, 200, 201, 202, 203, 204, 205, 206, 207, 208, 209, 210, 211, 212, 213, 214, 215, 216, 217, 218, 219, 220, 221, 222, 223, 224, 225, 226, 227, 228, 229, 230, 231, 232, 233, 234, 235, 236, 237, 238, 239, 240, 241, 242, 243, 244, 245, 246, 247, 248, 249, 250, 251, 252, 253, 254, 255, 256, 257, 258, 259, 260, 261, 262, 263, 264, 265, 266, 267, 268, 269, 270, 271, 272, 273, 274, 275, 276, 277, 278, 279, 280, 281, 282, 283, 284, 285, 286, 287, 288, 289, 290, 291, 292, 293, 294, 295, 296, 297, 298, 299, 300, 301, 302, 303, 304, 305, 306, 307, 308, 309, 310, 311, 312, 313, 314, 315, 316, 317, 318, 319, 320, 321, 322, 323, 324, 325, 326, 327, 328, 329, 330, 331, 332, 333, 334, 335, 336, 337, 488, 494, 495, 553, 574, 575, 576, 577, 578, 579, 580, 581, 582, 583, 584, 585, 586, 587, 588, 589, 590, 591, 592, 593, 594, 595, 596, 597, 598, 599, 600, 601, 602, 603, 604, 605, 606, 607, 608, 609, 610, 611, 612, 613, 614, 615, 616, 617, 618, 619, 620, 621, 622, 623, 624, 625, 626, 627, 628, 629, 630, 631, 632, 633, 634, 635, 636, 637, 638, 639, 640, 641, 642, 643, 644, 645, 646, 647, 648, 649, 650, 651, 652, 653, 654, 655, 656, 657, 658, 659, 660, 661, 662, 663, 664, 665, 666, 667, 668, 669, 670, 671, 672, 673, 674, 675, 676, 677, 678, 679, 680, 681, 682, 683, 684, 685, 686, 687, 688, 689, 690, 691, 692, 693, 694, 695, 696, 697, 698, 699, 700, 701, 702, 703, 704, 705, 706, 707, 708, 709, 710, 711, 712, 713, 714, 715, 716, 717, 718, 719, 720, 721, 722, 723, 724, 725, 726, 727, 728, 729, 730, 731, 732, 733, 734, 735, 736, 737, 738, 739, 740, 741, 742, 743, 744, 745, 746, 747, 748, 749, 750, 751, 752, 753, 754, 755, 756, 757, 758, 759, 760, 761, 762, 763, 764, 765, 766, 767, 768, 769, 770, 771, 772, 773, 774, 775, 776, 777, 778, 779, 780, 781, 782, 783, 784, 785, 786, 787, 788, 789, 790, 791, 792, 793, 818]",True,"[192, 296, 309, 663, 755, 767]","[103, 104, 105, 106, 107, 108, 109, 110, 111, 112, 113, 114, 115, 116, 117, 118, 119, 120, 121, 122, 123, 124, 125, 126, 127, 128, 129, 130, 131, 132, 133, 134, 135, 136, 137, 138, 139, 140, 141, 142, 143, 144, 145, 146, 147, 148, 149, 150, 151, 152, 153, 154, 155, 156, 157, 158, 159, 160, 161, 162, 163, 164, 165, 166, 167, 168, 169, 170, 171, 172, 173, 174, 175, 176, 177, 178, 179, 180, 181, 182, 183, 184, 185, 186, 187, 188, 189, 190, 191, 192, 193, 194, 195, 196, 197, 198, 199, 200, 201, 202, 203, 204, 205, 206, 207, 208, 209, 210, 211, 212, 213, 214, 215, 216, 217, 218, 219, 220, 221, 222, 223, 224, 225, 226, 227, 228, 229, 230, 231, 232, 233, 234, 235, 236, 237, 238, 239, 240, 241, 242, 243, 244, 245, 246, 247, 248, 249, 250, 251, 252, 253, 254, 255, 256, 257, 258, 259, 260, 261, 262, 263, 264, 265, 266, 267, 268, 269, 270, 271, 272, 273, 274, 275, 276, 277, 278, 279, 280, 281, 282, 283, 284, 285, 286, 287, 288, 289, 290, 291, 292, 293, 294, 295, 296, 297, 298, 299, 300, 301, 302, 303, 304, 305, 306, 307, 308, 309, 310, 311, 312, 313, 314, 315, 316, 317, 318, 319, 320, 321, 322, 323, 324, 325, 326, 327, 328, 329, 330, 331, 332, 333, 334, 335, 336, 337, 574, 575, 576, 577, 578, 579, 580, 581, 582, 583, 584, 585, 586, 587, 588, 589, 590, 591, 592, 593, 594, 595, 596, 597, 598, 599, 600, 601, 602, 603, 604, 605, 606, 607, 608, 609, 610, 611, 612, 613, 614, 615, 616, 617, 618, 619, 620, 621, 622, 623, 624, 625, 626, 627, 628, 629, 630, 631, 632, 633, 634, 635, 636, 637, 638, 639, 640, 641, 642, 643, 644, 645, 646, 647, 648, 649, 650, 651, 652, 653, 654, 655, 656, 657, 658, 659, 660, 661, 662, 663, 664, 665, 666, 667, 668, 669, 670, 671, 672, 673, 674, 675, 676, 677, 678, 679, 680, 681, 682, 683, 684, 685, 686, 687, 688, 689, 690, 691, 692, 693, 694, 695, 696, 697, 698, 699, 700, 701, 702, 703, 704, 705, 706, 707, 708, 709, 710, 711, 712, 713, 714, 715, 716, 717, 718, 719, 720, 721, 722, 723, 724, 725, 726, 727, 728, 729, 730, 731, 732, 733, 734, 735, 736, 737, 738, 739, 740, 741, 742, 743, 744, 745, 746, 747, 748, 749, 750, 751, 752, 753, 754, 755, 756, 757, 758, 759, 760, 761, 762, 763, 764, 765, 766, 767, 768, 769, 770, 771, 772, 773, 774, 775, 776, 777, 778, 779, 780, 781, 782, 783, 784, 785, 786, 787, 788, 789, 790, 791, 792, 793]","[192, 296, 309, 663, 755, 767]","[192, 296, 309, 663, 755, 767]","[105, 114, 138, 141, 152, 153, 154, 155, 157, 159, 164, 165, 176, 182, 191, 192, 194, 195, 196, 200, 204, 208, 209, 210, 211, 215, 226, 228, 241, 242, 243, 245, 248, 249, 250, 257, 261, 270, 271, 282, 287, 289, 291, 294, 296, 298, 306, 308, 309, 311, 314, 327, 333, 335, 337, 576, 585, 609, 612, 623, 624, 626, 627, 629, 631, 636, 637, 647, 653, 662, 663, 665, 666, 667, 671, 674, 678, 679, 680, 681, 690, 692, 705, 706, 707, 709, 711, 712, 713, 719, 721, 729, 730, 741, 746, 748, 750, 753, 755, 757, 764, 766, 767, 769, 772, 785, 791]","[2, 9, 10, 82, 111, 112, 113, 183, 192, 199, 279, 284, 285, 300, 488, 494, 495, 553, 581, 582, 583, 654, 663, 670, 738, 743, 744, 759, 818]","[2, 9, 10, 82, 111, 112, 113, 199, 279, 284, 285, 300, 488, 494, 495, 553, 581, 582, 583, 670, 738, 743, 744, 759, 818]",6/6 successful match,True,"[262, 263]",True,756,False,,1.0,False,Jeffries Oasis I-5 ( Exxon ),Exxon
Buttonwillow ( 93206 ) Jeffries Oasis I-5 58 ( Valero E ) ),4 661-764-6226 I-5 Exit 257 ( CA,24 S,Buttonwillow,93206,Jeffries Oasis I-5 58 ( Valero E ) ),661-764-6226,2015,Buttonwillow,CA,Valero,( CA,I-5 Exit 257 ,Exit,257,False,,False,I-5,,,,,"[192, 663]","[192, 296, 309, 663, 755, 767]","[192, 296, 309, 663, 755, 767]","[192, 296, 309, 663, 755, 767]","[103, 104, 105, 106, 107, 108, 109, 110, 111, 112, 113, 114, 115, 116, 117, 118, 119, 120, 121, 122, 123, 124, 125, 126, 127, 128, 129, 130, 131, 132, 133, 134, 135, 136, 137, 138, 139, 140, 141, 142, 143, 144, 145, 146, 147, 148, 149, 150, 151, 152, 153, 154, 155, 156, 157, 158, 159, 160, 161, 162, 163, 164, 165, 166, 167, 168, 169, 170, 171, 172, 173, 174, 175, 176, 177, 178, 179, 180, 181, 182, 183, 184, 185, 186, 187, 188, 189, 190, 191, 192, 193, 194, 195, 196, 197, 198, 199, 200, 201, 202, 203, 204, 205, 206, 207, 208, 209, 210, 211, 212, 213, 214, 215, 216, 217, 218, 219, 220, 221, 222, 223, 224, 225, 226, 227, 228, 229, 230, 231, 232, 233, 234, 235, 236, 237, 238, 239, 240, 241, 242, 243, 244, 245, 246, 247, 248, 249, 250, 251, 252, 253, 254, 255, 256, 257, 258, 259, 260, 261, 262, 263, 264, 265, 266, 267, 268, 269, 270, 271, 272, 273, 274, 275, 276, 277, 278, 279, 280, 281, 282, 283, 284, 285, 286, 287, 288, 289, 290, 291, 292, 293, 294, 295, 296, 297, 298, 299, 300, 301, 302, 303, 304, 305, 306, 307, 308, 309, 310, 311, 312, 313, 314, 315, 316, 317, 318, 319, 320, 321, 322, 323, 324, 325, 326, 327, 328, 329, 330, 331, 332, 333, 334, 335, 336, 337, 574, 575, 576, 577, 578, 579, 580, 581, 582, 583, 584, 585, 586, 587, 588, 589, 590, 591, 592, 593, 594, 595, 596, 597, 598, 599, 600, 601, 602, 603, 604, 605, 606, 607, 608, 609, 610, 611, 612, 613, 614, 615, 616, 617, 618, 619, 620, 621, 622, 623, 624, 625, 626, 627, 628, 629, 630, 631, 632, 633, 634, 635, 636, 637, 638, 639, 640, 641, 642, 643, 644, 645, 646, 647, 648, 649, 650, 651, 652, 653, 654, 655, 656, 657, 658, 659, 660, 661, 662, 663, 664, 665, 666, 667, 668, 669, 670, 671, 672, 673, 674, 675, 676, 677, 678, 679, 680, 681, 682, 683, 684, 685, 686, 687, 688, 689, 690, 691, 692, 693, 694, 695, 696, 697, 698, 699, 700, 701, 702, 703, 704, 705, 706, 707, 708, 709, 710, 711, 712, 713, 714, 715, 716, 717, 718, 719, 720, 721, 722, 723, 724, 725, 726, 727, 728, 729, 730, 731, 732, 733, 734, 735, 736, 737, 738, 739, 740, 741, 742, 743, 744, 745, 746, 747, 748, 749, 750, 751, 752, 753, 754, 755, 756, 757, 758, 759, 760, 761, 762, 763, 764, 765, 766, 767, 768, 769, 770, 771, 772, 773, 774, 775, 776, 777, 778, 779, 780, 781, 782, 783, 784, 785, 786, 787, 788, 789, 790, 791, 792, 793]","[105, 114, 138, 141, 152, 153, 154, 155, 157, 159, 164, 165, 176, 182, 191, 192, 194, 195, 196, 200, 204, 208, 209, 210, 211, 215, 226, 228, 241, 242, 243, 245, 248, 249, 250, 257, 261, 270, 271, 282, 287, 289, 291, 294, 296, 298, 306, 308, 309, 311, 314, 327, 333, 335, 337, 576, 585, 609, 612, 623, 624, 626, 627, 629, 631, 636, 637, 647, 653, 662, 663, 665, 666, 667, 671, 674, 678, 679, 680, 681, 690, 692, 705, 706, 707, 709, 711, 712, 713, 719, 721, 729, 730, 741, 746, 748, 750, 753, 755, 757, 764, 766, 767, 769, 772, 785, 791]","[2, 9, 10, 82, 111, 112, 113, 199, 279, 284, 285, 300, 488, 494, 495, 553, 581, 582, 583, 670, 738, 743, 744, 759, 818]","[2, 9, 10, 82, 111, 112, 113, 183, 192, 199, 279, 284, 285, 300, 488, 494, 495, 553, 581, 582, 583, 654, 663, 670, 738, 743, 744, 759, 818]","[2, 9, 10, 82, 103, 104, 105, 106, 107, 108, 109, 110, 111, 112, 113, 114, 115, 116, 117, 118, 119, 120, 121, 122, 123, 124, 125, 126, 127, 128, 129, 130, 131, 132, 133, 134, 135, 136, 137, 138, 139, 140, 141, 142, 143, 144, 145, 146, 147, 148, 149, 150, 151, 152, 153, 154, 155, 156, 157, 158, 159, 160, 161, 162, 163, 164, 165, 166, 167, 168, 169, 170, 171, 172, 173, 174, 175, 176, 177, 178, 179, 180, 181, 182, 183, 184, 185, 186, 187, 188, 189, 190, 191, 192, 193, 194, 195, 196, 197, 198, 199, 200, 201, 202, 203, 204, 205, 206, 207, 208, 209, 210, 211, 212, 213, 214, 215, 216, 217, 218, 219, 220, 221, 222, 223, 224, 225, 226, 227, 228, 229, 230, 231, 232, 233, 234, 235, 236, 237, 238, 239, 240, 241, 242, 243, 244, 245, 246, 247, 248, 249, 250, 251, 252, 253, 254, 255, 256, 257, 258, 259, 260, 261, 262, 263, 264, 265, 266, 267, 268, 269, 270, 271, 272, 273, 274, 275, 276, 277, 278, 279, 280, 281, 282, 283, 284, 285, 286, 287, 288, 289, 290, 291, 292, 293, 294, 295, 296, 297, 298, 299, 300, 301, 302, 303, 304, 305, 306, 307, 308, 309, 310, 311, 312, 313, 314, 315, 316, 317, 318, 319, 320, 321, 322, 323, 324, 325, 326, 327, 328, 329, 330, 331, 332, 333, 334, 335, 336, 337, 488, 494, 495, 553, 574, 575, 576, 577, 578, 579, 580, 581, 582, 583, 584, 585, 586, 587, 588, 589, 590, 591, 592, 593, 594, 595, 596, 597, 598, 599, 600, 601, 602, 603, 604, 605, 606, 607, 608, 609, 610, 611, 612, 613, 614, 615, 616, 617, 618, 619, 620, 621, 622, 623, 624, 625, 626, 627, 628, 629, 630, 631, 632, 633, 634, 635, 636, 637, 638, 639, 640, 641, 642, 643, 644, 645, 646, 647, 648, 649, 650, 651, 652, 653, 654, 655, 656, 657, 658, 659, 660, 661, 662, 663, 664, 665, 666, 667, 668, 669, 670, 671, 672, 673, 674, 675, 676, 677, 678, 679, 680, 681, 682, 683, 684, 685, 686, 687, 688, 689, 690, 691, 692, 693, 694, 695, 696, 697, 698, 699, 700, 701, 702, 703, 704, 705, 706, 707, 708, 709, 710, 711, 712, 713, 714, 715, 716, 717, 718, 719, 720, 721, 722, 723, 724, 725, 726, 727, 728, 729, 730, 731, 732, 733, 734, 735, 736, 737, 738, 739, 740, 741, 742, 743, 744, 745, 746, 747, 748, 749, 750, 751, 752, 753, 754, 755, 756, 757, 758, 759, 760, 761, 762, 763, 764, 765, 766, 767, 768, 769, 770, 771, 772, 773, 774, 775, 776, 777, 778, 779, 780, 781, 782, 783, 784, 785, 786, 787, 788, 789, 790, 791, 792, 793, 818]",True,"[192, 296, 309, 663, 755, 767]","[103, 104, 105, 106, 107, 108, 109, 110, 111, 112, 113, 114, 115, 116, 117, 118, 119, 120, 121, 122, 123, 124, 125, 126, 127, 128, 129, 130, 131, 132, 133, 134, 135, 136, 137, 138, 139, 140, 141, 142, 143, 144, 145, 146, 147, 148, 149, 150, 151, 152, 153, 154, 155, 156, 157, 158, 159, 160, 161, 162, 163, 164, 165, 166, 167, 168, 169, 170, 171, 172, 173, 174, 175, 176, 177, 178, 179, 180, 181, 182, 183, 184, 185, 186, 187, 188, 189, 190, 191, 192, 193, 194, 195, 196, 197, 198, 199, 200, 201, 202, 203, 204, 205, 206, 207, 208, 209, 210, 211, 212, 213, 214, 215, 216, 217, 218, 219, 220, 221, 222, 223, 224, 225, 226, 227, 228, 229, 230, 231, 232, 233, 234, 235, 236, 237, 238, 239, 240, 241, 242, 243, 244, 245, 246, 247, 248, 249, 250, 251, 252, 253, 254, 255, 256, 257, 258, 259, 260, 261, 262, 263, 264, 265, 266, 267, 268, 269, 270, 271, 272, 273, 274, 275, 276, 277, 278, 279, 280, 281, 282, 283, 284, 285, 286, 287, 288, 289, 290, 291, 292, 293, 294, 295, 296, 297, 298, 299, 300, 301, 302, 303, 304, 305, 306, 307, 308, 309, 310, 311, 312, 313, 314, 315, 316, 317, 318, 319, 320, 321, 322, 323, 324, 325, 326, 327, 328, 329, 330, 331, 332, 333, 334, 335, 336, 337, 574, 575, 576, 577, 578, 579, 580, 581, 582, 583, 584, 585, 586, 587, 588, 589, 590, 591, 592, 593, 594, 595, 596, 597, 598, 599, 600, 601, 602, 603, 604, 605, 606, 607, 608, 609, 610, 611, 612, 613, 614, 615, 616, 617, 618, 619, 620, 621, 622, 623, 624, 625, 626, 627, 628, 629, 630, 631, 632, 633, 634, 635, 636, 637, 638, 639, 640, 641, 642, 643, 644, 645, 646, 647, 648, 649, 650, 651, 652, 653, 654, 655, 656, 657, 658, 659, 660, 661, 662, 663, 664, 665, 666, 667, 668, 669, 670, 671, 672, 673, 674, 675, 676, 677, 678, 679, 680, 681, 682, 683, 684, 685, 686, 687, 688, 689, 690, 691, 692, 693, 694, 695, 696, 697, 698, 699, 700, 701, 702, 703, 704, 705, 706, 707, 708, 709, 710, 711, 712, 713, 714, 715, 716, 717, 718, 719, 720, 721, 722, 723, 724, 725, 726, 727, 728, 729, 730, 731, 732, 733, 734, 735, 736, 737, 738, 739, 740, 741, 742, 743, 744, 745, 746, 747, 748, 749, 750, 751, 752, 753, 754, 755, 756, 757, 758, 759, 760, 761, 762, 763, 764, 765, 766, 767, 768, 769, 770, 771, 772, 773, 774, 775, 776, 777, 778, 779, 780, 781, 782, 783, 784, 785, 786, 787, 788, 789, 790, 791, 792, 793]","[192, 296, 309, 663, 755, 767]","[192, 296, 309, 663, 755, 767]","[105, 114, 138, 141, 152, 153, 154, 155, 157, 159, 164, 165, 176, 182, 191, 192, 194, 195, 196, 200, 204, 208, 209, 210, 211, 215, 226, 228, 241, 242, 243, 245, 248, 249, 250, 257, 261, 270, 271, 282, 287, 289, 291, 294, 296, 298, 306, 308, 309, 311, 314, 327, 333, 335, 337, 576, 585, 609, 612, 623, 624, 626, 627, 629, 631, 636, 637, 647, 653, 662, 663, 665, 666, 667, 671, 674, 678, 679, 680, 681, 690, 692, 705, 706, 707, 709, 711, 712, 713, 719, 721, 729, 730, 741, 746, 748, 750, 753, 755, 757, 764, 766, 767, 769, 772, 785, 791]","[2, 9, 10, 82, 111, 112, 113, 183, 192, 199, 279, 284, 285, 300, 488, 494, 495, 553, 581, 582, 583, 654, 663, 670, 738, 743, 744, 759, 818]","[2, 9, 10, 82, 111, 112, 113, 199, 279, 284, 285, 300, 488, 494, 495, 553, 581, 582, 583, 670, 738, 743, 744, 759, 818]",6/6 successful match,True,"[262, 263]",True,756,False,,1.0,True,Jeffries Oasis I-5 ( Valero ),Valero
Buttonwillow ( 93206 ) Jeffries Oasis I-5 ( Valero ),4 661-764-6226 I-5 Exit 257 ( CA 58 W ),24 S 24,Buttonwillow,93206,Jeffries Oasis I-5 ( Valero ),661-764-6226,2016,Buttonwillow,CA,Valero,( CA 58 W ),I-5 Exit 257 ,Exit,257,False,,False,I-5,,,,,"[192, 663]","[192, 296, 309, 663, 755, 767]","[192, 296, 309, 663, 755, 767]","[192, 296, 309, 663, 755, 767]","[103, 104, 105, 106, 107, 108, 109, 110, 111, 112, 113, 114, 115, 116, 117, 118, 119, 120, 121, 122, 123, 124, 125, 126, 127, 128, 129, 130, 131, 132, 133, 134, 135, 136, 137, 138, 139, 140, 141, 142, 143, 144, 145, 146, 147, 148, 149, 150, 151, 152, 153, 154, 155, 156, 157, 158, 159, 160, 161, 162, 163, 164, 165, 166, 167, 168, 169, 170, 171, 172, 173, 174, 175, 176, 177, 178, 179, 180, 181, 182, 183, 184, 185, 186, 187, 188, 189, 190, 191, 192, 193, 194, 195, 196, 197, 198, 199, 200, 201, 202, 203, 204, 205, 206, 207, 208, 209, 210, 211, 212, 213, 214, 215, 216, 217, 218, 219, 220, 221, 222, 223, 224, 225, 226, 227, 228, 229, 230, 231, 232, 233, 234, 235, 236, 237, 238, 239, 240, 241, 242, 243, 244, 245, 246, 247, 248, 249, 250, 251, 252, 253, 254, 255, 256, 257, 258, 259, 260, 261, 262, 263, 264, 265, 266, 267, 268, 269, 270, 271, 272, 273, 274, 275, 276, 277, 278, 279, 280, 281, 282, 283, 284, 285, 286, 287, 288, 289, 290, 291, 292, 293, 294, 295, 296, 297, 298, 299, 300, 301, 302, 303, 304, 305, 306, 307, 308, 309, 310, 311, 312, 313, 314, 315, 316, 317, 318, 319, 320, 321, 322, 323, 324, 325, 326, 327, 328, 329, 330, 331, 332, 333, 334, 335, 336, 337, 574, 575, 576, 577, 578, 579, 580, 581, 582, 583, 584, 585, 586, 587, 588, 589, 590, 591, 592, 593, 594, 595, 596, 597, 598, 599, 600, 601, 602, 603, 604, 605, 606, 607, 608, 609, 610, 611, 612, 613, 614, 615, 616, 617, 618, 619, 620, 621, 622, 623, 624, 625, 626, 627, 628, 629, 630, 631, 632, 633, 634, 635, 636, 637, 638, 639, 640, 641, 642, 643, 644, 645, 646, 647, 648, 649, 650, 651, 652, 653, 654, 655, 656, 657, 658, 659, 660, 661, 662, 663, 664, 665, 666, 667, 668, 669, 670, 671, 672, 673, 674, 675, 676, 677, 678, 679, 680, 681, 682, 683, 684, 685, 686, 687, 688, 689, 690, 691, 692, 693, 694, 695, 696, 697, 698, 699, 700, 701, 702, 703, 704, 705, 706, 707, 708, 709, 710, 711, 712, 713, 714, 715, 716, 717, 718, 719, 720, 721, 722, 723, 724, 725, 726, 727, 728, 729, 730, 731, 732, 733, 734, 735, 736, 737, 738, 739, 740, 741, 742, 743, 744, 745, 746, 747, 748, 749, 750, 751, 752, 753, 754, 755, 756, 757, 758, 759, 760, 761, 762, 763, 764, 765, 766, 767, 768, 769, 770, 771, 772, 773, 774, 775, 776, 777, 778, 779, 780, 781, 782, 783, 784, 785, 786, 787, 788, 789, 790, 791, 792, 793]","[105, 114, 138, 141, 152, 153, 154, 155, 157, 159, 164, 165, 176, 182, 191, 192, 194, 195, 196, 200, 204, 208, 209, 210, 211, 215, 226, 228, 241, 242, 243, 245, 248, 249, 250, 257, 261, 270, 271, 282, 287, 289, 291, 294, 296, 298, 306, 308, 309, 311, 314, 327, 333, 335, 337, 576, 585, 609, 612, 623, 624, 626, 627, 629, 631, 636, 637, 647, 653, 662, 663, 665, 666, 667, 671, 674, 678, 679, 680, 681, 690, 692, 705, 706, 707, 709, 711, 712, 713, 719, 721, 729, 730, 741, 746, 748, 750, 753, 755, 757, 764, 766, 767, 769, 772, 785, 791]","[2, 9, 10, 82, 111, 112, 113, 199, 279, 284, 285, 300, 488, 494, 495, 553, 581, 582, 583, 670, 738, 743, 744, 759, 818]","[2, 9, 10, 82, 111, 112, 113, 183, 192, 199, 279, 284, 285, 300, 488, 494, 495, 553, 581, 582, 583, 654, 663, 670, 738, 743, 744, 759, 818]","[2, 9, 10, 82, 103, 104, 105, 106, 107, 108, 109, 110, 111, 112, 113, 114, 115, 116, 117, 118, 119, 120, 121, 122, 123, 124, 125, 126, 127, 128, 129, 130, 131, 132, 133, 134, 135, 136, 137, 138, 139, 140, 141, 142, 143, 144, 145, 146, 147, 148, 149, 150, 151, 152, 153, 154, 155, 156, 157, 158, 159, 160, 161, 162, 163, 164, 165, 166, 167, 168, 169, 170, 171, 172, 173, 174, 175, 176, 177, 178, 179, 180, 181, 182, 183, 184, 185, 186, 187, 188, 189, 190, 191, 192, 193, 194, 195, 196, 197, 198, 199, 200, 201, 202, 203, 204, 205, 206, 207, 208, 209, 210, 211, 212, 213, 214, 215, 216, 217, 218, 219, 220, 221, 222, 223, 224, 225, 226, 227, 228, 229, 230, 231, 232, 233, 234, 235, 236, 237, 238, 239, 240, 241, 242, 243, 244, 245, 246, 247, 248, 249, 250, 251, 252, 253, 254, 255, 256, 257, 258, 259, 260, 261, 262, 263, 264, 265, 266, 267, 268, 269, 270, 271, 272, 273, 274, 275, 276, 277, 278, 279, 280, 281, 282, 283, 284, 285, 286, 287, 288, 289, 290, 291, 292, 293, 294, 295, 296, 297, 298, 299, 300, 301, 302, 303, 304, 305, 306, 307, 308, 309, 310, 311, 312, 313, 314, 315, 316, 317, 318, 319, 320, 321, 322, 323, 324, 325, 326, 327, 328, 329, 330, 331, 332, 333, 334, 335, 336, 337, 488, 494, 495, 553, 574, 575, 576, 577, 578, 579, 580, 581, 582, 583, 584, 585, 586, 587, 588, 589, 590, 591, 592, 593, 594, 595, 596, 597, 598, 599, 600, 601, 602, 603, 604, 605, 606, 607, 608, 609, 610, 611, 612, 613, 614, 615, 616, 617, 618, 619, 620, 621, 622, 623, 624, 625, 626, 627, 628, 629, 630, 631, 632, 633, 634, 635, 636, 637, 638, 639, 640, 641, 642, 643, 644, 645, 646, 647, 648, 649, 650, 651, 652, 653, 654, 655, 656, 657, 658, 659, 660, 661, 662, 663, 664, 665, 666, 667, 668, 669, 670, 671, 672, 673, 674, 675, 676, 677, 678, 679, 680, 681, 682, 683, 684, 685, 686, 687, 688, 689, 690, 691, 692, 693, 694, 695, 696, 697, 698, 699, 700, 701, 702, 703, 704, 705, 706, 707, 708, 709, 710, 711, 712, 713, 714, 715, 716, 717, 718, 719, 720, 721, 722, 723, 724, 725, 726, 727, 728, 729, 730, 731, 732, 733, 734, 735, 736, 737, 738, 739, 740, 741, 742, 743, 744, 745, 746, 747, 748, 749, 750, 751, 752, 753, 754, 755, 756, 757, 758, 759, 760, 761, 762, 763, 764, 765, 766, 767, 768, 769, 770, 771, 772, 773, 774, 775, 776, 777, 778, 779, 780, 781, 782, 783, 784, 785, 786, 787, 788, 789, 790, 791, 792, 793, 818]",True,"[192, 296, 309, 663, 755, 767]","[103, 104, 105, 106, 107, 108, 109, 110, 111, 112, 113, 114, 115, 116, 117, 118, 119, 120, 121, 122, 123, 124, 125, 126, 127, 128, 129, 130, 131, 132, 133, 134, 135, 136, 137, 138, 139, 140, 141, 142, 143, 144, 145, 146, 147, 148, 149, 150, 151, 152, 153, 154, 155, 156, 157, 158, 159, 160, 161, 162, 163, 164, 165, 166, 167, 168, 169, 170, 171, 172, 173, 174, 175, 176, 177, 178, 179, 180, 181, 182, 183, 184, 185, 186, 187, 188, 189, 190, 191, 192, 193, 194, 195, 196, 197, 198, 199, 200, 201, 202, 203, 204, 205, 206, 207, 208, 209, 210, 211, 212, 213, 214, 215, 216, 217, 218, 219, 220, 221, 222, 223, 224, 225, 226, 227, 228, 229, 230, 231, 232, 233, 234, 235, 236, 237, 238, 239, 240, 241, 242, 243, 244, 245, 246, 247, 248, 249, 250, 251, 252, 253, 254, 255, 256, 257, 258, 259, 260, 261, 262, 263, 264, 265, 266, 267, 268, 269, 270, 271, 272, 273, 274, 275, 276, 277, 278, 279, 280, 281, 282, 283, 284, 285, 286, 287, 288, 289, 290, 291, 292, 293, 294, 295, 296, 297, 298, 299, 300, 301, 302, 303, 304, 305, 306, 307, 308, 309, 310, 311, 312, 313, 314, 315, 316, 317, 318, 319, 320, 321, 322, 323, 324, 325, 326, 327, 328, 329, 330, 331, 332, 333, 334, 335, 336, 337, 574, 575, 576, 577, 578, 579, 580, 581, 582, 583, 584, 585, 586, 587, 588, 589, 590, 591, 592, 593, 594, 595, 596, 597, 598, 599, 600, 601, 602, 603, 604, 605, 606, 607, 608, 609, 610, 611, 612, 613, 614, 615, 616, 617, 618, 619, 620, 621, 622, 623, 624, 625, 626, 627, 628, 629, 630, 631, 632, 633, 634, 635, 636, 637, 638, 639, 640, 641, 642, 643, 644, 645, 646, 647, 648, 649, 650, 651, 652, 653, 654, 655, 656, 657, 658, 659, 660, 661, 662, 663, 664, 665, 666, 667, 668, 669, 670, 671, 672, 673, 674, 675, 676, 677, 678, 679, 680, 681, 682, 683, 684, 685, 686, 687, 688, 689, 690, 691, 692, 693, 694, 695, 696, 697, 698, 699, 700, 701, 702, 703, 704, 705, 706, 707, 708, 709, 710, 711, 712, 713, 714, 715, 716, 717, 718, 719, 720, 721, 722, 723, 724, 725, 726, 727, 728, 729, 730, 731, 732, 733, 734, 735, 736, 737, 738, 739, 740, 741, 742, 743, 744, 745, 746, 747, 748, 749, 750, 751, 752, 753, 754, 755, 756, 757, 758, 759, 760, 761, 762, 763, 764, 765, 766, 767, 768, 769, 770, 771, 772, 773, 774, 775, 776, 777, 778, 779, 780, 781, 782, 783, 784, 785, 786, 787, 788, 789, 790, 791, 792, 793]","[192, 296, 309, 663, 755, 767]","[192, 296, 309, 663, 755, 767]","[105, 114, 138, 141, 152, 153, 154, 155, 157, 159, 164, 165, 176, 182, 191, 192, 194, 195, 196, 200, 204, 208, 209, 210, 211, 215, 226, 228, 241, 242, 243, 245, 248, 249, 250, 257, 261, 270, 271, 282, 287, 289, 291, 294, 296, 298, 306, 308, 309, 311, 314, 327, 333, 335, 337, 576, 585, 609, 612, 623, 624, 626, 627, 629, 631, 636, 637, 647, 653, 662, 663, 665, 666, 667, 671, 674, 678, 679, 680, 681, 690, 692, 705, 706, 707, 709, 711, 712, 713, 719, 721, 729, 730, 741, 746, 748, 750, 753, 755, 757, 764, 766, 767, 769, 772, 785, 791]","[2, 9, 10, 82, 111, 112, 113, 183, 192, 199, 279, 284, 285, 300, 488, 494, 495, 553, 581, 582, 583, 654, 663, 670, 738, 743, 744, 759, 818]","[2, 9, 10, 82, 111, 112, 113, 199, 279, 284, 285, 300, 488, 494, 495, 553, 581, 582, 583, 670, 738, 743, 744, 759, 818]",6/6 successful match,True,"[262, 263]",True,756,False,,1.0,True,Jeffries Oasis I-5 58 ( Valero E ) ),Valero
"Buttonwillow , 93206 Bruce's",661-764-9460 I-5 Exit 257 ( CA 58 E ),48,Buttonwillow,93206,Bruce's,661-764-9460,2007,Buttonwillow,CA,,( CA 58 E ),I-5 Exit 257 ,Exit,257,False,,False,I-5,,,,,"[296, 755]","[192, 296, 309, 663, 755, 767]","[192, 296, 309, 663, 755, 767]","[192, 296, 309, 663, 755, 767]","[103, 104, 105, 106, 107, 108, 109, 110, 111, 112, 113, 114, 115, 116, 117, 118, 119, 120, 121, 122, 123, 124, 125, 126, 127, 128, 129, 130, 131, 132, 133, 134, 135, 136, 137, 138, 139, 140, 141, 142, 143, 144, 145, 146, 147, 148, 149, 150, 151, 152, 153, 154, 155, 156, 157, 158, 159, 160, 161, 162, 163, 164, 165, 166, 167, 168, 169, 170, 171, 172, 173, 174, 175, 176, 177, 178, 179, 180, 181, 182, 183, 184, 185, 186, 187, 188, 189, 190, 191, 192, 193, 194, 195, 196, 197, 198, 199, 200, 201, 202, 203, 204, 205, 206, 207, 208, 209, 210, 211, 212, 213, 214, 215, 216, 217, 218, 219, 220, 221, 222, 223, 224, 225, 226, 227, 228, 229, 230, 231, 232, 233, 234, 235, 236, 237, 238, 239, 240, 241, 242, 243, 244, 245, 246, 247, 248, 249, 250, 251, 252, 253, 254, 255, 256, 257, 258, 259, 260, 261, 262, 263, 264, 265, 266, 267, 268, 269, 270, 271, 272, 273, 274, 275, 276, 277, 278, 279, 280, 281, 282, 283, 284, 285, 286, 287, 288, 289, 290, 291, 292, 293, 294, 295, 296, 297, 298, 299, 300, 301, 302, 303, 304, 305, 306, 307, 308, 309, 310, 311, 312, 313, 314, 315, 316, 317, 318, 319, 320, 321, 322, 323, 324, 325, 326, 327, 328, 329, 330, 331, 332, 333, 334, 335, 336, 337, 574, 575, 576, 577, 578, 579, 580, 581, 582, 583, 584, 585, 586, 587, 588, 589, 590, 591, 592, 593, 594, 595, 596, 597, 598, 599, 600, 601, 602, 603, 604, 605, 606, 607, 608, 609, 610, 611, 612, 613, 614, 615, 616, 617, 618, 619, 620, 621, 622, 623, 624, 625, 626, 627, 628, 629, 630, 631, 632, 633, 634, 635, 636, 637, 638, 639, 640, 641, 642, 643, 644, 645, 646, 647, 648, 649, 650, 651, 652, 653, 654, 655, 656, 657, 658, 659, 660, 661, 662, 663, 664, 665, 666, 667, 668, 669, 670, 671, 672, 673, 674, 675, 676, 677, 678, 679, 680, 681, 682, 683, 684, 685, 686, 687, 688, 689, 690, 691, 692, 693, 694, 695, 696, 697, 698, 699, 700, 701, 702, 703, 704, 705, 706, 707, 708, 709, 710, 711, 712, 713, 714, 715, 716, 717, 718, 719, 720, 721, 722, 723, 724, 725, 726, 727, 728, 729, 730, 731, 732, 733, 734, 735, 736, 737, 738, 739, 740, 741, 742, 743, 744, 745, 746, 747, 748, 749, 750, 751, 752, 753, 754, 755, 756, 757, 758, 759, 760, 761, 762, 763, 764, 765, 766, 767, 768, 769, 770, 771, 772, 773, 774, 775, 776, 777, 778, 779, 780, 781, 782, 783, 784, 785, 786, 787, 788, 789, 790, 791, 792, 793]","[105, 114, 138, 141, 152, 153, 154, 155, 157, 159, 164, 165, 176, 182, 191, 192, 194, 195, 196, 200, 204, 208, 209, 210, 211, 215, 226, 228, 241, 242, 243, 245, 248, 249, 250, 257, 261, 270, 271, 282, 287, 289, 291, 294, 296, 298, 306, 308, 309, 311, 314, 327, 333, 335, 337, 576, 585, 609, 612, 623, 624, 626, 627, 629, 631, 636, 637, 647, 653, 662, 663, 665, 666, 667, 671, 674, 678, 679, 680, 681, 690, 692, 705, 706, 707, 709, 711, 712, 713, 719, 721, 729, 730, 741, 746, 748, 750, 753, 755, 757, 764, 766, 767, 769, 772, 785, 791]",[],[],"[103, 104, 105, 106, 107, 108, 109, 110, 111, 112, 113, 114, 115, 116, 117, 118, 119, 120, 121, 122, 123, 124, 125, 126, 127, 128, 129, 130, 131, 132, 133, 134, 135, 136, 137, 138, 139, 140, 141, 142, 143, 144, 145, 146, 147, 148, 149, 150, 151, 152, 153, 154, 155, 156, 157, 158, 159, 160, 161, 162, 163, 164, 165, 166, 167, 168, 169, 170, 171, 172, 173, 174, 175, 176, 177, 178, 179, 180, 181, 182, 183, 184, 185, 186, 187, 188, 189, 190, 191, 192, 193, 194, 195, 196, 197, 198, 199, 200, 201, 202, 203, 204, 205, 206, 207, 208, 209, 210, 211, 212, 213, 214, 215, 216, 217, 218, 219, 220, 221, 222, 223, 224, 225, 226, 227, 228, 229, 230, 231, 232, 233, 234, 235, 236, 237, 238, 239, 240, 241, 242, 243, 244, 245, 246, 247, 248, 249, 250, 251, 252, 253, 254, 255, 256, 257, 258, 259, 260, 261, 262, 263, 264, 265, 266, 267, 268, 269, 270, 271, 272, 273, 274, 275, 276, 277, 278, 279, 280, 281, 282, 283, 284, 285, 286, 287, 288, 289, 290, 291, 292, 293, 294, 295, 296, 297, 298, 299, 300, 301, 302, 303, 304, 305, 306, 307, 308, 309, 310, 311, 312, 313, 314, 315, 316, 317, 318, 319, 320, 321, 322, 323, 324, 325, 326, 327, 328, 329, 330, 331, 332, 333, 334, 335, 336, 337, 574, 575, 576, 577, 578, 579, 580, 581, 582, 583, 584, 585, 586, 587, 588, 589, 590, 591, 592, 593, 594, 595, 596, 597, 598, 599, 600, 601, 602, 603, 604, 605, 606, 607, 608, 609, 610, 611, 612, 613, 614, 615, 616, 617, 618, 619, 620, 621, 622, 623, 624, 625, 626, 627, 628, 629, 630, 631, 632, 633, 634, 635, 636, 637, 638, 639, 640, 641, 642, 643, 644, 645, 646, 647, 648, 649, 650, 651, 652, 653, 654, 655, 656, 657, 658, 659, 660, 661, 662, 663, 664, 665, 666, 667, 668, 669, 670, 671, 672, 673, 674, 675, 676, 677, 678, 679, 680, 681, 682, 683, 684, 685, 686, 687, 688, 689, 690, 691, 692, 693, 694, 695, 696, 697, 698, 699, 700, 701, 702, 703, 704, 705, 706, 707, 708, 709, 710, 711, 712, 713, 714, 715, 716, 717, 718, 719, 720, 721, 722, 723, 724, 725, 726, 727, 728, 729, 730, 731, 732, 733, 734, 735, 736, 737, 738, 739, 740, 741, 742, 743, 744, 745, 746, 747, 748, 749, 750, 751, 752, 753, 754, 755, 756, 757, 758, 759, 760, 761, 762, 763, 764, 765, 766, 767, 768, 769, 770, 771, 772, 773, 774, 775, 776, 777, 778, 779, 780, 781, 782, 783, 784, 785, 786, 787, 788, 789, 790, 791, 792, 793]",True,"[192, 296, 309, 663, 755, 767]","[103, 104, 105, 106, 107, 108, 109, 110, 111, 112, 113, 114, 115, 116, 117, 118, 119, 120, 121, 122, 123, 124, 125, 126, 127, 128, 129, 130, 131, 132, 133, 134, 135, 136, 137, 138, 139, 140, 141, 142, 143, 144, 145, 146, 147, 148, 149, 150, 151, 152, 153, 154, 155, 156, 157, 158, 159, 160, 161, 162, 163, 164, 165, 166, 167, 168, 169, 170, 171, 172, 173, 174, 175, 176, 177, 178, 179, 180, 181, 182, 183, 184, 185, 186, 187, 188, 189, 190, 191, 192, 193, 194, 195, 196, 197, 198, 199, 200, 201, 202, 203, 204, 205, 206, 207, 208, 209, 210, 211, 212, 213, 214, 215, 216, 217, 218, 219, 220, 221, 222, 223, 224, 225, 226, 227, 228, 229, 230, 231, 232, 233, 234, 235, 236, 237, 238, 239, 240, 241, 242, 243, 244, 245, 246, 247, 248, 249, 250, 251, 252, 253, 254, 255, 256, 257, 258, 259, 260, 261, 262, 263, 264, 265, 266, 267, 268, 269, 270, 271, 272, 273, 274, 275, 276, 277, 278, 279, 280, 281, 282, 283, 284, 285, 286, 287, 288, 289, 290, 291, 292, 293, 294, 295, 296, 297, 298, 299, 300, 301, 302, 303, 304, 305, 306, 307, 308, 309, 310, 311, 312, 313, 314, 315, 316, 317, 318, 319, 320, 321, 322, 323, 324, 325, 326, 327, 328, 329, 330, 331, 332, 333, 334, 335, 336, 337, 574, 575, 576, 577, 578, 579, 580, 581, 582, 583, 584, 585, 586, 587, 588, 589, 590, 591, 592, 593, 594, 595, 596, 597, 598, 599, 600, 601, 602, 603, 604, 605, 606, 607, 608, 609, 610, 611, 612, 613, 614, 615, 616, 617, 618, 619, 620, 621, 622, 623, 624, 625, 626, 627, 628, 629, 630, 631, 632, 633, 634, 635, 636, 637, 638, 639, 640, 641, 642, 643, 644, 645, 646, 647, 648, 649, 650, 651, 652, 653, 654, 655, 656, 657, 658, 659, 660, 661, 662, 663, 664, 665, 666, 667, 668, 669, 670, 671, 672, 673, 674, 675, 676, 677, 678, 679, 680, 681, 682, 683, 684, 685, 686, 687, 688, 689, 690, 691, 692, 693, 694, 695, 696, 697, 698, 699, 700, 701, 702, 703, 704, 705, 706, 707, 708, 709, 710, 711, 712, 713, 714, 715, 716, 717, 718, 719, 720, 721, 722, 723, 724, 725, 726, 727, 728, 729, 730, 731, 732, 733, 734, 735, 736, 737, 738, 739, 740, 741, 742, 743, 744, 745, 746, 747, 748, 749, 750, 751, 752, 753, 754, 755, 756, 757, 758, 759, 760, 761, 762, 763, 764, 765, 766, 767, 768, 769, 770, 771, 772, 773, 774, 775, 776, 777, 778, 779, 780, 781, 782, 783, 784, 785, 786, 787, 788, 789, 790, 791, 792, 793]","[192, 296, 309, 663, 755, 767]","[192, 296, 309, 663, 755, 767]","[105, 114, 138, 141, 152, 153, 154, 155, 157, 159, 164, 165, 176, 182, 191, 192, 194, 195, 196, 200, 204, 208, 209, 210, 211, 215, 226, 228, 241, 242, 243, 245, 248, 249, 250, 257, 261, 270, 271, 282, 287, 289, 291, 294, 296, 298, 306, 308, 309, 311, 314, 327, 333, 335, 337, 576, 585, 609, 612, 623, 624, 626, 627, 629, 631, 636, 637, 647, 653, 662, 663, 665, 666, 667, 671, 674, 678, 679, 680, 681, 690, 692, 705, 706, 707, 709, 711, 712, 713, 719, 721, 729, 730, 741, 746, 748, 750, 753, 755, 757, 764, 766, 767, 769, 772, 785, 791]",[],[],7/6 successful match,True,[303],True,757,False,,,,,
"Buttonwillow , 93206 Bruce's",661-764-9460 I-5 Exit 257 ( CA 58 E ),24 104 $ S DO,Buttonwillow,93206,Bruce's,661-764-9460,2008,Buttonwillow,CA,,( CA 58 E ),I-5 Exit 257 ,Exit,257,False,,False,I-5,,,,,"[296, 755]","[192, 296, 309, 663, 755, 767]","[192, 296, 309, 663, 755, 767]","[192, 296, 309, 663, 755, 767]","[103, 104, 105, 106, 107, 108, 109, 110, 111, 112, 113, 114, 115, 116, 117, 118, 119, 120, 121, 122, 123, 124, 125, 126, 127, 128, 129, 130, 131, 132, 133, 134, 135, 136, 137, 138, 139, 140, 141, 142, 143, 144, 145, 146, 147, 148, 149, 150, 151, 152, 153, 154, 155, 156, 157, 158, 159, 160, 161, 162, 163, 164, 165, 166, 167, 168, 169, 170, 171, 172, 173, 174, 175, 176, 177, 178, 179, 180, 181, 182, 183, 184, 185, 186, 187, 188, 189, 190, 191, 192, 193, 194, 195, 196, 197, 198, 199, 200, 201, 202, 203, 204, 205, 206, 207, 208, 209, 210, 211, 212, 213, 214, 215, 216, 217, 218, 219, 220, 221, 222, 223, 224, 225, 226, 227, 228, 229, 230, 231, 232, 233, 234, 235, 236, 237, 238, 239, 240, 241, 242, 243, 244, 245, 246, 247, 248, 249, 250, 251, 252, 253, 254, 255, 256, 257, 258, 259, 260, 261, 262, 263, 264, 265, 266, 267, 268, 269, 270, 271, 272, 273, 274, 275, 276, 277, 278, 279, 280, 281, 282, 283, 284, 285, 286, 287, 288, 289, 290, 291, 292, 293, 294, 295, 296, 297, 298, 299, 300, 301, 302, 303, 304, 305, 306, 307, 308, 309, 310, 311, 312, 313, 314, 315, 316, 317, 318, 319, 320, 321, 322, 323, 324, 325, 326, 327, 328, 329, 330, 331, 332, 333, 334, 335, 336, 337, 574, 575, 576, 577, 578, 579, 580, 581, 582, 583, 584, 585, 586, 587, 588, 589, 590, 591, 592, 593, 594, 595, 596, 597, 598, 599, 600, 601, 602, 603, 604, 605, 606, 607, 608, 609, 610, 611, 612, 613, 614, 615, 616, 617, 618, 619, 620, 621, 622, 623, 624, 625, 626, 627, 628, 629, 630, 631, 632, 633, 634, 635, 636, 637, 638, 639, 640, 641, 642, 643, 644, 645, 646, 647, 648, 649, 650, 651, 652, 653, 654, 655, 656, 657, 658, 659, 660, 661, 662, 663, 664, 665, 666, 667, 668, 669, 670, 671, 672, 673, 674, 675, 676, 677, 678, 679, 680, 681, 682, 683, 684, 685, 686, 687, 688, 689, 690, 691, 692, 693, 694, 695, 696, 697, 698, 699, 700, 701, 702, 703, 704, 705, 706, 707, 708, 709, 710, 711, 712, 713, 714, 715, 716, 717, 718, 719, 720, 721, 722, 723, 724, 725, 726, 727, 728, 729, 730, 731, 732, 733, 734, 735, 736, 737, 738, 739, 740, 741, 742, 743, 744, 745, 746, 747, 748, 749, 750, 751, 752, 753, 754, 755, 756, 757, 758, 759, 760, 761, 762, 763, 764, 765, 766, 767, 768, 769, 770, 771, 772, 773, 774, 775, 776, 777, 778, 779, 780, 781, 782, 783, 784, 785, 786, 787, 788, 789, 790, 791, 792, 793]","[105, 114, 138, 141, 152, 153, 154, 155, 157, 159, 164, 165, 176, 182, 191, 192, 194, 195, 196, 200, 204, 208, 209, 210, 211, 215, 226, 228, 241, 242, 243, 245, 248, 249, 250, 257, 261, 270, 271, 282, 287, 289, 291, 294, 296, 298, 306, 308, 309, 311, 314, 327, 333, 335, 337, 576, 585, 609, 612, 623, 624, 626, 627, 629, 631, 636, 637, 647, 653, 662, 663, 665, 666, 667, 671, 674, 678, 679, 680, 681, 690, 692, 705, 706, 707, 709, 711, 712, 713, 719, 721, 729, 730, 741, 746, 748, 750, 753, 755, 757, 764, 766, 767, 769, 772, 785, 791]",[],[],"[103, 104, 105, 106, 107, 108, 109, 110, 111, 112, 113, 114, 115, 116, 117, 118, 119, 120, 121, 122, 123, 124, 125, 126, 127, 128, 129, 130, 131, 132, 133, 134, 135, 136, 137, 138, 139, 140, 141, 142, 143, 144, 145, 146, 147, 148, 149, 150, 151, 152, 153, 154, 155, 156, 157, 158, 159, 160, 161, 162, 163, 164, 165, 166, 167, 168, 169, 170, 171, 172, 173, 174, 175, 176, 177, 178, 179, 180, 181, 182, 183, 184, 185, 186, 187, 188, 189, 190, 191, 192, 193, 194, 195, 196, 197, 198, 199, 200, 201, 202, 203, 204, 205, 206, 207, 208, 209, 210, 211, 212, 213, 214, 215, 216, 217, 218, 219, 220, 221, 222, 223, 224, 225, 226, 227, 228, 229, 230, 231, 232, 233, 234, 235, 236, 237, 238, 239, 240, 241, 242, 243, 244, 245, 246, 247, 248, 249, 250, 251, 252, 253, 254, 255, 256, 257, 258, 259, 260, 261, 262, 263, 264, 265, 266, 267, 268, 269, 270, 271, 272, 273, 274, 275, 276, 277, 278, 279, 280, 281, 282, 283, 284, 285, 286, 287, 288, 289, 290, 291, 292, 293, 294, 295, 296, 297, 298, 299, 300, 301, 302, 303, 304, 305, 306, 307, 308, 309, 310, 311, 312, 313, 314, 315, 316, 317, 318, 319, 320, 321, 322, 323, 324, 325, 326, 327, 328, 329, 330, 331, 332, 333, 334, 335, 336, 337, 574, 575, 576, 577, 578, 579, 580, 581, 582, 583, 584, 585, 586, 587, 588, 589, 590, 591, 592, 593, 594, 595, 596, 597, 598, 599, 600, 601, 602, 603, 604, 605, 606, 607, 608, 609, 610, 611, 612, 613, 614, 615, 616, 617, 618, 619, 620, 621, 622, 623, 624, 625, 626, 627, 628, 629, 630, 631, 632, 633, 634, 635, 636, 637, 638, 639, 640, 641, 642, 643, 644, 645, 646, 647, 648, 649, 650, 651, 652, 653, 654, 655, 656, 657, 658, 659, 660, 661, 662, 663, 664, 665, 666, 667, 668, 669, 670, 671, 672, 673, 674, 675, 676, 677, 678, 679, 680, 681, 682, 683, 684, 685, 686, 687, 688, 689, 690, 691, 692, 693, 694, 695, 696, 697, 698, 699, 700, 701, 702, 703, 704, 705, 706, 707, 708, 709, 710, 711, 712, 713, 714, 715, 716, 717, 718, 719, 720, 721, 722, 723, 724, 725, 726, 727, 728, 729, 730, 731, 732, 733, 734, 735, 736, 737, 738, 739, 740, 741, 742, 743, 744, 745, 746, 747, 748, 749, 750, 751, 752, 753, 754, 755, 756, 757, 758, 759, 760, 761, 762, 763, 764, 765, 766, 767, 768, 769, 770, 771, 772, 773, 774, 775, 776, 777, 778, 779, 780, 781, 782, 783, 784, 785, 786, 787, 788, 789, 790, 791, 792, 793]",True,"[192, 296, 309, 663, 755, 767]","[103, 104, 105, 106, 107, 108, 109, 110, 111, 112, 113, 114, 115, 116, 117, 118, 119, 120, 121, 122, 123, 124, 125, 126, 127, 128, 129, 130, 131, 132, 133, 134, 135, 136, 137, 138, 139, 140, 141, 142, 143, 144, 145, 146, 147, 148, 149, 150, 151, 152, 153, 154, 155, 156, 157, 158, 159, 160, 161, 162, 163, 164, 165, 166, 167, 168, 169, 170, 171, 172, 173, 174, 175, 176, 177, 178, 179, 180, 181, 182, 183, 184, 185, 186, 187, 188, 189, 190, 191, 192, 193, 194, 195, 196, 197, 198, 199, 200, 201, 202, 203, 204, 205, 206, 207, 208, 209, 210, 211, 212, 213, 214, 215, 216, 217, 218, 219, 220, 221, 222, 223, 224, 225, 226, 227, 228, 229, 230, 231, 232, 233, 234, 235, 236, 237, 238, 239, 240, 241, 242, 243, 244, 245, 246, 247, 248, 249, 250, 251, 252, 253, 254, 255, 256, 257, 258, 259, 260, 261, 262, 263, 264, 265, 266, 267, 268, 269, 270, 271, 272, 273, 274, 275, 276, 277, 278, 279, 280, 281, 282, 283, 284, 285, 286, 287, 288, 289, 290, 291, 292, 293, 294, 295, 296, 297, 298, 299, 300, 301, 302, 303, 304, 305, 306, 307, 308, 309, 310, 311, 312, 313, 314, 315, 316, 317, 318, 319, 320, 321, 322, 323, 324, 325, 326, 327, 328, 329, 330, 331, 332, 333, 334, 335, 336, 337, 574, 575, 576, 577, 578, 579, 580, 581, 582, 583, 584, 585, 586, 587, 588, 589, 590, 591, 592, 593, 594, 595, 596, 597, 598, 599, 600, 601, 602, 603, 604, 605, 606, 607, 608, 609, 610, 611, 612, 613, 614, 615, 616, 617, 618, 619, 620, 621, 622, 623, 624, 625, 626, 627, 628, 629, 630, 631, 632, 633, 634, 635, 636, 637, 638, 639, 640, 641, 642, 643, 644, 645, 646, 647, 648, 649, 650, 651, 652, 653, 654, 655, 656, 657, 658, 659, 660, 661, 662, 663, 664, 665, 666, 667, 668, 669, 670, 671, 672, 673, 674, 675, 676, 677, 678, 679, 680, 681, 682, 683, 684, 685, 686, 687, 688, 689, 690, 691, 692, 693, 694, 695, 696, 697, 698, 699, 700, 701, 702, 703, 704, 705, 706, 707, 708, 709, 710, 711, 712, 713, 714, 715, 716, 717, 718, 719, 720, 721, 722, 723, 724, 725, 726, 727, 728, 729, 730, 731, 732, 733, 734, 735, 736, 737, 738, 739, 740, 741, 742, 743, 744, 745, 746, 747, 748, 749, 750, 751, 752, 753, 754, 755, 756, 757, 758, 759, 760, 761, 762, 763, 764, 765, 766, 767, 768, 769, 770, 771, 772, 773, 774, 775, 776, 777, 778, 779, 780, 781, 782, 783, 784, 785, 786, 787, 788, 789, 790, 791, 792, 793]","[192, 296, 309, 663, 755, 767]","[192, 296, 309, 663, 755, 767]","[105, 114, 138, 141, 152, 153, 154, 155, 157, 159, 164, 165, 176, 182, 191, 192, 194, 195, 196, 200, 204, 208, 209, 210, 211, 215, 226, 228, 241, 242, 243, 245, 248, 249, 250, 257, 261, 270, 271, 282, 287, 289, 291, 294, 296, 298, 306, 308, 309, 311, 314, 327, 333, 335, 337, 576, 585, 609, 612, 623, 624, 626, 627, 629, 631, 636, 637, 647, 653, 662, 663, 665, 666, 667, 671, 674, 678, 679, 680, 681, 690, 692, 705, 706, 707, 709, 711, 712, 713, 719, 721, 729, 730, 741, 746, 748, 750, 753, 755, 757, 764, 766, 767, 769, 772, 785, 791]",[],[],7/6 successful match,True,[303],True,757,False,,0.8999999999999999,True,Bruce's,
G Buttonwillow ( 93206 ) Speedy Fuel Truck Stop,4 661-764-9460 I-5 Exit 257 ( CA 58 E ),24 S SO <U+2610> OD,Buttonwillow,93206,Speedy Fuel Truck Stop,661-764-9460,2014,Buttonwillow,CA,,( CA 58 E ),I-5 Exit 257 ,Exit,257,False,,False,I-5,,,,,"[296, 755]","[192, 296, 309, 663, 755, 767]","[192, 296, 309, 663, 755, 767]","[192, 296, 309, 663, 755, 767]","[103, 104, 105, 106, 107, 108, 109, 110, 111, 112, 113, 114, 115, 116, 117, 118, 119, 120, 121, 122, 123, 124, 125, 126, 127, 128, 129, 130, 131, 132, 133, 134, 135, 136, 137, 138, 139, 140, 141, 142, 143, 144, 145, 146, 147, 148, 149, 150, 151, 152, 153, 154, 155, 156, 157, 158, 159, 160, 161, 162, 163, 164, 165, 166, 167, 168, 169, 170, 171, 172, 173, 174, 175, 176, 177, 178, 179, 180, 181, 182, 183, 184, 185, 186, 187, 188, 189, 190, 191, 192, 193, 194, 195, 196, 197, 198, 199, 200, 201, 202, 203, 204, 205, 206, 207, 208, 209, 210, 211, 212, 213, 214, 215, 216, 217, 218, 219, 220, 221, 222, 223, 224, 225, 226, 227, 228, 229, 230, 231, 232, 233, 234, 235, 236, 237, 238, 239, 240, 241, 242, 243, 244, 245, 246, 247, 248, 249, 250, 251, 252, 253, 254, 255, 256, 257, 258, 259, 260, 261, 262, 263, 264, 265, 266, 267, 268, 269, 270, 271, 272, 273, 274, 275, 276, 277, 278, 279, 280, 281, 282, 283, 284, 285, 286, 287, 288, 289, 290, 291, 292, 293, 294, 295, 296, 297, 298, 299, 300, 301, 302, 303, 304, 305, 306, 307, 308, 309, 310, 311, 312, 313, 314, 315, 316, 317, 318, 319, 320, 321, 322, 323, 324, 325, 326, 327, 328, 329, 330, 331, 332, 333, 334, 335, 336, 337, 574, 575, 576, 577, 578, 579, 580, 581, 582, 583, 584, 585, 586, 587, 588, 589, 590, 591, 592, 593, 594, 595, 596, 597, 598, 599, 600, 601, 602, 603, 604, 605, 606, 607, 608, 609, 610, 611, 612, 613, 614, 615, 616, 617, 618, 619, 620, 621, 622, 623, 624, 625, 626, 627, 628, 629, 630, 631, 632, 633, 634, 635, 636, 637, 638, 639, 640, 641, 642, 643, 644, 645, 646, 647, 648, 649, 650, 651, 652, 653, 654, 655, 656, 657, 658, 659, 660, 661, 662, 663, 664, 665, 666, 667, 668, 669, 670, 671, 672, 673, 674, 675, 676, 677, 678, 679, 680, 681, 682, 683, 684, 685, 686, 687, 688, 689, 690, 691, 692, 693, 694, 695, 696, 697, 698, 699, 700, 701, 702, 703, 704, 705, 706, 707, 708, 709, 710, 711, 712, 713, 714, 715, 716, 717, 718, 719, 720, 721, 722, 723, 724, 725, 726, 727, 728, 729, 730, 731, 732, 733, 734, 735, 736, 737, 738, 739, 740, 741, 742, 743, 744, 745, 746, 747, 748, 749, 750, 751, 752, 753, 754, 755, 756, 757, 758, 759, 760, 761, 762, 763, 764, 765, 766, 767, 768, 769, 770, 771, 772, 773, 774, 775, 776, 777, 778, 779, 780, 781, 782, 783, 784, 785, 786, 787, 788, 789, 790, 791, 792, 793]","[105, 114, 138, 141, 152, 153, 154, 155, 157, 159, 164, 165, 176, 182, 191, 192, 194, 195, 196, 200, 204, 208, 209, 210, 211, 215, 226, 228, 241, 242, 243, 245, 248, 249, 250, 257, 261, 270, 271, 282, 287, 289, 291, 294, 296, 298, 306, 308, 309, 311, 314, 327, 333, 335, 337, 576, 585, 609, 612, 623, 624, 626, 627, 629, 631, 636, 637, 647, 653, 662, 663, 665, 666, 667, 671, 674, 678, 679, 680, 681, 690, 692, 705, 706, 707, 709, 711, 712, 713, 719, 721, 729, 730, 741, 746, 748, 750, 753, 755, 757, 764, 766, 767, 769, 772, 785, 791]",[],"[90, 91, 294, 295, 296, 561, 562, 753, 754, 755]","[90, 91, 103, 104, 105, 106, 107, 108, 109, 110, 111, 112, 113, 114, 115, 116, 117, 118, 119, 120, 121, 122, 123, 124, 125, 126, 127, 128, 129, 130, 131, 132, 133, 134, 135, 136, 137, 138, 139, 140, 141, 142, 143, 144, 145, 146, 147, 148, 149, 150, 151, 152, 153, 154, 155, 156, 157, 158, 159, 160, 161, 162, 163, 164, 165, 166, 167, 168, 169, 170, 171, 172, 173, 174, 175, 176, 177, 178, 179, 180, 181, 182, 183, 184, 185, 186, 187, 188, 189, 190, 191, 192, 193, 194, 195, 196, 197, 198, 199, 200, 201, 202, 203, 204, 205, 206, 207, 208, 209, 210, 211, 212, 213, 214, 215, 216, 217, 218, 219, 220, 221, 222, 223, 224, 225, 226, 227, 228, 229, 230, 231, 232, 233, 234, 235, 236, 237, 238, 239, 240, 241, 242, 243, 244, 245, 246, 247, 248, 249, 250, 251, 252, 253, 254, 255, 256, 257, 258, 259, 260, 261, 262, 263, 264, 265, 266, 267, 268, 269, 270, 271, 272, 273, 274, 275, 276, 277, 278, 279, 280, 281, 282, 283, 284, 285, 286, 287, 288, 289, 290, 291, 292, 293, 294, 295, 296, 297, 298, 299, 300, 301, 302, 303, 304, 305, 306, 307, 308, 309, 310, 311, 312, 313, 314, 315, 316, 317, 318, 319, 320, 321, 322, 323, 324, 325, 326, 327, 328, 329, 330, 331, 332, 333, 334, 335, 336, 337, 561, 562, 574, 575, 576, 577, 578, 579, 580, 581, 582, 583, 584, 585, 586, 587, 588, 589, 590, 591, 592, 593, 594, 595, 596, 597, 598, 599, 600, 601, 602, 603, 604, 605, 606, 607, 608, 609, 610, 611, 612, 613, 614, 615, 616, 617, 618, 619, 620, 621, 622, 623, 624, 625, 626, 627, 628, 629, 630, 631, 632, 633, 634, 635, 636, 637, 638, 639, 640, 641, 642, 643, 644, 645, 646, 647, 648, 649, 650, 651, 652, 653, 654, 655, 656, 657, 658, 659, 660, 661, 662, 663, 664, 665, 666, 667, 668, 669, 670, 671, 672, 673, 674, 675, 676, 677, 678, 679, 680, 681, 682, 683, 684, 685, 686, 687, 688, 689, 690, 691, 692, 693, 694, 695, 696, 697, 698, 699, 700, 701, 702, 703, 704, 705, 706, 707, 708, 709, 710, 711, 712, 713, 714, 715, 716, 717, 718, 719, 720, 721, 722, 723, 724, 725, 726, 727, 728, 729, 730, 731, 732, 733, 734, 735, 736, 737, 738, 739, 740, 741, 742, 743, 744, 745, 746, 747, 748, 749, 750, 751, 752, 753, 754, 755, 756, 757, 758, 759, 760, 761, 762, 763, 764, 765, 766, 767, 768, 769, 770, 771, 772, 773, 774, 775, 776, 777, 778, 779, 780, 781, 782, 783, 784, 785, 786, 787, 788, 789, 790, 791, 792, 793]",True,"[192, 296, 309, 663, 755, 767]","[103, 104, 105, 106, 107, 108, 109, 110, 111, 112, 113, 114, 115, 116, 117, 118, 119, 120, 121, 122, 123, 124, 125, 126, 127, 128, 129, 130, 131, 132, 133, 134, 135, 136, 137, 138, 139, 140, 141, 142, 143, 144, 145, 146, 147, 148, 149, 150, 151, 152, 153, 154, 155, 156, 157, 158, 159, 160, 161, 162, 163, 164, 165, 166, 167, 168, 169, 170, 171, 172, 173, 174, 175, 176, 177, 178, 179, 180, 181, 182, 183, 184, 185, 186, 187, 188, 189, 190, 191, 192, 193, 194, 195, 196, 197, 198, 199, 200, 201, 202, 203, 204, 205, 206, 207, 208, 209, 210, 211, 212, 213, 214, 215, 216, 217, 218, 219, 220, 221, 222, 223, 224, 225, 226, 227, 228, 229, 230, 231, 232, 233, 234, 235, 236, 237, 238, 239, 240, 241, 242, 243, 244, 245, 246, 247, 248, 249, 250, 251, 252, 253, 254, 255, 256, 257, 258, 259, 260, 261, 262, 263, 264, 265, 266, 267, 268, 269, 270, 271, 272, 273, 274, 275, 276, 277, 278, 279, 280, 281, 282, 283, 284, 285, 286, 287, 288, 289, 290, 291, 292, 293, 294, 295, 296, 297, 298, 299, 300, 301, 302, 303, 304, 305, 306, 307, 308, 309, 310, 311, 312, 313, 314, 315, 316, 317, 318, 319, 320, 321, 322, 323, 324, 325, 326, 327, 328, 329, 330, 331, 332, 333, 334, 335, 336, 337, 574, 575, 576, 577, 578, 579, 580, 581, 582, 583, 584, 585, 586, 587, 588, 589, 590, 591, 592, 593, 594, 595, 596, 597, 598, 599, 600, 601, 602, 603, 604, 605, 606, 607, 608, 609, 610, 611, 612, 613, 614, 615, 616, 617, 618, 619, 620, 621, 622, 623, 624, 625, 626, 627, 628, 629, 630, 631, 632, 633, 634, 635, 636, 637, 638, 639, 640, 641, 642, 643, 644, 645, 646, 647, 648, 649, 650, 651, 652, 653, 654, 655, 656, 657, 658, 659, 660, 661, 662, 663, 664, 665, 666, 667, 668, 669, 670, 671, 672, 673, 674, 675, 676, 677, 678, 679, 680, 681, 682, 683, 684, 685, 686, 687, 688, 689, 690, 691, 692, 693, 694, 695, 696, 697, 698, 699, 700, 701, 702, 703, 704, 705, 706, 707, 708, 709, 710, 711, 712, 713, 714, 715, 716, 717, 718, 719, 720, 721, 722, 723, 724, 725, 726, 727, 728, 729, 730, 731, 732, 733, 734, 735, 736, 737, 738, 739, 740, 741, 742, 743, 744, 745, 746, 747, 748, 749, 750, 751, 752, 753, 754, 755, 756, 757, 758, 759, 760, 761, 762, 763, 764, 765, 766, 767, 768, 769, 770, 771, 772, 773, 774, 775, 776, 777, 778, 779, 780, 781, 782, 783, 784, 785, 786, 787, 788, 789, 790, 791, 792, 793]","[192, 296, 309, 663, 755, 767]","[192, 296, 309, 663, 755, 767]","[105, 114, 138, 141, 152, 153, 154, 155, 157, 159, 164, 165, 176, 182, 191, 192, 194, 195, 196, 200, 204, 208, 209, 210, 211, 215, 226, 228, 241, 242, 243, 245, 248, 249, 250, 257, 261, 270, 271, 282, 287, 289, 291, 294, 296, 298, 306, 308, 309, 311, 314, 327, 333, 335, 337, 576, 585, 609, 612, 623, 624, 626, 627, 629, 631, 636, 637, 647, 653, 662, 663, 665, 666, 667, 671, 674, 678, 679, 680, 681, 690, 692, 705, 706, 707, 709, 711, 712, 713, 719, 721, 729, 730, 741, 746, 748, 750, 753, 755, 757, 764, 766, 767, 769, 772, 785, 791]","[90, 91, 294, 295, 296, 561, 562, 753, 754, 755]",[],7/6 successful match,True,[303],True,757,True,2014,0.13793103448275862,True,Bruce's,
G Buttonwillow ( 93206 ) Speedy Fuel Truck Stop Dr ),4 661-764-9460 I-5 Exit 257 ( CA 58 E ),24 SOO <U+2610> <U+25A1> <U+25A1>,Buttonwillow,93206,Speedy Fuel Truck Stop Dr ),661-764-9460,2015,Buttonwillow,CA,,( CA 58 E ),I-5 Exit 257 ,Exit,257,False,,False,I-5,,,,,"[296, 755]","[192, 296, 309, 663, 755, 767]","[192, 296, 309, 663, 755, 767]","[192, 296, 309, 663, 755, 767]","[103, 104, 105, 106, 107, 108, 109, 110, 111, 112, 113, 114, 115, 116, 117, 118, 119, 120, 121, 122, 123, 124, 125, 126, 127, 128, 129, 130, 131, 132, 133, 134, 135, 136, 137, 138, 139, 140, 141, 142, 143, 144, 145, 146, 147, 148, 149, 150, 151, 152, 153, 154, 155, 156, 157, 158, 159, 160, 161, 162, 163, 164, 165, 166, 167, 168, 169, 170, 171, 172, 173, 174, 175, 176, 177, 178, 179, 180, 181, 182, 183, 184, 185, 186, 187, 188, 189, 190, 191, 192, 193, 194, 195, 196, 197, 198, 199, 200, 201, 202, 203, 204, 205, 206, 207, 208, 209, 210, 211, 212, 213, 214, 215, 216, 217, 218, 219, 220, 221, 222, 223, 224, 225, 226, 227, 228, 229, 230, 231, 232, 233, 234, 235, 236, 237, 238, 239, 240, 241, 242, 243, 244, 245, 246, 247, 248, 249, 250, 251, 252, 253, 254, 255, 256, 257, 258, 259, 260, 261, 262, 263, 264, 265, 266, 267, 268, 269, 270, 271, 272, 273, 274, 275, 276, 277, 278, 279, 280, 281, 282, 283, 284, 285, 286, 287, 288, 289, 290, 291, 292, 293, 294, 295, 296, 297, 298, 299, 300, 301, 302, 303, 304, 305, 306, 307, 308, 309, 310, 311, 312, 313, 314, 315, 316, 317, 318, 319, 320, 321, 322, 323, 324, 325, 326, 327, 328, 329, 330, 331, 332, 333, 334, 335, 336, 337, 574, 575, 576, 577, 578, 579, 580, 581, 582, 583, 584, 585, 586, 587, 588, 589, 590, 591, 592, 593, 594, 595, 596, 597, 598, 599, 600, 601, 602, 603, 604, 605, 606, 607, 608, 609, 610, 611, 612, 613, 614, 615, 616, 617, 618, 619, 620, 621, 622, 623, 624, 625, 626, 627, 628, 629, 630, 631, 632, 633, 634, 635, 636, 637, 638, 639, 640, 641, 642, 643, 644, 645, 646, 647, 648, 649, 650, 651, 652, 653, 654, 655, 656, 657, 658, 659, 660, 661, 662, 663, 664, 665, 666, 667, 668, 669, 670, 671, 672, 673, 674, 675, 676, 677, 678, 679, 680, 681, 682, 683, 684, 685, 686, 687, 688, 689, 690, 691, 692, 693, 694, 695, 696, 697, 698, 699, 700, 701, 702, 703, 704, 705, 706, 707, 708, 709, 710, 711, 712, 713, 714, 715, 716, 717, 718, 719, 720, 721, 722, 723, 724, 725, 726, 727, 728, 729, 730, 731, 732, 733, 734, 735, 736, 737, 738, 739, 740, 741, 742, 743, 744, 745, 746, 747, 748, 749, 750, 751, 752, 753, 754, 755, 756, 757, 758, 759, 760, 761, 762, 763, 764, 765, 766, 767, 768, 769, 770, 771, 772, 773, 774, 775, 776, 777, 778, 779, 780, 781, 782, 783, 784, 785, 786, 787, 788, 789, 790, 791, 792, 793]","[105, 114, 138, 141, 152, 153, 154, 155, 157, 159, 164, 165, 176, 182, 191, 192, 194, 195, 196, 200, 204, 208, 209, 210, 211, 215, 226, 228, 241, 242, 243, 245, 248, 249, 250, 257, 261, 270, 271, 282, 287, 289, 291, 294, 296, 298, 306, 308, 309, 311, 314, 327, 333, 335, 337, 576, 585, 609, 612, 623, 624, 626, 627, 629, 631, 636, 637, 647, 653, 662, 663, 665, 666, 667, 671, 674, 678, 679, 680, 681, 690, 692, 705, 706, 707, 709, 711, 712, 713, 719, 721, 729, 730, 741, 746, 748, 750, 753, 755, 757, 764, 766, 767, 769, 772, 785, 791]",[],"[90, 91, 294, 295, 296, 561, 562, 753, 754, 755]","[90, 91, 103, 104, 105, 106, 107, 108, 109, 110, 111, 112, 113, 114, 115, 116, 117, 118, 119, 120, 121, 122, 123, 124, 125, 126, 127, 128, 129, 130, 131, 132, 133, 134, 135, 136, 137, 138, 139, 140, 141, 142, 143, 144, 145, 146, 147, 148, 149, 150, 151, 152, 153, 154, 155, 156, 157, 158, 159, 160, 161, 162, 163, 164, 165, 166, 167, 168, 169, 170, 171, 172, 173, 174, 175, 176, 177, 178, 179, 180, 181, 182, 183, 184, 185, 186, 187, 188, 189, 190, 191, 192, 193, 194, 195, 196, 197, 198, 199, 200, 201, 202, 203, 204, 205, 206, 207, 208, 209, 210, 211, 212, 213, 214, 215, 216, 217, 218, 219, 220, 221, 222, 223, 224, 225, 226, 227, 228, 229, 230, 231, 232, 233, 234, 235, 236, 237, 238, 239, 240, 241, 242, 243, 244, 245, 246, 247, 248, 249, 250, 251, 252, 253, 254, 255, 256, 257, 258, 259, 260, 261, 262, 263, 264, 265, 266, 267, 268, 269, 270, 271, 272, 273, 274, 275, 276, 277, 278, 279, 280, 281, 282, 283, 284, 285, 286, 287, 288, 289, 290, 291, 292, 293, 294, 295, 296, 297, 298, 299, 300, 301, 302, 303, 304, 305, 306, 307, 308, 309, 310, 311, 312, 313, 314, 315, 316, 317, 318, 319, 320, 321, 322, 323, 324, 325, 326, 327, 328, 329, 330, 331, 332, 333, 334, 335, 336, 337, 561, 562, 574, 575, 576, 577, 578, 579, 580, 581, 582, 583, 584, 585, 586, 587, 588, 589, 590, 591, 592, 593, 594, 595, 596, 597, 598, 599, 600, 601, 602, 603, 604, 605, 606, 607, 608, 609, 610, 611, 612, 613, 614, 615, 616, 617, 618, 619, 620, 621, 622, 623, 624, 625, 626, 627, 628, 629, 630, 631, 632, 633, 634, 635, 636, 637, 638, 639, 640, 641, 642, 643, 644, 645, 646, 647, 648, 649, 650, 651, 652, 653, 654, 655, 656, 657, 658, 659, 660, 661, 662, 663, 664, 665, 666, 667, 668, 669, 670, 671, 672, 673, 674, 675, 676, 677, 678, 679, 680, 681, 682, 683, 684, 685, 686, 687, 688, 689, 690, 691, 692, 693, 694, 695, 696, 697, 698, 699, 700, 701, 702, 703, 704, 705, 706, 707, 708, 709, 710, 711, 712, 713, 714, 715, 716, 717, 718, 719, 720, 721, 722, 723, 724, 725, 726, 727, 728, 729, 730, 731, 732, 733, 734, 735, 736, 737, 738, 739, 740, 741, 742, 743, 744, 745, 746, 747, 748, 749, 750, 751, 752, 753, 754, 755, 756, 757, 758, 759, 760, 761, 762, 763, 764, 765, 766, 767, 768, 769, 770, 771, 772, 773, 774, 775, 776, 777, 778, 779, 780, 781, 782, 783, 784, 785, 786, 787, 788, 789, 790, 791, 792, 793]",True,"[192, 296, 309, 663, 755, 767]","[103, 104, 105, 106, 107, 108, 109, 110, 111, 112, 113, 114, 115, 116, 117, 118, 119, 120, 121, 122, 123, 124, 125, 126, 127, 128, 129, 130, 131, 132, 133, 134, 135, 136, 137, 138, 139, 140, 141, 142, 143, 144, 145, 146, 147, 148, 149, 150, 151, 152, 153, 154, 155, 156, 157, 158, 159, 160, 161, 162, 163, 164, 165, 166, 167, 168, 169, 170, 171, 172, 173, 174, 175, 176, 177, 178, 179, 180, 181, 182, 183, 184, 185, 186, 187, 188, 189, 190, 191, 192, 193, 194, 195, 196, 197, 198, 199, 200, 201, 202, 203, 204, 205, 206, 207, 208, 209, 210, 211, 212, 213, 214, 215, 216, 217, 218, 219, 220, 221, 222, 223, 224, 225, 226, 227, 228, 229, 230, 231, 232, 233, 234, 235, 236, 237, 238, 239, 240, 241, 242, 243, 244, 245, 246, 247, 248, 249, 250, 251, 252, 253, 254, 255, 256, 257, 258, 259, 260, 261, 262, 263, 264, 265, 266, 267, 268, 269, 270, 271, 272, 273, 274, 275, 276, 277, 278, 279, 280, 281, 282, 283, 284, 285, 286, 287, 288, 289, 290, 291, 292, 293, 294, 295, 296, 297, 298, 299, 300, 301, 302, 303, 304, 305, 306, 307, 308, 309, 310, 311, 312, 313, 314, 315, 316, 317, 318, 319, 320, 321, 322, 323, 324, 325, 326, 327, 328, 329, 330, 331, 332, 333, 334, 335, 336, 337, 574, 575, 576, 577, 578, 579, 580, 581, 582, 583, 584, 585, 586, 587, 588, 589, 590, 591, 592, 593, 594, 595, 596, 597, 598, 599, 600, 601, 602, 603, 604, 605, 606, 607, 608, 609, 610, 611, 612, 613, 614, 615, 616, 617, 618, 619, 620, 621, 622, 623, 624, 625, 626, 627, 628, 629, 630, 631, 632, 633, 634, 635, 636, 637, 638, 639, 640, 641, 642, 643, 644, 645, 646, 647, 648, 649, 650, 651, 652, 653, 654, 655, 656, 657, 658, 659, 660, 661, 662, 663, 664, 665, 666, 667, 668, 669, 670, 671, 672, 673, 674, 675, 676, 677, 678, 679, 680, 681, 682, 683, 684, 685, 686, 687, 688, 689, 690, 691, 692, 693, 694, 695, 696, 697, 698, 699, 700, 701, 702, 703, 704, 705, 706, 707, 708, 709, 710, 711, 712, 713, 714, 715, 716, 717, 718, 719, 720, 721, 722, 723, 724, 725, 726, 727, 728, 729, 730, 731, 732, 733, 734, 735, 736, 737, 738, 739, 740, 741, 742, 743, 744, 745, 746, 747, 748, 749, 750, 751, 752, 753, 754, 755, 756, 757, 758, 759, 760, 761, 762, 763, 764, 765, 766, 767, 768, 769, 770, 771, 772, 773, 774, 775, 776, 777, 778, 779, 780, 781, 782, 783, 784, 785, 786, 787, 788, 789, 790, 791, 792, 793]","[192, 296, 309, 663, 755, 767]","[192, 296, 309, 663, 755, 767]","[105, 114, 138, 141, 152, 153, 154, 155, 157, 159, 164, 165, 176, 182, 191, 192, 194, 195, 196, 200, 204, 208, 209, 210, 211, 215, 226, 228, 241, 242, 243, 245, 248, 249, 250, 257, 261, 270, 271, 282, 287, 289, 291, 294, 296, 298, 306, 308, 309, 311, 314, 327, 333, 335, 337, 576, 585, 609, 612, 623, 624, 626, 627, 629, 631, 636, 637, 647, 653, 662, 663, 665, 666, 667, 671, 674, 678, 679, 680, 681, 690, 692, 705, 706, 707, 709, 711, 712, 713, 719, 721, 729, 730, 741, 746, 748, 750, 753, 755, 757, 764, 766, 767, 769, 772, 785, 791]","[90, 91, 294, 295, 296, 561, 562, 753, 754, 755]",[],7/6 successful match,True,[303],True,757,False,,0.8693877551020408,True,Speedy Fuel Truck Stop,
G Buttonwillow ( 93206 ) Speedy Fuel Truck Stop,661-764-9460 I-5 Exit 257 ( CA 58 E ),SOO <U+25A1>,Buttonwillow,93206,Speedy Fuel Truck Stop,661-764-9460,2016,Buttonwillow,CA,,( CA 58 E ),I-5 Exit 257 ,Exit,257,False,,False,I-5,,,,,"[296, 755]","[192, 296, 309, 663, 755, 767]","[192, 296, 309, 663, 755, 767]","[192, 296, 309, 663, 755, 767]","[103, 104, 105, 106, 107, 108, 109, 110, 111, 112, 113, 114, 115, 116, 117, 118, 119, 120, 121, 122, 123, 124, 125, 126, 127, 128, 129, 130, 131, 132, 133, 134, 135, 136, 137, 138, 139, 140, 141, 142, 143, 144, 145, 146, 147, 148, 149, 150, 151, 152, 153, 154, 155, 156, 157, 158, 159, 160, 161, 162, 163, 164, 165, 166, 167, 168, 169, 170, 171, 172, 173, 174, 175, 176, 177, 178, 179, 180, 181, 182, 183, 184, 185, 186, 187, 188, 189, 190, 191, 192, 193, 194, 195, 196, 197, 198, 199, 200, 201, 202, 203, 204, 205, 206, 207, 208, 209, 210, 211, 212, 213, 214, 215, 216, 217, 218, 219, 220, 221, 222, 223, 224, 225, 226, 227, 228, 229, 230, 231, 232, 233, 234, 235, 236, 237, 238, 239, 240, 241, 242, 243, 244, 245, 246, 247, 248, 249, 250, 251, 252, 253, 254, 255, 256, 257, 258, 259, 260, 261, 262, 263, 264, 265, 266, 267, 268, 269, 270, 271, 272, 273, 274, 275, 276, 277, 278, 279, 280, 281, 282, 283, 284, 285, 286, 287, 288, 289, 290, 291, 292, 293, 294, 295, 296, 297, 298, 299, 300, 301, 302, 303, 304, 305, 306, 307, 308, 309, 310, 311, 312, 313, 314, 315, 316, 317, 318, 319, 320, 321, 322, 323, 324, 325, 326, 327, 328, 329, 330, 331, 332, 333, 334, 335, 336, 337, 574, 575, 576, 577, 578, 579, 580, 581, 582, 583, 584, 585, 586, 587, 588, 589, 590, 591, 592, 593, 594, 595, 596, 597, 598, 599, 600, 601, 602, 603, 604, 605, 606, 607, 608, 609, 610, 611, 612, 613, 614, 615, 616, 617, 618, 619, 620, 621, 622, 623, 624, 625, 626, 627, 628, 629, 630, 631, 632, 633, 634, 635, 636, 637, 638, 639, 640, 641, 642, 643, 644, 645, 646, 647, 648, 649, 650, 651, 652, 653, 654, 655, 656, 657, 658, 659, 660, 661, 662, 663, 664, 665, 666, 667, 668, 669, 670, 671, 672, 673, 674, 675, 676, 677, 678, 679, 680, 681, 682, 683, 684, 685, 686, 687, 688, 689, 690, 691, 692, 693, 694, 695, 696, 697, 698, 699, 700, 701, 702, 703, 704, 705, 706, 707, 708, 709, 710, 711, 712, 713, 714, 715, 716, 717, 718, 719, 720, 721, 722, 723, 724, 725, 726, 727, 728, 729, 730, 731, 732, 733, 734, 735, 736, 737, 738, 739, 740, 741, 742, 743, 744, 745, 746, 747, 748, 749, 750, 751, 752, 753, 754, 755, 756, 757, 758, 759, 760, 761, 762, 763, 764, 765, 766, 767, 768, 769, 770, 771, 772, 773, 774, 775, 776, 777, 778, 779, 780, 781, 782, 783, 784, 785, 786, 787, 788, 789, 790, 791, 792, 793]","[105, 114, 138, 141, 152, 153, 154, 155, 157, 159, 164, 165, 176, 182, 191, 192, 194, 195, 196, 200, 204, 208, 209, 210, 211, 215, 226, 228, 241, 242, 243, 245, 248, 249, 250, 257, 261, 270, 271, 282, 287, 289, 291, 294, 296, 298, 306, 308, 309, 311, 314, 327, 333, 335, 337, 576, 585, 609, 612, 623, 624, 626, 627, 629, 631, 636, 637, 647, 653, 662, 663, 665, 666, 667, 671, 674, 678, 679, 680, 681, 690, 692, 705, 706, 707, 709, 711, 712, 713, 719, 721, 729, 730, 741, 746, 748, 750, 753, 755, 757, 764, 766, 767, 769, 772, 785, 791]",[],"[90, 91, 294, 295, 296, 561, 562, 753, 754, 755]","[90, 91, 103, 104, 105, 106, 107, 108, 109, 110, 111, 112, 113, 114, 115, 116, 117, 118, 119, 120, 121, 122, 123, 124, 125, 126, 127, 128, 129, 130, 131, 132, 133, 134, 135, 136, 137, 138, 139, 140, 141, 142, 143, 144, 145, 146, 147, 148, 149, 150, 151, 152, 153, 154, 155, 156, 157, 158, 159, 160, 161, 162, 163, 164, 165, 166, 167, 168, 169, 170, 171, 172, 173, 174, 175, 176, 177, 178, 179, 180, 181, 182, 183, 184, 185, 186, 187, 188, 189, 190, 191, 192, 193, 194, 195, 196, 197, 198, 199, 200, 201, 202, 203, 204, 205, 206, 207, 208, 209, 210, 211, 212, 213, 214, 215, 216, 217, 218, 219, 220, 221, 222, 223, 224, 225, 226, 227, 228, 229, 230, 231, 232, 233, 234, 235, 236, 237, 238, 239, 240, 241, 242, 243, 244, 245, 246, 247, 248, 249, 250, 251, 252, 253, 254, 255, 256, 257, 258, 259, 260, 261, 262, 263, 264, 265, 266, 267, 268, 269, 270, 271, 272, 273, 274, 275, 276, 277, 278, 279, 280, 281, 282, 283, 284, 285, 286, 287, 288, 289, 290, 291, 292, 293, 294, 295, 296, 297, 298, 299, 300, 301, 302, 303, 304, 305, 306, 307, 308, 309, 310, 311, 312, 313, 314, 315, 316, 317, 318, 319, 320, 321, 322, 323, 324, 325, 326, 327, 328, 329, 330, 331, 332, 333, 334, 335, 336, 337, 561, 562, 574, 575, 576, 577, 578, 579, 580, 581, 582, 583, 584, 585, 586, 587, 588, 589, 590, 591, 592, 593, 594, 595, 596, 597, 598, 599, 600, 601, 602, 603, 604, 605, 606, 607, 608, 609, 610, 611, 612, 613, 614, 615, 616, 617, 618, 619, 620, 621, 622, 623, 624, 625, 626, 627, 628, 629, 630, 631, 632, 633, 634, 635, 636, 637, 638, 639, 640, 641, 642, 643, 644, 645, 646, 647, 648, 649, 650, 651, 652, 653, 654, 655, 656, 657, 658, 659, 660, 661, 662, 663, 664, 665, 666, 667, 668, 669, 670, 671, 672, 673, 674, 675, 676, 677, 678, 679, 680, 681, 682, 683, 684, 685, 686, 687, 688, 689, 690, 691, 692, 693, 694, 695, 696, 697, 698, 699, 700, 701, 702, 703, 704, 705, 706, 707, 708, 709, 710, 711, 712, 713, 714, 715, 716, 717, 718, 719, 720, 721, 722, 723, 724, 725, 726, 727, 728, 729, 730, 731, 732, 733, 734, 735, 736, 737, 738, 739, 740, 741, 742, 743, 744, 745, 746, 747, 748, 749, 750, 751, 752, 753, 754, 755, 756, 757, 758, 759, 760, 761, 762, 763, 764, 765, 766, 767, 768, 769, 770, 771, 772, 773, 774, 775, 776, 777, 778, 779, 780, 781, 782, 783, 784, 785, 786, 787, 788, 789, 790, 791, 792, 793]",True,"[192, 296, 309, 663, 755, 767]","[103, 104, 105, 106, 107, 108, 109, 110, 111, 112, 113, 114, 115, 116, 117, 118, 119, 120, 121, 122, 123, 124, 125, 126, 127, 128, 129, 130, 131, 132, 133, 134, 135, 136, 137, 138, 139, 140, 141, 142, 143, 144, 145, 146, 147, 148, 149, 150, 151, 152, 153, 154, 155, 156, 157, 158, 159, 160, 161, 162, 163, 164, 165, 166, 167, 168, 169, 170, 171, 172, 173, 174, 175, 176, 177, 178, 179, 180, 181, 182, 183, 184, 185, 186, 187, 188, 189, 190, 191, 192, 193, 194, 195, 196, 197, 198, 199, 200, 201, 202, 203, 204, 205, 206, 207, 208, 209, 210, 211, 212, 213, 214, 215, 216, 217, 218, 219, 220, 221, 222, 223, 224, 225, 226, 227, 228, 229, 230, 231, 232, 233, 234, 235, 236, 237, 238, 239, 240, 241, 242, 243, 244, 245, 246, 247, 248, 249, 250, 251, 252, 253, 254, 255, 256, 257, 258, 259, 260, 261, 262, 263, 264, 265, 266, 267, 268, 269, 270, 271, 272, 273, 274, 275, 276, 277, 278, 279, 280, 281, 282, 283, 284, 285, 286, 287, 288, 289, 290, 291, 292, 293, 294, 295, 296, 297, 298, 299, 300, 301, 302, 303, 304, 305, 306, 307, 308, 309, 310, 311, 312, 313, 314, 315, 316, 317, 318, 319, 320, 321, 322, 323, 324, 325, 326, 327, 328, 329, 330, 331, 332, 333, 334, 335, 336, 337, 574, 575, 576, 577, 578, 579, 580, 581, 582, 583, 584, 585, 586, 587, 588, 589, 590, 591, 592, 593, 594, 595, 596, 597, 598, 599, 600, 601, 602, 603, 604, 605, 606, 607, 608, 609, 610, 611, 612, 613, 614, 615, 616, 617, 618, 619, 620, 621, 622, 623, 624, 625, 626, 627, 628, 629, 630, 631, 632, 633, 634, 635, 636, 637, 638, 639, 640, 641, 642, 643, 644, 645, 646, 647, 648, 649, 650, 651, 652, 653, 654, 655, 656, 657, 658, 659, 660, 661, 662, 663, 664, 665, 666, 667, 668, 669, 670, 671, 672, 673, 674, 675, 676, 677, 678, 679, 680, 681, 682, 683, 684, 685, 686, 687, 688, 689, 690, 691, 692, 693, 694, 695, 696, 697, 698, 699, 700, 701, 702, 703, 704, 705, 706, 707, 708, 709, 710, 711, 712, 713, 714, 715, 716, 717, 718, 719, 720, 721, 722, 723, 724, 725, 726, 727, 728, 729, 730, 731, 732, 733, 734, 735, 736, 737, 738, 739, 740, 741, 742, 743, 744, 745, 746, 747, 748, 749, 750, 751, 752, 753, 754, 755, 756, 757, 758, 759, 760, 761, 762, 763, 764, 765, 766, 767, 768, 769, 770, 771, 772, 773, 774, 775, 776, 777, 778, 779, 780, 781, 782, 783, 784, 785, 786, 787, 788, 789, 790, 791, 792, 793]","[192, 296, 309, 663, 755, 767]","[192, 296, 309, 663, 755, 767]","[105, 114, 138, 141, 152, 153, 154, 155, 157, 159, 164, 165, 176, 182, 191, 192, 194, 195, 196, 200, 204, 208, 209, 210, 211, 215, 226, 228, 241, 242, 243, 245, 248, 249, 250, 257, 261, 270, 271, 282, 287, 289, 291, 294, 296, 298, 306, 308, 309, 311, 314, 327, 333, 335, 337, 576, 585, 609, 612, 623, 624, 626, 627, 629, 631, 636, 637, 647, 653, 662, 663, 665, 666, 667, 671, 674, 678, 679, 680, 681, 690, 692, 705, 706, 707, 709, 711, 712, 713, 719, 721, 729, 730, 741, 746, 748, 750, 753, 755, 757, 764, 766, 767, 769, 772, 785, 791]","[90, 91, 294, 295, 296, 561, 562, 753, 754, 755]",[],7/6 successful match,True,[303],True,757,False,,0.8693877551020408,True,Speedy Fuel Truck Stop Dr ),
F Coalinga ( 93210 ) Harris Ranch Shell,3 559-935-0717 I-5 Exit 334 ( CA 198 E ),24 <U+25A1><U+25A1> M,Coalinga,93210,Harris Ranch Shell,559-935-0717,2014,Coalinga,CA,Shell,( CA 198 E ),I-5 Exit 334 ,Exit,334,False,,False,I-5,,,,,"[653, 182]","[182, 191, 653, 662]","[182, 191, 653, 662]","[182, 653]","[103, 104, 105, 106, 107, 108, 109, 110, 111, 112, 113, 114, 115, 116, 117, 118, 119, 120, 121, 122, 123, 124, 125, 126, 127, 128, 129, 130, 131, 132, 133, 134, 135, 136, 137, 138, 139, 140, 141, 142, 143, 144, 145, 146, 147, 148, 149, 150, 151, 152, 153, 154, 155, 156, 157, 158, 159, 160, 161, 162, 163, 164, 165, 166, 167, 168, 169, 170, 171, 172, 173, 174, 175, 176, 177, 178, 179, 180, 181, 182, 183, 184, 185, 186, 187, 188, 189, 190, 191, 192, 193, 194, 195, 196, 197, 198, 199, 200, 201, 202, 203, 204, 205, 206, 207, 208, 209, 210, 211, 212, 213, 214, 215, 216, 217, 218, 219, 220, 221, 222, 223, 224, 225, 226, 227, 228, 229, 230, 231, 232, 233, 234, 235, 236, 237, 238, 239, 240, 241, 242, 243, 244, 245, 246, 247, 248, 249, 250, 251, 252, 253, 254, 255, 256, 257, 258, 259, 260, 261, 262, 263, 264, 265, 266, 267, 268, 269, 270, 271, 272, 273, 274, 275, 276, 277, 278, 279, 280, 281, 282, 283, 284, 285, 286, 287, 288, 289, 290, 291, 292, 293, 294, 295, 296, 297, 298, 299, 300, 301, 302, 303, 304, 305, 306, 307, 308, 309, 310, 311, 312, 313, 314, 315, 316, 317, 318, 319, 320, 321, 322, 323, 324, 325, 326, 327, 328, 329, 330, 331, 332, 333, 334, 335, 336, 337, 574, 575, 576, 577, 578, 579, 580, 581, 582, 583, 584, 585, 586, 587, 588, 589, 590, 591, 592, 593, 594, 595, 596, 597, 598, 599, 600, 601, 602, 603, 604, 605, 606, 607, 608, 609, 610, 611, 612, 613, 614, 615, 616, 617, 618, 619, 620, 621, 622, 623, 624, 625, 626, 627, 628, 629, 630, 631, 632, 633, 634, 635, 636, 637, 638, 639, 640, 641, 642, 643, 644, 645, 646, 647, 648, 649, 650, 651, 652, 653, 654, 655, 656, 657, 658, 659, 660, 661, 662, 663, 664, 665, 666, 667, 668, 669, 670, 671, 672, 673, 674, 675, 676, 677, 678, 679, 680, 681, 682, 683, 684, 685, 686, 687, 688, 689, 690, 691, 692, 693, 694, 695, 696, 697, 698, 699, 700, 701, 702, 703, 704, 705, 706, 707, 708, 709, 710, 711, 712, 713, 714, 715, 716, 717, 718, 719, 720, 721, 722, 723, 724, 725, 726, 727, 728, 729, 730, 731, 732, 733, 734, 735, 736, 737, 738, 739, 740, 741, 742, 743, 744, 745, 746, 747, 748, 749, 750, 751, 752, 753, 754, 755, 756, 757, 758, 759, 760, 761, 762, 763, 764, 765, 766, 767, 768, 769, 770, 771, 772, 773, 774, 775, 776, 777, 778, 779, 780, 781, 782, 783, 784, 785, 786, 787, 788, 789, 790, 791, 792, 793]","[105, 114, 138, 141, 152, 153, 154, 155, 157, 159, 164, 165, 176, 182, 191, 192, 194, 195, 196, 200, 204, 208, 209, 210, 211, 215, 226, 228, 241, 242, 243, 245, 248, 249, 250, 257, 261, 270, 271, 282, 287, 289, 291, 294, 296, 298, 306, 308, 309, 311, 314, 327, 333, 335, 337, 576, 585, 609, 612, 623, 624, 626, 627, 629, 631, 636, 637, 647, 653, 662, 663, 665, 666, 667, 671, 674, 678, 679, 680, 681, 690, 692, 705, 706, 707, 709, 711, 712, 713, 719, 721, 729, 730, 741, 746, 748, 750, 753, 755, 757, 764, 766, 767, 769, 772, 785, 791]","[1, 13, 14, 29, 54, 55, 56, 57, 58, 60, 102, 118, 125, 127, 130, 134, 146, 149, 153, 175, 182, 187, 189, 191, 197, 225, 230, 238, 264, 265, 266, 286, 302, 317, 336, 379, 388, 389, 425, 454, 458, 463, 475, 487, 498, 499, 512, 530, 531, 532, 533, 534, 536, 573, 589, 596, 598, 601, 605, 617, 620, 624, 646, 653, 658, 660, 662, 668, 689, 694, 702, 724, 725, 745, 760, 775, 793, 829, 838, 839, 877, 901, 903, 905, 910, 923]","[1, 13, 14, 29, 54, 55, 56, 57, 58, 60, 102, 118, 125, 127, 130, 134, 146, 149, 153, 175, 182, 187, 189, 191, 197, 225, 230, 238, 264, 265, 266, 286, 302, 317, 336, 354, 379, 388, 389, 425, 454, 458, 463, 475, 487, 498, 499, 512, 530, 531, 532, 533, 534, 536, 573, 589, 596, 598, 601, 605, 617, 620, 624, 646, 653, 658, 660, 662, 668, 689, 694, 702, 724, 725, 745, 760, 775, 793, 809, 829, 838, 839, 877, 901, 903, 905, 910, 923]","[1, 13, 14, 29, 54, 55, 56, 57, 58, 60, 102, 103, 104, 105, 106, 107, 108, 109, 110, 111, 112, 113, 114, 115, 116, 117, 118, 119, 120, 121, 122, 123, 124, 125, 126, 127, 128, 129, 130, 131, 132, 133, 134, 135, 136, 137, 138, 139, 140, 141, 142, 143, 144, 145, 146, 147, 148, 149, 150, 151, 152, 153, 154, 155, 156, 157, 158, 159, 160, 161, 162, 163, 164, 165, 166, 167, 168, 169, 170, 171, 172, 173, 174, 175, 176, 177, 178, 179, 180, 181, 182, 183, 184, 185, 186, 187, 188, 189, 190, 191, 192, 193, 194, 195, 196, 197, 198, 199, 200, 201, 202, 203, 204, 205, 206, 207, 208, 209, 210, 211, 212, 213, 214, 215, 216, 217, 218, 219, 220, 221, 222, 223, 224, 225, 226, 227, 228, 229, 230, 231, 232, 233, 234, 235, 236, 237, 238, 239, 240, 241, 242, 243, 244, 245, 246, 247, 248, 249, 250, 251, 252, 253, 254, 255, 256, 257, 258, 259, 260, 261, 262, 263, 264, 265, 266, 267, 268, 269, 270, 271, 272, 273, 274, 275, 276, 277, 278, 279, 280, 281, 282, 283, 284, 285, 286, 287, 288, 289, 290, 291, 292, 293, 294, 295, 296, 297, 298, 299, 300, 301, 302, 303, 304, 305, 306, 307, 308, 309, 310, 311, 312, 313, 314, 315, 316, 317, 318, 319, 320, 321, 322, 323, 324, 325, 326, 327, 328, 329, 330, 331, 332, 333, 334, 335, 336, 337, 354, 379, 388, 389, 425, 454, 458, 463, 475, 487, 498, 499, 512, 530, 531, 532, 533, 534, 536, 573, 574, 575, 576, 577, 578, 579, 580, 581, 582, 583, 584, 585, 586, 587, 588, 589, 590, 591, 592, 593, 594, 595, 596, 597, 598, 599, 600, 601, 602, 603, 604, 605, 606, 607, 608, 609, 610, 611, 612, 613, 614, 615, 616, 617, 618, 619, 620, 621, 622, 623, 624, 625, 626, 627, 628, 629, 630, 631, 632, 633, 634, 635, 636, 637, 638, 639, 640, 641, 642, 643, 644, 645, 646, 647, 648, 649, 650, 651, 652, 653, 654, 655, 656, 657, 658, 659, 660, 661, 662, 663, 664, 665, 666, 667, 668, 669, 670, 671, 672, 673, 674, 675, 676, 677, 678, 679, 680, 681, 682, 683, 684, 685, 686, 687, 688, 689, 690, 691, 692, 693, 694, 695, 696, 697, 698, 699, 700, 701, 702, 703, 704, 705, 706, 707, 708, 709, 710, 711, 712, 713, 714, 715, 716, 717, 718, 719, 720, 721, 722, 723, 724, 725, 726, 727, 728, 729, 730, 731, 732, 733, 734, 735, 736, 737, 738, 739, 740, 741, 742, 743, 744, 745, 746, 747, 748, 749, 750, 751, 752, 753, 754, 755, 756, 757, 758, 759, 760, 761, 762, 763, 764, 765, 766, 767, 768, 769, 770, 771, 772, 773, 774, 775, 776, 777, 778, 779, 780, 781, 782, 783, 784, 785, 786, 787, 788, 789, 790, 791, 792, 793, 809, 829, 838, 839, 877, 901, 903, 905, 910, 923]",True,"[182, 191, 653, 662]","[103, 104, 105, 106, 107, 108, 109, 110, 111, 112, 113, 114, 115, 116, 117, 118, 119, 120, 121, 122, 123, 124, 125, 126, 127, 128, 129, 130, 131, 132, 133, 134, 135, 136, 137, 138, 139, 140, 141, 142, 143, 144, 145, 146, 147, 148, 149, 150, 151, 152, 153, 154, 155, 156, 157, 158, 159, 160, 161, 162, 163, 164, 165, 166, 167, 168, 169, 170, 171, 172, 173, 174, 175, 176, 177, 178, 179, 180, 181, 182, 183, 184, 185, 186, 187, 188, 189, 190, 191, 192, 193, 194, 195, 196, 197, 198, 199, 200, 201, 202, 203, 204, 205, 206, 207, 208, 209, 210, 211, 212, 213, 214, 215, 216, 217, 218, 219, 220, 221, 222, 223, 224, 225, 226, 227, 228, 229, 230, 231, 232, 233, 234, 235, 236, 237, 238, 239, 240, 241, 242, 243, 244, 245, 246, 247, 248, 249, 250, 251, 252, 253, 254, 255, 256, 257, 258, 259, 260, 261, 262, 263, 264, 265, 266, 267, 268, 269, 270, 271, 272, 273, 274, 275, 276, 277, 278, 279, 280, 281, 282, 283, 284, 285, 286, 287, 288, 289, 290, 291, 292, 293, 294, 295, 296, 297, 298, 299, 300, 301, 302, 303, 304, 305, 306, 307, 308, 309, 310, 311, 312, 313, 314, 315, 316, 317, 318, 319, 320, 321, 322, 323, 324, 325, 326, 327, 328, 329, 330, 331, 332, 333, 334, 335, 336, 337, 574, 575, 576, 577, 578, 579, 580, 581, 582, 583, 584, 585, 586, 587, 588, 589, 590, 591, 592, 593, 594, 595, 596, 597, 598, 599, 600, 601, 602, 603, 604, 605, 606, 607, 608, 609, 610, 611, 612, 613, 614, 615, 616, 617, 618, 619, 620, 621, 622, 623, 624, 625, 626, 627, 628, 629, 630, 631, 632, 633, 634, 635, 636, 637, 638, 639, 640, 641, 642, 643, 644, 645, 646, 647, 648, 649, 650, 651, 652, 653, 654, 655, 656, 657, 658, 659, 660, 661, 662, 663, 664, 665, 666, 667, 668, 669, 670, 671, 672, 673, 674, 675, 676, 677, 678, 679, 680, 681, 682, 683, 684, 685, 686, 687, 688, 689, 690, 691, 692, 693, 694, 695, 696, 697, 698, 699, 700, 701, 702, 703, 704, 705, 706, 707, 708, 709, 710, 711, 712, 713, 714, 715, 716, 717, 718, 719, 720, 721, 722, 723, 724, 725, 726, 727, 728, 729, 730, 731, 732, 733, 734, 735, 736, 737, 738, 739, 740, 741, 742, 743, 744, 745, 746, 747, 748, 749, 750, 751, 752, 753, 754, 755, 756, 757, 758, 759, 760, 761, 762, 763, 764, 765, 766, 767, 768, 769, 770, 771, 772, 773, 774, 775, 776, 777, 778, 779, 780, 781, 782, 783, 784, 785, 786, 787, 788, 789, 790, 791, 792, 793]","[182, 191, 653, 662]","[182, 653]","[105, 114, 138, 141, 152, 153, 154, 155, 157, 159, 164, 165, 176, 182, 191, 192, 194, 195, 196, 200, 204, 208, 209, 210, 211, 215, 226, 228, 241, 242, 243, 245, 248, 249, 250, 257, 261, 270, 271, 282, 287, 289, 291, 294, 296, 298, 306, 308, 309, 311, 314, 327, 333, 335, 337, 576, 585, 609, 612, 623, 624, 626, 627, 629, 631, 636, 637, 647, 653, 662, 663, 665, 666, 667, 671, 674, 678, 679, 680, 681, 690, 692, 705, 706, 707, 709, 711, 712, 713, 719, 721, 729, 730, 741, 746, 748, 750, 753, 755, 757, 764, 766, 767, 769, 772, 785, 791]","[1, 13, 14, 29, 54, 55, 56, 57, 58, 60, 102, 118, 125, 127, 130, 134, 146, 149, 153, 175, 182, 187, 189, 191, 197, 225, 230, 238, 264, 265, 266, 286, 302, 317, 336, 354, 379, 388, 389, 425, 454, 458, 463, 475, 487, 498, 499, 512, 530, 531, 532, 533, 534, 536, 573, 589, 596, 598, 601, 605, 617, 620, 624, 646, 653, 658, 660, 662, 668, 689, 694, 702, 724, 725, 745, 760, 775, 793, 809, 829, 838, 839, 877, 901, 903, 905, 910, 923]","[1, 13, 14, 29, 54, 55, 56, 57, 58, 60, 102, 118, 125, 127, 130, 134, 146, 149, 153, 175, 182, 187, 189, 191, 197, 225, 230, 238, 264, 265, 266, 286, 302, 317, 336, 379, 388, 389, 425, 454, 458, 463, 475, 487, 498, 499, 512, 530, 531, 532, 533, 534, 536, 573, 589, 596, 598, 601, 605, 617, 620, 624, 646, 653, 658, 660, 662, 668, 689, 694, 702, 724, 725, 745, 760, 775, 793, 829, 838, 839, 877, 901, 903, 905, 910, 923]",7/6 successful match,True,"[175, 176, 177, 178, 179, 180, 181, 182, 183]",True,758,False,,,,,
Coalinga ( 93210 ) Harris Ranch Shell,3 559-935-0717 I-5 Exit 334 ( CA 198 E ),24 HAS <U+2610> <U+2610> <U+2610> <U+2610>,Coalinga,93210,Harris Ranch Shell,559-935-0717,2015,Coalinga,CA,Shell,( CA 198 E ),I-5 Exit 334 ,Exit,334,False,,False,I-5,,,,,"[653, 182]","[182, 191, 653, 662]","[182, 191, 653, 662]","[182, 653]","[103, 104, 105, 106, 107, 108, 109, 110, 111, 112, 113, 114, 115, 116, 117, 118, 119, 120, 121, 122, 123, 124, 125, 126, 127, 128, 129, 130, 131, 132, 133, 134, 135, 136, 137, 138, 139, 140, 141, 142, 143, 144, 145, 146, 147, 148, 149, 150, 151, 152, 153, 154, 155, 156, 157, 158, 159, 160, 161, 162, 163, 164, 165, 166, 167, 168, 169, 170, 171, 172, 173, 174, 175, 176, 177, 178, 179, 180, 181, 182, 183, 184, 185, 186, 187, 188, 189, 190, 191, 192, 193, 194, 195, 196, 197, 198, 199, 200, 201, 202, 203, 204, 205, 206, 207, 208, 209, 210, 211, 212, 213, 214, 215, 216, 217, 218, 219, 220, 221, 222, 223, 224, 225, 226, 227, 228, 229, 230, 231, 232, 233, 234, 235, 236, 237, 238, 239, 240, 241, 242, 243, 244, 245, 246, 247, 248, 249, 250, 251, 252, 253, 254, 255, 256, 257, 258, 259, 260, 261, 262, 263, 264, 265, 266, 267, 268, 269, 270, 271, 272, 273, 274, 275, 276, 277, 278, 279, 280, 281, 282, 283, 284, 285, 286, 287, 288, 289, 290, 291, 292, 293, 294, 295, 296, 297, 298, 299, 300, 301, 302, 303, 304, 305, 306, 307, 308, 309, 310, 311, 312, 313, 314, 315, 316, 317, 318, 319, 320, 321, 322, 323, 324, 325, 326, 327, 328, 329, 330, 331, 332, 333, 334, 335, 336, 337, 574, 575, 576, 577, 578, 579, 580, 581, 582, 583, 584, 585, 586, 587, 588, 589, 590, 591, 592, 593, 594, 595, 596, 597, 598, 599, 600, 601, 602, 603, 604, 605, 606, 607, 608, 609, 610, 611, 612, 613, 614, 615, 616, 617, 618, 619, 620, 621, 622, 623, 624, 625, 626, 627, 628, 629, 630, 631, 632, 633, 634, 635, 636, 637, 638, 639, 640, 641, 642, 643, 644, 645, 646, 647, 648, 649, 650, 651, 652, 653, 654, 655, 656, 657, 658, 659, 660, 661, 662, 663, 664, 665, 666, 667, 668, 669, 670, 671, 672, 673, 674, 675, 676, 677, 678, 679, 680, 681, 682, 683, 684, 685, 686, 687, 688, 689, 690, 691, 692, 693, 694, 695, 696, 697, 698, 699, 700, 701, 702, 703, 704, 705, 706, 707, 708, 709, 710, 711, 712, 713, 714, 715, 716, 717, 718, 719, 720, 721, 722, 723, 724, 725, 726, 727, 728, 729, 730, 731, 732, 733, 734, 735, 736, 737, 738, 739, 740, 741, 742, 743, 744, 745, 746, 747, 748, 749, 750, 751, 752, 753, 754, 755, 756, 757, 758, 759, 760, 761, 762, 763, 764, 765, 766, 767, 768, 769, 770, 771, 772, 773, 774, 775, 776, 777, 778, 779, 780, 781, 782, 783, 784, 785, 786, 787, 788, 789, 790, 791, 792, 793]","[105, 114, 138, 141, 152, 153, 154, 155, 157, 159, 164, 165, 176, 182, 191, 192, 194, 195, 196, 200, 204, 208, 209, 210, 211, 215, 226, 228, 241, 242, 243, 245, 248, 249, 250, 257, 261, 270, 271, 282, 287, 289, 291, 294, 296, 298, 306, 308, 309, 311, 314, 327, 333, 335, 337, 576, 585, 609, 612, 623, 624, 626, 627, 629, 631, 636, 637, 647, 653, 662, 663, 665, 666, 667, 671, 674, 678, 679, 680, 681, 690, 692, 705, 706, 707, 709, 711, 712, 713, 719, 721, 729, 730, 741, 746, 748, 750, 753, 755, 757, 764, 766, 767, 769, 772, 785, 791]","[1, 13, 14, 29, 54, 55, 56, 57, 58, 60, 102, 118, 125, 127, 130, 134, 146, 149, 153, 175, 182, 187, 189, 191, 197, 225, 230, 238, 264, 265, 266, 286, 302, 317, 336, 379, 388, 389, 425, 454, 458, 463, 475, 487, 498, 499, 512, 530, 531, 532, 533, 534, 536, 573, 589, 596, 598, 601, 605, 617, 620, 624, 646, 653, 658, 660, 662, 668, 689, 694, 702, 724, 725, 745, 760, 775, 793, 829, 838, 839, 877, 901, 903, 905, 910, 923]","[1, 13, 14, 29, 54, 55, 56, 57, 58, 60, 102, 118, 125, 127, 130, 134, 146, 149, 153, 175, 182, 187, 189, 191, 197, 225, 230, 238, 264, 265, 266, 286, 302, 317, 336, 354, 379, 388, 389, 425, 454, 458, 463, 475, 487, 498, 499, 512, 530, 531, 532, 533, 534, 536, 573, 589, 596, 598, 601, 605, 617, 620, 624, 646, 653, 658, 660, 662, 668, 689, 694, 702, 724, 725, 745, 760, 775, 793, 809, 829, 838, 839, 877, 901, 903, 905, 910, 923]","[1, 13, 14, 29, 54, 55, 56, 57, 58, 60, 102, 103, 104, 105, 106, 107, 108, 109, 110, 111, 112, 113, 114, 115, 116, 117, 118, 119, 120, 121, 122, 123, 124, 125, 126, 127, 128, 129, 130, 131, 132, 133, 134, 135, 136, 137, 138, 139, 140, 141, 142, 143, 144, 145, 146, 147, 148, 149, 150, 151, 152, 153, 154, 155, 156, 157, 158, 159, 160, 161, 162, 163, 164, 165, 166, 167, 168, 169, 170, 171, 172, 173, 174, 175, 176, 177, 178, 179, 180, 181, 182, 183, 184, 185, 186, 187, 188, 189, 190, 191, 192, 193, 194, 195, 196, 197, 198, 199, 200, 201, 202, 203, 204, 205, 206, 207, 208, 209, 210, 211, 212, 213, 214, 215, 216, 217, 218, 219, 220, 221, 222, 223, 224, 225, 226, 227, 228, 229, 230, 231, 232, 233, 234, 235, 236, 237, 238, 239, 240, 241, 242, 243, 244, 245, 246, 247, 248, 249, 250, 251, 252, 253, 254, 255, 256, 257, 258, 259, 260, 261, 262, 263, 264, 265, 266, 267, 268, 269, 270, 271, 272, 273, 274, 275, 276, 277, 278, 279, 280, 281, 282, 283, 284, 285, 286, 287, 288, 289, 290, 291, 292, 293, 294, 295, 296, 297, 298, 299, 300, 301, 302, 303, 304, 305, 306, 307, 308, 309, 310, 311, 312, 313, 314, 315, 316, 317, 318, 319, 320, 321, 322, 323, 324, 325, 326, 327, 328, 329, 330, 331, 332, 333, 334, 335, 336, 337, 354, 379, 388, 389, 425, 454, 458, 463, 475, 487, 498, 499, 512, 530, 531, 532, 533, 534, 536, 573, 574, 575, 576, 577, 578, 579, 580, 581, 582, 583, 584, 585, 586, 587, 588, 589, 590, 591, 592, 593, 594, 595, 596, 597, 598, 599, 600, 601, 602, 603, 604, 605, 606, 607, 608, 609, 610, 611, 612, 613, 614, 615, 616, 617, 618, 619, 620, 621, 622, 623, 624, 625, 626, 627, 628, 629, 630, 631, 632, 633, 634, 635, 636, 637, 638, 639, 640, 641, 642, 643, 644, 645, 646, 647, 648, 649, 650, 651, 652, 653, 654, 655, 656, 657, 658, 659, 660, 661, 662, 663, 664, 665, 666, 667, 668, 669, 670, 671, 672, 673, 674, 675, 676, 677, 678, 679, 680, 681, 682, 683, 684, 685, 686, 687, 688, 689, 690, 691, 692, 693, 694, 695, 696, 697, 698, 699, 700, 701, 702, 703, 704, 705, 706, 707, 708, 709, 710, 711, 712, 713, 714, 715, 716, 717, 718, 719, 720, 721, 722, 723, 724, 725, 726, 727, 728, 729, 730, 731, 732, 733, 734, 735, 736, 737, 738, 739, 740, 741, 742, 743, 744, 745, 746, 747, 748, 749, 750, 751, 752, 753, 754, 755, 756, 757, 758, 759, 760, 761, 762, 763, 764, 765, 766, 767, 768, 769, 770, 771, 772, 773, 774, 775, 776, 777, 778, 779, 780, 781, 782, 783, 784, 785, 786, 787, 788, 789, 790, 791, 792, 793, 809, 829, 838, 839, 877, 901, 903, 905, 910, 923]",True,"[182, 191, 653, 662]","[103, 104, 105, 106, 107, 108, 109, 110, 111, 112, 113, 114, 115, 116, 117, 118, 119, 120, 121, 122, 123, 124, 125, 126, 127, 128, 129, 130, 131, 132, 133, 134, 135, 136, 137, 138, 139, 140, 141, 142, 143, 144, 145, 146, 147, 148, 149, 150, 151, 152, 153, 154, 155, 156, 157, 158, 159, 160, 161, 162, 163, 164, 165, 166, 167, 168, 169, 170, 171, 172, 173, 174, 175, 176, 177, 178, 179, 180, 181, 182, 183, 184, 185, 186, 187, 188, 189, 190, 191, 192, 193, 194, 195, 196, 197, 198, 199, 200, 201, 202, 203, 204, 205, 206, 207, 208, 209, 210, 211, 212, 213, 214, 215, 216, 217, 218, 219, 220, 221, 222, 223, 224, 225, 226, 227, 228, 229, 230, 231, 232, 233, 234, 235, 236, 237, 238, 239, 240, 241, 242, 243, 244, 245, 246, 247, 248, 249, 250, 251, 252, 253, 254, 255, 256, 257, 258, 259, 260, 261, 262, 263, 264, 265, 266, 267, 268, 269, 270, 271, 272, 273, 274, 275, 276, 277, 278, 279, 280, 281, 282, 283, 284, 285, 286, 287, 288, 289, 290, 291, 292, 293, 294, 295, 296, 297, 298, 299, 300, 301, 302, 303, 304, 305, 306, 307, 308, 309, 310, 311, 312, 313, 314, 315, 316, 317, 318, 319, 320, 321, 322, 323, 324, 325, 326, 327, 328, 329, 330, 331, 332, 333, 334, 335, 336, 337, 574, 575, 576, 577, 578, 579, 580, 581, 582, 583, 584, 585, 586, 587, 588, 589, 590, 591, 592, 593, 594, 595, 596, 597, 598, 599, 600, 601, 602, 603, 604, 605, 606, 607, 608, 609, 610, 611, 612, 613, 614, 615, 616, 617, 618, 619, 620, 621, 622, 623, 624, 625, 626, 627, 628, 629, 630, 631, 632, 633, 634, 635, 636, 637, 638, 639, 640, 641, 642, 643, 644, 645, 646, 647, 648, 649, 650, 651, 652, 653, 654, 655, 656, 657, 658, 659, 660, 661, 662, 663, 664, 665, 666, 667, 668, 669, 670, 671, 672, 673, 674, 675, 676, 677, 678, 679, 680, 681, 682, 683, 684, 685, 686, 687, 688, 689, 690, 691, 692, 693, 694, 695, 696, 697, 698, 699, 700, 701, 702, 703, 704, 705, 706, 707, 708, 709, 710, 711, 712, 713, 714, 715, 716, 717, 718, 719, 720, 721, 722, 723, 724, 725, 726, 727, 728, 729, 730, 731, 732, 733, 734, 735, 736, 737, 738, 739, 740, 741, 742, 743, 744, 745, 746, 747, 748, 749, 750, 751, 752, 753, 754, 755, 756, 757, 758, 759, 760, 761, 762, 763, 764, 765, 766, 767, 768, 769, 770, 771, 772, 773, 774, 775, 776, 777, 778, 779, 780, 781, 782, 783, 784, 785, 786, 787, 788, 789, 790, 791, 792, 793]","[182, 191, 653, 662]","[182, 653]","[105, 114, 138, 141, 152, 153, 154, 155, 157, 159, 164, 165, 176, 182, 191, 192, 194, 195, 196, 200, 204, 208, 209, 210, 211, 215, 226, 228, 241, 242, 243, 245, 248, 249, 250, 257, 261, 270, 271, 282, 287, 289, 291, 294, 296, 298, 306, 308, 309, 311, 314, 327, 333, 335, 337, 576, 585, 609, 612, 623, 624, 626, 627, 629, 631, 636, 637, 647, 653, 662, 663, 665, 666, 667, 671, 674, 678, 679, 680, 681, 690, 692, 705, 706, 707, 709, 711, 712, 713, 719, 721, 729, 730, 741, 746, 748, 750, 753, 755, 757, 764, 766, 767, 769, 772, 785, 791]","[1, 13, 14, 29, 54, 55, 56, 57, 58, 60, 102, 118, 125, 127, 130, 134, 146, 149, 153, 175, 182, 187, 189, 191, 197, 225, 230, 238, 264, 265, 266, 286, 302, 317, 336, 354, 379, 388, 389, 425, 454, 458, 463, 475, 487, 498, 499, 512, 530, 531, 532, 533, 534, 536, 573, 589, 596, 598, 601, 605, 617, 620, 624, 646, 653, 658, 660, 662, 668, 689, 694, 702, 724, 725, 745, 760, 775, 793, 809, 829, 838, 839, 877, 901, 903, 905, 910, 923]","[1, 13, 14, 29, 54, 55, 56, 57, 58, 60, 102, 118, 125, 127, 130, 134, 146, 149, 153, 175, 182, 187, 189, 191, 197, 225, 230, 238, 264, 265, 266, 286, 302, 317, 336, 379, 388, 389, 425, 454, 458, 463, 475, 487, 498, 499, 512, 530, 531, 532, 533, 534, 536, 573, 589, 596, 598, 601, 605, 617, 620, 624, 646, 653, 658, 660, 662, 668, 689, 694, 702, 724, 725, 745, 760, 775, 793, 829, 838, 839, 877, 901, 903, 905, 910, 923]",7/6 successful match,True,"[175, 176, 177, 178, 179, 180, 181, 182, 183]",True,758,False,,1.0,True,Harris Ranch Shell,Shell
Coalinga ( 93210 ) Harris Ranch Shell,3 559-935-0717 I-5 Exit 334 ( CA 198 E ),24 M,Coalinga,93210,Harris Ranch Shell,559-935-0717,2016,Coalinga,CA,Shell,( CA 198 E ),I-5 Exit 334 ,Exit,334,False,,False,I-5,,,,,"[653, 182]","[182, 191, 653, 662]","[182, 191, 653, 662]","[182, 653]","[103, 104, 105, 106, 107, 108, 109, 110, 111, 112, 113, 114, 115, 116, 117, 118, 119, 120, 121, 122, 123, 124, 125, 126, 127, 128, 129, 130, 131, 132, 133, 134, 135, 136, 137, 138, 139, 140, 141, 142, 143, 144, 145, 146, 147, 148, 149, 150, 151, 152, 153, 154, 155, 156, 157, 158, 159, 160, 161, 162, 163, 164, 165, 166, 167, 168, 169, 170, 171, 172, 173, 174, 175, 176, 177, 178, 179, 180, 181, 182, 183, 184, 185, 186, 187, 188, 189, 190, 191, 192, 193, 194, 195, 196, 197, 198, 199, 200, 201, 202, 203, 204, 205, 206, 207, 208, 209, 210, 211, 212, 213, 214, 215, 216, 217, 218, 219, 220, 221, 222, 223, 224, 225, 226, 227, 228, 229, 230, 231, 232, 233, 234, 235, 236, 237, 238, 239, 240, 241, 242, 243, 244, 245, 246, 247, 248, 249, 250, 251, 252, 253, 254, 255, 256, 257, 258, 259, 260, 261, 262, 263, 264, 265, 266, 267, 268, 269, 270, 271, 272, 273, 274, 275, 276, 277, 278, 279, 280, 281, 282, 283, 284, 285, 286, 287, 288, 289, 290, 291, 292, 293, 294, 295, 296, 297, 298, 299, 300, 301, 302, 303, 304, 305, 306, 307, 308, 309, 310, 311, 312, 313, 314, 315, 316, 317, 318, 319, 320, 321, 322, 323, 324, 325, 326, 327, 328, 329, 330, 331, 332, 333, 334, 335, 336, 337, 574, 575, 576, 577, 578, 579, 580, 581, 582, 583, 584, 585, 586, 587, 588, 589, 590, 591, 592, 593, 594, 595, 596, 597, 598, 599, 600, 601, 602, 603, 604, 605, 606, 607, 608, 609, 610, 611, 612, 613, 614, 615, 616, 617, 618, 619, 620, 621, 622, 623, 624, 625, 626, 627, 628, 629, 630, 631, 632, 633, 634, 635, 636, 637, 638, 639, 640, 641, 642, 643, 644, 645, 646, 647, 648, 649, 650, 651, 652, 653, 654, 655, 656, 657, 658, 659, 660, 661, 662, 663, 664, 665, 666, 667, 668, 669, 670, 671, 672, 673, 674, 675, 676, 677, 678, 679, 680, 681, 682, 683, 684, 685, 686, 687, 688, 689, 690, 691, 692, 693, 694, 695, 696, 697, 698, 699, 700, 701, 702, 703, 704, 705, 706, 707, 708, 709, 710, 711, 712, 713, 714, 715, 716, 717, 718, 719, 720, 721, 722, 723, 724, 725, 726, 727, 728, 729, 730, 731, 732, 733, 734, 735, 736, 737, 738, 739, 740, 741, 742, 743, 744, 745, 746, 747, 748, 749, 750, 751, 752, 753, 754, 755, 756, 757, 758, 759, 760, 761, 762, 763, 764, 765, 766, 767, 768, 769, 770, 771, 772, 773, 774, 775, 776, 777, 778, 779, 780, 781, 782, 783, 784, 785, 786, 787, 788, 789, 790, 791, 792, 793]","[105, 114, 138, 141, 152, 153, 154, 155, 157, 159, 164, 165, 176, 182, 191, 192, 194, 195, 196, 200, 204, 208, 209, 210, 211, 215, 226, 228, 241, 242, 243, 245, 248, 249, 250, 257, 261, 270, 271, 282, 287, 289, 291, 294, 296, 298, 306, 308, 309, 311, 314, 327, 333, 335, 337, 576, 585, 609, 612, 623, 624, 626, 627, 629, 631, 636, 637, 647, 653, 662, 663, 665, 666, 667, 671, 674, 678, 679, 680, 681, 690, 692, 705, 706, 707, 709, 711, 712, 713, 719, 721, 729, 730, 741, 746, 748, 750, 753, 755, 757, 764, 766, 767, 769, 772, 785, 791]","[1, 13, 14, 29, 54, 55, 56, 57, 58, 60, 102, 118, 125, 127, 130, 134, 146, 149, 153, 175, 182, 187, 189, 191, 197, 225, 230, 238, 264, 265, 266, 286, 302, 317, 336, 379, 388, 389, 425, 454, 458, 463, 475, 487, 498, 499, 512, 530, 531, 532, 533, 534, 536, 573, 589, 596, 598, 601, 605, 617, 620, 624, 646, 653, 658, 660, 662, 668, 689, 694, 702, 724, 725, 745, 760, 775, 793, 829, 838, 839, 877, 901, 903, 905, 910, 923]","[1, 13, 14, 29, 54, 55, 56, 57, 58, 60, 102, 118, 125, 127, 130, 134, 146, 149, 153, 175, 182, 187, 189, 191, 197, 225, 230, 238, 264, 265, 266, 286, 302, 317, 336, 354, 379, 388, 389, 425, 454, 458, 463, 475, 487, 498, 499, 512, 530, 531, 532, 533, 534, 536, 573, 589, 596, 598, 601, 605, 617, 620, 624, 646, 653, 658, 660, 662, 668, 689, 694, 702, 724, 725, 745, 760, 775, 793, 809, 829, 838, 839, 877, 901, 903, 905, 910, 923]","[1, 13, 14, 29, 54, 55, 56, 57, 58, 60, 102, 103, 104, 105, 106, 107, 108, 109, 110, 111, 112, 113, 114, 115, 116, 117, 118, 119, 120, 121, 122, 123, 124, 125, 126, 127, 128, 129, 130, 131, 132, 133, 134, 135, 136, 137, 138, 139, 140, 141, 142, 143, 144, 145, 146, 147, 148, 149, 150, 151, 152, 153, 154, 155, 156, 157, 158, 159, 160, 161, 162, 163, 164, 165, 166, 167, 168, 169, 170, 171, 172, 173, 174, 175, 176, 177, 178, 179, 180, 181, 182, 183, 184, 185, 186, 187, 188, 189, 190, 191, 192, 193, 194, 195, 196, 197, 198, 199, 200, 201, 202, 203, 204, 205, 206, 207, 208, 209, 210, 211, 212, 213, 214, 215, 216, 217, 218, 219, 220, 221, 222, 223, 224, 225, 226, 227, 228, 229, 230, 231, 232, 233, 234, 235, 236, 237, 238, 239, 240, 241, 242, 243, 244, 245, 246, 247, 248, 249, 250, 251, 252, 253, 254, 255, 256, 257, 258, 259, 260, 261, 262, 263, 264, 265, 266, 267, 268, 269, 270, 271, 272, 273, 274, 275, 276, 277, 278, 279, 280, 281, 282, 283, 284, 285, 286, 287, 288, 289, 290, 291, 292, 293, 294, 295, 296, 297, 298, 299, 300, 301, 302, 303, 304, 305, 306, 307, 308, 309, 310, 311, 312, 313, 314, 315, 316, 317, 318, 319, 320, 321, 322, 323, 324, 325, 326, 327, 328, 329, 330, 331, 332, 333, 334, 335, 336, 337, 354, 379, 388, 389, 425, 454, 458, 463, 475, 487, 498, 499, 512, 530, 531, 532, 533, 534, 536, 573, 574, 575, 576, 577, 578, 579, 580, 581, 582, 583, 584, 585, 586, 587, 588, 589, 590, 591, 592, 593, 594, 595, 596, 597, 598, 599, 600, 601, 602, 603, 604, 605, 606, 607, 608, 609, 610, 611, 612, 613, 614, 615, 616, 617, 618, 619, 620, 621, 622, 623, 624, 625, 626, 627, 628, 629, 630, 631, 632, 633, 634, 635, 636, 637, 638, 639, 640, 641, 642, 643, 644, 645, 646, 647, 648, 649, 650, 651, 652, 653, 654, 655, 656, 657, 658, 659, 660, 661, 662, 663, 664, 665, 666, 667, 668, 669, 670, 671, 672, 673, 674, 675, 676, 677, 678, 679, 680, 681, 682, 683, 684, 685, 686, 687, 688, 689, 690, 691, 692, 693, 694, 695, 696, 697, 698, 699, 700, 701, 702, 703, 704, 705, 706, 707, 708, 709, 710, 711, 712, 713, 714, 715, 716, 717, 718, 719, 720, 721, 722, 723, 724, 725, 726, 727, 728, 729, 730, 731, 732, 733, 734, 735, 736, 737, 738, 739, 740, 741, 742, 743, 744, 745, 746, 747, 748, 749, 750, 751, 752, 753, 754, 755, 756, 757, 758, 759, 760, 761, 762, 763, 764, 765, 766, 767, 768, 769, 770, 771, 772, 773, 774, 775, 776, 777, 778, 779, 780, 781, 782, 783, 784, 785, 786, 787, 788, 789, 790, 791, 792, 793, 809, 829, 838, 839, 877, 901, 903, 905, 910, 923]",True,"[182, 191, 653, 662]","[103, 104, 105, 106, 107, 108, 109, 110, 111, 112, 113, 114, 115, 116, 117, 118, 119, 120, 121, 122, 123, 124, 125, 126, 127, 128, 129, 130, 131, 132, 133, 134, 135, 136, 137, 138, 139, 140, 141, 142, 143, 144, 145, 146, 147, 148, 149, 150, 151, 152, 153, 154, 155, 156, 157, 158, 159, 160, 161, 162, 163, 164, 165, 166, 167, 168, 169, 170, 171, 172, 173, 174, 175, 176, 177, 178, 179, 180, 181, 182, 183, 184, 185, 186, 187, 188, 189, 190, 191, 192, 193, 194, 195, 196, 197, 198, 199, 200, 201, 202, 203, 204, 205, 206, 207, 208, 209, 210, 211, 212, 213, 214, 215, 216, 217, 218, 219, 220, 221, 222, 223, 224, 225, 226, 227, 228, 229, 230, 231, 232, 233, 234, 235, 236, 237, 238, 239, 240, 241, 242, 243, 244, 245, 246, 247, 248, 249, 250, 251, 252, 253, 254, 255, 256, 257, 258, 259, 260, 261, 262, 263, 264, 265, 266, 267, 268, 269, 270, 271, 272, 273, 274, 275, 276, 277, 278, 279, 280, 281, 282, 283, 284, 285, 286, 287, 288, 289, 290, 291, 292, 293, 294, 295, 296, 297, 298, 299, 300, 301, 302, 303, 304, 305, 306, 307, 308, 309, 310, 311, 312, 313, 314, 315, 316, 317, 318, 319, 320, 321, 322, 323, 324, 325, 326, 327, 328, 329, 330, 331, 332, 333, 334, 335, 336, 337, 574, 575, 576, 577, 578, 579, 580, 581, 582, 583, 584, 585, 586, 587, 588, 589, 590, 591, 592, 593, 594, 595, 596, 597, 598, 599, 600, 601, 602, 603, 604, 605, 606, 607, 608, 609, 610, 611, 612, 613, 614, 615, 616, 617, 618, 619, 620, 621, 622, 623, 624, 625, 626, 627, 628, 629, 630, 631, 632, 633, 634, 635, 636, 637, 638, 639, 640, 641, 642, 643, 644, 645, 646, 647, 648, 649, 650, 651, 652, 653, 654, 655, 656, 657, 658, 659, 660, 661, 662, 663, 664, 665, 666, 667, 668, 669, 670, 671, 672, 673, 674, 675, 676, 677, 678, 679, 680, 681, 682, 683, 684, 685, 686, 687, 688, 689, 690, 691, 692, 693, 694, 695, 696, 697, 698, 699, 700, 701, 702, 703, 704, 705, 706, 707, 708, 709, 710, 711, 712, 713, 714, 715, 716, 717, 718, 719, 720, 721, 722, 723, 724, 725, 726, 727, 728, 729, 730, 731, 732, 733, 734, 735, 736, 737, 738, 739, 740, 741, 742, 743, 744, 745, 746, 747, 748, 749, 750, 751, 752, 753, 754, 755, 756, 757, 758, 759, 760, 761, 762, 763, 764, 765, 766, 767, 768, 769, 770, 771, 772, 773, 774, 775, 776, 777, 778, 779, 780, 781, 782, 783, 784, 785, 786, 787, 788, 789, 790, 791, 792, 793]","[182, 191, 653, 662]","[182, 653]","[105, 114, 138, 141, 152, 153, 154, 155, 157, 159, 164, 165, 176, 182, 191, 192, 194, 195, 196, 200, 204, 208, 209, 210, 211, 215, 226, 228, 241, 242, 243, 245, 248, 249, 250, 257, 261, 270, 271, 282, 287, 289, 291, 294, 296, 298, 306, 308, 309, 311, 314, 327, 333, 335, 337, 576, 585, 609, 612, 623, 624, 626, 627, 629, 631, 636, 637, 647, 653, 662, 663, 665, 666, 667, 671, 674, 678, 679, 680, 681, 690, 692, 705, 706, 707, 709, 711, 712, 713, 719, 721, 729, 730, 741, 746, 748, 750, 753, 755, 757, 764, 766, 767, 769, 772, 785, 791]","[1, 13, 14, 29, 54, 55, 56, 57, 58, 60, 102, 118, 125, 127, 130, 134, 146, 149, 153, 175, 182, 187, 189, 191, 197, 225, 230, 238, 264, 265, 266, 286, 302, 317, 336, 354, 379, 388, 389, 425, 454, 458, 463, 475, 487, 498, 499, 512, 530, 531, 532, 533, 534, 536, 573, 589, 596, 598, 601, 605, 617, 620, 624, 646, 653, 658, 660, 662, 668, 689, 694, 702, 724, 725, 745, 760, 775, 793, 809, 829, 838, 839, 877, 901, 903, 905, 910, 923]","[1, 13, 14, 29, 54, 55, 56, 57, 58, 60, 102, 118, 125, 127, 130, 134, 146, 149, 153, 175, 182, 187, 189, 191, 197, 225, 230, 238, 264, 265, 266, 286, 302, 317, 336, 379, 388, 389, 425, 454, 458, 463, 475, 487, 498, 499, 512, 530, 531, 532, 533, 534, 536, 573, 589, 596, 598, 601, 605, 617, 620, 624, 646, 653, 658, 660, 662, 668, 689, 694, 702, 724, 725, 745, 760, 775, 793, 829, 838, 839, 877, 901, 903, 905, 910, 923]",7/6 successful match,True,"[175, 176, 177, 178, 179, 180, 181, 182, 183]",True,758,False,,1.0,True,Harris Ranch Shell,Shell
Coalinga ( 93210 ) Jayne Travel Center ( Shell ),3 559-935-3400 I-5 Exit 325 ( Jayne Ave E ),24 L <U+2610> D,Coalinga,93210,Jayne Travel Center ( Shell ),559-935-3400,2014,Coalinga,CA,Shell,( Jayne Ave E ),I-5 Exit 325 ,Exit,325,False,,False,I-5,,,,,"[662, 191]","[182, 191, 653, 662]","[182, 191, 653, 662]","[60, 191, 536, 662]","[103, 104, 105, 106, 107, 108, 109, 110, 111, 112, 113, 114, 115, 116, 117, 118, 119, 120, 121, 122, 123, 124, 125, 126, 127, 128, 129, 130, 131, 132, 133, 134, 135, 136, 137, 138, 139, 140, 141, 142, 143, 144, 145, 146, 147, 148, 149, 150, 151, 152, 153, 154, 155, 156, 157, 158, 159, 160, 161, 162, 163, 164, 165, 166, 167, 168, 169, 170, 171, 172, 173, 174, 175, 176, 177, 178, 179, 180, 181, 182, 183, 184, 185, 186, 187, 188, 189, 190, 191, 192, 193, 194, 195, 196, 197, 198, 199, 200, 201, 202, 203, 204, 205, 206, 207, 208, 209, 210, 211, 212, 213, 214, 215, 216, 217, 218, 219, 220, 221, 222, 223, 224, 225, 226, 227, 228, 229, 230, 231, 232, 233, 234, 235, 236, 237, 238, 239, 240, 241, 242, 243, 244, 245, 246, 247, 248, 249, 250, 251, 252, 253, 254, 255, 256, 257, 258, 259, 260, 261, 262, 263, 264, 265, 266, 267, 268, 269, 270, 271, 272, 273, 274, 275, 276, 277, 278, 279, 280, 281, 282, 283, 284, 285, 286, 287, 288, 289, 290, 291, 292, 293, 294, 295, 296, 297, 298, 299, 300, 301, 302, 303, 304, 305, 306, 307, 308, 309, 310, 311, 312, 313, 314, 315, 316, 317, 318, 319, 320, 321, 322, 323, 324, 325, 326, 327, 328, 329, 330, 331, 332, 333, 334, 335, 336, 337, 574, 575, 576, 577, 578, 579, 580, 581, 582, 583, 584, 585, 586, 587, 588, 589, 590, 591, 592, 593, 594, 595, 596, 597, 598, 599, 600, 601, 602, 603, 604, 605, 606, 607, 608, 609, 610, 611, 612, 613, 614, 615, 616, 617, 618, 619, 620, 621, 622, 623, 624, 625, 626, 627, 628, 629, 630, 631, 632, 633, 634, 635, 636, 637, 638, 639, 640, 641, 642, 643, 644, 645, 646, 647, 648, 649, 650, 651, 652, 653, 654, 655, 656, 657, 658, 659, 660, 661, 662, 663, 664, 665, 666, 667, 668, 669, 670, 671, 672, 673, 674, 675, 676, 677, 678, 679, 680, 681, 682, 683, 684, 685, 686, 687, 688, 689, 690, 691, 692, 693, 694, 695, 696, 697, 698, 699, 700, 701, 702, 703, 704, 705, 706, 707, 708, 709, 710, 711, 712, 713, 714, 715, 716, 717, 718, 719, 720, 721, 722, 723, 724, 725, 726, 727, 728, 729, 730, 731, 732, 733, 734, 735, 736, 737, 738, 739, 740, 741, 742, 743, 744, 745, 746, 747, 748, 749, 750, 751, 752, 753, 754, 755, 756, 757, 758, 759, 760, 761, 762, 763, 764, 765, 766, 767, 768, 769, 770, 771, 772, 773, 774, 775, 776, 777, 778, 779, 780, 781, 782, 783, 784, 785, 786, 787, 788, 789, 790, 791, 792, 793]","[105, 114, 138, 141, 152, 153, 154, 155, 157, 159, 164, 165, 176, 182, 191, 192, 194, 195, 196, 200, 204, 208, 209, 210, 211, 215, 226, 228, 241, 242, 243, 245, 248, 249, 250, 257, 261, 270, 271, 282, 287, 289, 291, 294, 296, 298, 306, 308, 309, 311, 314, 327, 333, 335, 337, 576, 585, 609, 612, 623, 624, 626, 627, 629, 631, 636, 637, 647, 653, 662, 663, 665, 666, 667, 671, 674, 678, 679, 680, 681, 690, 692, 705, 706, 707, 709, 711, 712, 713, 719, 721, 729, 730, 741, 746, 748, 750, 753, 755, 757, 764, 766, 767, 769, 772, 785, 791]","[1, 13, 14, 29, 54, 55, 56, 57, 58, 60, 102, 118, 125, 127, 130, 134, 146, 149, 153, 175, 182, 187, 189, 191, 197, 225, 230, 238, 264, 265, 266, 286, 302, 317, 336, 379, 388, 389, 425, 454, 458, 463, 475, 487, 498, 499, 512, 530, 531, 532, 533, 534, 536, 573, 589, 596, 598, 601, 605, 617, 620, 624, 646, 653, 658, 660, 662, 668, 689, 694, 702, 724, 725, 745, 760, 775, 793, 829, 838, 839, 877, 901, 903, 905, 910, 923]","[1, 13, 14, 29, 54, 55, 56, 57, 58, 60, 102, 118, 125, 127, 130, 134, 146, 149, 153, 175, 182, 187, 189, 191, 197, 225, 230, 238, 264, 265, 266, 286, 302, 317, 336, 354, 379, 388, 389, 425, 454, 458, 463, 475, 487, 498, 499, 512, 530, 531, 532, 533, 534, 536, 573, 589, 596, 598, 601, 605, 617, 620, 624, 646, 653, 658, 660, 662, 668, 689, 694, 702, 724, 725, 745, 760, 775, 793, 809, 829, 838, 839, 877, 901, 903, 905, 910, 923]","[1, 13, 14, 29, 54, 55, 56, 57, 58, 60, 102, 103, 104, 105, 106, 107, 108, 109, 110, 111, 112, 113, 114, 115, 116, 117, 118, 119, 120, 121, 122, 123, 124, 125, 126, 127, 128, 129, 130, 131, 132, 133, 134, 135, 136, 137, 138, 139, 140, 141, 142, 143, 144, 145, 146, 147, 148, 149, 150, 151, 152, 153, 154, 155, 156, 157, 158, 159, 160, 161, 162, 163, 164, 165, 166, 167, 168, 169, 170, 171, 172, 173, 174, 175, 176, 177, 178, 179, 180, 181, 182, 183, 184, 185, 186, 187, 188, 189, 190, 191, 192, 193, 194, 195, 196, 197, 198, 199, 200, 201, 202, 203, 204, 205, 206, 207, 208, 209, 210, 211, 212, 213, 214, 215, 216, 217, 218, 219, 220, 221, 222, 223, 224, 225, 226, 227, 228, 229, 230, 231, 232, 233, 234, 235, 236, 237, 238, 239, 240, 241, 242, 243, 244, 245, 246, 247, 248, 249, 250, 251, 252, 253, 254, 255, 256, 257, 258, 259, 260, 261, 262, 263, 264, 265, 266, 267, 268, 269, 270, 271, 272, 273, 274, 275, 276, 277, 278, 279, 280, 281, 282, 283, 284, 285, 286, 287, 288, 289, 290, 291, 292, 293, 294, 295, 296, 297, 298, 299, 300, 301, 302, 303, 304, 305, 306, 307, 308, 309, 310, 311, 312, 313, 314, 315, 316, 317, 318, 319, 320, 321, 322, 323, 324, 325, 326, 327, 328, 329, 330, 331, 332, 333, 334, 335, 336, 337, 354, 379, 388, 389, 425, 454, 458, 463, 475, 487, 498, 499, 512, 530, 531, 532, 533, 534, 536, 573, 574, 575, 576, 577, 578, 579, 580, 581, 582, 583, 584, 585, 586, 587, 588, 589, 590, 591, 592, 593, 594, 595, 596, 597, 598, 599, 600, 601, 602, 603, 604, 605, 606, 607, 608, 609, 610, 611, 612, 613, 614, 615, 616, 617, 618, 619, 620, 621, 622, 623, 624, 625, 626, 627, 628, 629, 630, 631, 632, 633, 634, 635, 636, 637, 638, 639, 640, 641, 642, 643, 644, 645, 646, 647, 648, 649, 650, 651, 652, 653, 654, 655, 656, 657, 658, 659, 660, 661, 662, 663, 664, 665, 666, 667, 668, 669, 670, 671, 672, 673, 674, 675, 676, 677, 678, 679, 680, 681, 682, 683, 684, 685, 686, 687, 688, 689, 690, 691, 692, 693, 694, 695, 696, 697, 698, 699, 700, 701, 702, 703, 704, 705, 706, 707, 708, 709, 710, 711, 712, 713, 714, 715, 716, 717, 718, 719, 720, 721, 722, 723, 724, 725, 726, 727, 728, 729, 730, 731, 732, 733, 734, 735, 736, 737, 738, 739, 740, 741, 742, 743, 744, 745, 746, 747, 748, 749, 750, 751, 752, 753, 754, 755, 756, 757, 758, 759, 760, 761, 762, 763, 764, 765, 766, 767, 768, 769, 770, 771, 772, 773, 774, 775, 776, 777, 778, 779, 780, 781, 782, 783, 784, 785, 786, 787, 788, 789, 790, 791, 792, 793, 809, 829, 838, 839, 877, 901, 903, 905, 910, 923]",True,"[182, 191, 653, 662]","[103, 104, 105, 106, 107, 108, 109, 110, 111, 112, 113, 114, 115, 116, 117, 118, 119, 120, 121, 122, 123, 124, 125, 126, 127, 128, 129, 130, 131, 132, 133, 134, 135, 136, 137, 138, 139, 140, 141, 142, 143, 144, 145, 146, 147, 148, 149, 150, 151, 152, 153, 154, 155, 156, 157, 158, 159, 160, 161, 162, 163, 164, 165, 166, 167, 168, 169, 170, 171, 172, 173, 174, 175, 176, 177, 178, 179, 180, 181, 182, 183, 184, 185, 186, 187, 188, 189, 190, 191, 192, 193, 194, 195, 196, 197, 198, 199, 200, 201, 202, 203, 204, 205, 206, 207, 208, 209, 210, 211, 212, 213, 214, 215, 216, 217, 218, 219, 220, 221, 222, 223, 224, 225, 226, 227, 228, 229, 230, 231, 232, 233, 234, 235, 236, 237, 238, 239, 240, 241, 242, 243, 244, 245, 246, 247, 248, 249, 250, 251, 252, 253, 254, 255, 256, 257, 258, 259, 260, 261, 262, 263, 264, 265, 266, 267, 268, 269, 270, 271, 272, 273, 274, 275, 276, 277, 278, 279, 280, 281, 282, 283, 284, 285, 286, 287, 288, 289, 290, 291, 292, 293, 294, 295, 296, 297, 298, 299, 300, 301, 302, 303, 304, 305, 306, 307, 308, 309, 310, 311, 312, 313, 314, 315, 316, 317, 318, 319, 320, 321, 322, 323, 324, 325, 326, 327, 328, 329, 330, 331, 332, 333, 334, 335, 336, 337, 574, 575, 576, 577, 578, 579, 580, 581, 582, 583, 584, 585, 586, 587, 588, 589, 590, 591, 592, 593, 594, 595, 596, 597, 598, 599, 600, 601, 602, 603, 604, 605, 606, 607, 608, 609, 610, 611, 612, 613, 614, 615, 616, 617, 618, 619, 620, 621, 622, 623, 624, 625, 626, 627, 628, 629, 630, 631, 632, 633, 634, 635, 636, 637, 638, 639, 640, 641, 642, 643, 644, 645, 646, 647, 648, 649, 650, 651, 652, 653, 654, 655, 656, 657, 658, 659, 660, 661, 662, 663, 664, 665, 666, 667, 668, 669, 670, 671, 672, 673, 674, 675, 676, 677, 678, 679, 680, 681, 682, 683, 684, 685, 686, 687, 688, 689, 690, 691, 692, 693, 694, 695, 696, 697, 698, 699, 700, 701, 702, 703, 704, 705, 706, 707, 708, 709, 710, 711, 712, 713, 714, 715, 716, 717, 718, 719, 720, 721, 722, 723, 724, 725, 726, 727, 728, 729, 730, 731, 732, 733, 734, 735, 736, 737, 738, 739, 740, 741, 742, 743, 744, 745, 746, 747, 748, 749, 750, 751, 752, 753, 754, 755, 756, 757, 758, 759, 760, 761, 762, 763, 764, 765, 766, 767, 768, 769, 770, 771, 772, 773, 774, 775, 776, 777, 778, 779, 780, 781, 782, 783, 784, 785, 786, 787, 788, 789, 790, 791, 792, 793]","[182, 191, 653, 662]","[60, 191, 536, 662]","[105, 114, 138, 141, 152, 153, 154, 155, 157, 159, 164, 165, 176, 182, 191, 192, 194, 195, 196, 200, 204, 208, 209, 210, 211, 215, 226, 228, 241, 242, 243, 245, 248, 249, 250, 257, 261, 270, 271, 282, 287, 289, 291, 294, 296, 298, 306, 308, 309, 311, 314, 327, 333, 335, 337, 576, 585, 609, 612, 623, 624, 626, 627, 629, 631, 636, 637, 647, 653, 662, 663, 665, 666, 667, 671, 674, 678, 679, 680, 681, 690, 692, 705, 706, 707, 709, 711, 712, 713, 719, 721, 729, 730, 741, 746, 748, 750, 753, 755, 757, 764, 766, 767, 769, 772, 785, 791]","[1, 13, 14, 29, 54, 55, 56, 57, 58, 60, 102, 118, 125, 127, 130, 134, 146, 149, 153, 175, 182, 187, 189, 191, 197, 225, 230, 238, 264, 265, 266, 286, 302, 317, 336, 354, 379, 388, 389, 425, 454, 458, 463, 475, 487, 498, 499, 512, 530, 531, 532, 533, 534, 536, 573, 589, 596, 598, 601, 605, 617, 620, 624, 646, 653, 658, 660, 662, 668, 689, 694, 702, 724, 725, 745, 760, 775, 793, 809, 829, 838, 839, 877, 901, 903, 905, 910, 923]","[1, 13, 14, 29, 54, 55, 56, 57, 58, 60, 102, 118, 125, 127, 130, 134, 146, 149, 153, 175, 182, 187, 189, 191, 197, 225, 230, 238, 264, 265, 266, 286, 302, 317, 336, 379, 388, 389, 425, 454, 458, 463, 475, 487, 498, 499, 512, 530, 531, 532, 533, 534, 536, 573, 589, 596, 598, 601, 605, 617, 620, 624, 646, 653, 658, 660, 662, 668, 689, 694, 702, 724, 725, 745, 760, 775, 793, 829, 838, 839, 877, 901, 903, 905, 910, 923]",7/6 successful match,True,"[378, 379, 380, 381]",True,759,False,,,,,
Coalinga ( 93210 ) Jayne Travel Center ( Shell ),559-935-3400 I-5 Exit 325 ( Jayne Ave E ),24 L <U+2610> <U+2610>,Coalinga,93210,Jayne Travel Center ( Shell ),559-935-3400,2015,Coalinga,CA,Shell,( Jayne Ave E ),I-5 Exit 325 ,Exit,325,False,,False,I-5,,,,,"[662, 191]","[182, 191, 653, 662]","[182, 191, 653, 662]","[60, 191, 536, 662]","[103, 104, 105, 106, 107, 108, 109, 110, 111, 112, 113, 114, 115, 116, 117, 118, 119, 120, 121, 122, 123, 124, 125, 126, 127, 128, 129, 130, 131, 132, 133, 134, 135, 136, 137, 138, 139, 140, 141, 142, 143, 144, 145, 146, 147, 148, 149, 150, 151, 152, 153, 154, 155, 156, 157, 158, 159, 160, 161, 162, 163, 164, 165, 166, 167, 168, 169, 170, 171, 172, 173, 174, 175, 176, 177, 178, 179, 180, 181, 182, 183, 184, 185, 186, 187, 188, 189, 190, 191, 192, 193, 194, 195, 196, 197, 198, 199, 200, 201, 202, 203, 204, 205, 206, 207, 208, 209, 210, 211, 212, 213, 214, 215, 216, 217, 218, 219, 220, 221, 222, 223, 224, 225, 226, 227, 228, 229, 230, 231, 232, 233, 234, 235, 236, 237, 238, 239, 240, 241, 242, 243, 244, 245, 246, 247, 248, 249, 250, 251, 252, 253, 254, 255, 256, 257, 258, 259, 260, 261, 262, 263, 264, 265, 266, 267, 268, 269, 270, 271, 272, 273, 274, 275, 276, 277, 278, 279, 280, 281, 282, 283, 284, 285, 286, 287, 288, 289, 290, 291, 292, 293, 294, 295, 296, 297, 298, 299, 300, 301, 302, 303, 304, 305, 306, 307, 308, 309, 310, 311, 312, 313, 314, 315, 316, 317, 318, 319, 320, 321, 322, 323, 324, 325, 326, 327, 328, 329, 330, 331, 332, 333, 334, 335, 336, 337, 574, 575, 576, 577, 578, 579, 580, 581, 582, 583, 584, 585, 586, 587, 588, 589, 590, 591, 592, 593, 594, 595, 596, 597, 598, 599, 600, 601, 602, 603, 604, 605, 606, 607, 608, 609, 610, 611, 612, 613, 614, 615, 616, 617, 618, 619, 620, 621, 622, 623, 624, 625, 626, 627, 628, 629, 630, 631, 632, 633, 634, 635, 636, 637, 638, 639, 640, 641, 642, 643, 644, 645, 646, 647, 648, 649, 650, 651, 652, 653, 654, 655, 656, 657, 658, 659, 660, 661, 662, 663, 664, 665, 666, 667, 668, 669, 670, 671, 672, 673, 674, 675, 676, 677, 678, 679, 680, 681, 682, 683, 684, 685, 686, 687, 688, 689, 690, 691, 692, 693, 694, 695, 696, 697, 698, 699, 700, 701, 702, 703, 704, 705, 706, 707, 708, 709, 710, 711, 712, 713, 714, 715, 716, 717, 718, 719, 720, 721, 722, 723, 724, 725, 726, 727, 728, 729, 730, 731, 732, 733, 734, 735, 736, 737, 738, 739, 740, 741, 742, 743, 744, 745, 746, 747, 748, 749, 750, 751, 752, 753, 754, 755, 756, 757, 758, 759, 760, 761, 762, 763, 764, 765, 766, 767, 768, 769, 770, 771, 772, 773, 774, 775, 776, 777, 778, 779, 780, 781, 782, 783, 784, 785, 786, 787, 788, 789, 790, 791, 792, 793]","[105, 114, 138, 141, 152, 153, 154, 155, 157, 159, 164, 165, 176, 182, 191, 192, 194, 195, 196, 200, 204, 208, 209, 210, 211, 215, 226, 228, 241, 242, 243, 245, 248, 249, 250, 257, 261, 270, 271, 282, 287, 289, 291, 294, 296, 298, 306, 308, 309, 311, 314, 327, 333, 335, 337, 576, 585, 609, 612, 623, 624, 626, 627, 629, 631, 636, 637, 647, 653, 662, 663, 665, 666, 667, 671, 674, 678, 679, 680, 681, 690, 692, 705, 706, 707, 709, 711, 712, 713, 719, 721, 729, 730, 741, 746, 748, 750, 753, 755, 757, 764, 766, 767, 769, 772, 785, 791]","[1, 13, 14, 29, 54, 55, 56, 57, 58, 60, 102, 118, 125, 127, 130, 134, 146, 149, 153, 175, 182, 187, 189, 191, 197, 225, 230, 238, 264, 265, 266, 286, 302, 317, 336, 379, 388, 389, 425, 454, 458, 463, 475, 487, 498, 499, 512, 530, 531, 532, 533, 534, 536, 573, 589, 596, 598, 601, 605, 617, 620, 624, 646, 653, 658, 660, 662, 668, 689, 694, 702, 724, 725, 745, 760, 775, 793, 829, 838, 839, 877, 901, 903, 905, 910, 923]","[1, 13, 14, 29, 54, 55, 56, 57, 58, 60, 102, 118, 125, 127, 130, 134, 146, 149, 153, 175, 182, 187, 189, 191, 197, 225, 230, 238, 264, 265, 266, 286, 302, 317, 336, 354, 379, 388, 389, 425, 454, 458, 463, 475, 487, 498, 499, 512, 530, 531, 532, 533, 534, 536, 573, 589, 596, 598, 601, 605, 617, 620, 624, 646, 653, 658, 660, 662, 668, 689, 694, 702, 724, 725, 745, 760, 775, 793, 809, 829, 838, 839, 877, 901, 903, 905, 910, 923]","[1, 13, 14, 29, 54, 55, 56, 57, 58, 60, 102, 103, 104, 105, 106, 107, 108, 109, 110, 111, 112, 113, 114, 115, 116, 117, 118, 119, 120, 121, 122, 123, 124, 125, 126, 127, 128, 129, 130, 131, 132, 133, 134, 135, 136, 137, 138, 139, 140, 141, 142, 143, 144, 145, 146, 147, 148, 149, 150, 151, 152, 153, 154, 155, 156, 157, 158, 159, 160, 161, 162, 163, 164, 165, 166, 167, 168, 169, 170, 171, 172, 173, 174, 175, 176, 177, 178, 179, 180, 181, 182, 183, 184, 185, 186, 187, 188, 189, 190, 191, 192, 193, 194, 195, 196, 197, 198, 199, 200, 201, 202, 203, 204, 205, 206, 207, 208, 209, 210, 211, 212, 213, 214, 215, 216, 217, 218, 219, 220, 221, 222, 223, 224, 225, 226, 227, 228, 229, 230, 231, 232, 233, 234, 235, 236, 237, 238, 239, 240, 241, 242, 243, 244, 245, 246, 247, 248, 249, 250, 251, 252, 253, 254, 255, 256, 257, 258, 259, 260, 261, 262, 263, 264, 265, 266, 267, 268, 269, 270, 271, 272, 273, 274, 275, 276, 277, 278, 279, 280, 281, 282, 283, 284, 285, 286, 287, 288, 289, 290, 291, 292, 293, 294, 295, 296, 297, 298, 299, 300, 301, 302, 303, 304, 305, 306, 307, 308, 309, 310, 311, 312, 313, 314, 315, 316, 317, 318, 319, 320, 321, 322, 323, 324, 325, 326, 327, 328, 329, 330, 331, 332, 333, 334, 335, 336, 337, 354, 379, 388, 389, 425, 454, 458, 463, 475, 487, 498, 499, 512, 530, 531, 532, 533, 534, 536, 573, 574, 575, 576, 577, 578, 579, 580, 581, 582, 583, 584, 585, 586, 587, 588, 589, 590, 591, 592, 593, 594, 595, 596, 597, 598, 599, 600, 601, 602, 603, 604, 605, 606, 607, 608, 609, 610, 611, 612, 613, 614, 615, 616, 617, 618, 619, 620, 621, 622, 623, 624, 625, 626, 627, 628, 629, 630, 631, 632, 633, 634, 635, 636, 637, 638, 639, 640, 641, 642, 643, 644, 645, 646, 647, 648, 649, 650, 651, 652, 653, 654, 655, 656, 657, 658, 659, 660, 661, 662, 663, 664, 665, 666, 667, 668, 669, 670, 671, 672, 673, 674, 675, 676, 677, 678, 679, 680, 681, 682, 683, 684, 685, 686, 687, 688, 689, 690, 691, 692, 693, 694, 695, 696, 697, 698, 699, 700, 701, 702, 703, 704, 705, 706, 707, 708, 709, 710, 711, 712, 713, 714, 715, 716, 717, 718, 719, 720, 721, 722, 723, 724, 725, 726, 727, 728, 729, 730, 731, 732, 733, 734, 735, 736, 737, 738, 739, 740, 741, 742, 743, 744, 745, 746, 747, 748, 749, 750, 751, 752, 753, 754, 755, 756, 757, 758, 759, 760, 761, 762, 763, 764, 765, 766, 767, 768, 769, 770, 771, 772, 773, 774, 775, 776, 777, 778, 779, 780, 781, 782, 783, 784, 785, 786, 787, 788, 789, 790, 791, 792, 793, 809, 829, 838, 839, 877, 901, 903, 905, 910, 923]",True,"[182, 191, 653, 662]","[103, 104, 105, 106, 107, 108, 109, 110, 111, 112, 113, 114, 115, 116, 117, 118, 119, 120, 121, 122, 123, 124, 125, 126, 127, 128, 129, 130, 131, 132, 133, 134, 135, 136, 137, 138, 139, 140, 141, 142, 143, 144, 145, 146, 147, 148, 149, 150, 151, 152, 153, 154, 155, 156, 157, 158, 159, 160, 161, 162, 163, 164, 165, 166, 167, 168, 169, 170, 171, 172, 173, 174, 175, 176, 177, 178, 179, 180, 181, 182, 183, 184, 185, 186, 187, 188, 189, 190, 191, 192, 193, 194, 195, 196, 197, 198, 199, 200, 201, 202, 203, 204, 205, 206, 207, 208, 209, 210, 211, 212, 213, 214, 215, 216, 217, 218, 219, 220, 221, 222, 223, 224, 225, 226, 227, 228, 229, 230, 231, 232, 233, 234, 235, 236, 237, 238, 239, 240, 241, 242, 243, 244, 245, 246, 247, 248, 249, 250, 251, 252, 253, 254, 255, 256, 257, 258, 259, 260, 261, 262, 263, 264, 265, 266, 267, 268, 269, 270, 271, 272, 273, 274, 275, 276, 277, 278, 279, 280, 281, 282, 283, 284, 285, 286, 287, 288, 289, 290, 291, 292, 293, 294, 295, 296, 297, 298, 299, 300, 301, 302, 303, 304, 305, 306, 307, 308, 309, 310, 311, 312, 313, 314, 315, 316, 317, 318, 319, 320, 321, 322, 323, 324, 325, 326, 327, 328, 329, 330, 331, 332, 333, 334, 335, 336, 337, 574, 575, 576, 577, 578, 579, 580, 581, 582, 583, 584, 585, 586, 587, 588, 589, 590, 591, 592, 593, 594, 595, 596, 597, 598, 599, 600, 601, 602, 603, 604, 605, 606, 607, 608, 609, 610, 611, 612, 613, 614, 615, 616, 617, 618, 619, 620, 621, 622, 623, 624, 625, 626, 627, 628, 629, 630, 631, 632, 633, 634, 635, 636, 637, 638, 639, 640, 641, 642, 643, 644, 645, 646, 647, 648, 649, 650, 651, 652, 653, 654, 655, 656, 657, 658, 659, 660, 661, 662, 663, 664, 665, 666, 667, 668, 669, 670, 671, 672, 673, 674, 675, 676, 677, 678, 679, 680, 681, 682, 683, 684, 685, 686, 687, 688, 689, 690, 691, 692, 693, 694, 695, 696, 697, 698, 699, 700, 701, 702, 703, 704, 705, 706, 707, 708, 709, 710, 711, 712, 713, 714, 715, 716, 717, 718, 719, 720, 721, 722, 723, 724, 725, 726, 727, 728, 729, 730, 731, 732, 733, 734, 735, 736, 737, 738, 739, 740, 741, 742, 743, 744, 745, 746, 747, 748, 749, 750, 751, 752, 753, 754, 755, 756, 757, 758, 759, 760, 761, 762, 763, 764, 765, 766, 767, 768, 769, 770, 771, 772, 773, 774, 775, 776, 777, 778, 779, 780, 781, 782, 783, 784, 785, 786, 787, 788, 789, 790, 791, 792, 793]","[182, 191, 653, 662]","[60, 191, 536, 662]","[105, 114, 138, 141, 152, 153, 154, 155, 157, 159, 164, 165, 176, 182, 191, 192, 194, 195, 196, 200, 204, 208, 209, 210, 211, 215, 226, 228, 241, 242, 243, 245, 248, 249, 250, 257, 261, 270, 271, 282, 287, 289, 291, 294, 296, 298, 306, 308, 309, 311, 314, 327, 333, 335, 337, 576, 585, 609, 612, 623, 624, 626, 627, 629, 631, 636, 637, 647, 653, 662, 663, 665, 666, 667, 671, 674, 678, 679, 680, 681, 690, 692, 705, 706, 707, 709, 711, 712, 713, 719, 721, 729, 730, 741, 746, 748, 750, 753, 755, 757, 764, 766, 767, 769, 772, 785, 791]","[1, 13, 14, 29, 54, 55, 56, 57, 58, 60, 102, 118, 125, 127, 130, 134, 146, 149, 153, 175, 182, 187, 189, 191, 197, 225, 230, 238, 264, 265, 266, 286, 302, 317, 336, 354, 379, 388, 389, 425, 454, 458, 463, 475, 487, 498, 499, 512, 530, 531, 532, 533, 534, 536, 573, 589, 596, 598, 601, 605, 617, 620, 624, 646, 653, 658, 660, 662, 668, 689, 694, 702, 724, 725, 745, 760, 775, 793, 809, 829, 838, 839, 877, 901, 903, 905, 910, 923]","[1, 13, 14, 29, 54, 55, 56, 57, 58, 60, 102, 118, 125, 127, 130, 134, 146, 149, 153, 175, 182, 187, 189, 191, 197, 225, 230, 238, 264, 265, 266, 286, 302, 317, 336, 379, 388, 389, 425, 454, 458, 463, 475, 487, 498, 499, 512, 530, 531, 532, 533, 534, 536, 573, 589, 596, 598, 601, 605, 617, 620, 624, 646, 653, 658, 660, 662, 668, 689, 694, 702, 724, 725, 745, 760, 775, 793, 829, 838, 839, 877, 901, 903, 905, 910, 923]",7/6 successful match,True,"[378, 379, 380, 381]",True,759,False,,1.0,True,Jayne Travel Center ( Shell ),Shell
Coalinga ( 93210 ) Jayne Travel Center ( Shell ),559-935-3400 I-5 Exit 325 ( Jayne Ave E ),24 L <U+2610>,Coalinga,93210,Jayne Travel Center ( Shell ),559-935-3400,2016,Coalinga,CA,Shell,( Jayne Ave E ),I-5 Exit 325 ,Exit,325,False,,False,I-5,,,,,"[662, 191]","[182, 191, 653, 662]","[182, 191, 653, 662]","[60, 191, 536, 662]","[103, 104, 105, 106, 107, 108, 109, 110, 111, 112, 113, 114, 115, 116, 117, 118, 119, 120, 121, 122, 123, 124, 125, 126, 127, 128, 129, 130, 131, 132, 133, 134, 135, 136, 137, 138, 139, 140, 141, 142, 143, 144, 145, 146, 147, 148, 149, 150, 151, 152, 153, 154, 155, 156, 157, 158, 159, 160, 161, 162, 163, 164, 165, 166, 167, 168, 169, 170, 171, 172, 173, 174, 175, 176, 177, 178, 179, 180, 181, 182, 183, 184, 185, 186, 187, 188, 189, 190, 191, 192, 193, 194, 195, 196, 197, 198, 199, 200, 201, 202, 203, 204, 205, 206, 207, 208, 209, 210, 211, 212, 213, 214, 215, 216, 217, 218, 219, 220, 221, 222, 223, 224, 225, 226, 227, 228, 229, 230, 231, 232, 233, 234, 235, 236, 237, 238, 239, 240, 241, 242, 243, 244, 245, 246, 247, 248, 249, 250, 251, 252, 253, 254, 255, 256, 257, 258, 259, 260, 261, 262, 263, 264, 265, 266, 267, 268, 269, 270, 271, 272, 273, 274, 275, 276, 277, 278, 279, 280, 281, 282, 283, 284, 285, 286, 287, 288, 289, 290, 291, 292, 293, 294, 295, 296, 297, 298, 299, 300, 301, 302, 303, 304, 305, 306, 307, 308, 309, 310, 311, 312, 313, 314, 315, 316, 317, 318, 319, 320, 321, 322, 323, 324, 325, 326, 327, 328, 329, 330, 331, 332, 333, 334, 335, 336, 337, 574, 575, 576, 577, 578, 579, 580, 581, 582, 583, 584, 585, 586, 587, 588, 589, 590, 591, 592, 593, 594, 595, 596, 597, 598, 599, 600, 601, 602, 603, 604, 605, 606, 607, 608, 609, 610, 611, 612, 613, 614, 615, 616, 617, 618, 619, 620, 621, 622, 623, 624, 625, 626, 627, 628, 629, 630, 631, 632, 633, 634, 635, 636, 637, 638, 639, 640, 641, 642, 643, 644, 645, 646, 647, 648, 649, 650, 651, 652, 653, 654, 655, 656, 657, 658, 659, 660, 661, 662, 663, 664, 665, 666, 667, 668, 669, 670, 671, 672, 673, 674, 675, 676, 677, 678, 679, 680, 681, 682, 683, 684, 685, 686, 687, 688, 689, 690, 691, 692, 693, 694, 695, 696, 697, 698, 699, 700, 701, 702, 703, 704, 705, 706, 707, 708, 709, 710, 711, 712, 713, 714, 715, 716, 717, 718, 719, 720, 721, 722, 723, 724, 725, 726, 727, 728, 729, 730, 731, 732, 733, 734, 735, 736, 737, 738, 739, 740, 741, 742, 743, 744, 745, 746, 747, 748, 749, 750, 751, 752, 753, 754, 755, 756, 757, 758, 759, 760, 761, 762, 763, 764, 765, 766, 767, 768, 769, 770, 771, 772, 773, 774, 775, 776, 777, 778, 779, 780, 781, 782, 783, 784, 785, 786, 787, 788, 789, 790, 791, 792, 793]","[105, 114, 138, 141, 152, 153, 154, 155, 157, 159, 164, 165, 176, 182, 191, 192, 194, 195, 196, 200, 204, 208, 209, 210, 211, 215, 226, 228, 241, 242, 243, 245, 248, 249, 250, 257, 261, 270, 271, 282, 287, 289, 291, 294, 296, 298, 306, 308, 309, 311, 314, 327, 333, 335, 337, 576, 585, 609, 612, 623, 624, 626, 627, 629, 631, 636, 637, 647, 653, 662, 663, 665, 666, 667, 671, 674, 678, 679, 680, 681, 690, 692, 705, 706, 707, 709, 711, 712, 713, 719, 721, 729, 730, 741, 746, 748, 750, 753, 755, 757, 764, 766, 767, 769, 772, 785, 791]","[1, 13, 14, 29, 54, 55, 56, 57, 58, 60, 102, 118, 125, 127, 130, 134, 146, 149, 153, 175, 182, 187, 189, 191, 197, 225, 230, 238, 264, 265, 266, 286, 302, 317, 336, 379, 388, 389, 425, 454, 458, 463, 475, 487, 498, 499, 512, 530, 531, 532, 533, 534, 536, 573, 589, 596, 598, 601, 605, 617, 620, 624, 646, 653, 658, 660, 662, 668, 689, 694, 702, 724, 725, 745, 760, 775, 793, 829, 838, 839, 877, 901, 903, 905, 910, 923]","[1, 13, 14, 29, 54, 55, 56, 57, 58, 60, 102, 118, 125, 127, 130, 134, 146, 149, 153, 175, 182, 187, 189, 191, 197, 225, 230, 238, 264, 265, 266, 286, 302, 317, 336, 354, 379, 388, 389, 425, 454, 458, 463, 475, 487, 498, 499, 512, 530, 531, 532, 533, 534, 536, 573, 589, 596, 598, 601, 605, 617, 620, 624, 646, 653, 658, 660, 662, 668, 689, 694, 702, 724, 725, 745, 760, 775, 793, 809, 829, 838, 839, 877, 901, 903, 905, 910, 923]","[1, 13, 14, 29, 54, 55, 56, 57, 58, 60, 102, 103, 104, 105, 106, 107, 108, 109, 110, 111, 112, 113, 114, 115, 116, 117, 118, 119, 120, 121, 122, 123, 124, 125, 126, 127, 128, 129, 130, 131, 132, 133, 134, 135, 136, 137, 138, 139, 140, 141, 142, 143, 144, 145, 146, 147, 148, 149, 150, 151, 152, 153, 154, 155, 156, 157, 158, 159, 160, 161, 162, 163, 164, 165, 166, 167, 168, 169, 170, 171, 172, 173, 174, 175, 176, 177, 178, 179, 180, 181, 182, 183, 184, 185, 186, 187, 188, 189, 190, 191, 192, 193, 194, 195, 196, 197, 198, 199, 200, 201, 202, 203, 204, 205, 206, 207, 208, 209, 210, 211, 212, 213, 214, 215, 216, 217, 218, 219, 220, 221, 222, 223, 224, 225, 226, 227, 228, 229, 230, 231, 232, 233, 234, 235, 236, 237, 238, 239, 240, 241, 242, 243, 244, 245, 246, 247, 248, 249, 250, 251, 252, 253, 254, 255, 256, 257, 258, 259, 260, 261, 262, 263, 264, 265, 266, 267, 268, 269, 270, 271, 272, 273, 274, 275, 276, 277, 278, 279, 280, 281, 282, 283, 284, 285, 286, 287, 288, 289, 290, 291, 292, 293, 294, 295, 296, 297, 298, 299, 300, 301, 302, 303, 304, 305, 306, 307, 308, 309, 310, 311, 312, 313, 314, 315, 316, 317, 318, 319, 320, 321, 322, 323, 324, 325, 326, 327, 328, 329, 330, 331, 332, 333, 334, 335, 336, 337, 354, 379, 388, 389, 425, 454, 458, 463, 475, 487, 498, 499, 512, 530, 531, 532, 533, 534, 536, 573, 574, 575, 576, 577, 578, 579, 580, 581, 582, 583, 584, 585, 586, 587, 588, 589, 590, 591, 592, 593, 594, 595, 596, 597, 598, 599, 600, 601, 602, 603, 604, 605, 606, 607, 608, 609, 610, 611, 612, 613, 614, 615, 616, 617, 618, 619, 620, 621, 622, 623, 624, 625, 626, 627, 628, 629, 630, 631, 632, 633, 634, 635, 636, 637, 638, 639, 640, 641, 642, 643, 644, 645, 646, 647, 648, 649, 650, 651, 652, 653, 654, 655, 656, 657, 658, 659, 660, 661, 662, 663, 664, 665, 666, 667, 668, 669, 670, 671, 672, 673, 674, 675, 676, 677, 678, 679, 680, 681, 682, 683, 684, 685, 686, 687, 688, 689, 690, 691, 692, 693, 694, 695, 696, 697, 698, 699, 700, 701, 702, 703, 704, 705, 706, 707, 708, 709, 710, 711, 712, 713, 714, 715, 716, 717, 718, 719, 720, 721, 722, 723, 724, 725, 726, 727, 728, 729, 730, 731, 732, 733, 734, 735, 736, 737, 738, 739, 740, 741, 742, 743, 744, 745, 746, 747, 748, 749, 750, 751, 752, 753, 754, 755, 756, 757, 758, 759, 760, 761, 762, 763, 764, 765, 766, 767, 768, 769, 770, 771, 772, 773, 774, 775, 776, 777, 778, 779, 780, 781, 782, 783, 784, 785, 786, 787, 788, 789, 790, 791, 792, 793, 809, 829, 838, 839, 877, 901, 903, 905, 910, 923]",True,"[182, 191, 653, 662]","[103, 104, 105, 106, 107, 108, 109, 110, 111, 112, 113, 114, 115, 116, 117, 118, 119, 120, 121, 122, 123, 124, 125, 126, 127, 128, 129, 130, 131, 132, 133, 134, 135, 136, 137, 138, 139, 140, 141, 142, 143, 144, 145, 146, 147, 148, 149, 150, 151, 152, 153, 154, 155, 156, 157, 158, 159, 160, 161, 162, 163, 164, 165, 166, 167, 168, 169, 170, 171, 172, 173, 174, 175, 176, 177, 178, 179, 180, 181, 182, 183, 184, 185, 186, 187, 188, 189, 190, 191, 192, 193, 194, 195, 196, 197, 198, 199, 200, 201, 202, 203, 204, 205, 206, 207, 208, 209, 210, 211, 212, 213, 214, 215, 216, 217, 218, 219, 220, 221, 222, 223, 224, 225, 226, 227, 228, 229, 230, 231, 232, 233, 234, 235, 236, 237, 238, 239, 240, 241, 242, 243, 244, 245, 246, 247, 248, 249, 250, 251, 252, 253, 254, 255, 256, 257, 258, 259, 260, 261, 262, 263, 264, 265, 266, 267, 268, 269, 270, 271, 272, 273, 274, 275, 276, 277, 278, 279, 280, 281, 282, 283, 284, 285, 286, 287, 288, 289, 290, 291, 292, 293, 294, 295, 296, 297, 298, 299, 300, 301, 302, 303, 304, 305, 306, 307, 308, 309, 310, 311, 312, 313, 314, 315, 316, 317, 318, 319, 320, 321, 322, 323, 324, 325, 326, 327, 328, 329, 330, 331, 332, 333, 334, 335, 336, 337, 574, 575, 576, 577, 578, 579, 580, 581, 582, 583, 584, 585, 586, 587, 588, 589, 590, 591, 592, 593, 594, 595, 596, 597, 598, 599, 600, 601, 602, 603, 604, 605, 606, 607, 608, 609, 610, 611, 612, 613, 614, 615, 616, 617, 618, 619, 620, 621, 622, 623, 624, 625, 626, 627, 628, 629, 630, 631, 632, 633, 634, 635, 636, 637, 638, 639, 640, 641, 642, 643, 644, 645, 646, 647, 648, 649, 650, 651, 652, 653, 654, 655, 656, 657, 658, 659, 660, 661, 662, 663, 664, 665, 666, 667, 668, 669, 670, 671, 672, 673, 674, 675, 676, 677, 678, 679, 680, 681, 682, 683, 684, 685, 686, 687, 688, 689, 690, 691, 692, 693, 694, 695, 696, 697, 698, 699, 700, 701, 702, 703, 704, 705, 706, 707, 708, 709, 710, 711, 712, 713, 714, 715, 716, 717, 718, 719, 720, 721, 722, 723, 724, 725, 726, 727, 728, 729, 730, 731, 732, 733, 734, 735, 736, 737, 738, 739, 740, 741, 742, 743, 744, 745, 746, 747, 748, 749, 750, 751, 752, 753, 754, 755, 756, 757, 758, 759, 760, 761, 762, 763, 764, 765, 766, 767, 768, 769, 770, 771, 772, 773, 774, 775, 776, 777, 778, 779, 780, 781, 782, 783, 784, 785, 786, 787, 788, 789, 790, 791, 792, 793]","[182, 191, 653, 662]","[60, 191, 536, 662]","[105, 114, 138, 141, 152, 153, 154, 155, 157, 159, 164, 165, 176, 182, 191, 192, 194, 195, 196, 200, 204, 208, 209, 210, 211, 215, 226, 228, 241, 242, 243, 245, 248, 249, 250, 257, 261, 270, 271, 282, 287, 289, 291, 294, 296, 298, 306, 308, 309, 311, 314, 327, 333, 335, 337, 576, 585, 609, 612, 623, 624, 626, 627, 629, 631, 636, 637, 647, 653, 662, 663, 665, 666, 667, 671, 674, 678, 679, 680, 681, 690, 692, 705, 706, 707, 709, 711, 712, 713, 719, 721, 729, 730, 741, 746, 748, 750, 753, 755, 757, 764, 766, 767, 769, 772, 785, 791]","[1, 13, 14, 29, 54, 55, 56, 57, 58, 60, 102, 118, 125, 127, 130, 134, 146, 149, 153, 175, 182, 187, 189, 191, 197, 225, 230, 238, 264, 265, 266, 286, 302, 317, 336, 354, 379, 388, 389, 425, 454, 458, 463, 475, 487, 498, 499, 512, 530, 531, 532, 533, 534, 536, 573, 589, 596, 598, 601, 605, 617, 620, 624, 646, 653, 658, 660, 662, 668, 689, 694, 702, 724, 725, 745, 760, 775, 793, 809, 829, 838, 839, 877, 901, 903, 905, 910, 923]","[1, 13, 14, 29, 54, 55, 56, 57, 58, 60, 102, 118, 125, 127, 130, 134, 146, 149, 153, 175, 182, 187, 189, 191, 197, 225, 230, 238, 264, 265, 266, 286, 302, 317, 336, 379, 388, 389, 425, 454, 458, 463, 475, 487, 498, 499, 512, 530, 531, 532, 533, 534, 536, 573, 589, 596, 598, 601, 605, 617, 620, 624, 646, 653, 658, 660, 662, 668, 689, 694, 702, 724, 725, 745, 760, 775, 793, 829, 838, 839, 877, 901, 903, 905, 910, 923]",7/6 successful match,True,"[378, 379, 380, 381]",True,759,False,,1.0,True,Jayne Travel Center ( Shell ),Shell
"Delano , 93215 Pioneer Truck Stop",4 661-725-6185 CA 99 Exit 54 ( Woollomes Ave ),24 HRS S,Delano,93215,Pioneer Truck Stop,661-725-6185,2006,Delano,CA,,( Woollomes Ave ),CA 99 Exit 54 ,Exit,54,False,,False,CA 99,,,,,[],"[118, 589]","[118, 589]","[109, 370, 579, 820]","[103, 104, 105, 106, 107, 108, 109, 110, 111, 112, 113, 114, 115, 116, 117, 118, 119, 120, 121, 122, 123, 124, 125, 126, 127, 128, 129, 130, 131, 132, 133, 134, 135, 136, 137, 138, 139, 140, 141, 142, 143, 144, 145, 146, 147, 148, 149, 150, 151, 152, 153, 154, 155, 156, 157, 158, 159, 160, 161, 162, 163, 164, 165, 166, 167, 168, 169, 170, 171, 172, 173, 174, 175, 176, 177, 178, 179, 180, 181, 182, 183, 184, 185, 186, 187, 188, 189, 190, 191, 192, 193, 194, 195, 196, 197, 198, 199, 200, 201, 202, 203, 204, 205, 206, 207, 208, 209, 210, 211, 212, 213, 214, 215, 216, 217, 218, 219, 220, 221, 222, 223, 224, 225, 226, 227, 228, 229, 230, 231, 232, 233, 234, 235, 236, 237, 238, 239, 240, 241, 242, 243, 244, 245, 246, 247, 248, 249, 250, 251, 252, 253, 254, 255, 256, 257, 258, 259, 260, 261, 262, 263, 264, 265, 266, 267, 268, 269, 270, 271, 272, 273, 274, 275, 276, 277, 278, 279, 280, 281, 282, 283, 284, 285, 286, 287, 288, 289, 290, 291, 292, 293, 294, 295, 296, 297, 298, 299, 300, 301, 302, 303, 304, 305, 306, 307, 308, 309, 310, 311, 312, 313, 314, 315, 316, 317, 318, 319, 320, 321, 322, 323, 324, 325, 326, 327, 328, 329, 330, 331, 332, 333, 334, 335, 336, 337, 574, 575, 576, 577, 578, 579, 580, 581, 582, 583, 584, 585, 586, 587, 588, 589, 590, 591, 592, 593, 594, 595, 596, 597, 598, 599, 600, 601, 602, 603, 604, 605, 606, 607, 608, 609, 610, 611, 612, 613, 614, 615, 616, 617, 618, 619, 620, 621, 622, 623, 624, 625, 626, 627, 628, 629, 630, 631, 632, 633, 634, 635, 636, 637, 638, 639, 640, 641, 642, 643, 644, 645, 646, 647, 648, 649, 650, 651, 652, 653, 654, 655, 656, 657, 658, 659, 660, 661, 662, 663, 664, 665, 666, 667, 668, 669, 670, 671, 672, 673, 674, 675, 676, 677, 678, 679, 680, 681, 682, 683, 684, 685, 686, 687, 688, 689, 690, 691, 692, 693, 694, 695, 696, 697, 698, 699, 700, 701, 702, 703, 704, 705, 706, 707, 708, 709, 710, 711, 712, 713, 714, 715, 716, 717, 718, 719, 720, 721, 722, 723, 724, 725, 726, 727, 728, 729, 730, 731, 732, 733, 734, 735, 736, 737, 738, 739, 740, 741, 742, 743, 744, 745, 746, 747, 748, 749, 750, 751, 752, 753, 754, 755, 756, 757, 758, 759, 760, 761, 762, 763, 764, 765, 766, 767, 768, 769, 770, 771, 772, 773, 774, 775, 776, 777, 778, 779, 780, 781, 782, 783, 784, 785, 786, 787, 788, 789, 790, 791, 792, 793]","[10, 75, 103, 104, 106, 117, 118, 120, 127, 128, 129, 131, 133, 135, 136, 137, 139, 146, 147, 148, 149, 151, 158, 160, 162, 166, 173, 178, 179, 185, 190, 192, 198, 201, 203, 204, 206, 207, 212, 213, 214, 219, 223, 224, 225, 227, 230, 235, 237, 246, 247, 256, 259, 262, 263, 266, 268, 269, 271, 272, 278, 279, 284, 285, 288, 290, 292, 304, 306, 312, 316, 319, 320, 323, 324, 329, 332, 335, 495, 549, 574, 575, 577, 588, 589, 591, 598, 599, 600, 602, 604, 606, 607, 608, 610, 617, 618, 619, 620, 622, 625, 630, 632, 634, 638, 644, 649, 650, 656, 661, 663, 669, 673, 674, 676, 677, 682, 683, 684, 687, 688, 689, 691, 694, 699, 701, 710, 718, 722, 723, 727, 728, 730, 731, 737, 738, 743, 744, 747, 749, 751, 762, 764, 770, 774, 777, 778, 781, 782, 789, 791]",[],[],"[10, 75, 103, 104, 105, 106, 107, 108, 109, 110, 111, 112, 113, 114, 115, 116, 117, 118, 119, 120, 121, 122, 123, 124, 125, 126, 127, 128, 129, 130, 131, 132, 133, 134, 135, 136, 137, 138, 139, 140, 141, 142, 143, 144, 145, 146, 147, 148, 149, 150, 151, 152, 153, 154, 155, 156, 157, 158, 159, 160, 161, 162, 163, 164, 165, 166, 167, 168, 169, 170, 171, 172, 173, 174, 175, 176, 177, 178, 179, 180, 181, 182, 183, 184, 185, 186, 187, 188, 189, 190, 191, 192, 193, 194, 195, 196, 197, 198, 199, 200, 201, 202, 203, 204, 205, 206, 207, 208, 209, 210, 211, 212, 213, 214, 215, 216, 217, 218, 219, 220, 221, 222, 223, 224, 225, 226, 227, 228, 229, 230, 231, 232, 233, 234, 235, 236, 237, 238, 239, 240, 241, 242, 243, 244, 245, 246, 247, 248, 249, 250, 251, 252, 253, 254, 255, 256, 257, 258, 259, 260, 261, 262, 263, 264, 265, 266, 267, 268, 269, 270, 271, 272, 273, 274, 275, 276, 277, 278, 279, 280, 281, 282, 283, 284, 285, 286, 287, 288, 289, 290, 291, 292, 293, 294, 295, 296, 297, 298, 299, 300, 301, 302, 303, 304, 305, 306, 307, 308, 309, 310, 311, 312, 313, 314, 315, 316, 317, 318, 319, 320, 321, 322, 323, 324, 325, 326, 327, 328, 329, 330, 331, 332, 333, 334, 335, 336, 337, 370, 495, 549, 574, 575, 576, 577, 578, 579, 580, 581, 582, 583, 584, 585, 586, 587, 588, 589, 590, 591, 592, 593, 594, 595, 596, 597, 598, 599, 600, 601, 602, 603, 604, 605, 606, 607, 608, 609, 610, 611, 612, 613, 614, 615, 616, 617, 618, 619, 620, 621, 622, 623, 624, 625, 626, 627, 628, 629, 630, 631, 632, 633, 634, 635, 636, 637, 638, 639, 640, 641, 642, 643, 644, 645, 646, 647, 648, 649, 650, 651, 652, 653, 654, 655, 656, 657, 658, 659, 660, 661, 662, 663, 664, 665, 666, 667, 668, 669, 670, 671, 672, 673, 674, 675, 676, 677, 678, 679, 680, 681, 682, 683, 684, 685, 686, 687, 688, 689, 690, 691, 692, 693, 694, 695, 696, 697, 698, 699, 700, 701, 702, 703, 704, 705, 706, 707, 708, 709, 710, 711, 712, 713, 714, 715, 716, 717, 718, 719, 720, 721, 722, 723, 724, 725, 726, 727, 728, 729, 730, 731, 732, 733, 734, 735, 736, 737, 738, 739, 740, 741, 742, 743, 744, 745, 746, 747, 748, 749, 750, 751, 752, 753, 754, 755, 756, 757, 758, 759, 760, 761, 762, 763, 764, 765, 766, 767, 768, 769, 770, 771, 772, 773, 774, 775, 776, 777, 778, 779, 780, 781, 782, 783, 784, 785, 786, 787, 788, 789, 790, 791, 792, 793, 820]",False,"[118, 589]","[103, 104, 105, 106, 107, 108, 109, 110, 111, 112, 113, 114, 115, 116, 117, 118, 119, 120, 121, 122, 123, 124, 125, 126, 127, 128, 129, 130, 131, 132, 133, 134, 135, 136, 137, 138, 139, 140, 141, 142, 143, 144, 145, 146, 147, 148, 149, 150, 151, 152, 153, 154, 155, 156, 157, 158, 159, 160, 161, 162, 163, 164, 165, 166, 167, 168, 169, 170, 171, 172, 173, 174, 175, 176, 177, 178, 179, 180, 181, 182, 183, 184, 185, 186, 187, 188, 189, 190, 191, 192, 193, 194, 195, 196, 197, 198, 199, 200, 201, 202, 203, 204, 205, 206, 207, 208, 209, 210, 211, 212, 213, 214, 215, 216, 217, 218, 219, 220, 221, 222, 223, 224, 225, 226, 227, 228, 229, 230, 231, 232, 233, 234, 235, 236, 237, 238, 239, 240, 241, 242, 243, 244, 245, 246, 247, 248, 249, 250, 251, 252, 253, 254, 255, 256, 257, 258, 259, 260, 261, 262, 263, 264, 265, 266, 267, 268, 269, 270, 271, 272, 273, 274, 275, 276, 277, 278, 279, 280, 281, 282, 283, 284, 285, 286, 287, 288, 289, 290, 291, 292, 293, 294, 295, 296, 297, 298, 299, 300, 301, 302, 303, 304, 305, 306, 307, 308, 309, 310, 311, 312, 313, 314, 315, 316, 317, 318, 319, 320, 321, 322, 323, 324, 325, 326, 327, 328, 329, 330, 331, 332, 333, 334, 335, 336, 337, 574, 575, 576, 577, 578, 579, 580, 581, 582, 583, 584, 585, 586, 587, 588, 589, 590, 591, 592, 593, 594, 595, 596, 597, 598, 599, 600, 601, 602, 603, 604, 605, 606, 607, 608, 609, 610, 611, 612, 613, 614, 615, 616, 617, 618, 619, 620, 621, 622, 623, 624, 625, 626, 627, 628, 629, 630, 631, 632, 633, 634, 635, 636, 637, 638, 639, 640, 641, 642, 643, 644, 645, 646, 647, 648, 649, 650, 651, 652, 653, 654, 655, 656, 657, 658, 659, 660, 661, 662, 663, 664, 665, 666, 667, 668, 669, 670, 671, 672, 673, 674, 675, 676, 677, 678, 679, 680, 681, 682, 683, 684, 685, 686, 687, 688, 689, 690, 691, 692, 693, 694, 695, 696, 697, 698, 699, 700, 701, 702, 703, 704, 705, 706, 707, 708, 709, 710, 711, 712, 713, 714, 715, 716, 717, 718, 719, 720, 721, 722, 723, 724, 725, 726, 727, 728, 729, 730, 731, 732, 733, 734, 735, 736, 737, 738, 739, 740, 741, 742, 743, 744, 745, 746, 747, 748, 749, 750, 751, 752, 753, 754, 755, 756, 757, 758, 759, 760, 761, 762, 763, 764, 765, 766, 767, 768, 769, 770, 771, 772, 773, 774, 775, 776, 777, 778, 779, 780, 781, 782, 783, 784, 785, 786, 787, 788, 789, 790, 791, 792, 793]","[118, 589]","[109, 370, 579, 820]","[10, 75, 103, 104, 106, 117, 118, 120, 127, 128, 129, 131, 133, 135, 136, 137, 139, 146, 147, 148, 149, 151, 158, 160, 162, 166, 173, 178, 179, 185, 190, 192, 198, 201, 203, 204, 206, 207, 212, 213, 214, 219, 223, 224, 225, 227, 230, 235, 237, 246, 247, 256, 259, 262, 263, 266, 268, 269, 271, 272, 278, 279, 284, 285, 288, 290, 292, 304, 306, 312, 316, 319, 320, 323, 324, 329, 332, 335, 495, 549, 574, 575, 577, 588, 589, 591, 598, 599, 600, 602, 604, 606, 607, 608, 610, 617, 618, 619, 620, 622, 625, 630, 632, 634, 638, 644, 649, 650, 656, 661, 663, 669, 673, 674, 676, 677, 682, 683, 684, 687, 688, 689, 691, 694, 699, 701, 710, 718, 722, 723, 727, 728, 730, 731, 737, 738, 743, 744, 747, 749, 751, 762, 764, 770, 774, 777, 778, 781, 782, 789, 791]",[],[],7/6 successful match,False,,False,760,False,,,,,
"Delano , 93215 Pioneer Truck Stop",4 661-725-6185 CA 99 Exit 54 ( Woollomes Ave ),24 S,Delano,93215,Pioneer Truck Stop,661-725-6185,2007,Delano,CA,,( Woollomes Ave ),CA 99 Exit 54 ,Exit,54,False,,False,CA 99,,,,,[],"[118, 589]","[118, 589]","[109, 370, 579, 820]","[103, 104, 105, 106, 107, 108, 109, 110, 111, 112, 113, 114, 115, 116, 117, 118, 119, 120, 121, 122, 123, 124, 125, 126, 127, 128, 129, 130, 131, 132, 133, 134, 135, 136, 137, 138, 139, 140, 141, 142, 143, 144, 145, 146, 147, 148, 149, 150, 151, 152, 153, 154, 155, 156, 157, 158, 159, 160, 161, 162, 163, 164, 165, 166, 167, 168, 169, 170, 171, 172, 173, 174, 175, 176, 177, 178, 179, 180, 181, 182, 183, 184, 185, 186, 187, 188, 189, 190, 191, 192, 193, 194, 195, 196, 197, 198, 199, 200, 201, 202, 203, 204, 205, 206, 207, 208, 209, 210, 211, 212, 213, 214, 215, 216, 217, 218, 219, 220, 221, 222, 223, 224, 225, 226, 227, 228, 229, 230, 231, 232, 233, 234, 235, 236, 237, 238, 239, 240, 241, 242, 243, 244, 245, 246, 247, 248, 249, 250, 251, 252, 253, 254, 255, 256, 257, 258, 259, 260, 261, 262, 263, 264, 265, 266, 267, 268, 269, 270, 271, 272, 273, 274, 275, 276, 277, 278, 279, 280, 281, 282, 283, 284, 285, 286, 287, 288, 289, 290, 291, 292, 293, 294, 295, 296, 297, 298, 299, 300, 301, 302, 303, 304, 305, 306, 307, 308, 309, 310, 311, 312, 313, 314, 315, 316, 317, 318, 319, 320, 321, 322, 323, 324, 325, 326, 327, 328, 329, 330, 331, 332, 333, 334, 335, 336, 337, 574, 575, 576, 577, 578, 579, 580, 581, 582, 583, 584, 585, 586, 587, 588, 589, 590, 591, 592, 593, 594, 595, 596, 597, 598, 599, 600, 601, 602, 603, 604, 605, 606, 607, 608, 609, 610, 611, 612, 613, 614, 615, 616, 617, 618, 619, 620, 621, 622, 623, 624, 625, 626, 627, 628, 629, 630, 631, 632, 633, 634, 635, 636, 637, 638, 639, 640, 641, 642, 643, 644, 645, 646, 647, 648, 649, 650, 651, 652, 653, 654, 655, 656, 657, 658, 659, 660, 661, 662, 663, 664, 665, 666, 667, 668, 669, 670, 671, 672, 673, 674, 675, 676, 677, 678, 679, 680, 681, 682, 683, 684, 685, 686, 687, 688, 689, 690, 691, 692, 693, 694, 695, 696, 697, 698, 699, 700, 701, 702, 703, 704, 705, 706, 707, 708, 709, 710, 711, 712, 713, 714, 715, 716, 717, 718, 719, 720, 721, 722, 723, 724, 725, 726, 727, 728, 729, 730, 731, 732, 733, 734, 735, 736, 737, 738, 739, 740, 741, 742, 743, 744, 745, 746, 747, 748, 749, 750, 751, 752, 753, 754, 755, 756, 757, 758, 759, 760, 761, 762, 763, 764, 765, 766, 767, 768, 769, 770, 771, 772, 773, 774, 775, 776, 777, 778, 779, 780, 781, 782, 783, 784, 785, 786, 787, 788, 789, 790, 791, 792, 793]","[10, 75, 103, 104, 106, 117, 118, 120, 127, 128, 129, 131, 133, 135, 136, 137, 139, 146, 147, 148, 149, 151, 158, 160, 162, 166, 173, 178, 179, 185, 190, 192, 198, 201, 203, 204, 206, 207, 212, 213, 214, 219, 223, 224, 225, 227, 230, 235, 237, 246, 247, 256, 259, 262, 263, 266, 268, 269, 271, 272, 278, 279, 284, 285, 288, 290, 292, 304, 306, 312, 316, 319, 320, 323, 324, 329, 332, 335, 495, 549, 574, 575, 577, 588, 589, 591, 598, 599, 600, 602, 604, 606, 607, 608, 610, 617, 618, 619, 620, 622, 625, 630, 632, 634, 638, 644, 649, 650, 656, 661, 663, 669, 673, 674, 676, 677, 682, 683, 684, 687, 688, 689, 691, 694, 699, 701, 710, 718, 722, 723, 727, 728, 730, 731, 737, 738, 743, 744, 747, 749, 751, 762, 764, 770, 774, 777, 778, 781, 782, 789, 791]",[],[],"[10, 75, 103, 104, 105, 106, 107, 108, 109, 110, 111, 112, 113, 114, 115, 116, 117, 118, 119, 120, 121, 122, 123, 124, 125, 126, 127, 128, 129, 130, 131, 132, 133, 134, 135, 136, 137, 138, 139, 140, 141, 142, 143, 144, 145, 146, 147, 148, 149, 150, 151, 152, 153, 154, 155, 156, 157, 158, 159, 160, 161, 162, 163, 164, 165, 166, 167, 168, 169, 170, 171, 172, 173, 174, 175, 176, 177, 178, 179, 180, 181, 182, 183, 184, 185, 186, 187, 188, 189, 190, 191, 192, 193, 194, 195, 196, 197, 198, 199, 200, 201, 202, 203, 204, 205, 206, 207, 208, 209, 210, 211, 212, 213, 214, 215, 216, 217, 218, 219, 220, 221, 222, 223, 224, 225, 226, 227, 228, 229, 230, 231, 232, 233, 234, 235, 236, 237, 238, 239, 240, 241, 242, 243, 244, 245, 246, 247, 248, 249, 250, 251, 252, 253, 254, 255, 256, 257, 258, 259, 260, 261, 262, 263, 264, 265, 266, 267, 268, 269, 270, 271, 272, 273, 274, 275, 276, 277, 278, 279, 280, 281, 282, 283, 284, 285, 286, 287, 288, 289, 290, 291, 292, 293, 294, 295, 296, 297, 298, 299, 300, 301, 302, 303, 304, 305, 306, 307, 308, 309, 310, 311, 312, 313, 314, 315, 316, 317, 318, 319, 320, 321, 322, 323, 324, 325, 326, 327, 328, 329, 330, 331, 332, 333, 334, 335, 336, 337, 370, 495, 549, 574, 575, 576, 577, 578, 579, 580, 581, 582, 583, 584, 585, 586, 587, 588, 589, 590, 591, 592, 593, 594, 595, 596, 597, 598, 599, 600, 601, 602, 603, 604, 605, 606, 607, 608, 609, 610, 611, 612, 613, 614, 615, 616, 617, 618, 619, 620, 621, 622, 623, 624, 625, 626, 627, 628, 629, 630, 631, 632, 633, 634, 635, 636, 637, 638, 639, 640, 641, 642, 643, 644, 645, 646, 647, 648, 649, 650, 651, 652, 653, 654, 655, 656, 657, 658, 659, 660, 661, 662, 663, 664, 665, 666, 667, 668, 669, 670, 671, 672, 673, 674, 675, 676, 677, 678, 679, 680, 681, 682, 683, 684, 685, 686, 687, 688, 689, 690, 691, 692, 693, 694, 695, 696, 697, 698, 699, 700, 701, 702, 703, 704, 705, 706, 707, 708, 709, 710, 711, 712, 713, 714, 715, 716, 717, 718, 719, 720, 721, 722, 723, 724, 725, 726, 727, 728, 729, 730, 731, 732, 733, 734, 735, 736, 737, 738, 739, 740, 741, 742, 743, 744, 745, 746, 747, 748, 749, 750, 751, 752, 753, 754, 755, 756, 757, 758, 759, 760, 761, 762, 763, 764, 765, 766, 767, 768, 769, 770, 771, 772, 773, 774, 775, 776, 777, 778, 779, 780, 781, 782, 783, 784, 785, 786, 787, 788, 789, 790, 791, 792, 793, 820]",False,"[118, 589]","[103, 104, 105, 106, 107, 108, 109, 110, 111, 112, 113, 114, 115, 116, 117, 118, 119, 120, 121, 122, 123, 124, 125, 126, 127, 128, 129, 130, 131, 132, 133, 134, 135, 136, 137, 138, 139, 140, 141, 142, 143, 144, 145, 146, 147, 148, 149, 150, 151, 152, 153, 154, 155, 156, 157, 158, 159, 160, 161, 162, 163, 164, 165, 166, 167, 168, 169, 170, 171, 172, 173, 174, 175, 176, 177, 178, 179, 180, 181, 182, 183, 184, 185, 186, 187, 188, 189, 190, 191, 192, 193, 194, 195, 196, 197, 198, 199, 200, 201, 202, 203, 204, 205, 206, 207, 208, 209, 210, 211, 212, 213, 214, 215, 216, 217, 218, 219, 220, 221, 222, 223, 224, 225, 226, 227, 228, 229, 230, 231, 232, 233, 234, 235, 236, 237, 238, 239, 240, 241, 242, 243, 244, 245, 246, 247, 248, 249, 250, 251, 252, 253, 254, 255, 256, 257, 258, 259, 260, 261, 262, 263, 264, 265, 266, 267, 268, 269, 270, 271, 272, 273, 274, 275, 276, 277, 278, 279, 280, 281, 282, 283, 284, 285, 286, 287, 288, 289, 290, 291, 292, 293, 294, 295, 296, 297, 298, 299, 300, 301, 302, 303, 304, 305, 306, 307, 308, 309, 310, 311, 312, 313, 314, 315, 316, 317, 318, 319, 320, 321, 322, 323, 324, 325, 326, 327, 328, 329, 330, 331, 332, 333, 334, 335, 336, 337, 574, 575, 576, 577, 578, 579, 580, 581, 582, 583, 584, 585, 586, 587, 588, 589, 590, 591, 592, 593, 594, 595, 596, 597, 598, 599, 600, 601, 602, 603, 604, 605, 606, 607, 608, 609, 610, 611, 612, 613, 614, 615, 616, 617, 618, 619, 620, 621, 622, 623, 624, 625, 626, 627, 628, 629, 630, 631, 632, 633, 634, 635, 636, 637, 638, 639, 640, 641, 642, 643, 644, 645, 646, 647, 648, 649, 650, 651, 652, 653, 654, 655, 656, 657, 658, 659, 660, 661, 662, 663, 664, 665, 666, 667, 668, 669, 670, 671, 672, 673, 674, 675, 676, 677, 678, 679, 680, 681, 682, 683, 684, 685, 686, 687, 688, 689, 690, 691, 692, 693, 694, 695, 696, 697, 698, 699, 700, 701, 702, 703, 704, 705, 706, 707, 708, 709, 710, 711, 712, 713, 714, 715, 716, 717, 718, 719, 720, 721, 722, 723, 724, 725, 726, 727, 728, 729, 730, 731, 732, 733, 734, 735, 736, 737, 738, 739, 740, 741, 742, 743, 744, 745, 746, 747, 748, 749, 750, 751, 752, 753, 754, 755, 756, 757, 758, 759, 760, 761, 762, 763, 764, 765, 766, 767, 768, 769, 770, 771, 772, 773, 774, 775, 776, 777, 778, 779, 780, 781, 782, 783, 784, 785, 786, 787, 788, 789, 790, 791, 792, 793]","[118, 589]","[109, 370, 579, 820]","[10, 75, 103, 104, 106, 117, 118, 120, 127, 128, 129, 131, 133, 135, 136, 137, 139, 146, 147, 148, 149, 151, 158, 160, 162, 166, 173, 178, 179, 185, 190, 192, 198, 201, 203, 204, 206, 207, 212, 213, 214, 219, 223, 224, 225, 227, 230, 235, 237, 246, 247, 256, 259, 262, 263, 266, 268, 269, 271, 272, 278, 279, 284, 285, 288, 290, 292, 304, 306, 312, 316, 319, 320, 323, 324, 329, 332, 335, 495, 549, 574, 575, 577, 588, 589, 591, 598, 599, 600, 602, 604, 606, 607, 608, 610, 617, 618, 619, 620, 622, 625, 630, 632, 634, 638, 644, 649, 650, 656, 661, 663, 669, 673, 674, 676, 677, 682, 683, 684, 687, 688, 689, 691, 694, 699, 701, 710, 718, 722, 723, 727, 728, 730, 731, 737, 738, 743, 744, 747, 749, 751, 762, 764, 770, 774, 777, 778, 781, 782, 789, 791]",[],[],7/6 successful match,False,,False,760,False,,0.8999999999999999,True,Pioneer Truck Stop,
"Delano , 93215 Pioneer Truck Stop",661-725-6185 CA 99 Exit 54 ( Woollomes Ave ),24 HRS <U+25A0> S 240,Delano,93215,Pioneer Truck Stop,661-725-6185,2008,Delano,CA,,( Woollomes Ave ),CA 99 Exit 54 ,Exit,54,False,,False,CA 99,,,,,[],"[118, 589]","[118, 589]","[109, 370, 579, 820]","[103, 104, 105, 106, 107, 108, 109, 110, 111, 112, 113, 114, 115, 116, 117, 118, 119, 120, 121, 122, 123, 124, 125, 126, 127, 128, 129, 130, 131, 132, 133, 134, 135, 136, 137, 138, 139, 140, 141, 142, 143, 144, 145, 146, 147, 148, 149, 150, 151, 152, 153, 154, 155, 156, 157, 158, 159, 160, 161, 162, 163, 164, 165, 166, 167, 168, 169, 170, 171, 172, 173, 174, 175, 176, 177, 178, 179, 180, 181, 182, 183, 184, 185, 186, 187, 188, 189, 190, 191, 192, 193, 194, 195, 196, 197, 198, 199, 200, 201, 202, 203, 204, 205, 206, 207, 208, 209, 210, 211, 212, 213, 214, 215, 216, 217, 218, 219, 220, 221, 222, 223, 224, 225, 226, 227, 228, 229, 230, 231, 232, 233, 234, 235, 236, 237, 238, 239, 240, 241, 242, 243, 244, 245, 246, 247, 248, 249, 250, 251, 252, 253, 254, 255, 256, 257, 258, 259, 260, 261, 262, 263, 264, 265, 266, 267, 268, 269, 270, 271, 272, 273, 274, 275, 276, 277, 278, 279, 280, 281, 282, 283, 284, 285, 286, 287, 288, 289, 290, 291, 292, 293, 294, 295, 296, 297, 298, 299, 300, 301, 302, 303, 304, 305, 306, 307, 308, 309, 310, 311, 312, 313, 314, 315, 316, 317, 318, 319, 320, 321, 322, 323, 324, 325, 326, 327, 328, 329, 330, 331, 332, 333, 334, 335, 336, 337, 574, 575, 576, 577, 578, 579, 580, 581, 582, 583, 584, 585, 586, 587, 588, 589, 590, 591, 592, 593, 594, 595, 596, 597, 598, 599, 600, 601, 602, 603, 604, 605, 606, 607, 608, 609, 610, 611, 612, 613, 614, 615, 616, 617, 618, 619, 620, 621, 622, 623, 624, 625, 626, 627, 628, 629, 630, 631, 632, 633, 634, 635, 636, 637, 638, 639, 640, 641, 642, 643, 644, 645, 646, 647, 648, 649, 650, 651, 652, 653, 654, 655, 656, 657, 658, 659, 660, 661, 662, 663, 664, 665, 666, 667, 668, 669, 670, 671, 672, 673, 674, 675, 676, 677, 678, 679, 680, 681, 682, 683, 684, 685, 686, 687, 688, 689, 690, 691, 692, 693, 694, 695, 696, 697, 698, 699, 700, 701, 702, 703, 704, 705, 706, 707, 708, 709, 710, 711, 712, 713, 714, 715, 716, 717, 718, 719, 720, 721, 722, 723, 724, 725, 726, 727, 728, 729, 730, 731, 732, 733, 734, 735, 736, 737, 738, 739, 740, 741, 742, 743, 744, 745, 746, 747, 748, 749, 750, 751, 752, 753, 754, 755, 756, 757, 758, 759, 760, 761, 762, 763, 764, 765, 766, 767, 768, 769, 770, 771, 772, 773, 774, 775, 776, 777, 778, 779, 780, 781, 782, 783, 784, 785, 786, 787, 788, 789, 790, 791, 792, 793]","[10, 75, 103, 104, 106, 117, 118, 120, 127, 128, 129, 131, 133, 135, 136, 137, 139, 146, 147, 148, 149, 151, 158, 160, 162, 166, 173, 178, 179, 185, 190, 192, 198, 201, 203, 204, 206, 207, 212, 213, 214, 219, 223, 224, 225, 227, 230, 235, 237, 246, 247, 256, 259, 262, 263, 266, 268, 269, 271, 272, 278, 279, 284, 285, 288, 290, 292, 304, 306, 312, 316, 319, 320, 323, 324, 329, 332, 335, 495, 549, 574, 575, 577, 588, 589, 591, 598, 599, 600, 602, 604, 606, 607, 608, 610, 617, 618, 619, 620, 622, 625, 630, 632, 634, 638, 644, 649, 650, 656, 661, 663, 669, 673, 674, 676, 677, 682, 683, 684, 687, 688, 689, 691, 694, 699, 701, 710, 718, 722, 723, 727, 728, 730, 731, 737, 738, 743, 744, 747, 749, 751, 762, 764, 770, 774, 777, 778, 781, 782, 789, 791]",[],[],"[10, 75, 103, 104, 105, 106, 107, 108, 109, 110, 111, 112, 113, 114, 115, 116, 117, 118, 119, 120, 121, 122, 123, 124, 125, 126, 127, 128, 129, 130, 131, 132, 133, 134, 135, 136, 137, 138, 139, 140, 141, 142, 143, 144, 145, 146, 147, 148, 149, 150, 151, 152, 153, 154, 155, 156, 157, 158, 159, 160, 161, 162, 163, 164, 165, 166, 167, 168, 169, 170, 171, 172, 173, 174, 175, 176, 177, 178, 179, 180, 181, 182, 183, 184, 185, 186, 187, 188, 189, 190, 191, 192, 193, 194, 195, 196, 197, 198, 199, 200, 201, 202, 203, 204, 205, 206, 207, 208, 209, 210, 211, 212, 213, 214, 215, 216, 217, 218, 219, 220, 221, 222, 223, 224, 225, 226, 227, 228, 229, 230, 231, 232, 233, 234, 235, 236, 237, 238, 239, 240, 241, 242, 243, 244, 245, 246, 247, 248, 249, 250, 251, 252, 253, 254, 255, 256, 257, 258, 259, 260, 261, 262, 263, 264, 265, 266, 267, 268, 269, 270, 271, 272, 273, 274, 275, 276, 277, 278, 279, 280, 281, 282, 283, 284, 285, 286, 287, 288, 289, 290, 291, 292, 293, 294, 295, 296, 297, 298, 299, 300, 301, 302, 303, 304, 305, 306, 307, 308, 309, 310, 311, 312, 313, 314, 315, 316, 317, 318, 319, 320, 321, 322, 323, 324, 325, 326, 327, 328, 329, 330, 331, 332, 333, 334, 335, 336, 337, 370, 495, 549, 574, 575, 576, 577, 578, 579, 580, 581, 582, 583, 584, 585, 586, 587, 588, 589, 590, 591, 592, 593, 594, 595, 596, 597, 598, 599, 600, 601, 602, 603, 604, 605, 606, 607, 608, 609, 610, 611, 612, 613, 614, 615, 616, 617, 618, 619, 620, 621, 622, 623, 624, 625, 626, 627, 628, 629, 630, 631, 632, 633, 634, 635, 636, 637, 638, 639, 640, 641, 642, 643, 644, 645, 646, 647, 648, 649, 650, 651, 652, 653, 654, 655, 656, 657, 658, 659, 660, 661, 662, 663, 664, 665, 666, 667, 668, 669, 670, 671, 672, 673, 674, 675, 676, 677, 678, 679, 680, 681, 682, 683, 684, 685, 686, 687, 688, 689, 690, 691, 692, 693, 694, 695, 696, 697, 698, 699, 700, 701, 702, 703, 704, 705, 706, 707, 708, 709, 710, 711, 712, 713, 714, 715, 716, 717, 718, 719, 720, 721, 722, 723, 724, 725, 726, 727, 728, 729, 730, 731, 732, 733, 734, 735, 736, 737, 738, 739, 740, 741, 742, 743, 744, 745, 746, 747, 748, 749, 750, 751, 752, 753, 754, 755, 756, 757, 758, 759, 760, 761, 762, 763, 764, 765, 766, 767, 768, 769, 770, 771, 772, 773, 774, 775, 776, 777, 778, 779, 780, 781, 782, 783, 784, 785, 786, 787, 788, 789, 790, 791, 792, 793, 820]",False,"[118, 589]","[103, 104, 105, 106, 107, 108, 109, 110, 111, 112, 113, 114, 115, 116, 117, 118, 119, 120, 121, 122, 123, 124, 125, 126, 127, 128, 129, 130, 131, 132, 133, 134, 135, 136, 137, 138, 139, 140, 141, 142, 143, 144, 145, 146, 147, 148, 149, 150, 151, 152, 153, 154, 155, 156, 157, 158, 159, 160, 161, 162, 163, 164, 165, 166, 167, 168, 169, 170, 171, 172, 173, 174, 175, 176, 177, 178, 179, 180, 181, 182, 183, 184, 185, 186, 187, 188, 189, 190, 191, 192, 193, 194, 195, 196, 197, 198, 199, 200, 201, 202, 203, 204, 205, 206, 207, 208, 209, 210, 211, 212, 213, 214, 215, 216, 217, 218, 219, 220, 221, 222, 223, 224, 225, 226, 227, 228, 229, 230, 231, 232, 233, 234, 235, 236, 237, 238, 239, 240, 241, 242, 243, 244, 245, 246, 247, 248, 249, 250, 251, 252, 253, 254, 255, 256, 257, 258, 259, 260, 261, 262, 263, 264, 265, 266, 267, 268, 269, 270, 271, 272, 273, 274, 275, 276, 277, 278, 279, 280, 281, 282, 283, 284, 285, 286, 287, 288, 289, 290, 291, 292, 293, 294, 295, 296, 297, 298, 299, 300, 301, 302, 303, 304, 305, 306, 307, 308, 309, 310, 311, 312, 313, 314, 315, 316, 317, 318, 319, 320, 321, 322, 323, 324, 325, 326, 327, 328, 329, 330, 331, 332, 333, 334, 335, 336, 337, 574, 575, 576, 577, 578, 579, 580, 581, 582, 583, 584, 585, 586, 587, 588, 589, 590, 591, 592, 593, 594, 595, 596, 597, 598, 599, 600, 601, 602, 603, 604, 605, 606, 607, 608, 609, 610, 611, 612, 613, 614, 615, 616, 617, 618, 619, 620, 621, 622, 623, 624, 625, 626, 627, 628, 629, 630, 631, 632, 633, 634, 635, 636, 637, 638, 639, 640, 641, 642, 643, 644, 645, 646, 647, 648, 649, 650, 651, 652, 653, 654, 655, 656, 657, 658, 659, 660, 661, 662, 663, 664, 665, 666, 667, 668, 669, 670, 671, 672, 673, 674, 675, 676, 677, 678, 679, 680, 681, 682, 683, 684, 685, 686, 687, 688, 689, 690, 691, 692, 693, 694, 695, 696, 697, 698, 699, 700, 701, 702, 703, 704, 705, 706, 707, 708, 709, 710, 711, 712, 713, 714, 715, 716, 717, 718, 719, 720, 721, 722, 723, 724, 725, 726, 727, 728, 729, 730, 731, 732, 733, 734, 735, 736, 737, 738, 739, 740, 741, 742, 743, 744, 745, 746, 747, 748, 749, 750, 751, 752, 753, 754, 755, 756, 757, 758, 759, 760, 761, 762, 763, 764, 765, 766, 767, 768, 769, 770, 771, 772, 773, 774, 775, 776, 777, 778, 779, 780, 781, 782, 783, 784, 785, 786, 787, 788, 789, 790, 791, 792, 793]","[118, 589]","[109, 370, 579, 820]","[10, 75, 103, 104, 106, 117, 118, 120, 127, 128, 129, 131, 133, 135, 136, 137, 139, 146, 147, 148, 149, 151, 158, 160, 162, 166, 173, 178, 179, 185, 190, 192, 198, 201, 203, 204, 206, 207, 212, 213, 214, 219, 223, 224, 225, 227, 230, 235, 237, 246, 247, 256, 259, 262, 263, 266, 268, 269, 271, 272, 278, 279, 284, 285, 288, 290, 292, 304, 306, 312, 316, 319, 320, 323, 324, 329, 332, 335, 495, 549, 574, 575, 577, 588, 589, 591, 598, 599, 600, 602, 604, 606, 607, 608, 610, 617, 618, 619, 620, 622, 625, 630, 632, 634, 638, 644, 649, 650, 656, 661, 663, 669, 673, 674, 676, 677, 682, 683, 684, 687, 688, 689, 691, 694, 699, 701, 710, 718, 722, 723, 727, 728, 730, 731, 737, 738, 743, 744, 747, 749, 751, 762, 764, 770, 774, 777, 778, 781, 782, 789, 791]",[],[],7/6 successful match,False,,False,760,False,,0.8999999999999999,True,Pioneer Truck Stop,
G Earlimart ( 93219 ) Big B's Travel Center ( Chevron ),4 661-849-2222 CA 99 Exit 65 ( Sierra Ave W ),24 <U+25A1><U+25A1> M,Earlimart,93219,Big B's Travel Center ( Chevron ),661-849-2222,2014,Earlimart,CA,Chevron,( Sierra Ave W ),CA 99 Exit 65 ,Exit,65,False,,False,CA 99,,,,,"[600, 129]","[129, 600]","[129, 600]","[129, 600]","[103, 104, 105, 106, 107, 108, 109, 110, 111, 112, 113, 114, 115, 116, 117, 118, 119, 120, 121, 122, 123, 124, 125, 126, 127, 128, 129, 130, 131, 132, 133, 134, 135, 136, 137, 138, 139, 140, 141, 142, 143, 144, 145, 146, 147, 148, 149, 150, 151, 152, 153, 154, 155, 156, 157, 158, 159, 160, 161, 162, 163, 164, 165, 166, 167, 168, 169, 170, 171, 172, 173, 174, 175, 176, 177, 178, 179, 180, 181, 182, 183, 184, 185, 186, 187, 188, 189, 190, 191, 192, 193, 194, 195, 196, 197, 198, 199, 200, 201, 202, 203, 204, 205, 206, 207, 208, 209, 210, 211, 212, 213, 214, 215, 216, 217, 218, 219, 220, 221, 222, 223, 224, 225, 226, 227, 228, 229, 230, 231, 232, 233, 234, 235, 236, 237, 238, 239, 240, 241, 242, 243, 244, 245, 246, 247, 248, 249, 250, 251, 252, 253, 254, 255, 256, 257, 258, 259, 260, 261, 262, 263, 264, 265, 266, 267, 268, 269, 270, 271, 272, 273, 274, 275, 276, 277, 278, 279, 280, 281, 282, 283, 284, 285, 286, 287, 288, 289, 290, 291, 292, 293, 294, 295, 296, 297, 298, 299, 300, 301, 302, 303, 304, 305, 306, 307, 308, 309, 310, 311, 312, 313, 314, 315, 316, 317, 318, 319, 320, 321, 322, 323, 324, 325, 326, 327, 328, 329, 330, 331, 332, 333, 334, 335, 336, 337, 574, 575, 576, 577, 578, 579, 580, 581, 582, 583, 584, 585, 586, 587, 588, 589, 590, 591, 592, 593, 594, 595, 596, 597, 598, 599, 600, 601, 602, 603, 604, 605, 606, 607, 608, 609, 610, 611, 612, 613, 614, 615, 616, 617, 618, 619, 620, 621, 622, 623, 624, 625, 626, 627, 628, 629, 630, 631, 632, 633, 634, 635, 636, 637, 638, 639, 640, 641, 642, 643, 644, 645, 646, 647, 648, 649, 650, 651, 652, 653, 654, 655, 656, 657, 658, 659, 660, 661, 662, 663, 664, 665, 666, 667, 668, 669, 670, 671, 672, 673, 674, 675, 676, 677, 678, 679, 680, 681, 682, 683, 684, 685, 686, 687, 688, 689, 690, 691, 692, 693, 694, 695, 696, 697, 698, 699, 700, 701, 702, 703, 704, 705, 706, 707, 708, 709, 710, 711, 712, 713, 714, 715, 716, 717, 718, 719, 720, 721, 722, 723, 724, 725, 726, 727, 728, 729, 730, 731, 732, 733, 734, 735, 736, 737, 738, 739, 740, 741, 742, 743, 744, 745, 746, 747, 748, 749, 750, 751, 752, 753, 754, 755, 756, 757, 758, 759, 760, 761, 762, 763, 764, 765, 766, 767, 768, 769, 770, 771, 772, 773, 774, 775, 776, 777, 778, 779, 780, 781, 782, 783, 784, 785, 786, 787, 788, 789, 790, 791, 792, 793]","[10, 75, 103, 104, 106, 117, 118, 120, 127, 128, 129, 131, 133, 135, 136, 137, 139, 146, 147, 148, 149, 151, 158, 160, 162, 166, 173, 178, 179, 185, 190, 192, 198, 201, 203, 204, 206, 207, 212, 213, 214, 219, 223, 224, 225, 227, 230, 235, 237, 246, 247, 256, 259, 262, 263, 266, 268, 269, 271, 272, 278, 279, 284, 285, 288, 290, 292, 304, 306, 312, 316, 319, 320, 323, 324, 329, 332, 335, 495, 549, 574, 575, 577, 588, 589, 591, 598, 599, 600, 602, 604, 606, 607, 608, 610, 617, 618, 619, 620, 622, 625, 630, 632, 634, 638, 644, 649, 650, 656, 661, 663, 669, 673, 674, 676, 677, 682, 683, 684, 687, 688, 689, 691, 694, 699, 701, 710, 718, 722, 723, 727, 728, 730, 731, 737, 738, 743, 744, 747, 749, 751, 762, 764, 770, 774, 777, 778, 781, 782, 789, 791]","[12, 24, 25, 28, 88, 100, 104, 119, 123, 129, 136, 137, 139, 140, 141, 148, 155, 169, 172, 179, 183, 185, 188, 196, 198, 217, 237, 267, 270, 278, 319, 321, 324, 325, 330, 334, 335, 354, 366, 369, 380, 383, 384, 386, 395, 407, 411, 423, 428, 436, 437, 452, 453, 456, 467, 471, 477, 478, 479, 497, 508, 511, 559, 571, 575, 590, 594, 600, 607, 608, 610, 611, 612, 619, 627, 640, 643, 650, 654, 656, 659, 667, 669, 685, 701, 726, 729, 737, 777, 779, 782, 783, 787, 790, 791, 809, 817, 819, 830, 833, 834, 836, 845, 856, 857, 860, 862, 875, 880, 887, 888, 899, 900, 914, 918, 921, 928, 929, 930]","[12, 24, 25, 28, 88, 100, 104, 119, 123, 129, 136, 137, 139, 140, 141, 148, 155, 169, 172, 179, 183, 185, 188, 196, 198, 217, 237, 267, 270, 278, 319, 321, 324, 325, 330, 334, 335, 354, 366, 369, 380, 383, 384, 386, 395, 407, 411, 423, 428, 436, 437, 452, 453, 456, 467, 471, 477, 478, 479, 497, 508, 511, 559, 571, 575, 590, 594, 600, 607, 608, 610, 611, 612, 619, 627, 640, 643, 650, 654, 656, 659, 667, 669, 685, 701, 726, 729, 737, 777, 779, 782, 783, 787, 790, 791, 809, 817, 819, 830, 833, 834, 836, 845, 856, 857, 860, 862, 875, 880, 887, 888, 899, 900, 914, 918, 921, 928, 929, 930]","[10, 12, 24, 25, 28, 75, 88, 100, 103, 104, 105, 106, 107, 108, 109, 110, 111, 112, 113, 114, 115, 116, 117, 118, 119, 120, 121, 122, 123, 124, 125, 126, 127, 128, 129, 130, 131, 132, 133, 134, 135, 136, 137, 138, 139, 140, 141, 142, 143, 144, 145, 146, 147, 148, 149, 150, 151, 152, 153, 154, 155, 156, 157, 158, 159, 160, 161, 162, 163, 164, 165, 166, 167, 168, 169, 170, 171, 172, 173, 174, 175, 176, 177, 178, 179, 180, 181, 182, 183, 184, 185, 186, 187, 188, 189, 190, 191, 192, 193, 194, 195, 196, 197, 198, 199, 200, 201, 202, 203, 204, 205, 206, 207, 208, 209, 210, 211, 212, 213, 214, 215, 216, 217, 218, 219, 220, 221, 222, 223, 224, 225, 226, 227, 228, 229, 230, 231, 232, 233, 234, 235, 236, 237, 238, 239, 240, 241, 242, 243, 244, 245, 246, 247, 248, 249, 250, 251, 252, 253, 254, 255, 256, 257, 258, 259, 260, 261, 262, 263, 264, 265, 266, 267, 268, 269, 270, 271, 272, 273, 274, 275, 276, 277, 278, 279, 280, 281, 282, 283, 284, 285, 286, 287, 288, 289, 290, 291, 292, 293, 294, 295, 296, 297, 298, 299, 300, 301, 302, 303, 304, 305, 306, 307, 308, 309, 310, 311, 312, 313, 314, 315, 316, 317, 318, 319, 320, 321, 322, 323, 324, 325, 326, 327, 328, 329, 330, 331, 332, 333, 334, 335, 336, 337, 354, 366, 369, 380, 383, 384, 386, 395, 407, 411, 423, 428, 436, 437, 452, 453, 456, 467, 471, 477, 478, 479, 495, 497, 508, 511, 549, 559, 571, 574, 575, 576, 577, 578, 579, 580, 581, 582, 583, 584, 585, 586, 587, 588, 589, 590, 591, 592, 593, 594, 595, 596, 597, 598, 599, 600, 601, 602, 603, 604, 605, 606, 607, 608, 609, 610, 611, 612, 613, 614, 615, 616, 617, 618, 619, 620, 621, 622, 623, 624, 625, 626, 627, 628, 629, 630, 631, 632, 633, 634, 635, 636, 637, 638, 639, 640, 641, 642, 643, 644, 645, 646, 647, 648, 649, 650, 651, 652, 653, 654, 655, 656, 657, 658, 659, 660, 661, 662, 663, 664, 665, 666, 667, 668, 669, 670, 671, 672, 673, 674, 675, 676, 677, 678, 679, 680, 681, 682, 683, 684, 685, 686, 687, 688, 689, 690, 691, 692, 693, 694, 695, 696, 697, 698, 699, 700, 701, 702, 703, 704, 705, 706, 707, 708, 709, 710, 711, 712, 713, 714, 715, 716, 717, 718, 719, 720, 721, 722, 723, 724, 725, 726, 727, 728, 729, 730, 731, 732, 733, 734, 735, 736, 737, 738, 739, 740, 741, 742, 743, 744, 745, 746, 747, 748, 749, 750, 751, 752, 753, 754, 755, 756, 757, 758, 759, 760, 761, 762, 763, 764, 765, 766, 767, 768, 769, 770, 771, 772, 773, 774, 775, 776, 777, 778, 779, 780, 781, 782, 783, 784, 785, 786, 787, 788, 789, 790, 791, 792, 793, 809, 817, 819, 830, 833, 834, 836, 845, 856, 857, 860, 862, 875, 880, 887, 888, 899, 900, 914, 918, 921, 928, 929, 930]",True,"[129, 600]","[103, 104, 105, 106, 107, 108, 109, 110, 111, 112, 113, 114, 115, 116, 117, 118, 119, 120, 121, 122, 123, 124, 125, 126, 127, 128, 129, 130, 131, 132, 133, 134, 135, 136, 137, 138, 139, 140, 141, 142, 143, 144, 145, 146, 147, 148, 149, 150, 151, 152, 153, 154, 155, 156, 157, 158, 159, 160, 161, 162, 163, 164, 165, 166, 167, 168, 169, 170, 171, 172, 173, 174, 175, 176, 177, 178, 179, 180, 181, 182, 183, 184, 185, 186, 187, 188, 189, 190, 191, 192, 193, 194, 195, 196, 197, 198, 199, 200, 201, 202, 203, 204, 205, 206, 207, 208, 209, 210, 211, 212, 213, 214, 215, 216, 217, 218, 219, 220, 221, 222, 223, 224, 225, 226, 227, 228, 229, 230, 231, 232, 233, 234, 235, 236, 237, 238, 239, 240, 241, 242, 243, 244, 245, 246, 247, 248, 249, 250, 251, 252, 253, 254, 255, 256, 257, 258, 259, 260, 261, 262, 263, 264, 265, 266, 267, 268, 269, 270, 271, 272, 273, 274, 275, 276, 277, 278, 279, 280, 281, 282, 283, 284, 285, 286, 287, 288, 289, 290, 291, 292, 293, 294, 295, 296, 297, 298, 299, 300, 301, 302, 303, 304, 305, 306, 307, 308, 309, 310, 311, 312, 313, 314, 315, 316, 317, 318, 319, 320, 321, 322, 323, 324, 325, 326, 327, 328, 329, 330, 331, 332, 333, 334, 335, 336, 337, 574, 575, 576, 577, 578, 579, 580, 581, 582, 583, 584, 585, 586, 587, 588, 589, 590, 591, 592, 593, 594, 595, 596, 597, 598, 599, 600, 601, 602, 603, 604, 605, 606, 607, 608, 609, 610, 611, 612, 613, 614, 615, 616, 617, 618, 619, 620, 621, 622, 623, 624, 625, 626, 627, 628, 629, 630, 631, 632, 633, 634, 635, 636, 637, 638, 639, 640, 641, 642, 643, 644, 645, 646, 647, 648, 649, 650, 651, 652, 653, 654, 655, 656, 657, 658, 659, 660, 661, 662, 663, 664, 665, 666, 667, 668, 669, 670, 671, 672, 673, 674, 675, 676, 677, 678, 679, 680, 681, 682, 683, 684, 685, 686, 687, 688, 689, 690, 691, 692, 693, 694, 695, 696, 697, 698, 699, 700, 701, 702, 703, 704, 705, 706, 707, 708, 709, 710, 711, 712, 713, 714, 715, 716, 717, 718, 719, 720, 721, 722, 723, 724, 725, 726, 727, 728, 729, 730, 731, 732, 733, 734, 735, 736, 737, 738, 739, 740, 741, 742, 743, 744, 745, 746, 747, 748, 749, 750, 751, 752, 753, 754, 755, 756, 757, 758, 759, 760, 761, 762, 763, 764, 765, 766, 767, 768, 769, 770, 771, 772, 773, 774, 775, 776, 777, 778, 779, 780, 781, 782, 783, 784, 785, 786, 787, 788, 789, 790, 791, 792, 793]","[129, 600]","[129, 600]","[10, 75, 103, 104, 106, 117, 118, 120, 127, 128, 129, 131, 133, 135, 136, 137, 139, 146, 147, 148, 149, 151, 158, 160, 162, 166, 173, 178, 179, 185, 190, 192, 198, 201, 203, 204, 206, 207, 212, 213, 214, 219, 223, 224, 225, 227, 230, 235, 237, 246, 247, 256, 259, 262, 263, 266, 268, 269, 271, 272, 278, 279, 284, 285, 288, 290, 292, 304, 306, 312, 316, 319, 320, 323, 324, 329, 332, 335, 495, 549, 574, 575, 577, 588, 589, 591, 598, 599, 600, 602, 604, 606, 607, 608, 610, 617, 618, 619, 620, 622, 625, 630, 632, 634, 638, 644, 649, 650, 656, 661, 663, 669, 673, 674, 676, 677, 682, 683, 684, 687, 688, 689, 691, 694, 699, 701, 710, 718, 722, 723, 727, 728, 730, 731, 737, 738, 743, 744, 747, 749, 751, 762, 764, 770, 774, 777, 778, 781, 782, 789, 791]","[12, 24, 25, 28, 88, 100, 104, 119, 123, 129, 136, 137, 139, 140, 141, 148, 155, 169, 172, 179, 183, 185, 188, 196, 198, 217, 237, 267, 270, 278, 319, 321, 324, 325, 330, 334, 335, 354, 366, 369, 380, 383, 384, 386, 395, 407, 411, 423, 428, 436, 437, 452, 453, 456, 467, 471, 477, 478, 479, 497, 508, 511, 559, 571, 575, 590, 594, 600, 607, 608, 610, 611, 612, 619, 627, 640, 643, 650, 654, 656, 659, 667, 669, 685, 701, 726, 729, 737, 777, 779, 782, 783, 787, 790, 791, 809, 817, 819, 830, 833, 834, 836, 845, 856, 857, 860, 862, 875, 880, 887, 888, 899, 900, 914, 918, 921, 928, 929, 930]","[12, 24, 25, 28, 88, 100, 104, 119, 123, 129, 136, 137, 139, 140, 141, 148, 155, 169, 172, 179, 183, 185, 188, 196, 198, 217, 237, 267, 270, 278, 319, 321, 324, 325, 330, 334, 335, 354, 366, 369, 380, 383, 384, 386, 395, 407, 411, 423, 428, 436, 437, 452, 453, 456, 467, 471, 477, 478, 479, 497, 508, 511, 559, 571, 575, 590, 594, 600, 607, 608, 610, 611, 612, 619, 627, 640, 643, 650, 654, 656, 659, 667, 669, 685, 701, 726, 729, 737, 777, 779, 782, 783, 787, 790, 791, 809, 817, 819, 830, 833, 834, 836, 845, 856, 857, 860, 862, 875, 880, 887, 888, 899, 900, 914, 918, 921, 928, 929, 930]",7/6 successful match,True,"[708, 709]",True,760,True,2014,0.13725490196078433,True,Pioneer Truck Stop,
Earlimart ( 93219 ) Big B's Travel Center ( Chevron ),4 661-849-2222 CA 99 Exit 65 ( Sierra Ave W ),24 M,Earlimart,93219,Big B's Travel Center ( Chevron ),661-849-2222,2015,Earlimart,CA,Chevron,( Sierra Ave W ),CA 99 Exit 65 ,Exit,65,False,,False,CA 99,,,,,"[600, 129]","[129, 600]","[129, 600]","[129, 600]","[103, 104, 105, 106, 107, 108, 109, 110, 111, 112, 113, 114, 115, 116, 117, 118, 119, 120, 121, 122, 123, 124, 125, 126, 127, 128, 129, 130, 131, 132, 133, 134, 135, 136, 137, 138, 139, 140, 141, 142, 143, 144, 145, 146, 147, 148, 149, 150, 151, 152, 153, 154, 155, 156, 157, 158, 159, 160, 161, 162, 163, 164, 165, 166, 167, 168, 169, 170, 171, 172, 173, 174, 175, 176, 177, 178, 179, 180, 181, 182, 183, 184, 185, 186, 187, 188, 189, 190, 191, 192, 193, 194, 195, 196, 197, 198, 199, 200, 201, 202, 203, 204, 205, 206, 207, 208, 209, 210, 211, 212, 213, 214, 215, 216, 217, 218, 219, 220, 221, 222, 223, 224, 225, 226, 227, 228, 229, 230, 231, 232, 233, 234, 235, 236, 237, 238, 239, 240, 241, 242, 243, 244, 245, 246, 247, 248, 249, 250, 251, 252, 253, 254, 255, 256, 257, 258, 259, 260, 261, 262, 263, 264, 265, 266, 267, 268, 269, 270, 271, 272, 273, 274, 275, 276, 277, 278, 279, 280, 281, 282, 283, 284, 285, 286, 287, 288, 289, 290, 291, 292, 293, 294, 295, 296, 297, 298, 299, 300, 301, 302, 303, 304, 305, 306, 307, 308, 309, 310, 311, 312, 313, 314, 315, 316, 317, 318, 319, 320, 321, 322, 323, 324, 325, 326, 327, 328, 329, 330, 331, 332, 333, 334, 335, 336, 337, 574, 575, 576, 577, 578, 579, 580, 581, 582, 583, 584, 585, 586, 587, 588, 589, 590, 591, 592, 593, 594, 595, 596, 597, 598, 599, 600, 601, 602, 603, 604, 605, 606, 607, 608, 609, 610, 611, 612, 613, 614, 615, 616, 617, 618, 619, 620, 621, 622, 623, 624, 625, 626, 627, 628, 629, 630, 631, 632, 633, 634, 635, 636, 637, 638, 639, 640, 641, 642, 643, 644, 645, 646, 647, 648, 649, 650, 651, 652, 653, 654, 655, 656, 657, 658, 659, 660, 661, 662, 663, 664, 665, 666, 667, 668, 669, 670, 671, 672, 673, 674, 675, 676, 677, 678, 679, 680, 681, 682, 683, 684, 685, 686, 687, 688, 689, 690, 691, 692, 693, 694, 695, 696, 697, 698, 699, 700, 701, 702, 703, 704, 705, 706, 707, 708, 709, 710, 711, 712, 713, 714, 715, 716, 717, 718, 719, 720, 721, 722, 723, 724, 725, 726, 727, 728, 729, 730, 731, 732, 733, 734, 735, 736, 737, 738, 739, 740, 741, 742, 743, 744, 745, 746, 747, 748, 749, 750, 751, 752, 753, 754, 755, 756, 757, 758, 759, 760, 761, 762, 763, 764, 765, 766, 767, 768, 769, 770, 771, 772, 773, 774, 775, 776, 777, 778, 779, 780, 781, 782, 783, 784, 785, 786, 787, 788, 789, 790, 791, 792, 793]","[10, 75, 103, 104, 106, 117, 118, 120, 127, 128, 129, 131, 133, 135, 136, 137, 139, 146, 147, 148, 149, 151, 158, 160, 162, 166, 173, 178, 179, 185, 190, 192, 198, 201, 203, 204, 206, 207, 212, 213, 214, 219, 223, 224, 225, 227, 230, 235, 237, 246, 247, 256, 259, 262, 263, 266, 268, 269, 271, 272, 278, 279, 284, 285, 288, 290, 292, 304, 306, 312, 316, 319, 320, 323, 324, 329, 332, 335, 495, 549, 574, 575, 577, 588, 589, 591, 598, 599, 600, 602, 604, 606, 607, 608, 610, 617, 618, 619, 620, 622, 625, 630, 632, 634, 638, 644, 649, 650, 656, 661, 663, 669, 673, 674, 676, 677, 682, 683, 684, 687, 688, 689, 691, 694, 699, 701, 710, 718, 722, 723, 727, 728, 730, 731, 737, 738, 743, 744, 747, 749, 751, 762, 764, 770, 774, 777, 778, 781, 782, 789, 791]","[12, 24, 25, 28, 88, 100, 104, 119, 123, 129, 136, 137, 139, 140, 141, 148, 155, 169, 172, 179, 183, 185, 188, 196, 198, 217, 237, 267, 270, 278, 319, 321, 324, 325, 330, 334, 335, 354, 366, 369, 380, 383, 384, 386, 395, 407, 411, 423, 428, 436, 437, 452, 453, 456, 467, 471, 477, 478, 479, 497, 508, 511, 559, 571, 575, 590, 594, 600, 607, 608, 610, 611, 612, 619, 627, 640, 643, 650, 654, 656, 659, 667, 669, 685, 701, 726, 729, 737, 777, 779, 782, 783, 787, 790, 791, 809, 817, 819, 830, 833, 834, 836, 845, 856, 857, 860, 862, 875, 880, 887, 888, 899, 900, 914, 918, 921, 928, 929, 930]","[12, 24, 25, 28, 88, 100, 104, 119, 123, 129, 136, 137, 139, 140, 141, 148, 155, 169, 172, 179, 183, 185, 188, 196, 198, 217, 237, 267, 270, 278, 319, 321, 324, 325, 330, 334, 335, 354, 366, 369, 380, 383, 384, 386, 395, 407, 411, 423, 428, 436, 437, 452, 453, 456, 467, 471, 477, 478, 479, 497, 508, 511, 559, 571, 575, 590, 594, 600, 607, 608, 610, 611, 612, 619, 627, 640, 643, 650, 654, 656, 659, 667, 669, 685, 701, 726, 729, 737, 777, 779, 782, 783, 787, 790, 791, 809, 817, 819, 830, 833, 834, 836, 845, 856, 857, 860, 862, 875, 880, 887, 888, 899, 900, 914, 918, 921, 928, 929, 930]","[10, 12, 24, 25, 28, 75, 88, 100, 103, 104, 105, 106, 107, 108, 109, 110, 111, 112, 113, 114, 115, 116, 117, 118, 119, 120, 121, 122, 123, 124, 125, 126, 127, 128, 129, 130, 131, 132, 133, 134, 135, 136, 137, 138, 139, 140, 141, 142, 143, 144, 145, 146, 147, 148, 149, 150, 151, 152, 153, 154, 155, 156, 157, 158, 159, 160, 161, 162, 163, 164, 165, 166, 167, 168, 169, 170, 171, 172, 173, 174, 175, 176, 177, 178, 179, 180, 181, 182, 183, 184, 185, 186, 187, 188, 189, 190, 191, 192, 193, 194, 195, 196, 197, 198, 199, 200, 201, 202, 203, 204, 205, 206, 207, 208, 209, 210, 211, 212, 213, 214, 215, 216, 217, 218, 219, 220, 221, 222, 223, 224, 225, 226, 227, 228, 229, 230, 231, 232, 233, 234, 235, 236, 237, 238, 239, 240, 241, 242, 243, 244, 245, 246, 247, 248, 249, 250, 251, 252, 253, 254, 255, 256, 257, 258, 259, 260, 261, 262, 263, 264, 265, 266, 267, 268, 269, 270, 271, 272, 273, 274, 275, 276, 277, 278, 279, 280, 281, 282, 283, 284, 285, 286, 287, 288, 289, 290, 291, 292, 293, 294, 295, 296, 297, 298, 299, 300, 301, 302, 303, 304, 305, 306, 307, 308, 309, 310, 311, 312, 313, 314, 315, 316, 317, 318, 319, 320, 321, 322, 323, 324, 325, 326, 327, 328, 329, 330, 331, 332, 333, 334, 335, 336, 337, 354, 366, 369, 380, 383, 384, 386, 395, 407, 411, 423, 428, 436, 437, 452, 453, 456, 467, 471, 477, 478, 479, 495, 497, 508, 511, 549, 559, 571, 574, 575, 576, 577, 578, 579, 580, 581, 582, 583, 584, 585, 586, 587, 588, 589, 590, 591, 592, 593, 594, 595, 596, 597, 598, 599, 600, 601, 602, 603, 604, 605, 606, 607, 608, 609, 610, 611, 612, 613, 614, 615, 616, 617, 618, 619, 620, 621, 622, 623, 624, 625, 626, 627, 628, 629, 630, 631, 632, 633, 634, 635, 636, 637, 638, 639, 640, 641, 642, 643, 644, 645, 646, 647, 648, 649, 650, 651, 652, 653, 654, 655, 656, 657, 658, 659, 660, 661, 662, 663, 664, 665, 666, 667, 668, 669, 670, 671, 672, 673, 674, 675, 676, 677, 678, 679, 680, 681, 682, 683, 684, 685, 686, 687, 688, 689, 690, 691, 692, 693, 694, 695, 696, 697, 698, 699, 700, 701, 702, 703, 704, 705, 706, 707, 708, 709, 710, 711, 712, 713, 714, 715, 716, 717, 718, 719, 720, 721, 722, 723, 724, 725, 726, 727, 728, 729, 730, 731, 732, 733, 734, 735, 736, 737, 738, 739, 740, 741, 742, 743, 744, 745, 746, 747, 748, 749, 750, 751, 752, 753, 754, 755, 756, 757, 758, 759, 760, 761, 762, 763, 764, 765, 766, 767, 768, 769, 770, 771, 772, 773, 774, 775, 776, 777, 778, 779, 780, 781, 782, 783, 784, 785, 786, 787, 788, 789, 790, 791, 792, 793, 809, 817, 819, 830, 833, 834, 836, 845, 856, 857, 860, 862, 875, 880, 887, 888, 899, 900, 914, 918, 921, 928, 929, 930]",True,"[129, 600]","[103, 104, 105, 106, 107, 108, 109, 110, 111, 112, 113, 114, 115, 116, 117, 118, 119, 120, 121, 122, 123, 124, 125, 126, 127, 128, 129, 130, 131, 132, 133, 134, 135, 136, 137, 138, 139, 140, 141, 142, 143, 144, 145, 146, 147, 148, 149, 150, 151, 152, 153, 154, 155, 156, 157, 158, 159, 160, 161, 162, 163, 164, 165, 166, 167, 168, 169, 170, 171, 172, 173, 174, 175, 176, 177, 178, 179, 180, 181, 182, 183, 184, 185, 186, 187, 188, 189, 190, 191, 192, 193, 194, 195, 196, 197, 198, 199, 200, 201, 202, 203, 204, 205, 206, 207, 208, 209, 210, 211, 212, 213, 214, 215, 216, 217, 218, 219, 220, 221, 222, 223, 224, 225, 226, 227, 228, 229, 230, 231, 232, 233, 234, 235, 236, 237, 238, 239, 240, 241, 242, 243, 244, 245, 246, 247, 248, 249, 250, 251, 252, 253, 254, 255, 256, 257, 258, 259, 260, 261, 262, 263, 264, 265, 266, 267, 268, 269, 270, 271, 272, 273, 274, 275, 276, 277, 278, 279, 280, 281, 282, 283, 284, 285, 286, 287, 288, 289, 290, 291, 292, 293, 294, 295, 296, 297, 298, 299, 300, 301, 302, 303, 304, 305, 306, 307, 308, 309, 310, 311, 312, 313, 314, 315, 316, 317, 318, 319, 320, 321, 322, 323, 324, 325, 326, 327, 328, 329, 330, 331, 332, 333, 334, 335, 336, 337, 574, 575, 576, 577, 578, 579, 580, 581, 582, 583, 584, 585, 586, 587, 588, 589, 590, 591, 592, 593, 594, 595, 596, 597, 598, 599, 600, 601, 602, 603, 604, 605, 606, 607, 608, 609, 610, 611, 612, 613, 614, 615, 616, 617, 618, 619, 620, 621, 622, 623, 624, 625, 626, 627, 628, 629, 630, 631, 632, 633, 634, 635, 636, 637, 638, 639, 640, 641, 642, 643, 644, 645, 646, 647, 648, 649, 650, 651, 652, 653, 654, 655, 656, 657, 658, 659, 660, 661, 662, 663, 664, 665, 666, 667, 668, 669, 670, 671, 672, 673, 674, 675, 676, 677, 678, 679, 680, 681, 682, 683, 684, 685, 686, 687, 688, 689, 690, 691, 692, 693, 694, 695, 696, 697, 698, 699, 700, 701, 702, 703, 704, 705, 706, 707, 708, 709, 710, 711, 712, 713, 714, 715, 716, 717, 718, 719, 720, 721, 722, 723, 724, 725, 726, 727, 728, 729, 730, 731, 732, 733, 734, 735, 736, 737, 738, 739, 740, 741, 742, 743, 744, 745, 746, 747, 748, 749, 750, 751, 752, 753, 754, 755, 756, 757, 758, 759, 760, 761, 762, 763, 764, 765, 766, 767, 768, 769, 770, 771, 772, 773, 774, 775, 776, 777, 778, 779, 780, 781, 782, 783, 784, 785, 786, 787, 788, 789, 790, 791, 792, 793]","[129, 600]","[129, 600]","[10, 75, 103, 104, 106, 117, 118, 120, 127, 128, 129, 131, 133, 135, 136, 137, 139, 146, 147, 148, 149, 151, 158, 160, 162, 166, 173, 178, 179, 185, 190, 192, 198, 201, 203, 204, 206, 207, 212, 213, 214, 219, 223, 224, 225, 227, 230, 235, 237, 246, 247, 256, 259, 262, 263, 266, 268, 269, 271, 272, 278, 279, 284, 285, 288, 290, 292, 304, 306, 312, 316, 319, 320, 323, 324, 329, 332, 335, 495, 549, 574, 575, 577, 588, 589, 591, 598, 599, 600, 602, 604, 606, 607, 608, 610, 617, 618, 619, 620, 622, 625, 630, 632, 634, 638, 644, 649, 650, 656, 661, 663, 669, 673, 674, 676, 677, 682, 683, 684, 687, 688, 689, 691, 694, 699, 701, 710, 718, 722, 723, 727, 728, 730, 731, 737, 738, 743, 744, 747, 749, 751, 762, 764, 770, 774, 777, 778, 781, 782, 789, 791]","[12, 24, 25, 28, 88, 100, 104, 119, 123, 129, 136, 137, 139, 140, 141, 148, 155, 169, 172, 179, 183, 185, 188, 196, 198, 217, 237, 267, 270, 278, 319, 321, 324, 325, 330, 334, 335, 354, 366, 369, 380, 383, 384, 386, 395, 407, 411, 423, 428, 436, 437, 452, 453, 456, 467, 471, 477, 478, 479, 497, 508, 511, 559, 571, 575, 590, 594, 600, 607, 608, 610, 611, 612, 619, 627, 640, 643, 650, 654, 656, 659, 667, 669, 685, 701, 726, 729, 737, 777, 779, 782, 783, 787, 790, 791, 809, 817, 819, 830, 833, 834, 836, 845, 856, 857, 860, 862, 875, 880, 887, 888, 899, 900, 914, 918, 921, 928, 929, 930]","[12, 24, 25, 28, 88, 100, 104, 119, 123, 129, 136, 137, 139, 140, 141, 148, 155, 169, 172, 179, 183, 185, 188, 196, 198, 217, 237, 267, 270, 278, 319, 321, 324, 325, 330, 334, 335, 354, 366, 369, 380, 383, 384, 386, 395, 407, 411, 423, 428, 436, 437, 452, 453, 456, 467, 471, 477, 478, 479, 497, 508, 511, 559, 571, 575, 590, 594, 600, 607, 608, 610, 611, 612, 619, 627, 640, 643, 650, 654, 656, 659, 667, 669, 685, 701, 726, 729, 737, 777, 779, 782, 783, 787, 790, 791, 809, 817, 819, 830, 833, 834, 836, 845, 856, 857, 860, 862, 875, 880, 887, 888, 899, 900, 914, 918, 921, 928, 929, 930]",7/6 successful match,True,"[708, 709]",True,760,False,,1.0,True,Big B's Travel Center ( Chevron ),Chevron
Earlimart ( 93219 ) Big B's Travel Center ( Chevron ),661-849-2222 CA 99 Exit 65 ( Sierra Ave W ),24 M,Earlimart,93219,Big B's Travel Center ( Chevron ),661-849-2222,2016,Earlimart,CA,Chevron,( Sierra Ave W ),CA 99 Exit 65 ,Exit,65,False,,False,CA 99,,,,,"[600, 129]","[129, 600]","[129, 600]","[129, 600]","[103, 104, 105, 106, 107, 108, 109, 110, 111, 112, 113, 114, 115, 116, 117, 118, 119, 120, 121, 122, 123, 124, 125, 126, 127, 128, 129, 130, 131, 132, 133, 134, 135, 136, 137, 138, 139, 140, 141, 142, 143, 144, 145, 146, 147, 148, 149, 150, 151, 152, 153, 154, 155, 156, 157, 158, 159, 160, 161, 162, 163, 164, 165, 166, 167, 168, 169, 170, 171, 172, 173, 174, 175, 176, 177, 178, 179, 180, 181, 182, 183, 184, 185, 186, 187, 188, 189, 190, 191, 192, 193, 194, 195, 196, 197, 198, 199, 200, 201, 202, 203, 204, 205, 206, 207, 208, 209, 210, 211, 212, 213, 214, 215, 216, 217, 218, 219, 220, 221, 222, 223, 224, 225, 226, 227, 228, 229, 230, 231, 232, 233, 234, 235, 236, 237, 238, 239, 240, 241, 242, 243, 244, 245, 246, 247, 248, 249, 250, 251, 252, 253, 254, 255, 256, 257, 258, 259, 260, 261, 262, 263, 264, 265, 266, 267, 268, 269, 270, 271, 272, 273, 274, 275, 276, 277, 278, 279, 280, 281, 282, 283, 284, 285, 286, 287, 288, 289, 290, 291, 292, 293, 294, 295, 296, 297, 298, 299, 300, 301, 302, 303, 304, 305, 306, 307, 308, 309, 310, 311, 312, 313, 314, 315, 316, 317, 318, 319, 320, 321, 322, 323, 324, 325, 326, 327, 328, 329, 330, 331, 332, 333, 334, 335, 336, 337, 574, 575, 576, 577, 578, 579, 580, 581, 582, 583, 584, 585, 586, 587, 588, 589, 590, 591, 592, 593, 594, 595, 596, 597, 598, 599, 600, 601, 602, 603, 604, 605, 606, 607, 608, 609, 610, 611, 612, 613, 614, 615, 616, 617, 618, 619, 620, 621, 622, 623, 624, 625, 626, 627, 628, 629, 630, 631, 632, 633, 634, 635, 636, 637, 638, 639, 640, 641, 642, 643, 644, 645, 646, 647, 648, 649, 650, 651, 652, 653, 654, 655, 656, 657, 658, 659, 660, 661, 662, 663, 664, 665, 666, 667, 668, 669, 670, 671, 672, 673, 674, 675, 676, 677, 678, 679, 680, 681, 682, 683, 684, 685, 686, 687, 688, 689, 690, 691, 692, 693, 694, 695, 696, 697, 698, 699, 700, 701, 702, 703, 704, 705, 706, 707, 708, 709, 710, 711, 712, 713, 714, 715, 716, 717, 718, 719, 720, 721, 722, 723, 724, 725, 726, 727, 728, 729, 730, 731, 732, 733, 734, 735, 736, 737, 738, 739, 740, 741, 742, 743, 744, 745, 746, 747, 748, 749, 750, 751, 752, 753, 754, 755, 756, 757, 758, 759, 760, 761, 762, 763, 764, 765, 766, 767, 768, 769, 770, 771, 772, 773, 774, 775, 776, 777, 778, 779, 780, 781, 782, 783, 784, 785, 786, 787, 788, 789, 790, 791, 792, 793]","[10, 75, 103, 104, 106, 117, 118, 120, 127, 128, 129, 131, 133, 135, 136, 137, 139, 146, 147, 148, 149, 151, 158, 160, 162, 166, 173, 178, 179, 185, 190, 192, 198, 201, 203, 204, 206, 207, 212, 213, 214, 219, 223, 224, 225, 227, 230, 235, 237, 246, 247, 256, 259, 262, 263, 266, 268, 269, 271, 272, 278, 279, 284, 285, 288, 290, 292, 304, 306, 312, 316, 319, 320, 323, 324, 329, 332, 335, 495, 549, 574, 575, 577, 588, 589, 591, 598, 599, 600, 602, 604, 606, 607, 608, 610, 617, 618, 619, 620, 622, 625, 630, 632, 634, 638, 644, 649, 650, 656, 661, 663, 669, 673, 674, 676, 677, 682, 683, 684, 687, 688, 689, 691, 694, 699, 701, 710, 718, 722, 723, 727, 728, 730, 731, 737, 738, 743, 744, 747, 749, 751, 762, 764, 770, 774, 777, 778, 781, 782, 789, 791]","[12, 24, 25, 28, 88, 100, 104, 119, 123, 129, 136, 137, 139, 140, 141, 148, 155, 169, 172, 179, 183, 185, 188, 196, 198, 217, 237, 267, 270, 278, 319, 321, 324, 325, 330, 334, 335, 354, 366, 369, 380, 383, 384, 386, 395, 407, 411, 423, 428, 436, 437, 452, 453, 456, 467, 471, 477, 478, 479, 497, 508, 511, 559, 571, 575, 590, 594, 600, 607, 608, 610, 611, 612, 619, 627, 640, 643, 650, 654, 656, 659, 667, 669, 685, 701, 726, 729, 737, 777, 779, 782, 783, 787, 790, 791, 809, 817, 819, 830, 833, 834, 836, 845, 856, 857, 860, 862, 875, 880, 887, 888, 899, 900, 914, 918, 921, 928, 929, 930]","[12, 24, 25, 28, 88, 100, 104, 119, 123, 129, 136, 137, 139, 140, 141, 148, 155, 169, 172, 179, 183, 185, 188, 196, 198, 217, 237, 267, 270, 278, 319, 321, 324, 325, 330, 334, 335, 354, 366, 369, 380, 383, 384, 386, 395, 407, 411, 423, 428, 436, 437, 452, 453, 456, 467, 471, 477, 478, 479, 497, 508, 511, 559, 571, 575, 590, 594, 600, 607, 608, 610, 611, 612, 619, 627, 640, 643, 650, 654, 656, 659, 667, 669, 685, 701, 726, 729, 737, 777, 779, 782, 783, 787, 790, 791, 809, 817, 819, 830, 833, 834, 836, 845, 856, 857, 860, 862, 875, 880, 887, 888, 899, 900, 914, 918, 921, 928, 929, 930]","[10, 12, 24, 25, 28, 75, 88, 100, 103, 104, 105, 106, 107, 108, 109, 110, 111, 112, 113, 114, 115, 116, 117, 118, 119, 120, 121, 122, 123, 124, 125, 126, 127, 128, 129, 130, 131, 132, 133, 134, 135, 136, 137, 138, 139, 140, 141, 142, 143, 144, 145, 146, 147, 148, 149, 150, 151, 152, 153, 154, 155, 156, 157, 158, 159, 160, 161, 162, 163, 164, 165, 166, 167, 168, 169, 170, 171, 172, 173, 174, 175, 176, 177, 178, 179, 180, 181, 182, 183, 184, 185, 186, 187, 188, 189, 190, 191, 192, 193, 194, 195, 196, 197, 198, 199, 200, 201, 202, 203, 204, 205, 206, 207, 208, 209, 210, 211, 212, 213, 214, 215, 216, 217, 218, 219, 220, 221, 222, 223, 224, 225, 226, 227, 228, 229, 230, 231, 232, 233, 234, 235, 236, 237, 238, 239, 240, 241, 242, 243, 244, 245, 246, 247, 248, 249, 250, 251, 252, 253, 254, 255, 256, 257, 258, 259, 260, 261, 262, 263, 264, 265, 266, 267, 268, 269, 270, 271, 272, 273, 274, 275, 276, 277, 278, 279, 280, 281, 282, 283, 284, 285, 286, 287, 288, 289, 290, 291, 292, 293, 294, 295, 296, 297, 298, 299, 300, 301, 302, 303, 304, 305, 306, 307, 308, 309, 310, 311, 312, 313, 314, 315, 316, 317, 318, 319, 320, 321, 322, 323, 324, 325, 326, 327, 328, 329, 330, 331, 332, 333, 334, 335, 336, 337, 354, 366, 369, 380, 383, 384, 386, 395, 407, 411, 423, 428, 436, 437, 452, 453, 456, 467, 471, 477, 478, 479, 495, 497, 508, 511, 549, 559, 571, 574, 575, 576, 577, 578, 579, 580, 581, 582, 583, 584, 585, 586, 587, 588, 589, 590, 591, 592, 593, 594, 595, 596, 597, 598, 599, 600, 601, 602, 603, 604, 605, 606, 607, 608, 609, 610, 611, 612, 613, 614, 615, 616, 617, 618, 619, 620, 621, 622, 623, 624, 625, 626, 627, 628, 629, 630, 631, 632, 633, 634, 635, 636, 637, 638, 639, 640, 641, 642, 643, 644, 645, 646, 647, 648, 649, 650, 651, 652, 653, 654, 655, 656, 657, 658, 659, 660, 661, 662, 663, 664, 665, 666, 667, 668, 669, 670, 671, 672, 673, 674, 675, 676, 677, 678, 679, 680, 681, 682, 683, 684, 685, 686, 687, 688, 689, 690, 691, 692, 693, 694, 695, 696, 697, 698, 699, 700, 701, 702, 703, 704, 705, 706, 707, 708, 709, 710, 711, 712, 713, 714, 715, 716, 717, 718, 719, 720, 721, 722, 723, 724, 725, 726, 727, 728, 729, 730, 731, 732, 733, 734, 735, 736, 737, 738, 739, 740, 741, 742, 743, 744, 745, 746, 747, 748, 749, 750, 751, 752, 753, 754, 755, 756, 757, 758, 759, 760, 761, 762, 763, 764, 765, 766, 767, 768, 769, 770, 771, 772, 773, 774, 775, 776, 777, 778, 779, 780, 781, 782, 783, 784, 785, 786, 787, 788, 789, 790, 791, 792, 793, 809, 817, 819, 830, 833, 834, 836, 845, 856, 857, 860, 862, 875, 880, 887, 888, 899, 900, 914, 918, 921, 928, 929, 930]",True,"[129, 600]","[103, 104, 105, 106, 107, 108, 109, 110, 111, 112, 113, 114, 115, 116, 117, 118, 119, 120, 121, 122, 123, 124, 125, 126, 127, 128, 129, 130, 131, 132, 133, 134, 135, 136, 137, 138, 139, 140, 141, 142, 143, 144, 145, 146, 147, 148, 149, 150, 151, 152, 153, 154, 155, 156, 157, 158, 159, 160, 161, 162, 163, 164, 165, 166, 167, 168, 169, 170, 171, 172, 173, 174, 175, 176, 177, 178, 179, 180, 181, 182, 183, 184, 185, 186, 187, 188, 189, 190, 191, 192, 193, 194, 195, 196, 197, 198, 199, 200, 201, 202, 203, 204, 205, 206, 207, 208, 209, 210, 211, 212, 213, 214, 215, 216, 217, 218, 219, 220, 221, 222, 223, 224, 225, 226, 227, 228, 229, 230, 231, 232, 233, 234, 235, 236, 237, 238, 239, 240, 241, 242, 243, 244, 245, 246, 247, 248, 249, 250, 251, 252, 253, 254, 255, 256, 257, 258, 259, 260, 261, 262, 263, 264, 265, 266, 267, 268, 269, 270, 271, 272, 273, 274, 275, 276, 277, 278, 279, 280, 281, 282, 283, 284, 285, 286, 287, 288, 289, 290, 291, 292, 293, 294, 295, 296, 297, 298, 299, 300, 301, 302, 303, 304, 305, 306, 307, 308, 309, 310, 311, 312, 313, 314, 315, 316, 317, 318, 319, 320, 321, 322, 323, 324, 325, 326, 327, 328, 329, 330, 331, 332, 333, 334, 335, 336, 337, 574, 575, 576, 577, 578, 579, 580, 581, 582, 583, 584, 585, 586, 587, 588, 589, 590, 591, 592, 593, 594, 595, 596, 597, 598, 599, 600, 601, 602, 603, 604, 605, 606, 607, 608, 609, 610, 611, 612, 613, 614, 615, 616, 617, 618, 619, 620, 621, 622, 623, 624, 625, 626, 627, 628, 629, 630, 631, 632, 633, 634, 635, 636, 637, 638, 639, 640, 641, 642, 643, 644, 645, 646, 647, 648, 649, 650, 651, 652, 653, 654, 655, 656, 657, 658, 659, 660, 661, 662, 663, 664, 665, 666, 667, 668, 669, 670, 671, 672, 673, 674, 675, 676, 677, 678, 679, 680, 681, 682, 683, 684, 685, 686, 687, 688, 689, 690, 691, 692, 693, 694, 695, 696, 697, 698, 699, 700, 701, 702, 703, 704, 705, 706, 707, 708, 709, 710, 711, 712, 713, 714, 715, 716, 717, 718, 719, 720, 721, 722, 723, 724, 725, 726, 727, 728, 729, 730, 731, 732, 733, 734, 735, 736, 737, 738, 739, 740, 741, 742, 743, 744, 745, 746, 747, 748, 749, 750, 751, 752, 753, 754, 755, 756, 757, 758, 759, 760, 761, 762, 763, 764, 765, 766, 767, 768, 769, 770, 771, 772, 773, 774, 775, 776, 777, 778, 779, 780, 781, 782, 783, 784, 785, 786, 787, 788, 789, 790, 791, 792, 793]","[129, 600]","[129, 600]","[10, 75, 103, 104, 106, 117, 118, 120, 127, 128, 129, 131, 133, 135, 136, 137, 139, 146, 147, 148, 149, 151, 158, 160, 162, 166, 173, 178, 179, 185, 190, 192, 198, 201, 203, 204, 206, 207, 212, 213, 214, 219, 223, 224, 225, 227, 230, 235, 237, 246, 247, 256, 259, 262, 263, 266, 268, 269, 271, 272, 278, 279, 284, 285, 288, 290, 292, 304, 306, 312, 316, 319, 320, 323, 324, 329, 332, 335, 495, 549, 574, 575, 577, 588, 589, 591, 598, 599, 600, 602, 604, 606, 607, 608, 610, 617, 618, 619, 620, 622, 625, 630, 632, 634, 638, 644, 649, 650, 656, 661, 663, 669, 673, 674, 676, 677, 682, 683, 684, 687, 688, 689, 691, 694, 699, 701, 710, 718, 722, 723, 727, 728, 730, 731, 737, 738, 743, 744, 747, 749, 751, 762, 764, 770, 774, 777, 778, 781, 782, 789, 791]","[12, 24, 25, 28, 88, 100, 104, 119, 123, 129, 136, 137, 139, 140, 141, 148, 155, 169, 172, 179, 183, 185, 188, 196, 198, 217, 237, 267, 270, 278, 319, 321, 324, 325, 330, 334, 335, 354, 366, 369, 380, 383, 384, 386, 395, 407, 411, 423, 428, 436, 437, 452, 453, 456, 467, 471, 477, 478, 479, 497, 508, 511, 559, 571, 575, 590, 594, 600, 607, 608, 610, 611, 612, 619, 627, 640, 643, 650, 654, 656, 659, 667, 669, 685, 701, 726, 729, 737, 777, 779, 782, 783, 787, 790, 791, 809, 817, 819, 830, 833, 834, 836, 845, 856, 857, 860, 862, 875, 880, 887, 888, 899, 900, 914, 918, 921, 928, 929, 930]","[12, 24, 25, 28, 88, 100, 104, 119, 123, 129, 136, 137, 139, 140, 141, 148, 155, 169, 172, 179, 183, 185, 188, 196, 198, 217, 237, 267, 270, 278, 319, 321, 324, 325, 330, 334, 335, 354, 366, 369, 380, 383, 384, 386, 395, 407, 411, 423, 428, 436, 437, 452, 453, 456, 467, 471, 477, 478, 479, 497, 508, 511, 559, 571, 575, 590, 594, 600, 607, 608, 610, 611, 612, 619, 627, 640, 643, 650, 654, 656, 659, 667, 669, 685, 701, 726, 729, 737, 777, 779, 782, 783, 787, 790, 791, 809, 817, 819, 830, 833, 834, 836, 845, 856, 857, 860, 862, 875, 880, 887, 888, 899, 900, 914, 918, 921, 928, 929, 930]",7/6 successful match,True,"[708, 709]",True,760,False,,1.0,True,Big B's Travel Center ( Chevron ),Chevron
"Lemoore , 93245 Golden Gate Petroleum ( Shell )",559-924-7110 CA 41 & Bush ( 1 mi N of CA 198 ),<U+2610> <U+2610> D,Lemoore,93245,Golden Gate Petroleum ( Shell ),559-924-7110,2006,Lemoore,CA,Shell,( 1 mi N of CA 198 ),CA 41 & Bush,empty,,False,,False,CA 41,Bush,,,,[],[],[],[],"[103, 104, 105, 106, 107, 108, 109, 110, 111, 112, 113, 114, 115, 116, 117, 118, 119, 120, 121, 122, 123, 124, 125, 126, 127, 128, 129, 130, 131, 132, 133, 134, 135, 136, 137, 138, 139, 140, 141, 142, 143, 144, 145, 146, 147, 148, 149, 150, 151, 152, 153, 154, 155, 156, 157, 158, 159, 160, 161, 162, 163, 164, 165, 166, 167, 168, 169, 170, 171, 172, 173, 174, 175, 176, 177, 178, 179, 180, 181, 182, 183, 184, 185, 186, 187, 188, 189, 190, 191, 192, 193, 194, 195, 196, 197, 198, 199, 200, 201, 202, 203, 204, 205, 206, 207, 208, 209, 210, 211, 212, 213, 214, 215, 216, 217, 218, 219, 220, 221, 222, 223, 224, 225, 226, 227, 228, 229, 230, 231, 232, 233, 234, 235, 236, 237, 238, 239, 240, 241, 242, 243, 244, 245, 246, 247, 248, 249, 250, 251, 252, 253, 254, 255, 256, 257, 258, 259, 260, 261, 262, 263, 264, 265, 266, 267, 268, 269, 270, 271, 272, 273, 274, 275, 276, 277, 278, 279, 280, 281, 282, 283, 284, 285, 286, 287, 288, 289, 290, 291, 292, 293, 294, 295, 296, 297, 298, 299, 300, 301, 302, 303, 304, 305, 306, 307, 308, 309, 310, 311, 312, 313, 314, 315, 316, 317, 318, 319, 320, 321, 322, 323, 324, 325, 326, 327, 328, 329, 330, 331, 332, 333, 334, 335, 336, 337, 574, 575, 576, 577, 578, 579, 580, 581, 582, 583, 584, 585, 586, 587, 588, 589, 590, 591, 592, 593, 594, 595, 596, 597, 598, 599, 600, 601, 602, 603, 604, 605, 606, 607, 608, 609, 610, 611, 612, 613, 614, 615, 616, 617, 618, 619, 620, 621, 622, 623, 624, 625, 626, 627, 628, 629, 630, 631, 632, 633, 634, 635, 636, 637, 638, 639, 640, 641, 642, 643, 644, 645, 646, 647, 648, 649, 650, 651, 652, 653, 654, 655, 656, 657, 658, 659, 660, 661, 662, 663, 664, 665, 666, 667, 668, 669, 670, 671, 672, 673, 674, 675, 676, 677, 678, 679, 680, 681, 682, 683, 684, 685, 686, 687, 688, 689, 690, 691, 692, 693, 694, 695, 696, 697, 698, 699, 700, 701, 702, 703, 704, 705, 706, 707, 708, 709, 710, 711, 712, 713, 714, 715, 716, 717, 718, 719, 720, 721, 722, 723, 724, 725, 726, 727, 728, 729, 730, 731, 732, 733, 734, 735, 736, 737, 738, 739, 740, 741, 742, 743, 744, 745, 746, 747, 748, 749, 750, 751, 752, 753, 754, 755, 756, 757, 758, 759, 760, 761, 762, 763, 764, 765, 766, 767, 768, 769, 770, 771, 772, 773, 774, 775, 776, 777, 778, 779, 780, 781, 782, 783, 784, 785, 786, 787, 788, 789, 790, 791, 792, 793]","[103, 104, 106, 117, 118, 120, 127, 128, 129, 131, 133, 135, 136, 137, 139, 146, 147, 148, 149, 151, 158, 160, 162, 166, 173, 178, 179, 185, 190, 192, 198, 201, 203, 204, 206, 207, 212, 213, 214, 219, 223, 224, 225, 227, 230, 235, 237, 246, 247, 256, 259, 262, 263, 266, 268, 269, 271, 272, 278, 279, 284, 285, 288, 290, 292, 304, 312, 316, 319, 320, 323, 324, 332, 574, 575, 588, 591, 607, 608, 610, 618, 619, 620, 622, 632, 644, 649, 650, 656, 661, 663, 669, 674, 677, 683, 684, 687, 688, 689, 701, 710, 723, 730, 731, 738, 747, 751, 762, 774, 778, 789]","[1, 13, 14, 29, 54, 55, 56, 57, 58, 60, 102, 118, 125, 127, 130, 134, 146, 149, 153, 175, 182, 187, 189, 191, 197, 225, 230, 238, 264, 265, 266, 286, 302, 317, 336, 379, 388, 389, 425, 454, 458, 463, 475, 487, 498, 499, 512, 530, 531, 532, 533, 534, 536, 573, 589, 596, 598, 601, 605, 617, 620, 624, 646, 653, 658, 660, 662, 668, 689, 694, 702, 724, 725, 745, 760, 775, 793, 829, 838, 839, 877, 901, 903, 905, 910, 923]","[1, 13, 14, 29, 54, 55, 56, 57, 58, 60, 102, 118, 125, 127, 130, 134, 146, 149, 153, 174, 175, 176, 177, 178, 182, 187, 189, 191, 197, 225, 230, 238, 264, 265, 266, 286, 302, 317, 325, 332, 336, 347, 348, 349, 350, 351, 352, 354, 379, 388, 389, 423, 425, 454, 458, 463, 467, 475, 483, 484, 487, 498, 499, 512, 530, 531, 532, 533, 534, 536, 573, 589, 596, 598, 601, 605, 617, 620, 624, 645, 646, 647, 648, 649, 653, 658, 660, 662, 668, 689, 694, 702, 724, 725, 745, 760, 775, 783, 789, 793, 802, 803, 804, 805, 806, 807, 809, 829, 838, 839, 875, 877, 901, 903, 905, 910, 914, 923, 927, 934, 935]","[1, 13, 14, 29, 54, 55, 56, 57, 58, 60, 102, 103, 104, 105, 106, 107, 108, 109, 110, 111, 112, 113, 114, 115, 116, 117, 118, 119, 120, 121, 122, 123, 124, 125, 126, 127, 128, 129, 130, 131, 132, 133, 134, 135, 136, 137, 138, 139, 140, 141, 142, 143, 144, 145, 146, 147, 148, 149, 150, 151, 152, 153, 154, 155, 156, 157, 158, 159, 160, 161, 162, 163, 164, 165, 166, 167, 168, 169, 170, 171, 172, 173, 174, 175, 176, 177, 178, 179, 180, 181, 182, 183, 184, 185, 186, 187, 188, 189, 190, 191, 192, 193, 194, 195, 196, 197, 198, 199, 200, 201, 202, 203, 204, 205, 206, 207, 208, 209, 210, 211, 212, 213, 214, 215, 216, 217, 218, 219, 220, 221, 222, 223, 224, 225, 226, 227, 228, 229, 230, 231, 232, 233, 234, 235, 236, 237, 238, 239, 240, 241, 242, 243, 244, 245, 246, 247, 248, 249, 250, 251, 252, 253, 254, 255, 256, 257, 258, 259, 260, 261, 262, 263, 264, 265, 266, 267, 268, 269, 270, 271, 272, 273, 274, 275, 276, 277, 278, 279, 280, 281, 282, 283, 284, 285, 286, 287, 288, 289, 290, 291, 292, 293, 294, 295, 296, 297, 298, 299, 300, 301, 302, 303, 304, 305, 306, 307, 308, 309, 310, 311, 312, 313, 314, 315, 316, 317, 318, 319, 320, 321, 322, 323, 324, 325, 326, 327, 328, 329, 330, 331, 332, 333, 334, 335, 336, 337, 347, 348, 349, 350, 351, 352, 354, 379, 388, 389, 423, 425, 454, 458, 463, 467, 475, 483, 484, 487, 498, 499, 512, 530, 531, 532, 533, 534, 536, 573, 574, 575, 576, 577, 578, 579, 580, 581, 582, 583, 584, 585, 586, 587, 588, 589, 590, 591, 592, 593, 594, 595, 596, 597, 598, 599, 600, 601, 602, 603, 604, 605, 606, 607, 608, 609, 610, 611, 612, 613, 614, 615, 616, 617, 618, 619, 620, 621, 622, 623, 624, 625, 626, 627, 628, 629, 630, 631, 632, 633, 634, 635, 636, 637, 638, 639, 640, 641, 642, 643, 644, 645, 646, 647, 648, 649, 650, 651, 652, 653, 654, 655, 656, 657, 658, 659, 660, 661, 662, 663, 664, 665, 666, 667, 668, 669, 670, 671, 672, 673, 674, 675, 676, 677, 678, 679, 680, 681, 682, 683, 684, 685, 686, 687, 688, 689, 690, 691, 692, 693, 694, 695, 696, 697, 698, 699, 700, 701, 702, 703, 704, 705, 706, 707, 708, 709, 710, 711, 712, 713, 714, 715, 716, 717, 718, 719, 720, 721, 722, 723, 724, 725, 726, 727, 728, 729, 730, 731, 732, 733, 734, 735, 736, 737, 738, 739, 740, 741, 742, 743, 744, 745, 746, 747, 748, 749, 750, 751, 752, 753, 754, 755, 756, 757, 758, 759, 760, 761, 762, 763, 764, 765, 766, 767, 768, 769, 770, 771, 772, 773, 774, 775, 776, 777, 778, 779, 780, 781, 782, 783, 784, 785, 786, 787, 788, 789, 790, 791, 792, 793, 802, 803, 804, 805, 806, 807, 809, 829, 838, 839, 875, 877, 901, 903, 905, 910, 914, 923, 927, 934, 935]",False,[],"[103, 104, 105, 106, 107, 108, 109, 110, 111, 112, 113, 114, 115, 116, 117, 118, 119, 120, 121, 122, 123, 124, 125, 126, 127, 128, 129, 130, 131, 132, 133, 134, 135, 136, 137, 138, 139, 140, 141, 142, 143, 144, 145, 146, 147, 148, 149, 150, 151, 152, 153, 154, 155, 156, 157, 158, 159, 160, 161, 162, 163, 164, 165, 166, 167, 168, 169, 170, 171, 172, 173, 174, 175, 176, 177, 178, 179, 180, 181, 182, 183, 184, 185, 186, 187, 188, 189, 190, 191, 192, 193, 194, 195, 196, 197, 198, 199, 200, 201, 202, 203, 204, 205, 206, 207, 208, 209, 210, 211, 212, 213, 214, 215, 216, 217, 218, 219, 220, 221, 222, 223, 224, 225, 226, 227, 228, 229, 230, 231, 232, 233, 234, 235, 236, 237, 238, 239, 240, 241, 242, 243, 244, 245, 246, 247, 248, 249, 250, 251, 252, 253, 254, 255, 256, 257, 258, 259, 260, 261, 262, 263, 264, 265, 266, 267, 268, 269, 270, 271, 272, 273, 274, 275, 276, 277, 278, 279, 280, 281, 282, 283, 284, 285, 286, 287, 288, 289, 290, 291, 292, 293, 294, 295, 296, 297, 298, 299, 300, 301, 302, 303, 304, 305, 306, 307, 308, 309, 310, 311, 312, 313, 314, 315, 316, 317, 318, 319, 320, 321, 322, 323, 324, 325, 326, 327, 328, 329, 330, 331, 332, 333, 334, 335, 336, 337, 574, 575, 576, 577, 578, 579, 580, 581, 582, 583, 584, 585, 586, 587, 588, 589, 590, 591, 592, 593, 594, 595, 596, 597, 598, 599, 600, 601, 602, 603, 604, 605, 606, 607, 608, 609, 610, 611, 612, 613, 614, 615, 616, 617, 618, 619, 620, 621, 622, 623, 624, 625, 626, 627, 628, 629, 630, 631, 632, 633, 634, 635, 636, 637, 638, 639, 640, 641, 642, 643, 644, 645, 646, 647, 648, 649, 650, 651, 652, 653, 654, 655, 656, 657, 658, 659, 660, 661, 662, 663, 664, 665, 666, 667, 668, 669, 670, 671, 672, 673, 674, 675, 676, 677, 678, 679, 680, 681, 682, 683, 684, 685, 686, 687, 688, 689, 690, 691, 692, 693, 694, 695, 696, 697, 698, 699, 700, 701, 702, 703, 704, 705, 706, 707, 708, 709, 710, 711, 712, 713, 714, 715, 716, 717, 718, 719, 720, 721, 722, 723, 724, 725, 726, 727, 728, 729, 730, 731, 732, 733, 734, 735, 736, 737, 738, 739, 740, 741, 742, 743, 744, 745, 746, 747, 748, 749, 750, 751, 752, 753, 754, 755, 756, 757, 758, 759, 760, 761, 762, 763, 764, 765, 766, 767, 768, 769, 770, 771, 772, 773, 774, 775, 776, 777, 778, 779, 780, 781, 782, 783, 784, 785, 786, 787, 788, 789, 790, 791, 792, 793]",[],[],"[103, 104, 106, 117, 118, 120, 127, 128, 129, 131, 133, 135, 136, 137, 139, 146, 147, 148, 149, 151, 158, 160, 162, 166, 173, 178, 179, 185, 190, 192, 198, 201, 203, 204, 206, 207, 212, 213, 214, 219, 223, 224, 225, 227, 230, 235, 237, 246, 247, 256, 259, 262, 263, 266, 268, 269, 271, 272, 278, 279, 284, 285, 288, 290, 292, 304, 312, 316, 319, 320, 323, 324, 332, 574, 575, 588, 591, 607, 608, 610, 618, 619, 620, 622, 632, 644, 649, 650, 656, 661, 663, 669, 674, 677, 683, 684, 687, 688, 689, 701, 710, 723, 730, 731, 738, 747, 751, 762, 774, 778, 789]","[1, 13, 14, 29, 54, 55, 56, 57, 58, 60, 102, 118, 125, 127, 130, 134, 146, 149, 153, 174, 175, 176, 177, 178, 182, 187, 189, 191, 197, 225, 230, 238, 264, 265, 266, 286, 302, 317, 325, 332, 336, 347, 348, 349, 350, 351, 352, 354, 379, 388, 389, 423, 425, 454, 458, 463, 467, 475, 483, 484, 487, 498, 499, 512, 530, 531, 532, 533, 534, 536, 573, 589, 596, 598, 601, 605, 617, 620, 624, 645, 646, 647, 648, 649, 653, 658, 660, 662, 668, 689, 694, 702, 724, 725, 745, 760, 775, 783, 789, 793, 802, 803, 804, 805, 806, 807, 809, 829, 838, 839, 875, 877, 901, 903, 905, 910, 914, 923, 927, 934, 935]","[1, 13, 14, 29, 54, 55, 56, 57, 58, 60, 102, 118, 125, 127, 130, 134, 146, 149, 153, 175, 182, 187, 189, 191, 197, 225, 230, 238, 264, 265, 266, 286, 302, 317, 336, 379, 388, 389, 425, 454, 458, 463, 475, 487, 498, 499, 512, 530, 531, 532, 533, 534, 536, 573, 589, 596, 598, 601, 605, 617, 620, 624, 646, 653, 658, 660, 662, 668, 689, 694, 702, 724, 725, 745, 760, 775, 793, 829, 838, 839, 877, 901, 903, 905, 910, 923]",7/6 successful match,False,,False,761,False,,,,,
"Lemoore , 93245 Golden Gate Petroleum ( Shell )",559-924-7110 CA 41 & Bush ( 1 mi N of CA 198 ),HRS 24 S,Lemoore,93245,Golden Gate Petroleum ( Shell ),559-924-7110,2007,Lemoore,CA,Shell,( 1 mi N of CA 198 ),CA 41 & Bush,empty,,False,,False,CA 41,Bush,,,,[],[],[],[],"[103, 104, 105, 106, 107, 108, 109, 110, 111, 112, 113, 114, 115, 116, 117, 118, 119, 120, 121, 122, 123, 124, 125, 126, 127, 128, 129, 130, 131, 132, 133, 134, 135, 136, 137, 138, 139, 140, 141, 142, 143, 144, 145, 146, 147, 148, 149, 150, 151, 152, 153, 154, 155, 156, 157, 158, 159, 160, 161, 162, 163, 164, 165, 166, 167, 168, 169, 170, 171, 172, 173, 174, 175, 176, 177, 178, 179, 180, 181, 182, 183, 184, 185, 186, 187, 188, 189, 190, 191, 192, 193, 194, 195, 196, 197, 198, 199, 200, 201, 202, 203, 204, 205, 206, 207, 208, 209, 210, 211, 212, 213, 214, 215, 216, 217, 218, 219, 220, 221, 222, 223, 224, 225, 226, 227, 228, 229, 230, 231, 232, 233, 234, 235, 236, 237, 238, 239, 240, 241, 242, 243, 244, 245, 246, 247, 248, 249, 250, 251, 252, 253, 254, 255, 256, 257, 258, 259, 260, 261, 262, 263, 264, 265, 266, 267, 268, 269, 270, 271, 272, 273, 274, 275, 276, 277, 278, 279, 280, 281, 282, 283, 284, 285, 286, 287, 288, 289, 290, 291, 292, 293, 294, 295, 296, 297, 298, 299, 300, 301, 302, 303, 304, 305, 306, 307, 308, 309, 310, 311, 312, 313, 314, 315, 316, 317, 318, 319, 320, 321, 322, 323, 324, 325, 326, 327, 328, 329, 330, 331, 332, 333, 334, 335, 336, 337, 574, 575, 576, 577, 578, 579, 580, 581, 582, 583, 584, 585, 586, 587, 588, 589, 590, 591, 592, 593, 594, 595, 596, 597, 598, 599, 600, 601, 602, 603, 604, 605, 606, 607, 608, 609, 610, 611, 612, 613, 614, 615, 616, 617, 618, 619, 620, 621, 622, 623, 624, 625, 626, 627, 628, 629, 630, 631, 632, 633, 634, 635, 636, 637, 638, 639, 640, 641, 642, 643, 644, 645, 646, 647, 648, 649, 650, 651, 652, 653, 654, 655, 656, 657, 658, 659, 660, 661, 662, 663, 664, 665, 666, 667, 668, 669, 670, 671, 672, 673, 674, 675, 676, 677, 678, 679, 680, 681, 682, 683, 684, 685, 686, 687, 688, 689, 690, 691, 692, 693, 694, 695, 696, 697, 698, 699, 700, 701, 702, 703, 704, 705, 706, 707, 708, 709, 710, 711, 712, 713, 714, 715, 716, 717, 718, 719, 720, 721, 722, 723, 724, 725, 726, 727, 728, 729, 730, 731, 732, 733, 734, 735, 736, 737, 738, 739, 740, 741, 742, 743, 744, 745, 746, 747, 748, 749, 750, 751, 752, 753, 754, 755, 756, 757, 758, 759, 760, 761, 762, 763, 764, 765, 766, 767, 768, 769, 770, 771, 772, 773, 774, 775, 776, 777, 778, 779, 780, 781, 782, 783, 784, 785, 786, 787, 788, 789, 790, 791, 792, 793]","[103, 104, 106, 117, 118, 120, 127, 128, 129, 131, 133, 135, 136, 137, 139, 146, 147, 148, 149, 151, 158, 160, 162, 166, 173, 178, 179, 185, 190, 192, 198, 201, 203, 204, 206, 207, 212, 213, 214, 219, 223, 224, 225, 227, 230, 235, 237, 246, 247, 256, 259, 262, 263, 266, 268, 269, 271, 272, 278, 279, 284, 285, 288, 290, 292, 304, 312, 316, 319, 320, 323, 324, 332, 574, 575, 588, 591, 607, 608, 610, 618, 619, 620, 622, 632, 644, 649, 650, 656, 661, 663, 669, 674, 677, 683, 684, 687, 688, 689, 701, 710, 723, 730, 731, 738, 747, 751, 762, 774, 778, 789]","[1, 13, 14, 29, 54, 55, 56, 57, 58, 60, 102, 118, 125, 127, 130, 134, 146, 149, 153, 175, 182, 187, 189, 191, 197, 225, 230, 238, 264, 265, 266, 286, 302, 317, 336, 379, 388, 389, 425, 454, 458, 463, 475, 487, 498, 499, 512, 530, 531, 532, 533, 534, 536, 573, 589, 596, 598, 601, 605, 617, 620, 624, 646, 653, 658, 660, 662, 668, 689, 694, 702, 724, 725, 745, 760, 775, 793, 829, 838, 839, 877, 901, 903, 905, 910, 923]","[1, 13, 14, 29, 54, 55, 56, 57, 58, 60, 102, 118, 125, 127, 130, 134, 146, 149, 153, 174, 175, 176, 177, 178, 182, 187, 189, 191, 197, 225, 230, 238, 264, 265, 266, 286, 302, 317, 325, 332, 336, 347, 348, 349, 350, 351, 352, 354, 379, 388, 389, 423, 425, 454, 458, 463, 467, 475, 483, 484, 487, 498, 499, 512, 530, 531, 532, 533, 534, 536, 573, 589, 596, 598, 601, 605, 617, 620, 624, 645, 646, 647, 648, 649, 653, 658, 660, 662, 668, 689, 694, 702, 724, 725, 745, 760, 775, 783, 789, 793, 802, 803, 804, 805, 806, 807, 809, 829, 838, 839, 875, 877, 901, 903, 905, 910, 914, 923, 927, 934, 935]","[1, 13, 14, 29, 54, 55, 56, 57, 58, 60, 102, 103, 104, 105, 106, 107, 108, 109, 110, 111, 112, 113, 114, 115, 116, 117, 118, 119, 120, 121, 122, 123, 124, 125, 126, 127, 128, 129, 130, 131, 132, 133, 134, 135, 136, 137, 138, 139, 140, 141, 142, 143, 144, 145, 146, 147, 148, 149, 150, 151, 152, 153, 154, 155, 156, 157, 158, 159, 160, 161, 162, 163, 164, 165, 166, 167, 168, 169, 170, 171, 172, 173, 174, 175, 176, 177, 178, 179, 180, 181, 182, 183, 184, 185, 186, 187, 188, 189, 190, 191, 192, 193, 194, 195, 196, 197, 198, 199, 200, 201, 202, 203, 204, 205, 206, 207, 208, 209, 210, 211, 212, 213, 214, 215, 216, 217, 218, 219, 220, 221, 222, 223, 224, 225, 226, 227, 228, 229, 230, 231, 232, 233, 234, 235, 236, 237, 238, 239, 240, 241, 242, 243, 244, 245, 246, 247, 248, 249, 250, 251, 252, 253, 254, 255, 256, 257, 258, 259, 260, 261, 262, 263, 264, 265, 266, 267, 268, 269, 270, 271, 272, 273, 274, 275, 276, 277, 278, 279, 280, 281, 282, 283, 284, 285, 286, 287, 288, 289, 290, 291, 292, 293, 294, 295, 296, 297, 298, 299, 300, 301, 302, 303, 304, 305, 306, 307, 308, 309, 310, 311, 312, 313, 314, 315, 316, 317, 318, 319, 320, 321, 322, 323, 324, 325, 326, 327, 328, 329, 330, 331, 332, 333, 334, 335, 336, 337, 347, 348, 349, 350, 351, 352, 354, 379, 388, 389, 423, 425, 454, 458, 463, 467, 475, 483, 484, 487, 498, 499, 512, 530, 531, 532, 533, 534, 536, 573, 574, 575, 576, 577, 578, 579, 580, 581, 582, 583, 584, 585, 586, 587, 588, 589, 590, 591, 592, 593, 594, 595, 596, 597, 598, 599, 600, 601, 602, 603, 604, 605, 606, 607, 608, 609, 610, 611, 612, 613, 614, 615, 616, 617, 618, 619, 620, 621, 622, 623, 624, 625, 626, 627, 628, 629, 630, 631, 632, 633, 634, 635, 636, 637, 638, 639, 640, 641, 642, 643, 644, 645, 646, 647, 648, 649, 650, 651, 652, 653, 654, 655, 656, 657, 658, 659, 660, 661, 662, 663, 664, 665, 666, 667, 668, 669, 670, 671, 672, 673, 674, 675, 676, 677, 678, 679, 680, 681, 682, 683, 684, 685, 686, 687, 688, 689, 690, 691, 692, 693, 694, 695, 696, 697, 698, 699, 700, 701, 702, 703, 704, 705, 706, 707, 708, 709, 710, 711, 712, 713, 714, 715, 716, 717, 718, 719, 720, 721, 722, 723, 724, 725, 726, 727, 728, 729, 730, 731, 732, 733, 734, 735, 736, 737, 738, 739, 740, 741, 742, 743, 744, 745, 746, 747, 748, 749, 750, 751, 752, 753, 754, 755, 756, 757, 758, 759, 760, 761, 762, 763, 764, 765, 766, 767, 768, 769, 770, 771, 772, 773, 774, 775, 776, 777, 778, 779, 780, 781, 782, 783, 784, 785, 786, 787, 788, 789, 790, 791, 792, 793, 802, 803, 804, 805, 806, 807, 809, 829, 838, 839, 875, 877, 901, 903, 905, 910, 914, 923, 927, 934, 935]",False,[],"[103, 104, 105, 106, 107, 108, 109, 110, 111, 112, 113, 114, 115, 116, 117, 118, 119, 120, 121, 122, 123, 124, 125, 126, 127, 128, 129, 130, 131, 132, 133, 134, 135, 136, 137, 138, 139, 140, 141, 142, 143, 144, 145, 146, 147, 148, 149, 150, 151, 152, 153, 154, 155, 156, 157, 158, 159, 160, 161, 162, 163, 164, 165, 166, 167, 168, 169, 170, 171, 172, 173, 174, 175, 176, 177, 178, 179, 180, 181, 182, 183, 184, 185, 186, 187, 188, 189, 190, 191, 192, 193, 194, 195, 196, 197, 198, 199, 200, 201, 202, 203, 204, 205, 206, 207, 208, 209, 210, 211, 212, 213, 214, 215, 216, 217, 218, 219, 220, 221, 222, 223, 224, 225, 226, 227, 228, 229, 230, 231, 232, 233, 234, 235, 236, 237, 238, 239, 240, 241, 242, 243, 244, 245, 246, 247, 248, 249, 250, 251, 252, 253, 254, 255, 256, 257, 258, 259, 260, 261, 262, 263, 264, 265, 266, 267, 268, 269, 270, 271, 272, 273, 274, 275, 276, 277, 278, 279, 280, 281, 282, 283, 284, 285, 286, 287, 288, 289, 290, 291, 292, 293, 294, 295, 296, 297, 298, 299, 300, 301, 302, 303, 304, 305, 306, 307, 308, 309, 310, 311, 312, 313, 314, 315, 316, 317, 318, 319, 320, 321, 322, 323, 324, 325, 326, 327, 328, 329, 330, 331, 332, 333, 334, 335, 336, 337, 574, 575, 576, 577, 578, 579, 580, 581, 582, 583, 584, 585, 586, 587, 588, 589, 590, 591, 592, 593, 594, 595, 596, 597, 598, 599, 600, 601, 602, 603, 604, 605, 606, 607, 608, 609, 610, 611, 612, 613, 614, 615, 616, 617, 618, 619, 620, 621, 622, 623, 624, 625, 626, 627, 628, 629, 630, 631, 632, 633, 634, 635, 636, 637, 638, 639, 640, 641, 642, 643, 644, 645, 646, 647, 648, 649, 650, 651, 652, 653, 654, 655, 656, 657, 658, 659, 660, 661, 662, 663, 664, 665, 666, 667, 668, 669, 670, 671, 672, 673, 674, 675, 676, 677, 678, 679, 680, 681, 682, 683, 684, 685, 686, 687, 688, 689, 690, 691, 692, 693, 694, 695, 696, 697, 698, 699, 700, 701, 702, 703, 704, 705, 706, 707, 708, 709, 710, 711, 712, 713, 714, 715, 716, 717, 718, 719, 720, 721, 722, 723, 724, 725, 726, 727, 728, 729, 730, 731, 732, 733, 734, 735, 736, 737, 738, 739, 740, 741, 742, 743, 744, 745, 746, 747, 748, 749, 750, 751, 752, 753, 754, 755, 756, 757, 758, 759, 760, 761, 762, 763, 764, 765, 766, 767, 768, 769, 770, 771, 772, 773, 774, 775, 776, 777, 778, 779, 780, 781, 782, 783, 784, 785, 786, 787, 788, 789, 790, 791, 792, 793]",[],[],"[103, 104, 106, 117, 118, 120, 127, 128, 129, 131, 133, 135, 136, 137, 139, 146, 147, 148, 149, 151, 158, 160, 162, 166, 173, 178, 179, 185, 190, 192, 198, 201, 203, 204, 206, 207, 212, 213, 214, 219, 223, 224, 225, 227, 230, 235, 237, 246, 247, 256, 259, 262, 263, 266, 268, 269, 271, 272, 278, 279, 284, 285, 288, 290, 292, 304, 312, 316, 319, 320, 323, 324, 332, 574, 575, 588, 591, 607, 608, 610, 618, 619, 620, 622, 632, 644, 649, 650, 656, 661, 663, 669, 674, 677, 683, 684, 687, 688, 689, 701, 710, 723, 730, 731, 738, 747, 751, 762, 774, 778, 789]","[1, 13, 14, 29, 54, 55, 56, 57, 58, 60, 102, 118, 125, 127, 130, 134, 146, 149, 153, 174, 175, 176, 177, 178, 182, 187, 189, 191, 197, 225, 230, 238, 264, 265, 266, 286, 302, 317, 325, 332, 336, 347, 348, 349, 350, 351, 352, 354, 379, 388, 389, 423, 425, 454, 458, 463, 467, 475, 483, 484, 487, 498, 499, 512, 530, 531, 532, 533, 534, 536, 573, 589, 596, 598, 601, 605, 617, 620, 624, 645, 646, 647, 648, 649, 653, 658, 660, 662, 668, 689, 694, 702, 724, 725, 745, 760, 775, 783, 789, 793, 802, 803, 804, 805, 806, 807, 809, 829, 838, 839, 875, 877, 901, 903, 905, 910, 914, 923, 927, 934, 935]","[1, 13, 14, 29, 54, 55, 56, 57, 58, 60, 102, 118, 125, 127, 130, 134, 146, 149, 153, 175, 182, 187, 189, 191, 197, 225, 230, 238, 264, 265, 266, 286, 302, 317, 336, 379, 388, 389, 425, 454, 458, 463, 475, 487, 498, 499, 512, 530, 531, 532, 533, 534, 536, 573, 589, 596, 598, 601, 605, 617, 620, 624, 646, 653, 658, 660, 662, 668, 689, 694, 702, 724, 725, 745, 760, 775, 793, 829, 838, 839, 877, 901, 903, 905, 910, 923]",7/6 successful match,False,,False,761,False,,1.0,True,Golden Gate Petroleum ( Shell ),Shell
"F Porterville , 93257 Truckers Mini Mart",559-783-8755 Hwy 65 W & Henderson,M,Porterville,93257,Truckers Mini Mart,559-783-8755,2006,Porterville,CA,,,Hwy 65 W & Henderson,empty,,False,,False,Hwy 65 W,Henderson,,,,[],"[231, 695]",[],[],"[103, 104, 105, 106, 107, 108, 109, 110, 111, 112, 113, 114, 115, 116, 117, 118, 119, 120, 121, 122, 123, 124, 125, 126, 127, 128, 129, 130, 131, 132, 133, 134, 135, 136, 137, 138, 139, 140, 141, 142, 143, 144, 145, 146, 147, 148, 149, 150, 151, 152, 153, 154, 155, 156, 157, 158, 159, 160, 161, 162, 163, 164, 165, 166, 167, 168, 169, 170, 171, 172, 173, 174, 175, 176, 177, 178, 179, 180, 181, 182, 183, 184, 185, 186, 187, 188, 189, 190, 191, 192, 193, 194, 195, 196, 197, 198, 199, 200, 201, 202, 203, 204, 205, 206, 207, 208, 209, 210, 211, 212, 213, 214, 215, 216, 217, 218, 219, 220, 221, 222, 223, 224, 225, 226, 227, 228, 229, 230, 231, 232, 233, 234, 235, 236, 237, 238, 239, 240, 241, 242, 243, 244, 245, 246, 247, 248, 249, 250, 251, 252, 253, 254, 255, 256, 257, 258, 259, 260, 261, 262, 263, 264, 265, 266, 267, 268, 269, 270, 271, 272, 273, 274, 275, 276, 277, 278, 279, 280, 281, 282, 283, 284, 285, 286, 287, 288, 289, 290, 291, 292, 293, 294, 295, 296, 297, 298, 299, 300, 301, 302, 303, 304, 305, 306, 307, 308, 309, 310, 311, 312, 313, 314, 315, 316, 317, 318, 319, 320, 321, 322, 323, 324, 325, 326, 327, 328, 329, 330, 331, 332, 333, 334, 335, 336, 337, 574, 575, 576, 577, 578, 579, 580, 581, 582, 583, 584, 585, 586, 587, 588, 589, 590, 591, 592, 593, 594, 595, 596, 597, 598, 599, 600, 601, 602, 603, 604, 605, 606, 607, 608, 609, 610, 611, 612, 613, 614, 615, 616, 617, 618, 619, 620, 621, 622, 623, 624, 625, 626, 627, 628, 629, 630, 631, 632, 633, 634, 635, 636, 637, 638, 639, 640, 641, 642, 643, 644, 645, 646, 647, 648, 649, 650, 651, 652, 653, 654, 655, 656, 657, 658, 659, 660, 661, 662, 663, 664, 665, 666, 667, 668, 669, 670, 671, 672, 673, 674, 675, 676, 677, 678, 679, 680, 681, 682, 683, 684, 685, 686, 687, 688, 689, 690, 691, 692, 693, 694, 695, 696, 697, 698, 699, 700, 701, 702, 703, 704, 705, 706, 707, 708, 709, 710, 711, 712, 713, 714, 715, 716, 717, 718, 719, 720, 721, 722, 723, 724, 725, 726, 727, 728, 729, 730, 731, 732, 733, 734, 735, 736, 737, 738, 739, 740, 741, 742, 743, 744, 745, 746, 747, 748, 749, 750, 751, 752, 753, 754, 755, 756, 757, 758, 759, 760, 761, 762, 763, 764, 765, 766, 767, 768, 769, 770, 771, 772, 773, 774, 775, 776, 777, 778, 779, 780, 781, 782, 783, 784, 785, 786, 787, 788, 789, 790, 791, 792, 793]","[149, 620]",[],[],"[103, 104, 105, 106, 107, 108, 109, 110, 111, 112, 113, 114, 115, 116, 117, 118, 119, 120, 121, 122, 123, 124, 125, 126, 127, 128, 129, 130, 131, 132, 133, 134, 135, 136, 137, 138, 139, 140, 141, 142, 143, 144, 145, 146, 147, 148, 149, 150, 151, 152, 153, 154, 155, 156, 157, 158, 159, 160, 161, 162, 163, 164, 165, 166, 167, 168, 169, 170, 171, 172, 173, 174, 175, 176, 177, 178, 179, 180, 181, 182, 183, 184, 185, 186, 187, 188, 189, 190, 191, 192, 193, 194, 195, 196, 197, 198, 199, 200, 201, 202, 203, 204, 205, 206, 207, 208, 209, 210, 211, 212, 213, 214, 215, 216, 217, 218, 219, 220, 221, 222, 223, 224, 225, 226, 227, 228, 229, 230, 231, 232, 233, 234, 235, 236, 237, 238, 239, 240, 241, 242, 243, 244, 245, 246, 247, 248, 249, 250, 251, 252, 253, 254, 255, 256, 257, 258, 259, 260, 261, 262, 263, 264, 265, 266, 267, 268, 269, 270, 271, 272, 273, 274, 275, 276, 277, 278, 279, 280, 281, 282, 283, 284, 285, 286, 287, 288, 289, 290, 291, 292, 293, 294, 295, 296, 297, 298, 299, 300, 301, 302, 303, 304, 305, 306, 307, 308, 309, 310, 311, 312, 313, 314, 315, 316, 317, 318, 319, 320, 321, 322, 323, 324, 325, 326, 327, 328, 329, 330, 331, 332, 333, 334, 335, 336, 337, 574, 575, 576, 577, 578, 579, 580, 581, 582, 583, 584, 585, 586, 587, 588, 589, 590, 591, 592, 593, 594, 595, 596, 597, 598, 599, 600, 601, 602, 603, 604, 605, 606, 607, 608, 609, 610, 611, 612, 613, 614, 615, 616, 617, 618, 619, 620, 621, 622, 623, 624, 625, 626, 627, 628, 629, 630, 631, 632, 633, 634, 635, 636, 637, 638, 639, 640, 641, 642, 643, 644, 645, 646, 647, 648, 649, 650, 651, 652, 653, 654, 655, 656, 657, 658, 659, 660, 661, 662, 663, 664, 665, 666, 667, 668, 669, 670, 671, 672, 673, 674, 675, 676, 677, 678, 679, 680, 681, 682, 683, 684, 685, 686, 687, 688, 689, 690, 691, 692, 693, 694, 695, 696, 697, 698, 699, 700, 701, 702, 703, 704, 705, 706, 707, 708, 709, 710, 711, 712, 713, 714, 715, 716, 717, 718, 719, 720, 721, 722, 723, 724, 725, 726, 727, 728, 729, 730, 731, 732, 733, 734, 735, 736, 737, 738, 739, 740, 741, 742, 743, 744, 745, 746, 747, 748, 749, 750, 751, 752, 753, 754, 755, 756, 757, 758, 759, 760, 761, 762, 763, 764, 765, 766, 767, 768, 769, 770, 771, 772, 773, 774, 775, 776, 777, 778, 779, 780, 781, 782, 783, 784, 785, 786, 787, 788, 789, 790, 791, 792, 793]",False,"[231, 695]","[103, 104, 105, 106, 107, 108, 109, 110, 111, 112, 113, 114, 115, 116, 117, 118, 119, 120, 121, 122, 123, 124, 125, 126, 127, 128, 129, 130, 131, 132, 133, 134, 135, 136, 137, 138, 139, 140, 141, 142, 143, 144, 145, 146, 147, 148, 149, 150, 151, 152, 153, 154, 155, 156, 157, 158, 159, 160, 161, 162, 163, 164, 165, 166, 167, 168, 169, 170, 171, 172, 173, 174, 175, 176, 177, 178, 179, 180, 181, 182, 183, 184, 185, 186, 187, 188, 189, 190, 191, 192, 193, 194, 195, 196, 197, 198, 199, 200, 201, 202, 203, 204, 205, 206, 207, 208, 209, 210, 211, 212, 213, 214, 215, 216, 217, 218, 219, 220, 221, 222, 223, 224, 225, 226, 227, 228, 229, 230, 231, 232, 233, 234, 235, 236, 237, 238, 239, 240, 241, 242, 243, 244, 245, 246, 247, 248, 249, 250, 251, 252, 253, 254, 255, 256, 257, 258, 259, 260, 261, 262, 263, 264, 265, 266, 267, 268, 269, 270, 271, 272, 273, 274, 275, 276, 277, 278, 279, 280, 281, 282, 283, 284, 285, 286, 287, 288, 289, 290, 291, 292, 293, 294, 295, 296, 297, 298, 299, 300, 301, 302, 303, 304, 305, 306, 307, 308, 309, 310, 311, 312, 313, 314, 315, 316, 317, 318, 319, 320, 321, 322, 323, 324, 325, 326, 327, 328, 329, 330, 331, 332, 333, 334, 335, 336, 337, 574, 575, 576, 577, 578, 579, 580, 581, 582, 583, 584, 585, 586, 587, 588, 589, 590, 591, 592, 593, 594, 595, 596, 597, 598, 599, 600, 601, 602, 603, 604, 605, 606, 607, 608, 609, 610, 611, 612, 613, 614, 615, 616, 617, 618, 619, 620, 621, 622, 623, 624, 625, 626, 627, 628, 629, 630, 631, 632, 633, 634, 635, 636, 637, 638, 639, 640, 641, 642, 643, 644, 645, 646, 647, 648, 649, 650, 651, 652, 653, 654, 655, 656, 657, 658, 659, 660, 661, 662, 663, 664, 665, 666, 667, 668, 669, 670, 671, 672, 673, 674, 675, 676, 677, 678, 679, 680, 681, 682, 683, 684, 685, 686, 687, 688, 689, 690, 691, 692, 693, 694, 695, 696, 697, 698, 699, 700, 701, 702, 703, 704, 705, 706, 707, 708, 709, 710, 711, 712, 713, 714, 715, 716, 717, 718, 719, 720, 721, 722, 723, 724, 725, 726, 727, 728, 729, 730, 731, 732, 733, 734, 735, 736, 737, 738, 739, 740, 741, 742, 743, 744, 745, 746, 747, 748, 749, 750, 751, 752, 753, 754, 755, 756, 757, 758, 759, 760, 761, 762, 763, 764, 765, 766, 767, 768, 769, 770, 771, 772, 773, 774, 775, 776, 777, 778, 779, 780, 781, 782, 783, 784, 785, 786, 787, 788, 789, 790, 791, 792, 793]",[],[],"[149, 620]",[],[],7/6 successful match,False,,False,762,False,,,,,
F Tulare ( 93274 ) Roche Oil Mobil Mart,4 559-686-1230 CA 99 Exit 85 ( Paige Ave W ),M D <U+2610> <U+2610>,Tulare,93274,Roche Oil Mobil Mart,559-686-1230,2014,Tulare,CA,Mobil,( Paige Ave W ),CA 99 Exit 85 ,Exit,85,False,,False,CA 99,,,,,[],"[158, 206, 235, 269, 630, 676, 699, 728]","[158, 206, 235, 269, 630, 676, 699, 728]","[158, 206, 235, 269, 280, 630, 676, 699, 728, 739]","[103, 104, 105, 106, 107, 108, 109, 110, 111, 112, 113, 114, 115, 116, 117, 118, 119, 120, 121, 122, 123, 124, 125, 126, 127, 128, 129, 130, 131, 132, 133, 134, 135, 136, 137, 138, 139, 140, 141, 142, 143, 144, 145, 146, 147, 148, 149, 150, 151, 152, 153, 154, 155, 156, 157, 158, 159, 160, 161, 162, 163, 164, 165, 166, 167, 168, 169, 170, 171, 172, 173, 174, 175, 176, 177, 178, 179, 180, 181, 182, 183, 184, 185, 186, 187, 188, 189, 190, 191, 192, 193, 194, 195, 196, 197, 198, 199, 200, 201, 202, 203, 204, 205, 206, 207, 208, 209, 210, 211, 212, 213, 214, 215, 216, 217, 218, 219, 220, 221, 222, 223, 224, 225, 226, 227, 228, 229, 230, 231, 232, 233, 234, 235, 236, 237, 238, 239, 240, 241, 242, 243, 244, 245, 246, 247, 248, 249, 250, 251, 252, 253, 254, 255, 256, 257, 258, 259, 260, 261, 262, 263, 264, 265, 266, 267, 268, 269, 270, 271, 272, 273, 274, 275, 276, 277, 278, 279, 280, 281, 282, 283, 284, 285, 286, 287, 288, 289, 290, 291, 292, 293, 294, 295, 296, 297, 298, 299, 300, 301, 302, 303, 304, 305, 306, 307, 308, 309, 310, 311, 312, 313, 314, 315, 316, 317, 318, 319, 320, 321, 322, 323, 324, 325, 326, 327, 328, 329, 330, 331, 332, 333, 334, 335, 336, 337, 574, 575, 576, 577, 578, 579, 580, 581, 582, 583, 584, 585, 586, 587, 588, 589, 590, 591, 592, 593, 594, 595, 596, 597, 598, 599, 600, 601, 602, 603, 604, 605, 606, 607, 608, 609, 610, 611, 612, 613, 614, 615, 616, 617, 618, 619, 620, 621, 622, 623, 624, 625, 626, 627, 628, 629, 630, 631, 632, 633, 634, 635, 636, 637, 638, 639, 640, 641, 642, 643, 644, 645, 646, 647, 648, 649, 650, 651, 652, 653, 654, 655, 656, 657, 658, 659, 660, 661, 662, 663, 664, 665, 666, 667, 668, 669, 670, 671, 672, 673, 674, 675, 676, 677, 678, 679, 680, 681, 682, 683, 684, 685, 686, 687, 688, 689, 690, 691, 692, 693, 694, 695, 696, 697, 698, 699, 700, 701, 702, 703, 704, 705, 706, 707, 708, 709, 710, 711, 712, 713, 714, 715, 716, 717, 718, 719, 720, 721, 722, 723, 724, 725, 726, 727, 728, 729, 730, 731, 732, 733, 734, 735, 736, 737, 738, 739, 740, 741, 742, 743, 744, 745, 746, 747, 748, 749, 750, 751, 752, 753, 754, 755, 756, 757, 758, 759, 760, 761, 762, 763, 764, 765, 766, 767, 768, 769, 770, 771, 772, 773, 774, 775, 776, 777, 778, 779, 780, 781, 782, 783, 784, 785, 786, 787, 788, 789, 790, 791, 792, 793]","[10, 75, 103, 104, 106, 117, 118, 120, 127, 128, 129, 131, 133, 135, 136, 137, 139, 146, 147, 148, 149, 151, 158, 160, 162, 166, 173, 178, 179, 185, 190, 192, 198, 201, 203, 204, 206, 207, 212, 213, 214, 219, 223, 224, 225, 227, 230, 235, 237, 246, 247, 256, 259, 262, 263, 266, 268, 269, 271, 272, 278, 279, 284, 285, 288, 290, 292, 304, 306, 312, 316, 319, 320, 323, 324, 329, 332, 335, 495, 549, 574, 575, 577, 588, 589, 591, 598, 599, 600, 602, 604, 606, 607, 608, 610, 617, 618, 619, 620, 622, 625, 630, 632, 634, 638, 644, 649, 650, 656, 661, 663, 669, 673, 674, 676, 677, 682, 683, 684, 687, 688, 689, 691, 694, 699, 701, 710, 718, 722, 723, 727, 728, 730, 731, 737, 738, 743, 744, 747, 749, 751, 762, 764, 770, 774, 777, 778, 781, 782, 789, 791]","[4, 59, 232, 269, 299, 490, 535, 696, 728, 758]","[4, 31, 59, 135, 142, 147, 180, 218, 229, 232, 264, 269, 299, 318, 320, 331, 338, 352, 367, 382, 387, 403, 405, 408, 410, 455, 463, 465, 466, 468, 470, 472, 473, 483, 484, 490, 514, 535, 606, 613, 618, 651, 686, 693, 696, 724, 728, 758, 776, 778, 788, 794, 807, 832, 837, 852, 854, 858, 860, 861, 902, 910, 912, 913, 915, 917, 919, 920, 931, 934, 935]","[4, 10, 31, 59, 75, 103, 104, 105, 106, 107, 108, 109, 110, 111, 112, 113, 114, 115, 116, 117, 118, 119, 120, 121, 122, 123, 124, 125, 126, 127, 128, 129, 130, 131, 132, 133, 134, 135, 136, 137, 138, 139, 140, 141, 142, 143, 144, 145, 146, 147, 148, 149, 150, 151, 152, 153, 154, 155, 156, 157, 158, 159, 160, 161, 162, 163, 164, 165, 166, 167, 168, 169, 170, 171, 172, 173, 174, 175, 176, 177, 178, 179, 180, 181, 182, 183, 184, 185, 186, 187, 188, 189, 190, 191, 192, 193, 194, 195, 196, 197, 198, 199, 200, 201, 202, 203, 204, 205, 206, 207, 208, 209, 210, 211, 212, 213, 214, 215, 216, 217, 218, 219, 220, 221, 222, 223, 224, 225, 226, 227, 228, 229, 230, 231, 232, 233, 234, 235, 236, 237, 238, 239, 240, 241, 242, 243, 244, 245, 246, 247, 248, 249, 250, 251, 252, 253, 254, 255, 256, 257, 258, 259, 260, 261, 262, 263, 264, 265, 266, 267, 268, 269, 270, 271, 272, 273, 274, 275, 276, 277, 278, 279, 280, 281, 282, 283, 284, 285, 286, 287, 288, 289, 290, 291, 292, 293, 294, 295, 296, 297, 298, 299, 300, 301, 302, 303, 304, 305, 306, 307, 308, 309, 310, 311, 312, 313, 314, 315, 316, 317, 318, 319, 320, 321, 322, 323, 324, 325, 326, 327, 328, 329, 330, 331, 332, 333, 334, 335, 336, 337, 338, 352, 367, 382, 387, 403, 405, 408, 410, 455, 463, 465, 466, 468, 470, 472, 473, 483, 484, 490, 495, 514, 535, 549, 574, 575, 576, 577, 578, 579, 580, 581, 582, 583, 584, 585, 586, 587, 588, 589, 590, 591, 592, 593, 594, 595, 596, 597, 598, 599, 600, 601, 602, 603, 604, 605, 606, 607, 608, 609, 610, 611, 612, 613, 614, 615, 616, 617, 618, 619, 620, 621, 622, 623, 624, 625, 626, 627, 628, 629, 630, 631, 632, 633, 634, 635, 636, 637, 638, 639, 640, 641, 642, 643, 644, 645, 646, 647, 648, 649, 650, 651, 652, 653, 654, 655, 656, 657, 658, 659, 660, 661, 662, 663, 664, 665, 666, 667, 668, 669, 670, 671, 672, 673, 674, 675, 676, 677, 678, 679, 680, 681, 682, 683, 684, 685, 686, 687, 688, 689, 690, 691, 692, 693, 694, 695, 696, 697, 698, 699, 700, 701, 702, 703, 704, 705, 706, 707, 708, 709, 710, 711, 712, 713, 714, 715, 716, 717, 718, 719, 720, 721, 722, 723, 724, 725, 726, 727, 728, 729, 730, 731, 732, 733, 734, 735, 736, 737, 738, 739, 740, 741, 742, 743, 744, 745, 746, 747, 748, 749, 750, 751, 752, 753, 754, 755, 756, 757, 758, 759, 760, 761, 762, 763, 764, 765, 766, 767, 768, 769, 770, 771, 772, 773, 774, 775, 776, 777, 778, 779, 780, 781, 782, 783, 784, 785, 786, 787, 788, 789, 790, 791, 792, 793, 794, 807, 832, 837, 852, 854, 858, 860, 861, 902, 910, 912, 913, 915, 917, 919, 920, 931, 934, 935]",False,"[158, 206, 235, 269, 630, 676, 699, 728]","[103, 104, 105, 106, 107, 108, 109, 110, 111, 112, 113, 114, 115, 116, 117, 118, 119, 120, 121, 122, 123, 124, 125, 126, 127, 128, 129, 130, 131, 132, 133, 134, 135, 136, 137, 138, 139, 140, 141, 142, 143, 144, 145, 146, 147, 148, 149, 150, 151, 152, 153, 154, 155, 156, 157, 158, 159, 160, 161, 162, 163, 164, 165, 166, 167, 168, 169, 170, 171, 172, 173, 174, 175, 176, 177, 178, 179, 180, 181, 182, 183, 184, 185, 186, 187, 188, 189, 190, 191, 192, 193, 194, 195, 196, 197, 198, 199, 200, 201, 202, 203, 204, 205, 206, 207, 208, 209, 210, 211, 212, 213, 214, 215, 216, 217, 218, 219, 220, 221, 222, 223, 224, 225, 226, 227, 228, 229, 230, 231, 232, 233, 234, 235, 236, 237, 238, 239, 240, 241, 242, 243, 244, 245, 246, 247, 248, 249, 250, 251, 252, 253, 254, 255, 256, 257, 258, 259, 260, 261, 262, 263, 264, 265, 266, 267, 268, 269, 270, 271, 272, 273, 274, 275, 276, 277, 278, 279, 280, 281, 282, 283, 284, 285, 286, 287, 288, 289, 290, 291, 292, 293, 294, 295, 296, 297, 298, 299, 300, 301, 302, 303, 304, 305, 306, 307, 308, 309, 310, 311, 312, 313, 314, 315, 316, 317, 318, 319, 320, 321, 322, 323, 324, 325, 326, 327, 328, 329, 330, 331, 332, 333, 334, 335, 336, 337, 574, 575, 576, 577, 578, 579, 580, 581, 582, 583, 584, 585, 586, 587, 588, 589, 590, 591, 592, 593, 594, 595, 596, 597, 598, 599, 600, 601, 602, 603, 604, 605, 606, 607, 608, 609, 610, 611, 612, 613, 614, 615, 616, 617, 618, 619, 620, 621, 622, 623, 624, 625, 626, 627, 628, 629, 630, 631, 632, 633, 634, 635, 636, 637, 638, 639, 640, 641, 642, 643, 644, 645, 646, 647, 648, 649, 650, 651, 652, 653, 654, 655, 656, 657, 658, 659, 660, 661, 662, 663, 664, 665, 666, 667, 668, 669, 670, 671, 672, 673, 674, 675, 676, 677, 678, 679, 680, 681, 682, 683, 684, 685, 686, 687, 688, 689, 690, 691, 692, 693, 694, 695, 696, 697, 698, 699, 700, 701, 702, 703, 704, 705, 706, 707, 708, 709, 710, 711, 712, 713, 714, 715, 716, 717, 718, 719, 720, 721, 722, 723, 724, 725, 726, 727, 728, 729, 730, 731, 732, 733, 734, 735, 736, 737, 738, 739, 740, 741, 742, 743, 744, 745, 746, 747, 748, 749, 750, 751, 752, 753, 754, 755, 756, 757, 758, 759, 760, 761, 762, 763, 764, 765, 766, 767, 768, 769, 770, 771, 772, 773, 774, 775, 776, 777, 778, 779, 780, 781, 782, 783, 784, 785, 786, 787, 788, 789, 790, 791, 792, 793]","[158, 206, 235, 269, 630, 676, 699, 728]","[158, 206, 235, 269, 280, 630, 676, 699, 728, 739]","[10, 75, 103, 104, 106, 117, 118, 120, 127, 128, 129, 131, 133, 135, 136, 137, 139, 146, 147, 148, 149, 151, 158, 160, 162, 166, 173, 178, 179, 185, 190, 192, 198, 201, 203, 204, 206, 207, 212, 213, 214, 219, 223, 224, 225, 227, 230, 235, 237, 246, 247, 256, 259, 262, 263, 266, 268, 269, 271, 272, 278, 279, 284, 285, 288, 290, 292, 304, 306, 312, 316, 319, 320, 323, 324, 329, 332, 335, 495, 549, 574, 575, 577, 588, 589, 591, 598, 599, 600, 602, 604, 606, 607, 608, 610, 617, 618, 619, 620, 622, 625, 630, 632, 634, 638, 644, 649, 650, 656, 661, 663, 669, 673, 674, 676, 677, 682, 683, 684, 687, 688, 689, 691, 694, 699, 701, 710, 718, 722, 723, 727, 728, 730, 731, 737, 738, 743, 744, 747, 749, 751, 762, 764, 770, 774, 777, 778, 781, 782, 789, 791]","[4, 31, 59, 135, 142, 147, 180, 218, 229, 232, 264, 269, 299, 318, 320, 331, 338, 352, 367, 382, 387, 403, 405, 408, 410, 455, 463, 465, 466, 468, 470, 472, 473, 483, 484, 490, 514, 535, 606, 613, 618, 651, 686, 693, 696, 724, 728, 758, 776, 778, 788, 794, 807, 832, 837, 852, 854, 858, 860, 861, 902, 910, 912, 913, 915, 917, 919, 920, 931, 934, 935]","[4, 59, 232, 269, 299, 490, 535, 696, 728, 758]",7/6 successful match,False,[330],True,763,False,,,,,
F Tulare ( 93274 ) Roche Oil Mobil ( Paige Mart Ave W ),559-686-1230 CA 99 Exit 85 (,S <U+25A1>,Tulare,93274,Roche Oil Mobil ( Paige Mart Ave W ),559-686-1230,2015,Tulare,CA,Mobil,(,CA 99 Exit 85 ,Exit,85,False,,False,CA 99,,,,,[],"[158, 206, 235, 269, 630, 676, 699, 728]","[158, 206, 235, 269, 630, 676, 699, 728]","[158, 206, 235, 269, 280, 630, 676, 699, 728, 739]","[103, 104, 105, 106, 107, 108, 109, 110, 111, 112, 113, 114, 115, 116, 117, 118, 119, 120, 121, 122, 123, 124, 125, 126, 127, 128, 129, 130, 131, 132, 133, 134, 135, 136, 137, 138, 139, 140, 141, 142, 143, 144, 145, 146, 147, 148, 149, 150, 151, 152, 153, 154, 155, 156, 157, 158, 159, 160, 161, 162, 163, 164, 165, 166, 167, 168, 169, 170, 171, 172, 173, 174, 175, 176, 177, 178, 179, 180, 181, 182, 183, 184, 185, 186, 187, 188, 189, 190, 191, 192, 193, 194, 195, 196, 197, 198, 199, 200, 201, 202, 203, 204, 205, 206, 207, 208, 209, 210, 211, 212, 213, 214, 215, 216, 217, 218, 219, 220, 221, 222, 223, 224, 225, 226, 227, 228, 229, 230, 231, 232, 233, 234, 235, 236, 237, 238, 239, 240, 241, 242, 243, 244, 245, 246, 247, 248, 249, 250, 251, 252, 253, 254, 255, 256, 257, 258, 259, 260, 261, 262, 263, 264, 265, 266, 267, 268, 269, 270, 271, 272, 273, 274, 275, 276, 277, 278, 279, 280, 281, 282, 283, 284, 285, 286, 287, 288, 289, 290, 291, 292, 293, 294, 295, 296, 297, 298, 299, 300, 301, 302, 303, 304, 305, 306, 307, 308, 309, 310, 311, 312, 313, 314, 315, 316, 317, 318, 319, 320, 321, 322, 323, 324, 325, 326, 327, 328, 329, 330, 331, 332, 333, 334, 335, 336, 337, 574, 575, 576, 577, 578, 579, 580, 581, 582, 583, 584, 585, 586, 587, 588, 589, 590, 591, 592, 593, 594, 595, 596, 597, 598, 599, 600, 601, 602, 603, 604, 605, 606, 607, 608, 609, 610, 611, 612, 613, 614, 615, 616, 617, 618, 619, 620, 621, 622, 623, 624, 625, 626, 627, 628, 629, 630, 631, 632, 633, 634, 635, 636, 637, 638, 639, 640, 641, 642, 643, 644, 645, 646, 647, 648, 649, 650, 651, 652, 653, 654, 655, 656, 657, 658, 659, 660, 661, 662, 663, 664, 665, 666, 667, 668, 669, 670, 671, 672, 673, 674, 675, 676, 677, 678, 679, 680, 681, 682, 683, 684, 685, 686, 687, 688, 689, 690, 691, 692, 693, 694, 695, 696, 697, 698, 699, 700, 701, 702, 703, 704, 705, 706, 707, 708, 709, 710, 711, 712, 713, 714, 715, 716, 717, 718, 719, 720, 721, 722, 723, 724, 725, 726, 727, 728, 729, 730, 731, 732, 733, 734, 735, 736, 737, 738, 739, 740, 741, 742, 743, 744, 745, 746, 747, 748, 749, 750, 751, 752, 753, 754, 755, 756, 757, 758, 759, 760, 761, 762, 763, 764, 765, 766, 767, 768, 769, 770, 771, 772, 773, 774, 775, 776, 777, 778, 779, 780, 781, 782, 783, 784, 785, 786, 787, 788, 789, 790, 791, 792, 793]","[10, 75, 103, 104, 106, 117, 118, 120, 127, 128, 129, 131, 133, 135, 136, 137, 139, 146, 147, 148, 149, 151, 158, 160, 162, 166, 173, 178, 179, 185, 190, 192, 198, 201, 203, 204, 206, 207, 212, 213, 214, 219, 223, 224, 225, 227, 230, 235, 237, 246, 247, 256, 259, 262, 263, 266, 268, 269, 271, 272, 278, 279, 284, 285, 288, 290, 292, 304, 306, 312, 316, 319, 320, 323, 324, 329, 332, 335, 495, 549, 574, 575, 577, 588, 589, 591, 598, 599, 600, 602, 604, 606, 607, 608, 610, 617, 618, 619, 620, 622, 625, 630, 632, 634, 638, 644, 649, 650, 656, 661, 663, 669, 673, 674, 676, 677, 682, 683, 684, 687, 688, 689, 691, 694, 699, 701, 710, 718, 722, 723, 727, 728, 730, 731, 737, 738, 743, 744, 747, 749, 751, 762, 764, 770, 774, 777, 778, 781, 782, 789, 791]","[4, 59, 232, 269, 299, 490, 535, 696, 728, 758]","[4, 31, 59, 135, 142, 147, 180, 218, 229, 232, 235, 264, 269, 299, 318, 320, 331, 338, 352, 367, 382, 387, 403, 405, 408, 410, 455, 463, 465, 466, 468, 470, 472, 473, 483, 484, 490, 514, 535, 606, 613, 618, 651, 686, 693, 696, 699, 724, 728, 758, 776, 778, 788, 794, 807, 832, 837, 852, 854, 858, 860, 861, 902, 910, 912, 913, 915, 917, 919, 920, 931, 934, 935]","[4, 10, 31, 59, 75, 103, 104, 105, 106, 107, 108, 109, 110, 111, 112, 113, 114, 115, 116, 117, 118, 119, 120, 121, 122, 123, 124, 125, 126, 127, 128, 129, 130, 131, 132, 133, 134, 135, 136, 137, 138, 139, 140, 141, 142, 143, 144, 145, 146, 147, 148, 149, 150, 151, 152, 153, 154, 155, 156, 157, 158, 159, 160, 161, 162, 163, 164, 165, 166, 167, 168, 169, 170, 171, 172, 173, 174, 175, 176, 177, 178, 179, 180, 181, 182, 183, 184, 185, 186, 187, 188, 189, 190, 191, 192, 193, 194, 195, 196, 197, 198, 199, 200, 201, 202, 203, 204, 205, 206, 207, 208, 209, 210, 211, 212, 213, 214, 215, 216, 217, 218, 219, 220, 221, 222, 223, 224, 225, 226, 227, 228, 229, 230, 231, 232, 233, 234, 235, 236, 237, 238, 239, 240, 241, 242, 243, 244, 245, 246, 247, 248, 249, 250, 251, 252, 253, 254, 255, 256, 257, 258, 259, 260, 261, 262, 263, 264, 265, 266, 267, 268, 269, 270, 271, 272, 273, 274, 275, 276, 277, 278, 279, 280, 281, 282, 283, 284, 285, 286, 287, 288, 289, 290, 291, 292, 293, 294, 295, 296, 297, 298, 299, 300, 301, 302, 303, 304, 305, 306, 307, 308, 309, 310, 311, 312, 313, 314, 315, 316, 317, 318, 319, 320, 321, 322, 323, 324, 325, 326, 327, 328, 329, 330, 331, 332, 333, 334, 335, 336, 337, 338, 352, 367, 382, 387, 403, 405, 408, 410, 455, 463, 465, 466, 468, 470, 472, 473, 483, 484, 490, 495, 514, 535, 549, 574, 575, 576, 577, 578, 579, 580, 581, 582, 583, 584, 585, 586, 587, 588, 589, 590, 591, 592, 593, 594, 595, 596, 597, 598, 599, 600, 601, 602, 603, 604, 605, 606, 607, 608, 609, 610, 611, 612, 613, 614, 615, 616, 617, 618, 619, 620, 621, 622, 623, 624, 625, 626, 627, 628, 629, 630, 631, 632, 633, 634, 635, 636, 637, 638, 639, 640, 641, 642, 643, 644, 645, 646, 647, 648, 649, 650, 651, 652, 653, 654, 655, 656, 657, 658, 659, 660, 661, 662, 663, 664, 665, 666, 667, 668, 669, 670, 671, 672, 673, 674, 675, 676, 677, 678, 679, 680, 681, 682, 683, 684, 685, 686, 687, 688, 689, 690, 691, 692, 693, 694, 695, 696, 697, 698, 699, 700, 701, 702, 703, 704, 705, 706, 707, 708, 709, 710, 711, 712, 713, 714, 715, 716, 717, 718, 719, 720, 721, 722, 723, 724, 725, 726, 727, 728, 729, 730, 731, 732, 733, 734, 735, 736, 737, 738, 739, 740, 741, 742, 743, 744, 745, 746, 747, 748, 749, 750, 751, 752, 753, 754, 755, 756, 757, 758, 759, 760, 761, 762, 763, 764, 765, 766, 767, 768, 769, 770, 771, 772, 773, 774, 775, 776, 777, 778, 779, 780, 781, 782, 783, 784, 785, 786, 787, 788, 789, 790, 791, 792, 793, 794, 807, 832, 837, 852, 854, 858, 860, 861, 902, 910, 912, 913, 915, 917, 919, 920, 931, 934, 935]",False,"[158, 206, 235, 269, 630, 676, 699, 728]","[103, 104, 105, 106, 107, 108, 109, 110, 111, 112, 113, 114, 115, 116, 117, 118, 119, 120, 121, 122, 123, 124, 125, 126, 127, 128, 129, 130, 131, 132, 133, 134, 135, 136, 137, 138, 139, 140, 141, 142, 143, 144, 145, 146, 147, 148, 149, 150, 151, 152, 153, 154, 155, 156, 157, 158, 159, 160, 161, 162, 163, 164, 165, 166, 167, 168, 169, 170, 171, 172, 173, 174, 175, 176, 177, 178, 179, 180, 181, 182, 183, 184, 185, 186, 187, 188, 189, 190, 191, 192, 193, 194, 195, 196, 197, 198, 199, 200, 201, 202, 203, 204, 205, 206, 207, 208, 209, 210, 211, 212, 213, 214, 215, 216, 217, 218, 219, 220, 221, 222, 223, 224, 225, 226, 227, 228, 229, 230, 231, 232, 233, 234, 235, 236, 237, 238, 239, 240, 241, 242, 243, 244, 245, 246, 247, 248, 249, 250, 251, 252, 253, 254, 255, 256, 257, 258, 259, 260, 261, 262, 263, 264, 265, 266, 267, 268, 269, 270, 271, 272, 273, 274, 275, 276, 277, 278, 279, 280, 281, 282, 283, 284, 285, 286, 287, 288, 289, 290, 291, 292, 293, 294, 295, 296, 297, 298, 299, 300, 301, 302, 303, 304, 305, 306, 307, 308, 309, 310, 311, 312, 313, 314, 315, 316, 317, 318, 319, 320, 321, 322, 323, 324, 325, 326, 327, 328, 329, 330, 331, 332, 333, 334, 335, 336, 337, 574, 575, 576, 577, 578, 579, 580, 581, 582, 583, 584, 585, 586, 587, 588, 589, 590, 591, 592, 593, 594, 595, 596, 597, 598, 599, 600, 601, 602, 603, 604, 605, 606, 607, 608, 609, 610, 611, 612, 613, 614, 615, 616, 617, 618, 619, 620, 621, 622, 623, 624, 625, 626, 627, 628, 629, 630, 631, 632, 633, 634, 635, 636, 637, 638, 639, 640, 641, 642, 643, 644, 645, 646, 647, 648, 649, 650, 651, 652, 653, 654, 655, 656, 657, 658, 659, 660, 661, 662, 663, 664, 665, 666, 667, 668, 669, 670, 671, 672, 673, 674, 675, 676, 677, 678, 679, 680, 681, 682, 683, 684, 685, 686, 687, 688, 689, 690, 691, 692, 693, 694, 695, 696, 697, 698, 699, 700, 701, 702, 703, 704, 705, 706, 707, 708, 709, 710, 711, 712, 713, 714, 715, 716, 717, 718, 719, 720, 721, 722, 723, 724, 725, 726, 727, 728, 729, 730, 731, 732, 733, 734, 735, 736, 737, 738, 739, 740, 741, 742, 743, 744, 745, 746, 747, 748, 749, 750, 751, 752, 753, 754, 755, 756, 757, 758, 759, 760, 761, 762, 763, 764, 765, 766, 767, 768, 769, 770, 771, 772, 773, 774, 775, 776, 777, 778, 779, 780, 781, 782, 783, 784, 785, 786, 787, 788, 789, 790, 791, 792, 793]","[158, 206, 235, 269, 630, 676, 699, 728]","[158, 206, 235, 269, 280, 630, 676, 699, 728, 739]","[10, 75, 103, 104, 106, 117, 118, 120, 127, 128, 129, 131, 133, 135, 136, 137, 139, 146, 147, 148, 149, 151, 158, 160, 162, 166, 173, 178, 179, 185, 190, 192, 198, 201, 203, 204, 206, 207, 212, 213, 214, 219, 223, 224, 225, 227, 230, 235, 237, 246, 247, 256, 259, 262, 263, 266, 268, 269, 271, 272, 278, 279, 284, 285, 288, 290, 292, 304, 306, 312, 316, 319, 320, 323, 324, 329, 332, 335, 495, 549, 574, 575, 577, 588, 589, 591, 598, 599, 600, 602, 604, 606, 607, 608, 610, 617, 618, 619, 620, 622, 625, 630, 632, 634, 638, 644, 649, 650, 656, 661, 663, 669, 673, 674, 676, 677, 682, 683, 684, 687, 688, 689, 691, 694, 699, 701, 710, 718, 722, 723, 727, 728, 730, 731, 737, 738, 743, 744, 747, 749, 751, 762, 764, 770, 774, 777, 778, 781, 782, 789, 791]","[4, 31, 59, 135, 142, 147, 180, 218, 229, 232, 235, 264, 269, 299, 318, 320, 331, 338, 352, 367, 382, 387, 403, 405, 408, 410, 455, 463, 465, 466, 468, 470, 472, 473, 483, 484, 490, 514, 535, 606, 613, 618, 651, 686, 693, 696, 699, 724, 728, 758, 776, 778, 788, 794, 807, 832, 837, 852, 854, 858, 860, 861, 902, 910, 912, 913, 915, 917, 919, 920, 931, 934, 935]","[4, 59, 232, 269, 299, 490, 535, 696, 728, 758]",7/6 successful match,False,[330],True,763,False,,1.0,True,Roche Oil Mobil Mart,Mobil
Tulare ( 93274 ) Roche Oil Mobil Mart,559-686-1230 CA 99 Exit 85 ( Paige Ave W ),S <U+2610> D,Tulare,93274,Roche Oil Mobil Mart,559-686-1230,2016,Tulare,CA,Mobil,( Paige Ave W ),CA 99 Exit 85 ,Exit,85,False,,False,CA 99,,,,,[],"[158, 206, 235, 269, 630, 676, 699, 728]","[158, 206, 235, 269, 630, 676, 699, 728]","[158, 206, 235, 269, 280, 630, 676, 699, 728, 739]","[103, 104, 105, 106, 107, 108, 109, 110, 111, 112, 113, 114, 115, 116, 117, 118, 119, 120, 121, 122, 123, 124, 125, 126, 127, 128, 129, 130, 131, 132, 133, 134, 135, 136, 137, 138, 139, 140, 141, 142, 143, 144, 145, 146, 147, 148, 149, 150, 151, 152, 153, 154, 155, 156, 157, 158, 159, 160, 161, 162, 163, 164, 165, 166, 167, 168, 169, 170, 171, 172, 173, 174, 175, 176, 177, 178, 179, 180, 181, 182, 183, 184, 185, 186, 187, 188, 189, 190, 191, 192, 193, 194, 195, 196, 197, 198, 199, 200, 201, 202, 203, 204, 205, 206, 207, 208, 209, 210, 211, 212, 213, 214, 215, 216, 217, 218, 219, 220, 221, 222, 223, 224, 225, 226, 227, 228, 229, 230, 231, 232, 233, 234, 235, 236, 237, 238, 239, 240, 241, 242, 243, 244, 245, 246, 247, 248, 249, 250, 251, 252, 253, 254, 255, 256, 257, 258, 259, 260, 261, 262, 263, 264, 265, 266, 267, 268, 269, 270, 271, 272, 273, 274, 275, 276, 277, 278, 279, 280, 281, 282, 283, 284, 285, 286, 287, 288, 289, 290, 291, 292, 293, 294, 295, 296, 297, 298, 299, 300, 301, 302, 303, 304, 305, 306, 307, 308, 309, 310, 311, 312, 313, 314, 315, 316, 317, 318, 319, 320, 321, 322, 323, 324, 325, 326, 327, 328, 329, 330, 331, 332, 333, 334, 335, 336, 337, 574, 575, 576, 577, 578, 579, 580, 581, 582, 583, 584, 585, 586, 587, 588, 589, 590, 591, 592, 593, 594, 595, 596, 597, 598, 599, 600, 601, 602, 603, 604, 605, 606, 607, 608, 609, 610, 611, 612, 613, 614, 615, 616, 617, 618, 619, 620, 621, 622, 623, 624, 625, 626, 627, 628, 629, 630, 631, 632, 633, 634, 635, 636, 637, 638, 639, 640, 641, 642, 643, 644, 645, 646, 647, 648, 649, 650, 651, 652, 653, 654, 655, 656, 657, 658, 659, 660, 661, 662, 663, 664, 665, 666, 667, 668, 669, 670, 671, 672, 673, 674, 675, 676, 677, 678, 679, 680, 681, 682, 683, 684, 685, 686, 687, 688, 689, 690, 691, 692, 693, 694, 695, 696, 697, 698, 699, 700, 701, 702, 703, 704, 705, 706, 707, 708, 709, 710, 711, 712, 713, 714, 715, 716, 717, 718, 719, 720, 721, 722, 723, 724, 725, 726, 727, 728, 729, 730, 731, 732, 733, 734, 735, 736, 737, 738, 739, 740, 741, 742, 743, 744, 745, 746, 747, 748, 749, 750, 751, 752, 753, 754, 755, 756, 757, 758, 759, 760, 761, 762, 763, 764, 765, 766, 767, 768, 769, 770, 771, 772, 773, 774, 775, 776, 777, 778, 779, 780, 781, 782, 783, 784, 785, 786, 787, 788, 789, 790, 791, 792, 793]","[10, 75, 103, 104, 106, 117, 118, 120, 127, 128, 129, 131, 133, 135, 136, 137, 139, 146, 147, 148, 149, 151, 158, 160, 162, 166, 173, 178, 179, 185, 190, 192, 198, 201, 203, 204, 206, 207, 212, 213, 214, 219, 223, 224, 225, 227, 230, 235, 237, 246, 247, 256, 259, 262, 263, 266, 268, 269, 271, 272, 278, 279, 284, 285, 288, 290, 292, 304, 306, 312, 316, 319, 320, 323, 324, 329, 332, 335, 495, 549, 574, 575, 577, 588, 589, 591, 598, 599, 600, 602, 604, 606, 607, 608, 610, 617, 618, 619, 620, 622, 625, 630, 632, 634, 638, 644, 649, 650, 656, 661, 663, 669, 673, 674, 676, 677, 682, 683, 684, 687, 688, 689, 691, 694, 699, 701, 710, 718, 722, 723, 727, 728, 730, 731, 737, 738, 743, 744, 747, 749, 751, 762, 764, 770, 774, 777, 778, 781, 782, 789, 791]","[4, 59, 232, 269, 299, 490, 535, 696, 728, 758]","[4, 31, 59, 135, 142, 147, 180, 218, 229, 232, 264, 269, 299, 318, 320, 331, 338, 352, 367, 382, 387, 403, 405, 408, 410, 455, 463, 465, 466, 468, 470, 472, 473, 483, 484, 490, 514, 535, 606, 613, 618, 651, 686, 693, 696, 724, 728, 758, 776, 778, 788, 794, 807, 832, 837, 852, 854, 858, 860, 861, 902, 910, 912, 913, 915, 917, 919, 920, 931, 934, 935]","[4, 10, 31, 59, 75, 103, 104, 105, 106, 107, 108, 109, 110, 111, 112, 113, 114, 115, 116, 117, 118, 119, 120, 121, 122, 123, 124, 125, 126, 127, 128, 129, 130, 131, 132, 133, 134, 135, 136, 137, 138, 139, 140, 141, 142, 143, 144, 145, 146, 147, 148, 149, 150, 151, 152, 153, 154, 155, 156, 157, 158, 159, 160, 161, 162, 163, 164, 165, 166, 167, 168, 169, 170, 171, 172, 173, 174, 175, 176, 177, 178, 179, 180, 181, 182, 183, 184, 185, 186, 187, 188, 189, 190, 191, 192, 193, 194, 195, 196, 197, 198, 199, 200, 201, 202, 203, 204, 205, 206, 207, 208, 209, 210, 211, 212, 213, 214, 215, 216, 217, 218, 219, 220, 221, 222, 223, 224, 225, 226, 227, 228, 229, 230, 231, 232, 233, 234, 235, 236, 237, 238, 239, 240, 241, 242, 243, 244, 245, 246, 247, 248, 249, 250, 251, 252, 253, 254, 255, 256, 257, 258, 259, 260, 261, 262, 263, 264, 265, 266, 267, 268, 269, 270, 271, 272, 273, 274, 275, 276, 277, 278, 279, 280, 281, 282, 283, 284, 285, 286, 287, 288, 289, 290, 291, 292, 293, 294, 295, 296, 297, 298, 299, 300, 301, 302, 303, 304, 305, 306, 307, 308, 309, 310, 311, 312, 313, 314, 315, 316, 317, 318, 319, 320, 321, 322, 323, 324, 325, 326, 327, 328, 329, 330, 331, 332, 333, 334, 335, 336, 337, 338, 352, 367, 382, 387, 403, 405, 408, 410, 455, 463, 465, 466, 468, 470, 472, 473, 483, 484, 490, 495, 514, 535, 549, 574, 575, 576, 577, 578, 579, 580, 581, 582, 583, 584, 585, 586, 587, 588, 589, 590, 591, 592, 593, 594, 595, 596, 597, 598, 599, 600, 601, 602, 603, 604, 605, 606, 607, 608, 609, 610, 611, 612, 613, 614, 615, 616, 617, 618, 619, 620, 621, 622, 623, 624, 625, 626, 627, 628, 629, 630, 631, 632, 633, 634, 635, 636, 637, 638, 639, 640, 641, 642, 643, 644, 645, 646, 647, 648, 649, 650, 651, 652, 653, 654, 655, 656, 657, 658, 659, 660, 661, 662, 663, 664, 665, 666, 667, 668, 669, 670, 671, 672, 673, 674, 675, 676, 677, 678, 679, 680, 681, 682, 683, 684, 685, 686, 687, 688, 689, 690, 691, 692, 693, 694, 695, 696, 697, 698, 699, 700, 701, 702, 703, 704, 705, 706, 707, 708, 709, 710, 711, 712, 713, 714, 715, 716, 717, 718, 719, 720, 721, 722, 723, 724, 725, 726, 727, 728, 729, 730, 731, 732, 733, 734, 735, 736, 737, 738, 739, 740, 741, 742, 743, 744, 745, 746, 747, 748, 749, 750, 751, 752, 753, 754, 755, 756, 757, 758, 759, 760, 761, 762, 763, 764, 765, 766, 767, 768, 769, 770, 771, 772, 773, 774, 775, 776, 777, 778, 779, 780, 781, 782, 783, 784, 785, 786, 787, 788, 789, 790, 791, 792, 793, 794, 807, 832, 837, 852, 854, 858, 860, 861, 902, 910, 912, 913, 915, 917, 919, 920, 931, 934, 935]",False,"[158, 206, 235, 269, 630, 676, 699, 728]","[103, 104, 105, 106, 107, 108, 109, 110, 111, 112, 113, 114, 115, 116, 117, 118, 119, 120, 121, 122, 123, 124, 125, 126, 127, 128, 129, 130, 131, 132, 133, 134, 135, 136, 137, 138, 139, 140, 141, 142, 143, 144, 145, 146, 147, 148, 149, 150, 151, 152, 153, 154, 155, 156, 157, 158, 159, 160, 161, 162, 163, 164, 165, 166, 167, 168, 169, 170, 171, 172, 173, 174, 175, 176, 177, 178, 179, 180, 181, 182, 183, 184, 185, 186, 187, 188, 189, 190, 191, 192, 193, 194, 195, 196, 197, 198, 199, 200, 201, 202, 203, 204, 205, 206, 207, 208, 209, 210, 211, 212, 213, 214, 215, 216, 217, 218, 219, 220, 221, 222, 223, 224, 225, 226, 227, 228, 229, 230, 231, 232, 233, 234, 235, 236, 237, 238, 239, 240, 241, 242, 243, 244, 245, 246, 247, 248, 249, 250, 251, 252, 253, 254, 255, 256, 257, 258, 259, 260, 261, 262, 263, 264, 265, 266, 267, 268, 269, 270, 271, 272, 273, 274, 275, 276, 277, 278, 279, 280, 281, 282, 283, 284, 285, 286, 287, 288, 289, 290, 291, 292, 293, 294, 295, 296, 297, 298, 299, 300, 301, 302, 303, 304, 305, 306, 307, 308, 309, 310, 311, 312, 313, 314, 315, 316, 317, 318, 319, 320, 321, 322, 323, 324, 325, 326, 327, 328, 329, 330, 331, 332, 333, 334, 335, 336, 337, 574, 575, 576, 577, 578, 579, 580, 581, 582, 583, 584, 585, 586, 587, 588, 589, 590, 591, 592, 593, 594, 595, 596, 597, 598, 599, 600, 601, 602, 603, 604, 605, 606, 607, 608, 609, 610, 611, 612, 613, 614, 615, 616, 617, 618, 619, 620, 621, 622, 623, 624, 625, 626, 627, 628, 629, 630, 631, 632, 633, 634, 635, 636, 637, 638, 639, 640, 641, 642, 643, 644, 645, 646, 647, 648, 649, 650, 651, 652, 653, 654, 655, 656, 657, 658, 659, 660, 661, 662, 663, 664, 665, 666, 667, 668, 669, 670, 671, 672, 673, 674, 675, 676, 677, 678, 679, 680, 681, 682, 683, 684, 685, 686, 687, 688, 689, 690, 691, 692, 693, 694, 695, 696, 697, 698, 699, 700, 701, 702, 703, 704, 705, 706, 707, 708, 709, 710, 711, 712, 713, 714, 715, 716, 717, 718, 719, 720, 721, 722, 723, 724, 725, 726, 727, 728, 729, 730, 731, 732, 733, 734, 735, 736, 737, 738, 739, 740, 741, 742, 743, 744, 745, 746, 747, 748, 749, 750, 751, 752, 753, 754, 755, 756, 757, 758, 759, 760, 761, 762, 763, 764, 765, 766, 767, 768, 769, 770, 771, 772, 773, 774, 775, 776, 777, 778, 779, 780, 781, 782, 783, 784, 785, 786, 787, 788, 789, 790, 791, 792, 793]","[158, 206, 235, 269, 630, 676, 699, 728]","[158, 206, 235, 269, 280, 630, 676, 699, 728, 739]","[10, 75, 103, 104, 106, 117, 118, 120, 127, 128, 129, 131, 133, 135, 136, 137, 139, 146, 147, 148, 149, 151, 158, 160, 162, 166, 173, 178, 179, 185, 190, 192, 198, 201, 203, 204, 206, 207, 212, 213, 214, 219, 223, 224, 225, 227, 230, 235, 237, 246, 247, 256, 259, 262, 263, 266, 268, 269, 271, 272, 278, 279, 284, 285, 288, 290, 292, 304, 306, 312, 316, 319, 320, 323, 324, 329, 332, 335, 495, 549, 574, 575, 577, 588, 589, 591, 598, 599, 600, 602, 604, 606, 607, 608, 610, 617, 618, 619, 620, 622, 625, 630, 632, 634, 638, 644, 649, 650, 656, 661, 663, 669, 673, 674, 676, 677, 682, 683, 684, 687, 688, 689, 691, 694, 699, 701, 710, 718, 722, 723, 727, 728, 730, 731, 737, 738, 743, 744, 747, 749, 751, 762, 764, 770, 774, 777, 778, 781, 782, 789, 791]","[4, 31, 59, 135, 142, 147, 180, 218, 229, 232, 264, 269, 299, 318, 320, 331, 338, 352, 367, 382, 387, 403, 405, 408, 410, 455, 463, 465, 466, 468, 470, 472, 473, 483, 484, 490, 514, 535, 606, 613, 618, 651, 686, 693, 696, 724, 728, 758, 776, 778, 788, 794, 807, 832, 837, 852, 854, 858, 860, 861, 902, 910, 912, 913, 915, 917, 919, 920, 931, 934, 935]","[4, 59, 232, 269, 299, 490, 535, 696, 728, 758]",7/6 successful match,False,[330],True,763,False,,1.0,True,Roche Oil Mobil ( Paige Mart Ave W ),Mobil
F Tulare ( 93274 ) Love's Travel Stop # 382 ),4 559-686-1400 CA 99 Exit 85 ( Paige Ave W ),24 LO,Tulare,93274,Love's Travel Stop # 382 ),559-686-1400,2014,Tulare,CA,Love's,( Paige Ave W ),CA 99 Exit 85 ,Exit,85,False,,False,CA 99,,,,,"[676, 206]","[158, 206, 235, 269, 630, 676, 699, 728]","[158, 206, 235, 269, 630, 676, 699, 728]","[158, 206, 235, 269, 280, 630, 676, 699, 728, 739]","[103, 104, 105, 106, 107, 108, 109, 110, 111, 112, 113, 114, 115, 116, 117, 118, 119, 120, 121, 122, 123, 124, 125, 126, 127, 128, 129, 130, 131, 132, 133, 134, 135, 136, 137, 138, 139, 140, 141, 142, 143, 144, 145, 146, 147, 148, 149, 150, 151, 152, 153, 154, 155, 156, 157, 158, 159, 160, 161, 162, 163, 164, 165, 166, 167, 168, 169, 170, 171, 172, 173, 174, 175, 176, 177, 178, 179, 180, 181, 182, 183, 184, 185, 186, 187, 188, 189, 190, 191, 192, 193, 194, 195, 196, 197, 198, 199, 200, 201, 202, 203, 204, 205, 206, 207, 208, 209, 210, 211, 212, 213, 214, 215, 216, 217, 218, 219, 220, 221, 222, 223, 224, 225, 226, 227, 228, 229, 230, 231, 232, 233, 234, 235, 236, 237, 238, 239, 240, 241, 242, 243, 244, 245, 246, 247, 248, 249, 250, 251, 252, 253, 254, 255, 256, 257, 258, 259, 260, 261, 262, 263, 264, 265, 266, 267, 268, 269, 270, 271, 272, 273, 274, 275, 276, 277, 278, 279, 280, 281, 282, 283, 284, 285, 286, 287, 288, 289, 290, 291, 292, 293, 294, 295, 296, 297, 298, 299, 300, 301, 302, 303, 304, 305, 306, 307, 308, 309, 310, 311, 312, 313, 314, 315, 316, 317, 318, 319, 320, 321, 322, 323, 324, 325, 326, 327, 328, 329, 330, 331, 332, 333, 334, 335, 336, 337, 574, 575, 576, 577, 578, 579, 580, 581, 582, 583, 584, 585, 586, 587, 588, 589, 590, 591, 592, 593, 594, 595, 596, 597, 598, 599, 600, 601, 602, 603, 604, 605, 606, 607, 608, 609, 610, 611, 612, 613, 614, 615, 616, 617, 618, 619, 620, 621, 622, 623, 624, 625, 626, 627, 628, 629, 630, 631, 632, 633, 634, 635, 636, 637, 638, 639, 640, 641, 642, 643, 644, 645, 646, 647, 648, 649, 650, 651, 652, 653, 654, 655, 656, 657, 658, 659, 660, 661, 662, 663, 664, 665, 666, 667, 668, 669, 670, 671, 672, 673, 674, 675, 676, 677, 678, 679, 680, 681, 682, 683, 684, 685, 686, 687, 688, 689, 690, 691, 692, 693, 694, 695, 696, 697, 698, 699, 700, 701, 702, 703, 704, 705, 706, 707, 708, 709, 710, 711, 712, 713, 714, 715, 716, 717, 718, 719, 720, 721, 722, 723, 724, 725, 726, 727, 728, 729, 730, 731, 732, 733, 734, 735, 736, 737, 738, 739, 740, 741, 742, 743, 744, 745, 746, 747, 748, 749, 750, 751, 752, 753, 754, 755, 756, 757, 758, 759, 760, 761, 762, 763, 764, 765, 766, 767, 768, 769, 770, 771, 772, 773, 774, 775, 776, 777, 778, 779, 780, 781, 782, 783, 784, 785, 786, 787, 788, 789, 790, 791, 792, 793]","[10, 75, 103, 104, 106, 117, 118, 120, 127, 128, 129, 131, 133, 135, 136, 137, 139, 146, 147, 148, 149, 151, 158, 160, 162, 166, 173, 178, 179, 185, 190, 192, 198, 201, 203, 204, 206, 207, 212, 213, 214, 219, 223, 224, 225, 227, 230, 235, 237, 246, 247, 256, 259, 262, 263, 266, 268, 269, 271, 272, 278, 279, 284, 285, 288, 290, 292, 304, 306, 312, 316, 319, 320, 323, 324, 329, 332, 335, 495, 549, 574, 575, 577, 588, 589, 591, 598, 599, 600, 602, 604, 606, 607, 608, 610, 617, 618, 619, 620, 622, 625, 630, 632, 634, 638, 644, 649, 650, 656, 661, 663, 669, 673, 674, 676, 677, 682, 683, 684, 687, 688, 689, 691, 694, 699, 701, 710, 718, 722, 723, 727, 728, 730, 731, 737, 738, 743, 744, 747, 749, 751, 762, 764, 770, 774, 777, 778, 781, 782, 789, 791]","[34, 35, 36, 37, 38, 39, 40, 41, 42, 43, 44, 45, 46, 47, 48, 201, 202, 203, 204, 205, 206, 207, 208, 209, 210, 211, 212, 213, 214, 215, 216, 355, 356, 357, 358, 359, 360, 361, 429, 430, 431, 432, 433, 434, 435, 515, 516, 517, 518, 519, 520, 521, 522, 523, 524, 525, 526, 527, 672, 673, 674, 675, 676, 677, 678, 679, 680, 681, 682, 683, 684, 810, 811, 812, 813, 814, 881, 882, 883, 884, 885, 886]","[32, 33, 34, 35, 36, 37, 38, 39, 40, 41, 42, 43, 44, 45, 46, 47, 48, 201, 202, 203, 204, 205, 206, 207, 208, 209, 210, 211, 212, 213, 214, 215, 216, 355, 356, 357, 358, 359, 360, 361, 429, 430, 431, 432, 433, 434, 435, 515, 516, 517, 518, 519, 520, 521, 522, 523, 524, 525, 526, 527, 672, 673, 674, 675, 676, 677, 678, 679, 680, 681, 682, 683, 684, 810, 811, 812, 813, 814, 881, 882, 883, 884, 885, 886]","[10, 32, 33, 34, 35, 36, 37, 38, 39, 40, 41, 42, 43, 44, 45, 46, 47, 48, 75, 103, 104, 105, 106, 107, 108, 109, 110, 111, 112, 113, 114, 115, 116, 117, 118, 119, 120, 121, 122, 123, 124, 125, 126, 127, 128, 129, 130, 131, 132, 133, 134, 135, 136, 137, 138, 139, 140, 141, 142, 143, 144, 145, 146, 147, 148, 149, 150, 151, 152, 153, 154, 155, 156, 157, 158, 159, 160, 161, 162, 163, 164, 165, 166, 167, 168, 169, 170, 171, 172, 173, 174, 175, 176, 177, 178, 179, 180, 181, 182, 183, 184, 185, 186, 187, 188, 189, 190, 191, 192, 193, 194, 195, 196, 197, 198, 199, 200, 201, 202, 203, 204, 205, 206, 207, 208, 209, 210, 211, 212, 213, 214, 215, 216, 217, 218, 219, 220, 221, 222, 223, 224, 225, 226, 227, 228, 229, 230, 231, 232, 233, 234, 235, 236, 237, 238, 239, 240, 241, 242, 243, 244, 245, 246, 247, 248, 249, 250, 251, 252, 253, 254, 255, 256, 257, 258, 259, 260, 261, 262, 263, 264, 265, 266, 267, 268, 269, 270, 271, 272, 273, 274, 275, 276, 277, 278, 279, 280, 281, 282, 283, 284, 285, 286, 287, 288, 289, 290, 291, 292, 293, 294, 295, 296, 297, 298, 299, 300, 301, 302, 303, 304, 305, 306, 307, 308, 309, 310, 311, 312, 313, 314, 315, 316, 317, 318, 319, 320, 321, 322, 323, 324, 325, 326, 327, 328, 329, 330, 331, 332, 333, 334, 335, 336, 337, 355, 356, 357, 358, 359, 360, 361, 429, 430, 431, 432, 433, 434, 435, 495, 515, 516, 517, 518, 519, 520, 521, 522, 523, 524, 525, 526, 527, 549, 574, 575, 576, 577, 578, 579, 580, 581, 582, 583, 584, 585, 586, 587, 588, 589, 590, 591, 592, 593, 594, 595, 596, 597, 598, 599, 600, 601, 602, 603, 604, 605, 606, 607, 608, 609, 610, 611, 612, 613, 614, 615, 616, 617, 618, 619, 620, 621, 622, 623, 624, 625, 626, 627, 628, 629, 630, 631, 632, 633, 634, 635, 636, 637, 638, 639, 640, 641, 642, 643, 644, 645, 646, 647, 648, 649, 650, 651, 652, 653, 654, 655, 656, 657, 658, 659, 660, 661, 662, 663, 664, 665, 666, 667, 668, 669, 670, 671, 672, 673, 674, 675, 676, 677, 678, 679, 680, 681, 682, 683, 684, 685, 686, 687, 688, 689, 690, 691, 692, 693, 694, 695, 696, 697, 698, 699, 700, 701, 702, 703, 704, 705, 706, 707, 708, 709, 710, 711, 712, 713, 714, 715, 716, 717, 718, 719, 720, 721, 722, 723, 724, 725, 726, 727, 728, 729, 730, 731, 732, 733, 734, 735, 736, 737, 738, 739, 740, 741, 742, 743, 744, 745, 746, 747, 748, 749, 750, 751, 752, 753, 754, 755, 756, 757, 758, 759, 760, 761, 762, 763, 764, 765, 766, 767, 768, 769, 770, 771, 772, 773, 774, 775, 776, 777, 778, 779, 780, 781, 782, 783, 784, 785, 786, 787, 788, 789, 790, 791, 792, 793, 810, 811, 812, 813, 814, 881, 882, 883, 884, 885, 886]",True,"[158, 206, 235, 269, 630, 676, 699, 728]","[103, 104, 105, 106, 107, 108, 109, 110, 111, 112, 113, 114, 115, 116, 117, 118, 119, 120, 121, 122, 123, 124, 125, 126, 127, 128, 129, 130, 131, 132, 133, 134, 135, 136, 137, 138, 139, 140, 141, 142, 143, 144, 145, 146, 147, 148, 149, 150, 151, 152, 153, 154, 155, 156, 157, 158, 159, 160, 161, 162, 163, 164, 165, 166, 167, 168, 169, 170, 171, 172, 173, 174, 175, 176, 177, 178, 179, 180, 181, 182, 183, 184, 185, 186, 187, 188, 189, 190, 191, 192, 193, 194, 195, 196, 197, 198, 199, 200, 201, 202, 203, 204, 205, 206, 207, 208, 209, 210, 211, 212, 213, 214, 215, 216, 217, 218, 219, 220, 221, 222, 223, 224, 225, 226, 227, 228, 229, 230, 231, 232, 233, 234, 235, 236, 237, 238, 239, 240, 241, 242, 243, 244, 245, 246, 247, 248, 249, 250, 251, 252, 253, 254, 255, 256, 257, 258, 259, 260, 261, 262, 263, 264, 265, 266, 267, 268, 269, 270, 271, 272, 273, 274, 275, 276, 277, 278, 279, 280, 281, 282, 283, 284, 285, 286, 287, 288, 289, 290, 291, 292, 293, 294, 295, 296, 297, 298, 299, 300, 301, 302, 303, 304, 305, 306, 307, 308, 309, 310, 311, 312, 313, 314, 315, 316, 317, 318, 319, 320, 321, 322, 323, 324, 325, 326, 327, 328, 329, 330, 331, 332, 333, 334, 335, 336, 337, 574, 575, 576, 577, 578, 579, 580, 581, 582, 583, 584, 585, 586, 587, 588, 589, 590, 591, 592, 593, 594, 595, 596, 597, 598, 599, 600, 601, 602, 603, 604, 605, 606, 607, 608, 609, 610, 611, 612, 613, 614, 615, 616, 617, 618, 619, 620, 621, 622, 623, 624, 625, 626, 627, 628, 629, 630, 631, 632, 633, 634, 635, 636, 637, 638, 639, 640, 641, 642, 643, 644, 645, 646, 647, 648, 649, 650, 651, 652, 653, 654, 655, 656, 657, 658, 659, 660, 661, 662, 663, 664, 665, 666, 667, 668, 669, 670, 671, 672, 673, 674, 675, 676, 677, 678, 679, 680, 681, 682, 683, 684, 685, 686, 687, 688, 689, 690, 691, 692, 693, 694, 695, 696, 697, 698, 699, 700, 701, 702, 703, 704, 705, 706, 707, 708, 709, 710, 711, 712, 713, 714, 715, 716, 717, 718, 719, 720, 721, 722, 723, 724, 725, 726, 727, 728, 729, 730, 731, 732, 733, 734, 735, 736, 737, 738, 739, 740, 741, 742, 743, 744, 745, 746, 747, 748, 749, 750, 751, 752, 753, 754, 755, 756, 757, 758, 759, 760, 761, 762, 763, 764, 765, 766, 767, 768, 769, 770, 771, 772, 773, 774, 775, 776, 777, 778, 779, 780, 781, 782, 783, 784, 785, 786, 787, 788, 789, 790, 791, 792, 793]","[158, 206, 235, 269, 630, 676, 699, 728]","[158, 206, 235, 269, 280, 630, 676, 699, 728, 739]","[10, 75, 103, 104, 106, 117, 118, 120, 127, 128, 129, 131, 133, 135, 136, 137, 139, 146, 147, 148, 149, 151, 158, 160, 162, 166, 173, 178, 179, 185, 190, 192, 198, 201, 203, 204, 206, 207, 212, 213, 214, 219, 223, 224, 225, 227, 230, 235, 237, 246, 247, 256, 259, 262, 263, 266, 268, 269, 271, 272, 278, 279, 284, 285, 288, 290, 292, 304, 306, 312, 316, 319, 320, 323, 324, 329, 332, 335, 495, 549, 574, 575, 577, 588, 589, 591, 598, 599, 600, 602, 604, 606, 607, 608, 610, 617, 618, 619, 620, 622, 625, 630, 632, 634, 638, 644, 649, 650, 656, 661, 663, 669, 673, 674, 676, 677, 682, 683, 684, 687, 688, 689, 691, 694, 699, 701, 710, 718, 722, 723, 727, 728, 730, 731, 737, 738, 743, 744, 747, 749, 751, 762, 764, 770, 774, 777, 778, 781, 782, 789, 791]","[32, 33, 34, 35, 36, 37, 38, 39, 40, 41, 42, 43, 44, 45, 46, 47, 48, 201, 202, 203, 204, 205, 206, 207, 208, 209, 210, 211, 212, 213, 214, 215, 216, 355, 356, 357, 358, 359, 360, 361, 429, 430, 431, 432, 433, 434, 435, 515, 516, 517, 518, 519, 520, 521, 522, 523, 524, 525, 526, 527, 672, 673, 674, 675, 676, 677, 678, 679, 680, 681, 682, 683, 684, 810, 811, 812, 813, 814, 881, 882, 883, 884, 885, 886]","[34, 35, 36, 37, 38, 39, 40, 41, 42, 43, 44, 45, 46, 47, 48, 201, 202, 203, 204, 205, 206, 207, 208, 209, 210, 211, 212, 213, 214, 215, 216, 355, 356, 357, 358, 359, 360, 361, 429, 430, 431, 432, 433, 434, 435, 515, 516, 517, 518, 519, 520, 521, 522, 523, 524, 525, 526, 527, 672, 673, 674, 675, 676, 677, 678, 679, 680, 681, 682, 683, 684, 810, 811, 812, 813, 814, 881, 882, 883, 884, 885, 886]",7/6 successful match,True,[312],True,764,False,,,,,
F Tulare ( 93274 ) Love's Travel Stop B NB # 382 / 106 SB ( Merritt ),559-686-1400 CA 99 Exit 85 (,<U+2610> LO,Tulare,93274,Love's Travel Stop B NB # 382 / 106 SB ( Merritt ),559-686-1400,2015,Tulare,CA,Love's,(,CA 99 Exit 85 ,Exit,85,False,,False,CA 99,,,,,"[676, 206]","[158, 206, 235, 269, 630, 676, 699, 728]","[158, 206, 235, 269, 630, 676, 699, 728]","[158, 206, 235, 269, 280, 630, 676, 699, 728, 739]","[103, 104, 105, 106, 107, 108, 109, 110, 111, 112, 113, 114, 115, 116, 117, 118, 119, 120, 121, 122, 123, 124, 125, 126, 127, 128, 129, 130, 131, 132, 133, 134, 135, 136, 137, 138, 139, 140, 141, 142, 143, 144, 145, 146, 147, 148, 149, 150, 151, 152, 153, 154, 155, 156, 157, 158, 159, 160, 161, 162, 163, 164, 165, 166, 167, 168, 169, 170, 171, 172, 173, 174, 175, 176, 177, 178, 179, 180, 181, 182, 183, 184, 185, 186, 187, 188, 189, 190, 191, 192, 193, 194, 195, 196, 197, 198, 199, 200, 201, 202, 203, 204, 205, 206, 207, 208, 209, 210, 211, 212, 213, 214, 215, 216, 217, 218, 219, 220, 221, 222, 223, 224, 225, 226, 227, 228, 229, 230, 231, 232, 233, 234, 235, 236, 237, 238, 239, 240, 241, 242, 243, 244, 245, 246, 247, 248, 249, 250, 251, 252, 253, 254, 255, 256, 257, 258, 259, 260, 261, 262, 263, 264, 265, 266, 267, 268, 269, 270, 271, 272, 273, 274, 275, 276, 277, 278, 279, 280, 281, 282, 283, 284, 285, 286, 287, 288, 289, 290, 291, 292, 293, 294, 295, 296, 297, 298, 299, 300, 301, 302, 303, 304, 305, 306, 307, 308, 309, 310, 311, 312, 313, 314, 315, 316, 317, 318, 319, 320, 321, 322, 323, 324, 325, 326, 327, 328, 329, 330, 331, 332, 333, 334, 335, 336, 337, 574, 575, 576, 577, 578, 579, 580, 581, 582, 583, 584, 585, 586, 587, 588, 589, 590, 591, 592, 593, 594, 595, 596, 597, 598, 599, 600, 601, 602, 603, 604, 605, 606, 607, 608, 609, 610, 611, 612, 613, 614, 615, 616, 617, 618, 619, 620, 621, 622, 623, 624, 625, 626, 627, 628, 629, 630, 631, 632, 633, 634, 635, 636, 637, 638, 639, 640, 641, 642, 643, 644, 645, 646, 647, 648, 649, 650, 651, 652, 653, 654, 655, 656, 657, 658, 659, 660, 661, 662, 663, 664, 665, 666, 667, 668, 669, 670, 671, 672, 673, 674, 675, 676, 677, 678, 679, 680, 681, 682, 683, 684, 685, 686, 687, 688, 689, 690, 691, 692, 693, 694, 695, 696, 697, 698, 699, 700, 701, 702, 703, 704, 705, 706, 707, 708, 709, 710, 711, 712, 713, 714, 715, 716, 717, 718, 719, 720, 721, 722, 723, 724, 725, 726, 727, 728, 729, 730, 731, 732, 733, 734, 735, 736, 737, 738, 739, 740, 741, 742, 743, 744, 745, 746, 747, 748, 749, 750, 751, 752, 753, 754, 755, 756, 757, 758, 759, 760, 761, 762, 763, 764, 765, 766, 767, 768, 769, 770, 771, 772, 773, 774, 775, 776, 777, 778, 779, 780, 781, 782, 783, 784, 785, 786, 787, 788, 789, 790, 791, 792, 793]","[10, 75, 103, 104, 106, 117, 118, 120, 127, 128, 129, 131, 133, 135, 136, 137, 139, 146, 147, 148, 149, 151, 158, 160, 162, 166, 173, 178, 179, 185, 190, 192, 198, 201, 203, 204, 206, 207, 212, 213, 214, 219, 223, 224, 225, 227, 230, 235, 237, 246, 247, 256, 259, 262, 263, 266, 268, 269, 271, 272, 278, 279, 284, 285, 288, 290, 292, 304, 306, 312, 316, 319, 320, 323, 324, 329, 332, 335, 495, 549, 574, 575, 577, 588, 589, 591, 598, 599, 600, 602, 604, 606, 607, 608, 610, 617, 618, 619, 620, 622, 625, 630, 632, 634, 638, 644, 649, 650, 656, 661, 663, 669, 673, 674, 676, 677, 682, 683, 684, 687, 688, 689, 691, 694, 699, 701, 710, 718, 722, 723, 727, 728, 730, 731, 737, 738, 743, 744, 747, 749, 751, 762, 764, 770, 774, 777, 778, 781, 782, 789, 791]","[34, 35, 36, 37, 38, 39, 40, 41, 42, 43, 44, 45, 46, 47, 48, 201, 202, 203, 204, 205, 206, 207, 208, 209, 210, 211, 212, 213, 214, 215, 216, 355, 356, 357, 358, 359, 360, 361, 429, 430, 431, 432, 433, 434, 435, 515, 516, 517, 518, 519, 520, 521, 522, 523, 524, 525, 526, 527, 672, 673, 674, 675, 676, 677, 678, 679, 680, 681, 682, 683, 684, 810, 811, 812, 813, 814, 881, 882, 883, 884, 885, 886]","[32, 33, 34, 35, 36, 37, 38, 39, 40, 41, 42, 43, 44, 45, 46, 47, 48, 201, 202, 203, 204, 205, 206, 207, 208, 209, 210, 211, 212, 213, 214, 215, 216, 355, 356, 357, 358, 359, 360, 361, 429, 430, 431, 432, 433, 434, 435, 515, 516, 517, 518, 519, 520, 521, 522, 523, 524, 525, 526, 527, 672, 673, 674, 675, 676, 677, 678, 679, 680, 681, 682, 683, 684, 810, 811, 812, 813, 814, 881, 882, 883, 884, 885, 886]","[10, 32, 33, 34, 35, 36, 37, 38, 39, 40, 41, 42, 43, 44, 45, 46, 47, 48, 75, 103, 104, 105, 106, 107, 108, 109, 110, 111, 112, 113, 114, 115, 116, 117, 118, 119, 120, 121, 122, 123, 124, 125, 126, 127, 128, 129, 130, 131, 132, 133, 134, 135, 136, 137, 138, 139, 140, 141, 142, 143, 144, 145, 146, 147, 148, 149, 150, 151, 152, 153, 154, 155, 156, 157, 158, 159, 160, 161, 162, 163, 164, 165, 166, 167, 168, 169, 170, 171, 172, 173, 174, 175, 176, 177, 178, 179, 180, 181, 182, 183, 184, 185, 186, 187, 188, 189, 190, 191, 192, 193, 194, 195, 196, 197, 198, 199, 200, 201, 202, 203, 204, 205, 206, 207, 208, 209, 210, 211, 212, 213, 214, 215, 216, 217, 218, 219, 220, 221, 222, 223, 224, 225, 226, 227, 228, 229, 230, 231, 232, 233, 234, 235, 236, 237, 238, 239, 240, 241, 242, 243, 244, 245, 246, 247, 248, 249, 250, 251, 252, 253, 254, 255, 256, 257, 258, 259, 260, 261, 262, 263, 264, 265, 266, 267, 268, 269, 270, 271, 272, 273, 274, 275, 276, 277, 278, 279, 280, 281, 282, 283, 284, 285, 286, 287, 288, 289, 290, 291, 292, 293, 294, 295, 296, 297, 298, 299, 300, 301, 302, 303, 304, 305, 306, 307, 308, 309, 310, 311, 312, 313, 314, 315, 316, 317, 318, 319, 320, 321, 322, 323, 324, 325, 326, 327, 328, 329, 330, 331, 332, 333, 334, 335, 336, 337, 355, 356, 357, 358, 359, 360, 361, 429, 430, 431, 432, 433, 434, 435, 495, 515, 516, 517, 518, 519, 520, 521, 522, 523, 524, 525, 526, 527, 549, 574, 575, 576, 577, 578, 579, 580, 581, 582, 583, 584, 585, 586, 587, 588, 589, 590, 591, 592, 593, 594, 595, 596, 597, 598, 599, 600, 601, 602, 603, 604, 605, 606, 607, 608, 609, 610, 611, 612, 613, 614, 615, 616, 617, 618, 619, 620, 621, 622, 623, 624, 625, 626, 627, 628, 629, 630, 631, 632, 633, 634, 635, 636, 637, 638, 639, 640, 641, 642, 643, 644, 645, 646, 647, 648, 649, 650, 651, 652, 653, 654, 655, 656, 657, 658, 659, 660, 661, 662, 663, 664, 665, 666, 667, 668, 669, 670, 671, 672, 673, 674, 675, 676, 677, 678, 679, 680, 681, 682, 683, 684, 685, 686, 687, 688, 689, 690, 691, 692, 693, 694, 695, 696, 697, 698, 699, 700, 701, 702, 703, 704, 705, 706, 707, 708, 709, 710, 711, 712, 713, 714, 715, 716, 717, 718, 719, 720, 721, 722, 723, 724, 725, 726, 727, 728, 729, 730, 731, 732, 733, 734, 735, 736, 737, 738, 739, 740, 741, 742, 743, 744, 745, 746, 747, 748, 749, 750, 751, 752, 753, 754, 755, 756, 757, 758, 759, 760, 761, 762, 763, 764, 765, 766, 767, 768, 769, 770, 771, 772, 773, 774, 775, 776, 777, 778, 779, 780, 781, 782, 783, 784, 785, 786, 787, 788, 789, 790, 791, 792, 793, 810, 811, 812, 813, 814, 881, 882, 883, 884, 885, 886]",True,"[158, 206, 235, 269, 630, 676, 699, 728]","[103, 104, 105, 106, 107, 108, 109, 110, 111, 112, 113, 114, 115, 116, 117, 118, 119, 120, 121, 122, 123, 124, 125, 126, 127, 128, 129, 130, 131, 132, 133, 134, 135, 136, 137, 138, 139, 140, 141, 142, 143, 144, 145, 146, 147, 148, 149, 150, 151, 152, 153, 154, 155, 156, 157, 158, 159, 160, 161, 162, 163, 164, 165, 166, 167, 168, 169, 170, 171, 172, 173, 174, 175, 176, 177, 178, 179, 180, 181, 182, 183, 184, 185, 186, 187, 188, 189, 190, 191, 192, 193, 194, 195, 196, 197, 198, 199, 200, 201, 202, 203, 204, 205, 206, 207, 208, 209, 210, 211, 212, 213, 214, 215, 216, 217, 218, 219, 220, 221, 222, 223, 224, 225, 226, 227, 228, 229, 230, 231, 232, 233, 234, 235, 236, 237, 238, 239, 240, 241, 242, 243, 244, 245, 246, 247, 248, 249, 250, 251, 252, 253, 254, 255, 256, 257, 258, 259, 260, 261, 262, 263, 264, 265, 266, 267, 268, 269, 270, 271, 272, 273, 274, 275, 276, 277, 278, 279, 280, 281, 282, 283, 284, 285, 286, 287, 288, 289, 290, 291, 292, 293, 294, 295, 296, 297, 298, 299, 300, 301, 302, 303, 304, 305, 306, 307, 308, 309, 310, 311, 312, 313, 314, 315, 316, 317, 318, 319, 320, 321, 322, 323, 324, 325, 326, 327, 328, 329, 330, 331, 332, 333, 334, 335, 336, 337, 574, 575, 576, 577, 578, 579, 580, 581, 582, 583, 584, 585, 586, 587, 588, 589, 590, 591, 592, 593, 594, 595, 596, 597, 598, 599, 600, 601, 602, 603, 604, 605, 606, 607, 608, 609, 610, 611, 612, 613, 614, 615, 616, 617, 618, 619, 620, 621, 622, 623, 624, 625, 626, 627, 628, 629, 630, 631, 632, 633, 634, 635, 636, 637, 638, 639, 640, 641, 642, 643, 644, 645, 646, 647, 648, 649, 650, 651, 652, 653, 654, 655, 656, 657, 658, 659, 660, 661, 662, 663, 664, 665, 666, 667, 668, 669, 670, 671, 672, 673, 674, 675, 676, 677, 678, 679, 680, 681, 682, 683, 684, 685, 686, 687, 688, 689, 690, 691, 692, 693, 694, 695, 696, 697, 698, 699, 700, 701, 702, 703, 704, 705, 706, 707, 708, 709, 710, 711, 712, 713, 714, 715, 716, 717, 718, 719, 720, 721, 722, 723, 724, 725, 726, 727, 728, 729, 730, 731, 732, 733, 734, 735, 736, 737, 738, 739, 740, 741, 742, 743, 744, 745, 746, 747, 748, 749, 750, 751, 752, 753, 754, 755, 756, 757, 758, 759, 760, 761, 762, 763, 764, 765, 766, 767, 768, 769, 770, 771, 772, 773, 774, 775, 776, 777, 778, 779, 780, 781, 782, 783, 784, 785, 786, 787, 788, 789, 790, 791, 792, 793]","[158, 206, 235, 269, 630, 676, 699, 728]","[158, 206, 235, 269, 280, 630, 676, 699, 728, 739]","[10, 75, 103, 104, 106, 117, 118, 120, 127, 128, 129, 131, 133, 135, 136, 137, 139, 146, 147, 148, 149, 151, 158, 160, 162, 166, 173, 178, 179, 185, 190, 192, 198, 201, 203, 204, 206, 207, 212, 213, 214, 219, 223, 224, 225, 227, 230, 235, 237, 246, 247, 256, 259, 262, 263, 266, 268, 269, 271, 272, 278, 279, 284, 285, 288, 290, 292, 304, 306, 312, 316, 319, 320, 323, 324, 329, 332, 335, 495, 549, 574, 575, 577, 588, 589, 591, 598, 599, 600, 602, 604, 606, 607, 608, 610, 617, 618, 619, 620, 622, 625, 630, 632, 634, 638, 644, 649, 650, 656, 661, 663, 669, 673, 674, 676, 677, 682, 683, 684, 687, 688, 689, 691, 694, 699, 701, 710, 718, 722, 723, 727, 728, 730, 731, 737, 738, 743, 744, 747, 749, 751, 762, 764, 770, 774, 777, 778, 781, 782, 789, 791]","[32, 33, 34, 35, 36, 37, 38, 39, 40, 41, 42, 43, 44, 45, 46, 47, 48, 201, 202, 203, 204, 205, 206, 207, 208, 209, 210, 211, 212, 213, 214, 215, 216, 355, 356, 357, 358, 359, 360, 361, 429, 430, 431, 432, 433, 434, 435, 515, 516, 517, 518, 519, 520, 521, 522, 523, 524, 525, 526, 527, 672, 673, 674, 675, 676, 677, 678, 679, 680, 681, 682, 683, 684, 810, 811, 812, 813, 814, 881, 882, 883, 884, 885, 886]","[34, 35, 36, 37, 38, 39, 40, 41, 42, 43, 44, 45, 46, 47, 48, 201, 202, 203, 204, 205, 206, 207, 208, 209, 210, 211, 212, 213, 214, 215, 216, 355, 356, 357, 358, 359, 360, 361, 429, 430, 431, 432, 433, 434, 435, 515, 516, 517, 518, 519, 520, 521, 522, 523, 524, 525, 526, 527, 672, 673, 674, 675, 676, 677, 678, 679, 680, 681, 682, 683, 684, 810, 811, 812, 813, 814, 881, 882, 883, 884, 885, 886]",7/6 successful match,True,[312],True,764,False,,0.9052631578947369,True,Love's Travel Stop # 382 ),Love's
F Tulare ( 93274 ) Love's Travel Stop # 382 ( Merritt ),559-686-1400 CA 99 Exit 85 ( Paige Ave W ),NAS 24 <U+2610> LO 24,Tulare,93274,Love's Travel Stop # 382 ( Merritt ),559-686-1400,2016,Tulare,CA,Love's,( Paige Ave W ),CA 99 Exit 85 ,Exit,85,False,,False,CA 99,,,,,"[676, 206]","[158, 206, 235, 269, 630, 676, 699, 728]","[158, 206, 235, 269, 630, 676, 699, 728]","[158, 206, 235, 269, 280, 630, 676, 699, 728, 739]","[103, 104, 105, 106, 107, 108, 109, 110, 111, 112, 113, 114, 115, 116, 117, 118, 119, 120, 121, 122, 123, 124, 125, 126, 127, 128, 129, 130, 131, 132, 133, 134, 135, 136, 137, 138, 139, 140, 141, 142, 143, 144, 145, 146, 147, 148, 149, 150, 151, 152, 153, 154, 155, 156, 157, 158, 159, 160, 161, 162, 163, 164, 165, 166, 167, 168, 169, 170, 171, 172, 173, 174, 175, 176, 177, 178, 179, 180, 181, 182, 183, 184, 185, 186, 187, 188, 189, 190, 191, 192, 193, 194, 195, 196, 197, 198, 199, 200, 201, 202, 203, 204, 205, 206, 207, 208, 209, 210, 211, 212, 213, 214, 215, 216, 217, 218, 219, 220, 221, 222, 223, 224, 225, 226, 227, 228, 229, 230, 231, 232, 233, 234, 235, 236, 237, 238, 239, 240, 241, 242, 243, 244, 245, 246, 247, 248, 249, 250, 251, 252, 253, 254, 255, 256, 257, 258, 259, 260, 261, 262, 263, 264, 265, 266, 267, 268, 269, 270, 271, 272, 273, 274, 275, 276, 277, 278, 279, 280, 281, 282, 283, 284, 285, 286, 287, 288, 289, 290, 291, 292, 293, 294, 295, 296, 297, 298, 299, 300, 301, 302, 303, 304, 305, 306, 307, 308, 309, 310, 311, 312, 313, 314, 315, 316, 317, 318, 319, 320, 321, 322, 323, 324, 325, 326, 327, 328, 329, 330, 331, 332, 333, 334, 335, 336, 337, 574, 575, 576, 577, 578, 579, 580, 581, 582, 583, 584, 585, 586, 587, 588, 589, 590, 591, 592, 593, 594, 595, 596, 597, 598, 599, 600, 601, 602, 603, 604, 605, 606, 607, 608, 609, 610, 611, 612, 613, 614, 615, 616, 617, 618, 619, 620, 621, 622, 623, 624, 625, 626, 627, 628, 629, 630, 631, 632, 633, 634, 635, 636, 637, 638, 639, 640, 641, 642, 643, 644, 645, 646, 647, 648, 649, 650, 651, 652, 653, 654, 655, 656, 657, 658, 659, 660, 661, 662, 663, 664, 665, 666, 667, 668, 669, 670, 671, 672, 673, 674, 675, 676, 677, 678, 679, 680, 681, 682, 683, 684, 685, 686, 687, 688, 689, 690, 691, 692, 693, 694, 695, 696, 697, 698, 699, 700, 701, 702, 703, 704, 705, 706, 707, 708, 709, 710, 711, 712, 713, 714, 715, 716, 717, 718, 719, 720, 721, 722, 723, 724, 725, 726, 727, 728, 729, 730, 731, 732, 733, 734, 735, 736, 737, 738, 739, 740, 741, 742, 743, 744, 745, 746, 747, 748, 749, 750, 751, 752, 753, 754, 755, 756, 757, 758, 759, 760, 761, 762, 763, 764, 765, 766, 767, 768, 769, 770, 771, 772, 773, 774, 775, 776, 777, 778, 779, 780, 781, 782, 783, 784, 785, 786, 787, 788, 789, 790, 791, 792, 793]","[10, 75, 103, 104, 106, 117, 118, 120, 127, 128, 129, 131, 133, 135, 136, 137, 139, 146, 147, 148, 149, 151, 158, 160, 162, 166, 173, 178, 179, 185, 190, 192, 198, 201, 203, 204, 206, 207, 212, 213, 214, 219, 223, 224, 225, 227, 230, 235, 237, 246, 247, 256, 259, 262, 263, 266, 268, 269, 271, 272, 278, 279, 284, 285, 288, 290, 292, 304, 306, 312, 316, 319, 320, 323, 324, 329, 332, 335, 495, 549, 574, 575, 577, 588, 589, 591, 598, 599, 600, 602, 604, 606, 607, 608, 610, 617, 618, 619, 620, 622, 625, 630, 632, 634, 638, 644, 649, 650, 656, 661, 663, 669, 673, 674, 676, 677, 682, 683, 684, 687, 688, 689, 691, 694, 699, 701, 710, 718, 722, 723, 727, 728, 730, 731, 737, 738, 743, 744, 747, 749, 751, 762, 764, 770, 774, 777, 778, 781, 782, 789, 791]","[34, 35, 36, 37, 38, 39, 40, 41, 42, 43, 44, 45, 46, 47, 48, 201, 202, 203, 204, 205, 206, 207, 208, 209, 210, 211, 212, 213, 214, 215, 216, 355, 356, 357, 358, 359, 360, 361, 429, 430, 431, 432, 433, 434, 435, 515, 516, 517, 518, 519, 520, 521, 522, 523, 524, 525, 526, 527, 672, 673, 674, 675, 676, 677, 678, 679, 680, 681, 682, 683, 684, 810, 811, 812, 813, 814, 881, 882, 883, 884, 885, 886]","[32, 33, 34, 35, 36, 37, 38, 39, 40, 41, 42, 43, 44, 45, 46, 47, 48, 201, 202, 203, 204, 205, 206, 207, 208, 209, 210, 211, 212, 213, 214, 215, 216, 355, 356, 357, 358, 359, 360, 361, 429, 430, 431, 432, 433, 434, 435, 515, 516, 517, 518, 519, 520, 521, 522, 523, 524, 525, 526, 527, 672, 673, 674, 675, 676, 677, 678, 679, 680, 681, 682, 683, 684, 810, 811, 812, 813, 814, 881, 882, 883, 884, 885, 886]","[10, 32, 33, 34, 35, 36, 37, 38, 39, 40, 41, 42, 43, 44, 45, 46, 47, 48, 75, 103, 104, 105, 106, 107, 108, 109, 110, 111, 112, 113, 114, 115, 116, 117, 118, 119, 120, 121, 122, 123, 124, 125, 126, 127, 128, 129, 130, 131, 132, 133, 134, 135, 136, 137, 138, 139, 140, 141, 142, 143, 144, 145, 146, 147, 148, 149, 150, 151, 152, 153, 154, 155, 156, 157, 158, 159, 160, 161, 162, 163, 164, 165, 166, 167, 168, 169, 170, 171, 172, 173, 174, 175, 176, 177, 178, 179, 180, 181, 182, 183, 184, 185, 186, 187, 188, 189, 190, 191, 192, 193, 194, 195, 196, 197, 198, 199, 200, 201, 202, 203, 204, 205, 206, 207, 208, 209, 210, 211, 212, 213, 214, 215, 216, 217, 218, 219, 220, 221, 222, 223, 224, 225, 226, 227, 228, 229, 230, 231, 232, 233, 234, 235, 236, 237, 238, 239, 240, 241, 242, 243, 244, 245, 246, 247, 248, 249, 250, 251, 252, 253, 254, 255, 256, 257, 258, 259, 260, 261, 262, 263, 264, 265, 266, 267, 268, 269, 270, 271, 272, 273, 274, 275, 276, 277, 278, 279, 280, 281, 282, 283, 284, 285, 286, 287, 288, 289, 290, 291, 292, 293, 294, 295, 296, 297, 298, 299, 300, 301, 302, 303, 304, 305, 306, 307, 308, 309, 310, 311, 312, 313, 314, 315, 316, 317, 318, 319, 320, 321, 322, 323, 324, 325, 326, 327, 328, 329, 330, 331, 332, 333, 334, 335, 336, 337, 355, 356, 357, 358, 359, 360, 361, 429, 430, 431, 432, 433, 434, 435, 495, 515, 516, 517, 518, 519, 520, 521, 522, 523, 524, 525, 526, 527, 549, 574, 575, 576, 577, 578, 579, 580, 581, 582, 583, 584, 585, 586, 587, 588, 589, 590, 591, 592, 593, 594, 595, 596, 597, 598, 599, 600, 601, 602, 603, 604, 605, 606, 607, 608, 609, 610, 611, 612, 613, 614, 615, 616, 617, 618, 619, 620, 621, 622, 623, 624, 625, 626, 627, 628, 629, 630, 631, 632, 633, 634, 635, 636, 637, 638, 639, 640, 641, 642, 643, 644, 645, 646, 647, 648, 649, 650, 651, 652, 653, 654, 655, 656, 657, 658, 659, 660, 661, 662, 663, 664, 665, 666, 667, 668, 669, 670, 671, 672, 673, 674, 675, 676, 677, 678, 679, 680, 681, 682, 683, 684, 685, 686, 687, 688, 689, 690, 691, 692, 693, 694, 695, 696, 697, 698, 699, 700, 701, 702, 703, 704, 705, 706, 707, 708, 709, 710, 711, 712, 713, 714, 715, 716, 717, 718, 719, 720, 721, 722, 723, 724, 725, 726, 727, 728, 729, 730, 731, 732, 733, 734, 735, 736, 737, 738, 739, 740, 741, 742, 743, 744, 745, 746, 747, 748, 749, 750, 751, 752, 753, 754, 755, 756, 757, 758, 759, 760, 761, 762, 763, 764, 765, 766, 767, 768, 769, 770, 771, 772, 773, 774, 775, 776, 777, 778, 779, 780, 781, 782, 783, 784, 785, 786, 787, 788, 789, 790, 791, 792, 793, 810, 811, 812, 813, 814, 881, 882, 883, 884, 885, 886]",True,"[158, 206, 235, 269, 630, 676, 699, 728]","[103, 104, 105, 106, 107, 108, 109, 110, 111, 112, 113, 114, 115, 116, 117, 118, 119, 120, 121, 122, 123, 124, 125, 126, 127, 128, 129, 130, 131, 132, 133, 134, 135, 136, 137, 138, 139, 140, 141, 142, 143, 144, 145, 146, 147, 148, 149, 150, 151, 152, 153, 154, 155, 156, 157, 158, 159, 160, 161, 162, 163, 164, 165, 166, 167, 168, 169, 170, 171, 172, 173, 174, 175, 176, 177, 178, 179, 180, 181, 182, 183, 184, 185, 186, 187, 188, 189, 190, 191, 192, 193, 194, 195, 196, 197, 198, 199, 200, 201, 202, 203, 204, 205, 206, 207, 208, 209, 210, 211, 212, 213, 214, 215, 216, 217, 218, 219, 220, 221, 222, 223, 224, 225, 226, 227, 228, 229, 230, 231, 232, 233, 234, 235, 236, 237, 238, 239, 240, 241, 242, 243, 244, 245, 246, 247, 248, 249, 250, 251, 252, 253, 254, 255, 256, 257, 258, 259, 260, 261, 262, 263, 264, 265, 266, 267, 268, 269, 270, 271, 272, 273, 274, 275, 276, 277, 278, 279, 280, 281, 282, 283, 284, 285, 286, 287, 288, 289, 290, 291, 292, 293, 294, 295, 296, 297, 298, 299, 300, 301, 302, 303, 304, 305, 306, 307, 308, 309, 310, 311, 312, 313, 314, 315, 316, 317, 318, 319, 320, 321, 322, 323, 324, 325, 326, 327, 328, 329, 330, 331, 332, 333, 334, 335, 336, 337, 574, 575, 576, 577, 578, 579, 580, 581, 582, 583, 584, 585, 586, 587, 588, 589, 590, 591, 592, 593, 594, 595, 596, 597, 598, 599, 600, 601, 602, 603, 604, 605, 606, 607, 608, 609, 610, 611, 612, 613, 614, 615, 616, 617, 618, 619, 620, 621, 622, 623, 624, 625, 626, 627, 628, 629, 630, 631, 632, 633, 634, 635, 636, 637, 638, 639, 640, 641, 642, 643, 644, 645, 646, 647, 648, 649, 650, 651, 652, 653, 654, 655, 656, 657, 658, 659, 660, 661, 662, 663, 664, 665, 666, 667, 668, 669, 670, 671, 672, 673, 674, 675, 676, 677, 678, 679, 680, 681, 682, 683, 684, 685, 686, 687, 688, 689, 690, 691, 692, 693, 694, 695, 696, 697, 698, 699, 700, 701, 702, 703, 704, 705, 706, 707, 708, 709, 710, 711, 712, 713, 714, 715, 716, 717, 718, 719, 720, 721, 722, 723, 724, 725, 726, 727, 728, 729, 730, 731, 732, 733, 734, 735, 736, 737, 738, 739, 740, 741, 742, 743, 744, 745, 746, 747, 748, 749, 750, 751, 752, 753, 754, 755, 756, 757, 758, 759, 760, 761, 762, 763, 764, 765, 766, 767, 768, 769, 770, 771, 772, 773, 774, 775, 776, 777, 778, 779, 780, 781, 782, 783, 784, 785, 786, 787, 788, 789, 790, 791, 792, 793]","[158, 206, 235, 269, 630, 676, 699, 728]","[158, 206, 235, 269, 280, 630, 676, 699, 728, 739]","[10, 75, 103, 104, 106, 117, 118, 120, 127, 128, 129, 131, 133, 135, 136, 137, 139, 146, 147, 148, 149, 151, 158, 160, 162, 166, 173, 178, 179, 185, 190, 192, 198, 201, 203, 204, 206, 207, 212, 213, 214, 219, 223, 224, 225, 227, 230, 235, 237, 246, 247, 256, 259, 262, 263, 266, 268, 269, 271, 272, 278, 279, 284, 285, 288, 290, 292, 304, 306, 312, 316, 319, 320, 323, 324, 329, 332, 335, 495, 549, 574, 575, 577, 588, 589, 591, 598, 599, 600, 602, 604, 606, 607, 608, 610, 617, 618, 619, 620, 622, 625, 630, 632, 634, 638, 644, 649, 650, 656, 661, 663, 669, 673, 674, 676, 677, 682, 683, 684, 687, 688, 689, 691, 694, 699, 701, 710, 718, 722, 723, 727, 728, 730, 731, 737, 738, 743, 744, 747, 749, 751, 762, 764, 770, 774, 777, 778, 781, 782, 789, 791]","[32, 33, 34, 35, 36, 37, 38, 39, 40, 41, 42, 43, 44, 45, 46, 47, 48, 201, 202, 203, 204, 205, 206, 207, 208, 209, 210, 211, 212, 213, 214, 215, 216, 355, 356, 357, 358, 359, 360, 361, 429, 430, 431, 432, 433, 434, 435, 515, 516, 517, 518, 519, 520, 521, 522, 523, 524, 525, 526, 527, 672, 673, 674, 675, 676, 677, 678, 679, 680, 681, 682, 683, 684, 810, 811, 812, 813, 814, 881, 882, 883, 884, 885, 886]","[34, 35, 36, 37, 38, 39, 40, 41, 42, 43, 44, 45, 46, 47, 48, 201, 202, 203, 204, 205, 206, 207, 208, 209, 210, 211, 212, 213, 214, 215, 216, 355, 356, 357, 358, 359, 360, 361, 429, 430, 431, 432, 433, 434, 435, 515, 516, 517, 518, 519, 520, 521, 522, 523, 524, 525, 526, 527, 672, 673, 674, 675, 676, 677, 678, 679, 680, 681, 682, 683, 684, 810, 811, 812, 813, 814, 881, 882, 883, 884, 885, 886]",7/6 successful match,True,[312],True,764,False,,1.0,True,Love's Travel Stop B NB # 382 / 106 SB ( Merritt ),Love's
"F Tulare , 93274 Roche Oil )",559-686-5837 CA 99 Exit 85 ( Paige Rd ),M 000 000,Tulare,93274,Roche Oil ),559-686-5837,2006,Tulare,CA,,( Paige Rd ),CA 99 Exit 85 ,Exit,85,False,,False,CA 99,,,,,"[728, 269]","[158, 206, 235, 269, 630, 676, 699, 728]","[158, 206, 235, 269, 630, 676, 699, 728]","[158, 206, 235, 269, 280, 630, 676, 699, 728, 739]","[103, 104, 105, 106, 107, 108, 109, 110, 111, 112, 113, 114, 115, 116, 117, 118, 119, 120, 121, 122, 123, 124, 125, 126, 127, 128, 129, 130, 131, 132, 133, 134, 135, 136, 137, 138, 139, 140, 141, 142, 143, 144, 145, 146, 147, 148, 149, 150, 151, 152, 153, 154, 155, 156, 157, 158, 159, 160, 161, 162, 163, 164, 165, 166, 167, 168, 169, 170, 171, 172, 173, 174, 175, 176, 177, 178, 179, 180, 181, 182, 183, 184, 185, 186, 187, 188, 189, 190, 191, 192, 193, 194, 195, 196, 197, 198, 199, 200, 201, 202, 203, 204, 205, 206, 207, 208, 209, 210, 211, 212, 213, 214, 215, 216, 217, 218, 219, 220, 221, 222, 223, 224, 225, 226, 227, 228, 229, 230, 231, 232, 233, 234, 235, 236, 237, 238, 239, 240, 241, 242, 243, 244, 245, 246, 247, 248, 249, 250, 251, 252, 253, 254, 255, 256, 257, 258, 259, 260, 261, 262, 263, 264, 265, 266, 267, 268, 269, 270, 271, 272, 273, 274, 275, 276, 277, 278, 279, 280, 281, 282, 283, 284, 285, 286, 287, 288, 289, 290, 291, 292, 293, 294, 295, 296, 297, 298, 299, 300, 301, 302, 303, 304, 305, 306, 307, 308, 309, 310, 311, 312, 313, 314, 315, 316, 317, 318, 319, 320, 321, 322, 323, 324, 325, 326, 327, 328, 329, 330, 331, 332, 333, 334, 335, 336, 337, 574, 575, 576, 577, 578, 579, 580, 581, 582, 583, 584, 585, 586, 587, 588, 589, 590, 591, 592, 593, 594, 595, 596, 597, 598, 599, 600, 601, 602, 603, 604, 605, 606, 607, 608, 609, 610, 611, 612, 613, 614, 615, 616, 617, 618, 619, 620, 621, 622, 623, 624, 625, 626, 627, 628, 629, 630, 631, 632, 633, 634, 635, 636, 637, 638, 639, 640, 641, 642, 643, 644, 645, 646, 647, 648, 649, 650, 651, 652, 653, 654, 655, 656, 657, 658, 659, 660, 661, 662, 663, 664, 665, 666, 667, 668, 669, 670, 671, 672, 673, 674, 675, 676, 677, 678, 679, 680, 681, 682, 683, 684, 685, 686, 687, 688, 689, 690, 691, 692, 693, 694, 695, 696, 697, 698, 699, 700, 701, 702, 703, 704, 705, 706, 707, 708, 709, 710, 711, 712, 713, 714, 715, 716, 717, 718, 719, 720, 721, 722, 723, 724, 725, 726, 727, 728, 729, 730, 731, 732, 733, 734, 735, 736, 737, 738, 739, 740, 741, 742, 743, 744, 745, 746, 747, 748, 749, 750, 751, 752, 753, 754, 755, 756, 757, 758, 759, 760, 761, 762, 763, 764, 765, 766, 767, 768, 769, 770, 771, 772, 773, 774, 775, 776, 777, 778, 779, 780, 781, 782, 783, 784, 785, 786, 787, 788, 789, 790, 791, 792, 793]","[10, 75, 103, 104, 106, 117, 118, 120, 127, 128, 129, 131, 133, 135, 136, 137, 139, 146, 147, 148, 149, 151, 158, 160, 162, 166, 173, 178, 179, 185, 190, 192, 198, 201, 203, 204, 206, 207, 212, 213, 214, 219, 223, 224, 225, 227, 230, 235, 237, 246, 247, 256, 259, 262, 263, 266, 268, 269, 271, 272, 278, 279, 284, 285, 288, 290, 292, 304, 306, 312, 316, 319, 320, 323, 324, 329, 332, 335, 495, 549, 574, 575, 577, 588, 589, 591, 598, 599, 600, 602, 604, 606, 607, 608, 610, 617, 618, 619, 620, 622, 625, 630, 632, 634, 638, 644, 649, 650, 656, 661, 663, 669, 673, 674, 676, 677, 682, 683, 684, 687, 688, 689, 691, 694, 699, 701, 710, 718, 722, 723, 727, 728, 730, 731, 737, 738, 743, 744, 747, 749, 751, 762, 764, 770, 774, 777, 778, 781, 782, 789, 791]",[],"[4, 31, 59, 135, 142, 147, 180, 218, 229, 232, 264, 269, 299, 318, 320, 331, 338, 352, 367, 382, 387, 403, 405, 408, 410, 455, 463, 465, 466, 468, 470, 472, 473, 483, 484, 490, 514, 535, 606, 613, 618, 651, 686, 693, 696, 724, 728, 758, 776, 778, 788, 794, 807, 832, 837, 852, 854, 858, 860, 861, 902, 910, 912, 913, 915, 917, 919, 920, 931, 934, 935]","[4, 10, 31, 59, 75, 103, 104, 105, 106, 107, 108, 109, 110, 111, 112, 113, 114, 115, 116, 117, 118, 119, 120, 121, 122, 123, 124, 125, 126, 127, 128, 129, 130, 131, 132, 133, 134, 135, 136, 137, 138, 139, 140, 141, 142, 143, 144, 145, 146, 147, 148, 149, 150, 151, 152, 153, 154, 155, 156, 157, 158, 159, 160, 161, 162, 163, 164, 165, 166, 167, 168, 169, 170, 171, 172, 173, 174, 175, 176, 177, 178, 179, 180, 181, 182, 183, 184, 185, 186, 187, 188, 189, 190, 191, 192, 193, 194, 195, 196, 197, 198, 199, 200, 201, 202, 203, 204, 205, 206, 207, 208, 209, 210, 211, 212, 213, 214, 215, 216, 217, 218, 219, 220, 221, 222, 223, 224, 225, 226, 227, 228, 229, 230, 231, 232, 233, 234, 235, 236, 237, 238, 239, 240, 241, 242, 243, 244, 245, 246, 247, 248, 249, 250, 251, 252, 253, 254, 255, 256, 257, 258, 259, 260, 261, 262, 263, 264, 265, 266, 267, 268, 269, 270, 271, 272, 273, 274, 275, 276, 277, 278, 279, 280, 281, 282, 283, 284, 285, 286, 287, 288, 289, 290, 291, 292, 293, 294, 295, 296, 297, 298, 299, 300, 301, 302, 303, 304, 305, 306, 307, 308, 309, 310, 311, 312, 313, 314, 315, 316, 317, 318, 319, 320, 321, 322, 323, 324, 325, 326, 327, 328, 329, 330, 331, 332, 333, 334, 335, 336, 337, 338, 352, 367, 382, 387, 403, 405, 408, 410, 455, 463, 465, 466, 468, 470, 472, 473, 483, 484, 490, 495, 514, 535, 549, 574, 575, 576, 577, 578, 579, 580, 581, 582, 583, 584, 585, 586, 587, 588, 589, 590, 591, 592, 593, 594, 595, 596, 597, 598, 599, 600, 601, 602, 603, 604, 605, 606, 607, 608, 609, 610, 611, 612, 613, 614, 615, 616, 617, 618, 619, 620, 621, 622, 623, 624, 625, 626, 627, 628, 629, 630, 631, 632, 633, 634, 635, 636, 637, 638, 639, 640, 641, 642, 643, 644, 645, 646, 647, 648, 649, 650, 651, 652, 653, 654, 655, 656, 657, 658, 659, 660, 661, 662, 663, 664, 665, 666, 667, 668, 669, 670, 671, 672, 673, 674, 675, 676, 677, 678, 679, 680, 681, 682, 683, 684, 685, 686, 687, 688, 689, 690, 691, 692, 693, 694, 695, 696, 697, 698, 699, 700, 701, 702, 703, 704, 705, 706, 707, 708, 709, 710, 711, 712, 713, 714, 715, 716, 717, 718, 719, 720, 721, 722, 723, 724, 725, 726, 727, 728, 729, 730, 731, 732, 733, 734, 735, 736, 737, 738, 739, 740, 741, 742, 743, 744, 745, 746, 747, 748, 749, 750, 751, 752, 753, 754, 755, 756, 757, 758, 759, 760, 761, 762, 763, 764, 765, 766, 767, 768, 769, 770, 771, 772, 773, 774, 775, 776, 777, 778, 779, 780, 781, 782, 783, 784, 785, 786, 787, 788, 789, 790, 791, 792, 793, 794, 807, 832, 837, 852, 854, 858, 860, 861, 902, 910, 912, 913, 915, 917, 919, 920, 931, 934, 935]",True,"[158, 206, 235, 269, 630, 676, 699, 728]","[103, 104, 105, 106, 107, 108, 109, 110, 111, 112, 113, 114, 115, 116, 117, 118, 119, 120, 121, 122, 123, 124, 125, 126, 127, 128, 129, 130, 131, 132, 133, 134, 135, 136, 137, 138, 139, 140, 141, 142, 143, 144, 145, 146, 147, 148, 149, 150, 151, 152, 153, 154, 155, 156, 157, 158, 159, 160, 161, 162, 163, 164, 165, 166, 167, 168, 169, 170, 171, 172, 173, 174, 175, 176, 177, 178, 179, 180, 181, 182, 183, 184, 185, 186, 187, 188, 189, 190, 191, 192, 193, 194, 195, 196, 197, 198, 199, 200, 201, 202, 203, 204, 205, 206, 207, 208, 209, 210, 211, 212, 213, 214, 215, 216, 217, 218, 219, 220, 221, 222, 223, 224, 225, 226, 227, 228, 229, 230, 231, 232, 233, 234, 235, 236, 237, 238, 239, 240, 241, 242, 243, 244, 245, 246, 247, 248, 249, 250, 251, 252, 253, 254, 255, 256, 257, 258, 259, 260, 261, 262, 263, 264, 265, 266, 267, 268, 269, 270, 271, 272, 273, 274, 275, 276, 277, 278, 279, 280, 281, 282, 283, 284, 285, 286, 287, 288, 289, 290, 291, 292, 293, 294, 295, 296, 297, 298, 299, 300, 301, 302, 303, 304, 305, 306, 307, 308, 309, 310, 311, 312, 313, 314, 315, 316, 317, 318, 319, 320, 321, 322, 323, 324, 325, 326, 327, 328, 329, 330, 331, 332, 333, 334, 335, 336, 337, 574, 575, 576, 577, 578, 579, 580, 581, 582, 583, 584, 585, 586, 587, 588, 589, 590, 591, 592, 593, 594, 595, 596, 597, 598, 599, 600, 601, 602, 603, 604, 605, 606, 607, 608, 609, 610, 611, 612, 613, 614, 615, 616, 617, 618, 619, 620, 621, 622, 623, 624, 625, 626, 627, 628, 629, 630, 631, 632, 633, 634, 635, 636, 637, 638, 639, 640, 641, 642, 643, 644, 645, 646, 647, 648, 649, 650, 651, 652, 653, 654, 655, 656, 657, 658, 659, 660, 661, 662, 663, 664, 665, 666, 667, 668, 669, 670, 671, 672, 673, 674, 675, 676, 677, 678, 679, 680, 681, 682, 683, 684, 685, 686, 687, 688, 689, 690, 691, 692, 693, 694, 695, 696, 697, 698, 699, 700, 701, 702, 703, 704, 705, 706, 707, 708, 709, 710, 711, 712, 713, 714, 715, 716, 717, 718, 719, 720, 721, 722, 723, 724, 725, 726, 727, 728, 729, 730, 731, 732, 733, 734, 735, 736, 737, 738, 739, 740, 741, 742, 743, 744, 745, 746, 747, 748, 749, 750, 751, 752, 753, 754, 755, 756, 757, 758, 759, 760, 761, 762, 763, 764, 765, 766, 767, 768, 769, 770, 771, 772, 773, 774, 775, 776, 777, 778, 779, 780, 781, 782, 783, 784, 785, 786, 787, 788, 789, 790, 791, 792, 793]","[158, 206, 235, 269, 630, 676, 699, 728]","[158, 206, 235, 269, 280, 630, 676, 699, 728, 739]","[10, 75, 103, 104, 106, 117, 118, 120, 127, 128, 129, 131, 133, 135, 136, 137, 139, 146, 147, 148, 149, 151, 158, 160, 162, 166, 173, 178, 179, 185, 190, 192, 198, 201, 203, 204, 206, 207, 212, 213, 214, 219, 223, 224, 225, 227, 230, 235, 237, 246, 247, 256, 259, 262, 263, 266, 268, 269, 271, 272, 278, 279, 284, 285, 288, 290, 292, 304, 306, 312, 316, 319, 320, 323, 324, 329, 332, 335, 495, 549, 574, 575, 577, 588, 589, 591, 598, 599, 600, 602, 604, 606, 607, 608, 610, 617, 618, 619, 620, 622, 625, 630, 632, 634, 638, 644, 649, 650, 656, 661, 663, 669, 673, 674, 676, 677, 682, 683, 684, 687, 688, 689, 691, 694, 699, 701, 710, 718, 722, 723, 727, 728, 730, 731, 737, 738, 743, 744, 747, 749, 751, 762, 764, 770, 774, 777, 778, 781, 782, 789, 791]","[4, 31, 59, 135, 142, 147, 180, 218, 229, 232, 264, 269, 299, 318, 320, 331, 338, 352, 367, 382, 387, 403, 405, 408, 410, 455, 463, 465, 466, 468, 470, 472, 473, 483, 484, 490, 514, 535, 606, 613, 618, 651, 686, 693, 696, 724, 728, 758, 776, 778, 788, 794, 807, 832, 837, 852, 854, 858, 860, 861, 902, 910, 912, 913, 915, 917, 919, 920, 931, 934, 935]",[],7/6 successful match,True,,False,765,False,,,,,
"F Tulare , 93274 Roche Oil ( Mobil )",4 559-686-5837 CA 99 Exit 85 ( Paige Rd ),M,Tulare,93274,Roche Oil ( Mobil ),559-686-5837,2007,Tulare,CA,Mobil,( Paige Rd ),CA 99 Exit 85 ,Exit,85,False,,False,CA 99,,,,,"[728, 269]","[158, 206, 235, 269, 630, 676, 699, 728]","[158, 206, 235, 269, 630, 676, 699, 728]","[158, 206, 235, 269, 280, 630, 676, 699, 728, 739]","[103, 104, 105, 106, 107, 108, 109, 110, 111, 112, 113, 114, 115, 116, 117, 118, 119, 120, 121, 122, 123, 124, 125, 126, 127, 128, 129, 130, 131, 132, 133, 134, 135, 136, 137, 138, 139, 140, 141, 142, 143, 144, 145, 146, 147, 148, 149, 150, 151, 152, 153, 154, 155, 156, 157, 158, 159, 160, 161, 162, 163, 164, 165, 166, 167, 168, 169, 170, 171, 172, 173, 174, 175, 176, 177, 178, 179, 180, 181, 182, 183, 184, 185, 186, 187, 188, 189, 190, 191, 192, 193, 194, 195, 196, 197, 198, 199, 200, 201, 202, 203, 204, 205, 206, 207, 208, 209, 210, 211, 212, 213, 214, 215, 216, 217, 218, 219, 220, 221, 222, 223, 224, 225, 226, 227, 228, 229, 230, 231, 232, 233, 234, 235, 236, 237, 238, 239, 240, 241, 242, 243, 244, 245, 246, 247, 248, 249, 250, 251, 252, 253, 254, 255, 256, 257, 258, 259, 260, 261, 262, 263, 264, 265, 266, 267, 268, 269, 270, 271, 272, 273, 274, 275, 276, 277, 278, 279, 280, 281, 282, 283, 284, 285, 286, 287, 288, 289, 290, 291, 292, 293, 294, 295, 296, 297, 298, 299, 300, 301, 302, 303, 304, 305, 306, 307, 308, 309, 310, 311, 312, 313, 314, 315, 316, 317, 318, 319, 320, 321, 322, 323, 324, 325, 326, 327, 328, 329, 330, 331, 332, 333, 334, 335, 336, 337, 574, 575, 576, 577, 578, 579, 580, 581, 582, 583, 584, 585, 586, 587, 588, 589, 590, 591, 592, 593, 594, 595, 596, 597, 598, 599, 600, 601, 602, 603, 604, 605, 606, 607, 608, 609, 610, 611, 612, 613, 614, 615, 616, 617, 618, 619, 620, 621, 622, 623, 624, 625, 626, 627, 628, 629, 630, 631, 632, 633, 634, 635, 636, 637, 638, 639, 640, 641, 642, 643, 644, 645, 646, 647, 648, 649, 650, 651, 652, 653, 654, 655, 656, 657, 658, 659, 660, 661, 662, 663, 664, 665, 666, 667, 668, 669, 670, 671, 672, 673, 674, 675, 676, 677, 678, 679, 680, 681, 682, 683, 684, 685, 686, 687, 688, 689, 690, 691, 692, 693, 694, 695, 696, 697, 698, 699, 700, 701, 702, 703, 704, 705, 706, 707, 708, 709, 710, 711, 712, 713, 714, 715, 716, 717, 718, 719, 720, 721, 722, 723, 724, 725, 726, 727, 728, 729, 730, 731, 732, 733, 734, 735, 736, 737, 738, 739, 740, 741, 742, 743, 744, 745, 746, 747, 748, 749, 750, 751, 752, 753, 754, 755, 756, 757, 758, 759, 760, 761, 762, 763, 764, 765, 766, 767, 768, 769, 770, 771, 772, 773, 774, 775, 776, 777, 778, 779, 780, 781, 782, 783, 784, 785, 786, 787, 788, 789, 790, 791, 792, 793]","[10, 75, 103, 104, 106, 117, 118, 120, 127, 128, 129, 131, 133, 135, 136, 137, 139, 146, 147, 148, 149, 151, 158, 160, 162, 166, 173, 178, 179, 185, 190, 192, 198, 201, 203, 204, 206, 207, 212, 213, 214, 219, 223, 224, 225, 227, 230, 235, 237, 246, 247, 256, 259, 262, 263, 266, 268, 269, 271, 272, 278, 279, 284, 285, 288, 290, 292, 304, 306, 312, 316, 319, 320, 323, 324, 329, 332, 335, 495, 549, 574, 575, 577, 588, 589, 591, 598, 599, 600, 602, 604, 606, 607, 608, 610, 617, 618, 619, 620, 622, 625, 630, 632, 634, 638, 644, 649, 650, 656, 661, 663, 669, 673, 674, 676, 677, 682, 683, 684, 687, 688, 689, 691, 694, 699, 701, 710, 718, 722, 723, 727, 728, 730, 731, 737, 738, 743, 744, 747, 749, 751, 762, 764, 770, 774, 777, 778, 781, 782, 789, 791]","[4, 59, 232, 269, 299, 490, 535, 696, 728, 758]","[4, 31, 59, 135, 142, 147, 180, 218, 229, 232, 264, 269, 299, 318, 320, 331, 338, 352, 367, 382, 387, 403, 405, 408, 410, 455, 463, 465, 466, 468, 470, 472, 473, 483, 484, 490, 514, 535, 606, 613, 618, 651, 686, 693, 696, 724, 728, 758, 776, 778, 788, 794, 807, 832, 837, 852, 854, 858, 860, 861, 902, 910, 912, 913, 915, 917, 919, 920, 931, 934, 935]","[4, 10, 31, 59, 75, 103, 104, 105, 106, 107, 108, 109, 110, 111, 112, 113, 114, 115, 116, 117, 118, 119, 120, 121, 122, 123, 124, 125, 126, 127, 128, 129, 130, 131, 132, 133, 134, 135, 136, 137, 138, 139, 140, 141, 142, 143, 144, 145, 146, 147, 148, 149, 150, 151, 152, 153, 154, 155, 156, 157, 158, 159, 160, 161, 162, 163, 164, 165, 166, 167, 168, 169, 170, 171, 172, 173, 174, 175, 176, 177, 178, 179, 180, 181, 182, 183, 184, 185, 186, 187, 188, 189, 190, 191, 192, 193, 194, 195, 196, 197, 198, 199, 200, 201, 202, 203, 204, 205, 206, 207, 208, 209, 210, 211, 212, 213, 214, 215, 216, 217, 218, 219, 220, 221, 222, 223, 224, 225, 226, 227, 228, 229, 230, 231, 232, 233, 234, 235, 236, 237, 238, 239, 240, 241, 242, 243, 244, 245, 246, 247, 248, 249, 250, 251, 252, 253, 254, 255, 256, 257, 258, 259, 260, 261, 262, 263, 264, 265, 266, 267, 268, 269, 270, 271, 272, 273, 274, 275, 276, 277, 278, 279, 280, 281, 282, 283, 284, 285, 286, 287, 288, 289, 290, 291, 292, 293, 294, 295, 296, 297, 298, 299, 300, 301, 302, 303, 304, 305, 306, 307, 308, 309, 310, 311, 312, 313, 314, 315, 316, 317, 318, 319, 320, 321, 322, 323, 324, 325, 326, 327, 328, 329, 330, 331, 332, 333, 334, 335, 336, 337, 338, 352, 367, 382, 387, 403, 405, 408, 410, 455, 463, 465, 466, 468, 470, 472, 473, 483, 484, 490, 495, 514, 535, 549, 574, 575, 576, 577, 578, 579, 580, 581, 582, 583, 584, 585, 586, 587, 588, 589, 590, 591, 592, 593, 594, 595, 596, 597, 598, 599, 600, 601, 602, 603, 604, 605, 606, 607, 608, 609, 610, 611, 612, 613, 614, 615, 616, 617, 618, 619, 620, 621, 622, 623, 624, 625, 626, 627, 628, 629, 630, 631, 632, 633, 634, 635, 636, 637, 638, 639, 640, 641, 642, 643, 644, 645, 646, 647, 648, 649, 650, 651, 652, 653, 654, 655, 656, 657, 658, 659, 660, 661, 662, 663, 664, 665, 666, 667, 668, 669, 670, 671, 672, 673, 674, 675, 676, 677, 678, 679, 680, 681, 682, 683, 684, 685, 686, 687, 688, 689, 690, 691, 692, 693, 694, 695, 696, 697, 698, 699, 700, 701, 702, 703, 704, 705, 706, 707, 708, 709, 710, 711, 712, 713, 714, 715, 716, 717, 718, 719, 720, 721, 722, 723, 724, 725, 726, 727, 728, 729, 730, 731, 732, 733, 734, 735, 736, 737, 738, 739, 740, 741, 742, 743, 744, 745, 746, 747, 748, 749, 750, 751, 752, 753, 754, 755, 756, 757, 758, 759, 760, 761, 762, 763, 764, 765, 766, 767, 768, 769, 770, 771, 772, 773, 774, 775, 776, 777, 778, 779, 780, 781, 782, 783, 784, 785, 786, 787, 788, 789, 790, 791, 792, 793, 794, 807, 832, 837, 852, 854, 858, 860, 861, 902, 910, 912, 913, 915, 917, 919, 920, 931, 934, 935]",True,"[158, 206, 235, 269, 630, 676, 699, 728]","[103, 104, 105, 106, 107, 108, 109, 110, 111, 112, 113, 114, 115, 116, 117, 118, 119, 120, 121, 122, 123, 124, 125, 126, 127, 128, 129, 130, 131, 132, 133, 134, 135, 136, 137, 138, 139, 140, 141, 142, 143, 144, 145, 146, 147, 148, 149, 150, 151, 152, 153, 154, 155, 156, 157, 158, 159, 160, 161, 162, 163, 164, 165, 166, 167, 168, 169, 170, 171, 172, 173, 174, 175, 176, 177, 178, 179, 180, 181, 182, 183, 184, 185, 186, 187, 188, 189, 190, 191, 192, 193, 194, 195, 196, 197, 198, 199, 200, 201, 202, 203, 204, 205, 206, 207, 208, 209, 210, 211, 212, 213, 214, 215, 216, 217, 218, 219, 220, 221, 222, 223, 224, 225, 226, 227, 228, 229, 230, 231, 232, 233, 234, 235, 236, 237, 238, 239, 240, 241, 242, 243, 244, 245, 246, 247, 248, 249, 250, 251, 252, 253, 254, 255, 256, 257, 258, 259, 260, 261, 262, 263, 264, 265, 266, 267, 268, 269, 270, 271, 272, 273, 274, 275, 276, 277, 278, 279, 280, 281, 282, 283, 284, 285, 286, 287, 288, 289, 290, 291, 292, 293, 294, 295, 296, 297, 298, 299, 300, 301, 302, 303, 304, 305, 306, 307, 308, 309, 310, 311, 312, 313, 314, 315, 316, 317, 318, 319, 320, 321, 322, 323, 324, 325, 326, 327, 328, 329, 330, 331, 332, 333, 334, 335, 336, 337, 574, 575, 576, 577, 578, 579, 580, 581, 582, 583, 584, 585, 586, 587, 588, 589, 590, 591, 592, 593, 594, 595, 596, 597, 598, 599, 600, 601, 602, 603, 604, 605, 606, 607, 608, 609, 610, 611, 612, 613, 614, 615, 616, 617, 618, 619, 620, 621, 622, 623, 624, 625, 626, 627, 628, 629, 630, 631, 632, 633, 634, 635, 636, 637, 638, 639, 640, 641, 642, 643, 644, 645, 646, 647, 648, 649, 650, 651, 652, 653, 654, 655, 656, 657, 658, 659, 660, 661, 662, 663, 664, 665, 666, 667, 668, 669, 670, 671, 672, 673, 674, 675, 676, 677, 678, 679, 680, 681, 682, 683, 684, 685, 686, 687, 688, 689, 690, 691, 692, 693, 694, 695, 696, 697, 698, 699, 700, 701, 702, 703, 704, 705, 706, 707, 708, 709, 710, 711, 712, 713, 714, 715, 716, 717, 718, 719, 720, 721, 722, 723, 724, 725, 726, 727, 728, 729, 730, 731, 732, 733, 734, 735, 736, 737, 738, 739, 740, 741, 742, 743, 744, 745, 746, 747, 748, 749, 750, 751, 752, 753, 754, 755, 756, 757, 758, 759, 760, 761, 762, 763, 764, 765, 766, 767, 768, 769, 770, 771, 772, 773, 774, 775, 776, 777, 778, 779, 780, 781, 782, 783, 784, 785, 786, 787, 788, 789, 790, 791, 792, 793]","[158, 206, 235, 269, 630, 676, 699, 728]","[158, 206, 235, 269, 280, 630, 676, 699, 728, 739]","[10, 75, 103, 104, 106, 117, 118, 120, 127, 128, 129, 131, 133, 135, 136, 137, 139, 146, 147, 148, 149, 151, 158, 160, 162, 166, 173, 178, 179, 185, 190, 192, 198, 201, 203, 204, 206, 207, 212, 213, 214, 219, 223, 224, 225, 227, 230, 235, 237, 246, 247, 256, 259, 262, 263, 266, 268, 269, 271, 272, 278, 279, 284, 285, 288, 290, 292, 304, 306, 312, 316, 319, 320, 323, 324, 329, 332, 335, 495, 549, 574, 575, 577, 588, 589, 591, 598, 599, 600, 602, 604, 606, 607, 608, 610, 617, 618, 619, 620, 622, 625, 630, 632, 634, 638, 644, 649, 650, 656, 661, 663, 669, 673, 674, 676, 677, 682, 683, 684, 687, 688, 689, 691, 694, 699, 701, 710, 718, 722, 723, 727, 728, 730, 731, 737, 738, 743, 744, 747, 749, 751, 762, 764, 770, 774, 777, 778, 781, 782, 789, 791]","[4, 31, 59, 135, 142, 147, 180, 218, 229, 232, 264, 269, 299, 318, 320, 331, 338, 352, 367, 382, 387, 403, 405, 408, 410, 455, 463, 465, 466, 468, 470, 472, 473, 483, 484, 490, 514, 535, 606, 613, 618, 651, 686, 693, 696, 724, 728, 758, 776, 778, 788, 794, 807, 832, 837, 852, 854, 858, 860, 861, 902, 910, 912, 913, 915, 917, 919, 920, 931, 934, 935]","[4, 59, 232, 269, 299, 490, 535, 696, 728, 758]",7/6 successful match,True,,False,765,False,,1.0,True,Roche Oil ),
"Tulare , 93274 Roche Oil ( Mobil )",41559-686-5837 CA 99 Exit 85 ( Paige Rd ),M <U+25A1> <U+25A1>,Tulare,93274,Roche Oil ( Mobil ),559-686-5837,2008,Tulare,CA,Mobil,( Paige Rd ),CA 99 Exit 85 ,Exit,85,False,,False,CA 99,,,,,"[728, 269]","[158, 206, 235, 269, 630, 676, 699, 728]","[158, 206, 235, 269, 630, 676, 699, 728]","[158, 206, 235, 269, 280, 630, 676, 699, 728, 739]","[103, 104, 105, 106, 107, 108, 109, 110, 111, 112, 113, 114, 115, 116, 117, 118, 119, 120, 121, 122, 123, 124, 125, 126, 127, 128, 129, 130, 131, 132, 133, 134, 135, 136, 137, 138, 139, 140, 141, 142, 143, 144, 145, 146, 147, 148, 149, 150, 151, 152, 153, 154, 155, 156, 157, 158, 159, 160, 161, 162, 163, 164, 165, 166, 167, 168, 169, 170, 171, 172, 173, 174, 175, 176, 177, 178, 179, 180, 181, 182, 183, 184, 185, 186, 187, 188, 189, 190, 191, 192, 193, 194, 195, 196, 197, 198, 199, 200, 201, 202, 203, 204, 205, 206, 207, 208, 209, 210, 211, 212, 213, 214, 215, 216, 217, 218, 219, 220, 221, 222, 223, 224, 225, 226, 227, 228, 229, 230, 231, 232, 233, 234, 235, 236, 237, 238, 239, 240, 241, 242, 243, 244, 245, 246, 247, 248, 249, 250, 251, 252, 253, 254, 255, 256, 257, 258, 259, 260, 261, 262, 263, 264, 265, 266, 267, 268, 269, 270, 271, 272, 273, 274, 275, 276, 277, 278, 279, 280, 281, 282, 283, 284, 285, 286, 287, 288, 289, 290, 291, 292, 293, 294, 295, 296, 297, 298, 299, 300, 301, 302, 303, 304, 305, 306, 307, 308, 309, 310, 311, 312, 313, 314, 315, 316, 317, 318, 319, 320, 321, 322, 323, 324, 325, 326, 327, 328, 329, 330, 331, 332, 333, 334, 335, 336, 337, 574, 575, 576, 577, 578, 579, 580, 581, 582, 583, 584, 585, 586, 587, 588, 589, 590, 591, 592, 593, 594, 595, 596, 597, 598, 599, 600, 601, 602, 603, 604, 605, 606, 607, 608, 609, 610, 611, 612, 613, 614, 615, 616, 617, 618, 619, 620, 621, 622, 623, 624, 625, 626, 627, 628, 629, 630, 631, 632, 633, 634, 635, 636, 637, 638, 639, 640, 641, 642, 643, 644, 645, 646, 647, 648, 649, 650, 651, 652, 653, 654, 655, 656, 657, 658, 659, 660, 661, 662, 663, 664, 665, 666, 667, 668, 669, 670, 671, 672, 673, 674, 675, 676, 677, 678, 679, 680, 681, 682, 683, 684, 685, 686, 687, 688, 689, 690, 691, 692, 693, 694, 695, 696, 697, 698, 699, 700, 701, 702, 703, 704, 705, 706, 707, 708, 709, 710, 711, 712, 713, 714, 715, 716, 717, 718, 719, 720, 721, 722, 723, 724, 725, 726, 727, 728, 729, 730, 731, 732, 733, 734, 735, 736, 737, 738, 739, 740, 741, 742, 743, 744, 745, 746, 747, 748, 749, 750, 751, 752, 753, 754, 755, 756, 757, 758, 759, 760, 761, 762, 763, 764, 765, 766, 767, 768, 769, 770, 771, 772, 773, 774, 775, 776, 777, 778, 779, 780, 781, 782, 783, 784, 785, 786, 787, 788, 789, 790, 791, 792, 793]","[10, 75, 103, 104, 106, 117, 118, 120, 127, 128, 129, 131, 133, 135, 136, 137, 139, 146, 147, 148, 149, 151, 158, 160, 162, 166, 173, 178, 179, 185, 190, 192, 198, 201, 203, 204, 206, 207, 212, 213, 214, 219, 223, 224, 225, 227, 230, 235, 237, 246, 247, 256, 259, 262, 263, 266, 268, 269, 271, 272, 278, 279, 284, 285, 288, 290, 292, 304, 306, 312, 316, 319, 320, 323, 324, 329, 332, 335, 495, 549, 574, 575, 577, 588, 589, 591, 598, 599, 600, 602, 604, 606, 607, 608, 610, 617, 618, 619, 620, 622, 625, 630, 632, 634, 638, 644, 649, 650, 656, 661, 663, 669, 673, 674, 676, 677, 682, 683, 684, 687, 688, 689, 691, 694, 699, 701, 710, 718, 722, 723, 727, 728, 730, 731, 737, 738, 743, 744, 747, 749, 751, 762, 764, 770, 774, 777, 778, 781, 782, 789, 791]","[4, 59, 232, 269, 299, 490, 535, 696, 728, 758]","[4, 31, 59, 135, 142, 147, 180, 218, 229, 232, 264, 269, 299, 318, 320, 331, 338, 352, 367, 382, 387, 403, 405, 408, 410, 455, 463, 465, 466, 468, 470, 472, 473, 483, 484, 490, 514, 535, 606, 613, 618, 651, 686, 693, 696, 724, 728, 758, 776, 778, 788, 794, 807, 832, 837, 852, 854, 858, 860, 861, 902, 910, 912, 913, 915, 917, 919, 920, 931, 934, 935]","[4, 10, 31, 59, 75, 103, 104, 105, 106, 107, 108, 109, 110, 111, 112, 113, 114, 115, 116, 117, 118, 119, 120, 121, 122, 123, 124, 125, 126, 127, 128, 129, 130, 131, 132, 133, 134, 135, 136, 137, 138, 139, 140, 141, 142, 143, 144, 145, 146, 147, 148, 149, 150, 151, 152, 153, 154, 155, 156, 157, 158, 159, 160, 161, 162, 163, 164, 165, 166, 167, 168, 169, 170, 171, 172, 173, 174, 175, 176, 177, 178, 179, 180, 181, 182, 183, 184, 185, 186, 187, 188, 189, 190, 191, 192, 193, 194, 195, 196, 197, 198, 199, 200, 201, 202, 203, 204, 205, 206, 207, 208, 209, 210, 211, 212, 213, 214, 215, 216, 217, 218, 219, 220, 221, 222, 223, 224, 225, 226, 227, 228, 229, 230, 231, 232, 233, 234, 235, 236, 237, 238, 239, 240, 241, 242, 243, 244, 245, 246, 247, 248, 249, 250, 251, 252, 253, 254, 255, 256, 257, 258, 259, 260, 261, 262, 263, 264, 265, 266, 267, 268, 269, 270, 271, 272, 273, 274, 275, 276, 277, 278, 279, 280, 281, 282, 283, 284, 285, 286, 287, 288, 289, 290, 291, 292, 293, 294, 295, 296, 297, 298, 299, 300, 301, 302, 303, 304, 305, 306, 307, 308, 309, 310, 311, 312, 313, 314, 315, 316, 317, 318, 319, 320, 321, 322, 323, 324, 325, 326, 327, 328, 329, 330, 331, 332, 333, 334, 335, 336, 337, 338, 352, 367, 382, 387, 403, 405, 408, 410, 455, 463, 465, 466, 468, 470, 472, 473, 483, 484, 490, 495, 514, 535, 549, 574, 575, 576, 577, 578, 579, 580, 581, 582, 583, 584, 585, 586, 587, 588, 589, 590, 591, 592, 593, 594, 595, 596, 597, 598, 599, 600, 601, 602, 603, 604, 605, 606, 607, 608, 609, 610, 611, 612, 613, 614, 615, 616, 617, 618, 619, 620, 621, 622, 623, 624, 625, 626, 627, 628, 629, 630, 631, 632, 633, 634, 635, 636, 637, 638, 639, 640, 641, 642, 643, 644, 645, 646, 647, 648, 649, 650, 651, 652, 653, 654, 655, 656, 657, 658, 659, 660, 661, 662, 663, 664, 665, 666, 667, 668, 669, 670, 671, 672, 673, 674, 675, 676, 677, 678, 679, 680, 681, 682, 683, 684, 685, 686, 687, 688, 689, 690, 691, 692, 693, 694, 695, 696, 697, 698, 699, 700, 701, 702, 703, 704, 705, 706, 707, 708, 709, 710, 711, 712, 713, 714, 715, 716, 717, 718, 719, 720, 721, 722, 723, 724, 725, 726, 727, 728, 729, 730, 731, 732, 733, 734, 735, 736, 737, 738, 739, 740, 741, 742, 743, 744, 745, 746, 747, 748, 749, 750, 751, 752, 753, 754, 755, 756, 757, 758, 759, 760, 761, 762, 763, 764, 765, 766, 767, 768, 769, 770, 771, 772, 773, 774, 775, 776, 777, 778, 779, 780, 781, 782, 783, 784, 785, 786, 787, 788, 789, 790, 791, 792, 793, 794, 807, 832, 837, 852, 854, 858, 860, 861, 902, 910, 912, 913, 915, 917, 919, 920, 931, 934, 935]",True,"[158, 206, 235, 269, 630, 676, 699, 728]","[103, 104, 105, 106, 107, 108, 109, 110, 111, 112, 113, 114, 115, 116, 117, 118, 119, 120, 121, 122, 123, 124, 125, 126, 127, 128, 129, 130, 131, 132, 133, 134, 135, 136, 137, 138, 139, 140, 141, 142, 143, 144, 145, 146, 147, 148, 149, 150, 151, 152, 153, 154, 155, 156, 157, 158, 159, 160, 161, 162, 163, 164, 165, 166, 167, 168, 169, 170, 171, 172, 173, 174, 175, 176, 177, 178, 179, 180, 181, 182, 183, 184, 185, 186, 187, 188, 189, 190, 191, 192, 193, 194, 195, 196, 197, 198, 199, 200, 201, 202, 203, 204, 205, 206, 207, 208, 209, 210, 211, 212, 213, 214, 215, 216, 217, 218, 219, 220, 221, 222, 223, 224, 225, 226, 227, 228, 229, 230, 231, 232, 233, 234, 235, 236, 237, 238, 239, 240, 241, 242, 243, 244, 245, 246, 247, 248, 249, 250, 251, 252, 253, 254, 255, 256, 257, 258, 259, 260, 261, 262, 263, 264, 265, 266, 267, 268, 269, 270, 271, 272, 273, 274, 275, 276, 277, 278, 279, 280, 281, 282, 283, 284, 285, 286, 287, 288, 289, 290, 291, 292, 293, 294, 295, 296, 297, 298, 299, 300, 301, 302, 303, 304, 305, 306, 307, 308, 309, 310, 311, 312, 313, 314, 315, 316, 317, 318, 319, 320, 321, 322, 323, 324, 325, 326, 327, 328, 329, 330, 331, 332, 333, 334, 335, 336, 337, 574, 575, 576, 577, 578, 579, 580, 581, 582, 583, 584, 585, 586, 587, 588, 589, 590, 591, 592, 593, 594, 595, 596, 597, 598, 599, 600, 601, 602, 603, 604, 605, 606, 607, 608, 609, 610, 611, 612, 613, 614, 615, 616, 617, 618, 619, 620, 621, 622, 623, 624, 625, 626, 627, 628, 629, 630, 631, 632, 633, 634, 635, 636, 637, 638, 639, 640, 641, 642, 643, 644, 645, 646, 647, 648, 649, 650, 651, 652, 653, 654, 655, 656, 657, 658, 659, 660, 661, 662, 663, 664, 665, 666, 667, 668, 669, 670, 671, 672, 673, 674, 675, 676, 677, 678, 679, 680, 681, 682, 683, 684, 685, 686, 687, 688, 689, 690, 691, 692, 693, 694, 695, 696, 697, 698, 699, 700, 701, 702, 703, 704, 705, 706, 707, 708, 709, 710, 711, 712, 713, 714, 715, 716, 717, 718, 719, 720, 721, 722, 723, 724, 725, 726, 727, 728, 729, 730, 731, 732, 733, 734, 735, 736, 737, 738, 739, 740, 741, 742, 743, 744, 745, 746, 747, 748, 749, 750, 751, 752, 753, 754, 755, 756, 757, 758, 759, 760, 761, 762, 763, 764, 765, 766, 767, 768, 769, 770, 771, 772, 773, 774, 775, 776, 777, 778, 779, 780, 781, 782, 783, 784, 785, 786, 787, 788, 789, 790, 791, 792, 793]","[158, 206, 235, 269, 630, 676, 699, 728]","[158, 206, 235, 269, 280, 630, 676, 699, 728, 739]","[10, 75, 103, 104, 106, 117, 118, 120, 127, 128, 129, 131, 133, 135, 136, 137, 139, 146, 147, 148, 149, 151, 158, 160, 162, 166, 173, 178, 179, 185, 190, 192, 198, 201, 203, 204, 206, 207, 212, 213, 214, 219, 223, 224, 225, 227, 230, 235, 237, 246, 247, 256, 259, 262, 263, 266, 268, 269, 271, 272, 278, 279, 284, 285, 288, 290, 292, 304, 306, 312, 316, 319, 320, 323, 324, 329, 332, 335, 495, 549, 574, 575, 577, 588, 589, 591, 598, 599, 600, 602, 604, 606, 607, 608, 610, 617, 618, 619, 620, 622, 625, 630, 632, 634, 638, 644, 649, 650, 656, 661, 663, 669, 673, 674, 676, 677, 682, 683, 684, 687, 688, 689, 691, 694, 699, 701, 710, 718, 722, 723, 727, 728, 730, 731, 737, 738, 743, 744, 747, 749, 751, 762, 764, 770, 774, 777, 778, 781, 782, 789, 791]","[4, 31, 59, 135, 142, 147, 180, 218, 229, 232, 264, 269, 299, 318, 320, 331, 338, 352, 367, 382, 387, 403, 405, 408, 410, 455, 463, 465, 466, 468, 470, 472, 473, 483, 484, 490, 514, 535, 606, 613, 618, 651, 686, 693, 696, 724, 728, 758, 776, 778, 788, 794, 807, 832, 837, 852, 854, 858, 860, 861, 902, 910, 912, 913, 915, 917, 919, 920, 931, 934, 935]","[4, 59, 232, 269, 299, 490, 535, 696, 728, 758]",7/6 successful match,True,,False,765,False,,1.0,True,Roche Oil ( Mobil ),Mobil
"Bakersfield , 93307 Bruce's Truck Stop",661-366-5734 CA 58 & CA 184 ( Weedpatch Hwy N ),,Bakersfield,93307,Bruce's Truck Stop,661-366-5734,2006,Bakersfield,CA,,( Weedpatch Hwy N ),CA 58 & CA 184,empty,,False,,False,CA 58,CA 184,,,,[],"[103, 201, 292, 574, 751]","[103, 111, 127, 153, 162, 201, 226, 292, 574, 581, 598, 624, 634, 690, 751]",[],"[103, 104, 105, 106, 107, 108, 109, 110, 111, 112, 113, 114, 115, 116, 117, 118, 119, 120, 121, 122, 123, 124, 125, 126, 127, 128, 129, 130, 131, 132, 133, 134, 135, 136, 137, 138, 139, 140, 141, 142, 143, 144, 145, 146, 147, 148, 149, 150, 151, 152, 153, 154, 155, 156, 157, 158, 159, 160, 161, 162, 163, 164, 165, 166, 167, 168, 169, 170, 171, 172, 173, 174, 175, 176, 177, 178, 179, 180, 181, 182, 183, 184, 185, 186, 187, 188, 189, 190, 191, 192, 193, 194, 195, 196, 197, 198, 199, 200, 201, 202, 203, 204, 205, 206, 207, 208, 209, 210, 211, 212, 213, 214, 215, 216, 217, 218, 219, 220, 221, 222, 223, 224, 225, 226, 227, 228, 229, 230, 231, 232, 233, 234, 235, 236, 237, 238, 239, 240, 241, 242, 243, 244, 245, 246, 247, 248, 249, 250, 251, 252, 253, 254, 255, 256, 257, 258, 259, 260, 261, 262, 263, 264, 265, 266, 267, 268, 269, 270, 271, 272, 273, 274, 275, 276, 277, 278, 279, 280, 281, 282, 283, 284, 285, 286, 287, 288, 289, 290, 291, 292, 293, 294, 295, 296, 297, 298, 299, 300, 301, 302, 303, 304, 305, 306, 307, 308, 309, 310, 311, 312, 313, 314, 315, 316, 317, 318, 319, 320, 321, 322, 323, 324, 325, 326, 327, 328, 329, 330, 331, 332, 333, 334, 335, 336, 337, 574, 575, 576, 577, 578, 579, 580, 581, 582, 583, 584, 585, 586, 587, 588, 589, 590, 591, 592, 593, 594, 595, 596, 597, 598, 599, 600, 601, 602, 603, 604, 605, 606, 607, 608, 609, 610, 611, 612, 613, 614, 615, 616, 617, 618, 619, 620, 621, 622, 623, 624, 625, 626, 627, 628, 629, 630, 631, 632, 633, 634, 635, 636, 637, 638, 639, 640, 641, 642, 643, 644, 645, 646, 647, 648, 649, 650, 651, 652, 653, 654, 655, 656, 657, 658, 659, 660, 661, 662, 663, 664, 665, 666, 667, 668, 669, 670, 671, 672, 673, 674, 675, 676, 677, 678, 679, 680, 681, 682, 683, 684, 685, 686, 687, 688, 689, 690, 691, 692, 693, 694, 695, 696, 697, 698, 699, 700, 701, 702, 703, 704, 705, 706, 707, 708, 709, 710, 711, 712, 713, 714, 715, 716, 717, 718, 719, 720, 721, 722, 723, 724, 725, 726, 727, 728, 729, 730, 731, 732, 733, 734, 735, 736, 737, 738, 739, 740, 741, 742, 743, 744, 745, 746, 747, 748, 749, 750, 751, 752, 753, 754, 755, 756, 757, 758, 759, 760, 761, 762, 763, 764, 765, 766, 767, 768, 769, 770, 771, 772, 773, 774, 775, 776, 777, 778, 779, 780, 781, 782, 783, 784, 785, 786, 787, 788, 789, 790, 791, 792, 793]","[103, 104, 106, 117, 118, 120, 121, 127, 128, 129, 131, 133, 135, 136, 137, 139, 146, 147, 148, 149, 151, 158, 160, 162, 166, 173, 178, 179, 185, 190, 192, 198, 201, 203, 204, 206, 207, 212, 213, 214, 219, 223, 224, 225, 227, 230, 235, 237, 246, 247, 251, 256, 259, 262, 263, 266, 268, 269, 271, 272, 278, 279, 284, 285, 288, 290, 292, 304, 312, 316, 319, 320, 323, 324, 332, 574, 575, 588, 591, 592, 607, 608, 610, 618, 619, 620, 622, 632, 644, 649, 650, 656, 661, 663, 669, 674, 677, 683, 684, 687, 688, 689, 701, 710, 714, 723, 730, 731, 738, 747, 751, 762, 774, 778, 789]",[],[],"[103, 104, 105, 106, 107, 108, 109, 110, 111, 112, 113, 114, 115, 116, 117, 118, 119, 120, 121, 122, 123, 124, 125, 126, 127, 128, 129, 130, 131, 132, 133, 134, 135, 136, 137, 138, 139, 140, 141, 142, 143, 144, 145, 146, 147, 148, 149, 150, 151, 152, 153, 154, 155, 156, 157, 158, 159, 160, 161, 162, 163, 164, 165, 166, 167, 168, 169, 170, 171, 172, 173, 174, 175, 176, 177, 178, 179, 180, 181, 182, 183, 184, 185, 186, 187, 188, 189, 190, 191, 192, 193, 194, 195, 196, 197, 198, 199, 200, 201, 202, 203, 204, 205, 206, 207, 208, 209, 210, 211, 212, 213, 214, 215, 216, 217, 218, 219, 220, 221, 222, 223, 224, 225, 226, 227, 228, 229, 230, 231, 232, 233, 234, 235, 236, 237, 238, 239, 240, 241, 242, 243, 244, 245, 246, 247, 248, 249, 250, 251, 252, 253, 254, 255, 256, 257, 258, 259, 260, 261, 262, 263, 264, 265, 266, 267, 268, 269, 270, 271, 272, 273, 274, 275, 276, 277, 278, 279, 280, 281, 282, 283, 284, 285, 286, 287, 288, 289, 290, 291, 292, 293, 294, 295, 296, 297, 298, 299, 300, 301, 302, 303, 304, 305, 306, 307, 308, 309, 310, 311, 312, 313, 314, 315, 316, 317, 318, 319, 320, 321, 322, 323, 324, 325, 326, 327, 328, 329, 330, 331, 332, 333, 334, 335, 336, 337, 574, 575, 576, 577, 578, 579, 580, 581, 582, 583, 584, 585, 586, 587, 588, 589, 590, 591, 592, 593, 594, 595, 596, 597, 598, 599, 600, 601, 602, 603, 604, 605, 606, 607, 608, 609, 610, 611, 612, 613, 614, 615, 616, 617, 618, 619, 620, 621, 622, 623, 624, 625, 626, 627, 628, 629, 630, 631, 632, 633, 634, 635, 636, 637, 638, 639, 640, 641, 642, 643, 644, 645, 646, 647, 648, 649, 650, 651, 652, 653, 654, 655, 656, 657, 658, 659, 660, 661, 662, 663, 664, 665, 666, 667, 668, 669, 670, 671, 672, 673, 674, 675, 676, 677, 678, 679, 680, 681, 682, 683, 684, 685, 686, 687, 688, 689, 690, 691, 692, 693, 694, 695, 696, 697, 698, 699, 700, 701, 702, 703, 704, 705, 706, 707, 708, 709, 710, 711, 712, 713, 714, 715, 716, 717, 718, 719, 720, 721, 722, 723, 724, 725, 726, 727, 728, 729, 730, 731, 732, 733, 734, 735, 736, 737, 738, 739, 740, 741, 742, 743, 744, 745, 746, 747, 748, 749, 750, 751, 752, 753, 754, 755, 756, 757, 758, 759, 760, 761, 762, 763, 764, 765, 766, 767, 768, 769, 770, 771, 772, 773, 774, 775, 776, 777, 778, 779, 780, 781, 782, 783, 784, 785, 786, 787, 788, 789, 790, 791, 792, 793]",False,"[103, 201, 292, 574, 751]","[103, 104, 105, 106, 107, 108, 109, 110, 111, 112, 113, 114, 115, 116, 117, 118, 119, 120, 121, 122, 123, 124, 125, 126, 127, 128, 129, 130, 131, 132, 133, 134, 135, 136, 137, 138, 139, 140, 141, 142, 143, 144, 145, 146, 147, 148, 149, 150, 151, 152, 153, 154, 155, 156, 157, 158, 159, 160, 161, 162, 163, 164, 165, 166, 167, 168, 169, 170, 171, 172, 173, 174, 175, 176, 177, 178, 179, 180, 181, 182, 183, 184, 185, 186, 187, 188, 189, 190, 191, 192, 193, 194, 195, 196, 197, 198, 199, 200, 201, 202, 203, 204, 205, 206, 207, 208, 209, 210, 211, 212, 213, 214, 215, 216, 217, 218, 219, 220, 221, 222, 223, 224, 225, 226, 227, 228, 229, 230, 231, 232, 233, 234, 235, 236, 237, 238, 239, 240, 241, 242, 243, 244, 245, 246, 247, 248, 249, 250, 251, 252, 253, 254, 255, 256, 257, 258, 259, 260, 261, 262, 263, 264, 265, 266, 267, 268, 269, 270, 271, 272, 273, 274, 275, 276, 277, 278, 279, 280, 281, 282, 283, 284, 285, 286, 287, 288, 289, 290, 291, 292, 293, 294, 295, 296, 297, 298, 299, 300, 301, 302, 303, 304, 305, 306, 307, 308, 309, 310, 311, 312, 313, 314, 315, 316, 317, 318, 319, 320, 321, 322, 323, 324, 325, 326, 327, 328, 329, 330, 331, 332, 333, 334, 335, 336, 337, 574, 575, 576, 577, 578, 579, 580, 581, 582, 583, 584, 585, 586, 587, 588, 589, 590, 591, 592, 593, 594, 595, 596, 597, 598, 599, 600, 601, 602, 603, 604, 605, 606, 607, 608, 609, 610, 611, 612, 613, 614, 615, 616, 617, 618, 619, 620, 621, 622, 623, 624, 625, 626, 627, 628, 629, 630, 631, 632, 633, 634, 635, 636, 637, 638, 639, 640, 641, 642, 643, 644, 645, 646, 647, 648, 649, 650, 651, 652, 653, 654, 655, 656, 657, 658, 659, 660, 661, 662, 663, 664, 665, 666, 667, 668, 669, 670, 671, 672, 673, 674, 675, 676, 677, 678, 679, 680, 681, 682, 683, 684, 685, 686, 687, 688, 689, 690, 691, 692, 693, 694, 695, 696, 697, 698, 699, 700, 701, 702, 703, 704, 705, 706, 707, 708, 709, 710, 711, 712, 713, 714, 715, 716, 717, 718, 719, 720, 721, 722, 723, 724, 725, 726, 727, 728, 729, 730, 731, 732, 733, 734, 735, 736, 737, 738, 739, 740, 741, 742, 743, 744, 745, 746, 747, 748, 749, 750, 751, 752, 753, 754, 755, 756, 757, 758, 759, 760, 761, 762, 763, 764, 765, 766, 767, 768, 769, 770, 771, 772, 773, 774, 775, 776, 777, 778, 779, 780, 781, 782, 783, 784, 785, 786, 787, 788, 789, 790, 791, 792, 793]","[103, 111, 127, 153, 162, 201, 226, 292, 574, 581, 598, 624, 634, 690, 751]",[],"[103, 104, 106, 117, 118, 120, 121, 127, 128, 129, 131, 133, 135, 136, 137, 139, 146, 147, 148, 149, 151, 158, 160, 162, 166, 173, 178, 179, 185, 190, 192, 198, 201, 203, 204, 206, 207, 212, 213, 214, 219, 223, 224, 225, 227, 230, 235, 237, 246, 247, 251, 256, 259, 262, 263, 266, 268, 269, 271, 272, 278, 279, 284, 285, 288, 290, 292, 304, 312, 316, 319, 320, 323, 324, 332, 574, 575, 588, 591, 592, 607, 608, 610, 618, 619, 620, 622, 632, 644, 649, 650, 656, 661, 663, 669, 674, 677, 683, 684, 687, 688, 689, 701, 710, 714, 723, 730, 731, 738, 747, 751, 762, 774, 778, 789]",[],[],7/6 successful match,False,,False,766,False,,,,,
"Bakersfield , 93307 Bruce's Truck Stop W )",661-366-5734 CA 58 & CA 184 ( Weedpatch,) HRS 24 XL,Bakersfield,93307,Bruce's Truck Stop W ),661-366-5734,2007,Bakersfield,CA,,( Weedpatch,CA 58 & CA 184,empty,,False,,False,CA 58,CA 184,,,,[],"[103, 201, 292, 574, 751]","[103, 111, 127, 153, 162, 201, 226, 292, 574, 581, 598, 624, 634, 690, 751]",[],"[103, 104, 105, 106, 107, 108, 109, 110, 111, 112, 113, 114, 115, 116, 117, 118, 119, 120, 121, 122, 123, 124, 125, 126, 127, 128, 129, 130, 131, 132, 133, 134, 135, 136, 137, 138, 139, 140, 141, 142, 143, 144, 145, 146, 147, 148, 149, 150, 151, 152, 153, 154, 155, 156, 157, 158, 159, 160, 161, 162, 163, 164, 165, 166, 167, 168, 169, 170, 171, 172, 173, 174, 175, 176, 177, 178, 179, 180, 181, 182, 183, 184, 185, 186, 187, 188, 189, 190, 191, 192, 193, 194, 195, 196, 197, 198, 199, 200, 201, 202, 203, 204, 205, 206, 207, 208, 209, 210, 211, 212, 213, 214, 215, 216, 217, 218, 219, 220, 221, 222, 223, 224, 225, 226, 227, 228, 229, 230, 231, 232, 233, 234, 235, 236, 237, 238, 239, 240, 241, 242, 243, 244, 245, 246, 247, 248, 249, 250, 251, 252, 253, 254, 255, 256, 257, 258, 259, 260, 261, 262, 263, 264, 265, 266, 267, 268, 269, 270, 271, 272, 273, 274, 275, 276, 277, 278, 279, 280, 281, 282, 283, 284, 285, 286, 287, 288, 289, 290, 291, 292, 293, 294, 295, 296, 297, 298, 299, 300, 301, 302, 303, 304, 305, 306, 307, 308, 309, 310, 311, 312, 313, 314, 315, 316, 317, 318, 319, 320, 321, 322, 323, 324, 325, 326, 327, 328, 329, 330, 331, 332, 333, 334, 335, 336, 337, 574, 575, 576, 577, 578, 579, 580, 581, 582, 583, 584, 585, 586, 587, 588, 589, 590, 591, 592, 593, 594, 595, 596, 597, 598, 599, 600, 601, 602, 603, 604, 605, 606, 607, 608, 609, 610, 611, 612, 613, 614, 615, 616, 617, 618, 619, 620, 621, 622, 623, 624, 625, 626, 627, 628, 629, 630, 631, 632, 633, 634, 635, 636, 637, 638, 639, 640, 641, 642, 643, 644, 645, 646, 647, 648, 649, 650, 651, 652, 653, 654, 655, 656, 657, 658, 659, 660, 661, 662, 663, 664, 665, 666, 667, 668, 669, 670, 671, 672, 673, 674, 675, 676, 677, 678, 679, 680, 681, 682, 683, 684, 685, 686, 687, 688, 689, 690, 691, 692, 693, 694, 695, 696, 697, 698, 699, 700, 701, 702, 703, 704, 705, 706, 707, 708, 709, 710, 711, 712, 713, 714, 715, 716, 717, 718, 719, 720, 721, 722, 723, 724, 725, 726, 727, 728, 729, 730, 731, 732, 733, 734, 735, 736, 737, 738, 739, 740, 741, 742, 743, 744, 745, 746, 747, 748, 749, 750, 751, 752, 753, 754, 755, 756, 757, 758, 759, 760, 761, 762, 763, 764, 765, 766, 767, 768, 769, 770, 771, 772, 773, 774, 775, 776, 777, 778, 779, 780, 781, 782, 783, 784, 785, 786, 787, 788, 789, 790, 791, 792, 793]","[103, 104, 106, 117, 118, 120, 121, 127, 128, 129, 131, 133, 135, 136, 137, 139, 146, 147, 148, 149, 151, 158, 160, 162, 166, 173, 178, 179, 185, 190, 192, 198, 201, 203, 204, 206, 207, 212, 213, 214, 219, 223, 224, 225, 227, 230, 235, 237, 246, 247, 251, 256, 259, 262, 263, 266, 268, 269, 271, 272, 278, 279, 284, 285, 288, 290, 292, 304, 312, 316, 319, 320, 323, 324, 332, 574, 575, 588, 591, 592, 607, 608, 610, 618, 619, 620, 622, 632, 644, 649, 650, 656, 661, 663, 669, 674, 677, 683, 684, 687, 688, 689, 701, 710, 714, 723, 730, 731, 738, 747, 751, 762, 774, 778, 789]",[],[],"[103, 104, 105, 106, 107, 108, 109, 110, 111, 112, 113, 114, 115, 116, 117, 118, 119, 120, 121, 122, 123, 124, 125, 126, 127, 128, 129, 130, 131, 132, 133, 134, 135, 136, 137, 138, 139, 140, 141, 142, 143, 144, 145, 146, 147, 148, 149, 150, 151, 152, 153, 154, 155, 156, 157, 158, 159, 160, 161, 162, 163, 164, 165, 166, 167, 168, 169, 170, 171, 172, 173, 174, 175, 176, 177, 178, 179, 180, 181, 182, 183, 184, 185, 186, 187, 188, 189, 190, 191, 192, 193, 194, 195, 196, 197, 198, 199, 200, 201, 202, 203, 204, 205, 206, 207, 208, 209, 210, 211, 212, 213, 214, 215, 216, 217, 218, 219, 220, 221, 222, 223, 224, 225, 226, 227, 228, 229, 230, 231, 232, 233, 234, 235, 236, 237, 238, 239, 240, 241, 242, 243, 244, 245, 246, 247, 248, 249, 250, 251, 252, 253, 254, 255, 256, 257, 258, 259, 260, 261, 262, 263, 264, 265, 266, 267, 268, 269, 270, 271, 272, 273, 274, 275, 276, 277, 278, 279, 280, 281, 282, 283, 284, 285, 286, 287, 288, 289, 290, 291, 292, 293, 294, 295, 296, 297, 298, 299, 300, 301, 302, 303, 304, 305, 306, 307, 308, 309, 310, 311, 312, 313, 314, 315, 316, 317, 318, 319, 320, 321, 322, 323, 324, 325, 326, 327, 328, 329, 330, 331, 332, 333, 334, 335, 336, 337, 574, 575, 576, 577, 578, 579, 580, 581, 582, 583, 584, 585, 586, 587, 588, 589, 590, 591, 592, 593, 594, 595, 596, 597, 598, 599, 600, 601, 602, 603, 604, 605, 606, 607, 608, 609, 610, 611, 612, 613, 614, 615, 616, 617, 618, 619, 620, 621, 622, 623, 624, 625, 626, 627, 628, 629, 630, 631, 632, 633, 634, 635, 636, 637, 638, 639, 640, 641, 642, 643, 644, 645, 646, 647, 648, 649, 650, 651, 652, 653, 654, 655, 656, 657, 658, 659, 660, 661, 662, 663, 664, 665, 666, 667, 668, 669, 670, 671, 672, 673, 674, 675, 676, 677, 678, 679, 680, 681, 682, 683, 684, 685, 686, 687, 688, 689, 690, 691, 692, 693, 694, 695, 696, 697, 698, 699, 700, 701, 702, 703, 704, 705, 706, 707, 708, 709, 710, 711, 712, 713, 714, 715, 716, 717, 718, 719, 720, 721, 722, 723, 724, 725, 726, 727, 728, 729, 730, 731, 732, 733, 734, 735, 736, 737, 738, 739, 740, 741, 742, 743, 744, 745, 746, 747, 748, 749, 750, 751, 752, 753, 754, 755, 756, 757, 758, 759, 760, 761, 762, 763, 764, 765, 766, 767, 768, 769, 770, 771, 772, 773, 774, 775, 776, 777, 778, 779, 780, 781, 782, 783, 784, 785, 786, 787, 788, 789, 790, 791, 792, 793]",False,"[103, 201, 292, 574, 751]","[103, 104, 105, 106, 107, 108, 109, 110, 111, 112, 113, 114, 115, 116, 117, 118, 119, 120, 121, 122, 123, 124, 125, 126, 127, 128, 129, 130, 131, 132, 133, 134, 135, 136, 137, 138, 139, 140, 141, 142, 143, 144, 145, 146, 147, 148, 149, 150, 151, 152, 153, 154, 155, 156, 157, 158, 159, 160, 161, 162, 163, 164, 165, 166, 167, 168, 169, 170, 171, 172, 173, 174, 175, 176, 177, 178, 179, 180, 181, 182, 183, 184, 185, 186, 187, 188, 189, 190, 191, 192, 193, 194, 195, 196, 197, 198, 199, 200, 201, 202, 203, 204, 205, 206, 207, 208, 209, 210, 211, 212, 213, 214, 215, 216, 217, 218, 219, 220, 221, 222, 223, 224, 225, 226, 227, 228, 229, 230, 231, 232, 233, 234, 235, 236, 237, 238, 239, 240, 241, 242, 243, 244, 245, 246, 247, 248, 249, 250, 251, 252, 253, 254, 255, 256, 257, 258, 259, 260, 261, 262, 263, 264, 265, 266, 267, 268, 269, 270, 271, 272, 273, 274, 275, 276, 277, 278, 279, 280, 281, 282, 283, 284, 285, 286, 287, 288, 289, 290, 291, 292, 293, 294, 295, 296, 297, 298, 299, 300, 301, 302, 303, 304, 305, 306, 307, 308, 309, 310, 311, 312, 313, 314, 315, 316, 317, 318, 319, 320, 321, 322, 323, 324, 325, 326, 327, 328, 329, 330, 331, 332, 333, 334, 335, 336, 337, 574, 575, 576, 577, 578, 579, 580, 581, 582, 583, 584, 585, 586, 587, 588, 589, 590, 591, 592, 593, 594, 595, 596, 597, 598, 599, 600, 601, 602, 603, 604, 605, 606, 607, 608, 609, 610, 611, 612, 613, 614, 615, 616, 617, 618, 619, 620, 621, 622, 623, 624, 625, 626, 627, 628, 629, 630, 631, 632, 633, 634, 635, 636, 637, 638, 639, 640, 641, 642, 643, 644, 645, 646, 647, 648, 649, 650, 651, 652, 653, 654, 655, 656, 657, 658, 659, 660, 661, 662, 663, 664, 665, 666, 667, 668, 669, 670, 671, 672, 673, 674, 675, 676, 677, 678, 679, 680, 681, 682, 683, 684, 685, 686, 687, 688, 689, 690, 691, 692, 693, 694, 695, 696, 697, 698, 699, 700, 701, 702, 703, 704, 705, 706, 707, 708, 709, 710, 711, 712, 713, 714, 715, 716, 717, 718, 719, 720, 721, 722, 723, 724, 725, 726, 727, 728, 729, 730, 731, 732, 733, 734, 735, 736, 737, 738, 739, 740, 741, 742, 743, 744, 745, 746, 747, 748, 749, 750, 751, 752, 753, 754, 755, 756, 757, 758, 759, 760, 761, 762, 763, 764, 765, 766, 767, 768, 769, 770, 771, 772, 773, 774, 775, 776, 777, 778, 779, 780, 781, 782, 783, 784, 785, 786, 787, 788, 789, 790, 791, 792, 793]","[103, 111, 127, 153, 162, 201, 226, 292, 574, 581, 598, 624, 634, 690, 751]",[],"[103, 104, 106, 117, 118, 120, 121, 127, 128, 129, 131, 133, 135, 136, 137, 139, 146, 147, 148, 149, 151, 158, 160, 162, 166, 173, 178, 179, 185, 190, 192, 198, 201, 203, 204, 206, 207, 212, 213, 214, 219, 223, 224, 225, 227, 230, 235, 237, 246, 247, 251, 256, 259, 262, 263, 266, 268, 269, 271, 272, 278, 279, 284, 285, 288, 290, 292, 304, 312, 316, 319, 320, 323, 324, 332, 574, 575, 588, 591, 592, 607, 608, 610, 618, 619, 620, 622, 632, 644, 649, 650, 656, 661, 663, 669, 674, 677, 683, 684, 687, 688, 689, 701, 710, 714, 723, 730, 731, 738, 747, 751, 762, 774, 778, 789]",[],[],7/6 successful match,False,,False,766,False,,0.8700000000000001,True,Bruce's Truck Stop,
"Bakersfield , 93307 Bruce's Truck Stop",4 661-366-5734 CA 58 & CA 184 ( Weedpatch Hwy N ),24 XL,Bakersfield,93307,Bruce's Truck Stop,661-366-5734,2008,Bakersfield,CA,,( Weedpatch Hwy N ),CA 58 & CA 184,empty,,False,,False,CA 58,CA 184,,,,[],"[103, 201, 292, 574, 751]","[103, 111, 127, 153, 162, 201, 226, 292, 574, 581, 598, 624, 634, 690, 751]",[],"[103, 104, 105, 106, 107, 108, 109, 110, 111, 112, 113, 114, 115, 116, 117, 118, 119, 120, 121, 122, 123, 124, 125, 126, 127, 128, 129, 130, 131, 132, 133, 134, 135, 136, 137, 138, 139, 140, 141, 142, 143, 144, 145, 146, 147, 148, 149, 150, 151, 152, 153, 154, 155, 156, 157, 158, 159, 160, 161, 162, 163, 164, 165, 166, 167, 168, 169, 170, 171, 172, 173, 174, 175, 176, 177, 178, 179, 180, 181, 182, 183, 184, 185, 186, 187, 188, 189, 190, 191, 192, 193, 194, 195, 196, 197, 198, 199, 200, 201, 202, 203, 204, 205, 206, 207, 208, 209, 210, 211, 212, 213, 214, 215, 216, 217, 218, 219, 220, 221, 222, 223, 224, 225, 226, 227, 228, 229, 230, 231, 232, 233, 234, 235, 236, 237, 238, 239, 240, 241, 242, 243, 244, 245, 246, 247, 248, 249, 250, 251, 252, 253, 254, 255, 256, 257, 258, 259, 260, 261, 262, 263, 264, 265, 266, 267, 268, 269, 270, 271, 272, 273, 274, 275, 276, 277, 278, 279, 280, 281, 282, 283, 284, 285, 286, 287, 288, 289, 290, 291, 292, 293, 294, 295, 296, 297, 298, 299, 300, 301, 302, 303, 304, 305, 306, 307, 308, 309, 310, 311, 312, 313, 314, 315, 316, 317, 318, 319, 320, 321, 322, 323, 324, 325, 326, 327, 328, 329, 330, 331, 332, 333, 334, 335, 336, 337, 574, 575, 576, 577, 578, 579, 580, 581, 582, 583, 584, 585, 586, 587, 588, 589, 590, 591, 592, 593, 594, 595, 596, 597, 598, 599, 600, 601, 602, 603, 604, 605, 606, 607, 608, 609, 610, 611, 612, 613, 614, 615, 616, 617, 618, 619, 620, 621, 622, 623, 624, 625, 626, 627, 628, 629, 630, 631, 632, 633, 634, 635, 636, 637, 638, 639, 640, 641, 642, 643, 644, 645, 646, 647, 648, 649, 650, 651, 652, 653, 654, 655, 656, 657, 658, 659, 660, 661, 662, 663, 664, 665, 666, 667, 668, 669, 670, 671, 672, 673, 674, 675, 676, 677, 678, 679, 680, 681, 682, 683, 684, 685, 686, 687, 688, 689, 690, 691, 692, 693, 694, 695, 696, 697, 698, 699, 700, 701, 702, 703, 704, 705, 706, 707, 708, 709, 710, 711, 712, 713, 714, 715, 716, 717, 718, 719, 720, 721, 722, 723, 724, 725, 726, 727, 728, 729, 730, 731, 732, 733, 734, 735, 736, 737, 738, 739, 740, 741, 742, 743, 744, 745, 746, 747, 748, 749, 750, 751, 752, 753, 754, 755, 756, 757, 758, 759, 760, 761, 762, 763, 764, 765, 766, 767, 768, 769, 770, 771, 772, 773, 774, 775, 776, 777, 778, 779, 780, 781, 782, 783, 784, 785, 786, 787, 788, 789, 790, 791, 792, 793]","[103, 104, 106, 117, 118, 120, 121, 127, 128, 129, 131, 133, 135, 136, 137, 139, 146, 147, 148, 149, 151, 158, 160, 162, 166, 173, 178, 179, 185, 190, 192, 198, 201, 203, 204, 206, 207, 212, 213, 214, 219, 223, 224, 225, 227, 230, 235, 237, 246, 247, 251, 256, 259, 262, 263, 266, 268, 269, 271, 272, 278, 279, 284, 285, 288, 290, 292, 304, 312, 316, 319, 320, 323, 324, 332, 574, 575, 588, 591, 592, 607, 608, 610, 618, 619, 620, 622, 632, 644, 649, 650, 656, 661, 663, 669, 674, 677, 683, 684, 687, 688, 689, 701, 710, 714, 723, 730, 731, 738, 747, 751, 762, 774, 778, 789]",[],[],"[103, 104, 105, 106, 107, 108, 109, 110, 111, 112, 113, 114, 115, 116, 117, 118, 119, 120, 121, 122, 123, 124, 125, 126, 127, 128, 129, 130, 131, 132, 133, 134, 135, 136, 137, 138, 139, 140, 141, 142, 143, 144, 145, 146, 147, 148, 149, 150, 151, 152, 153, 154, 155, 156, 157, 158, 159, 160, 161, 162, 163, 164, 165, 166, 167, 168, 169, 170, 171, 172, 173, 174, 175, 176, 177, 178, 179, 180, 181, 182, 183, 184, 185, 186, 187, 188, 189, 190, 191, 192, 193, 194, 195, 196, 197, 198, 199, 200, 201, 202, 203, 204, 205, 206, 207, 208, 209, 210, 211, 212, 213, 214, 215, 216, 217, 218, 219, 220, 221, 222, 223, 224, 225, 226, 227, 228, 229, 230, 231, 232, 233, 234, 235, 236, 237, 238, 239, 240, 241, 242, 243, 244, 245, 246, 247, 248, 249, 250, 251, 252, 253, 254, 255, 256, 257, 258, 259, 260, 261, 262, 263, 264, 265, 266, 267, 268, 269, 270, 271, 272, 273, 274, 275, 276, 277, 278, 279, 280, 281, 282, 283, 284, 285, 286, 287, 288, 289, 290, 291, 292, 293, 294, 295, 296, 297, 298, 299, 300, 301, 302, 303, 304, 305, 306, 307, 308, 309, 310, 311, 312, 313, 314, 315, 316, 317, 318, 319, 320, 321, 322, 323, 324, 325, 326, 327, 328, 329, 330, 331, 332, 333, 334, 335, 336, 337, 574, 575, 576, 577, 578, 579, 580, 581, 582, 583, 584, 585, 586, 587, 588, 589, 590, 591, 592, 593, 594, 595, 596, 597, 598, 599, 600, 601, 602, 603, 604, 605, 606, 607, 608, 609, 610, 611, 612, 613, 614, 615, 616, 617, 618, 619, 620, 621, 622, 623, 624, 625, 626, 627, 628, 629, 630, 631, 632, 633, 634, 635, 636, 637, 638, 639, 640, 641, 642, 643, 644, 645, 646, 647, 648, 649, 650, 651, 652, 653, 654, 655, 656, 657, 658, 659, 660, 661, 662, 663, 664, 665, 666, 667, 668, 669, 670, 671, 672, 673, 674, 675, 676, 677, 678, 679, 680, 681, 682, 683, 684, 685, 686, 687, 688, 689, 690, 691, 692, 693, 694, 695, 696, 697, 698, 699, 700, 701, 702, 703, 704, 705, 706, 707, 708, 709, 710, 711, 712, 713, 714, 715, 716, 717, 718, 719, 720, 721, 722, 723, 724, 725, 726, 727, 728, 729, 730, 731, 732, 733, 734, 735, 736, 737, 738, 739, 740, 741, 742, 743, 744, 745, 746, 747, 748, 749, 750, 751, 752, 753, 754, 755, 756, 757, 758, 759, 760, 761, 762, 763, 764, 765, 766, 767, 768, 769, 770, 771, 772, 773, 774, 775, 776, 777, 778, 779, 780, 781, 782, 783, 784, 785, 786, 787, 788, 789, 790, 791, 792, 793]",False,"[103, 201, 292, 574, 751]","[103, 104, 105, 106, 107, 108, 109, 110, 111, 112, 113, 114, 115, 116, 117, 118, 119, 120, 121, 122, 123, 124, 125, 126, 127, 128, 129, 130, 131, 132, 133, 134, 135, 136, 137, 138, 139, 140, 141, 142, 143, 144, 145, 146, 147, 148, 149, 150, 151, 152, 153, 154, 155, 156, 157, 158, 159, 160, 161, 162, 163, 164, 165, 166, 167, 168, 169, 170, 171, 172, 173, 174, 175, 176, 177, 178, 179, 180, 181, 182, 183, 184, 185, 186, 187, 188, 189, 190, 191, 192, 193, 194, 195, 196, 197, 198, 199, 200, 201, 202, 203, 204, 205, 206, 207, 208, 209, 210, 211, 212, 213, 214, 215, 216, 217, 218, 219, 220, 221, 222, 223, 224, 225, 226, 227, 228, 229, 230, 231, 232, 233, 234, 235, 236, 237, 238, 239, 240, 241, 242, 243, 244, 245, 246, 247, 248, 249, 250, 251, 252, 253, 254, 255, 256, 257, 258, 259, 260, 261, 262, 263, 264, 265, 266, 267, 268, 269, 270, 271, 272, 273, 274, 275, 276, 277, 278, 279, 280, 281, 282, 283, 284, 285, 286, 287, 288, 289, 290, 291, 292, 293, 294, 295, 296, 297, 298, 299, 300, 301, 302, 303, 304, 305, 306, 307, 308, 309, 310, 311, 312, 313, 314, 315, 316, 317, 318, 319, 320, 321, 322, 323, 324, 325, 326, 327, 328, 329, 330, 331, 332, 333, 334, 335, 336, 337, 574, 575, 576, 577, 578, 579, 580, 581, 582, 583, 584, 585, 586, 587, 588, 589, 590, 591, 592, 593, 594, 595, 596, 597, 598, 599, 600, 601, 602, 603, 604, 605, 606, 607, 608, 609, 610, 611, 612, 613, 614, 615, 616, 617, 618, 619, 620, 621, 622, 623, 624, 625, 626, 627, 628, 629, 630, 631, 632, 633, 634, 635, 636, 637, 638, 639, 640, 641, 642, 643, 644, 645, 646, 647, 648, 649, 650, 651, 652, 653, 654, 655, 656, 657, 658, 659, 660, 661, 662, 663, 664, 665, 666, 667, 668, 669, 670, 671, 672, 673, 674, 675, 676, 677, 678, 679, 680, 681, 682, 683, 684, 685, 686, 687, 688, 689, 690, 691, 692, 693, 694, 695, 696, 697, 698, 699, 700, 701, 702, 703, 704, 705, 706, 707, 708, 709, 710, 711, 712, 713, 714, 715, 716, 717, 718, 719, 720, 721, 722, 723, 724, 725, 726, 727, 728, 729, 730, 731, 732, 733, 734, 735, 736, 737, 738, 739, 740, 741, 742, 743, 744, 745, 746, 747, 748, 749, 750, 751, 752, 753, 754, 755, 756, 757, 758, 759, 760, 761, 762, 763, 764, 765, 766, 767, 768, 769, 770, 771, 772, 773, 774, 775, 776, 777, 778, 779, 780, 781, 782, 783, 784, 785, 786, 787, 788, 789, 790, 791, 792, 793]","[103, 111, 127, 153, 162, 201, 226, 292, 574, 581, 598, 624, 634, 690, 751]",[],"[103, 104, 106, 117, 118, 120, 121, 127, 128, 129, 131, 133, 135, 136, 137, 139, 146, 147, 148, 149, 151, 158, 160, 162, 166, 173, 178, 179, 185, 190, 192, 198, 201, 203, 204, 206, 207, 212, 213, 214, 219, 223, 224, 225, 227, 230, 235, 237, 246, 247, 251, 256, 259, 262, 263, 266, 268, 269, 271, 272, 278, 279, 284, 285, 288, 290, 292, 304, 312, 316, 319, 320, 323, 324, 332, 574, 575, 588, 591, 592, 607, 608, 610, 618, 619, 620, 622, 632, 644, 649, 650, 656, 661, 663, 669, 674, 677, 683, 684, 687, 688, 689, 701, 710, 714, 723, 730, 731, 738, 747, 751, 762, 774, 778, 789]",[],[],7/6 successful match,False,,False,766,False,,0.8700000000000001,True,Bruce's Truck Stop W ),
"Pumpkin Ctr , 93309 Mikuls Pumpkin Center Truck Terminal",661-832-5390 CA 99 Exit 18 ( CA 119 ),HRS 124 MO,Pumpkin Ctr,93309,Mikuls Pumpkin Center Truck Terminal,661-832-5390,2006,Bakersfield,CA,,( CA 119 ),CA 99 Exit 18 ,Exit,18,False,,False,CA 99,,,,,[],[],"[103, 111, 127, 153, 162, 201, 226, 292, 574, 581, 598, 624, 634, 690, 751]","[197, 201, 668]","[103, 104, 105, 106, 107, 108, 109, 110, 111, 112, 113, 114, 115, 116, 117, 118, 119, 120, 121, 122, 123, 124, 125, 126, 127, 128, 129, 130, 131, 132, 133, 134, 135, 136, 137, 138, 139, 140, 141, 142, 143, 144, 145, 146, 147, 148, 149, 150, 151, 152, 153, 154, 155, 156, 157, 158, 159, 160, 161, 162, 163, 164, 165, 166, 167, 168, 169, 170, 171, 172, 173, 174, 175, 176, 177, 178, 179, 180, 181, 182, 183, 184, 185, 186, 187, 188, 189, 190, 191, 192, 193, 194, 195, 196, 197, 198, 199, 200, 201, 202, 203, 204, 205, 206, 207, 208, 209, 210, 211, 212, 213, 214, 215, 216, 217, 218, 219, 220, 221, 222, 223, 224, 225, 226, 227, 228, 229, 230, 231, 232, 233, 234, 235, 236, 237, 238, 239, 240, 241, 242, 243, 244, 245, 246, 247, 248, 249, 250, 251, 252, 253, 254, 255, 256, 257, 258, 259, 260, 261, 262, 263, 264, 265, 266, 267, 268, 269, 270, 271, 272, 273, 274, 275, 276, 277, 278, 279, 280, 281, 282, 283, 284, 285, 286, 287, 288, 289, 290, 291, 292, 293, 294, 295, 296, 297, 298, 299, 300, 301, 302, 303, 304, 305, 306, 307, 308, 309, 310, 311, 312, 313, 314, 315, 316, 317, 318, 319, 320, 321, 322, 323, 324, 325, 326, 327, 328, 329, 330, 331, 332, 333, 334, 335, 336, 337, 574, 575, 576, 577, 578, 579, 580, 581, 582, 583, 584, 585, 586, 587, 588, 589, 590, 591, 592, 593, 594, 595, 596, 597, 598, 599, 600, 601, 602, 603, 604, 605, 606, 607, 608, 609, 610, 611, 612, 613, 614, 615, 616, 617, 618, 619, 620, 621, 622, 623, 624, 625, 626, 627, 628, 629, 630, 631, 632, 633, 634, 635, 636, 637, 638, 639, 640, 641, 642, 643, 644, 645, 646, 647, 648, 649, 650, 651, 652, 653, 654, 655, 656, 657, 658, 659, 660, 661, 662, 663, 664, 665, 666, 667, 668, 669, 670, 671, 672, 673, 674, 675, 676, 677, 678, 679, 680, 681, 682, 683, 684, 685, 686, 687, 688, 689, 690, 691, 692, 693, 694, 695, 696, 697, 698, 699, 700, 701, 702, 703, 704, 705, 706, 707, 708, 709, 710, 711, 712, 713, 714, 715, 716, 717, 718, 719, 720, 721, 722, 723, 724, 725, 726, 727, 728, 729, 730, 731, 732, 733, 734, 735, 736, 737, 738, 739, 740, 741, 742, 743, 744, 745, 746, 747, 748, 749, 750, 751, 752, 753, 754, 755, 756, 757, 758, 759, 760, 761, 762, 763, 764, 765, 766, 767, 768, 769, 770, 771, 772, 773, 774, 775, 776, 777, 778, 779, 780, 781, 782, 783, 784, 785, 786, 787, 788, 789, 790, 791, 792, 793]","[10, 75, 103, 104, 106, 117, 118, 120, 127, 128, 129, 131, 133, 135, 136, 137, 139, 146, 147, 148, 149, 151, 158, 160, 162, 166, 173, 178, 179, 185, 190, 192, 198, 201, 203, 204, 206, 207, 212, 213, 214, 219, 223, 224, 225, 227, 230, 235, 237, 246, 247, 256, 259, 262, 263, 266, 268, 269, 271, 272, 278, 279, 284, 285, 288, 290, 292, 304, 306, 312, 316, 319, 320, 323, 324, 329, 332, 335, 495, 549, 574, 575, 577, 588, 589, 591, 598, 599, 600, 602, 604, 606, 607, 608, 610, 617, 618, 619, 620, 622, 625, 630, 632, 634, 638, 644, 649, 650, 656, 661, 663, 669, 673, 674, 676, 677, 682, 683, 684, 687, 688, 689, 691, 694, 699, 701, 710, 718, 722, 723, 727, 728, 730, 731, 737, 738, 743, 744, 747, 749, 751, 762, 764, 770, 774, 777, 778, 781, 782, 789, 791]",[],"[99, 126, 570, 597]","[10, 75, 99, 103, 104, 105, 106, 107, 108, 109, 110, 111, 112, 113, 114, 115, 116, 117, 118, 119, 120, 121, 122, 123, 124, 125, 126, 127, 128, 129, 130, 131, 132, 133, 134, 135, 136, 137, 138, 139, 140, 141, 142, 143, 144, 145, 146, 147, 148, 149, 150, 151, 152, 153, 154, 155, 156, 157, 158, 159, 160, 161, 162, 163, 164, 165, 166, 167, 168, 169, 170, 171, 172, 173, 174, 175, 176, 177, 178, 179, 180, 181, 182, 183, 184, 185, 186, 187, 188, 189, 190, 191, 192, 193, 194, 195, 196, 197, 198, 199, 200, 201, 202, 203, 204, 205, 206, 207, 208, 209, 210, 211, 212, 213, 214, 215, 216, 217, 218, 219, 220, 221, 222, 223, 224, 225, 226, 227, 228, 229, 230, 231, 232, 233, 234, 235, 236, 237, 238, 239, 240, 241, 242, 243, 244, 245, 246, 247, 248, 249, 250, 251, 252, 253, 254, 255, 256, 257, 258, 259, 260, 261, 262, 263, 264, 265, 266, 267, 268, 269, 270, 271, 272, 273, 274, 275, 276, 277, 278, 279, 280, 281, 282, 283, 284, 285, 286, 287, 288, 289, 290, 291, 292, 293, 294, 295, 296, 297, 298, 299, 300, 301, 302, 303, 304, 305, 306, 307, 308, 309, 310, 311, 312, 313, 314, 315, 316, 317, 318, 319, 320, 321, 322, 323, 324, 325, 326, 327, 328, 329, 330, 331, 332, 333, 334, 335, 336, 337, 495, 549, 570, 574, 575, 576, 577, 578, 579, 580, 581, 582, 583, 584, 585, 586, 587, 588, 589, 590, 591, 592, 593, 594, 595, 596, 597, 598, 599, 600, 601, 602, 603, 604, 605, 606, 607, 608, 609, 610, 611, 612, 613, 614, 615, 616, 617, 618, 619, 620, 621, 622, 623, 624, 625, 626, 627, 628, 629, 630, 631, 632, 633, 634, 635, 636, 637, 638, 639, 640, 641, 642, 643, 644, 645, 646, 647, 648, 649, 650, 651, 652, 653, 654, 655, 656, 657, 658, 659, 660, 661, 662, 663, 664, 665, 666, 667, 668, 669, 670, 671, 672, 673, 674, 675, 676, 677, 678, 679, 680, 681, 682, 683, 684, 685, 686, 687, 688, 689, 690, 691, 692, 693, 694, 695, 696, 697, 698, 699, 700, 701, 702, 703, 704, 705, 706, 707, 708, 709, 710, 711, 712, 713, 714, 715, 716, 717, 718, 719, 720, 721, 722, 723, 724, 725, 726, 727, 728, 729, 730, 731, 732, 733, 734, 735, 736, 737, 738, 739, 740, 741, 742, 743, 744, 745, 746, 747, 748, 749, 750, 751, 752, 753, 754, 755, 756, 757, 758, 759, 760, 761, 762, 763, 764, 765, 766, 767, 768, 769, 770, 771, 772, 773, 774, 775, 776, 777, 778, 779, 780, 781, 782, 783, 784, 785, 786, 787, 788, 789, 790, 791, 792, 793]",False,[],"[103, 104, 105, 106, 107, 108, 109, 110, 111, 112, 113, 114, 115, 116, 117, 118, 119, 120, 121, 122, 123, 124, 125, 126, 127, 128, 129, 130, 131, 132, 133, 134, 135, 136, 137, 138, 139, 140, 141, 142, 143, 144, 145, 146, 147, 148, 149, 150, 151, 152, 153, 154, 155, 156, 157, 158, 159, 160, 161, 162, 163, 164, 165, 166, 167, 168, 169, 170, 171, 172, 173, 174, 175, 176, 177, 178, 179, 180, 181, 182, 183, 184, 185, 186, 187, 188, 189, 190, 191, 192, 193, 194, 195, 196, 197, 198, 199, 200, 201, 202, 203, 204, 205, 206, 207, 208, 209, 210, 211, 212, 213, 214, 215, 216, 217, 218, 219, 220, 221, 222, 223, 224, 225, 226, 227, 228, 229, 230, 231, 232, 233, 234, 235, 236, 237, 238, 239, 240, 241, 242, 243, 244, 245, 246, 247, 248, 249, 250, 251, 252, 253, 254, 255, 256, 257, 258, 259, 260, 261, 262, 263, 264, 265, 266, 267, 268, 269, 270, 271, 272, 273, 274, 275, 276, 277, 278, 279, 280, 281, 282, 283, 284, 285, 286, 287, 288, 289, 290, 291, 292, 293, 294, 295, 296, 297, 298, 299, 300, 301, 302, 303, 304, 305, 306, 307, 308, 309, 310, 311, 312, 313, 314, 315, 316, 317, 318, 319, 320, 321, 322, 323, 324, 325, 326, 327, 328, 329, 330, 331, 332, 333, 334, 335, 336, 337, 574, 575, 576, 577, 578, 579, 580, 581, 582, 583, 584, 585, 586, 587, 588, 589, 590, 591, 592, 593, 594, 595, 596, 597, 598, 599, 600, 601, 602, 603, 604, 605, 606, 607, 608, 609, 610, 611, 612, 613, 614, 615, 616, 617, 618, 619, 620, 621, 622, 623, 624, 625, 626, 627, 628, 629, 630, 631, 632, 633, 634, 635, 636, 637, 638, 639, 640, 641, 642, 643, 644, 645, 646, 647, 648, 649, 650, 651, 652, 653, 654, 655, 656, 657, 658, 659, 660, 661, 662, 663, 664, 665, 666, 667, 668, 669, 670, 671, 672, 673, 674, 675, 676, 677, 678, 679, 680, 681, 682, 683, 684, 685, 686, 687, 688, 689, 690, 691, 692, 693, 694, 695, 696, 697, 698, 699, 700, 701, 702, 703, 704, 705, 706, 707, 708, 709, 710, 711, 712, 713, 714, 715, 716, 717, 718, 719, 720, 721, 722, 723, 724, 725, 726, 727, 728, 729, 730, 731, 732, 733, 734, 735, 736, 737, 738, 739, 740, 741, 742, 743, 744, 745, 746, 747, 748, 749, 750, 751, 752, 753, 754, 755, 756, 757, 758, 759, 760, 761, 762, 763, 764, 765, 766, 767, 768, 769, 770, 771, 772, 773, 774, 775, 776, 777, 778, 779, 780, 781, 782, 783, 784, 785, 786, 787, 788, 789, 790, 791, 792, 793]","[103, 111, 127, 153, 162, 201, 226, 292, 574, 581, 598, 624, 634, 690, 751]","[197, 201, 668]","[10, 75, 103, 104, 106, 117, 118, 120, 127, 128, 129, 131, 133, 135, 136, 137, 139, 146, 147, 148, 149, 151, 158, 160, 162, 166, 173, 178, 179, 185, 190, 192, 198, 201, 203, 204, 206, 207, 212, 213, 214, 219, 223, 224, 225, 227, 230, 235, 237, 246, 247, 256, 259, 262, 263, 266, 268, 269, 271, 272, 278, 279, 284, 285, 288, 290, 292, 304, 306, 312, 316, 319, 320, 323, 324, 329, 332, 335, 495, 549, 574, 575, 577, 588, 589, 591, 598, 599, 600, 602, 604, 606, 607, 608, 610, 617, 618, 619, 620, 622, 625, 630, 632, 634, 638, 644, 649, 650, 656, 661, 663, 669, 673, 674, 676, 677, 682, 683, 684, 687, 688, 689, 691, 694, 699, 701, 710, 718, 722, 723, 727, 728, 730, 731, 737, 738, 743, 744, 747, 749, 751, 762, 764, 770, 774, 777, 778, 781, 782, 789, 791]","[99, 126, 570, 597]",[],5/6 successful match,False,,False,767,False,,,,,
Pumpkin Center ( 93313 ) Mikuls Pumpkin Ctr Truck Roost Terminal Rd ),651-832-5390 CA 99 Exit 18 ( CA 119 W ),D <U+25A1> <U+25A1> <U+2610> <U+25A1>,Pumpkin Center,93313,Mikuls Pumpkin Ctr Truck Roost Terminal Rd ),651-832-5390,2016,Bakersfield,CA,,( CA 119 W ),CA 99 Exit 18 ,Exit,18,False,,False,CA 99,,,,,[],"[127, 290, 598, 749]","[103, 111, 127, 153, 162, 201, 226, 292, 574, 581, 598, 624, 634, 690, 751]","[197, 201, 668]","[103, 104, 105, 106, 107, 108, 109, 110, 111, 112, 113, 114, 115, 116, 117, 118, 119, 120, 121, 122, 123, 124, 125, 126, 127, 128, 129, 130, 131, 132, 133, 134, 135, 136, 137, 138, 139, 140, 141, 142, 143, 144, 145, 146, 147, 148, 149, 150, 151, 152, 153, 154, 155, 156, 157, 158, 159, 160, 161, 162, 163, 164, 165, 166, 167, 168, 169, 170, 171, 172, 173, 174, 175, 176, 177, 178, 179, 180, 181, 182, 183, 184, 185, 186, 187, 188, 189, 190, 191, 192, 193, 194, 195, 196, 197, 198, 199, 200, 201, 202, 203, 204, 205, 206, 207, 208, 209, 210, 211, 212, 213, 214, 215, 216, 217, 218, 219, 220, 221, 222, 223, 224, 225, 226, 227, 228, 229, 230, 231, 232, 233, 234, 235, 236, 237, 238, 239, 240, 241, 242, 243, 244, 245, 246, 247, 248, 249, 250, 251, 252, 253, 254, 255, 256, 257, 258, 259, 260, 261, 262, 263, 264, 265, 266, 267, 268, 269, 270, 271, 272, 273, 274, 275, 276, 277, 278, 279, 280, 281, 282, 283, 284, 285, 286, 287, 288, 289, 290, 291, 292, 293, 294, 295, 296, 297, 298, 299, 300, 301, 302, 303, 304, 305, 306, 307, 308, 309, 310, 311, 312, 313, 314, 315, 316, 317, 318, 319, 320, 321, 322, 323, 324, 325, 326, 327, 328, 329, 330, 331, 332, 333, 334, 335, 336, 337, 574, 575, 576, 577, 578, 579, 580, 581, 582, 583, 584, 585, 586, 587, 588, 589, 590, 591, 592, 593, 594, 595, 596, 597, 598, 599, 600, 601, 602, 603, 604, 605, 606, 607, 608, 609, 610, 611, 612, 613, 614, 615, 616, 617, 618, 619, 620, 621, 622, 623, 624, 625, 626, 627, 628, 629, 630, 631, 632, 633, 634, 635, 636, 637, 638, 639, 640, 641, 642, 643, 644, 645, 646, 647, 648, 649, 650, 651, 652, 653, 654, 655, 656, 657, 658, 659, 660, 661, 662, 663, 664, 665, 666, 667, 668, 669, 670, 671, 672, 673, 674, 675, 676, 677, 678, 679, 680, 681, 682, 683, 684, 685, 686, 687, 688, 689, 690, 691, 692, 693, 694, 695, 696, 697, 698, 699, 700, 701, 702, 703, 704, 705, 706, 707, 708, 709, 710, 711, 712, 713, 714, 715, 716, 717, 718, 719, 720, 721, 722, 723, 724, 725, 726, 727, 728, 729, 730, 731, 732, 733, 734, 735, 736, 737, 738, 739, 740, 741, 742, 743, 744, 745, 746, 747, 748, 749, 750, 751, 752, 753, 754, 755, 756, 757, 758, 759, 760, 761, 762, 763, 764, 765, 766, 767, 768, 769, 770, 771, 772, 773, 774, 775, 776, 777, 778, 779, 780, 781, 782, 783, 784, 785, 786, 787, 788, 789, 790, 791, 792, 793]","[10, 75, 103, 104, 106, 117, 118, 120, 127, 128, 129, 131, 133, 135, 136, 137, 139, 146, 147, 148, 149, 151, 158, 160, 162, 166, 173, 178, 179, 185, 190, 192, 198, 201, 203, 204, 206, 207, 212, 213, 214, 219, 223, 224, 225, 227, 230, 235, 237, 246, 247, 256, 259, 262, 263, 266, 268, 269, 271, 272, 278, 279, 284, 285, 288, 290, 292, 304, 306, 312, 316, 319, 320, 323, 324, 329, 332, 335, 495, 549, 574, 575, 577, 588, 589, 591, 598, 599, 600, 602, 604, 606, 607, 608, 610, 617, 618, 619, 620, 622, 625, 630, 632, 634, 638, 644, 649, 650, 656, 661, 663, 669, 673, 674, 676, 677, 682, 683, 684, 687, 688, 689, 691, 694, 699, 701, 710, 718, 722, 723, 727, 728, 730, 731, 737, 738, 743, 744, 747, 749, 751, 762, 764, 770, 774, 777, 778, 781, 782, 789, 791]",[],"[99, 126, 570, 597]","[10, 75, 99, 103, 104, 105, 106, 107, 108, 109, 110, 111, 112, 113, 114, 115, 116, 117, 118, 119, 120, 121, 122, 123, 124, 125, 126, 127, 128, 129, 130, 131, 132, 133, 134, 135, 136, 137, 138, 139, 140, 141, 142, 143, 144, 145, 146, 147, 148, 149, 150, 151, 152, 153, 154, 155, 156, 157, 158, 159, 160, 161, 162, 163, 164, 165, 166, 167, 168, 169, 170, 171, 172, 173, 174, 175, 176, 177, 178, 179, 180, 181, 182, 183, 184, 185, 186, 187, 188, 189, 190, 191, 192, 193, 194, 195, 196, 197, 198, 199, 200, 201, 202, 203, 204, 205, 206, 207, 208, 209, 210, 211, 212, 213, 214, 215, 216, 217, 218, 219, 220, 221, 222, 223, 224, 225, 226, 227, 228, 229, 230, 231, 232, 233, 234, 235, 236, 237, 238, 239, 240, 241, 242, 243, 244, 245, 246, 247, 248, 249, 250, 251, 252, 253, 254, 255, 256, 257, 258, 259, 260, 261, 262, 263, 264, 265, 266, 267, 268, 269, 270, 271, 272, 273, 274, 275, 276, 277, 278, 279, 280, 281, 282, 283, 284, 285, 286, 287, 288, 289, 290, 291, 292, 293, 294, 295, 296, 297, 298, 299, 300, 301, 302, 303, 304, 305, 306, 307, 308, 309, 310, 311, 312, 313, 314, 315, 316, 317, 318, 319, 320, 321, 322, 323, 324, 325, 326, 327, 328, 329, 330, 331, 332, 333, 334, 335, 336, 337, 495, 549, 570, 574, 575, 576, 577, 578, 579, 580, 581, 582, 583, 584, 585, 586, 587, 588, 589, 590, 591, 592, 593, 594, 595, 596, 597, 598, 599, 600, 601, 602, 603, 604, 605, 606, 607, 608, 609, 610, 611, 612, 613, 614, 615, 616, 617, 618, 619, 620, 621, 622, 623, 624, 625, 626, 627, 628, 629, 630, 631, 632, 633, 634, 635, 636, 637, 638, 639, 640, 641, 642, 643, 644, 645, 646, 647, 648, 649, 650, 651, 652, 653, 654, 655, 656, 657, 658, 659, 660, 661, 662, 663, 664, 665, 666, 667, 668, 669, 670, 671, 672, 673, 674, 675, 676, 677, 678, 679, 680, 681, 682, 683, 684, 685, 686, 687, 688, 689, 690, 691, 692, 693, 694, 695, 696, 697, 698, 699, 700, 701, 702, 703, 704, 705, 706, 707, 708, 709, 710, 711, 712, 713, 714, 715, 716, 717, 718, 719, 720, 721, 722, 723, 724, 725, 726, 727, 728, 729, 730, 731, 732, 733, 734, 735, 736, 737, 738, 739, 740, 741, 742, 743, 744, 745, 746, 747, 748, 749, 750, 751, 752, 753, 754, 755, 756, 757, 758, 759, 760, 761, 762, 763, 764, 765, 766, 767, 768, 769, 770, 771, 772, 773, 774, 775, 776, 777, 778, 779, 780, 781, 782, 783, 784, 785, 786, 787, 788, 789, 790, 791, 792, 793]",False,"[127, 290, 598, 749]","[103, 104, 105, 106, 107, 108, 109, 110, 111, 112, 113, 114, 115, 116, 117, 118, 119, 120, 121, 122, 123, 124, 125, 126, 127, 128, 129, 130, 131, 132, 133, 134, 135, 136, 137, 138, 139, 140, 141, 142, 143, 144, 145, 146, 147, 148, 149, 150, 151, 152, 153, 154, 155, 156, 157, 158, 159, 160, 161, 162, 163, 164, 165, 166, 167, 168, 169, 170, 171, 172, 173, 174, 175, 176, 177, 178, 179, 180, 181, 182, 183, 184, 185, 186, 187, 188, 189, 190, 191, 192, 193, 194, 195, 196, 197, 198, 199, 200, 201, 202, 203, 204, 205, 206, 207, 208, 209, 210, 211, 212, 213, 214, 215, 216, 217, 218, 219, 220, 221, 222, 223, 224, 225, 226, 227, 228, 229, 230, 231, 232, 233, 234, 235, 236, 237, 238, 239, 240, 241, 242, 243, 244, 245, 246, 247, 248, 249, 250, 251, 252, 253, 254, 255, 256, 257, 258, 259, 260, 261, 262, 263, 264, 265, 266, 267, 268, 269, 270, 271, 272, 273, 274, 275, 276, 277, 278, 279, 280, 281, 282, 283, 284, 285, 286, 287, 288, 289, 290, 291, 292, 293, 294, 295, 296, 297, 298, 299, 300, 301, 302, 303, 304, 305, 306, 307, 308, 309, 310, 311, 312, 313, 314, 315, 316, 317, 318, 319, 320, 321, 322, 323, 324, 325, 326, 327, 328, 329, 330, 331, 332, 333, 334, 335, 336, 337, 574, 575, 576, 577, 578, 579, 580, 581, 582, 583, 584, 585, 586, 587, 588, 589, 590, 591, 592, 593, 594, 595, 596, 597, 598, 599, 600, 601, 602, 603, 604, 605, 606, 607, 608, 609, 610, 611, 612, 613, 614, 615, 616, 617, 618, 619, 620, 621, 622, 623, 624, 625, 626, 627, 628, 629, 630, 631, 632, 633, 634, 635, 636, 637, 638, 639, 640, 641, 642, 643, 644, 645, 646, 647, 648, 649, 650, 651, 652, 653, 654, 655, 656, 657, 658, 659, 660, 661, 662, 663, 664, 665, 666, 667, 668, 669, 670, 671, 672, 673, 674, 675, 676, 677, 678, 679, 680, 681, 682, 683, 684, 685, 686, 687, 688, 689, 690, 691, 692, 693, 694, 695, 696, 697, 698, 699, 700, 701, 702, 703, 704, 705, 706, 707, 708, 709, 710, 711, 712, 713, 714, 715, 716, 717, 718, 719, 720, 721, 722, 723, 724, 725, 726, 727, 728, 729, 730, 731, 732, 733, 734, 735, 736, 737, 738, 739, 740, 741, 742, 743, 744, 745, 746, 747, 748, 749, 750, 751, 752, 753, 754, 755, 756, 757, 758, 759, 760, 761, 762, 763, 764, 765, 766, 767, 768, 769, 770, 771, 772, 773, 774, 775, 776, 777, 778, 779, 780, 781, 782, 783, 784, 785, 786, 787, 788, 789, 790, 791, 792, 793]","[103, 111, 127, 153, 162, 201, 226, 292, 574, 581, 598, 624, 634, 690, 751]","[197, 201, 668]","[10, 75, 103, 104, 106, 117, 118, 120, 127, 128, 129, 131, 133, 135, 136, 137, 139, 146, 147, 148, 149, 151, 158, 160, 162, 166, 173, 178, 179, 185, 190, 192, 198, 201, 203, 204, 206, 207, 212, 213, 214, 219, 223, 224, 225, 227, 230, 235, 237, 246, 247, 256, 259, 262, 263, 266, 268, 269, 271, 272, 278, 279, 284, 285, 288, 290, 292, 304, 306, 312, 316, 319, 320, 323, 324, 329, 332, 335, 495, 549, 574, 575, 577, 588, 589, 591, 598, 599, 600, 602, 604, 606, 607, 608, 610, 617, 618, 619, 620, 622, 625, 630, 632, 634, 638, 644, 649, 650, 656, 661, 663, 669, 673, 674, 676, 677, 682, 683, 684, 687, 688, 689, 691, 694, 699, 701, 710, 718, 722, 723, 727, 728, 730, 731, 737, 738, 743, 744, 747, 749, 751, 762, 764, 770, 774, 777, 778, 781, 782, 789, 791]","[99, 126, 570, 597]",[],5/6 successful match,False,,False,768,False,,,,,
"Pumpkin Ctr , 93313 Mikuls Pumpkin Center Truck Rd )",661-832-5390 CA 99 Exit 18 ( CA Terminal,<U+25A1>,Pumpkin Ctr,93313,Mikuls Pumpkin Center Truck Rd ),661-832-5390,2007,Bakersfield,CA,,( CA Terminal,CA 99 Exit 18 ,Exit,18,False,,False,CA 99,,,,,[],"[127, 290, 598, 749]","[103, 111, 127, 153, 162, 201, 226, 292, 574, 581, 598, 624, 634, 690, 751]","[197, 201, 668]","[103, 104, 105, 106, 107, 108, 109, 110, 111, 112, 113, 114, 115, 116, 117, 118, 119, 120, 121, 122, 123, 124, 125, 126, 127, 128, 129, 130, 131, 132, 133, 134, 135, 136, 137, 138, 139, 140, 141, 142, 143, 144, 145, 146, 147, 148, 149, 150, 151, 152, 153, 154, 155, 156, 157, 158, 159, 160, 161, 162, 163, 164, 165, 166, 167, 168, 169, 170, 171, 172, 173, 174, 175, 176, 177, 178, 179, 180, 181, 182, 183, 184, 185, 186, 187, 188, 189, 190, 191, 192, 193, 194, 195, 196, 197, 198, 199, 200, 201, 202, 203, 204, 205, 206, 207, 208, 209, 210, 211, 212, 213, 214, 215, 216, 217, 218, 219, 220, 221, 222, 223, 224, 225, 226, 227, 228, 229, 230, 231, 232, 233, 234, 235, 236, 237, 238, 239, 240, 241, 242, 243, 244, 245, 246, 247, 248, 249, 250, 251, 252, 253, 254, 255, 256, 257, 258, 259, 260, 261, 262, 263, 264, 265, 266, 267, 268, 269, 270, 271, 272, 273, 274, 275, 276, 277, 278, 279, 280, 281, 282, 283, 284, 285, 286, 287, 288, 289, 290, 291, 292, 293, 294, 295, 296, 297, 298, 299, 300, 301, 302, 303, 304, 305, 306, 307, 308, 309, 310, 311, 312, 313, 314, 315, 316, 317, 318, 319, 320, 321, 322, 323, 324, 325, 326, 327, 328, 329, 330, 331, 332, 333, 334, 335, 336, 337, 574, 575, 576, 577, 578, 579, 580, 581, 582, 583, 584, 585, 586, 587, 588, 589, 590, 591, 592, 593, 594, 595, 596, 597, 598, 599, 600, 601, 602, 603, 604, 605, 606, 607, 608, 609, 610, 611, 612, 613, 614, 615, 616, 617, 618, 619, 620, 621, 622, 623, 624, 625, 626, 627, 628, 629, 630, 631, 632, 633, 634, 635, 636, 637, 638, 639, 640, 641, 642, 643, 644, 645, 646, 647, 648, 649, 650, 651, 652, 653, 654, 655, 656, 657, 658, 659, 660, 661, 662, 663, 664, 665, 666, 667, 668, 669, 670, 671, 672, 673, 674, 675, 676, 677, 678, 679, 680, 681, 682, 683, 684, 685, 686, 687, 688, 689, 690, 691, 692, 693, 694, 695, 696, 697, 698, 699, 700, 701, 702, 703, 704, 705, 706, 707, 708, 709, 710, 711, 712, 713, 714, 715, 716, 717, 718, 719, 720, 721, 722, 723, 724, 725, 726, 727, 728, 729, 730, 731, 732, 733, 734, 735, 736, 737, 738, 739, 740, 741, 742, 743, 744, 745, 746, 747, 748, 749, 750, 751, 752, 753, 754, 755, 756, 757, 758, 759, 760, 761, 762, 763, 764, 765, 766, 767, 768, 769, 770, 771, 772, 773, 774, 775, 776, 777, 778, 779, 780, 781, 782, 783, 784, 785, 786, 787, 788, 789, 790, 791, 792, 793]","[10, 75, 103, 104, 106, 117, 118, 120, 127, 128, 129, 131, 133, 135, 136, 137, 139, 146, 147, 148, 149, 151, 158, 160, 162, 166, 173, 178, 179, 185, 190, 192, 198, 201, 203, 204, 206, 207, 212, 213, 214, 219, 223, 224, 225, 227, 230, 235, 237, 246, 247, 256, 259, 262, 263, 266, 268, 269, 271, 272, 278, 279, 284, 285, 288, 290, 292, 304, 306, 312, 316, 319, 320, 323, 324, 329, 332, 335, 495, 549, 574, 575, 577, 588, 589, 591, 598, 599, 600, 602, 604, 606, 607, 608, 610, 617, 618, 619, 620, 622, 625, 630, 632, 634, 638, 644, 649, 650, 656, 661, 663, 669, 673, 674, 676, 677, 682, 683, 684, 687, 688, 689, 691, 694, 699, 701, 710, 718, 722, 723, 727, 728, 730, 731, 737, 738, 743, 744, 747, 749, 751, 762, 764, 770, 774, 777, 778, 781, 782, 789, 791]",[],[],"[10, 75, 103, 104, 105, 106, 107, 108, 109, 110, 111, 112, 113, 114, 115, 116, 117, 118, 119, 120, 121, 122, 123, 124, 125, 126, 127, 128, 129, 130, 131, 132, 133, 134, 135, 136, 137, 138, 139, 140, 141, 142, 143, 144, 145, 146, 147, 148, 149, 150, 151, 152, 153, 154, 155, 156, 157, 158, 159, 160, 161, 162, 163, 164, 165, 166, 167, 168, 169, 170, 171, 172, 173, 174, 175, 176, 177, 178, 179, 180, 181, 182, 183, 184, 185, 186, 187, 188, 189, 190, 191, 192, 193, 194, 195, 196, 197, 198, 199, 200, 201, 202, 203, 204, 205, 206, 207, 208, 209, 210, 211, 212, 213, 214, 215, 216, 217, 218, 219, 220, 221, 222, 223, 224, 225, 226, 227, 228, 229, 230, 231, 232, 233, 234, 235, 236, 237, 238, 239, 240, 241, 242, 243, 244, 245, 246, 247, 248, 249, 250, 251, 252, 253, 254, 255, 256, 257, 258, 259, 260, 261, 262, 263, 264, 265, 266, 267, 268, 269, 270, 271, 272, 273, 274, 275, 276, 277, 278, 279, 280, 281, 282, 283, 284, 285, 286, 287, 288, 289, 290, 291, 292, 293, 294, 295, 296, 297, 298, 299, 300, 301, 302, 303, 304, 305, 306, 307, 308, 309, 310, 311, 312, 313, 314, 315, 316, 317, 318, 319, 320, 321, 322, 323, 324, 325, 326, 327, 328, 329, 330, 331, 332, 333, 334, 335, 336, 337, 495, 549, 574, 575, 576, 577, 578, 579, 580, 581, 582, 583, 584, 585, 586, 587, 588, 589, 590, 591, 592, 593, 594, 595, 596, 597, 598, 599, 600, 601, 602, 603, 604, 605, 606, 607, 608, 609, 610, 611, 612, 613, 614, 615, 616, 617, 618, 619, 620, 621, 622, 623, 624, 625, 626, 627, 628, 629, 630, 631, 632, 633, 634, 635, 636, 637, 638, 639, 640, 641, 642, 643, 644, 645, 646, 647, 648, 649, 650, 651, 652, 653, 654, 655, 656, 657, 658, 659, 660, 661, 662, 663, 664, 665, 666, 667, 668, 669, 670, 671, 672, 673, 674, 675, 676, 677, 678, 679, 680, 681, 682, 683, 684, 685, 686, 687, 688, 689, 690, 691, 692, 693, 694, 695, 696, 697, 698, 699, 700, 701, 702, 703, 704, 705, 706, 707, 708, 709, 710, 711, 712, 713, 714, 715, 716, 717, 718, 719, 720, 721, 722, 723, 724, 725, 726, 727, 728, 729, 730, 731, 732, 733, 734, 735, 736, 737, 738, 739, 740, 741, 742, 743, 744, 745, 746, 747, 748, 749, 750, 751, 752, 753, 754, 755, 756, 757, 758, 759, 760, 761, 762, 763, 764, 765, 766, 767, 768, 769, 770, 771, 772, 773, 774, 775, 776, 777, 778, 779, 780, 781, 782, 783, 784, 785, 786, 787, 788, 789, 790, 791, 792, 793]",False,"[127, 290, 598, 749]","[103, 104, 105, 106, 107, 108, 109, 110, 111, 112, 113, 114, 115, 116, 117, 118, 119, 120, 121, 122, 123, 124, 125, 126, 127, 128, 129, 130, 131, 132, 133, 134, 135, 136, 137, 138, 139, 140, 141, 142, 143, 144, 145, 146, 147, 148, 149, 150, 151, 152, 153, 154, 155, 156, 157, 158, 159, 160, 161, 162, 163, 164, 165, 166, 167, 168, 169, 170, 171, 172, 173, 174, 175, 176, 177, 178, 179, 180, 181, 182, 183, 184, 185, 186, 187, 188, 189, 190, 191, 192, 193, 194, 195, 196, 197, 198, 199, 200, 201, 202, 203, 204, 205, 206, 207, 208, 209, 210, 211, 212, 213, 214, 215, 216, 217, 218, 219, 220, 221, 222, 223, 224, 225, 226, 227, 228, 229, 230, 231, 232, 233, 234, 235, 236, 237, 238, 239, 240, 241, 242, 243, 244, 245, 246, 247, 248, 249, 250, 251, 252, 253, 254, 255, 256, 257, 258, 259, 260, 261, 262, 263, 264, 265, 266, 267, 268, 269, 270, 271, 272, 273, 274, 275, 276, 277, 278, 279, 280, 281, 282, 283, 284, 285, 286, 287, 288, 289, 290, 291, 292, 293, 294, 295, 296, 297, 298, 299, 300, 301, 302, 303, 304, 305, 306, 307, 308, 309, 310, 311, 312, 313, 314, 315, 316, 317, 318, 319, 320, 321, 322, 323, 324, 325, 326, 327, 328, 329, 330, 331, 332, 333, 334, 335, 336, 337, 574, 575, 576, 577, 578, 579, 580, 581, 582, 583, 584, 585, 586, 587, 588, 589, 590, 591, 592, 593, 594, 595, 596, 597, 598, 599, 600, 601, 602, 603, 604, 605, 606, 607, 608, 609, 610, 611, 612, 613, 614, 615, 616, 617, 618, 619, 620, 621, 622, 623, 624, 625, 626, 627, 628, 629, 630, 631, 632, 633, 634, 635, 636, 637, 638, 639, 640, 641, 642, 643, 644, 645, 646, 647, 648, 649, 650, 651, 652, 653, 654, 655, 656, 657, 658, 659, 660, 661, 662, 663, 664, 665, 666, 667, 668, 669, 670, 671, 672, 673, 674, 675, 676, 677, 678, 679, 680, 681, 682, 683, 684, 685, 686, 687, 688, 689, 690, 691, 692, 693, 694, 695, 696, 697, 698, 699, 700, 701, 702, 703, 704, 705, 706, 707, 708, 709, 710, 711, 712, 713, 714, 715, 716, 717, 718, 719, 720, 721, 722, 723, 724, 725, 726, 727, 728, 729, 730, 731, 732, 733, 734, 735, 736, 737, 738, 739, 740, 741, 742, 743, 744, 745, 746, 747, 748, 749, 750, 751, 752, 753, 754, 755, 756, 757, 758, 759, 760, 761, 762, 763, 764, 765, 766, 767, 768, 769, 770, 771, 772, 773, 774, 775, 776, 777, 778, 779, 780, 781, 782, 783, 784, 785, 786, 787, 788, 789, 790, 791, 792, 793]","[103, 111, 127, 153, 162, 201, 226, 292, 574, 581, 598, 624, 634, 690, 751]","[197, 201, 668]","[10, 75, 103, 104, 106, 117, 118, 120, 127, 128, 129, 131, 133, 135, 136, 137, 139, 146, 147, 148, 149, 151, 158, 160, 162, 166, 173, 178, 179, 185, 190, 192, 198, 201, 203, 204, 206, 207, 212, 213, 214, 219, 223, 224, 225, 227, 230, 235, 237, 246, 247, 256, 259, 262, 263, 266, 268, 269, 271, 272, 278, 279, 284, 285, 288, 290, 292, 304, 306, 312, 316, 319, 320, 323, 324, 329, 332, 335, 495, 549, 574, 575, 577, 588, 589, 591, 598, 599, 600, 602, 604, 606, 607, 608, 610, 617, 618, 619, 620, 622, 625, 630, 632, 634, 638, 644, 649, 650, 656, 661, 663, 669, 673, 674, 676, 677, 682, 683, 684, 687, 688, 689, 691, 694, 699, 701, 710, 718, 722, 723, 727, 728, 730, 731, 737, 738, 743, 744, 747, 749, 751, 762, 764, 770, 774, 777, 778, 781, 782, 789, 791]",[],[],7/6 successful match,False,,False,769,False,,,,,
"Pumpkin Center , 93313 Mikuls Pumpkin Center Roost Truck Rd ) Terminal",661-832-5390 CA 99 Exit 18 ( CA 119 ),HRS <U+25A1> 20 <U+25A1> <U+25A1>,Pumpkin Center,93313,Mikuls Pumpkin Center Roost Truck Rd ) Terminal,661-832-5390,2008,Bakersfield,CA,,( CA 119 ),CA 99 Exit 18 ,Exit,18,False,,False,CA 99,,,,,[],"[127, 290, 598, 749]","[103, 111, 127, 153, 162, 201, 226, 292, 574, 581, 598, 624, 634, 690, 751]","[197, 201, 668]","[103, 104, 105, 106, 107, 108, 109, 110, 111, 112, 113, 114, 115, 116, 117, 118, 119, 120, 121, 122, 123, 124, 125, 126, 127, 128, 129, 130, 131, 132, 133, 134, 135, 136, 137, 138, 139, 140, 141, 142, 143, 144, 145, 146, 147, 148, 149, 150, 151, 152, 153, 154, 155, 156, 157, 158, 159, 160, 161, 162, 163, 164, 165, 166, 167, 168, 169, 170, 171, 172, 173, 174, 175, 176, 177, 178, 179, 180, 181, 182, 183, 184, 185, 186, 187, 188, 189, 190, 191, 192, 193, 194, 195, 196, 197, 198, 199, 200, 201, 202, 203, 204, 205, 206, 207, 208, 209, 210, 211, 212, 213, 214, 215, 216, 217, 218, 219, 220, 221, 222, 223, 224, 225, 226, 227, 228, 229, 230, 231, 232, 233, 234, 235, 236, 237, 238, 239, 240, 241, 242, 243, 244, 245, 246, 247, 248, 249, 250, 251, 252, 253, 254, 255, 256, 257, 258, 259, 260, 261, 262, 263, 264, 265, 266, 267, 268, 269, 270, 271, 272, 273, 274, 275, 276, 277, 278, 279, 280, 281, 282, 283, 284, 285, 286, 287, 288, 289, 290, 291, 292, 293, 294, 295, 296, 297, 298, 299, 300, 301, 302, 303, 304, 305, 306, 307, 308, 309, 310, 311, 312, 313, 314, 315, 316, 317, 318, 319, 320, 321, 322, 323, 324, 325, 326, 327, 328, 329, 330, 331, 332, 333, 334, 335, 336, 337, 574, 575, 576, 577, 578, 579, 580, 581, 582, 583, 584, 585, 586, 587, 588, 589, 590, 591, 592, 593, 594, 595, 596, 597, 598, 599, 600, 601, 602, 603, 604, 605, 606, 607, 608, 609, 610, 611, 612, 613, 614, 615, 616, 617, 618, 619, 620, 621, 622, 623, 624, 625, 626, 627, 628, 629, 630, 631, 632, 633, 634, 635, 636, 637, 638, 639, 640, 641, 642, 643, 644, 645, 646, 647, 648, 649, 650, 651, 652, 653, 654, 655, 656, 657, 658, 659, 660, 661, 662, 663, 664, 665, 666, 667, 668, 669, 670, 671, 672, 673, 674, 675, 676, 677, 678, 679, 680, 681, 682, 683, 684, 685, 686, 687, 688, 689, 690, 691, 692, 693, 694, 695, 696, 697, 698, 699, 700, 701, 702, 703, 704, 705, 706, 707, 708, 709, 710, 711, 712, 713, 714, 715, 716, 717, 718, 719, 720, 721, 722, 723, 724, 725, 726, 727, 728, 729, 730, 731, 732, 733, 734, 735, 736, 737, 738, 739, 740, 741, 742, 743, 744, 745, 746, 747, 748, 749, 750, 751, 752, 753, 754, 755, 756, 757, 758, 759, 760, 761, 762, 763, 764, 765, 766, 767, 768, 769, 770, 771, 772, 773, 774, 775, 776, 777, 778, 779, 780, 781, 782, 783, 784, 785, 786, 787, 788, 789, 790, 791, 792, 793]","[10, 75, 103, 104, 106, 117, 118, 120, 127, 128, 129, 131, 133, 135, 136, 137, 139, 146, 147, 148, 149, 151, 158, 160, 162, 166, 173, 178, 179, 185, 190, 192, 198, 201, 203, 204, 206, 207, 212, 213, 214, 219, 223, 224, 225, 227, 230, 235, 237, 246, 247, 256, 259, 262, 263, 266, 268, 269, 271, 272, 278, 279, 284, 285, 288, 290, 292, 304, 306, 312, 316, 319, 320, 323, 324, 329, 332, 335, 495, 549, 574, 575, 577, 588, 589, 591, 598, 599, 600, 602, 604, 606, 607, 608, 610, 617, 618, 619, 620, 622, 625, 630, 632, 634, 638, 644, 649, 650, 656, 661, 663, 669, 673, 674, 676, 677, 682, 683, 684, 687, 688, 689, 691, 694, 699, 701, 710, 718, 722, 723, 727, 728, 730, 731, 737, 738, 743, 744, 747, 749, 751, 762, 764, 770, 774, 777, 778, 781, 782, 789, 791]",[],"[99, 126, 570, 597]","[10, 75, 99, 103, 104, 105, 106, 107, 108, 109, 110, 111, 112, 113, 114, 115, 116, 117, 118, 119, 120, 121, 122, 123, 124, 125, 126, 127, 128, 129, 130, 131, 132, 133, 134, 135, 136, 137, 138, 139, 140, 141, 142, 143, 144, 145, 146, 147, 148, 149, 150, 151, 152, 153, 154, 155, 156, 157, 158, 159, 160, 161, 162, 163, 164, 165, 166, 167, 168, 169, 170, 171, 172, 173, 174, 175, 176, 177, 178, 179, 180, 181, 182, 183, 184, 185, 186, 187, 188, 189, 190, 191, 192, 193, 194, 195, 196, 197, 198, 199, 200, 201, 202, 203, 204, 205, 206, 207, 208, 209, 210, 211, 212, 213, 214, 215, 216, 217, 218, 219, 220, 221, 222, 223, 224, 225, 226, 227, 228, 229, 230, 231, 232, 233, 234, 235, 236, 237, 238, 239, 240, 241, 242, 243, 244, 245, 246, 247, 248, 249, 250, 251, 252, 253, 254, 255, 256, 257, 258, 259, 260, 261, 262, 263, 264, 265, 266, 267, 268, 269, 270, 271, 272, 273, 274, 275, 276, 277, 278, 279, 280, 281, 282, 283, 284, 285, 286, 287, 288, 289, 290, 291, 292, 293, 294, 295, 296, 297, 298, 299, 300, 301, 302, 303, 304, 305, 306, 307, 308, 309, 310, 311, 312, 313, 314, 315, 316, 317, 318, 319, 320, 321, 322, 323, 324, 325, 326, 327, 328, 329, 330, 331, 332, 333, 334, 335, 336, 337, 495, 549, 570, 574, 575, 576, 577, 578, 579, 580, 581, 582, 583, 584, 585, 586, 587, 588, 589, 590, 591, 592, 593, 594, 595, 596, 597, 598, 599, 600, 601, 602, 603, 604, 605, 606, 607, 608, 609, 610, 611, 612, 613, 614, 615, 616, 617, 618, 619, 620, 621, 622, 623, 624, 625, 626, 627, 628, 629, 630, 631, 632, 633, 634, 635, 636, 637, 638, 639, 640, 641, 642, 643, 644, 645, 646, 647, 648, 649, 650, 651, 652, 653, 654, 655, 656, 657, 658, 659, 660, 661, 662, 663, 664, 665, 666, 667, 668, 669, 670, 671, 672, 673, 674, 675, 676, 677, 678, 679, 680, 681, 682, 683, 684, 685, 686, 687, 688, 689, 690, 691, 692, 693, 694, 695, 696, 697, 698, 699, 700, 701, 702, 703, 704, 705, 706, 707, 708, 709, 710, 711, 712, 713, 714, 715, 716, 717, 718, 719, 720, 721, 722, 723, 724, 725, 726, 727, 728, 729, 730, 731, 732, 733, 734, 735, 736, 737, 738, 739, 740, 741, 742, 743, 744, 745, 746, 747, 748, 749, 750, 751, 752, 753, 754, 755, 756, 757, 758, 759, 760, 761, 762, 763, 764, 765, 766, 767, 768, 769, 770, 771, 772, 773, 774, 775, 776, 777, 778, 779, 780, 781, 782, 783, 784, 785, 786, 787, 788, 789, 790, 791, 792, 793]",False,"[127, 290, 598, 749]","[103, 104, 105, 106, 107, 108, 109, 110, 111, 112, 113, 114, 115, 116, 117, 118, 119, 120, 121, 122, 123, 124, 125, 126, 127, 128, 129, 130, 131, 132, 133, 134, 135, 136, 137, 138, 139, 140, 141, 142, 143, 144, 145, 146, 147, 148, 149, 150, 151, 152, 153, 154, 155, 156, 157, 158, 159, 160, 161, 162, 163, 164, 165, 166, 167, 168, 169, 170, 171, 172, 173, 174, 175, 176, 177, 178, 179, 180, 181, 182, 183, 184, 185, 186, 187, 188, 189, 190, 191, 192, 193, 194, 195, 196, 197, 198, 199, 200, 201, 202, 203, 204, 205, 206, 207, 208, 209, 210, 211, 212, 213, 214, 215, 216, 217, 218, 219, 220, 221, 222, 223, 224, 225, 226, 227, 228, 229, 230, 231, 232, 233, 234, 235, 236, 237, 238, 239, 240, 241, 242, 243, 244, 245, 246, 247, 248, 249, 250, 251, 252, 253, 254, 255, 256, 257, 258, 259, 260, 261, 262, 263, 264, 265, 266, 267, 268, 269, 270, 271, 272, 273, 274, 275, 276, 277, 278, 279, 280, 281, 282, 283, 284, 285, 286, 287, 288, 289, 290, 291, 292, 293, 294, 295, 296, 297, 298, 299, 300, 301, 302, 303, 304, 305, 306, 307, 308, 309, 310, 311, 312, 313, 314, 315, 316, 317, 318, 319, 320, 321, 322, 323, 324, 325, 326, 327, 328, 329, 330, 331, 332, 333, 334, 335, 336, 337, 574, 575, 576, 577, 578, 579, 580, 581, 582, 583, 584, 585, 586, 587, 588, 589, 590, 591, 592, 593, 594, 595, 596, 597, 598, 599, 600, 601, 602, 603, 604, 605, 606, 607, 608, 609, 610, 611, 612, 613, 614, 615, 616, 617, 618, 619, 620, 621, 622, 623, 624, 625, 626, 627, 628, 629, 630, 631, 632, 633, 634, 635, 636, 637, 638, 639, 640, 641, 642, 643, 644, 645, 646, 647, 648, 649, 650, 651, 652, 653, 654, 655, 656, 657, 658, 659, 660, 661, 662, 663, 664, 665, 666, 667, 668, 669, 670, 671, 672, 673, 674, 675, 676, 677, 678, 679, 680, 681, 682, 683, 684, 685, 686, 687, 688, 689, 690, 691, 692, 693, 694, 695, 696, 697, 698, 699, 700, 701, 702, 703, 704, 705, 706, 707, 708, 709, 710, 711, 712, 713, 714, 715, 716, 717, 718, 719, 720, 721, 722, 723, 724, 725, 726, 727, 728, 729, 730, 731, 732, 733, 734, 735, 736, 737, 738, 739, 740, 741, 742, 743, 744, 745, 746, 747, 748, 749, 750, 751, 752, 753, 754, 755, 756, 757, 758, 759, 760, 761, 762, 763, 764, 765, 766, 767, 768, 769, 770, 771, 772, 773, 774, 775, 776, 777, 778, 779, 780, 781, 782, 783, 784, 785, 786, 787, 788, 789, 790, 791, 792, 793]","[103, 111, 127, 153, 162, 201, 226, 292, 574, 581, 598, 624, 634, 690, 751]","[197, 201, 668]","[10, 75, 103, 104, 106, 117, 118, 120, 127, 128, 129, 131, 133, 135, 136, 137, 139, 146, 147, 148, 149, 151, 158, 160, 162, 166, 173, 178, 179, 185, 190, 192, 198, 201, 203, 204, 206, 207, 212, 213, 214, 219, 223, 224, 225, 227, 230, 235, 237, 246, 247, 256, 259, 262, 263, 266, 268, 269, 271, 272, 278, 279, 284, 285, 288, 290, 292, 304, 306, 312, 316, 319, 320, 323, 324, 329, 332, 335, 495, 549, 574, 575, 577, 588, 589, 591, 598, 599, 600, 602, 604, 606, 607, 608, 610, 617, 618, 619, 620, 622, 625, 630, 632, 634, 638, 644, 649, 650, 656, 661, 663, 669, 673, 674, 676, 677, 682, 683, 684, 687, 688, 689, 691, 694, 699, 701, 710, 718, 722, 723, 727, 728, 730, 731, 737, 738, 743, 744, 747, 749, 751, 762, 764, 770, 774, 777, 778, 781, 782, 789, 791]","[99, 126, 570, 597]",[],5/6 successful match,False,,False,769,False,,0.9830379746835443,True,Mikuls Pumpkin Center Truck Rd ),
Pumpkin Center ( 93313 ) Mikuls Pumpkin Center Truck Terminal,4 661-832-5390 CA 99 Exit 18 ( CA 119 W ),<U+2610> <U+2610> <U+25A1>,Pumpkin Center,93313,Mikuls Pumpkin Center Truck Terminal,661-832-5390,2014,Bakersfield,CA,,( CA 119 W ),CA 99 Exit 18 ,Exit,18,False,,False,CA 99,,,,,[],"[127, 290, 598, 749]","[103, 111, 127, 153, 162, 201, 226, 292, 574, 581, 598, 624, 634, 690, 751]","[197, 201, 668]","[103, 104, 105, 106, 107, 108, 109, 110, 111, 112, 113, 114, 115, 116, 117, 118, 119, 120, 121, 122, 123, 124, 125, 126, 127, 128, 129, 130, 131, 132, 133, 134, 135, 136, 137, 138, 139, 140, 141, 142, 143, 144, 145, 146, 147, 148, 149, 150, 151, 152, 153, 154, 155, 156, 157, 158, 159, 160, 161, 162, 163, 164, 165, 166, 167, 168, 169, 170, 171, 172, 173, 174, 175, 176, 177, 178, 179, 180, 181, 182, 183, 184, 185, 186, 187, 188, 189, 190, 191, 192, 193, 194, 195, 196, 197, 198, 199, 200, 201, 202, 203, 204, 205, 206, 207, 208, 209, 210, 211, 212, 213, 214, 215, 216, 217, 218, 219, 220, 221, 222, 223, 224, 225, 226, 227, 228, 229, 230, 231, 232, 233, 234, 235, 236, 237, 238, 239, 240, 241, 242, 243, 244, 245, 246, 247, 248, 249, 250, 251, 252, 253, 254, 255, 256, 257, 258, 259, 260, 261, 262, 263, 264, 265, 266, 267, 268, 269, 270, 271, 272, 273, 274, 275, 276, 277, 278, 279, 280, 281, 282, 283, 284, 285, 286, 287, 288, 289, 290, 291, 292, 293, 294, 295, 296, 297, 298, 299, 300, 301, 302, 303, 304, 305, 306, 307, 308, 309, 310, 311, 312, 313, 314, 315, 316, 317, 318, 319, 320, 321, 322, 323, 324, 325, 326, 327, 328, 329, 330, 331, 332, 333, 334, 335, 336, 337, 574, 575, 576, 577, 578, 579, 580, 581, 582, 583, 584, 585, 586, 587, 588, 589, 590, 591, 592, 593, 594, 595, 596, 597, 598, 599, 600, 601, 602, 603, 604, 605, 606, 607, 608, 609, 610, 611, 612, 613, 614, 615, 616, 617, 618, 619, 620, 621, 622, 623, 624, 625, 626, 627, 628, 629, 630, 631, 632, 633, 634, 635, 636, 637, 638, 639, 640, 641, 642, 643, 644, 645, 646, 647, 648, 649, 650, 651, 652, 653, 654, 655, 656, 657, 658, 659, 660, 661, 662, 663, 664, 665, 666, 667, 668, 669, 670, 671, 672, 673, 674, 675, 676, 677, 678, 679, 680, 681, 682, 683, 684, 685, 686, 687, 688, 689, 690, 691, 692, 693, 694, 695, 696, 697, 698, 699, 700, 701, 702, 703, 704, 705, 706, 707, 708, 709, 710, 711, 712, 713, 714, 715, 716, 717, 718, 719, 720, 721, 722, 723, 724, 725, 726, 727, 728, 729, 730, 731, 732, 733, 734, 735, 736, 737, 738, 739, 740, 741, 742, 743, 744, 745, 746, 747, 748, 749, 750, 751, 752, 753, 754, 755, 756, 757, 758, 759, 760, 761, 762, 763, 764, 765, 766, 767, 768, 769, 770, 771, 772, 773, 774, 775, 776, 777, 778, 779, 780, 781, 782, 783, 784, 785, 786, 787, 788, 789, 790, 791, 792, 793]","[10, 75, 103, 104, 106, 117, 118, 120, 127, 128, 129, 131, 133, 135, 136, 137, 139, 146, 147, 148, 149, 151, 158, 160, 162, 166, 173, 178, 179, 185, 190, 192, 198, 201, 203, 204, 206, 207, 212, 213, 214, 219, 223, 224, 225, 227, 230, 235, 237, 246, 247, 256, 259, 262, 263, 266, 268, 269, 271, 272, 278, 279, 284, 285, 288, 290, 292, 304, 306, 312, 316, 319, 320, 323, 324, 329, 332, 335, 495, 549, 574, 575, 577, 588, 589, 591, 598, 599, 600, 602, 604, 606, 607, 608, 610, 617, 618, 619, 620, 622, 625, 630, 632, 634, 638, 644, 649, 650, 656, 661, 663, 669, 673, 674, 676, 677, 682, 683, 684, 687, 688, 689, 691, 694, 699, 701, 710, 718, 722, 723, 727, 728, 730, 731, 737, 738, 743, 744, 747, 749, 751, 762, 764, 770, 774, 777, 778, 781, 782, 789, 791]",[],"[99, 126, 570, 597]","[10, 75, 99, 103, 104, 105, 106, 107, 108, 109, 110, 111, 112, 113, 114, 115, 116, 117, 118, 119, 120, 121, 122, 123, 124, 125, 126, 127, 128, 129, 130, 131, 132, 133, 134, 135, 136, 137, 138, 139, 140, 141, 142, 143, 144, 145, 146, 147, 148, 149, 150, 151, 152, 153, 154, 155, 156, 157, 158, 159, 160, 161, 162, 163, 164, 165, 166, 167, 168, 169, 170, 171, 172, 173, 174, 175, 176, 177, 178, 179, 180, 181, 182, 183, 184, 185, 186, 187, 188, 189, 190, 191, 192, 193, 194, 195, 196, 197, 198, 199, 200, 201, 202, 203, 204, 205, 206, 207, 208, 209, 210, 211, 212, 213, 214, 215, 216, 217, 218, 219, 220, 221, 222, 223, 224, 225, 226, 227, 228, 229, 230, 231, 232, 233, 234, 235, 236, 237, 238, 239, 240, 241, 242, 243, 244, 245, 246, 247, 248, 249, 250, 251, 252, 253, 254, 255, 256, 257, 258, 259, 260, 261, 262, 263, 264, 265, 266, 267, 268, 269, 270, 271, 272, 273, 274, 275, 276, 277, 278, 279, 280, 281, 282, 283, 284, 285, 286, 287, 288, 289, 290, 291, 292, 293, 294, 295, 296, 297, 298, 299, 300, 301, 302, 303, 304, 305, 306, 307, 308, 309, 310, 311, 312, 313, 314, 315, 316, 317, 318, 319, 320, 321, 322, 323, 324, 325, 326, 327, 328, 329, 330, 331, 332, 333, 334, 335, 336, 337, 495, 549, 570, 574, 575, 576, 577, 578, 579, 580, 581, 582, 583, 584, 585, 586, 587, 588, 589, 590, 591, 592, 593, 594, 595, 596, 597, 598, 599, 600, 601, 602, 603, 604, 605, 606, 607, 608, 609, 610, 611, 612, 613, 614, 615, 616, 617, 618, 619, 620, 621, 622, 623, 624, 625, 626, 627, 628, 629, 630, 631, 632, 633, 634, 635, 636, 637, 638, 639, 640, 641, 642, 643, 644, 645, 646, 647, 648, 649, 650, 651, 652, 653, 654, 655, 656, 657, 658, 659, 660, 661, 662, 663, 664, 665, 666, 667, 668, 669, 670, 671, 672, 673, 674, 675, 676, 677, 678, 679, 680, 681, 682, 683, 684, 685, 686, 687, 688, 689, 690, 691, 692, 693, 694, 695, 696, 697, 698, 699, 700, 701, 702, 703, 704, 705, 706, 707, 708, 709, 710, 711, 712, 713, 714, 715, 716, 717, 718, 719, 720, 721, 722, 723, 724, 725, 726, 727, 728, 729, 730, 731, 732, 733, 734, 735, 736, 737, 738, 739, 740, 741, 742, 743, 744, 745, 746, 747, 748, 749, 750, 751, 752, 753, 754, 755, 756, 757, 758, 759, 760, 761, 762, 763, 764, 765, 766, 767, 768, 769, 770, 771, 772, 773, 774, 775, 776, 777, 778, 779, 780, 781, 782, 783, 784, 785, 786, 787, 788, 789, 790, 791, 792, 793]",False,"[127, 290, 598, 749]","[103, 104, 105, 106, 107, 108, 109, 110, 111, 112, 113, 114, 115, 116, 117, 118, 119, 120, 121, 122, 123, 124, 125, 126, 127, 128, 129, 130, 131, 132, 133, 134, 135, 136, 137, 138, 139, 140, 141, 142, 143, 144, 145, 146, 147, 148, 149, 150, 151, 152, 153, 154, 155, 156, 157, 158, 159, 160, 161, 162, 163, 164, 165, 166, 167, 168, 169, 170, 171, 172, 173, 174, 175, 176, 177, 178, 179, 180, 181, 182, 183, 184, 185, 186, 187, 188, 189, 190, 191, 192, 193, 194, 195, 196, 197, 198, 199, 200, 201, 202, 203, 204, 205, 206, 207, 208, 209, 210, 211, 212, 213, 214, 215, 216, 217, 218, 219, 220, 221, 222, 223, 224, 225, 226, 227, 228, 229, 230, 231, 232, 233, 234, 235, 236, 237, 238, 239, 240, 241, 242, 243, 244, 245, 246, 247, 248, 249, 250, 251, 252, 253, 254, 255, 256, 257, 258, 259, 260, 261, 262, 263, 264, 265, 266, 267, 268, 269, 270, 271, 272, 273, 274, 275, 276, 277, 278, 279, 280, 281, 282, 283, 284, 285, 286, 287, 288, 289, 290, 291, 292, 293, 294, 295, 296, 297, 298, 299, 300, 301, 302, 303, 304, 305, 306, 307, 308, 309, 310, 311, 312, 313, 314, 315, 316, 317, 318, 319, 320, 321, 322, 323, 324, 325, 326, 327, 328, 329, 330, 331, 332, 333, 334, 335, 336, 337, 574, 575, 576, 577, 578, 579, 580, 581, 582, 583, 584, 585, 586, 587, 588, 589, 590, 591, 592, 593, 594, 595, 596, 597, 598, 599, 600, 601, 602, 603, 604, 605, 606, 607, 608, 609, 610, 611, 612, 613, 614, 615, 616, 617, 618, 619, 620, 621, 622, 623, 624, 625, 626, 627, 628, 629, 630, 631, 632, 633, 634, 635, 636, 637, 638, 639, 640, 641, 642, 643, 644, 645, 646, 647, 648, 649, 650, 651, 652, 653, 654, 655, 656, 657, 658, 659, 660, 661, 662, 663, 664, 665, 666, 667, 668, 669, 670, 671, 672, 673, 674, 675, 676, 677, 678, 679, 680, 681, 682, 683, 684, 685, 686, 687, 688, 689, 690, 691, 692, 693, 694, 695, 696, 697, 698, 699, 700, 701, 702, 703, 704, 705, 706, 707, 708, 709, 710, 711, 712, 713, 714, 715, 716, 717, 718, 719, 720, 721, 722, 723, 724, 725, 726, 727, 728, 729, 730, 731, 732, 733, 734, 735, 736, 737, 738, 739, 740, 741, 742, 743, 744, 745, 746, 747, 748, 749, 750, 751, 752, 753, 754, 755, 756, 757, 758, 759, 760, 761, 762, 763, 764, 765, 766, 767, 768, 769, 770, 771, 772, 773, 774, 775, 776, 777, 778, 779, 780, 781, 782, 783, 784, 785, 786, 787, 788, 789, 790, 791, 792, 793]","[103, 111, 127, 153, 162, 201, 226, 292, 574, 581, 598, 624, 634, 690, 751]","[197, 201, 668]","[10, 75, 103, 104, 106, 117, 118, 120, 127, 128, 129, 131, 133, 135, 136, 137, 139, 146, 147, 148, 149, 151, 158, 160, 162, 166, 173, 178, 179, 185, 190, 192, 198, 201, 203, 204, 206, 207, 212, 213, 214, 219, 223, 224, 225, 227, 230, 235, 237, 246, 247, 256, 259, 262, 263, 266, 268, 269, 271, 272, 278, 279, 284, 285, 288, 290, 292, 304, 306, 312, 316, 319, 320, 323, 324, 329, 332, 335, 495, 549, 574, 575, 577, 588, 589, 591, 598, 599, 600, 602, 604, 606, 607, 608, 610, 617, 618, 619, 620, 622, 625, 630, 632, 634, 638, 644, 649, 650, 656, 661, 663, 669, 673, 674, 676, 677, 682, 683, 684, 687, 688, 689, 691, 694, 699, 701, 710, 718, 722, 723, 727, 728, 730, 731, 737, 738, 743, 744, 747, 749, 751, 762, 764, 770, 774, 777, 778, 781, 782, 789, 791]","[99, 126, 570, 597]",[],5/6 successful match,False,,False,769,False,,1.0,True,Mikuls Pumpkin Center Roost Truck Rd ) Terminal,
Pumpkin Center ( 93313 ) Mikuls Pumpkin Center Truck Terminal,4 661-832-5390 CA 99 Exit 18 ( CA 119 W ),<U+2610> D,Pumpkin Center,93313,Mikuls Pumpkin Center Truck Terminal,661-832-5390,2015,Bakersfield,CA,,( CA 119 W ),CA 99 Exit 18 ,Exit,18,False,,False,CA 99,,,,,[],"[127, 290, 598, 749]","[103, 111, 127, 153, 162, 201, 226, 292, 574, 581, 598, 624, 634, 690, 751]","[197, 201, 668]","[103, 104, 105, 106, 107, 108, 109, 110, 111, 112, 113, 114, 115, 116, 117, 118, 119, 120, 121, 122, 123, 124, 125, 126, 127, 128, 129, 130, 131, 132, 133, 134, 135, 136, 137, 138, 139, 140, 141, 142, 143, 144, 145, 146, 147, 148, 149, 150, 151, 152, 153, 154, 155, 156, 157, 158, 159, 160, 161, 162, 163, 164, 165, 166, 167, 168, 169, 170, 171, 172, 173, 174, 175, 176, 177, 178, 179, 180, 181, 182, 183, 184, 185, 186, 187, 188, 189, 190, 191, 192, 193, 194, 195, 196, 197, 198, 199, 200, 201, 202, 203, 204, 205, 206, 207, 208, 209, 210, 211, 212, 213, 214, 215, 216, 217, 218, 219, 220, 221, 222, 223, 224, 225, 226, 227, 228, 229, 230, 231, 232, 233, 234, 235, 236, 237, 238, 239, 240, 241, 242, 243, 244, 245, 246, 247, 248, 249, 250, 251, 252, 253, 254, 255, 256, 257, 258, 259, 260, 261, 262, 263, 264, 265, 266, 267, 268, 269, 270, 271, 272, 273, 274, 275, 276, 277, 278, 279, 280, 281, 282, 283, 284, 285, 286, 287, 288, 289, 290, 291, 292, 293, 294, 295, 296, 297, 298, 299, 300, 301, 302, 303, 304, 305, 306, 307, 308, 309, 310, 311, 312, 313, 314, 315, 316, 317, 318, 319, 320, 321, 322, 323, 324, 325, 326, 327, 328, 329, 330, 331, 332, 333, 334, 335, 336, 337, 574, 575, 576, 577, 578, 579, 580, 581, 582, 583, 584, 585, 586, 587, 588, 589, 590, 591, 592, 593, 594, 595, 596, 597, 598, 599, 600, 601, 602, 603, 604, 605, 606, 607, 608, 609, 610, 611, 612, 613, 614, 615, 616, 617, 618, 619, 620, 621, 622, 623, 624, 625, 626, 627, 628, 629, 630, 631, 632, 633, 634, 635, 636, 637, 638, 639, 640, 641, 642, 643, 644, 645, 646, 647, 648, 649, 650, 651, 652, 653, 654, 655, 656, 657, 658, 659, 660, 661, 662, 663, 664, 665, 666, 667, 668, 669, 670, 671, 672, 673, 674, 675, 676, 677, 678, 679, 680, 681, 682, 683, 684, 685, 686, 687, 688, 689, 690, 691, 692, 693, 694, 695, 696, 697, 698, 699, 700, 701, 702, 703, 704, 705, 706, 707, 708, 709, 710, 711, 712, 713, 714, 715, 716, 717, 718, 719, 720, 721, 722, 723, 724, 725, 726, 727, 728, 729, 730, 731, 732, 733, 734, 735, 736, 737, 738, 739, 740, 741, 742, 743, 744, 745, 746, 747, 748, 749, 750, 751, 752, 753, 754, 755, 756, 757, 758, 759, 760, 761, 762, 763, 764, 765, 766, 767, 768, 769, 770, 771, 772, 773, 774, 775, 776, 777, 778, 779, 780, 781, 782, 783, 784, 785, 786, 787, 788, 789, 790, 791, 792, 793]","[10, 75, 103, 104, 106, 117, 118, 120, 127, 128, 129, 131, 133, 135, 136, 137, 139, 146, 147, 148, 149, 151, 158, 160, 162, 166, 173, 178, 179, 185, 190, 192, 198, 201, 203, 204, 206, 207, 212, 213, 214, 219, 223, 224, 225, 227, 230, 235, 237, 246, 247, 256, 259, 262, 263, 266, 268, 269, 271, 272, 278, 279, 284, 285, 288, 290, 292, 304, 306, 312, 316, 319, 320, 323, 324, 329, 332, 335, 495, 549, 574, 575, 577, 588, 589, 591, 598, 599, 600, 602, 604, 606, 607, 608, 610, 617, 618, 619, 620, 622, 625, 630, 632, 634, 638, 644, 649, 650, 656, 661, 663, 669, 673, 674, 676, 677, 682, 683, 684, 687, 688, 689, 691, 694, 699, 701, 710, 718, 722, 723, 727, 728, 730, 731, 737, 738, 743, 744, 747, 749, 751, 762, 764, 770, 774, 777, 778, 781, 782, 789, 791]",[],"[99, 126, 570, 597]","[10, 75, 99, 103, 104, 105, 106, 107, 108, 109, 110, 111, 112, 113, 114, 115, 116, 117, 118, 119, 120, 121, 122, 123, 124, 125, 126, 127, 128, 129, 130, 131, 132, 133, 134, 135, 136, 137, 138, 139, 140, 141, 142, 143, 144, 145, 146, 147, 148, 149, 150, 151, 152, 153, 154, 155, 156, 157, 158, 159, 160, 161, 162, 163, 164, 165, 166, 167, 168, 169, 170, 171, 172, 173, 174, 175, 176, 177, 178, 179, 180, 181, 182, 183, 184, 185, 186, 187, 188, 189, 190, 191, 192, 193, 194, 195, 196, 197, 198, 199, 200, 201, 202, 203, 204, 205, 206, 207, 208, 209, 210, 211, 212, 213, 214, 215, 216, 217, 218, 219, 220, 221, 222, 223, 224, 225, 226, 227, 228, 229, 230, 231, 232, 233, 234, 235, 236, 237, 238, 239, 240, 241, 242, 243, 244, 245, 246, 247, 248, 249, 250, 251, 252, 253, 254, 255, 256, 257, 258, 259, 260, 261, 262, 263, 264, 265, 266, 267, 268, 269, 270, 271, 272, 273, 274, 275, 276, 277, 278, 279, 280, 281, 282, 283, 284, 285, 286, 287, 288, 289, 290, 291, 292, 293, 294, 295, 296, 297, 298, 299, 300, 301, 302, 303, 304, 305, 306, 307, 308, 309, 310, 311, 312, 313, 314, 315, 316, 317, 318, 319, 320, 321, 322, 323, 324, 325, 326, 327, 328, 329, 330, 331, 332, 333, 334, 335, 336, 337, 495, 549, 570, 574, 575, 576, 577, 578, 579, 580, 581, 582, 583, 584, 585, 586, 587, 588, 589, 590, 591, 592, 593, 594, 595, 596, 597, 598, 599, 600, 601, 602, 603, 604, 605, 606, 607, 608, 609, 610, 611, 612, 613, 614, 615, 616, 617, 618, 619, 620, 621, 622, 623, 624, 625, 626, 627, 628, 629, 630, 631, 632, 633, 634, 635, 636, 637, 638, 639, 640, 641, 642, 643, 644, 645, 646, 647, 648, 649, 650, 651, 652, 653, 654, 655, 656, 657, 658, 659, 660, 661, 662, 663, 664, 665, 666, 667, 668, 669, 670, 671, 672, 673, 674, 675, 676, 677, 678, 679, 680, 681, 682, 683, 684, 685, 686, 687, 688, 689, 690, 691, 692, 693, 694, 695, 696, 697, 698, 699, 700, 701, 702, 703, 704, 705, 706, 707, 708, 709, 710, 711, 712, 713, 714, 715, 716, 717, 718, 719, 720, 721, 722, 723, 724, 725, 726, 727, 728, 729, 730, 731, 732, 733, 734, 735, 736, 737, 738, 739, 740, 741, 742, 743, 744, 745, 746, 747, 748, 749, 750, 751, 752, 753, 754, 755, 756, 757, 758, 759, 760, 761, 762, 763, 764, 765, 766, 767, 768, 769, 770, 771, 772, 773, 774, 775, 776, 777, 778, 779, 780, 781, 782, 783, 784, 785, 786, 787, 788, 789, 790, 791, 792, 793]",False,"[127, 290, 598, 749]","[103, 104, 105, 106, 107, 108, 109, 110, 111, 112, 113, 114, 115, 116, 117, 118, 119, 120, 121, 122, 123, 124, 125, 126, 127, 128, 129, 130, 131, 132, 133, 134, 135, 136, 137, 138, 139, 140, 141, 142, 143, 144, 145, 146, 147, 148, 149, 150, 151, 152, 153, 154, 155, 156, 157, 158, 159, 160, 161, 162, 163, 164, 165, 166, 167, 168, 169, 170, 171, 172, 173, 174, 175, 176, 177, 178, 179, 180, 181, 182, 183, 184, 185, 186, 187, 188, 189, 190, 191, 192, 193, 194, 195, 196, 197, 198, 199, 200, 201, 202, 203, 204, 205, 206, 207, 208, 209, 210, 211, 212, 213, 214, 215, 216, 217, 218, 219, 220, 221, 222, 223, 224, 225, 226, 227, 228, 229, 230, 231, 232, 233, 234, 235, 236, 237, 238, 239, 240, 241, 242, 243, 244, 245, 246, 247, 248, 249, 250, 251, 252, 253, 254, 255, 256, 257, 258, 259, 260, 261, 262, 263, 264, 265, 266, 267, 268, 269, 270, 271, 272, 273, 274, 275, 276, 277, 278, 279, 280, 281, 282, 283, 284, 285, 286, 287, 288, 289, 290, 291, 292, 293, 294, 295, 296, 297, 298, 299, 300, 301, 302, 303, 304, 305, 306, 307, 308, 309, 310, 311, 312, 313, 314, 315, 316, 317, 318, 319, 320, 321, 322, 323, 324, 325, 326, 327, 328, 329, 330, 331, 332, 333, 334, 335, 336, 337, 574, 575, 576, 577, 578, 579, 580, 581, 582, 583, 584, 585, 586, 587, 588, 589, 590, 591, 592, 593, 594, 595, 596, 597, 598, 599, 600, 601, 602, 603, 604, 605, 606, 607, 608, 609, 610, 611, 612, 613, 614, 615, 616, 617, 618, 619, 620, 621, 622, 623, 624, 625, 626, 627, 628, 629, 630, 631, 632, 633, 634, 635, 636, 637, 638, 639, 640, 641, 642, 643, 644, 645, 646, 647, 648, 649, 650, 651, 652, 653, 654, 655, 656, 657, 658, 659, 660, 661, 662, 663, 664, 665, 666, 667, 668, 669, 670, 671, 672, 673, 674, 675, 676, 677, 678, 679, 680, 681, 682, 683, 684, 685, 686, 687, 688, 689, 690, 691, 692, 693, 694, 695, 696, 697, 698, 699, 700, 701, 702, 703, 704, 705, 706, 707, 708, 709, 710, 711, 712, 713, 714, 715, 716, 717, 718, 719, 720, 721, 722, 723, 724, 725, 726, 727, 728, 729, 730, 731, 732, 733, 734, 735, 736, 737, 738, 739, 740, 741, 742, 743, 744, 745, 746, 747, 748, 749, 750, 751, 752, 753, 754, 755, 756, 757, 758, 759, 760, 761, 762, 763, 764, 765, 766, 767, 768, 769, 770, 771, 772, 773, 774, 775, 776, 777, 778, 779, 780, 781, 782, 783, 784, 785, 786, 787, 788, 789, 790, 791, 792, 793]","[103, 111, 127, 153, 162, 201, 226, 292, 574, 581, 598, 624, 634, 690, 751]","[197, 201, 668]","[10, 75, 103, 104, 106, 117, 118, 120, 127, 128, 129, 131, 133, 135, 136, 137, 139, 146, 147, 148, 149, 151, 158, 160, 162, 166, 173, 178, 179, 185, 190, 192, 198, 201, 203, 204, 206, 207, 212, 213, 214, 219, 223, 224, 225, 227, 230, 235, 237, 246, 247, 256, 259, 262, 263, 266, 268, 269, 271, 272, 278, 279, 284, 285, 288, 290, 292, 304, 306, 312, 316, 319, 320, 323, 324, 329, 332, 335, 495, 549, 574, 575, 577, 588, 589, 591, 598, 599, 600, 602, 604, 606, 607, 608, 610, 617, 618, 619, 620, 622, 625, 630, 632, 634, 638, 644, 649, 650, 656, 661, 663, 669, 673, 674, 676, 677, 682, 683, 684, 687, 688, 689, 691, 694, 699, 701, 710, 718, 722, 723, 727, 728, 730, 731, 737, 738, 743, 744, 747, 749, 751, 762, 764, 770, 774, 777, 778, 781, 782, 789, 791]","[99, 126, 570, 597]",[],5/6 successful match,False,,False,769,False,,1.0,True,Mikuls Pumpkin Center Truck Terminal,
"Paso Robles , 93446 San Paso Truck & Auto",3 805-238-7042 US 101 ( 3.5 mi N of CA 46 ),24 L,Paso Robles,93446,San Paso Truck & Auto,805-238-7042,2006,Paso Robles,CA,,( 3.5 mi N of CA 46 ),US 101,empty,,False,,False,US 101,,,,,[],"[178, 281, 649, 740]","[178, 281, 649, 740]",[],"[103, 104, 105, 106, 107, 108, 109, 110, 111, 112, 113, 114, 115, 116, 117, 118, 119, 120, 121, 122, 123, 124, 125, 126, 127, 128, 129, 130, 131, 132, 133, 134, 135, 136, 137, 138, 139, 140, 141, 142, 143, 144, 145, 146, 147, 148, 149, 150, 151, 152, 153, 154, 155, 156, 157, 158, 159, 160, 161, 162, 163, 164, 165, 166, 167, 168, 169, 170, 171, 172, 173, 174, 175, 176, 177, 178, 179, 180, 181, 182, 183, 184, 185, 186, 187, 188, 189, 190, 191, 192, 193, 194, 195, 196, 197, 198, 199, 200, 201, 202, 203, 204, 205, 206, 207, 208, 209, 210, 211, 212, 213, 214, 215, 216, 217, 218, 219, 220, 221, 222, 223, 224, 225, 226, 227, 228, 229, 230, 231, 232, 233, 234, 235, 236, 237, 238, 239, 240, 241, 242, 243, 244, 245, 246, 247, 248, 249, 250, 251, 252, 253, 254, 255, 256, 257, 258, 259, 260, 261, 262, 263, 264, 265, 266, 267, 268, 269, 270, 271, 272, 273, 274, 275, 276, 277, 278, 279, 280, 281, 282, 283, 284, 285, 286, 287, 288, 289, 290, 291, 292, 293, 294, 295, 296, 297, 298, 299, 300, 301, 302, 303, 304, 305, 306, 307, 308, 309, 310, 311, 312, 313, 314, 315, 316, 317, 318, 319, 320, 321, 322, 323, 324, 325, 326, 327, 328, 329, 330, 331, 332, 333, 334, 335, 336, 337, 574, 575, 576, 577, 578, 579, 580, 581, 582, 583, 584, 585, 586, 587, 588, 589, 590, 591, 592, 593, 594, 595, 596, 597, 598, 599, 600, 601, 602, 603, 604, 605, 606, 607, 608, 609, 610, 611, 612, 613, 614, 615, 616, 617, 618, 619, 620, 621, 622, 623, 624, 625, 626, 627, 628, 629, 630, 631, 632, 633, 634, 635, 636, 637, 638, 639, 640, 641, 642, 643, 644, 645, 646, 647, 648, 649, 650, 651, 652, 653, 654, 655, 656, 657, 658, 659, 660, 661, 662, 663, 664, 665, 666, 667, 668, 669, 670, 671, 672, 673, 674, 675, 676, 677, 678, 679, 680, 681, 682, 683, 684, 685, 686, 687, 688, 689, 690, 691, 692, 693, 694, 695, 696, 697, 698, 699, 700, 701, 702, 703, 704, 705, 706, 707, 708, 709, 710, 711, 712, 713, 714, 715, 716, 717, 718, 719, 720, 721, 722, 723, 724, 725, 726, 727, 728, 729, 730, 731, 732, 733, 734, 735, 736, 737, 738, 739, 740, 741, 742, 743, 744, 745, 746, 747, 748, 749, 750, 751, 752, 753, 754, 755, 756, 757, 758, 759, 760, 761, 762, 763, 764, 765, 766, 767, 768, 769, 770, 771, 772, 773, 774, 775, 776, 777, 778, 779, 780, 781, 782, 783, 784, 785, 786, 787, 788, 789, 790, 791, 792, 793]","[15, 91, 107, 110, 113, 123, 132, 136, 193, 216, 218, 252, 274, 275, 281, 286, 293, 302, 325, 326, 500, 562, 578, 580, 583, 594, 603, 607, 664, 686, 715, 733, 734, 740, 745, 752, 760, 783, 784]",[],"[87, 281, 558, 740]","[15, 87, 91, 103, 104, 105, 106, 107, 108, 109, 110, 111, 112, 113, 114, 115, 116, 117, 118, 119, 120, 121, 122, 123, 124, 125, 126, 127, 128, 129, 130, 131, 132, 133, 134, 135, 136, 137, 138, 139, 140, 141, 142, 143, 144, 145, 146, 147, 148, 149, 150, 151, 152, 153, 154, 155, 156, 157, 158, 159, 160, 161, 162, 163, 164, 165, 166, 167, 168, 169, 170, 171, 172, 173, 174, 175, 176, 177, 178, 179, 180, 181, 182, 183, 184, 185, 186, 187, 188, 189, 190, 191, 192, 193, 194, 195, 196, 197, 198, 199, 200, 201, 202, 203, 204, 205, 206, 207, 208, 209, 210, 211, 212, 213, 214, 215, 216, 217, 218, 219, 220, 221, 222, 223, 224, 225, 226, 227, 228, 229, 230, 231, 232, 233, 234, 235, 236, 237, 238, 239, 240, 241, 242, 243, 244, 245, 246, 247, 248, 249, 250, 251, 252, 253, 254, 255, 256, 257, 258, 259, 260, 261, 262, 263, 264, 265, 266, 267, 268, 269, 270, 271, 272, 273, 274, 275, 276, 277, 278, 279, 280, 281, 282, 283, 284, 285, 286, 287, 288, 289, 290, 291, 292, 293, 294, 295, 296, 297, 298, 299, 300, 301, 302, 303, 304, 305, 306, 307, 308, 309, 310, 311, 312, 313, 314, 315, 316, 317, 318, 319, 320, 321, 322, 323, 324, 325, 326, 327, 328, 329, 330, 331, 332, 333, 334, 335, 336, 337, 500, 558, 562, 574, 575, 576, 577, 578, 579, 580, 581, 582, 583, 584, 585, 586, 587, 588, 589, 590, 591, 592, 593, 594, 595, 596, 597, 598, 599, 600, 601, 602, 603, 604, 605, 606, 607, 608, 609, 610, 611, 612, 613, 614, 615, 616, 617, 618, 619, 620, 621, 622, 623, 624, 625, 626, 627, 628, 629, 630, 631, 632, 633, 634, 635, 636, 637, 638, 639, 640, 641, 642, 643, 644, 645, 646, 647, 648, 649, 650, 651, 652, 653, 654, 655, 656, 657, 658, 659, 660, 661, 662, 663, 664, 665, 666, 667, 668, 669, 670, 671, 672, 673, 674, 675, 676, 677, 678, 679, 680, 681, 682, 683, 684, 685, 686, 687, 688, 689, 690, 691, 692, 693, 694, 695, 696, 697, 698, 699, 700, 701, 702, 703, 704, 705, 706, 707, 708, 709, 710, 711, 712, 713, 714, 715, 716, 717, 718, 719, 720, 721, 722, 723, 724, 725, 726, 727, 728, 729, 730, 731, 732, 733, 734, 735, 736, 737, 738, 739, 740, 741, 742, 743, 744, 745, 746, 747, 748, 749, 750, 751, 752, 753, 754, 755, 756, 757, 758, 759, 760, 761, 762, 763, 764, 765, 766, 767, 768, 769, 770, 771, 772, 773, 774, 775, 776, 777, 778, 779, 780, 781, 782, 783, 784, 785, 786, 787, 788, 789, 790, 791, 792, 793]",False,"[178, 281, 649, 740]","[103, 104, 105, 106, 107, 108, 109, 110, 111, 112, 113, 114, 115, 116, 117, 118, 119, 120, 121, 122, 123, 124, 125, 126, 127, 128, 129, 130, 131, 132, 133, 134, 135, 136, 137, 138, 139, 140, 141, 142, 143, 144, 145, 146, 147, 148, 149, 150, 151, 152, 153, 154, 155, 156, 157, 158, 159, 160, 161, 162, 163, 164, 165, 166, 167, 168, 169, 170, 171, 172, 173, 174, 175, 176, 177, 178, 179, 180, 181, 182, 183, 184, 185, 186, 187, 188, 189, 190, 191, 192, 193, 194, 195, 196, 197, 198, 199, 200, 201, 202, 203, 204, 205, 206, 207, 208, 209, 210, 211, 212, 213, 214, 215, 216, 217, 218, 219, 220, 221, 222, 223, 224, 225, 226, 227, 228, 229, 230, 231, 232, 233, 234, 235, 236, 237, 238, 239, 240, 241, 242, 243, 244, 245, 246, 247, 248, 249, 250, 251, 252, 253, 254, 255, 256, 257, 258, 259, 260, 261, 262, 263, 264, 265, 266, 267, 268, 269, 270, 271, 272, 273, 274, 275, 276, 277, 278, 279, 280, 281, 282, 283, 284, 285, 286, 287, 288, 289, 290, 291, 292, 293, 294, 295, 296, 297, 298, 299, 300, 301, 302, 303, 304, 305, 306, 307, 308, 309, 310, 311, 312, 313, 314, 315, 316, 317, 318, 319, 320, 321, 322, 323, 324, 325, 326, 327, 328, 329, 330, 331, 332, 333, 334, 335, 336, 337, 574, 575, 576, 577, 578, 579, 580, 581, 582, 583, 584, 585, 586, 587, 588, 589, 590, 591, 592, 593, 594, 595, 596, 597, 598, 599, 600, 601, 602, 603, 604, 605, 606, 607, 608, 609, 610, 611, 612, 613, 614, 615, 616, 617, 618, 619, 620, 621, 622, 623, 624, 625, 626, 627, 628, 629, 630, 631, 632, 633, 634, 635, 636, 637, 638, 639, 640, 641, 642, 643, 644, 645, 646, 647, 648, 649, 650, 651, 652, 653, 654, 655, 656, 657, 658, 659, 660, 661, 662, 663, 664, 665, 666, 667, 668, 669, 670, 671, 672, 673, 674, 675, 676, 677, 678, 679, 680, 681, 682, 683, 684, 685, 686, 687, 688, 689, 690, 691, 692, 693, 694, 695, 696, 697, 698, 699, 700, 701, 702, 703, 704, 705, 706, 707, 708, 709, 710, 711, 712, 713, 714, 715, 716, 717, 718, 719, 720, 721, 722, 723, 724, 725, 726, 727, 728, 729, 730, 731, 732, 733, 734, 735, 736, 737, 738, 739, 740, 741, 742, 743, 744, 745, 746, 747, 748, 749, 750, 751, 752, 753, 754, 755, 756, 757, 758, 759, 760, 761, 762, 763, 764, 765, 766, 767, 768, 769, 770, 771, 772, 773, 774, 775, 776, 777, 778, 779, 780, 781, 782, 783, 784, 785, 786, 787, 788, 789, 790, 791, 792, 793]","[178, 281, 649, 740]",[],"[15, 91, 107, 110, 113, 123, 132, 136, 193, 216, 218, 252, 274, 275, 281, 286, 293, 302, 325, 326, 500, 562, 578, 580, 583, 594, 603, 607, 664, 686, 715, 733, 734, 740, 745, 752, 760, 783, 784]","[87, 281, 558, 740]",[],7/6 successful match,False,,False,770,False,,,,,
"Paso Robles , 93446 San Paso Truck & Auto Ave )",805-238-7042 US 101 ( 4 mi N of CA 46 ),HRS 24 L,Paso Robles,93446,San Paso Truck & Auto Ave ),805-238-7042,2007,Paso Robles,CA,,( 4 mi N of CA 46 ),US 101,empty,,False,,False,US 101,,,,,[],"[178, 281, 649, 740]","[178, 281, 649, 740]",[],"[103, 104, 105, 106, 107, 108, 109, 110, 111, 112, 113, 114, 115, 116, 117, 118, 119, 120, 121, 122, 123, 124, 125, 126, 127, 128, 129, 130, 131, 132, 133, 134, 135, 136, 137, 138, 139, 140, 141, 142, 143, 144, 145, 146, 147, 148, 149, 150, 151, 152, 153, 154, 155, 156, 157, 158, 159, 160, 161, 162, 163, 164, 165, 166, 167, 168, 169, 170, 171, 172, 173, 174, 175, 176, 177, 178, 179, 180, 181, 182, 183, 184, 185, 186, 187, 188, 189, 190, 191, 192, 193, 194, 195, 196, 197, 198, 199, 200, 201, 202, 203, 204, 205, 206, 207, 208, 209, 210, 211, 212, 213, 214, 215, 216, 217, 218, 219, 220, 221, 222, 223, 224, 225, 226, 227, 228, 229, 230, 231, 232, 233, 234, 235, 236, 237, 238, 239, 240, 241, 242, 243, 244, 245, 246, 247, 248, 249, 250, 251, 252, 253, 254, 255, 256, 257, 258, 259, 260, 261, 262, 263, 264, 265, 266, 267, 268, 269, 270, 271, 272, 273, 274, 275, 276, 277, 278, 279, 280, 281, 282, 283, 284, 285, 286, 287, 288, 289, 290, 291, 292, 293, 294, 295, 296, 297, 298, 299, 300, 301, 302, 303, 304, 305, 306, 307, 308, 309, 310, 311, 312, 313, 314, 315, 316, 317, 318, 319, 320, 321, 322, 323, 324, 325, 326, 327, 328, 329, 330, 331, 332, 333, 334, 335, 336, 337, 574, 575, 576, 577, 578, 579, 580, 581, 582, 583, 584, 585, 586, 587, 588, 589, 590, 591, 592, 593, 594, 595, 596, 597, 598, 599, 600, 601, 602, 603, 604, 605, 606, 607, 608, 609, 610, 611, 612, 613, 614, 615, 616, 617, 618, 619, 620, 621, 622, 623, 624, 625, 626, 627, 628, 629, 630, 631, 632, 633, 634, 635, 636, 637, 638, 639, 640, 641, 642, 643, 644, 645, 646, 647, 648, 649, 650, 651, 652, 653, 654, 655, 656, 657, 658, 659, 660, 661, 662, 663, 664, 665, 666, 667, 668, 669, 670, 671, 672, 673, 674, 675, 676, 677, 678, 679, 680, 681, 682, 683, 684, 685, 686, 687, 688, 689, 690, 691, 692, 693, 694, 695, 696, 697, 698, 699, 700, 701, 702, 703, 704, 705, 706, 707, 708, 709, 710, 711, 712, 713, 714, 715, 716, 717, 718, 719, 720, 721, 722, 723, 724, 725, 726, 727, 728, 729, 730, 731, 732, 733, 734, 735, 736, 737, 738, 739, 740, 741, 742, 743, 744, 745, 746, 747, 748, 749, 750, 751, 752, 753, 754, 755, 756, 757, 758, 759, 760, 761, 762, 763, 764, 765, 766, 767, 768, 769, 770, 771, 772, 773, 774, 775, 776, 777, 778, 779, 780, 781, 782, 783, 784, 785, 786, 787, 788, 789, 790, 791, 792, 793]","[15, 91, 107, 110, 113, 123, 132, 136, 193, 216, 218, 252, 274, 275, 281, 286, 293, 302, 325, 326, 500, 562, 578, 580, 583, 594, 603, 607, 664, 686, 715, 733, 734, 740, 745, 752, 760, 783, 784]",[],"[87, 281, 558, 740]","[15, 87, 91, 103, 104, 105, 106, 107, 108, 109, 110, 111, 112, 113, 114, 115, 116, 117, 118, 119, 120, 121, 122, 123, 124, 125, 126, 127, 128, 129, 130, 131, 132, 133, 134, 135, 136, 137, 138, 139, 140, 141, 142, 143, 144, 145, 146, 147, 148, 149, 150, 151, 152, 153, 154, 155, 156, 157, 158, 159, 160, 161, 162, 163, 164, 165, 166, 167, 168, 169, 170, 171, 172, 173, 174, 175, 176, 177, 178, 179, 180, 181, 182, 183, 184, 185, 186, 187, 188, 189, 190, 191, 192, 193, 194, 195, 196, 197, 198, 199, 200, 201, 202, 203, 204, 205, 206, 207, 208, 209, 210, 211, 212, 213, 214, 215, 216, 217, 218, 219, 220, 221, 222, 223, 224, 225, 226, 227, 228, 229, 230, 231, 232, 233, 234, 235, 236, 237, 238, 239, 240, 241, 242, 243, 244, 245, 246, 247, 248, 249, 250, 251, 252, 253, 254, 255, 256, 257, 258, 259, 260, 261, 262, 263, 264, 265, 266, 267, 268, 269, 270, 271, 272, 273, 274, 275, 276, 277, 278, 279, 280, 281, 282, 283, 284, 285, 286, 287, 288, 289, 290, 291, 292, 293, 294, 295, 296, 297, 298, 299, 300, 301, 302, 303, 304, 305, 306, 307, 308, 309, 310, 311, 312, 313, 314, 315, 316, 317, 318, 319, 320, 321, 322, 323, 324, 325, 326, 327, 328, 329, 330, 331, 332, 333, 334, 335, 336, 337, 500, 558, 562, 574, 575, 576, 577, 578, 579, 580, 581, 582, 583, 584, 585, 586, 587, 588, 589, 590, 591, 592, 593, 594, 595, 596, 597, 598, 599, 600, 601, 602, 603, 604, 605, 606, 607, 608, 609, 610, 611, 612, 613, 614, 615, 616, 617, 618, 619, 620, 621, 622, 623, 624, 625, 626, 627, 628, 629, 630, 631, 632, 633, 634, 635, 636, 637, 638, 639, 640, 641, 642, 643, 644, 645, 646, 647, 648, 649, 650, 651, 652, 653, 654, 655, 656, 657, 658, 659, 660, 661, 662, 663, 664, 665, 666, 667, 668, 669, 670, 671, 672, 673, 674, 675, 676, 677, 678, 679, 680, 681, 682, 683, 684, 685, 686, 687, 688, 689, 690, 691, 692, 693, 694, 695, 696, 697, 698, 699, 700, 701, 702, 703, 704, 705, 706, 707, 708, 709, 710, 711, 712, 713, 714, 715, 716, 717, 718, 719, 720, 721, 722, 723, 724, 725, 726, 727, 728, 729, 730, 731, 732, 733, 734, 735, 736, 737, 738, 739, 740, 741, 742, 743, 744, 745, 746, 747, 748, 749, 750, 751, 752, 753, 754, 755, 756, 757, 758, 759, 760, 761, 762, 763, 764, 765, 766, 767, 768, 769, 770, 771, 772, 773, 774, 775, 776, 777, 778, 779, 780, 781, 782, 783, 784, 785, 786, 787, 788, 789, 790, 791, 792, 793]",False,"[178, 281, 649, 740]","[103, 104, 105, 106, 107, 108, 109, 110, 111, 112, 113, 114, 115, 116, 117, 118, 119, 120, 121, 122, 123, 124, 125, 126, 127, 128, 129, 130, 131, 132, 133, 134, 135, 136, 137, 138, 139, 140, 141, 142, 143, 144, 145, 146, 147, 148, 149, 150, 151, 152, 153, 154, 155, 156, 157, 158, 159, 160, 161, 162, 163, 164, 165, 166, 167, 168, 169, 170, 171, 172, 173, 174, 175, 176, 177, 178, 179, 180, 181, 182, 183, 184, 185, 186, 187, 188, 189, 190, 191, 192, 193, 194, 195, 196, 197, 198, 199, 200, 201, 202, 203, 204, 205, 206, 207, 208, 209, 210, 211, 212, 213, 214, 215, 216, 217, 218, 219, 220, 221, 222, 223, 224, 225, 226, 227, 228, 229, 230, 231, 232, 233, 234, 235, 236, 237, 238, 239, 240, 241, 242, 243, 244, 245, 246, 247, 248, 249, 250, 251, 252, 253, 254, 255, 256, 257, 258, 259, 260, 261, 262, 263, 264, 265, 266, 267, 268, 269, 270, 271, 272, 273, 274, 275, 276, 277, 278, 279, 280, 281, 282, 283, 284, 285, 286, 287, 288, 289, 290, 291, 292, 293, 294, 295, 296, 297, 298, 299, 300, 301, 302, 303, 304, 305, 306, 307, 308, 309, 310, 311, 312, 313, 314, 315, 316, 317, 318, 319, 320, 321, 322, 323, 324, 325, 326, 327, 328, 329, 330, 331, 332, 333, 334, 335, 336, 337, 574, 575, 576, 577, 578, 579, 580, 581, 582, 583, 584, 585, 586, 587, 588, 589, 590, 591, 592, 593, 594, 595, 596, 597, 598, 599, 600, 601, 602, 603, 604, 605, 606, 607, 608, 609, 610, 611, 612, 613, 614, 615, 616, 617, 618, 619, 620, 621, 622, 623, 624, 625, 626, 627, 628, 629, 630, 631, 632, 633, 634, 635, 636, 637, 638, 639, 640, 641, 642, 643, 644, 645, 646, 647, 648, 649, 650, 651, 652, 653, 654, 655, 656, 657, 658, 659, 660, 661, 662, 663, 664, 665, 666, 667, 668, 669, 670, 671, 672, 673, 674, 675, 676, 677, 678, 679, 680, 681, 682, 683, 684, 685, 686, 687, 688, 689, 690, 691, 692, 693, 694, 695, 696, 697, 698, 699, 700, 701, 702, 703, 704, 705, 706, 707, 708, 709, 710, 711, 712, 713, 714, 715, 716, 717, 718, 719, 720, 721, 722, 723, 724, 725, 726, 727, 728, 729, 730, 731, 732, 733, 734, 735, 736, 737, 738, 739, 740, 741, 742, 743, 744, 745, 746, 747, 748, 749, 750, 751, 752, 753, 754, 755, 756, 757, 758, 759, 760, 761, 762, 763, 764, 765, 766, 767, 768, 769, 770, 771, 772, 773, 774, 775, 776, 777, 778, 779, 780, 781, 782, 783, 784, 785, 786, 787, 788, 789, 790, 791, 792, 793]","[178, 281, 649, 740]",[],"[15, 91, 107, 110, 113, 123, 132, 136, 193, 216, 218, 252, 274, 275, 281, 286, 293, 302, 325, 326, 500, 562, 578, 580, 583, 594, 603, 607, 664, 686, 715, 733, 734, 740, 745, 752, 760, 783, 784]","[87, 281, 558, 740]",[],7/6 successful match,False,,False,770,False,,1.0,True,San Paso Truck & Auto,
"Paso Robles , 93446 San Paso Truck & Auto",3 805-238-7042 US 101 ( 4 mi N of CA 46 ),24 <U+2610>,Paso Robles,93446,San Paso Truck & Auto,805-238-7042,2008,Paso Robles,CA,,( 4 mi N of CA 46 ),US 101,empty,,False,,False,US 101,,,,,[],"[178, 281, 649, 740]","[178, 281, 649, 740]",[],"[103, 104, 105, 106, 107, 108, 109, 110, 111, 112, 113, 114, 115, 116, 117, 118, 119, 120, 121, 122, 123, 124, 125, 126, 127, 128, 129, 130, 131, 132, 133, 134, 135, 136, 137, 138, 139, 140, 141, 142, 143, 144, 145, 146, 147, 148, 149, 150, 151, 152, 153, 154, 155, 156, 157, 158, 159, 160, 161, 162, 163, 164, 165, 166, 167, 168, 169, 170, 171, 172, 173, 174, 175, 176, 177, 178, 179, 180, 181, 182, 183, 184, 185, 186, 187, 188, 189, 190, 191, 192, 193, 194, 195, 196, 197, 198, 199, 200, 201, 202, 203, 204, 205, 206, 207, 208, 209, 210, 211, 212, 213, 214, 215, 216, 217, 218, 219, 220, 221, 222, 223, 224, 225, 226, 227, 228, 229, 230, 231, 232, 233, 234, 235, 236, 237, 238, 239, 240, 241, 242, 243, 244, 245, 246, 247, 248, 249, 250, 251, 252, 253, 254, 255, 256, 257, 258, 259, 260, 261, 262, 263, 264, 265, 266, 267, 268, 269, 270, 271, 272, 273, 274, 275, 276, 277, 278, 279, 280, 281, 282, 283, 284, 285, 286, 287, 288, 289, 290, 291, 292, 293, 294, 295, 296, 297, 298, 299, 300, 301, 302, 303, 304, 305, 306, 307, 308, 309, 310, 311, 312, 313, 314, 315, 316, 317, 318, 319, 320, 321, 322, 323, 324, 325, 326, 327, 328, 329, 330, 331, 332, 333, 334, 335, 336, 337, 574, 575, 576, 577, 578, 579, 580, 581, 582, 583, 584, 585, 586, 587, 588, 589, 590, 591, 592, 593, 594, 595, 596, 597, 598, 599, 600, 601, 602, 603, 604, 605, 606, 607, 608, 609, 610, 611, 612, 613, 614, 615, 616, 617, 618, 619, 620, 621, 622, 623, 624, 625, 626, 627, 628, 629, 630, 631, 632, 633, 634, 635, 636, 637, 638, 639, 640, 641, 642, 643, 644, 645, 646, 647, 648, 649, 650, 651, 652, 653, 654, 655, 656, 657, 658, 659, 660, 661, 662, 663, 664, 665, 666, 667, 668, 669, 670, 671, 672, 673, 674, 675, 676, 677, 678, 679, 680, 681, 682, 683, 684, 685, 686, 687, 688, 689, 690, 691, 692, 693, 694, 695, 696, 697, 698, 699, 700, 701, 702, 703, 704, 705, 706, 707, 708, 709, 710, 711, 712, 713, 714, 715, 716, 717, 718, 719, 720, 721, 722, 723, 724, 725, 726, 727, 728, 729, 730, 731, 732, 733, 734, 735, 736, 737, 738, 739, 740, 741, 742, 743, 744, 745, 746, 747, 748, 749, 750, 751, 752, 753, 754, 755, 756, 757, 758, 759, 760, 761, 762, 763, 764, 765, 766, 767, 768, 769, 770, 771, 772, 773, 774, 775, 776, 777, 778, 779, 780, 781, 782, 783, 784, 785, 786, 787, 788, 789, 790, 791, 792, 793]","[15, 91, 107, 110, 113, 123, 132, 136, 193, 216, 218, 252, 274, 275, 281, 286, 293, 302, 325, 326, 500, 562, 578, 580, 583, 594, 603, 607, 664, 686, 715, 733, 734, 740, 745, 752, 760, 783, 784]",[],"[87, 281, 558, 740]","[15, 87, 91, 103, 104, 105, 106, 107, 108, 109, 110, 111, 112, 113, 114, 115, 116, 117, 118, 119, 120, 121, 122, 123, 124, 125, 126, 127, 128, 129, 130, 131, 132, 133, 134, 135, 136, 137, 138, 139, 140, 141, 142, 143, 144, 145, 146, 147, 148, 149, 150, 151, 152, 153, 154, 155, 156, 157, 158, 159, 160, 161, 162, 163, 164, 165, 166, 167, 168, 169, 170, 171, 172, 173, 174, 175, 176, 177, 178, 179, 180, 181, 182, 183, 184, 185, 186, 187, 188, 189, 190, 191, 192, 193, 194, 195, 196, 197, 198, 199, 200, 201, 202, 203, 204, 205, 206, 207, 208, 209, 210, 211, 212, 213, 214, 215, 216, 217, 218, 219, 220, 221, 222, 223, 224, 225, 226, 227, 228, 229, 230, 231, 232, 233, 234, 235, 236, 237, 238, 239, 240, 241, 242, 243, 244, 245, 246, 247, 248, 249, 250, 251, 252, 253, 254, 255, 256, 257, 258, 259, 260, 261, 262, 263, 264, 265, 266, 267, 268, 269, 270, 271, 272, 273, 274, 275, 276, 277, 278, 279, 280, 281, 282, 283, 284, 285, 286, 287, 288, 289, 290, 291, 292, 293, 294, 295, 296, 297, 298, 299, 300, 301, 302, 303, 304, 305, 306, 307, 308, 309, 310, 311, 312, 313, 314, 315, 316, 317, 318, 319, 320, 321, 322, 323, 324, 325, 326, 327, 328, 329, 330, 331, 332, 333, 334, 335, 336, 337, 500, 558, 562, 574, 575, 576, 577, 578, 579, 580, 581, 582, 583, 584, 585, 586, 587, 588, 589, 590, 591, 592, 593, 594, 595, 596, 597, 598, 599, 600, 601, 602, 603, 604, 605, 606, 607, 608, 609, 610, 611, 612, 613, 614, 615, 616, 617, 618, 619, 620, 621, 622, 623, 624, 625, 626, 627, 628, 629, 630, 631, 632, 633, 634, 635, 636, 637, 638, 639, 640, 641, 642, 643, 644, 645, 646, 647, 648, 649, 650, 651, 652, 653, 654, 655, 656, 657, 658, 659, 660, 661, 662, 663, 664, 665, 666, 667, 668, 669, 670, 671, 672, 673, 674, 675, 676, 677, 678, 679, 680, 681, 682, 683, 684, 685, 686, 687, 688, 689, 690, 691, 692, 693, 694, 695, 696, 697, 698, 699, 700, 701, 702, 703, 704, 705, 706, 707, 708, 709, 710, 711, 712, 713, 714, 715, 716, 717, 718, 719, 720, 721, 722, 723, 724, 725, 726, 727, 728, 729, 730, 731, 732, 733, 734, 735, 736, 737, 738, 739, 740, 741, 742, 743, 744, 745, 746, 747, 748, 749, 750, 751, 752, 753, 754, 755, 756, 757, 758, 759, 760, 761, 762, 763, 764, 765, 766, 767, 768, 769, 770, 771, 772, 773, 774, 775, 776, 777, 778, 779, 780, 781, 782, 783, 784, 785, 786, 787, 788, 789, 790, 791, 792, 793]",False,"[178, 281, 649, 740]","[103, 104, 105, 106, 107, 108, 109, 110, 111, 112, 113, 114, 115, 116, 117, 118, 119, 120, 121, 122, 123, 124, 125, 126, 127, 128, 129, 130, 131, 132, 133, 134, 135, 136, 137, 138, 139, 140, 141, 142, 143, 144, 145, 146, 147, 148, 149, 150, 151, 152, 153, 154, 155, 156, 157, 158, 159, 160, 161, 162, 163, 164, 165, 166, 167, 168, 169, 170, 171, 172, 173, 174, 175, 176, 177, 178, 179, 180, 181, 182, 183, 184, 185, 186, 187, 188, 189, 190, 191, 192, 193, 194, 195, 196, 197, 198, 199, 200, 201, 202, 203, 204, 205, 206, 207, 208, 209, 210, 211, 212, 213, 214, 215, 216, 217, 218, 219, 220, 221, 222, 223, 224, 225, 226, 227, 228, 229, 230, 231, 232, 233, 234, 235, 236, 237, 238, 239, 240, 241, 242, 243, 244, 245, 246, 247, 248, 249, 250, 251, 252, 253, 254, 255, 256, 257, 258, 259, 260, 261, 262, 263, 264, 265, 266, 267, 268, 269, 270, 271, 272, 273, 274, 275, 276, 277, 278, 279, 280, 281, 282, 283, 284, 285, 286, 287, 288, 289, 290, 291, 292, 293, 294, 295, 296, 297, 298, 299, 300, 301, 302, 303, 304, 305, 306, 307, 308, 309, 310, 311, 312, 313, 314, 315, 316, 317, 318, 319, 320, 321, 322, 323, 324, 325, 326, 327, 328, 329, 330, 331, 332, 333, 334, 335, 336, 337, 574, 575, 576, 577, 578, 579, 580, 581, 582, 583, 584, 585, 586, 587, 588, 589, 590, 591, 592, 593, 594, 595, 596, 597, 598, 599, 600, 601, 602, 603, 604, 605, 606, 607, 608, 609, 610, 611, 612, 613, 614, 615, 616, 617, 618, 619, 620, 621, 622, 623, 624, 625, 626, 627, 628, 629, 630, 631, 632, 633, 634, 635, 636, 637, 638, 639, 640, 641, 642, 643, 644, 645, 646, 647, 648, 649, 650, 651, 652, 653, 654, 655, 656, 657, 658, 659, 660, 661, 662, 663, 664, 665, 666, 667, 668, 669, 670, 671, 672, 673, 674, 675, 676, 677, 678, 679, 680, 681, 682, 683, 684, 685, 686, 687, 688, 689, 690, 691, 692, 693, 694, 695, 696, 697, 698, 699, 700, 701, 702, 703, 704, 705, 706, 707, 708, 709, 710, 711, 712, 713, 714, 715, 716, 717, 718, 719, 720, 721, 722, 723, 724, 725, 726, 727, 728, 729, 730, 731, 732, 733, 734, 735, 736, 737, 738, 739, 740, 741, 742, 743, 744, 745, 746, 747, 748, 749, 750, 751, 752, 753, 754, 755, 756, 757, 758, 759, 760, 761, 762, 763, 764, 765, 766, 767, 768, 769, 770, 771, 772, 773, 774, 775, 776, 777, 778, 779, 780, 781, 782, 783, 784, 785, 786, 787, 788, 789, 790, 791, 792, 793]","[178, 281, 649, 740]",[],"[15, 91, 107, 110, 113, 123, 132, 136, 193, 216, 218, 252, 274, 275, 281, 286, 293, 302, 325, 326, 500, 562, 578, 580, 583, 594, 603, 607, 664, 686, 715, 733, 734, 740, 745, 752, 760, 783, 784]","[87, 281, 558, 740]",[],7/6 successful match,False,,False,770,False,,1.0,True,San Paso Truck & Auto Ave ),
G Paso Robles ( 93446 ) Golden Hill Country Store ( 76 ),805-239-2190 CA 46 ( 1.5 mi E of US 101 ),24 <U+2610>,Paso Robles,93446,Golden Hill Country Store ( 76 ),805-239-2190,2014,Paso Robles,CA,,( 1.5 mi E of US 101 ),CA 46,empty,,False,,False,CA 46,,,,,"[649, 178]","[178, 281, 649, 740]","[178, 281, 649, 740]",[],"[103, 104, 105, 106, 107, 108, 109, 110, 111, 112, 113, 114, 115, 116, 117, 118, 119, 120, 121, 122, 123, 124, 125, 126, 127, 128, 129, 130, 131, 132, 133, 134, 135, 136, 137, 138, 139, 140, 141, 142, 143, 144, 145, 146, 147, 148, 149, 150, 151, 152, 153, 154, 155, 156, 157, 158, 159, 160, 161, 162, 163, 164, 165, 166, 167, 168, 169, 170, 171, 172, 173, 174, 175, 176, 177, 178, 179, 180, 181, 182, 183, 184, 185, 186, 187, 188, 189, 190, 191, 192, 193, 194, 195, 196, 197, 198, 199, 200, 201, 202, 203, 204, 205, 206, 207, 208, 209, 210, 211, 212, 213, 214, 215, 216, 217, 218, 219, 220, 221, 222, 223, 224, 225, 226, 227, 228, 229, 230, 231, 232, 233, 234, 235, 236, 237, 238, 239, 240, 241, 242, 243, 244, 245, 246, 247, 248, 249, 250, 251, 252, 253, 254, 255, 256, 257, 258, 259, 260, 261, 262, 263, 264, 265, 266, 267, 268, 269, 270, 271, 272, 273, 274, 275, 276, 277, 278, 279, 280, 281, 282, 283, 284, 285, 286, 287, 288, 289, 290, 291, 292, 293, 294, 295, 296, 297, 298, 299, 300, 301, 302, 303, 304, 305, 306, 307, 308, 309, 310, 311, 312, 313, 314, 315, 316, 317, 318, 319, 320, 321, 322, 323, 324, 325, 326, 327, 328, 329, 330, 331, 332, 333, 334, 335, 336, 337, 574, 575, 576, 577, 578, 579, 580, 581, 582, 583, 584, 585, 586, 587, 588, 589, 590, 591, 592, 593, 594, 595, 596, 597, 598, 599, 600, 601, 602, 603, 604, 605, 606, 607, 608, 609, 610, 611, 612, 613, 614, 615, 616, 617, 618, 619, 620, 621, 622, 623, 624, 625, 626, 627, 628, 629, 630, 631, 632, 633, 634, 635, 636, 637, 638, 639, 640, 641, 642, 643, 644, 645, 646, 647, 648, 649, 650, 651, 652, 653, 654, 655, 656, 657, 658, 659, 660, 661, 662, 663, 664, 665, 666, 667, 668, 669, 670, 671, 672, 673, 674, 675, 676, 677, 678, 679, 680, 681, 682, 683, 684, 685, 686, 687, 688, 689, 690, 691, 692, 693, 694, 695, 696, 697, 698, 699, 700, 701, 702, 703, 704, 705, 706, 707, 708, 709, 710, 711, 712, 713, 714, 715, 716, 717, 718, 719, 720, 721, 722, 723, 724, 725, 726, 727, 728, 729, 730, 731, 732, 733, 734, 735, 736, 737, 738, 739, 740, 741, 742, 743, 744, 745, 746, 747, 748, 749, 750, 751, 752, 753, 754, 755, 756, 757, 758, 759, 760, 761, 762, 763, 764, 765, 766, 767, 768, 769, 770, 771, 772, 773, 774, 775, 776, 777, 778, 779, 780, 781, 782, 783, 784, 785, 786, 787, 788, 789, 790, 791, 792, 793]","[103, 104, 106, 117, 118, 120, 127, 128, 129, 131, 133, 135, 136, 137, 139, 146, 147, 148, 149, 151, 158, 160, 162, 166, 173, 178, 179, 185, 190, 192, 198, 201, 203, 204, 206, 207, 212, 213, 214, 219, 223, 224, 225, 227, 230, 235, 237, 246, 247, 256, 259, 262, 263, 266, 268, 269, 271, 272, 278, 279, 284, 285, 288, 290, 292, 304, 312, 316, 319, 320, 323, 324, 332, 574, 575, 588, 591, 607, 608, 610, 618, 619, 620, 622, 632, 644, 649, 650, 656, 661, 663, 669, 674, 677, 683, 684, 687, 688, 689, 701, 710, 723, 730, 731, 738, 747, 751, 762, 774, 778, 789]",[],"[84, 87, 89, 114, 115, 117, 124, 132, 135, 144, 152, 174, 175, 176, 177, 178, 239, 268, 281, 297, 318, 320, 327, 347, 348, 349, 350, 351, 352, 394, 423, 555, 558, 560, 585, 586, 588, 595, 603, 606, 615, 623, 645, 646, 647, 648, 649, 703, 727, 740, 756, 776, 778, 785, 802, 803, 804, 805, 806, 807, 844, 875]","[84, 87, 89, 103, 104, 105, 106, 107, 108, 109, 110, 111, 112, 113, 114, 115, 116, 117, 118, 119, 120, 121, 122, 123, 124, 125, 126, 127, 128, 129, 130, 131, 132, 133, 134, 135, 136, 137, 138, 139, 140, 141, 142, 143, 144, 145, 146, 147, 148, 149, 150, 151, 152, 153, 154, 155, 156, 157, 158, 159, 160, 161, 162, 163, 164, 165, 166, 167, 168, 169, 170, 171, 172, 173, 174, 175, 176, 177, 178, 179, 180, 181, 182, 183, 184, 185, 186, 187, 188, 189, 190, 191, 192, 193, 194, 195, 196, 197, 198, 199, 200, 201, 202, 203, 204, 205, 206, 207, 208, 209, 210, 211, 212, 213, 214, 215, 216, 217, 218, 219, 220, 221, 222, 223, 224, 225, 226, 227, 228, 229, 230, 231, 232, 233, 234, 235, 236, 237, 238, 239, 240, 241, 242, 243, 244, 245, 246, 247, 248, 249, 250, 251, 252, 253, 254, 255, 256, 257, 258, 259, 260, 261, 262, 263, 264, 265, 266, 267, 268, 269, 270, 271, 272, 273, 274, 275, 276, 277, 278, 279, 280, 281, 282, 283, 284, 285, 286, 287, 288, 289, 290, 291, 292, 293, 294, 295, 296, 297, 298, 299, 300, 301, 302, 303, 304, 305, 306, 307, 308, 309, 310, 311, 312, 313, 314, 315, 316, 317, 318, 319, 320, 321, 322, 323, 324, 325, 326, 327, 328, 329, 330, 331, 332, 333, 334, 335, 336, 337, 347, 348, 349, 350, 351, 352, 394, 423, 555, 558, 560, 574, 575, 576, 577, 578, 579, 580, 581, 582, 583, 584, 585, 586, 587, 588, 589, 590, 591, 592, 593, 594, 595, 596, 597, 598, 599, 600, 601, 602, 603, 604, 605, 606, 607, 608, 609, 610, 611, 612, 613, 614, 615, 616, 617, 618, 619, 620, 621, 622, 623, 624, 625, 626, 627, 628, 629, 630, 631, 632, 633, 634, 635, 636, 637, 638, 639, 640, 641, 642, 643, 644, 645, 646, 647, 648, 649, 650, 651, 652, 653, 654, 655, 656, 657, 658, 659, 660, 661, 662, 663, 664, 665, 666, 667, 668, 669, 670, 671, 672, 673, 674, 675, 676, 677, 678, 679, 680, 681, 682, 683, 684, 685, 686, 687, 688, 689, 690, 691, 692, 693, 694, 695, 696, 697, 698, 699, 700, 701, 702, 703, 704, 705, 706, 707, 708, 709, 710, 711, 712, 713, 714, 715, 716, 717, 718, 719, 720, 721, 722, 723, 724, 725, 726, 727, 728, 729, 730, 731, 732, 733, 734, 735, 736, 737, 738, 739, 740, 741, 742, 743, 744, 745, 746, 747, 748, 749, 750, 751, 752, 753, 754, 755, 756, 757, 758, 759, 760, 761, 762, 763, 764, 765, 766, 767, 768, 769, 770, 771, 772, 773, 774, 775, 776, 777, 778, 779, 780, 781, 782, 783, 784, 785, 786, 787, 788, 789, 790, 791, 792, 793, 802, 803, 804, 805, 806, 807, 844, 875]",True,"[178, 281, 649, 740]","[103, 104, 105, 106, 107, 108, 109, 110, 111, 112, 113, 114, 115, 116, 117, 118, 119, 120, 121, 122, 123, 124, 125, 126, 127, 128, 129, 130, 131, 132, 133, 134, 135, 136, 137, 138, 139, 140, 141, 142, 143, 144, 145, 146, 147, 148, 149, 150, 151, 152, 153, 154, 155, 156, 157, 158, 159, 160, 161, 162, 163, 164, 165, 166, 167, 168, 169, 170, 171, 172, 173, 174, 175, 176, 177, 178, 179, 180, 181, 182, 183, 184, 185, 186, 187, 188, 189, 190, 191, 192, 193, 194, 195, 196, 197, 198, 199, 200, 201, 202, 203, 204, 205, 206, 207, 208, 209, 210, 211, 212, 213, 214, 215, 216, 217, 218, 219, 220, 221, 222, 223, 224, 225, 226, 227, 228, 229, 230, 231, 232, 233, 234, 235, 236, 237, 238, 239, 240, 241, 242, 243, 244, 245, 246, 247, 248, 249, 250, 251, 252, 253, 254, 255, 256, 257, 258, 259, 260, 261, 262, 263, 264, 265, 266, 267, 268, 269, 270, 271, 272, 273, 274, 275, 276, 277, 278, 279, 280, 281, 282, 283, 284, 285, 286, 287, 288, 289, 290, 291, 292, 293, 294, 295, 296, 297, 298, 299, 300, 301, 302, 303, 304, 305, 306, 307, 308, 309, 310, 311, 312, 313, 314, 315, 316, 317, 318, 319, 320, 321, 322, 323, 324, 325, 326, 327, 328, 329, 330, 331, 332, 333, 334, 335, 336, 337, 574, 575, 576, 577, 578, 579, 580, 581, 582, 583, 584, 585, 586, 587, 588, 589, 590, 591, 592, 593, 594, 595, 596, 597, 598, 599, 600, 601, 602, 603, 604, 605, 606, 607, 608, 609, 610, 611, 612, 613, 614, 615, 616, 617, 618, 619, 620, 621, 622, 623, 624, 625, 626, 627, 628, 629, 630, 631, 632, 633, 634, 635, 636, 637, 638, 639, 640, 641, 642, 643, 644, 645, 646, 647, 648, 649, 650, 651, 652, 653, 654, 655, 656, 657, 658, 659, 660, 661, 662, 663, 664, 665, 666, 667, 668, 669, 670, 671, 672, 673, 674, 675, 676, 677, 678, 679, 680, 681, 682, 683, 684, 685, 686, 687, 688, 689, 690, 691, 692, 693, 694, 695, 696, 697, 698, 699, 700, 701, 702, 703, 704, 705, 706, 707, 708, 709, 710, 711, 712, 713, 714, 715, 716, 717, 718, 719, 720, 721, 722, 723, 724, 725, 726, 727, 728, 729, 730, 731, 732, 733, 734, 735, 736, 737, 738, 739, 740, 741, 742, 743, 744, 745, 746, 747, 748, 749, 750, 751, 752, 753, 754, 755, 756, 757, 758, 759, 760, 761, 762, 763, 764, 765, 766, 767, 768, 769, 770, 771, 772, 773, 774, 775, 776, 777, 778, 779, 780, 781, 782, 783, 784, 785, 786, 787, 788, 789, 790, 791, 792, 793]","[178, 281, 649, 740]",[],"[103, 104, 106, 117, 118, 120, 127, 128, 129, 131, 133, 135, 136, 137, 139, 146, 147, 148, 149, 151, 158, 160, 162, 166, 173, 178, 179, 185, 190, 192, 198, 201, 203, 204, 206, 207, 212, 213, 214, 219, 223, 224, 225, 227, 230, 235, 237, 246, 247, 256, 259, 262, 263, 266, 268, 269, 271, 272, 278, 279, 284, 285, 288, 290, 292, 304, 312, 316, 319, 320, 323, 324, 332, 574, 575, 588, 591, 607, 608, 610, 618, 619, 620, 622, 632, 644, 649, 650, 656, 661, 663, 669, 674, 677, 683, 684, 687, 688, 689, 701, 710, 723, 730, 731, 738, 747, 751, 762, 774, 778, 789]","[84, 87, 89, 114, 115, 117, 124, 132, 135, 144, 152, 174, 175, 176, 177, 178, 239, 268, 281, 297, 318, 320, 327, 347, 348, 349, 350, 351, 352, 394, 423, 555, 558, 560, 585, 586, 588, 595, 603, 606, 615, 623, 645, 646, 647, 648, 649, 703, 727, 740, 756, 776, 778, 785, 802, 803, 804, 805, 806, 807, 844, 875]",[],7/6 successful match,True,"[499, 500]",True,770,True,2014,0.1509433962264151,True,San Paso Truck & Auto,
Paso Robles ( 93446 ) Golden Hill Country Store ) ( 76 ),3 805-239-2190 CA 46 ( 1.5 mi E of US ),24 <U+2610> <U+2610>,Paso Robles,93446,Golden Hill Country Store ) ( 76 ),805-239-2190,2015,Paso Robles,CA,,( 1.5 mi E of US ),CA 46,empty,,False,,False,CA 46,,,,,"[649, 178]","[178, 281, 649, 740]","[178, 281, 649, 740]",[],"[103, 104, 105, 106, 107, 108, 109, 110, 111, 112, 113, 114, 115, 116, 117, 118, 119, 120, 121, 122, 123, 124, 125, 126, 127, 128, 129, 130, 131, 132, 133, 134, 135, 136, 137, 138, 139, 140, 141, 142, 143, 144, 145, 146, 147, 148, 149, 150, 151, 152, 153, 154, 155, 156, 157, 158, 159, 160, 161, 162, 163, 164, 165, 166, 167, 168, 169, 170, 171, 172, 173, 174, 175, 176, 177, 178, 179, 180, 181, 182, 183, 184, 185, 186, 187, 188, 189, 190, 191, 192, 193, 194, 195, 196, 197, 198, 199, 200, 201, 202, 203, 204, 205, 206, 207, 208, 209, 210, 211, 212, 213, 214, 215, 216, 217, 218, 219, 220, 221, 222, 223, 224, 225, 226, 227, 228, 229, 230, 231, 232, 233, 234, 235, 236, 237, 238, 239, 240, 241, 242, 243, 244, 245, 246, 247, 248, 249, 250, 251, 252, 253, 254, 255, 256, 257, 258, 259, 260, 261, 262, 263, 264, 265, 266, 267, 268, 269, 270, 271, 272, 273, 274, 275, 276, 277, 278, 279, 280, 281, 282, 283, 284, 285, 286, 287, 288, 289, 290, 291, 292, 293, 294, 295, 296, 297, 298, 299, 300, 301, 302, 303, 304, 305, 306, 307, 308, 309, 310, 311, 312, 313, 314, 315, 316, 317, 318, 319, 320, 321, 322, 323, 324, 325, 326, 327, 328, 329, 330, 331, 332, 333, 334, 335, 336, 337, 574, 575, 576, 577, 578, 579, 580, 581, 582, 583, 584, 585, 586, 587, 588, 589, 590, 591, 592, 593, 594, 595, 596, 597, 598, 599, 600, 601, 602, 603, 604, 605, 606, 607, 608, 609, 610, 611, 612, 613, 614, 615, 616, 617, 618, 619, 620, 621, 622, 623, 624, 625, 626, 627, 628, 629, 630, 631, 632, 633, 634, 635, 636, 637, 638, 639, 640, 641, 642, 643, 644, 645, 646, 647, 648, 649, 650, 651, 652, 653, 654, 655, 656, 657, 658, 659, 660, 661, 662, 663, 664, 665, 666, 667, 668, 669, 670, 671, 672, 673, 674, 675, 676, 677, 678, 679, 680, 681, 682, 683, 684, 685, 686, 687, 688, 689, 690, 691, 692, 693, 694, 695, 696, 697, 698, 699, 700, 701, 702, 703, 704, 705, 706, 707, 708, 709, 710, 711, 712, 713, 714, 715, 716, 717, 718, 719, 720, 721, 722, 723, 724, 725, 726, 727, 728, 729, 730, 731, 732, 733, 734, 735, 736, 737, 738, 739, 740, 741, 742, 743, 744, 745, 746, 747, 748, 749, 750, 751, 752, 753, 754, 755, 756, 757, 758, 759, 760, 761, 762, 763, 764, 765, 766, 767, 768, 769, 770, 771, 772, 773, 774, 775, 776, 777, 778, 779, 780, 781, 782, 783, 784, 785, 786, 787, 788, 789, 790, 791, 792, 793]","[103, 104, 106, 117, 118, 120, 127, 128, 129, 131, 133, 135, 136, 137, 139, 146, 147, 148, 149, 151, 158, 160, 162, 166, 173, 178, 179, 185, 190, 192, 198, 201, 203, 204, 206, 207, 212, 213, 214, 219, 223, 224, 225, 227, 230, 235, 237, 246, 247, 256, 259, 262, 263, 266, 268, 269, 271, 272, 278, 279, 284, 285, 288, 290, 292, 304, 312, 316, 319, 320, 323, 324, 332, 574, 575, 588, 591, 607, 608, 610, 618, 619, 620, 622, 632, 644, 649, 650, 656, 661, 663, 669, 674, 677, 683, 684, 687, 688, 689, 701, 710, 723, 730, 731, 738, 747, 751, 762, 774, 778, 789]",[],"[84, 87, 89, 114, 115, 117, 124, 132, 135, 144, 152, 174, 175, 176, 177, 178, 239, 268, 281, 297, 318, 320, 327, 347, 348, 349, 350, 351, 352, 394, 423, 555, 558, 560, 585, 586, 588, 595, 603, 606, 615, 623, 645, 646, 647, 648, 649, 703, 727, 740, 756, 776, 778, 785, 802, 803, 804, 805, 806, 807, 844, 875]","[84, 87, 89, 103, 104, 105, 106, 107, 108, 109, 110, 111, 112, 113, 114, 115, 116, 117, 118, 119, 120, 121, 122, 123, 124, 125, 126, 127, 128, 129, 130, 131, 132, 133, 134, 135, 136, 137, 138, 139, 140, 141, 142, 143, 144, 145, 146, 147, 148, 149, 150, 151, 152, 153, 154, 155, 156, 157, 158, 159, 160, 161, 162, 163, 164, 165, 166, 167, 168, 169, 170, 171, 172, 173, 174, 175, 176, 177, 178, 179, 180, 181, 182, 183, 184, 185, 186, 187, 188, 189, 190, 191, 192, 193, 194, 195, 196, 197, 198, 199, 200, 201, 202, 203, 204, 205, 206, 207, 208, 209, 210, 211, 212, 213, 214, 215, 216, 217, 218, 219, 220, 221, 222, 223, 224, 225, 226, 227, 228, 229, 230, 231, 232, 233, 234, 235, 236, 237, 238, 239, 240, 241, 242, 243, 244, 245, 246, 247, 248, 249, 250, 251, 252, 253, 254, 255, 256, 257, 258, 259, 260, 261, 262, 263, 264, 265, 266, 267, 268, 269, 270, 271, 272, 273, 274, 275, 276, 277, 278, 279, 280, 281, 282, 283, 284, 285, 286, 287, 288, 289, 290, 291, 292, 293, 294, 295, 296, 297, 298, 299, 300, 301, 302, 303, 304, 305, 306, 307, 308, 309, 310, 311, 312, 313, 314, 315, 316, 317, 318, 319, 320, 321, 322, 323, 324, 325, 326, 327, 328, 329, 330, 331, 332, 333, 334, 335, 336, 337, 347, 348, 349, 350, 351, 352, 394, 423, 555, 558, 560, 574, 575, 576, 577, 578, 579, 580, 581, 582, 583, 584, 585, 586, 587, 588, 589, 590, 591, 592, 593, 594, 595, 596, 597, 598, 599, 600, 601, 602, 603, 604, 605, 606, 607, 608, 609, 610, 611, 612, 613, 614, 615, 616, 617, 618, 619, 620, 621, 622, 623, 624, 625, 626, 627, 628, 629, 630, 631, 632, 633, 634, 635, 636, 637, 638, 639, 640, 641, 642, 643, 644, 645, 646, 647, 648, 649, 650, 651, 652, 653, 654, 655, 656, 657, 658, 659, 660, 661, 662, 663, 664, 665, 666, 667, 668, 669, 670, 671, 672, 673, 674, 675, 676, 677, 678, 679, 680, 681, 682, 683, 684, 685, 686, 687, 688, 689, 690, 691, 692, 693, 694, 695, 696, 697, 698, 699, 700, 701, 702, 703, 704, 705, 706, 707, 708, 709, 710, 711, 712, 713, 714, 715, 716, 717, 718, 719, 720, 721, 722, 723, 724, 725, 726, 727, 728, 729, 730, 731, 732, 733, 734, 735, 736, 737, 738, 739, 740, 741, 742, 743, 744, 745, 746, 747, 748, 749, 750, 751, 752, 753, 754, 755, 756, 757, 758, 759, 760, 761, 762, 763, 764, 765, 766, 767, 768, 769, 770, 771, 772, 773, 774, 775, 776, 777, 778, 779, 780, 781, 782, 783, 784, 785, 786, 787, 788, 789, 790, 791, 792, 793, 802, 803, 804, 805, 806, 807, 844, 875]",True,"[178, 281, 649, 740]","[103, 104, 105, 106, 107, 108, 109, 110, 111, 112, 113, 114, 115, 116, 117, 118, 119, 120, 121, 122, 123, 124, 125, 126, 127, 128, 129, 130, 131, 132, 133, 134, 135, 136, 137, 138, 139, 140, 141, 142, 143, 144, 145, 146, 147, 148, 149, 150, 151, 152, 153, 154, 155, 156, 157, 158, 159, 160, 161, 162, 163, 164, 165, 166, 167, 168, 169, 170, 171, 172, 173, 174, 175, 176, 177, 178, 179, 180, 181, 182, 183, 184, 185, 186, 187, 188, 189, 190, 191, 192, 193, 194, 195, 196, 197, 198, 199, 200, 201, 202, 203, 204, 205, 206, 207, 208, 209, 210, 211, 212, 213, 214, 215, 216, 217, 218, 219, 220, 221, 222, 223, 224, 225, 226, 227, 228, 229, 230, 231, 232, 233, 234, 235, 236, 237, 238, 239, 240, 241, 242, 243, 244, 245, 246, 247, 248, 249, 250, 251, 252, 253, 254, 255, 256, 257, 258, 259, 260, 261, 262, 263, 264, 265, 266, 267, 268, 269, 270, 271, 272, 273, 274, 275, 276, 277, 278, 279, 280, 281, 282, 283, 284, 285, 286, 287, 288, 289, 290, 291, 292, 293, 294, 295, 296, 297, 298, 299, 300, 301, 302, 303, 304, 305, 306, 307, 308, 309, 310, 311, 312, 313, 314, 315, 316, 317, 318, 319, 320, 321, 322, 323, 324, 325, 326, 327, 328, 329, 330, 331, 332, 333, 334, 335, 336, 337, 574, 575, 576, 577, 578, 579, 580, 581, 582, 583, 584, 585, 586, 587, 588, 589, 590, 591, 592, 593, 594, 595, 596, 597, 598, 599, 600, 601, 602, 603, 604, 605, 606, 607, 608, 609, 610, 611, 612, 613, 614, 615, 616, 617, 618, 619, 620, 621, 622, 623, 624, 625, 626, 627, 628, 629, 630, 631, 632, 633, 634, 635, 636, 637, 638, 639, 640, 641, 642, 643, 644, 645, 646, 647, 648, 649, 650, 651, 652, 653, 654, 655, 656, 657, 658, 659, 660, 661, 662, 663, 664, 665, 666, 667, 668, 669, 670, 671, 672, 673, 674, 675, 676, 677, 678, 679, 680, 681, 682, 683, 684, 685, 686, 687, 688, 689, 690, 691, 692, 693, 694, 695, 696, 697, 698, 699, 700, 701, 702, 703, 704, 705, 706, 707, 708, 709, 710, 711, 712, 713, 714, 715, 716, 717, 718, 719, 720, 721, 722, 723, 724, 725, 726, 727, 728, 729, 730, 731, 732, 733, 734, 735, 736, 737, 738, 739, 740, 741, 742, 743, 744, 745, 746, 747, 748, 749, 750, 751, 752, 753, 754, 755, 756, 757, 758, 759, 760, 761, 762, 763, 764, 765, 766, 767, 768, 769, 770, 771, 772, 773, 774, 775, 776, 777, 778, 779, 780, 781, 782, 783, 784, 785, 786, 787, 788, 789, 790, 791, 792, 793]","[178, 281, 649, 740]",[],"[103, 104, 106, 117, 118, 120, 127, 128, 129, 131, 133, 135, 136, 137, 139, 146, 147, 148, 149, 151, 158, 160, 162, 166, 173, 178, 179, 185, 190, 192, 198, 201, 203, 204, 206, 207, 212, 213, 214, 219, 223, 224, 225, 227, 230, 235, 237, 246, 247, 256, 259, 262, 263, 266, 268, 269, 271, 272, 278, 279, 284, 285, 288, 290, 292, 304, 312, 316, 319, 320, 323, 324, 332, 574, 575, 588, 591, 607, 608, 610, 618, 619, 620, 622, 632, 644, 649, 650, 656, 661, 663, 669, 674, 677, 683, 684, 687, 688, 689, 701, 710, 723, 730, 731, 738, 747, 751, 762, 774, 778, 789]","[84, 87, 89, 114, 115, 117, 124, 132, 135, 144, 152, 174, 175, 176, 177, 178, 239, 268, 281, 297, 318, 320, 327, 347, 348, 349, 350, 351, 352, 394, 423, 555, 558, 560, 585, 586, 588, 595, 603, 606, 615, 623, 645, 646, 647, 648, 649, 703, 727, 740, 756, 776, 778, 785, 802, 803, 804, 805, 806, 807, 844, 875]",[],7/6 successful match,True,"[499, 500]",True,770,False,,1.0,True,Golden Hill Country Store ( 76 ),
G Paso Robles ( 93446 ) Golden Hill Country Store Ave ) ( 76 ),3 805-239-2190 CA 46 ( 1.5 mi E of US ),24,Paso Robles,93446,Golden Hill Country Store Ave ) ( 76 ),805-239-2190,2016,Paso Robles,CA,,( 1.5 mi E of US ),CA 46,empty,,False,,False,CA 46,,,,,"[649, 178]","[178, 281, 649, 740]","[178, 281, 649, 740]",[],"[103, 104, 105, 106, 107, 108, 109, 110, 111, 112, 113, 114, 115, 116, 117, 118, 119, 120, 121, 122, 123, 124, 125, 126, 127, 128, 129, 130, 131, 132, 133, 134, 135, 136, 137, 138, 139, 140, 141, 142, 143, 144, 145, 146, 147, 148, 149, 150, 151, 152, 153, 154, 155, 156, 157, 158, 159, 160, 161, 162, 163, 164, 165, 166, 167, 168, 169, 170, 171, 172, 173, 174, 175, 176, 177, 178, 179, 180, 181, 182, 183, 184, 185, 186, 187, 188, 189, 190, 191, 192, 193, 194, 195, 196, 197, 198, 199, 200, 201, 202, 203, 204, 205, 206, 207, 208, 209, 210, 211, 212, 213, 214, 215, 216, 217, 218, 219, 220, 221, 222, 223, 224, 225, 226, 227, 228, 229, 230, 231, 232, 233, 234, 235, 236, 237, 238, 239, 240, 241, 242, 243, 244, 245, 246, 247, 248, 249, 250, 251, 252, 253, 254, 255, 256, 257, 258, 259, 260, 261, 262, 263, 264, 265, 266, 267, 268, 269, 270, 271, 272, 273, 274, 275, 276, 277, 278, 279, 280, 281, 282, 283, 284, 285, 286, 287, 288, 289, 290, 291, 292, 293, 294, 295, 296, 297, 298, 299, 300, 301, 302, 303, 304, 305, 306, 307, 308, 309, 310, 311, 312, 313, 314, 315, 316, 317, 318, 319, 320, 321, 322, 323, 324, 325, 326, 327, 328, 329, 330, 331, 332, 333, 334, 335, 336, 337, 574, 575, 576, 577, 578, 579, 580, 581, 582, 583, 584, 585, 586, 587, 588, 589, 590, 591, 592, 593, 594, 595, 596, 597, 598, 599, 600, 601, 602, 603, 604, 605, 606, 607, 608, 609, 610, 611, 612, 613, 614, 615, 616, 617, 618, 619, 620, 621, 622, 623, 624, 625, 626, 627, 628, 629, 630, 631, 632, 633, 634, 635, 636, 637, 638, 639, 640, 641, 642, 643, 644, 645, 646, 647, 648, 649, 650, 651, 652, 653, 654, 655, 656, 657, 658, 659, 660, 661, 662, 663, 664, 665, 666, 667, 668, 669, 670, 671, 672, 673, 674, 675, 676, 677, 678, 679, 680, 681, 682, 683, 684, 685, 686, 687, 688, 689, 690, 691, 692, 693, 694, 695, 696, 697, 698, 699, 700, 701, 702, 703, 704, 705, 706, 707, 708, 709, 710, 711, 712, 713, 714, 715, 716, 717, 718, 719, 720, 721, 722, 723, 724, 725, 726, 727, 728, 729, 730, 731, 732, 733, 734, 735, 736, 737, 738, 739, 740, 741, 742, 743, 744, 745, 746, 747, 748, 749, 750, 751, 752, 753, 754, 755, 756, 757, 758, 759, 760, 761, 762, 763, 764, 765, 766, 767, 768, 769, 770, 771, 772, 773, 774, 775, 776, 777, 778, 779, 780, 781, 782, 783, 784, 785, 786, 787, 788, 789, 790, 791, 792, 793]","[103, 104, 106, 117, 118, 120, 127, 128, 129, 131, 133, 135, 136, 137, 139, 146, 147, 148, 149, 151, 158, 160, 162, 166, 173, 178, 179, 185, 190, 192, 198, 201, 203, 204, 206, 207, 212, 213, 214, 219, 223, 224, 225, 227, 230, 235, 237, 246, 247, 256, 259, 262, 263, 266, 268, 269, 271, 272, 278, 279, 284, 285, 288, 290, 292, 304, 312, 316, 319, 320, 323, 324, 332, 574, 575, 588, 591, 607, 608, 610, 618, 619, 620, 622, 632, 644, 649, 650, 656, 661, 663, 669, 674, 677, 683, 684, 687, 688, 689, 701, 710, 723, 730, 731, 738, 747, 751, 762, 774, 778, 789]",[],"[84, 87, 89, 114, 115, 117, 124, 132, 135, 144, 152, 174, 175, 176, 177, 178, 239, 268, 281, 297, 318, 320, 327, 347, 348, 349, 350, 351, 352, 394, 423, 555, 558, 560, 585, 586, 588, 595, 603, 606, 615, 623, 645, 646, 647, 648, 649, 703, 727, 740, 756, 776, 778, 785, 802, 803, 804, 805, 806, 807, 844, 875]","[84, 87, 89, 103, 104, 105, 106, 107, 108, 109, 110, 111, 112, 113, 114, 115, 116, 117, 118, 119, 120, 121, 122, 123, 124, 125, 126, 127, 128, 129, 130, 131, 132, 133, 134, 135, 136, 137, 138, 139, 140, 141, 142, 143, 144, 145, 146, 147, 148, 149, 150, 151, 152, 153, 154, 155, 156, 157, 158, 159, 160, 161, 162, 163, 164, 165, 166, 167, 168, 169, 170, 171, 172, 173, 174, 175, 176, 177, 178, 179, 180, 181, 182, 183, 184, 185, 186, 187, 188, 189, 190, 191, 192, 193, 194, 195, 196, 197, 198, 199, 200, 201, 202, 203, 204, 205, 206, 207, 208, 209, 210, 211, 212, 213, 214, 215, 216, 217, 218, 219, 220, 221, 222, 223, 224, 225, 226, 227, 228, 229, 230, 231, 232, 233, 234, 235, 236, 237, 238, 239, 240, 241, 242, 243, 244, 245, 246, 247, 248, 249, 250, 251, 252, 253, 254, 255, 256, 257, 258, 259, 260, 261, 262, 263, 264, 265, 266, 267, 268, 269, 270, 271, 272, 273, 274, 275, 276, 277, 278, 279, 280, 281, 282, 283, 284, 285, 286, 287, 288, 289, 290, 291, 292, 293, 294, 295, 296, 297, 298, 299, 300, 301, 302, 303, 304, 305, 306, 307, 308, 309, 310, 311, 312, 313, 314, 315, 316, 317, 318, 319, 320, 321, 322, 323, 324, 325, 326, 327, 328, 329, 330, 331, 332, 333, 334, 335, 336, 337, 347, 348, 349, 350, 351, 352, 394, 423, 555, 558, 560, 574, 575, 576, 577, 578, 579, 580, 581, 582, 583, 584, 585, 586, 587, 588, 589, 590, 591, 592, 593, 594, 595, 596, 597, 598, 599, 600, 601, 602, 603, 604, 605, 606, 607, 608, 609, 610, 611, 612, 613, 614, 615, 616, 617, 618, 619, 620, 621, 622, 623, 624, 625, 626, 627, 628, 629, 630, 631, 632, 633, 634, 635, 636, 637, 638, 639, 640, 641, 642, 643, 644, 645, 646, 647, 648, 649, 650, 651, 652, 653, 654, 655, 656, 657, 658, 659, 660, 661, 662, 663, 664, 665, 666, 667, 668, 669, 670, 671, 672, 673, 674, 675, 676, 677, 678, 679, 680, 681, 682, 683, 684, 685, 686, 687, 688, 689, 690, 691, 692, 693, 694, 695, 696, 697, 698, 699, 700, 701, 702, 703, 704, 705, 706, 707, 708, 709, 710, 711, 712, 713, 714, 715, 716, 717, 718, 719, 720, 721, 722, 723, 724, 725, 726, 727, 728, 729, 730, 731, 732, 733, 734, 735, 736, 737, 738, 739, 740, 741, 742, 743, 744, 745, 746, 747, 748, 749, 750, 751, 752, 753, 754, 755, 756, 757, 758, 759, 760, 761, 762, 763, 764, 765, 766, 767, 768, 769, 770, 771, 772, 773, 774, 775, 776, 777, 778, 779, 780, 781, 782, 783, 784, 785, 786, 787, 788, 789, 790, 791, 792, 793, 802, 803, 804, 805, 806, 807, 844, 875]",True,"[178, 281, 649, 740]","[103, 104, 105, 106, 107, 108, 109, 110, 111, 112, 113, 114, 115, 116, 117, 118, 119, 120, 121, 122, 123, 124, 125, 126, 127, 128, 129, 130, 131, 132, 133, 134, 135, 136, 137, 138, 139, 140, 141, 142, 143, 144, 145, 146, 147, 148, 149, 150, 151, 152, 153, 154, 155, 156, 157, 158, 159, 160, 161, 162, 163, 164, 165, 166, 167, 168, 169, 170, 171, 172, 173, 174, 175, 176, 177, 178, 179, 180, 181, 182, 183, 184, 185, 186, 187, 188, 189, 190, 191, 192, 193, 194, 195, 196, 197, 198, 199, 200, 201, 202, 203, 204, 205, 206, 207, 208, 209, 210, 211, 212, 213, 214, 215, 216, 217, 218, 219, 220, 221, 222, 223, 224, 225, 226, 227, 228, 229, 230, 231, 232, 233, 234, 235, 236, 237, 238, 239, 240, 241, 242, 243, 244, 245, 246, 247, 248, 249, 250, 251, 252, 253, 254, 255, 256, 257, 258, 259, 260, 261, 262, 263, 264, 265, 266, 267, 268, 269, 270, 271, 272, 273, 274, 275, 276, 277, 278, 279, 280, 281, 282, 283, 284, 285, 286, 287, 288, 289, 290, 291, 292, 293, 294, 295, 296, 297, 298, 299, 300, 301, 302, 303, 304, 305, 306, 307, 308, 309, 310, 311, 312, 313, 314, 315, 316, 317, 318, 319, 320, 321, 322, 323, 324, 325, 326, 327, 328, 329, 330, 331, 332, 333, 334, 335, 336, 337, 574, 575, 576, 577, 578, 579, 580, 581, 582, 583, 584, 585, 586, 587, 588, 589, 590, 591, 592, 593, 594, 595, 596, 597, 598, 599, 600, 601, 602, 603, 604, 605, 606, 607, 608, 609, 610, 611, 612, 613, 614, 615, 616, 617, 618, 619, 620, 621, 622, 623, 624, 625, 626, 627, 628, 629, 630, 631, 632, 633, 634, 635, 636, 637, 638, 639, 640, 641, 642, 643, 644, 645, 646, 647, 648, 649, 650, 651, 652, 653, 654, 655, 656, 657, 658, 659, 660, 661, 662, 663, 664, 665, 666, 667, 668, 669, 670, 671, 672, 673, 674, 675, 676, 677, 678, 679, 680, 681, 682, 683, 684, 685, 686, 687, 688, 689, 690, 691, 692, 693, 694, 695, 696, 697, 698, 699, 700, 701, 702, 703, 704, 705, 706, 707, 708, 709, 710, 711, 712, 713, 714, 715, 716, 717, 718, 719, 720, 721, 722, 723, 724, 725, 726, 727, 728, 729, 730, 731, 732, 733, 734, 735, 736, 737, 738, 739, 740, 741, 742, 743, 744, 745, 746, 747, 748, 749, 750, 751, 752, 753, 754, 755, 756, 757, 758, 759, 760, 761, 762, 763, 764, 765, 766, 767, 768, 769, 770, 771, 772, 773, 774, 775, 776, 777, 778, 779, 780, 781, 782, 783, 784, 785, 786, 787, 788, 789, 790, 791, 792, 793]","[178, 281, 649, 740]",[],"[103, 104, 106, 117, 118, 120, 127, 128, 129, 131, 133, 135, 136, 137, 139, 146, 147, 148, 149, 151, 158, 160, 162, 166, 173, 178, 179, 185, 190, 192, 198, 201, 203, 204, 206, 207, 212, 213, 214, 219, 223, 224, 225, 227, 230, 235, 237, 246, 247, 256, 259, 262, 263, 266, 268, 269, 271, 272, 278, 279, 284, 285, 288, 290, 292, 304, 312, 316, 319, 320, 323, 324, 332, 574, 575, 588, 591, 607, 608, 610, 618, 619, 620, 622, 632, 644, 649, 650, 656, 661, 663, 669, 674, 677, 683, 684, 687, 688, 689, 701, 710, 723, 730, 731, 738, 747, 751, 762, 774, 778, 789]","[84, 87, 89, 114, 115, 117, 124, 132, 135, 144, 152, 174, 175, 176, 177, 178, 239, 268, 281, 297, 318, 320, 327, 347, 348, 349, 350, 351, 352, 394, 423, 555, 558, 560, 585, 586, 588, 595, 603, 606, 615, 623, 645, 646, 647, 648, 649, 703, 727, 740, 756, 776, 778, 785, 802, 803, 804, 805, 806, 807, 844, 875]",[],7/6 successful match,True,"[499, 500]",True,770,False,,1.0,True,Golden Hill Country Store ) ( 76 ),
G Paso Robles ( 93446 ) San Paso Truck Stop ( 76 ),805-467-9999 US 101 ( 4 mi N of CA 46 ),HRS 24 XL <U+2610>,Paso Robles,93446,San Paso Truck Stop ( 76 ),805-467-9999,2014,Paso Robles,CA,,( 4 mi N of CA 46 ),US 101,empty,,False,,False,US 101,,,,,"[281, 740]","[178, 281, 649, 740]","[178, 281, 649, 740]",[],"[103, 104, 105, 106, 107, 108, 109, 110, 111, 112, 113, 114, 115, 116, 117, 118, 119, 120, 121, 122, 123, 124, 125, 126, 127, 128, 129, 130, 131, 132, 133, 134, 135, 136, 137, 138, 139, 140, 141, 142, 143, 144, 145, 146, 147, 148, 149, 150, 151, 152, 153, 154, 155, 156, 157, 158, 159, 160, 161, 162, 163, 164, 165, 166, 167, 168, 169, 170, 171, 172, 173, 174, 175, 176, 177, 178, 179, 180, 181, 182, 183, 184, 185, 186, 187, 188, 189, 190, 191, 192, 193, 194, 195, 196, 197, 198, 199, 200, 201, 202, 203, 204, 205, 206, 207, 208, 209, 210, 211, 212, 213, 214, 215, 216, 217, 218, 219, 220, 221, 222, 223, 224, 225, 226, 227, 228, 229, 230, 231, 232, 233, 234, 235, 236, 237, 238, 239, 240, 241, 242, 243, 244, 245, 246, 247, 248, 249, 250, 251, 252, 253, 254, 255, 256, 257, 258, 259, 260, 261, 262, 263, 264, 265, 266, 267, 268, 269, 270, 271, 272, 273, 274, 275, 276, 277, 278, 279, 280, 281, 282, 283, 284, 285, 286, 287, 288, 289, 290, 291, 292, 293, 294, 295, 296, 297, 298, 299, 300, 301, 302, 303, 304, 305, 306, 307, 308, 309, 310, 311, 312, 313, 314, 315, 316, 317, 318, 319, 320, 321, 322, 323, 324, 325, 326, 327, 328, 329, 330, 331, 332, 333, 334, 335, 336, 337, 574, 575, 576, 577, 578, 579, 580, 581, 582, 583, 584, 585, 586, 587, 588, 589, 590, 591, 592, 593, 594, 595, 596, 597, 598, 599, 600, 601, 602, 603, 604, 605, 606, 607, 608, 609, 610, 611, 612, 613, 614, 615, 616, 617, 618, 619, 620, 621, 622, 623, 624, 625, 626, 627, 628, 629, 630, 631, 632, 633, 634, 635, 636, 637, 638, 639, 640, 641, 642, 643, 644, 645, 646, 647, 648, 649, 650, 651, 652, 653, 654, 655, 656, 657, 658, 659, 660, 661, 662, 663, 664, 665, 666, 667, 668, 669, 670, 671, 672, 673, 674, 675, 676, 677, 678, 679, 680, 681, 682, 683, 684, 685, 686, 687, 688, 689, 690, 691, 692, 693, 694, 695, 696, 697, 698, 699, 700, 701, 702, 703, 704, 705, 706, 707, 708, 709, 710, 711, 712, 713, 714, 715, 716, 717, 718, 719, 720, 721, 722, 723, 724, 725, 726, 727, 728, 729, 730, 731, 732, 733, 734, 735, 736, 737, 738, 739, 740, 741, 742, 743, 744, 745, 746, 747, 748, 749, 750, 751, 752, 753, 754, 755, 756, 757, 758, 759, 760, 761, 762, 763, 764, 765, 766, 767, 768, 769, 770, 771, 772, 773, 774, 775, 776, 777, 778, 779, 780, 781, 782, 783, 784, 785, 786, 787, 788, 789, 790, 791, 792, 793]","[15, 91, 107, 110, 113, 123, 132, 136, 193, 216, 218, 252, 274, 275, 281, 286, 293, 302, 325, 326, 500, 562, 578, 580, 583, 594, 603, 607, 664, 686, 715, 733, 734, 740, 745, 752, 760, 783, 784]",[],"[84, 87, 89, 114, 115, 117, 124, 132, 135, 144, 152, 178, 239, 268, 281, 297, 318, 320, 327, 348, 394, 555, 558, 560, 585, 586, 588, 595, 603, 606, 615, 623, 649, 703, 727, 740, 756, 776, 778, 785, 803, 844]","[15, 84, 87, 89, 91, 103, 104, 105, 106, 107, 108, 109, 110, 111, 112, 113, 114, 115, 116, 117, 118, 119, 120, 121, 122, 123, 124, 125, 126, 127, 128, 129, 130, 131, 132, 133, 134, 135, 136, 137, 138, 139, 140, 141, 142, 143, 144, 145, 146, 147, 148, 149, 150, 151, 152, 153, 154, 155, 156, 157, 158, 159, 160, 161, 162, 163, 164, 165, 166, 167, 168, 169, 170, 171, 172, 173, 174, 175, 176, 177, 178, 179, 180, 181, 182, 183, 184, 185, 186, 187, 188, 189, 190, 191, 192, 193, 194, 195, 196, 197, 198, 199, 200, 201, 202, 203, 204, 205, 206, 207, 208, 209, 210, 211, 212, 213, 214, 215, 216, 217, 218, 219, 220, 221, 222, 223, 224, 225, 226, 227, 228, 229, 230, 231, 232, 233, 234, 235, 236, 237, 238, 239, 240, 241, 242, 243, 244, 245, 246, 247, 248, 249, 250, 251, 252, 253, 254, 255, 256, 257, 258, 259, 260, 261, 262, 263, 264, 265, 266, 267, 268, 269, 270, 271, 272, 273, 274, 275, 276, 277, 278, 279, 280, 281, 282, 283, 284, 285, 286, 287, 288, 289, 290, 291, 292, 293, 294, 295, 296, 297, 298, 299, 300, 301, 302, 303, 304, 305, 306, 307, 308, 309, 310, 311, 312, 313, 314, 315, 316, 317, 318, 319, 320, 321, 322, 323, 324, 325, 326, 327, 328, 329, 330, 331, 332, 333, 334, 335, 336, 337, 348, 394, 500, 555, 558, 560, 562, 574, 575, 576, 577, 578, 579, 580, 581, 582, 583, 584, 585, 586, 587, 588, 589, 590, 591, 592, 593, 594, 595, 596, 597, 598, 599, 600, 601, 602, 603, 604, 605, 606, 607, 608, 609, 610, 611, 612, 613, 614, 615, 616, 617, 618, 619, 620, 621, 622, 623, 624, 625, 626, 627, 628, 629, 630, 631, 632, 633, 634, 635, 636, 637, 638, 639, 640, 641, 642, 643, 644, 645, 646, 647, 648, 649, 650, 651, 652, 653, 654, 655, 656, 657, 658, 659, 660, 661, 662, 663, 664, 665, 666, 667, 668, 669, 670, 671, 672, 673, 674, 675, 676, 677, 678, 679, 680, 681, 682, 683, 684, 685, 686, 687, 688, 689, 690, 691, 692, 693, 694, 695, 696, 697, 698, 699, 700, 701, 702, 703, 704, 705, 706, 707, 708, 709, 710, 711, 712, 713, 714, 715, 716, 717, 718, 719, 720, 721, 722, 723, 724, 725, 726, 727, 728, 729, 730, 731, 732, 733, 734, 735, 736, 737, 738, 739, 740, 741, 742, 743, 744, 745, 746, 747, 748, 749, 750, 751, 752, 753, 754, 755, 756, 757, 758, 759, 760, 761, 762, 763, 764, 765, 766, 767, 768, 769, 770, 771, 772, 773, 774, 775, 776, 777, 778, 779, 780, 781, 782, 783, 784, 785, 786, 787, 788, 789, 790, 791, 792, 793, 803, 844]",True,"[178, 281, 649, 740]","[103, 104, 105, 106, 107, 108, 109, 110, 111, 112, 113, 114, 115, 116, 117, 118, 119, 120, 121, 122, 123, 124, 125, 126, 127, 128, 129, 130, 131, 132, 133, 134, 135, 136, 137, 138, 139, 140, 141, 142, 143, 144, 145, 146, 147, 148, 149, 150, 151, 152, 153, 154, 155, 156, 157, 158, 159, 160, 161, 162, 163, 164, 165, 166, 167, 168, 169, 170, 171, 172, 173, 174, 175, 176, 177, 178, 179, 180, 181, 182, 183, 184, 185, 186, 187, 188, 189, 190, 191, 192, 193, 194, 195, 196, 197, 198, 199, 200, 201, 202, 203, 204, 205, 206, 207, 208, 209, 210, 211, 212, 213, 214, 215, 216, 217, 218, 219, 220, 221, 222, 223, 224, 225, 226, 227, 228, 229, 230, 231, 232, 233, 234, 235, 236, 237, 238, 239, 240, 241, 242, 243, 244, 245, 246, 247, 248, 249, 250, 251, 252, 253, 254, 255, 256, 257, 258, 259, 260, 261, 262, 263, 264, 265, 266, 267, 268, 269, 270, 271, 272, 273, 274, 275, 276, 277, 278, 279, 280, 281, 282, 283, 284, 285, 286, 287, 288, 289, 290, 291, 292, 293, 294, 295, 296, 297, 298, 299, 300, 301, 302, 303, 304, 305, 306, 307, 308, 309, 310, 311, 312, 313, 314, 315, 316, 317, 318, 319, 320, 321, 322, 323, 324, 325, 326, 327, 328, 329, 330, 331, 332, 333, 334, 335, 336, 337, 574, 575, 576, 577, 578, 579, 580, 581, 582, 583, 584, 585, 586, 587, 588, 589, 590, 591, 592, 593, 594, 595, 596, 597, 598, 599, 600, 601, 602, 603, 604, 605, 606, 607, 608, 609, 610, 611, 612, 613, 614, 615, 616, 617, 618, 619, 620, 621, 622, 623, 624, 625, 626, 627, 628, 629, 630, 631, 632, 633, 634, 635, 636, 637, 638, 639, 640, 641, 642, 643, 644, 645, 646, 647, 648, 649, 650, 651, 652, 653, 654, 655, 656, 657, 658, 659, 660, 661, 662, 663, 664, 665, 666, 667, 668, 669, 670, 671, 672, 673, 674, 675, 676, 677, 678, 679, 680, 681, 682, 683, 684, 685, 686, 687, 688, 689, 690, 691, 692, 693, 694, 695, 696, 697, 698, 699, 700, 701, 702, 703, 704, 705, 706, 707, 708, 709, 710, 711, 712, 713, 714, 715, 716, 717, 718, 719, 720, 721, 722, 723, 724, 725, 726, 727, 728, 729, 730, 731, 732, 733, 734, 735, 736, 737, 738, 739, 740, 741, 742, 743, 744, 745, 746, 747, 748, 749, 750, 751, 752, 753, 754, 755, 756, 757, 758, 759, 760, 761, 762, 763, 764, 765, 766, 767, 768, 769, 770, 771, 772, 773, 774, 775, 776, 777, 778, 779, 780, 781, 782, 783, 784, 785, 786, 787, 788, 789, 790, 791, 792, 793]","[178, 281, 649, 740]",[],"[15, 91, 107, 110, 113, 123, 132, 136, 193, 216, 218, 252, 274, 275, 281, 286, 293, 302, 325, 326, 500, 562, 578, 580, 583, 594, 603, 607, 664, 686, 715, 733, 734, 740, 745, 752, 760, 783, 784]","[84, 87, 89, 114, 115, 117, 124, 132, 135, 144, 152, 178, 239, 268, 281, 297, 318, 320, 327, 348, 394, 555, 558, 560, 585, 586, 588, 595, 603, 606, 615, 623, 649, 703, 727, 740, 756, 776, 778, 785, 803, 844]",[],7/6 successful match,True,[184],True,771,False,,,,,
Paso Robles ( 93446 ) San Paso Truck Stop ( 76 ),3 805-467-9999 US 101 ( 4 mi N of CA 46 ),24 XL <U+2610>,Paso Robles,93446,San Paso Truck Stop ( 76 ),805-467-9999,2015,Paso Robles,CA,,( 4 mi N of CA 46 ),US 101,empty,,False,,False,US 101,,,,,"[281, 740]","[178, 281, 649, 740]","[178, 281, 649, 740]",[],"[103, 104, 105, 106, 107, 108, 109, 110, 111, 112, 113, 114, 115, 116, 117, 118, 119, 120, 121, 122, 123, 124, 125, 126, 127, 128, 129, 130, 131, 132, 133, 134, 135, 136, 137, 138, 139, 140, 141, 142, 143, 144, 145, 146, 147, 148, 149, 150, 151, 152, 153, 154, 155, 156, 157, 158, 159, 160, 161, 162, 163, 164, 165, 166, 167, 168, 169, 170, 171, 172, 173, 174, 175, 176, 177, 178, 179, 180, 181, 182, 183, 184, 185, 186, 187, 188, 189, 190, 191, 192, 193, 194, 195, 196, 197, 198, 199, 200, 201, 202, 203, 204, 205, 206, 207, 208, 209, 210, 211, 212, 213, 214, 215, 216, 217, 218, 219, 220, 221, 222, 223, 224, 225, 226, 227, 228, 229, 230, 231, 232, 233, 234, 235, 236, 237, 238, 239, 240, 241, 242, 243, 244, 245, 246, 247, 248, 249, 250, 251, 252, 253, 254, 255, 256, 257, 258, 259, 260, 261, 262, 263, 264, 265, 266, 267, 268, 269, 270, 271, 272, 273, 274, 275, 276, 277, 278, 279, 280, 281, 282, 283, 284, 285, 286, 287, 288, 289, 290, 291, 292, 293, 294, 295, 296, 297, 298, 299, 300, 301, 302, 303, 304, 305, 306, 307, 308, 309, 310, 311, 312, 313, 314, 315, 316, 317, 318, 319, 320, 321, 322, 323, 324, 325, 326, 327, 328, 329, 330, 331, 332, 333, 334, 335, 336, 337, 574, 575, 576, 577, 578, 579, 580, 581, 582, 583, 584, 585, 586, 587, 588, 589, 590, 591, 592, 593, 594, 595, 596, 597, 598, 599, 600, 601, 602, 603, 604, 605, 606, 607, 608, 609, 610, 611, 612, 613, 614, 615, 616, 617, 618, 619, 620, 621, 622, 623, 624, 625, 626, 627, 628, 629, 630, 631, 632, 633, 634, 635, 636, 637, 638, 639, 640, 641, 642, 643, 644, 645, 646, 647, 648, 649, 650, 651, 652, 653, 654, 655, 656, 657, 658, 659, 660, 661, 662, 663, 664, 665, 666, 667, 668, 669, 670, 671, 672, 673, 674, 675, 676, 677, 678, 679, 680, 681, 682, 683, 684, 685, 686, 687, 688, 689, 690, 691, 692, 693, 694, 695, 696, 697, 698, 699, 700, 701, 702, 703, 704, 705, 706, 707, 708, 709, 710, 711, 712, 713, 714, 715, 716, 717, 718, 719, 720, 721, 722, 723, 724, 725, 726, 727, 728, 729, 730, 731, 732, 733, 734, 735, 736, 737, 738, 739, 740, 741, 742, 743, 744, 745, 746, 747, 748, 749, 750, 751, 752, 753, 754, 755, 756, 757, 758, 759, 760, 761, 762, 763, 764, 765, 766, 767, 768, 769, 770, 771, 772, 773, 774, 775, 776, 777, 778, 779, 780, 781, 782, 783, 784, 785, 786, 787, 788, 789, 790, 791, 792, 793]","[15, 91, 107, 110, 113, 123, 132, 136, 193, 216, 218, 252, 274, 275, 281, 286, 293, 302, 325, 326, 500, 562, 578, 580, 583, 594, 603, 607, 664, 686, 715, 733, 734, 740, 745, 752, 760, 783, 784]",[],"[84, 87, 89, 114, 115, 117, 124, 132, 135, 144, 152, 178, 239, 268, 281, 297, 318, 320, 327, 348, 394, 555, 558, 560, 585, 586, 588, 595, 603, 606, 615, 623, 649, 703, 727, 740, 756, 776, 778, 785, 803, 844]","[15, 84, 87, 89, 91, 103, 104, 105, 106, 107, 108, 109, 110, 111, 112, 113, 114, 115, 116, 117, 118, 119, 120, 121, 122, 123, 124, 125, 126, 127, 128, 129, 130, 131, 132, 133, 134, 135, 136, 137, 138, 139, 140, 141, 142, 143, 144, 145, 146, 147, 148, 149, 150, 151, 152, 153, 154, 155, 156, 157, 158, 159, 160, 161, 162, 163, 164, 165, 166, 167, 168, 169, 170, 171, 172, 173, 174, 175, 176, 177, 178, 179, 180, 181, 182, 183, 184, 185, 186, 187, 188, 189, 190, 191, 192, 193, 194, 195, 196, 197, 198, 199, 200, 201, 202, 203, 204, 205, 206, 207, 208, 209, 210, 211, 212, 213, 214, 215, 216, 217, 218, 219, 220, 221, 222, 223, 224, 225, 226, 227, 228, 229, 230, 231, 232, 233, 234, 235, 236, 237, 238, 239, 240, 241, 242, 243, 244, 245, 246, 247, 248, 249, 250, 251, 252, 253, 254, 255, 256, 257, 258, 259, 260, 261, 262, 263, 264, 265, 266, 267, 268, 269, 270, 271, 272, 273, 274, 275, 276, 277, 278, 279, 280, 281, 282, 283, 284, 285, 286, 287, 288, 289, 290, 291, 292, 293, 294, 295, 296, 297, 298, 299, 300, 301, 302, 303, 304, 305, 306, 307, 308, 309, 310, 311, 312, 313, 314, 315, 316, 317, 318, 319, 320, 321, 322, 323, 324, 325, 326, 327, 328, 329, 330, 331, 332, 333, 334, 335, 336, 337, 348, 394, 500, 555, 558, 560, 562, 574, 575, 576, 577, 578, 579, 580, 581, 582, 583, 584, 585, 586, 587, 588, 589, 590, 591, 592, 593, 594, 595, 596, 597, 598, 599, 600, 601, 602, 603, 604, 605, 606, 607, 608, 609, 610, 611, 612, 613, 614, 615, 616, 617, 618, 619, 620, 621, 622, 623, 624, 625, 626, 627, 628, 629, 630, 631, 632, 633, 634, 635, 636, 637, 638, 639, 640, 641, 642, 643, 644, 645, 646, 647, 648, 649, 650, 651, 652, 653, 654, 655, 656, 657, 658, 659, 660, 661, 662, 663, 664, 665, 666, 667, 668, 669, 670, 671, 672, 673, 674, 675, 676, 677, 678, 679, 680, 681, 682, 683, 684, 685, 686, 687, 688, 689, 690, 691, 692, 693, 694, 695, 696, 697, 698, 699, 700, 701, 702, 703, 704, 705, 706, 707, 708, 709, 710, 711, 712, 713, 714, 715, 716, 717, 718, 719, 720, 721, 722, 723, 724, 725, 726, 727, 728, 729, 730, 731, 732, 733, 734, 735, 736, 737, 738, 739, 740, 741, 742, 743, 744, 745, 746, 747, 748, 749, 750, 751, 752, 753, 754, 755, 756, 757, 758, 759, 760, 761, 762, 763, 764, 765, 766, 767, 768, 769, 770, 771, 772, 773, 774, 775, 776, 777, 778, 779, 780, 781, 782, 783, 784, 785, 786, 787, 788, 789, 790, 791, 792, 793, 803, 844]",True,"[178, 281, 649, 740]","[103, 104, 105, 106, 107, 108, 109, 110, 111, 112, 113, 114, 115, 116, 117, 118, 119, 120, 121, 122, 123, 124, 125, 126, 127, 128, 129, 130, 131, 132, 133, 134, 135, 136, 137, 138, 139, 140, 141, 142, 143, 144, 145, 146, 147, 148, 149, 150, 151, 152, 153, 154, 155, 156, 157, 158, 159, 160, 161, 162, 163, 164, 165, 166, 167, 168, 169, 170, 171, 172, 173, 174, 175, 176, 177, 178, 179, 180, 181, 182, 183, 184, 185, 186, 187, 188, 189, 190, 191, 192, 193, 194, 195, 196, 197, 198, 199, 200, 201, 202, 203, 204, 205, 206, 207, 208, 209, 210, 211, 212, 213, 214, 215, 216, 217, 218, 219, 220, 221, 222, 223, 224, 225, 226, 227, 228, 229, 230, 231, 232, 233, 234, 235, 236, 237, 238, 239, 240, 241, 242, 243, 244, 245, 246, 247, 248, 249, 250, 251, 252, 253, 254, 255, 256, 257, 258, 259, 260, 261, 262, 263, 264, 265, 266, 267, 268, 269, 270, 271, 272, 273, 274, 275, 276, 277, 278, 279, 280, 281, 282, 283, 284, 285, 286, 287, 288, 289, 290, 291, 292, 293, 294, 295, 296, 297, 298, 299, 300, 301, 302, 303, 304, 305, 306, 307, 308, 309, 310, 311, 312, 313, 314, 315, 316, 317, 318, 319, 320, 321, 322, 323, 324, 325, 326, 327, 328, 329, 330, 331, 332, 333, 334, 335, 336, 337, 574, 575, 576, 577, 578, 579, 580, 581, 582, 583, 584, 585, 586, 587, 588, 589, 590, 591, 592, 593, 594, 595, 596, 597, 598, 599, 600, 601, 602, 603, 604, 605, 606, 607, 608, 609, 610, 611, 612, 613, 614, 615, 616, 617, 618, 619, 620, 621, 622, 623, 624, 625, 626, 627, 628, 629, 630, 631, 632, 633, 634, 635, 636, 637, 638, 639, 640, 641, 642, 643, 644, 645, 646, 647, 648, 649, 650, 651, 652, 653, 654, 655, 656, 657, 658, 659, 660, 661, 662, 663, 664, 665, 666, 667, 668, 669, 670, 671, 672, 673, 674, 675, 676, 677, 678, 679, 680, 681, 682, 683, 684, 685, 686, 687, 688, 689, 690, 691, 692, 693, 694, 695, 696, 697, 698, 699, 700, 701, 702, 703, 704, 705, 706, 707, 708, 709, 710, 711, 712, 713, 714, 715, 716, 717, 718, 719, 720, 721, 722, 723, 724, 725, 726, 727, 728, 729, 730, 731, 732, 733, 734, 735, 736, 737, 738, 739, 740, 741, 742, 743, 744, 745, 746, 747, 748, 749, 750, 751, 752, 753, 754, 755, 756, 757, 758, 759, 760, 761, 762, 763, 764, 765, 766, 767, 768, 769, 770, 771, 772, 773, 774, 775, 776, 777, 778, 779, 780, 781, 782, 783, 784, 785, 786, 787, 788, 789, 790, 791, 792, 793]","[178, 281, 649, 740]",[],"[15, 91, 107, 110, 113, 123, 132, 136, 193, 216, 218, 252, 274, 275, 281, 286, 293, 302, 325, 326, 500, 562, 578, 580, 583, 594, 603, 607, 664, 686, 715, 733, 734, 740, 745, 752, 760, 783, 784]","[84, 87, 89, 114, 115, 117, 124, 132, 135, 144, 152, 178, 239, 268, 281, 297, 318, 320, 327, 348, 394, 555, 558, 560, 585, 586, 588, 595, 603, 606, 615, 623, 649, 703, 727, 740, 756, 776, 778, 785, 803, 844]",[],7/6 successful match,True,[184],True,771,False,,1.0,True,San Paso Truck Stop ( 76 ),
Paso Robles ( 93446 ) San Paso Truck Stop US ( 76 101 ) ) .,3 805-467-9999 US 101 ( 4 mi N of CA 46 ),24 XL <U+2610> O,Paso Robles,93446,San Paso Truck Stop US ( 76 101 ) ) .,805-467-9999,2016,Paso Robles,CA,,( 4 mi N of CA 46 ),US 101,empty,,False,,False,US 101,,,,,"[281, 740]","[178, 281, 649, 740]","[178, 281, 649, 740]",[],"[103, 104, 105, 106, 107, 108, 109, 110, 111, 112, 113, 114, 115, 116, 117, 118, 119, 120, 121, 122, 123, 124, 125, 126, 127, 128, 129, 130, 131, 132, 133, 134, 135, 136, 137, 138, 139, 140, 141, 142, 143, 144, 145, 146, 147, 148, 149, 150, 151, 152, 153, 154, 155, 156, 157, 158, 159, 160, 161, 162, 163, 164, 165, 166, 167, 168, 169, 170, 171, 172, 173, 174, 175, 176, 177, 178, 179, 180, 181, 182, 183, 184, 185, 186, 187, 188, 189, 190, 191, 192, 193, 194, 195, 196, 197, 198, 199, 200, 201, 202, 203, 204, 205, 206, 207, 208, 209, 210, 211, 212, 213, 214, 215, 216, 217, 218, 219, 220, 221, 222, 223, 224, 225, 226, 227, 228, 229, 230, 231, 232, 233, 234, 235, 236, 237, 238, 239, 240, 241, 242, 243, 244, 245, 246, 247, 248, 249, 250, 251, 252, 253, 254, 255, 256, 257, 258, 259, 260, 261, 262, 263, 264, 265, 266, 267, 268, 269, 270, 271, 272, 273, 274, 275, 276, 277, 278, 279, 280, 281, 282, 283, 284, 285, 286, 287, 288, 289, 290, 291, 292, 293, 294, 295, 296, 297, 298, 299, 300, 301, 302, 303, 304, 305, 306, 307, 308, 309, 310, 311, 312, 313, 314, 315, 316, 317, 318, 319, 320, 321, 322, 323, 324, 325, 326, 327, 328, 329, 330, 331, 332, 333, 334, 335, 336, 337, 574, 575, 576, 577, 578, 579, 580, 581, 582, 583, 584, 585, 586, 587, 588, 589, 590, 591, 592, 593, 594, 595, 596, 597, 598, 599, 600, 601, 602, 603, 604, 605, 606, 607, 608, 609, 610, 611, 612, 613, 614, 615, 616, 617, 618, 619, 620, 621, 622, 623, 624, 625, 626, 627, 628, 629, 630, 631, 632, 633, 634, 635, 636, 637, 638, 639, 640, 641, 642, 643, 644, 645, 646, 647, 648, 649, 650, 651, 652, 653, 654, 655, 656, 657, 658, 659, 660, 661, 662, 663, 664, 665, 666, 667, 668, 669, 670, 671, 672, 673, 674, 675, 676, 677, 678, 679, 680, 681, 682, 683, 684, 685, 686, 687, 688, 689, 690, 691, 692, 693, 694, 695, 696, 697, 698, 699, 700, 701, 702, 703, 704, 705, 706, 707, 708, 709, 710, 711, 712, 713, 714, 715, 716, 717, 718, 719, 720, 721, 722, 723, 724, 725, 726, 727, 728, 729, 730, 731, 732, 733, 734, 735, 736, 737, 738, 739, 740, 741, 742, 743, 744, 745, 746, 747, 748, 749, 750, 751, 752, 753, 754, 755, 756, 757, 758, 759, 760, 761, 762, 763, 764, 765, 766, 767, 768, 769, 770, 771, 772, 773, 774, 775, 776, 777, 778, 779, 780, 781, 782, 783, 784, 785, 786, 787, 788, 789, 790, 791, 792, 793]","[15, 91, 107, 110, 113, 123, 132, 136, 193, 216, 218, 252, 274, 275, 281, 286, 293, 302, 325, 326, 500, 562, 578, 580, 583, 594, 603, 607, 664, 686, 715, 733, 734, 740, 745, 752, 760, 783, 784]",[],"[84, 87, 89, 114, 115, 117, 124, 132, 135, 144, 152, 178, 239, 268, 281, 297, 318, 320, 327, 348, 394, 555, 558, 560, 585, 586, 588, 595, 603, 606, 615, 623, 649, 703, 727, 740, 756, 776, 778, 785, 803, 844]","[15, 84, 87, 89, 91, 103, 104, 105, 106, 107, 108, 109, 110, 111, 112, 113, 114, 115, 116, 117, 118, 119, 120, 121, 122, 123, 124, 125, 126, 127, 128, 129, 130, 131, 132, 133, 134, 135, 136, 137, 138, 139, 140, 141, 142, 143, 144, 145, 146, 147, 148, 149, 150, 151, 152, 153, 154, 155, 156, 157, 158, 159, 160, 161, 162, 163, 164, 165, 166, 167, 168, 169, 170, 171, 172, 173, 174, 175, 176, 177, 178, 179, 180, 181, 182, 183, 184, 185, 186, 187, 188, 189, 190, 191, 192, 193, 194, 195, 196, 197, 198, 199, 200, 201, 202, 203, 204, 205, 206, 207, 208, 209, 210, 211, 212, 213, 214, 215, 216, 217, 218, 219, 220, 221, 222, 223, 224, 225, 226, 227, 228, 229, 230, 231, 232, 233, 234, 235, 236, 237, 238, 239, 240, 241, 242, 243, 244, 245, 246, 247, 248, 249, 250, 251, 252, 253, 254, 255, 256, 257, 258, 259, 260, 261, 262, 263, 264, 265, 266, 267, 268, 269, 270, 271, 272, 273, 274, 275, 276, 277, 278, 279, 280, 281, 282, 283, 284, 285, 286, 287, 288, 289, 290, 291, 292, 293, 294, 295, 296, 297, 298, 299, 300, 301, 302, 303, 304, 305, 306, 307, 308, 309, 310, 311, 312, 313, 314, 315, 316, 317, 318, 319, 320, 321, 322, 323, 324, 325, 326, 327, 328, 329, 330, 331, 332, 333, 334, 335, 336, 337, 348, 394, 500, 555, 558, 560, 562, 574, 575, 576, 577, 578, 579, 580, 581, 582, 583, 584, 585, 586, 587, 588, 589, 590, 591, 592, 593, 594, 595, 596, 597, 598, 599, 600, 601, 602, 603, 604, 605, 606, 607, 608, 609, 610, 611, 612, 613, 614, 615, 616, 617, 618, 619, 620, 621, 622, 623, 624, 625, 626, 627, 628, 629, 630, 631, 632, 633, 634, 635, 636, 637, 638, 639, 640, 641, 642, 643, 644, 645, 646, 647, 648, 649, 650, 651, 652, 653, 654, 655, 656, 657, 658, 659, 660, 661, 662, 663, 664, 665, 666, 667, 668, 669, 670, 671, 672, 673, 674, 675, 676, 677, 678, 679, 680, 681, 682, 683, 684, 685, 686, 687, 688, 689, 690, 691, 692, 693, 694, 695, 696, 697, 698, 699, 700, 701, 702, 703, 704, 705, 706, 707, 708, 709, 710, 711, 712, 713, 714, 715, 716, 717, 718, 719, 720, 721, 722, 723, 724, 725, 726, 727, 728, 729, 730, 731, 732, 733, 734, 735, 736, 737, 738, 739, 740, 741, 742, 743, 744, 745, 746, 747, 748, 749, 750, 751, 752, 753, 754, 755, 756, 757, 758, 759, 760, 761, 762, 763, 764, 765, 766, 767, 768, 769, 770, 771, 772, 773, 774, 775, 776, 777, 778, 779, 780, 781, 782, 783, 784, 785, 786, 787, 788, 789, 790, 791, 792, 793, 803, 844]",True,"[178, 281, 649, 740]","[103, 104, 105, 106, 107, 108, 109, 110, 111, 112, 113, 114, 115, 116, 117, 118, 119, 120, 121, 122, 123, 124, 125, 126, 127, 128, 129, 130, 131, 132, 133, 134, 135, 136, 137, 138, 139, 140, 141, 142, 143, 144, 145, 146, 147, 148, 149, 150, 151, 152, 153, 154, 155, 156, 157, 158, 159, 160, 161, 162, 163, 164, 165, 166, 167, 168, 169, 170, 171, 172, 173, 174, 175, 176, 177, 178, 179, 180, 181, 182, 183, 184, 185, 186, 187, 188, 189, 190, 191, 192, 193, 194, 195, 196, 197, 198, 199, 200, 201, 202, 203, 204, 205, 206, 207, 208, 209, 210, 211, 212, 213, 214, 215, 216, 217, 218, 219, 220, 221, 222, 223, 224, 225, 226, 227, 228, 229, 230, 231, 232, 233, 234, 235, 236, 237, 238, 239, 240, 241, 242, 243, 244, 245, 246, 247, 248, 249, 250, 251, 252, 253, 254, 255, 256, 257, 258, 259, 260, 261, 262, 263, 264, 265, 266, 267, 268, 269, 270, 271, 272, 273, 274, 275, 276, 277, 278, 279, 280, 281, 282, 283, 284, 285, 286, 287, 288, 289, 290, 291, 292, 293, 294, 295, 296, 297, 298, 299, 300, 301, 302, 303, 304, 305, 306, 307, 308, 309, 310, 311, 312, 313, 314, 315, 316, 317, 318, 319, 320, 321, 322, 323, 324, 325, 326, 327, 328, 329, 330, 331, 332, 333, 334, 335, 336, 337, 574, 575, 576, 577, 578, 579, 580, 581, 582, 583, 584, 585, 586, 587, 588, 589, 590, 591, 592, 593, 594, 595, 596, 597, 598, 599, 600, 601, 602, 603, 604, 605, 606, 607, 608, 609, 610, 611, 612, 613, 614, 615, 616, 617, 618, 619, 620, 621, 622, 623, 624, 625, 626, 627, 628, 629, 630, 631, 632, 633, 634, 635, 636, 637, 638, 639, 640, 641, 642, 643, 644, 645, 646, 647, 648, 649, 650, 651, 652, 653, 654, 655, 656, 657, 658, 659, 660, 661, 662, 663, 664, 665, 666, 667, 668, 669, 670, 671, 672, 673, 674, 675, 676, 677, 678, 679, 680, 681, 682, 683, 684, 685, 686, 687, 688, 689, 690, 691, 692, 693, 694, 695, 696, 697, 698, 699, 700, 701, 702, 703, 704, 705, 706, 707, 708, 709, 710, 711, 712, 713, 714, 715, 716, 717, 718, 719, 720, 721, 722, 723, 724, 725, 726, 727, 728, 729, 730, 731, 732, 733, 734, 735, 736, 737, 738, 739, 740, 741, 742, 743, 744, 745, 746, 747, 748, 749, 750, 751, 752, 753, 754, 755, 756, 757, 758, 759, 760, 761, 762, 763, 764, 765, 766, 767, 768, 769, 770, 771, 772, 773, 774, 775, 776, 777, 778, 779, 780, 781, 782, 783, 784, 785, 786, 787, 788, 789, 790, 791, 792, 793]","[178, 281, 649, 740]",[],"[15, 91, 107, 110, 113, 123, 132, 136, 193, 216, 218, 252, 274, 275, 281, 286, 293, 302, 325, 326, 500, 562, 578, 580, 583, 594, 603, 607, 664, 686, 715, 733, 734, 740, 745, 752, 760, 783, 784]","[84, 87, 89, 114, 115, 117, 124, 132, 135, 144, 152, 178, 239, 268, 281, 297, 318, 320, 327, 348, 394, 555, 558, 560, 585, 586, 588, 595, 603, 606, 615, 623, 649, 703, 727, 740, 756, 776, 778, 785, 803, 844]",[],7/6 successful match,True,[184],True,771,False,,1.0,True,San Paso Truck Stop ( 76 ),
"Pismo Beach , 93449 Miller's Unocal ( 76 / Conoco )",805-773-5727 US 101 & 4th St ( Pismo City E ),000,Pismo Beach,93449,Miller's Unocal ( 76 / Conoco ),805-773-5727,2006,Pismo Beach,CA,Conoco,( Pismo City E ),US 101 & 4th St,empty,,False,,False,US 101,4th St,,,,[],[],"[58, 181, 233, 236, 304, 652, 697, 700, 762]",[],"[103, 104, 105, 106, 107, 108, 109, 110, 111, 112, 113, 114, 115, 116, 117, 118, 119, 120, 121, 122, 123, 124, 125, 126, 127, 128, 129, 130, 131, 132, 133, 134, 135, 136, 137, 138, 139, 140, 141, 142, 143, 144, 145, 146, 147, 148, 149, 150, 151, 152, 153, 154, 155, 156, 157, 158, 159, 160, 161, 162, 163, 164, 165, 166, 167, 168, 169, 170, 171, 172, 173, 174, 175, 176, 177, 178, 179, 180, 181, 182, 183, 184, 185, 186, 187, 188, 189, 190, 191, 192, 193, 194, 195, 196, 197, 198, 199, 200, 201, 202, 203, 204, 205, 206, 207, 208, 209, 210, 211, 212, 213, 214, 215, 216, 217, 218, 219, 220, 221, 222, 223, 224, 225, 226, 227, 228, 229, 230, 231, 232, 233, 234, 235, 236, 237, 238, 239, 240, 241, 242, 243, 244, 245, 246, 247, 248, 249, 250, 251, 252, 253, 254, 255, 256, 257, 258, 259, 260, 261, 262, 263, 264, 265, 266, 267, 268, 269, 270, 271, 272, 273, 274, 275, 276, 277, 278, 279, 280, 281, 282, 283, 284, 285, 286, 287, 288, 289, 290, 291, 292, 293, 294, 295, 296, 297, 298, 299, 300, 301, 302, 303, 304, 305, 306, 307, 308, 309, 310, 311, 312, 313, 314, 315, 316, 317, 318, 319, 320, 321, 322, 323, 324, 325, 326, 327, 328, 329, 330, 331, 332, 333, 334, 335, 336, 337, 574, 575, 576, 577, 578, 579, 580, 581, 582, 583, 584, 585, 586, 587, 588, 589, 590, 591, 592, 593, 594, 595, 596, 597, 598, 599, 600, 601, 602, 603, 604, 605, 606, 607, 608, 609, 610, 611, 612, 613, 614, 615, 616, 617, 618, 619, 620, 621, 622, 623, 624, 625, 626, 627, 628, 629, 630, 631, 632, 633, 634, 635, 636, 637, 638, 639, 640, 641, 642, 643, 644, 645, 646, 647, 648, 649, 650, 651, 652, 653, 654, 655, 656, 657, 658, 659, 660, 661, 662, 663, 664, 665, 666, 667, 668, 669, 670, 671, 672, 673, 674, 675, 676, 677, 678, 679, 680, 681, 682, 683, 684, 685, 686, 687, 688, 689, 690, 691, 692, 693, 694, 695, 696, 697, 698, 699, 700, 701, 702, 703, 704, 705, 706, 707, 708, 709, 710, 711, 712, 713, 714, 715, 716, 717, 718, 719, 720, 721, 722, 723, 724, 725, 726, 727, 728, 729, 730, 731, 732, 733, 734, 735, 736, 737, 738, 739, 740, 741, 742, 743, 744, 745, 746, 747, 748, 749, 750, 751, 752, 753, 754, 755, 756, 757, 758, 759, 760, 761, 762, 763, 764, 765, 766, 767, 768, 769, 770, 771, 772, 773, 774, 775, 776, 777, 778, 779, 780, 781, 782, 783, 784, 785, 786, 787, 788, 789, 790, 791, 792, 793]","[15, 91, 107, 110, 113, 123, 132, 136, 193, 216, 218, 252, 274, 275, 281, 286, 293, 302, 325, 326, 500, 562, 578, 580, 583, 594, 603, 607, 664, 686, 715, 733, 734, 740, 745, 752, 760, 783, 784]","[3, 27, 349, 406, 451, 489, 510, 804, 855, 898]","[3, 27, 84, 87, 89, 114, 115, 117, 124, 132, 135, 144, 152, 178, 239, 268, 281, 297, 318, 320, 327, 348, 349, 394, 406, 451, 452, 453, 489, 510, 555, 558, 560, 585, 586, 588, 595, 603, 606, 615, 623, 649, 703, 727, 740, 756, 776, 778, 785, 803, 804, 844, 855, 898, 899, 900]","[3, 15, 27, 58, 84, 87, 89, 91, 103, 104, 105, 106, 107, 108, 109, 110, 111, 112, 113, 114, 115, 116, 117, 118, 119, 120, 121, 122, 123, 124, 125, 126, 127, 128, 129, 130, 131, 132, 133, 134, 135, 136, 137, 138, 139, 140, 141, 142, 143, 144, 145, 146, 147, 148, 149, 150, 151, 152, 153, 154, 155, 156, 157, 158, 159, 160, 161, 162, 163, 164, 165, 166, 167, 168, 169, 170, 171, 172, 173, 174, 175, 176, 177, 178, 179, 180, 181, 182, 183, 184, 185, 186, 187, 188, 189, 190, 191, 192, 193, 194, 195, 196, 197, 198, 199, 200, 201, 202, 203, 204, 205, 206, 207, 208, 209, 210, 211, 212, 213, 214, 215, 216, 217, 218, 219, 220, 221, 222, 223, 224, 225, 226, 227, 228, 229, 230, 231, 232, 233, 234, 235, 236, 237, 238, 239, 240, 241, 242, 243, 244, 245, 246, 247, 248, 249, 250, 251, 252, 253, 254, 255, 256, 257, 258, 259, 260, 261, 262, 263, 264, 265, 266, 267, 268, 269, 270, 271, 272, 273, 274, 275, 276, 277, 278, 279, 280, 281, 282, 283, 284, 285, 286, 287, 288, 289, 290, 291, 292, 293, 294, 295, 296, 297, 298, 299, 300, 301, 302, 303, 304, 305, 306, 307, 308, 309, 310, 311, 312, 313, 314, 315, 316, 317, 318, 319, 320, 321, 322, 323, 324, 325, 326, 327, 328, 329, 330, 331, 332, 333, 334, 335, 336, 337, 348, 349, 394, 406, 451, 452, 453, 489, 500, 510, 555, 558, 560, 562, 574, 575, 576, 577, 578, 579, 580, 581, 582, 583, 584, 585, 586, 587, 588, 589, 590, 591, 592, 593, 594, 595, 596, 597, 598, 599, 600, 601, 602, 603, 604, 605, 606, 607, 608, 609, 610, 611, 612, 613, 614, 615, 616, 617, 618, 619, 620, 621, 622, 623, 624, 625, 626, 627, 628, 629, 630, 631, 632, 633, 634, 635, 636, 637, 638, 639, 640, 641, 642, 643, 644, 645, 646, 647, 648, 649, 650, 651, 652, 653, 654, 655, 656, 657, 658, 659, 660, 661, 662, 663, 664, 665, 666, 667, 668, 669, 670, 671, 672, 673, 674, 675, 676, 677, 678, 679, 680, 681, 682, 683, 684, 685, 686, 687, 688, 689, 690, 691, 692, 693, 694, 695, 696, 697, 698, 699, 700, 701, 702, 703, 704, 705, 706, 707, 708, 709, 710, 711, 712, 713, 714, 715, 716, 717, 718, 719, 720, 721, 722, 723, 724, 725, 726, 727, 728, 729, 730, 731, 732, 733, 734, 735, 736, 737, 738, 739, 740, 741, 742, 743, 744, 745, 746, 747, 748, 749, 750, 751, 752, 753, 754, 755, 756, 757, 758, 759, 760, 761, 762, 763, 764, 765, 766, 767, 768, 769, 770, 771, 772, 773, 774, 775, 776, 777, 778, 779, 780, 781, 782, 783, 784, 785, 786, 787, 788, 789, 790, 791, 792, 793, 803, 804, 844, 855, 898, 899, 900]",False,[],"[103, 104, 105, 106, 107, 108, 109, 110, 111, 112, 113, 114, 115, 116, 117, 118, 119, 120, 121, 122, 123, 124, 125, 126, 127, 128, 129, 130, 131, 132, 133, 134, 135, 136, 137, 138, 139, 140, 141, 142, 143, 144, 145, 146, 147, 148, 149, 150, 151, 152, 153, 154, 155, 156, 157, 158, 159, 160, 161, 162, 163, 164, 165, 166, 167, 168, 169, 170, 171, 172, 173, 174, 175, 176, 177, 178, 179, 180, 181, 182, 183, 184, 185, 186, 187, 188, 189, 190, 191, 192, 193, 194, 195, 196, 197, 198, 199, 200, 201, 202, 203, 204, 205, 206, 207, 208, 209, 210, 211, 212, 213, 214, 215, 216, 217, 218, 219, 220, 221, 222, 223, 224, 225, 226, 227, 228, 229, 230, 231, 232, 233, 234, 235, 236, 237, 238, 239, 240, 241, 242, 243, 244, 245, 246, 247, 248, 249, 250, 251, 252, 253, 254, 255, 256, 257, 258, 259, 260, 261, 262, 263, 264, 265, 266, 267, 268, 269, 270, 271, 272, 273, 274, 275, 276, 277, 278, 279, 280, 281, 282, 283, 284, 285, 286, 287, 288, 289, 290, 291, 292, 293, 294, 295, 296, 297, 298, 299, 300, 301, 302, 303, 304, 305, 306, 307, 308, 309, 310, 311, 312, 313, 314, 315, 316, 317, 318, 319, 320, 321, 322, 323, 324, 325, 326, 327, 328, 329, 330, 331, 332, 333, 334, 335, 336, 337, 574, 575, 576, 577, 578, 579, 580, 581, 582, 583, 584, 585, 586, 587, 588, 589, 590, 591, 592, 593, 594, 595, 596, 597, 598, 599, 600, 601, 602, 603, 604, 605, 606, 607, 608, 609, 610, 611, 612, 613, 614, 615, 616, 617, 618, 619, 620, 621, 622, 623, 624, 625, 626, 627, 628, 629, 630, 631, 632, 633, 634, 635, 636, 637, 638, 639, 640, 641, 642, 643, 644, 645, 646, 647, 648, 649, 650, 651, 652, 653, 654, 655, 656, 657, 658, 659, 660, 661, 662, 663, 664, 665, 666, 667, 668, 669, 670, 671, 672, 673, 674, 675, 676, 677, 678, 679, 680, 681, 682, 683, 684, 685, 686, 687, 688, 689, 690, 691, 692, 693, 694, 695, 696, 697, 698, 699, 700, 701, 702, 703, 704, 705, 706, 707, 708, 709, 710, 711, 712, 713, 714, 715, 716, 717, 718, 719, 720, 721, 722, 723, 724, 725, 726, 727, 728, 729, 730, 731, 732, 733, 734, 735, 736, 737, 738, 739, 740, 741, 742, 743, 744, 745, 746, 747, 748, 749, 750, 751, 752, 753, 754, 755, 756, 757, 758, 759, 760, 761, 762, 763, 764, 765, 766, 767, 768, 769, 770, 771, 772, 773, 774, 775, 776, 777, 778, 779, 780, 781, 782, 783, 784, 785, 786, 787, 788, 789, 790, 791, 792, 793]","[58, 181, 233, 236, 304, 652, 697, 700, 762]",[],"[15, 91, 107, 110, 113, 123, 132, 136, 193, 216, 218, 252, 274, 275, 281, 286, 293, 302, 325, 326, 500, 562, 578, 580, 583, 594, 603, 607, 664, 686, 715, 733, 734, 740, 745, 752, 760, 783, 784]","[3, 27, 84, 87, 89, 114, 115, 117, 124, 132, 135, 144, 152, 178, 239, 268, 281, 297, 318, 320, 327, 348, 349, 394, 406, 451, 452, 453, 489, 510, 555, 558, 560, 585, 586, 588, 595, 603, 606, 615, 623, 649, 703, 727, 740, 756, 776, 778, 785, 803, 804, 844, 855, 898, 899, 900]","[3, 27, 349, 406, 451, 489, 510, 804, 855, 898]",4/6 successful match,False,[211],True,772,False,,,,,
"Pismo Beach , 93449 Miller's Unocal ( 76 / Conoco US ) 395 )",805-773-5727 US 101 & 4th St (,000 000,Pismo Beach,93449,Miller's Unocal ( 76 / Conoco US ) 395 ),805-773-5727,2007,Pismo Beach,CA,Conoco,(,US 101 & 4th St,empty,,False,,False,US 101,4th St,,,,[],[],"[58, 181, 233, 236, 304, 652, 697, 700, 762]",[],"[103, 104, 105, 106, 107, 108, 109, 110, 111, 112, 113, 114, 115, 116, 117, 118, 119, 120, 121, 122, 123, 124, 125, 126, 127, 128, 129, 130, 131, 132, 133, 134, 135, 136, 137, 138, 139, 140, 141, 142, 143, 144, 145, 146, 147, 148, 149, 150, 151, 152, 153, 154, 155, 156, 157, 158, 159, 160, 161, 162, 163, 164, 165, 166, 167, 168, 169, 170, 171, 172, 173, 174, 175, 176, 177, 178, 179, 180, 181, 182, 183, 184, 185, 186, 187, 188, 189, 190, 191, 192, 193, 194, 195, 196, 197, 198, 199, 200, 201, 202, 203, 204, 205, 206, 207, 208, 209, 210, 211, 212, 213, 214, 215, 216, 217, 218, 219, 220, 221, 222, 223, 224, 225, 226, 227, 228, 229, 230, 231, 232, 233, 234, 235, 236, 237, 238, 239, 240, 241, 242, 243, 244, 245, 246, 247, 248, 249, 250, 251, 252, 253, 254, 255, 256, 257, 258, 259, 260, 261, 262, 263, 264, 265, 266, 267, 268, 269, 270, 271, 272, 273, 274, 275, 276, 277, 278, 279, 280, 281, 282, 283, 284, 285, 286, 287, 288, 289, 290, 291, 292, 293, 294, 295, 296, 297, 298, 299, 300, 301, 302, 303, 304, 305, 306, 307, 308, 309, 310, 311, 312, 313, 314, 315, 316, 317, 318, 319, 320, 321, 322, 323, 324, 325, 326, 327, 328, 329, 330, 331, 332, 333, 334, 335, 336, 337, 574, 575, 576, 577, 578, 579, 580, 581, 582, 583, 584, 585, 586, 587, 588, 589, 590, 591, 592, 593, 594, 595, 596, 597, 598, 599, 600, 601, 602, 603, 604, 605, 606, 607, 608, 609, 610, 611, 612, 613, 614, 615, 616, 617, 618, 619, 620, 621, 622, 623, 624, 625, 626, 627, 628, 629, 630, 631, 632, 633, 634, 635, 636, 637, 638, 639, 640, 641, 642, 643, 644, 645, 646, 647, 648, 649, 650, 651, 652, 653, 654, 655, 656, 657, 658, 659, 660, 661, 662, 663, 664, 665, 666, 667, 668, 669, 670, 671, 672, 673, 674, 675, 676, 677, 678, 679, 680, 681, 682, 683, 684, 685, 686, 687, 688, 689, 690, 691, 692, 693, 694, 695, 696, 697, 698, 699, 700, 701, 702, 703, 704, 705, 706, 707, 708, 709, 710, 711, 712, 713, 714, 715, 716, 717, 718, 719, 720, 721, 722, 723, 724, 725, 726, 727, 728, 729, 730, 731, 732, 733, 734, 735, 736, 737, 738, 739, 740, 741, 742, 743, 744, 745, 746, 747, 748, 749, 750, 751, 752, 753, 754, 755, 756, 757, 758, 759, 760, 761, 762, 763, 764, 765, 766, 767, 768, 769, 770, 771, 772, 773, 774, 775, 776, 777, 778, 779, 780, 781, 782, 783, 784, 785, 786, 787, 788, 789, 790, 791, 792, 793]","[15, 91, 107, 110, 113, 123, 132, 136, 193, 216, 218, 252, 274, 275, 281, 286, 293, 302, 325, 326, 500, 562, 578, 580, 583, 594, 603, 607, 664, 686, 715, 733, 734, 740, 745, 752, 760, 783, 784]","[3, 27, 349, 406, 451, 489, 510, 804, 855, 898]","[3, 27, 84, 87, 89, 114, 115, 117, 124, 132, 135, 144, 152, 178, 239, 268, 281, 297, 318, 320, 327, 348, 349, 394, 406, 451, 452, 453, 489, 510, 555, 558, 560, 585, 586, 588, 595, 603, 606, 615, 623, 649, 703, 727, 740, 756, 776, 778, 785, 803, 804, 844, 855, 898, 899, 900]","[3, 15, 27, 58, 84, 87, 89, 91, 103, 104, 105, 106, 107, 108, 109, 110, 111, 112, 113, 114, 115, 116, 117, 118, 119, 120, 121, 122, 123, 124, 125, 126, 127, 128, 129, 130, 131, 132, 133, 134, 135, 136, 137, 138, 139, 140, 141, 142, 143, 144, 145, 146, 147, 148, 149, 150, 151, 152, 153, 154, 155, 156, 157, 158, 159, 160, 161, 162, 163, 164, 165, 166, 167, 168, 169, 170, 171, 172, 173, 174, 175, 176, 177, 178, 179, 180, 181, 182, 183, 184, 185, 186, 187, 188, 189, 190, 191, 192, 193, 194, 195, 196, 197, 198, 199, 200, 201, 202, 203, 204, 205, 206, 207, 208, 209, 210, 211, 212, 213, 214, 215, 216, 217, 218, 219, 220, 221, 222, 223, 224, 225, 226, 227, 228, 229, 230, 231, 232, 233, 234, 235, 236, 237, 238, 239, 240, 241, 242, 243, 244, 245, 246, 247, 248, 249, 250, 251, 252, 253, 254, 255, 256, 257, 258, 259, 260, 261, 262, 263, 264, 265, 266, 267, 268, 269, 270, 271, 272, 273, 274, 275, 276, 277, 278, 279, 280, 281, 282, 283, 284, 285, 286, 287, 288, 289, 290, 291, 292, 293, 294, 295, 296, 297, 298, 299, 300, 301, 302, 303, 304, 305, 306, 307, 308, 309, 310, 311, 312, 313, 314, 315, 316, 317, 318, 319, 320, 321, 322, 323, 324, 325, 326, 327, 328, 329, 330, 331, 332, 333, 334, 335, 336, 337, 348, 349, 394, 406, 451, 452, 453, 489, 500, 510, 555, 558, 560, 562, 574, 575, 576, 577, 578, 579, 580, 581, 582, 583, 584, 585, 586, 587, 588, 589, 590, 591, 592, 593, 594, 595, 596, 597, 598, 599, 600, 601, 602, 603, 604, 605, 606, 607, 608, 609, 610, 611, 612, 613, 614, 615, 616, 617, 618, 619, 620, 621, 622, 623, 624, 625, 626, 627, 628, 629, 630, 631, 632, 633, 634, 635, 636, 637, 638, 639, 640, 641, 642, 643, 644, 645, 646, 647, 648, 649, 650, 651, 652, 653, 654, 655, 656, 657, 658, 659, 660, 661, 662, 663, 664, 665, 666, 667, 668, 669, 670, 671, 672, 673, 674, 675, 676, 677, 678, 679, 680, 681, 682, 683, 684, 685, 686, 687, 688, 689, 690, 691, 692, 693, 694, 695, 696, 697, 698, 699, 700, 701, 702, 703, 704, 705, 706, 707, 708, 709, 710, 711, 712, 713, 714, 715, 716, 717, 718, 719, 720, 721, 722, 723, 724, 725, 726, 727, 728, 729, 730, 731, 732, 733, 734, 735, 736, 737, 738, 739, 740, 741, 742, 743, 744, 745, 746, 747, 748, 749, 750, 751, 752, 753, 754, 755, 756, 757, 758, 759, 760, 761, 762, 763, 764, 765, 766, 767, 768, 769, 770, 771, 772, 773, 774, 775, 776, 777, 778, 779, 780, 781, 782, 783, 784, 785, 786, 787, 788, 789, 790, 791, 792, 793, 803, 804, 844, 855, 898, 899, 900]",False,[],"[103, 104, 105, 106, 107, 108, 109, 110, 111, 112, 113, 114, 115, 116, 117, 118, 119, 120, 121, 122, 123, 124, 125, 126, 127, 128, 129, 130, 131, 132, 133, 134, 135, 136, 137, 138, 139, 140, 141, 142, 143, 144, 145, 146, 147, 148, 149, 150, 151, 152, 153, 154, 155, 156, 157, 158, 159, 160, 161, 162, 163, 164, 165, 166, 167, 168, 169, 170, 171, 172, 173, 174, 175, 176, 177, 178, 179, 180, 181, 182, 183, 184, 185, 186, 187, 188, 189, 190, 191, 192, 193, 194, 195, 196, 197, 198, 199, 200, 201, 202, 203, 204, 205, 206, 207, 208, 209, 210, 211, 212, 213, 214, 215, 216, 217, 218, 219, 220, 221, 222, 223, 224, 225, 226, 227, 228, 229, 230, 231, 232, 233, 234, 235, 236, 237, 238, 239, 240, 241, 242, 243, 244, 245, 246, 247, 248, 249, 250, 251, 252, 253, 254, 255, 256, 257, 258, 259, 260, 261, 262, 263, 264, 265, 266, 267, 268, 269, 270, 271, 272, 273, 274, 275, 276, 277, 278, 279, 280, 281, 282, 283, 284, 285, 286, 287, 288, 289, 290, 291, 292, 293, 294, 295, 296, 297, 298, 299, 300, 301, 302, 303, 304, 305, 306, 307, 308, 309, 310, 311, 312, 313, 314, 315, 316, 317, 318, 319, 320, 321, 322, 323, 324, 325, 326, 327, 328, 329, 330, 331, 332, 333, 334, 335, 336, 337, 574, 575, 576, 577, 578, 579, 580, 581, 582, 583, 584, 585, 586, 587, 588, 589, 590, 591, 592, 593, 594, 595, 596, 597, 598, 599, 600, 601, 602, 603, 604, 605, 606, 607, 608, 609, 610, 611, 612, 613, 614, 615, 616, 617, 618, 619, 620, 621, 622, 623, 624, 625, 626, 627, 628, 629, 630, 631, 632, 633, 634, 635, 636, 637, 638, 639, 640, 641, 642, 643, 644, 645, 646, 647, 648, 649, 650, 651, 652, 653, 654, 655, 656, 657, 658, 659, 660, 661, 662, 663, 664, 665, 666, 667, 668, 669, 670, 671, 672, 673, 674, 675, 676, 677, 678, 679, 680, 681, 682, 683, 684, 685, 686, 687, 688, 689, 690, 691, 692, 693, 694, 695, 696, 697, 698, 699, 700, 701, 702, 703, 704, 705, 706, 707, 708, 709, 710, 711, 712, 713, 714, 715, 716, 717, 718, 719, 720, 721, 722, 723, 724, 725, 726, 727, 728, 729, 730, 731, 732, 733, 734, 735, 736, 737, 738, 739, 740, 741, 742, 743, 744, 745, 746, 747, 748, 749, 750, 751, 752, 753, 754, 755, 756, 757, 758, 759, 760, 761, 762, 763, 764, 765, 766, 767, 768, 769, 770, 771, 772, 773, 774, 775, 776, 777, 778, 779, 780, 781, 782, 783, 784, 785, 786, 787, 788, 789, 790, 791, 792, 793]","[58, 181, 233, 236, 304, 652, 697, 700, 762]",[],"[15, 91, 107, 110, 113, 123, 132, 136, 193, 216, 218, 252, 274, 275, 281, 286, 293, 302, 325, 326, 500, 562, 578, 580, 583, 594, 603, 607, 664, 686, 715, 733, 734, 740, 745, 752, 760, 783, 784]","[3, 27, 84, 87, 89, 114, 115, 117, 124, 132, 135, 144, 152, 178, 239, 268, 281, 297, 318, 320, 327, 348, 349, 394, 406, 451, 452, 453, 489, 510, 555, 558, 560, 585, 586, 588, 595, 603, 606, 615, 623, 649, 703, 727, 740, 756, 776, 778, 785, 803, 804, 844, 855, 898, 899, 900]","[3, 27, 349, 406, 451, 489, 510, 804, 855, 898]",4/6 successful match,False,[211],True,772,False,,1.0,True,Miller's Unocal ( 76 / Conoco ),Conoco
"Pismo Beach , 93449 Miller's Unocal 112",3 805-773-5727 US 101 & 4th ( 76 / Conoco ),<U+2610> <U+2610> D,Pismo Beach,93449,Miller's Unocal 112,805-773-5727,2008,Pismo Beach,CA,,( 76 / Conoco ),US 101 & 4th,empty,,False,,False,US 101,4th,,,,[],[],"[58, 181, 233, 236, 304, 652, 697, 700, 762]",[],"[103, 104, 105, 106, 107, 108, 109, 110, 111, 112, 113, 114, 115, 116, 117, 118, 119, 120, 121, 122, 123, 124, 125, 126, 127, 128, 129, 130, 131, 132, 133, 134, 135, 136, 137, 138, 139, 140, 141, 142, 143, 144, 145, 146, 147, 148, 149, 150, 151, 152, 153, 154, 155, 156, 157, 158, 159, 160, 161, 162, 163, 164, 165, 166, 167, 168, 169, 170, 171, 172, 173, 174, 175, 176, 177, 178, 179, 180, 181, 182, 183, 184, 185, 186, 187, 188, 189, 190, 191, 192, 193, 194, 195, 196, 197, 198, 199, 200, 201, 202, 203, 204, 205, 206, 207, 208, 209, 210, 211, 212, 213, 214, 215, 216, 217, 218, 219, 220, 221, 222, 223, 224, 225, 226, 227, 228, 229, 230, 231, 232, 233, 234, 235, 236, 237, 238, 239, 240, 241, 242, 243, 244, 245, 246, 247, 248, 249, 250, 251, 252, 253, 254, 255, 256, 257, 258, 259, 260, 261, 262, 263, 264, 265, 266, 267, 268, 269, 270, 271, 272, 273, 274, 275, 276, 277, 278, 279, 280, 281, 282, 283, 284, 285, 286, 287, 288, 289, 290, 291, 292, 293, 294, 295, 296, 297, 298, 299, 300, 301, 302, 303, 304, 305, 306, 307, 308, 309, 310, 311, 312, 313, 314, 315, 316, 317, 318, 319, 320, 321, 322, 323, 324, 325, 326, 327, 328, 329, 330, 331, 332, 333, 334, 335, 336, 337, 574, 575, 576, 577, 578, 579, 580, 581, 582, 583, 584, 585, 586, 587, 588, 589, 590, 591, 592, 593, 594, 595, 596, 597, 598, 599, 600, 601, 602, 603, 604, 605, 606, 607, 608, 609, 610, 611, 612, 613, 614, 615, 616, 617, 618, 619, 620, 621, 622, 623, 624, 625, 626, 627, 628, 629, 630, 631, 632, 633, 634, 635, 636, 637, 638, 639, 640, 641, 642, 643, 644, 645, 646, 647, 648, 649, 650, 651, 652, 653, 654, 655, 656, 657, 658, 659, 660, 661, 662, 663, 664, 665, 666, 667, 668, 669, 670, 671, 672, 673, 674, 675, 676, 677, 678, 679, 680, 681, 682, 683, 684, 685, 686, 687, 688, 689, 690, 691, 692, 693, 694, 695, 696, 697, 698, 699, 700, 701, 702, 703, 704, 705, 706, 707, 708, 709, 710, 711, 712, 713, 714, 715, 716, 717, 718, 719, 720, 721, 722, 723, 724, 725, 726, 727, 728, 729, 730, 731, 732, 733, 734, 735, 736, 737, 738, 739, 740, 741, 742, 743, 744, 745, 746, 747, 748, 749, 750, 751, 752, 753, 754, 755, 756, 757, 758, 759, 760, 761, 762, 763, 764, 765, 766, 767, 768, 769, 770, 771, 772, 773, 774, 775, 776, 777, 778, 779, 780, 781, 782, 783, 784, 785, 786, 787, 788, 789, 790, 791, 792, 793]","[15, 91, 107, 110, 113, 123, 132, 136, 193, 216, 218, 252, 274, 275, 281, 286, 293, 302, 325, 326, 500, 562, 578, 580, 583, 594, 603, 607, 664, 686, 715, 733, 734, 740, 745, 752, 760, 783, 784]",[],"[452, 453, 899, 900]","[15, 58, 91, 103, 104, 105, 106, 107, 108, 109, 110, 111, 112, 113, 114, 115, 116, 117, 118, 119, 120, 121, 122, 123, 124, 125, 126, 127, 128, 129, 130, 131, 132, 133, 134, 135, 136, 137, 138, 139, 140, 141, 142, 143, 144, 145, 146, 147, 148, 149, 150, 151, 152, 153, 154, 155, 156, 157, 158, 159, 160, 161, 162, 163, 164, 165, 166, 167, 168, 169, 170, 171, 172, 173, 174, 175, 176, 177, 178, 179, 180, 181, 182, 183, 184, 185, 186, 187, 188, 189, 190, 191, 192, 193, 194, 195, 196, 197, 198, 199, 200, 201, 202, 203, 204, 205, 206, 207, 208, 209, 210, 211, 212, 213, 214, 215, 216, 217, 218, 219, 220, 221, 222, 223, 224, 225, 226, 227, 228, 229, 230, 231, 232, 233, 234, 235, 236, 237, 238, 239, 240, 241, 242, 243, 244, 245, 246, 247, 248, 249, 250, 251, 252, 253, 254, 255, 256, 257, 258, 259, 260, 261, 262, 263, 264, 265, 266, 267, 268, 269, 270, 271, 272, 273, 274, 275, 276, 277, 278, 279, 280, 281, 282, 283, 284, 285, 286, 287, 288, 289, 290, 291, 292, 293, 294, 295, 296, 297, 298, 299, 300, 301, 302, 303, 304, 305, 306, 307, 308, 309, 310, 311, 312, 313, 314, 315, 316, 317, 318, 319, 320, 321, 322, 323, 324, 325, 326, 327, 328, 329, 330, 331, 332, 333, 334, 335, 336, 337, 452, 453, 500, 562, 574, 575, 576, 577, 578, 579, 580, 581, 582, 583, 584, 585, 586, 587, 588, 589, 590, 591, 592, 593, 594, 595, 596, 597, 598, 599, 600, 601, 602, 603, 604, 605, 606, 607, 608, 609, 610, 611, 612, 613, 614, 615, 616, 617, 618, 619, 620, 621, 622, 623, 624, 625, 626, 627, 628, 629, 630, 631, 632, 633, 634, 635, 636, 637, 638, 639, 640, 641, 642, 643, 644, 645, 646, 647, 648, 649, 650, 651, 652, 653, 654, 655, 656, 657, 658, 659, 660, 661, 662, 663, 664, 665, 666, 667, 668, 669, 670, 671, 672, 673, 674, 675, 676, 677, 678, 679, 680, 681, 682, 683, 684, 685, 686, 687, 688, 689, 690, 691, 692, 693, 694, 695, 696, 697, 698, 699, 700, 701, 702, 703, 704, 705, 706, 707, 708, 709, 710, 711, 712, 713, 714, 715, 716, 717, 718, 719, 720, 721, 722, 723, 724, 725, 726, 727, 728, 729, 730, 731, 732, 733, 734, 735, 736, 737, 738, 739, 740, 741, 742, 743, 744, 745, 746, 747, 748, 749, 750, 751, 752, 753, 754, 755, 756, 757, 758, 759, 760, 761, 762, 763, 764, 765, 766, 767, 768, 769, 770, 771, 772, 773, 774, 775, 776, 777, 778, 779, 780, 781, 782, 783, 784, 785, 786, 787, 788, 789, 790, 791, 792, 793, 899, 900]",False,[],"[103, 104, 105, 106, 107, 108, 109, 110, 111, 112, 113, 114, 115, 116, 117, 118, 119, 120, 121, 122, 123, 124, 125, 126, 127, 128, 129, 130, 131, 132, 133, 134, 135, 136, 137, 138, 139, 140, 141, 142, 143, 144, 145, 146, 147, 148, 149, 150, 151, 152, 153, 154, 155, 156, 157, 158, 159, 160, 161, 162, 163, 164, 165, 166, 167, 168, 169, 170, 171, 172, 173, 174, 175, 176, 177, 178, 179, 180, 181, 182, 183, 184, 185, 186, 187, 188, 189, 190, 191, 192, 193, 194, 195, 196, 197, 198, 199, 200, 201, 202, 203, 204, 205, 206, 207, 208, 209, 210, 211, 212, 213, 214, 215, 216, 217, 218, 219, 220, 221, 222, 223, 224, 225, 226, 227, 228, 229, 230, 231, 232, 233, 234, 235, 236, 237, 238, 239, 240, 241, 242, 243, 244, 245, 246, 247, 248, 249, 250, 251, 252, 253, 254, 255, 256, 257, 258, 259, 260, 261, 262, 263, 264, 265, 266, 267, 268, 269, 270, 271, 272, 273, 274, 275, 276, 277, 278, 279, 280, 281, 282, 283, 284, 285, 286, 287, 288, 289, 290, 291, 292, 293, 294, 295, 296, 297, 298, 299, 300, 301, 302, 303, 304, 305, 306, 307, 308, 309, 310, 311, 312, 313, 314, 315, 316, 317, 318, 319, 320, 321, 322, 323, 324, 325, 326, 327, 328, 329, 330, 331, 332, 333, 334, 335, 336, 337, 574, 575, 576, 577, 578, 579, 580, 581, 582, 583, 584, 585, 586, 587, 588, 589, 590, 591, 592, 593, 594, 595, 596, 597, 598, 599, 600, 601, 602, 603, 604, 605, 606, 607, 608, 609, 610, 611, 612, 613, 614, 615, 616, 617, 618, 619, 620, 621, 622, 623, 624, 625, 626, 627, 628, 629, 630, 631, 632, 633, 634, 635, 636, 637, 638, 639, 640, 641, 642, 643, 644, 645, 646, 647, 648, 649, 650, 651, 652, 653, 654, 655, 656, 657, 658, 659, 660, 661, 662, 663, 664, 665, 666, 667, 668, 669, 670, 671, 672, 673, 674, 675, 676, 677, 678, 679, 680, 681, 682, 683, 684, 685, 686, 687, 688, 689, 690, 691, 692, 693, 694, 695, 696, 697, 698, 699, 700, 701, 702, 703, 704, 705, 706, 707, 708, 709, 710, 711, 712, 713, 714, 715, 716, 717, 718, 719, 720, 721, 722, 723, 724, 725, 726, 727, 728, 729, 730, 731, 732, 733, 734, 735, 736, 737, 738, 739, 740, 741, 742, 743, 744, 745, 746, 747, 748, 749, 750, 751, 752, 753, 754, 755, 756, 757, 758, 759, 760, 761, 762, 763, 764, 765, 766, 767, 768, 769, 770, 771, 772, 773, 774, 775, 776, 777, 778, 779, 780, 781, 782, 783, 784, 785, 786, 787, 788, 789, 790, 791, 792, 793]","[58, 181, 233, 236, 304, 652, 697, 700, 762]",[],"[15, 91, 107, 110, 113, 123, 132, 136, 193, 216, 218, 252, 274, 275, 281, 286, 293, 302, 325, 326, 500, 562, 578, 580, 583, 594, 603, 607, 664, 686, 715, 733, 734, 740, 745, 752, 760, 783, 784]","[452, 453, 899, 900]",[],4/6 successful match,False,[211],True,772,False,,0.796045197740113,True,Miller's Unocal ( 76 / Conoco US ) 395 ),Conoco
"Mojave , 93501 Speedway Travel Center",661-824-2800 16660 CA 14-58 ( N end ),MRS 24 M <U+2610> <U+2610> <U+2610>,Mojave,93501,Speedway Travel Center,661-824-2800,2008,Mojave,CA,Speedway,( N end ),16660 CA 14-58,Proper,,False,,False,CA 14-58,,,,,"[592, 121]","[121, 320, 592, 778]","[121, 320, 592, 778]",[],"[103, 104, 105, 106, 107, 108, 109, 110, 111, 112, 113, 114, 115, 116, 117, 118, 119, 120, 121, 122, 123, 124, 125, 126, 127, 128, 129, 130, 131, 132, 133, 134, 135, 136, 137, 138, 139, 140, 141, 142, 143, 144, 145, 146, 147, 148, 149, 150, 151, 152, 153, 154, 155, 156, 157, 158, 159, 160, 161, 162, 163, 164, 165, 166, 167, 168, 169, 170, 171, 172, 173, 174, 175, 176, 177, 178, 179, 180, 181, 182, 183, 184, 185, 186, 187, 188, 189, 190, 191, 192, 193, 194, 195, 196, 197, 198, 199, 200, 201, 202, 203, 204, 205, 206, 207, 208, 209, 210, 211, 212, 213, 214, 215, 216, 217, 218, 219, 220, 221, 222, 223, 224, 225, 226, 227, 228, 229, 230, 231, 232, 233, 234, 235, 236, 237, 238, 239, 240, 241, 242, 243, 244, 245, 246, 247, 248, 249, 250, 251, 252, 253, 254, 255, 256, 257, 258, 259, 260, 261, 262, 263, 264, 265, 266, 267, 268, 269, 270, 271, 272, 273, 274, 275, 276, 277, 278, 279, 280, 281, 282, 283, 284, 285, 286, 287, 288, 289, 290, 291, 292, 293, 294, 295, 296, 297, 298, 299, 300, 301, 302, 303, 304, 305, 306, 307, 308, 309, 310, 311, 312, 313, 314, 315, 316, 317, 318, 319, 320, 321, 322, 323, 324, 325, 326, 327, 328, 329, 330, 331, 332, 333, 334, 335, 336, 337, 574, 575, 576, 577, 578, 579, 580, 581, 582, 583, 584, 585, 586, 587, 588, 589, 590, 591, 592, 593, 594, 595, 596, 597, 598, 599, 600, 601, 602, 603, 604, 605, 606, 607, 608, 609, 610, 611, 612, 613, 614, 615, 616, 617, 618, 619, 620, 621, 622, 623, 624, 625, 626, 627, 628, 629, 630, 631, 632, 633, 634, 635, 636, 637, 638, 639, 640, 641, 642, 643, 644, 645, 646, 647, 648, 649, 650, 651, 652, 653, 654, 655, 656, 657, 658, 659, 660, 661, 662, 663, 664, 665, 666, 667, 668, 669, 670, 671, 672, 673, 674, 675, 676, 677, 678, 679, 680, 681, 682, 683, 684, 685, 686, 687, 688, 689, 690, 691, 692, 693, 694, 695, 696, 697, 698, 699, 700, 701, 702, 703, 704, 705, 706, 707, 708, 709, 710, 711, 712, 713, 714, 715, 716, 717, 718, 719, 720, 721, 722, 723, 724, 725, 726, 727, 728, 729, 730, 731, 732, 733, 734, 735, 736, 737, 738, 739, 740, 741, 742, 743, 744, 745, 746, 747, 748, 749, 750, 751, 752, 753, 754, 755, 756, 757, 758, 759, 760, 761, 762, 763, 764, 765, 766, 767, 768, 769, 770, 771, 772, 773, 774, 775, 776, 777, 778, 779, 780, 781, 782, 783, 784, 785, 786, 787, 788, 789, 790, 791, 792, 793]","[103, 104, 106, 117, 118, 120, 121, 127, 128, 129, 131, 133, 135, 136, 137, 139, 146, 147, 148, 149, 151, 158, 160, 162, 166, 173, 178, 179, 185, 190, 192, 198, 201, 203, 204, 206, 207, 212, 213, 214, 219, 223, 224, 225, 227, 230, 235, 237, 246, 247, 251, 256, 259, 262, 263, 266, 268, 269, 271, 272, 278, 279, 284, 285, 288, 290, 292, 304, 312, 316, 319, 320, 323, 324, 332, 574, 575, 588, 591, 592, 607, 608, 610, 618, 619, 620, 622, 632, 644, 649, 650, 656, 661, 663, 669, 674, 677, 683, 684, 687, 688, 689, 701, 710, 714, 723, 730, 731, 738, 747, 751, 762, 774, 778, 789]","[288, 289, 290, 291, 292, 747, 748, 749, 750, 751]","[89, 288, 289, 290, 291, 292, 293, 560, 747, 748, 749, 750, 751, 752]","[89, 103, 104, 105, 106, 107, 108, 109, 110, 111, 112, 113, 114, 115, 116, 117, 118, 119, 120, 121, 122, 123, 124, 125, 126, 127, 128, 129, 130, 131, 132, 133, 134, 135, 136, 137, 138, 139, 140, 141, 142, 143, 144, 145, 146, 147, 148, 149, 150, 151, 152, 153, 154, 155, 156, 157, 158, 159, 160, 161, 162, 163, 164, 165, 166, 167, 168, 169, 170, 171, 172, 173, 174, 175, 176, 177, 178, 179, 180, 181, 182, 183, 184, 185, 186, 187, 188, 189, 190, 191, 192, 193, 194, 195, 196, 197, 198, 199, 200, 201, 202, 203, 204, 205, 206, 207, 208, 209, 210, 211, 212, 213, 214, 215, 216, 217, 218, 219, 220, 221, 222, 223, 224, 225, 226, 227, 228, 229, 230, 231, 232, 233, 234, 235, 236, 237, 238, 239, 240, 241, 242, 243, 244, 245, 246, 247, 248, 249, 250, 251, 252, 253, 254, 255, 256, 257, 258, 259, 260, 261, 262, 263, 264, 265, 266, 267, 268, 269, 270, 271, 272, 273, 274, 275, 276, 277, 278, 279, 280, 281, 282, 283, 284, 285, 286, 287, 288, 289, 290, 291, 292, 293, 294, 295, 296, 297, 298, 299, 300, 301, 302, 303, 304, 305, 306, 307, 308, 309, 310, 311, 312, 313, 314, 315, 316, 317, 318, 319, 320, 321, 322, 323, 324, 325, 326, 327, 328, 329, 330, 331, 332, 333, 334, 335, 336, 337, 560, 574, 575, 576, 577, 578, 579, 580, 581, 582, 583, 584, 585, 586, 587, 588, 589, 590, 591, 592, 593, 594, 595, 596, 597, 598, 599, 600, 601, 602, 603, 604, 605, 606, 607, 608, 609, 610, 611, 612, 613, 614, 615, 616, 617, 618, 619, 620, 621, 622, 623, 624, 625, 626, 627, 628, 629, 630, 631, 632, 633, 634, 635, 636, 637, 638, 639, 640, 641, 642, 643, 644, 645, 646, 647, 648, 649, 650, 651, 652, 653, 654, 655, 656, 657, 658, 659, 660, 661, 662, 663, 664, 665, 666, 667, 668, 669, 670, 671, 672, 673, 674, 675, 676, 677, 678, 679, 680, 681, 682, 683, 684, 685, 686, 687, 688, 689, 690, 691, 692, 693, 694, 695, 696, 697, 698, 699, 700, 701, 702, 703, 704, 705, 706, 707, 708, 709, 710, 711, 712, 713, 714, 715, 716, 717, 718, 719, 720, 721, 722, 723, 724, 725, 726, 727, 728, 729, 730, 731, 732, 733, 734, 735, 736, 737, 738, 739, 740, 741, 742, 743, 744, 745, 746, 747, 748, 749, 750, 751, 752, 753, 754, 755, 756, 757, 758, 759, 760, 761, 762, 763, 764, 765, 766, 767, 768, 769, 770, 771, 772, 773, 774, 775, 776, 777, 778, 779, 780, 781, 782, 783, 784, 785, 786, 787, 788, 789, 790, 791, 792, 793]",True,"[121, 320, 592, 778]","[103, 104, 105, 106, 107, 108, 109, 110, 111, 112, 113, 114, 115, 116, 117, 118, 119, 120, 121, 122, 123, 124, 125, 126, 127, 128, 129, 130, 131, 132, 133, 134, 135, 136, 137, 138, 139, 140, 141, 142, 143, 144, 145, 146, 147, 148, 149, 150, 151, 152, 153, 154, 155, 156, 157, 158, 159, 160, 161, 162, 163, 164, 165, 166, 167, 168, 169, 170, 171, 172, 173, 174, 175, 176, 177, 178, 179, 180, 181, 182, 183, 184, 185, 186, 187, 188, 189, 190, 191, 192, 193, 194, 195, 196, 197, 198, 199, 200, 201, 202, 203, 204, 205, 206, 207, 208, 209, 210, 211, 212, 213, 214, 215, 216, 217, 218, 219, 220, 221, 222, 223, 224, 225, 226, 227, 228, 229, 230, 231, 232, 233, 234, 235, 236, 237, 238, 239, 240, 241, 242, 243, 244, 245, 246, 247, 248, 249, 250, 251, 252, 253, 254, 255, 256, 257, 258, 259, 260, 261, 262, 263, 264, 265, 266, 267, 268, 269, 270, 271, 272, 273, 274, 275, 276, 277, 278, 279, 280, 281, 282, 283, 284, 285, 286, 287, 288, 289, 290, 291, 292, 293, 294, 295, 296, 297, 298, 299, 300, 301, 302, 303, 304, 305, 306, 307, 308, 309, 310, 311, 312, 313, 314, 315, 316, 317, 318, 319, 320, 321, 322, 323, 324, 325, 326, 327, 328, 329, 330, 331, 332, 333, 334, 335, 336, 337, 574, 575, 576, 577, 578, 579, 580, 581, 582, 583, 584, 585, 586, 587, 588, 589, 590, 591, 592, 593, 594, 595, 596, 597, 598, 599, 600, 601, 602, 603, 604, 605, 606, 607, 608, 609, 610, 611, 612, 613, 614, 615, 616, 617, 618, 619, 620, 621, 622, 623, 624, 625, 626, 627, 628, 629, 630, 631, 632, 633, 634, 635, 636, 637, 638, 639, 640, 641, 642, 643, 644, 645, 646, 647, 648, 649, 650, 651, 652, 653, 654, 655, 656, 657, 658, 659, 660, 661, 662, 663, 664, 665, 666, 667, 668, 669, 670, 671, 672, 673, 674, 675, 676, 677, 678, 679, 680, 681, 682, 683, 684, 685, 686, 687, 688, 689, 690, 691, 692, 693, 694, 695, 696, 697, 698, 699, 700, 701, 702, 703, 704, 705, 706, 707, 708, 709, 710, 711, 712, 713, 714, 715, 716, 717, 718, 719, 720, 721, 722, 723, 724, 725, 726, 727, 728, 729, 730, 731, 732, 733, 734, 735, 736, 737, 738, 739, 740, 741, 742, 743, 744, 745, 746, 747, 748, 749, 750, 751, 752, 753, 754, 755, 756, 757, 758, 759, 760, 761, 762, 763, 764, 765, 766, 767, 768, 769, 770, 771, 772, 773, 774, 775, 776, 777, 778, 779, 780, 781, 782, 783, 784, 785, 786, 787, 788, 789, 790, 791, 792, 793]","[121, 320, 592, 778]",[],"[103, 104, 106, 117, 118, 120, 121, 127, 128, 129, 131, 133, 135, 136, 137, 139, 146, 147, 148, 149, 151, 158, 160, 162, 166, 173, 178, 179, 185, 190, 192, 198, 201, 203, 204, 206, 207, 212, 213, 214, 219, 223, 224, 225, 227, 230, 235, 237, 246, 247, 251, 256, 259, 262, 263, 266, 268, 269, 271, 272, 278, 279, 284, 285, 288, 290, 292, 304, 312, 316, 319, 320, 323, 324, 332, 574, 575, 588, 591, 592, 607, 608, 610, 618, 619, 620, 622, 632, 644, 649, 650, 656, 661, 663, 669, 674, 677, 683, 684, 687, 688, 689, 701, 710, 714, 723, 730, 731, 738, 747, 751, 762, 774, 778, 789]","[89, 288, 289, 290, 291, 292, 293, 560, 747, 748, 749, 750, 751, 752]","[288, 289, 290, 291, 292, 747, 748, 749, 750, 751]",5/6 successful match,True,[522],True,773,False,,,,,
Mojave ( 93501 ) Speedway Travel Center,661-824-2800 16660 CA 14-58 ( N end ),2.4 MOO <U+2610>,Mojave,93501,Speedway Travel Center,661-824-2800,2014,Mojave,CA,Speedway,( N end ),16660 CA 14-58,Proper,,False,,False,CA 14-58,,,,,"[592, 121]","[121, 320, 592, 778]","[121, 320, 592, 778]",[],"[103, 104, 105, 106, 107, 108, 109, 110, 111, 112, 113, 114, 115, 116, 117, 118, 119, 120, 121, 122, 123, 124, 125, 126, 127, 128, 129, 130, 131, 132, 133, 134, 135, 136, 137, 138, 139, 140, 141, 142, 143, 144, 145, 146, 147, 148, 149, 150, 151, 152, 153, 154, 155, 156, 157, 158, 159, 160, 161, 162, 163, 164, 165, 166, 167, 168, 169, 170, 171, 172, 173, 174, 175, 176, 177, 178, 179, 180, 181, 182, 183, 184, 185, 186, 187, 188, 189, 190, 191, 192, 193, 194, 195, 196, 197, 198, 199, 200, 201, 202, 203, 204, 205, 206, 207, 208, 209, 210, 211, 212, 213, 214, 215, 216, 217, 218, 219, 220, 221, 222, 223, 224, 225, 226, 227, 228, 229, 230, 231, 232, 233, 234, 235, 236, 237, 238, 239, 240, 241, 242, 243, 244, 245, 246, 247, 248, 249, 250, 251, 252, 253, 254, 255, 256, 257, 258, 259, 260, 261, 262, 263, 264, 265, 266, 267, 268, 269, 270, 271, 272, 273, 274, 275, 276, 277, 278, 279, 280, 281, 282, 283, 284, 285, 286, 287, 288, 289, 290, 291, 292, 293, 294, 295, 296, 297, 298, 299, 300, 301, 302, 303, 304, 305, 306, 307, 308, 309, 310, 311, 312, 313, 314, 315, 316, 317, 318, 319, 320, 321, 322, 323, 324, 325, 326, 327, 328, 329, 330, 331, 332, 333, 334, 335, 336, 337, 574, 575, 576, 577, 578, 579, 580, 581, 582, 583, 584, 585, 586, 587, 588, 589, 590, 591, 592, 593, 594, 595, 596, 597, 598, 599, 600, 601, 602, 603, 604, 605, 606, 607, 608, 609, 610, 611, 612, 613, 614, 615, 616, 617, 618, 619, 620, 621, 622, 623, 624, 625, 626, 627, 628, 629, 630, 631, 632, 633, 634, 635, 636, 637, 638, 639, 640, 641, 642, 643, 644, 645, 646, 647, 648, 649, 650, 651, 652, 653, 654, 655, 656, 657, 658, 659, 660, 661, 662, 663, 664, 665, 666, 667, 668, 669, 670, 671, 672, 673, 674, 675, 676, 677, 678, 679, 680, 681, 682, 683, 684, 685, 686, 687, 688, 689, 690, 691, 692, 693, 694, 695, 696, 697, 698, 699, 700, 701, 702, 703, 704, 705, 706, 707, 708, 709, 710, 711, 712, 713, 714, 715, 716, 717, 718, 719, 720, 721, 722, 723, 724, 725, 726, 727, 728, 729, 730, 731, 732, 733, 734, 735, 736, 737, 738, 739, 740, 741, 742, 743, 744, 745, 746, 747, 748, 749, 750, 751, 752, 753, 754, 755, 756, 757, 758, 759, 760, 761, 762, 763, 764, 765, 766, 767, 768, 769, 770, 771, 772, 773, 774, 775, 776, 777, 778, 779, 780, 781, 782, 783, 784, 785, 786, 787, 788, 789, 790, 791, 792, 793]","[103, 104, 106, 117, 118, 120, 121, 127, 128, 129, 131, 133, 135, 136, 137, 139, 146, 147, 148, 149, 151, 158, 160, 162, 166, 173, 178, 179, 185, 190, 192, 198, 201, 203, 204, 206, 207, 212, 213, 214, 219, 223, 224, 225, 227, 230, 235, 237, 246, 247, 251, 256, 259, 262, 263, 266, 268, 269, 271, 272, 278, 279, 284, 285, 288, 290, 292, 304, 312, 316, 319, 320, 323, 324, 332, 574, 575, 588, 591, 592, 607, 608, 610, 618, 619, 620, 622, 632, 644, 649, 650, 656, 661, 663, 669, 674, 677, 683, 684, 687, 688, 689, 701, 710, 714, 723, 730, 731, 738, 747, 751, 762, 774, 778, 789]","[288, 289, 290, 291, 292, 747, 748, 749, 750, 751]","[89, 288, 289, 290, 291, 292, 293, 560, 747, 748, 749, 750, 751, 752]","[89, 103, 104, 105, 106, 107, 108, 109, 110, 111, 112, 113, 114, 115, 116, 117, 118, 119, 120, 121, 122, 123, 124, 125, 126, 127, 128, 129, 130, 131, 132, 133, 134, 135, 136, 137, 138, 139, 140, 141, 142, 143, 144, 145, 146, 147, 148, 149, 150, 151, 152, 153, 154, 155, 156, 157, 158, 159, 160, 161, 162, 163, 164, 165, 166, 167, 168, 169, 170, 171, 172, 173, 174, 175, 176, 177, 178, 179, 180, 181, 182, 183, 184, 185, 186, 187, 188, 189, 190, 191, 192, 193, 194, 195, 196, 197, 198, 199, 200, 201, 202, 203, 204, 205, 206, 207, 208, 209, 210, 211, 212, 213, 214, 215, 216, 217, 218, 219, 220, 221, 222, 223, 224, 225, 226, 227, 228, 229, 230, 231, 232, 233, 234, 235, 236, 237, 238, 239, 240, 241, 242, 243, 244, 245, 246, 247, 248, 249, 250, 251, 252, 253, 254, 255, 256, 257, 258, 259, 260, 261, 262, 263, 264, 265, 266, 267, 268, 269, 270, 271, 272, 273, 274, 275, 276, 277, 278, 279, 280, 281, 282, 283, 284, 285, 286, 287, 288, 289, 290, 291, 292, 293, 294, 295, 296, 297, 298, 299, 300, 301, 302, 303, 304, 305, 306, 307, 308, 309, 310, 311, 312, 313, 314, 315, 316, 317, 318, 319, 320, 321, 322, 323, 324, 325, 326, 327, 328, 329, 330, 331, 332, 333, 334, 335, 336, 337, 560, 574, 575, 576, 577, 578, 579, 580, 581, 582, 583, 584, 585, 586, 587, 588, 589, 590, 591, 592, 593, 594, 595, 596, 597, 598, 599, 600, 601, 602, 603, 604, 605, 606, 607, 608, 609, 610, 611, 612, 613, 614, 615, 616, 617, 618, 619, 620, 621, 622, 623, 624, 625, 626, 627, 628, 629, 630, 631, 632, 633, 634, 635, 636, 637, 638, 639, 640, 641, 642, 643, 644, 645, 646, 647, 648, 649, 650, 651, 652, 653, 654, 655, 656, 657, 658, 659, 660, 661, 662, 663, 664, 665, 666, 667, 668, 669, 670, 671, 672, 673, 674, 675, 676, 677, 678, 679, 680, 681, 682, 683, 684, 685, 686, 687, 688, 689, 690, 691, 692, 693, 694, 695, 696, 697, 698, 699, 700, 701, 702, 703, 704, 705, 706, 707, 708, 709, 710, 711, 712, 713, 714, 715, 716, 717, 718, 719, 720, 721, 722, 723, 724, 725, 726, 727, 728, 729, 730, 731, 732, 733, 734, 735, 736, 737, 738, 739, 740, 741, 742, 743, 744, 745, 746, 747, 748, 749, 750, 751, 752, 753, 754, 755, 756, 757, 758, 759, 760, 761, 762, 763, 764, 765, 766, 767, 768, 769, 770, 771, 772, 773, 774, 775, 776, 777, 778, 779, 780, 781, 782, 783, 784, 785, 786, 787, 788, 789, 790, 791, 792, 793]",True,"[121, 320, 592, 778]","[103, 104, 105, 106, 107, 108, 109, 110, 111, 112, 113, 114, 115, 116, 117, 118, 119, 120, 121, 122, 123, 124, 125, 126, 127, 128, 129, 130, 131, 132, 133, 134, 135, 136, 137, 138, 139, 140, 141, 142, 143, 144, 145, 146, 147, 148, 149, 150, 151, 152, 153, 154, 155, 156, 157, 158, 159, 160, 161, 162, 163, 164, 165, 166, 167, 168, 169, 170, 171, 172, 173, 174, 175, 176, 177, 178, 179, 180, 181, 182, 183, 184, 185, 186, 187, 188, 189, 190, 191, 192, 193, 194, 195, 196, 197, 198, 199, 200, 201, 202, 203, 204, 205, 206, 207, 208, 209, 210, 211, 212, 213, 214, 215, 216, 217, 218, 219, 220, 221, 222, 223, 224, 225, 226, 227, 228, 229, 230, 231, 232, 233, 234, 235, 236, 237, 238, 239, 240, 241, 242, 243, 244, 245, 246, 247, 248, 249, 250, 251, 252, 253, 254, 255, 256, 257, 258, 259, 260, 261, 262, 263, 264, 265, 266, 267, 268, 269, 270, 271, 272, 273, 274, 275, 276, 277, 278, 279, 280, 281, 282, 283, 284, 285, 286, 287, 288, 289, 290, 291, 292, 293, 294, 295, 296, 297, 298, 299, 300, 301, 302, 303, 304, 305, 306, 307, 308, 309, 310, 311, 312, 313, 314, 315, 316, 317, 318, 319, 320, 321, 322, 323, 324, 325, 326, 327, 328, 329, 330, 331, 332, 333, 334, 335, 336, 337, 574, 575, 576, 577, 578, 579, 580, 581, 582, 583, 584, 585, 586, 587, 588, 589, 590, 591, 592, 593, 594, 595, 596, 597, 598, 599, 600, 601, 602, 603, 604, 605, 606, 607, 608, 609, 610, 611, 612, 613, 614, 615, 616, 617, 618, 619, 620, 621, 622, 623, 624, 625, 626, 627, 628, 629, 630, 631, 632, 633, 634, 635, 636, 637, 638, 639, 640, 641, 642, 643, 644, 645, 646, 647, 648, 649, 650, 651, 652, 653, 654, 655, 656, 657, 658, 659, 660, 661, 662, 663, 664, 665, 666, 667, 668, 669, 670, 671, 672, 673, 674, 675, 676, 677, 678, 679, 680, 681, 682, 683, 684, 685, 686, 687, 688, 689, 690, 691, 692, 693, 694, 695, 696, 697, 698, 699, 700, 701, 702, 703, 704, 705, 706, 707, 708, 709, 710, 711, 712, 713, 714, 715, 716, 717, 718, 719, 720, 721, 722, 723, 724, 725, 726, 727, 728, 729, 730, 731, 732, 733, 734, 735, 736, 737, 738, 739, 740, 741, 742, 743, 744, 745, 746, 747, 748, 749, 750, 751, 752, 753, 754, 755, 756, 757, 758, 759, 760, 761, 762, 763, 764, 765, 766, 767, 768, 769, 770, 771, 772, 773, 774, 775, 776, 777, 778, 779, 780, 781, 782, 783, 784, 785, 786, 787, 788, 789, 790, 791, 792, 793]","[121, 320, 592, 778]",[],"[103, 104, 106, 117, 118, 120, 121, 127, 128, 129, 131, 133, 135, 136, 137, 139, 146, 147, 148, 149, 151, 158, 160, 162, 166, 173, 178, 179, 185, 190, 192, 198, 201, 203, 204, 206, 207, 212, 213, 214, 219, 223, 224, 225, 227, 230, 235, 237, 246, 247, 251, 256, 259, 262, 263, 266, 268, 269, 271, 272, 278, 279, 284, 285, 288, 290, 292, 304, 312, 316, 319, 320, 323, 324, 332, 574, 575, 588, 591, 592, 607, 608, 610, 618, 619, 620, 622, 632, 644, 649, 650, 656, 661, 663, 669, 674, 677, 683, 684, 687, 688, 689, 701, 710, 714, 723, 730, 731, 738, 747, 751, 762, 774, 778, 789]","[89, 288, 289, 290, 291, 292, 293, 560, 747, 748, 749, 750, 751, 752]","[288, 289, 290, 291, 292, 747, 748, 749, 750, 751]",5/6 successful match,True,[522],True,773,False,,1.0,True,Speedway Travel Center,Speedway
Mojave ( 93501 ) Speedway CA 99 Exit Travel 223 ( Hatch Center Rd W - S 7th ),661-824-2800 16660 CA 14-58 ( N,MO D,Mojave,93501,Speedway CA 99 Exit Travel 223 ( Hatch Center Rd W - S 7th ),661-824-2800,2015,Mojave,CA,Speedway,( N,16660 CA 14-58,Proper,,False,,False,CA 14-58,,,,,"[592, 121]","[121, 320, 592, 778]","[121, 320, 592, 778]",[],"[103, 104, 105, 106, 107, 108, 109, 110, 111, 112, 113, 114, 115, 116, 117, 118, 119, 120, 121, 122, 123, 124, 125, 126, 127, 128, 129, 130, 131, 132, 133, 134, 135, 136, 137, 138, 139, 140, 141, 142, 143, 144, 145, 146, 147, 148, 149, 150, 151, 152, 153, 154, 155, 156, 157, 158, 159, 160, 161, 162, 163, 164, 165, 166, 167, 168, 169, 170, 171, 172, 173, 174, 175, 176, 177, 178, 179, 180, 181, 182, 183, 184, 185, 186, 187, 188, 189, 190, 191, 192, 193, 194, 195, 196, 197, 198, 199, 200, 201, 202, 203, 204, 205, 206, 207, 208, 209, 210, 211, 212, 213, 214, 215, 216, 217, 218, 219, 220, 221, 222, 223, 224, 225, 226, 227, 228, 229, 230, 231, 232, 233, 234, 235, 236, 237, 238, 239, 240, 241, 242, 243, 244, 245, 246, 247, 248, 249, 250, 251, 252, 253, 254, 255, 256, 257, 258, 259, 260, 261, 262, 263, 264, 265, 266, 267, 268, 269, 270, 271, 272, 273, 274, 275, 276, 277, 278, 279, 280, 281, 282, 283, 284, 285, 286, 287, 288, 289, 290, 291, 292, 293, 294, 295, 296, 297, 298, 299, 300, 301, 302, 303, 304, 305, 306, 307, 308, 309, 310, 311, 312, 313, 314, 315, 316, 317, 318, 319, 320, 321, 322, 323, 324, 325, 326, 327, 328, 329, 330, 331, 332, 333, 334, 335, 336, 337, 574, 575, 576, 577, 578, 579, 580, 581, 582, 583, 584, 585, 586, 587, 588, 589, 590, 591, 592, 593, 594, 595, 596, 597, 598, 599, 600, 601, 602, 603, 604, 605, 606, 607, 608, 609, 610, 611, 612, 613, 614, 615, 616, 617, 618, 619, 620, 621, 622, 623, 624, 625, 626, 627, 628, 629, 630, 631, 632, 633, 634, 635, 636, 637, 638, 639, 640, 641, 642, 643, 644, 645, 646, 647, 648, 649, 650, 651, 652, 653, 654, 655, 656, 657, 658, 659, 660, 661, 662, 663, 664, 665, 666, 667, 668, 669, 670, 671, 672, 673, 674, 675, 676, 677, 678, 679, 680, 681, 682, 683, 684, 685, 686, 687, 688, 689, 690, 691, 692, 693, 694, 695, 696, 697, 698, 699, 700, 701, 702, 703, 704, 705, 706, 707, 708, 709, 710, 711, 712, 713, 714, 715, 716, 717, 718, 719, 720, 721, 722, 723, 724, 725, 726, 727, 728, 729, 730, 731, 732, 733, 734, 735, 736, 737, 738, 739, 740, 741, 742, 743, 744, 745, 746, 747, 748, 749, 750, 751, 752, 753, 754, 755, 756, 757, 758, 759, 760, 761, 762, 763, 764, 765, 766, 767, 768, 769, 770, 771, 772, 773, 774, 775, 776, 777, 778, 779, 780, 781, 782, 783, 784, 785, 786, 787, 788, 789, 790, 791, 792, 793]","[103, 104, 106, 117, 118, 120, 121, 127, 128, 129, 131, 133, 135, 136, 137, 139, 146, 147, 148, 149, 151, 158, 160, 162, 166, 173, 178, 179, 185, 190, 192, 198, 201, 203, 204, 206, 207, 212, 213, 214, 219, 223, 224, 225, 227, 230, 235, 237, 246, 247, 251, 256, 259, 262, 263, 266, 268, 269, 271, 272, 278, 279, 284, 285, 288, 290, 292, 304, 312, 316, 319, 320, 323, 324, 332, 574, 575, 588, 591, 592, 607, 608, 610, 618, 619, 620, 622, 632, 644, 649, 650, 656, 661, 663, 669, 674, 677, 683, 684, 687, 688, 689, 701, 710, 714, 723, 730, 731, 738, 747, 751, 762, 774, 778, 789]","[288, 289, 290, 291, 292, 747, 748, 749, 750, 751]","[89, 185, 203, 288, 289, 290, 291, 292, 293, 560, 656, 673, 747, 748, 749, 750, 751, 752]","[89, 103, 104, 105, 106, 107, 108, 109, 110, 111, 112, 113, 114, 115, 116, 117, 118, 119, 120, 121, 122, 123, 124, 125, 126, 127, 128, 129, 130, 131, 132, 133, 134, 135, 136, 137, 138, 139, 140, 141, 142, 143, 144, 145, 146, 147, 148, 149, 150, 151, 152, 153, 154, 155, 156, 157, 158, 159, 160, 161, 162, 163, 164, 165, 166, 167, 168, 169, 170, 171, 172, 173, 174, 175, 176, 177, 178, 179, 180, 181, 182, 183, 184, 185, 186, 187, 188, 189, 190, 191, 192, 193, 194, 195, 196, 197, 198, 199, 200, 201, 202, 203, 204, 205, 206, 207, 208, 209, 210, 211, 212, 213, 214, 215, 216, 217, 218, 219, 220, 221, 222, 223, 224, 225, 226, 227, 228, 229, 230, 231, 232, 233, 234, 235, 236, 237, 238, 239, 240, 241, 242, 243, 244, 245, 246, 247, 248, 249, 250, 251, 252, 253, 254, 255, 256, 257, 258, 259, 260, 261, 262, 263, 264, 265, 266, 267, 268, 269, 270, 271, 272, 273, 274, 275, 276, 277, 278, 279, 280, 281, 282, 283, 284, 285, 286, 287, 288, 289, 290, 291, 292, 293, 294, 295, 296, 297, 298, 299, 300, 301, 302, 303, 304, 305, 306, 307, 308, 309, 310, 311, 312, 313, 314, 315, 316, 317, 318, 319, 320, 321, 322, 323, 324, 325, 326, 327, 328, 329, 330, 331, 332, 333, 334, 335, 336, 337, 560, 574, 575, 576, 577, 578, 579, 580, 581, 582, 583, 584, 585, 586, 587, 588, 589, 590, 591, 592, 593, 594, 595, 596, 597, 598, 599, 600, 601, 602, 603, 604, 605, 606, 607, 608, 609, 610, 611, 612, 613, 614, 615, 616, 617, 618, 619, 620, 621, 622, 623, 624, 625, 626, 627, 628, 629, 630, 631, 632, 633, 634, 635, 636, 637, 638, 639, 640, 641, 642, 643, 644, 645, 646, 647, 648, 649, 650, 651, 652, 653, 654, 655, 656, 657, 658, 659, 660, 661, 662, 663, 664, 665, 666, 667, 668, 669, 670, 671, 672, 673, 674, 675, 676, 677, 678, 679, 680, 681, 682, 683, 684, 685, 686, 687, 688, 689, 690, 691, 692, 693, 694, 695, 696, 697, 698, 699, 700, 701, 702, 703, 704, 705, 706, 707, 708, 709, 710, 711, 712, 713, 714, 715, 716, 717, 718, 719, 720, 721, 722, 723, 724, 725, 726, 727, 728, 729, 730, 731, 732, 733, 734, 735, 736, 737, 738, 739, 740, 741, 742, 743, 744, 745, 746, 747, 748, 749, 750, 751, 752, 753, 754, 755, 756, 757, 758, 759, 760, 761, 762, 763, 764, 765, 766, 767, 768, 769, 770, 771, 772, 773, 774, 775, 776, 777, 778, 779, 780, 781, 782, 783, 784, 785, 786, 787, 788, 789, 790, 791, 792, 793]",True,"[121, 320, 592, 778]","[103, 104, 105, 106, 107, 108, 109, 110, 111, 112, 113, 114, 115, 116, 117, 118, 119, 120, 121, 122, 123, 124, 125, 126, 127, 128, 129, 130, 131, 132, 133, 134, 135, 136, 137, 138, 139, 140, 141, 142, 143, 144, 145, 146, 147, 148, 149, 150, 151, 152, 153, 154, 155, 156, 157, 158, 159, 160, 161, 162, 163, 164, 165, 166, 167, 168, 169, 170, 171, 172, 173, 174, 175, 176, 177, 178, 179, 180, 181, 182, 183, 184, 185, 186, 187, 188, 189, 190, 191, 192, 193, 194, 195, 196, 197, 198, 199, 200, 201, 202, 203, 204, 205, 206, 207, 208, 209, 210, 211, 212, 213, 214, 215, 216, 217, 218, 219, 220, 221, 222, 223, 224, 225, 226, 227, 228, 229, 230, 231, 232, 233, 234, 235, 236, 237, 238, 239, 240, 241, 242, 243, 244, 245, 246, 247, 248, 249, 250, 251, 252, 253, 254, 255, 256, 257, 258, 259, 260, 261, 262, 263, 264, 265, 266, 267, 268, 269, 270, 271, 272, 273, 274, 275, 276, 277, 278, 279, 280, 281, 282, 283, 284, 285, 286, 287, 288, 289, 290, 291, 292, 293, 294, 295, 296, 297, 298, 299, 300, 301, 302, 303, 304, 305, 306, 307, 308, 309, 310, 311, 312, 313, 314, 315, 316, 317, 318, 319, 320, 321, 322, 323, 324, 325, 326, 327, 328, 329, 330, 331, 332, 333, 334, 335, 336, 337, 574, 575, 576, 577, 578, 579, 580, 581, 582, 583, 584, 585, 586, 587, 588, 589, 590, 591, 592, 593, 594, 595, 596, 597, 598, 599, 600, 601, 602, 603, 604, 605, 606, 607, 608, 609, 610, 611, 612, 613, 614, 615, 616, 617, 618, 619, 620, 621, 622, 623, 624, 625, 626, 627, 628, 629, 630, 631, 632, 633, 634, 635, 636, 637, 638, 639, 640, 641, 642, 643, 644, 645, 646, 647, 648, 649, 650, 651, 652, 653, 654, 655, 656, 657, 658, 659, 660, 661, 662, 663, 664, 665, 666, 667, 668, 669, 670, 671, 672, 673, 674, 675, 676, 677, 678, 679, 680, 681, 682, 683, 684, 685, 686, 687, 688, 689, 690, 691, 692, 693, 694, 695, 696, 697, 698, 699, 700, 701, 702, 703, 704, 705, 706, 707, 708, 709, 710, 711, 712, 713, 714, 715, 716, 717, 718, 719, 720, 721, 722, 723, 724, 725, 726, 727, 728, 729, 730, 731, 732, 733, 734, 735, 736, 737, 738, 739, 740, 741, 742, 743, 744, 745, 746, 747, 748, 749, 750, 751, 752, 753, 754, 755, 756, 757, 758, 759, 760, 761, 762, 763, 764, 765, 766, 767, 768, 769, 770, 771, 772, 773, 774, 775, 776, 777, 778, 779, 780, 781, 782, 783, 784, 785, 786, 787, 788, 789, 790, 791, 792, 793]","[121, 320, 592, 778]",[],"[103, 104, 106, 117, 118, 120, 121, 127, 128, 129, 131, 133, 135, 136, 137, 139, 146, 147, 148, 149, 151, 158, 160, 162, 166, 173, 178, 179, 185, 190, 192, 198, 201, 203, 204, 206, 207, 212, 213, 214, 219, 223, 224, 225, 227, 230, 235, 237, 246, 247, 251, 256, 259, 262, 263, 266, 268, 269, 271, 272, 278, 279, 284, 285, 288, 290, 292, 304, 312, 316, 319, 320, 323, 324, 332, 574, 575, 588, 591, 592, 607, 608, 610, 618, 619, 620, 622, 632, 644, 649, 650, 656, 661, 663, 669, 674, 677, 683, 684, 687, 688, 689, 701, 710, 714, 723, 730, 731, 738, 747, 751, 762, 774, 778, 789]","[89, 185, 203, 288, 289, 290, 291, 292, 293, 560, 656, 673, 747, 748, 749, 750, 751, 752]","[288, 289, 290, 291, 292, 747, 748, 749, 750, 751]",5/6 successful match,True,[522],True,773,False,,0.7943089430894309,True,Speedway Travel Center,Speedway
Mojave ( 93501 ) Speedway Travel Center,661-824-2800 16660 CA 14-58 ( N end ),24 <U+2610> <U+2610> MO,Mojave,93501,Speedway Travel Center,661-824-2800,2016,Mojave,CA,Speedway,( N end ),16660 CA 14-58,Proper,,False,,False,CA 14-58,,,,,"[592, 121]","[121, 320, 592, 778]","[121, 320, 592, 778]",[],"[103, 104, 105, 106, 107, 108, 109, 110, 111, 112, 113, 114, 115, 116, 117, 118, 119, 120, 121, 122, 123, 124, 125, 126, 127, 128, 129, 130, 131, 132, 133, 134, 135, 136, 137, 138, 139, 140, 141, 142, 143, 144, 145, 146, 147, 148, 149, 150, 151, 152, 153, 154, 155, 156, 157, 158, 159, 160, 161, 162, 163, 164, 165, 166, 167, 168, 169, 170, 171, 172, 173, 174, 175, 176, 177, 178, 179, 180, 181, 182, 183, 184, 185, 186, 187, 188, 189, 190, 191, 192, 193, 194, 195, 196, 197, 198, 199, 200, 201, 202, 203, 204, 205, 206, 207, 208, 209, 210, 211, 212, 213, 214, 215, 216, 217, 218, 219, 220, 221, 222, 223, 224, 225, 226, 227, 228, 229, 230, 231, 232, 233, 234, 235, 236, 237, 238, 239, 240, 241, 242, 243, 244, 245, 246, 247, 248, 249, 250, 251, 252, 253, 254, 255, 256, 257, 258, 259, 260, 261, 262, 263, 264, 265, 266, 267, 268, 269, 270, 271, 272, 273, 274, 275, 276, 277, 278, 279, 280, 281, 282, 283, 284, 285, 286, 287, 288, 289, 290, 291, 292, 293, 294, 295, 296, 297, 298, 299, 300, 301, 302, 303, 304, 305, 306, 307, 308, 309, 310, 311, 312, 313, 314, 315, 316, 317, 318, 319, 320, 321, 322, 323, 324, 325, 326, 327, 328, 329, 330, 331, 332, 333, 334, 335, 336, 337, 574, 575, 576, 577, 578, 579, 580, 581, 582, 583, 584, 585, 586, 587, 588, 589, 590, 591, 592, 593, 594, 595, 596, 597, 598, 599, 600, 601, 602, 603, 604, 605, 606, 607, 608, 609, 610, 611, 612, 613, 614, 615, 616, 617, 618, 619, 620, 621, 622, 623, 624, 625, 626, 627, 628, 629, 630, 631, 632, 633, 634, 635, 636, 637, 638, 639, 640, 641, 642, 643, 644, 645, 646, 647, 648, 649, 650, 651, 652, 653, 654, 655, 656, 657, 658, 659, 660, 661, 662, 663, 664, 665, 666, 667, 668, 669, 670, 671, 672, 673, 674, 675, 676, 677, 678, 679, 680, 681, 682, 683, 684, 685, 686, 687, 688, 689, 690, 691, 692, 693, 694, 695, 696, 697, 698, 699, 700, 701, 702, 703, 704, 705, 706, 707, 708, 709, 710, 711, 712, 713, 714, 715, 716, 717, 718, 719, 720, 721, 722, 723, 724, 725, 726, 727, 728, 729, 730, 731, 732, 733, 734, 735, 736, 737, 738, 739, 740, 741, 742, 743, 744, 745, 746, 747, 748, 749, 750, 751, 752, 753, 754, 755, 756, 757, 758, 759, 760, 761, 762, 763, 764, 765, 766, 767, 768, 769, 770, 771, 772, 773, 774, 775, 776, 777, 778, 779, 780, 781, 782, 783, 784, 785, 786, 787, 788, 789, 790, 791, 792, 793]","[103, 104, 106, 117, 118, 120, 121, 127, 128, 129, 131, 133, 135, 136, 137, 139, 146, 147, 148, 149, 151, 158, 160, 162, 166, 173, 178, 179, 185, 190, 192, 198, 201, 203, 204, 206, 207, 212, 213, 214, 219, 223, 224, 225, 227, 230, 235, 237, 246, 247, 251, 256, 259, 262, 263, 266, 268, 269, 271, 272, 278, 279, 284, 285, 288, 290, 292, 304, 312, 316, 319, 320, 323, 324, 332, 574, 575, 588, 591, 592, 607, 608, 610, 618, 619, 620, 622, 632, 644, 649, 650, 656, 661, 663, 669, 674, 677, 683, 684, 687, 688, 689, 701, 710, 714, 723, 730, 731, 738, 747, 751, 762, 774, 778, 789]","[288, 289, 290, 291, 292, 747, 748, 749, 750, 751]","[89, 288, 289, 290, 291, 292, 293, 560, 747, 748, 749, 750, 751, 752]","[89, 103, 104, 105, 106, 107, 108, 109, 110, 111, 112, 113, 114, 115, 116, 117, 118, 119, 120, 121, 122, 123, 124, 125, 126, 127, 128, 129, 130, 131, 132, 133, 134, 135, 136, 137, 138, 139, 140, 141, 142, 143, 144, 145, 146, 147, 148, 149, 150, 151, 152, 153, 154, 155, 156, 157, 158, 159, 160, 161, 162, 163, 164, 165, 166, 167, 168, 169, 170, 171, 172, 173, 174, 175, 176, 177, 178, 179, 180, 181, 182, 183, 184, 185, 186, 187, 188, 189, 190, 191, 192, 193, 194, 195, 196, 197, 198, 199, 200, 201, 202, 203, 204, 205, 206, 207, 208, 209, 210, 211, 212, 213, 214, 215, 216, 217, 218, 219, 220, 221, 222, 223, 224, 225, 226, 227, 228, 229, 230, 231, 232, 233, 234, 235, 236, 237, 238, 239, 240, 241, 242, 243, 244, 245, 246, 247, 248, 249, 250, 251, 252, 253, 254, 255, 256, 257, 258, 259, 260, 261, 262, 263, 264, 265, 266, 267, 268, 269, 270, 271, 272, 273, 274, 275, 276, 277, 278, 279, 280, 281, 282, 283, 284, 285, 286, 287, 288, 289, 290, 291, 292, 293, 294, 295, 296, 297, 298, 299, 300, 301, 302, 303, 304, 305, 306, 307, 308, 309, 310, 311, 312, 313, 314, 315, 316, 317, 318, 319, 320, 321, 322, 323, 324, 325, 326, 327, 328, 329, 330, 331, 332, 333, 334, 335, 336, 337, 560, 574, 575, 576, 577, 578, 579, 580, 581, 582, 583, 584, 585, 586, 587, 588, 589, 590, 591, 592, 593, 594, 595, 596, 597, 598, 599, 600, 601, 602, 603, 604, 605, 606, 607, 608, 609, 610, 611, 612, 613, 614, 615, 616, 617, 618, 619, 620, 621, 622, 623, 624, 625, 626, 627, 628, 629, 630, 631, 632, 633, 634, 635, 636, 637, 638, 639, 640, 641, 642, 643, 644, 645, 646, 647, 648, 649, 650, 651, 652, 653, 654, 655, 656, 657, 658, 659, 660, 661, 662, 663, 664, 665, 666, 667, 668, 669, 670, 671, 672, 673, 674, 675, 676, 677, 678, 679, 680, 681, 682, 683, 684, 685, 686, 687, 688, 689, 690, 691, 692, 693, 694, 695, 696, 697, 698, 699, 700, 701, 702, 703, 704, 705, 706, 707, 708, 709, 710, 711, 712, 713, 714, 715, 716, 717, 718, 719, 720, 721, 722, 723, 724, 725, 726, 727, 728, 729, 730, 731, 732, 733, 734, 735, 736, 737, 738, 739, 740, 741, 742, 743, 744, 745, 746, 747, 748, 749, 750, 751, 752, 753, 754, 755, 756, 757, 758, 759, 760, 761, 762, 763, 764, 765, 766, 767, 768, 769, 770, 771, 772, 773, 774, 775, 776, 777, 778, 779, 780, 781, 782, 783, 784, 785, 786, 787, 788, 789, 790, 791, 792, 793]",True,"[121, 320, 592, 778]","[103, 104, 105, 106, 107, 108, 109, 110, 111, 112, 113, 114, 115, 116, 117, 118, 119, 120, 121, 122, 123, 124, 125, 126, 127, 128, 129, 130, 131, 132, 133, 134, 135, 136, 137, 138, 139, 140, 141, 142, 143, 144, 145, 146, 147, 148, 149, 150, 151, 152, 153, 154, 155, 156, 157, 158, 159, 160, 161, 162, 163, 164, 165, 166, 167, 168, 169, 170, 171, 172, 173, 174, 175, 176, 177, 178, 179, 180, 181, 182, 183, 184, 185, 186, 187, 188, 189, 190, 191, 192, 193, 194, 195, 196, 197, 198, 199, 200, 201, 202, 203, 204, 205, 206, 207, 208, 209, 210, 211, 212, 213, 214, 215, 216, 217, 218, 219, 220, 221, 222, 223, 224, 225, 226, 227, 228, 229, 230, 231, 232, 233, 234, 235, 236, 237, 238, 239, 240, 241, 242, 243, 244, 245, 246, 247, 248, 249, 250, 251, 252, 253, 254, 255, 256, 257, 258, 259, 260, 261, 262, 263, 264, 265, 266, 267, 268, 269, 270, 271, 272, 273, 274, 275, 276, 277, 278, 279, 280, 281, 282, 283, 284, 285, 286, 287, 288, 289, 290, 291, 292, 293, 294, 295, 296, 297, 298, 299, 300, 301, 302, 303, 304, 305, 306, 307, 308, 309, 310, 311, 312, 313, 314, 315, 316, 317, 318, 319, 320, 321, 322, 323, 324, 325, 326, 327, 328, 329, 330, 331, 332, 333, 334, 335, 336, 337, 574, 575, 576, 577, 578, 579, 580, 581, 582, 583, 584, 585, 586, 587, 588, 589, 590, 591, 592, 593, 594, 595, 596, 597, 598, 599, 600, 601, 602, 603, 604, 605, 606, 607, 608, 609, 610, 611, 612, 613, 614, 615, 616, 617, 618, 619, 620, 621, 622, 623, 624, 625, 626, 627, 628, 629, 630, 631, 632, 633, 634, 635, 636, 637, 638, 639, 640, 641, 642, 643, 644, 645, 646, 647, 648, 649, 650, 651, 652, 653, 654, 655, 656, 657, 658, 659, 660, 661, 662, 663, 664, 665, 666, 667, 668, 669, 670, 671, 672, 673, 674, 675, 676, 677, 678, 679, 680, 681, 682, 683, 684, 685, 686, 687, 688, 689, 690, 691, 692, 693, 694, 695, 696, 697, 698, 699, 700, 701, 702, 703, 704, 705, 706, 707, 708, 709, 710, 711, 712, 713, 714, 715, 716, 717, 718, 719, 720, 721, 722, 723, 724, 725, 726, 727, 728, 729, 730, 731, 732, 733, 734, 735, 736, 737, 738, 739, 740, 741, 742, 743, 744, 745, 746, 747, 748, 749, 750, 751, 752, 753, 754, 755, 756, 757, 758, 759, 760, 761, 762, 763, 764, 765, 766, 767, 768, 769, 770, 771, 772, 773, 774, 775, 776, 777, 778, 779, 780, 781, 782, 783, 784, 785, 786, 787, 788, 789, 790, 791, 792, 793]","[121, 320, 592, 778]",[],"[103, 104, 106, 117, 118, 120, 121, 127, 128, 129, 131, 133, 135, 136, 137, 139, 146, 147, 148, 149, 151, 158, 160, 162, 166, 173, 178, 179, 185, 190, 192, 198, 201, 203, 204, 206, 207, 212, 213, 214, 219, 223, 224, 225, 227, 230, 235, 237, 246, 247, 251, 256, 259, 262, 263, 266, 268, 269, 271, 272, 278, 279, 284, 285, 288, 290, 292, 304, 312, 316, 319, 320, 323, 324, 332, 574, 575, 588, 591, 592, 607, 608, 610, 618, 619, 620, 622, 632, 644, 649, 650, 656, 661, 663, 669, 674, 677, 683, 684, 687, 688, 689, 701, 710, 714, 723, 730, 731, 738, 747, 751, 762, 774, 778, 789]","[89, 288, 289, 290, 291, 292, 293, 560, 747, 748, 749, 750, 751, 752]","[288, 289, 290, 291, 292, 747, 748, 749, 750, 751]",5/6 successful match,True,[522],True,773,False,,0.7943089430894309,True,Speedway CA 99 Exit Travel 223 ( Hatch Center Rd W - S 7th ),Speedway
"Mojave , 93501 Price Saver Truck Stop",661-824-4491 2001 CA 58 ( E of CA 14 ),SOOO,Mojave,93501,Price Saver Truck Stop,661-824-4491,2006,Mojave,CA,,( E of CA 14 ),2001 CA 58,Proper,,False,,False,CA 58,,,,,[],"[121, 320, 592, 778]","[121, 320, 592, 778]",[],"[103, 104, 105, 106, 107, 108, 109, 110, 111, 112, 113, 114, 115, 116, 117, 118, 119, 120, 121, 122, 123, 124, 125, 126, 127, 128, 129, 130, 131, 132, 133, 134, 135, 136, 137, 138, 139, 140, 141, 142, 143, 144, 145, 146, 147, 148, 149, 150, 151, 152, 153, 154, 155, 156, 157, 158, 159, 160, 161, 162, 163, 164, 165, 166, 167, 168, 169, 170, 171, 172, 173, 174, 175, 176, 177, 178, 179, 180, 181, 182, 183, 184, 185, 186, 187, 188, 189, 190, 191, 192, 193, 194, 195, 196, 197, 198, 199, 200, 201, 202, 203, 204, 205, 206, 207, 208, 209, 210, 211, 212, 213, 214, 215, 216, 217, 218, 219, 220, 221, 222, 223, 224, 225, 226, 227, 228, 229, 230, 231, 232, 233, 234, 235, 236, 237, 238, 239, 240, 241, 242, 243, 244, 245, 246, 247, 248, 249, 250, 251, 252, 253, 254, 255, 256, 257, 258, 259, 260, 261, 262, 263, 264, 265, 266, 267, 268, 269, 270, 271, 272, 273, 274, 275, 276, 277, 278, 279, 280, 281, 282, 283, 284, 285, 286, 287, 288, 289, 290, 291, 292, 293, 294, 295, 296, 297, 298, 299, 300, 301, 302, 303, 304, 305, 306, 307, 308, 309, 310, 311, 312, 313, 314, 315, 316, 317, 318, 319, 320, 321, 322, 323, 324, 325, 326, 327, 328, 329, 330, 331, 332, 333, 334, 335, 336, 337, 574, 575, 576, 577, 578, 579, 580, 581, 582, 583, 584, 585, 586, 587, 588, 589, 590, 591, 592, 593, 594, 595, 596, 597, 598, 599, 600, 601, 602, 603, 604, 605, 606, 607, 608, 609, 610, 611, 612, 613, 614, 615, 616, 617, 618, 619, 620, 621, 622, 623, 624, 625, 626, 627, 628, 629, 630, 631, 632, 633, 634, 635, 636, 637, 638, 639, 640, 641, 642, 643, 644, 645, 646, 647, 648, 649, 650, 651, 652, 653, 654, 655, 656, 657, 658, 659, 660, 661, 662, 663, 664, 665, 666, 667, 668, 669, 670, 671, 672, 673, 674, 675, 676, 677, 678, 679, 680, 681, 682, 683, 684, 685, 686, 687, 688, 689, 690, 691, 692, 693, 694, 695, 696, 697, 698, 699, 700, 701, 702, 703, 704, 705, 706, 707, 708, 709, 710, 711, 712, 713, 714, 715, 716, 717, 718, 719, 720, 721, 722, 723, 724, 725, 726, 727, 728, 729, 730, 731, 732, 733, 734, 735, 736, 737, 738, 739, 740, 741, 742, 743, 744, 745, 746, 747, 748, 749, 750, 751, 752, 753, 754, 755, 756, 757, 758, 759, 760, 761, 762, 763, 764, 765, 766, 767, 768, 769, 770, 771, 772, 773, 774, 775, 776, 777, 778, 779, 780, 781, 782, 783, 784, 785, 786, 787, 788, 789, 790, 791, 792, 793]","[103, 104, 106, 117, 118, 120, 121, 127, 128, 129, 131, 133, 135, 136, 137, 139, 146, 147, 148, 149, 151, 158, 160, 162, 166, 173, 178, 179, 185, 190, 192, 198, 201, 203, 204, 206, 207, 212, 213, 214, 219, 223, 224, 225, 227, 230, 235, 237, 246, 247, 251, 256, 259, 262, 263, 266, 268, 269, 271, 272, 278, 279, 284, 285, 288, 290, 292, 304, 312, 316, 319, 320, 323, 324, 332, 574, 575, 588, 591, 592, 607, 608, 610, 618, 619, 620, 622, 632, 644, 649, 650, 656, 661, 663, 669, 674, 677, 683, 684, 687, 688, 689, 701, 710, 714, 723, 730, 731, 738, 747, 751, 762, 774, 778, 789]",[],[],"[103, 104, 105, 106, 107, 108, 109, 110, 111, 112, 113, 114, 115, 116, 117, 118, 119, 120, 121, 122, 123, 124, 125, 126, 127, 128, 129, 130, 131, 132, 133, 134, 135, 136, 137, 138, 139, 140, 141, 142, 143, 144, 145, 146, 147, 148, 149, 150, 151, 152, 153, 154, 155, 156, 157, 158, 159, 160, 161, 162, 163, 164, 165, 166, 167, 168, 169, 170, 171, 172, 173, 174, 175, 176, 177, 178, 179, 180, 181, 182, 183, 184, 185, 186, 187, 188, 189, 190, 191, 192, 193, 194, 195, 196, 197, 198, 199, 200, 201, 202, 203, 204, 205, 206, 207, 208, 209, 210, 211, 212, 213, 214, 215, 216, 217, 218, 219, 220, 221, 222, 223, 224, 225, 226, 227, 228, 229, 230, 231, 232, 233, 234, 235, 236, 237, 238, 239, 240, 241, 242, 243, 244, 245, 246, 247, 248, 249, 250, 251, 252, 253, 254, 255, 256, 257, 258, 259, 260, 261, 262, 263, 264, 265, 266, 267, 268, 269, 270, 271, 272, 273, 274, 275, 276, 277, 278, 279, 280, 281, 282, 283, 284, 285, 286, 287, 288, 289, 290, 291, 292, 293, 294, 295, 296, 297, 298, 299, 300, 301, 302, 303, 304, 305, 306, 307, 308, 309, 310, 311, 312, 313, 314, 315, 316, 317, 318, 319, 320, 321, 322, 323, 324, 325, 326, 327, 328, 329, 330, 331, 332, 333, 334, 335, 336, 337, 574, 575, 576, 577, 578, 579, 580, 581, 582, 583, 584, 585, 586, 587, 588, 589, 590, 591, 592, 593, 594, 595, 596, 597, 598, 599, 600, 601, 602, 603, 604, 605, 606, 607, 608, 609, 610, 611, 612, 613, 614, 615, 616, 617, 618, 619, 620, 621, 622, 623, 624, 625, 626, 627, 628, 629, 630, 631, 632, 633, 634, 635, 636, 637, 638, 639, 640, 641, 642, 643, 644, 645, 646, 647, 648, 649, 650, 651, 652, 653, 654, 655, 656, 657, 658, 659, 660, 661, 662, 663, 664, 665, 666, 667, 668, 669, 670, 671, 672, 673, 674, 675, 676, 677, 678, 679, 680, 681, 682, 683, 684, 685, 686, 687, 688, 689, 690, 691, 692, 693, 694, 695, 696, 697, 698, 699, 700, 701, 702, 703, 704, 705, 706, 707, 708, 709, 710, 711, 712, 713, 714, 715, 716, 717, 718, 719, 720, 721, 722, 723, 724, 725, 726, 727, 728, 729, 730, 731, 732, 733, 734, 735, 736, 737, 738, 739, 740, 741, 742, 743, 744, 745, 746, 747, 748, 749, 750, 751, 752, 753, 754, 755, 756, 757, 758, 759, 760, 761, 762, 763, 764, 765, 766, 767, 768, 769, 770, 771, 772, 773, 774, 775, 776, 777, 778, 779, 780, 781, 782, 783, 784, 785, 786, 787, 788, 789, 790, 791, 792, 793]",False,"[121, 320, 592, 778]","[103, 104, 105, 106, 107, 108, 109, 110, 111, 112, 113, 114, 115, 116, 117, 118, 119, 120, 121, 122, 123, 124, 125, 126, 127, 128, 129, 130, 131, 132, 133, 134, 135, 136, 137, 138, 139, 140, 141, 142, 143, 144, 145, 146, 147, 148, 149, 150, 151, 152, 153, 154, 155, 156, 157, 158, 159, 160, 161, 162, 163, 164, 165, 166, 167, 168, 169, 170, 171, 172, 173, 174, 175, 176, 177, 178, 179, 180, 181, 182, 183, 184, 185, 186, 187, 188, 189, 190, 191, 192, 193, 194, 195, 196, 197, 198, 199, 200, 201, 202, 203, 204, 205, 206, 207, 208, 209, 210, 211, 212, 213, 214, 215, 216, 217, 218, 219, 220, 221, 222, 223, 224, 225, 226, 227, 228, 229, 230, 231, 232, 233, 234, 235, 236, 237, 238, 239, 240, 241, 242, 243, 244, 245, 246, 247, 248, 249, 250, 251, 252, 253, 254, 255, 256, 257, 258, 259, 260, 261, 262, 263, 264, 265, 266, 267, 268, 269, 270, 271, 272, 273, 274, 275, 276, 277, 278, 279, 280, 281, 282, 283, 284, 285, 286, 287, 288, 289, 290, 291, 292, 293, 294, 295, 296, 297, 298, 299, 300, 301, 302, 303, 304, 305, 306, 307, 308, 309, 310, 311, 312, 313, 314, 315, 316, 317, 318, 319, 320, 321, 322, 323, 324, 325, 326, 327, 328, 329, 330, 331, 332, 333, 334, 335, 336, 337, 574, 575, 576, 577, 578, 579, 580, 581, 582, 583, 584, 585, 586, 587, 588, 589, 590, 591, 592, 593, 594, 595, 596, 597, 598, 599, 600, 601, 602, 603, 604, 605, 606, 607, 608, 609, 610, 611, 612, 613, 614, 615, 616, 617, 618, 619, 620, 621, 622, 623, 624, 625, 626, 627, 628, 629, 630, 631, 632, 633, 634, 635, 636, 637, 638, 639, 640, 641, 642, 643, 644, 645, 646, 647, 648, 649, 650, 651, 652, 653, 654, 655, 656, 657, 658, 659, 660, 661, 662, 663, 664, 665, 666, 667, 668, 669, 670, 671, 672, 673, 674, 675, 676, 677, 678, 679, 680, 681, 682, 683, 684, 685, 686, 687, 688, 689, 690, 691, 692, 693, 694, 695, 696, 697, 698, 699, 700, 701, 702, 703, 704, 705, 706, 707, 708, 709, 710, 711, 712, 713, 714, 715, 716, 717, 718, 719, 720, 721, 722, 723, 724, 725, 726, 727, 728, 729, 730, 731, 732, 733, 734, 735, 736, 737, 738, 739, 740, 741, 742, 743, 744, 745, 746, 747, 748, 749, 750, 751, 752, 753, 754, 755, 756, 757, 758, 759, 760, 761, 762, 763, 764, 765, 766, 767, 768, 769, 770, 771, 772, 773, 774, 775, 776, 777, 778, 779, 780, 781, 782, 783, 784, 785, 786, 787, 788, 789, 790, 791, 792, 793]","[121, 320, 592, 778]",[],"[103, 104, 106, 117, 118, 120, 121, 127, 128, 129, 131, 133, 135, 136, 137, 139, 146, 147, 148, 149, 151, 158, 160, 162, 166, 173, 178, 179, 185, 190, 192, 198, 201, 203, 204, 206, 207, 212, 213, 214, 219, 223, 224, 225, 227, 230, 235, 237, 246, 247, 251, 256, 259, 262, 263, 266, 268, 269, 271, 272, 278, 279, 284, 285, 288, 290, 292, 304, 312, 316, 319, 320, 323, 324, 332, 574, 575, 588, 591, 592, 607, 608, 610, 618, 619, 620, 622, 632, 644, 649, 650, 656, 661, 663, 669, 674, 677, 683, 684, 687, 688, 689, 701, 710, 714, 723, 730, 731, 738, 747, 751, 762, 774, 778, 789]",[],[],7/6 successful match,False,,False,774,False,,,,,
"Mojave , 93501 Price Saver Truck Stop",661-824-4491 2001 CA 58 ( E of CA 14 ),24,Mojave,93501,Price Saver Truck Stop,661-824-4491,2007,Mojave,CA,,( E of CA 14 ),2001 CA 58,Proper,,False,,False,CA 58,,,,,[],"[121, 320, 592, 778]","[121, 320, 592, 778]",[],"[103, 104, 105, 106, 107, 108, 109, 110, 111, 112, 113, 114, 115, 116, 117, 118, 119, 120, 121, 122, 123, 124, 125, 126, 127, 128, 129, 130, 131, 132, 133, 134, 135, 136, 137, 138, 139, 140, 141, 142, 143, 144, 145, 146, 147, 148, 149, 150, 151, 152, 153, 154, 155, 156, 157, 158, 159, 160, 161, 162, 163, 164, 165, 166, 167, 168, 169, 170, 171, 172, 173, 174, 175, 176, 177, 178, 179, 180, 181, 182, 183, 184, 185, 186, 187, 188, 189, 190, 191, 192, 193, 194, 195, 196, 197, 198, 199, 200, 201, 202, 203, 204, 205, 206, 207, 208, 209, 210, 211, 212, 213, 214, 215, 216, 217, 218, 219, 220, 221, 222, 223, 224, 225, 226, 227, 228, 229, 230, 231, 232, 233, 234, 235, 236, 237, 238, 239, 240, 241, 242, 243, 244, 245, 246, 247, 248, 249, 250, 251, 252, 253, 254, 255, 256, 257, 258, 259, 260, 261, 262, 263, 264, 265, 266, 267, 268, 269, 270, 271, 272, 273, 274, 275, 276, 277, 278, 279, 280, 281, 282, 283, 284, 285, 286, 287, 288, 289, 290, 291, 292, 293, 294, 295, 296, 297, 298, 299, 300, 301, 302, 303, 304, 305, 306, 307, 308, 309, 310, 311, 312, 313, 314, 315, 316, 317, 318, 319, 320, 321, 322, 323, 324, 325, 326, 327, 328, 329, 330, 331, 332, 333, 334, 335, 336, 337, 574, 575, 576, 577, 578, 579, 580, 581, 582, 583, 584, 585, 586, 587, 588, 589, 590, 591, 592, 593, 594, 595, 596, 597, 598, 599, 600, 601, 602, 603, 604, 605, 606, 607, 608, 609, 610, 611, 612, 613, 614, 615, 616, 617, 618, 619, 620, 621, 622, 623, 624, 625, 626, 627, 628, 629, 630, 631, 632, 633, 634, 635, 636, 637, 638, 639, 640, 641, 642, 643, 644, 645, 646, 647, 648, 649, 650, 651, 652, 653, 654, 655, 656, 657, 658, 659, 660, 661, 662, 663, 664, 665, 666, 667, 668, 669, 670, 671, 672, 673, 674, 675, 676, 677, 678, 679, 680, 681, 682, 683, 684, 685, 686, 687, 688, 689, 690, 691, 692, 693, 694, 695, 696, 697, 698, 699, 700, 701, 702, 703, 704, 705, 706, 707, 708, 709, 710, 711, 712, 713, 714, 715, 716, 717, 718, 719, 720, 721, 722, 723, 724, 725, 726, 727, 728, 729, 730, 731, 732, 733, 734, 735, 736, 737, 738, 739, 740, 741, 742, 743, 744, 745, 746, 747, 748, 749, 750, 751, 752, 753, 754, 755, 756, 757, 758, 759, 760, 761, 762, 763, 764, 765, 766, 767, 768, 769, 770, 771, 772, 773, 774, 775, 776, 777, 778, 779, 780, 781, 782, 783, 784, 785, 786, 787, 788, 789, 790, 791, 792, 793]","[103, 104, 106, 117, 118, 120, 121, 127, 128, 129, 131, 133, 135, 136, 137, 139, 146, 147, 148, 149, 151, 158, 160, 162, 166, 173, 178, 179, 185, 190, 192, 198, 201, 203, 204, 206, 207, 212, 213, 214, 219, 223, 224, 225, 227, 230, 235, 237, 246, 247, 251, 256, 259, 262, 263, 266, 268, 269, 271, 272, 278, 279, 284, 285, 288, 290, 292, 304, 312, 316, 319, 320, 323, 324, 332, 574, 575, 588, 591, 592, 607, 608, 610, 618, 619, 620, 622, 632, 644, 649, 650, 656, 661, 663, 669, 674, 677, 683, 684, 687, 688, 689, 701, 710, 714, 723, 730, 731, 738, 747, 751, 762, 774, 778, 789]",[],[],"[103, 104, 105, 106, 107, 108, 109, 110, 111, 112, 113, 114, 115, 116, 117, 118, 119, 120, 121, 122, 123, 124, 125, 126, 127, 128, 129, 130, 131, 132, 133, 134, 135, 136, 137, 138, 139, 140, 141, 142, 143, 144, 145, 146, 147, 148, 149, 150, 151, 152, 153, 154, 155, 156, 157, 158, 159, 160, 161, 162, 163, 164, 165, 166, 167, 168, 169, 170, 171, 172, 173, 174, 175, 176, 177, 178, 179, 180, 181, 182, 183, 184, 185, 186, 187, 188, 189, 190, 191, 192, 193, 194, 195, 196, 197, 198, 199, 200, 201, 202, 203, 204, 205, 206, 207, 208, 209, 210, 211, 212, 213, 214, 215, 216, 217, 218, 219, 220, 221, 222, 223, 224, 225, 226, 227, 228, 229, 230, 231, 232, 233, 234, 235, 236, 237, 238, 239, 240, 241, 242, 243, 244, 245, 246, 247, 248, 249, 250, 251, 252, 253, 254, 255, 256, 257, 258, 259, 260, 261, 262, 263, 264, 265, 266, 267, 268, 269, 270, 271, 272, 273, 274, 275, 276, 277, 278, 279, 280, 281, 282, 283, 284, 285, 286, 287, 288, 289, 290, 291, 292, 293, 294, 295, 296, 297, 298, 299, 300, 301, 302, 303, 304, 305, 306, 307, 308, 309, 310, 311, 312, 313, 314, 315, 316, 317, 318, 319, 320, 321, 322, 323, 324, 325, 326, 327, 328, 329, 330, 331, 332, 333, 334, 335, 336, 337, 574, 575, 576, 577, 578, 579, 580, 581, 582, 583, 584, 585, 586, 587, 588, 589, 590, 591, 592, 593, 594, 595, 596, 597, 598, 599, 600, 601, 602, 603, 604, 605, 606, 607, 608, 609, 610, 611, 612, 613, 614, 615, 616, 617, 618, 619, 620, 621, 622, 623, 624, 625, 626, 627, 628, 629, 630, 631, 632, 633, 634, 635, 636, 637, 638, 639, 640, 641, 642, 643, 644, 645, 646, 647, 648, 649, 650, 651, 652, 653, 654, 655, 656, 657, 658, 659, 660, 661, 662, 663, 664, 665, 666, 667, 668, 669, 670, 671, 672, 673, 674, 675, 676, 677, 678, 679, 680, 681, 682, 683, 684, 685, 686, 687, 688, 689, 690, 691, 692, 693, 694, 695, 696, 697, 698, 699, 700, 701, 702, 703, 704, 705, 706, 707, 708, 709, 710, 711, 712, 713, 714, 715, 716, 717, 718, 719, 720, 721, 722, 723, 724, 725, 726, 727, 728, 729, 730, 731, 732, 733, 734, 735, 736, 737, 738, 739, 740, 741, 742, 743, 744, 745, 746, 747, 748, 749, 750, 751, 752, 753, 754, 755, 756, 757, 758, 759, 760, 761, 762, 763, 764, 765, 766, 767, 768, 769, 770, 771, 772, 773, 774, 775, 776, 777, 778, 779, 780, 781, 782, 783, 784, 785, 786, 787, 788, 789, 790, 791, 792, 793]",False,"[121, 320, 592, 778]","[103, 104, 105, 106, 107, 108, 109, 110, 111, 112, 113, 114, 115, 116, 117, 118, 119, 120, 121, 122, 123, 124, 125, 126, 127, 128, 129, 130, 131, 132, 133, 134, 135, 136, 137, 138, 139, 140, 141, 142, 143, 144, 145, 146, 147, 148, 149, 150, 151, 152, 153, 154, 155, 156, 157, 158, 159, 160, 161, 162, 163, 164, 165, 166, 167, 168, 169, 170, 171, 172, 173, 174, 175, 176, 177, 178, 179, 180, 181, 182, 183, 184, 185, 186, 187, 188, 189, 190, 191, 192, 193, 194, 195, 196, 197, 198, 199, 200, 201, 202, 203, 204, 205, 206, 207, 208, 209, 210, 211, 212, 213, 214, 215, 216, 217, 218, 219, 220, 221, 222, 223, 224, 225, 226, 227, 228, 229, 230, 231, 232, 233, 234, 235, 236, 237, 238, 239, 240, 241, 242, 243, 244, 245, 246, 247, 248, 249, 250, 251, 252, 253, 254, 255, 256, 257, 258, 259, 260, 261, 262, 263, 264, 265, 266, 267, 268, 269, 270, 271, 272, 273, 274, 275, 276, 277, 278, 279, 280, 281, 282, 283, 284, 285, 286, 287, 288, 289, 290, 291, 292, 293, 294, 295, 296, 297, 298, 299, 300, 301, 302, 303, 304, 305, 306, 307, 308, 309, 310, 311, 312, 313, 314, 315, 316, 317, 318, 319, 320, 321, 322, 323, 324, 325, 326, 327, 328, 329, 330, 331, 332, 333, 334, 335, 336, 337, 574, 575, 576, 577, 578, 579, 580, 581, 582, 583, 584, 585, 586, 587, 588, 589, 590, 591, 592, 593, 594, 595, 596, 597, 598, 599, 600, 601, 602, 603, 604, 605, 606, 607, 608, 609, 610, 611, 612, 613, 614, 615, 616, 617, 618, 619, 620, 621, 622, 623, 624, 625, 626, 627, 628, 629, 630, 631, 632, 633, 634, 635, 636, 637, 638, 639, 640, 641, 642, 643, 644, 645, 646, 647, 648, 649, 650, 651, 652, 653, 654, 655, 656, 657, 658, 659, 660, 661, 662, 663, 664, 665, 666, 667, 668, 669, 670, 671, 672, 673, 674, 675, 676, 677, 678, 679, 680, 681, 682, 683, 684, 685, 686, 687, 688, 689, 690, 691, 692, 693, 694, 695, 696, 697, 698, 699, 700, 701, 702, 703, 704, 705, 706, 707, 708, 709, 710, 711, 712, 713, 714, 715, 716, 717, 718, 719, 720, 721, 722, 723, 724, 725, 726, 727, 728, 729, 730, 731, 732, 733, 734, 735, 736, 737, 738, 739, 740, 741, 742, 743, 744, 745, 746, 747, 748, 749, 750, 751, 752, 753, 754, 755, 756, 757, 758, 759, 760, 761, 762, 763, 764, 765, 766, 767, 768, 769, 770, 771, 772, 773, 774, 775, 776, 777, 778, 779, 780, 781, 782, 783, 784, 785, 786, 787, 788, 789, 790, 791, 792, 793]","[121, 320, 592, 778]",[],"[103, 104, 106, 117, 118, 120, 121, 127, 128, 129, 131, 133, 135, 136, 137, 139, 146, 147, 148, 149, 151, 158, 160, 162, 166, 173, 178, 179, 185, 190, 192, 198, 201, 203, 204, 206, 207, 212, 213, 214, 219, 223, 224, 225, 227, 230, 235, 237, 246, 247, 251, 256, 259, 262, 263, 266, 268, 269, 271, 272, 278, 279, 284, 285, 288, 290, 292, 304, 312, 316, 319, 320, 323, 324, 332, 574, 575, 588, 591, 592, 607, 608, 610, 618, 619, 620, 622, 632, 644, 649, 650, 656, 661, 663, 669, 674, 677, 683, 684, 687, 688, 689, 701, 710, 714, 723, 730, 731, 738, 747, 751, 762, 774, 778, 789]",[],[],7/6 successful match,False,,False,774,False,,1.0,True,Price Saver Truck Stop,
"Mojave , 93501 Price Saver Truck Stop",661-824-4491 2001 CA 58 ( E of CA 14 ),HRS 24 S DO <U+2610> <U+2610>,Mojave,93501,Price Saver Truck Stop,661-824-4491,2008,Mojave,CA,,( E of CA 14 ),2001 CA 58,Proper,,False,,False,CA 58,,,,,[],"[121, 320, 592, 778]","[121, 320, 592, 778]",[],"[103, 104, 105, 106, 107, 108, 109, 110, 111, 112, 113, 114, 115, 116, 117, 118, 119, 120, 121, 122, 123, 124, 125, 126, 127, 128, 129, 130, 131, 132, 133, 134, 135, 136, 137, 138, 139, 140, 141, 142, 143, 144, 145, 146, 147, 148, 149, 150, 151, 152, 153, 154, 155, 156, 157, 158, 159, 160, 161, 162, 163, 164, 165, 166, 167, 168, 169, 170, 171, 172, 173, 174, 175, 176, 177, 178, 179, 180, 181, 182, 183, 184, 185, 186, 187, 188, 189, 190, 191, 192, 193, 194, 195, 196, 197, 198, 199, 200, 201, 202, 203, 204, 205, 206, 207, 208, 209, 210, 211, 212, 213, 214, 215, 216, 217, 218, 219, 220, 221, 222, 223, 224, 225, 226, 227, 228, 229, 230, 231, 232, 233, 234, 235, 236, 237, 238, 239, 240, 241, 242, 243, 244, 245, 246, 247, 248, 249, 250, 251, 252, 253, 254, 255, 256, 257, 258, 259, 260, 261, 262, 263, 264, 265, 266, 267, 268, 269, 270, 271, 272, 273, 274, 275, 276, 277, 278, 279, 280, 281, 282, 283, 284, 285, 286, 287, 288, 289, 290, 291, 292, 293, 294, 295, 296, 297, 298, 299, 300, 301, 302, 303, 304, 305, 306, 307, 308, 309, 310, 311, 312, 313, 314, 315, 316, 317, 318, 319, 320, 321, 322, 323, 324, 325, 326, 327, 328, 329, 330, 331, 332, 333, 334, 335, 336, 337, 574, 575, 576, 577, 578, 579, 580, 581, 582, 583, 584, 585, 586, 587, 588, 589, 590, 591, 592, 593, 594, 595, 596, 597, 598, 599, 600, 601, 602, 603, 604, 605, 606, 607, 608, 609, 610, 611, 612, 613, 614, 615, 616, 617, 618, 619, 620, 621, 622, 623, 624, 625, 626, 627, 628, 629, 630, 631, 632, 633, 634, 635, 636, 637, 638, 639, 640, 641, 642, 643, 644, 645, 646, 647, 648, 649, 650, 651, 652, 653, 654, 655, 656, 657, 658, 659, 660, 661, 662, 663, 664, 665, 666, 667, 668, 669, 670, 671, 672, 673, 674, 675, 676, 677, 678, 679, 680, 681, 682, 683, 684, 685, 686, 687, 688, 689, 690, 691, 692, 693, 694, 695, 696, 697, 698, 699, 700, 701, 702, 703, 704, 705, 706, 707, 708, 709, 710, 711, 712, 713, 714, 715, 716, 717, 718, 719, 720, 721, 722, 723, 724, 725, 726, 727, 728, 729, 730, 731, 732, 733, 734, 735, 736, 737, 738, 739, 740, 741, 742, 743, 744, 745, 746, 747, 748, 749, 750, 751, 752, 753, 754, 755, 756, 757, 758, 759, 760, 761, 762, 763, 764, 765, 766, 767, 768, 769, 770, 771, 772, 773, 774, 775, 776, 777, 778, 779, 780, 781, 782, 783, 784, 785, 786, 787, 788, 789, 790, 791, 792, 793]","[103, 104, 106, 117, 118, 120, 121, 127, 128, 129, 131, 133, 135, 136, 137, 139, 146, 147, 148, 149, 151, 158, 160, 162, 166, 173, 178, 179, 185, 190, 192, 198, 201, 203, 204, 206, 207, 212, 213, 214, 219, 223, 224, 225, 227, 230, 235, 237, 246, 247, 251, 256, 259, 262, 263, 266, 268, 269, 271, 272, 278, 279, 284, 285, 288, 290, 292, 304, 312, 316, 319, 320, 323, 324, 332, 574, 575, 588, 591, 592, 607, 608, 610, 618, 619, 620, 622, 632, 644, 649, 650, 656, 661, 663, 669, 674, 677, 683, 684, 687, 688, 689, 701, 710, 714, 723, 730, 731, 738, 747, 751, 762, 774, 778, 789]",[],[],"[103, 104, 105, 106, 107, 108, 109, 110, 111, 112, 113, 114, 115, 116, 117, 118, 119, 120, 121, 122, 123, 124, 125, 126, 127, 128, 129, 130, 131, 132, 133, 134, 135, 136, 137, 138, 139, 140, 141, 142, 143, 144, 145, 146, 147, 148, 149, 150, 151, 152, 153, 154, 155, 156, 157, 158, 159, 160, 161, 162, 163, 164, 165, 166, 167, 168, 169, 170, 171, 172, 173, 174, 175, 176, 177, 178, 179, 180, 181, 182, 183, 184, 185, 186, 187, 188, 189, 190, 191, 192, 193, 194, 195, 196, 197, 198, 199, 200, 201, 202, 203, 204, 205, 206, 207, 208, 209, 210, 211, 212, 213, 214, 215, 216, 217, 218, 219, 220, 221, 222, 223, 224, 225, 226, 227, 228, 229, 230, 231, 232, 233, 234, 235, 236, 237, 238, 239, 240, 241, 242, 243, 244, 245, 246, 247, 248, 249, 250, 251, 252, 253, 254, 255, 256, 257, 258, 259, 260, 261, 262, 263, 264, 265, 266, 267, 268, 269, 270, 271, 272, 273, 274, 275, 276, 277, 278, 279, 280, 281, 282, 283, 284, 285, 286, 287, 288, 289, 290, 291, 292, 293, 294, 295, 296, 297, 298, 299, 300, 301, 302, 303, 304, 305, 306, 307, 308, 309, 310, 311, 312, 313, 314, 315, 316, 317, 318, 319, 320, 321, 322, 323, 324, 325, 326, 327, 328, 329, 330, 331, 332, 333, 334, 335, 336, 337, 574, 575, 576, 577, 578, 579, 580, 581, 582, 583, 584, 585, 586, 587, 588, 589, 590, 591, 592, 593, 594, 595, 596, 597, 598, 599, 600, 601, 602, 603, 604, 605, 606, 607, 608, 609, 610, 611, 612, 613, 614, 615, 616, 617, 618, 619, 620, 621, 622, 623, 624, 625, 626, 627, 628, 629, 630, 631, 632, 633, 634, 635, 636, 637, 638, 639, 640, 641, 642, 643, 644, 645, 646, 647, 648, 649, 650, 651, 652, 653, 654, 655, 656, 657, 658, 659, 660, 661, 662, 663, 664, 665, 666, 667, 668, 669, 670, 671, 672, 673, 674, 675, 676, 677, 678, 679, 680, 681, 682, 683, 684, 685, 686, 687, 688, 689, 690, 691, 692, 693, 694, 695, 696, 697, 698, 699, 700, 701, 702, 703, 704, 705, 706, 707, 708, 709, 710, 711, 712, 713, 714, 715, 716, 717, 718, 719, 720, 721, 722, 723, 724, 725, 726, 727, 728, 729, 730, 731, 732, 733, 734, 735, 736, 737, 738, 739, 740, 741, 742, 743, 744, 745, 746, 747, 748, 749, 750, 751, 752, 753, 754, 755, 756, 757, 758, 759, 760, 761, 762, 763, 764, 765, 766, 767, 768, 769, 770, 771, 772, 773, 774, 775, 776, 777, 778, 779, 780, 781, 782, 783, 784, 785, 786, 787, 788, 789, 790, 791, 792, 793]",False,"[121, 320, 592, 778]","[103, 104, 105, 106, 107, 108, 109, 110, 111, 112, 113, 114, 115, 116, 117, 118, 119, 120, 121, 122, 123, 124, 125, 126, 127, 128, 129, 130, 131, 132, 133, 134, 135, 136, 137, 138, 139, 140, 141, 142, 143, 144, 145, 146, 147, 148, 149, 150, 151, 152, 153, 154, 155, 156, 157, 158, 159, 160, 161, 162, 163, 164, 165, 166, 167, 168, 169, 170, 171, 172, 173, 174, 175, 176, 177, 178, 179, 180, 181, 182, 183, 184, 185, 186, 187, 188, 189, 190, 191, 192, 193, 194, 195, 196, 197, 198, 199, 200, 201, 202, 203, 204, 205, 206, 207, 208, 209, 210, 211, 212, 213, 214, 215, 216, 217, 218, 219, 220, 221, 222, 223, 224, 225, 226, 227, 228, 229, 230, 231, 232, 233, 234, 235, 236, 237, 238, 239, 240, 241, 242, 243, 244, 245, 246, 247, 248, 249, 250, 251, 252, 253, 254, 255, 256, 257, 258, 259, 260, 261, 262, 263, 264, 265, 266, 267, 268, 269, 270, 271, 272, 273, 274, 275, 276, 277, 278, 279, 280, 281, 282, 283, 284, 285, 286, 287, 288, 289, 290, 291, 292, 293, 294, 295, 296, 297, 298, 299, 300, 301, 302, 303, 304, 305, 306, 307, 308, 309, 310, 311, 312, 313, 314, 315, 316, 317, 318, 319, 320, 321, 322, 323, 324, 325, 326, 327, 328, 329, 330, 331, 332, 333, 334, 335, 336, 337, 574, 575, 576, 577, 578, 579, 580, 581, 582, 583, 584, 585, 586, 587, 588, 589, 590, 591, 592, 593, 594, 595, 596, 597, 598, 599, 600, 601, 602, 603, 604, 605, 606, 607, 608, 609, 610, 611, 612, 613, 614, 615, 616, 617, 618, 619, 620, 621, 622, 623, 624, 625, 626, 627, 628, 629, 630, 631, 632, 633, 634, 635, 636, 637, 638, 639, 640, 641, 642, 643, 644, 645, 646, 647, 648, 649, 650, 651, 652, 653, 654, 655, 656, 657, 658, 659, 660, 661, 662, 663, 664, 665, 666, 667, 668, 669, 670, 671, 672, 673, 674, 675, 676, 677, 678, 679, 680, 681, 682, 683, 684, 685, 686, 687, 688, 689, 690, 691, 692, 693, 694, 695, 696, 697, 698, 699, 700, 701, 702, 703, 704, 705, 706, 707, 708, 709, 710, 711, 712, 713, 714, 715, 716, 717, 718, 719, 720, 721, 722, 723, 724, 725, 726, 727, 728, 729, 730, 731, 732, 733, 734, 735, 736, 737, 738, 739, 740, 741, 742, 743, 744, 745, 746, 747, 748, 749, 750, 751, 752, 753, 754, 755, 756, 757, 758, 759, 760, 761, 762, 763, 764, 765, 766, 767, 768, 769, 770, 771, 772, 773, 774, 775, 776, 777, 778, 779, 780, 781, 782, 783, 784, 785, 786, 787, 788, 789, 790, 791, 792, 793]","[121, 320, 592, 778]",[],"[103, 104, 106, 117, 118, 120, 121, 127, 128, 129, 131, 133, 135, 136, 137, 139, 146, 147, 148, 149, 151, 158, 160, 162, 166, 173, 178, 179, 185, 190, 192, 198, 201, 203, 204, 206, 207, 212, 213, 214, 219, 223, 224, 225, 227, 230, 235, 237, 246, 247, 251, 256, 259, 262, 263, 266, 268, 269, 271, 272, 278, 279, 284, 285, 288, 290, 292, 304, 312, 316, 319, 320, 323, 324, 332, 574, 575, 588, 591, 592, 607, 608, 610, 618, 619, 620, 622, 632, 644, 649, 650, 656, 661, 663, 669, 674, 677, 683, 684, 687, 688, 689, 701, 710, 714, 723, 730, 731, 738, 747, 751, 762, 774, 778, 789]",[],[],7/6 successful match,False,,False,774,False,,1.0,True,Price Saver Truck Stop,
"Big Pine , 93513 Hi Country Market ( Mobil )",760-938-2067 101 US 395 N,- S,Big Pine,93513,Hi Country Market ( Mobil ),760-938-2067,2006,Big Pine,CA,Mobil,,101 US 395 N,Proper,,False,,False,US 395,,,,,[],"[130, 601]","[130, 601]",[],"[103, 104, 105, 106, 107, 108, 109, 110, 111, 112, 113, 114, 115, 116, 117, 118, 119, 120, 121, 122, 123, 124, 125, 126, 127, 128, 129, 130, 131, 132, 133, 134, 135, 136, 137, 138, 139, 140, 141, 142, 143, 144, 145, 146, 147, 148, 149, 150, 151, 152, 153, 154, 155, 156, 157, 158, 159, 160, 161, 162, 163, 164, 165, 166, 167, 168, 169, 170, 171, 172, 173, 174, 175, 176, 177, 178, 179, 180, 181, 182, 183, 184, 185, 186, 187, 188, 189, 190, 191, 192, 193, 194, 195, 196, 197, 198, 199, 200, 201, 202, 203, 204, 205, 206, 207, 208, 209, 210, 211, 212, 213, 214, 215, 216, 217, 218, 219, 220, 221, 222, 223, 224, 225, 226, 227, 228, 229, 230, 231, 232, 233, 234, 235, 236, 237, 238, 239, 240, 241, 242, 243, 244, 245, 246, 247, 248, 249, 250, 251, 252, 253, 254, 255, 256, 257, 258, 259, 260, 261, 262, 263, 264, 265, 266, 267, 268, 269, 270, 271, 272, 273, 274, 275, 276, 277, 278, 279, 280, 281, 282, 283, 284, 285, 286, 287, 288, 289, 290, 291, 292, 293, 294, 295, 296, 297, 298, 299, 300, 301, 302, 303, 304, 305, 306, 307, 308, 309, 310, 311, 312, 313, 314, 315, 316, 317, 318, 319, 320, 321, 322, 323, 324, 325, 326, 327, 328, 329, 330, 331, 332, 333, 334, 335, 336, 337, 574, 575, 576, 577, 578, 579, 580, 581, 582, 583, 584, 585, 586, 587, 588, 589, 590, 591, 592, 593, 594, 595, 596, 597, 598, 599, 600, 601, 602, 603, 604, 605, 606, 607, 608, 609, 610, 611, 612, 613, 614, 615, 616, 617, 618, 619, 620, 621, 622, 623, 624, 625, 626, 627, 628, 629, 630, 631, 632, 633, 634, 635, 636, 637, 638, 639, 640, 641, 642, 643, 644, 645, 646, 647, 648, 649, 650, 651, 652, 653, 654, 655, 656, 657, 658, 659, 660, 661, 662, 663, 664, 665, 666, 667, 668, 669, 670, 671, 672, 673, 674, 675, 676, 677, 678, 679, 680, 681, 682, 683, 684, 685, 686, 687, 688, 689, 690, 691, 692, 693, 694, 695, 696, 697, 698, 699, 700, 701, 702, 703, 704, 705, 706, 707, 708, 709, 710, 711, 712, 713, 714, 715, 716, 717, 718, 719, 720, 721, 722, 723, 724, 725, 726, 727, 728, 729, 730, 731, 732, 733, 734, 735, 736, 737, 738, 739, 740, 741, 742, 743, 744, 745, 746, 747, 748, 749, 750, 751, 752, 753, 754, 755, 756, 757, 758, 759, 760, 761, 762, 763, 764, 765, 766, 767, 768, 769, 770, 771, 772, 773, 774, 775, 776, 777, 778, 779, 780, 781, 782, 783, 784, 785, 786, 787, 788, 789, 790, 791, 792, 793]","[122, 130, 171, 179, 184, 187, 238, 248, 251, 258, 301, 350, 362, 395, 397, 593, 601, 642, 650, 655, 658, 702, 711, 714, 720, 805, 815, 845, 847]","[4, 59, 232, 269, 299, 490, 535, 696, 728, 758]","[4, 59, 183, 232, 269, 299, 490, 535, 654, 696, 728, 758]","[4, 59, 103, 104, 105, 106, 107, 108, 109, 110, 111, 112, 113, 114, 115, 116, 117, 118, 119, 120, 121, 122, 123, 124, 125, 126, 127, 128, 129, 130, 131, 132, 133, 134, 135, 136, 137, 138, 139, 140, 141, 142, 143, 144, 145, 146, 147, 148, 149, 150, 151, 152, 153, 154, 155, 156, 157, 158, 159, 160, 161, 162, 163, 164, 165, 166, 167, 168, 169, 170, 171, 172, 173, 174, 175, 176, 177, 178, 179, 180, 181, 182, 183, 184, 185, 186, 187, 188, 189, 190, 191, 192, 193, 194, 195, 196, 197, 198, 199, 200, 201, 202, 203, 204, 205, 206, 207, 208, 209, 210, 211, 212, 213, 214, 215, 216, 217, 218, 219, 220, 221, 222, 223, 224, 225, 226, 227, 228, 229, 230, 231, 232, 233, 234, 235, 236, 237, 238, 239, 240, 241, 242, 243, 244, 245, 246, 247, 248, 249, 250, 251, 252, 253, 254, 255, 256, 257, 258, 259, 260, 261, 262, 263, 264, 265, 266, 267, 268, 269, 270, 271, 272, 273, 274, 275, 276, 277, 278, 279, 280, 281, 282, 283, 284, 285, 286, 287, 288, 289, 290, 291, 292, 293, 294, 295, 296, 297, 298, 299, 300, 301, 302, 303, 304, 305, 306, 307, 308, 309, 310, 311, 312, 313, 314, 315, 316, 317, 318, 319, 320, 321, 322, 323, 324, 325, 326, 327, 328, 329, 330, 331, 332, 333, 334, 335, 336, 337, 350, 362, 395, 397, 490, 535, 574, 575, 576, 577, 578, 579, 580, 581, 582, 583, 584, 585, 586, 587, 588, 589, 590, 591, 592, 593, 594, 595, 596, 597, 598, 599, 600, 601, 602, 603, 604, 605, 606, 607, 608, 609, 610, 611, 612, 613, 614, 615, 616, 617, 618, 619, 620, 621, 622, 623, 624, 625, 626, 627, 628, 629, 630, 631, 632, 633, 634, 635, 636, 637, 638, 639, 640, 641, 642, 643, 644, 645, 646, 647, 648, 649, 650, 651, 652, 653, 654, 655, 656, 657, 658, 659, 660, 661, 662, 663, 664, 665, 666, 667, 668, 669, 670, 671, 672, 673, 674, 675, 676, 677, 678, 679, 680, 681, 682, 683, 684, 685, 686, 687, 688, 689, 690, 691, 692, 693, 694, 695, 696, 697, 698, 699, 700, 701, 702, 703, 704, 705, 706, 707, 708, 709, 710, 711, 712, 713, 714, 715, 716, 717, 718, 719, 720, 721, 722, 723, 724, 725, 726, 727, 728, 729, 730, 731, 732, 733, 734, 735, 736, 737, 738, 739, 740, 741, 742, 743, 744, 745, 746, 747, 748, 749, 750, 751, 752, 753, 754, 755, 756, 757, 758, 759, 760, 761, 762, 763, 764, 765, 766, 767, 768, 769, 770, 771, 772, 773, 774, 775, 776, 777, 778, 779, 780, 781, 782, 783, 784, 785, 786, 787, 788, 789, 790, 791, 792, 793, 805, 815, 845, 847]",False,"[130, 601]","[103, 104, 105, 106, 107, 108, 109, 110, 111, 112, 113, 114, 115, 116, 117, 118, 119, 120, 121, 122, 123, 124, 125, 126, 127, 128, 129, 130, 131, 132, 133, 134, 135, 136, 137, 138, 139, 140, 141, 142, 143, 144, 145, 146, 147, 148, 149, 150, 151, 152, 153, 154, 155, 156, 157, 158, 159, 160, 161, 162, 163, 164, 165, 166, 167, 168, 169, 170, 171, 172, 173, 174, 175, 176, 177, 178, 179, 180, 181, 182, 183, 184, 185, 186, 187, 188, 189, 190, 191, 192, 193, 194, 195, 196, 197, 198, 199, 200, 201, 202, 203, 204, 205, 206, 207, 208, 209, 210, 211, 212, 213, 214, 215, 216, 217, 218, 219, 220, 221, 222, 223, 224, 225, 226, 227, 228, 229, 230, 231, 232, 233, 234, 235, 236, 237, 238, 239, 240, 241, 242, 243, 244, 245, 246, 247, 248, 249, 250, 251, 252, 253, 254, 255, 256, 257, 258, 259, 260, 261, 262, 263, 264, 265, 266, 267, 268, 269, 270, 271, 272, 273, 274, 275, 276, 277, 278, 279, 280, 281, 282, 283, 284, 285, 286, 287, 288, 289, 290, 291, 292, 293, 294, 295, 296, 297, 298, 299, 300, 301, 302, 303, 304, 305, 306, 307, 308, 309, 310, 311, 312, 313, 314, 315, 316, 317, 318, 319, 320, 321, 322, 323, 324, 325, 326, 327, 328, 329, 330, 331, 332, 333, 334, 335, 336, 337, 574, 575, 576, 577, 578, 579, 580, 581, 582, 583, 584, 585, 586, 587, 588, 589, 590, 591, 592, 593, 594, 595, 596, 597, 598, 599, 600, 601, 602, 603, 604, 605, 606, 607, 608, 609, 610, 611, 612, 613, 614, 615, 616, 617, 618, 619, 620, 621, 622, 623, 624, 625, 626, 627, 628, 629, 630, 631, 632, 633, 634, 635, 636, 637, 638, 639, 640, 641, 642, 643, 644, 645, 646, 647, 648, 649, 650, 651, 652, 653, 654, 655, 656, 657, 658, 659, 660, 661, 662, 663, 664, 665, 666, 667, 668, 669, 670, 671, 672, 673, 674, 675, 676, 677, 678, 679, 680, 681, 682, 683, 684, 685, 686, 687, 688, 689, 690, 691, 692, 693, 694, 695, 696, 697, 698, 699, 700, 701, 702, 703, 704, 705, 706, 707, 708, 709, 710, 711, 712, 713, 714, 715, 716, 717, 718, 719, 720, 721, 722, 723, 724, 725, 726, 727, 728, 729, 730, 731, 732, 733, 734, 735, 736, 737, 738, 739, 740, 741, 742, 743, 744, 745, 746, 747, 748, 749, 750, 751, 752, 753, 754, 755, 756, 757, 758, 759, 760, 761, 762, 763, 764, 765, 766, 767, 768, 769, 770, 771, 772, 773, 774, 775, 776, 777, 778, 779, 780, 781, 782, 783, 784, 785, 786, 787, 788, 789, 790, 791, 792, 793]","[130, 601]",[],"[122, 130, 171, 179, 184, 187, 238, 248, 251, 258, 301, 350, 362, 395, 397, 593, 601, 642, 650, 655, 658, 702, 711, 714, 720, 805, 815, 845, 847]","[4, 59, 183, 232, 269, 299, 490, 535, 654, 696, 728, 758]","[4, 59, 232, 269, 299, 490, 535, 696, 728, 758]",5/6 successful match,False,,False,775,False,,,,,
"Big Pine , 93513 Hi Country Market ( Mobil )",760-938-2067 101 US 395 N,,Big Pine,93513,Hi Country Market ( Mobil ),760-938-2067,2007,Big Pine,CA,Mobil,,101 US 395 N,Proper,,False,,False,US 395,,,,,[],"[130, 601]","[130, 601]",[],"[103, 104, 105, 106, 107, 108, 109, 110, 111, 112, 113, 114, 115, 116, 117, 118, 119, 120, 121, 122, 123, 124, 125, 126, 127, 128, 129, 130, 131, 132, 133, 134, 135, 136, 137, 138, 139, 140, 141, 142, 143, 144, 145, 146, 147, 148, 149, 150, 151, 152, 153, 154, 155, 156, 157, 158, 159, 160, 161, 162, 163, 164, 165, 166, 167, 168, 169, 170, 171, 172, 173, 174, 175, 176, 177, 178, 179, 180, 181, 182, 183, 184, 185, 186, 187, 188, 189, 190, 191, 192, 193, 194, 195, 196, 197, 198, 199, 200, 201, 202, 203, 204, 205, 206, 207, 208, 209, 210, 211, 212, 213, 214, 215, 216, 217, 218, 219, 220, 221, 222, 223, 224, 225, 226, 227, 228, 229, 230, 231, 232, 233, 234, 235, 236, 237, 238, 239, 240, 241, 242, 243, 244, 245, 246, 247, 248, 249, 250, 251, 252, 253, 254, 255, 256, 257, 258, 259, 260, 261, 262, 263, 264, 265, 266, 267, 268, 269, 270, 271, 272, 273, 274, 275, 276, 277, 278, 279, 280, 281, 282, 283, 284, 285, 286, 287, 288, 289, 290, 291, 292, 293, 294, 295, 296, 297, 298, 299, 300, 301, 302, 303, 304, 305, 306, 307, 308, 309, 310, 311, 312, 313, 314, 315, 316, 317, 318, 319, 320, 321, 322, 323, 324, 325, 326, 327, 328, 329, 330, 331, 332, 333, 334, 335, 336, 337, 574, 575, 576, 577, 578, 579, 580, 581, 582, 583, 584, 585, 586, 587, 588, 589, 590, 591, 592, 593, 594, 595, 596, 597, 598, 599, 600, 601, 602, 603, 604, 605, 606, 607, 608, 609, 610, 611, 612, 613, 614, 615, 616, 617, 618, 619, 620, 621, 622, 623, 624, 625, 626, 627, 628, 629, 630, 631, 632, 633, 634, 635, 636, 637, 638, 639, 640, 641, 642, 643, 644, 645, 646, 647, 648, 649, 650, 651, 652, 653, 654, 655, 656, 657, 658, 659, 660, 661, 662, 663, 664, 665, 666, 667, 668, 669, 670, 671, 672, 673, 674, 675, 676, 677, 678, 679, 680, 681, 682, 683, 684, 685, 686, 687, 688, 689, 690, 691, 692, 693, 694, 695, 696, 697, 698, 699, 700, 701, 702, 703, 704, 705, 706, 707, 708, 709, 710, 711, 712, 713, 714, 715, 716, 717, 718, 719, 720, 721, 722, 723, 724, 725, 726, 727, 728, 729, 730, 731, 732, 733, 734, 735, 736, 737, 738, 739, 740, 741, 742, 743, 744, 745, 746, 747, 748, 749, 750, 751, 752, 753, 754, 755, 756, 757, 758, 759, 760, 761, 762, 763, 764, 765, 766, 767, 768, 769, 770, 771, 772, 773, 774, 775, 776, 777, 778, 779, 780, 781, 782, 783, 784, 785, 786, 787, 788, 789, 790, 791, 792, 793]","[122, 130, 171, 179, 184, 187, 238, 248, 251, 258, 301, 350, 362, 395, 397, 593, 601, 642, 650, 655, 658, 702, 711, 714, 720, 805, 815, 845, 847]","[4, 59, 232, 269, 299, 490, 535, 696, 728, 758]","[4, 59, 183, 232, 269, 299, 490, 535, 654, 696, 728, 758]","[4, 59, 103, 104, 105, 106, 107, 108, 109, 110, 111, 112, 113, 114, 115, 116, 117, 118, 119, 120, 121, 122, 123, 124, 125, 126, 127, 128, 129, 130, 131, 132, 133, 134, 135, 136, 137, 138, 139, 140, 141, 142, 143, 144, 145, 146, 147, 148, 149, 150, 151, 152, 153, 154, 155, 156, 157, 158, 159, 160, 161, 162, 163, 164, 165, 166, 167, 168, 169, 170, 171, 172, 173, 174, 175, 176, 177, 178, 179, 180, 181, 182, 183, 184, 185, 186, 187, 188, 189, 190, 191, 192, 193, 194, 195, 196, 197, 198, 199, 200, 201, 202, 203, 204, 205, 206, 207, 208, 209, 210, 211, 212, 213, 214, 215, 216, 217, 218, 219, 220, 221, 222, 223, 224, 225, 226, 227, 228, 229, 230, 231, 232, 233, 234, 235, 236, 237, 238, 239, 240, 241, 242, 243, 244, 245, 246, 247, 248, 249, 250, 251, 252, 253, 254, 255, 256, 257, 258, 259, 260, 261, 262, 263, 264, 265, 266, 267, 268, 269, 270, 271, 272, 273, 274, 275, 276, 277, 278, 279, 280, 281, 282, 283, 284, 285, 286, 287, 288, 289, 290, 291, 292, 293, 294, 295, 296, 297, 298, 299, 300, 301, 302, 303, 304, 305, 306, 307, 308, 309, 310, 311, 312, 313, 314, 315, 316, 317, 318, 319, 320, 321, 322, 323, 324, 325, 326, 327, 328, 329, 330, 331, 332, 333, 334, 335, 336, 337, 350, 362, 395, 397, 490, 535, 574, 575, 576, 577, 578, 579, 580, 581, 582, 583, 584, 585, 586, 587, 588, 589, 590, 591, 592, 593, 594, 595, 596, 597, 598, 599, 600, 601, 602, 603, 604, 605, 606, 607, 608, 609, 610, 611, 612, 613, 614, 615, 616, 617, 618, 619, 620, 621, 622, 623, 624, 625, 626, 627, 628, 629, 630, 631, 632, 633, 634, 635, 636, 637, 638, 639, 640, 641, 642, 643, 644, 645, 646, 647, 648, 649, 650, 651, 652, 653, 654, 655, 656, 657, 658, 659, 660, 661, 662, 663, 664, 665, 666, 667, 668, 669, 670, 671, 672, 673, 674, 675, 676, 677, 678, 679, 680, 681, 682, 683, 684, 685, 686, 687, 688, 689, 690, 691, 692, 693, 694, 695, 696, 697, 698, 699, 700, 701, 702, 703, 704, 705, 706, 707, 708, 709, 710, 711, 712, 713, 714, 715, 716, 717, 718, 719, 720, 721, 722, 723, 724, 725, 726, 727, 728, 729, 730, 731, 732, 733, 734, 735, 736, 737, 738, 739, 740, 741, 742, 743, 744, 745, 746, 747, 748, 749, 750, 751, 752, 753, 754, 755, 756, 757, 758, 759, 760, 761, 762, 763, 764, 765, 766, 767, 768, 769, 770, 771, 772, 773, 774, 775, 776, 777, 778, 779, 780, 781, 782, 783, 784, 785, 786, 787, 788, 789, 790, 791, 792, 793, 805, 815, 845, 847]",False,"[130, 601]","[103, 104, 105, 106, 107, 108, 109, 110, 111, 112, 113, 114, 115, 116, 117, 118, 119, 120, 121, 122, 123, 124, 125, 126, 127, 128, 129, 130, 131, 132, 133, 134, 135, 136, 137, 138, 139, 140, 141, 142, 143, 144, 145, 146, 147, 148, 149, 150, 151, 152, 153, 154, 155, 156, 157, 158, 159, 160, 161, 162, 163, 164, 165, 166, 167, 168, 169, 170, 171, 172, 173, 174, 175, 176, 177, 178, 179, 180, 181, 182, 183, 184, 185, 186, 187, 188, 189, 190, 191, 192, 193, 194, 195, 196, 197, 198, 199, 200, 201, 202, 203, 204, 205, 206, 207, 208, 209, 210, 211, 212, 213, 214, 215, 216, 217, 218, 219, 220, 221, 222, 223, 224, 225, 226, 227, 228, 229, 230, 231, 232, 233, 234, 235, 236, 237, 238, 239, 240, 241, 242, 243, 244, 245, 246, 247, 248, 249, 250, 251, 252, 253, 254, 255, 256, 257, 258, 259, 260, 261, 262, 263, 264, 265, 266, 267, 268, 269, 270, 271, 272, 273, 274, 275, 276, 277, 278, 279, 280, 281, 282, 283, 284, 285, 286, 287, 288, 289, 290, 291, 292, 293, 294, 295, 296, 297, 298, 299, 300, 301, 302, 303, 304, 305, 306, 307, 308, 309, 310, 311, 312, 313, 314, 315, 316, 317, 318, 319, 320, 321, 322, 323, 324, 325, 326, 327, 328, 329, 330, 331, 332, 333, 334, 335, 336, 337, 574, 575, 576, 577, 578, 579, 580, 581, 582, 583, 584, 585, 586, 587, 588, 589, 590, 591, 592, 593, 594, 595, 596, 597, 598, 599, 600, 601, 602, 603, 604, 605, 606, 607, 608, 609, 610, 611, 612, 613, 614, 615, 616, 617, 618, 619, 620, 621, 622, 623, 624, 625, 626, 627, 628, 629, 630, 631, 632, 633, 634, 635, 636, 637, 638, 639, 640, 641, 642, 643, 644, 645, 646, 647, 648, 649, 650, 651, 652, 653, 654, 655, 656, 657, 658, 659, 660, 661, 662, 663, 664, 665, 666, 667, 668, 669, 670, 671, 672, 673, 674, 675, 676, 677, 678, 679, 680, 681, 682, 683, 684, 685, 686, 687, 688, 689, 690, 691, 692, 693, 694, 695, 696, 697, 698, 699, 700, 701, 702, 703, 704, 705, 706, 707, 708, 709, 710, 711, 712, 713, 714, 715, 716, 717, 718, 719, 720, 721, 722, 723, 724, 725, 726, 727, 728, 729, 730, 731, 732, 733, 734, 735, 736, 737, 738, 739, 740, 741, 742, 743, 744, 745, 746, 747, 748, 749, 750, 751, 752, 753, 754, 755, 756, 757, 758, 759, 760, 761, 762, 763, 764, 765, 766, 767, 768, 769, 770, 771, 772, 773, 774, 775, 776, 777, 778, 779, 780, 781, 782, 783, 784, 785, 786, 787, 788, 789, 790, 791, 792, 793]","[130, 601]",[],"[122, 130, 171, 179, 184, 187, 238, 248, 251, 258, 301, 350, 362, 395, 397, 593, 601, 642, 650, 655, 658, 702, 711, 714, 720, 805, 815, 845, 847]","[4, 59, 183, 232, 269, 299, 490, 535, 654, 696, 728, 758]","[4, 59, 232, 269, 299, 490, 535, 696, 728, 758]",5/6 successful match,False,,False,775,False,,1.0,True,Hi Country Market ( Mobil ),Mobil
"Big Pine , 93513 Hi Country Market ( Mobil )",4 760-938-2067 101 US 395 N,<U+2610> D <U+2610> <U+2610>,Big Pine,93513,Hi Country Market ( Mobil ),760-938-2067,2008,Big Pine,CA,Mobil,,101 US 395 N,Proper,,False,,False,US 395,,,,,[],"[130, 601]","[130, 601]",[],"[103, 104, 105, 106, 107, 108, 109, 110, 111, 112, 113, 114, 115, 116, 117, 118, 119, 120, 121, 122, 123, 124, 125, 126, 127, 128, 129, 130, 131, 132, 133, 134, 135, 136, 137, 138, 139, 140, 141, 142, 143, 144, 145, 146, 147, 148, 149, 150, 151, 152, 153, 154, 155, 156, 157, 158, 159, 160, 161, 162, 163, 164, 165, 166, 167, 168, 169, 170, 171, 172, 173, 174, 175, 176, 177, 178, 179, 180, 181, 182, 183, 184, 185, 186, 187, 188, 189, 190, 191, 192, 193, 194, 195, 196, 197, 198, 199, 200, 201, 202, 203, 204, 205, 206, 207, 208, 209, 210, 211, 212, 213, 214, 215, 216, 217, 218, 219, 220, 221, 222, 223, 224, 225, 226, 227, 228, 229, 230, 231, 232, 233, 234, 235, 236, 237, 238, 239, 240, 241, 242, 243, 244, 245, 246, 247, 248, 249, 250, 251, 252, 253, 254, 255, 256, 257, 258, 259, 260, 261, 262, 263, 264, 265, 266, 267, 268, 269, 270, 271, 272, 273, 274, 275, 276, 277, 278, 279, 280, 281, 282, 283, 284, 285, 286, 287, 288, 289, 290, 291, 292, 293, 294, 295, 296, 297, 298, 299, 300, 301, 302, 303, 304, 305, 306, 307, 308, 309, 310, 311, 312, 313, 314, 315, 316, 317, 318, 319, 320, 321, 322, 323, 324, 325, 326, 327, 328, 329, 330, 331, 332, 333, 334, 335, 336, 337, 574, 575, 576, 577, 578, 579, 580, 581, 582, 583, 584, 585, 586, 587, 588, 589, 590, 591, 592, 593, 594, 595, 596, 597, 598, 599, 600, 601, 602, 603, 604, 605, 606, 607, 608, 609, 610, 611, 612, 613, 614, 615, 616, 617, 618, 619, 620, 621, 622, 623, 624, 625, 626, 627, 628, 629, 630, 631, 632, 633, 634, 635, 636, 637, 638, 639, 640, 641, 642, 643, 644, 645, 646, 647, 648, 649, 650, 651, 652, 653, 654, 655, 656, 657, 658, 659, 660, 661, 662, 663, 664, 665, 666, 667, 668, 669, 670, 671, 672, 673, 674, 675, 676, 677, 678, 679, 680, 681, 682, 683, 684, 685, 686, 687, 688, 689, 690, 691, 692, 693, 694, 695, 696, 697, 698, 699, 700, 701, 702, 703, 704, 705, 706, 707, 708, 709, 710, 711, 712, 713, 714, 715, 716, 717, 718, 719, 720, 721, 722, 723, 724, 725, 726, 727, 728, 729, 730, 731, 732, 733, 734, 735, 736, 737, 738, 739, 740, 741, 742, 743, 744, 745, 746, 747, 748, 749, 750, 751, 752, 753, 754, 755, 756, 757, 758, 759, 760, 761, 762, 763, 764, 765, 766, 767, 768, 769, 770, 771, 772, 773, 774, 775, 776, 777, 778, 779, 780, 781, 782, 783, 784, 785, 786, 787, 788, 789, 790, 791, 792, 793]","[122, 130, 171, 179, 184, 187, 238, 248, 251, 258, 301, 350, 362, 395, 397, 593, 601, 642, 650, 655, 658, 702, 711, 714, 720, 805, 815, 845, 847]","[4, 59, 232, 269, 299, 490, 535, 696, 728, 758]","[4, 59, 183, 232, 269, 299, 490, 535, 654, 696, 728, 758]","[4, 59, 103, 104, 105, 106, 107, 108, 109, 110, 111, 112, 113, 114, 115, 116, 117, 118, 119, 120, 121, 122, 123, 124, 125, 126, 127, 128, 129, 130, 131, 132, 133, 134, 135, 136, 137, 138, 139, 140, 141, 142, 143, 144, 145, 146, 147, 148, 149, 150, 151, 152, 153, 154, 155, 156, 157, 158, 159, 160, 161, 162, 163, 164, 165, 166, 167, 168, 169, 170, 171, 172, 173, 174, 175, 176, 177, 178, 179, 180, 181, 182, 183, 184, 185, 186, 187, 188, 189, 190, 191, 192, 193, 194, 195, 196, 197, 198, 199, 200, 201, 202, 203, 204, 205, 206, 207, 208, 209, 210, 211, 212, 213, 214, 215, 216, 217, 218, 219, 220, 221, 222, 223, 224, 225, 226, 227, 228, 229, 230, 231, 232, 233, 234, 235, 236, 237, 238, 239, 240, 241, 242, 243, 244, 245, 246, 247, 248, 249, 250, 251, 252, 253, 254, 255, 256, 257, 258, 259, 260, 261, 262, 263, 264, 265, 266, 267, 268, 269, 270, 271, 272, 273, 274, 275, 276, 277, 278, 279, 280, 281, 282, 283, 284, 285, 286, 287, 288, 289, 290, 291, 292, 293, 294, 295, 296, 297, 298, 299, 300, 301, 302, 303, 304, 305, 306, 307, 308, 309, 310, 311, 312, 313, 314, 315, 316, 317, 318, 319, 320, 321, 322, 323, 324, 325, 326, 327, 328, 329, 330, 331, 332, 333, 334, 335, 336, 337, 350, 362, 395, 397, 490, 535, 574, 575, 576, 577, 578, 579, 580, 581, 582, 583, 584, 585, 586, 587, 588, 589, 590, 591, 592, 593, 594, 595, 596, 597, 598, 599, 600, 601, 602, 603, 604, 605, 606, 607, 608, 609, 610, 611, 612, 613, 614, 615, 616, 617, 618, 619, 620, 621, 622, 623, 624, 625, 626, 627, 628, 629, 630, 631, 632, 633, 634, 635, 636, 637, 638, 639, 640, 641, 642, 643, 644, 645, 646, 647, 648, 649, 650, 651, 652, 653, 654, 655, 656, 657, 658, 659, 660, 661, 662, 663, 664, 665, 666, 667, 668, 669, 670, 671, 672, 673, 674, 675, 676, 677, 678, 679, 680, 681, 682, 683, 684, 685, 686, 687, 688, 689, 690, 691, 692, 693, 694, 695, 696, 697, 698, 699, 700, 701, 702, 703, 704, 705, 706, 707, 708, 709, 710, 711, 712, 713, 714, 715, 716, 717, 718, 719, 720, 721, 722, 723, 724, 725, 726, 727, 728, 729, 730, 731, 732, 733, 734, 735, 736, 737, 738, 739, 740, 741, 742, 743, 744, 745, 746, 747, 748, 749, 750, 751, 752, 753, 754, 755, 756, 757, 758, 759, 760, 761, 762, 763, 764, 765, 766, 767, 768, 769, 770, 771, 772, 773, 774, 775, 776, 777, 778, 779, 780, 781, 782, 783, 784, 785, 786, 787, 788, 789, 790, 791, 792, 793, 805, 815, 845, 847]",False,"[130, 601]","[103, 104, 105, 106, 107, 108, 109, 110, 111, 112, 113, 114, 115, 116, 117, 118, 119, 120, 121, 122, 123, 124, 125, 126, 127, 128, 129, 130, 131, 132, 133, 134, 135, 136, 137, 138, 139, 140, 141, 142, 143, 144, 145, 146, 147, 148, 149, 150, 151, 152, 153, 154, 155, 156, 157, 158, 159, 160, 161, 162, 163, 164, 165, 166, 167, 168, 169, 170, 171, 172, 173, 174, 175, 176, 177, 178, 179, 180, 181, 182, 183, 184, 185, 186, 187, 188, 189, 190, 191, 192, 193, 194, 195, 196, 197, 198, 199, 200, 201, 202, 203, 204, 205, 206, 207, 208, 209, 210, 211, 212, 213, 214, 215, 216, 217, 218, 219, 220, 221, 222, 223, 224, 225, 226, 227, 228, 229, 230, 231, 232, 233, 234, 235, 236, 237, 238, 239, 240, 241, 242, 243, 244, 245, 246, 247, 248, 249, 250, 251, 252, 253, 254, 255, 256, 257, 258, 259, 260, 261, 262, 263, 264, 265, 266, 267, 268, 269, 270, 271, 272, 273, 274, 275, 276, 277, 278, 279, 280, 281, 282, 283, 284, 285, 286, 287, 288, 289, 290, 291, 292, 293, 294, 295, 296, 297, 298, 299, 300, 301, 302, 303, 304, 305, 306, 307, 308, 309, 310, 311, 312, 313, 314, 315, 316, 317, 318, 319, 320, 321, 322, 323, 324, 325, 326, 327, 328, 329, 330, 331, 332, 333, 334, 335, 336, 337, 574, 575, 576, 577, 578, 579, 580, 581, 582, 583, 584, 585, 586, 587, 588, 589, 590, 591, 592, 593, 594, 595, 596, 597, 598, 599, 600, 601, 602, 603, 604, 605, 606, 607, 608, 609, 610, 611, 612, 613, 614, 615, 616, 617, 618, 619, 620, 621, 622, 623, 624, 625, 626, 627, 628, 629, 630, 631, 632, 633, 634, 635, 636, 637, 638, 639, 640, 641, 642, 643, 644, 645, 646, 647, 648, 649, 650, 651, 652, 653, 654, 655, 656, 657, 658, 659, 660, 661, 662, 663, 664, 665, 666, 667, 668, 669, 670, 671, 672, 673, 674, 675, 676, 677, 678, 679, 680, 681, 682, 683, 684, 685, 686, 687, 688, 689, 690, 691, 692, 693, 694, 695, 696, 697, 698, 699, 700, 701, 702, 703, 704, 705, 706, 707, 708, 709, 710, 711, 712, 713, 714, 715, 716, 717, 718, 719, 720, 721, 722, 723, 724, 725, 726, 727, 728, 729, 730, 731, 732, 733, 734, 735, 736, 737, 738, 739, 740, 741, 742, 743, 744, 745, 746, 747, 748, 749, 750, 751, 752, 753, 754, 755, 756, 757, 758, 759, 760, 761, 762, 763, 764, 765, 766, 767, 768, 769, 770, 771, 772, 773, 774, 775, 776, 777, 778, 779, 780, 781, 782, 783, 784, 785, 786, 787, 788, 789, 790, 791, 792, 793]","[130, 601]",[],"[122, 130, 171, 179, 184, 187, 238, 248, 251, 258, 301, 350, 362, 395, 397, 593, 601, 642, 650, 655, 658, 702, 711, 714, 720, 805, 815, 845, 847]","[4, 59, 183, 232, 269, 299, 490, 535, 654, 696, 728, 758]","[4, 59, 232, 269, 299, 490, 535, 696, 728, 758]",5/6 successful match,False,,False,775,False,,1.0,True,Hi Country Market ( Mobil ),Mobil
"Chalfant , 93514 AJ's Market",760-873-3990 4750 US 6 & Brown Subdivision Rd,M <U+2610> <U+2610>,Chalfant,93514,AJ's Market,760-873-3990,2006,Bishop,CA,,,4750 US 6 & Brown Subdivision Rd,Proper,,False,,False,US 6,Brown Subdivision Rd,,,,[],"[122, 187, 593, 658]","[122, 187, 593, 658]",[],"[103, 104, 105, 106, 107, 108, 109, 110, 111, 112, 113, 114, 115, 116, 117, 118, 119, 120, 121, 122, 123, 124, 125, 126, 127, 128, 129, 130, 131, 132, 133, 134, 135, 136, 137, 138, 139, 140, 141, 142, 143, 144, 145, 146, 147, 148, 149, 150, 151, 152, 153, 154, 155, 156, 157, 158, 159, 160, 161, 162, 163, 164, 165, 166, 167, 168, 169, 170, 171, 172, 173, 174, 175, 176, 177, 178, 179, 180, 181, 182, 183, 184, 185, 186, 187, 188, 189, 190, 191, 192, 193, 194, 195, 196, 197, 198, 199, 200, 201, 202, 203, 204, 205, 206, 207, 208, 209, 210, 211, 212, 213, 214, 215, 216, 217, 218, 219, 220, 221, 222, 223, 224, 225, 226, 227, 228, 229, 230, 231, 232, 233, 234, 235, 236, 237, 238, 239, 240, 241, 242, 243, 244, 245, 246, 247, 248, 249, 250, 251, 252, 253, 254, 255, 256, 257, 258, 259, 260, 261, 262, 263, 264, 265, 266, 267, 268, 269, 270, 271, 272, 273, 274, 275, 276, 277, 278, 279, 280, 281, 282, 283, 284, 285, 286, 287, 288, 289, 290, 291, 292, 293, 294, 295, 296, 297, 298, 299, 300, 301, 302, 303, 304, 305, 306, 307, 308, 309, 310, 311, 312, 313, 314, 315, 316, 317, 318, 319, 320, 321, 322, 323, 324, 325, 326, 327, 328, 329, 330, 331, 332, 333, 334, 335, 336, 337, 574, 575, 576, 577, 578, 579, 580, 581, 582, 583, 584, 585, 586, 587, 588, 589, 590, 591, 592, 593, 594, 595, 596, 597, 598, 599, 600, 601, 602, 603, 604, 605, 606, 607, 608, 609, 610, 611, 612, 613, 614, 615, 616, 617, 618, 619, 620, 621, 622, 623, 624, 625, 626, 627, 628, 629, 630, 631, 632, 633, 634, 635, 636, 637, 638, 639, 640, 641, 642, 643, 644, 645, 646, 647, 648, 649, 650, 651, 652, 653, 654, 655, 656, 657, 658, 659, 660, 661, 662, 663, 664, 665, 666, 667, 668, 669, 670, 671, 672, 673, 674, 675, 676, 677, 678, 679, 680, 681, 682, 683, 684, 685, 686, 687, 688, 689, 690, 691, 692, 693, 694, 695, 696, 697, 698, 699, 700, 701, 702, 703, 704, 705, 706, 707, 708, 709, 710, 711, 712, 713, 714, 715, 716, 717, 718, 719, 720, 721, 722, 723, 724, 725, 726, 727, 728, 729, 730, 731, 732, 733, 734, 735, 736, 737, 738, 739, 740, 741, 742, 743, 744, 745, 746, 747, 748, 749, 750, 751, 752, 753, 754, 755, 756, 757, 758, 759, 760, 761, 762, 763, 764, 765, 766, 767, 768, 769, 770, 771, 772, 773, 774, 775, 776, 777, 778, 779, 780, 781, 782, 783, 784, 785, 786, 787, 788, 789, 790, 791, 792, 793]","[268, 285, 360, 372, 386, 407, 453, 727, 744, 822, 836, 856, 900]",[],[],"[103, 104, 105, 106, 107, 108, 109, 110, 111, 112, 113, 114, 115, 116, 117, 118, 119, 120, 121, 122, 123, 124, 125, 126, 127, 128, 129, 130, 131, 132, 133, 134, 135, 136, 137, 138, 139, 140, 141, 142, 143, 144, 145, 146, 147, 148, 149, 150, 151, 152, 153, 154, 155, 156, 157, 158, 159, 160, 161, 162, 163, 164, 165, 166, 167, 168, 169, 170, 171, 172, 173, 174, 175, 176, 177, 178, 179, 180, 181, 182, 183, 184, 185, 186, 187, 188, 189, 190, 191, 192, 193, 194, 195, 196, 197, 198, 199, 200, 201, 202, 203, 204, 205, 206, 207, 208, 209, 210, 211, 212, 213, 214, 215, 216, 217, 218, 219, 220, 221, 222, 223, 224, 225, 226, 227, 228, 229, 230, 231, 232, 233, 234, 235, 236, 237, 238, 239, 240, 241, 242, 243, 244, 245, 246, 247, 248, 249, 250, 251, 252, 253, 254, 255, 256, 257, 258, 259, 260, 261, 262, 263, 264, 265, 266, 267, 268, 269, 270, 271, 272, 273, 274, 275, 276, 277, 278, 279, 280, 281, 282, 283, 284, 285, 286, 287, 288, 289, 290, 291, 292, 293, 294, 295, 296, 297, 298, 299, 300, 301, 302, 303, 304, 305, 306, 307, 308, 309, 310, 311, 312, 313, 314, 315, 316, 317, 318, 319, 320, 321, 322, 323, 324, 325, 326, 327, 328, 329, 330, 331, 332, 333, 334, 335, 336, 337, 360, 372, 386, 407, 453, 574, 575, 576, 577, 578, 579, 580, 581, 582, 583, 584, 585, 586, 587, 588, 589, 590, 591, 592, 593, 594, 595, 596, 597, 598, 599, 600, 601, 602, 603, 604, 605, 606, 607, 608, 609, 610, 611, 612, 613, 614, 615, 616, 617, 618, 619, 620, 621, 622, 623, 624, 625, 626, 627, 628, 629, 630, 631, 632, 633, 634, 635, 636, 637, 638, 639, 640, 641, 642, 643, 644, 645, 646, 647, 648, 649, 650, 651, 652, 653, 654, 655, 656, 657, 658, 659, 660, 661, 662, 663, 664, 665, 666, 667, 668, 669, 670, 671, 672, 673, 674, 675, 676, 677, 678, 679, 680, 681, 682, 683, 684, 685, 686, 687, 688, 689, 690, 691, 692, 693, 694, 695, 696, 697, 698, 699, 700, 701, 702, 703, 704, 705, 706, 707, 708, 709, 710, 711, 712, 713, 714, 715, 716, 717, 718, 719, 720, 721, 722, 723, 724, 725, 726, 727, 728, 729, 730, 731, 732, 733, 734, 735, 736, 737, 738, 739, 740, 741, 742, 743, 744, 745, 746, 747, 748, 749, 750, 751, 752, 753, 754, 755, 756, 757, 758, 759, 760, 761, 762, 763, 764, 765, 766, 767, 768, 769, 770, 771, 772, 773, 774, 775, 776, 777, 778, 779, 780, 781, 782, 783, 784, 785, 786, 787, 788, 789, 790, 791, 792, 793, 822, 836, 856, 900]",False,"[122, 187, 593, 658]","[103, 104, 105, 106, 107, 108, 109, 110, 111, 112, 113, 114, 115, 116, 117, 118, 119, 120, 121, 122, 123, 124, 125, 126, 127, 128, 129, 130, 131, 132, 133, 134, 135, 136, 137, 138, 139, 140, 141, 142, 143, 144, 145, 146, 147, 148, 149, 150, 151, 152, 153, 154, 155, 156, 157, 158, 159, 160, 161, 162, 163, 164, 165, 166, 167, 168, 169, 170, 171, 172, 173, 174, 175, 176, 177, 178, 179, 180, 181, 182, 183, 184, 185, 186, 187, 188, 189, 190, 191, 192, 193, 194, 195, 196, 197, 198, 199, 200, 201, 202, 203, 204, 205, 206, 207, 208, 209, 210, 211, 212, 213, 214, 215, 216, 217, 218, 219, 220, 221, 222, 223, 224, 225, 226, 227, 228, 229, 230, 231, 232, 233, 234, 235, 236, 237, 238, 239, 240, 241, 242, 243, 244, 245, 246, 247, 248, 249, 250, 251, 252, 253, 254, 255, 256, 257, 258, 259, 260, 261, 262, 263, 264, 265, 266, 267, 268, 269, 270, 271, 272, 273, 274, 275, 276, 277, 278, 279, 280, 281, 282, 283, 284, 285, 286, 287, 288, 289, 290, 291, 292, 293, 294, 295, 296, 297, 298, 299, 300, 301, 302, 303, 304, 305, 306, 307, 308, 309, 310, 311, 312, 313, 314, 315, 316, 317, 318, 319, 320, 321, 322, 323, 324, 325, 326, 327, 328, 329, 330, 331, 332, 333, 334, 335, 336, 337, 574, 575, 576, 577, 578, 579, 580, 581, 582, 583, 584, 585, 586, 587, 588, 589, 590, 591, 592, 593, 594, 595, 596, 597, 598, 599, 600, 601, 602, 603, 604, 605, 606, 607, 608, 609, 610, 611, 612, 613, 614, 615, 616, 617, 618, 619, 620, 621, 622, 623, 624, 625, 626, 627, 628, 629, 630, 631, 632, 633, 634, 635, 636, 637, 638, 639, 640, 641, 642, 643, 644, 645, 646, 647, 648, 649, 650, 651, 652, 653, 654, 655, 656, 657, 658, 659, 660, 661, 662, 663, 664, 665, 666, 667, 668, 669, 670, 671, 672, 673, 674, 675, 676, 677, 678, 679, 680, 681, 682, 683, 684, 685, 686, 687, 688, 689, 690, 691, 692, 693, 694, 695, 696, 697, 698, 699, 700, 701, 702, 703, 704, 705, 706, 707, 708, 709, 710, 711, 712, 713, 714, 715, 716, 717, 718, 719, 720, 721, 722, 723, 724, 725, 726, 727, 728, 729, 730, 731, 732, 733, 734, 735, 736, 737, 738, 739, 740, 741, 742, 743, 744, 745, 746, 747, 748, 749, 750, 751, 752, 753, 754, 755, 756, 757, 758, 759, 760, 761, 762, 763, 764, 765, 766, 767, 768, 769, 770, 771, 772, 773, 774, 775, 776, 777, 778, 779, 780, 781, 782, 783, 784, 785, 786, 787, 788, 789, 790, 791, 792, 793]","[122, 187, 593, 658]",[],"[268, 285, 360, 372, 386, 407, 453, 727, 744, 822, 836, 856, 900]",[],[],4/6 successful match,False,,False,776,False,,,,,
"Chalfant , 93514 AJ's Market",760-873-3990 4750 US 6 & Brown Subdivision Rd,- <U+2610>,Chalfant,93514,AJ's Market,760-873-3990,2007,Bishop,CA,,,4750 US 6 & Brown Subdivision Rd,Proper,,False,,False,US 6,Brown Subdivision Rd,,,,[],"[122, 187, 593, 658]","[122, 187, 593, 658]",[],"[103, 104, 105, 106, 107, 108, 109, 110, 111, 112, 113, 114, 115, 116, 117, 118, 119, 120, 121, 122, 123, 124, 125, 126, 127, 128, 129, 130, 131, 132, 133, 134, 135, 136, 137, 138, 139, 140, 141, 142, 143, 144, 145, 146, 147, 148, 149, 150, 151, 152, 153, 154, 155, 156, 157, 158, 159, 160, 161, 162, 163, 164, 165, 166, 167, 168, 169, 170, 171, 172, 173, 174, 175, 176, 177, 178, 179, 180, 181, 182, 183, 184, 185, 186, 187, 188, 189, 190, 191, 192, 193, 194, 195, 196, 197, 198, 199, 200, 201, 202, 203, 204, 205, 206, 207, 208, 209, 210, 211, 212, 213, 214, 215, 216, 217, 218, 219, 220, 221, 222, 223, 224, 225, 226, 227, 228, 229, 230, 231, 232, 233, 234, 235, 236, 237, 238, 239, 240, 241, 242, 243, 244, 245, 246, 247, 248, 249, 250, 251, 252, 253, 254, 255, 256, 257, 258, 259, 260, 261, 262, 263, 264, 265, 266, 267, 268, 269, 270, 271, 272, 273, 274, 275, 276, 277, 278, 279, 280, 281, 282, 283, 284, 285, 286, 287, 288, 289, 290, 291, 292, 293, 294, 295, 296, 297, 298, 299, 300, 301, 302, 303, 304, 305, 306, 307, 308, 309, 310, 311, 312, 313, 314, 315, 316, 317, 318, 319, 320, 321, 322, 323, 324, 325, 326, 327, 328, 329, 330, 331, 332, 333, 334, 335, 336, 337, 574, 575, 576, 577, 578, 579, 580, 581, 582, 583, 584, 585, 586, 587, 588, 589, 590, 591, 592, 593, 594, 595, 596, 597, 598, 599, 600, 601, 602, 603, 604, 605, 606, 607, 608, 609, 610, 611, 612, 613, 614, 615, 616, 617, 618, 619, 620, 621, 622, 623, 624, 625, 626, 627, 628, 629, 630, 631, 632, 633, 634, 635, 636, 637, 638, 639, 640, 641, 642, 643, 644, 645, 646, 647, 648, 649, 650, 651, 652, 653, 654, 655, 656, 657, 658, 659, 660, 661, 662, 663, 664, 665, 666, 667, 668, 669, 670, 671, 672, 673, 674, 675, 676, 677, 678, 679, 680, 681, 682, 683, 684, 685, 686, 687, 688, 689, 690, 691, 692, 693, 694, 695, 696, 697, 698, 699, 700, 701, 702, 703, 704, 705, 706, 707, 708, 709, 710, 711, 712, 713, 714, 715, 716, 717, 718, 719, 720, 721, 722, 723, 724, 725, 726, 727, 728, 729, 730, 731, 732, 733, 734, 735, 736, 737, 738, 739, 740, 741, 742, 743, 744, 745, 746, 747, 748, 749, 750, 751, 752, 753, 754, 755, 756, 757, 758, 759, 760, 761, 762, 763, 764, 765, 766, 767, 768, 769, 770, 771, 772, 773, 774, 775, 776, 777, 778, 779, 780, 781, 782, 783, 784, 785, 786, 787, 788, 789, 790, 791, 792, 793]","[268, 285, 360, 372, 386, 407, 453, 727, 744, 822, 836, 856, 900]",[],[],"[103, 104, 105, 106, 107, 108, 109, 110, 111, 112, 113, 114, 115, 116, 117, 118, 119, 120, 121, 122, 123, 124, 125, 126, 127, 128, 129, 130, 131, 132, 133, 134, 135, 136, 137, 138, 139, 140, 141, 142, 143, 144, 145, 146, 147, 148, 149, 150, 151, 152, 153, 154, 155, 156, 157, 158, 159, 160, 161, 162, 163, 164, 165, 166, 167, 168, 169, 170, 171, 172, 173, 174, 175, 176, 177, 178, 179, 180, 181, 182, 183, 184, 185, 186, 187, 188, 189, 190, 191, 192, 193, 194, 195, 196, 197, 198, 199, 200, 201, 202, 203, 204, 205, 206, 207, 208, 209, 210, 211, 212, 213, 214, 215, 216, 217, 218, 219, 220, 221, 222, 223, 224, 225, 226, 227, 228, 229, 230, 231, 232, 233, 234, 235, 236, 237, 238, 239, 240, 241, 242, 243, 244, 245, 246, 247, 248, 249, 250, 251, 252, 253, 254, 255, 256, 257, 258, 259, 260, 261, 262, 263, 264, 265, 266, 267, 268, 269, 270, 271, 272, 273, 274, 275, 276, 277, 278, 279, 280, 281, 282, 283, 284, 285, 286, 287, 288, 289, 290, 291, 292, 293, 294, 295, 296, 297, 298, 299, 300, 301, 302, 303, 304, 305, 306, 307, 308, 309, 310, 311, 312, 313, 314, 315, 316, 317, 318, 319, 320, 321, 322, 323, 324, 325, 326, 327, 328, 329, 330, 331, 332, 333, 334, 335, 336, 337, 360, 372, 386, 407, 453, 574, 575, 576, 577, 578, 579, 580, 581, 582, 583, 584, 585, 586, 587, 588, 589, 590, 591, 592, 593, 594, 595, 596, 597, 598, 599, 600, 601, 602, 603, 604, 605, 606, 607, 608, 609, 610, 611, 612, 613, 614, 615, 616, 617, 618, 619, 620, 621, 622, 623, 624, 625, 626, 627, 628, 629, 630, 631, 632, 633, 634, 635, 636, 637, 638, 639, 640, 641, 642, 643, 644, 645, 646, 647, 648, 649, 650, 651, 652, 653, 654, 655, 656, 657, 658, 659, 660, 661, 662, 663, 664, 665, 666, 667, 668, 669, 670, 671, 672, 673, 674, 675, 676, 677, 678, 679, 680, 681, 682, 683, 684, 685, 686, 687, 688, 689, 690, 691, 692, 693, 694, 695, 696, 697, 698, 699, 700, 701, 702, 703, 704, 705, 706, 707, 708, 709, 710, 711, 712, 713, 714, 715, 716, 717, 718, 719, 720, 721, 722, 723, 724, 725, 726, 727, 728, 729, 730, 731, 732, 733, 734, 735, 736, 737, 738, 739, 740, 741, 742, 743, 744, 745, 746, 747, 748, 749, 750, 751, 752, 753, 754, 755, 756, 757, 758, 759, 760, 761, 762, 763, 764, 765, 766, 767, 768, 769, 770, 771, 772, 773, 774, 775, 776, 777, 778, 779, 780, 781, 782, 783, 784, 785, 786, 787, 788, 789, 790, 791, 792, 793, 822, 836, 856, 900]",False,"[122, 187, 593, 658]","[103, 104, 105, 106, 107, 108, 109, 110, 111, 112, 113, 114, 115, 116, 117, 118, 119, 120, 121, 122, 123, 124, 125, 126, 127, 128, 129, 130, 131, 132, 133, 134, 135, 136, 137, 138, 139, 140, 141, 142, 143, 144, 145, 146, 147, 148, 149, 150, 151, 152, 153, 154, 155, 156, 157, 158, 159, 160, 161, 162, 163, 164, 165, 166, 167, 168, 169, 170, 171, 172, 173, 174, 175, 176, 177, 178, 179, 180, 181, 182, 183, 184, 185, 186, 187, 188, 189, 190, 191, 192, 193, 194, 195, 196, 197, 198, 199, 200, 201, 202, 203, 204, 205, 206, 207, 208, 209, 210, 211, 212, 213, 214, 215, 216, 217, 218, 219, 220, 221, 222, 223, 224, 225, 226, 227, 228, 229, 230, 231, 232, 233, 234, 235, 236, 237, 238, 239, 240, 241, 242, 243, 244, 245, 246, 247, 248, 249, 250, 251, 252, 253, 254, 255, 256, 257, 258, 259, 260, 261, 262, 263, 264, 265, 266, 267, 268, 269, 270, 271, 272, 273, 274, 275, 276, 277, 278, 279, 280, 281, 282, 283, 284, 285, 286, 287, 288, 289, 290, 291, 292, 293, 294, 295, 296, 297, 298, 299, 300, 301, 302, 303, 304, 305, 306, 307, 308, 309, 310, 311, 312, 313, 314, 315, 316, 317, 318, 319, 320, 321, 322, 323, 324, 325, 326, 327, 328, 329, 330, 331, 332, 333, 334, 335, 336, 337, 574, 575, 576, 577, 578, 579, 580, 581, 582, 583, 584, 585, 586, 587, 588, 589, 590, 591, 592, 593, 594, 595, 596, 597, 598, 599, 600, 601, 602, 603, 604, 605, 606, 607, 608, 609, 610, 611, 612, 613, 614, 615, 616, 617, 618, 619, 620, 621, 622, 623, 624, 625, 626, 627, 628, 629, 630, 631, 632, 633, 634, 635, 636, 637, 638, 639, 640, 641, 642, 643, 644, 645, 646, 647, 648, 649, 650, 651, 652, 653, 654, 655, 656, 657, 658, 659, 660, 661, 662, 663, 664, 665, 666, 667, 668, 669, 670, 671, 672, 673, 674, 675, 676, 677, 678, 679, 680, 681, 682, 683, 684, 685, 686, 687, 688, 689, 690, 691, 692, 693, 694, 695, 696, 697, 698, 699, 700, 701, 702, 703, 704, 705, 706, 707, 708, 709, 710, 711, 712, 713, 714, 715, 716, 717, 718, 719, 720, 721, 722, 723, 724, 725, 726, 727, 728, 729, 730, 731, 732, 733, 734, 735, 736, 737, 738, 739, 740, 741, 742, 743, 744, 745, 746, 747, 748, 749, 750, 751, 752, 753, 754, 755, 756, 757, 758, 759, 760, 761, 762, 763, 764, 765, 766, 767, 768, 769, 770, 771, 772, 773, 774, 775, 776, 777, 778, 779, 780, 781, 782, 783, 784, 785, 786, 787, 788, 789, 790, 791, 792, 793]","[122, 187, 593, 658]",[],"[268, 285, 360, 372, 386, 407, 453, 727, 744, 822, 836, 856, 900]",[],[],4/6 successful match,False,,False,776,False,,0.8999999999999999,True,AJ's Market,
"E Chalfant , 93514 AJ's Market",760-873-3990 4750 US 6 & Brown Subdivision Rd,<U+2610>,Chalfant,93514,AJ's Market,760-873-3990,2008,Bishop,CA,,,4750 US 6 & Brown Subdivision Rd,Proper,,False,,False,US 6,Brown Subdivision Rd,,,,[],"[122, 187, 593, 658]","[122, 187, 593, 658]",[],"[103, 104, 105, 106, 107, 108, 109, 110, 111, 112, 113, 114, 115, 116, 117, 118, 119, 120, 121, 122, 123, 124, 125, 126, 127, 128, 129, 130, 131, 132, 133, 134, 135, 136, 137, 138, 139, 140, 141, 142, 143, 144, 145, 146, 147, 148, 149, 150, 151, 152, 153, 154, 155, 156, 157, 158, 159, 160, 161, 162, 163, 164, 165, 166, 167, 168, 169, 170, 171, 172, 173, 174, 175, 176, 177, 178, 179, 180, 181, 182, 183, 184, 185, 186, 187, 188, 189, 190, 191, 192, 193, 194, 195, 196, 197, 198, 199, 200, 201, 202, 203, 204, 205, 206, 207, 208, 209, 210, 211, 212, 213, 214, 215, 216, 217, 218, 219, 220, 221, 222, 223, 224, 225, 226, 227, 228, 229, 230, 231, 232, 233, 234, 235, 236, 237, 238, 239, 240, 241, 242, 243, 244, 245, 246, 247, 248, 249, 250, 251, 252, 253, 254, 255, 256, 257, 258, 259, 260, 261, 262, 263, 264, 265, 266, 267, 268, 269, 270, 271, 272, 273, 274, 275, 276, 277, 278, 279, 280, 281, 282, 283, 284, 285, 286, 287, 288, 289, 290, 291, 292, 293, 294, 295, 296, 297, 298, 299, 300, 301, 302, 303, 304, 305, 306, 307, 308, 309, 310, 311, 312, 313, 314, 315, 316, 317, 318, 319, 320, 321, 322, 323, 324, 325, 326, 327, 328, 329, 330, 331, 332, 333, 334, 335, 336, 337, 574, 575, 576, 577, 578, 579, 580, 581, 582, 583, 584, 585, 586, 587, 588, 589, 590, 591, 592, 593, 594, 595, 596, 597, 598, 599, 600, 601, 602, 603, 604, 605, 606, 607, 608, 609, 610, 611, 612, 613, 614, 615, 616, 617, 618, 619, 620, 621, 622, 623, 624, 625, 626, 627, 628, 629, 630, 631, 632, 633, 634, 635, 636, 637, 638, 639, 640, 641, 642, 643, 644, 645, 646, 647, 648, 649, 650, 651, 652, 653, 654, 655, 656, 657, 658, 659, 660, 661, 662, 663, 664, 665, 666, 667, 668, 669, 670, 671, 672, 673, 674, 675, 676, 677, 678, 679, 680, 681, 682, 683, 684, 685, 686, 687, 688, 689, 690, 691, 692, 693, 694, 695, 696, 697, 698, 699, 700, 701, 702, 703, 704, 705, 706, 707, 708, 709, 710, 711, 712, 713, 714, 715, 716, 717, 718, 719, 720, 721, 722, 723, 724, 725, 726, 727, 728, 729, 730, 731, 732, 733, 734, 735, 736, 737, 738, 739, 740, 741, 742, 743, 744, 745, 746, 747, 748, 749, 750, 751, 752, 753, 754, 755, 756, 757, 758, 759, 760, 761, 762, 763, 764, 765, 766, 767, 768, 769, 770, 771, 772, 773, 774, 775, 776, 777, 778, 779, 780, 781, 782, 783, 784, 785, 786, 787, 788, 789, 790, 791, 792, 793]","[268, 285, 360, 372, 386, 407, 453, 727, 744, 822, 836, 856, 900]",[],[],"[103, 104, 105, 106, 107, 108, 109, 110, 111, 112, 113, 114, 115, 116, 117, 118, 119, 120, 121, 122, 123, 124, 125, 126, 127, 128, 129, 130, 131, 132, 133, 134, 135, 136, 137, 138, 139, 140, 141, 142, 143, 144, 145, 146, 147, 148, 149, 150, 151, 152, 153, 154, 155, 156, 157, 158, 159, 160, 161, 162, 163, 164, 165, 166, 167, 168, 169, 170, 171, 172, 173, 174, 175, 176, 177, 178, 179, 180, 181, 182, 183, 184, 185, 186, 187, 188, 189, 190, 191, 192, 193, 194, 195, 196, 197, 198, 199, 200, 201, 202, 203, 204, 205, 206, 207, 208, 209, 210, 211, 212, 213, 214, 215, 216, 217, 218, 219, 220, 221, 222, 223, 224, 225, 226, 227, 228, 229, 230, 231, 232, 233, 234, 235, 236, 237, 238, 239, 240, 241, 242, 243, 244, 245, 246, 247, 248, 249, 250, 251, 252, 253, 254, 255, 256, 257, 258, 259, 260, 261, 262, 263, 264, 265, 266, 267, 268, 269, 270, 271, 272, 273, 274, 275, 276, 277, 278, 279, 280, 281, 282, 283, 284, 285, 286, 287, 288, 289, 290, 291, 292, 293, 294, 295, 296, 297, 298, 299, 300, 301, 302, 303, 304, 305, 306, 307, 308, 309, 310, 311, 312, 313, 314, 315, 316, 317, 318, 319, 320, 321, 322, 323, 324, 325, 326, 327, 328, 329, 330, 331, 332, 333, 334, 335, 336, 337, 360, 372, 386, 407, 453, 574, 575, 576, 577, 578, 579, 580, 581, 582, 583, 584, 585, 586, 587, 588, 589, 590, 591, 592, 593, 594, 595, 596, 597, 598, 599, 600, 601, 602, 603, 604, 605, 606, 607, 608, 609, 610, 611, 612, 613, 614, 615, 616, 617, 618, 619, 620, 621, 622, 623, 624, 625, 626, 627, 628, 629, 630, 631, 632, 633, 634, 635, 636, 637, 638, 639, 640, 641, 642, 643, 644, 645, 646, 647, 648, 649, 650, 651, 652, 653, 654, 655, 656, 657, 658, 659, 660, 661, 662, 663, 664, 665, 666, 667, 668, 669, 670, 671, 672, 673, 674, 675, 676, 677, 678, 679, 680, 681, 682, 683, 684, 685, 686, 687, 688, 689, 690, 691, 692, 693, 694, 695, 696, 697, 698, 699, 700, 701, 702, 703, 704, 705, 706, 707, 708, 709, 710, 711, 712, 713, 714, 715, 716, 717, 718, 719, 720, 721, 722, 723, 724, 725, 726, 727, 728, 729, 730, 731, 732, 733, 734, 735, 736, 737, 738, 739, 740, 741, 742, 743, 744, 745, 746, 747, 748, 749, 750, 751, 752, 753, 754, 755, 756, 757, 758, 759, 760, 761, 762, 763, 764, 765, 766, 767, 768, 769, 770, 771, 772, 773, 774, 775, 776, 777, 778, 779, 780, 781, 782, 783, 784, 785, 786, 787, 788, 789, 790, 791, 792, 793, 822, 836, 856, 900]",False,"[122, 187, 593, 658]","[103, 104, 105, 106, 107, 108, 109, 110, 111, 112, 113, 114, 115, 116, 117, 118, 119, 120, 121, 122, 123, 124, 125, 126, 127, 128, 129, 130, 131, 132, 133, 134, 135, 136, 137, 138, 139, 140, 141, 142, 143, 144, 145, 146, 147, 148, 149, 150, 151, 152, 153, 154, 155, 156, 157, 158, 159, 160, 161, 162, 163, 164, 165, 166, 167, 168, 169, 170, 171, 172, 173, 174, 175, 176, 177, 178, 179, 180, 181, 182, 183, 184, 185, 186, 187, 188, 189, 190, 191, 192, 193, 194, 195, 196, 197, 198, 199, 200, 201, 202, 203, 204, 205, 206, 207, 208, 209, 210, 211, 212, 213, 214, 215, 216, 217, 218, 219, 220, 221, 222, 223, 224, 225, 226, 227, 228, 229, 230, 231, 232, 233, 234, 235, 236, 237, 238, 239, 240, 241, 242, 243, 244, 245, 246, 247, 248, 249, 250, 251, 252, 253, 254, 255, 256, 257, 258, 259, 260, 261, 262, 263, 264, 265, 266, 267, 268, 269, 270, 271, 272, 273, 274, 275, 276, 277, 278, 279, 280, 281, 282, 283, 284, 285, 286, 287, 288, 289, 290, 291, 292, 293, 294, 295, 296, 297, 298, 299, 300, 301, 302, 303, 304, 305, 306, 307, 308, 309, 310, 311, 312, 313, 314, 315, 316, 317, 318, 319, 320, 321, 322, 323, 324, 325, 326, 327, 328, 329, 330, 331, 332, 333, 334, 335, 336, 337, 574, 575, 576, 577, 578, 579, 580, 581, 582, 583, 584, 585, 586, 587, 588, 589, 590, 591, 592, 593, 594, 595, 596, 597, 598, 599, 600, 601, 602, 603, 604, 605, 606, 607, 608, 609, 610, 611, 612, 613, 614, 615, 616, 617, 618, 619, 620, 621, 622, 623, 624, 625, 626, 627, 628, 629, 630, 631, 632, 633, 634, 635, 636, 637, 638, 639, 640, 641, 642, 643, 644, 645, 646, 647, 648, 649, 650, 651, 652, 653, 654, 655, 656, 657, 658, 659, 660, 661, 662, 663, 664, 665, 666, 667, 668, 669, 670, 671, 672, 673, 674, 675, 676, 677, 678, 679, 680, 681, 682, 683, 684, 685, 686, 687, 688, 689, 690, 691, 692, 693, 694, 695, 696, 697, 698, 699, 700, 701, 702, 703, 704, 705, 706, 707, 708, 709, 710, 711, 712, 713, 714, 715, 716, 717, 718, 719, 720, 721, 722, 723, 724, 725, 726, 727, 728, 729, 730, 731, 732, 733, 734, 735, 736, 737, 738, 739, 740, 741, 742, 743, 744, 745, 746, 747, 748, 749, 750, 751, 752, 753, 754, 755, 756, 757, 758, 759, 760, 761, 762, 763, 764, 765, 766, 767, 768, 769, 770, 771, 772, 773, 774, 775, 776, 777, 778, 779, 780, 781, 782, 783, 784, 785, 786, 787, 788, 789, 790, 791, 792, 793]","[122, 187, 593, 658]",[],"[268, 285, 360, 372, 386, 407, 453, 727, 744, 822, 836, 856, 900]",[],[],4/6 successful match,False,,False,776,False,,0.8999999999999999,True,AJ's Market,
"G Bishop , 93514 Bishop Shell Carwash",760-873-8283 466 US 395 S,24 <U+2610> 000,Bishop,93514,Bishop Shell Carwash,760-873-8283,2006,Bishop,CA,Shell,,466 US 395 S,Proper,,False,,False,US 395,,,,,"[593, 122]","[122, 187, 593, 658]","[122, 187, 593, 658]",[],"[103, 104, 105, 106, 107, 108, 109, 110, 111, 112, 113, 114, 115, 116, 117, 118, 119, 120, 121, 122, 123, 124, 125, 126, 127, 128, 129, 130, 131, 132, 133, 134, 135, 136, 137, 138, 139, 140, 141, 142, 143, 144, 145, 146, 147, 148, 149, 150, 151, 152, 153, 154, 155, 156, 157, 158, 159, 160, 161, 162, 163, 164, 165, 166, 167, 168, 169, 170, 171, 172, 173, 174, 175, 176, 177, 178, 179, 180, 181, 182, 183, 184, 185, 186, 187, 188, 189, 190, 191, 192, 193, 194, 195, 196, 197, 198, 199, 200, 201, 202, 203, 204, 205, 206, 207, 208, 209, 210, 211, 212, 213, 214, 215, 216, 217, 218, 219, 220, 221, 222, 223, 224, 225, 226, 227, 228, 229, 230, 231, 232, 233, 234, 235, 236, 237, 238, 239, 240, 241, 242, 243, 244, 245, 246, 247, 248, 249, 250, 251, 252, 253, 254, 255, 256, 257, 258, 259, 260, 261, 262, 263, 264, 265, 266, 267, 268, 269, 270, 271, 272, 273, 274, 275, 276, 277, 278, 279, 280, 281, 282, 283, 284, 285, 286, 287, 288, 289, 290, 291, 292, 293, 294, 295, 296, 297, 298, 299, 300, 301, 302, 303, 304, 305, 306, 307, 308, 309, 310, 311, 312, 313, 314, 315, 316, 317, 318, 319, 320, 321, 322, 323, 324, 325, 326, 327, 328, 329, 330, 331, 332, 333, 334, 335, 336, 337, 574, 575, 576, 577, 578, 579, 580, 581, 582, 583, 584, 585, 586, 587, 588, 589, 590, 591, 592, 593, 594, 595, 596, 597, 598, 599, 600, 601, 602, 603, 604, 605, 606, 607, 608, 609, 610, 611, 612, 613, 614, 615, 616, 617, 618, 619, 620, 621, 622, 623, 624, 625, 626, 627, 628, 629, 630, 631, 632, 633, 634, 635, 636, 637, 638, 639, 640, 641, 642, 643, 644, 645, 646, 647, 648, 649, 650, 651, 652, 653, 654, 655, 656, 657, 658, 659, 660, 661, 662, 663, 664, 665, 666, 667, 668, 669, 670, 671, 672, 673, 674, 675, 676, 677, 678, 679, 680, 681, 682, 683, 684, 685, 686, 687, 688, 689, 690, 691, 692, 693, 694, 695, 696, 697, 698, 699, 700, 701, 702, 703, 704, 705, 706, 707, 708, 709, 710, 711, 712, 713, 714, 715, 716, 717, 718, 719, 720, 721, 722, 723, 724, 725, 726, 727, 728, 729, 730, 731, 732, 733, 734, 735, 736, 737, 738, 739, 740, 741, 742, 743, 744, 745, 746, 747, 748, 749, 750, 751, 752, 753, 754, 755, 756, 757, 758, 759, 760, 761, 762, 763, 764, 765, 766, 767, 768, 769, 770, 771, 772, 773, 774, 775, 776, 777, 778, 779, 780, 781, 782, 783, 784, 785, 786, 787, 788, 789, 790, 791, 792, 793]","[122, 130, 171, 179, 184, 187, 238, 248, 251, 258, 301, 350, 362, 395, 397, 593, 601, 642, 650, 655, 658, 702, 711, 714, 720, 805, 815, 845, 847]","[1, 13, 14, 29, 54, 55, 56, 57, 58, 60, 102, 118, 125, 127, 130, 134, 146, 149, 153, 175, 182, 187, 189, 191, 197, 225, 230, 238, 264, 265, 266, 286, 302, 317, 336, 379, 388, 389, 425, 454, 458, 463, 475, 487, 498, 499, 512, 530, 531, 532, 533, 534, 536, 573, 589, 596, 598, 601, 605, 617, 620, 624, 646, 653, 658, 660, 662, 668, 689, 694, 702, 724, 725, 745, 760, 775, 793, 829, 838, 839, 877, 901, 903, 905, 910, 923]","[1, 13, 14, 29, 54, 55, 56, 57, 58, 60, 102, 118, 125, 127, 130, 134, 146, 149, 153, 175, 182, 187, 189, 191, 197, 225, 230, 238, 264, 265, 266, 286, 302, 317, 336, 354, 379, 388, 389, 425, 454, 458, 463, 475, 487, 498, 499, 512, 530, 531, 532, 533, 534, 536, 573, 589, 596, 598, 601, 605, 617, 620, 624, 646, 653, 658, 660, 662, 668, 689, 694, 702, 724, 725, 745, 760, 775, 793, 809, 829, 838, 839, 877, 901, 903, 905, 910, 923]","[1, 13, 14, 29, 54, 55, 56, 57, 58, 60, 102, 103, 104, 105, 106, 107, 108, 109, 110, 111, 112, 113, 114, 115, 116, 117, 118, 119, 120, 121, 122, 123, 124, 125, 126, 127, 128, 129, 130, 131, 132, 133, 134, 135, 136, 137, 138, 139, 140, 141, 142, 143, 144, 145, 146, 147, 148, 149, 150, 151, 152, 153, 154, 155, 156, 157, 158, 159, 160, 161, 162, 163, 164, 165, 166, 167, 168, 169, 170, 171, 172, 173, 174, 175, 176, 177, 178, 179, 180, 181, 182, 183, 184, 185, 186, 187, 188, 189, 190, 191, 192, 193, 194, 195, 196, 197, 198, 199, 200, 201, 202, 203, 204, 205, 206, 207, 208, 209, 210, 211, 212, 213, 214, 215, 216, 217, 218, 219, 220, 221, 222, 223, 224, 225, 226, 227, 228, 229, 230, 231, 232, 233, 234, 235, 236, 237, 238, 239, 240, 241, 242, 243, 244, 245, 246, 247, 248, 249, 250, 251, 252, 253, 254, 255, 256, 257, 258, 259, 260, 261, 262, 263, 264, 265, 266, 267, 268, 269, 270, 271, 272, 273, 274, 275, 276, 277, 278, 279, 280, 281, 282, 283, 284, 285, 286, 287, 288, 289, 290, 291, 292, 293, 294, 295, 296, 297, 298, 299, 300, 301, 302, 303, 304, 305, 306, 307, 308, 309, 310, 311, 312, 313, 314, 315, 316, 317, 318, 319, 320, 321, 322, 323, 324, 325, 326, 327, 328, 329, 330, 331, 332, 333, 334, 335, 336, 337, 350, 354, 362, 379, 388, 389, 395, 397, 425, 454, 458, 463, 475, 487, 498, 499, 512, 530, 531, 532, 533, 534, 536, 573, 574, 575, 576, 577, 578, 579, 580, 581, 582, 583, 584, 585, 586, 587, 588, 589, 590, 591, 592, 593, 594, 595, 596, 597, 598, 599, 600, 601, 602, 603, 604, 605, 606, 607, 608, 609, 610, 611, 612, 613, 614, 615, 616, 617, 618, 619, 620, 621, 622, 623, 624, 625, 626, 627, 628, 629, 630, 631, 632, 633, 634, 635, 636, 637, 638, 639, 640, 641, 642, 643, 644, 645, 646, 647, 648, 649, 650, 651, 652, 653, 654, 655, 656, 657, 658, 659, 660, 661, 662, 663, 664, 665, 666, 667, 668, 669, 670, 671, 672, 673, 674, 675, 676, 677, 678, 679, 680, 681, 682, 683, 684, 685, 686, 687, 688, 689, 690, 691, 692, 693, 694, 695, 696, 697, 698, 699, 700, 701, 702, 703, 704, 705, 706, 707, 708, 709, 710, 711, 712, 713, 714, 715, 716, 717, 718, 719, 720, 721, 722, 723, 724, 725, 726, 727, 728, 729, 730, 731, 732, 733, 734, 735, 736, 737, 738, 739, 740, 741, 742, 743, 744, 745, 746, 747, 748, 749, 750, 751, 752, 753, 754, 755, 756, 757, 758, 759, 760, 761, 762, 763, 764, 765, 766, 767, 768, 769, 770, 771, 772, 773, 774, 775, 776, 777, 778, 779, 780, 781, 782, 783, 784, 785, 786, 787, 788, 789, 790, 791, 792, 793, 805, 809, 815, 829, 838, 839, 845, 847, 877, 901, 903, 905, 910, 923]",True,"[122, 187, 593, 658]","[103, 104, 105, 106, 107, 108, 109, 110, 111, 112, 113, 114, 115, 116, 117, 118, 119, 120, 121, 122, 123, 124, 125, 126, 127, 128, 129, 130, 131, 132, 133, 134, 135, 136, 137, 138, 139, 140, 141, 142, 143, 144, 145, 146, 147, 148, 149, 150, 151, 152, 153, 154, 155, 156, 157, 158, 159, 160, 161, 162, 163, 164, 165, 166, 167, 168, 169, 170, 171, 172, 173, 174, 175, 176, 177, 178, 179, 180, 181, 182, 183, 184, 185, 186, 187, 188, 189, 190, 191, 192, 193, 194, 195, 196, 197, 198, 199, 200, 201, 202, 203, 204, 205, 206, 207, 208, 209, 210, 211, 212, 213, 214, 215, 216, 217, 218, 219, 220, 221, 222, 223, 224, 225, 226, 227, 228, 229, 230, 231, 232, 233, 234, 235, 236, 237, 238, 239, 240, 241, 242, 243, 244, 245, 246, 247, 248, 249, 250, 251, 252, 253, 254, 255, 256, 257, 258, 259, 260, 261, 262, 263, 264, 265, 266, 267, 268, 269, 270, 271, 272, 273, 274, 275, 276, 277, 278, 279, 280, 281, 282, 283, 284, 285, 286, 287, 288, 289, 290, 291, 292, 293, 294, 295, 296, 297, 298, 299, 300, 301, 302, 303, 304, 305, 306, 307, 308, 309, 310, 311, 312, 313, 314, 315, 316, 317, 318, 319, 320, 321, 322, 323, 324, 325, 326, 327, 328, 329, 330, 331, 332, 333, 334, 335, 336, 337, 574, 575, 576, 577, 578, 579, 580, 581, 582, 583, 584, 585, 586, 587, 588, 589, 590, 591, 592, 593, 594, 595, 596, 597, 598, 599, 600, 601, 602, 603, 604, 605, 606, 607, 608, 609, 610, 611, 612, 613, 614, 615, 616, 617, 618, 619, 620, 621, 622, 623, 624, 625, 626, 627, 628, 629, 630, 631, 632, 633, 634, 635, 636, 637, 638, 639, 640, 641, 642, 643, 644, 645, 646, 647, 648, 649, 650, 651, 652, 653, 654, 655, 656, 657, 658, 659, 660, 661, 662, 663, 664, 665, 666, 667, 668, 669, 670, 671, 672, 673, 674, 675, 676, 677, 678, 679, 680, 681, 682, 683, 684, 685, 686, 687, 688, 689, 690, 691, 692, 693, 694, 695, 696, 697, 698, 699, 700, 701, 702, 703, 704, 705, 706, 707, 708, 709, 710, 711, 712, 713, 714, 715, 716, 717, 718, 719, 720, 721, 722, 723, 724, 725, 726, 727, 728, 729, 730, 731, 732, 733, 734, 735, 736, 737, 738, 739, 740, 741, 742, 743, 744, 745, 746, 747, 748, 749, 750, 751, 752, 753, 754, 755, 756, 757, 758, 759, 760, 761, 762, 763, 764, 765, 766, 767, 768, 769, 770, 771, 772, 773, 774, 775, 776, 777, 778, 779, 780, 781, 782, 783, 784, 785, 786, 787, 788, 789, 790, 791, 792, 793]","[122, 187, 593, 658]",[],"[122, 130, 171, 179, 184, 187, 238, 248, 251, 258, 301, 350, 362, 395, 397, 593, 601, 642, 650, 655, 658, 702, 711, 714, 720, 805, 815, 845, 847]","[1, 13, 14, 29, 54, 55, 56, 57, 58, 60, 102, 118, 125, 127, 130, 134, 146, 149, 153, 175, 182, 187, 189, 191, 197, 225, 230, 238, 264, 265, 266, 286, 302, 317, 336, 354, 379, 388, 389, 425, 454, 458, 463, 475, 487, 498, 499, 512, 530, 531, 532, 533, 534, 536, 573, 589, 596, 598, 601, 605, 617, 620, 624, 646, 653, 658, 660, 662, 668, 689, 694, 702, 724, 725, 745, 760, 775, 793, 809, 829, 838, 839, 877, 901, 903, 905, 910, 923]","[1, 13, 14, 29, 54, 55, 56, 57, 58, 60, 102, 118, 125, 127, 130, 134, 146, 149, 153, 175, 182, 187, 189, 191, 197, 225, 230, 238, 264, 265, 266, 286, 302, 317, 336, 379, 388, 389, 425, 454, 458, 463, 475, 487, 498, 499, 512, 530, 531, 532, 533, 534, 536, 573, 589, 596, 598, 601, 605, 617, 620, 624, 646, 653, 658, 660, 662, 668, 689, 694, 702, 724, 725, 745, 760, 775, 793, 829, 838, 839, 877, 901, 903, 905, 910, 923]",7/6 successful match,True,[196],True,777,False,,,,,
"Bishop , 93514 Bishop Shell Carwash",760-873-8283 466 US 395 S,-,Bishop,93514,Bishop Shell Carwash,760-873-8283,2007,Bishop,CA,Shell,,466 US 395 S,Proper,,False,,False,US 395,,,,,"[593, 122]","[122, 187, 593, 658]","[122, 187, 593, 658]",[],"[103, 104, 105, 106, 107, 108, 109, 110, 111, 112, 113, 114, 115, 116, 117, 118, 119, 120, 121, 122, 123, 124, 125, 126, 127, 128, 129, 130, 131, 132, 133, 134, 135, 136, 137, 138, 139, 140, 141, 142, 143, 144, 145, 146, 147, 148, 149, 150, 151, 152, 153, 154, 155, 156, 157, 158, 159, 160, 161, 162, 163, 164, 165, 166, 167, 168, 169, 170, 171, 172, 173, 174, 175, 176, 177, 178, 179, 180, 181, 182, 183, 184, 185, 186, 187, 188, 189, 190, 191, 192, 193, 194, 195, 196, 197, 198, 199, 200, 201, 202, 203, 204, 205, 206, 207, 208, 209, 210, 211, 212, 213, 214, 215, 216, 217, 218, 219, 220, 221, 222, 223, 224, 225, 226, 227, 228, 229, 230, 231, 232, 233, 234, 235, 236, 237, 238, 239, 240, 241, 242, 243, 244, 245, 246, 247, 248, 249, 250, 251, 252, 253, 254, 255, 256, 257, 258, 259, 260, 261, 262, 263, 264, 265, 266, 267, 268, 269, 270, 271, 272, 273, 274, 275, 276, 277, 278, 279, 280, 281, 282, 283, 284, 285, 286, 287, 288, 289, 290, 291, 292, 293, 294, 295, 296, 297, 298, 299, 300, 301, 302, 303, 304, 305, 306, 307, 308, 309, 310, 311, 312, 313, 314, 315, 316, 317, 318, 319, 320, 321, 322, 323, 324, 325, 326, 327, 328, 329, 330, 331, 332, 333, 334, 335, 336, 337, 574, 575, 576, 577, 578, 579, 580, 581, 582, 583, 584, 585, 586, 587, 588, 589, 590, 591, 592, 593, 594, 595, 596, 597, 598, 599, 600, 601, 602, 603, 604, 605, 606, 607, 608, 609, 610, 611, 612, 613, 614, 615, 616, 617, 618, 619, 620, 621, 622, 623, 624, 625, 626, 627, 628, 629, 630, 631, 632, 633, 634, 635, 636, 637, 638, 639, 640, 641, 642, 643, 644, 645, 646, 647, 648, 649, 650, 651, 652, 653, 654, 655, 656, 657, 658, 659, 660, 661, 662, 663, 664, 665, 666, 667, 668, 669, 670, 671, 672, 673, 674, 675, 676, 677, 678, 679, 680, 681, 682, 683, 684, 685, 686, 687, 688, 689, 690, 691, 692, 693, 694, 695, 696, 697, 698, 699, 700, 701, 702, 703, 704, 705, 706, 707, 708, 709, 710, 711, 712, 713, 714, 715, 716, 717, 718, 719, 720, 721, 722, 723, 724, 725, 726, 727, 728, 729, 730, 731, 732, 733, 734, 735, 736, 737, 738, 739, 740, 741, 742, 743, 744, 745, 746, 747, 748, 749, 750, 751, 752, 753, 754, 755, 756, 757, 758, 759, 760, 761, 762, 763, 764, 765, 766, 767, 768, 769, 770, 771, 772, 773, 774, 775, 776, 777, 778, 779, 780, 781, 782, 783, 784, 785, 786, 787, 788, 789, 790, 791, 792, 793]","[122, 130, 171, 179, 184, 187, 238, 248, 251, 258, 301, 350, 362, 395, 397, 593, 601, 642, 650, 655, 658, 702, 711, 714, 720, 805, 815, 845, 847]","[1, 13, 14, 29, 54, 55, 56, 57, 58, 60, 102, 118, 125, 127, 130, 134, 146, 149, 153, 175, 182, 187, 189, 191, 197, 225, 230, 238, 264, 265, 266, 286, 302, 317, 336, 379, 388, 389, 425, 454, 458, 463, 475, 487, 498, 499, 512, 530, 531, 532, 533, 534, 536, 573, 589, 596, 598, 601, 605, 617, 620, 624, 646, 653, 658, 660, 662, 668, 689, 694, 702, 724, 725, 745, 760, 775, 793, 829, 838, 839, 877, 901, 903, 905, 910, 923]","[1, 13, 14, 29, 54, 55, 56, 57, 58, 60, 102, 118, 125, 127, 130, 134, 146, 149, 153, 175, 182, 187, 189, 191, 197, 225, 230, 238, 264, 265, 266, 286, 302, 317, 336, 354, 379, 388, 389, 425, 454, 458, 463, 475, 487, 498, 499, 512, 530, 531, 532, 533, 534, 536, 573, 589, 596, 598, 601, 605, 617, 620, 624, 646, 653, 658, 660, 662, 668, 689, 694, 702, 724, 725, 745, 760, 775, 793, 809, 829, 838, 839, 877, 901, 903, 905, 910, 923]","[1, 13, 14, 29, 54, 55, 56, 57, 58, 60, 102, 103, 104, 105, 106, 107, 108, 109, 110, 111, 112, 113, 114, 115, 116, 117, 118, 119, 120, 121, 122, 123, 124, 125, 126, 127, 128, 129, 130, 131, 132, 133, 134, 135, 136, 137, 138, 139, 140, 141, 142, 143, 144, 145, 146, 147, 148, 149, 150, 151, 152, 153, 154, 155, 156, 157, 158, 159, 160, 161, 162, 163, 164, 165, 166, 167, 168, 169, 170, 171, 172, 173, 174, 175, 176, 177, 178, 179, 180, 181, 182, 183, 184, 185, 186, 187, 188, 189, 190, 191, 192, 193, 194, 195, 196, 197, 198, 199, 200, 201, 202, 203, 204, 205, 206, 207, 208, 209, 210, 211, 212, 213, 214, 215, 216, 217, 218, 219, 220, 221, 222, 223, 224, 225, 226, 227, 228, 229, 230, 231, 232, 233, 234, 235, 236, 237, 238, 239, 240, 241, 242, 243, 244, 245, 246, 247, 248, 249, 250, 251, 252, 253, 254, 255, 256, 257, 258, 259, 260, 261, 262, 263, 264, 265, 266, 267, 268, 269, 270, 271, 272, 273, 274, 275, 276, 277, 278, 279, 280, 281, 282, 283, 284, 285, 286, 287, 288, 289, 290, 291, 292, 293, 294, 295, 296, 297, 298, 299, 300, 301, 302, 303, 304, 305, 306, 307, 308, 309, 310, 311, 312, 313, 314, 315, 316, 317, 318, 319, 320, 321, 322, 323, 324, 325, 326, 327, 328, 329, 330, 331, 332, 333, 334, 335, 336, 337, 350, 354, 362, 379, 388, 389, 395, 397, 425, 454, 458, 463, 475, 487, 498, 499, 512, 530, 531, 532, 533, 534, 536, 573, 574, 575, 576, 577, 578, 579, 580, 581, 582, 583, 584, 585, 586, 587, 588, 589, 590, 591, 592, 593, 594, 595, 596, 597, 598, 599, 600, 601, 602, 603, 604, 605, 606, 607, 608, 609, 610, 611, 612, 613, 614, 615, 616, 617, 618, 619, 620, 621, 622, 623, 624, 625, 626, 627, 628, 629, 630, 631, 632, 633, 634, 635, 636, 637, 638, 639, 640, 641, 642, 643, 644, 645, 646, 647, 648, 649, 650, 651, 652, 653, 654, 655, 656, 657, 658, 659, 660, 661, 662, 663, 664, 665, 666, 667, 668, 669, 670, 671, 672, 673, 674, 675, 676, 677, 678, 679, 680, 681, 682, 683, 684, 685, 686, 687, 688, 689, 690, 691, 692, 693, 694, 695, 696, 697, 698, 699, 700, 701, 702, 703, 704, 705, 706, 707, 708, 709, 710, 711, 712, 713, 714, 715, 716, 717, 718, 719, 720, 721, 722, 723, 724, 725, 726, 727, 728, 729, 730, 731, 732, 733, 734, 735, 736, 737, 738, 739, 740, 741, 742, 743, 744, 745, 746, 747, 748, 749, 750, 751, 752, 753, 754, 755, 756, 757, 758, 759, 760, 761, 762, 763, 764, 765, 766, 767, 768, 769, 770, 771, 772, 773, 774, 775, 776, 777, 778, 779, 780, 781, 782, 783, 784, 785, 786, 787, 788, 789, 790, 791, 792, 793, 805, 809, 815, 829, 838, 839, 845, 847, 877, 901, 903, 905, 910, 923]",True,"[122, 187, 593, 658]","[103, 104, 105, 106, 107, 108, 109, 110, 111, 112, 113, 114, 115, 116, 117, 118, 119, 120, 121, 122, 123, 124, 125, 126, 127, 128, 129, 130, 131, 132, 133, 134, 135, 136, 137, 138, 139, 140, 141, 142, 143, 144, 145, 146, 147, 148, 149, 150, 151, 152, 153, 154, 155, 156, 157, 158, 159, 160, 161, 162, 163, 164, 165, 166, 167, 168, 169, 170, 171, 172, 173, 174, 175, 176, 177, 178, 179, 180, 181, 182, 183, 184, 185, 186, 187, 188, 189, 190, 191, 192, 193, 194, 195, 196, 197, 198, 199, 200, 201, 202, 203, 204, 205, 206, 207, 208, 209, 210, 211, 212, 213, 214, 215, 216, 217, 218, 219, 220, 221, 222, 223, 224, 225, 226, 227, 228, 229, 230, 231, 232, 233, 234, 235, 236, 237, 238, 239, 240, 241, 242, 243, 244, 245, 246, 247, 248, 249, 250, 251, 252, 253, 254, 255, 256, 257, 258, 259, 260, 261, 262, 263, 264, 265, 266, 267, 268, 269, 270, 271, 272, 273, 274, 275, 276, 277, 278, 279, 280, 281, 282, 283, 284, 285, 286, 287, 288, 289, 290, 291, 292, 293, 294, 295, 296, 297, 298, 299, 300, 301, 302, 303, 304, 305, 306, 307, 308, 309, 310, 311, 312, 313, 314, 315, 316, 317, 318, 319, 320, 321, 322, 323, 324, 325, 326, 327, 328, 329, 330, 331, 332, 333, 334, 335, 336, 337, 574, 575, 576, 577, 578, 579, 580, 581, 582, 583, 584, 585, 586, 587, 588, 589, 590, 591, 592, 593, 594, 595, 596, 597, 598, 599, 600, 601, 602, 603, 604, 605, 606, 607, 608, 609, 610, 611, 612, 613, 614, 615, 616, 617, 618, 619, 620, 621, 622, 623, 624, 625, 626, 627, 628, 629, 630, 631, 632, 633, 634, 635, 636, 637, 638, 639, 640, 641, 642, 643, 644, 645, 646, 647, 648, 649, 650, 651, 652, 653, 654, 655, 656, 657, 658, 659, 660, 661, 662, 663, 664, 665, 666, 667, 668, 669, 670, 671, 672, 673, 674, 675, 676, 677, 678, 679, 680, 681, 682, 683, 684, 685, 686, 687, 688, 689, 690, 691, 692, 693, 694, 695, 696, 697, 698, 699, 700, 701, 702, 703, 704, 705, 706, 707, 708, 709, 710, 711, 712, 713, 714, 715, 716, 717, 718, 719, 720, 721, 722, 723, 724, 725, 726, 727, 728, 729, 730, 731, 732, 733, 734, 735, 736, 737, 738, 739, 740, 741, 742, 743, 744, 745, 746, 747, 748, 749, 750, 751, 752, 753, 754, 755, 756, 757, 758, 759, 760, 761, 762, 763, 764, 765, 766, 767, 768, 769, 770, 771, 772, 773, 774, 775, 776, 777, 778, 779, 780, 781, 782, 783, 784, 785, 786, 787, 788, 789, 790, 791, 792, 793]","[122, 187, 593, 658]",[],"[122, 130, 171, 179, 184, 187, 238, 248, 251, 258, 301, 350, 362, 395, 397, 593, 601, 642, 650, 655, 658, 702, 711, 714, 720, 805, 815, 845, 847]","[1, 13, 14, 29, 54, 55, 56, 57, 58, 60, 102, 118, 125, 127, 130, 134, 146, 149, 153, 175, 182, 187, 189, 191, 197, 225, 230, 238, 264, 265, 266, 286, 302, 317, 336, 354, 379, 388, 389, 425, 454, 458, 463, 475, 487, 498, 499, 512, 530, 531, 532, 533, 534, 536, 573, 589, 596, 598, 601, 605, 617, 620, 624, 646, 653, 658, 660, 662, 668, 689, 694, 702, 724, 725, 745, 760, 775, 793, 809, 829, 838, 839, 877, 901, 903, 905, 910, 923]","[1, 13, 14, 29, 54, 55, 56, 57, 58, 60, 102, 118, 125, 127, 130, 134, 146, 149, 153, 175, 182, 187, 189, 191, 197, 225, 230, 238, 264, 265, 266, 286, 302, 317, 336, 379, 388, 389, 425, 454, 458, 463, 475, 487, 498, 499, 512, 530, 531, 532, 533, 534, 536, 573, 589, 596, 598, 601, 605, 617, 620, 624, 646, 653, 658, 660, 662, 668, 689, 694, 702, 724, 725, 745, 760, 775, 793, 829, 838, 839, 877, 901, 903, 905, 910, 923]",7/6 successful match,True,[196],True,777,False,,1.0,True,Bishop Shell Carwash,Shell
"Bishop , 93514 Bishop Shell Carwash",760-873-8283 466 US 395 S,<U+2610> <U+2610> <U+2610> 00,Bishop,93514,Bishop Shell Carwash,760-873-8283,2008,Bishop,CA,Shell,,466 US 395 S,Proper,,False,,False,US 395,,,,,"[593, 122]","[122, 187, 593, 658]","[122, 187, 593, 658]",[],"[103, 104, 105, 106, 107, 108, 109, 110, 111, 112, 113, 114, 115, 116, 117, 118, 119, 120, 121, 122, 123, 124, 125, 126, 127, 128, 129, 130, 131, 132, 133, 134, 135, 136, 137, 138, 139, 140, 141, 142, 143, 144, 145, 146, 147, 148, 149, 150, 151, 152, 153, 154, 155, 156, 157, 158, 159, 160, 161, 162, 163, 164, 165, 166, 167, 168, 169, 170, 171, 172, 173, 174, 175, 176, 177, 178, 179, 180, 181, 182, 183, 184, 185, 186, 187, 188, 189, 190, 191, 192, 193, 194, 195, 196, 197, 198, 199, 200, 201, 202, 203, 204, 205, 206, 207, 208, 209, 210, 211, 212, 213, 214, 215, 216, 217, 218, 219, 220, 221, 222, 223, 224, 225, 226, 227, 228, 229, 230, 231, 232, 233, 234, 235, 236, 237, 238, 239, 240, 241, 242, 243, 244, 245, 246, 247, 248, 249, 250, 251, 252, 253, 254, 255, 256, 257, 258, 259, 260, 261, 262, 263, 264, 265, 266, 267, 268, 269, 270, 271, 272, 273, 274, 275, 276, 277, 278, 279, 280, 281, 282, 283, 284, 285, 286, 287, 288, 289, 290, 291, 292, 293, 294, 295, 296, 297, 298, 299, 300, 301, 302, 303, 304, 305, 306, 307, 308, 309, 310, 311, 312, 313, 314, 315, 316, 317, 318, 319, 320, 321, 322, 323, 324, 325, 326, 327, 328, 329, 330, 331, 332, 333, 334, 335, 336, 337, 574, 575, 576, 577, 578, 579, 580, 581, 582, 583, 584, 585, 586, 587, 588, 589, 590, 591, 592, 593, 594, 595, 596, 597, 598, 599, 600, 601, 602, 603, 604, 605, 606, 607, 608, 609, 610, 611, 612, 613, 614, 615, 616, 617, 618, 619, 620, 621, 622, 623, 624, 625, 626, 627, 628, 629, 630, 631, 632, 633, 634, 635, 636, 637, 638, 639, 640, 641, 642, 643, 644, 645, 646, 647, 648, 649, 650, 651, 652, 653, 654, 655, 656, 657, 658, 659, 660, 661, 662, 663, 664, 665, 666, 667, 668, 669, 670, 671, 672, 673, 674, 675, 676, 677, 678, 679, 680, 681, 682, 683, 684, 685, 686, 687, 688, 689, 690, 691, 692, 693, 694, 695, 696, 697, 698, 699, 700, 701, 702, 703, 704, 705, 706, 707, 708, 709, 710, 711, 712, 713, 714, 715, 716, 717, 718, 719, 720, 721, 722, 723, 724, 725, 726, 727, 728, 729, 730, 731, 732, 733, 734, 735, 736, 737, 738, 739, 740, 741, 742, 743, 744, 745, 746, 747, 748, 749, 750, 751, 752, 753, 754, 755, 756, 757, 758, 759, 760, 761, 762, 763, 764, 765, 766, 767, 768, 769, 770, 771, 772, 773, 774, 775, 776, 777, 778, 779, 780, 781, 782, 783, 784, 785, 786, 787, 788, 789, 790, 791, 792, 793]","[122, 130, 171, 179, 184, 187, 238, 248, 251, 258, 301, 350, 362, 395, 397, 593, 601, 642, 650, 655, 658, 702, 711, 714, 720, 805, 815, 845, 847]","[1, 13, 14, 29, 54, 55, 56, 57, 58, 60, 102, 118, 125, 127, 130, 134, 146, 149, 153, 175, 182, 187, 189, 191, 197, 225, 230, 238, 264, 265, 266, 286, 302, 317, 336, 379, 388, 389, 425, 454, 458, 463, 475, 487, 498, 499, 512, 530, 531, 532, 533, 534, 536, 573, 589, 596, 598, 601, 605, 617, 620, 624, 646, 653, 658, 660, 662, 668, 689, 694, 702, 724, 725, 745, 760, 775, 793, 829, 838, 839, 877, 901, 903, 905, 910, 923]","[1, 13, 14, 29, 54, 55, 56, 57, 58, 60, 102, 118, 125, 127, 130, 134, 146, 149, 153, 175, 182, 187, 189, 191, 197, 225, 230, 238, 264, 265, 266, 286, 302, 317, 336, 354, 379, 388, 389, 425, 454, 458, 463, 475, 487, 498, 499, 512, 530, 531, 532, 533, 534, 536, 573, 589, 596, 598, 601, 605, 617, 620, 624, 646, 653, 658, 660, 662, 668, 689, 694, 702, 724, 725, 745, 760, 775, 793, 809, 829, 838, 839, 877, 901, 903, 905, 910, 923]","[1, 13, 14, 29, 54, 55, 56, 57, 58, 60, 102, 103, 104, 105, 106, 107, 108, 109, 110, 111, 112, 113, 114, 115, 116, 117, 118, 119, 120, 121, 122, 123, 124, 125, 126, 127, 128, 129, 130, 131, 132, 133, 134, 135, 136, 137, 138, 139, 140, 141, 142, 143, 144, 145, 146, 147, 148, 149, 150, 151, 152, 153, 154, 155, 156, 157, 158, 159, 160, 161, 162, 163, 164, 165, 166, 167, 168, 169, 170, 171, 172, 173, 174, 175, 176, 177, 178, 179, 180, 181, 182, 183, 184, 185, 186, 187, 188, 189, 190, 191, 192, 193, 194, 195, 196, 197, 198, 199, 200, 201, 202, 203, 204, 205, 206, 207, 208, 209, 210, 211, 212, 213, 214, 215, 216, 217, 218, 219, 220, 221, 222, 223, 224, 225, 226, 227, 228, 229, 230, 231, 232, 233, 234, 235, 236, 237, 238, 239, 240, 241, 242, 243, 244, 245, 246, 247, 248, 249, 250, 251, 252, 253, 254, 255, 256, 257, 258, 259, 260, 261, 262, 263, 264, 265, 266, 267, 268, 269, 270, 271, 272, 273, 274, 275, 276, 277, 278, 279, 280, 281, 282, 283, 284, 285, 286, 287, 288, 289, 290, 291, 292, 293, 294, 295, 296, 297, 298, 299, 300, 301, 302, 303, 304, 305, 306, 307, 308, 309, 310, 311, 312, 313, 314, 315, 316, 317, 318, 319, 320, 321, 322, 323, 324, 325, 326, 327, 328, 329, 330, 331, 332, 333, 334, 335, 336, 337, 350, 354, 362, 379, 388, 389, 395, 397, 425, 454, 458, 463, 475, 487, 498, 499, 512, 530, 531, 532, 533, 534, 536, 573, 574, 575, 576, 577, 578, 579, 580, 581, 582, 583, 584, 585, 586, 587, 588, 589, 590, 591, 592, 593, 594, 595, 596, 597, 598, 599, 600, 601, 602, 603, 604, 605, 606, 607, 608, 609, 610, 611, 612, 613, 614, 615, 616, 617, 618, 619, 620, 621, 622, 623, 624, 625, 626, 627, 628, 629, 630, 631, 632, 633, 634, 635, 636, 637, 638, 639, 640, 641, 642, 643, 644, 645, 646, 647, 648, 649, 650, 651, 652, 653, 654, 655, 656, 657, 658, 659, 660, 661, 662, 663, 664, 665, 666, 667, 668, 669, 670, 671, 672, 673, 674, 675, 676, 677, 678, 679, 680, 681, 682, 683, 684, 685, 686, 687, 688, 689, 690, 691, 692, 693, 694, 695, 696, 697, 698, 699, 700, 701, 702, 703, 704, 705, 706, 707, 708, 709, 710, 711, 712, 713, 714, 715, 716, 717, 718, 719, 720, 721, 722, 723, 724, 725, 726, 727, 728, 729, 730, 731, 732, 733, 734, 735, 736, 737, 738, 739, 740, 741, 742, 743, 744, 745, 746, 747, 748, 749, 750, 751, 752, 753, 754, 755, 756, 757, 758, 759, 760, 761, 762, 763, 764, 765, 766, 767, 768, 769, 770, 771, 772, 773, 774, 775, 776, 777, 778, 779, 780, 781, 782, 783, 784, 785, 786, 787, 788, 789, 790, 791, 792, 793, 805, 809, 815, 829, 838, 839, 845, 847, 877, 901, 903, 905, 910, 923]",True,"[122, 187, 593, 658]","[103, 104, 105, 106, 107, 108, 109, 110, 111, 112, 113, 114, 115, 116, 117, 118, 119, 120, 121, 122, 123, 124, 125, 126, 127, 128, 129, 130, 131, 132, 133, 134, 135, 136, 137, 138, 139, 140, 141, 142, 143, 144, 145, 146, 147, 148, 149, 150, 151, 152, 153, 154, 155, 156, 157, 158, 159, 160, 161, 162, 163, 164, 165, 166, 167, 168, 169, 170, 171, 172, 173, 174, 175, 176, 177, 178, 179, 180, 181, 182, 183, 184, 185, 186, 187, 188, 189, 190, 191, 192, 193, 194, 195, 196, 197, 198, 199, 200, 201, 202, 203, 204, 205, 206, 207, 208, 209, 210, 211, 212, 213, 214, 215, 216, 217, 218, 219, 220, 221, 222, 223, 224, 225, 226, 227, 228, 229, 230, 231, 232, 233, 234, 235, 236, 237, 238, 239, 240, 241, 242, 243, 244, 245, 246, 247, 248, 249, 250, 251, 252, 253, 254, 255, 256, 257, 258, 259, 260, 261, 262, 263, 264, 265, 266, 267, 268, 269, 270, 271, 272, 273, 274, 275, 276, 277, 278, 279, 280, 281, 282, 283, 284, 285, 286, 287, 288, 289, 290, 291, 292, 293, 294, 295, 296, 297, 298, 299, 300, 301, 302, 303, 304, 305, 306, 307, 308, 309, 310, 311, 312, 313, 314, 315, 316, 317, 318, 319, 320, 321, 322, 323, 324, 325, 326, 327, 328, 329, 330, 331, 332, 333, 334, 335, 336, 337, 574, 575, 576, 577, 578, 579, 580, 581, 582, 583, 584, 585, 586, 587, 588, 589, 590, 591, 592, 593, 594, 595, 596, 597, 598, 599, 600, 601, 602, 603, 604, 605, 606, 607, 608, 609, 610, 611, 612, 613, 614, 615, 616, 617, 618, 619, 620, 621, 622, 623, 624, 625, 626, 627, 628, 629, 630, 631, 632, 633, 634, 635, 636, 637, 638, 639, 640, 641, 642, 643, 644, 645, 646, 647, 648, 649, 650, 651, 652, 653, 654, 655, 656, 657, 658, 659, 660, 661, 662, 663, 664, 665, 666, 667, 668, 669, 670, 671, 672, 673, 674, 675, 676, 677, 678, 679, 680, 681, 682, 683, 684, 685, 686, 687, 688, 689, 690, 691, 692, 693, 694, 695, 696, 697, 698, 699, 700, 701, 702, 703, 704, 705, 706, 707, 708, 709, 710, 711, 712, 713, 714, 715, 716, 717, 718, 719, 720, 721, 722, 723, 724, 725, 726, 727, 728, 729, 730, 731, 732, 733, 734, 735, 736, 737, 738, 739, 740, 741, 742, 743, 744, 745, 746, 747, 748, 749, 750, 751, 752, 753, 754, 755, 756, 757, 758, 759, 760, 761, 762, 763, 764, 765, 766, 767, 768, 769, 770, 771, 772, 773, 774, 775, 776, 777, 778, 779, 780, 781, 782, 783, 784, 785, 786, 787, 788, 789, 790, 791, 792, 793]","[122, 187, 593, 658]",[],"[122, 130, 171, 179, 184, 187, 238, 248, 251, 258, 301, 350, 362, 395, 397, 593, 601, 642, 650, 655, 658, 702, 711, 714, 720, 805, 815, 845, 847]","[1, 13, 14, 29, 54, 55, 56, 57, 58, 60, 102, 118, 125, 127, 130, 134, 146, 149, 153, 175, 182, 187, 189, 191, 197, 225, 230, 238, 264, 265, 266, 286, 302, 317, 336, 354, 379, 388, 389, 425, 454, 458, 463, 475, 487, 498, 499, 512, 530, 531, 532, 533, 534, 536, 573, 589, 596, 598, 601, 605, 617, 620, 624, 646, 653, 658, 660, 662, 668, 689, 694, 702, 724, 725, 745, 760, 775, 793, 809, 829, 838, 839, 877, 901, 903, 905, 910, 923]","[1, 13, 14, 29, 54, 55, 56, 57, 58, 60, 102, 118, 125, 127, 130, 134, 146, 149, 153, 175, 182, 187, 189, 191, 197, 225, 230, 238, 264, 265, 266, 286, 302, 317, 336, 379, 388, 389, 425, 454, 458, 463, 475, 487, 498, 499, 512, 530, 531, 532, 533, 534, 536, 573, 589, 596, 598, 601, 605, 617, 620, 624, 646, 653, 658, 660, 662, 668, 689, 694, 702, 724, 725, 745, 760, 775, 793, 829, 838, 839, 877, 901, 903, 905, 910, 923]",7/6 successful match,True,[196],True,777,False,,1.0,True,Bishop Shell Carwash,Shell
E Bishop ( 93514 ) Flyers # 225 ( Shell ),4 760-873-8283 466 US 395 S,D <U+2610> <U+2610>,Bishop,93514,Flyers # 225 ( Shell ),760-873-8283,2015,Bishop,CA,Shell,,466 US 395 S,Proper,,False,,False,US 395,,,,,"[593, 122]","[122, 187, 593, 658]","[122, 187, 593, 658]",[],"[103, 104, 105, 106, 107, 108, 109, 110, 111, 112, 113, 114, 115, 116, 117, 118, 119, 120, 121, 122, 123, 124, 125, 126, 127, 128, 129, 130, 131, 132, 133, 134, 135, 136, 137, 138, 139, 140, 141, 142, 143, 144, 145, 146, 147, 148, 149, 150, 151, 152, 153, 154, 155, 156, 157, 158, 159, 160, 161, 162, 163, 164, 165, 166, 167, 168, 169, 170, 171, 172, 173, 174, 175, 176, 177, 178, 179, 180, 181, 182, 183, 184, 185, 186, 187, 188, 189, 190, 191, 192, 193, 194, 195, 196, 197, 198, 199, 200, 201, 202, 203, 204, 205, 206, 207, 208, 209, 210, 211, 212, 213, 214, 215, 216, 217, 218, 219, 220, 221, 222, 223, 224, 225, 226, 227, 228, 229, 230, 231, 232, 233, 234, 235, 236, 237, 238, 239, 240, 241, 242, 243, 244, 245, 246, 247, 248, 249, 250, 251, 252, 253, 254, 255, 256, 257, 258, 259, 260, 261, 262, 263, 264, 265, 266, 267, 268, 269, 270, 271, 272, 273, 274, 275, 276, 277, 278, 279, 280, 281, 282, 283, 284, 285, 286, 287, 288, 289, 290, 291, 292, 293, 294, 295, 296, 297, 298, 299, 300, 301, 302, 303, 304, 305, 306, 307, 308, 309, 310, 311, 312, 313, 314, 315, 316, 317, 318, 319, 320, 321, 322, 323, 324, 325, 326, 327, 328, 329, 330, 331, 332, 333, 334, 335, 336, 337, 574, 575, 576, 577, 578, 579, 580, 581, 582, 583, 584, 585, 586, 587, 588, 589, 590, 591, 592, 593, 594, 595, 596, 597, 598, 599, 600, 601, 602, 603, 604, 605, 606, 607, 608, 609, 610, 611, 612, 613, 614, 615, 616, 617, 618, 619, 620, 621, 622, 623, 624, 625, 626, 627, 628, 629, 630, 631, 632, 633, 634, 635, 636, 637, 638, 639, 640, 641, 642, 643, 644, 645, 646, 647, 648, 649, 650, 651, 652, 653, 654, 655, 656, 657, 658, 659, 660, 661, 662, 663, 664, 665, 666, 667, 668, 669, 670, 671, 672, 673, 674, 675, 676, 677, 678, 679, 680, 681, 682, 683, 684, 685, 686, 687, 688, 689, 690, 691, 692, 693, 694, 695, 696, 697, 698, 699, 700, 701, 702, 703, 704, 705, 706, 707, 708, 709, 710, 711, 712, 713, 714, 715, 716, 717, 718, 719, 720, 721, 722, 723, 724, 725, 726, 727, 728, 729, 730, 731, 732, 733, 734, 735, 736, 737, 738, 739, 740, 741, 742, 743, 744, 745, 746, 747, 748, 749, 750, 751, 752, 753, 754, 755, 756, 757, 758, 759, 760, 761, 762, 763, 764, 765, 766, 767, 768, 769, 770, 771, 772, 773, 774, 775, 776, 777, 778, 779, 780, 781, 782, 783, 784, 785, 786, 787, 788, 789, 790, 791, 792, 793]","[122, 130, 171, 179, 184, 187, 238, 248, 251, 258, 301, 350, 362, 395, 397, 593, 601, 642, 650, 655, 658, 702, 711, 714, 720, 805, 815, 845, 847]","[1, 13, 14, 29, 54, 55, 56, 57, 58, 60, 102, 118, 125, 127, 130, 134, 146, 149, 153, 175, 182, 187, 189, 191, 197, 225, 230, 238, 264, 265, 266, 286, 302, 317, 336, 379, 388, 389, 425, 454, 458, 463, 475, 487, 498, 499, 512, 530, 531, 532, 533, 534, 536, 573, 589, 596, 598, 601, 605, 617, 620, 624, 646, 653, 658, 660, 662, 668, 689, 694, 702, 724, 725, 745, 760, 775, 793, 829, 838, 839, 877, 901, 903, 905, 910, 923]","[1, 13, 14, 29, 54, 55, 56, 57, 58, 60, 95, 102, 118, 125, 127, 130, 134, 146, 149, 153, 175, 182, 187, 189, 191, 197, 225, 230, 238, 264, 265, 266, 286, 302, 317, 336, 354, 379, 388, 389, 425, 454, 458, 463, 475, 487, 498, 499, 512, 530, 531, 532, 533, 534, 536, 566, 573, 589, 596, 598, 601, 605, 617, 620, 624, 646, 653, 658, 660, 662, 668, 689, 694, 702, 724, 725, 745, 760, 775, 793, 809, 829, 838, 839, 877, 901, 903, 905, 910, 923]","[1, 13, 14, 29, 54, 55, 56, 57, 58, 60, 95, 102, 103, 104, 105, 106, 107, 108, 109, 110, 111, 112, 113, 114, 115, 116, 117, 118, 119, 120, 121, 122, 123, 124, 125, 126, 127, 128, 129, 130, 131, 132, 133, 134, 135, 136, 137, 138, 139, 140, 141, 142, 143, 144, 145, 146, 147, 148, 149, 150, 151, 152, 153, 154, 155, 156, 157, 158, 159, 160, 161, 162, 163, 164, 165, 166, 167, 168, 169, 170, 171, 172, 173, 174, 175, 176, 177, 178, 179, 180, 181, 182, 183, 184, 185, 186, 187, 188, 189, 190, 191, 192, 193, 194, 195, 196, 197, 198, 199, 200, 201, 202, 203, 204, 205, 206, 207, 208, 209, 210, 211, 212, 213, 214, 215, 216, 217, 218, 219, 220, 221, 222, 223, 224, 225, 226, 227, 228, 229, 230, 231, 232, 233, 234, 235, 236, 237, 238, 239, 240, 241, 242, 243, 244, 245, 246, 247, 248, 249, 250, 251, 252, 253, 254, 255, 256, 257, 258, 259, 260, 261, 262, 263, 264, 265, 266, 267, 268, 269, 270, 271, 272, 273, 274, 275, 276, 277, 278, 279, 280, 281, 282, 283, 284, 285, 286, 287, 288, 289, 290, 291, 292, 293, 294, 295, 296, 297, 298, 299, 300, 301, 302, 303, 304, 305, 306, 307, 308, 309, 310, 311, 312, 313, 314, 315, 316, 317, 318, 319, 320, 321, 322, 323, 324, 325, 326, 327, 328, 329, 330, 331, 332, 333, 334, 335, 336, 337, 350, 354, 362, 379, 388, 389, 395, 397, 425, 454, 458, 463, 475, 487, 498, 499, 512, 530, 531, 532, 533, 534, 536, 566, 573, 574, 575, 576, 577, 578, 579, 580, 581, 582, 583, 584, 585, 586, 587, 588, 589, 590, 591, 592, 593, 594, 595, 596, 597, 598, 599, 600, 601, 602, 603, 604, 605, 606, 607, 608, 609, 610, 611, 612, 613, 614, 615, 616, 617, 618, 619, 620, 621, 622, 623, 624, 625, 626, 627, 628, 629, 630, 631, 632, 633, 634, 635, 636, 637, 638, 639, 640, 641, 642, 643, 644, 645, 646, 647, 648, 649, 650, 651, 652, 653, 654, 655, 656, 657, 658, 659, 660, 661, 662, 663, 664, 665, 666, 667, 668, 669, 670, 671, 672, 673, 674, 675, 676, 677, 678, 679, 680, 681, 682, 683, 684, 685, 686, 687, 688, 689, 690, 691, 692, 693, 694, 695, 696, 697, 698, 699, 700, 701, 702, 703, 704, 705, 706, 707, 708, 709, 710, 711, 712, 713, 714, 715, 716, 717, 718, 719, 720, 721, 722, 723, 724, 725, 726, 727, 728, 729, 730, 731, 732, 733, 734, 735, 736, 737, 738, 739, 740, 741, 742, 743, 744, 745, 746, 747, 748, 749, 750, 751, 752, 753, 754, 755, 756, 757, 758, 759, 760, 761, 762, 763, 764, 765, 766, 767, 768, 769, 770, 771, 772, 773, 774, 775, 776, 777, 778, 779, 780, 781, 782, 783, 784, 785, 786, 787, 788, 789, 790, 791, 792, 793, 805, 809, 815, 829, 838, 839, 845, 847, 877, 901, 903, 905, 910, 923]",True,"[122, 187, 593, 658]","[103, 104, 105, 106, 107, 108, 109, 110, 111, 112, 113, 114, 115, 116, 117, 118, 119, 120, 121, 122, 123, 124, 125, 126, 127, 128, 129, 130, 131, 132, 133, 134, 135, 136, 137, 138, 139, 140, 141, 142, 143, 144, 145, 146, 147, 148, 149, 150, 151, 152, 153, 154, 155, 156, 157, 158, 159, 160, 161, 162, 163, 164, 165, 166, 167, 168, 169, 170, 171, 172, 173, 174, 175, 176, 177, 178, 179, 180, 181, 182, 183, 184, 185, 186, 187, 188, 189, 190, 191, 192, 193, 194, 195, 196, 197, 198, 199, 200, 201, 202, 203, 204, 205, 206, 207, 208, 209, 210, 211, 212, 213, 214, 215, 216, 217, 218, 219, 220, 221, 222, 223, 224, 225, 226, 227, 228, 229, 230, 231, 232, 233, 234, 235, 236, 237, 238, 239, 240, 241, 242, 243, 244, 245, 246, 247, 248, 249, 250, 251, 252, 253, 254, 255, 256, 257, 258, 259, 260, 261, 262, 263, 264, 265, 266, 267, 268, 269, 270, 271, 272, 273, 274, 275, 276, 277, 278, 279, 280, 281, 282, 283, 284, 285, 286, 287, 288, 289, 290, 291, 292, 293, 294, 295, 296, 297, 298, 299, 300, 301, 302, 303, 304, 305, 306, 307, 308, 309, 310, 311, 312, 313, 314, 315, 316, 317, 318, 319, 320, 321, 322, 323, 324, 325, 326, 327, 328, 329, 330, 331, 332, 333, 334, 335, 336, 337, 574, 575, 576, 577, 578, 579, 580, 581, 582, 583, 584, 585, 586, 587, 588, 589, 590, 591, 592, 593, 594, 595, 596, 597, 598, 599, 600, 601, 602, 603, 604, 605, 606, 607, 608, 609, 610, 611, 612, 613, 614, 615, 616, 617, 618, 619, 620, 621, 622, 623, 624, 625, 626, 627, 628, 629, 630, 631, 632, 633, 634, 635, 636, 637, 638, 639, 640, 641, 642, 643, 644, 645, 646, 647, 648, 649, 650, 651, 652, 653, 654, 655, 656, 657, 658, 659, 660, 661, 662, 663, 664, 665, 666, 667, 668, 669, 670, 671, 672, 673, 674, 675, 676, 677, 678, 679, 680, 681, 682, 683, 684, 685, 686, 687, 688, 689, 690, 691, 692, 693, 694, 695, 696, 697, 698, 699, 700, 701, 702, 703, 704, 705, 706, 707, 708, 709, 710, 711, 712, 713, 714, 715, 716, 717, 718, 719, 720, 721, 722, 723, 724, 725, 726, 727, 728, 729, 730, 731, 732, 733, 734, 735, 736, 737, 738, 739, 740, 741, 742, 743, 744, 745, 746, 747, 748, 749, 750, 751, 752, 753, 754, 755, 756, 757, 758, 759, 760, 761, 762, 763, 764, 765, 766, 767, 768, 769, 770, 771, 772, 773, 774, 775, 776, 777, 778, 779, 780, 781, 782, 783, 784, 785, 786, 787, 788, 789, 790, 791, 792, 793]","[122, 187, 593, 658]",[],"[122, 130, 171, 179, 184, 187, 238, 248, 251, 258, 301, 350, 362, 395, 397, 593, 601, 642, 650, 655, 658, 702, 711, 714, 720, 805, 815, 845, 847]","[1, 13, 14, 29, 54, 55, 56, 57, 58, 60, 95, 102, 118, 125, 127, 130, 134, 146, 149, 153, 175, 182, 187, 189, 191, 197, 225, 230, 238, 264, 265, 266, 286, 302, 317, 336, 354, 379, 388, 389, 425, 454, 458, 463, 475, 487, 498, 499, 512, 530, 531, 532, 533, 534, 536, 566, 573, 589, 596, 598, 601, 605, 617, 620, 624, 646, 653, 658, 660, 662, 668, 689, 694, 702, 724, 725, 745, 760, 775, 793, 809, 829, 838, 839, 877, 901, 903, 905, 910, 923]","[1, 13, 14, 29, 54, 55, 56, 57, 58, 60, 102, 118, 125, 127, 130, 134, 146, 149, 153, 175, 182, 187, 189, 191, 197, 225, 230, 238, 264, 265, 266, 286, 302, 317, 336, 379, 388, 389, 425, 454, 458, 463, 475, 487, 498, 499, 512, 530, 531, 532, 533, 534, 536, 573, 589, 596, 598, 601, 605, 617, 620, 624, 646, 653, 658, 660, 662, 668, 689, 694, 702, 724, 725, 745, 760, 775, 793, 829, 838, 839, 877, 901, 903, 905, 910, 923]",7/6 successful match,True,[196],True,778,False,,,,,
E Bishop ( 93514 ) Flyers # 225 ( Shell ),760-873-8283 466 US 395 S,<U+2610> D,Bishop,93514,Flyers # 225 ( Shell ),760-873-8283,2016,Bishop,CA,Shell,,466 US 395 S,Proper,,False,,False,US 395,,,,,"[593, 122]","[122, 187, 593, 658]","[122, 187, 593, 658]",[],"[103, 104, 105, 106, 107, 108, 109, 110, 111, 112, 113, 114, 115, 116, 117, 118, 119, 120, 121, 122, 123, 124, 125, 126, 127, 128, 129, 130, 131, 132, 133, 134, 135, 136, 137, 138, 139, 140, 141, 142, 143, 144, 145, 146, 147, 148, 149, 150, 151, 152, 153, 154, 155, 156, 157, 158, 159, 160, 161, 162, 163, 164, 165, 166, 167, 168, 169, 170, 171, 172, 173, 174, 175, 176, 177, 178, 179, 180, 181, 182, 183, 184, 185, 186, 187, 188, 189, 190, 191, 192, 193, 194, 195, 196, 197, 198, 199, 200, 201, 202, 203, 204, 205, 206, 207, 208, 209, 210, 211, 212, 213, 214, 215, 216, 217, 218, 219, 220, 221, 222, 223, 224, 225, 226, 227, 228, 229, 230, 231, 232, 233, 234, 235, 236, 237, 238, 239, 240, 241, 242, 243, 244, 245, 246, 247, 248, 249, 250, 251, 252, 253, 254, 255, 256, 257, 258, 259, 260, 261, 262, 263, 264, 265, 266, 267, 268, 269, 270, 271, 272, 273, 274, 275, 276, 277, 278, 279, 280, 281, 282, 283, 284, 285, 286, 287, 288, 289, 290, 291, 292, 293, 294, 295, 296, 297, 298, 299, 300, 301, 302, 303, 304, 305, 306, 307, 308, 309, 310, 311, 312, 313, 314, 315, 316, 317, 318, 319, 320, 321, 322, 323, 324, 325, 326, 327, 328, 329, 330, 331, 332, 333, 334, 335, 336, 337, 574, 575, 576, 577, 578, 579, 580, 581, 582, 583, 584, 585, 586, 587, 588, 589, 590, 591, 592, 593, 594, 595, 596, 597, 598, 599, 600, 601, 602, 603, 604, 605, 606, 607, 608, 609, 610, 611, 612, 613, 614, 615, 616, 617, 618, 619, 620, 621, 622, 623, 624, 625, 626, 627, 628, 629, 630, 631, 632, 633, 634, 635, 636, 637, 638, 639, 640, 641, 642, 643, 644, 645, 646, 647, 648, 649, 650, 651, 652, 653, 654, 655, 656, 657, 658, 659, 660, 661, 662, 663, 664, 665, 666, 667, 668, 669, 670, 671, 672, 673, 674, 675, 676, 677, 678, 679, 680, 681, 682, 683, 684, 685, 686, 687, 688, 689, 690, 691, 692, 693, 694, 695, 696, 697, 698, 699, 700, 701, 702, 703, 704, 705, 706, 707, 708, 709, 710, 711, 712, 713, 714, 715, 716, 717, 718, 719, 720, 721, 722, 723, 724, 725, 726, 727, 728, 729, 730, 731, 732, 733, 734, 735, 736, 737, 738, 739, 740, 741, 742, 743, 744, 745, 746, 747, 748, 749, 750, 751, 752, 753, 754, 755, 756, 757, 758, 759, 760, 761, 762, 763, 764, 765, 766, 767, 768, 769, 770, 771, 772, 773, 774, 775, 776, 777, 778, 779, 780, 781, 782, 783, 784, 785, 786, 787, 788, 789, 790, 791, 792, 793]","[122, 130, 171, 179, 184, 187, 238, 248, 251, 258, 301, 350, 362, 395, 397, 593, 601, 642, 650, 655, 658, 702, 711, 714, 720, 805, 815, 845, 847]","[1, 13, 14, 29, 54, 55, 56, 57, 58, 60, 102, 118, 125, 127, 130, 134, 146, 149, 153, 175, 182, 187, 189, 191, 197, 225, 230, 238, 264, 265, 266, 286, 302, 317, 336, 379, 388, 389, 425, 454, 458, 463, 475, 487, 498, 499, 512, 530, 531, 532, 533, 534, 536, 573, 589, 596, 598, 601, 605, 617, 620, 624, 646, 653, 658, 660, 662, 668, 689, 694, 702, 724, 725, 745, 760, 775, 793, 829, 838, 839, 877, 901, 903, 905, 910, 923]","[1, 13, 14, 29, 54, 55, 56, 57, 58, 60, 95, 102, 118, 125, 127, 130, 134, 146, 149, 153, 175, 182, 187, 189, 191, 197, 225, 230, 238, 264, 265, 266, 286, 302, 317, 336, 354, 379, 388, 389, 425, 454, 458, 463, 475, 487, 498, 499, 512, 530, 531, 532, 533, 534, 536, 566, 573, 589, 596, 598, 601, 605, 617, 620, 624, 646, 653, 658, 660, 662, 668, 689, 694, 702, 724, 725, 745, 760, 775, 793, 809, 829, 838, 839, 877, 901, 903, 905, 910, 923]","[1, 13, 14, 29, 54, 55, 56, 57, 58, 60, 95, 102, 103, 104, 105, 106, 107, 108, 109, 110, 111, 112, 113, 114, 115, 116, 117, 118, 119, 120, 121, 122, 123, 124, 125, 126, 127, 128, 129, 130, 131, 132, 133, 134, 135, 136, 137, 138, 139, 140, 141, 142, 143, 144, 145, 146, 147, 148, 149, 150, 151, 152, 153, 154, 155, 156, 157, 158, 159, 160, 161, 162, 163, 164, 165, 166, 167, 168, 169, 170, 171, 172, 173, 174, 175, 176, 177, 178, 179, 180, 181, 182, 183, 184, 185, 186, 187, 188, 189, 190, 191, 192, 193, 194, 195, 196, 197, 198, 199, 200, 201, 202, 203, 204, 205, 206, 207, 208, 209, 210, 211, 212, 213, 214, 215, 216, 217, 218, 219, 220, 221, 222, 223, 224, 225, 226, 227, 228, 229, 230, 231, 232, 233, 234, 235, 236, 237, 238, 239, 240, 241, 242, 243, 244, 245, 246, 247, 248, 249, 250, 251, 252, 253, 254, 255, 256, 257, 258, 259, 260, 261, 262, 263, 264, 265, 266, 267, 268, 269, 270, 271, 272, 273, 274, 275, 276, 277, 278, 279, 280, 281, 282, 283, 284, 285, 286, 287, 288, 289, 290, 291, 292, 293, 294, 295, 296, 297, 298, 299, 300, 301, 302, 303, 304, 305, 306, 307, 308, 309, 310, 311, 312, 313, 314, 315, 316, 317, 318, 319, 320, 321, 322, 323, 324, 325, 326, 327, 328, 329, 330, 331, 332, 333, 334, 335, 336, 337, 350, 354, 362, 379, 388, 389, 395, 397, 425, 454, 458, 463, 475, 487, 498, 499, 512, 530, 531, 532, 533, 534, 536, 566, 573, 574, 575, 576, 577, 578, 579, 580, 581, 582, 583, 584, 585, 586, 587, 588, 589, 590, 591, 592, 593, 594, 595, 596, 597, 598, 599, 600, 601, 602, 603, 604, 605, 606, 607, 608, 609, 610, 611, 612, 613, 614, 615, 616, 617, 618, 619, 620, 621, 622, 623, 624, 625, 626, 627, 628, 629, 630, 631, 632, 633, 634, 635, 636, 637, 638, 639, 640, 641, 642, 643, 644, 645, 646, 647, 648, 649, 650, 651, 652, 653, 654, 655, 656, 657, 658, 659, 660, 661, 662, 663, 664, 665, 666, 667, 668, 669, 670, 671, 672, 673, 674, 675, 676, 677, 678, 679, 680, 681, 682, 683, 684, 685, 686, 687, 688, 689, 690, 691, 692, 693, 694, 695, 696, 697, 698, 699, 700, 701, 702, 703, 704, 705, 706, 707, 708, 709, 710, 711, 712, 713, 714, 715, 716, 717, 718, 719, 720, 721, 722, 723, 724, 725, 726, 727, 728, 729, 730, 731, 732, 733, 734, 735, 736, 737, 738, 739, 740, 741, 742, 743, 744, 745, 746, 747, 748, 749, 750, 751, 752, 753, 754, 755, 756, 757, 758, 759, 760, 761, 762, 763, 764, 765, 766, 767, 768, 769, 770, 771, 772, 773, 774, 775, 776, 777, 778, 779, 780, 781, 782, 783, 784, 785, 786, 787, 788, 789, 790, 791, 792, 793, 805, 809, 815, 829, 838, 839, 845, 847, 877, 901, 903, 905, 910, 923]",True,"[122, 187, 593, 658]","[103, 104, 105, 106, 107, 108, 109, 110, 111, 112, 113, 114, 115, 116, 117, 118, 119, 120, 121, 122, 123, 124, 125, 126, 127, 128, 129, 130, 131, 132, 133, 134, 135, 136, 137, 138, 139, 140, 141, 142, 143, 144, 145, 146, 147, 148, 149, 150, 151, 152, 153, 154, 155, 156, 157, 158, 159, 160, 161, 162, 163, 164, 165, 166, 167, 168, 169, 170, 171, 172, 173, 174, 175, 176, 177, 178, 179, 180, 181, 182, 183, 184, 185, 186, 187, 188, 189, 190, 191, 192, 193, 194, 195, 196, 197, 198, 199, 200, 201, 202, 203, 204, 205, 206, 207, 208, 209, 210, 211, 212, 213, 214, 215, 216, 217, 218, 219, 220, 221, 222, 223, 224, 225, 226, 227, 228, 229, 230, 231, 232, 233, 234, 235, 236, 237, 238, 239, 240, 241, 242, 243, 244, 245, 246, 247, 248, 249, 250, 251, 252, 253, 254, 255, 256, 257, 258, 259, 260, 261, 262, 263, 264, 265, 266, 267, 268, 269, 270, 271, 272, 273, 274, 275, 276, 277, 278, 279, 280, 281, 282, 283, 284, 285, 286, 287, 288, 289, 290, 291, 292, 293, 294, 295, 296, 297, 298, 299, 300, 301, 302, 303, 304, 305, 306, 307, 308, 309, 310, 311, 312, 313, 314, 315, 316, 317, 318, 319, 320, 321, 322, 323, 324, 325, 326, 327, 328, 329, 330, 331, 332, 333, 334, 335, 336, 337, 574, 575, 576, 577, 578, 579, 580, 581, 582, 583, 584, 585, 586, 587, 588, 589, 590, 591, 592, 593, 594, 595, 596, 597, 598, 599, 600, 601, 602, 603, 604, 605, 606, 607, 608, 609, 610, 611, 612, 613, 614, 615, 616, 617, 618, 619, 620, 621, 622, 623, 624, 625, 626, 627, 628, 629, 630, 631, 632, 633, 634, 635, 636, 637, 638, 639, 640, 641, 642, 643, 644, 645, 646, 647, 648, 649, 650, 651, 652, 653, 654, 655, 656, 657, 658, 659, 660, 661, 662, 663, 664, 665, 666, 667, 668, 669, 670, 671, 672, 673, 674, 675, 676, 677, 678, 679, 680, 681, 682, 683, 684, 685, 686, 687, 688, 689, 690, 691, 692, 693, 694, 695, 696, 697, 698, 699, 700, 701, 702, 703, 704, 705, 706, 707, 708, 709, 710, 711, 712, 713, 714, 715, 716, 717, 718, 719, 720, 721, 722, 723, 724, 725, 726, 727, 728, 729, 730, 731, 732, 733, 734, 735, 736, 737, 738, 739, 740, 741, 742, 743, 744, 745, 746, 747, 748, 749, 750, 751, 752, 753, 754, 755, 756, 757, 758, 759, 760, 761, 762, 763, 764, 765, 766, 767, 768, 769, 770, 771, 772, 773, 774, 775, 776, 777, 778, 779, 780, 781, 782, 783, 784, 785, 786, 787, 788, 789, 790, 791, 792, 793]","[122, 187, 593, 658]",[],"[122, 130, 171, 179, 184, 187, 238, 248, 251, 258, 301, 350, 362, 395, 397, 593, 601, 642, 650, 655, 658, 702, 711, 714, 720, 805, 815, 845, 847]","[1, 13, 14, 29, 54, 55, 56, 57, 58, 60, 95, 102, 118, 125, 127, 130, 134, 146, 149, 153, 175, 182, 187, 189, 191, 197, 225, 230, 238, 264, 265, 266, 286, 302, 317, 336, 354, 379, 388, 389, 425, 454, 458, 463, 475, 487, 498, 499, 512, 530, 531, 532, 533, 534, 536, 566, 573, 589, 596, 598, 601, 605, 617, 620, 624, 646, 653, 658, 660, 662, 668, 689, 694, 702, 724, 725, 745, 760, 775, 793, 809, 829, 838, 839, 877, 901, 903, 905, 910, 923]","[1, 13, 14, 29, 54, 55, 56, 57, 58, 60, 102, 118, 125, 127, 130, 134, 146, 149, 153, 175, 182, 187, 189, 191, 197, 225, 230, 238, 264, 265, 266, 286, 302, 317, 336, 379, 388, 389, 425, 454, 458, 463, 475, 487, 498, 499, 512, 530, 531, 532, 533, 534, 536, 573, 589, 596, 598, 601, 605, 617, 620, 624, 646, 653, 658, 660, 662, 668, 689, 694, 702, 724, 725, 745, 760, 775, 793, 829, 838, 839, 877, 901, 903, 905, 910, 923]",7/6 successful match,True,[196],True,778,False,,1.0,True,Flyers # 225 ( Shell ),Shell
F Independence ( 93526 ) Fort Independence Travel Plaza,4 760-878-2483 US 395 ( 2 mi N of town ),24 S <U+25A1> <U+2610> <U+2610>,Independence,93526,Fort Independence Travel Plaza,760-878-2483,2014,Independence,CA,,( 2 mi N of town ),US 395,empty,,False,,False,US 395,,,,,"[642, 171]","[171, 642]","[171, 642]",[],"[103, 104, 105, 106, 107, 108, 109, 110, 111, 112, 113, 114, 115, 116, 117, 118, 119, 120, 121, 122, 123, 124, 125, 126, 127, 128, 129, 130, 131, 132, 133, 134, 135, 136, 137, 138, 139, 140, 141, 142, 143, 144, 145, 146, 147, 148, 149, 150, 151, 152, 153, 154, 155, 156, 157, 158, 159, 160, 161, 162, 163, 164, 165, 166, 167, 168, 169, 170, 171, 172, 173, 174, 175, 176, 177, 178, 179, 180, 181, 182, 183, 184, 185, 186, 187, 188, 189, 190, 191, 192, 193, 194, 195, 196, 197, 198, 199, 200, 201, 202, 203, 204, 205, 206, 207, 208, 209, 210, 211, 212, 213, 214, 215, 216, 217, 218, 219, 220, 221, 222, 223, 224, 225, 226, 227, 228, 229, 230, 231, 232, 233, 234, 235, 236, 237, 238, 239, 240, 241, 242, 243, 244, 245, 246, 247, 248, 249, 250, 251, 252, 253, 254, 255, 256, 257, 258, 259, 260, 261, 262, 263, 264, 265, 266, 267, 268, 269, 270, 271, 272, 273, 274, 275, 276, 277, 278, 279, 280, 281, 282, 283, 284, 285, 286, 287, 288, 289, 290, 291, 292, 293, 294, 295, 296, 297, 298, 299, 300, 301, 302, 303, 304, 305, 306, 307, 308, 309, 310, 311, 312, 313, 314, 315, 316, 317, 318, 319, 320, 321, 322, 323, 324, 325, 326, 327, 328, 329, 330, 331, 332, 333, 334, 335, 336, 337, 574, 575, 576, 577, 578, 579, 580, 581, 582, 583, 584, 585, 586, 587, 588, 589, 590, 591, 592, 593, 594, 595, 596, 597, 598, 599, 600, 601, 602, 603, 604, 605, 606, 607, 608, 609, 610, 611, 612, 613, 614, 615, 616, 617, 618, 619, 620, 621, 622, 623, 624, 625, 626, 627, 628, 629, 630, 631, 632, 633, 634, 635, 636, 637, 638, 639, 640, 641, 642, 643, 644, 645, 646, 647, 648, 649, 650, 651, 652, 653, 654, 655, 656, 657, 658, 659, 660, 661, 662, 663, 664, 665, 666, 667, 668, 669, 670, 671, 672, 673, 674, 675, 676, 677, 678, 679, 680, 681, 682, 683, 684, 685, 686, 687, 688, 689, 690, 691, 692, 693, 694, 695, 696, 697, 698, 699, 700, 701, 702, 703, 704, 705, 706, 707, 708, 709, 710, 711, 712, 713, 714, 715, 716, 717, 718, 719, 720, 721, 722, 723, 724, 725, 726, 727, 728, 729, 730, 731, 732, 733, 734, 735, 736, 737, 738, 739, 740, 741, 742, 743, 744, 745, 746, 747, 748, 749, 750, 751, 752, 753, 754, 755, 756, 757, 758, 759, 760, 761, 762, 763, 764, 765, 766, 767, 768, 769, 770, 771, 772, 773, 774, 775, 776, 777, 778, 779, 780, 781, 782, 783, 784, 785, 786, 787, 788, 789, 790, 791, 792, 793]","[122, 130, 171, 179, 184, 187, 238, 248, 251, 258, 301, 350, 362, 395, 397, 593, 601, 642, 650, 655, 658, 702, 711, 714, 720, 805, 815, 845, 847]",[],"[171, 642]","[103, 104, 105, 106, 107, 108, 109, 110, 111, 112, 113, 114, 115, 116, 117, 118, 119, 120, 121, 122, 123, 124, 125, 126, 127, 128, 129, 130, 131, 132, 133, 134, 135, 136, 137, 138, 139, 140, 141, 142, 143, 144, 145, 146, 147, 148, 149, 150, 151, 152, 153, 154, 155, 156, 157, 158, 159, 160, 161, 162, 163, 164, 165, 166, 167, 168, 169, 170, 171, 172, 173, 174, 175, 176, 177, 178, 179, 180, 181, 182, 183, 184, 185, 186, 187, 188, 189, 190, 191, 192, 193, 194, 195, 196, 197, 198, 199, 200, 201, 202, 203, 204, 205, 206, 207, 208, 209, 210, 211, 212, 213, 214, 215, 216, 217, 218, 219, 220, 221, 222, 223, 224, 225, 226, 227, 228, 229, 230, 231, 232, 233, 234, 235, 236, 237, 238, 239, 240, 241, 242, 243, 244, 245, 246, 247, 248, 249, 250, 251, 252, 253, 254, 255, 256, 257, 258, 259, 260, 261, 262, 263, 264, 265, 266, 267, 268, 269, 270, 271, 272, 273, 274, 275, 276, 277, 278, 279, 280, 281, 282, 283, 284, 285, 286, 287, 288, 289, 290, 291, 292, 293, 294, 295, 296, 297, 298, 299, 300, 301, 302, 303, 304, 305, 306, 307, 308, 309, 310, 311, 312, 313, 314, 315, 316, 317, 318, 319, 320, 321, 322, 323, 324, 325, 326, 327, 328, 329, 330, 331, 332, 333, 334, 335, 336, 337, 350, 362, 395, 397, 574, 575, 576, 577, 578, 579, 580, 581, 582, 583, 584, 585, 586, 587, 588, 589, 590, 591, 592, 593, 594, 595, 596, 597, 598, 599, 600, 601, 602, 603, 604, 605, 606, 607, 608, 609, 610, 611, 612, 613, 614, 615, 616, 617, 618, 619, 620, 621, 622, 623, 624, 625, 626, 627, 628, 629, 630, 631, 632, 633, 634, 635, 636, 637, 638, 639, 640, 641, 642, 643, 644, 645, 646, 647, 648, 649, 650, 651, 652, 653, 654, 655, 656, 657, 658, 659, 660, 661, 662, 663, 664, 665, 666, 667, 668, 669, 670, 671, 672, 673, 674, 675, 676, 677, 678, 679, 680, 681, 682, 683, 684, 685, 686, 687, 688, 689, 690, 691, 692, 693, 694, 695, 696, 697, 698, 699, 700, 701, 702, 703, 704, 705, 706, 707, 708, 709, 710, 711, 712, 713, 714, 715, 716, 717, 718, 719, 720, 721, 722, 723, 724, 725, 726, 727, 728, 729, 730, 731, 732, 733, 734, 735, 736, 737, 738, 739, 740, 741, 742, 743, 744, 745, 746, 747, 748, 749, 750, 751, 752, 753, 754, 755, 756, 757, 758, 759, 760, 761, 762, 763, 764, 765, 766, 767, 768, 769, 770, 771, 772, 773, 774, 775, 776, 777, 778, 779, 780, 781, 782, 783, 784, 785, 786, 787, 788, 789, 790, 791, 792, 793, 805, 815, 845, 847]",True,"[171, 642]","[103, 104, 105, 106, 107, 108, 109, 110, 111, 112, 113, 114, 115, 116, 117, 118, 119, 120, 121, 122, 123, 124, 125, 126, 127, 128, 129, 130, 131, 132, 133, 134, 135, 136, 137, 138, 139, 140, 141, 142, 143, 144, 145, 146, 147, 148, 149, 150, 151, 152, 153, 154, 155, 156, 157, 158, 159, 160, 161, 162, 163, 164, 165, 166, 167, 168, 169, 170, 171, 172, 173, 174, 175, 176, 177, 178, 179, 180, 181, 182, 183, 184, 185, 186, 187, 188, 189, 190, 191, 192, 193, 194, 195, 196, 197, 198, 199, 200, 201, 202, 203, 204, 205, 206, 207, 208, 209, 210, 211, 212, 213, 214, 215, 216, 217, 218, 219, 220, 221, 222, 223, 224, 225, 226, 227, 228, 229, 230, 231, 232, 233, 234, 235, 236, 237, 238, 239, 240, 241, 242, 243, 244, 245, 246, 247, 248, 249, 250, 251, 252, 253, 254, 255, 256, 257, 258, 259, 260, 261, 262, 263, 264, 265, 266, 267, 268, 269, 270, 271, 272, 273, 274, 275, 276, 277, 278, 279, 280, 281, 282, 283, 284, 285, 286, 287, 288, 289, 290, 291, 292, 293, 294, 295, 296, 297, 298, 299, 300, 301, 302, 303, 304, 305, 306, 307, 308, 309, 310, 311, 312, 313, 314, 315, 316, 317, 318, 319, 320, 321, 322, 323, 324, 325, 326, 327, 328, 329, 330, 331, 332, 333, 334, 335, 336, 337, 574, 575, 576, 577, 578, 579, 580, 581, 582, 583, 584, 585, 586, 587, 588, 589, 590, 591, 592, 593, 594, 595, 596, 597, 598, 599, 600, 601, 602, 603, 604, 605, 606, 607, 608, 609, 610, 611, 612, 613, 614, 615, 616, 617, 618, 619, 620, 621, 622, 623, 624, 625, 626, 627, 628, 629, 630, 631, 632, 633, 634, 635, 636, 637, 638, 639, 640, 641, 642, 643, 644, 645, 646, 647, 648, 649, 650, 651, 652, 653, 654, 655, 656, 657, 658, 659, 660, 661, 662, 663, 664, 665, 666, 667, 668, 669, 670, 671, 672, 673, 674, 675, 676, 677, 678, 679, 680, 681, 682, 683, 684, 685, 686, 687, 688, 689, 690, 691, 692, 693, 694, 695, 696, 697, 698, 699, 700, 701, 702, 703, 704, 705, 706, 707, 708, 709, 710, 711, 712, 713, 714, 715, 716, 717, 718, 719, 720, 721, 722, 723, 724, 725, 726, 727, 728, 729, 730, 731, 732, 733, 734, 735, 736, 737, 738, 739, 740, 741, 742, 743, 744, 745, 746, 747, 748, 749, 750, 751, 752, 753, 754, 755, 756, 757, 758, 759, 760, 761, 762, 763, 764, 765, 766, 767, 768, 769, 770, 771, 772, 773, 774, 775, 776, 777, 778, 779, 780, 781, 782, 783, 784, 785, 786, 787, 788, 789, 790, 791, 792, 793]","[171, 642]",[],"[122, 130, 171, 179, 184, 187, 238, 248, 251, 258, 301, 350, 362, 395, 397, 593, 601, 642, 650, 655, 658, 702, 711, 714, 720, 805, 815, 845, 847]","[171, 642]",[],7/6 successful match,True,"[703, 704]",True,779,False,,,,,
Independence ( 93526 ) Fort Independence Travel Plaza,760-878-2483 US 395 ( 2 mi N of,S <U+25A1> <U+2610> <U+2610>,Independence,93526,Fort Independence Travel Plaza,760-878-2483,2015,Independence,CA,,( 2 mi N of,US 395,empty,,False,,False,US 395,,,,,"[642, 171]","[171, 642]","[171, 642]",[],"[103, 104, 105, 106, 107, 108, 109, 110, 111, 112, 113, 114, 115, 116, 117, 118, 119, 120, 121, 122, 123, 124, 125, 126, 127, 128, 129, 130, 131, 132, 133, 134, 135, 136, 137, 138, 139, 140, 141, 142, 143, 144, 145, 146, 147, 148, 149, 150, 151, 152, 153, 154, 155, 156, 157, 158, 159, 160, 161, 162, 163, 164, 165, 166, 167, 168, 169, 170, 171, 172, 173, 174, 175, 176, 177, 178, 179, 180, 181, 182, 183, 184, 185, 186, 187, 188, 189, 190, 191, 192, 193, 194, 195, 196, 197, 198, 199, 200, 201, 202, 203, 204, 205, 206, 207, 208, 209, 210, 211, 212, 213, 214, 215, 216, 217, 218, 219, 220, 221, 222, 223, 224, 225, 226, 227, 228, 229, 230, 231, 232, 233, 234, 235, 236, 237, 238, 239, 240, 241, 242, 243, 244, 245, 246, 247, 248, 249, 250, 251, 252, 253, 254, 255, 256, 257, 258, 259, 260, 261, 262, 263, 264, 265, 266, 267, 268, 269, 270, 271, 272, 273, 274, 275, 276, 277, 278, 279, 280, 281, 282, 283, 284, 285, 286, 287, 288, 289, 290, 291, 292, 293, 294, 295, 296, 297, 298, 299, 300, 301, 302, 303, 304, 305, 306, 307, 308, 309, 310, 311, 312, 313, 314, 315, 316, 317, 318, 319, 320, 321, 322, 323, 324, 325, 326, 327, 328, 329, 330, 331, 332, 333, 334, 335, 336, 337, 574, 575, 576, 577, 578, 579, 580, 581, 582, 583, 584, 585, 586, 587, 588, 589, 590, 591, 592, 593, 594, 595, 596, 597, 598, 599, 600, 601, 602, 603, 604, 605, 606, 607, 608, 609, 610, 611, 612, 613, 614, 615, 616, 617, 618, 619, 620, 621, 622, 623, 624, 625, 626, 627, 628, 629, 630, 631, 632, 633, 634, 635, 636, 637, 638, 639, 640, 641, 642, 643, 644, 645, 646, 647, 648, 649, 650, 651, 652, 653, 654, 655, 656, 657, 658, 659, 660, 661, 662, 663, 664, 665, 666, 667, 668, 669, 670, 671, 672, 673, 674, 675, 676, 677, 678, 679, 680, 681, 682, 683, 684, 685, 686, 687, 688, 689, 690, 691, 692, 693, 694, 695, 696, 697, 698, 699, 700, 701, 702, 703, 704, 705, 706, 707, 708, 709, 710, 711, 712, 713, 714, 715, 716, 717, 718, 719, 720, 721, 722, 723, 724, 725, 726, 727, 728, 729, 730, 731, 732, 733, 734, 735, 736, 737, 738, 739, 740, 741, 742, 743, 744, 745, 746, 747, 748, 749, 750, 751, 752, 753, 754, 755, 756, 757, 758, 759, 760, 761, 762, 763, 764, 765, 766, 767, 768, 769, 770, 771, 772, 773, 774, 775, 776, 777, 778, 779, 780, 781, 782, 783, 784, 785, 786, 787, 788, 789, 790, 791, 792, 793]","[122, 130, 171, 179, 184, 187, 238, 248, 251, 258, 301, 350, 362, 395, 397, 593, 601, 642, 650, 655, 658, 702, 711, 714, 720, 805, 815, 845, 847]",[],"[171, 642]","[103, 104, 105, 106, 107, 108, 109, 110, 111, 112, 113, 114, 115, 116, 117, 118, 119, 120, 121, 122, 123, 124, 125, 126, 127, 128, 129, 130, 131, 132, 133, 134, 135, 136, 137, 138, 139, 140, 141, 142, 143, 144, 145, 146, 147, 148, 149, 150, 151, 152, 153, 154, 155, 156, 157, 158, 159, 160, 161, 162, 163, 164, 165, 166, 167, 168, 169, 170, 171, 172, 173, 174, 175, 176, 177, 178, 179, 180, 181, 182, 183, 184, 185, 186, 187, 188, 189, 190, 191, 192, 193, 194, 195, 196, 197, 198, 199, 200, 201, 202, 203, 204, 205, 206, 207, 208, 209, 210, 211, 212, 213, 214, 215, 216, 217, 218, 219, 220, 221, 222, 223, 224, 225, 226, 227, 228, 229, 230, 231, 232, 233, 234, 235, 236, 237, 238, 239, 240, 241, 242, 243, 244, 245, 246, 247, 248, 249, 250, 251, 252, 253, 254, 255, 256, 257, 258, 259, 260, 261, 262, 263, 264, 265, 266, 267, 268, 269, 270, 271, 272, 273, 274, 275, 276, 277, 278, 279, 280, 281, 282, 283, 284, 285, 286, 287, 288, 289, 290, 291, 292, 293, 294, 295, 296, 297, 298, 299, 300, 301, 302, 303, 304, 305, 306, 307, 308, 309, 310, 311, 312, 313, 314, 315, 316, 317, 318, 319, 320, 321, 322, 323, 324, 325, 326, 327, 328, 329, 330, 331, 332, 333, 334, 335, 336, 337, 350, 362, 395, 397, 574, 575, 576, 577, 578, 579, 580, 581, 582, 583, 584, 585, 586, 587, 588, 589, 590, 591, 592, 593, 594, 595, 596, 597, 598, 599, 600, 601, 602, 603, 604, 605, 606, 607, 608, 609, 610, 611, 612, 613, 614, 615, 616, 617, 618, 619, 620, 621, 622, 623, 624, 625, 626, 627, 628, 629, 630, 631, 632, 633, 634, 635, 636, 637, 638, 639, 640, 641, 642, 643, 644, 645, 646, 647, 648, 649, 650, 651, 652, 653, 654, 655, 656, 657, 658, 659, 660, 661, 662, 663, 664, 665, 666, 667, 668, 669, 670, 671, 672, 673, 674, 675, 676, 677, 678, 679, 680, 681, 682, 683, 684, 685, 686, 687, 688, 689, 690, 691, 692, 693, 694, 695, 696, 697, 698, 699, 700, 701, 702, 703, 704, 705, 706, 707, 708, 709, 710, 711, 712, 713, 714, 715, 716, 717, 718, 719, 720, 721, 722, 723, 724, 725, 726, 727, 728, 729, 730, 731, 732, 733, 734, 735, 736, 737, 738, 739, 740, 741, 742, 743, 744, 745, 746, 747, 748, 749, 750, 751, 752, 753, 754, 755, 756, 757, 758, 759, 760, 761, 762, 763, 764, 765, 766, 767, 768, 769, 770, 771, 772, 773, 774, 775, 776, 777, 778, 779, 780, 781, 782, 783, 784, 785, 786, 787, 788, 789, 790, 791, 792, 793, 805, 815, 845, 847]",True,"[171, 642]","[103, 104, 105, 106, 107, 108, 109, 110, 111, 112, 113, 114, 115, 116, 117, 118, 119, 120, 121, 122, 123, 124, 125, 126, 127, 128, 129, 130, 131, 132, 133, 134, 135, 136, 137, 138, 139, 140, 141, 142, 143, 144, 145, 146, 147, 148, 149, 150, 151, 152, 153, 154, 155, 156, 157, 158, 159, 160, 161, 162, 163, 164, 165, 166, 167, 168, 169, 170, 171, 172, 173, 174, 175, 176, 177, 178, 179, 180, 181, 182, 183, 184, 185, 186, 187, 188, 189, 190, 191, 192, 193, 194, 195, 196, 197, 198, 199, 200, 201, 202, 203, 204, 205, 206, 207, 208, 209, 210, 211, 212, 213, 214, 215, 216, 217, 218, 219, 220, 221, 222, 223, 224, 225, 226, 227, 228, 229, 230, 231, 232, 233, 234, 235, 236, 237, 238, 239, 240, 241, 242, 243, 244, 245, 246, 247, 248, 249, 250, 251, 252, 253, 254, 255, 256, 257, 258, 259, 260, 261, 262, 263, 264, 265, 266, 267, 268, 269, 270, 271, 272, 273, 274, 275, 276, 277, 278, 279, 280, 281, 282, 283, 284, 285, 286, 287, 288, 289, 290, 291, 292, 293, 294, 295, 296, 297, 298, 299, 300, 301, 302, 303, 304, 305, 306, 307, 308, 309, 310, 311, 312, 313, 314, 315, 316, 317, 318, 319, 320, 321, 322, 323, 324, 325, 326, 327, 328, 329, 330, 331, 332, 333, 334, 335, 336, 337, 574, 575, 576, 577, 578, 579, 580, 581, 582, 583, 584, 585, 586, 587, 588, 589, 590, 591, 592, 593, 594, 595, 596, 597, 598, 599, 600, 601, 602, 603, 604, 605, 606, 607, 608, 609, 610, 611, 612, 613, 614, 615, 616, 617, 618, 619, 620, 621, 622, 623, 624, 625, 626, 627, 628, 629, 630, 631, 632, 633, 634, 635, 636, 637, 638, 639, 640, 641, 642, 643, 644, 645, 646, 647, 648, 649, 650, 651, 652, 653, 654, 655, 656, 657, 658, 659, 660, 661, 662, 663, 664, 665, 666, 667, 668, 669, 670, 671, 672, 673, 674, 675, 676, 677, 678, 679, 680, 681, 682, 683, 684, 685, 686, 687, 688, 689, 690, 691, 692, 693, 694, 695, 696, 697, 698, 699, 700, 701, 702, 703, 704, 705, 706, 707, 708, 709, 710, 711, 712, 713, 714, 715, 716, 717, 718, 719, 720, 721, 722, 723, 724, 725, 726, 727, 728, 729, 730, 731, 732, 733, 734, 735, 736, 737, 738, 739, 740, 741, 742, 743, 744, 745, 746, 747, 748, 749, 750, 751, 752, 753, 754, 755, 756, 757, 758, 759, 760, 761, 762, 763, 764, 765, 766, 767, 768, 769, 770, 771, 772, 773, 774, 775, 776, 777, 778, 779, 780, 781, 782, 783, 784, 785, 786, 787, 788, 789, 790, 791, 792, 793]","[171, 642]",[],"[122, 130, 171, 179, 184, 187, 238, 248, 251, 258, 301, 350, 362, 395, 397, 593, 601, 642, 650, 655, 658, 702, 711, 714, 720, 805, 815, 845, 847]","[171, 642]",[],7/6 successful match,True,"[703, 704]",True,779,False,,1.0,True,Fort Independence Travel Plaza,
F Independence ( 93526 ) Fort Independence Travel Plaza,760-878-2483 US 395 ( 2 mi N of,24 RS S <U+2610> HRS <U+2610> FRS,Independence,93526,Fort Independence Travel Plaza,760-878-2483,2016,Independence,CA,,( 2 mi N of,US 395,empty,,False,,False,US 395,,,,,"[642, 171]","[171, 642]","[171, 642]",[],"[103, 104, 105, 106, 107, 108, 109, 110, 111, 112, 113, 114, 115, 116, 117, 118, 119, 120, 121, 122, 123, 124, 125, 126, 127, 128, 129, 130, 131, 132, 133, 134, 135, 136, 137, 138, 139, 140, 141, 142, 143, 144, 145, 146, 147, 148, 149, 150, 151, 152, 153, 154, 155, 156, 157, 158, 159, 160, 161, 162, 163, 164, 165, 166, 167, 168, 169, 170, 171, 172, 173, 174, 175, 176, 177, 178, 179, 180, 181, 182, 183, 184, 185, 186, 187, 188, 189, 190, 191, 192, 193, 194, 195, 196, 197, 198, 199, 200, 201, 202, 203, 204, 205, 206, 207, 208, 209, 210, 211, 212, 213, 214, 215, 216, 217, 218, 219, 220, 221, 222, 223, 224, 225, 226, 227, 228, 229, 230, 231, 232, 233, 234, 235, 236, 237, 238, 239, 240, 241, 242, 243, 244, 245, 246, 247, 248, 249, 250, 251, 252, 253, 254, 255, 256, 257, 258, 259, 260, 261, 262, 263, 264, 265, 266, 267, 268, 269, 270, 271, 272, 273, 274, 275, 276, 277, 278, 279, 280, 281, 282, 283, 284, 285, 286, 287, 288, 289, 290, 291, 292, 293, 294, 295, 296, 297, 298, 299, 300, 301, 302, 303, 304, 305, 306, 307, 308, 309, 310, 311, 312, 313, 314, 315, 316, 317, 318, 319, 320, 321, 322, 323, 324, 325, 326, 327, 328, 329, 330, 331, 332, 333, 334, 335, 336, 337, 574, 575, 576, 577, 578, 579, 580, 581, 582, 583, 584, 585, 586, 587, 588, 589, 590, 591, 592, 593, 594, 595, 596, 597, 598, 599, 600, 601, 602, 603, 604, 605, 606, 607, 608, 609, 610, 611, 612, 613, 614, 615, 616, 617, 618, 619, 620, 621, 622, 623, 624, 625, 626, 627, 628, 629, 630, 631, 632, 633, 634, 635, 636, 637, 638, 639, 640, 641, 642, 643, 644, 645, 646, 647, 648, 649, 650, 651, 652, 653, 654, 655, 656, 657, 658, 659, 660, 661, 662, 663, 664, 665, 666, 667, 668, 669, 670, 671, 672, 673, 674, 675, 676, 677, 678, 679, 680, 681, 682, 683, 684, 685, 686, 687, 688, 689, 690, 691, 692, 693, 694, 695, 696, 697, 698, 699, 700, 701, 702, 703, 704, 705, 706, 707, 708, 709, 710, 711, 712, 713, 714, 715, 716, 717, 718, 719, 720, 721, 722, 723, 724, 725, 726, 727, 728, 729, 730, 731, 732, 733, 734, 735, 736, 737, 738, 739, 740, 741, 742, 743, 744, 745, 746, 747, 748, 749, 750, 751, 752, 753, 754, 755, 756, 757, 758, 759, 760, 761, 762, 763, 764, 765, 766, 767, 768, 769, 770, 771, 772, 773, 774, 775, 776, 777, 778, 779, 780, 781, 782, 783, 784, 785, 786, 787, 788, 789, 790, 791, 792, 793]","[122, 130, 171, 179, 184, 187, 238, 248, 251, 258, 301, 350, 362, 395, 397, 593, 601, 642, 650, 655, 658, 702, 711, 714, 720, 805, 815, 845, 847]",[],"[171, 642]","[103, 104, 105, 106, 107, 108, 109, 110, 111, 112, 113, 114, 115, 116, 117, 118, 119, 120, 121, 122, 123, 124, 125, 126, 127, 128, 129, 130, 131, 132, 133, 134, 135, 136, 137, 138, 139, 140, 141, 142, 143, 144, 145, 146, 147, 148, 149, 150, 151, 152, 153, 154, 155, 156, 157, 158, 159, 160, 161, 162, 163, 164, 165, 166, 167, 168, 169, 170, 171, 172, 173, 174, 175, 176, 177, 178, 179, 180, 181, 182, 183, 184, 185, 186, 187, 188, 189, 190, 191, 192, 193, 194, 195, 196, 197, 198, 199, 200, 201, 202, 203, 204, 205, 206, 207, 208, 209, 210, 211, 212, 213, 214, 215, 216, 217, 218, 219, 220, 221, 222, 223, 224, 225, 226, 227, 228, 229, 230, 231, 232, 233, 234, 235, 236, 237, 238, 239, 240, 241, 242, 243, 244, 245, 246, 247, 248, 249, 250, 251, 252, 253, 254, 255, 256, 257, 258, 259, 260, 261, 262, 263, 264, 265, 266, 267, 268, 269, 270, 271, 272, 273, 274, 275, 276, 277, 278, 279, 280, 281, 282, 283, 284, 285, 286, 287, 288, 289, 290, 291, 292, 293, 294, 295, 296, 297, 298, 299, 300, 301, 302, 303, 304, 305, 306, 307, 308, 309, 310, 311, 312, 313, 314, 315, 316, 317, 318, 319, 320, 321, 322, 323, 324, 325, 326, 327, 328, 329, 330, 331, 332, 333, 334, 335, 336, 337, 350, 362, 395, 397, 574, 575, 576, 577, 578, 579, 580, 581, 582, 583, 584, 585, 586, 587, 588, 589, 590, 591, 592, 593, 594, 595, 596, 597, 598, 599, 600, 601, 602, 603, 604, 605, 606, 607, 608, 609, 610, 611, 612, 613, 614, 615, 616, 617, 618, 619, 620, 621, 622, 623, 624, 625, 626, 627, 628, 629, 630, 631, 632, 633, 634, 635, 636, 637, 638, 639, 640, 641, 642, 643, 644, 645, 646, 647, 648, 649, 650, 651, 652, 653, 654, 655, 656, 657, 658, 659, 660, 661, 662, 663, 664, 665, 666, 667, 668, 669, 670, 671, 672, 673, 674, 675, 676, 677, 678, 679, 680, 681, 682, 683, 684, 685, 686, 687, 688, 689, 690, 691, 692, 693, 694, 695, 696, 697, 698, 699, 700, 701, 702, 703, 704, 705, 706, 707, 708, 709, 710, 711, 712, 713, 714, 715, 716, 717, 718, 719, 720, 721, 722, 723, 724, 725, 726, 727, 728, 729, 730, 731, 732, 733, 734, 735, 736, 737, 738, 739, 740, 741, 742, 743, 744, 745, 746, 747, 748, 749, 750, 751, 752, 753, 754, 755, 756, 757, 758, 759, 760, 761, 762, 763, 764, 765, 766, 767, 768, 769, 770, 771, 772, 773, 774, 775, 776, 777, 778, 779, 780, 781, 782, 783, 784, 785, 786, 787, 788, 789, 790, 791, 792, 793, 805, 815, 845, 847]",True,"[171, 642]","[103, 104, 105, 106, 107, 108, 109, 110, 111, 112, 113, 114, 115, 116, 117, 118, 119, 120, 121, 122, 123, 124, 125, 126, 127, 128, 129, 130, 131, 132, 133, 134, 135, 136, 137, 138, 139, 140, 141, 142, 143, 144, 145, 146, 147, 148, 149, 150, 151, 152, 153, 154, 155, 156, 157, 158, 159, 160, 161, 162, 163, 164, 165, 166, 167, 168, 169, 170, 171, 172, 173, 174, 175, 176, 177, 178, 179, 180, 181, 182, 183, 184, 185, 186, 187, 188, 189, 190, 191, 192, 193, 194, 195, 196, 197, 198, 199, 200, 201, 202, 203, 204, 205, 206, 207, 208, 209, 210, 211, 212, 213, 214, 215, 216, 217, 218, 219, 220, 221, 222, 223, 224, 225, 226, 227, 228, 229, 230, 231, 232, 233, 234, 235, 236, 237, 238, 239, 240, 241, 242, 243, 244, 245, 246, 247, 248, 249, 250, 251, 252, 253, 254, 255, 256, 257, 258, 259, 260, 261, 262, 263, 264, 265, 266, 267, 268, 269, 270, 271, 272, 273, 274, 275, 276, 277, 278, 279, 280, 281, 282, 283, 284, 285, 286, 287, 288, 289, 290, 291, 292, 293, 294, 295, 296, 297, 298, 299, 300, 301, 302, 303, 304, 305, 306, 307, 308, 309, 310, 311, 312, 313, 314, 315, 316, 317, 318, 319, 320, 321, 322, 323, 324, 325, 326, 327, 328, 329, 330, 331, 332, 333, 334, 335, 336, 337, 574, 575, 576, 577, 578, 579, 580, 581, 582, 583, 584, 585, 586, 587, 588, 589, 590, 591, 592, 593, 594, 595, 596, 597, 598, 599, 600, 601, 602, 603, 604, 605, 606, 607, 608, 609, 610, 611, 612, 613, 614, 615, 616, 617, 618, 619, 620, 621, 622, 623, 624, 625, 626, 627, 628, 629, 630, 631, 632, 633, 634, 635, 636, 637, 638, 639, 640, 641, 642, 643, 644, 645, 646, 647, 648, 649, 650, 651, 652, 653, 654, 655, 656, 657, 658, 659, 660, 661, 662, 663, 664, 665, 666, 667, 668, 669, 670, 671, 672, 673, 674, 675, 676, 677, 678, 679, 680, 681, 682, 683, 684, 685, 686, 687, 688, 689, 690, 691, 692, 693, 694, 695, 696, 697, 698, 699, 700, 701, 702, 703, 704, 705, 706, 707, 708, 709, 710, 711, 712, 713, 714, 715, 716, 717, 718, 719, 720, 721, 722, 723, 724, 725, 726, 727, 728, 729, 730, 731, 732, 733, 734, 735, 736, 737, 738, 739, 740, 741, 742, 743, 744, 745, 746, 747, 748, 749, 750, 751, 752, 753, 754, 755, 756, 757, 758, 759, 760, 761, 762, 763, 764, 765, 766, 767, 768, 769, 770, 771, 772, 773, 774, 775, 776, 777, 778, 779, 780, 781, 782, 783, 784, 785, 786, 787, 788, 789, 790, 791, 792, 793]","[171, 642]",[],"[122, 130, 171, 179, 184, 187, 238, 248, 251, 258, 301, 350, 362, 395, 397, 593, 601, 642, 650, 655, 658, 702, 711, 714, 720, 805, 815, 845, 847]","[171, 642]",[],7/6 successful match,True,"[703, 704]",True,779,False,,1.0,True,Fort Independence Travel Plaza,
"Lancaster , 93534 Butler Scales ( Alliance )",661-942-2262 43859 N Sierra ( 4 mi E of CA 14 & Ave K ),K ) 000,Lancaster,93534,Butler Scales ( Alliance ),661-942-2262,2006,Lancaster,CA,,( 4 mi E of CA 14 & Ave K ),43859 N Sierra,Proper,,False,,False,43859 N,,,,,[],[],[],[],"[103, 104, 105, 106, 107, 108, 109, 110, 111, 112, 113, 114, 115, 116, 117, 118, 119, 120, 121, 122, 123, 124, 125, 126, 127, 128, 129, 130, 131, 132, 133, 134, 135, 136, 137, 138, 139, 140, 141, 142, 143, 144, 145, 146, 147, 148, 149, 150, 151, 152, 153, 154, 155, 156, 157, 158, 159, 160, 161, 162, 163, 164, 165, 166, 167, 168, 169, 170, 171, 172, 173, 174, 175, 176, 177, 178, 179, 180, 181, 182, 183, 184, 185, 186, 187, 188, 189, 190, 191, 192, 193, 194, 195, 196, 197, 198, 199, 200, 201, 202, 203, 204, 205, 206, 207, 208, 209, 210, 211, 212, 213, 214, 215, 216, 217, 218, 219, 220, 221, 222, 223, 224, 225, 226, 227, 228, 229, 230, 231, 232, 233, 234, 235, 236, 237, 238, 239, 240, 241, 242, 243, 244, 245, 246, 247, 248, 249, 250, 251, 252, 253, 254, 255, 256, 257, 258, 259, 260, 261, 262, 263, 264, 265, 266, 267, 268, 269, 270, 271, 272, 273, 274, 275, 276, 277, 278, 279, 280, 281, 282, 283, 284, 285, 286, 287, 288, 289, 290, 291, 292, 293, 294, 295, 296, 297, 298, 299, 300, 301, 302, 303, 304, 305, 306, 307, 308, 309, 310, 311, 312, 313, 314, 315, 316, 317, 318, 319, 320, 321, 322, 323, 324, 325, 326, 327, 328, 329, 330, 331, 332, 333, 334, 335, 336, 337, 574, 575, 576, 577, 578, 579, 580, 581, 582, 583, 584, 585, 586, 587, 588, 589, 590, 591, 592, 593, 594, 595, 596, 597, 598, 599, 600, 601, 602, 603, 604, 605, 606, 607, 608, 609, 610, 611, 612, 613, 614, 615, 616, 617, 618, 619, 620, 621, 622, 623, 624, 625, 626, 627, 628, 629, 630, 631, 632, 633, 634, 635, 636, 637, 638, 639, 640, 641, 642, 643, 644, 645, 646, 647, 648, 649, 650, 651, 652, 653, 654, 655, 656, 657, 658, 659, 660, 661, 662, 663, 664, 665, 666, 667, 668, 669, 670, 671, 672, 673, 674, 675, 676, 677, 678, 679, 680, 681, 682, 683, 684, 685, 686, 687, 688, 689, 690, 691, 692, 693, 694, 695, 696, 697, 698, 699, 700, 701, 702, 703, 704, 705, 706, 707, 708, 709, 710, 711, 712, 713, 714, 715, 716, 717, 718, 719, 720, 721, 722, 723, 724, 725, 726, 727, 728, 729, 730, 731, 732, 733, 734, 735, 736, 737, 738, 739, 740, 741, 742, 743, 744, 745, 746, 747, 748, 749, 750, 751, 752, 753, 754, 755, 756, 757, 758, 759, 760, 761, 762, 763, 764, 765, 766, 767, 768, 769, 770, 771, 772, 773, 774, 775, 776, 777, 778, 779, 780, 781, 782, 783, 784, 785, 786, 787, 788, 789, 790, 791, 792, 793]",[],[],[],"[103, 104, 105, 106, 107, 108, 109, 110, 111, 112, 113, 114, 115, 116, 117, 118, 119, 120, 121, 122, 123, 124, 125, 126, 127, 128, 129, 130, 131, 132, 133, 134, 135, 136, 137, 138, 139, 140, 141, 142, 143, 144, 145, 146, 147, 148, 149, 150, 151, 152, 153, 154, 155, 156, 157, 158, 159, 160, 161, 162, 163, 164, 165, 166, 167, 168, 169, 170, 171, 172, 173, 174, 175, 176, 177, 178, 179, 180, 181, 182, 183, 184, 185, 186, 187, 188, 189, 190, 191, 192, 193, 194, 195, 196, 197, 198, 199, 200, 201, 202, 203, 204, 205, 206, 207, 208, 209, 210, 211, 212, 213, 214, 215, 216, 217, 218, 219, 220, 221, 222, 223, 224, 225, 226, 227, 228, 229, 230, 231, 232, 233, 234, 235, 236, 237, 238, 239, 240, 241, 242, 243, 244, 245, 246, 247, 248, 249, 250, 251, 252, 253, 254, 255, 256, 257, 258, 259, 260, 261, 262, 263, 264, 265, 266, 267, 268, 269, 270, 271, 272, 273, 274, 275, 276, 277, 278, 279, 280, 281, 282, 283, 284, 285, 286, 287, 288, 289, 290, 291, 292, 293, 294, 295, 296, 297, 298, 299, 300, 301, 302, 303, 304, 305, 306, 307, 308, 309, 310, 311, 312, 313, 314, 315, 316, 317, 318, 319, 320, 321, 322, 323, 324, 325, 326, 327, 328, 329, 330, 331, 332, 333, 334, 335, 336, 337, 574, 575, 576, 577, 578, 579, 580, 581, 582, 583, 584, 585, 586, 587, 588, 589, 590, 591, 592, 593, 594, 595, 596, 597, 598, 599, 600, 601, 602, 603, 604, 605, 606, 607, 608, 609, 610, 611, 612, 613, 614, 615, 616, 617, 618, 619, 620, 621, 622, 623, 624, 625, 626, 627, 628, 629, 630, 631, 632, 633, 634, 635, 636, 637, 638, 639, 640, 641, 642, 643, 644, 645, 646, 647, 648, 649, 650, 651, 652, 653, 654, 655, 656, 657, 658, 659, 660, 661, 662, 663, 664, 665, 666, 667, 668, 669, 670, 671, 672, 673, 674, 675, 676, 677, 678, 679, 680, 681, 682, 683, 684, 685, 686, 687, 688, 689, 690, 691, 692, 693, 694, 695, 696, 697, 698, 699, 700, 701, 702, 703, 704, 705, 706, 707, 708, 709, 710, 711, 712, 713, 714, 715, 716, 717, 718, 719, 720, 721, 722, 723, 724, 725, 726, 727, 728, 729, 730, 731, 732, 733, 734, 735, 736, 737, 738, 739, 740, 741, 742, 743, 744, 745, 746, 747, 748, 749, 750, 751, 752, 753, 754, 755, 756, 757, 758, 759, 760, 761, 762, 763, 764, 765, 766, 767, 768, 769, 770, 771, 772, 773, 774, 775, 776, 777, 778, 779, 780, 781, 782, 783, 784, 785, 786, 787, 788, 789, 790, 791, 792, 793]",False,[],"[103, 104, 105, 106, 107, 108, 109, 110, 111, 112, 113, 114, 115, 116, 117, 118, 119, 120, 121, 122, 123, 124, 125, 126, 127, 128, 129, 130, 131, 132, 133, 134, 135, 136, 137, 138, 139, 140, 141, 142, 143, 144, 145, 146, 147, 148, 149, 150, 151, 152, 153, 154, 155, 156, 157, 158, 159, 160, 161, 162, 163, 164, 165, 166, 167, 168, 169, 170, 171, 172, 173, 174, 175, 176, 177, 178, 179, 180, 181, 182, 183, 184, 185, 186, 187, 188, 189, 190, 191, 192, 193, 194, 195, 196, 197, 198, 199, 200, 201, 202, 203, 204, 205, 206, 207, 208, 209, 210, 211, 212, 213, 214, 215, 216, 217, 218, 219, 220, 221, 222, 223, 224, 225, 226, 227, 228, 229, 230, 231, 232, 233, 234, 235, 236, 237, 238, 239, 240, 241, 242, 243, 244, 245, 246, 247, 248, 249, 250, 251, 252, 253, 254, 255, 256, 257, 258, 259, 260, 261, 262, 263, 264, 265, 266, 267, 268, 269, 270, 271, 272, 273, 274, 275, 276, 277, 278, 279, 280, 281, 282, 283, 284, 285, 286, 287, 288, 289, 290, 291, 292, 293, 294, 295, 296, 297, 298, 299, 300, 301, 302, 303, 304, 305, 306, 307, 308, 309, 310, 311, 312, 313, 314, 315, 316, 317, 318, 319, 320, 321, 322, 323, 324, 325, 326, 327, 328, 329, 330, 331, 332, 333, 334, 335, 336, 337, 574, 575, 576, 577, 578, 579, 580, 581, 582, 583, 584, 585, 586, 587, 588, 589, 590, 591, 592, 593, 594, 595, 596, 597, 598, 599, 600, 601, 602, 603, 604, 605, 606, 607, 608, 609, 610, 611, 612, 613, 614, 615, 616, 617, 618, 619, 620, 621, 622, 623, 624, 625, 626, 627, 628, 629, 630, 631, 632, 633, 634, 635, 636, 637, 638, 639, 640, 641, 642, 643, 644, 645, 646, 647, 648, 649, 650, 651, 652, 653, 654, 655, 656, 657, 658, 659, 660, 661, 662, 663, 664, 665, 666, 667, 668, 669, 670, 671, 672, 673, 674, 675, 676, 677, 678, 679, 680, 681, 682, 683, 684, 685, 686, 687, 688, 689, 690, 691, 692, 693, 694, 695, 696, 697, 698, 699, 700, 701, 702, 703, 704, 705, 706, 707, 708, 709, 710, 711, 712, 713, 714, 715, 716, 717, 718, 719, 720, 721, 722, 723, 724, 725, 726, 727, 728, 729, 730, 731, 732, 733, 734, 735, 736, 737, 738, 739, 740, 741, 742, 743, 744, 745, 746, 747, 748, 749, 750, 751, 752, 753, 754, 755, 756, 757, 758, 759, 760, 761, 762, 763, 764, 765, 766, 767, 768, 769, 770, 771, 772, 773, 774, 775, 776, 777, 778, 779, 780, 781, 782, 783, 784, 785, 786, 787, 788, 789, 790, 791, 792, 793]",[],[],[],[],[],7/6 successful match,False,[525],True,780,False,,,,,
"Lancaster , 93534 Butler Scales ( Alliance )",661-942-2262 43859 N Sierra ( 4 mi <U+00C9> of CA 14 & Ave K,K,Lancaster,93534,Butler Scales ( Alliance ),661-942-2262,2007,Lancaster,CA,,( 4 mi <U+00C9> of CA 14 & Ave K,43859 N Sierra,Proper,,False,,False,43859 N,,,,,[],[],[],[],"[103, 104, 105, 106, 107, 108, 109, 110, 111, 112, 113, 114, 115, 116, 117, 118, 119, 120, 121, 122, 123, 124, 125, 126, 127, 128, 129, 130, 131, 132, 133, 134, 135, 136, 137, 138, 139, 140, 141, 142, 143, 144, 145, 146, 147, 148, 149, 150, 151, 152, 153, 154, 155, 156, 157, 158, 159, 160, 161, 162, 163, 164, 165, 166, 167, 168, 169, 170, 171, 172, 173, 174, 175, 176, 177, 178, 179, 180, 181, 182, 183, 184, 185, 186, 187, 188, 189, 190, 191, 192, 193, 194, 195, 196, 197, 198, 199, 200, 201, 202, 203, 204, 205, 206, 207, 208, 209, 210, 211, 212, 213, 214, 215, 216, 217, 218, 219, 220, 221, 222, 223, 224, 225, 226, 227, 228, 229, 230, 231, 232, 233, 234, 235, 236, 237, 238, 239, 240, 241, 242, 243, 244, 245, 246, 247, 248, 249, 250, 251, 252, 253, 254, 255, 256, 257, 258, 259, 260, 261, 262, 263, 264, 265, 266, 267, 268, 269, 270, 271, 272, 273, 274, 275, 276, 277, 278, 279, 280, 281, 282, 283, 284, 285, 286, 287, 288, 289, 290, 291, 292, 293, 294, 295, 296, 297, 298, 299, 300, 301, 302, 303, 304, 305, 306, 307, 308, 309, 310, 311, 312, 313, 314, 315, 316, 317, 318, 319, 320, 321, 322, 323, 324, 325, 326, 327, 328, 329, 330, 331, 332, 333, 334, 335, 336, 337, 574, 575, 576, 577, 578, 579, 580, 581, 582, 583, 584, 585, 586, 587, 588, 589, 590, 591, 592, 593, 594, 595, 596, 597, 598, 599, 600, 601, 602, 603, 604, 605, 606, 607, 608, 609, 610, 611, 612, 613, 614, 615, 616, 617, 618, 619, 620, 621, 622, 623, 624, 625, 626, 627, 628, 629, 630, 631, 632, 633, 634, 635, 636, 637, 638, 639, 640, 641, 642, 643, 644, 645, 646, 647, 648, 649, 650, 651, 652, 653, 654, 655, 656, 657, 658, 659, 660, 661, 662, 663, 664, 665, 666, 667, 668, 669, 670, 671, 672, 673, 674, 675, 676, 677, 678, 679, 680, 681, 682, 683, 684, 685, 686, 687, 688, 689, 690, 691, 692, 693, 694, 695, 696, 697, 698, 699, 700, 701, 702, 703, 704, 705, 706, 707, 708, 709, 710, 711, 712, 713, 714, 715, 716, 717, 718, 719, 720, 721, 722, 723, 724, 725, 726, 727, 728, 729, 730, 731, 732, 733, 734, 735, 736, 737, 738, 739, 740, 741, 742, 743, 744, 745, 746, 747, 748, 749, 750, 751, 752, 753, 754, 755, 756, 757, 758, 759, 760, 761, 762, 763, 764, 765, 766, 767, 768, 769, 770, 771, 772, 773, 774, 775, 776, 777, 778, 779, 780, 781, 782, 783, 784, 785, 786, 787, 788, 789, 790, 791, 792, 793]",[],[],[],"[103, 104, 105, 106, 107, 108, 109, 110, 111, 112, 113, 114, 115, 116, 117, 118, 119, 120, 121, 122, 123, 124, 125, 126, 127, 128, 129, 130, 131, 132, 133, 134, 135, 136, 137, 138, 139, 140, 141, 142, 143, 144, 145, 146, 147, 148, 149, 150, 151, 152, 153, 154, 155, 156, 157, 158, 159, 160, 161, 162, 163, 164, 165, 166, 167, 168, 169, 170, 171, 172, 173, 174, 175, 176, 177, 178, 179, 180, 181, 182, 183, 184, 185, 186, 187, 188, 189, 190, 191, 192, 193, 194, 195, 196, 197, 198, 199, 200, 201, 202, 203, 204, 205, 206, 207, 208, 209, 210, 211, 212, 213, 214, 215, 216, 217, 218, 219, 220, 221, 222, 223, 224, 225, 226, 227, 228, 229, 230, 231, 232, 233, 234, 235, 236, 237, 238, 239, 240, 241, 242, 243, 244, 245, 246, 247, 248, 249, 250, 251, 252, 253, 254, 255, 256, 257, 258, 259, 260, 261, 262, 263, 264, 265, 266, 267, 268, 269, 270, 271, 272, 273, 274, 275, 276, 277, 278, 279, 280, 281, 282, 283, 284, 285, 286, 287, 288, 289, 290, 291, 292, 293, 294, 295, 296, 297, 298, 299, 300, 301, 302, 303, 304, 305, 306, 307, 308, 309, 310, 311, 312, 313, 314, 315, 316, 317, 318, 319, 320, 321, 322, 323, 324, 325, 326, 327, 328, 329, 330, 331, 332, 333, 334, 335, 336, 337, 574, 575, 576, 577, 578, 579, 580, 581, 582, 583, 584, 585, 586, 587, 588, 589, 590, 591, 592, 593, 594, 595, 596, 597, 598, 599, 600, 601, 602, 603, 604, 605, 606, 607, 608, 609, 610, 611, 612, 613, 614, 615, 616, 617, 618, 619, 620, 621, 622, 623, 624, 625, 626, 627, 628, 629, 630, 631, 632, 633, 634, 635, 636, 637, 638, 639, 640, 641, 642, 643, 644, 645, 646, 647, 648, 649, 650, 651, 652, 653, 654, 655, 656, 657, 658, 659, 660, 661, 662, 663, 664, 665, 666, 667, 668, 669, 670, 671, 672, 673, 674, 675, 676, 677, 678, 679, 680, 681, 682, 683, 684, 685, 686, 687, 688, 689, 690, 691, 692, 693, 694, 695, 696, 697, 698, 699, 700, 701, 702, 703, 704, 705, 706, 707, 708, 709, 710, 711, 712, 713, 714, 715, 716, 717, 718, 719, 720, 721, 722, 723, 724, 725, 726, 727, 728, 729, 730, 731, 732, 733, 734, 735, 736, 737, 738, 739, 740, 741, 742, 743, 744, 745, 746, 747, 748, 749, 750, 751, 752, 753, 754, 755, 756, 757, 758, 759, 760, 761, 762, 763, 764, 765, 766, 767, 768, 769, 770, 771, 772, 773, 774, 775, 776, 777, 778, 779, 780, 781, 782, 783, 784, 785, 786, 787, 788, 789, 790, 791, 792, 793]",False,[],"[103, 104, 105, 106, 107, 108, 109, 110, 111, 112, 113, 114, 115, 116, 117, 118, 119, 120, 121, 122, 123, 124, 125, 126, 127, 128, 129, 130, 131, 132, 133, 134, 135, 136, 137, 138, 139, 140, 141, 142, 143, 144, 145, 146, 147, 148, 149, 150, 151, 152, 153, 154, 155, 156, 157, 158, 159, 160, 161, 162, 163, 164, 165, 166, 167, 168, 169, 170, 171, 172, 173, 174, 175, 176, 177, 178, 179, 180, 181, 182, 183, 184, 185, 186, 187, 188, 189, 190, 191, 192, 193, 194, 195, 196, 197, 198, 199, 200, 201, 202, 203, 204, 205, 206, 207, 208, 209, 210, 211, 212, 213, 214, 215, 216, 217, 218, 219, 220, 221, 222, 223, 224, 225, 226, 227, 228, 229, 230, 231, 232, 233, 234, 235, 236, 237, 238, 239, 240, 241, 242, 243, 244, 245, 246, 247, 248, 249, 250, 251, 252, 253, 254, 255, 256, 257, 258, 259, 260, 261, 262, 263, 264, 265, 266, 267, 268, 269, 270, 271, 272, 273, 274, 275, 276, 277, 278, 279, 280, 281, 282, 283, 284, 285, 286, 287, 288, 289, 290, 291, 292, 293, 294, 295, 296, 297, 298, 299, 300, 301, 302, 303, 304, 305, 306, 307, 308, 309, 310, 311, 312, 313, 314, 315, 316, 317, 318, 319, 320, 321, 322, 323, 324, 325, 326, 327, 328, 329, 330, 331, 332, 333, 334, 335, 336, 337, 574, 575, 576, 577, 578, 579, 580, 581, 582, 583, 584, 585, 586, 587, 588, 589, 590, 591, 592, 593, 594, 595, 596, 597, 598, 599, 600, 601, 602, 603, 604, 605, 606, 607, 608, 609, 610, 611, 612, 613, 614, 615, 616, 617, 618, 619, 620, 621, 622, 623, 624, 625, 626, 627, 628, 629, 630, 631, 632, 633, 634, 635, 636, 637, 638, 639, 640, 641, 642, 643, 644, 645, 646, 647, 648, 649, 650, 651, 652, 653, 654, 655, 656, 657, 658, 659, 660, 661, 662, 663, 664, 665, 666, 667, 668, 669, 670, 671, 672, 673, 674, 675, 676, 677, 678, 679, 680, 681, 682, 683, 684, 685, 686, 687, 688, 689, 690, 691, 692, 693, 694, 695, 696, 697, 698, 699, 700, 701, 702, 703, 704, 705, 706, 707, 708, 709, 710, 711, 712, 713, 714, 715, 716, 717, 718, 719, 720, 721, 722, 723, 724, 725, 726, 727, 728, 729, 730, 731, 732, 733, 734, 735, 736, 737, 738, 739, 740, 741, 742, 743, 744, 745, 746, 747, 748, 749, 750, 751, 752, 753, 754, 755, 756, 757, 758, 759, 760, 761, 762, 763, 764, 765, 766, 767, 768, 769, 770, 771, 772, 773, 774, 775, 776, 777, 778, 779, 780, 781, 782, 783, 784, 785, 786, 787, 788, 789, 790, 791, 792, 793]",[],[],[],[],[],7/6 successful match,False,[525],True,780,False,,1.0,True,Butler Scales ( Alliance ),
"Lancaster , 93534 Butler Scales ( Alliance W & ) Lakeview Ave HRS",4 661-942-2262- 43859 N Sierra ( 4 mi E of 14 <U+2610>,HRS <U+2610> <U+25A1>,Lancaster,93534,Butler Scales ( Alliance W & ) Lakeview Ave HRS,661-942-2262,2008,Lancaster,CA,,( 4 mi E of 14 <U+2610>,43859 N Sierra,Proper,,False,,False,43859 N,,,,,[],[],[],[],"[103, 104, 105, 106, 107, 108, 109, 110, 111, 112, 113, 114, 115, 116, 117, 118, 119, 120, 121, 122, 123, 124, 125, 126, 127, 128, 129, 130, 131, 132, 133, 134, 135, 136, 137, 138, 139, 140, 141, 142, 143, 144, 145, 146, 147, 148, 149, 150, 151, 152, 153, 154, 155, 156, 157, 158, 159, 160, 161, 162, 163, 164, 165, 166, 167, 168, 169, 170, 171, 172, 173, 174, 175, 176, 177, 178, 179, 180, 181, 182, 183, 184, 185, 186, 187, 188, 189, 190, 191, 192, 193, 194, 195, 196, 197, 198, 199, 200, 201, 202, 203, 204, 205, 206, 207, 208, 209, 210, 211, 212, 213, 214, 215, 216, 217, 218, 219, 220, 221, 222, 223, 224, 225, 226, 227, 228, 229, 230, 231, 232, 233, 234, 235, 236, 237, 238, 239, 240, 241, 242, 243, 244, 245, 246, 247, 248, 249, 250, 251, 252, 253, 254, 255, 256, 257, 258, 259, 260, 261, 262, 263, 264, 265, 266, 267, 268, 269, 270, 271, 272, 273, 274, 275, 276, 277, 278, 279, 280, 281, 282, 283, 284, 285, 286, 287, 288, 289, 290, 291, 292, 293, 294, 295, 296, 297, 298, 299, 300, 301, 302, 303, 304, 305, 306, 307, 308, 309, 310, 311, 312, 313, 314, 315, 316, 317, 318, 319, 320, 321, 322, 323, 324, 325, 326, 327, 328, 329, 330, 331, 332, 333, 334, 335, 336, 337, 574, 575, 576, 577, 578, 579, 580, 581, 582, 583, 584, 585, 586, 587, 588, 589, 590, 591, 592, 593, 594, 595, 596, 597, 598, 599, 600, 601, 602, 603, 604, 605, 606, 607, 608, 609, 610, 611, 612, 613, 614, 615, 616, 617, 618, 619, 620, 621, 622, 623, 624, 625, 626, 627, 628, 629, 630, 631, 632, 633, 634, 635, 636, 637, 638, 639, 640, 641, 642, 643, 644, 645, 646, 647, 648, 649, 650, 651, 652, 653, 654, 655, 656, 657, 658, 659, 660, 661, 662, 663, 664, 665, 666, 667, 668, 669, 670, 671, 672, 673, 674, 675, 676, 677, 678, 679, 680, 681, 682, 683, 684, 685, 686, 687, 688, 689, 690, 691, 692, 693, 694, 695, 696, 697, 698, 699, 700, 701, 702, 703, 704, 705, 706, 707, 708, 709, 710, 711, 712, 713, 714, 715, 716, 717, 718, 719, 720, 721, 722, 723, 724, 725, 726, 727, 728, 729, 730, 731, 732, 733, 734, 735, 736, 737, 738, 739, 740, 741, 742, 743, 744, 745, 746, 747, 748, 749, 750, 751, 752, 753, 754, 755, 756, 757, 758, 759, 760, 761, 762, 763, 764, 765, 766, 767, 768, 769, 770, 771, 772, 773, 774, 775, 776, 777, 778, 779, 780, 781, 782, 783, 784, 785, 786, 787, 788, 789, 790, 791, 792, 793]",[],[],"[199, 670]","[103, 104, 105, 106, 107, 108, 109, 110, 111, 112, 113, 114, 115, 116, 117, 118, 119, 120, 121, 122, 123, 124, 125, 126, 127, 128, 129, 130, 131, 132, 133, 134, 135, 136, 137, 138, 139, 140, 141, 142, 143, 144, 145, 146, 147, 148, 149, 150, 151, 152, 153, 154, 155, 156, 157, 158, 159, 160, 161, 162, 163, 164, 165, 166, 167, 168, 169, 170, 171, 172, 173, 174, 175, 176, 177, 178, 179, 180, 181, 182, 183, 184, 185, 186, 187, 188, 189, 190, 191, 192, 193, 194, 195, 196, 197, 198, 199, 200, 201, 202, 203, 204, 205, 206, 207, 208, 209, 210, 211, 212, 213, 214, 215, 216, 217, 218, 219, 220, 221, 222, 223, 224, 225, 226, 227, 228, 229, 230, 231, 232, 233, 234, 235, 236, 237, 238, 239, 240, 241, 242, 243, 244, 245, 246, 247, 248, 249, 250, 251, 252, 253, 254, 255, 256, 257, 258, 259, 260, 261, 262, 263, 264, 265, 266, 267, 268, 269, 270, 271, 272, 273, 274, 275, 276, 277, 278, 279, 280, 281, 282, 283, 284, 285, 286, 287, 288, 289, 290, 291, 292, 293, 294, 295, 296, 297, 298, 299, 300, 301, 302, 303, 304, 305, 306, 307, 308, 309, 310, 311, 312, 313, 314, 315, 316, 317, 318, 319, 320, 321, 322, 323, 324, 325, 326, 327, 328, 329, 330, 331, 332, 333, 334, 335, 336, 337, 574, 575, 576, 577, 578, 579, 580, 581, 582, 583, 584, 585, 586, 587, 588, 589, 590, 591, 592, 593, 594, 595, 596, 597, 598, 599, 600, 601, 602, 603, 604, 605, 606, 607, 608, 609, 610, 611, 612, 613, 614, 615, 616, 617, 618, 619, 620, 621, 622, 623, 624, 625, 626, 627, 628, 629, 630, 631, 632, 633, 634, 635, 636, 637, 638, 639, 640, 641, 642, 643, 644, 645, 646, 647, 648, 649, 650, 651, 652, 653, 654, 655, 656, 657, 658, 659, 660, 661, 662, 663, 664, 665, 666, 667, 668, 669, 670, 671, 672, 673, 674, 675, 676, 677, 678, 679, 680, 681, 682, 683, 684, 685, 686, 687, 688, 689, 690, 691, 692, 693, 694, 695, 696, 697, 698, 699, 700, 701, 702, 703, 704, 705, 706, 707, 708, 709, 710, 711, 712, 713, 714, 715, 716, 717, 718, 719, 720, 721, 722, 723, 724, 725, 726, 727, 728, 729, 730, 731, 732, 733, 734, 735, 736, 737, 738, 739, 740, 741, 742, 743, 744, 745, 746, 747, 748, 749, 750, 751, 752, 753, 754, 755, 756, 757, 758, 759, 760, 761, 762, 763, 764, 765, 766, 767, 768, 769, 770, 771, 772, 773, 774, 775, 776, 777, 778, 779, 780, 781, 782, 783, 784, 785, 786, 787, 788, 789, 790, 791, 792, 793]",False,[],"[103, 104, 105, 106, 107, 108, 109, 110, 111, 112, 113, 114, 115, 116, 117, 118, 119, 120, 121, 122, 123, 124, 125, 126, 127, 128, 129, 130, 131, 132, 133, 134, 135, 136, 137, 138, 139, 140, 141, 142, 143, 144, 145, 146, 147, 148, 149, 150, 151, 152, 153, 154, 155, 156, 157, 158, 159, 160, 161, 162, 163, 164, 165, 166, 167, 168, 169, 170, 171, 172, 173, 174, 175, 176, 177, 178, 179, 180, 181, 182, 183, 184, 185, 186, 187, 188, 189, 190, 191, 192, 193, 194, 195, 196, 197, 198, 199, 200, 201, 202, 203, 204, 205, 206, 207, 208, 209, 210, 211, 212, 213, 214, 215, 216, 217, 218, 219, 220, 221, 222, 223, 224, 225, 226, 227, 228, 229, 230, 231, 232, 233, 234, 235, 236, 237, 238, 239, 240, 241, 242, 243, 244, 245, 246, 247, 248, 249, 250, 251, 252, 253, 254, 255, 256, 257, 258, 259, 260, 261, 262, 263, 264, 265, 266, 267, 268, 269, 270, 271, 272, 273, 274, 275, 276, 277, 278, 279, 280, 281, 282, 283, 284, 285, 286, 287, 288, 289, 290, 291, 292, 293, 294, 295, 296, 297, 298, 299, 300, 301, 302, 303, 304, 305, 306, 307, 308, 309, 310, 311, 312, 313, 314, 315, 316, 317, 318, 319, 320, 321, 322, 323, 324, 325, 326, 327, 328, 329, 330, 331, 332, 333, 334, 335, 336, 337, 574, 575, 576, 577, 578, 579, 580, 581, 582, 583, 584, 585, 586, 587, 588, 589, 590, 591, 592, 593, 594, 595, 596, 597, 598, 599, 600, 601, 602, 603, 604, 605, 606, 607, 608, 609, 610, 611, 612, 613, 614, 615, 616, 617, 618, 619, 620, 621, 622, 623, 624, 625, 626, 627, 628, 629, 630, 631, 632, 633, 634, 635, 636, 637, 638, 639, 640, 641, 642, 643, 644, 645, 646, 647, 648, 649, 650, 651, 652, 653, 654, 655, 656, 657, 658, 659, 660, 661, 662, 663, 664, 665, 666, 667, 668, 669, 670, 671, 672, 673, 674, 675, 676, 677, 678, 679, 680, 681, 682, 683, 684, 685, 686, 687, 688, 689, 690, 691, 692, 693, 694, 695, 696, 697, 698, 699, 700, 701, 702, 703, 704, 705, 706, 707, 708, 709, 710, 711, 712, 713, 714, 715, 716, 717, 718, 719, 720, 721, 722, 723, 724, 725, 726, 727, 728, 729, 730, 731, 732, 733, 734, 735, 736, 737, 738, 739, 740, 741, 742, 743, 744, 745, 746, 747, 748, 749, 750, 751, 752, 753, 754, 755, 756, 757, 758, 759, 760, 761, 762, 763, 764, 765, 766, 767, 768, 769, 770, 771, 772, 773, 774, 775, 776, 777, 778, 779, 780, 781, 782, 783, 784, 785, 786, 787, 788, 789, 790, 791, 792, 793]",[],[],[],"[199, 670]",[],7/6 successful match,False,[525],True,780,False,,0.9536986301369863,True,Butler Scales ( Alliance ),
G Tehachapi ( 93561 ) Love's Travel Stop # 392 N ),4 661-823-1484 CA 58 Exit 151 ( E on Tehachapi Blvd ),<U+2610> LO,Tehachapi,93561,Love's Travel Stop # 392 N ),661-823-1484,2014,Tehachapi,CA,Love's,( E on Tehachapi Blvd ),CA 58 Exit 151 ,Exit,151,False,,False,CA 58,,,,,"[677, 207]","[160, 207, 632, 677]","[160, 207, 632, 677]","[151, 160, 184, 207, 393, 622, 632, 655, 677, 843]","[103, 104, 105, 106, 107, 108, 109, 110, 111, 112, 113, 114, 115, 116, 117, 118, 119, 120, 121, 122, 123, 124, 125, 126, 127, 128, 129, 130, 131, 132, 133, 134, 135, 136, 137, 138, 139, 140, 141, 142, 143, 144, 145, 146, 147, 148, 149, 150, 151, 152, 153, 154, 155, 156, 157, 158, 159, 160, 161, 162, 163, 164, 165, 166, 167, 168, 169, 170, 171, 172, 173, 174, 175, 176, 177, 178, 179, 180, 181, 182, 183, 184, 185, 186, 187, 188, 189, 190, 191, 192, 193, 194, 195, 196, 197, 198, 199, 200, 201, 202, 203, 204, 205, 206, 207, 208, 209, 210, 211, 212, 213, 214, 215, 216, 217, 218, 219, 220, 221, 222, 223, 224, 225, 226, 227, 228, 229, 230, 231, 232, 233, 234, 235, 236, 237, 238, 239, 240, 241, 242, 243, 244, 245, 246, 247, 248, 249, 250, 251, 252, 253, 254, 255, 256, 257, 258, 259, 260, 261, 262, 263, 264, 265, 266, 267, 268, 269, 270, 271, 272, 273, 274, 275, 276, 277, 278, 279, 280, 281, 282, 283, 284, 285, 286, 287, 288, 289, 290, 291, 292, 293, 294, 295, 296, 297, 298, 299, 300, 301, 302, 303, 304, 305, 306, 307, 308, 309, 310, 311, 312, 313, 314, 315, 316, 317, 318, 319, 320, 321, 322, 323, 324, 325, 326, 327, 328, 329, 330, 331, 332, 333, 334, 335, 336, 337, 574, 575, 576, 577, 578, 579, 580, 581, 582, 583, 584, 585, 586, 587, 588, 589, 590, 591, 592, 593, 594, 595, 596, 597, 598, 599, 600, 601, 602, 603, 604, 605, 606, 607, 608, 609, 610, 611, 612, 613, 614, 615, 616, 617, 618, 619, 620, 621, 622, 623, 624, 625, 626, 627, 628, 629, 630, 631, 632, 633, 634, 635, 636, 637, 638, 639, 640, 641, 642, 643, 644, 645, 646, 647, 648, 649, 650, 651, 652, 653, 654, 655, 656, 657, 658, 659, 660, 661, 662, 663, 664, 665, 666, 667, 668, 669, 670, 671, 672, 673, 674, 675, 676, 677, 678, 679, 680, 681, 682, 683, 684, 685, 686, 687, 688, 689, 690, 691, 692, 693, 694, 695, 696, 697, 698, 699, 700, 701, 702, 703, 704, 705, 706, 707, 708, 709, 710, 711, 712, 713, 714, 715, 716, 717, 718, 719, 720, 721, 722, 723, 724, 725, 726, 727, 728, 729, 730, 731, 732, 733, 734, 735, 736, 737, 738, 739, 740, 741, 742, 743, 744, 745, 746, 747, 748, 749, 750, 751, 752, 753, 754, 755, 756, 757, 758, 759, 760, 761, 762, 763, 764, 765, 766, 767, 768, 769, 770, 771, 772, 773, 774, 775, 776, 777, 778, 779, 780, 781, 782, 783, 784, 785, 786, 787, 788, 789, 790, 791, 792, 793]","[103, 104, 106, 117, 118, 120, 121, 127, 128, 129, 131, 133, 135, 136, 137, 139, 146, 147, 148, 149, 151, 158, 160, 162, 166, 173, 178, 179, 185, 190, 192, 198, 201, 203, 204, 206, 207, 212, 213, 214, 219, 223, 224, 225, 227, 230, 235, 237, 246, 247, 251, 256, 259, 262, 263, 266, 268, 269, 271, 272, 278, 279, 284, 285, 288, 290, 292, 304, 312, 316, 319, 320, 323, 324, 332, 574, 575, 588, 591, 592, 607, 608, 610, 618, 619, 620, 622, 632, 644, 649, 650, 656, 661, 663, 669, 674, 677, 683, 684, 687, 688, 689, 701, 710, 714, 723, 730, 731, 738, 747, 751, 762, 774, 778, 789]","[34, 35, 36, 37, 38, 39, 40, 41, 42, 43, 44, 45, 46, 47, 48, 201, 202, 203, 204, 205, 206, 207, 208, 209, 210, 211, 212, 213, 214, 215, 216, 355, 356, 357, 358, 359, 360, 361, 429, 430, 431, 432, 433, 434, 435, 515, 516, 517, 518, 519, 520, 521, 522, 523, 524, 525, 526, 527, 672, 673, 674, 675, 676, 677, 678, 679, 680, 681, 682, 683, 684, 810, 811, 812, 813, 814, 881, 882, 883, 884, 885, 886]","[32, 33, 34, 35, 36, 37, 38, 39, 40, 41, 42, 43, 44, 45, 46, 47, 48, 201, 202, 203, 204, 205, 206, 207, 208, 209, 210, 211, 212, 213, 214, 215, 216, 355, 356, 357, 358, 359, 360, 361, 372, 429, 430, 431, 432, 433, 434, 435, 515, 516, 517, 518, 519, 520, 521, 522, 523, 524, 525, 526, 527, 672, 673, 674, 675, 676, 677, 678, 679, 680, 681, 682, 683, 684, 810, 811, 812, 813, 814, 822, 881, 882, 883, 884, 885, 886]","[32, 33, 34, 35, 36, 37, 38, 39, 40, 41, 42, 43, 44, 45, 46, 47, 48, 103, 104, 105, 106, 107, 108, 109, 110, 111, 112, 113, 114, 115, 116, 117, 118, 119, 120, 121, 122, 123, 124, 125, 126, 127, 128, 129, 130, 131, 132, 133, 134, 135, 136, 137, 138, 139, 140, 141, 142, 143, 144, 145, 146, 147, 148, 149, 150, 151, 152, 153, 154, 155, 156, 157, 158, 159, 160, 161, 162, 163, 164, 165, 166, 167, 168, 169, 170, 171, 172, 173, 174, 175, 176, 177, 178, 179, 180, 181, 182, 183, 184, 185, 186, 187, 188, 189, 190, 191, 192, 193, 194, 195, 196, 197, 198, 199, 200, 201, 202, 203, 204, 205, 206, 207, 208, 209, 210, 211, 212, 213, 214, 215, 216, 217, 218, 219, 220, 221, 222, 223, 224, 225, 226, 227, 228, 229, 230, 231, 232, 233, 234, 235, 236, 237, 238, 239, 240, 241, 242, 243, 244, 245, 246, 247, 248, 249, 250, 251, 252, 253, 254, 255, 256, 257, 258, 259, 260, 261, 262, 263, 264, 265, 266, 267, 268, 269, 270, 271, 272, 273, 274, 275, 276, 277, 278, 279, 280, 281, 282, 283, 284, 285, 286, 287, 288, 289, 290, 291, 292, 293, 294, 295, 296, 297, 298, 299, 300, 301, 302, 303, 304, 305, 306, 307, 308, 309, 310, 311, 312, 313, 314, 315, 316, 317, 318, 319, 320, 321, 322, 323, 324, 325, 326, 327, 328, 329, 330, 331, 332, 333, 334, 335, 336, 337, 355, 356, 357, 358, 359, 360, 361, 372, 393, 429, 430, 431, 432, 433, 434, 435, 515, 516, 517, 518, 519, 520, 521, 522, 523, 524, 525, 526, 527, 574, 575, 576, 577, 578, 579, 580, 581, 582, 583, 584, 585, 586, 587, 588, 589, 590, 591, 592, 593, 594, 595, 596, 597, 598, 599, 600, 601, 602, 603, 604, 605, 606, 607, 608, 609, 610, 611, 612, 613, 614, 615, 616, 617, 618, 619, 620, 621, 622, 623, 624, 625, 626, 627, 628, 629, 630, 631, 632, 633, 634, 635, 636, 637, 638, 639, 640, 641, 642, 643, 644, 645, 646, 647, 648, 649, 650, 651, 652, 653, 654, 655, 656, 657, 658, 659, 660, 661, 662, 663, 664, 665, 666, 667, 668, 669, 670, 671, 672, 673, 674, 675, 676, 677, 678, 679, 680, 681, 682, 683, 684, 685, 686, 687, 688, 689, 690, 691, 692, 693, 694, 695, 696, 697, 698, 699, 700, 701, 702, 703, 704, 705, 706, 707, 708, 709, 710, 711, 712, 713, 714, 715, 716, 717, 718, 719, 720, 721, 722, 723, 724, 725, 726, 727, 728, 729, 730, 731, 732, 733, 734, 735, 736, 737, 738, 739, 740, 741, 742, 743, 744, 745, 746, 747, 748, 749, 750, 751, 752, 753, 754, 755, 756, 757, 758, 759, 760, 761, 762, 763, 764, 765, 766, 767, 768, 769, 770, 771, 772, 773, 774, 775, 776, 777, 778, 779, 780, 781, 782, 783, 784, 785, 786, 787, 788, 789, 790, 791, 792, 793, 810, 811, 812, 813, 814, 822, 843, 881, 882, 883, 884, 885, 886]",True,"[160, 207, 632, 677]","[103, 104, 105, 106, 107, 108, 109, 110, 111, 112, 113, 114, 115, 116, 117, 118, 119, 120, 121, 122, 123, 124, 125, 126, 127, 128, 129, 130, 131, 132, 133, 134, 135, 136, 137, 138, 139, 140, 141, 142, 143, 144, 145, 146, 147, 148, 149, 150, 151, 152, 153, 154, 155, 156, 157, 158, 159, 160, 161, 162, 163, 164, 165, 166, 167, 168, 169, 170, 171, 172, 173, 174, 175, 176, 177, 178, 179, 180, 181, 182, 183, 184, 185, 186, 187, 188, 189, 190, 191, 192, 193, 194, 195, 196, 197, 198, 199, 200, 201, 202, 203, 204, 205, 206, 207, 208, 209, 210, 211, 212, 213, 214, 215, 216, 217, 218, 219, 220, 221, 222, 223, 224, 225, 226, 227, 228, 229, 230, 231, 232, 233, 234, 235, 236, 237, 238, 239, 240, 241, 242, 243, 244, 245, 246, 247, 248, 249, 250, 251, 252, 253, 254, 255, 256, 257, 258, 259, 260, 261, 262, 263, 264, 265, 266, 267, 268, 269, 270, 271, 272, 273, 274, 275, 276, 277, 278, 279, 280, 281, 282, 283, 284, 285, 286, 287, 288, 289, 290, 291, 292, 293, 294, 295, 296, 297, 298, 299, 300, 301, 302, 303, 304, 305, 306, 307, 308, 309, 310, 311, 312, 313, 314, 315, 316, 317, 318, 319, 320, 321, 322, 323, 324, 325, 326, 327, 328, 329, 330, 331, 332, 333, 334, 335, 336, 337, 574, 575, 576, 577, 578, 579, 580, 581, 582, 583, 584, 585, 586, 587, 588, 589, 590, 591, 592, 593, 594, 595, 596, 597, 598, 599, 600, 601, 602, 603, 604, 605, 606, 607, 608, 609, 610, 611, 612, 613, 614, 615, 616, 617, 618, 619, 620, 621, 622, 623, 624, 625, 626, 627, 628, 629, 630, 631, 632, 633, 634, 635, 636, 637, 638, 639, 640, 641, 642, 643, 644, 645, 646, 647, 648, 649, 650, 651, 652, 653, 654, 655, 656, 657, 658, 659, 660, 661, 662, 663, 664, 665, 666, 667, 668, 669, 670, 671, 672, 673, 674, 675, 676, 677, 678, 679, 680, 681, 682, 683, 684, 685, 686, 687, 688, 689, 690, 691, 692, 693, 694, 695, 696, 697, 698, 699, 700, 701, 702, 703, 704, 705, 706, 707, 708, 709, 710, 711, 712, 713, 714, 715, 716, 717, 718, 719, 720, 721, 722, 723, 724, 725, 726, 727, 728, 729, 730, 731, 732, 733, 734, 735, 736, 737, 738, 739, 740, 741, 742, 743, 744, 745, 746, 747, 748, 749, 750, 751, 752, 753, 754, 755, 756, 757, 758, 759, 760, 761, 762, 763, 764, 765, 766, 767, 768, 769, 770, 771, 772, 773, 774, 775, 776, 777, 778, 779, 780, 781, 782, 783, 784, 785, 786, 787, 788, 789, 790, 791, 792, 793]","[160, 207, 632, 677]","[151, 160, 184, 207, 393, 622, 632, 655, 677, 843]","[103, 104, 106, 117, 118, 120, 121, 127, 128, 129, 131, 133, 135, 136, 137, 139, 146, 147, 148, 149, 151, 158, 160, 162, 166, 173, 178, 179, 185, 190, 192, 198, 201, 203, 204, 206, 207, 212, 213, 214, 219, 223, 224, 225, 227, 230, 235, 237, 246, 247, 251, 256, 259, 262, 263, 266, 268, 269, 271, 272, 278, 279, 284, 285, 288, 290, 292, 304, 312, 316, 319, 320, 323, 324, 332, 574, 575, 588, 591, 592, 607, 608, 610, 618, 619, 620, 622, 632, 644, 649, 650, 656, 661, 663, 669, 674, 677, 683, 684, 687, 688, 689, 701, 710, 714, 723, 730, 731, 738, 747, 751, 762, 774, 778, 789]","[32, 33, 34, 35, 36, 37, 38, 39, 40, 41, 42, 43, 44, 45, 46, 47, 48, 201, 202, 203, 204, 205, 206, 207, 208, 209, 210, 211, 212, 213, 214, 215, 216, 355, 356, 357, 358, 359, 360, 361, 372, 429, 430, 431, 432, 433, 434, 435, 515, 516, 517, 518, 519, 520, 521, 522, 523, 524, 525, 526, 527, 672, 673, 674, 675, 676, 677, 678, 679, 680, 681, 682, 683, 684, 810, 811, 812, 813, 814, 822, 881, 882, 883, 884, 885, 886]","[34, 35, 36, 37, 38, 39, 40, 41, 42, 43, 44, 45, 46, 47, 48, 201, 202, 203, 204, 205, 206, 207, 208, 209, 210, 211, 212, 213, 214, 215, 216, 355, 356, 357, 358, 359, 360, 361, 429, 430, 431, 432, 433, 434, 435, 515, 516, 517, 518, 519, 520, 521, 522, 523, 524, 525, 526, 527, 672, 673, 674, 675, 676, 677, 678, 679, 680, 681, 682, 683, 684, 810, 811, 812, 813, 814, 881, 882, 883, 884, 885, 886]",7/6 successful match,True,"[197, 198]",True,780,True,2014,0.12,True,Butler Scales ( Alliance W & ) Lakeview Ave HRS,
Tehachapi ( 93561 ) Love's Travel ( Stop Lankershim # 392 Blvd N ),661-823-1484 CA 58 Exit 151 ( E on,2000 24 L LO O,Tehachapi,93561,Love's Travel ( Stop Lankershim # 392 Blvd N ),661-823-1484,2015,Tehachapi,CA,Love's,( E on,CA 58 Exit 151 ,Exit,151,False,,False,CA 58,,,,,"[677, 207]","[160, 207, 632, 677]","[160, 207, 632, 677]","[151, 160, 184, 207, 393, 622, 632, 655, 677, 843]","[103, 104, 105, 106, 107, 108, 109, 110, 111, 112, 113, 114, 115, 116, 117, 118, 119, 120, 121, 122, 123, 124, 125, 126, 127, 128, 129, 130, 131, 132, 133, 134, 135, 136, 137, 138, 139, 140, 141, 142, 143, 144, 145, 146, 147, 148, 149, 150, 151, 152, 153, 154, 155, 156, 157, 158, 159, 160, 161, 162, 163, 164, 165, 166, 167, 168, 169, 170, 171, 172, 173, 174, 175, 176, 177, 178, 179, 180, 181, 182, 183, 184, 185, 186, 187, 188, 189, 190, 191, 192, 193, 194, 195, 196, 197, 198, 199, 200, 201, 202, 203, 204, 205, 206, 207, 208, 209, 210, 211, 212, 213, 214, 215, 216, 217, 218, 219, 220, 221, 222, 223, 224, 225, 226, 227, 228, 229, 230, 231, 232, 233, 234, 235, 236, 237, 238, 239, 240, 241, 242, 243, 244, 245, 246, 247, 248, 249, 250, 251, 252, 253, 254, 255, 256, 257, 258, 259, 260, 261, 262, 263, 264, 265, 266, 267, 268, 269, 270, 271, 272, 273, 274, 275, 276, 277, 278, 279, 280, 281, 282, 283, 284, 285, 286, 287, 288, 289, 290, 291, 292, 293, 294, 295, 296, 297, 298, 299, 300, 301, 302, 303, 304, 305, 306, 307, 308, 309, 310, 311, 312, 313, 314, 315, 316, 317, 318, 319, 320, 321, 322, 323, 324, 325, 326, 327, 328, 329, 330, 331, 332, 333, 334, 335, 336, 337, 574, 575, 576, 577, 578, 579, 580, 581, 582, 583, 584, 585, 586, 587, 588, 589, 590, 591, 592, 593, 594, 595, 596, 597, 598, 599, 600, 601, 602, 603, 604, 605, 606, 607, 608, 609, 610, 611, 612, 613, 614, 615, 616, 617, 618, 619, 620, 621, 622, 623, 624, 625, 626, 627, 628, 629, 630, 631, 632, 633, 634, 635, 636, 637, 638, 639, 640, 641, 642, 643, 644, 645, 646, 647, 648, 649, 650, 651, 652, 653, 654, 655, 656, 657, 658, 659, 660, 661, 662, 663, 664, 665, 666, 667, 668, 669, 670, 671, 672, 673, 674, 675, 676, 677, 678, 679, 680, 681, 682, 683, 684, 685, 686, 687, 688, 689, 690, 691, 692, 693, 694, 695, 696, 697, 698, 699, 700, 701, 702, 703, 704, 705, 706, 707, 708, 709, 710, 711, 712, 713, 714, 715, 716, 717, 718, 719, 720, 721, 722, 723, 724, 725, 726, 727, 728, 729, 730, 731, 732, 733, 734, 735, 736, 737, 738, 739, 740, 741, 742, 743, 744, 745, 746, 747, 748, 749, 750, 751, 752, 753, 754, 755, 756, 757, 758, 759, 760, 761, 762, 763, 764, 765, 766, 767, 768, 769, 770, 771, 772, 773, 774, 775, 776, 777, 778, 779, 780, 781, 782, 783, 784, 785, 786, 787, 788, 789, 790, 791, 792, 793]","[103, 104, 106, 117, 118, 120, 121, 127, 128, 129, 131, 133, 135, 136, 137, 139, 146, 147, 148, 149, 151, 158, 160, 162, 166, 173, 178, 179, 185, 190, 192, 198, 201, 203, 204, 206, 207, 212, 213, 214, 219, 223, 224, 225, 227, 230, 235, 237, 246, 247, 251, 256, 259, 262, 263, 266, 268, 269, 271, 272, 278, 279, 284, 285, 288, 290, 292, 304, 312, 316, 319, 320, 323, 324, 332, 574, 575, 588, 591, 592, 607, 608, 610, 618, 619, 620, 622, 632, 644, 649, 650, 656, 661, 663, 669, 674, 677, 683, 684, 687, 688, 689, 701, 710, 714, 723, 730, 731, 738, 747, 751, 762, 774, 778, 789]","[34, 35, 36, 37, 38, 39, 40, 41, 42, 43, 44, 45, 46, 47, 48, 201, 202, 203, 204, 205, 206, 207, 208, 209, 210, 211, 212, 213, 214, 215, 216, 355, 356, 357, 358, 359, 360, 361, 429, 430, 431, 432, 433, 434, 435, 515, 516, 517, 518, 519, 520, 521, 522, 523, 524, 525, 526, 527, 672, 673, 674, 675, 676, 677, 678, 679, 680, 681, 682, 683, 684, 810, 811, 812, 813, 814, 881, 882, 883, 884, 885, 886]","[32, 33, 34, 35, 36, 37, 38, 39, 40, 41, 42, 43, 44, 45, 46, 47, 48, 201, 202, 203, 204, 205, 206, 207, 208, 209, 210, 211, 212, 213, 214, 215, 216, 355, 356, 357, 358, 359, 360, 361, 372, 429, 430, 431, 432, 433, 434, 435, 515, 516, 517, 518, 519, 520, 521, 522, 523, 524, 525, 526, 527, 672, 673, 674, 675, 676, 677, 678, 679, 680, 681, 682, 683, 684, 810, 811, 812, 813, 814, 822, 881, 882, 883, 884, 885, 886]","[32, 33, 34, 35, 36, 37, 38, 39, 40, 41, 42, 43, 44, 45, 46, 47, 48, 103, 104, 105, 106, 107, 108, 109, 110, 111, 112, 113, 114, 115, 116, 117, 118, 119, 120, 121, 122, 123, 124, 125, 126, 127, 128, 129, 130, 131, 132, 133, 134, 135, 136, 137, 138, 139, 140, 141, 142, 143, 144, 145, 146, 147, 148, 149, 150, 151, 152, 153, 154, 155, 156, 157, 158, 159, 160, 161, 162, 163, 164, 165, 166, 167, 168, 169, 170, 171, 172, 173, 174, 175, 176, 177, 178, 179, 180, 181, 182, 183, 184, 185, 186, 187, 188, 189, 190, 191, 192, 193, 194, 195, 196, 197, 198, 199, 200, 201, 202, 203, 204, 205, 206, 207, 208, 209, 210, 211, 212, 213, 214, 215, 216, 217, 218, 219, 220, 221, 222, 223, 224, 225, 226, 227, 228, 229, 230, 231, 232, 233, 234, 235, 236, 237, 238, 239, 240, 241, 242, 243, 244, 245, 246, 247, 248, 249, 250, 251, 252, 253, 254, 255, 256, 257, 258, 259, 260, 261, 262, 263, 264, 265, 266, 267, 268, 269, 270, 271, 272, 273, 274, 275, 276, 277, 278, 279, 280, 281, 282, 283, 284, 285, 286, 287, 288, 289, 290, 291, 292, 293, 294, 295, 296, 297, 298, 299, 300, 301, 302, 303, 304, 305, 306, 307, 308, 309, 310, 311, 312, 313, 314, 315, 316, 317, 318, 319, 320, 321, 322, 323, 324, 325, 326, 327, 328, 329, 330, 331, 332, 333, 334, 335, 336, 337, 355, 356, 357, 358, 359, 360, 361, 372, 393, 429, 430, 431, 432, 433, 434, 435, 515, 516, 517, 518, 519, 520, 521, 522, 523, 524, 525, 526, 527, 574, 575, 576, 577, 578, 579, 580, 581, 582, 583, 584, 585, 586, 587, 588, 589, 590, 591, 592, 593, 594, 595, 596, 597, 598, 599, 600, 601, 602, 603, 604, 605, 606, 607, 608, 609, 610, 611, 612, 613, 614, 615, 616, 617, 618, 619, 620, 621, 622, 623, 624, 625, 626, 627, 628, 629, 630, 631, 632, 633, 634, 635, 636, 637, 638, 639, 640, 641, 642, 643, 644, 645, 646, 647, 648, 649, 650, 651, 652, 653, 654, 655, 656, 657, 658, 659, 660, 661, 662, 663, 664, 665, 666, 667, 668, 669, 670, 671, 672, 673, 674, 675, 676, 677, 678, 679, 680, 681, 682, 683, 684, 685, 686, 687, 688, 689, 690, 691, 692, 693, 694, 695, 696, 697, 698, 699, 700, 701, 702, 703, 704, 705, 706, 707, 708, 709, 710, 711, 712, 713, 714, 715, 716, 717, 718, 719, 720, 721, 722, 723, 724, 725, 726, 727, 728, 729, 730, 731, 732, 733, 734, 735, 736, 737, 738, 739, 740, 741, 742, 743, 744, 745, 746, 747, 748, 749, 750, 751, 752, 753, 754, 755, 756, 757, 758, 759, 760, 761, 762, 763, 764, 765, 766, 767, 768, 769, 770, 771, 772, 773, 774, 775, 776, 777, 778, 779, 780, 781, 782, 783, 784, 785, 786, 787, 788, 789, 790, 791, 792, 793, 810, 811, 812, 813, 814, 822, 843, 881, 882, 883, 884, 885, 886]",True,"[160, 207, 632, 677]","[103, 104, 105, 106, 107, 108, 109, 110, 111, 112, 113, 114, 115, 116, 117, 118, 119, 120, 121, 122, 123, 124, 125, 126, 127, 128, 129, 130, 131, 132, 133, 134, 135, 136, 137, 138, 139, 140, 141, 142, 143, 144, 145, 146, 147, 148, 149, 150, 151, 152, 153, 154, 155, 156, 157, 158, 159, 160, 161, 162, 163, 164, 165, 166, 167, 168, 169, 170, 171, 172, 173, 174, 175, 176, 177, 178, 179, 180, 181, 182, 183, 184, 185, 186, 187, 188, 189, 190, 191, 192, 193, 194, 195, 196, 197, 198, 199, 200, 201, 202, 203, 204, 205, 206, 207, 208, 209, 210, 211, 212, 213, 214, 215, 216, 217, 218, 219, 220, 221, 222, 223, 224, 225, 226, 227, 228, 229, 230, 231, 232, 233, 234, 235, 236, 237, 238, 239, 240, 241, 242, 243, 244, 245, 246, 247, 248, 249, 250, 251, 252, 253, 254, 255, 256, 257, 258, 259, 260, 261, 262, 263, 264, 265, 266, 267, 268, 269, 270, 271, 272, 273, 274, 275, 276, 277, 278, 279, 280, 281, 282, 283, 284, 285, 286, 287, 288, 289, 290, 291, 292, 293, 294, 295, 296, 297, 298, 299, 300, 301, 302, 303, 304, 305, 306, 307, 308, 309, 310, 311, 312, 313, 314, 315, 316, 317, 318, 319, 320, 321, 322, 323, 324, 325, 326, 327, 328, 329, 330, 331, 332, 333, 334, 335, 336, 337, 574, 575, 576, 577, 578, 579, 580, 581, 582, 583, 584, 585, 586, 587, 588, 589, 590, 591, 592, 593, 594, 595, 596, 597, 598, 599, 600, 601, 602, 603, 604, 605, 606, 607, 608, 609, 610, 611, 612, 613, 614, 615, 616, 617, 618, 619, 620, 621, 622, 623, 624, 625, 626, 627, 628, 629, 630, 631, 632, 633, 634, 635, 636, 637, 638, 639, 640, 641, 642, 643, 644, 645, 646, 647, 648, 649, 650, 651, 652, 653, 654, 655, 656, 657, 658, 659, 660, 661, 662, 663, 664, 665, 666, 667, 668, 669, 670, 671, 672, 673, 674, 675, 676, 677, 678, 679, 680, 681, 682, 683, 684, 685, 686, 687, 688, 689, 690, 691, 692, 693, 694, 695, 696, 697, 698, 699, 700, 701, 702, 703, 704, 705, 706, 707, 708, 709, 710, 711, 712, 713, 714, 715, 716, 717, 718, 719, 720, 721, 722, 723, 724, 725, 726, 727, 728, 729, 730, 731, 732, 733, 734, 735, 736, 737, 738, 739, 740, 741, 742, 743, 744, 745, 746, 747, 748, 749, 750, 751, 752, 753, 754, 755, 756, 757, 758, 759, 760, 761, 762, 763, 764, 765, 766, 767, 768, 769, 770, 771, 772, 773, 774, 775, 776, 777, 778, 779, 780, 781, 782, 783, 784, 785, 786, 787, 788, 789, 790, 791, 792, 793]","[160, 207, 632, 677]","[151, 160, 184, 207, 393, 622, 632, 655, 677, 843]","[103, 104, 106, 117, 118, 120, 121, 127, 128, 129, 131, 133, 135, 136, 137, 139, 146, 147, 148, 149, 151, 158, 160, 162, 166, 173, 178, 179, 185, 190, 192, 198, 201, 203, 204, 206, 207, 212, 213, 214, 219, 223, 224, 225, 227, 230, 235, 237, 246, 247, 251, 256, 259, 262, 263, 266, 268, 269, 271, 272, 278, 279, 284, 285, 288, 290, 292, 304, 312, 316, 319, 320, 323, 324, 332, 574, 575, 588, 591, 592, 607, 608, 610, 618, 619, 620, 622, 632, 644, 649, 650, 656, 661, 663, 669, 674, 677, 683, 684, 687, 688, 689, 701, 710, 714, 723, 730, 731, 738, 747, 751, 762, 774, 778, 789]","[32, 33, 34, 35, 36, 37, 38, 39, 40, 41, 42, 43, 44, 45, 46, 47, 48, 201, 202, 203, 204, 205, 206, 207, 208, 209, 210, 211, 212, 213, 214, 215, 216, 355, 356, 357, 358, 359, 360, 361, 372, 429, 430, 431, 432, 433, 434, 435, 515, 516, 517, 518, 519, 520, 521, 522, 523, 524, 525, 526, 527, 672, 673, 674, 675, 676, 677, 678, 679, 680, 681, 682, 683, 684, 810, 811, 812, 813, 814, 822, 881, 882, 883, 884, 885, 886]","[34, 35, 36, 37, 38, 39, 40, 41, 42, 43, 44, 45, 46, 47, 48, 201, 202, 203, 204, 205, 206, 207, 208, 209, 210, 211, 212, 213, 214, 215, 216, 355, 356, 357, 358, 359, 360, 361, 429, 430, 431, 432, 433, 434, 435, 515, 516, 517, 518, 519, 520, 521, 522, 523, 524, 525, 526, 527, 672, 673, 674, 675, 676, 677, 678, 679, 680, 681, 682, 683, 684, 810, 811, 812, 813, 814, 881, 882, 883, 884, 885, 886]",7/6 successful match,True,"[197, 198]",True,780,False,,0.9936936936936938,True,Love's Travel Stop # 392 N ),Love's
G Tehachapi ( 93561 ) Love's Travel Stop # 392 Blvd N ),661-823-1484 CA 58 Exit 151 ( E on Tehachapi,24 <U+2610> LO,Tehachapi,93561,Love's Travel Stop # 392 Blvd N ),661-823-1484,2016,Tehachapi,CA,Love's,( E on Tehachapi,CA 58 Exit 151 ,Exit,151,False,,False,CA 58,,,,,"[677, 207]","[160, 207, 632, 677]","[160, 207, 632, 677]","[151, 160, 184, 207, 393, 622, 632, 655, 677, 843]","[103, 104, 105, 106, 107, 108, 109, 110, 111, 112, 113, 114, 115, 116, 117, 118, 119, 120, 121, 122, 123, 124, 125, 126, 127, 128, 129, 130, 131, 132, 133, 134, 135, 136, 137, 138, 139, 140, 141, 142, 143, 144, 145, 146, 147, 148, 149, 150, 151, 152, 153, 154, 155, 156, 157, 158, 159, 160, 161, 162, 163, 164, 165, 166, 167, 168, 169, 170, 171, 172, 173, 174, 175, 176, 177, 178, 179, 180, 181, 182, 183, 184, 185, 186, 187, 188, 189, 190, 191, 192, 193, 194, 195, 196, 197, 198, 199, 200, 201, 202, 203, 204, 205, 206, 207, 208, 209, 210, 211, 212, 213, 214, 215, 216, 217, 218, 219, 220, 221, 222, 223, 224, 225, 226, 227, 228, 229, 230, 231, 232, 233, 234, 235, 236, 237, 238, 239, 240, 241, 242, 243, 244, 245, 246, 247, 248, 249, 250, 251, 252, 253, 254, 255, 256, 257, 258, 259, 260, 261, 262, 263, 264, 265, 266, 267, 268, 269, 270, 271, 272, 273, 274, 275, 276, 277, 278, 279, 280, 281, 282, 283, 284, 285, 286, 287, 288, 289, 290, 291, 292, 293, 294, 295, 296, 297, 298, 299, 300, 301, 302, 303, 304, 305, 306, 307, 308, 309, 310, 311, 312, 313, 314, 315, 316, 317, 318, 319, 320, 321, 322, 323, 324, 325, 326, 327, 328, 329, 330, 331, 332, 333, 334, 335, 336, 337, 574, 575, 576, 577, 578, 579, 580, 581, 582, 583, 584, 585, 586, 587, 588, 589, 590, 591, 592, 593, 594, 595, 596, 597, 598, 599, 600, 601, 602, 603, 604, 605, 606, 607, 608, 609, 610, 611, 612, 613, 614, 615, 616, 617, 618, 619, 620, 621, 622, 623, 624, 625, 626, 627, 628, 629, 630, 631, 632, 633, 634, 635, 636, 637, 638, 639, 640, 641, 642, 643, 644, 645, 646, 647, 648, 649, 650, 651, 652, 653, 654, 655, 656, 657, 658, 659, 660, 661, 662, 663, 664, 665, 666, 667, 668, 669, 670, 671, 672, 673, 674, 675, 676, 677, 678, 679, 680, 681, 682, 683, 684, 685, 686, 687, 688, 689, 690, 691, 692, 693, 694, 695, 696, 697, 698, 699, 700, 701, 702, 703, 704, 705, 706, 707, 708, 709, 710, 711, 712, 713, 714, 715, 716, 717, 718, 719, 720, 721, 722, 723, 724, 725, 726, 727, 728, 729, 730, 731, 732, 733, 734, 735, 736, 737, 738, 739, 740, 741, 742, 743, 744, 745, 746, 747, 748, 749, 750, 751, 752, 753, 754, 755, 756, 757, 758, 759, 760, 761, 762, 763, 764, 765, 766, 767, 768, 769, 770, 771, 772, 773, 774, 775, 776, 777, 778, 779, 780, 781, 782, 783, 784, 785, 786, 787, 788, 789, 790, 791, 792, 793]","[103, 104, 106, 117, 118, 120, 121, 127, 128, 129, 131, 133, 135, 136, 137, 139, 146, 147, 148, 149, 151, 158, 160, 162, 166, 173, 178, 179, 185, 190, 192, 198, 201, 203, 204, 206, 207, 212, 213, 214, 219, 223, 224, 225, 227, 230, 235, 237, 246, 247, 251, 256, 259, 262, 263, 266, 268, 269, 271, 272, 278, 279, 284, 285, 288, 290, 292, 304, 312, 316, 319, 320, 323, 324, 332, 574, 575, 588, 591, 592, 607, 608, 610, 618, 619, 620, 622, 632, 644, 649, 650, 656, 661, 663, 669, 674, 677, 683, 684, 687, 688, 689, 701, 710, 714, 723, 730, 731, 738, 747, 751, 762, 774, 778, 789]","[34, 35, 36, 37, 38, 39, 40, 41, 42, 43, 44, 45, 46, 47, 48, 201, 202, 203, 204, 205, 206, 207, 208, 209, 210, 211, 212, 213, 214, 215, 216, 355, 356, 357, 358, 359, 360, 361, 429, 430, 431, 432, 433, 434, 435, 515, 516, 517, 518, 519, 520, 521, 522, 523, 524, 525, 526, 527, 672, 673, 674, 675, 676, 677, 678, 679, 680, 681, 682, 683, 684, 810, 811, 812, 813, 814, 881, 882, 883, 884, 885, 886]","[32, 33, 34, 35, 36, 37, 38, 39, 40, 41, 42, 43, 44, 45, 46, 47, 48, 201, 202, 203, 204, 205, 206, 207, 208, 209, 210, 211, 212, 213, 214, 215, 216, 355, 356, 357, 358, 359, 360, 361, 372, 429, 430, 431, 432, 433, 434, 435, 515, 516, 517, 518, 519, 520, 521, 522, 523, 524, 525, 526, 527, 672, 673, 674, 675, 676, 677, 678, 679, 680, 681, 682, 683, 684, 810, 811, 812, 813, 814, 822, 881, 882, 883, 884, 885, 886]","[32, 33, 34, 35, 36, 37, 38, 39, 40, 41, 42, 43, 44, 45, 46, 47, 48, 103, 104, 105, 106, 107, 108, 109, 110, 111, 112, 113, 114, 115, 116, 117, 118, 119, 120, 121, 122, 123, 124, 125, 126, 127, 128, 129, 130, 131, 132, 133, 134, 135, 136, 137, 138, 139, 140, 141, 142, 143, 144, 145, 146, 147, 148, 149, 150, 151, 152, 153, 154, 155, 156, 157, 158, 159, 160, 161, 162, 163, 164, 165, 166, 167, 168, 169, 170, 171, 172, 173, 174, 175, 176, 177, 178, 179, 180, 181, 182, 183, 184, 185, 186, 187, 188, 189, 190, 191, 192, 193, 194, 195, 196, 197, 198, 199, 200, 201, 202, 203, 204, 205, 206, 207, 208, 209, 210, 211, 212, 213, 214, 215, 216, 217, 218, 219, 220, 221, 222, 223, 224, 225, 226, 227, 228, 229, 230, 231, 232, 233, 234, 235, 236, 237, 238, 239, 240, 241, 242, 243, 244, 245, 246, 247, 248, 249, 250, 251, 252, 253, 254, 255, 256, 257, 258, 259, 260, 261, 262, 263, 264, 265, 266, 267, 268, 269, 270, 271, 272, 273, 274, 275, 276, 277, 278, 279, 280, 281, 282, 283, 284, 285, 286, 287, 288, 289, 290, 291, 292, 293, 294, 295, 296, 297, 298, 299, 300, 301, 302, 303, 304, 305, 306, 307, 308, 309, 310, 311, 312, 313, 314, 315, 316, 317, 318, 319, 320, 321, 322, 323, 324, 325, 326, 327, 328, 329, 330, 331, 332, 333, 334, 335, 336, 337, 355, 356, 357, 358, 359, 360, 361, 372, 393, 429, 430, 431, 432, 433, 434, 435, 515, 516, 517, 518, 519, 520, 521, 522, 523, 524, 525, 526, 527, 574, 575, 576, 577, 578, 579, 580, 581, 582, 583, 584, 585, 586, 587, 588, 589, 590, 591, 592, 593, 594, 595, 596, 597, 598, 599, 600, 601, 602, 603, 604, 605, 606, 607, 608, 609, 610, 611, 612, 613, 614, 615, 616, 617, 618, 619, 620, 621, 622, 623, 624, 625, 626, 627, 628, 629, 630, 631, 632, 633, 634, 635, 636, 637, 638, 639, 640, 641, 642, 643, 644, 645, 646, 647, 648, 649, 650, 651, 652, 653, 654, 655, 656, 657, 658, 659, 660, 661, 662, 663, 664, 665, 666, 667, 668, 669, 670, 671, 672, 673, 674, 675, 676, 677, 678, 679, 680, 681, 682, 683, 684, 685, 686, 687, 688, 689, 690, 691, 692, 693, 694, 695, 696, 697, 698, 699, 700, 701, 702, 703, 704, 705, 706, 707, 708, 709, 710, 711, 712, 713, 714, 715, 716, 717, 718, 719, 720, 721, 722, 723, 724, 725, 726, 727, 728, 729, 730, 731, 732, 733, 734, 735, 736, 737, 738, 739, 740, 741, 742, 743, 744, 745, 746, 747, 748, 749, 750, 751, 752, 753, 754, 755, 756, 757, 758, 759, 760, 761, 762, 763, 764, 765, 766, 767, 768, 769, 770, 771, 772, 773, 774, 775, 776, 777, 778, 779, 780, 781, 782, 783, 784, 785, 786, 787, 788, 789, 790, 791, 792, 793, 810, 811, 812, 813, 814, 822, 843, 881, 882, 883, 884, 885, 886]",True,"[160, 207, 632, 677]","[103, 104, 105, 106, 107, 108, 109, 110, 111, 112, 113, 114, 115, 116, 117, 118, 119, 120, 121, 122, 123, 124, 125, 126, 127, 128, 129, 130, 131, 132, 133, 134, 135, 136, 137, 138, 139, 140, 141, 142, 143, 144, 145, 146, 147, 148, 149, 150, 151, 152, 153, 154, 155, 156, 157, 158, 159, 160, 161, 162, 163, 164, 165, 166, 167, 168, 169, 170, 171, 172, 173, 174, 175, 176, 177, 178, 179, 180, 181, 182, 183, 184, 185, 186, 187, 188, 189, 190, 191, 192, 193, 194, 195, 196, 197, 198, 199, 200, 201, 202, 203, 204, 205, 206, 207, 208, 209, 210, 211, 212, 213, 214, 215, 216, 217, 218, 219, 220, 221, 222, 223, 224, 225, 226, 227, 228, 229, 230, 231, 232, 233, 234, 235, 236, 237, 238, 239, 240, 241, 242, 243, 244, 245, 246, 247, 248, 249, 250, 251, 252, 253, 254, 255, 256, 257, 258, 259, 260, 261, 262, 263, 264, 265, 266, 267, 268, 269, 270, 271, 272, 273, 274, 275, 276, 277, 278, 279, 280, 281, 282, 283, 284, 285, 286, 287, 288, 289, 290, 291, 292, 293, 294, 295, 296, 297, 298, 299, 300, 301, 302, 303, 304, 305, 306, 307, 308, 309, 310, 311, 312, 313, 314, 315, 316, 317, 318, 319, 320, 321, 322, 323, 324, 325, 326, 327, 328, 329, 330, 331, 332, 333, 334, 335, 336, 337, 574, 575, 576, 577, 578, 579, 580, 581, 582, 583, 584, 585, 586, 587, 588, 589, 590, 591, 592, 593, 594, 595, 596, 597, 598, 599, 600, 601, 602, 603, 604, 605, 606, 607, 608, 609, 610, 611, 612, 613, 614, 615, 616, 617, 618, 619, 620, 621, 622, 623, 624, 625, 626, 627, 628, 629, 630, 631, 632, 633, 634, 635, 636, 637, 638, 639, 640, 641, 642, 643, 644, 645, 646, 647, 648, 649, 650, 651, 652, 653, 654, 655, 656, 657, 658, 659, 660, 661, 662, 663, 664, 665, 666, 667, 668, 669, 670, 671, 672, 673, 674, 675, 676, 677, 678, 679, 680, 681, 682, 683, 684, 685, 686, 687, 688, 689, 690, 691, 692, 693, 694, 695, 696, 697, 698, 699, 700, 701, 702, 703, 704, 705, 706, 707, 708, 709, 710, 711, 712, 713, 714, 715, 716, 717, 718, 719, 720, 721, 722, 723, 724, 725, 726, 727, 728, 729, 730, 731, 732, 733, 734, 735, 736, 737, 738, 739, 740, 741, 742, 743, 744, 745, 746, 747, 748, 749, 750, 751, 752, 753, 754, 755, 756, 757, 758, 759, 760, 761, 762, 763, 764, 765, 766, 767, 768, 769, 770, 771, 772, 773, 774, 775, 776, 777, 778, 779, 780, 781, 782, 783, 784, 785, 786, 787, 788, 789, 790, 791, 792, 793]","[160, 207, 632, 677]","[151, 160, 184, 207, 393, 622, 632, 655, 677, 843]","[103, 104, 106, 117, 118, 120, 121, 127, 128, 129, 131, 133, 135, 136, 137, 139, 146, 147, 148, 149, 151, 158, 160, 162, 166, 173, 178, 179, 185, 190, 192, 198, 201, 203, 204, 206, 207, 212, 213, 214, 219, 223, 224, 225, 227, 230, 235, 237, 246, 247, 251, 256, 259, 262, 263, 266, 268, 269, 271, 272, 278, 279, 284, 285, 288, 290, 292, 304, 312, 316, 319, 320, 323, 324, 332, 574, 575, 588, 591, 592, 607, 608, 610, 618, 619, 620, 622, 632, 644, 649, 650, 656, 661, 663, 669, 674, 677, 683, 684, 687, 688, 689, 701, 710, 714, 723, 730, 731, 738, 747, 751, 762, 774, 778, 789]","[32, 33, 34, 35, 36, 37, 38, 39, 40, 41, 42, 43, 44, 45, 46, 47, 48, 201, 202, 203, 204, 205, 206, 207, 208, 209, 210, 211, 212, 213, 214, 215, 216, 355, 356, 357, 358, 359, 360, 361, 372, 429, 430, 431, 432, 433, 434, 435, 515, 516, 517, 518, 519, 520, 521, 522, 523, 524, 525, 526, 527, 672, 673, 674, 675, 676, 677, 678, 679, 680, 681, 682, 683, 684, 810, 811, 812, 813, 814, 822, 881, 882, 883, 884, 885, 886]","[34, 35, 36, 37, 38, 39, 40, 41, 42, 43, 44, 45, 46, 47, 48, 201, 202, 203, 204, 205, 206, 207, 208, 209, 210, 211, 212, 213, 214, 215, 216, 355, 356, 357, 358, 359, 360, 361, 429, 430, 431, 432, 433, 434, 435, 515, 516, 517, 518, 519, 520, 521, 522, 523, 524, 525, 526, 527, 672, 673, 674, 675, 676, 677, 678, 679, 680, 681, 682, 683, 684, 810, 811, 812, 813, 814, 881, 882, 883, 884, 885, 886]",7/6 successful match,True,"[197, 198]",True,780,False,,1.0,True,Love's Travel ( Stop Lankershim # 392 Blvd N ),Love's
"F Chowchilla , 93610 Red Top Truck Stop",J 3559-665-7438 CA 152 & Rd 4 ( E of CA 59 ),484 S <U+2610>,Chowchilla,93610,Red Top Truck Stop,559-665-7438,2006,Chowchilla,CA,,( E of CA 59 ),CA 152 & Rd 4,empty,,False,,False,CA 152,Rd 4,,,,[],"[319, 777]","[319, 777]",[],"[103, 104, 105, 106, 107, 108, 109, 110, 111, 112, 113, 114, 115, 116, 117, 118, 119, 120, 121, 122, 123, 124, 125, 126, 127, 128, 129, 130, 131, 132, 133, 134, 135, 136, 137, 138, 139, 140, 141, 142, 143, 144, 145, 146, 147, 148, 149, 150, 151, 152, 153, 154, 155, 156, 157, 158, 159, 160, 161, 162, 163, 164, 165, 166, 167, 168, 169, 170, 171, 172, 173, 174, 175, 176, 177, 178, 179, 180, 181, 182, 183, 184, 185, 186, 187, 188, 189, 190, 191, 192, 193, 194, 195, 196, 197, 198, 199, 200, 201, 202, 203, 204, 205, 206, 207, 208, 209, 210, 211, 212, 213, 214, 215, 216, 217, 218, 219, 220, 221, 222, 223, 224, 225, 226, 227, 228, 229, 230, 231, 232, 233, 234, 235, 236, 237, 238, 239, 240, 241, 242, 243, 244, 245, 246, 247, 248, 249, 250, 251, 252, 253, 254, 255, 256, 257, 258, 259, 260, 261, 262, 263, 264, 265, 266, 267, 268, 269, 270, 271, 272, 273, 274, 275, 276, 277, 278, 279, 280, 281, 282, 283, 284, 285, 286, 287, 288, 289, 290, 291, 292, 293, 294, 295, 296, 297, 298, 299, 300, 301, 302, 303, 304, 305, 306, 307, 308, 309, 310, 311, 312, 313, 314, 315, 316, 317, 318, 319, 320, 321, 322, 323, 324, 325, 326, 327, 328, 329, 330, 331, 332, 333, 334, 335, 336, 337, 574, 575, 576, 577, 578, 579, 580, 581, 582, 583, 584, 585, 586, 587, 588, 589, 590, 591, 592, 593, 594, 595, 596, 597, 598, 599, 600, 601, 602, 603, 604, 605, 606, 607, 608, 609, 610, 611, 612, 613, 614, 615, 616, 617, 618, 619, 620, 621, 622, 623, 624, 625, 626, 627, 628, 629, 630, 631, 632, 633, 634, 635, 636, 637, 638, 639, 640, 641, 642, 643, 644, 645, 646, 647, 648, 649, 650, 651, 652, 653, 654, 655, 656, 657, 658, 659, 660, 661, 662, 663, 664, 665, 666, 667, 668, 669, 670, 671, 672, 673, 674, 675, 676, 677, 678, 679, 680, 681, 682, 683, 684, 685, 686, 687, 688, 689, 690, 691, 692, 693, 694, 695, 696, 697, 698, 699, 700, 701, 702, 703, 704, 705, 706, 707, 708, 709, 710, 711, 712, 713, 714, 715, 716, 717, 718, 719, 720, 721, 722, 723, 724, 725, 726, 727, 728, 729, 730, 731, 732, 733, 734, 735, 736, 737, 738, 739, 740, 741, 742, 743, 744, 745, 746, 747, 748, 749, 750, 751, 752, 753, 754, 755, 756, 757, 758, 759, 760, 761, 762, 763, 764, 765, 766, 767, 768, 769, 770, 771, 772, 773, 774, 775, 776, 777, 778, 779, 780, 781, 782, 783, 784, 785, 786, 787, 788, 789, 790, 791, 792, 793]","[103, 104, 106, 117, 118, 120, 127, 128, 129, 131, 133, 135, 136, 137, 139, 146, 147, 148, 149, 151, 158, 160, 162, 166, 173, 178, 179, 185, 190, 192, 198, 201, 203, 204, 206, 207, 212, 213, 214, 219, 223, 224, 225, 227, 230, 235, 237, 246, 247, 256, 259, 262, 263, 266, 268, 269, 271, 272, 278, 279, 284, 285, 288, 290, 292, 304, 312, 316, 319, 320, 323, 324, 332, 574, 575, 588, 591, 607, 608, 610, 618, 619, 620, 622, 632, 644, 649, 650, 656, 661, 663, 669, 674, 677, 683, 684, 687, 688, 689, 701, 710, 723, 730, 731, 738, 747, 751, 762, 774, 778, 789]",[],"[477, 478, 479, 928, 929, 930, 931]","[103, 104, 105, 106, 107, 108, 109, 110, 111, 112, 113, 114, 115, 116, 117, 118, 119, 120, 121, 122, 123, 124, 125, 126, 127, 128, 129, 130, 131, 132, 133, 134, 135, 136, 137, 138, 139, 140, 141, 142, 143, 144, 145, 146, 147, 148, 149, 150, 151, 152, 153, 154, 155, 156, 157, 158, 159, 160, 161, 162, 163, 164, 165, 166, 167, 168, 169, 170, 171, 172, 173, 174, 175, 176, 177, 178, 179, 180, 181, 182, 183, 184, 185, 186, 187, 188, 189, 190, 191, 192, 193, 194, 195, 196, 197, 198, 199, 200, 201, 202, 203, 204, 205, 206, 207, 208, 209, 210, 211, 212, 213, 214, 215, 216, 217, 218, 219, 220, 221, 222, 223, 224, 225, 226, 227, 228, 229, 230, 231, 232, 233, 234, 235, 236, 237, 238, 239, 240, 241, 242, 243, 244, 245, 246, 247, 248, 249, 250, 251, 252, 253, 254, 255, 256, 257, 258, 259, 260, 261, 262, 263, 264, 265, 266, 267, 268, 269, 270, 271, 272, 273, 274, 275, 276, 277, 278, 279, 280, 281, 282, 283, 284, 285, 286, 287, 288, 289, 290, 291, 292, 293, 294, 295, 296, 297, 298, 299, 300, 301, 302, 303, 304, 305, 306, 307, 308, 309, 310, 311, 312, 313, 314, 315, 316, 317, 318, 319, 320, 321, 322, 323, 324, 325, 326, 327, 328, 329, 330, 331, 332, 333, 334, 335, 336, 337, 477, 478, 479, 574, 575, 576, 577, 578, 579, 580, 581, 582, 583, 584, 585, 586, 587, 588, 589, 590, 591, 592, 593, 594, 595, 596, 597, 598, 599, 600, 601, 602, 603, 604, 605, 606, 607, 608, 609, 610, 611, 612, 613, 614, 615, 616, 617, 618, 619, 620, 621, 622, 623, 624, 625, 626, 627, 628, 629, 630, 631, 632, 633, 634, 635, 636, 637, 638, 639, 640, 641, 642, 643, 644, 645, 646, 647, 648, 649, 650, 651, 652, 653, 654, 655, 656, 657, 658, 659, 660, 661, 662, 663, 664, 665, 666, 667, 668, 669, 670, 671, 672, 673, 674, 675, 676, 677, 678, 679, 680, 681, 682, 683, 684, 685, 686, 687, 688, 689, 690, 691, 692, 693, 694, 695, 696, 697, 698, 699, 700, 701, 702, 703, 704, 705, 706, 707, 708, 709, 710, 711, 712, 713, 714, 715, 716, 717, 718, 719, 720, 721, 722, 723, 724, 725, 726, 727, 728, 729, 730, 731, 732, 733, 734, 735, 736, 737, 738, 739, 740, 741, 742, 743, 744, 745, 746, 747, 748, 749, 750, 751, 752, 753, 754, 755, 756, 757, 758, 759, 760, 761, 762, 763, 764, 765, 766, 767, 768, 769, 770, 771, 772, 773, 774, 775, 776, 777, 778, 779, 780, 781, 782, 783, 784, 785, 786, 787, 788, 789, 790, 791, 792, 793, 928, 929, 930, 931]",False,"[319, 777]","[103, 104, 105, 106, 107, 108, 109, 110, 111, 112, 113, 114, 115, 116, 117, 118, 119, 120, 121, 122, 123, 124, 125, 126, 127, 128, 129, 130, 131, 132, 133, 134, 135, 136, 137, 138, 139, 140, 141, 142, 143, 144, 145, 146, 147, 148, 149, 150, 151, 152, 153, 154, 155, 156, 157, 158, 159, 160, 161, 162, 163, 164, 165, 166, 167, 168, 169, 170, 171, 172, 173, 174, 175, 176, 177, 178, 179, 180, 181, 182, 183, 184, 185, 186, 187, 188, 189, 190, 191, 192, 193, 194, 195, 196, 197, 198, 199, 200, 201, 202, 203, 204, 205, 206, 207, 208, 209, 210, 211, 212, 213, 214, 215, 216, 217, 218, 219, 220, 221, 222, 223, 224, 225, 226, 227, 228, 229, 230, 231, 232, 233, 234, 235, 236, 237, 238, 239, 240, 241, 242, 243, 244, 245, 246, 247, 248, 249, 250, 251, 252, 253, 254, 255, 256, 257, 258, 259, 260, 261, 262, 263, 264, 265, 266, 267, 268, 269, 270, 271, 272, 273, 274, 275, 276, 277, 278, 279, 280, 281, 282, 283, 284, 285, 286, 287, 288, 289, 290, 291, 292, 293, 294, 295, 296, 297, 298, 299, 300, 301, 302, 303, 304, 305, 306, 307, 308, 309, 310, 311, 312, 313, 314, 315, 316, 317, 318, 319, 320, 321, 322, 323, 324, 325, 326, 327, 328, 329, 330, 331, 332, 333, 334, 335, 336, 337, 574, 575, 576, 577, 578, 579, 580, 581, 582, 583, 584, 585, 586, 587, 588, 589, 590, 591, 592, 593, 594, 595, 596, 597, 598, 599, 600, 601, 602, 603, 604, 605, 606, 607, 608, 609, 610, 611, 612, 613, 614, 615, 616, 617, 618, 619, 620, 621, 622, 623, 624, 625, 626, 627, 628, 629, 630, 631, 632, 633, 634, 635, 636, 637, 638, 639, 640, 641, 642, 643, 644, 645, 646, 647, 648, 649, 650, 651, 652, 653, 654, 655, 656, 657, 658, 659, 660, 661, 662, 663, 664, 665, 666, 667, 668, 669, 670, 671, 672, 673, 674, 675, 676, 677, 678, 679, 680, 681, 682, 683, 684, 685, 686, 687, 688, 689, 690, 691, 692, 693, 694, 695, 696, 697, 698, 699, 700, 701, 702, 703, 704, 705, 706, 707, 708, 709, 710, 711, 712, 713, 714, 715, 716, 717, 718, 719, 720, 721, 722, 723, 724, 725, 726, 727, 728, 729, 730, 731, 732, 733, 734, 735, 736, 737, 738, 739, 740, 741, 742, 743, 744, 745, 746, 747, 748, 749, 750, 751, 752, 753, 754, 755, 756, 757, 758, 759, 760, 761, 762, 763, 764, 765, 766, 767, 768, 769, 770, 771, 772, 773, 774, 775, 776, 777, 778, 779, 780, 781, 782, 783, 784, 785, 786, 787, 788, 789, 790, 791, 792, 793]","[319, 777]",[],"[103, 104, 106, 117, 118, 120, 127, 128, 129, 131, 133, 135, 136, 137, 139, 146, 147, 148, 149, 151, 158, 160, 162, 166, 173, 178, 179, 185, 190, 192, 198, 201, 203, 204, 206, 207, 212, 213, 214, 219, 223, 224, 225, 227, 230, 235, 237, 246, 247, 256, 259, 262, 263, 266, 268, 269, 271, 272, 278, 279, 284, 285, 288, 290, 292, 304, 312, 316, 319, 320, 323, 324, 332, 574, 575, 588, 591, 607, 608, 610, 618, 619, 620, 622, 632, 644, 649, 650, 656, 661, 663, 669, 674, 677, 683, 684, 687, 688, 689, 701, 710, 723, 730, 731, 738, 747, 751, 762, 774, 778, 789]","[477, 478, 479, 928, 929, 930, 931]",[],5/6 successful match,False,[454],True,781,False,,,,,
"Chowchilla , 93610 Red Top Truck Stop",559-665-7438 CA 152 & Rd 4 ( E of CA 59 ),M <U+25A1>,Chowchilla,93610,Red Top Truck Stop,559-665-7438,2007,Chowchilla,CA,,( E of CA 59 ),CA 152 & Rd 4,empty,,False,,False,CA 152,Rd 4,,,,[],"[319, 777]","[319, 777]",[],"[103, 104, 105, 106, 107, 108, 109, 110, 111, 112, 113, 114, 115, 116, 117, 118, 119, 120, 121, 122, 123, 124, 125, 126, 127, 128, 129, 130, 131, 132, 133, 134, 135, 136, 137, 138, 139, 140, 141, 142, 143, 144, 145, 146, 147, 148, 149, 150, 151, 152, 153, 154, 155, 156, 157, 158, 159, 160, 161, 162, 163, 164, 165, 166, 167, 168, 169, 170, 171, 172, 173, 174, 175, 176, 177, 178, 179, 180, 181, 182, 183, 184, 185, 186, 187, 188, 189, 190, 191, 192, 193, 194, 195, 196, 197, 198, 199, 200, 201, 202, 203, 204, 205, 206, 207, 208, 209, 210, 211, 212, 213, 214, 215, 216, 217, 218, 219, 220, 221, 222, 223, 224, 225, 226, 227, 228, 229, 230, 231, 232, 233, 234, 235, 236, 237, 238, 239, 240, 241, 242, 243, 244, 245, 246, 247, 248, 249, 250, 251, 252, 253, 254, 255, 256, 257, 258, 259, 260, 261, 262, 263, 264, 265, 266, 267, 268, 269, 270, 271, 272, 273, 274, 275, 276, 277, 278, 279, 280, 281, 282, 283, 284, 285, 286, 287, 288, 289, 290, 291, 292, 293, 294, 295, 296, 297, 298, 299, 300, 301, 302, 303, 304, 305, 306, 307, 308, 309, 310, 311, 312, 313, 314, 315, 316, 317, 318, 319, 320, 321, 322, 323, 324, 325, 326, 327, 328, 329, 330, 331, 332, 333, 334, 335, 336, 337, 574, 575, 576, 577, 578, 579, 580, 581, 582, 583, 584, 585, 586, 587, 588, 589, 590, 591, 592, 593, 594, 595, 596, 597, 598, 599, 600, 601, 602, 603, 604, 605, 606, 607, 608, 609, 610, 611, 612, 613, 614, 615, 616, 617, 618, 619, 620, 621, 622, 623, 624, 625, 626, 627, 628, 629, 630, 631, 632, 633, 634, 635, 636, 637, 638, 639, 640, 641, 642, 643, 644, 645, 646, 647, 648, 649, 650, 651, 652, 653, 654, 655, 656, 657, 658, 659, 660, 661, 662, 663, 664, 665, 666, 667, 668, 669, 670, 671, 672, 673, 674, 675, 676, 677, 678, 679, 680, 681, 682, 683, 684, 685, 686, 687, 688, 689, 690, 691, 692, 693, 694, 695, 696, 697, 698, 699, 700, 701, 702, 703, 704, 705, 706, 707, 708, 709, 710, 711, 712, 713, 714, 715, 716, 717, 718, 719, 720, 721, 722, 723, 724, 725, 726, 727, 728, 729, 730, 731, 732, 733, 734, 735, 736, 737, 738, 739, 740, 741, 742, 743, 744, 745, 746, 747, 748, 749, 750, 751, 752, 753, 754, 755, 756, 757, 758, 759, 760, 761, 762, 763, 764, 765, 766, 767, 768, 769, 770, 771, 772, 773, 774, 775, 776, 777, 778, 779, 780, 781, 782, 783, 784, 785, 786, 787, 788, 789, 790, 791, 792, 793]","[103, 104, 106, 117, 118, 120, 127, 128, 129, 131, 133, 135, 136, 137, 139, 146, 147, 148, 149, 151, 158, 160, 162, 166, 173, 178, 179, 185, 190, 192, 198, 201, 203, 204, 206, 207, 212, 213, 214, 219, 223, 224, 225, 227, 230, 235, 237, 246, 247, 256, 259, 262, 263, 266, 268, 269, 271, 272, 278, 279, 284, 285, 288, 290, 292, 304, 312, 316, 319, 320, 323, 324, 332, 574, 575, 588, 591, 607, 608, 610, 618, 619, 620, 622, 632, 644, 649, 650, 656, 661, 663, 669, 674, 677, 683, 684, 687, 688, 689, 701, 710, 723, 730, 731, 738, 747, 751, 762, 774, 778, 789]",[],"[477, 478, 479, 928, 929, 930, 931]","[103, 104, 105, 106, 107, 108, 109, 110, 111, 112, 113, 114, 115, 116, 117, 118, 119, 120, 121, 122, 123, 124, 125, 126, 127, 128, 129, 130, 131, 132, 133, 134, 135, 136, 137, 138, 139, 140, 141, 142, 143, 144, 145, 146, 147, 148, 149, 150, 151, 152, 153, 154, 155, 156, 157, 158, 159, 160, 161, 162, 163, 164, 165, 166, 167, 168, 169, 170, 171, 172, 173, 174, 175, 176, 177, 178, 179, 180, 181, 182, 183, 184, 185, 186, 187, 188, 189, 190, 191, 192, 193, 194, 195, 196, 197, 198, 199, 200, 201, 202, 203, 204, 205, 206, 207, 208, 209, 210, 211, 212, 213, 214, 215, 216, 217, 218, 219, 220, 221, 222, 223, 224, 225, 226, 227, 228, 229, 230, 231, 232, 233, 234, 235, 236, 237, 238, 239, 240, 241, 242, 243, 244, 245, 246, 247, 248, 249, 250, 251, 252, 253, 254, 255, 256, 257, 258, 259, 260, 261, 262, 263, 264, 265, 266, 267, 268, 269, 270, 271, 272, 273, 274, 275, 276, 277, 278, 279, 280, 281, 282, 283, 284, 285, 286, 287, 288, 289, 290, 291, 292, 293, 294, 295, 296, 297, 298, 299, 300, 301, 302, 303, 304, 305, 306, 307, 308, 309, 310, 311, 312, 313, 314, 315, 316, 317, 318, 319, 320, 321, 322, 323, 324, 325, 326, 327, 328, 329, 330, 331, 332, 333, 334, 335, 336, 337, 477, 478, 479, 574, 575, 576, 577, 578, 579, 580, 581, 582, 583, 584, 585, 586, 587, 588, 589, 590, 591, 592, 593, 594, 595, 596, 597, 598, 599, 600, 601, 602, 603, 604, 605, 606, 607, 608, 609, 610, 611, 612, 613, 614, 615, 616, 617, 618, 619, 620, 621, 622, 623, 624, 625, 626, 627, 628, 629, 630, 631, 632, 633, 634, 635, 636, 637, 638, 639, 640, 641, 642, 643, 644, 645, 646, 647, 648, 649, 650, 651, 652, 653, 654, 655, 656, 657, 658, 659, 660, 661, 662, 663, 664, 665, 666, 667, 668, 669, 670, 671, 672, 673, 674, 675, 676, 677, 678, 679, 680, 681, 682, 683, 684, 685, 686, 687, 688, 689, 690, 691, 692, 693, 694, 695, 696, 697, 698, 699, 700, 701, 702, 703, 704, 705, 706, 707, 708, 709, 710, 711, 712, 713, 714, 715, 716, 717, 718, 719, 720, 721, 722, 723, 724, 725, 726, 727, 728, 729, 730, 731, 732, 733, 734, 735, 736, 737, 738, 739, 740, 741, 742, 743, 744, 745, 746, 747, 748, 749, 750, 751, 752, 753, 754, 755, 756, 757, 758, 759, 760, 761, 762, 763, 764, 765, 766, 767, 768, 769, 770, 771, 772, 773, 774, 775, 776, 777, 778, 779, 780, 781, 782, 783, 784, 785, 786, 787, 788, 789, 790, 791, 792, 793, 928, 929, 930, 931]",False,"[319, 777]","[103, 104, 105, 106, 107, 108, 109, 110, 111, 112, 113, 114, 115, 116, 117, 118, 119, 120, 121, 122, 123, 124, 125, 126, 127, 128, 129, 130, 131, 132, 133, 134, 135, 136, 137, 138, 139, 140, 141, 142, 143, 144, 145, 146, 147, 148, 149, 150, 151, 152, 153, 154, 155, 156, 157, 158, 159, 160, 161, 162, 163, 164, 165, 166, 167, 168, 169, 170, 171, 172, 173, 174, 175, 176, 177, 178, 179, 180, 181, 182, 183, 184, 185, 186, 187, 188, 189, 190, 191, 192, 193, 194, 195, 196, 197, 198, 199, 200, 201, 202, 203, 204, 205, 206, 207, 208, 209, 210, 211, 212, 213, 214, 215, 216, 217, 218, 219, 220, 221, 222, 223, 224, 225, 226, 227, 228, 229, 230, 231, 232, 233, 234, 235, 236, 237, 238, 239, 240, 241, 242, 243, 244, 245, 246, 247, 248, 249, 250, 251, 252, 253, 254, 255, 256, 257, 258, 259, 260, 261, 262, 263, 264, 265, 266, 267, 268, 269, 270, 271, 272, 273, 274, 275, 276, 277, 278, 279, 280, 281, 282, 283, 284, 285, 286, 287, 288, 289, 290, 291, 292, 293, 294, 295, 296, 297, 298, 299, 300, 301, 302, 303, 304, 305, 306, 307, 308, 309, 310, 311, 312, 313, 314, 315, 316, 317, 318, 319, 320, 321, 322, 323, 324, 325, 326, 327, 328, 329, 330, 331, 332, 333, 334, 335, 336, 337, 574, 575, 576, 577, 578, 579, 580, 581, 582, 583, 584, 585, 586, 587, 588, 589, 590, 591, 592, 593, 594, 595, 596, 597, 598, 599, 600, 601, 602, 603, 604, 605, 606, 607, 608, 609, 610, 611, 612, 613, 614, 615, 616, 617, 618, 619, 620, 621, 622, 623, 624, 625, 626, 627, 628, 629, 630, 631, 632, 633, 634, 635, 636, 637, 638, 639, 640, 641, 642, 643, 644, 645, 646, 647, 648, 649, 650, 651, 652, 653, 654, 655, 656, 657, 658, 659, 660, 661, 662, 663, 664, 665, 666, 667, 668, 669, 670, 671, 672, 673, 674, 675, 676, 677, 678, 679, 680, 681, 682, 683, 684, 685, 686, 687, 688, 689, 690, 691, 692, 693, 694, 695, 696, 697, 698, 699, 700, 701, 702, 703, 704, 705, 706, 707, 708, 709, 710, 711, 712, 713, 714, 715, 716, 717, 718, 719, 720, 721, 722, 723, 724, 725, 726, 727, 728, 729, 730, 731, 732, 733, 734, 735, 736, 737, 738, 739, 740, 741, 742, 743, 744, 745, 746, 747, 748, 749, 750, 751, 752, 753, 754, 755, 756, 757, 758, 759, 760, 761, 762, 763, 764, 765, 766, 767, 768, 769, 770, 771, 772, 773, 774, 775, 776, 777, 778, 779, 780, 781, 782, 783, 784, 785, 786, 787, 788, 789, 790, 791, 792, 793]","[319, 777]",[],"[103, 104, 106, 117, 118, 120, 127, 128, 129, 131, 133, 135, 136, 137, 139, 146, 147, 148, 149, 151, 158, 160, 162, 166, 173, 178, 179, 185, 190, 192, 198, 201, 203, 204, 206, 207, 212, 213, 214, 219, 223, 224, 225, 227, 230, 235, 237, 246, 247, 256, 259, 262, 263, 266, 268, 269, 271, 272, 278, 279, 284, 285, 288, 290, 292, 304, 312, 316, 319, 320, 323, 324, 332, 574, 575, 588, 591, 607, 608, 610, 618, 619, 620, 622, 632, 644, 649, 650, 656, 661, 663, 669, 674, 677, 683, 684, 687, 688, 689, 701, 710, 723, 730, 731, 738, 747, 751, 762, 774, 778, 789]","[477, 478, 479, 928, 929, 930, 931]",[],5/6 successful match,False,[454],True,781,False,,1.0,True,Red Top Truck Stop,
"F Chowchilla , 93610 Red Top Truck Stop",3 559-665-7438 CA 152 & Rd 4 ( E of CA 59 ),M <U+2610>,Chowchilla,93610,Red Top Truck Stop,559-665-7438,2008,Chowchilla,CA,,( E of CA 59 ),CA 152 & Rd 4,empty,,False,,False,CA 152,Rd 4,,,,[],"[319, 777]","[319, 777]",[],"[103, 104, 105, 106, 107, 108, 109, 110, 111, 112, 113, 114, 115, 116, 117, 118, 119, 120, 121, 122, 123, 124, 125, 126, 127, 128, 129, 130, 131, 132, 133, 134, 135, 136, 137, 138, 139, 140, 141, 142, 143, 144, 145, 146, 147, 148, 149, 150, 151, 152, 153, 154, 155, 156, 157, 158, 159, 160, 161, 162, 163, 164, 165, 166, 167, 168, 169, 170, 171, 172, 173, 174, 175, 176, 177, 178, 179, 180, 181, 182, 183, 184, 185, 186, 187, 188, 189, 190, 191, 192, 193, 194, 195, 196, 197, 198, 199, 200, 201, 202, 203, 204, 205, 206, 207, 208, 209, 210, 211, 212, 213, 214, 215, 216, 217, 218, 219, 220, 221, 222, 223, 224, 225, 226, 227, 228, 229, 230, 231, 232, 233, 234, 235, 236, 237, 238, 239, 240, 241, 242, 243, 244, 245, 246, 247, 248, 249, 250, 251, 252, 253, 254, 255, 256, 257, 258, 259, 260, 261, 262, 263, 264, 265, 266, 267, 268, 269, 270, 271, 272, 273, 274, 275, 276, 277, 278, 279, 280, 281, 282, 283, 284, 285, 286, 287, 288, 289, 290, 291, 292, 293, 294, 295, 296, 297, 298, 299, 300, 301, 302, 303, 304, 305, 306, 307, 308, 309, 310, 311, 312, 313, 314, 315, 316, 317, 318, 319, 320, 321, 322, 323, 324, 325, 326, 327, 328, 329, 330, 331, 332, 333, 334, 335, 336, 337, 574, 575, 576, 577, 578, 579, 580, 581, 582, 583, 584, 585, 586, 587, 588, 589, 590, 591, 592, 593, 594, 595, 596, 597, 598, 599, 600, 601, 602, 603, 604, 605, 606, 607, 608, 609, 610, 611, 612, 613, 614, 615, 616, 617, 618, 619, 620, 621, 622, 623, 624, 625, 626, 627, 628, 629, 630, 631, 632, 633, 634, 635, 636, 637, 638, 639, 640, 641, 642, 643, 644, 645, 646, 647, 648, 649, 650, 651, 652, 653, 654, 655, 656, 657, 658, 659, 660, 661, 662, 663, 664, 665, 666, 667, 668, 669, 670, 671, 672, 673, 674, 675, 676, 677, 678, 679, 680, 681, 682, 683, 684, 685, 686, 687, 688, 689, 690, 691, 692, 693, 694, 695, 696, 697, 698, 699, 700, 701, 702, 703, 704, 705, 706, 707, 708, 709, 710, 711, 712, 713, 714, 715, 716, 717, 718, 719, 720, 721, 722, 723, 724, 725, 726, 727, 728, 729, 730, 731, 732, 733, 734, 735, 736, 737, 738, 739, 740, 741, 742, 743, 744, 745, 746, 747, 748, 749, 750, 751, 752, 753, 754, 755, 756, 757, 758, 759, 760, 761, 762, 763, 764, 765, 766, 767, 768, 769, 770, 771, 772, 773, 774, 775, 776, 777, 778, 779, 780, 781, 782, 783, 784, 785, 786, 787, 788, 789, 790, 791, 792, 793]","[103, 104, 106, 117, 118, 120, 127, 128, 129, 131, 133, 135, 136, 137, 139, 146, 147, 148, 149, 151, 158, 160, 162, 166, 173, 178, 179, 185, 190, 192, 198, 201, 203, 204, 206, 207, 212, 213, 214, 219, 223, 224, 225, 227, 230, 235, 237, 246, 247, 256, 259, 262, 263, 266, 268, 269, 271, 272, 278, 279, 284, 285, 288, 290, 292, 304, 312, 316, 319, 320, 323, 324, 332, 574, 575, 588, 591, 607, 608, 610, 618, 619, 620, 622, 632, 644, 649, 650, 656, 661, 663, 669, 674, 677, 683, 684, 687, 688, 689, 701, 710, 723, 730, 731, 738, 747, 751, 762, 774, 778, 789]",[],"[477, 478, 479, 928, 929, 930, 931]","[103, 104, 105, 106, 107, 108, 109, 110, 111, 112, 113, 114, 115, 116, 117, 118, 119, 120, 121, 122, 123, 124, 125, 126, 127, 128, 129, 130, 131, 132, 133, 134, 135, 136, 137, 138, 139, 140, 141, 142, 143, 144, 145, 146, 147, 148, 149, 150, 151, 152, 153, 154, 155, 156, 157, 158, 159, 160, 161, 162, 163, 164, 165, 166, 167, 168, 169, 170, 171, 172, 173, 174, 175, 176, 177, 178, 179, 180, 181, 182, 183, 184, 185, 186, 187, 188, 189, 190, 191, 192, 193, 194, 195, 196, 197, 198, 199, 200, 201, 202, 203, 204, 205, 206, 207, 208, 209, 210, 211, 212, 213, 214, 215, 216, 217, 218, 219, 220, 221, 222, 223, 224, 225, 226, 227, 228, 229, 230, 231, 232, 233, 234, 235, 236, 237, 238, 239, 240, 241, 242, 243, 244, 245, 246, 247, 248, 249, 250, 251, 252, 253, 254, 255, 256, 257, 258, 259, 260, 261, 262, 263, 264, 265, 266, 267, 268, 269, 270, 271, 272, 273, 274, 275, 276, 277, 278, 279, 280, 281, 282, 283, 284, 285, 286, 287, 288, 289, 290, 291, 292, 293, 294, 295, 296, 297, 298, 299, 300, 301, 302, 303, 304, 305, 306, 307, 308, 309, 310, 311, 312, 313, 314, 315, 316, 317, 318, 319, 320, 321, 322, 323, 324, 325, 326, 327, 328, 329, 330, 331, 332, 333, 334, 335, 336, 337, 477, 478, 479, 574, 575, 576, 577, 578, 579, 580, 581, 582, 583, 584, 585, 586, 587, 588, 589, 590, 591, 592, 593, 594, 595, 596, 597, 598, 599, 600, 601, 602, 603, 604, 605, 606, 607, 608, 609, 610, 611, 612, 613, 614, 615, 616, 617, 618, 619, 620, 621, 622, 623, 624, 625, 626, 627, 628, 629, 630, 631, 632, 633, 634, 635, 636, 637, 638, 639, 640, 641, 642, 643, 644, 645, 646, 647, 648, 649, 650, 651, 652, 653, 654, 655, 656, 657, 658, 659, 660, 661, 662, 663, 664, 665, 666, 667, 668, 669, 670, 671, 672, 673, 674, 675, 676, 677, 678, 679, 680, 681, 682, 683, 684, 685, 686, 687, 688, 689, 690, 691, 692, 693, 694, 695, 696, 697, 698, 699, 700, 701, 702, 703, 704, 705, 706, 707, 708, 709, 710, 711, 712, 713, 714, 715, 716, 717, 718, 719, 720, 721, 722, 723, 724, 725, 726, 727, 728, 729, 730, 731, 732, 733, 734, 735, 736, 737, 738, 739, 740, 741, 742, 743, 744, 745, 746, 747, 748, 749, 750, 751, 752, 753, 754, 755, 756, 757, 758, 759, 760, 761, 762, 763, 764, 765, 766, 767, 768, 769, 770, 771, 772, 773, 774, 775, 776, 777, 778, 779, 780, 781, 782, 783, 784, 785, 786, 787, 788, 789, 790, 791, 792, 793, 928, 929, 930, 931]",False,"[319, 777]","[103, 104, 105, 106, 107, 108, 109, 110, 111, 112, 113, 114, 115, 116, 117, 118, 119, 120, 121, 122, 123, 124, 125, 126, 127, 128, 129, 130, 131, 132, 133, 134, 135, 136, 137, 138, 139, 140, 141, 142, 143, 144, 145, 146, 147, 148, 149, 150, 151, 152, 153, 154, 155, 156, 157, 158, 159, 160, 161, 162, 163, 164, 165, 166, 167, 168, 169, 170, 171, 172, 173, 174, 175, 176, 177, 178, 179, 180, 181, 182, 183, 184, 185, 186, 187, 188, 189, 190, 191, 192, 193, 194, 195, 196, 197, 198, 199, 200, 201, 202, 203, 204, 205, 206, 207, 208, 209, 210, 211, 212, 213, 214, 215, 216, 217, 218, 219, 220, 221, 222, 223, 224, 225, 226, 227, 228, 229, 230, 231, 232, 233, 234, 235, 236, 237, 238, 239, 240, 241, 242, 243, 244, 245, 246, 247, 248, 249, 250, 251, 252, 253, 254, 255, 256, 257, 258, 259, 260, 261, 262, 263, 264, 265, 266, 267, 268, 269, 270, 271, 272, 273, 274, 275, 276, 277, 278, 279, 280, 281, 282, 283, 284, 285, 286, 287, 288, 289, 290, 291, 292, 293, 294, 295, 296, 297, 298, 299, 300, 301, 302, 303, 304, 305, 306, 307, 308, 309, 310, 311, 312, 313, 314, 315, 316, 317, 318, 319, 320, 321, 322, 323, 324, 325, 326, 327, 328, 329, 330, 331, 332, 333, 334, 335, 336, 337, 574, 575, 576, 577, 578, 579, 580, 581, 582, 583, 584, 585, 586, 587, 588, 589, 590, 591, 592, 593, 594, 595, 596, 597, 598, 599, 600, 601, 602, 603, 604, 605, 606, 607, 608, 609, 610, 611, 612, 613, 614, 615, 616, 617, 618, 619, 620, 621, 622, 623, 624, 625, 626, 627, 628, 629, 630, 631, 632, 633, 634, 635, 636, 637, 638, 639, 640, 641, 642, 643, 644, 645, 646, 647, 648, 649, 650, 651, 652, 653, 654, 655, 656, 657, 658, 659, 660, 661, 662, 663, 664, 665, 666, 667, 668, 669, 670, 671, 672, 673, 674, 675, 676, 677, 678, 679, 680, 681, 682, 683, 684, 685, 686, 687, 688, 689, 690, 691, 692, 693, 694, 695, 696, 697, 698, 699, 700, 701, 702, 703, 704, 705, 706, 707, 708, 709, 710, 711, 712, 713, 714, 715, 716, 717, 718, 719, 720, 721, 722, 723, 724, 725, 726, 727, 728, 729, 730, 731, 732, 733, 734, 735, 736, 737, 738, 739, 740, 741, 742, 743, 744, 745, 746, 747, 748, 749, 750, 751, 752, 753, 754, 755, 756, 757, 758, 759, 760, 761, 762, 763, 764, 765, 766, 767, 768, 769, 770, 771, 772, 773, 774, 775, 776, 777, 778, 779, 780, 781, 782, 783, 784, 785, 786, 787, 788, 789, 790, 791, 792, 793]","[319, 777]",[],"[103, 104, 106, 117, 118, 120, 127, 128, 129, 131, 133, 135, 136, 137, 139, 146, 147, 148, 149, 151, 158, 160, 162, 166, 173, 178, 179, 185, 190, 192, 198, 201, 203, 204, 206, 207, 212, 213, 214, 219, 223, 224, 225, 227, 230, 235, 237, 246, 247, 256, 259, 262, 263, 266, 268, 269, 271, 272, 278, 279, 284, 285, 288, 290, 292, 304, 312, 316, 319, 320, 323, 324, 332, 574, 575, 588, 591, 607, 608, 610, 618, 619, 620, 622, 632, 644, 649, 650, 656, 661, 663, 669, 674, 677, 683, 684, 687, 688, 689, 701, 710, 723, 730, 731, 738, 747, 751, 762, 774, 778, 789]","[477, 478, 479, 928, 929, 930, 931]",[],5/6 successful match,False,[454],True,781,False,,1.0,True,Red Top Truck Stop,
F Chowchilla ( 93610 ) Red Top Truck Stop ( Kwik ),3 559-665-7438 CA 152 & Rd 4 ( E of CA 59 ),M <U+25A1>,Chowchilla,93610,Red Top Truck Stop ( Kwik ),559-665-7438,2014,Chowchilla,CA,Kwik,( E of CA 59 ),CA 152 & Rd 4,empty,,False,,False,CA 152,Rd 4,,,,[],"[319, 777]","[319, 777]",[],"[103, 104, 105, 106, 107, 108, 109, 110, 111, 112, 113, 114, 115, 116, 117, 118, 119, 120, 121, 122, 123, 124, 125, 126, 127, 128, 129, 130, 131, 132, 133, 134, 135, 136, 137, 138, 139, 140, 141, 142, 143, 144, 145, 146, 147, 148, 149, 150, 151, 152, 153, 154, 155, 156, 157, 158, 159, 160, 161, 162, 163, 164, 165, 166, 167, 168, 169, 170, 171, 172, 173, 174, 175, 176, 177, 178, 179, 180, 181, 182, 183, 184, 185, 186, 187, 188, 189, 190, 191, 192, 193, 194, 195, 196, 197, 198, 199, 200, 201, 202, 203, 204, 205, 206, 207, 208, 209, 210, 211, 212, 213, 214, 215, 216, 217, 218, 219, 220, 221, 222, 223, 224, 225, 226, 227, 228, 229, 230, 231, 232, 233, 234, 235, 236, 237, 238, 239, 240, 241, 242, 243, 244, 245, 246, 247, 248, 249, 250, 251, 252, 253, 254, 255, 256, 257, 258, 259, 260, 261, 262, 263, 264, 265, 266, 267, 268, 269, 270, 271, 272, 273, 274, 275, 276, 277, 278, 279, 280, 281, 282, 283, 284, 285, 286, 287, 288, 289, 290, 291, 292, 293, 294, 295, 296, 297, 298, 299, 300, 301, 302, 303, 304, 305, 306, 307, 308, 309, 310, 311, 312, 313, 314, 315, 316, 317, 318, 319, 320, 321, 322, 323, 324, 325, 326, 327, 328, 329, 330, 331, 332, 333, 334, 335, 336, 337, 574, 575, 576, 577, 578, 579, 580, 581, 582, 583, 584, 585, 586, 587, 588, 589, 590, 591, 592, 593, 594, 595, 596, 597, 598, 599, 600, 601, 602, 603, 604, 605, 606, 607, 608, 609, 610, 611, 612, 613, 614, 615, 616, 617, 618, 619, 620, 621, 622, 623, 624, 625, 626, 627, 628, 629, 630, 631, 632, 633, 634, 635, 636, 637, 638, 639, 640, 641, 642, 643, 644, 645, 646, 647, 648, 649, 650, 651, 652, 653, 654, 655, 656, 657, 658, 659, 660, 661, 662, 663, 664, 665, 666, 667, 668, 669, 670, 671, 672, 673, 674, 675, 676, 677, 678, 679, 680, 681, 682, 683, 684, 685, 686, 687, 688, 689, 690, 691, 692, 693, 694, 695, 696, 697, 698, 699, 700, 701, 702, 703, 704, 705, 706, 707, 708, 709, 710, 711, 712, 713, 714, 715, 716, 717, 718, 719, 720, 721, 722, 723, 724, 725, 726, 727, 728, 729, 730, 731, 732, 733, 734, 735, 736, 737, 738, 739, 740, 741, 742, 743, 744, 745, 746, 747, 748, 749, 750, 751, 752, 753, 754, 755, 756, 757, 758, 759, 760, 761, 762, 763, 764, 765, 766, 767, 768, 769, 770, 771, 772, 773, 774, 775, 776, 777, 778, 779, 780, 781, 782, 783, 784, 785, 786, 787, 788, 789, 790, 791, 792, 793]","[103, 104, 106, 117, 118, 120, 127, 128, 129, 131, 133, 135, 136, 137, 139, 146, 147, 148, 149, 151, 158, 160, 162, 166, 173, 178, 179, 185, 190, 192, 198, 201, 203, 204, 206, 207, 212, 213, 214, 219, 223, 224, 225, 227, 230, 235, 237, 246, 247, 256, 259, 262, 263, 266, 268, 269, 271, 272, 278, 279, 284, 285, 288, 290, 292, 304, 312, 316, 319, 320, 323, 324, 332, 574, 575, 588, 591, 607, 608, 610, 618, 619, 620, 622, 632, 644, 649, 650, 656, 661, 663, 669, 674, 677, 683, 684, 687, 688, 689, 701, 710, 723, 730, 731, 738, 747, 751, 762, 774, 778, 789]",[],"[477, 478, 479, 928, 929, 930, 931]","[103, 104, 105, 106, 107, 108, 109, 110, 111, 112, 113, 114, 115, 116, 117, 118, 119, 120, 121, 122, 123, 124, 125, 126, 127, 128, 129, 130, 131, 132, 133, 134, 135, 136, 137, 138, 139, 140, 141, 142, 143, 144, 145, 146, 147, 148, 149, 150, 151, 152, 153, 154, 155, 156, 157, 158, 159, 160, 161, 162, 163, 164, 165, 166, 167, 168, 169, 170, 171, 172, 173, 174, 175, 176, 177, 178, 179, 180, 181, 182, 183, 184, 185, 186, 187, 188, 189, 190, 191, 192, 193, 194, 195, 196, 197, 198, 199, 200, 201, 202, 203, 204, 205, 206, 207, 208, 209, 210, 211, 212, 213, 214, 215, 216, 217, 218, 219, 220, 221, 222, 223, 224, 225, 226, 227, 228, 229, 230, 231, 232, 233, 234, 235, 236, 237, 238, 239, 240, 241, 242, 243, 244, 245, 246, 247, 248, 249, 250, 251, 252, 253, 254, 255, 256, 257, 258, 259, 260, 261, 262, 263, 264, 265, 266, 267, 268, 269, 270, 271, 272, 273, 274, 275, 276, 277, 278, 279, 280, 281, 282, 283, 284, 285, 286, 287, 288, 289, 290, 291, 292, 293, 294, 295, 296, 297, 298, 299, 300, 301, 302, 303, 304, 305, 306, 307, 308, 309, 310, 311, 312, 313, 314, 315, 316, 317, 318, 319, 320, 321, 322, 323, 324, 325, 326, 327, 328, 329, 330, 331, 332, 333, 334, 335, 336, 337, 477, 478, 479, 574, 575, 576, 577, 578, 579, 580, 581, 582, 583, 584, 585, 586, 587, 588, 589, 590, 591, 592, 593, 594, 595, 596, 597, 598, 599, 600, 601, 602, 603, 604, 605, 606, 607, 608, 609, 610, 611, 612, 613, 614, 615, 616, 617, 618, 619, 620, 621, 622, 623, 624, 625, 626, 627, 628, 629, 630, 631, 632, 633, 634, 635, 636, 637, 638, 639, 640, 641, 642, 643, 644, 645, 646, 647, 648, 649, 650, 651, 652, 653, 654, 655, 656, 657, 658, 659, 660, 661, 662, 663, 664, 665, 666, 667, 668, 669, 670, 671, 672, 673, 674, 675, 676, 677, 678, 679, 680, 681, 682, 683, 684, 685, 686, 687, 688, 689, 690, 691, 692, 693, 694, 695, 696, 697, 698, 699, 700, 701, 702, 703, 704, 705, 706, 707, 708, 709, 710, 711, 712, 713, 714, 715, 716, 717, 718, 719, 720, 721, 722, 723, 724, 725, 726, 727, 728, 729, 730, 731, 732, 733, 734, 735, 736, 737, 738, 739, 740, 741, 742, 743, 744, 745, 746, 747, 748, 749, 750, 751, 752, 753, 754, 755, 756, 757, 758, 759, 760, 761, 762, 763, 764, 765, 766, 767, 768, 769, 770, 771, 772, 773, 774, 775, 776, 777, 778, 779, 780, 781, 782, 783, 784, 785, 786, 787, 788, 789, 790, 791, 792, 793, 928, 929, 930, 931]",False,"[319, 777]","[103, 104, 105, 106, 107, 108, 109, 110, 111, 112, 113, 114, 115, 116, 117, 118, 119, 120, 121, 122, 123, 124, 125, 126, 127, 128, 129, 130, 131, 132, 133, 134, 135, 136, 137, 138, 139, 140, 141, 142, 143, 144, 145, 146, 147, 148, 149, 150, 151, 152, 153, 154, 155, 156, 157, 158, 159, 160, 161, 162, 163, 164, 165, 166, 167, 168, 169, 170, 171, 172, 173, 174, 175, 176, 177, 178, 179, 180, 181, 182, 183, 184, 185, 186, 187, 188, 189, 190, 191, 192, 193, 194, 195, 196, 197, 198, 199, 200, 201, 202, 203, 204, 205, 206, 207, 208, 209, 210, 211, 212, 213, 214, 215, 216, 217, 218, 219, 220, 221, 222, 223, 224, 225, 226, 227, 228, 229, 230, 231, 232, 233, 234, 235, 236, 237, 238, 239, 240, 241, 242, 243, 244, 245, 246, 247, 248, 249, 250, 251, 252, 253, 254, 255, 256, 257, 258, 259, 260, 261, 262, 263, 264, 265, 266, 267, 268, 269, 270, 271, 272, 273, 274, 275, 276, 277, 278, 279, 280, 281, 282, 283, 284, 285, 286, 287, 288, 289, 290, 291, 292, 293, 294, 295, 296, 297, 298, 299, 300, 301, 302, 303, 304, 305, 306, 307, 308, 309, 310, 311, 312, 313, 314, 315, 316, 317, 318, 319, 320, 321, 322, 323, 324, 325, 326, 327, 328, 329, 330, 331, 332, 333, 334, 335, 336, 337, 574, 575, 576, 577, 578, 579, 580, 581, 582, 583, 584, 585, 586, 587, 588, 589, 590, 591, 592, 593, 594, 595, 596, 597, 598, 599, 600, 601, 602, 603, 604, 605, 606, 607, 608, 609, 610, 611, 612, 613, 614, 615, 616, 617, 618, 619, 620, 621, 622, 623, 624, 625, 626, 627, 628, 629, 630, 631, 632, 633, 634, 635, 636, 637, 638, 639, 640, 641, 642, 643, 644, 645, 646, 647, 648, 649, 650, 651, 652, 653, 654, 655, 656, 657, 658, 659, 660, 661, 662, 663, 664, 665, 666, 667, 668, 669, 670, 671, 672, 673, 674, 675, 676, 677, 678, 679, 680, 681, 682, 683, 684, 685, 686, 687, 688, 689, 690, 691, 692, 693, 694, 695, 696, 697, 698, 699, 700, 701, 702, 703, 704, 705, 706, 707, 708, 709, 710, 711, 712, 713, 714, 715, 716, 717, 718, 719, 720, 721, 722, 723, 724, 725, 726, 727, 728, 729, 730, 731, 732, 733, 734, 735, 736, 737, 738, 739, 740, 741, 742, 743, 744, 745, 746, 747, 748, 749, 750, 751, 752, 753, 754, 755, 756, 757, 758, 759, 760, 761, 762, 763, 764, 765, 766, 767, 768, 769, 770, 771, 772, 773, 774, 775, 776, 777, 778, 779, 780, 781, 782, 783, 784, 785, 786, 787, 788, 789, 790, 791, 792, 793]","[319, 777]",[],"[103, 104, 106, 117, 118, 120, 127, 128, 129, 131, 133, 135, 136, 137, 139, 146, 147, 148, 149, 151, 158, 160, 162, 166, 173, 178, 179, 185, 190, 192, 198, 201, 203, 204, 206, 207, 212, 213, 214, 219, 223, 224, 225, 227, 230, 235, 237, 246, 247, 256, 259, 262, 263, 266, 268, 269, 271, 272, 278, 279, 284, 285, 288, 290, 292, 304, 312, 316, 319, 320, 323, 324, 332, 574, 575, 588, 591, 607, 608, 610, 618, 619, 620, 622, 632, 644, 649, 650, 656, 661, 663, 669, 674, 677, 683, 684, 687, 688, 689, 701, 710, 723, 730, 731, 738, 747, 751, 762, 774, 778, 789]","[477, 478, 479, 928, 929, 930, 931]",[],5/6 successful match,False,[454],True,781,False,,1.0,True,Red Top Truck Stop,
F Chowchilla ( 93610 ) Red Top Truck Stop ( Kwik ),3 559-665-7438 CA 152 & Rd 4 ( E of CA 59 ),<U+2610>,Chowchilla,93610,Red Top Truck Stop ( Kwik ),559-665-7438,2015,Chowchilla,CA,Kwik,( E of CA 59 ),CA 152 & Rd 4,empty,,False,,False,CA 152,Rd 4,,,,[],"[319, 777]","[319, 777]",[],"[103, 104, 105, 106, 107, 108, 109, 110, 111, 112, 113, 114, 115, 116, 117, 118, 119, 120, 121, 122, 123, 124, 125, 126, 127, 128, 129, 130, 131, 132, 133, 134, 135, 136, 137, 138, 139, 140, 141, 142, 143, 144, 145, 146, 147, 148, 149, 150, 151, 152, 153, 154, 155, 156, 157, 158, 159, 160, 161, 162, 163, 164, 165, 166, 167, 168, 169, 170, 171, 172, 173, 174, 175, 176, 177, 178, 179, 180, 181, 182, 183, 184, 185, 186, 187, 188, 189, 190, 191, 192, 193, 194, 195, 196, 197, 198, 199, 200, 201, 202, 203, 204, 205, 206, 207, 208, 209, 210, 211, 212, 213, 214, 215, 216, 217, 218, 219, 220, 221, 222, 223, 224, 225, 226, 227, 228, 229, 230, 231, 232, 233, 234, 235, 236, 237, 238, 239, 240, 241, 242, 243, 244, 245, 246, 247, 248, 249, 250, 251, 252, 253, 254, 255, 256, 257, 258, 259, 260, 261, 262, 263, 264, 265, 266, 267, 268, 269, 270, 271, 272, 273, 274, 275, 276, 277, 278, 279, 280, 281, 282, 283, 284, 285, 286, 287, 288, 289, 290, 291, 292, 293, 294, 295, 296, 297, 298, 299, 300, 301, 302, 303, 304, 305, 306, 307, 308, 309, 310, 311, 312, 313, 314, 315, 316, 317, 318, 319, 320, 321, 322, 323, 324, 325, 326, 327, 328, 329, 330, 331, 332, 333, 334, 335, 336, 337, 574, 575, 576, 577, 578, 579, 580, 581, 582, 583, 584, 585, 586, 587, 588, 589, 590, 591, 592, 593, 594, 595, 596, 597, 598, 599, 600, 601, 602, 603, 604, 605, 606, 607, 608, 609, 610, 611, 612, 613, 614, 615, 616, 617, 618, 619, 620, 621, 622, 623, 624, 625, 626, 627, 628, 629, 630, 631, 632, 633, 634, 635, 636, 637, 638, 639, 640, 641, 642, 643, 644, 645, 646, 647, 648, 649, 650, 651, 652, 653, 654, 655, 656, 657, 658, 659, 660, 661, 662, 663, 664, 665, 666, 667, 668, 669, 670, 671, 672, 673, 674, 675, 676, 677, 678, 679, 680, 681, 682, 683, 684, 685, 686, 687, 688, 689, 690, 691, 692, 693, 694, 695, 696, 697, 698, 699, 700, 701, 702, 703, 704, 705, 706, 707, 708, 709, 710, 711, 712, 713, 714, 715, 716, 717, 718, 719, 720, 721, 722, 723, 724, 725, 726, 727, 728, 729, 730, 731, 732, 733, 734, 735, 736, 737, 738, 739, 740, 741, 742, 743, 744, 745, 746, 747, 748, 749, 750, 751, 752, 753, 754, 755, 756, 757, 758, 759, 760, 761, 762, 763, 764, 765, 766, 767, 768, 769, 770, 771, 772, 773, 774, 775, 776, 777, 778, 779, 780, 781, 782, 783, 784, 785, 786, 787, 788, 789, 790, 791, 792, 793]","[103, 104, 106, 117, 118, 120, 127, 128, 129, 131, 133, 135, 136, 137, 139, 146, 147, 148, 149, 151, 158, 160, 162, 166, 173, 178, 179, 185, 190, 192, 198, 201, 203, 204, 206, 207, 212, 213, 214, 219, 223, 224, 225, 227, 230, 235, 237, 246, 247, 256, 259, 262, 263, 266, 268, 269, 271, 272, 278, 279, 284, 285, 288, 290, 292, 304, 312, 316, 319, 320, 323, 324, 332, 574, 575, 588, 591, 607, 608, 610, 618, 619, 620, 622, 632, 644, 649, 650, 656, 661, 663, 669, 674, 677, 683, 684, 687, 688, 689, 701, 710, 723, 730, 731, 738, 747, 751, 762, 774, 778, 789]",[],"[477, 478, 479, 928, 929, 930, 931]","[103, 104, 105, 106, 107, 108, 109, 110, 111, 112, 113, 114, 115, 116, 117, 118, 119, 120, 121, 122, 123, 124, 125, 126, 127, 128, 129, 130, 131, 132, 133, 134, 135, 136, 137, 138, 139, 140, 141, 142, 143, 144, 145, 146, 147, 148, 149, 150, 151, 152, 153, 154, 155, 156, 157, 158, 159, 160, 161, 162, 163, 164, 165, 166, 167, 168, 169, 170, 171, 172, 173, 174, 175, 176, 177, 178, 179, 180, 181, 182, 183, 184, 185, 186, 187, 188, 189, 190, 191, 192, 193, 194, 195, 196, 197, 198, 199, 200, 201, 202, 203, 204, 205, 206, 207, 208, 209, 210, 211, 212, 213, 214, 215, 216, 217, 218, 219, 220, 221, 222, 223, 224, 225, 226, 227, 228, 229, 230, 231, 232, 233, 234, 235, 236, 237, 238, 239, 240, 241, 242, 243, 244, 245, 246, 247, 248, 249, 250, 251, 252, 253, 254, 255, 256, 257, 258, 259, 260, 261, 262, 263, 264, 265, 266, 267, 268, 269, 270, 271, 272, 273, 274, 275, 276, 277, 278, 279, 280, 281, 282, 283, 284, 285, 286, 287, 288, 289, 290, 291, 292, 293, 294, 295, 296, 297, 298, 299, 300, 301, 302, 303, 304, 305, 306, 307, 308, 309, 310, 311, 312, 313, 314, 315, 316, 317, 318, 319, 320, 321, 322, 323, 324, 325, 326, 327, 328, 329, 330, 331, 332, 333, 334, 335, 336, 337, 477, 478, 479, 574, 575, 576, 577, 578, 579, 580, 581, 582, 583, 584, 585, 586, 587, 588, 589, 590, 591, 592, 593, 594, 595, 596, 597, 598, 599, 600, 601, 602, 603, 604, 605, 606, 607, 608, 609, 610, 611, 612, 613, 614, 615, 616, 617, 618, 619, 620, 621, 622, 623, 624, 625, 626, 627, 628, 629, 630, 631, 632, 633, 634, 635, 636, 637, 638, 639, 640, 641, 642, 643, 644, 645, 646, 647, 648, 649, 650, 651, 652, 653, 654, 655, 656, 657, 658, 659, 660, 661, 662, 663, 664, 665, 666, 667, 668, 669, 670, 671, 672, 673, 674, 675, 676, 677, 678, 679, 680, 681, 682, 683, 684, 685, 686, 687, 688, 689, 690, 691, 692, 693, 694, 695, 696, 697, 698, 699, 700, 701, 702, 703, 704, 705, 706, 707, 708, 709, 710, 711, 712, 713, 714, 715, 716, 717, 718, 719, 720, 721, 722, 723, 724, 725, 726, 727, 728, 729, 730, 731, 732, 733, 734, 735, 736, 737, 738, 739, 740, 741, 742, 743, 744, 745, 746, 747, 748, 749, 750, 751, 752, 753, 754, 755, 756, 757, 758, 759, 760, 761, 762, 763, 764, 765, 766, 767, 768, 769, 770, 771, 772, 773, 774, 775, 776, 777, 778, 779, 780, 781, 782, 783, 784, 785, 786, 787, 788, 789, 790, 791, 792, 793, 928, 929, 930, 931]",False,"[319, 777]","[103, 104, 105, 106, 107, 108, 109, 110, 111, 112, 113, 114, 115, 116, 117, 118, 119, 120, 121, 122, 123, 124, 125, 126, 127, 128, 129, 130, 131, 132, 133, 134, 135, 136, 137, 138, 139, 140, 141, 142, 143, 144, 145, 146, 147, 148, 149, 150, 151, 152, 153, 154, 155, 156, 157, 158, 159, 160, 161, 162, 163, 164, 165, 166, 167, 168, 169, 170, 171, 172, 173, 174, 175, 176, 177, 178, 179, 180, 181, 182, 183, 184, 185, 186, 187, 188, 189, 190, 191, 192, 193, 194, 195, 196, 197, 198, 199, 200, 201, 202, 203, 204, 205, 206, 207, 208, 209, 210, 211, 212, 213, 214, 215, 216, 217, 218, 219, 220, 221, 222, 223, 224, 225, 226, 227, 228, 229, 230, 231, 232, 233, 234, 235, 236, 237, 238, 239, 240, 241, 242, 243, 244, 245, 246, 247, 248, 249, 250, 251, 252, 253, 254, 255, 256, 257, 258, 259, 260, 261, 262, 263, 264, 265, 266, 267, 268, 269, 270, 271, 272, 273, 274, 275, 276, 277, 278, 279, 280, 281, 282, 283, 284, 285, 286, 287, 288, 289, 290, 291, 292, 293, 294, 295, 296, 297, 298, 299, 300, 301, 302, 303, 304, 305, 306, 307, 308, 309, 310, 311, 312, 313, 314, 315, 316, 317, 318, 319, 320, 321, 322, 323, 324, 325, 326, 327, 328, 329, 330, 331, 332, 333, 334, 335, 336, 337, 574, 575, 576, 577, 578, 579, 580, 581, 582, 583, 584, 585, 586, 587, 588, 589, 590, 591, 592, 593, 594, 595, 596, 597, 598, 599, 600, 601, 602, 603, 604, 605, 606, 607, 608, 609, 610, 611, 612, 613, 614, 615, 616, 617, 618, 619, 620, 621, 622, 623, 624, 625, 626, 627, 628, 629, 630, 631, 632, 633, 634, 635, 636, 637, 638, 639, 640, 641, 642, 643, 644, 645, 646, 647, 648, 649, 650, 651, 652, 653, 654, 655, 656, 657, 658, 659, 660, 661, 662, 663, 664, 665, 666, 667, 668, 669, 670, 671, 672, 673, 674, 675, 676, 677, 678, 679, 680, 681, 682, 683, 684, 685, 686, 687, 688, 689, 690, 691, 692, 693, 694, 695, 696, 697, 698, 699, 700, 701, 702, 703, 704, 705, 706, 707, 708, 709, 710, 711, 712, 713, 714, 715, 716, 717, 718, 719, 720, 721, 722, 723, 724, 725, 726, 727, 728, 729, 730, 731, 732, 733, 734, 735, 736, 737, 738, 739, 740, 741, 742, 743, 744, 745, 746, 747, 748, 749, 750, 751, 752, 753, 754, 755, 756, 757, 758, 759, 760, 761, 762, 763, 764, 765, 766, 767, 768, 769, 770, 771, 772, 773, 774, 775, 776, 777, 778, 779, 780, 781, 782, 783, 784, 785, 786, 787, 788, 789, 790, 791, 792, 793]","[319, 777]",[],"[103, 104, 106, 117, 118, 120, 127, 128, 129, 131, 133, 135, 136, 137, 139, 146, 147, 148, 149, 151, 158, 160, 162, 166, 173, 178, 179, 185, 190, 192, 198, 201, 203, 204, 206, 207, 212, 213, 214, 219, 223, 224, 225, 227, 230, 235, 237, 246, 247, 256, 259, 262, 263, 266, 268, 269, 271, 272, 278, 279, 284, 285, 288, 290, 292, 304, 312, 316, 319, 320, 323, 324, 332, 574, 575, 588, 591, 607, 608, 610, 618, 619, 620, 622, 632, 644, 649, 650, 656, 661, 663, 669, 674, 677, 683, 684, 687, 688, 689, 701, 710, 723, 730, 731, 738, 747, 751, 762, 774, 778, 789]","[477, 478, 479, 928, 929, 930, 931]",[],5/6 successful match,False,[454],True,781,False,,1.0,True,Red Top Truck Stop ( Kwik ),Kwik
"F Dinuba , 93618 RJ Food & Gas ( Exxon )",4 559-595-8852 1150 E El Monte Way,<U+2610> 000 000,Dinuba,93618,RJ Food & Gas ( Exxon ),559-595-8852,2006,Dinuba,CA,Exxon,,1150 E El Monte Way,Proper,,False,,False,E El Monte Way,,,,,[],[],[],[],"[103, 104, 105, 106, 107, 108, 109, 110, 111, 112, 113, 114, 115, 116, 117, 118, 119, 120, 121, 122, 123, 124, 125, 126, 127, 128, 129, 130, 131, 132, 133, 134, 135, 136, 137, 138, 139, 140, 141, 142, 143, 144, 145, 146, 147, 148, 149, 150, 151, 152, 153, 154, 155, 156, 157, 158, 159, 160, 161, 162, 163, 164, 165, 166, 167, 168, 169, 170, 171, 172, 173, 174, 175, 176, 177, 178, 179, 180, 181, 182, 183, 184, 185, 186, 187, 188, 189, 190, 191, 192, 193, 194, 195, 196, 197, 198, 199, 200, 201, 202, 203, 204, 205, 206, 207, 208, 209, 210, 211, 212, 213, 214, 215, 216, 217, 218, 219, 220, 221, 222, 223, 224, 225, 226, 227, 228, 229, 230, 231, 232, 233, 234, 235, 236, 237, 238, 239, 240, 241, 242, 243, 244, 245, 246, 247, 248, 249, 250, 251, 252, 253, 254, 255, 256, 257, 258, 259, 260, 261, 262, 263, 264, 265, 266, 267, 268, 269, 270, 271, 272, 273, 274, 275, 276, 277, 278, 279, 280, 281, 282, 283, 284, 285, 286, 287, 288, 289, 290, 291, 292, 293, 294, 295, 296, 297, 298, 299, 300, 301, 302, 303, 304, 305, 306, 307, 308, 309, 310, 311, 312, 313, 314, 315, 316, 317, 318, 319, 320, 321, 322, 323, 324, 325, 326, 327, 328, 329, 330, 331, 332, 333, 334, 335, 336, 337, 574, 575, 576, 577, 578, 579, 580, 581, 582, 583, 584, 585, 586, 587, 588, 589, 590, 591, 592, 593, 594, 595, 596, 597, 598, 599, 600, 601, 602, 603, 604, 605, 606, 607, 608, 609, 610, 611, 612, 613, 614, 615, 616, 617, 618, 619, 620, 621, 622, 623, 624, 625, 626, 627, 628, 629, 630, 631, 632, 633, 634, 635, 636, 637, 638, 639, 640, 641, 642, 643, 644, 645, 646, 647, 648, 649, 650, 651, 652, 653, 654, 655, 656, 657, 658, 659, 660, 661, 662, 663, 664, 665, 666, 667, 668, 669, 670, 671, 672, 673, 674, 675, 676, 677, 678, 679, 680, 681, 682, 683, 684, 685, 686, 687, 688, 689, 690, 691, 692, 693, 694, 695, 696, 697, 698, 699, 700, 701, 702, 703, 704, 705, 706, 707, 708, 709, 710, 711, 712, 713, 714, 715, 716, 717, 718, 719, 720, 721, 722, 723, 724, 725, 726, 727, 728, 729, 730, 731, 732, 733, 734, 735, 736, 737, 738, 739, 740, 741, 742, 743, 744, 745, 746, 747, 748, 749, 750, 751, 752, 753, 754, 755, 756, 757, 758, 759, 760, 761, 762, 763, 764, 765, 766, 767, 768, 769, 770, 771, 772, 773, 774, 775, 776, 777, 778, 779, 780, 781, 782, 783, 784, 785, 786, 787, 788, 789, 790, 791, 792, 793]","[280, 739]","[398, 399, 400, 848, 849]","[268, 398, 399, 400, 465, 727, 848, 849, 912]","[103, 104, 105, 106, 107, 108, 109, 110, 111, 112, 113, 114, 115, 116, 117, 118, 119, 120, 121, 122, 123, 124, 125, 126, 127, 128, 129, 130, 131, 132, 133, 134, 135, 136, 137, 138, 139, 140, 141, 142, 143, 144, 145, 146, 147, 148, 149, 150, 151, 152, 153, 154, 155, 156, 157, 158, 159, 160, 161, 162, 163, 164, 165, 166, 167, 168, 169, 170, 171, 172, 173, 174, 175, 176, 177, 178, 179, 180, 181, 182, 183, 184, 185, 186, 187, 188, 189, 190, 191, 192, 193, 194, 195, 196, 197, 198, 199, 200, 201, 202, 203, 204, 205, 206, 207, 208, 209, 210, 211, 212, 213, 214, 215, 216, 217, 218, 219, 220, 221, 222, 223, 224, 225, 226, 227, 228, 229, 230, 231, 232, 233, 234, 235, 236, 237, 238, 239, 240, 241, 242, 243, 244, 245, 246, 247, 248, 249, 250, 251, 252, 253, 254, 255, 256, 257, 258, 259, 260, 261, 262, 263, 264, 265, 266, 267, 268, 269, 270, 271, 272, 273, 274, 275, 276, 277, 278, 279, 280, 281, 282, 283, 284, 285, 286, 287, 288, 289, 290, 291, 292, 293, 294, 295, 296, 297, 298, 299, 300, 301, 302, 303, 304, 305, 306, 307, 308, 309, 310, 311, 312, 313, 314, 315, 316, 317, 318, 319, 320, 321, 322, 323, 324, 325, 326, 327, 328, 329, 330, 331, 332, 333, 334, 335, 336, 337, 398, 399, 400, 465, 574, 575, 576, 577, 578, 579, 580, 581, 582, 583, 584, 585, 586, 587, 588, 589, 590, 591, 592, 593, 594, 595, 596, 597, 598, 599, 600, 601, 602, 603, 604, 605, 606, 607, 608, 609, 610, 611, 612, 613, 614, 615, 616, 617, 618, 619, 620, 621, 622, 623, 624, 625, 626, 627, 628, 629, 630, 631, 632, 633, 634, 635, 636, 637, 638, 639, 640, 641, 642, 643, 644, 645, 646, 647, 648, 649, 650, 651, 652, 653, 654, 655, 656, 657, 658, 659, 660, 661, 662, 663, 664, 665, 666, 667, 668, 669, 670, 671, 672, 673, 674, 675, 676, 677, 678, 679, 680, 681, 682, 683, 684, 685, 686, 687, 688, 689, 690, 691, 692, 693, 694, 695, 696, 697, 698, 699, 700, 701, 702, 703, 704, 705, 706, 707, 708, 709, 710, 711, 712, 713, 714, 715, 716, 717, 718, 719, 720, 721, 722, 723, 724, 725, 726, 727, 728, 729, 730, 731, 732, 733, 734, 735, 736, 737, 738, 739, 740, 741, 742, 743, 744, 745, 746, 747, 748, 749, 750, 751, 752, 753, 754, 755, 756, 757, 758, 759, 760, 761, 762, 763, 764, 765, 766, 767, 768, 769, 770, 771, 772, 773, 774, 775, 776, 777, 778, 779, 780, 781, 782, 783, 784, 785, 786, 787, 788, 789, 790, 791, 792, 793, 848, 849, 912]",False,[],"[103, 104, 105, 106, 107, 108, 109, 110, 111, 112, 113, 114, 115, 116, 117, 118, 119, 120, 121, 122, 123, 124, 125, 126, 127, 128, 129, 130, 131, 132, 133, 134, 135, 136, 137, 138, 139, 140, 141, 142, 143, 144, 145, 146, 147, 148, 149, 150, 151, 152, 153, 154, 155, 156, 157, 158, 159, 160, 161, 162, 163, 164, 165, 166, 167, 168, 169, 170, 171, 172, 173, 174, 175, 176, 177, 178, 179, 180, 181, 182, 183, 184, 185, 186, 187, 188, 189, 190, 191, 192, 193, 194, 195, 196, 197, 198, 199, 200, 201, 202, 203, 204, 205, 206, 207, 208, 209, 210, 211, 212, 213, 214, 215, 216, 217, 218, 219, 220, 221, 222, 223, 224, 225, 226, 227, 228, 229, 230, 231, 232, 233, 234, 235, 236, 237, 238, 239, 240, 241, 242, 243, 244, 245, 246, 247, 248, 249, 250, 251, 252, 253, 254, 255, 256, 257, 258, 259, 260, 261, 262, 263, 264, 265, 266, 267, 268, 269, 270, 271, 272, 273, 274, 275, 276, 277, 278, 279, 280, 281, 282, 283, 284, 285, 286, 287, 288, 289, 290, 291, 292, 293, 294, 295, 296, 297, 298, 299, 300, 301, 302, 303, 304, 305, 306, 307, 308, 309, 310, 311, 312, 313, 314, 315, 316, 317, 318, 319, 320, 321, 322, 323, 324, 325, 326, 327, 328, 329, 330, 331, 332, 333, 334, 335, 336, 337, 574, 575, 576, 577, 578, 579, 580, 581, 582, 583, 584, 585, 586, 587, 588, 589, 590, 591, 592, 593, 594, 595, 596, 597, 598, 599, 600, 601, 602, 603, 604, 605, 606, 607, 608, 609, 610, 611, 612, 613, 614, 615, 616, 617, 618, 619, 620, 621, 622, 623, 624, 625, 626, 627, 628, 629, 630, 631, 632, 633, 634, 635, 636, 637, 638, 639, 640, 641, 642, 643, 644, 645, 646, 647, 648, 649, 650, 651, 652, 653, 654, 655, 656, 657, 658, 659, 660, 661, 662, 663, 664, 665, 666, 667, 668, 669, 670, 671, 672, 673, 674, 675, 676, 677, 678, 679, 680, 681, 682, 683, 684, 685, 686, 687, 688, 689, 690, 691, 692, 693, 694, 695, 696, 697, 698, 699, 700, 701, 702, 703, 704, 705, 706, 707, 708, 709, 710, 711, 712, 713, 714, 715, 716, 717, 718, 719, 720, 721, 722, 723, 724, 725, 726, 727, 728, 729, 730, 731, 732, 733, 734, 735, 736, 737, 738, 739, 740, 741, 742, 743, 744, 745, 746, 747, 748, 749, 750, 751, 752, 753, 754, 755, 756, 757, 758, 759, 760, 761, 762, 763, 764, 765, 766, 767, 768, 769, 770, 771, 772, 773, 774, 775, 776, 777, 778, 779, 780, 781, 782, 783, 784, 785, 786, 787, 788, 789, 790, 791, 792, 793]",[],[],"[280, 739]","[268, 398, 399, 400, 465, 727, 848, 849, 912]","[398, 399, 400, 848, 849]",5/6 successful match,False,[746],True,782,False,,,,,
"F Dinuba , 93618 RJ Food & Gas ( Exxon )",4 559-595-8852 1150 E El Monte Way,<U+2610> 000,Dinuba,93618,RJ Food & Gas ( Exxon ),559-595-8852,2007,Dinuba,CA,Exxon,,1150 E El Monte Way,Proper,,False,,False,E El Monte Way,,,,,[],[],[],[],"[103, 104, 105, 106, 107, 108, 109, 110, 111, 112, 113, 114, 115, 116, 117, 118, 119, 120, 121, 122, 123, 124, 125, 126, 127, 128, 129, 130, 131, 132, 133, 134, 135, 136, 137, 138, 139, 140, 141, 142, 143, 144, 145, 146, 147, 148, 149, 150, 151, 152, 153, 154, 155, 156, 157, 158, 159, 160, 161, 162, 163, 164, 165, 166, 167, 168, 169, 170, 171, 172, 173, 174, 175, 176, 177, 178, 179, 180, 181, 182, 183, 184, 185, 186, 187, 188, 189, 190, 191, 192, 193, 194, 195, 196, 197, 198, 199, 200, 201, 202, 203, 204, 205, 206, 207, 208, 209, 210, 211, 212, 213, 214, 215, 216, 217, 218, 219, 220, 221, 222, 223, 224, 225, 226, 227, 228, 229, 230, 231, 232, 233, 234, 235, 236, 237, 238, 239, 240, 241, 242, 243, 244, 245, 246, 247, 248, 249, 250, 251, 252, 253, 254, 255, 256, 257, 258, 259, 260, 261, 262, 263, 264, 265, 266, 267, 268, 269, 270, 271, 272, 273, 274, 275, 276, 277, 278, 279, 280, 281, 282, 283, 284, 285, 286, 287, 288, 289, 290, 291, 292, 293, 294, 295, 296, 297, 298, 299, 300, 301, 302, 303, 304, 305, 306, 307, 308, 309, 310, 311, 312, 313, 314, 315, 316, 317, 318, 319, 320, 321, 322, 323, 324, 325, 326, 327, 328, 329, 330, 331, 332, 333, 334, 335, 336, 337, 574, 575, 576, 577, 578, 579, 580, 581, 582, 583, 584, 585, 586, 587, 588, 589, 590, 591, 592, 593, 594, 595, 596, 597, 598, 599, 600, 601, 602, 603, 604, 605, 606, 607, 608, 609, 610, 611, 612, 613, 614, 615, 616, 617, 618, 619, 620, 621, 622, 623, 624, 625, 626, 627, 628, 629, 630, 631, 632, 633, 634, 635, 636, 637, 638, 639, 640, 641, 642, 643, 644, 645, 646, 647, 648, 649, 650, 651, 652, 653, 654, 655, 656, 657, 658, 659, 660, 661, 662, 663, 664, 665, 666, 667, 668, 669, 670, 671, 672, 673, 674, 675, 676, 677, 678, 679, 680, 681, 682, 683, 684, 685, 686, 687, 688, 689, 690, 691, 692, 693, 694, 695, 696, 697, 698, 699, 700, 701, 702, 703, 704, 705, 706, 707, 708, 709, 710, 711, 712, 713, 714, 715, 716, 717, 718, 719, 720, 721, 722, 723, 724, 725, 726, 727, 728, 729, 730, 731, 732, 733, 734, 735, 736, 737, 738, 739, 740, 741, 742, 743, 744, 745, 746, 747, 748, 749, 750, 751, 752, 753, 754, 755, 756, 757, 758, 759, 760, 761, 762, 763, 764, 765, 766, 767, 768, 769, 770, 771, 772, 773, 774, 775, 776, 777, 778, 779, 780, 781, 782, 783, 784, 785, 786, 787, 788, 789, 790, 791, 792, 793]","[280, 739]","[398, 399, 400, 848, 849]","[268, 398, 399, 400, 465, 727, 848, 849, 912]","[103, 104, 105, 106, 107, 108, 109, 110, 111, 112, 113, 114, 115, 116, 117, 118, 119, 120, 121, 122, 123, 124, 125, 126, 127, 128, 129, 130, 131, 132, 133, 134, 135, 136, 137, 138, 139, 140, 141, 142, 143, 144, 145, 146, 147, 148, 149, 150, 151, 152, 153, 154, 155, 156, 157, 158, 159, 160, 161, 162, 163, 164, 165, 166, 167, 168, 169, 170, 171, 172, 173, 174, 175, 176, 177, 178, 179, 180, 181, 182, 183, 184, 185, 186, 187, 188, 189, 190, 191, 192, 193, 194, 195, 196, 197, 198, 199, 200, 201, 202, 203, 204, 205, 206, 207, 208, 209, 210, 211, 212, 213, 214, 215, 216, 217, 218, 219, 220, 221, 222, 223, 224, 225, 226, 227, 228, 229, 230, 231, 232, 233, 234, 235, 236, 237, 238, 239, 240, 241, 242, 243, 244, 245, 246, 247, 248, 249, 250, 251, 252, 253, 254, 255, 256, 257, 258, 259, 260, 261, 262, 263, 264, 265, 266, 267, 268, 269, 270, 271, 272, 273, 274, 275, 276, 277, 278, 279, 280, 281, 282, 283, 284, 285, 286, 287, 288, 289, 290, 291, 292, 293, 294, 295, 296, 297, 298, 299, 300, 301, 302, 303, 304, 305, 306, 307, 308, 309, 310, 311, 312, 313, 314, 315, 316, 317, 318, 319, 320, 321, 322, 323, 324, 325, 326, 327, 328, 329, 330, 331, 332, 333, 334, 335, 336, 337, 398, 399, 400, 465, 574, 575, 576, 577, 578, 579, 580, 581, 582, 583, 584, 585, 586, 587, 588, 589, 590, 591, 592, 593, 594, 595, 596, 597, 598, 599, 600, 601, 602, 603, 604, 605, 606, 607, 608, 609, 610, 611, 612, 613, 614, 615, 616, 617, 618, 619, 620, 621, 622, 623, 624, 625, 626, 627, 628, 629, 630, 631, 632, 633, 634, 635, 636, 637, 638, 639, 640, 641, 642, 643, 644, 645, 646, 647, 648, 649, 650, 651, 652, 653, 654, 655, 656, 657, 658, 659, 660, 661, 662, 663, 664, 665, 666, 667, 668, 669, 670, 671, 672, 673, 674, 675, 676, 677, 678, 679, 680, 681, 682, 683, 684, 685, 686, 687, 688, 689, 690, 691, 692, 693, 694, 695, 696, 697, 698, 699, 700, 701, 702, 703, 704, 705, 706, 707, 708, 709, 710, 711, 712, 713, 714, 715, 716, 717, 718, 719, 720, 721, 722, 723, 724, 725, 726, 727, 728, 729, 730, 731, 732, 733, 734, 735, 736, 737, 738, 739, 740, 741, 742, 743, 744, 745, 746, 747, 748, 749, 750, 751, 752, 753, 754, 755, 756, 757, 758, 759, 760, 761, 762, 763, 764, 765, 766, 767, 768, 769, 770, 771, 772, 773, 774, 775, 776, 777, 778, 779, 780, 781, 782, 783, 784, 785, 786, 787, 788, 789, 790, 791, 792, 793, 848, 849, 912]",False,[],"[103, 104, 105, 106, 107, 108, 109, 110, 111, 112, 113, 114, 115, 116, 117, 118, 119, 120, 121, 122, 123, 124, 125, 126, 127, 128, 129, 130, 131, 132, 133, 134, 135, 136, 137, 138, 139, 140, 141, 142, 143, 144, 145, 146, 147, 148, 149, 150, 151, 152, 153, 154, 155, 156, 157, 158, 159, 160, 161, 162, 163, 164, 165, 166, 167, 168, 169, 170, 171, 172, 173, 174, 175, 176, 177, 178, 179, 180, 181, 182, 183, 184, 185, 186, 187, 188, 189, 190, 191, 192, 193, 194, 195, 196, 197, 198, 199, 200, 201, 202, 203, 204, 205, 206, 207, 208, 209, 210, 211, 212, 213, 214, 215, 216, 217, 218, 219, 220, 221, 222, 223, 224, 225, 226, 227, 228, 229, 230, 231, 232, 233, 234, 235, 236, 237, 238, 239, 240, 241, 242, 243, 244, 245, 246, 247, 248, 249, 250, 251, 252, 253, 254, 255, 256, 257, 258, 259, 260, 261, 262, 263, 264, 265, 266, 267, 268, 269, 270, 271, 272, 273, 274, 275, 276, 277, 278, 279, 280, 281, 282, 283, 284, 285, 286, 287, 288, 289, 290, 291, 292, 293, 294, 295, 296, 297, 298, 299, 300, 301, 302, 303, 304, 305, 306, 307, 308, 309, 310, 311, 312, 313, 314, 315, 316, 317, 318, 319, 320, 321, 322, 323, 324, 325, 326, 327, 328, 329, 330, 331, 332, 333, 334, 335, 336, 337, 574, 575, 576, 577, 578, 579, 580, 581, 582, 583, 584, 585, 586, 587, 588, 589, 590, 591, 592, 593, 594, 595, 596, 597, 598, 599, 600, 601, 602, 603, 604, 605, 606, 607, 608, 609, 610, 611, 612, 613, 614, 615, 616, 617, 618, 619, 620, 621, 622, 623, 624, 625, 626, 627, 628, 629, 630, 631, 632, 633, 634, 635, 636, 637, 638, 639, 640, 641, 642, 643, 644, 645, 646, 647, 648, 649, 650, 651, 652, 653, 654, 655, 656, 657, 658, 659, 660, 661, 662, 663, 664, 665, 666, 667, 668, 669, 670, 671, 672, 673, 674, 675, 676, 677, 678, 679, 680, 681, 682, 683, 684, 685, 686, 687, 688, 689, 690, 691, 692, 693, 694, 695, 696, 697, 698, 699, 700, 701, 702, 703, 704, 705, 706, 707, 708, 709, 710, 711, 712, 713, 714, 715, 716, 717, 718, 719, 720, 721, 722, 723, 724, 725, 726, 727, 728, 729, 730, 731, 732, 733, 734, 735, 736, 737, 738, 739, 740, 741, 742, 743, 744, 745, 746, 747, 748, 749, 750, 751, 752, 753, 754, 755, 756, 757, 758, 759, 760, 761, 762, 763, 764, 765, 766, 767, 768, 769, 770, 771, 772, 773, 774, 775, 776, 777, 778, 779, 780, 781, 782, 783, 784, 785, 786, 787, 788, 789, 790, 791, 792, 793]",[],[],"[280, 739]","[268, 398, 399, 400, 465, 727, 848, 849, 912]","[398, 399, 400, 848, 849]",5/6 successful match,False,[746],True,782,False,,1.0,True,RJ Food & Gas ( Exxon ),Exxon
"Dinuba , 93618 RJ Food & Gas ( Exxon )",559-595-8852 1150 E El Monte Way,<U+2610> <U+2610>,Dinuba,93618,RJ Food & Gas ( Exxon ),559-595-8852,2008,Dinuba,CA,Exxon,,1150 E El Monte Way,Proper,,False,,False,E El Monte Way,,,,,[],[],[],[],"[103, 104, 105, 106, 107, 108, 109, 110, 111, 112, 113, 114, 115, 116, 117, 118, 119, 120, 121, 122, 123, 124, 125, 126, 127, 128, 129, 130, 131, 132, 133, 134, 135, 136, 137, 138, 139, 140, 141, 142, 143, 144, 145, 146, 147, 148, 149, 150, 151, 152, 153, 154, 155, 156, 157, 158, 159, 160, 161, 162, 163, 164, 165, 166, 167, 168, 169, 170, 171, 172, 173, 174, 175, 176, 177, 178, 179, 180, 181, 182, 183, 184, 185, 186, 187, 188, 189, 190, 191, 192, 193, 194, 195, 196, 197, 198, 199, 200, 201, 202, 203, 204, 205, 206, 207, 208, 209, 210, 211, 212, 213, 214, 215, 216, 217, 218, 219, 220, 221, 222, 223, 224, 225, 226, 227, 228, 229, 230, 231, 232, 233, 234, 235, 236, 237, 238, 239, 240, 241, 242, 243, 244, 245, 246, 247, 248, 249, 250, 251, 252, 253, 254, 255, 256, 257, 258, 259, 260, 261, 262, 263, 264, 265, 266, 267, 268, 269, 270, 271, 272, 273, 274, 275, 276, 277, 278, 279, 280, 281, 282, 283, 284, 285, 286, 287, 288, 289, 290, 291, 292, 293, 294, 295, 296, 297, 298, 299, 300, 301, 302, 303, 304, 305, 306, 307, 308, 309, 310, 311, 312, 313, 314, 315, 316, 317, 318, 319, 320, 321, 322, 323, 324, 325, 326, 327, 328, 329, 330, 331, 332, 333, 334, 335, 336, 337, 574, 575, 576, 577, 578, 579, 580, 581, 582, 583, 584, 585, 586, 587, 588, 589, 590, 591, 592, 593, 594, 595, 596, 597, 598, 599, 600, 601, 602, 603, 604, 605, 606, 607, 608, 609, 610, 611, 612, 613, 614, 615, 616, 617, 618, 619, 620, 621, 622, 623, 624, 625, 626, 627, 628, 629, 630, 631, 632, 633, 634, 635, 636, 637, 638, 639, 640, 641, 642, 643, 644, 645, 646, 647, 648, 649, 650, 651, 652, 653, 654, 655, 656, 657, 658, 659, 660, 661, 662, 663, 664, 665, 666, 667, 668, 669, 670, 671, 672, 673, 674, 675, 676, 677, 678, 679, 680, 681, 682, 683, 684, 685, 686, 687, 688, 689, 690, 691, 692, 693, 694, 695, 696, 697, 698, 699, 700, 701, 702, 703, 704, 705, 706, 707, 708, 709, 710, 711, 712, 713, 714, 715, 716, 717, 718, 719, 720, 721, 722, 723, 724, 725, 726, 727, 728, 729, 730, 731, 732, 733, 734, 735, 736, 737, 738, 739, 740, 741, 742, 743, 744, 745, 746, 747, 748, 749, 750, 751, 752, 753, 754, 755, 756, 757, 758, 759, 760, 761, 762, 763, 764, 765, 766, 767, 768, 769, 770, 771, 772, 773, 774, 775, 776, 777, 778, 779, 780, 781, 782, 783, 784, 785, 786, 787, 788, 789, 790, 791, 792, 793]","[280, 739]","[398, 399, 400, 848, 849]","[268, 398, 399, 400, 465, 727, 848, 849, 912]","[103, 104, 105, 106, 107, 108, 109, 110, 111, 112, 113, 114, 115, 116, 117, 118, 119, 120, 121, 122, 123, 124, 125, 126, 127, 128, 129, 130, 131, 132, 133, 134, 135, 136, 137, 138, 139, 140, 141, 142, 143, 144, 145, 146, 147, 148, 149, 150, 151, 152, 153, 154, 155, 156, 157, 158, 159, 160, 161, 162, 163, 164, 165, 166, 167, 168, 169, 170, 171, 172, 173, 174, 175, 176, 177, 178, 179, 180, 181, 182, 183, 184, 185, 186, 187, 188, 189, 190, 191, 192, 193, 194, 195, 196, 197, 198, 199, 200, 201, 202, 203, 204, 205, 206, 207, 208, 209, 210, 211, 212, 213, 214, 215, 216, 217, 218, 219, 220, 221, 222, 223, 224, 225, 226, 227, 228, 229, 230, 231, 232, 233, 234, 235, 236, 237, 238, 239, 240, 241, 242, 243, 244, 245, 246, 247, 248, 249, 250, 251, 252, 253, 254, 255, 256, 257, 258, 259, 260, 261, 262, 263, 264, 265, 266, 267, 268, 269, 270, 271, 272, 273, 274, 275, 276, 277, 278, 279, 280, 281, 282, 283, 284, 285, 286, 287, 288, 289, 290, 291, 292, 293, 294, 295, 296, 297, 298, 299, 300, 301, 302, 303, 304, 305, 306, 307, 308, 309, 310, 311, 312, 313, 314, 315, 316, 317, 318, 319, 320, 321, 322, 323, 324, 325, 326, 327, 328, 329, 330, 331, 332, 333, 334, 335, 336, 337, 398, 399, 400, 465, 574, 575, 576, 577, 578, 579, 580, 581, 582, 583, 584, 585, 586, 587, 588, 589, 590, 591, 592, 593, 594, 595, 596, 597, 598, 599, 600, 601, 602, 603, 604, 605, 606, 607, 608, 609, 610, 611, 612, 613, 614, 615, 616, 617, 618, 619, 620, 621, 622, 623, 624, 625, 626, 627, 628, 629, 630, 631, 632, 633, 634, 635, 636, 637, 638, 639, 640, 641, 642, 643, 644, 645, 646, 647, 648, 649, 650, 651, 652, 653, 654, 655, 656, 657, 658, 659, 660, 661, 662, 663, 664, 665, 666, 667, 668, 669, 670, 671, 672, 673, 674, 675, 676, 677, 678, 679, 680, 681, 682, 683, 684, 685, 686, 687, 688, 689, 690, 691, 692, 693, 694, 695, 696, 697, 698, 699, 700, 701, 702, 703, 704, 705, 706, 707, 708, 709, 710, 711, 712, 713, 714, 715, 716, 717, 718, 719, 720, 721, 722, 723, 724, 725, 726, 727, 728, 729, 730, 731, 732, 733, 734, 735, 736, 737, 738, 739, 740, 741, 742, 743, 744, 745, 746, 747, 748, 749, 750, 751, 752, 753, 754, 755, 756, 757, 758, 759, 760, 761, 762, 763, 764, 765, 766, 767, 768, 769, 770, 771, 772, 773, 774, 775, 776, 777, 778, 779, 780, 781, 782, 783, 784, 785, 786, 787, 788, 789, 790, 791, 792, 793, 848, 849, 912]",False,[],"[103, 104, 105, 106, 107, 108, 109, 110, 111, 112, 113, 114, 115, 116, 117, 118, 119, 120, 121, 122, 123, 124, 125, 126, 127, 128, 129, 130, 131, 132, 133, 134, 135, 136, 137, 138, 139, 140, 141, 142, 143, 144, 145, 146, 147, 148, 149, 150, 151, 152, 153, 154, 155, 156, 157, 158, 159, 160, 161, 162, 163, 164, 165, 166, 167, 168, 169, 170, 171, 172, 173, 174, 175, 176, 177, 178, 179, 180, 181, 182, 183, 184, 185, 186, 187, 188, 189, 190, 191, 192, 193, 194, 195, 196, 197, 198, 199, 200, 201, 202, 203, 204, 205, 206, 207, 208, 209, 210, 211, 212, 213, 214, 215, 216, 217, 218, 219, 220, 221, 222, 223, 224, 225, 226, 227, 228, 229, 230, 231, 232, 233, 234, 235, 236, 237, 238, 239, 240, 241, 242, 243, 244, 245, 246, 247, 248, 249, 250, 251, 252, 253, 254, 255, 256, 257, 258, 259, 260, 261, 262, 263, 264, 265, 266, 267, 268, 269, 270, 271, 272, 273, 274, 275, 276, 277, 278, 279, 280, 281, 282, 283, 284, 285, 286, 287, 288, 289, 290, 291, 292, 293, 294, 295, 296, 297, 298, 299, 300, 301, 302, 303, 304, 305, 306, 307, 308, 309, 310, 311, 312, 313, 314, 315, 316, 317, 318, 319, 320, 321, 322, 323, 324, 325, 326, 327, 328, 329, 330, 331, 332, 333, 334, 335, 336, 337, 574, 575, 576, 577, 578, 579, 580, 581, 582, 583, 584, 585, 586, 587, 588, 589, 590, 591, 592, 593, 594, 595, 596, 597, 598, 599, 600, 601, 602, 603, 604, 605, 606, 607, 608, 609, 610, 611, 612, 613, 614, 615, 616, 617, 618, 619, 620, 621, 622, 623, 624, 625, 626, 627, 628, 629, 630, 631, 632, 633, 634, 635, 636, 637, 638, 639, 640, 641, 642, 643, 644, 645, 646, 647, 648, 649, 650, 651, 652, 653, 654, 655, 656, 657, 658, 659, 660, 661, 662, 663, 664, 665, 666, 667, 668, 669, 670, 671, 672, 673, 674, 675, 676, 677, 678, 679, 680, 681, 682, 683, 684, 685, 686, 687, 688, 689, 690, 691, 692, 693, 694, 695, 696, 697, 698, 699, 700, 701, 702, 703, 704, 705, 706, 707, 708, 709, 710, 711, 712, 713, 714, 715, 716, 717, 718, 719, 720, 721, 722, 723, 724, 725, 726, 727, 728, 729, 730, 731, 732, 733, 734, 735, 736, 737, 738, 739, 740, 741, 742, 743, 744, 745, 746, 747, 748, 749, 750, 751, 752, 753, 754, 755, 756, 757, 758, 759, 760, 761, 762, 763, 764, 765, 766, 767, 768, 769, 770, 771, 772, 773, 774, 775, 776, 777, 778, 779, 780, 781, 782, 783, 784, 785, 786, 787, 788, 789, 790, 791, 792, 793]",[],[],"[280, 739]","[268, 398, 399, 400, 465, 727, 848, 849, 912]","[398, 399, 400, 848, 849]",5/6 successful match,False,[746],True,782,False,,1.0,True,RJ Food & Gas ( Exxon ),Exxon
"F Madera , 93637 Family Food Mart ( Shell )",559-661-1790 CA 99 Exit 151 ( Ave 12 ),S,Madera,93637,Family Food Mart ( Shell ),559-661-1790,2006,Madera,CA,Shell,( Ave 12 ),CA 99 Exit 151 ,Exit,151,False,,False,CA 99,,,,,[],"[151, 212, 256, 266, 622, 682, 718]","[151, 212, 256, 266, 622, 682, 718]","[151, 160, 184, 207, 393, 622, 632, 655, 677, 843]","[103, 104, 105, 106, 107, 108, 109, 110, 111, 112, 113, 114, 115, 116, 117, 118, 119, 120, 121, 122, 123, 124, 125, 126, 127, 128, 129, 130, 131, 132, 133, 134, 135, 136, 137, 138, 139, 140, 141, 142, 143, 144, 145, 146, 147, 148, 149, 150, 151, 152, 153, 154, 155, 156, 157, 158, 159, 160, 161, 162, 163, 164, 165, 166, 167, 168, 169, 170, 171, 172, 173, 174, 175, 176, 177, 178, 179, 180, 181, 182, 183, 184, 185, 186, 187, 188, 189, 190, 191, 192, 193, 194, 195, 196, 197, 198, 199, 200, 201, 202, 203, 204, 205, 206, 207, 208, 209, 210, 211, 212, 213, 214, 215, 216, 217, 218, 219, 220, 221, 222, 223, 224, 225, 226, 227, 228, 229, 230, 231, 232, 233, 234, 235, 236, 237, 238, 239, 240, 241, 242, 243, 244, 245, 246, 247, 248, 249, 250, 251, 252, 253, 254, 255, 256, 257, 258, 259, 260, 261, 262, 263, 264, 265, 266, 267, 268, 269, 270, 271, 272, 273, 274, 275, 276, 277, 278, 279, 280, 281, 282, 283, 284, 285, 286, 287, 288, 289, 290, 291, 292, 293, 294, 295, 296, 297, 298, 299, 300, 301, 302, 303, 304, 305, 306, 307, 308, 309, 310, 311, 312, 313, 314, 315, 316, 317, 318, 319, 320, 321, 322, 323, 324, 325, 326, 327, 328, 329, 330, 331, 332, 333, 334, 335, 336, 337, 574, 575, 576, 577, 578, 579, 580, 581, 582, 583, 584, 585, 586, 587, 588, 589, 590, 591, 592, 593, 594, 595, 596, 597, 598, 599, 600, 601, 602, 603, 604, 605, 606, 607, 608, 609, 610, 611, 612, 613, 614, 615, 616, 617, 618, 619, 620, 621, 622, 623, 624, 625, 626, 627, 628, 629, 630, 631, 632, 633, 634, 635, 636, 637, 638, 639, 640, 641, 642, 643, 644, 645, 646, 647, 648, 649, 650, 651, 652, 653, 654, 655, 656, 657, 658, 659, 660, 661, 662, 663, 664, 665, 666, 667, 668, 669, 670, 671, 672, 673, 674, 675, 676, 677, 678, 679, 680, 681, 682, 683, 684, 685, 686, 687, 688, 689, 690, 691, 692, 693, 694, 695, 696, 697, 698, 699, 700, 701, 702, 703, 704, 705, 706, 707, 708, 709, 710, 711, 712, 713, 714, 715, 716, 717, 718, 719, 720, 721, 722, 723, 724, 725, 726, 727, 728, 729, 730, 731, 732, 733, 734, 735, 736, 737, 738, 739, 740, 741, 742, 743, 744, 745, 746, 747, 748, 749, 750, 751, 752, 753, 754, 755, 756, 757, 758, 759, 760, 761, 762, 763, 764, 765, 766, 767, 768, 769, 770, 771, 772, 773, 774, 775, 776, 777, 778, 779, 780, 781, 782, 783, 784, 785, 786, 787, 788, 789, 790, 791, 792, 793]","[10, 75, 103, 104, 106, 117, 118, 120, 127, 128, 129, 131, 133, 135, 136, 137, 139, 146, 147, 148, 149, 151, 158, 160, 162, 166, 173, 178, 179, 185, 190, 192, 198, 201, 203, 204, 206, 207, 212, 213, 214, 219, 223, 224, 225, 227, 230, 235, 237, 246, 247, 256, 259, 262, 263, 266, 268, 269, 271, 272, 278, 279, 284, 285, 288, 290, 292, 304, 306, 312, 316, 319, 320, 323, 324, 329, 332, 335, 495, 549, 574, 575, 577, 588, 589, 591, 598, 599, 600, 602, 604, 606, 607, 608, 610, 617, 618, 619, 620, 622, 625, 630, 632, 634, 638, 644, 649, 650, 656, 661, 663, 669, 673, 674, 676, 677, 682, 683, 684, 687, 688, 689, 691, 694, 699, 701, 710, 718, 722, 723, 727, 728, 730, 731, 737, 738, 743, 744, 747, 749, 751, 762, 764, 770, 774, 777, 778, 781, 782, 789, 791]","[1, 13, 14, 29, 54, 55, 56, 57, 58, 60, 102, 118, 125, 127, 130, 134, 146, 149, 153, 175, 182, 187, 189, 191, 197, 225, 230, 238, 264, 265, 266, 286, 302, 317, 336, 379, 388, 389, 425, 454, 458, 463, 475, 487, 498, 499, 512, 530, 531, 532, 533, 534, 536, 573, 589, 596, 598, 601, 605, 617, 620, 624, 646, 653, 658, 660, 662, 668, 689, 694, 702, 724, 725, 745, 760, 775, 793, 829, 838, 839, 877, 901, 903, 905, 910, 923]","[1, 13, 14, 29, 54, 55, 56, 57, 58, 60, 102, 118, 125, 127, 130, 134, 146, 149, 153, 175, 182, 187, 189, 191, 197, 225, 230, 238, 264, 265, 266, 286, 302, 317, 336, 354, 379, 388, 389, 425, 454, 458, 463, 475, 487, 498, 499, 512, 530, 531, 532, 533, 534, 536, 573, 589, 596, 598, 601, 605, 617, 620, 624, 646, 653, 658, 660, 662, 668, 689, 694, 702, 724, 725, 745, 760, 775, 793, 809, 829, 838, 839, 877, 901, 903, 905, 910, 923]","[1, 10, 13, 14, 29, 54, 55, 56, 57, 58, 60, 75, 102, 103, 104, 105, 106, 107, 108, 109, 110, 111, 112, 113, 114, 115, 116, 117, 118, 119, 120, 121, 122, 123, 124, 125, 126, 127, 128, 129, 130, 131, 132, 133, 134, 135, 136, 137, 138, 139, 140, 141, 142, 143, 144, 145, 146, 147, 148, 149, 150, 151, 152, 153, 154, 155, 156, 157, 158, 159, 160, 161, 162, 163, 164, 165, 166, 167, 168, 169, 170, 171, 172, 173, 174, 175, 176, 177, 178, 179, 180, 181, 182, 183, 184, 185, 186, 187, 188, 189, 190, 191, 192, 193, 194, 195, 196, 197, 198, 199, 200, 201, 202, 203, 204, 205, 206, 207, 208, 209, 210, 211, 212, 213, 214, 215, 216, 217, 218, 219, 220, 221, 222, 223, 224, 225, 226, 227, 228, 229, 230, 231, 232, 233, 234, 235, 236, 237, 238, 239, 240, 241, 242, 243, 244, 245, 246, 247, 248, 249, 250, 251, 252, 253, 254, 255, 256, 257, 258, 259, 260, 261, 262, 263, 264, 265, 266, 267, 268, 269, 270, 271, 272, 273, 274, 275, 276, 277, 278, 279, 280, 281, 282, 283, 284, 285, 286, 287, 288, 289, 290, 291, 292, 293, 294, 295, 296, 297, 298, 299, 300, 301, 302, 303, 304, 305, 306, 307, 308, 309, 310, 311, 312, 313, 314, 315, 316, 317, 318, 319, 320, 321, 322, 323, 324, 325, 326, 327, 328, 329, 330, 331, 332, 333, 334, 335, 336, 337, 354, 379, 388, 389, 393, 425, 454, 458, 463, 475, 487, 495, 498, 499, 512, 530, 531, 532, 533, 534, 536, 549, 573, 574, 575, 576, 577, 578, 579, 580, 581, 582, 583, 584, 585, 586, 587, 588, 589, 590, 591, 592, 593, 594, 595, 596, 597, 598, 599, 600, 601, 602, 603, 604, 605, 606, 607, 608, 609, 610, 611, 612, 613, 614, 615, 616, 617, 618, 619, 620, 621, 622, 623, 624, 625, 626, 627, 628, 629, 630, 631, 632, 633, 634, 635, 636, 637, 638, 639, 640, 641, 642, 643, 644, 645, 646, 647, 648, 649, 650, 651, 652, 653, 654, 655, 656, 657, 658, 659, 660, 661, 662, 663, 664, 665, 666, 667, 668, 669, 670, 671, 672, 673, 674, 675, 676, 677, 678, 679, 680, 681, 682, 683, 684, 685, 686, 687, 688, 689, 690, 691, 692, 693, 694, 695, 696, 697, 698, 699, 700, 701, 702, 703, 704, 705, 706, 707, 708, 709, 710, 711, 712, 713, 714, 715, 716, 717, 718, 719, 720, 721, 722, 723, 724, 725, 726, 727, 728, 729, 730, 731, 732, 733, 734, 735, 736, 737, 738, 739, 740, 741, 742, 743, 744, 745, 746, 747, 748, 749, 750, 751, 752, 753, 754, 755, 756, 757, 758, 759, 760, 761, 762, 763, 764, 765, 766, 767, 768, 769, 770, 771, 772, 773, 774, 775, 776, 777, 778, 779, 780, 781, 782, 783, 784, 785, 786, 787, 788, 789, 790, 791, 792, 793, 809, 829, 838, 839, 843, 877, 901, 903, 905, 910, 923]",False,"[151, 212, 256, 266, 622, 682, 718]","[103, 104, 105, 106, 107, 108, 109, 110, 111, 112, 113, 114, 115, 116, 117, 118, 119, 120, 121, 122, 123, 124, 125, 126, 127, 128, 129, 130, 131, 132, 133, 134, 135, 136, 137, 138, 139, 140, 141, 142, 143, 144, 145, 146, 147, 148, 149, 150, 151, 152, 153, 154, 155, 156, 157, 158, 159, 160, 161, 162, 163, 164, 165, 166, 167, 168, 169, 170, 171, 172, 173, 174, 175, 176, 177, 178, 179, 180, 181, 182, 183, 184, 185, 186, 187, 188, 189, 190, 191, 192, 193, 194, 195, 196, 197, 198, 199, 200, 201, 202, 203, 204, 205, 206, 207, 208, 209, 210, 211, 212, 213, 214, 215, 216, 217, 218, 219, 220, 221, 222, 223, 224, 225, 226, 227, 228, 229, 230, 231, 232, 233, 234, 235, 236, 237, 238, 239, 240, 241, 242, 243, 244, 245, 246, 247, 248, 249, 250, 251, 252, 253, 254, 255, 256, 257, 258, 259, 260, 261, 262, 263, 264, 265, 266, 267, 268, 269, 270, 271, 272, 273, 274, 275, 276, 277, 278, 279, 280, 281, 282, 283, 284, 285, 286, 287, 288, 289, 290, 291, 292, 293, 294, 295, 296, 297, 298, 299, 300, 301, 302, 303, 304, 305, 306, 307, 308, 309, 310, 311, 312, 313, 314, 315, 316, 317, 318, 319, 320, 321, 322, 323, 324, 325, 326, 327, 328, 329, 330, 331, 332, 333, 334, 335, 336, 337, 574, 575, 576, 577, 578, 579, 580, 581, 582, 583, 584, 585, 586, 587, 588, 589, 590, 591, 592, 593, 594, 595, 596, 597, 598, 599, 600, 601, 602, 603, 604, 605, 606, 607, 608, 609, 610, 611, 612, 613, 614, 615, 616, 617, 618, 619, 620, 621, 622, 623, 624, 625, 626, 627, 628, 629, 630, 631, 632, 633, 634, 635, 636, 637, 638, 639, 640, 641, 642, 643, 644, 645, 646, 647, 648, 649, 650, 651, 652, 653, 654, 655, 656, 657, 658, 659, 660, 661, 662, 663, 664, 665, 666, 667, 668, 669, 670, 671, 672, 673, 674, 675, 676, 677, 678, 679, 680, 681, 682, 683, 684, 685, 686, 687, 688, 689, 690, 691, 692, 693, 694, 695, 696, 697, 698, 699, 700, 701, 702, 703, 704, 705, 706, 707, 708, 709, 710, 711, 712, 713, 714, 715, 716, 717, 718, 719, 720, 721, 722, 723, 724, 725, 726, 727, 728, 729, 730, 731, 732, 733, 734, 735, 736, 737, 738, 739, 740, 741, 742, 743, 744, 745, 746, 747, 748, 749, 750, 751, 752, 753, 754, 755, 756, 757, 758, 759, 760, 761, 762, 763, 764, 765, 766, 767, 768, 769, 770, 771, 772, 773, 774, 775, 776, 777, 778, 779, 780, 781, 782, 783, 784, 785, 786, 787, 788, 789, 790, 791, 792, 793]","[151, 212, 256, 266, 622, 682, 718]","[151, 160, 184, 207, 393, 622, 632, 655, 677, 843]","[10, 75, 103, 104, 106, 117, 118, 120, 127, 128, 129, 131, 133, 135, 136, 137, 139, 146, 147, 148, 149, 151, 158, 160, 162, 166, 173, 178, 179, 185, 190, 192, 198, 201, 203, 204, 206, 207, 212, 213, 214, 219, 223, 224, 225, 227, 230, 235, 237, 246, 247, 256, 259, 262, 263, 266, 268, 269, 271, 272, 278, 279, 284, 285, 288, 290, 292, 304, 306, 312, 316, 319, 320, 323, 324, 329, 332, 335, 495, 549, 574, 575, 577, 588, 589, 591, 598, 599, 600, 602, 604, 606, 607, 608, 610, 617, 618, 619, 620, 622, 625, 630, 632, 634, 638, 644, 649, 650, 656, 661, 663, 669, 673, 674, 676, 677, 682, 683, 684, 687, 688, 689, 691, 694, 699, 701, 710, 718, 722, 723, 727, 728, 730, 731, 737, 738, 743, 744, 747, 749, 751, 762, 764, 770, 774, 777, 778, 781, 782, 789, 791]","[1, 13, 14, 29, 54, 55, 56, 57, 58, 60, 102, 118, 125, 127, 130, 134, 146, 149, 153, 175, 182, 187, 189, 191, 197, 225, 230, 238, 264, 265, 266, 286, 302, 317, 336, 354, 379, 388, 389, 425, 454, 458, 463, 475, 487, 498, 499, 512, 530, 531, 532, 533, 534, 536, 573, 589, 596, 598, 601, 605, 617, 620, 624, 646, 653, 658, 660, 662, 668, 689, 694, 702, 724, 725, 745, 760, 775, 793, 809, 829, 838, 839, 877, 901, 903, 905, 910, 923]","[1, 13, 14, 29, 54, 55, 56, 57, 58, 60, 102, 118, 125, 127, 130, 134, 146, 149, 153, 175, 182, 187, 189, 191, 197, 225, 230, 238, 264, 265, 266, 286, 302, 317, 336, 379, 388, 389, 425, 454, 458, 463, 475, 487, 498, 499, 512, 530, 531, 532, 533, 534, 536, 573, 589, 596, 598, 601, 605, 617, 620, 624, 646, 653, 658, 660, 662, 668, 689, 694, 702, 724, 725, 745, 760, 775, 793, 829, 838, 839, 877, 901, 903, 905, 910, 923]",7/6 successful match,False,,False,783,False,,,,,
"F Madera , 93637 Family Food Mart ( Shell )",3 559-661-1790 CA 99 Exit 151 ( Ave 12 ),24 48 S,Madera,93637,Family Food Mart ( Shell ),559-661-1790,2007,Madera,CA,Shell,( Ave 12 ),CA 99 Exit 151 ,Exit,151,False,,False,CA 99,,,,,[],"[151, 212, 256, 266, 622, 682, 718]","[151, 212, 256, 266, 622, 682, 718]","[151, 160, 184, 207, 393, 622, 632, 655, 677, 843]","[103, 104, 105, 106, 107, 108, 109, 110, 111, 112, 113, 114, 115, 116, 117, 118, 119, 120, 121, 122, 123, 124, 125, 126, 127, 128, 129, 130, 131, 132, 133, 134, 135, 136, 137, 138, 139, 140, 141, 142, 143, 144, 145, 146, 147, 148, 149, 150, 151, 152, 153, 154, 155, 156, 157, 158, 159, 160, 161, 162, 163, 164, 165, 166, 167, 168, 169, 170, 171, 172, 173, 174, 175, 176, 177, 178, 179, 180, 181, 182, 183, 184, 185, 186, 187, 188, 189, 190, 191, 192, 193, 194, 195, 196, 197, 198, 199, 200, 201, 202, 203, 204, 205, 206, 207, 208, 209, 210, 211, 212, 213, 214, 215, 216, 217, 218, 219, 220, 221, 222, 223, 224, 225, 226, 227, 228, 229, 230, 231, 232, 233, 234, 235, 236, 237, 238, 239, 240, 241, 242, 243, 244, 245, 246, 247, 248, 249, 250, 251, 252, 253, 254, 255, 256, 257, 258, 259, 260, 261, 262, 263, 264, 265, 266, 267, 268, 269, 270, 271, 272, 273, 274, 275, 276, 277, 278, 279, 280, 281, 282, 283, 284, 285, 286, 287, 288, 289, 290, 291, 292, 293, 294, 295, 296, 297, 298, 299, 300, 301, 302, 303, 304, 305, 306, 307, 308, 309, 310, 311, 312, 313, 314, 315, 316, 317, 318, 319, 320, 321, 322, 323, 324, 325, 326, 327, 328, 329, 330, 331, 332, 333, 334, 335, 336, 337, 574, 575, 576, 577, 578, 579, 580, 581, 582, 583, 584, 585, 586, 587, 588, 589, 590, 591, 592, 593, 594, 595, 596, 597, 598, 599, 600, 601, 602, 603, 604, 605, 606, 607, 608, 609, 610, 611, 612, 613, 614, 615, 616, 617, 618, 619, 620, 621, 622, 623, 624, 625, 626, 627, 628, 629, 630, 631, 632, 633, 634, 635, 636, 637, 638, 639, 640, 641, 642, 643, 644, 645, 646, 647, 648, 649, 650, 651, 652, 653, 654, 655, 656, 657, 658, 659, 660, 661, 662, 663, 664, 665, 666, 667, 668, 669, 670, 671, 672, 673, 674, 675, 676, 677, 678, 679, 680, 681, 682, 683, 684, 685, 686, 687, 688, 689, 690, 691, 692, 693, 694, 695, 696, 697, 698, 699, 700, 701, 702, 703, 704, 705, 706, 707, 708, 709, 710, 711, 712, 713, 714, 715, 716, 717, 718, 719, 720, 721, 722, 723, 724, 725, 726, 727, 728, 729, 730, 731, 732, 733, 734, 735, 736, 737, 738, 739, 740, 741, 742, 743, 744, 745, 746, 747, 748, 749, 750, 751, 752, 753, 754, 755, 756, 757, 758, 759, 760, 761, 762, 763, 764, 765, 766, 767, 768, 769, 770, 771, 772, 773, 774, 775, 776, 777, 778, 779, 780, 781, 782, 783, 784, 785, 786, 787, 788, 789, 790, 791, 792, 793]","[10, 75, 103, 104, 106, 117, 118, 120, 127, 128, 129, 131, 133, 135, 136, 137, 139, 146, 147, 148, 149, 151, 158, 160, 162, 166, 173, 178, 179, 185, 190, 192, 198, 201, 203, 204, 206, 207, 212, 213, 214, 219, 223, 224, 225, 227, 230, 235, 237, 246, 247, 256, 259, 262, 263, 266, 268, 269, 271, 272, 278, 279, 284, 285, 288, 290, 292, 304, 306, 312, 316, 319, 320, 323, 324, 329, 332, 335, 495, 549, 574, 575, 577, 588, 589, 591, 598, 599, 600, 602, 604, 606, 607, 608, 610, 617, 618, 619, 620, 622, 625, 630, 632, 634, 638, 644, 649, 650, 656, 661, 663, 669, 673, 674, 676, 677, 682, 683, 684, 687, 688, 689, 691, 694, 699, 701, 710, 718, 722, 723, 727, 728, 730, 731, 737, 738, 743, 744, 747, 749, 751, 762, 764, 770, 774, 777, 778, 781, 782, 789, 791]","[1, 13, 14, 29, 54, 55, 56, 57, 58, 60, 102, 118, 125, 127, 130, 134, 146, 149, 153, 175, 182, 187, 189, 191, 197, 225, 230, 238, 264, 265, 266, 286, 302, 317, 336, 379, 388, 389, 425, 454, 458, 463, 475, 487, 498, 499, 512, 530, 531, 532, 533, 534, 536, 573, 589, 596, 598, 601, 605, 617, 620, 624, 646, 653, 658, 660, 662, 668, 689, 694, 702, 724, 725, 745, 760, 775, 793, 829, 838, 839, 877, 901, 903, 905, 910, 923]","[1, 13, 14, 29, 54, 55, 56, 57, 58, 60, 102, 118, 125, 127, 130, 134, 146, 149, 153, 175, 182, 187, 189, 191, 197, 225, 230, 238, 264, 265, 266, 286, 302, 317, 336, 354, 379, 388, 389, 425, 454, 458, 463, 475, 487, 498, 499, 512, 530, 531, 532, 533, 534, 536, 573, 589, 596, 598, 601, 605, 617, 620, 624, 646, 653, 658, 660, 662, 668, 689, 694, 702, 724, 725, 745, 760, 775, 793, 809, 829, 838, 839, 877, 901, 903, 905, 910, 923]","[1, 10, 13, 14, 29, 54, 55, 56, 57, 58, 60, 75, 102, 103, 104, 105, 106, 107, 108, 109, 110, 111, 112, 113, 114, 115, 116, 117, 118, 119, 120, 121, 122, 123, 124, 125, 126, 127, 128, 129, 130, 131, 132, 133, 134, 135, 136, 137, 138, 139, 140, 141, 142, 143, 144, 145, 146, 147, 148, 149, 150, 151, 152, 153, 154, 155, 156, 157, 158, 159, 160, 161, 162, 163, 164, 165, 166, 167, 168, 169, 170, 171, 172, 173, 174, 175, 176, 177, 178, 179, 180, 181, 182, 183, 184, 185, 186, 187, 188, 189, 190, 191, 192, 193, 194, 195, 196, 197, 198, 199, 200, 201, 202, 203, 204, 205, 206, 207, 208, 209, 210, 211, 212, 213, 214, 215, 216, 217, 218, 219, 220, 221, 222, 223, 224, 225, 226, 227, 228, 229, 230, 231, 232, 233, 234, 235, 236, 237, 238, 239, 240, 241, 242, 243, 244, 245, 246, 247, 248, 249, 250, 251, 252, 253, 254, 255, 256, 257, 258, 259, 260, 261, 262, 263, 264, 265, 266, 267, 268, 269, 270, 271, 272, 273, 274, 275, 276, 277, 278, 279, 280, 281, 282, 283, 284, 285, 286, 287, 288, 289, 290, 291, 292, 293, 294, 295, 296, 297, 298, 299, 300, 301, 302, 303, 304, 305, 306, 307, 308, 309, 310, 311, 312, 313, 314, 315, 316, 317, 318, 319, 320, 321, 322, 323, 324, 325, 326, 327, 328, 329, 330, 331, 332, 333, 334, 335, 336, 337, 354, 379, 388, 389, 393, 425, 454, 458, 463, 475, 487, 495, 498, 499, 512, 530, 531, 532, 533, 534, 536, 549, 573, 574, 575, 576, 577, 578, 579, 580, 581, 582, 583, 584, 585, 586, 587, 588, 589, 590, 591, 592, 593, 594, 595, 596, 597, 598, 599, 600, 601, 602, 603, 604, 605, 606, 607, 608, 609, 610, 611, 612, 613, 614, 615, 616, 617, 618, 619, 620, 621, 622, 623, 624, 625, 626, 627, 628, 629, 630, 631, 632, 633, 634, 635, 636, 637, 638, 639, 640, 641, 642, 643, 644, 645, 646, 647, 648, 649, 650, 651, 652, 653, 654, 655, 656, 657, 658, 659, 660, 661, 662, 663, 664, 665, 666, 667, 668, 669, 670, 671, 672, 673, 674, 675, 676, 677, 678, 679, 680, 681, 682, 683, 684, 685, 686, 687, 688, 689, 690, 691, 692, 693, 694, 695, 696, 697, 698, 699, 700, 701, 702, 703, 704, 705, 706, 707, 708, 709, 710, 711, 712, 713, 714, 715, 716, 717, 718, 719, 720, 721, 722, 723, 724, 725, 726, 727, 728, 729, 730, 731, 732, 733, 734, 735, 736, 737, 738, 739, 740, 741, 742, 743, 744, 745, 746, 747, 748, 749, 750, 751, 752, 753, 754, 755, 756, 757, 758, 759, 760, 761, 762, 763, 764, 765, 766, 767, 768, 769, 770, 771, 772, 773, 774, 775, 776, 777, 778, 779, 780, 781, 782, 783, 784, 785, 786, 787, 788, 789, 790, 791, 792, 793, 809, 829, 838, 839, 843, 877, 901, 903, 905, 910, 923]",False,"[151, 212, 256, 266, 622, 682, 718]","[103, 104, 105, 106, 107, 108, 109, 110, 111, 112, 113, 114, 115, 116, 117, 118, 119, 120, 121, 122, 123, 124, 125, 126, 127, 128, 129, 130, 131, 132, 133, 134, 135, 136, 137, 138, 139, 140, 141, 142, 143, 144, 145, 146, 147, 148, 149, 150, 151, 152, 153, 154, 155, 156, 157, 158, 159, 160, 161, 162, 163, 164, 165, 166, 167, 168, 169, 170, 171, 172, 173, 174, 175, 176, 177, 178, 179, 180, 181, 182, 183, 184, 185, 186, 187, 188, 189, 190, 191, 192, 193, 194, 195, 196, 197, 198, 199, 200, 201, 202, 203, 204, 205, 206, 207, 208, 209, 210, 211, 212, 213, 214, 215, 216, 217, 218, 219, 220, 221, 222, 223, 224, 225, 226, 227, 228, 229, 230, 231, 232, 233, 234, 235, 236, 237, 238, 239, 240, 241, 242, 243, 244, 245, 246, 247, 248, 249, 250, 251, 252, 253, 254, 255, 256, 257, 258, 259, 260, 261, 262, 263, 264, 265, 266, 267, 268, 269, 270, 271, 272, 273, 274, 275, 276, 277, 278, 279, 280, 281, 282, 283, 284, 285, 286, 287, 288, 289, 290, 291, 292, 293, 294, 295, 296, 297, 298, 299, 300, 301, 302, 303, 304, 305, 306, 307, 308, 309, 310, 311, 312, 313, 314, 315, 316, 317, 318, 319, 320, 321, 322, 323, 324, 325, 326, 327, 328, 329, 330, 331, 332, 333, 334, 335, 336, 337, 574, 575, 576, 577, 578, 579, 580, 581, 582, 583, 584, 585, 586, 587, 588, 589, 590, 591, 592, 593, 594, 595, 596, 597, 598, 599, 600, 601, 602, 603, 604, 605, 606, 607, 608, 609, 610, 611, 612, 613, 614, 615, 616, 617, 618, 619, 620, 621, 622, 623, 624, 625, 626, 627, 628, 629, 630, 631, 632, 633, 634, 635, 636, 637, 638, 639, 640, 641, 642, 643, 644, 645, 646, 647, 648, 649, 650, 651, 652, 653, 654, 655, 656, 657, 658, 659, 660, 661, 662, 663, 664, 665, 666, 667, 668, 669, 670, 671, 672, 673, 674, 675, 676, 677, 678, 679, 680, 681, 682, 683, 684, 685, 686, 687, 688, 689, 690, 691, 692, 693, 694, 695, 696, 697, 698, 699, 700, 701, 702, 703, 704, 705, 706, 707, 708, 709, 710, 711, 712, 713, 714, 715, 716, 717, 718, 719, 720, 721, 722, 723, 724, 725, 726, 727, 728, 729, 730, 731, 732, 733, 734, 735, 736, 737, 738, 739, 740, 741, 742, 743, 744, 745, 746, 747, 748, 749, 750, 751, 752, 753, 754, 755, 756, 757, 758, 759, 760, 761, 762, 763, 764, 765, 766, 767, 768, 769, 770, 771, 772, 773, 774, 775, 776, 777, 778, 779, 780, 781, 782, 783, 784, 785, 786, 787, 788, 789, 790, 791, 792, 793]","[151, 212, 256, 266, 622, 682, 718]","[151, 160, 184, 207, 393, 622, 632, 655, 677, 843]","[10, 75, 103, 104, 106, 117, 118, 120, 127, 128, 129, 131, 133, 135, 136, 137, 139, 146, 147, 148, 149, 151, 158, 160, 162, 166, 173, 178, 179, 185, 190, 192, 198, 201, 203, 204, 206, 207, 212, 213, 214, 219, 223, 224, 225, 227, 230, 235, 237, 246, 247, 256, 259, 262, 263, 266, 268, 269, 271, 272, 278, 279, 284, 285, 288, 290, 292, 304, 306, 312, 316, 319, 320, 323, 324, 329, 332, 335, 495, 549, 574, 575, 577, 588, 589, 591, 598, 599, 600, 602, 604, 606, 607, 608, 610, 617, 618, 619, 620, 622, 625, 630, 632, 634, 638, 644, 649, 650, 656, 661, 663, 669, 673, 674, 676, 677, 682, 683, 684, 687, 688, 689, 691, 694, 699, 701, 710, 718, 722, 723, 727, 728, 730, 731, 737, 738, 743, 744, 747, 749, 751, 762, 764, 770, 774, 777, 778, 781, 782, 789, 791]","[1, 13, 14, 29, 54, 55, 56, 57, 58, 60, 102, 118, 125, 127, 130, 134, 146, 149, 153, 175, 182, 187, 189, 191, 197, 225, 230, 238, 264, 265, 266, 286, 302, 317, 336, 354, 379, 388, 389, 425, 454, 458, 463, 475, 487, 498, 499, 512, 530, 531, 532, 533, 534, 536, 573, 589, 596, 598, 601, 605, 617, 620, 624, 646, 653, 658, 660, 662, 668, 689, 694, 702, 724, 725, 745, 760, 775, 793, 809, 829, 838, 839, 877, 901, 903, 905, 910, 923]","[1, 13, 14, 29, 54, 55, 56, 57, 58, 60, 102, 118, 125, 127, 130, 134, 146, 149, 153, 175, 182, 187, 189, 191, 197, 225, 230, 238, 264, 265, 266, 286, 302, 317, 336, 379, 388, 389, 425, 454, 458, 463, 475, 487, 498, 499, 512, 530, 531, 532, 533, 534, 536, 573, 589, 596, 598, 601, 605, 617, 620, 624, 646, 653, 658, 660, 662, 668, 689, 694, 702, 724, 725, 745, 760, 775, 793, 829, 838, 839, 877, 901, 903, 905, 910, 923]",7/6 successful match,False,,False,783,False,,1.0,True,Family Food Mart ( Shell ),Shell
"Madera , 93637 Family Food Mart ( Shell )",3 559-661-1790 CA 99 Exit 151 ( Ave 12 ),HRS 24 S <U+2610>,Madera,93637,Family Food Mart ( Shell ),559-661-1790,2008,Madera,CA,Shell,( Ave 12 ),CA 99 Exit 151 ,Exit,151,False,,False,CA 99,,,,,[],"[151, 212, 256, 266, 622, 682, 718]","[151, 212, 256, 266, 622, 682, 718]","[151, 160, 184, 207, 393, 622, 632, 655, 677, 843]","[103, 104, 105, 106, 107, 108, 109, 110, 111, 112, 113, 114, 115, 116, 117, 118, 119, 120, 121, 122, 123, 124, 125, 126, 127, 128, 129, 130, 131, 132, 133, 134, 135, 136, 137, 138, 139, 140, 141, 142, 143, 144, 145, 146, 147, 148, 149, 150, 151, 152, 153, 154, 155, 156, 157, 158, 159, 160, 161, 162, 163, 164, 165, 166, 167, 168, 169, 170, 171, 172, 173, 174, 175, 176, 177, 178, 179, 180, 181, 182, 183, 184, 185, 186, 187, 188, 189, 190, 191, 192, 193, 194, 195, 196, 197, 198, 199, 200, 201, 202, 203, 204, 205, 206, 207, 208, 209, 210, 211, 212, 213, 214, 215, 216, 217, 218, 219, 220, 221, 222, 223, 224, 225, 226, 227, 228, 229, 230, 231, 232, 233, 234, 235, 236, 237, 238, 239, 240, 241, 242, 243, 244, 245, 246, 247, 248, 249, 250, 251, 252, 253, 254, 255, 256, 257, 258, 259, 260, 261, 262, 263, 264, 265, 266, 267, 268, 269, 270, 271, 272, 273, 274, 275, 276, 277, 278, 279, 280, 281, 282, 283, 284, 285, 286, 287, 288, 289, 290, 291, 292, 293, 294, 295, 296, 297, 298, 299, 300, 301, 302, 303, 304, 305, 306, 307, 308, 309, 310, 311, 312, 313, 314, 315, 316, 317, 318, 319, 320, 321, 322, 323, 324, 325, 326, 327, 328, 329, 330, 331, 332, 333, 334, 335, 336, 337, 574, 575, 576, 577, 578, 579, 580, 581, 582, 583, 584, 585, 586, 587, 588, 589, 590, 591, 592, 593, 594, 595, 596, 597, 598, 599, 600, 601, 602, 603, 604, 605, 606, 607, 608, 609, 610, 611, 612, 613, 614, 615, 616, 617, 618, 619, 620, 621, 622, 623, 624, 625, 626, 627, 628, 629, 630, 631, 632, 633, 634, 635, 636, 637, 638, 639, 640, 641, 642, 643, 644, 645, 646, 647, 648, 649, 650, 651, 652, 653, 654, 655, 656, 657, 658, 659, 660, 661, 662, 663, 664, 665, 666, 667, 668, 669, 670, 671, 672, 673, 674, 675, 676, 677, 678, 679, 680, 681, 682, 683, 684, 685, 686, 687, 688, 689, 690, 691, 692, 693, 694, 695, 696, 697, 698, 699, 700, 701, 702, 703, 704, 705, 706, 707, 708, 709, 710, 711, 712, 713, 714, 715, 716, 717, 718, 719, 720, 721, 722, 723, 724, 725, 726, 727, 728, 729, 730, 731, 732, 733, 734, 735, 736, 737, 738, 739, 740, 741, 742, 743, 744, 745, 746, 747, 748, 749, 750, 751, 752, 753, 754, 755, 756, 757, 758, 759, 760, 761, 762, 763, 764, 765, 766, 767, 768, 769, 770, 771, 772, 773, 774, 775, 776, 777, 778, 779, 780, 781, 782, 783, 784, 785, 786, 787, 788, 789, 790, 791, 792, 793]","[10, 75, 103, 104, 106, 117, 118, 120, 127, 128, 129, 131, 133, 135, 136, 137, 139, 146, 147, 148, 149, 151, 158, 160, 162, 166, 173, 178, 179, 185, 190, 192, 198, 201, 203, 204, 206, 207, 212, 213, 214, 219, 223, 224, 225, 227, 230, 235, 237, 246, 247, 256, 259, 262, 263, 266, 268, 269, 271, 272, 278, 279, 284, 285, 288, 290, 292, 304, 306, 312, 316, 319, 320, 323, 324, 329, 332, 335, 495, 549, 574, 575, 577, 588, 589, 591, 598, 599, 600, 602, 604, 606, 607, 608, 610, 617, 618, 619, 620, 622, 625, 630, 632, 634, 638, 644, 649, 650, 656, 661, 663, 669, 673, 674, 676, 677, 682, 683, 684, 687, 688, 689, 691, 694, 699, 701, 710, 718, 722, 723, 727, 728, 730, 731, 737, 738, 743, 744, 747, 749, 751, 762, 764, 770, 774, 777, 778, 781, 782, 789, 791]","[1, 13, 14, 29, 54, 55, 56, 57, 58, 60, 102, 118, 125, 127, 130, 134, 146, 149, 153, 175, 182, 187, 189, 191, 197, 225, 230, 238, 264, 265, 266, 286, 302, 317, 336, 379, 388, 389, 425, 454, 458, 463, 475, 487, 498, 499, 512, 530, 531, 532, 533, 534, 536, 573, 589, 596, 598, 601, 605, 617, 620, 624, 646, 653, 658, 660, 662, 668, 689, 694, 702, 724, 725, 745, 760, 775, 793, 829, 838, 839, 877, 901, 903, 905, 910, 923]","[1, 13, 14, 29, 54, 55, 56, 57, 58, 60, 102, 118, 125, 127, 130, 134, 146, 149, 153, 175, 182, 187, 189, 191, 197, 225, 230, 238, 264, 265, 266, 286, 302, 317, 336, 354, 379, 388, 389, 425, 454, 458, 463, 475, 487, 498, 499, 512, 530, 531, 532, 533, 534, 536, 573, 589, 596, 598, 601, 605, 617, 620, 624, 646, 653, 658, 660, 662, 668, 689, 694, 702, 724, 725, 745, 760, 775, 793, 809, 829, 838, 839, 877, 901, 903, 905, 910, 923]","[1, 10, 13, 14, 29, 54, 55, 56, 57, 58, 60, 75, 102, 103, 104, 105, 106, 107, 108, 109, 110, 111, 112, 113, 114, 115, 116, 117, 118, 119, 120, 121, 122, 123, 124, 125, 126, 127, 128, 129, 130, 131, 132, 133, 134, 135, 136, 137, 138, 139, 140, 141, 142, 143, 144, 145, 146, 147, 148, 149, 150, 151, 152, 153, 154, 155, 156, 157, 158, 159, 160, 161, 162, 163, 164, 165, 166, 167, 168, 169, 170, 171, 172, 173, 174, 175, 176, 177, 178, 179, 180, 181, 182, 183, 184, 185, 186, 187, 188, 189, 190, 191, 192, 193, 194, 195, 196, 197, 198, 199, 200, 201, 202, 203, 204, 205, 206, 207, 208, 209, 210, 211, 212, 213, 214, 215, 216, 217, 218, 219, 220, 221, 222, 223, 224, 225, 226, 227, 228, 229, 230, 231, 232, 233, 234, 235, 236, 237, 238, 239, 240, 241, 242, 243, 244, 245, 246, 247, 248, 249, 250, 251, 252, 253, 254, 255, 256, 257, 258, 259, 260, 261, 262, 263, 264, 265, 266, 267, 268, 269, 270, 271, 272, 273, 274, 275, 276, 277, 278, 279, 280, 281, 282, 283, 284, 285, 286, 287, 288, 289, 290, 291, 292, 293, 294, 295, 296, 297, 298, 299, 300, 301, 302, 303, 304, 305, 306, 307, 308, 309, 310, 311, 312, 313, 314, 315, 316, 317, 318, 319, 320, 321, 322, 323, 324, 325, 326, 327, 328, 329, 330, 331, 332, 333, 334, 335, 336, 337, 354, 379, 388, 389, 393, 425, 454, 458, 463, 475, 487, 495, 498, 499, 512, 530, 531, 532, 533, 534, 536, 549, 573, 574, 575, 576, 577, 578, 579, 580, 581, 582, 583, 584, 585, 586, 587, 588, 589, 590, 591, 592, 593, 594, 595, 596, 597, 598, 599, 600, 601, 602, 603, 604, 605, 606, 607, 608, 609, 610, 611, 612, 613, 614, 615, 616, 617, 618, 619, 620, 621, 622, 623, 624, 625, 626, 627, 628, 629, 630, 631, 632, 633, 634, 635, 636, 637, 638, 639, 640, 641, 642, 643, 644, 645, 646, 647, 648, 649, 650, 651, 652, 653, 654, 655, 656, 657, 658, 659, 660, 661, 662, 663, 664, 665, 666, 667, 668, 669, 670, 671, 672, 673, 674, 675, 676, 677, 678, 679, 680, 681, 682, 683, 684, 685, 686, 687, 688, 689, 690, 691, 692, 693, 694, 695, 696, 697, 698, 699, 700, 701, 702, 703, 704, 705, 706, 707, 708, 709, 710, 711, 712, 713, 714, 715, 716, 717, 718, 719, 720, 721, 722, 723, 724, 725, 726, 727, 728, 729, 730, 731, 732, 733, 734, 735, 736, 737, 738, 739, 740, 741, 742, 743, 744, 745, 746, 747, 748, 749, 750, 751, 752, 753, 754, 755, 756, 757, 758, 759, 760, 761, 762, 763, 764, 765, 766, 767, 768, 769, 770, 771, 772, 773, 774, 775, 776, 777, 778, 779, 780, 781, 782, 783, 784, 785, 786, 787, 788, 789, 790, 791, 792, 793, 809, 829, 838, 839, 843, 877, 901, 903, 905, 910, 923]",False,"[151, 212, 256, 266, 622, 682, 718]","[103, 104, 105, 106, 107, 108, 109, 110, 111, 112, 113, 114, 115, 116, 117, 118, 119, 120, 121, 122, 123, 124, 125, 126, 127, 128, 129, 130, 131, 132, 133, 134, 135, 136, 137, 138, 139, 140, 141, 142, 143, 144, 145, 146, 147, 148, 149, 150, 151, 152, 153, 154, 155, 156, 157, 158, 159, 160, 161, 162, 163, 164, 165, 166, 167, 168, 169, 170, 171, 172, 173, 174, 175, 176, 177, 178, 179, 180, 181, 182, 183, 184, 185, 186, 187, 188, 189, 190, 191, 192, 193, 194, 195, 196, 197, 198, 199, 200, 201, 202, 203, 204, 205, 206, 207, 208, 209, 210, 211, 212, 213, 214, 215, 216, 217, 218, 219, 220, 221, 222, 223, 224, 225, 226, 227, 228, 229, 230, 231, 232, 233, 234, 235, 236, 237, 238, 239, 240, 241, 242, 243, 244, 245, 246, 247, 248, 249, 250, 251, 252, 253, 254, 255, 256, 257, 258, 259, 260, 261, 262, 263, 264, 265, 266, 267, 268, 269, 270, 271, 272, 273, 274, 275, 276, 277, 278, 279, 280, 281, 282, 283, 284, 285, 286, 287, 288, 289, 290, 291, 292, 293, 294, 295, 296, 297, 298, 299, 300, 301, 302, 303, 304, 305, 306, 307, 308, 309, 310, 311, 312, 313, 314, 315, 316, 317, 318, 319, 320, 321, 322, 323, 324, 325, 326, 327, 328, 329, 330, 331, 332, 333, 334, 335, 336, 337, 574, 575, 576, 577, 578, 579, 580, 581, 582, 583, 584, 585, 586, 587, 588, 589, 590, 591, 592, 593, 594, 595, 596, 597, 598, 599, 600, 601, 602, 603, 604, 605, 606, 607, 608, 609, 610, 611, 612, 613, 614, 615, 616, 617, 618, 619, 620, 621, 622, 623, 624, 625, 626, 627, 628, 629, 630, 631, 632, 633, 634, 635, 636, 637, 638, 639, 640, 641, 642, 643, 644, 645, 646, 647, 648, 649, 650, 651, 652, 653, 654, 655, 656, 657, 658, 659, 660, 661, 662, 663, 664, 665, 666, 667, 668, 669, 670, 671, 672, 673, 674, 675, 676, 677, 678, 679, 680, 681, 682, 683, 684, 685, 686, 687, 688, 689, 690, 691, 692, 693, 694, 695, 696, 697, 698, 699, 700, 701, 702, 703, 704, 705, 706, 707, 708, 709, 710, 711, 712, 713, 714, 715, 716, 717, 718, 719, 720, 721, 722, 723, 724, 725, 726, 727, 728, 729, 730, 731, 732, 733, 734, 735, 736, 737, 738, 739, 740, 741, 742, 743, 744, 745, 746, 747, 748, 749, 750, 751, 752, 753, 754, 755, 756, 757, 758, 759, 760, 761, 762, 763, 764, 765, 766, 767, 768, 769, 770, 771, 772, 773, 774, 775, 776, 777, 778, 779, 780, 781, 782, 783, 784, 785, 786, 787, 788, 789, 790, 791, 792, 793]","[151, 212, 256, 266, 622, 682, 718]","[151, 160, 184, 207, 393, 622, 632, 655, 677, 843]","[10, 75, 103, 104, 106, 117, 118, 120, 127, 128, 129, 131, 133, 135, 136, 137, 139, 146, 147, 148, 149, 151, 158, 160, 162, 166, 173, 178, 179, 185, 190, 192, 198, 201, 203, 204, 206, 207, 212, 213, 214, 219, 223, 224, 225, 227, 230, 235, 237, 246, 247, 256, 259, 262, 263, 266, 268, 269, 271, 272, 278, 279, 284, 285, 288, 290, 292, 304, 306, 312, 316, 319, 320, 323, 324, 329, 332, 335, 495, 549, 574, 575, 577, 588, 589, 591, 598, 599, 600, 602, 604, 606, 607, 608, 610, 617, 618, 619, 620, 622, 625, 630, 632, 634, 638, 644, 649, 650, 656, 661, 663, 669, 673, 674, 676, 677, 682, 683, 684, 687, 688, 689, 691, 694, 699, 701, 710, 718, 722, 723, 727, 728, 730, 731, 737, 738, 743, 744, 747, 749, 751, 762, 764, 770, 774, 777, 778, 781, 782, 789, 791]","[1, 13, 14, 29, 54, 55, 56, 57, 58, 60, 102, 118, 125, 127, 130, 134, 146, 149, 153, 175, 182, 187, 189, 191, 197, 225, 230, 238, 264, 265, 266, 286, 302, 317, 336, 354, 379, 388, 389, 425, 454, 458, 463, 475, 487, 498, 499, 512, 530, 531, 532, 533, 534, 536, 573, 589, 596, 598, 601, 605, 617, 620, 624, 646, 653, 658, 660, 662, 668, 689, 694, 702, 724, 725, 745, 760, 775, 793, 809, 829, 838, 839, 877, 901, 903, 905, 910, 923]","[1, 13, 14, 29, 54, 55, 56, 57, 58, 60, 102, 118, 125, 127, 130, 134, 146, 149, 153, 175, 182, 187, 189, 191, 197, 225, 230, 238, 264, 265, 266, 286, 302, 317, 336, 379, 388, 389, 425, 454, 458, 463, 475, 487, 498, 499, 512, 530, 531, 532, 533, 534, 536, 573, 589, 596, 598, 601, 605, 617, 620, 624, 646, 653, 658, 660, 662, 668, 689, 694, 702, 724, 725, 745, 760, 775, 793, 829, 838, 839, 877, 901, 903, 905, 910, 923]",7/6 successful match,False,,False,783,False,,1.0,True,Family Food Mart ( Shell ),Shell
"F Selma , 93662 Everest Petroleum",559-896-2744 CA 99 Exit 118 ( Floral Ave W ),24 49 <U+2610>,Selma,93662,Everest Petroleum,559-896-2744,2006,Selma,CA,,( Floral Ave W ),CA 99 Exit 118 ,Exit,118,False,,False,CA 99,,,,,[],"[230, 284, 694, 743]","[230, 284, 694, 743]","[340, 430, 796, 882]","[103, 104, 105, 106, 107, 108, 109, 110, 111, 112, 113, 114, 115, 116, 117, 118, 119, 120, 121, 122, 123, 124, 125, 126, 127, 128, 129, 130, 131, 132, 133, 134, 135, 136, 137, 138, 139, 140, 141, 142, 143, 144, 145, 146, 147, 148, 149, 150, 151, 152, 153, 154, 155, 156, 157, 158, 159, 160, 161, 162, 163, 164, 165, 166, 167, 168, 169, 170, 171, 172, 173, 174, 175, 176, 177, 178, 179, 180, 181, 182, 183, 184, 185, 186, 187, 188, 189, 190, 191, 192, 193, 194, 195, 196, 197, 198, 199, 200, 201, 202, 203, 204, 205, 206, 207, 208, 209, 210, 211, 212, 213, 214, 215, 216, 217, 218, 219, 220, 221, 222, 223, 224, 225, 226, 227, 228, 229, 230, 231, 232, 233, 234, 235, 236, 237, 238, 239, 240, 241, 242, 243, 244, 245, 246, 247, 248, 249, 250, 251, 252, 253, 254, 255, 256, 257, 258, 259, 260, 261, 262, 263, 264, 265, 266, 267, 268, 269, 270, 271, 272, 273, 274, 275, 276, 277, 278, 279, 280, 281, 282, 283, 284, 285, 286, 287, 288, 289, 290, 291, 292, 293, 294, 295, 296, 297, 298, 299, 300, 301, 302, 303, 304, 305, 306, 307, 308, 309, 310, 311, 312, 313, 314, 315, 316, 317, 318, 319, 320, 321, 322, 323, 324, 325, 326, 327, 328, 329, 330, 331, 332, 333, 334, 335, 336, 337, 574, 575, 576, 577, 578, 579, 580, 581, 582, 583, 584, 585, 586, 587, 588, 589, 590, 591, 592, 593, 594, 595, 596, 597, 598, 599, 600, 601, 602, 603, 604, 605, 606, 607, 608, 609, 610, 611, 612, 613, 614, 615, 616, 617, 618, 619, 620, 621, 622, 623, 624, 625, 626, 627, 628, 629, 630, 631, 632, 633, 634, 635, 636, 637, 638, 639, 640, 641, 642, 643, 644, 645, 646, 647, 648, 649, 650, 651, 652, 653, 654, 655, 656, 657, 658, 659, 660, 661, 662, 663, 664, 665, 666, 667, 668, 669, 670, 671, 672, 673, 674, 675, 676, 677, 678, 679, 680, 681, 682, 683, 684, 685, 686, 687, 688, 689, 690, 691, 692, 693, 694, 695, 696, 697, 698, 699, 700, 701, 702, 703, 704, 705, 706, 707, 708, 709, 710, 711, 712, 713, 714, 715, 716, 717, 718, 719, 720, 721, 722, 723, 724, 725, 726, 727, 728, 729, 730, 731, 732, 733, 734, 735, 736, 737, 738, 739, 740, 741, 742, 743, 744, 745, 746, 747, 748, 749, 750, 751, 752, 753, 754, 755, 756, 757, 758, 759, 760, 761, 762, 763, 764, 765, 766, 767, 768, 769, 770, 771, 772, 773, 774, 775, 776, 777, 778, 779, 780, 781, 782, 783, 784, 785, 786, 787, 788, 789, 790, 791, 792, 793]","[10, 75, 103, 104, 106, 117, 118, 120, 127, 128, 129, 131, 133, 135, 136, 137, 139, 146, 147, 148, 149, 151, 158, 160, 162, 166, 173, 178, 179, 185, 190, 192, 198, 201, 203, 204, 206, 207, 212, 213, 214, 219, 223, 224, 225, 227, 230, 235, 237, 246, 247, 256, 259, 262, 263, 266, 268, 269, 271, 272, 278, 279, 284, 285, 288, 290, 292, 304, 306, 312, 316, 319, 320, 323, 324, 329, 332, 335, 495, 549, 574, 575, 577, 588, 589, 591, 598, 599, 600, 602, 604, 606, 607, 608, 610, 617, 618, 619, 620, 622, 625, 630, 632, 634, 638, 644, 649, 650, 656, 661, 663, 669, 673, 674, 676, 677, 682, 683, 684, 687, 688, 689, 691, 694, 699, 701, 710, 718, 722, 723, 727, 728, 730, 731, 737, 738, 743, 744, 747, 749, 751, 762, 764, 770, 774, 777, 778, 781, 782, 789, 791]",[],"[176, 177, 325, 332, 467, 483, 484, 647, 648, 783, 789, 914, 927, 934, 935]","[10, 75, 103, 104, 105, 106, 107, 108, 109, 110, 111, 112, 113, 114, 115, 116, 117, 118, 119, 120, 121, 122, 123, 124, 125, 126, 127, 128, 129, 130, 131, 132, 133, 134, 135, 136, 137, 138, 139, 140, 141, 142, 143, 144, 145, 146, 147, 148, 149, 150, 151, 152, 153, 154, 155, 156, 157, 158, 159, 160, 161, 162, 163, 164, 165, 166, 167, 168, 169, 170, 171, 172, 173, 174, 175, 176, 177, 178, 179, 180, 181, 182, 183, 184, 185, 186, 187, 188, 189, 190, 191, 192, 193, 194, 195, 196, 197, 198, 199, 200, 201, 202, 203, 204, 205, 206, 207, 208, 209, 210, 211, 212, 213, 214, 215, 216, 217, 218, 219, 220, 221, 222, 223, 224, 225, 226, 227, 228, 229, 230, 231, 232, 233, 234, 235, 236, 237, 238, 239, 240, 241, 242, 243, 244, 245, 246, 247, 248, 249, 250, 251, 252, 253, 254, 255, 256, 257, 258, 259, 260, 261, 262, 263, 264, 265, 266, 267, 268, 269, 270, 271, 272, 273, 274, 275, 276, 277, 278, 279, 280, 281, 282, 283, 284, 285, 286, 287, 288, 289, 290, 291, 292, 293, 294, 295, 296, 297, 298, 299, 300, 301, 302, 303, 304, 305, 306, 307, 308, 309, 310, 311, 312, 313, 314, 315, 316, 317, 318, 319, 320, 321, 322, 323, 324, 325, 326, 327, 328, 329, 330, 331, 332, 333, 334, 335, 336, 337, 340, 430, 467, 483, 484, 495, 549, 574, 575, 576, 577, 578, 579, 580, 581, 582, 583, 584, 585, 586, 587, 588, 589, 590, 591, 592, 593, 594, 595, 596, 597, 598, 599, 600, 601, 602, 603, 604, 605, 606, 607, 608, 609, 610, 611, 612, 613, 614, 615, 616, 617, 618, 619, 620, 621, 622, 623, 624, 625, 626, 627, 628, 629, 630, 631, 632, 633, 634, 635, 636, 637, 638, 639, 640, 641, 642, 643, 644, 645, 646, 647, 648, 649, 650, 651, 652, 653, 654, 655, 656, 657, 658, 659, 660, 661, 662, 663, 664, 665, 666, 667, 668, 669, 670, 671, 672, 673, 674, 675, 676, 677, 678, 679, 680, 681, 682, 683, 684, 685, 686, 687, 688, 689, 690, 691, 692, 693, 694, 695, 696, 697, 698, 699, 700, 701, 702, 703, 704, 705, 706, 707, 708, 709, 710, 711, 712, 713, 714, 715, 716, 717, 718, 719, 720, 721, 722, 723, 724, 725, 726, 727, 728, 729, 730, 731, 732, 733, 734, 735, 736, 737, 738, 739, 740, 741, 742, 743, 744, 745, 746, 747, 748, 749, 750, 751, 752, 753, 754, 755, 756, 757, 758, 759, 760, 761, 762, 763, 764, 765, 766, 767, 768, 769, 770, 771, 772, 773, 774, 775, 776, 777, 778, 779, 780, 781, 782, 783, 784, 785, 786, 787, 788, 789, 790, 791, 792, 793, 796, 882, 914, 927, 934, 935]",False,"[230, 284, 694, 743]","[103, 104, 105, 106, 107, 108, 109, 110, 111, 112, 113, 114, 115, 116, 117, 118, 119, 120, 121, 122, 123, 124, 125, 126, 127, 128, 129, 130, 131, 132, 133, 134, 135, 136, 137, 138, 139, 140, 141, 142, 143, 144, 145, 146, 147, 148, 149, 150, 151, 152, 153, 154, 155, 156, 157, 158, 159, 160, 161, 162, 163, 164, 165, 166, 167, 168, 169, 170, 171, 172, 173, 174, 175, 176, 177, 178, 179, 180, 181, 182, 183, 184, 185, 186, 187, 188, 189, 190, 191, 192, 193, 194, 195, 196, 197, 198, 199, 200, 201, 202, 203, 204, 205, 206, 207, 208, 209, 210, 211, 212, 213, 214, 215, 216, 217, 218, 219, 220, 221, 222, 223, 224, 225, 226, 227, 228, 229, 230, 231, 232, 233, 234, 235, 236, 237, 238, 239, 240, 241, 242, 243, 244, 245, 246, 247, 248, 249, 250, 251, 252, 253, 254, 255, 256, 257, 258, 259, 260, 261, 262, 263, 264, 265, 266, 267, 268, 269, 270, 271, 272, 273, 274, 275, 276, 277, 278, 279, 280, 281, 282, 283, 284, 285, 286, 287, 288, 289, 290, 291, 292, 293, 294, 295, 296, 297, 298, 299, 300, 301, 302, 303, 304, 305, 306, 307, 308, 309, 310, 311, 312, 313, 314, 315, 316, 317, 318, 319, 320, 321, 322, 323, 324, 325, 326, 327, 328, 329, 330, 331, 332, 333, 334, 335, 336, 337, 574, 575, 576, 577, 578, 579, 580, 581, 582, 583, 584, 585, 586, 587, 588, 589, 590, 591, 592, 593, 594, 595, 596, 597, 598, 599, 600, 601, 602, 603, 604, 605, 606, 607, 608, 609, 610, 611, 612, 613, 614, 615, 616, 617, 618, 619, 620, 621, 622, 623, 624, 625, 626, 627, 628, 629, 630, 631, 632, 633, 634, 635, 636, 637, 638, 639, 640, 641, 642, 643, 644, 645, 646, 647, 648, 649, 650, 651, 652, 653, 654, 655, 656, 657, 658, 659, 660, 661, 662, 663, 664, 665, 666, 667, 668, 669, 670, 671, 672, 673, 674, 675, 676, 677, 678, 679, 680, 681, 682, 683, 684, 685, 686, 687, 688, 689, 690, 691, 692, 693, 694, 695, 696, 697, 698, 699, 700, 701, 702, 703, 704, 705, 706, 707, 708, 709, 710, 711, 712, 713, 714, 715, 716, 717, 718, 719, 720, 721, 722, 723, 724, 725, 726, 727, 728, 729, 730, 731, 732, 733, 734, 735, 736, 737, 738, 739, 740, 741, 742, 743, 744, 745, 746, 747, 748, 749, 750, 751, 752, 753, 754, 755, 756, 757, 758, 759, 760, 761, 762, 763, 764, 765, 766, 767, 768, 769, 770, 771, 772, 773, 774, 775, 776, 777, 778, 779, 780, 781, 782, 783, 784, 785, 786, 787, 788, 789, 790, 791, 792, 793]","[230, 284, 694, 743]","[340, 430, 796, 882]","[10, 75, 103, 104, 106, 117, 118, 120, 127, 128, 129, 131, 133, 135, 136, 137, 139, 146, 147, 148, 149, 151, 158, 160, 162, 166, 173, 178, 179, 185, 190, 192, 198, 201, 203, 204, 206, 207, 212, 213, 214, 219, 223, 224, 225, 227, 230, 235, 237, 246, 247, 256, 259, 262, 263, 266, 268, 269, 271, 272, 278, 279, 284, 285, 288, 290, 292, 304, 306, 312, 316, 319, 320, 323, 324, 329, 332, 335, 495, 549, 574, 575, 577, 588, 589, 591, 598, 599, 600, 602, 604, 606, 607, 608, 610, 617, 618, 619, 620, 622, 625, 630, 632, 634, 638, 644, 649, 650, 656, 661, 663, 669, 673, 674, 676, 677, 682, 683, 684, 687, 688, 689, 691, 694, 699, 701, 710, 718, 722, 723, 727, 728, 730, 731, 737, 738, 743, 744, 747, 749, 751, 762, 764, 770, 774, 777, 778, 781, 782, 789, 791]","[176, 177, 325, 332, 467, 483, 484, 647, 648, 783, 789, 914, 927, 934, 935]",[],5/6 successful match,False,,False,784,False,,,,,
"F Selma , 93662 Everest Petroleum ( Arco )",559-896-2744 CA 99 Exit 118 ( Floral Ave W ),24 AS 000,Selma,93662,Everest Petroleum ( Arco ),559-896-2744,2007,Selma,CA,,( Floral Ave W ),CA 99 Exit 118 ,Exit,118,False,,False,CA 99,,,,,[],"[230, 284, 694, 743]","[230, 284, 694, 743]","[340, 430, 796, 882]","[103, 104, 105, 106, 107, 108, 109, 110, 111, 112, 113, 114, 115, 116, 117, 118, 119, 120, 121, 122, 123, 124, 125, 126, 127, 128, 129, 130, 131, 132, 133, 134, 135, 136, 137, 138, 139, 140, 141, 142, 143, 144, 145, 146, 147, 148, 149, 150, 151, 152, 153, 154, 155, 156, 157, 158, 159, 160, 161, 162, 163, 164, 165, 166, 167, 168, 169, 170, 171, 172, 173, 174, 175, 176, 177, 178, 179, 180, 181, 182, 183, 184, 185, 186, 187, 188, 189, 190, 191, 192, 193, 194, 195, 196, 197, 198, 199, 200, 201, 202, 203, 204, 205, 206, 207, 208, 209, 210, 211, 212, 213, 214, 215, 216, 217, 218, 219, 220, 221, 222, 223, 224, 225, 226, 227, 228, 229, 230, 231, 232, 233, 234, 235, 236, 237, 238, 239, 240, 241, 242, 243, 244, 245, 246, 247, 248, 249, 250, 251, 252, 253, 254, 255, 256, 257, 258, 259, 260, 261, 262, 263, 264, 265, 266, 267, 268, 269, 270, 271, 272, 273, 274, 275, 276, 277, 278, 279, 280, 281, 282, 283, 284, 285, 286, 287, 288, 289, 290, 291, 292, 293, 294, 295, 296, 297, 298, 299, 300, 301, 302, 303, 304, 305, 306, 307, 308, 309, 310, 311, 312, 313, 314, 315, 316, 317, 318, 319, 320, 321, 322, 323, 324, 325, 326, 327, 328, 329, 330, 331, 332, 333, 334, 335, 336, 337, 574, 575, 576, 577, 578, 579, 580, 581, 582, 583, 584, 585, 586, 587, 588, 589, 590, 591, 592, 593, 594, 595, 596, 597, 598, 599, 600, 601, 602, 603, 604, 605, 606, 607, 608, 609, 610, 611, 612, 613, 614, 615, 616, 617, 618, 619, 620, 621, 622, 623, 624, 625, 626, 627, 628, 629, 630, 631, 632, 633, 634, 635, 636, 637, 638, 639, 640, 641, 642, 643, 644, 645, 646, 647, 648, 649, 650, 651, 652, 653, 654, 655, 656, 657, 658, 659, 660, 661, 662, 663, 664, 665, 666, 667, 668, 669, 670, 671, 672, 673, 674, 675, 676, 677, 678, 679, 680, 681, 682, 683, 684, 685, 686, 687, 688, 689, 690, 691, 692, 693, 694, 695, 696, 697, 698, 699, 700, 701, 702, 703, 704, 705, 706, 707, 708, 709, 710, 711, 712, 713, 714, 715, 716, 717, 718, 719, 720, 721, 722, 723, 724, 725, 726, 727, 728, 729, 730, 731, 732, 733, 734, 735, 736, 737, 738, 739, 740, 741, 742, 743, 744, 745, 746, 747, 748, 749, 750, 751, 752, 753, 754, 755, 756, 757, 758, 759, 760, 761, 762, 763, 764, 765, 766, 767, 768, 769, 770, 771, 772, 773, 774, 775, 776, 777, 778, 779, 780, 781, 782, 783, 784, 785, 786, 787, 788, 789, 790, 791, 792, 793]","[10, 75, 103, 104, 106, 117, 118, 120, 127, 128, 129, 131, 133, 135, 136, 137, 139, 146, 147, 148, 149, 151, 158, 160, 162, 166, 173, 178, 179, 185, 190, 192, 198, 201, 203, 204, 206, 207, 212, 213, 214, 219, 223, 224, 225, 227, 230, 235, 237, 246, 247, 256, 259, 262, 263, 266, 268, 269, 271, 272, 278, 279, 284, 285, 288, 290, 292, 304, 306, 312, 316, 319, 320, 323, 324, 329, 332, 335, 495, 549, 574, 575, 577, 588, 589, 591, 598, 599, 600, 602, 604, 606, 607, 608, 610, 617, 618, 619, 620, 622, 625, 630, 632, 634, 638, 644, 649, 650, 656, 661, 663, 669, 673, 674, 676, 677, 682, 683, 684, 687, 688, 689, 691, 694, 699, 701, 710, 718, 722, 723, 727, 728, 730, 731, 737, 738, 743, 744, 747, 749, 751, 762, 764, 770, 774, 777, 778, 781, 782, 789, 791]",[],"[0, 120, 122, 176, 177, 200, 223, 226, 315, 325, 332, 382, 467, 483, 484, 485, 591, 593, 625, 647, 648, 671, 687, 690, 773, 783, 789, 832, 914, 927, 934, 935]","[0, 10, 75, 103, 104, 105, 106, 107, 108, 109, 110, 111, 112, 113, 114, 115, 116, 117, 118, 119, 120, 121, 122, 123, 124, 125, 126, 127, 128, 129, 130, 131, 132, 133, 134, 135, 136, 137, 138, 139, 140, 141, 142, 143, 144, 145, 146, 147, 148, 149, 150, 151, 152, 153, 154, 155, 156, 157, 158, 159, 160, 161, 162, 163, 164, 165, 166, 167, 168, 169, 170, 171, 172, 173, 174, 175, 176, 177, 178, 179, 180, 181, 182, 183, 184, 185, 186, 187, 188, 189, 190, 191, 192, 193, 194, 195, 196, 197, 198, 199, 200, 201, 202, 203, 204, 205, 206, 207, 208, 209, 210, 211, 212, 213, 214, 215, 216, 217, 218, 219, 220, 221, 222, 223, 224, 225, 226, 227, 228, 229, 230, 231, 232, 233, 234, 235, 236, 237, 238, 239, 240, 241, 242, 243, 244, 245, 246, 247, 248, 249, 250, 251, 252, 253, 254, 255, 256, 257, 258, 259, 260, 261, 262, 263, 264, 265, 266, 267, 268, 269, 270, 271, 272, 273, 274, 275, 276, 277, 278, 279, 280, 281, 282, 283, 284, 285, 286, 287, 288, 289, 290, 291, 292, 293, 294, 295, 296, 297, 298, 299, 300, 301, 302, 303, 304, 305, 306, 307, 308, 309, 310, 311, 312, 313, 314, 315, 316, 317, 318, 319, 320, 321, 322, 323, 324, 325, 326, 327, 328, 329, 330, 331, 332, 333, 334, 335, 336, 337, 340, 382, 430, 467, 483, 484, 485, 495, 549, 574, 575, 576, 577, 578, 579, 580, 581, 582, 583, 584, 585, 586, 587, 588, 589, 590, 591, 592, 593, 594, 595, 596, 597, 598, 599, 600, 601, 602, 603, 604, 605, 606, 607, 608, 609, 610, 611, 612, 613, 614, 615, 616, 617, 618, 619, 620, 621, 622, 623, 624, 625, 626, 627, 628, 629, 630, 631, 632, 633, 634, 635, 636, 637, 638, 639, 640, 641, 642, 643, 644, 645, 646, 647, 648, 649, 650, 651, 652, 653, 654, 655, 656, 657, 658, 659, 660, 661, 662, 663, 664, 665, 666, 667, 668, 669, 670, 671, 672, 673, 674, 675, 676, 677, 678, 679, 680, 681, 682, 683, 684, 685, 686, 687, 688, 689, 690, 691, 692, 693, 694, 695, 696, 697, 698, 699, 700, 701, 702, 703, 704, 705, 706, 707, 708, 709, 710, 711, 712, 713, 714, 715, 716, 717, 718, 719, 720, 721, 722, 723, 724, 725, 726, 727, 728, 729, 730, 731, 732, 733, 734, 735, 736, 737, 738, 739, 740, 741, 742, 743, 744, 745, 746, 747, 748, 749, 750, 751, 752, 753, 754, 755, 756, 757, 758, 759, 760, 761, 762, 763, 764, 765, 766, 767, 768, 769, 770, 771, 772, 773, 774, 775, 776, 777, 778, 779, 780, 781, 782, 783, 784, 785, 786, 787, 788, 789, 790, 791, 792, 793, 796, 832, 882, 914, 927, 934, 935]",False,"[230, 284, 694, 743]","[103, 104, 105, 106, 107, 108, 109, 110, 111, 112, 113, 114, 115, 116, 117, 118, 119, 120, 121, 122, 123, 124, 125, 126, 127, 128, 129, 130, 131, 132, 133, 134, 135, 136, 137, 138, 139, 140, 141, 142, 143, 144, 145, 146, 147, 148, 149, 150, 151, 152, 153, 154, 155, 156, 157, 158, 159, 160, 161, 162, 163, 164, 165, 166, 167, 168, 169, 170, 171, 172, 173, 174, 175, 176, 177, 178, 179, 180, 181, 182, 183, 184, 185, 186, 187, 188, 189, 190, 191, 192, 193, 194, 195, 196, 197, 198, 199, 200, 201, 202, 203, 204, 205, 206, 207, 208, 209, 210, 211, 212, 213, 214, 215, 216, 217, 218, 219, 220, 221, 222, 223, 224, 225, 226, 227, 228, 229, 230, 231, 232, 233, 234, 235, 236, 237, 238, 239, 240, 241, 242, 243, 244, 245, 246, 247, 248, 249, 250, 251, 252, 253, 254, 255, 256, 257, 258, 259, 260, 261, 262, 263, 264, 265, 266, 267, 268, 269, 270, 271, 272, 273, 274, 275, 276, 277, 278, 279, 280, 281, 282, 283, 284, 285, 286, 287, 288, 289, 290, 291, 292, 293, 294, 295, 296, 297, 298, 299, 300, 301, 302, 303, 304, 305, 306, 307, 308, 309, 310, 311, 312, 313, 314, 315, 316, 317, 318, 319, 320, 321, 322, 323, 324, 325, 326, 327, 328, 329, 330, 331, 332, 333, 334, 335, 336, 337, 574, 575, 576, 577, 578, 579, 580, 581, 582, 583, 584, 585, 586, 587, 588, 589, 590, 591, 592, 593, 594, 595, 596, 597, 598, 599, 600, 601, 602, 603, 604, 605, 606, 607, 608, 609, 610, 611, 612, 613, 614, 615, 616, 617, 618, 619, 620, 621, 622, 623, 624, 625, 626, 627, 628, 629, 630, 631, 632, 633, 634, 635, 636, 637, 638, 639, 640, 641, 642, 643, 644, 645, 646, 647, 648, 649, 650, 651, 652, 653, 654, 655, 656, 657, 658, 659, 660, 661, 662, 663, 664, 665, 666, 667, 668, 669, 670, 671, 672, 673, 674, 675, 676, 677, 678, 679, 680, 681, 682, 683, 684, 685, 686, 687, 688, 689, 690, 691, 692, 693, 694, 695, 696, 697, 698, 699, 700, 701, 702, 703, 704, 705, 706, 707, 708, 709, 710, 711, 712, 713, 714, 715, 716, 717, 718, 719, 720, 721, 722, 723, 724, 725, 726, 727, 728, 729, 730, 731, 732, 733, 734, 735, 736, 737, 738, 739, 740, 741, 742, 743, 744, 745, 746, 747, 748, 749, 750, 751, 752, 753, 754, 755, 756, 757, 758, 759, 760, 761, 762, 763, 764, 765, 766, 767, 768, 769, 770, 771, 772, 773, 774, 775, 776, 777, 778, 779, 780, 781, 782, 783, 784, 785, 786, 787, 788, 789, 790, 791, 792, 793]","[230, 284, 694, 743]","[340, 430, 796, 882]","[10, 75, 103, 104, 106, 117, 118, 120, 127, 128, 129, 131, 133, 135, 136, 137, 139, 146, 147, 148, 149, 151, 158, 160, 162, 166, 173, 178, 179, 185, 190, 192, 198, 201, 203, 204, 206, 207, 212, 213, 214, 219, 223, 224, 225, 227, 230, 235, 237, 246, 247, 256, 259, 262, 263, 266, 268, 269, 271, 272, 278, 279, 284, 285, 288, 290, 292, 304, 306, 312, 316, 319, 320, 323, 324, 329, 332, 335, 495, 549, 574, 575, 577, 588, 589, 591, 598, 599, 600, 602, 604, 606, 607, 608, 610, 617, 618, 619, 620, 622, 625, 630, 632, 634, 638, 644, 649, 650, 656, 661, 663, 669, 673, 674, 676, 677, 682, 683, 684, 687, 688, 689, 691, 694, 699, 701, 710, 718, 722, 723, 727, 728, 730, 731, 737, 738, 743, 744, 747, 749, 751, 762, 764, 770, 774, 777, 778, 781, 782, 789, 791]","[0, 120, 122, 176, 177, 200, 223, 226, 315, 325, 332, 382, 467, 483, 484, 485, 591, 593, 625, 647, 648, 671, 687, 690, 773, 783, 789, 832, 914, 927, 934, 935]",[],5/6 successful match,False,,False,784,False,,1.0,True,Everest Petroleum,
F Selma ( 93662 ) Selma Valero,3 559-896-7682 CA 99 Exit 115 ( Mountain View W ),24 <U+2610>,Selma,93662,Selma Valero,559-896-7682,2014,Selma,CA,Valero,( Mountain View W ),CA 99 Exit 115 ,Exit,115,False,,False,CA 99,,,,,"[284, 743]","[230, 284, 694, 743]","[230, 284, 694, 743]","[25, 39, 230, 284, 299, 449, 486, 520, 694, 743, 758, 897]","[103, 104, 105, 106, 107, 108, 109, 110, 111, 112, 113, 114, 115, 116, 117, 118, 119, 120, 121, 122, 123, 124, 125, 126, 127, 128, 129, 130, 131, 132, 133, 134, 135, 136, 137, 138, 139, 140, 141, 142, 143, 144, 145, 146, 147, 148, 149, 150, 151, 152, 153, 154, 155, 156, 157, 158, 159, 160, 161, 162, 163, 164, 165, 166, 167, 168, 169, 170, 171, 172, 173, 174, 175, 176, 177, 178, 179, 180, 181, 182, 183, 184, 185, 186, 187, 188, 189, 190, 191, 192, 193, 194, 195, 196, 197, 198, 199, 200, 201, 202, 203, 204, 205, 206, 207, 208, 209, 210, 211, 212, 213, 214, 215, 216, 217, 218, 219, 220, 221, 222, 223, 224, 225, 226, 227, 228, 229, 230, 231, 232, 233, 234, 235, 236, 237, 238, 239, 240, 241, 242, 243, 244, 245, 246, 247, 248, 249, 250, 251, 252, 253, 254, 255, 256, 257, 258, 259, 260, 261, 262, 263, 264, 265, 266, 267, 268, 269, 270, 271, 272, 273, 274, 275, 276, 277, 278, 279, 280, 281, 282, 283, 284, 285, 286, 287, 288, 289, 290, 291, 292, 293, 294, 295, 296, 297, 298, 299, 300, 301, 302, 303, 304, 305, 306, 307, 308, 309, 310, 311, 312, 313, 314, 315, 316, 317, 318, 319, 320, 321, 322, 323, 324, 325, 326, 327, 328, 329, 330, 331, 332, 333, 334, 335, 336, 337, 574, 575, 576, 577, 578, 579, 580, 581, 582, 583, 584, 585, 586, 587, 588, 589, 590, 591, 592, 593, 594, 595, 596, 597, 598, 599, 600, 601, 602, 603, 604, 605, 606, 607, 608, 609, 610, 611, 612, 613, 614, 615, 616, 617, 618, 619, 620, 621, 622, 623, 624, 625, 626, 627, 628, 629, 630, 631, 632, 633, 634, 635, 636, 637, 638, 639, 640, 641, 642, 643, 644, 645, 646, 647, 648, 649, 650, 651, 652, 653, 654, 655, 656, 657, 658, 659, 660, 661, 662, 663, 664, 665, 666, 667, 668, 669, 670, 671, 672, 673, 674, 675, 676, 677, 678, 679, 680, 681, 682, 683, 684, 685, 686, 687, 688, 689, 690, 691, 692, 693, 694, 695, 696, 697, 698, 699, 700, 701, 702, 703, 704, 705, 706, 707, 708, 709, 710, 711, 712, 713, 714, 715, 716, 717, 718, 719, 720, 721, 722, 723, 724, 725, 726, 727, 728, 729, 730, 731, 732, 733, 734, 735, 736, 737, 738, 739, 740, 741, 742, 743, 744, 745, 746, 747, 748, 749, 750, 751, 752, 753, 754, 755, 756, 757, 758, 759, 760, 761, 762, 763, 764, 765, 766, 767, 768, 769, 770, 771, 772, 773, 774, 775, 776, 777, 778, 779, 780, 781, 782, 783, 784, 785, 786, 787, 788, 789, 790, 791, 792, 793]","[10, 75, 103, 104, 106, 117, 118, 120, 127, 128, 129, 131, 133, 135, 136, 137, 139, 146, 147, 148, 149, 151, 158, 160, 162, 166, 173, 178, 179, 185, 190, 192, 198, 201, 203, 204, 206, 207, 212, 213, 214, 219, 223, 224, 225, 227, 230, 235, 237, 246, 247, 256, 259, 262, 263, 266, 268, 269, 271, 272, 278, 279, 284, 285, 288, 290, 292, 304, 306, 312, 316, 319, 320, 323, 324, 329, 332, 335, 495, 549, 574, 575, 577, 588, 589, 591, 598, 599, 600, 602, 604, 606, 607, 608, 610, 617, 618, 619, 620, 622, 625, 630, 632, 634, 638, 644, 649, 650, 656, 661, 663, 669, 673, 674, 676, 677, 682, 683, 684, 687, 688, 689, 691, 694, 699, 701, 710, 718, 722, 723, 727, 728, 730, 731, 737, 738, 743, 744, 747, 749, 751, 762, 764, 770, 774, 777, 778, 781, 782, 789, 791]","[2, 9, 10, 82, 111, 112, 113, 199, 279, 284, 285, 300, 488, 494, 495, 553, 581, 582, 583, 670, 738, 743, 744, 759, 818]","[2, 9, 10, 82, 111, 112, 113, 199, 279, 284, 285, 300, 488, 494, 495, 553, 581, 582, 583, 670, 738, 743, 744, 759, 818]","[2, 9, 10, 25, 39, 75, 82, 103, 104, 105, 106, 107, 108, 109, 110, 111, 112, 113, 114, 115, 116, 117, 118, 119, 120, 121, 122, 123, 124, 125, 126, 127, 128, 129, 130, 131, 132, 133, 134, 135, 136, 137, 138, 139, 140, 141, 142, 143, 144, 145, 146, 147, 148, 149, 150, 151, 152, 153, 154, 155, 156, 157, 158, 159, 160, 161, 162, 163, 164, 165, 166, 167, 168, 169, 170, 171, 172, 173, 174, 175, 176, 177, 178, 179, 180, 181, 182, 183, 184, 185, 186, 187, 188, 189, 190, 191, 192, 193, 194, 195, 196, 197, 198, 199, 200, 201, 202, 203, 204, 205, 206, 207, 208, 209, 210, 211, 212, 213, 214, 215, 216, 217, 218, 219, 220, 221, 222, 223, 224, 225, 226, 227, 228, 229, 230, 231, 232, 233, 234, 235, 236, 237, 238, 239, 240, 241, 242, 243, 244, 245, 246, 247, 248, 249, 250, 251, 252, 253, 254, 255, 256, 257, 258, 259, 260, 261, 262, 263, 264, 265, 266, 267, 268, 269, 270, 271, 272, 273, 274, 275, 276, 277, 278, 279, 280, 281, 282, 283, 284, 285, 286, 287, 288, 289, 290, 291, 292, 293, 294, 295, 296, 297, 298, 299, 300, 301, 302, 303, 304, 305, 306, 307, 308, 309, 310, 311, 312, 313, 314, 315, 316, 317, 318, 319, 320, 321, 322, 323, 324, 325, 326, 327, 328, 329, 330, 331, 332, 333, 334, 335, 336, 337, 449, 486, 488, 494, 495, 520, 549, 553, 574, 575, 576, 577, 578, 579, 580, 581, 582, 583, 584, 585, 586, 587, 588, 589, 590, 591, 592, 593, 594, 595, 596, 597, 598, 599, 600, 601, 602, 603, 604, 605, 606, 607, 608, 609, 610, 611, 612, 613, 614, 615, 616, 617, 618, 619, 620, 621, 622, 623, 624, 625, 626, 627, 628, 629, 630, 631, 632, 633, 634, 635, 636, 637, 638, 639, 640, 641, 642, 643, 644, 645, 646, 647, 648, 649, 650, 651, 652, 653, 654, 655, 656, 657, 658, 659, 660, 661, 662, 663, 664, 665, 666, 667, 668, 669, 670, 671, 672, 673, 674, 675, 676, 677, 678, 679, 680, 681, 682, 683, 684, 685, 686, 687, 688, 689, 690, 691, 692, 693, 694, 695, 696, 697, 698, 699, 700, 701, 702, 703, 704, 705, 706, 707, 708, 709, 710, 711, 712, 713, 714, 715, 716, 717, 718, 719, 720, 721, 722, 723, 724, 725, 726, 727, 728, 729, 730, 731, 732, 733, 734, 735, 736, 737, 738, 739, 740, 741, 742, 743, 744, 745, 746, 747, 748, 749, 750, 751, 752, 753, 754, 755, 756, 757, 758, 759, 760, 761, 762, 763, 764, 765, 766, 767, 768, 769, 770, 771, 772, 773, 774, 775, 776, 777, 778, 779, 780, 781, 782, 783, 784, 785, 786, 787, 788, 789, 790, 791, 792, 793, 818, 897]",True,"[230, 284, 694, 743]","[103, 104, 105, 106, 107, 108, 109, 110, 111, 112, 113, 114, 115, 116, 117, 118, 119, 120, 121, 122, 123, 124, 125, 126, 127, 128, 129, 130, 131, 132, 133, 134, 135, 136, 137, 138, 139, 140, 141, 142, 143, 144, 145, 146, 147, 148, 149, 150, 151, 152, 153, 154, 155, 156, 157, 158, 159, 160, 161, 162, 163, 164, 165, 166, 167, 168, 169, 170, 171, 172, 173, 174, 175, 176, 177, 178, 179, 180, 181, 182, 183, 184, 185, 186, 187, 188, 189, 190, 191, 192, 193, 194, 195, 196, 197, 198, 199, 200, 201, 202, 203, 204, 205, 206, 207, 208, 209, 210, 211, 212, 213, 214, 215, 216, 217, 218, 219, 220, 221, 222, 223, 224, 225, 226, 227, 228, 229, 230, 231, 232, 233, 234, 235, 236, 237, 238, 239, 240, 241, 242, 243, 244, 245, 246, 247, 248, 249, 250, 251, 252, 253, 254, 255, 256, 257, 258, 259, 260, 261, 262, 263, 264, 265, 266, 267, 268, 269, 270, 271, 272, 273, 274, 275, 276, 277, 278, 279, 280, 281, 282, 283, 284, 285, 286, 287, 288, 289, 290, 291, 292, 293, 294, 295, 296, 297, 298, 299, 300, 301, 302, 303, 304, 305, 306, 307, 308, 309, 310, 311, 312, 313, 314, 315, 316, 317, 318, 319, 320, 321, 322, 323, 324, 325, 326, 327, 328, 329, 330, 331, 332, 333, 334, 335, 336, 337, 574, 575, 576, 577, 578, 579, 580, 581, 582, 583, 584, 585, 586, 587, 588, 589, 590, 591, 592, 593, 594, 595, 596, 597, 598, 599, 600, 601, 602, 603, 604, 605, 606, 607, 608, 609, 610, 611, 612, 613, 614, 615, 616, 617, 618, 619, 620, 621, 622, 623, 624, 625, 626, 627, 628, 629, 630, 631, 632, 633, 634, 635, 636, 637, 638, 639, 640, 641, 642, 643, 644, 645, 646, 647, 648, 649, 650, 651, 652, 653, 654, 655, 656, 657, 658, 659, 660, 661, 662, 663, 664, 665, 666, 667, 668, 669, 670, 671, 672, 673, 674, 675, 676, 677, 678, 679, 680, 681, 682, 683, 684, 685, 686, 687, 688, 689, 690, 691, 692, 693, 694, 695, 696, 697, 698, 699, 700, 701, 702, 703, 704, 705, 706, 707, 708, 709, 710, 711, 712, 713, 714, 715, 716, 717, 718, 719, 720, 721, 722, 723, 724, 725, 726, 727, 728, 729, 730, 731, 732, 733, 734, 735, 736, 737, 738, 739, 740, 741, 742, 743, 744, 745, 746, 747, 748, 749, 750, 751, 752, 753, 754, 755, 756, 757, 758, 759, 760, 761, 762, 763, 764, 765, 766, 767, 768, 769, 770, 771, 772, 773, 774, 775, 776, 777, 778, 779, 780, 781, 782, 783, 784, 785, 786, 787, 788, 789, 790, 791, 792, 793]","[230, 284, 694, 743]","[25, 39, 230, 284, 299, 449, 486, 520, 694, 743, 758, 897]","[10, 75, 103, 104, 106, 117, 118, 120, 127, 128, 129, 131, 133, 135, 136, 137, 139, 146, 147, 148, 149, 151, 158, 160, 162, 166, 173, 178, 179, 185, 190, 192, 198, 201, 203, 204, 206, 207, 212, 213, 214, 219, 223, 224, 225, 227, 230, 235, 237, 246, 247, 256, 259, 262, 263, 266, 268, 269, 271, 272, 278, 279, 284, 285, 288, 290, 292, 304, 306, 312, 316, 319, 320, 323, 324, 329, 332, 335, 495, 549, 574, 575, 577, 588, 589, 591, 598, 599, 600, 602, 604, 606, 607, 608, 610, 617, 618, 619, 620, 622, 625, 630, 632, 634, 638, 644, 649, 650, 656, 661, 663, 669, 673, 674, 676, 677, 682, 683, 684, 687, 688, 689, 691, 694, 699, 701, 710, 718, 722, 723, 727, 728, 730, 731, 737, 738, 743, 744, 747, 749, 751, 762, 764, 770, 774, 777, 778, 781, 782, 789, 791]","[2, 9, 10, 82, 111, 112, 113, 199, 279, 284, 285, 300, 488, 494, 495, 553, 581, 582, 583, 670, 738, 743, 744, 759, 818]","[2, 9, 10, 82, 111, 112, 113, 199, 279, 284, 285, 300, 488, 494, 495, 553, 581, 582, 583, 670, 738, 743, 744, 759, 818]",7/6 successful match,True,"[784, 785, 786]",True,785,False,,,,,
F Selma ( 93662 ) Selma CA 99 Valero Exit 115 ( Mountain View W ),559-896-7682 CA 99 Exit 115 ( Mountain View W ),24 24,Selma,93662,Selma CA 99 Valero Exit 115 ( Mountain View W ),559-896-7682,2015,Selma,CA,Valero,( Mountain View W ),CA 99 Exit 115 ,Exit,115,False,,False,CA 99,,,,,"[284, 743]","[230, 284, 694, 743]","[230, 284, 694, 743]","[25, 39, 230, 284, 299, 449, 486, 520, 694, 743, 758, 897]","[103, 104, 105, 106, 107, 108, 109, 110, 111, 112, 113, 114, 115, 116, 117, 118, 119, 120, 121, 122, 123, 124, 125, 126, 127, 128, 129, 130, 131, 132, 133, 134, 135, 136, 137, 138, 139, 140, 141, 142, 143, 144, 145, 146, 147, 148, 149, 150, 151, 152, 153, 154, 155, 156, 157, 158, 159, 160, 161, 162, 163, 164, 165, 166, 167, 168, 169, 170, 171, 172, 173, 174, 175, 176, 177, 178, 179, 180, 181, 182, 183, 184, 185, 186, 187, 188, 189, 190, 191, 192, 193, 194, 195, 196, 197, 198, 199, 200, 201, 202, 203, 204, 205, 206, 207, 208, 209, 210, 211, 212, 213, 214, 215, 216, 217, 218, 219, 220, 221, 222, 223, 224, 225, 226, 227, 228, 229, 230, 231, 232, 233, 234, 235, 236, 237, 238, 239, 240, 241, 242, 243, 244, 245, 246, 247, 248, 249, 250, 251, 252, 253, 254, 255, 256, 257, 258, 259, 260, 261, 262, 263, 264, 265, 266, 267, 268, 269, 270, 271, 272, 273, 274, 275, 276, 277, 278, 279, 280, 281, 282, 283, 284, 285, 286, 287, 288, 289, 290, 291, 292, 293, 294, 295, 296, 297, 298, 299, 300, 301, 302, 303, 304, 305, 306, 307, 308, 309, 310, 311, 312, 313, 314, 315, 316, 317, 318, 319, 320, 321, 322, 323, 324, 325, 326, 327, 328, 329, 330, 331, 332, 333, 334, 335, 336, 337, 574, 575, 576, 577, 578, 579, 580, 581, 582, 583, 584, 585, 586, 587, 588, 589, 590, 591, 592, 593, 594, 595, 596, 597, 598, 599, 600, 601, 602, 603, 604, 605, 606, 607, 608, 609, 610, 611, 612, 613, 614, 615, 616, 617, 618, 619, 620, 621, 622, 623, 624, 625, 626, 627, 628, 629, 630, 631, 632, 633, 634, 635, 636, 637, 638, 639, 640, 641, 642, 643, 644, 645, 646, 647, 648, 649, 650, 651, 652, 653, 654, 655, 656, 657, 658, 659, 660, 661, 662, 663, 664, 665, 666, 667, 668, 669, 670, 671, 672, 673, 674, 675, 676, 677, 678, 679, 680, 681, 682, 683, 684, 685, 686, 687, 688, 689, 690, 691, 692, 693, 694, 695, 696, 697, 698, 699, 700, 701, 702, 703, 704, 705, 706, 707, 708, 709, 710, 711, 712, 713, 714, 715, 716, 717, 718, 719, 720, 721, 722, 723, 724, 725, 726, 727, 728, 729, 730, 731, 732, 733, 734, 735, 736, 737, 738, 739, 740, 741, 742, 743, 744, 745, 746, 747, 748, 749, 750, 751, 752, 753, 754, 755, 756, 757, 758, 759, 760, 761, 762, 763, 764, 765, 766, 767, 768, 769, 770, 771, 772, 773, 774, 775, 776, 777, 778, 779, 780, 781, 782, 783, 784, 785, 786, 787, 788, 789, 790, 791, 792, 793]","[10, 75, 103, 104, 106, 117, 118, 120, 127, 128, 129, 131, 133, 135, 136, 137, 139, 146, 147, 148, 149, 151, 158, 160, 162, 166, 173, 178, 179, 185, 190, 192, 198, 201, 203, 204, 206, 207, 212, 213, 214, 219, 223, 224, 225, 227, 230, 235, 237, 246, 247, 256, 259, 262, 263, 266, 268, 269, 271, 272, 278, 279, 284, 285, 288, 290, 292, 304, 306, 312, 316, 319, 320, 323, 324, 329, 332, 335, 495, 549, 574, 575, 577, 588, 589, 591, 598, 599, 600, 602, 604, 606, 607, 608, 610, 617, 618, 619, 620, 622, 625, 630, 632, 634, 638, 644, 649, 650, 656, 661, 663, 669, 673, 674, 676, 677, 682, 683, 684, 687, 688, 689, 691, 694, 699, 701, 710, 718, 722, 723, 727, 728, 730, 731, 737, 738, 743, 744, 747, 749, 751, 762, 764, 770, 774, 777, 778, 781, 782, 789, 791]","[2, 9, 10, 82, 111, 112, 113, 199, 279, 284, 285, 300, 488, 494, 495, 553, 581, 582, 583, 670, 738, 743, 744, 759, 818]","[2, 9, 10, 82, 111, 112, 113, 127, 185, 199, 230, 279, 284, 285, 300, 472, 488, 494, 495, 553, 581, 582, 583, 598, 656, 670, 694, 738, 743, 744, 759, 818, 919]","[2, 9, 10, 25, 39, 75, 82, 103, 104, 105, 106, 107, 108, 109, 110, 111, 112, 113, 114, 115, 116, 117, 118, 119, 120, 121, 122, 123, 124, 125, 126, 127, 128, 129, 130, 131, 132, 133, 134, 135, 136, 137, 138, 139, 140, 141, 142, 143, 144, 145, 146, 147, 148, 149, 150, 151, 152, 153, 154, 155, 156, 157, 158, 159, 160, 161, 162, 163, 164, 165, 166, 167, 168, 169, 170, 171, 172, 173, 174, 175, 176, 177, 178, 179, 180, 181, 182, 183, 184, 185, 186, 187, 188, 189, 190, 191, 192, 193, 194, 195, 196, 197, 198, 199, 200, 201, 202, 203, 204, 205, 206, 207, 208, 209, 210, 211, 212, 213, 214, 215, 216, 217, 218, 219, 220, 221, 222, 223, 224, 225, 226, 227, 228, 229, 230, 231, 232, 233, 234, 235, 236, 237, 238, 239, 240, 241, 242, 243, 244, 245, 246, 247, 248, 249, 250, 251, 252, 253, 254, 255, 256, 257, 258, 259, 260, 261, 262, 263, 264, 265, 266, 267, 268, 269, 270, 271, 272, 273, 274, 275, 276, 277, 278, 279, 280, 281, 282, 283, 284, 285, 286, 287, 288, 289, 290, 291, 292, 293, 294, 295, 296, 297, 298, 299, 300, 301, 302, 303, 304, 305, 306, 307, 308, 309, 310, 311, 312, 313, 314, 315, 316, 317, 318, 319, 320, 321, 322, 323, 324, 325, 326, 327, 328, 329, 330, 331, 332, 333, 334, 335, 336, 337, 449, 472, 486, 488, 494, 495, 520, 549, 553, 574, 575, 576, 577, 578, 579, 580, 581, 582, 583, 584, 585, 586, 587, 588, 589, 590, 591, 592, 593, 594, 595, 596, 597, 598, 599, 600, 601, 602, 603, 604, 605, 606, 607, 608, 609, 610, 611, 612, 613, 614, 615, 616, 617, 618, 619, 620, 621, 622, 623, 624, 625, 626, 627, 628, 629, 630, 631, 632, 633, 634, 635, 636, 637, 638, 639, 640, 641, 642, 643, 644, 645, 646, 647, 648, 649, 650, 651, 652, 653, 654, 655, 656, 657, 658, 659, 660, 661, 662, 663, 664, 665, 666, 667, 668, 669, 670, 671, 672, 673, 674, 675, 676, 677, 678, 679, 680, 681, 682, 683, 684, 685, 686, 687, 688, 689, 690, 691, 692, 693, 694, 695, 696, 697, 698, 699, 700, 701, 702, 703, 704, 705, 706, 707, 708, 709, 710, 711, 712, 713, 714, 715, 716, 717, 718, 719, 720, 721, 722, 723, 724, 725, 726, 727, 728, 729, 730, 731, 732, 733, 734, 735, 736, 737, 738, 739, 740, 741, 742, 743, 744, 745, 746, 747, 748, 749, 750, 751, 752, 753, 754, 755, 756, 757, 758, 759, 760, 761, 762, 763, 764, 765, 766, 767, 768, 769, 770, 771, 772, 773, 774, 775, 776, 777, 778, 779, 780, 781, 782, 783, 784, 785, 786, 787, 788, 789, 790, 791, 792, 793, 818, 897, 919]",True,"[230, 284, 694, 743]","[103, 104, 105, 106, 107, 108, 109, 110, 111, 112, 113, 114, 115, 116, 117, 118, 119, 120, 121, 122, 123, 124, 125, 126, 127, 128, 129, 130, 131, 132, 133, 134, 135, 136, 137, 138, 139, 140, 141, 142, 143, 144, 145, 146, 147, 148, 149, 150, 151, 152, 153, 154, 155, 156, 157, 158, 159, 160, 161, 162, 163, 164, 165, 166, 167, 168, 169, 170, 171, 172, 173, 174, 175, 176, 177, 178, 179, 180, 181, 182, 183, 184, 185, 186, 187, 188, 189, 190, 191, 192, 193, 194, 195, 196, 197, 198, 199, 200, 201, 202, 203, 204, 205, 206, 207, 208, 209, 210, 211, 212, 213, 214, 215, 216, 217, 218, 219, 220, 221, 222, 223, 224, 225, 226, 227, 228, 229, 230, 231, 232, 233, 234, 235, 236, 237, 238, 239, 240, 241, 242, 243, 244, 245, 246, 247, 248, 249, 250, 251, 252, 253, 254, 255, 256, 257, 258, 259, 260, 261, 262, 263, 264, 265, 266, 267, 268, 269, 270, 271, 272, 273, 274, 275, 276, 277, 278, 279, 280, 281, 282, 283, 284, 285, 286, 287, 288, 289, 290, 291, 292, 293, 294, 295, 296, 297, 298, 299, 300, 301, 302, 303, 304, 305, 306, 307, 308, 309, 310, 311, 312, 313, 314, 315, 316, 317, 318, 319, 320, 321, 322, 323, 324, 325, 326, 327, 328, 329, 330, 331, 332, 333, 334, 335, 336, 337, 574, 575, 576, 577, 578, 579, 580, 581, 582, 583, 584, 585, 586, 587, 588, 589, 590, 591, 592, 593, 594, 595, 596, 597, 598, 599, 600, 601, 602, 603, 604, 605, 606, 607, 608, 609, 610, 611, 612, 613, 614, 615, 616, 617, 618, 619, 620, 621, 622, 623, 624, 625, 626, 627, 628, 629, 630, 631, 632, 633, 634, 635, 636, 637, 638, 639, 640, 641, 642, 643, 644, 645, 646, 647, 648, 649, 650, 651, 652, 653, 654, 655, 656, 657, 658, 659, 660, 661, 662, 663, 664, 665, 666, 667, 668, 669, 670, 671, 672, 673, 674, 675, 676, 677, 678, 679, 680, 681, 682, 683, 684, 685, 686, 687, 688, 689, 690, 691, 692, 693, 694, 695, 696, 697, 698, 699, 700, 701, 702, 703, 704, 705, 706, 707, 708, 709, 710, 711, 712, 713, 714, 715, 716, 717, 718, 719, 720, 721, 722, 723, 724, 725, 726, 727, 728, 729, 730, 731, 732, 733, 734, 735, 736, 737, 738, 739, 740, 741, 742, 743, 744, 745, 746, 747, 748, 749, 750, 751, 752, 753, 754, 755, 756, 757, 758, 759, 760, 761, 762, 763, 764, 765, 766, 767, 768, 769, 770, 771, 772, 773, 774, 775, 776, 777, 778, 779, 780, 781, 782, 783, 784, 785, 786, 787, 788, 789, 790, 791, 792, 793]","[230, 284, 694, 743]","[25, 39, 230, 284, 299, 449, 486, 520, 694, 743, 758, 897]","[10, 75, 103, 104, 106, 117, 118, 120, 127, 128, 129, 131, 133, 135, 136, 137, 139, 146, 147, 148, 149, 151, 158, 160, 162, 166, 173, 178, 179, 185, 190, 192, 198, 201, 203, 204, 206, 207, 212, 213, 214, 219, 223, 224, 225, 227, 230, 235, 237, 246, 247, 256, 259, 262, 263, 266, 268, 269, 271, 272, 278, 279, 284, 285, 288, 290, 292, 304, 306, 312, 316, 319, 320, 323, 324, 329, 332, 335, 495, 549, 574, 575, 577, 588, 589, 591, 598, 599, 600, 602, 604, 606, 607, 608, 610, 617, 618, 619, 620, 622, 625, 630, 632, 634, 638, 644, 649, 650, 656, 661, 663, 669, 673, 674, 676, 677, 682, 683, 684, 687, 688, 689, 691, 694, 699, 701, 710, 718, 722, 723, 727, 728, 730, 731, 737, 738, 743, 744, 747, 749, 751, 762, 764, 770, 774, 777, 778, 781, 782, 789, 791]","[2, 9, 10, 82, 111, 112, 113, 127, 185, 199, 230, 279, 284, 285, 300, 472, 488, 494, 495, 553, 581, 582, 583, 598, 656, 670, 694, 738, 743, 744, 759, 818, 919]","[2, 9, 10, 82, 111, 112, 113, 199, 279, 284, 285, 300, 488, 494, 495, 553, 581, 582, 583, 670, 738, 743, 744, 759, 818]",7/6 successful match,True,"[784, 785, 786]",True,785,False,,0.7553672316384181,True,Selma Valero,Valero
F Selma ( 93662 ) Selma Valero,3 559-896-7682 CA 99 Exit 115 ( Mountain View W ),<U+2610>,Selma,93662,Selma Valero,559-896-7682,2016,Selma,CA,Valero,( Mountain View W ),CA 99 Exit 115 ,Exit,115,False,,False,CA 99,,,,,"[284, 743]","[230, 284, 694, 743]","[230, 284, 694, 743]","[25, 39, 230, 284, 299, 449, 486, 520, 694, 743, 758, 897]","[103, 104, 105, 106, 107, 108, 109, 110, 111, 112, 113, 114, 115, 116, 117, 118, 119, 120, 121, 122, 123, 124, 125, 126, 127, 128, 129, 130, 131, 132, 133, 134, 135, 136, 137, 138, 139, 140, 141, 142, 143, 144, 145, 146, 147, 148, 149, 150, 151, 152, 153, 154, 155, 156, 157, 158, 159, 160, 161, 162, 163, 164, 165, 166, 167, 168, 169, 170, 171, 172, 173, 174, 175, 176, 177, 178, 179, 180, 181, 182, 183, 184, 185, 186, 187, 188, 189, 190, 191, 192, 193, 194, 195, 196, 197, 198, 199, 200, 201, 202, 203, 204, 205, 206, 207, 208, 209, 210, 211, 212, 213, 214, 215, 216, 217, 218, 219, 220, 221, 222, 223, 224, 225, 226, 227, 228, 229, 230, 231, 232, 233, 234, 235, 236, 237, 238, 239, 240, 241, 242, 243, 244, 245, 246, 247, 248, 249, 250, 251, 252, 253, 254, 255, 256, 257, 258, 259, 260, 261, 262, 263, 264, 265, 266, 267, 268, 269, 270, 271, 272, 273, 274, 275, 276, 277, 278, 279, 280, 281, 282, 283, 284, 285, 286, 287, 288, 289, 290, 291, 292, 293, 294, 295, 296, 297, 298, 299, 300, 301, 302, 303, 304, 305, 306, 307, 308, 309, 310, 311, 312, 313, 314, 315, 316, 317, 318, 319, 320, 321, 322, 323, 324, 325, 326, 327, 328, 329, 330, 331, 332, 333, 334, 335, 336, 337, 574, 575, 576, 577, 578, 579, 580, 581, 582, 583, 584, 585, 586, 587, 588, 589, 590, 591, 592, 593, 594, 595, 596, 597, 598, 599, 600, 601, 602, 603, 604, 605, 606, 607, 608, 609, 610, 611, 612, 613, 614, 615, 616, 617, 618, 619, 620, 621, 622, 623, 624, 625, 626, 627, 628, 629, 630, 631, 632, 633, 634, 635, 636, 637, 638, 639, 640, 641, 642, 643, 644, 645, 646, 647, 648, 649, 650, 651, 652, 653, 654, 655, 656, 657, 658, 659, 660, 661, 662, 663, 664, 665, 666, 667, 668, 669, 670, 671, 672, 673, 674, 675, 676, 677, 678, 679, 680, 681, 682, 683, 684, 685, 686, 687, 688, 689, 690, 691, 692, 693, 694, 695, 696, 697, 698, 699, 700, 701, 702, 703, 704, 705, 706, 707, 708, 709, 710, 711, 712, 713, 714, 715, 716, 717, 718, 719, 720, 721, 722, 723, 724, 725, 726, 727, 728, 729, 730, 731, 732, 733, 734, 735, 736, 737, 738, 739, 740, 741, 742, 743, 744, 745, 746, 747, 748, 749, 750, 751, 752, 753, 754, 755, 756, 757, 758, 759, 760, 761, 762, 763, 764, 765, 766, 767, 768, 769, 770, 771, 772, 773, 774, 775, 776, 777, 778, 779, 780, 781, 782, 783, 784, 785, 786, 787, 788, 789, 790, 791, 792, 793]","[10, 75, 103, 104, 106, 117, 118, 120, 127, 128, 129, 131, 133, 135, 136, 137, 139, 146, 147, 148, 149, 151, 158, 160, 162, 166, 173, 178, 179, 185, 190, 192, 198, 201, 203, 204, 206, 207, 212, 213, 214, 219, 223, 224, 225, 227, 230, 235, 237, 246, 247, 256, 259, 262, 263, 266, 268, 269, 271, 272, 278, 279, 284, 285, 288, 290, 292, 304, 306, 312, 316, 319, 320, 323, 324, 329, 332, 335, 495, 549, 574, 575, 577, 588, 589, 591, 598, 599, 600, 602, 604, 606, 607, 608, 610, 617, 618, 619, 620, 622, 625, 630, 632, 634, 638, 644, 649, 650, 656, 661, 663, 669, 673, 674, 676, 677, 682, 683, 684, 687, 688, 689, 691, 694, 699, 701, 710, 718, 722, 723, 727, 728, 730, 731, 737, 738, 743, 744, 747, 749, 751, 762, 764, 770, 774, 777, 778, 781, 782, 789, 791]","[2, 9, 10, 82, 111, 112, 113, 199, 279, 284, 285, 300, 488, 494, 495, 553, 581, 582, 583, 670, 738, 743, 744, 759, 818]","[2, 9, 10, 82, 111, 112, 113, 199, 279, 284, 285, 300, 488, 494, 495, 553, 581, 582, 583, 670, 738, 743, 744, 759, 818]","[2, 9, 10, 25, 39, 75, 82, 103, 104, 105, 106, 107, 108, 109, 110, 111, 112, 113, 114, 115, 116, 117, 118, 119, 120, 121, 122, 123, 124, 125, 126, 127, 128, 129, 130, 131, 132, 133, 134, 135, 136, 137, 138, 139, 140, 141, 142, 143, 144, 145, 146, 147, 148, 149, 150, 151, 152, 153, 154, 155, 156, 157, 158, 159, 160, 161, 162, 163, 164, 165, 166, 167, 168, 169, 170, 171, 172, 173, 174, 175, 176, 177, 178, 179, 180, 181, 182, 183, 184, 185, 186, 187, 188, 189, 190, 191, 192, 193, 194, 195, 196, 197, 198, 199, 200, 201, 202, 203, 204, 205, 206, 207, 208, 209, 210, 211, 212, 213, 214, 215, 216, 217, 218, 219, 220, 221, 222, 223, 224, 225, 226, 227, 228, 229, 230, 231, 232, 233, 234, 235, 236, 237, 238, 239, 240, 241, 242, 243, 244, 245, 246, 247, 248, 249, 250, 251, 252, 253, 254, 255, 256, 257, 258, 259, 260, 261, 262, 263, 264, 265, 266, 267, 268, 269, 270, 271, 272, 273, 274, 275, 276, 277, 278, 279, 280, 281, 282, 283, 284, 285, 286, 287, 288, 289, 290, 291, 292, 293, 294, 295, 296, 297, 298, 299, 300, 301, 302, 303, 304, 305, 306, 307, 308, 309, 310, 311, 312, 313, 314, 315, 316, 317, 318, 319, 320, 321, 322, 323, 324, 325, 326, 327, 328, 329, 330, 331, 332, 333, 334, 335, 336, 337, 449, 486, 488, 494, 495, 520, 549, 553, 574, 575, 576, 577, 578, 579, 580, 581, 582, 583, 584, 585, 586, 587, 588, 589, 590, 591, 592, 593, 594, 595, 596, 597, 598, 599, 600, 601, 602, 603, 604, 605, 606, 607, 608, 609, 610, 611, 612, 613, 614, 615, 616, 617, 618, 619, 620, 621, 622, 623, 624, 625, 626, 627, 628, 629, 630, 631, 632, 633, 634, 635, 636, 637, 638, 639, 640, 641, 642, 643, 644, 645, 646, 647, 648, 649, 650, 651, 652, 653, 654, 655, 656, 657, 658, 659, 660, 661, 662, 663, 664, 665, 666, 667, 668, 669, 670, 671, 672, 673, 674, 675, 676, 677, 678, 679, 680, 681, 682, 683, 684, 685, 686, 687, 688, 689, 690, 691, 692, 693, 694, 695, 696, 697, 698, 699, 700, 701, 702, 703, 704, 705, 706, 707, 708, 709, 710, 711, 712, 713, 714, 715, 716, 717, 718, 719, 720, 721, 722, 723, 724, 725, 726, 727, 728, 729, 730, 731, 732, 733, 734, 735, 736, 737, 738, 739, 740, 741, 742, 743, 744, 745, 746, 747, 748, 749, 750, 751, 752, 753, 754, 755, 756, 757, 758, 759, 760, 761, 762, 763, 764, 765, 766, 767, 768, 769, 770, 771, 772, 773, 774, 775, 776, 777, 778, 779, 780, 781, 782, 783, 784, 785, 786, 787, 788, 789, 790, 791, 792, 793, 818, 897]",True,"[230, 284, 694, 743]","[103, 104, 105, 106, 107, 108, 109, 110, 111, 112, 113, 114, 115, 116, 117, 118, 119, 120, 121, 122, 123, 124, 125, 126, 127, 128, 129, 130, 131, 132, 133, 134, 135, 136, 137, 138, 139, 140, 141, 142, 143, 144, 145, 146, 147, 148, 149, 150, 151, 152, 153, 154, 155, 156, 157, 158, 159, 160, 161, 162, 163, 164, 165, 166, 167, 168, 169, 170, 171, 172, 173, 174, 175, 176, 177, 178, 179, 180, 181, 182, 183, 184, 185, 186, 187, 188, 189, 190, 191, 192, 193, 194, 195, 196, 197, 198, 199, 200, 201, 202, 203, 204, 205, 206, 207, 208, 209, 210, 211, 212, 213, 214, 215, 216, 217, 218, 219, 220, 221, 222, 223, 224, 225, 226, 227, 228, 229, 230, 231, 232, 233, 234, 235, 236, 237, 238, 239, 240, 241, 242, 243, 244, 245, 246, 247, 248, 249, 250, 251, 252, 253, 254, 255, 256, 257, 258, 259, 260, 261, 262, 263, 264, 265, 266, 267, 268, 269, 270, 271, 272, 273, 274, 275, 276, 277, 278, 279, 280, 281, 282, 283, 284, 285, 286, 287, 288, 289, 290, 291, 292, 293, 294, 295, 296, 297, 298, 299, 300, 301, 302, 303, 304, 305, 306, 307, 308, 309, 310, 311, 312, 313, 314, 315, 316, 317, 318, 319, 320, 321, 322, 323, 324, 325, 326, 327, 328, 329, 330, 331, 332, 333, 334, 335, 336, 337, 574, 575, 576, 577, 578, 579, 580, 581, 582, 583, 584, 585, 586, 587, 588, 589, 590, 591, 592, 593, 594, 595, 596, 597, 598, 599, 600, 601, 602, 603, 604, 605, 606, 607, 608, 609, 610, 611, 612, 613, 614, 615, 616, 617, 618, 619, 620, 621, 622, 623, 624, 625, 626, 627, 628, 629, 630, 631, 632, 633, 634, 635, 636, 637, 638, 639, 640, 641, 642, 643, 644, 645, 646, 647, 648, 649, 650, 651, 652, 653, 654, 655, 656, 657, 658, 659, 660, 661, 662, 663, 664, 665, 666, 667, 668, 669, 670, 671, 672, 673, 674, 675, 676, 677, 678, 679, 680, 681, 682, 683, 684, 685, 686, 687, 688, 689, 690, 691, 692, 693, 694, 695, 696, 697, 698, 699, 700, 701, 702, 703, 704, 705, 706, 707, 708, 709, 710, 711, 712, 713, 714, 715, 716, 717, 718, 719, 720, 721, 722, 723, 724, 725, 726, 727, 728, 729, 730, 731, 732, 733, 734, 735, 736, 737, 738, 739, 740, 741, 742, 743, 744, 745, 746, 747, 748, 749, 750, 751, 752, 753, 754, 755, 756, 757, 758, 759, 760, 761, 762, 763, 764, 765, 766, 767, 768, 769, 770, 771, 772, 773, 774, 775, 776, 777, 778, 779, 780, 781, 782, 783, 784, 785, 786, 787, 788, 789, 790, 791, 792, 793]","[230, 284, 694, 743]","[25, 39, 230, 284, 299, 449, 486, 520, 694, 743, 758, 897]","[10, 75, 103, 104, 106, 117, 118, 120, 127, 128, 129, 131, 133, 135, 136, 137, 139, 146, 147, 148, 149, 151, 158, 160, 162, 166, 173, 178, 179, 185, 190, 192, 198, 201, 203, 204, 206, 207, 212, 213, 214, 219, 223, 224, 225, 227, 230, 235, 237, 246, 247, 256, 259, 262, 263, 266, 268, 269, 271, 272, 278, 279, 284, 285, 288, 290, 292, 304, 306, 312, 316, 319, 320, 323, 324, 329, 332, 335, 495, 549, 574, 575, 577, 588, 589, 591, 598, 599, 600, 602, 604, 606, 607, 608, 610, 617, 618, 619, 620, 622, 625, 630, 632, 634, 638, 644, 649, 650, 656, 661, 663, 669, 673, 674, 676, 677, 682, 683, 684, 687, 688, 689, 691, 694, 699, 701, 710, 718, 722, 723, 727, 728, 730, 731, 737, 738, 743, 744, 747, 749, 751, 762, 764, 770, 774, 777, 778, 781, 782, 789, 791]","[2, 9, 10, 82, 111, 112, 113, 199, 279, 284, 285, 300, 488, 494, 495, 553, 581, 582, 583, 670, 738, 743, 744, 759, 818]","[2, 9, 10, 82, 111, 112, 113, 199, 279, 284, 285, 300, 488, 494, 495, 553, 581, 582, 583, 670, 738, 743, 744, 759, 818]",7/6 successful match,True,"[784, 785, 786]",True,785,False,,0.7553672316384181,True,Selma CA 99 Valero Exit 115 ( Mountain View W ),Valero
"F Fresno , 93722 E - Z Trip",559-276-0909 CA 99 Exit 143 ( Herndon Ave ),) 24 XL <U+2610>,Fresno,93722,E - Z Trip,559-276-0909,2006,Fresno,CA,,( Herndon Ave ),CA 99 Exit 143 ,Exit,143,False,,False,CA 99,,,,,[],[625],"[106, 135, 278, 288, 577, 606, 625, 737, 747]",[],"[103, 104, 105, 106, 107, 108, 109, 110, 111, 112, 113, 114, 115, 116, 117, 118, 119, 120, 121, 122, 123, 124, 125, 126, 127, 128, 129, 130, 131, 132, 133, 134, 135, 136, 137, 138, 139, 140, 141, 142, 143, 144, 145, 146, 147, 148, 149, 150, 151, 152, 153, 154, 155, 156, 157, 158, 159, 160, 161, 162, 163, 164, 165, 166, 167, 168, 169, 170, 171, 172, 173, 174, 175, 176, 177, 178, 179, 180, 181, 182, 183, 184, 185, 186, 187, 188, 189, 190, 191, 192, 193, 194, 195, 196, 197, 198, 199, 200, 201, 202, 203, 204, 205, 206, 207, 208, 209, 210, 211, 212, 213, 214, 215, 216, 217, 218, 219, 220, 221, 222, 223, 224, 225, 226, 227, 228, 229, 230, 231, 232, 233, 234, 235, 236, 237, 238, 239, 240, 241, 242, 243, 244, 245, 246, 247, 248, 249, 250, 251, 252, 253, 254, 255, 256, 257, 258, 259, 260, 261, 262, 263, 264, 265, 266, 267, 268, 269, 270, 271, 272, 273, 274, 275, 276, 277, 278, 279, 280, 281, 282, 283, 284, 285, 286, 287, 288, 289, 290, 291, 292, 293, 294, 295, 296, 297, 298, 299, 300, 301, 302, 303, 304, 305, 306, 307, 308, 309, 310, 311, 312, 313, 314, 315, 316, 317, 318, 319, 320, 321, 322, 323, 324, 325, 326, 327, 328, 329, 330, 331, 332, 333, 334, 335, 336, 337, 574, 575, 576, 577, 578, 579, 580, 581, 582, 583, 584, 585, 586, 587, 588, 589, 590, 591, 592, 593, 594, 595, 596, 597, 598, 599, 600, 601, 602, 603, 604, 605, 606, 607, 608, 609, 610, 611, 612, 613, 614, 615, 616, 617, 618, 619, 620, 621, 622, 623, 624, 625, 626, 627, 628, 629, 630, 631, 632, 633, 634, 635, 636, 637, 638, 639, 640, 641, 642, 643, 644, 645, 646, 647, 648, 649, 650, 651, 652, 653, 654, 655, 656, 657, 658, 659, 660, 661, 662, 663, 664, 665, 666, 667, 668, 669, 670, 671, 672, 673, 674, 675, 676, 677, 678, 679, 680, 681, 682, 683, 684, 685, 686, 687, 688, 689, 690, 691, 692, 693, 694, 695, 696, 697, 698, 699, 700, 701, 702, 703, 704, 705, 706, 707, 708, 709, 710, 711, 712, 713, 714, 715, 716, 717, 718, 719, 720, 721, 722, 723, 724, 725, 726, 727, 728, 729, 730, 731, 732, 733, 734, 735, 736, 737, 738, 739, 740, 741, 742, 743, 744, 745, 746, 747, 748, 749, 750, 751, 752, 753, 754, 755, 756, 757, 758, 759, 760, 761, 762, 763, 764, 765, 766, 767, 768, 769, 770, 771, 772, 773, 774, 775, 776, 777, 778, 779, 780, 781, 782, 783, 784, 785, 786, 787, 788, 789, 790, 791, 792, 793]","[10, 75, 103, 104, 106, 117, 118, 120, 127, 128, 129, 131, 133, 135, 136, 137, 139, 146, 147, 148, 149, 151, 158, 160, 162, 166, 173, 178, 179, 185, 190, 192, 198, 201, 203, 204, 206, 207, 212, 213, 214, 219, 223, 224, 225, 227, 230, 235, 237, 246, 247, 256, 259, 262, 263, 266, 268, 269, 271, 272, 278, 279, 284, 285, 288, 290, 292, 304, 306, 312, 316, 319, 320, 323, 324, 329, 332, 335, 495, 549, 574, 575, 577, 588, 589, 591, 598, 599, 600, 602, 604, 606, 607, 608, 610, 617, 618, 619, 620, 622, 625, 630, 632, 634, 638, 644, 649, 650, 656, 661, 663, 669, 673, 674, 676, 677, 682, 683, 684, 687, 688, 689, 691, 694, 699, 701, 710, 718, 722, 723, 727, 728, 730, 731, 737, 738, 743, 744, 747, 749, 751, 762, 764, 770, 774, 777, 778, 781, 782, 789, 791]",[],"[83, 85, 151, 152, 153, 554, 556, 622, 623, 624, 625]","[10, 75, 83, 85, 103, 104, 105, 106, 107, 108, 109, 110, 111, 112, 113, 114, 115, 116, 117, 118, 119, 120, 121, 122, 123, 124, 125, 126, 127, 128, 129, 130, 131, 132, 133, 134, 135, 136, 137, 138, 139, 140, 141, 142, 143, 144, 145, 146, 147, 148, 149, 150, 151, 152, 153, 154, 155, 156, 157, 158, 159, 160, 161, 162, 163, 164, 165, 166, 167, 168, 169, 170, 171, 172, 173, 174, 175, 176, 177, 178, 179, 180, 181, 182, 183, 184, 185, 186, 187, 188, 189, 190, 191, 192, 193, 194, 195, 196, 197, 198, 199, 200, 201, 202, 203, 204, 205, 206, 207, 208, 209, 210, 211, 212, 213, 214, 215, 216, 217, 218, 219, 220, 221, 222, 223, 224, 225, 226, 227, 228, 229, 230, 231, 232, 233, 234, 235, 236, 237, 238, 239, 240, 241, 242, 243, 244, 245, 246, 247, 248, 249, 250, 251, 252, 253, 254, 255, 256, 257, 258, 259, 260, 261, 262, 263, 264, 265, 266, 267, 268, 269, 270, 271, 272, 273, 274, 275, 276, 277, 278, 279, 280, 281, 282, 283, 284, 285, 286, 287, 288, 289, 290, 291, 292, 293, 294, 295, 296, 297, 298, 299, 300, 301, 302, 303, 304, 305, 306, 307, 308, 309, 310, 311, 312, 313, 314, 315, 316, 317, 318, 319, 320, 321, 322, 323, 324, 325, 326, 327, 328, 329, 330, 331, 332, 333, 334, 335, 336, 337, 495, 549, 554, 556, 574, 575, 576, 577, 578, 579, 580, 581, 582, 583, 584, 585, 586, 587, 588, 589, 590, 591, 592, 593, 594, 595, 596, 597, 598, 599, 600, 601, 602, 603, 604, 605, 606, 607, 608, 609, 610, 611, 612, 613, 614, 615, 616, 617, 618, 619, 620, 621, 622, 623, 624, 625, 626, 627, 628, 629, 630, 631, 632, 633, 634, 635, 636, 637, 638, 639, 640, 641, 642, 643, 644, 645, 646, 647, 648, 649, 650, 651, 652, 653, 654, 655, 656, 657, 658, 659, 660, 661, 662, 663, 664, 665, 666, 667, 668, 669, 670, 671, 672, 673, 674, 675, 676, 677, 678, 679, 680, 681, 682, 683, 684, 685, 686, 687, 688, 689, 690, 691, 692, 693, 694, 695, 696, 697, 698, 699, 700, 701, 702, 703, 704, 705, 706, 707, 708, 709, 710, 711, 712, 713, 714, 715, 716, 717, 718, 719, 720, 721, 722, 723, 724, 725, 726, 727, 728, 729, 730, 731, 732, 733, 734, 735, 736, 737, 738, 739, 740, 741, 742, 743, 744, 745, 746, 747, 748, 749, 750, 751, 752, 753, 754, 755, 756, 757, 758, 759, 760, 761, 762, 763, 764, 765, 766, 767, 768, 769, 770, 771, 772, 773, 774, 775, 776, 777, 778, 779, 780, 781, 782, 783, 784, 785, 786, 787, 788, 789, 790, 791, 792, 793]",False,[625],"[103, 104, 105, 106, 107, 108, 109, 110, 111, 112, 113, 114, 115, 116, 117, 118, 119, 120, 121, 122, 123, 124, 125, 126, 127, 128, 129, 130, 131, 132, 133, 134, 135, 136, 137, 138, 139, 140, 141, 142, 143, 144, 145, 146, 147, 148, 149, 150, 151, 152, 153, 154, 155, 156, 157, 158, 159, 160, 161, 162, 163, 164, 165, 166, 167, 168, 169, 170, 171, 172, 173, 174, 175, 176, 177, 178, 179, 180, 181, 182, 183, 184, 185, 186, 187, 188, 189, 190, 191, 192, 193, 194, 195, 196, 197, 198, 199, 200, 201, 202, 203, 204, 205, 206, 207, 208, 209, 210, 211, 212, 213, 214, 215, 216, 217, 218, 219, 220, 221, 222, 223, 224, 225, 226, 227, 228, 229, 230, 231, 232, 233, 234, 235, 236, 237, 238, 239, 240, 241, 242, 243, 244, 245, 246, 247, 248, 249, 250, 251, 252, 253, 254, 255, 256, 257, 258, 259, 260, 261, 262, 263, 264, 265, 266, 267, 268, 269, 270, 271, 272, 273, 274, 275, 276, 277, 278, 279, 280, 281, 282, 283, 284, 285, 286, 287, 288, 289, 290, 291, 292, 293, 294, 295, 296, 297, 298, 299, 300, 301, 302, 303, 304, 305, 306, 307, 308, 309, 310, 311, 312, 313, 314, 315, 316, 317, 318, 319, 320, 321, 322, 323, 324, 325, 326, 327, 328, 329, 330, 331, 332, 333, 334, 335, 336, 337, 574, 575, 576, 577, 578, 579, 580, 581, 582, 583, 584, 585, 586, 587, 588, 589, 590, 591, 592, 593, 594, 595, 596, 597, 598, 599, 600, 601, 602, 603, 604, 605, 606, 607, 608, 609, 610, 611, 612, 613, 614, 615, 616, 617, 618, 619, 620, 621, 622, 623, 624, 625, 626, 627, 628, 629, 630, 631, 632, 633, 634, 635, 636, 637, 638, 639, 640, 641, 642, 643, 644, 645, 646, 647, 648, 649, 650, 651, 652, 653, 654, 655, 656, 657, 658, 659, 660, 661, 662, 663, 664, 665, 666, 667, 668, 669, 670, 671, 672, 673, 674, 675, 676, 677, 678, 679, 680, 681, 682, 683, 684, 685, 686, 687, 688, 689, 690, 691, 692, 693, 694, 695, 696, 697, 698, 699, 700, 701, 702, 703, 704, 705, 706, 707, 708, 709, 710, 711, 712, 713, 714, 715, 716, 717, 718, 719, 720, 721, 722, 723, 724, 725, 726, 727, 728, 729, 730, 731, 732, 733, 734, 735, 736, 737, 738, 739, 740, 741, 742, 743, 744, 745, 746, 747, 748, 749, 750, 751, 752, 753, 754, 755, 756, 757, 758, 759, 760, 761, 762, 763, 764, 765, 766, 767, 768, 769, 770, 771, 772, 773, 774, 775, 776, 777, 778, 779, 780, 781, 782, 783, 784, 785, 786, 787, 788, 789, 790, 791, 792, 793]","[106, 135, 278, 288, 577, 606, 625, 737, 747]",[],"[10, 75, 103, 104, 106, 117, 118, 120, 127, 128, 129, 131, 133, 135, 136, 137, 139, 146, 147, 148, 149, 151, 158, 160, 162, 166, 173, 178, 179, 185, 190, 192, 198, 201, 203, 204, 206, 207, 212, 213, 214, 219, 223, 224, 225, 227, 230, 235, 237, 246, 247, 256, 259, 262, 263, 266, 268, 269, 271, 272, 278, 279, 284, 285, 288, 290, 292, 304, 306, 312, 316, 319, 320, 323, 324, 329, 332, 335, 495, 549, 574, 575, 577, 588, 589, 591, 598, 599, 600, 602, 604, 606, 607, 608, 610, 617, 618, 619, 620, 622, 625, 630, 632, 634, 638, 644, 649, 650, 656, 661, 663, 669, 673, 674, 676, 677, 682, 683, 684, 687, 688, 689, 691, 694, 699, 701, 710, 718, 722, 723, 727, 728, 730, 731, 737, 738, 743, 744, 747, 749, 751, 762, 764, 770, 774, 777, 778, 781, 782, 789, 791]","[83, 85, 151, 152, 153, 554, 556, 622, 623, 624, 625]",[],7/6 successful match,False,[600],True,786,False,,,,,
"F Fresno , 93722 E - Z Trip ( Shell )",559-276-0909 CA 99 Exit 143 ( Herndon Ave ),24 000,Fresno,93722,E - Z Trip ( Shell ),559-276-0909,2007,Fresno,CA,Shell,( Herndon Ave ),CA 99 Exit 143 ,Exit,143,False,,False,CA 99,,,,,[],[625],"[106, 135, 278, 288, 577, 606, 625, 737, 747]",[],"[103, 104, 105, 106, 107, 108, 109, 110, 111, 112, 113, 114, 115, 116, 117, 118, 119, 120, 121, 122, 123, 124, 125, 126, 127, 128, 129, 130, 131, 132, 133, 134, 135, 136, 137, 138, 139, 140, 141, 142, 143, 144, 145, 146, 147, 148, 149, 150, 151, 152, 153, 154, 155, 156, 157, 158, 159, 160, 161, 162, 163, 164, 165, 166, 167, 168, 169, 170, 171, 172, 173, 174, 175, 176, 177, 178, 179, 180, 181, 182, 183, 184, 185, 186, 187, 188, 189, 190, 191, 192, 193, 194, 195, 196, 197, 198, 199, 200, 201, 202, 203, 204, 205, 206, 207, 208, 209, 210, 211, 212, 213, 214, 215, 216, 217, 218, 219, 220, 221, 222, 223, 224, 225, 226, 227, 228, 229, 230, 231, 232, 233, 234, 235, 236, 237, 238, 239, 240, 241, 242, 243, 244, 245, 246, 247, 248, 249, 250, 251, 252, 253, 254, 255, 256, 257, 258, 259, 260, 261, 262, 263, 264, 265, 266, 267, 268, 269, 270, 271, 272, 273, 274, 275, 276, 277, 278, 279, 280, 281, 282, 283, 284, 285, 286, 287, 288, 289, 290, 291, 292, 293, 294, 295, 296, 297, 298, 299, 300, 301, 302, 303, 304, 305, 306, 307, 308, 309, 310, 311, 312, 313, 314, 315, 316, 317, 318, 319, 320, 321, 322, 323, 324, 325, 326, 327, 328, 329, 330, 331, 332, 333, 334, 335, 336, 337, 574, 575, 576, 577, 578, 579, 580, 581, 582, 583, 584, 585, 586, 587, 588, 589, 590, 591, 592, 593, 594, 595, 596, 597, 598, 599, 600, 601, 602, 603, 604, 605, 606, 607, 608, 609, 610, 611, 612, 613, 614, 615, 616, 617, 618, 619, 620, 621, 622, 623, 624, 625, 626, 627, 628, 629, 630, 631, 632, 633, 634, 635, 636, 637, 638, 639, 640, 641, 642, 643, 644, 645, 646, 647, 648, 649, 650, 651, 652, 653, 654, 655, 656, 657, 658, 659, 660, 661, 662, 663, 664, 665, 666, 667, 668, 669, 670, 671, 672, 673, 674, 675, 676, 677, 678, 679, 680, 681, 682, 683, 684, 685, 686, 687, 688, 689, 690, 691, 692, 693, 694, 695, 696, 697, 698, 699, 700, 701, 702, 703, 704, 705, 706, 707, 708, 709, 710, 711, 712, 713, 714, 715, 716, 717, 718, 719, 720, 721, 722, 723, 724, 725, 726, 727, 728, 729, 730, 731, 732, 733, 734, 735, 736, 737, 738, 739, 740, 741, 742, 743, 744, 745, 746, 747, 748, 749, 750, 751, 752, 753, 754, 755, 756, 757, 758, 759, 760, 761, 762, 763, 764, 765, 766, 767, 768, 769, 770, 771, 772, 773, 774, 775, 776, 777, 778, 779, 780, 781, 782, 783, 784, 785, 786, 787, 788, 789, 790, 791, 792, 793]","[10, 75, 103, 104, 106, 117, 118, 120, 127, 128, 129, 131, 133, 135, 136, 137, 139, 146, 147, 148, 149, 151, 158, 160, 162, 166, 173, 178, 179, 185, 190, 192, 198, 201, 203, 204, 206, 207, 212, 213, 214, 219, 223, 224, 225, 227, 230, 235, 237, 246, 247, 256, 259, 262, 263, 266, 268, 269, 271, 272, 278, 279, 284, 285, 288, 290, 292, 304, 306, 312, 316, 319, 320, 323, 324, 329, 332, 335, 495, 549, 574, 575, 577, 588, 589, 591, 598, 599, 600, 602, 604, 606, 607, 608, 610, 617, 618, 619, 620, 622, 625, 630, 632, 634, 638, 644, 649, 650, 656, 661, 663, 669, 673, 674, 676, 677, 682, 683, 684, 687, 688, 689, 691, 694, 699, 701, 710, 718, 722, 723, 727, 728, 730, 731, 737, 738, 743, 744, 747, 749, 751, 762, 764, 770, 774, 777, 778, 781, 782, 789, 791]","[1, 13, 14, 29, 54, 55, 56, 57, 58, 60, 102, 118, 125, 127, 130, 134, 146, 149, 153, 175, 182, 187, 189, 191, 197, 225, 230, 238, 264, 265, 266, 286, 302, 317, 336, 379, 388, 389, 425, 454, 458, 463, 475, 487, 498, 499, 512, 530, 531, 532, 533, 534, 536, 573, 589, 596, 598, 601, 605, 617, 620, 624, 646, 653, 658, 660, 662, 668, 689, 694, 702, 724, 725, 745, 760, 775, 793, 829, 838, 839, 877, 901, 903, 905, 910, 923]","[1, 13, 14, 29, 54, 55, 56, 57, 58, 60, 83, 85, 102, 118, 125, 127, 130, 134, 146, 149, 151, 152, 153, 175, 182, 187, 189, 191, 197, 225, 230, 238, 264, 265, 266, 286, 302, 317, 336, 354, 379, 388, 389, 425, 454, 458, 463, 475, 487, 498, 499, 512, 530, 531, 532, 533, 534, 536, 554, 556, 573, 589, 596, 598, 601, 605, 617, 620, 622, 623, 624, 625, 646, 653, 658, 660, 662, 668, 689, 694, 702, 724, 725, 745, 760, 775, 793, 809, 829, 838, 839, 877, 901, 903, 905, 910, 923]","[1, 10, 13, 14, 29, 54, 55, 56, 57, 58, 60, 75, 83, 85, 102, 103, 104, 105, 106, 107, 108, 109, 110, 111, 112, 113, 114, 115, 116, 117, 118, 119, 120, 121, 122, 123, 124, 125, 126, 127, 128, 129, 130, 131, 132, 133, 134, 135, 136, 137, 138, 139, 140, 141, 142, 143, 144, 145, 146, 147, 148, 149, 150, 151, 152, 153, 154, 155, 156, 157, 158, 159, 160, 161, 162, 163, 164, 165, 166, 167, 168, 169, 170, 171, 172, 173, 174, 175, 176, 177, 178, 179, 180, 181, 182, 183, 184, 185, 186, 187, 188, 189, 190, 191, 192, 193, 194, 195, 196, 197, 198, 199, 200, 201, 202, 203, 204, 205, 206, 207, 208, 209, 210, 211, 212, 213, 214, 215, 216, 217, 218, 219, 220, 221, 222, 223, 224, 225, 226, 227, 228, 229, 230, 231, 232, 233, 234, 235, 236, 237, 238, 239, 240, 241, 242, 243, 244, 245, 246, 247, 248, 249, 250, 251, 252, 253, 254, 255, 256, 257, 258, 259, 260, 261, 262, 263, 264, 265, 266, 267, 268, 269, 270, 271, 272, 273, 274, 275, 276, 277, 278, 279, 280, 281, 282, 283, 284, 285, 286, 287, 288, 289, 290, 291, 292, 293, 294, 295, 296, 297, 298, 299, 300, 301, 302, 303, 304, 305, 306, 307, 308, 309, 310, 311, 312, 313, 314, 315, 316, 317, 318, 319, 320, 321, 322, 323, 324, 325, 326, 327, 328, 329, 330, 331, 332, 333, 334, 335, 336, 337, 354, 379, 388, 389, 425, 454, 458, 463, 475, 487, 495, 498, 499, 512, 530, 531, 532, 533, 534, 536, 549, 554, 556, 573, 574, 575, 576, 577, 578, 579, 580, 581, 582, 583, 584, 585, 586, 587, 588, 589, 590, 591, 592, 593, 594, 595, 596, 597, 598, 599, 600, 601, 602, 603, 604, 605, 606, 607, 608, 609, 610, 611, 612, 613, 614, 615, 616, 617, 618, 619, 620, 621, 622, 623, 624, 625, 626, 627, 628, 629, 630, 631, 632, 633, 634, 635, 636, 637, 638, 639, 640, 641, 642, 643, 644, 645, 646, 647, 648, 649, 650, 651, 652, 653, 654, 655, 656, 657, 658, 659, 660, 661, 662, 663, 664, 665, 666, 667, 668, 669, 670, 671, 672, 673, 674, 675, 676, 677, 678, 679, 680, 681, 682, 683, 684, 685, 686, 687, 688, 689, 690, 691, 692, 693, 694, 695, 696, 697, 698, 699, 700, 701, 702, 703, 704, 705, 706, 707, 708, 709, 710, 711, 712, 713, 714, 715, 716, 717, 718, 719, 720, 721, 722, 723, 724, 725, 726, 727, 728, 729, 730, 731, 732, 733, 734, 735, 736, 737, 738, 739, 740, 741, 742, 743, 744, 745, 746, 747, 748, 749, 750, 751, 752, 753, 754, 755, 756, 757, 758, 759, 760, 761, 762, 763, 764, 765, 766, 767, 768, 769, 770, 771, 772, 773, 774, 775, 776, 777, 778, 779, 780, 781, 782, 783, 784, 785, 786, 787, 788, 789, 790, 791, 792, 793, 809, 829, 838, 839, 877, 901, 903, 905, 910, 923]",False,[625],"[103, 104, 105, 106, 107, 108, 109, 110, 111, 112, 113, 114, 115, 116, 117, 118, 119, 120, 121, 122, 123, 124, 125, 126, 127, 128, 129, 130, 131, 132, 133, 134, 135, 136, 137, 138, 139, 140, 141, 142, 143, 144, 145, 146, 147, 148, 149, 150, 151, 152, 153, 154, 155, 156, 157, 158, 159, 160, 161, 162, 163, 164, 165, 166, 167, 168, 169, 170, 171, 172, 173, 174, 175, 176, 177, 178, 179, 180, 181, 182, 183, 184, 185, 186, 187, 188, 189, 190, 191, 192, 193, 194, 195, 196, 197, 198, 199, 200, 201, 202, 203, 204, 205, 206, 207, 208, 209, 210, 211, 212, 213, 214, 215, 216, 217, 218, 219, 220, 221, 222, 223, 224, 225, 226, 227, 228, 229, 230, 231, 232, 233, 234, 235, 236, 237, 238, 239, 240, 241, 242, 243, 244, 245, 246, 247, 248, 249, 250, 251, 252, 253, 254, 255, 256, 257, 258, 259, 260, 261, 262, 263, 264, 265, 266, 267, 268, 269, 270, 271, 272, 273, 274, 275, 276, 277, 278, 279, 280, 281, 282, 283, 284, 285, 286, 287, 288, 289, 290, 291, 292, 293, 294, 295, 296, 297, 298, 299, 300, 301, 302, 303, 304, 305, 306, 307, 308, 309, 310, 311, 312, 313, 314, 315, 316, 317, 318, 319, 320, 321, 322, 323, 324, 325, 326, 327, 328, 329, 330, 331, 332, 333, 334, 335, 336, 337, 574, 575, 576, 577, 578, 579, 580, 581, 582, 583, 584, 585, 586, 587, 588, 589, 590, 591, 592, 593, 594, 595, 596, 597, 598, 599, 600, 601, 602, 603, 604, 605, 606, 607, 608, 609, 610, 611, 612, 613, 614, 615, 616, 617, 618, 619, 620, 621, 622, 623, 624, 625, 626, 627, 628, 629, 630, 631, 632, 633, 634, 635, 636, 637, 638, 639, 640, 641, 642, 643, 644, 645, 646, 647, 648, 649, 650, 651, 652, 653, 654, 655, 656, 657, 658, 659, 660, 661, 662, 663, 664, 665, 666, 667, 668, 669, 670, 671, 672, 673, 674, 675, 676, 677, 678, 679, 680, 681, 682, 683, 684, 685, 686, 687, 688, 689, 690, 691, 692, 693, 694, 695, 696, 697, 698, 699, 700, 701, 702, 703, 704, 705, 706, 707, 708, 709, 710, 711, 712, 713, 714, 715, 716, 717, 718, 719, 720, 721, 722, 723, 724, 725, 726, 727, 728, 729, 730, 731, 732, 733, 734, 735, 736, 737, 738, 739, 740, 741, 742, 743, 744, 745, 746, 747, 748, 749, 750, 751, 752, 753, 754, 755, 756, 757, 758, 759, 760, 761, 762, 763, 764, 765, 766, 767, 768, 769, 770, 771, 772, 773, 774, 775, 776, 777, 778, 779, 780, 781, 782, 783, 784, 785, 786, 787, 788, 789, 790, 791, 792, 793]","[106, 135, 278, 288, 577, 606, 625, 737, 747]",[],"[10, 75, 103, 104, 106, 117, 118, 120, 127, 128, 129, 131, 133, 135, 136, 137, 139, 146, 147, 148, 149, 151, 158, 160, 162, 166, 173, 178, 179, 185, 190, 192, 198, 201, 203, 204, 206, 207, 212, 213, 214, 219, 223, 224, 225, 227, 230, 235, 237, 246, 247, 256, 259, 262, 263, 266, 268, 269, 271, 272, 278, 279, 284, 285, 288, 290, 292, 304, 306, 312, 316, 319, 320, 323, 324, 329, 332, 335, 495, 549, 574, 575, 577, 588, 589, 591, 598, 599, 600, 602, 604, 606, 607, 608, 610, 617, 618, 619, 620, 622, 625, 630, 632, 634, 638, 644, 649, 650, 656, 661, 663, 669, 673, 674, 676, 677, 682, 683, 684, 687, 688, 689, 691, 694, 699, 701, 710, 718, 722, 723, 727, 728, 730, 731, 737, 738, 743, 744, 747, 749, 751, 762, 764, 770, 774, 777, 778, 781, 782, 789, 791]","[1, 13, 14, 29, 54, 55, 56, 57, 58, 60, 83, 85, 102, 118, 125, 127, 130, 134, 146, 149, 151, 152, 153, 175, 182, 187, 189, 191, 197, 225, 230, 238, 264, 265, 266, 286, 302, 317, 336, 354, 379, 388, 389, 425, 454, 458, 463, 475, 487, 498, 499, 512, 530, 531, 532, 533, 534, 536, 554, 556, 573, 589, 596, 598, 601, 605, 617, 620, 622, 623, 624, 625, 646, 653, 658, 660, 662, 668, 689, 694, 702, 724, 725, 745, 760, 775, 793, 809, 829, 838, 839, 877, 901, 903, 905, 910, 923]","[1, 13, 14, 29, 54, 55, 56, 57, 58, 60, 102, 118, 125, 127, 130, 134, 146, 149, 153, 175, 182, 187, 189, 191, 197, 225, 230, 238, 264, 265, 266, 286, 302, 317, 336, 379, 388, 389, 425, 454, 458, 463, 475, 487, 498, 499, 512, 530, 531, 532, 533, 534, 536, 573, 589, 596, 598, 601, 605, 617, 620, 624, 646, 653, 658, 660, 662, 668, 689, 694, 702, 724, 725, 745, 760, 775, 793, 829, 838, 839, 877, 901, 903, 905, 910, 923]",6/6 successful match,False,[600],True,786,False,,0.8,True,E - Z Trip,
"F Fresno , 93722 E - Z Trip ( Shell )",3 559-276-0909 CA 99 Exit 143 ( Herndon Ave ),24 HRS <U+2610><U+2610>,Fresno,93722,E - Z Trip ( Shell ),559-276-0909,2008,Fresno,CA,Shell,( Herndon Ave ),CA 99 Exit 143 ,Exit,143,False,,False,CA 99,,,,,[],[625],"[106, 135, 278, 288, 577, 606, 625, 737, 747]",[],"[103, 104, 105, 106, 107, 108, 109, 110, 111, 112, 113, 114, 115, 116, 117, 118, 119, 120, 121, 122, 123, 124, 125, 126, 127, 128, 129, 130, 131, 132, 133, 134, 135, 136, 137, 138, 139, 140, 141, 142, 143, 144, 145, 146, 147, 148, 149, 150, 151, 152, 153, 154, 155, 156, 157, 158, 159, 160, 161, 162, 163, 164, 165, 166, 167, 168, 169, 170, 171, 172, 173, 174, 175, 176, 177, 178, 179, 180, 181, 182, 183, 184, 185, 186, 187, 188, 189, 190, 191, 192, 193, 194, 195, 196, 197, 198, 199, 200, 201, 202, 203, 204, 205, 206, 207, 208, 209, 210, 211, 212, 213, 214, 215, 216, 217, 218, 219, 220, 221, 222, 223, 224, 225, 226, 227, 228, 229, 230, 231, 232, 233, 234, 235, 236, 237, 238, 239, 240, 241, 242, 243, 244, 245, 246, 247, 248, 249, 250, 251, 252, 253, 254, 255, 256, 257, 258, 259, 260, 261, 262, 263, 264, 265, 266, 267, 268, 269, 270, 271, 272, 273, 274, 275, 276, 277, 278, 279, 280, 281, 282, 283, 284, 285, 286, 287, 288, 289, 290, 291, 292, 293, 294, 295, 296, 297, 298, 299, 300, 301, 302, 303, 304, 305, 306, 307, 308, 309, 310, 311, 312, 313, 314, 315, 316, 317, 318, 319, 320, 321, 322, 323, 324, 325, 326, 327, 328, 329, 330, 331, 332, 333, 334, 335, 336, 337, 574, 575, 576, 577, 578, 579, 580, 581, 582, 583, 584, 585, 586, 587, 588, 589, 590, 591, 592, 593, 594, 595, 596, 597, 598, 599, 600, 601, 602, 603, 604, 605, 606, 607, 608, 609, 610, 611, 612, 613, 614, 615, 616, 617, 618, 619, 620, 621, 622, 623, 624, 625, 626, 627, 628, 629, 630, 631, 632, 633, 634, 635, 636, 637, 638, 639, 640, 641, 642, 643, 644, 645, 646, 647, 648, 649, 650, 651, 652, 653, 654, 655, 656, 657, 658, 659, 660, 661, 662, 663, 664, 665, 666, 667, 668, 669, 670, 671, 672, 673, 674, 675, 676, 677, 678, 679, 680, 681, 682, 683, 684, 685, 686, 687, 688, 689, 690, 691, 692, 693, 694, 695, 696, 697, 698, 699, 700, 701, 702, 703, 704, 705, 706, 707, 708, 709, 710, 711, 712, 713, 714, 715, 716, 717, 718, 719, 720, 721, 722, 723, 724, 725, 726, 727, 728, 729, 730, 731, 732, 733, 734, 735, 736, 737, 738, 739, 740, 741, 742, 743, 744, 745, 746, 747, 748, 749, 750, 751, 752, 753, 754, 755, 756, 757, 758, 759, 760, 761, 762, 763, 764, 765, 766, 767, 768, 769, 770, 771, 772, 773, 774, 775, 776, 777, 778, 779, 780, 781, 782, 783, 784, 785, 786, 787, 788, 789, 790, 791, 792, 793]","[10, 75, 103, 104, 106, 117, 118, 120, 127, 128, 129, 131, 133, 135, 136, 137, 139, 146, 147, 148, 149, 151, 158, 160, 162, 166, 173, 178, 179, 185, 190, 192, 198, 201, 203, 204, 206, 207, 212, 213, 214, 219, 223, 224, 225, 227, 230, 235, 237, 246, 247, 256, 259, 262, 263, 266, 268, 269, 271, 272, 278, 279, 284, 285, 288, 290, 292, 304, 306, 312, 316, 319, 320, 323, 324, 329, 332, 335, 495, 549, 574, 575, 577, 588, 589, 591, 598, 599, 600, 602, 604, 606, 607, 608, 610, 617, 618, 619, 620, 622, 625, 630, 632, 634, 638, 644, 649, 650, 656, 661, 663, 669, 673, 674, 676, 677, 682, 683, 684, 687, 688, 689, 691, 694, 699, 701, 710, 718, 722, 723, 727, 728, 730, 731, 737, 738, 743, 744, 747, 749, 751, 762, 764, 770, 774, 777, 778, 781, 782, 789, 791]","[1, 13, 14, 29, 54, 55, 56, 57, 58, 60, 102, 118, 125, 127, 130, 134, 146, 149, 153, 175, 182, 187, 189, 191, 197, 225, 230, 238, 264, 265, 266, 286, 302, 317, 336, 379, 388, 389, 425, 454, 458, 463, 475, 487, 498, 499, 512, 530, 531, 532, 533, 534, 536, 573, 589, 596, 598, 601, 605, 617, 620, 624, 646, 653, 658, 660, 662, 668, 689, 694, 702, 724, 725, 745, 760, 775, 793, 829, 838, 839, 877, 901, 903, 905, 910, 923]","[1, 13, 14, 29, 54, 55, 56, 57, 58, 60, 83, 85, 102, 118, 125, 127, 130, 134, 146, 149, 151, 152, 153, 175, 182, 187, 189, 191, 197, 225, 230, 238, 264, 265, 266, 286, 302, 317, 336, 354, 379, 388, 389, 425, 454, 458, 463, 475, 487, 498, 499, 512, 530, 531, 532, 533, 534, 536, 554, 556, 573, 589, 596, 598, 601, 605, 617, 620, 622, 623, 624, 625, 646, 653, 658, 660, 662, 668, 689, 694, 702, 724, 725, 745, 760, 775, 793, 809, 829, 838, 839, 877, 901, 903, 905, 910, 923]","[1, 10, 13, 14, 29, 54, 55, 56, 57, 58, 60, 75, 83, 85, 102, 103, 104, 105, 106, 107, 108, 109, 110, 111, 112, 113, 114, 115, 116, 117, 118, 119, 120, 121, 122, 123, 124, 125, 126, 127, 128, 129, 130, 131, 132, 133, 134, 135, 136, 137, 138, 139, 140, 141, 142, 143, 144, 145, 146, 147, 148, 149, 150, 151, 152, 153, 154, 155, 156, 157, 158, 159, 160, 161, 162, 163, 164, 165, 166, 167, 168, 169, 170, 171, 172, 173, 174, 175, 176, 177, 178, 179, 180, 181, 182, 183, 184, 185, 186, 187, 188, 189, 190, 191, 192, 193, 194, 195, 196, 197, 198, 199, 200, 201, 202, 203, 204, 205, 206, 207, 208, 209, 210, 211, 212, 213, 214, 215, 216, 217, 218, 219, 220, 221, 222, 223, 224, 225, 226, 227, 228, 229, 230, 231, 232, 233, 234, 235, 236, 237, 238, 239, 240, 241, 242, 243, 244, 245, 246, 247, 248, 249, 250, 251, 252, 253, 254, 255, 256, 257, 258, 259, 260, 261, 262, 263, 264, 265, 266, 267, 268, 269, 270, 271, 272, 273, 274, 275, 276, 277, 278, 279, 280, 281, 282, 283, 284, 285, 286, 287, 288, 289, 290, 291, 292, 293, 294, 295, 296, 297, 298, 299, 300, 301, 302, 303, 304, 305, 306, 307, 308, 309, 310, 311, 312, 313, 314, 315, 316, 317, 318, 319, 320, 321, 322, 323, 324, 325, 326, 327, 328, 329, 330, 331, 332, 333, 334, 335, 336, 337, 354, 379, 388, 389, 425, 454, 458, 463, 475, 487, 495, 498, 499, 512, 530, 531, 532, 533, 534, 536, 549, 554, 556, 573, 574, 575, 576, 577, 578, 579, 580, 581, 582, 583, 584, 585, 586, 587, 588, 589, 590, 591, 592, 593, 594, 595, 596, 597, 598, 599, 600, 601, 602, 603, 604, 605, 606, 607, 608, 609, 610, 611, 612, 613, 614, 615, 616, 617, 618, 619, 620, 621, 622, 623, 624, 625, 626, 627, 628, 629, 630, 631, 632, 633, 634, 635, 636, 637, 638, 639, 640, 641, 642, 643, 644, 645, 646, 647, 648, 649, 650, 651, 652, 653, 654, 655, 656, 657, 658, 659, 660, 661, 662, 663, 664, 665, 666, 667, 668, 669, 670, 671, 672, 673, 674, 675, 676, 677, 678, 679, 680, 681, 682, 683, 684, 685, 686, 687, 688, 689, 690, 691, 692, 693, 694, 695, 696, 697, 698, 699, 700, 701, 702, 703, 704, 705, 706, 707, 708, 709, 710, 711, 712, 713, 714, 715, 716, 717, 718, 719, 720, 721, 722, 723, 724, 725, 726, 727, 728, 729, 730, 731, 732, 733, 734, 735, 736, 737, 738, 739, 740, 741, 742, 743, 744, 745, 746, 747, 748, 749, 750, 751, 752, 753, 754, 755, 756, 757, 758, 759, 760, 761, 762, 763, 764, 765, 766, 767, 768, 769, 770, 771, 772, 773, 774, 775, 776, 777, 778, 779, 780, 781, 782, 783, 784, 785, 786, 787, 788, 789, 790, 791, 792, 793, 809, 829, 838, 839, 877, 901, 903, 905, 910, 923]",False,[625],"[103, 104, 105, 106, 107, 108, 109, 110, 111, 112, 113, 114, 115, 116, 117, 118, 119, 120, 121, 122, 123, 124, 125, 126, 127, 128, 129, 130, 131, 132, 133, 134, 135, 136, 137, 138, 139, 140, 141, 142, 143, 144, 145, 146, 147, 148, 149, 150, 151, 152, 153, 154, 155, 156, 157, 158, 159, 160, 161, 162, 163, 164, 165, 166, 167, 168, 169, 170, 171, 172, 173, 174, 175, 176, 177, 178, 179, 180, 181, 182, 183, 184, 185, 186, 187, 188, 189, 190, 191, 192, 193, 194, 195, 196, 197, 198, 199, 200, 201, 202, 203, 204, 205, 206, 207, 208, 209, 210, 211, 212, 213, 214, 215, 216, 217, 218, 219, 220, 221, 222, 223, 224, 225, 226, 227, 228, 229, 230, 231, 232, 233, 234, 235, 236, 237, 238, 239, 240, 241, 242, 243, 244, 245, 246, 247, 248, 249, 250, 251, 252, 253, 254, 255, 256, 257, 258, 259, 260, 261, 262, 263, 264, 265, 266, 267, 268, 269, 270, 271, 272, 273, 274, 275, 276, 277, 278, 279, 280, 281, 282, 283, 284, 285, 286, 287, 288, 289, 290, 291, 292, 293, 294, 295, 296, 297, 298, 299, 300, 301, 302, 303, 304, 305, 306, 307, 308, 309, 310, 311, 312, 313, 314, 315, 316, 317, 318, 319, 320, 321, 322, 323, 324, 325, 326, 327, 328, 329, 330, 331, 332, 333, 334, 335, 336, 337, 574, 575, 576, 577, 578, 579, 580, 581, 582, 583, 584, 585, 586, 587, 588, 589, 590, 591, 592, 593, 594, 595, 596, 597, 598, 599, 600, 601, 602, 603, 604, 605, 606, 607, 608, 609, 610, 611, 612, 613, 614, 615, 616, 617, 618, 619, 620, 621, 622, 623, 624, 625, 626, 627, 628, 629, 630, 631, 632, 633, 634, 635, 636, 637, 638, 639, 640, 641, 642, 643, 644, 645, 646, 647, 648, 649, 650, 651, 652, 653, 654, 655, 656, 657, 658, 659, 660, 661, 662, 663, 664, 665, 666, 667, 668, 669, 670, 671, 672, 673, 674, 675, 676, 677, 678, 679, 680, 681, 682, 683, 684, 685, 686, 687, 688, 689, 690, 691, 692, 693, 694, 695, 696, 697, 698, 699, 700, 701, 702, 703, 704, 705, 706, 707, 708, 709, 710, 711, 712, 713, 714, 715, 716, 717, 718, 719, 720, 721, 722, 723, 724, 725, 726, 727, 728, 729, 730, 731, 732, 733, 734, 735, 736, 737, 738, 739, 740, 741, 742, 743, 744, 745, 746, 747, 748, 749, 750, 751, 752, 753, 754, 755, 756, 757, 758, 759, 760, 761, 762, 763, 764, 765, 766, 767, 768, 769, 770, 771, 772, 773, 774, 775, 776, 777, 778, 779, 780, 781, 782, 783, 784, 785, 786, 787, 788, 789, 790, 791, 792, 793]","[106, 135, 278, 288, 577, 606, 625, 737, 747]",[],"[10, 75, 103, 104, 106, 117, 118, 120, 127, 128, 129, 131, 133, 135, 136, 137, 139, 146, 147, 148, 149, 151, 158, 160, 162, 166, 173, 178, 179, 185, 190, 192, 198, 201, 203, 204, 206, 207, 212, 213, 214, 219, 223, 224, 225, 227, 230, 235, 237, 246, 247, 256, 259, 262, 263, 266, 268, 269, 271, 272, 278, 279, 284, 285, 288, 290, 292, 304, 306, 312, 316, 319, 320, 323, 324, 329, 332, 335, 495, 549, 574, 575, 577, 588, 589, 591, 598, 599, 600, 602, 604, 606, 607, 608, 610, 617, 618, 619, 620, 622, 625, 630, 632, 634, 638, 644, 649, 650, 656, 661, 663, 669, 673, 674, 676, 677, 682, 683, 684, 687, 688, 689, 691, 694, 699, 701, 710, 718, 722, 723, 727, 728, 730, 731, 737, 738, 743, 744, 747, 749, 751, 762, 764, 770, 774, 777, 778, 781, 782, 789, 791]","[1, 13, 14, 29, 54, 55, 56, 57, 58, 60, 83, 85, 102, 118, 125, 127, 130, 134, 146, 149, 151, 152, 153, 175, 182, 187, 189, 191, 197, 225, 230, 238, 264, 265, 266, 286, 302, 317, 336, 354, 379, 388, 389, 425, 454, 458, 463, 475, 487, 498, 499, 512, 530, 531, 532, 533, 534, 536, 554, 556, 573, 589, 596, 598, 601, 605, 617, 620, 622, 623, 624, 625, 646, 653, 658, 660, 662, 668, 689, 694, 702, 724, 725, 745, 760, 775, 793, 809, 829, 838, 839, 877, 901, 903, 905, 910, 923]","[1, 13, 14, 29, 54, 55, 56, 57, 58, 60, 102, 118, 125, 127, 130, 134, 146, 149, 153, 175, 182, 187, 189, 191, 197, 225, 230, 238, 264, 265, 266, 286, 302, 317, 336, 379, 388, 389, 425, 454, 458, 463, 475, 487, 498, 499, 512, 530, 531, 532, 533, 534, 536, 573, 589, 596, 598, 601, 605, 617, 620, 624, 646, 653, 658, 660, 662, 668, 689, 694, 702, 724, 725, 745, 760, 775, 793, 829, 838, 839, 877, 901, 903, 905, 910, 923]",6/6 successful match,False,[600],True,786,False,,1.0,True,E - Z Trip ( Shell ),Shell
Salinas ( 93902 ) 7-11 # 35065,2 831-754-6382 US 101 X 326 B ( S Sanborn W to Terven,S ) 24 <U+25A1> S D,Salinas,93902,7-11 # 35065,831-754-6382,2014,Salinas,CA,,( S Sanborn W to Terven,US 101 X 326 B ,Exit,326,False,,False,US 101,,,,,"[580, 110]","[110, 580]","[110, 216, 252, 326, 580, 715, 784]","[110, 216, 252, 326, 580, 715, 784]","[103, 104, 105, 106, 107, 108, 109, 110, 111, 112, 113, 114, 115, 116, 117, 118, 119, 120, 121, 122, 123, 124, 125, 126, 127, 128, 129, 130, 131, 132, 133, 134, 135, 136, 137, 138, 139, 140, 141, 142, 143, 144, 145, 146, 147, 148, 149, 150, 151, 152, 153, 154, 155, 156, 157, 158, 159, 160, 161, 162, 163, 164, 165, 166, 167, 168, 169, 170, 171, 172, 173, 174, 175, 176, 177, 178, 179, 180, 181, 182, 183, 184, 185, 186, 187, 188, 189, 190, 191, 192, 193, 194, 195, 196, 197, 198, 199, 200, 201, 202, 203, 204, 205, 206, 207, 208, 209, 210, 211, 212, 213, 214, 215, 216, 217, 218, 219, 220, 221, 222, 223, 224, 225, 226, 227, 228, 229, 230, 231, 232, 233, 234, 235, 236, 237, 238, 239, 240, 241, 242, 243, 244, 245, 246, 247, 248, 249, 250, 251, 252, 253, 254, 255, 256, 257, 258, 259, 260, 261, 262, 263, 264, 265, 266, 267, 268, 269, 270, 271, 272, 273, 274, 275, 276, 277, 278, 279, 280, 281, 282, 283, 284, 285, 286, 287, 288, 289, 290, 291, 292, 293, 294, 295, 296, 297, 298, 299, 300, 301, 302, 303, 304, 305, 306, 307, 308, 309, 310, 311, 312, 313, 314, 315, 316, 317, 318, 319, 320, 321, 322, 323, 324, 325, 326, 327, 328, 329, 330, 331, 332, 333, 334, 335, 336, 337, 574, 575, 576, 577, 578, 579, 580, 581, 582, 583, 584, 585, 586, 587, 588, 589, 590, 591, 592, 593, 594, 595, 596, 597, 598, 599, 600, 601, 602, 603, 604, 605, 606, 607, 608, 609, 610, 611, 612, 613, 614, 615, 616, 617, 618, 619, 620, 621, 622, 623, 624, 625, 626, 627, 628, 629, 630, 631, 632, 633, 634, 635, 636, 637, 638, 639, 640, 641, 642, 643, 644, 645, 646, 647, 648, 649, 650, 651, 652, 653, 654, 655, 656, 657, 658, 659, 660, 661, 662, 663, 664, 665, 666, 667, 668, 669, 670, 671, 672, 673, 674, 675, 676, 677, 678, 679, 680, 681, 682, 683, 684, 685, 686, 687, 688, 689, 690, 691, 692, 693, 694, 695, 696, 697, 698, 699, 700, 701, 702, 703, 704, 705, 706, 707, 708, 709, 710, 711, 712, 713, 714, 715, 716, 717, 718, 719, 720, 721, 722, 723, 724, 725, 726, 727, 728, 729, 730, 731, 732, 733, 734, 735, 736, 737, 738, 739, 740, 741, 742, 743, 744, 745, 746, 747, 748, 749, 750, 751, 752, 753, 754, 755, 756, 757, 758, 759, 760, 761, 762, 763, 764, 765, 766, 767, 768, 769, 770, 771, 772, 773, 774, 775, 776, 777, 778, 779, 780, 781, 782, 783, 784, 785, 786, 787, 788, 789, 790, 791, 792, 793]","[15, 91, 107, 110, 113, 123, 132, 136, 193, 216, 218, 252, 274, 275, 281, 286, 293, 302, 325, 326, 500, 562, 578, 580, 583, 594, 603, 607, 664, 686, 715, 733, 734, 740, 745, 752, 760, 783, 784]",[],"[2, 195, 488, 666]","[2, 15, 91, 103, 104, 105, 106, 107, 108, 109, 110, 111, 112, 113, 114, 115, 116, 117, 118, 119, 120, 121, 122, 123, 124, 125, 126, 127, 128, 129, 130, 131, 132, 133, 134, 135, 136, 137, 138, 139, 140, 141, 142, 143, 144, 145, 146, 147, 148, 149, 150, 151, 152, 153, 154, 155, 156, 157, 158, 159, 160, 161, 162, 163, 164, 165, 166, 167, 168, 169, 170, 171, 172, 173, 174, 175, 176, 177, 178, 179, 180, 181, 182, 183, 184, 185, 186, 187, 188, 189, 190, 191, 192, 193, 194, 195, 196, 197, 198, 199, 200, 201, 202, 203, 204, 205, 206, 207, 208, 209, 210, 211, 212, 213, 214, 215, 216, 217, 218, 219, 220, 221, 222, 223, 224, 225, 226, 227, 228, 229, 230, 231, 232, 233, 234, 235, 236, 237, 238, 239, 240, 241, 242, 243, 244, 245, 246, 247, 248, 249, 250, 251, 252, 253, 254, 255, 256, 257, 258, 259, 260, 261, 262, 263, 264, 265, 266, 267, 268, 269, 270, 271, 272, 273, 274, 275, 276, 277, 278, 279, 280, 281, 282, 283, 284, 285, 286, 287, 288, 289, 290, 291, 292, 293, 294, 295, 296, 297, 298, 299, 300, 301, 302, 303, 304, 305, 306, 307, 308, 309, 310, 311, 312, 313, 314, 315, 316, 317, 318, 319, 320, 321, 322, 323, 324, 325, 326, 327, 328, 329, 330, 331, 332, 333, 334, 335, 336, 337, 488, 500, 562, 574, 575, 576, 577, 578, 579, 580, 581, 582, 583, 584, 585, 586, 587, 588, 589, 590, 591, 592, 593, 594, 595, 596, 597, 598, 599, 600, 601, 602, 603, 604, 605, 606, 607, 608, 609, 610, 611, 612, 613, 614, 615, 616, 617, 618, 619, 620, 621, 622, 623, 624, 625, 626, 627, 628, 629, 630, 631, 632, 633, 634, 635, 636, 637, 638, 639, 640, 641, 642, 643, 644, 645, 646, 647, 648, 649, 650, 651, 652, 653, 654, 655, 656, 657, 658, 659, 660, 661, 662, 663, 664, 665, 666, 667, 668, 669, 670, 671, 672, 673, 674, 675, 676, 677, 678, 679, 680, 681, 682, 683, 684, 685, 686, 687, 688, 689, 690, 691, 692, 693, 694, 695, 696, 697, 698, 699, 700, 701, 702, 703, 704, 705, 706, 707, 708, 709, 710, 711, 712, 713, 714, 715, 716, 717, 718, 719, 720, 721, 722, 723, 724, 725, 726, 727, 728, 729, 730, 731, 732, 733, 734, 735, 736, 737, 738, 739, 740, 741, 742, 743, 744, 745, 746, 747, 748, 749, 750, 751, 752, 753, 754, 755, 756, 757, 758, 759, 760, 761, 762, 763, 764, 765, 766, 767, 768, 769, 770, 771, 772, 773, 774, 775, 776, 777, 778, 779, 780, 781, 782, 783, 784, 785, 786, 787, 788, 789, 790, 791, 792, 793]",True,"[110, 580]","[103, 104, 105, 106, 107, 108, 109, 110, 111, 112, 113, 114, 115, 116, 117, 118, 119, 120, 121, 122, 123, 124, 125, 126, 127, 128, 129, 130, 131, 132, 133, 134, 135, 136, 137, 138, 139, 140, 141, 142, 143, 144, 145, 146, 147, 148, 149, 150, 151, 152, 153, 154, 155, 156, 157, 158, 159, 160, 161, 162, 163, 164, 165, 166, 167, 168, 169, 170, 171, 172, 173, 174, 175, 176, 177, 178, 179, 180, 181, 182, 183, 184, 185, 186, 187, 188, 189, 190, 191, 192, 193, 194, 195, 196, 197, 198, 199, 200, 201, 202, 203, 204, 205, 206, 207, 208, 209, 210, 211, 212, 213, 214, 215, 216, 217, 218, 219, 220, 221, 222, 223, 224, 225, 226, 227, 228, 229, 230, 231, 232, 233, 234, 235, 236, 237, 238, 239, 240, 241, 242, 243, 244, 245, 246, 247, 248, 249, 250, 251, 252, 253, 254, 255, 256, 257, 258, 259, 260, 261, 262, 263, 264, 265, 266, 267, 268, 269, 270, 271, 272, 273, 274, 275, 276, 277, 278, 279, 280, 281, 282, 283, 284, 285, 286, 287, 288, 289, 290, 291, 292, 293, 294, 295, 296, 297, 298, 299, 300, 301, 302, 303, 304, 305, 306, 307, 308, 309, 310, 311, 312, 313, 314, 315, 316, 317, 318, 319, 320, 321, 322, 323, 324, 325, 326, 327, 328, 329, 330, 331, 332, 333, 334, 335, 336, 337, 574, 575, 576, 577, 578, 579, 580, 581, 582, 583, 584, 585, 586, 587, 588, 589, 590, 591, 592, 593, 594, 595, 596, 597, 598, 599, 600, 601, 602, 603, 604, 605, 606, 607, 608, 609, 610, 611, 612, 613, 614, 615, 616, 617, 618, 619, 620, 621, 622, 623, 624, 625, 626, 627, 628, 629, 630, 631, 632, 633, 634, 635, 636, 637, 638, 639, 640, 641, 642, 643, 644, 645, 646, 647, 648, 649, 650, 651, 652, 653, 654, 655, 656, 657, 658, 659, 660, 661, 662, 663, 664, 665, 666, 667, 668, 669, 670, 671, 672, 673, 674, 675, 676, 677, 678, 679, 680, 681, 682, 683, 684, 685, 686, 687, 688, 689, 690, 691, 692, 693, 694, 695, 696, 697, 698, 699, 700, 701, 702, 703, 704, 705, 706, 707, 708, 709, 710, 711, 712, 713, 714, 715, 716, 717, 718, 719, 720, 721, 722, 723, 724, 725, 726, 727, 728, 729, 730, 731, 732, 733, 734, 735, 736, 737, 738, 739, 740, 741, 742, 743, 744, 745, 746, 747, 748, 749, 750, 751, 752, 753, 754, 755, 756, 757, 758, 759, 760, 761, 762, 763, 764, 765, 766, 767, 768, 769, 770, 771, 772, 773, 774, 775, 776, 777, 778, 779, 780, 781, 782, 783, 784, 785, 786, 787, 788, 789, 790, 791, 792, 793]","[110, 216, 252, 326, 580, 715, 784]","[110, 216, 252, 326, 580, 715, 784]","[15, 91, 107, 110, 113, 123, 132, 136, 193, 216, 218, 252, 274, 275, 281, 286, 293, 302, 325, 326, 500, 562, 578, 580, 583, 594, 603, 607, 664, 686, 715, 733, 734, 740, 745, 752, 760, 783, 784]","[2, 195, 488, 666]",[],5/6 successful match,True,[37],True,786,True,2014,0.09375,True,E - Z Trip ( Shell ),Shell
Salinas ( 93902 ) 7 - Eleven # 35065,2 831-754-6382 US 101 Exit 326 B ( W then S on Terven ),) 24 S <U+25A1> <U+25A1>,Salinas,93902,7 - Eleven # 35065,831-754-6382,2015,Salinas,CA,Eleven,( W then S on Terven ),US 101 Exit 326 B ,Exit,326,False,,False,US 101,,,,,"[580, 110]","[110, 580]","[110, 216, 252, 326, 580, 715, 784]","[110, 216, 252, 326, 580, 715, 784]","[103, 104, 105, 106, 107, 108, 109, 110, 111, 112, 113, 114, 115, 116, 117, 118, 119, 120, 121, 122, 123, 124, 125, 126, 127, 128, 129, 130, 131, 132, 133, 134, 135, 136, 137, 138, 139, 140, 141, 142, 143, 144, 145, 146, 147, 148, 149, 150, 151, 152, 153, 154, 155, 156, 157, 158, 159, 160, 161, 162, 163, 164, 165, 166, 167, 168, 169, 170, 171, 172, 173, 174, 175, 176, 177, 178, 179, 180, 181, 182, 183, 184, 185, 186, 187, 188, 189, 190, 191, 192, 193, 194, 195, 196, 197, 198, 199, 200, 201, 202, 203, 204, 205, 206, 207, 208, 209, 210, 211, 212, 213, 214, 215, 216, 217, 218, 219, 220, 221, 222, 223, 224, 225, 226, 227, 228, 229, 230, 231, 232, 233, 234, 235, 236, 237, 238, 239, 240, 241, 242, 243, 244, 245, 246, 247, 248, 249, 250, 251, 252, 253, 254, 255, 256, 257, 258, 259, 260, 261, 262, 263, 264, 265, 266, 267, 268, 269, 270, 271, 272, 273, 274, 275, 276, 277, 278, 279, 280, 281, 282, 283, 284, 285, 286, 287, 288, 289, 290, 291, 292, 293, 294, 295, 296, 297, 298, 299, 300, 301, 302, 303, 304, 305, 306, 307, 308, 309, 310, 311, 312, 313, 314, 315, 316, 317, 318, 319, 320, 321, 322, 323, 324, 325, 326, 327, 328, 329, 330, 331, 332, 333, 334, 335, 336, 337, 574, 575, 576, 577, 578, 579, 580, 581, 582, 583, 584, 585, 586, 587, 588, 589, 590, 591, 592, 593, 594, 595, 596, 597, 598, 599, 600, 601, 602, 603, 604, 605, 606, 607, 608, 609, 610, 611, 612, 613, 614, 615, 616, 617, 618, 619, 620, 621, 622, 623, 624, 625, 626, 627, 628, 629, 630, 631, 632, 633, 634, 635, 636, 637, 638, 639, 640, 641, 642, 643, 644, 645, 646, 647, 648, 649, 650, 651, 652, 653, 654, 655, 656, 657, 658, 659, 660, 661, 662, 663, 664, 665, 666, 667, 668, 669, 670, 671, 672, 673, 674, 675, 676, 677, 678, 679, 680, 681, 682, 683, 684, 685, 686, 687, 688, 689, 690, 691, 692, 693, 694, 695, 696, 697, 698, 699, 700, 701, 702, 703, 704, 705, 706, 707, 708, 709, 710, 711, 712, 713, 714, 715, 716, 717, 718, 719, 720, 721, 722, 723, 724, 725, 726, 727, 728, 729, 730, 731, 732, 733, 734, 735, 736, 737, 738, 739, 740, 741, 742, 743, 744, 745, 746, 747, 748, 749, 750, 751, 752, 753, 754, 755, 756, 757, 758, 759, 760, 761, 762, 763, 764, 765, 766, 767, 768, 769, 770, 771, 772, 773, 774, 775, 776, 777, 778, 779, 780, 781, 782, 783, 784, 785, 786, 787, 788, 789, 790, 791, 792, 793]","[15, 91, 107, 110, 113, 123, 132, 136, 193, 216, 218, 252, 274, 275, 281, 286, 293, 302, 325, 326, 500, 562, 578, 580, 583, 594, 603, 607, 664, 686, 715, 733, 734, 740, 745, 752, 760, 783, 784]","[107, 108, 109, 110, 578, 579, 580, 584]","[107, 108, 109, 110, 111, 112, 113, 398, 399, 400, 578, 579, 580, 581, 582, 583, 584, 848, 849]","[15, 91, 103, 104, 105, 106, 107, 108, 109, 110, 111, 112, 113, 114, 115, 116, 117, 118, 119, 120, 121, 122, 123, 124, 125, 126, 127, 128, 129, 130, 131, 132, 133, 134, 135, 136, 137, 138, 139, 140, 141, 142, 143, 144, 145, 146, 147, 148, 149, 150, 151, 152, 153, 154, 155, 156, 157, 158, 159, 160, 161, 162, 163, 164, 165, 166, 167, 168, 169, 170, 171, 172, 173, 174, 175, 176, 177, 178, 179, 180, 181, 182, 183, 184, 185, 186, 187, 188, 189, 190, 191, 192, 193, 194, 195, 196, 197, 198, 199, 200, 201, 202, 203, 204, 205, 206, 207, 208, 209, 210, 211, 212, 213, 214, 215, 216, 217, 218, 219, 220, 221, 222, 223, 224, 225, 226, 227, 228, 229, 230, 231, 232, 233, 234, 235, 236, 237, 238, 239, 240, 241, 242, 243, 244, 245, 246, 247, 248, 249, 250, 251, 252, 253, 254, 255, 256, 257, 258, 259, 260, 261, 262, 263, 264, 265, 266, 267, 268, 269, 270, 271, 272, 273, 274, 275, 276, 277, 278, 279, 280, 281, 282, 283, 284, 285, 286, 287, 288, 289, 290, 291, 292, 293, 294, 295, 296, 297, 298, 299, 300, 301, 302, 303, 304, 305, 306, 307, 308, 309, 310, 311, 312, 313, 314, 315, 316, 317, 318, 319, 320, 321, 322, 323, 324, 325, 326, 327, 328, 329, 330, 331, 332, 333, 334, 335, 336, 337, 398, 399, 400, 500, 562, 574, 575, 576, 577, 578, 579, 580, 581, 582, 583, 584, 585, 586, 587, 588, 589, 590, 591, 592, 593, 594, 595, 596, 597, 598, 599, 600, 601, 602, 603, 604, 605, 606, 607, 608, 609, 610, 611, 612, 613, 614, 615, 616, 617, 618, 619, 620, 621, 622, 623, 624, 625, 626, 627, 628, 629, 630, 631, 632, 633, 634, 635, 636, 637, 638, 639, 640, 641, 642, 643, 644, 645, 646, 647, 648, 649, 650, 651, 652, 653, 654, 655, 656, 657, 658, 659, 660, 661, 662, 663, 664, 665, 666, 667, 668, 669, 670, 671, 672, 673, 674, 675, 676, 677, 678, 679, 680, 681, 682, 683, 684, 685, 686, 687, 688, 689, 690, 691, 692, 693, 694, 695, 696, 697, 698, 699, 700, 701, 702, 703, 704, 705, 706, 707, 708, 709, 710, 711, 712, 713, 714, 715, 716, 717, 718, 719, 720, 721, 722, 723, 724, 725, 726, 727, 728, 729, 730, 731, 732, 733, 734, 735, 736, 737, 738, 739, 740, 741, 742, 743, 744, 745, 746, 747, 748, 749, 750, 751, 752, 753, 754, 755, 756, 757, 758, 759, 760, 761, 762, 763, 764, 765, 766, 767, 768, 769, 770, 771, 772, 773, 774, 775, 776, 777, 778, 779, 780, 781, 782, 783, 784, 785, 786, 787, 788, 789, 790, 791, 792, 793, 848, 849]",True,"[110, 580]","[103, 104, 105, 106, 107, 108, 109, 110, 111, 112, 113, 114, 115, 116, 117, 118, 119, 120, 121, 122, 123, 124, 125, 126, 127, 128, 129, 130, 131, 132, 133, 134, 135, 136, 137, 138, 139, 140, 141, 142, 143, 144, 145, 146, 147, 148, 149, 150, 151, 152, 153, 154, 155, 156, 157, 158, 159, 160, 161, 162, 163, 164, 165, 166, 167, 168, 169, 170, 171, 172, 173, 174, 175, 176, 177, 178, 179, 180, 181, 182, 183, 184, 185, 186, 187, 188, 189, 190, 191, 192, 193, 194, 195, 196, 197, 198, 199, 200, 201, 202, 203, 204, 205, 206, 207, 208, 209, 210, 211, 212, 213, 214, 215, 216, 217, 218, 219, 220, 221, 222, 223, 224, 225, 226, 227, 228, 229, 230, 231, 232, 233, 234, 235, 236, 237, 238, 239, 240, 241, 242, 243, 244, 245, 246, 247, 248, 249, 250, 251, 252, 253, 254, 255, 256, 257, 258, 259, 260, 261, 262, 263, 264, 265, 266, 267, 268, 269, 270, 271, 272, 273, 274, 275, 276, 277, 278, 279, 280, 281, 282, 283, 284, 285, 286, 287, 288, 289, 290, 291, 292, 293, 294, 295, 296, 297, 298, 299, 300, 301, 302, 303, 304, 305, 306, 307, 308, 309, 310, 311, 312, 313, 314, 315, 316, 317, 318, 319, 320, 321, 322, 323, 324, 325, 326, 327, 328, 329, 330, 331, 332, 333, 334, 335, 336, 337, 574, 575, 576, 577, 578, 579, 580, 581, 582, 583, 584, 585, 586, 587, 588, 589, 590, 591, 592, 593, 594, 595, 596, 597, 598, 599, 600, 601, 602, 603, 604, 605, 606, 607, 608, 609, 610, 611, 612, 613, 614, 615, 616, 617, 618, 619, 620, 621, 622, 623, 624, 625, 626, 627, 628, 629, 630, 631, 632, 633, 634, 635, 636, 637, 638, 639, 640, 641, 642, 643, 644, 645, 646, 647, 648, 649, 650, 651, 652, 653, 654, 655, 656, 657, 658, 659, 660, 661, 662, 663, 664, 665, 666, 667, 668, 669, 670, 671, 672, 673, 674, 675, 676, 677, 678, 679, 680, 681, 682, 683, 684, 685, 686, 687, 688, 689, 690, 691, 692, 693, 694, 695, 696, 697, 698, 699, 700, 701, 702, 703, 704, 705, 706, 707, 708, 709, 710, 711, 712, 713, 714, 715, 716, 717, 718, 719, 720, 721, 722, 723, 724, 725, 726, 727, 728, 729, 730, 731, 732, 733, 734, 735, 736, 737, 738, 739, 740, 741, 742, 743, 744, 745, 746, 747, 748, 749, 750, 751, 752, 753, 754, 755, 756, 757, 758, 759, 760, 761, 762, 763, 764, 765, 766, 767, 768, 769, 770, 771, 772, 773, 774, 775, 776, 777, 778, 779, 780, 781, 782, 783, 784, 785, 786, 787, 788, 789, 790, 791, 792, 793]","[110, 216, 252, 326, 580, 715, 784]","[110, 216, 252, 326, 580, 715, 784]","[15, 91, 107, 110, 113, 123, 132, 136, 193, 216, 218, 252, 274, 275, 281, 286, 293, 302, 325, 326, 500, 562, 578, 580, 583, 594, 603, 607, 664, 686, 715, 733, 734, 740, 745, 752, 760, 783, 784]","[107, 108, 109, 110, 111, 112, 113, 398, 399, 400, 578, 579, 580, 581, 582, 583, 584, 848, 849]","[107, 108, 109, 110, 578, 579, 580, 584]",7/6 successful match,True,[37],True,786,False,,0.5333333333333333,True,7-11 # 35065,
F Salinas ( 93902 ) 7 - Eleven # 35065,831-754-6382 US 101 Exit 326 B ( W then S on Terven ),) 24 S 0,Salinas,93902,7 - Eleven # 35065,831-754-6382,2016,Salinas,CA,Eleven,( W then S on Terven ),US 101 Exit 326 B ,Exit,326,False,,False,US 101,,,,,"[580, 110]","[110, 580]","[110, 216, 252, 326, 580, 715, 784]","[110, 216, 252, 326, 580, 715, 784]","[103, 104, 105, 106, 107, 108, 109, 110, 111, 112, 113, 114, 115, 116, 117, 118, 119, 120, 121, 122, 123, 124, 125, 126, 127, 128, 129, 130, 131, 132, 133, 134, 135, 136, 137, 138, 139, 140, 141, 142, 143, 144, 145, 146, 147, 148, 149, 150, 151, 152, 153, 154, 155, 156, 157, 158, 159, 160, 161, 162, 163, 164, 165, 166, 167, 168, 169, 170, 171, 172, 173, 174, 175, 176, 177, 178, 179, 180, 181, 182, 183, 184, 185, 186, 187, 188, 189, 190, 191, 192, 193, 194, 195, 196, 197, 198, 199, 200, 201, 202, 203, 204, 205, 206, 207, 208, 209, 210, 211, 212, 213, 214, 215, 216, 217, 218, 219, 220, 221, 222, 223, 224, 225, 226, 227, 228, 229, 230, 231, 232, 233, 234, 235, 236, 237, 238, 239, 240, 241, 242, 243, 244, 245, 246, 247, 248, 249, 250, 251, 252, 253, 254, 255, 256, 257, 258, 259, 260, 261, 262, 263, 264, 265, 266, 267, 268, 269, 270, 271, 272, 273, 274, 275, 276, 277, 278, 279, 280, 281, 282, 283, 284, 285, 286, 287, 288, 289, 290, 291, 292, 293, 294, 295, 296, 297, 298, 299, 300, 301, 302, 303, 304, 305, 306, 307, 308, 309, 310, 311, 312, 313, 314, 315, 316, 317, 318, 319, 320, 321, 322, 323, 324, 325, 326, 327, 328, 329, 330, 331, 332, 333, 334, 335, 336, 337, 574, 575, 576, 577, 578, 579, 580, 581, 582, 583, 584, 585, 586, 587, 588, 589, 590, 591, 592, 593, 594, 595, 596, 597, 598, 599, 600, 601, 602, 603, 604, 605, 606, 607, 608, 609, 610, 611, 612, 613, 614, 615, 616, 617, 618, 619, 620, 621, 622, 623, 624, 625, 626, 627, 628, 629, 630, 631, 632, 633, 634, 635, 636, 637, 638, 639, 640, 641, 642, 643, 644, 645, 646, 647, 648, 649, 650, 651, 652, 653, 654, 655, 656, 657, 658, 659, 660, 661, 662, 663, 664, 665, 666, 667, 668, 669, 670, 671, 672, 673, 674, 675, 676, 677, 678, 679, 680, 681, 682, 683, 684, 685, 686, 687, 688, 689, 690, 691, 692, 693, 694, 695, 696, 697, 698, 699, 700, 701, 702, 703, 704, 705, 706, 707, 708, 709, 710, 711, 712, 713, 714, 715, 716, 717, 718, 719, 720, 721, 722, 723, 724, 725, 726, 727, 728, 729, 730, 731, 732, 733, 734, 735, 736, 737, 738, 739, 740, 741, 742, 743, 744, 745, 746, 747, 748, 749, 750, 751, 752, 753, 754, 755, 756, 757, 758, 759, 760, 761, 762, 763, 764, 765, 766, 767, 768, 769, 770, 771, 772, 773, 774, 775, 776, 777, 778, 779, 780, 781, 782, 783, 784, 785, 786, 787, 788, 789, 790, 791, 792, 793]","[15, 91, 107, 110, 113, 123, 132, 136, 193, 216, 218, 252, 274, 275, 281, 286, 293, 302, 325, 326, 500, 562, 578, 580, 583, 594, 603, 607, 664, 686, 715, 733, 734, 740, 745, 752, 760, 783, 784]","[107, 108, 109, 110, 578, 579, 580, 584]","[107, 108, 109, 110, 111, 112, 113, 398, 399, 400, 578, 579, 580, 581, 582, 583, 584, 848, 849]","[15, 91, 103, 104, 105, 106, 107, 108, 109, 110, 111, 112, 113, 114, 115, 116, 117, 118, 119, 120, 121, 122, 123, 124, 125, 126, 127, 128, 129, 130, 131, 132, 133, 134, 135, 136, 137, 138, 139, 140, 141, 142, 143, 144, 145, 146, 147, 148, 149, 150, 151, 152, 153, 154, 155, 156, 157, 158, 159, 160, 161, 162, 163, 164, 165, 166, 167, 168, 169, 170, 171, 172, 173, 174, 175, 176, 177, 178, 179, 180, 181, 182, 183, 184, 185, 186, 187, 188, 189, 190, 191, 192, 193, 194, 195, 196, 197, 198, 199, 200, 201, 202, 203, 204, 205, 206, 207, 208, 209, 210, 211, 212, 213, 214, 215, 216, 217, 218, 219, 220, 221, 222, 223, 224, 225, 226, 227, 228, 229, 230, 231, 232, 233, 234, 235, 236, 237, 238, 239, 240, 241, 242, 243, 244, 245, 246, 247, 248, 249, 250, 251, 252, 253, 254, 255, 256, 257, 258, 259, 260, 261, 262, 263, 264, 265, 266, 267, 268, 269, 270, 271, 272, 273, 274, 275, 276, 277, 278, 279, 280, 281, 282, 283, 284, 285, 286, 287, 288, 289, 290, 291, 292, 293, 294, 295, 296, 297, 298, 299, 300, 301, 302, 303, 304, 305, 306, 307, 308, 309, 310, 311, 312, 313, 314, 315, 316, 317, 318, 319, 320, 321, 322, 323, 324, 325, 326, 327, 328, 329, 330, 331, 332, 333, 334, 335, 336, 337, 398, 399, 400, 500, 562, 574, 575, 576, 577, 578, 579, 580, 581, 582, 583, 584, 585, 586, 587, 588, 589, 590, 591, 592, 593, 594, 595, 596, 597, 598, 599, 600, 601, 602, 603, 604, 605, 606, 607, 608, 609, 610, 611, 612, 613, 614, 615, 616, 617, 618, 619, 620, 621, 622, 623, 624, 625, 626, 627, 628, 629, 630, 631, 632, 633, 634, 635, 636, 637, 638, 639, 640, 641, 642, 643, 644, 645, 646, 647, 648, 649, 650, 651, 652, 653, 654, 655, 656, 657, 658, 659, 660, 661, 662, 663, 664, 665, 666, 667, 668, 669, 670, 671, 672, 673, 674, 675, 676, 677, 678, 679, 680, 681, 682, 683, 684, 685, 686, 687, 688, 689, 690, 691, 692, 693, 694, 695, 696, 697, 698, 699, 700, 701, 702, 703, 704, 705, 706, 707, 708, 709, 710, 711, 712, 713, 714, 715, 716, 717, 718, 719, 720, 721, 722, 723, 724, 725, 726, 727, 728, 729, 730, 731, 732, 733, 734, 735, 736, 737, 738, 739, 740, 741, 742, 743, 744, 745, 746, 747, 748, 749, 750, 751, 752, 753, 754, 755, 756, 757, 758, 759, 760, 761, 762, 763, 764, 765, 766, 767, 768, 769, 770, 771, 772, 773, 774, 775, 776, 777, 778, 779, 780, 781, 782, 783, 784, 785, 786, 787, 788, 789, 790, 791, 792, 793, 848, 849]",True,"[110, 580]","[103, 104, 105, 106, 107, 108, 109, 110, 111, 112, 113, 114, 115, 116, 117, 118, 119, 120, 121, 122, 123, 124, 125, 126, 127, 128, 129, 130, 131, 132, 133, 134, 135, 136, 137, 138, 139, 140, 141, 142, 143, 144, 145, 146, 147, 148, 149, 150, 151, 152, 153, 154, 155, 156, 157, 158, 159, 160, 161, 162, 163, 164, 165, 166, 167, 168, 169, 170, 171, 172, 173, 174, 175, 176, 177, 178, 179, 180, 181, 182, 183, 184, 185, 186, 187, 188, 189, 190, 191, 192, 193, 194, 195, 196, 197, 198, 199, 200, 201, 202, 203, 204, 205, 206, 207, 208, 209, 210, 211, 212, 213, 214, 215, 216, 217, 218, 219, 220, 221, 222, 223, 224, 225, 226, 227, 228, 229, 230, 231, 232, 233, 234, 235, 236, 237, 238, 239, 240, 241, 242, 243, 244, 245, 246, 247, 248, 249, 250, 251, 252, 253, 254, 255, 256, 257, 258, 259, 260, 261, 262, 263, 264, 265, 266, 267, 268, 269, 270, 271, 272, 273, 274, 275, 276, 277, 278, 279, 280, 281, 282, 283, 284, 285, 286, 287, 288, 289, 290, 291, 292, 293, 294, 295, 296, 297, 298, 299, 300, 301, 302, 303, 304, 305, 306, 307, 308, 309, 310, 311, 312, 313, 314, 315, 316, 317, 318, 319, 320, 321, 322, 323, 324, 325, 326, 327, 328, 329, 330, 331, 332, 333, 334, 335, 336, 337, 574, 575, 576, 577, 578, 579, 580, 581, 582, 583, 584, 585, 586, 587, 588, 589, 590, 591, 592, 593, 594, 595, 596, 597, 598, 599, 600, 601, 602, 603, 604, 605, 606, 607, 608, 609, 610, 611, 612, 613, 614, 615, 616, 617, 618, 619, 620, 621, 622, 623, 624, 625, 626, 627, 628, 629, 630, 631, 632, 633, 634, 635, 636, 637, 638, 639, 640, 641, 642, 643, 644, 645, 646, 647, 648, 649, 650, 651, 652, 653, 654, 655, 656, 657, 658, 659, 660, 661, 662, 663, 664, 665, 666, 667, 668, 669, 670, 671, 672, 673, 674, 675, 676, 677, 678, 679, 680, 681, 682, 683, 684, 685, 686, 687, 688, 689, 690, 691, 692, 693, 694, 695, 696, 697, 698, 699, 700, 701, 702, 703, 704, 705, 706, 707, 708, 709, 710, 711, 712, 713, 714, 715, 716, 717, 718, 719, 720, 721, 722, 723, 724, 725, 726, 727, 728, 729, 730, 731, 732, 733, 734, 735, 736, 737, 738, 739, 740, 741, 742, 743, 744, 745, 746, 747, 748, 749, 750, 751, 752, 753, 754, 755, 756, 757, 758, 759, 760, 761, 762, 763, 764, 765, 766, 767, 768, 769, 770, 771, 772, 773, 774, 775, 776, 777, 778, 779, 780, 781, 782, 783, 784, 785, 786, 787, 788, 789, 790, 791, 792, 793]","[110, 216, 252, 326, 580, 715, 784]","[110, 216, 252, 326, 580, 715, 784]","[15, 91, 107, 110, 113, 123, 132, 136, 193, 216, 218, 252, 274, 275, 281, 286, 293, 302, 325, 326, 500, 562, 578, 580, 583, 594, 603, 607, 664, 686, 715, 733, 734, 740, 745, 752, 760, 783, 784]","[107, 108, 109, 110, 111, 112, 113, 398, 399, 400, 578, 579, 580, 581, 582, 583, 584, 848, 849]","[107, 108, 109, 110, 578, 579, 580, 584]",7/6 successful match,True,[37],True,786,False,,1.0,True,7 - Eleven # 35065,Eleven
"F Salinas , 93902 Golden Gate Petroleum","831-754-8721 US 101 & S Sanborn W ( 1st R , 1st L )",S,Salinas,93902,Golden Gate Petroleum,831-754-8721,2007,Salinas,CA,,"( 1st R , 1st L )",US 101 & S Sanborn W,empty,,False,,False,US 101,S Sanborn,,,,[],"[110, 580]","[110, 216, 252, 326, 580, 715, 784]",[],"[103, 104, 105, 106, 107, 108, 109, 110, 111, 112, 113, 114, 115, 116, 117, 118, 119, 120, 121, 122, 123, 124, 125, 126, 127, 128, 129, 130, 131, 132, 133, 134, 135, 136, 137, 138, 139, 140, 141, 142, 143, 144, 145, 146, 147, 148, 149, 150, 151, 152, 153, 154, 155, 156, 157, 158, 159, 160, 161, 162, 163, 164, 165, 166, 167, 168, 169, 170, 171, 172, 173, 174, 175, 176, 177, 178, 179, 180, 181, 182, 183, 184, 185, 186, 187, 188, 189, 190, 191, 192, 193, 194, 195, 196, 197, 198, 199, 200, 201, 202, 203, 204, 205, 206, 207, 208, 209, 210, 211, 212, 213, 214, 215, 216, 217, 218, 219, 220, 221, 222, 223, 224, 225, 226, 227, 228, 229, 230, 231, 232, 233, 234, 235, 236, 237, 238, 239, 240, 241, 242, 243, 244, 245, 246, 247, 248, 249, 250, 251, 252, 253, 254, 255, 256, 257, 258, 259, 260, 261, 262, 263, 264, 265, 266, 267, 268, 269, 270, 271, 272, 273, 274, 275, 276, 277, 278, 279, 280, 281, 282, 283, 284, 285, 286, 287, 288, 289, 290, 291, 292, 293, 294, 295, 296, 297, 298, 299, 300, 301, 302, 303, 304, 305, 306, 307, 308, 309, 310, 311, 312, 313, 314, 315, 316, 317, 318, 319, 320, 321, 322, 323, 324, 325, 326, 327, 328, 329, 330, 331, 332, 333, 334, 335, 336, 337, 574, 575, 576, 577, 578, 579, 580, 581, 582, 583, 584, 585, 586, 587, 588, 589, 590, 591, 592, 593, 594, 595, 596, 597, 598, 599, 600, 601, 602, 603, 604, 605, 606, 607, 608, 609, 610, 611, 612, 613, 614, 615, 616, 617, 618, 619, 620, 621, 622, 623, 624, 625, 626, 627, 628, 629, 630, 631, 632, 633, 634, 635, 636, 637, 638, 639, 640, 641, 642, 643, 644, 645, 646, 647, 648, 649, 650, 651, 652, 653, 654, 655, 656, 657, 658, 659, 660, 661, 662, 663, 664, 665, 666, 667, 668, 669, 670, 671, 672, 673, 674, 675, 676, 677, 678, 679, 680, 681, 682, 683, 684, 685, 686, 687, 688, 689, 690, 691, 692, 693, 694, 695, 696, 697, 698, 699, 700, 701, 702, 703, 704, 705, 706, 707, 708, 709, 710, 711, 712, 713, 714, 715, 716, 717, 718, 719, 720, 721, 722, 723, 724, 725, 726, 727, 728, 729, 730, 731, 732, 733, 734, 735, 736, 737, 738, 739, 740, 741, 742, 743, 744, 745, 746, 747, 748, 749, 750, 751, 752, 753, 754, 755, 756, 757, 758, 759, 760, 761, 762, 763, 764, 765, 766, 767, 768, 769, 770, 771, 772, 773, 774, 775, 776, 777, 778, 779, 780, 781, 782, 783, 784, 785, 786, 787, 788, 789, 790, 791, 792, 793]","[15, 91, 107, 110, 113, 123, 132, 136, 193, 216, 218, 252, 274, 275, 281, 286, 293, 302, 325, 326, 500, 562, 578, 580, 583, 594, 603, 607, 664, 686, 715, 733, 734, 740, 745, 752, 760, 783, 784]",[],"[174, 175, 176, 177, 178, 325, 332, 347, 348, 349, 350, 351, 352, 423, 467, 483, 484, 645, 646, 647, 648, 649, 783, 789, 802, 803, 804, 805, 806, 807, 875, 914, 927, 934, 935]","[15, 91, 103, 104, 105, 106, 107, 108, 109, 110, 111, 112, 113, 114, 115, 116, 117, 118, 119, 120, 121, 122, 123, 124, 125, 126, 127, 128, 129, 130, 131, 132, 133, 134, 135, 136, 137, 138, 139, 140, 141, 142, 143, 144, 145, 146, 147, 148, 149, 150, 151, 152, 153, 154, 155, 156, 157, 158, 159, 160, 161, 162, 163, 164, 165, 166, 167, 168, 169, 170, 171, 172, 173, 174, 175, 176, 177, 178, 179, 180, 181, 182, 183, 184, 185, 186, 187, 188, 189, 190, 191, 192, 193, 194, 195, 196, 197, 198, 199, 200, 201, 202, 203, 204, 205, 206, 207, 208, 209, 210, 211, 212, 213, 214, 215, 216, 217, 218, 219, 220, 221, 222, 223, 224, 225, 226, 227, 228, 229, 230, 231, 232, 233, 234, 235, 236, 237, 238, 239, 240, 241, 242, 243, 244, 245, 246, 247, 248, 249, 250, 251, 252, 253, 254, 255, 256, 257, 258, 259, 260, 261, 262, 263, 264, 265, 266, 267, 268, 269, 270, 271, 272, 273, 274, 275, 276, 277, 278, 279, 280, 281, 282, 283, 284, 285, 286, 287, 288, 289, 290, 291, 292, 293, 294, 295, 296, 297, 298, 299, 300, 301, 302, 303, 304, 305, 306, 307, 308, 309, 310, 311, 312, 313, 314, 315, 316, 317, 318, 319, 320, 321, 322, 323, 324, 325, 326, 327, 328, 329, 330, 331, 332, 333, 334, 335, 336, 337, 347, 348, 349, 350, 351, 352, 423, 467, 483, 484, 500, 562, 574, 575, 576, 577, 578, 579, 580, 581, 582, 583, 584, 585, 586, 587, 588, 589, 590, 591, 592, 593, 594, 595, 596, 597, 598, 599, 600, 601, 602, 603, 604, 605, 606, 607, 608, 609, 610, 611, 612, 613, 614, 615, 616, 617, 618, 619, 620, 621, 622, 623, 624, 625, 626, 627, 628, 629, 630, 631, 632, 633, 634, 635, 636, 637, 638, 639, 640, 641, 642, 643, 644, 645, 646, 647, 648, 649, 650, 651, 652, 653, 654, 655, 656, 657, 658, 659, 660, 661, 662, 663, 664, 665, 666, 667, 668, 669, 670, 671, 672, 673, 674, 675, 676, 677, 678, 679, 680, 681, 682, 683, 684, 685, 686, 687, 688, 689, 690, 691, 692, 693, 694, 695, 696, 697, 698, 699, 700, 701, 702, 703, 704, 705, 706, 707, 708, 709, 710, 711, 712, 713, 714, 715, 716, 717, 718, 719, 720, 721, 722, 723, 724, 725, 726, 727, 728, 729, 730, 731, 732, 733, 734, 735, 736, 737, 738, 739, 740, 741, 742, 743, 744, 745, 746, 747, 748, 749, 750, 751, 752, 753, 754, 755, 756, 757, 758, 759, 760, 761, 762, 763, 764, 765, 766, 767, 768, 769, 770, 771, 772, 773, 774, 775, 776, 777, 778, 779, 780, 781, 782, 783, 784, 785, 786, 787, 788, 789, 790, 791, 792, 793, 802, 803, 804, 805, 806, 807, 875, 914, 927, 934, 935]",False,"[110, 580]","[103, 104, 105, 106, 107, 108, 109, 110, 111, 112, 113, 114, 115, 116, 117, 118, 119, 120, 121, 122, 123, 124, 125, 126, 127, 128, 129, 130, 131, 132, 133, 134, 135, 136, 137, 138, 139, 140, 141, 142, 143, 144, 145, 146, 147, 148, 149, 150, 151, 152, 153, 154, 155, 156, 157, 158, 159, 160, 161, 162, 163, 164, 165, 166, 167, 168, 169, 170, 171, 172, 173, 174, 175, 176, 177, 178, 179, 180, 181, 182, 183, 184, 185, 186, 187, 188, 189, 190, 191, 192, 193, 194, 195, 196, 197, 198, 199, 200, 201, 202, 203, 204, 205, 206, 207, 208, 209, 210, 211, 212, 213, 214, 215, 216, 217, 218, 219, 220, 221, 222, 223, 224, 225, 226, 227, 228, 229, 230, 231, 232, 233, 234, 235, 236, 237, 238, 239, 240, 241, 242, 243, 244, 245, 246, 247, 248, 249, 250, 251, 252, 253, 254, 255, 256, 257, 258, 259, 260, 261, 262, 263, 264, 265, 266, 267, 268, 269, 270, 271, 272, 273, 274, 275, 276, 277, 278, 279, 280, 281, 282, 283, 284, 285, 286, 287, 288, 289, 290, 291, 292, 293, 294, 295, 296, 297, 298, 299, 300, 301, 302, 303, 304, 305, 306, 307, 308, 309, 310, 311, 312, 313, 314, 315, 316, 317, 318, 319, 320, 321, 322, 323, 324, 325, 326, 327, 328, 329, 330, 331, 332, 333, 334, 335, 336, 337, 574, 575, 576, 577, 578, 579, 580, 581, 582, 583, 584, 585, 586, 587, 588, 589, 590, 591, 592, 593, 594, 595, 596, 597, 598, 599, 600, 601, 602, 603, 604, 605, 606, 607, 608, 609, 610, 611, 612, 613, 614, 615, 616, 617, 618, 619, 620, 621, 622, 623, 624, 625, 626, 627, 628, 629, 630, 631, 632, 633, 634, 635, 636, 637, 638, 639, 640, 641, 642, 643, 644, 645, 646, 647, 648, 649, 650, 651, 652, 653, 654, 655, 656, 657, 658, 659, 660, 661, 662, 663, 664, 665, 666, 667, 668, 669, 670, 671, 672, 673, 674, 675, 676, 677, 678, 679, 680, 681, 682, 683, 684, 685, 686, 687, 688, 689, 690, 691, 692, 693, 694, 695, 696, 697, 698, 699, 700, 701, 702, 703, 704, 705, 706, 707, 708, 709, 710, 711, 712, 713, 714, 715, 716, 717, 718, 719, 720, 721, 722, 723, 724, 725, 726, 727, 728, 729, 730, 731, 732, 733, 734, 735, 736, 737, 738, 739, 740, 741, 742, 743, 744, 745, 746, 747, 748, 749, 750, 751, 752, 753, 754, 755, 756, 757, 758, 759, 760, 761, 762, 763, 764, 765, 766, 767, 768, 769, 770, 771, 772, 773, 774, 775, 776, 777, 778, 779, 780, 781, 782, 783, 784, 785, 786, 787, 788, 789, 790, 791, 792, 793]","[110, 216, 252, 326, 580, 715, 784]",[],"[15, 91, 107, 110, 113, 123, 132, 136, 193, 216, 218, 252, 274, 275, 281, 286, 293, 302, 325, 326, 500, 562, 578, 580, 583, 594, 603, 607, 664, 686, 715, 733, 734, 740, 745, 752, 760, 783, 784]","[174, 175, 176, 177, 178, 325, 332, 347, 348, 349, 350, 351, 352, 423, 467, 483, 484, 645, 646, 647, 648, 649, 783, 789, 802, 803, 804, 805, 806, 807, 875, 914, 927, 934, 935]",[],5/6 successful match,False,,False,787,False,,,,,
"Salinas , 93902 Golden Gate Petroleum W )",831-754-8721 US 101 X 326 B ( S Sanborn W to,S ) S <U+2610> <U+2610>,Salinas,93902,Golden Gate Petroleum W ),831-754-8721,2008,Salinas,CA,,( S Sanborn W to,US 101 X 326 B ,Exit,326,False,,False,US 101,,,,,[],"[110, 580]","[110, 216, 252, 326, 580, 715, 784]","[110, 216, 252, 326, 580, 715, 784]","[103, 104, 105, 106, 107, 108, 109, 110, 111, 112, 113, 114, 115, 116, 117, 118, 119, 120, 121, 122, 123, 124, 125, 126, 127, 128, 129, 130, 131, 132, 133, 134, 135, 136, 137, 138, 139, 140, 141, 142, 143, 144, 145, 146, 147, 148, 149, 150, 151, 152, 153, 154, 155, 156, 157, 158, 159, 160, 161, 162, 163, 164, 165, 166, 167, 168, 169, 170, 171, 172, 173, 174, 175, 176, 177, 178, 179, 180, 181, 182, 183, 184, 185, 186, 187, 188, 189, 190, 191, 192, 193, 194, 195, 196, 197, 198, 199, 200, 201, 202, 203, 204, 205, 206, 207, 208, 209, 210, 211, 212, 213, 214, 215, 216, 217, 218, 219, 220, 221, 222, 223, 224, 225, 226, 227, 228, 229, 230, 231, 232, 233, 234, 235, 236, 237, 238, 239, 240, 241, 242, 243, 244, 245, 246, 247, 248, 249, 250, 251, 252, 253, 254, 255, 256, 257, 258, 259, 260, 261, 262, 263, 264, 265, 266, 267, 268, 269, 270, 271, 272, 273, 274, 275, 276, 277, 278, 279, 280, 281, 282, 283, 284, 285, 286, 287, 288, 289, 290, 291, 292, 293, 294, 295, 296, 297, 298, 299, 300, 301, 302, 303, 304, 305, 306, 307, 308, 309, 310, 311, 312, 313, 314, 315, 316, 317, 318, 319, 320, 321, 322, 323, 324, 325, 326, 327, 328, 329, 330, 331, 332, 333, 334, 335, 336, 337, 574, 575, 576, 577, 578, 579, 580, 581, 582, 583, 584, 585, 586, 587, 588, 589, 590, 591, 592, 593, 594, 595, 596, 597, 598, 599, 600, 601, 602, 603, 604, 605, 606, 607, 608, 609, 610, 611, 612, 613, 614, 615, 616, 617, 618, 619, 620, 621, 622, 623, 624, 625, 626, 627, 628, 629, 630, 631, 632, 633, 634, 635, 636, 637, 638, 639, 640, 641, 642, 643, 644, 645, 646, 647, 648, 649, 650, 651, 652, 653, 654, 655, 656, 657, 658, 659, 660, 661, 662, 663, 664, 665, 666, 667, 668, 669, 670, 671, 672, 673, 674, 675, 676, 677, 678, 679, 680, 681, 682, 683, 684, 685, 686, 687, 688, 689, 690, 691, 692, 693, 694, 695, 696, 697, 698, 699, 700, 701, 702, 703, 704, 705, 706, 707, 708, 709, 710, 711, 712, 713, 714, 715, 716, 717, 718, 719, 720, 721, 722, 723, 724, 725, 726, 727, 728, 729, 730, 731, 732, 733, 734, 735, 736, 737, 738, 739, 740, 741, 742, 743, 744, 745, 746, 747, 748, 749, 750, 751, 752, 753, 754, 755, 756, 757, 758, 759, 760, 761, 762, 763, 764, 765, 766, 767, 768, 769, 770, 771, 772, 773, 774, 775, 776, 777, 778, 779, 780, 781, 782, 783, 784, 785, 786, 787, 788, 789, 790, 791, 792, 793]","[15, 91, 107, 110, 113, 123, 132, 136, 193, 216, 218, 252, 274, 275, 281, 286, 293, 302, 325, 326, 500, 562, 578, 580, 583, 594, 603, 607, 664, 686, 715, 733, 734, 740, 745, 752, 760, 783, 784]",[],"[174, 175, 176, 177, 178, 325, 332, 347, 348, 349, 350, 351, 352, 423, 467, 483, 484, 645, 646, 647, 648, 649, 783, 789, 802, 803, 804, 805, 806, 807, 875, 914, 927, 934, 935]","[15, 91, 103, 104, 105, 106, 107, 108, 109, 110, 111, 112, 113, 114, 115, 116, 117, 118, 119, 120, 121, 122, 123, 124, 125, 126, 127, 128, 129, 130, 131, 132, 133, 134, 135, 136, 137, 138, 139, 140, 141, 142, 143, 144, 145, 146, 147, 148, 149, 150, 151, 152, 153, 154, 155, 156, 157, 158, 159, 160, 161, 162, 163, 164, 165, 166, 167, 168, 169, 170, 171, 172, 173, 174, 175, 176, 177, 178, 179, 180, 181, 182, 183, 184, 185, 186, 187, 188, 189, 190, 191, 192, 193, 194, 195, 196, 197, 198, 199, 200, 201, 202, 203, 204, 205, 206, 207, 208, 209, 210, 211, 212, 213, 214, 215, 216, 217, 218, 219, 220, 221, 222, 223, 224, 225, 226, 227, 228, 229, 230, 231, 232, 233, 234, 235, 236, 237, 238, 239, 240, 241, 242, 243, 244, 245, 246, 247, 248, 249, 250, 251, 252, 253, 254, 255, 256, 257, 258, 259, 260, 261, 262, 263, 264, 265, 266, 267, 268, 269, 270, 271, 272, 273, 274, 275, 276, 277, 278, 279, 280, 281, 282, 283, 284, 285, 286, 287, 288, 289, 290, 291, 292, 293, 294, 295, 296, 297, 298, 299, 300, 301, 302, 303, 304, 305, 306, 307, 308, 309, 310, 311, 312, 313, 314, 315, 316, 317, 318, 319, 320, 321, 322, 323, 324, 325, 326, 327, 328, 329, 330, 331, 332, 333, 334, 335, 336, 337, 347, 348, 349, 350, 351, 352, 423, 467, 483, 484, 500, 562, 574, 575, 576, 577, 578, 579, 580, 581, 582, 583, 584, 585, 586, 587, 588, 589, 590, 591, 592, 593, 594, 595, 596, 597, 598, 599, 600, 601, 602, 603, 604, 605, 606, 607, 608, 609, 610, 611, 612, 613, 614, 615, 616, 617, 618, 619, 620, 621, 622, 623, 624, 625, 626, 627, 628, 629, 630, 631, 632, 633, 634, 635, 636, 637, 638, 639, 640, 641, 642, 643, 644, 645, 646, 647, 648, 649, 650, 651, 652, 653, 654, 655, 656, 657, 658, 659, 660, 661, 662, 663, 664, 665, 666, 667, 668, 669, 670, 671, 672, 673, 674, 675, 676, 677, 678, 679, 680, 681, 682, 683, 684, 685, 686, 687, 688, 689, 690, 691, 692, 693, 694, 695, 696, 697, 698, 699, 700, 701, 702, 703, 704, 705, 706, 707, 708, 709, 710, 711, 712, 713, 714, 715, 716, 717, 718, 719, 720, 721, 722, 723, 724, 725, 726, 727, 728, 729, 730, 731, 732, 733, 734, 735, 736, 737, 738, 739, 740, 741, 742, 743, 744, 745, 746, 747, 748, 749, 750, 751, 752, 753, 754, 755, 756, 757, 758, 759, 760, 761, 762, 763, 764, 765, 766, 767, 768, 769, 770, 771, 772, 773, 774, 775, 776, 777, 778, 779, 780, 781, 782, 783, 784, 785, 786, 787, 788, 789, 790, 791, 792, 793, 802, 803, 804, 805, 806, 807, 875, 914, 927, 934, 935]",False,"[110, 580]","[103, 104, 105, 106, 107, 108, 109, 110, 111, 112, 113, 114, 115, 116, 117, 118, 119, 120, 121, 122, 123, 124, 125, 126, 127, 128, 129, 130, 131, 132, 133, 134, 135, 136, 137, 138, 139, 140, 141, 142, 143, 144, 145, 146, 147, 148, 149, 150, 151, 152, 153, 154, 155, 156, 157, 158, 159, 160, 161, 162, 163, 164, 165, 166, 167, 168, 169, 170, 171, 172, 173, 174, 175, 176, 177, 178, 179, 180, 181, 182, 183, 184, 185, 186, 187, 188, 189, 190, 191, 192, 193, 194, 195, 196, 197, 198, 199, 200, 201, 202, 203, 204, 205, 206, 207, 208, 209, 210, 211, 212, 213, 214, 215, 216, 217, 218, 219, 220, 221, 222, 223, 224, 225, 226, 227, 228, 229, 230, 231, 232, 233, 234, 235, 236, 237, 238, 239, 240, 241, 242, 243, 244, 245, 246, 247, 248, 249, 250, 251, 252, 253, 254, 255, 256, 257, 258, 259, 260, 261, 262, 263, 264, 265, 266, 267, 268, 269, 270, 271, 272, 273, 274, 275, 276, 277, 278, 279, 280, 281, 282, 283, 284, 285, 286, 287, 288, 289, 290, 291, 292, 293, 294, 295, 296, 297, 298, 299, 300, 301, 302, 303, 304, 305, 306, 307, 308, 309, 310, 311, 312, 313, 314, 315, 316, 317, 318, 319, 320, 321, 322, 323, 324, 325, 326, 327, 328, 329, 330, 331, 332, 333, 334, 335, 336, 337, 574, 575, 576, 577, 578, 579, 580, 581, 582, 583, 584, 585, 586, 587, 588, 589, 590, 591, 592, 593, 594, 595, 596, 597, 598, 599, 600, 601, 602, 603, 604, 605, 606, 607, 608, 609, 610, 611, 612, 613, 614, 615, 616, 617, 618, 619, 620, 621, 622, 623, 624, 625, 626, 627, 628, 629, 630, 631, 632, 633, 634, 635, 636, 637, 638, 639, 640, 641, 642, 643, 644, 645, 646, 647, 648, 649, 650, 651, 652, 653, 654, 655, 656, 657, 658, 659, 660, 661, 662, 663, 664, 665, 666, 667, 668, 669, 670, 671, 672, 673, 674, 675, 676, 677, 678, 679, 680, 681, 682, 683, 684, 685, 686, 687, 688, 689, 690, 691, 692, 693, 694, 695, 696, 697, 698, 699, 700, 701, 702, 703, 704, 705, 706, 707, 708, 709, 710, 711, 712, 713, 714, 715, 716, 717, 718, 719, 720, 721, 722, 723, 724, 725, 726, 727, 728, 729, 730, 731, 732, 733, 734, 735, 736, 737, 738, 739, 740, 741, 742, 743, 744, 745, 746, 747, 748, 749, 750, 751, 752, 753, 754, 755, 756, 757, 758, 759, 760, 761, 762, 763, 764, 765, 766, 767, 768, 769, 770, 771, 772, 773, 774, 775, 776, 777, 778, 779, 780, 781, 782, 783, 784, 785, 786, 787, 788, 789, 790, 791, 792, 793]","[110, 216, 252, 326, 580, 715, 784]","[110, 216, 252, 326, 580, 715, 784]","[15, 91, 107, 110, 113, 123, 132, 136, 193, 216, 218, 252, 274, 275, 281, 286, 293, 302, 325, 326, 500, 562, 578, 580, 583, 594, 603, 607, 664, 686, 715, 733, 734, 740, 745, 752, 760, 783, 784]","[174, 175, 176, 177, 178, 325, 332, 347, 348, 349, 350, 351, 352, 423, 467, 483, 484, 645, 646, 647, 648, 649, 783, 789, 802, 803, 804, 805, 806, 807, 875, 914, 927, 934, 935]",[],5/6 successful match,False,,False,787,False,,1.0,True,Golden Gate Petroleum,
"S San Francisco , 94080 Golden Gate Petroleum ( Shell )",650-737-9675 US 101 & Grand ( E to Harbor ),43 <U+2610> <U+2610> <U+2610> <U+2610> O,San Francisco,94080,Golden Gate Petroleum ( Shell ),650-737-9675,2006,South San Francisco,CA,Shell,( E to Harbor ),US 101 & Grand,empty,,False,,False,US 101,Grand,,,,[],"[107, 293, 578, 752]","[49, 87, 107, 198, 255, 293, 297, 316, 331, 528, 558, 578, 669, 708, 752, 756, 774, 788]",[],"[103, 104, 105, 106, 107, 108, 109, 110, 111, 112, 113, 114, 115, 116, 117, 118, 119, 120, 121, 122, 123, 124, 125, 126, 127, 128, 129, 130, 131, 132, 133, 134, 135, 136, 137, 138, 139, 140, 141, 142, 143, 144, 145, 146, 147, 148, 149, 150, 151, 152, 153, 154, 155, 156, 157, 158, 159, 160, 161, 162, 163, 164, 165, 166, 167, 168, 169, 170, 171, 172, 173, 174, 175, 176, 177, 178, 179, 180, 181, 182, 183, 184, 185, 186, 187, 188, 189, 190, 191, 192, 193, 194, 195, 196, 197, 198, 199, 200, 201, 202, 203, 204, 205, 206, 207, 208, 209, 210, 211, 212, 213, 214, 215, 216, 217, 218, 219, 220, 221, 222, 223, 224, 225, 226, 227, 228, 229, 230, 231, 232, 233, 234, 235, 236, 237, 238, 239, 240, 241, 242, 243, 244, 245, 246, 247, 248, 249, 250, 251, 252, 253, 254, 255, 256, 257, 258, 259, 260, 261, 262, 263, 264, 265, 266, 267, 268, 269, 270, 271, 272, 273, 274, 275, 276, 277, 278, 279, 280, 281, 282, 283, 284, 285, 286, 287, 288, 289, 290, 291, 292, 293, 294, 295, 296, 297, 298, 299, 300, 301, 302, 303, 304, 305, 306, 307, 308, 309, 310, 311, 312, 313, 314, 315, 316, 317, 318, 319, 320, 321, 322, 323, 324, 325, 326, 327, 328, 329, 330, 331, 332, 333, 334, 335, 336, 337, 574, 575, 576, 577, 578, 579, 580, 581, 582, 583, 584, 585, 586, 587, 588, 589, 590, 591, 592, 593, 594, 595, 596, 597, 598, 599, 600, 601, 602, 603, 604, 605, 606, 607, 608, 609, 610, 611, 612, 613, 614, 615, 616, 617, 618, 619, 620, 621, 622, 623, 624, 625, 626, 627, 628, 629, 630, 631, 632, 633, 634, 635, 636, 637, 638, 639, 640, 641, 642, 643, 644, 645, 646, 647, 648, 649, 650, 651, 652, 653, 654, 655, 656, 657, 658, 659, 660, 661, 662, 663, 664, 665, 666, 667, 668, 669, 670, 671, 672, 673, 674, 675, 676, 677, 678, 679, 680, 681, 682, 683, 684, 685, 686, 687, 688, 689, 690, 691, 692, 693, 694, 695, 696, 697, 698, 699, 700, 701, 702, 703, 704, 705, 706, 707, 708, 709, 710, 711, 712, 713, 714, 715, 716, 717, 718, 719, 720, 721, 722, 723, 724, 725, 726, 727, 728, 729, 730, 731, 732, 733, 734, 735, 736, 737, 738, 739, 740, 741, 742, 743, 744, 745, 746, 747, 748, 749, 750, 751, 752, 753, 754, 755, 756, 757, 758, 759, 760, 761, 762, 763, 764, 765, 766, 767, 768, 769, 770, 771, 772, 773, 774, 775, 776, 777, 778, 779, 780, 781, 782, 783, 784, 785, 786, 787, 788, 789, 790, 791, 792, 793]","[15, 45, 91, 107, 110, 113, 123, 132, 136, 193, 216, 218, 252, 274, 275, 281, 286, 293, 302, 325, 326, 500, 525, 562, 578, 580, 583, 594, 603, 607, 664, 686, 715, 733, 734, 740, 745, 752, 760, 783, 784]","[1, 13, 14, 29, 54, 55, 56, 57, 58, 60, 102, 118, 125, 127, 130, 134, 146, 149, 153, 175, 182, 187, 189, 191, 197, 225, 230, 238, 264, 265, 266, 286, 302, 317, 336, 379, 388, 389, 425, 454, 458, 463, 475, 487, 498, 499, 512, 530, 531, 532, 533, 534, 536, 573, 589, 596, 598, 601, 605, 617, 620, 624, 646, 653, 658, 660, 662, 668, 689, 694, 702, 724, 725, 745, 760, 775, 793, 829, 838, 839, 877, 901, 903, 905, 910, 923]","[1, 13, 14, 29, 54, 55, 56, 57, 58, 60, 102, 118, 125, 127, 130, 134, 146, 149, 153, 174, 175, 176, 177, 178, 182, 187, 189, 191, 197, 225, 230, 238, 264, 265, 266, 286, 302, 317, 325, 332, 336, 347, 348, 349, 350, 351, 352, 354, 379, 388, 389, 423, 425, 454, 458, 463, 467, 475, 483, 484, 487, 498, 499, 512, 530, 531, 532, 533, 534, 536, 573, 589, 596, 598, 601, 605, 617, 620, 624, 645, 646, 647, 648, 649, 653, 658, 660, 662, 668, 689, 694, 702, 724, 725, 745, 760, 775, 783, 789, 793, 802, 803, 804, 805, 806, 807, 809, 829, 838, 839, 875, 877, 901, 903, 905, 910, 914, 923, 927, 934, 935]","[1, 13, 14, 15, 29, 45, 49, 54, 55, 56, 57, 58, 60, 87, 91, 102, 103, 104, 105, 106, 107, 108, 109, 110, 111, 112, 113, 114, 115, 116, 117, 118, 119, 120, 121, 122, 123, 124, 125, 126, 127, 128, 129, 130, 131, 132, 133, 134, 135, 136, 137, 138, 139, 140, 141, 142, 143, 144, 145, 146, 147, 148, 149, 150, 151, 152, 153, 154, 155, 156, 157, 158, 159, 160, 161, 162, 163, 164, 165, 166, 167, 168, 169, 170, 171, 172, 173, 174, 175, 176, 177, 178, 179, 180, 181, 182, 183, 184, 185, 186, 187, 188, 189, 190, 191, 192, 193, 194, 195, 196, 197, 198, 199, 200, 201, 202, 203, 204, 205, 206, 207, 208, 209, 210, 211, 212, 213, 214, 215, 216, 217, 218, 219, 220, 221, 222, 223, 224, 225, 226, 227, 228, 229, 230, 231, 232, 233, 234, 235, 236, 237, 238, 239, 240, 241, 242, 243, 244, 245, 246, 247, 248, 249, 250, 251, 252, 253, 254, 255, 256, 257, 258, 259, 260, 261, 262, 263, 264, 265, 266, 267, 268, 269, 270, 271, 272, 273, 274, 275, 276, 277, 278, 279, 280, 281, 282, 283, 284, 285, 286, 287, 288, 289, 290, 291, 292, 293, 294, 295, 296, 297, 298, 299, 300, 301, 302, 303, 304, 305, 306, 307, 308, 309, 310, 311, 312, 313, 314, 315, 316, 317, 318, 319, 320, 321, 322, 323, 324, 325, 326, 327, 328, 329, 330, 331, 332, 333, 334, 335, 336, 337, 347, 348, 349, 350, 351, 352, 354, 379, 388, 389, 423, 425, 454, 458, 463, 467, 475, 483, 484, 487, 498, 499, 500, 512, 525, 528, 530, 531, 532, 533, 534, 536, 558, 562, 573, 574, 575, 576, 577, 578, 579, 580, 581, 582, 583, 584, 585, 586, 587, 588, 589, 590, 591, 592, 593, 594, 595, 596, 597, 598, 599, 600, 601, 602, 603, 604, 605, 606, 607, 608, 609, 610, 611, 612, 613, 614, 615, 616, 617, 618, 619, 620, 621, 622, 623, 624, 625, 626, 627, 628, 629, 630, 631, 632, 633, 634, 635, 636, 637, 638, 639, 640, 641, 642, 643, 644, 645, 646, 647, 648, 649, 650, 651, 652, 653, 654, 655, 656, 657, 658, 659, 660, 661, 662, 663, 664, 665, 666, 667, 668, 669, 670, 671, 672, 673, 674, 675, 676, 677, 678, 679, 680, 681, 682, 683, 684, 685, 686, 687, 688, 689, 690, 691, 692, 693, 694, 695, 696, 697, 698, 699, 700, 701, 702, 703, 704, 705, 706, 707, 708, 709, 710, 711, 712, 713, 714, 715, 716, 717, 718, 719, 720, 721, 722, 723, 724, 725, 726, 727, 728, 729, 730, 731, 732, 733, 734, 735, 736, 737, 738, 739, 740, 741, 742, 743, 744, 745, 746, 747, 748, 749, 750, 751, 752, 753, 754, 755, 756, 757, 758, 759, 760, 761, 762, 763, 764, 765, 766, 767, 768, 769, 770, 771, 772, 773, 774, 775, 776, 777, 778, 779, 780, 781, 782, 783, 784, 785, 786, 787, 788, 789, 790, 791, 792, 793, 802, 803, 804, 805, 806, 807, 809, 829, 838, 839, 875, 877, 901, 903, 905, 910, 914, 923, 927, 934, 935]",False,"[107, 293, 578, 752]","[103, 104, 105, 106, 107, 108, 109, 110, 111, 112, 113, 114, 115, 116, 117, 118, 119, 120, 121, 122, 123, 124, 125, 126, 127, 128, 129, 130, 131, 132, 133, 134, 135, 136, 137, 138, 139, 140, 141, 142, 143, 144, 145, 146, 147, 148, 149, 150, 151, 152, 153, 154, 155, 156, 157, 158, 159, 160, 161, 162, 163, 164, 165, 166, 167, 168, 169, 170, 171, 172, 173, 174, 175, 176, 177, 178, 179, 180, 181, 182, 183, 184, 185, 186, 187, 188, 189, 190, 191, 192, 193, 194, 195, 196, 197, 198, 199, 200, 201, 202, 203, 204, 205, 206, 207, 208, 209, 210, 211, 212, 213, 214, 215, 216, 217, 218, 219, 220, 221, 222, 223, 224, 225, 226, 227, 228, 229, 230, 231, 232, 233, 234, 235, 236, 237, 238, 239, 240, 241, 242, 243, 244, 245, 246, 247, 248, 249, 250, 251, 252, 253, 254, 255, 256, 257, 258, 259, 260, 261, 262, 263, 264, 265, 266, 267, 268, 269, 270, 271, 272, 273, 274, 275, 276, 277, 278, 279, 280, 281, 282, 283, 284, 285, 286, 287, 288, 289, 290, 291, 292, 293, 294, 295, 296, 297, 298, 299, 300, 301, 302, 303, 304, 305, 306, 307, 308, 309, 310, 311, 312, 313, 314, 315, 316, 317, 318, 319, 320, 321, 322, 323, 324, 325, 326, 327, 328, 329, 330, 331, 332, 333, 334, 335, 336, 337, 574, 575, 576, 577, 578, 579, 580, 581, 582, 583, 584, 585, 586, 587, 588, 589, 590, 591, 592, 593, 594, 595, 596, 597, 598, 599, 600, 601, 602, 603, 604, 605, 606, 607, 608, 609, 610, 611, 612, 613, 614, 615, 616, 617, 618, 619, 620, 621, 622, 623, 624, 625, 626, 627, 628, 629, 630, 631, 632, 633, 634, 635, 636, 637, 638, 639, 640, 641, 642, 643, 644, 645, 646, 647, 648, 649, 650, 651, 652, 653, 654, 655, 656, 657, 658, 659, 660, 661, 662, 663, 664, 665, 666, 667, 668, 669, 670, 671, 672, 673, 674, 675, 676, 677, 678, 679, 680, 681, 682, 683, 684, 685, 686, 687, 688, 689, 690, 691, 692, 693, 694, 695, 696, 697, 698, 699, 700, 701, 702, 703, 704, 705, 706, 707, 708, 709, 710, 711, 712, 713, 714, 715, 716, 717, 718, 719, 720, 721, 722, 723, 724, 725, 726, 727, 728, 729, 730, 731, 732, 733, 734, 735, 736, 737, 738, 739, 740, 741, 742, 743, 744, 745, 746, 747, 748, 749, 750, 751, 752, 753, 754, 755, 756, 757, 758, 759, 760, 761, 762, 763, 764, 765, 766, 767, 768, 769, 770, 771, 772, 773, 774, 775, 776, 777, 778, 779, 780, 781, 782, 783, 784, 785, 786, 787, 788, 789, 790, 791, 792, 793]","[49, 87, 107, 198, 255, 293, 297, 316, 331, 528, 558, 578, 669, 708, 752, 756, 774, 788]",[],"[15, 45, 91, 107, 110, 113, 123, 132, 136, 193, 216, 218, 252, 274, 275, 281, 286, 293, 302, 325, 326, 500, 525, 562, 578, 580, 583, 594, 603, 607, 664, 686, 715, 733, 734, 740, 745, 752, 760, 783, 784]","[1, 13, 14, 29, 54, 55, 56, 57, 58, 60, 102, 118, 125, 127, 130, 134, 146, 149, 153, 174, 175, 176, 177, 178, 182, 187, 189, 191, 197, 225, 230, 238, 264, 265, 266, 286, 302, 317, 325, 332, 336, 347, 348, 349, 350, 351, 352, 354, 379, 388, 389, 423, 425, 454, 458, 463, 467, 475, 483, 484, 487, 498, 499, 512, 530, 531, 532, 533, 534, 536, 573, 589, 596, 598, 601, 605, 617, 620, 624, 645, 646, 647, 648, 649, 653, 658, 660, 662, 668, 689, 694, 702, 724, 725, 745, 760, 775, 783, 789, 793, 802, 803, 804, 805, 806, 807, 809, 829, 838, 839, 875, 877, 901, 903, 905, 910, 914, 923, 927, 934, 935]","[1, 13, 14, 29, 54, 55, 56, 57, 58, 60, 102, 118, 125, 127, 130, 134, 146, 149, 153, 175, 182, 187, 189, 191, 197, 225, 230, 238, 264, 265, 266, 286, 302, 317, 336, 379, 388, 389, 425, 454, 458, 463, 475, 487, 498, 499, 512, 530, 531, 532, 533, 534, 536, 573, 589, 596, 598, 601, 605, 617, 620, 624, 646, 653, 658, 660, 662, 668, 689, 694, 702, 724, 725, 745, 760, 775, 793, 829, 838, 839, 877, 901, 903, 905, 910, 923]",5/6 successful match,False,[745],True,788,False,,,,,
"S San Francisco , 94080 Golden Gate Petroleum ( Shell )",650-737-9675 US 101 & Grand ( E to Harbor ),""" C",San Francisco,94080,Golden Gate Petroleum ( Shell ),650-737-9675,2007,South San Francisco,CA,Shell,( E to Harbor ),US 101 & Grand,empty,,False,,False,US 101,Grand,,,,[],"[107, 293, 578, 752]","[49, 87, 107, 198, 255, 293, 297, 316, 331, 528, 558, 578, 669, 708, 752, 756, 774, 788]",[],"[103, 104, 105, 106, 107, 108, 109, 110, 111, 112, 113, 114, 115, 116, 117, 118, 119, 120, 121, 122, 123, 124, 125, 126, 127, 128, 129, 130, 131, 132, 133, 134, 135, 136, 137, 138, 139, 140, 141, 142, 143, 144, 145, 146, 147, 148, 149, 150, 151, 152, 153, 154, 155, 156, 157, 158, 159, 160, 161, 162, 163, 164, 165, 166, 167, 168, 169, 170, 171, 172, 173, 174, 175, 176, 177, 178, 179, 180, 181, 182, 183, 184, 185, 186, 187, 188, 189, 190, 191, 192, 193, 194, 195, 196, 197, 198, 199, 200, 201, 202, 203, 204, 205, 206, 207, 208, 209, 210, 211, 212, 213, 214, 215, 216, 217, 218, 219, 220, 221, 222, 223, 224, 225, 226, 227, 228, 229, 230, 231, 232, 233, 234, 235, 236, 237, 238, 239, 240, 241, 242, 243, 244, 245, 246, 247, 248, 249, 250, 251, 252, 253, 254, 255, 256, 257, 258, 259, 260, 261, 262, 263, 264, 265, 266, 267, 268, 269, 270, 271, 272, 273, 274, 275, 276, 277, 278, 279, 280, 281, 282, 283, 284, 285, 286, 287, 288, 289, 290, 291, 292, 293, 294, 295, 296, 297, 298, 299, 300, 301, 302, 303, 304, 305, 306, 307, 308, 309, 310, 311, 312, 313, 314, 315, 316, 317, 318, 319, 320, 321, 322, 323, 324, 325, 326, 327, 328, 329, 330, 331, 332, 333, 334, 335, 336, 337, 574, 575, 576, 577, 578, 579, 580, 581, 582, 583, 584, 585, 586, 587, 588, 589, 590, 591, 592, 593, 594, 595, 596, 597, 598, 599, 600, 601, 602, 603, 604, 605, 606, 607, 608, 609, 610, 611, 612, 613, 614, 615, 616, 617, 618, 619, 620, 621, 622, 623, 624, 625, 626, 627, 628, 629, 630, 631, 632, 633, 634, 635, 636, 637, 638, 639, 640, 641, 642, 643, 644, 645, 646, 647, 648, 649, 650, 651, 652, 653, 654, 655, 656, 657, 658, 659, 660, 661, 662, 663, 664, 665, 666, 667, 668, 669, 670, 671, 672, 673, 674, 675, 676, 677, 678, 679, 680, 681, 682, 683, 684, 685, 686, 687, 688, 689, 690, 691, 692, 693, 694, 695, 696, 697, 698, 699, 700, 701, 702, 703, 704, 705, 706, 707, 708, 709, 710, 711, 712, 713, 714, 715, 716, 717, 718, 719, 720, 721, 722, 723, 724, 725, 726, 727, 728, 729, 730, 731, 732, 733, 734, 735, 736, 737, 738, 739, 740, 741, 742, 743, 744, 745, 746, 747, 748, 749, 750, 751, 752, 753, 754, 755, 756, 757, 758, 759, 760, 761, 762, 763, 764, 765, 766, 767, 768, 769, 770, 771, 772, 773, 774, 775, 776, 777, 778, 779, 780, 781, 782, 783, 784, 785, 786, 787, 788, 789, 790, 791, 792, 793]","[15, 45, 91, 107, 110, 113, 123, 132, 136, 193, 216, 218, 252, 274, 275, 281, 286, 293, 302, 325, 326, 500, 525, 562, 578, 580, 583, 594, 603, 607, 664, 686, 715, 733, 734, 740, 745, 752, 760, 783, 784]","[1, 13, 14, 29, 54, 55, 56, 57, 58, 60, 102, 118, 125, 127, 130, 134, 146, 149, 153, 175, 182, 187, 189, 191, 197, 225, 230, 238, 264, 265, 266, 286, 302, 317, 336, 379, 388, 389, 425, 454, 458, 463, 475, 487, 498, 499, 512, 530, 531, 532, 533, 534, 536, 573, 589, 596, 598, 601, 605, 617, 620, 624, 646, 653, 658, 660, 662, 668, 689, 694, 702, 724, 725, 745, 760, 775, 793, 829, 838, 839, 877, 901, 903, 905, 910, 923]","[1, 13, 14, 29, 54, 55, 56, 57, 58, 60, 102, 118, 125, 127, 130, 134, 146, 149, 153, 174, 175, 176, 177, 178, 182, 187, 189, 191, 197, 225, 230, 238, 264, 265, 266, 286, 302, 317, 325, 332, 336, 347, 348, 349, 350, 351, 352, 354, 379, 388, 389, 423, 425, 454, 458, 463, 467, 475, 483, 484, 487, 498, 499, 512, 530, 531, 532, 533, 534, 536, 573, 589, 596, 598, 601, 605, 617, 620, 624, 645, 646, 647, 648, 649, 653, 658, 660, 662, 668, 689, 694, 702, 724, 725, 745, 760, 775, 783, 789, 793, 802, 803, 804, 805, 806, 807, 809, 829, 838, 839, 875, 877, 901, 903, 905, 910, 914, 923, 927, 934, 935]","[1, 13, 14, 15, 29, 45, 49, 54, 55, 56, 57, 58, 60, 87, 91, 102, 103, 104, 105, 106, 107, 108, 109, 110, 111, 112, 113, 114, 115, 116, 117, 118, 119, 120, 121, 122, 123, 124, 125, 126, 127, 128, 129, 130, 131, 132, 133, 134, 135, 136, 137, 138, 139, 140, 141, 142, 143, 144, 145, 146, 147, 148, 149, 150, 151, 152, 153, 154, 155, 156, 157, 158, 159, 160, 161, 162, 163, 164, 165, 166, 167, 168, 169, 170, 171, 172, 173, 174, 175, 176, 177, 178, 179, 180, 181, 182, 183, 184, 185, 186, 187, 188, 189, 190, 191, 192, 193, 194, 195, 196, 197, 198, 199, 200, 201, 202, 203, 204, 205, 206, 207, 208, 209, 210, 211, 212, 213, 214, 215, 216, 217, 218, 219, 220, 221, 222, 223, 224, 225, 226, 227, 228, 229, 230, 231, 232, 233, 234, 235, 236, 237, 238, 239, 240, 241, 242, 243, 244, 245, 246, 247, 248, 249, 250, 251, 252, 253, 254, 255, 256, 257, 258, 259, 260, 261, 262, 263, 264, 265, 266, 267, 268, 269, 270, 271, 272, 273, 274, 275, 276, 277, 278, 279, 280, 281, 282, 283, 284, 285, 286, 287, 288, 289, 290, 291, 292, 293, 294, 295, 296, 297, 298, 299, 300, 301, 302, 303, 304, 305, 306, 307, 308, 309, 310, 311, 312, 313, 314, 315, 316, 317, 318, 319, 320, 321, 322, 323, 324, 325, 326, 327, 328, 329, 330, 331, 332, 333, 334, 335, 336, 337, 347, 348, 349, 350, 351, 352, 354, 379, 388, 389, 423, 425, 454, 458, 463, 467, 475, 483, 484, 487, 498, 499, 500, 512, 525, 528, 530, 531, 532, 533, 534, 536, 558, 562, 573, 574, 575, 576, 577, 578, 579, 580, 581, 582, 583, 584, 585, 586, 587, 588, 589, 590, 591, 592, 593, 594, 595, 596, 597, 598, 599, 600, 601, 602, 603, 604, 605, 606, 607, 608, 609, 610, 611, 612, 613, 614, 615, 616, 617, 618, 619, 620, 621, 622, 623, 624, 625, 626, 627, 628, 629, 630, 631, 632, 633, 634, 635, 636, 637, 638, 639, 640, 641, 642, 643, 644, 645, 646, 647, 648, 649, 650, 651, 652, 653, 654, 655, 656, 657, 658, 659, 660, 661, 662, 663, 664, 665, 666, 667, 668, 669, 670, 671, 672, 673, 674, 675, 676, 677, 678, 679, 680, 681, 682, 683, 684, 685, 686, 687, 688, 689, 690, 691, 692, 693, 694, 695, 696, 697, 698, 699, 700, 701, 702, 703, 704, 705, 706, 707, 708, 709, 710, 711, 712, 713, 714, 715, 716, 717, 718, 719, 720, 721, 722, 723, 724, 725, 726, 727, 728, 729, 730, 731, 732, 733, 734, 735, 736, 737, 738, 739, 740, 741, 742, 743, 744, 745, 746, 747, 748, 749, 750, 751, 752, 753, 754, 755, 756, 757, 758, 759, 760, 761, 762, 763, 764, 765, 766, 767, 768, 769, 770, 771, 772, 773, 774, 775, 776, 777, 778, 779, 780, 781, 782, 783, 784, 785, 786, 787, 788, 789, 790, 791, 792, 793, 802, 803, 804, 805, 806, 807, 809, 829, 838, 839, 875, 877, 901, 903, 905, 910, 914, 923, 927, 934, 935]",False,"[107, 293, 578, 752]","[103, 104, 105, 106, 107, 108, 109, 110, 111, 112, 113, 114, 115, 116, 117, 118, 119, 120, 121, 122, 123, 124, 125, 126, 127, 128, 129, 130, 131, 132, 133, 134, 135, 136, 137, 138, 139, 140, 141, 142, 143, 144, 145, 146, 147, 148, 149, 150, 151, 152, 153, 154, 155, 156, 157, 158, 159, 160, 161, 162, 163, 164, 165, 166, 167, 168, 169, 170, 171, 172, 173, 174, 175, 176, 177, 178, 179, 180, 181, 182, 183, 184, 185, 186, 187, 188, 189, 190, 191, 192, 193, 194, 195, 196, 197, 198, 199, 200, 201, 202, 203, 204, 205, 206, 207, 208, 209, 210, 211, 212, 213, 214, 215, 216, 217, 218, 219, 220, 221, 222, 223, 224, 225, 226, 227, 228, 229, 230, 231, 232, 233, 234, 235, 236, 237, 238, 239, 240, 241, 242, 243, 244, 245, 246, 247, 248, 249, 250, 251, 252, 253, 254, 255, 256, 257, 258, 259, 260, 261, 262, 263, 264, 265, 266, 267, 268, 269, 270, 271, 272, 273, 274, 275, 276, 277, 278, 279, 280, 281, 282, 283, 284, 285, 286, 287, 288, 289, 290, 291, 292, 293, 294, 295, 296, 297, 298, 299, 300, 301, 302, 303, 304, 305, 306, 307, 308, 309, 310, 311, 312, 313, 314, 315, 316, 317, 318, 319, 320, 321, 322, 323, 324, 325, 326, 327, 328, 329, 330, 331, 332, 333, 334, 335, 336, 337, 574, 575, 576, 577, 578, 579, 580, 581, 582, 583, 584, 585, 586, 587, 588, 589, 590, 591, 592, 593, 594, 595, 596, 597, 598, 599, 600, 601, 602, 603, 604, 605, 606, 607, 608, 609, 610, 611, 612, 613, 614, 615, 616, 617, 618, 619, 620, 621, 622, 623, 624, 625, 626, 627, 628, 629, 630, 631, 632, 633, 634, 635, 636, 637, 638, 639, 640, 641, 642, 643, 644, 645, 646, 647, 648, 649, 650, 651, 652, 653, 654, 655, 656, 657, 658, 659, 660, 661, 662, 663, 664, 665, 666, 667, 668, 669, 670, 671, 672, 673, 674, 675, 676, 677, 678, 679, 680, 681, 682, 683, 684, 685, 686, 687, 688, 689, 690, 691, 692, 693, 694, 695, 696, 697, 698, 699, 700, 701, 702, 703, 704, 705, 706, 707, 708, 709, 710, 711, 712, 713, 714, 715, 716, 717, 718, 719, 720, 721, 722, 723, 724, 725, 726, 727, 728, 729, 730, 731, 732, 733, 734, 735, 736, 737, 738, 739, 740, 741, 742, 743, 744, 745, 746, 747, 748, 749, 750, 751, 752, 753, 754, 755, 756, 757, 758, 759, 760, 761, 762, 763, 764, 765, 766, 767, 768, 769, 770, 771, 772, 773, 774, 775, 776, 777, 778, 779, 780, 781, 782, 783, 784, 785, 786, 787, 788, 789, 790, 791, 792, 793]","[49, 87, 107, 198, 255, 293, 297, 316, 331, 528, 558, 578, 669, 708, 752, 756, 774, 788]",[],"[15, 45, 91, 107, 110, 113, 123, 132, 136, 193, 216, 218, 252, 274, 275, 281, 286, 293, 302, 325, 326, 500, 525, 562, 578, 580, 583, 594, 603, 607, 664, 686, 715, 733, 734, 740, 745, 752, 760, 783, 784]","[1, 13, 14, 29, 54, 55, 56, 57, 58, 60, 102, 118, 125, 127, 130, 134, 146, 149, 153, 174, 175, 176, 177, 178, 182, 187, 189, 191, 197, 225, 230, 238, 264, 265, 266, 286, 302, 317, 325, 332, 336, 347, 348, 349, 350, 351, 352, 354, 379, 388, 389, 423, 425, 454, 458, 463, 467, 475, 483, 484, 487, 498, 499, 512, 530, 531, 532, 533, 534, 536, 573, 589, 596, 598, 601, 605, 617, 620, 624, 645, 646, 647, 648, 649, 653, 658, 660, 662, 668, 689, 694, 702, 724, 725, 745, 760, 775, 783, 789, 793, 802, 803, 804, 805, 806, 807, 809, 829, 838, 839, 875, 877, 901, 903, 905, 910, 914, 923, 927, 934, 935]","[1, 13, 14, 29, 54, 55, 56, 57, 58, 60, 102, 118, 125, 127, 130, 134, 146, 149, 153, 175, 182, 187, 189, 191, 197, 225, 230, 238, 264, 265, 266, 286, 302, 317, 336, 379, 388, 389, 425, 454, 458, 463, 475, 487, 498, 499, 512, 530, 531, 532, 533, 534, 536, 573, 589, 596, 598, 601, 605, 617, 620, 624, 646, 653, 658, 660, 662, 668, 689, 694, 702, 724, 725, 745, 760, 775, 793, 829, 838, 839, 877, 901, 903, 905, 910, 923]",5/6 successful match,False,[745],True,788,False,,1.0,True,Golden Gate Petroleum ( Shell ),Shell
"S San Francisco , 94080 Golden Gate Petroleum ( Shell )",650-737-9675 US 101 & Grand ( E to Harbor ),<U+2610> <U+25A1> <U+25A1> <U+2610> <U+2610>,San Francisco,94080,Golden Gate Petroleum ( Shell ),650-737-9675,2008,South San Francisco,CA,Shell,( E to Harbor ),US 101 & Grand,empty,,False,,False,US 101,Grand,,,,[],"[107, 293, 578, 752]","[49, 87, 107, 198, 255, 293, 297, 316, 331, 528, 558, 578, 669, 708, 752, 756, 774, 788]",[],"[103, 104, 105, 106, 107, 108, 109, 110, 111, 112, 113, 114, 115, 116, 117, 118, 119, 120, 121, 122, 123, 124, 125, 126, 127, 128, 129, 130, 131, 132, 133, 134, 135, 136, 137, 138, 139, 140, 141, 142, 143, 144, 145, 146, 147, 148, 149, 150, 151, 152, 153, 154, 155, 156, 157, 158, 159, 160, 161, 162, 163, 164, 165, 166, 167, 168, 169, 170, 171, 172, 173, 174, 175, 176, 177, 178, 179, 180, 181, 182, 183, 184, 185, 186, 187, 188, 189, 190, 191, 192, 193, 194, 195, 196, 197, 198, 199, 200, 201, 202, 203, 204, 205, 206, 207, 208, 209, 210, 211, 212, 213, 214, 215, 216, 217, 218, 219, 220, 221, 222, 223, 224, 225, 226, 227, 228, 229, 230, 231, 232, 233, 234, 235, 236, 237, 238, 239, 240, 241, 242, 243, 244, 245, 246, 247, 248, 249, 250, 251, 252, 253, 254, 255, 256, 257, 258, 259, 260, 261, 262, 263, 264, 265, 266, 267, 268, 269, 270, 271, 272, 273, 274, 275, 276, 277, 278, 279, 280, 281, 282, 283, 284, 285, 286, 287, 288, 289, 290, 291, 292, 293, 294, 295, 296, 297, 298, 299, 300, 301, 302, 303, 304, 305, 306, 307, 308, 309, 310, 311, 312, 313, 314, 315, 316, 317, 318, 319, 320, 321, 322, 323, 324, 325, 326, 327, 328, 329, 330, 331, 332, 333, 334, 335, 336, 337, 574, 575, 576, 577, 578, 579, 580, 581, 582, 583, 584, 585, 586, 587, 588, 589, 590, 591, 592, 593, 594, 595, 596, 597, 598, 599, 600, 601, 602, 603, 604, 605, 606, 607, 608, 609, 610, 611, 612, 613, 614, 615, 616, 617, 618, 619, 620, 621, 622, 623, 624, 625, 626, 627, 628, 629, 630, 631, 632, 633, 634, 635, 636, 637, 638, 639, 640, 641, 642, 643, 644, 645, 646, 647, 648, 649, 650, 651, 652, 653, 654, 655, 656, 657, 658, 659, 660, 661, 662, 663, 664, 665, 666, 667, 668, 669, 670, 671, 672, 673, 674, 675, 676, 677, 678, 679, 680, 681, 682, 683, 684, 685, 686, 687, 688, 689, 690, 691, 692, 693, 694, 695, 696, 697, 698, 699, 700, 701, 702, 703, 704, 705, 706, 707, 708, 709, 710, 711, 712, 713, 714, 715, 716, 717, 718, 719, 720, 721, 722, 723, 724, 725, 726, 727, 728, 729, 730, 731, 732, 733, 734, 735, 736, 737, 738, 739, 740, 741, 742, 743, 744, 745, 746, 747, 748, 749, 750, 751, 752, 753, 754, 755, 756, 757, 758, 759, 760, 761, 762, 763, 764, 765, 766, 767, 768, 769, 770, 771, 772, 773, 774, 775, 776, 777, 778, 779, 780, 781, 782, 783, 784, 785, 786, 787, 788, 789, 790, 791, 792, 793]","[15, 45, 91, 107, 110, 113, 123, 132, 136, 193, 216, 218, 252, 274, 275, 281, 286, 293, 302, 325, 326, 500, 525, 562, 578, 580, 583, 594, 603, 607, 664, 686, 715, 733, 734, 740, 745, 752, 760, 783, 784]","[1, 13, 14, 29, 54, 55, 56, 57, 58, 60, 102, 118, 125, 127, 130, 134, 146, 149, 153, 175, 182, 187, 189, 191, 197, 225, 230, 238, 264, 265, 266, 286, 302, 317, 336, 379, 388, 389, 425, 454, 458, 463, 475, 487, 498, 499, 512, 530, 531, 532, 533, 534, 536, 573, 589, 596, 598, 601, 605, 617, 620, 624, 646, 653, 658, 660, 662, 668, 689, 694, 702, 724, 725, 745, 760, 775, 793, 829, 838, 839, 877, 901, 903, 905, 910, 923]","[1, 13, 14, 29, 54, 55, 56, 57, 58, 60, 102, 118, 125, 127, 130, 134, 146, 149, 153, 174, 175, 176, 177, 178, 182, 187, 189, 191, 197, 225, 230, 238, 264, 265, 266, 286, 302, 317, 325, 332, 336, 347, 348, 349, 350, 351, 352, 354, 379, 388, 389, 423, 425, 454, 458, 463, 467, 475, 483, 484, 487, 498, 499, 512, 530, 531, 532, 533, 534, 536, 573, 589, 596, 598, 601, 605, 617, 620, 624, 645, 646, 647, 648, 649, 653, 658, 660, 662, 668, 689, 694, 702, 724, 725, 745, 760, 775, 783, 789, 793, 802, 803, 804, 805, 806, 807, 809, 829, 838, 839, 875, 877, 901, 903, 905, 910, 914, 923, 927, 934, 935]","[1, 13, 14, 15, 29, 45, 49, 54, 55, 56, 57, 58, 60, 87, 91, 102, 103, 104, 105, 106, 107, 108, 109, 110, 111, 112, 113, 114, 115, 116, 117, 118, 119, 120, 121, 122, 123, 124, 125, 126, 127, 128, 129, 130, 131, 132, 133, 134, 135, 136, 137, 138, 139, 140, 141, 142, 143, 144, 145, 146, 147, 148, 149, 150, 151, 152, 153, 154, 155, 156, 157, 158, 159, 160, 161, 162, 163, 164, 165, 166, 167, 168, 169, 170, 171, 172, 173, 174, 175, 176, 177, 178, 179, 180, 181, 182, 183, 184, 185, 186, 187, 188, 189, 190, 191, 192, 193, 194, 195, 196, 197, 198, 199, 200, 201, 202, 203, 204, 205, 206, 207, 208, 209, 210, 211, 212, 213, 214, 215, 216, 217, 218, 219, 220, 221, 222, 223, 224, 225, 226, 227, 228, 229, 230, 231, 232, 233, 234, 235, 236, 237, 238, 239, 240, 241, 242, 243, 244, 245, 246, 247, 248, 249, 250, 251, 252, 253, 254, 255, 256, 257, 258, 259, 260, 261, 262, 263, 264, 265, 266, 267, 268, 269, 270, 271, 272, 273, 274, 275, 276, 277, 278, 279, 280, 281, 282, 283, 284, 285, 286, 287, 288, 289, 290, 291, 292, 293, 294, 295, 296, 297, 298, 299, 300, 301, 302, 303, 304, 305, 306, 307, 308, 309, 310, 311, 312, 313, 314, 315, 316, 317, 318, 319, 320, 321, 322, 323, 324, 325, 326, 327, 328, 329, 330, 331, 332, 333, 334, 335, 336, 337, 347, 348, 349, 350, 351, 352, 354, 379, 388, 389, 423, 425, 454, 458, 463, 467, 475, 483, 484, 487, 498, 499, 500, 512, 525, 528, 530, 531, 532, 533, 534, 536, 558, 562, 573, 574, 575, 576, 577, 578, 579, 580, 581, 582, 583, 584, 585, 586, 587, 588, 589, 590, 591, 592, 593, 594, 595, 596, 597, 598, 599, 600, 601, 602, 603, 604, 605, 606, 607, 608, 609, 610, 611, 612, 613, 614, 615, 616, 617, 618, 619, 620, 621, 622, 623, 624, 625, 626, 627, 628, 629, 630, 631, 632, 633, 634, 635, 636, 637, 638, 639, 640, 641, 642, 643, 644, 645, 646, 647, 648, 649, 650, 651, 652, 653, 654, 655, 656, 657, 658, 659, 660, 661, 662, 663, 664, 665, 666, 667, 668, 669, 670, 671, 672, 673, 674, 675, 676, 677, 678, 679, 680, 681, 682, 683, 684, 685, 686, 687, 688, 689, 690, 691, 692, 693, 694, 695, 696, 697, 698, 699, 700, 701, 702, 703, 704, 705, 706, 707, 708, 709, 710, 711, 712, 713, 714, 715, 716, 717, 718, 719, 720, 721, 722, 723, 724, 725, 726, 727, 728, 729, 730, 731, 732, 733, 734, 735, 736, 737, 738, 739, 740, 741, 742, 743, 744, 745, 746, 747, 748, 749, 750, 751, 752, 753, 754, 755, 756, 757, 758, 759, 760, 761, 762, 763, 764, 765, 766, 767, 768, 769, 770, 771, 772, 773, 774, 775, 776, 777, 778, 779, 780, 781, 782, 783, 784, 785, 786, 787, 788, 789, 790, 791, 792, 793, 802, 803, 804, 805, 806, 807, 809, 829, 838, 839, 875, 877, 901, 903, 905, 910, 914, 923, 927, 934, 935]",False,"[107, 293, 578, 752]","[103, 104, 105, 106, 107, 108, 109, 110, 111, 112, 113, 114, 115, 116, 117, 118, 119, 120, 121, 122, 123, 124, 125, 126, 127, 128, 129, 130, 131, 132, 133, 134, 135, 136, 137, 138, 139, 140, 141, 142, 143, 144, 145, 146, 147, 148, 149, 150, 151, 152, 153, 154, 155, 156, 157, 158, 159, 160, 161, 162, 163, 164, 165, 166, 167, 168, 169, 170, 171, 172, 173, 174, 175, 176, 177, 178, 179, 180, 181, 182, 183, 184, 185, 186, 187, 188, 189, 190, 191, 192, 193, 194, 195, 196, 197, 198, 199, 200, 201, 202, 203, 204, 205, 206, 207, 208, 209, 210, 211, 212, 213, 214, 215, 216, 217, 218, 219, 220, 221, 222, 223, 224, 225, 226, 227, 228, 229, 230, 231, 232, 233, 234, 235, 236, 237, 238, 239, 240, 241, 242, 243, 244, 245, 246, 247, 248, 249, 250, 251, 252, 253, 254, 255, 256, 257, 258, 259, 260, 261, 262, 263, 264, 265, 266, 267, 268, 269, 270, 271, 272, 273, 274, 275, 276, 277, 278, 279, 280, 281, 282, 283, 284, 285, 286, 287, 288, 289, 290, 291, 292, 293, 294, 295, 296, 297, 298, 299, 300, 301, 302, 303, 304, 305, 306, 307, 308, 309, 310, 311, 312, 313, 314, 315, 316, 317, 318, 319, 320, 321, 322, 323, 324, 325, 326, 327, 328, 329, 330, 331, 332, 333, 334, 335, 336, 337, 574, 575, 576, 577, 578, 579, 580, 581, 582, 583, 584, 585, 586, 587, 588, 589, 590, 591, 592, 593, 594, 595, 596, 597, 598, 599, 600, 601, 602, 603, 604, 605, 606, 607, 608, 609, 610, 611, 612, 613, 614, 615, 616, 617, 618, 619, 620, 621, 622, 623, 624, 625, 626, 627, 628, 629, 630, 631, 632, 633, 634, 635, 636, 637, 638, 639, 640, 641, 642, 643, 644, 645, 646, 647, 648, 649, 650, 651, 652, 653, 654, 655, 656, 657, 658, 659, 660, 661, 662, 663, 664, 665, 666, 667, 668, 669, 670, 671, 672, 673, 674, 675, 676, 677, 678, 679, 680, 681, 682, 683, 684, 685, 686, 687, 688, 689, 690, 691, 692, 693, 694, 695, 696, 697, 698, 699, 700, 701, 702, 703, 704, 705, 706, 707, 708, 709, 710, 711, 712, 713, 714, 715, 716, 717, 718, 719, 720, 721, 722, 723, 724, 725, 726, 727, 728, 729, 730, 731, 732, 733, 734, 735, 736, 737, 738, 739, 740, 741, 742, 743, 744, 745, 746, 747, 748, 749, 750, 751, 752, 753, 754, 755, 756, 757, 758, 759, 760, 761, 762, 763, 764, 765, 766, 767, 768, 769, 770, 771, 772, 773, 774, 775, 776, 777, 778, 779, 780, 781, 782, 783, 784, 785, 786, 787, 788, 789, 790, 791, 792, 793]","[49, 87, 107, 198, 255, 293, 297, 316, 331, 528, 558, 578, 669, 708, 752, 756, 774, 788]",[],"[15, 45, 91, 107, 110, 113, 123, 132, 136, 193, 216, 218, 252, 274, 275, 281, 286, 293, 302, 325, 326, 500, 525, 562, 578, 580, 583, 594, 603, 607, 664, 686, 715, 733, 734, 740, 745, 752, 760, 783, 784]","[1, 13, 14, 29, 54, 55, 56, 57, 58, 60, 102, 118, 125, 127, 130, 134, 146, 149, 153, 174, 175, 176, 177, 178, 182, 187, 189, 191, 197, 225, 230, 238, 264, 265, 266, 286, 302, 317, 325, 332, 336, 347, 348, 349, 350, 351, 352, 354, 379, 388, 389, 423, 425, 454, 458, 463, 467, 475, 483, 484, 487, 498, 499, 512, 530, 531, 532, 533, 534, 536, 573, 589, 596, 598, 601, 605, 617, 620, 624, 645, 646, 647, 648, 649, 653, 658, 660, 662, 668, 689, 694, 702, 724, 725, 745, 760, 775, 783, 789, 793, 802, 803, 804, 805, 806, 807, 809, 829, 838, 839, 875, 877, 901, 903, 905, 910, 914, 923, 927, 934, 935]","[1, 13, 14, 29, 54, 55, 56, 57, 58, 60, 102, 118, 125, 127, 130, 134, 146, 149, 153, 175, 182, 187, 189, 191, 197, 225, 230, 238, 264, 265, 266, 286, 302, 317, 336, 379, 388, 389, 425, 454, 458, 463, 475, 487, 498, 499, 512, 530, 531, 532, 533, 534, 536, 573, 589, 596, 598, 601, 605, 617, 620, 624, 646, 653, 658, 660, 662, 668, 689, 694, 702, 724, 725, 745, 760, 775, 793, 829, 838, 839, 877, 901, 903, 905, 910, 923]",5/6 successful match,False,[745],True,788,False,,1.0,True,Golden Gate Petroleum ( Shell ),Shell
E South San Francisco ( 94080 ) 7 - Eleven # 35063 24,2 / 650-871-8132 US 101 & Grand ( E to Harbor ),24 24 0240,South San Francisco,94080,7 - Eleven # 35063 24,650-871-8132,2016,South San Francisco,CA,Eleven,( E to Harbor ),US 101 & Grand,empty,,False,,False,US 101,Grand,,,,"[578, 107]","[107, 293, 578, 752]","[49, 87, 107, 198, 255, 293, 297, 316, 331, 528, 558, 578, 669, 708, 752, 756, 774, 788]",[],"[103, 104, 105, 106, 107, 108, 109, 110, 111, 112, 113, 114, 115, 116, 117, 118, 119, 120, 121, 122, 123, 124, 125, 126, 127, 128, 129, 130, 131, 132, 133, 134, 135, 136, 137, 138, 139, 140, 141, 142, 143, 144, 145, 146, 147, 148, 149, 150, 151, 152, 153, 154, 155, 156, 157, 158, 159, 160, 161, 162, 163, 164, 165, 166, 167, 168, 169, 170, 171, 172, 173, 174, 175, 176, 177, 178, 179, 180, 181, 182, 183, 184, 185, 186, 187, 188, 189, 190, 191, 192, 193, 194, 195, 196, 197, 198, 199, 200, 201, 202, 203, 204, 205, 206, 207, 208, 209, 210, 211, 212, 213, 214, 215, 216, 217, 218, 219, 220, 221, 222, 223, 224, 225, 226, 227, 228, 229, 230, 231, 232, 233, 234, 235, 236, 237, 238, 239, 240, 241, 242, 243, 244, 245, 246, 247, 248, 249, 250, 251, 252, 253, 254, 255, 256, 257, 258, 259, 260, 261, 262, 263, 264, 265, 266, 267, 268, 269, 270, 271, 272, 273, 274, 275, 276, 277, 278, 279, 280, 281, 282, 283, 284, 285, 286, 287, 288, 289, 290, 291, 292, 293, 294, 295, 296, 297, 298, 299, 300, 301, 302, 303, 304, 305, 306, 307, 308, 309, 310, 311, 312, 313, 314, 315, 316, 317, 318, 319, 320, 321, 322, 323, 324, 325, 326, 327, 328, 329, 330, 331, 332, 333, 334, 335, 336, 337, 574, 575, 576, 577, 578, 579, 580, 581, 582, 583, 584, 585, 586, 587, 588, 589, 590, 591, 592, 593, 594, 595, 596, 597, 598, 599, 600, 601, 602, 603, 604, 605, 606, 607, 608, 609, 610, 611, 612, 613, 614, 615, 616, 617, 618, 619, 620, 621, 622, 623, 624, 625, 626, 627, 628, 629, 630, 631, 632, 633, 634, 635, 636, 637, 638, 639, 640, 641, 642, 643, 644, 645, 646, 647, 648, 649, 650, 651, 652, 653, 654, 655, 656, 657, 658, 659, 660, 661, 662, 663, 664, 665, 666, 667, 668, 669, 670, 671, 672, 673, 674, 675, 676, 677, 678, 679, 680, 681, 682, 683, 684, 685, 686, 687, 688, 689, 690, 691, 692, 693, 694, 695, 696, 697, 698, 699, 700, 701, 702, 703, 704, 705, 706, 707, 708, 709, 710, 711, 712, 713, 714, 715, 716, 717, 718, 719, 720, 721, 722, 723, 724, 725, 726, 727, 728, 729, 730, 731, 732, 733, 734, 735, 736, 737, 738, 739, 740, 741, 742, 743, 744, 745, 746, 747, 748, 749, 750, 751, 752, 753, 754, 755, 756, 757, 758, 759, 760, 761, 762, 763, 764, 765, 766, 767, 768, 769, 770, 771, 772, 773, 774, 775, 776, 777, 778, 779, 780, 781, 782, 783, 784, 785, 786, 787, 788, 789, 790, 791, 792, 793]","[15, 45, 91, 107, 110, 113, 123, 132, 136, 193, 216, 218, 252, 274, 275, 281, 286, 293, 302, 325, 326, 500, 525, 562, 578, 580, 583, 594, 603, 607, 664, 686, 715, 733, 734, 740, 745, 752, 760, 783, 784]","[107, 108, 109, 110, 578, 579, 580, 584]","[103, 107, 108, 109, 110, 111, 112, 113, 398, 399, 400, 574, 578, 579, 580, 581, 582, 583, 584, 848, 849]","[15, 45, 49, 87, 91, 103, 104, 105, 106, 107, 108, 109, 110, 111, 112, 113, 114, 115, 116, 117, 118, 119, 120, 121, 122, 123, 124, 125, 126, 127, 128, 129, 130, 131, 132, 133, 134, 135, 136, 137, 138, 139, 140, 141, 142, 143, 144, 145, 146, 147, 148, 149, 150, 151, 152, 153, 154, 155, 156, 157, 158, 159, 160, 161, 162, 163, 164, 165, 166, 167, 168, 169, 170, 171, 172, 173, 174, 175, 176, 177, 178, 179, 180, 181, 182, 183, 184, 185, 186, 187, 188, 189, 190, 191, 192, 193, 194, 195, 196, 197, 198, 199, 200, 201, 202, 203, 204, 205, 206, 207, 208, 209, 210, 211, 212, 213, 214, 215, 216, 217, 218, 219, 220, 221, 222, 223, 224, 225, 226, 227, 228, 229, 230, 231, 232, 233, 234, 235, 236, 237, 238, 239, 240, 241, 242, 243, 244, 245, 246, 247, 248, 249, 250, 251, 252, 253, 254, 255, 256, 257, 258, 259, 260, 261, 262, 263, 264, 265, 266, 267, 268, 269, 270, 271, 272, 273, 274, 275, 276, 277, 278, 279, 280, 281, 282, 283, 284, 285, 286, 287, 288, 289, 290, 291, 292, 293, 294, 295, 296, 297, 298, 299, 300, 301, 302, 303, 304, 305, 306, 307, 308, 309, 310, 311, 312, 313, 314, 315, 316, 317, 318, 319, 320, 321, 322, 323, 324, 325, 326, 327, 328, 329, 330, 331, 332, 333, 334, 335, 336, 337, 398, 399, 400, 500, 525, 528, 558, 562, 574, 575, 576, 577, 578, 579, 580, 581, 582, 583, 584, 585, 586, 587, 588, 589, 590, 591, 592, 593, 594, 595, 596, 597, 598, 599, 600, 601, 602, 603, 604, 605, 606, 607, 608, 609, 610, 611, 612, 613, 614, 615, 616, 617, 618, 619, 620, 621, 622, 623, 624, 625, 626, 627, 628, 629, 630, 631, 632, 633, 634, 635, 636, 637, 638, 639, 640, 641, 642, 643, 644, 645, 646, 647, 648, 649, 650, 651, 652, 653, 654, 655, 656, 657, 658, 659, 660, 661, 662, 663, 664, 665, 666, 667, 668, 669, 670, 671, 672, 673, 674, 675, 676, 677, 678, 679, 680, 681, 682, 683, 684, 685, 686, 687, 688, 689, 690, 691, 692, 693, 694, 695, 696, 697, 698, 699, 700, 701, 702, 703, 704, 705, 706, 707, 708, 709, 710, 711, 712, 713, 714, 715, 716, 717, 718, 719, 720, 721, 722, 723, 724, 725, 726, 727, 728, 729, 730, 731, 732, 733, 734, 735, 736, 737, 738, 739, 740, 741, 742, 743, 744, 745, 746, 747, 748, 749, 750, 751, 752, 753, 754, 755, 756, 757, 758, 759, 760, 761, 762, 763, 764, 765, 766, 767, 768, 769, 770, 771, 772, 773, 774, 775, 776, 777, 778, 779, 780, 781, 782, 783, 784, 785, 786, 787, 788, 789, 790, 791, 792, 793, 848, 849]",True,"[107, 293, 578, 752]","[103, 104, 105, 106, 107, 108, 109, 110, 111, 112, 113, 114, 115, 116, 117, 118, 119, 120, 121, 122, 123, 124, 125, 126, 127, 128, 129, 130, 131, 132, 133, 134, 135, 136, 137, 138, 139, 140, 141, 142, 143, 144, 145, 146, 147, 148, 149, 150, 151, 152, 153, 154, 155, 156, 157, 158, 159, 160, 161, 162, 163, 164, 165, 166, 167, 168, 169, 170, 171, 172, 173, 174, 175, 176, 177, 178, 179, 180, 181, 182, 183, 184, 185, 186, 187, 188, 189, 190, 191, 192, 193, 194, 195, 196, 197, 198, 199, 200, 201, 202, 203, 204, 205, 206, 207, 208, 209, 210, 211, 212, 213, 214, 215, 216, 217, 218, 219, 220, 221, 222, 223, 224, 225, 226, 227, 228, 229, 230, 231, 232, 233, 234, 235, 236, 237, 238, 239, 240, 241, 242, 243, 244, 245, 246, 247, 248, 249, 250, 251, 252, 253, 254, 255, 256, 257, 258, 259, 260, 261, 262, 263, 264, 265, 266, 267, 268, 269, 270, 271, 272, 273, 274, 275, 276, 277, 278, 279, 280, 281, 282, 283, 284, 285, 286, 287, 288, 289, 290, 291, 292, 293, 294, 295, 296, 297, 298, 299, 300, 301, 302, 303, 304, 305, 306, 307, 308, 309, 310, 311, 312, 313, 314, 315, 316, 317, 318, 319, 320, 321, 322, 323, 324, 325, 326, 327, 328, 329, 330, 331, 332, 333, 334, 335, 336, 337, 574, 575, 576, 577, 578, 579, 580, 581, 582, 583, 584, 585, 586, 587, 588, 589, 590, 591, 592, 593, 594, 595, 596, 597, 598, 599, 600, 601, 602, 603, 604, 605, 606, 607, 608, 609, 610, 611, 612, 613, 614, 615, 616, 617, 618, 619, 620, 621, 622, 623, 624, 625, 626, 627, 628, 629, 630, 631, 632, 633, 634, 635, 636, 637, 638, 639, 640, 641, 642, 643, 644, 645, 646, 647, 648, 649, 650, 651, 652, 653, 654, 655, 656, 657, 658, 659, 660, 661, 662, 663, 664, 665, 666, 667, 668, 669, 670, 671, 672, 673, 674, 675, 676, 677, 678, 679, 680, 681, 682, 683, 684, 685, 686, 687, 688, 689, 690, 691, 692, 693, 694, 695, 696, 697, 698, 699, 700, 701, 702, 703, 704, 705, 706, 707, 708, 709, 710, 711, 712, 713, 714, 715, 716, 717, 718, 719, 720, 721, 722, 723, 724, 725, 726, 727, 728, 729, 730, 731, 732, 733, 734, 735, 736, 737, 738, 739, 740, 741, 742, 743, 744, 745, 746, 747, 748, 749, 750, 751, 752, 753, 754, 755, 756, 757, 758, 759, 760, 761, 762, 763, 764, 765, 766, 767, 768, 769, 770, 771, 772, 773, 774, 775, 776, 777, 778, 779, 780, 781, 782, 783, 784, 785, 786, 787, 788, 789, 790, 791, 792, 793]","[49, 87, 107, 198, 255, 293, 297, 316, 331, 528, 558, 578, 669, 708, 752, 756, 774, 788]",[],"[15, 45, 91, 107, 110, 113, 123, 132, 136, 193, 216, 218, 252, 274, 275, 281, 286, 293, 302, 325, 326, 500, 525, 562, 578, 580, 583, 594, 603, 607, 664, 686, 715, 733, 734, 740, 745, 752, 760, 783, 784]","[103, 107, 108, 109, 110, 111, 112, 113, 398, 399, 400, 574, 578, 579, 580, 581, 582, 583, 584, 848, 849]","[107, 108, 109, 110, 578, 579, 580, 584]",7/6 successful match,True,[571],True,789,False,,,,,
"E Brentwood , 94513 Golden Gate Petroleum",925-634-3013 8285 CA 4,24 48,Brentwood,94513,Golden Gate Petroleum,925-634-3013,2006,Brentwood,CA,,,8285 CA 4,Proper,,False,,False,CA 4,,,,,[],[],[],[],"[103, 104, 105, 106, 107, 108, 109, 110, 111, 112, 113, 114, 115, 116, 117, 118, 119, 120, 121, 122, 123, 124, 125, 126, 127, 128, 129, 130, 131, 132, 133, 134, 135, 136, 137, 138, 139, 140, 141, 142, 143, 144, 145, 146, 147, 148, 149, 150, 151, 152, 153, 154, 155, 156, 157, 158, 159, 160, 161, 162, 163, 164, 165, 166, 167, 168, 169, 170, 171, 172, 173, 174, 175, 176, 177, 178, 179, 180, 181, 182, 183, 184, 185, 186, 187, 188, 189, 190, 191, 192, 193, 194, 195, 196, 197, 198, 199, 200, 201, 202, 203, 204, 205, 206, 207, 208, 209, 210, 211, 212, 213, 214, 215, 216, 217, 218, 219, 220, 221, 222, 223, 224, 225, 226, 227, 228, 229, 230, 231, 232, 233, 234, 235, 236, 237, 238, 239, 240, 241, 242, 243, 244, 245, 246, 247, 248, 249, 250, 251, 252, 253, 254, 255, 256, 257, 258, 259, 260, 261, 262, 263, 264, 265, 266, 267, 268, 269, 270, 271, 272, 273, 274, 275, 276, 277, 278, 279, 280, 281, 282, 283, 284, 285, 286, 287, 288, 289, 290, 291, 292, 293, 294, 295, 296, 297, 298, 299, 300, 301, 302, 303, 304, 305, 306, 307, 308, 309, 310, 311, 312, 313, 314, 315, 316, 317, 318, 319, 320, 321, 322, 323, 324, 325, 326, 327, 328, 329, 330, 331, 332, 333, 334, 335, 336, 337, 574, 575, 576, 577, 578, 579, 580, 581, 582, 583, 584, 585, 586, 587, 588, 589, 590, 591, 592, 593, 594, 595, 596, 597, 598, 599, 600, 601, 602, 603, 604, 605, 606, 607, 608, 609, 610, 611, 612, 613, 614, 615, 616, 617, 618, 619, 620, 621, 622, 623, 624, 625, 626, 627, 628, 629, 630, 631, 632, 633, 634, 635, 636, 637, 638, 639, 640, 641, 642, 643, 644, 645, 646, 647, 648, 649, 650, 651, 652, 653, 654, 655, 656, 657, 658, 659, 660, 661, 662, 663, 664, 665, 666, 667, 668, 669, 670, 671, 672, 673, 674, 675, 676, 677, 678, 679, 680, 681, 682, 683, 684, 685, 686, 687, 688, 689, 690, 691, 692, 693, 694, 695, 696, 697, 698, 699, 700, 701, 702, 703, 704, 705, 706, 707, 708, 709, 710, 711, 712, 713, 714, 715, 716, 717, 718, 719, 720, 721, 722, 723, 724, 725, 726, 727, 728, 729, 730, 731, 732, 733, 734, 735, 736, 737, 738, 739, 740, 741, 742, 743, 744, 745, 746, 747, 748, 749, 750, 751, 752, 753, 754, 755, 756, 757, 758, 759, 760, 761, 762, 763, 764, 765, 766, 767, 768, 769, 770, 771, 772, 773, 774, 775, 776, 777, 778, 779, 780, 781, 782, 783, 784, 785, 786, 787, 788, 789, 790, 791, 792, 793]","[103, 104, 106, 117, 118, 120, 127, 128, 129, 131, 133, 135, 136, 137, 139, 146, 147, 148, 149, 151, 158, 160, 162, 166, 173, 178, 179, 185, 190, 192, 198, 201, 203, 204, 206, 207, 212, 213, 214, 219, 223, 224, 225, 227, 230, 235, 237, 246, 247, 256, 259, 262, 263, 266, 268, 269, 271, 272, 278, 279, 284, 285, 288, 290, 292, 304, 312, 316, 319, 320, 323, 324, 332, 574, 575, 588, 591, 607, 608, 610, 618, 619, 620, 622, 632, 644, 649, 650, 656, 661, 663, 669, 674, 677, 683, 684, 687, 688, 689, 701, 710, 723, 730, 731, 738, 747, 751, 762, 774, 778, 789]",[],"[174, 175, 176, 177, 178, 325, 332, 347, 348, 349, 350, 351, 352, 423, 467, 483, 484, 645, 646, 647, 648, 649, 783, 789, 802, 803, 804, 805, 806, 807, 875, 914, 927, 934, 935]","[103, 104, 105, 106, 107, 108, 109, 110, 111, 112, 113, 114, 115, 116, 117, 118, 119, 120, 121, 122, 123, 124, 125, 126, 127, 128, 129, 130, 131, 132, 133, 134, 135, 136, 137, 138, 139, 140, 141, 142, 143, 144, 145, 146, 147, 148, 149, 150, 151, 152, 153, 154, 155, 156, 157, 158, 159, 160, 161, 162, 163, 164, 165, 166, 167, 168, 169, 170, 171, 172, 173, 174, 175, 176, 177, 178, 179, 180, 181, 182, 183, 184, 185, 186, 187, 188, 189, 190, 191, 192, 193, 194, 195, 196, 197, 198, 199, 200, 201, 202, 203, 204, 205, 206, 207, 208, 209, 210, 211, 212, 213, 214, 215, 216, 217, 218, 219, 220, 221, 222, 223, 224, 225, 226, 227, 228, 229, 230, 231, 232, 233, 234, 235, 236, 237, 238, 239, 240, 241, 242, 243, 244, 245, 246, 247, 248, 249, 250, 251, 252, 253, 254, 255, 256, 257, 258, 259, 260, 261, 262, 263, 264, 265, 266, 267, 268, 269, 270, 271, 272, 273, 274, 275, 276, 277, 278, 279, 280, 281, 282, 283, 284, 285, 286, 287, 288, 289, 290, 291, 292, 293, 294, 295, 296, 297, 298, 299, 300, 301, 302, 303, 304, 305, 306, 307, 308, 309, 310, 311, 312, 313, 314, 315, 316, 317, 318, 319, 320, 321, 322, 323, 324, 325, 326, 327, 328, 329, 330, 331, 332, 333, 334, 335, 336, 337, 347, 348, 349, 350, 351, 352, 423, 467, 483, 484, 574, 575, 576, 577, 578, 579, 580, 581, 582, 583, 584, 585, 586, 587, 588, 589, 590, 591, 592, 593, 594, 595, 596, 597, 598, 599, 600, 601, 602, 603, 604, 605, 606, 607, 608, 609, 610, 611, 612, 613, 614, 615, 616, 617, 618, 619, 620, 621, 622, 623, 624, 625, 626, 627, 628, 629, 630, 631, 632, 633, 634, 635, 636, 637, 638, 639, 640, 641, 642, 643, 644, 645, 646, 647, 648, 649, 650, 651, 652, 653, 654, 655, 656, 657, 658, 659, 660, 661, 662, 663, 664, 665, 666, 667, 668, 669, 670, 671, 672, 673, 674, 675, 676, 677, 678, 679, 680, 681, 682, 683, 684, 685, 686, 687, 688, 689, 690, 691, 692, 693, 694, 695, 696, 697, 698, 699, 700, 701, 702, 703, 704, 705, 706, 707, 708, 709, 710, 711, 712, 713, 714, 715, 716, 717, 718, 719, 720, 721, 722, 723, 724, 725, 726, 727, 728, 729, 730, 731, 732, 733, 734, 735, 736, 737, 738, 739, 740, 741, 742, 743, 744, 745, 746, 747, 748, 749, 750, 751, 752, 753, 754, 755, 756, 757, 758, 759, 760, 761, 762, 763, 764, 765, 766, 767, 768, 769, 770, 771, 772, 773, 774, 775, 776, 777, 778, 779, 780, 781, 782, 783, 784, 785, 786, 787, 788, 789, 790, 791, 792, 793, 802, 803, 804, 805, 806, 807, 875, 914, 927, 934, 935]",False,[],"[103, 104, 105, 106, 107, 108, 109, 110, 111, 112, 113, 114, 115, 116, 117, 118, 119, 120, 121, 122, 123, 124, 125, 126, 127, 128, 129, 130, 131, 132, 133, 134, 135, 136, 137, 138, 139, 140, 141, 142, 143, 144, 145, 146, 147, 148, 149, 150, 151, 152, 153, 154, 155, 156, 157, 158, 159, 160, 161, 162, 163, 164, 165, 166, 167, 168, 169, 170, 171, 172, 173, 174, 175, 176, 177, 178, 179, 180, 181, 182, 183, 184, 185, 186, 187, 188, 189, 190, 191, 192, 193, 194, 195, 196, 197, 198, 199, 200, 201, 202, 203, 204, 205, 206, 207, 208, 209, 210, 211, 212, 213, 214, 215, 216, 217, 218, 219, 220, 221, 222, 223, 224, 225, 226, 227, 228, 229, 230, 231, 232, 233, 234, 235, 236, 237, 238, 239, 240, 241, 242, 243, 244, 245, 246, 247, 248, 249, 250, 251, 252, 253, 254, 255, 256, 257, 258, 259, 260, 261, 262, 263, 264, 265, 266, 267, 268, 269, 270, 271, 272, 273, 274, 275, 276, 277, 278, 279, 280, 281, 282, 283, 284, 285, 286, 287, 288, 289, 290, 291, 292, 293, 294, 295, 296, 297, 298, 299, 300, 301, 302, 303, 304, 305, 306, 307, 308, 309, 310, 311, 312, 313, 314, 315, 316, 317, 318, 319, 320, 321, 322, 323, 324, 325, 326, 327, 328, 329, 330, 331, 332, 333, 334, 335, 336, 337, 574, 575, 576, 577, 578, 579, 580, 581, 582, 583, 584, 585, 586, 587, 588, 589, 590, 591, 592, 593, 594, 595, 596, 597, 598, 599, 600, 601, 602, 603, 604, 605, 606, 607, 608, 609, 610, 611, 612, 613, 614, 615, 616, 617, 618, 619, 620, 621, 622, 623, 624, 625, 626, 627, 628, 629, 630, 631, 632, 633, 634, 635, 636, 637, 638, 639, 640, 641, 642, 643, 644, 645, 646, 647, 648, 649, 650, 651, 652, 653, 654, 655, 656, 657, 658, 659, 660, 661, 662, 663, 664, 665, 666, 667, 668, 669, 670, 671, 672, 673, 674, 675, 676, 677, 678, 679, 680, 681, 682, 683, 684, 685, 686, 687, 688, 689, 690, 691, 692, 693, 694, 695, 696, 697, 698, 699, 700, 701, 702, 703, 704, 705, 706, 707, 708, 709, 710, 711, 712, 713, 714, 715, 716, 717, 718, 719, 720, 721, 722, 723, 724, 725, 726, 727, 728, 729, 730, 731, 732, 733, 734, 735, 736, 737, 738, 739, 740, 741, 742, 743, 744, 745, 746, 747, 748, 749, 750, 751, 752, 753, 754, 755, 756, 757, 758, 759, 760, 761, 762, 763, 764, 765, 766, 767, 768, 769, 770, 771, 772, 773, 774, 775, 776, 777, 778, 779, 780, 781, 782, 783, 784, 785, 786, 787, 788, 789, 790, 791, 792, 793]",[],[],"[103, 104, 106, 117, 118, 120, 127, 128, 129, 131, 133, 135, 136, 137, 139, 146, 147, 148, 149, 151, 158, 160, 162, 166, 173, 178, 179, 185, 190, 192, 198, 201, 203, 204, 206, 207, 212, 213, 214, 219, 223, 224, 225, 227, 230, 235, 237, 246, 247, 256, 259, 262, 263, 266, 268, 269, 271, 272, 278, 279, 284, 285, 288, 290, 292, 304, 312, 316, 319, 320, 323, 324, 332, 574, 575, 588, 591, 607, 608, 610, 618, 619, 620, 622, 632, 644, 649, 650, 656, 661, 663, 669, 674, 677, 683, 684, 687, 688, 689, 701, 710, 723, 730, 731, 738, 747, 751, 762, 774, 778, 789]","[174, 175, 176, 177, 178, 325, 332, 347, 348, 349, 350, 351, 352, 423, 467, 483, 484, 645, 646, 647, 648, 649, 783, 789, 802, 803, 804, 805, 806, 807, 875, 914, 927, 934, 935]",[],7/6 successful match,False,,False,790,False,,,,,
"Brentwood , 94513 Golden Gate Petroleum",925-634-3013 8285 CA 4,<U+25A1> <U+25A1>,Brentwood,94513,Golden Gate Petroleum,925-634-3013,2007,Brentwood,CA,,,8285 CA 4,Proper,,False,,False,CA 4,,,,,[],[],[],[],"[103, 104, 105, 106, 107, 108, 109, 110, 111, 112, 113, 114, 115, 116, 117, 118, 119, 120, 121, 122, 123, 124, 125, 126, 127, 128, 129, 130, 131, 132, 133, 134, 135, 136, 137, 138, 139, 140, 141, 142, 143, 144, 145, 146, 147, 148, 149, 150, 151, 152, 153, 154, 155, 156, 157, 158, 159, 160, 161, 162, 163, 164, 165, 166, 167, 168, 169, 170, 171, 172, 173, 174, 175, 176, 177, 178, 179, 180, 181, 182, 183, 184, 185, 186, 187, 188, 189, 190, 191, 192, 193, 194, 195, 196, 197, 198, 199, 200, 201, 202, 203, 204, 205, 206, 207, 208, 209, 210, 211, 212, 213, 214, 215, 216, 217, 218, 219, 220, 221, 222, 223, 224, 225, 226, 227, 228, 229, 230, 231, 232, 233, 234, 235, 236, 237, 238, 239, 240, 241, 242, 243, 244, 245, 246, 247, 248, 249, 250, 251, 252, 253, 254, 255, 256, 257, 258, 259, 260, 261, 262, 263, 264, 265, 266, 267, 268, 269, 270, 271, 272, 273, 274, 275, 276, 277, 278, 279, 280, 281, 282, 283, 284, 285, 286, 287, 288, 289, 290, 291, 292, 293, 294, 295, 296, 297, 298, 299, 300, 301, 302, 303, 304, 305, 306, 307, 308, 309, 310, 311, 312, 313, 314, 315, 316, 317, 318, 319, 320, 321, 322, 323, 324, 325, 326, 327, 328, 329, 330, 331, 332, 333, 334, 335, 336, 337, 574, 575, 576, 577, 578, 579, 580, 581, 582, 583, 584, 585, 586, 587, 588, 589, 590, 591, 592, 593, 594, 595, 596, 597, 598, 599, 600, 601, 602, 603, 604, 605, 606, 607, 608, 609, 610, 611, 612, 613, 614, 615, 616, 617, 618, 619, 620, 621, 622, 623, 624, 625, 626, 627, 628, 629, 630, 631, 632, 633, 634, 635, 636, 637, 638, 639, 640, 641, 642, 643, 644, 645, 646, 647, 648, 649, 650, 651, 652, 653, 654, 655, 656, 657, 658, 659, 660, 661, 662, 663, 664, 665, 666, 667, 668, 669, 670, 671, 672, 673, 674, 675, 676, 677, 678, 679, 680, 681, 682, 683, 684, 685, 686, 687, 688, 689, 690, 691, 692, 693, 694, 695, 696, 697, 698, 699, 700, 701, 702, 703, 704, 705, 706, 707, 708, 709, 710, 711, 712, 713, 714, 715, 716, 717, 718, 719, 720, 721, 722, 723, 724, 725, 726, 727, 728, 729, 730, 731, 732, 733, 734, 735, 736, 737, 738, 739, 740, 741, 742, 743, 744, 745, 746, 747, 748, 749, 750, 751, 752, 753, 754, 755, 756, 757, 758, 759, 760, 761, 762, 763, 764, 765, 766, 767, 768, 769, 770, 771, 772, 773, 774, 775, 776, 777, 778, 779, 780, 781, 782, 783, 784, 785, 786, 787, 788, 789, 790, 791, 792, 793]","[103, 104, 106, 117, 118, 120, 127, 128, 129, 131, 133, 135, 136, 137, 139, 146, 147, 148, 149, 151, 158, 160, 162, 166, 173, 178, 179, 185, 190, 192, 198, 201, 203, 204, 206, 207, 212, 213, 214, 219, 223, 224, 225, 227, 230, 235, 237, 246, 247, 256, 259, 262, 263, 266, 268, 269, 271, 272, 278, 279, 284, 285, 288, 290, 292, 304, 312, 316, 319, 320, 323, 324, 332, 574, 575, 588, 591, 607, 608, 610, 618, 619, 620, 622, 632, 644, 649, 650, 656, 661, 663, 669, 674, 677, 683, 684, 687, 688, 689, 701, 710, 723, 730, 731, 738, 747, 751, 762, 774, 778, 789]",[],"[174, 175, 176, 177, 178, 325, 332, 347, 348, 349, 350, 351, 352, 423, 467, 483, 484, 645, 646, 647, 648, 649, 783, 789, 802, 803, 804, 805, 806, 807, 875, 914, 927, 934, 935]","[103, 104, 105, 106, 107, 108, 109, 110, 111, 112, 113, 114, 115, 116, 117, 118, 119, 120, 121, 122, 123, 124, 125, 126, 127, 128, 129, 130, 131, 132, 133, 134, 135, 136, 137, 138, 139, 140, 141, 142, 143, 144, 145, 146, 147, 148, 149, 150, 151, 152, 153, 154, 155, 156, 157, 158, 159, 160, 161, 162, 163, 164, 165, 166, 167, 168, 169, 170, 171, 172, 173, 174, 175, 176, 177, 178, 179, 180, 181, 182, 183, 184, 185, 186, 187, 188, 189, 190, 191, 192, 193, 194, 195, 196, 197, 198, 199, 200, 201, 202, 203, 204, 205, 206, 207, 208, 209, 210, 211, 212, 213, 214, 215, 216, 217, 218, 219, 220, 221, 222, 223, 224, 225, 226, 227, 228, 229, 230, 231, 232, 233, 234, 235, 236, 237, 238, 239, 240, 241, 242, 243, 244, 245, 246, 247, 248, 249, 250, 251, 252, 253, 254, 255, 256, 257, 258, 259, 260, 261, 262, 263, 264, 265, 266, 267, 268, 269, 270, 271, 272, 273, 274, 275, 276, 277, 278, 279, 280, 281, 282, 283, 284, 285, 286, 287, 288, 289, 290, 291, 292, 293, 294, 295, 296, 297, 298, 299, 300, 301, 302, 303, 304, 305, 306, 307, 308, 309, 310, 311, 312, 313, 314, 315, 316, 317, 318, 319, 320, 321, 322, 323, 324, 325, 326, 327, 328, 329, 330, 331, 332, 333, 334, 335, 336, 337, 347, 348, 349, 350, 351, 352, 423, 467, 483, 484, 574, 575, 576, 577, 578, 579, 580, 581, 582, 583, 584, 585, 586, 587, 588, 589, 590, 591, 592, 593, 594, 595, 596, 597, 598, 599, 600, 601, 602, 603, 604, 605, 606, 607, 608, 609, 610, 611, 612, 613, 614, 615, 616, 617, 618, 619, 620, 621, 622, 623, 624, 625, 626, 627, 628, 629, 630, 631, 632, 633, 634, 635, 636, 637, 638, 639, 640, 641, 642, 643, 644, 645, 646, 647, 648, 649, 650, 651, 652, 653, 654, 655, 656, 657, 658, 659, 660, 661, 662, 663, 664, 665, 666, 667, 668, 669, 670, 671, 672, 673, 674, 675, 676, 677, 678, 679, 680, 681, 682, 683, 684, 685, 686, 687, 688, 689, 690, 691, 692, 693, 694, 695, 696, 697, 698, 699, 700, 701, 702, 703, 704, 705, 706, 707, 708, 709, 710, 711, 712, 713, 714, 715, 716, 717, 718, 719, 720, 721, 722, 723, 724, 725, 726, 727, 728, 729, 730, 731, 732, 733, 734, 735, 736, 737, 738, 739, 740, 741, 742, 743, 744, 745, 746, 747, 748, 749, 750, 751, 752, 753, 754, 755, 756, 757, 758, 759, 760, 761, 762, 763, 764, 765, 766, 767, 768, 769, 770, 771, 772, 773, 774, 775, 776, 777, 778, 779, 780, 781, 782, 783, 784, 785, 786, 787, 788, 789, 790, 791, 792, 793, 802, 803, 804, 805, 806, 807, 875, 914, 927, 934, 935]",False,[],"[103, 104, 105, 106, 107, 108, 109, 110, 111, 112, 113, 114, 115, 116, 117, 118, 119, 120, 121, 122, 123, 124, 125, 126, 127, 128, 129, 130, 131, 132, 133, 134, 135, 136, 137, 138, 139, 140, 141, 142, 143, 144, 145, 146, 147, 148, 149, 150, 151, 152, 153, 154, 155, 156, 157, 158, 159, 160, 161, 162, 163, 164, 165, 166, 167, 168, 169, 170, 171, 172, 173, 174, 175, 176, 177, 178, 179, 180, 181, 182, 183, 184, 185, 186, 187, 188, 189, 190, 191, 192, 193, 194, 195, 196, 197, 198, 199, 200, 201, 202, 203, 204, 205, 206, 207, 208, 209, 210, 211, 212, 213, 214, 215, 216, 217, 218, 219, 220, 221, 222, 223, 224, 225, 226, 227, 228, 229, 230, 231, 232, 233, 234, 235, 236, 237, 238, 239, 240, 241, 242, 243, 244, 245, 246, 247, 248, 249, 250, 251, 252, 253, 254, 255, 256, 257, 258, 259, 260, 261, 262, 263, 264, 265, 266, 267, 268, 269, 270, 271, 272, 273, 274, 275, 276, 277, 278, 279, 280, 281, 282, 283, 284, 285, 286, 287, 288, 289, 290, 291, 292, 293, 294, 295, 296, 297, 298, 299, 300, 301, 302, 303, 304, 305, 306, 307, 308, 309, 310, 311, 312, 313, 314, 315, 316, 317, 318, 319, 320, 321, 322, 323, 324, 325, 326, 327, 328, 329, 330, 331, 332, 333, 334, 335, 336, 337, 574, 575, 576, 577, 578, 579, 580, 581, 582, 583, 584, 585, 586, 587, 588, 589, 590, 591, 592, 593, 594, 595, 596, 597, 598, 599, 600, 601, 602, 603, 604, 605, 606, 607, 608, 609, 610, 611, 612, 613, 614, 615, 616, 617, 618, 619, 620, 621, 622, 623, 624, 625, 626, 627, 628, 629, 630, 631, 632, 633, 634, 635, 636, 637, 638, 639, 640, 641, 642, 643, 644, 645, 646, 647, 648, 649, 650, 651, 652, 653, 654, 655, 656, 657, 658, 659, 660, 661, 662, 663, 664, 665, 666, 667, 668, 669, 670, 671, 672, 673, 674, 675, 676, 677, 678, 679, 680, 681, 682, 683, 684, 685, 686, 687, 688, 689, 690, 691, 692, 693, 694, 695, 696, 697, 698, 699, 700, 701, 702, 703, 704, 705, 706, 707, 708, 709, 710, 711, 712, 713, 714, 715, 716, 717, 718, 719, 720, 721, 722, 723, 724, 725, 726, 727, 728, 729, 730, 731, 732, 733, 734, 735, 736, 737, 738, 739, 740, 741, 742, 743, 744, 745, 746, 747, 748, 749, 750, 751, 752, 753, 754, 755, 756, 757, 758, 759, 760, 761, 762, 763, 764, 765, 766, 767, 768, 769, 770, 771, 772, 773, 774, 775, 776, 777, 778, 779, 780, 781, 782, 783, 784, 785, 786, 787, 788, 789, 790, 791, 792, 793]",[],[],"[103, 104, 106, 117, 118, 120, 127, 128, 129, 131, 133, 135, 136, 137, 139, 146, 147, 148, 149, 151, 158, 160, 162, 166, 173, 178, 179, 185, 190, 192, 198, 201, 203, 204, 206, 207, 212, 213, 214, 219, 223, 224, 225, 227, 230, 235, 237, 246, 247, 256, 259, 262, 263, 266, 268, 269, 271, 272, 278, 279, 284, 285, 288, 290, 292, 304, 312, 316, 319, 320, 323, 324, 332, 574, 575, 588, 591, 607, 608, 610, 618, 619, 620, 622, 632, 644, 649, 650, 656, 661, 663, 669, 674, 677, 683, 684, 687, 688, 689, 701, 710, 723, 730, 731, 738, 747, 751, 762, 774, 778, 789]","[174, 175, 176, 177, 178, 325, 332, 347, 348, 349, 350, 351, 352, 423, 467, 483, 484, 645, 646, 647, 648, 649, 783, 789, 802, 803, 804, 805, 806, 807, 875, 914, 927, 934, 935]",[],7/6 successful match,False,,False,790,False,,1.0,True,Golden Gate Petroleum,
"E Brentwood , 94513 Golden Gate Petroleum",925-634-3013 8285 CA 4,00,Brentwood,94513,Golden Gate Petroleum,925-634-3013,2008,Brentwood,CA,,,8285 CA 4,Proper,,False,,False,CA 4,,,,,[],[],[],[],"[103, 104, 105, 106, 107, 108, 109, 110, 111, 112, 113, 114, 115, 116, 117, 118, 119, 120, 121, 122, 123, 124, 125, 126, 127, 128, 129, 130, 131, 132, 133, 134, 135, 136, 137, 138, 139, 140, 141, 142, 143, 144, 145, 146, 147, 148, 149, 150, 151, 152, 153, 154, 155, 156, 157, 158, 159, 160, 161, 162, 163, 164, 165, 166, 167, 168, 169, 170, 171, 172, 173, 174, 175, 176, 177, 178, 179, 180, 181, 182, 183, 184, 185, 186, 187, 188, 189, 190, 191, 192, 193, 194, 195, 196, 197, 198, 199, 200, 201, 202, 203, 204, 205, 206, 207, 208, 209, 210, 211, 212, 213, 214, 215, 216, 217, 218, 219, 220, 221, 222, 223, 224, 225, 226, 227, 228, 229, 230, 231, 232, 233, 234, 235, 236, 237, 238, 239, 240, 241, 242, 243, 244, 245, 246, 247, 248, 249, 250, 251, 252, 253, 254, 255, 256, 257, 258, 259, 260, 261, 262, 263, 264, 265, 266, 267, 268, 269, 270, 271, 272, 273, 274, 275, 276, 277, 278, 279, 280, 281, 282, 283, 284, 285, 286, 287, 288, 289, 290, 291, 292, 293, 294, 295, 296, 297, 298, 299, 300, 301, 302, 303, 304, 305, 306, 307, 308, 309, 310, 311, 312, 313, 314, 315, 316, 317, 318, 319, 320, 321, 322, 323, 324, 325, 326, 327, 328, 329, 330, 331, 332, 333, 334, 335, 336, 337, 574, 575, 576, 577, 578, 579, 580, 581, 582, 583, 584, 585, 586, 587, 588, 589, 590, 591, 592, 593, 594, 595, 596, 597, 598, 599, 600, 601, 602, 603, 604, 605, 606, 607, 608, 609, 610, 611, 612, 613, 614, 615, 616, 617, 618, 619, 620, 621, 622, 623, 624, 625, 626, 627, 628, 629, 630, 631, 632, 633, 634, 635, 636, 637, 638, 639, 640, 641, 642, 643, 644, 645, 646, 647, 648, 649, 650, 651, 652, 653, 654, 655, 656, 657, 658, 659, 660, 661, 662, 663, 664, 665, 666, 667, 668, 669, 670, 671, 672, 673, 674, 675, 676, 677, 678, 679, 680, 681, 682, 683, 684, 685, 686, 687, 688, 689, 690, 691, 692, 693, 694, 695, 696, 697, 698, 699, 700, 701, 702, 703, 704, 705, 706, 707, 708, 709, 710, 711, 712, 713, 714, 715, 716, 717, 718, 719, 720, 721, 722, 723, 724, 725, 726, 727, 728, 729, 730, 731, 732, 733, 734, 735, 736, 737, 738, 739, 740, 741, 742, 743, 744, 745, 746, 747, 748, 749, 750, 751, 752, 753, 754, 755, 756, 757, 758, 759, 760, 761, 762, 763, 764, 765, 766, 767, 768, 769, 770, 771, 772, 773, 774, 775, 776, 777, 778, 779, 780, 781, 782, 783, 784, 785, 786, 787, 788, 789, 790, 791, 792, 793]","[103, 104, 106, 117, 118, 120, 127, 128, 129, 131, 133, 135, 136, 137, 139, 146, 147, 148, 149, 151, 158, 160, 162, 166, 173, 178, 179, 185, 190, 192, 198, 201, 203, 204, 206, 207, 212, 213, 214, 219, 223, 224, 225, 227, 230, 235, 237, 246, 247, 256, 259, 262, 263, 266, 268, 269, 271, 272, 278, 279, 284, 285, 288, 290, 292, 304, 312, 316, 319, 320, 323, 324, 332, 574, 575, 588, 591, 607, 608, 610, 618, 619, 620, 622, 632, 644, 649, 650, 656, 661, 663, 669, 674, 677, 683, 684, 687, 688, 689, 701, 710, 723, 730, 731, 738, 747, 751, 762, 774, 778, 789]",[],"[174, 175, 176, 177, 178, 325, 332, 347, 348, 349, 350, 351, 352, 423, 467, 483, 484, 645, 646, 647, 648, 649, 783, 789, 802, 803, 804, 805, 806, 807, 875, 914, 927, 934, 935]","[103, 104, 105, 106, 107, 108, 109, 110, 111, 112, 113, 114, 115, 116, 117, 118, 119, 120, 121, 122, 123, 124, 125, 126, 127, 128, 129, 130, 131, 132, 133, 134, 135, 136, 137, 138, 139, 140, 141, 142, 143, 144, 145, 146, 147, 148, 149, 150, 151, 152, 153, 154, 155, 156, 157, 158, 159, 160, 161, 162, 163, 164, 165, 166, 167, 168, 169, 170, 171, 172, 173, 174, 175, 176, 177, 178, 179, 180, 181, 182, 183, 184, 185, 186, 187, 188, 189, 190, 191, 192, 193, 194, 195, 196, 197, 198, 199, 200, 201, 202, 203, 204, 205, 206, 207, 208, 209, 210, 211, 212, 213, 214, 215, 216, 217, 218, 219, 220, 221, 222, 223, 224, 225, 226, 227, 228, 229, 230, 231, 232, 233, 234, 235, 236, 237, 238, 239, 240, 241, 242, 243, 244, 245, 246, 247, 248, 249, 250, 251, 252, 253, 254, 255, 256, 257, 258, 259, 260, 261, 262, 263, 264, 265, 266, 267, 268, 269, 270, 271, 272, 273, 274, 275, 276, 277, 278, 279, 280, 281, 282, 283, 284, 285, 286, 287, 288, 289, 290, 291, 292, 293, 294, 295, 296, 297, 298, 299, 300, 301, 302, 303, 304, 305, 306, 307, 308, 309, 310, 311, 312, 313, 314, 315, 316, 317, 318, 319, 320, 321, 322, 323, 324, 325, 326, 327, 328, 329, 330, 331, 332, 333, 334, 335, 336, 337, 347, 348, 349, 350, 351, 352, 423, 467, 483, 484, 574, 575, 576, 577, 578, 579, 580, 581, 582, 583, 584, 585, 586, 587, 588, 589, 590, 591, 592, 593, 594, 595, 596, 597, 598, 599, 600, 601, 602, 603, 604, 605, 606, 607, 608, 609, 610, 611, 612, 613, 614, 615, 616, 617, 618, 619, 620, 621, 622, 623, 624, 625, 626, 627, 628, 629, 630, 631, 632, 633, 634, 635, 636, 637, 638, 639, 640, 641, 642, 643, 644, 645, 646, 647, 648, 649, 650, 651, 652, 653, 654, 655, 656, 657, 658, 659, 660, 661, 662, 663, 664, 665, 666, 667, 668, 669, 670, 671, 672, 673, 674, 675, 676, 677, 678, 679, 680, 681, 682, 683, 684, 685, 686, 687, 688, 689, 690, 691, 692, 693, 694, 695, 696, 697, 698, 699, 700, 701, 702, 703, 704, 705, 706, 707, 708, 709, 710, 711, 712, 713, 714, 715, 716, 717, 718, 719, 720, 721, 722, 723, 724, 725, 726, 727, 728, 729, 730, 731, 732, 733, 734, 735, 736, 737, 738, 739, 740, 741, 742, 743, 744, 745, 746, 747, 748, 749, 750, 751, 752, 753, 754, 755, 756, 757, 758, 759, 760, 761, 762, 763, 764, 765, 766, 767, 768, 769, 770, 771, 772, 773, 774, 775, 776, 777, 778, 779, 780, 781, 782, 783, 784, 785, 786, 787, 788, 789, 790, 791, 792, 793, 802, 803, 804, 805, 806, 807, 875, 914, 927, 934, 935]",False,[],"[103, 104, 105, 106, 107, 108, 109, 110, 111, 112, 113, 114, 115, 116, 117, 118, 119, 120, 121, 122, 123, 124, 125, 126, 127, 128, 129, 130, 131, 132, 133, 134, 135, 136, 137, 138, 139, 140, 141, 142, 143, 144, 145, 146, 147, 148, 149, 150, 151, 152, 153, 154, 155, 156, 157, 158, 159, 160, 161, 162, 163, 164, 165, 166, 167, 168, 169, 170, 171, 172, 173, 174, 175, 176, 177, 178, 179, 180, 181, 182, 183, 184, 185, 186, 187, 188, 189, 190, 191, 192, 193, 194, 195, 196, 197, 198, 199, 200, 201, 202, 203, 204, 205, 206, 207, 208, 209, 210, 211, 212, 213, 214, 215, 216, 217, 218, 219, 220, 221, 222, 223, 224, 225, 226, 227, 228, 229, 230, 231, 232, 233, 234, 235, 236, 237, 238, 239, 240, 241, 242, 243, 244, 245, 246, 247, 248, 249, 250, 251, 252, 253, 254, 255, 256, 257, 258, 259, 260, 261, 262, 263, 264, 265, 266, 267, 268, 269, 270, 271, 272, 273, 274, 275, 276, 277, 278, 279, 280, 281, 282, 283, 284, 285, 286, 287, 288, 289, 290, 291, 292, 293, 294, 295, 296, 297, 298, 299, 300, 301, 302, 303, 304, 305, 306, 307, 308, 309, 310, 311, 312, 313, 314, 315, 316, 317, 318, 319, 320, 321, 322, 323, 324, 325, 326, 327, 328, 329, 330, 331, 332, 333, 334, 335, 336, 337, 574, 575, 576, 577, 578, 579, 580, 581, 582, 583, 584, 585, 586, 587, 588, 589, 590, 591, 592, 593, 594, 595, 596, 597, 598, 599, 600, 601, 602, 603, 604, 605, 606, 607, 608, 609, 610, 611, 612, 613, 614, 615, 616, 617, 618, 619, 620, 621, 622, 623, 624, 625, 626, 627, 628, 629, 630, 631, 632, 633, 634, 635, 636, 637, 638, 639, 640, 641, 642, 643, 644, 645, 646, 647, 648, 649, 650, 651, 652, 653, 654, 655, 656, 657, 658, 659, 660, 661, 662, 663, 664, 665, 666, 667, 668, 669, 670, 671, 672, 673, 674, 675, 676, 677, 678, 679, 680, 681, 682, 683, 684, 685, 686, 687, 688, 689, 690, 691, 692, 693, 694, 695, 696, 697, 698, 699, 700, 701, 702, 703, 704, 705, 706, 707, 708, 709, 710, 711, 712, 713, 714, 715, 716, 717, 718, 719, 720, 721, 722, 723, 724, 725, 726, 727, 728, 729, 730, 731, 732, 733, 734, 735, 736, 737, 738, 739, 740, 741, 742, 743, 744, 745, 746, 747, 748, 749, 750, 751, 752, 753, 754, 755, 756, 757, 758, 759, 760, 761, 762, 763, 764, 765, 766, 767, 768, 769, 770, 771, 772, 773, 774, 775, 776, 777, 778, 779, 780, 781, 782, 783, 784, 785, 786, 787, 788, 789, 790, 791, 792, 793]",[],[],"[103, 104, 106, 117, 118, 120, 127, 128, 129, 131, 133, 135, 136, 137, 139, 146, 147, 148, 149, 151, 158, 160, 162, 166, 173, 178, 179, 185, 190, 192, 198, 201, 203, 204, 206, 207, 212, 213, 214, 219, 223, 224, 225, 227, 230, 235, 237, 246, 247, 256, 259, 262, 263, 266, 268, 269, 271, 272, 278, 279, 284, 285, 288, 290, 292, 304, 312, 316, 319, 320, 323, 324, 332, 574, 575, 588, 591, 607, 608, 610, 618, 619, 620, 622, 632, 644, 649, 650, 656, 661, 663, 669, 674, 677, 683, 684, 687, 688, 689, 701, 710, 723, 730, 731, 738, 747, 751, 762, 774, 778, 789]","[174, 175, 176, 177, 178, 325, 332, 347, 348, 349, 350, 351, 352, 423, 467, 483, 484, 645, 646, 647, 648, 649, 783, 789, 802, 803, 804, 805, 806, 807, 875, 914, 927, 934, 935]",[],7/6 successful match,False,,False,790,False,,1.0,True,Golden Gate Petroleum,
E Livingston ( 94538 ) Quik Stop Market,3 209-394-1633 CA 99 Exit 203 ( Winton Pkwy W ),24 <U+2610> <U+25A1>,Livingston,94538,Quik Stop Market,209-394-1633,2014,Fremont,CA,,( Winton Pkwy W ),CA 99 Exit 203 ,Exit,203,False,,False,CA 99,,,,,"[722, 262]","[262, 722]","[262, 312, 722, 770]","[5, 93, 101, 262, 312, 491, 564, 572, 722, 770]","[103, 104, 105, 106, 107, 108, 109, 110, 111, 112, 113, 114, 115, 116, 117, 118, 119, 120, 121, 122, 123, 124, 125, 126, 127, 128, 129, 130, 131, 132, 133, 134, 135, 136, 137, 138, 139, 140, 141, 142, 143, 144, 145, 146, 147, 148, 149, 150, 151, 152, 153, 154, 155, 156, 157, 158, 159, 160, 161, 162, 163, 164, 165, 166, 167, 168, 169, 170, 171, 172, 173, 174, 175, 176, 177, 178, 179, 180, 181, 182, 183, 184, 185, 186, 187, 188, 189, 190, 191, 192, 193, 194, 195, 196, 197, 198, 199, 200, 201, 202, 203, 204, 205, 206, 207, 208, 209, 210, 211, 212, 213, 214, 215, 216, 217, 218, 219, 220, 221, 222, 223, 224, 225, 226, 227, 228, 229, 230, 231, 232, 233, 234, 235, 236, 237, 238, 239, 240, 241, 242, 243, 244, 245, 246, 247, 248, 249, 250, 251, 252, 253, 254, 255, 256, 257, 258, 259, 260, 261, 262, 263, 264, 265, 266, 267, 268, 269, 270, 271, 272, 273, 274, 275, 276, 277, 278, 279, 280, 281, 282, 283, 284, 285, 286, 287, 288, 289, 290, 291, 292, 293, 294, 295, 296, 297, 298, 299, 300, 301, 302, 303, 304, 305, 306, 307, 308, 309, 310, 311, 312, 313, 314, 315, 316, 317, 318, 319, 320, 321, 322, 323, 324, 325, 326, 327, 328, 329, 330, 331, 332, 333, 334, 335, 336, 337, 574, 575, 576, 577, 578, 579, 580, 581, 582, 583, 584, 585, 586, 587, 588, 589, 590, 591, 592, 593, 594, 595, 596, 597, 598, 599, 600, 601, 602, 603, 604, 605, 606, 607, 608, 609, 610, 611, 612, 613, 614, 615, 616, 617, 618, 619, 620, 621, 622, 623, 624, 625, 626, 627, 628, 629, 630, 631, 632, 633, 634, 635, 636, 637, 638, 639, 640, 641, 642, 643, 644, 645, 646, 647, 648, 649, 650, 651, 652, 653, 654, 655, 656, 657, 658, 659, 660, 661, 662, 663, 664, 665, 666, 667, 668, 669, 670, 671, 672, 673, 674, 675, 676, 677, 678, 679, 680, 681, 682, 683, 684, 685, 686, 687, 688, 689, 690, 691, 692, 693, 694, 695, 696, 697, 698, 699, 700, 701, 702, 703, 704, 705, 706, 707, 708, 709, 710, 711, 712, 713, 714, 715, 716, 717, 718, 719, 720, 721, 722, 723, 724, 725, 726, 727, 728, 729, 730, 731, 732, 733, 734, 735, 736, 737, 738, 739, 740, 741, 742, 743, 744, 745, 746, 747, 748, 749, 750, 751, 752, 753, 754, 755, 756, 757, 758, 759, 760, 761, 762, 763, 764, 765, 766, 767, 768, 769, 770, 771, 772, 773, 774, 775, 776, 777, 778, 779, 780, 781, 782, 783, 784, 785, 786, 787, 788, 789, 790, 791, 792, 793]","[10, 75, 103, 104, 106, 117, 118, 120, 127, 128, 129, 131, 133, 135, 136, 137, 139, 146, 147, 148, 149, 151, 158, 160, 162, 166, 173, 178, 179, 185, 190, 192, 198, 201, 203, 204, 206, 207, 212, 213, 214, 219, 223, 224, 225, 227, 230, 235, 237, 246, 247, 256, 259, 262, 263, 266, 268, 269, 271, 272, 278, 279, 284, 285, 288, 290, 292, 304, 306, 312, 316, 319, 320, 323, 324, 329, 332, 335, 495, 549, 574, 575, 577, 588, 589, 591, 598, 599, 600, 602, 604, 606, 607, 608, 610, 617, 618, 619, 620, 622, 625, 630, 632, 634, 638, 644, 649, 650, 656, 661, 663, 669, 673, 674, 676, 677, 682, 683, 684, 687, 688, 689, 691, 694, 699, 701, 710, 718, 722, 723, 727, 728, 730, 731, 737, 738, 743, 744, 747, 749, 751, 762, 764, 770, 774, 777, 778, 781, 782, 789, 791]",[],"[84, 85, 262, 469, 555, 556, 722, 916]","[5, 10, 75, 84, 85, 93, 101, 103, 104, 105, 106, 107, 108, 109, 110, 111, 112, 113, 114, 115, 116, 117, 118, 119, 120, 121, 122, 123, 124, 125, 126, 127, 128, 129, 130, 131, 132, 133, 134, 135, 136, 137, 138, 139, 140, 141, 142, 143, 144, 145, 146, 147, 148, 149, 150, 151, 152, 153, 154, 155, 156, 157, 158, 159, 160, 161, 162, 163, 164, 165, 166, 167, 168, 169, 170, 171, 172, 173, 174, 175, 176, 177, 178, 179, 180, 181, 182, 183, 184, 185, 186, 187, 188, 189, 190, 191, 192, 193, 194, 195, 196, 197, 198, 199, 200, 201, 202, 203, 204, 205, 206, 207, 208, 209, 210, 211, 212, 213, 214, 215, 216, 217, 218, 219, 220, 221, 222, 223, 224, 225, 226, 227, 228, 229, 230, 231, 232, 233, 234, 235, 236, 237, 238, 239, 240, 241, 242, 243, 244, 245, 246, 247, 248, 249, 250, 251, 252, 253, 254, 255, 256, 257, 258, 259, 260, 261, 262, 263, 264, 265, 266, 267, 268, 269, 270, 271, 272, 273, 274, 275, 276, 277, 278, 279, 280, 281, 282, 283, 284, 285, 286, 287, 288, 289, 290, 291, 292, 293, 294, 295, 296, 297, 298, 299, 300, 301, 302, 303, 304, 305, 306, 307, 308, 309, 310, 311, 312, 313, 314, 315, 316, 317, 318, 319, 320, 321, 322, 323, 324, 325, 326, 327, 328, 329, 330, 331, 332, 333, 334, 335, 336, 337, 469, 491, 495, 549, 555, 556, 564, 572, 574, 575, 576, 577, 578, 579, 580, 581, 582, 583, 584, 585, 586, 587, 588, 589, 590, 591, 592, 593, 594, 595, 596, 597, 598, 599, 600, 601, 602, 603, 604, 605, 606, 607, 608, 609, 610, 611, 612, 613, 614, 615, 616, 617, 618, 619, 620, 621, 622, 623, 624, 625, 626, 627, 628, 629, 630, 631, 632, 633, 634, 635, 636, 637, 638, 639, 640, 641, 642, 643, 644, 645, 646, 647, 648, 649, 650, 651, 652, 653, 654, 655, 656, 657, 658, 659, 660, 661, 662, 663, 664, 665, 666, 667, 668, 669, 670, 671, 672, 673, 674, 675, 676, 677, 678, 679, 680, 681, 682, 683, 684, 685, 686, 687, 688, 689, 690, 691, 692, 693, 694, 695, 696, 697, 698, 699, 700, 701, 702, 703, 704, 705, 706, 707, 708, 709, 710, 711, 712, 713, 714, 715, 716, 717, 718, 719, 720, 721, 722, 723, 724, 725, 726, 727, 728, 729, 730, 731, 732, 733, 734, 735, 736, 737, 738, 739, 740, 741, 742, 743, 744, 745, 746, 747, 748, 749, 750, 751, 752, 753, 754, 755, 756, 757, 758, 759, 760, 761, 762, 763, 764, 765, 766, 767, 768, 769, 770, 771, 772, 773, 774, 775, 776, 777, 778, 779, 780, 781, 782, 783, 784, 785, 786, 787, 788, 789, 790, 791, 792, 793, 916]",True,"[262, 722]","[103, 104, 105, 106, 107, 108, 109, 110, 111, 112, 113, 114, 115, 116, 117, 118, 119, 120, 121, 122, 123, 124, 125, 126, 127, 128, 129, 130, 131, 132, 133, 134, 135, 136, 137, 138, 139, 140, 141, 142, 143, 144, 145, 146, 147, 148, 149, 150, 151, 152, 153, 154, 155, 156, 157, 158, 159, 160, 161, 162, 163, 164, 165, 166, 167, 168, 169, 170, 171, 172, 173, 174, 175, 176, 177, 178, 179, 180, 181, 182, 183, 184, 185, 186, 187, 188, 189, 190, 191, 192, 193, 194, 195, 196, 197, 198, 199, 200, 201, 202, 203, 204, 205, 206, 207, 208, 209, 210, 211, 212, 213, 214, 215, 216, 217, 218, 219, 220, 221, 222, 223, 224, 225, 226, 227, 228, 229, 230, 231, 232, 233, 234, 235, 236, 237, 238, 239, 240, 241, 242, 243, 244, 245, 246, 247, 248, 249, 250, 251, 252, 253, 254, 255, 256, 257, 258, 259, 260, 261, 262, 263, 264, 265, 266, 267, 268, 269, 270, 271, 272, 273, 274, 275, 276, 277, 278, 279, 280, 281, 282, 283, 284, 285, 286, 287, 288, 289, 290, 291, 292, 293, 294, 295, 296, 297, 298, 299, 300, 301, 302, 303, 304, 305, 306, 307, 308, 309, 310, 311, 312, 313, 314, 315, 316, 317, 318, 319, 320, 321, 322, 323, 324, 325, 326, 327, 328, 329, 330, 331, 332, 333, 334, 335, 336, 337, 574, 575, 576, 577, 578, 579, 580, 581, 582, 583, 584, 585, 586, 587, 588, 589, 590, 591, 592, 593, 594, 595, 596, 597, 598, 599, 600, 601, 602, 603, 604, 605, 606, 607, 608, 609, 610, 611, 612, 613, 614, 615, 616, 617, 618, 619, 620, 621, 622, 623, 624, 625, 626, 627, 628, 629, 630, 631, 632, 633, 634, 635, 636, 637, 638, 639, 640, 641, 642, 643, 644, 645, 646, 647, 648, 649, 650, 651, 652, 653, 654, 655, 656, 657, 658, 659, 660, 661, 662, 663, 664, 665, 666, 667, 668, 669, 670, 671, 672, 673, 674, 675, 676, 677, 678, 679, 680, 681, 682, 683, 684, 685, 686, 687, 688, 689, 690, 691, 692, 693, 694, 695, 696, 697, 698, 699, 700, 701, 702, 703, 704, 705, 706, 707, 708, 709, 710, 711, 712, 713, 714, 715, 716, 717, 718, 719, 720, 721, 722, 723, 724, 725, 726, 727, 728, 729, 730, 731, 732, 733, 734, 735, 736, 737, 738, 739, 740, 741, 742, 743, 744, 745, 746, 747, 748, 749, 750, 751, 752, 753, 754, 755, 756, 757, 758, 759, 760, 761, 762, 763, 764, 765, 766, 767, 768, 769, 770, 771, 772, 773, 774, 775, 776, 777, 778, 779, 780, 781, 782, 783, 784, 785, 786, 787, 788, 789, 790, 791, 792, 793]","[262, 312, 722, 770]","[5, 93, 101, 262, 312, 491, 564, 572, 722, 770]","[10, 75, 103, 104, 106, 117, 118, 120, 127, 128, 129, 131, 133, 135, 136, 137, 139, 146, 147, 148, 149, 151, 158, 160, 162, 166, 173, 178, 179, 185, 190, 192, 198, 201, 203, 204, 206, 207, 212, 213, 214, 219, 223, 224, 225, 227, 230, 235, 237, 246, 247, 256, 259, 262, 263, 266, 268, 269, 271, 272, 278, 279, 284, 285, 288, 290, 292, 304, 306, 312, 316, 319, 320, 323, 324, 329, 332, 335, 495, 549, 574, 575, 577, 588, 589, 591, 598, 599, 600, 602, 604, 606, 607, 608, 610, 617, 618, 619, 620, 622, 625, 630, 632, 634, 638, 644, 649, 650, 656, 661, 663, 669, 673, 674, 676, 677, 682, 683, 684, 687, 688, 689, 691, 694, 699, 701, 710, 718, 722, 723, 727, 728, 730, 731, 737, 738, 743, 744, 747, 749, 751, 762, 764, 770, 774, 777, 778, 781, 782, 789, 791]","[84, 85, 262, 469, 555, 556, 722, 916]",[],7/6 successful match,True,[684],True,790,True,2014,0.13513513513513514,True,Golden Gate Petroleum,
Livingston ( 94538 ) Quik Stop Market,209-394-1633 CA 99 Exit 203 ( Winton Pkwy W ),24 <U+25A1> <U+25A1> <U+25A1>,Livingston,94538,Quik Stop Market,209-394-1633,2015,Fremont,CA,,( Winton Pkwy W ),CA 99 Exit 203 ,Exit,203,False,,False,CA 99,,,,,"[722, 262]","[262, 722]","[262, 312, 722, 770]","[5, 93, 101, 262, 312, 491, 564, 572, 722, 770]","[103, 104, 105, 106, 107, 108, 109, 110, 111, 112, 113, 114, 115, 116, 117, 118, 119, 120, 121, 122, 123, 124, 125, 126, 127, 128, 129, 130, 131, 132, 133, 134, 135, 136, 137, 138, 139, 140, 141, 142, 143, 144, 145, 146, 147, 148, 149, 150, 151, 152, 153, 154, 155, 156, 157, 158, 159, 160, 161, 162, 163, 164, 165, 166, 167, 168, 169, 170, 171, 172, 173, 174, 175, 176, 177, 178, 179, 180, 181, 182, 183, 184, 185, 186, 187, 188, 189, 190, 191, 192, 193, 194, 195, 196, 197, 198, 199, 200, 201, 202, 203, 204, 205, 206, 207, 208, 209, 210, 211, 212, 213, 214, 215, 216, 217, 218, 219, 220, 221, 222, 223, 224, 225, 226, 227, 228, 229, 230, 231, 232, 233, 234, 235, 236, 237, 238, 239, 240, 241, 242, 243, 244, 245, 246, 247, 248, 249, 250, 251, 252, 253, 254, 255, 256, 257, 258, 259, 260, 261, 262, 263, 264, 265, 266, 267, 268, 269, 270, 271, 272, 273, 274, 275, 276, 277, 278, 279, 280, 281, 282, 283, 284, 285, 286, 287, 288, 289, 290, 291, 292, 293, 294, 295, 296, 297, 298, 299, 300, 301, 302, 303, 304, 305, 306, 307, 308, 309, 310, 311, 312, 313, 314, 315, 316, 317, 318, 319, 320, 321, 322, 323, 324, 325, 326, 327, 328, 329, 330, 331, 332, 333, 334, 335, 336, 337, 574, 575, 576, 577, 578, 579, 580, 581, 582, 583, 584, 585, 586, 587, 588, 589, 590, 591, 592, 593, 594, 595, 596, 597, 598, 599, 600, 601, 602, 603, 604, 605, 606, 607, 608, 609, 610, 611, 612, 613, 614, 615, 616, 617, 618, 619, 620, 621, 622, 623, 624, 625, 626, 627, 628, 629, 630, 631, 632, 633, 634, 635, 636, 637, 638, 639, 640, 641, 642, 643, 644, 645, 646, 647, 648, 649, 650, 651, 652, 653, 654, 655, 656, 657, 658, 659, 660, 661, 662, 663, 664, 665, 666, 667, 668, 669, 670, 671, 672, 673, 674, 675, 676, 677, 678, 679, 680, 681, 682, 683, 684, 685, 686, 687, 688, 689, 690, 691, 692, 693, 694, 695, 696, 697, 698, 699, 700, 701, 702, 703, 704, 705, 706, 707, 708, 709, 710, 711, 712, 713, 714, 715, 716, 717, 718, 719, 720, 721, 722, 723, 724, 725, 726, 727, 728, 729, 730, 731, 732, 733, 734, 735, 736, 737, 738, 739, 740, 741, 742, 743, 744, 745, 746, 747, 748, 749, 750, 751, 752, 753, 754, 755, 756, 757, 758, 759, 760, 761, 762, 763, 764, 765, 766, 767, 768, 769, 770, 771, 772, 773, 774, 775, 776, 777, 778, 779, 780, 781, 782, 783, 784, 785, 786, 787, 788, 789, 790, 791, 792, 793]","[10, 75, 103, 104, 106, 117, 118, 120, 127, 128, 129, 131, 133, 135, 136, 137, 139, 146, 147, 148, 149, 151, 158, 160, 162, 166, 173, 178, 179, 185, 190, 192, 198, 201, 203, 204, 206, 207, 212, 213, 214, 219, 223, 224, 225, 227, 230, 235, 237, 246, 247, 256, 259, 262, 263, 266, 268, 269, 271, 272, 278, 279, 284, 285, 288, 290, 292, 304, 306, 312, 316, 319, 320, 323, 324, 329, 332, 335, 495, 549, 574, 575, 577, 588, 589, 591, 598, 599, 600, 602, 604, 606, 607, 608, 610, 617, 618, 619, 620, 622, 625, 630, 632, 634, 638, 644, 649, 650, 656, 661, 663, 669, 673, 674, 676, 677, 682, 683, 684, 687, 688, 689, 691, 694, 699, 701, 710, 718, 722, 723, 727, 728, 730, 731, 737, 738, 743, 744, 747, 749, 751, 762, 764, 770, 774, 777, 778, 781, 782, 789, 791]",[],"[84, 85, 262, 469, 555, 556, 722, 916]","[5, 10, 75, 84, 85, 93, 101, 103, 104, 105, 106, 107, 108, 109, 110, 111, 112, 113, 114, 115, 116, 117, 118, 119, 120, 121, 122, 123, 124, 125, 126, 127, 128, 129, 130, 131, 132, 133, 134, 135, 136, 137, 138, 139, 140, 141, 142, 143, 144, 145, 146, 147, 148, 149, 150, 151, 152, 153, 154, 155, 156, 157, 158, 159, 160, 161, 162, 163, 164, 165, 166, 167, 168, 169, 170, 171, 172, 173, 174, 175, 176, 177, 178, 179, 180, 181, 182, 183, 184, 185, 186, 187, 188, 189, 190, 191, 192, 193, 194, 195, 196, 197, 198, 199, 200, 201, 202, 203, 204, 205, 206, 207, 208, 209, 210, 211, 212, 213, 214, 215, 216, 217, 218, 219, 220, 221, 222, 223, 224, 225, 226, 227, 228, 229, 230, 231, 232, 233, 234, 235, 236, 237, 238, 239, 240, 241, 242, 243, 244, 245, 246, 247, 248, 249, 250, 251, 252, 253, 254, 255, 256, 257, 258, 259, 260, 261, 262, 263, 264, 265, 266, 267, 268, 269, 270, 271, 272, 273, 274, 275, 276, 277, 278, 279, 280, 281, 282, 283, 284, 285, 286, 287, 288, 289, 290, 291, 292, 293, 294, 295, 296, 297, 298, 299, 300, 301, 302, 303, 304, 305, 306, 307, 308, 309, 310, 311, 312, 313, 314, 315, 316, 317, 318, 319, 320, 321, 322, 323, 324, 325, 326, 327, 328, 329, 330, 331, 332, 333, 334, 335, 336, 337, 469, 491, 495, 549, 555, 556, 564, 572, 574, 575, 576, 577, 578, 579, 580, 581, 582, 583, 584, 585, 586, 587, 588, 589, 590, 591, 592, 593, 594, 595, 596, 597, 598, 599, 600, 601, 602, 603, 604, 605, 606, 607, 608, 609, 610, 611, 612, 613, 614, 615, 616, 617, 618, 619, 620, 621, 622, 623, 624, 625, 626, 627, 628, 629, 630, 631, 632, 633, 634, 635, 636, 637, 638, 639, 640, 641, 642, 643, 644, 645, 646, 647, 648, 649, 650, 651, 652, 653, 654, 655, 656, 657, 658, 659, 660, 661, 662, 663, 664, 665, 666, 667, 668, 669, 670, 671, 672, 673, 674, 675, 676, 677, 678, 679, 680, 681, 682, 683, 684, 685, 686, 687, 688, 689, 690, 691, 692, 693, 694, 695, 696, 697, 698, 699, 700, 701, 702, 703, 704, 705, 706, 707, 708, 709, 710, 711, 712, 713, 714, 715, 716, 717, 718, 719, 720, 721, 722, 723, 724, 725, 726, 727, 728, 729, 730, 731, 732, 733, 734, 735, 736, 737, 738, 739, 740, 741, 742, 743, 744, 745, 746, 747, 748, 749, 750, 751, 752, 753, 754, 755, 756, 757, 758, 759, 760, 761, 762, 763, 764, 765, 766, 767, 768, 769, 770, 771, 772, 773, 774, 775, 776, 777, 778, 779, 780, 781, 782, 783, 784, 785, 786, 787, 788, 789, 790, 791, 792, 793, 916]",True,"[262, 722]","[103, 104, 105, 106, 107, 108, 109, 110, 111, 112, 113, 114, 115, 116, 117, 118, 119, 120, 121, 122, 123, 124, 125, 126, 127, 128, 129, 130, 131, 132, 133, 134, 135, 136, 137, 138, 139, 140, 141, 142, 143, 144, 145, 146, 147, 148, 149, 150, 151, 152, 153, 154, 155, 156, 157, 158, 159, 160, 161, 162, 163, 164, 165, 166, 167, 168, 169, 170, 171, 172, 173, 174, 175, 176, 177, 178, 179, 180, 181, 182, 183, 184, 185, 186, 187, 188, 189, 190, 191, 192, 193, 194, 195, 196, 197, 198, 199, 200, 201, 202, 203, 204, 205, 206, 207, 208, 209, 210, 211, 212, 213, 214, 215, 216, 217, 218, 219, 220, 221, 222, 223, 224, 225, 226, 227, 228, 229, 230, 231, 232, 233, 234, 235, 236, 237, 238, 239, 240, 241, 242, 243, 244, 245, 246, 247, 248, 249, 250, 251, 252, 253, 254, 255, 256, 257, 258, 259, 260, 261, 262, 263, 264, 265, 266, 267, 268, 269, 270, 271, 272, 273, 274, 275, 276, 277, 278, 279, 280, 281, 282, 283, 284, 285, 286, 287, 288, 289, 290, 291, 292, 293, 294, 295, 296, 297, 298, 299, 300, 301, 302, 303, 304, 305, 306, 307, 308, 309, 310, 311, 312, 313, 314, 315, 316, 317, 318, 319, 320, 321, 322, 323, 324, 325, 326, 327, 328, 329, 330, 331, 332, 333, 334, 335, 336, 337, 574, 575, 576, 577, 578, 579, 580, 581, 582, 583, 584, 585, 586, 587, 588, 589, 590, 591, 592, 593, 594, 595, 596, 597, 598, 599, 600, 601, 602, 603, 604, 605, 606, 607, 608, 609, 610, 611, 612, 613, 614, 615, 616, 617, 618, 619, 620, 621, 622, 623, 624, 625, 626, 627, 628, 629, 630, 631, 632, 633, 634, 635, 636, 637, 638, 639, 640, 641, 642, 643, 644, 645, 646, 647, 648, 649, 650, 651, 652, 653, 654, 655, 656, 657, 658, 659, 660, 661, 662, 663, 664, 665, 666, 667, 668, 669, 670, 671, 672, 673, 674, 675, 676, 677, 678, 679, 680, 681, 682, 683, 684, 685, 686, 687, 688, 689, 690, 691, 692, 693, 694, 695, 696, 697, 698, 699, 700, 701, 702, 703, 704, 705, 706, 707, 708, 709, 710, 711, 712, 713, 714, 715, 716, 717, 718, 719, 720, 721, 722, 723, 724, 725, 726, 727, 728, 729, 730, 731, 732, 733, 734, 735, 736, 737, 738, 739, 740, 741, 742, 743, 744, 745, 746, 747, 748, 749, 750, 751, 752, 753, 754, 755, 756, 757, 758, 759, 760, 761, 762, 763, 764, 765, 766, 767, 768, 769, 770, 771, 772, 773, 774, 775, 776, 777, 778, 779, 780, 781, 782, 783, 784, 785, 786, 787, 788, 789, 790, 791, 792, 793]","[262, 312, 722, 770]","[5, 93, 101, 262, 312, 491, 564, 572, 722, 770]","[10, 75, 103, 104, 106, 117, 118, 120, 127, 128, 129, 131, 133, 135, 136, 137, 139, 146, 147, 148, 149, 151, 158, 160, 162, 166, 173, 178, 179, 185, 190, 192, 198, 201, 203, 204, 206, 207, 212, 213, 214, 219, 223, 224, 225, 227, 230, 235, 237, 246, 247, 256, 259, 262, 263, 266, 268, 269, 271, 272, 278, 279, 284, 285, 288, 290, 292, 304, 306, 312, 316, 319, 320, 323, 324, 329, 332, 335, 495, 549, 574, 575, 577, 588, 589, 591, 598, 599, 600, 602, 604, 606, 607, 608, 610, 617, 618, 619, 620, 622, 625, 630, 632, 634, 638, 644, 649, 650, 656, 661, 663, 669, 673, 674, 676, 677, 682, 683, 684, 687, 688, 689, 691, 694, 699, 701, 710, 718, 722, 723, 727, 728, 730, 731, 737, 738, 743, 744, 747, 749, 751, 762, 764, 770, 774, 777, 778, 781, 782, 789, 791]","[84, 85, 262, 469, 555, 556, 722, 916]",[],7/6 successful match,True,[684],True,790,False,,1.0,True,Quik Stop Market,
Livingston ( 94538 ) Quik Stop Market,209-394-1633 CA 99 Exit 203 ( Winton Pkwy W ),24 22 <U+25A1>,Livingston,94538,Quik Stop Market,209-394-1633,2016,Fremont,CA,,( Winton Pkwy W ),CA 99 Exit 203 ,Exit,203,False,,False,CA 99,,,,,"[722, 262]","[262, 722]","[262, 312, 722, 770]","[5, 93, 101, 262, 312, 491, 564, 572, 722, 770]","[103, 104, 105, 106, 107, 108, 109, 110, 111, 112, 113, 114, 115, 116, 117, 118, 119, 120, 121, 122, 123, 124, 125, 126, 127, 128, 129, 130, 131, 132, 133, 134, 135, 136, 137, 138, 139, 140, 141, 142, 143, 144, 145, 146, 147, 148, 149, 150, 151, 152, 153, 154, 155, 156, 157, 158, 159, 160, 161, 162, 163, 164, 165, 166, 167, 168, 169, 170, 171, 172, 173, 174, 175, 176, 177, 178, 179, 180, 181, 182, 183, 184, 185, 186, 187, 188, 189, 190, 191, 192, 193, 194, 195, 196, 197, 198, 199, 200, 201, 202, 203, 204, 205, 206, 207, 208, 209, 210, 211, 212, 213, 214, 215, 216, 217, 218, 219, 220, 221, 222, 223, 224, 225, 226, 227, 228, 229, 230, 231, 232, 233, 234, 235, 236, 237, 238, 239, 240, 241, 242, 243, 244, 245, 246, 247, 248, 249, 250, 251, 252, 253, 254, 255, 256, 257, 258, 259, 260, 261, 262, 263, 264, 265, 266, 267, 268, 269, 270, 271, 272, 273, 274, 275, 276, 277, 278, 279, 280, 281, 282, 283, 284, 285, 286, 287, 288, 289, 290, 291, 292, 293, 294, 295, 296, 297, 298, 299, 300, 301, 302, 303, 304, 305, 306, 307, 308, 309, 310, 311, 312, 313, 314, 315, 316, 317, 318, 319, 320, 321, 322, 323, 324, 325, 326, 327, 328, 329, 330, 331, 332, 333, 334, 335, 336, 337, 574, 575, 576, 577, 578, 579, 580, 581, 582, 583, 584, 585, 586, 587, 588, 589, 590, 591, 592, 593, 594, 595, 596, 597, 598, 599, 600, 601, 602, 603, 604, 605, 606, 607, 608, 609, 610, 611, 612, 613, 614, 615, 616, 617, 618, 619, 620, 621, 622, 623, 624, 625, 626, 627, 628, 629, 630, 631, 632, 633, 634, 635, 636, 637, 638, 639, 640, 641, 642, 643, 644, 645, 646, 647, 648, 649, 650, 651, 652, 653, 654, 655, 656, 657, 658, 659, 660, 661, 662, 663, 664, 665, 666, 667, 668, 669, 670, 671, 672, 673, 674, 675, 676, 677, 678, 679, 680, 681, 682, 683, 684, 685, 686, 687, 688, 689, 690, 691, 692, 693, 694, 695, 696, 697, 698, 699, 700, 701, 702, 703, 704, 705, 706, 707, 708, 709, 710, 711, 712, 713, 714, 715, 716, 717, 718, 719, 720, 721, 722, 723, 724, 725, 726, 727, 728, 729, 730, 731, 732, 733, 734, 735, 736, 737, 738, 739, 740, 741, 742, 743, 744, 745, 746, 747, 748, 749, 750, 751, 752, 753, 754, 755, 756, 757, 758, 759, 760, 761, 762, 763, 764, 765, 766, 767, 768, 769, 770, 771, 772, 773, 774, 775, 776, 777, 778, 779, 780, 781, 782, 783, 784, 785, 786, 787, 788, 789, 790, 791, 792, 793]","[10, 75, 103, 104, 106, 117, 118, 120, 127, 128, 129, 131, 133, 135, 136, 137, 139, 146, 147, 148, 149, 151, 158, 160, 162, 166, 173, 178, 179, 185, 190, 192, 198, 201, 203, 204, 206, 207, 212, 213, 214, 219, 223, 224, 225, 227, 230, 235, 237, 246, 247, 256, 259, 262, 263, 266, 268, 269, 271, 272, 278, 279, 284, 285, 288, 290, 292, 304, 306, 312, 316, 319, 320, 323, 324, 329, 332, 335, 495, 549, 574, 575, 577, 588, 589, 591, 598, 599, 600, 602, 604, 606, 607, 608, 610, 617, 618, 619, 620, 622, 625, 630, 632, 634, 638, 644, 649, 650, 656, 661, 663, 669, 673, 674, 676, 677, 682, 683, 684, 687, 688, 689, 691, 694, 699, 701, 710, 718, 722, 723, 727, 728, 730, 731, 737, 738, 743, 744, 747, 749, 751, 762, 764, 770, 774, 777, 778, 781, 782, 789, 791]",[],"[84, 85, 262, 469, 555, 556, 722, 916]","[5, 10, 75, 84, 85, 93, 101, 103, 104, 105, 106, 107, 108, 109, 110, 111, 112, 113, 114, 115, 116, 117, 118, 119, 120, 121, 122, 123, 124, 125, 126, 127, 128, 129, 130, 131, 132, 133, 134, 135, 136, 137, 138, 139, 140, 141, 142, 143, 144, 145, 146, 147, 148, 149, 150, 151, 152, 153, 154, 155, 156, 157, 158, 159, 160, 161, 162, 163, 164, 165, 166, 167, 168, 169, 170, 171, 172, 173, 174, 175, 176, 177, 178, 179, 180, 181, 182, 183, 184, 185, 186, 187, 188, 189, 190, 191, 192, 193, 194, 195, 196, 197, 198, 199, 200, 201, 202, 203, 204, 205, 206, 207, 208, 209, 210, 211, 212, 213, 214, 215, 216, 217, 218, 219, 220, 221, 222, 223, 224, 225, 226, 227, 228, 229, 230, 231, 232, 233, 234, 235, 236, 237, 238, 239, 240, 241, 242, 243, 244, 245, 246, 247, 248, 249, 250, 251, 252, 253, 254, 255, 256, 257, 258, 259, 260, 261, 262, 263, 264, 265, 266, 267, 268, 269, 270, 271, 272, 273, 274, 275, 276, 277, 278, 279, 280, 281, 282, 283, 284, 285, 286, 287, 288, 289, 290, 291, 292, 293, 294, 295, 296, 297, 298, 299, 300, 301, 302, 303, 304, 305, 306, 307, 308, 309, 310, 311, 312, 313, 314, 315, 316, 317, 318, 319, 320, 321, 322, 323, 324, 325, 326, 327, 328, 329, 330, 331, 332, 333, 334, 335, 336, 337, 469, 491, 495, 549, 555, 556, 564, 572, 574, 575, 576, 577, 578, 579, 580, 581, 582, 583, 584, 585, 586, 587, 588, 589, 590, 591, 592, 593, 594, 595, 596, 597, 598, 599, 600, 601, 602, 603, 604, 605, 606, 607, 608, 609, 610, 611, 612, 613, 614, 615, 616, 617, 618, 619, 620, 621, 622, 623, 624, 625, 626, 627, 628, 629, 630, 631, 632, 633, 634, 635, 636, 637, 638, 639, 640, 641, 642, 643, 644, 645, 646, 647, 648, 649, 650, 651, 652, 653, 654, 655, 656, 657, 658, 659, 660, 661, 662, 663, 664, 665, 666, 667, 668, 669, 670, 671, 672, 673, 674, 675, 676, 677, 678, 679, 680, 681, 682, 683, 684, 685, 686, 687, 688, 689, 690, 691, 692, 693, 694, 695, 696, 697, 698, 699, 700, 701, 702, 703, 704, 705, 706, 707, 708, 709, 710, 711, 712, 713, 714, 715, 716, 717, 718, 719, 720, 721, 722, 723, 724, 725, 726, 727, 728, 729, 730, 731, 732, 733, 734, 735, 736, 737, 738, 739, 740, 741, 742, 743, 744, 745, 746, 747, 748, 749, 750, 751, 752, 753, 754, 755, 756, 757, 758, 759, 760, 761, 762, 763, 764, 765, 766, 767, 768, 769, 770, 771, 772, 773, 774, 775, 776, 777, 778, 779, 780, 781, 782, 783, 784, 785, 786, 787, 788, 789, 790, 791, 792, 793, 916]",True,"[262, 722]","[103, 104, 105, 106, 107, 108, 109, 110, 111, 112, 113, 114, 115, 116, 117, 118, 119, 120, 121, 122, 123, 124, 125, 126, 127, 128, 129, 130, 131, 132, 133, 134, 135, 136, 137, 138, 139, 140, 141, 142, 143, 144, 145, 146, 147, 148, 149, 150, 151, 152, 153, 154, 155, 156, 157, 158, 159, 160, 161, 162, 163, 164, 165, 166, 167, 168, 169, 170, 171, 172, 173, 174, 175, 176, 177, 178, 179, 180, 181, 182, 183, 184, 185, 186, 187, 188, 189, 190, 191, 192, 193, 194, 195, 196, 197, 198, 199, 200, 201, 202, 203, 204, 205, 206, 207, 208, 209, 210, 211, 212, 213, 214, 215, 216, 217, 218, 219, 220, 221, 222, 223, 224, 225, 226, 227, 228, 229, 230, 231, 232, 233, 234, 235, 236, 237, 238, 239, 240, 241, 242, 243, 244, 245, 246, 247, 248, 249, 250, 251, 252, 253, 254, 255, 256, 257, 258, 259, 260, 261, 262, 263, 264, 265, 266, 267, 268, 269, 270, 271, 272, 273, 274, 275, 276, 277, 278, 279, 280, 281, 282, 283, 284, 285, 286, 287, 288, 289, 290, 291, 292, 293, 294, 295, 296, 297, 298, 299, 300, 301, 302, 303, 304, 305, 306, 307, 308, 309, 310, 311, 312, 313, 314, 315, 316, 317, 318, 319, 320, 321, 322, 323, 324, 325, 326, 327, 328, 329, 330, 331, 332, 333, 334, 335, 336, 337, 574, 575, 576, 577, 578, 579, 580, 581, 582, 583, 584, 585, 586, 587, 588, 589, 590, 591, 592, 593, 594, 595, 596, 597, 598, 599, 600, 601, 602, 603, 604, 605, 606, 607, 608, 609, 610, 611, 612, 613, 614, 615, 616, 617, 618, 619, 620, 621, 622, 623, 624, 625, 626, 627, 628, 629, 630, 631, 632, 633, 634, 635, 636, 637, 638, 639, 640, 641, 642, 643, 644, 645, 646, 647, 648, 649, 650, 651, 652, 653, 654, 655, 656, 657, 658, 659, 660, 661, 662, 663, 664, 665, 666, 667, 668, 669, 670, 671, 672, 673, 674, 675, 676, 677, 678, 679, 680, 681, 682, 683, 684, 685, 686, 687, 688, 689, 690, 691, 692, 693, 694, 695, 696, 697, 698, 699, 700, 701, 702, 703, 704, 705, 706, 707, 708, 709, 710, 711, 712, 713, 714, 715, 716, 717, 718, 719, 720, 721, 722, 723, 724, 725, 726, 727, 728, 729, 730, 731, 732, 733, 734, 735, 736, 737, 738, 739, 740, 741, 742, 743, 744, 745, 746, 747, 748, 749, 750, 751, 752, 753, 754, 755, 756, 757, 758, 759, 760, 761, 762, 763, 764, 765, 766, 767, 768, 769, 770, 771, 772, 773, 774, 775, 776, 777, 778, 779, 780, 781, 782, 783, 784, 785, 786, 787, 788, 789, 790, 791, 792, 793]","[262, 312, 722, 770]","[5, 93, 101, 262, 312, 491, 564, 572, 722, 770]","[10, 75, 103, 104, 106, 117, 118, 120, 127, 128, 129, 131, 133, 135, 136, 137, 139, 146, 147, 148, 149, 151, 158, 160, 162, 166, 173, 178, 179, 185, 190, 192, 198, 201, 203, 204, 206, 207, 212, 213, 214, 219, 223, 224, 225, 227, 230, 235, 237, 246, 247, 256, 259, 262, 263, 266, 268, 269, 271, 272, 278, 279, 284, 285, 288, 290, 292, 304, 306, 312, 316, 319, 320, 323, 324, 329, 332, 335, 495, 549, 574, 575, 577, 588, 589, 591, 598, 599, 600, 602, 604, 606, 607, 608, 610, 617, 618, 619, 620, 622, 625, 630, 632, 634, 638, 644, 649, 650, 656, 661, 663, 669, 673, 674, 676, 677, 682, 683, 684, 687, 688, 689, 691, 694, 699, 701, 710, 718, 722, 723, 727, 728, 730, 731, 737, 738, 743, 744, 747, 749, 751, 762, 764, 770, 774, 777, 778, 781, 782, 789, 791]","[84, 85, 262, 469, 555, 556, 722, 916]",[],7/6 successful match,True,[684],True,790,False,,1.0,True,Quik Stop Market,
"E Fremont , 94538 Bayside Properties ( CFN )",510-498-8741 I-880 Ex 15 ( Auto Mall Pkwy W to,) 000,Fremont,94538,Bayside Properties ( CFN ),510-498-8741,2006,Fremont,CA,,( Auto Mall Pkwy W to,I-880 Ex 15 ,Exit,15,False,,False,I-880,,,,,[],"[262, 722]",[],"[300, 330, 759, 787]","[103, 104, 105, 106, 107, 108, 109, 110, 111, 112, 113, 114, 115, 116, 117, 118, 119, 120, 121, 122, 123, 124, 125, 126, 127, 128, 129, 130, 131, 132, 133, 134, 135, 136, 137, 138, 139, 140, 141, 142, 143, 144, 145, 146, 147, 148, 149, 150, 151, 152, 153, 154, 155, 156, 157, 158, 159, 160, 161, 162, 163, 164, 165, 166, 167, 168, 169, 170, 171, 172, 173, 174, 175, 176, 177, 178, 179, 180, 181, 182, 183, 184, 185, 186, 187, 188, 189, 190, 191, 192, 193, 194, 195, 196, 197, 198, 199, 200, 201, 202, 203, 204, 205, 206, 207, 208, 209, 210, 211, 212, 213, 214, 215, 216, 217, 218, 219, 220, 221, 222, 223, 224, 225, 226, 227, 228, 229, 230, 231, 232, 233, 234, 235, 236, 237, 238, 239, 240, 241, 242, 243, 244, 245, 246, 247, 248, 249, 250, 251, 252, 253, 254, 255, 256, 257, 258, 259, 260, 261, 262, 263, 264, 265, 266, 267, 268, 269, 270, 271, 272, 273, 274, 275, 276, 277, 278, 279, 280, 281, 282, 283, 284, 285, 286, 287, 288, 289, 290, 291, 292, 293, 294, 295, 296, 297, 298, 299, 300, 301, 302, 303, 304, 305, 306, 307, 308, 309, 310, 311, 312, 313, 314, 315, 316, 317, 318, 319, 320, 321, 322, 323, 324, 325, 326, 327, 328, 329, 330, 331, 332, 333, 334, 335, 336, 337, 574, 575, 576, 577, 578, 579, 580, 581, 582, 583, 584, 585, 586, 587, 588, 589, 590, 591, 592, 593, 594, 595, 596, 597, 598, 599, 600, 601, 602, 603, 604, 605, 606, 607, 608, 609, 610, 611, 612, 613, 614, 615, 616, 617, 618, 619, 620, 621, 622, 623, 624, 625, 626, 627, 628, 629, 630, 631, 632, 633, 634, 635, 636, 637, 638, 639, 640, 641, 642, 643, 644, 645, 646, 647, 648, 649, 650, 651, 652, 653, 654, 655, 656, 657, 658, 659, 660, 661, 662, 663, 664, 665, 666, 667, 668, 669, 670, 671, 672, 673, 674, 675, 676, 677, 678, 679, 680, 681, 682, 683, 684, 685, 686, 687, 688, 689, 690, 691, 692, 693, 694, 695, 696, 697, 698, 699, 700, 701, 702, 703, 704, 705, 706, 707, 708, 709, 710, 711, 712, 713, 714, 715, 716, 717, 718, 719, 720, 721, 722, 723, 724, 725, 726, 727, 728, 729, 730, 731, 732, 733, 734, 735, 736, 737, 738, 739, 740, 741, 742, 743, 744, 745, 746, 747, 748, 749, 750, 751, 752, 753, 754, 755, 756, 757, 758, 759, 760, 761, 762, 763, 764, 765, 766, 767, 768, 769, 770, 771, 772, 773, 774, 775, 776, 777, 778, 779, 780, 781, 782, 783, 784, 785, 786, 787, 788, 789, 790, 791, 792, 793]","[175, 283, 646, 742]",[],"[196, 264, 667, 724]","[103, 104, 105, 106, 107, 108, 109, 110, 111, 112, 113, 114, 115, 116, 117, 118, 119, 120, 121, 122, 123, 124, 125, 126, 127, 128, 129, 130, 131, 132, 133, 134, 135, 136, 137, 138, 139, 140, 141, 142, 143, 144, 145, 146, 147, 148, 149, 150, 151, 152, 153, 154, 155, 156, 157, 158, 159, 160, 161, 162, 163, 164, 165, 166, 167, 168, 169, 170, 171, 172, 173, 174, 175, 176, 177, 178, 179, 180, 181, 182, 183, 184, 185, 186, 187, 188, 189, 190, 191, 192, 193, 194, 195, 196, 197, 198, 199, 200, 201, 202, 203, 204, 205, 206, 207, 208, 209, 210, 211, 212, 213, 214, 215, 216, 217, 218, 219, 220, 221, 222, 223, 224, 225, 226, 227, 228, 229, 230, 231, 232, 233, 234, 235, 236, 237, 238, 239, 240, 241, 242, 243, 244, 245, 246, 247, 248, 249, 250, 251, 252, 253, 254, 255, 256, 257, 258, 259, 260, 261, 262, 263, 264, 265, 266, 267, 268, 269, 270, 271, 272, 273, 274, 275, 276, 277, 278, 279, 280, 281, 282, 283, 284, 285, 286, 287, 288, 289, 290, 291, 292, 293, 294, 295, 296, 297, 298, 299, 300, 301, 302, 303, 304, 305, 306, 307, 308, 309, 310, 311, 312, 313, 314, 315, 316, 317, 318, 319, 320, 321, 322, 323, 324, 325, 326, 327, 328, 329, 330, 331, 332, 333, 334, 335, 336, 337, 574, 575, 576, 577, 578, 579, 580, 581, 582, 583, 584, 585, 586, 587, 588, 589, 590, 591, 592, 593, 594, 595, 596, 597, 598, 599, 600, 601, 602, 603, 604, 605, 606, 607, 608, 609, 610, 611, 612, 613, 614, 615, 616, 617, 618, 619, 620, 621, 622, 623, 624, 625, 626, 627, 628, 629, 630, 631, 632, 633, 634, 635, 636, 637, 638, 639, 640, 641, 642, 643, 644, 645, 646, 647, 648, 649, 650, 651, 652, 653, 654, 655, 656, 657, 658, 659, 660, 661, 662, 663, 664, 665, 666, 667, 668, 669, 670, 671, 672, 673, 674, 675, 676, 677, 678, 679, 680, 681, 682, 683, 684, 685, 686, 687, 688, 689, 690, 691, 692, 693, 694, 695, 696, 697, 698, 699, 700, 701, 702, 703, 704, 705, 706, 707, 708, 709, 710, 711, 712, 713, 714, 715, 716, 717, 718, 719, 720, 721, 722, 723, 724, 725, 726, 727, 728, 729, 730, 731, 732, 733, 734, 735, 736, 737, 738, 739, 740, 741, 742, 743, 744, 745, 746, 747, 748, 749, 750, 751, 752, 753, 754, 755, 756, 757, 758, 759, 760, 761, 762, 763, 764, 765, 766, 767, 768, 769, 770, 771, 772, 773, 774, 775, 776, 777, 778, 779, 780, 781, 782, 783, 784, 785, 786, 787, 788, 789, 790, 791, 792, 793]",False,"[262, 722]","[103, 104, 105, 106, 107, 108, 109, 110, 111, 112, 113, 114, 115, 116, 117, 118, 119, 120, 121, 122, 123, 124, 125, 126, 127, 128, 129, 130, 131, 132, 133, 134, 135, 136, 137, 138, 139, 140, 141, 142, 143, 144, 145, 146, 147, 148, 149, 150, 151, 152, 153, 154, 155, 156, 157, 158, 159, 160, 161, 162, 163, 164, 165, 166, 167, 168, 169, 170, 171, 172, 173, 174, 175, 176, 177, 178, 179, 180, 181, 182, 183, 184, 185, 186, 187, 188, 189, 190, 191, 192, 193, 194, 195, 196, 197, 198, 199, 200, 201, 202, 203, 204, 205, 206, 207, 208, 209, 210, 211, 212, 213, 214, 215, 216, 217, 218, 219, 220, 221, 222, 223, 224, 225, 226, 227, 228, 229, 230, 231, 232, 233, 234, 235, 236, 237, 238, 239, 240, 241, 242, 243, 244, 245, 246, 247, 248, 249, 250, 251, 252, 253, 254, 255, 256, 257, 258, 259, 260, 261, 262, 263, 264, 265, 266, 267, 268, 269, 270, 271, 272, 273, 274, 275, 276, 277, 278, 279, 280, 281, 282, 283, 284, 285, 286, 287, 288, 289, 290, 291, 292, 293, 294, 295, 296, 297, 298, 299, 300, 301, 302, 303, 304, 305, 306, 307, 308, 309, 310, 311, 312, 313, 314, 315, 316, 317, 318, 319, 320, 321, 322, 323, 324, 325, 326, 327, 328, 329, 330, 331, 332, 333, 334, 335, 336, 337, 574, 575, 576, 577, 578, 579, 580, 581, 582, 583, 584, 585, 586, 587, 588, 589, 590, 591, 592, 593, 594, 595, 596, 597, 598, 599, 600, 601, 602, 603, 604, 605, 606, 607, 608, 609, 610, 611, 612, 613, 614, 615, 616, 617, 618, 619, 620, 621, 622, 623, 624, 625, 626, 627, 628, 629, 630, 631, 632, 633, 634, 635, 636, 637, 638, 639, 640, 641, 642, 643, 644, 645, 646, 647, 648, 649, 650, 651, 652, 653, 654, 655, 656, 657, 658, 659, 660, 661, 662, 663, 664, 665, 666, 667, 668, 669, 670, 671, 672, 673, 674, 675, 676, 677, 678, 679, 680, 681, 682, 683, 684, 685, 686, 687, 688, 689, 690, 691, 692, 693, 694, 695, 696, 697, 698, 699, 700, 701, 702, 703, 704, 705, 706, 707, 708, 709, 710, 711, 712, 713, 714, 715, 716, 717, 718, 719, 720, 721, 722, 723, 724, 725, 726, 727, 728, 729, 730, 731, 732, 733, 734, 735, 736, 737, 738, 739, 740, 741, 742, 743, 744, 745, 746, 747, 748, 749, 750, 751, 752, 753, 754, 755, 756, 757, 758, 759, 760, 761, 762, 763, 764, 765, 766, 767, 768, 769, 770, 771, 772, 773, 774, 775, 776, 777, 778, 779, 780, 781, 782, 783, 784, 785, 786, 787, 788, 789, 790, 791, 792, 793]",[],"[300, 330, 759, 787]","[175, 283, 646, 742]","[196, 264, 667, 724]",[],4/6 successful match,False,,False,791,False,,,,,
"E Fremont , 94538 Bayside Properties ( CFN )",510-498-8741 I-880 Ex 15 ( Auto Mall Pkwy W to Boyce,) 24 <U+2610> 000 000,Fremont,94538,Bayside Properties ( CFN ),510-498-8741,2007,Fremont,CA,,( Auto Mall Pkwy W to Boyce,I-880 Ex 15 ,Exit,15,False,,False,I-880,,,,,[],"[262, 722]",[],"[300, 330, 759, 787]","[103, 104, 105, 106, 107, 108, 109, 110, 111, 112, 113, 114, 115, 116, 117, 118, 119, 120, 121, 122, 123, 124, 125, 126, 127, 128, 129, 130, 131, 132, 133, 134, 135, 136, 137, 138, 139, 140, 141, 142, 143, 144, 145, 146, 147, 148, 149, 150, 151, 152, 153, 154, 155, 156, 157, 158, 159, 160, 161, 162, 163, 164, 165, 166, 167, 168, 169, 170, 171, 172, 173, 174, 175, 176, 177, 178, 179, 180, 181, 182, 183, 184, 185, 186, 187, 188, 189, 190, 191, 192, 193, 194, 195, 196, 197, 198, 199, 200, 201, 202, 203, 204, 205, 206, 207, 208, 209, 210, 211, 212, 213, 214, 215, 216, 217, 218, 219, 220, 221, 222, 223, 224, 225, 226, 227, 228, 229, 230, 231, 232, 233, 234, 235, 236, 237, 238, 239, 240, 241, 242, 243, 244, 245, 246, 247, 248, 249, 250, 251, 252, 253, 254, 255, 256, 257, 258, 259, 260, 261, 262, 263, 264, 265, 266, 267, 268, 269, 270, 271, 272, 273, 274, 275, 276, 277, 278, 279, 280, 281, 282, 283, 284, 285, 286, 287, 288, 289, 290, 291, 292, 293, 294, 295, 296, 297, 298, 299, 300, 301, 302, 303, 304, 305, 306, 307, 308, 309, 310, 311, 312, 313, 314, 315, 316, 317, 318, 319, 320, 321, 322, 323, 324, 325, 326, 327, 328, 329, 330, 331, 332, 333, 334, 335, 336, 337, 574, 575, 576, 577, 578, 579, 580, 581, 582, 583, 584, 585, 586, 587, 588, 589, 590, 591, 592, 593, 594, 595, 596, 597, 598, 599, 600, 601, 602, 603, 604, 605, 606, 607, 608, 609, 610, 611, 612, 613, 614, 615, 616, 617, 618, 619, 620, 621, 622, 623, 624, 625, 626, 627, 628, 629, 630, 631, 632, 633, 634, 635, 636, 637, 638, 639, 640, 641, 642, 643, 644, 645, 646, 647, 648, 649, 650, 651, 652, 653, 654, 655, 656, 657, 658, 659, 660, 661, 662, 663, 664, 665, 666, 667, 668, 669, 670, 671, 672, 673, 674, 675, 676, 677, 678, 679, 680, 681, 682, 683, 684, 685, 686, 687, 688, 689, 690, 691, 692, 693, 694, 695, 696, 697, 698, 699, 700, 701, 702, 703, 704, 705, 706, 707, 708, 709, 710, 711, 712, 713, 714, 715, 716, 717, 718, 719, 720, 721, 722, 723, 724, 725, 726, 727, 728, 729, 730, 731, 732, 733, 734, 735, 736, 737, 738, 739, 740, 741, 742, 743, 744, 745, 746, 747, 748, 749, 750, 751, 752, 753, 754, 755, 756, 757, 758, 759, 760, 761, 762, 763, 764, 765, 766, 767, 768, 769, 770, 771, 772, 773, 774, 775, 776, 777, 778, 779, 780, 781, 782, 783, 784, 785, 786, 787, 788, 789, 790, 791, 792, 793]","[175, 283, 646, 742]",[],"[196, 264, 667, 724]","[103, 104, 105, 106, 107, 108, 109, 110, 111, 112, 113, 114, 115, 116, 117, 118, 119, 120, 121, 122, 123, 124, 125, 126, 127, 128, 129, 130, 131, 132, 133, 134, 135, 136, 137, 138, 139, 140, 141, 142, 143, 144, 145, 146, 147, 148, 149, 150, 151, 152, 153, 154, 155, 156, 157, 158, 159, 160, 161, 162, 163, 164, 165, 166, 167, 168, 169, 170, 171, 172, 173, 174, 175, 176, 177, 178, 179, 180, 181, 182, 183, 184, 185, 186, 187, 188, 189, 190, 191, 192, 193, 194, 195, 196, 197, 198, 199, 200, 201, 202, 203, 204, 205, 206, 207, 208, 209, 210, 211, 212, 213, 214, 215, 216, 217, 218, 219, 220, 221, 222, 223, 224, 225, 226, 227, 228, 229, 230, 231, 232, 233, 234, 235, 236, 237, 238, 239, 240, 241, 242, 243, 244, 245, 246, 247, 248, 249, 250, 251, 252, 253, 254, 255, 256, 257, 258, 259, 260, 261, 262, 263, 264, 265, 266, 267, 268, 269, 270, 271, 272, 273, 274, 275, 276, 277, 278, 279, 280, 281, 282, 283, 284, 285, 286, 287, 288, 289, 290, 291, 292, 293, 294, 295, 296, 297, 298, 299, 300, 301, 302, 303, 304, 305, 306, 307, 308, 309, 310, 311, 312, 313, 314, 315, 316, 317, 318, 319, 320, 321, 322, 323, 324, 325, 326, 327, 328, 329, 330, 331, 332, 333, 334, 335, 336, 337, 574, 575, 576, 577, 578, 579, 580, 581, 582, 583, 584, 585, 586, 587, 588, 589, 590, 591, 592, 593, 594, 595, 596, 597, 598, 599, 600, 601, 602, 603, 604, 605, 606, 607, 608, 609, 610, 611, 612, 613, 614, 615, 616, 617, 618, 619, 620, 621, 622, 623, 624, 625, 626, 627, 628, 629, 630, 631, 632, 633, 634, 635, 636, 637, 638, 639, 640, 641, 642, 643, 644, 645, 646, 647, 648, 649, 650, 651, 652, 653, 654, 655, 656, 657, 658, 659, 660, 661, 662, 663, 664, 665, 666, 667, 668, 669, 670, 671, 672, 673, 674, 675, 676, 677, 678, 679, 680, 681, 682, 683, 684, 685, 686, 687, 688, 689, 690, 691, 692, 693, 694, 695, 696, 697, 698, 699, 700, 701, 702, 703, 704, 705, 706, 707, 708, 709, 710, 711, 712, 713, 714, 715, 716, 717, 718, 719, 720, 721, 722, 723, 724, 725, 726, 727, 728, 729, 730, 731, 732, 733, 734, 735, 736, 737, 738, 739, 740, 741, 742, 743, 744, 745, 746, 747, 748, 749, 750, 751, 752, 753, 754, 755, 756, 757, 758, 759, 760, 761, 762, 763, 764, 765, 766, 767, 768, 769, 770, 771, 772, 773, 774, 775, 776, 777, 778, 779, 780, 781, 782, 783, 784, 785, 786, 787, 788, 789, 790, 791, 792, 793]",False,"[262, 722]","[103, 104, 105, 106, 107, 108, 109, 110, 111, 112, 113, 114, 115, 116, 117, 118, 119, 120, 121, 122, 123, 124, 125, 126, 127, 128, 129, 130, 131, 132, 133, 134, 135, 136, 137, 138, 139, 140, 141, 142, 143, 144, 145, 146, 147, 148, 149, 150, 151, 152, 153, 154, 155, 156, 157, 158, 159, 160, 161, 162, 163, 164, 165, 166, 167, 168, 169, 170, 171, 172, 173, 174, 175, 176, 177, 178, 179, 180, 181, 182, 183, 184, 185, 186, 187, 188, 189, 190, 191, 192, 193, 194, 195, 196, 197, 198, 199, 200, 201, 202, 203, 204, 205, 206, 207, 208, 209, 210, 211, 212, 213, 214, 215, 216, 217, 218, 219, 220, 221, 222, 223, 224, 225, 226, 227, 228, 229, 230, 231, 232, 233, 234, 235, 236, 237, 238, 239, 240, 241, 242, 243, 244, 245, 246, 247, 248, 249, 250, 251, 252, 253, 254, 255, 256, 257, 258, 259, 260, 261, 262, 263, 264, 265, 266, 267, 268, 269, 270, 271, 272, 273, 274, 275, 276, 277, 278, 279, 280, 281, 282, 283, 284, 285, 286, 287, 288, 289, 290, 291, 292, 293, 294, 295, 296, 297, 298, 299, 300, 301, 302, 303, 304, 305, 306, 307, 308, 309, 310, 311, 312, 313, 314, 315, 316, 317, 318, 319, 320, 321, 322, 323, 324, 325, 326, 327, 328, 329, 330, 331, 332, 333, 334, 335, 336, 337, 574, 575, 576, 577, 578, 579, 580, 581, 582, 583, 584, 585, 586, 587, 588, 589, 590, 591, 592, 593, 594, 595, 596, 597, 598, 599, 600, 601, 602, 603, 604, 605, 606, 607, 608, 609, 610, 611, 612, 613, 614, 615, 616, 617, 618, 619, 620, 621, 622, 623, 624, 625, 626, 627, 628, 629, 630, 631, 632, 633, 634, 635, 636, 637, 638, 639, 640, 641, 642, 643, 644, 645, 646, 647, 648, 649, 650, 651, 652, 653, 654, 655, 656, 657, 658, 659, 660, 661, 662, 663, 664, 665, 666, 667, 668, 669, 670, 671, 672, 673, 674, 675, 676, 677, 678, 679, 680, 681, 682, 683, 684, 685, 686, 687, 688, 689, 690, 691, 692, 693, 694, 695, 696, 697, 698, 699, 700, 701, 702, 703, 704, 705, 706, 707, 708, 709, 710, 711, 712, 713, 714, 715, 716, 717, 718, 719, 720, 721, 722, 723, 724, 725, 726, 727, 728, 729, 730, 731, 732, 733, 734, 735, 736, 737, 738, 739, 740, 741, 742, 743, 744, 745, 746, 747, 748, 749, 750, 751, 752, 753, 754, 755, 756, 757, 758, 759, 760, 761, 762, 763, 764, 765, 766, 767, 768, 769, 770, 771, 772, 773, 774, 775, 776, 777, 778, 779, 780, 781, 782, 783, 784, 785, 786, 787, 788, 789, 790, 791, 792, 793]",[],"[300, 330, 759, 787]","[175, 283, 646, 742]","[196, 264, 667, 724]",[],4/6 successful match,False,,False,791,False,,1.0,True,Bayside Properties ( CFN ),
"E Fremont , 94538 Bayside Properties ( CFN )",2 510-498-8741 I-880 Ex 15 ( Auto Mall Pkwy W to Boyce ),) 24 RS <U+2610> <U+2610>,Fremont,94538,Bayside Properties ( CFN ),510-498-8741,2008,Fremont,CA,,( Auto Mall Pkwy W to Boyce ),I-880 Ex 15 ,Exit,15,False,,False,I-880,,,,,[],"[262, 722]",[],"[300, 330, 759, 787]","[103, 104, 105, 106, 107, 108, 109, 110, 111, 112, 113, 114, 115, 116, 117, 118, 119, 120, 121, 122, 123, 124, 125, 126, 127, 128, 129, 130, 131, 132, 133, 134, 135, 136, 137, 138, 139, 140, 141, 142, 143, 144, 145, 146, 147, 148, 149, 150, 151, 152, 153, 154, 155, 156, 157, 158, 159, 160, 161, 162, 163, 164, 165, 166, 167, 168, 169, 170, 171, 172, 173, 174, 175, 176, 177, 178, 179, 180, 181, 182, 183, 184, 185, 186, 187, 188, 189, 190, 191, 192, 193, 194, 195, 196, 197, 198, 199, 200, 201, 202, 203, 204, 205, 206, 207, 208, 209, 210, 211, 212, 213, 214, 215, 216, 217, 218, 219, 220, 221, 222, 223, 224, 225, 226, 227, 228, 229, 230, 231, 232, 233, 234, 235, 236, 237, 238, 239, 240, 241, 242, 243, 244, 245, 246, 247, 248, 249, 250, 251, 252, 253, 254, 255, 256, 257, 258, 259, 260, 261, 262, 263, 264, 265, 266, 267, 268, 269, 270, 271, 272, 273, 274, 275, 276, 277, 278, 279, 280, 281, 282, 283, 284, 285, 286, 287, 288, 289, 290, 291, 292, 293, 294, 295, 296, 297, 298, 299, 300, 301, 302, 303, 304, 305, 306, 307, 308, 309, 310, 311, 312, 313, 314, 315, 316, 317, 318, 319, 320, 321, 322, 323, 324, 325, 326, 327, 328, 329, 330, 331, 332, 333, 334, 335, 336, 337, 574, 575, 576, 577, 578, 579, 580, 581, 582, 583, 584, 585, 586, 587, 588, 589, 590, 591, 592, 593, 594, 595, 596, 597, 598, 599, 600, 601, 602, 603, 604, 605, 606, 607, 608, 609, 610, 611, 612, 613, 614, 615, 616, 617, 618, 619, 620, 621, 622, 623, 624, 625, 626, 627, 628, 629, 630, 631, 632, 633, 634, 635, 636, 637, 638, 639, 640, 641, 642, 643, 644, 645, 646, 647, 648, 649, 650, 651, 652, 653, 654, 655, 656, 657, 658, 659, 660, 661, 662, 663, 664, 665, 666, 667, 668, 669, 670, 671, 672, 673, 674, 675, 676, 677, 678, 679, 680, 681, 682, 683, 684, 685, 686, 687, 688, 689, 690, 691, 692, 693, 694, 695, 696, 697, 698, 699, 700, 701, 702, 703, 704, 705, 706, 707, 708, 709, 710, 711, 712, 713, 714, 715, 716, 717, 718, 719, 720, 721, 722, 723, 724, 725, 726, 727, 728, 729, 730, 731, 732, 733, 734, 735, 736, 737, 738, 739, 740, 741, 742, 743, 744, 745, 746, 747, 748, 749, 750, 751, 752, 753, 754, 755, 756, 757, 758, 759, 760, 761, 762, 763, 764, 765, 766, 767, 768, 769, 770, 771, 772, 773, 774, 775, 776, 777, 778, 779, 780, 781, 782, 783, 784, 785, 786, 787, 788, 789, 790, 791, 792, 793]","[175, 283, 646, 742]",[],"[196, 264, 667, 724]","[103, 104, 105, 106, 107, 108, 109, 110, 111, 112, 113, 114, 115, 116, 117, 118, 119, 120, 121, 122, 123, 124, 125, 126, 127, 128, 129, 130, 131, 132, 133, 134, 135, 136, 137, 138, 139, 140, 141, 142, 143, 144, 145, 146, 147, 148, 149, 150, 151, 152, 153, 154, 155, 156, 157, 158, 159, 160, 161, 162, 163, 164, 165, 166, 167, 168, 169, 170, 171, 172, 173, 174, 175, 176, 177, 178, 179, 180, 181, 182, 183, 184, 185, 186, 187, 188, 189, 190, 191, 192, 193, 194, 195, 196, 197, 198, 199, 200, 201, 202, 203, 204, 205, 206, 207, 208, 209, 210, 211, 212, 213, 214, 215, 216, 217, 218, 219, 220, 221, 222, 223, 224, 225, 226, 227, 228, 229, 230, 231, 232, 233, 234, 235, 236, 237, 238, 239, 240, 241, 242, 243, 244, 245, 246, 247, 248, 249, 250, 251, 252, 253, 254, 255, 256, 257, 258, 259, 260, 261, 262, 263, 264, 265, 266, 267, 268, 269, 270, 271, 272, 273, 274, 275, 276, 277, 278, 279, 280, 281, 282, 283, 284, 285, 286, 287, 288, 289, 290, 291, 292, 293, 294, 295, 296, 297, 298, 299, 300, 301, 302, 303, 304, 305, 306, 307, 308, 309, 310, 311, 312, 313, 314, 315, 316, 317, 318, 319, 320, 321, 322, 323, 324, 325, 326, 327, 328, 329, 330, 331, 332, 333, 334, 335, 336, 337, 574, 575, 576, 577, 578, 579, 580, 581, 582, 583, 584, 585, 586, 587, 588, 589, 590, 591, 592, 593, 594, 595, 596, 597, 598, 599, 600, 601, 602, 603, 604, 605, 606, 607, 608, 609, 610, 611, 612, 613, 614, 615, 616, 617, 618, 619, 620, 621, 622, 623, 624, 625, 626, 627, 628, 629, 630, 631, 632, 633, 634, 635, 636, 637, 638, 639, 640, 641, 642, 643, 644, 645, 646, 647, 648, 649, 650, 651, 652, 653, 654, 655, 656, 657, 658, 659, 660, 661, 662, 663, 664, 665, 666, 667, 668, 669, 670, 671, 672, 673, 674, 675, 676, 677, 678, 679, 680, 681, 682, 683, 684, 685, 686, 687, 688, 689, 690, 691, 692, 693, 694, 695, 696, 697, 698, 699, 700, 701, 702, 703, 704, 705, 706, 707, 708, 709, 710, 711, 712, 713, 714, 715, 716, 717, 718, 719, 720, 721, 722, 723, 724, 725, 726, 727, 728, 729, 730, 731, 732, 733, 734, 735, 736, 737, 738, 739, 740, 741, 742, 743, 744, 745, 746, 747, 748, 749, 750, 751, 752, 753, 754, 755, 756, 757, 758, 759, 760, 761, 762, 763, 764, 765, 766, 767, 768, 769, 770, 771, 772, 773, 774, 775, 776, 777, 778, 779, 780, 781, 782, 783, 784, 785, 786, 787, 788, 789, 790, 791, 792, 793]",False,"[262, 722]","[103, 104, 105, 106, 107, 108, 109, 110, 111, 112, 113, 114, 115, 116, 117, 118, 119, 120, 121, 122, 123, 124, 125, 126, 127, 128, 129, 130, 131, 132, 133, 134, 135, 136, 137, 138, 139, 140, 141, 142, 143, 144, 145, 146, 147, 148, 149, 150, 151, 152, 153, 154, 155, 156, 157, 158, 159, 160, 161, 162, 163, 164, 165, 166, 167, 168, 169, 170, 171, 172, 173, 174, 175, 176, 177, 178, 179, 180, 181, 182, 183, 184, 185, 186, 187, 188, 189, 190, 191, 192, 193, 194, 195, 196, 197, 198, 199, 200, 201, 202, 203, 204, 205, 206, 207, 208, 209, 210, 211, 212, 213, 214, 215, 216, 217, 218, 219, 220, 221, 222, 223, 224, 225, 226, 227, 228, 229, 230, 231, 232, 233, 234, 235, 236, 237, 238, 239, 240, 241, 242, 243, 244, 245, 246, 247, 248, 249, 250, 251, 252, 253, 254, 255, 256, 257, 258, 259, 260, 261, 262, 263, 264, 265, 266, 267, 268, 269, 270, 271, 272, 273, 274, 275, 276, 277, 278, 279, 280, 281, 282, 283, 284, 285, 286, 287, 288, 289, 290, 291, 292, 293, 294, 295, 296, 297, 298, 299, 300, 301, 302, 303, 304, 305, 306, 307, 308, 309, 310, 311, 312, 313, 314, 315, 316, 317, 318, 319, 320, 321, 322, 323, 324, 325, 326, 327, 328, 329, 330, 331, 332, 333, 334, 335, 336, 337, 574, 575, 576, 577, 578, 579, 580, 581, 582, 583, 584, 585, 586, 587, 588, 589, 590, 591, 592, 593, 594, 595, 596, 597, 598, 599, 600, 601, 602, 603, 604, 605, 606, 607, 608, 609, 610, 611, 612, 613, 614, 615, 616, 617, 618, 619, 620, 621, 622, 623, 624, 625, 626, 627, 628, 629, 630, 631, 632, 633, 634, 635, 636, 637, 638, 639, 640, 641, 642, 643, 644, 645, 646, 647, 648, 649, 650, 651, 652, 653, 654, 655, 656, 657, 658, 659, 660, 661, 662, 663, 664, 665, 666, 667, 668, 669, 670, 671, 672, 673, 674, 675, 676, 677, 678, 679, 680, 681, 682, 683, 684, 685, 686, 687, 688, 689, 690, 691, 692, 693, 694, 695, 696, 697, 698, 699, 700, 701, 702, 703, 704, 705, 706, 707, 708, 709, 710, 711, 712, 713, 714, 715, 716, 717, 718, 719, 720, 721, 722, 723, 724, 725, 726, 727, 728, 729, 730, 731, 732, 733, 734, 735, 736, 737, 738, 739, 740, 741, 742, 743, 744, 745, 746, 747, 748, 749, 750, 751, 752, 753, 754, 755, 756, 757, 758, 759, 760, 761, 762, 763, 764, 765, 766, 767, 768, 769, 770, 771, 772, 773, 774, 775, 776, 777, 778, 779, 780, 781, 782, 783, 784, 785, 786, 787, 788, 789, 790, 791, 792, 793]",[],"[300, 330, 759, 787]","[175, 283, 646, 742]","[196, 264, 667, 724]",[],4/6 successful match,False,,False,791,False,,1.0,True,Bayside Properties ( CFN ),
"Livermore , 94550 Geno's Country Store ( Shell )",925-449-3838 I-580 Exit 55 ( Vasco Rd ),M <U+2610>,Livermore,94550,Geno's Country Store ( Shell ),925-449-3838,2006,Livermore,CA,Shell,( Vasco Rd ),I-580 Exit 55 ,Exit,55,False,,False,I-580,,,,,[],[],[],[],"[103, 104, 105, 106, 107, 108, 109, 110, 111, 112, 113, 114, 115, 116, 117, 118, 119, 120, 121, 122, 123, 124, 125, 126, 127, 128, 129, 130, 131, 132, 133, 134, 135, 136, 137, 138, 139, 140, 141, 142, 143, 144, 145, 146, 147, 148, 149, 150, 151, 152, 153, 154, 155, 156, 157, 158, 159, 160, 161, 162, 163, 164, 165, 166, 167, 168, 169, 170, 171, 172, 173, 174, 175, 176, 177, 178, 179, 180, 181, 182, 183, 184, 185, 186, 187, 188, 189, 190, 191, 192, 193, 194, 195, 196, 197, 198, 199, 200, 201, 202, 203, 204, 205, 206, 207, 208, 209, 210, 211, 212, 213, 214, 215, 216, 217, 218, 219, 220, 221, 222, 223, 224, 225, 226, 227, 228, 229, 230, 231, 232, 233, 234, 235, 236, 237, 238, 239, 240, 241, 242, 243, 244, 245, 246, 247, 248, 249, 250, 251, 252, 253, 254, 255, 256, 257, 258, 259, 260, 261, 262, 263, 264, 265, 266, 267, 268, 269, 270, 271, 272, 273, 274, 275, 276, 277, 278, 279, 280, 281, 282, 283, 284, 285, 286, 287, 288, 289, 290, 291, 292, 293, 294, 295, 296, 297, 298, 299, 300, 301, 302, 303, 304, 305, 306, 307, 308, 309, 310, 311, 312, 313, 314, 315, 316, 317, 318, 319, 320, 321, 322, 323, 324, 325, 326, 327, 328, 329, 330, 331, 332, 333, 334, 335, 336, 337, 574, 575, 576, 577, 578, 579, 580, 581, 582, 583, 584, 585, 586, 587, 588, 589, 590, 591, 592, 593, 594, 595, 596, 597, 598, 599, 600, 601, 602, 603, 604, 605, 606, 607, 608, 609, 610, 611, 612, 613, 614, 615, 616, 617, 618, 619, 620, 621, 622, 623, 624, 625, 626, 627, 628, 629, 630, 631, 632, 633, 634, 635, 636, 637, 638, 639, 640, 641, 642, 643, 644, 645, 646, 647, 648, 649, 650, 651, 652, 653, 654, 655, 656, 657, 658, 659, 660, 661, 662, 663, 664, 665, 666, 667, 668, 669, 670, 671, 672, 673, 674, 675, 676, 677, 678, 679, 680, 681, 682, 683, 684, 685, 686, 687, 688, 689, 690, 691, 692, 693, 694, 695, 696, 697, 698, 699, 700, 701, 702, 703, 704, 705, 706, 707, 708, 709, 710, 711, 712, 713, 714, 715, 716, 717, 718, 719, 720, 721, 722, 723, 724, 725, 726, 727, 728, 729, 730, 731, 732, 733, 734, 735, 736, 737, 738, 739, 740, 741, 742, 743, 744, 745, 746, 747, 748, 749, 750, 751, 752, 753, 754, 755, 756, 757, 758, 759, 760, 761, 762, 763, 764, 765, 766, 767, 768, 769, 770, 771, 772, 773, 774, 775, 776, 777, 778, 779, 780, 781, 782, 783, 784, 785, 786, 787, 788, 789, 790, 791, 792, 793]","[144, 263, 276, 615, 723, 735]","[1, 13, 14, 29, 54, 55, 56, 57, 58, 60, 102, 118, 125, 127, 130, 134, 146, 149, 153, 175, 182, 187, 189, 191, 197, 225, 230, 238, 264, 265, 266, 286, 302, 317, 336, 379, 388, 389, 425, 454, 458, 463, 475, 487, 498, 499, 512, 530, 531, 532, 533, 534, 536, 573, 589, 596, 598, 601, 605, 617, 620, 624, 646, 653, 658, 660, 662, 668, 689, 694, 702, 724, 725, 745, 760, 775, 793, 829, 838, 839, 877, 901, 903, 905, 910, 923]","[1, 13, 14, 29, 54, 55, 56, 57, 58, 60, 102, 118, 125, 127, 130, 134, 146, 149, 153, 175, 182, 187, 189, 191, 197, 225, 230, 238, 264, 265, 266, 286, 302, 317, 336, 354, 379, 388, 389, 425, 454, 458, 463, 475, 487, 498, 499, 512, 530, 531, 532, 533, 534, 536, 573, 589, 596, 598, 601, 605, 617, 620, 624, 646, 653, 658, 660, 662, 668, 689, 694, 702, 724, 725, 745, 760, 775, 793, 809, 829, 838, 839, 877, 901, 903, 905, 910, 923]","[1, 13, 14, 29, 54, 55, 56, 57, 58, 60, 102, 103, 104, 105, 106, 107, 108, 109, 110, 111, 112, 113, 114, 115, 116, 117, 118, 119, 120, 121, 122, 123, 124, 125, 126, 127, 128, 129, 130, 131, 132, 133, 134, 135, 136, 137, 138, 139, 140, 141, 142, 143, 144, 145, 146, 147, 148, 149, 150, 151, 152, 153, 154, 155, 156, 157, 158, 159, 160, 161, 162, 163, 164, 165, 166, 167, 168, 169, 170, 171, 172, 173, 174, 175, 176, 177, 178, 179, 180, 181, 182, 183, 184, 185, 186, 187, 188, 189, 190, 191, 192, 193, 194, 195, 196, 197, 198, 199, 200, 201, 202, 203, 204, 205, 206, 207, 208, 209, 210, 211, 212, 213, 214, 215, 216, 217, 218, 219, 220, 221, 222, 223, 224, 225, 226, 227, 228, 229, 230, 231, 232, 233, 234, 235, 236, 237, 238, 239, 240, 241, 242, 243, 244, 245, 246, 247, 248, 249, 250, 251, 252, 253, 254, 255, 256, 257, 258, 259, 260, 261, 262, 263, 264, 265, 266, 267, 268, 269, 270, 271, 272, 273, 274, 275, 276, 277, 278, 279, 280, 281, 282, 283, 284, 285, 286, 287, 288, 289, 290, 291, 292, 293, 294, 295, 296, 297, 298, 299, 300, 301, 302, 303, 304, 305, 306, 307, 308, 309, 310, 311, 312, 313, 314, 315, 316, 317, 318, 319, 320, 321, 322, 323, 324, 325, 326, 327, 328, 329, 330, 331, 332, 333, 334, 335, 336, 337, 354, 379, 388, 389, 425, 454, 458, 463, 475, 487, 498, 499, 512, 530, 531, 532, 533, 534, 536, 573, 574, 575, 576, 577, 578, 579, 580, 581, 582, 583, 584, 585, 586, 587, 588, 589, 590, 591, 592, 593, 594, 595, 596, 597, 598, 599, 600, 601, 602, 603, 604, 605, 606, 607, 608, 609, 610, 611, 612, 613, 614, 615, 616, 617, 618, 619, 620, 621, 622, 623, 624, 625, 626, 627, 628, 629, 630, 631, 632, 633, 634, 635, 636, 637, 638, 639, 640, 641, 642, 643, 644, 645, 646, 647, 648, 649, 650, 651, 652, 653, 654, 655, 656, 657, 658, 659, 660, 661, 662, 663, 664, 665, 666, 667, 668, 669, 670, 671, 672, 673, 674, 675, 676, 677, 678, 679, 680, 681, 682, 683, 684, 685, 686, 687, 688, 689, 690, 691, 692, 693, 694, 695, 696, 697, 698, 699, 700, 701, 702, 703, 704, 705, 706, 707, 708, 709, 710, 711, 712, 713, 714, 715, 716, 717, 718, 719, 720, 721, 722, 723, 724, 725, 726, 727, 728, 729, 730, 731, 732, 733, 734, 735, 736, 737, 738, 739, 740, 741, 742, 743, 744, 745, 746, 747, 748, 749, 750, 751, 752, 753, 754, 755, 756, 757, 758, 759, 760, 761, 762, 763, 764, 765, 766, 767, 768, 769, 770, 771, 772, 773, 774, 775, 776, 777, 778, 779, 780, 781, 782, 783, 784, 785, 786, 787, 788, 789, 790, 791, 792, 793, 809, 829, 838, 839, 877, 901, 903, 905, 910, 923]",False,[],"[103, 104, 105, 106, 107, 108, 109, 110, 111, 112, 113, 114, 115, 116, 117, 118, 119, 120, 121, 122, 123, 124, 125, 126, 127, 128, 129, 130, 131, 132, 133, 134, 135, 136, 137, 138, 139, 140, 141, 142, 143, 144, 145, 146, 147, 148, 149, 150, 151, 152, 153, 154, 155, 156, 157, 158, 159, 160, 161, 162, 163, 164, 165, 166, 167, 168, 169, 170, 171, 172, 173, 174, 175, 176, 177, 178, 179, 180, 181, 182, 183, 184, 185, 186, 187, 188, 189, 190, 191, 192, 193, 194, 195, 196, 197, 198, 199, 200, 201, 202, 203, 204, 205, 206, 207, 208, 209, 210, 211, 212, 213, 214, 215, 216, 217, 218, 219, 220, 221, 222, 223, 224, 225, 226, 227, 228, 229, 230, 231, 232, 233, 234, 235, 236, 237, 238, 239, 240, 241, 242, 243, 244, 245, 246, 247, 248, 249, 250, 251, 252, 253, 254, 255, 256, 257, 258, 259, 260, 261, 262, 263, 264, 265, 266, 267, 268, 269, 270, 271, 272, 273, 274, 275, 276, 277, 278, 279, 280, 281, 282, 283, 284, 285, 286, 287, 288, 289, 290, 291, 292, 293, 294, 295, 296, 297, 298, 299, 300, 301, 302, 303, 304, 305, 306, 307, 308, 309, 310, 311, 312, 313, 314, 315, 316, 317, 318, 319, 320, 321, 322, 323, 324, 325, 326, 327, 328, 329, 330, 331, 332, 333, 334, 335, 336, 337, 574, 575, 576, 577, 578, 579, 580, 581, 582, 583, 584, 585, 586, 587, 588, 589, 590, 591, 592, 593, 594, 595, 596, 597, 598, 599, 600, 601, 602, 603, 604, 605, 606, 607, 608, 609, 610, 611, 612, 613, 614, 615, 616, 617, 618, 619, 620, 621, 622, 623, 624, 625, 626, 627, 628, 629, 630, 631, 632, 633, 634, 635, 636, 637, 638, 639, 640, 641, 642, 643, 644, 645, 646, 647, 648, 649, 650, 651, 652, 653, 654, 655, 656, 657, 658, 659, 660, 661, 662, 663, 664, 665, 666, 667, 668, 669, 670, 671, 672, 673, 674, 675, 676, 677, 678, 679, 680, 681, 682, 683, 684, 685, 686, 687, 688, 689, 690, 691, 692, 693, 694, 695, 696, 697, 698, 699, 700, 701, 702, 703, 704, 705, 706, 707, 708, 709, 710, 711, 712, 713, 714, 715, 716, 717, 718, 719, 720, 721, 722, 723, 724, 725, 726, 727, 728, 729, 730, 731, 732, 733, 734, 735, 736, 737, 738, 739, 740, 741, 742, 743, 744, 745, 746, 747, 748, 749, 750, 751, 752, 753, 754, 755, 756, 757, 758, 759, 760, 761, 762, 763, 764, 765, 766, 767, 768, 769, 770, 771, 772, 773, 774, 775, 776, 777, 778, 779, 780, 781, 782, 783, 784, 785, 786, 787, 788, 789, 790, 791, 792, 793]",[],[],"[144, 263, 276, 615, 723, 735]","[1, 13, 14, 29, 54, 55, 56, 57, 58, 60, 102, 118, 125, 127, 130, 134, 146, 149, 153, 175, 182, 187, 189, 191, 197, 225, 230, 238, 264, 265, 266, 286, 302, 317, 336, 354, 379, 388, 389, 425, 454, 458, 463, 475, 487, 498, 499, 512, 530, 531, 532, 533, 534, 536, 573, 589, 596, 598, 601, 605, 617, 620, 624, 646, 653, 658, 660, 662, 668, 689, 694, 702, 724, 725, 745, 760, 775, 793, 809, 829, 838, 839, 877, 901, 903, 905, 910, 923]","[1, 13, 14, 29, 54, 55, 56, 57, 58, 60, 102, 118, 125, 127, 130, 134, 146, 149, 153, 175, 182, 187, 189, 191, 197, 225, 230, 238, 264, 265, 266, 286, 302, 317, 336, 379, 388, 389, 425, 454, 458, 463, 475, 487, 498, 499, 512, 530, 531, 532, 533, 534, 536, 573, 589, 596, 598, 601, 605, 617, 620, 624, 646, 653, 658, 660, 662, 668, 689, 694, 702, 724, 725, 745, 760, 775, 793, 829, 838, 839, 877, 901, 903, 905, 910, 923]",5/6 successful match,False,,False,792,False,,,,,
"Livermore , 94550 Geno's Country Store ( Shell )",925-449-3838 I-580 Exit 55 ( Vasco Rd ),24 000,Livermore,94550,Geno's Country Store ( Shell ),925-449-3838,2007,Livermore,CA,Shell,( Vasco Rd ),I-580 Exit 55 ,Exit,55,False,,False,I-580,,,,,[],[],[],[],"[103, 104, 105, 106, 107, 108, 109, 110, 111, 112, 113, 114, 115, 116, 117, 118, 119, 120, 121, 122, 123, 124, 125, 126, 127, 128, 129, 130, 131, 132, 133, 134, 135, 136, 137, 138, 139, 140, 141, 142, 143, 144, 145, 146, 147, 148, 149, 150, 151, 152, 153, 154, 155, 156, 157, 158, 159, 160, 161, 162, 163, 164, 165, 166, 167, 168, 169, 170, 171, 172, 173, 174, 175, 176, 177, 178, 179, 180, 181, 182, 183, 184, 185, 186, 187, 188, 189, 190, 191, 192, 193, 194, 195, 196, 197, 198, 199, 200, 201, 202, 203, 204, 205, 206, 207, 208, 209, 210, 211, 212, 213, 214, 215, 216, 217, 218, 219, 220, 221, 222, 223, 224, 225, 226, 227, 228, 229, 230, 231, 232, 233, 234, 235, 236, 237, 238, 239, 240, 241, 242, 243, 244, 245, 246, 247, 248, 249, 250, 251, 252, 253, 254, 255, 256, 257, 258, 259, 260, 261, 262, 263, 264, 265, 266, 267, 268, 269, 270, 271, 272, 273, 274, 275, 276, 277, 278, 279, 280, 281, 282, 283, 284, 285, 286, 287, 288, 289, 290, 291, 292, 293, 294, 295, 296, 297, 298, 299, 300, 301, 302, 303, 304, 305, 306, 307, 308, 309, 310, 311, 312, 313, 314, 315, 316, 317, 318, 319, 320, 321, 322, 323, 324, 325, 326, 327, 328, 329, 330, 331, 332, 333, 334, 335, 336, 337, 574, 575, 576, 577, 578, 579, 580, 581, 582, 583, 584, 585, 586, 587, 588, 589, 590, 591, 592, 593, 594, 595, 596, 597, 598, 599, 600, 601, 602, 603, 604, 605, 606, 607, 608, 609, 610, 611, 612, 613, 614, 615, 616, 617, 618, 619, 620, 621, 622, 623, 624, 625, 626, 627, 628, 629, 630, 631, 632, 633, 634, 635, 636, 637, 638, 639, 640, 641, 642, 643, 644, 645, 646, 647, 648, 649, 650, 651, 652, 653, 654, 655, 656, 657, 658, 659, 660, 661, 662, 663, 664, 665, 666, 667, 668, 669, 670, 671, 672, 673, 674, 675, 676, 677, 678, 679, 680, 681, 682, 683, 684, 685, 686, 687, 688, 689, 690, 691, 692, 693, 694, 695, 696, 697, 698, 699, 700, 701, 702, 703, 704, 705, 706, 707, 708, 709, 710, 711, 712, 713, 714, 715, 716, 717, 718, 719, 720, 721, 722, 723, 724, 725, 726, 727, 728, 729, 730, 731, 732, 733, 734, 735, 736, 737, 738, 739, 740, 741, 742, 743, 744, 745, 746, 747, 748, 749, 750, 751, 752, 753, 754, 755, 756, 757, 758, 759, 760, 761, 762, 763, 764, 765, 766, 767, 768, 769, 770, 771, 772, 773, 774, 775, 776, 777, 778, 779, 780, 781, 782, 783, 784, 785, 786, 787, 788, 789, 790, 791, 792, 793]","[144, 263, 276, 615, 723, 735]","[1, 13, 14, 29, 54, 55, 56, 57, 58, 60, 102, 118, 125, 127, 130, 134, 146, 149, 153, 175, 182, 187, 189, 191, 197, 225, 230, 238, 264, 265, 266, 286, 302, 317, 336, 379, 388, 389, 425, 454, 458, 463, 475, 487, 498, 499, 512, 530, 531, 532, 533, 534, 536, 573, 589, 596, 598, 601, 605, 617, 620, 624, 646, 653, 658, 660, 662, 668, 689, 694, 702, 724, 725, 745, 760, 775, 793, 829, 838, 839, 877, 901, 903, 905, 910, 923]","[1, 13, 14, 29, 54, 55, 56, 57, 58, 60, 102, 118, 125, 127, 130, 134, 146, 149, 153, 175, 182, 187, 189, 191, 197, 225, 230, 238, 264, 265, 266, 286, 302, 317, 336, 354, 379, 388, 389, 425, 454, 458, 463, 475, 487, 498, 499, 512, 530, 531, 532, 533, 534, 536, 573, 589, 596, 598, 601, 605, 617, 620, 624, 646, 653, 658, 660, 662, 668, 689, 694, 702, 724, 725, 745, 760, 775, 793, 809, 829, 838, 839, 877, 901, 903, 905, 910, 923]","[1, 13, 14, 29, 54, 55, 56, 57, 58, 60, 102, 103, 104, 105, 106, 107, 108, 109, 110, 111, 112, 113, 114, 115, 116, 117, 118, 119, 120, 121, 122, 123, 124, 125, 126, 127, 128, 129, 130, 131, 132, 133, 134, 135, 136, 137, 138, 139, 140, 141, 142, 143, 144, 145, 146, 147, 148, 149, 150, 151, 152, 153, 154, 155, 156, 157, 158, 159, 160, 161, 162, 163, 164, 165, 166, 167, 168, 169, 170, 171, 172, 173, 174, 175, 176, 177, 178, 179, 180, 181, 182, 183, 184, 185, 186, 187, 188, 189, 190, 191, 192, 193, 194, 195, 196, 197, 198, 199, 200, 201, 202, 203, 204, 205, 206, 207, 208, 209, 210, 211, 212, 213, 214, 215, 216, 217, 218, 219, 220, 221, 222, 223, 224, 225, 226, 227, 228, 229, 230, 231, 232, 233, 234, 235, 236, 237, 238, 239, 240, 241, 242, 243, 244, 245, 246, 247, 248, 249, 250, 251, 252, 253, 254, 255, 256, 257, 258, 259, 260, 261, 262, 263, 264, 265, 266, 267, 268, 269, 270, 271, 272, 273, 274, 275, 276, 277, 278, 279, 280, 281, 282, 283, 284, 285, 286, 287, 288, 289, 290, 291, 292, 293, 294, 295, 296, 297, 298, 299, 300, 301, 302, 303, 304, 305, 306, 307, 308, 309, 310, 311, 312, 313, 314, 315, 316, 317, 318, 319, 320, 321, 322, 323, 324, 325, 326, 327, 328, 329, 330, 331, 332, 333, 334, 335, 336, 337, 354, 379, 388, 389, 425, 454, 458, 463, 475, 487, 498, 499, 512, 530, 531, 532, 533, 534, 536, 573, 574, 575, 576, 577, 578, 579, 580, 581, 582, 583, 584, 585, 586, 587, 588, 589, 590, 591, 592, 593, 594, 595, 596, 597, 598, 599, 600, 601, 602, 603, 604, 605, 606, 607, 608, 609, 610, 611, 612, 613, 614, 615, 616, 617, 618, 619, 620, 621, 622, 623, 624, 625, 626, 627, 628, 629, 630, 631, 632, 633, 634, 635, 636, 637, 638, 639, 640, 641, 642, 643, 644, 645, 646, 647, 648, 649, 650, 651, 652, 653, 654, 655, 656, 657, 658, 659, 660, 661, 662, 663, 664, 665, 666, 667, 668, 669, 670, 671, 672, 673, 674, 675, 676, 677, 678, 679, 680, 681, 682, 683, 684, 685, 686, 687, 688, 689, 690, 691, 692, 693, 694, 695, 696, 697, 698, 699, 700, 701, 702, 703, 704, 705, 706, 707, 708, 709, 710, 711, 712, 713, 714, 715, 716, 717, 718, 719, 720, 721, 722, 723, 724, 725, 726, 727, 728, 729, 730, 731, 732, 733, 734, 735, 736, 737, 738, 739, 740, 741, 742, 743, 744, 745, 746, 747, 748, 749, 750, 751, 752, 753, 754, 755, 756, 757, 758, 759, 760, 761, 762, 763, 764, 765, 766, 767, 768, 769, 770, 771, 772, 773, 774, 775, 776, 777, 778, 779, 780, 781, 782, 783, 784, 785, 786, 787, 788, 789, 790, 791, 792, 793, 809, 829, 838, 839, 877, 901, 903, 905, 910, 923]",False,[],"[103, 104, 105, 106, 107, 108, 109, 110, 111, 112, 113, 114, 115, 116, 117, 118, 119, 120, 121, 122, 123, 124, 125, 126, 127, 128, 129, 130, 131, 132, 133, 134, 135, 136, 137, 138, 139, 140, 141, 142, 143, 144, 145, 146, 147, 148, 149, 150, 151, 152, 153, 154, 155, 156, 157, 158, 159, 160, 161, 162, 163, 164, 165, 166, 167, 168, 169, 170, 171, 172, 173, 174, 175, 176, 177, 178, 179, 180, 181, 182, 183, 184, 185, 186, 187, 188, 189, 190, 191, 192, 193, 194, 195, 196, 197, 198, 199, 200, 201, 202, 203, 204, 205, 206, 207, 208, 209, 210, 211, 212, 213, 214, 215, 216, 217, 218, 219, 220, 221, 222, 223, 224, 225, 226, 227, 228, 229, 230, 231, 232, 233, 234, 235, 236, 237, 238, 239, 240, 241, 242, 243, 244, 245, 246, 247, 248, 249, 250, 251, 252, 253, 254, 255, 256, 257, 258, 259, 260, 261, 262, 263, 264, 265, 266, 267, 268, 269, 270, 271, 272, 273, 274, 275, 276, 277, 278, 279, 280, 281, 282, 283, 284, 285, 286, 287, 288, 289, 290, 291, 292, 293, 294, 295, 296, 297, 298, 299, 300, 301, 302, 303, 304, 305, 306, 307, 308, 309, 310, 311, 312, 313, 314, 315, 316, 317, 318, 319, 320, 321, 322, 323, 324, 325, 326, 327, 328, 329, 330, 331, 332, 333, 334, 335, 336, 337, 574, 575, 576, 577, 578, 579, 580, 581, 582, 583, 584, 585, 586, 587, 588, 589, 590, 591, 592, 593, 594, 595, 596, 597, 598, 599, 600, 601, 602, 603, 604, 605, 606, 607, 608, 609, 610, 611, 612, 613, 614, 615, 616, 617, 618, 619, 620, 621, 622, 623, 624, 625, 626, 627, 628, 629, 630, 631, 632, 633, 634, 635, 636, 637, 638, 639, 640, 641, 642, 643, 644, 645, 646, 647, 648, 649, 650, 651, 652, 653, 654, 655, 656, 657, 658, 659, 660, 661, 662, 663, 664, 665, 666, 667, 668, 669, 670, 671, 672, 673, 674, 675, 676, 677, 678, 679, 680, 681, 682, 683, 684, 685, 686, 687, 688, 689, 690, 691, 692, 693, 694, 695, 696, 697, 698, 699, 700, 701, 702, 703, 704, 705, 706, 707, 708, 709, 710, 711, 712, 713, 714, 715, 716, 717, 718, 719, 720, 721, 722, 723, 724, 725, 726, 727, 728, 729, 730, 731, 732, 733, 734, 735, 736, 737, 738, 739, 740, 741, 742, 743, 744, 745, 746, 747, 748, 749, 750, 751, 752, 753, 754, 755, 756, 757, 758, 759, 760, 761, 762, 763, 764, 765, 766, 767, 768, 769, 770, 771, 772, 773, 774, 775, 776, 777, 778, 779, 780, 781, 782, 783, 784, 785, 786, 787, 788, 789, 790, 791, 792, 793]",[],[],"[144, 263, 276, 615, 723, 735]","[1, 13, 14, 29, 54, 55, 56, 57, 58, 60, 102, 118, 125, 127, 130, 134, 146, 149, 153, 175, 182, 187, 189, 191, 197, 225, 230, 238, 264, 265, 266, 286, 302, 317, 336, 354, 379, 388, 389, 425, 454, 458, 463, 475, 487, 498, 499, 512, 530, 531, 532, 533, 534, 536, 573, 589, 596, 598, 601, 605, 617, 620, 624, 646, 653, 658, 660, 662, 668, 689, 694, 702, 724, 725, 745, 760, 775, 793, 809, 829, 838, 839, 877, 901, 903, 905, 910, 923]","[1, 13, 14, 29, 54, 55, 56, 57, 58, 60, 102, 118, 125, 127, 130, 134, 146, 149, 153, 175, 182, 187, 189, 191, 197, 225, 230, 238, 264, 265, 266, 286, 302, 317, 336, 379, 388, 389, 425, 454, 458, 463, 475, 487, 498, 499, 512, 530, 531, 532, 533, 534, 536, 573, 589, 596, 598, 601, 605, 617, 620, 624, 646, 653, 658, 660, 662, 668, 689, 694, 702, 724, 725, 745, 760, 775, 793, 829, 838, 839, 877, 901, 903, 905, 910, 923]",5/6 successful match,False,,False,792,False,,1.0,True,Geno's Country Store ( Shell ),Shell
"Livermore , 94550 Geno's Country Store ( Shell ) )",21925-449-3838 I-580 Exit 55 ( Vasco Rd ),24 224 1 <U+2610><U+2610>,Livermore,94550,Geno's Country Store ( Shell ) ),925-449-3838,2008,Livermore,CA,Shell,( Vasco Rd ),I-580 Exit 55 ,Exit,55,False,,False,I-580,,,,,[],[],[],[],"[103, 104, 105, 106, 107, 108, 109, 110, 111, 112, 113, 114, 115, 116, 117, 118, 119, 120, 121, 122, 123, 124, 125, 126, 127, 128, 129, 130, 131, 132, 133, 134, 135, 136, 137, 138, 139, 140, 141, 142, 143, 144, 145, 146, 147, 148, 149, 150, 151, 152, 153, 154, 155, 156, 157, 158, 159, 160, 161, 162, 163, 164, 165, 166, 167, 168, 169, 170, 171, 172, 173, 174, 175, 176, 177, 178, 179, 180, 181, 182, 183, 184, 185, 186, 187, 188, 189, 190, 191, 192, 193, 194, 195, 196, 197, 198, 199, 200, 201, 202, 203, 204, 205, 206, 207, 208, 209, 210, 211, 212, 213, 214, 215, 216, 217, 218, 219, 220, 221, 222, 223, 224, 225, 226, 227, 228, 229, 230, 231, 232, 233, 234, 235, 236, 237, 238, 239, 240, 241, 242, 243, 244, 245, 246, 247, 248, 249, 250, 251, 252, 253, 254, 255, 256, 257, 258, 259, 260, 261, 262, 263, 264, 265, 266, 267, 268, 269, 270, 271, 272, 273, 274, 275, 276, 277, 278, 279, 280, 281, 282, 283, 284, 285, 286, 287, 288, 289, 290, 291, 292, 293, 294, 295, 296, 297, 298, 299, 300, 301, 302, 303, 304, 305, 306, 307, 308, 309, 310, 311, 312, 313, 314, 315, 316, 317, 318, 319, 320, 321, 322, 323, 324, 325, 326, 327, 328, 329, 330, 331, 332, 333, 334, 335, 336, 337, 574, 575, 576, 577, 578, 579, 580, 581, 582, 583, 584, 585, 586, 587, 588, 589, 590, 591, 592, 593, 594, 595, 596, 597, 598, 599, 600, 601, 602, 603, 604, 605, 606, 607, 608, 609, 610, 611, 612, 613, 614, 615, 616, 617, 618, 619, 620, 621, 622, 623, 624, 625, 626, 627, 628, 629, 630, 631, 632, 633, 634, 635, 636, 637, 638, 639, 640, 641, 642, 643, 644, 645, 646, 647, 648, 649, 650, 651, 652, 653, 654, 655, 656, 657, 658, 659, 660, 661, 662, 663, 664, 665, 666, 667, 668, 669, 670, 671, 672, 673, 674, 675, 676, 677, 678, 679, 680, 681, 682, 683, 684, 685, 686, 687, 688, 689, 690, 691, 692, 693, 694, 695, 696, 697, 698, 699, 700, 701, 702, 703, 704, 705, 706, 707, 708, 709, 710, 711, 712, 713, 714, 715, 716, 717, 718, 719, 720, 721, 722, 723, 724, 725, 726, 727, 728, 729, 730, 731, 732, 733, 734, 735, 736, 737, 738, 739, 740, 741, 742, 743, 744, 745, 746, 747, 748, 749, 750, 751, 752, 753, 754, 755, 756, 757, 758, 759, 760, 761, 762, 763, 764, 765, 766, 767, 768, 769, 770, 771, 772, 773, 774, 775, 776, 777, 778, 779, 780, 781, 782, 783, 784, 785, 786, 787, 788, 789, 790, 791, 792, 793]","[144, 263, 276, 615, 723, 735]","[1, 13, 14, 29, 54, 55, 56, 57, 58, 60, 102, 118, 125, 127, 130, 134, 146, 149, 153, 175, 182, 187, 189, 191, 197, 225, 230, 238, 264, 265, 266, 286, 302, 317, 336, 379, 388, 389, 425, 454, 458, 463, 475, 487, 498, 499, 512, 530, 531, 532, 533, 534, 536, 573, 589, 596, 598, 601, 605, 617, 620, 624, 646, 653, 658, 660, 662, 668, 689, 694, 702, 724, 725, 745, 760, 775, 793, 829, 838, 839, 877, 901, 903, 905, 910, 923]","[1, 13, 14, 29, 54, 55, 56, 57, 58, 60, 102, 118, 125, 127, 130, 134, 146, 149, 153, 175, 182, 187, 189, 191, 197, 225, 230, 238, 264, 265, 266, 286, 302, 317, 336, 354, 379, 388, 389, 425, 454, 458, 463, 475, 487, 498, 499, 512, 530, 531, 532, 533, 534, 536, 573, 589, 596, 598, 601, 605, 617, 620, 624, 646, 653, 658, 660, 662, 668, 689, 694, 702, 724, 725, 745, 760, 775, 793, 809, 829, 838, 839, 877, 901, 903, 905, 910, 923]","[1, 13, 14, 29, 54, 55, 56, 57, 58, 60, 102, 103, 104, 105, 106, 107, 108, 109, 110, 111, 112, 113, 114, 115, 116, 117, 118, 119, 120, 121, 122, 123, 124, 125, 126, 127, 128, 129, 130, 131, 132, 133, 134, 135, 136, 137, 138, 139, 140, 141, 142, 143, 144, 145, 146, 147, 148, 149, 150, 151, 152, 153, 154, 155, 156, 157, 158, 159, 160, 161, 162, 163, 164, 165, 166, 167, 168, 169, 170, 171, 172, 173, 174, 175, 176, 177, 178, 179, 180, 181, 182, 183, 184, 185, 186, 187, 188, 189, 190, 191, 192, 193, 194, 195, 196, 197, 198, 199, 200, 201, 202, 203, 204, 205, 206, 207, 208, 209, 210, 211, 212, 213, 214, 215, 216, 217, 218, 219, 220, 221, 222, 223, 224, 225, 226, 227, 228, 229, 230, 231, 232, 233, 234, 235, 236, 237, 238, 239, 240, 241, 242, 243, 244, 245, 246, 247, 248, 249, 250, 251, 252, 253, 254, 255, 256, 257, 258, 259, 260, 261, 262, 263, 264, 265, 266, 267, 268, 269, 270, 271, 272, 273, 274, 275, 276, 277, 278, 279, 280, 281, 282, 283, 284, 285, 286, 287, 288, 289, 290, 291, 292, 293, 294, 295, 296, 297, 298, 299, 300, 301, 302, 303, 304, 305, 306, 307, 308, 309, 310, 311, 312, 313, 314, 315, 316, 317, 318, 319, 320, 321, 322, 323, 324, 325, 326, 327, 328, 329, 330, 331, 332, 333, 334, 335, 336, 337, 354, 379, 388, 389, 425, 454, 458, 463, 475, 487, 498, 499, 512, 530, 531, 532, 533, 534, 536, 573, 574, 575, 576, 577, 578, 579, 580, 581, 582, 583, 584, 585, 586, 587, 588, 589, 590, 591, 592, 593, 594, 595, 596, 597, 598, 599, 600, 601, 602, 603, 604, 605, 606, 607, 608, 609, 610, 611, 612, 613, 614, 615, 616, 617, 618, 619, 620, 621, 622, 623, 624, 625, 626, 627, 628, 629, 630, 631, 632, 633, 634, 635, 636, 637, 638, 639, 640, 641, 642, 643, 644, 645, 646, 647, 648, 649, 650, 651, 652, 653, 654, 655, 656, 657, 658, 659, 660, 661, 662, 663, 664, 665, 666, 667, 668, 669, 670, 671, 672, 673, 674, 675, 676, 677, 678, 679, 680, 681, 682, 683, 684, 685, 686, 687, 688, 689, 690, 691, 692, 693, 694, 695, 696, 697, 698, 699, 700, 701, 702, 703, 704, 705, 706, 707, 708, 709, 710, 711, 712, 713, 714, 715, 716, 717, 718, 719, 720, 721, 722, 723, 724, 725, 726, 727, 728, 729, 730, 731, 732, 733, 734, 735, 736, 737, 738, 739, 740, 741, 742, 743, 744, 745, 746, 747, 748, 749, 750, 751, 752, 753, 754, 755, 756, 757, 758, 759, 760, 761, 762, 763, 764, 765, 766, 767, 768, 769, 770, 771, 772, 773, 774, 775, 776, 777, 778, 779, 780, 781, 782, 783, 784, 785, 786, 787, 788, 789, 790, 791, 792, 793, 809, 829, 838, 839, 877, 901, 903, 905, 910, 923]",False,[],"[103, 104, 105, 106, 107, 108, 109, 110, 111, 112, 113, 114, 115, 116, 117, 118, 119, 120, 121, 122, 123, 124, 125, 126, 127, 128, 129, 130, 131, 132, 133, 134, 135, 136, 137, 138, 139, 140, 141, 142, 143, 144, 145, 146, 147, 148, 149, 150, 151, 152, 153, 154, 155, 156, 157, 158, 159, 160, 161, 162, 163, 164, 165, 166, 167, 168, 169, 170, 171, 172, 173, 174, 175, 176, 177, 178, 179, 180, 181, 182, 183, 184, 185, 186, 187, 188, 189, 190, 191, 192, 193, 194, 195, 196, 197, 198, 199, 200, 201, 202, 203, 204, 205, 206, 207, 208, 209, 210, 211, 212, 213, 214, 215, 216, 217, 218, 219, 220, 221, 222, 223, 224, 225, 226, 227, 228, 229, 230, 231, 232, 233, 234, 235, 236, 237, 238, 239, 240, 241, 242, 243, 244, 245, 246, 247, 248, 249, 250, 251, 252, 253, 254, 255, 256, 257, 258, 259, 260, 261, 262, 263, 264, 265, 266, 267, 268, 269, 270, 271, 272, 273, 274, 275, 276, 277, 278, 279, 280, 281, 282, 283, 284, 285, 286, 287, 288, 289, 290, 291, 292, 293, 294, 295, 296, 297, 298, 299, 300, 301, 302, 303, 304, 305, 306, 307, 308, 309, 310, 311, 312, 313, 314, 315, 316, 317, 318, 319, 320, 321, 322, 323, 324, 325, 326, 327, 328, 329, 330, 331, 332, 333, 334, 335, 336, 337, 574, 575, 576, 577, 578, 579, 580, 581, 582, 583, 584, 585, 586, 587, 588, 589, 590, 591, 592, 593, 594, 595, 596, 597, 598, 599, 600, 601, 602, 603, 604, 605, 606, 607, 608, 609, 610, 611, 612, 613, 614, 615, 616, 617, 618, 619, 620, 621, 622, 623, 624, 625, 626, 627, 628, 629, 630, 631, 632, 633, 634, 635, 636, 637, 638, 639, 640, 641, 642, 643, 644, 645, 646, 647, 648, 649, 650, 651, 652, 653, 654, 655, 656, 657, 658, 659, 660, 661, 662, 663, 664, 665, 666, 667, 668, 669, 670, 671, 672, 673, 674, 675, 676, 677, 678, 679, 680, 681, 682, 683, 684, 685, 686, 687, 688, 689, 690, 691, 692, 693, 694, 695, 696, 697, 698, 699, 700, 701, 702, 703, 704, 705, 706, 707, 708, 709, 710, 711, 712, 713, 714, 715, 716, 717, 718, 719, 720, 721, 722, 723, 724, 725, 726, 727, 728, 729, 730, 731, 732, 733, 734, 735, 736, 737, 738, 739, 740, 741, 742, 743, 744, 745, 746, 747, 748, 749, 750, 751, 752, 753, 754, 755, 756, 757, 758, 759, 760, 761, 762, 763, 764, 765, 766, 767, 768, 769, 770, 771, 772, 773, 774, 775, 776, 777, 778, 779, 780, 781, 782, 783, 784, 785, 786, 787, 788, 789, 790, 791, 792, 793]",[],[],"[144, 263, 276, 615, 723, 735]","[1, 13, 14, 29, 54, 55, 56, 57, 58, 60, 102, 118, 125, 127, 130, 134, 146, 149, 153, 175, 182, 187, 189, 191, 197, 225, 230, 238, 264, 265, 266, 286, 302, 317, 336, 354, 379, 388, 389, 425, 454, 458, 463, 475, 487, 498, 499, 512, 530, 531, 532, 533, 534, 536, 573, 589, 596, 598, 601, 605, 617, 620, 624, 646, 653, 658, 660, 662, 668, 689, 694, 702, 724, 725, 745, 760, 775, 793, 809, 829, 838, 839, 877, 901, 903, 905, 910, 923]","[1, 13, 14, 29, 54, 55, 56, 57, 58, 60, 102, 118, 125, 127, 130, 134, 146, 149, 153, 175, 182, 187, 189, 191, 197, 225, 230, 238, 264, 265, 266, 286, 302, 317, 336, 379, 388, 389, 425, 454, 458, 463, 475, 487, 498, 499, 512, 530, 531, 532, 533, 534, 536, 573, 589, 596, 598, 601, 605, 617, 620, 624, 646, 653, 658, 660, 662, 668, 689, 694, 702, 724, 725, 745, 760, 775, 793, 829, 838, 839, 877, 901, 903, 905, 910, 923]",5/6 successful match,False,,False,792,False,,1.0,True,Geno's Country Store ( Shell ),Shell
"E Martinez , 94553 Golden Gate Petroleum",925-229-5706 3520 Pacheco Blvd,HRS,Martinez,94553,Golden Gate Petroleum,925-229-5706,2006,Martinez,CA,,,3520 Pacheco Blvd,Proper,,False,,False,Pacheco Blvd,,,,,[],"[109, 579]","[109, 579]",[],"[103, 104, 105, 106, 107, 108, 109, 110, 111, 112, 113, 114, 115, 116, 117, 118, 119, 120, 121, 122, 123, 124, 125, 126, 127, 128, 129, 130, 131, 132, 133, 134, 135, 136, 137, 138, 139, 140, 141, 142, 143, 144, 145, 146, 147, 148, 149, 150, 151, 152, 153, 154, 155, 156, 157, 158, 159, 160, 161, 162, 163, 164, 165, 166, 167, 168, 169, 170, 171, 172, 173, 174, 175, 176, 177, 178, 179, 180, 181, 182, 183, 184, 185, 186, 187, 188, 189, 190, 191, 192, 193, 194, 195, 196, 197, 198, 199, 200, 201, 202, 203, 204, 205, 206, 207, 208, 209, 210, 211, 212, 213, 214, 215, 216, 217, 218, 219, 220, 221, 222, 223, 224, 225, 226, 227, 228, 229, 230, 231, 232, 233, 234, 235, 236, 237, 238, 239, 240, 241, 242, 243, 244, 245, 246, 247, 248, 249, 250, 251, 252, 253, 254, 255, 256, 257, 258, 259, 260, 261, 262, 263, 264, 265, 266, 267, 268, 269, 270, 271, 272, 273, 274, 275, 276, 277, 278, 279, 280, 281, 282, 283, 284, 285, 286, 287, 288, 289, 290, 291, 292, 293, 294, 295, 296, 297, 298, 299, 300, 301, 302, 303, 304, 305, 306, 307, 308, 309, 310, 311, 312, 313, 314, 315, 316, 317, 318, 319, 320, 321, 322, 323, 324, 325, 326, 327, 328, 329, 330, 331, 332, 333, 334, 335, 336, 337, 574, 575, 576, 577, 578, 579, 580, 581, 582, 583, 584, 585, 586, 587, 588, 589, 590, 591, 592, 593, 594, 595, 596, 597, 598, 599, 600, 601, 602, 603, 604, 605, 606, 607, 608, 609, 610, 611, 612, 613, 614, 615, 616, 617, 618, 619, 620, 621, 622, 623, 624, 625, 626, 627, 628, 629, 630, 631, 632, 633, 634, 635, 636, 637, 638, 639, 640, 641, 642, 643, 644, 645, 646, 647, 648, 649, 650, 651, 652, 653, 654, 655, 656, 657, 658, 659, 660, 661, 662, 663, 664, 665, 666, 667, 668, 669, 670, 671, 672, 673, 674, 675, 676, 677, 678, 679, 680, 681, 682, 683, 684, 685, 686, 687, 688, 689, 690, 691, 692, 693, 694, 695, 696, 697, 698, 699, 700, 701, 702, 703, 704, 705, 706, 707, 708, 709, 710, 711, 712, 713, 714, 715, 716, 717, 718, 719, 720, 721, 722, 723, 724, 725, 726, 727, 728, 729, 730, 731, 732, 733, 734, 735, 736, 737, 738, 739, 740, 741, 742, 743, 744, 745, 746, 747, 748, 749, 750, 751, 752, 753, 754, 755, 756, 757, 758, 759, 760, 761, 762, 763, 764, 765, 766, 767, 768, 769, 770, 771, 772, 773, 774, 775, 776, 777, 778, 779, 780, 781, 782, 783, 784, 785, 786, 787, 788, 789, 790, 791, 792, 793]","[109, 137, 579, 608]",[],"[174, 175, 176, 177, 178, 325, 332, 347, 348, 349, 350, 351, 352, 423, 467, 483, 484, 645, 646, 647, 648, 649, 783, 789, 802, 803, 804, 805, 806, 807, 875, 914, 927, 934, 935]","[103, 104, 105, 106, 107, 108, 109, 110, 111, 112, 113, 114, 115, 116, 117, 118, 119, 120, 121, 122, 123, 124, 125, 126, 127, 128, 129, 130, 131, 132, 133, 134, 135, 136, 137, 138, 139, 140, 141, 142, 143, 144, 145, 146, 147, 148, 149, 150, 151, 152, 153, 154, 155, 156, 157, 158, 159, 160, 161, 162, 163, 164, 165, 166, 167, 168, 169, 170, 171, 172, 173, 174, 175, 176, 177, 178, 179, 180, 181, 182, 183, 184, 185, 186, 187, 188, 189, 190, 191, 192, 193, 194, 195, 196, 197, 198, 199, 200, 201, 202, 203, 204, 205, 206, 207, 208, 209, 210, 211, 212, 213, 214, 215, 216, 217, 218, 219, 220, 221, 222, 223, 224, 225, 226, 227, 228, 229, 230, 231, 232, 233, 234, 235, 236, 237, 238, 239, 240, 241, 242, 243, 244, 245, 246, 247, 248, 249, 250, 251, 252, 253, 254, 255, 256, 257, 258, 259, 260, 261, 262, 263, 264, 265, 266, 267, 268, 269, 270, 271, 272, 273, 274, 275, 276, 277, 278, 279, 280, 281, 282, 283, 284, 285, 286, 287, 288, 289, 290, 291, 292, 293, 294, 295, 296, 297, 298, 299, 300, 301, 302, 303, 304, 305, 306, 307, 308, 309, 310, 311, 312, 313, 314, 315, 316, 317, 318, 319, 320, 321, 322, 323, 324, 325, 326, 327, 328, 329, 330, 331, 332, 333, 334, 335, 336, 337, 347, 348, 349, 350, 351, 352, 423, 467, 483, 484, 574, 575, 576, 577, 578, 579, 580, 581, 582, 583, 584, 585, 586, 587, 588, 589, 590, 591, 592, 593, 594, 595, 596, 597, 598, 599, 600, 601, 602, 603, 604, 605, 606, 607, 608, 609, 610, 611, 612, 613, 614, 615, 616, 617, 618, 619, 620, 621, 622, 623, 624, 625, 626, 627, 628, 629, 630, 631, 632, 633, 634, 635, 636, 637, 638, 639, 640, 641, 642, 643, 644, 645, 646, 647, 648, 649, 650, 651, 652, 653, 654, 655, 656, 657, 658, 659, 660, 661, 662, 663, 664, 665, 666, 667, 668, 669, 670, 671, 672, 673, 674, 675, 676, 677, 678, 679, 680, 681, 682, 683, 684, 685, 686, 687, 688, 689, 690, 691, 692, 693, 694, 695, 696, 697, 698, 699, 700, 701, 702, 703, 704, 705, 706, 707, 708, 709, 710, 711, 712, 713, 714, 715, 716, 717, 718, 719, 720, 721, 722, 723, 724, 725, 726, 727, 728, 729, 730, 731, 732, 733, 734, 735, 736, 737, 738, 739, 740, 741, 742, 743, 744, 745, 746, 747, 748, 749, 750, 751, 752, 753, 754, 755, 756, 757, 758, 759, 760, 761, 762, 763, 764, 765, 766, 767, 768, 769, 770, 771, 772, 773, 774, 775, 776, 777, 778, 779, 780, 781, 782, 783, 784, 785, 786, 787, 788, 789, 790, 791, 792, 793, 802, 803, 804, 805, 806, 807, 875, 914, 927, 934, 935]",False,"[109, 579]","[103, 104, 105, 106, 107, 108, 109, 110, 111, 112, 113, 114, 115, 116, 117, 118, 119, 120, 121, 122, 123, 124, 125, 126, 127, 128, 129, 130, 131, 132, 133, 134, 135, 136, 137, 138, 139, 140, 141, 142, 143, 144, 145, 146, 147, 148, 149, 150, 151, 152, 153, 154, 155, 156, 157, 158, 159, 160, 161, 162, 163, 164, 165, 166, 167, 168, 169, 170, 171, 172, 173, 174, 175, 176, 177, 178, 179, 180, 181, 182, 183, 184, 185, 186, 187, 188, 189, 190, 191, 192, 193, 194, 195, 196, 197, 198, 199, 200, 201, 202, 203, 204, 205, 206, 207, 208, 209, 210, 211, 212, 213, 214, 215, 216, 217, 218, 219, 220, 221, 222, 223, 224, 225, 226, 227, 228, 229, 230, 231, 232, 233, 234, 235, 236, 237, 238, 239, 240, 241, 242, 243, 244, 245, 246, 247, 248, 249, 250, 251, 252, 253, 254, 255, 256, 257, 258, 259, 260, 261, 262, 263, 264, 265, 266, 267, 268, 269, 270, 271, 272, 273, 274, 275, 276, 277, 278, 279, 280, 281, 282, 283, 284, 285, 286, 287, 288, 289, 290, 291, 292, 293, 294, 295, 296, 297, 298, 299, 300, 301, 302, 303, 304, 305, 306, 307, 308, 309, 310, 311, 312, 313, 314, 315, 316, 317, 318, 319, 320, 321, 322, 323, 324, 325, 326, 327, 328, 329, 330, 331, 332, 333, 334, 335, 336, 337, 574, 575, 576, 577, 578, 579, 580, 581, 582, 583, 584, 585, 586, 587, 588, 589, 590, 591, 592, 593, 594, 595, 596, 597, 598, 599, 600, 601, 602, 603, 604, 605, 606, 607, 608, 609, 610, 611, 612, 613, 614, 615, 616, 617, 618, 619, 620, 621, 622, 623, 624, 625, 626, 627, 628, 629, 630, 631, 632, 633, 634, 635, 636, 637, 638, 639, 640, 641, 642, 643, 644, 645, 646, 647, 648, 649, 650, 651, 652, 653, 654, 655, 656, 657, 658, 659, 660, 661, 662, 663, 664, 665, 666, 667, 668, 669, 670, 671, 672, 673, 674, 675, 676, 677, 678, 679, 680, 681, 682, 683, 684, 685, 686, 687, 688, 689, 690, 691, 692, 693, 694, 695, 696, 697, 698, 699, 700, 701, 702, 703, 704, 705, 706, 707, 708, 709, 710, 711, 712, 713, 714, 715, 716, 717, 718, 719, 720, 721, 722, 723, 724, 725, 726, 727, 728, 729, 730, 731, 732, 733, 734, 735, 736, 737, 738, 739, 740, 741, 742, 743, 744, 745, 746, 747, 748, 749, 750, 751, 752, 753, 754, 755, 756, 757, 758, 759, 760, 761, 762, 763, 764, 765, 766, 767, 768, 769, 770, 771, 772, 773, 774, 775, 776, 777, 778, 779, 780, 781, 782, 783, 784, 785, 786, 787, 788, 789, 790, 791, 792, 793]","[109, 579]",[],"[109, 137, 579, 608]","[174, 175, 176, 177, 178, 325, 332, 347, 348, 349, 350, 351, 352, 423, 467, 483, 484, 645, 646, 647, 648, 649, 783, 789, 802, 803, 804, 805, 806, 807, 875, 914, 927, 934, 935]",[],5/6 successful match,False,,False,793,False,,,,,
"E Martinez , 94553 Golden Gate Petroleum",925-229-5706 3520 Pacheco Blvd,24 000,Martinez,94553,Golden Gate Petroleum,925-229-5706,2007,Martinez,CA,,,3520 Pacheco Blvd,Proper,,False,,False,Pacheco Blvd,,,,,[],"[109, 579]","[109, 579]",[],"[103, 104, 105, 106, 107, 108, 109, 110, 111, 112, 113, 114, 115, 116, 117, 118, 119, 120, 121, 122, 123, 124, 125, 126, 127, 128, 129, 130, 131, 132, 133, 134, 135, 136, 137, 138, 139, 140, 141, 142, 143, 144, 145, 146, 147, 148, 149, 150, 151, 152, 153, 154, 155, 156, 157, 158, 159, 160, 161, 162, 163, 164, 165, 166, 167, 168, 169, 170, 171, 172, 173, 174, 175, 176, 177, 178, 179, 180, 181, 182, 183, 184, 185, 186, 187, 188, 189, 190, 191, 192, 193, 194, 195, 196, 197, 198, 199, 200, 201, 202, 203, 204, 205, 206, 207, 208, 209, 210, 211, 212, 213, 214, 215, 216, 217, 218, 219, 220, 221, 222, 223, 224, 225, 226, 227, 228, 229, 230, 231, 232, 233, 234, 235, 236, 237, 238, 239, 240, 241, 242, 243, 244, 245, 246, 247, 248, 249, 250, 251, 252, 253, 254, 255, 256, 257, 258, 259, 260, 261, 262, 263, 264, 265, 266, 267, 268, 269, 270, 271, 272, 273, 274, 275, 276, 277, 278, 279, 280, 281, 282, 283, 284, 285, 286, 287, 288, 289, 290, 291, 292, 293, 294, 295, 296, 297, 298, 299, 300, 301, 302, 303, 304, 305, 306, 307, 308, 309, 310, 311, 312, 313, 314, 315, 316, 317, 318, 319, 320, 321, 322, 323, 324, 325, 326, 327, 328, 329, 330, 331, 332, 333, 334, 335, 336, 337, 574, 575, 576, 577, 578, 579, 580, 581, 582, 583, 584, 585, 586, 587, 588, 589, 590, 591, 592, 593, 594, 595, 596, 597, 598, 599, 600, 601, 602, 603, 604, 605, 606, 607, 608, 609, 610, 611, 612, 613, 614, 615, 616, 617, 618, 619, 620, 621, 622, 623, 624, 625, 626, 627, 628, 629, 630, 631, 632, 633, 634, 635, 636, 637, 638, 639, 640, 641, 642, 643, 644, 645, 646, 647, 648, 649, 650, 651, 652, 653, 654, 655, 656, 657, 658, 659, 660, 661, 662, 663, 664, 665, 666, 667, 668, 669, 670, 671, 672, 673, 674, 675, 676, 677, 678, 679, 680, 681, 682, 683, 684, 685, 686, 687, 688, 689, 690, 691, 692, 693, 694, 695, 696, 697, 698, 699, 700, 701, 702, 703, 704, 705, 706, 707, 708, 709, 710, 711, 712, 713, 714, 715, 716, 717, 718, 719, 720, 721, 722, 723, 724, 725, 726, 727, 728, 729, 730, 731, 732, 733, 734, 735, 736, 737, 738, 739, 740, 741, 742, 743, 744, 745, 746, 747, 748, 749, 750, 751, 752, 753, 754, 755, 756, 757, 758, 759, 760, 761, 762, 763, 764, 765, 766, 767, 768, 769, 770, 771, 772, 773, 774, 775, 776, 777, 778, 779, 780, 781, 782, 783, 784, 785, 786, 787, 788, 789, 790, 791, 792, 793]","[109, 137, 579, 608]",[],"[174, 175, 176, 177, 178, 325, 332, 347, 348, 349, 350, 351, 352, 423, 467, 483, 484, 645, 646, 647, 648, 649, 783, 789, 802, 803, 804, 805, 806, 807, 875, 914, 927, 934, 935]","[103, 104, 105, 106, 107, 108, 109, 110, 111, 112, 113, 114, 115, 116, 117, 118, 119, 120, 121, 122, 123, 124, 125, 126, 127, 128, 129, 130, 131, 132, 133, 134, 135, 136, 137, 138, 139, 140, 141, 142, 143, 144, 145, 146, 147, 148, 149, 150, 151, 152, 153, 154, 155, 156, 157, 158, 159, 160, 161, 162, 163, 164, 165, 166, 167, 168, 169, 170, 171, 172, 173, 174, 175, 176, 177, 178, 179, 180, 181, 182, 183, 184, 185, 186, 187, 188, 189, 190, 191, 192, 193, 194, 195, 196, 197, 198, 199, 200, 201, 202, 203, 204, 205, 206, 207, 208, 209, 210, 211, 212, 213, 214, 215, 216, 217, 218, 219, 220, 221, 222, 223, 224, 225, 226, 227, 228, 229, 230, 231, 232, 233, 234, 235, 236, 237, 238, 239, 240, 241, 242, 243, 244, 245, 246, 247, 248, 249, 250, 251, 252, 253, 254, 255, 256, 257, 258, 259, 260, 261, 262, 263, 264, 265, 266, 267, 268, 269, 270, 271, 272, 273, 274, 275, 276, 277, 278, 279, 280, 281, 282, 283, 284, 285, 286, 287, 288, 289, 290, 291, 292, 293, 294, 295, 296, 297, 298, 299, 300, 301, 302, 303, 304, 305, 306, 307, 308, 309, 310, 311, 312, 313, 314, 315, 316, 317, 318, 319, 320, 321, 322, 323, 324, 325, 326, 327, 328, 329, 330, 331, 332, 333, 334, 335, 336, 337, 347, 348, 349, 350, 351, 352, 423, 467, 483, 484, 574, 575, 576, 577, 578, 579, 580, 581, 582, 583, 584, 585, 586, 587, 588, 589, 590, 591, 592, 593, 594, 595, 596, 597, 598, 599, 600, 601, 602, 603, 604, 605, 606, 607, 608, 609, 610, 611, 612, 613, 614, 615, 616, 617, 618, 619, 620, 621, 622, 623, 624, 625, 626, 627, 628, 629, 630, 631, 632, 633, 634, 635, 636, 637, 638, 639, 640, 641, 642, 643, 644, 645, 646, 647, 648, 649, 650, 651, 652, 653, 654, 655, 656, 657, 658, 659, 660, 661, 662, 663, 664, 665, 666, 667, 668, 669, 670, 671, 672, 673, 674, 675, 676, 677, 678, 679, 680, 681, 682, 683, 684, 685, 686, 687, 688, 689, 690, 691, 692, 693, 694, 695, 696, 697, 698, 699, 700, 701, 702, 703, 704, 705, 706, 707, 708, 709, 710, 711, 712, 713, 714, 715, 716, 717, 718, 719, 720, 721, 722, 723, 724, 725, 726, 727, 728, 729, 730, 731, 732, 733, 734, 735, 736, 737, 738, 739, 740, 741, 742, 743, 744, 745, 746, 747, 748, 749, 750, 751, 752, 753, 754, 755, 756, 757, 758, 759, 760, 761, 762, 763, 764, 765, 766, 767, 768, 769, 770, 771, 772, 773, 774, 775, 776, 777, 778, 779, 780, 781, 782, 783, 784, 785, 786, 787, 788, 789, 790, 791, 792, 793, 802, 803, 804, 805, 806, 807, 875, 914, 927, 934, 935]",False,"[109, 579]","[103, 104, 105, 106, 107, 108, 109, 110, 111, 112, 113, 114, 115, 116, 117, 118, 119, 120, 121, 122, 123, 124, 125, 126, 127, 128, 129, 130, 131, 132, 133, 134, 135, 136, 137, 138, 139, 140, 141, 142, 143, 144, 145, 146, 147, 148, 149, 150, 151, 152, 153, 154, 155, 156, 157, 158, 159, 160, 161, 162, 163, 164, 165, 166, 167, 168, 169, 170, 171, 172, 173, 174, 175, 176, 177, 178, 179, 180, 181, 182, 183, 184, 185, 186, 187, 188, 189, 190, 191, 192, 193, 194, 195, 196, 197, 198, 199, 200, 201, 202, 203, 204, 205, 206, 207, 208, 209, 210, 211, 212, 213, 214, 215, 216, 217, 218, 219, 220, 221, 222, 223, 224, 225, 226, 227, 228, 229, 230, 231, 232, 233, 234, 235, 236, 237, 238, 239, 240, 241, 242, 243, 244, 245, 246, 247, 248, 249, 250, 251, 252, 253, 254, 255, 256, 257, 258, 259, 260, 261, 262, 263, 264, 265, 266, 267, 268, 269, 270, 271, 272, 273, 274, 275, 276, 277, 278, 279, 280, 281, 282, 283, 284, 285, 286, 287, 288, 289, 290, 291, 292, 293, 294, 295, 296, 297, 298, 299, 300, 301, 302, 303, 304, 305, 306, 307, 308, 309, 310, 311, 312, 313, 314, 315, 316, 317, 318, 319, 320, 321, 322, 323, 324, 325, 326, 327, 328, 329, 330, 331, 332, 333, 334, 335, 336, 337, 574, 575, 576, 577, 578, 579, 580, 581, 582, 583, 584, 585, 586, 587, 588, 589, 590, 591, 592, 593, 594, 595, 596, 597, 598, 599, 600, 601, 602, 603, 604, 605, 606, 607, 608, 609, 610, 611, 612, 613, 614, 615, 616, 617, 618, 619, 620, 621, 622, 623, 624, 625, 626, 627, 628, 629, 630, 631, 632, 633, 634, 635, 636, 637, 638, 639, 640, 641, 642, 643, 644, 645, 646, 647, 648, 649, 650, 651, 652, 653, 654, 655, 656, 657, 658, 659, 660, 661, 662, 663, 664, 665, 666, 667, 668, 669, 670, 671, 672, 673, 674, 675, 676, 677, 678, 679, 680, 681, 682, 683, 684, 685, 686, 687, 688, 689, 690, 691, 692, 693, 694, 695, 696, 697, 698, 699, 700, 701, 702, 703, 704, 705, 706, 707, 708, 709, 710, 711, 712, 713, 714, 715, 716, 717, 718, 719, 720, 721, 722, 723, 724, 725, 726, 727, 728, 729, 730, 731, 732, 733, 734, 735, 736, 737, 738, 739, 740, 741, 742, 743, 744, 745, 746, 747, 748, 749, 750, 751, 752, 753, 754, 755, 756, 757, 758, 759, 760, 761, 762, 763, 764, 765, 766, 767, 768, 769, 770, 771, 772, 773, 774, 775, 776, 777, 778, 779, 780, 781, 782, 783, 784, 785, 786, 787, 788, 789, 790, 791, 792, 793]","[109, 579]",[],"[109, 137, 579, 608]","[174, 175, 176, 177, 178, 325, 332, 347, 348, 349, 350, 351, 352, 423, 467, 483, 484, 645, 646, 647, 648, 649, 783, 789, 802, 803, 804, 805, 806, 807, 875, 914, 927, 934, 935]",[],5/6 successful match,False,,False,793,False,,1.0,True,Golden Gate Petroleum,
"E Martinez , 94553 Golden Gate Petroleum",925-229-5706 I-680 Exit 54 ( W & N to 3520 Pacheco ),) HRS 24 <U+25A1>,Martinez,94553,Golden Gate Petroleum,925-229-5706,2008,Martinez,CA,,( W & N to 3520 Pacheco ),I-680 Exit 54 ,Exit,54,False,,False,I-680,,,,,[],"[109, 579]","[109, 579]","[109, 370, 579, 820]","[103, 104, 105, 106, 107, 108, 109, 110, 111, 112, 113, 114, 115, 116, 117, 118, 119, 120, 121, 122, 123, 124, 125, 126, 127, 128, 129, 130, 131, 132, 133, 134, 135, 136, 137, 138, 139, 140, 141, 142, 143, 144, 145, 146, 147, 148, 149, 150, 151, 152, 153, 154, 155, 156, 157, 158, 159, 160, 161, 162, 163, 164, 165, 166, 167, 168, 169, 170, 171, 172, 173, 174, 175, 176, 177, 178, 179, 180, 181, 182, 183, 184, 185, 186, 187, 188, 189, 190, 191, 192, 193, 194, 195, 196, 197, 198, 199, 200, 201, 202, 203, 204, 205, 206, 207, 208, 209, 210, 211, 212, 213, 214, 215, 216, 217, 218, 219, 220, 221, 222, 223, 224, 225, 226, 227, 228, 229, 230, 231, 232, 233, 234, 235, 236, 237, 238, 239, 240, 241, 242, 243, 244, 245, 246, 247, 248, 249, 250, 251, 252, 253, 254, 255, 256, 257, 258, 259, 260, 261, 262, 263, 264, 265, 266, 267, 268, 269, 270, 271, 272, 273, 274, 275, 276, 277, 278, 279, 280, 281, 282, 283, 284, 285, 286, 287, 288, 289, 290, 291, 292, 293, 294, 295, 296, 297, 298, 299, 300, 301, 302, 303, 304, 305, 306, 307, 308, 309, 310, 311, 312, 313, 314, 315, 316, 317, 318, 319, 320, 321, 322, 323, 324, 325, 326, 327, 328, 329, 330, 331, 332, 333, 334, 335, 336, 337, 574, 575, 576, 577, 578, 579, 580, 581, 582, 583, 584, 585, 586, 587, 588, 589, 590, 591, 592, 593, 594, 595, 596, 597, 598, 599, 600, 601, 602, 603, 604, 605, 606, 607, 608, 609, 610, 611, 612, 613, 614, 615, 616, 617, 618, 619, 620, 621, 622, 623, 624, 625, 626, 627, 628, 629, 630, 631, 632, 633, 634, 635, 636, 637, 638, 639, 640, 641, 642, 643, 644, 645, 646, 647, 648, 649, 650, 651, 652, 653, 654, 655, 656, 657, 658, 659, 660, 661, 662, 663, 664, 665, 666, 667, 668, 669, 670, 671, 672, 673, 674, 675, 676, 677, 678, 679, 680, 681, 682, 683, 684, 685, 686, 687, 688, 689, 690, 691, 692, 693, 694, 695, 696, 697, 698, 699, 700, 701, 702, 703, 704, 705, 706, 707, 708, 709, 710, 711, 712, 713, 714, 715, 716, 717, 718, 719, 720, 721, 722, 723, 724, 725, 726, 727, 728, 729, 730, 731, 732, 733, 734, 735, 736, 737, 738, 739, 740, 741, 742, 743, 744, 745, 746, 747, 748, 749, 750, 751, 752, 753, 754, 755, 756, 757, 758, 759, 760, 761, 762, 763, 764, 765, 766, 767, 768, 769, 770, 771, 772, 773, 774, 775, 776, 777, 778, 779, 780, 781, 782, 783, 784, 785, 786, 787, 788, 789, 790, 791, 792, 793]","[109, 579]",[],"[174, 175, 176, 177, 178, 325, 332, 347, 348, 349, 350, 351, 352, 423, 467, 483, 484, 645, 646, 647, 648, 649, 783, 789, 802, 803, 804, 805, 806, 807, 875, 914, 927, 934, 935]","[103, 104, 105, 106, 107, 108, 109, 110, 111, 112, 113, 114, 115, 116, 117, 118, 119, 120, 121, 122, 123, 124, 125, 126, 127, 128, 129, 130, 131, 132, 133, 134, 135, 136, 137, 138, 139, 140, 141, 142, 143, 144, 145, 146, 147, 148, 149, 150, 151, 152, 153, 154, 155, 156, 157, 158, 159, 160, 161, 162, 163, 164, 165, 166, 167, 168, 169, 170, 171, 172, 173, 174, 175, 176, 177, 178, 179, 180, 181, 182, 183, 184, 185, 186, 187, 188, 189, 190, 191, 192, 193, 194, 195, 196, 197, 198, 199, 200, 201, 202, 203, 204, 205, 206, 207, 208, 209, 210, 211, 212, 213, 214, 215, 216, 217, 218, 219, 220, 221, 222, 223, 224, 225, 226, 227, 228, 229, 230, 231, 232, 233, 234, 235, 236, 237, 238, 239, 240, 241, 242, 243, 244, 245, 246, 247, 248, 249, 250, 251, 252, 253, 254, 255, 256, 257, 258, 259, 260, 261, 262, 263, 264, 265, 266, 267, 268, 269, 270, 271, 272, 273, 274, 275, 276, 277, 278, 279, 280, 281, 282, 283, 284, 285, 286, 287, 288, 289, 290, 291, 292, 293, 294, 295, 296, 297, 298, 299, 300, 301, 302, 303, 304, 305, 306, 307, 308, 309, 310, 311, 312, 313, 314, 315, 316, 317, 318, 319, 320, 321, 322, 323, 324, 325, 326, 327, 328, 329, 330, 331, 332, 333, 334, 335, 336, 337, 347, 348, 349, 350, 351, 352, 370, 423, 467, 483, 484, 574, 575, 576, 577, 578, 579, 580, 581, 582, 583, 584, 585, 586, 587, 588, 589, 590, 591, 592, 593, 594, 595, 596, 597, 598, 599, 600, 601, 602, 603, 604, 605, 606, 607, 608, 609, 610, 611, 612, 613, 614, 615, 616, 617, 618, 619, 620, 621, 622, 623, 624, 625, 626, 627, 628, 629, 630, 631, 632, 633, 634, 635, 636, 637, 638, 639, 640, 641, 642, 643, 644, 645, 646, 647, 648, 649, 650, 651, 652, 653, 654, 655, 656, 657, 658, 659, 660, 661, 662, 663, 664, 665, 666, 667, 668, 669, 670, 671, 672, 673, 674, 675, 676, 677, 678, 679, 680, 681, 682, 683, 684, 685, 686, 687, 688, 689, 690, 691, 692, 693, 694, 695, 696, 697, 698, 699, 700, 701, 702, 703, 704, 705, 706, 707, 708, 709, 710, 711, 712, 713, 714, 715, 716, 717, 718, 719, 720, 721, 722, 723, 724, 725, 726, 727, 728, 729, 730, 731, 732, 733, 734, 735, 736, 737, 738, 739, 740, 741, 742, 743, 744, 745, 746, 747, 748, 749, 750, 751, 752, 753, 754, 755, 756, 757, 758, 759, 760, 761, 762, 763, 764, 765, 766, 767, 768, 769, 770, 771, 772, 773, 774, 775, 776, 777, 778, 779, 780, 781, 782, 783, 784, 785, 786, 787, 788, 789, 790, 791, 792, 793, 802, 803, 804, 805, 806, 807, 820, 875, 914, 927, 934, 935]",False,"[109, 579]","[103, 104, 105, 106, 107, 108, 109, 110, 111, 112, 113, 114, 115, 116, 117, 118, 119, 120, 121, 122, 123, 124, 125, 126, 127, 128, 129, 130, 131, 132, 133, 134, 135, 136, 137, 138, 139, 140, 141, 142, 143, 144, 145, 146, 147, 148, 149, 150, 151, 152, 153, 154, 155, 156, 157, 158, 159, 160, 161, 162, 163, 164, 165, 166, 167, 168, 169, 170, 171, 172, 173, 174, 175, 176, 177, 178, 179, 180, 181, 182, 183, 184, 185, 186, 187, 188, 189, 190, 191, 192, 193, 194, 195, 196, 197, 198, 199, 200, 201, 202, 203, 204, 205, 206, 207, 208, 209, 210, 211, 212, 213, 214, 215, 216, 217, 218, 219, 220, 221, 222, 223, 224, 225, 226, 227, 228, 229, 230, 231, 232, 233, 234, 235, 236, 237, 238, 239, 240, 241, 242, 243, 244, 245, 246, 247, 248, 249, 250, 251, 252, 253, 254, 255, 256, 257, 258, 259, 260, 261, 262, 263, 264, 265, 266, 267, 268, 269, 270, 271, 272, 273, 274, 275, 276, 277, 278, 279, 280, 281, 282, 283, 284, 285, 286, 287, 288, 289, 290, 291, 292, 293, 294, 295, 296, 297, 298, 299, 300, 301, 302, 303, 304, 305, 306, 307, 308, 309, 310, 311, 312, 313, 314, 315, 316, 317, 318, 319, 320, 321, 322, 323, 324, 325, 326, 327, 328, 329, 330, 331, 332, 333, 334, 335, 336, 337, 574, 575, 576, 577, 578, 579, 580, 581, 582, 583, 584, 585, 586, 587, 588, 589, 590, 591, 592, 593, 594, 595, 596, 597, 598, 599, 600, 601, 602, 603, 604, 605, 606, 607, 608, 609, 610, 611, 612, 613, 614, 615, 616, 617, 618, 619, 620, 621, 622, 623, 624, 625, 626, 627, 628, 629, 630, 631, 632, 633, 634, 635, 636, 637, 638, 639, 640, 641, 642, 643, 644, 645, 646, 647, 648, 649, 650, 651, 652, 653, 654, 655, 656, 657, 658, 659, 660, 661, 662, 663, 664, 665, 666, 667, 668, 669, 670, 671, 672, 673, 674, 675, 676, 677, 678, 679, 680, 681, 682, 683, 684, 685, 686, 687, 688, 689, 690, 691, 692, 693, 694, 695, 696, 697, 698, 699, 700, 701, 702, 703, 704, 705, 706, 707, 708, 709, 710, 711, 712, 713, 714, 715, 716, 717, 718, 719, 720, 721, 722, 723, 724, 725, 726, 727, 728, 729, 730, 731, 732, 733, 734, 735, 736, 737, 738, 739, 740, 741, 742, 743, 744, 745, 746, 747, 748, 749, 750, 751, 752, 753, 754, 755, 756, 757, 758, 759, 760, 761, 762, 763, 764, 765, 766, 767, 768, 769, 770, 771, 772, 773, 774, 775, 776, 777, 778, 779, 780, 781, 782, 783, 784, 785, 786, 787, 788, 789, 790, 791, 792, 793]","[109, 579]","[109, 370, 579, 820]","[109, 579]","[174, 175, 176, 177, 178, 325, 332, 347, 348, 349, 350, 351, 352, 423, 467, 483, 484, 645, 646, 647, 648, 649, 783, 789, 802, 803, 804, 805, 806, 807, 875, 914, 927, 934, 935]",[],5/6 successful match,False,,False,793,False,,1.0,True,Golden Gate Petroleum,
Martinez ( 94553 ) 7-11 # 35061 ( Shell ),2 925-372-7806 I-680 Exit 54 ( W & N to 3520 Pacheco ),) 24 <U+2610> D,Martinez,94553,7-11 # 35061 ( Shell ),925-372-7806,2014,Martinez,CA,Shell,( W & N to 3520 Pacheco ),I-680 Exit 54 ,Exit,54,False,,False,I-680,,,,,"[579, 109]","[109, 579]","[109, 579]","[109, 370, 579, 820]","[103, 104, 105, 106, 107, 108, 109, 110, 111, 112, 113, 114, 115, 116, 117, 118, 119, 120, 121, 122, 123, 124, 125, 126, 127, 128, 129, 130, 131, 132, 133, 134, 135, 136, 137, 138, 139, 140, 141, 142, 143, 144, 145, 146, 147, 148, 149, 150, 151, 152, 153, 154, 155, 156, 157, 158, 159, 160, 161, 162, 163, 164, 165, 166, 167, 168, 169, 170, 171, 172, 173, 174, 175, 176, 177, 178, 179, 180, 181, 182, 183, 184, 185, 186, 187, 188, 189, 190, 191, 192, 193, 194, 195, 196, 197, 198, 199, 200, 201, 202, 203, 204, 205, 206, 207, 208, 209, 210, 211, 212, 213, 214, 215, 216, 217, 218, 219, 220, 221, 222, 223, 224, 225, 226, 227, 228, 229, 230, 231, 232, 233, 234, 235, 236, 237, 238, 239, 240, 241, 242, 243, 244, 245, 246, 247, 248, 249, 250, 251, 252, 253, 254, 255, 256, 257, 258, 259, 260, 261, 262, 263, 264, 265, 266, 267, 268, 269, 270, 271, 272, 273, 274, 275, 276, 277, 278, 279, 280, 281, 282, 283, 284, 285, 286, 287, 288, 289, 290, 291, 292, 293, 294, 295, 296, 297, 298, 299, 300, 301, 302, 303, 304, 305, 306, 307, 308, 309, 310, 311, 312, 313, 314, 315, 316, 317, 318, 319, 320, 321, 322, 323, 324, 325, 326, 327, 328, 329, 330, 331, 332, 333, 334, 335, 336, 337, 574, 575, 576, 577, 578, 579, 580, 581, 582, 583, 584, 585, 586, 587, 588, 589, 590, 591, 592, 593, 594, 595, 596, 597, 598, 599, 600, 601, 602, 603, 604, 605, 606, 607, 608, 609, 610, 611, 612, 613, 614, 615, 616, 617, 618, 619, 620, 621, 622, 623, 624, 625, 626, 627, 628, 629, 630, 631, 632, 633, 634, 635, 636, 637, 638, 639, 640, 641, 642, 643, 644, 645, 646, 647, 648, 649, 650, 651, 652, 653, 654, 655, 656, 657, 658, 659, 660, 661, 662, 663, 664, 665, 666, 667, 668, 669, 670, 671, 672, 673, 674, 675, 676, 677, 678, 679, 680, 681, 682, 683, 684, 685, 686, 687, 688, 689, 690, 691, 692, 693, 694, 695, 696, 697, 698, 699, 700, 701, 702, 703, 704, 705, 706, 707, 708, 709, 710, 711, 712, 713, 714, 715, 716, 717, 718, 719, 720, 721, 722, 723, 724, 725, 726, 727, 728, 729, 730, 731, 732, 733, 734, 735, 736, 737, 738, 739, 740, 741, 742, 743, 744, 745, 746, 747, 748, 749, 750, 751, 752, 753, 754, 755, 756, 757, 758, 759, 760, 761, 762, 763, 764, 765, 766, 767, 768, 769, 770, 771, 772, 773, 774, 775, 776, 777, 778, 779, 780, 781, 782, 783, 784, 785, 786, 787, 788, 789, 790, 791, 792, 793]","[109, 579]","[1, 13, 14, 29, 54, 55, 56, 57, 58, 60, 102, 118, 125, 127, 130, 134, 146, 149, 153, 175, 182, 187, 189, 191, 197, 225, 230, 238, 264, 265, 266, 286, 302, 317, 336, 379, 388, 389, 425, 454, 458, 463, 475, 487, 498, 499, 512, 530, 531, 532, 533, 534, 536, 573, 589, 596, 598, 601, 605, 617, 620, 624, 646, 653, 658, 660, 662, 668, 689, 694, 702, 724, 725, 745, 760, 775, 793, 829, 838, 839, 877, 901, 903, 905, 910, 923]","[1, 2, 13, 14, 29, 54, 55, 56, 57, 58, 60, 102, 118, 125, 127, 130, 134, 146, 149, 153, 175, 182, 187, 189, 191, 195, 197, 225, 230, 238, 264, 265, 266, 286, 302, 317, 336, 354, 379, 388, 389, 425, 454, 458, 463, 475, 487, 488, 498, 499, 512, 530, 531, 532, 533, 534, 536, 573, 589, 596, 598, 601, 605, 617, 620, 624, 646, 653, 658, 660, 662, 666, 668, 689, 694, 702, 724, 725, 745, 760, 775, 793, 809, 829, 838, 839, 877, 901, 903, 905, 910, 923]","[1, 2, 13, 14, 29, 54, 55, 56, 57, 58, 60, 102, 103, 104, 105, 106, 107, 108, 109, 110, 111, 112, 113, 114, 115, 116, 117, 118, 119, 120, 121, 122, 123, 124, 125, 126, 127, 128, 129, 130, 131, 132, 133, 134, 135, 136, 137, 138, 139, 140, 141, 142, 143, 144, 145, 146, 147, 148, 149, 150, 151, 152, 153, 154, 155, 156, 157, 158, 159, 160, 161, 162, 163, 164, 165, 166, 167, 168, 169, 170, 171, 172, 173, 174, 175, 176, 177, 178, 179, 180, 181, 182, 183, 184, 185, 186, 187, 188, 189, 190, 191, 192, 193, 194, 195, 196, 197, 198, 199, 200, 201, 202, 203, 204, 205, 206, 207, 208, 209, 210, 211, 212, 213, 214, 215, 216, 217, 218, 219, 220, 221, 222, 223, 224, 225, 226, 227, 228, 229, 230, 231, 232, 233, 234, 235, 236, 237, 238, 239, 240, 241, 242, 243, 244, 245, 246, 247, 248, 249, 250, 251, 252, 253, 254, 255, 256, 257, 258, 259, 260, 261, 262, 263, 264, 265, 266, 267, 268, 269, 270, 271, 272, 273, 274, 275, 276, 277, 278, 279, 280, 281, 282, 283, 284, 285, 286, 287, 288, 289, 290, 291, 292, 293, 294, 295, 296, 297, 298, 299, 300, 301, 302, 303, 304, 305, 306, 307, 308, 309, 310, 311, 312, 313, 314, 315, 316, 317, 318, 319, 320, 321, 322, 323, 324, 325, 326, 327, 328, 329, 330, 331, 332, 333, 334, 335, 336, 337, 354, 370, 379, 388, 389, 425, 454, 458, 463, 475, 487, 488, 498, 499, 512, 530, 531, 532, 533, 534, 536, 573, 574, 575, 576, 577, 578, 579, 580, 581, 582, 583, 584, 585, 586, 587, 588, 589, 590, 591, 592, 593, 594, 595, 596, 597, 598, 599, 600, 601, 602, 603, 604, 605, 606, 607, 608, 609, 610, 611, 612, 613, 614, 615, 616, 617, 618, 619, 620, 621, 622, 623, 624, 625, 626, 627, 628, 629, 630, 631, 632, 633, 634, 635, 636, 637, 638, 639, 640, 641, 642, 643, 644, 645, 646, 647, 648, 649, 650, 651, 652, 653, 654, 655, 656, 657, 658, 659, 660, 661, 662, 663, 664, 665, 666, 667, 668, 669, 670, 671, 672, 673, 674, 675, 676, 677, 678, 679, 680, 681, 682, 683, 684, 685, 686, 687, 688, 689, 690, 691, 692, 693, 694, 695, 696, 697, 698, 699, 700, 701, 702, 703, 704, 705, 706, 707, 708, 709, 710, 711, 712, 713, 714, 715, 716, 717, 718, 719, 720, 721, 722, 723, 724, 725, 726, 727, 728, 729, 730, 731, 732, 733, 734, 735, 736, 737, 738, 739, 740, 741, 742, 743, 744, 745, 746, 747, 748, 749, 750, 751, 752, 753, 754, 755, 756, 757, 758, 759, 760, 761, 762, 763, 764, 765, 766, 767, 768, 769, 770, 771, 772, 773, 774, 775, 776, 777, 778, 779, 780, 781, 782, 783, 784, 785, 786, 787, 788, 789, 790, 791, 792, 793, 809, 820, 829, 838, 839, 877, 901, 903, 905, 910, 923]",True,"[109, 579]","[103, 104, 105, 106, 107, 108, 109, 110, 111, 112, 113, 114, 115, 116, 117, 118, 119, 120, 121, 122, 123, 124, 125, 126, 127, 128, 129, 130, 131, 132, 133, 134, 135, 136, 137, 138, 139, 140, 141, 142, 143, 144, 145, 146, 147, 148, 149, 150, 151, 152, 153, 154, 155, 156, 157, 158, 159, 160, 161, 162, 163, 164, 165, 166, 167, 168, 169, 170, 171, 172, 173, 174, 175, 176, 177, 178, 179, 180, 181, 182, 183, 184, 185, 186, 187, 188, 189, 190, 191, 192, 193, 194, 195, 196, 197, 198, 199, 200, 201, 202, 203, 204, 205, 206, 207, 208, 209, 210, 211, 212, 213, 214, 215, 216, 217, 218, 219, 220, 221, 222, 223, 224, 225, 226, 227, 228, 229, 230, 231, 232, 233, 234, 235, 236, 237, 238, 239, 240, 241, 242, 243, 244, 245, 246, 247, 248, 249, 250, 251, 252, 253, 254, 255, 256, 257, 258, 259, 260, 261, 262, 263, 264, 265, 266, 267, 268, 269, 270, 271, 272, 273, 274, 275, 276, 277, 278, 279, 280, 281, 282, 283, 284, 285, 286, 287, 288, 289, 290, 291, 292, 293, 294, 295, 296, 297, 298, 299, 300, 301, 302, 303, 304, 305, 306, 307, 308, 309, 310, 311, 312, 313, 314, 315, 316, 317, 318, 319, 320, 321, 322, 323, 324, 325, 326, 327, 328, 329, 330, 331, 332, 333, 334, 335, 336, 337, 574, 575, 576, 577, 578, 579, 580, 581, 582, 583, 584, 585, 586, 587, 588, 589, 590, 591, 592, 593, 594, 595, 596, 597, 598, 599, 600, 601, 602, 603, 604, 605, 606, 607, 608, 609, 610, 611, 612, 613, 614, 615, 616, 617, 618, 619, 620, 621, 622, 623, 624, 625, 626, 627, 628, 629, 630, 631, 632, 633, 634, 635, 636, 637, 638, 639, 640, 641, 642, 643, 644, 645, 646, 647, 648, 649, 650, 651, 652, 653, 654, 655, 656, 657, 658, 659, 660, 661, 662, 663, 664, 665, 666, 667, 668, 669, 670, 671, 672, 673, 674, 675, 676, 677, 678, 679, 680, 681, 682, 683, 684, 685, 686, 687, 688, 689, 690, 691, 692, 693, 694, 695, 696, 697, 698, 699, 700, 701, 702, 703, 704, 705, 706, 707, 708, 709, 710, 711, 712, 713, 714, 715, 716, 717, 718, 719, 720, 721, 722, 723, 724, 725, 726, 727, 728, 729, 730, 731, 732, 733, 734, 735, 736, 737, 738, 739, 740, 741, 742, 743, 744, 745, 746, 747, 748, 749, 750, 751, 752, 753, 754, 755, 756, 757, 758, 759, 760, 761, 762, 763, 764, 765, 766, 767, 768, 769, 770, 771, 772, 773, 774, 775, 776, 777, 778, 779, 780, 781, 782, 783, 784, 785, 786, 787, 788, 789, 790, 791, 792, 793]","[109, 579]","[109, 370, 579, 820]","[109, 579]","[1, 2, 13, 14, 29, 54, 55, 56, 57, 58, 60, 102, 118, 125, 127, 130, 134, 146, 149, 153, 175, 182, 187, 189, 191, 195, 197, 225, 230, 238, 264, 265, 266, 286, 302, 317, 336, 354, 379, 388, 389, 425, 454, 458, 463, 475, 487, 488, 498, 499, 512, 530, 531, 532, 533, 534, 536, 573, 589, 596, 598, 601, 605, 617, 620, 624, 646, 653, 658, 660, 662, 666, 668, 689, 694, 702, 724, 725, 745, 760, 775, 793, 809, 829, 838, 839, 877, 901, 903, 905, 910, 923]","[1, 13, 14, 29, 54, 55, 56, 57, 58, 60, 102, 118, 125, 127, 130, 134, 146, 149, 153, 175, 182, 187, 189, 191, 197, 225, 230, 238, 264, 265, 266, 286, 302, 317, 336, 379, 388, 389, 425, 454, 458, 463, 475, 487, 498, 499, 512, 530, 531, 532, 533, 534, 536, 573, 589, 596, 598, 601, 605, 617, 620, 624, 646, 653, 658, 660, 662, 668, 689, 694, 702, 724, 725, 745, 760, 775, 793, 829, 838, 839, 877, 901, 903, 905, 910, 923]",5/6 successful match,True,[49],True,793,True,2014,0.09302325581395349,True,Golden Gate Petroleum,
E Martinez ( 94553 ) 7 - Eleven # 35061,925-372-7806 I-680 Exit 54 ( W & N to 3520 Pacheco ),) HORS 24 <U+2610> D,Martinez,94553,7 - Eleven # 35061,925-372-7806,2015,Martinez,CA,Eleven,( W & N to 3520 Pacheco ),I-680 Exit 54 ,Exit,54,False,,False,I-680,,,,,"[579, 109]","[109, 579]","[109, 579]","[109, 370, 579, 820]","[103, 104, 105, 106, 107, 108, 109, 110, 111, 112, 113, 114, 115, 116, 117, 118, 119, 120, 121, 122, 123, 124, 125, 126, 127, 128, 129, 130, 131, 132, 133, 134, 135, 136, 137, 138, 139, 140, 141, 142, 143, 144, 145, 146, 147, 148, 149, 150, 151, 152, 153, 154, 155, 156, 157, 158, 159, 160, 161, 162, 163, 164, 165, 166, 167, 168, 169, 170, 171, 172, 173, 174, 175, 176, 177, 178, 179, 180, 181, 182, 183, 184, 185, 186, 187, 188, 189, 190, 191, 192, 193, 194, 195, 196, 197, 198, 199, 200, 201, 202, 203, 204, 205, 206, 207, 208, 209, 210, 211, 212, 213, 214, 215, 216, 217, 218, 219, 220, 221, 222, 223, 224, 225, 226, 227, 228, 229, 230, 231, 232, 233, 234, 235, 236, 237, 238, 239, 240, 241, 242, 243, 244, 245, 246, 247, 248, 249, 250, 251, 252, 253, 254, 255, 256, 257, 258, 259, 260, 261, 262, 263, 264, 265, 266, 267, 268, 269, 270, 271, 272, 273, 274, 275, 276, 277, 278, 279, 280, 281, 282, 283, 284, 285, 286, 287, 288, 289, 290, 291, 292, 293, 294, 295, 296, 297, 298, 299, 300, 301, 302, 303, 304, 305, 306, 307, 308, 309, 310, 311, 312, 313, 314, 315, 316, 317, 318, 319, 320, 321, 322, 323, 324, 325, 326, 327, 328, 329, 330, 331, 332, 333, 334, 335, 336, 337, 574, 575, 576, 577, 578, 579, 580, 581, 582, 583, 584, 585, 586, 587, 588, 589, 590, 591, 592, 593, 594, 595, 596, 597, 598, 599, 600, 601, 602, 603, 604, 605, 606, 607, 608, 609, 610, 611, 612, 613, 614, 615, 616, 617, 618, 619, 620, 621, 622, 623, 624, 625, 626, 627, 628, 629, 630, 631, 632, 633, 634, 635, 636, 637, 638, 639, 640, 641, 642, 643, 644, 645, 646, 647, 648, 649, 650, 651, 652, 653, 654, 655, 656, 657, 658, 659, 660, 661, 662, 663, 664, 665, 666, 667, 668, 669, 670, 671, 672, 673, 674, 675, 676, 677, 678, 679, 680, 681, 682, 683, 684, 685, 686, 687, 688, 689, 690, 691, 692, 693, 694, 695, 696, 697, 698, 699, 700, 701, 702, 703, 704, 705, 706, 707, 708, 709, 710, 711, 712, 713, 714, 715, 716, 717, 718, 719, 720, 721, 722, 723, 724, 725, 726, 727, 728, 729, 730, 731, 732, 733, 734, 735, 736, 737, 738, 739, 740, 741, 742, 743, 744, 745, 746, 747, 748, 749, 750, 751, 752, 753, 754, 755, 756, 757, 758, 759, 760, 761, 762, 763, 764, 765, 766, 767, 768, 769, 770, 771, 772, 773, 774, 775, 776, 777, 778, 779, 780, 781, 782, 783, 784, 785, 786, 787, 788, 789, 790, 791, 792, 793]","[109, 579]","[107, 108, 109, 110, 578, 579, 580, 584]","[107, 108, 109, 110, 111, 112, 113, 398, 399, 400, 578, 579, 580, 581, 582, 583, 584, 848, 849]","[103, 104, 105, 106, 107, 108, 109, 110, 111, 112, 113, 114, 115, 116, 117, 118, 119, 120, 121, 122, 123, 124, 125, 126, 127, 128, 129, 130, 131, 132, 133, 134, 135, 136, 137, 138, 139, 140, 141, 142, 143, 144, 145, 146, 147, 148, 149, 150, 151, 152, 153, 154, 155, 156, 157, 158, 159, 160, 161, 162, 163, 164, 165, 166, 167, 168, 169, 170, 171, 172, 173, 174, 175, 176, 177, 178, 179, 180, 181, 182, 183, 184, 185, 186, 187, 188, 189, 190, 191, 192, 193, 194, 195, 196, 197, 198, 199, 200, 201, 202, 203, 204, 205, 206, 207, 208, 209, 210, 211, 212, 213, 214, 215, 216, 217, 218, 219, 220, 221, 222, 223, 224, 225, 226, 227, 228, 229, 230, 231, 232, 233, 234, 235, 236, 237, 238, 239, 240, 241, 242, 243, 244, 245, 246, 247, 248, 249, 250, 251, 252, 253, 254, 255, 256, 257, 258, 259, 260, 261, 262, 263, 264, 265, 266, 267, 268, 269, 270, 271, 272, 273, 274, 275, 276, 277, 278, 279, 280, 281, 282, 283, 284, 285, 286, 287, 288, 289, 290, 291, 292, 293, 294, 295, 296, 297, 298, 299, 300, 301, 302, 303, 304, 305, 306, 307, 308, 309, 310, 311, 312, 313, 314, 315, 316, 317, 318, 319, 320, 321, 322, 323, 324, 325, 326, 327, 328, 329, 330, 331, 332, 333, 334, 335, 336, 337, 370, 398, 399, 400, 574, 575, 576, 577, 578, 579, 580, 581, 582, 583, 584, 585, 586, 587, 588, 589, 590, 591, 592, 593, 594, 595, 596, 597, 598, 599, 600, 601, 602, 603, 604, 605, 606, 607, 608, 609, 610, 611, 612, 613, 614, 615, 616, 617, 618, 619, 620, 621, 622, 623, 624, 625, 626, 627, 628, 629, 630, 631, 632, 633, 634, 635, 636, 637, 638, 639, 640, 641, 642, 643, 644, 645, 646, 647, 648, 649, 650, 651, 652, 653, 654, 655, 656, 657, 658, 659, 660, 661, 662, 663, 664, 665, 666, 667, 668, 669, 670, 671, 672, 673, 674, 675, 676, 677, 678, 679, 680, 681, 682, 683, 684, 685, 686, 687, 688, 689, 690, 691, 692, 693, 694, 695, 696, 697, 698, 699, 700, 701, 702, 703, 704, 705, 706, 707, 708, 709, 710, 711, 712, 713, 714, 715, 716, 717, 718, 719, 720, 721, 722, 723, 724, 725, 726, 727, 728, 729, 730, 731, 732, 733, 734, 735, 736, 737, 738, 739, 740, 741, 742, 743, 744, 745, 746, 747, 748, 749, 750, 751, 752, 753, 754, 755, 756, 757, 758, 759, 760, 761, 762, 763, 764, 765, 766, 767, 768, 769, 770, 771, 772, 773, 774, 775, 776, 777, 778, 779, 780, 781, 782, 783, 784, 785, 786, 787, 788, 789, 790, 791, 792, 793, 820, 848, 849]",True,"[109, 579]","[103, 104, 105, 106, 107, 108, 109, 110, 111, 112, 113, 114, 115, 116, 117, 118, 119, 120, 121, 122, 123, 124, 125, 126, 127, 128, 129, 130, 131, 132, 133, 134, 135, 136, 137, 138, 139, 140, 141, 142, 143, 144, 145, 146, 147, 148, 149, 150, 151, 152, 153, 154, 155, 156, 157, 158, 159, 160, 161, 162, 163, 164, 165, 166, 167, 168, 169, 170, 171, 172, 173, 174, 175, 176, 177, 178, 179, 180, 181, 182, 183, 184, 185, 186, 187, 188, 189, 190, 191, 192, 193, 194, 195, 196, 197, 198, 199, 200, 201, 202, 203, 204, 205, 206, 207, 208, 209, 210, 211, 212, 213, 214, 215, 216, 217, 218, 219, 220, 221, 222, 223, 224, 225, 226, 227, 228, 229, 230, 231, 232, 233, 234, 235, 236, 237, 238, 239, 240, 241, 242, 243, 244, 245, 246, 247, 248, 249, 250, 251, 252, 253, 254, 255, 256, 257, 258, 259, 260, 261, 262, 263, 264, 265, 266, 267, 268, 269, 270, 271, 272, 273, 274, 275, 276, 277, 278, 279, 280, 281, 282, 283, 284, 285, 286, 287, 288, 289, 290, 291, 292, 293, 294, 295, 296, 297, 298, 299, 300, 301, 302, 303, 304, 305, 306, 307, 308, 309, 310, 311, 312, 313, 314, 315, 316, 317, 318, 319, 320, 321, 322, 323, 324, 325, 326, 327, 328, 329, 330, 331, 332, 333, 334, 335, 336, 337, 574, 575, 576, 577, 578, 579, 580, 581, 582, 583, 584, 585, 586, 587, 588, 589, 590, 591, 592, 593, 594, 595, 596, 597, 598, 599, 600, 601, 602, 603, 604, 605, 606, 607, 608, 609, 610, 611, 612, 613, 614, 615, 616, 617, 618, 619, 620, 621, 622, 623, 624, 625, 626, 627, 628, 629, 630, 631, 632, 633, 634, 635, 636, 637, 638, 639, 640, 641, 642, 643, 644, 645, 646, 647, 648, 649, 650, 651, 652, 653, 654, 655, 656, 657, 658, 659, 660, 661, 662, 663, 664, 665, 666, 667, 668, 669, 670, 671, 672, 673, 674, 675, 676, 677, 678, 679, 680, 681, 682, 683, 684, 685, 686, 687, 688, 689, 690, 691, 692, 693, 694, 695, 696, 697, 698, 699, 700, 701, 702, 703, 704, 705, 706, 707, 708, 709, 710, 711, 712, 713, 714, 715, 716, 717, 718, 719, 720, 721, 722, 723, 724, 725, 726, 727, 728, 729, 730, 731, 732, 733, 734, 735, 736, 737, 738, 739, 740, 741, 742, 743, 744, 745, 746, 747, 748, 749, 750, 751, 752, 753, 754, 755, 756, 757, 758, 759, 760, 761, 762, 763, 764, 765, 766, 767, 768, 769, 770, 771, 772, 773, 774, 775, 776, 777, 778, 779, 780, 781, 782, 783, 784, 785, 786, 787, 788, 789, 790, 791, 792, 793]","[109, 579]","[109, 370, 579, 820]","[109, 579]","[107, 108, 109, 110, 111, 112, 113, 398, 399, 400, 578, 579, 580, 581, 582, 583, 584, 848, 849]","[107, 108, 109, 110, 578, 579, 580, 584]",7/6 successful match,True,[49],True,793,True,2015,0.48333333333333334,False,7-11 # 35061 ( Shell ),Shell
Martinez ( 94553 ) 7 - Eleven # 35061,925-372-7806 . I-680 Exit 54 ( W & N to 3520 Pacheco ),) 24,Martinez,94553,7 - Eleven # 35061,925-372-7806,2016,Martinez,CA,Eleven,( W & N to 3520 Pacheco ),. I-680 Exit 54 ,Exit,54,False,,False,I-680,,,,,"[579, 109]","[109, 579]","[109, 579]","[109, 370, 579, 820]","[103, 104, 105, 106, 107, 108, 109, 110, 111, 112, 113, 114, 115, 116, 117, 118, 119, 120, 121, 122, 123, 124, 125, 126, 127, 128, 129, 130, 131, 132, 133, 134, 135, 136, 137, 138, 139, 140, 141, 142, 143, 144, 145, 146, 147, 148, 149, 150, 151, 152, 153, 154, 155, 156, 157, 158, 159, 160, 161, 162, 163, 164, 165, 166, 167, 168, 169, 170, 171, 172, 173, 174, 175, 176, 177, 178, 179, 180, 181, 182, 183, 184, 185, 186, 187, 188, 189, 190, 191, 192, 193, 194, 195, 196, 197, 198, 199, 200, 201, 202, 203, 204, 205, 206, 207, 208, 209, 210, 211, 212, 213, 214, 215, 216, 217, 218, 219, 220, 221, 222, 223, 224, 225, 226, 227, 228, 229, 230, 231, 232, 233, 234, 235, 236, 237, 238, 239, 240, 241, 242, 243, 244, 245, 246, 247, 248, 249, 250, 251, 252, 253, 254, 255, 256, 257, 258, 259, 260, 261, 262, 263, 264, 265, 266, 267, 268, 269, 270, 271, 272, 273, 274, 275, 276, 277, 278, 279, 280, 281, 282, 283, 284, 285, 286, 287, 288, 289, 290, 291, 292, 293, 294, 295, 296, 297, 298, 299, 300, 301, 302, 303, 304, 305, 306, 307, 308, 309, 310, 311, 312, 313, 314, 315, 316, 317, 318, 319, 320, 321, 322, 323, 324, 325, 326, 327, 328, 329, 330, 331, 332, 333, 334, 335, 336, 337, 574, 575, 576, 577, 578, 579, 580, 581, 582, 583, 584, 585, 586, 587, 588, 589, 590, 591, 592, 593, 594, 595, 596, 597, 598, 599, 600, 601, 602, 603, 604, 605, 606, 607, 608, 609, 610, 611, 612, 613, 614, 615, 616, 617, 618, 619, 620, 621, 622, 623, 624, 625, 626, 627, 628, 629, 630, 631, 632, 633, 634, 635, 636, 637, 638, 639, 640, 641, 642, 643, 644, 645, 646, 647, 648, 649, 650, 651, 652, 653, 654, 655, 656, 657, 658, 659, 660, 661, 662, 663, 664, 665, 666, 667, 668, 669, 670, 671, 672, 673, 674, 675, 676, 677, 678, 679, 680, 681, 682, 683, 684, 685, 686, 687, 688, 689, 690, 691, 692, 693, 694, 695, 696, 697, 698, 699, 700, 701, 702, 703, 704, 705, 706, 707, 708, 709, 710, 711, 712, 713, 714, 715, 716, 717, 718, 719, 720, 721, 722, 723, 724, 725, 726, 727, 728, 729, 730, 731, 732, 733, 734, 735, 736, 737, 738, 739, 740, 741, 742, 743, 744, 745, 746, 747, 748, 749, 750, 751, 752, 753, 754, 755, 756, 757, 758, 759, 760, 761, 762, 763, 764, 765, 766, 767, 768, 769, 770, 771, 772, 773, 774, 775, 776, 777, 778, 779, 780, 781, 782, 783, 784, 785, 786, 787, 788, 789, 790, 791, 792, 793]","[109, 579]","[107, 108, 109, 110, 578, 579, 580, 584]","[107, 108, 109, 110, 111, 112, 113, 398, 399, 400, 578, 579, 580, 581, 582, 583, 584, 848, 849]","[103, 104, 105, 106, 107, 108, 109, 110, 111, 112, 113, 114, 115, 116, 117, 118, 119, 120, 121, 122, 123, 124, 125, 126, 127, 128, 129, 130, 131, 132, 133, 134, 135, 136, 137, 138, 139, 140, 141, 142, 143, 144, 145, 146, 147, 148, 149, 150, 151, 152, 153, 154, 155, 156, 157, 158, 159, 160, 161, 162, 163, 164, 165, 166, 167, 168, 169, 170, 171, 172, 173, 174, 175, 176, 177, 178, 179, 180, 181, 182, 183, 184, 185, 186, 187, 188, 189, 190, 191, 192, 193, 194, 195, 196, 197, 198, 199, 200, 201, 202, 203, 204, 205, 206, 207, 208, 209, 210, 211, 212, 213, 214, 215, 216, 217, 218, 219, 220, 221, 222, 223, 224, 225, 226, 227, 228, 229, 230, 231, 232, 233, 234, 235, 236, 237, 238, 239, 240, 241, 242, 243, 244, 245, 246, 247, 248, 249, 250, 251, 252, 253, 254, 255, 256, 257, 258, 259, 260, 261, 262, 263, 264, 265, 266, 267, 268, 269, 270, 271, 272, 273, 274, 275, 276, 277, 278, 279, 280, 281, 282, 283, 284, 285, 286, 287, 288, 289, 290, 291, 292, 293, 294, 295, 296, 297, 298, 299, 300, 301, 302, 303, 304, 305, 306, 307, 308, 309, 310, 311, 312, 313, 314, 315, 316, 317, 318, 319, 320, 321, 322, 323, 324, 325, 326, 327, 328, 329, 330, 331, 332, 333, 334, 335, 336, 337, 370, 398, 399, 400, 574, 575, 576, 577, 578, 579, 580, 581, 582, 583, 584, 585, 586, 587, 588, 589, 590, 591, 592, 593, 594, 595, 596, 597, 598, 599, 600, 601, 602, 603, 604, 605, 606, 607, 608, 609, 610, 611, 612, 613, 614, 615, 616, 617, 618, 619, 620, 621, 622, 623, 624, 625, 626, 627, 628, 629, 630, 631, 632, 633, 634, 635, 636, 637, 638, 639, 640, 641, 642, 643, 644, 645, 646, 647, 648, 649, 650, 651, 652, 653, 654, 655, 656, 657, 658, 659, 660, 661, 662, 663, 664, 665, 666, 667, 668, 669, 670, 671, 672, 673, 674, 675, 676, 677, 678, 679, 680, 681, 682, 683, 684, 685, 686, 687, 688, 689, 690, 691, 692, 693, 694, 695, 696, 697, 698, 699, 700, 701, 702, 703, 704, 705, 706, 707, 708, 709, 710, 711, 712, 713, 714, 715, 716, 717, 718, 719, 720, 721, 722, 723, 724, 725, 726, 727, 728, 729, 730, 731, 732, 733, 734, 735, 736, 737, 738, 739, 740, 741, 742, 743, 744, 745, 746, 747, 748, 749, 750, 751, 752, 753, 754, 755, 756, 757, 758, 759, 760, 761, 762, 763, 764, 765, 766, 767, 768, 769, 770, 771, 772, 773, 774, 775, 776, 777, 778, 779, 780, 781, 782, 783, 784, 785, 786, 787, 788, 789, 790, 791, 792, 793, 820, 848, 849]",True,"[109, 579]","[103, 104, 105, 106, 107, 108, 109, 110, 111, 112, 113, 114, 115, 116, 117, 118, 119, 120, 121, 122, 123, 124, 125, 126, 127, 128, 129, 130, 131, 132, 133, 134, 135, 136, 137, 138, 139, 140, 141, 142, 143, 144, 145, 146, 147, 148, 149, 150, 151, 152, 153, 154, 155, 156, 157, 158, 159, 160, 161, 162, 163, 164, 165, 166, 167, 168, 169, 170, 171, 172, 173, 174, 175, 176, 177, 178, 179, 180, 181, 182, 183, 184, 185, 186, 187, 188, 189, 190, 191, 192, 193, 194, 195, 196, 197, 198, 199, 200, 201, 202, 203, 204, 205, 206, 207, 208, 209, 210, 211, 212, 213, 214, 215, 216, 217, 218, 219, 220, 221, 222, 223, 224, 225, 226, 227, 228, 229, 230, 231, 232, 233, 234, 235, 236, 237, 238, 239, 240, 241, 242, 243, 244, 245, 246, 247, 248, 249, 250, 251, 252, 253, 254, 255, 256, 257, 258, 259, 260, 261, 262, 263, 264, 265, 266, 267, 268, 269, 270, 271, 272, 273, 274, 275, 276, 277, 278, 279, 280, 281, 282, 283, 284, 285, 286, 287, 288, 289, 290, 291, 292, 293, 294, 295, 296, 297, 298, 299, 300, 301, 302, 303, 304, 305, 306, 307, 308, 309, 310, 311, 312, 313, 314, 315, 316, 317, 318, 319, 320, 321, 322, 323, 324, 325, 326, 327, 328, 329, 330, 331, 332, 333, 334, 335, 336, 337, 574, 575, 576, 577, 578, 579, 580, 581, 582, 583, 584, 585, 586, 587, 588, 589, 590, 591, 592, 593, 594, 595, 596, 597, 598, 599, 600, 601, 602, 603, 604, 605, 606, 607, 608, 609, 610, 611, 612, 613, 614, 615, 616, 617, 618, 619, 620, 621, 622, 623, 624, 625, 626, 627, 628, 629, 630, 631, 632, 633, 634, 635, 636, 637, 638, 639, 640, 641, 642, 643, 644, 645, 646, 647, 648, 649, 650, 651, 652, 653, 654, 655, 656, 657, 658, 659, 660, 661, 662, 663, 664, 665, 666, 667, 668, 669, 670, 671, 672, 673, 674, 675, 676, 677, 678, 679, 680, 681, 682, 683, 684, 685, 686, 687, 688, 689, 690, 691, 692, 693, 694, 695, 696, 697, 698, 699, 700, 701, 702, 703, 704, 705, 706, 707, 708, 709, 710, 711, 712, 713, 714, 715, 716, 717, 718, 719, 720, 721, 722, 723, 724, 725, 726, 727, 728, 729, 730, 731, 732, 733, 734, 735, 736, 737, 738, 739, 740, 741, 742, 743, 744, 745, 746, 747, 748, 749, 750, 751, 752, 753, 754, 755, 756, 757, 758, 759, 760, 761, 762, 763, 764, 765, 766, 767, 768, 769, 770, 771, 772, 773, 774, 775, 776, 777, 778, 779, 780, 781, 782, 783, 784, 785, 786, 787, 788, 789, 790, 791, 792, 793]","[109, 579]","[109, 370, 579, 820]","[109, 579]","[107, 108, 109, 110, 111, 112, 113, 398, 399, 400, 578, 579, 580, 581, 582, 583, 584, 848, 849]","[107, 108, 109, 110, 578, 579, 580, 584]",7/6 successful match,True,[49],True,793,False,,1.0,True,7 - Eleven # 35061,Eleven
"E San Leandro , 94577 Western States Oil ( Pacific Pride )",510-895-1037 I-880 Exit 33 ( Marina E ),B ) 485 XL,San Leandro,94577,Western States Oil ( Pacific Pride ),510-895-1037,2006,San Leandro,CA,,( Marina E ),I-880 Exit 33 ,Exit,33,False,,False,I-880,,,,,[],[],"[49, 87, 107, 198, 255, 293, 297, 316, 331, 528, 558, 578, 669, 708, 752, 756, 774, 788]","[209, 243, 271, 311, 391, 679, 707, 730, 769, 841]","[103, 104, 105, 106, 107, 108, 109, 110, 111, 112, 113, 114, 115, 116, 117, 118, 119, 120, 121, 122, 123, 124, 125, 126, 127, 128, 129, 130, 131, 132, 133, 134, 135, 136, 137, 138, 139, 140, 141, 142, 143, 144, 145, 146, 147, 148, 149, 150, 151, 152, 153, 154, 155, 156, 157, 158, 159, 160, 161, 162, 163, 164, 165, 166, 167, 168, 169, 170, 171, 172, 173, 174, 175, 176, 177, 178, 179, 180, 181, 182, 183, 184, 185, 186, 187, 188, 189, 190, 191, 192, 193, 194, 195, 196, 197, 198, 199, 200, 201, 202, 203, 204, 205, 206, 207, 208, 209, 210, 211, 212, 213, 214, 215, 216, 217, 218, 219, 220, 221, 222, 223, 224, 225, 226, 227, 228, 229, 230, 231, 232, 233, 234, 235, 236, 237, 238, 239, 240, 241, 242, 243, 244, 245, 246, 247, 248, 249, 250, 251, 252, 253, 254, 255, 256, 257, 258, 259, 260, 261, 262, 263, 264, 265, 266, 267, 268, 269, 270, 271, 272, 273, 274, 275, 276, 277, 278, 279, 280, 281, 282, 283, 284, 285, 286, 287, 288, 289, 290, 291, 292, 293, 294, 295, 296, 297, 298, 299, 300, 301, 302, 303, 304, 305, 306, 307, 308, 309, 310, 311, 312, 313, 314, 315, 316, 317, 318, 319, 320, 321, 322, 323, 324, 325, 326, 327, 328, 329, 330, 331, 332, 333, 334, 335, 336, 337, 574, 575, 576, 577, 578, 579, 580, 581, 582, 583, 584, 585, 586, 587, 588, 589, 590, 591, 592, 593, 594, 595, 596, 597, 598, 599, 600, 601, 602, 603, 604, 605, 606, 607, 608, 609, 610, 611, 612, 613, 614, 615, 616, 617, 618, 619, 620, 621, 622, 623, 624, 625, 626, 627, 628, 629, 630, 631, 632, 633, 634, 635, 636, 637, 638, 639, 640, 641, 642, 643, 644, 645, 646, 647, 648, 649, 650, 651, 652, 653, 654, 655, 656, 657, 658, 659, 660, 661, 662, 663, 664, 665, 666, 667, 668, 669, 670, 671, 672, 673, 674, 675, 676, 677, 678, 679, 680, 681, 682, 683, 684, 685, 686, 687, 688, 689, 690, 691, 692, 693, 694, 695, 696, 697, 698, 699, 700, 701, 702, 703, 704, 705, 706, 707, 708, 709, 710, 711, 712, 713, 714, 715, 716, 717, 718, 719, 720, 721, 722, 723, 724, 725, 726, 727, 728, 729, 730, 731, 732, 733, 734, 735, 736, 737, 738, 739, 740, 741, 742, 743, 744, 745, 746, 747, 748, 749, 750, 751, 752, 753, 754, 755, 756, 757, 758, 759, 760, 761, 762, 763, 764, 765, 766, 767, 768, 769, 770, 771, 772, 773, 774, 775, 776, 777, 778, 779, 780, 781, 782, 783, 784, 785, 786, 787, 788, 789, 790, 791, 792, 793]","[175, 283, 646, 742]",[],"[4, 31, 59, 79, 80, 81, 82, 135, 142, 147, 180, 218, 229, 232, 264, 269, 299, 318, 320, 325, 331, 338, 352, 367, 382, 387, 403, 405, 408, 410, 455, 463, 465, 466, 468, 470, 472, 473, 483, 484, 490, 514, 535, 551, 552, 553, 606, 613, 618, 651, 686, 693, 696, 724, 728, 758, 776, 778, 783, 788, 794, 807, 832, 837, 852, 854, 858, 860, 861, 902, 910, 912, 913, 915, 917, 919, 920, 931, 934, 935]","[4, 31, 49, 59, 79, 80, 81, 82, 87, 103, 104, 105, 106, 107, 108, 109, 110, 111, 112, 113, 114, 115, 116, 117, 118, 119, 120, 121, 122, 123, 124, 125, 126, 127, 128, 129, 130, 131, 132, 133, 134, 135, 136, 137, 138, 139, 140, 141, 142, 143, 144, 145, 146, 147, 148, 149, 150, 151, 152, 153, 154, 155, 156, 157, 158, 159, 160, 161, 162, 163, 164, 165, 166, 167, 168, 169, 170, 171, 172, 173, 174, 175, 176, 177, 178, 179, 180, 181, 182, 183, 184, 185, 186, 187, 188, 189, 190, 191, 192, 193, 194, 195, 196, 197, 198, 199, 200, 201, 202, 203, 204, 205, 206, 207, 208, 209, 210, 211, 212, 213, 214, 215, 216, 217, 218, 219, 220, 221, 222, 223, 224, 225, 226, 227, 228, 229, 230, 231, 232, 233, 234, 235, 236, 237, 238, 239, 240, 241, 242, 243, 244, 245, 246, 247, 248, 249, 250, 251, 252, 253, 254, 255, 256, 257, 258, 259, 260, 261, 262, 263, 264, 265, 266, 267, 268, 269, 270, 271, 272, 273, 274, 275, 276, 277, 278, 279, 280, 281, 282, 283, 284, 285, 286, 287, 288, 289, 290, 291, 292, 293, 294, 295, 296, 297, 298, 299, 300, 301, 302, 303, 304, 305, 306, 307, 308, 309, 310, 311, 312, 313, 314, 315, 316, 317, 318, 319, 320, 321, 322, 323, 324, 325, 326, 327, 328, 329, 330, 331, 332, 333, 334, 335, 336, 337, 338, 352, 367, 382, 387, 391, 403, 405, 408, 410, 455, 463, 465, 466, 468, 470, 472, 473, 483, 484, 490, 514, 528, 535, 551, 552, 553, 558, 574, 575, 576, 577, 578, 579, 580, 581, 582, 583, 584, 585, 586, 587, 588, 589, 590, 591, 592, 593, 594, 595, 596, 597, 598, 599, 600, 601, 602, 603, 604, 605, 606, 607, 608, 609, 610, 611, 612, 613, 614, 615, 616, 617, 618, 619, 620, 621, 622, 623, 624, 625, 626, 627, 628, 629, 630, 631, 632, 633, 634, 635, 636, 637, 638, 639, 640, 641, 642, 643, 644, 645, 646, 647, 648, 649, 650, 651, 652, 653, 654, 655, 656, 657, 658, 659, 660, 661, 662, 663, 664, 665, 666, 667, 668, 669, 670, 671, 672, 673, 674, 675, 676, 677, 678, 679, 680, 681, 682, 683, 684, 685, 686, 687, 688, 689, 690, 691, 692, 693, 694, 695, 696, 697, 698, 699, 700, 701, 702, 703, 704, 705, 706, 707, 708, 709, 710, 711, 712, 713, 714, 715, 716, 717, 718, 719, 720, 721, 722, 723, 724, 725, 726, 727, 728, 729, 730, 731, 732, 733, 734, 735, 736, 737, 738, 739, 740, 741, 742, 743, 744, 745, 746, 747, 748, 749, 750, 751, 752, 753, 754, 755, 756, 757, 758, 759, 760, 761, 762, 763, 764, 765, 766, 767, 768, 769, 770, 771, 772, 773, 774, 775, 776, 777, 778, 779, 780, 781, 782, 783, 784, 785, 786, 787, 788, 789, 790, 791, 792, 793, 794, 807, 832, 837, 841, 852, 854, 858, 860, 861, 902, 910, 912, 913, 915, 917, 919, 920, 931, 934, 935]",False,[],"[103, 104, 105, 106, 107, 108, 109, 110, 111, 112, 113, 114, 115, 116, 117, 118, 119, 120, 121, 122, 123, 124, 125, 126, 127, 128, 129, 130, 131, 132, 133, 134, 135, 136, 137, 138, 139, 140, 141, 142, 143, 144, 145, 146, 147, 148, 149, 150, 151, 152, 153, 154, 155, 156, 157, 158, 159, 160, 161, 162, 163, 164, 165, 166, 167, 168, 169, 170, 171, 172, 173, 174, 175, 176, 177, 178, 179, 180, 181, 182, 183, 184, 185, 186, 187, 188, 189, 190, 191, 192, 193, 194, 195, 196, 197, 198, 199, 200, 201, 202, 203, 204, 205, 206, 207, 208, 209, 210, 211, 212, 213, 214, 215, 216, 217, 218, 219, 220, 221, 222, 223, 224, 225, 226, 227, 228, 229, 230, 231, 232, 233, 234, 235, 236, 237, 238, 239, 240, 241, 242, 243, 244, 245, 246, 247, 248, 249, 250, 251, 252, 253, 254, 255, 256, 257, 258, 259, 260, 261, 262, 263, 264, 265, 266, 267, 268, 269, 270, 271, 272, 273, 274, 275, 276, 277, 278, 279, 280, 281, 282, 283, 284, 285, 286, 287, 288, 289, 290, 291, 292, 293, 294, 295, 296, 297, 298, 299, 300, 301, 302, 303, 304, 305, 306, 307, 308, 309, 310, 311, 312, 313, 314, 315, 316, 317, 318, 319, 320, 321, 322, 323, 324, 325, 326, 327, 328, 329, 330, 331, 332, 333, 334, 335, 336, 337, 574, 575, 576, 577, 578, 579, 580, 581, 582, 583, 584, 585, 586, 587, 588, 589, 590, 591, 592, 593, 594, 595, 596, 597, 598, 599, 600, 601, 602, 603, 604, 605, 606, 607, 608, 609, 610, 611, 612, 613, 614, 615, 616, 617, 618, 619, 620, 621, 622, 623, 624, 625, 626, 627, 628, 629, 630, 631, 632, 633, 634, 635, 636, 637, 638, 639, 640, 641, 642, 643, 644, 645, 646, 647, 648, 649, 650, 651, 652, 653, 654, 655, 656, 657, 658, 659, 660, 661, 662, 663, 664, 665, 666, 667, 668, 669, 670, 671, 672, 673, 674, 675, 676, 677, 678, 679, 680, 681, 682, 683, 684, 685, 686, 687, 688, 689, 690, 691, 692, 693, 694, 695, 696, 697, 698, 699, 700, 701, 702, 703, 704, 705, 706, 707, 708, 709, 710, 711, 712, 713, 714, 715, 716, 717, 718, 719, 720, 721, 722, 723, 724, 725, 726, 727, 728, 729, 730, 731, 732, 733, 734, 735, 736, 737, 738, 739, 740, 741, 742, 743, 744, 745, 746, 747, 748, 749, 750, 751, 752, 753, 754, 755, 756, 757, 758, 759, 760, 761, 762, 763, 764, 765, 766, 767, 768, 769, 770, 771, 772, 773, 774, 775, 776, 777, 778, 779, 780, 781, 782, 783, 784, 785, 786, 787, 788, 789, 790, 791, 792, 793]","[49, 87, 107, 198, 255, 293, 297, 316, 331, 528, 558, 578, 669, 708, 752, 756, 774, 788]","[209, 243, 271, 311, 391, 679, 707, 730, 769, 841]","[175, 283, 646, 742]","[4, 31, 59, 79, 80, 81, 82, 135, 142, 147, 180, 218, 229, 232, 264, 269, 299, 318, 320, 325, 331, 338, 352, 367, 382, 387, 403, 405, 408, 410, 455, 463, 465, 466, 468, 470, 472, 473, 483, 484, 490, 514, 535, 551, 552, 553, 606, 613, 618, 651, 686, 693, 696, 724, 728, 758, 776, 778, 783, 788, 794, 807, 832, 837, 852, 854, 858, 860, 861, 902, 910, 912, 913, 915, 917, 919, 920, 931, 934, 935]",[],4/6 successful match,False,,False,794,False,,,,,
"San Leandro , 94577 Western States Oil ( Pacific Pride )",510-895-1037 I-880 Exit 33 ( E ),,San Leandro,94577,Western States Oil ( Pacific Pride ),510-895-1037,2007,San Leandro,CA,,( E ),I-880 Exit 33 ,Exit,33,False,,False,I-880,,,,,[],[],"[49, 87, 107, 198, 255, 293, 297, 316, 331, 528, 558, 578, 669, 708, 752, 756, 774, 788]","[209, 243, 271, 311, 391, 679, 707, 730, 769, 841]","[103, 104, 105, 106, 107, 108, 109, 110, 111, 112, 113, 114, 115, 116, 117, 118, 119, 120, 121, 122, 123, 124, 125, 126, 127, 128, 129, 130, 131, 132, 133, 134, 135, 136, 137, 138, 139, 140, 141, 142, 143, 144, 145, 146, 147, 148, 149, 150, 151, 152, 153, 154, 155, 156, 157, 158, 159, 160, 161, 162, 163, 164, 165, 166, 167, 168, 169, 170, 171, 172, 173, 174, 175, 176, 177, 178, 179, 180, 181, 182, 183, 184, 185, 186, 187, 188, 189, 190, 191, 192, 193, 194, 195, 196, 197, 198, 199, 200, 201, 202, 203, 204, 205, 206, 207, 208, 209, 210, 211, 212, 213, 214, 215, 216, 217, 218, 219, 220, 221, 222, 223, 224, 225, 226, 227, 228, 229, 230, 231, 232, 233, 234, 235, 236, 237, 238, 239, 240, 241, 242, 243, 244, 245, 246, 247, 248, 249, 250, 251, 252, 253, 254, 255, 256, 257, 258, 259, 260, 261, 262, 263, 264, 265, 266, 267, 268, 269, 270, 271, 272, 273, 274, 275, 276, 277, 278, 279, 280, 281, 282, 283, 284, 285, 286, 287, 288, 289, 290, 291, 292, 293, 294, 295, 296, 297, 298, 299, 300, 301, 302, 303, 304, 305, 306, 307, 308, 309, 310, 311, 312, 313, 314, 315, 316, 317, 318, 319, 320, 321, 322, 323, 324, 325, 326, 327, 328, 329, 330, 331, 332, 333, 334, 335, 336, 337, 574, 575, 576, 577, 578, 579, 580, 581, 582, 583, 584, 585, 586, 587, 588, 589, 590, 591, 592, 593, 594, 595, 596, 597, 598, 599, 600, 601, 602, 603, 604, 605, 606, 607, 608, 609, 610, 611, 612, 613, 614, 615, 616, 617, 618, 619, 620, 621, 622, 623, 624, 625, 626, 627, 628, 629, 630, 631, 632, 633, 634, 635, 636, 637, 638, 639, 640, 641, 642, 643, 644, 645, 646, 647, 648, 649, 650, 651, 652, 653, 654, 655, 656, 657, 658, 659, 660, 661, 662, 663, 664, 665, 666, 667, 668, 669, 670, 671, 672, 673, 674, 675, 676, 677, 678, 679, 680, 681, 682, 683, 684, 685, 686, 687, 688, 689, 690, 691, 692, 693, 694, 695, 696, 697, 698, 699, 700, 701, 702, 703, 704, 705, 706, 707, 708, 709, 710, 711, 712, 713, 714, 715, 716, 717, 718, 719, 720, 721, 722, 723, 724, 725, 726, 727, 728, 729, 730, 731, 732, 733, 734, 735, 736, 737, 738, 739, 740, 741, 742, 743, 744, 745, 746, 747, 748, 749, 750, 751, 752, 753, 754, 755, 756, 757, 758, 759, 760, 761, 762, 763, 764, 765, 766, 767, 768, 769, 770, 771, 772, 773, 774, 775, 776, 777, 778, 779, 780, 781, 782, 783, 784, 785, 786, 787, 788, 789, 790, 791, 792, 793]","[175, 283, 646, 742]",[],"[4, 31, 59, 79, 80, 81, 82, 135, 142, 147, 180, 218, 229, 232, 264, 269, 299, 318, 320, 325, 331, 338, 352, 367, 382, 387, 403, 405, 408, 410, 455, 463, 465, 466, 468, 470, 472, 473, 483, 484, 490, 514, 535, 551, 552, 553, 606, 613, 618, 651, 686, 693, 696, 724, 728, 758, 776, 778, 783, 788, 794, 807, 832, 837, 852, 854, 858, 860, 861, 902, 910, 912, 913, 915, 917, 919, 920, 931, 934, 935]","[4, 31, 49, 59, 79, 80, 81, 82, 87, 103, 104, 105, 106, 107, 108, 109, 110, 111, 112, 113, 114, 115, 116, 117, 118, 119, 120, 121, 122, 123, 124, 125, 126, 127, 128, 129, 130, 131, 132, 133, 134, 135, 136, 137, 138, 139, 140, 141, 142, 143, 144, 145, 146, 147, 148, 149, 150, 151, 152, 153, 154, 155, 156, 157, 158, 159, 160, 161, 162, 163, 164, 165, 166, 167, 168, 169, 170, 171, 172, 173, 174, 175, 176, 177, 178, 179, 180, 181, 182, 183, 184, 185, 186, 187, 188, 189, 190, 191, 192, 193, 194, 195, 196, 197, 198, 199, 200, 201, 202, 203, 204, 205, 206, 207, 208, 209, 210, 211, 212, 213, 214, 215, 216, 217, 218, 219, 220, 221, 222, 223, 224, 225, 226, 227, 228, 229, 230, 231, 232, 233, 234, 235, 236, 237, 238, 239, 240, 241, 242, 243, 244, 245, 246, 247, 248, 249, 250, 251, 252, 253, 254, 255, 256, 257, 258, 259, 260, 261, 262, 263, 264, 265, 266, 267, 268, 269, 270, 271, 272, 273, 274, 275, 276, 277, 278, 279, 280, 281, 282, 283, 284, 285, 286, 287, 288, 289, 290, 291, 292, 293, 294, 295, 296, 297, 298, 299, 300, 301, 302, 303, 304, 305, 306, 307, 308, 309, 310, 311, 312, 313, 314, 315, 316, 317, 318, 319, 320, 321, 322, 323, 324, 325, 326, 327, 328, 329, 330, 331, 332, 333, 334, 335, 336, 337, 338, 352, 367, 382, 387, 391, 403, 405, 408, 410, 455, 463, 465, 466, 468, 470, 472, 473, 483, 484, 490, 514, 528, 535, 551, 552, 553, 558, 574, 575, 576, 577, 578, 579, 580, 581, 582, 583, 584, 585, 586, 587, 588, 589, 590, 591, 592, 593, 594, 595, 596, 597, 598, 599, 600, 601, 602, 603, 604, 605, 606, 607, 608, 609, 610, 611, 612, 613, 614, 615, 616, 617, 618, 619, 620, 621, 622, 623, 624, 625, 626, 627, 628, 629, 630, 631, 632, 633, 634, 635, 636, 637, 638, 639, 640, 641, 642, 643, 644, 645, 646, 647, 648, 649, 650, 651, 652, 653, 654, 655, 656, 657, 658, 659, 660, 661, 662, 663, 664, 665, 666, 667, 668, 669, 670, 671, 672, 673, 674, 675, 676, 677, 678, 679, 680, 681, 682, 683, 684, 685, 686, 687, 688, 689, 690, 691, 692, 693, 694, 695, 696, 697, 698, 699, 700, 701, 702, 703, 704, 705, 706, 707, 708, 709, 710, 711, 712, 713, 714, 715, 716, 717, 718, 719, 720, 721, 722, 723, 724, 725, 726, 727, 728, 729, 730, 731, 732, 733, 734, 735, 736, 737, 738, 739, 740, 741, 742, 743, 744, 745, 746, 747, 748, 749, 750, 751, 752, 753, 754, 755, 756, 757, 758, 759, 760, 761, 762, 763, 764, 765, 766, 767, 768, 769, 770, 771, 772, 773, 774, 775, 776, 777, 778, 779, 780, 781, 782, 783, 784, 785, 786, 787, 788, 789, 790, 791, 792, 793, 794, 807, 832, 837, 841, 852, 854, 858, 860, 861, 902, 910, 912, 913, 915, 917, 919, 920, 931, 934, 935]",False,[],"[103, 104, 105, 106, 107, 108, 109, 110, 111, 112, 113, 114, 115, 116, 117, 118, 119, 120, 121, 122, 123, 124, 125, 126, 127, 128, 129, 130, 131, 132, 133, 134, 135, 136, 137, 138, 139, 140, 141, 142, 143, 144, 145, 146, 147, 148, 149, 150, 151, 152, 153, 154, 155, 156, 157, 158, 159, 160, 161, 162, 163, 164, 165, 166, 167, 168, 169, 170, 171, 172, 173, 174, 175, 176, 177, 178, 179, 180, 181, 182, 183, 184, 185, 186, 187, 188, 189, 190, 191, 192, 193, 194, 195, 196, 197, 198, 199, 200, 201, 202, 203, 204, 205, 206, 207, 208, 209, 210, 211, 212, 213, 214, 215, 216, 217, 218, 219, 220, 221, 222, 223, 224, 225, 226, 227, 228, 229, 230, 231, 232, 233, 234, 235, 236, 237, 238, 239, 240, 241, 242, 243, 244, 245, 246, 247, 248, 249, 250, 251, 252, 253, 254, 255, 256, 257, 258, 259, 260, 261, 262, 263, 264, 265, 266, 267, 268, 269, 270, 271, 272, 273, 274, 275, 276, 277, 278, 279, 280, 281, 282, 283, 284, 285, 286, 287, 288, 289, 290, 291, 292, 293, 294, 295, 296, 297, 298, 299, 300, 301, 302, 303, 304, 305, 306, 307, 308, 309, 310, 311, 312, 313, 314, 315, 316, 317, 318, 319, 320, 321, 322, 323, 324, 325, 326, 327, 328, 329, 330, 331, 332, 333, 334, 335, 336, 337, 574, 575, 576, 577, 578, 579, 580, 581, 582, 583, 584, 585, 586, 587, 588, 589, 590, 591, 592, 593, 594, 595, 596, 597, 598, 599, 600, 601, 602, 603, 604, 605, 606, 607, 608, 609, 610, 611, 612, 613, 614, 615, 616, 617, 618, 619, 620, 621, 622, 623, 624, 625, 626, 627, 628, 629, 630, 631, 632, 633, 634, 635, 636, 637, 638, 639, 640, 641, 642, 643, 644, 645, 646, 647, 648, 649, 650, 651, 652, 653, 654, 655, 656, 657, 658, 659, 660, 661, 662, 663, 664, 665, 666, 667, 668, 669, 670, 671, 672, 673, 674, 675, 676, 677, 678, 679, 680, 681, 682, 683, 684, 685, 686, 687, 688, 689, 690, 691, 692, 693, 694, 695, 696, 697, 698, 699, 700, 701, 702, 703, 704, 705, 706, 707, 708, 709, 710, 711, 712, 713, 714, 715, 716, 717, 718, 719, 720, 721, 722, 723, 724, 725, 726, 727, 728, 729, 730, 731, 732, 733, 734, 735, 736, 737, 738, 739, 740, 741, 742, 743, 744, 745, 746, 747, 748, 749, 750, 751, 752, 753, 754, 755, 756, 757, 758, 759, 760, 761, 762, 763, 764, 765, 766, 767, 768, 769, 770, 771, 772, 773, 774, 775, 776, 777, 778, 779, 780, 781, 782, 783, 784, 785, 786, 787, 788, 789, 790, 791, 792, 793]","[49, 87, 107, 198, 255, 293, 297, 316, 331, 528, 558, 578, 669, 708, 752, 756, 774, 788]","[209, 243, 271, 311, 391, 679, 707, 730, 769, 841]","[175, 283, 646, 742]","[4, 31, 59, 79, 80, 81, 82, 135, 142, 147, 180, 218, 229, 232, 264, 269, 299, 318, 320, 325, 331, 338, 352, 367, 382, 387, 403, 405, 408, 410, 455, 463, 465, 466, 468, 470, 472, 473, 483, 484, 490, 514, 535, 551, 552, 553, 606, 613, 618, 651, 686, 693, 696, 724, 728, 758, 776, 778, 783, 788, 794, 807, 832, 837, 852, 854, 858, 860, 861, 902, 910, 912, 913, 915, 917, 919, 920, 931, 934, 935]",[],4/6 successful match,False,,False,794,False,,1.0,True,Western States Oil ( Pacific Pride ),
"E San Leandro , 94577 Western States Oil ( Pacific Pride )",510-895-1037 I-880 Exit 33 ( Marina E ),<U+2610> <U+2610> <U+2610> <U+25A1> <U+25A1> <U+2610>,San Leandro,94577,Western States Oil ( Pacific Pride ),510-895-1037,2008,San Leandro,CA,,( Marina E ),I-880 Exit 33 ,Exit,33,False,,False,I-880,,,,,[],[],"[49, 87, 107, 198, 255, 293, 297, 316, 331, 528, 558, 578, 669, 708, 752, 756, 774, 788]","[209, 243, 271, 311, 391, 679, 707, 730, 769, 841]","[103, 104, 105, 106, 107, 108, 109, 110, 111, 112, 113, 114, 115, 116, 117, 118, 119, 120, 121, 122, 123, 124, 125, 126, 127, 128, 129, 130, 131, 132, 133, 134, 135, 136, 137, 138, 139, 140, 141, 142, 143, 144, 145, 146, 147, 148, 149, 150, 151, 152, 153, 154, 155, 156, 157, 158, 159, 160, 161, 162, 163, 164, 165, 166, 167, 168, 169, 170, 171, 172, 173, 174, 175, 176, 177, 178, 179, 180, 181, 182, 183, 184, 185, 186, 187, 188, 189, 190, 191, 192, 193, 194, 195, 196, 197, 198, 199, 200, 201, 202, 203, 204, 205, 206, 207, 208, 209, 210, 211, 212, 213, 214, 215, 216, 217, 218, 219, 220, 221, 222, 223, 224, 225, 226, 227, 228, 229, 230, 231, 232, 233, 234, 235, 236, 237, 238, 239, 240, 241, 242, 243, 244, 245, 246, 247, 248, 249, 250, 251, 252, 253, 254, 255, 256, 257, 258, 259, 260, 261, 262, 263, 264, 265, 266, 267, 268, 269, 270, 271, 272, 273, 274, 275, 276, 277, 278, 279, 280, 281, 282, 283, 284, 285, 286, 287, 288, 289, 290, 291, 292, 293, 294, 295, 296, 297, 298, 299, 300, 301, 302, 303, 304, 305, 306, 307, 308, 309, 310, 311, 312, 313, 314, 315, 316, 317, 318, 319, 320, 321, 322, 323, 324, 325, 326, 327, 328, 329, 330, 331, 332, 333, 334, 335, 336, 337, 574, 575, 576, 577, 578, 579, 580, 581, 582, 583, 584, 585, 586, 587, 588, 589, 590, 591, 592, 593, 594, 595, 596, 597, 598, 599, 600, 601, 602, 603, 604, 605, 606, 607, 608, 609, 610, 611, 612, 613, 614, 615, 616, 617, 618, 619, 620, 621, 622, 623, 624, 625, 626, 627, 628, 629, 630, 631, 632, 633, 634, 635, 636, 637, 638, 639, 640, 641, 642, 643, 644, 645, 646, 647, 648, 649, 650, 651, 652, 653, 654, 655, 656, 657, 658, 659, 660, 661, 662, 663, 664, 665, 666, 667, 668, 669, 670, 671, 672, 673, 674, 675, 676, 677, 678, 679, 680, 681, 682, 683, 684, 685, 686, 687, 688, 689, 690, 691, 692, 693, 694, 695, 696, 697, 698, 699, 700, 701, 702, 703, 704, 705, 706, 707, 708, 709, 710, 711, 712, 713, 714, 715, 716, 717, 718, 719, 720, 721, 722, 723, 724, 725, 726, 727, 728, 729, 730, 731, 732, 733, 734, 735, 736, 737, 738, 739, 740, 741, 742, 743, 744, 745, 746, 747, 748, 749, 750, 751, 752, 753, 754, 755, 756, 757, 758, 759, 760, 761, 762, 763, 764, 765, 766, 767, 768, 769, 770, 771, 772, 773, 774, 775, 776, 777, 778, 779, 780, 781, 782, 783, 784, 785, 786, 787, 788, 789, 790, 791, 792, 793]","[175, 283, 646, 742]",[],"[4, 31, 59, 79, 80, 81, 82, 135, 142, 147, 180, 218, 229, 232, 264, 269, 299, 318, 320, 325, 331, 338, 352, 367, 382, 387, 403, 405, 408, 410, 455, 463, 465, 466, 468, 470, 472, 473, 483, 484, 490, 514, 535, 551, 552, 553, 606, 613, 618, 651, 686, 693, 696, 724, 728, 758, 776, 778, 783, 788, 794, 807, 832, 837, 852, 854, 858, 860, 861, 902, 910, 912, 913, 915, 917, 919, 920, 931, 934, 935]","[4, 31, 49, 59, 79, 80, 81, 82, 87, 103, 104, 105, 106, 107, 108, 109, 110, 111, 112, 113, 114, 115, 116, 117, 118, 119, 120, 121, 122, 123, 124, 125, 126, 127, 128, 129, 130, 131, 132, 133, 134, 135, 136, 137, 138, 139, 140, 141, 142, 143, 144, 145, 146, 147, 148, 149, 150, 151, 152, 153, 154, 155, 156, 157, 158, 159, 160, 161, 162, 163, 164, 165, 166, 167, 168, 169, 170, 171, 172, 173, 174, 175, 176, 177, 178, 179, 180, 181, 182, 183, 184, 185, 186, 187, 188, 189, 190, 191, 192, 193, 194, 195, 196, 197, 198, 199, 200, 201, 202, 203, 204, 205, 206, 207, 208, 209, 210, 211, 212, 213, 214, 215, 216, 217, 218, 219, 220, 221, 222, 223, 224, 225, 226, 227, 228, 229, 230, 231, 232, 233, 234, 235, 236, 237, 238, 239, 240, 241, 242, 243, 244, 245, 246, 247, 248, 249, 250, 251, 252, 253, 254, 255, 256, 257, 258, 259, 260, 261, 262, 263, 264, 265, 266, 267, 268, 269, 270, 271, 272, 273, 274, 275, 276, 277, 278, 279, 280, 281, 282, 283, 284, 285, 286, 287, 288, 289, 290, 291, 292, 293, 294, 295, 296, 297, 298, 299, 300, 301, 302, 303, 304, 305, 306, 307, 308, 309, 310, 311, 312, 313, 314, 315, 316, 317, 318, 319, 320, 321, 322, 323, 324, 325, 326, 327, 328, 329, 330, 331, 332, 333, 334, 335, 336, 337, 338, 352, 367, 382, 387, 391, 403, 405, 408, 410, 455, 463, 465, 466, 468, 470, 472, 473, 483, 484, 490, 514, 528, 535, 551, 552, 553, 558, 574, 575, 576, 577, 578, 579, 580, 581, 582, 583, 584, 585, 586, 587, 588, 589, 590, 591, 592, 593, 594, 595, 596, 597, 598, 599, 600, 601, 602, 603, 604, 605, 606, 607, 608, 609, 610, 611, 612, 613, 614, 615, 616, 617, 618, 619, 620, 621, 622, 623, 624, 625, 626, 627, 628, 629, 630, 631, 632, 633, 634, 635, 636, 637, 638, 639, 640, 641, 642, 643, 644, 645, 646, 647, 648, 649, 650, 651, 652, 653, 654, 655, 656, 657, 658, 659, 660, 661, 662, 663, 664, 665, 666, 667, 668, 669, 670, 671, 672, 673, 674, 675, 676, 677, 678, 679, 680, 681, 682, 683, 684, 685, 686, 687, 688, 689, 690, 691, 692, 693, 694, 695, 696, 697, 698, 699, 700, 701, 702, 703, 704, 705, 706, 707, 708, 709, 710, 711, 712, 713, 714, 715, 716, 717, 718, 719, 720, 721, 722, 723, 724, 725, 726, 727, 728, 729, 730, 731, 732, 733, 734, 735, 736, 737, 738, 739, 740, 741, 742, 743, 744, 745, 746, 747, 748, 749, 750, 751, 752, 753, 754, 755, 756, 757, 758, 759, 760, 761, 762, 763, 764, 765, 766, 767, 768, 769, 770, 771, 772, 773, 774, 775, 776, 777, 778, 779, 780, 781, 782, 783, 784, 785, 786, 787, 788, 789, 790, 791, 792, 793, 794, 807, 832, 837, 841, 852, 854, 858, 860, 861, 902, 910, 912, 913, 915, 917, 919, 920, 931, 934, 935]",False,[],"[103, 104, 105, 106, 107, 108, 109, 110, 111, 112, 113, 114, 115, 116, 117, 118, 119, 120, 121, 122, 123, 124, 125, 126, 127, 128, 129, 130, 131, 132, 133, 134, 135, 136, 137, 138, 139, 140, 141, 142, 143, 144, 145, 146, 147, 148, 149, 150, 151, 152, 153, 154, 155, 156, 157, 158, 159, 160, 161, 162, 163, 164, 165, 166, 167, 168, 169, 170, 171, 172, 173, 174, 175, 176, 177, 178, 179, 180, 181, 182, 183, 184, 185, 186, 187, 188, 189, 190, 191, 192, 193, 194, 195, 196, 197, 198, 199, 200, 201, 202, 203, 204, 205, 206, 207, 208, 209, 210, 211, 212, 213, 214, 215, 216, 217, 218, 219, 220, 221, 222, 223, 224, 225, 226, 227, 228, 229, 230, 231, 232, 233, 234, 235, 236, 237, 238, 239, 240, 241, 242, 243, 244, 245, 246, 247, 248, 249, 250, 251, 252, 253, 254, 255, 256, 257, 258, 259, 260, 261, 262, 263, 264, 265, 266, 267, 268, 269, 270, 271, 272, 273, 274, 275, 276, 277, 278, 279, 280, 281, 282, 283, 284, 285, 286, 287, 288, 289, 290, 291, 292, 293, 294, 295, 296, 297, 298, 299, 300, 301, 302, 303, 304, 305, 306, 307, 308, 309, 310, 311, 312, 313, 314, 315, 316, 317, 318, 319, 320, 321, 322, 323, 324, 325, 326, 327, 328, 329, 330, 331, 332, 333, 334, 335, 336, 337, 574, 575, 576, 577, 578, 579, 580, 581, 582, 583, 584, 585, 586, 587, 588, 589, 590, 591, 592, 593, 594, 595, 596, 597, 598, 599, 600, 601, 602, 603, 604, 605, 606, 607, 608, 609, 610, 611, 612, 613, 614, 615, 616, 617, 618, 619, 620, 621, 622, 623, 624, 625, 626, 627, 628, 629, 630, 631, 632, 633, 634, 635, 636, 637, 638, 639, 640, 641, 642, 643, 644, 645, 646, 647, 648, 649, 650, 651, 652, 653, 654, 655, 656, 657, 658, 659, 660, 661, 662, 663, 664, 665, 666, 667, 668, 669, 670, 671, 672, 673, 674, 675, 676, 677, 678, 679, 680, 681, 682, 683, 684, 685, 686, 687, 688, 689, 690, 691, 692, 693, 694, 695, 696, 697, 698, 699, 700, 701, 702, 703, 704, 705, 706, 707, 708, 709, 710, 711, 712, 713, 714, 715, 716, 717, 718, 719, 720, 721, 722, 723, 724, 725, 726, 727, 728, 729, 730, 731, 732, 733, 734, 735, 736, 737, 738, 739, 740, 741, 742, 743, 744, 745, 746, 747, 748, 749, 750, 751, 752, 753, 754, 755, 756, 757, 758, 759, 760, 761, 762, 763, 764, 765, 766, 767, 768, 769, 770, 771, 772, 773, 774, 775, 776, 777, 778, 779, 780, 781, 782, 783, 784, 785, 786, 787, 788, 789, 790, 791, 792, 793]","[49, 87, 107, 198, 255, 293, 297, 316, 331, 528, 558, 578, 669, 708, 752, 756, 774, 788]","[209, 243, 271, 311, 391, 679, 707, 730, 769, 841]","[175, 283, 646, 742]","[4, 31, 59, 79, 80, 81, 82, 135, 142, 147, 180, 218, 229, 232, 264, 269, 299, 318, 320, 325, 331, 338, 352, 367, 382, 387, 403, 405, 408, 410, 455, 463, 465, 466, 468, 470, 472, 473, 483, 484, 490, 514, 535, 551, 552, 553, 606, 613, 618, 651, 686, 693, 696, 724, 728, 758, 776, 778, 783, 788, 794, 807, 832, 837, 852, 854, 858, 860, 861, 902, 910, 912, 913, 915, 917, 919, 920, 931, 934, 935]",[],4/6 successful match,False,,False,794,False,,1.0,True,Western States Oil ( Pacific Pride ),
Oakland ( 94606 ) Golden Gate ( Shell ),510-434-9901 421 - 23rd Ave,<U+25A1> <U+2610> <U+2610> <U+25A1>,Oakland,94606,Golden Gate ( Shell ),510-434-9901,2014,Oakland,CA,Shell,,421 - 23rd Ave,Proper,,False,,False,23rd Ave,,,,,"[648, 177]","[177, 648]","[176, 177, 283, 647, 648, 742]",[],"[103, 104, 105, 106, 107, 108, 109, 110, 111, 112, 113, 114, 115, 116, 117, 118, 119, 120, 121, 122, 123, 124, 125, 126, 127, 128, 129, 130, 131, 132, 133, 134, 135, 136, 137, 138, 139, 140, 141, 142, 143, 144, 145, 146, 147, 148, 149, 150, 151, 152, 153, 154, 155, 156, 157, 158, 159, 160, 161, 162, 163, 164, 165, 166, 167, 168, 169, 170, 171, 172, 173, 174, 175, 176, 177, 178, 179, 180, 181, 182, 183, 184, 185, 186, 187, 188, 189, 190, 191, 192, 193, 194, 195, 196, 197, 198, 199, 200, 201, 202, 203, 204, 205, 206, 207, 208, 209, 210, 211, 212, 213, 214, 215, 216, 217, 218, 219, 220, 221, 222, 223, 224, 225, 226, 227, 228, 229, 230, 231, 232, 233, 234, 235, 236, 237, 238, 239, 240, 241, 242, 243, 244, 245, 246, 247, 248, 249, 250, 251, 252, 253, 254, 255, 256, 257, 258, 259, 260, 261, 262, 263, 264, 265, 266, 267, 268, 269, 270, 271, 272, 273, 274, 275, 276, 277, 278, 279, 280, 281, 282, 283, 284, 285, 286, 287, 288, 289, 290, 291, 292, 293, 294, 295, 296, 297, 298, 299, 300, 301, 302, 303, 304, 305, 306, 307, 308, 309, 310, 311, 312, 313, 314, 315, 316, 317, 318, 319, 320, 321, 322, 323, 324, 325, 326, 327, 328, 329, 330, 331, 332, 333, 334, 335, 336, 337, 574, 575, 576, 577, 578, 579, 580, 581, 582, 583, 584, 585, 586, 587, 588, 589, 590, 591, 592, 593, 594, 595, 596, 597, 598, 599, 600, 601, 602, 603, 604, 605, 606, 607, 608, 609, 610, 611, 612, 613, 614, 615, 616, 617, 618, 619, 620, 621, 622, 623, 624, 625, 626, 627, 628, 629, 630, 631, 632, 633, 634, 635, 636, 637, 638, 639, 640, 641, 642, 643, 644, 645, 646, 647, 648, 649, 650, 651, 652, 653, 654, 655, 656, 657, 658, 659, 660, 661, 662, 663, 664, 665, 666, 667, 668, 669, 670, 671, 672, 673, 674, 675, 676, 677, 678, 679, 680, 681, 682, 683, 684, 685, 686, 687, 688, 689, 690, 691, 692, 693, 694, 695, 696, 697, 698, 699, 700, 701, 702, 703, 704, 705, 706, 707, 708, 709, 710, 711, 712, 713, 714, 715, 716, 717, 718, 719, 720, 721, 722, 723, 724, 725, 726, 727, 728, 729, 730, 731, 732, 733, 734, 735, 736, 737, 738, 739, 740, 741, 742, 743, 744, 745, 746, 747, 748, 749, 750, 751, 752, 753, 754, 755, 756, 757, 758, 759, 760, 761, 762, 763, 764, 765, 766, 767, 768, 769, 770, 771, 772, 773, 774, 775, 776, 777, 778, 779, 780, 781, 782, 783, 784, 785, 786, 787, 788, 789, 790, 791, 792, 793]","[177, 648]","[1, 13, 14, 29, 54, 55, 56, 57, 58, 60, 102, 118, 125, 127, 130, 134, 146, 149, 153, 175, 182, 187, 189, 191, 197, 225, 230, 238, 264, 265, 266, 286, 302, 317, 336, 379, 388, 389, 425, 454, 458, 463, 475, 487, 498, 499, 512, 530, 531, 532, 533, 534, 536, 573, 589, 596, 598, 601, 605, 617, 620, 624, 646, 653, 658, 660, 662, 668, 689, 694, 702, 724, 725, 745, 760, 775, 793, 829, 838, 839, 877, 901, 903, 905, 910, 923]","[1, 13, 14, 29, 54, 55, 56, 57, 58, 60, 102, 118, 125, 127, 130, 134, 146, 149, 153, 174, 175, 176, 177, 178, 182, 187, 189, 191, 197, 225, 230, 238, 264, 265, 266, 286, 302, 317, 336, 347, 348, 349, 350, 351, 352, 354, 379, 388, 389, 423, 425, 454, 458, 463, 475, 487, 498, 499, 512, 530, 531, 532, 533, 534, 536, 573, 589, 596, 598, 601, 605, 617, 620, 624, 645, 646, 647, 648, 649, 653, 658, 660, 662, 668, 689, 694, 702, 724, 725, 745, 760, 775, 793, 802, 803, 804, 805, 806, 807, 809, 829, 838, 839, 875, 877, 901, 903, 905, 910, 923]","[1, 13, 14, 29, 54, 55, 56, 57, 58, 60, 102, 103, 104, 105, 106, 107, 108, 109, 110, 111, 112, 113, 114, 115, 116, 117, 118, 119, 120, 121, 122, 123, 124, 125, 126, 127, 128, 129, 130, 131, 132, 133, 134, 135, 136, 137, 138, 139, 140, 141, 142, 143, 144, 145, 146, 147, 148, 149, 150, 151, 152, 153, 154, 155, 156, 157, 158, 159, 160, 161, 162, 163, 164, 165, 166, 167, 168, 169, 170, 171, 172, 173, 174, 175, 176, 177, 178, 179, 180, 181, 182, 183, 184, 185, 186, 187, 188, 189, 190, 191, 192, 193, 194, 195, 196, 197, 198, 199, 200, 201, 202, 203, 204, 205, 206, 207, 208, 209, 210, 211, 212, 213, 214, 215, 216, 217, 218, 219, 220, 221, 222, 223, 224, 225, 226, 227, 228, 229, 230, 231, 232, 233, 234, 235, 236, 237, 238, 239, 240, 241, 242, 243, 244, 245, 246, 247, 248, 249, 250, 251, 252, 253, 254, 255, 256, 257, 258, 259, 260, 261, 262, 263, 264, 265, 266, 267, 268, 269, 270, 271, 272, 273, 274, 275, 276, 277, 278, 279, 280, 281, 282, 283, 284, 285, 286, 287, 288, 289, 290, 291, 292, 293, 294, 295, 296, 297, 298, 299, 300, 301, 302, 303, 304, 305, 306, 307, 308, 309, 310, 311, 312, 313, 314, 315, 316, 317, 318, 319, 320, 321, 322, 323, 324, 325, 326, 327, 328, 329, 330, 331, 332, 333, 334, 335, 336, 337, 347, 348, 349, 350, 351, 352, 354, 379, 388, 389, 423, 425, 454, 458, 463, 475, 487, 498, 499, 512, 530, 531, 532, 533, 534, 536, 573, 574, 575, 576, 577, 578, 579, 580, 581, 582, 583, 584, 585, 586, 587, 588, 589, 590, 591, 592, 593, 594, 595, 596, 597, 598, 599, 600, 601, 602, 603, 604, 605, 606, 607, 608, 609, 610, 611, 612, 613, 614, 615, 616, 617, 618, 619, 620, 621, 622, 623, 624, 625, 626, 627, 628, 629, 630, 631, 632, 633, 634, 635, 636, 637, 638, 639, 640, 641, 642, 643, 644, 645, 646, 647, 648, 649, 650, 651, 652, 653, 654, 655, 656, 657, 658, 659, 660, 661, 662, 663, 664, 665, 666, 667, 668, 669, 670, 671, 672, 673, 674, 675, 676, 677, 678, 679, 680, 681, 682, 683, 684, 685, 686, 687, 688, 689, 690, 691, 692, 693, 694, 695, 696, 697, 698, 699, 700, 701, 702, 703, 704, 705, 706, 707, 708, 709, 710, 711, 712, 713, 714, 715, 716, 717, 718, 719, 720, 721, 722, 723, 724, 725, 726, 727, 728, 729, 730, 731, 732, 733, 734, 735, 736, 737, 738, 739, 740, 741, 742, 743, 744, 745, 746, 747, 748, 749, 750, 751, 752, 753, 754, 755, 756, 757, 758, 759, 760, 761, 762, 763, 764, 765, 766, 767, 768, 769, 770, 771, 772, 773, 774, 775, 776, 777, 778, 779, 780, 781, 782, 783, 784, 785, 786, 787, 788, 789, 790, 791, 792, 793, 802, 803, 804, 805, 806, 807, 809, 829, 838, 839, 875, 877, 901, 903, 905, 910, 923]",True,"[177, 648]","[103, 104, 105, 106, 107, 108, 109, 110, 111, 112, 113, 114, 115, 116, 117, 118, 119, 120, 121, 122, 123, 124, 125, 126, 127, 128, 129, 130, 131, 132, 133, 134, 135, 136, 137, 138, 139, 140, 141, 142, 143, 144, 145, 146, 147, 148, 149, 150, 151, 152, 153, 154, 155, 156, 157, 158, 159, 160, 161, 162, 163, 164, 165, 166, 167, 168, 169, 170, 171, 172, 173, 174, 175, 176, 177, 178, 179, 180, 181, 182, 183, 184, 185, 186, 187, 188, 189, 190, 191, 192, 193, 194, 195, 196, 197, 198, 199, 200, 201, 202, 203, 204, 205, 206, 207, 208, 209, 210, 211, 212, 213, 214, 215, 216, 217, 218, 219, 220, 221, 222, 223, 224, 225, 226, 227, 228, 229, 230, 231, 232, 233, 234, 235, 236, 237, 238, 239, 240, 241, 242, 243, 244, 245, 246, 247, 248, 249, 250, 251, 252, 253, 254, 255, 256, 257, 258, 259, 260, 261, 262, 263, 264, 265, 266, 267, 268, 269, 270, 271, 272, 273, 274, 275, 276, 277, 278, 279, 280, 281, 282, 283, 284, 285, 286, 287, 288, 289, 290, 291, 292, 293, 294, 295, 296, 297, 298, 299, 300, 301, 302, 303, 304, 305, 306, 307, 308, 309, 310, 311, 312, 313, 314, 315, 316, 317, 318, 319, 320, 321, 322, 323, 324, 325, 326, 327, 328, 329, 330, 331, 332, 333, 334, 335, 336, 337, 574, 575, 576, 577, 578, 579, 580, 581, 582, 583, 584, 585, 586, 587, 588, 589, 590, 591, 592, 593, 594, 595, 596, 597, 598, 599, 600, 601, 602, 603, 604, 605, 606, 607, 608, 609, 610, 611, 612, 613, 614, 615, 616, 617, 618, 619, 620, 621, 622, 623, 624, 625, 626, 627, 628, 629, 630, 631, 632, 633, 634, 635, 636, 637, 638, 639, 640, 641, 642, 643, 644, 645, 646, 647, 648, 649, 650, 651, 652, 653, 654, 655, 656, 657, 658, 659, 660, 661, 662, 663, 664, 665, 666, 667, 668, 669, 670, 671, 672, 673, 674, 675, 676, 677, 678, 679, 680, 681, 682, 683, 684, 685, 686, 687, 688, 689, 690, 691, 692, 693, 694, 695, 696, 697, 698, 699, 700, 701, 702, 703, 704, 705, 706, 707, 708, 709, 710, 711, 712, 713, 714, 715, 716, 717, 718, 719, 720, 721, 722, 723, 724, 725, 726, 727, 728, 729, 730, 731, 732, 733, 734, 735, 736, 737, 738, 739, 740, 741, 742, 743, 744, 745, 746, 747, 748, 749, 750, 751, 752, 753, 754, 755, 756, 757, 758, 759, 760, 761, 762, 763, 764, 765, 766, 767, 768, 769, 770, 771, 772, 773, 774, 775, 776, 777, 778, 779, 780, 781, 782, 783, 784, 785, 786, 787, 788, 789, 790, 791, 792, 793]","[176, 177, 283, 647, 648, 742]",[],"[177, 648]","[1, 13, 14, 29, 54, 55, 56, 57, 58, 60, 102, 118, 125, 127, 130, 134, 146, 149, 153, 174, 175, 176, 177, 178, 182, 187, 189, 191, 197, 225, 230, 238, 264, 265, 266, 286, 302, 317, 336, 347, 348, 349, 350, 351, 352, 354, 379, 388, 389, 423, 425, 454, 458, 463, 475, 487, 498, 499, 512, 530, 531, 532, 533, 534, 536, 573, 589, 596, 598, 601, 605, 617, 620, 624, 645, 646, 647, 648, 649, 653, 658, 660, 662, 668, 689, 694, 702, 724, 725, 745, 760, 775, 793, 802, 803, 804, 805, 806, 807, 809, 829, 838, 839, 875, 877, 901, 903, 905, 910, 923]","[1, 13, 14, 29, 54, 55, 56, 57, 58, 60, 102, 118, 125, 127, 130, 134, 146, 149, 153, 175, 182, 187, 189, 191, 197, 225, 230, 238, 264, 265, 266, 286, 302, 317, 336, 379, 388, 389, 425, 454, 458, 463, 475, 487, 498, 499, 512, 530, 531, 532, 533, 534, 536, 573, 589, 596, 598, 601, 605, 617, 620, 624, 646, 653, 658, 660, 662, 668, 689, 694, 702, 724, 725, 745, 760, 775, 793, 829, 838, 839, 877, 901, 903, 905, 910, 923]",6/6 successful match,True,[421],True,794,False,,0.21052631578947367,True,Western States Oil ( Pacific Pride ),
E Oakland ( 94606 ) Golden Gate ( Shell 66 ) E ),510-434-9901 421-23rd Ave,<U+2610> <U+2610> D <U+25A1>,Oakland,94606,Golden Gate ( Shell 66 ) E ),510-434-9901,2015,Oakland,CA,Shell,,421-23rd Ave,empty,,False,,False,23rd Ave,,,,,"[648, 177]","[177, 648]","[176, 177, 283, 647, 648, 742]",[],"[103, 104, 105, 106, 107, 108, 109, 110, 111, 112, 113, 114, 115, 116, 117, 118, 119, 120, 121, 122, 123, 124, 125, 126, 127, 128, 129, 130, 131, 132, 133, 134, 135, 136, 137, 138, 139, 140, 141, 142, 143, 144, 145, 146, 147, 148, 149, 150, 151, 152, 153, 154, 155, 156, 157, 158, 159, 160, 161, 162, 163, 164, 165, 166, 167, 168, 169, 170, 171, 172, 173, 174, 175, 176, 177, 178, 179, 180, 181, 182, 183, 184, 185, 186, 187, 188, 189, 190, 191, 192, 193, 194, 195, 196, 197, 198, 199, 200, 201, 202, 203, 204, 205, 206, 207, 208, 209, 210, 211, 212, 213, 214, 215, 216, 217, 218, 219, 220, 221, 222, 223, 224, 225, 226, 227, 228, 229, 230, 231, 232, 233, 234, 235, 236, 237, 238, 239, 240, 241, 242, 243, 244, 245, 246, 247, 248, 249, 250, 251, 252, 253, 254, 255, 256, 257, 258, 259, 260, 261, 262, 263, 264, 265, 266, 267, 268, 269, 270, 271, 272, 273, 274, 275, 276, 277, 278, 279, 280, 281, 282, 283, 284, 285, 286, 287, 288, 289, 290, 291, 292, 293, 294, 295, 296, 297, 298, 299, 300, 301, 302, 303, 304, 305, 306, 307, 308, 309, 310, 311, 312, 313, 314, 315, 316, 317, 318, 319, 320, 321, 322, 323, 324, 325, 326, 327, 328, 329, 330, 331, 332, 333, 334, 335, 336, 337, 574, 575, 576, 577, 578, 579, 580, 581, 582, 583, 584, 585, 586, 587, 588, 589, 590, 591, 592, 593, 594, 595, 596, 597, 598, 599, 600, 601, 602, 603, 604, 605, 606, 607, 608, 609, 610, 611, 612, 613, 614, 615, 616, 617, 618, 619, 620, 621, 622, 623, 624, 625, 626, 627, 628, 629, 630, 631, 632, 633, 634, 635, 636, 637, 638, 639, 640, 641, 642, 643, 644, 645, 646, 647, 648, 649, 650, 651, 652, 653, 654, 655, 656, 657, 658, 659, 660, 661, 662, 663, 664, 665, 666, 667, 668, 669, 670, 671, 672, 673, 674, 675, 676, 677, 678, 679, 680, 681, 682, 683, 684, 685, 686, 687, 688, 689, 690, 691, 692, 693, 694, 695, 696, 697, 698, 699, 700, 701, 702, 703, 704, 705, 706, 707, 708, 709, 710, 711, 712, 713, 714, 715, 716, 717, 718, 719, 720, 721, 722, 723, 724, 725, 726, 727, 728, 729, 730, 731, 732, 733, 734, 735, 736, 737, 738, 739, 740, 741, 742, 743, 744, 745, 746, 747, 748, 749, 750, 751, 752, 753, 754, 755, 756, 757, 758, 759, 760, 761, 762, 763, 764, 765, 766, 767, 768, 769, 770, 771, 772, 773, 774, 775, 776, 777, 778, 779, 780, 781, 782, 783, 784, 785, 786, 787, 788, 789, 790, 791, 792, 793]","[177, 648]","[1, 13, 14, 29, 54, 55, 56, 57, 58, 60, 102, 118, 125, 127, 130, 134, 146, 149, 153, 175, 182, 187, 189, 191, 197, 225, 230, 238, 264, 265, 266, 286, 302, 317, 336, 379, 388, 389, 425, 454, 458, 463, 475, 487, 498, 499, 512, 530, 531, 532, 533, 534, 536, 573, 589, 596, 598, 601, 605, 617, 620, 624, 646, 653, 658, 660, 662, 668, 689, 694, 702, 724, 725, 745, 760, 775, 793, 829, 838, 839, 877, 901, 903, 905, 910, 923]","[1, 13, 14, 29, 54, 55, 56, 57, 58, 60, 102, 118, 125, 127, 130, 134, 146, 149, 153, 174, 175, 176, 177, 178, 182, 187, 189, 191, 197, 225, 230, 238, 264, 265, 266, 286, 302, 317, 336, 347, 348, 349, 350, 351, 352, 354, 379, 388, 389, 401, 402, 423, 424, 425, 427, 454, 458, 463, 464, 469, 475, 487, 498, 499, 512, 530, 531, 532, 533, 534, 536, 573, 589, 596, 598, 601, 605, 617, 620, 624, 645, 646, 647, 648, 649, 653, 658, 660, 662, 668, 689, 694, 702, 724, 725, 745, 760, 775, 793, 802, 803, 804, 805, 806, 807, 809, 829, 838, 839, 850, 851, 875, 876, 877, 879, 901, 903, 905, 910, 911, 916, 923]","[1, 13, 14, 29, 54, 55, 56, 57, 58, 60, 102, 103, 104, 105, 106, 107, 108, 109, 110, 111, 112, 113, 114, 115, 116, 117, 118, 119, 120, 121, 122, 123, 124, 125, 126, 127, 128, 129, 130, 131, 132, 133, 134, 135, 136, 137, 138, 139, 140, 141, 142, 143, 144, 145, 146, 147, 148, 149, 150, 151, 152, 153, 154, 155, 156, 157, 158, 159, 160, 161, 162, 163, 164, 165, 166, 167, 168, 169, 170, 171, 172, 173, 174, 175, 176, 177, 178, 179, 180, 181, 182, 183, 184, 185, 186, 187, 188, 189, 190, 191, 192, 193, 194, 195, 196, 197, 198, 199, 200, 201, 202, 203, 204, 205, 206, 207, 208, 209, 210, 211, 212, 213, 214, 215, 216, 217, 218, 219, 220, 221, 222, 223, 224, 225, 226, 227, 228, 229, 230, 231, 232, 233, 234, 235, 236, 237, 238, 239, 240, 241, 242, 243, 244, 245, 246, 247, 248, 249, 250, 251, 252, 253, 254, 255, 256, 257, 258, 259, 260, 261, 262, 263, 264, 265, 266, 267, 268, 269, 270, 271, 272, 273, 274, 275, 276, 277, 278, 279, 280, 281, 282, 283, 284, 285, 286, 287, 288, 289, 290, 291, 292, 293, 294, 295, 296, 297, 298, 299, 300, 301, 302, 303, 304, 305, 306, 307, 308, 309, 310, 311, 312, 313, 314, 315, 316, 317, 318, 319, 320, 321, 322, 323, 324, 325, 326, 327, 328, 329, 330, 331, 332, 333, 334, 335, 336, 337, 347, 348, 349, 350, 351, 352, 354, 379, 388, 389, 401, 402, 423, 424, 425, 427, 454, 458, 463, 464, 469, 475, 487, 498, 499, 512, 530, 531, 532, 533, 534, 536, 573, 574, 575, 576, 577, 578, 579, 580, 581, 582, 583, 584, 585, 586, 587, 588, 589, 590, 591, 592, 593, 594, 595, 596, 597, 598, 599, 600, 601, 602, 603, 604, 605, 606, 607, 608, 609, 610, 611, 612, 613, 614, 615, 616, 617, 618, 619, 620, 621, 622, 623, 624, 625, 626, 627, 628, 629, 630, 631, 632, 633, 634, 635, 636, 637, 638, 639, 640, 641, 642, 643, 644, 645, 646, 647, 648, 649, 650, 651, 652, 653, 654, 655, 656, 657, 658, 659, 660, 661, 662, 663, 664, 665, 666, 667, 668, 669, 670, 671, 672, 673, 674, 675, 676, 677, 678, 679, 680, 681, 682, 683, 684, 685, 686, 687, 688, 689, 690, 691, 692, 693, 694, 695, 696, 697, 698, 699, 700, 701, 702, 703, 704, 705, 706, 707, 708, 709, 710, 711, 712, 713, 714, 715, 716, 717, 718, 719, 720, 721, 722, 723, 724, 725, 726, 727, 728, 729, 730, 731, 732, 733, 734, 735, 736, 737, 738, 739, 740, 741, 742, 743, 744, 745, 746, 747, 748, 749, 750, 751, 752, 753, 754, 755, 756, 757, 758, 759, 760, 761, 762, 763, 764, 765, 766, 767, 768, 769, 770, 771, 772, 773, 774, 775, 776, 777, 778, 779, 780, 781, 782, 783, 784, 785, 786, 787, 788, 789, 790, 791, 792, 793, 802, 803, 804, 805, 806, 807, 809, 829, 838, 839, 850, 851, 875, 876, 877, 879, 901, 903, 905, 910, 911, 916, 923]",True,"[177, 648]","[103, 104, 105, 106, 107, 108, 109, 110, 111, 112, 113, 114, 115, 116, 117, 118, 119, 120, 121, 122, 123, 124, 125, 126, 127, 128, 129, 130, 131, 132, 133, 134, 135, 136, 137, 138, 139, 140, 141, 142, 143, 144, 145, 146, 147, 148, 149, 150, 151, 152, 153, 154, 155, 156, 157, 158, 159, 160, 161, 162, 163, 164, 165, 166, 167, 168, 169, 170, 171, 172, 173, 174, 175, 176, 177, 178, 179, 180, 181, 182, 183, 184, 185, 186, 187, 188, 189, 190, 191, 192, 193, 194, 195, 196, 197, 198, 199, 200, 201, 202, 203, 204, 205, 206, 207, 208, 209, 210, 211, 212, 213, 214, 215, 216, 217, 218, 219, 220, 221, 222, 223, 224, 225, 226, 227, 228, 229, 230, 231, 232, 233, 234, 235, 236, 237, 238, 239, 240, 241, 242, 243, 244, 245, 246, 247, 248, 249, 250, 251, 252, 253, 254, 255, 256, 257, 258, 259, 260, 261, 262, 263, 264, 265, 266, 267, 268, 269, 270, 271, 272, 273, 274, 275, 276, 277, 278, 279, 280, 281, 282, 283, 284, 285, 286, 287, 288, 289, 290, 291, 292, 293, 294, 295, 296, 297, 298, 299, 300, 301, 302, 303, 304, 305, 306, 307, 308, 309, 310, 311, 312, 313, 314, 315, 316, 317, 318, 319, 320, 321, 322, 323, 324, 325, 326, 327, 328, 329, 330, 331, 332, 333, 334, 335, 336, 337, 574, 575, 576, 577, 578, 579, 580, 581, 582, 583, 584, 585, 586, 587, 588, 589, 590, 591, 592, 593, 594, 595, 596, 597, 598, 599, 600, 601, 602, 603, 604, 605, 606, 607, 608, 609, 610, 611, 612, 613, 614, 615, 616, 617, 618, 619, 620, 621, 622, 623, 624, 625, 626, 627, 628, 629, 630, 631, 632, 633, 634, 635, 636, 637, 638, 639, 640, 641, 642, 643, 644, 645, 646, 647, 648, 649, 650, 651, 652, 653, 654, 655, 656, 657, 658, 659, 660, 661, 662, 663, 664, 665, 666, 667, 668, 669, 670, 671, 672, 673, 674, 675, 676, 677, 678, 679, 680, 681, 682, 683, 684, 685, 686, 687, 688, 689, 690, 691, 692, 693, 694, 695, 696, 697, 698, 699, 700, 701, 702, 703, 704, 705, 706, 707, 708, 709, 710, 711, 712, 713, 714, 715, 716, 717, 718, 719, 720, 721, 722, 723, 724, 725, 726, 727, 728, 729, 730, 731, 732, 733, 734, 735, 736, 737, 738, 739, 740, 741, 742, 743, 744, 745, 746, 747, 748, 749, 750, 751, 752, 753, 754, 755, 756, 757, 758, 759, 760, 761, 762, 763, 764, 765, 766, 767, 768, 769, 770, 771, 772, 773, 774, 775, 776, 777, 778, 779, 780, 781, 782, 783, 784, 785, 786, 787, 788, 789, 790, 791, 792, 793]","[176, 177, 283, 647, 648, 742]",[],"[177, 648]","[1, 13, 14, 29, 54, 55, 56, 57, 58, 60, 102, 118, 125, 127, 130, 134, 146, 149, 153, 174, 175, 176, 177, 178, 182, 187, 189, 191, 197, 225, 230, 238, 264, 265, 266, 286, 302, 317, 336, 347, 348, 349, 350, 351, 352, 354, 379, 388, 389, 401, 402, 423, 424, 425, 427, 454, 458, 463, 464, 469, 475, 487, 498, 499, 512, 530, 531, 532, 533, 534, 536, 573, 589, 596, 598, 601, 605, 617, 620, 624, 645, 646, 647, 648, 649, 653, 658, 660, 662, 668, 689, 694, 702, 724, 725, 745, 760, 775, 793, 802, 803, 804, 805, 806, 807, 809, 829, 838, 839, 850, 851, 875, 876, 877, 879, 901, 903, 905, 910, 911, 916, 923]","[1, 13, 14, 29, 54, 55, 56, 57, 58, 60, 102, 118, 125, 127, 130, 134, 146, 149, 153, 175, 182, 187, 189, 191, 197, 225, 230, 238, 264, 265, 266, 286, 302, 317, 336, 379, 388, 389, 425, 454, 458, 463, 475, 487, 498, 499, 512, 530, 531, 532, 533, 534, 536, 573, 589, 596, 598, 601, 605, 617, 620, 624, 646, 653, 658, 660, 662, 668, 689, 694, 702, 724, 725, 745, 760, 775, 793, 829, 838, 839, 877, 901, 903, 905, 910, 923]",6/6 successful match,True,[421],True,794,False,,1.0,True,Golden Gate ( Shell ),Shell
Oakland ( 94606 ) Golden Gate ( CA ( Shell 66 ) E ),510-434-9901 421-23rd Ave,<U+2610> <U+2610> <U+25A1> <U+2610> <U+25A1>,Oakland,94606,Golden Gate ( CA ( Shell 66 ) E ),510-434-9901,2016,Oakland,CA,Shell,,421-23rd Ave,empty,,False,,False,23rd Ave,,,,,"[648, 177]","[177, 648]","[176, 177, 283, 647, 648, 742]",[],"[103, 104, 105, 106, 107, 108, 109, 110, 111, 112, 113, 114, 115, 116, 117, 118, 119, 120, 121, 122, 123, 124, 125, 126, 127, 128, 129, 130, 131, 132, 133, 134, 135, 136, 137, 138, 139, 140, 141, 142, 143, 144, 145, 146, 147, 148, 149, 150, 151, 152, 153, 154, 155, 156, 157, 158, 159, 160, 161, 162, 163, 164, 165, 166, 167, 168, 169, 170, 171, 172, 173, 174, 175, 176, 177, 178, 179, 180, 181, 182, 183, 184, 185, 186, 187, 188, 189, 190, 191, 192, 193, 194, 195, 196, 197, 198, 199, 200, 201, 202, 203, 204, 205, 206, 207, 208, 209, 210, 211, 212, 213, 214, 215, 216, 217, 218, 219, 220, 221, 222, 223, 224, 225, 226, 227, 228, 229, 230, 231, 232, 233, 234, 235, 236, 237, 238, 239, 240, 241, 242, 243, 244, 245, 246, 247, 248, 249, 250, 251, 252, 253, 254, 255, 256, 257, 258, 259, 260, 261, 262, 263, 264, 265, 266, 267, 268, 269, 270, 271, 272, 273, 274, 275, 276, 277, 278, 279, 280, 281, 282, 283, 284, 285, 286, 287, 288, 289, 290, 291, 292, 293, 294, 295, 296, 297, 298, 299, 300, 301, 302, 303, 304, 305, 306, 307, 308, 309, 310, 311, 312, 313, 314, 315, 316, 317, 318, 319, 320, 321, 322, 323, 324, 325, 326, 327, 328, 329, 330, 331, 332, 333, 334, 335, 336, 337, 574, 575, 576, 577, 578, 579, 580, 581, 582, 583, 584, 585, 586, 587, 588, 589, 590, 591, 592, 593, 594, 595, 596, 597, 598, 599, 600, 601, 602, 603, 604, 605, 606, 607, 608, 609, 610, 611, 612, 613, 614, 615, 616, 617, 618, 619, 620, 621, 622, 623, 624, 625, 626, 627, 628, 629, 630, 631, 632, 633, 634, 635, 636, 637, 638, 639, 640, 641, 642, 643, 644, 645, 646, 647, 648, 649, 650, 651, 652, 653, 654, 655, 656, 657, 658, 659, 660, 661, 662, 663, 664, 665, 666, 667, 668, 669, 670, 671, 672, 673, 674, 675, 676, 677, 678, 679, 680, 681, 682, 683, 684, 685, 686, 687, 688, 689, 690, 691, 692, 693, 694, 695, 696, 697, 698, 699, 700, 701, 702, 703, 704, 705, 706, 707, 708, 709, 710, 711, 712, 713, 714, 715, 716, 717, 718, 719, 720, 721, 722, 723, 724, 725, 726, 727, 728, 729, 730, 731, 732, 733, 734, 735, 736, 737, 738, 739, 740, 741, 742, 743, 744, 745, 746, 747, 748, 749, 750, 751, 752, 753, 754, 755, 756, 757, 758, 759, 760, 761, 762, 763, 764, 765, 766, 767, 768, 769, 770, 771, 772, 773, 774, 775, 776, 777, 778, 779, 780, 781, 782, 783, 784, 785, 786, 787, 788, 789, 790, 791, 792, 793]","[177, 648]","[1, 13, 14, 29, 54, 55, 56, 57, 58, 60, 102, 118, 125, 127, 130, 134, 146, 149, 153, 175, 182, 187, 189, 191, 197, 225, 230, 238, 264, 265, 266, 286, 302, 317, 336, 379, 388, 389, 425, 454, 458, 463, 475, 487, 498, 499, 512, 530, 531, 532, 533, 534, 536, 573, 589, 596, 598, 601, 605, 617, 620, 624, 646, 653, 658, 660, 662, 668, 689, 694, 702, 724, 725, 745, 760, 775, 793, 829, 838, 839, 877, 901, 903, 905, 910, 923]","[1, 13, 14, 29, 54, 55, 56, 57, 58, 60, 102, 118, 125, 127, 130, 134, 146, 149, 153, 174, 175, 176, 177, 178, 182, 187, 189, 191, 197, 225, 230, 238, 264, 265, 266, 286, 302, 317, 336, 347, 348, 349, 350, 351, 352, 354, 379, 388, 389, 401, 402, 423, 424, 425, 427, 454, 458, 463, 464, 469, 475, 487, 498, 499, 512, 530, 531, 532, 533, 534, 536, 573, 589, 596, 598, 601, 605, 617, 620, 624, 645, 646, 647, 648, 649, 653, 658, 660, 662, 668, 689, 694, 702, 724, 725, 745, 760, 775, 793, 802, 803, 804, 805, 806, 807, 809, 829, 838, 839, 850, 851, 875, 876, 877, 879, 901, 903, 905, 910, 911, 916, 923]","[1, 13, 14, 29, 54, 55, 56, 57, 58, 60, 102, 103, 104, 105, 106, 107, 108, 109, 110, 111, 112, 113, 114, 115, 116, 117, 118, 119, 120, 121, 122, 123, 124, 125, 126, 127, 128, 129, 130, 131, 132, 133, 134, 135, 136, 137, 138, 139, 140, 141, 142, 143, 144, 145, 146, 147, 148, 149, 150, 151, 152, 153, 154, 155, 156, 157, 158, 159, 160, 161, 162, 163, 164, 165, 166, 167, 168, 169, 170, 171, 172, 173, 174, 175, 176, 177, 178, 179, 180, 181, 182, 183, 184, 185, 186, 187, 188, 189, 190, 191, 192, 193, 194, 195, 196, 197, 198, 199, 200, 201, 202, 203, 204, 205, 206, 207, 208, 209, 210, 211, 212, 213, 214, 215, 216, 217, 218, 219, 220, 221, 222, 223, 224, 225, 226, 227, 228, 229, 230, 231, 232, 233, 234, 235, 236, 237, 238, 239, 240, 241, 242, 243, 244, 245, 246, 247, 248, 249, 250, 251, 252, 253, 254, 255, 256, 257, 258, 259, 260, 261, 262, 263, 264, 265, 266, 267, 268, 269, 270, 271, 272, 273, 274, 275, 276, 277, 278, 279, 280, 281, 282, 283, 284, 285, 286, 287, 288, 289, 290, 291, 292, 293, 294, 295, 296, 297, 298, 299, 300, 301, 302, 303, 304, 305, 306, 307, 308, 309, 310, 311, 312, 313, 314, 315, 316, 317, 318, 319, 320, 321, 322, 323, 324, 325, 326, 327, 328, 329, 330, 331, 332, 333, 334, 335, 336, 337, 347, 348, 349, 350, 351, 352, 354, 379, 388, 389, 401, 402, 423, 424, 425, 427, 454, 458, 463, 464, 469, 475, 487, 498, 499, 512, 530, 531, 532, 533, 534, 536, 573, 574, 575, 576, 577, 578, 579, 580, 581, 582, 583, 584, 585, 586, 587, 588, 589, 590, 591, 592, 593, 594, 595, 596, 597, 598, 599, 600, 601, 602, 603, 604, 605, 606, 607, 608, 609, 610, 611, 612, 613, 614, 615, 616, 617, 618, 619, 620, 621, 622, 623, 624, 625, 626, 627, 628, 629, 630, 631, 632, 633, 634, 635, 636, 637, 638, 639, 640, 641, 642, 643, 644, 645, 646, 647, 648, 649, 650, 651, 652, 653, 654, 655, 656, 657, 658, 659, 660, 661, 662, 663, 664, 665, 666, 667, 668, 669, 670, 671, 672, 673, 674, 675, 676, 677, 678, 679, 680, 681, 682, 683, 684, 685, 686, 687, 688, 689, 690, 691, 692, 693, 694, 695, 696, 697, 698, 699, 700, 701, 702, 703, 704, 705, 706, 707, 708, 709, 710, 711, 712, 713, 714, 715, 716, 717, 718, 719, 720, 721, 722, 723, 724, 725, 726, 727, 728, 729, 730, 731, 732, 733, 734, 735, 736, 737, 738, 739, 740, 741, 742, 743, 744, 745, 746, 747, 748, 749, 750, 751, 752, 753, 754, 755, 756, 757, 758, 759, 760, 761, 762, 763, 764, 765, 766, 767, 768, 769, 770, 771, 772, 773, 774, 775, 776, 777, 778, 779, 780, 781, 782, 783, 784, 785, 786, 787, 788, 789, 790, 791, 792, 793, 802, 803, 804, 805, 806, 807, 809, 829, 838, 839, 850, 851, 875, 876, 877, 879, 901, 903, 905, 910, 911, 916, 923]",True,"[177, 648]","[103, 104, 105, 106, 107, 108, 109, 110, 111, 112, 113, 114, 115, 116, 117, 118, 119, 120, 121, 122, 123, 124, 125, 126, 127, 128, 129, 130, 131, 132, 133, 134, 135, 136, 137, 138, 139, 140, 141, 142, 143, 144, 145, 146, 147, 148, 149, 150, 151, 152, 153, 154, 155, 156, 157, 158, 159, 160, 161, 162, 163, 164, 165, 166, 167, 168, 169, 170, 171, 172, 173, 174, 175, 176, 177, 178, 179, 180, 181, 182, 183, 184, 185, 186, 187, 188, 189, 190, 191, 192, 193, 194, 195, 196, 197, 198, 199, 200, 201, 202, 203, 204, 205, 206, 207, 208, 209, 210, 211, 212, 213, 214, 215, 216, 217, 218, 219, 220, 221, 222, 223, 224, 225, 226, 227, 228, 229, 230, 231, 232, 233, 234, 235, 236, 237, 238, 239, 240, 241, 242, 243, 244, 245, 246, 247, 248, 249, 250, 251, 252, 253, 254, 255, 256, 257, 258, 259, 260, 261, 262, 263, 264, 265, 266, 267, 268, 269, 270, 271, 272, 273, 274, 275, 276, 277, 278, 279, 280, 281, 282, 283, 284, 285, 286, 287, 288, 289, 290, 291, 292, 293, 294, 295, 296, 297, 298, 299, 300, 301, 302, 303, 304, 305, 306, 307, 308, 309, 310, 311, 312, 313, 314, 315, 316, 317, 318, 319, 320, 321, 322, 323, 324, 325, 326, 327, 328, 329, 330, 331, 332, 333, 334, 335, 336, 337, 574, 575, 576, 577, 578, 579, 580, 581, 582, 583, 584, 585, 586, 587, 588, 589, 590, 591, 592, 593, 594, 595, 596, 597, 598, 599, 600, 601, 602, 603, 604, 605, 606, 607, 608, 609, 610, 611, 612, 613, 614, 615, 616, 617, 618, 619, 620, 621, 622, 623, 624, 625, 626, 627, 628, 629, 630, 631, 632, 633, 634, 635, 636, 637, 638, 639, 640, 641, 642, 643, 644, 645, 646, 647, 648, 649, 650, 651, 652, 653, 654, 655, 656, 657, 658, 659, 660, 661, 662, 663, 664, 665, 666, 667, 668, 669, 670, 671, 672, 673, 674, 675, 676, 677, 678, 679, 680, 681, 682, 683, 684, 685, 686, 687, 688, 689, 690, 691, 692, 693, 694, 695, 696, 697, 698, 699, 700, 701, 702, 703, 704, 705, 706, 707, 708, 709, 710, 711, 712, 713, 714, 715, 716, 717, 718, 719, 720, 721, 722, 723, 724, 725, 726, 727, 728, 729, 730, 731, 732, 733, 734, 735, 736, 737, 738, 739, 740, 741, 742, 743, 744, 745, 746, 747, 748, 749, 750, 751, 752, 753, 754, 755, 756, 757, 758, 759, 760, 761, 762, 763, 764, 765, 766, 767, 768, 769, 770, 771, 772, 773, 774, 775, 776, 777, 778, 779, 780, 781, 782, 783, 784, 785, 786, 787, 788, 789, 790, 791, 792, 793]","[176, 177, 283, 647, 648, 742]",[],"[177, 648]","[1, 13, 14, 29, 54, 55, 56, 57, 58, 60, 102, 118, 125, 127, 130, 134, 146, 149, 153, 174, 175, 176, 177, 178, 182, 187, 189, 191, 197, 225, 230, 238, 264, 265, 266, 286, 302, 317, 336, 347, 348, 349, 350, 351, 352, 354, 379, 388, 389, 401, 402, 423, 424, 425, 427, 454, 458, 463, 464, 469, 475, 487, 498, 499, 512, 530, 531, 532, 533, 534, 536, 573, 589, 596, 598, 601, 605, 617, 620, 624, 645, 646, 647, 648, 649, 653, 658, 660, 662, 668, 689, 694, 702, 724, 725, 745, 760, 775, 793, 802, 803, 804, 805, 806, 807, 809, 829, 838, 839, 850, 851, 875, 876, 877, 879, 901, 903, 905, 910, 911, 916, 923]","[1, 13, 14, 29, 54, 55, 56, 57, 58, 60, 102, 118, 125, 127, 130, 134, 146, 149, 153, 175, 182, 187, 189, 191, 197, 225, 230, 238, 264, 265, 266, 286, 302, 317, 336, 379, 388, 389, 425, 454, 458, 463, 475, 487, 498, 499, 512, 530, 531, 532, 533, 534, 536, 573, 589, 596, 598, 601, 605, 617, 620, 624, 646, 653, 658, 660, 662, 668, 689, 694, 702, 724, 725, 745, 760, 775, 793, 829, 838, 839, 877, 901, 903, 905, 910, 923]",6/6 successful match,True,[421],True,794,False,,1.0,True,Golden Gate ( Shell 66 ) E ),Shell
Oakland ( 94607 ) Golden Gate,510-836-0774 5th & Adeline,""" <U+2610> D <U+25A1>",Oakland,94607,Golden Gate,510-836-0774,2015,Oakland,CA,,,5th & Adeline,empty,,False,,False,5th,Adeline,,,,"[176, 647]","[176, 647]","[176, 177, 283, 647, 648, 742]",[],"[103, 104, 105, 106, 107, 108, 109, 110, 111, 112, 113, 114, 115, 116, 117, 118, 119, 120, 121, 122, 123, 124, 125, 126, 127, 128, 129, 130, 131, 132, 133, 134, 135, 136, 137, 138, 139, 140, 141, 142, 143, 144, 145, 146, 147, 148, 149, 150, 151, 152, 153, 154, 155, 156, 157, 158, 159, 160, 161, 162, 163, 164, 165, 166, 167, 168, 169, 170, 171, 172, 173, 174, 175, 176, 177, 178, 179, 180, 181, 182, 183, 184, 185, 186, 187, 188, 189, 190, 191, 192, 193, 194, 195, 196, 197, 198, 199, 200, 201, 202, 203, 204, 205, 206, 207, 208, 209, 210, 211, 212, 213, 214, 215, 216, 217, 218, 219, 220, 221, 222, 223, 224, 225, 226, 227, 228, 229, 230, 231, 232, 233, 234, 235, 236, 237, 238, 239, 240, 241, 242, 243, 244, 245, 246, 247, 248, 249, 250, 251, 252, 253, 254, 255, 256, 257, 258, 259, 260, 261, 262, 263, 264, 265, 266, 267, 268, 269, 270, 271, 272, 273, 274, 275, 276, 277, 278, 279, 280, 281, 282, 283, 284, 285, 286, 287, 288, 289, 290, 291, 292, 293, 294, 295, 296, 297, 298, 299, 300, 301, 302, 303, 304, 305, 306, 307, 308, 309, 310, 311, 312, 313, 314, 315, 316, 317, 318, 319, 320, 321, 322, 323, 324, 325, 326, 327, 328, 329, 330, 331, 332, 333, 334, 335, 336, 337, 574, 575, 576, 577, 578, 579, 580, 581, 582, 583, 584, 585, 586, 587, 588, 589, 590, 591, 592, 593, 594, 595, 596, 597, 598, 599, 600, 601, 602, 603, 604, 605, 606, 607, 608, 609, 610, 611, 612, 613, 614, 615, 616, 617, 618, 619, 620, 621, 622, 623, 624, 625, 626, 627, 628, 629, 630, 631, 632, 633, 634, 635, 636, 637, 638, 639, 640, 641, 642, 643, 644, 645, 646, 647, 648, 649, 650, 651, 652, 653, 654, 655, 656, 657, 658, 659, 660, 661, 662, 663, 664, 665, 666, 667, 668, 669, 670, 671, 672, 673, 674, 675, 676, 677, 678, 679, 680, 681, 682, 683, 684, 685, 686, 687, 688, 689, 690, 691, 692, 693, 694, 695, 696, 697, 698, 699, 700, 701, 702, 703, 704, 705, 706, 707, 708, 709, 710, 711, 712, 713, 714, 715, 716, 717, 718, 719, 720, 721, 722, 723, 724, 725, 726, 727, 728, 729, 730, 731, 732, 733, 734, 735, 736, 737, 738, 739, 740, 741, 742, 743, 744, 745, 746, 747, 748, 749, 750, 751, 752, 753, 754, 755, 756, 757, 758, 759, 760, 761, 762, 763, 764, 765, 766, 767, 768, 769, 770, 771, 772, 773, 774, 775, 776, 777, 778, 779, 780, 781, 782, 783, 784, 785, 786, 787, 788, 789, 790, 791, 792, 793]","[105, 114, 138, 141, 152, 153, 154, 155, 157, 159, 164, 165, 176, 182, 191, 192, 194, 195, 196, 200, 204, 208, 209, 210, 211, 215, 226, 228, 241, 242, 243, 245, 248, 249, 250, 257, 261, 270, 271, 282, 287, 289, 291, 294, 296, 298, 306, 308, 309, 311, 314, 327, 333, 335, 337, 576, 585, 609, 612, 623, 624, 626, 627, 629, 631, 636, 637, 647, 653, 662, 663, 665, 666, 667, 671, 674, 678, 679, 680, 681, 690, 692, 705, 706, 707, 709, 711, 712, 713, 719, 721, 729, 730, 741, 746, 748, 750, 753, 755, 757, 764, 766, 767, 769, 772, 785, 791]",[],"[174, 175, 176, 177, 178, 347, 348, 349, 350, 351, 352, 423, 645, 646, 647, 648, 649, 802, 803, 804, 805, 806, 807, 875]","[103, 104, 105, 106, 107, 108, 109, 110, 111, 112, 113, 114, 115, 116, 117, 118, 119, 120, 121, 122, 123, 124, 125, 126, 127, 128, 129, 130, 131, 132, 133, 134, 135, 136, 137, 138, 139, 140, 141, 142, 143, 144, 145, 146, 147, 148, 149, 150, 151, 152, 153, 154, 155, 156, 157, 158, 159, 160, 161, 162, 163, 164, 165, 166, 167, 168, 169, 170, 171, 172, 173, 174, 175, 176, 177, 178, 179, 180, 181, 182, 183, 184, 185, 186, 187, 188, 189, 190, 191, 192, 193, 194, 195, 196, 197, 198, 199, 200, 201, 202, 203, 204, 205, 206, 207, 208, 209, 210, 211, 212, 213, 214, 215, 216, 217, 218, 219, 220, 221, 222, 223, 224, 225, 226, 227, 228, 229, 230, 231, 232, 233, 234, 235, 236, 237, 238, 239, 240, 241, 242, 243, 244, 245, 246, 247, 248, 249, 250, 251, 252, 253, 254, 255, 256, 257, 258, 259, 260, 261, 262, 263, 264, 265, 266, 267, 268, 269, 270, 271, 272, 273, 274, 275, 276, 277, 278, 279, 280, 281, 282, 283, 284, 285, 286, 287, 288, 289, 290, 291, 292, 293, 294, 295, 296, 297, 298, 299, 300, 301, 302, 303, 304, 305, 306, 307, 308, 309, 310, 311, 312, 313, 314, 315, 316, 317, 318, 319, 320, 321, 322, 323, 324, 325, 326, 327, 328, 329, 330, 331, 332, 333, 334, 335, 336, 337, 347, 348, 349, 350, 351, 352, 423, 574, 575, 576, 577, 578, 579, 580, 581, 582, 583, 584, 585, 586, 587, 588, 589, 590, 591, 592, 593, 594, 595, 596, 597, 598, 599, 600, 601, 602, 603, 604, 605, 606, 607, 608, 609, 610, 611, 612, 613, 614, 615, 616, 617, 618, 619, 620, 621, 622, 623, 624, 625, 626, 627, 628, 629, 630, 631, 632, 633, 634, 635, 636, 637, 638, 639, 640, 641, 642, 643, 644, 645, 646, 647, 648, 649, 650, 651, 652, 653, 654, 655, 656, 657, 658, 659, 660, 661, 662, 663, 664, 665, 666, 667, 668, 669, 670, 671, 672, 673, 674, 675, 676, 677, 678, 679, 680, 681, 682, 683, 684, 685, 686, 687, 688, 689, 690, 691, 692, 693, 694, 695, 696, 697, 698, 699, 700, 701, 702, 703, 704, 705, 706, 707, 708, 709, 710, 711, 712, 713, 714, 715, 716, 717, 718, 719, 720, 721, 722, 723, 724, 725, 726, 727, 728, 729, 730, 731, 732, 733, 734, 735, 736, 737, 738, 739, 740, 741, 742, 743, 744, 745, 746, 747, 748, 749, 750, 751, 752, 753, 754, 755, 756, 757, 758, 759, 760, 761, 762, 763, 764, 765, 766, 767, 768, 769, 770, 771, 772, 773, 774, 775, 776, 777, 778, 779, 780, 781, 782, 783, 784, 785, 786, 787, 788, 789, 790, 791, 792, 793, 802, 803, 804, 805, 806, 807, 875]",True,"[176, 647]","[103, 104, 105, 106, 107, 108, 109, 110, 111, 112, 113, 114, 115, 116, 117, 118, 119, 120, 121, 122, 123, 124, 125, 126, 127, 128, 129, 130, 131, 132, 133, 134, 135, 136, 137, 138, 139, 140, 141, 142, 143, 144, 145, 146, 147, 148, 149, 150, 151, 152, 153, 154, 155, 156, 157, 158, 159, 160, 161, 162, 163, 164, 165, 166, 167, 168, 169, 170, 171, 172, 173, 174, 175, 176, 177, 178, 179, 180, 181, 182, 183, 184, 185, 186, 187, 188, 189, 190, 191, 192, 193, 194, 195, 196, 197, 198, 199, 200, 201, 202, 203, 204, 205, 206, 207, 208, 209, 210, 211, 212, 213, 214, 215, 216, 217, 218, 219, 220, 221, 222, 223, 224, 225, 226, 227, 228, 229, 230, 231, 232, 233, 234, 235, 236, 237, 238, 239, 240, 241, 242, 243, 244, 245, 246, 247, 248, 249, 250, 251, 252, 253, 254, 255, 256, 257, 258, 259, 260, 261, 262, 263, 264, 265, 266, 267, 268, 269, 270, 271, 272, 273, 274, 275, 276, 277, 278, 279, 280, 281, 282, 283, 284, 285, 286, 287, 288, 289, 290, 291, 292, 293, 294, 295, 296, 297, 298, 299, 300, 301, 302, 303, 304, 305, 306, 307, 308, 309, 310, 311, 312, 313, 314, 315, 316, 317, 318, 319, 320, 321, 322, 323, 324, 325, 326, 327, 328, 329, 330, 331, 332, 333, 334, 335, 336, 337, 574, 575, 576, 577, 578, 579, 580, 581, 582, 583, 584, 585, 586, 587, 588, 589, 590, 591, 592, 593, 594, 595, 596, 597, 598, 599, 600, 601, 602, 603, 604, 605, 606, 607, 608, 609, 610, 611, 612, 613, 614, 615, 616, 617, 618, 619, 620, 621, 622, 623, 624, 625, 626, 627, 628, 629, 630, 631, 632, 633, 634, 635, 636, 637, 638, 639, 640, 641, 642, 643, 644, 645, 646, 647, 648, 649, 650, 651, 652, 653, 654, 655, 656, 657, 658, 659, 660, 661, 662, 663, 664, 665, 666, 667, 668, 669, 670, 671, 672, 673, 674, 675, 676, 677, 678, 679, 680, 681, 682, 683, 684, 685, 686, 687, 688, 689, 690, 691, 692, 693, 694, 695, 696, 697, 698, 699, 700, 701, 702, 703, 704, 705, 706, 707, 708, 709, 710, 711, 712, 713, 714, 715, 716, 717, 718, 719, 720, 721, 722, 723, 724, 725, 726, 727, 728, 729, 730, 731, 732, 733, 734, 735, 736, 737, 738, 739, 740, 741, 742, 743, 744, 745, 746, 747, 748, 749, 750, 751, 752, 753, 754, 755, 756, 757, 758, 759, 760, 761, 762, 763, 764, 765, 766, 767, 768, 769, 770, 771, 772, 773, 774, 775, 776, 777, 778, 779, 780, 781, 782, 783, 784, 785, 786, 787, 788, 789, 790, 791, 792, 793]","[176, 177, 283, 647, 648, 742]",[],"[105, 114, 138, 141, 152, 153, 154, 155, 157, 159, 164, 165, 176, 182, 191, 192, 194, 195, 196, 200, 204, 208, 209, 210, 211, 215, 226, 228, 241, 242, 243, 245, 248, 249, 250, 257, 261, 270, 271, 282, 287, 289, 291, 294, 296, 298, 306, 308, 309, 311, 314, 327, 333, 335, 337, 576, 585, 609, 612, 623, 624, 626, 627, 629, 631, 636, 637, 647, 653, 662, 663, 665, 666, 667, 671, 674, 678, 679, 680, 681, 690, 692, 705, 706, 707, 709, 711, 712, 713, 719, 721, 729, 730, 741, 746, 748, 750, 753, 755, 757, 764, 766, 767, 769, 772, 785, 791]","[174, 175, 176, 177, 178, 347, 348, 349, 350, 351, 352, 423, 645, 646, 647, 648, 649, 802, 803, 804, 805, 806, 807, 875]",[],7/6 successful match,True,"[601, 602]",True,795,False,,,,,
Oakland ( 94607 ) Golden Gate,510-836-0774 5th & Adeline,D,Oakland,94607,Golden Gate,510-836-0774,2016,Oakland,CA,,,5th & Adeline,empty,,False,,False,5th,Adeline,,,,"[176, 647]","[176, 647]","[176, 177, 283, 647, 648, 742]",[],"[103, 104, 105, 106, 107, 108, 109, 110, 111, 112, 113, 114, 115, 116, 117, 118, 119, 120, 121, 122, 123, 124, 125, 126, 127, 128, 129, 130, 131, 132, 133, 134, 135, 136, 137, 138, 139, 140, 141, 142, 143, 144, 145, 146, 147, 148, 149, 150, 151, 152, 153, 154, 155, 156, 157, 158, 159, 160, 161, 162, 163, 164, 165, 166, 167, 168, 169, 170, 171, 172, 173, 174, 175, 176, 177, 178, 179, 180, 181, 182, 183, 184, 185, 186, 187, 188, 189, 190, 191, 192, 193, 194, 195, 196, 197, 198, 199, 200, 201, 202, 203, 204, 205, 206, 207, 208, 209, 210, 211, 212, 213, 214, 215, 216, 217, 218, 219, 220, 221, 222, 223, 224, 225, 226, 227, 228, 229, 230, 231, 232, 233, 234, 235, 236, 237, 238, 239, 240, 241, 242, 243, 244, 245, 246, 247, 248, 249, 250, 251, 252, 253, 254, 255, 256, 257, 258, 259, 260, 261, 262, 263, 264, 265, 266, 267, 268, 269, 270, 271, 272, 273, 274, 275, 276, 277, 278, 279, 280, 281, 282, 283, 284, 285, 286, 287, 288, 289, 290, 291, 292, 293, 294, 295, 296, 297, 298, 299, 300, 301, 302, 303, 304, 305, 306, 307, 308, 309, 310, 311, 312, 313, 314, 315, 316, 317, 318, 319, 320, 321, 322, 323, 324, 325, 326, 327, 328, 329, 330, 331, 332, 333, 334, 335, 336, 337, 574, 575, 576, 577, 578, 579, 580, 581, 582, 583, 584, 585, 586, 587, 588, 589, 590, 591, 592, 593, 594, 595, 596, 597, 598, 599, 600, 601, 602, 603, 604, 605, 606, 607, 608, 609, 610, 611, 612, 613, 614, 615, 616, 617, 618, 619, 620, 621, 622, 623, 624, 625, 626, 627, 628, 629, 630, 631, 632, 633, 634, 635, 636, 637, 638, 639, 640, 641, 642, 643, 644, 645, 646, 647, 648, 649, 650, 651, 652, 653, 654, 655, 656, 657, 658, 659, 660, 661, 662, 663, 664, 665, 666, 667, 668, 669, 670, 671, 672, 673, 674, 675, 676, 677, 678, 679, 680, 681, 682, 683, 684, 685, 686, 687, 688, 689, 690, 691, 692, 693, 694, 695, 696, 697, 698, 699, 700, 701, 702, 703, 704, 705, 706, 707, 708, 709, 710, 711, 712, 713, 714, 715, 716, 717, 718, 719, 720, 721, 722, 723, 724, 725, 726, 727, 728, 729, 730, 731, 732, 733, 734, 735, 736, 737, 738, 739, 740, 741, 742, 743, 744, 745, 746, 747, 748, 749, 750, 751, 752, 753, 754, 755, 756, 757, 758, 759, 760, 761, 762, 763, 764, 765, 766, 767, 768, 769, 770, 771, 772, 773, 774, 775, 776, 777, 778, 779, 780, 781, 782, 783, 784, 785, 786, 787, 788, 789, 790, 791, 792, 793]","[105, 114, 138, 141, 152, 153, 154, 155, 157, 159, 164, 165, 176, 182, 191, 192, 194, 195, 196, 200, 204, 208, 209, 210, 211, 215, 226, 228, 241, 242, 243, 245, 248, 249, 250, 257, 261, 270, 271, 282, 287, 289, 291, 294, 296, 298, 306, 308, 309, 311, 314, 327, 333, 335, 337, 576, 585, 609, 612, 623, 624, 626, 627, 629, 631, 636, 637, 647, 653, 662, 663, 665, 666, 667, 671, 674, 678, 679, 680, 681, 690, 692, 705, 706, 707, 709, 711, 712, 713, 719, 721, 729, 730, 741, 746, 748, 750, 753, 755, 757, 764, 766, 767, 769, 772, 785, 791]",[],"[174, 175, 176, 177, 178, 347, 348, 349, 350, 351, 352, 423, 645, 646, 647, 648, 649, 802, 803, 804, 805, 806, 807, 875]","[103, 104, 105, 106, 107, 108, 109, 110, 111, 112, 113, 114, 115, 116, 117, 118, 119, 120, 121, 122, 123, 124, 125, 126, 127, 128, 129, 130, 131, 132, 133, 134, 135, 136, 137, 138, 139, 140, 141, 142, 143, 144, 145, 146, 147, 148, 149, 150, 151, 152, 153, 154, 155, 156, 157, 158, 159, 160, 161, 162, 163, 164, 165, 166, 167, 168, 169, 170, 171, 172, 173, 174, 175, 176, 177, 178, 179, 180, 181, 182, 183, 184, 185, 186, 187, 188, 189, 190, 191, 192, 193, 194, 195, 196, 197, 198, 199, 200, 201, 202, 203, 204, 205, 206, 207, 208, 209, 210, 211, 212, 213, 214, 215, 216, 217, 218, 219, 220, 221, 222, 223, 224, 225, 226, 227, 228, 229, 230, 231, 232, 233, 234, 235, 236, 237, 238, 239, 240, 241, 242, 243, 244, 245, 246, 247, 248, 249, 250, 251, 252, 253, 254, 255, 256, 257, 258, 259, 260, 261, 262, 263, 264, 265, 266, 267, 268, 269, 270, 271, 272, 273, 274, 275, 276, 277, 278, 279, 280, 281, 282, 283, 284, 285, 286, 287, 288, 289, 290, 291, 292, 293, 294, 295, 296, 297, 298, 299, 300, 301, 302, 303, 304, 305, 306, 307, 308, 309, 310, 311, 312, 313, 314, 315, 316, 317, 318, 319, 320, 321, 322, 323, 324, 325, 326, 327, 328, 329, 330, 331, 332, 333, 334, 335, 336, 337, 347, 348, 349, 350, 351, 352, 423, 574, 575, 576, 577, 578, 579, 580, 581, 582, 583, 584, 585, 586, 587, 588, 589, 590, 591, 592, 593, 594, 595, 596, 597, 598, 599, 600, 601, 602, 603, 604, 605, 606, 607, 608, 609, 610, 611, 612, 613, 614, 615, 616, 617, 618, 619, 620, 621, 622, 623, 624, 625, 626, 627, 628, 629, 630, 631, 632, 633, 634, 635, 636, 637, 638, 639, 640, 641, 642, 643, 644, 645, 646, 647, 648, 649, 650, 651, 652, 653, 654, 655, 656, 657, 658, 659, 660, 661, 662, 663, 664, 665, 666, 667, 668, 669, 670, 671, 672, 673, 674, 675, 676, 677, 678, 679, 680, 681, 682, 683, 684, 685, 686, 687, 688, 689, 690, 691, 692, 693, 694, 695, 696, 697, 698, 699, 700, 701, 702, 703, 704, 705, 706, 707, 708, 709, 710, 711, 712, 713, 714, 715, 716, 717, 718, 719, 720, 721, 722, 723, 724, 725, 726, 727, 728, 729, 730, 731, 732, 733, 734, 735, 736, 737, 738, 739, 740, 741, 742, 743, 744, 745, 746, 747, 748, 749, 750, 751, 752, 753, 754, 755, 756, 757, 758, 759, 760, 761, 762, 763, 764, 765, 766, 767, 768, 769, 770, 771, 772, 773, 774, 775, 776, 777, 778, 779, 780, 781, 782, 783, 784, 785, 786, 787, 788, 789, 790, 791, 792, 793, 802, 803, 804, 805, 806, 807, 875]",True,"[176, 647]","[103, 104, 105, 106, 107, 108, 109, 110, 111, 112, 113, 114, 115, 116, 117, 118, 119, 120, 121, 122, 123, 124, 125, 126, 127, 128, 129, 130, 131, 132, 133, 134, 135, 136, 137, 138, 139, 140, 141, 142, 143, 144, 145, 146, 147, 148, 149, 150, 151, 152, 153, 154, 155, 156, 157, 158, 159, 160, 161, 162, 163, 164, 165, 166, 167, 168, 169, 170, 171, 172, 173, 174, 175, 176, 177, 178, 179, 180, 181, 182, 183, 184, 185, 186, 187, 188, 189, 190, 191, 192, 193, 194, 195, 196, 197, 198, 199, 200, 201, 202, 203, 204, 205, 206, 207, 208, 209, 210, 211, 212, 213, 214, 215, 216, 217, 218, 219, 220, 221, 222, 223, 224, 225, 226, 227, 228, 229, 230, 231, 232, 233, 234, 235, 236, 237, 238, 239, 240, 241, 242, 243, 244, 245, 246, 247, 248, 249, 250, 251, 252, 253, 254, 255, 256, 257, 258, 259, 260, 261, 262, 263, 264, 265, 266, 267, 268, 269, 270, 271, 272, 273, 274, 275, 276, 277, 278, 279, 280, 281, 282, 283, 284, 285, 286, 287, 288, 289, 290, 291, 292, 293, 294, 295, 296, 297, 298, 299, 300, 301, 302, 303, 304, 305, 306, 307, 308, 309, 310, 311, 312, 313, 314, 315, 316, 317, 318, 319, 320, 321, 322, 323, 324, 325, 326, 327, 328, 329, 330, 331, 332, 333, 334, 335, 336, 337, 574, 575, 576, 577, 578, 579, 580, 581, 582, 583, 584, 585, 586, 587, 588, 589, 590, 591, 592, 593, 594, 595, 596, 597, 598, 599, 600, 601, 602, 603, 604, 605, 606, 607, 608, 609, 610, 611, 612, 613, 614, 615, 616, 617, 618, 619, 620, 621, 622, 623, 624, 625, 626, 627, 628, 629, 630, 631, 632, 633, 634, 635, 636, 637, 638, 639, 640, 641, 642, 643, 644, 645, 646, 647, 648, 649, 650, 651, 652, 653, 654, 655, 656, 657, 658, 659, 660, 661, 662, 663, 664, 665, 666, 667, 668, 669, 670, 671, 672, 673, 674, 675, 676, 677, 678, 679, 680, 681, 682, 683, 684, 685, 686, 687, 688, 689, 690, 691, 692, 693, 694, 695, 696, 697, 698, 699, 700, 701, 702, 703, 704, 705, 706, 707, 708, 709, 710, 711, 712, 713, 714, 715, 716, 717, 718, 719, 720, 721, 722, 723, 724, 725, 726, 727, 728, 729, 730, 731, 732, 733, 734, 735, 736, 737, 738, 739, 740, 741, 742, 743, 744, 745, 746, 747, 748, 749, 750, 751, 752, 753, 754, 755, 756, 757, 758, 759, 760, 761, 762, 763, 764, 765, 766, 767, 768, 769, 770, 771, 772, 773, 774, 775, 776, 777, 778, 779, 780, 781, 782, 783, 784, 785, 786, 787, 788, 789, 790, 791, 792, 793]","[176, 177, 283, 647, 648, 742]",[],"[105, 114, 138, 141, 152, 153, 154, 155, 157, 159, 164, 165, 176, 182, 191, 192, 194, 195, 196, 200, 204, 208, 209, 210, 211, 215, 226, 228, 241, 242, 243, 245, 248, 249, 250, 257, 261, 270, 271, 282, 287, 289, 291, 294, 296, 298, 306, 308, 309, 311, 314, 327, 333, 335, 337, 576, 585, 609, 612, 623, 624, 626, 627, 629, 631, 636, 637, 647, 653, 662, 663, 665, 666, 667, 671, 674, 678, 679, 680, 681, 690, 692, 705, 706, 707, 709, 711, 712, 713, 719, 721, 729, 730, 741, 746, 748, 750, 753, 755, 757, 764, 766, 767, 769, 772, 785, 791]","[174, 175, 176, 177, 178, 347, 348, 349, 350, 351, 352, 423, 645, 646, 647, 648, 649, 802, 803, 804, 805, 806, 807, 875]",[],7/6 successful match,True,"[601, 602]",True,795,False,,1.0,True,Golden Gate,
"Richmond , 94804 Golden Gate Petroleum",510-236-1300 I-580 & Regatta / Erlandson,,Richmond,94804,Golden Gate Petroleum,510-236-1300,2006,Richmond,CA,,,I-580 & Regatta / Erlandson,empty,,False,,False,I-580,Regatta Erlandson,,,,"[276, 735]",[],"[276, 735]",[],"[103, 104, 105, 106, 107, 108, 109, 110, 111, 112, 113, 114, 115, 116, 117, 118, 119, 120, 121, 122, 123, 124, 125, 126, 127, 128, 129, 130, 131, 132, 133, 134, 135, 136, 137, 138, 139, 140, 141, 142, 143, 144, 145, 146, 147, 148, 149, 150, 151, 152, 153, 154, 155, 156, 157, 158, 159, 160, 161, 162, 163, 164, 165, 166, 167, 168, 169, 170, 171, 172, 173, 174, 175, 176, 177, 178, 179, 180, 181, 182, 183, 184, 185, 186, 187, 188, 189, 190, 191, 192, 193, 194, 195, 196, 197, 198, 199, 200, 201, 202, 203, 204, 205, 206, 207, 208, 209, 210, 211, 212, 213, 214, 215, 216, 217, 218, 219, 220, 221, 222, 223, 224, 225, 226, 227, 228, 229, 230, 231, 232, 233, 234, 235, 236, 237, 238, 239, 240, 241, 242, 243, 244, 245, 246, 247, 248, 249, 250, 251, 252, 253, 254, 255, 256, 257, 258, 259, 260, 261, 262, 263, 264, 265, 266, 267, 268, 269, 270, 271, 272, 273, 274, 275, 276, 277, 278, 279, 280, 281, 282, 283, 284, 285, 286, 287, 288, 289, 290, 291, 292, 293, 294, 295, 296, 297, 298, 299, 300, 301, 302, 303, 304, 305, 306, 307, 308, 309, 310, 311, 312, 313, 314, 315, 316, 317, 318, 319, 320, 321, 322, 323, 324, 325, 326, 327, 328, 329, 330, 331, 332, 333, 334, 335, 336, 337, 574, 575, 576, 577, 578, 579, 580, 581, 582, 583, 584, 585, 586, 587, 588, 589, 590, 591, 592, 593, 594, 595, 596, 597, 598, 599, 600, 601, 602, 603, 604, 605, 606, 607, 608, 609, 610, 611, 612, 613, 614, 615, 616, 617, 618, 619, 620, 621, 622, 623, 624, 625, 626, 627, 628, 629, 630, 631, 632, 633, 634, 635, 636, 637, 638, 639, 640, 641, 642, 643, 644, 645, 646, 647, 648, 649, 650, 651, 652, 653, 654, 655, 656, 657, 658, 659, 660, 661, 662, 663, 664, 665, 666, 667, 668, 669, 670, 671, 672, 673, 674, 675, 676, 677, 678, 679, 680, 681, 682, 683, 684, 685, 686, 687, 688, 689, 690, 691, 692, 693, 694, 695, 696, 697, 698, 699, 700, 701, 702, 703, 704, 705, 706, 707, 708, 709, 710, 711, 712, 713, 714, 715, 716, 717, 718, 719, 720, 721, 722, 723, 724, 725, 726, 727, 728, 729, 730, 731, 732, 733, 734, 735, 736, 737, 738, 739, 740, 741, 742, 743, 744, 745, 746, 747, 748, 749, 750, 751, 752, 753, 754, 755, 756, 757, 758, 759, 760, 761, 762, 763, 764, 765, 766, 767, 768, 769, 770, 771, 772, 773, 774, 775, 776, 777, 778, 779, 780, 781, 782, 783, 784, 785, 786, 787, 788, 789, 790, 791, 792, 793]","[144, 263, 276, 615, 723, 735]",[],"[174, 175, 176, 177, 178, 325, 332, 347, 348, 349, 350, 351, 352, 423, 467, 483, 484, 645, 646, 647, 648, 649, 783, 789, 802, 803, 804, 805, 806, 807, 875, 914, 927, 934, 935]","[103, 104, 105, 106, 107, 108, 109, 110, 111, 112, 113, 114, 115, 116, 117, 118, 119, 120, 121, 122, 123, 124, 125, 126, 127, 128, 129, 130, 131, 132, 133, 134, 135, 136, 137, 138, 139, 140, 141, 142, 143, 144, 145, 146, 147, 148, 149, 150, 151, 152, 153, 154, 155, 156, 157, 158, 159, 160, 161, 162, 163, 164, 165, 166, 167, 168, 169, 170, 171, 172, 173, 174, 175, 176, 177, 178, 179, 180, 181, 182, 183, 184, 185, 186, 187, 188, 189, 190, 191, 192, 193, 194, 195, 196, 197, 198, 199, 200, 201, 202, 203, 204, 205, 206, 207, 208, 209, 210, 211, 212, 213, 214, 215, 216, 217, 218, 219, 220, 221, 222, 223, 224, 225, 226, 227, 228, 229, 230, 231, 232, 233, 234, 235, 236, 237, 238, 239, 240, 241, 242, 243, 244, 245, 246, 247, 248, 249, 250, 251, 252, 253, 254, 255, 256, 257, 258, 259, 260, 261, 262, 263, 264, 265, 266, 267, 268, 269, 270, 271, 272, 273, 274, 275, 276, 277, 278, 279, 280, 281, 282, 283, 284, 285, 286, 287, 288, 289, 290, 291, 292, 293, 294, 295, 296, 297, 298, 299, 300, 301, 302, 303, 304, 305, 306, 307, 308, 309, 310, 311, 312, 313, 314, 315, 316, 317, 318, 319, 320, 321, 322, 323, 324, 325, 326, 327, 328, 329, 330, 331, 332, 333, 334, 335, 336, 337, 347, 348, 349, 350, 351, 352, 423, 467, 483, 484, 574, 575, 576, 577, 578, 579, 580, 581, 582, 583, 584, 585, 586, 587, 588, 589, 590, 591, 592, 593, 594, 595, 596, 597, 598, 599, 600, 601, 602, 603, 604, 605, 606, 607, 608, 609, 610, 611, 612, 613, 614, 615, 616, 617, 618, 619, 620, 621, 622, 623, 624, 625, 626, 627, 628, 629, 630, 631, 632, 633, 634, 635, 636, 637, 638, 639, 640, 641, 642, 643, 644, 645, 646, 647, 648, 649, 650, 651, 652, 653, 654, 655, 656, 657, 658, 659, 660, 661, 662, 663, 664, 665, 666, 667, 668, 669, 670, 671, 672, 673, 674, 675, 676, 677, 678, 679, 680, 681, 682, 683, 684, 685, 686, 687, 688, 689, 690, 691, 692, 693, 694, 695, 696, 697, 698, 699, 700, 701, 702, 703, 704, 705, 706, 707, 708, 709, 710, 711, 712, 713, 714, 715, 716, 717, 718, 719, 720, 721, 722, 723, 724, 725, 726, 727, 728, 729, 730, 731, 732, 733, 734, 735, 736, 737, 738, 739, 740, 741, 742, 743, 744, 745, 746, 747, 748, 749, 750, 751, 752, 753, 754, 755, 756, 757, 758, 759, 760, 761, 762, 763, 764, 765, 766, 767, 768, 769, 770, 771, 772, 773, 774, 775, 776, 777, 778, 779, 780, 781, 782, 783, 784, 785, 786, 787, 788, 789, 790, 791, 792, 793, 802, 803, 804, 805, 806, 807, 875, 914, 927, 934, 935]",True,[],"[103, 104, 105, 106, 107, 108, 109, 110, 111, 112, 113, 114, 115, 116, 117, 118, 119, 120, 121, 122, 123, 124, 125, 126, 127, 128, 129, 130, 131, 132, 133, 134, 135, 136, 137, 138, 139, 140, 141, 142, 143, 144, 145, 146, 147, 148, 149, 150, 151, 152, 153, 154, 155, 156, 157, 158, 159, 160, 161, 162, 163, 164, 165, 166, 167, 168, 169, 170, 171, 172, 173, 174, 175, 176, 177, 178, 179, 180, 181, 182, 183, 184, 185, 186, 187, 188, 189, 190, 191, 192, 193, 194, 195, 196, 197, 198, 199, 200, 201, 202, 203, 204, 205, 206, 207, 208, 209, 210, 211, 212, 213, 214, 215, 216, 217, 218, 219, 220, 221, 222, 223, 224, 225, 226, 227, 228, 229, 230, 231, 232, 233, 234, 235, 236, 237, 238, 239, 240, 241, 242, 243, 244, 245, 246, 247, 248, 249, 250, 251, 252, 253, 254, 255, 256, 257, 258, 259, 260, 261, 262, 263, 264, 265, 266, 267, 268, 269, 270, 271, 272, 273, 274, 275, 276, 277, 278, 279, 280, 281, 282, 283, 284, 285, 286, 287, 288, 289, 290, 291, 292, 293, 294, 295, 296, 297, 298, 299, 300, 301, 302, 303, 304, 305, 306, 307, 308, 309, 310, 311, 312, 313, 314, 315, 316, 317, 318, 319, 320, 321, 322, 323, 324, 325, 326, 327, 328, 329, 330, 331, 332, 333, 334, 335, 336, 337, 574, 575, 576, 577, 578, 579, 580, 581, 582, 583, 584, 585, 586, 587, 588, 589, 590, 591, 592, 593, 594, 595, 596, 597, 598, 599, 600, 601, 602, 603, 604, 605, 606, 607, 608, 609, 610, 611, 612, 613, 614, 615, 616, 617, 618, 619, 620, 621, 622, 623, 624, 625, 626, 627, 628, 629, 630, 631, 632, 633, 634, 635, 636, 637, 638, 639, 640, 641, 642, 643, 644, 645, 646, 647, 648, 649, 650, 651, 652, 653, 654, 655, 656, 657, 658, 659, 660, 661, 662, 663, 664, 665, 666, 667, 668, 669, 670, 671, 672, 673, 674, 675, 676, 677, 678, 679, 680, 681, 682, 683, 684, 685, 686, 687, 688, 689, 690, 691, 692, 693, 694, 695, 696, 697, 698, 699, 700, 701, 702, 703, 704, 705, 706, 707, 708, 709, 710, 711, 712, 713, 714, 715, 716, 717, 718, 719, 720, 721, 722, 723, 724, 725, 726, 727, 728, 729, 730, 731, 732, 733, 734, 735, 736, 737, 738, 739, 740, 741, 742, 743, 744, 745, 746, 747, 748, 749, 750, 751, 752, 753, 754, 755, 756, 757, 758, 759, 760, 761, 762, 763, 764, 765, 766, 767, 768, 769, 770, 771, 772, 773, 774, 775, 776, 777, 778, 779, 780, 781, 782, 783, 784, 785, 786, 787, 788, 789, 790, 791, 792, 793]","[276, 735]",[],"[144, 263, 276, 615, 723, 735]","[174, 175, 176, 177, 178, 325, 332, 347, 348, 349, 350, 351, 352, 423, 467, 483, 484, 645, 646, 647, 648, 649, 783, 789, 802, 803, 804, 805, 806, 807, 875, 914, 927, 934, 935]",[],5/6 successful match,True,[135],True,796,False,,,,,
"E Richmond , 94804 Golden Gate Petroleum )",510-236-1300 I-580 & Regatta / Erlandson,D O,Richmond,94804,Golden Gate Petroleum ),510-236-1300,2007,Richmond,CA,,,I-580 & Regatta / Erlandson,empty,,False,,False,I-580,Regatta Erlandson,,,,"[276, 735]",[],"[276, 735]",[],"[103, 104, 105, 106, 107, 108, 109, 110, 111, 112, 113, 114, 115, 116, 117, 118, 119, 120, 121, 122, 123, 124, 125, 126, 127, 128, 129, 130, 131, 132, 133, 134, 135, 136, 137, 138, 139, 140, 141, 142, 143, 144, 145, 146, 147, 148, 149, 150, 151, 152, 153, 154, 155, 156, 157, 158, 159, 160, 161, 162, 163, 164, 165, 166, 167, 168, 169, 170, 171, 172, 173, 174, 175, 176, 177, 178, 179, 180, 181, 182, 183, 184, 185, 186, 187, 188, 189, 190, 191, 192, 193, 194, 195, 196, 197, 198, 199, 200, 201, 202, 203, 204, 205, 206, 207, 208, 209, 210, 211, 212, 213, 214, 215, 216, 217, 218, 219, 220, 221, 222, 223, 224, 225, 226, 227, 228, 229, 230, 231, 232, 233, 234, 235, 236, 237, 238, 239, 240, 241, 242, 243, 244, 245, 246, 247, 248, 249, 250, 251, 252, 253, 254, 255, 256, 257, 258, 259, 260, 261, 262, 263, 264, 265, 266, 267, 268, 269, 270, 271, 272, 273, 274, 275, 276, 277, 278, 279, 280, 281, 282, 283, 284, 285, 286, 287, 288, 289, 290, 291, 292, 293, 294, 295, 296, 297, 298, 299, 300, 301, 302, 303, 304, 305, 306, 307, 308, 309, 310, 311, 312, 313, 314, 315, 316, 317, 318, 319, 320, 321, 322, 323, 324, 325, 326, 327, 328, 329, 330, 331, 332, 333, 334, 335, 336, 337, 574, 575, 576, 577, 578, 579, 580, 581, 582, 583, 584, 585, 586, 587, 588, 589, 590, 591, 592, 593, 594, 595, 596, 597, 598, 599, 600, 601, 602, 603, 604, 605, 606, 607, 608, 609, 610, 611, 612, 613, 614, 615, 616, 617, 618, 619, 620, 621, 622, 623, 624, 625, 626, 627, 628, 629, 630, 631, 632, 633, 634, 635, 636, 637, 638, 639, 640, 641, 642, 643, 644, 645, 646, 647, 648, 649, 650, 651, 652, 653, 654, 655, 656, 657, 658, 659, 660, 661, 662, 663, 664, 665, 666, 667, 668, 669, 670, 671, 672, 673, 674, 675, 676, 677, 678, 679, 680, 681, 682, 683, 684, 685, 686, 687, 688, 689, 690, 691, 692, 693, 694, 695, 696, 697, 698, 699, 700, 701, 702, 703, 704, 705, 706, 707, 708, 709, 710, 711, 712, 713, 714, 715, 716, 717, 718, 719, 720, 721, 722, 723, 724, 725, 726, 727, 728, 729, 730, 731, 732, 733, 734, 735, 736, 737, 738, 739, 740, 741, 742, 743, 744, 745, 746, 747, 748, 749, 750, 751, 752, 753, 754, 755, 756, 757, 758, 759, 760, 761, 762, 763, 764, 765, 766, 767, 768, 769, 770, 771, 772, 773, 774, 775, 776, 777, 778, 779, 780, 781, 782, 783, 784, 785, 786, 787, 788, 789, 790, 791, 792, 793]","[144, 263, 276, 615, 723, 735]",[],"[174, 175, 176, 177, 178, 325, 332, 347, 348, 349, 350, 351, 352, 423, 467, 483, 484, 645, 646, 647, 648, 649, 783, 789, 802, 803, 804, 805, 806, 807, 875, 914, 927, 934, 935]","[103, 104, 105, 106, 107, 108, 109, 110, 111, 112, 113, 114, 115, 116, 117, 118, 119, 120, 121, 122, 123, 124, 125, 126, 127, 128, 129, 130, 131, 132, 133, 134, 135, 136, 137, 138, 139, 140, 141, 142, 143, 144, 145, 146, 147, 148, 149, 150, 151, 152, 153, 154, 155, 156, 157, 158, 159, 160, 161, 162, 163, 164, 165, 166, 167, 168, 169, 170, 171, 172, 173, 174, 175, 176, 177, 178, 179, 180, 181, 182, 183, 184, 185, 186, 187, 188, 189, 190, 191, 192, 193, 194, 195, 196, 197, 198, 199, 200, 201, 202, 203, 204, 205, 206, 207, 208, 209, 210, 211, 212, 213, 214, 215, 216, 217, 218, 219, 220, 221, 222, 223, 224, 225, 226, 227, 228, 229, 230, 231, 232, 233, 234, 235, 236, 237, 238, 239, 240, 241, 242, 243, 244, 245, 246, 247, 248, 249, 250, 251, 252, 253, 254, 255, 256, 257, 258, 259, 260, 261, 262, 263, 264, 265, 266, 267, 268, 269, 270, 271, 272, 273, 274, 275, 276, 277, 278, 279, 280, 281, 282, 283, 284, 285, 286, 287, 288, 289, 290, 291, 292, 293, 294, 295, 296, 297, 298, 299, 300, 301, 302, 303, 304, 305, 306, 307, 308, 309, 310, 311, 312, 313, 314, 315, 316, 317, 318, 319, 320, 321, 322, 323, 324, 325, 326, 327, 328, 329, 330, 331, 332, 333, 334, 335, 336, 337, 347, 348, 349, 350, 351, 352, 423, 467, 483, 484, 574, 575, 576, 577, 578, 579, 580, 581, 582, 583, 584, 585, 586, 587, 588, 589, 590, 591, 592, 593, 594, 595, 596, 597, 598, 599, 600, 601, 602, 603, 604, 605, 606, 607, 608, 609, 610, 611, 612, 613, 614, 615, 616, 617, 618, 619, 620, 621, 622, 623, 624, 625, 626, 627, 628, 629, 630, 631, 632, 633, 634, 635, 636, 637, 638, 639, 640, 641, 642, 643, 644, 645, 646, 647, 648, 649, 650, 651, 652, 653, 654, 655, 656, 657, 658, 659, 660, 661, 662, 663, 664, 665, 666, 667, 668, 669, 670, 671, 672, 673, 674, 675, 676, 677, 678, 679, 680, 681, 682, 683, 684, 685, 686, 687, 688, 689, 690, 691, 692, 693, 694, 695, 696, 697, 698, 699, 700, 701, 702, 703, 704, 705, 706, 707, 708, 709, 710, 711, 712, 713, 714, 715, 716, 717, 718, 719, 720, 721, 722, 723, 724, 725, 726, 727, 728, 729, 730, 731, 732, 733, 734, 735, 736, 737, 738, 739, 740, 741, 742, 743, 744, 745, 746, 747, 748, 749, 750, 751, 752, 753, 754, 755, 756, 757, 758, 759, 760, 761, 762, 763, 764, 765, 766, 767, 768, 769, 770, 771, 772, 773, 774, 775, 776, 777, 778, 779, 780, 781, 782, 783, 784, 785, 786, 787, 788, 789, 790, 791, 792, 793, 802, 803, 804, 805, 806, 807, 875, 914, 927, 934, 935]",True,[],"[103, 104, 105, 106, 107, 108, 109, 110, 111, 112, 113, 114, 115, 116, 117, 118, 119, 120, 121, 122, 123, 124, 125, 126, 127, 128, 129, 130, 131, 132, 133, 134, 135, 136, 137, 138, 139, 140, 141, 142, 143, 144, 145, 146, 147, 148, 149, 150, 151, 152, 153, 154, 155, 156, 157, 158, 159, 160, 161, 162, 163, 164, 165, 166, 167, 168, 169, 170, 171, 172, 173, 174, 175, 176, 177, 178, 179, 180, 181, 182, 183, 184, 185, 186, 187, 188, 189, 190, 191, 192, 193, 194, 195, 196, 197, 198, 199, 200, 201, 202, 203, 204, 205, 206, 207, 208, 209, 210, 211, 212, 213, 214, 215, 216, 217, 218, 219, 220, 221, 222, 223, 224, 225, 226, 227, 228, 229, 230, 231, 232, 233, 234, 235, 236, 237, 238, 239, 240, 241, 242, 243, 244, 245, 246, 247, 248, 249, 250, 251, 252, 253, 254, 255, 256, 257, 258, 259, 260, 261, 262, 263, 264, 265, 266, 267, 268, 269, 270, 271, 272, 273, 274, 275, 276, 277, 278, 279, 280, 281, 282, 283, 284, 285, 286, 287, 288, 289, 290, 291, 292, 293, 294, 295, 296, 297, 298, 299, 300, 301, 302, 303, 304, 305, 306, 307, 308, 309, 310, 311, 312, 313, 314, 315, 316, 317, 318, 319, 320, 321, 322, 323, 324, 325, 326, 327, 328, 329, 330, 331, 332, 333, 334, 335, 336, 337, 574, 575, 576, 577, 578, 579, 580, 581, 582, 583, 584, 585, 586, 587, 588, 589, 590, 591, 592, 593, 594, 595, 596, 597, 598, 599, 600, 601, 602, 603, 604, 605, 606, 607, 608, 609, 610, 611, 612, 613, 614, 615, 616, 617, 618, 619, 620, 621, 622, 623, 624, 625, 626, 627, 628, 629, 630, 631, 632, 633, 634, 635, 636, 637, 638, 639, 640, 641, 642, 643, 644, 645, 646, 647, 648, 649, 650, 651, 652, 653, 654, 655, 656, 657, 658, 659, 660, 661, 662, 663, 664, 665, 666, 667, 668, 669, 670, 671, 672, 673, 674, 675, 676, 677, 678, 679, 680, 681, 682, 683, 684, 685, 686, 687, 688, 689, 690, 691, 692, 693, 694, 695, 696, 697, 698, 699, 700, 701, 702, 703, 704, 705, 706, 707, 708, 709, 710, 711, 712, 713, 714, 715, 716, 717, 718, 719, 720, 721, 722, 723, 724, 725, 726, 727, 728, 729, 730, 731, 732, 733, 734, 735, 736, 737, 738, 739, 740, 741, 742, 743, 744, 745, 746, 747, 748, 749, 750, 751, 752, 753, 754, 755, 756, 757, 758, 759, 760, 761, 762, 763, 764, 765, 766, 767, 768, 769, 770, 771, 772, 773, 774, 775, 776, 777, 778, 779, 780, 781, 782, 783, 784, 785, 786, 787, 788, 789, 790, 791, 792, 793]","[276, 735]",[],"[144, 263, 276, 615, 723, 735]","[174, 175, 176, 177, 178, 325, 332, 347, 348, 349, 350, 351, 352, 423, 467, 483, 484, 645, 646, 647, 648, 649, 783, 789, 802, 803, 804, 805, 806, 807, 875, 914, 927, 934, 935]",[],5/6 successful match,True,[135],True,796,False,,1.0,True,Golden Gate Petroleum,
"Richmond , 94804 Golden Gate Petroleum Valley )",510-236-1300 I-580 Exit 10 B ( Regatta /,D,Richmond,94804,Golden Gate Petroleum Valley ),510-236-1300,2008,Richmond,CA,,( Regatta /,I-580 Exit 10 B ,Exit,10,False,,False,I-580,,,,,"[276, 735]",[],"[276, 735]","[276, 287, 735, 746]","[103, 104, 105, 106, 107, 108, 109, 110, 111, 112, 113, 114, 115, 116, 117, 118, 119, 120, 121, 122, 123, 124, 125, 126, 127, 128, 129, 130, 131, 132, 133, 134, 135, 136, 137, 138, 139, 140, 141, 142, 143, 144, 145, 146, 147, 148, 149, 150, 151, 152, 153, 154, 155, 156, 157, 158, 159, 160, 161, 162, 163, 164, 165, 166, 167, 168, 169, 170, 171, 172, 173, 174, 175, 176, 177, 178, 179, 180, 181, 182, 183, 184, 185, 186, 187, 188, 189, 190, 191, 192, 193, 194, 195, 196, 197, 198, 199, 200, 201, 202, 203, 204, 205, 206, 207, 208, 209, 210, 211, 212, 213, 214, 215, 216, 217, 218, 219, 220, 221, 222, 223, 224, 225, 226, 227, 228, 229, 230, 231, 232, 233, 234, 235, 236, 237, 238, 239, 240, 241, 242, 243, 244, 245, 246, 247, 248, 249, 250, 251, 252, 253, 254, 255, 256, 257, 258, 259, 260, 261, 262, 263, 264, 265, 266, 267, 268, 269, 270, 271, 272, 273, 274, 275, 276, 277, 278, 279, 280, 281, 282, 283, 284, 285, 286, 287, 288, 289, 290, 291, 292, 293, 294, 295, 296, 297, 298, 299, 300, 301, 302, 303, 304, 305, 306, 307, 308, 309, 310, 311, 312, 313, 314, 315, 316, 317, 318, 319, 320, 321, 322, 323, 324, 325, 326, 327, 328, 329, 330, 331, 332, 333, 334, 335, 336, 337, 574, 575, 576, 577, 578, 579, 580, 581, 582, 583, 584, 585, 586, 587, 588, 589, 590, 591, 592, 593, 594, 595, 596, 597, 598, 599, 600, 601, 602, 603, 604, 605, 606, 607, 608, 609, 610, 611, 612, 613, 614, 615, 616, 617, 618, 619, 620, 621, 622, 623, 624, 625, 626, 627, 628, 629, 630, 631, 632, 633, 634, 635, 636, 637, 638, 639, 640, 641, 642, 643, 644, 645, 646, 647, 648, 649, 650, 651, 652, 653, 654, 655, 656, 657, 658, 659, 660, 661, 662, 663, 664, 665, 666, 667, 668, 669, 670, 671, 672, 673, 674, 675, 676, 677, 678, 679, 680, 681, 682, 683, 684, 685, 686, 687, 688, 689, 690, 691, 692, 693, 694, 695, 696, 697, 698, 699, 700, 701, 702, 703, 704, 705, 706, 707, 708, 709, 710, 711, 712, 713, 714, 715, 716, 717, 718, 719, 720, 721, 722, 723, 724, 725, 726, 727, 728, 729, 730, 731, 732, 733, 734, 735, 736, 737, 738, 739, 740, 741, 742, 743, 744, 745, 746, 747, 748, 749, 750, 751, 752, 753, 754, 755, 756, 757, 758, 759, 760, 761, 762, 763, 764, 765, 766, 767, 768, 769, 770, 771, 772, 773, 774, 775, 776, 777, 778, 779, 780, 781, 782, 783, 784, 785, 786, 787, 788, 789, 790, 791, 792, 793]","[144, 263, 276, 615, 723, 735]",[],"[154, 174, 175, 176, 177, 178, 218, 279, 321, 322, 323, 324, 325, 326, 332, 347, 348, 349, 350, 351, 352, 394, 401, 423, 467, 483, 484, 626, 645, 646, 647, 648, 649, 686, 738, 779, 780, 781, 782, 783, 784, 789, 802, 803, 804, 805, 806, 807, 844, 850, 875, 914, 927, 934, 935]","[103, 104, 105, 106, 107, 108, 109, 110, 111, 112, 113, 114, 115, 116, 117, 118, 119, 120, 121, 122, 123, 124, 125, 126, 127, 128, 129, 130, 131, 132, 133, 134, 135, 136, 137, 138, 139, 140, 141, 142, 143, 144, 145, 146, 147, 148, 149, 150, 151, 152, 153, 154, 155, 156, 157, 158, 159, 160, 161, 162, 163, 164, 165, 166, 167, 168, 169, 170, 171, 172, 173, 174, 175, 176, 177, 178, 179, 180, 181, 182, 183, 184, 185, 186, 187, 188, 189, 190, 191, 192, 193, 194, 195, 196, 197, 198, 199, 200, 201, 202, 203, 204, 205, 206, 207, 208, 209, 210, 211, 212, 213, 214, 215, 216, 217, 218, 219, 220, 221, 222, 223, 224, 225, 226, 227, 228, 229, 230, 231, 232, 233, 234, 235, 236, 237, 238, 239, 240, 241, 242, 243, 244, 245, 246, 247, 248, 249, 250, 251, 252, 253, 254, 255, 256, 257, 258, 259, 260, 261, 262, 263, 264, 265, 266, 267, 268, 269, 270, 271, 272, 273, 274, 275, 276, 277, 278, 279, 280, 281, 282, 283, 284, 285, 286, 287, 288, 289, 290, 291, 292, 293, 294, 295, 296, 297, 298, 299, 300, 301, 302, 303, 304, 305, 306, 307, 308, 309, 310, 311, 312, 313, 314, 315, 316, 317, 318, 319, 320, 321, 322, 323, 324, 325, 326, 327, 328, 329, 330, 331, 332, 333, 334, 335, 336, 337, 347, 348, 349, 350, 351, 352, 394, 401, 423, 467, 483, 484, 574, 575, 576, 577, 578, 579, 580, 581, 582, 583, 584, 585, 586, 587, 588, 589, 590, 591, 592, 593, 594, 595, 596, 597, 598, 599, 600, 601, 602, 603, 604, 605, 606, 607, 608, 609, 610, 611, 612, 613, 614, 615, 616, 617, 618, 619, 620, 621, 622, 623, 624, 625, 626, 627, 628, 629, 630, 631, 632, 633, 634, 635, 636, 637, 638, 639, 640, 641, 642, 643, 644, 645, 646, 647, 648, 649, 650, 651, 652, 653, 654, 655, 656, 657, 658, 659, 660, 661, 662, 663, 664, 665, 666, 667, 668, 669, 670, 671, 672, 673, 674, 675, 676, 677, 678, 679, 680, 681, 682, 683, 684, 685, 686, 687, 688, 689, 690, 691, 692, 693, 694, 695, 696, 697, 698, 699, 700, 701, 702, 703, 704, 705, 706, 707, 708, 709, 710, 711, 712, 713, 714, 715, 716, 717, 718, 719, 720, 721, 722, 723, 724, 725, 726, 727, 728, 729, 730, 731, 732, 733, 734, 735, 736, 737, 738, 739, 740, 741, 742, 743, 744, 745, 746, 747, 748, 749, 750, 751, 752, 753, 754, 755, 756, 757, 758, 759, 760, 761, 762, 763, 764, 765, 766, 767, 768, 769, 770, 771, 772, 773, 774, 775, 776, 777, 778, 779, 780, 781, 782, 783, 784, 785, 786, 787, 788, 789, 790, 791, 792, 793, 802, 803, 804, 805, 806, 807, 844, 850, 875, 914, 927, 934, 935]",True,[],"[103, 104, 105, 106, 107, 108, 109, 110, 111, 112, 113, 114, 115, 116, 117, 118, 119, 120, 121, 122, 123, 124, 125, 126, 127, 128, 129, 130, 131, 132, 133, 134, 135, 136, 137, 138, 139, 140, 141, 142, 143, 144, 145, 146, 147, 148, 149, 150, 151, 152, 153, 154, 155, 156, 157, 158, 159, 160, 161, 162, 163, 164, 165, 166, 167, 168, 169, 170, 171, 172, 173, 174, 175, 176, 177, 178, 179, 180, 181, 182, 183, 184, 185, 186, 187, 188, 189, 190, 191, 192, 193, 194, 195, 196, 197, 198, 199, 200, 201, 202, 203, 204, 205, 206, 207, 208, 209, 210, 211, 212, 213, 214, 215, 216, 217, 218, 219, 220, 221, 222, 223, 224, 225, 226, 227, 228, 229, 230, 231, 232, 233, 234, 235, 236, 237, 238, 239, 240, 241, 242, 243, 244, 245, 246, 247, 248, 249, 250, 251, 252, 253, 254, 255, 256, 257, 258, 259, 260, 261, 262, 263, 264, 265, 266, 267, 268, 269, 270, 271, 272, 273, 274, 275, 276, 277, 278, 279, 280, 281, 282, 283, 284, 285, 286, 287, 288, 289, 290, 291, 292, 293, 294, 295, 296, 297, 298, 299, 300, 301, 302, 303, 304, 305, 306, 307, 308, 309, 310, 311, 312, 313, 314, 315, 316, 317, 318, 319, 320, 321, 322, 323, 324, 325, 326, 327, 328, 329, 330, 331, 332, 333, 334, 335, 336, 337, 574, 575, 576, 577, 578, 579, 580, 581, 582, 583, 584, 585, 586, 587, 588, 589, 590, 591, 592, 593, 594, 595, 596, 597, 598, 599, 600, 601, 602, 603, 604, 605, 606, 607, 608, 609, 610, 611, 612, 613, 614, 615, 616, 617, 618, 619, 620, 621, 622, 623, 624, 625, 626, 627, 628, 629, 630, 631, 632, 633, 634, 635, 636, 637, 638, 639, 640, 641, 642, 643, 644, 645, 646, 647, 648, 649, 650, 651, 652, 653, 654, 655, 656, 657, 658, 659, 660, 661, 662, 663, 664, 665, 666, 667, 668, 669, 670, 671, 672, 673, 674, 675, 676, 677, 678, 679, 680, 681, 682, 683, 684, 685, 686, 687, 688, 689, 690, 691, 692, 693, 694, 695, 696, 697, 698, 699, 700, 701, 702, 703, 704, 705, 706, 707, 708, 709, 710, 711, 712, 713, 714, 715, 716, 717, 718, 719, 720, 721, 722, 723, 724, 725, 726, 727, 728, 729, 730, 731, 732, 733, 734, 735, 736, 737, 738, 739, 740, 741, 742, 743, 744, 745, 746, 747, 748, 749, 750, 751, 752, 753, 754, 755, 756, 757, 758, 759, 760, 761, 762, 763, 764, 765, 766, 767, 768, 769, 770, 771, 772, 773, 774, 775, 776, 777, 778, 779, 780, 781, 782, 783, 784, 785, 786, 787, 788, 789, 790, 791, 792, 793]","[276, 735]","[276, 287, 735, 746]","[144, 263, 276, 615, 723, 735]","[154, 174, 175, 176, 177, 178, 218, 279, 321, 322, 323, 324, 325, 326, 332, 347, 348, 349, 350, 351, 352, 394, 401, 423, 467, 483, 484, 626, 645, 646, 647, 648, 649, 686, 738, 779, 780, 781, 782, 783, 784, 789, 802, 803, 804, 805, 806, 807, 844, 850, 875, 914, 927, 934, 935]",[],5/6 successful match,True,[135],True,796,False,,1.0,True,Golden Gate Petroleum ),
E Richmond ( 94806 ) Golden Gate,510-236-1300 I-580 Exit 10 B ( Regatta / Erlandson ),) <U+25A1> <U+25A1>,Richmond,94806,Golden Gate,510-236-1300,2014,San Pablo,CA,,( Regatta / Erlandson ),I-580 Exit 10 B ,Exit,10,False,,False,I-580,,,,,"[276, 735]",[],"[49, 87, 107, 198, 255, 276, 293, 297, 316, 331, 528, 558, 578, 669, 708, 735, 752, 756, 774, 788]","[276, 287, 735, 746]","[103, 104, 105, 106, 107, 108, 109, 110, 111, 112, 113, 114, 115, 116, 117, 118, 119, 120, 121, 122, 123, 124, 125, 126, 127, 128, 129, 130, 131, 132, 133, 134, 135, 136, 137, 138, 139, 140, 141, 142, 143, 144, 145, 146, 147, 148, 149, 150, 151, 152, 153, 154, 155, 156, 157, 158, 159, 160, 161, 162, 163, 164, 165, 166, 167, 168, 169, 170, 171, 172, 173, 174, 175, 176, 177, 178, 179, 180, 181, 182, 183, 184, 185, 186, 187, 188, 189, 190, 191, 192, 193, 194, 195, 196, 197, 198, 199, 200, 201, 202, 203, 204, 205, 206, 207, 208, 209, 210, 211, 212, 213, 214, 215, 216, 217, 218, 219, 220, 221, 222, 223, 224, 225, 226, 227, 228, 229, 230, 231, 232, 233, 234, 235, 236, 237, 238, 239, 240, 241, 242, 243, 244, 245, 246, 247, 248, 249, 250, 251, 252, 253, 254, 255, 256, 257, 258, 259, 260, 261, 262, 263, 264, 265, 266, 267, 268, 269, 270, 271, 272, 273, 274, 275, 276, 277, 278, 279, 280, 281, 282, 283, 284, 285, 286, 287, 288, 289, 290, 291, 292, 293, 294, 295, 296, 297, 298, 299, 300, 301, 302, 303, 304, 305, 306, 307, 308, 309, 310, 311, 312, 313, 314, 315, 316, 317, 318, 319, 320, 321, 322, 323, 324, 325, 326, 327, 328, 329, 330, 331, 332, 333, 334, 335, 336, 337, 574, 575, 576, 577, 578, 579, 580, 581, 582, 583, 584, 585, 586, 587, 588, 589, 590, 591, 592, 593, 594, 595, 596, 597, 598, 599, 600, 601, 602, 603, 604, 605, 606, 607, 608, 609, 610, 611, 612, 613, 614, 615, 616, 617, 618, 619, 620, 621, 622, 623, 624, 625, 626, 627, 628, 629, 630, 631, 632, 633, 634, 635, 636, 637, 638, 639, 640, 641, 642, 643, 644, 645, 646, 647, 648, 649, 650, 651, 652, 653, 654, 655, 656, 657, 658, 659, 660, 661, 662, 663, 664, 665, 666, 667, 668, 669, 670, 671, 672, 673, 674, 675, 676, 677, 678, 679, 680, 681, 682, 683, 684, 685, 686, 687, 688, 689, 690, 691, 692, 693, 694, 695, 696, 697, 698, 699, 700, 701, 702, 703, 704, 705, 706, 707, 708, 709, 710, 711, 712, 713, 714, 715, 716, 717, 718, 719, 720, 721, 722, 723, 724, 725, 726, 727, 728, 729, 730, 731, 732, 733, 734, 735, 736, 737, 738, 739, 740, 741, 742, 743, 744, 745, 746, 747, 748, 749, 750, 751, 752, 753, 754, 755, 756, 757, 758, 759, 760, 761, 762, 763, 764, 765, 766, 767, 768, 769, 770, 771, 772, 773, 774, 775, 776, 777, 778, 779, 780, 781, 782, 783, 784, 785, 786, 787, 788, 789, 790, 791, 792, 793]","[144, 263, 276, 615, 723, 735]",[],"[174, 175, 176, 177, 178, 347, 348, 349, 350, 351, 352, 423, 645, 646, 647, 648, 649, 802, 803, 804, 805, 806, 807, 875]","[49, 87, 103, 104, 105, 106, 107, 108, 109, 110, 111, 112, 113, 114, 115, 116, 117, 118, 119, 120, 121, 122, 123, 124, 125, 126, 127, 128, 129, 130, 131, 132, 133, 134, 135, 136, 137, 138, 139, 140, 141, 142, 143, 144, 145, 146, 147, 148, 149, 150, 151, 152, 153, 154, 155, 156, 157, 158, 159, 160, 161, 162, 163, 164, 165, 166, 167, 168, 169, 170, 171, 172, 173, 174, 175, 176, 177, 178, 179, 180, 181, 182, 183, 184, 185, 186, 187, 188, 189, 190, 191, 192, 193, 194, 195, 196, 197, 198, 199, 200, 201, 202, 203, 204, 205, 206, 207, 208, 209, 210, 211, 212, 213, 214, 215, 216, 217, 218, 219, 220, 221, 222, 223, 224, 225, 226, 227, 228, 229, 230, 231, 232, 233, 234, 235, 236, 237, 238, 239, 240, 241, 242, 243, 244, 245, 246, 247, 248, 249, 250, 251, 252, 253, 254, 255, 256, 257, 258, 259, 260, 261, 262, 263, 264, 265, 266, 267, 268, 269, 270, 271, 272, 273, 274, 275, 276, 277, 278, 279, 280, 281, 282, 283, 284, 285, 286, 287, 288, 289, 290, 291, 292, 293, 294, 295, 296, 297, 298, 299, 300, 301, 302, 303, 304, 305, 306, 307, 308, 309, 310, 311, 312, 313, 314, 315, 316, 317, 318, 319, 320, 321, 322, 323, 324, 325, 326, 327, 328, 329, 330, 331, 332, 333, 334, 335, 336, 337, 347, 348, 349, 350, 351, 352, 423, 528, 558, 574, 575, 576, 577, 578, 579, 580, 581, 582, 583, 584, 585, 586, 587, 588, 589, 590, 591, 592, 593, 594, 595, 596, 597, 598, 599, 600, 601, 602, 603, 604, 605, 606, 607, 608, 609, 610, 611, 612, 613, 614, 615, 616, 617, 618, 619, 620, 621, 622, 623, 624, 625, 626, 627, 628, 629, 630, 631, 632, 633, 634, 635, 636, 637, 638, 639, 640, 641, 642, 643, 644, 645, 646, 647, 648, 649, 650, 651, 652, 653, 654, 655, 656, 657, 658, 659, 660, 661, 662, 663, 664, 665, 666, 667, 668, 669, 670, 671, 672, 673, 674, 675, 676, 677, 678, 679, 680, 681, 682, 683, 684, 685, 686, 687, 688, 689, 690, 691, 692, 693, 694, 695, 696, 697, 698, 699, 700, 701, 702, 703, 704, 705, 706, 707, 708, 709, 710, 711, 712, 713, 714, 715, 716, 717, 718, 719, 720, 721, 722, 723, 724, 725, 726, 727, 728, 729, 730, 731, 732, 733, 734, 735, 736, 737, 738, 739, 740, 741, 742, 743, 744, 745, 746, 747, 748, 749, 750, 751, 752, 753, 754, 755, 756, 757, 758, 759, 760, 761, 762, 763, 764, 765, 766, 767, 768, 769, 770, 771, 772, 773, 774, 775, 776, 777, 778, 779, 780, 781, 782, 783, 784, 785, 786, 787, 788, 789, 790, 791, 792, 793, 802, 803, 804, 805, 806, 807, 875]",True,[],"[103, 104, 105, 106, 107, 108, 109, 110, 111, 112, 113, 114, 115, 116, 117, 118, 119, 120, 121, 122, 123, 124, 125, 126, 127, 128, 129, 130, 131, 132, 133, 134, 135, 136, 137, 138, 139, 140, 141, 142, 143, 144, 145, 146, 147, 148, 149, 150, 151, 152, 153, 154, 155, 156, 157, 158, 159, 160, 161, 162, 163, 164, 165, 166, 167, 168, 169, 170, 171, 172, 173, 174, 175, 176, 177, 178, 179, 180, 181, 182, 183, 184, 185, 186, 187, 188, 189, 190, 191, 192, 193, 194, 195, 196, 197, 198, 199, 200, 201, 202, 203, 204, 205, 206, 207, 208, 209, 210, 211, 212, 213, 214, 215, 216, 217, 218, 219, 220, 221, 222, 223, 224, 225, 226, 227, 228, 229, 230, 231, 232, 233, 234, 235, 236, 237, 238, 239, 240, 241, 242, 243, 244, 245, 246, 247, 248, 249, 250, 251, 252, 253, 254, 255, 256, 257, 258, 259, 260, 261, 262, 263, 264, 265, 266, 267, 268, 269, 270, 271, 272, 273, 274, 275, 276, 277, 278, 279, 280, 281, 282, 283, 284, 285, 286, 287, 288, 289, 290, 291, 292, 293, 294, 295, 296, 297, 298, 299, 300, 301, 302, 303, 304, 305, 306, 307, 308, 309, 310, 311, 312, 313, 314, 315, 316, 317, 318, 319, 320, 321, 322, 323, 324, 325, 326, 327, 328, 329, 330, 331, 332, 333, 334, 335, 336, 337, 574, 575, 576, 577, 578, 579, 580, 581, 582, 583, 584, 585, 586, 587, 588, 589, 590, 591, 592, 593, 594, 595, 596, 597, 598, 599, 600, 601, 602, 603, 604, 605, 606, 607, 608, 609, 610, 611, 612, 613, 614, 615, 616, 617, 618, 619, 620, 621, 622, 623, 624, 625, 626, 627, 628, 629, 630, 631, 632, 633, 634, 635, 636, 637, 638, 639, 640, 641, 642, 643, 644, 645, 646, 647, 648, 649, 650, 651, 652, 653, 654, 655, 656, 657, 658, 659, 660, 661, 662, 663, 664, 665, 666, 667, 668, 669, 670, 671, 672, 673, 674, 675, 676, 677, 678, 679, 680, 681, 682, 683, 684, 685, 686, 687, 688, 689, 690, 691, 692, 693, 694, 695, 696, 697, 698, 699, 700, 701, 702, 703, 704, 705, 706, 707, 708, 709, 710, 711, 712, 713, 714, 715, 716, 717, 718, 719, 720, 721, 722, 723, 724, 725, 726, 727, 728, 729, 730, 731, 732, 733, 734, 735, 736, 737, 738, 739, 740, 741, 742, 743, 744, 745, 746, 747, 748, 749, 750, 751, 752, 753, 754, 755, 756, 757, 758, 759, 760, 761, 762, 763, 764, 765, 766, 767, 768, 769, 770, 771, 772, 773, 774, 775, 776, 777, 778, 779, 780, 781, 782, 783, 784, 785, 786, 787, 788, 789, 790, 791, 792, 793]","[49, 87, 107, 198, 255, 276, 293, 297, 316, 331, 528, 558, 578, 669, 708, 735, 752, 756, 774, 788]","[276, 287, 735, 746]","[144, 263, 276, 615, 723, 735]","[174, 175, 176, 177, 178, 347, 348, 349, 350, 351, 352, 423, 645, 646, 647, 648, 649, 802, 803, 804, 805, 806, 807, 875]",[],5/6 successful match,True,[135],True,796,False,,0.8609756097560975,True,Golden Gate Petroleum Valley ),
E Richmond ( 94806 ) Golden Gate,2 510-236-1300 I-580 Exit 10 B ( Regatta / Erlandson ),<U+2610>,Richmond,94806,Golden Gate,510-236-1300,2015,San Pablo,CA,,( Regatta / Erlandson ),I-580 Exit 10 B ,Exit,10,False,,False,I-580,,,,,"[276, 735]",[],"[49, 87, 107, 198, 255, 276, 293, 297, 316, 331, 528, 558, 578, 669, 708, 735, 752, 756, 774, 788]","[276, 287, 735, 746]","[103, 104, 105, 106, 107, 108, 109, 110, 111, 112, 113, 114, 115, 116, 117, 118, 119, 120, 121, 122, 123, 124, 125, 126, 127, 128, 129, 130, 131, 132, 133, 134, 135, 136, 137, 138, 139, 140, 141, 142, 143, 144, 145, 146, 147, 148, 149, 150, 151, 152, 153, 154, 155, 156, 157, 158, 159, 160, 161, 162, 163, 164, 165, 166, 167, 168, 169, 170, 171, 172, 173, 174, 175, 176, 177, 178, 179, 180, 181, 182, 183, 184, 185, 186, 187, 188, 189, 190, 191, 192, 193, 194, 195, 196, 197, 198, 199, 200, 201, 202, 203, 204, 205, 206, 207, 208, 209, 210, 211, 212, 213, 214, 215, 216, 217, 218, 219, 220, 221, 222, 223, 224, 225, 226, 227, 228, 229, 230, 231, 232, 233, 234, 235, 236, 237, 238, 239, 240, 241, 242, 243, 244, 245, 246, 247, 248, 249, 250, 251, 252, 253, 254, 255, 256, 257, 258, 259, 260, 261, 262, 263, 264, 265, 266, 267, 268, 269, 270, 271, 272, 273, 274, 275, 276, 277, 278, 279, 280, 281, 282, 283, 284, 285, 286, 287, 288, 289, 290, 291, 292, 293, 294, 295, 296, 297, 298, 299, 300, 301, 302, 303, 304, 305, 306, 307, 308, 309, 310, 311, 312, 313, 314, 315, 316, 317, 318, 319, 320, 321, 322, 323, 324, 325, 326, 327, 328, 329, 330, 331, 332, 333, 334, 335, 336, 337, 574, 575, 576, 577, 578, 579, 580, 581, 582, 583, 584, 585, 586, 587, 588, 589, 590, 591, 592, 593, 594, 595, 596, 597, 598, 599, 600, 601, 602, 603, 604, 605, 606, 607, 608, 609, 610, 611, 612, 613, 614, 615, 616, 617, 618, 619, 620, 621, 622, 623, 624, 625, 626, 627, 628, 629, 630, 631, 632, 633, 634, 635, 636, 637, 638, 639, 640, 641, 642, 643, 644, 645, 646, 647, 648, 649, 650, 651, 652, 653, 654, 655, 656, 657, 658, 659, 660, 661, 662, 663, 664, 665, 666, 667, 668, 669, 670, 671, 672, 673, 674, 675, 676, 677, 678, 679, 680, 681, 682, 683, 684, 685, 686, 687, 688, 689, 690, 691, 692, 693, 694, 695, 696, 697, 698, 699, 700, 701, 702, 703, 704, 705, 706, 707, 708, 709, 710, 711, 712, 713, 714, 715, 716, 717, 718, 719, 720, 721, 722, 723, 724, 725, 726, 727, 728, 729, 730, 731, 732, 733, 734, 735, 736, 737, 738, 739, 740, 741, 742, 743, 744, 745, 746, 747, 748, 749, 750, 751, 752, 753, 754, 755, 756, 757, 758, 759, 760, 761, 762, 763, 764, 765, 766, 767, 768, 769, 770, 771, 772, 773, 774, 775, 776, 777, 778, 779, 780, 781, 782, 783, 784, 785, 786, 787, 788, 789, 790, 791, 792, 793]","[144, 263, 276, 615, 723, 735]",[],"[174, 175, 176, 177, 178, 347, 348, 349, 350, 351, 352, 423, 645, 646, 647, 648, 649, 802, 803, 804, 805, 806, 807, 875]","[49, 87, 103, 104, 105, 106, 107, 108, 109, 110, 111, 112, 113, 114, 115, 116, 117, 118, 119, 120, 121, 122, 123, 124, 125, 126, 127, 128, 129, 130, 131, 132, 133, 134, 135, 136, 137, 138, 139, 140, 141, 142, 143, 144, 145, 146, 147, 148, 149, 150, 151, 152, 153, 154, 155, 156, 157, 158, 159, 160, 161, 162, 163, 164, 165, 166, 167, 168, 169, 170, 171, 172, 173, 174, 175, 176, 177, 178, 179, 180, 181, 182, 183, 184, 185, 186, 187, 188, 189, 190, 191, 192, 193, 194, 195, 196, 197, 198, 199, 200, 201, 202, 203, 204, 205, 206, 207, 208, 209, 210, 211, 212, 213, 214, 215, 216, 217, 218, 219, 220, 221, 222, 223, 224, 225, 226, 227, 228, 229, 230, 231, 232, 233, 234, 235, 236, 237, 238, 239, 240, 241, 242, 243, 244, 245, 246, 247, 248, 249, 250, 251, 252, 253, 254, 255, 256, 257, 258, 259, 260, 261, 262, 263, 264, 265, 266, 267, 268, 269, 270, 271, 272, 273, 274, 275, 276, 277, 278, 279, 280, 281, 282, 283, 284, 285, 286, 287, 288, 289, 290, 291, 292, 293, 294, 295, 296, 297, 298, 299, 300, 301, 302, 303, 304, 305, 306, 307, 308, 309, 310, 311, 312, 313, 314, 315, 316, 317, 318, 319, 320, 321, 322, 323, 324, 325, 326, 327, 328, 329, 330, 331, 332, 333, 334, 335, 336, 337, 347, 348, 349, 350, 351, 352, 423, 528, 558, 574, 575, 576, 577, 578, 579, 580, 581, 582, 583, 584, 585, 586, 587, 588, 589, 590, 591, 592, 593, 594, 595, 596, 597, 598, 599, 600, 601, 602, 603, 604, 605, 606, 607, 608, 609, 610, 611, 612, 613, 614, 615, 616, 617, 618, 619, 620, 621, 622, 623, 624, 625, 626, 627, 628, 629, 630, 631, 632, 633, 634, 635, 636, 637, 638, 639, 640, 641, 642, 643, 644, 645, 646, 647, 648, 649, 650, 651, 652, 653, 654, 655, 656, 657, 658, 659, 660, 661, 662, 663, 664, 665, 666, 667, 668, 669, 670, 671, 672, 673, 674, 675, 676, 677, 678, 679, 680, 681, 682, 683, 684, 685, 686, 687, 688, 689, 690, 691, 692, 693, 694, 695, 696, 697, 698, 699, 700, 701, 702, 703, 704, 705, 706, 707, 708, 709, 710, 711, 712, 713, 714, 715, 716, 717, 718, 719, 720, 721, 722, 723, 724, 725, 726, 727, 728, 729, 730, 731, 732, 733, 734, 735, 736, 737, 738, 739, 740, 741, 742, 743, 744, 745, 746, 747, 748, 749, 750, 751, 752, 753, 754, 755, 756, 757, 758, 759, 760, 761, 762, 763, 764, 765, 766, 767, 768, 769, 770, 771, 772, 773, 774, 775, 776, 777, 778, 779, 780, 781, 782, 783, 784, 785, 786, 787, 788, 789, 790, 791, 792, 793, 802, 803, 804, 805, 806, 807, 875]",True,[],"[103, 104, 105, 106, 107, 108, 109, 110, 111, 112, 113, 114, 115, 116, 117, 118, 119, 120, 121, 122, 123, 124, 125, 126, 127, 128, 129, 130, 131, 132, 133, 134, 135, 136, 137, 138, 139, 140, 141, 142, 143, 144, 145, 146, 147, 148, 149, 150, 151, 152, 153, 154, 155, 156, 157, 158, 159, 160, 161, 162, 163, 164, 165, 166, 167, 168, 169, 170, 171, 172, 173, 174, 175, 176, 177, 178, 179, 180, 181, 182, 183, 184, 185, 186, 187, 188, 189, 190, 191, 192, 193, 194, 195, 196, 197, 198, 199, 200, 201, 202, 203, 204, 205, 206, 207, 208, 209, 210, 211, 212, 213, 214, 215, 216, 217, 218, 219, 220, 221, 222, 223, 224, 225, 226, 227, 228, 229, 230, 231, 232, 233, 234, 235, 236, 237, 238, 239, 240, 241, 242, 243, 244, 245, 246, 247, 248, 249, 250, 251, 252, 253, 254, 255, 256, 257, 258, 259, 260, 261, 262, 263, 264, 265, 266, 267, 268, 269, 270, 271, 272, 273, 274, 275, 276, 277, 278, 279, 280, 281, 282, 283, 284, 285, 286, 287, 288, 289, 290, 291, 292, 293, 294, 295, 296, 297, 298, 299, 300, 301, 302, 303, 304, 305, 306, 307, 308, 309, 310, 311, 312, 313, 314, 315, 316, 317, 318, 319, 320, 321, 322, 323, 324, 325, 326, 327, 328, 329, 330, 331, 332, 333, 334, 335, 336, 337, 574, 575, 576, 577, 578, 579, 580, 581, 582, 583, 584, 585, 586, 587, 588, 589, 590, 591, 592, 593, 594, 595, 596, 597, 598, 599, 600, 601, 602, 603, 604, 605, 606, 607, 608, 609, 610, 611, 612, 613, 614, 615, 616, 617, 618, 619, 620, 621, 622, 623, 624, 625, 626, 627, 628, 629, 630, 631, 632, 633, 634, 635, 636, 637, 638, 639, 640, 641, 642, 643, 644, 645, 646, 647, 648, 649, 650, 651, 652, 653, 654, 655, 656, 657, 658, 659, 660, 661, 662, 663, 664, 665, 666, 667, 668, 669, 670, 671, 672, 673, 674, 675, 676, 677, 678, 679, 680, 681, 682, 683, 684, 685, 686, 687, 688, 689, 690, 691, 692, 693, 694, 695, 696, 697, 698, 699, 700, 701, 702, 703, 704, 705, 706, 707, 708, 709, 710, 711, 712, 713, 714, 715, 716, 717, 718, 719, 720, 721, 722, 723, 724, 725, 726, 727, 728, 729, 730, 731, 732, 733, 734, 735, 736, 737, 738, 739, 740, 741, 742, 743, 744, 745, 746, 747, 748, 749, 750, 751, 752, 753, 754, 755, 756, 757, 758, 759, 760, 761, 762, 763, 764, 765, 766, 767, 768, 769, 770, 771, 772, 773, 774, 775, 776, 777, 778, 779, 780, 781, 782, 783, 784, 785, 786, 787, 788, 789, 790, 791, 792, 793]","[49, 87, 107, 198, 255, 276, 293, 297, 316, 331, 528, 558, 578, 669, 708, 735, 752, 756, 774, 788]","[276, 287, 735, 746]","[144, 263, 276, 615, 723, 735]","[174, 175, 176, 177, 178, 347, 348, 349, 350, 351, 352, 423, 645, 646, 647, 648, 649, 802, 803, 804, 805, 806, 807, 875]",[],5/6 successful match,True,[135],True,796,False,,1.0,True,Golden Gate,
Richmond ( 94806 ) Golden Gate,510-236-1300 I-580 Exit 10 B ( Regatta / Erlandson ),<U+2610> <U+2610> <U+2610>,Richmond,94806,Golden Gate,510-236-1300,2016,San Pablo,CA,,( Regatta / Erlandson ),I-580 Exit 10 B ,Exit,10,False,,False,I-580,,,,,"[276, 735]",[],"[49, 87, 107, 198, 255, 276, 293, 297, 316, 331, 528, 558, 578, 669, 708, 735, 752, 756, 774, 788]","[276, 287, 735, 746]","[103, 104, 105, 106, 107, 108, 109, 110, 111, 112, 113, 114, 115, 116, 117, 118, 119, 120, 121, 122, 123, 124, 125, 126, 127, 128, 129, 130, 131, 132, 133, 134, 135, 136, 137, 138, 139, 140, 141, 142, 143, 144, 145, 146, 147, 148, 149, 150, 151, 152, 153, 154, 155, 156, 157, 158, 159, 160, 161, 162, 163, 164, 165, 166, 167, 168, 169, 170, 171, 172, 173, 174, 175, 176, 177, 178, 179, 180, 181, 182, 183, 184, 185, 186, 187, 188, 189, 190, 191, 192, 193, 194, 195, 196, 197, 198, 199, 200, 201, 202, 203, 204, 205, 206, 207, 208, 209, 210, 211, 212, 213, 214, 215, 216, 217, 218, 219, 220, 221, 222, 223, 224, 225, 226, 227, 228, 229, 230, 231, 232, 233, 234, 235, 236, 237, 238, 239, 240, 241, 242, 243, 244, 245, 246, 247, 248, 249, 250, 251, 252, 253, 254, 255, 256, 257, 258, 259, 260, 261, 262, 263, 264, 265, 266, 267, 268, 269, 270, 271, 272, 273, 274, 275, 276, 277, 278, 279, 280, 281, 282, 283, 284, 285, 286, 287, 288, 289, 290, 291, 292, 293, 294, 295, 296, 297, 298, 299, 300, 301, 302, 303, 304, 305, 306, 307, 308, 309, 310, 311, 312, 313, 314, 315, 316, 317, 318, 319, 320, 321, 322, 323, 324, 325, 326, 327, 328, 329, 330, 331, 332, 333, 334, 335, 336, 337, 574, 575, 576, 577, 578, 579, 580, 581, 582, 583, 584, 585, 586, 587, 588, 589, 590, 591, 592, 593, 594, 595, 596, 597, 598, 599, 600, 601, 602, 603, 604, 605, 606, 607, 608, 609, 610, 611, 612, 613, 614, 615, 616, 617, 618, 619, 620, 621, 622, 623, 624, 625, 626, 627, 628, 629, 630, 631, 632, 633, 634, 635, 636, 637, 638, 639, 640, 641, 642, 643, 644, 645, 646, 647, 648, 649, 650, 651, 652, 653, 654, 655, 656, 657, 658, 659, 660, 661, 662, 663, 664, 665, 666, 667, 668, 669, 670, 671, 672, 673, 674, 675, 676, 677, 678, 679, 680, 681, 682, 683, 684, 685, 686, 687, 688, 689, 690, 691, 692, 693, 694, 695, 696, 697, 698, 699, 700, 701, 702, 703, 704, 705, 706, 707, 708, 709, 710, 711, 712, 713, 714, 715, 716, 717, 718, 719, 720, 721, 722, 723, 724, 725, 726, 727, 728, 729, 730, 731, 732, 733, 734, 735, 736, 737, 738, 739, 740, 741, 742, 743, 744, 745, 746, 747, 748, 749, 750, 751, 752, 753, 754, 755, 756, 757, 758, 759, 760, 761, 762, 763, 764, 765, 766, 767, 768, 769, 770, 771, 772, 773, 774, 775, 776, 777, 778, 779, 780, 781, 782, 783, 784, 785, 786, 787, 788, 789, 790, 791, 792, 793]","[144, 263, 276, 615, 723, 735]",[],"[174, 175, 176, 177, 178, 347, 348, 349, 350, 351, 352, 423, 645, 646, 647, 648, 649, 802, 803, 804, 805, 806, 807, 875]","[49, 87, 103, 104, 105, 106, 107, 108, 109, 110, 111, 112, 113, 114, 115, 116, 117, 118, 119, 120, 121, 122, 123, 124, 125, 126, 127, 128, 129, 130, 131, 132, 133, 134, 135, 136, 137, 138, 139, 140, 141, 142, 143, 144, 145, 146, 147, 148, 149, 150, 151, 152, 153, 154, 155, 156, 157, 158, 159, 160, 161, 162, 163, 164, 165, 166, 167, 168, 169, 170, 171, 172, 173, 174, 175, 176, 177, 178, 179, 180, 181, 182, 183, 184, 185, 186, 187, 188, 189, 190, 191, 192, 193, 194, 195, 196, 197, 198, 199, 200, 201, 202, 203, 204, 205, 206, 207, 208, 209, 210, 211, 212, 213, 214, 215, 216, 217, 218, 219, 220, 221, 222, 223, 224, 225, 226, 227, 228, 229, 230, 231, 232, 233, 234, 235, 236, 237, 238, 239, 240, 241, 242, 243, 244, 245, 246, 247, 248, 249, 250, 251, 252, 253, 254, 255, 256, 257, 258, 259, 260, 261, 262, 263, 264, 265, 266, 267, 268, 269, 270, 271, 272, 273, 274, 275, 276, 277, 278, 279, 280, 281, 282, 283, 284, 285, 286, 287, 288, 289, 290, 291, 292, 293, 294, 295, 296, 297, 298, 299, 300, 301, 302, 303, 304, 305, 306, 307, 308, 309, 310, 311, 312, 313, 314, 315, 316, 317, 318, 319, 320, 321, 322, 323, 324, 325, 326, 327, 328, 329, 330, 331, 332, 333, 334, 335, 336, 337, 347, 348, 349, 350, 351, 352, 423, 528, 558, 574, 575, 576, 577, 578, 579, 580, 581, 582, 583, 584, 585, 586, 587, 588, 589, 590, 591, 592, 593, 594, 595, 596, 597, 598, 599, 600, 601, 602, 603, 604, 605, 606, 607, 608, 609, 610, 611, 612, 613, 614, 615, 616, 617, 618, 619, 620, 621, 622, 623, 624, 625, 626, 627, 628, 629, 630, 631, 632, 633, 634, 635, 636, 637, 638, 639, 640, 641, 642, 643, 644, 645, 646, 647, 648, 649, 650, 651, 652, 653, 654, 655, 656, 657, 658, 659, 660, 661, 662, 663, 664, 665, 666, 667, 668, 669, 670, 671, 672, 673, 674, 675, 676, 677, 678, 679, 680, 681, 682, 683, 684, 685, 686, 687, 688, 689, 690, 691, 692, 693, 694, 695, 696, 697, 698, 699, 700, 701, 702, 703, 704, 705, 706, 707, 708, 709, 710, 711, 712, 713, 714, 715, 716, 717, 718, 719, 720, 721, 722, 723, 724, 725, 726, 727, 728, 729, 730, 731, 732, 733, 734, 735, 736, 737, 738, 739, 740, 741, 742, 743, 744, 745, 746, 747, 748, 749, 750, 751, 752, 753, 754, 755, 756, 757, 758, 759, 760, 761, 762, 763, 764, 765, 766, 767, 768, 769, 770, 771, 772, 773, 774, 775, 776, 777, 778, 779, 780, 781, 782, 783, 784, 785, 786, 787, 788, 789, 790, 791, 792, 793, 802, 803, 804, 805, 806, 807, 875]",True,[],"[103, 104, 105, 106, 107, 108, 109, 110, 111, 112, 113, 114, 115, 116, 117, 118, 119, 120, 121, 122, 123, 124, 125, 126, 127, 128, 129, 130, 131, 132, 133, 134, 135, 136, 137, 138, 139, 140, 141, 142, 143, 144, 145, 146, 147, 148, 149, 150, 151, 152, 153, 154, 155, 156, 157, 158, 159, 160, 161, 162, 163, 164, 165, 166, 167, 168, 169, 170, 171, 172, 173, 174, 175, 176, 177, 178, 179, 180, 181, 182, 183, 184, 185, 186, 187, 188, 189, 190, 191, 192, 193, 194, 195, 196, 197, 198, 199, 200, 201, 202, 203, 204, 205, 206, 207, 208, 209, 210, 211, 212, 213, 214, 215, 216, 217, 218, 219, 220, 221, 222, 223, 224, 225, 226, 227, 228, 229, 230, 231, 232, 233, 234, 235, 236, 237, 238, 239, 240, 241, 242, 243, 244, 245, 246, 247, 248, 249, 250, 251, 252, 253, 254, 255, 256, 257, 258, 259, 260, 261, 262, 263, 264, 265, 266, 267, 268, 269, 270, 271, 272, 273, 274, 275, 276, 277, 278, 279, 280, 281, 282, 283, 284, 285, 286, 287, 288, 289, 290, 291, 292, 293, 294, 295, 296, 297, 298, 299, 300, 301, 302, 303, 304, 305, 306, 307, 308, 309, 310, 311, 312, 313, 314, 315, 316, 317, 318, 319, 320, 321, 322, 323, 324, 325, 326, 327, 328, 329, 330, 331, 332, 333, 334, 335, 336, 337, 574, 575, 576, 577, 578, 579, 580, 581, 582, 583, 584, 585, 586, 587, 588, 589, 590, 591, 592, 593, 594, 595, 596, 597, 598, 599, 600, 601, 602, 603, 604, 605, 606, 607, 608, 609, 610, 611, 612, 613, 614, 615, 616, 617, 618, 619, 620, 621, 622, 623, 624, 625, 626, 627, 628, 629, 630, 631, 632, 633, 634, 635, 636, 637, 638, 639, 640, 641, 642, 643, 644, 645, 646, 647, 648, 649, 650, 651, 652, 653, 654, 655, 656, 657, 658, 659, 660, 661, 662, 663, 664, 665, 666, 667, 668, 669, 670, 671, 672, 673, 674, 675, 676, 677, 678, 679, 680, 681, 682, 683, 684, 685, 686, 687, 688, 689, 690, 691, 692, 693, 694, 695, 696, 697, 698, 699, 700, 701, 702, 703, 704, 705, 706, 707, 708, 709, 710, 711, 712, 713, 714, 715, 716, 717, 718, 719, 720, 721, 722, 723, 724, 725, 726, 727, 728, 729, 730, 731, 732, 733, 734, 735, 736, 737, 738, 739, 740, 741, 742, 743, 744, 745, 746, 747, 748, 749, 750, 751, 752, 753, 754, 755, 756, 757, 758, 759, 760, 761, 762, 763, 764, 765, 766, 767, 768, 769, 770, 771, 772, 773, 774, 775, 776, 777, 778, 779, 780, 781, 782, 783, 784, 785, 786, 787, 788, 789, 790, 791, 792, 793]","[49, 87, 107, 198, 255, 276, 293, 297, 316, 331, 528, 558, 578, 669, 708, 735, 752, 756, 774, 788]","[276, 287, 735, 746]","[144, 263, 276, 615, 723, 735]","[174, 175, 176, 177, 178, 347, 348, 349, 350, 351, 352, 423, 645, 646, 647, 648, 649, 802, 803, 804, 805, 806, 807, 875]",[],5/6 successful match,True,[135],True,796,False,,1.0,True,Golden Gate,
"Gilroy , 95020 Rotten Robbie # 31",408-842-3630 US 101 & CA 152 W ( Leavesley Rd ),24 <U+2610> M <U+2610>,Gilroy,95020,Rotten Robbie # 31,408-842-3630,2006,Gilroy,CA,,( Leavesley Rd ),US 101 & CA 152 W,empty,,False,,False,US 101,CA 152,,,,"[274, 733]","[274, 302, 733, 760]","[274, 302, 733, 760]",[],"[103, 104, 105, 106, 107, 108, 109, 110, 111, 112, 113, 114, 115, 116, 117, 118, 119, 120, 121, 122, 123, 124, 125, 126, 127, 128, 129, 130, 131, 132, 133, 134, 135, 136, 137, 138, 139, 140, 141, 142, 143, 144, 145, 146, 147, 148, 149, 150, 151, 152, 153, 154, 155, 156, 157, 158, 159, 160, 161, 162, 163, 164, 165, 166, 167, 168, 169, 170, 171, 172, 173, 174, 175, 176, 177, 178, 179, 180, 181, 182, 183, 184, 185, 186, 187, 188, 189, 190, 191, 192, 193, 194, 195, 196, 197, 198, 199, 200, 201, 202, 203, 204, 205, 206, 207, 208, 209, 210, 211, 212, 213, 214, 215, 216, 217, 218, 219, 220, 221, 222, 223, 224, 225, 226, 227, 228, 229, 230, 231, 232, 233, 234, 235, 236, 237, 238, 239, 240, 241, 242, 243, 244, 245, 246, 247, 248, 249, 250, 251, 252, 253, 254, 255, 256, 257, 258, 259, 260, 261, 262, 263, 264, 265, 266, 267, 268, 269, 270, 271, 272, 273, 274, 275, 276, 277, 278, 279, 280, 281, 282, 283, 284, 285, 286, 287, 288, 289, 290, 291, 292, 293, 294, 295, 296, 297, 298, 299, 300, 301, 302, 303, 304, 305, 306, 307, 308, 309, 310, 311, 312, 313, 314, 315, 316, 317, 318, 319, 320, 321, 322, 323, 324, 325, 326, 327, 328, 329, 330, 331, 332, 333, 334, 335, 336, 337, 574, 575, 576, 577, 578, 579, 580, 581, 582, 583, 584, 585, 586, 587, 588, 589, 590, 591, 592, 593, 594, 595, 596, 597, 598, 599, 600, 601, 602, 603, 604, 605, 606, 607, 608, 609, 610, 611, 612, 613, 614, 615, 616, 617, 618, 619, 620, 621, 622, 623, 624, 625, 626, 627, 628, 629, 630, 631, 632, 633, 634, 635, 636, 637, 638, 639, 640, 641, 642, 643, 644, 645, 646, 647, 648, 649, 650, 651, 652, 653, 654, 655, 656, 657, 658, 659, 660, 661, 662, 663, 664, 665, 666, 667, 668, 669, 670, 671, 672, 673, 674, 675, 676, 677, 678, 679, 680, 681, 682, 683, 684, 685, 686, 687, 688, 689, 690, 691, 692, 693, 694, 695, 696, 697, 698, 699, 700, 701, 702, 703, 704, 705, 706, 707, 708, 709, 710, 711, 712, 713, 714, 715, 716, 717, 718, 719, 720, 721, 722, 723, 724, 725, 726, 727, 728, 729, 730, 731, 732, 733, 734, 735, 736, 737, 738, 739, 740, 741, 742, 743, 744, 745, 746, 747, 748, 749, 750, 751, 752, 753, 754, 755, 756, 757, 758, 759, 760, 761, 762, 763, 764, 765, 766, 767, 768, 769, 770, 771, 772, 773, 774, 775, 776, 777, 778, 779, 780, 781, 782, 783, 784, 785, 786, 787, 788, 789, 790, 791, 792, 793]","[15, 91, 103, 104, 106, 107, 110, 113, 117, 118, 120, 123, 127, 128, 129, 131, 132, 133, 135, 136, 137, 139, 146, 147, 148, 149, 151, 158, 160, 162, 166, 173, 178, 179, 185, 190, 192, 193, 198, 201, 203, 204, 206, 207, 212, 213, 214, 216, 218, 219, 223, 224, 225, 227, 230, 235, 237, 246, 247, 252, 256, 259, 262, 263, 266, 268, 269, 271, 272, 274, 275, 278, 279, 281, 284, 285, 286, 288, 290, 292, 293, 302, 304, 312, 316, 319, 320, 323, 324, 325, 326, 332, 500, 562, 574, 575, 578, 580, 583, 588, 591, 594, 603, 607, 608, 610, 618, 619, 620, 622, 632, 644, 649, 650, 656, 661, 663, 664, 669, 674, 677, 683, 684, 686, 687, 688, 689, 701, 710, 715, 723, 730, 731, 733, 734, 738, 740, 745, 747, 751, 752, 760, 762, 774, 778, 783, 784, 789]",[],"[271, 272, 273, 274, 275, 276, 730, 731, 732, 733, 734, 735]","[15, 91, 103, 104, 105, 106, 107, 108, 109, 110, 111, 112, 113, 114, 115, 116, 117, 118, 119, 120, 121, 122, 123, 124, 125, 126, 127, 128, 129, 130, 131, 132, 133, 134, 135, 136, 137, 138, 139, 140, 141, 142, 143, 144, 145, 146, 147, 148, 149, 150, 151, 152, 153, 154, 155, 156, 157, 158, 159, 160, 161, 162, 163, 164, 165, 166, 167, 168, 169, 170, 171, 172, 173, 174, 175, 176, 177, 178, 179, 180, 181, 182, 183, 184, 185, 186, 187, 188, 189, 190, 191, 192, 193, 194, 195, 196, 197, 198, 199, 200, 201, 202, 203, 204, 205, 206, 207, 208, 209, 210, 211, 212, 213, 214, 215, 216, 217, 218, 219, 220, 221, 222, 223, 224, 225, 226, 227, 228, 229, 230, 231, 232, 233, 234, 235, 236, 237, 238, 239, 240, 241, 242, 243, 244, 245, 246, 247, 248, 249, 250, 251, 252, 253, 254, 255, 256, 257, 258, 259, 260, 261, 262, 263, 264, 265, 266, 267, 268, 269, 270, 271, 272, 273, 274, 275, 276, 277, 278, 279, 280, 281, 282, 283, 284, 285, 286, 287, 288, 289, 290, 291, 292, 293, 294, 295, 296, 297, 298, 299, 300, 301, 302, 303, 304, 305, 306, 307, 308, 309, 310, 311, 312, 313, 314, 315, 316, 317, 318, 319, 320, 321, 322, 323, 324, 325, 326, 327, 328, 329, 330, 331, 332, 333, 334, 335, 336, 337, 500, 562, 574, 575, 576, 577, 578, 579, 580, 581, 582, 583, 584, 585, 586, 587, 588, 589, 590, 591, 592, 593, 594, 595, 596, 597, 598, 599, 600, 601, 602, 603, 604, 605, 606, 607, 608, 609, 610, 611, 612, 613, 614, 615, 616, 617, 618, 619, 620, 621, 622, 623, 624, 625, 626, 627, 628, 629, 630, 631, 632, 633, 634, 635, 636, 637, 638, 639, 640, 641, 642, 643, 644, 645, 646, 647, 648, 649, 650, 651, 652, 653, 654, 655, 656, 657, 658, 659, 660, 661, 662, 663, 664, 665, 666, 667, 668, 669, 670, 671, 672, 673, 674, 675, 676, 677, 678, 679, 680, 681, 682, 683, 684, 685, 686, 687, 688, 689, 690, 691, 692, 693, 694, 695, 696, 697, 698, 699, 700, 701, 702, 703, 704, 705, 706, 707, 708, 709, 710, 711, 712, 713, 714, 715, 716, 717, 718, 719, 720, 721, 722, 723, 724, 725, 726, 727, 728, 729, 730, 731, 732, 733, 734, 735, 736, 737, 738, 739, 740, 741, 742, 743, 744, 745, 746, 747, 748, 749, 750, 751, 752, 753, 754, 755, 756, 757, 758, 759, 760, 761, 762, 763, 764, 765, 766, 767, 768, 769, 770, 771, 772, 773, 774, 775, 776, 777, 778, 779, 780, 781, 782, 783, 784, 785, 786, 787, 788, 789, 790, 791, 792, 793]",True,"[274, 302, 733, 760]","[103, 104, 105, 106, 107, 108, 109, 110, 111, 112, 113, 114, 115, 116, 117, 118, 119, 120, 121, 122, 123, 124, 125, 126, 127, 128, 129, 130, 131, 132, 133, 134, 135, 136, 137, 138, 139, 140, 141, 142, 143, 144, 145, 146, 147, 148, 149, 150, 151, 152, 153, 154, 155, 156, 157, 158, 159, 160, 161, 162, 163, 164, 165, 166, 167, 168, 169, 170, 171, 172, 173, 174, 175, 176, 177, 178, 179, 180, 181, 182, 183, 184, 185, 186, 187, 188, 189, 190, 191, 192, 193, 194, 195, 196, 197, 198, 199, 200, 201, 202, 203, 204, 205, 206, 207, 208, 209, 210, 211, 212, 213, 214, 215, 216, 217, 218, 219, 220, 221, 222, 223, 224, 225, 226, 227, 228, 229, 230, 231, 232, 233, 234, 235, 236, 237, 238, 239, 240, 241, 242, 243, 244, 245, 246, 247, 248, 249, 250, 251, 252, 253, 254, 255, 256, 257, 258, 259, 260, 261, 262, 263, 264, 265, 266, 267, 268, 269, 270, 271, 272, 273, 274, 275, 276, 277, 278, 279, 280, 281, 282, 283, 284, 285, 286, 287, 288, 289, 290, 291, 292, 293, 294, 295, 296, 297, 298, 299, 300, 301, 302, 303, 304, 305, 306, 307, 308, 309, 310, 311, 312, 313, 314, 315, 316, 317, 318, 319, 320, 321, 322, 323, 324, 325, 326, 327, 328, 329, 330, 331, 332, 333, 334, 335, 336, 337, 574, 575, 576, 577, 578, 579, 580, 581, 582, 583, 584, 585, 586, 587, 588, 589, 590, 591, 592, 593, 594, 595, 596, 597, 598, 599, 600, 601, 602, 603, 604, 605, 606, 607, 608, 609, 610, 611, 612, 613, 614, 615, 616, 617, 618, 619, 620, 621, 622, 623, 624, 625, 626, 627, 628, 629, 630, 631, 632, 633, 634, 635, 636, 637, 638, 639, 640, 641, 642, 643, 644, 645, 646, 647, 648, 649, 650, 651, 652, 653, 654, 655, 656, 657, 658, 659, 660, 661, 662, 663, 664, 665, 666, 667, 668, 669, 670, 671, 672, 673, 674, 675, 676, 677, 678, 679, 680, 681, 682, 683, 684, 685, 686, 687, 688, 689, 690, 691, 692, 693, 694, 695, 696, 697, 698, 699, 700, 701, 702, 703, 704, 705, 706, 707, 708, 709, 710, 711, 712, 713, 714, 715, 716, 717, 718, 719, 720, 721, 722, 723, 724, 725, 726, 727, 728, 729, 730, 731, 732, 733, 734, 735, 736, 737, 738, 739, 740, 741, 742, 743, 744, 745, 746, 747, 748, 749, 750, 751, 752, 753, 754, 755, 756, 757, 758, 759, 760, 761, 762, 763, 764, 765, 766, 767, 768, 769, 770, 771, 772, 773, 774, 775, 776, 777, 778, 779, 780, 781, 782, 783, 784, 785, 786, 787, 788, 789, 790, 791, 792, 793]","[274, 302, 733, 760]",[],"[15, 91, 103, 104, 106, 107, 110, 113, 117, 118, 120, 123, 127, 128, 129, 131, 132, 133, 135, 136, 137, 139, 146, 147, 148, 149, 151, 158, 160, 162, 166, 173, 178, 179, 185, 190, 192, 193, 198, 201, 203, 204, 206, 207, 212, 213, 214, 216, 218, 219, 223, 224, 225, 227, 230, 235, 237, 246, 247, 252, 256, 259, 262, 263, 266, 268, 269, 271, 272, 274, 275, 278, 279, 281, 284, 285, 286, 288, 290, 292, 293, 302, 304, 312, 316, 319, 320, 323, 324, 325, 326, 332, 500, 562, 574, 575, 578, 580, 583, 588, 591, 594, 603, 607, 608, 610, 618, 619, 620, 622, 632, 644, 649, 650, 656, 661, 663, 664, 669, 674, 677, 683, 684, 686, 687, 688, 689, 701, 710, 715, 723, 730, 731, 733, 734, 738, 740, 745, 747, 751, 752, 760, 762, 774, 778, 783, 784, 789]","[271, 272, 273, 274, 275, 276, 730, 731, 732, 733, 734, 735]",[],7/6 successful match,True,[599],True,797,False,,,,,
"F Gilroy , 95020 Rotten Robbie # 31",408-842-3630 US 101 & CA 152 W ( Leavesley Rd ),) 24,Gilroy,95020,Rotten Robbie # 31,408-842-3630,2007,Gilroy,CA,,( Leavesley Rd ),US 101 & CA 152 W,empty,,False,,False,US 101,CA 152,,,,"[274, 733]","[274, 302, 733, 760]","[274, 302, 733, 760]",[],"[103, 104, 105, 106, 107, 108, 109, 110, 111, 112, 113, 114, 115, 116, 117, 118, 119, 120, 121, 122, 123, 124, 125, 126, 127, 128, 129, 130, 131, 132, 133, 134, 135, 136, 137, 138, 139, 140, 141, 142, 143, 144, 145, 146, 147, 148, 149, 150, 151, 152, 153, 154, 155, 156, 157, 158, 159, 160, 161, 162, 163, 164, 165, 166, 167, 168, 169, 170, 171, 172, 173, 174, 175, 176, 177, 178, 179, 180, 181, 182, 183, 184, 185, 186, 187, 188, 189, 190, 191, 192, 193, 194, 195, 196, 197, 198, 199, 200, 201, 202, 203, 204, 205, 206, 207, 208, 209, 210, 211, 212, 213, 214, 215, 216, 217, 218, 219, 220, 221, 222, 223, 224, 225, 226, 227, 228, 229, 230, 231, 232, 233, 234, 235, 236, 237, 238, 239, 240, 241, 242, 243, 244, 245, 246, 247, 248, 249, 250, 251, 252, 253, 254, 255, 256, 257, 258, 259, 260, 261, 262, 263, 264, 265, 266, 267, 268, 269, 270, 271, 272, 273, 274, 275, 276, 277, 278, 279, 280, 281, 282, 283, 284, 285, 286, 287, 288, 289, 290, 291, 292, 293, 294, 295, 296, 297, 298, 299, 300, 301, 302, 303, 304, 305, 306, 307, 308, 309, 310, 311, 312, 313, 314, 315, 316, 317, 318, 319, 320, 321, 322, 323, 324, 325, 326, 327, 328, 329, 330, 331, 332, 333, 334, 335, 336, 337, 574, 575, 576, 577, 578, 579, 580, 581, 582, 583, 584, 585, 586, 587, 588, 589, 590, 591, 592, 593, 594, 595, 596, 597, 598, 599, 600, 601, 602, 603, 604, 605, 606, 607, 608, 609, 610, 611, 612, 613, 614, 615, 616, 617, 618, 619, 620, 621, 622, 623, 624, 625, 626, 627, 628, 629, 630, 631, 632, 633, 634, 635, 636, 637, 638, 639, 640, 641, 642, 643, 644, 645, 646, 647, 648, 649, 650, 651, 652, 653, 654, 655, 656, 657, 658, 659, 660, 661, 662, 663, 664, 665, 666, 667, 668, 669, 670, 671, 672, 673, 674, 675, 676, 677, 678, 679, 680, 681, 682, 683, 684, 685, 686, 687, 688, 689, 690, 691, 692, 693, 694, 695, 696, 697, 698, 699, 700, 701, 702, 703, 704, 705, 706, 707, 708, 709, 710, 711, 712, 713, 714, 715, 716, 717, 718, 719, 720, 721, 722, 723, 724, 725, 726, 727, 728, 729, 730, 731, 732, 733, 734, 735, 736, 737, 738, 739, 740, 741, 742, 743, 744, 745, 746, 747, 748, 749, 750, 751, 752, 753, 754, 755, 756, 757, 758, 759, 760, 761, 762, 763, 764, 765, 766, 767, 768, 769, 770, 771, 772, 773, 774, 775, 776, 777, 778, 779, 780, 781, 782, 783, 784, 785, 786, 787, 788, 789, 790, 791, 792, 793]","[15, 91, 103, 104, 106, 107, 110, 113, 117, 118, 120, 123, 127, 128, 129, 131, 132, 133, 135, 136, 137, 139, 146, 147, 148, 149, 151, 158, 160, 162, 166, 173, 178, 179, 185, 190, 192, 193, 198, 201, 203, 204, 206, 207, 212, 213, 214, 216, 218, 219, 223, 224, 225, 227, 230, 235, 237, 246, 247, 252, 256, 259, 262, 263, 266, 268, 269, 271, 272, 274, 275, 278, 279, 281, 284, 285, 286, 288, 290, 292, 293, 302, 304, 312, 316, 319, 320, 323, 324, 325, 326, 332, 500, 562, 574, 575, 578, 580, 583, 588, 591, 594, 603, 607, 608, 610, 618, 619, 620, 622, 632, 644, 649, 650, 656, 661, 663, 664, 669, 674, 677, 683, 684, 686, 687, 688, 689, 701, 710, 715, 723, 730, 731, 733, 734, 738, 740, 745, 747, 751, 752, 760, 762, 774, 778, 783, 784, 789]",[],"[271, 272, 273, 274, 275, 276, 730, 731, 732, 733, 734, 735]","[15, 91, 103, 104, 105, 106, 107, 108, 109, 110, 111, 112, 113, 114, 115, 116, 117, 118, 119, 120, 121, 122, 123, 124, 125, 126, 127, 128, 129, 130, 131, 132, 133, 134, 135, 136, 137, 138, 139, 140, 141, 142, 143, 144, 145, 146, 147, 148, 149, 150, 151, 152, 153, 154, 155, 156, 157, 158, 159, 160, 161, 162, 163, 164, 165, 166, 167, 168, 169, 170, 171, 172, 173, 174, 175, 176, 177, 178, 179, 180, 181, 182, 183, 184, 185, 186, 187, 188, 189, 190, 191, 192, 193, 194, 195, 196, 197, 198, 199, 200, 201, 202, 203, 204, 205, 206, 207, 208, 209, 210, 211, 212, 213, 214, 215, 216, 217, 218, 219, 220, 221, 222, 223, 224, 225, 226, 227, 228, 229, 230, 231, 232, 233, 234, 235, 236, 237, 238, 239, 240, 241, 242, 243, 244, 245, 246, 247, 248, 249, 250, 251, 252, 253, 254, 255, 256, 257, 258, 259, 260, 261, 262, 263, 264, 265, 266, 267, 268, 269, 270, 271, 272, 273, 274, 275, 276, 277, 278, 279, 280, 281, 282, 283, 284, 285, 286, 287, 288, 289, 290, 291, 292, 293, 294, 295, 296, 297, 298, 299, 300, 301, 302, 303, 304, 305, 306, 307, 308, 309, 310, 311, 312, 313, 314, 315, 316, 317, 318, 319, 320, 321, 322, 323, 324, 325, 326, 327, 328, 329, 330, 331, 332, 333, 334, 335, 336, 337, 500, 562, 574, 575, 576, 577, 578, 579, 580, 581, 582, 583, 584, 585, 586, 587, 588, 589, 590, 591, 592, 593, 594, 595, 596, 597, 598, 599, 600, 601, 602, 603, 604, 605, 606, 607, 608, 609, 610, 611, 612, 613, 614, 615, 616, 617, 618, 619, 620, 621, 622, 623, 624, 625, 626, 627, 628, 629, 630, 631, 632, 633, 634, 635, 636, 637, 638, 639, 640, 641, 642, 643, 644, 645, 646, 647, 648, 649, 650, 651, 652, 653, 654, 655, 656, 657, 658, 659, 660, 661, 662, 663, 664, 665, 666, 667, 668, 669, 670, 671, 672, 673, 674, 675, 676, 677, 678, 679, 680, 681, 682, 683, 684, 685, 686, 687, 688, 689, 690, 691, 692, 693, 694, 695, 696, 697, 698, 699, 700, 701, 702, 703, 704, 705, 706, 707, 708, 709, 710, 711, 712, 713, 714, 715, 716, 717, 718, 719, 720, 721, 722, 723, 724, 725, 726, 727, 728, 729, 730, 731, 732, 733, 734, 735, 736, 737, 738, 739, 740, 741, 742, 743, 744, 745, 746, 747, 748, 749, 750, 751, 752, 753, 754, 755, 756, 757, 758, 759, 760, 761, 762, 763, 764, 765, 766, 767, 768, 769, 770, 771, 772, 773, 774, 775, 776, 777, 778, 779, 780, 781, 782, 783, 784, 785, 786, 787, 788, 789, 790, 791, 792, 793]",True,"[274, 302, 733, 760]","[103, 104, 105, 106, 107, 108, 109, 110, 111, 112, 113, 114, 115, 116, 117, 118, 119, 120, 121, 122, 123, 124, 125, 126, 127, 128, 129, 130, 131, 132, 133, 134, 135, 136, 137, 138, 139, 140, 141, 142, 143, 144, 145, 146, 147, 148, 149, 150, 151, 152, 153, 154, 155, 156, 157, 158, 159, 160, 161, 162, 163, 164, 165, 166, 167, 168, 169, 170, 171, 172, 173, 174, 175, 176, 177, 178, 179, 180, 181, 182, 183, 184, 185, 186, 187, 188, 189, 190, 191, 192, 193, 194, 195, 196, 197, 198, 199, 200, 201, 202, 203, 204, 205, 206, 207, 208, 209, 210, 211, 212, 213, 214, 215, 216, 217, 218, 219, 220, 221, 222, 223, 224, 225, 226, 227, 228, 229, 230, 231, 232, 233, 234, 235, 236, 237, 238, 239, 240, 241, 242, 243, 244, 245, 246, 247, 248, 249, 250, 251, 252, 253, 254, 255, 256, 257, 258, 259, 260, 261, 262, 263, 264, 265, 266, 267, 268, 269, 270, 271, 272, 273, 274, 275, 276, 277, 278, 279, 280, 281, 282, 283, 284, 285, 286, 287, 288, 289, 290, 291, 292, 293, 294, 295, 296, 297, 298, 299, 300, 301, 302, 303, 304, 305, 306, 307, 308, 309, 310, 311, 312, 313, 314, 315, 316, 317, 318, 319, 320, 321, 322, 323, 324, 325, 326, 327, 328, 329, 330, 331, 332, 333, 334, 335, 336, 337, 574, 575, 576, 577, 578, 579, 580, 581, 582, 583, 584, 585, 586, 587, 588, 589, 590, 591, 592, 593, 594, 595, 596, 597, 598, 599, 600, 601, 602, 603, 604, 605, 606, 607, 608, 609, 610, 611, 612, 613, 614, 615, 616, 617, 618, 619, 620, 621, 622, 623, 624, 625, 626, 627, 628, 629, 630, 631, 632, 633, 634, 635, 636, 637, 638, 639, 640, 641, 642, 643, 644, 645, 646, 647, 648, 649, 650, 651, 652, 653, 654, 655, 656, 657, 658, 659, 660, 661, 662, 663, 664, 665, 666, 667, 668, 669, 670, 671, 672, 673, 674, 675, 676, 677, 678, 679, 680, 681, 682, 683, 684, 685, 686, 687, 688, 689, 690, 691, 692, 693, 694, 695, 696, 697, 698, 699, 700, 701, 702, 703, 704, 705, 706, 707, 708, 709, 710, 711, 712, 713, 714, 715, 716, 717, 718, 719, 720, 721, 722, 723, 724, 725, 726, 727, 728, 729, 730, 731, 732, 733, 734, 735, 736, 737, 738, 739, 740, 741, 742, 743, 744, 745, 746, 747, 748, 749, 750, 751, 752, 753, 754, 755, 756, 757, 758, 759, 760, 761, 762, 763, 764, 765, 766, 767, 768, 769, 770, 771, 772, 773, 774, 775, 776, 777, 778, 779, 780, 781, 782, 783, 784, 785, 786, 787, 788, 789, 790, 791, 792, 793]","[274, 302, 733, 760]",[],"[15, 91, 103, 104, 106, 107, 110, 113, 117, 118, 120, 123, 127, 128, 129, 131, 132, 133, 135, 136, 137, 139, 146, 147, 148, 149, 151, 158, 160, 162, 166, 173, 178, 179, 185, 190, 192, 193, 198, 201, 203, 204, 206, 207, 212, 213, 214, 216, 218, 219, 223, 224, 225, 227, 230, 235, 237, 246, 247, 252, 256, 259, 262, 263, 266, 268, 269, 271, 272, 274, 275, 278, 279, 281, 284, 285, 286, 288, 290, 292, 293, 302, 304, 312, 316, 319, 320, 323, 324, 325, 326, 332, 500, 562, 574, 575, 578, 580, 583, 588, 591, 594, 603, 607, 608, 610, 618, 619, 620, 622, 632, 644, 649, 650, 656, 661, 663, 664, 669, 674, 677, 683, 684, 686, 687, 688, 689, 701, 710, 715, 723, 730, 731, 733, 734, 738, 740, 745, 747, 751, 752, 760, 762, 774, 778, 783, 784, 789]","[271, 272, 273, 274, 275, 276, 730, 731, 732, 733, 734, 735]",[],7/6 successful match,True,[599],True,797,False,,1.0,True,Rotten Robbie # 31,
"Gilroy , 95020 Rotten Robbie # 31",2 408-842-3630 US 101 & CA 152 W ( Leavesley Rd ),HRS 24 <U+2610> <U+2610> <U+2610>,Gilroy,95020,Rotten Robbie # 31,408-842-3630,2008,Gilroy,CA,,( Leavesley Rd ),US 101 & CA 152 W,empty,,False,,False,US 101,CA 152,,,,"[274, 733]","[274, 302, 733, 760]","[274, 302, 733, 760]",[],"[103, 104, 105, 106, 107, 108, 109, 110, 111, 112, 113, 114, 115, 116, 117, 118, 119, 120, 121, 122, 123, 124, 125, 126, 127, 128, 129, 130, 131, 132, 133, 134, 135, 136, 137, 138, 139, 140, 141, 142, 143, 144, 145, 146, 147, 148, 149, 150, 151, 152, 153, 154, 155, 156, 157, 158, 159, 160, 161, 162, 163, 164, 165, 166, 167, 168, 169, 170, 171, 172, 173, 174, 175, 176, 177, 178, 179, 180, 181, 182, 183, 184, 185, 186, 187, 188, 189, 190, 191, 192, 193, 194, 195, 196, 197, 198, 199, 200, 201, 202, 203, 204, 205, 206, 207, 208, 209, 210, 211, 212, 213, 214, 215, 216, 217, 218, 219, 220, 221, 222, 223, 224, 225, 226, 227, 228, 229, 230, 231, 232, 233, 234, 235, 236, 237, 238, 239, 240, 241, 242, 243, 244, 245, 246, 247, 248, 249, 250, 251, 252, 253, 254, 255, 256, 257, 258, 259, 260, 261, 262, 263, 264, 265, 266, 267, 268, 269, 270, 271, 272, 273, 274, 275, 276, 277, 278, 279, 280, 281, 282, 283, 284, 285, 286, 287, 288, 289, 290, 291, 292, 293, 294, 295, 296, 297, 298, 299, 300, 301, 302, 303, 304, 305, 306, 307, 308, 309, 310, 311, 312, 313, 314, 315, 316, 317, 318, 319, 320, 321, 322, 323, 324, 325, 326, 327, 328, 329, 330, 331, 332, 333, 334, 335, 336, 337, 574, 575, 576, 577, 578, 579, 580, 581, 582, 583, 584, 585, 586, 587, 588, 589, 590, 591, 592, 593, 594, 595, 596, 597, 598, 599, 600, 601, 602, 603, 604, 605, 606, 607, 608, 609, 610, 611, 612, 613, 614, 615, 616, 617, 618, 619, 620, 621, 622, 623, 624, 625, 626, 627, 628, 629, 630, 631, 632, 633, 634, 635, 636, 637, 638, 639, 640, 641, 642, 643, 644, 645, 646, 647, 648, 649, 650, 651, 652, 653, 654, 655, 656, 657, 658, 659, 660, 661, 662, 663, 664, 665, 666, 667, 668, 669, 670, 671, 672, 673, 674, 675, 676, 677, 678, 679, 680, 681, 682, 683, 684, 685, 686, 687, 688, 689, 690, 691, 692, 693, 694, 695, 696, 697, 698, 699, 700, 701, 702, 703, 704, 705, 706, 707, 708, 709, 710, 711, 712, 713, 714, 715, 716, 717, 718, 719, 720, 721, 722, 723, 724, 725, 726, 727, 728, 729, 730, 731, 732, 733, 734, 735, 736, 737, 738, 739, 740, 741, 742, 743, 744, 745, 746, 747, 748, 749, 750, 751, 752, 753, 754, 755, 756, 757, 758, 759, 760, 761, 762, 763, 764, 765, 766, 767, 768, 769, 770, 771, 772, 773, 774, 775, 776, 777, 778, 779, 780, 781, 782, 783, 784, 785, 786, 787, 788, 789, 790, 791, 792, 793]","[15, 91, 103, 104, 106, 107, 110, 113, 117, 118, 120, 123, 127, 128, 129, 131, 132, 133, 135, 136, 137, 139, 146, 147, 148, 149, 151, 158, 160, 162, 166, 173, 178, 179, 185, 190, 192, 193, 198, 201, 203, 204, 206, 207, 212, 213, 214, 216, 218, 219, 223, 224, 225, 227, 230, 235, 237, 246, 247, 252, 256, 259, 262, 263, 266, 268, 269, 271, 272, 274, 275, 278, 279, 281, 284, 285, 286, 288, 290, 292, 293, 302, 304, 312, 316, 319, 320, 323, 324, 325, 326, 332, 500, 562, 574, 575, 578, 580, 583, 588, 591, 594, 603, 607, 608, 610, 618, 619, 620, 622, 632, 644, 649, 650, 656, 661, 663, 664, 669, 674, 677, 683, 684, 686, 687, 688, 689, 701, 710, 715, 723, 730, 731, 733, 734, 738, 740, 745, 747, 751, 752, 760, 762, 774, 778, 783, 784, 789]",[],"[271, 272, 273, 274, 275, 276, 730, 731, 732, 733, 734, 735]","[15, 91, 103, 104, 105, 106, 107, 108, 109, 110, 111, 112, 113, 114, 115, 116, 117, 118, 119, 120, 121, 122, 123, 124, 125, 126, 127, 128, 129, 130, 131, 132, 133, 134, 135, 136, 137, 138, 139, 140, 141, 142, 143, 144, 145, 146, 147, 148, 149, 150, 151, 152, 153, 154, 155, 156, 157, 158, 159, 160, 161, 162, 163, 164, 165, 166, 167, 168, 169, 170, 171, 172, 173, 174, 175, 176, 177, 178, 179, 180, 181, 182, 183, 184, 185, 186, 187, 188, 189, 190, 191, 192, 193, 194, 195, 196, 197, 198, 199, 200, 201, 202, 203, 204, 205, 206, 207, 208, 209, 210, 211, 212, 213, 214, 215, 216, 217, 218, 219, 220, 221, 222, 223, 224, 225, 226, 227, 228, 229, 230, 231, 232, 233, 234, 235, 236, 237, 238, 239, 240, 241, 242, 243, 244, 245, 246, 247, 248, 249, 250, 251, 252, 253, 254, 255, 256, 257, 258, 259, 260, 261, 262, 263, 264, 265, 266, 267, 268, 269, 270, 271, 272, 273, 274, 275, 276, 277, 278, 279, 280, 281, 282, 283, 284, 285, 286, 287, 288, 289, 290, 291, 292, 293, 294, 295, 296, 297, 298, 299, 300, 301, 302, 303, 304, 305, 306, 307, 308, 309, 310, 311, 312, 313, 314, 315, 316, 317, 318, 319, 320, 321, 322, 323, 324, 325, 326, 327, 328, 329, 330, 331, 332, 333, 334, 335, 336, 337, 500, 562, 574, 575, 576, 577, 578, 579, 580, 581, 582, 583, 584, 585, 586, 587, 588, 589, 590, 591, 592, 593, 594, 595, 596, 597, 598, 599, 600, 601, 602, 603, 604, 605, 606, 607, 608, 609, 610, 611, 612, 613, 614, 615, 616, 617, 618, 619, 620, 621, 622, 623, 624, 625, 626, 627, 628, 629, 630, 631, 632, 633, 634, 635, 636, 637, 638, 639, 640, 641, 642, 643, 644, 645, 646, 647, 648, 649, 650, 651, 652, 653, 654, 655, 656, 657, 658, 659, 660, 661, 662, 663, 664, 665, 666, 667, 668, 669, 670, 671, 672, 673, 674, 675, 676, 677, 678, 679, 680, 681, 682, 683, 684, 685, 686, 687, 688, 689, 690, 691, 692, 693, 694, 695, 696, 697, 698, 699, 700, 701, 702, 703, 704, 705, 706, 707, 708, 709, 710, 711, 712, 713, 714, 715, 716, 717, 718, 719, 720, 721, 722, 723, 724, 725, 726, 727, 728, 729, 730, 731, 732, 733, 734, 735, 736, 737, 738, 739, 740, 741, 742, 743, 744, 745, 746, 747, 748, 749, 750, 751, 752, 753, 754, 755, 756, 757, 758, 759, 760, 761, 762, 763, 764, 765, 766, 767, 768, 769, 770, 771, 772, 773, 774, 775, 776, 777, 778, 779, 780, 781, 782, 783, 784, 785, 786, 787, 788, 789, 790, 791, 792, 793]",True,"[274, 302, 733, 760]","[103, 104, 105, 106, 107, 108, 109, 110, 111, 112, 113, 114, 115, 116, 117, 118, 119, 120, 121, 122, 123, 124, 125, 126, 127, 128, 129, 130, 131, 132, 133, 134, 135, 136, 137, 138, 139, 140, 141, 142, 143, 144, 145, 146, 147, 148, 149, 150, 151, 152, 153, 154, 155, 156, 157, 158, 159, 160, 161, 162, 163, 164, 165, 166, 167, 168, 169, 170, 171, 172, 173, 174, 175, 176, 177, 178, 179, 180, 181, 182, 183, 184, 185, 186, 187, 188, 189, 190, 191, 192, 193, 194, 195, 196, 197, 198, 199, 200, 201, 202, 203, 204, 205, 206, 207, 208, 209, 210, 211, 212, 213, 214, 215, 216, 217, 218, 219, 220, 221, 222, 223, 224, 225, 226, 227, 228, 229, 230, 231, 232, 233, 234, 235, 236, 237, 238, 239, 240, 241, 242, 243, 244, 245, 246, 247, 248, 249, 250, 251, 252, 253, 254, 255, 256, 257, 258, 259, 260, 261, 262, 263, 264, 265, 266, 267, 268, 269, 270, 271, 272, 273, 274, 275, 276, 277, 278, 279, 280, 281, 282, 283, 284, 285, 286, 287, 288, 289, 290, 291, 292, 293, 294, 295, 296, 297, 298, 299, 300, 301, 302, 303, 304, 305, 306, 307, 308, 309, 310, 311, 312, 313, 314, 315, 316, 317, 318, 319, 320, 321, 322, 323, 324, 325, 326, 327, 328, 329, 330, 331, 332, 333, 334, 335, 336, 337, 574, 575, 576, 577, 578, 579, 580, 581, 582, 583, 584, 585, 586, 587, 588, 589, 590, 591, 592, 593, 594, 595, 596, 597, 598, 599, 600, 601, 602, 603, 604, 605, 606, 607, 608, 609, 610, 611, 612, 613, 614, 615, 616, 617, 618, 619, 620, 621, 622, 623, 624, 625, 626, 627, 628, 629, 630, 631, 632, 633, 634, 635, 636, 637, 638, 639, 640, 641, 642, 643, 644, 645, 646, 647, 648, 649, 650, 651, 652, 653, 654, 655, 656, 657, 658, 659, 660, 661, 662, 663, 664, 665, 666, 667, 668, 669, 670, 671, 672, 673, 674, 675, 676, 677, 678, 679, 680, 681, 682, 683, 684, 685, 686, 687, 688, 689, 690, 691, 692, 693, 694, 695, 696, 697, 698, 699, 700, 701, 702, 703, 704, 705, 706, 707, 708, 709, 710, 711, 712, 713, 714, 715, 716, 717, 718, 719, 720, 721, 722, 723, 724, 725, 726, 727, 728, 729, 730, 731, 732, 733, 734, 735, 736, 737, 738, 739, 740, 741, 742, 743, 744, 745, 746, 747, 748, 749, 750, 751, 752, 753, 754, 755, 756, 757, 758, 759, 760, 761, 762, 763, 764, 765, 766, 767, 768, 769, 770, 771, 772, 773, 774, 775, 776, 777, 778, 779, 780, 781, 782, 783, 784, 785, 786, 787, 788, 789, 790, 791, 792, 793]","[274, 302, 733, 760]",[],"[15, 91, 103, 104, 106, 107, 110, 113, 117, 118, 120, 123, 127, 128, 129, 131, 132, 133, 135, 136, 137, 139, 146, 147, 148, 149, 151, 158, 160, 162, 166, 173, 178, 179, 185, 190, 192, 193, 198, 201, 203, 204, 206, 207, 212, 213, 214, 216, 218, 219, 223, 224, 225, 227, 230, 235, 237, 246, 247, 252, 256, 259, 262, 263, 266, 268, 269, 271, 272, 274, 275, 278, 279, 281, 284, 285, 286, 288, 290, 292, 293, 302, 304, 312, 316, 319, 320, 323, 324, 325, 326, 332, 500, 562, 574, 575, 578, 580, 583, 588, 591, 594, 603, 607, 608, 610, 618, 619, 620, 622, 632, 644, 649, 650, 656, 661, 663, 664, 669, 674, 677, 683, 684, 686, 687, 688, 689, 701, 710, 715, 723, 730, 731, 733, 734, 738, 740, 745, 747, 751, 752, 760, 762, 774, 778, 783, 784, 789]","[271, 272, 273, 274, 275, 276, 730, 731, 732, 733, 734, 735]",[],7/6 successful match,True,[599],True,797,False,,1.0,True,Rotten Robbie # 31,
Gilroy ( 95020 ) Rotten Robbie # 31 Ave E ),408-842-3630 US 101 & CA 152 W (,24 <U+25A1>,Gilroy,95020,Rotten Robbie # 31 Ave E ),408-842-3630,2015,Gilroy,CA,,(,US 101 & CA 152 W,empty,,False,,False,US 101,CA 152,,,,"[274, 733]","[274, 302, 733, 760]","[274, 302, 733, 760]",[],"[103, 104, 105, 106, 107, 108, 109, 110, 111, 112, 113, 114, 115, 116, 117, 118, 119, 120, 121, 122, 123, 124, 125, 126, 127, 128, 129, 130, 131, 132, 133, 134, 135, 136, 137, 138, 139, 140, 141, 142, 143, 144, 145, 146, 147, 148, 149, 150, 151, 152, 153, 154, 155, 156, 157, 158, 159, 160, 161, 162, 163, 164, 165, 166, 167, 168, 169, 170, 171, 172, 173, 174, 175, 176, 177, 178, 179, 180, 181, 182, 183, 184, 185, 186, 187, 188, 189, 190, 191, 192, 193, 194, 195, 196, 197, 198, 199, 200, 201, 202, 203, 204, 205, 206, 207, 208, 209, 210, 211, 212, 213, 214, 215, 216, 217, 218, 219, 220, 221, 222, 223, 224, 225, 226, 227, 228, 229, 230, 231, 232, 233, 234, 235, 236, 237, 238, 239, 240, 241, 242, 243, 244, 245, 246, 247, 248, 249, 250, 251, 252, 253, 254, 255, 256, 257, 258, 259, 260, 261, 262, 263, 264, 265, 266, 267, 268, 269, 270, 271, 272, 273, 274, 275, 276, 277, 278, 279, 280, 281, 282, 283, 284, 285, 286, 287, 288, 289, 290, 291, 292, 293, 294, 295, 296, 297, 298, 299, 300, 301, 302, 303, 304, 305, 306, 307, 308, 309, 310, 311, 312, 313, 314, 315, 316, 317, 318, 319, 320, 321, 322, 323, 324, 325, 326, 327, 328, 329, 330, 331, 332, 333, 334, 335, 336, 337, 574, 575, 576, 577, 578, 579, 580, 581, 582, 583, 584, 585, 586, 587, 588, 589, 590, 591, 592, 593, 594, 595, 596, 597, 598, 599, 600, 601, 602, 603, 604, 605, 606, 607, 608, 609, 610, 611, 612, 613, 614, 615, 616, 617, 618, 619, 620, 621, 622, 623, 624, 625, 626, 627, 628, 629, 630, 631, 632, 633, 634, 635, 636, 637, 638, 639, 640, 641, 642, 643, 644, 645, 646, 647, 648, 649, 650, 651, 652, 653, 654, 655, 656, 657, 658, 659, 660, 661, 662, 663, 664, 665, 666, 667, 668, 669, 670, 671, 672, 673, 674, 675, 676, 677, 678, 679, 680, 681, 682, 683, 684, 685, 686, 687, 688, 689, 690, 691, 692, 693, 694, 695, 696, 697, 698, 699, 700, 701, 702, 703, 704, 705, 706, 707, 708, 709, 710, 711, 712, 713, 714, 715, 716, 717, 718, 719, 720, 721, 722, 723, 724, 725, 726, 727, 728, 729, 730, 731, 732, 733, 734, 735, 736, 737, 738, 739, 740, 741, 742, 743, 744, 745, 746, 747, 748, 749, 750, 751, 752, 753, 754, 755, 756, 757, 758, 759, 760, 761, 762, 763, 764, 765, 766, 767, 768, 769, 770, 771, 772, 773, 774, 775, 776, 777, 778, 779, 780, 781, 782, 783, 784, 785, 786, 787, 788, 789, 790, 791, 792, 793]","[15, 91, 103, 104, 106, 107, 110, 113, 117, 118, 120, 123, 127, 128, 129, 131, 132, 133, 135, 136, 137, 139, 146, 147, 148, 149, 151, 158, 160, 162, 166, 173, 178, 179, 185, 190, 192, 193, 198, 201, 203, 204, 206, 207, 212, 213, 214, 216, 218, 219, 223, 224, 225, 227, 230, 235, 237, 246, 247, 252, 256, 259, 262, 263, 266, 268, 269, 271, 272, 274, 275, 278, 279, 281, 284, 285, 286, 288, 290, 292, 293, 302, 304, 312, 316, 319, 320, 323, 324, 325, 326, 332, 500, 562, 574, 575, 578, 580, 583, 588, 591, 594, 603, 607, 608, 610, 618, 619, 620, 622, 632, 644, 649, 650, 656, 661, 663, 664, 669, 674, 677, 683, 684, 686, 687, 688, 689, 701, 710, 715, 723, 730, 731, 733, 734, 738, 740, 745, 747, 751, 752, 760, 762, 774, 778, 783, 784, 789]",[],"[271, 272, 273, 274, 275, 276, 730, 731, 732, 733, 734, 735]","[15, 91, 103, 104, 105, 106, 107, 108, 109, 110, 111, 112, 113, 114, 115, 116, 117, 118, 119, 120, 121, 122, 123, 124, 125, 126, 127, 128, 129, 130, 131, 132, 133, 134, 135, 136, 137, 138, 139, 140, 141, 142, 143, 144, 145, 146, 147, 148, 149, 150, 151, 152, 153, 154, 155, 156, 157, 158, 159, 160, 161, 162, 163, 164, 165, 166, 167, 168, 169, 170, 171, 172, 173, 174, 175, 176, 177, 178, 179, 180, 181, 182, 183, 184, 185, 186, 187, 188, 189, 190, 191, 192, 193, 194, 195, 196, 197, 198, 199, 200, 201, 202, 203, 204, 205, 206, 207, 208, 209, 210, 211, 212, 213, 214, 215, 216, 217, 218, 219, 220, 221, 222, 223, 224, 225, 226, 227, 228, 229, 230, 231, 232, 233, 234, 235, 236, 237, 238, 239, 240, 241, 242, 243, 244, 245, 246, 247, 248, 249, 250, 251, 252, 253, 254, 255, 256, 257, 258, 259, 260, 261, 262, 263, 264, 265, 266, 267, 268, 269, 270, 271, 272, 273, 274, 275, 276, 277, 278, 279, 280, 281, 282, 283, 284, 285, 286, 287, 288, 289, 290, 291, 292, 293, 294, 295, 296, 297, 298, 299, 300, 301, 302, 303, 304, 305, 306, 307, 308, 309, 310, 311, 312, 313, 314, 315, 316, 317, 318, 319, 320, 321, 322, 323, 324, 325, 326, 327, 328, 329, 330, 331, 332, 333, 334, 335, 336, 337, 500, 562, 574, 575, 576, 577, 578, 579, 580, 581, 582, 583, 584, 585, 586, 587, 588, 589, 590, 591, 592, 593, 594, 595, 596, 597, 598, 599, 600, 601, 602, 603, 604, 605, 606, 607, 608, 609, 610, 611, 612, 613, 614, 615, 616, 617, 618, 619, 620, 621, 622, 623, 624, 625, 626, 627, 628, 629, 630, 631, 632, 633, 634, 635, 636, 637, 638, 639, 640, 641, 642, 643, 644, 645, 646, 647, 648, 649, 650, 651, 652, 653, 654, 655, 656, 657, 658, 659, 660, 661, 662, 663, 664, 665, 666, 667, 668, 669, 670, 671, 672, 673, 674, 675, 676, 677, 678, 679, 680, 681, 682, 683, 684, 685, 686, 687, 688, 689, 690, 691, 692, 693, 694, 695, 696, 697, 698, 699, 700, 701, 702, 703, 704, 705, 706, 707, 708, 709, 710, 711, 712, 713, 714, 715, 716, 717, 718, 719, 720, 721, 722, 723, 724, 725, 726, 727, 728, 729, 730, 731, 732, 733, 734, 735, 736, 737, 738, 739, 740, 741, 742, 743, 744, 745, 746, 747, 748, 749, 750, 751, 752, 753, 754, 755, 756, 757, 758, 759, 760, 761, 762, 763, 764, 765, 766, 767, 768, 769, 770, 771, 772, 773, 774, 775, 776, 777, 778, 779, 780, 781, 782, 783, 784, 785, 786, 787, 788, 789, 790, 791, 792, 793]",True,"[274, 302, 733, 760]","[103, 104, 105, 106, 107, 108, 109, 110, 111, 112, 113, 114, 115, 116, 117, 118, 119, 120, 121, 122, 123, 124, 125, 126, 127, 128, 129, 130, 131, 132, 133, 134, 135, 136, 137, 138, 139, 140, 141, 142, 143, 144, 145, 146, 147, 148, 149, 150, 151, 152, 153, 154, 155, 156, 157, 158, 159, 160, 161, 162, 163, 164, 165, 166, 167, 168, 169, 170, 171, 172, 173, 174, 175, 176, 177, 178, 179, 180, 181, 182, 183, 184, 185, 186, 187, 188, 189, 190, 191, 192, 193, 194, 195, 196, 197, 198, 199, 200, 201, 202, 203, 204, 205, 206, 207, 208, 209, 210, 211, 212, 213, 214, 215, 216, 217, 218, 219, 220, 221, 222, 223, 224, 225, 226, 227, 228, 229, 230, 231, 232, 233, 234, 235, 236, 237, 238, 239, 240, 241, 242, 243, 244, 245, 246, 247, 248, 249, 250, 251, 252, 253, 254, 255, 256, 257, 258, 259, 260, 261, 262, 263, 264, 265, 266, 267, 268, 269, 270, 271, 272, 273, 274, 275, 276, 277, 278, 279, 280, 281, 282, 283, 284, 285, 286, 287, 288, 289, 290, 291, 292, 293, 294, 295, 296, 297, 298, 299, 300, 301, 302, 303, 304, 305, 306, 307, 308, 309, 310, 311, 312, 313, 314, 315, 316, 317, 318, 319, 320, 321, 322, 323, 324, 325, 326, 327, 328, 329, 330, 331, 332, 333, 334, 335, 336, 337, 574, 575, 576, 577, 578, 579, 580, 581, 582, 583, 584, 585, 586, 587, 588, 589, 590, 591, 592, 593, 594, 595, 596, 597, 598, 599, 600, 601, 602, 603, 604, 605, 606, 607, 608, 609, 610, 611, 612, 613, 614, 615, 616, 617, 618, 619, 620, 621, 622, 623, 624, 625, 626, 627, 628, 629, 630, 631, 632, 633, 634, 635, 636, 637, 638, 639, 640, 641, 642, 643, 644, 645, 646, 647, 648, 649, 650, 651, 652, 653, 654, 655, 656, 657, 658, 659, 660, 661, 662, 663, 664, 665, 666, 667, 668, 669, 670, 671, 672, 673, 674, 675, 676, 677, 678, 679, 680, 681, 682, 683, 684, 685, 686, 687, 688, 689, 690, 691, 692, 693, 694, 695, 696, 697, 698, 699, 700, 701, 702, 703, 704, 705, 706, 707, 708, 709, 710, 711, 712, 713, 714, 715, 716, 717, 718, 719, 720, 721, 722, 723, 724, 725, 726, 727, 728, 729, 730, 731, 732, 733, 734, 735, 736, 737, 738, 739, 740, 741, 742, 743, 744, 745, 746, 747, 748, 749, 750, 751, 752, 753, 754, 755, 756, 757, 758, 759, 760, 761, 762, 763, 764, 765, 766, 767, 768, 769, 770, 771, 772, 773, 774, 775, 776, 777, 778, 779, 780, 781, 782, 783, 784, 785, 786, 787, 788, 789, 790, 791, 792, 793]","[274, 302, 733, 760]",[],"[15, 91, 103, 104, 106, 107, 110, 113, 117, 118, 120, 123, 127, 128, 129, 131, 132, 133, 135, 136, 137, 139, 146, 147, 148, 149, 151, 158, 160, 162, 166, 173, 178, 179, 185, 190, 192, 193, 198, 201, 203, 204, 206, 207, 212, 213, 214, 216, 218, 219, 223, 224, 225, 227, 230, 235, 237, 246, 247, 252, 256, 259, 262, 263, 266, 268, 269, 271, 272, 274, 275, 278, 279, 281, 284, 285, 286, 288, 290, 292, 293, 302, 304, 312, 316, 319, 320, 323, 324, 325, 326, 332, 500, 562, 574, 575, 578, 580, 583, 588, 591, 594, 603, 607, 608, 610, 618, 619, 620, 622, 632, 644, 649, 650, 656, 661, 663, 664, 669, 674, 677, 683, 684, 686, 687, 688, 689, 701, 710, 715, 723, 730, 731, 733, 734, 738, 740, 745, 747, 751, 752, 760, 762, 774, 778, 783, 784, 789]","[271, 272, 273, 274, 275, 276, 730, 731, 732, 733, 734, 735]",[],7/6 successful match,True,[599],True,798,False,,,,,
Gilroy ( 95020 ) Rotten Robbie 142 # ( 31 Herndon Ave E ),408-842-3630 US 101 & CA 152,24 <U+25A1>,Gilroy,95020,Rotten Robbie 142 # ( 31 Herndon Ave E ),408-842-3630,2016,Gilroy,CA,,,US 101 & CA 152,empty,,False,,False,US 101,CA 152,,,,"[274, 733]","[274, 302, 733, 760]","[274, 302, 733, 760]",[],"[103, 104, 105, 106, 107, 108, 109, 110, 111, 112, 113, 114, 115, 116, 117, 118, 119, 120, 121, 122, 123, 124, 125, 126, 127, 128, 129, 130, 131, 132, 133, 134, 135, 136, 137, 138, 139, 140, 141, 142, 143, 144, 145, 146, 147, 148, 149, 150, 151, 152, 153, 154, 155, 156, 157, 158, 159, 160, 161, 162, 163, 164, 165, 166, 167, 168, 169, 170, 171, 172, 173, 174, 175, 176, 177, 178, 179, 180, 181, 182, 183, 184, 185, 186, 187, 188, 189, 190, 191, 192, 193, 194, 195, 196, 197, 198, 199, 200, 201, 202, 203, 204, 205, 206, 207, 208, 209, 210, 211, 212, 213, 214, 215, 216, 217, 218, 219, 220, 221, 222, 223, 224, 225, 226, 227, 228, 229, 230, 231, 232, 233, 234, 235, 236, 237, 238, 239, 240, 241, 242, 243, 244, 245, 246, 247, 248, 249, 250, 251, 252, 253, 254, 255, 256, 257, 258, 259, 260, 261, 262, 263, 264, 265, 266, 267, 268, 269, 270, 271, 272, 273, 274, 275, 276, 277, 278, 279, 280, 281, 282, 283, 284, 285, 286, 287, 288, 289, 290, 291, 292, 293, 294, 295, 296, 297, 298, 299, 300, 301, 302, 303, 304, 305, 306, 307, 308, 309, 310, 311, 312, 313, 314, 315, 316, 317, 318, 319, 320, 321, 322, 323, 324, 325, 326, 327, 328, 329, 330, 331, 332, 333, 334, 335, 336, 337, 574, 575, 576, 577, 578, 579, 580, 581, 582, 583, 584, 585, 586, 587, 588, 589, 590, 591, 592, 593, 594, 595, 596, 597, 598, 599, 600, 601, 602, 603, 604, 605, 606, 607, 608, 609, 610, 611, 612, 613, 614, 615, 616, 617, 618, 619, 620, 621, 622, 623, 624, 625, 626, 627, 628, 629, 630, 631, 632, 633, 634, 635, 636, 637, 638, 639, 640, 641, 642, 643, 644, 645, 646, 647, 648, 649, 650, 651, 652, 653, 654, 655, 656, 657, 658, 659, 660, 661, 662, 663, 664, 665, 666, 667, 668, 669, 670, 671, 672, 673, 674, 675, 676, 677, 678, 679, 680, 681, 682, 683, 684, 685, 686, 687, 688, 689, 690, 691, 692, 693, 694, 695, 696, 697, 698, 699, 700, 701, 702, 703, 704, 705, 706, 707, 708, 709, 710, 711, 712, 713, 714, 715, 716, 717, 718, 719, 720, 721, 722, 723, 724, 725, 726, 727, 728, 729, 730, 731, 732, 733, 734, 735, 736, 737, 738, 739, 740, 741, 742, 743, 744, 745, 746, 747, 748, 749, 750, 751, 752, 753, 754, 755, 756, 757, 758, 759, 760, 761, 762, 763, 764, 765, 766, 767, 768, 769, 770, 771, 772, 773, 774, 775, 776, 777, 778, 779, 780, 781, 782, 783, 784, 785, 786, 787, 788, 789, 790, 791, 792, 793]","[15, 91, 103, 104, 106, 107, 110, 113, 117, 118, 120, 123, 127, 128, 129, 131, 132, 133, 135, 136, 137, 139, 146, 147, 148, 149, 151, 158, 160, 162, 166, 173, 178, 179, 185, 190, 192, 193, 198, 201, 203, 204, 206, 207, 212, 213, 214, 216, 218, 219, 223, 224, 225, 227, 230, 235, 237, 246, 247, 252, 256, 259, 262, 263, 266, 268, 269, 271, 272, 274, 275, 278, 279, 281, 284, 285, 286, 288, 290, 292, 293, 302, 304, 312, 316, 319, 320, 323, 324, 325, 326, 332, 500, 562, 574, 575, 578, 580, 583, 588, 591, 594, 603, 607, 608, 610, 618, 619, 620, 622, 632, 644, 649, 650, 656, 661, 663, 664, 669, 674, 677, 683, 684, 686, 687, 688, 689, 701, 710, 715, 723, 730, 731, 733, 734, 738, 740, 745, 747, 751, 752, 760, 762, 774, 778, 783, 784, 789]",[],"[271, 272, 273, 274, 275, 276, 730, 731, 732, 733, 734, 735]","[15, 91, 103, 104, 105, 106, 107, 108, 109, 110, 111, 112, 113, 114, 115, 116, 117, 118, 119, 120, 121, 122, 123, 124, 125, 126, 127, 128, 129, 130, 131, 132, 133, 134, 135, 136, 137, 138, 139, 140, 141, 142, 143, 144, 145, 146, 147, 148, 149, 150, 151, 152, 153, 154, 155, 156, 157, 158, 159, 160, 161, 162, 163, 164, 165, 166, 167, 168, 169, 170, 171, 172, 173, 174, 175, 176, 177, 178, 179, 180, 181, 182, 183, 184, 185, 186, 187, 188, 189, 190, 191, 192, 193, 194, 195, 196, 197, 198, 199, 200, 201, 202, 203, 204, 205, 206, 207, 208, 209, 210, 211, 212, 213, 214, 215, 216, 217, 218, 219, 220, 221, 222, 223, 224, 225, 226, 227, 228, 229, 230, 231, 232, 233, 234, 235, 236, 237, 238, 239, 240, 241, 242, 243, 244, 245, 246, 247, 248, 249, 250, 251, 252, 253, 254, 255, 256, 257, 258, 259, 260, 261, 262, 263, 264, 265, 266, 267, 268, 269, 270, 271, 272, 273, 274, 275, 276, 277, 278, 279, 280, 281, 282, 283, 284, 285, 286, 287, 288, 289, 290, 291, 292, 293, 294, 295, 296, 297, 298, 299, 300, 301, 302, 303, 304, 305, 306, 307, 308, 309, 310, 311, 312, 313, 314, 315, 316, 317, 318, 319, 320, 321, 322, 323, 324, 325, 326, 327, 328, 329, 330, 331, 332, 333, 334, 335, 336, 337, 500, 562, 574, 575, 576, 577, 578, 579, 580, 581, 582, 583, 584, 585, 586, 587, 588, 589, 590, 591, 592, 593, 594, 595, 596, 597, 598, 599, 600, 601, 602, 603, 604, 605, 606, 607, 608, 609, 610, 611, 612, 613, 614, 615, 616, 617, 618, 619, 620, 621, 622, 623, 624, 625, 626, 627, 628, 629, 630, 631, 632, 633, 634, 635, 636, 637, 638, 639, 640, 641, 642, 643, 644, 645, 646, 647, 648, 649, 650, 651, 652, 653, 654, 655, 656, 657, 658, 659, 660, 661, 662, 663, 664, 665, 666, 667, 668, 669, 670, 671, 672, 673, 674, 675, 676, 677, 678, 679, 680, 681, 682, 683, 684, 685, 686, 687, 688, 689, 690, 691, 692, 693, 694, 695, 696, 697, 698, 699, 700, 701, 702, 703, 704, 705, 706, 707, 708, 709, 710, 711, 712, 713, 714, 715, 716, 717, 718, 719, 720, 721, 722, 723, 724, 725, 726, 727, 728, 729, 730, 731, 732, 733, 734, 735, 736, 737, 738, 739, 740, 741, 742, 743, 744, 745, 746, 747, 748, 749, 750, 751, 752, 753, 754, 755, 756, 757, 758, 759, 760, 761, 762, 763, 764, 765, 766, 767, 768, 769, 770, 771, 772, 773, 774, 775, 776, 777, 778, 779, 780, 781, 782, 783, 784, 785, 786, 787, 788, 789, 790, 791, 792, 793]",True,"[274, 302, 733, 760]","[103, 104, 105, 106, 107, 108, 109, 110, 111, 112, 113, 114, 115, 116, 117, 118, 119, 120, 121, 122, 123, 124, 125, 126, 127, 128, 129, 130, 131, 132, 133, 134, 135, 136, 137, 138, 139, 140, 141, 142, 143, 144, 145, 146, 147, 148, 149, 150, 151, 152, 153, 154, 155, 156, 157, 158, 159, 160, 161, 162, 163, 164, 165, 166, 167, 168, 169, 170, 171, 172, 173, 174, 175, 176, 177, 178, 179, 180, 181, 182, 183, 184, 185, 186, 187, 188, 189, 190, 191, 192, 193, 194, 195, 196, 197, 198, 199, 200, 201, 202, 203, 204, 205, 206, 207, 208, 209, 210, 211, 212, 213, 214, 215, 216, 217, 218, 219, 220, 221, 222, 223, 224, 225, 226, 227, 228, 229, 230, 231, 232, 233, 234, 235, 236, 237, 238, 239, 240, 241, 242, 243, 244, 245, 246, 247, 248, 249, 250, 251, 252, 253, 254, 255, 256, 257, 258, 259, 260, 261, 262, 263, 264, 265, 266, 267, 268, 269, 270, 271, 272, 273, 274, 275, 276, 277, 278, 279, 280, 281, 282, 283, 284, 285, 286, 287, 288, 289, 290, 291, 292, 293, 294, 295, 296, 297, 298, 299, 300, 301, 302, 303, 304, 305, 306, 307, 308, 309, 310, 311, 312, 313, 314, 315, 316, 317, 318, 319, 320, 321, 322, 323, 324, 325, 326, 327, 328, 329, 330, 331, 332, 333, 334, 335, 336, 337, 574, 575, 576, 577, 578, 579, 580, 581, 582, 583, 584, 585, 586, 587, 588, 589, 590, 591, 592, 593, 594, 595, 596, 597, 598, 599, 600, 601, 602, 603, 604, 605, 606, 607, 608, 609, 610, 611, 612, 613, 614, 615, 616, 617, 618, 619, 620, 621, 622, 623, 624, 625, 626, 627, 628, 629, 630, 631, 632, 633, 634, 635, 636, 637, 638, 639, 640, 641, 642, 643, 644, 645, 646, 647, 648, 649, 650, 651, 652, 653, 654, 655, 656, 657, 658, 659, 660, 661, 662, 663, 664, 665, 666, 667, 668, 669, 670, 671, 672, 673, 674, 675, 676, 677, 678, 679, 680, 681, 682, 683, 684, 685, 686, 687, 688, 689, 690, 691, 692, 693, 694, 695, 696, 697, 698, 699, 700, 701, 702, 703, 704, 705, 706, 707, 708, 709, 710, 711, 712, 713, 714, 715, 716, 717, 718, 719, 720, 721, 722, 723, 724, 725, 726, 727, 728, 729, 730, 731, 732, 733, 734, 735, 736, 737, 738, 739, 740, 741, 742, 743, 744, 745, 746, 747, 748, 749, 750, 751, 752, 753, 754, 755, 756, 757, 758, 759, 760, 761, 762, 763, 764, 765, 766, 767, 768, 769, 770, 771, 772, 773, 774, 775, 776, 777, 778, 779, 780, 781, 782, 783, 784, 785, 786, 787, 788, 789, 790, 791, 792, 793]","[274, 302, 733, 760]",[],"[15, 91, 103, 104, 106, 107, 110, 113, 117, 118, 120, 123, 127, 128, 129, 131, 132, 133, 135, 136, 137, 139, 146, 147, 148, 149, 151, 158, 160, 162, 166, 173, 178, 179, 185, 190, 192, 193, 198, 201, 203, 204, 206, 207, 212, 213, 214, 216, 218, 219, 223, 224, 225, 227, 230, 235, 237, 246, 247, 252, 256, 259, 262, 263, 266, 268, 269, 271, 272, 274, 275, 278, 279, 281, 284, 285, 286, 288, 290, 292, 293, 302, 304, 312, 316, 319, 320, 323, 324, 325, 326, 332, 500, 562, 574, 575, 578, 580, 583, 588, 591, 594, 603, 607, 608, 610, 618, 619, 620, 622, 632, 644, 649, 650, 656, 661, 663, 664, 669, 674, 677, 683, 684, 686, 687, 688, 689, 701, 710, 715, 723, 730, 731, 733, 734, 738, 740, 745, 747, 751, 752, 760, 762, 774, 778, 783, 784, 789]","[271, 272, 273, 274, 275, 276, 730, 731, 732, 733, 734, 735]",[],7/6 successful match,True,[599],True,798,False,,0.9763636363636363,True,Rotten Robbie # 31 Ave E ),
F Scotts Valley ( 95066 ) Corner Store # 3736 ( ),2 831-438-5105 CA 17 Exit 5 ( Scotts Valley Dr S ),<U+2610> <U+2610> D,Scotts Valley,95066,Corner Store # 3736 ( ),831-438-5105,2016,Scotts Valley,CA,,( Scotts Valley Dr S ),CA 17 Exit 5 ,Exit,5,False,,False,CA 17,,,,,[],[],"[298, 339, 428, 757, 795, 880]","[92, 184, 351, 563, 655, 806]","[103, 104, 105, 106, 107, 108, 109, 110, 111, 112, 113, 114, 115, 116, 117, 118, 119, 120, 121, 122, 123, 124, 125, 126, 127, 128, 129, 130, 131, 132, 133, 134, 135, 136, 137, 138, 139, 140, 141, 142, 143, 144, 145, 146, 147, 148, 149, 150, 151, 152, 153, 154, 155, 156, 157, 158, 159, 160, 161, 162, 163, 164, 165, 166, 167, 168, 169, 170, 171, 172, 173, 174, 175, 176, 177, 178, 179, 180, 181, 182, 183, 184, 185, 186, 187, 188, 189, 190, 191, 192, 193, 194, 195, 196, 197, 198, 199, 200, 201, 202, 203, 204, 205, 206, 207, 208, 209, 210, 211, 212, 213, 214, 215, 216, 217, 218, 219, 220, 221, 222, 223, 224, 225, 226, 227, 228, 229, 230, 231, 232, 233, 234, 235, 236, 237, 238, 239, 240, 241, 242, 243, 244, 245, 246, 247, 248, 249, 250, 251, 252, 253, 254, 255, 256, 257, 258, 259, 260, 261, 262, 263, 264, 265, 266, 267, 268, 269, 270, 271, 272, 273, 274, 275, 276, 277, 278, 279, 280, 281, 282, 283, 284, 285, 286, 287, 288, 289, 290, 291, 292, 293, 294, 295, 296, 297, 298, 299, 300, 301, 302, 303, 304, 305, 306, 307, 308, 309, 310, 311, 312, 313, 314, 315, 316, 317, 318, 319, 320, 321, 322, 323, 324, 325, 326, 327, 328, 329, 330, 331, 332, 333, 334, 335, 336, 337, 574, 575, 576, 577, 578, 579, 580, 581, 582, 583, 584, 585, 586, 587, 588, 589, 590, 591, 592, 593, 594, 595, 596, 597, 598, 599, 600, 601, 602, 603, 604, 605, 606, 607, 608, 609, 610, 611, 612, 613, 614, 615, 616, 617, 618, 619, 620, 621, 622, 623, 624, 625, 626, 627, 628, 629, 630, 631, 632, 633, 634, 635, 636, 637, 638, 639, 640, 641, 642, 643, 644, 645, 646, 647, 648, 649, 650, 651, 652, 653, 654, 655, 656, 657, 658, 659, 660, 661, 662, 663, 664, 665, 666, 667, 668, 669, 670, 671, 672, 673, 674, 675, 676, 677, 678, 679, 680, 681, 682, 683, 684, 685, 686, 687, 688, 689, 690, 691, 692, 693, 694, 695, 696, 697, 698, 699, 700, 701, 702, 703, 704, 705, 706, 707, 708, 709, 710, 711, 712, 713, 714, 715, 716, 717, 718, 719, 720, 721, 722, 723, 724, 725, 726, 727, 728, 729, 730, 731, 732, 733, 734, 735, 736, 737, 738, 739, 740, 741, 742, 743, 744, 745, 746, 747, 748, 749, 750, 751, 752, 753, 754, 755, 756, 757, 758, 759, 760, 761, 762, 763, 764, 765, 766, 767, 768, 769, 770, 771, 772, 773, 774, 775, 776, 777, 778, 779, 780, 781, 782, 783, 784, 785, 786, 787, 788, 789, 790, 791, 792, 793]","[1, 13, 47, 53, 66, 103, 104, 106, 117, 118, 120, 127, 128, 129, 131, 133, 135, 136, 137, 139, 146, 147, 148, 149, 151, 158, 160, 162, 166, 173, 178, 179, 185, 190, 192, 198, 201, 203, 204, 206, 207, 212, 213, 214, 219, 223, 224, 225, 227, 230, 235, 237, 246, 247, 256, 259, 262, 263, 266, 268, 269, 271, 272, 278, 279, 284, 285, 288, 290, 292, 304, 312, 316, 319, 320, 323, 324, 332, 398, 487, 498, 527, 541, 574, 575, 588, 591, 607, 608, 610, 618, 619, 620, 622, 632, 644, 649, 650, 656, 661, 663, 669, 674, 677, 682, 683, 684, 687, 688, 689, 701, 710, 723, 730, 731, 738, 747, 751, 762, 774, 778, 789, 903]",[],"[9, 10, 196, 397, 494, 495, 667, 847]","[1, 9, 10, 13, 47, 53, 66, 92, 103, 104, 105, 106, 107, 108, 109, 110, 111, 112, 113, 114, 115, 116, 117, 118, 119, 120, 121, 122, 123, 124, 125, 126, 127, 128, 129, 130, 131, 132, 133, 134, 135, 136, 137, 138, 139, 140, 141, 142, 143, 144, 145, 146, 147, 148, 149, 150, 151, 152, 153, 154, 155, 156, 157, 158, 159, 160, 161, 162, 163, 164, 165, 166, 167, 168, 169, 170, 171, 172, 173, 174, 175, 176, 177, 178, 179, 180, 181, 182, 183, 184, 185, 186, 187, 188, 189, 190, 191, 192, 193, 194, 195, 196, 197, 198, 199, 200, 201, 202, 203, 204, 205, 206, 207, 208, 209, 210, 211, 212, 213, 214, 215, 216, 217, 218, 219, 220, 221, 222, 223, 224, 225, 226, 227, 228, 229, 230, 231, 232, 233, 234, 235, 236, 237, 238, 239, 240, 241, 242, 243, 244, 245, 246, 247, 248, 249, 250, 251, 252, 253, 254, 255, 256, 257, 258, 259, 260, 261, 262, 263, 264, 265, 266, 267, 268, 269, 270, 271, 272, 273, 274, 275, 276, 277, 278, 279, 280, 281, 282, 283, 284, 285, 286, 287, 288, 289, 290, 291, 292, 293, 294, 295, 296, 297, 298, 299, 300, 301, 302, 303, 304, 305, 306, 307, 308, 309, 310, 311, 312, 313, 314, 315, 316, 317, 318, 319, 320, 321, 322, 323, 324, 325, 326, 327, 328, 329, 330, 331, 332, 333, 334, 335, 336, 337, 339, 351, 397, 398, 428, 487, 494, 495, 498, 527, 541, 563, 574, 575, 576, 577, 578, 579, 580, 581, 582, 583, 584, 585, 586, 587, 588, 589, 590, 591, 592, 593, 594, 595, 596, 597, 598, 599, 600, 601, 602, 603, 604, 605, 606, 607, 608, 609, 610, 611, 612, 613, 614, 615, 616, 617, 618, 619, 620, 621, 622, 623, 624, 625, 626, 627, 628, 629, 630, 631, 632, 633, 634, 635, 636, 637, 638, 639, 640, 641, 642, 643, 644, 645, 646, 647, 648, 649, 650, 651, 652, 653, 654, 655, 656, 657, 658, 659, 660, 661, 662, 663, 664, 665, 666, 667, 668, 669, 670, 671, 672, 673, 674, 675, 676, 677, 678, 679, 680, 681, 682, 683, 684, 685, 686, 687, 688, 689, 690, 691, 692, 693, 694, 695, 696, 697, 698, 699, 700, 701, 702, 703, 704, 705, 706, 707, 708, 709, 710, 711, 712, 713, 714, 715, 716, 717, 718, 719, 720, 721, 722, 723, 724, 725, 726, 727, 728, 729, 730, 731, 732, 733, 734, 735, 736, 737, 738, 739, 740, 741, 742, 743, 744, 745, 746, 747, 748, 749, 750, 751, 752, 753, 754, 755, 756, 757, 758, 759, 760, 761, 762, 763, 764, 765, 766, 767, 768, 769, 770, 771, 772, 773, 774, 775, 776, 777, 778, 779, 780, 781, 782, 783, 784, 785, 786, 787, 788, 789, 790, 791, 792, 793, 795, 806, 847, 880, 903]",False,[],"[103, 104, 105, 106, 107, 108, 109, 110, 111, 112, 113, 114, 115, 116, 117, 118, 119, 120, 121, 122, 123, 124, 125, 126, 127, 128, 129, 130, 131, 132, 133, 134, 135, 136, 137, 138, 139, 140, 141, 142, 143, 144, 145, 146, 147, 148, 149, 150, 151, 152, 153, 154, 155, 156, 157, 158, 159, 160, 161, 162, 163, 164, 165, 166, 167, 168, 169, 170, 171, 172, 173, 174, 175, 176, 177, 178, 179, 180, 181, 182, 183, 184, 185, 186, 187, 188, 189, 190, 191, 192, 193, 194, 195, 196, 197, 198, 199, 200, 201, 202, 203, 204, 205, 206, 207, 208, 209, 210, 211, 212, 213, 214, 215, 216, 217, 218, 219, 220, 221, 222, 223, 224, 225, 226, 227, 228, 229, 230, 231, 232, 233, 234, 235, 236, 237, 238, 239, 240, 241, 242, 243, 244, 245, 246, 247, 248, 249, 250, 251, 252, 253, 254, 255, 256, 257, 258, 259, 260, 261, 262, 263, 264, 265, 266, 267, 268, 269, 270, 271, 272, 273, 274, 275, 276, 277, 278, 279, 280, 281, 282, 283, 284, 285, 286, 287, 288, 289, 290, 291, 292, 293, 294, 295, 296, 297, 298, 299, 300, 301, 302, 303, 304, 305, 306, 307, 308, 309, 310, 311, 312, 313, 314, 315, 316, 317, 318, 319, 320, 321, 322, 323, 324, 325, 326, 327, 328, 329, 330, 331, 332, 333, 334, 335, 336, 337, 574, 575, 576, 577, 578, 579, 580, 581, 582, 583, 584, 585, 586, 587, 588, 589, 590, 591, 592, 593, 594, 595, 596, 597, 598, 599, 600, 601, 602, 603, 604, 605, 606, 607, 608, 609, 610, 611, 612, 613, 614, 615, 616, 617, 618, 619, 620, 621, 622, 623, 624, 625, 626, 627, 628, 629, 630, 631, 632, 633, 634, 635, 636, 637, 638, 639, 640, 641, 642, 643, 644, 645, 646, 647, 648, 649, 650, 651, 652, 653, 654, 655, 656, 657, 658, 659, 660, 661, 662, 663, 664, 665, 666, 667, 668, 669, 670, 671, 672, 673, 674, 675, 676, 677, 678, 679, 680, 681, 682, 683, 684, 685, 686, 687, 688, 689, 690, 691, 692, 693, 694, 695, 696, 697, 698, 699, 700, 701, 702, 703, 704, 705, 706, 707, 708, 709, 710, 711, 712, 713, 714, 715, 716, 717, 718, 719, 720, 721, 722, 723, 724, 725, 726, 727, 728, 729, 730, 731, 732, 733, 734, 735, 736, 737, 738, 739, 740, 741, 742, 743, 744, 745, 746, 747, 748, 749, 750, 751, 752, 753, 754, 755, 756, 757, 758, 759, 760, 761, 762, 763, 764, 765, 766, 767, 768, 769, 770, 771, 772, 773, 774, 775, 776, 777, 778, 779, 780, 781, 782, 783, 784, 785, 786, 787, 788, 789, 790, 791, 792, 793]","[298, 339, 428, 757, 795, 880]","[92, 184, 351, 563, 655, 806]","[1, 13, 47, 53, 66, 103, 104, 106, 117, 118, 120, 127, 128, 129, 131, 133, 135, 136, 137, 139, 146, 147, 148, 149, 151, 158, 160, 162, 166, 173, 178, 179, 185, 190, 192, 198, 201, 203, 204, 206, 207, 212, 213, 214, 219, 223, 224, 225, 227, 230, 235, 237, 246, 247, 256, 259, 262, 263, 266, 268, 269, 271, 272, 278, 279, 284, 285, 288, 290, 292, 304, 312, 316, 319, 320, 323, 324, 332, 398, 487, 498, 527, 541, 574, 575, 588, 591, 607, 608, 610, 618, 619, 620, 622, 632, 644, 649, 650, 656, 661, 663, 669, 674, 677, 682, 683, 684, 687, 688, 689, 701, 710, 723, 730, 731, 738, 747, 751, 762, 774, 778, 789, 903]","[9, 10, 196, 397, 494, 495, 667, 847]",[],4/6 successful match,False,[265],True,799,False,,,,,
"E Stockton , 95215 Shane's & Dave's Truck Shop ( CFN )",2 209-547-0443 CA 99 Exit 252 A ( CA 99 SB Svc Rd ),) 24 HRS <U+2610> <U+2610>,Stockton,95215,Shane's & Dave's Truck Shop ( CFN ),209-547-0443,2008,Stockton,CA,,( CA 99 SB Svc Rd ),CA 99 Exit 252 A ,Exit,252,False,,False,CA 99,,,,,[],"[150, 621]","[114, 150, 327, 585, 621, 785]","[436, 439, 887, 890, 927]","[103, 104, 105, 106, 107, 108, 109, 110, 111, 112, 113, 114, 115, 116, 117, 118, 119, 120, 121, 122, 123, 124, 125, 126, 127, 128, 129, 130, 131, 132, 133, 134, 135, 136, 137, 138, 139, 140, 141, 142, 143, 144, 145, 146, 147, 148, 149, 150, 151, 152, 153, 154, 155, 156, 157, 158, 159, 160, 161, 162, 163, 164, 165, 166, 167, 168, 169, 170, 171, 172, 173, 174, 175, 176, 177, 178, 179, 180, 181, 182, 183, 184, 185, 186, 187, 188, 189, 190, 191, 192, 193, 194, 195, 196, 197, 198, 199, 200, 201, 202, 203, 204, 205, 206, 207, 208, 209, 210, 211, 212, 213, 214, 215, 216, 217, 218, 219, 220, 221, 222, 223, 224, 225, 226, 227, 228, 229, 230, 231, 232, 233, 234, 235, 236, 237, 238, 239, 240, 241, 242, 243, 244, 245, 246, 247, 248, 249, 250, 251, 252, 253, 254, 255, 256, 257, 258, 259, 260, 261, 262, 263, 264, 265, 266, 267, 268, 269, 270, 271, 272, 273, 274, 275, 276, 277, 278, 279, 280, 281, 282, 283, 284, 285, 286, 287, 288, 289, 290, 291, 292, 293, 294, 295, 296, 297, 298, 299, 300, 301, 302, 303, 304, 305, 306, 307, 308, 309, 310, 311, 312, 313, 314, 315, 316, 317, 318, 319, 320, 321, 322, 323, 324, 325, 326, 327, 328, 329, 330, 331, 332, 333, 334, 335, 336, 337, 574, 575, 576, 577, 578, 579, 580, 581, 582, 583, 584, 585, 586, 587, 588, 589, 590, 591, 592, 593, 594, 595, 596, 597, 598, 599, 600, 601, 602, 603, 604, 605, 606, 607, 608, 609, 610, 611, 612, 613, 614, 615, 616, 617, 618, 619, 620, 621, 622, 623, 624, 625, 626, 627, 628, 629, 630, 631, 632, 633, 634, 635, 636, 637, 638, 639, 640, 641, 642, 643, 644, 645, 646, 647, 648, 649, 650, 651, 652, 653, 654, 655, 656, 657, 658, 659, 660, 661, 662, 663, 664, 665, 666, 667, 668, 669, 670, 671, 672, 673, 674, 675, 676, 677, 678, 679, 680, 681, 682, 683, 684, 685, 686, 687, 688, 689, 690, 691, 692, 693, 694, 695, 696, 697, 698, 699, 700, 701, 702, 703, 704, 705, 706, 707, 708, 709, 710, 711, 712, 713, 714, 715, 716, 717, 718, 719, 720, 721, 722, 723, 724, 725, 726, 727, 728, 729, 730, 731, 732, 733, 734, 735, 736, 737, 738, 739, 740, 741, 742, 743, 744, 745, 746, 747, 748, 749, 750, 751, 752, 753, 754, 755, 756, 757, 758, 759, 760, 761, 762, 763, 764, 765, 766, 767, 768, 769, 770, 771, 772, 773, 774, 775, 776, 777, 778, 779, 780, 781, 782, 783, 784, 785, 786, 787, 788, 789, 790, 791, 792, 793]","[10, 75, 103, 104, 106, 117, 118, 120, 127, 128, 129, 131, 133, 135, 136, 137, 139, 146, 147, 148, 149, 151, 158, 160, 162, 166, 173, 178, 179, 185, 190, 192, 198, 201, 203, 204, 206, 207, 212, 213, 214, 219, 223, 224, 225, 227, 230, 235, 237, 246, 247, 256, 259, 262, 263, 266, 268, 269, 271, 272, 278, 279, 284, 285, 288, 290, 292, 304, 306, 312, 316, 319, 320, 323, 324, 329, 332, 335, 495, 549, 574, 575, 577, 588, 589, 591, 598, 599, 600, 602, 604, 606, 607, 608, 610, 617, 618, 619, 620, 622, 625, 630, 632, 634, 638, 644, 649, 650, 656, 661, 663, 669, 673, 674, 676, 677, 682, 683, 684, 687, 688, 689, 691, 694, 699, 701, 710, 718, 722, 723, 727, 728, 730, 731, 737, 738, 743, 744, 747, 749, 751, 762, 764, 770, 774, 777, 778, 781, 782, 789, 791]",[],"[12, 196, 264, 497, 667, 724]","[10, 12, 75, 103, 104, 105, 106, 107, 108, 109, 110, 111, 112, 113, 114, 115, 116, 117, 118, 119, 120, 121, 122, 123, 124, 125, 126, 127, 128, 129, 130, 131, 132, 133, 134, 135, 136, 137, 138, 139, 140, 141, 142, 143, 144, 145, 146, 147, 148, 149, 150, 151, 152, 153, 154, 155, 156, 157, 158, 159, 160, 161, 162, 163, 164, 165, 166, 167, 168, 169, 170, 171, 172, 173, 174, 175, 176, 177, 178, 179, 180, 181, 182, 183, 184, 185, 186, 187, 188, 189, 190, 191, 192, 193, 194, 195, 196, 197, 198, 199, 200, 201, 202, 203, 204, 205, 206, 207, 208, 209, 210, 211, 212, 213, 214, 215, 216, 217, 218, 219, 220, 221, 222, 223, 224, 225, 226, 227, 228, 229, 230, 231, 232, 233, 234, 235, 236, 237, 238, 239, 240, 241, 242, 243, 244, 245, 246, 247, 248, 249, 250, 251, 252, 253, 254, 255, 256, 257, 258, 259, 260, 261, 262, 263, 264, 265, 266, 267, 268, 269, 270, 271, 272, 273, 274, 275, 276, 277, 278, 279, 280, 281, 282, 283, 284, 285, 286, 287, 288, 289, 290, 291, 292, 293, 294, 295, 296, 297, 298, 299, 300, 301, 302, 303, 304, 305, 306, 307, 308, 309, 310, 311, 312, 313, 314, 315, 316, 317, 318, 319, 320, 321, 322, 323, 324, 325, 326, 327, 328, 329, 330, 331, 332, 333, 334, 335, 336, 337, 436, 439, 495, 497, 549, 574, 575, 576, 577, 578, 579, 580, 581, 582, 583, 584, 585, 586, 587, 588, 589, 590, 591, 592, 593, 594, 595, 596, 597, 598, 599, 600, 601, 602, 603, 604, 605, 606, 607, 608, 609, 610, 611, 612, 613, 614, 615, 616, 617, 618, 619, 620, 621, 622, 623, 624, 625, 626, 627, 628, 629, 630, 631, 632, 633, 634, 635, 636, 637, 638, 639, 640, 641, 642, 643, 644, 645, 646, 647, 648, 649, 650, 651, 652, 653, 654, 655, 656, 657, 658, 659, 660, 661, 662, 663, 664, 665, 666, 667, 668, 669, 670, 671, 672, 673, 674, 675, 676, 677, 678, 679, 680, 681, 682, 683, 684, 685, 686, 687, 688, 689, 690, 691, 692, 693, 694, 695, 696, 697, 698, 699, 700, 701, 702, 703, 704, 705, 706, 707, 708, 709, 710, 711, 712, 713, 714, 715, 716, 717, 718, 719, 720, 721, 722, 723, 724, 725, 726, 727, 728, 729, 730, 731, 732, 733, 734, 735, 736, 737, 738, 739, 740, 741, 742, 743, 744, 745, 746, 747, 748, 749, 750, 751, 752, 753, 754, 755, 756, 757, 758, 759, 760, 761, 762, 763, 764, 765, 766, 767, 768, 769, 770, 771, 772, 773, 774, 775, 776, 777, 778, 779, 780, 781, 782, 783, 784, 785, 786, 787, 788, 789, 790, 791, 792, 793, 887, 890, 927]",False,"[150, 621]","[103, 104, 105, 106, 107, 108, 109, 110, 111, 112, 113, 114, 115, 116, 117, 118, 119, 120, 121, 122, 123, 124, 125, 126, 127, 128, 129, 130, 131, 132, 133, 134, 135, 136, 137, 138, 139, 140, 141, 142, 143, 144, 145, 146, 147, 148, 149, 150, 151, 152, 153, 154, 155, 156, 157, 158, 159, 160, 161, 162, 163, 164, 165, 166, 167, 168, 169, 170, 171, 172, 173, 174, 175, 176, 177, 178, 179, 180, 181, 182, 183, 184, 185, 186, 187, 188, 189, 190, 191, 192, 193, 194, 195, 196, 197, 198, 199, 200, 201, 202, 203, 204, 205, 206, 207, 208, 209, 210, 211, 212, 213, 214, 215, 216, 217, 218, 219, 220, 221, 222, 223, 224, 225, 226, 227, 228, 229, 230, 231, 232, 233, 234, 235, 236, 237, 238, 239, 240, 241, 242, 243, 244, 245, 246, 247, 248, 249, 250, 251, 252, 253, 254, 255, 256, 257, 258, 259, 260, 261, 262, 263, 264, 265, 266, 267, 268, 269, 270, 271, 272, 273, 274, 275, 276, 277, 278, 279, 280, 281, 282, 283, 284, 285, 286, 287, 288, 289, 290, 291, 292, 293, 294, 295, 296, 297, 298, 299, 300, 301, 302, 303, 304, 305, 306, 307, 308, 309, 310, 311, 312, 313, 314, 315, 316, 317, 318, 319, 320, 321, 322, 323, 324, 325, 326, 327, 328, 329, 330, 331, 332, 333, 334, 335, 336, 337, 574, 575, 576, 577, 578, 579, 580, 581, 582, 583, 584, 585, 586, 587, 588, 589, 590, 591, 592, 593, 594, 595, 596, 597, 598, 599, 600, 601, 602, 603, 604, 605, 606, 607, 608, 609, 610, 611, 612, 613, 614, 615, 616, 617, 618, 619, 620, 621, 622, 623, 624, 625, 626, 627, 628, 629, 630, 631, 632, 633, 634, 635, 636, 637, 638, 639, 640, 641, 642, 643, 644, 645, 646, 647, 648, 649, 650, 651, 652, 653, 654, 655, 656, 657, 658, 659, 660, 661, 662, 663, 664, 665, 666, 667, 668, 669, 670, 671, 672, 673, 674, 675, 676, 677, 678, 679, 680, 681, 682, 683, 684, 685, 686, 687, 688, 689, 690, 691, 692, 693, 694, 695, 696, 697, 698, 699, 700, 701, 702, 703, 704, 705, 706, 707, 708, 709, 710, 711, 712, 713, 714, 715, 716, 717, 718, 719, 720, 721, 722, 723, 724, 725, 726, 727, 728, 729, 730, 731, 732, 733, 734, 735, 736, 737, 738, 739, 740, 741, 742, 743, 744, 745, 746, 747, 748, 749, 750, 751, 752, 753, 754, 755, 756, 757, 758, 759, 760, 761, 762, 763, 764, 765, 766, 767, 768, 769, 770, 771, 772, 773, 774, 775, 776, 777, 778, 779, 780, 781, 782, 783, 784, 785, 786, 787, 788, 789, 790, 791, 792, 793]","[114, 150, 327, 585, 621, 785]","[436, 439, 887, 890, 927]","[10, 75, 103, 104, 106, 117, 118, 120, 127, 128, 129, 131, 133, 135, 136, 137, 139, 146, 147, 148, 149, 151, 158, 160, 162, 166, 173, 178, 179, 185, 190, 192, 198, 201, 203, 204, 206, 207, 212, 213, 214, 219, 223, 224, 225, 227, 230, 235, 237, 246, 247, 256, 259, 262, 263, 266, 268, 269, 271, 272, 278, 279, 284, 285, 288, 290, 292, 304, 306, 312, 316, 319, 320, 323, 324, 329, 332, 335, 495, 549, 574, 575, 577, 588, 589, 591, 598, 599, 600, 602, 604, 606, 607, 608, 610, 617, 618, 619, 620, 622, 625, 630, 632, 634, 638, 644, 649, 650, 656, 661, 663, 669, 673, 674, 676, 677, 682, 683, 684, 687, 688, 689, 691, 694, 699, 701, 710, 718, 722, 723, 727, 728, 730, 731, 737, 738, 743, 744, 747, 749, 751, 762, 764, 770, 774, 777, 778, 781, 782, 789, 791]","[12, 196, 264, 497, 667, 724]",[],4/6 successful match,False,,False,800,False,,,,,
Lodi ( 95242 ) Love's Travel Stop # 538,209-333-9392 I-5 Exit 485 ( CA 12 E ),24 <U+2610> LO 1915,Lodi,95242,Love's Travel Stop # 538,209-333-9392,2016,Lodi,CA,Love's,( CA 12 E ),I-5 Exit 485 ,Exit,485,False,,False,I-5,,,,,"[680, 210]","[165, 210, 637, 680]","[105, 165, 210, 576, 637, 680]","[105, 165, 210, 275, 576, 637, 680, 734]","[103, 104, 105, 106, 107, 108, 109, 110, 111, 112, 113, 114, 115, 116, 117, 118, 119, 120, 121, 122, 123, 124, 125, 126, 127, 128, 129, 130, 131, 132, 133, 134, 135, 136, 137, 138, 139, 140, 141, 142, 143, 144, 145, 146, 147, 148, 149, 150, 151, 152, 153, 154, 155, 156, 157, 158, 159, 160, 161, 162, 163, 164, 165, 166, 167, 168, 169, 170, 171, 172, 173, 174, 175, 176, 177, 178, 179, 180, 181, 182, 183, 184, 185, 186, 187, 188, 189, 190, 191, 192, 193, 194, 195, 196, 197, 198, 199, 200, 201, 202, 203, 204, 205, 206, 207, 208, 209, 210, 211, 212, 213, 214, 215, 216, 217, 218, 219, 220, 221, 222, 223, 224, 225, 226, 227, 228, 229, 230, 231, 232, 233, 234, 235, 236, 237, 238, 239, 240, 241, 242, 243, 244, 245, 246, 247, 248, 249, 250, 251, 252, 253, 254, 255, 256, 257, 258, 259, 260, 261, 262, 263, 264, 265, 266, 267, 268, 269, 270, 271, 272, 273, 274, 275, 276, 277, 278, 279, 280, 281, 282, 283, 284, 285, 286, 287, 288, 289, 290, 291, 292, 293, 294, 295, 296, 297, 298, 299, 300, 301, 302, 303, 304, 305, 306, 307, 308, 309, 310, 311, 312, 313, 314, 315, 316, 317, 318, 319, 320, 321, 322, 323, 324, 325, 326, 327, 328, 329, 330, 331, 332, 333, 334, 335, 336, 337, 574, 575, 576, 577, 578, 579, 580, 581, 582, 583, 584, 585, 586, 587, 588, 589, 590, 591, 592, 593, 594, 595, 596, 597, 598, 599, 600, 601, 602, 603, 604, 605, 606, 607, 608, 609, 610, 611, 612, 613, 614, 615, 616, 617, 618, 619, 620, 621, 622, 623, 624, 625, 626, 627, 628, 629, 630, 631, 632, 633, 634, 635, 636, 637, 638, 639, 640, 641, 642, 643, 644, 645, 646, 647, 648, 649, 650, 651, 652, 653, 654, 655, 656, 657, 658, 659, 660, 661, 662, 663, 664, 665, 666, 667, 668, 669, 670, 671, 672, 673, 674, 675, 676, 677, 678, 679, 680, 681, 682, 683, 684, 685, 686, 687, 688, 689, 690, 691, 692, 693, 694, 695, 696, 697, 698, 699, 700, 701, 702, 703, 704, 705, 706, 707, 708, 709, 710, 711, 712, 713, 714, 715, 716, 717, 718, 719, 720, 721, 722, 723, 724, 725, 726, 727, 728, 729, 730, 731, 732, 733, 734, 735, 736, 737, 738, 739, 740, 741, 742, 743, 744, 745, 746, 747, 748, 749, 750, 751, 752, 753, 754, 755, 756, 757, 758, 759, 760, 761, 762, 763, 764, 765, 766, 767, 768, 769, 770, 771, 772, 773, 774, 775, 776, 777, 778, 779, 780, 781, 782, 783, 784, 785, 786, 787, 788, 789, 790, 791, 792, 793]","[105, 114, 138, 141, 152, 153, 154, 155, 157, 159, 164, 165, 176, 182, 191, 192, 194, 195, 196, 200, 204, 208, 209, 210, 211, 215, 226, 228, 241, 242, 243, 245, 248, 249, 250, 257, 261, 270, 271, 282, 287, 289, 291, 294, 296, 298, 306, 308, 309, 311, 314, 327, 333, 335, 337, 576, 585, 609, 612, 623, 624, 626, 627, 629, 631, 636, 637, 647, 653, 662, 663, 665, 666, 667, 671, 674, 678, 679, 680, 681, 690, 692, 705, 706, 707, 709, 711, 712, 713, 719, 721, 729, 730, 741, 746, 748, 750, 753, 755, 757, 764, 766, 767, 769, 772, 785, 791]","[34, 35, 36, 37, 38, 39, 40, 41, 42, 43, 44, 45, 46, 47, 48, 201, 202, 203, 204, 205, 206, 207, 208, 209, 210, 211, 212, 213, 214, 215, 216, 355, 356, 357, 358, 359, 360, 361, 429, 430, 431, 432, 433, 434, 435, 515, 516, 517, 518, 519, 520, 521, 522, 523, 524, 525, 526, 527, 672, 673, 674, 675, 676, 677, 678, 679, 680, 681, 682, 683, 684, 810, 811, 812, 813, 814, 881, 882, 883, 884, 885, 886]","[32, 33, 34, 35, 36, 37, 38, 39, 40, 41, 42, 43, 44, 45, 46, 47, 48, 201, 202, 203, 204, 205, 206, 207, 208, 209, 210, 211, 212, 213, 214, 215, 216, 355, 356, 357, 358, 359, 360, 361, 429, 430, 431, 432, 433, 434, 435, 515, 516, 517, 518, 519, 520, 521, 522, 523, 524, 525, 526, 527, 672, 673, 674, 675, 676, 677, 678, 679, 680, 681, 682, 683, 684, 810, 811, 812, 813, 814, 881, 882, 883, 884, 885, 886]","[32, 33, 34, 35, 36, 37, 38, 39, 40, 41, 42, 43, 44, 45, 46, 47, 48, 103, 104, 105, 106, 107, 108, 109, 110, 111, 112, 113, 114, 115, 116, 117, 118, 119, 120, 121, 122, 123, 124, 125, 126, 127, 128, 129, 130, 131, 132, 133, 134, 135, 136, 137, 138, 139, 140, 141, 142, 143, 144, 145, 146, 147, 148, 149, 150, 151, 152, 153, 154, 155, 156, 157, 158, 159, 160, 161, 162, 163, 164, 165, 166, 167, 168, 169, 170, 171, 172, 173, 174, 175, 176, 177, 178, 179, 180, 181, 182, 183, 184, 185, 186, 187, 188, 189, 190, 191, 192, 193, 194, 195, 196, 197, 198, 199, 200, 201, 202, 203, 204, 205, 206, 207, 208, 209, 210, 211, 212, 213, 214, 215, 216, 217, 218, 219, 220, 221, 222, 223, 224, 225, 226, 227, 228, 229, 230, 231, 232, 233, 234, 235, 236, 237, 238, 239, 240, 241, 242, 243, 244, 245, 246, 247, 248, 249, 250, 251, 252, 253, 254, 255, 256, 257, 258, 259, 260, 261, 262, 263, 264, 265, 266, 267, 268, 269, 270, 271, 272, 273, 274, 275, 276, 277, 278, 279, 280, 281, 282, 283, 284, 285, 286, 287, 288, 289, 290, 291, 292, 293, 294, 295, 296, 297, 298, 299, 300, 301, 302, 303, 304, 305, 306, 307, 308, 309, 310, 311, 312, 313, 314, 315, 316, 317, 318, 319, 320, 321, 322, 323, 324, 325, 326, 327, 328, 329, 330, 331, 332, 333, 334, 335, 336, 337, 355, 356, 357, 358, 359, 360, 361, 429, 430, 431, 432, 433, 434, 435, 515, 516, 517, 518, 519, 520, 521, 522, 523, 524, 525, 526, 527, 574, 575, 576, 577, 578, 579, 580, 581, 582, 583, 584, 585, 586, 587, 588, 589, 590, 591, 592, 593, 594, 595, 596, 597, 598, 599, 600, 601, 602, 603, 604, 605, 606, 607, 608, 609, 610, 611, 612, 613, 614, 615, 616, 617, 618, 619, 620, 621, 622, 623, 624, 625, 626, 627, 628, 629, 630, 631, 632, 633, 634, 635, 636, 637, 638, 639, 640, 641, 642, 643, 644, 645, 646, 647, 648, 649, 650, 651, 652, 653, 654, 655, 656, 657, 658, 659, 660, 661, 662, 663, 664, 665, 666, 667, 668, 669, 670, 671, 672, 673, 674, 675, 676, 677, 678, 679, 680, 681, 682, 683, 684, 685, 686, 687, 688, 689, 690, 691, 692, 693, 694, 695, 696, 697, 698, 699, 700, 701, 702, 703, 704, 705, 706, 707, 708, 709, 710, 711, 712, 713, 714, 715, 716, 717, 718, 719, 720, 721, 722, 723, 724, 725, 726, 727, 728, 729, 730, 731, 732, 733, 734, 735, 736, 737, 738, 739, 740, 741, 742, 743, 744, 745, 746, 747, 748, 749, 750, 751, 752, 753, 754, 755, 756, 757, 758, 759, 760, 761, 762, 763, 764, 765, 766, 767, 768, 769, 770, 771, 772, 773, 774, 775, 776, 777, 778, 779, 780, 781, 782, 783, 784, 785, 786, 787, 788, 789, 790, 791, 792, 793, 810, 811, 812, 813, 814, 881, 882, 883, 884, 885, 886]",True,"[165, 210, 637, 680]","[103, 104, 105, 106, 107, 108, 109, 110, 111, 112, 113, 114, 115, 116, 117, 118, 119, 120, 121, 122, 123, 124, 125, 126, 127, 128, 129, 130, 131, 132, 133, 134, 135, 136, 137, 138, 139, 140, 141, 142, 143, 144, 145, 146, 147, 148, 149, 150, 151, 152, 153, 154, 155, 156, 157, 158, 159, 160, 161, 162, 163, 164, 165, 166, 167, 168, 169, 170, 171, 172, 173, 174, 175, 176, 177, 178, 179, 180, 181, 182, 183, 184, 185, 186, 187, 188, 189, 190, 191, 192, 193, 194, 195, 196, 197, 198, 199, 200, 201, 202, 203, 204, 205, 206, 207, 208, 209, 210, 211, 212, 213, 214, 215, 216, 217, 218, 219, 220, 221, 222, 223, 224, 225, 226, 227, 228, 229, 230, 231, 232, 233, 234, 235, 236, 237, 238, 239, 240, 241, 242, 243, 244, 245, 246, 247, 248, 249, 250, 251, 252, 253, 254, 255, 256, 257, 258, 259, 260, 261, 262, 263, 264, 265, 266, 267, 268, 269, 270, 271, 272, 273, 274, 275, 276, 277, 278, 279, 280, 281, 282, 283, 284, 285, 286, 287, 288, 289, 290, 291, 292, 293, 294, 295, 296, 297, 298, 299, 300, 301, 302, 303, 304, 305, 306, 307, 308, 309, 310, 311, 312, 313, 314, 315, 316, 317, 318, 319, 320, 321, 322, 323, 324, 325, 326, 327, 328, 329, 330, 331, 332, 333, 334, 335, 336, 337, 574, 575, 576, 577, 578, 579, 580, 581, 582, 583, 584, 585, 586, 587, 588, 589, 590, 591, 592, 593, 594, 595, 596, 597, 598, 599, 600, 601, 602, 603, 604, 605, 606, 607, 608, 609, 610, 611, 612, 613, 614, 615, 616, 617, 618, 619, 620, 621, 622, 623, 624, 625, 626, 627, 628, 629, 630, 631, 632, 633, 634, 635, 636, 637, 638, 639, 640, 641, 642, 643, 644, 645, 646, 647, 648, 649, 650, 651, 652, 653, 654, 655, 656, 657, 658, 659, 660, 661, 662, 663, 664, 665, 666, 667, 668, 669, 670, 671, 672, 673, 674, 675, 676, 677, 678, 679, 680, 681, 682, 683, 684, 685, 686, 687, 688, 689, 690, 691, 692, 693, 694, 695, 696, 697, 698, 699, 700, 701, 702, 703, 704, 705, 706, 707, 708, 709, 710, 711, 712, 713, 714, 715, 716, 717, 718, 719, 720, 721, 722, 723, 724, 725, 726, 727, 728, 729, 730, 731, 732, 733, 734, 735, 736, 737, 738, 739, 740, 741, 742, 743, 744, 745, 746, 747, 748, 749, 750, 751, 752, 753, 754, 755, 756, 757, 758, 759, 760, 761, 762, 763, 764, 765, 766, 767, 768, 769, 770, 771, 772, 773, 774, 775, 776, 777, 778, 779, 780, 781, 782, 783, 784, 785, 786, 787, 788, 789, 790, 791, 792, 793]","[105, 165, 210, 576, 637, 680]","[105, 165, 210, 275, 576, 637, 680, 734]","[105, 114, 138, 141, 152, 153, 154, 155, 157, 159, 164, 165, 176, 182, 191, 192, 194, 195, 196, 200, 204, 208, 209, 210, 211, 215, 226, 228, 241, 242, 243, 245, 248, 249, 250, 257, 261, 270, 271, 282, 287, 289, 291, 294, 296, 298, 306, 308, 309, 311, 314, 327, 333, 335, 337, 576, 585, 609, 612, 623, 624, 626, 627, 629, 631, 636, 637, 647, 653, 662, 663, 665, 666, 667, 671, 674, 678, 679, 680, 681, 690, 692, 705, 706, 707, 709, 711, 712, 713, 719, 721, 729, 730, 741, 746, 748, 750, 753, 755, 757, 764, 766, 767, 769, 772, 785, 791]","[32, 33, 34, 35, 36, 37, 38, 39, 40, 41, 42, 43, 44, 45, 46, 47, 48, 201, 202, 203, 204, 205, 206, 207, 208, 209, 210, 211, 212, 213, 214, 215, 216, 355, 356, 357, 358, 359, 360, 361, 429, 430, 431, 432, 433, 434, 435, 515, 516, 517, 518, 519, 520, 521, 522, 523, 524, 525, 526, 527, 672, 673, 674, 675, 676, 677, 678, 679, 680, 681, 682, 683, 684, 810, 811, 812, 813, 814, 881, 882, 883, 884, 885, 886]","[34, 35, 36, 37, 38, 39, 40, 41, 42, 43, 44, 45, 46, 47, 48, 201, 202, 203, 204, 205, 206, 207, 208, 209, 210, 211, 212, 213, 214, 215, 216, 355, 356, 357, 358, 359, 360, 361, 429, 430, 431, 432, 433, 434, 435, 515, 516, 517, 518, 519, 520, 521, 522, 523, 524, 525, 526, 527, 672, 673, 674, 675, 676, 677, 678, 679, 680, 681, 682, 683, 684, 810, 811, 812, 813, 814, 881, 882, 883, 884, 885, 886]",7/6 successful match,True,"[716, 717]",True,801,False,,,,,
E Lathrop ( 95330 ) Fast Lane,209-234-4341 I-5 Exit 465 ( Roth Rd E ),24 <U+2610> <U+2610>,Lathrop,95330,Fast Lane,209-234-4341,2014,Lathrop,CA,,( Roth Rd E ),I-5 Exit 465 ,Exit,465,False,,False,I-5,,,,,"[154, 626]","[154, 157, 194, 626, 629, 665]","[154, 157, 194, 626, 629, 665]","[154, 157, 626, 629]","[103, 104, 105, 106, 107, 108, 109, 110, 111, 112, 113, 114, 115, 116, 117, 118, 119, 120, 121, 122, 123, 124, 125, 126, 127, 128, 129, 130, 131, 132, 133, 134, 135, 136, 137, 138, 139, 140, 141, 142, 143, 144, 145, 146, 147, 148, 149, 150, 151, 152, 153, 154, 155, 156, 157, 158, 159, 160, 161, 162, 163, 164, 165, 166, 167, 168, 169, 170, 171, 172, 173, 174, 175, 176, 177, 178, 179, 180, 181, 182, 183, 184, 185, 186, 187, 188, 189, 190, 191, 192, 193, 194, 195, 196, 197, 198, 199, 200, 201, 202, 203, 204, 205, 206, 207, 208, 209, 210, 211, 212, 213, 214, 215, 216, 217, 218, 219, 220, 221, 222, 223, 224, 225, 226, 227, 228, 229, 230, 231, 232, 233, 234, 235, 236, 237, 238, 239, 240, 241, 242, 243, 244, 245, 246, 247, 248, 249, 250, 251, 252, 253, 254, 255, 256, 257, 258, 259, 260, 261, 262, 263, 264, 265, 266, 267, 268, 269, 270, 271, 272, 273, 274, 275, 276, 277, 278, 279, 280, 281, 282, 283, 284, 285, 286, 287, 288, 289, 290, 291, 292, 293, 294, 295, 296, 297, 298, 299, 300, 301, 302, 303, 304, 305, 306, 307, 308, 309, 310, 311, 312, 313, 314, 315, 316, 317, 318, 319, 320, 321, 322, 323, 324, 325, 326, 327, 328, 329, 330, 331, 332, 333, 334, 335, 336, 337, 574, 575, 576, 577, 578, 579, 580, 581, 582, 583, 584, 585, 586, 587, 588, 589, 590, 591, 592, 593, 594, 595, 596, 597, 598, 599, 600, 601, 602, 603, 604, 605, 606, 607, 608, 609, 610, 611, 612, 613, 614, 615, 616, 617, 618, 619, 620, 621, 622, 623, 624, 625, 626, 627, 628, 629, 630, 631, 632, 633, 634, 635, 636, 637, 638, 639, 640, 641, 642, 643, 644, 645, 646, 647, 648, 649, 650, 651, 652, 653, 654, 655, 656, 657, 658, 659, 660, 661, 662, 663, 664, 665, 666, 667, 668, 669, 670, 671, 672, 673, 674, 675, 676, 677, 678, 679, 680, 681, 682, 683, 684, 685, 686, 687, 688, 689, 690, 691, 692, 693, 694, 695, 696, 697, 698, 699, 700, 701, 702, 703, 704, 705, 706, 707, 708, 709, 710, 711, 712, 713, 714, 715, 716, 717, 718, 719, 720, 721, 722, 723, 724, 725, 726, 727, 728, 729, 730, 731, 732, 733, 734, 735, 736, 737, 738, 739, 740, 741, 742, 743, 744, 745, 746, 747, 748, 749, 750, 751, 752, 753, 754, 755, 756, 757, 758, 759, 760, 761, 762, 763, 764, 765, 766, 767, 768, 769, 770, 771, 772, 773, 774, 775, 776, 777, 778, 779, 780, 781, 782, 783, 784, 785, 786, 787, 788, 789, 790, 791, 792, 793]","[105, 114, 138, 141, 152, 153, 154, 155, 157, 159, 164, 165, 176, 182, 191, 192, 194, 195, 196, 200, 204, 208, 209, 210, 211, 215, 226, 228, 241, 242, 243, 245, 248, 249, 250, 257, 261, 270, 271, 282, 287, 289, 291, 294, 296, 298, 306, 308, 309, 311, 314, 327, 333, 335, 337, 576, 585, 609, 612, 623, 624, 626, 627, 629, 631, 636, 637, 647, 653, 662, 663, 665, 666, 667, 671, 674, 678, 679, 680, 681, 690, 692, 705, 706, 707, 709, 711, 712, 713, 719, 721, 729, 730, 741, 746, 748, 750, 753, 755, 757, 764, 766, 767, 769, 772, 785, 791]",[],[],"[103, 104, 105, 106, 107, 108, 109, 110, 111, 112, 113, 114, 115, 116, 117, 118, 119, 120, 121, 122, 123, 124, 125, 126, 127, 128, 129, 130, 131, 132, 133, 134, 135, 136, 137, 138, 139, 140, 141, 142, 143, 144, 145, 146, 147, 148, 149, 150, 151, 152, 153, 154, 155, 156, 157, 158, 159, 160, 161, 162, 163, 164, 165, 166, 167, 168, 169, 170, 171, 172, 173, 174, 175, 176, 177, 178, 179, 180, 181, 182, 183, 184, 185, 186, 187, 188, 189, 190, 191, 192, 193, 194, 195, 196, 197, 198, 199, 200, 201, 202, 203, 204, 205, 206, 207, 208, 209, 210, 211, 212, 213, 214, 215, 216, 217, 218, 219, 220, 221, 222, 223, 224, 225, 226, 227, 228, 229, 230, 231, 232, 233, 234, 235, 236, 237, 238, 239, 240, 241, 242, 243, 244, 245, 246, 247, 248, 249, 250, 251, 252, 253, 254, 255, 256, 257, 258, 259, 260, 261, 262, 263, 264, 265, 266, 267, 268, 269, 270, 271, 272, 273, 274, 275, 276, 277, 278, 279, 280, 281, 282, 283, 284, 285, 286, 287, 288, 289, 290, 291, 292, 293, 294, 295, 296, 297, 298, 299, 300, 301, 302, 303, 304, 305, 306, 307, 308, 309, 310, 311, 312, 313, 314, 315, 316, 317, 318, 319, 320, 321, 322, 323, 324, 325, 326, 327, 328, 329, 330, 331, 332, 333, 334, 335, 336, 337, 574, 575, 576, 577, 578, 579, 580, 581, 582, 583, 584, 585, 586, 587, 588, 589, 590, 591, 592, 593, 594, 595, 596, 597, 598, 599, 600, 601, 602, 603, 604, 605, 606, 607, 608, 609, 610, 611, 612, 613, 614, 615, 616, 617, 618, 619, 620, 621, 622, 623, 624, 625, 626, 627, 628, 629, 630, 631, 632, 633, 634, 635, 636, 637, 638, 639, 640, 641, 642, 643, 644, 645, 646, 647, 648, 649, 650, 651, 652, 653, 654, 655, 656, 657, 658, 659, 660, 661, 662, 663, 664, 665, 666, 667, 668, 669, 670, 671, 672, 673, 674, 675, 676, 677, 678, 679, 680, 681, 682, 683, 684, 685, 686, 687, 688, 689, 690, 691, 692, 693, 694, 695, 696, 697, 698, 699, 700, 701, 702, 703, 704, 705, 706, 707, 708, 709, 710, 711, 712, 713, 714, 715, 716, 717, 718, 719, 720, 721, 722, 723, 724, 725, 726, 727, 728, 729, 730, 731, 732, 733, 734, 735, 736, 737, 738, 739, 740, 741, 742, 743, 744, 745, 746, 747, 748, 749, 750, 751, 752, 753, 754, 755, 756, 757, 758, 759, 760, 761, 762, 763, 764, 765, 766, 767, 768, 769, 770, 771, 772, 773, 774, 775, 776, 777, 778, 779, 780, 781, 782, 783, 784, 785, 786, 787, 788, 789, 790, 791, 792, 793]",True,"[154, 157, 194, 626, 629, 665]","[103, 104, 105, 106, 107, 108, 109, 110, 111, 112, 113, 114, 115, 116, 117, 118, 119, 120, 121, 122, 123, 124, 125, 126, 127, 128, 129, 130, 131, 132, 133, 134, 135, 136, 137, 138, 139, 140, 141, 142, 143, 144, 145, 146, 147, 148, 149, 150, 151, 152, 153, 154, 155, 156, 157, 158, 159, 160, 161, 162, 163, 164, 165, 166, 167, 168, 169, 170, 171, 172, 173, 174, 175, 176, 177, 178, 179, 180, 181, 182, 183, 184, 185, 186, 187, 188, 189, 190, 191, 192, 193, 194, 195, 196, 197, 198, 199, 200, 201, 202, 203, 204, 205, 206, 207, 208, 209, 210, 211, 212, 213, 214, 215, 216, 217, 218, 219, 220, 221, 222, 223, 224, 225, 226, 227, 228, 229, 230, 231, 232, 233, 234, 235, 236, 237, 238, 239, 240, 241, 242, 243, 244, 245, 246, 247, 248, 249, 250, 251, 252, 253, 254, 255, 256, 257, 258, 259, 260, 261, 262, 263, 264, 265, 266, 267, 268, 269, 270, 271, 272, 273, 274, 275, 276, 277, 278, 279, 280, 281, 282, 283, 284, 285, 286, 287, 288, 289, 290, 291, 292, 293, 294, 295, 296, 297, 298, 299, 300, 301, 302, 303, 304, 305, 306, 307, 308, 309, 310, 311, 312, 313, 314, 315, 316, 317, 318, 319, 320, 321, 322, 323, 324, 325, 326, 327, 328, 329, 330, 331, 332, 333, 334, 335, 336, 337, 574, 575, 576, 577, 578, 579, 580, 581, 582, 583, 584, 585, 586, 587, 588, 589, 590, 591, 592, 593, 594, 595, 596, 597, 598, 599, 600, 601, 602, 603, 604, 605, 606, 607, 608, 609, 610, 611, 612, 613, 614, 615, 616, 617, 618, 619, 620, 621, 622, 623, 624, 625, 626, 627, 628, 629, 630, 631, 632, 633, 634, 635, 636, 637, 638, 639, 640, 641, 642, 643, 644, 645, 646, 647, 648, 649, 650, 651, 652, 653, 654, 655, 656, 657, 658, 659, 660, 661, 662, 663, 664, 665, 666, 667, 668, 669, 670, 671, 672, 673, 674, 675, 676, 677, 678, 679, 680, 681, 682, 683, 684, 685, 686, 687, 688, 689, 690, 691, 692, 693, 694, 695, 696, 697, 698, 699, 700, 701, 702, 703, 704, 705, 706, 707, 708, 709, 710, 711, 712, 713, 714, 715, 716, 717, 718, 719, 720, 721, 722, 723, 724, 725, 726, 727, 728, 729, 730, 731, 732, 733, 734, 735, 736, 737, 738, 739, 740, 741, 742, 743, 744, 745, 746, 747, 748, 749, 750, 751, 752, 753, 754, 755, 756, 757, 758, 759, 760, 761, 762, 763, 764, 765, 766, 767, 768, 769, 770, 771, 772, 773, 774, 775, 776, 777, 778, 779, 780, 781, 782, 783, 784, 785, 786, 787, 788, 789, 790, 791, 792, 793]","[154, 157, 194, 626, 629, 665]","[154, 157, 626, 629]","[105, 114, 138, 141, 152, 153, 154, 155, 157, 159, 164, 165, 176, 182, 191, 192, 194, 195, 196, 200, 204, 208, 209, 210, 211, 215, 226, 228, 241, 242, 243, 245, 248, 249, 250, 257, 261, 270, 271, 282, 287, 289, 291, 294, 296, 298, 306, 308, 309, 311, 314, 327, 333, 335, 337, 576, 585, 609, 612, 623, 624, 626, 627, 629, 631, 636, 637, 647, 653, 662, 663, 665, 666, 667, 671, 674, 678, 679, 680, 681, 690, 692, 705, 706, 707, 709, 711, 712, 713, 719, 721, 729, 730, 741, 746, 748, 750, 753, 755, 757, 764, 766, 767, 769, 772, 785, 791]",[],[],7/6 successful match,True,[277],True,802,False,,,,,
E Lathrop ( 95330 ) Fast Lane,2 209-234-4341 I-5 Exit 465 ( Roth Rd E ),24 24 <U+2610>,Lathrop,95330,Fast Lane,209-234-4341,2015,Lathrop,CA,,( Roth Rd E ),I-5 Exit 465 ,Exit,465,False,,False,I-5,,,,,"[154, 626]","[154, 157, 194, 626, 629, 665]","[154, 157, 194, 626, 629, 665]","[154, 157, 626, 629]","[103, 104, 105, 106, 107, 108, 109, 110, 111, 112, 113, 114, 115, 116, 117, 118, 119, 120, 121, 122, 123, 124, 125, 126, 127, 128, 129, 130, 131, 132, 133, 134, 135, 136, 137, 138, 139, 140, 141, 142, 143, 144, 145, 146, 147, 148, 149, 150, 151, 152, 153, 154, 155, 156, 157, 158, 159, 160, 161, 162, 163, 164, 165, 166, 167, 168, 169, 170, 171, 172, 173, 174, 175, 176, 177, 178, 179, 180, 181, 182, 183, 184, 185, 186, 187, 188, 189, 190, 191, 192, 193, 194, 195, 196, 197, 198, 199, 200, 201, 202, 203, 204, 205, 206, 207, 208, 209, 210, 211, 212, 213, 214, 215, 216, 217, 218, 219, 220, 221, 222, 223, 224, 225, 226, 227, 228, 229, 230, 231, 232, 233, 234, 235, 236, 237, 238, 239, 240, 241, 242, 243, 244, 245, 246, 247, 248, 249, 250, 251, 252, 253, 254, 255, 256, 257, 258, 259, 260, 261, 262, 263, 264, 265, 266, 267, 268, 269, 270, 271, 272, 273, 274, 275, 276, 277, 278, 279, 280, 281, 282, 283, 284, 285, 286, 287, 288, 289, 290, 291, 292, 293, 294, 295, 296, 297, 298, 299, 300, 301, 302, 303, 304, 305, 306, 307, 308, 309, 310, 311, 312, 313, 314, 315, 316, 317, 318, 319, 320, 321, 322, 323, 324, 325, 326, 327, 328, 329, 330, 331, 332, 333, 334, 335, 336, 337, 574, 575, 576, 577, 578, 579, 580, 581, 582, 583, 584, 585, 586, 587, 588, 589, 590, 591, 592, 593, 594, 595, 596, 597, 598, 599, 600, 601, 602, 603, 604, 605, 606, 607, 608, 609, 610, 611, 612, 613, 614, 615, 616, 617, 618, 619, 620, 621, 622, 623, 624, 625, 626, 627, 628, 629, 630, 631, 632, 633, 634, 635, 636, 637, 638, 639, 640, 641, 642, 643, 644, 645, 646, 647, 648, 649, 650, 651, 652, 653, 654, 655, 656, 657, 658, 659, 660, 661, 662, 663, 664, 665, 666, 667, 668, 669, 670, 671, 672, 673, 674, 675, 676, 677, 678, 679, 680, 681, 682, 683, 684, 685, 686, 687, 688, 689, 690, 691, 692, 693, 694, 695, 696, 697, 698, 699, 700, 701, 702, 703, 704, 705, 706, 707, 708, 709, 710, 711, 712, 713, 714, 715, 716, 717, 718, 719, 720, 721, 722, 723, 724, 725, 726, 727, 728, 729, 730, 731, 732, 733, 734, 735, 736, 737, 738, 739, 740, 741, 742, 743, 744, 745, 746, 747, 748, 749, 750, 751, 752, 753, 754, 755, 756, 757, 758, 759, 760, 761, 762, 763, 764, 765, 766, 767, 768, 769, 770, 771, 772, 773, 774, 775, 776, 777, 778, 779, 780, 781, 782, 783, 784, 785, 786, 787, 788, 789, 790, 791, 792, 793]","[105, 114, 138, 141, 152, 153, 154, 155, 157, 159, 164, 165, 176, 182, 191, 192, 194, 195, 196, 200, 204, 208, 209, 210, 211, 215, 226, 228, 241, 242, 243, 245, 248, 249, 250, 257, 261, 270, 271, 282, 287, 289, 291, 294, 296, 298, 306, 308, 309, 311, 314, 327, 333, 335, 337, 576, 585, 609, 612, 623, 624, 626, 627, 629, 631, 636, 637, 647, 653, 662, 663, 665, 666, 667, 671, 674, 678, 679, 680, 681, 690, 692, 705, 706, 707, 709, 711, 712, 713, 719, 721, 729, 730, 741, 746, 748, 750, 753, 755, 757, 764, 766, 767, 769, 772, 785, 791]",[],[],"[103, 104, 105, 106, 107, 108, 109, 110, 111, 112, 113, 114, 115, 116, 117, 118, 119, 120, 121, 122, 123, 124, 125, 126, 127, 128, 129, 130, 131, 132, 133, 134, 135, 136, 137, 138, 139, 140, 141, 142, 143, 144, 145, 146, 147, 148, 149, 150, 151, 152, 153, 154, 155, 156, 157, 158, 159, 160, 161, 162, 163, 164, 165, 166, 167, 168, 169, 170, 171, 172, 173, 174, 175, 176, 177, 178, 179, 180, 181, 182, 183, 184, 185, 186, 187, 188, 189, 190, 191, 192, 193, 194, 195, 196, 197, 198, 199, 200, 201, 202, 203, 204, 205, 206, 207, 208, 209, 210, 211, 212, 213, 214, 215, 216, 217, 218, 219, 220, 221, 222, 223, 224, 225, 226, 227, 228, 229, 230, 231, 232, 233, 234, 235, 236, 237, 238, 239, 240, 241, 242, 243, 244, 245, 246, 247, 248, 249, 250, 251, 252, 253, 254, 255, 256, 257, 258, 259, 260, 261, 262, 263, 264, 265, 266, 267, 268, 269, 270, 271, 272, 273, 274, 275, 276, 277, 278, 279, 280, 281, 282, 283, 284, 285, 286, 287, 288, 289, 290, 291, 292, 293, 294, 295, 296, 297, 298, 299, 300, 301, 302, 303, 304, 305, 306, 307, 308, 309, 310, 311, 312, 313, 314, 315, 316, 317, 318, 319, 320, 321, 322, 323, 324, 325, 326, 327, 328, 329, 330, 331, 332, 333, 334, 335, 336, 337, 574, 575, 576, 577, 578, 579, 580, 581, 582, 583, 584, 585, 586, 587, 588, 589, 590, 591, 592, 593, 594, 595, 596, 597, 598, 599, 600, 601, 602, 603, 604, 605, 606, 607, 608, 609, 610, 611, 612, 613, 614, 615, 616, 617, 618, 619, 620, 621, 622, 623, 624, 625, 626, 627, 628, 629, 630, 631, 632, 633, 634, 635, 636, 637, 638, 639, 640, 641, 642, 643, 644, 645, 646, 647, 648, 649, 650, 651, 652, 653, 654, 655, 656, 657, 658, 659, 660, 661, 662, 663, 664, 665, 666, 667, 668, 669, 670, 671, 672, 673, 674, 675, 676, 677, 678, 679, 680, 681, 682, 683, 684, 685, 686, 687, 688, 689, 690, 691, 692, 693, 694, 695, 696, 697, 698, 699, 700, 701, 702, 703, 704, 705, 706, 707, 708, 709, 710, 711, 712, 713, 714, 715, 716, 717, 718, 719, 720, 721, 722, 723, 724, 725, 726, 727, 728, 729, 730, 731, 732, 733, 734, 735, 736, 737, 738, 739, 740, 741, 742, 743, 744, 745, 746, 747, 748, 749, 750, 751, 752, 753, 754, 755, 756, 757, 758, 759, 760, 761, 762, 763, 764, 765, 766, 767, 768, 769, 770, 771, 772, 773, 774, 775, 776, 777, 778, 779, 780, 781, 782, 783, 784, 785, 786, 787, 788, 789, 790, 791, 792, 793]",True,"[154, 157, 194, 626, 629, 665]","[103, 104, 105, 106, 107, 108, 109, 110, 111, 112, 113, 114, 115, 116, 117, 118, 119, 120, 121, 122, 123, 124, 125, 126, 127, 128, 129, 130, 131, 132, 133, 134, 135, 136, 137, 138, 139, 140, 141, 142, 143, 144, 145, 146, 147, 148, 149, 150, 151, 152, 153, 154, 155, 156, 157, 158, 159, 160, 161, 162, 163, 164, 165, 166, 167, 168, 169, 170, 171, 172, 173, 174, 175, 176, 177, 178, 179, 180, 181, 182, 183, 184, 185, 186, 187, 188, 189, 190, 191, 192, 193, 194, 195, 196, 197, 198, 199, 200, 201, 202, 203, 204, 205, 206, 207, 208, 209, 210, 211, 212, 213, 214, 215, 216, 217, 218, 219, 220, 221, 222, 223, 224, 225, 226, 227, 228, 229, 230, 231, 232, 233, 234, 235, 236, 237, 238, 239, 240, 241, 242, 243, 244, 245, 246, 247, 248, 249, 250, 251, 252, 253, 254, 255, 256, 257, 258, 259, 260, 261, 262, 263, 264, 265, 266, 267, 268, 269, 270, 271, 272, 273, 274, 275, 276, 277, 278, 279, 280, 281, 282, 283, 284, 285, 286, 287, 288, 289, 290, 291, 292, 293, 294, 295, 296, 297, 298, 299, 300, 301, 302, 303, 304, 305, 306, 307, 308, 309, 310, 311, 312, 313, 314, 315, 316, 317, 318, 319, 320, 321, 322, 323, 324, 325, 326, 327, 328, 329, 330, 331, 332, 333, 334, 335, 336, 337, 574, 575, 576, 577, 578, 579, 580, 581, 582, 583, 584, 585, 586, 587, 588, 589, 590, 591, 592, 593, 594, 595, 596, 597, 598, 599, 600, 601, 602, 603, 604, 605, 606, 607, 608, 609, 610, 611, 612, 613, 614, 615, 616, 617, 618, 619, 620, 621, 622, 623, 624, 625, 626, 627, 628, 629, 630, 631, 632, 633, 634, 635, 636, 637, 638, 639, 640, 641, 642, 643, 644, 645, 646, 647, 648, 649, 650, 651, 652, 653, 654, 655, 656, 657, 658, 659, 660, 661, 662, 663, 664, 665, 666, 667, 668, 669, 670, 671, 672, 673, 674, 675, 676, 677, 678, 679, 680, 681, 682, 683, 684, 685, 686, 687, 688, 689, 690, 691, 692, 693, 694, 695, 696, 697, 698, 699, 700, 701, 702, 703, 704, 705, 706, 707, 708, 709, 710, 711, 712, 713, 714, 715, 716, 717, 718, 719, 720, 721, 722, 723, 724, 725, 726, 727, 728, 729, 730, 731, 732, 733, 734, 735, 736, 737, 738, 739, 740, 741, 742, 743, 744, 745, 746, 747, 748, 749, 750, 751, 752, 753, 754, 755, 756, 757, 758, 759, 760, 761, 762, 763, 764, 765, 766, 767, 768, 769, 770, 771, 772, 773, 774, 775, 776, 777, 778, 779, 780, 781, 782, 783, 784, 785, 786, 787, 788, 789, 790, 791, 792, 793]","[154, 157, 194, 626, 629, 665]","[154, 157, 626, 629]","[105, 114, 138, 141, 152, 153, 154, 155, 157, 159, 164, 165, 176, 182, 191, 192, 194, 195, 196, 200, 204, 208, 209, 210, 211, 215, 226, 228, 241, 242, 243, 245, 248, 249, 250, 257, 261, 270, 271, 282, 287, 289, 291, 294, 296, 298, 306, 308, 309, 311, 314, 327, 333, 335, 337, 576, 585, 609, 612, 623, 624, 626, 627, 629, 631, 636, 637, 647, 653, 662, 663, 665, 666, 667, 671, 674, 678, 679, 680, 681, 690, 692, 705, 706, 707, 709, 711, 712, 713, 719, 721, 729, 730, 741, 746, 748, 750, 753, 755, 757, 764, 766, 767, 769, 772, 785, 791]",[],[],7/6 successful match,True,[277],True,802,False,,1.0,True,Fast Lane,
Lathrop ( 95330 ) Fast Lane,209-234-4341 I-5 Exit 465 ( Roth Rd E ),24 <U+2610>,Lathrop,95330,Fast Lane,209-234-4341,2016,Lathrop,CA,,( Roth Rd E ),I-5 Exit 465 ,Exit,465,False,,False,I-5,,,,,"[154, 626]","[154, 157, 194, 626, 629, 665]","[154, 157, 194, 626, 629, 665]","[154, 157, 626, 629]","[103, 104, 105, 106, 107, 108, 109, 110, 111, 112, 113, 114, 115, 116, 117, 118, 119, 120, 121, 122, 123, 124, 125, 126, 127, 128, 129, 130, 131, 132, 133, 134, 135, 136, 137, 138, 139, 140, 141, 142, 143, 144, 145, 146, 147, 148, 149, 150, 151, 152, 153, 154, 155, 156, 157, 158, 159, 160, 161, 162, 163, 164, 165, 166, 167, 168, 169, 170, 171, 172, 173, 174, 175, 176, 177, 178, 179, 180, 181, 182, 183, 184, 185, 186, 187, 188, 189, 190, 191, 192, 193, 194, 195, 196, 197, 198, 199, 200, 201, 202, 203, 204, 205, 206, 207, 208, 209, 210, 211, 212, 213, 214, 215, 216, 217, 218, 219, 220, 221, 222, 223, 224, 225, 226, 227, 228, 229, 230, 231, 232, 233, 234, 235, 236, 237, 238, 239, 240, 241, 242, 243, 244, 245, 246, 247, 248, 249, 250, 251, 252, 253, 254, 255, 256, 257, 258, 259, 260, 261, 262, 263, 264, 265, 266, 267, 268, 269, 270, 271, 272, 273, 274, 275, 276, 277, 278, 279, 280, 281, 282, 283, 284, 285, 286, 287, 288, 289, 290, 291, 292, 293, 294, 295, 296, 297, 298, 299, 300, 301, 302, 303, 304, 305, 306, 307, 308, 309, 310, 311, 312, 313, 314, 315, 316, 317, 318, 319, 320, 321, 322, 323, 324, 325, 326, 327, 328, 329, 330, 331, 332, 333, 334, 335, 336, 337, 574, 575, 576, 577, 578, 579, 580, 581, 582, 583, 584, 585, 586, 587, 588, 589, 590, 591, 592, 593, 594, 595, 596, 597, 598, 599, 600, 601, 602, 603, 604, 605, 606, 607, 608, 609, 610, 611, 612, 613, 614, 615, 616, 617, 618, 619, 620, 621, 622, 623, 624, 625, 626, 627, 628, 629, 630, 631, 632, 633, 634, 635, 636, 637, 638, 639, 640, 641, 642, 643, 644, 645, 646, 647, 648, 649, 650, 651, 652, 653, 654, 655, 656, 657, 658, 659, 660, 661, 662, 663, 664, 665, 666, 667, 668, 669, 670, 671, 672, 673, 674, 675, 676, 677, 678, 679, 680, 681, 682, 683, 684, 685, 686, 687, 688, 689, 690, 691, 692, 693, 694, 695, 696, 697, 698, 699, 700, 701, 702, 703, 704, 705, 706, 707, 708, 709, 710, 711, 712, 713, 714, 715, 716, 717, 718, 719, 720, 721, 722, 723, 724, 725, 726, 727, 728, 729, 730, 731, 732, 733, 734, 735, 736, 737, 738, 739, 740, 741, 742, 743, 744, 745, 746, 747, 748, 749, 750, 751, 752, 753, 754, 755, 756, 757, 758, 759, 760, 761, 762, 763, 764, 765, 766, 767, 768, 769, 770, 771, 772, 773, 774, 775, 776, 777, 778, 779, 780, 781, 782, 783, 784, 785, 786, 787, 788, 789, 790, 791, 792, 793]","[105, 114, 138, 141, 152, 153, 154, 155, 157, 159, 164, 165, 176, 182, 191, 192, 194, 195, 196, 200, 204, 208, 209, 210, 211, 215, 226, 228, 241, 242, 243, 245, 248, 249, 250, 257, 261, 270, 271, 282, 287, 289, 291, 294, 296, 298, 306, 308, 309, 311, 314, 327, 333, 335, 337, 576, 585, 609, 612, 623, 624, 626, 627, 629, 631, 636, 637, 647, 653, 662, 663, 665, 666, 667, 671, 674, 678, 679, 680, 681, 690, 692, 705, 706, 707, 709, 711, 712, 713, 719, 721, 729, 730, 741, 746, 748, 750, 753, 755, 757, 764, 766, 767, 769, 772, 785, 791]",[],[],"[103, 104, 105, 106, 107, 108, 109, 110, 111, 112, 113, 114, 115, 116, 117, 118, 119, 120, 121, 122, 123, 124, 125, 126, 127, 128, 129, 130, 131, 132, 133, 134, 135, 136, 137, 138, 139, 140, 141, 142, 143, 144, 145, 146, 147, 148, 149, 150, 151, 152, 153, 154, 155, 156, 157, 158, 159, 160, 161, 162, 163, 164, 165, 166, 167, 168, 169, 170, 171, 172, 173, 174, 175, 176, 177, 178, 179, 180, 181, 182, 183, 184, 185, 186, 187, 188, 189, 190, 191, 192, 193, 194, 195, 196, 197, 198, 199, 200, 201, 202, 203, 204, 205, 206, 207, 208, 209, 210, 211, 212, 213, 214, 215, 216, 217, 218, 219, 220, 221, 222, 223, 224, 225, 226, 227, 228, 229, 230, 231, 232, 233, 234, 235, 236, 237, 238, 239, 240, 241, 242, 243, 244, 245, 246, 247, 248, 249, 250, 251, 252, 253, 254, 255, 256, 257, 258, 259, 260, 261, 262, 263, 264, 265, 266, 267, 268, 269, 270, 271, 272, 273, 274, 275, 276, 277, 278, 279, 280, 281, 282, 283, 284, 285, 286, 287, 288, 289, 290, 291, 292, 293, 294, 295, 296, 297, 298, 299, 300, 301, 302, 303, 304, 305, 306, 307, 308, 309, 310, 311, 312, 313, 314, 315, 316, 317, 318, 319, 320, 321, 322, 323, 324, 325, 326, 327, 328, 329, 330, 331, 332, 333, 334, 335, 336, 337, 574, 575, 576, 577, 578, 579, 580, 581, 582, 583, 584, 585, 586, 587, 588, 589, 590, 591, 592, 593, 594, 595, 596, 597, 598, 599, 600, 601, 602, 603, 604, 605, 606, 607, 608, 609, 610, 611, 612, 613, 614, 615, 616, 617, 618, 619, 620, 621, 622, 623, 624, 625, 626, 627, 628, 629, 630, 631, 632, 633, 634, 635, 636, 637, 638, 639, 640, 641, 642, 643, 644, 645, 646, 647, 648, 649, 650, 651, 652, 653, 654, 655, 656, 657, 658, 659, 660, 661, 662, 663, 664, 665, 666, 667, 668, 669, 670, 671, 672, 673, 674, 675, 676, 677, 678, 679, 680, 681, 682, 683, 684, 685, 686, 687, 688, 689, 690, 691, 692, 693, 694, 695, 696, 697, 698, 699, 700, 701, 702, 703, 704, 705, 706, 707, 708, 709, 710, 711, 712, 713, 714, 715, 716, 717, 718, 719, 720, 721, 722, 723, 724, 725, 726, 727, 728, 729, 730, 731, 732, 733, 734, 735, 736, 737, 738, 739, 740, 741, 742, 743, 744, 745, 746, 747, 748, 749, 750, 751, 752, 753, 754, 755, 756, 757, 758, 759, 760, 761, 762, 763, 764, 765, 766, 767, 768, 769, 770, 771, 772, 773, 774, 775, 776, 777, 778, 779, 780, 781, 782, 783, 784, 785, 786, 787, 788, 789, 790, 791, 792, 793]",True,"[154, 157, 194, 626, 629, 665]","[103, 104, 105, 106, 107, 108, 109, 110, 111, 112, 113, 114, 115, 116, 117, 118, 119, 120, 121, 122, 123, 124, 125, 126, 127, 128, 129, 130, 131, 132, 133, 134, 135, 136, 137, 138, 139, 140, 141, 142, 143, 144, 145, 146, 147, 148, 149, 150, 151, 152, 153, 154, 155, 156, 157, 158, 159, 160, 161, 162, 163, 164, 165, 166, 167, 168, 169, 170, 171, 172, 173, 174, 175, 176, 177, 178, 179, 180, 181, 182, 183, 184, 185, 186, 187, 188, 189, 190, 191, 192, 193, 194, 195, 196, 197, 198, 199, 200, 201, 202, 203, 204, 205, 206, 207, 208, 209, 210, 211, 212, 213, 214, 215, 216, 217, 218, 219, 220, 221, 222, 223, 224, 225, 226, 227, 228, 229, 230, 231, 232, 233, 234, 235, 236, 237, 238, 239, 240, 241, 242, 243, 244, 245, 246, 247, 248, 249, 250, 251, 252, 253, 254, 255, 256, 257, 258, 259, 260, 261, 262, 263, 264, 265, 266, 267, 268, 269, 270, 271, 272, 273, 274, 275, 276, 277, 278, 279, 280, 281, 282, 283, 284, 285, 286, 287, 288, 289, 290, 291, 292, 293, 294, 295, 296, 297, 298, 299, 300, 301, 302, 303, 304, 305, 306, 307, 308, 309, 310, 311, 312, 313, 314, 315, 316, 317, 318, 319, 320, 321, 322, 323, 324, 325, 326, 327, 328, 329, 330, 331, 332, 333, 334, 335, 336, 337, 574, 575, 576, 577, 578, 579, 580, 581, 582, 583, 584, 585, 586, 587, 588, 589, 590, 591, 592, 593, 594, 595, 596, 597, 598, 599, 600, 601, 602, 603, 604, 605, 606, 607, 608, 609, 610, 611, 612, 613, 614, 615, 616, 617, 618, 619, 620, 621, 622, 623, 624, 625, 626, 627, 628, 629, 630, 631, 632, 633, 634, 635, 636, 637, 638, 639, 640, 641, 642, 643, 644, 645, 646, 647, 648, 649, 650, 651, 652, 653, 654, 655, 656, 657, 658, 659, 660, 661, 662, 663, 664, 665, 666, 667, 668, 669, 670, 671, 672, 673, 674, 675, 676, 677, 678, 679, 680, 681, 682, 683, 684, 685, 686, 687, 688, 689, 690, 691, 692, 693, 694, 695, 696, 697, 698, 699, 700, 701, 702, 703, 704, 705, 706, 707, 708, 709, 710, 711, 712, 713, 714, 715, 716, 717, 718, 719, 720, 721, 722, 723, 724, 725, 726, 727, 728, 729, 730, 731, 732, 733, 734, 735, 736, 737, 738, 739, 740, 741, 742, 743, 744, 745, 746, 747, 748, 749, 750, 751, 752, 753, 754, 755, 756, 757, 758, 759, 760, 761, 762, 763, 764, 765, 766, 767, 768, 769, 770, 771, 772, 773, 774, 775, 776, 777, 778, 779, 780, 781, 782, 783, 784, 785, 786, 787, 788, 789, 790, 791, 792, 793]","[154, 157, 194, 626, 629, 665]","[154, 157, 626, 629]","[105, 114, 138, 141, 152, 153, 154, 155, 157, 159, 164, 165, 176, 182, 191, 192, 194, 195, 196, 200, 204, 208, 209, 210, 211, 215, 226, 228, 241, 242, 243, 245, 248, 249, 250, 257, 261, 270, 271, 282, 287, 289, 291, 294, 296, 298, 306, 308, 309, 311, 314, 327, 333, 335, 337, 576, 585, 609, 612, 623, 624, 626, 627, 629, 631, 636, 637, 647, 653, 662, 663, 665, 666, 667, 671, 674, 678, 679, 680, 681, 690, 692, 705, 706, 707, 709, 711, 712, 713, 719, 721, 729, 730, 741, 746, 748, 750, 753, 755, 757, 764, 766, 767, 769, 772, 785, 791]",[],[],7/6 successful match,True,[277],True,802,False,,1.0,True,Fast Lane,
"LeGrand , 95333 Stop - Stop N Go",559-665-0456 Merced CA 99 MM Truck 174 ( Harvey Pettit ),M D,LeGrand,95333,Stop - Stop N Go,559-665-0456,2006,Le Grand,CA,,( Harvey Pettit ),Merced CA 99 MM Truck 174,empty,,False,,False,CA 99,,,,,[],"[224, 688]","[224, 688]",[],"[103, 104, 105, 106, 107, 108, 109, 110, 111, 112, 113, 114, 115, 116, 117, 118, 119, 120, 121, 122, 123, 124, 125, 126, 127, 128, 129, 130, 131, 132, 133, 134, 135, 136, 137, 138, 139, 140, 141, 142, 143, 144, 145, 146, 147, 148, 149, 150, 151, 152, 153, 154, 155, 156, 157, 158, 159, 160, 161, 162, 163, 164, 165, 166, 167, 168, 169, 170, 171, 172, 173, 174, 175, 176, 177, 178, 179, 180, 181, 182, 183, 184, 185, 186, 187, 188, 189, 190, 191, 192, 193, 194, 195, 196, 197, 198, 199, 200, 201, 202, 203, 204, 205, 206, 207, 208, 209, 210, 211, 212, 213, 214, 215, 216, 217, 218, 219, 220, 221, 222, 223, 224, 225, 226, 227, 228, 229, 230, 231, 232, 233, 234, 235, 236, 237, 238, 239, 240, 241, 242, 243, 244, 245, 246, 247, 248, 249, 250, 251, 252, 253, 254, 255, 256, 257, 258, 259, 260, 261, 262, 263, 264, 265, 266, 267, 268, 269, 270, 271, 272, 273, 274, 275, 276, 277, 278, 279, 280, 281, 282, 283, 284, 285, 286, 287, 288, 289, 290, 291, 292, 293, 294, 295, 296, 297, 298, 299, 300, 301, 302, 303, 304, 305, 306, 307, 308, 309, 310, 311, 312, 313, 314, 315, 316, 317, 318, 319, 320, 321, 322, 323, 324, 325, 326, 327, 328, 329, 330, 331, 332, 333, 334, 335, 336, 337, 574, 575, 576, 577, 578, 579, 580, 581, 582, 583, 584, 585, 586, 587, 588, 589, 590, 591, 592, 593, 594, 595, 596, 597, 598, 599, 600, 601, 602, 603, 604, 605, 606, 607, 608, 609, 610, 611, 612, 613, 614, 615, 616, 617, 618, 619, 620, 621, 622, 623, 624, 625, 626, 627, 628, 629, 630, 631, 632, 633, 634, 635, 636, 637, 638, 639, 640, 641, 642, 643, 644, 645, 646, 647, 648, 649, 650, 651, 652, 653, 654, 655, 656, 657, 658, 659, 660, 661, 662, 663, 664, 665, 666, 667, 668, 669, 670, 671, 672, 673, 674, 675, 676, 677, 678, 679, 680, 681, 682, 683, 684, 685, 686, 687, 688, 689, 690, 691, 692, 693, 694, 695, 696, 697, 698, 699, 700, 701, 702, 703, 704, 705, 706, 707, 708, 709, 710, 711, 712, 713, 714, 715, 716, 717, 718, 719, 720, 721, 722, 723, 724, 725, 726, 727, 728, 729, 730, 731, 732, 733, 734, 735, 736, 737, 738, 739, 740, 741, 742, 743, 744, 745, 746, 747, 748, 749, 750, 751, 752, 753, 754, 755, 756, 757, 758, 759, 760, 761, 762, 763, 764, 765, 766, 767, 768, 769, 770, 771, 772, 773, 774, 775, 776, 777, 778, 779, 780, 781, 782, 783, 784, 785, 786, 787, 788, 789, 790, 791, 792, 793]","[10, 75, 103, 104, 106, 117, 118, 120, 127, 128, 129, 131, 133, 135, 136, 137, 139, 146, 147, 148, 149, 151, 158, 160, 162, 166, 173, 178, 179, 185, 190, 192, 198, 201, 203, 204, 206, 207, 212, 213, 214, 219, 223, 224, 225, 227, 230, 235, 237, 246, 247, 256, 259, 262, 263, 266, 268, 269, 271, 272, 278, 279, 284, 285, 288, 290, 292, 304, 306, 312, 316, 319, 320, 323, 324, 329, 332, 335, 495, 549, 574, 575, 577, 588, 589, 591, 598, 599, 600, 602, 604, 606, 607, 608, 610, 617, 618, 619, 620, 622, 625, 630, 632, 634, 638, 644, 649, 650, 656, 661, 663, 669, 673, 674, 676, 677, 682, 683, 684, 687, 688, 689, 691, 694, 699, 701, 710, 718, 722, 723, 727, 728, 730, 731, 737, 738, 743, 744, 747, 749, 751, 762, 764, 770, 774, 777, 778, 781, 782, 789, 791]",[],"[284, 285, 743, 744]","[10, 75, 103, 104, 105, 106, 107, 108, 109, 110, 111, 112, 113, 114, 115, 116, 117, 118, 119, 120, 121, 122, 123, 124, 125, 126, 127, 128, 129, 130, 131, 132, 133, 134, 135, 136, 137, 138, 139, 140, 141, 142, 143, 144, 145, 146, 147, 148, 149, 150, 151, 152, 153, 154, 155, 156, 157, 158, 159, 160, 161, 162, 163, 164, 165, 166, 167, 168, 169, 170, 171, 172, 173, 174, 175, 176, 177, 178, 179, 180, 181, 182, 183, 184, 185, 186, 187, 188, 189, 190, 191, 192, 193, 194, 195, 196, 197, 198, 199, 200, 201, 202, 203, 204, 205, 206, 207, 208, 209, 210, 211, 212, 213, 214, 215, 216, 217, 218, 219, 220, 221, 222, 223, 224, 225, 226, 227, 228, 229, 230, 231, 232, 233, 234, 235, 236, 237, 238, 239, 240, 241, 242, 243, 244, 245, 246, 247, 248, 249, 250, 251, 252, 253, 254, 255, 256, 257, 258, 259, 260, 261, 262, 263, 264, 265, 266, 267, 268, 269, 270, 271, 272, 273, 274, 275, 276, 277, 278, 279, 280, 281, 282, 283, 284, 285, 286, 287, 288, 289, 290, 291, 292, 293, 294, 295, 296, 297, 298, 299, 300, 301, 302, 303, 304, 305, 306, 307, 308, 309, 310, 311, 312, 313, 314, 315, 316, 317, 318, 319, 320, 321, 322, 323, 324, 325, 326, 327, 328, 329, 330, 331, 332, 333, 334, 335, 336, 337, 495, 549, 574, 575, 576, 577, 578, 579, 580, 581, 582, 583, 584, 585, 586, 587, 588, 589, 590, 591, 592, 593, 594, 595, 596, 597, 598, 599, 600, 601, 602, 603, 604, 605, 606, 607, 608, 609, 610, 611, 612, 613, 614, 615, 616, 617, 618, 619, 620, 621, 622, 623, 624, 625, 626, 627, 628, 629, 630, 631, 632, 633, 634, 635, 636, 637, 638, 639, 640, 641, 642, 643, 644, 645, 646, 647, 648, 649, 650, 651, 652, 653, 654, 655, 656, 657, 658, 659, 660, 661, 662, 663, 664, 665, 666, 667, 668, 669, 670, 671, 672, 673, 674, 675, 676, 677, 678, 679, 680, 681, 682, 683, 684, 685, 686, 687, 688, 689, 690, 691, 692, 693, 694, 695, 696, 697, 698, 699, 700, 701, 702, 703, 704, 705, 706, 707, 708, 709, 710, 711, 712, 713, 714, 715, 716, 717, 718, 719, 720, 721, 722, 723, 724, 725, 726, 727, 728, 729, 730, 731, 732, 733, 734, 735, 736, 737, 738, 739, 740, 741, 742, 743, 744, 745, 746, 747, 748, 749, 750, 751, 752, 753, 754, 755, 756, 757, 758, 759, 760, 761, 762, 763, 764, 765, 766, 767, 768, 769, 770, 771, 772, 773, 774, 775, 776, 777, 778, 779, 780, 781, 782, 783, 784, 785, 786, 787, 788, 789, 790, 791, 792, 793]",False,"[224, 688]","[103, 104, 105, 106, 107, 108, 109, 110, 111, 112, 113, 114, 115, 116, 117, 118, 119, 120, 121, 122, 123, 124, 125, 126, 127, 128, 129, 130, 131, 132, 133, 134, 135, 136, 137, 138, 139, 140, 141, 142, 143, 144, 145, 146, 147, 148, 149, 150, 151, 152, 153, 154, 155, 156, 157, 158, 159, 160, 161, 162, 163, 164, 165, 166, 167, 168, 169, 170, 171, 172, 173, 174, 175, 176, 177, 178, 179, 180, 181, 182, 183, 184, 185, 186, 187, 188, 189, 190, 191, 192, 193, 194, 195, 196, 197, 198, 199, 200, 201, 202, 203, 204, 205, 206, 207, 208, 209, 210, 211, 212, 213, 214, 215, 216, 217, 218, 219, 220, 221, 222, 223, 224, 225, 226, 227, 228, 229, 230, 231, 232, 233, 234, 235, 236, 237, 238, 239, 240, 241, 242, 243, 244, 245, 246, 247, 248, 249, 250, 251, 252, 253, 254, 255, 256, 257, 258, 259, 260, 261, 262, 263, 264, 265, 266, 267, 268, 269, 270, 271, 272, 273, 274, 275, 276, 277, 278, 279, 280, 281, 282, 283, 284, 285, 286, 287, 288, 289, 290, 291, 292, 293, 294, 295, 296, 297, 298, 299, 300, 301, 302, 303, 304, 305, 306, 307, 308, 309, 310, 311, 312, 313, 314, 315, 316, 317, 318, 319, 320, 321, 322, 323, 324, 325, 326, 327, 328, 329, 330, 331, 332, 333, 334, 335, 336, 337, 574, 575, 576, 577, 578, 579, 580, 581, 582, 583, 584, 585, 586, 587, 588, 589, 590, 591, 592, 593, 594, 595, 596, 597, 598, 599, 600, 601, 602, 603, 604, 605, 606, 607, 608, 609, 610, 611, 612, 613, 614, 615, 616, 617, 618, 619, 620, 621, 622, 623, 624, 625, 626, 627, 628, 629, 630, 631, 632, 633, 634, 635, 636, 637, 638, 639, 640, 641, 642, 643, 644, 645, 646, 647, 648, 649, 650, 651, 652, 653, 654, 655, 656, 657, 658, 659, 660, 661, 662, 663, 664, 665, 666, 667, 668, 669, 670, 671, 672, 673, 674, 675, 676, 677, 678, 679, 680, 681, 682, 683, 684, 685, 686, 687, 688, 689, 690, 691, 692, 693, 694, 695, 696, 697, 698, 699, 700, 701, 702, 703, 704, 705, 706, 707, 708, 709, 710, 711, 712, 713, 714, 715, 716, 717, 718, 719, 720, 721, 722, 723, 724, 725, 726, 727, 728, 729, 730, 731, 732, 733, 734, 735, 736, 737, 738, 739, 740, 741, 742, 743, 744, 745, 746, 747, 748, 749, 750, 751, 752, 753, 754, 755, 756, 757, 758, 759, 760, 761, 762, 763, 764, 765, 766, 767, 768, 769, 770, 771, 772, 773, 774, 775, 776, 777, 778, 779, 780, 781, 782, 783, 784, 785, 786, 787, 788, 789, 790, 791, 792, 793]","[224, 688]",[],"[10, 75, 103, 104, 106, 117, 118, 120, 127, 128, 129, 131, 133, 135, 136, 137, 139, 146, 147, 148, 149, 151, 158, 160, 162, 166, 173, 178, 179, 185, 190, 192, 198, 201, 203, 204, 206, 207, 212, 213, 214, 219, 223, 224, 225, 227, 230, 235, 237, 246, 247, 256, 259, 262, 263, 266, 268, 269, 271, 272, 278, 279, 284, 285, 288, 290, 292, 304, 306, 312, 316, 319, 320, 323, 324, 329, 332, 335, 495, 549, 574, 575, 577, 588, 589, 591, 598, 599, 600, 602, 604, 606, 607, 608, 610, 617, 618, 619, 620, 622, 625, 630, 632, 634, 638, 644, 649, 650, 656, 661, 663, 669, 673, 674, 676, 677, 682, 683, 684, 687, 688, 689, 691, 694, 699, 701, 710, 718, 722, 723, 727, 728, 730, 731, 737, 738, 743, 744, 747, 749, 751, 762, 764, 770, 774, 777, 778, 781, 782, 789, 791]","[284, 285, 743, 744]",[],5/6 successful match,False,,False,803,False,,,,,
"LeGrand , 95333 Merced Truck Stop - Stop N Go ( Texaco )",559-665-0456 CA 99 Exit 174 ( Harvey Pettit ),) 24 M,LeGrand,95333,Merced Truck Stop - Stop N Go ( Texaco ),559-665-0456,2007,Le Grand,CA,Texaco,( Harvey Pettit ),CA 99 Exit 174 ,Exit,174,False,,False,CA 99,,,,,[],"[224, 688]","[224, 688]",[],"[103, 104, 105, 106, 107, 108, 109, 110, 111, 112, 113, 114, 115, 116, 117, 118, 119, 120, 121, 122, 123, 124, 125, 126, 127, 128, 129, 130, 131, 132, 133, 134, 135, 136, 137, 138, 139, 140, 141, 142, 143, 144, 145, 146, 147, 148, 149, 150, 151, 152, 153, 154, 155, 156, 157, 158, 159, 160, 161, 162, 163, 164, 165, 166, 167, 168, 169, 170, 171, 172, 173, 174, 175, 176, 177, 178, 179, 180, 181, 182, 183, 184, 185, 186, 187, 188, 189, 190, 191, 192, 193, 194, 195, 196, 197, 198, 199, 200, 201, 202, 203, 204, 205, 206, 207, 208, 209, 210, 211, 212, 213, 214, 215, 216, 217, 218, 219, 220, 221, 222, 223, 224, 225, 226, 227, 228, 229, 230, 231, 232, 233, 234, 235, 236, 237, 238, 239, 240, 241, 242, 243, 244, 245, 246, 247, 248, 249, 250, 251, 252, 253, 254, 255, 256, 257, 258, 259, 260, 261, 262, 263, 264, 265, 266, 267, 268, 269, 270, 271, 272, 273, 274, 275, 276, 277, 278, 279, 280, 281, 282, 283, 284, 285, 286, 287, 288, 289, 290, 291, 292, 293, 294, 295, 296, 297, 298, 299, 300, 301, 302, 303, 304, 305, 306, 307, 308, 309, 310, 311, 312, 313, 314, 315, 316, 317, 318, 319, 320, 321, 322, 323, 324, 325, 326, 327, 328, 329, 330, 331, 332, 333, 334, 335, 336, 337, 574, 575, 576, 577, 578, 579, 580, 581, 582, 583, 584, 585, 586, 587, 588, 589, 590, 591, 592, 593, 594, 595, 596, 597, 598, 599, 600, 601, 602, 603, 604, 605, 606, 607, 608, 609, 610, 611, 612, 613, 614, 615, 616, 617, 618, 619, 620, 621, 622, 623, 624, 625, 626, 627, 628, 629, 630, 631, 632, 633, 634, 635, 636, 637, 638, 639, 640, 641, 642, 643, 644, 645, 646, 647, 648, 649, 650, 651, 652, 653, 654, 655, 656, 657, 658, 659, 660, 661, 662, 663, 664, 665, 666, 667, 668, 669, 670, 671, 672, 673, 674, 675, 676, 677, 678, 679, 680, 681, 682, 683, 684, 685, 686, 687, 688, 689, 690, 691, 692, 693, 694, 695, 696, 697, 698, 699, 700, 701, 702, 703, 704, 705, 706, 707, 708, 709, 710, 711, 712, 713, 714, 715, 716, 717, 718, 719, 720, 721, 722, 723, 724, 725, 726, 727, 728, 729, 730, 731, 732, 733, 734, 735, 736, 737, 738, 739, 740, 741, 742, 743, 744, 745, 746, 747, 748, 749, 750, 751, 752, 753, 754, 755, 756, 757, 758, 759, 760, 761, 762, 763, 764, 765, 766, 767, 768, 769, 770, 771, 772, 773, 774, 775, 776, 777, 778, 779, 780, 781, 782, 783, 784, 785, 786, 787, 788, 789, 790, 791, 792, 793]","[10, 75, 103, 104, 106, 117, 118, 120, 127, 128, 129, 131, 133, 135, 136, 137, 139, 146, 147, 148, 149, 151, 158, 160, 162, 166, 173, 178, 179, 185, 190, 192, 198, 201, 203, 204, 206, 207, 212, 213, 214, 219, 223, 224, 225, 227, 230, 235, 237, 246, 247, 256, 259, 262, 263, 266, 268, 269, 271, 272, 278, 279, 284, 285, 288, 290, 292, 304, 306, 312, 316, 319, 320, 323, 324, 329, 332, 335, 495, 549, 574, 575, 577, 588, 589, 591, 598, 599, 600, 602, 604, 606, 607, 608, 610, 617, 618, 619, 620, 622, 625, 630, 632, 634, 638, 644, 649, 650, 656, 661, 663, 669, 673, 674, 676, 677, 682, 683, 684, 687, 688, 689, 691, 694, 699, 701, 710, 718, 722, 723, 727, 728, 730, 731, 737, 738, 743, 744, 747, 749, 751, 762, 764, 770, 774, 777, 778, 781, 782, 789, 791]","[26, 390, 474, 486, 509, 840, 922, 926]","[26, 224, 284, 285, 390, 474, 486, 509, 688, 743, 744, 840, 922, 926]","[10, 26, 75, 103, 104, 105, 106, 107, 108, 109, 110, 111, 112, 113, 114, 115, 116, 117, 118, 119, 120, 121, 122, 123, 124, 125, 126, 127, 128, 129, 130, 131, 132, 133, 134, 135, 136, 137, 138, 139, 140, 141, 142, 143, 144, 145, 146, 147, 148, 149, 150, 151, 152, 153, 154, 155, 156, 157, 158, 159, 160, 161, 162, 163, 164, 165, 166, 167, 168, 169, 170, 171, 172, 173, 174, 175, 176, 177, 178, 179, 180, 181, 182, 183, 184, 185, 186, 187, 188, 189, 190, 191, 192, 193, 194, 195, 196, 197, 198, 199, 200, 201, 202, 203, 204, 205, 206, 207, 208, 209, 210, 211, 212, 213, 214, 215, 216, 217, 218, 219, 220, 221, 222, 223, 224, 225, 226, 227, 228, 229, 230, 231, 232, 233, 234, 235, 236, 237, 238, 239, 240, 241, 242, 243, 244, 245, 246, 247, 248, 249, 250, 251, 252, 253, 254, 255, 256, 257, 258, 259, 260, 261, 262, 263, 264, 265, 266, 267, 268, 269, 270, 271, 272, 273, 274, 275, 276, 277, 278, 279, 280, 281, 282, 283, 284, 285, 286, 287, 288, 289, 290, 291, 292, 293, 294, 295, 296, 297, 298, 299, 300, 301, 302, 303, 304, 305, 306, 307, 308, 309, 310, 311, 312, 313, 314, 315, 316, 317, 318, 319, 320, 321, 322, 323, 324, 325, 326, 327, 328, 329, 330, 331, 332, 333, 334, 335, 336, 337, 390, 474, 486, 495, 509, 549, 574, 575, 576, 577, 578, 579, 580, 581, 582, 583, 584, 585, 586, 587, 588, 589, 590, 591, 592, 593, 594, 595, 596, 597, 598, 599, 600, 601, 602, 603, 604, 605, 606, 607, 608, 609, 610, 611, 612, 613, 614, 615, 616, 617, 618, 619, 620, 621, 622, 623, 624, 625, 626, 627, 628, 629, 630, 631, 632, 633, 634, 635, 636, 637, 638, 639, 640, 641, 642, 643, 644, 645, 646, 647, 648, 649, 650, 651, 652, 653, 654, 655, 656, 657, 658, 659, 660, 661, 662, 663, 664, 665, 666, 667, 668, 669, 670, 671, 672, 673, 674, 675, 676, 677, 678, 679, 680, 681, 682, 683, 684, 685, 686, 687, 688, 689, 690, 691, 692, 693, 694, 695, 696, 697, 698, 699, 700, 701, 702, 703, 704, 705, 706, 707, 708, 709, 710, 711, 712, 713, 714, 715, 716, 717, 718, 719, 720, 721, 722, 723, 724, 725, 726, 727, 728, 729, 730, 731, 732, 733, 734, 735, 736, 737, 738, 739, 740, 741, 742, 743, 744, 745, 746, 747, 748, 749, 750, 751, 752, 753, 754, 755, 756, 757, 758, 759, 760, 761, 762, 763, 764, 765, 766, 767, 768, 769, 770, 771, 772, 773, 774, 775, 776, 777, 778, 779, 780, 781, 782, 783, 784, 785, 786, 787, 788, 789, 790, 791, 792, 793, 840, 922, 926]",False,"[224, 688]","[103, 104, 105, 106, 107, 108, 109, 110, 111, 112, 113, 114, 115, 116, 117, 118, 119, 120, 121, 122, 123, 124, 125, 126, 127, 128, 129, 130, 131, 132, 133, 134, 135, 136, 137, 138, 139, 140, 141, 142, 143, 144, 145, 146, 147, 148, 149, 150, 151, 152, 153, 154, 155, 156, 157, 158, 159, 160, 161, 162, 163, 164, 165, 166, 167, 168, 169, 170, 171, 172, 173, 174, 175, 176, 177, 178, 179, 180, 181, 182, 183, 184, 185, 186, 187, 188, 189, 190, 191, 192, 193, 194, 195, 196, 197, 198, 199, 200, 201, 202, 203, 204, 205, 206, 207, 208, 209, 210, 211, 212, 213, 214, 215, 216, 217, 218, 219, 220, 221, 222, 223, 224, 225, 226, 227, 228, 229, 230, 231, 232, 233, 234, 235, 236, 237, 238, 239, 240, 241, 242, 243, 244, 245, 246, 247, 248, 249, 250, 251, 252, 253, 254, 255, 256, 257, 258, 259, 260, 261, 262, 263, 264, 265, 266, 267, 268, 269, 270, 271, 272, 273, 274, 275, 276, 277, 278, 279, 280, 281, 282, 283, 284, 285, 286, 287, 288, 289, 290, 291, 292, 293, 294, 295, 296, 297, 298, 299, 300, 301, 302, 303, 304, 305, 306, 307, 308, 309, 310, 311, 312, 313, 314, 315, 316, 317, 318, 319, 320, 321, 322, 323, 324, 325, 326, 327, 328, 329, 330, 331, 332, 333, 334, 335, 336, 337, 574, 575, 576, 577, 578, 579, 580, 581, 582, 583, 584, 585, 586, 587, 588, 589, 590, 591, 592, 593, 594, 595, 596, 597, 598, 599, 600, 601, 602, 603, 604, 605, 606, 607, 608, 609, 610, 611, 612, 613, 614, 615, 616, 617, 618, 619, 620, 621, 622, 623, 624, 625, 626, 627, 628, 629, 630, 631, 632, 633, 634, 635, 636, 637, 638, 639, 640, 641, 642, 643, 644, 645, 646, 647, 648, 649, 650, 651, 652, 653, 654, 655, 656, 657, 658, 659, 660, 661, 662, 663, 664, 665, 666, 667, 668, 669, 670, 671, 672, 673, 674, 675, 676, 677, 678, 679, 680, 681, 682, 683, 684, 685, 686, 687, 688, 689, 690, 691, 692, 693, 694, 695, 696, 697, 698, 699, 700, 701, 702, 703, 704, 705, 706, 707, 708, 709, 710, 711, 712, 713, 714, 715, 716, 717, 718, 719, 720, 721, 722, 723, 724, 725, 726, 727, 728, 729, 730, 731, 732, 733, 734, 735, 736, 737, 738, 739, 740, 741, 742, 743, 744, 745, 746, 747, 748, 749, 750, 751, 752, 753, 754, 755, 756, 757, 758, 759, 760, 761, 762, 763, 764, 765, 766, 767, 768, 769, 770, 771, 772, 773, 774, 775, 776, 777, 778, 779, 780, 781, 782, 783, 784, 785, 786, 787, 788, 789, 790, 791, 792, 793]","[224, 688]",[],"[10, 75, 103, 104, 106, 117, 118, 120, 127, 128, 129, 131, 133, 135, 136, 137, 139, 146, 147, 148, 149, 151, 158, 160, 162, 166, 173, 178, 179, 185, 190, 192, 198, 201, 203, 204, 206, 207, 212, 213, 214, 219, 223, 224, 225, 227, 230, 235, 237, 246, 247, 256, 259, 262, 263, 266, 268, 269, 271, 272, 278, 279, 284, 285, 288, 290, 292, 304, 306, 312, 316, 319, 320, 323, 324, 329, 332, 335, 495, 549, 574, 575, 577, 588, 589, 591, 598, 599, 600, 602, 604, 606, 607, 608, 610, 617, 618, 619, 620, 622, 625, 630, 632, 634, 638, 644, 649, 650, 656, 661, 663, 669, 673, 674, 676, 677, 682, 683, 684, 687, 688, 689, 691, 694, 699, 701, 710, 718, 722, 723, 727, 728, 730, 731, 737, 738, 743, 744, 747, 749, 751, 762, 764, 770, 774, 777, 778, 781, 782, 789, 791]","[26, 224, 284, 285, 390, 474, 486, 509, 688, 743, 744, 840, 922, 926]","[26, 390, 474, 486, 509, 840, 922, 926]",6/6 successful match,False,,False,803,False,,0.5714285714285714,True,Stop - Stop N Go,
"LeGrand , 95333 Merced Truck Stop - Stop ) N Go ( Texaco ) HRS",3 559-665-0456 CA 99 Exit 174 ( Harvey ) HRS,24 HRS M <U+2610>,LeGrand,95333,Merced Truck Stop - Stop ) N Go ( Texaco ) HRS,559-665-0456,2008,Le Grand,CA,Texaco,( Harvey ) HRS,CA 99 Exit 174 ,Exit,174,False,,False,CA 99,,,,,[],"[224, 688]","[224, 688]",[],"[103, 104, 105, 106, 107, 108, 109, 110, 111, 112, 113, 114, 115, 116, 117, 118, 119, 120, 121, 122, 123, 124, 125, 126, 127, 128, 129, 130, 131, 132, 133, 134, 135, 136, 137, 138, 139, 140, 141, 142, 143, 144, 145, 146, 147, 148, 149, 150, 151, 152, 153, 154, 155, 156, 157, 158, 159, 160, 161, 162, 163, 164, 165, 166, 167, 168, 169, 170, 171, 172, 173, 174, 175, 176, 177, 178, 179, 180, 181, 182, 183, 184, 185, 186, 187, 188, 189, 190, 191, 192, 193, 194, 195, 196, 197, 198, 199, 200, 201, 202, 203, 204, 205, 206, 207, 208, 209, 210, 211, 212, 213, 214, 215, 216, 217, 218, 219, 220, 221, 222, 223, 224, 225, 226, 227, 228, 229, 230, 231, 232, 233, 234, 235, 236, 237, 238, 239, 240, 241, 242, 243, 244, 245, 246, 247, 248, 249, 250, 251, 252, 253, 254, 255, 256, 257, 258, 259, 260, 261, 262, 263, 264, 265, 266, 267, 268, 269, 270, 271, 272, 273, 274, 275, 276, 277, 278, 279, 280, 281, 282, 283, 284, 285, 286, 287, 288, 289, 290, 291, 292, 293, 294, 295, 296, 297, 298, 299, 300, 301, 302, 303, 304, 305, 306, 307, 308, 309, 310, 311, 312, 313, 314, 315, 316, 317, 318, 319, 320, 321, 322, 323, 324, 325, 326, 327, 328, 329, 330, 331, 332, 333, 334, 335, 336, 337, 574, 575, 576, 577, 578, 579, 580, 581, 582, 583, 584, 585, 586, 587, 588, 589, 590, 591, 592, 593, 594, 595, 596, 597, 598, 599, 600, 601, 602, 603, 604, 605, 606, 607, 608, 609, 610, 611, 612, 613, 614, 615, 616, 617, 618, 619, 620, 621, 622, 623, 624, 625, 626, 627, 628, 629, 630, 631, 632, 633, 634, 635, 636, 637, 638, 639, 640, 641, 642, 643, 644, 645, 646, 647, 648, 649, 650, 651, 652, 653, 654, 655, 656, 657, 658, 659, 660, 661, 662, 663, 664, 665, 666, 667, 668, 669, 670, 671, 672, 673, 674, 675, 676, 677, 678, 679, 680, 681, 682, 683, 684, 685, 686, 687, 688, 689, 690, 691, 692, 693, 694, 695, 696, 697, 698, 699, 700, 701, 702, 703, 704, 705, 706, 707, 708, 709, 710, 711, 712, 713, 714, 715, 716, 717, 718, 719, 720, 721, 722, 723, 724, 725, 726, 727, 728, 729, 730, 731, 732, 733, 734, 735, 736, 737, 738, 739, 740, 741, 742, 743, 744, 745, 746, 747, 748, 749, 750, 751, 752, 753, 754, 755, 756, 757, 758, 759, 760, 761, 762, 763, 764, 765, 766, 767, 768, 769, 770, 771, 772, 773, 774, 775, 776, 777, 778, 779, 780, 781, 782, 783, 784, 785, 786, 787, 788, 789, 790, 791, 792, 793]","[10, 75, 103, 104, 106, 117, 118, 120, 127, 128, 129, 131, 133, 135, 136, 137, 139, 146, 147, 148, 149, 151, 158, 160, 162, 166, 173, 178, 179, 185, 190, 192, 198, 201, 203, 204, 206, 207, 212, 213, 214, 219, 223, 224, 225, 227, 230, 235, 237, 246, 247, 256, 259, 262, 263, 266, 268, 269, 271, 272, 278, 279, 284, 285, 288, 290, 292, 304, 306, 312, 316, 319, 320, 323, 324, 329, 332, 335, 495, 549, 574, 575, 577, 588, 589, 591, 598, 599, 600, 602, 604, 606, 607, 608, 610, 617, 618, 619, 620, 622, 625, 630, 632, 634, 638, 644, 649, 650, 656, 661, 663, 669, 673, 674, 676, 677, 682, 683, 684, 687, 688, 689, 691, 694, 699, 701, 710, 718, 722, 723, 727, 728, 730, 731, 737, 738, 743, 744, 747, 749, 751, 762, 764, 770, 774, 777, 778, 781, 782, 789, 791]","[26, 390, 474, 486, 509, 840, 922, 926]","[26, 224, 284, 285, 390, 474, 486, 509, 688, 743, 744, 840, 922, 926]","[10, 26, 75, 103, 104, 105, 106, 107, 108, 109, 110, 111, 112, 113, 114, 115, 116, 117, 118, 119, 120, 121, 122, 123, 124, 125, 126, 127, 128, 129, 130, 131, 132, 133, 134, 135, 136, 137, 138, 139, 140, 141, 142, 143, 144, 145, 146, 147, 148, 149, 150, 151, 152, 153, 154, 155, 156, 157, 158, 159, 160, 161, 162, 163, 164, 165, 166, 167, 168, 169, 170, 171, 172, 173, 174, 175, 176, 177, 178, 179, 180, 181, 182, 183, 184, 185, 186, 187, 188, 189, 190, 191, 192, 193, 194, 195, 196, 197, 198, 199, 200, 201, 202, 203, 204, 205, 206, 207, 208, 209, 210, 211, 212, 213, 214, 215, 216, 217, 218, 219, 220, 221, 222, 223, 224, 225, 226, 227, 228, 229, 230, 231, 232, 233, 234, 235, 236, 237, 238, 239, 240, 241, 242, 243, 244, 245, 246, 247, 248, 249, 250, 251, 252, 253, 254, 255, 256, 257, 258, 259, 260, 261, 262, 263, 264, 265, 266, 267, 268, 269, 270, 271, 272, 273, 274, 275, 276, 277, 278, 279, 280, 281, 282, 283, 284, 285, 286, 287, 288, 289, 290, 291, 292, 293, 294, 295, 296, 297, 298, 299, 300, 301, 302, 303, 304, 305, 306, 307, 308, 309, 310, 311, 312, 313, 314, 315, 316, 317, 318, 319, 320, 321, 322, 323, 324, 325, 326, 327, 328, 329, 330, 331, 332, 333, 334, 335, 336, 337, 390, 474, 486, 495, 509, 549, 574, 575, 576, 577, 578, 579, 580, 581, 582, 583, 584, 585, 586, 587, 588, 589, 590, 591, 592, 593, 594, 595, 596, 597, 598, 599, 600, 601, 602, 603, 604, 605, 606, 607, 608, 609, 610, 611, 612, 613, 614, 615, 616, 617, 618, 619, 620, 621, 622, 623, 624, 625, 626, 627, 628, 629, 630, 631, 632, 633, 634, 635, 636, 637, 638, 639, 640, 641, 642, 643, 644, 645, 646, 647, 648, 649, 650, 651, 652, 653, 654, 655, 656, 657, 658, 659, 660, 661, 662, 663, 664, 665, 666, 667, 668, 669, 670, 671, 672, 673, 674, 675, 676, 677, 678, 679, 680, 681, 682, 683, 684, 685, 686, 687, 688, 689, 690, 691, 692, 693, 694, 695, 696, 697, 698, 699, 700, 701, 702, 703, 704, 705, 706, 707, 708, 709, 710, 711, 712, 713, 714, 715, 716, 717, 718, 719, 720, 721, 722, 723, 724, 725, 726, 727, 728, 729, 730, 731, 732, 733, 734, 735, 736, 737, 738, 739, 740, 741, 742, 743, 744, 745, 746, 747, 748, 749, 750, 751, 752, 753, 754, 755, 756, 757, 758, 759, 760, 761, 762, 763, 764, 765, 766, 767, 768, 769, 770, 771, 772, 773, 774, 775, 776, 777, 778, 779, 780, 781, 782, 783, 784, 785, 786, 787, 788, 789, 790, 791, 792, 793, 840, 922, 926]",False,"[224, 688]","[103, 104, 105, 106, 107, 108, 109, 110, 111, 112, 113, 114, 115, 116, 117, 118, 119, 120, 121, 122, 123, 124, 125, 126, 127, 128, 129, 130, 131, 132, 133, 134, 135, 136, 137, 138, 139, 140, 141, 142, 143, 144, 145, 146, 147, 148, 149, 150, 151, 152, 153, 154, 155, 156, 157, 158, 159, 160, 161, 162, 163, 164, 165, 166, 167, 168, 169, 170, 171, 172, 173, 174, 175, 176, 177, 178, 179, 180, 181, 182, 183, 184, 185, 186, 187, 188, 189, 190, 191, 192, 193, 194, 195, 196, 197, 198, 199, 200, 201, 202, 203, 204, 205, 206, 207, 208, 209, 210, 211, 212, 213, 214, 215, 216, 217, 218, 219, 220, 221, 222, 223, 224, 225, 226, 227, 228, 229, 230, 231, 232, 233, 234, 235, 236, 237, 238, 239, 240, 241, 242, 243, 244, 245, 246, 247, 248, 249, 250, 251, 252, 253, 254, 255, 256, 257, 258, 259, 260, 261, 262, 263, 264, 265, 266, 267, 268, 269, 270, 271, 272, 273, 274, 275, 276, 277, 278, 279, 280, 281, 282, 283, 284, 285, 286, 287, 288, 289, 290, 291, 292, 293, 294, 295, 296, 297, 298, 299, 300, 301, 302, 303, 304, 305, 306, 307, 308, 309, 310, 311, 312, 313, 314, 315, 316, 317, 318, 319, 320, 321, 322, 323, 324, 325, 326, 327, 328, 329, 330, 331, 332, 333, 334, 335, 336, 337, 574, 575, 576, 577, 578, 579, 580, 581, 582, 583, 584, 585, 586, 587, 588, 589, 590, 591, 592, 593, 594, 595, 596, 597, 598, 599, 600, 601, 602, 603, 604, 605, 606, 607, 608, 609, 610, 611, 612, 613, 614, 615, 616, 617, 618, 619, 620, 621, 622, 623, 624, 625, 626, 627, 628, 629, 630, 631, 632, 633, 634, 635, 636, 637, 638, 639, 640, 641, 642, 643, 644, 645, 646, 647, 648, 649, 650, 651, 652, 653, 654, 655, 656, 657, 658, 659, 660, 661, 662, 663, 664, 665, 666, 667, 668, 669, 670, 671, 672, 673, 674, 675, 676, 677, 678, 679, 680, 681, 682, 683, 684, 685, 686, 687, 688, 689, 690, 691, 692, 693, 694, 695, 696, 697, 698, 699, 700, 701, 702, 703, 704, 705, 706, 707, 708, 709, 710, 711, 712, 713, 714, 715, 716, 717, 718, 719, 720, 721, 722, 723, 724, 725, 726, 727, 728, 729, 730, 731, 732, 733, 734, 735, 736, 737, 738, 739, 740, 741, 742, 743, 744, 745, 746, 747, 748, 749, 750, 751, 752, 753, 754, 755, 756, 757, 758, 759, 760, 761, 762, 763, 764, 765, 766, 767, 768, 769, 770, 771, 772, 773, 774, 775, 776, 777, 778, 779, 780, 781, 782, 783, 784, 785, 786, 787, 788, 789, 790, 791, 792, 793]","[224, 688]",[],"[10, 75, 103, 104, 106, 117, 118, 120, 127, 128, 129, 131, 133, 135, 136, 137, 139, 146, 147, 148, 149, 151, 158, 160, 162, 166, 173, 178, 179, 185, 190, 192, 198, 201, 203, 204, 206, 207, 212, 213, 214, 219, 223, 224, 225, 227, 230, 235, 237, 246, 247, 256, 259, 262, 263, 266, 268, 269, 271, 272, 278, 279, 284, 285, 288, 290, 292, 304, 306, 312, 316, 319, 320, 323, 324, 329, 332, 335, 495, 549, 574, 575, 577, 588, 589, 591, 598, 599, 600, 602, 604, 606, 607, 608, 610, 617, 618, 619, 620, 622, 625, 630, 632, 634, 638, 644, 649, 650, 656, 661, 663, 669, 673, 674, 676, 677, 682, 683, 684, 687, 688, 689, 691, 694, 699, 701, 710, 718, 722, 723, 727, 728, 730, 731, 737, 738, 743, 744, 747, 749, 751, 762, 764, 770, 774, 777, 778, 781, 782, 789, 791]","[26, 224, 284, 285, 390, 474, 486, 509, 688, 743, 744, 840, 922, 926]","[26, 390, 474, 486, 509, 840, 922, 926]",6/6 successful match,False,,False,803,False,,0.7790697674418605,True,Merced Truck Stop - Stop N Go ( Texaco ),Texaco
"Livingston , 95334 TA Rd )",3 209-394-4418 CA - 99 Livingston Exit 203 ( Winton Pkwy ) TA 24,24 LOO,Livingston,95334,TA Rd ),209-394-4418,2008,Livingston,CA,,( Winton Pkwy ) TA 24,CA - 99 Livingston Exit 203 ,Exit,203,False,,False,CA 99,,,,,"[312, 770]","[312, 770]","[262, 312, 722, 770]","[5, 93, 101, 262, 312, 491, 564, 572, 722, 770]","[103, 104, 105, 106, 107, 108, 109, 110, 111, 112, 113, 114, 115, 116, 117, 118, 119, 120, 121, 122, 123, 124, 125, 126, 127, 128, 129, 130, 131, 132, 133, 134, 135, 136, 137, 138, 139, 140, 141, 142, 143, 144, 145, 146, 147, 148, 149, 150, 151, 152, 153, 154, 155, 156, 157, 158, 159, 160, 161, 162, 163, 164, 165, 166, 167, 168, 169, 170, 171, 172, 173, 174, 175, 176, 177, 178, 179, 180, 181, 182, 183, 184, 185, 186, 187, 188, 189, 190, 191, 192, 193, 194, 195, 196, 197, 198, 199, 200, 201, 202, 203, 204, 205, 206, 207, 208, 209, 210, 211, 212, 213, 214, 215, 216, 217, 218, 219, 220, 221, 222, 223, 224, 225, 226, 227, 228, 229, 230, 231, 232, 233, 234, 235, 236, 237, 238, 239, 240, 241, 242, 243, 244, 245, 246, 247, 248, 249, 250, 251, 252, 253, 254, 255, 256, 257, 258, 259, 260, 261, 262, 263, 264, 265, 266, 267, 268, 269, 270, 271, 272, 273, 274, 275, 276, 277, 278, 279, 280, 281, 282, 283, 284, 285, 286, 287, 288, 289, 290, 291, 292, 293, 294, 295, 296, 297, 298, 299, 300, 301, 302, 303, 304, 305, 306, 307, 308, 309, 310, 311, 312, 313, 314, 315, 316, 317, 318, 319, 320, 321, 322, 323, 324, 325, 326, 327, 328, 329, 330, 331, 332, 333, 334, 335, 336, 337, 574, 575, 576, 577, 578, 579, 580, 581, 582, 583, 584, 585, 586, 587, 588, 589, 590, 591, 592, 593, 594, 595, 596, 597, 598, 599, 600, 601, 602, 603, 604, 605, 606, 607, 608, 609, 610, 611, 612, 613, 614, 615, 616, 617, 618, 619, 620, 621, 622, 623, 624, 625, 626, 627, 628, 629, 630, 631, 632, 633, 634, 635, 636, 637, 638, 639, 640, 641, 642, 643, 644, 645, 646, 647, 648, 649, 650, 651, 652, 653, 654, 655, 656, 657, 658, 659, 660, 661, 662, 663, 664, 665, 666, 667, 668, 669, 670, 671, 672, 673, 674, 675, 676, 677, 678, 679, 680, 681, 682, 683, 684, 685, 686, 687, 688, 689, 690, 691, 692, 693, 694, 695, 696, 697, 698, 699, 700, 701, 702, 703, 704, 705, 706, 707, 708, 709, 710, 711, 712, 713, 714, 715, 716, 717, 718, 719, 720, 721, 722, 723, 724, 725, 726, 727, 728, 729, 730, 731, 732, 733, 734, 735, 736, 737, 738, 739, 740, 741, 742, 743, 744, 745, 746, 747, 748, 749, 750, 751, 752, 753, 754, 755, 756, 757, 758, 759, 760, 761, 762, 763, 764, 765, 766, 767, 768, 769, 770, 771, 772, 773, 774, 775, 776, 777, 778, 779, 780, 781, 782, 783, 784, 785, 786, 787, 788, 789, 790, 791, 792, 793]","[10, 75, 103, 104, 106, 117, 118, 120, 127, 128, 129, 131, 133, 135, 136, 137, 139, 146, 147, 148, 149, 151, 158, 160, 162, 166, 173, 178, 179, 185, 190, 192, 198, 201, 203, 204, 206, 207, 212, 213, 214, 219, 223, 224, 225, 227, 230, 235, 237, 246, 247, 256, 259, 262, 263, 266, 268, 269, 271, 272, 278, 279, 284, 285, 288, 290, 292, 304, 306, 312, 316, 319, 320, 323, 324, 329, 332, 335, 495, 549, 574, 575, 577, 588, 589, 591, 598, 599, 600, 602, 604, 606, 607, 608, 610, 617, 618, 619, 620, 622, 625, 630, 632, 634, 638, 644, 649, 650, 656, 661, 663, 669, 673, 674, 676, 677, 682, 683, 684, 687, 688, 689, 691, 694, 699, 701, 710, 718, 722, 723, 727, 728, 730, 731, 737, 738, 743, 744, 747, 749, 751, 762, 764, 770, 774, 777, 778, 781, 782, 789, 791]",[],"[301, 476, 924, 925]","[5, 10, 75, 93, 101, 103, 104, 105, 106, 107, 108, 109, 110, 111, 112, 113, 114, 115, 116, 117, 118, 119, 120, 121, 122, 123, 124, 125, 126, 127, 128, 129, 130, 131, 132, 133, 134, 135, 136, 137, 138, 139, 140, 141, 142, 143, 144, 145, 146, 147, 148, 149, 150, 151, 152, 153, 154, 155, 156, 157, 158, 159, 160, 161, 162, 163, 164, 165, 166, 167, 168, 169, 170, 171, 172, 173, 174, 175, 176, 177, 178, 179, 180, 181, 182, 183, 184, 185, 186, 187, 188, 189, 190, 191, 192, 193, 194, 195, 196, 197, 198, 199, 200, 201, 202, 203, 204, 205, 206, 207, 208, 209, 210, 211, 212, 213, 214, 215, 216, 217, 218, 219, 220, 221, 222, 223, 224, 225, 226, 227, 228, 229, 230, 231, 232, 233, 234, 235, 236, 237, 238, 239, 240, 241, 242, 243, 244, 245, 246, 247, 248, 249, 250, 251, 252, 253, 254, 255, 256, 257, 258, 259, 260, 261, 262, 263, 264, 265, 266, 267, 268, 269, 270, 271, 272, 273, 274, 275, 276, 277, 278, 279, 280, 281, 282, 283, 284, 285, 286, 287, 288, 289, 290, 291, 292, 293, 294, 295, 296, 297, 298, 299, 300, 301, 302, 303, 304, 305, 306, 307, 308, 309, 310, 311, 312, 313, 314, 315, 316, 317, 318, 319, 320, 321, 322, 323, 324, 325, 326, 327, 328, 329, 330, 331, 332, 333, 334, 335, 336, 337, 476, 491, 495, 549, 564, 572, 574, 575, 576, 577, 578, 579, 580, 581, 582, 583, 584, 585, 586, 587, 588, 589, 590, 591, 592, 593, 594, 595, 596, 597, 598, 599, 600, 601, 602, 603, 604, 605, 606, 607, 608, 609, 610, 611, 612, 613, 614, 615, 616, 617, 618, 619, 620, 621, 622, 623, 624, 625, 626, 627, 628, 629, 630, 631, 632, 633, 634, 635, 636, 637, 638, 639, 640, 641, 642, 643, 644, 645, 646, 647, 648, 649, 650, 651, 652, 653, 654, 655, 656, 657, 658, 659, 660, 661, 662, 663, 664, 665, 666, 667, 668, 669, 670, 671, 672, 673, 674, 675, 676, 677, 678, 679, 680, 681, 682, 683, 684, 685, 686, 687, 688, 689, 690, 691, 692, 693, 694, 695, 696, 697, 698, 699, 700, 701, 702, 703, 704, 705, 706, 707, 708, 709, 710, 711, 712, 713, 714, 715, 716, 717, 718, 719, 720, 721, 722, 723, 724, 725, 726, 727, 728, 729, 730, 731, 732, 733, 734, 735, 736, 737, 738, 739, 740, 741, 742, 743, 744, 745, 746, 747, 748, 749, 750, 751, 752, 753, 754, 755, 756, 757, 758, 759, 760, 761, 762, 763, 764, 765, 766, 767, 768, 769, 770, 771, 772, 773, 774, 775, 776, 777, 778, 779, 780, 781, 782, 783, 784, 785, 786, 787, 788, 789, 790, 791, 792, 793, 924, 925]",True,"[312, 770]","[103, 104, 105, 106, 107, 108, 109, 110, 111, 112, 113, 114, 115, 116, 117, 118, 119, 120, 121, 122, 123, 124, 125, 126, 127, 128, 129, 130, 131, 132, 133, 134, 135, 136, 137, 138, 139, 140, 141, 142, 143, 144, 145, 146, 147, 148, 149, 150, 151, 152, 153, 154, 155, 156, 157, 158, 159, 160, 161, 162, 163, 164, 165, 166, 167, 168, 169, 170, 171, 172, 173, 174, 175, 176, 177, 178, 179, 180, 181, 182, 183, 184, 185, 186, 187, 188, 189, 190, 191, 192, 193, 194, 195, 196, 197, 198, 199, 200, 201, 202, 203, 204, 205, 206, 207, 208, 209, 210, 211, 212, 213, 214, 215, 216, 217, 218, 219, 220, 221, 222, 223, 224, 225, 226, 227, 228, 229, 230, 231, 232, 233, 234, 235, 236, 237, 238, 239, 240, 241, 242, 243, 244, 245, 246, 247, 248, 249, 250, 251, 252, 253, 254, 255, 256, 257, 258, 259, 260, 261, 262, 263, 264, 265, 266, 267, 268, 269, 270, 271, 272, 273, 274, 275, 276, 277, 278, 279, 280, 281, 282, 283, 284, 285, 286, 287, 288, 289, 290, 291, 292, 293, 294, 295, 296, 297, 298, 299, 300, 301, 302, 303, 304, 305, 306, 307, 308, 309, 310, 311, 312, 313, 314, 315, 316, 317, 318, 319, 320, 321, 322, 323, 324, 325, 326, 327, 328, 329, 330, 331, 332, 333, 334, 335, 336, 337, 574, 575, 576, 577, 578, 579, 580, 581, 582, 583, 584, 585, 586, 587, 588, 589, 590, 591, 592, 593, 594, 595, 596, 597, 598, 599, 600, 601, 602, 603, 604, 605, 606, 607, 608, 609, 610, 611, 612, 613, 614, 615, 616, 617, 618, 619, 620, 621, 622, 623, 624, 625, 626, 627, 628, 629, 630, 631, 632, 633, 634, 635, 636, 637, 638, 639, 640, 641, 642, 643, 644, 645, 646, 647, 648, 649, 650, 651, 652, 653, 654, 655, 656, 657, 658, 659, 660, 661, 662, 663, 664, 665, 666, 667, 668, 669, 670, 671, 672, 673, 674, 675, 676, 677, 678, 679, 680, 681, 682, 683, 684, 685, 686, 687, 688, 689, 690, 691, 692, 693, 694, 695, 696, 697, 698, 699, 700, 701, 702, 703, 704, 705, 706, 707, 708, 709, 710, 711, 712, 713, 714, 715, 716, 717, 718, 719, 720, 721, 722, 723, 724, 725, 726, 727, 728, 729, 730, 731, 732, 733, 734, 735, 736, 737, 738, 739, 740, 741, 742, 743, 744, 745, 746, 747, 748, 749, 750, 751, 752, 753, 754, 755, 756, 757, 758, 759, 760, 761, 762, 763, 764, 765, 766, 767, 768, 769, 770, 771, 772, 773, 774, 775, 776, 777, 778, 779, 780, 781, 782, 783, 784, 785, 786, 787, 788, 789, 790, 791, 792, 793]","[262, 312, 722, 770]","[5, 93, 101, 262, 312, 491, 564, 572, 722, 770]","[10, 75, 103, 104, 106, 117, 118, 120, 127, 128, 129, 131, 133, 135, 136, 137, 139, 146, 147, 148, 149, 151, 158, 160, 162, 166, 173, 178, 179, 185, 190, 192, 198, 201, 203, 204, 206, 207, 212, 213, 214, 219, 223, 224, 225, 227, 230, 235, 237, 246, 247, 256, 259, 262, 263, 266, 268, 269, 271, 272, 278, 279, 284, 285, 288, 290, 292, 304, 306, 312, 316, 319, 320, 323, 324, 329, 332, 335, 495, 549, 574, 575, 577, 588, 589, 591, 598, 599, 600, 602, 604, 606, 607, 608, 610, 617, 618, 619, 620, 622, 625, 630, 632, 634, 638, 644, 649, 650, 656, 661, 663, 669, 673, 674, 676, 677, 682, 683, 684, 687, 688, 689, 691, 694, 699, 701, 710, 718, 722, 723, 727, 728, 730, 731, 737, 738, 743, 744, 747, 749, 751, 762, 764, 770, 774, 777, 778, 781, 782, 789, 791]","[301, 476, 924, 925]",[],5/6 successful match,True,"[146, 147]",True,804,False,,,,,
E Livingston ( 95334 ) TA Livingston # 170 ( Shell ),3 209-394-4418 CA 99 Exit 203 ( Winton Pkwy W ),ZA 24 <U+2610> LO <U+2610> <U+2610>,Livingston,95334,TA Livingston # 170 ( Shell ),209-394-4418,2014,Livingston,CA,Shell,( Winton Pkwy W ),CA 99 Exit 203 ,Exit,203,False,,False,CA 99,,,,,"[312, 770]","[312, 770]","[262, 312, 722, 770]","[5, 93, 101, 262, 312, 491, 564, 572, 722, 770]","[103, 104, 105, 106, 107, 108, 109, 110, 111, 112, 113, 114, 115, 116, 117, 118, 119, 120, 121, 122, 123, 124, 125, 126, 127, 128, 129, 130, 131, 132, 133, 134, 135, 136, 137, 138, 139, 140, 141, 142, 143, 144, 145, 146, 147, 148, 149, 150, 151, 152, 153, 154, 155, 156, 157, 158, 159, 160, 161, 162, 163, 164, 165, 166, 167, 168, 169, 170, 171, 172, 173, 174, 175, 176, 177, 178, 179, 180, 181, 182, 183, 184, 185, 186, 187, 188, 189, 190, 191, 192, 193, 194, 195, 196, 197, 198, 199, 200, 201, 202, 203, 204, 205, 206, 207, 208, 209, 210, 211, 212, 213, 214, 215, 216, 217, 218, 219, 220, 221, 222, 223, 224, 225, 226, 227, 228, 229, 230, 231, 232, 233, 234, 235, 236, 237, 238, 239, 240, 241, 242, 243, 244, 245, 246, 247, 248, 249, 250, 251, 252, 253, 254, 255, 256, 257, 258, 259, 260, 261, 262, 263, 264, 265, 266, 267, 268, 269, 270, 271, 272, 273, 274, 275, 276, 277, 278, 279, 280, 281, 282, 283, 284, 285, 286, 287, 288, 289, 290, 291, 292, 293, 294, 295, 296, 297, 298, 299, 300, 301, 302, 303, 304, 305, 306, 307, 308, 309, 310, 311, 312, 313, 314, 315, 316, 317, 318, 319, 320, 321, 322, 323, 324, 325, 326, 327, 328, 329, 330, 331, 332, 333, 334, 335, 336, 337, 574, 575, 576, 577, 578, 579, 580, 581, 582, 583, 584, 585, 586, 587, 588, 589, 590, 591, 592, 593, 594, 595, 596, 597, 598, 599, 600, 601, 602, 603, 604, 605, 606, 607, 608, 609, 610, 611, 612, 613, 614, 615, 616, 617, 618, 619, 620, 621, 622, 623, 624, 625, 626, 627, 628, 629, 630, 631, 632, 633, 634, 635, 636, 637, 638, 639, 640, 641, 642, 643, 644, 645, 646, 647, 648, 649, 650, 651, 652, 653, 654, 655, 656, 657, 658, 659, 660, 661, 662, 663, 664, 665, 666, 667, 668, 669, 670, 671, 672, 673, 674, 675, 676, 677, 678, 679, 680, 681, 682, 683, 684, 685, 686, 687, 688, 689, 690, 691, 692, 693, 694, 695, 696, 697, 698, 699, 700, 701, 702, 703, 704, 705, 706, 707, 708, 709, 710, 711, 712, 713, 714, 715, 716, 717, 718, 719, 720, 721, 722, 723, 724, 725, 726, 727, 728, 729, 730, 731, 732, 733, 734, 735, 736, 737, 738, 739, 740, 741, 742, 743, 744, 745, 746, 747, 748, 749, 750, 751, 752, 753, 754, 755, 756, 757, 758, 759, 760, 761, 762, 763, 764, 765, 766, 767, 768, 769, 770, 771, 772, 773, 774, 775, 776, 777, 778, 779, 780, 781, 782, 783, 784, 785, 786, 787, 788, 789, 790, 791, 792, 793]","[10, 75, 103, 104, 106, 117, 118, 120, 127, 128, 129, 131, 133, 135, 136, 137, 139, 146, 147, 148, 149, 151, 158, 160, 162, 166, 173, 178, 179, 185, 190, 192, 198, 201, 203, 204, 206, 207, 212, 213, 214, 219, 223, 224, 225, 227, 230, 235, 237, 246, 247, 256, 259, 262, 263, 266, 268, 269, 271, 272, 278, 279, 284, 285, 288, 290, 292, 304, 306, 312, 316, 319, 320, 323, 324, 329, 332, 335, 495, 549, 574, 575, 577, 588, 589, 591, 598, 599, 600, 602, 604, 606, 607, 608, 610, 617, 618, 619, 620, 622, 625, 630, 632, 634, 638, 644, 649, 650, 656, 661, 663, 669, 673, 674, 676, 677, 682, 683, 684, 687, 688, 689, 691, 694, 699, 701, 710, 718, 722, 723, 727, 728, 730, 731, 737, 738, 743, 744, 747, 749, 751, 762, 764, 770, 774, 777, 778, 781, 782, 789, 791]","[1, 13, 14, 29, 54, 55, 56, 57, 58, 60, 102, 118, 125, 127, 130, 134, 146, 149, 153, 175, 182, 187, 189, 191, 197, 225, 230, 238, 264, 265, 266, 286, 302, 317, 336, 379, 388, 389, 425, 454, 458, 463, 475, 487, 498, 499, 512, 530, 531, 532, 533, 534, 536, 573, 589, 596, 598, 601, 605, 617, 620, 624, 646, 653, 658, 660, 662, 668, 689, 694, 702, 724, 725, 745, 760, 775, 793, 829, 838, 839, 877, 901, 903, 905, 910, 923]","[1, 13, 14, 29, 54, 55, 56, 57, 58, 60, 102, 118, 125, 127, 130, 134, 146, 149, 153, 175, 182, 187, 189, 191, 197, 225, 230, 238, 264, 265, 266, 286, 301, 302, 312, 317, 336, 354, 379, 388, 389, 425, 454, 458, 463, 475, 476, 487, 498, 499, 512, 530, 531, 532, 533, 534, 536, 573, 589, 596, 598, 601, 605, 617, 620, 624, 646, 653, 658, 660, 662, 668, 689, 694, 702, 724, 725, 745, 760, 770, 775, 793, 809, 829, 838, 839, 877, 901, 903, 905, 910, 923, 924, 925]","[1, 5, 10, 13, 14, 29, 54, 55, 56, 57, 58, 60, 75, 93, 101, 102, 103, 104, 105, 106, 107, 108, 109, 110, 111, 112, 113, 114, 115, 116, 117, 118, 119, 120, 121, 122, 123, 124, 125, 126, 127, 128, 129, 130, 131, 132, 133, 134, 135, 136, 137, 138, 139, 140, 141, 142, 143, 144, 145, 146, 147, 148, 149, 150, 151, 152, 153, 154, 155, 156, 157, 158, 159, 160, 161, 162, 163, 164, 165, 166, 167, 168, 169, 170, 171, 172, 173, 174, 175, 176, 177, 178, 179, 180, 181, 182, 183, 184, 185, 186, 187, 188, 189, 190, 191, 192, 193, 194, 195, 196, 197, 198, 199, 200, 201, 202, 203, 204, 205, 206, 207, 208, 209, 210, 211, 212, 213, 214, 215, 216, 217, 218, 219, 220, 221, 222, 223, 224, 225, 226, 227, 228, 229, 230, 231, 232, 233, 234, 235, 236, 237, 238, 239, 240, 241, 242, 243, 244, 245, 246, 247, 248, 249, 250, 251, 252, 253, 254, 255, 256, 257, 258, 259, 260, 261, 262, 263, 264, 265, 266, 267, 268, 269, 270, 271, 272, 273, 274, 275, 276, 277, 278, 279, 280, 281, 282, 283, 284, 285, 286, 287, 288, 289, 290, 291, 292, 293, 294, 295, 296, 297, 298, 299, 300, 301, 302, 303, 304, 305, 306, 307, 308, 309, 310, 311, 312, 313, 314, 315, 316, 317, 318, 319, 320, 321, 322, 323, 324, 325, 326, 327, 328, 329, 330, 331, 332, 333, 334, 335, 336, 337, 354, 379, 388, 389, 425, 454, 458, 463, 475, 476, 487, 491, 495, 498, 499, 512, 530, 531, 532, 533, 534, 536, 549, 564, 572, 573, 574, 575, 576, 577, 578, 579, 580, 581, 582, 583, 584, 585, 586, 587, 588, 589, 590, 591, 592, 593, 594, 595, 596, 597, 598, 599, 600, 601, 602, 603, 604, 605, 606, 607, 608, 609, 610, 611, 612, 613, 614, 615, 616, 617, 618, 619, 620, 621, 622, 623, 624, 625, 626, 627, 628, 629, 630, 631, 632, 633, 634, 635, 636, 637, 638, 639, 640, 641, 642, 643, 644, 645, 646, 647, 648, 649, 650, 651, 652, 653, 654, 655, 656, 657, 658, 659, 660, 661, 662, 663, 664, 665, 666, 667, 668, 669, 670, 671, 672, 673, 674, 675, 676, 677, 678, 679, 680, 681, 682, 683, 684, 685, 686, 687, 688, 689, 690, 691, 692, 693, 694, 695, 696, 697, 698, 699, 700, 701, 702, 703, 704, 705, 706, 707, 708, 709, 710, 711, 712, 713, 714, 715, 716, 717, 718, 719, 720, 721, 722, 723, 724, 725, 726, 727, 728, 729, 730, 731, 732, 733, 734, 735, 736, 737, 738, 739, 740, 741, 742, 743, 744, 745, 746, 747, 748, 749, 750, 751, 752, 753, 754, 755, 756, 757, 758, 759, 760, 761, 762, 763, 764, 765, 766, 767, 768, 769, 770, 771, 772, 773, 774, 775, 776, 777, 778, 779, 780, 781, 782, 783, 784, 785, 786, 787, 788, 789, 790, 791, 792, 793, 809, 829, 838, 839, 877, 901, 903, 905, 910, 923, 924, 925]",True,"[312, 770]","[103, 104, 105, 106, 107, 108, 109, 110, 111, 112, 113, 114, 115, 116, 117, 118, 119, 120, 121, 122, 123, 124, 125, 126, 127, 128, 129, 130, 131, 132, 133, 134, 135, 136, 137, 138, 139, 140, 141, 142, 143, 144, 145, 146, 147, 148, 149, 150, 151, 152, 153, 154, 155, 156, 157, 158, 159, 160, 161, 162, 163, 164, 165, 166, 167, 168, 169, 170, 171, 172, 173, 174, 175, 176, 177, 178, 179, 180, 181, 182, 183, 184, 185, 186, 187, 188, 189, 190, 191, 192, 193, 194, 195, 196, 197, 198, 199, 200, 201, 202, 203, 204, 205, 206, 207, 208, 209, 210, 211, 212, 213, 214, 215, 216, 217, 218, 219, 220, 221, 222, 223, 224, 225, 226, 227, 228, 229, 230, 231, 232, 233, 234, 235, 236, 237, 238, 239, 240, 241, 242, 243, 244, 245, 246, 247, 248, 249, 250, 251, 252, 253, 254, 255, 256, 257, 258, 259, 260, 261, 262, 263, 264, 265, 266, 267, 268, 269, 270, 271, 272, 273, 274, 275, 276, 277, 278, 279, 280, 281, 282, 283, 284, 285, 286, 287, 288, 289, 290, 291, 292, 293, 294, 295, 296, 297, 298, 299, 300, 301, 302, 303, 304, 305, 306, 307, 308, 309, 310, 311, 312, 313, 314, 315, 316, 317, 318, 319, 320, 321, 322, 323, 324, 325, 326, 327, 328, 329, 330, 331, 332, 333, 334, 335, 336, 337, 574, 575, 576, 577, 578, 579, 580, 581, 582, 583, 584, 585, 586, 587, 588, 589, 590, 591, 592, 593, 594, 595, 596, 597, 598, 599, 600, 601, 602, 603, 604, 605, 606, 607, 608, 609, 610, 611, 612, 613, 614, 615, 616, 617, 618, 619, 620, 621, 622, 623, 624, 625, 626, 627, 628, 629, 630, 631, 632, 633, 634, 635, 636, 637, 638, 639, 640, 641, 642, 643, 644, 645, 646, 647, 648, 649, 650, 651, 652, 653, 654, 655, 656, 657, 658, 659, 660, 661, 662, 663, 664, 665, 666, 667, 668, 669, 670, 671, 672, 673, 674, 675, 676, 677, 678, 679, 680, 681, 682, 683, 684, 685, 686, 687, 688, 689, 690, 691, 692, 693, 694, 695, 696, 697, 698, 699, 700, 701, 702, 703, 704, 705, 706, 707, 708, 709, 710, 711, 712, 713, 714, 715, 716, 717, 718, 719, 720, 721, 722, 723, 724, 725, 726, 727, 728, 729, 730, 731, 732, 733, 734, 735, 736, 737, 738, 739, 740, 741, 742, 743, 744, 745, 746, 747, 748, 749, 750, 751, 752, 753, 754, 755, 756, 757, 758, 759, 760, 761, 762, 763, 764, 765, 766, 767, 768, 769, 770, 771, 772, 773, 774, 775, 776, 777, 778, 779, 780, 781, 782, 783, 784, 785, 786, 787, 788, 789, 790, 791, 792, 793]","[262, 312, 722, 770]","[5, 93, 101, 262, 312, 491, 564, 572, 722, 770]","[10, 75, 103, 104, 106, 117, 118, 120, 127, 128, 129, 131, 133, 135, 136, 137, 139, 146, 147, 148, 149, 151, 158, 160, 162, 166, 173, 178, 179, 185, 190, 192, 198, 201, 203, 204, 206, 207, 212, 213, 214, 219, 223, 224, 225, 227, 230, 235, 237, 246, 247, 256, 259, 262, 263, 266, 268, 269, 271, 272, 278, 279, 284, 285, 288, 290, 292, 304, 306, 312, 316, 319, 320, 323, 324, 329, 332, 335, 495, 549, 574, 575, 577, 588, 589, 591, 598, 599, 600, 602, 604, 606, 607, 608, 610, 617, 618, 619, 620, 622, 625, 630, 632, 634, 638, 644, 649, 650, 656, 661, 663, 669, 673, 674, 676, 677, 682, 683, 684, 687, 688, 689, 691, 694, 699, 701, 710, 718, 722, 723, 727, 728, 730, 731, 737, 738, 743, 744, 747, 749, 751, 762, 764, 770, 774, 777, 778, 781, 782, 789, 791]","[1, 13, 14, 29, 54, 55, 56, 57, 58, 60, 102, 118, 125, 127, 130, 134, 146, 149, 153, 175, 182, 187, 189, 191, 197, 225, 230, 238, 264, 265, 266, 286, 301, 302, 312, 317, 336, 354, 379, 388, 389, 425, 454, 458, 463, 475, 476, 487, 498, 499, 512, 530, 531, 532, 533, 534, 536, 573, 589, 596, 598, 601, 605, 617, 620, 624, 646, 653, 658, 660, 662, 668, 689, 694, 702, 724, 725, 745, 760, 770, 775, 793, 809, 829, 838, 839, 877, 901, 903, 905, 910, 923, 924, 925]","[1, 13, 14, 29, 54, 55, 56, 57, 58, 60, 102, 118, 125, 127, 130, 134, 146, 149, 153, 175, 182, 187, 189, 191, 197, 225, 230, 238, 264, 265, 266, 286, 302, 317, 336, 379, 388, 389, 425, 454, 458, 463, 475, 487, 498, 499, 512, 530, 531, 532, 533, 534, 536, 573, 589, 596, 598, 601, 605, 617, 620, 624, 646, 653, 658, 660, 662, 668, 689, 694, 702, 724, 725, 745, 760, 775, 793, 829, 838, 839, 877, 901, 903, 905, 910, 923]",6/6 successful match,True,"[146, 147]",True,804,False,,0.2777777777777778,True,TA Rd ),
E Livingston ( 95334 ) TA Livingston # 170 ( Shell ),3 209-394-4418 CA 99 Exit 203 ( Winton Pkwy W ) TA,TA 24 <U+2610> <U+2610><U+2610><U+2610> 24,Livingston,95334,TA Livingston # 170 ( Shell ),209-394-4418,2015,Livingston,CA,Shell,( Winton Pkwy W ) TA,CA 99 Exit 203 ,Exit,203,False,,False,CA 99,,,,,"[312, 770]","[312, 770]","[262, 312, 722, 770]","[5, 93, 101, 262, 312, 491, 564, 572, 722, 770]","[103, 104, 105, 106, 107, 108, 109, 110, 111, 112, 113, 114, 115, 116, 117, 118, 119, 120, 121, 122, 123, 124, 125, 126, 127, 128, 129, 130, 131, 132, 133, 134, 135, 136, 137, 138, 139, 140, 141, 142, 143, 144, 145, 146, 147, 148, 149, 150, 151, 152, 153, 154, 155, 156, 157, 158, 159, 160, 161, 162, 163, 164, 165, 166, 167, 168, 169, 170, 171, 172, 173, 174, 175, 176, 177, 178, 179, 180, 181, 182, 183, 184, 185, 186, 187, 188, 189, 190, 191, 192, 193, 194, 195, 196, 197, 198, 199, 200, 201, 202, 203, 204, 205, 206, 207, 208, 209, 210, 211, 212, 213, 214, 215, 216, 217, 218, 219, 220, 221, 222, 223, 224, 225, 226, 227, 228, 229, 230, 231, 232, 233, 234, 235, 236, 237, 238, 239, 240, 241, 242, 243, 244, 245, 246, 247, 248, 249, 250, 251, 252, 253, 254, 255, 256, 257, 258, 259, 260, 261, 262, 263, 264, 265, 266, 267, 268, 269, 270, 271, 272, 273, 274, 275, 276, 277, 278, 279, 280, 281, 282, 283, 284, 285, 286, 287, 288, 289, 290, 291, 292, 293, 294, 295, 296, 297, 298, 299, 300, 301, 302, 303, 304, 305, 306, 307, 308, 309, 310, 311, 312, 313, 314, 315, 316, 317, 318, 319, 320, 321, 322, 323, 324, 325, 326, 327, 328, 329, 330, 331, 332, 333, 334, 335, 336, 337, 574, 575, 576, 577, 578, 579, 580, 581, 582, 583, 584, 585, 586, 587, 588, 589, 590, 591, 592, 593, 594, 595, 596, 597, 598, 599, 600, 601, 602, 603, 604, 605, 606, 607, 608, 609, 610, 611, 612, 613, 614, 615, 616, 617, 618, 619, 620, 621, 622, 623, 624, 625, 626, 627, 628, 629, 630, 631, 632, 633, 634, 635, 636, 637, 638, 639, 640, 641, 642, 643, 644, 645, 646, 647, 648, 649, 650, 651, 652, 653, 654, 655, 656, 657, 658, 659, 660, 661, 662, 663, 664, 665, 666, 667, 668, 669, 670, 671, 672, 673, 674, 675, 676, 677, 678, 679, 680, 681, 682, 683, 684, 685, 686, 687, 688, 689, 690, 691, 692, 693, 694, 695, 696, 697, 698, 699, 700, 701, 702, 703, 704, 705, 706, 707, 708, 709, 710, 711, 712, 713, 714, 715, 716, 717, 718, 719, 720, 721, 722, 723, 724, 725, 726, 727, 728, 729, 730, 731, 732, 733, 734, 735, 736, 737, 738, 739, 740, 741, 742, 743, 744, 745, 746, 747, 748, 749, 750, 751, 752, 753, 754, 755, 756, 757, 758, 759, 760, 761, 762, 763, 764, 765, 766, 767, 768, 769, 770, 771, 772, 773, 774, 775, 776, 777, 778, 779, 780, 781, 782, 783, 784, 785, 786, 787, 788, 789, 790, 791, 792, 793]","[10, 75, 103, 104, 106, 117, 118, 120, 127, 128, 129, 131, 133, 135, 136, 137, 139, 146, 147, 148, 149, 151, 158, 160, 162, 166, 173, 178, 179, 185, 190, 192, 198, 201, 203, 204, 206, 207, 212, 213, 214, 219, 223, 224, 225, 227, 230, 235, 237, 246, 247, 256, 259, 262, 263, 266, 268, 269, 271, 272, 278, 279, 284, 285, 288, 290, 292, 304, 306, 312, 316, 319, 320, 323, 324, 329, 332, 335, 495, 549, 574, 575, 577, 588, 589, 591, 598, 599, 600, 602, 604, 606, 607, 608, 610, 617, 618, 619, 620, 622, 625, 630, 632, 634, 638, 644, 649, 650, 656, 661, 663, 669, 673, 674, 676, 677, 682, 683, 684, 687, 688, 689, 691, 694, 699, 701, 710, 718, 722, 723, 727, 728, 730, 731, 737, 738, 743, 744, 747, 749, 751, 762, 764, 770, 774, 777, 778, 781, 782, 789, 791]","[1, 13, 14, 29, 54, 55, 56, 57, 58, 60, 102, 118, 125, 127, 130, 134, 146, 149, 153, 175, 182, 187, 189, 191, 197, 225, 230, 238, 264, 265, 266, 286, 302, 317, 336, 379, 388, 389, 425, 454, 458, 463, 475, 487, 498, 499, 512, 530, 531, 532, 533, 534, 536, 573, 589, 596, 598, 601, 605, 617, 620, 624, 646, 653, 658, 660, 662, 668, 689, 694, 702, 724, 725, 745, 760, 775, 793, 829, 838, 839, 877, 901, 903, 905, 910, 923]","[1, 13, 14, 29, 54, 55, 56, 57, 58, 60, 102, 118, 125, 127, 130, 134, 146, 149, 153, 175, 182, 187, 189, 191, 197, 225, 230, 238, 264, 265, 266, 286, 301, 302, 312, 317, 336, 354, 379, 388, 389, 425, 454, 458, 463, 475, 476, 487, 498, 499, 512, 530, 531, 532, 533, 534, 536, 573, 589, 596, 598, 601, 605, 617, 620, 624, 646, 653, 658, 660, 662, 668, 689, 694, 702, 724, 725, 745, 760, 770, 775, 793, 809, 829, 838, 839, 877, 901, 903, 905, 910, 923, 924, 925]","[1, 5, 10, 13, 14, 29, 54, 55, 56, 57, 58, 60, 75, 93, 101, 102, 103, 104, 105, 106, 107, 108, 109, 110, 111, 112, 113, 114, 115, 116, 117, 118, 119, 120, 121, 122, 123, 124, 125, 126, 127, 128, 129, 130, 131, 132, 133, 134, 135, 136, 137, 138, 139, 140, 141, 142, 143, 144, 145, 146, 147, 148, 149, 150, 151, 152, 153, 154, 155, 156, 157, 158, 159, 160, 161, 162, 163, 164, 165, 166, 167, 168, 169, 170, 171, 172, 173, 174, 175, 176, 177, 178, 179, 180, 181, 182, 183, 184, 185, 186, 187, 188, 189, 190, 191, 192, 193, 194, 195, 196, 197, 198, 199, 200, 201, 202, 203, 204, 205, 206, 207, 208, 209, 210, 211, 212, 213, 214, 215, 216, 217, 218, 219, 220, 221, 222, 223, 224, 225, 226, 227, 228, 229, 230, 231, 232, 233, 234, 235, 236, 237, 238, 239, 240, 241, 242, 243, 244, 245, 246, 247, 248, 249, 250, 251, 252, 253, 254, 255, 256, 257, 258, 259, 260, 261, 262, 263, 264, 265, 266, 267, 268, 269, 270, 271, 272, 273, 274, 275, 276, 277, 278, 279, 280, 281, 282, 283, 284, 285, 286, 287, 288, 289, 290, 291, 292, 293, 294, 295, 296, 297, 298, 299, 300, 301, 302, 303, 304, 305, 306, 307, 308, 309, 310, 311, 312, 313, 314, 315, 316, 317, 318, 319, 320, 321, 322, 323, 324, 325, 326, 327, 328, 329, 330, 331, 332, 333, 334, 335, 336, 337, 354, 379, 388, 389, 425, 454, 458, 463, 475, 476, 487, 491, 495, 498, 499, 512, 530, 531, 532, 533, 534, 536, 549, 564, 572, 573, 574, 575, 576, 577, 578, 579, 580, 581, 582, 583, 584, 585, 586, 587, 588, 589, 590, 591, 592, 593, 594, 595, 596, 597, 598, 599, 600, 601, 602, 603, 604, 605, 606, 607, 608, 609, 610, 611, 612, 613, 614, 615, 616, 617, 618, 619, 620, 621, 622, 623, 624, 625, 626, 627, 628, 629, 630, 631, 632, 633, 634, 635, 636, 637, 638, 639, 640, 641, 642, 643, 644, 645, 646, 647, 648, 649, 650, 651, 652, 653, 654, 655, 656, 657, 658, 659, 660, 661, 662, 663, 664, 665, 666, 667, 668, 669, 670, 671, 672, 673, 674, 675, 676, 677, 678, 679, 680, 681, 682, 683, 684, 685, 686, 687, 688, 689, 690, 691, 692, 693, 694, 695, 696, 697, 698, 699, 700, 701, 702, 703, 704, 705, 706, 707, 708, 709, 710, 711, 712, 713, 714, 715, 716, 717, 718, 719, 720, 721, 722, 723, 724, 725, 726, 727, 728, 729, 730, 731, 732, 733, 734, 735, 736, 737, 738, 739, 740, 741, 742, 743, 744, 745, 746, 747, 748, 749, 750, 751, 752, 753, 754, 755, 756, 757, 758, 759, 760, 761, 762, 763, 764, 765, 766, 767, 768, 769, 770, 771, 772, 773, 774, 775, 776, 777, 778, 779, 780, 781, 782, 783, 784, 785, 786, 787, 788, 789, 790, 791, 792, 793, 809, 829, 838, 839, 877, 901, 903, 905, 910, 923, 924, 925]",True,"[312, 770]","[103, 104, 105, 106, 107, 108, 109, 110, 111, 112, 113, 114, 115, 116, 117, 118, 119, 120, 121, 122, 123, 124, 125, 126, 127, 128, 129, 130, 131, 132, 133, 134, 135, 136, 137, 138, 139, 140, 141, 142, 143, 144, 145, 146, 147, 148, 149, 150, 151, 152, 153, 154, 155, 156, 157, 158, 159, 160, 161, 162, 163, 164, 165, 166, 167, 168, 169, 170, 171, 172, 173, 174, 175, 176, 177, 178, 179, 180, 181, 182, 183, 184, 185, 186, 187, 188, 189, 190, 191, 192, 193, 194, 195, 196, 197, 198, 199, 200, 201, 202, 203, 204, 205, 206, 207, 208, 209, 210, 211, 212, 213, 214, 215, 216, 217, 218, 219, 220, 221, 222, 223, 224, 225, 226, 227, 228, 229, 230, 231, 232, 233, 234, 235, 236, 237, 238, 239, 240, 241, 242, 243, 244, 245, 246, 247, 248, 249, 250, 251, 252, 253, 254, 255, 256, 257, 258, 259, 260, 261, 262, 263, 264, 265, 266, 267, 268, 269, 270, 271, 272, 273, 274, 275, 276, 277, 278, 279, 280, 281, 282, 283, 284, 285, 286, 287, 288, 289, 290, 291, 292, 293, 294, 295, 296, 297, 298, 299, 300, 301, 302, 303, 304, 305, 306, 307, 308, 309, 310, 311, 312, 313, 314, 315, 316, 317, 318, 319, 320, 321, 322, 323, 324, 325, 326, 327, 328, 329, 330, 331, 332, 333, 334, 335, 336, 337, 574, 575, 576, 577, 578, 579, 580, 581, 582, 583, 584, 585, 586, 587, 588, 589, 590, 591, 592, 593, 594, 595, 596, 597, 598, 599, 600, 601, 602, 603, 604, 605, 606, 607, 608, 609, 610, 611, 612, 613, 614, 615, 616, 617, 618, 619, 620, 621, 622, 623, 624, 625, 626, 627, 628, 629, 630, 631, 632, 633, 634, 635, 636, 637, 638, 639, 640, 641, 642, 643, 644, 645, 646, 647, 648, 649, 650, 651, 652, 653, 654, 655, 656, 657, 658, 659, 660, 661, 662, 663, 664, 665, 666, 667, 668, 669, 670, 671, 672, 673, 674, 675, 676, 677, 678, 679, 680, 681, 682, 683, 684, 685, 686, 687, 688, 689, 690, 691, 692, 693, 694, 695, 696, 697, 698, 699, 700, 701, 702, 703, 704, 705, 706, 707, 708, 709, 710, 711, 712, 713, 714, 715, 716, 717, 718, 719, 720, 721, 722, 723, 724, 725, 726, 727, 728, 729, 730, 731, 732, 733, 734, 735, 736, 737, 738, 739, 740, 741, 742, 743, 744, 745, 746, 747, 748, 749, 750, 751, 752, 753, 754, 755, 756, 757, 758, 759, 760, 761, 762, 763, 764, 765, 766, 767, 768, 769, 770, 771, 772, 773, 774, 775, 776, 777, 778, 779, 780, 781, 782, 783, 784, 785, 786, 787, 788, 789, 790, 791, 792, 793]","[262, 312, 722, 770]","[5, 93, 101, 262, 312, 491, 564, 572, 722, 770]","[10, 75, 103, 104, 106, 117, 118, 120, 127, 128, 129, 131, 133, 135, 136, 137, 139, 146, 147, 148, 149, 151, 158, 160, 162, 166, 173, 178, 179, 185, 190, 192, 198, 201, 203, 204, 206, 207, 212, 213, 214, 219, 223, 224, 225, 227, 230, 235, 237, 246, 247, 256, 259, 262, 263, 266, 268, 269, 271, 272, 278, 279, 284, 285, 288, 290, 292, 304, 306, 312, 316, 319, 320, 323, 324, 329, 332, 335, 495, 549, 574, 575, 577, 588, 589, 591, 598, 599, 600, 602, 604, 606, 607, 608, 610, 617, 618, 619, 620, 622, 625, 630, 632, 634, 638, 644, 649, 650, 656, 661, 663, 669, 673, 674, 676, 677, 682, 683, 684, 687, 688, 689, 691, 694, 699, 701, 710, 718, 722, 723, 727, 728, 730, 731, 737, 738, 743, 744, 747, 749, 751, 762, 764, 770, 774, 777, 778, 781, 782, 789, 791]","[1, 13, 14, 29, 54, 55, 56, 57, 58, 60, 102, 118, 125, 127, 130, 134, 146, 149, 153, 175, 182, 187, 189, 191, 197, 225, 230, 238, 264, 265, 266, 286, 301, 302, 312, 317, 336, 354, 379, 388, 389, 425, 454, 458, 463, 475, 476, 487, 498, 499, 512, 530, 531, 532, 533, 534, 536, 573, 589, 596, 598, 601, 605, 617, 620, 624, 646, 653, 658, 660, 662, 668, 689, 694, 702, 724, 725, 745, 760, 770, 775, 793, 809, 829, 838, 839, 877, 901, 903, 905, 910, 923, 924, 925]","[1, 13, 14, 29, 54, 55, 56, 57, 58, 60, 102, 118, 125, 127, 130, 134, 146, 149, 153, 175, 182, 187, 189, 191, 197, 225, 230, 238, 264, 265, 266, 286, 302, 317, 336, 379, 388, 389, 425, 454, 458, 463, 475, 487, 498, 499, 512, 530, 531, 532, 533, 534, 536, 573, 589, 596, 598, 601, 605, 617, 620, 624, 646, 653, 658, 660, 662, 668, 689, 694, 702, 724, 725, 745, 760, 775, 793, 829, 838, 839, 877, 901, 903, 905, 910, 923]",6/6 successful match,True,"[146, 147]",True,804,False,,1.0,True,TA Livingston # 170 ( Shell ),Shell
Livingston ( 95334 ) TA Livingston # 170 ( Shell ),209-394-4418 CA 99 Exit 203 ( Winton Pkwy W ),24 <U+25A1> LOO,Livingston,95334,TA Livingston # 170 ( Shell ),209-394-4418,2016,Livingston,CA,Shell,( Winton Pkwy W ),CA 99 Exit 203 ,Exit,203,False,,False,CA 99,,,,,"[312, 770]","[312, 770]","[262, 312, 722, 770]","[5, 93, 101, 262, 312, 491, 564, 572, 722, 770]","[103, 104, 105, 106, 107, 108, 109, 110, 111, 112, 113, 114, 115, 116, 117, 118, 119, 120, 121, 122, 123, 124, 125, 126, 127, 128, 129, 130, 131, 132, 133, 134, 135, 136, 137, 138, 139, 140, 141, 142, 143, 144, 145, 146, 147, 148, 149, 150, 151, 152, 153, 154, 155, 156, 157, 158, 159, 160, 161, 162, 163, 164, 165, 166, 167, 168, 169, 170, 171, 172, 173, 174, 175, 176, 177, 178, 179, 180, 181, 182, 183, 184, 185, 186, 187, 188, 189, 190, 191, 192, 193, 194, 195, 196, 197, 198, 199, 200, 201, 202, 203, 204, 205, 206, 207, 208, 209, 210, 211, 212, 213, 214, 215, 216, 217, 218, 219, 220, 221, 222, 223, 224, 225, 226, 227, 228, 229, 230, 231, 232, 233, 234, 235, 236, 237, 238, 239, 240, 241, 242, 243, 244, 245, 246, 247, 248, 249, 250, 251, 252, 253, 254, 255, 256, 257, 258, 259, 260, 261, 262, 263, 264, 265, 266, 267, 268, 269, 270, 271, 272, 273, 274, 275, 276, 277, 278, 279, 280, 281, 282, 283, 284, 285, 286, 287, 288, 289, 290, 291, 292, 293, 294, 295, 296, 297, 298, 299, 300, 301, 302, 303, 304, 305, 306, 307, 308, 309, 310, 311, 312, 313, 314, 315, 316, 317, 318, 319, 320, 321, 322, 323, 324, 325, 326, 327, 328, 329, 330, 331, 332, 333, 334, 335, 336, 337, 574, 575, 576, 577, 578, 579, 580, 581, 582, 583, 584, 585, 586, 587, 588, 589, 590, 591, 592, 593, 594, 595, 596, 597, 598, 599, 600, 601, 602, 603, 604, 605, 606, 607, 608, 609, 610, 611, 612, 613, 614, 615, 616, 617, 618, 619, 620, 621, 622, 623, 624, 625, 626, 627, 628, 629, 630, 631, 632, 633, 634, 635, 636, 637, 638, 639, 640, 641, 642, 643, 644, 645, 646, 647, 648, 649, 650, 651, 652, 653, 654, 655, 656, 657, 658, 659, 660, 661, 662, 663, 664, 665, 666, 667, 668, 669, 670, 671, 672, 673, 674, 675, 676, 677, 678, 679, 680, 681, 682, 683, 684, 685, 686, 687, 688, 689, 690, 691, 692, 693, 694, 695, 696, 697, 698, 699, 700, 701, 702, 703, 704, 705, 706, 707, 708, 709, 710, 711, 712, 713, 714, 715, 716, 717, 718, 719, 720, 721, 722, 723, 724, 725, 726, 727, 728, 729, 730, 731, 732, 733, 734, 735, 736, 737, 738, 739, 740, 741, 742, 743, 744, 745, 746, 747, 748, 749, 750, 751, 752, 753, 754, 755, 756, 757, 758, 759, 760, 761, 762, 763, 764, 765, 766, 767, 768, 769, 770, 771, 772, 773, 774, 775, 776, 777, 778, 779, 780, 781, 782, 783, 784, 785, 786, 787, 788, 789, 790, 791, 792, 793]","[10, 75, 103, 104, 106, 117, 118, 120, 127, 128, 129, 131, 133, 135, 136, 137, 139, 146, 147, 148, 149, 151, 158, 160, 162, 166, 173, 178, 179, 185, 190, 192, 198, 201, 203, 204, 206, 207, 212, 213, 214, 219, 223, 224, 225, 227, 230, 235, 237, 246, 247, 256, 259, 262, 263, 266, 268, 269, 271, 272, 278, 279, 284, 285, 288, 290, 292, 304, 306, 312, 316, 319, 320, 323, 324, 329, 332, 335, 495, 549, 574, 575, 577, 588, 589, 591, 598, 599, 600, 602, 604, 606, 607, 608, 610, 617, 618, 619, 620, 622, 625, 630, 632, 634, 638, 644, 649, 650, 656, 661, 663, 669, 673, 674, 676, 677, 682, 683, 684, 687, 688, 689, 691, 694, 699, 701, 710, 718, 722, 723, 727, 728, 730, 731, 737, 738, 743, 744, 747, 749, 751, 762, 764, 770, 774, 777, 778, 781, 782, 789, 791]","[1, 13, 14, 29, 54, 55, 56, 57, 58, 60, 102, 118, 125, 127, 130, 134, 146, 149, 153, 175, 182, 187, 189, 191, 197, 225, 230, 238, 264, 265, 266, 286, 302, 317, 336, 379, 388, 389, 425, 454, 458, 463, 475, 487, 498, 499, 512, 530, 531, 532, 533, 534, 536, 573, 589, 596, 598, 601, 605, 617, 620, 624, 646, 653, 658, 660, 662, 668, 689, 694, 702, 724, 725, 745, 760, 775, 793, 829, 838, 839, 877, 901, 903, 905, 910, 923]","[1, 13, 14, 29, 54, 55, 56, 57, 58, 60, 102, 118, 125, 127, 130, 134, 146, 149, 153, 175, 182, 187, 189, 191, 197, 225, 230, 238, 264, 265, 266, 286, 301, 302, 312, 317, 336, 354, 379, 388, 389, 425, 454, 458, 463, 475, 476, 487, 498, 499, 512, 530, 531, 532, 533, 534, 536, 573, 589, 596, 598, 601, 605, 617, 620, 624, 646, 653, 658, 660, 662, 668, 689, 694, 702, 724, 725, 745, 760, 770, 775, 793, 809, 829, 838, 839, 877, 901, 903, 905, 910, 923, 924, 925]","[1, 5, 10, 13, 14, 29, 54, 55, 56, 57, 58, 60, 75, 93, 101, 102, 103, 104, 105, 106, 107, 108, 109, 110, 111, 112, 113, 114, 115, 116, 117, 118, 119, 120, 121, 122, 123, 124, 125, 126, 127, 128, 129, 130, 131, 132, 133, 134, 135, 136, 137, 138, 139, 140, 141, 142, 143, 144, 145, 146, 147, 148, 149, 150, 151, 152, 153, 154, 155, 156, 157, 158, 159, 160, 161, 162, 163, 164, 165, 166, 167, 168, 169, 170, 171, 172, 173, 174, 175, 176, 177, 178, 179, 180, 181, 182, 183, 184, 185, 186, 187, 188, 189, 190, 191, 192, 193, 194, 195, 196, 197, 198, 199, 200, 201, 202, 203, 204, 205, 206, 207, 208, 209, 210, 211, 212, 213, 214, 215, 216, 217, 218, 219, 220, 221, 222, 223, 224, 225, 226, 227, 228, 229, 230, 231, 232, 233, 234, 235, 236, 237, 238, 239, 240, 241, 242, 243, 244, 245, 246, 247, 248, 249, 250, 251, 252, 253, 254, 255, 256, 257, 258, 259, 260, 261, 262, 263, 264, 265, 266, 267, 268, 269, 270, 271, 272, 273, 274, 275, 276, 277, 278, 279, 280, 281, 282, 283, 284, 285, 286, 287, 288, 289, 290, 291, 292, 293, 294, 295, 296, 297, 298, 299, 300, 301, 302, 303, 304, 305, 306, 307, 308, 309, 310, 311, 312, 313, 314, 315, 316, 317, 318, 319, 320, 321, 322, 323, 324, 325, 326, 327, 328, 329, 330, 331, 332, 333, 334, 335, 336, 337, 354, 379, 388, 389, 425, 454, 458, 463, 475, 476, 487, 491, 495, 498, 499, 512, 530, 531, 532, 533, 534, 536, 549, 564, 572, 573, 574, 575, 576, 577, 578, 579, 580, 581, 582, 583, 584, 585, 586, 587, 588, 589, 590, 591, 592, 593, 594, 595, 596, 597, 598, 599, 600, 601, 602, 603, 604, 605, 606, 607, 608, 609, 610, 611, 612, 613, 614, 615, 616, 617, 618, 619, 620, 621, 622, 623, 624, 625, 626, 627, 628, 629, 630, 631, 632, 633, 634, 635, 636, 637, 638, 639, 640, 641, 642, 643, 644, 645, 646, 647, 648, 649, 650, 651, 652, 653, 654, 655, 656, 657, 658, 659, 660, 661, 662, 663, 664, 665, 666, 667, 668, 669, 670, 671, 672, 673, 674, 675, 676, 677, 678, 679, 680, 681, 682, 683, 684, 685, 686, 687, 688, 689, 690, 691, 692, 693, 694, 695, 696, 697, 698, 699, 700, 701, 702, 703, 704, 705, 706, 707, 708, 709, 710, 711, 712, 713, 714, 715, 716, 717, 718, 719, 720, 721, 722, 723, 724, 725, 726, 727, 728, 729, 730, 731, 732, 733, 734, 735, 736, 737, 738, 739, 740, 741, 742, 743, 744, 745, 746, 747, 748, 749, 750, 751, 752, 753, 754, 755, 756, 757, 758, 759, 760, 761, 762, 763, 764, 765, 766, 767, 768, 769, 770, 771, 772, 773, 774, 775, 776, 777, 778, 779, 780, 781, 782, 783, 784, 785, 786, 787, 788, 789, 790, 791, 792, 793, 809, 829, 838, 839, 877, 901, 903, 905, 910, 923, 924, 925]",True,"[312, 770]","[103, 104, 105, 106, 107, 108, 109, 110, 111, 112, 113, 114, 115, 116, 117, 118, 119, 120, 121, 122, 123, 124, 125, 126, 127, 128, 129, 130, 131, 132, 133, 134, 135, 136, 137, 138, 139, 140, 141, 142, 143, 144, 145, 146, 147, 148, 149, 150, 151, 152, 153, 154, 155, 156, 157, 158, 159, 160, 161, 162, 163, 164, 165, 166, 167, 168, 169, 170, 171, 172, 173, 174, 175, 176, 177, 178, 179, 180, 181, 182, 183, 184, 185, 186, 187, 188, 189, 190, 191, 192, 193, 194, 195, 196, 197, 198, 199, 200, 201, 202, 203, 204, 205, 206, 207, 208, 209, 210, 211, 212, 213, 214, 215, 216, 217, 218, 219, 220, 221, 222, 223, 224, 225, 226, 227, 228, 229, 230, 231, 232, 233, 234, 235, 236, 237, 238, 239, 240, 241, 242, 243, 244, 245, 246, 247, 248, 249, 250, 251, 252, 253, 254, 255, 256, 257, 258, 259, 260, 261, 262, 263, 264, 265, 266, 267, 268, 269, 270, 271, 272, 273, 274, 275, 276, 277, 278, 279, 280, 281, 282, 283, 284, 285, 286, 287, 288, 289, 290, 291, 292, 293, 294, 295, 296, 297, 298, 299, 300, 301, 302, 303, 304, 305, 306, 307, 308, 309, 310, 311, 312, 313, 314, 315, 316, 317, 318, 319, 320, 321, 322, 323, 324, 325, 326, 327, 328, 329, 330, 331, 332, 333, 334, 335, 336, 337, 574, 575, 576, 577, 578, 579, 580, 581, 582, 583, 584, 585, 586, 587, 588, 589, 590, 591, 592, 593, 594, 595, 596, 597, 598, 599, 600, 601, 602, 603, 604, 605, 606, 607, 608, 609, 610, 611, 612, 613, 614, 615, 616, 617, 618, 619, 620, 621, 622, 623, 624, 625, 626, 627, 628, 629, 630, 631, 632, 633, 634, 635, 636, 637, 638, 639, 640, 641, 642, 643, 644, 645, 646, 647, 648, 649, 650, 651, 652, 653, 654, 655, 656, 657, 658, 659, 660, 661, 662, 663, 664, 665, 666, 667, 668, 669, 670, 671, 672, 673, 674, 675, 676, 677, 678, 679, 680, 681, 682, 683, 684, 685, 686, 687, 688, 689, 690, 691, 692, 693, 694, 695, 696, 697, 698, 699, 700, 701, 702, 703, 704, 705, 706, 707, 708, 709, 710, 711, 712, 713, 714, 715, 716, 717, 718, 719, 720, 721, 722, 723, 724, 725, 726, 727, 728, 729, 730, 731, 732, 733, 734, 735, 736, 737, 738, 739, 740, 741, 742, 743, 744, 745, 746, 747, 748, 749, 750, 751, 752, 753, 754, 755, 756, 757, 758, 759, 760, 761, 762, 763, 764, 765, 766, 767, 768, 769, 770, 771, 772, 773, 774, 775, 776, 777, 778, 779, 780, 781, 782, 783, 784, 785, 786, 787, 788, 789, 790, 791, 792, 793]","[262, 312, 722, 770]","[5, 93, 101, 262, 312, 491, 564, 572, 722, 770]","[10, 75, 103, 104, 106, 117, 118, 120, 127, 128, 129, 131, 133, 135, 136, 137, 139, 146, 147, 148, 149, 151, 158, 160, 162, 166, 173, 178, 179, 185, 190, 192, 198, 201, 203, 204, 206, 207, 212, 213, 214, 219, 223, 224, 225, 227, 230, 235, 237, 246, 247, 256, 259, 262, 263, 266, 268, 269, 271, 272, 278, 279, 284, 285, 288, 290, 292, 304, 306, 312, 316, 319, 320, 323, 324, 329, 332, 335, 495, 549, 574, 575, 577, 588, 589, 591, 598, 599, 600, 602, 604, 606, 607, 608, 610, 617, 618, 619, 620, 622, 625, 630, 632, 634, 638, 644, 649, 650, 656, 661, 663, 669, 673, 674, 676, 677, 682, 683, 684, 687, 688, 689, 691, 694, 699, 701, 710, 718, 722, 723, 727, 728, 730, 731, 737, 738, 743, 744, 747, 749, 751, 762, 764, 770, 774, 777, 778, 781, 782, 789, 791]","[1, 13, 14, 29, 54, 55, 56, 57, 58, 60, 102, 118, 125, 127, 130, 134, 146, 149, 153, 175, 182, 187, 189, 191, 197, 225, 230, 238, 264, 265, 266, 286, 301, 302, 312, 317, 336, 354, 379, 388, 389, 425, 454, 458, 463, 475, 476, 487, 498, 499, 512, 530, 531, 532, 533, 534, 536, 573, 589, 596, 598, 601, 605, 617, 620, 624, 646, 653, 658, 660, 662, 668, 689, 694, 702, 724, 725, 745, 760, 770, 775, 793, 809, 829, 838, 839, 877, 901, 903, 905, 910, 923, 924, 925]","[1, 13, 14, 29, 54, 55, 56, 57, 58, 60, 102, 118, 125, 127, 130, 134, 146, 149, 153, 175, 182, 187, 189, 191, 197, 225, 230, 238, 264, 265, 266, 286, 302, 317, 336, 379, 388, 389, 425, 454, 458, 463, 475, 487, 498, 499, 512, 530, 531, 532, 533, 534, 536, 573, 589, 596, 598, 601, 605, 617, 620, 624, 646, 653, 658, 660, 662, 668, 689, 694, 702, 724, 725, 745, 760, 775, 793, 829, 838, 839, 877, 901, 903, 905, 910, 923]",6/6 successful match,True,"[146, 147]",True,804,False,,1.0,True,TA Livingston # 170 ( Shell ),Shell
"Ripon , 95366 Jimco Truck Plaza",209-599-2112 CA 99 Exit 237 B ( Jack Tone Rd ),24,Ripon,95366,Jimco Truck Plaza,209-599-2112,2006,Ripon,CA,,( Jack Tone Rd ),CA 99 Exit 237 B ,Exit,237,False,,False,CA 99,,,,,[],"[166, 203, 638, 673]","[166, 203, 638, 673]","[166, 203, 638, 673]","[103, 104, 105, 106, 107, 108, 109, 110, 111, 112, 113, 114, 115, 116, 117, 118, 119, 120, 121, 122, 123, 124, 125, 126, 127, 128, 129, 130, 131, 132, 133, 134, 135, 136, 137, 138, 139, 140, 141, 142, 143, 144, 145, 146, 147, 148, 149, 150, 151, 152, 153, 154, 155, 156, 157, 158, 159, 160, 161, 162, 163, 164, 165, 166, 167, 168, 169, 170, 171, 172, 173, 174, 175, 176, 177, 178, 179, 180, 181, 182, 183, 184, 185, 186, 187, 188, 189, 190, 191, 192, 193, 194, 195, 196, 197, 198, 199, 200, 201, 202, 203, 204, 205, 206, 207, 208, 209, 210, 211, 212, 213, 214, 215, 216, 217, 218, 219, 220, 221, 222, 223, 224, 225, 226, 227, 228, 229, 230, 231, 232, 233, 234, 235, 236, 237, 238, 239, 240, 241, 242, 243, 244, 245, 246, 247, 248, 249, 250, 251, 252, 253, 254, 255, 256, 257, 258, 259, 260, 261, 262, 263, 264, 265, 266, 267, 268, 269, 270, 271, 272, 273, 274, 275, 276, 277, 278, 279, 280, 281, 282, 283, 284, 285, 286, 287, 288, 289, 290, 291, 292, 293, 294, 295, 296, 297, 298, 299, 300, 301, 302, 303, 304, 305, 306, 307, 308, 309, 310, 311, 312, 313, 314, 315, 316, 317, 318, 319, 320, 321, 322, 323, 324, 325, 326, 327, 328, 329, 330, 331, 332, 333, 334, 335, 336, 337, 574, 575, 576, 577, 578, 579, 580, 581, 582, 583, 584, 585, 586, 587, 588, 589, 590, 591, 592, 593, 594, 595, 596, 597, 598, 599, 600, 601, 602, 603, 604, 605, 606, 607, 608, 609, 610, 611, 612, 613, 614, 615, 616, 617, 618, 619, 620, 621, 622, 623, 624, 625, 626, 627, 628, 629, 630, 631, 632, 633, 634, 635, 636, 637, 638, 639, 640, 641, 642, 643, 644, 645, 646, 647, 648, 649, 650, 651, 652, 653, 654, 655, 656, 657, 658, 659, 660, 661, 662, 663, 664, 665, 666, 667, 668, 669, 670, 671, 672, 673, 674, 675, 676, 677, 678, 679, 680, 681, 682, 683, 684, 685, 686, 687, 688, 689, 690, 691, 692, 693, 694, 695, 696, 697, 698, 699, 700, 701, 702, 703, 704, 705, 706, 707, 708, 709, 710, 711, 712, 713, 714, 715, 716, 717, 718, 719, 720, 721, 722, 723, 724, 725, 726, 727, 728, 729, 730, 731, 732, 733, 734, 735, 736, 737, 738, 739, 740, 741, 742, 743, 744, 745, 746, 747, 748, 749, 750, 751, 752, 753, 754, 755, 756, 757, 758, 759, 760, 761, 762, 763, 764, 765, 766, 767, 768, 769, 770, 771, 772, 773, 774, 775, 776, 777, 778, 779, 780, 781, 782, 783, 784, 785, 786, 787, 788, 789, 790, 791, 792, 793]","[10, 75, 103, 104, 106, 117, 118, 120, 127, 128, 129, 131, 133, 135, 136, 137, 139, 146, 147, 148, 149, 151, 158, 160, 162, 166, 173, 178, 179, 185, 190, 192, 198, 201, 203, 204, 206, 207, 212, 213, 214, 219, 223, 224, 225, 227, 230, 235, 237, 246, 247, 256, 259, 262, 263, 266, 268, 269, 271, 272, 278, 279, 284, 285, 288, 290, 292, 304, 306, 312, 316, 319, 320, 323, 324, 329, 332, 335, 495, 549, 574, 575, 577, 588, 589, 591, 598, 599, 600, 602, 604, 606, 607, 608, 610, 617, 618, 619, 620, 622, 625, 630, 632, 634, 638, 644, 649, 650, 656, 661, 663, 669, 673, 674, 676, 677, 682, 683, 684, 687, 688, 689, 691, 694, 699, 701, 710, 718, 722, 723, 727, 728, 730, 731, 737, 738, 743, 744, 747, 749, 751, 762, 764, 770, 774, 777, 778, 781, 782, 789, 791]",[],[],"[10, 75, 103, 104, 105, 106, 107, 108, 109, 110, 111, 112, 113, 114, 115, 116, 117, 118, 119, 120, 121, 122, 123, 124, 125, 126, 127, 128, 129, 130, 131, 132, 133, 134, 135, 136, 137, 138, 139, 140, 141, 142, 143, 144, 145, 146, 147, 148, 149, 150, 151, 152, 153, 154, 155, 156, 157, 158, 159, 160, 161, 162, 163, 164, 165, 166, 167, 168, 169, 170, 171, 172, 173, 174, 175, 176, 177, 178, 179, 180, 181, 182, 183, 184, 185, 186, 187, 188, 189, 190, 191, 192, 193, 194, 195, 196, 197, 198, 199, 200, 201, 202, 203, 204, 205, 206, 207, 208, 209, 210, 211, 212, 213, 214, 215, 216, 217, 218, 219, 220, 221, 222, 223, 224, 225, 226, 227, 228, 229, 230, 231, 232, 233, 234, 235, 236, 237, 238, 239, 240, 241, 242, 243, 244, 245, 246, 247, 248, 249, 250, 251, 252, 253, 254, 255, 256, 257, 258, 259, 260, 261, 262, 263, 264, 265, 266, 267, 268, 269, 270, 271, 272, 273, 274, 275, 276, 277, 278, 279, 280, 281, 282, 283, 284, 285, 286, 287, 288, 289, 290, 291, 292, 293, 294, 295, 296, 297, 298, 299, 300, 301, 302, 303, 304, 305, 306, 307, 308, 309, 310, 311, 312, 313, 314, 315, 316, 317, 318, 319, 320, 321, 322, 323, 324, 325, 326, 327, 328, 329, 330, 331, 332, 333, 334, 335, 336, 337, 495, 549, 574, 575, 576, 577, 578, 579, 580, 581, 582, 583, 584, 585, 586, 587, 588, 589, 590, 591, 592, 593, 594, 595, 596, 597, 598, 599, 600, 601, 602, 603, 604, 605, 606, 607, 608, 609, 610, 611, 612, 613, 614, 615, 616, 617, 618, 619, 620, 621, 622, 623, 624, 625, 626, 627, 628, 629, 630, 631, 632, 633, 634, 635, 636, 637, 638, 639, 640, 641, 642, 643, 644, 645, 646, 647, 648, 649, 650, 651, 652, 653, 654, 655, 656, 657, 658, 659, 660, 661, 662, 663, 664, 665, 666, 667, 668, 669, 670, 671, 672, 673, 674, 675, 676, 677, 678, 679, 680, 681, 682, 683, 684, 685, 686, 687, 688, 689, 690, 691, 692, 693, 694, 695, 696, 697, 698, 699, 700, 701, 702, 703, 704, 705, 706, 707, 708, 709, 710, 711, 712, 713, 714, 715, 716, 717, 718, 719, 720, 721, 722, 723, 724, 725, 726, 727, 728, 729, 730, 731, 732, 733, 734, 735, 736, 737, 738, 739, 740, 741, 742, 743, 744, 745, 746, 747, 748, 749, 750, 751, 752, 753, 754, 755, 756, 757, 758, 759, 760, 761, 762, 763, 764, 765, 766, 767, 768, 769, 770, 771, 772, 773, 774, 775, 776, 777, 778, 779, 780, 781, 782, 783, 784, 785, 786, 787, 788, 789, 790, 791, 792, 793]",False,"[166, 203, 638, 673]","[103, 104, 105, 106, 107, 108, 109, 110, 111, 112, 113, 114, 115, 116, 117, 118, 119, 120, 121, 122, 123, 124, 125, 126, 127, 128, 129, 130, 131, 132, 133, 134, 135, 136, 137, 138, 139, 140, 141, 142, 143, 144, 145, 146, 147, 148, 149, 150, 151, 152, 153, 154, 155, 156, 157, 158, 159, 160, 161, 162, 163, 164, 165, 166, 167, 168, 169, 170, 171, 172, 173, 174, 175, 176, 177, 178, 179, 180, 181, 182, 183, 184, 185, 186, 187, 188, 189, 190, 191, 192, 193, 194, 195, 196, 197, 198, 199, 200, 201, 202, 203, 204, 205, 206, 207, 208, 209, 210, 211, 212, 213, 214, 215, 216, 217, 218, 219, 220, 221, 222, 223, 224, 225, 226, 227, 228, 229, 230, 231, 232, 233, 234, 235, 236, 237, 238, 239, 240, 241, 242, 243, 244, 245, 246, 247, 248, 249, 250, 251, 252, 253, 254, 255, 256, 257, 258, 259, 260, 261, 262, 263, 264, 265, 266, 267, 268, 269, 270, 271, 272, 273, 274, 275, 276, 277, 278, 279, 280, 281, 282, 283, 284, 285, 286, 287, 288, 289, 290, 291, 292, 293, 294, 295, 296, 297, 298, 299, 300, 301, 302, 303, 304, 305, 306, 307, 308, 309, 310, 311, 312, 313, 314, 315, 316, 317, 318, 319, 320, 321, 322, 323, 324, 325, 326, 327, 328, 329, 330, 331, 332, 333, 334, 335, 336, 337, 574, 575, 576, 577, 578, 579, 580, 581, 582, 583, 584, 585, 586, 587, 588, 589, 590, 591, 592, 593, 594, 595, 596, 597, 598, 599, 600, 601, 602, 603, 604, 605, 606, 607, 608, 609, 610, 611, 612, 613, 614, 615, 616, 617, 618, 619, 620, 621, 622, 623, 624, 625, 626, 627, 628, 629, 630, 631, 632, 633, 634, 635, 636, 637, 638, 639, 640, 641, 642, 643, 644, 645, 646, 647, 648, 649, 650, 651, 652, 653, 654, 655, 656, 657, 658, 659, 660, 661, 662, 663, 664, 665, 666, 667, 668, 669, 670, 671, 672, 673, 674, 675, 676, 677, 678, 679, 680, 681, 682, 683, 684, 685, 686, 687, 688, 689, 690, 691, 692, 693, 694, 695, 696, 697, 698, 699, 700, 701, 702, 703, 704, 705, 706, 707, 708, 709, 710, 711, 712, 713, 714, 715, 716, 717, 718, 719, 720, 721, 722, 723, 724, 725, 726, 727, 728, 729, 730, 731, 732, 733, 734, 735, 736, 737, 738, 739, 740, 741, 742, 743, 744, 745, 746, 747, 748, 749, 750, 751, 752, 753, 754, 755, 756, 757, 758, 759, 760, 761, 762, 763, 764, 765, 766, 767, 768, 769, 770, 771, 772, 773, 774, 775, 776, 777, 778, 779, 780, 781, 782, 783, 784, 785, 786, 787, 788, 789, 790, 791, 792, 793]","[166, 203, 638, 673]","[166, 203, 638, 673]","[10, 75, 103, 104, 106, 117, 118, 120, 127, 128, 129, 131, 133, 135, 136, 137, 139, 146, 147, 148, 149, 151, 158, 160, 162, 166, 173, 178, 179, 185, 190, 192, 198, 201, 203, 204, 206, 207, 212, 213, 214, 219, 223, 224, 225, 227, 230, 235, 237, 246, 247, 256, 259, 262, 263, 266, 268, 269, 271, 272, 278, 279, 284, 285, 288, 290, 292, 304, 306, 312, 316, 319, 320, 323, 324, 329, 332, 335, 495, 549, 574, 575, 577, 588, 589, 591, 598, 599, 600, 602, 604, 606, 607, 608, 610, 617, 618, 619, 620, 622, 625, 630, 632, 634, 638, 644, 649, 650, 656, 661, 663, 669, 673, 674, 676, 677, 682, 683, 684, 687, 688, 689, 691, 694, 699, 701, 710, 718, 722, 723, 727, 728, 730, 731, 737, 738, 743, 744, 747, 749, 751, 762, 764, 770, 774, 777, 778, 781, 782, 789, 791]",[],[],7/6 successful match,False,"[185, 186]",True,805,False,,,,,
"Ripon , 95366 Jimco Truck Plaza Rd )",209-599-2112 CA 99 Exit 237 B ( Jack Tone ),HRS 24 L,Ripon,95366,Jimco Truck Plaza Rd ),209-599-2112,2007,Ripon,CA,,( Jack Tone ),CA 99 Exit 237 B ,Exit,237,False,,False,CA 99,,,,,[],"[166, 203, 638, 673]","[166, 203, 638, 673]","[166, 203, 638, 673]","[103, 104, 105, 106, 107, 108, 109, 110, 111, 112, 113, 114, 115, 116, 117, 118, 119, 120, 121, 122, 123, 124, 125, 126, 127, 128, 129, 130, 131, 132, 133, 134, 135, 136, 137, 138, 139, 140, 141, 142, 143, 144, 145, 146, 147, 148, 149, 150, 151, 152, 153, 154, 155, 156, 157, 158, 159, 160, 161, 162, 163, 164, 165, 166, 167, 168, 169, 170, 171, 172, 173, 174, 175, 176, 177, 178, 179, 180, 181, 182, 183, 184, 185, 186, 187, 188, 189, 190, 191, 192, 193, 194, 195, 196, 197, 198, 199, 200, 201, 202, 203, 204, 205, 206, 207, 208, 209, 210, 211, 212, 213, 214, 215, 216, 217, 218, 219, 220, 221, 222, 223, 224, 225, 226, 227, 228, 229, 230, 231, 232, 233, 234, 235, 236, 237, 238, 239, 240, 241, 242, 243, 244, 245, 246, 247, 248, 249, 250, 251, 252, 253, 254, 255, 256, 257, 258, 259, 260, 261, 262, 263, 264, 265, 266, 267, 268, 269, 270, 271, 272, 273, 274, 275, 276, 277, 278, 279, 280, 281, 282, 283, 284, 285, 286, 287, 288, 289, 290, 291, 292, 293, 294, 295, 296, 297, 298, 299, 300, 301, 302, 303, 304, 305, 306, 307, 308, 309, 310, 311, 312, 313, 314, 315, 316, 317, 318, 319, 320, 321, 322, 323, 324, 325, 326, 327, 328, 329, 330, 331, 332, 333, 334, 335, 336, 337, 574, 575, 576, 577, 578, 579, 580, 581, 582, 583, 584, 585, 586, 587, 588, 589, 590, 591, 592, 593, 594, 595, 596, 597, 598, 599, 600, 601, 602, 603, 604, 605, 606, 607, 608, 609, 610, 611, 612, 613, 614, 615, 616, 617, 618, 619, 620, 621, 622, 623, 624, 625, 626, 627, 628, 629, 630, 631, 632, 633, 634, 635, 636, 637, 638, 639, 640, 641, 642, 643, 644, 645, 646, 647, 648, 649, 650, 651, 652, 653, 654, 655, 656, 657, 658, 659, 660, 661, 662, 663, 664, 665, 666, 667, 668, 669, 670, 671, 672, 673, 674, 675, 676, 677, 678, 679, 680, 681, 682, 683, 684, 685, 686, 687, 688, 689, 690, 691, 692, 693, 694, 695, 696, 697, 698, 699, 700, 701, 702, 703, 704, 705, 706, 707, 708, 709, 710, 711, 712, 713, 714, 715, 716, 717, 718, 719, 720, 721, 722, 723, 724, 725, 726, 727, 728, 729, 730, 731, 732, 733, 734, 735, 736, 737, 738, 739, 740, 741, 742, 743, 744, 745, 746, 747, 748, 749, 750, 751, 752, 753, 754, 755, 756, 757, 758, 759, 760, 761, 762, 763, 764, 765, 766, 767, 768, 769, 770, 771, 772, 773, 774, 775, 776, 777, 778, 779, 780, 781, 782, 783, 784, 785, 786, 787, 788, 789, 790, 791, 792, 793]","[10, 75, 103, 104, 106, 117, 118, 120, 127, 128, 129, 131, 133, 135, 136, 137, 139, 146, 147, 148, 149, 151, 158, 160, 162, 166, 173, 178, 179, 185, 190, 192, 198, 201, 203, 204, 206, 207, 212, 213, 214, 219, 223, 224, 225, 227, 230, 235, 237, 246, 247, 256, 259, 262, 263, 266, 268, 269, 271, 272, 278, 279, 284, 285, 288, 290, 292, 304, 306, 312, 316, 319, 320, 323, 324, 329, 332, 335, 495, 549, 574, 575, 577, 588, 589, 591, 598, 599, 600, 602, 604, 606, 607, 608, 610, 617, 618, 619, 620, 622, 625, 630, 632, 634, 638, 644, 649, 650, 656, 661, 663, 669, 673, 674, 676, 677, 682, 683, 684, 687, 688, 689, 691, 694, 699, 701, 710, 718, 722, 723, 727, 728, 730, 731, 737, 738, 743, 744, 747, 749, 751, 762, 764, 770, 774, 777, 778, 781, 782, 789, 791]",[],[],"[10, 75, 103, 104, 105, 106, 107, 108, 109, 110, 111, 112, 113, 114, 115, 116, 117, 118, 119, 120, 121, 122, 123, 124, 125, 126, 127, 128, 129, 130, 131, 132, 133, 134, 135, 136, 137, 138, 139, 140, 141, 142, 143, 144, 145, 146, 147, 148, 149, 150, 151, 152, 153, 154, 155, 156, 157, 158, 159, 160, 161, 162, 163, 164, 165, 166, 167, 168, 169, 170, 171, 172, 173, 174, 175, 176, 177, 178, 179, 180, 181, 182, 183, 184, 185, 186, 187, 188, 189, 190, 191, 192, 193, 194, 195, 196, 197, 198, 199, 200, 201, 202, 203, 204, 205, 206, 207, 208, 209, 210, 211, 212, 213, 214, 215, 216, 217, 218, 219, 220, 221, 222, 223, 224, 225, 226, 227, 228, 229, 230, 231, 232, 233, 234, 235, 236, 237, 238, 239, 240, 241, 242, 243, 244, 245, 246, 247, 248, 249, 250, 251, 252, 253, 254, 255, 256, 257, 258, 259, 260, 261, 262, 263, 264, 265, 266, 267, 268, 269, 270, 271, 272, 273, 274, 275, 276, 277, 278, 279, 280, 281, 282, 283, 284, 285, 286, 287, 288, 289, 290, 291, 292, 293, 294, 295, 296, 297, 298, 299, 300, 301, 302, 303, 304, 305, 306, 307, 308, 309, 310, 311, 312, 313, 314, 315, 316, 317, 318, 319, 320, 321, 322, 323, 324, 325, 326, 327, 328, 329, 330, 331, 332, 333, 334, 335, 336, 337, 495, 549, 574, 575, 576, 577, 578, 579, 580, 581, 582, 583, 584, 585, 586, 587, 588, 589, 590, 591, 592, 593, 594, 595, 596, 597, 598, 599, 600, 601, 602, 603, 604, 605, 606, 607, 608, 609, 610, 611, 612, 613, 614, 615, 616, 617, 618, 619, 620, 621, 622, 623, 624, 625, 626, 627, 628, 629, 630, 631, 632, 633, 634, 635, 636, 637, 638, 639, 640, 641, 642, 643, 644, 645, 646, 647, 648, 649, 650, 651, 652, 653, 654, 655, 656, 657, 658, 659, 660, 661, 662, 663, 664, 665, 666, 667, 668, 669, 670, 671, 672, 673, 674, 675, 676, 677, 678, 679, 680, 681, 682, 683, 684, 685, 686, 687, 688, 689, 690, 691, 692, 693, 694, 695, 696, 697, 698, 699, 700, 701, 702, 703, 704, 705, 706, 707, 708, 709, 710, 711, 712, 713, 714, 715, 716, 717, 718, 719, 720, 721, 722, 723, 724, 725, 726, 727, 728, 729, 730, 731, 732, 733, 734, 735, 736, 737, 738, 739, 740, 741, 742, 743, 744, 745, 746, 747, 748, 749, 750, 751, 752, 753, 754, 755, 756, 757, 758, 759, 760, 761, 762, 763, 764, 765, 766, 767, 768, 769, 770, 771, 772, 773, 774, 775, 776, 777, 778, 779, 780, 781, 782, 783, 784, 785, 786, 787, 788, 789, 790, 791, 792, 793]",False,"[166, 203, 638, 673]","[103, 104, 105, 106, 107, 108, 109, 110, 111, 112, 113, 114, 115, 116, 117, 118, 119, 120, 121, 122, 123, 124, 125, 126, 127, 128, 129, 130, 131, 132, 133, 134, 135, 136, 137, 138, 139, 140, 141, 142, 143, 144, 145, 146, 147, 148, 149, 150, 151, 152, 153, 154, 155, 156, 157, 158, 159, 160, 161, 162, 163, 164, 165, 166, 167, 168, 169, 170, 171, 172, 173, 174, 175, 176, 177, 178, 179, 180, 181, 182, 183, 184, 185, 186, 187, 188, 189, 190, 191, 192, 193, 194, 195, 196, 197, 198, 199, 200, 201, 202, 203, 204, 205, 206, 207, 208, 209, 210, 211, 212, 213, 214, 215, 216, 217, 218, 219, 220, 221, 222, 223, 224, 225, 226, 227, 228, 229, 230, 231, 232, 233, 234, 235, 236, 237, 238, 239, 240, 241, 242, 243, 244, 245, 246, 247, 248, 249, 250, 251, 252, 253, 254, 255, 256, 257, 258, 259, 260, 261, 262, 263, 264, 265, 266, 267, 268, 269, 270, 271, 272, 273, 274, 275, 276, 277, 278, 279, 280, 281, 282, 283, 284, 285, 286, 287, 288, 289, 290, 291, 292, 293, 294, 295, 296, 297, 298, 299, 300, 301, 302, 303, 304, 305, 306, 307, 308, 309, 310, 311, 312, 313, 314, 315, 316, 317, 318, 319, 320, 321, 322, 323, 324, 325, 326, 327, 328, 329, 330, 331, 332, 333, 334, 335, 336, 337, 574, 575, 576, 577, 578, 579, 580, 581, 582, 583, 584, 585, 586, 587, 588, 589, 590, 591, 592, 593, 594, 595, 596, 597, 598, 599, 600, 601, 602, 603, 604, 605, 606, 607, 608, 609, 610, 611, 612, 613, 614, 615, 616, 617, 618, 619, 620, 621, 622, 623, 624, 625, 626, 627, 628, 629, 630, 631, 632, 633, 634, 635, 636, 637, 638, 639, 640, 641, 642, 643, 644, 645, 646, 647, 648, 649, 650, 651, 652, 653, 654, 655, 656, 657, 658, 659, 660, 661, 662, 663, 664, 665, 666, 667, 668, 669, 670, 671, 672, 673, 674, 675, 676, 677, 678, 679, 680, 681, 682, 683, 684, 685, 686, 687, 688, 689, 690, 691, 692, 693, 694, 695, 696, 697, 698, 699, 700, 701, 702, 703, 704, 705, 706, 707, 708, 709, 710, 711, 712, 713, 714, 715, 716, 717, 718, 719, 720, 721, 722, 723, 724, 725, 726, 727, 728, 729, 730, 731, 732, 733, 734, 735, 736, 737, 738, 739, 740, 741, 742, 743, 744, 745, 746, 747, 748, 749, 750, 751, 752, 753, 754, 755, 756, 757, 758, 759, 760, 761, 762, 763, 764, 765, 766, 767, 768, 769, 770, 771, 772, 773, 774, 775, 776, 777, 778, 779, 780, 781, 782, 783, 784, 785, 786, 787, 788, 789, 790, 791, 792, 793]","[166, 203, 638, 673]","[166, 203, 638, 673]","[10, 75, 103, 104, 106, 117, 118, 120, 127, 128, 129, 131, 133, 135, 136, 137, 139, 146, 147, 148, 149, 151, 158, 160, 162, 166, 173, 178, 179, 185, 190, 192, 198, 201, 203, 204, 206, 207, 212, 213, 214, 219, 223, 224, 225, 227, 230, 235, 237, 246, 247, 256, 259, 262, 263, 266, 268, 269, 271, 272, 278, 279, 284, 285, 288, 290, 292, 304, 306, 312, 316, 319, 320, 323, 324, 329, 332, 335, 495, 549, 574, 575, 577, 588, 589, 591, 598, 599, 600, 602, 604, 606, 607, 608, 610, 617, 618, 619, 620, 622, 625, 630, 632, 634, 638, 644, 649, 650, 656, 661, 663, 669, 673, 674, 676, 677, 682, 683, 684, 687, 688, 689, 691, 694, 699, 701, 710, 718, 722, 723, 727, 728, 730, 731, 737, 738, 743, 744, 747, 749, 751, 762, 764, 770, 774, 777, 778, 781, 782, 789, 791]",[],[],7/6 successful match,False,"[185, 186]",True,805,False,,0.8615384615384616,True,Jimco Truck Plaza,
"E Ripon , 95366 Jimco Truck Plaza Rd )",209-599-2112 CA 99 Exit 237 B ( Jack Tone,24,Ripon,95366,Jimco Truck Plaza Rd ),209-599-2112,2008,Ripon,CA,,( Jack Tone,CA 99 Exit 237 B ,Exit,237,False,,False,CA 99,,,,,[],"[166, 203, 638, 673]","[166, 203, 638, 673]","[166, 203, 638, 673]","[103, 104, 105, 106, 107, 108, 109, 110, 111, 112, 113, 114, 115, 116, 117, 118, 119, 120, 121, 122, 123, 124, 125, 126, 127, 128, 129, 130, 131, 132, 133, 134, 135, 136, 137, 138, 139, 140, 141, 142, 143, 144, 145, 146, 147, 148, 149, 150, 151, 152, 153, 154, 155, 156, 157, 158, 159, 160, 161, 162, 163, 164, 165, 166, 167, 168, 169, 170, 171, 172, 173, 174, 175, 176, 177, 178, 179, 180, 181, 182, 183, 184, 185, 186, 187, 188, 189, 190, 191, 192, 193, 194, 195, 196, 197, 198, 199, 200, 201, 202, 203, 204, 205, 206, 207, 208, 209, 210, 211, 212, 213, 214, 215, 216, 217, 218, 219, 220, 221, 222, 223, 224, 225, 226, 227, 228, 229, 230, 231, 232, 233, 234, 235, 236, 237, 238, 239, 240, 241, 242, 243, 244, 245, 246, 247, 248, 249, 250, 251, 252, 253, 254, 255, 256, 257, 258, 259, 260, 261, 262, 263, 264, 265, 266, 267, 268, 269, 270, 271, 272, 273, 274, 275, 276, 277, 278, 279, 280, 281, 282, 283, 284, 285, 286, 287, 288, 289, 290, 291, 292, 293, 294, 295, 296, 297, 298, 299, 300, 301, 302, 303, 304, 305, 306, 307, 308, 309, 310, 311, 312, 313, 314, 315, 316, 317, 318, 319, 320, 321, 322, 323, 324, 325, 326, 327, 328, 329, 330, 331, 332, 333, 334, 335, 336, 337, 574, 575, 576, 577, 578, 579, 580, 581, 582, 583, 584, 585, 586, 587, 588, 589, 590, 591, 592, 593, 594, 595, 596, 597, 598, 599, 600, 601, 602, 603, 604, 605, 606, 607, 608, 609, 610, 611, 612, 613, 614, 615, 616, 617, 618, 619, 620, 621, 622, 623, 624, 625, 626, 627, 628, 629, 630, 631, 632, 633, 634, 635, 636, 637, 638, 639, 640, 641, 642, 643, 644, 645, 646, 647, 648, 649, 650, 651, 652, 653, 654, 655, 656, 657, 658, 659, 660, 661, 662, 663, 664, 665, 666, 667, 668, 669, 670, 671, 672, 673, 674, 675, 676, 677, 678, 679, 680, 681, 682, 683, 684, 685, 686, 687, 688, 689, 690, 691, 692, 693, 694, 695, 696, 697, 698, 699, 700, 701, 702, 703, 704, 705, 706, 707, 708, 709, 710, 711, 712, 713, 714, 715, 716, 717, 718, 719, 720, 721, 722, 723, 724, 725, 726, 727, 728, 729, 730, 731, 732, 733, 734, 735, 736, 737, 738, 739, 740, 741, 742, 743, 744, 745, 746, 747, 748, 749, 750, 751, 752, 753, 754, 755, 756, 757, 758, 759, 760, 761, 762, 763, 764, 765, 766, 767, 768, 769, 770, 771, 772, 773, 774, 775, 776, 777, 778, 779, 780, 781, 782, 783, 784, 785, 786, 787, 788, 789, 790, 791, 792, 793]","[10, 75, 103, 104, 106, 117, 118, 120, 127, 128, 129, 131, 133, 135, 136, 137, 139, 146, 147, 148, 149, 151, 158, 160, 162, 166, 173, 178, 179, 185, 190, 192, 198, 201, 203, 204, 206, 207, 212, 213, 214, 219, 223, 224, 225, 227, 230, 235, 237, 246, 247, 256, 259, 262, 263, 266, 268, 269, 271, 272, 278, 279, 284, 285, 288, 290, 292, 304, 306, 312, 316, 319, 320, 323, 324, 329, 332, 335, 495, 549, 574, 575, 577, 588, 589, 591, 598, 599, 600, 602, 604, 606, 607, 608, 610, 617, 618, 619, 620, 622, 625, 630, 632, 634, 638, 644, 649, 650, 656, 661, 663, 669, 673, 674, 676, 677, 682, 683, 684, 687, 688, 689, 691, 694, 699, 701, 710, 718, 722, 723, 727, 728, 730, 731, 737, 738, 743, 744, 747, 749, 751, 762, 764, 770, 774, 777, 778, 781, 782, 789, 791]",[],[],"[10, 75, 103, 104, 105, 106, 107, 108, 109, 110, 111, 112, 113, 114, 115, 116, 117, 118, 119, 120, 121, 122, 123, 124, 125, 126, 127, 128, 129, 130, 131, 132, 133, 134, 135, 136, 137, 138, 139, 140, 141, 142, 143, 144, 145, 146, 147, 148, 149, 150, 151, 152, 153, 154, 155, 156, 157, 158, 159, 160, 161, 162, 163, 164, 165, 166, 167, 168, 169, 170, 171, 172, 173, 174, 175, 176, 177, 178, 179, 180, 181, 182, 183, 184, 185, 186, 187, 188, 189, 190, 191, 192, 193, 194, 195, 196, 197, 198, 199, 200, 201, 202, 203, 204, 205, 206, 207, 208, 209, 210, 211, 212, 213, 214, 215, 216, 217, 218, 219, 220, 221, 222, 223, 224, 225, 226, 227, 228, 229, 230, 231, 232, 233, 234, 235, 236, 237, 238, 239, 240, 241, 242, 243, 244, 245, 246, 247, 248, 249, 250, 251, 252, 253, 254, 255, 256, 257, 258, 259, 260, 261, 262, 263, 264, 265, 266, 267, 268, 269, 270, 271, 272, 273, 274, 275, 276, 277, 278, 279, 280, 281, 282, 283, 284, 285, 286, 287, 288, 289, 290, 291, 292, 293, 294, 295, 296, 297, 298, 299, 300, 301, 302, 303, 304, 305, 306, 307, 308, 309, 310, 311, 312, 313, 314, 315, 316, 317, 318, 319, 320, 321, 322, 323, 324, 325, 326, 327, 328, 329, 330, 331, 332, 333, 334, 335, 336, 337, 495, 549, 574, 575, 576, 577, 578, 579, 580, 581, 582, 583, 584, 585, 586, 587, 588, 589, 590, 591, 592, 593, 594, 595, 596, 597, 598, 599, 600, 601, 602, 603, 604, 605, 606, 607, 608, 609, 610, 611, 612, 613, 614, 615, 616, 617, 618, 619, 620, 621, 622, 623, 624, 625, 626, 627, 628, 629, 630, 631, 632, 633, 634, 635, 636, 637, 638, 639, 640, 641, 642, 643, 644, 645, 646, 647, 648, 649, 650, 651, 652, 653, 654, 655, 656, 657, 658, 659, 660, 661, 662, 663, 664, 665, 666, 667, 668, 669, 670, 671, 672, 673, 674, 675, 676, 677, 678, 679, 680, 681, 682, 683, 684, 685, 686, 687, 688, 689, 690, 691, 692, 693, 694, 695, 696, 697, 698, 699, 700, 701, 702, 703, 704, 705, 706, 707, 708, 709, 710, 711, 712, 713, 714, 715, 716, 717, 718, 719, 720, 721, 722, 723, 724, 725, 726, 727, 728, 729, 730, 731, 732, 733, 734, 735, 736, 737, 738, 739, 740, 741, 742, 743, 744, 745, 746, 747, 748, 749, 750, 751, 752, 753, 754, 755, 756, 757, 758, 759, 760, 761, 762, 763, 764, 765, 766, 767, 768, 769, 770, 771, 772, 773, 774, 775, 776, 777, 778, 779, 780, 781, 782, 783, 784, 785, 786, 787, 788, 789, 790, 791, 792, 793]",False,"[166, 203, 638, 673]","[103, 104, 105, 106, 107, 108, 109, 110, 111, 112, 113, 114, 115, 116, 117, 118, 119, 120, 121, 122, 123, 124, 125, 126, 127, 128, 129, 130, 131, 132, 133, 134, 135, 136, 137, 138, 139, 140, 141, 142, 143, 144, 145, 146, 147, 148, 149, 150, 151, 152, 153, 154, 155, 156, 157, 158, 159, 160, 161, 162, 163, 164, 165, 166, 167, 168, 169, 170, 171, 172, 173, 174, 175, 176, 177, 178, 179, 180, 181, 182, 183, 184, 185, 186, 187, 188, 189, 190, 191, 192, 193, 194, 195, 196, 197, 198, 199, 200, 201, 202, 203, 204, 205, 206, 207, 208, 209, 210, 211, 212, 213, 214, 215, 216, 217, 218, 219, 220, 221, 222, 223, 224, 225, 226, 227, 228, 229, 230, 231, 232, 233, 234, 235, 236, 237, 238, 239, 240, 241, 242, 243, 244, 245, 246, 247, 248, 249, 250, 251, 252, 253, 254, 255, 256, 257, 258, 259, 260, 261, 262, 263, 264, 265, 266, 267, 268, 269, 270, 271, 272, 273, 274, 275, 276, 277, 278, 279, 280, 281, 282, 283, 284, 285, 286, 287, 288, 289, 290, 291, 292, 293, 294, 295, 296, 297, 298, 299, 300, 301, 302, 303, 304, 305, 306, 307, 308, 309, 310, 311, 312, 313, 314, 315, 316, 317, 318, 319, 320, 321, 322, 323, 324, 325, 326, 327, 328, 329, 330, 331, 332, 333, 334, 335, 336, 337, 574, 575, 576, 577, 578, 579, 580, 581, 582, 583, 584, 585, 586, 587, 588, 589, 590, 591, 592, 593, 594, 595, 596, 597, 598, 599, 600, 601, 602, 603, 604, 605, 606, 607, 608, 609, 610, 611, 612, 613, 614, 615, 616, 617, 618, 619, 620, 621, 622, 623, 624, 625, 626, 627, 628, 629, 630, 631, 632, 633, 634, 635, 636, 637, 638, 639, 640, 641, 642, 643, 644, 645, 646, 647, 648, 649, 650, 651, 652, 653, 654, 655, 656, 657, 658, 659, 660, 661, 662, 663, 664, 665, 666, 667, 668, 669, 670, 671, 672, 673, 674, 675, 676, 677, 678, 679, 680, 681, 682, 683, 684, 685, 686, 687, 688, 689, 690, 691, 692, 693, 694, 695, 696, 697, 698, 699, 700, 701, 702, 703, 704, 705, 706, 707, 708, 709, 710, 711, 712, 713, 714, 715, 716, 717, 718, 719, 720, 721, 722, 723, 724, 725, 726, 727, 728, 729, 730, 731, 732, 733, 734, 735, 736, 737, 738, 739, 740, 741, 742, 743, 744, 745, 746, 747, 748, 749, 750, 751, 752, 753, 754, 755, 756, 757, 758, 759, 760, 761, 762, 763, 764, 765, 766, 767, 768, 769, 770, 771, 772, 773, 774, 775, 776, 777, 778, 779, 780, 781, 782, 783, 784, 785, 786, 787, 788, 789, 790, 791, 792, 793]","[166, 203, 638, 673]","[166, 203, 638, 673]","[10, 75, 103, 104, 106, 117, 118, 120, 127, 128, 129, 131, 133, 135, 136, 137, 139, 146, 147, 148, 149, 151, 158, 160, 162, 166, 173, 178, 179, 185, 190, 192, 198, 201, 203, 204, 206, 207, 212, 213, 214, 219, 223, 224, 225, 227, 230, 235, 237, 246, 247, 256, 259, 262, 263, 266, 268, 269, 271, 272, 278, 279, 284, 285, 288, 290, 292, 304, 306, 312, 316, 319, 320, 323, 324, 329, 332, 335, 495, 549, 574, 575, 577, 588, 589, 591, 598, 599, 600, 602, 604, 606, 607, 608, 610, 617, 618, 619, 620, 622, 625, 630, 632, 634, 638, 644, 649, 650, 656, 661, 663, 669, 673, 674, 676, 677, 682, 683, 684, 687, 688, 689, 691, 694, 699, 701, 710, 718, 722, 723, 727, 728, 730, 731, 737, 738, 743, 744, 747, 749, 751, 762, 764, 770, 774, 777, 778, 781, 782, 789, 791]",[],[],7/6 successful match,False,"[185, 186]",True,805,False,,0.8999999999999999,True,Jimco Truck Plaza Rd ),
"E Turlock , 95380 Joe Gomes & Sons ( CFN )",209-632-3111 CA 99 Exit 213 ( Main St E ),<U+2610> 000 000,Turlock,95380,Joe Gomes & Sons ( CFN ),209-632-3111,2006,Turlock,CA,,( Main St E ),CA 99 Exit 213 ,Exit,213,False,,False,CA 99,,,,,[],[],[],[],"[103, 104, 105, 106, 107, 108, 109, 110, 111, 112, 113, 114, 115, 116, 117, 118, 119, 120, 121, 122, 123, 124, 125, 126, 127, 128, 129, 130, 131, 132, 133, 134, 135, 136, 137, 138, 139, 140, 141, 142, 143, 144, 145, 146, 147, 148, 149, 150, 151, 152, 153, 154, 155, 156, 157, 158, 159, 160, 161, 162, 163, 164, 165, 166, 167, 168, 169, 170, 171, 172, 173, 174, 175, 176, 177, 178, 179, 180, 181, 182, 183, 184, 185, 186, 187, 188, 189, 190, 191, 192, 193, 194, 195, 196, 197, 198, 199, 200, 201, 202, 203, 204, 205, 206, 207, 208, 209, 210, 211, 212, 213, 214, 215, 216, 217, 218, 219, 220, 221, 222, 223, 224, 225, 226, 227, 228, 229, 230, 231, 232, 233, 234, 235, 236, 237, 238, 239, 240, 241, 242, 243, 244, 245, 246, 247, 248, 249, 250, 251, 252, 253, 254, 255, 256, 257, 258, 259, 260, 261, 262, 263, 264, 265, 266, 267, 268, 269, 270, 271, 272, 273, 274, 275, 276, 277, 278, 279, 280, 281, 282, 283, 284, 285, 286, 287, 288, 289, 290, 291, 292, 293, 294, 295, 296, 297, 298, 299, 300, 301, 302, 303, 304, 305, 306, 307, 308, 309, 310, 311, 312, 313, 314, 315, 316, 317, 318, 319, 320, 321, 322, 323, 324, 325, 326, 327, 328, 329, 330, 331, 332, 333, 334, 335, 336, 337, 574, 575, 576, 577, 578, 579, 580, 581, 582, 583, 584, 585, 586, 587, 588, 589, 590, 591, 592, 593, 594, 595, 596, 597, 598, 599, 600, 601, 602, 603, 604, 605, 606, 607, 608, 609, 610, 611, 612, 613, 614, 615, 616, 617, 618, 619, 620, 621, 622, 623, 624, 625, 626, 627, 628, 629, 630, 631, 632, 633, 634, 635, 636, 637, 638, 639, 640, 641, 642, 643, 644, 645, 646, 647, 648, 649, 650, 651, 652, 653, 654, 655, 656, 657, 658, 659, 660, 661, 662, 663, 664, 665, 666, 667, 668, 669, 670, 671, 672, 673, 674, 675, 676, 677, 678, 679, 680, 681, 682, 683, 684, 685, 686, 687, 688, 689, 690, 691, 692, 693, 694, 695, 696, 697, 698, 699, 700, 701, 702, 703, 704, 705, 706, 707, 708, 709, 710, 711, 712, 713, 714, 715, 716, 717, 718, 719, 720, 721, 722, 723, 724, 725, 726, 727, 728, 729, 730, 731, 732, 733, 734, 735, 736, 737, 738, 739, 740, 741, 742, 743, 744, 745, 746, 747, 748, 749, 750, 751, 752, 753, 754, 755, 756, 757, 758, 759, 760, 761, 762, 763, 764, 765, 766, 767, 768, 769, 770, 771, 772, 773, 774, 775, 776, 777, 778, 779, 780, 781, 782, 783, 784, 785, 786, 787, 788, 789, 790, 791, 792, 793]","[10, 75, 103, 104, 106, 117, 118, 120, 127, 128, 129, 131, 133, 135, 136, 137, 139, 146, 147, 148, 149, 151, 158, 160, 162, 166, 173, 178, 179, 185, 190, 192, 198, 201, 203, 204, 206, 207, 212, 213, 214, 219, 223, 224, 225, 227, 230, 235, 237, 246, 247, 256, 259, 262, 263, 266, 268, 269, 271, 272, 278, 279, 284, 285, 288, 290, 292, 304, 306, 312, 316, 319, 320, 323, 324, 329, 332, 335, 495, 549, 574, 575, 577, 588, 589, 591, 598, 599, 600, 602, 604, 606, 607, 608, 610, 617, 618, 619, 620, 622, 625, 630, 632, 634, 638, 644, 649, 650, 656, 661, 663, 669, 673, 674, 676, 677, 682, 683, 684, 687, 688, 689, 691, 694, 699, 701, 710, 718, 722, 723, 727, 728, 730, 731, 737, 738, 743, 744, 747, 749, 751, 762, 764, 770, 774, 777, 778, 781, 782, 789, 791]",[],"[194, 195, 196, 264, 665, 666, 667, 724]","[10, 75, 103, 104, 105, 106, 107, 108, 109, 110, 111, 112, 113, 114, 115, 116, 117, 118, 119, 120, 121, 122, 123, 124, 125, 126, 127, 128, 129, 130, 131, 132, 133, 134, 135, 136, 137, 138, 139, 140, 141, 142, 143, 144, 145, 146, 147, 148, 149, 150, 151, 152, 153, 154, 155, 156, 157, 158, 159, 160, 161, 162, 163, 164, 165, 166, 167, 168, 169, 170, 171, 172, 173, 174, 175, 176, 177, 178, 179, 180, 181, 182, 183, 184, 185, 186, 187, 188, 189, 190, 191, 192, 193, 194, 195, 196, 197, 198, 199, 200, 201, 202, 203, 204, 205, 206, 207, 208, 209, 210, 211, 212, 213, 214, 215, 216, 217, 218, 219, 220, 221, 222, 223, 224, 225, 226, 227, 228, 229, 230, 231, 232, 233, 234, 235, 236, 237, 238, 239, 240, 241, 242, 243, 244, 245, 246, 247, 248, 249, 250, 251, 252, 253, 254, 255, 256, 257, 258, 259, 260, 261, 262, 263, 264, 265, 266, 267, 268, 269, 270, 271, 272, 273, 274, 275, 276, 277, 278, 279, 280, 281, 282, 283, 284, 285, 286, 287, 288, 289, 290, 291, 292, 293, 294, 295, 296, 297, 298, 299, 300, 301, 302, 303, 304, 305, 306, 307, 308, 309, 310, 311, 312, 313, 314, 315, 316, 317, 318, 319, 320, 321, 322, 323, 324, 325, 326, 327, 328, 329, 330, 331, 332, 333, 334, 335, 336, 337, 495, 549, 574, 575, 576, 577, 578, 579, 580, 581, 582, 583, 584, 585, 586, 587, 588, 589, 590, 591, 592, 593, 594, 595, 596, 597, 598, 599, 600, 601, 602, 603, 604, 605, 606, 607, 608, 609, 610, 611, 612, 613, 614, 615, 616, 617, 618, 619, 620, 621, 622, 623, 624, 625, 626, 627, 628, 629, 630, 631, 632, 633, 634, 635, 636, 637, 638, 639, 640, 641, 642, 643, 644, 645, 646, 647, 648, 649, 650, 651, 652, 653, 654, 655, 656, 657, 658, 659, 660, 661, 662, 663, 664, 665, 666, 667, 668, 669, 670, 671, 672, 673, 674, 675, 676, 677, 678, 679, 680, 681, 682, 683, 684, 685, 686, 687, 688, 689, 690, 691, 692, 693, 694, 695, 696, 697, 698, 699, 700, 701, 702, 703, 704, 705, 706, 707, 708, 709, 710, 711, 712, 713, 714, 715, 716, 717, 718, 719, 720, 721, 722, 723, 724, 725, 726, 727, 728, 729, 730, 731, 732, 733, 734, 735, 736, 737, 738, 739, 740, 741, 742, 743, 744, 745, 746, 747, 748, 749, 750, 751, 752, 753, 754, 755, 756, 757, 758, 759, 760, 761, 762, 763, 764, 765, 766, 767, 768, 769, 770, 771, 772, 773, 774, 775, 776, 777, 778, 779, 780, 781, 782, 783, 784, 785, 786, 787, 788, 789, 790, 791, 792, 793]",False,[],"[103, 104, 105, 106, 107, 108, 109, 110, 111, 112, 113, 114, 115, 116, 117, 118, 119, 120, 121, 122, 123, 124, 125, 126, 127, 128, 129, 130, 131, 132, 133, 134, 135, 136, 137, 138, 139, 140, 141, 142, 143, 144, 145, 146, 147, 148, 149, 150, 151, 152, 153, 154, 155, 156, 157, 158, 159, 160, 161, 162, 163, 164, 165, 166, 167, 168, 169, 170, 171, 172, 173, 174, 175, 176, 177, 178, 179, 180, 181, 182, 183, 184, 185, 186, 187, 188, 189, 190, 191, 192, 193, 194, 195, 196, 197, 198, 199, 200, 201, 202, 203, 204, 205, 206, 207, 208, 209, 210, 211, 212, 213, 214, 215, 216, 217, 218, 219, 220, 221, 222, 223, 224, 225, 226, 227, 228, 229, 230, 231, 232, 233, 234, 235, 236, 237, 238, 239, 240, 241, 242, 243, 244, 245, 246, 247, 248, 249, 250, 251, 252, 253, 254, 255, 256, 257, 258, 259, 260, 261, 262, 263, 264, 265, 266, 267, 268, 269, 270, 271, 272, 273, 274, 275, 276, 277, 278, 279, 280, 281, 282, 283, 284, 285, 286, 287, 288, 289, 290, 291, 292, 293, 294, 295, 296, 297, 298, 299, 300, 301, 302, 303, 304, 305, 306, 307, 308, 309, 310, 311, 312, 313, 314, 315, 316, 317, 318, 319, 320, 321, 322, 323, 324, 325, 326, 327, 328, 329, 330, 331, 332, 333, 334, 335, 336, 337, 574, 575, 576, 577, 578, 579, 580, 581, 582, 583, 584, 585, 586, 587, 588, 589, 590, 591, 592, 593, 594, 595, 596, 597, 598, 599, 600, 601, 602, 603, 604, 605, 606, 607, 608, 609, 610, 611, 612, 613, 614, 615, 616, 617, 618, 619, 620, 621, 622, 623, 624, 625, 626, 627, 628, 629, 630, 631, 632, 633, 634, 635, 636, 637, 638, 639, 640, 641, 642, 643, 644, 645, 646, 647, 648, 649, 650, 651, 652, 653, 654, 655, 656, 657, 658, 659, 660, 661, 662, 663, 664, 665, 666, 667, 668, 669, 670, 671, 672, 673, 674, 675, 676, 677, 678, 679, 680, 681, 682, 683, 684, 685, 686, 687, 688, 689, 690, 691, 692, 693, 694, 695, 696, 697, 698, 699, 700, 701, 702, 703, 704, 705, 706, 707, 708, 709, 710, 711, 712, 713, 714, 715, 716, 717, 718, 719, 720, 721, 722, 723, 724, 725, 726, 727, 728, 729, 730, 731, 732, 733, 734, 735, 736, 737, 738, 739, 740, 741, 742, 743, 744, 745, 746, 747, 748, 749, 750, 751, 752, 753, 754, 755, 756, 757, 758, 759, 760, 761, 762, 763, 764, 765, 766, 767, 768, 769, 770, 771, 772, 773, 774, 775, 776, 777, 778, 779, 780, 781, 782, 783, 784, 785, 786, 787, 788, 789, 790, 791, 792, 793]",[],[],"[10, 75, 103, 104, 106, 117, 118, 120, 127, 128, 129, 131, 133, 135, 136, 137, 139, 146, 147, 148, 149, 151, 158, 160, 162, 166, 173, 178, 179, 185, 190, 192, 198, 201, 203, 204, 206, 207, 212, 213, 214, 219, 223, 224, 225, 227, 230, 235, 237, 246, 247, 256, 259, 262, 263, 266, 268, 269, 271, 272, 278, 279, 284, 285, 288, 290, 292, 304, 306, 312, 316, 319, 320, 323, 324, 329, 332, 335, 495, 549, 574, 575, 577, 588, 589, 591, 598, 599, 600, 602, 604, 606, 607, 608, 610, 617, 618, 619, 620, 622, 625, 630, 632, 634, 638, 644, 649, 650, 656, 661, 663, 669, 673, 674, 676, 677, 682, 683, 684, 687, 688, 689, 691, 694, 699, 701, 710, 718, 722, 723, 727, 728, 730, 731, 737, 738, 743, 744, 747, 749, 751, 762, 764, 770, 774, 777, 778, 781, 782, 789, 791]","[194, 195, 196, 264, 665, 666, 667, 724]",[],5/6 successful match,False,[39],True,806,False,,,,,
"E Turlock , 95380 Joe Gomes & Sons ( CFN )",209-632-3111 CA 99 Exit 213 ( Main St E ),000,Turlock,95380,Joe Gomes & Sons ( CFN ),209-632-3111,2007,Turlock,CA,,( Main St E ),CA 99 Exit 213 ,Exit,213,False,,False,CA 99,,,,,[],[],[],[],"[103, 104, 105, 106, 107, 108, 109, 110, 111, 112, 113, 114, 115, 116, 117, 118, 119, 120, 121, 122, 123, 124, 125, 126, 127, 128, 129, 130, 131, 132, 133, 134, 135, 136, 137, 138, 139, 140, 141, 142, 143, 144, 145, 146, 147, 148, 149, 150, 151, 152, 153, 154, 155, 156, 157, 158, 159, 160, 161, 162, 163, 164, 165, 166, 167, 168, 169, 170, 171, 172, 173, 174, 175, 176, 177, 178, 179, 180, 181, 182, 183, 184, 185, 186, 187, 188, 189, 190, 191, 192, 193, 194, 195, 196, 197, 198, 199, 200, 201, 202, 203, 204, 205, 206, 207, 208, 209, 210, 211, 212, 213, 214, 215, 216, 217, 218, 219, 220, 221, 222, 223, 224, 225, 226, 227, 228, 229, 230, 231, 232, 233, 234, 235, 236, 237, 238, 239, 240, 241, 242, 243, 244, 245, 246, 247, 248, 249, 250, 251, 252, 253, 254, 255, 256, 257, 258, 259, 260, 261, 262, 263, 264, 265, 266, 267, 268, 269, 270, 271, 272, 273, 274, 275, 276, 277, 278, 279, 280, 281, 282, 283, 284, 285, 286, 287, 288, 289, 290, 291, 292, 293, 294, 295, 296, 297, 298, 299, 300, 301, 302, 303, 304, 305, 306, 307, 308, 309, 310, 311, 312, 313, 314, 315, 316, 317, 318, 319, 320, 321, 322, 323, 324, 325, 326, 327, 328, 329, 330, 331, 332, 333, 334, 335, 336, 337, 574, 575, 576, 577, 578, 579, 580, 581, 582, 583, 584, 585, 586, 587, 588, 589, 590, 591, 592, 593, 594, 595, 596, 597, 598, 599, 600, 601, 602, 603, 604, 605, 606, 607, 608, 609, 610, 611, 612, 613, 614, 615, 616, 617, 618, 619, 620, 621, 622, 623, 624, 625, 626, 627, 628, 629, 630, 631, 632, 633, 634, 635, 636, 637, 638, 639, 640, 641, 642, 643, 644, 645, 646, 647, 648, 649, 650, 651, 652, 653, 654, 655, 656, 657, 658, 659, 660, 661, 662, 663, 664, 665, 666, 667, 668, 669, 670, 671, 672, 673, 674, 675, 676, 677, 678, 679, 680, 681, 682, 683, 684, 685, 686, 687, 688, 689, 690, 691, 692, 693, 694, 695, 696, 697, 698, 699, 700, 701, 702, 703, 704, 705, 706, 707, 708, 709, 710, 711, 712, 713, 714, 715, 716, 717, 718, 719, 720, 721, 722, 723, 724, 725, 726, 727, 728, 729, 730, 731, 732, 733, 734, 735, 736, 737, 738, 739, 740, 741, 742, 743, 744, 745, 746, 747, 748, 749, 750, 751, 752, 753, 754, 755, 756, 757, 758, 759, 760, 761, 762, 763, 764, 765, 766, 767, 768, 769, 770, 771, 772, 773, 774, 775, 776, 777, 778, 779, 780, 781, 782, 783, 784, 785, 786, 787, 788, 789, 790, 791, 792, 793]","[10, 75, 103, 104, 106, 117, 118, 120, 127, 128, 129, 131, 133, 135, 136, 137, 139, 146, 147, 148, 149, 151, 158, 160, 162, 166, 173, 178, 179, 185, 190, 192, 198, 201, 203, 204, 206, 207, 212, 213, 214, 219, 223, 224, 225, 227, 230, 235, 237, 246, 247, 256, 259, 262, 263, 266, 268, 269, 271, 272, 278, 279, 284, 285, 288, 290, 292, 304, 306, 312, 316, 319, 320, 323, 324, 329, 332, 335, 495, 549, 574, 575, 577, 588, 589, 591, 598, 599, 600, 602, 604, 606, 607, 608, 610, 617, 618, 619, 620, 622, 625, 630, 632, 634, 638, 644, 649, 650, 656, 661, 663, 669, 673, 674, 676, 677, 682, 683, 684, 687, 688, 689, 691, 694, 699, 701, 710, 718, 722, 723, 727, 728, 730, 731, 737, 738, 743, 744, 747, 749, 751, 762, 764, 770, 774, 777, 778, 781, 782, 789, 791]",[],"[194, 195, 196, 264, 665, 666, 667, 724]","[10, 75, 103, 104, 105, 106, 107, 108, 109, 110, 111, 112, 113, 114, 115, 116, 117, 118, 119, 120, 121, 122, 123, 124, 125, 126, 127, 128, 129, 130, 131, 132, 133, 134, 135, 136, 137, 138, 139, 140, 141, 142, 143, 144, 145, 146, 147, 148, 149, 150, 151, 152, 153, 154, 155, 156, 157, 158, 159, 160, 161, 162, 163, 164, 165, 166, 167, 168, 169, 170, 171, 172, 173, 174, 175, 176, 177, 178, 179, 180, 181, 182, 183, 184, 185, 186, 187, 188, 189, 190, 191, 192, 193, 194, 195, 196, 197, 198, 199, 200, 201, 202, 203, 204, 205, 206, 207, 208, 209, 210, 211, 212, 213, 214, 215, 216, 217, 218, 219, 220, 221, 222, 223, 224, 225, 226, 227, 228, 229, 230, 231, 232, 233, 234, 235, 236, 237, 238, 239, 240, 241, 242, 243, 244, 245, 246, 247, 248, 249, 250, 251, 252, 253, 254, 255, 256, 257, 258, 259, 260, 261, 262, 263, 264, 265, 266, 267, 268, 269, 270, 271, 272, 273, 274, 275, 276, 277, 278, 279, 280, 281, 282, 283, 284, 285, 286, 287, 288, 289, 290, 291, 292, 293, 294, 295, 296, 297, 298, 299, 300, 301, 302, 303, 304, 305, 306, 307, 308, 309, 310, 311, 312, 313, 314, 315, 316, 317, 318, 319, 320, 321, 322, 323, 324, 325, 326, 327, 328, 329, 330, 331, 332, 333, 334, 335, 336, 337, 495, 549, 574, 575, 576, 577, 578, 579, 580, 581, 582, 583, 584, 585, 586, 587, 588, 589, 590, 591, 592, 593, 594, 595, 596, 597, 598, 599, 600, 601, 602, 603, 604, 605, 606, 607, 608, 609, 610, 611, 612, 613, 614, 615, 616, 617, 618, 619, 620, 621, 622, 623, 624, 625, 626, 627, 628, 629, 630, 631, 632, 633, 634, 635, 636, 637, 638, 639, 640, 641, 642, 643, 644, 645, 646, 647, 648, 649, 650, 651, 652, 653, 654, 655, 656, 657, 658, 659, 660, 661, 662, 663, 664, 665, 666, 667, 668, 669, 670, 671, 672, 673, 674, 675, 676, 677, 678, 679, 680, 681, 682, 683, 684, 685, 686, 687, 688, 689, 690, 691, 692, 693, 694, 695, 696, 697, 698, 699, 700, 701, 702, 703, 704, 705, 706, 707, 708, 709, 710, 711, 712, 713, 714, 715, 716, 717, 718, 719, 720, 721, 722, 723, 724, 725, 726, 727, 728, 729, 730, 731, 732, 733, 734, 735, 736, 737, 738, 739, 740, 741, 742, 743, 744, 745, 746, 747, 748, 749, 750, 751, 752, 753, 754, 755, 756, 757, 758, 759, 760, 761, 762, 763, 764, 765, 766, 767, 768, 769, 770, 771, 772, 773, 774, 775, 776, 777, 778, 779, 780, 781, 782, 783, 784, 785, 786, 787, 788, 789, 790, 791, 792, 793]",False,[],"[103, 104, 105, 106, 107, 108, 109, 110, 111, 112, 113, 114, 115, 116, 117, 118, 119, 120, 121, 122, 123, 124, 125, 126, 127, 128, 129, 130, 131, 132, 133, 134, 135, 136, 137, 138, 139, 140, 141, 142, 143, 144, 145, 146, 147, 148, 149, 150, 151, 152, 153, 154, 155, 156, 157, 158, 159, 160, 161, 162, 163, 164, 165, 166, 167, 168, 169, 170, 171, 172, 173, 174, 175, 176, 177, 178, 179, 180, 181, 182, 183, 184, 185, 186, 187, 188, 189, 190, 191, 192, 193, 194, 195, 196, 197, 198, 199, 200, 201, 202, 203, 204, 205, 206, 207, 208, 209, 210, 211, 212, 213, 214, 215, 216, 217, 218, 219, 220, 221, 222, 223, 224, 225, 226, 227, 228, 229, 230, 231, 232, 233, 234, 235, 236, 237, 238, 239, 240, 241, 242, 243, 244, 245, 246, 247, 248, 249, 250, 251, 252, 253, 254, 255, 256, 257, 258, 259, 260, 261, 262, 263, 264, 265, 266, 267, 268, 269, 270, 271, 272, 273, 274, 275, 276, 277, 278, 279, 280, 281, 282, 283, 284, 285, 286, 287, 288, 289, 290, 291, 292, 293, 294, 295, 296, 297, 298, 299, 300, 301, 302, 303, 304, 305, 306, 307, 308, 309, 310, 311, 312, 313, 314, 315, 316, 317, 318, 319, 320, 321, 322, 323, 324, 325, 326, 327, 328, 329, 330, 331, 332, 333, 334, 335, 336, 337, 574, 575, 576, 577, 578, 579, 580, 581, 582, 583, 584, 585, 586, 587, 588, 589, 590, 591, 592, 593, 594, 595, 596, 597, 598, 599, 600, 601, 602, 603, 604, 605, 606, 607, 608, 609, 610, 611, 612, 613, 614, 615, 616, 617, 618, 619, 620, 621, 622, 623, 624, 625, 626, 627, 628, 629, 630, 631, 632, 633, 634, 635, 636, 637, 638, 639, 640, 641, 642, 643, 644, 645, 646, 647, 648, 649, 650, 651, 652, 653, 654, 655, 656, 657, 658, 659, 660, 661, 662, 663, 664, 665, 666, 667, 668, 669, 670, 671, 672, 673, 674, 675, 676, 677, 678, 679, 680, 681, 682, 683, 684, 685, 686, 687, 688, 689, 690, 691, 692, 693, 694, 695, 696, 697, 698, 699, 700, 701, 702, 703, 704, 705, 706, 707, 708, 709, 710, 711, 712, 713, 714, 715, 716, 717, 718, 719, 720, 721, 722, 723, 724, 725, 726, 727, 728, 729, 730, 731, 732, 733, 734, 735, 736, 737, 738, 739, 740, 741, 742, 743, 744, 745, 746, 747, 748, 749, 750, 751, 752, 753, 754, 755, 756, 757, 758, 759, 760, 761, 762, 763, 764, 765, 766, 767, 768, 769, 770, 771, 772, 773, 774, 775, 776, 777, 778, 779, 780, 781, 782, 783, 784, 785, 786, 787, 788, 789, 790, 791, 792, 793]",[],[],"[10, 75, 103, 104, 106, 117, 118, 120, 127, 128, 129, 131, 133, 135, 136, 137, 139, 146, 147, 148, 149, 151, 158, 160, 162, 166, 173, 178, 179, 185, 190, 192, 198, 201, 203, 204, 206, 207, 212, 213, 214, 219, 223, 224, 225, 227, 230, 235, 237, 246, 247, 256, 259, 262, 263, 266, 268, 269, 271, 272, 278, 279, 284, 285, 288, 290, 292, 304, 306, 312, 316, 319, 320, 323, 324, 329, 332, 335, 495, 549, 574, 575, 577, 588, 589, 591, 598, 599, 600, 602, 604, 606, 607, 608, 610, 617, 618, 619, 620, 622, 625, 630, 632, 634, 638, 644, 649, 650, 656, 661, 663, 669, 673, 674, 676, 677, 682, 683, 684, 687, 688, 689, 691, 694, 699, 701, 710, 718, 722, 723, 727, 728, 730, 731, 737, 738, 743, 744, 747, 749, 751, 762, 764, 770, 774, 777, 778, 781, 782, 789, 791]","[194, 195, 196, 264, 665, 666, 667, 724]",[],5/6 successful match,False,[39],True,806,False,,1.0,True,Joe Gomes & Sons ( CFN ),
"E Turlock , 95380 Joe Gomes & Sons ( CFN )",2 209-632-3111 CA 99 Exit 213 ( Main St E ),,Turlock,95380,Joe Gomes & Sons ( CFN ),209-632-3111,2008,Turlock,CA,,( Main St E ),CA 99 Exit 213 ,Exit,213,False,,False,CA 99,,,,,[],[],[],[],"[103, 104, 105, 106, 107, 108, 109, 110, 111, 112, 113, 114, 115, 116, 117, 118, 119, 120, 121, 122, 123, 124, 125, 126, 127, 128, 129, 130, 131, 132, 133, 134, 135, 136, 137, 138, 139, 140, 141, 142, 143, 144, 145, 146, 147, 148, 149, 150, 151, 152, 153, 154, 155, 156, 157, 158, 159, 160, 161, 162, 163, 164, 165, 166, 167, 168, 169, 170, 171, 172, 173, 174, 175, 176, 177, 178, 179, 180, 181, 182, 183, 184, 185, 186, 187, 188, 189, 190, 191, 192, 193, 194, 195, 196, 197, 198, 199, 200, 201, 202, 203, 204, 205, 206, 207, 208, 209, 210, 211, 212, 213, 214, 215, 216, 217, 218, 219, 220, 221, 222, 223, 224, 225, 226, 227, 228, 229, 230, 231, 232, 233, 234, 235, 236, 237, 238, 239, 240, 241, 242, 243, 244, 245, 246, 247, 248, 249, 250, 251, 252, 253, 254, 255, 256, 257, 258, 259, 260, 261, 262, 263, 264, 265, 266, 267, 268, 269, 270, 271, 272, 273, 274, 275, 276, 277, 278, 279, 280, 281, 282, 283, 284, 285, 286, 287, 288, 289, 290, 291, 292, 293, 294, 295, 296, 297, 298, 299, 300, 301, 302, 303, 304, 305, 306, 307, 308, 309, 310, 311, 312, 313, 314, 315, 316, 317, 318, 319, 320, 321, 322, 323, 324, 325, 326, 327, 328, 329, 330, 331, 332, 333, 334, 335, 336, 337, 574, 575, 576, 577, 578, 579, 580, 581, 582, 583, 584, 585, 586, 587, 588, 589, 590, 591, 592, 593, 594, 595, 596, 597, 598, 599, 600, 601, 602, 603, 604, 605, 606, 607, 608, 609, 610, 611, 612, 613, 614, 615, 616, 617, 618, 619, 620, 621, 622, 623, 624, 625, 626, 627, 628, 629, 630, 631, 632, 633, 634, 635, 636, 637, 638, 639, 640, 641, 642, 643, 644, 645, 646, 647, 648, 649, 650, 651, 652, 653, 654, 655, 656, 657, 658, 659, 660, 661, 662, 663, 664, 665, 666, 667, 668, 669, 670, 671, 672, 673, 674, 675, 676, 677, 678, 679, 680, 681, 682, 683, 684, 685, 686, 687, 688, 689, 690, 691, 692, 693, 694, 695, 696, 697, 698, 699, 700, 701, 702, 703, 704, 705, 706, 707, 708, 709, 710, 711, 712, 713, 714, 715, 716, 717, 718, 719, 720, 721, 722, 723, 724, 725, 726, 727, 728, 729, 730, 731, 732, 733, 734, 735, 736, 737, 738, 739, 740, 741, 742, 743, 744, 745, 746, 747, 748, 749, 750, 751, 752, 753, 754, 755, 756, 757, 758, 759, 760, 761, 762, 763, 764, 765, 766, 767, 768, 769, 770, 771, 772, 773, 774, 775, 776, 777, 778, 779, 780, 781, 782, 783, 784, 785, 786, 787, 788, 789, 790, 791, 792, 793]","[10, 75, 103, 104, 106, 117, 118, 120, 127, 128, 129, 131, 133, 135, 136, 137, 139, 146, 147, 148, 149, 151, 158, 160, 162, 166, 173, 178, 179, 185, 190, 192, 198, 201, 203, 204, 206, 207, 212, 213, 214, 219, 223, 224, 225, 227, 230, 235, 237, 246, 247, 256, 259, 262, 263, 266, 268, 269, 271, 272, 278, 279, 284, 285, 288, 290, 292, 304, 306, 312, 316, 319, 320, 323, 324, 329, 332, 335, 495, 549, 574, 575, 577, 588, 589, 591, 598, 599, 600, 602, 604, 606, 607, 608, 610, 617, 618, 619, 620, 622, 625, 630, 632, 634, 638, 644, 649, 650, 656, 661, 663, 669, 673, 674, 676, 677, 682, 683, 684, 687, 688, 689, 691, 694, 699, 701, 710, 718, 722, 723, 727, 728, 730, 731, 737, 738, 743, 744, 747, 749, 751, 762, 764, 770, 774, 777, 778, 781, 782, 789, 791]",[],"[194, 195, 196, 264, 665, 666, 667, 724]","[10, 75, 103, 104, 105, 106, 107, 108, 109, 110, 111, 112, 113, 114, 115, 116, 117, 118, 119, 120, 121, 122, 123, 124, 125, 126, 127, 128, 129, 130, 131, 132, 133, 134, 135, 136, 137, 138, 139, 140, 141, 142, 143, 144, 145, 146, 147, 148, 149, 150, 151, 152, 153, 154, 155, 156, 157, 158, 159, 160, 161, 162, 163, 164, 165, 166, 167, 168, 169, 170, 171, 172, 173, 174, 175, 176, 177, 178, 179, 180, 181, 182, 183, 184, 185, 186, 187, 188, 189, 190, 191, 192, 193, 194, 195, 196, 197, 198, 199, 200, 201, 202, 203, 204, 205, 206, 207, 208, 209, 210, 211, 212, 213, 214, 215, 216, 217, 218, 219, 220, 221, 222, 223, 224, 225, 226, 227, 228, 229, 230, 231, 232, 233, 234, 235, 236, 237, 238, 239, 240, 241, 242, 243, 244, 245, 246, 247, 248, 249, 250, 251, 252, 253, 254, 255, 256, 257, 258, 259, 260, 261, 262, 263, 264, 265, 266, 267, 268, 269, 270, 271, 272, 273, 274, 275, 276, 277, 278, 279, 280, 281, 282, 283, 284, 285, 286, 287, 288, 289, 290, 291, 292, 293, 294, 295, 296, 297, 298, 299, 300, 301, 302, 303, 304, 305, 306, 307, 308, 309, 310, 311, 312, 313, 314, 315, 316, 317, 318, 319, 320, 321, 322, 323, 324, 325, 326, 327, 328, 329, 330, 331, 332, 333, 334, 335, 336, 337, 495, 549, 574, 575, 576, 577, 578, 579, 580, 581, 582, 583, 584, 585, 586, 587, 588, 589, 590, 591, 592, 593, 594, 595, 596, 597, 598, 599, 600, 601, 602, 603, 604, 605, 606, 607, 608, 609, 610, 611, 612, 613, 614, 615, 616, 617, 618, 619, 620, 621, 622, 623, 624, 625, 626, 627, 628, 629, 630, 631, 632, 633, 634, 635, 636, 637, 638, 639, 640, 641, 642, 643, 644, 645, 646, 647, 648, 649, 650, 651, 652, 653, 654, 655, 656, 657, 658, 659, 660, 661, 662, 663, 664, 665, 666, 667, 668, 669, 670, 671, 672, 673, 674, 675, 676, 677, 678, 679, 680, 681, 682, 683, 684, 685, 686, 687, 688, 689, 690, 691, 692, 693, 694, 695, 696, 697, 698, 699, 700, 701, 702, 703, 704, 705, 706, 707, 708, 709, 710, 711, 712, 713, 714, 715, 716, 717, 718, 719, 720, 721, 722, 723, 724, 725, 726, 727, 728, 729, 730, 731, 732, 733, 734, 735, 736, 737, 738, 739, 740, 741, 742, 743, 744, 745, 746, 747, 748, 749, 750, 751, 752, 753, 754, 755, 756, 757, 758, 759, 760, 761, 762, 763, 764, 765, 766, 767, 768, 769, 770, 771, 772, 773, 774, 775, 776, 777, 778, 779, 780, 781, 782, 783, 784, 785, 786, 787, 788, 789, 790, 791, 792, 793]",False,[],"[103, 104, 105, 106, 107, 108, 109, 110, 111, 112, 113, 114, 115, 116, 117, 118, 119, 120, 121, 122, 123, 124, 125, 126, 127, 128, 129, 130, 131, 132, 133, 134, 135, 136, 137, 138, 139, 140, 141, 142, 143, 144, 145, 146, 147, 148, 149, 150, 151, 152, 153, 154, 155, 156, 157, 158, 159, 160, 161, 162, 163, 164, 165, 166, 167, 168, 169, 170, 171, 172, 173, 174, 175, 176, 177, 178, 179, 180, 181, 182, 183, 184, 185, 186, 187, 188, 189, 190, 191, 192, 193, 194, 195, 196, 197, 198, 199, 200, 201, 202, 203, 204, 205, 206, 207, 208, 209, 210, 211, 212, 213, 214, 215, 216, 217, 218, 219, 220, 221, 222, 223, 224, 225, 226, 227, 228, 229, 230, 231, 232, 233, 234, 235, 236, 237, 238, 239, 240, 241, 242, 243, 244, 245, 246, 247, 248, 249, 250, 251, 252, 253, 254, 255, 256, 257, 258, 259, 260, 261, 262, 263, 264, 265, 266, 267, 268, 269, 270, 271, 272, 273, 274, 275, 276, 277, 278, 279, 280, 281, 282, 283, 284, 285, 286, 287, 288, 289, 290, 291, 292, 293, 294, 295, 296, 297, 298, 299, 300, 301, 302, 303, 304, 305, 306, 307, 308, 309, 310, 311, 312, 313, 314, 315, 316, 317, 318, 319, 320, 321, 322, 323, 324, 325, 326, 327, 328, 329, 330, 331, 332, 333, 334, 335, 336, 337, 574, 575, 576, 577, 578, 579, 580, 581, 582, 583, 584, 585, 586, 587, 588, 589, 590, 591, 592, 593, 594, 595, 596, 597, 598, 599, 600, 601, 602, 603, 604, 605, 606, 607, 608, 609, 610, 611, 612, 613, 614, 615, 616, 617, 618, 619, 620, 621, 622, 623, 624, 625, 626, 627, 628, 629, 630, 631, 632, 633, 634, 635, 636, 637, 638, 639, 640, 641, 642, 643, 644, 645, 646, 647, 648, 649, 650, 651, 652, 653, 654, 655, 656, 657, 658, 659, 660, 661, 662, 663, 664, 665, 666, 667, 668, 669, 670, 671, 672, 673, 674, 675, 676, 677, 678, 679, 680, 681, 682, 683, 684, 685, 686, 687, 688, 689, 690, 691, 692, 693, 694, 695, 696, 697, 698, 699, 700, 701, 702, 703, 704, 705, 706, 707, 708, 709, 710, 711, 712, 713, 714, 715, 716, 717, 718, 719, 720, 721, 722, 723, 724, 725, 726, 727, 728, 729, 730, 731, 732, 733, 734, 735, 736, 737, 738, 739, 740, 741, 742, 743, 744, 745, 746, 747, 748, 749, 750, 751, 752, 753, 754, 755, 756, 757, 758, 759, 760, 761, 762, 763, 764, 765, 766, 767, 768, 769, 770, 771, 772, 773, 774, 775, 776, 777, 778, 779, 780, 781, 782, 783, 784, 785, 786, 787, 788, 789, 790, 791, 792, 793]",[],[],"[10, 75, 103, 104, 106, 117, 118, 120, 127, 128, 129, 131, 133, 135, 136, 137, 139, 146, 147, 148, 149, 151, 158, 160, 162, 166, 173, 178, 179, 185, 190, 192, 198, 201, 203, 204, 206, 207, 212, 213, 214, 219, 223, 224, 225, 227, 230, 235, 237, 246, 247, 256, 259, 262, 263, 266, 268, 269, 271, 272, 278, 279, 284, 285, 288, 290, 292, 304, 306, 312, 316, 319, 320, 323, 324, 329, 332, 335, 495, 549, 574, 575, 577, 588, 589, 591, 598, 599, 600, 602, 604, 606, 607, 608, 610, 617, 618, 619, 620, 622, 625, 630, 632, 634, 638, 644, 649, 650, 656, 661, 663, 669, 673, 674, 676, 677, 682, 683, 684, 687, 688, 689, 691, 694, 699, 701, 710, 718, 722, 723, 727, 728, 730, 731, 737, 738, 743, 744, 747, 749, 751, 762, 764, 770, 774, 777, 778, 781, 782, 789, 791]","[194, 195, 196, 264, 665, 666, 667, 724]",[],5/6 successful match,False,[39],True,806,False,,1.0,True,Joe Gomes & Sons ( CFN ),
"Kelseyville , 95451 Kits Corner Store",707-279-1380 7990 Hwy 29,24 <U+2610><U+2610> S 24 44,Kelseyville,95451,Kits Corner Store,707-279-1380,2006,Kelseyville,CA,,,7990 Hwy 29,Proper,,False,,False,Hwy 29,,,,,[],[],[],[],"[103, 104, 105, 106, 107, 108, 109, 110, 111, 112, 113, 114, 115, 116, 117, 118, 119, 120, 121, 122, 123, 124, 125, 126, 127, 128, 129, 130, 131, 132, 133, 134, 135, 136, 137, 138, 139, 140, 141, 142, 143, 144, 145, 146, 147, 148, 149, 150, 151, 152, 153, 154, 155, 156, 157, 158, 159, 160, 161, 162, 163, 164, 165, 166, 167, 168, 169, 170, 171, 172, 173, 174, 175, 176, 177, 178, 179, 180, 181, 182, 183, 184, 185, 186, 187, 188, 189, 190, 191, 192, 193, 194, 195, 196, 197, 198, 199, 200, 201, 202, 203, 204, 205, 206, 207, 208, 209, 210, 211, 212, 213, 214, 215, 216, 217, 218, 219, 220, 221, 222, 223, 224, 225, 226, 227, 228, 229, 230, 231, 232, 233, 234, 235, 236, 237, 238, 239, 240, 241, 242, 243, 244, 245, 246, 247, 248, 249, 250, 251, 252, 253, 254, 255, 256, 257, 258, 259, 260, 261, 262, 263, 264, 265, 266, 267, 268, 269, 270, 271, 272, 273, 274, 275, 276, 277, 278, 279, 280, 281, 282, 283, 284, 285, 286, 287, 288, 289, 290, 291, 292, 293, 294, 295, 296, 297, 298, 299, 300, 301, 302, 303, 304, 305, 306, 307, 308, 309, 310, 311, 312, 313, 314, 315, 316, 317, 318, 319, 320, 321, 322, 323, 324, 325, 326, 327, 328, 329, 330, 331, 332, 333, 334, 335, 336, 337, 574, 575, 576, 577, 578, 579, 580, 581, 582, 583, 584, 585, 586, 587, 588, 589, 590, 591, 592, 593, 594, 595, 596, 597, 598, 599, 600, 601, 602, 603, 604, 605, 606, 607, 608, 609, 610, 611, 612, 613, 614, 615, 616, 617, 618, 619, 620, 621, 622, 623, 624, 625, 626, 627, 628, 629, 630, 631, 632, 633, 634, 635, 636, 637, 638, 639, 640, 641, 642, 643, 644, 645, 646, 647, 648, 649, 650, 651, 652, 653, 654, 655, 656, 657, 658, 659, 660, 661, 662, 663, 664, 665, 666, 667, 668, 669, 670, 671, 672, 673, 674, 675, 676, 677, 678, 679, 680, 681, 682, 683, 684, 685, 686, 687, 688, 689, 690, 691, 692, 693, 694, 695, 696, 697, 698, 699, 700, 701, 702, 703, 704, 705, 706, 707, 708, 709, 710, 711, 712, 713, 714, 715, 716, 717, 718, 719, 720, 721, 722, 723, 724, 725, 726, 727, 728, 729, 730, 731, 732, 733, 734, 735, 736, 737, 738, 739, 740, 741, 742, 743, 744, 745, 746, 747, 748, 749, 750, 751, 752, 753, 754, 755, 756, 757, 758, 759, 760, 761, 762, 763, 764, 765, 766, 767, 768, 769, 770, 771, 772, 773, 774, 775, 776, 777, 778, 779, 780, 781, 782, 783, 784, 785, 786, 787, 788, 789, 790, 791, 792, 793]","[272, 332, 731, 789]",[],"[9, 10, 196, 397, 494, 495, 667, 847]","[9, 10, 103, 104, 105, 106, 107, 108, 109, 110, 111, 112, 113, 114, 115, 116, 117, 118, 119, 120, 121, 122, 123, 124, 125, 126, 127, 128, 129, 130, 131, 132, 133, 134, 135, 136, 137, 138, 139, 140, 141, 142, 143, 144, 145, 146, 147, 148, 149, 150, 151, 152, 153, 154, 155, 156, 157, 158, 159, 160, 161, 162, 163, 164, 165, 166, 167, 168, 169, 170, 171, 172, 173, 174, 175, 176, 177, 178, 179, 180, 181, 182, 183, 184, 185, 186, 187, 188, 189, 190, 191, 192, 193, 194, 195, 196, 197, 198, 199, 200, 201, 202, 203, 204, 205, 206, 207, 208, 209, 210, 211, 212, 213, 214, 215, 216, 217, 218, 219, 220, 221, 222, 223, 224, 225, 226, 227, 228, 229, 230, 231, 232, 233, 234, 235, 236, 237, 238, 239, 240, 241, 242, 243, 244, 245, 246, 247, 248, 249, 250, 251, 252, 253, 254, 255, 256, 257, 258, 259, 260, 261, 262, 263, 264, 265, 266, 267, 268, 269, 270, 271, 272, 273, 274, 275, 276, 277, 278, 279, 280, 281, 282, 283, 284, 285, 286, 287, 288, 289, 290, 291, 292, 293, 294, 295, 296, 297, 298, 299, 300, 301, 302, 303, 304, 305, 306, 307, 308, 309, 310, 311, 312, 313, 314, 315, 316, 317, 318, 319, 320, 321, 322, 323, 324, 325, 326, 327, 328, 329, 330, 331, 332, 333, 334, 335, 336, 337, 397, 494, 495, 574, 575, 576, 577, 578, 579, 580, 581, 582, 583, 584, 585, 586, 587, 588, 589, 590, 591, 592, 593, 594, 595, 596, 597, 598, 599, 600, 601, 602, 603, 604, 605, 606, 607, 608, 609, 610, 611, 612, 613, 614, 615, 616, 617, 618, 619, 620, 621, 622, 623, 624, 625, 626, 627, 628, 629, 630, 631, 632, 633, 634, 635, 636, 637, 638, 639, 640, 641, 642, 643, 644, 645, 646, 647, 648, 649, 650, 651, 652, 653, 654, 655, 656, 657, 658, 659, 660, 661, 662, 663, 664, 665, 666, 667, 668, 669, 670, 671, 672, 673, 674, 675, 676, 677, 678, 679, 680, 681, 682, 683, 684, 685, 686, 687, 688, 689, 690, 691, 692, 693, 694, 695, 696, 697, 698, 699, 700, 701, 702, 703, 704, 705, 706, 707, 708, 709, 710, 711, 712, 713, 714, 715, 716, 717, 718, 719, 720, 721, 722, 723, 724, 725, 726, 727, 728, 729, 730, 731, 732, 733, 734, 735, 736, 737, 738, 739, 740, 741, 742, 743, 744, 745, 746, 747, 748, 749, 750, 751, 752, 753, 754, 755, 756, 757, 758, 759, 760, 761, 762, 763, 764, 765, 766, 767, 768, 769, 770, 771, 772, 773, 774, 775, 776, 777, 778, 779, 780, 781, 782, 783, 784, 785, 786, 787, 788, 789, 790, 791, 792, 793, 847]",False,[],"[103, 104, 105, 106, 107, 108, 109, 110, 111, 112, 113, 114, 115, 116, 117, 118, 119, 120, 121, 122, 123, 124, 125, 126, 127, 128, 129, 130, 131, 132, 133, 134, 135, 136, 137, 138, 139, 140, 141, 142, 143, 144, 145, 146, 147, 148, 149, 150, 151, 152, 153, 154, 155, 156, 157, 158, 159, 160, 161, 162, 163, 164, 165, 166, 167, 168, 169, 170, 171, 172, 173, 174, 175, 176, 177, 178, 179, 180, 181, 182, 183, 184, 185, 186, 187, 188, 189, 190, 191, 192, 193, 194, 195, 196, 197, 198, 199, 200, 201, 202, 203, 204, 205, 206, 207, 208, 209, 210, 211, 212, 213, 214, 215, 216, 217, 218, 219, 220, 221, 222, 223, 224, 225, 226, 227, 228, 229, 230, 231, 232, 233, 234, 235, 236, 237, 238, 239, 240, 241, 242, 243, 244, 245, 246, 247, 248, 249, 250, 251, 252, 253, 254, 255, 256, 257, 258, 259, 260, 261, 262, 263, 264, 265, 266, 267, 268, 269, 270, 271, 272, 273, 274, 275, 276, 277, 278, 279, 280, 281, 282, 283, 284, 285, 286, 287, 288, 289, 290, 291, 292, 293, 294, 295, 296, 297, 298, 299, 300, 301, 302, 303, 304, 305, 306, 307, 308, 309, 310, 311, 312, 313, 314, 315, 316, 317, 318, 319, 320, 321, 322, 323, 324, 325, 326, 327, 328, 329, 330, 331, 332, 333, 334, 335, 336, 337, 574, 575, 576, 577, 578, 579, 580, 581, 582, 583, 584, 585, 586, 587, 588, 589, 590, 591, 592, 593, 594, 595, 596, 597, 598, 599, 600, 601, 602, 603, 604, 605, 606, 607, 608, 609, 610, 611, 612, 613, 614, 615, 616, 617, 618, 619, 620, 621, 622, 623, 624, 625, 626, 627, 628, 629, 630, 631, 632, 633, 634, 635, 636, 637, 638, 639, 640, 641, 642, 643, 644, 645, 646, 647, 648, 649, 650, 651, 652, 653, 654, 655, 656, 657, 658, 659, 660, 661, 662, 663, 664, 665, 666, 667, 668, 669, 670, 671, 672, 673, 674, 675, 676, 677, 678, 679, 680, 681, 682, 683, 684, 685, 686, 687, 688, 689, 690, 691, 692, 693, 694, 695, 696, 697, 698, 699, 700, 701, 702, 703, 704, 705, 706, 707, 708, 709, 710, 711, 712, 713, 714, 715, 716, 717, 718, 719, 720, 721, 722, 723, 724, 725, 726, 727, 728, 729, 730, 731, 732, 733, 734, 735, 736, 737, 738, 739, 740, 741, 742, 743, 744, 745, 746, 747, 748, 749, 750, 751, 752, 753, 754, 755, 756, 757, 758, 759, 760, 761, 762, 763, 764, 765, 766, 767, 768, 769, 770, 771, 772, 773, 774, 775, 776, 777, 778, 779, 780, 781, 782, 783, 784, 785, 786, 787, 788, 789, 790, 791, 792, 793]",[],[],"[272, 332, 731, 789]","[9, 10, 196, 397, 494, 495, 667, 847]",[],5/6 successful match,False,[79],True,807,False,,,,,
"Kelseyville , 95451 Kits Corner Store",707-279-8954 7990 Hwy 29,S,Kelseyville,95451,Kits Corner Store,707-279-8954,2007,Kelseyville,CA,,,7990 Hwy 29,Proper,,False,,False,Hwy 29,,,,,[],[],[],[],"[103, 104, 105, 106, 107, 108, 109, 110, 111, 112, 113, 114, 115, 116, 117, 118, 119, 120, 121, 122, 123, 124, 125, 126, 127, 128, 129, 130, 131, 132, 133, 134, 135, 136, 137, 138, 139, 140, 141, 142, 143, 144, 145, 146, 147, 148, 149, 150, 151, 152, 153, 154, 155, 156, 157, 158, 159, 160, 161, 162, 163, 164, 165, 166, 167, 168, 169, 170, 171, 172, 173, 174, 175, 176, 177, 178, 179, 180, 181, 182, 183, 184, 185, 186, 187, 188, 189, 190, 191, 192, 193, 194, 195, 196, 197, 198, 199, 200, 201, 202, 203, 204, 205, 206, 207, 208, 209, 210, 211, 212, 213, 214, 215, 216, 217, 218, 219, 220, 221, 222, 223, 224, 225, 226, 227, 228, 229, 230, 231, 232, 233, 234, 235, 236, 237, 238, 239, 240, 241, 242, 243, 244, 245, 246, 247, 248, 249, 250, 251, 252, 253, 254, 255, 256, 257, 258, 259, 260, 261, 262, 263, 264, 265, 266, 267, 268, 269, 270, 271, 272, 273, 274, 275, 276, 277, 278, 279, 280, 281, 282, 283, 284, 285, 286, 287, 288, 289, 290, 291, 292, 293, 294, 295, 296, 297, 298, 299, 300, 301, 302, 303, 304, 305, 306, 307, 308, 309, 310, 311, 312, 313, 314, 315, 316, 317, 318, 319, 320, 321, 322, 323, 324, 325, 326, 327, 328, 329, 330, 331, 332, 333, 334, 335, 336, 337, 574, 575, 576, 577, 578, 579, 580, 581, 582, 583, 584, 585, 586, 587, 588, 589, 590, 591, 592, 593, 594, 595, 596, 597, 598, 599, 600, 601, 602, 603, 604, 605, 606, 607, 608, 609, 610, 611, 612, 613, 614, 615, 616, 617, 618, 619, 620, 621, 622, 623, 624, 625, 626, 627, 628, 629, 630, 631, 632, 633, 634, 635, 636, 637, 638, 639, 640, 641, 642, 643, 644, 645, 646, 647, 648, 649, 650, 651, 652, 653, 654, 655, 656, 657, 658, 659, 660, 661, 662, 663, 664, 665, 666, 667, 668, 669, 670, 671, 672, 673, 674, 675, 676, 677, 678, 679, 680, 681, 682, 683, 684, 685, 686, 687, 688, 689, 690, 691, 692, 693, 694, 695, 696, 697, 698, 699, 700, 701, 702, 703, 704, 705, 706, 707, 708, 709, 710, 711, 712, 713, 714, 715, 716, 717, 718, 719, 720, 721, 722, 723, 724, 725, 726, 727, 728, 729, 730, 731, 732, 733, 734, 735, 736, 737, 738, 739, 740, 741, 742, 743, 744, 745, 746, 747, 748, 749, 750, 751, 752, 753, 754, 755, 756, 757, 758, 759, 760, 761, 762, 763, 764, 765, 766, 767, 768, 769, 770, 771, 772, 773, 774, 775, 776, 777, 778, 779, 780, 781, 782, 783, 784, 785, 786, 787, 788, 789, 790, 791, 792, 793]","[272, 332, 731, 789]",[],"[9, 10, 196, 397, 494, 495, 667, 847]","[9, 10, 103, 104, 105, 106, 107, 108, 109, 110, 111, 112, 113, 114, 115, 116, 117, 118, 119, 120, 121, 122, 123, 124, 125, 126, 127, 128, 129, 130, 131, 132, 133, 134, 135, 136, 137, 138, 139, 140, 141, 142, 143, 144, 145, 146, 147, 148, 149, 150, 151, 152, 153, 154, 155, 156, 157, 158, 159, 160, 161, 162, 163, 164, 165, 166, 167, 168, 169, 170, 171, 172, 173, 174, 175, 176, 177, 178, 179, 180, 181, 182, 183, 184, 185, 186, 187, 188, 189, 190, 191, 192, 193, 194, 195, 196, 197, 198, 199, 200, 201, 202, 203, 204, 205, 206, 207, 208, 209, 210, 211, 212, 213, 214, 215, 216, 217, 218, 219, 220, 221, 222, 223, 224, 225, 226, 227, 228, 229, 230, 231, 232, 233, 234, 235, 236, 237, 238, 239, 240, 241, 242, 243, 244, 245, 246, 247, 248, 249, 250, 251, 252, 253, 254, 255, 256, 257, 258, 259, 260, 261, 262, 263, 264, 265, 266, 267, 268, 269, 270, 271, 272, 273, 274, 275, 276, 277, 278, 279, 280, 281, 282, 283, 284, 285, 286, 287, 288, 289, 290, 291, 292, 293, 294, 295, 296, 297, 298, 299, 300, 301, 302, 303, 304, 305, 306, 307, 308, 309, 310, 311, 312, 313, 314, 315, 316, 317, 318, 319, 320, 321, 322, 323, 324, 325, 326, 327, 328, 329, 330, 331, 332, 333, 334, 335, 336, 337, 397, 494, 495, 574, 575, 576, 577, 578, 579, 580, 581, 582, 583, 584, 585, 586, 587, 588, 589, 590, 591, 592, 593, 594, 595, 596, 597, 598, 599, 600, 601, 602, 603, 604, 605, 606, 607, 608, 609, 610, 611, 612, 613, 614, 615, 616, 617, 618, 619, 620, 621, 622, 623, 624, 625, 626, 627, 628, 629, 630, 631, 632, 633, 634, 635, 636, 637, 638, 639, 640, 641, 642, 643, 644, 645, 646, 647, 648, 649, 650, 651, 652, 653, 654, 655, 656, 657, 658, 659, 660, 661, 662, 663, 664, 665, 666, 667, 668, 669, 670, 671, 672, 673, 674, 675, 676, 677, 678, 679, 680, 681, 682, 683, 684, 685, 686, 687, 688, 689, 690, 691, 692, 693, 694, 695, 696, 697, 698, 699, 700, 701, 702, 703, 704, 705, 706, 707, 708, 709, 710, 711, 712, 713, 714, 715, 716, 717, 718, 719, 720, 721, 722, 723, 724, 725, 726, 727, 728, 729, 730, 731, 732, 733, 734, 735, 736, 737, 738, 739, 740, 741, 742, 743, 744, 745, 746, 747, 748, 749, 750, 751, 752, 753, 754, 755, 756, 757, 758, 759, 760, 761, 762, 763, 764, 765, 766, 767, 768, 769, 770, 771, 772, 773, 774, 775, 776, 777, 778, 779, 780, 781, 782, 783, 784, 785, 786, 787, 788, 789, 790, 791, 792, 793, 847]",False,[],"[103, 104, 105, 106, 107, 108, 109, 110, 111, 112, 113, 114, 115, 116, 117, 118, 119, 120, 121, 122, 123, 124, 125, 126, 127, 128, 129, 130, 131, 132, 133, 134, 135, 136, 137, 138, 139, 140, 141, 142, 143, 144, 145, 146, 147, 148, 149, 150, 151, 152, 153, 154, 155, 156, 157, 158, 159, 160, 161, 162, 163, 164, 165, 166, 167, 168, 169, 170, 171, 172, 173, 174, 175, 176, 177, 178, 179, 180, 181, 182, 183, 184, 185, 186, 187, 188, 189, 190, 191, 192, 193, 194, 195, 196, 197, 198, 199, 200, 201, 202, 203, 204, 205, 206, 207, 208, 209, 210, 211, 212, 213, 214, 215, 216, 217, 218, 219, 220, 221, 222, 223, 224, 225, 226, 227, 228, 229, 230, 231, 232, 233, 234, 235, 236, 237, 238, 239, 240, 241, 242, 243, 244, 245, 246, 247, 248, 249, 250, 251, 252, 253, 254, 255, 256, 257, 258, 259, 260, 261, 262, 263, 264, 265, 266, 267, 268, 269, 270, 271, 272, 273, 274, 275, 276, 277, 278, 279, 280, 281, 282, 283, 284, 285, 286, 287, 288, 289, 290, 291, 292, 293, 294, 295, 296, 297, 298, 299, 300, 301, 302, 303, 304, 305, 306, 307, 308, 309, 310, 311, 312, 313, 314, 315, 316, 317, 318, 319, 320, 321, 322, 323, 324, 325, 326, 327, 328, 329, 330, 331, 332, 333, 334, 335, 336, 337, 574, 575, 576, 577, 578, 579, 580, 581, 582, 583, 584, 585, 586, 587, 588, 589, 590, 591, 592, 593, 594, 595, 596, 597, 598, 599, 600, 601, 602, 603, 604, 605, 606, 607, 608, 609, 610, 611, 612, 613, 614, 615, 616, 617, 618, 619, 620, 621, 622, 623, 624, 625, 626, 627, 628, 629, 630, 631, 632, 633, 634, 635, 636, 637, 638, 639, 640, 641, 642, 643, 644, 645, 646, 647, 648, 649, 650, 651, 652, 653, 654, 655, 656, 657, 658, 659, 660, 661, 662, 663, 664, 665, 666, 667, 668, 669, 670, 671, 672, 673, 674, 675, 676, 677, 678, 679, 680, 681, 682, 683, 684, 685, 686, 687, 688, 689, 690, 691, 692, 693, 694, 695, 696, 697, 698, 699, 700, 701, 702, 703, 704, 705, 706, 707, 708, 709, 710, 711, 712, 713, 714, 715, 716, 717, 718, 719, 720, 721, 722, 723, 724, 725, 726, 727, 728, 729, 730, 731, 732, 733, 734, 735, 736, 737, 738, 739, 740, 741, 742, 743, 744, 745, 746, 747, 748, 749, 750, 751, 752, 753, 754, 755, 756, 757, 758, 759, 760, 761, 762, 763, 764, 765, 766, 767, 768, 769, 770, 771, 772, 773, 774, 775, 776, 777, 778, 779, 780, 781, 782, 783, 784, 785, 786, 787, 788, 789, 790, 791, 792, 793]",[],[],"[272, 332, 731, 789]","[9, 10, 196, 397, 494, 495, 667, 847]",[],5/6 successful match,False,[485],True,807,False,,1.0,True,Kits Corner Store,
"Kelseyville , 95451 Kits Corner Store EB / 142 WB ( Indio Blvd )",707-279-8954 7990 Hwy 29,S <U+2610>,Kelseyville,95451,Kits Corner Store EB / 142 WB ( Indio Blvd ),707-279-8954,2008,Kelseyville,CA,,,7990 Hwy 29,Proper,,False,,False,Hwy 29,,,,,[],[],[],[],"[103, 104, 105, 106, 107, 108, 109, 110, 111, 112, 113, 114, 115, 116, 117, 118, 119, 120, 121, 122, 123, 124, 125, 126, 127, 128, 129, 130, 131, 132, 133, 134, 135, 136, 137, 138, 139, 140, 141, 142, 143, 144, 145, 146, 147, 148, 149, 150, 151, 152, 153, 154, 155, 156, 157, 158, 159, 160, 161, 162, 163, 164, 165, 166, 167, 168, 169, 170, 171, 172, 173, 174, 175, 176, 177, 178, 179, 180, 181, 182, 183, 184, 185, 186, 187, 188, 189, 190, 191, 192, 193, 194, 195, 196, 197, 198, 199, 200, 201, 202, 203, 204, 205, 206, 207, 208, 209, 210, 211, 212, 213, 214, 215, 216, 217, 218, 219, 220, 221, 222, 223, 224, 225, 226, 227, 228, 229, 230, 231, 232, 233, 234, 235, 236, 237, 238, 239, 240, 241, 242, 243, 244, 245, 246, 247, 248, 249, 250, 251, 252, 253, 254, 255, 256, 257, 258, 259, 260, 261, 262, 263, 264, 265, 266, 267, 268, 269, 270, 271, 272, 273, 274, 275, 276, 277, 278, 279, 280, 281, 282, 283, 284, 285, 286, 287, 288, 289, 290, 291, 292, 293, 294, 295, 296, 297, 298, 299, 300, 301, 302, 303, 304, 305, 306, 307, 308, 309, 310, 311, 312, 313, 314, 315, 316, 317, 318, 319, 320, 321, 322, 323, 324, 325, 326, 327, 328, 329, 330, 331, 332, 333, 334, 335, 336, 337, 574, 575, 576, 577, 578, 579, 580, 581, 582, 583, 584, 585, 586, 587, 588, 589, 590, 591, 592, 593, 594, 595, 596, 597, 598, 599, 600, 601, 602, 603, 604, 605, 606, 607, 608, 609, 610, 611, 612, 613, 614, 615, 616, 617, 618, 619, 620, 621, 622, 623, 624, 625, 626, 627, 628, 629, 630, 631, 632, 633, 634, 635, 636, 637, 638, 639, 640, 641, 642, 643, 644, 645, 646, 647, 648, 649, 650, 651, 652, 653, 654, 655, 656, 657, 658, 659, 660, 661, 662, 663, 664, 665, 666, 667, 668, 669, 670, 671, 672, 673, 674, 675, 676, 677, 678, 679, 680, 681, 682, 683, 684, 685, 686, 687, 688, 689, 690, 691, 692, 693, 694, 695, 696, 697, 698, 699, 700, 701, 702, 703, 704, 705, 706, 707, 708, 709, 710, 711, 712, 713, 714, 715, 716, 717, 718, 719, 720, 721, 722, 723, 724, 725, 726, 727, 728, 729, 730, 731, 732, 733, 734, 735, 736, 737, 738, 739, 740, 741, 742, 743, 744, 745, 746, 747, 748, 749, 750, 751, 752, 753, 754, 755, 756, 757, 758, 759, 760, 761, 762, 763, 764, 765, 766, 767, 768, 769, 770, 771, 772, 773, 774, 775, 776, 777, 778, 779, 780, 781, 782, 783, 784, 785, 786, 787, 788, 789, 790, 791, 792, 793]","[272, 332, 731, 789]",[],"[9, 10, 196, 397, 494, 495, 667, 847]","[9, 10, 103, 104, 105, 106, 107, 108, 109, 110, 111, 112, 113, 114, 115, 116, 117, 118, 119, 120, 121, 122, 123, 124, 125, 126, 127, 128, 129, 130, 131, 132, 133, 134, 135, 136, 137, 138, 139, 140, 141, 142, 143, 144, 145, 146, 147, 148, 149, 150, 151, 152, 153, 154, 155, 156, 157, 158, 159, 160, 161, 162, 163, 164, 165, 166, 167, 168, 169, 170, 171, 172, 173, 174, 175, 176, 177, 178, 179, 180, 181, 182, 183, 184, 185, 186, 187, 188, 189, 190, 191, 192, 193, 194, 195, 196, 197, 198, 199, 200, 201, 202, 203, 204, 205, 206, 207, 208, 209, 210, 211, 212, 213, 214, 215, 216, 217, 218, 219, 220, 221, 222, 223, 224, 225, 226, 227, 228, 229, 230, 231, 232, 233, 234, 235, 236, 237, 238, 239, 240, 241, 242, 243, 244, 245, 246, 247, 248, 249, 250, 251, 252, 253, 254, 255, 256, 257, 258, 259, 260, 261, 262, 263, 264, 265, 266, 267, 268, 269, 270, 271, 272, 273, 274, 275, 276, 277, 278, 279, 280, 281, 282, 283, 284, 285, 286, 287, 288, 289, 290, 291, 292, 293, 294, 295, 296, 297, 298, 299, 300, 301, 302, 303, 304, 305, 306, 307, 308, 309, 310, 311, 312, 313, 314, 315, 316, 317, 318, 319, 320, 321, 322, 323, 324, 325, 326, 327, 328, 329, 330, 331, 332, 333, 334, 335, 336, 337, 397, 494, 495, 574, 575, 576, 577, 578, 579, 580, 581, 582, 583, 584, 585, 586, 587, 588, 589, 590, 591, 592, 593, 594, 595, 596, 597, 598, 599, 600, 601, 602, 603, 604, 605, 606, 607, 608, 609, 610, 611, 612, 613, 614, 615, 616, 617, 618, 619, 620, 621, 622, 623, 624, 625, 626, 627, 628, 629, 630, 631, 632, 633, 634, 635, 636, 637, 638, 639, 640, 641, 642, 643, 644, 645, 646, 647, 648, 649, 650, 651, 652, 653, 654, 655, 656, 657, 658, 659, 660, 661, 662, 663, 664, 665, 666, 667, 668, 669, 670, 671, 672, 673, 674, 675, 676, 677, 678, 679, 680, 681, 682, 683, 684, 685, 686, 687, 688, 689, 690, 691, 692, 693, 694, 695, 696, 697, 698, 699, 700, 701, 702, 703, 704, 705, 706, 707, 708, 709, 710, 711, 712, 713, 714, 715, 716, 717, 718, 719, 720, 721, 722, 723, 724, 725, 726, 727, 728, 729, 730, 731, 732, 733, 734, 735, 736, 737, 738, 739, 740, 741, 742, 743, 744, 745, 746, 747, 748, 749, 750, 751, 752, 753, 754, 755, 756, 757, 758, 759, 760, 761, 762, 763, 764, 765, 766, 767, 768, 769, 770, 771, 772, 773, 774, 775, 776, 777, 778, 779, 780, 781, 782, 783, 784, 785, 786, 787, 788, 789, 790, 791, 792, 793, 847]",False,[],"[103, 104, 105, 106, 107, 108, 109, 110, 111, 112, 113, 114, 115, 116, 117, 118, 119, 120, 121, 122, 123, 124, 125, 126, 127, 128, 129, 130, 131, 132, 133, 134, 135, 136, 137, 138, 139, 140, 141, 142, 143, 144, 145, 146, 147, 148, 149, 150, 151, 152, 153, 154, 155, 156, 157, 158, 159, 160, 161, 162, 163, 164, 165, 166, 167, 168, 169, 170, 171, 172, 173, 174, 175, 176, 177, 178, 179, 180, 181, 182, 183, 184, 185, 186, 187, 188, 189, 190, 191, 192, 193, 194, 195, 196, 197, 198, 199, 200, 201, 202, 203, 204, 205, 206, 207, 208, 209, 210, 211, 212, 213, 214, 215, 216, 217, 218, 219, 220, 221, 222, 223, 224, 225, 226, 227, 228, 229, 230, 231, 232, 233, 234, 235, 236, 237, 238, 239, 240, 241, 242, 243, 244, 245, 246, 247, 248, 249, 250, 251, 252, 253, 254, 255, 256, 257, 258, 259, 260, 261, 262, 263, 264, 265, 266, 267, 268, 269, 270, 271, 272, 273, 274, 275, 276, 277, 278, 279, 280, 281, 282, 283, 284, 285, 286, 287, 288, 289, 290, 291, 292, 293, 294, 295, 296, 297, 298, 299, 300, 301, 302, 303, 304, 305, 306, 307, 308, 309, 310, 311, 312, 313, 314, 315, 316, 317, 318, 319, 320, 321, 322, 323, 324, 325, 326, 327, 328, 329, 330, 331, 332, 333, 334, 335, 336, 337, 574, 575, 576, 577, 578, 579, 580, 581, 582, 583, 584, 585, 586, 587, 588, 589, 590, 591, 592, 593, 594, 595, 596, 597, 598, 599, 600, 601, 602, 603, 604, 605, 606, 607, 608, 609, 610, 611, 612, 613, 614, 615, 616, 617, 618, 619, 620, 621, 622, 623, 624, 625, 626, 627, 628, 629, 630, 631, 632, 633, 634, 635, 636, 637, 638, 639, 640, 641, 642, 643, 644, 645, 646, 647, 648, 649, 650, 651, 652, 653, 654, 655, 656, 657, 658, 659, 660, 661, 662, 663, 664, 665, 666, 667, 668, 669, 670, 671, 672, 673, 674, 675, 676, 677, 678, 679, 680, 681, 682, 683, 684, 685, 686, 687, 688, 689, 690, 691, 692, 693, 694, 695, 696, 697, 698, 699, 700, 701, 702, 703, 704, 705, 706, 707, 708, 709, 710, 711, 712, 713, 714, 715, 716, 717, 718, 719, 720, 721, 722, 723, 724, 725, 726, 727, 728, 729, 730, 731, 732, 733, 734, 735, 736, 737, 738, 739, 740, 741, 742, 743, 744, 745, 746, 747, 748, 749, 750, 751, 752, 753, 754, 755, 756, 757, 758, 759, 760, 761, 762, 763, 764, 765, 766, 767, 768, 769, 770, 771, 772, 773, 774, 775, 776, 777, 778, 779, 780, 781, 782, 783, 784, 785, 786, 787, 788, 789, 790, 791, 792, 793]",[],[],"[272, 332, 731, 789]","[9, 10, 196, 397, 494, 495, 667, 847]",[],5/6 successful match,False,[485],True,807,False,,0.9072131147540983,True,Kits Corner Store,
D Kelseyville ( 95451 ) Kits Corner Store,707-279-8954 7990 Hwy 29,D S <U+2610> <U+25A1>,Kelseyville,95451,Kits Corner Store,707-279-8954,2014,Kelseyville,CA,,,7990 Hwy 29,Proper,,False,,False,Hwy 29,,,,,[],[],[],[],"[103, 104, 105, 106, 107, 108, 109, 110, 111, 112, 113, 114, 115, 116, 117, 118, 119, 120, 121, 122, 123, 124, 125, 126, 127, 128, 129, 130, 131, 132, 133, 134, 135, 136, 137, 138, 139, 140, 141, 142, 143, 144, 145, 146, 147, 148, 149, 150, 151, 152, 153, 154, 155, 156, 157, 158, 159, 160, 161, 162, 163, 164, 165, 166, 167, 168, 169, 170, 171, 172, 173, 174, 175, 176, 177, 178, 179, 180, 181, 182, 183, 184, 185, 186, 187, 188, 189, 190, 191, 192, 193, 194, 195, 196, 197, 198, 199, 200, 201, 202, 203, 204, 205, 206, 207, 208, 209, 210, 211, 212, 213, 214, 215, 216, 217, 218, 219, 220, 221, 222, 223, 224, 225, 226, 227, 228, 229, 230, 231, 232, 233, 234, 235, 236, 237, 238, 239, 240, 241, 242, 243, 244, 245, 246, 247, 248, 249, 250, 251, 252, 253, 254, 255, 256, 257, 258, 259, 260, 261, 262, 263, 264, 265, 266, 267, 268, 269, 270, 271, 272, 273, 274, 275, 276, 277, 278, 279, 280, 281, 282, 283, 284, 285, 286, 287, 288, 289, 290, 291, 292, 293, 294, 295, 296, 297, 298, 299, 300, 301, 302, 303, 304, 305, 306, 307, 308, 309, 310, 311, 312, 313, 314, 315, 316, 317, 318, 319, 320, 321, 322, 323, 324, 325, 326, 327, 328, 329, 330, 331, 332, 333, 334, 335, 336, 337, 574, 575, 576, 577, 578, 579, 580, 581, 582, 583, 584, 585, 586, 587, 588, 589, 590, 591, 592, 593, 594, 595, 596, 597, 598, 599, 600, 601, 602, 603, 604, 605, 606, 607, 608, 609, 610, 611, 612, 613, 614, 615, 616, 617, 618, 619, 620, 621, 622, 623, 624, 625, 626, 627, 628, 629, 630, 631, 632, 633, 634, 635, 636, 637, 638, 639, 640, 641, 642, 643, 644, 645, 646, 647, 648, 649, 650, 651, 652, 653, 654, 655, 656, 657, 658, 659, 660, 661, 662, 663, 664, 665, 666, 667, 668, 669, 670, 671, 672, 673, 674, 675, 676, 677, 678, 679, 680, 681, 682, 683, 684, 685, 686, 687, 688, 689, 690, 691, 692, 693, 694, 695, 696, 697, 698, 699, 700, 701, 702, 703, 704, 705, 706, 707, 708, 709, 710, 711, 712, 713, 714, 715, 716, 717, 718, 719, 720, 721, 722, 723, 724, 725, 726, 727, 728, 729, 730, 731, 732, 733, 734, 735, 736, 737, 738, 739, 740, 741, 742, 743, 744, 745, 746, 747, 748, 749, 750, 751, 752, 753, 754, 755, 756, 757, 758, 759, 760, 761, 762, 763, 764, 765, 766, 767, 768, 769, 770, 771, 772, 773, 774, 775, 776, 777, 778, 779, 780, 781, 782, 783, 784, 785, 786, 787, 788, 789, 790, 791, 792, 793]","[272, 332, 731, 789]",[],"[9, 10, 196, 397, 494, 495, 667, 847]","[9, 10, 103, 104, 105, 106, 107, 108, 109, 110, 111, 112, 113, 114, 115, 116, 117, 118, 119, 120, 121, 122, 123, 124, 125, 126, 127, 128, 129, 130, 131, 132, 133, 134, 135, 136, 137, 138, 139, 140, 141, 142, 143, 144, 145, 146, 147, 148, 149, 150, 151, 152, 153, 154, 155, 156, 157, 158, 159, 160, 161, 162, 163, 164, 165, 166, 167, 168, 169, 170, 171, 172, 173, 174, 175, 176, 177, 178, 179, 180, 181, 182, 183, 184, 185, 186, 187, 188, 189, 190, 191, 192, 193, 194, 195, 196, 197, 198, 199, 200, 201, 202, 203, 204, 205, 206, 207, 208, 209, 210, 211, 212, 213, 214, 215, 216, 217, 218, 219, 220, 221, 222, 223, 224, 225, 226, 227, 228, 229, 230, 231, 232, 233, 234, 235, 236, 237, 238, 239, 240, 241, 242, 243, 244, 245, 246, 247, 248, 249, 250, 251, 252, 253, 254, 255, 256, 257, 258, 259, 260, 261, 262, 263, 264, 265, 266, 267, 268, 269, 270, 271, 272, 273, 274, 275, 276, 277, 278, 279, 280, 281, 282, 283, 284, 285, 286, 287, 288, 289, 290, 291, 292, 293, 294, 295, 296, 297, 298, 299, 300, 301, 302, 303, 304, 305, 306, 307, 308, 309, 310, 311, 312, 313, 314, 315, 316, 317, 318, 319, 320, 321, 322, 323, 324, 325, 326, 327, 328, 329, 330, 331, 332, 333, 334, 335, 336, 337, 397, 494, 495, 574, 575, 576, 577, 578, 579, 580, 581, 582, 583, 584, 585, 586, 587, 588, 589, 590, 591, 592, 593, 594, 595, 596, 597, 598, 599, 600, 601, 602, 603, 604, 605, 606, 607, 608, 609, 610, 611, 612, 613, 614, 615, 616, 617, 618, 619, 620, 621, 622, 623, 624, 625, 626, 627, 628, 629, 630, 631, 632, 633, 634, 635, 636, 637, 638, 639, 640, 641, 642, 643, 644, 645, 646, 647, 648, 649, 650, 651, 652, 653, 654, 655, 656, 657, 658, 659, 660, 661, 662, 663, 664, 665, 666, 667, 668, 669, 670, 671, 672, 673, 674, 675, 676, 677, 678, 679, 680, 681, 682, 683, 684, 685, 686, 687, 688, 689, 690, 691, 692, 693, 694, 695, 696, 697, 698, 699, 700, 701, 702, 703, 704, 705, 706, 707, 708, 709, 710, 711, 712, 713, 714, 715, 716, 717, 718, 719, 720, 721, 722, 723, 724, 725, 726, 727, 728, 729, 730, 731, 732, 733, 734, 735, 736, 737, 738, 739, 740, 741, 742, 743, 744, 745, 746, 747, 748, 749, 750, 751, 752, 753, 754, 755, 756, 757, 758, 759, 760, 761, 762, 763, 764, 765, 766, 767, 768, 769, 770, 771, 772, 773, 774, 775, 776, 777, 778, 779, 780, 781, 782, 783, 784, 785, 786, 787, 788, 789, 790, 791, 792, 793, 847]",False,[],"[103, 104, 105, 106, 107, 108, 109, 110, 111, 112, 113, 114, 115, 116, 117, 118, 119, 120, 121, 122, 123, 124, 125, 126, 127, 128, 129, 130, 131, 132, 133, 134, 135, 136, 137, 138, 139, 140, 141, 142, 143, 144, 145, 146, 147, 148, 149, 150, 151, 152, 153, 154, 155, 156, 157, 158, 159, 160, 161, 162, 163, 164, 165, 166, 167, 168, 169, 170, 171, 172, 173, 174, 175, 176, 177, 178, 179, 180, 181, 182, 183, 184, 185, 186, 187, 188, 189, 190, 191, 192, 193, 194, 195, 196, 197, 198, 199, 200, 201, 202, 203, 204, 205, 206, 207, 208, 209, 210, 211, 212, 213, 214, 215, 216, 217, 218, 219, 220, 221, 222, 223, 224, 225, 226, 227, 228, 229, 230, 231, 232, 233, 234, 235, 236, 237, 238, 239, 240, 241, 242, 243, 244, 245, 246, 247, 248, 249, 250, 251, 252, 253, 254, 255, 256, 257, 258, 259, 260, 261, 262, 263, 264, 265, 266, 267, 268, 269, 270, 271, 272, 273, 274, 275, 276, 277, 278, 279, 280, 281, 282, 283, 284, 285, 286, 287, 288, 289, 290, 291, 292, 293, 294, 295, 296, 297, 298, 299, 300, 301, 302, 303, 304, 305, 306, 307, 308, 309, 310, 311, 312, 313, 314, 315, 316, 317, 318, 319, 320, 321, 322, 323, 324, 325, 326, 327, 328, 329, 330, 331, 332, 333, 334, 335, 336, 337, 574, 575, 576, 577, 578, 579, 580, 581, 582, 583, 584, 585, 586, 587, 588, 589, 590, 591, 592, 593, 594, 595, 596, 597, 598, 599, 600, 601, 602, 603, 604, 605, 606, 607, 608, 609, 610, 611, 612, 613, 614, 615, 616, 617, 618, 619, 620, 621, 622, 623, 624, 625, 626, 627, 628, 629, 630, 631, 632, 633, 634, 635, 636, 637, 638, 639, 640, 641, 642, 643, 644, 645, 646, 647, 648, 649, 650, 651, 652, 653, 654, 655, 656, 657, 658, 659, 660, 661, 662, 663, 664, 665, 666, 667, 668, 669, 670, 671, 672, 673, 674, 675, 676, 677, 678, 679, 680, 681, 682, 683, 684, 685, 686, 687, 688, 689, 690, 691, 692, 693, 694, 695, 696, 697, 698, 699, 700, 701, 702, 703, 704, 705, 706, 707, 708, 709, 710, 711, 712, 713, 714, 715, 716, 717, 718, 719, 720, 721, 722, 723, 724, 725, 726, 727, 728, 729, 730, 731, 732, 733, 734, 735, 736, 737, 738, 739, 740, 741, 742, 743, 744, 745, 746, 747, 748, 749, 750, 751, 752, 753, 754, 755, 756, 757, 758, 759, 760, 761, 762, 763, 764, 765, 766, 767, 768, 769, 770, 771, 772, 773, 774, 775, 776, 777, 778, 779, 780, 781, 782, 783, 784, 785, 786, 787, 788, 789, 790, 791, 792, 793]",[],[],"[272, 332, 731, 789]","[9, 10, 196, 397, 494, 495, 667, 847]",[],5/6 successful match,False,[485],True,807,False,,0.9072131147540983,True,Kits Corner Store EB / 142 WB ( Indio Blvd ),
D Kelseyville ( 95451 ) Kits Corner Store,707-279-8954 7990 Hwy 29,S <U+25A1> D <U+2610><U+2610>,Kelseyville,95451,Kits Corner Store,707-279-8954,2015,Kelseyville,CA,,,7990 Hwy 29,Proper,,False,,False,Hwy 29,,,,,[],[],[],[],"[103, 104, 105, 106, 107, 108, 109, 110, 111, 112, 113, 114, 115, 116, 117, 118, 119, 120, 121, 122, 123, 124, 125, 126, 127, 128, 129, 130, 131, 132, 133, 134, 135, 136, 137, 138, 139, 140, 141, 142, 143, 144, 145, 146, 147, 148, 149, 150, 151, 152, 153, 154, 155, 156, 157, 158, 159, 160, 161, 162, 163, 164, 165, 166, 167, 168, 169, 170, 171, 172, 173, 174, 175, 176, 177, 178, 179, 180, 181, 182, 183, 184, 185, 186, 187, 188, 189, 190, 191, 192, 193, 194, 195, 196, 197, 198, 199, 200, 201, 202, 203, 204, 205, 206, 207, 208, 209, 210, 211, 212, 213, 214, 215, 216, 217, 218, 219, 220, 221, 222, 223, 224, 225, 226, 227, 228, 229, 230, 231, 232, 233, 234, 235, 236, 237, 238, 239, 240, 241, 242, 243, 244, 245, 246, 247, 248, 249, 250, 251, 252, 253, 254, 255, 256, 257, 258, 259, 260, 261, 262, 263, 264, 265, 266, 267, 268, 269, 270, 271, 272, 273, 274, 275, 276, 277, 278, 279, 280, 281, 282, 283, 284, 285, 286, 287, 288, 289, 290, 291, 292, 293, 294, 295, 296, 297, 298, 299, 300, 301, 302, 303, 304, 305, 306, 307, 308, 309, 310, 311, 312, 313, 314, 315, 316, 317, 318, 319, 320, 321, 322, 323, 324, 325, 326, 327, 328, 329, 330, 331, 332, 333, 334, 335, 336, 337, 574, 575, 576, 577, 578, 579, 580, 581, 582, 583, 584, 585, 586, 587, 588, 589, 590, 591, 592, 593, 594, 595, 596, 597, 598, 599, 600, 601, 602, 603, 604, 605, 606, 607, 608, 609, 610, 611, 612, 613, 614, 615, 616, 617, 618, 619, 620, 621, 622, 623, 624, 625, 626, 627, 628, 629, 630, 631, 632, 633, 634, 635, 636, 637, 638, 639, 640, 641, 642, 643, 644, 645, 646, 647, 648, 649, 650, 651, 652, 653, 654, 655, 656, 657, 658, 659, 660, 661, 662, 663, 664, 665, 666, 667, 668, 669, 670, 671, 672, 673, 674, 675, 676, 677, 678, 679, 680, 681, 682, 683, 684, 685, 686, 687, 688, 689, 690, 691, 692, 693, 694, 695, 696, 697, 698, 699, 700, 701, 702, 703, 704, 705, 706, 707, 708, 709, 710, 711, 712, 713, 714, 715, 716, 717, 718, 719, 720, 721, 722, 723, 724, 725, 726, 727, 728, 729, 730, 731, 732, 733, 734, 735, 736, 737, 738, 739, 740, 741, 742, 743, 744, 745, 746, 747, 748, 749, 750, 751, 752, 753, 754, 755, 756, 757, 758, 759, 760, 761, 762, 763, 764, 765, 766, 767, 768, 769, 770, 771, 772, 773, 774, 775, 776, 777, 778, 779, 780, 781, 782, 783, 784, 785, 786, 787, 788, 789, 790, 791, 792, 793]","[272, 332, 731, 789]",[],"[9, 10, 196, 397, 494, 495, 667, 847]","[9, 10, 103, 104, 105, 106, 107, 108, 109, 110, 111, 112, 113, 114, 115, 116, 117, 118, 119, 120, 121, 122, 123, 124, 125, 126, 127, 128, 129, 130, 131, 132, 133, 134, 135, 136, 137, 138, 139, 140, 141, 142, 143, 144, 145, 146, 147, 148, 149, 150, 151, 152, 153, 154, 155, 156, 157, 158, 159, 160, 161, 162, 163, 164, 165, 166, 167, 168, 169, 170, 171, 172, 173, 174, 175, 176, 177, 178, 179, 180, 181, 182, 183, 184, 185, 186, 187, 188, 189, 190, 191, 192, 193, 194, 195, 196, 197, 198, 199, 200, 201, 202, 203, 204, 205, 206, 207, 208, 209, 210, 211, 212, 213, 214, 215, 216, 217, 218, 219, 220, 221, 222, 223, 224, 225, 226, 227, 228, 229, 230, 231, 232, 233, 234, 235, 236, 237, 238, 239, 240, 241, 242, 243, 244, 245, 246, 247, 248, 249, 250, 251, 252, 253, 254, 255, 256, 257, 258, 259, 260, 261, 262, 263, 264, 265, 266, 267, 268, 269, 270, 271, 272, 273, 274, 275, 276, 277, 278, 279, 280, 281, 282, 283, 284, 285, 286, 287, 288, 289, 290, 291, 292, 293, 294, 295, 296, 297, 298, 299, 300, 301, 302, 303, 304, 305, 306, 307, 308, 309, 310, 311, 312, 313, 314, 315, 316, 317, 318, 319, 320, 321, 322, 323, 324, 325, 326, 327, 328, 329, 330, 331, 332, 333, 334, 335, 336, 337, 397, 494, 495, 574, 575, 576, 577, 578, 579, 580, 581, 582, 583, 584, 585, 586, 587, 588, 589, 590, 591, 592, 593, 594, 595, 596, 597, 598, 599, 600, 601, 602, 603, 604, 605, 606, 607, 608, 609, 610, 611, 612, 613, 614, 615, 616, 617, 618, 619, 620, 621, 622, 623, 624, 625, 626, 627, 628, 629, 630, 631, 632, 633, 634, 635, 636, 637, 638, 639, 640, 641, 642, 643, 644, 645, 646, 647, 648, 649, 650, 651, 652, 653, 654, 655, 656, 657, 658, 659, 660, 661, 662, 663, 664, 665, 666, 667, 668, 669, 670, 671, 672, 673, 674, 675, 676, 677, 678, 679, 680, 681, 682, 683, 684, 685, 686, 687, 688, 689, 690, 691, 692, 693, 694, 695, 696, 697, 698, 699, 700, 701, 702, 703, 704, 705, 706, 707, 708, 709, 710, 711, 712, 713, 714, 715, 716, 717, 718, 719, 720, 721, 722, 723, 724, 725, 726, 727, 728, 729, 730, 731, 732, 733, 734, 735, 736, 737, 738, 739, 740, 741, 742, 743, 744, 745, 746, 747, 748, 749, 750, 751, 752, 753, 754, 755, 756, 757, 758, 759, 760, 761, 762, 763, 764, 765, 766, 767, 768, 769, 770, 771, 772, 773, 774, 775, 776, 777, 778, 779, 780, 781, 782, 783, 784, 785, 786, 787, 788, 789, 790, 791, 792, 793, 847]",False,[],"[103, 104, 105, 106, 107, 108, 109, 110, 111, 112, 113, 114, 115, 116, 117, 118, 119, 120, 121, 122, 123, 124, 125, 126, 127, 128, 129, 130, 131, 132, 133, 134, 135, 136, 137, 138, 139, 140, 141, 142, 143, 144, 145, 146, 147, 148, 149, 150, 151, 152, 153, 154, 155, 156, 157, 158, 159, 160, 161, 162, 163, 164, 165, 166, 167, 168, 169, 170, 171, 172, 173, 174, 175, 176, 177, 178, 179, 180, 181, 182, 183, 184, 185, 186, 187, 188, 189, 190, 191, 192, 193, 194, 195, 196, 197, 198, 199, 200, 201, 202, 203, 204, 205, 206, 207, 208, 209, 210, 211, 212, 213, 214, 215, 216, 217, 218, 219, 220, 221, 222, 223, 224, 225, 226, 227, 228, 229, 230, 231, 232, 233, 234, 235, 236, 237, 238, 239, 240, 241, 242, 243, 244, 245, 246, 247, 248, 249, 250, 251, 252, 253, 254, 255, 256, 257, 258, 259, 260, 261, 262, 263, 264, 265, 266, 267, 268, 269, 270, 271, 272, 273, 274, 275, 276, 277, 278, 279, 280, 281, 282, 283, 284, 285, 286, 287, 288, 289, 290, 291, 292, 293, 294, 295, 296, 297, 298, 299, 300, 301, 302, 303, 304, 305, 306, 307, 308, 309, 310, 311, 312, 313, 314, 315, 316, 317, 318, 319, 320, 321, 322, 323, 324, 325, 326, 327, 328, 329, 330, 331, 332, 333, 334, 335, 336, 337, 574, 575, 576, 577, 578, 579, 580, 581, 582, 583, 584, 585, 586, 587, 588, 589, 590, 591, 592, 593, 594, 595, 596, 597, 598, 599, 600, 601, 602, 603, 604, 605, 606, 607, 608, 609, 610, 611, 612, 613, 614, 615, 616, 617, 618, 619, 620, 621, 622, 623, 624, 625, 626, 627, 628, 629, 630, 631, 632, 633, 634, 635, 636, 637, 638, 639, 640, 641, 642, 643, 644, 645, 646, 647, 648, 649, 650, 651, 652, 653, 654, 655, 656, 657, 658, 659, 660, 661, 662, 663, 664, 665, 666, 667, 668, 669, 670, 671, 672, 673, 674, 675, 676, 677, 678, 679, 680, 681, 682, 683, 684, 685, 686, 687, 688, 689, 690, 691, 692, 693, 694, 695, 696, 697, 698, 699, 700, 701, 702, 703, 704, 705, 706, 707, 708, 709, 710, 711, 712, 713, 714, 715, 716, 717, 718, 719, 720, 721, 722, 723, 724, 725, 726, 727, 728, 729, 730, 731, 732, 733, 734, 735, 736, 737, 738, 739, 740, 741, 742, 743, 744, 745, 746, 747, 748, 749, 750, 751, 752, 753, 754, 755, 756, 757, 758, 759, 760, 761, 762, 763, 764, 765, 766, 767, 768, 769, 770, 771, 772, 773, 774, 775, 776, 777, 778, 779, 780, 781, 782, 783, 784, 785, 786, 787, 788, 789, 790, 791, 792, 793]",[],[],"[272, 332, 731, 789]","[9, 10, 196, 397, 494, 495, 667, 847]",[],5/6 successful match,False,[485],True,807,False,,1.0,True,Kits Corner Store,
Kelseyville ( 95451 ) Kits Corner 73 Store,707-279-8954 7990 Hwy 29,<U+2610> S <U+2610> <U+25A1>,Kelseyville,95451,Kits Corner 73 Store,707-279-8954,2016,Kelseyville,CA,,,7990 Hwy 29,Proper,,False,,False,Hwy 29,,,,,[],[],[],[],"[103, 104, 105, 106, 107, 108, 109, 110, 111, 112, 113, 114, 115, 116, 117, 118, 119, 120, 121, 122, 123, 124, 125, 126, 127, 128, 129, 130, 131, 132, 133, 134, 135, 136, 137, 138, 139, 140, 141, 142, 143, 144, 145, 146, 147, 148, 149, 150, 151, 152, 153, 154, 155, 156, 157, 158, 159, 160, 161, 162, 163, 164, 165, 166, 167, 168, 169, 170, 171, 172, 173, 174, 175, 176, 177, 178, 179, 180, 181, 182, 183, 184, 185, 186, 187, 188, 189, 190, 191, 192, 193, 194, 195, 196, 197, 198, 199, 200, 201, 202, 203, 204, 205, 206, 207, 208, 209, 210, 211, 212, 213, 214, 215, 216, 217, 218, 219, 220, 221, 222, 223, 224, 225, 226, 227, 228, 229, 230, 231, 232, 233, 234, 235, 236, 237, 238, 239, 240, 241, 242, 243, 244, 245, 246, 247, 248, 249, 250, 251, 252, 253, 254, 255, 256, 257, 258, 259, 260, 261, 262, 263, 264, 265, 266, 267, 268, 269, 270, 271, 272, 273, 274, 275, 276, 277, 278, 279, 280, 281, 282, 283, 284, 285, 286, 287, 288, 289, 290, 291, 292, 293, 294, 295, 296, 297, 298, 299, 300, 301, 302, 303, 304, 305, 306, 307, 308, 309, 310, 311, 312, 313, 314, 315, 316, 317, 318, 319, 320, 321, 322, 323, 324, 325, 326, 327, 328, 329, 330, 331, 332, 333, 334, 335, 336, 337, 574, 575, 576, 577, 578, 579, 580, 581, 582, 583, 584, 585, 586, 587, 588, 589, 590, 591, 592, 593, 594, 595, 596, 597, 598, 599, 600, 601, 602, 603, 604, 605, 606, 607, 608, 609, 610, 611, 612, 613, 614, 615, 616, 617, 618, 619, 620, 621, 622, 623, 624, 625, 626, 627, 628, 629, 630, 631, 632, 633, 634, 635, 636, 637, 638, 639, 640, 641, 642, 643, 644, 645, 646, 647, 648, 649, 650, 651, 652, 653, 654, 655, 656, 657, 658, 659, 660, 661, 662, 663, 664, 665, 666, 667, 668, 669, 670, 671, 672, 673, 674, 675, 676, 677, 678, 679, 680, 681, 682, 683, 684, 685, 686, 687, 688, 689, 690, 691, 692, 693, 694, 695, 696, 697, 698, 699, 700, 701, 702, 703, 704, 705, 706, 707, 708, 709, 710, 711, 712, 713, 714, 715, 716, 717, 718, 719, 720, 721, 722, 723, 724, 725, 726, 727, 728, 729, 730, 731, 732, 733, 734, 735, 736, 737, 738, 739, 740, 741, 742, 743, 744, 745, 746, 747, 748, 749, 750, 751, 752, 753, 754, 755, 756, 757, 758, 759, 760, 761, 762, 763, 764, 765, 766, 767, 768, 769, 770, 771, 772, 773, 774, 775, 776, 777, 778, 779, 780, 781, 782, 783, 784, 785, 786, 787, 788, 789, 790, 791, 792, 793]","[272, 332, 731, 789]",[],"[9, 10, 196, 397, 494, 495, 667, 847]","[9, 10, 103, 104, 105, 106, 107, 108, 109, 110, 111, 112, 113, 114, 115, 116, 117, 118, 119, 120, 121, 122, 123, 124, 125, 126, 127, 128, 129, 130, 131, 132, 133, 134, 135, 136, 137, 138, 139, 140, 141, 142, 143, 144, 145, 146, 147, 148, 149, 150, 151, 152, 153, 154, 155, 156, 157, 158, 159, 160, 161, 162, 163, 164, 165, 166, 167, 168, 169, 170, 171, 172, 173, 174, 175, 176, 177, 178, 179, 180, 181, 182, 183, 184, 185, 186, 187, 188, 189, 190, 191, 192, 193, 194, 195, 196, 197, 198, 199, 200, 201, 202, 203, 204, 205, 206, 207, 208, 209, 210, 211, 212, 213, 214, 215, 216, 217, 218, 219, 220, 221, 222, 223, 224, 225, 226, 227, 228, 229, 230, 231, 232, 233, 234, 235, 236, 237, 238, 239, 240, 241, 242, 243, 244, 245, 246, 247, 248, 249, 250, 251, 252, 253, 254, 255, 256, 257, 258, 259, 260, 261, 262, 263, 264, 265, 266, 267, 268, 269, 270, 271, 272, 273, 274, 275, 276, 277, 278, 279, 280, 281, 282, 283, 284, 285, 286, 287, 288, 289, 290, 291, 292, 293, 294, 295, 296, 297, 298, 299, 300, 301, 302, 303, 304, 305, 306, 307, 308, 309, 310, 311, 312, 313, 314, 315, 316, 317, 318, 319, 320, 321, 322, 323, 324, 325, 326, 327, 328, 329, 330, 331, 332, 333, 334, 335, 336, 337, 397, 494, 495, 574, 575, 576, 577, 578, 579, 580, 581, 582, 583, 584, 585, 586, 587, 588, 589, 590, 591, 592, 593, 594, 595, 596, 597, 598, 599, 600, 601, 602, 603, 604, 605, 606, 607, 608, 609, 610, 611, 612, 613, 614, 615, 616, 617, 618, 619, 620, 621, 622, 623, 624, 625, 626, 627, 628, 629, 630, 631, 632, 633, 634, 635, 636, 637, 638, 639, 640, 641, 642, 643, 644, 645, 646, 647, 648, 649, 650, 651, 652, 653, 654, 655, 656, 657, 658, 659, 660, 661, 662, 663, 664, 665, 666, 667, 668, 669, 670, 671, 672, 673, 674, 675, 676, 677, 678, 679, 680, 681, 682, 683, 684, 685, 686, 687, 688, 689, 690, 691, 692, 693, 694, 695, 696, 697, 698, 699, 700, 701, 702, 703, 704, 705, 706, 707, 708, 709, 710, 711, 712, 713, 714, 715, 716, 717, 718, 719, 720, 721, 722, 723, 724, 725, 726, 727, 728, 729, 730, 731, 732, 733, 734, 735, 736, 737, 738, 739, 740, 741, 742, 743, 744, 745, 746, 747, 748, 749, 750, 751, 752, 753, 754, 755, 756, 757, 758, 759, 760, 761, 762, 763, 764, 765, 766, 767, 768, 769, 770, 771, 772, 773, 774, 775, 776, 777, 778, 779, 780, 781, 782, 783, 784, 785, 786, 787, 788, 789, 790, 791, 792, 793, 847]",False,[],"[103, 104, 105, 106, 107, 108, 109, 110, 111, 112, 113, 114, 115, 116, 117, 118, 119, 120, 121, 122, 123, 124, 125, 126, 127, 128, 129, 130, 131, 132, 133, 134, 135, 136, 137, 138, 139, 140, 141, 142, 143, 144, 145, 146, 147, 148, 149, 150, 151, 152, 153, 154, 155, 156, 157, 158, 159, 160, 161, 162, 163, 164, 165, 166, 167, 168, 169, 170, 171, 172, 173, 174, 175, 176, 177, 178, 179, 180, 181, 182, 183, 184, 185, 186, 187, 188, 189, 190, 191, 192, 193, 194, 195, 196, 197, 198, 199, 200, 201, 202, 203, 204, 205, 206, 207, 208, 209, 210, 211, 212, 213, 214, 215, 216, 217, 218, 219, 220, 221, 222, 223, 224, 225, 226, 227, 228, 229, 230, 231, 232, 233, 234, 235, 236, 237, 238, 239, 240, 241, 242, 243, 244, 245, 246, 247, 248, 249, 250, 251, 252, 253, 254, 255, 256, 257, 258, 259, 260, 261, 262, 263, 264, 265, 266, 267, 268, 269, 270, 271, 272, 273, 274, 275, 276, 277, 278, 279, 280, 281, 282, 283, 284, 285, 286, 287, 288, 289, 290, 291, 292, 293, 294, 295, 296, 297, 298, 299, 300, 301, 302, 303, 304, 305, 306, 307, 308, 309, 310, 311, 312, 313, 314, 315, 316, 317, 318, 319, 320, 321, 322, 323, 324, 325, 326, 327, 328, 329, 330, 331, 332, 333, 334, 335, 336, 337, 574, 575, 576, 577, 578, 579, 580, 581, 582, 583, 584, 585, 586, 587, 588, 589, 590, 591, 592, 593, 594, 595, 596, 597, 598, 599, 600, 601, 602, 603, 604, 605, 606, 607, 608, 609, 610, 611, 612, 613, 614, 615, 616, 617, 618, 619, 620, 621, 622, 623, 624, 625, 626, 627, 628, 629, 630, 631, 632, 633, 634, 635, 636, 637, 638, 639, 640, 641, 642, 643, 644, 645, 646, 647, 648, 649, 650, 651, 652, 653, 654, 655, 656, 657, 658, 659, 660, 661, 662, 663, 664, 665, 666, 667, 668, 669, 670, 671, 672, 673, 674, 675, 676, 677, 678, 679, 680, 681, 682, 683, 684, 685, 686, 687, 688, 689, 690, 691, 692, 693, 694, 695, 696, 697, 698, 699, 700, 701, 702, 703, 704, 705, 706, 707, 708, 709, 710, 711, 712, 713, 714, 715, 716, 717, 718, 719, 720, 721, 722, 723, 724, 725, 726, 727, 728, 729, 730, 731, 732, 733, 734, 735, 736, 737, 738, 739, 740, 741, 742, 743, 744, 745, 746, 747, 748, 749, 750, 751, 752, 753, 754, 755, 756, 757, 758, 759, 760, 761, 762, 763, 764, 765, 766, 767, 768, 769, 770, 771, 772, 773, 774, 775, 776, 777, 778, 779, 780, 781, 782, 783, 784, 785, 786, 787, 788, 789, 790, 791, 792, 793]",[],[],"[272, 332, 731, 789]","[9, 10, 196, 397, 494, 495, 667, 847]",[],5/6 successful match,False,[485],True,807,False,,1.0,True,Kits Corner Store,
Lakeport ( 95453 ) Westgate Petroleum,707-263-4605 CA 29-175 ( 1 mi S of jnctn ),24 <U+25A1>,Lakeport,95453,Westgate Petroleum,707-263-4605,2016,Lakeport,CA,,( 1 mi S of jnctn ),CA 29-175,empty,,False,,False,CA 29-175,,,,,[],"[272, 332, 731, 789]","[272, 332, 731, 789]",[],"[103, 104, 105, 106, 107, 108, 109, 110, 111, 112, 113, 114, 115, 116, 117, 118, 119, 120, 121, 122, 123, 124, 125, 126, 127, 128, 129, 130, 131, 132, 133, 134, 135, 136, 137, 138, 139, 140, 141, 142, 143, 144, 145, 146, 147, 148, 149, 150, 151, 152, 153, 154, 155, 156, 157, 158, 159, 160, 161, 162, 163, 164, 165, 166, 167, 168, 169, 170, 171, 172, 173, 174, 175, 176, 177, 178, 179, 180, 181, 182, 183, 184, 185, 186, 187, 188, 189, 190, 191, 192, 193, 194, 195, 196, 197, 198, 199, 200, 201, 202, 203, 204, 205, 206, 207, 208, 209, 210, 211, 212, 213, 214, 215, 216, 217, 218, 219, 220, 221, 222, 223, 224, 225, 226, 227, 228, 229, 230, 231, 232, 233, 234, 235, 236, 237, 238, 239, 240, 241, 242, 243, 244, 245, 246, 247, 248, 249, 250, 251, 252, 253, 254, 255, 256, 257, 258, 259, 260, 261, 262, 263, 264, 265, 266, 267, 268, 269, 270, 271, 272, 273, 274, 275, 276, 277, 278, 279, 280, 281, 282, 283, 284, 285, 286, 287, 288, 289, 290, 291, 292, 293, 294, 295, 296, 297, 298, 299, 300, 301, 302, 303, 304, 305, 306, 307, 308, 309, 310, 311, 312, 313, 314, 315, 316, 317, 318, 319, 320, 321, 322, 323, 324, 325, 326, 327, 328, 329, 330, 331, 332, 333, 334, 335, 336, 337, 574, 575, 576, 577, 578, 579, 580, 581, 582, 583, 584, 585, 586, 587, 588, 589, 590, 591, 592, 593, 594, 595, 596, 597, 598, 599, 600, 601, 602, 603, 604, 605, 606, 607, 608, 609, 610, 611, 612, 613, 614, 615, 616, 617, 618, 619, 620, 621, 622, 623, 624, 625, 626, 627, 628, 629, 630, 631, 632, 633, 634, 635, 636, 637, 638, 639, 640, 641, 642, 643, 644, 645, 646, 647, 648, 649, 650, 651, 652, 653, 654, 655, 656, 657, 658, 659, 660, 661, 662, 663, 664, 665, 666, 667, 668, 669, 670, 671, 672, 673, 674, 675, 676, 677, 678, 679, 680, 681, 682, 683, 684, 685, 686, 687, 688, 689, 690, 691, 692, 693, 694, 695, 696, 697, 698, 699, 700, 701, 702, 703, 704, 705, 706, 707, 708, 709, 710, 711, 712, 713, 714, 715, 716, 717, 718, 719, 720, 721, 722, 723, 724, 725, 726, 727, 728, 729, 730, 731, 732, 733, 734, 735, 736, 737, 738, 739, 740, 741, 742, 743, 744, 745, 746, 747, 748, 749, 750, 751, 752, 753, 754, 755, 756, 757, 758, 759, 760, 761, 762, 763, 764, 765, 766, 767, 768, 769, 770, 771, 772, 773, 774, 775, 776, 777, 778, 779, 780, 781, 782, 783, 784, 785, 786, 787, 788, 789, 790, 791, 792, 793]","[103, 104, 106, 117, 118, 120, 127, 128, 129, 131, 133, 135, 136, 137, 139, 146, 147, 148, 149, 151, 158, 160, 162, 166, 173, 178, 179, 185, 190, 192, 198, 201, 203, 204, 206, 207, 212, 213, 214, 219, 223, 224, 225, 227, 230, 235, 237, 246, 247, 256, 259, 262, 263, 266, 268, 269, 271, 272, 278, 279, 284, 285, 288, 290, 292, 304, 312, 316, 319, 320, 323, 324, 332, 574, 575, 588, 591, 607, 608, 610, 618, 619, 620, 622, 632, 644, 649, 650, 656, 661, 663, 669, 674, 677, 683, 684, 687, 688, 689, 701, 710, 723, 730, 731, 738, 747, 751, 762, 774, 778, 789]",[],"[176, 177, 325, 332, 467, 483, 484, 647, 648, 783, 789, 914, 927, 934, 935]","[103, 104, 105, 106, 107, 108, 109, 110, 111, 112, 113, 114, 115, 116, 117, 118, 119, 120, 121, 122, 123, 124, 125, 126, 127, 128, 129, 130, 131, 132, 133, 134, 135, 136, 137, 138, 139, 140, 141, 142, 143, 144, 145, 146, 147, 148, 149, 150, 151, 152, 153, 154, 155, 156, 157, 158, 159, 160, 161, 162, 163, 164, 165, 166, 167, 168, 169, 170, 171, 172, 173, 174, 175, 176, 177, 178, 179, 180, 181, 182, 183, 184, 185, 186, 187, 188, 189, 190, 191, 192, 193, 194, 195, 196, 197, 198, 199, 200, 201, 202, 203, 204, 205, 206, 207, 208, 209, 210, 211, 212, 213, 214, 215, 216, 217, 218, 219, 220, 221, 222, 223, 224, 225, 226, 227, 228, 229, 230, 231, 232, 233, 234, 235, 236, 237, 238, 239, 240, 241, 242, 243, 244, 245, 246, 247, 248, 249, 250, 251, 252, 253, 254, 255, 256, 257, 258, 259, 260, 261, 262, 263, 264, 265, 266, 267, 268, 269, 270, 271, 272, 273, 274, 275, 276, 277, 278, 279, 280, 281, 282, 283, 284, 285, 286, 287, 288, 289, 290, 291, 292, 293, 294, 295, 296, 297, 298, 299, 300, 301, 302, 303, 304, 305, 306, 307, 308, 309, 310, 311, 312, 313, 314, 315, 316, 317, 318, 319, 320, 321, 322, 323, 324, 325, 326, 327, 328, 329, 330, 331, 332, 333, 334, 335, 336, 337, 467, 483, 484, 574, 575, 576, 577, 578, 579, 580, 581, 582, 583, 584, 585, 586, 587, 588, 589, 590, 591, 592, 593, 594, 595, 596, 597, 598, 599, 600, 601, 602, 603, 604, 605, 606, 607, 608, 609, 610, 611, 612, 613, 614, 615, 616, 617, 618, 619, 620, 621, 622, 623, 624, 625, 626, 627, 628, 629, 630, 631, 632, 633, 634, 635, 636, 637, 638, 639, 640, 641, 642, 643, 644, 645, 646, 647, 648, 649, 650, 651, 652, 653, 654, 655, 656, 657, 658, 659, 660, 661, 662, 663, 664, 665, 666, 667, 668, 669, 670, 671, 672, 673, 674, 675, 676, 677, 678, 679, 680, 681, 682, 683, 684, 685, 686, 687, 688, 689, 690, 691, 692, 693, 694, 695, 696, 697, 698, 699, 700, 701, 702, 703, 704, 705, 706, 707, 708, 709, 710, 711, 712, 713, 714, 715, 716, 717, 718, 719, 720, 721, 722, 723, 724, 725, 726, 727, 728, 729, 730, 731, 732, 733, 734, 735, 736, 737, 738, 739, 740, 741, 742, 743, 744, 745, 746, 747, 748, 749, 750, 751, 752, 753, 754, 755, 756, 757, 758, 759, 760, 761, 762, 763, 764, 765, 766, 767, 768, 769, 770, 771, 772, 773, 774, 775, 776, 777, 778, 779, 780, 781, 782, 783, 784, 785, 786, 787, 788, 789, 790, 791, 792, 793, 914, 927, 934, 935]",False,"[272, 332, 731, 789]","[103, 104, 105, 106, 107, 108, 109, 110, 111, 112, 113, 114, 115, 116, 117, 118, 119, 120, 121, 122, 123, 124, 125, 126, 127, 128, 129, 130, 131, 132, 133, 134, 135, 136, 137, 138, 139, 140, 141, 142, 143, 144, 145, 146, 147, 148, 149, 150, 151, 152, 153, 154, 155, 156, 157, 158, 159, 160, 161, 162, 163, 164, 165, 166, 167, 168, 169, 170, 171, 172, 173, 174, 175, 176, 177, 178, 179, 180, 181, 182, 183, 184, 185, 186, 187, 188, 189, 190, 191, 192, 193, 194, 195, 196, 197, 198, 199, 200, 201, 202, 203, 204, 205, 206, 207, 208, 209, 210, 211, 212, 213, 214, 215, 216, 217, 218, 219, 220, 221, 222, 223, 224, 225, 226, 227, 228, 229, 230, 231, 232, 233, 234, 235, 236, 237, 238, 239, 240, 241, 242, 243, 244, 245, 246, 247, 248, 249, 250, 251, 252, 253, 254, 255, 256, 257, 258, 259, 260, 261, 262, 263, 264, 265, 266, 267, 268, 269, 270, 271, 272, 273, 274, 275, 276, 277, 278, 279, 280, 281, 282, 283, 284, 285, 286, 287, 288, 289, 290, 291, 292, 293, 294, 295, 296, 297, 298, 299, 300, 301, 302, 303, 304, 305, 306, 307, 308, 309, 310, 311, 312, 313, 314, 315, 316, 317, 318, 319, 320, 321, 322, 323, 324, 325, 326, 327, 328, 329, 330, 331, 332, 333, 334, 335, 336, 337, 574, 575, 576, 577, 578, 579, 580, 581, 582, 583, 584, 585, 586, 587, 588, 589, 590, 591, 592, 593, 594, 595, 596, 597, 598, 599, 600, 601, 602, 603, 604, 605, 606, 607, 608, 609, 610, 611, 612, 613, 614, 615, 616, 617, 618, 619, 620, 621, 622, 623, 624, 625, 626, 627, 628, 629, 630, 631, 632, 633, 634, 635, 636, 637, 638, 639, 640, 641, 642, 643, 644, 645, 646, 647, 648, 649, 650, 651, 652, 653, 654, 655, 656, 657, 658, 659, 660, 661, 662, 663, 664, 665, 666, 667, 668, 669, 670, 671, 672, 673, 674, 675, 676, 677, 678, 679, 680, 681, 682, 683, 684, 685, 686, 687, 688, 689, 690, 691, 692, 693, 694, 695, 696, 697, 698, 699, 700, 701, 702, 703, 704, 705, 706, 707, 708, 709, 710, 711, 712, 713, 714, 715, 716, 717, 718, 719, 720, 721, 722, 723, 724, 725, 726, 727, 728, 729, 730, 731, 732, 733, 734, 735, 736, 737, 738, 739, 740, 741, 742, 743, 744, 745, 746, 747, 748, 749, 750, 751, 752, 753, 754, 755, 756, 757, 758, 759, 760, 761, 762, 763, 764, 765, 766, 767, 768, 769, 770, 771, 772, 773, 774, 775, 776, 777, 778, 779, 780, 781, 782, 783, 784, 785, 786, 787, 788, 789, 790, 791, 792, 793]","[272, 332, 731, 789]",[],"[103, 104, 106, 117, 118, 120, 127, 128, 129, 131, 133, 135, 136, 137, 139, 146, 147, 148, 149, 151, 158, 160, 162, 166, 173, 178, 179, 185, 190, 192, 198, 201, 203, 204, 206, 207, 212, 213, 214, 219, 223, 224, 225, 227, 230, 235, 237, 246, 247, 256, 259, 262, 263, 266, 268, 269, 271, 272, 278, 279, 284, 285, 288, 290, 292, 304, 312, 316, 319, 320, 323, 324, 332, 574, 575, 588, 591, 607, 608, 610, 618, 619, 620, 622, 632, 644, 649, 650, 656, 661, 663, 669, 674, 677, 683, 684, 687, 688, 689, 701, 710, 723, 730, 731, 738, 747, 751, 762, 774, 778, 789]","[176, 177, 325, 332, 467, 483, 484, 647, 648, 783, 789, 914, 927, 934, 935]",[],7/6 successful match,False,,False,808,False,,,,,
"Lakeport , 95453 Westgate Petroleum ( Alliance )",707-263-6281 1785 S Main ( 1/4 mi N of CA 29 & CA 175,"175 ) DO 000 """,Lakeport,95453,Westgate Petroleum ( Alliance ),707-263-6281,2006,Lakeport,CA,,( 1/4 mi N of CA 29 & CA 175,1785 S Main,Proper,,False,,False,1785 S,,,,,[],"[272, 332, 731, 789]","[272, 332, 731, 789]",[],"[103, 104, 105, 106, 107, 108, 109, 110, 111, 112, 113, 114, 115, 116, 117, 118, 119, 120, 121, 122, 123, 124, 125, 126, 127, 128, 129, 130, 131, 132, 133, 134, 135, 136, 137, 138, 139, 140, 141, 142, 143, 144, 145, 146, 147, 148, 149, 150, 151, 152, 153, 154, 155, 156, 157, 158, 159, 160, 161, 162, 163, 164, 165, 166, 167, 168, 169, 170, 171, 172, 173, 174, 175, 176, 177, 178, 179, 180, 181, 182, 183, 184, 185, 186, 187, 188, 189, 190, 191, 192, 193, 194, 195, 196, 197, 198, 199, 200, 201, 202, 203, 204, 205, 206, 207, 208, 209, 210, 211, 212, 213, 214, 215, 216, 217, 218, 219, 220, 221, 222, 223, 224, 225, 226, 227, 228, 229, 230, 231, 232, 233, 234, 235, 236, 237, 238, 239, 240, 241, 242, 243, 244, 245, 246, 247, 248, 249, 250, 251, 252, 253, 254, 255, 256, 257, 258, 259, 260, 261, 262, 263, 264, 265, 266, 267, 268, 269, 270, 271, 272, 273, 274, 275, 276, 277, 278, 279, 280, 281, 282, 283, 284, 285, 286, 287, 288, 289, 290, 291, 292, 293, 294, 295, 296, 297, 298, 299, 300, 301, 302, 303, 304, 305, 306, 307, 308, 309, 310, 311, 312, 313, 314, 315, 316, 317, 318, 319, 320, 321, 322, 323, 324, 325, 326, 327, 328, 329, 330, 331, 332, 333, 334, 335, 336, 337, 574, 575, 576, 577, 578, 579, 580, 581, 582, 583, 584, 585, 586, 587, 588, 589, 590, 591, 592, 593, 594, 595, 596, 597, 598, 599, 600, 601, 602, 603, 604, 605, 606, 607, 608, 609, 610, 611, 612, 613, 614, 615, 616, 617, 618, 619, 620, 621, 622, 623, 624, 625, 626, 627, 628, 629, 630, 631, 632, 633, 634, 635, 636, 637, 638, 639, 640, 641, 642, 643, 644, 645, 646, 647, 648, 649, 650, 651, 652, 653, 654, 655, 656, 657, 658, 659, 660, 661, 662, 663, 664, 665, 666, 667, 668, 669, 670, 671, 672, 673, 674, 675, 676, 677, 678, 679, 680, 681, 682, 683, 684, 685, 686, 687, 688, 689, 690, 691, 692, 693, 694, 695, 696, 697, 698, 699, 700, 701, 702, 703, 704, 705, 706, 707, 708, 709, 710, 711, 712, 713, 714, 715, 716, 717, 718, 719, 720, 721, 722, 723, 724, 725, 726, 727, 728, 729, 730, 731, 732, 733, 734, 735, 736, 737, 738, 739, 740, 741, 742, 743, 744, 745, 746, 747, 748, 749, 750, 751, 752, 753, 754, 755, 756, 757, 758, 759, 760, 761, 762, 763, 764, 765, 766, 767, 768, 769, 770, 771, 772, 773, 774, 775, 776, 777, 778, 779, 780, 781, 782, 783, 784, 785, 786, 787, 788, 789, 790, 791, 792, 793]",[],[],"[176, 177, 325, 332, 467, 483, 484, 647, 648, 783, 789, 914, 927, 934, 935]","[103, 104, 105, 106, 107, 108, 109, 110, 111, 112, 113, 114, 115, 116, 117, 118, 119, 120, 121, 122, 123, 124, 125, 126, 127, 128, 129, 130, 131, 132, 133, 134, 135, 136, 137, 138, 139, 140, 141, 142, 143, 144, 145, 146, 147, 148, 149, 150, 151, 152, 153, 154, 155, 156, 157, 158, 159, 160, 161, 162, 163, 164, 165, 166, 167, 168, 169, 170, 171, 172, 173, 174, 175, 176, 177, 178, 179, 180, 181, 182, 183, 184, 185, 186, 187, 188, 189, 190, 191, 192, 193, 194, 195, 196, 197, 198, 199, 200, 201, 202, 203, 204, 205, 206, 207, 208, 209, 210, 211, 212, 213, 214, 215, 216, 217, 218, 219, 220, 221, 222, 223, 224, 225, 226, 227, 228, 229, 230, 231, 232, 233, 234, 235, 236, 237, 238, 239, 240, 241, 242, 243, 244, 245, 246, 247, 248, 249, 250, 251, 252, 253, 254, 255, 256, 257, 258, 259, 260, 261, 262, 263, 264, 265, 266, 267, 268, 269, 270, 271, 272, 273, 274, 275, 276, 277, 278, 279, 280, 281, 282, 283, 284, 285, 286, 287, 288, 289, 290, 291, 292, 293, 294, 295, 296, 297, 298, 299, 300, 301, 302, 303, 304, 305, 306, 307, 308, 309, 310, 311, 312, 313, 314, 315, 316, 317, 318, 319, 320, 321, 322, 323, 324, 325, 326, 327, 328, 329, 330, 331, 332, 333, 334, 335, 336, 337, 467, 483, 484, 574, 575, 576, 577, 578, 579, 580, 581, 582, 583, 584, 585, 586, 587, 588, 589, 590, 591, 592, 593, 594, 595, 596, 597, 598, 599, 600, 601, 602, 603, 604, 605, 606, 607, 608, 609, 610, 611, 612, 613, 614, 615, 616, 617, 618, 619, 620, 621, 622, 623, 624, 625, 626, 627, 628, 629, 630, 631, 632, 633, 634, 635, 636, 637, 638, 639, 640, 641, 642, 643, 644, 645, 646, 647, 648, 649, 650, 651, 652, 653, 654, 655, 656, 657, 658, 659, 660, 661, 662, 663, 664, 665, 666, 667, 668, 669, 670, 671, 672, 673, 674, 675, 676, 677, 678, 679, 680, 681, 682, 683, 684, 685, 686, 687, 688, 689, 690, 691, 692, 693, 694, 695, 696, 697, 698, 699, 700, 701, 702, 703, 704, 705, 706, 707, 708, 709, 710, 711, 712, 713, 714, 715, 716, 717, 718, 719, 720, 721, 722, 723, 724, 725, 726, 727, 728, 729, 730, 731, 732, 733, 734, 735, 736, 737, 738, 739, 740, 741, 742, 743, 744, 745, 746, 747, 748, 749, 750, 751, 752, 753, 754, 755, 756, 757, 758, 759, 760, 761, 762, 763, 764, 765, 766, 767, 768, 769, 770, 771, 772, 773, 774, 775, 776, 777, 778, 779, 780, 781, 782, 783, 784, 785, 786, 787, 788, 789, 790, 791, 792, 793, 914, 927, 934, 935]",False,"[272, 332, 731, 789]","[103, 104, 105, 106, 107, 108, 109, 110, 111, 112, 113, 114, 115, 116, 117, 118, 119, 120, 121, 122, 123, 124, 125, 126, 127, 128, 129, 130, 131, 132, 133, 134, 135, 136, 137, 138, 139, 140, 141, 142, 143, 144, 145, 146, 147, 148, 149, 150, 151, 152, 153, 154, 155, 156, 157, 158, 159, 160, 161, 162, 163, 164, 165, 166, 167, 168, 169, 170, 171, 172, 173, 174, 175, 176, 177, 178, 179, 180, 181, 182, 183, 184, 185, 186, 187, 188, 189, 190, 191, 192, 193, 194, 195, 196, 197, 198, 199, 200, 201, 202, 203, 204, 205, 206, 207, 208, 209, 210, 211, 212, 213, 214, 215, 216, 217, 218, 219, 220, 221, 222, 223, 224, 225, 226, 227, 228, 229, 230, 231, 232, 233, 234, 235, 236, 237, 238, 239, 240, 241, 242, 243, 244, 245, 246, 247, 248, 249, 250, 251, 252, 253, 254, 255, 256, 257, 258, 259, 260, 261, 262, 263, 264, 265, 266, 267, 268, 269, 270, 271, 272, 273, 274, 275, 276, 277, 278, 279, 280, 281, 282, 283, 284, 285, 286, 287, 288, 289, 290, 291, 292, 293, 294, 295, 296, 297, 298, 299, 300, 301, 302, 303, 304, 305, 306, 307, 308, 309, 310, 311, 312, 313, 314, 315, 316, 317, 318, 319, 320, 321, 322, 323, 324, 325, 326, 327, 328, 329, 330, 331, 332, 333, 334, 335, 336, 337, 574, 575, 576, 577, 578, 579, 580, 581, 582, 583, 584, 585, 586, 587, 588, 589, 590, 591, 592, 593, 594, 595, 596, 597, 598, 599, 600, 601, 602, 603, 604, 605, 606, 607, 608, 609, 610, 611, 612, 613, 614, 615, 616, 617, 618, 619, 620, 621, 622, 623, 624, 625, 626, 627, 628, 629, 630, 631, 632, 633, 634, 635, 636, 637, 638, 639, 640, 641, 642, 643, 644, 645, 646, 647, 648, 649, 650, 651, 652, 653, 654, 655, 656, 657, 658, 659, 660, 661, 662, 663, 664, 665, 666, 667, 668, 669, 670, 671, 672, 673, 674, 675, 676, 677, 678, 679, 680, 681, 682, 683, 684, 685, 686, 687, 688, 689, 690, 691, 692, 693, 694, 695, 696, 697, 698, 699, 700, 701, 702, 703, 704, 705, 706, 707, 708, 709, 710, 711, 712, 713, 714, 715, 716, 717, 718, 719, 720, 721, 722, 723, 724, 725, 726, 727, 728, 729, 730, 731, 732, 733, 734, 735, 736, 737, 738, 739, 740, 741, 742, 743, 744, 745, 746, 747, 748, 749, 750, 751, 752, 753, 754, 755, 756, 757, 758, 759, 760, 761, 762, 763, 764, 765, 766, 767, 768, 769, 770, 771, 772, 773, 774, 775, 776, 777, 778, 779, 780, 781, 782, 783, 784, 785, 786, 787, 788, 789, 790, 791, 792, 793]","[272, 332, 731, 789]",[],[],"[176, 177, 325, 332, 467, 483, 484, 647, 648, 783, 789, 914, 927, 934, 935]",[],7/6 successful match,False,,False,809,False,,,,,
"Lakeport , 95453 Westgate Petroleum ( Alliance )",707-263-6281 1785 S Main ( 1/4 mi N of CA 29 & CA 175 ),) <U+2610> 000 000,Lakeport,95453,Westgate Petroleum ( Alliance ),707-263-6281,2007,Lakeport,CA,,( 1/4 mi N of CA 29 & CA 175 ),1785 S Main,Proper,,False,,False,1785 S,,,,,[],"[272, 332, 731, 789]","[272, 332, 731, 789]",[],"[103, 104, 105, 106, 107, 108, 109, 110, 111, 112, 113, 114, 115, 116, 117, 118, 119, 120, 121, 122, 123, 124, 125, 126, 127, 128, 129, 130, 131, 132, 133, 134, 135, 136, 137, 138, 139, 140, 141, 142, 143, 144, 145, 146, 147, 148, 149, 150, 151, 152, 153, 154, 155, 156, 157, 158, 159, 160, 161, 162, 163, 164, 165, 166, 167, 168, 169, 170, 171, 172, 173, 174, 175, 176, 177, 178, 179, 180, 181, 182, 183, 184, 185, 186, 187, 188, 189, 190, 191, 192, 193, 194, 195, 196, 197, 198, 199, 200, 201, 202, 203, 204, 205, 206, 207, 208, 209, 210, 211, 212, 213, 214, 215, 216, 217, 218, 219, 220, 221, 222, 223, 224, 225, 226, 227, 228, 229, 230, 231, 232, 233, 234, 235, 236, 237, 238, 239, 240, 241, 242, 243, 244, 245, 246, 247, 248, 249, 250, 251, 252, 253, 254, 255, 256, 257, 258, 259, 260, 261, 262, 263, 264, 265, 266, 267, 268, 269, 270, 271, 272, 273, 274, 275, 276, 277, 278, 279, 280, 281, 282, 283, 284, 285, 286, 287, 288, 289, 290, 291, 292, 293, 294, 295, 296, 297, 298, 299, 300, 301, 302, 303, 304, 305, 306, 307, 308, 309, 310, 311, 312, 313, 314, 315, 316, 317, 318, 319, 320, 321, 322, 323, 324, 325, 326, 327, 328, 329, 330, 331, 332, 333, 334, 335, 336, 337, 574, 575, 576, 577, 578, 579, 580, 581, 582, 583, 584, 585, 586, 587, 588, 589, 590, 591, 592, 593, 594, 595, 596, 597, 598, 599, 600, 601, 602, 603, 604, 605, 606, 607, 608, 609, 610, 611, 612, 613, 614, 615, 616, 617, 618, 619, 620, 621, 622, 623, 624, 625, 626, 627, 628, 629, 630, 631, 632, 633, 634, 635, 636, 637, 638, 639, 640, 641, 642, 643, 644, 645, 646, 647, 648, 649, 650, 651, 652, 653, 654, 655, 656, 657, 658, 659, 660, 661, 662, 663, 664, 665, 666, 667, 668, 669, 670, 671, 672, 673, 674, 675, 676, 677, 678, 679, 680, 681, 682, 683, 684, 685, 686, 687, 688, 689, 690, 691, 692, 693, 694, 695, 696, 697, 698, 699, 700, 701, 702, 703, 704, 705, 706, 707, 708, 709, 710, 711, 712, 713, 714, 715, 716, 717, 718, 719, 720, 721, 722, 723, 724, 725, 726, 727, 728, 729, 730, 731, 732, 733, 734, 735, 736, 737, 738, 739, 740, 741, 742, 743, 744, 745, 746, 747, 748, 749, 750, 751, 752, 753, 754, 755, 756, 757, 758, 759, 760, 761, 762, 763, 764, 765, 766, 767, 768, 769, 770, 771, 772, 773, 774, 775, 776, 777, 778, 779, 780, 781, 782, 783, 784, 785, 786, 787, 788, 789, 790, 791, 792, 793]",[],[],"[176, 177, 325, 332, 467, 483, 484, 647, 648, 783, 789, 914, 927, 934, 935]","[103, 104, 105, 106, 107, 108, 109, 110, 111, 112, 113, 114, 115, 116, 117, 118, 119, 120, 121, 122, 123, 124, 125, 126, 127, 128, 129, 130, 131, 132, 133, 134, 135, 136, 137, 138, 139, 140, 141, 142, 143, 144, 145, 146, 147, 148, 149, 150, 151, 152, 153, 154, 155, 156, 157, 158, 159, 160, 161, 162, 163, 164, 165, 166, 167, 168, 169, 170, 171, 172, 173, 174, 175, 176, 177, 178, 179, 180, 181, 182, 183, 184, 185, 186, 187, 188, 189, 190, 191, 192, 193, 194, 195, 196, 197, 198, 199, 200, 201, 202, 203, 204, 205, 206, 207, 208, 209, 210, 211, 212, 213, 214, 215, 216, 217, 218, 219, 220, 221, 222, 223, 224, 225, 226, 227, 228, 229, 230, 231, 232, 233, 234, 235, 236, 237, 238, 239, 240, 241, 242, 243, 244, 245, 246, 247, 248, 249, 250, 251, 252, 253, 254, 255, 256, 257, 258, 259, 260, 261, 262, 263, 264, 265, 266, 267, 268, 269, 270, 271, 272, 273, 274, 275, 276, 277, 278, 279, 280, 281, 282, 283, 284, 285, 286, 287, 288, 289, 290, 291, 292, 293, 294, 295, 296, 297, 298, 299, 300, 301, 302, 303, 304, 305, 306, 307, 308, 309, 310, 311, 312, 313, 314, 315, 316, 317, 318, 319, 320, 321, 322, 323, 324, 325, 326, 327, 328, 329, 330, 331, 332, 333, 334, 335, 336, 337, 467, 483, 484, 574, 575, 576, 577, 578, 579, 580, 581, 582, 583, 584, 585, 586, 587, 588, 589, 590, 591, 592, 593, 594, 595, 596, 597, 598, 599, 600, 601, 602, 603, 604, 605, 606, 607, 608, 609, 610, 611, 612, 613, 614, 615, 616, 617, 618, 619, 620, 621, 622, 623, 624, 625, 626, 627, 628, 629, 630, 631, 632, 633, 634, 635, 636, 637, 638, 639, 640, 641, 642, 643, 644, 645, 646, 647, 648, 649, 650, 651, 652, 653, 654, 655, 656, 657, 658, 659, 660, 661, 662, 663, 664, 665, 666, 667, 668, 669, 670, 671, 672, 673, 674, 675, 676, 677, 678, 679, 680, 681, 682, 683, 684, 685, 686, 687, 688, 689, 690, 691, 692, 693, 694, 695, 696, 697, 698, 699, 700, 701, 702, 703, 704, 705, 706, 707, 708, 709, 710, 711, 712, 713, 714, 715, 716, 717, 718, 719, 720, 721, 722, 723, 724, 725, 726, 727, 728, 729, 730, 731, 732, 733, 734, 735, 736, 737, 738, 739, 740, 741, 742, 743, 744, 745, 746, 747, 748, 749, 750, 751, 752, 753, 754, 755, 756, 757, 758, 759, 760, 761, 762, 763, 764, 765, 766, 767, 768, 769, 770, 771, 772, 773, 774, 775, 776, 777, 778, 779, 780, 781, 782, 783, 784, 785, 786, 787, 788, 789, 790, 791, 792, 793, 914, 927, 934, 935]",False,"[272, 332, 731, 789]","[103, 104, 105, 106, 107, 108, 109, 110, 111, 112, 113, 114, 115, 116, 117, 118, 119, 120, 121, 122, 123, 124, 125, 126, 127, 128, 129, 130, 131, 132, 133, 134, 135, 136, 137, 138, 139, 140, 141, 142, 143, 144, 145, 146, 147, 148, 149, 150, 151, 152, 153, 154, 155, 156, 157, 158, 159, 160, 161, 162, 163, 164, 165, 166, 167, 168, 169, 170, 171, 172, 173, 174, 175, 176, 177, 178, 179, 180, 181, 182, 183, 184, 185, 186, 187, 188, 189, 190, 191, 192, 193, 194, 195, 196, 197, 198, 199, 200, 201, 202, 203, 204, 205, 206, 207, 208, 209, 210, 211, 212, 213, 214, 215, 216, 217, 218, 219, 220, 221, 222, 223, 224, 225, 226, 227, 228, 229, 230, 231, 232, 233, 234, 235, 236, 237, 238, 239, 240, 241, 242, 243, 244, 245, 246, 247, 248, 249, 250, 251, 252, 253, 254, 255, 256, 257, 258, 259, 260, 261, 262, 263, 264, 265, 266, 267, 268, 269, 270, 271, 272, 273, 274, 275, 276, 277, 278, 279, 280, 281, 282, 283, 284, 285, 286, 287, 288, 289, 290, 291, 292, 293, 294, 295, 296, 297, 298, 299, 300, 301, 302, 303, 304, 305, 306, 307, 308, 309, 310, 311, 312, 313, 314, 315, 316, 317, 318, 319, 320, 321, 322, 323, 324, 325, 326, 327, 328, 329, 330, 331, 332, 333, 334, 335, 336, 337, 574, 575, 576, 577, 578, 579, 580, 581, 582, 583, 584, 585, 586, 587, 588, 589, 590, 591, 592, 593, 594, 595, 596, 597, 598, 599, 600, 601, 602, 603, 604, 605, 606, 607, 608, 609, 610, 611, 612, 613, 614, 615, 616, 617, 618, 619, 620, 621, 622, 623, 624, 625, 626, 627, 628, 629, 630, 631, 632, 633, 634, 635, 636, 637, 638, 639, 640, 641, 642, 643, 644, 645, 646, 647, 648, 649, 650, 651, 652, 653, 654, 655, 656, 657, 658, 659, 660, 661, 662, 663, 664, 665, 666, 667, 668, 669, 670, 671, 672, 673, 674, 675, 676, 677, 678, 679, 680, 681, 682, 683, 684, 685, 686, 687, 688, 689, 690, 691, 692, 693, 694, 695, 696, 697, 698, 699, 700, 701, 702, 703, 704, 705, 706, 707, 708, 709, 710, 711, 712, 713, 714, 715, 716, 717, 718, 719, 720, 721, 722, 723, 724, 725, 726, 727, 728, 729, 730, 731, 732, 733, 734, 735, 736, 737, 738, 739, 740, 741, 742, 743, 744, 745, 746, 747, 748, 749, 750, 751, 752, 753, 754, 755, 756, 757, 758, 759, 760, 761, 762, 763, 764, 765, 766, 767, 768, 769, 770, 771, 772, 773, 774, 775, 776, 777, 778, 779, 780, 781, 782, 783, 784, 785, 786, 787, 788, 789, 790, 791, 792, 793]","[272, 332, 731, 789]",[],[],"[176, 177, 325, 332, 467, 483, 484, 647, 648, 783, 789, 914, 927, 934, 935]",[],7/6 successful match,False,,False,809,False,,1.0,True,Westgate Petroleum ( Alliance ),
"Lakeport , 95453 Westgate Petroleum ( Alliance ) 193",2 707-263-6281 1785 S Main ( 1/4 mi N of CA 29 &,193 <U+25A1> <U+25A1> <U+25A1>,Lakeport,95453,Westgate Petroleum ( Alliance ) 193,707-263-6281,2008,Lakeport,CA,,( 1/4 mi N of CA 29 &,1785 S Main,Proper,,False,,False,1785 S,,,,,[],"[272, 332, 731, 789]","[272, 332, 731, 789]",[],"[103, 104, 105, 106, 107, 108, 109, 110, 111, 112, 113, 114, 115, 116, 117, 118, 119, 120, 121, 122, 123, 124, 125, 126, 127, 128, 129, 130, 131, 132, 133, 134, 135, 136, 137, 138, 139, 140, 141, 142, 143, 144, 145, 146, 147, 148, 149, 150, 151, 152, 153, 154, 155, 156, 157, 158, 159, 160, 161, 162, 163, 164, 165, 166, 167, 168, 169, 170, 171, 172, 173, 174, 175, 176, 177, 178, 179, 180, 181, 182, 183, 184, 185, 186, 187, 188, 189, 190, 191, 192, 193, 194, 195, 196, 197, 198, 199, 200, 201, 202, 203, 204, 205, 206, 207, 208, 209, 210, 211, 212, 213, 214, 215, 216, 217, 218, 219, 220, 221, 222, 223, 224, 225, 226, 227, 228, 229, 230, 231, 232, 233, 234, 235, 236, 237, 238, 239, 240, 241, 242, 243, 244, 245, 246, 247, 248, 249, 250, 251, 252, 253, 254, 255, 256, 257, 258, 259, 260, 261, 262, 263, 264, 265, 266, 267, 268, 269, 270, 271, 272, 273, 274, 275, 276, 277, 278, 279, 280, 281, 282, 283, 284, 285, 286, 287, 288, 289, 290, 291, 292, 293, 294, 295, 296, 297, 298, 299, 300, 301, 302, 303, 304, 305, 306, 307, 308, 309, 310, 311, 312, 313, 314, 315, 316, 317, 318, 319, 320, 321, 322, 323, 324, 325, 326, 327, 328, 329, 330, 331, 332, 333, 334, 335, 336, 337, 574, 575, 576, 577, 578, 579, 580, 581, 582, 583, 584, 585, 586, 587, 588, 589, 590, 591, 592, 593, 594, 595, 596, 597, 598, 599, 600, 601, 602, 603, 604, 605, 606, 607, 608, 609, 610, 611, 612, 613, 614, 615, 616, 617, 618, 619, 620, 621, 622, 623, 624, 625, 626, 627, 628, 629, 630, 631, 632, 633, 634, 635, 636, 637, 638, 639, 640, 641, 642, 643, 644, 645, 646, 647, 648, 649, 650, 651, 652, 653, 654, 655, 656, 657, 658, 659, 660, 661, 662, 663, 664, 665, 666, 667, 668, 669, 670, 671, 672, 673, 674, 675, 676, 677, 678, 679, 680, 681, 682, 683, 684, 685, 686, 687, 688, 689, 690, 691, 692, 693, 694, 695, 696, 697, 698, 699, 700, 701, 702, 703, 704, 705, 706, 707, 708, 709, 710, 711, 712, 713, 714, 715, 716, 717, 718, 719, 720, 721, 722, 723, 724, 725, 726, 727, 728, 729, 730, 731, 732, 733, 734, 735, 736, 737, 738, 739, 740, 741, 742, 743, 744, 745, 746, 747, 748, 749, 750, 751, 752, 753, 754, 755, 756, 757, 758, 759, 760, 761, 762, 763, 764, 765, 766, 767, 768, 769, 770, 771, 772, 773, 774, 775, 776, 777, 778, 779, 780, 781, 782, 783, 784, 785, 786, 787, 788, 789, 790, 791, 792, 793]",[],[],"[176, 177, 325, 332, 467, 483, 484, 647, 648, 783, 789, 914, 927, 934, 935]","[103, 104, 105, 106, 107, 108, 109, 110, 111, 112, 113, 114, 115, 116, 117, 118, 119, 120, 121, 122, 123, 124, 125, 126, 127, 128, 129, 130, 131, 132, 133, 134, 135, 136, 137, 138, 139, 140, 141, 142, 143, 144, 145, 146, 147, 148, 149, 150, 151, 152, 153, 154, 155, 156, 157, 158, 159, 160, 161, 162, 163, 164, 165, 166, 167, 168, 169, 170, 171, 172, 173, 174, 175, 176, 177, 178, 179, 180, 181, 182, 183, 184, 185, 186, 187, 188, 189, 190, 191, 192, 193, 194, 195, 196, 197, 198, 199, 200, 201, 202, 203, 204, 205, 206, 207, 208, 209, 210, 211, 212, 213, 214, 215, 216, 217, 218, 219, 220, 221, 222, 223, 224, 225, 226, 227, 228, 229, 230, 231, 232, 233, 234, 235, 236, 237, 238, 239, 240, 241, 242, 243, 244, 245, 246, 247, 248, 249, 250, 251, 252, 253, 254, 255, 256, 257, 258, 259, 260, 261, 262, 263, 264, 265, 266, 267, 268, 269, 270, 271, 272, 273, 274, 275, 276, 277, 278, 279, 280, 281, 282, 283, 284, 285, 286, 287, 288, 289, 290, 291, 292, 293, 294, 295, 296, 297, 298, 299, 300, 301, 302, 303, 304, 305, 306, 307, 308, 309, 310, 311, 312, 313, 314, 315, 316, 317, 318, 319, 320, 321, 322, 323, 324, 325, 326, 327, 328, 329, 330, 331, 332, 333, 334, 335, 336, 337, 467, 483, 484, 574, 575, 576, 577, 578, 579, 580, 581, 582, 583, 584, 585, 586, 587, 588, 589, 590, 591, 592, 593, 594, 595, 596, 597, 598, 599, 600, 601, 602, 603, 604, 605, 606, 607, 608, 609, 610, 611, 612, 613, 614, 615, 616, 617, 618, 619, 620, 621, 622, 623, 624, 625, 626, 627, 628, 629, 630, 631, 632, 633, 634, 635, 636, 637, 638, 639, 640, 641, 642, 643, 644, 645, 646, 647, 648, 649, 650, 651, 652, 653, 654, 655, 656, 657, 658, 659, 660, 661, 662, 663, 664, 665, 666, 667, 668, 669, 670, 671, 672, 673, 674, 675, 676, 677, 678, 679, 680, 681, 682, 683, 684, 685, 686, 687, 688, 689, 690, 691, 692, 693, 694, 695, 696, 697, 698, 699, 700, 701, 702, 703, 704, 705, 706, 707, 708, 709, 710, 711, 712, 713, 714, 715, 716, 717, 718, 719, 720, 721, 722, 723, 724, 725, 726, 727, 728, 729, 730, 731, 732, 733, 734, 735, 736, 737, 738, 739, 740, 741, 742, 743, 744, 745, 746, 747, 748, 749, 750, 751, 752, 753, 754, 755, 756, 757, 758, 759, 760, 761, 762, 763, 764, 765, 766, 767, 768, 769, 770, 771, 772, 773, 774, 775, 776, 777, 778, 779, 780, 781, 782, 783, 784, 785, 786, 787, 788, 789, 790, 791, 792, 793, 914, 927, 934, 935]",False,"[272, 332, 731, 789]","[103, 104, 105, 106, 107, 108, 109, 110, 111, 112, 113, 114, 115, 116, 117, 118, 119, 120, 121, 122, 123, 124, 125, 126, 127, 128, 129, 130, 131, 132, 133, 134, 135, 136, 137, 138, 139, 140, 141, 142, 143, 144, 145, 146, 147, 148, 149, 150, 151, 152, 153, 154, 155, 156, 157, 158, 159, 160, 161, 162, 163, 164, 165, 166, 167, 168, 169, 170, 171, 172, 173, 174, 175, 176, 177, 178, 179, 180, 181, 182, 183, 184, 185, 186, 187, 188, 189, 190, 191, 192, 193, 194, 195, 196, 197, 198, 199, 200, 201, 202, 203, 204, 205, 206, 207, 208, 209, 210, 211, 212, 213, 214, 215, 216, 217, 218, 219, 220, 221, 222, 223, 224, 225, 226, 227, 228, 229, 230, 231, 232, 233, 234, 235, 236, 237, 238, 239, 240, 241, 242, 243, 244, 245, 246, 247, 248, 249, 250, 251, 252, 253, 254, 255, 256, 257, 258, 259, 260, 261, 262, 263, 264, 265, 266, 267, 268, 269, 270, 271, 272, 273, 274, 275, 276, 277, 278, 279, 280, 281, 282, 283, 284, 285, 286, 287, 288, 289, 290, 291, 292, 293, 294, 295, 296, 297, 298, 299, 300, 301, 302, 303, 304, 305, 306, 307, 308, 309, 310, 311, 312, 313, 314, 315, 316, 317, 318, 319, 320, 321, 322, 323, 324, 325, 326, 327, 328, 329, 330, 331, 332, 333, 334, 335, 336, 337, 574, 575, 576, 577, 578, 579, 580, 581, 582, 583, 584, 585, 586, 587, 588, 589, 590, 591, 592, 593, 594, 595, 596, 597, 598, 599, 600, 601, 602, 603, 604, 605, 606, 607, 608, 609, 610, 611, 612, 613, 614, 615, 616, 617, 618, 619, 620, 621, 622, 623, 624, 625, 626, 627, 628, 629, 630, 631, 632, 633, 634, 635, 636, 637, 638, 639, 640, 641, 642, 643, 644, 645, 646, 647, 648, 649, 650, 651, 652, 653, 654, 655, 656, 657, 658, 659, 660, 661, 662, 663, 664, 665, 666, 667, 668, 669, 670, 671, 672, 673, 674, 675, 676, 677, 678, 679, 680, 681, 682, 683, 684, 685, 686, 687, 688, 689, 690, 691, 692, 693, 694, 695, 696, 697, 698, 699, 700, 701, 702, 703, 704, 705, 706, 707, 708, 709, 710, 711, 712, 713, 714, 715, 716, 717, 718, 719, 720, 721, 722, 723, 724, 725, 726, 727, 728, 729, 730, 731, 732, 733, 734, 735, 736, 737, 738, 739, 740, 741, 742, 743, 744, 745, 746, 747, 748, 749, 750, 751, 752, 753, 754, 755, 756, 757, 758, 759, 760, 761, 762, 763, 764, 765, 766, 767, 768, 769, 770, 771, 772, 773, 774, 775, 776, 777, 778, 779, 780, 781, 782, 783, 784, 785, 786, 787, 788, 789, 790, 791, 792, 793]","[272, 332, 731, 789]",[],[],"[176, 177, 325, 332, 467, 483, 484, 647, 648, 783, 789, 914, 927, 934, 935]",[],7/6 successful match,False,,False,809,False,,1.0,True,Westgate Petroleum ( Alliance ),
Lakeport ( 95453 ) Westgate Petroleum,707-263-6512 CA 29-175 ( 1 mi S of jnctn ),<U+2610><U+2610> <U+25A1> <U+25A1> <U+2610> <U+25A1>,Lakeport,95453,Westgate Petroleum,707-263-6512,2015,Lakeport,CA,,( 1 mi S of jnctn ),CA 29-175,empty,,False,,False,CA 29-175,,,,,"[332, 789]","[272, 332, 731, 789]","[272, 332, 731, 789]",[],"[103, 104, 105, 106, 107, 108, 109, 110, 111, 112, 113, 114, 115, 116, 117, 118, 119, 120, 121, 122, 123, 124, 125, 126, 127, 128, 129, 130, 131, 132, 133, 134, 135, 136, 137, 138, 139, 140, 141, 142, 143, 144, 145, 146, 147, 148, 149, 150, 151, 152, 153, 154, 155, 156, 157, 158, 159, 160, 161, 162, 163, 164, 165, 166, 167, 168, 169, 170, 171, 172, 173, 174, 175, 176, 177, 178, 179, 180, 181, 182, 183, 184, 185, 186, 187, 188, 189, 190, 191, 192, 193, 194, 195, 196, 197, 198, 199, 200, 201, 202, 203, 204, 205, 206, 207, 208, 209, 210, 211, 212, 213, 214, 215, 216, 217, 218, 219, 220, 221, 222, 223, 224, 225, 226, 227, 228, 229, 230, 231, 232, 233, 234, 235, 236, 237, 238, 239, 240, 241, 242, 243, 244, 245, 246, 247, 248, 249, 250, 251, 252, 253, 254, 255, 256, 257, 258, 259, 260, 261, 262, 263, 264, 265, 266, 267, 268, 269, 270, 271, 272, 273, 274, 275, 276, 277, 278, 279, 280, 281, 282, 283, 284, 285, 286, 287, 288, 289, 290, 291, 292, 293, 294, 295, 296, 297, 298, 299, 300, 301, 302, 303, 304, 305, 306, 307, 308, 309, 310, 311, 312, 313, 314, 315, 316, 317, 318, 319, 320, 321, 322, 323, 324, 325, 326, 327, 328, 329, 330, 331, 332, 333, 334, 335, 336, 337, 574, 575, 576, 577, 578, 579, 580, 581, 582, 583, 584, 585, 586, 587, 588, 589, 590, 591, 592, 593, 594, 595, 596, 597, 598, 599, 600, 601, 602, 603, 604, 605, 606, 607, 608, 609, 610, 611, 612, 613, 614, 615, 616, 617, 618, 619, 620, 621, 622, 623, 624, 625, 626, 627, 628, 629, 630, 631, 632, 633, 634, 635, 636, 637, 638, 639, 640, 641, 642, 643, 644, 645, 646, 647, 648, 649, 650, 651, 652, 653, 654, 655, 656, 657, 658, 659, 660, 661, 662, 663, 664, 665, 666, 667, 668, 669, 670, 671, 672, 673, 674, 675, 676, 677, 678, 679, 680, 681, 682, 683, 684, 685, 686, 687, 688, 689, 690, 691, 692, 693, 694, 695, 696, 697, 698, 699, 700, 701, 702, 703, 704, 705, 706, 707, 708, 709, 710, 711, 712, 713, 714, 715, 716, 717, 718, 719, 720, 721, 722, 723, 724, 725, 726, 727, 728, 729, 730, 731, 732, 733, 734, 735, 736, 737, 738, 739, 740, 741, 742, 743, 744, 745, 746, 747, 748, 749, 750, 751, 752, 753, 754, 755, 756, 757, 758, 759, 760, 761, 762, 763, 764, 765, 766, 767, 768, 769, 770, 771, 772, 773, 774, 775, 776, 777, 778, 779, 780, 781, 782, 783, 784, 785, 786, 787, 788, 789, 790, 791, 792, 793]","[103, 104, 106, 117, 118, 120, 127, 128, 129, 131, 133, 135, 136, 137, 139, 146, 147, 148, 149, 151, 158, 160, 162, 166, 173, 178, 179, 185, 190, 192, 198, 201, 203, 204, 206, 207, 212, 213, 214, 219, 223, 224, 225, 227, 230, 235, 237, 246, 247, 256, 259, 262, 263, 266, 268, 269, 271, 272, 278, 279, 284, 285, 288, 290, 292, 304, 312, 316, 319, 320, 323, 324, 332, 574, 575, 588, 591, 607, 608, 610, 618, 619, 620, 622, 632, 644, 649, 650, 656, 661, 663, 669, 674, 677, 683, 684, 687, 688, 689, 701, 710, 723, 730, 731, 738, 747, 751, 762, 774, 778, 789]",[],"[176, 177, 325, 332, 467, 483, 484, 647, 648, 783, 789, 914, 927, 934, 935]","[103, 104, 105, 106, 107, 108, 109, 110, 111, 112, 113, 114, 115, 116, 117, 118, 119, 120, 121, 122, 123, 124, 125, 126, 127, 128, 129, 130, 131, 132, 133, 134, 135, 136, 137, 138, 139, 140, 141, 142, 143, 144, 145, 146, 147, 148, 149, 150, 151, 152, 153, 154, 155, 156, 157, 158, 159, 160, 161, 162, 163, 164, 165, 166, 167, 168, 169, 170, 171, 172, 173, 174, 175, 176, 177, 178, 179, 180, 181, 182, 183, 184, 185, 186, 187, 188, 189, 190, 191, 192, 193, 194, 195, 196, 197, 198, 199, 200, 201, 202, 203, 204, 205, 206, 207, 208, 209, 210, 211, 212, 213, 214, 215, 216, 217, 218, 219, 220, 221, 222, 223, 224, 225, 226, 227, 228, 229, 230, 231, 232, 233, 234, 235, 236, 237, 238, 239, 240, 241, 242, 243, 244, 245, 246, 247, 248, 249, 250, 251, 252, 253, 254, 255, 256, 257, 258, 259, 260, 261, 262, 263, 264, 265, 266, 267, 268, 269, 270, 271, 272, 273, 274, 275, 276, 277, 278, 279, 280, 281, 282, 283, 284, 285, 286, 287, 288, 289, 290, 291, 292, 293, 294, 295, 296, 297, 298, 299, 300, 301, 302, 303, 304, 305, 306, 307, 308, 309, 310, 311, 312, 313, 314, 315, 316, 317, 318, 319, 320, 321, 322, 323, 324, 325, 326, 327, 328, 329, 330, 331, 332, 333, 334, 335, 336, 337, 467, 483, 484, 574, 575, 576, 577, 578, 579, 580, 581, 582, 583, 584, 585, 586, 587, 588, 589, 590, 591, 592, 593, 594, 595, 596, 597, 598, 599, 600, 601, 602, 603, 604, 605, 606, 607, 608, 609, 610, 611, 612, 613, 614, 615, 616, 617, 618, 619, 620, 621, 622, 623, 624, 625, 626, 627, 628, 629, 630, 631, 632, 633, 634, 635, 636, 637, 638, 639, 640, 641, 642, 643, 644, 645, 646, 647, 648, 649, 650, 651, 652, 653, 654, 655, 656, 657, 658, 659, 660, 661, 662, 663, 664, 665, 666, 667, 668, 669, 670, 671, 672, 673, 674, 675, 676, 677, 678, 679, 680, 681, 682, 683, 684, 685, 686, 687, 688, 689, 690, 691, 692, 693, 694, 695, 696, 697, 698, 699, 700, 701, 702, 703, 704, 705, 706, 707, 708, 709, 710, 711, 712, 713, 714, 715, 716, 717, 718, 719, 720, 721, 722, 723, 724, 725, 726, 727, 728, 729, 730, 731, 732, 733, 734, 735, 736, 737, 738, 739, 740, 741, 742, 743, 744, 745, 746, 747, 748, 749, 750, 751, 752, 753, 754, 755, 756, 757, 758, 759, 760, 761, 762, 763, 764, 765, 766, 767, 768, 769, 770, 771, 772, 773, 774, 775, 776, 777, 778, 779, 780, 781, 782, 783, 784, 785, 786, 787, 788, 789, 790, 791, 792, 793, 914, 927, 934, 935]",True,"[272, 332, 731, 789]","[103, 104, 105, 106, 107, 108, 109, 110, 111, 112, 113, 114, 115, 116, 117, 118, 119, 120, 121, 122, 123, 124, 125, 126, 127, 128, 129, 130, 131, 132, 133, 134, 135, 136, 137, 138, 139, 140, 141, 142, 143, 144, 145, 146, 147, 148, 149, 150, 151, 152, 153, 154, 155, 156, 157, 158, 159, 160, 161, 162, 163, 164, 165, 166, 167, 168, 169, 170, 171, 172, 173, 174, 175, 176, 177, 178, 179, 180, 181, 182, 183, 184, 185, 186, 187, 188, 189, 190, 191, 192, 193, 194, 195, 196, 197, 198, 199, 200, 201, 202, 203, 204, 205, 206, 207, 208, 209, 210, 211, 212, 213, 214, 215, 216, 217, 218, 219, 220, 221, 222, 223, 224, 225, 226, 227, 228, 229, 230, 231, 232, 233, 234, 235, 236, 237, 238, 239, 240, 241, 242, 243, 244, 245, 246, 247, 248, 249, 250, 251, 252, 253, 254, 255, 256, 257, 258, 259, 260, 261, 262, 263, 264, 265, 266, 267, 268, 269, 270, 271, 272, 273, 274, 275, 276, 277, 278, 279, 280, 281, 282, 283, 284, 285, 286, 287, 288, 289, 290, 291, 292, 293, 294, 295, 296, 297, 298, 299, 300, 301, 302, 303, 304, 305, 306, 307, 308, 309, 310, 311, 312, 313, 314, 315, 316, 317, 318, 319, 320, 321, 322, 323, 324, 325, 326, 327, 328, 329, 330, 331, 332, 333, 334, 335, 336, 337, 574, 575, 576, 577, 578, 579, 580, 581, 582, 583, 584, 585, 586, 587, 588, 589, 590, 591, 592, 593, 594, 595, 596, 597, 598, 599, 600, 601, 602, 603, 604, 605, 606, 607, 608, 609, 610, 611, 612, 613, 614, 615, 616, 617, 618, 619, 620, 621, 622, 623, 624, 625, 626, 627, 628, 629, 630, 631, 632, 633, 634, 635, 636, 637, 638, 639, 640, 641, 642, 643, 644, 645, 646, 647, 648, 649, 650, 651, 652, 653, 654, 655, 656, 657, 658, 659, 660, 661, 662, 663, 664, 665, 666, 667, 668, 669, 670, 671, 672, 673, 674, 675, 676, 677, 678, 679, 680, 681, 682, 683, 684, 685, 686, 687, 688, 689, 690, 691, 692, 693, 694, 695, 696, 697, 698, 699, 700, 701, 702, 703, 704, 705, 706, 707, 708, 709, 710, 711, 712, 713, 714, 715, 716, 717, 718, 719, 720, 721, 722, 723, 724, 725, 726, 727, 728, 729, 730, 731, 732, 733, 734, 735, 736, 737, 738, 739, 740, 741, 742, 743, 744, 745, 746, 747, 748, 749, 750, 751, 752, 753, 754, 755, 756, 757, 758, 759, 760, 761, 762, 763, 764, 765, 766, 767, 768, 769, 770, 771, 772, 773, 774, 775, 776, 777, 778, 779, 780, 781, 782, 783, 784, 785, 786, 787, 788, 789, 790, 791, 792, 793]","[272, 332, 731, 789]",[],"[103, 104, 106, 117, 118, 120, 127, 128, 129, 131, 133, 135, 136, 137, 139, 146, 147, 148, 149, 151, 158, 160, 162, 166, 173, 178, 179, 185, 190, 192, 198, 201, 203, 204, 206, 207, 212, 213, 214, 219, 223, 224, 225, 227, 230, 235, 237, 246, 247, 256, 259, 262, 263, 266, 268, 269, 271, 272, 278, 279, 284, 285, 288, 290, 292, 304, 312, 316, 319, 320, 323, 324, 332, 574, 575, 588, 591, 607, 608, 610, 618, 619, 620, 622, 632, 644, 649, 650, 656, 661, 663, 669, 674, 677, 683, 684, 687, 688, 689, 701, 710, 723, 730, 731, 738, 747, 751, 762, 774, 778, 789]","[176, 177, 325, 332, 467, 483, 484, 647, 648, 783, 789, 914, 927, 934, 935]",[],7/6 successful match,True,[278],True,810,False,,,,,
"Ukiah , 95482 Jensen's Truck Stop ( 76 )",707-462-7012 US 101 & N State St ( MM 26 ),S,Ukiah,95482,Jensen's Truck Stop ( 76 ),707-462-7012,2006,Ukiah,CA,,( MM 26 ),US 101 & N State St,empty,,False,,False,US 101,N State St,,,,[],"[193, 664]","[193, 664]",[],"[103, 104, 105, 106, 107, 108, 109, 110, 111, 112, 113, 114, 115, 116, 117, 118, 119, 120, 121, 122, 123, 124, 125, 126, 127, 128, 129, 130, 131, 132, 133, 134, 135, 136, 137, 138, 139, 140, 141, 142, 143, 144, 145, 146, 147, 148, 149, 150, 151, 152, 153, 154, 155, 156, 157, 158, 159, 160, 161, 162, 163, 164, 165, 166, 167, 168, 169, 170, 171, 172, 173, 174, 175, 176, 177, 178, 179, 180, 181, 182, 183, 184, 185, 186, 187, 188, 189, 190, 191, 192, 193, 194, 195, 196, 197, 198, 199, 200, 201, 202, 203, 204, 205, 206, 207, 208, 209, 210, 211, 212, 213, 214, 215, 216, 217, 218, 219, 220, 221, 222, 223, 224, 225, 226, 227, 228, 229, 230, 231, 232, 233, 234, 235, 236, 237, 238, 239, 240, 241, 242, 243, 244, 245, 246, 247, 248, 249, 250, 251, 252, 253, 254, 255, 256, 257, 258, 259, 260, 261, 262, 263, 264, 265, 266, 267, 268, 269, 270, 271, 272, 273, 274, 275, 276, 277, 278, 279, 280, 281, 282, 283, 284, 285, 286, 287, 288, 289, 290, 291, 292, 293, 294, 295, 296, 297, 298, 299, 300, 301, 302, 303, 304, 305, 306, 307, 308, 309, 310, 311, 312, 313, 314, 315, 316, 317, 318, 319, 320, 321, 322, 323, 324, 325, 326, 327, 328, 329, 330, 331, 332, 333, 334, 335, 336, 337, 574, 575, 576, 577, 578, 579, 580, 581, 582, 583, 584, 585, 586, 587, 588, 589, 590, 591, 592, 593, 594, 595, 596, 597, 598, 599, 600, 601, 602, 603, 604, 605, 606, 607, 608, 609, 610, 611, 612, 613, 614, 615, 616, 617, 618, 619, 620, 621, 622, 623, 624, 625, 626, 627, 628, 629, 630, 631, 632, 633, 634, 635, 636, 637, 638, 639, 640, 641, 642, 643, 644, 645, 646, 647, 648, 649, 650, 651, 652, 653, 654, 655, 656, 657, 658, 659, 660, 661, 662, 663, 664, 665, 666, 667, 668, 669, 670, 671, 672, 673, 674, 675, 676, 677, 678, 679, 680, 681, 682, 683, 684, 685, 686, 687, 688, 689, 690, 691, 692, 693, 694, 695, 696, 697, 698, 699, 700, 701, 702, 703, 704, 705, 706, 707, 708, 709, 710, 711, 712, 713, 714, 715, 716, 717, 718, 719, 720, 721, 722, 723, 724, 725, 726, 727, 728, 729, 730, 731, 732, 733, 734, 735, 736, 737, 738, 739, 740, 741, 742, 743, 744, 745, 746, 747, 748, 749, 750, 751, 752, 753, 754, 755, 756, 757, 758, 759, 760, 761, 762, 763, 764, 765, 766, 767, 768, 769, 770, 771, 772, 773, 774, 775, 776, 777, 778, 779, 780, 781, 782, 783, 784, 785, 786, 787, 788, 789, 790, 791, 792, 793]","[15, 91, 107, 110, 113, 123, 132, 136, 193, 216, 218, 252, 274, 275, 281, 286, 293, 302, 325, 326, 500, 562, 578, 580, 583, 594, 603, 607, 664, 686, 715, 733, 734, 740, 745, 752, 760, 783, 784]",[],"[84, 87, 89, 114, 115, 117, 124, 132, 135, 144, 152, 178, 239, 268, 281, 297, 318, 320, 327, 348, 394, 555, 558, 560, 585, 586, 588, 595, 603, 606, 615, 623, 649, 703, 727, 740, 756, 776, 778, 785, 803, 844]","[15, 84, 87, 89, 91, 103, 104, 105, 106, 107, 108, 109, 110, 111, 112, 113, 114, 115, 116, 117, 118, 119, 120, 121, 122, 123, 124, 125, 126, 127, 128, 129, 130, 131, 132, 133, 134, 135, 136, 137, 138, 139, 140, 141, 142, 143, 144, 145, 146, 147, 148, 149, 150, 151, 152, 153, 154, 155, 156, 157, 158, 159, 160, 161, 162, 163, 164, 165, 166, 167, 168, 169, 170, 171, 172, 173, 174, 175, 176, 177, 178, 179, 180, 181, 182, 183, 184, 185, 186, 187, 188, 189, 190, 191, 192, 193, 194, 195, 196, 197, 198, 199, 200, 201, 202, 203, 204, 205, 206, 207, 208, 209, 210, 211, 212, 213, 214, 215, 216, 217, 218, 219, 220, 221, 222, 223, 224, 225, 226, 227, 228, 229, 230, 231, 232, 233, 234, 235, 236, 237, 238, 239, 240, 241, 242, 243, 244, 245, 246, 247, 248, 249, 250, 251, 252, 253, 254, 255, 256, 257, 258, 259, 260, 261, 262, 263, 264, 265, 266, 267, 268, 269, 270, 271, 272, 273, 274, 275, 276, 277, 278, 279, 280, 281, 282, 283, 284, 285, 286, 287, 288, 289, 290, 291, 292, 293, 294, 295, 296, 297, 298, 299, 300, 301, 302, 303, 304, 305, 306, 307, 308, 309, 310, 311, 312, 313, 314, 315, 316, 317, 318, 319, 320, 321, 322, 323, 324, 325, 326, 327, 328, 329, 330, 331, 332, 333, 334, 335, 336, 337, 348, 394, 500, 555, 558, 560, 562, 574, 575, 576, 577, 578, 579, 580, 581, 582, 583, 584, 585, 586, 587, 588, 589, 590, 591, 592, 593, 594, 595, 596, 597, 598, 599, 600, 601, 602, 603, 604, 605, 606, 607, 608, 609, 610, 611, 612, 613, 614, 615, 616, 617, 618, 619, 620, 621, 622, 623, 624, 625, 626, 627, 628, 629, 630, 631, 632, 633, 634, 635, 636, 637, 638, 639, 640, 641, 642, 643, 644, 645, 646, 647, 648, 649, 650, 651, 652, 653, 654, 655, 656, 657, 658, 659, 660, 661, 662, 663, 664, 665, 666, 667, 668, 669, 670, 671, 672, 673, 674, 675, 676, 677, 678, 679, 680, 681, 682, 683, 684, 685, 686, 687, 688, 689, 690, 691, 692, 693, 694, 695, 696, 697, 698, 699, 700, 701, 702, 703, 704, 705, 706, 707, 708, 709, 710, 711, 712, 713, 714, 715, 716, 717, 718, 719, 720, 721, 722, 723, 724, 725, 726, 727, 728, 729, 730, 731, 732, 733, 734, 735, 736, 737, 738, 739, 740, 741, 742, 743, 744, 745, 746, 747, 748, 749, 750, 751, 752, 753, 754, 755, 756, 757, 758, 759, 760, 761, 762, 763, 764, 765, 766, 767, 768, 769, 770, 771, 772, 773, 774, 775, 776, 777, 778, 779, 780, 781, 782, 783, 784, 785, 786, 787, 788, 789, 790, 791, 792, 793, 803, 844]",False,"[193, 664]","[103, 104, 105, 106, 107, 108, 109, 110, 111, 112, 113, 114, 115, 116, 117, 118, 119, 120, 121, 122, 123, 124, 125, 126, 127, 128, 129, 130, 131, 132, 133, 134, 135, 136, 137, 138, 139, 140, 141, 142, 143, 144, 145, 146, 147, 148, 149, 150, 151, 152, 153, 154, 155, 156, 157, 158, 159, 160, 161, 162, 163, 164, 165, 166, 167, 168, 169, 170, 171, 172, 173, 174, 175, 176, 177, 178, 179, 180, 181, 182, 183, 184, 185, 186, 187, 188, 189, 190, 191, 192, 193, 194, 195, 196, 197, 198, 199, 200, 201, 202, 203, 204, 205, 206, 207, 208, 209, 210, 211, 212, 213, 214, 215, 216, 217, 218, 219, 220, 221, 222, 223, 224, 225, 226, 227, 228, 229, 230, 231, 232, 233, 234, 235, 236, 237, 238, 239, 240, 241, 242, 243, 244, 245, 246, 247, 248, 249, 250, 251, 252, 253, 254, 255, 256, 257, 258, 259, 260, 261, 262, 263, 264, 265, 266, 267, 268, 269, 270, 271, 272, 273, 274, 275, 276, 277, 278, 279, 280, 281, 282, 283, 284, 285, 286, 287, 288, 289, 290, 291, 292, 293, 294, 295, 296, 297, 298, 299, 300, 301, 302, 303, 304, 305, 306, 307, 308, 309, 310, 311, 312, 313, 314, 315, 316, 317, 318, 319, 320, 321, 322, 323, 324, 325, 326, 327, 328, 329, 330, 331, 332, 333, 334, 335, 336, 337, 574, 575, 576, 577, 578, 579, 580, 581, 582, 583, 584, 585, 586, 587, 588, 589, 590, 591, 592, 593, 594, 595, 596, 597, 598, 599, 600, 601, 602, 603, 604, 605, 606, 607, 608, 609, 610, 611, 612, 613, 614, 615, 616, 617, 618, 619, 620, 621, 622, 623, 624, 625, 626, 627, 628, 629, 630, 631, 632, 633, 634, 635, 636, 637, 638, 639, 640, 641, 642, 643, 644, 645, 646, 647, 648, 649, 650, 651, 652, 653, 654, 655, 656, 657, 658, 659, 660, 661, 662, 663, 664, 665, 666, 667, 668, 669, 670, 671, 672, 673, 674, 675, 676, 677, 678, 679, 680, 681, 682, 683, 684, 685, 686, 687, 688, 689, 690, 691, 692, 693, 694, 695, 696, 697, 698, 699, 700, 701, 702, 703, 704, 705, 706, 707, 708, 709, 710, 711, 712, 713, 714, 715, 716, 717, 718, 719, 720, 721, 722, 723, 724, 725, 726, 727, 728, 729, 730, 731, 732, 733, 734, 735, 736, 737, 738, 739, 740, 741, 742, 743, 744, 745, 746, 747, 748, 749, 750, 751, 752, 753, 754, 755, 756, 757, 758, 759, 760, 761, 762, 763, 764, 765, 766, 767, 768, 769, 770, 771, 772, 773, 774, 775, 776, 777, 778, 779, 780, 781, 782, 783, 784, 785, 786, 787, 788, 789, 790, 791, 792, 793]","[193, 664]",[],"[15, 91, 107, 110, 113, 123, 132, 136, 193, 216, 218, 252, 274, 275, 281, 286, 293, 302, 325, 326, 500, 562, 578, 580, 583, 594, 603, 607, 664, 686, 715, 733, 734, 740, 745, 752, 760, 783, 784]","[84, 87, 89, 114, 115, 117, 124, 132, 135, 144, 152, 178, 239, 268, 281, 297, 318, 320, 327, 348, 394, 555, 558, 560, 585, 586, 588, 595, 603, 606, 615, 623, 649, 703, 727, 740, 756, 776, 778, 785, 803, 844]",[],5/6 successful match,False,,False,811,False,,,,,
"Ukiah , 95482 Jensen's Truck Stop ( 76 )",707-462-7012 US 101 & N State St ( MM 26 ),M 24 0 0 0,Ukiah,95482,Jensen's Truck Stop ( 76 ),707-462-7012,2007,Ukiah,CA,,( MM 26 ),US 101 & N State St,empty,,False,,False,US 101,N State St,,,,[],"[193, 664]","[193, 664]",[],"[103, 104, 105, 106, 107, 108, 109, 110, 111, 112, 113, 114, 115, 116, 117, 118, 119, 120, 121, 122, 123, 124, 125, 126, 127, 128, 129, 130, 131, 132, 133, 134, 135, 136, 137, 138, 139, 140, 141, 142, 143, 144, 145, 146, 147, 148, 149, 150, 151, 152, 153, 154, 155, 156, 157, 158, 159, 160, 161, 162, 163, 164, 165, 166, 167, 168, 169, 170, 171, 172, 173, 174, 175, 176, 177, 178, 179, 180, 181, 182, 183, 184, 185, 186, 187, 188, 189, 190, 191, 192, 193, 194, 195, 196, 197, 198, 199, 200, 201, 202, 203, 204, 205, 206, 207, 208, 209, 210, 211, 212, 213, 214, 215, 216, 217, 218, 219, 220, 221, 222, 223, 224, 225, 226, 227, 228, 229, 230, 231, 232, 233, 234, 235, 236, 237, 238, 239, 240, 241, 242, 243, 244, 245, 246, 247, 248, 249, 250, 251, 252, 253, 254, 255, 256, 257, 258, 259, 260, 261, 262, 263, 264, 265, 266, 267, 268, 269, 270, 271, 272, 273, 274, 275, 276, 277, 278, 279, 280, 281, 282, 283, 284, 285, 286, 287, 288, 289, 290, 291, 292, 293, 294, 295, 296, 297, 298, 299, 300, 301, 302, 303, 304, 305, 306, 307, 308, 309, 310, 311, 312, 313, 314, 315, 316, 317, 318, 319, 320, 321, 322, 323, 324, 325, 326, 327, 328, 329, 330, 331, 332, 333, 334, 335, 336, 337, 574, 575, 576, 577, 578, 579, 580, 581, 582, 583, 584, 585, 586, 587, 588, 589, 590, 591, 592, 593, 594, 595, 596, 597, 598, 599, 600, 601, 602, 603, 604, 605, 606, 607, 608, 609, 610, 611, 612, 613, 614, 615, 616, 617, 618, 619, 620, 621, 622, 623, 624, 625, 626, 627, 628, 629, 630, 631, 632, 633, 634, 635, 636, 637, 638, 639, 640, 641, 642, 643, 644, 645, 646, 647, 648, 649, 650, 651, 652, 653, 654, 655, 656, 657, 658, 659, 660, 661, 662, 663, 664, 665, 666, 667, 668, 669, 670, 671, 672, 673, 674, 675, 676, 677, 678, 679, 680, 681, 682, 683, 684, 685, 686, 687, 688, 689, 690, 691, 692, 693, 694, 695, 696, 697, 698, 699, 700, 701, 702, 703, 704, 705, 706, 707, 708, 709, 710, 711, 712, 713, 714, 715, 716, 717, 718, 719, 720, 721, 722, 723, 724, 725, 726, 727, 728, 729, 730, 731, 732, 733, 734, 735, 736, 737, 738, 739, 740, 741, 742, 743, 744, 745, 746, 747, 748, 749, 750, 751, 752, 753, 754, 755, 756, 757, 758, 759, 760, 761, 762, 763, 764, 765, 766, 767, 768, 769, 770, 771, 772, 773, 774, 775, 776, 777, 778, 779, 780, 781, 782, 783, 784, 785, 786, 787, 788, 789, 790, 791, 792, 793]","[15, 91, 107, 110, 113, 123, 132, 136, 193, 216, 218, 252, 274, 275, 281, 286, 293, 302, 325, 326, 500, 562, 578, 580, 583, 594, 603, 607, 664, 686, 715, 733, 734, 740, 745, 752, 760, 783, 784]",[],"[84, 87, 89, 114, 115, 117, 124, 132, 135, 144, 152, 178, 239, 268, 281, 297, 318, 320, 327, 348, 394, 555, 558, 560, 585, 586, 588, 595, 603, 606, 615, 623, 649, 703, 727, 740, 756, 776, 778, 785, 803, 844]","[15, 84, 87, 89, 91, 103, 104, 105, 106, 107, 108, 109, 110, 111, 112, 113, 114, 115, 116, 117, 118, 119, 120, 121, 122, 123, 124, 125, 126, 127, 128, 129, 130, 131, 132, 133, 134, 135, 136, 137, 138, 139, 140, 141, 142, 143, 144, 145, 146, 147, 148, 149, 150, 151, 152, 153, 154, 155, 156, 157, 158, 159, 160, 161, 162, 163, 164, 165, 166, 167, 168, 169, 170, 171, 172, 173, 174, 175, 176, 177, 178, 179, 180, 181, 182, 183, 184, 185, 186, 187, 188, 189, 190, 191, 192, 193, 194, 195, 196, 197, 198, 199, 200, 201, 202, 203, 204, 205, 206, 207, 208, 209, 210, 211, 212, 213, 214, 215, 216, 217, 218, 219, 220, 221, 222, 223, 224, 225, 226, 227, 228, 229, 230, 231, 232, 233, 234, 235, 236, 237, 238, 239, 240, 241, 242, 243, 244, 245, 246, 247, 248, 249, 250, 251, 252, 253, 254, 255, 256, 257, 258, 259, 260, 261, 262, 263, 264, 265, 266, 267, 268, 269, 270, 271, 272, 273, 274, 275, 276, 277, 278, 279, 280, 281, 282, 283, 284, 285, 286, 287, 288, 289, 290, 291, 292, 293, 294, 295, 296, 297, 298, 299, 300, 301, 302, 303, 304, 305, 306, 307, 308, 309, 310, 311, 312, 313, 314, 315, 316, 317, 318, 319, 320, 321, 322, 323, 324, 325, 326, 327, 328, 329, 330, 331, 332, 333, 334, 335, 336, 337, 348, 394, 500, 555, 558, 560, 562, 574, 575, 576, 577, 578, 579, 580, 581, 582, 583, 584, 585, 586, 587, 588, 589, 590, 591, 592, 593, 594, 595, 596, 597, 598, 599, 600, 601, 602, 603, 604, 605, 606, 607, 608, 609, 610, 611, 612, 613, 614, 615, 616, 617, 618, 619, 620, 621, 622, 623, 624, 625, 626, 627, 628, 629, 630, 631, 632, 633, 634, 635, 636, 637, 638, 639, 640, 641, 642, 643, 644, 645, 646, 647, 648, 649, 650, 651, 652, 653, 654, 655, 656, 657, 658, 659, 660, 661, 662, 663, 664, 665, 666, 667, 668, 669, 670, 671, 672, 673, 674, 675, 676, 677, 678, 679, 680, 681, 682, 683, 684, 685, 686, 687, 688, 689, 690, 691, 692, 693, 694, 695, 696, 697, 698, 699, 700, 701, 702, 703, 704, 705, 706, 707, 708, 709, 710, 711, 712, 713, 714, 715, 716, 717, 718, 719, 720, 721, 722, 723, 724, 725, 726, 727, 728, 729, 730, 731, 732, 733, 734, 735, 736, 737, 738, 739, 740, 741, 742, 743, 744, 745, 746, 747, 748, 749, 750, 751, 752, 753, 754, 755, 756, 757, 758, 759, 760, 761, 762, 763, 764, 765, 766, 767, 768, 769, 770, 771, 772, 773, 774, 775, 776, 777, 778, 779, 780, 781, 782, 783, 784, 785, 786, 787, 788, 789, 790, 791, 792, 793, 803, 844]",False,"[193, 664]","[103, 104, 105, 106, 107, 108, 109, 110, 111, 112, 113, 114, 115, 116, 117, 118, 119, 120, 121, 122, 123, 124, 125, 126, 127, 128, 129, 130, 131, 132, 133, 134, 135, 136, 137, 138, 139, 140, 141, 142, 143, 144, 145, 146, 147, 148, 149, 150, 151, 152, 153, 154, 155, 156, 157, 158, 159, 160, 161, 162, 163, 164, 165, 166, 167, 168, 169, 170, 171, 172, 173, 174, 175, 176, 177, 178, 179, 180, 181, 182, 183, 184, 185, 186, 187, 188, 189, 190, 191, 192, 193, 194, 195, 196, 197, 198, 199, 200, 201, 202, 203, 204, 205, 206, 207, 208, 209, 210, 211, 212, 213, 214, 215, 216, 217, 218, 219, 220, 221, 222, 223, 224, 225, 226, 227, 228, 229, 230, 231, 232, 233, 234, 235, 236, 237, 238, 239, 240, 241, 242, 243, 244, 245, 246, 247, 248, 249, 250, 251, 252, 253, 254, 255, 256, 257, 258, 259, 260, 261, 262, 263, 264, 265, 266, 267, 268, 269, 270, 271, 272, 273, 274, 275, 276, 277, 278, 279, 280, 281, 282, 283, 284, 285, 286, 287, 288, 289, 290, 291, 292, 293, 294, 295, 296, 297, 298, 299, 300, 301, 302, 303, 304, 305, 306, 307, 308, 309, 310, 311, 312, 313, 314, 315, 316, 317, 318, 319, 320, 321, 322, 323, 324, 325, 326, 327, 328, 329, 330, 331, 332, 333, 334, 335, 336, 337, 574, 575, 576, 577, 578, 579, 580, 581, 582, 583, 584, 585, 586, 587, 588, 589, 590, 591, 592, 593, 594, 595, 596, 597, 598, 599, 600, 601, 602, 603, 604, 605, 606, 607, 608, 609, 610, 611, 612, 613, 614, 615, 616, 617, 618, 619, 620, 621, 622, 623, 624, 625, 626, 627, 628, 629, 630, 631, 632, 633, 634, 635, 636, 637, 638, 639, 640, 641, 642, 643, 644, 645, 646, 647, 648, 649, 650, 651, 652, 653, 654, 655, 656, 657, 658, 659, 660, 661, 662, 663, 664, 665, 666, 667, 668, 669, 670, 671, 672, 673, 674, 675, 676, 677, 678, 679, 680, 681, 682, 683, 684, 685, 686, 687, 688, 689, 690, 691, 692, 693, 694, 695, 696, 697, 698, 699, 700, 701, 702, 703, 704, 705, 706, 707, 708, 709, 710, 711, 712, 713, 714, 715, 716, 717, 718, 719, 720, 721, 722, 723, 724, 725, 726, 727, 728, 729, 730, 731, 732, 733, 734, 735, 736, 737, 738, 739, 740, 741, 742, 743, 744, 745, 746, 747, 748, 749, 750, 751, 752, 753, 754, 755, 756, 757, 758, 759, 760, 761, 762, 763, 764, 765, 766, 767, 768, 769, 770, 771, 772, 773, 774, 775, 776, 777, 778, 779, 780, 781, 782, 783, 784, 785, 786, 787, 788, 789, 790, 791, 792, 793]","[193, 664]",[],"[15, 91, 107, 110, 113, 123, 132, 136, 193, 216, 218, 252, 274, 275, 281, 286, 293, 302, 325, 326, 500, 562, 578, 580, 583, 594, 603, 607, 664, 686, 715, 733, 734, 740, 745, 752, 760, 783, 784]","[84, 87, 89, 114, 115, 117, 124, 132, 135, 144, 152, 178, 239, 268, 281, 297, 318, 320, 327, 348, 394, 555, 558, 560, 585, 586, 588, 595, 603, 606, 615, 623, 649, 703, 727, 740, 756, 776, 778, 785, 803, 844]",[],5/6 successful match,False,,False,811,False,,1.0,True,Jensen's Truck Stop ( 76 ),
"Ukiah , 95482 Jensen's Truck Stop ( 76 )",707-462-7012 US 101 & N State St ( MM 26 ),24 HOTS 240,Ukiah,95482,Jensen's Truck Stop ( 76 ),707-462-7012,2008,Ukiah,CA,,( MM 26 ),US 101 & N State St,empty,,False,,False,US 101,N State St,,,,[],"[193, 664]","[193, 664]",[],"[103, 104, 105, 106, 107, 108, 109, 110, 111, 112, 113, 114, 115, 116, 117, 118, 119, 120, 121, 122, 123, 124, 125, 126, 127, 128, 129, 130, 131, 132, 133, 134, 135, 136, 137, 138, 139, 140, 141, 142, 143, 144, 145, 146, 147, 148, 149, 150, 151, 152, 153, 154, 155, 156, 157, 158, 159, 160, 161, 162, 163, 164, 165, 166, 167, 168, 169, 170, 171, 172, 173, 174, 175, 176, 177, 178, 179, 180, 181, 182, 183, 184, 185, 186, 187, 188, 189, 190, 191, 192, 193, 194, 195, 196, 197, 198, 199, 200, 201, 202, 203, 204, 205, 206, 207, 208, 209, 210, 211, 212, 213, 214, 215, 216, 217, 218, 219, 220, 221, 222, 223, 224, 225, 226, 227, 228, 229, 230, 231, 232, 233, 234, 235, 236, 237, 238, 239, 240, 241, 242, 243, 244, 245, 246, 247, 248, 249, 250, 251, 252, 253, 254, 255, 256, 257, 258, 259, 260, 261, 262, 263, 264, 265, 266, 267, 268, 269, 270, 271, 272, 273, 274, 275, 276, 277, 278, 279, 280, 281, 282, 283, 284, 285, 286, 287, 288, 289, 290, 291, 292, 293, 294, 295, 296, 297, 298, 299, 300, 301, 302, 303, 304, 305, 306, 307, 308, 309, 310, 311, 312, 313, 314, 315, 316, 317, 318, 319, 320, 321, 322, 323, 324, 325, 326, 327, 328, 329, 330, 331, 332, 333, 334, 335, 336, 337, 574, 575, 576, 577, 578, 579, 580, 581, 582, 583, 584, 585, 586, 587, 588, 589, 590, 591, 592, 593, 594, 595, 596, 597, 598, 599, 600, 601, 602, 603, 604, 605, 606, 607, 608, 609, 610, 611, 612, 613, 614, 615, 616, 617, 618, 619, 620, 621, 622, 623, 624, 625, 626, 627, 628, 629, 630, 631, 632, 633, 634, 635, 636, 637, 638, 639, 640, 641, 642, 643, 644, 645, 646, 647, 648, 649, 650, 651, 652, 653, 654, 655, 656, 657, 658, 659, 660, 661, 662, 663, 664, 665, 666, 667, 668, 669, 670, 671, 672, 673, 674, 675, 676, 677, 678, 679, 680, 681, 682, 683, 684, 685, 686, 687, 688, 689, 690, 691, 692, 693, 694, 695, 696, 697, 698, 699, 700, 701, 702, 703, 704, 705, 706, 707, 708, 709, 710, 711, 712, 713, 714, 715, 716, 717, 718, 719, 720, 721, 722, 723, 724, 725, 726, 727, 728, 729, 730, 731, 732, 733, 734, 735, 736, 737, 738, 739, 740, 741, 742, 743, 744, 745, 746, 747, 748, 749, 750, 751, 752, 753, 754, 755, 756, 757, 758, 759, 760, 761, 762, 763, 764, 765, 766, 767, 768, 769, 770, 771, 772, 773, 774, 775, 776, 777, 778, 779, 780, 781, 782, 783, 784, 785, 786, 787, 788, 789, 790, 791, 792, 793]","[15, 91, 107, 110, 113, 123, 132, 136, 193, 216, 218, 252, 274, 275, 281, 286, 293, 302, 325, 326, 500, 562, 578, 580, 583, 594, 603, 607, 664, 686, 715, 733, 734, 740, 745, 752, 760, 783, 784]",[],"[84, 87, 89, 114, 115, 117, 124, 132, 135, 144, 152, 178, 239, 268, 281, 297, 318, 320, 327, 348, 394, 555, 558, 560, 585, 586, 588, 595, 603, 606, 615, 623, 649, 703, 727, 740, 756, 776, 778, 785, 803, 844]","[15, 84, 87, 89, 91, 103, 104, 105, 106, 107, 108, 109, 110, 111, 112, 113, 114, 115, 116, 117, 118, 119, 120, 121, 122, 123, 124, 125, 126, 127, 128, 129, 130, 131, 132, 133, 134, 135, 136, 137, 138, 139, 140, 141, 142, 143, 144, 145, 146, 147, 148, 149, 150, 151, 152, 153, 154, 155, 156, 157, 158, 159, 160, 161, 162, 163, 164, 165, 166, 167, 168, 169, 170, 171, 172, 173, 174, 175, 176, 177, 178, 179, 180, 181, 182, 183, 184, 185, 186, 187, 188, 189, 190, 191, 192, 193, 194, 195, 196, 197, 198, 199, 200, 201, 202, 203, 204, 205, 206, 207, 208, 209, 210, 211, 212, 213, 214, 215, 216, 217, 218, 219, 220, 221, 222, 223, 224, 225, 226, 227, 228, 229, 230, 231, 232, 233, 234, 235, 236, 237, 238, 239, 240, 241, 242, 243, 244, 245, 246, 247, 248, 249, 250, 251, 252, 253, 254, 255, 256, 257, 258, 259, 260, 261, 262, 263, 264, 265, 266, 267, 268, 269, 270, 271, 272, 273, 274, 275, 276, 277, 278, 279, 280, 281, 282, 283, 284, 285, 286, 287, 288, 289, 290, 291, 292, 293, 294, 295, 296, 297, 298, 299, 300, 301, 302, 303, 304, 305, 306, 307, 308, 309, 310, 311, 312, 313, 314, 315, 316, 317, 318, 319, 320, 321, 322, 323, 324, 325, 326, 327, 328, 329, 330, 331, 332, 333, 334, 335, 336, 337, 348, 394, 500, 555, 558, 560, 562, 574, 575, 576, 577, 578, 579, 580, 581, 582, 583, 584, 585, 586, 587, 588, 589, 590, 591, 592, 593, 594, 595, 596, 597, 598, 599, 600, 601, 602, 603, 604, 605, 606, 607, 608, 609, 610, 611, 612, 613, 614, 615, 616, 617, 618, 619, 620, 621, 622, 623, 624, 625, 626, 627, 628, 629, 630, 631, 632, 633, 634, 635, 636, 637, 638, 639, 640, 641, 642, 643, 644, 645, 646, 647, 648, 649, 650, 651, 652, 653, 654, 655, 656, 657, 658, 659, 660, 661, 662, 663, 664, 665, 666, 667, 668, 669, 670, 671, 672, 673, 674, 675, 676, 677, 678, 679, 680, 681, 682, 683, 684, 685, 686, 687, 688, 689, 690, 691, 692, 693, 694, 695, 696, 697, 698, 699, 700, 701, 702, 703, 704, 705, 706, 707, 708, 709, 710, 711, 712, 713, 714, 715, 716, 717, 718, 719, 720, 721, 722, 723, 724, 725, 726, 727, 728, 729, 730, 731, 732, 733, 734, 735, 736, 737, 738, 739, 740, 741, 742, 743, 744, 745, 746, 747, 748, 749, 750, 751, 752, 753, 754, 755, 756, 757, 758, 759, 760, 761, 762, 763, 764, 765, 766, 767, 768, 769, 770, 771, 772, 773, 774, 775, 776, 777, 778, 779, 780, 781, 782, 783, 784, 785, 786, 787, 788, 789, 790, 791, 792, 793, 803, 844]",False,"[193, 664]","[103, 104, 105, 106, 107, 108, 109, 110, 111, 112, 113, 114, 115, 116, 117, 118, 119, 120, 121, 122, 123, 124, 125, 126, 127, 128, 129, 130, 131, 132, 133, 134, 135, 136, 137, 138, 139, 140, 141, 142, 143, 144, 145, 146, 147, 148, 149, 150, 151, 152, 153, 154, 155, 156, 157, 158, 159, 160, 161, 162, 163, 164, 165, 166, 167, 168, 169, 170, 171, 172, 173, 174, 175, 176, 177, 178, 179, 180, 181, 182, 183, 184, 185, 186, 187, 188, 189, 190, 191, 192, 193, 194, 195, 196, 197, 198, 199, 200, 201, 202, 203, 204, 205, 206, 207, 208, 209, 210, 211, 212, 213, 214, 215, 216, 217, 218, 219, 220, 221, 222, 223, 224, 225, 226, 227, 228, 229, 230, 231, 232, 233, 234, 235, 236, 237, 238, 239, 240, 241, 242, 243, 244, 245, 246, 247, 248, 249, 250, 251, 252, 253, 254, 255, 256, 257, 258, 259, 260, 261, 262, 263, 264, 265, 266, 267, 268, 269, 270, 271, 272, 273, 274, 275, 276, 277, 278, 279, 280, 281, 282, 283, 284, 285, 286, 287, 288, 289, 290, 291, 292, 293, 294, 295, 296, 297, 298, 299, 300, 301, 302, 303, 304, 305, 306, 307, 308, 309, 310, 311, 312, 313, 314, 315, 316, 317, 318, 319, 320, 321, 322, 323, 324, 325, 326, 327, 328, 329, 330, 331, 332, 333, 334, 335, 336, 337, 574, 575, 576, 577, 578, 579, 580, 581, 582, 583, 584, 585, 586, 587, 588, 589, 590, 591, 592, 593, 594, 595, 596, 597, 598, 599, 600, 601, 602, 603, 604, 605, 606, 607, 608, 609, 610, 611, 612, 613, 614, 615, 616, 617, 618, 619, 620, 621, 622, 623, 624, 625, 626, 627, 628, 629, 630, 631, 632, 633, 634, 635, 636, 637, 638, 639, 640, 641, 642, 643, 644, 645, 646, 647, 648, 649, 650, 651, 652, 653, 654, 655, 656, 657, 658, 659, 660, 661, 662, 663, 664, 665, 666, 667, 668, 669, 670, 671, 672, 673, 674, 675, 676, 677, 678, 679, 680, 681, 682, 683, 684, 685, 686, 687, 688, 689, 690, 691, 692, 693, 694, 695, 696, 697, 698, 699, 700, 701, 702, 703, 704, 705, 706, 707, 708, 709, 710, 711, 712, 713, 714, 715, 716, 717, 718, 719, 720, 721, 722, 723, 724, 725, 726, 727, 728, 729, 730, 731, 732, 733, 734, 735, 736, 737, 738, 739, 740, 741, 742, 743, 744, 745, 746, 747, 748, 749, 750, 751, 752, 753, 754, 755, 756, 757, 758, 759, 760, 761, 762, 763, 764, 765, 766, 767, 768, 769, 770, 771, 772, 773, 774, 775, 776, 777, 778, 779, 780, 781, 782, 783, 784, 785, 786, 787, 788, 789, 790, 791, 792, 793]","[193, 664]",[],"[15, 91, 107, 110, 113, 123, 132, 136, 193, 216, 218, 252, 274, 275, 281, 286, 293, 302, 325, 326, 500, 562, 578, 580, 583, 594, 603, 607, 664, 686, 715, 733, 734, 740, 745, 752, 760, 783, 784]","[84, 87, 89, 114, 115, 117, 124, 132, 135, 144, 152, 178, 239, 268, 281, 297, 318, 320, 327, 348, 394, 555, 558, 560, 585, 586, 588, 595, 603, 606, 615, 623, 649, 703, 727, 740, 756, 776, 778, 785, 803, 844]",[],5/6 successful match,False,,False,811,False,,1.0,True,Jensen's Truck Stop ( 76 ),
Ukiah ( 95482 ) Jensen's Truck Stop,1 707-467-9999 US 101 & N State St,24 MOD 24 22,Ukiah,95482,Jensen's Truck Stop,707-467-9999,2014,Ukiah,CA,,,US 101 & N State St,empty,,False,,False,US 101,N State St,,,,"[664, 193]","[193, 664]","[193, 664]",[],"[103, 104, 105, 106, 107, 108, 109, 110, 111, 112, 113, 114, 115, 116, 117, 118, 119, 120, 121, 122, 123, 124, 125, 126, 127, 128, 129, 130, 131, 132, 133, 134, 135, 136, 137, 138, 139, 140, 141, 142, 143, 144, 145, 146, 147, 148, 149, 150, 151, 152, 153, 154, 155, 156, 157, 158, 159, 160, 161, 162, 163, 164, 165, 166, 167, 168, 169, 170, 171, 172, 173, 174, 175, 176, 177, 178, 179, 180, 181, 182, 183, 184, 185, 186, 187, 188, 189, 190, 191, 192, 193, 194, 195, 196, 197, 198, 199, 200, 201, 202, 203, 204, 205, 206, 207, 208, 209, 210, 211, 212, 213, 214, 215, 216, 217, 218, 219, 220, 221, 222, 223, 224, 225, 226, 227, 228, 229, 230, 231, 232, 233, 234, 235, 236, 237, 238, 239, 240, 241, 242, 243, 244, 245, 246, 247, 248, 249, 250, 251, 252, 253, 254, 255, 256, 257, 258, 259, 260, 261, 262, 263, 264, 265, 266, 267, 268, 269, 270, 271, 272, 273, 274, 275, 276, 277, 278, 279, 280, 281, 282, 283, 284, 285, 286, 287, 288, 289, 290, 291, 292, 293, 294, 295, 296, 297, 298, 299, 300, 301, 302, 303, 304, 305, 306, 307, 308, 309, 310, 311, 312, 313, 314, 315, 316, 317, 318, 319, 320, 321, 322, 323, 324, 325, 326, 327, 328, 329, 330, 331, 332, 333, 334, 335, 336, 337, 574, 575, 576, 577, 578, 579, 580, 581, 582, 583, 584, 585, 586, 587, 588, 589, 590, 591, 592, 593, 594, 595, 596, 597, 598, 599, 600, 601, 602, 603, 604, 605, 606, 607, 608, 609, 610, 611, 612, 613, 614, 615, 616, 617, 618, 619, 620, 621, 622, 623, 624, 625, 626, 627, 628, 629, 630, 631, 632, 633, 634, 635, 636, 637, 638, 639, 640, 641, 642, 643, 644, 645, 646, 647, 648, 649, 650, 651, 652, 653, 654, 655, 656, 657, 658, 659, 660, 661, 662, 663, 664, 665, 666, 667, 668, 669, 670, 671, 672, 673, 674, 675, 676, 677, 678, 679, 680, 681, 682, 683, 684, 685, 686, 687, 688, 689, 690, 691, 692, 693, 694, 695, 696, 697, 698, 699, 700, 701, 702, 703, 704, 705, 706, 707, 708, 709, 710, 711, 712, 713, 714, 715, 716, 717, 718, 719, 720, 721, 722, 723, 724, 725, 726, 727, 728, 729, 730, 731, 732, 733, 734, 735, 736, 737, 738, 739, 740, 741, 742, 743, 744, 745, 746, 747, 748, 749, 750, 751, 752, 753, 754, 755, 756, 757, 758, 759, 760, 761, 762, 763, 764, 765, 766, 767, 768, 769, 770, 771, 772, 773, 774, 775, 776, 777, 778, 779, 780, 781, 782, 783, 784, 785, 786, 787, 788, 789, 790, 791, 792, 793]","[15, 91, 107, 110, 113, 123, 132, 136, 193, 216, 218, 252, 274, 275, 281, 286, 293, 302, 325, 326, 500, 562, 578, 580, 583, 594, 603, 607, 664, 686, 715, 733, 734, 740, 745, 752, 760, 783, 784]",[],[],"[15, 91, 103, 104, 105, 106, 107, 108, 109, 110, 111, 112, 113, 114, 115, 116, 117, 118, 119, 120, 121, 122, 123, 124, 125, 126, 127, 128, 129, 130, 131, 132, 133, 134, 135, 136, 137, 138, 139, 140, 141, 142, 143, 144, 145, 146, 147, 148, 149, 150, 151, 152, 153, 154, 155, 156, 157, 158, 159, 160, 161, 162, 163, 164, 165, 166, 167, 168, 169, 170, 171, 172, 173, 174, 175, 176, 177, 178, 179, 180, 181, 182, 183, 184, 185, 186, 187, 188, 189, 190, 191, 192, 193, 194, 195, 196, 197, 198, 199, 200, 201, 202, 203, 204, 205, 206, 207, 208, 209, 210, 211, 212, 213, 214, 215, 216, 217, 218, 219, 220, 221, 222, 223, 224, 225, 226, 227, 228, 229, 230, 231, 232, 233, 234, 235, 236, 237, 238, 239, 240, 241, 242, 243, 244, 245, 246, 247, 248, 249, 250, 251, 252, 253, 254, 255, 256, 257, 258, 259, 260, 261, 262, 263, 264, 265, 266, 267, 268, 269, 270, 271, 272, 273, 274, 275, 276, 277, 278, 279, 280, 281, 282, 283, 284, 285, 286, 287, 288, 289, 290, 291, 292, 293, 294, 295, 296, 297, 298, 299, 300, 301, 302, 303, 304, 305, 306, 307, 308, 309, 310, 311, 312, 313, 314, 315, 316, 317, 318, 319, 320, 321, 322, 323, 324, 325, 326, 327, 328, 329, 330, 331, 332, 333, 334, 335, 336, 337, 500, 562, 574, 575, 576, 577, 578, 579, 580, 581, 582, 583, 584, 585, 586, 587, 588, 589, 590, 591, 592, 593, 594, 595, 596, 597, 598, 599, 600, 601, 602, 603, 604, 605, 606, 607, 608, 609, 610, 611, 612, 613, 614, 615, 616, 617, 618, 619, 620, 621, 622, 623, 624, 625, 626, 627, 628, 629, 630, 631, 632, 633, 634, 635, 636, 637, 638, 639, 640, 641, 642, 643, 644, 645, 646, 647, 648, 649, 650, 651, 652, 653, 654, 655, 656, 657, 658, 659, 660, 661, 662, 663, 664, 665, 666, 667, 668, 669, 670, 671, 672, 673, 674, 675, 676, 677, 678, 679, 680, 681, 682, 683, 684, 685, 686, 687, 688, 689, 690, 691, 692, 693, 694, 695, 696, 697, 698, 699, 700, 701, 702, 703, 704, 705, 706, 707, 708, 709, 710, 711, 712, 713, 714, 715, 716, 717, 718, 719, 720, 721, 722, 723, 724, 725, 726, 727, 728, 729, 730, 731, 732, 733, 734, 735, 736, 737, 738, 739, 740, 741, 742, 743, 744, 745, 746, 747, 748, 749, 750, 751, 752, 753, 754, 755, 756, 757, 758, 759, 760, 761, 762, 763, 764, 765, 766, 767, 768, 769, 770, 771, 772, 773, 774, 775, 776, 777, 778, 779, 780, 781, 782, 783, 784, 785, 786, 787, 788, 789, 790, 791, 792, 793]",True,"[193, 664]","[103, 104, 105, 106, 107, 108, 109, 110, 111, 112, 113, 114, 115, 116, 117, 118, 119, 120, 121, 122, 123, 124, 125, 126, 127, 128, 129, 130, 131, 132, 133, 134, 135, 136, 137, 138, 139, 140, 141, 142, 143, 144, 145, 146, 147, 148, 149, 150, 151, 152, 153, 154, 155, 156, 157, 158, 159, 160, 161, 162, 163, 164, 165, 166, 167, 168, 169, 170, 171, 172, 173, 174, 175, 176, 177, 178, 179, 180, 181, 182, 183, 184, 185, 186, 187, 188, 189, 190, 191, 192, 193, 194, 195, 196, 197, 198, 199, 200, 201, 202, 203, 204, 205, 206, 207, 208, 209, 210, 211, 212, 213, 214, 215, 216, 217, 218, 219, 220, 221, 222, 223, 224, 225, 226, 227, 228, 229, 230, 231, 232, 233, 234, 235, 236, 237, 238, 239, 240, 241, 242, 243, 244, 245, 246, 247, 248, 249, 250, 251, 252, 253, 254, 255, 256, 257, 258, 259, 260, 261, 262, 263, 264, 265, 266, 267, 268, 269, 270, 271, 272, 273, 274, 275, 276, 277, 278, 279, 280, 281, 282, 283, 284, 285, 286, 287, 288, 289, 290, 291, 292, 293, 294, 295, 296, 297, 298, 299, 300, 301, 302, 303, 304, 305, 306, 307, 308, 309, 310, 311, 312, 313, 314, 315, 316, 317, 318, 319, 320, 321, 322, 323, 324, 325, 326, 327, 328, 329, 330, 331, 332, 333, 334, 335, 336, 337, 574, 575, 576, 577, 578, 579, 580, 581, 582, 583, 584, 585, 586, 587, 588, 589, 590, 591, 592, 593, 594, 595, 596, 597, 598, 599, 600, 601, 602, 603, 604, 605, 606, 607, 608, 609, 610, 611, 612, 613, 614, 615, 616, 617, 618, 619, 620, 621, 622, 623, 624, 625, 626, 627, 628, 629, 630, 631, 632, 633, 634, 635, 636, 637, 638, 639, 640, 641, 642, 643, 644, 645, 646, 647, 648, 649, 650, 651, 652, 653, 654, 655, 656, 657, 658, 659, 660, 661, 662, 663, 664, 665, 666, 667, 668, 669, 670, 671, 672, 673, 674, 675, 676, 677, 678, 679, 680, 681, 682, 683, 684, 685, 686, 687, 688, 689, 690, 691, 692, 693, 694, 695, 696, 697, 698, 699, 700, 701, 702, 703, 704, 705, 706, 707, 708, 709, 710, 711, 712, 713, 714, 715, 716, 717, 718, 719, 720, 721, 722, 723, 724, 725, 726, 727, 728, 729, 730, 731, 732, 733, 734, 735, 736, 737, 738, 739, 740, 741, 742, 743, 744, 745, 746, 747, 748, 749, 750, 751, 752, 753, 754, 755, 756, 757, 758, 759, 760, 761, 762, 763, 764, 765, 766, 767, 768, 769, 770, 771, 772, 773, 774, 775, 776, 777, 778, 779, 780, 781, 782, 783, 784, 785, 786, 787, 788, 789, 790, 791, 792, 793]","[193, 664]",[],"[15, 91, 107, 110, 113, 123, 132, 136, 193, 216, 218, 252, 274, 275, 281, 286, 293, 302, 325, 326, 500, 562, 578, 580, 583, 594, 603, 607, 664, 686, 715, 733, 734, 740, 745, 752, 760, 783, 784]",[],[],7/6 successful match,True,[754],True,811,False,,0.6533333333333333,True,Jensen's Truck Stop ( 76 ),
Ukiah ( 95482 ) Jensen's Truck Stop Ave W ),707-467-9999 US 101 & N State St,24 22 MO 24,Ukiah,95482,Jensen's Truck Stop Ave W ),707-467-9999,2015,Ukiah,CA,,,US 101 & N State St,empty,,False,,False,US 101,N State St,,,,"[664, 193]","[193, 664]","[193, 664]",[],"[103, 104, 105, 106, 107, 108, 109, 110, 111, 112, 113, 114, 115, 116, 117, 118, 119, 120, 121, 122, 123, 124, 125, 126, 127, 128, 129, 130, 131, 132, 133, 134, 135, 136, 137, 138, 139, 140, 141, 142, 143, 144, 145, 146, 147, 148, 149, 150, 151, 152, 153, 154, 155, 156, 157, 158, 159, 160, 161, 162, 163, 164, 165, 166, 167, 168, 169, 170, 171, 172, 173, 174, 175, 176, 177, 178, 179, 180, 181, 182, 183, 184, 185, 186, 187, 188, 189, 190, 191, 192, 193, 194, 195, 196, 197, 198, 199, 200, 201, 202, 203, 204, 205, 206, 207, 208, 209, 210, 211, 212, 213, 214, 215, 216, 217, 218, 219, 220, 221, 222, 223, 224, 225, 226, 227, 228, 229, 230, 231, 232, 233, 234, 235, 236, 237, 238, 239, 240, 241, 242, 243, 244, 245, 246, 247, 248, 249, 250, 251, 252, 253, 254, 255, 256, 257, 258, 259, 260, 261, 262, 263, 264, 265, 266, 267, 268, 269, 270, 271, 272, 273, 274, 275, 276, 277, 278, 279, 280, 281, 282, 283, 284, 285, 286, 287, 288, 289, 290, 291, 292, 293, 294, 295, 296, 297, 298, 299, 300, 301, 302, 303, 304, 305, 306, 307, 308, 309, 310, 311, 312, 313, 314, 315, 316, 317, 318, 319, 320, 321, 322, 323, 324, 325, 326, 327, 328, 329, 330, 331, 332, 333, 334, 335, 336, 337, 574, 575, 576, 577, 578, 579, 580, 581, 582, 583, 584, 585, 586, 587, 588, 589, 590, 591, 592, 593, 594, 595, 596, 597, 598, 599, 600, 601, 602, 603, 604, 605, 606, 607, 608, 609, 610, 611, 612, 613, 614, 615, 616, 617, 618, 619, 620, 621, 622, 623, 624, 625, 626, 627, 628, 629, 630, 631, 632, 633, 634, 635, 636, 637, 638, 639, 640, 641, 642, 643, 644, 645, 646, 647, 648, 649, 650, 651, 652, 653, 654, 655, 656, 657, 658, 659, 660, 661, 662, 663, 664, 665, 666, 667, 668, 669, 670, 671, 672, 673, 674, 675, 676, 677, 678, 679, 680, 681, 682, 683, 684, 685, 686, 687, 688, 689, 690, 691, 692, 693, 694, 695, 696, 697, 698, 699, 700, 701, 702, 703, 704, 705, 706, 707, 708, 709, 710, 711, 712, 713, 714, 715, 716, 717, 718, 719, 720, 721, 722, 723, 724, 725, 726, 727, 728, 729, 730, 731, 732, 733, 734, 735, 736, 737, 738, 739, 740, 741, 742, 743, 744, 745, 746, 747, 748, 749, 750, 751, 752, 753, 754, 755, 756, 757, 758, 759, 760, 761, 762, 763, 764, 765, 766, 767, 768, 769, 770, 771, 772, 773, 774, 775, 776, 777, 778, 779, 780, 781, 782, 783, 784, 785, 786, 787, 788, 789, 790, 791, 792, 793]","[15, 91, 107, 110, 113, 123, 132, 136, 193, 216, 218, 252, 274, 275, 281, 286, 293, 302, 325, 326, 500, 562, 578, 580, 583, 594, 603, 607, 664, 686, 715, 733, 734, 740, 745, 752, 760, 783, 784]",[],[],"[15, 91, 103, 104, 105, 106, 107, 108, 109, 110, 111, 112, 113, 114, 115, 116, 117, 118, 119, 120, 121, 122, 123, 124, 125, 126, 127, 128, 129, 130, 131, 132, 133, 134, 135, 136, 137, 138, 139, 140, 141, 142, 143, 144, 145, 146, 147, 148, 149, 150, 151, 152, 153, 154, 155, 156, 157, 158, 159, 160, 161, 162, 163, 164, 165, 166, 167, 168, 169, 170, 171, 172, 173, 174, 175, 176, 177, 178, 179, 180, 181, 182, 183, 184, 185, 186, 187, 188, 189, 190, 191, 192, 193, 194, 195, 196, 197, 198, 199, 200, 201, 202, 203, 204, 205, 206, 207, 208, 209, 210, 211, 212, 213, 214, 215, 216, 217, 218, 219, 220, 221, 222, 223, 224, 225, 226, 227, 228, 229, 230, 231, 232, 233, 234, 235, 236, 237, 238, 239, 240, 241, 242, 243, 244, 245, 246, 247, 248, 249, 250, 251, 252, 253, 254, 255, 256, 257, 258, 259, 260, 261, 262, 263, 264, 265, 266, 267, 268, 269, 270, 271, 272, 273, 274, 275, 276, 277, 278, 279, 280, 281, 282, 283, 284, 285, 286, 287, 288, 289, 290, 291, 292, 293, 294, 295, 296, 297, 298, 299, 300, 301, 302, 303, 304, 305, 306, 307, 308, 309, 310, 311, 312, 313, 314, 315, 316, 317, 318, 319, 320, 321, 322, 323, 324, 325, 326, 327, 328, 329, 330, 331, 332, 333, 334, 335, 336, 337, 500, 562, 574, 575, 576, 577, 578, 579, 580, 581, 582, 583, 584, 585, 586, 587, 588, 589, 590, 591, 592, 593, 594, 595, 596, 597, 598, 599, 600, 601, 602, 603, 604, 605, 606, 607, 608, 609, 610, 611, 612, 613, 614, 615, 616, 617, 618, 619, 620, 621, 622, 623, 624, 625, 626, 627, 628, 629, 630, 631, 632, 633, 634, 635, 636, 637, 638, 639, 640, 641, 642, 643, 644, 645, 646, 647, 648, 649, 650, 651, 652, 653, 654, 655, 656, 657, 658, 659, 660, 661, 662, 663, 664, 665, 666, 667, 668, 669, 670, 671, 672, 673, 674, 675, 676, 677, 678, 679, 680, 681, 682, 683, 684, 685, 686, 687, 688, 689, 690, 691, 692, 693, 694, 695, 696, 697, 698, 699, 700, 701, 702, 703, 704, 705, 706, 707, 708, 709, 710, 711, 712, 713, 714, 715, 716, 717, 718, 719, 720, 721, 722, 723, 724, 725, 726, 727, 728, 729, 730, 731, 732, 733, 734, 735, 736, 737, 738, 739, 740, 741, 742, 743, 744, 745, 746, 747, 748, 749, 750, 751, 752, 753, 754, 755, 756, 757, 758, 759, 760, 761, 762, 763, 764, 765, 766, 767, 768, 769, 770, 771, 772, 773, 774, 775, 776, 777, 778, 779, 780, 781, 782, 783, 784, 785, 786, 787, 788, 789, 790, 791, 792, 793]",True,"[193, 664]","[103, 104, 105, 106, 107, 108, 109, 110, 111, 112, 113, 114, 115, 116, 117, 118, 119, 120, 121, 122, 123, 124, 125, 126, 127, 128, 129, 130, 131, 132, 133, 134, 135, 136, 137, 138, 139, 140, 141, 142, 143, 144, 145, 146, 147, 148, 149, 150, 151, 152, 153, 154, 155, 156, 157, 158, 159, 160, 161, 162, 163, 164, 165, 166, 167, 168, 169, 170, 171, 172, 173, 174, 175, 176, 177, 178, 179, 180, 181, 182, 183, 184, 185, 186, 187, 188, 189, 190, 191, 192, 193, 194, 195, 196, 197, 198, 199, 200, 201, 202, 203, 204, 205, 206, 207, 208, 209, 210, 211, 212, 213, 214, 215, 216, 217, 218, 219, 220, 221, 222, 223, 224, 225, 226, 227, 228, 229, 230, 231, 232, 233, 234, 235, 236, 237, 238, 239, 240, 241, 242, 243, 244, 245, 246, 247, 248, 249, 250, 251, 252, 253, 254, 255, 256, 257, 258, 259, 260, 261, 262, 263, 264, 265, 266, 267, 268, 269, 270, 271, 272, 273, 274, 275, 276, 277, 278, 279, 280, 281, 282, 283, 284, 285, 286, 287, 288, 289, 290, 291, 292, 293, 294, 295, 296, 297, 298, 299, 300, 301, 302, 303, 304, 305, 306, 307, 308, 309, 310, 311, 312, 313, 314, 315, 316, 317, 318, 319, 320, 321, 322, 323, 324, 325, 326, 327, 328, 329, 330, 331, 332, 333, 334, 335, 336, 337, 574, 575, 576, 577, 578, 579, 580, 581, 582, 583, 584, 585, 586, 587, 588, 589, 590, 591, 592, 593, 594, 595, 596, 597, 598, 599, 600, 601, 602, 603, 604, 605, 606, 607, 608, 609, 610, 611, 612, 613, 614, 615, 616, 617, 618, 619, 620, 621, 622, 623, 624, 625, 626, 627, 628, 629, 630, 631, 632, 633, 634, 635, 636, 637, 638, 639, 640, 641, 642, 643, 644, 645, 646, 647, 648, 649, 650, 651, 652, 653, 654, 655, 656, 657, 658, 659, 660, 661, 662, 663, 664, 665, 666, 667, 668, 669, 670, 671, 672, 673, 674, 675, 676, 677, 678, 679, 680, 681, 682, 683, 684, 685, 686, 687, 688, 689, 690, 691, 692, 693, 694, 695, 696, 697, 698, 699, 700, 701, 702, 703, 704, 705, 706, 707, 708, 709, 710, 711, 712, 713, 714, 715, 716, 717, 718, 719, 720, 721, 722, 723, 724, 725, 726, 727, 728, 729, 730, 731, 732, 733, 734, 735, 736, 737, 738, 739, 740, 741, 742, 743, 744, 745, 746, 747, 748, 749, 750, 751, 752, 753, 754, 755, 756, 757, 758, 759, 760, 761, 762, 763, 764, 765, 766, 767, 768, 769, 770, 771, 772, 773, 774, 775, 776, 777, 778, 779, 780, 781, 782, 783, 784, 785, 786, 787, 788, 789, 790, 791, 792, 793]","[193, 664]",[],"[15, 91, 107, 110, 113, 123, 132, 136, 193, 216, 218, 252, 274, 275, 281, 286, 293, 302, 325, 326, 500, 562, 578, 580, 583, 594, 603, 607, 664, 686, 715, 733, 734, 740, 745, 752, 760, 783, 784]",[],[],7/6 successful match,True,[754],True,811,False,,0.8478260869565217,True,Jensen's Truck Stop,
Ukiah ( 95482 ) Jensen's Truck Stop,707-467-9999 US 101 & N State St,MO 24 22,Ukiah,95482,Jensen's Truck Stop,707-467-9999,2016,Ukiah,CA,,,US 101 & N State St,empty,,False,,False,US 101,N State St,,,,"[664, 193]","[193, 664]","[193, 664]",[],"[103, 104, 105, 106, 107, 108, 109, 110, 111, 112, 113, 114, 115, 116, 117, 118, 119, 120, 121, 122, 123, 124, 125, 126, 127, 128, 129, 130, 131, 132, 133, 134, 135, 136, 137, 138, 139, 140, 141, 142, 143, 144, 145, 146, 147, 148, 149, 150, 151, 152, 153, 154, 155, 156, 157, 158, 159, 160, 161, 162, 163, 164, 165, 166, 167, 168, 169, 170, 171, 172, 173, 174, 175, 176, 177, 178, 179, 180, 181, 182, 183, 184, 185, 186, 187, 188, 189, 190, 191, 192, 193, 194, 195, 196, 197, 198, 199, 200, 201, 202, 203, 204, 205, 206, 207, 208, 209, 210, 211, 212, 213, 214, 215, 216, 217, 218, 219, 220, 221, 222, 223, 224, 225, 226, 227, 228, 229, 230, 231, 232, 233, 234, 235, 236, 237, 238, 239, 240, 241, 242, 243, 244, 245, 246, 247, 248, 249, 250, 251, 252, 253, 254, 255, 256, 257, 258, 259, 260, 261, 262, 263, 264, 265, 266, 267, 268, 269, 270, 271, 272, 273, 274, 275, 276, 277, 278, 279, 280, 281, 282, 283, 284, 285, 286, 287, 288, 289, 290, 291, 292, 293, 294, 295, 296, 297, 298, 299, 300, 301, 302, 303, 304, 305, 306, 307, 308, 309, 310, 311, 312, 313, 314, 315, 316, 317, 318, 319, 320, 321, 322, 323, 324, 325, 326, 327, 328, 329, 330, 331, 332, 333, 334, 335, 336, 337, 574, 575, 576, 577, 578, 579, 580, 581, 582, 583, 584, 585, 586, 587, 588, 589, 590, 591, 592, 593, 594, 595, 596, 597, 598, 599, 600, 601, 602, 603, 604, 605, 606, 607, 608, 609, 610, 611, 612, 613, 614, 615, 616, 617, 618, 619, 620, 621, 622, 623, 624, 625, 626, 627, 628, 629, 630, 631, 632, 633, 634, 635, 636, 637, 638, 639, 640, 641, 642, 643, 644, 645, 646, 647, 648, 649, 650, 651, 652, 653, 654, 655, 656, 657, 658, 659, 660, 661, 662, 663, 664, 665, 666, 667, 668, 669, 670, 671, 672, 673, 674, 675, 676, 677, 678, 679, 680, 681, 682, 683, 684, 685, 686, 687, 688, 689, 690, 691, 692, 693, 694, 695, 696, 697, 698, 699, 700, 701, 702, 703, 704, 705, 706, 707, 708, 709, 710, 711, 712, 713, 714, 715, 716, 717, 718, 719, 720, 721, 722, 723, 724, 725, 726, 727, 728, 729, 730, 731, 732, 733, 734, 735, 736, 737, 738, 739, 740, 741, 742, 743, 744, 745, 746, 747, 748, 749, 750, 751, 752, 753, 754, 755, 756, 757, 758, 759, 760, 761, 762, 763, 764, 765, 766, 767, 768, 769, 770, 771, 772, 773, 774, 775, 776, 777, 778, 779, 780, 781, 782, 783, 784, 785, 786, 787, 788, 789, 790, 791, 792, 793]","[15, 91, 107, 110, 113, 123, 132, 136, 193, 216, 218, 252, 274, 275, 281, 286, 293, 302, 325, 326, 500, 562, 578, 580, 583, 594, 603, 607, 664, 686, 715, 733, 734, 740, 745, 752, 760, 783, 784]",[],[],"[15, 91, 103, 104, 105, 106, 107, 108, 109, 110, 111, 112, 113, 114, 115, 116, 117, 118, 119, 120, 121, 122, 123, 124, 125, 126, 127, 128, 129, 130, 131, 132, 133, 134, 135, 136, 137, 138, 139, 140, 141, 142, 143, 144, 145, 146, 147, 148, 149, 150, 151, 152, 153, 154, 155, 156, 157, 158, 159, 160, 161, 162, 163, 164, 165, 166, 167, 168, 169, 170, 171, 172, 173, 174, 175, 176, 177, 178, 179, 180, 181, 182, 183, 184, 185, 186, 187, 188, 189, 190, 191, 192, 193, 194, 195, 196, 197, 198, 199, 200, 201, 202, 203, 204, 205, 206, 207, 208, 209, 210, 211, 212, 213, 214, 215, 216, 217, 218, 219, 220, 221, 222, 223, 224, 225, 226, 227, 228, 229, 230, 231, 232, 233, 234, 235, 236, 237, 238, 239, 240, 241, 242, 243, 244, 245, 246, 247, 248, 249, 250, 251, 252, 253, 254, 255, 256, 257, 258, 259, 260, 261, 262, 263, 264, 265, 266, 267, 268, 269, 270, 271, 272, 273, 274, 275, 276, 277, 278, 279, 280, 281, 282, 283, 284, 285, 286, 287, 288, 289, 290, 291, 292, 293, 294, 295, 296, 297, 298, 299, 300, 301, 302, 303, 304, 305, 306, 307, 308, 309, 310, 311, 312, 313, 314, 315, 316, 317, 318, 319, 320, 321, 322, 323, 324, 325, 326, 327, 328, 329, 330, 331, 332, 333, 334, 335, 336, 337, 500, 562, 574, 575, 576, 577, 578, 579, 580, 581, 582, 583, 584, 585, 586, 587, 588, 589, 590, 591, 592, 593, 594, 595, 596, 597, 598, 599, 600, 601, 602, 603, 604, 605, 606, 607, 608, 609, 610, 611, 612, 613, 614, 615, 616, 617, 618, 619, 620, 621, 622, 623, 624, 625, 626, 627, 628, 629, 630, 631, 632, 633, 634, 635, 636, 637, 638, 639, 640, 641, 642, 643, 644, 645, 646, 647, 648, 649, 650, 651, 652, 653, 654, 655, 656, 657, 658, 659, 660, 661, 662, 663, 664, 665, 666, 667, 668, 669, 670, 671, 672, 673, 674, 675, 676, 677, 678, 679, 680, 681, 682, 683, 684, 685, 686, 687, 688, 689, 690, 691, 692, 693, 694, 695, 696, 697, 698, 699, 700, 701, 702, 703, 704, 705, 706, 707, 708, 709, 710, 711, 712, 713, 714, 715, 716, 717, 718, 719, 720, 721, 722, 723, 724, 725, 726, 727, 728, 729, 730, 731, 732, 733, 734, 735, 736, 737, 738, 739, 740, 741, 742, 743, 744, 745, 746, 747, 748, 749, 750, 751, 752, 753, 754, 755, 756, 757, 758, 759, 760, 761, 762, 763, 764, 765, 766, 767, 768, 769, 770, 771, 772, 773, 774, 775, 776, 777, 778, 779, 780, 781, 782, 783, 784, 785, 786, 787, 788, 789, 790, 791, 792, 793]",True,"[193, 664]","[103, 104, 105, 106, 107, 108, 109, 110, 111, 112, 113, 114, 115, 116, 117, 118, 119, 120, 121, 122, 123, 124, 125, 126, 127, 128, 129, 130, 131, 132, 133, 134, 135, 136, 137, 138, 139, 140, 141, 142, 143, 144, 145, 146, 147, 148, 149, 150, 151, 152, 153, 154, 155, 156, 157, 158, 159, 160, 161, 162, 163, 164, 165, 166, 167, 168, 169, 170, 171, 172, 173, 174, 175, 176, 177, 178, 179, 180, 181, 182, 183, 184, 185, 186, 187, 188, 189, 190, 191, 192, 193, 194, 195, 196, 197, 198, 199, 200, 201, 202, 203, 204, 205, 206, 207, 208, 209, 210, 211, 212, 213, 214, 215, 216, 217, 218, 219, 220, 221, 222, 223, 224, 225, 226, 227, 228, 229, 230, 231, 232, 233, 234, 235, 236, 237, 238, 239, 240, 241, 242, 243, 244, 245, 246, 247, 248, 249, 250, 251, 252, 253, 254, 255, 256, 257, 258, 259, 260, 261, 262, 263, 264, 265, 266, 267, 268, 269, 270, 271, 272, 273, 274, 275, 276, 277, 278, 279, 280, 281, 282, 283, 284, 285, 286, 287, 288, 289, 290, 291, 292, 293, 294, 295, 296, 297, 298, 299, 300, 301, 302, 303, 304, 305, 306, 307, 308, 309, 310, 311, 312, 313, 314, 315, 316, 317, 318, 319, 320, 321, 322, 323, 324, 325, 326, 327, 328, 329, 330, 331, 332, 333, 334, 335, 336, 337, 574, 575, 576, 577, 578, 579, 580, 581, 582, 583, 584, 585, 586, 587, 588, 589, 590, 591, 592, 593, 594, 595, 596, 597, 598, 599, 600, 601, 602, 603, 604, 605, 606, 607, 608, 609, 610, 611, 612, 613, 614, 615, 616, 617, 618, 619, 620, 621, 622, 623, 624, 625, 626, 627, 628, 629, 630, 631, 632, 633, 634, 635, 636, 637, 638, 639, 640, 641, 642, 643, 644, 645, 646, 647, 648, 649, 650, 651, 652, 653, 654, 655, 656, 657, 658, 659, 660, 661, 662, 663, 664, 665, 666, 667, 668, 669, 670, 671, 672, 673, 674, 675, 676, 677, 678, 679, 680, 681, 682, 683, 684, 685, 686, 687, 688, 689, 690, 691, 692, 693, 694, 695, 696, 697, 698, 699, 700, 701, 702, 703, 704, 705, 706, 707, 708, 709, 710, 711, 712, 713, 714, 715, 716, 717, 718, 719, 720, 721, 722, 723, 724, 725, 726, 727, 728, 729, 730, 731, 732, 733, 734, 735, 736, 737, 738, 739, 740, 741, 742, 743, 744, 745, 746, 747, 748, 749, 750, 751, 752, 753, 754, 755, 756, 757, 758, 759, 760, 761, 762, 763, 764, 765, 766, 767, 768, 769, 770, 771, 772, 773, 774, 775, 776, 777, 778, 779, 780, 781, 782, 783, 784, 785, 786, 787, 788, 789, 790, 791, 792, 793]","[193, 664]",[],"[15, 91, 107, 110, 113, 123, 132, 136, 193, 216, 218, 252, 274, 275, 281, 286, 293, 302, 325, 326, 500, 562, 578, 580, 583, 594, 603, 607, 664, 686, 715, 733, 734, 740, 745, 752, 760, 783, 784]",[],[],7/6 successful match,True,[754],True,811,False,,0.8478260869565217,True,Jensen's Truck Stop Ave W ),
"B Eureka , 95503 Golden Gate Petroleum ( Texaco ) )",707-443-1891 3505 US 101 & Highland,HRS 000,Eureka,95503,Golden Gate Petroleum ( Texaco ) ),707-443-1891,2006,Eureka,CA,Texaco,,3505 US 101 & Highland,Proper,,False,,False,US 101,Highland,,,,"[745, 286]","[132, 286, 603, 745]","[132, 286, 603, 745]",[],"[103, 104, 105, 106, 107, 108, 109, 110, 111, 112, 113, 114, 115, 116, 117, 118, 119, 120, 121, 122, 123, 124, 125, 126, 127, 128, 129, 130, 131, 132, 133, 134, 135, 136, 137, 138, 139, 140, 141, 142, 143, 144, 145, 146, 147, 148, 149, 150, 151, 152, 153, 154, 155, 156, 157, 158, 159, 160, 161, 162, 163, 164, 165, 166, 167, 168, 169, 170, 171, 172, 173, 174, 175, 176, 177, 178, 179, 180, 181, 182, 183, 184, 185, 186, 187, 188, 189, 190, 191, 192, 193, 194, 195, 196, 197, 198, 199, 200, 201, 202, 203, 204, 205, 206, 207, 208, 209, 210, 211, 212, 213, 214, 215, 216, 217, 218, 219, 220, 221, 222, 223, 224, 225, 226, 227, 228, 229, 230, 231, 232, 233, 234, 235, 236, 237, 238, 239, 240, 241, 242, 243, 244, 245, 246, 247, 248, 249, 250, 251, 252, 253, 254, 255, 256, 257, 258, 259, 260, 261, 262, 263, 264, 265, 266, 267, 268, 269, 270, 271, 272, 273, 274, 275, 276, 277, 278, 279, 280, 281, 282, 283, 284, 285, 286, 287, 288, 289, 290, 291, 292, 293, 294, 295, 296, 297, 298, 299, 300, 301, 302, 303, 304, 305, 306, 307, 308, 309, 310, 311, 312, 313, 314, 315, 316, 317, 318, 319, 320, 321, 322, 323, 324, 325, 326, 327, 328, 329, 330, 331, 332, 333, 334, 335, 336, 337, 574, 575, 576, 577, 578, 579, 580, 581, 582, 583, 584, 585, 586, 587, 588, 589, 590, 591, 592, 593, 594, 595, 596, 597, 598, 599, 600, 601, 602, 603, 604, 605, 606, 607, 608, 609, 610, 611, 612, 613, 614, 615, 616, 617, 618, 619, 620, 621, 622, 623, 624, 625, 626, 627, 628, 629, 630, 631, 632, 633, 634, 635, 636, 637, 638, 639, 640, 641, 642, 643, 644, 645, 646, 647, 648, 649, 650, 651, 652, 653, 654, 655, 656, 657, 658, 659, 660, 661, 662, 663, 664, 665, 666, 667, 668, 669, 670, 671, 672, 673, 674, 675, 676, 677, 678, 679, 680, 681, 682, 683, 684, 685, 686, 687, 688, 689, 690, 691, 692, 693, 694, 695, 696, 697, 698, 699, 700, 701, 702, 703, 704, 705, 706, 707, 708, 709, 710, 711, 712, 713, 714, 715, 716, 717, 718, 719, 720, 721, 722, 723, 724, 725, 726, 727, 728, 729, 730, 731, 732, 733, 734, 735, 736, 737, 738, 739, 740, 741, 742, 743, 744, 745, 746, 747, 748, 749, 750, 751, 752, 753, 754, 755, 756, 757, 758, 759, 760, 761, 762, 763, 764, 765, 766, 767, 768, 769, 770, 771, 772, 773, 774, 775, 776, 777, 778, 779, 780, 781, 782, 783, 784, 785, 786, 787, 788, 789, 790, 791, 792, 793]","[15, 91, 107, 110, 113, 123, 132, 136, 193, 216, 218, 252, 274, 275, 281, 286, 293, 302, 325, 326, 332, 500, 562, 578, 580, 583, 594, 603, 607, 664, 686, 715, 733, 734, 740, 745, 752, 760, 783, 784, 789]","[26, 390, 474, 486, 509, 840, 922, 926]","[26, 174, 175, 176, 177, 178, 325, 332, 347, 348, 349, 350, 351, 352, 390, 423, 467, 474, 483, 484, 486, 509, 645, 646, 647, 648, 649, 783, 789, 802, 803, 804, 805, 806, 807, 840, 875, 914, 922, 926, 927, 934, 935]","[15, 26, 91, 103, 104, 105, 106, 107, 108, 109, 110, 111, 112, 113, 114, 115, 116, 117, 118, 119, 120, 121, 122, 123, 124, 125, 126, 127, 128, 129, 130, 131, 132, 133, 134, 135, 136, 137, 138, 139, 140, 141, 142, 143, 144, 145, 146, 147, 148, 149, 150, 151, 152, 153, 154, 155, 156, 157, 158, 159, 160, 161, 162, 163, 164, 165, 166, 167, 168, 169, 170, 171, 172, 173, 174, 175, 176, 177, 178, 179, 180, 181, 182, 183, 184, 185, 186, 187, 188, 189, 190, 191, 192, 193, 194, 195, 196, 197, 198, 199, 200, 201, 202, 203, 204, 205, 206, 207, 208, 209, 210, 211, 212, 213, 214, 215, 216, 217, 218, 219, 220, 221, 222, 223, 224, 225, 226, 227, 228, 229, 230, 231, 232, 233, 234, 235, 236, 237, 238, 239, 240, 241, 242, 243, 244, 245, 246, 247, 248, 249, 250, 251, 252, 253, 254, 255, 256, 257, 258, 259, 260, 261, 262, 263, 264, 265, 266, 267, 268, 269, 270, 271, 272, 273, 274, 275, 276, 277, 278, 279, 280, 281, 282, 283, 284, 285, 286, 287, 288, 289, 290, 291, 292, 293, 294, 295, 296, 297, 298, 299, 300, 301, 302, 303, 304, 305, 306, 307, 308, 309, 310, 311, 312, 313, 314, 315, 316, 317, 318, 319, 320, 321, 322, 323, 324, 325, 326, 327, 328, 329, 330, 331, 332, 333, 334, 335, 336, 337, 347, 348, 349, 350, 351, 352, 390, 423, 467, 474, 483, 484, 486, 500, 509, 562, 574, 575, 576, 577, 578, 579, 580, 581, 582, 583, 584, 585, 586, 587, 588, 589, 590, 591, 592, 593, 594, 595, 596, 597, 598, 599, 600, 601, 602, 603, 604, 605, 606, 607, 608, 609, 610, 611, 612, 613, 614, 615, 616, 617, 618, 619, 620, 621, 622, 623, 624, 625, 626, 627, 628, 629, 630, 631, 632, 633, 634, 635, 636, 637, 638, 639, 640, 641, 642, 643, 644, 645, 646, 647, 648, 649, 650, 651, 652, 653, 654, 655, 656, 657, 658, 659, 660, 661, 662, 663, 664, 665, 666, 667, 668, 669, 670, 671, 672, 673, 674, 675, 676, 677, 678, 679, 680, 681, 682, 683, 684, 685, 686, 687, 688, 689, 690, 691, 692, 693, 694, 695, 696, 697, 698, 699, 700, 701, 702, 703, 704, 705, 706, 707, 708, 709, 710, 711, 712, 713, 714, 715, 716, 717, 718, 719, 720, 721, 722, 723, 724, 725, 726, 727, 728, 729, 730, 731, 732, 733, 734, 735, 736, 737, 738, 739, 740, 741, 742, 743, 744, 745, 746, 747, 748, 749, 750, 751, 752, 753, 754, 755, 756, 757, 758, 759, 760, 761, 762, 763, 764, 765, 766, 767, 768, 769, 770, 771, 772, 773, 774, 775, 776, 777, 778, 779, 780, 781, 782, 783, 784, 785, 786, 787, 788, 789, 790, 791, 792, 793, 802, 803, 804, 805, 806, 807, 840, 875, 914, 922, 926, 927, 934, 935]",True,"[132, 286, 603, 745]","[103, 104, 105, 106, 107, 108, 109, 110, 111, 112, 113, 114, 115, 116, 117, 118, 119, 120, 121, 122, 123, 124, 125, 126, 127, 128, 129, 130, 131, 132, 133, 134, 135, 136, 137, 138, 139, 140, 141, 142, 143, 144, 145, 146, 147, 148, 149, 150, 151, 152, 153, 154, 155, 156, 157, 158, 159, 160, 161, 162, 163, 164, 165, 166, 167, 168, 169, 170, 171, 172, 173, 174, 175, 176, 177, 178, 179, 180, 181, 182, 183, 184, 185, 186, 187, 188, 189, 190, 191, 192, 193, 194, 195, 196, 197, 198, 199, 200, 201, 202, 203, 204, 205, 206, 207, 208, 209, 210, 211, 212, 213, 214, 215, 216, 217, 218, 219, 220, 221, 222, 223, 224, 225, 226, 227, 228, 229, 230, 231, 232, 233, 234, 235, 236, 237, 238, 239, 240, 241, 242, 243, 244, 245, 246, 247, 248, 249, 250, 251, 252, 253, 254, 255, 256, 257, 258, 259, 260, 261, 262, 263, 264, 265, 266, 267, 268, 269, 270, 271, 272, 273, 274, 275, 276, 277, 278, 279, 280, 281, 282, 283, 284, 285, 286, 287, 288, 289, 290, 291, 292, 293, 294, 295, 296, 297, 298, 299, 300, 301, 302, 303, 304, 305, 306, 307, 308, 309, 310, 311, 312, 313, 314, 315, 316, 317, 318, 319, 320, 321, 322, 323, 324, 325, 326, 327, 328, 329, 330, 331, 332, 333, 334, 335, 336, 337, 574, 575, 576, 577, 578, 579, 580, 581, 582, 583, 584, 585, 586, 587, 588, 589, 590, 591, 592, 593, 594, 595, 596, 597, 598, 599, 600, 601, 602, 603, 604, 605, 606, 607, 608, 609, 610, 611, 612, 613, 614, 615, 616, 617, 618, 619, 620, 621, 622, 623, 624, 625, 626, 627, 628, 629, 630, 631, 632, 633, 634, 635, 636, 637, 638, 639, 640, 641, 642, 643, 644, 645, 646, 647, 648, 649, 650, 651, 652, 653, 654, 655, 656, 657, 658, 659, 660, 661, 662, 663, 664, 665, 666, 667, 668, 669, 670, 671, 672, 673, 674, 675, 676, 677, 678, 679, 680, 681, 682, 683, 684, 685, 686, 687, 688, 689, 690, 691, 692, 693, 694, 695, 696, 697, 698, 699, 700, 701, 702, 703, 704, 705, 706, 707, 708, 709, 710, 711, 712, 713, 714, 715, 716, 717, 718, 719, 720, 721, 722, 723, 724, 725, 726, 727, 728, 729, 730, 731, 732, 733, 734, 735, 736, 737, 738, 739, 740, 741, 742, 743, 744, 745, 746, 747, 748, 749, 750, 751, 752, 753, 754, 755, 756, 757, 758, 759, 760, 761, 762, 763, 764, 765, 766, 767, 768, 769, 770, 771, 772, 773, 774, 775, 776, 777, 778, 779, 780, 781, 782, 783, 784, 785, 786, 787, 788, 789, 790, 791, 792, 793]","[132, 286, 603, 745]",[],"[15, 91, 107, 110, 113, 123, 132, 136, 193, 216, 218, 252, 274, 275, 281, 286, 293, 302, 325, 326, 332, 500, 562, 578, 580, 583, 594, 603, 607, 664, 686, 715, 733, 734, 740, 745, 752, 760, 783, 784, 789]","[26, 174, 175, 176, 177, 178, 325, 332, 347, 348, 349, 350, 351, 352, 390, 423, 467, 474, 483, 484, 486, 509, 645, 646, 647, 648, 649, 783, 789, 802, 803, 804, 805, 806, 807, 840, 875, 914, 922, 926, 927, 934, 935]","[26, 390, 474, 486, 509, 840, 922, 926]",5/6 successful match,True,"[389, 390]",True,812,False,,,,,
"Eureka , 95503 Golden Gate Petroleum ( Texaco )",707-443-1891 3505 US 101 & Highland,000 000,Eureka,95503,Golden Gate Petroleum ( Texaco ),707-443-1891,2007,Eureka,CA,Texaco,,3505 US 101 & Highland,Proper,,False,,False,US 101,Highland,,,,"[745, 286]","[132, 286, 603, 745]","[132, 286, 603, 745]",[],"[103, 104, 105, 106, 107, 108, 109, 110, 111, 112, 113, 114, 115, 116, 117, 118, 119, 120, 121, 122, 123, 124, 125, 126, 127, 128, 129, 130, 131, 132, 133, 134, 135, 136, 137, 138, 139, 140, 141, 142, 143, 144, 145, 146, 147, 148, 149, 150, 151, 152, 153, 154, 155, 156, 157, 158, 159, 160, 161, 162, 163, 164, 165, 166, 167, 168, 169, 170, 171, 172, 173, 174, 175, 176, 177, 178, 179, 180, 181, 182, 183, 184, 185, 186, 187, 188, 189, 190, 191, 192, 193, 194, 195, 196, 197, 198, 199, 200, 201, 202, 203, 204, 205, 206, 207, 208, 209, 210, 211, 212, 213, 214, 215, 216, 217, 218, 219, 220, 221, 222, 223, 224, 225, 226, 227, 228, 229, 230, 231, 232, 233, 234, 235, 236, 237, 238, 239, 240, 241, 242, 243, 244, 245, 246, 247, 248, 249, 250, 251, 252, 253, 254, 255, 256, 257, 258, 259, 260, 261, 262, 263, 264, 265, 266, 267, 268, 269, 270, 271, 272, 273, 274, 275, 276, 277, 278, 279, 280, 281, 282, 283, 284, 285, 286, 287, 288, 289, 290, 291, 292, 293, 294, 295, 296, 297, 298, 299, 300, 301, 302, 303, 304, 305, 306, 307, 308, 309, 310, 311, 312, 313, 314, 315, 316, 317, 318, 319, 320, 321, 322, 323, 324, 325, 326, 327, 328, 329, 330, 331, 332, 333, 334, 335, 336, 337, 574, 575, 576, 577, 578, 579, 580, 581, 582, 583, 584, 585, 586, 587, 588, 589, 590, 591, 592, 593, 594, 595, 596, 597, 598, 599, 600, 601, 602, 603, 604, 605, 606, 607, 608, 609, 610, 611, 612, 613, 614, 615, 616, 617, 618, 619, 620, 621, 622, 623, 624, 625, 626, 627, 628, 629, 630, 631, 632, 633, 634, 635, 636, 637, 638, 639, 640, 641, 642, 643, 644, 645, 646, 647, 648, 649, 650, 651, 652, 653, 654, 655, 656, 657, 658, 659, 660, 661, 662, 663, 664, 665, 666, 667, 668, 669, 670, 671, 672, 673, 674, 675, 676, 677, 678, 679, 680, 681, 682, 683, 684, 685, 686, 687, 688, 689, 690, 691, 692, 693, 694, 695, 696, 697, 698, 699, 700, 701, 702, 703, 704, 705, 706, 707, 708, 709, 710, 711, 712, 713, 714, 715, 716, 717, 718, 719, 720, 721, 722, 723, 724, 725, 726, 727, 728, 729, 730, 731, 732, 733, 734, 735, 736, 737, 738, 739, 740, 741, 742, 743, 744, 745, 746, 747, 748, 749, 750, 751, 752, 753, 754, 755, 756, 757, 758, 759, 760, 761, 762, 763, 764, 765, 766, 767, 768, 769, 770, 771, 772, 773, 774, 775, 776, 777, 778, 779, 780, 781, 782, 783, 784, 785, 786, 787, 788, 789, 790, 791, 792, 793]","[15, 91, 107, 110, 113, 123, 132, 136, 193, 216, 218, 252, 274, 275, 281, 286, 293, 302, 325, 326, 332, 500, 562, 578, 580, 583, 594, 603, 607, 664, 686, 715, 733, 734, 740, 745, 752, 760, 783, 784, 789]","[26, 390, 474, 486, 509, 840, 922, 926]","[26, 174, 175, 176, 177, 178, 325, 332, 347, 348, 349, 350, 351, 352, 390, 423, 467, 474, 483, 484, 486, 509, 645, 646, 647, 648, 649, 783, 789, 802, 803, 804, 805, 806, 807, 840, 875, 914, 922, 926, 927, 934, 935]","[15, 26, 91, 103, 104, 105, 106, 107, 108, 109, 110, 111, 112, 113, 114, 115, 116, 117, 118, 119, 120, 121, 122, 123, 124, 125, 126, 127, 128, 129, 130, 131, 132, 133, 134, 135, 136, 137, 138, 139, 140, 141, 142, 143, 144, 145, 146, 147, 148, 149, 150, 151, 152, 153, 154, 155, 156, 157, 158, 159, 160, 161, 162, 163, 164, 165, 166, 167, 168, 169, 170, 171, 172, 173, 174, 175, 176, 177, 178, 179, 180, 181, 182, 183, 184, 185, 186, 187, 188, 189, 190, 191, 192, 193, 194, 195, 196, 197, 198, 199, 200, 201, 202, 203, 204, 205, 206, 207, 208, 209, 210, 211, 212, 213, 214, 215, 216, 217, 218, 219, 220, 221, 222, 223, 224, 225, 226, 227, 228, 229, 230, 231, 232, 233, 234, 235, 236, 237, 238, 239, 240, 241, 242, 243, 244, 245, 246, 247, 248, 249, 250, 251, 252, 253, 254, 255, 256, 257, 258, 259, 260, 261, 262, 263, 264, 265, 266, 267, 268, 269, 270, 271, 272, 273, 274, 275, 276, 277, 278, 279, 280, 281, 282, 283, 284, 285, 286, 287, 288, 289, 290, 291, 292, 293, 294, 295, 296, 297, 298, 299, 300, 301, 302, 303, 304, 305, 306, 307, 308, 309, 310, 311, 312, 313, 314, 315, 316, 317, 318, 319, 320, 321, 322, 323, 324, 325, 326, 327, 328, 329, 330, 331, 332, 333, 334, 335, 336, 337, 347, 348, 349, 350, 351, 352, 390, 423, 467, 474, 483, 484, 486, 500, 509, 562, 574, 575, 576, 577, 578, 579, 580, 581, 582, 583, 584, 585, 586, 587, 588, 589, 590, 591, 592, 593, 594, 595, 596, 597, 598, 599, 600, 601, 602, 603, 604, 605, 606, 607, 608, 609, 610, 611, 612, 613, 614, 615, 616, 617, 618, 619, 620, 621, 622, 623, 624, 625, 626, 627, 628, 629, 630, 631, 632, 633, 634, 635, 636, 637, 638, 639, 640, 641, 642, 643, 644, 645, 646, 647, 648, 649, 650, 651, 652, 653, 654, 655, 656, 657, 658, 659, 660, 661, 662, 663, 664, 665, 666, 667, 668, 669, 670, 671, 672, 673, 674, 675, 676, 677, 678, 679, 680, 681, 682, 683, 684, 685, 686, 687, 688, 689, 690, 691, 692, 693, 694, 695, 696, 697, 698, 699, 700, 701, 702, 703, 704, 705, 706, 707, 708, 709, 710, 711, 712, 713, 714, 715, 716, 717, 718, 719, 720, 721, 722, 723, 724, 725, 726, 727, 728, 729, 730, 731, 732, 733, 734, 735, 736, 737, 738, 739, 740, 741, 742, 743, 744, 745, 746, 747, 748, 749, 750, 751, 752, 753, 754, 755, 756, 757, 758, 759, 760, 761, 762, 763, 764, 765, 766, 767, 768, 769, 770, 771, 772, 773, 774, 775, 776, 777, 778, 779, 780, 781, 782, 783, 784, 785, 786, 787, 788, 789, 790, 791, 792, 793, 802, 803, 804, 805, 806, 807, 840, 875, 914, 922, 926, 927, 934, 935]",True,"[132, 286, 603, 745]","[103, 104, 105, 106, 107, 108, 109, 110, 111, 112, 113, 114, 115, 116, 117, 118, 119, 120, 121, 122, 123, 124, 125, 126, 127, 128, 129, 130, 131, 132, 133, 134, 135, 136, 137, 138, 139, 140, 141, 142, 143, 144, 145, 146, 147, 148, 149, 150, 151, 152, 153, 154, 155, 156, 157, 158, 159, 160, 161, 162, 163, 164, 165, 166, 167, 168, 169, 170, 171, 172, 173, 174, 175, 176, 177, 178, 179, 180, 181, 182, 183, 184, 185, 186, 187, 188, 189, 190, 191, 192, 193, 194, 195, 196, 197, 198, 199, 200, 201, 202, 203, 204, 205, 206, 207, 208, 209, 210, 211, 212, 213, 214, 215, 216, 217, 218, 219, 220, 221, 222, 223, 224, 225, 226, 227, 228, 229, 230, 231, 232, 233, 234, 235, 236, 237, 238, 239, 240, 241, 242, 243, 244, 245, 246, 247, 248, 249, 250, 251, 252, 253, 254, 255, 256, 257, 258, 259, 260, 261, 262, 263, 264, 265, 266, 267, 268, 269, 270, 271, 272, 273, 274, 275, 276, 277, 278, 279, 280, 281, 282, 283, 284, 285, 286, 287, 288, 289, 290, 291, 292, 293, 294, 295, 296, 297, 298, 299, 300, 301, 302, 303, 304, 305, 306, 307, 308, 309, 310, 311, 312, 313, 314, 315, 316, 317, 318, 319, 320, 321, 322, 323, 324, 325, 326, 327, 328, 329, 330, 331, 332, 333, 334, 335, 336, 337, 574, 575, 576, 577, 578, 579, 580, 581, 582, 583, 584, 585, 586, 587, 588, 589, 590, 591, 592, 593, 594, 595, 596, 597, 598, 599, 600, 601, 602, 603, 604, 605, 606, 607, 608, 609, 610, 611, 612, 613, 614, 615, 616, 617, 618, 619, 620, 621, 622, 623, 624, 625, 626, 627, 628, 629, 630, 631, 632, 633, 634, 635, 636, 637, 638, 639, 640, 641, 642, 643, 644, 645, 646, 647, 648, 649, 650, 651, 652, 653, 654, 655, 656, 657, 658, 659, 660, 661, 662, 663, 664, 665, 666, 667, 668, 669, 670, 671, 672, 673, 674, 675, 676, 677, 678, 679, 680, 681, 682, 683, 684, 685, 686, 687, 688, 689, 690, 691, 692, 693, 694, 695, 696, 697, 698, 699, 700, 701, 702, 703, 704, 705, 706, 707, 708, 709, 710, 711, 712, 713, 714, 715, 716, 717, 718, 719, 720, 721, 722, 723, 724, 725, 726, 727, 728, 729, 730, 731, 732, 733, 734, 735, 736, 737, 738, 739, 740, 741, 742, 743, 744, 745, 746, 747, 748, 749, 750, 751, 752, 753, 754, 755, 756, 757, 758, 759, 760, 761, 762, 763, 764, 765, 766, 767, 768, 769, 770, 771, 772, 773, 774, 775, 776, 777, 778, 779, 780, 781, 782, 783, 784, 785, 786, 787, 788, 789, 790, 791, 792, 793]","[132, 286, 603, 745]",[],"[15, 91, 107, 110, 113, 123, 132, 136, 193, 216, 218, 252, 274, 275, 281, 286, 293, 302, 325, 326, 332, 500, 562, 578, 580, 583, 594, 603, 607, 664, 686, 715, 733, 734, 740, 745, 752, 760, 783, 784, 789]","[26, 174, 175, 176, 177, 178, 325, 332, 347, 348, 349, 350, 351, 352, 390, 423, 467, 474, 483, 484, 486, 509, 645, 646, 647, 648, 649, 783, 789, 802, 803, 804, 805, 806, 807, 840, 875, 914, 922, 926, 927, 934, 935]","[26, 390, 474, 486, 509, 840, 922, 926]",5/6 successful match,True,"[389, 390]",True,812,False,,1.0,True,Golden Gate Petroleum ( Texaco ) ),Texaco
"B Eureka , 95503 Golden Gate Petroleum ( Texaco )",707-443-1891 3505 US 101 & Highland,24 HRS <U+25A1> <U+25A1>,Eureka,95503,Golden Gate Petroleum ( Texaco ),707-443-1891,2008,Eureka,CA,Texaco,,3505 US 101 & Highland,Proper,,False,,False,US 101,Highland,,,,"[745, 286]","[132, 286, 603, 745]","[132, 286, 603, 745]",[],"[103, 104, 105, 106, 107, 108, 109, 110, 111, 112, 113, 114, 115, 116, 117, 118, 119, 120, 121, 122, 123, 124, 125, 126, 127, 128, 129, 130, 131, 132, 133, 134, 135, 136, 137, 138, 139, 140, 141, 142, 143, 144, 145, 146, 147, 148, 149, 150, 151, 152, 153, 154, 155, 156, 157, 158, 159, 160, 161, 162, 163, 164, 165, 166, 167, 168, 169, 170, 171, 172, 173, 174, 175, 176, 177, 178, 179, 180, 181, 182, 183, 184, 185, 186, 187, 188, 189, 190, 191, 192, 193, 194, 195, 196, 197, 198, 199, 200, 201, 202, 203, 204, 205, 206, 207, 208, 209, 210, 211, 212, 213, 214, 215, 216, 217, 218, 219, 220, 221, 222, 223, 224, 225, 226, 227, 228, 229, 230, 231, 232, 233, 234, 235, 236, 237, 238, 239, 240, 241, 242, 243, 244, 245, 246, 247, 248, 249, 250, 251, 252, 253, 254, 255, 256, 257, 258, 259, 260, 261, 262, 263, 264, 265, 266, 267, 268, 269, 270, 271, 272, 273, 274, 275, 276, 277, 278, 279, 280, 281, 282, 283, 284, 285, 286, 287, 288, 289, 290, 291, 292, 293, 294, 295, 296, 297, 298, 299, 300, 301, 302, 303, 304, 305, 306, 307, 308, 309, 310, 311, 312, 313, 314, 315, 316, 317, 318, 319, 320, 321, 322, 323, 324, 325, 326, 327, 328, 329, 330, 331, 332, 333, 334, 335, 336, 337, 574, 575, 576, 577, 578, 579, 580, 581, 582, 583, 584, 585, 586, 587, 588, 589, 590, 591, 592, 593, 594, 595, 596, 597, 598, 599, 600, 601, 602, 603, 604, 605, 606, 607, 608, 609, 610, 611, 612, 613, 614, 615, 616, 617, 618, 619, 620, 621, 622, 623, 624, 625, 626, 627, 628, 629, 630, 631, 632, 633, 634, 635, 636, 637, 638, 639, 640, 641, 642, 643, 644, 645, 646, 647, 648, 649, 650, 651, 652, 653, 654, 655, 656, 657, 658, 659, 660, 661, 662, 663, 664, 665, 666, 667, 668, 669, 670, 671, 672, 673, 674, 675, 676, 677, 678, 679, 680, 681, 682, 683, 684, 685, 686, 687, 688, 689, 690, 691, 692, 693, 694, 695, 696, 697, 698, 699, 700, 701, 702, 703, 704, 705, 706, 707, 708, 709, 710, 711, 712, 713, 714, 715, 716, 717, 718, 719, 720, 721, 722, 723, 724, 725, 726, 727, 728, 729, 730, 731, 732, 733, 734, 735, 736, 737, 738, 739, 740, 741, 742, 743, 744, 745, 746, 747, 748, 749, 750, 751, 752, 753, 754, 755, 756, 757, 758, 759, 760, 761, 762, 763, 764, 765, 766, 767, 768, 769, 770, 771, 772, 773, 774, 775, 776, 777, 778, 779, 780, 781, 782, 783, 784, 785, 786, 787, 788, 789, 790, 791, 792, 793]","[15, 91, 107, 110, 113, 123, 132, 136, 193, 216, 218, 252, 274, 275, 281, 286, 293, 302, 325, 326, 332, 500, 562, 578, 580, 583, 594, 603, 607, 664, 686, 715, 733, 734, 740, 745, 752, 760, 783, 784, 789]","[26, 390, 474, 486, 509, 840, 922, 926]","[26, 174, 175, 176, 177, 178, 325, 332, 347, 348, 349, 350, 351, 352, 390, 423, 467, 474, 483, 484, 486, 509, 645, 646, 647, 648, 649, 783, 789, 802, 803, 804, 805, 806, 807, 840, 875, 914, 922, 926, 927, 934, 935]","[15, 26, 91, 103, 104, 105, 106, 107, 108, 109, 110, 111, 112, 113, 114, 115, 116, 117, 118, 119, 120, 121, 122, 123, 124, 125, 126, 127, 128, 129, 130, 131, 132, 133, 134, 135, 136, 137, 138, 139, 140, 141, 142, 143, 144, 145, 146, 147, 148, 149, 150, 151, 152, 153, 154, 155, 156, 157, 158, 159, 160, 161, 162, 163, 164, 165, 166, 167, 168, 169, 170, 171, 172, 173, 174, 175, 176, 177, 178, 179, 180, 181, 182, 183, 184, 185, 186, 187, 188, 189, 190, 191, 192, 193, 194, 195, 196, 197, 198, 199, 200, 201, 202, 203, 204, 205, 206, 207, 208, 209, 210, 211, 212, 213, 214, 215, 216, 217, 218, 219, 220, 221, 222, 223, 224, 225, 226, 227, 228, 229, 230, 231, 232, 233, 234, 235, 236, 237, 238, 239, 240, 241, 242, 243, 244, 245, 246, 247, 248, 249, 250, 251, 252, 253, 254, 255, 256, 257, 258, 259, 260, 261, 262, 263, 264, 265, 266, 267, 268, 269, 270, 271, 272, 273, 274, 275, 276, 277, 278, 279, 280, 281, 282, 283, 284, 285, 286, 287, 288, 289, 290, 291, 292, 293, 294, 295, 296, 297, 298, 299, 300, 301, 302, 303, 304, 305, 306, 307, 308, 309, 310, 311, 312, 313, 314, 315, 316, 317, 318, 319, 320, 321, 322, 323, 324, 325, 326, 327, 328, 329, 330, 331, 332, 333, 334, 335, 336, 337, 347, 348, 349, 350, 351, 352, 390, 423, 467, 474, 483, 484, 486, 500, 509, 562, 574, 575, 576, 577, 578, 579, 580, 581, 582, 583, 584, 585, 586, 587, 588, 589, 590, 591, 592, 593, 594, 595, 596, 597, 598, 599, 600, 601, 602, 603, 604, 605, 606, 607, 608, 609, 610, 611, 612, 613, 614, 615, 616, 617, 618, 619, 620, 621, 622, 623, 624, 625, 626, 627, 628, 629, 630, 631, 632, 633, 634, 635, 636, 637, 638, 639, 640, 641, 642, 643, 644, 645, 646, 647, 648, 649, 650, 651, 652, 653, 654, 655, 656, 657, 658, 659, 660, 661, 662, 663, 664, 665, 666, 667, 668, 669, 670, 671, 672, 673, 674, 675, 676, 677, 678, 679, 680, 681, 682, 683, 684, 685, 686, 687, 688, 689, 690, 691, 692, 693, 694, 695, 696, 697, 698, 699, 700, 701, 702, 703, 704, 705, 706, 707, 708, 709, 710, 711, 712, 713, 714, 715, 716, 717, 718, 719, 720, 721, 722, 723, 724, 725, 726, 727, 728, 729, 730, 731, 732, 733, 734, 735, 736, 737, 738, 739, 740, 741, 742, 743, 744, 745, 746, 747, 748, 749, 750, 751, 752, 753, 754, 755, 756, 757, 758, 759, 760, 761, 762, 763, 764, 765, 766, 767, 768, 769, 770, 771, 772, 773, 774, 775, 776, 777, 778, 779, 780, 781, 782, 783, 784, 785, 786, 787, 788, 789, 790, 791, 792, 793, 802, 803, 804, 805, 806, 807, 840, 875, 914, 922, 926, 927, 934, 935]",True,"[132, 286, 603, 745]","[103, 104, 105, 106, 107, 108, 109, 110, 111, 112, 113, 114, 115, 116, 117, 118, 119, 120, 121, 122, 123, 124, 125, 126, 127, 128, 129, 130, 131, 132, 133, 134, 135, 136, 137, 138, 139, 140, 141, 142, 143, 144, 145, 146, 147, 148, 149, 150, 151, 152, 153, 154, 155, 156, 157, 158, 159, 160, 161, 162, 163, 164, 165, 166, 167, 168, 169, 170, 171, 172, 173, 174, 175, 176, 177, 178, 179, 180, 181, 182, 183, 184, 185, 186, 187, 188, 189, 190, 191, 192, 193, 194, 195, 196, 197, 198, 199, 200, 201, 202, 203, 204, 205, 206, 207, 208, 209, 210, 211, 212, 213, 214, 215, 216, 217, 218, 219, 220, 221, 222, 223, 224, 225, 226, 227, 228, 229, 230, 231, 232, 233, 234, 235, 236, 237, 238, 239, 240, 241, 242, 243, 244, 245, 246, 247, 248, 249, 250, 251, 252, 253, 254, 255, 256, 257, 258, 259, 260, 261, 262, 263, 264, 265, 266, 267, 268, 269, 270, 271, 272, 273, 274, 275, 276, 277, 278, 279, 280, 281, 282, 283, 284, 285, 286, 287, 288, 289, 290, 291, 292, 293, 294, 295, 296, 297, 298, 299, 300, 301, 302, 303, 304, 305, 306, 307, 308, 309, 310, 311, 312, 313, 314, 315, 316, 317, 318, 319, 320, 321, 322, 323, 324, 325, 326, 327, 328, 329, 330, 331, 332, 333, 334, 335, 336, 337, 574, 575, 576, 577, 578, 579, 580, 581, 582, 583, 584, 585, 586, 587, 588, 589, 590, 591, 592, 593, 594, 595, 596, 597, 598, 599, 600, 601, 602, 603, 604, 605, 606, 607, 608, 609, 610, 611, 612, 613, 614, 615, 616, 617, 618, 619, 620, 621, 622, 623, 624, 625, 626, 627, 628, 629, 630, 631, 632, 633, 634, 635, 636, 637, 638, 639, 640, 641, 642, 643, 644, 645, 646, 647, 648, 649, 650, 651, 652, 653, 654, 655, 656, 657, 658, 659, 660, 661, 662, 663, 664, 665, 666, 667, 668, 669, 670, 671, 672, 673, 674, 675, 676, 677, 678, 679, 680, 681, 682, 683, 684, 685, 686, 687, 688, 689, 690, 691, 692, 693, 694, 695, 696, 697, 698, 699, 700, 701, 702, 703, 704, 705, 706, 707, 708, 709, 710, 711, 712, 713, 714, 715, 716, 717, 718, 719, 720, 721, 722, 723, 724, 725, 726, 727, 728, 729, 730, 731, 732, 733, 734, 735, 736, 737, 738, 739, 740, 741, 742, 743, 744, 745, 746, 747, 748, 749, 750, 751, 752, 753, 754, 755, 756, 757, 758, 759, 760, 761, 762, 763, 764, 765, 766, 767, 768, 769, 770, 771, 772, 773, 774, 775, 776, 777, 778, 779, 780, 781, 782, 783, 784, 785, 786, 787, 788, 789, 790, 791, 792, 793]","[132, 286, 603, 745]",[],"[15, 91, 107, 110, 113, 123, 132, 136, 193, 216, 218, 252, 274, 275, 281, 286, 293, 302, 325, 326, 332, 500, 562, 578, 580, 583, 594, 603, 607, 664, 686, 715, 733, 734, 740, 745, 752, 760, 783, 784, 789]","[26, 174, 175, 176, 177, 178, 325, 332, 347, 348, 349, 350, 351, 352, 390, 423, 467, 474, 483, 484, 486, 509, 645, 646, 647, 648, 649, 783, 789, 802, 803, 804, 805, 806, 807, 840, 875, 914, 922, 926, 927, 934, 935]","[26, 390, 474, 486, 509, 840, 922, 926]",5/6 successful match,True,"[389, 390]",True,812,False,,1.0,True,Golden Gate Petroleum ( Texaco ),Texaco
B Eureka ( 95503 ) Texaco Star,707-443-1891 3505 US 101 & Highland,24 O,Eureka,95503,Texaco Star,707-443-1891,2015,Eureka,CA,Texaco,,3505 US 101 & Highland,Proper,,False,,False,US 101,Highland,,,,"[745, 286]","[132, 286, 603, 745]","[132, 286, 603, 745]",[],"[103, 104, 105, 106, 107, 108, 109, 110, 111, 112, 113, 114, 115, 116, 117, 118, 119, 120, 121, 122, 123, 124, 125, 126, 127, 128, 129, 130, 131, 132, 133, 134, 135, 136, 137, 138, 139, 140, 141, 142, 143, 144, 145, 146, 147, 148, 149, 150, 151, 152, 153, 154, 155, 156, 157, 158, 159, 160, 161, 162, 163, 164, 165, 166, 167, 168, 169, 170, 171, 172, 173, 174, 175, 176, 177, 178, 179, 180, 181, 182, 183, 184, 185, 186, 187, 188, 189, 190, 191, 192, 193, 194, 195, 196, 197, 198, 199, 200, 201, 202, 203, 204, 205, 206, 207, 208, 209, 210, 211, 212, 213, 214, 215, 216, 217, 218, 219, 220, 221, 222, 223, 224, 225, 226, 227, 228, 229, 230, 231, 232, 233, 234, 235, 236, 237, 238, 239, 240, 241, 242, 243, 244, 245, 246, 247, 248, 249, 250, 251, 252, 253, 254, 255, 256, 257, 258, 259, 260, 261, 262, 263, 264, 265, 266, 267, 268, 269, 270, 271, 272, 273, 274, 275, 276, 277, 278, 279, 280, 281, 282, 283, 284, 285, 286, 287, 288, 289, 290, 291, 292, 293, 294, 295, 296, 297, 298, 299, 300, 301, 302, 303, 304, 305, 306, 307, 308, 309, 310, 311, 312, 313, 314, 315, 316, 317, 318, 319, 320, 321, 322, 323, 324, 325, 326, 327, 328, 329, 330, 331, 332, 333, 334, 335, 336, 337, 574, 575, 576, 577, 578, 579, 580, 581, 582, 583, 584, 585, 586, 587, 588, 589, 590, 591, 592, 593, 594, 595, 596, 597, 598, 599, 600, 601, 602, 603, 604, 605, 606, 607, 608, 609, 610, 611, 612, 613, 614, 615, 616, 617, 618, 619, 620, 621, 622, 623, 624, 625, 626, 627, 628, 629, 630, 631, 632, 633, 634, 635, 636, 637, 638, 639, 640, 641, 642, 643, 644, 645, 646, 647, 648, 649, 650, 651, 652, 653, 654, 655, 656, 657, 658, 659, 660, 661, 662, 663, 664, 665, 666, 667, 668, 669, 670, 671, 672, 673, 674, 675, 676, 677, 678, 679, 680, 681, 682, 683, 684, 685, 686, 687, 688, 689, 690, 691, 692, 693, 694, 695, 696, 697, 698, 699, 700, 701, 702, 703, 704, 705, 706, 707, 708, 709, 710, 711, 712, 713, 714, 715, 716, 717, 718, 719, 720, 721, 722, 723, 724, 725, 726, 727, 728, 729, 730, 731, 732, 733, 734, 735, 736, 737, 738, 739, 740, 741, 742, 743, 744, 745, 746, 747, 748, 749, 750, 751, 752, 753, 754, 755, 756, 757, 758, 759, 760, 761, 762, 763, 764, 765, 766, 767, 768, 769, 770, 771, 772, 773, 774, 775, 776, 777, 778, 779, 780, 781, 782, 783, 784, 785, 786, 787, 788, 789, 790, 791, 792, 793]","[15, 91, 107, 110, 113, 123, 132, 136, 193, 216, 218, 252, 274, 275, 281, 286, 293, 302, 325, 326, 332, 500, 562, 578, 580, 583, 594, 603, 607, 664, 686, 715, 733, 734, 740, 745, 752, 760, 783, 784, 789]","[26, 390, 474, 486, 509, 840, 922, 926]","[26, 133, 390, 474, 486, 509, 604, 840, 922, 926]","[15, 26, 91, 103, 104, 105, 106, 107, 108, 109, 110, 111, 112, 113, 114, 115, 116, 117, 118, 119, 120, 121, 122, 123, 124, 125, 126, 127, 128, 129, 130, 131, 132, 133, 134, 135, 136, 137, 138, 139, 140, 141, 142, 143, 144, 145, 146, 147, 148, 149, 150, 151, 152, 153, 154, 155, 156, 157, 158, 159, 160, 161, 162, 163, 164, 165, 166, 167, 168, 169, 170, 171, 172, 173, 174, 175, 176, 177, 178, 179, 180, 181, 182, 183, 184, 185, 186, 187, 188, 189, 190, 191, 192, 193, 194, 195, 196, 197, 198, 199, 200, 201, 202, 203, 204, 205, 206, 207, 208, 209, 210, 211, 212, 213, 214, 215, 216, 217, 218, 219, 220, 221, 222, 223, 224, 225, 226, 227, 228, 229, 230, 231, 232, 233, 234, 235, 236, 237, 238, 239, 240, 241, 242, 243, 244, 245, 246, 247, 248, 249, 250, 251, 252, 253, 254, 255, 256, 257, 258, 259, 260, 261, 262, 263, 264, 265, 266, 267, 268, 269, 270, 271, 272, 273, 274, 275, 276, 277, 278, 279, 280, 281, 282, 283, 284, 285, 286, 287, 288, 289, 290, 291, 292, 293, 294, 295, 296, 297, 298, 299, 300, 301, 302, 303, 304, 305, 306, 307, 308, 309, 310, 311, 312, 313, 314, 315, 316, 317, 318, 319, 320, 321, 322, 323, 324, 325, 326, 327, 328, 329, 330, 331, 332, 333, 334, 335, 336, 337, 390, 474, 486, 500, 509, 562, 574, 575, 576, 577, 578, 579, 580, 581, 582, 583, 584, 585, 586, 587, 588, 589, 590, 591, 592, 593, 594, 595, 596, 597, 598, 599, 600, 601, 602, 603, 604, 605, 606, 607, 608, 609, 610, 611, 612, 613, 614, 615, 616, 617, 618, 619, 620, 621, 622, 623, 624, 625, 626, 627, 628, 629, 630, 631, 632, 633, 634, 635, 636, 637, 638, 639, 640, 641, 642, 643, 644, 645, 646, 647, 648, 649, 650, 651, 652, 653, 654, 655, 656, 657, 658, 659, 660, 661, 662, 663, 664, 665, 666, 667, 668, 669, 670, 671, 672, 673, 674, 675, 676, 677, 678, 679, 680, 681, 682, 683, 684, 685, 686, 687, 688, 689, 690, 691, 692, 693, 694, 695, 696, 697, 698, 699, 700, 701, 702, 703, 704, 705, 706, 707, 708, 709, 710, 711, 712, 713, 714, 715, 716, 717, 718, 719, 720, 721, 722, 723, 724, 725, 726, 727, 728, 729, 730, 731, 732, 733, 734, 735, 736, 737, 738, 739, 740, 741, 742, 743, 744, 745, 746, 747, 748, 749, 750, 751, 752, 753, 754, 755, 756, 757, 758, 759, 760, 761, 762, 763, 764, 765, 766, 767, 768, 769, 770, 771, 772, 773, 774, 775, 776, 777, 778, 779, 780, 781, 782, 783, 784, 785, 786, 787, 788, 789, 790, 791, 792, 793, 840, 922, 926]",True,"[132, 286, 603, 745]","[103, 104, 105, 106, 107, 108, 109, 110, 111, 112, 113, 114, 115, 116, 117, 118, 119, 120, 121, 122, 123, 124, 125, 126, 127, 128, 129, 130, 131, 132, 133, 134, 135, 136, 137, 138, 139, 140, 141, 142, 143, 144, 145, 146, 147, 148, 149, 150, 151, 152, 153, 154, 155, 156, 157, 158, 159, 160, 161, 162, 163, 164, 165, 166, 167, 168, 169, 170, 171, 172, 173, 174, 175, 176, 177, 178, 179, 180, 181, 182, 183, 184, 185, 186, 187, 188, 189, 190, 191, 192, 193, 194, 195, 196, 197, 198, 199, 200, 201, 202, 203, 204, 205, 206, 207, 208, 209, 210, 211, 212, 213, 214, 215, 216, 217, 218, 219, 220, 221, 222, 223, 224, 225, 226, 227, 228, 229, 230, 231, 232, 233, 234, 235, 236, 237, 238, 239, 240, 241, 242, 243, 244, 245, 246, 247, 248, 249, 250, 251, 252, 253, 254, 255, 256, 257, 258, 259, 260, 261, 262, 263, 264, 265, 266, 267, 268, 269, 270, 271, 272, 273, 274, 275, 276, 277, 278, 279, 280, 281, 282, 283, 284, 285, 286, 287, 288, 289, 290, 291, 292, 293, 294, 295, 296, 297, 298, 299, 300, 301, 302, 303, 304, 305, 306, 307, 308, 309, 310, 311, 312, 313, 314, 315, 316, 317, 318, 319, 320, 321, 322, 323, 324, 325, 326, 327, 328, 329, 330, 331, 332, 333, 334, 335, 336, 337, 574, 575, 576, 577, 578, 579, 580, 581, 582, 583, 584, 585, 586, 587, 588, 589, 590, 591, 592, 593, 594, 595, 596, 597, 598, 599, 600, 601, 602, 603, 604, 605, 606, 607, 608, 609, 610, 611, 612, 613, 614, 615, 616, 617, 618, 619, 620, 621, 622, 623, 624, 625, 626, 627, 628, 629, 630, 631, 632, 633, 634, 635, 636, 637, 638, 639, 640, 641, 642, 643, 644, 645, 646, 647, 648, 649, 650, 651, 652, 653, 654, 655, 656, 657, 658, 659, 660, 661, 662, 663, 664, 665, 666, 667, 668, 669, 670, 671, 672, 673, 674, 675, 676, 677, 678, 679, 680, 681, 682, 683, 684, 685, 686, 687, 688, 689, 690, 691, 692, 693, 694, 695, 696, 697, 698, 699, 700, 701, 702, 703, 704, 705, 706, 707, 708, 709, 710, 711, 712, 713, 714, 715, 716, 717, 718, 719, 720, 721, 722, 723, 724, 725, 726, 727, 728, 729, 730, 731, 732, 733, 734, 735, 736, 737, 738, 739, 740, 741, 742, 743, 744, 745, 746, 747, 748, 749, 750, 751, 752, 753, 754, 755, 756, 757, 758, 759, 760, 761, 762, 763, 764, 765, 766, 767, 768, 769, 770, 771, 772, 773, 774, 775, 776, 777, 778, 779, 780, 781, 782, 783, 784, 785, 786, 787, 788, 789, 790, 791, 792, 793]","[132, 286, 603, 745]",[],"[15, 91, 107, 110, 113, 123, 132, 136, 193, 216, 218, 252, 274, 275, 281, 286, 293, 302, 325, 326, 332, 500, 562, 578, 580, 583, 594, 603, 607, 664, 686, 715, 733, 734, 740, 745, 752, 760, 783, 784, 789]","[26, 133, 390, 474, 486, 509, 604, 840, 922, 926]","[26, 390, 474, 486, 509, 840, 922, 926]",5/6 successful match,True,"[389, 390]",True,813,False,,,,,
Eureka ( 95503 ) South Broadway Shell,707-443-1891 3505 US 101 & Highland,24 <U+2610><U+2610> <U+25A1>,Eureka,95503,South Broadway Shell,707-443-1891,2016,Eureka,CA,Shell,,3505 US 101 & Highland,Proper,,False,,False,US 101,Highland,,,,"[745, 286]","[132, 286, 603, 745]","[132, 286, 603, 745]",[],"[103, 104, 105, 106, 107, 108, 109, 110, 111, 112, 113, 114, 115, 116, 117, 118, 119, 120, 121, 122, 123, 124, 125, 126, 127, 128, 129, 130, 131, 132, 133, 134, 135, 136, 137, 138, 139, 140, 141, 142, 143, 144, 145, 146, 147, 148, 149, 150, 151, 152, 153, 154, 155, 156, 157, 158, 159, 160, 161, 162, 163, 164, 165, 166, 167, 168, 169, 170, 171, 172, 173, 174, 175, 176, 177, 178, 179, 180, 181, 182, 183, 184, 185, 186, 187, 188, 189, 190, 191, 192, 193, 194, 195, 196, 197, 198, 199, 200, 201, 202, 203, 204, 205, 206, 207, 208, 209, 210, 211, 212, 213, 214, 215, 216, 217, 218, 219, 220, 221, 222, 223, 224, 225, 226, 227, 228, 229, 230, 231, 232, 233, 234, 235, 236, 237, 238, 239, 240, 241, 242, 243, 244, 245, 246, 247, 248, 249, 250, 251, 252, 253, 254, 255, 256, 257, 258, 259, 260, 261, 262, 263, 264, 265, 266, 267, 268, 269, 270, 271, 272, 273, 274, 275, 276, 277, 278, 279, 280, 281, 282, 283, 284, 285, 286, 287, 288, 289, 290, 291, 292, 293, 294, 295, 296, 297, 298, 299, 300, 301, 302, 303, 304, 305, 306, 307, 308, 309, 310, 311, 312, 313, 314, 315, 316, 317, 318, 319, 320, 321, 322, 323, 324, 325, 326, 327, 328, 329, 330, 331, 332, 333, 334, 335, 336, 337, 574, 575, 576, 577, 578, 579, 580, 581, 582, 583, 584, 585, 586, 587, 588, 589, 590, 591, 592, 593, 594, 595, 596, 597, 598, 599, 600, 601, 602, 603, 604, 605, 606, 607, 608, 609, 610, 611, 612, 613, 614, 615, 616, 617, 618, 619, 620, 621, 622, 623, 624, 625, 626, 627, 628, 629, 630, 631, 632, 633, 634, 635, 636, 637, 638, 639, 640, 641, 642, 643, 644, 645, 646, 647, 648, 649, 650, 651, 652, 653, 654, 655, 656, 657, 658, 659, 660, 661, 662, 663, 664, 665, 666, 667, 668, 669, 670, 671, 672, 673, 674, 675, 676, 677, 678, 679, 680, 681, 682, 683, 684, 685, 686, 687, 688, 689, 690, 691, 692, 693, 694, 695, 696, 697, 698, 699, 700, 701, 702, 703, 704, 705, 706, 707, 708, 709, 710, 711, 712, 713, 714, 715, 716, 717, 718, 719, 720, 721, 722, 723, 724, 725, 726, 727, 728, 729, 730, 731, 732, 733, 734, 735, 736, 737, 738, 739, 740, 741, 742, 743, 744, 745, 746, 747, 748, 749, 750, 751, 752, 753, 754, 755, 756, 757, 758, 759, 760, 761, 762, 763, 764, 765, 766, 767, 768, 769, 770, 771, 772, 773, 774, 775, 776, 777, 778, 779, 780, 781, 782, 783, 784, 785, 786, 787, 788, 789, 790, 791, 792, 793]","[15, 91, 107, 110, 113, 123, 132, 136, 193, 216, 218, 252, 274, 275, 281, 286, 293, 302, 325, 326, 332, 500, 562, 578, 580, 583, 594, 603, 607, 664, 686, 715, 733, 734, 740, 745, 752, 760, 783, 784, 789]","[1, 13, 14, 29, 54, 55, 56, 57, 58, 60, 102, 118, 125, 127, 130, 134, 146, 149, 153, 175, 182, 187, 189, 191, 197, 225, 230, 238, 264, 265, 266, 286, 302, 317, 336, 379, 388, 389, 425, 454, 458, 463, 475, 487, 498, 499, 512, 530, 531, 532, 533, 534, 536, 573, 589, 596, 598, 601, 605, 617, 620, 624, 646, 653, 658, 660, 662, 668, 689, 694, 702, 724, 725, 745, 760, 775, 793, 829, 838, 839, 877, 901, 903, 905, 910, 923]","[1, 13, 14, 29, 54, 55, 56, 57, 58, 60, 102, 118, 125, 127, 130, 132, 134, 146, 149, 153, 175, 182, 187, 189, 191, 197, 225, 230, 238, 264, 265, 266, 286, 302, 317, 336, 354, 379, 388, 389, 425, 454, 458, 463, 475, 487, 498, 499, 512, 530, 531, 532, 533, 534, 536, 573, 589, 596, 598, 601, 603, 605, 617, 620, 624, 646, 653, 658, 660, 662, 668, 689, 694, 702, 724, 725, 745, 760, 775, 793, 809, 829, 838, 839, 877, 901, 903, 905, 910, 923]","[1, 13, 14, 15, 29, 54, 55, 56, 57, 58, 60, 91, 102, 103, 104, 105, 106, 107, 108, 109, 110, 111, 112, 113, 114, 115, 116, 117, 118, 119, 120, 121, 122, 123, 124, 125, 126, 127, 128, 129, 130, 131, 132, 133, 134, 135, 136, 137, 138, 139, 140, 141, 142, 143, 144, 145, 146, 147, 148, 149, 150, 151, 152, 153, 154, 155, 156, 157, 158, 159, 160, 161, 162, 163, 164, 165, 166, 167, 168, 169, 170, 171, 172, 173, 174, 175, 176, 177, 178, 179, 180, 181, 182, 183, 184, 185, 186, 187, 188, 189, 190, 191, 192, 193, 194, 195, 196, 197, 198, 199, 200, 201, 202, 203, 204, 205, 206, 207, 208, 209, 210, 211, 212, 213, 214, 215, 216, 217, 218, 219, 220, 221, 222, 223, 224, 225, 226, 227, 228, 229, 230, 231, 232, 233, 234, 235, 236, 237, 238, 239, 240, 241, 242, 243, 244, 245, 246, 247, 248, 249, 250, 251, 252, 253, 254, 255, 256, 257, 258, 259, 260, 261, 262, 263, 264, 265, 266, 267, 268, 269, 270, 271, 272, 273, 274, 275, 276, 277, 278, 279, 280, 281, 282, 283, 284, 285, 286, 287, 288, 289, 290, 291, 292, 293, 294, 295, 296, 297, 298, 299, 300, 301, 302, 303, 304, 305, 306, 307, 308, 309, 310, 311, 312, 313, 314, 315, 316, 317, 318, 319, 320, 321, 322, 323, 324, 325, 326, 327, 328, 329, 330, 331, 332, 333, 334, 335, 336, 337, 354, 379, 388, 389, 425, 454, 458, 463, 475, 487, 498, 499, 500, 512, 530, 531, 532, 533, 534, 536, 562, 573, 574, 575, 576, 577, 578, 579, 580, 581, 582, 583, 584, 585, 586, 587, 588, 589, 590, 591, 592, 593, 594, 595, 596, 597, 598, 599, 600, 601, 602, 603, 604, 605, 606, 607, 608, 609, 610, 611, 612, 613, 614, 615, 616, 617, 618, 619, 620, 621, 622, 623, 624, 625, 626, 627, 628, 629, 630, 631, 632, 633, 634, 635, 636, 637, 638, 639, 640, 641, 642, 643, 644, 645, 646, 647, 648, 649, 650, 651, 652, 653, 654, 655, 656, 657, 658, 659, 660, 661, 662, 663, 664, 665, 666, 667, 668, 669, 670, 671, 672, 673, 674, 675, 676, 677, 678, 679, 680, 681, 682, 683, 684, 685, 686, 687, 688, 689, 690, 691, 692, 693, 694, 695, 696, 697, 698, 699, 700, 701, 702, 703, 704, 705, 706, 707, 708, 709, 710, 711, 712, 713, 714, 715, 716, 717, 718, 719, 720, 721, 722, 723, 724, 725, 726, 727, 728, 729, 730, 731, 732, 733, 734, 735, 736, 737, 738, 739, 740, 741, 742, 743, 744, 745, 746, 747, 748, 749, 750, 751, 752, 753, 754, 755, 756, 757, 758, 759, 760, 761, 762, 763, 764, 765, 766, 767, 768, 769, 770, 771, 772, 773, 774, 775, 776, 777, 778, 779, 780, 781, 782, 783, 784, 785, 786, 787, 788, 789, 790, 791, 792, 793, 809, 829, 838, 839, 877, 901, 903, 905, 910, 923]",True,"[132, 286, 603, 745]","[103, 104, 105, 106, 107, 108, 109, 110, 111, 112, 113, 114, 115, 116, 117, 118, 119, 120, 121, 122, 123, 124, 125, 126, 127, 128, 129, 130, 131, 132, 133, 134, 135, 136, 137, 138, 139, 140, 141, 142, 143, 144, 145, 146, 147, 148, 149, 150, 151, 152, 153, 154, 155, 156, 157, 158, 159, 160, 161, 162, 163, 164, 165, 166, 167, 168, 169, 170, 171, 172, 173, 174, 175, 176, 177, 178, 179, 180, 181, 182, 183, 184, 185, 186, 187, 188, 189, 190, 191, 192, 193, 194, 195, 196, 197, 198, 199, 200, 201, 202, 203, 204, 205, 206, 207, 208, 209, 210, 211, 212, 213, 214, 215, 216, 217, 218, 219, 220, 221, 222, 223, 224, 225, 226, 227, 228, 229, 230, 231, 232, 233, 234, 235, 236, 237, 238, 239, 240, 241, 242, 243, 244, 245, 246, 247, 248, 249, 250, 251, 252, 253, 254, 255, 256, 257, 258, 259, 260, 261, 262, 263, 264, 265, 266, 267, 268, 269, 270, 271, 272, 273, 274, 275, 276, 277, 278, 279, 280, 281, 282, 283, 284, 285, 286, 287, 288, 289, 290, 291, 292, 293, 294, 295, 296, 297, 298, 299, 300, 301, 302, 303, 304, 305, 306, 307, 308, 309, 310, 311, 312, 313, 314, 315, 316, 317, 318, 319, 320, 321, 322, 323, 324, 325, 326, 327, 328, 329, 330, 331, 332, 333, 334, 335, 336, 337, 574, 575, 576, 577, 578, 579, 580, 581, 582, 583, 584, 585, 586, 587, 588, 589, 590, 591, 592, 593, 594, 595, 596, 597, 598, 599, 600, 601, 602, 603, 604, 605, 606, 607, 608, 609, 610, 611, 612, 613, 614, 615, 616, 617, 618, 619, 620, 621, 622, 623, 624, 625, 626, 627, 628, 629, 630, 631, 632, 633, 634, 635, 636, 637, 638, 639, 640, 641, 642, 643, 644, 645, 646, 647, 648, 649, 650, 651, 652, 653, 654, 655, 656, 657, 658, 659, 660, 661, 662, 663, 664, 665, 666, 667, 668, 669, 670, 671, 672, 673, 674, 675, 676, 677, 678, 679, 680, 681, 682, 683, 684, 685, 686, 687, 688, 689, 690, 691, 692, 693, 694, 695, 696, 697, 698, 699, 700, 701, 702, 703, 704, 705, 706, 707, 708, 709, 710, 711, 712, 713, 714, 715, 716, 717, 718, 719, 720, 721, 722, 723, 724, 725, 726, 727, 728, 729, 730, 731, 732, 733, 734, 735, 736, 737, 738, 739, 740, 741, 742, 743, 744, 745, 746, 747, 748, 749, 750, 751, 752, 753, 754, 755, 756, 757, 758, 759, 760, 761, 762, 763, 764, 765, 766, 767, 768, 769, 770, 771, 772, 773, 774, 775, 776, 777, 778, 779, 780, 781, 782, 783, 784, 785, 786, 787, 788, 789, 790, 791, 792, 793]","[132, 286, 603, 745]",[],"[15, 91, 107, 110, 113, 123, 132, 136, 193, 216, 218, 252, 274, 275, 281, 286, 293, 302, 325, 326, 332, 500, 562, 578, 580, 583, 594, 603, 607, 664, 686, 715, 733, 734, 740, 745, 752, 760, 783, 784, 789]","[1, 13, 14, 29, 54, 55, 56, 57, 58, 60, 102, 118, 125, 127, 130, 132, 134, 146, 149, 153, 175, 182, 187, 189, 191, 197, 225, 230, 238, 264, 265, 266, 286, 302, 317, 336, 354, 379, 388, 389, 425, 454, 458, 463, 475, 487, 498, 499, 512, 530, 531, 532, 533, 534, 536, 573, 589, 596, 598, 601, 603, 605, 617, 620, 624, 646, 653, 658, 660, 662, 668, 689, 694, 702, 724, 725, 745, 760, 775, 793, 809, 829, 838, 839, 877, 901, 903, 905, 910, 923]","[1, 13, 14, 29, 54, 55, 56, 57, 58, 60, 102, 118, 125, 127, 130, 134, 146, 149, 153, 175, 182, 187, 189, 191, 197, 225, 230, 238, 264, 265, 266, 286, 302, 317, 336, 379, 388, 389, 425, 454, 458, 463, 475, 487, 498, 499, 512, 530, 531, 532, 533, 534, 536, 573, 589, 596, 598, 601, 605, 617, 620, 624, 646, 653, 658, 660, 662, 668, 689, 694, 702, 724, 725, 745, 760, 775, 793, 829, 838, 839, 877, 901, 903, 905, 910, 923]",7/6 successful match,True,"[389, 390]",True,813,True,2016,0.0967741935483871,False,Texaco Star,Texaco
"B Fortuna , 95540 Hansen Truck Stop ( Chevron ) )",707-725-1744 US 101 & CA 36 ( Sandy Prairie Rd ),M 00,Fortuna,95540,Hansen Truck Stop ( Chevron ) ),707-725-1744,2006,Fortuna,CA,Chevron,( Sandy Prairie Rd ),US 101 & CA 36,empty,,False,,False,US 101,CA 36,,,,[],[],[],[],"[103, 104, 105, 106, 107, 108, 109, 110, 111, 112, 113, 114, 115, 116, 117, 118, 119, 120, 121, 122, 123, 124, 125, 126, 127, 128, 129, 130, 131, 132, 133, 134, 135, 136, 137, 138, 139, 140, 141, 142, 143, 144, 145, 146, 147, 148, 149, 150, 151, 152, 153, 154, 155, 156, 157, 158, 159, 160, 161, 162, 163, 164, 165, 166, 167, 168, 169, 170, 171, 172, 173, 174, 175, 176, 177, 178, 179, 180, 181, 182, 183, 184, 185, 186, 187, 188, 189, 190, 191, 192, 193, 194, 195, 196, 197, 198, 199, 200, 201, 202, 203, 204, 205, 206, 207, 208, 209, 210, 211, 212, 213, 214, 215, 216, 217, 218, 219, 220, 221, 222, 223, 224, 225, 226, 227, 228, 229, 230, 231, 232, 233, 234, 235, 236, 237, 238, 239, 240, 241, 242, 243, 244, 245, 246, 247, 248, 249, 250, 251, 252, 253, 254, 255, 256, 257, 258, 259, 260, 261, 262, 263, 264, 265, 266, 267, 268, 269, 270, 271, 272, 273, 274, 275, 276, 277, 278, 279, 280, 281, 282, 283, 284, 285, 286, 287, 288, 289, 290, 291, 292, 293, 294, 295, 296, 297, 298, 299, 300, 301, 302, 303, 304, 305, 306, 307, 308, 309, 310, 311, 312, 313, 314, 315, 316, 317, 318, 319, 320, 321, 322, 323, 324, 325, 326, 327, 328, 329, 330, 331, 332, 333, 334, 335, 336, 337, 574, 575, 576, 577, 578, 579, 580, 581, 582, 583, 584, 585, 586, 587, 588, 589, 590, 591, 592, 593, 594, 595, 596, 597, 598, 599, 600, 601, 602, 603, 604, 605, 606, 607, 608, 609, 610, 611, 612, 613, 614, 615, 616, 617, 618, 619, 620, 621, 622, 623, 624, 625, 626, 627, 628, 629, 630, 631, 632, 633, 634, 635, 636, 637, 638, 639, 640, 641, 642, 643, 644, 645, 646, 647, 648, 649, 650, 651, 652, 653, 654, 655, 656, 657, 658, 659, 660, 661, 662, 663, 664, 665, 666, 667, 668, 669, 670, 671, 672, 673, 674, 675, 676, 677, 678, 679, 680, 681, 682, 683, 684, 685, 686, 687, 688, 689, 690, 691, 692, 693, 694, 695, 696, 697, 698, 699, 700, 701, 702, 703, 704, 705, 706, 707, 708, 709, 710, 711, 712, 713, 714, 715, 716, 717, 718, 719, 720, 721, 722, 723, 724, 725, 726, 727, 728, 729, 730, 731, 732, 733, 734, 735, 736, 737, 738, 739, 740, 741, 742, 743, 744, 745, 746, 747, 748, 749, 750, 751, 752, 753, 754, 755, 756, 757, 758, 759, 760, 761, 762, 763, 764, 765, 766, 767, 768, 769, 770, 771, 772, 773, 774, 775, 776, 777, 778, 779, 780, 781, 782, 783, 784, 785, 786, 787, 788, 789, 790, 791, 792, 793]","[15, 91, 103, 104, 106, 107, 110, 113, 117, 118, 120, 123, 127, 128, 129, 131, 132, 133, 135, 136, 137, 139, 146, 147, 148, 149, 151, 158, 160, 162, 166, 173, 178, 179, 185, 190, 192, 193, 198, 201, 203, 204, 206, 207, 212, 213, 214, 216, 218, 219, 223, 224, 225, 227, 230, 235, 237, 246, 247, 252, 256, 259, 262, 263, 266, 268, 269, 271, 272, 274, 275, 278, 279, 281, 284, 285, 286, 288, 290, 292, 293, 302, 304, 312, 316, 319, 320, 323, 324, 325, 326, 332, 500, 562, 574, 575, 578, 580, 583, 588, 591, 594, 603, 607, 608, 610, 618, 619, 620, 622, 632, 644, 649, 650, 656, 661, 663, 664, 669, 674, 677, 683, 684, 686, 687, 688, 689, 701, 710, 715, 723, 730, 731, 733, 734, 738, 740, 745, 747, 751, 752, 760, 762, 774, 778, 783, 784, 789]","[12, 24, 25, 28, 88, 100, 104, 119, 123, 129, 136, 137, 139, 140, 141, 148, 155, 169, 172, 179, 183, 185, 188, 196, 198, 217, 237, 267, 270, 278, 319, 321, 324, 325, 330, 334, 335, 354, 366, 369, 380, 383, 384, 386, 395, 407, 411, 423, 428, 436, 437, 452, 453, 456, 467, 471, 477, 478, 479, 497, 508, 511, 559, 571, 575, 590, 594, 600, 607, 608, 610, 611, 612, 619, 627, 640, 643, 650, 654, 656, 659, 667, 669, 685, 701, 726, 729, 737, 777, 779, 782, 783, 787, 790, 791, 809, 817, 819, 830, 833, 834, 836, 845, 856, 857, 860, 862, 875, 880, 887, 888, 899, 900, 914, 918, 921, 928, 929, 930]","[12, 24, 25, 28, 88, 100, 104, 119, 123, 129, 136, 137, 139, 140, 141, 148, 155, 169, 172, 179, 183, 185, 188, 196, 198, 217, 237, 267, 270, 278, 319, 321, 324, 325, 330, 334, 335, 354, 366, 369, 380, 383, 384, 386, 395, 407, 411, 423, 428, 436, 437, 452, 453, 456, 467, 471, 477, 478, 479, 497, 508, 511, 559, 571, 575, 590, 594, 600, 607, 608, 610, 611, 612, 619, 627, 640, 643, 650, 654, 656, 659, 667, 669, 685, 701, 726, 729, 737, 777, 779, 782, 783, 787, 790, 791, 809, 817, 819, 830, 833, 834, 836, 845, 856, 857, 860, 862, 875, 880, 887, 888, 899, 900, 914, 918, 921, 928, 929, 930]","[12, 15, 24, 25, 28, 88, 91, 100, 103, 104, 105, 106, 107, 108, 109, 110, 111, 112, 113, 114, 115, 116, 117, 118, 119, 120, 121, 122, 123, 124, 125, 126, 127, 128, 129, 130, 131, 132, 133, 134, 135, 136, 137, 138, 139, 140, 141, 142, 143, 144, 145, 146, 147, 148, 149, 150, 151, 152, 153, 154, 155, 156, 157, 158, 159, 160, 161, 162, 163, 164, 165, 166, 167, 168, 169, 170, 171, 172, 173, 174, 175, 176, 177, 178, 179, 180, 181, 182, 183, 184, 185, 186, 187, 188, 189, 190, 191, 192, 193, 194, 195, 196, 197, 198, 199, 200, 201, 202, 203, 204, 205, 206, 207, 208, 209, 210, 211, 212, 213, 214, 215, 216, 217, 218, 219, 220, 221, 222, 223, 224, 225, 226, 227, 228, 229, 230, 231, 232, 233, 234, 235, 236, 237, 238, 239, 240, 241, 242, 243, 244, 245, 246, 247, 248, 249, 250, 251, 252, 253, 254, 255, 256, 257, 258, 259, 260, 261, 262, 263, 264, 265, 266, 267, 268, 269, 270, 271, 272, 273, 274, 275, 276, 277, 278, 279, 280, 281, 282, 283, 284, 285, 286, 287, 288, 289, 290, 291, 292, 293, 294, 295, 296, 297, 298, 299, 300, 301, 302, 303, 304, 305, 306, 307, 308, 309, 310, 311, 312, 313, 314, 315, 316, 317, 318, 319, 320, 321, 322, 323, 324, 325, 326, 327, 328, 329, 330, 331, 332, 333, 334, 335, 336, 337, 354, 366, 369, 380, 383, 384, 386, 395, 407, 411, 423, 428, 436, 437, 452, 453, 456, 467, 471, 477, 478, 479, 497, 500, 508, 511, 559, 562, 571, 574, 575, 576, 577, 578, 579, 580, 581, 582, 583, 584, 585, 586, 587, 588, 589, 590, 591, 592, 593, 594, 595, 596, 597, 598, 599, 600, 601, 602, 603, 604, 605, 606, 607, 608, 609, 610, 611, 612, 613, 614, 615, 616, 617, 618, 619, 620, 621, 622, 623, 624, 625, 626, 627, 628, 629, 630, 631, 632, 633, 634, 635, 636, 637, 638, 639, 640, 641, 642, 643, 644, 645, 646, 647, 648, 649, 650, 651, 652, 653, 654, 655, 656, 657, 658, 659, 660, 661, 662, 663, 664, 665, 666, 667, 668, 669, 670, 671, 672, 673, 674, 675, 676, 677, 678, 679, 680, 681, 682, 683, 684, 685, 686, 687, 688, 689, 690, 691, 692, 693, 694, 695, 696, 697, 698, 699, 700, 701, 702, 703, 704, 705, 706, 707, 708, 709, 710, 711, 712, 713, 714, 715, 716, 717, 718, 719, 720, 721, 722, 723, 724, 725, 726, 727, 728, 729, 730, 731, 732, 733, 734, 735, 736, 737, 738, 739, 740, 741, 742, 743, 744, 745, 746, 747, 748, 749, 750, 751, 752, 753, 754, 755, 756, 757, 758, 759, 760, 761, 762, 763, 764, 765, 766, 767, 768, 769, 770, 771, 772, 773, 774, 775, 776, 777, 778, 779, 780, 781, 782, 783, 784, 785, 786, 787, 788, 789, 790, 791, 792, 793, 809, 817, 819, 830, 833, 834, 836, 845, 856, 857, 860, 862, 875, 880, 887, 888, 899, 900, 914, 918, 921, 928, 929, 930]",False,[],"[103, 104, 105, 106, 107, 108, 109, 110, 111, 112, 113, 114, 115, 116, 117, 118, 119, 120, 121, 122, 123, 124, 125, 126, 127, 128, 129, 130, 131, 132, 133, 134, 135, 136, 137, 138, 139, 140, 141, 142, 143, 144, 145, 146, 147, 148, 149, 150, 151, 152, 153, 154, 155, 156, 157, 158, 159, 160, 161, 162, 163, 164, 165, 166, 167, 168, 169, 170, 171, 172, 173, 174, 175, 176, 177, 178, 179, 180, 181, 182, 183, 184, 185, 186, 187, 188, 189, 190, 191, 192, 193, 194, 195, 196, 197, 198, 199, 200, 201, 202, 203, 204, 205, 206, 207, 208, 209, 210, 211, 212, 213, 214, 215, 216, 217, 218, 219, 220, 221, 222, 223, 224, 225, 226, 227, 228, 229, 230, 231, 232, 233, 234, 235, 236, 237, 238, 239, 240, 241, 242, 243, 244, 245, 246, 247, 248, 249, 250, 251, 252, 253, 254, 255, 256, 257, 258, 259, 260, 261, 262, 263, 264, 265, 266, 267, 268, 269, 270, 271, 272, 273, 274, 275, 276, 277, 278, 279, 280, 281, 282, 283, 284, 285, 286, 287, 288, 289, 290, 291, 292, 293, 294, 295, 296, 297, 298, 299, 300, 301, 302, 303, 304, 305, 306, 307, 308, 309, 310, 311, 312, 313, 314, 315, 316, 317, 318, 319, 320, 321, 322, 323, 324, 325, 326, 327, 328, 329, 330, 331, 332, 333, 334, 335, 336, 337, 574, 575, 576, 577, 578, 579, 580, 581, 582, 583, 584, 585, 586, 587, 588, 589, 590, 591, 592, 593, 594, 595, 596, 597, 598, 599, 600, 601, 602, 603, 604, 605, 606, 607, 608, 609, 610, 611, 612, 613, 614, 615, 616, 617, 618, 619, 620, 621, 622, 623, 624, 625, 626, 627, 628, 629, 630, 631, 632, 633, 634, 635, 636, 637, 638, 639, 640, 641, 642, 643, 644, 645, 646, 647, 648, 649, 650, 651, 652, 653, 654, 655, 656, 657, 658, 659, 660, 661, 662, 663, 664, 665, 666, 667, 668, 669, 670, 671, 672, 673, 674, 675, 676, 677, 678, 679, 680, 681, 682, 683, 684, 685, 686, 687, 688, 689, 690, 691, 692, 693, 694, 695, 696, 697, 698, 699, 700, 701, 702, 703, 704, 705, 706, 707, 708, 709, 710, 711, 712, 713, 714, 715, 716, 717, 718, 719, 720, 721, 722, 723, 724, 725, 726, 727, 728, 729, 730, 731, 732, 733, 734, 735, 736, 737, 738, 739, 740, 741, 742, 743, 744, 745, 746, 747, 748, 749, 750, 751, 752, 753, 754, 755, 756, 757, 758, 759, 760, 761, 762, 763, 764, 765, 766, 767, 768, 769, 770, 771, 772, 773, 774, 775, 776, 777, 778, 779, 780, 781, 782, 783, 784, 785, 786, 787, 788, 789, 790, 791, 792, 793]",[],[],"[15, 91, 103, 104, 106, 107, 110, 113, 117, 118, 120, 123, 127, 128, 129, 131, 132, 133, 135, 136, 137, 139, 146, 147, 148, 149, 151, 158, 160, 162, 166, 173, 178, 179, 185, 190, 192, 193, 198, 201, 203, 204, 206, 207, 212, 213, 214, 216, 218, 219, 223, 224, 225, 227, 230, 235, 237, 246, 247, 252, 256, 259, 262, 263, 266, 268, 269, 271, 272, 274, 275, 278, 279, 281, 284, 285, 286, 288, 290, 292, 293, 302, 304, 312, 316, 319, 320, 323, 324, 325, 326, 332, 500, 562, 574, 575, 578, 580, 583, 588, 591, 594, 603, 607, 608, 610, 618, 619, 620, 622, 632, 644, 649, 650, 656, 661, 663, 664, 669, 674, 677, 683, 684, 686, 687, 688, 689, 701, 710, 715, 723, 730, 731, 733, 734, 738, 740, 745, 747, 751, 752, 760, 762, 774, 778, 783, 784, 789]","[12, 24, 25, 28, 88, 100, 104, 119, 123, 129, 136, 137, 139, 140, 141, 148, 155, 169, 172, 179, 183, 185, 188, 196, 198, 217, 237, 267, 270, 278, 319, 321, 324, 325, 330, 334, 335, 354, 366, 369, 380, 383, 384, 386, 395, 407, 411, 423, 428, 436, 437, 452, 453, 456, 467, 471, 477, 478, 479, 497, 508, 511, 559, 571, 575, 590, 594, 600, 607, 608, 610, 611, 612, 619, 627, 640, 643, 650, 654, 656, 659, 667, 669, 685, 701, 726, 729, 737, 777, 779, 782, 783, 787, 790, 791, 809, 817, 819, 830, 833, 834, 836, 845, 856, 857, 860, 862, 875, 880, 887, 888, 899, 900, 914, 918, 921, 928, 929, 930]","[12, 24, 25, 28, 88, 100, 104, 119, 123, 129, 136, 137, 139, 140, 141, 148, 155, 169, 172, 179, 183, 185, 188, 196, 198, 217, 237, 267, 270, 278, 319, 321, 324, 325, 330, 334, 335, 354, 366, 369, 380, 383, 384, 386, 395, 407, 411, 423, 428, 436, 437, 452, 453, 456, 467, 471, 477, 478, 479, 497, 508, 511, 559, 571, 575, 590, 594, 600, 607, 608, 610, 611, 612, 619, 627, 640, 643, 650, 654, 656, 659, 667, 669, 685, 701, 726, 729, 737, 777, 779, 782, 783, 787, 790, 791, 809, 817, 819, 830, 833, 834, 836, 845, 856, 857, 860, 862, 875, 880, 887, 888, 899, 900, 914, 918, 921, 928, 929, 930]",7/6 successful match,False,,False,814,False,,,,,
"B Fortuna , 95540 Hansen Truck Stop",707-725-1744 US 101 & CA 36 ( Sandy Prairie Rd ),HRS M 00 D,Fortuna,95540,Hansen Truck Stop,707-725-1744,2007,Fortuna,CA,,( Sandy Prairie Rd ),US 101 & CA 36,empty,,False,,False,US 101,CA 36,,,,[],[],[],[],"[103, 104, 105, 106, 107, 108, 109, 110, 111, 112, 113, 114, 115, 116, 117, 118, 119, 120, 121, 122, 123, 124, 125, 126, 127, 128, 129, 130, 131, 132, 133, 134, 135, 136, 137, 138, 139, 140, 141, 142, 143, 144, 145, 146, 147, 148, 149, 150, 151, 152, 153, 154, 155, 156, 157, 158, 159, 160, 161, 162, 163, 164, 165, 166, 167, 168, 169, 170, 171, 172, 173, 174, 175, 176, 177, 178, 179, 180, 181, 182, 183, 184, 185, 186, 187, 188, 189, 190, 191, 192, 193, 194, 195, 196, 197, 198, 199, 200, 201, 202, 203, 204, 205, 206, 207, 208, 209, 210, 211, 212, 213, 214, 215, 216, 217, 218, 219, 220, 221, 222, 223, 224, 225, 226, 227, 228, 229, 230, 231, 232, 233, 234, 235, 236, 237, 238, 239, 240, 241, 242, 243, 244, 245, 246, 247, 248, 249, 250, 251, 252, 253, 254, 255, 256, 257, 258, 259, 260, 261, 262, 263, 264, 265, 266, 267, 268, 269, 270, 271, 272, 273, 274, 275, 276, 277, 278, 279, 280, 281, 282, 283, 284, 285, 286, 287, 288, 289, 290, 291, 292, 293, 294, 295, 296, 297, 298, 299, 300, 301, 302, 303, 304, 305, 306, 307, 308, 309, 310, 311, 312, 313, 314, 315, 316, 317, 318, 319, 320, 321, 322, 323, 324, 325, 326, 327, 328, 329, 330, 331, 332, 333, 334, 335, 336, 337, 574, 575, 576, 577, 578, 579, 580, 581, 582, 583, 584, 585, 586, 587, 588, 589, 590, 591, 592, 593, 594, 595, 596, 597, 598, 599, 600, 601, 602, 603, 604, 605, 606, 607, 608, 609, 610, 611, 612, 613, 614, 615, 616, 617, 618, 619, 620, 621, 622, 623, 624, 625, 626, 627, 628, 629, 630, 631, 632, 633, 634, 635, 636, 637, 638, 639, 640, 641, 642, 643, 644, 645, 646, 647, 648, 649, 650, 651, 652, 653, 654, 655, 656, 657, 658, 659, 660, 661, 662, 663, 664, 665, 666, 667, 668, 669, 670, 671, 672, 673, 674, 675, 676, 677, 678, 679, 680, 681, 682, 683, 684, 685, 686, 687, 688, 689, 690, 691, 692, 693, 694, 695, 696, 697, 698, 699, 700, 701, 702, 703, 704, 705, 706, 707, 708, 709, 710, 711, 712, 713, 714, 715, 716, 717, 718, 719, 720, 721, 722, 723, 724, 725, 726, 727, 728, 729, 730, 731, 732, 733, 734, 735, 736, 737, 738, 739, 740, 741, 742, 743, 744, 745, 746, 747, 748, 749, 750, 751, 752, 753, 754, 755, 756, 757, 758, 759, 760, 761, 762, 763, 764, 765, 766, 767, 768, 769, 770, 771, 772, 773, 774, 775, 776, 777, 778, 779, 780, 781, 782, 783, 784, 785, 786, 787, 788, 789, 790, 791, 792, 793]","[15, 91, 103, 104, 106, 107, 110, 113, 117, 118, 120, 123, 127, 128, 129, 131, 132, 133, 135, 136, 137, 139, 146, 147, 148, 149, 151, 158, 160, 162, 166, 173, 178, 179, 185, 190, 192, 193, 198, 201, 203, 204, 206, 207, 212, 213, 214, 216, 218, 219, 223, 224, 225, 227, 230, 235, 237, 246, 247, 252, 256, 259, 262, 263, 266, 268, 269, 271, 272, 274, 275, 278, 279, 281, 284, 285, 286, 288, 290, 292, 293, 302, 304, 312, 316, 319, 320, 323, 324, 325, 326, 332, 500, 562, 574, 575, 578, 580, 583, 588, 591, 594, 603, 607, 608, 610, 618, 619, 620, 622, 632, 644, 649, 650, 656, 661, 663, 664, 669, 674, 677, 683, 684, 686, 687, 688, 689, 701, 710, 715, 723, 730, 731, 733, 734, 738, 740, 745, 747, 751, 752, 760, 762, 774, 778, 783, 784, 789]",[],[],"[15, 91, 103, 104, 105, 106, 107, 108, 109, 110, 111, 112, 113, 114, 115, 116, 117, 118, 119, 120, 121, 122, 123, 124, 125, 126, 127, 128, 129, 130, 131, 132, 133, 134, 135, 136, 137, 138, 139, 140, 141, 142, 143, 144, 145, 146, 147, 148, 149, 150, 151, 152, 153, 154, 155, 156, 157, 158, 159, 160, 161, 162, 163, 164, 165, 166, 167, 168, 169, 170, 171, 172, 173, 174, 175, 176, 177, 178, 179, 180, 181, 182, 183, 184, 185, 186, 187, 188, 189, 190, 191, 192, 193, 194, 195, 196, 197, 198, 199, 200, 201, 202, 203, 204, 205, 206, 207, 208, 209, 210, 211, 212, 213, 214, 215, 216, 217, 218, 219, 220, 221, 222, 223, 224, 225, 226, 227, 228, 229, 230, 231, 232, 233, 234, 235, 236, 237, 238, 239, 240, 241, 242, 243, 244, 245, 246, 247, 248, 249, 250, 251, 252, 253, 254, 255, 256, 257, 258, 259, 260, 261, 262, 263, 264, 265, 266, 267, 268, 269, 270, 271, 272, 273, 274, 275, 276, 277, 278, 279, 280, 281, 282, 283, 284, 285, 286, 287, 288, 289, 290, 291, 292, 293, 294, 295, 296, 297, 298, 299, 300, 301, 302, 303, 304, 305, 306, 307, 308, 309, 310, 311, 312, 313, 314, 315, 316, 317, 318, 319, 320, 321, 322, 323, 324, 325, 326, 327, 328, 329, 330, 331, 332, 333, 334, 335, 336, 337, 500, 562, 574, 575, 576, 577, 578, 579, 580, 581, 582, 583, 584, 585, 586, 587, 588, 589, 590, 591, 592, 593, 594, 595, 596, 597, 598, 599, 600, 601, 602, 603, 604, 605, 606, 607, 608, 609, 610, 611, 612, 613, 614, 615, 616, 617, 618, 619, 620, 621, 622, 623, 624, 625, 626, 627, 628, 629, 630, 631, 632, 633, 634, 635, 636, 637, 638, 639, 640, 641, 642, 643, 644, 645, 646, 647, 648, 649, 650, 651, 652, 653, 654, 655, 656, 657, 658, 659, 660, 661, 662, 663, 664, 665, 666, 667, 668, 669, 670, 671, 672, 673, 674, 675, 676, 677, 678, 679, 680, 681, 682, 683, 684, 685, 686, 687, 688, 689, 690, 691, 692, 693, 694, 695, 696, 697, 698, 699, 700, 701, 702, 703, 704, 705, 706, 707, 708, 709, 710, 711, 712, 713, 714, 715, 716, 717, 718, 719, 720, 721, 722, 723, 724, 725, 726, 727, 728, 729, 730, 731, 732, 733, 734, 735, 736, 737, 738, 739, 740, 741, 742, 743, 744, 745, 746, 747, 748, 749, 750, 751, 752, 753, 754, 755, 756, 757, 758, 759, 760, 761, 762, 763, 764, 765, 766, 767, 768, 769, 770, 771, 772, 773, 774, 775, 776, 777, 778, 779, 780, 781, 782, 783, 784, 785, 786, 787, 788, 789, 790, 791, 792, 793]",False,[],"[103, 104, 105, 106, 107, 108, 109, 110, 111, 112, 113, 114, 115, 116, 117, 118, 119, 120, 121, 122, 123, 124, 125, 126, 127, 128, 129, 130, 131, 132, 133, 134, 135, 136, 137, 138, 139, 140, 141, 142, 143, 144, 145, 146, 147, 148, 149, 150, 151, 152, 153, 154, 155, 156, 157, 158, 159, 160, 161, 162, 163, 164, 165, 166, 167, 168, 169, 170, 171, 172, 173, 174, 175, 176, 177, 178, 179, 180, 181, 182, 183, 184, 185, 186, 187, 188, 189, 190, 191, 192, 193, 194, 195, 196, 197, 198, 199, 200, 201, 202, 203, 204, 205, 206, 207, 208, 209, 210, 211, 212, 213, 214, 215, 216, 217, 218, 219, 220, 221, 222, 223, 224, 225, 226, 227, 228, 229, 230, 231, 232, 233, 234, 235, 236, 237, 238, 239, 240, 241, 242, 243, 244, 245, 246, 247, 248, 249, 250, 251, 252, 253, 254, 255, 256, 257, 258, 259, 260, 261, 262, 263, 264, 265, 266, 267, 268, 269, 270, 271, 272, 273, 274, 275, 276, 277, 278, 279, 280, 281, 282, 283, 284, 285, 286, 287, 288, 289, 290, 291, 292, 293, 294, 295, 296, 297, 298, 299, 300, 301, 302, 303, 304, 305, 306, 307, 308, 309, 310, 311, 312, 313, 314, 315, 316, 317, 318, 319, 320, 321, 322, 323, 324, 325, 326, 327, 328, 329, 330, 331, 332, 333, 334, 335, 336, 337, 574, 575, 576, 577, 578, 579, 580, 581, 582, 583, 584, 585, 586, 587, 588, 589, 590, 591, 592, 593, 594, 595, 596, 597, 598, 599, 600, 601, 602, 603, 604, 605, 606, 607, 608, 609, 610, 611, 612, 613, 614, 615, 616, 617, 618, 619, 620, 621, 622, 623, 624, 625, 626, 627, 628, 629, 630, 631, 632, 633, 634, 635, 636, 637, 638, 639, 640, 641, 642, 643, 644, 645, 646, 647, 648, 649, 650, 651, 652, 653, 654, 655, 656, 657, 658, 659, 660, 661, 662, 663, 664, 665, 666, 667, 668, 669, 670, 671, 672, 673, 674, 675, 676, 677, 678, 679, 680, 681, 682, 683, 684, 685, 686, 687, 688, 689, 690, 691, 692, 693, 694, 695, 696, 697, 698, 699, 700, 701, 702, 703, 704, 705, 706, 707, 708, 709, 710, 711, 712, 713, 714, 715, 716, 717, 718, 719, 720, 721, 722, 723, 724, 725, 726, 727, 728, 729, 730, 731, 732, 733, 734, 735, 736, 737, 738, 739, 740, 741, 742, 743, 744, 745, 746, 747, 748, 749, 750, 751, 752, 753, 754, 755, 756, 757, 758, 759, 760, 761, 762, 763, 764, 765, 766, 767, 768, 769, 770, 771, 772, 773, 774, 775, 776, 777, 778, 779, 780, 781, 782, 783, 784, 785, 786, 787, 788, 789, 790, 791, 792, 793]",[],[],"[15, 91, 103, 104, 106, 107, 110, 113, 117, 118, 120, 123, 127, 128, 129, 131, 132, 133, 135, 136, 137, 139, 146, 147, 148, 149, 151, 158, 160, 162, 166, 173, 178, 179, 185, 190, 192, 193, 198, 201, 203, 204, 206, 207, 212, 213, 214, 216, 218, 219, 223, 224, 225, 227, 230, 235, 237, 246, 247, 252, 256, 259, 262, 263, 266, 268, 269, 271, 272, 274, 275, 278, 279, 281, 284, 285, 286, 288, 290, 292, 293, 302, 304, 312, 316, 319, 320, 323, 324, 325, 326, 332, 500, 562, 574, 575, 578, 580, 583, 588, 591, 594, 603, 607, 608, 610, 618, 619, 620, 622, 632, 644, 649, 650, 656, 661, 663, 664, 669, 674, 677, 683, 684, 686, 687, 688, 689, 701, 710, 715, 723, 730, 731, 733, 734, 738, 740, 745, 747, 751, 752, 760, 762, 774, 778, 783, 784, 789]",[],[],7/6 successful match,False,,False,814,False,,0.8125,True,Hansen Truck Stop ( Chevron ) ),Chevron
"B Fortuna , 95540 Hansen Truck Stop",1 707-725-1744 US 101 & CA 36 ( Sandy Prairie Rd ),M <U+2610>,Fortuna,95540,Hansen Truck Stop,707-725-1744,2008,Fortuna,CA,,( Sandy Prairie Rd ),US 101 & CA 36,empty,,False,,False,US 101,CA 36,,,,[],[],[],[],"[103, 104, 105, 106, 107, 108, 109, 110, 111, 112, 113, 114, 115, 116, 117, 118, 119, 120, 121, 122, 123, 124, 125, 126, 127, 128, 129, 130, 131, 132, 133, 134, 135, 136, 137, 138, 139, 140, 141, 142, 143, 144, 145, 146, 147, 148, 149, 150, 151, 152, 153, 154, 155, 156, 157, 158, 159, 160, 161, 162, 163, 164, 165, 166, 167, 168, 169, 170, 171, 172, 173, 174, 175, 176, 177, 178, 179, 180, 181, 182, 183, 184, 185, 186, 187, 188, 189, 190, 191, 192, 193, 194, 195, 196, 197, 198, 199, 200, 201, 202, 203, 204, 205, 206, 207, 208, 209, 210, 211, 212, 213, 214, 215, 216, 217, 218, 219, 220, 221, 222, 223, 224, 225, 226, 227, 228, 229, 230, 231, 232, 233, 234, 235, 236, 237, 238, 239, 240, 241, 242, 243, 244, 245, 246, 247, 248, 249, 250, 251, 252, 253, 254, 255, 256, 257, 258, 259, 260, 261, 262, 263, 264, 265, 266, 267, 268, 269, 270, 271, 272, 273, 274, 275, 276, 277, 278, 279, 280, 281, 282, 283, 284, 285, 286, 287, 288, 289, 290, 291, 292, 293, 294, 295, 296, 297, 298, 299, 300, 301, 302, 303, 304, 305, 306, 307, 308, 309, 310, 311, 312, 313, 314, 315, 316, 317, 318, 319, 320, 321, 322, 323, 324, 325, 326, 327, 328, 329, 330, 331, 332, 333, 334, 335, 336, 337, 574, 575, 576, 577, 578, 579, 580, 581, 582, 583, 584, 585, 586, 587, 588, 589, 590, 591, 592, 593, 594, 595, 596, 597, 598, 599, 600, 601, 602, 603, 604, 605, 606, 607, 608, 609, 610, 611, 612, 613, 614, 615, 616, 617, 618, 619, 620, 621, 622, 623, 624, 625, 626, 627, 628, 629, 630, 631, 632, 633, 634, 635, 636, 637, 638, 639, 640, 641, 642, 643, 644, 645, 646, 647, 648, 649, 650, 651, 652, 653, 654, 655, 656, 657, 658, 659, 660, 661, 662, 663, 664, 665, 666, 667, 668, 669, 670, 671, 672, 673, 674, 675, 676, 677, 678, 679, 680, 681, 682, 683, 684, 685, 686, 687, 688, 689, 690, 691, 692, 693, 694, 695, 696, 697, 698, 699, 700, 701, 702, 703, 704, 705, 706, 707, 708, 709, 710, 711, 712, 713, 714, 715, 716, 717, 718, 719, 720, 721, 722, 723, 724, 725, 726, 727, 728, 729, 730, 731, 732, 733, 734, 735, 736, 737, 738, 739, 740, 741, 742, 743, 744, 745, 746, 747, 748, 749, 750, 751, 752, 753, 754, 755, 756, 757, 758, 759, 760, 761, 762, 763, 764, 765, 766, 767, 768, 769, 770, 771, 772, 773, 774, 775, 776, 777, 778, 779, 780, 781, 782, 783, 784, 785, 786, 787, 788, 789, 790, 791, 792, 793]","[15, 91, 103, 104, 106, 107, 110, 113, 117, 118, 120, 123, 127, 128, 129, 131, 132, 133, 135, 136, 137, 139, 146, 147, 148, 149, 151, 158, 160, 162, 166, 173, 178, 179, 185, 190, 192, 193, 198, 201, 203, 204, 206, 207, 212, 213, 214, 216, 218, 219, 223, 224, 225, 227, 230, 235, 237, 246, 247, 252, 256, 259, 262, 263, 266, 268, 269, 271, 272, 274, 275, 278, 279, 281, 284, 285, 286, 288, 290, 292, 293, 302, 304, 312, 316, 319, 320, 323, 324, 325, 326, 332, 500, 562, 574, 575, 578, 580, 583, 588, 591, 594, 603, 607, 608, 610, 618, 619, 620, 622, 632, 644, 649, 650, 656, 661, 663, 664, 669, 674, 677, 683, 684, 686, 687, 688, 689, 701, 710, 715, 723, 730, 731, 733, 734, 738, 740, 745, 747, 751, 752, 760, 762, 774, 778, 783, 784, 789]",[],[],"[15, 91, 103, 104, 105, 106, 107, 108, 109, 110, 111, 112, 113, 114, 115, 116, 117, 118, 119, 120, 121, 122, 123, 124, 125, 126, 127, 128, 129, 130, 131, 132, 133, 134, 135, 136, 137, 138, 139, 140, 141, 142, 143, 144, 145, 146, 147, 148, 149, 150, 151, 152, 153, 154, 155, 156, 157, 158, 159, 160, 161, 162, 163, 164, 165, 166, 167, 168, 169, 170, 171, 172, 173, 174, 175, 176, 177, 178, 179, 180, 181, 182, 183, 184, 185, 186, 187, 188, 189, 190, 191, 192, 193, 194, 195, 196, 197, 198, 199, 200, 201, 202, 203, 204, 205, 206, 207, 208, 209, 210, 211, 212, 213, 214, 215, 216, 217, 218, 219, 220, 221, 222, 223, 224, 225, 226, 227, 228, 229, 230, 231, 232, 233, 234, 235, 236, 237, 238, 239, 240, 241, 242, 243, 244, 245, 246, 247, 248, 249, 250, 251, 252, 253, 254, 255, 256, 257, 258, 259, 260, 261, 262, 263, 264, 265, 266, 267, 268, 269, 270, 271, 272, 273, 274, 275, 276, 277, 278, 279, 280, 281, 282, 283, 284, 285, 286, 287, 288, 289, 290, 291, 292, 293, 294, 295, 296, 297, 298, 299, 300, 301, 302, 303, 304, 305, 306, 307, 308, 309, 310, 311, 312, 313, 314, 315, 316, 317, 318, 319, 320, 321, 322, 323, 324, 325, 326, 327, 328, 329, 330, 331, 332, 333, 334, 335, 336, 337, 500, 562, 574, 575, 576, 577, 578, 579, 580, 581, 582, 583, 584, 585, 586, 587, 588, 589, 590, 591, 592, 593, 594, 595, 596, 597, 598, 599, 600, 601, 602, 603, 604, 605, 606, 607, 608, 609, 610, 611, 612, 613, 614, 615, 616, 617, 618, 619, 620, 621, 622, 623, 624, 625, 626, 627, 628, 629, 630, 631, 632, 633, 634, 635, 636, 637, 638, 639, 640, 641, 642, 643, 644, 645, 646, 647, 648, 649, 650, 651, 652, 653, 654, 655, 656, 657, 658, 659, 660, 661, 662, 663, 664, 665, 666, 667, 668, 669, 670, 671, 672, 673, 674, 675, 676, 677, 678, 679, 680, 681, 682, 683, 684, 685, 686, 687, 688, 689, 690, 691, 692, 693, 694, 695, 696, 697, 698, 699, 700, 701, 702, 703, 704, 705, 706, 707, 708, 709, 710, 711, 712, 713, 714, 715, 716, 717, 718, 719, 720, 721, 722, 723, 724, 725, 726, 727, 728, 729, 730, 731, 732, 733, 734, 735, 736, 737, 738, 739, 740, 741, 742, 743, 744, 745, 746, 747, 748, 749, 750, 751, 752, 753, 754, 755, 756, 757, 758, 759, 760, 761, 762, 763, 764, 765, 766, 767, 768, 769, 770, 771, 772, 773, 774, 775, 776, 777, 778, 779, 780, 781, 782, 783, 784, 785, 786, 787, 788, 789, 790, 791, 792, 793]",False,[],"[103, 104, 105, 106, 107, 108, 109, 110, 111, 112, 113, 114, 115, 116, 117, 118, 119, 120, 121, 122, 123, 124, 125, 126, 127, 128, 129, 130, 131, 132, 133, 134, 135, 136, 137, 138, 139, 140, 141, 142, 143, 144, 145, 146, 147, 148, 149, 150, 151, 152, 153, 154, 155, 156, 157, 158, 159, 160, 161, 162, 163, 164, 165, 166, 167, 168, 169, 170, 171, 172, 173, 174, 175, 176, 177, 178, 179, 180, 181, 182, 183, 184, 185, 186, 187, 188, 189, 190, 191, 192, 193, 194, 195, 196, 197, 198, 199, 200, 201, 202, 203, 204, 205, 206, 207, 208, 209, 210, 211, 212, 213, 214, 215, 216, 217, 218, 219, 220, 221, 222, 223, 224, 225, 226, 227, 228, 229, 230, 231, 232, 233, 234, 235, 236, 237, 238, 239, 240, 241, 242, 243, 244, 245, 246, 247, 248, 249, 250, 251, 252, 253, 254, 255, 256, 257, 258, 259, 260, 261, 262, 263, 264, 265, 266, 267, 268, 269, 270, 271, 272, 273, 274, 275, 276, 277, 278, 279, 280, 281, 282, 283, 284, 285, 286, 287, 288, 289, 290, 291, 292, 293, 294, 295, 296, 297, 298, 299, 300, 301, 302, 303, 304, 305, 306, 307, 308, 309, 310, 311, 312, 313, 314, 315, 316, 317, 318, 319, 320, 321, 322, 323, 324, 325, 326, 327, 328, 329, 330, 331, 332, 333, 334, 335, 336, 337, 574, 575, 576, 577, 578, 579, 580, 581, 582, 583, 584, 585, 586, 587, 588, 589, 590, 591, 592, 593, 594, 595, 596, 597, 598, 599, 600, 601, 602, 603, 604, 605, 606, 607, 608, 609, 610, 611, 612, 613, 614, 615, 616, 617, 618, 619, 620, 621, 622, 623, 624, 625, 626, 627, 628, 629, 630, 631, 632, 633, 634, 635, 636, 637, 638, 639, 640, 641, 642, 643, 644, 645, 646, 647, 648, 649, 650, 651, 652, 653, 654, 655, 656, 657, 658, 659, 660, 661, 662, 663, 664, 665, 666, 667, 668, 669, 670, 671, 672, 673, 674, 675, 676, 677, 678, 679, 680, 681, 682, 683, 684, 685, 686, 687, 688, 689, 690, 691, 692, 693, 694, 695, 696, 697, 698, 699, 700, 701, 702, 703, 704, 705, 706, 707, 708, 709, 710, 711, 712, 713, 714, 715, 716, 717, 718, 719, 720, 721, 722, 723, 724, 725, 726, 727, 728, 729, 730, 731, 732, 733, 734, 735, 736, 737, 738, 739, 740, 741, 742, 743, 744, 745, 746, 747, 748, 749, 750, 751, 752, 753, 754, 755, 756, 757, 758, 759, 760, 761, 762, 763, 764, 765, 766, 767, 768, 769, 770, 771, 772, 773, 774, 775, 776, 777, 778, 779, 780, 781, 782, 783, 784, 785, 786, 787, 788, 789, 790, 791, 792, 793]",[],[],"[15, 91, 103, 104, 106, 107, 110, 113, 117, 118, 120, 123, 127, 128, 129, 131, 132, 133, 135, 136, 137, 139, 146, 147, 148, 149, 151, 158, 160, 162, 166, 173, 178, 179, 185, 190, 192, 193, 198, 201, 203, 204, 206, 207, 212, 213, 214, 216, 218, 219, 223, 224, 225, 227, 230, 235, 237, 246, 247, 252, 256, 259, 262, 263, 266, 268, 269, 271, 272, 274, 275, 278, 279, 281, 284, 285, 286, 288, 290, 292, 293, 302, 304, 312, 316, 319, 320, 323, 324, 325, 326, 332, 500, 562, 574, 575, 578, 580, 583, 588, 591, 594, 603, 607, 608, 610, 618, 619, 620, 622, 632, 644, 649, 650, 656, 661, 663, 664, 669, 674, 677, 683, 684, 686, 687, 688, 689, 701, 710, 715, 723, 730, 731, 733, 734, 738, 740, 745, 747, 751, 752, 760, 762, 774, 778, 783, 784, 789]",[],[],7/6 successful match,False,,False,814,False,,0.8999999999999999,True,Hansen Truck Stop,
D Dixon ( 95620 ) Ramos Oil Cardlock ( Shell / CFN ),2 707-678-1670 I-80 Exit 66 ( CA 113 S ),<U+2610> <U+2610> 0 <U+2610>,Dixon,95620,Ramos Oil Cardlock ( Shell / CFN ),707-678-1670,2014,Dixon,CA,Shell,( CA 113 S ),I-80 Exit 66 ,Exit,66,False,,False,I-80,,,,,"[264, 724]","[172, 264, 643, 724]","[172, 264, 643, 724]","[64, 197, 223, 264, 538, 668, 687, 724]","[103, 104, 105, 106, 107, 108, 109, 110, 111, 112, 113, 114, 115, 116, 117, 118, 119, 120, 121, 122, 123, 124, 125, 126, 127, 128, 129, 130, 131, 132, 133, 134, 135, 136, 137, 138, 139, 140, 141, 142, 143, 144, 145, 146, 147, 148, 149, 150, 151, 152, 153, 154, 155, 156, 157, 158, 159, 160, 161, 162, 163, 164, 165, 166, 167, 168, 169, 170, 171, 172, 173, 174, 175, 176, 177, 178, 179, 180, 181, 182, 183, 184, 185, 186, 187, 188, 189, 190, 191, 192, 193, 194, 195, 196, 197, 198, 199, 200, 201, 202, 203, 204, 205, 206, 207, 208, 209, 210, 211, 212, 213, 214, 215, 216, 217, 218, 219, 220, 221, 222, 223, 224, 225, 226, 227, 228, 229, 230, 231, 232, 233, 234, 235, 236, 237, 238, 239, 240, 241, 242, 243, 244, 245, 246, 247, 248, 249, 250, 251, 252, 253, 254, 255, 256, 257, 258, 259, 260, 261, 262, 263, 264, 265, 266, 267, 268, 269, 270, 271, 272, 273, 274, 275, 276, 277, 278, 279, 280, 281, 282, 283, 284, 285, 286, 287, 288, 289, 290, 291, 292, 293, 294, 295, 296, 297, 298, 299, 300, 301, 302, 303, 304, 305, 306, 307, 308, 309, 310, 311, 312, 313, 314, 315, 316, 317, 318, 319, 320, 321, 322, 323, 324, 325, 326, 327, 328, 329, 330, 331, 332, 333, 334, 335, 336, 337, 574, 575, 576, 577, 578, 579, 580, 581, 582, 583, 584, 585, 586, 587, 588, 589, 590, 591, 592, 593, 594, 595, 596, 597, 598, 599, 600, 601, 602, 603, 604, 605, 606, 607, 608, 609, 610, 611, 612, 613, 614, 615, 616, 617, 618, 619, 620, 621, 622, 623, 624, 625, 626, 627, 628, 629, 630, 631, 632, 633, 634, 635, 636, 637, 638, 639, 640, 641, 642, 643, 644, 645, 646, 647, 648, 649, 650, 651, 652, 653, 654, 655, 656, 657, 658, 659, 660, 661, 662, 663, 664, 665, 666, 667, 668, 669, 670, 671, 672, 673, 674, 675, 676, 677, 678, 679, 680, 681, 682, 683, 684, 685, 686, 687, 688, 689, 690, 691, 692, 693, 694, 695, 696, 697, 698, 699, 700, 701, 702, 703, 704, 705, 706, 707, 708, 709, 710, 711, 712, 713, 714, 715, 716, 717, 718, 719, 720, 721, 722, 723, 724, 725, 726, 727, 728, 729, 730, 731, 732, 733, 734, 735, 736, 737, 738, 739, 740, 741, 742, 743, 744, 745, 746, 747, 748, 749, 750, 751, 752, 753, 754, 755, 756, 757, 758, 759, 760, 761, 762, 763, 764, 765, 766, 767, 768, 769, 770, 771, 772, 773, 774, 775, 776, 777, 778, 779, 780, 781, 782, 783, 784, 785, 786, 787, 788, 789, 790, 791, 792, 793]","[89, 108, 172, 217, 221, 239, 264, 280, 321, 342, 343, 344, 345, 346, 349, 351, 352, 355, 357, 359, 364, 368, 371, 372, 373, 374, 376, 377, 387, 392, 393, 403, 409, 411, 414, 424, 430, 449, 454, 470, 480, 560, 584, 643, 685, 703, 724, 739, 779, 798, 799, 800, 801, 804, 806, 807, 810, 812, 814, 816, 821, 822, 823, 824, 826, 827, 837, 842, 843, 852, 859, 862, 865, 869, 876, 882, 897, 901, 917, 932]","[1, 13, 14, 29, 54, 55, 56, 57, 58, 60, 102, 118, 125, 127, 130, 134, 146, 149, 153, 175, 182, 187, 189, 191, 197, 225, 230, 238, 264, 265, 266, 286, 302, 317, 336, 379, 388, 389, 425, 454, 458, 463, 475, 487, 498, 499, 512, 530, 531, 532, 533, 534, 536, 573, 589, 596, 598, 601, 605, 617, 620, 624, 646, 653, 658, 660, 662, 668, 689, 694, 702, 724, 725, 745, 760, 775, 793, 829, 838, 839, 877, 901, 903, 905, 910, 923]","[1, 4, 13, 14, 29, 31, 54, 55, 56, 57, 58, 59, 60, 102, 118, 125, 127, 130, 134, 135, 142, 146, 147, 149, 153, 175, 180, 182, 187, 189, 191, 196, 197, 218, 225, 229, 230, 232, 238, 264, 265, 266, 269, 286, 299, 302, 317, 318, 320, 331, 336, 338, 352, 354, 367, 379, 382, 387, 388, 389, 403, 405, 408, 410, 425, 454, 455, 458, 463, 465, 466, 468, 470, 472, 473, 475, 483, 484, 487, 490, 498, 499, 512, 514, 530, 531, 532, 533, 534, 535, 536, 573, 589, 596, 598, 601, 605, 606, 613, 617, 618, 620, 624, 646, 651, 653, 658, 660, 662, 667, 668, 686, 689, 693, 694, 696, 702, 724, 725, 728, 745, 758, 760, 775, 776, 778, 788, 793, 794, 807, 809, 829, 832, 837, 838, 839, 852, 854, 858, 860, 861, 877, 901, 902, 903, 905, 910, 912, 913, 915, 917, 919, 920, 923, 931, 934, 935]","[1, 4, 13, 14, 29, 31, 54, 55, 56, 57, 58, 59, 60, 64, 89, 102, 103, 104, 105, 106, 107, 108, 109, 110, 111, 112, 113, 114, 115, 116, 117, 118, 119, 120, 121, 122, 123, 124, 125, 126, 127, 128, 129, 130, 131, 132, 133, 134, 135, 136, 137, 138, 139, 140, 141, 142, 143, 144, 145, 146, 147, 148, 149, 150, 151, 152, 153, 154, 155, 156, 157, 158, 159, 160, 161, 162, 163, 164, 165, 166, 167, 168, 169, 170, 171, 172, 173, 174, 175, 176, 177, 178, 179, 180, 181, 182, 183, 184, 185, 186, 187, 188, 189, 190, 191, 192, 193, 194, 195, 196, 197, 198, 199, 200, 201, 202, 203, 204, 205, 206, 207, 208, 209, 210, 211, 212, 213, 214, 215, 216, 217, 218, 219, 220, 221, 222, 223, 224, 225, 226, 227, 228, 229, 230, 231, 232, 233, 234, 235, 236, 237, 238, 239, 240, 241, 242, 243, 244, 245, 246, 247, 248, 249, 250, 251, 252, 253, 254, 255, 256, 257, 258, 259, 260, 261, 262, 263, 264, 265, 266, 267, 268, 269, 270, 271, 272, 273, 274, 275, 276, 277, 278, 279, 280, 281, 282, 283, 284, 285, 286, 287, 288, 289, 290, 291, 292, 293, 294, 295, 296, 297, 298, 299, 300, 301, 302, 303, 304, 305, 306, 307, 308, 309, 310, 311, 312, 313, 314, 315, 316, 317, 318, 319, 320, 321, 322, 323, 324, 325, 326, 327, 328, 329, 330, 331, 332, 333, 334, 335, 336, 337, 338, 342, 343, 344, 345, 346, 349, 351, 352, 354, 355, 357, 359, 364, 367, 368, 371, 372, 373, 374, 376, 377, 379, 382, 387, 388, 389, 392, 393, 403, 405, 408, 409, 410, 411, 414, 424, 425, 430, 449, 454, 455, 458, 463, 465, 466, 468, 470, 472, 473, 475, 480, 483, 484, 487, 490, 498, 499, 512, 514, 530, 531, 532, 533, 534, 535, 536, 538, 560, 573, 574, 575, 576, 577, 578, 579, 580, 581, 582, 583, 584, 585, 586, 587, 588, 589, 590, 591, 592, 593, 594, 595, 596, 597, 598, 599, 600, 601, 602, 603, 604, 605, 606, 607, 608, 609, 610, 611, 612, 613, 614, 615, 616, 617, 618, 619, 620, 621, 622, 623, 624, 625, 626, 627, 628, 629, 630, 631, 632, 633, 634, 635, 636, 637, 638, 639, 640, 641, 642, 643, 644, 645, 646, 647, 648, 649, 650, 651, 652, 653, 654, 655, 656, 657, 658, 659, 660, 661, 662, 663, 664, 665, 666, 667, 668, 669, 670, 671, 672, 673, 674, 675, 676, 677, 678, 679, 680, 681, 682, 683, 684, 685, 686, 687, 688, 689, 690, 691, 692, 693, 694, 695, 696, 697, 698, 699, 700, 701, 702, 703, 704, 705, 706, 707, 708, 709, 710, 711, 712, 713, 714, 715, 716, 717, 718, 719, 720, 721, 722, 723, 724, 725, 726, 727, 728, 729, 730, 731, 732, 733, 734, 735, 736, 737, 738, 739, 740, 741, 742, 743, 744, 745, 746, 747, 748, 749, 750, 751, 752, 753, 754, 755, 756, 757, 758, 759, 760, 761, 762, 763, 764, 765, 766, 767, 768, 769, 770, 771, 772, 773, 774, 775, 776, 777, 778, 779, 780, 781, 782, 783, 784, 785, 786, 787, 788, 789, 790, 791, 792, 793, 794, 798, 799, 800, 801, 804, 806, 807, 809, 810, 812, 814, 816, 821, 822, 823, 824, 826, 827, 829, 832, 837, 838, 839, 842, 843, 852, 854, 858, 859, 860, 861, 862, 865, 869, 876, 877, 882, 897, 901, 902, 903, 905, 910, 912, 913, 915, 917, 919, 920, 923, 931, 932, 934, 935]",True,"[172, 264, 643, 724]","[103, 104, 105, 106, 107, 108, 109, 110, 111, 112, 113, 114, 115, 116, 117, 118, 119, 120, 121, 122, 123, 124, 125, 126, 127, 128, 129, 130, 131, 132, 133, 134, 135, 136, 137, 138, 139, 140, 141, 142, 143, 144, 145, 146, 147, 148, 149, 150, 151, 152, 153, 154, 155, 156, 157, 158, 159, 160, 161, 162, 163, 164, 165, 166, 167, 168, 169, 170, 171, 172, 173, 174, 175, 176, 177, 178, 179, 180, 181, 182, 183, 184, 185, 186, 187, 188, 189, 190, 191, 192, 193, 194, 195, 196, 197, 198, 199, 200, 201, 202, 203, 204, 205, 206, 207, 208, 209, 210, 211, 212, 213, 214, 215, 216, 217, 218, 219, 220, 221, 222, 223, 224, 225, 226, 227, 228, 229, 230, 231, 232, 233, 234, 235, 236, 237, 238, 239, 240, 241, 242, 243, 244, 245, 246, 247, 248, 249, 250, 251, 252, 253, 254, 255, 256, 257, 258, 259, 260, 261, 262, 263, 264, 265, 266, 267, 268, 269, 270, 271, 272, 273, 274, 275, 276, 277, 278, 279, 280, 281, 282, 283, 284, 285, 286, 287, 288, 289, 290, 291, 292, 293, 294, 295, 296, 297, 298, 299, 300, 301, 302, 303, 304, 305, 306, 307, 308, 309, 310, 311, 312, 313, 314, 315, 316, 317, 318, 319, 320, 321, 322, 323, 324, 325, 326, 327, 328, 329, 330, 331, 332, 333, 334, 335, 336, 337, 574, 575, 576, 577, 578, 579, 580, 581, 582, 583, 584, 585, 586, 587, 588, 589, 590, 591, 592, 593, 594, 595, 596, 597, 598, 599, 600, 601, 602, 603, 604, 605, 606, 607, 608, 609, 610, 611, 612, 613, 614, 615, 616, 617, 618, 619, 620, 621, 622, 623, 624, 625, 626, 627, 628, 629, 630, 631, 632, 633, 634, 635, 636, 637, 638, 639, 640, 641, 642, 643, 644, 645, 646, 647, 648, 649, 650, 651, 652, 653, 654, 655, 656, 657, 658, 659, 660, 661, 662, 663, 664, 665, 666, 667, 668, 669, 670, 671, 672, 673, 674, 675, 676, 677, 678, 679, 680, 681, 682, 683, 684, 685, 686, 687, 688, 689, 690, 691, 692, 693, 694, 695, 696, 697, 698, 699, 700, 701, 702, 703, 704, 705, 706, 707, 708, 709, 710, 711, 712, 713, 714, 715, 716, 717, 718, 719, 720, 721, 722, 723, 724, 725, 726, 727, 728, 729, 730, 731, 732, 733, 734, 735, 736, 737, 738, 739, 740, 741, 742, 743, 744, 745, 746, 747, 748, 749, 750, 751, 752, 753, 754, 755, 756, 757, 758, 759, 760, 761, 762, 763, 764, 765, 766, 767, 768, 769, 770, 771, 772, 773, 774, 775, 776, 777, 778, 779, 780, 781, 782, 783, 784, 785, 786, 787, 788, 789, 790, 791, 792, 793]","[172, 264, 643, 724]","[64, 197, 223, 264, 538, 668, 687, 724]","[89, 108, 172, 217, 221, 239, 264, 280, 321, 342, 343, 344, 345, 346, 349, 351, 352, 355, 357, 359, 364, 368, 371, 372, 373, 374, 376, 377, 387, 392, 393, 403, 409, 411, 414, 424, 430, 449, 454, 470, 480, 560, 584, 643, 685, 703, 724, 739, 779, 798, 799, 800, 801, 804, 806, 807, 810, 812, 814, 816, 821, 822, 823, 824, 826, 827, 837, 842, 843, 852, 859, 862, 865, 869, 876, 882, 897, 901, 917, 932]","[1, 4, 13, 14, 29, 31, 54, 55, 56, 57, 58, 59, 60, 102, 118, 125, 127, 130, 134, 135, 142, 146, 147, 149, 153, 175, 180, 182, 187, 189, 191, 196, 197, 218, 225, 229, 230, 232, 238, 264, 265, 266, 269, 286, 299, 302, 317, 318, 320, 331, 336, 338, 352, 354, 367, 379, 382, 387, 388, 389, 403, 405, 408, 410, 425, 454, 455, 458, 463, 465, 466, 468, 470, 472, 473, 475, 483, 484, 487, 490, 498, 499, 512, 514, 530, 531, 532, 533, 534, 535, 536, 573, 589, 596, 598, 601, 605, 606, 613, 617, 618, 620, 624, 646, 651, 653, 658, 660, 662, 667, 668, 686, 689, 693, 694, 696, 702, 724, 725, 728, 745, 758, 760, 775, 776, 778, 788, 793, 794, 807, 809, 829, 832, 837, 838, 839, 852, 854, 858, 860, 861, 877, 901, 902, 903, 905, 910, 912, 913, 915, 917, 919, 920, 923, 931, 934, 935]","[1, 13, 14, 29, 54, 55, 56, 57, 58, 60, 102, 118, 125, 127, 130, 134, 146, 149, 153, 175, 182, 187, 189, 191, 197, 225, 230, 238, 264, 265, 266, 286, 302, 317, 336, 379, 388, 389, 425, 454, 458, 463, 475, 487, 498, 499, 512, 530, 531, 532, 533, 534, 536, 573, 589, 596, 598, 601, 605, 617, 620, 624, 646, 653, 658, 660, 662, 668, 689, 694, 702, 724, 725, 745, 760, 775, 793, 829, 838, 839, 877, 901, 903, 905, 910, 923]",7/6 successful match,True,"[723, 724]",True,814,True,2014,0.09803921568627451,True,Hansen Truck Stop,
D Dixon ( 95620 ) Ramos Oil Cardlock ( Shell / CFN ),707-678-1670 I-80 Exit 66 ( CA 113 S ),<U+2610> <U+2610> <U+2610> <U+25A1>,Dixon,95620,Ramos Oil Cardlock ( Shell / CFN ),707-678-1670,2015,Dixon,CA,Shell,( CA 113 S ),I-80 Exit 66 ,Exit,66,False,,False,I-80,,,,,"[264, 724]","[172, 264, 643, 724]","[172, 264, 643, 724]","[64, 197, 223, 264, 538, 668, 687, 724]","[103, 104, 105, 106, 107, 108, 109, 110, 111, 112, 113, 114, 115, 116, 117, 118, 119, 120, 121, 122, 123, 124, 125, 126, 127, 128, 129, 130, 131, 132, 133, 134, 135, 136, 137, 138, 139, 140, 141, 142, 143, 144, 145, 146, 147, 148, 149, 150, 151, 152, 153, 154, 155, 156, 157, 158, 159, 160, 161, 162, 163, 164, 165, 166, 167, 168, 169, 170, 171, 172, 173, 174, 175, 176, 177, 178, 179, 180, 181, 182, 183, 184, 185, 186, 187, 188, 189, 190, 191, 192, 193, 194, 195, 196, 197, 198, 199, 200, 201, 202, 203, 204, 205, 206, 207, 208, 209, 210, 211, 212, 213, 214, 215, 216, 217, 218, 219, 220, 221, 222, 223, 224, 225, 226, 227, 228, 229, 230, 231, 232, 233, 234, 235, 236, 237, 238, 239, 240, 241, 242, 243, 244, 245, 246, 247, 248, 249, 250, 251, 252, 253, 254, 255, 256, 257, 258, 259, 260, 261, 262, 263, 264, 265, 266, 267, 268, 269, 270, 271, 272, 273, 274, 275, 276, 277, 278, 279, 280, 281, 282, 283, 284, 285, 286, 287, 288, 289, 290, 291, 292, 293, 294, 295, 296, 297, 298, 299, 300, 301, 302, 303, 304, 305, 306, 307, 308, 309, 310, 311, 312, 313, 314, 315, 316, 317, 318, 319, 320, 321, 322, 323, 324, 325, 326, 327, 328, 329, 330, 331, 332, 333, 334, 335, 336, 337, 574, 575, 576, 577, 578, 579, 580, 581, 582, 583, 584, 585, 586, 587, 588, 589, 590, 591, 592, 593, 594, 595, 596, 597, 598, 599, 600, 601, 602, 603, 604, 605, 606, 607, 608, 609, 610, 611, 612, 613, 614, 615, 616, 617, 618, 619, 620, 621, 622, 623, 624, 625, 626, 627, 628, 629, 630, 631, 632, 633, 634, 635, 636, 637, 638, 639, 640, 641, 642, 643, 644, 645, 646, 647, 648, 649, 650, 651, 652, 653, 654, 655, 656, 657, 658, 659, 660, 661, 662, 663, 664, 665, 666, 667, 668, 669, 670, 671, 672, 673, 674, 675, 676, 677, 678, 679, 680, 681, 682, 683, 684, 685, 686, 687, 688, 689, 690, 691, 692, 693, 694, 695, 696, 697, 698, 699, 700, 701, 702, 703, 704, 705, 706, 707, 708, 709, 710, 711, 712, 713, 714, 715, 716, 717, 718, 719, 720, 721, 722, 723, 724, 725, 726, 727, 728, 729, 730, 731, 732, 733, 734, 735, 736, 737, 738, 739, 740, 741, 742, 743, 744, 745, 746, 747, 748, 749, 750, 751, 752, 753, 754, 755, 756, 757, 758, 759, 760, 761, 762, 763, 764, 765, 766, 767, 768, 769, 770, 771, 772, 773, 774, 775, 776, 777, 778, 779, 780, 781, 782, 783, 784, 785, 786, 787, 788, 789, 790, 791, 792, 793]","[89, 108, 172, 217, 221, 239, 264, 280, 321, 342, 343, 344, 345, 346, 349, 351, 352, 355, 357, 359, 364, 368, 371, 372, 373, 374, 376, 377, 387, 392, 393, 403, 409, 411, 414, 424, 430, 449, 454, 470, 480, 560, 584, 643, 685, 703, 724, 739, 779, 798, 799, 800, 801, 804, 806, 807, 810, 812, 814, 816, 821, 822, 823, 824, 826, 827, 837, 842, 843, 852, 859, 862, 865, 869, 876, 882, 897, 901, 917, 932]","[1, 13, 14, 29, 54, 55, 56, 57, 58, 60, 102, 118, 125, 127, 130, 134, 146, 149, 153, 175, 182, 187, 189, 191, 197, 225, 230, 238, 264, 265, 266, 286, 302, 317, 336, 379, 388, 389, 425, 454, 458, 463, 475, 487, 498, 499, 512, 530, 531, 532, 533, 534, 536, 573, 589, 596, 598, 601, 605, 617, 620, 624, 646, 653, 658, 660, 662, 668, 689, 694, 702, 724, 725, 745, 760, 775, 793, 829, 838, 839, 877, 901, 903, 905, 910, 923]","[1, 4, 13, 14, 29, 31, 54, 55, 56, 57, 58, 59, 60, 102, 118, 125, 127, 130, 134, 135, 142, 146, 147, 149, 153, 175, 180, 182, 187, 189, 191, 196, 197, 218, 225, 229, 230, 232, 238, 264, 265, 266, 269, 286, 299, 302, 317, 318, 320, 331, 336, 338, 352, 354, 367, 379, 382, 387, 388, 389, 403, 405, 408, 410, 425, 454, 455, 458, 463, 465, 466, 468, 470, 472, 473, 475, 483, 484, 487, 490, 498, 499, 512, 514, 530, 531, 532, 533, 534, 535, 536, 573, 589, 596, 598, 601, 605, 606, 613, 617, 618, 620, 624, 646, 651, 653, 658, 660, 662, 667, 668, 686, 689, 693, 694, 696, 702, 724, 725, 728, 745, 758, 760, 775, 776, 778, 788, 793, 794, 807, 809, 829, 832, 837, 838, 839, 852, 854, 858, 860, 861, 877, 901, 902, 903, 905, 910, 912, 913, 915, 917, 919, 920, 923, 931, 934, 935]","[1, 4, 13, 14, 29, 31, 54, 55, 56, 57, 58, 59, 60, 64, 89, 102, 103, 104, 105, 106, 107, 108, 109, 110, 111, 112, 113, 114, 115, 116, 117, 118, 119, 120, 121, 122, 123, 124, 125, 126, 127, 128, 129, 130, 131, 132, 133, 134, 135, 136, 137, 138, 139, 140, 141, 142, 143, 144, 145, 146, 147, 148, 149, 150, 151, 152, 153, 154, 155, 156, 157, 158, 159, 160, 161, 162, 163, 164, 165, 166, 167, 168, 169, 170, 171, 172, 173, 174, 175, 176, 177, 178, 179, 180, 181, 182, 183, 184, 185, 186, 187, 188, 189, 190, 191, 192, 193, 194, 195, 196, 197, 198, 199, 200, 201, 202, 203, 204, 205, 206, 207, 208, 209, 210, 211, 212, 213, 214, 215, 216, 217, 218, 219, 220, 221, 222, 223, 224, 225, 226, 227, 228, 229, 230, 231, 232, 233, 234, 235, 236, 237, 238, 239, 240, 241, 242, 243, 244, 245, 246, 247, 248, 249, 250, 251, 252, 253, 254, 255, 256, 257, 258, 259, 260, 261, 262, 263, 264, 265, 266, 267, 268, 269, 270, 271, 272, 273, 274, 275, 276, 277, 278, 279, 280, 281, 282, 283, 284, 285, 286, 287, 288, 289, 290, 291, 292, 293, 294, 295, 296, 297, 298, 299, 300, 301, 302, 303, 304, 305, 306, 307, 308, 309, 310, 311, 312, 313, 314, 315, 316, 317, 318, 319, 320, 321, 322, 323, 324, 325, 326, 327, 328, 329, 330, 331, 332, 333, 334, 335, 336, 337, 338, 342, 343, 344, 345, 346, 349, 351, 352, 354, 355, 357, 359, 364, 367, 368, 371, 372, 373, 374, 376, 377, 379, 382, 387, 388, 389, 392, 393, 403, 405, 408, 409, 410, 411, 414, 424, 425, 430, 449, 454, 455, 458, 463, 465, 466, 468, 470, 472, 473, 475, 480, 483, 484, 487, 490, 498, 499, 512, 514, 530, 531, 532, 533, 534, 535, 536, 538, 560, 573, 574, 575, 576, 577, 578, 579, 580, 581, 582, 583, 584, 585, 586, 587, 588, 589, 590, 591, 592, 593, 594, 595, 596, 597, 598, 599, 600, 601, 602, 603, 604, 605, 606, 607, 608, 609, 610, 611, 612, 613, 614, 615, 616, 617, 618, 619, 620, 621, 622, 623, 624, 625, 626, 627, 628, 629, 630, 631, 632, 633, 634, 635, 636, 637, 638, 639, 640, 641, 642, 643, 644, 645, 646, 647, 648, 649, 650, 651, 652, 653, 654, 655, 656, 657, 658, 659, 660, 661, 662, 663, 664, 665, 666, 667, 668, 669, 670, 671, 672, 673, 674, 675, 676, 677, 678, 679, 680, 681, 682, 683, 684, 685, 686, 687, 688, 689, 690, 691, 692, 693, 694, 695, 696, 697, 698, 699, 700, 701, 702, 703, 704, 705, 706, 707, 708, 709, 710, 711, 712, 713, 714, 715, 716, 717, 718, 719, 720, 721, 722, 723, 724, 725, 726, 727, 728, 729, 730, 731, 732, 733, 734, 735, 736, 737, 738, 739, 740, 741, 742, 743, 744, 745, 746, 747, 748, 749, 750, 751, 752, 753, 754, 755, 756, 757, 758, 759, 760, 761, 762, 763, 764, 765, 766, 767, 768, 769, 770, 771, 772, 773, 774, 775, 776, 777, 778, 779, 780, 781, 782, 783, 784, 785, 786, 787, 788, 789, 790, 791, 792, 793, 794, 798, 799, 800, 801, 804, 806, 807, 809, 810, 812, 814, 816, 821, 822, 823, 824, 826, 827, 829, 832, 837, 838, 839, 842, 843, 852, 854, 858, 859, 860, 861, 862, 865, 869, 876, 877, 882, 897, 901, 902, 903, 905, 910, 912, 913, 915, 917, 919, 920, 923, 931, 932, 934, 935]",True,"[172, 264, 643, 724]","[103, 104, 105, 106, 107, 108, 109, 110, 111, 112, 113, 114, 115, 116, 117, 118, 119, 120, 121, 122, 123, 124, 125, 126, 127, 128, 129, 130, 131, 132, 133, 134, 135, 136, 137, 138, 139, 140, 141, 142, 143, 144, 145, 146, 147, 148, 149, 150, 151, 152, 153, 154, 155, 156, 157, 158, 159, 160, 161, 162, 163, 164, 165, 166, 167, 168, 169, 170, 171, 172, 173, 174, 175, 176, 177, 178, 179, 180, 181, 182, 183, 184, 185, 186, 187, 188, 189, 190, 191, 192, 193, 194, 195, 196, 197, 198, 199, 200, 201, 202, 203, 204, 205, 206, 207, 208, 209, 210, 211, 212, 213, 214, 215, 216, 217, 218, 219, 220, 221, 222, 223, 224, 225, 226, 227, 228, 229, 230, 231, 232, 233, 234, 235, 236, 237, 238, 239, 240, 241, 242, 243, 244, 245, 246, 247, 248, 249, 250, 251, 252, 253, 254, 255, 256, 257, 258, 259, 260, 261, 262, 263, 264, 265, 266, 267, 268, 269, 270, 271, 272, 273, 274, 275, 276, 277, 278, 279, 280, 281, 282, 283, 284, 285, 286, 287, 288, 289, 290, 291, 292, 293, 294, 295, 296, 297, 298, 299, 300, 301, 302, 303, 304, 305, 306, 307, 308, 309, 310, 311, 312, 313, 314, 315, 316, 317, 318, 319, 320, 321, 322, 323, 324, 325, 326, 327, 328, 329, 330, 331, 332, 333, 334, 335, 336, 337, 574, 575, 576, 577, 578, 579, 580, 581, 582, 583, 584, 585, 586, 587, 588, 589, 590, 591, 592, 593, 594, 595, 596, 597, 598, 599, 600, 601, 602, 603, 604, 605, 606, 607, 608, 609, 610, 611, 612, 613, 614, 615, 616, 617, 618, 619, 620, 621, 622, 623, 624, 625, 626, 627, 628, 629, 630, 631, 632, 633, 634, 635, 636, 637, 638, 639, 640, 641, 642, 643, 644, 645, 646, 647, 648, 649, 650, 651, 652, 653, 654, 655, 656, 657, 658, 659, 660, 661, 662, 663, 664, 665, 666, 667, 668, 669, 670, 671, 672, 673, 674, 675, 676, 677, 678, 679, 680, 681, 682, 683, 684, 685, 686, 687, 688, 689, 690, 691, 692, 693, 694, 695, 696, 697, 698, 699, 700, 701, 702, 703, 704, 705, 706, 707, 708, 709, 710, 711, 712, 713, 714, 715, 716, 717, 718, 719, 720, 721, 722, 723, 724, 725, 726, 727, 728, 729, 730, 731, 732, 733, 734, 735, 736, 737, 738, 739, 740, 741, 742, 743, 744, 745, 746, 747, 748, 749, 750, 751, 752, 753, 754, 755, 756, 757, 758, 759, 760, 761, 762, 763, 764, 765, 766, 767, 768, 769, 770, 771, 772, 773, 774, 775, 776, 777, 778, 779, 780, 781, 782, 783, 784, 785, 786, 787, 788, 789, 790, 791, 792, 793]","[172, 264, 643, 724]","[64, 197, 223, 264, 538, 668, 687, 724]","[89, 108, 172, 217, 221, 239, 264, 280, 321, 342, 343, 344, 345, 346, 349, 351, 352, 355, 357, 359, 364, 368, 371, 372, 373, 374, 376, 377, 387, 392, 393, 403, 409, 411, 414, 424, 430, 449, 454, 470, 480, 560, 584, 643, 685, 703, 724, 739, 779, 798, 799, 800, 801, 804, 806, 807, 810, 812, 814, 816, 821, 822, 823, 824, 826, 827, 837, 842, 843, 852, 859, 862, 865, 869, 876, 882, 897, 901, 917, 932]","[1, 4, 13, 14, 29, 31, 54, 55, 56, 57, 58, 59, 60, 102, 118, 125, 127, 130, 134, 135, 142, 146, 147, 149, 153, 175, 180, 182, 187, 189, 191, 196, 197, 218, 225, 229, 230, 232, 238, 264, 265, 266, 269, 286, 299, 302, 317, 318, 320, 331, 336, 338, 352, 354, 367, 379, 382, 387, 388, 389, 403, 405, 408, 410, 425, 454, 455, 458, 463, 465, 466, 468, 470, 472, 473, 475, 483, 484, 487, 490, 498, 499, 512, 514, 530, 531, 532, 533, 534, 535, 536, 573, 589, 596, 598, 601, 605, 606, 613, 617, 618, 620, 624, 646, 651, 653, 658, 660, 662, 667, 668, 686, 689, 693, 694, 696, 702, 724, 725, 728, 745, 758, 760, 775, 776, 778, 788, 793, 794, 807, 809, 829, 832, 837, 838, 839, 852, 854, 858, 860, 861, 877, 901, 902, 903, 905, 910, 912, 913, 915, 917, 919, 920, 923, 931, 934, 935]","[1, 13, 14, 29, 54, 55, 56, 57, 58, 60, 102, 118, 125, 127, 130, 134, 146, 149, 153, 175, 182, 187, 189, 191, 197, 225, 230, 238, 264, 265, 266, 286, 302, 317, 336, 379, 388, 389, 425, 454, 458, 463, 475, 487, 498, 499, 512, 530, 531, 532, 533, 534, 536, 573, 589, 596, 598, 601, 605, 617, 620, 624, 646, 653, 658, 660, 662, 668, 689, 694, 702, 724, 725, 745, 760, 775, 793, 829, 838, 839, 877, 901, 903, 905, 910, 923]",7/6 successful match,True,"[723, 724]",True,814,False,,1.0,True,Ramos Oil Cardlock ( Shell / CFN ),Shell
Dixon ( 95620 ) Ramos Oil Cardlock ( Shell / CFN ),707-678-1670 I-80 Exit 66 ( CA 113 S ),<U+2610><U+2610> <U+2610> <U+25A1>,Dixon,95620,Ramos Oil Cardlock ( Shell / CFN ),707-678-1670,2016,Dixon,CA,Shell,( CA 113 S ),I-80 Exit 66 ,Exit,66,False,,False,I-80,,,,,"[264, 724]","[172, 264, 643, 724]","[172, 264, 643, 724]","[64, 197, 223, 264, 538, 668, 687, 724]","[103, 104, 105, 106, 107, 108, 109, 110, 111, 112, 113, 114, 115, 116, 117, 118, 119, 120, 121, 122, 123, 124, 125, 126, 127, 128, 129, 130, 131, 132, 133, 134, 135, 136, 137, 138, 139, 140, 141, 142, 143, 144, 145, 146, 147, 148, 149, 150, 151, 152, 153, 154, 155, 156, 157, 158, 159, 160, 161, 162, 163, 164, 165, 166, 167, 168, 169, 170, 171, 172, 173, 174, 175, 176, 177, 178, 179, 180, 181, 182, 183, 184, 185, 186, 187, 188, 189, 190, 191, 192, 193, 194, 195, 196, 197, 198, 199, 200, 201, 202, 203, 204, 205, 206, 207, 208, 209, 210, 211, 212, 213, 214, 215, 216, 217, 218, 219, 220, 221, 222, 223, 224, 225, 226, 227, 228, 229, 230, 231, 232, 233, 234, 235, 236, 237, 238, 239, 240, 241, 242, 243, 244, 245, 246, 247, 248, 249, 250, 251, 252, 253, 254, 255, 256, 257, 258, 259, 260, 261, 262, 263, 264, 265, 266, 267, 268, 269, 270, 271, 272, 273, 274, 275, 276, 277, 278, 279, 280, 281, 282, 283, 284, 285, 286, 287, 288, 289, 290, 291, 292, 293, 294, 295, 296, 297, 298, 299, 300, 301, 302, 303, 304, 305, 306, 307, 308, 309, 310, 311, 312, 313, 314, 315, 316, 317, 318, 319, 320, 321, 322, 323, 324, 325, 326, 327, 328, 329, 330, 331, 332, 333, 334, 335, 336, 337, 574, 575, 576, 577, 578, 579, 580, 581, 582, 583, 584, 585, 586, 587, 588, 589, 590, 591, 592, 593, 594, 595, 596, 597, 598, 599, 600, 601, 602, 603, 604, 605, 606, 607, 608, 609, 610, 611, 612, 613, 614, 615, 616, 617, 618, 619, 620, 621, 622, 623, 624, 625, 626, 627, 628, 629, 630, 631, 632, 633, 634, 635, 636, 637, 638, 639, 640, 641, 642, 643, 644, 645, 646, 647, 648, 649, 650, 651, 652, 653, 654, 655, 656, 657, 658, 659, 660, 661, 662, 663, 664, 665, 666, 667, 668, 669, 670, 671, 672, 673, 674, 675, 676, 677, 678, 679, 680, 681, 682, 683, 684, 685, 686, 687, 688, 689, 690, 691, 692, 693, 694, 695, 696, 697, 698, 699, 700, 701, 702, 703, 704, 705, 706, 707, 708, 709, 710, 711, 712, 713, 714, 715, 716, 717, 718, 719, 720, 721, 722, 723, 724, 725, 726, 727, 728, 729, 730, 731, 732, 733, 734, 735, 736, 737, 738, 739, 740, 741, 742, 743, 744, 745, 746, 747, 748, 749, 750, 751, 752, 753, 754, 755, 756, 757, 758, 759, 760, 761, 762, 763, 764, 765, 766, 767, 768, 769, 770, 771, 772, 773, 774, 775, 776, 777, 778, 779, 780, 781, 782, 783, 784, 785, 786, 787, 788, 789, 790, 791, 792, 793]","[89, 108, 172, 217, 221, 239, 264, 280, 321, 342, 343, 344, 345, 346, 349, 351, 352, 355, 357, 359, 364, 368, 371, 372, 373, 374, 376, 377, 387, 392, 393, 403, 409, 411, 414, 424, 430, 449, 454, 470, 480, 560, 584, 643, 685, 703, 724, 739, 779, 798, 799, 800, 801, 804, 806, 807, 810, 812, 814, 816, 821, 822, 823, 824, 826, 827, 837, 842, 843, 852, 859, 862, 865, 869, 876, 882, 897, 901, 917, 932]","[1, 13, 14, 29, 54, 55, 56, 57, 58, 60, 102, 118, 125, 127, 130, 134, 146, 149, 153, 175, 182, 187, 189, 191, 197, 225, 230, 238, 264, 265, 266, 286, 302, 317, 336, 379, 388, 389, 425, 454, 458, 463, 475, 487, 498, 499, 512, 530, 531, 532, 533, 534, 536, 573, 589, 596, 598, 601, 605, 617, 620, 624, 646, 653, 658, 660, 662, 668, 689, 694, 702, 724, 725, 745, 760, 775, 793, 829, 838, 839, 877, 901, 903, 905, 910, 923]","[1, 4, 13, 14, 29, 31, 54, 55, 56, 57, 58, 59, 60, 102, 118, 125, 127, 130, 134, 135, 142, 146, 147, 149, 153, 175, 180, 182, 187, 189, 191, 196, 197, 218, 225, 229, 230, 232, 238, 264, 265, 266, 269, 286, 299, 302, 317, 318, 320, 331, 336, 338, 352, 354, 367, 379, 382, 387, 388, 389, 403, 405, 408, 410, 425, 454, 455, 458, 463, 465, 466, 468, 470, 472, 473, 475, 483, 484, 487, 490, 498, 499, 512, 514, 530, 531, 532, 533, 534, 535, 536, 573, 589, 596, 598, 601, 605, 606, 613, 617, 618, 620, 624, 646, 651, 653, 658, 660, 662, 667, 668, 686, 689, 693, 694, 696, 702, 724, 725, 728, 745, 758, 760, 775, 776, 778, 788, 793, 794, 807, 809, 829, 832, 837, 838, 839, 852, 854, 858, 860, 861, 877, 901, 902, 903, 905, 910, 912, 913, 915, 917, 919, 920, 923, 931, 934, 935]","[1, 4, 13, 14, 29, 31, 54, 55, 56, 57, 58, 59, 60, 64, 89, 102, 103, 104, 105, 106, 107, 108, 109, 110, 111, 112, 113, 114, 115, 116, 117, 118, 119, 120, 121, 122, 123, 124, 125, 126, 127, 128, 129, 130, 131, 132, 133, 134, 135, 136, 137, 138, 139, 140, 141, 142, 143, 144, 145, 146, 147, 148, 149, 150, 151, 152, 153, 154, 155, 156, 157, 158, 159, 160, 161, 162, 163, 164, 165, 166, 167, 168, 169, 170, 171, 172, 173, 174, 175, 176, 177, 178, 179, 180, 181, 182, 183, 184, 185, 186, 187, 188, 189, 190, 191, 192, 193, 194, 195, 196, 197, 198, 199, 200, 201, 202, 203, 204, 205, 206, 207, 208, 209, 210, 211, 212, 213, 214, 215, 216, 217, 218, 219, 220, 221, 222, 223, 224, 225, 226, 227, 228, 229, 230, 231, 232, 233, 234, 235, 236, 237, 238, 239, 240, 241, 242, 243, 244, 245, 246, 247, 248, 249, 250, 251, 252, 253, 254, 255, 256, 257, 258, 259, 260, 261, 262, 263, 264, 265, 266, 267, 268, 269, 270, 271, 272, 273, 274, 275, 276, 277, 278, 279, 280, 281, 282, 283, 284, 285, 286, 287, 288, 289, 290, 291, 292, 293, 294, 295, 296, 297, 298, 299, 300, 301, 302, 303, 304, 305, 306, 307, 308, 309, 310, 311, 312, 313, 314, 315, 316, 317, 318, 319, 320, 321, 322, 323, 324, 325, 326, 327, 328, 329, 330, 331, 332, 333, 334, 335, 336, 337, 338, 342, 343, 344, 345, 346, 349, 351, 352, 354, 355, 357, 359, 364, 367, 368, 371, 372, 373, 374, 376, 377, 379, 382, 387, 388, 389, 392, 393, 403, 405, 408, 409, 410, 411, 414, 424, 425, 430, 449, 454, 455, 458, 463, 465, 466, 468, 470, 472, 473, 475, 480, 483, 484, 487, 490, 498, 499, 512, 514, 530, 531, 532, 533, 534, 535, 536, 538, 560, 573, 574, 575, 576, 577, 578, 579, 580, 581, 582, 583, 584, 585, 586, 587, 588, 589, 590, 591, 592, 593, 594, 595, 596, 597, 598, 599, 600, 601, 602, 603, 604, 605, 606, 607, 608, 609, 610, 611, 612, 613, 614, 615, 616, 617, 618, 619, 620, 621, 622, 623, 624, 625, 626, 627, 628, 629, 630, 631, 632, 633, 634, 635, 636, 637, 638, 639, 640, 641, 642, 643, 644, 645, 646, 647, 648, 649, 650, 651, 652, 653, 654, 655, 656, 657, 658, 659, 660, 661, 662, 663, 664, 665, 666, 667, 668, 669, 670, 671, 672, 673, 674, 675, 676, 677, 678, 679, 680, 681, 682, 683, 684, 685, 686, 687, 688, 689, 690, 691, 692, 693, 694, 695, 696, 697, 698, 699, 700, 701, 702, 703, 704, 705, 706, 707, 708, 709, 710, 711, 712, 713, 714, 715, 716, 717, 718, 719, 720, 721, 722, 723, 724, 725, 726, 727, 728, 729, 730, 731, 732, 733, 734, 735, 736, 737, 738, 739, 740, 741, 742, 743, 744, 745, 746, 747, 748, 749, 750, 751, 752, 753, 754, 755, 756, 757, 758, 759, 760, 761, 762, 763, 764, 765, 766, 767, 768, 769, 770, 771, 772, 773, 774, 775, 776, 777, 778, 779, 780, 781, 782, 783, 784, 785, 786, 787, 788, 789, 790, 791, 792, 793, 794, 798, 799, 800, 801, 804, 806, 807, 809, 810, 812, 814, 816, 821, 822, 823, 824, 826, 827, 829, 832, 837, 838, 839, 842, 843, 852, 854, 858, 859, 860, 861, 862, 865, 869, 876, 877, 882, 897, 901, 902, 903, 905, 910, 912, 913, 915, 917, 919, 920, 923, 931, 932, 934, 935]",True,"[172, 264, 643, 724]","[103, 104, 105, 106, 107, 108, 109, 110, 111, 112, 113, 114, 115, 116, 117, 118, 119, 120, 121, 122, 123, 124, 125, 126, 127, 128, 129, 130, 131, 132, 133, 134, 135, 136, 137, 138, 139, 140, 141, 142, 143, 144, 145, 146, 147, 148, 149, 150, 151, 152, 153, 154, 155, 156, 157, 158, 159, 160, 161, 162, 163, 164, 165, 166, 167, 168, 169, 170, 171, 172, 173, 174, 175, 176, 177, 178, 179, 180, 181, 182, 183, 184, 185, 186, 187, 188, 189, 190, 191, 192, 193, 194, 195, 196, 197, 198, 199, 200, 201, 202, 203, 204, 205, 206, 207, 208, 209, 210, 211, 212, 213, 214, 215, 216, 217, 218, 219, 220, 221, 222, 223, 224, 225, 226, 227, 228, 229, 230, 231, 232, 233, 234, 235, 236, 237, 238, 239, 240, 241, 242, 243, 244, 245, 246, 247, 248, 249, 250, 251, 252, 253, 254, 255, 256, 257, 258, 259, 260, 261, 262, 263, 264, 265, 266, 267, 268, 269, 270, 271, 272, 273, 274, 275, 276, 277, 278, 279, 280, 281, 282, 283, 284, 285, 286, 287, 288, 289, 290, 291, 292, 293, 294, 295, 296, 297, 298, 299, 300, 301, 302, 303, 304, 305, 306, 307, 308, 309, 310, 311, 312, 313, 314, 315, 316, 317, 318, 319, 320, 321, 322, 323, 324, 325, 326, 327, 328, 329, 330, 331, 332, 333, 334, 335, 336, 337, 574, 575, 576, 577, 578, 579, 580, 581, 582, 583, 584, 585, 586, 587, 588, 589, 590, 591, 592, 593, 594, 595, 596, 597, 598, 599, 600, 601, 602, 603, 604, 605, 606, 607, 608, 609, 610, 611, 612, 613, 614, 615, 616, 617, 618, 619, 620, 621, 622, 623, 624, 625, 626, 627, 628, 629, 630, 631, 632, 633, 634, 635, 636, 637, 638, 639, 640, 641, 642, 643, 644, 645, 646, 647, 648, 649, 650, 651, 652, 653, 654, 655, 656, 657, 658, 659, 660, 661, 662, 663, 664, 665, 666, 667, 668, 669, 670, 671, 672, 673, 674, 675, 676, 677, 678, 679, 680, 681, 682, 683, 684, 685, 686, 687, 688, 689, 690, 691, 692, 693, 694, 695, 696, 697, 698, 699, 700, 701, 702, 703, 704, 705, 706, 707, 708, 709, 710, 711, 712, 713, 714, 715, 716, 717, 718, 719, 720, 721, 722, 723, 724, 725, 726, 727, 728, 729, 730, 731, 732, 733, 734, 735, 736, 737, 738, 739, 740, 741, 742, 743, 744, 745, 746, 747, 748, 749, 750, 751, 752, 753, 754, 755, 756, 757, 758, 759, 760, 761, 762, 763, 764, 765, 766, 767, 768, 769, 770, 771, 772, 773, 774, 775, 776, 777, 778, 779, 780, 781, 782, 783, 784, 785, 786, 787, 788, 789, 790, 791, 792, 793]","[172, 264, 643, 724]","[64, 197, 223, 264, 538, 668, 687, 724]","[89, 108, 172, 217, 221, 239, 264, 280, 321, 342, 343, 344, 345, 346, 349, 351, 352, 355, 357, 359, 364, 368, 371, 372, 373, 374, 376, 377, 387, 392, 393, 403, 409, 411, 414, 424, 430, 449, 454, 470, 480, 560, 584, 643, 685, 703, 724, 739, 779, 798, 799, 800, 801, 804, 806, 807, 810, 812, 814, 816, 821, 822, 823, 824, 826, 827, 837, 842, 843, 852, 859, 862, 865, 869, 876, 882, 897, 901, 917, 932]","[1, 4, 13, 14, 29, 31, 54, 55, 56, 57, 58, 59, 60, 102, 118, 125, 127, 130, 134, 135, 142, 146, 147, 149, 153, 175, 180, 182, 187, 189, 191, 196, 197, 218, 225, 229, 230, 232, 238, 264, 265, 266, 269, 286, 299, 302, 317, 318, 320, 331, 336, 338, 352, 354, 367, 379, 382, 387, 388, 389, 403, 405, 408, 410, 425, 454, 455, 458, 463, 465, 466, 468, 470, 472, 473, 475, 483, 484, 487, 490, 498, 499, 512, 514, 530, 531, 532, 533, 534, 535, 536, 573, 589, 596, 598, 601, 605, 606, 613, 617, 618, 620, 624, 646, 651, 653, 658, 660, 662, 667, 668, 686, 689, 693, 694, 696, 702, 724, 725, 728, 745, 758, 760, 775, 776, 778, 788, 793, 794, 807, 809, 829, 832, 837, 838, 839, 852, 854, 858, 860, 861, 877, 901, 902, 903, 905, 910, 912, 913, 915, 917, 919, 920, 923, 931, 934, 935]","[1, 13, 14, 29, 54, 55, 56, 57, 58, 60, 102, 118, 125, 127, 130, 134, 146, 149, 153, 175, 182, 187, 189, 191, 197, 225, 230, 238, 264, 265, 266, 286, 302, 317, 336, 379, 388, 389, 425, 454, 458, 463, 475, 487, 498, 499, 512, 530, 531, 532, 533, 534, 536, 573, 589, 596, 598, 601, 605, 617, 620, 624, 646, 653, 658, 660, 662, 668, 689, 694, 702, 724, 725, 745, 760, 775, 793, 829, 838, 839, 877, 901, 903, 905, 910, 923]",7/6 successful match,True,"[723, 724]",True,814,False,,1.0,True,Ramos Oil Cardlock ( Shell / CFN ),Shell
"Dixon , 95620 Ramos Oil ( Shell )",707-678-2061 I-80 Exit 66 ( CA 113 S ),<U+25A1>,Dixon,95620,Ramos Oil ( Shell ),707-678-2061,2006,Dixon,CA,Shell,( CA 113 S ),I-80 Exit 66 ,Exit,66,False,,False,I-80,,,,,[],"[172, 264, 643, 724]","[172, 264, 643, 724]","[64, 197, 223, 264, 538, 668, 687, 724]","[103, 104, 105, 106, 107, 108, 109, 110, 111, 112, 113, 114, 115, 116, 117, 118, 119, 120, 121, 122, 123, 124, 125, 126, 127, 128, 129, 130, 131, 132, 133, 134, 135, 136, 137, 138, 139, 140, 141, 142, 143, 144, 145, 146, 147, 148, 149, 150, 151, 152, 153, 154, 155, 156, 157, 158, 159, 160, 161, 162, 163, 164, 165, 166, 167, 168, 169, 170, 171, 172, 173, 174, 175, 176, 177, 178, 179, 180, 181, 182, 183, 184, 185, 186, 187, 188, 189, 190, 191, 192, 193, 194, 195, 196, 197, 198, 199, 200, 201, 202, 203, 204, 205, 206, 207, 208, 209, 210, 211, 212, 213, 214, 215, 216, 217, 218, 219, 220, 221, 222, 223, 224, 225, 226, 227, 228, 229, 230, 231, 232, 233, 234, 235, 236, 237, 238, 239, 240, 241, 242, 243, 244, 245, 246, 247, 248, 249, 250, 251, 252, 253, 254, 255, 256, 257, 258, 259, 260, 261, 262, 263, 264, 265, 266, 267, 268, 269, 270, 271, 272, 273, 274, 275, 276, 277, 278, 279, 280, 281, 282, 283, 284, 285, 286, 287, 288, 289, 290, 291, 292, 293, 294, 295, 296, 297, 298, 299, 300, 301, 302, 303, 304, 305, 306, 307, 308, 309, 310, 311, 312, 313, 314, 315, 316, 317, 318, 319, 320, 321, 322, 323, 324, 325, 326, 327, 328, 329, 330, 331, 332, 333, 334, 335, 336, 337, 574, 575, 576, 577, 578, 579, 580, 581, 582, 583, 584, 585, 586, 587, 588, 589, 590, 591, 592, 593, 594, 595, 596, 597, 598, 599, 600, 601, 602, 603, 604, 605, 606, 607, 608, 609, 610, 611, 612, 613, 614, 615, 616, 617, 618, 619, 620, 621, 622, 623, 624, 625, 626, 627, 628, 629, 630, 631, 632, 633, 634, 635, 636, 637, 638, 639, 640, 641, 642, 643, 644, 645, 646, 647, 648, 649, 650, 651, 652, 653, 654, 655, 656, 657, 658, 659, 660, 661, 662, 663, 664, 665, 666, 667, 668, 669, 670, 671, 672, 673, 674, 675, 676, 677, 678, 679, 680, 681, 682, 683, 684, 685, 686, 687, 688, 689, 690, 691, 692, 693, 694, 695, 696, 697, 698, 699, 700, 701, 702, 703, 704, 705, 706, 707, 708, 709, 710, 711, 712, 713, 714, 715, 716, 717, 718, 719, 720, 721, 722, 723, 724, 725, 726, 727, 728, 729, 730, 731, 732, 733, 734, 735, 736, 737, 738, 739, 740, 741, 742, 743, 744, 745, 746, 747, 748, 749, 750, 751, 752, 753, 754, 755, 756, 757, 758, 759, 760, 761, 762, 763, 764, 765, 766, 767, 768, 769, 770, 771, 772, 773, 774, 775, 776, 777, 778, 779, 780, 781, 782, 783, 784, 785, 786, 787, 788, 789, 790, 791, 792, 793]","[89, 108, 172, 217, 221, 239, 264, 280, 321, 342, 343, 344, 345, 346, 349, 351, 352, 355, 357, 359, 364, 368, 371, 372, 373, 374, 376, 377, 387, 392, 393, 403, 409, 411, 414, 424, 430, 449, 454, 470, 480, 560, 584, 643, 685, 703, 724, 739, 779, 798, 799, 800, 801, 804, 806, 807, 810, 812, 814, 816, 821, 822, 823, 824, 826, 827, 837, 842, 843, 852, 859, 862, 865, 869, 876, 882, 897, 901, 917, 932]","[1, 13, 14, 29, 54, 55, 56, 57, 58, 60, 102, 118, 125, 127, 130, 134, 146, 149, 153, 175, 182, 187, 189, 191, 197, 225, 230, 238, 264, 265, 266, 286, 302, 317, 336, 379, 388, 389, 425, 454, 458, 463, 475, 487, 498, 499, 512, 530, 531, 532, 533, 534, 536, 573, 589, 596, 598, 601, 605, 617, 620, 624, 646, 653, 658, 660, 662, 668, 689, 694, 702, 724, 725, 745, 760, 775, 793, 829, 838, 839, 877, 901, 903, 905, 910, 923]","[1, 4, 13, 14, 29, 31, 54, 55, 56, 57, 58, 59, 60, 102, 118, 125, 127, 130, 134, 135, 142, 146, 147, 149, 153, 175, 180, 182, 187, 189, 191, 197, 218, 225, 229, 230, 232, 238, 264, 265, 266, 269, 286, 299, 302, 317, 318, 320, 331, 336, 338, 352, 354, 367, 379, 382, 387, 388, 389, 403, 405, 408, 410, 425, 454, 455, 458, 463, 465, 466, 468, 470, 472, 473, 475, 483, 484, 487, 490, 498, 499, 512, 514, 530, 531, 532, 533, 534, 535, 536, 573, 589, 596, 598, 601, 605, 606, 613, 617, 618, 620, 624, 646, 651, 653, 658, 660, 662, 668, 686, 689, 693, 694, 696, 702, 724, 725, 728, 745, 758, 760, 775, 776, 778, 788, 793, 794, 807, 809, 829, 832, 837, 838, 839, 852, 854, 858, 860, 861, 877, 901, 902, 903, 905, 910, 912, 913, 915, 917, 919, 920, 923, 931, 934, 935]","[1, 4, 13, 14, 29, 31, 54, 55, 56, 57, 58, 59, 60, 64, 89, 102, 103, 104, 105, 106, 107, 108, 109, 110, 111, 112, 113, 114, 115, 116, 117, 118, 119, 120, 121, 122, 123, 124, 125, 126, 127, 128, 129, 130, 131, 132, 133, 134, 135, 136, 137, 138, 139, 140, 141, 142, 143, 144, 145, 146, 147, 148, 149, 150, 151, 152, 153, 154, 155, 156, 157, 158, 159, 160, 161, 162, 163, 164, 165, 166, 167, 168, 169, 170, 171, 172, 173, 174, 175, 176, 177, 178, 179, 180, 181, 182, 183, 184, 185, 186, 187, 188, 189, 190, 191, 192, 193, 194, 195, 196, 197, 198, 199, 200, 201, 202, 203, 204, 205, 206, 207, 208, 209, 210, 211, 212, 213, 214, 215, 216, 217, 218, 219, 220, 221, 222, 223, 224, 225, 226, 227, 228, 229, 230, 231, 232, 233, 234, 235, 236, 237, 238, 239, 240, 241, 242, 243, 244, 245, 246, 247, 248, 249, 250, 251, 252, 253, 254, 255, 256, 257, 258, 259, 260, 261, 262, 263, 264, 265, 266, 267, 268, 269, 270, 271, 272, 273, 274, 275, 276, 277, 278, 279, 280, 281, 282, 283, 284, 285, 286, 287, 288, 289, 290, 291, 292, 293, 294, 295, 296, 297, 298, 299, 300, 301, 302, 303, 304, 305, 306, 307, 308, 309, 310, 311, 312, 313, 314, 315, 316, 317, 318, 319, 320, 321, 322, 323, 324, 325, 326, 327, 328, 329, 330, 331, 332, 333, 334, 335, 336, 337, 338, 342, 343, 344, 345, 346, 349, 351, 352, 354, 355, 357, 359, 364, 367, 368, 371, 372, 373, 374, 376, 377, 379, 382, 387, 388, 389, 392, 393, 403, 405, 408, 409, 410, 411, 414, 424, 425, 430, 449, 454, 455, 458, 463, 465, 466, 468, 470, 472, 473, 475, 480, 483, 484, 487, 490, 498, 499, 512, 514, 530, 531, 532, 533, 534, 535, 536, 538, 560, 573, 574, 575, 576, 577, 578, 579, 580, 581, 582, 583, 584, 585, 586, 587, 588, 589, 590, 591, 592, 593, 594, 595, 596, 597, 598, 599, 600, 601, 602, 603, 604, 605, 606, 607, 608, 609, 610, 611, 612, 613, 614, 615, 616, 617, 618, 619, 620, 621, 622, 623, 624, 625, 626, 627, 628, 629, 630, 631, 632, 633, 634, 635, 636, 637, 638, 639, 640, 641, 642, 643, 644, 645, 646, 647, 648, 649, 650, 651, 652, 653, 654, 655, 656, 657, 658, 659, 660, 661, 662, 663, 664, 665, 666, 667, 668, 669, 670, 671, 672, 673, 674, 675, 676, 677, 678, 679, 680, 681, 682, 683, 684, 685, 686, 687, 688, 689, 690, 691, 692, 693, 694, 695, 696, 697, 698, 699, 700, 701, 702, 703, 704, 705, 706, 707, 708, 709, 710, 711, 712, 713, 714, 715, 716, 717, 718, 719, 720, 721, 722, 723, 724, 725, 726, 727, 728, 729, 730, 731, 732, 733, 734, 735, 736, 737, 738, 739, 740, 741, 742, 743, 744, 745, 746, 747, 748, 749, 750, 751, 752, 753, 754, 755, 756, 757, 758, 759, 760, 761, 762, 763, 764, 765, 766, 767, 768, 769, 770, 771, 772, 773, 774, 775, 776, 777, 778, 779, 780, 781, 782, 783, 784, 785, 786, 787, 788, 789, 790, 791, 792, 793, 794, 798, 799, 800, 801, 804, 806, 807, 809, 810, 812, 814, 816, 821, 822, 823, 824, 826, 827, 829, 832, 837, 838, 839, 842, 843, 852, 854, 858, 859, 860, 861, 862, 865, 869, 876, 877, 882, 897, 901, 902, 903, 905, 910, 912, 913, 915, 917, 919, 920, 923, 931, 932, 934, 935]",False,"[172, 264, 643, 724]","[103, 104, 105, 106, 107, 108, 109, 110, 111, 112, 113, 114, 115, 116, 117, 118, 119, 120, 121, 122, 123, 124, 125, 126, 127, 128, 129, 130, 131, 132, 133, 134, 135, 136, 137, 138, 139, 140, 141, 142, 143, 144, 145, 146, 147, 148, 149, 150, 151, 152, 153, 154, 155, 156, 157, 158, 159, 160, 161, 162, 163, 164, 165, 166, 167, 168, 169, 170, 171, 172, 173, 174, 175, 176, 177, 178, 179, 180, 181, 182, 183, 184, 185, 186, 187, 188, 189, 190, 191, 192, 193, 194, 195, 196, 197, 198, 199, 200, 201, 202, 203, 204, 205, 206, 207, 208, 209, 210, 211, 212, 213, 214, 215, 216, 217, 218, 219, 220, 221, 222, 223, 224, 225, 226, 227, 228, 229, 230, 231, 232, 233, 234, 235, 236, 237, 238, 239, 240, 241, 242, 243, 244, 245, 246, 247, 248, 249, 250, 251, 252, 253, 254, 255, 256, 257, 258, 259, 260, 261, 262, 263, 264, 265, 266, 267, 268, 269, 270, 271, 272, 273, 274, 275, 276, 277, 278, 279, 280, 281, 282, 283, 284, 285, 286, 287, 288, 289, 290, 291, 292, 293, 294, 295, 296, 297, 298, 299, 300, 301, 302, 303, 304, 305, 306, 307, 308, 309, 310, 311, 312, 313, 314, 315, 316, 317, 318, 319, 320, 321, 322, 323, 324, 325, 326, 327, 328, 329, 330, 331, 332, 333, 334, 335, 336, 337, 574, 575, 576, 577, 578, 579, 580, 581, 582, 583, 584, 585, 586, 587, 588, 589, 590, 591, 592, 593, 594, 595, 596, 597, 598, 599, 600, 601, 602, 603, 604, 605, 606, 607, 608, 609, 610, 611, 612, 613, 614, 615, 616, 617, 618, 619, 620, 621, 622, 623, 624, 625, 626, 627, 628, 629, 630, 631, 632, 633, 634, 635, 636, 637, 638, 639, 640, 641, 642, 643, 644, 645, 646, 647, 648, 649, 650, 651, 652, 653, 654, 655, 656, 657, 658, 659, 660, 661, 662, 663, 664, 665, 666, 667, 668, 669, 670, 671, 672, 673, 674, 675, 676, 677, 678, 679, 680, 681, 682, 683, 684, 685, 686, 687, 688, 689, 690, 691, 692, 693, 694, 695, 696, 697, 698, 699, 700, 701, 702, 703, 704, 705, 706, 707, 708, 709, 710, 711, 712, 713, 714, 715, 716, 717, 718, 719, 720, 721, 722, 723, 724, 725, 726, 727, 728, 729, 730, 731, 732, 733, 734, 735, 736, 737, 738, 739, 740, 741, 742, 743, 744, 745, 746, 747, 748, 749, 750, 751, 752, 753, 754, 755, 756, 757, 758, 759, 760, 761, 762, 763, 764, 765, 766, 767, 768, 769, 770, 771, 772, 773, 774, 775, 776, 777, 778, 779, 780, 781, 782, 783, 784, 785, 786, 787, 788, 789, 790, 791, 792, 793]","[172, 264, 643, 724]","[64, 197, 223, 264, 538, 668, 687, 724]","[89, 108, 172, 217, 221, 239, 264, 280, 321, 342, 343, 344, 345, 346, 349, 351, 352, 355, 357, 359, 364, 368, 371, 372, 373, 374, 376, 377, 387, 392, 393, 403, 409, 411, 414, 424, 430, 449, 454, 470, 480, 560, 584, 643, 685, 703, 724, 739, 779, 798, 799, 800, 801, 804, 806, 807, 810, 812, 814, 816, 821, 822, 823, 824, 826, 827, 837, 842, 843, 852, 859, 862, 865, 869, 876, 882, 897, 901, 917, 932]","[1, 4, 13, 14, 29, 31, 54, 55, 56, 57, 58, 59, 60, 102, 118, 125, 127, 130, 134, 135, 142, 146, 147, 149, 153, 175, 180, 182, 187, 189, 191, 197, 218, 225, 229, 230, 232, 238, 264, 265, 266, 269, 286, 299, 302, 317, 318, 320, 331, 336, 338, 352, 354, 367, 379, 382, 387, 388, 389, 403, 405, 408, 410, 425, 454, 455, 458, 463, 465, 466, 468, 470, 472, 473, 475, 483, 484, 487, 490, 498, 499, 512, 514, 530, 531, 532, 533, 534, 535, 536, 573, 589, 596, 598, 601, 605, 606, 613, 617, 618, 620, 624, 646, 651, 653, 658, 660, 662, 668, 686, 689, 693, 694, 696, 702, 724, 725, 728, 745, 758, 760, 775, 776, 778, 788, 793, 794, 807, 809, 829, 832, 837, 838, 839, 852, 854, 858, 860, 861, 877, 901, 902, 903, 905, 910, 912, 913, 915, 917, 919, 920, 923, 931, 934, 935]","[1, 13, 14, 29, 54, 55, 56, 57, 58, 60, 102, 118, 125, 127, 130, 134, 146, 149, 153, 175, 182, 187, 189, 191, 197, 225, 230, 238, 264, 265, 266, 286, 302, 317, 336, 379, 388, 389, 425, 454, 458, 463, 475, 487, 498, 499, 512, 530, 531, 532, 533, 534, 536, 573, 589, 596, 598, 601, 605, 617, 620, 624, 646, 653, 658, 660, 662, 668, 689, 694, 702, 724, 725, 745, 760, 775, 793, 829, 838, 839, 877, 901, 903, 905, 910, 923]",7/6 successful match,False,,False,815,False,,,,,
"Dixon , 95620 Ramos Oil ( Shell )",707-678-2061 I-80 Exit 66 ( CA 113 S ),00,Dixon,95620,Ramos Oil ( Shell ),707-678-2061,2007,Dixon,CA,Shell,( CA 113 S ),I-80 Exit 66 ,Exit,66,False,,False,I-80,,,,,[],"[172, 264, 643, 724]","[172, 264, 643, 724]","[64, 197, 223, 264, 538, 668, 687, 724]","[103, 104, 105, 106, 107, 108, 109, 110, 111, 112, 113, 114, 115, 116, 117, 118, 119, 120, 121, 122, 123, 124, 125, 126, 127, 128, 129, 130, 131, 132, 133, 134, 135, 136, 137, 138, 139, 140, 141, 142, 143, 144, 145, 146, 147, 148, 149, 150, 151, 152, 153, 154, 155, 156, 157, 158, 159, 160, 161, 162, 163, 164, 165, 166, 167, 168, 169, 170, 171, 172, 173, 174, 175, 176, 177, 178, 179, 180, 181, 182, 183, 184, 185, 186, 187, 188, 189, 190, 191, 192, 193, 194, 195, 196, 197, 198, 199, 200, 201, 202, 203, 204, 205, 206, 207, 208, 209, 210, 211, 212, 213, 214, 215, 216, 217, 218, 219, 220, 221, 222, 223, 224, 225, 226, 227, 228, 229, 230, 231, 232, 233, 234, 235, 236, 237, 238, 239, 240, 241, 242, 243, 244, 245, 246, 247, 248, 249, 250, 251, 252, 253, 254, 255, 256, 257, 258, 259, 260, 261, 262, 263, 264, 265, 266, 267, 268, 269, 270, 271, 272, 273, 274, 275, 276, 277, 278, 279, 280, 281, 282, 283, 284, 285, 286, 287, 288, 289, 290, 291, 292, 293, 294, 295, 296, 297, 298, 299, 300, 301, 302, 303, 304, 305, 306, 307, 308, 309, 310, 311, 312, 313, 314, 315, 316, 317, 318, 319, 320, 321, 322, 323, 324, 325, 326, 327, 328, 329, 330, 331, 332, 333, 334, 335, 336, 337, 574, 575, 576, 577, 578, 579, 580, 581, 582, 583, 584, 585, 586, 587, 588, 589, 590, 591, 592, 593, 594, 595, 596, 597, 598, 599, 600, 601, 602, 603, 604, 605, 606, 607, 608, 609, 610, 611, 612, 613, 614, 615, 616, 617, 618, 619, 620, 621, 622, 623, 624, 625, 626, 627, 628, 629, 630, 631, 632, 633, 634, 635, 636, 637, 638, 639, 640, 641, 642, 643, 644, 645, 646, 647, 648, 649, 650, 651, 652, 653, 654, 655, 656, 657, 658, 659, 660, 661, 662, 663, 664, 665, 666, 667, 668, 669, 670, 671, 672, 673, 674, 675, 676, 677, 678, 679, 680, 681, 682, 683, 684, 685, 686, 687, 688, 689, 690, 691, 692, 693, 694, 695, 696, 697, 698, 699, 700, 701, 702, 703, 704, 705, 706, 707, 708, 709, 710, 711, 712, 713, 714, 715, 716, 717, 718, 719, 720, 721, 722, 723, 724, 725, 726, 727, 728, 729, 730, 731, 732, 733, 734, 735, 736, 737, 738, 739, 740, 741, 742, 743, 744, 745, 746, 747, 748, 749, 750, 751, 752, 753, 754, 755, 756, 757, 758, 759, 760, 761, 762, 763, 764, 765, 766, 767, 768, 769, 770, 771, 772, 773, 774, 775, 776, 777, 778, 779, 780, 781, 782, 783, 784, 785, 786, 787, 788, 789, 790, 791, 792, 793]","[89, 108, 172, 217, 221, 239, 264, 280, 321, 342, 343, 344, 345, 346, 349, 351, 352, 355, 357, 359, 364, 368, 371, 372, 373, 374, 376, 377, 387, 392, 393, 403, 409, 411, 414, 424, 430, 449, 454, 470, 480, 560, 584, 643, 685, 703, 724, 739, 779, 798, 799, 800, 801, 804, 806, 807, 810, 812, 814, 816, 821, 822, 823, 824, 826, 827, 837, 842, 843, 852, 859, 862, 865, 869, 876, 882, 897, 901, 917, 932]","[1, 13, 14, 29, 54, 55, 56, 57, 58, 60, 102, 118, 125, 127, 130, 134, 146, 149, 153, 175, 182, 187, 189, 191, 197, 225, 230, 238, 264, 265, 266, 286, 302, 317, 336, 379, 388, 389, 425, 454, 458, 463, 475, 487, 498, 499, 512, 530, 531, 532, 533, 534, 536, 573, 589, 596, 598, 601, 605, 617, 620, 624, 646, 653, 658, 660, 662, 668, 689, 694, 702, 724, 725, 745, 760, 775, 793, 829, 838, 839, 877, 901, 903, 905, 910, 923]","[1, 4, 13, 14, 29, 31, 54, 55, 56, 57, 58, 59, 60, 102, 118, 125, 127, 130, 134, 135, 142, 146, 147, 149, 153, 175, 180, 182, 187, 189, 191, 197, 218, 225, 229, 230, 232, 238, 264, 265, 266, 269, 286, 299, 302, 317, 318, 320, 331, 336, 338, 352, 354, 367, 379, 382, 387, 388, 389, 403, 405, 408, 410, 425, 454, 455, 458, 463, 465, 466, 468, 470, 472, 473, 475, 483, 484, 487, 490, 498, 499, 512, 514, 530, 531, 532, 533, 534, 535, 536, 573, 589, 596, 598, 601, 605, 606, 613, 617, 618, 620, 624, 646, 651, 653, 658, 660, 662, 668, 686, 689, 693, 694, 696, 702, 724, 725, 728, 745, 758, 760, 775, 776, 778, 788, 793, 794, 807, 809, 829, 832, 837, 838, 839, 852, 854, 858, 860, 861, 877, 901, 902, 903, 905, 910, 912, 913, 915, 917, 919, 920, 923, 931, 934, 935]","[1, 4, 13, 14, 29, 31, 54, 55, 56, 57, 58, 59, 60, 64, 89, 102, 103, 104, 105, 106, 107, 108, 109, 110, 111, 112, 113, 114, 115, 116, 117, 118, 119, 120, 121, 122, 123, 124, 125, 126, 127, 128, 129, 130, 131, 132, 133, 134, 135, 136, 137, 138, 139, 140, 141, 142, 143, 144, 145, 146, 147, 148, 149, 150, 151, 152, 153, 154, 155, 156, 157, 158, 159, 160, 161, 162, 163, 164, 165, 166, 167, 168, 169, 170, 171, 172, 173, 174, 175, 176, 177, 178, 179, 180, 181, 182, 183, 184, 185, 186, 187, 188, 189, 190, 191, 192, 193, 194, 195, 196, 197, 198, 199, 200, 201, 202, 203, 204, 205, 206, 207, 208, 209, 210, 211, 212, 213, 214, 215, 216, 217, 218, 219, 220, 221, 222, 223, 224, 225, 226, 227, 228, 229, 230, 231, 232, 233, 234, 235, 236, 237, 238, 239, 240, 241, 242, 243, 244, 245, 246, 247, 248, 249, 250, 251, 252, 253, 254, 255, 256, 257, 258, 259, 260, 261, 262, 263, 264, 265, 266, 267, 268, 269, 270, 271, 272, 273, 274, 275, 276, 277, 278, 279, 280, 281, 282, 283, 284, 285, 286, 287, 288, 289, 290, 291, 292, 293, 294, 295, 296, 297, 298, 299, 300, 301, 302, 303, 304, 305, 306, 307, 308, 309, 310, 311, 312, 313, 314, 315, 316, 317, 318, 319, 320, 321, 322, 323, 324, 325, 326, 327, 328, 329, 330, 331, 332, 333, 334, 335, 336, 337, 338, 342, 343, 344, 345, 346, 349, 351, 352, 354, 355, 357, 359, 364, 367, 368, 371, 372, 373, 374, 376, 377, 379, 382, 387, 388, 389, 392, 393, 403, 405, 408, 409, 410, 411, 414, 424, 425, 430, 449, 454, 455, 458, 463, 465, 466, 468, 470, 472, 473, 475, 480, 483, 484, 487, 490, 498, 499, 512, 514, 530, 531, 532, 533, 534, 535, 536, 538, 560, 573, 574, 575, 576, 577, 578, 579, 580, 581, 582, 583, 584, 585, 586, 587, 588, 589, 590, 591, 592, 593, 594, 595, 596, 597, 598, 599, 600, 601, 602, 603, 604, 605, 606, 607, 608, 609, 610, 611, 612, 613, 614, 615, 616, 617, 618, 619, 620, 621, 622, 623, 624, 625, 626, 627, 628, 629, 630, 631, 632, 633, 634, 635, 636, 637, 638, 639, 640, 641, 642, 643, 644, 645, 646, 647, 648, 649, 650, 651, 652, 653, 654, 655, 656, 657, 658, 659, 660, 661, 662, 663, 664, 665, 666, 667, 668, 669, 670, 671, 672, 673, 674, 675, 676, 677, 678, 679, 680, 681, 682, 683, 684, 685, 686, 687, 688, 689, 690, 691, 692, 693, 694, 695, 696, 697, 698, 699, 700, 701, 702, 703, 704, 705, 706, 707, 708, 709, 710, 711, 712, 713, 714, 715, 716, 717, 718, 719, 720, 721, 722, 723, 724, 725, 726, 727, 728, 729, 730, 731, 732, 733, 734, 735, 736, 737, 738, 739, 740, 741, 742, 743, 744, 745, 746, 747, 748, 749, 750, 751, 752, 753, 754, 755, 756, 757, 758, 759, 760, 761, 762, 763, 764, 765, 766, 767, 768, 769, 770, 771, 772, 773, 774, 775, 776, 777, 778, 779, 780, 781, 782, 783, 784, 785, 786, 787, 788, 789, 790, 791, 792, 793, 794, 798, 799, 800, 801, 804, 806, 807, 809, 810, 812, 814, 816, 821, 822, 823, 824, 826, 827, 829, 832, 837, 838, 839, 842, 843, 852, 854, 858, 859, 860, 861, 862, 865, 869, 876, 877, 882, 897, 901, 902, 903, 905, 910, 912, 913, 915, 917, 919, 920, 923, 931, 932, 934, 935]",False,"[172, 264, 643, 724]","[103, 104, 105, 106, 107, 108, 109, 110, 111, 112, 113, 114, 115, 116, 117, 118, 119, 120, 121, 122, 123, 124, 125, 126, 127, 128, 129, 130, 131, 132, 133, 134, 135, 136, 137, 138, 139, 140, 141, 142, 143, 144, 145, 146, 147, 148, 149, 150, 151, 152, 153, 154, 155, 156, 157, 158, 159, 160, 161, 162, 163, 164, 165, 166, 167, 168, 169, 170, 171, 172, 173, 174, 175, 176, 177, 178, 179, 180, 181, 182, 183, 184, 185, 186, 187, 188, 189, 190, 191, 192, 193, 194, 195, 196, 197, 198, 199, 200, 201, 202, 203, 204, 205, 206, 207, 208, 209, 210, 211, 212, 213, 214, 215, 216, 217, 218, 219, 220, 221, 222, 223, 224, 225, 226, 227, 228, 229, 230, 231, 232, 233, 234, 235, 236, 237, 238, 239, 240, 241, 242, 243, 244, 245, 246, 247, 248, 249, 250, 251, 252, 253, 254, 255, 256, 257, 258, 259, 260, 261, 262, 263, 264, 265, 266, 267, 268, 269, 270, 271, 272, 273, 274, 275, 276, 277, 278, 279, 280, 281, 282, 283, 284, 285, 286, 287, 288, 289, 290, 291, 292, 293, 294, 295, 296, 297, 298, 299, 300, 301, 302, 303, 304, 305, 306, 307, 308, 309, 310, 311, 312, 313, 314, 315, 316, 317, 318, 319, 320, 321, 322, 323, 324, 325, 326, 327, 328, 329, 330, 331, 332, 333, 334, 335, 336, 337, 574, 575, 576, 577, 578, 579, 580, 581, 582, 583, 584, 585, 586, 587, 588, 589, 590, 591, 592, 593, 594, 595, 596, 597, 598, 599, 600, 601, 602, 603, 604, 605, 606, 607, 608, 609, 610, 611, 612, 613, 614, 615, 616, 617, 618, 619, 620, 621, 622, 623, 624, 625, 626, 627, 628, 629, 630, 631, 632, 633, 634, 635, 636, 637, 638, 639, 640, 641, 642, 643, 644, 645, 646, 647, 648, 649, 650, 651, 652, 653, 654, 655, 656, 657, 658, 659, 660, 661, 662, 663, 664, 665, 666, 667, 668, 669, 670, 671, 672, 673, 674, 675, 676, 677, 678, 679, 680, 681, 682, 683, 684, 685, 686, 687, 688, 689, 690, 691, 692, 693, 694, 695, 696, 697, 698, 699, 700, 701, 702, 703, 704, 705, 706, 707, 708, 709, 710, 711, 712, 713, 714, 715, 716, 717, 718, 719, 720, 721, 722, 723, 724, 725, 726, 727, 728, 729, 730, 731, 732, 733, 734, 735, 736, 737, 738, 739, 740, 741, 742, 743, 744, 745, 746, 747, 748, 749, 750, 751, 752, 753, 754, 755, 756, 757, 758, 759, 760, 761, 762, 763, 764, 765, 766, 767, 768, 769, 770, 771, 772, 773, 774, 775, 776, 777, 778, 779, 780, 781, 782, 783, 784, 785, 786, 787, 788, 789, 790, 791, 792, 793]","[172, 264, 643, 724]","[64, 197, 223, 264, 538, 668, 687, 724]","[89, 108, 172, 217, 221, 239, 264, 280, 321, 342, 343, 344, 345, 346, 349, 351, 352, 355, 357, 359, 364, 368, 371, 372, 373, 374, 376, 377, 387, 392, 393, 403, 409, 411, 414, 424, 430, 449, 454, 470, 480, 560, 584, 643, 685, 703, 724, 739, 779, 798, 799, 800, 801, 804, 806, 807, 810, 812, 814, 816, 821, 822, 823, 824, 826, 827, 837, 842, 843, 852, 859, 862, 865, 869, 876, 882, 897, 901, 917, 932]","[1, 4, 13, 14, 29, 31, 54, 55, 56, 57, 58, 59, 60, 102, 118, 125, 127, 130, 134, 135, 142, 146, 147, 149, 153, 175, 180, 182, 187, 189, 191, 197, 218, 225, 229, 230, 232, 238, 264, 265, 266, 269, 286, 299, 302, 317, 318, 320, 331, 336, 338, 352, 354, 367, 379, 382, 387, 388, 389, 403, 405, 408, 410, 425, 454, 455, 458, 463, 465, 466, 468, 470, 472, 473, 475, 483, 484, 487, 490, 498, 499, 512, 514, 530, 531, 532, 533, 534, 535, 536, 573, 589, 596, 598, 601, 605, 606, 613, 617, 618, 620, 624, 646, 651, 653, 658, 660, 662, 668, 686, 689, 693, 694, 696, 702, 724, 725, 728, 745, 758, 760, 775, 776, 778, 788, 793, 794, 807, 809, 829, 832, 837, 838, 839, 852, 854, 858, 860, 861, 877, 901, 902, 903, 905, 910, 912, 913, 915, 917, 919, 920, 923, 931, 934, 935]","[1, 13, 14, 29, 54, 55, 56, 57, 58, 60, 102, 118, 125, 127, 130, 134, 146, 149, 153, 175, 182, 187, 189, 191, 197, 225, 230, 238, 264, 265, 266, 286, 302, 317, 336, 379, 388, 389, 425, 454, 458, 463, 475, 487, 498, 499, 512, 530, 531, 532, 533, 534, 536, 573, 589, 596, 598, 601, 605, 617, 620, 624, 646, 653, 658, 660, 662, 668, 689, 694, 702, 724, 725, 745, 760, 775, 793, 829, 838, 839, 877, 901, 903, 905, 910, 923]",7/6 successful match,False,,False,815,False,,1.0,True,Ramos Oil ( Shell ),Shell
"Dixon , 95620 Ramos Oil ( Shell )",707-678-2061 I-80 Exit 66 ( CA 113 S ),"""",Dixon,95620,Ramos Oil ( Shell ),707-678-2061,2008,Dixon,CA,Shell,( CA 113 S ),I-80 Exit 66 ,Exit,66,False,,False,I-80,,,,,[],"[172, 264, 643, 724]","[172, 264, 643, 724]","[64, 197, 223, 264, 538, 668, 687, 724]","[103, 104, 105, 106, 107, 108, 109, 110, 111, 112, 113, 114, 115, 116, 117, 118, 119, 120, 121, 122, 123, 124, 125, 126, 127, 128, 129, 130, 131, 132, 133, 134, 135, 136, 137, 138, 139, 140, 141, 142, 143, 144, 145, 146, 147, 148, 149, 150, 151, 152, 153, 154, 155, 156, 157, 158, 159, 160, 161, 162, 163, 164, 165, 166, 167, 168, 169, 170, 171, 172, 173, 174, 175, 176, 177, 178, 179, 180, 181, 182, 183, 184, 185, 186, 187, 188, 189, 190, 191, 192, 193, 194, 195, 196, 197, 198, 199, 200, 201, 202, 203, 204, 205, 206, 207, 208, 209, 210, 211, 212, 213, 214, 215, 216, 217, 218, 219, 220, 221, 222, 223, 224, 225, 226, 227, 228, 229, 230, 231, 232, 233, 234, 235, 236, 237, 238, 239, 240, 241, 242, 243, 244, 245, 246, 247, 248, 249, 250, 251, 252, 253, 254, 255, 256, 257, 258, 259, 260, 261, 262, 263, 264, 265, 266, 267, 268, 269, 270, 271, 272, 273, 274, 275, 276, 277, 278, 279, 280, 281, 282, 283, 284, 285, 286, 287, 288, 289, 290, 291, 292, 293, 294, 295, 296, 297, 298, 299, 300, 301, 302, 303, 304, 305, 306, 307, 308, 309, 310, 311, 312, 313, 314, 315, 316, 317, 318, 319, 320, 321, 322, 323, 324, 325, 326, 327, 328, 329, 330, 331, 332, 333, 334, 335, 336, 337, 574, 575, 576, 577, 578, 579, 580, 581, 582, 583, 584, 585, 586, 587, 588, 589, 590, 591, 592, 593, 594, 595, 596, 597, 598, 599, 600, 601, 602, 603, 604, 605, 606, 607, 608, 609, 610, 611, 612, 613, 614, 615, 616, 617, 618, 619, 620, 621, 622, 623, 624, 625, 626, 627, 628, 629, 630, 631, 632, 633, 634, 635, 636, 637, 638, 639, 640, 641, 642, 643, 644, 645, 646, 647, 648, 649, 650, 651, 652, 653, 654, 655, 656, 657, 658, 659, 660, 661, 662, 663, 664, 665, 666, 667, 668, 669, 670, 671, 672, 673, 674, 675, 676, 677, 678, 679, 680, 681, 682, 683, 684, 685, 686, 687, 688, 689, 690, 691, 692, 693, 694, 695, 696, 697, 698, 699, 700, 701, 702, 703, 704, 705, 706, 707, 708, 709, 710, 711, 712, 713, 714, 715, 716, 717, 718, 719, 720, 721, 722, 723, 724, 725, 726, 727, 728, 729, 730, 731, 732, 733, 734, 735, 736, 737, 738, 739, 740, 741, 742, 743, 744, 745, 746, 747, 748, 749, 750, 751, 752, 753, 754, 755, 756, 757, 758, 759, 760, 761, 762, 763, 764, 765, 766, 767, 768, 769, 770, 771, 772, 773, 774, 775, 776, 777, 778, 779, 780, 781, 782, 783, 784, 785, 786, 787, 788, 789, 790, 791, 792, 793]","[89, 108, 172, 217, 221, 239, 264, 280, 321, 342, 343, 344, 345, 346, 349, 351, 352, 355, 357, 359, 364, 368, 371, 372, 373, 374, 376, 377, 387, 392, 393, 403, 409, 411, 414, 424, 430, 449, 454, 470, 480, 560, 584, 643, 685, 703, 724, 739, 779, 798, 799, 800, 801, 804, 806, 807, 810, 812, 814, 816, 821, 822, 823, 824, 826, 827, 837, 842, 843, 852, 859, 862, 865, 869, 876, 882, 897, 901, 917, 932]","[1, 13, 14, 29, 54, 55, 56, 57, 58, 60, 102, 118, 125, 127, 130, 134, 146, 149, 153, 175, 182, 187, 189, 191, 197, 225, 230, 238, 264, 265, 266, 286, 302, 317, 336, 379, 388, 389, 425, 454, 458, 463, 475, 487, 498, 499, 512, 530, 531, 532, 533, 534, 536, 573, 589, 596, 598, 601, 605, 617, 620, 624, 646, 653, 658, 660, 662, 668, 689, 694, 702, 724, 725, 745, 760, 775, 793, 829, 838, 839, 877, 901, 903, 905, 910, 923]","[1, 4, 13, 14, 29, 31, 54, 55, 56, 57, 58, 59, 60, 102, 118, 125, 127, 130, 134, 135, 142, 146, 147, 149, 153, 175, 180, 182, 187, 189, 191, 197, 218, 225, 229, 230, 232, 238, 264, 265, 266, 269, 286, 299, 302, 317, 318, 320, 331, 336, 338, 352, 354, 367, 379, 382, 387, 388, 389, 403, 405, 408, 410, 425, 454, 455, 458, 463, 465, 466, 468, 470, 472, 473, 475, 483, 484, 487, 490, 498, 499, 512, 514, 530, 531, 532, 533, 534, 535, 536, 573, 589, 596, 598, 601, 605, 606, 613, 617, 618, 620, 624, 646, 651, 653, 658, 660, 662, 668, 686, 689, 693, 694, 696, 702, 724, 725, 728, 745, 758, 760, 775, 776, 778, 788, 793, 794, 807, 809, 829, 832, 837, 838, 839, 852, 854, 858, 860, 861, 877, 901, 902, 903, 905, 910, 912, 913, 915, 917, 919, 920, 923, 931, 934, 935]","[1, 4, 13, 14, 29, 31, 54, 55, 56, 57, 58, 59, 60, 64, 89, 102, 103, 104, 105, 106, 107, 108, 109, 110, 111, 112, 113, 114, 115, 116, 117, 118, 119, 120, 121, 122, 123, 124, 125, 126, 127, 128, 129, 130, 131, 132, 133, 134, 135, 136, 137, 138, 139, 140, 141, 142, 143, 144, 145, 146, 147, 148, 149, 150, 151, 152, 153, 154, 155, 156, 157, 158, 159, 160, 161, 162, 163, 164, 165, 166, 167, 168, 169, 170, 171, 172, 173, 174, 175, 176, 177, 178, 179, 180, 181, 182, 183, 184, 185, 186, 187, 188, 189, 190, 191, 192, 193, 194, 195, 196, 197, 198, 199, 200, 201, 202, 203, 204, 205, 206, 207, 208, 209, 210, 211, 212, 213, 214, 215, 216, 217, 218, 219, 220, 221, 222, 223, 224, 225, 226, 227, 228, 229, 230, 231, 232, 233, 234, 235, 236, 237, 238, 239, 240, 241, 242, 243, 244, 245, 246, 247, 248, 249, 250, 251, 252, 253, 254, 255, 256, 257, 258, 259, 260, 261, 262, 263, 264, 265, 266, 267, 268, 269, 270, 271, 272, 273, 274, 275, 276, 277, 278, 279, 280, 281, 282, 283, 284, 285, 286, 287, 288, 289, 290, 291, 292, 293, 294, 295, 296, 297, 298, 299, 300, 301, 302, 303, 304, 305, 306, 307, 308, 309, 310, 311, 312, 313, 314, 315, 316, 317, 318, 319, 320, 321, 322, 323, 324, 325, 326, 327, 328, 329, 330, 331, 332, 333, 334, 335, 336, 337, 338, 342, 343, 344, 345, 346, 349, 351, 352, 354, 355, 357, 359, 364, 367, 368, 371, 372, 373, 374, 376, 377, 379, 382, 387, 388, 389, 392, 393, 403, 405, 408, 409, 410, 411, 414, 424, 425, 430, 449, 454, 455, 458, 463, 465, 466, 468, 470, 472, 473, 475, 480, 483, 484, 487, 490, 498, 499, 512, 514, 530, 531, 532, 533, 534, 535, 536, 538, 560, 573, 574, 575, 576, 577, 578, 579, 580, 581, 582, 583, 584, 585, 586, 587, 588, 589, 590, 591, 592, 593, 594, 595, 596, 597, 598, 599, 600, 601, 602, 603, 604, 605, 606, 607, 608, 609, 610, 611, 612, 613, 614, 615, 616, 617, 618, 619, 620, 621, 622, 623, 624, 625, 626, 627, 628, 629, 630, 631, 632, 633, 634, 635, 636, 637, 638, 639, 640, 641, 642, 643, 644, 645, 646, 647, 648, 649, 650, 651, 652, 653, 654, 655, 656, 657, 658, 659, 660, 661, 662, 663, 664, 665, 666, 667, 668, 669, 670, 671, 672, 673, 674, 675, 676, 677, 678, 679, 680, 681, 682, 683, 684, 685, 686, 687, 688, 689, 690, 691, 692, 693, 694, 695, 696, 697, 698, 699, 700, 701, 702, 703, 704, 705, 706, 707, 708, 709, 710, 711, 712, 713, 714, 715, 716, 717, 718, 719, 720, 721, 722, 723, 724, 725, 726, 727, 728, 729, 730, 731, 732, 733, 734, 735, 736, 737, 738, 739, 740, 741, 742, 743, 744, 745, 746, 747, 748, 749, 750, 751, 752, 753, 754, 755, 756, 757, 758, 759, 760, 761, 762, 763, 764, 765, 766, 767, 768, 769, 770, 771, 772, 773, 774, 775, 776, 777, 778, 779, 780, 781, 782, 783, 784, 785, 786, 787, 788, 789, 790, 791, 792, 793, 794, 798, 799, 800, 801, 804, 806, 807, 809, 810, 812, 814, 816, 821, 822, 823, 824, 826, 827, 829, 832, 837, 838, 839, 842, 843, 852, 854, 858, 859, 860, 861, 862, 865, 869, 876, 877, 882, 897, 901, 902, 903, 905, 910, 912, 913, 915, 917, 919, 920, 923, 931, 932, 934, 935]",False,"[172, 264, 643, 724]","[103, 104, 105, 106, 107, 108, 109, 110, 111, 112, 113, 114, 115, 116, 117, 118, 119, 120, 121, 122, 123, 124, 125, 126, 127, 128, 129, 130, 131, 132, 133, 134, 135, 136, 137, 138, 139, 140, 141, 142, 143, 144, 145, 146, 147, 148, 149, 150, 151, 152, 153, 154, 155, 156, 157, 158, 159, 160, 161, 162, 163, 164, 165, 166, 167, 168, 169, 170, 171, 172, 173, 174, 175, 176, 177, 178, 179, 180, 181, 182, 183, 184, 185, 186, 187, 188, 189, 190, 191, 192, 193, 194, 195, 196, 197, 198, 199, 200, 201, 202, 203, 204, 205, 206, 207, 208, 209, 210, 211, 212, 213, 214, 215, 216, 217, 218, 219, 220, 221, 222, 223, 224, 225, 226, 227, 228, 229, 230, 231, 232, 233, 234, 235, 236, 237, 238, 239, 240, 241, 242, 243, 244, 245, 246, 247, 248, 249, 250, 251, 252, 253, 254, 255, 256, 257, 258, 259, 260, 261, 262, 263, 264, 265, 266, 267, 268, 269, 270, 271, 272, 273, 274, 275, 276, 277, 278, 279, 280, 281, 282, 283, 284, 285, 286, 287, 288, 289, 290, 291, 292, 293, 294, 295, 296, 297, 298, 299, 300, 301, 302, 303, 304, 305, 306, 307, 308, 309, 310, 311, 312, 313, 314, 315, 316, 317, 318, 319, 320, 321, 322, 323, 324, 325, 326, 327, 328, 329, 330, 331, 332, 333, 334, 335, 336, 337, 574, 575, 576, 577, 578, 579, 580, 581, 582, 583, 584, 585, 586, 587, 588, 589, 590, 591, 592, 593, 594, 595, 596, 597, 598, 599, 600, 601, 602, 603, 604, 605, 606, 607, 608, 609, 610, 611, 612, 613, 614, 615, 616, 617, 618, 619, 620, 621, 622, 623, 624, 625, 626, 627, 628, 629, 630, 631, 632, 633, 634, 635, 636, 637, 638, 639, 640, 641, 642, 643, 644, 645, 646, 647, 648, 649, 650, 651, 652, 653, 654, 655, 656, 657, 658, 659, 660, 661, 662, 663, 664, 665, 666, 667, 668, 669, 670, 671, 672, 673, 674, 675, 676, 677, 678, 679, 680, 681, 682, 683, 684, 685, 686, 687, 688, 689, 690, 691, 692, 693, 694, 695, 696, 697, 698, 699, 700, 701, 702, 703, 704, 705, 706, 707, 708, 709, 710, 711, 712, 713, 714, 715, 716, 717, 718, 719, 720, 721, 722, 723, 724, 725, 726, 727, 728, 729, 730, 731, 732, 733, 734, 735, 736, 737, 738, 739, 740, 741, 742, 743, 744, 745, 746, 747, 748, 749, 750, 751, 752, 753, 754, 755, 756, 757, 758, 759, 760, 761, 762, 763, 764, 765, 766, 767, 768, 769, 770, 771, 772, 773, 774, 775, 776, 777, 778, 779, 780, 781, 782, 783, 784, 785, 786, 787, 788, 789, 790, 791, 792, 793]","[172, 264, 643, 724]","[64, 197, 223, 264, 538, 668, 687, 724]","[89, 108, 172, 217, 221, 239, 264, 280, 321, 342, 343, 344, 345, 346, 349, 351, 352, 355, 357, 359, 364, 368, 371, 372, 373, 374, 376, 377, 387, 392, 393, 403, 409, 411, 414, 424, 430, 449, 454, 470, 480, 560, 584, 643, 685, 703, 724, 739, 779, 798, 799, 800, 801, 804, 806, 807, 810, 812, 814, 816, 821, 822, 823, 824, 826, 827, 837, 842, 843, 852, 859, 862, 865, 869, 876, 882, 897, 901, 917, 932]","[1, 4, 13, 14, 29, 31, 54, 55, 56, 57, 58, 59, 60, 102, 118, 125, 127, 130, 134, 135, 142, 146, 147, 149, 153, 175, 180, 182, 187, 189, 191, 197, 218, 225, 229, 230, 232, 238, 264, 265, 266, 269, 286, 299, 302, 317, 318, 320, 331, 336, 338, 352, 354, 367, 379, 382, 387, 388, 389, 403, 405, 408, 410, 425, 454, 455, 458, 463, 465, 466, 468, 470, 472, 473, 475, 483, 484, 487, 490, 498, 499, 512, 514, 530, 531, 532, 533, 534, 535, 536, 573, 589, 596, 598, 601, 605, 606, 613, 617, 618, 620, 624, 646, 651, 653, 658, 660, 662, 668, 686, 689, 693, 694, 696, 702, 724, 725, 728, 745, 758, 760, 775, 776, 778, 788, 793, 794, 807, 809, 829, 832, 837, 838, 839, 852, 854, 858, 860, 861, 877, 901, 902, 903, 905, 910, 912, 913, 915, 917, 919, 920, 923, 931, 934, 935]","[1, 13, 14, 29, 54, 55, 56, 57, 58, 60, 102, 118, 125, 127, 130, 134, 146, 149, 153, 175, 182, 187, 189, 191, 197, 225, 230, 238, 264, 265, 266, 286, 302, 317, 336, 379, 388, 389, 425, 454, 458, 463, 475, 487, 498, 499, 512, 530, 531, 532, 533, 534, 536, 573, 589, 596, 598, 601, 605, 617, 620, 624, 646, 653, 658, 660, 662, 668, 689, 694, 702, 724, 725, 745, 760, 775, 793, 829, 838, 839, 877, 901, 903, 905, 910, 923]",7/6 successful match,False,,False,815,False,,1.0,True,Ramos Oil ( Shell ),Shell
D Dixon ( 95620 ) Sidhu Truck Stop ( Chevron ),707-678-4400 I-80 Exit 67 ( Pedrick Rd N ),24 DOMO,Dixon,95620,Sidhu Truck Stop ( Chevron ),707-678-4400,2014,Dixon,CA,Chevron,( Pedrick Rd N ),I-80 Exit 67 ,Exit,67,False,,False,I-80,,,,,"[643, 172]","[172, 264, 643, 724]","[172, 264, 643, 724]","[172, 643]","[103, 104, 105, 106, 107, 108, 109, 110, 111, 112, 113, 114, 115, 116, 117, 118, 119, 120, 121, 122, 123, 124, 125, 126, 127, 128, 129, 130, 131, 132, 133, 134, 135, 136, 137, 138, 139, 140, 141, 142, 143, 144, 145, 146, 147, 148, 149, 150, 151, 152, 153, 154, 155, 156, 157, 158, 159, 160, 161, 162, 163, 164, 165, 166, 167, 168, 169, 170, 171, 172, 173, 174, 175, 176, 177, 178, 179, 180, 181, 182, 183, 184, 185, 186, 187, 188, 189, 190, 191, 192, 193, 194, 195, 196, 197, 198, 199, 200, 201, 202, 203, 204, 205, 206, 207, 208, 209, 210, 211, 212, 213, 214, 215, 216, 217, 218, 219, 220, 221, 222, 223, 224, 225, 226, 227, 228, 229, 230, 231, 232, 233, 234, 235, 236, 237, 238, 239, 240, 241, 242, 243, 244, 245, 246, 247, 248, 249, 250, 251, 252, 253, 254, 255, 256, 257, 258, 259, 260, 261, 262, 263, 264, 265, 266, 267, 268, 269, 270, 271, 272, 273, 274, 275, 276, 277, 278, 279, 280, 281, 282, 283, 284, 285, 286, 287, 288, 289, 290, 291, 292, 293, 294, 295, 296, 297, 298, 299, 300, 301, 302, 303, 304, 305, 306, 307, 308, 309, 310, 311, 312, 313, 314, 315, 316, 317, 318, 319, 320, 321, 322, 323, 324, 325, 326, 327, 328, 329, 330, 331, 332, 333, 334, 335, 336, 337, 574, 575, 576, 577, 578, 579, 580, 581, 582, 583, 584, 585, 586, 587, 588, 589, 590, 591, 592, 593, 594, 595, 596, 597, 598, 599, 600, 601, 602, 603, 604, 605, 606, 607, 608, 609, 610, 611, 612, 613, 614, 615, 616, 617, 618, 619, 620, 621, 622, 623, 624, 625, 626, 627, 628, 629, 630, 631, 632, 633, 634, 635, 636, 637, 638, 639, 640, 641, 642, 643, 644, 645, 646, 647, 648, 649, 650, 651, 652, 653, 654, 655, 656, 657, 658, 659, 660, 661, 662, 663, 664, 665, 666, 667, 668, 669, 670, 671, 672, 673, 674, 675, 676, 677, 678, 679, 680, 681, 682, 683, 684, 685, 686, 687, 688, 689, 690, 691, 692, 693, 694, 695, 696, 697, 698, 699, 700, 701, 702, 703, 704, 705, 706, 707, 708, 709, 710, 711, 712, 713, 714, 715, 716, 717, 718, 719, 720, 721, 722, 723, 724, 725, 726, 727, 728, 729, 730, 731, 732, 733, 734, 735, 736, 737, 738, 739, 740, 741, 742, 743, 744, 745, 746, 747, 748, 749, 750, 751, 752, 753, 754, 755, 756, 757, 758, 759, 760, 761, 762, 763, 764, 765, 766, 767, 768, 769, 770, 771, 772, 773, 774, 775, 776, 777, 778, 779, 780, 781, 782, 783, 784, 785, 786, 787, 788, 789, 790, 791, 792, 793]","[89, 108, 172, 217, 221, 239, 264, 280, 321, 342, 343, 344, 345, 346, 349, 351, 352, 355, 357, 359, 364, 368, 371, 372, 373, 374, 376, 377, 387, 392, 393, 403, 409, 411, 414, 424, 430, 449, 454, 470, 480, 560, 584, 643, 685, 703, 724, 739, 779, 798, 799, 800, 801, 804, 806, 807, 810, 812, 814, 816, 821, 822, 823, 824, 826, 827, 837, 842, 843, 852, 859, 862, 865, 869, 876, 882, 897, 901, 917, 932]","[12, 24, 25, 28, 88, 100, 104, 119, 123, 129, 136, 137, 139, 140, 141, 148, 155, 169, 172, 179, 183, 185, 188, 196, 198, 217, 237, 267, 270, 278, 319, 321, 324, 325, 330, 334, 335, 354, 366, 369, 380, 383, 384, 386, 395, 407, 411, 423, 428, 436, 437, 452, 453, 456, 467, 471, 477, 478, 479, 497, 508, 511, 559, 571, 575, 590, 594, 600, 607, 608, 610, 611, 612, 619, 627, 640, 643, 650, 654, 656, 659, 667, 669, 685, 701, 726, 729, 737, 777, 779, 782, 783, 787, 790, 791, 809, 817, 819, 830, 833, 834, 836, 845, 856, 857, 860, 862, 875, 880, 887, 888, 899, 900, 914, 918, 921, 928, 929, 930]","[12, 24, 25, 28, 88, 100, 104, 119, 123, 129, 136, 137, 139, 140, 141, 148, 155, 169, 172, 179, 183, 185, 188, 196, 198, 217, 237, 267, 270, 278, 319, 321, 324, 325, 330, 334, 335, 354, 366, 369, 380, 383, 384, 386, 395, 407, 411, 423, 428, 436, 437, 452, 453, 456, 467, 471, 477, 478, 479, 497, 508, 511, 559, 571, 575, 590, 594, 600, 607, 608, 610, 611, 612, 619, 627, 640, 643, 650, 654, 656, 659, 667, 669, 685, 701, 726, 729, 737, 777, 779, 782, 783, 787, 790, 791, 809, 817, 819, 830, 833, 834, 836, 845, 856, 857, 860, 862, 875, 880, 887, 888, 899, 900, 914, 918, 921, 928, 929, 930]","[12, 24, 25, 28, 88, 89, 100, 103, 104, 105, 106, 107, 108, 109, 110, 111, 112, 113, 114, 115, 116, 117, 118, 119, 120, 121, 122, 123, 124, 125, 126, 127, 128, 129, 130, 131, 132, 133, 134, 135, 136, 137, 138, 139, 140, 141, 142, 143, 144, 145, 146, 147, 148, 149, 150, 151, 152, 153, 154, 155, 156, 157, 158, 159, 160, 161, 162, 163, 164, 165, 166, 167, 168, 169, 170, 171, 172, 173, 174, 175, 176, 177, 178, 179, 180, 181, 182, 183, 184, 185, 186, 187, 188, 189, 190, 191, 192, 193, 194, 195, 196, 197, 198, 199, 200, 201, 202, 203, 204, 205, 206, 207, 208, 209, 210, 211, 212, 213, 214, 215, 216, 217, 218, 219, 220, 221, 222, 223, 224, 225, 226, 227, 228, 229, 230, 231, 232, 233, 234, 235, 236, 237, 238, 239, 240, 241, 242, 243, 244, 245, 246, 247, 248, 249, 250, 251, 252, 253, 254, 255, 256, 257, 258, 259, 260, 261, 262, 263, 264, 265, 266, 267, 268, 269, 270, 271, 272, 273, 274, 275, 276, 277, 278, 279, 280, 281, 282, 283, 284, 285, 286, 287, 288, 289, 290, 291, 292, 293, 294, 295, 296, 297, 298, 299, 300, 301, 302, 303, 304, 305, 306, 307, 308, 309, 310, 311, 312, 313, 314, 315, 316, 317, 318, 319, 320, 321, 322, 323, 324, 325, 326, 327, 328, 329, 330, 331, 332, 333, 334, 335, 336, 337, 342, 343, 344, 345, 346, 349, 351, 352, 354, 355, 357, 359, 364, 366, 368, 369, 371, 372, 373, 374, 376, 377, 380, 383, 384, 386, 387, 392, 393, 395, 403, 407, 409, 411, 414, 423, 424, 428, 430, 436, 437, 449, 452, 453, 454, 456, 467, 470, 471, 477, 478, 479, 480, 497, 508, 511, 559, 560, 571, 574, 575, 576, 577, 578, 579, 580, 581, 582, 583, 584, 585, 586, 587, 588, 589, 590, 591, 592, 593, 594, 595, 596, 597, 598, 599, 600, 601, 602, 603, 604, 605, 606, 607, 608, 609, 610, 611, 612, 613, 614, 615, 616, 617, 618, 619, 620, 621, 622, 623, 624, 625, 626, 627, 628, 629, 630, 631, 632, 633, 634, 635, 636, 637, 638, 639, 640, 641, 642, 643, 644, 645, 646, 647, 648, 649, 650, 651, 652, 653, 654, 655, 656, 657, 658, 659, 660, 661, 662, 663, 664, 665, 666, 667, 668, 669, 670, 671, 672, 673, 674, 675, 676, 677, 678, 679, 680, 681, 682, 683, 684, 685, 686, 687, 688, 689, 690, 691, 692, 693, 694, 695, 696, 697, 698, 699, 700, 701, 702, 703, 704, 705, 706, 707, 708, 709, 710, 711, 712, 713, 714, 715, 716, 717, 718, 719, 720, 721, 722, 723, 724, 725, 726, 727, 728, 729, 730, 731, 732, 733, 734, 735, 736, 737, 738, 739, 740, 741, 742, 743, 744, 745, 746, 747, 748, 749, 750, 751, 752, 753, 754, 755, 756, 757, 758, 759, 760, 761, 762, 763, 764, 765, 766, 767, 768, 769, 770, 771, 772, 773, 774, 775, 776, 777, 778, 779, 780, 781, 782, 783, 784, 785, 786, 787, 788, 789, 790, 791, 792, 793, 798, 799, 800, 801, 804, 806, 807, 809, 810, 812, 814, 816, 817, 819, 821, 822, 823, 824, 826, 827, 830, 833, 834, 836, 837, 842, 843, 845, 852, 856, 857, 859, 860, 862, 865, 869, 875, 876, 880, 882, 887, 888, 897, 899, 900, 901, 914, 917, 918, 921, 928, 929, 930, 932]",True,"[172, 264, 643, 724]","[103, 104, 105, 106, 107, 108, 109, 110, 111, 112, 113, 114, 115, 116, 117, 118, 119, 120, 121, 122, 123, 124, 125, 126, 127, 128, 129, 130, 131, 132, 133, 134, 135, 136, 137, 138, 139, 140, 141, 142, 143, 144, 145, 146, 147, 148, 149, 150, 151, 152, 153, 154, 155, 156, 157, 158, 159, 160, 161, 162, 163, 164, 165, 166, 167, 168, 169, 170, 171, 172, 173, 174, 175, 176, 177, 178, 179, 180, 181, 182, 183, 184, 185, 186, 187, 188, 189, 190, 191, 192, 193, 194, 195, 196, 197, 198, 199, 200, 201, 202, 203, 204, 205, 206, 207, 208, 209, 210, 211, 212, 213, 214, 215, 216, 217, 218, 219, 220, 221, 222, 223, 224, 225, 226, 227, 228, 229, 230, 231, 232, 233, 234, 235, 236, 237, 238, 239, 240, 241, 242, 243, 244, 245, 246, 247, 248, 249, 250, 251, 252, 253, 254, 255, 256, 257, 258, 259, 260, 261, 262, 263, 264, 265, 266, 267, 268, 269, 270, 271, 272, 273, 274, 275, 276, 277, 278, 279, 280, 281, 282, 283, 284, 285, 286, 287, 288, 289, 290, 291, 292, 293, 294, 295, 296, 297, 298, 299, 300, 301, 302, 303, 304, 305, 306, 307, 308, 309, 310, 311, 312, 313, 314, 315, 316, 317, 318, 319, 320, 321, 322, 323, 324, 325, 326, 327, 328, 329, 330, 331, 332, 333, 334, 335, 336, 337, 574, 575, 576, 577, 578, 579, 580, 581, 582, 583, 584, 585, 586, 587, 588, 589, 590, 591, 592, 593, 594, 595, 596, 597, 598, 599, 600, 601, 602, 603, 604, 605, 606, 607, 608, 609, 610, 611, 612, 613, 614, 615, 616, 617, 618, 619, 620, 621, 622, 623, 624, 625, 626, 627, 628, 629, 630, 631, 632, 633, 634, 635, 636, 637, 638, 639, 640, 641, 642, 643, 644, 645, 646, 647, 648, 649, 650, 651, 652, 653, 654, 655, 656, 657, 658, 659, 660, 661, 662, 663, 664, 665, 666, 667, 668, 669, 670, 671, 672, 673, 674, 675, 676, 677, 678, 679, 680, 681, 682, 683, 684, 685, 686, 687, 688, 689, 690, 691, 692, 693, 694, 695, 696, 697, 698, 699, 700, 701, 702, 703, 704, 705, 706, 707, 708, 709, 710, 711, 712, 713, 714, 715, 716, 717, 718, 719, 720, 721, 722, 723, 724, 725, 726, 727, 728, 729, 730, 731, 732, 733, 734, 735, 736, 737, 738, 739, 740, 741, 742, 743, 744, 745, 746, 747, 748, 749, 750, 751, 752, 753, 754, 755, 756, 757, 758, 759, 760, 761, 762, 763, 764, 765, 766, 767, 768, 769, 770, 771, 772, 773, 774, 775, 776, 777, 778, 779, 780, 781, 782, 783, 784, 785, 786, 787, 788, 789, 790, 791, 792, 793]","[172, 264, 643, 724]","[172, 643]","[89, 108, 172, 217, 221, 239, 264, 280, 321, 342, 343, 344, 345, 346, 349, 351, 352, 355, 357, 359, 364, 368, 371, 372, 373, 374, 376, 377, 387, 392, 393, 403, 409, 411, 414, 424, 430, 449, 454, 470, 480, 560, 584, 643, 685, 703, 724, 739, 779, 798, 799, 800, 801, 804, 806, 807, 810, 812, 814, 816, 821, 822, 823, 824, 826, 827, 837, 842, 843, 852, 859, 862, 865, 869, 876, 882, 897, 901, 917, 932]","[12, 24, 25, 28, 88, 100, 104, 119, 123, 129, 136, 137, 139, 140, 141, 148, 155, 169, 172, 179, 183, 185, 188, 196, 198, 217, 237, 267, 270, 278, 319, 321, 324, 325, 330, 334, 335, 354, 366, 369, 380, 383, 384, 386, 395, 407, 411, 423, 428, 436, 437, 452, 453, 456, 467, 471, 477, 478, 479, 497, 508, 511, 559, 571, 575, 590, 594, 600, 607, 608, 610, 611, 612, 619, 627, 640, 643, 650, 654, 656, 659, 667, 669, 685, 701, 726, 729, 737, 777, 779, 782, 783, 787, 790, 791, 809, 817, 819, 830, 833, 834, 836, 845, 856, 857, 860, 862, 875, 880, 887, 888, 899, 900, 914, 918, 921, 928, 929, 930]","[12, 24, 25, 28, 88, 100, 104, 119, 123, 129, 136, 137, 139, 140, 141, 148, 155, 169, 172, 179, 183, 185, 188, 196, 198, 217, 237, 267, 270, 278, 319, 321, 324, 325, 330, 334, 335, 354, 366, 369, 380, 383, 384, 386, 395, 407, 411, 423, 428, 436, 437, 452, 453, 456, 467, 471, 477, 478, 479, 497, 508, 511, 559, 571, 575, 590, 594, 600, 607, 608, 610, 611, 612, 619, 627, 640, 643, 650, 654, 656, 659, 667, 669, 685, 701, 726, 729, 737, 777, 779, 782, 783, 787, 790, 791, 809, 817, 819, 830, 833, 834, 836, 845, 856, 857, 860, 862, 875, 880, 887, 888, 899, 900, 914, 918, 921, 928, 929, 930]",7/6 successful match,True,"[736, 737]",True,815,True,2014,0.19148936170212766,False,Ramos Oil ( Shell ),Shell
D Dixon ( 95620 ) Sidhu Chevron,2 707-678-4400 I-80 Exit 67 ( Pedrick Rd N ) AMBEST,24 . MO,Dixon,95620,Sidhu Chevron,707-678-4400,2015,Dixon,CA,Chevron,( Pedrick Rd N ) AMBEST,I-80 Exit 67 ,Exit,67,False,,False,I-80,,,,,"[643, 172]","[172, 264, 643, 724]","[172, 264, 643, 724]","[172, 643]","[103, 104, 105, 106, 107, 108, 109, 110, 111, 112, 113, 114, 115, 116, 117, 118, 119, 120, 121, 122, 123, 124, 125, 126, 127, 128, 129, 130, 131, 132, 133, 134, 135, 136, 137, 138, 139, 140, 141, 142, 143, 144, 145, 146, 147, 148, 149, 150, 151, 152, 153, 154, 155, 156, 157, 158, 159, 160, 161, 162, 163, 164, 165, 166, 167, 168, 169, 170, 171, 172, 173, 174, 175, 176, 177, 178, 179, 180, 181, 182, 183, 184, 185, 186, 187, 188, 189, 190, 191, 192, 193, 194, 195, 196, 197, 198, 199, 200, 201, 202, 203, 204, 205, 206, 207, 208, 209, 210, 211, 212, 213, 214, 215, 216, 217, 218, 219, 220, 221, 222, 223, 224, 225, 226, 227, 228, 229, 230, 231, 232, 233, 234, 235, 236, 237, 238, 239, 240, 241, 242, 243, 244, 245, 246, 247, 248, 249, 250, 251, 252, 253, 254, 255, 256, 257, 258, 259, 260, 261, 262, 263, 264, 265, 266, 267, 268, 269, 270, 271, 272, 273, 274, 275, 276, 277, 278, 279, 280, 281, 282, 283, 284, 285, 286, 287, 288, 289, 290, 291, 292, 293, 294, 295, 296, 297, 298, 299, 300, 301, 302, 303, 304, 305, 306, 307, 308, 309, 310, 311, 312, 313, 314, 315, 316, 317, 318, 319, 320, 321, 322, 323, 324, 325, 326, 327, 328, 329, 330, 331, 332, 333, 334, 335, 336, 337, 574, 575, 576, 577, 578, 579, 580, 581, 582, 583, 584, 585, 586, 587, 588, 589, 590, 591, 592, 593, 594, 595, 596, 597, 598, 599, 600, 601, 602, 603, 604, 605, 606, 607, 608, 609, 610, 611, 612, 613, 614, 615, 616, 617, 618, 619, 620, 621, 622, 623, 624, 625, 626, 627, 628, 629, 630, 631, 632, 633, 634, 635, 636, 637, 638, 639, 640, 641, 642, 643, 644, 645, 646, 647, 648, 649, 650, 651, 652, 653, 654, 655, 656, 657, 658, 659, 660, 661, 662, 663, 664, 665, 666, 667, 668, 669, 670, 671, 672, 673, 674, 675, 676, 677, 678, 679, 680, 681, 682, 683, 684, 685, 686, 687, 688, 689, 690, 691, 692, 693, 694, 695, 696, 697, 698, 699, 700, 701, 702, 703, 704, 705, 706, 707, 708, 709, 710, 711, 712, 713, 714, 715, 716, 717, 718, 719, 720, 721, 722, 723, 724, 725, 726, 727, 728, 729, 730, 731, 732, 733, 734, 735, 736, 737, 738, 739, 740, 741, 742, 743, 744, 745, 746, 747, 748, 749, 750, 751, 752, 753, 754, 755, 756, 757, 758, 759, 760, 761, 762, 763, 764, 765, 766, 767, 768, 769, 770, 771, 772, 773, 774, 775, 776, 777, 778, 779, 780, 781, 782, 783, 784, 785, 786, 787, 788, 789, 790, 791, 792, 793]","[89, 108, 172, 217, 221, 239, 264, 280, 321, 342, 343, 344, 345, 346, 349, 351, 352, 355, 357, 359, 364, 368, 371, 372, 373, 374, 376, 377, 387, 392, 393, 403, 409, 411, 414, 424, 430, 449, 454, 470, 480, 560, 584, 643, 685, 703, 724, 739, 779, 798, 799, 800, 801, 804, 806, 807, 810, 812, 814, 816, 821, 822, 823, 824, 826, 827, 837, 842, 843, 852, 859, 862, 865, 869, 876, 882, 897, 901, 917, 932]","[12, 24, 25, 28, 88, 100, 104, 119, 123, 129, 136, 137, 139, 140, 141, 148, 155, 169, 172, 179, 183, 185, 188, 196, 198, 217, 237, 267, 270, 278, 319, 321, 324, 325, 330, 334, 335, 354, 366, 369, 380, 383, 384, 386, 395, 407, 411, 423, 428, 436, 437, 452, 453, 456, 467, 471, 477, 478, 479, 497, 508, 511, 559, 571, 575, 590, 594, 600, 607, 608, 610, 611, 612, 619, 627, 640, 643, 650, 654, 656, 659, 667, 669, 685, 701, 726, 729, 737, 777, 779, 782, 783, 787, 790, 791, 809, 817, 819, 830, 833, 834, 836, 845, 856, 857, 860, 862, 875, 880, 887, 888, 899, 900, 914, 918, 921, 928, 929, 930]","[12, 24, 25, 28, 88, 100, 104, 119, 123, 129, 136, 137, 139, 140, 141, 148, 155, 169, 172, 179, 183, 185, 188, 196, 198, 217, 237, 267, 270, 278, 319, 321, 324, 325, 330, 334, 335, 354, 366, 369, 380, 383, 384, 386, 395, 407, 411, 423, 428, 436, 437, 452, 453, 456, 467, 471, 477, 478, 479, 497, 508, 511, 559, 571, 575, 590, 594, 600, 607, 608, 610, 611, 612, 619, 627, 640, 643, 650, 654, 656, 659, 667, 669, 685, 701, 726, 729, 737, 777, 779, 782, 783, 787, 790, 791, 809, 817, 819, 830, 833, 834, 836, 845, 856, 857, 860, 862, 875, 880, 887, 888, 899, 900, 914, 918, 921, 928, 929, 930]","[12, 24, 25, 28, 88, 89, 100, 103, 104, 105, 106, 107, 108, 109, 110, 111, 112, 113, 114, 115, 116, 117, 118, 119, 120, 121, 122, 123, 124, 125, 126, 127, 128, 129, 130, 131, 132, 133, 134, 135, 136, 137, 138, 139, 140, 141, 142, 143, 144, 145, 146, 147, 148, 149, 150, 151, 152, 153, 154, 155, 156, 157, 158, 159, 160, 161, 162, 163, 164, 165, 166, 167, 168, 169, 170, 171, 172, 173, 174, 175, 176, 177, 178, 179, 180, 181, 182, 183, 184, 185, 186, 187, 188, 189, 190, 191, 192, 193, 194, 195, 196, 197, 198, 199, 200, 201, 202, 203, 204, 205, 206, 207, 208, 209, 210, 211, 212, 213, 214, 215, 216, 217, 218, 219, 220, 221, 222, 223, 224, 225, 226, 227, 228, 229, 230, 231, 232, 233, 234, 235, 236, 237, 238, 239, 240, 241, 242, 243, 244, 245, 246, 247, 248, 249, 250, 251, 252, 253, 254, 255, 256, 257, 258, 259, 260, 261, 262, 263, 264, 265, 266, 267, 268, 269, 270, 271, 272, 273, 274, 275, 276, 277, 278, 279, 280, 281, 282, 283, 284, 285, 286, 287, 288, 289, 290, 291, 292, 293, 294, 295, 296, 297, 298, 299, 300, 301, 302, 303, 304, 305, 306, 307, 308, 309, 310, 311, 312, 313, 314, 315, 316, 317, 318, 319, 320, 321, 322, 323, 324, 325, 326, 327, 328, 329, 330, 331, 332, 333, 334, 335, 336, 337, 342, 343, 344, 345, 346, 349, 351, 352, 354, 355, 357, 359, 364, 366, 368, 369, 371, 372, 373, 374, 376, 377, 380, 383, 384, 386, 387, 392, 393, 395, 403, 407, 409, 411, 414, 423, 424, 428, 430, 436, 437, 449, 452, 453, 454, 456, 467, 470, 471, 477, 478, 479, 480, 497, 508, 511, 559, 560, 571, 574, 575, 576, 577, 578, 579, 580, 581, 582, 583, 584, 585, 586, 587, 588, 589, 590, 591, 592, 593, 594, 595, 596, 597, 598, 599, 600, 601, 602, 603, 604, 605, 606, 607, 608, 609, 610, 611, 612, 613, 614, 615, 616, 617, 618, 619, 620, 621, 622, 623, 624, 625, 626, 627, 628, 629, 630, 631, 632, 633, 634, 635, 636, 637, 638, 639, 640, 641, 642, 643, 644, 645, 646, 647, 648, 649, 650, 651, 652, 653, 654, 655, 656, 657, 658, 659, 660, 661, 662, 663, 664, 665, 666, 667, 668, 669, 670, 671, 672, 673, 674, 675, 676, 677, 678, 679, 680, 681, 682, 683, 684, 685, 686, 687, 688, 689, 690, 691, 692, 693, 694, 695, 696, 697, 698, 699, 700, 701, 702, 703, 704, 705, 706, 707, 708, 709, 710, 711, 712, 713, 714, 715, 716, 717, 718, 719, 720, 721, 722, 723, 724, 725, 726, 727, 728, 729, 730, 731, 732, 733, 734, 735, 736, 737, 738, 739, 740, 741, 742, 743, 744, 745, 746, 747, 748, 749, 750, 751, 752, 753, 754, 755, 756, 757, 758, 759, 760, 761, 762, 763, 764, 765, 766, 767, 768, 769, 770, 771, 772, 773, 774, 775, 776, 777, 778, 779, 780, 781, 782, 783, 784, 785, 786, 787, 788, 789, 790, 791, 792, 793, 798, 799, 800, 801, 804, 806, 807, 809, 810, 812, 814, 816, 817, 819, 821, 822, 823, 824, 826, 827, 830, 833, 834, 836, 837, 842, 843, 845, 852, 856, 857, 859, 860, 862, 865, 869, 875, 876, 880, 882, 887, 888, 897, 899, 900, 901, 914, 917, 918, 921, 928, 929, 930, 932]",True,"[172, 264, 643, 724]","[103, 104, 105, 106, 107, 108, 109, 110, 111, 112, 113, 114, 115, 116, 117, 118, 119, 120, 121, 122, 123, 124, 125, 126, 127, 128, 129, 130, 131, 132, 133, 134, 135, 136, 137, 138, 139, 140, 141, 142, 143, 144, 145, 146, 147, 148, 149, 150, 151, 152, 153, 154, 155, 156, 157, 158, 159, 160, 161, 162, 163, 164, 165, 166, 167, 168, 169, 170, 171, 172, 173, 174, 175, 176, 177, 178, 179, 180, 181, 182, 183, 184, 185, 186, 187, 188, 189, 190, 191, 192, 193, 194, 195, 196, 197, 198, 199, 200, 201, 202, 203, 204, 205, 206, 207, 208, 209, 210, 211, 212, 213, 214, 215, 216, 217, 218, 219, 220, 221, 222, 223, 224, 225, 226, 227, 228, 229, 230, 231, 232, 233, 234, 235, 236, 237, 238, 239, 240, 241, 242, 243, 244, 245, 246, 247, 248, 249, 250, 251, 252, 253, 254, 255, 256, 257, 258, 259, 260, 261, 262, 263, 264, 265, 266, 267, 268, 269, 270, 271, 272, 273, 274, 275, 276, 277, 278, 279, 280, 281, 282, 283, 284, 285, 286, 287, 288, 289, 290, 291, 292, 293, 294, 295, 296, 297, 298, 299, 300, 301, 302, 303, 304, 305, 306, 307, 308, 309, 310, 311, 312, 313, 314, 315, 316, 317, 318, 319, 320, 321, 322, 323, 324, 325, 326, 327, 328, 329, 330, 331, 332, 333, 334, 335, 336, 337, 574, 575, 576, 577, 578, 579, 580, 581, 582, 583, 584, 585, 586, 587, 588, 589, 590, 591, 592, 593, 594, 595, 596, 597, 598, 599, 600, 601, 602, 603, 604, 605, 606, 607, 608, 609, 610, 611, 612, 613, 614, 615, 616, 617, 618, 619, 620, 621, 622, 623, 624, 625, 626, 627, 628, 629, 630, 631, 632, 633, 634, 635, 636, 637, 638, 639, 640, 641, 642, 643, 644, 645, 646, 647, 648, 649, 650, 651, 652, 653, 654, 655, 656, 657, 658, 659, 660, 661, 662, 663, 664, 665, 666, 667, 668, 669, 670, 671, 672, 673, 674, 675, 676, 677, 678, 679, 680, 681, 682, 683, 684, 685, 686, 687, 688, 689, 690, 691, 692, 693, 694, 695, 696, 697, 698, 699, 700, 701, 702, 703, 704, 705, 706, 707, 708, 709, 710, 711, 712, 713, 714, 715, 716, 717, 718, 719, 720, 721, 722, 723, 724, 725, 726, 727, 728, 729, 730, 731, 732, 733, 734, 735, 736, 737, 738, 739, 740, 741, 742, 743, 744, 745, 746, 747, 748, 749, 750, 751, 752, 753, 754, 755, 756, 757, 758, 759, 760, 761, 762, 763, 764, 765, 766, 767, 768, 769, 770, 771, 772, 773, 774, 775, 776, 777, 778, 779, 780, 781, 782, 783, 784, 785, 786, 787, 788, 789, 790, 791, 792, 793]","[172, 264, 643, 724]","[172, 643]","[89, 108, 172, 217, 221, 239, 264, 280, 321, 342, 343, 344, 345, 346, 349, 351, 352, 355, 357, 359, 364, 368, 371, 372, 373, 374, 376, 377, 387, 392, 393, 403, 409, 411, 414, 424, 430, 449, 454, 470, 480, 560, 584, 643, 685, 703, 724, 739, 779, 798, 799, 800, 801, 804, 806, 807, 810, 812, 814, 816, 821, 822, 823, 824, 826, 827, 837, 842, 843, 852, 859, 862, 865, 869, 876, 882, 897, 901, 917, 932]","[12, 24, 25, 28, 88, 100, 104, 119, 123, 129, 136, 137, 139, 140, 141, 148, 155, 169, 172, 179, 183, 185, 188, 196, 198, 217, 237, 267, 270, 278, 319, 321, 324, 325, 330, 334, 335, 354, 366, 369, 380, 383, 384, 386, 395, 407, 411, 423, 428, 436, 437, 452, 453, 456, 467, 471, 477, 478, 479, 497, 508, 511, 559, 571, 575, 590, 594, 600, 607, 608, 610, 611, 612, 619, 627, 640, 643, 650, 654, 656, 659, 667, 669, 685, 701, 726, 729, 737, 777, 779, 782, 783, 787, 790, 791, 809, 817, 819, 830, 833, 834, 836, 845, 856, 857, 860, 862, 875, 880, 887, 888, 899, 900, 914, 918, 921, 928, 929, 930]","[12, 24, 25, 28, 88, 100, 104, 119, 123, 129, 136, 137, 139, 140, 141, 148, 155, 169, 172, 179, 183, 185, 188, 196, 198, 217, 237, 267, 270, 278, 319, 321, 324, 325, 330, 334, 335, 354, 366, 369, 380, 383, 384, 386, 395, 407, 411, 423, 428, 436, 437, 452, 453, 456, 467, 471, 477, 478, 479, 497, 508, 511, 559, 571, 575, 590, 594, 600, 607, 608, 610, 611, 612, 619, 627, 640, 643, 650, 654, 656, 659, 667, 669, 685, 701, 726, 729, 737, 777, 779, 782, 783, 787, 790, 791, 809, 817, 819, 830, 833, 834, 836, 845, 856, 857, 860, 862, 875, 880, 887, 888, 899, 900, 914, 918, 921, 928, 929, 930]",7/6 successful match,True,"[736, 737]",True,815,False,,0.8902439024390245,True,Sidhu Truck Stop ( Chevron ),Chevron
Dixon ( 95620 ) Sidhu Chevron,707-678-4400 I-80 Exit 67 ( Pedrick Rd N ),N 24 MOO,Dixon,95620,Sidhu Chevron,707-678-4400,2016,Dixon,CA,Chevron,( Pedrick Rd N ),I-80 Exit 67 ,Exit,67,False,,False,I-80,,,,,"[643, 172]","[172, 264, 643, 724]","[172, 264, 643, 724]","[172, 643]","[103, 104, 105, 106, 107, 108, 109, 110, 111, 112, 113, 114, 115, 116, 117, 118, 119, 120, 121, 122, 123, 124, 125, 126, 127, 128, 129, 130, 131, 132, 133, 134, 135, 136, 137, 138, 139, 140, 141, 142, 143, 144, 145, 146, 147, 148, 149, 150, 151, 152, 153, 154, 155, 156, 157, 158, 159, 160, 161, 162, 163, 164, 165, 166, 167, 168, 169, 170, 171, 172, 173, 174, 175, 176, 177, 178, 179, 180, 181, 182, 183, 184, 185, 186, 187, 188, 189, 190, 191, 192, 193, 194, 195, 196, 197, 198, 199, 200, 201, 202, 203, 204, 205, 206, 207, 208, 209, 210, 211, 212, 213, 214, 215, 216, 217, 218, 219, 220, 221, 222, 223, 224, 225, 226, 227, 228, 229, 230, 231, 232, 233, 234, 235, 236, 237, 238, 239, 240, 241, 242, 243, 244, 245, 246, 247, 248, 249, 250, 251, 252, 253, 254, 255, 256, 257, 258, 259, 260, 261, 262, 263, 264, 265, 266, 267, 268, 269, 270, 271, 272, 273, 274, 275, 276, 277, 278, 279, 280, 281, 282, 283, 284, 285, 286, 287, 288, 289, 290, 291, 292, 293, 294, 295, 296, 297, 298, 299, 300, 301, 302, 303, 304, 305, 306, 307, 308, 309, 310, 311, 312, 313, 314, 315, 316, 317, 318, 319, 320, 321, 322, 323, 324, 325, 326, 327, 328, 329, 330, 331, 332, 333, 334, 335, 336, 337, 574, 575, 576, 577, 578, 579, 580, 581, 582, 583, 584, 585, 586, 587, 588, 589, 590, 591, 592, 593, 594, 595, 596, 597, 598, 599, 600, 601, 602, 603, 604, 605, 606, 607, 608, 609, 610, 611, 612, 613, 614, 615, 616, 617, 618, 619, 620, 621, 622, 623, 624, 625, 626, 627, 628, 629, 630, 631, 632, 633, 634, 635, 636, 637, 638, 639, 640, 641, 642, 643, 644, 645, 646, 647, 648, 649, 650, 651, 652, 653, 654, 655, 656, 657, 658, 659, 660, 661, 662, 663, 664, 665, 666, 667, 668, 669, 670, 671, 672, 673, 674, 675, 676, 677, 678, 679, 680, 681, 682, 683, 684, 685, 686, 687, 688, 689, 690, 691, 692, 693, 694, 695, 696, 697, 698, 699, 700, 701, 702, 703, 704, 705, 706, 707, 708, 709, 710, 711, 712, 713, 714, 715, 716, 717, 718, 719, 720, 721, 722, 723, 724, 725, 726, 727, 728, 729, 730, 731, 732, 733, 734, 735, 736, 737, 738, 739, 740, 741, 742, 743, 744, 745, 746, 747, 748, 749, 750, 751, 752, 753, 754, 755, 756, 757, 758, 759, 760, 761, 762, 763, 764, 765, 766, 767, 768, 769, 770, 771, 772, 773, 774, 775, 776, 777, 778, 779, 780, 781, 782, 783, 784, 785, 786, 787, 788, 789, 790, 791, 792, 793]","[89, 108, 172, 217, 221, 239, 264, 280, 321, 342, 343, 344, 345, 346, 349, 351, 352, 355, 357, 359, 364, 368, 371, 372, 373, 374, 376, 377, 387, 392, 393, 403, 409, 411, 414, 424, 430, 449, 454, 470, 480, 560, 584, 643, 685, 703, 724, 739, 779, 798, 799, 800, 801, 804, 806, 807, 810, 812, 814, 816, 821, 822, 823, 824, 826, 827, 837, 842, 843, 852, 859, 862, 865, 869, 876, 882, 897, 901, 917, 932]","[12, 24, 25, 28, 88, 100, 104, 119, 123, 129, 136, 137, 139, 140, 141, 148, 155, 169, 172, 179, 183, 185, 188, 196, 198, 217, 237, 267, 270, 278, 319, 321, 324, 325, 330, 334, 335, 354, 366, 369, 380, 383, 384, 386, 395, 407, 411, 423, 428, 436, 437, 452, 453, 456, 467, 471, 477, 478, 479, 497, 508, 511, 559, 571, 575, 590, 594, 600, 607, 608, 610, 611, 612, 619, 627, 640, 643, 650, 654, 656, 659, 667, 669, 685, 701, 726, 729, 737, 777, 779, 782, 783, 787, 790, 791, 809, 817, 819, 830, 833, 834, 836, 845, 856, 857, 860, 862, 875, 880, 887, 888, 899, 900, 914, 918, 921, 928, 929, 930]","[12, 24, 25, 28, 88, 100, 104, 119, 123, 129, 136, 137, 139, 140, 141, 148, 155, 169, 172, 179, 183, 185, 188, 196, 198, 217, 237, 267, 270, 278, 319, 321, 324, 325, 330, 334, 335, 354, 366, 369, 380, 383, 384, 386, 395, 407, 411, 423, 428, 436, 437, 452, 453, 456, 467, 471, 477, 478, 479, 497, 508, 511, 559, 571, 575, 590, 594, 600, 607, 608, 610, 611, 612, 619, 627, 640, 643, 650, 654, 656, 659, 667, 669, 685, 701, 726, 729, 737, 777, 779, 782, 783, 787, 790, 791, 809, 817, 819, 830, 833, 834, 836, 845, 856, 857, 860, 862, 875, 880, 887, 888, 899, 900, 914, 918, 921, 928, 929, 930]","[12, 24, 25, 28, 88, 89, 100, 103, 104, 105, 106, 107, 108, 109, 110, 111, 112, 113, 114, 115, 116, 117, 118, 119, 120, 121, 122, 123, 124, 125, 126, 127, 128, 129, 130, 131, 132, 133, 134, 135, 136, 137, 138, 139, 140, 141, 142, 143, 144, 145, 146, 147, 148, 149, 150, 151, 152, 153, 154, 155, 156, 157, 158, 159, 160, 161, 162, 163, 164, 165, 166, 167, 168, 169, 170, 171, 172, 173, 174, 175, 176, 177, 178, 179, 180, 181, 182, 183, 184, 185, 186, 187, 188, 189, 190, 191, 192, 193, 194, 195, 196, 197, 198, 199, 200, 201, 202, 203, 204, 205, 206, 207, 208, 209, 210, 211, 212, 213, 214, 215, 216, 217, 218, 219, 220, 221, 222, 223, 224, 225, 226, 227, 228, 229, 230, 231, 232, 233, 234, 235, 236, 237, 238, 239, 240, 241, 242, 243, 244, 245, 246, 247, 248, 249, 250, 251, 252, 253, 254, 255, 256, 257, 258, 259, 260, 261, 262, 263, 264, 265, 266, 267, 268, 269, 270, 271, 272, 273, 274, 275, 276, 277, 278, 279, 280, 281, 282, 283, 284, 285, 286, 287, 288, 289, 290, 291, 292, 293, 294, 295, 296, 297, 298, 299, 300, 301, 302, 303, 304, 305, 306, 307, 308, 309, 310, 311, 312, 313, 314, 315, 316, 317, 318, 319, 320, 321, 322, 323, 324, 325, 326, 327, 328, 329, 330, 331, 332, 333, 334, 335, 336, 337, 342, 343, 344, 345, 346, 349, 351, 352, 354, 355, 357, 359, 364, 366, 368, 369, 371, 372, 373, 374, 376, 377, 380, 383, 384, 386, 387, 392, 393, 395, 403, 407, 409, 411, 414, 423, 424, 428, 430, 436, 437, 449, 452, 453, 454, 456, 467, 470, 471, 477, 478, 479, 480, 497, 508, 511, 559, 560, 571, 574, 575, 576, 577, 578, 579, 580, 581, 582, 583, 584, 585, 586, 587, 588, 589, 590, 591, 592, 593, 594, 595, 596, 597, 598, 599, 600, 601, 602, 603, 604, 605, 606, 607, 608, 609, 610, 611, 612, 613, 614, 615, 616, 617, 618, 619, 620, 621, 622, 623, 624, 625, 626, 627, 628, 629, 630, 631, 632, 633, 634, 635, 636, 637, 638, 639, 640, 641, 642, 643, 644, 645, 646, 647, 648, 649, 650, 651, 652, 653, 654, 655, 656, 657, 658, 659, 660, 661, 662, 663, 664, 665, 666, 667, 668, 669, 670, 671, 672, 673, 674, 675, 676, 677, 678, 679, 680, 681, 682, 683, 684, 685, 686, 687, 688, 689, 690, 691, 692, 693, 694, 695, 696, 697, 698, 699, 700, 701, 702, 703, 704, 705, 706, 707, 708, 709, 710, 711, 712, 713, 714, 715, 716, 717, 718, 719, 720, 721, 722, 723, 724, 725, 726, 727, 728, 729, 730, 731, 732, 733, 734, 735, 736, 737, 738, 739, 740, 741, 742, 743, 744, 745, 746, 747, 748, 749, 750, 751, 752, 753, 754, 755, 756, 757, 758, 759, 760, 761, 762, 763, 764, 765, 766, 767, 768, 769, 770, 771, 772, 773, 774, 775, 776, 777, 778, 779, 780, 781, 782, 783, 784, 785, 786, 787, 788, 789, 790, 791, 792, 793, 798, 799, 800, 801, 804, 806, 807, 809, 810, 812, 814, 816, 817, 819, 821, 822, 823, 824, 826, 827, 830, 833, 834, 836, 837, 842, 843, 845, 852, 856, 857, 859, 860, 862, 865, 869, 875, 876, 880, 882, 887, 888, 897, 899, 900, 901, 914, 917, 918, 921, 928, 929, 930, 932]",True,"[172, 264, 643, 724]","[103, 104, 105, 106, 107, 108, 109, 110, 111, 112, 113, 114, 115, 116, 117, 118, 119, 120, 121, 122, 123, 124, 125, 126, 127, 128, 129, 130, 131, 132, 133, 134, 135, 136, 137, 138, 139, 140, 141, 142, 143, 144, 145, 146, 147, 148, 149, 150, 151, 152, 153, 154, 155, 156, 157, 158, 159, 160, 161, 162, 163, 164, 165, 166, 167, 168, 169, 170, 171, 172, 173, 174, 175, 176, 177, 178, 179, 180, 181, 182, 183, 184, 185, 186, 187, 188, 189, 190, 191, 192, 193, 194, 195, 196, 197, 198, 199, 200, 201, 202, 203, 204, 205, 206, 207, 208, 209, 210, 211, 212, 213, 214, 215, 216, 217, 218, 219, 220, 221, 222, 223, 224, 225, 226, 227, 228, 229, 230, 231, 232, 233, 234, 235, 236, 237, 238, 239, 240, 241, 242, 243, 244, 245, 246, 247, 248, 249, 250, 251, 252, 253, 254, 255, 256, 257, 258, 259, 260, 261, 262, 263, 264, 265, 266, 267, 268, 269, 270, 271, 272, 273, 274, 275, 276, 277, 278, 279, 280, 281, 282, 283, 284, 285, 286, 287, 288, 289, 290, 291, 292, 293, 294, 295, 296, 297, 298, 299, 300, 301, 302, 303, 304, 305, 306, 307, 308, 309, 310, 311, 312, 313, 314, 315, 316, 317, 318, 319, 320, 321, 322, 323, 324, 325, 326, 327, 328, 329, 330, 331, 332, 333, 334, 335, 336, 337, 574, 575, 576, 577, 578, 579, 580, 581, 582, 583, 584, 585, 586, 587, 588, 589, 590, 591, 592, 593, 594, 595, 596, 597, 598, 599, 600, 601, 602, 603, 604, 605, 606, 607, 608, 609, 610, 611, 612, 613, 614, 615, 616, 617, 618, 619, 620, 621, 622, 623, 624, 625, 626, 627, 628, 629, 630, 631, 632, 633, 634, 635, 636, 637, 638, 639, 640, 641, 642, 643, 644, 645, 646, 647, 648, 649, 650, 651, 652, 653, 654, 655, 656, 657, 658, 659, 660, 661, 662, 663, 664, 665, 666, 667, 668, 669, 670, 671, 672, 673, 674, 675, 676, 677, 678, 679, 680, 681, 682, 683, 684, 685, 686, 687, 688, 689, 690, 691, 692, 693, 694, 695, 696, 697, 698, 699, 700, 701, 702, 703, 704, 705, 706, 707, 708, 709, 710, 711, 712, 713, 714, 715, 716, 717, 718, 719, 720, 721, 722, 723, 724, 725, 726, 727, 728, 729, 730, 731, 732, 733, 734, 735, 736, 737, 738, 739, 740, 741, 742, 743, 744, 745, 746, 747, 748, 749, 750, 751, 752, 753, 754, 755, 756, 757, 758, 759, 760, 761, 762, 763, 764, 765, 766, 767, 768, 769, 770, 771, 772, 773, 774, 775, 776, 777, 778, 779, 780, 781, 782, 783, 784, 785, 786, 787, 788, 789, 790, 791, 792, 793]","[172, 264, 643, 724]","[172, 643]","[89, 108, 172, 217, 221, 239, 264, 280, 321, 342, 343, 344, 345, 346, 349, 351, 352, 355, 357, 359, 364, 368, 371, 372, 373, 374, 376, 377, 387, 392, 393, 403, 409, 411, 414, 424, 430, 449, 454, 470, 480, 560, 584, 643, 685, 703, 724, 739, 779, 798, 799, 800, 801, 804, 806, 807, 810, 812, 814, 816, 821, 822, 823, 824, 826, 827, 837, 842, 843, 852, 859, 862, 865, 869, 876, 882, 897, 901, 917, 932]","[12, 24, 25, 28, 88, 100, 104, 119, 123, 129, 136, 137, 139, 140, 141, 148, 155, 169, 172, 179, 183, 185, 188, 196, 198, 217, 237, 267, 270, 278, 319, 321, 324, 325, 330, 334, 335, 354, 366, 369, 380, 383, 384, 386, 395, 407, 411, 423, 428, 436, 437, 452, 453, 456, 467, 471, 477, 478, 479, 497, 508, 511, 559, 571, 575, 590, 594, 600, 607, 608, 610, 611, 612, 619, 627, 640, 643, 650, 654, 656, 659, 667, 669, 685, 701, 726, 729, 737, 777, 779, 782, 783, 787, 790, 791, 809, 817, 819, 830, 833, 834, 836, 845, 856, 857, 860, 862, 875, 880, 887, 888, 899, 900, 914, 918, 921, 928, 929, 930]","[12, 24, 25, 28, 88, 100, 104, 119, 123, 129, 136, 137, 139, 140, 141, 148, 155, 169, 172, 179, 183, 185, 188, 196, 198, 217, 237, 267, 270, 278, 319, 321, 324, 325, 330, 334, 335, 354, 366, 369, 380, 383, 384, 386, 395, 407, 411, 423, 428, 436, 437, 452, 453, 456, 467, 471, 477, 478, 479, 497, 508, 511, 559, 571, 575, 590, 594, 600, 607, 608, 610, 611, 612, 619, 627, 640, 643, 650, 654, 656, 659, 667, 669, 685, 701, 726, 729, 737, 777, 779, 782, 783, 787, 790, 791, 809, 817, 819, 830, 833, 834, 836, 845, 856, 857, 860, 862, 875, 880, 887, 888, 899, 900, 914, 918, 921, 928, 929, 930]",7/6 successful match,True,"[736, 737]",True,815,False,,1.0,True,Sidhu Chevron,Chevron
"Penryn , 95663 Penryn 76 Rd ( E of US 395 )",3 916-660-9485 I-80 Exit 112,24 <U+2610> <U+2610>,Penryn,95663,Penryn 76 Rd ( E of US 395 ),916-660-9485,2008,Penryn,CA,,,I-80 Exit 112,Exit,112,False,,False,I-80,,,,,"[703, 239]","[239, 703]","[239, 703]","[239, 410, 412, 703, 861, 863]","[103, 104, 105, 106, 107, 108, 109, 110, 111, 112, 113, 114, 115, 116, 117, 118, 119, 120, 121, 122, 123, 124, 125, 126, 127, 128, 129, 130, 131, 132, 133, 134, 135, 136, 137, 138, 139, 140, 141, 142, 143, 144, 145, 146, 147, 148, 149, 150, 151, 152, 153, 154, 155, 156, 157, 158, 159, 160, 161, 162, 163, 164, 165, 166, 167, 168, 169, 170, 171, 172, 173, 174, 175, 176, 177, 178, 179, 180, 181, 182, 183, 184, 185, 186, 187, 188, 189, 190, 191, 192, 193, 194, 195, 196, 197, 198, 199, 200, 201, 202, 203, 204, 205, 206, 207, 208, 209, 210, 211, 212, 213, 214, 215, 216, 217, 218, 219, 220, 221, 222, 223, 224, 225, 226, 227, 228, 229, 230, 231, 232, 233, 234, 235, 236, 237, 238, 239, 240, 241, 242, 243, 244, 245, 246, 247, 248, 249, 250, 251, 252, 253, 254, 255, 256, 257, 258, 259, 260, 261, 262, 263, 264, 265, 266, 267, 268, 269, 270, 271, 272, 273, 274, 275, 276, 277, 278, 279, 280, 281, 282, 283, 284, 285, 286, 287, 288, 289, 290, 291, 292, 293, 294, 295, 296, 297, 298, 299, 300, 301, 302, 303, 304, 305, 306, 307, 308, 309, 310, 311, 312, 313, 314, 315, 316, 317, 318, 319, 320, 321, 322, 323, 324, 325, 326, 327, 328, 329, 330, 331, 332, 333, 334, 335, 336, 337, 574, 575, 576, 577, 578, 579, 580, 581, 582, 583, 584, 585, 586, 587, 588, 589, 590, 591, 592, 593, 594, 595, 596, 597, 598, 599, 600, 601, 602, 603, 604, 605, 606, 607, 608, 609, 610, 611, 612, 613, 614, 615, 616, 617, 618, 619, 620, 621, 622, 623, 624, 625, 626, 627, 628, 629, 630, 631, 632, 633, 634, 635, 636, 637, 638, 639, 640, 641, 642, 643, 644, 645, 646, 647, 648, 649, 650, 651, 652, 653, 654, 655, 656, 657, 658, 659, 660, 661, 662, 663, 664, 665, 666, 667, 668, 669, 670, 671, 672, 673, 674, 675, 676, 677, 678, 679, 680, 681, 682, 683, 684, 685, 686, 687, 688, 689, 690, 691, 692, 693, 694, 695, 696, 697, 698, 699, 700, 701, 702, 703, 704, 705, 706, 707, 708, 709, 710, 711, 712, 713, 714, 715, 716, 717, 718, 719, 720, 721, 722, 723, 724, 725, 726, 727, 728, 729, 730, 731, 732, 733, 734, 735, 736, 737, 738, 739, 740, 741, 742, 743, 744, 745, 746, 747, 748, 749, 750, 751, 752, 753, 754, 755, 756, 757, 758, 759, 760, 761, 762, 763, 764, 765, 766, 767, 768, 769, 770, 771, 772, 773, 774, 775, 776, 777, 778, 779, 780, 781, 782, 783, 784, 785, 786, 787, 788, 789, 790, 791, 792, 793]","[89, 108, 172, 217, 221, 239, 264, 280, 321, 342, 343, 344, 345, 346, 349, 351, 352, 355, 357, 359, 364, 368, 371, 372, 373, 374, 376, 377, 387, 392, 393, 403, 409, 411, 414, 424, 430, 449, 454, 470, 480, 560, 584, 643, 685, 703, 724, 739, 779, 798, 799, 800, 801, 804, 806, 807, 810, 812, 814, 816, 821, 822, 823, 824, 826, 827, 837, 842, 843, 852, 859, 862, 865, 869, 876, 882, 897, 901, 917, 932]",[],"[84, 87, 89, 114, 115, 117, 124, 132, 135, 144, 152, 178, 239, 268, 281, 297, 318, 320, 327, 348, 394, 555, 558, 560, 585, 586, 588, 595, 603, 606, 615, 623, 649, 703, 727, 740, 756, 776, 778, 785, 803, 844]","[84, 87, 89, 103, 104, 105, 106, 107, 108, 109, 110, 111, 112, 113, 114, 115, 116, 117, 118, 119, 120, 121, 122, 123, 124, 125, 126, 127, 128, 129, 130, 131, 132, 133, 134, 135, 136, 137, 138, 139, 140, 141, 142, 143, 144, 145, 146, 147, 148, 149, 150, 151, 152, 153, 154, 155, 156, 157, 158, 159, 160, 161, 162, 163, 164, 165, 166, 167, 168, 169, 170, 171, 172, 173, 174, 175, 176, 177, 178, 179, 180, 181, 182, 183, 184, 185, 186, 187, 188, 189, 190, 191, 192, 193, 194, 195, 196, 197, 198, 199, 200, 201, 202, 203, 204, 205, 206, 207, 208, 209, 210, 211, 212, 213, 214, 215, 216, 217, 218, 219, 220, 221, 222, 223, 224, 225, 226, 227, 228, 229, 230, 231, 232, 233, 234, 235, 236, 237, 238, 239, 240, 241, 242, 243, 244, 245, 246, 247, 248, 249, 250, 251, 252, 253, 254, 255, 256, 257, 258, 259, 260, 261, 262, 263, 264, 265, 266, 267, 268, 269, 270, 271, 272, 273, 274, 275, 276, 277, 278, 279, 280, 281, 282, 283, 284, 285, 286, 287, 288, 289, 290, 291, 292, 293, 294, 295, 296, 297, 298, 299, 300, 301, 302, 303, 304, 305, 306, 307, 308, 309, 310, 311, 312, 313, 314, 315, 316, 317, 318, 319, 320, 321, 322, 323, 324, 325, 326, 327, 328, 329, 330, 331, 332, 333, 334, 335, 336, 337, 342, 343, 344, 345, 346, 348, 349, 351, 352, 355, 357, 359, 364, 368, 371, 372, 373, 374, 376, 377, 387, 392, 393, 394, 403, 409, 410, 411, 412, 414, 424, 430, 449, 454, 470, 480, 555, 558, 560, 574, 575, 576, 577, 578, 579, 580, 581, 582, 583, 584, 585, 586, 587, 588, 589, 590, 591, 592, 593, 594, 595, 596, 597, 598, 599, 600, 601, 602, 603, 604, 605, 606, 607, 608, 609, 610, 611, 612, 613, 614, 615, 616, 617, 618, 619, 620, 621, 622, 623, 624, 625, 626, 627, 628, 629, 630, 631, 632, 633, 634, 635, 636, 637, 638, 639, 640, 641, 642, 643, 644, 645, 646, 647, 648, 649, 650, 651, 652, 653, 654, 655, 656, 657, 658, 659, 660, 661, 662, 663, 664, 665, 666, 667, 668, 669, 670, 671, 672, 673, 674, 675, 676, 677, 678, 679, 680, 681, 682, 683, 684, 685, 686, 687, 688, 689, 690, 691, 692, 693, 694, 695, 696, 697, 698, 699, 700, 701, 702, 703, 704, 705, 706, 707, 708, 709, 710, 711, 712, 713, 714, 715, 716, 717, 718, 719, 720, 721, 722, 723, 724, 725, 726, 727, 728, 729, 730, 731, 732, 733, 734, 735, 736, 737, 738, 739, 740, 741, 742, 743, 744, 745, 746, 747, 748, 749, 750, 751, 752, 753, 754, 755, 756, 757, 758, 759, 760, 761, 762, 763, 764, 765, 766, 767, 768, 769, 770, 771, 772, 773, 774, 775, 776, 777, 778, 779, 780, 781, 782, 783, 784, 785, 786, 787, 788, 789, 790, 791, 792, 793, 798, 799, 800, 801, 803, 804, 806, 807, 810, 812, 814, 816, 821, 822, 823, 824, 826, 827, 837, 842, 843, 844, 852, 859, 861, 862, 863, 865, 869, 876, 882, 897, 901, 917, 932]",True,"[239, 703]","[103, 104, 105, 106, 107, 108, 109, 110, 111, 112, 113, 114, 115, 116, 117, 118, 119, 120, 121, 122, 123, 124, 125, 126, 127, 128, 129, 130, 131, 132, 133, 134, 135, 136, 137, 138, 139, 140, 141, 142, 143, 144, 145, 146, 147, 148, 149, 150, 151, 152, 153, 154, 155, 156, 157, 158, 159, 160, 161, 162, 163, 164, 165, 166, 167, 168, 169, 170, 171, 172, 173, 174, 175, 176, 177, 178, 179, 180, 181, 182, 183, 184, 185, 186, 187, 188, 189, 190, 191, 192, 193, 194, 195, 196, 197, 198, 199, 200, 201, 202, 203, 204, 205, 206, 207, 208, 209, 210, 211, 212, 213, 214, 215, 216, 217, 218, 219, 220, 221, 222, 223, 224, 225, 226, 227, 228, 229, 230, 231, 232, 233, 234, 235, 236, 237, 238, 239, 240, 241, 242, 243, 244, 245, 246, 247, 248, 249, 250, 251, 252, 253, 254, 255, 256, 257, 258, 259, 260, 261, 262, 263, 264, 265, 266, 267, 268, 269, 270, 271, 272, 273, 274, 275, 276, 277, 278, 279, 280, 281, 282, 283, 284, 285, 286, 287, 288, 289, 290, 291, 292, 293, 294, 295, 296, 297, 298, 299, 300, 301, 302, 303, 304, 305, 306, 307, 308, 309, 310, 311, 312, 313, 314, 315, 316, 317, 318, 319, 320, 321, 322, 323, 324, 325, 326, 327, 328, 329, 330, 331, 332, 333, 334, 335, 336, 337, 574, 575, 576, 577, 578, 579, 580, 581, 582, 583, 584, 585, 586, 587, 588, 589, 590, 591, 592, 593, 594, 595, 596, 597, 598, 599, 600, 601, 602, 603, 604, 605, 606, 607, 608, 609, 610, 611, 612, 613, 614, 615, 616, 617, 618, 619, 620, 621, 622, 623, 624, 625, 626, 627, 628, 629, 630, 631, 632, 633, 634, 635, 636, 637, 638, 639, 640, 641, 642, 643, 644, 645, 646, 647, 648, 649, 650, 651, 652, 653, 654, 655, 656, 657, 658, 659, 660, 661, 662, 663, 664, 665, 666, 667, 668, 669, 670, 671, 672, 673, 674, 675, 676, 677, 678, 679, 680, 681, 682, 683, 684, 685, 686, 687, 688, 689, 690, 691, 692, 693, 694, 695, 696, 697, 698, 699, 700, 701, 702, 703, 704, 705, 706, 707, 708, 709, 710, 711, 712, 713, 714, 715, 716, 717, 718, 719, 720, 721, 722, 723, 724, 725, 726, 727, 728, 729, 730, 731, 732, 733, 734, 735, 736, 737, 738, 739, 740, 741, 742, 743, 744, 745, 746, 747, 748, 749, 750, 751, 752, 753, 754, 755, 756, 757, 758, 759, 760, 761, 762, 763, 764, 765, 766, 767, 768, 769, 770, 771, 772, 773, 774, 775, 776, 777, 778, 779, 780, 781, 782, 783, 784, 785, 786, 787, 788, 789, 790, 791, 792, 793]","[239, 703]","[239, 410, 412, 703, 861, 863]","[89, 108, 172, 217, 221, 239, 264, 280, 321, 342, 343, 344, 345, 346, 349, 351, 352, 355, 357, 359, 364, 368, 371, 372, 373, 374, 376, 377, 387, 392, 393, 403, 409, 411, 414, 424, 430, 449, 454, 470, 480, 560, 584, 643, 685, 703, 724, 739, 779, 798, 799, 800, 801, 804, 806, 807, 810, 812, 814, 816, 821, 822, 823, 824, 826, 827, 837, 842, 843, 852, 859, 862, 865, 869, 876, 882, 897, 901, 917, 932]","[84, 87, 89, 114, 115, 117, 124, 132, 135, 144, 152, 178, 239, 268, 281, 297, 318, 320, 327, 348, 394, 555, 558, 560, 585, 586, 588, 595, 603, 606, 615, 623, 649, 703, 727, 740, 756, 776, 778, 785, 803, 844]",[],7/6 successful match,True,"[297, 298]",True,816,False,,,,,
D Penryn ( 95663 ) Penryn 76,3 916-660-9485 I-80 Exit 112,224 24 <U+25A1> <U+25A1> <U+2610>,Penryn,95663,Penryn 76,916-660-9485,2014,Penryn,CA,,,I-80 Exit 112,Exit,112,False,,False,I-80,,,,,"[703, 239]","[239, 703]","[239, 703]","[239, 410, 412, 703, 861, 863]","[103, 104, 105, 106, 107, 108, 109, 110, 111, 112, 113, 114, 115, 116, 117, 118, 119, 120, 121, 122, 123, 124, 125, 126, 127, 128, 129, 130, 131, 132, 133, 134, 135, 136, 137, 138, 139, 140, 141, 142, 143, 144, 145, 146, 147, 148, 149, 150, 151, 152, 153, 154, 155, 156, 157, 158, 159, 160, 161, 162, 163, 164, 165, 166, 167, 168, 169, 170, 171, 172, 173, 174, 175, 176, 177, 178, 179, 180, 181, 182, 183, 184, 185, 186, 187, 188, 189, 190, 191, 192, 193, 194, 195, 196, 197, 198, 199, 200, 201, 202, 203, 204, 205, 206, 207, 208, 209, 210, 211, 212, 213, 214, 215, 216, 217, 218, 219, 220, 221, 222, 223, 224, 225, 226, 227, 228, 229, 230, 231, 232, 233, 234, 235, 236, 237, 238, 239, 240, 241, 242, 243, 244, 245, 246, 247, 248, 249, 250, 251, 252, 253, 254, 255, 256, 257, 258, 259, 260, 261, 262, 263, 264, 265, 266, 267, 268, 269, 270, 271, 272, 273, 274, 275, 276, 277, 278, 279, 280, 281, 282, 283, 284, 285, 286, 287, 288, 289, 290, 291, 292, 293, 294, 295, 296, 297, 298, 299, 300, 301, 302, 303, 304, 305, 306, 307, 308, 309, 310, 311, 312, 313, 314, 315, 316, 317, 318, 319, 320, 321, 322, 323, 324, 325, 326, 327, 328, 329, 330, 331, 332, 333, 334, 335, 336, 337, 574, 575, 576, 577, 578, 579, 580, 581, 582, 583, 584, 585, 586, 587, 588, 589, 590, 591, 592, 593, 594, 595, 596, 597, 598, 599, 600, 601, 602, 603, 604, 605, 606, 607, 608, 609, 610, 611, 612, 613, 614, 615, 616, 617, 618, 619, 620, 621, 622, 623, 624, 625, 626, 627, 628, 629, 630, 631, 632, 633, 634, 635, 636, 637, 638, 639, 640, 641, 642, 643, 644, 645, 646, 647, 648, 649, 650, 651, 652, 653, 654, 655, 656, 657, 658, 659, 660, 661, 662, 663, 664, 665, 666, 667, 668, 669, 670, 671, 672, 673, 674, 675, 676, 677, 678, 679, 680, 681, 682, 683, 684, 685, 686, 687, 688, 689, 690, 691, 692, 693, 694, 695, 696, 697, 698, 699, 700, 701, 702, 703, 704, 705, 706, 707, 708, 709, 710, 711, 712, 713, 714, 715, 716, 717, 718, 719, 720, 721, 722, 723, 724, 725, 726, 727, 728, 729, 730, 731, 732, 733, 734, 735, 736, 737, 738, 739, 740, 741, 742, 743, 744, 745, 746, 747, 748, 749, 750, 751, 752, 753, 754, 755, 756, 757, 758, 759, 760, 761, 762, 763, 764, 765, 766, 767, 768, 769, 770, 771, 772, 773, 774, 775, 776, 777, 778, 779, 780, 781, 782, 783, 784, 785, 786, 787, 788, 789, 790, 791, 792, 793]","[89, 108, 172, 217, 221, 239, 264, 280, 321, 342, 343, 344, 345, 346, 349, 351, 352, 355, 357, 359, 364, 368, 371, 372, 373, 374, 376, 377, 387, 392, 393, 403, 409, 411, 414, 424, 430, 449, 454, 470, 480, 560, 584, 643, 685, 703, 724, 739, 779, 798, 799, 800, 801, 804, 806, 807, 810, 812, 814, 816, 821, 822, 823, 824, 826, 827, 837, 842, 843, 852, 859, 862, 865, 869, 876, 882, 897, 901, 917, 932]",[],"[84, 87, 89, 114, 115, 117, 124, 132, 135, 144, 152, 178, 239, 268, 281, 297, 318, 320, 327, 348, 394, 555, 558, 560, 585, 586, 588, 595, 603, 606, 615, 623, 649, 703, 727, 740, 756, 776, 778, 785, 803, 844]","[84, 87, 89, 103, 104, 105, 106, 107, 108, 109, 110, 111, 112, 113, 114, 115, 116, 117, 118, 119, 120, 121, 122, 123, 124, 125, 126, 127, 128, 129, 130, 131, 132, 133, 134, 135, 136, 137, 138, 139, 140, 141, 142, 143, 144, 145, 146, 147, 148, 149, 150, 151, 152, 153, 154, 155, 156, 157, 158, 159, 160, 161, 162, 163, 164, 165, 166, 167, 168, 169, 170, 171, 172, 173, 174, 175, 176, 177, 178, 179, 180, 181, 182, 183, 184, 185, 186, 187, 188, 189, 190, 191, 192, 193, 194, 195, 196, 197, 198, 199, 200, 201, 202, 203, 204, 205, 206, 207, 208, 209, 210, 211, 212, 213, 214, 215, 216, 217, 218, 219, 220, 221, 222, 223, 224, 225, 226, 227, 228, 229, 230, 231, 232, 233, 234, 235, 236, 237, 238, 239, 240, 241, 242, 243, 244, 245, 246, 247, 248, 249, 250, 251, 252, 253, 254, 255, 256, 257, 258, 259, 260, 261, 262, 263, 264, 265, 266, 267, 268, 269, 270, 271, 272, 273, 274, 275, 276, 277, 278, 279, 280, 281, 282, 283, 284, 285, 286, 287, 288, 289, 290, 291, 292, 293, 294, 295, 296, 297, 298, 299, 300, 301, 302, 303, 304, 305, 306, 307, 308, 309, 310, 311, 312, 313, 314, 315, 316, 317, 318, 319, 320, 321, 322, 323, 324, 325, 326, 327, 328, 329, 330, 331, 332, 333, 334, 335, 336, 337, 342, 343, 344, 345, 346, 348, 349, 351, 352, 355, 357, 359, 364, 368, 371, 372, 373, 374, 376, 377, 387, 392, 393, 394, 403, 409, 410, 411, 412, 414, 424, 430, 449, 454, 470, 480, 555, 558, 560, 574, 575, 576, 577, 578, 579, 580, 581, 582, 583, 584, 585, 586, 587, 588, 589, 590, 591, 592, 593, 594, 595, 596, 597, 598, 599, 600, 601, 602, 603, 604, 605, 606, 607, 608, 609, 610, 611, 612, 613, 614, 615, 616, 617, 618, 619, 620, 621, 622, 623, 624, 625, 626, 627, 628, 629, 630, 631, 632, 633, 634, 635, 636, 637, 638, 639, 640, 641, 642, 643, 644, 645, 646, 647, 648, 649, 650, 651, 652, 653, 654, 655, 656, 657, 658, 659, 660, 661, 662, 663, 664, 665, 666, 667, 668, 669, 670, 671, 672, 673, 674, 675, 676, 677, 678, 679, 680, 681, 682, 683, 684, 685, 686, 687, 688, 689, 690, 691, 692, 693, 694, 695, 696, 697, 698, 699, 700, 701, 702, 703, 704, 705, 706, 707, 708, 709, 710, 711, 712, 713, 714, 715, 716, 717, 718, 719, 720, 721, 722, 723, 724, 725, 726, 727, 728, 729, 730, 731, 732, 733, 734, 735, 736, 737, 738, 739, 740, 741, 742, 743, 744, 745, 746, 747, 748, 749, 750, 751, 752, 753, 754, 755, 756, 757, 758, 759, 760, 761, 762, 763, 764, 765, 766, 767, 768, 769, 770, 771, 772, 773, 774, 775, 776, 777, 778, 779, 780, 781, 782, 783, 784, 785, 786, 787, 788, 789, 790, 791, 792, 793, 798, 799, 800, 801, 803, 804, 806, 807, 810, 812, 814, 816, 821, 822, 823, 824, 826, 827, 837, 842, 843, 844, 852, 859, 861, 862, 863, 865, 869, 876, 882, 897, 901, 917, 932]",True,"[239, 703]","[103, 104, 105, 106, 107, 108, 109, 110, 111, 112, 113, 114, 115, 116, 117, 118, 119, 120, 121, 122, 123, 124, 125, 126, 127, 128, 129, 130, 131, 132, 133, 134, 135, 136, 137, 138, 139, 140, 141, 142, 143, 144, 145, 146, 147, 148, 149, 150, 151, 152, 153, 154, 155, 156, 157, 158, 159, 160, 161, 162, 163, 164, 165, 166, 167, 168, 169, 170, 171, 172, 173, 174, 175, 176, 177, 178, 179, 180, 181, 182, 183, 184, 185, 186, 187, 188, 189, 190, 191, 192, 193, 194, 195, 196, 197, 198, 199, 200, 201, 202, 203, 204, 205, 206, 207, 208, 209, 210, 211, 212, 213, 214, 215, 216, 217, 218, 219, 220, 221, 222, 223, 224, 225, 226, 227, 228, 229, 230, 231, 232, 233, 234, 235, 236, 237, 238, 239, 240, 241, 242, 243, 244, 245, 246, 247, 248, 249, 250, 251, 252, 253, 254, 255, 256, 257, 258, 259, 260, 261, 262, 263, 264, 265, 266, 267, 268, 269, 270, 271, 272, 273, 274, 275, 276, 277, 278, 279, 280, 281, 282, 283, 284, 285, 286, 287, 288, 289, 290, 291, 292, 293, 294, 295, 296, 297, 298, 299, 300, 301, 302, 303, 304, 305, 306, 307, 308, 309, 310, 311, 312, 313, 314, 315, 316, 317, 318, 319, 320, 321, 322, 323, 324, 325, 326, 327, 328, 329, 330, 331, 332, 333, 334, 335, 336, 337, 574, 575, 576, 577, 578, 579, 580, 581, 582, 583, 584, 585, 586, 587, 588, 589, 590, 591, 592, 593, 594, 595, 596, 597, 598, 599, 600, 601, 602, 603, 604, 605, 606, 607, 608, 609, 610, 611, 612, 613, 614, 615, 616, 617, 618, 619, 620, 621, 622, 623, 624, 625, 626, 627, 628, 629, 630, 631, 632, 633, 634, 635, 636, 637, 638, 639, 640, 641, 642, 643, 644, 645, 646, 647, 648, 649, 650, 651, 652, 653, 654, 655, 656, 657, 658, 659, 660, 661, 662, 663, 664, 665, 666, 667, 668, 669, 670, 671, 672, 673, 674, 675, 676, 677, 678, 679, 680, 681, 682, 683, 684, 685, 686, 687, 688, 689, 690, 691, 692, 693, 694, 695, 696, 697, 698, 699, 700, 701, 702, 703, 704, 705, 706, 707, 708, 709, 710, 711, 712, 713, 714, 715, 716, 717, 718, 719, 720, 721, 722, 723, 724, 725, 726, 727, 728, 729, 730, 731, 732, 733, 734, 735, 736, 737, 738, 739, 740, 741, 742, 743, 744, 745, 746, 747, 748, 749, 750, 751, 752, 753, 754, 755, 756, 757, 758, 759, 760, 761, 762, 763, 764, 765, 766, 767, 768, 769, 770, 771, 772, 773, 774, 775, 776, 777, 778, 779, 780, 781, 782, 783, 784, 785, 786, 787, 788, 789, 790, 791, 792, 793]","[239, 703]","[239, 410, 412, 703, 861, 863]","[89, 108, 172, 217, 221, 239, 264, 280, 321, 342, 343, 344, 345, 346, 349, 351, 352, 355, 357, 359, 364, 368, 371, 372, 373, 374, 376, 377, 387, 392, 393, 403, 409, 411, 414, 424, 430, 449, 454, 470, 480, 560, 584, 643, 685, 703, 724, 739, 779, 798, 799, 800, 801, 804, 806, 807, 810, 812, 814, 816, 821, 822, 823, 824, 826, 827, 837, 842, 843, 852, 859, 862, 865, 869, 876, 882, 897, 901, 917, 932]","[84, 87, 89, 114, 115, 117, 124, 132, 135, 144, 152, 178, 239, 268, 281, 297, 318, 320, 327, 348, 394, 555, 558, 560, 585, 586, 588, 595, 603, 606, 615, 623, 649, 703, 727, 740, 756, 776, 778, 785, 803, 844]",[],7/6 successful match,True,"[297, 298]",True,816,False,,0.9126126126126126,True,Penryn 76 Rd ( E of US 395 ),
Penryn ( 95663 ) Penryn 76 US 395 ),3 916-660-9485 I-80 Exit 112,24 <U+2610><U+2610> <U+2610>,Penryn,95663,Penryn 76 US 395 ),916-660-9485,2015,Penryn,CA,,,I-80 Exit 112,Exit,112,False,,False,I-80,,,,,"[703, 239]","[239, 703]","[239, 703]","[239, 410, 412, 703, 861, 863]","[103, 104, 105, 106, 107, 108, 109, 110, 111, 112, 113, 114, 115, 116, 117, 118, 119, 120, 121, 122, 123, 124, 125, 126, 127, 128, 129, 130, 131, 132, 133, 134, 135, 136, 137, 138, 139, 140, 141, 142, 143, 144, 145, 146, 147, 148, 149, 150, 151, 152, 153, 154, 155, 156, 157, 158, 159, 160, 161, 162, 163, 164, 165, 166, 167, 168, 169, 170, 171, 172, 173, 174, 175, 176, 177, 178, 179, 180, 181, 182, 183, 184, 185, 186, 187, 188, 189, 190, 191, 192, 193, 194, 195, 196, 197, 198, 199, 200, 201, 202, 203, 204, 205, 206, 207, 208, 209, 210, 211, 212, 213, 214, 215, 216, 217, 218, 219, 220, 221, 222, 223, 224, 225, 226, 227, 228, 229, 230, 231, 232, 233, 234, 235, 236, 237, 238, 239, 240, 241, 242, 243, 244, 245, 246, 247, 248, 249, 250, 251, 252, 253, 254, 255, 256, 257, 258, 259, 260, 261, 262, 263, 264, 265, 266, 267, 268, 269, 270, 271, 272, 273, 274, 275, 276, 277, 278, 279, 280, 281, 282, 283, 284, 285, 286, 287, 288, 289, 290, 291, 292, 293, 294, 295, 296, 297, 298, 299, 300, 301, 302, 303, 304, 305, 306, 307, 308, 309, 310, 311, 312, 313, 314, 315, 316, 317, 318, 319, 320, 321, 322, 323, 324, 325, 326, 327, 328, 329, 330, 331, 332, 333, 334, 335, 336, 337, 574, 575, 576, 577, 578, 579, 580, 581, 582, 583, 584, 585, 586, 587, 588, 589, 590, 591, 592, 593, 594, 595, 596, 597, 598, 599, 600, 601, 602, 603, 604, 605, 606, 607, 608, 609, 610, 611, 612, 613, 614, 615, 616, 617, 618, 619, 620, 621, 622, 623, 624, 625, 626, 627, 628, 629, 630, 631, 632, 633, 634, 635, 636, 637, 638, 639, 640, 641, 642, 643, 644, 645, 646, 647, 648, 649, 650, 651, 652, 653, 654, 655, 656, 657, 658, 659, 660, 661, 662, 663, 664, 665, 666, 667, 668, 669, 670, 671, 672, 673, 674, 675, 676, 677, 678, 679, 680, 681, 682, 683, 684, 685, 686, 687, 688, 689, 690, 691, 692, 693, 694, 695, 696, 697, 698, 699, 700, 701, 702, 703, 704, 705, 706, 707, 708, 709, 710, 711, 712, 713, 714, 715, 716, 717, 718, 719, 720, 721, 722, 723, 724, 725, 726, 727, 728, 729, 730, 731, 732, 733, 734, 735, 736, 737, 738, 739, 740, 741, 742, 743, 744, 745, 746, 747, 748, 749, 750, 751, 752, 753, 754, 755, 756, 757, 758, 759, 760, 761, 762, 763, 764, 765, 766, 767, 768, 769, 770, 771, 772, 773, 774, 775, 776, 777, 778, 779, 780, 781, 782, 783, 784, 785, 786, 787, 788, 789, 790, 791, 792, 793]","[89, 108, 172, 217, 221, 239, 264, 280, 321, 342, 343, 344, 345, 346, 349, 351, 352, 355, 357, 359, 364, 368, 371, 372, 373, 374, 376, 377, 387, 392, 393, 403, 409, 411, 414, 424, 430, 449, 454, 470, 480, 560, 584, 643, 685, 703, 724, 739, 779, 798, 799, 800, 801, 804, 806, 807, 810, 812, 814, 816, 821, 822, 823, 824, 826, 827, 837, 842, 843, 852, 859, 862, 865, 869, 876, 882, 897, 901, 917, 932]",[],"[84, 87, 89, 114, 115, 117, 124, 132, 135, 144, 152, 178, 239, 268, 281, 297, 318, 320, 327, 348, 394, 555, 558, 560, 585, 586, 588, 595, 603, 606, 615, 623, 649, 703, 727, 740, 756, 776, 778, 785, 803, 844]","[84, 87, 89, 103, 104, 105, 106, 107, 108, 109, 110, 111, 112, 113, 114, 115, 116, 117, 118, 119, 120, 121, 122, 123, 124, 125, 126, 127, 128, 129, 130, 131, 132, 133, 134, 135, 136, 137, 138, 139, 140, 141, 142, 143, 144, 145, 146, 147, 148, 149, 150, 151, 152, 153, 154, 155, 156, 157, 158, 159, 160, 161, 162, 163, 164, 165, 166, 167, 168, 169, 170, 171, 172, 173, 174, 175, 176, 177, 178, 179, 180, 181, 182, 183, 184, 185, 186, 187, 188, 189, 190, 191, 192, 193, 194, 195, 196, 197, 198, 199, 200, 201, 202, 203, 204, 205, 206, 207, 208, 209, 210, 211, 212, 213, 214, 215, 216, 217, 218, 219, 220, 221, 222, 223, 224, 225, 226, 227, 228, 229, 230, 231, 232, 233, 234, 235, 236, 237, 238, 239, 240, 241, 242, 243, 244, 245, 246, 247, 248, 249, 250, 251, 252, 253, 254, 255, 256, 257, 258, 259, 260, 261, 262, 263, 264, 265, 266, 267, 268, 269, 270, 271, 272, 273, 274, 275, 276, 277, 278, 279, 280, 281, 282, 283, 284, 285, 286, 287, 288, 289, 290, 291, 292, 293, 294, 295, 296, 297, 298, 299, 300, 301, 302, 303, 304, 305, 306, 307, 308, 309, 310, 311, 312, 313, 314, 315, 316, 317, 318, 319, 320, 321, 322, 323, 324, 325, 326, 327, 328, 329, 330, 331, 332, 333, 334, 335, 336, 337, 342, 343, 344, 345, 346, 348, 349, 351, 352, 355, 357, 359, 364, 368, 371, 372, 373, 374, 376, 377, 387, 392, 393, 394, 403, 409, 410, 411, 412, 414, 424, 430, 449, 454, 470, 480, 555, 558, 560, 574, 575, 576, 577, 578, 579, 580, 581, 582, 583, 584, 585, 586, 587, 588, 589, 590, 591, 592, 593, 594, 595, 596, 597, 598, 599, 600, 601, 602, 603, 604, 605, 606, 607, 608, 609, 610, 611, 612, 613, 614, 615, 616, 617, 618, 619, 620, 621, 622, 623, 624, 625, 626, 627, 628, 629, 630, 631, 632, 633, 634, 635, 636, 637, 638, 639, 640, 641, 642, 643, 644, 645, 646, 647, 648, 649, 650, 651, 652, 653, 654, 655, 656, 657, 658, 659, 660, 661, 662, 663, 664, 665, 666, 667, 668, 669, 670, 671, 672, 673, 674, 675, 676, 677, 678, 679, 680, 681, 682, 683, 684, 685, 686, 687, 688, 689, 690, 691, 692, 693, 694, 695, 696, 697, 698, 699, 700, 701, 702, 703, 704, 705, 706, 707, 708, 709, 710, 711, 712, 713, 714, 715, 716, 717, 718, 719, 720, 721, 722, 723, 724, 725, 726, 727, 728, 729, 730, 731, 732, 733, 734, 735, 736, 737, 738, 739, 740, 741, 742, 743, 744, 745, 746, 747, 748, 749, 750, 751, 752, 753, 754, 755, 756, 757, 758, 759, 760, 761, 762, 763, 764, 765, 766, 767, 768, 769, 770, 771, 772, 773, 774, 775, 776, 777, 778, 779, 780, 781, 782, 783, 784, 785, 786, 787, 788, 789, 790, 791, 792, 793, 798, 799, 800, 801, 803, 804, 806, 807, 810, 812, 814, 816, 821, 822, 823, 824, 826, 827, 837, 842, 843, 844, 852, 859, 861, 862, 863, 865, 869, 876, 882, 897, 901, 917, 932]",True,"[239, 703]","[103, 104, 105, 106, 107, 108, 109, 110, 111, 112, 113, 114, 115, 116, 117, 118, 119, 120, 121, 122, 123, 124, 125, 126, 127, 128, 129, 130, 131, 132, 133, 134, 135, 136, 137, 138, 139, 140, 141, 142, 143, 144, 145, 146, 147, 148, 149, 150, 151, 152, 153, 154, 155, 156, 157, 158, 159, 160, 161, 162, 163, 164, 165, 166, 167, 168, 169, 170, 171, 172, 173, 174, 175, 176, 177, 178, 179, 180, 181, 182, 183, 184, 185, 186, 187, 188, 189, 190, 191, 192, 193, 194, 195, 196, 197, 198, 199, 200, 201, 202, 203, 204, 205, 206, 207, 208, 209, 210, 211, 212, 213, 214, 215, 216, 217, 218, 219, 220, 221, 222, 223, 224, 225, 226, 227, 228, 229, 230, 231, 232, 233, 234, 235, 236, 237, 238, 239, 240, 241, 242, 243, 244, 245, 246, 247, 248, 249, 250, 251, 252, 253, 254, 255, 256, 257, 258, 259, 260, 261, 262, 263, 264, 265, 266, 267, 268, 269, 270, 271, 272, 273, 274, 275, 276, 277, 278, 279, 280, 281, 282, 283, 284, 285, 286, 287, 288, 289, 290, 291, 292, 293, 294, 295, 296, 297, 298, 299, 300, 301, 302, 303, 304, 305, 306, 307, 308, 309, 310, 311, 312, 313, 314, 315, 316, 317, 318, 319, 320, 321, 322, 323, 324, 325, 326, 327, 328, 329, 330, 331, 332, 333, 334, 335, 336, 337, 574, 575, 576, 577, 578, 579, 580, 581, 582, 583, 584, 585, 586, 587, 588, 589, 590, 591, 592, 593, 594, 595, 596, 597, 598, 599, 600, 601, 602, 603, 604, 605, 606, 607, 608, 609, 610, 611, 612, 613, 614, 615, 616, 617, 618, 619, 620, 621, 622, 623, 624, 625, 626, 627, 628, 629, 630, 631, 632, 633, 634, 635, 636, 637, 638, 639, 640, 641, 642, 643, 644, 645, 646, 647, 648, 649, 650, 651, 652, 653, 654, 655, 656, 657, 658, 659, 660, 661, 662, 663, 664, 665, 666, 667, 668, 669, 670, 671, 672, 673, 674, 675, 676, 677, 678, 679, 680, 681, 682, 683, 684, 685, 686, 687, 688, 689, 690, 691, 692, 693, 694, 695, 696, 697, 698, 699, 700, 701, 702, 703, 704, 705, 706, 707, 708, 709, 710, 711, 712, 713, 714, 715, 716, 717, 718, 719, 720, 721, 722, 723, 724, 725, 726, 727, 728, 729, 730, 731, 732, 733, 734, 735, 736, 737, 738, 739, 740, 741, 742, 743, 744, 745, 746, 747, 748, 749, 750, 751, 752, 753, 754, 755, 756, 757, 758, 759, 760, 761, 762, 763, 764, 765, 766, 767, 768, 769, 770, 771, 772, 773, 774, 775, 776, 777, 778, 779, 780, 781, 782, 783, 784, 785, 786, 787, 788, 789, 790, 791, 792, 793]","[239, 703]","[239, 410, 412, 703, 861, 863]","[89, 108, 172, 217, 221, 239, 264, 280, 321, 342, 343, 344, 345, 346, 349, 351, 352, 355, 357, 359, 364, 368, 371, 372, 373, 374, 376, 377, 387, 392, 393, 403, 409, 411, 414, 424, 430, 449, 454, 470, 480, 560, 584, 643, 685, 703, 724, 739, 779, 798, 799, 800, 801, 804, 806, 807, 810, 812, 814, 816, 821, 822, 823, 824, 826, 827, 837, 842, 843, 852, 859, 862, 865, 869, 876, 882, 897, 901, 917, 932]","[84, 87, 89, 114, 115, 117, 124, 132, 135, 144, 152, 178, 239, 268, 281, 297, 318, 320, 327, 348, 394, 555, 558, 560, 585, 586, 588, 595, 603, 606, 615, 623, 649, 703, 727, 740, 756, 776, 778, 785, 803, 844]",[],7/6 successful match,True,"[297, 298]",True,816,False,,0.9666666666666667,True,Penryn 76,
D Penryn ( 95663 ) Penryn 76,916-660-9485 I-80 Exit 112,124 <U+25A1>,Penryn,95663,Penryn 76,916-660-9485,2016,Penryn,CA,,,I-80 Exit 112,Exit,112,False,,False,I-80,,,,,"[703, 239]","[239, 703]","[239, 703]","[239, 410, 412, 703, 861, 863]","[103, 104, 105, 106, 107, 108, 109, 110, 111, 112, 113, 114, 115, 116, 117, 118, 119, 120, 121, 122, 123, 124, 125, 126, 127, 128, 129, 130, 131, 132, 133, 134, 135, 136, 137, 138, 139, 140, 141, 142, 143, 144, 145, 146, 147, 148, 149, 150, 151, 152, 153, 154, 155, 156, 157, 158, 159, 160, 161, 162, 163, 164, 165, 166, 167, 168, 169, 170, 171, 172, 173, 174, 175, 176, 177, 178, 179, 180, 181, 182, 183, 184, 185, 186, 187, 188, 189, 190, 191, 192, 193, 194, 195, 196, 197, 198, 199, 200, 201, 202, 203, 204, 205, 206, 207, 208, 209, 210, 211, 212, 213, 214, 215, 216, 217, 218, 219, 220, 221, 222, 223, 224, 225, 226, 227, 228, 229, 230, 231, 232, 233, 234, 235, 236, 237, 238, 239, 240, 241, 242, 243, 244, 245, 246, 247, 248, 249, 250, 251, 252, 253, 254, 255, 256, 257, 258, 259, 260, 261, 262, 263, 264, 265, 266, 267, 268, 269, 270, 271, 272, 273, 274, 275, 276, 277, 278, 279, 280, 281, 282, 283, 284, 285, 286, 287, 288, 289, 290, 291, 292, 293, 294, 295, 296, 297, 298, 299, 300, 301, 302, 303, 304, 305, 306, 307, 308, 309, 310, 311, 312, 313, 314, 315, 316, 317, 318, 319, 320, 321, 322, 323, 324, 325, 326, 327, 328, 329, 330, 331, 332, 333, 334, 335, 336, 337, 574, 575, 576, 577, 578, 579, 580, 581, 582, 583, 584, 585, 586, 587, 588, 589, 590, 591, 592, 593, 594, 595, 596, 597, 598, 599, 600, 601, 602, 603, 604, 605, 606, 607, 608, 609, 610, 611, 612, 613, 614, 615, 616, 617, 618, 619, 620, 621, 622, 623, 624, 625, 626, 627, 628, 629, 630, 631, 632, 633, 634, 635, 636, 637, 638, 639, 640, 641, 642, 643, 644, 645, 646, 647, 648, 649, 650, 651, 652, 653, 654, 655, 656, 657, 658, 659, 660, 661, 662, 663, 664, 665, 666, 667, 668, 669, 670, 671, 672, 673, 674, 675, 676, 677, 678, 679, 680, 681, 682, 683, 684, 685, 686, 687, 688, 689, 690, 691, 692, 693, 694, 695, 696, 697, 698, 699, 700, 701, 702, 703, 704, 705, 706, 707, 708, 709, 710, 711, 712, 713, 714, 715, 716, 717, 718, 719, 720, 721, 722, 723, 724, 725, 726, 727, 728, 729, 730, 731, 732, 733, 734, 735, 736, 737, 738, 739, 740, 741, 742, 743, 744, 745, 746, 747, 748, 749, 750, 751, 752, 753, 754, 755, 756, 757, 758, 759, 760, 761, 762, 763, 764, 765, 766, 767, 768, 769, 770, 771, 772, 773, 774, 775, 776, 777, 778, 779, 780, 781, 782, 783, 784, 785, 786, 787, 788, 789, 790, 791, 792, 793]","[89, 108, 172, 217, 221, 239, 264, 280, 321, 342, 343, 344, 345, 346, 349, 351, 352, 355, 357, 359, 364, 368, 371, 372, 373, 374, 376, 377, 387, 392, 393, 403, 409, 411, 414, 424, 430, 449, 454, 470, 480, 560, 584, 643, 685, 703, 724, 739, 779, 798, 799, 800, 801, 804, 806, 807, 810, 812, 814, 816, 821, 822, 823, 824, 826, 827, 837, 842, 843, 852, 859, 862, 865, 869, 876, 882, 897, 901, 917, 932]",[],"[84, 87, 89, 114, 115, 117, 124, 132, 135, 144, 152, 178, 239, 268, 281, 297, 318, 320, 327, 348, 394, 555, 558, 560, 585, 586, 588, 595, 603, 606, 615, 623, 649, 703, 727, 740, 756, 776, 778, 785, 803, 844]","[84, 87, 89, 103, 104, 105, 106, 107, 108, 109, 110, 111, 112, 113, 114, 115, 116, 117, 118, 119, 120, 121, 122, 123, 124, 125, 126, 127, 128, 129, 130, 131, 132, 133, 134, 135, 136, 137, 138, 139, 140, 141, 142, 143, 144, 145, 146, 147, 148, 149, 150, 151, 152, 153, 154, 155, 156, 157, 158, 159, 160, 161, 162, 163, 164, 165, 166, 167, 168, 169, 170, 171, 172, 173, 174, 175, 176, 177, 178, 179, 180, 181, 182, 183, 184, 185, 186, 187, 188, 189, 190, 191, 192, 193, 194, 195, 196, 197, 198, 199, 200, 201, 202, 203, 204, 205, 206, 207, 208, 209, 210, 211, 212, 213, 214, 215, 216, 217, 218, 219, 220, 221, 222, 223, 224, 225, 226, 227, 228, 229, 230, 231, 232, 233, 234, 235, 236, 237, 238, 239, 240, 241, 242, 243, 244, 245, 246, 247, 248, 249, 250, 251, 252, 253, 254, 255, 256, 257, 258, 259, 260, 261, 262, 263, 264, 265, 266, 267, 268, 269, 270, 271, 272, 273, 274, 275, 276, 277, 278, 279, 280, 281, 282, 283, 284, 285, 286, 287, 288, 289, 290, 291, 292, 293, 294, 295, 296, 297, 298, 299, 300, 301, 302, 303, 304, 305, 306, 307, 308, 309, 310, 311, 312, 313, 314, 315, 316, 317, 318, 319, 320, 321, 322, 323, 324, 325, 326, 327, 328, 329, 330, 331, 332, 333, 334, 335, 336, 337, 342, 343, 344, 345, 346, 348, 349, 351, 352, 355, 357, 359, 364, 368, 371, 372, 373, 374, 376, 377, 387, 392, 393, 394, 403, 409, 410, 411, 412, 414, 424, 430, 449, 454, 470, 480, 555, 558, 560, 574, 575, 576, 577, 578, 579, 580, 581, 582, 583, 584, 585, 586, 587, 588, 589, 590, 591, 592, 593, 594, 595, 596, 597, 598, 599, 600, 601, 602, 603, 604, 605, 606, 607, 608, 609, 610, 611, 612, 613, 614, 615, 616, 617, 618, 619, 620, 621, 622, 623, 624, 625, 626, 627, 628, 629, 630, 631, 632, 633, 634, 635, 636, 637, 638, 639, 640, 641, 642, 643, 644, 645, 646, 647, 648, 649, 650, 651, 652, 653, 654, 655, 656, 657, 658, 659, 660, 661, 662, 663, 664, 665, 666, 667, 668, 669, 670, 671, 672, 673, 674, 675, 676, 677, 678, 679, 680, 681, 682, 683, 684, 685, 686, 687, 688, 689, 690, 691, 692, 693, 694, 695, 696, 697, 698, 699, 700, 701, 702, 703, 704, 705, 706, 707, 708, 709, 710, 711, 712, 713, 714, 715, 716, 717, 718, 719, 720, 721, 722, 723, 724, 725, 726, 727, 728, 729, 730, 731, 732, 733, 734, 735, 736, 737, 738, 739, 740, 741, 742, 743, 744, 745, 746, 747, 748, 749, 750, 751, 752, 753, 754, 755, 756, 757, 758, 759, 760, 761, 762, 763, 764, 765, 766, 767, 768, 769, 770, 771, 772, 773, 774, 775, 776, 777, 778, 779, 780, 781, 782, 783, 784, 785, 786, 787, 788, 789, 790, 791, 792, 793, 798, 799, 800, 801, 803, 804, 806, 807, 810, 812, 814, 816, 821, 822, 823, 824, 826, 827, 837, 842, 843, 844, 852, 859, 861, 862, 863, 865, 869, 876, 882, 897, 901, 917, 932]",True,"[239, 703]","[103, 104, 105, 106, 107, 108, 109, 110, 111, 112, 113, 114, 115, 116, 117, 118, 119, 120, 121, 122, 123, 124, 125, 126, 127, 128, 129, 130, 131, 132, 133, 134, 135, 136, 137, 138, 139, 140, 141, 142, 143, 144, 145, 146, 147, 148, 149, 150, 151, 152, 153, 154, 155, 156, 157, 158, 159, 160, 161, 162, 163, 164, 165, 166, 167, 168, 169, 170, 171, 172, 173, 174, 175, 176, 177, 178, 179, 180, 181, 182, 183, 184, 185, 186, 187, 188, 189, 190, 191, 192, 193, 194, 195, 196, 197, 198, 199, 200, 201, 202, 203, 204, 205, 206, 207, 208, 209, 210, 211, 212, 213, 214, 215, 216, 217, 218, 219, 220, 221, 222, 223, 224, 225, 226, 227, 228, 229, 230, 231, 232, 233, 234, 235, 236, 237, 238, 239, 240, 241, 242, 243, 244, 245, 246, 247, 248, 249, 250, 251, 252, 253, 254, 255, 256, 257, 258, 259, 260, 261, 262, 263, 264, 265, 266, 267, 268, 269, 270, 271, 272, 273, 274, 275, 276, 277, 278, 279, 280, 281, 282, 283, 284, 285, 286, 287, 288, 289, 290, 291, 292, 293, 294, 295, 296, 297, 298, 299, 300, 301, 302, 303, 304, 305, 306, 307, 308, 309, 310, 311, 312, 313, 314, 315, 316, 317, 318, 319, 320, 321, 322, 323, 324, 325, 326, 327, 328, 329, 330, 331, 332, 333, 334, 335, 336, 337, 574, 575, 576, 577, 578, 579, 580, 581, 582, 583, 584, 585, 586, 587, 588, 589, 590, 591, 592, 593, 594, 595, 596, 597, 598, 599, 600, 601, 602, 603, 604, 605, 606, 607, 608, 609, 610, 611, 612, 613, 614, 615, 616, 617, 618, 619, 620, 621, 622, 623, 624, 625, 626, 627, 628, 629, 630, 631, 632, 633, 634, 635, 636, 637, 638, 639, 640, 641, 642, 643, 644, 645, 646, 647, 648, 649, 650, 651, 652, 653, 654, 655, 656, 657, 658, 659, 660, 661, 662, 663, 664, 665, 666, 667, 668, 669, 670, 671, 672, 673, 674, 675, 676, 677, 678, 679, 680, 681, 682, 683, 684, 685, 686, 687, 688, 689, 690, 691, 692, 693, 694, 695, 696, 697, 698, 699, 700, 701, 702, 703, 704, 705, 706, 707, 708, 709, 710, 711, 712, 713, 714, 715, 716, 717, 718, 719, 720, 721, 722, 723, 724, 725, 726, 727, 728, 729, 730, 731, 732, 733, 734, 735, 736, 737, 738, 739, 740, 741, 742, 743, 744, 745, 746, 747, 748, 749, 750, 751, 752, 753, 754, 755, 756, 757, 758, 759, 760, 761, 762, 763, 764, 765, 766, 767, 768, 769, 770, 771, 772, 773, 774, 775, 776, 777, 778, 779, 780, 781, 782, 783, 784, 785, 786, 787, 788, 789, 790, 791, 792, 793]","[239, 703]","[239, 410, 412, 703, 861, 863]","[89, 108, 172, 217, 221, 239, 264, 280, 321, 342, 343, 344, 345, 346, 349, 351, 352, 355, 357, 359, 364, 368, 371, 372, 373, 374, 376, 377, 387, 392, 393, 403, 409, 411, 414, 424, 430, 449, 454, 470, 480, 560, 584, 643, 685, 703, 724, 739, 779, 798, 799, 800, 801, 804, 806, 807, 810, 812, 814, 816, 821, 822, 823, 824, 826, 827, 837, 842, 843, 852, 859, 862, 865, 869, 876, 882, 897, 901, 917, 932]","[84, 87, 89, 114, 115, 117, 124, 132, 135, 144, 152, 178, 239, 268, 281, 297, 318, 320, 327, 348, 394, 555, 558, 560, 585, 586, 588, 595, 603, 606, 615, 623, 649, 703, 727, 740, 756, 776, 778, 785, 803, 844]",[],7/6 successful match,True,"[297, 298]",True,816,False,,0.9666666666666667,True,Penryn 76 US 395 ),
D Vacaville ( 95688 ) Vaca Valley Travel Center,707-451-7532 I-505 Exit 1 ( NB ) / 1C ( SB ),24 <U+2610>,Vacaville,95688,Vaca Valley Travel Center,707-451-7532,2014,Vacaville,CA,,( NB ) / 1C ( SB ),I-505 Exit 1 ,Exit,1,False,,False,I-505,,,,,"[321, 779]","[321, 779]","[321, 779]","[19, 180, 181, 233, 255, 331, 341, 351, 449, 454, 503, 651, 652, 697, 708, 788, 797, 806, 857, 897, 901]","[103, 104, 105, 106, 107, 108, 109, 110, 111, 112, 113, 114, 115, 116, 117, 118, 119, 120, 121, 122, 123, 124, 125, 126, 127, 128, 129, 130, 131, 132, 133, 134, 135, 136, 137, 138, 139, 140, 141, 142, 143, 144, 145, 146, 147, 148, 149, 150, 151, 152, 153, 154, 155, 156, 157, 158, 159, 160, 161, 162, 163, 164, 165, 166, 167, 168, 169, 170, 171, 172, 173, 174, 175, 176, 177, 178, 179, 180, 181, 182, 183, 184, 185, 186, 187, 188, 189, 190, 191, 192, 193, 194, 195, 196, 197, 198, 199, 200, 201, 202, 203, 204, 205, 206, 207, 208, 209, 210, 211, 212, 213, 214, 215, 216, 217, 218, 219, 220, 221, 222, 223, 224, 225, 226, 227, 228, 229, 230, 231, 232, 233, 234, 235, 236, 237, 238, 239, 240, 241, 242, 243, 244, 245, 246, 247, 248, 249, 250, 251, 252, 253, 254, 255, 256, 257, 258, 259, 260, 261, 262, 263, 264, 265, 266, 267, 268, 269, 270, 271, 272, 273, 274, 275, 276, 277, 278, 279, 280, 281, 282, 283, 284, 285, 286, 287, 288, 289, 290, 291, 292, 293, 294, 295, 296, 297, 298, 299, 300, 301, 302, 303, 304, 305, 306, 307, 308, 309, 310, 311, 312, 313, 314, 315, 316, 317, 318, 319, 320, 321, 322, 323, 324, 325, 326, 327, 328, 329, 330, 331, 332, 333, 334, 335, 336, 337, 574, 575, 576, 577, 578, 579, 580, 581, 582, 583, 584, 585, 586, 587, 588, 589, 590, 591, 592, 593, 594, 595, 596, 597, 598, 599, 600, 601, 602, 603, 604, 605, 606, 607, 608, 609, 610, 611, 612, 613, 614, 615, 616, 617, 618, 619, 620, 621, 622, 623, 624, 625, 626, 627, 628, 629, 630, 631, 632, 633, 634, 635, 636, 637, 638, 639, 640, 641, 642, 643, 644, 645, 646, 647, 648, 649, 650, 651, 652, 653, 654, 655, 656, 657, 658, 659, 660, 661, 662, 663, 664, 665, 666, 667, 668, 669, 670, 671, 672, 673, 674, 675, 676, 677, 678, 679, 680, 681, 682, 683, 684, 685, 686, 687, 688, 689, 690, 691, 692, 693, 694, 695, 696, 697, 698, 699, 700, 701, 702, 703, 704, 705, 706, 707, 708, 709, 710, 711, 712, 713, 714, 715, 716, 717, 718, 719, 720, 721, 722, 723, 724, 725, 726, 727, 728, 729, 730, 731, 732, 733, 734, 735, 736, 737, 738, 739, 740, 741, 742, 743, 744, 745, 746, 747, 748, 749, 750, 751, 752, 753, 754, 755, 756, 757, 758, 759, 760, 761, 762, 763, 764, 765, 766, 767, 768, 769, 770, 771, 772, 773, 774, 775, 776, 777, 778, 779, 780, 781, 782, 783, 784, 785, 786, 787, 788, 789, 790, 791, 792, 793]","[321, 779]",[],"[154, 218, 279, 321, 322, 323, 324, 325, 326, 394, 401, 626, 686, 738, 779, 780, 781, 782, 783, 784, 844, 850]","[19, 103, 104, 105, 106, 107, 108, 109, 110, 111, 112, 113, 114, 115, 116, 117, 118, 119, 120, 121, 122, 123, 124, 125, 126, 127, 128, 129, 130, 131, 132, 133, 134, 135, 136, 137, 138, 139, 140, 141, 142, 143, 144, 145, 146, 147, 148, 149, 150, 151, 152, 153, 154, 155, 156, 157, 158, 159, 160, 161, 162, 163, 164, 165, 166, 167, 168, 169, 170, 171, 172, 173, 174, 175, 176, 177, 178, 179, 180, 181, 182, 183, 184, 185, 186, 187, 188, 189, 190, 191, 192, 193, 194, 195, 196, 197, 198, 199, 200, 201, 202, 203, 204, 205, 206, 207, 208, 209, 210, 211, 212, 213, 214, 215, 216, 217, 218, 219, 220, 221, 222, 223, 224, 225, 226, 227, 228, 229, 230, 231, 232, 233, 234, 235, 236, 237, 238, 239, 240, 241, 242, 243, 244, 245, 246, 247, 248, 249, 250, 251, 252, 253, 254, 255, 256, 257, 258, 259, 260, 261, 262, 263, 264, 265, 266, 267, 268, 269, 270, 271, 272, 273, 274, 275, 276, 277, 278, 279, 280, 281, 282, 283, 284, 285, 286, 287, 288, 289, 290, 291, 292, 293, 294, 295, 296, 297, 298, 299, 300, 301, 302, 303, 304, 305, 306, 307, 308, 309, 310, 311, 312, 313, 314, 315, 316, 317, 318, 319, 320, 321, 322, 323, 324, 325, 326, 327, 328, 329, 330, 331, 332, 333, 334, 335, 336, 337, 341, 351, 394, 401, 449, 454, 503, 574, 575, 576, 577, 578, 579, 580, 581, 582, 583, 584, 585, 586, 587, 588, 589, 590, 591, 592, 593, 594, 595, 596, 597, 598, 599, 600, 601, 602, 603, 604, 605, 606, 607, 608, 609, 610, 611, 612, 613, 614, 615, 616, 617, 618, 619, 620, 621, 622, 623, 624, 625, 626, 627, 628, 629, 630, 631, 632, 633, 634, 635, 636, 637, 638, 639, 640, 641, 642, 643, 644, 645, 646, 647, 648, 649, 650, 651, 652, 653, 654, 655, 656, 657, 658, 659, 660, 661, 662, 663, 664, 665, 666, 667, 668, 669, 670, 671, 672, 673, 674, 675, 676, 677, 678, 679, 680, 681, 682, 683, 684, 685, 686, 687, 688, 689, 690, 691, 692, 693, 694, 695, 696, 697, 698, 699, 700, 701, 702, 703, 704, 705, 706, 707, 708, 709, 710, 711, 712, 713, 714, 715, 716, 717, 718, 719, 720, 721, 722, 723, 724, 725, 726, 727, 728, 729, 730, 731, 732, 733, 734, 735, 736, 737, 738, 739, 740, 741, 742, 743, 744, 745, 746, 747, 748, 749, 750, 751, 752, 753, 754, 755, 756, 757, 758, 759, 760, 761, 762, 763, 764, 765, 766, 767, 768, 769, 770, 771, 772, 773, 774, 775, 776, 777, 778, 779, 780, 781, 782, 783, 784, 785, 786, 787, 788, 789, 790, 791, 792, 793, 797, 806, 844, 850, 857, 897, 901]",True,"[321, 779]","[103, 104, 105, 106, 107, 108, 109, 110, 111, 112, 113, 114, 115, 116, 117, 118, 119, 120, 121, 122, 123, 124, 125, 126, 127, 128, 129, 130, 131, 132, 133, 134, 135, 136, 137, 138, 139, 140, 141, 142, 143, 144, 145, 146, 147, 148, 149, 150, 151, 152, 153, 154, 155, 156, 157, 158, 159, 160, 161, 162, 163, 164, 165, 166, 167, 168, 169, 170, 171, 172, 173, 174, 175, 176, 177, 178, 179, 180, 181, 182, 183, 184, 185, 186, 187, 188, 189, 190, 191, 192, 193, 194, 195, 196, 197, 198, 199, 200, 201, 202, 203, 204, 205, 206, 207, 208, 209, 210, 211, 212, 213, 214, 215, 216, 217, 218, 219, 220, 221, 222, 223, 224, 225, 226, 227, 228, 229, 230, 231, 232, 233, 234, 235, 236, 237, 238, 239, 240, 241, 242, 243, 244, 245, 246, 247, 248, 249, 250, 251, 252, 253, 254, 255, 256, 257, 258, 259, 260, 261, 262, 263, 264, 265, 266, 267, 268, 269, 270, 271, 272, 273, 274, 275, 276, 277, 278, 279, 280, 281, 282, 283, 284, 285, 286, 287, 288, 289, 290, 291, 292, 293, 294, 295, 296, 297, 298, 299, 300, 301, 302, 303, 304, 305, 306, 307, 308, 309, 310, 311, 312, 313, 314, 315, 316, 317, 318, 319, 320, 321, 322, 323, 324, 325, 326, 327, 328, 329, 330, 331, 332, 333, 334, 335, 336, 337, 574, 575, 576, 577, 578, 579, 580, 581, 582, 583, 584, 585, 586, 587, 588, 589, 590, 591, 592, 593, 594, 595, 596, 597, 598, 599, 600, 601, 602, 603, 604, 605, 606, 607, 608, 609, 610, 611, 612, 613, 614, 615, 616, 617, 618, 619, 620, 621, 622, 623, 624, 625, 626, 627, 628, 629, 630, 631, 632, 633, 634, 635, 636, 637, 638, 639, 640, 641, 642, 643, 644, 645, 646, 647, 648, 649, 650, 651, 652, 653, 654, 655, 656, 657, 658, 659, 660, 661, 662, 663, 664, 665, 666, 667, 668, 669, 670, 671, 672, 673, 674, 675, 676, 677, 678, 679, 680, 681, 682, 683, 684, 685, 686, 687, 688, 689, 690, 691, 692, 693, 694, 695, 696, 697, 698, 699, 700, 701, 702, 703, 704, 705, 706, 707, 708, 709, 710, 711, 712, 713, 714, 715, 716, 717, 718, 719, 720, 721, 722, 723, 724, 725, 726, 727, 728, 729, 730, 731, 732, 733, 734, 735, 736, 737, 738, 739, 740, 741, 742, 743, 744, 745, 746, 747, 748, 749, 750, 751, 752, 753, 754, 755, 756, 757, 758, 759, 760, 761, 762, 763, 764, 765, 766, 767, 768, 769, 770, 771, 772, 773, 774, 775, 776, 777, 778, 779, 780, 781, 782, 783, 784, 785, 786, 787, 788, 789, 790, 791, 792, 793]","[321, 779]","[19, 180, 181, 233, 255, 331, 341, 351, 449, 454, 503, 651, 652, 697, 708, 788, 797, 806, 857, 897, 901]","[321, 779]","[154, 218, 279, 321, 322, 323, 324, 325, 326, 394, 401, 626, 686, 738, 779, 780, 781, 782, 783, 784, 844, 850]",[],7/6 successful match,True,"[428, 429]",True,817,False,,,,,
Vacaville ( 95688 ) Vaca Valley Travel Center ( Chevron ),707-451-7532 I-505 Exit 1 ( NB ) / 1C ( ),24 <U+2610>,Vacaville,95688,Vaca Valley Travel Center ( Chevron ),707-451-7532,2015,Vacaville,CA,Chevron,( NB ) / 1C ( ),I-505 Exit 1 ,Exit,1,False,,False,I-505,,,,,"[321, 779]","[321, 779]","[321, 779]","[19, 180, 181, 233, 255, 331, 341, 351, 449, 454, 503, 651, 652, 697, 708, 788, 797, 806, 857, 897, 901]","[103, 104, 105, 106, 107, 108, 109, 110, 111, 112, 113, 114, 115, 116, 117, 118, 119, 120, 121, 122, 123, 124, 125, 126, 127, 128, 129, 130, 131, 132, 133, 134, 135, 136, 137, 138, 139, 140, 141, 142, 143, 144, 145, 146, 147, 148, 149, 150, 151, 152, 153, 154, 155, 156, 157, 158, 159, 160, 161, 162, 163, 164, 165, 166, 167, 168, 169, 170, 171, 172, 173, 174, 175, 176, 177, 178, 179, 180, 181, 182, 183, 184, 185, 186, 187, 188, 189, 190, 191, 192, 193, 194, 195, 196, 197, 198, 199, 200, 201, 202, 203, 204, 205, 206, 207, 208, 209, 210, 211, 212, 213, 214, 215, 216, 217, 218, 219, 220, 221, 222, 223, 224, 225, 226, 227, 228, 229, 230, 231, 232, 233, 234, 235, 236, 237, 238, 239, 240, 241, 242, 243, 244, 245, 246, 247, 248, 249, 250, 251, 252, 253, 254, 255, 256, 257, 258, 259, 260, 261, 262, 263, 264, 265, 266, 267, 268, 269, 270, 271, 272, 273, 274, 275, 276, 277, 278, 279, 280, 281, 282, 283, 284, 285, 286, 287, 288, 289, 290, 291, 292, 293, 294, 295, 296, 297, 298, 299, 300, 301, 302, 303, 304, 305, 306, 307, 308, 309, 310, 311, 312, 313, 314, 315, 316, 317, 318, 319, 320, 321, 322, 323, 324, 325, 326, 327, 328, 329, 330, 331, 332, 333, 334, 335, 336, 337, 574, 575, 576, 577, 578, 579, 580, 581, 582, 583, 584, 585, 586, 587, 588, 589, 590, 591, 592, 593, 594, 595, 596, 597, 598, 599, 600, 601, 602, 603, 604, 605, 606, 607, 608, 609, 610, 611, 612, 613, 614, 615, 616, 617, 618, 619, 620, 621, 622, 623, 624, 625, 626, 627, 628, 629, 630, 631, 632, 633, 634, 635, 636, 637, 638, 639, 640, 641, 642, 643, 644, 645, 646, 647, 648, 649, 650, 651, 652, 653, 654, 655, 656, 657, 658, 659, 660, 661, 662, 663, 664, 665, 666, 667, 668, 669, 670, 671, 672, 673, 674, 675, 676, 677, 678, 679, 680, 681, 682, 683, 684, 685, 686, 687, 688, 689, 690, 691, 692, 693, 694, 695, 696, 697, 698, 699, 700, 701, 702, 703, 704, 705, 706, 707, 708, 709, 710, 711, 712, 713, 714, 715, 716, 717, 718, 719, 720, 721, 722, 723, 724, 725, 726, 727, 728, 729, 730, 731, 732, 733, 734, 735, 736, 737, 738, 739, 740, 741, 742, 743, 744, 745, 746, 747, 748, 749, 750, 751, 752, 753, 754, 755, 756, 757, 758, 759, 760, 761, 762, 763, 764, 765, 766, 767, 768, 769, 770, 771, 772, 773, 774, 775, 776, 777, 778, 779, 780, 781, 782, 783, 784, 785, 786, 787, 788, 789, 790, 791, 792, 793]","[321, 779]","[12, 24, 25, 28, 88, 100, 104, 119, 123, 129, 136, 137, 139, 140, 141, 148, 155, 169, 172, 179, 183, 185, 188, 196, 198, 217, 237, 267, 270, 278, 319, 321, 324, 325, 330, 334, 335, 354, 366, 369, 380, 383, 384, 386, 395, 407, 411, 423, 428, 436, 437, 452, 453, 456, 467, 471, 477, 478, 479, 497, 508, 511, 559, 571, 575, 590, 594, 600, 607, 608, 610, 611, 612, 619, 627, 640, 643, 650, 654, 656, 659, 667, 669, 685, 701, 726, 729, 737, 777, 779, 782, 783, 787, 790, 791, 809, 817, 819, 830, 833, 834, 836, 845, 856, 857, 860, 862, 875, 880, 887, 888, 899, 900, 914, 918, 921, 928, 929, 930]","[12, 24, 25, 28, 88, 100, 104, 119, 123, 129, 136, 137, 139, 140, 141, 148, 154, 155, 169, 172, 179, 183, 185, 188, 196, 198, 217, 218, 237, 267, 270, 278, 279, 319, 321, 322, 323, 324, 325, 326, 330, 334, 335, 354, 366, 369, 380, 383, 384, 386, 394, 395, 401, 407, 411, 423, 428, 436, 437, 452, 453, 456, 467, 471, 477, 478, 479, 497, 508, 511, 559, 571, 575, 590, 594, 600, 607, 608, 610, 611, 612, 619, 626, 627, 640, 643, 650, 654, 656, 659, 667, 669, 685, 686, 701, 726, 729, 737, 738, 777, 779, 780, 781, 782, 783, 784, 787, 790, 791, 809, 817, 819, 830, 833, 834, 836, 844, 845, 850, 856, 857, 860, 862, 875, 880, 887, 888, 899, 900, 914, 918, 921, 928, 929, 930]","[12, 19, 24, 25, 28, 88, 100, 103, 104, 105, 106, 107, 108, 109, 110, 111, 112, 113, 114, 115, 116, 117, 118, 119, 120, 121, 122, 123, 124, 125, 126, 127, 128, 129, 130, 131, 132, 133, 134, 135, 136, 137, 138, 139, 140, 141, 142, 143, 144, 145, 146, 147, 148, 149, 150, 151, 152, 153, 154, 155, 156, 157, 158, 159, 160, 161, 162, 163, 164, 165, 166, 167, 168, 169, 170, 171, 172, 173, 174, 175, 176, 177, 178, 179, 180, 181, 182, 183, 184, 185, 186, 187, 188, 189, 190, 191, 192, 193, 194, 195, 196, 197, 198, 199, 200, 201, 202, 203, 204, 205, 206, 207, 208, 209, 210, 211, 212, 213, 214, 215, 216, 217, 218, 219, 220, 221, 222, 223, 224, 225, 226, 227, 228, 229, 230, 231, 232, 233, 234, 235, 236, 237, 238, 239, 240, 241, 242, 243, 244, 245, 246, 247, 248, 249, 250, 251, 252, 253, 254, 255, 256, 257, 258, 259, 260, 261, 262, 263, 264, 265, 266, 267, 268, 269, 270, 271, 272, 273, 274, 275, 276, 277, 278, 279, 280, 281, 282, 283, 284, 285, 286, 287, 288, 289, 290, 291, 292, 293, 294, 295, 296, 297, 298, 299, 300, 301, 302, 303, 304, 305, 306, 307, 308, 309, 310, 311, 312, 313, 314, 315, 316, 317, 318, 319, 320, 321, 322, 323, 324, 325, 326, 327, 328, 329, 330, 331, 332, 333, 334, 335, 336, 337, 341, 351, 354, 366, 369, 380, 383, 384, 386, 394, 395, 401, 407, 411, 423, 428, 436, 437, 449, 452, 453, 454, 456, 467, 471, 477, 478, 479, 497, 503, 508, 511, 559, 571, 574, 575, 576, 577, 578, 579, 580, 581, 582, 583, 584, 585, 586, 587, 588, 589, 590, 591, 592, 593, 594, 595, 596, 597, 598, 599, 600, 601, 602, 603, 604, 605, 606, 607, 608, 609, 610, 611, 612, 613, 614, 615, 616, 617, 618, 619, 620, 621, 622, 623, 624, 625, 626, 627, 628, 629, 630, 631, 632, 633, 634, 635, 636, 637, 638, 639, 640, 641, 642, 643, 644, 645, 646, 647, 648, 649, 650, 651, 652, 653, 654, 655, 656, 657, 658, 659, 660, 661, 662, 663, 664, 665, 666, 667, 668, 669, 670, 671, 672, 673, 674, 675, 676, 677, 678, 679, 680, 681, 682, 683, 684, 685, 686, 687, 688, 689, 690, 691, 692, 693, 694, 695, 696, 697, 698, 699, 700, 701, 702, 703, 704, 705, 706, 707, 708, 709, 710, 711, 712, 713, 714, 715, 716, 717, 718, 719, 720, 721, 722, 723, 724, 725, 726, 727, 728, 729, 730, 731, 732, 733, 734, 735, 736, 737, 738, 739, 740, 741, 742, 743, 744, 745, 746, 747, 748, 749, 750, 751, 752, 753, 754, 755, 756, 757, 758, 759, 760, 761, 762, 763, 764, 765, 766, 767, 768, 769, 770, 771, 772, 773, 774, 775, 776, 777, 778, 779, 780, 781, 782, 783, 784, 785, 786, 787, 788, 789, 790, 791, 792, 793, 797, 806, 809, 817, 819, 830, 833, 834, 836, 844, 845, 850, 856, 857, 860, 862, 875, 880, 887, 888, 897, 899, 900, 901, 914, 918, 921, 928, 929, 930]",True,"[321, 779]","[103, 104, 105, 106, 107, 108, 109, 110, 111, 112, 113, 114, 115, 116, 117, 118, 119, 120, 121, 122, 123, 124, 125, 126, 127, 128, 129, 130, 131, 132, 133, 134, 135, 136, 137, 138, 139, 140, 141, 142, 143, 144, 145, 146, 147, 148, 149, 150, 151, 152, 153, 154, 155, 156, 157, 158, 159, 160, 161, 162, 163, 164, 165, 166, 167, 168, 169, 170, 171, 172, 173, 174, 175, 176, 177, 178, 179, 180, 181, 182, 183, 184, 185, 186, 187, 188, 189, 190, 191, 192, 193, 194, 195, 196, 197, 198, 199, 200, 201, 202, 203, 204, 205, 206, 207, 208, 209, 210, 211, 212, 213, 214, 215, 216, 217, 218, 219, 220, 221, 222, 223, 224, 225, 226, 227, 228, 229, 230, 231, 232, 233, 234, 235, 236, 237, 238, 239, 240, 241, 242, 243, 244, 245, 246, 247, 248, 249, 250, 251, 252, 253, 254, 255, 256, 257, 258, 259, 260, 261, 262, 263, 264, 265, 266, 267, 268, 269, 270, 271, 272, 273, 274, 275, 276, 277, 278, 279, 280, 281, 282, 283, 284, 285, 286, 287, 288, 289, 290, 291, 292, 293, 294, 295, 296, 297, 298, 299, 300, 301, 302, 303, 304, 305, 306, 307, 308, 309, 310, 311, 312, 313, 314, 315, 316, 317, 318, 319, 320, 321, 322, 323, 324, 325, 326, 327, 328, 329, 330, 331, 332, 333, 334, 335, 336, 337, 574, 575, 576, 577, 578, 579, 580, 581, 582, 583, 584, 585, 586, 587, 588, 589, 590, 591, 592, 593, 594, 595, 596, 597, 598, 599, 600, 601, 602, 603, 604, 605, 606, 607, 608, 609, 610, 611, 612, 613, 614, 615, 616, 617, 618, 619, 620, 621, 622, 623, 624, 625, 626, 627, 628, 629, 630, 631, 632, 633, 634, 635, 636, 637, 638, 639, 640, 641, 642, 643, 644, 645, 646, 647, 648, 649, 650, 651, 652, 653, 654, 655, 656, 657, 658, 659, 660, 661, 662, 663, 664, 665, 666, 667, 668, 669, 670, 671, 672, 673, 674, 675, 676, 677, 678, 679, 680, 681, 682, 683, 684, 685, 686, 687, 688, 689, 690, 691, 692, 693, 694, 695, 696, 697, 698, 699, 700, 701, 702, 703, 704, 705, 706, 707, 708, 709, 710, 711, 712, 713, 714, 715, 716, 717, 718, 719, 720, 721, 722, 723, 724, 725, 726, 727, 728, 729, 730, 731, 732, 733, 734, 735, 736, 737, 738, 739, 740, 741, 742, 743, 744, 745, 746, 747, 748, 749, 750, 751, 752, 753, 754, 755, 756, 757, 758, 759, 760, 761, 762, 763, 764, 765, 766, 767, 768, 769, 770, 771, 772, 773, 774, 775, 776, 777, 778, 779, 780, 781, 782, 783, 784, 785, 786, 787, 788, 789, 790, 791, 792, 793]","[321, 779]","[19, 180, 181, 233, 255, 331, 341, 351, 449, 454, 503, 651, 652, 697, 708, 788, 797, 806, 857, 897, 901]","[321, 779]","[12, 24, 25, 28, 88, 100, 104, 119, 123, 129, 136, 137, 139, 140, 141, 148, 154, 155, 169, 172, 179, 183, 185, 188, 196, 198, 217, 218, 237, 267, 270, 278, 279, 319, 321, 322, 323, 324, 325, 326, 330, 334, 335, 354, 366, 369, 380, 383, 384, 386, 394, 395, 401, 407, 411, 423, 428, 436, 437, 452, 453, 456, 467, 471, 477, 478, 479, 497, 508, 511, 559, 571, 575, 590, 594, 600, 607, 608, 610, 611, 612, 619, 626, 627, 640, 643, 650, 654, 656, 659, 667, 669, 685, 686, 701, 726, 729, 737, 738, 777, 779, 780, 781, 782, 783, 784, 787, 790, 791, 809, 817, 819, 830, 833, 834, 836, 844, 845, 850, 856, 857, 860, 862, 875, 880, 887, 888, 899, 900, 914, 918, 921, 928, 929, 930]","[12, 24, 25, 28, 88, 100, 104, 119, 123, 129, 136, 137, 139, 140, 141, 148, 155, 169, 172, 179, 183, 185, 188, 196, 198, 217, 237, 267, 270, 278, 319, 321, 324, 325, 330, 334, 335, 354, 366, 369, 380, 383, 384, 386, 395, 407, 411, 423, 428, 436, 437, 452, 453, 456, 467, 471, 477, 478, 479, 497, 508, 511, 559, 571, 575, 590, 594, 600, 607, 608, 610, 611, 612, 619, 627, 640, 643, 650, 654, 656, 659, 667, 669, 685, 701, 726, 729, 737, 777, 779, 782, 783, 787, 790, 791, 809, 817, 819, 830, 833, 834, 836, 845, 856, 857, 860, 862, 875, 880, 887, 888, 899, 900, 914, 918, 921, 928, 929, 930]",7/6 successful match,True,"[428, 429]",True,817,False,,1.0,True,Vaca Valley Travel Center,
D Vacaville ( 95688 ) Vaca Valley Travel Center ( Chevron ),707-451-7532 I-505 Exit 1 ( NB ) / 1C ( SB ),24 S <U+2610>,Vacaville,95688,Vaca Valley Travel Center ( Chevron ),707-451-7532,2016,Vacaville,CA,Chevron,( NB ) / 1C ( SB ),I-505 Exit 1 ,Exit,1,False,,False,I-505,,,,,"[321, 779]","[321, 779]","[321, 779]","[19, 180, 181, 233, 255, 331, 341, 351, 449, 454, 503, 651, 652, 697, 708, 788, 797, 806, 857, 897, 901]","[103, 104, 105, 106, 107, 108, 109, 110, 111, 112, 113, 114, 115, 116, 117, 118, 119, 120, 121, 122, 123, 124, 125, 126, 127, 128, 129, 130, 131, 132, 133, 134, 135, 136, 137, 138, 139, 140, 141, 142, 143, 144, 145, 146, 147, 148, 149, 150, 151, 152, 153, 154, 155, 156, 157, 158, 159, 160, 161, 162, 163, 164, 165, 166, 167, 168, 169, 170, 171, 172, 173, 174, 175, 176, 177, 178, 179, 180, 181, 182, 183, 184, 185, 186, 187, 188, 189, 190, 191, 192, 193, 194, 195, 196, 197, 198, 199, 200, 201, 202, 203, 204, 205, 206, 207, 208, 209, 210, 211, 212, 213, 214, 215, 216, 217, 218, 219, 220, 221, 222, 223, 224, 225, 226, 227, 228, 229, 230, 231, 232, 233, 234, 235, 236, 237, 238, 239, 240, 241, 242, 243, 244, 245, 246, 247, 248, 249, 250, 251, 252, 253, 254, 255, 256, 257, 258, 259, 260, 261, 262, 263, 264, 265, 266, 267, 268, 269, 270, 271, 272, 273, 274, 275, 276, 277, 278, 279, 280, 281, 282, 283, 284, 285, 286, 287, 288, 289, 290, 291, 292, 293, 294, 295, 296, 297, 298, 299, 300, 301, 302, 303, 304, 305, 306, 307, 308, 309, 310, 311, 312, 313, 314, 315, 316, 317, 318, 319, 320, 321, 322, 323, 324, 325, 326, 327, 328, 329, 330, 331, 332, 333, 334, 335, 336, 337, 574, 575, 576, 577, 578, 579, 580, 581, 582, 583, 584, 585, 586, 587, 588, 589, 590, 591, 592, 593, 594, 595, 596, 597, 598, 599, 600, 601, 602, 603, 604, 605, 606, 607, 608, 609, 610, 611, 612, 613, 614, 615, 616, 617, 618, 619, 620, 621, 622, 623, 624, 625, 626, 627, 628, 629, 630, 631, 632, 633, 634, 635, 636, 637, 638, 639, 640, 641, 642, 643, 644, 645, 646, 647, 648, 649, 650, 651, 652, 653, 654, 655, 656, 657, 658, 659, 660, 661, 662, 663, 664, 665, 666, 667, 668, 669, 670, 671, 672, 673, 674, 675, 676, 677, 678, 679, 680, 681, 682, 683, 684, 685, 686, 687, 688, 689, 690, 691, 692, 693, 694, 695, 696, 697, 698, 699, 700, 701, 702, 703, 704, 705, 706, 707, 708, 709, 710, 711, 712, 713, 714, 715, 716, 717, 718, 719, 720, 721, 722, 723, 724, 725, 726, 727, 728, 729, 730, 731, 732, 733, 734, 735, 736, 737, 738, 739, 740, 741, 742, 743, 744, 745, 746, 747, 748, 749, 750, 751, 752, 753, 754, 755, 756, 757, 758, 759, 760, 761, 762, 763, 764, 765, 766, 767, 768, 769, 770, 771, 772, 773, 774, 775, 776, 777, 778, 779, 780, 781, 782, 783, 784, 785, 786, 787, 788, 789, 790, 791, 792, 793]","[321, 779]","[12, 24, 25, 28, 88, 100, 104, 119, 123, 129, 136, 137, 139, 140, 141, 148, 155, 169, 172, 179, 183, 185, 188, 196, 198, 217, 237, 267, 270, 278, 319, 321, 324, 325, 330, 334, 335, 354, 366, 369, 380, 383, 384, 386, 395, 407, 411, 423, 428, 436, 437, 452, 453, 456, 467, 471, 477, 478, 479, 497, 508, 511, 559, 571, 575, 590, 594, 600, 607, 608, 610, 611, 612, 619, 627, 640, 643, 650, 654, 656, 659, 667, 669, 685, 701, 726, 729, 737, 777, 779, 782, 783, 787, 790, 791, 809, 817, 819, 830, 833, 834, 836, 845, 856, 857, 860, 862, 875, 880, 887, 888, 899, 900, 914, 918, 921, 928, 929, 930]","[12, 24, 25, 28, 88, 100, 104, 119, 123, 129, 136, 137, 139, 140, 141, 148, 154, 155, 169, 172, 179, 183, 185, 188, 196, 198, 217, 218, 237, 267, 270, 278, 279, 319, 321, 322, 323, 324, 325, 326, 330, 334, 335, 354, 366, 369, 380, 383, 384, 386, 394, 395, 401, 407, 411, 423, 428, 436, 437, 452, 453, 456, 467, 471, 477, 478, 479, 497, 508, 511, 559, 571, 575, 590, 594, 600, 607, 608, 610, 611, 612, 619, 626, 627, 640, 643, 650, 654, 656, 659, 667, 669, 685, 686, 701, 726, 729, 737, 738, 777, 779, 780, 781, 782, 783, 784, 787, 790, 791, 809, 817, 819, 830, 833, 834, 836, 844, 845, 850, 856, 857, 860, 862, 875, 880, 887, 888, 899, 900, 914, 918, 921, 928, 929, 930]","[12, 19, 24, 25, 28, 88, 100, 103, 104, 105, 106, 107, 108, 109, 110, 111, 112, 113, 114, 115, 116, 117, 118, 119, 120, 121, 122, 123, 124, 125, 126, 127, 128, 129, 130, 131, 132, 133, 134, 135, 136, 137, 138, 139, 140, 141, 142, 143, 144, 145, 146, 147, 148, 149, 150, 151, 152, 153, 154, 155, 156, 157, 158, 159, 160, 161, 162, 163, 164, 165, 166, 167, 168, 169, 170, 171, 172, 173, 174, 175, 176, 177, 178, 179, 180, 181, 182, 183, 184, 185, 186, 187, 188, 189, 190, 191, 192, 193, 194, 195, 196, 197, 198, 199, 200, 201, 202, 203, 204, 205, 206, 207, 208, 209, 210, 211, 212, 213, 214, 215, 216, 217, 218, 219, 220, 221, 222, 223, 224, 225, 226, 227, 228, 229, 230, 231, 232, 233, 234, 235, 236, 237, 238, 239, 240, 241, 242, 243, 244, 245, 246, 247, 248, 249, 250, 251, 252, 253, 254, 255, 256, 257, 258, 259, 260, 261, 262, 263, 264, 265, 266, 267, 268, 269, 270, 271, 272, 273, 274, 275, 276, 277, 278, 279, 280, 281, 282, 283, 284, 285, 286, 287, 288, 289, 290, 291, 292, 293, 294, 295, 296, 297, 298, 299, 300, 301, 302, 303, 304, 305, 306, 307, 308, 309, 310, 311, 312, 313, 314, 315, 316, 317, 318, 319, 320, 321, 322, 323, 324, 325, 326, 327, 328, 329, 330, 331, 332, 333, 334, 335, 336, 337, 341, 351, 354, 366, 369, 380, 383, 384, 386, 394, 395, 401, 407, 411, 423, 428, 436, 437, 449, 452, 453, 454, 456, 467, 471, 477, 478, 479, 497, 503, 508, 511, 559, 571, 574, 575, 576, 577, 578, 579, 580, 581, 582, 583, 584, 585, 586, 587, 588, 589, 590, 591, 592, 593, 594, 595, 596, 597, 598, 599, 600, 601, 602, 603, 604, 605, 606, 607, 608, 609, 610, 611, 612, 613, 614, 615, 616, 617, 618, 619, 620, 621, 622, 623, 624, 625, 626, 627, 628, 629, 630, 631, 632, 633, 634, 635, 636, 637, 638, 639, 640, 641, 642, 643, 644, 645, 646, 647, 648, 649, 650, 651, 652, 653, 654, 655, 656, 657, 658, 659, 660, 661, 662, 663, 664, 665, 666, 667, 668, 669, 670, 671, 672, 673, 674, 675, 676, 677, 678, 679, 680, 681, 682, 683, 684, 685, 686, 687, 688, 689, 690, 691, 692, 693, 694, 695, 696, 697, 698, 699, 700, 701, 702, 703, 704, 705, 706, 707, 708, 709, 710, 711, 712, 713, 714, 715, 716, 717, 718, 719, 720, 721, 722, 723, 724, 725, 726, 727, 728, 729, 730, 731, 732, 733, 734, 735, 736, 737, 738, 739, 740, 741, 742, 743, 744, 745, 746, 747, 748, 749, 750, 751, 752, 753, 754, 755, 756, 757, 758, 759, 760, 761, 762, 763, 764, 765, 766, 767, 768, 769, 770, 771, 772, 773, 774, 775, 776, 777, 778, 779, 780, 781, 782, 783, 784, 785, 786, 787, 788, 789, 790, 791, 792, 793, 797, 806, 809, 817, 819, 830, 833, 834, 836, 844, 845, 850, 856, 857, 860, 862, 875, 880, 887, 888, 897, 899, 900, 901, 914, 918, 921, 928, 929, 930]",True,"[321, 779]","[103, 104, 105, 106, 107, 108, 109, 110, 111, 112, 113, 114, 115, 116, 117, 118, 119, 120, 121, 122, 123, 124, 125, 126, 127, 128, 129, 130, 131, 132, 133, 134, 135, 136, 137, 138, 139, 140, 141, 142, 143, 144, 145, 146, 147, 148, 149, 150, 151, 152, 153, 154, 155, 156, 157, 158, 159, 160, 161, 162, 163, 164, 165, 166, 167, 168, 169, 170, 171, 172, 173, 174, 175, 176, 177, 178, 179, 180, 181, 182, 183, 184, 185, 186, 187, 188, 189, 190, 191, 192, 193, 194, 195, 196, 197, 198, 199, 200, 201, 202, 203, 204, 205, 206, 207, 208, 209, 210, 211, 212, 213, 214, 215, 216, 217, 218, 219, 220, 221, 222, 223, 224, 225, 226, 227, 228, 229, 230, 231, 232, 233, 234, 235, 236, 237, 238, 239, 240, 241, 242, 243, 244, 245, 246, 247, 248, 249, 250, 251, 252, 253, 254, 255, 256, 257, 258, 259, 260, 261, 262, 263, 264, 265, 266, 267, 268, 269, 270, 271, 272, 273, 274, 275, 276, 277, 278, 279, 280, 281, 282, 283, 284, 285, 286, 287, 288, 289, 290, 291, 292, 293, 294, 295, 296, 297, 298, 299, 300, 301, 302, 303, 304, 305, 306, 307, 308, 309, 310, 311, 312, 313, 314, 315, 316, 317, 318, 319, 320, 321, 322, 323, 324, 325, 326, 327, 328, 329, 330, 331, 332, 333, 334, 335, 336, 337, 574, 575, 576, 577, 578, 579, 580, 581, 582, 583, 584, 585, 586, 587, 588, 589, 590, 591, 592, 593, 594, 595, 596, 597, 598, 599, 600, 601, 602, 603, 604, 605, 606, 607, 608, 609, 610, 611, 612, 613, 614, 615, 616, 617, 618, 619, 620, 621, 622, 623, 624, 625, 626, 627, 628, 629, 630, 631, 632, 633, 634, 635, 636, 637, 638, 639, 640, 641, 642, 643, 644, 645, 646, 647, 648, 649, 650, 651, 652, 653, 654, 655, 656, 657, 658, 659, 660, 661, 662, 663, 664, 665, 666, 667, 668, 669, 670, 671, 672, 673, 674, 675, 676, 677, 678, 679, 680, 681, 682, 683, 684, 685, 686, 687, 688, 689, 690, 691, 692, 693, 694, 695, 696, 697, 698, 699, 700, 701, 702, 703, 704, 705, 706, 707, 708, 709, 710, 711, 712, 713, 714, 715, 716, 717, 718, 719, 720, 721, 722, 723, 724, 725, 726, 727, 728, 729, 730, 731, 732, 733, 734, 735, 736, 737, 738, 739, 740, 741, 742, 743, 744, 745, 746, 747, 748, 749, 750, 751, 752, 753, 754, 755, 756, 757, 758, 759, 760, 761, 762, 763, 764, 765, 766, 767, 768, 769, 770, 771, 772, 773, 774, 775, 776, 777, 778, 779, 780, 781, 782, 783, 784, 785, 786, 787, 788, 789, 790, 791, 792, 793]","[321, 779]","[19, 180, 181, 233, 255, 331, 341, 351, 449, 454, 503, 651, 652, 697, 708, 788, 797, 806, 857, 897, 901]","[321, 779]","[12, 24, 25, 28, 88, 100, 104, 119, 123, 129, 136, 137, 139, 140, 141, 148, 154, 155, 169, 172, 179, 183, 185, 188, 196, 198, 217, 218, 237, 267, 270, 278, 279, 319, 321, 322, 323, 324, 325, 326, 330, 334, 335, 354, 366, 369, 380, 383, 384, 386, 394, 395, 401, 407, 411, 423, 428, 436, 437, 452, 453, 456, 467, 471, 477, 478, 479, 497, 508, 511, 559, 571, 575, 590, 594, 600, 607, 608, 610, 611, 612, 619, 626, 627, 640, 643, 650, 654, 656, 659, 667, 669, 685, 686, 701, 726, 729, 737, 738, 777, 779, 780, 781, 782, 783, 784, 787, 790, 791, 809, 817, 819, 830, 833, 834, 836, 844, 845, 850, 856, 857, 860, 862, 875, 880, 887, 888, 899, 900, 914, 918, 921, 928, 929, 930]","[12, 24, 25, 28, 88, 100, 104, 119, 123, 129, 136, 137, 139, 140, 141, 148, 155, 169, 172, 179, 183, 185, 188, 196, 198, 217, 237, 267, 270, 278, 319, 321, 324, 325, 330, 334, 335, 354, 366, 369, 380, 383, 384, 386, 395, 407, 411, 423, 428, 436, 437, 452, 453, 456, 467, 471, 477, 478, 479, 497, 508, 511, 559, 571, 575, 590, 594, 600, 607, 608, 610, 611, 612, 619, 627, 640, 643, 650, 654, 656, 659, 667, 669, 685, 701, 726, 729, 737, 777, 779, 782, 783, 787, 790, 791, 809, 817, 819, 830, 833, 834, 836, 845, 856, 857, 860, 862, 875, 880, 887, 888, 899, 900, 914, 918, 921, 928, 929, 930]",7/6 successful match,True,"[428, 429]",True,817,False,,1.0,True,Vaca Valley Travel Center ( Chevron ),Chevron
"Sacramento ( W ) , 95691 West Sacramento Truck Stop",916-371-0454 I-80 Exit 81 ( W Capitol ),),Sacramento,95691,West Sacramento Truck Stop,916-371-0454,2006,West Sacramento,CA,,( W Capitol ),I-80 Exit 81 ,Exit,81,False,,False,I-80,,,,,[],"[180, 221, 651]","[180, 221, 279, 280, 651, 738, 739]",[],"[103, 104, 105, 106, 107, 108, 109, 110, 111, 112, 113, 114, 115, 116, 117, 118, 119, 120, 121, 122, 123, 124, 125, 126, 127, 128, 129, 130, 131, 132, 133, 134, 135, 136, 137, 138, 139, 140, 141, 142, 143, 144, 145, 146, 147, 148, 149, 150, 151, 152, 153, 154, 155, 156, 157, 158, 159, 160, 161, 162, 163, 164, 165, 166, 167, 168, 169, 170, 171, 172, 173, 174, 175, 176, 177, 178, 179, 180, 181, 182, 183, 184, 185, 186, 187, 188, 189, 190, 191, 192, 193, 194, 195, 196, 197, 198, 199, 200, 201, 202, 203, 204, 205, 206, 207, 208, 209, 210, 211, 212, 213, 214, 215, 216, 217, 218, 219, 220, 221, 222, 223, 224, 225, 226, 227, 228, 229, 230, 231, 232, 233, 234, 235, 236, 237, 238, 239, 240, 241, 242, 243, 244, 245, 246, 247, 248, 249, 250, 251, 252, 253, 254, 255, 256, 257, 258, 259, 260, 261, 262, 263, 264, 265, 266, 267, 268, 269, 270, 271, 272, 273, 274, 275, 276, 277, 278, 279, 280, 281, 282, 283, 284, 285, 286, 287, 288, 289, 290, 291, 292, 293, 294, 295, 296, 297, 298, 299, 300, 301, 302, 303, 304, 305, 306, 307, 308, 309, 310, 311, 312, 313, 314, 315, 316, 317, 318, 319, 320, 321, 322, 323, 324, 325, 326, 327, 328, 329, 330, 331, 332, 333, 334, 335, 336, 337, 574, 575, 576, 577, 578, 579, 580, 581, 582, 583, 584, 585, 586, 587, 588, 589, 590, 591, 592, 593, 594, 595, 596, 597, 598, 599, 600, 601, 602, 603, 604, 605, 606, 607, 608, 609, 610, 611, 612, 613, 614, 615, 616, 617, 618, 619, 620, 621, 622, 623, 624, 625, 626, 627, 628, 629, 630, 631, 632, 633, 634, 635, 636, 637, 638, 639, 640, 641, 642, 643, 644, 645, 646, 647, 648, 649, 650, 651, 652, 653, 654, 655, 656, 657, 658, 659, 660, 661, 662, 663, 664, 665, 666, 667, 668, 669, 670, 671, 672, 673, 674, 675, 676, 677, 678, 679, 680, 681, 682, 683, 684, 685, 686, 687, 688, 689, 690, 691, 692, 693, 694, 695, 696, 697, 698, 699, 700, 701, 702, 703, 704, 705, 706, 707, 708, 709, 710, 711, 712, 713, 714, 715, 716, 717, 718, 719, 720, 721, 722, 723, 724, 725, 726, 727, 728, 729, 730, 731, 732, 733, 734, 735, 736, 737, 738, 739, 740, 741, 742, 743, 744, 745, 746, 747, 748, 749, 750, 751, 752, 753, 754, 755, 756, 757, 758, 759, 760, 761, 762, 763, 764, 765, 766, 767, 768, 769, 770, 771, 772, 773, 774, 775, 776, 777, 778, 779, 780, 781, 782, 783, 784, 785, 786, 787, 788, 789, 790, 791, 792, 793]","[89, 108, 172, 217, 221, 239, 264, 280, 321, 342, 343, 344, 345, 346, 349, 351, 352, 355, 357, 359, 364, 368, 371, 372, 373, 374, 376, 377, 387, 392, 393, 403, 409, 411, 414, 424, 430, 449, 454, 470, 480, 560, 584, 643, 685, 703, 724, 739, 779, 798, 799, 800, 801, 804, 806, 807, 810, 812, 814, 816, 821, 822, 823, 824, 826, 827, 837, 842, 843, 852, 859, 862, 865, 869, 876, 882, 897, 901, 917, 932]",[],"[280, 739]","[89, 103, 104, 105, 106, 107, 108, 109, 110, 111, 112, 113, 114, 115, 116, 117, 118, 119, 120, 121, 122, 123, 124, 125, 126, 127, 128, 129, 130, 131, 132, 133, 134, 135, 136, 137, 138, 139, 140, 141, 142, 143, 144, 145, 146, 147, 148, 149, 150, 151, 152, 153, 154, 155, 156, 157, 158, 159, 160, 161, 162, 163, 164, 165, 166, 167, 168, 169, 170, 171, 172, 173, 174, 175, 176, 177, 178, 179, 180, 181, 182, 183, 184, 185, 186, 187, 188, 189, 190, 191, 192, 193, 194, 195, 196, 197, 198, 199, 200, 201, 202, 203, 204, 205, 206, 207, 208, 209, 210, 211, 212, 213, 214, 215, 216, 217, 218, 219, 220, 221, 222, 223, 224, 225, 226, 227, 228, 229, 230, 231, 232, 233, 234, 235, 236, 237, 238, 239, 240, 241, 242, 243, 244, 245, 246, 247, 248, 249, 250, 251, 252, 253, 254, 255, 256, 257, 258, 259, 260, 261, 262, 263, 264, 265, 266, 267, 268, 269, 270, 271, 272, 273, 274, 275, 276, 277, 278, 279, 280, 281, 282, 283, 284, 285, 286, 287, 288, 289, 290, 291, 292, 293, 294, 295, 296, 297, 298, 299, 300, 301, 302, 303, 304, 305, 306, 307, 308, 309, 310, 311, 312, 313, 314, 315, 316, 317, 318, 319, 320, 321, 322, 323, 324, 325, 326, 327, 328, 329, 330, 331, 332, 333, 334, 335, 336, 337, 342, 343, 344, 345, 346, 349, 351, 352, 355, 357, 359, 364, 368, 371, 372, 373, 374, 376, 377, 387, 392, 393, 403, 409, 411, 414, 424, 430, 449, 454, 470, 480, 560, 574, 575, 576, 577, 578, 579, 580, 581, 582, 583, 584, 585, 586, 587, 588, 589, 590, 591, 592, 593, 594, 595, 596, 597, 598, 599, 600, 601, 602, 603, 604, 605, 606, 607, 608, 609, 610, 611, 612, 613, 614, 615, 616, 617, 618, 619, 620, 621, 622, 623, 624, 625, 626, 627, 628, 629, 630, 631, 632, 633, 634, 635, 636, 637, 638, 639, 640, 641, 642, 643, 644, 645, 646, 647, 648, 649, 650, 651, 652, 653, 654, 655, 656, 657, 658, 659, 660, 661, 662, 663, 664, 665, 666, 667, 668, 669, 670, 671, 672, 673, 674, 675, 676, 677, 678, 679, 680, 681, 682, 683, 684, 685, 686, 687, 688, 689, 690, 691, 692, 693, 694, 695, 696, 697, 698, 699, 700, 701, 702, 703, 704, 705, 706, 707, 708, 709, 710, 711, 712, 713, 714, 715, 716, 717, 718, 719, 720, 721, 722, 723, 724, 725, 726, 727, 728, 729, 730, 731, 732, 733, 734, 735, 736, 737, 738, 739, 740, 741, 742, 743, 744, 745, 746, 747, 748, 749, 750, 751, 752, 753, 754, 755, 756, 757, 758, 759, 760, 761, 762, 763, 764, 765, 766, 767, 768, 769, 770, 771, 772, 773, 774, 775, 776, 777, 778, 779, 780, 781, 782, 783, 784, 785, 786, 787, 788, 789, 790, 791, 792, 793, 798, 799, 800, 801, 804, 806, 807, 810, 812, 814, 816, 821, 822, 823, 824, 826, 827, 837, 842, 843, 852, 859, 862, 865, 869, 876, 882, 897, 901, 917, 932]",False,"[180, 221, 651]","[103, 104, 105, 106, 107, 108, 109, 110, 111, 112, 113, 114, 115, 116, 117, 118, 119, 120, 121, 122, 123, 124, 125, 126, 127, 128, 129, 130, 131, 132, 133, 134, 135, 136, 137, 138, 139, 140, 141, 142, 143, 144, 145, 146, 147, 148, 149, 150, 151, 152, 153, 154, 155, 156, 157, 158, 159, 160, 161, 162, 163, 164, 165, 166, 167, 168, 169, 170, 171, 172, 173, 174, 175, 176, 177, 178, 179, 180, 181, 182, 183, 184, 185, 186, 187, 188, 189, 190, 191, 192, 193, 194, 195, 196, 197, 198, 199, 200, 201, 202, 203, 204, 205, 206, 207, 208, 209, 210, 211, 212, 213, 214, 215, 216, 217, 218, 219, 220, 221, 222, 223, 224, 225, 226, 227, 228, 229, 230, 231, 232, 233, 234, 235, 236, 237, 238, 239, 240, 241, 242, 243, 244, 245, 246, 247, 248, 249, 250, 251, 252, 253, 254, 255, 256, 257, 258, 259, 260, 261, 262, 263, 264, 265, 266, 267, 268, 269, 270, 271, 272, 273, 274, 275, 276, 277, 278, 279, 280, 281, 282, 283, 284, 285, 286, 287, 288, 289, 290, 291, 292, 293, 294, 295, 296, 297, 298, 299, 300, 301, 302, 303, 304, 305, 306, 307, 308, 309, 310, 311, 312, 313, 314, 315, 316, 317, 318, 319, 320, 321, 322, 323, 324, 325, 326, 327, 328, 329, 330, 331, 332, 333, 334, 335, 336, 337, 574, 575, 576, 577, 578, 579, 580, 581, 582, 583, 584, 585, 586, 587, 588, 589, 590, 591, 592, 593, 594, 595, 596, 597, 598, 599, 600, 601, 602, 603, 604, 605, 606, 607, 608, 609, 610, 611, 612, 613, 614, 615, 616, 617, 618, 619, 620, 621, 622, 623, 624, 625, 626, 627, 628, 629, 630, 631, 632, 633, 634, 635, 636, 637, 638, 639, 640, 641, 642, 643, 644, 645, 646, 647, 648, 649, 650, 651, 652, 653, 654, 655, 656, 657, 658, 659, 660, 661, 662, 663, 664, 665, 666, 667, 668, 669, 670, 671, 672, 673, 674, 675, 676, 677, 678, 679, 680, 681, 682, 683, 684, 685, 686, 687, 688, 689, 690, 691, 692, 693, 694, 695, 696, 697, 698, 699, 700, 701, 702, 703, 704, 705, 706, 707, 708, 709, 710, 711, 712, 713, 714, 715, 716, 717, 718, 719, 720, 721, 722, 723, 724, 725, 726, 727, 728, 729, 730, 731, 732, 733, 734, 735, 736, 737, 738, 739, 740, 741, 742, 743, 744, 745, 746, 747, 748, 749, 750, 751, 752, 753, 754, 755, 756, 757, 758, 759, 760, 761, 762, 763, 764, 765, 766, 767, 768, 769, 770, 771, 772, 773, 774, 775, 776, 777, 778, 779, 780, 781, 782, 783, 784, 785, 786, 787, 788, 789, 790, 791, 792, 793]","[180, 221, 279, 280, 651, 738, 739]",[],"[89, 108, 172, 217, 221, 239, 264, 280, 321, 342, 343, 344, 345, 346, 349, 351, 352, 355, 357, 359, 364, 368, 371, 372, 373, 374, 376, 377, 387, 392, 393, 403, 409, 411, 414, 424, 430, 449, 454, 470, 480, 560, 584, 643, 685, 703, 724, 739, 779, 798, 799, 800, 801, 804, 806, 807, 810, 812, 814, 816, 821, 822, 823, 824, 826, 827, 837, 842, 843, 852, 859, 862, 865, 869, 876, 882, 897, 901, 917, 932]","[280, 739]",[],7/6 successful match,False,"[233, 234]",True,818,False,,,,,
"Sacramento ( W ) , 95691 West Sacramento Truck Stop ( Valero )",916-371-0454 I-80 Exit 81 ( W Capitol ) ),24,Sacramento,95691,West Sacramento Truck Stop ( Valero ),916-371-0454,2007,West Sacramento,CA,Valero,( W Capitol ) ),I-80 Exit 81 ,Exit,81,False,,False,I-80,,,,,[],"[180, 221, 651]","[180, 221, 279, 280, 651, 738, 739]",[],"[103, 104, 105, 106, 107, 108, 109, 110, 111, 112, 113, 114, 115, 116, 117, 118, 119, 120, 121, 122, 123, 124, 125, 126, 127, 128, 129, 130, 131, 132, 133, 134, 135, 136, 137, 138, 139, 140, 141, 142, 143, 144, 145, 146, 147, 148, 149, 150, 151, 152, 153, 154, 155, 156, 157, 158, 159, 160, 161, 162, 163, 164, 165, 166, 167, 168, 169, 170, 171, 172, 173, 174, 175, 176, 177, 178, 179, 180, 181, 182, 183, 184, 185, 186, 187, 188, 189, 190, 191, 192, 193, 194, 195, 196, 197, 198, 199, 200, 201, 202, 203, 204, 205, 206, 207, 208, 209, 210, 211, 212, 213, 214, 215, 216, 217, 218, 219, 220, 221, 222, 223, 224, 225, 226, 227, 228, 229, 230, 231, 232, 233, 234, 235, 236, 237, 238, 239, 240, 241, 242, 243, 244, 245, 246, 247, 248, 249, 250, 251, 252, 253, 254, 255, 256, 257, 258, 259, 260, 261, 262, 263, 264, 265, 266, 267, 268, 269, 270, 271, 272, 273, 274, 275, 276, 277, 278, 279, 280, 281, 282, 283, 284, 285, 286, 287, 288, 289, 290, 291, 292, 293, 294, 295, 296, 297, 298, 299, 300, 301, 302, 303, 304, 305, 306, 307, 308, 309, 310, 311, 312, 313, 314, 315, 316, 317, 318, 319, 320, 321, 322, 323, 324, 325, 326, 327, 328, 329, 330, 331, 332, 333, 334, 335, 336, 337, 574, 575, 576, 577, 578, 579, 580, 581, 582, 583, 584, 585, 586, 587, 588, 589, 590, 591, 592, 593, 594, 595, 596, 597, 598, 599, 600, 601, 602, 603, 604, 605, 606, 607, 608, 609, 610, 611, 612, 613, 614, 615, 616, 617, 618, 619, 620, 621, 622, 623, 624, 625, 626, 627, 628, 629, 630, 631, 632, 633, 634, 635, 636, 637, 638, 639, 640, 641, 642, 643, 644, 645, 646, 647, 648, 649, 650, 651, 652, 653, 654, 655, 656, 657, 658, 659, 660, 661, 662, 663, 664, 665, 666, 667, 668, 669, 670, 671, 672, 673, 674, 675, 676, 677, 678, 679, 680, 681, 682, 683, 684, 685, 686, 687, 688, 689, 690, 691, 692, 693, 694, 695, 696, 697, 698, 699, 700, 701, 702, 703, 704, 705, 706, 707, 708, 709, 710, 711, 712, 713, 714, 715, 716, 717, 718, 719, 720, 721, 722, 723, 724, 725, 726, 727, 728, 729, 730, 731, 732, 733, 734, 735, 736, 737, 738, 739, 740, 741, 742, 743, 744, 745, 746, 747, 748, 749, 750, 751, 752, 753, 754, 755, 756, 757, 758, 759, 760, 761, 762, 763, 764, 765, 766, 767, 768, 769, 770, 771, 772, 773, 774, 775, 776, 777, 778, 779, 780, 781, 782, 783, 784, 785, 786, 787, 788, 789, 790, 791, 792, 793]","[89, 108, 172, 217, 221, 239, 264, 280, 321, 342, 343, 344, 345, 346, 349, 351, 352, 355, 357, 359, 364, 368, 371, 372, 373, 374, 376, 377, 387, 392, 393, 403, 409, 411, 414, 424, 430, 449, 454, 470, 480, 560, 584, 643, 685, 703, 724, 739, 779, 798, 799, 800, 801, 804, 806, 807, 810, 812, 814, 816, 821, 822, 823, 824, 826, 827, 837, 842, 843, 852, 859, 862, 865, 869, 876, 882, 897, 901, 917, 932]","[2, 9, 10, 82, 111, 112, 113, 199, 279, 284, 285, 300, 488, 494, 495, 553, 581, 582, 583, 670, 738, 743, 744, 759, 818]","[2, 9, 10, 82, 111, 112, 113, 199, 279, 280, 284, 285, 300, 488, 494, 495, 553, 581, 582, 583, 670, 738, 739, 743, 744, 759, 818]","[2, 9, 10, 82, 89, 103, 104, 105, 106, 107, 108, 109, 110, 111, 112, 113, 114, 115, 116, 117, 118, 119, 120, 121, 122, 123, 124, 125, 126, 127, 128, 129, 130, 131, 132, 133, 134, 135, 136, 137, 138, 139, 140, 141, 142, 143, 144, 145, 146, 147, 148, 149, 150, 151, 152, 153, 154, 155, 156, 157, 158, 159, 160, 161, 162, 163, 164, 165, 166, 167, 168, 169, 170, 171, 172, 173, 174, 175, 176, 177, 178, 179, 180, 181, 182, 183, 184, 185, 186, 187, 188, 189, 190, 191, 192, 193, 194, 195, 196, 197, 198, 199, 200, 201, 202, 203, 204, 205, 206, 207, 208, 209, 210, 211, 212, 213, 214, 215, 216, 217, 218, 219, 220, 221, 222, 223, 224, 225, 226, 227, 228, 229, 230, 231, 232, 233, 234, 235, 236, 237, 238, 239, 240, 241, 242, 243, 244, 245, 246, 247, 248, 249, 250, 251, 252, 253, 254, 255, 256, 257, 258, 259, 260, 261, 262, 263, 264, 265, 266, 267, 268, 269, 270, 271, 272, 273, 274, 275, 276, 277, 278, 279, 280, 281, 282, 283, 284, 285, 286, 287, 288, 289, 290, 291, 292, 293, 294, 295, 296, 297, 298, 299, 300, 301, 302, 303, 304, 305, 306, 307, 308, 309, 310, 311, 312, 313, 314, 315, 316, 317, 318, 319, 320, 321, 322, 323, 324, 325, 326, 327, 328, 329, 330, 331, 332, 333, 334, 335, 336, 337, 342, 343, 344, 345, 346, 349, 351, 352, 355, 357, 359, 364, 368, 371, 372, 373, 374, 376, 377, 387, 392, 393, 403, 409, 411, 414, 424, 430, 449, 454, 470, 480, 488, 494, 495, 553, 560, 574, 575, 576, 577, 578, 579, 580, 581, 582, 583, 584, 585, 586, 587, 588, 589, 590, 591, 592, 593, 594, 595, 596, 597, 598, 599, 600, 601, 602, 603, 604, 605, 606, 607, 608, 609, 610, 611, 612, 613, 614, 615, 616, 617, 618, 619, 620, 621, 622, 623, 624, 625, 626, 627, 628, 629, 630, 631, 632, 633, 634, 635, 636, 637, 638, 639, 640, 641, 642, 643, 644, 645, 646, 647, 648, 649, 650, 651, 652, 653, 654, 655, 656, 657, 658, 659, 660, 661, 662, 663, 664, 665, 666, 667, 668, 669, 670, 671, 672, 673, 674, 675, 676, 677, 678, 679, 680, 681, 682, 683, 684, 685, 686, 687, 688, 689, 690, 691, 692, 693, 694, 695, 696, 697, 698, 699, 700, 701, 702, 703, 704, 705, 706, 707, 708, 709, 710, 711, 712, 713, 714, 715, 716, 717, 718, 719, 720, 721, 722, 723, 724, 725, 726, 727, 728, 729, 730, 731, 732, 733, 734, 735, 736, 737, 738, 739, 740, 741, 742, 743, 744, 745, 746, 747, 748, 749, 750, 751, 752, 753, 754, 755, 756, 757, 758, 759, 760, 761, 762, 763, 764, 765, 766, 767, 768, 769, 770, 771, 772, 773, 774, 775, 776, 777, 778, 779, 780, 781, 782, 783, 784, 785, 786, 787, 788, 789, 790, 791, 792, 793, 798, 799, 800, 801, 804, 806, 807, 810, 812, 814, 816, 818, 821, 822, 823, 824, 826, 827, 837, 842, 843, 852, 859, 862, 865, 869, 876, 882, 897, 901, 917, 932]",False,"[180, 221, 651]","[103, 104, 105, 106, 107, 108, 109, 110, 111, 112, 113, 114, 115, 116, 117, 118, 119, 120, 121, 122, 123, 124, 125, 126, 127, 128, 129, 130, 131, 132, 133, 134, 135, 136, 137, 138, 139, 140, 141, 142, 143, 144, 145, 146, 147, 148, 149, 150, 151, 152, 153, 154, 155, 156, 157, 158, 159, 160, 161, 162, 163, 164, 165, 166, 167, 168, 169, 170, 171, 172, 173, 174, 175, 176, 177, 178, 179, 180, 181, 182, 183, 184, 185, 186, 187, 188, 189, 190, 191, 192, 193, 194, 195, 196, 197, 198, 199, 200, 201, 202, 203, 204, 205, 206, 207, 208, 209, 210, 211, 212, 213, 214, 215, 216, 217, 218, 219, 220, 221, 222, 223, 224, 225, 226, 227, 228, 229, 230, 231, 232, 233, 234, 235, 236, 237, 238, 239, 240, 241, 242, 243, 244, 245, 246, 247, 248, 249, 250, 251, 252, 253, 254, 255, 256, 257, 258, 259, 260, 261, 262, 263, 264, 265, 266, 267, 268, 269, 270, 271, 272, 273, 274, 275, 276, 277, 278, 279, 280, 281, 282, 283, 284, 285, 286, 287, 288, 289, 290, 291, 292, 293, 294, 295, 296, 297, 298, 299, 300, 301, 302, 303, 304, 305, 306, 307, 308, 309, 310, 311, 312, 313, 314, 315, 316, 317, 318, 319, 320, 321, 322, 323, 324, 325, 326, 327, 328, 329, 330, 331, 332, 333, 334, 335, 336, 337, 574, 575, 576, 577, 578, 579, 580, 581, 582, 583, 584, 585, 586, 587, 588, 589, 590, 591, 592, 593, 594, 595, 596, 597, 598, 599, 600, 601, 602, 603, 604, 605, 606, 607, 608, 609, 610, 611, 612, 613, 614, 615, 616, 617, 618, 619, 620, 621, 622, 623, 624, 625, 626, 627, 628, 629, 630, 631, 632, 633, 634, 635, 636, 637, 638, 639, 640, 641, 642, 643, 644, 645, 646, 647, 648, 649, 650, 651, 652, 653, 654, 655, 656, 657, 658, 659, 660, 661, 662, 663, 664, 665, 666, 667, 668, 669, 670, 671, 672, 673, 674, 675, 676, 677, 678, 679, 680, 681, 682, 683, 684, 685, 686, 687, 688, 689, 690, 691, 692, 693, 694, 695, 696, 697, 698, 699, 700, 701, 702, 703, 704, 705, 706, 707, 708, 709, 710, 711, 712, 713, 714, 715, 716, 717, 718, 719, 720, 721, 722, 723, 724, 725, 726, 727, 728, 729, 730, 731, 732, 733, 734, 735, 736, 737, 738, 739, 740, 741, 742, 743, 744, 745, 746, 747, 748, 749, 750, 751, 752, 753, 754, 755, 756, 757, 758, 759, 760, 761, 762, 763, 764, 765, 766, 767, 768, 769, 770, 771, 772, 773, 774, 775, 776, 777, 778, 779, 780, 781, 782, 783, 784, 785, 786, 787, 788, 789, 790, 791, 792, 793]","[180, 221, 279, 280, 651, 738, 739]",[],"[89, 108, 172, 217, 221, 239, 264, 280, 321, 342, 343, 344, 345, 346, 349, 351, 352, 355, 357, 359, 364, 368, 371, 372, 373, 374, 376, 377, 387, 392, 393, 403, 409, 411, 414, 424, 430, 449, 454, 470, 480, 560, 584, 643, 685, 703, 724, 739, 779, 798, 799, 800, 801, 804, 806, 807, 810, 812, 814, 816, 821, 822, 823, 824, 826, 827, 837, 842, 843, 852, 859, 862, 865, 869, 876, 882, 897, 901, 917, 932]","[2, 9, 10, 82, 111, 112, 113, 199, 279, 280, 284, 285, 300, 488, 494, 495, 553, 581, 582, 583, 670, 738, 739, 743, 744, 759, 818]","[2, 9, 10, 82, 111, 112, 113, 199, 279, 284, 285, 300, 488, 494, 495, 553, 581, 582, 583, 670, 738, 743, 744, 759, 818]",6/6 successful match,False,"[233, 234]",True,818,False,,1.0,True,West Sacramento Truck Stop,
"Sacramento ( W ) , 95691 West Sacramento Truck Stop , 1 mi ( Valero W of I-5 )",2 916-371-0454 I-80 Exit 81 ( W Capitol ) ),HRS 24 INS M,Sacramento West Sacramento Truck Stop,95691,"West Sacramento Truck Stop , 1 mi ( Valero W of I-5 )",916-371-0454,2008,West Sacramento,CA,Valero,( W Capitol ) ),I-80 Exit 81 ,Exit,81,False,,False,I-80,,,,,[],"[180, 221, 651]","[180, 221, 279, 280, 651, 738, 739]",[],"[103, 104, 105, 106, 107, 108, 109, 110, 111, 112, 113, 114, 115, 116, 117, 118, 119, 120, 121, 122, 123, 124, 125, 126, 127, 128, 129, 130, 131, 132, 133, 134, 135, 136, 137, 138, 139, 140, 141, 142, 143, 144, 145, 146, 147, 148, 149, 150, 151, 152, 153, 154, 155, 156, 157, 158, 159, 160, 161, 162, 163, 164, 165, 166, 167, 168, 169, 170, 171, 172, 173, 174, 175, 176, 177, 178, 179, 180, 181, 182, 183, 184, 185, 186, 187, 188, 189, 190, 191, 192, 193, 194, 195, 196, 197, 198, 199, 200, 201, 202, 203, 204, 205, 206, 207, 208, 209, 210, 211, 212, 213, 214, 215, 216, 217, 218, 219, 220, 221, 222, 223, 224, 225, 226, 227, 228, 229, 230, 231, 232, 233, 234, 235, 236, 237, 238, 239, 240, 241, 242, 243, 244, 245, 246, 247, 248, 249, 250, 251, 252, 253, 254, 255, 256, 257, 258, 259, 260, 261, 262, 263, 264, 265, 266, 267, 268, 269, 270, 271, 272, 273, 274, 275, 276, 277, 278, 279, 280, 281, 282, 283, 284, 285, 286, 287, 288, 289, 290, 291, 292, 293, 294, 295, 296, 297, 298, 299, 300, 301, 302, 303, 304, 305, 306, 307, 308, 309, 310, 311, 312, 313, 314, 315, 316, 317, 318, 319, 320, 321, 322, 323, 324, 325, 326, 327, 328, 329, 330, 331, 332, 333, 334, 335, 336, 337, 574, 575, 576, 577, 578, 579, 580, 581, 582, 583, 584, 585, 586, 587, 588, 589, 590, 591, 592, 593, 594, 595, 596, 597, 598, 599, 600, 601, 602, 603, 604, 605, 606, 607, 608, 609, 610, 611, 612, 613, 614, 615, 616, 617, 618, 619, 620, 621, 622, 623, 624, 625, 626, 627, 628, 629, 630, 631, 632, 633, 634, 635, 636, 637, 638, 639, 640, 641, 642, 643, 644, 645, 646, 647, 648, 649, 650, 651, 652, 653, 654, 655, 656, 657, 658, 659, 660, 661, 662, 663, 664, 665, 666, 667, 668, 669, 670, 671, 672, 673, 674, 675, 676, 677, 678, 679, 680, 681, 682, 683, 684, 685, 686, 687, 688, 689, 690, 691, 692, 693, 694, 695, 696, 697, 698, 699, 700, 701, 702, 703, 704, 705, 706, 707, 708, 709, 710, 711, 712, 713, 714, 715, 716, 717, 718, 719, 720, 721, 722, 723, 724, 725, 726, 727, 728, 729, 730, 731, 732, 733, 734, 735, 736, 737, 738, 739, 740, 741, 742, 743, 744, 745, 746, 747, 748, 749, 750, 751, 752, 753, 754, 755, 756, 757, 758, 759, 760, 761, 762, 763, 764, 765, 766, 767, 768, 769, 770, 771, 772, 773, 774, 775, 776, 777, 778, 779, 780, 781, 782, 783, 784, 785, 786, 787, 788, 789, 790, 791, 792, 793]","[89, 108, 172, 217, 221, 239, 264, 280, 321, 342, 343, 344, 345, 346, 349, 351, 352, 355, 357, 359, 364, 368, 371, 372, 373, 374, 376, 377, 387, 392, 393, 403, 409, 411, 414, 424, 430, 449, 454, 470, 480, 560, 584, 643, 685, 703, 724, 739, 779, 798, 799, 800, 801, 804, 806, 807, 810, 812, 814, 816, 821, 822, 823, 824, 826, 827, 837, 842, 843, 852, 859, 862, 865, 869, 876, 882, 897, 901, 917, 932]","[2, 9, 10, 82, 111, 112, 113, 199, 279, 284, 285, 300, 488, 494, 495, 553, 581, 582, 583, 670, 738, 743, 744, 759, 818]","[2, 9, 10, 82, 111, 112, 113, 199, 279, 280, 284, 285, 300, 488, 494, 495, 553, 581, 582, 583, 670, 738, 739, 743, 744, 759, 818]","[2, 9, 10, 82, 89, 103, 104, 105, 106, 107, 108, 109, 110, 111, 112, 113, 114, 115, 116, 117, 118, 119, 120, 121, 122, 123, 124, 125, 126, 127, 128, 129, 130, 131, 132, 133, 134, 135, 136, 137, 138, 139, 140, 141, 142, 143, 144, 145, 146, 147, 148, 149, 150, 151, 152, 153, 154, 155, 156, 157, 158, 159, 160, 161, 162, 163, 164, 165, 166, 167, 168, 169, 170, 171, 172, 173, 174, 175, 176, 177, 178, 179, 180, 181, 182, 183, 184, 185, 186, 187, 188, 189, 190, 191, 192, 193, 194, 195, 196, 197, 198, 199, 200, 201, 202, 203, 204, 205, 206, 207, 208, 209, 210, 211, 212, 213, 214, 215, 216, 217, 218, 219, 220, 221, 222, 223, 224, 225, 226, 227, 228, 229, 230, 231, 232, 233, 234, 235, 236, 237, 238, 239, 240, 241, 242, 243, 244, 245, 246, 247, 248, 249, 250, 251, 252, 253, 254, 255, 256, 257, 258, 259, 260, 261, 262, 263, 264, 265, 266, 267, 268, 269, 270, 271, 272, 273, 274, 275, 276, 277, 278, 279, 280, 281, 282, 283, 284, 285, 286, 287, 288, 289, 290, 291, 292, 293, 294, 295, 296, 297, 298, 299, 300, 301, 302, 303, 304, 305, 306, 307, 308, 309, 310, 311, 312, 313, 314, 315, 316, 317, 318, 319, 320, 321, 322, 323, 324, 325, 326, 327, 328, 329, 330, 331, 332, 333, 334, 335, 336, 337, 342, 343, 344, 345, 346, 349, 351, 352, 355, 357, 359, 364, 368, 371, 372, 373, 374, 376, 377, 387, 392, 393, 403, 409, 411, 414, 424, 430, 449, 454, 470, 480, 488, 494, 495, 553, 560, 574, 575, 576, 577, 578, 579, 580, 581, 582, 583, 584, 585, 586, 587, 588, 589, 590, 591, 592, 593, 594, 595, 596, 597, 598, 599, 600, 601, 602, 603, 604, 605, 606, 607, 608, 609, 610, 611, 612, 613, 614, 615, 616, 617, 618, 619, 620, 621, 622, 623, 624, 625, 626, 627, 628, 629, 630, 631, 632, 633, 634, 635, 636, 637, 638, 639, 640, 641, 642, 643, 644, 645, 646, 647, 648, 649, 650, 651, 652, 653, 654, 655, 656, 657, 658, 659, 660, 661, 662, 663, 664, 665, 666, 667, 668, 669, 670, 671, 672, 673, 674, 675, 676, 677, 678, 679, 680, 681, 682, 683, 684, 685, 686, 687, 688, 689, 690, 691, 692, 693, 694, 695, 696, 697, 698, 699, 700, 701, 702, 703, 704, 705, 706, 707, 708, 709, 710, 711, 712, 713, 714, 715, 716, 717, 718, 719, 720, 721, 722, 723, 724, 725, 726, 727, 728, 729, 730, 731, 732, 733, 734, 735, 736, 737, 738, 739, 740, 741, 742, 743, 744, 745, 746, 747, 748, 749, 750, 751, 752, 753, 754, 755, 756, 757, 758, 759, 760, 761, 762, 763, 764, 765, 766, 767, 768, 769, 770, 771, 772, 773, 774, 775, 776, 777, 778, 779, 780, 781, 782, 783, 784, 785, 786, 787, 788, 789, 790, 791, 792, 793, 798, 799, 800, 801, 804, 806, 807, 810, 812, 814, 816, 818, 821, 822, 823, 824, 826, 827, 837, 842, 843, 852, 859, 862, 865, 869, 876, 882, 897, 901, 917, 932]",False,"[180, 221, 651]","[103, 104, 105, 106, 107, 108, 109, 110, 111, 112, 113, 114, 115, 116, 117, 118, 119, 120, 121, 122, 123, 124, 125, 126, 127, 128, 129, 130, 131, 132, 133, 134, 135, 136, 137, 138, 139, 140, 141, 142, 143, 144, 145, 146, 147, 148, 149, 150, 151, 152, 153, 154, 155, 156, 157, 158, 159, 160, 161, 162, 163, 164, 165, 166, 167, 168, 169, 170, 171, 172, 173, 174, 175, 176, 177, 178, 179, 180, 181, 182, 183, 184, 185, 186, 187, 188, 189, 190, 191, 192, 193, 194, 195, 196, 197, 198, 199, 200, 201, 202, 203, 204, 205, 206, 207, 208, 209, 210, 211, 212, 213, 214, 215, 216, 217, 218, 219, 220, 221, 222, 223, 224, 225, 226, 227, 228, 229, 230, 231, 232, 233, 234, 235, 236, 237, 238, 239, 240, 241, 242, 243, 244, 245, 246, 247, 248, 249, 250, 251, 252, 253, 254, 255, 256, 257, 258, 259, 260, 261, 262, 263, 264, 265, 266, 267, 268, 269, 270, 271, 272, 273, 274, 275, 276, 277, 278, 279, 280, 281, 282, 283, 284, 285, 286, 287, 288, 289, 290, 291, 292, 293, 294, 295, 296, 297, 298, 299, 300, 301, 302, 303, 304, 305, 306, 307, 308, 309, 310, 311, 312, 313, 314, 315, 316, 317, 318, 319, 320, 321, 322, 323, 324, 325, 326, 327, 328, 329, 330, 331, 332, 333, 334, 335, 336, 337, 574, 575, 576, 577, 578, 579, 580, 581, 582, 583, 584, 585, 586, 587, 588, 589, 590, 591, 592, 593, 594, 595, 596, 597, 598, 599, 600, 601, 602, 603, 604, 605, 606, 607, 608, 609, 610, 611, 612, 613, 614, 615, 616, 617, 618, 619, 620, 621, 622, 623, 624, 625, 626, 627, 628, 629, 630, 631, 632, 633, 634, 635, 636, 637, 638, 639, 640, 641, 642, 643, 644, 645, 646, 647, 648, 649, 650, 651, 652, 653, 654, 655, 656, 657, 658, 659, 660, 661, 662, 663, 664, 665, 666, 667, 668, 669, 670, 671, 672, 673, 674, 675, 676, 677, 678, 679, 680, 681, 682, 683, 684, 685, 686, 687, 688, 689, 690, 691, 692, 693, 694, 695, 696, 697, 698, 699, 700, 701, 702, 703, 704, 705, 706, 707, 708, 709, 710, 711, 712, 713, 714, 715, 716, 717, 718, 719, 720, 721, 722, 723, 724, 725, 726, 727, 728, 729, 730, 731, 732, 733, 734, 735, 736, 737, 738, 739, 740, 741, 742, 743, 744, 745, 746, 747, 748, 749, 750, 751, 752, 753, 754, 755, 756, 757, 758, 759, 760, 761, 762, 763, 764, 765, 766, 767, 768, 769, 770, 771, 772, 773, 774, 775, 776, 777, 778, 779, 780, 781, 782, 783, 784, 785, 786, 787, 788, 789, 790, 791, 792, 793]","[180, 221, 279, 280, 651, 738, 739]",[],"[89, 108, 172, 217, 221, 239, 264, 280, 321, 342, 343, 344, 345, 346, 349, 351, 352, 355, 357, 359, 364, 368, 371, 372, 373, 374, 376, 377, 387, 392, 393, 403, 409, 411, 414, 424, 430, 449, 454, 470, 480, 560, 584, 643, 685, 703, 724, 739, 779, 798, 799, 800, 801, 804, 806, 807, 810, 812, 814, 816, 821, 822, 823, 824, 826, 827, 837, 842, 843, 852, 859, 862, 865, 869, 876, 882, 897, 901, 917, 932]","[2, 9, 10, 82, 111, 112, 113, 199, 279, 280, 284, 285, 300, 488, 494, 495, 553, 581, 582, 583, 670, 738, 739, 743, 744, 759, 818]","[2, 9, 10, 82, 111, 112, 113, 199, 279, 284, 285, 300, 488, 494, 495, 553, 581, 582, 583, 670, 738, 743, 744, 759, 818]",6/6 successful match,False,"[233, 234]",True,818,False,,1.0,True,West Sacramento Truck Stop ( Valero ),Valero
D'Sacramento ( West ) ( 95691 ) West Sacramento Truck Stop ( Valero ),2 916-371-0454 I-80 Exit 81 ( W Capitol ),24 3 M <U+2610> D <U+2610><U+2610>,Sacramento,95691,West Sacramento Truck Stop ( Valero ),916-371-0454,2014,West Sacramento,CA,Valero,( W Capitol ),I-80 Exit 81 ,Exit,81,False,,False,I-80,,,,,[],"[180, 221, 651]","[180, 221, 279, 280, 651, 738, 739]",[],"[103, 104, 105, 106, 107, 108, 109, 110, 111, 112, 113, 114, 115, 116, 117, 118, 119, 120, 121, 122, 123, 124, 125, 126, 127, 128, 129, 130, 131, 132, 133, 134, 135, 136, 137, 138, 139, 140, 141, 142, 143, 144, 145, 146, 147, 148, 149, 150, 151, 152, 153, 154, 155, 156, 157, 158, 159, 160, 161, 162, 163, 164, 165, 166, 167, 168, 169, 170, 171, 172, 173, 174, 175, 176, 177, 178, 179, 180, 181, 182, 183, 184, 185, 186, 187, 188, 189, 190, 191, 192, 193, 194, 195, 196, 197, 198, 199, 200, 201, 202, 203, 204, 205, 206, 207, 208, 209, 210, 211, 212, 213, 214, 215, 216, 217, 218, 219, 220, 221, 222, 223, 224, 225, 226, 227, 228, 229, 230, 231, 232, 233, 234, 235, 236, 237, 238, 239, 240, 241, 242, 243, 244, 245, 246, 247, 248, 249, 250, 251, 252, 253, 254, 255, 256, 257, 258, 259, 260, 261, 262, 263, 264, 265, 266, 267, 268, 269, 270, 271, 272, 273, 274, 275, 276, 277, 278, 279, 280, 281, 282, 283, 284, 285, 286, 287, 288, 289, 290, 291, 292, 293, 294, 295, 296, 297, 298, 299, 300, 301, 302, 303, 304, 305, 306, 307, 308, 309, 310, 311, 312, 313, 314, 315, 316, 317, 318, 319, 320, 321, 322, 323, 324, 325, 326, 327, 328, 329, 330, 331, 332, 333, 334, 335, 336, 337, 574, 575, 576, 577, 578, 579, 580, 581, 582, 583, 584, 585, 586, 587, 588, 589, 590, 591, 592, 593, 594, 595, 596, 597, 598, 599, 600, 601, 602, 603, 604, 605, 606, 607, 608, 609, 610, 611, 612, 613, 614, 615, 616, 617, 618, 619, 620, 621, 622, 623, 624, 625, 626, 627, 628, 629, 630, 631, 632, 633, 634, 635, 636, 637, 638, 639, 640, 641, 642, 643, 644, 645, 646, 647, 648, 649, 650, 651, 652, 653, 654, 655, 656, 657, 658, 659, 660, 661, 662, 663, 664, 665, 666, 667, 668, 669, 670, 671, 672, 673, 674, 675, 676, 677, 678, 679, 680, 681, 682, 683, 684, 685, 686, 687, 688, 689, 690, 691, 692, 693, 694, 695, 696, 697, 698, 699, 700, 701, 702, 703, 704, 705, 706, 707, 708, 709, 710, 711, 712, 713, 714, 715, 716, 717, 718, 719, 720, 721, 722, 723, 724, 725, 726, 727, 728, 729, 730, 731, 732, 733, 734, 735, 736, 737, 738, 739, 740, 741, 742, 743, 744, 745, 746, 747, 748, 749, 750, 751, 752, 753, 754, 755, 756, 757, 758, 759, 760, 761, 762, 763, 764, 765, 766, 767, 768, 769, 770, 771, 772, 773, 774, 775, 776, 777, 778, 779, 780, 781, 782, 783, 784, 785, 786, 787, 788, 789, 790, 791, 792, 793]","[89, 108, 172, 217, 221, 239, 264, 280, 321, 342, 343, 344, 345, 346, 349, 351, 352, 355, 357, 359, 364, 368, 371, 372, 373, 374, 376, 377, 387, 392, 393, 403, 409, 411, 414, 424, 430, 449, 454, 470, 480, 560, 584, 643, 685, 703, 724, 739, 779, 798, 799, 800, 801, 804, 806, 807, 810, 812, 814, 816, 821, 822, 823, 824, 826, 827, 837, 842, 843, 852, 859, 862, 865, 869, 876, 882, 897, 901, 917, 932]","[2, 9, 10, 82, 111, 112, 113, 199, 279, 284, 285, 300, 488, 494, 495, 553, 581, 582, 583, 670, 738, 743, 744, 759, 818]","[2, 9, 10, 82, 111, 112, 113, 199, 279, 280, 284, 285, 300, 488, 494, 495, 553, 581, 582, 583, 670, 738, 739, 743, 744, 759, 818]","[2, 9, 10, 82, 89, 103, 104, 105, 106, 107, 108, 109, 110, 111, 112, 113, 114, 115, 116, 117, 118, 119, 120, 121, 122, 123, 124, 125, 126, 127, 128, 129, 130, 131, 132, 133, 134, 135, 136, 137, 138, 139, 140, 141, 142, 143, 144, 145, 146, 147, 148, 149, 150, 151, 152, 153, 154, 155, 156, 157, 158, 159, 160, 161, 162, 163, 164, 165, 166, 167, 168, 169, 170, 171, 172, 173, 174, 175, 176, 177, 178, 179, 180, 181, 182, 183, 184, 185, 186, 187, 188, 189, 190, 191, 192, 193, 194, 195, 196, 197, 198, 199, 200, 201, 202, 203, 204, 205, 206, 207, 208, 209, 210, 211, 212, 213, 214, 215, 216, 217, 218, 219, 220, 221, 222, 223, 224, 225, 226, 227, 228, 229, 230, 231, 232, 233, 234, 235, 236, 237, 238, 239, 240, 241, 242, 243, 244, 245, 246, 247, 248, 249, 250, 251, 252, 253, 254, 255, 256, 257, 258, 259, 260, 261, 262, 263, 264, 265, 266, 267, 268, 269, 270, 271, 272, 273, 274, 275, 276, 277, 278, 279, 280, 281, 282, 283, 284, 285, 286, 287, 288, 289, 290, 291, 292, 293, 294, 295, 296, 297, 298, 299, 300, 301, 302, 303, 304, 305, 306, 307, 308, 309, 310, 311, 312, 313, 314, 315, 316, 317, 318, 319, 320, 321, 322, 323, 324, 325, 326, 327, 328, 329, 330, 331, 332, 333, 334, 335, 336, 337, 342, 343, 344, 345, 346, 349, 351, 352, 355, 357, 359, 364, 368, 371, 372, 373, 374, 376, 377, 387, 392, 393, 403, 409, 411, 414, 424, 430, 449, 454, 470, 480, 488, 494, 495, 553, 560, 574, 575, 576, 577, 578, 579, 580, 581, 582, 583, 584, 585, 586, 587, 588, 589, 590, 591, 592, 593, 594, 595, 596, 597, 598, 599, 600, 601, 602, 603, 604, 605, 606, 607, 608, 609, 610, 611, 612, 613, 614, 615, 616, 617, 618, 619, 620, 621, 622, 623, 624, 625, 626, 627, 628, 629, 630, 631, 632, 633, 634, 635, 636, 637, 638, 639, 640, 641, 642, 643, 644, 645, 646, 647, 648, 649, 650, 651, 652, 653, 654, 655, 656, 657, 658, 659, 660, 661, 662, 663, 664, 665, 666, 667, 668, 669, 670, 671, 672, 673, 674, 675, 676, 677, 678, 679, 680, 681, 682, 683, 684, 685, 686, 687, 688, 689, 690, 691, 692, 693, 694, 695, 696, 697, 698, 699, 700, 701, 702, 703, 704, 705, 706, 707, 708, 709, 710, 711, 712, 713, 714, 715, 716, 717, 718, 719, 720, 721, 722, 723, 724, 725, 726, 727, 728, 729, 730, 731, 732, 733, 734, 735, 736, 737, 738, 739, 740, 741, 742, 743, 744, 745, 746, 747, 748, 749, 750, 751, 752, 753, 754, 755, 756, 757, 758, 759, 760, 761, 762, 763, 764, 765, 766, 767, 768, 769, 770, 771, 772, 773, 774, 775, 776, 777, 778, 779, 780, 781, 782, 783, 784, 785, 786, 787, 788, 789, 790, 791, 792, 793, 798, 799, 800, 801, 804, 806, 807, 810, 812, 814, 816, 818, 821, 822, 823, 824, 826, 827, 837, 842, 843, 852, 859, 862, 865, 869, 876, 882, 897, 901, 917, 932]",False,"[180, 221, 651]","[103, 104, 105, 106, 107, 108, 109, 110, 111, 112, 113, 114, 115, 116, 117, 118, 119, 120, 121, 122, 123, 124, 125, 126, 127, 128, 129, 130, 131, 132, 133, 134, 135, 136, 137, 138, 139, 140, 141, 142, 143, 144, 145, 146, 147, 148, 149, 150, 151, 152, 153, 154, 155, 156, 157, 158, 159, 160, 161, 162, 163, 164, 165, 166, 167, 168, 169, 170, 171, 172, 173, 174, 175, 176, 177, 178, 179, 180, 181, 182, 183, 184, 185, 186, 187, 188, 189, 190, 191, 192, 193, 194, 195, 196, 197, 198, 199, 200, 201, 202, 203, 204, 205, 206, 207, 208, 209, 210, 211, 212, 213, 214, 215, 216, 217, 218, 219, 220, 221, 222, 223, 224, 225, 226, 227, 228, 229, 230, 231, 232, 233, 234, 235, 236, 237, 238, 239, 240, 241, 242, 243, 244, 245, 246, 247, 248, 249, 250, 251, 252, 253, 254, 255, 256, 257, 258, 259, 260, 261, 262, 263, 264, 265, 266, 267, 268, 269, 270, 271, 272, 273, 274, 275, 276, 277, 278, 279, 280, 281, 282, 283, 284, 285, 286, 287, 288, 289, 290, 291, 292, 293, 294, 295, 296, 297, 298, 299, 300, 301, 302, 303, 304, 305, 306, 307, 308, 309, 310, 311, 312, 313, 314, 315, 316, 317, 318, 319, 320, 321, 322, 323, 324, 325, 326, 327, 328, 329, 330, 331, 332, 333, 334, 335, 336, 337, 574, 575, 576, 577, 578, 579, 580, 581, 582, 583, 584, 585, 586, 587, 588, 589, 590, 591, 592, 593, 594, 595, 596, 597, 598, 599, 600, 601, 602, 603, 604, 605, 606, 607, 608, 609, 610, 611, 612, 613, 614, 615, 616, 617, 618, 619, 620, 621, 622, 623, 624, 625, 626, 627, 628, 629, 630, 631, 632, 633, 634, 635, 636, 637, 638, 639, 640, 641, 642, 643, 644, 645, 646, 647, 648, 649, 650, 651, 652, 653, 654, 655, 656, 657, 658, 659, 660, 661, 662, 663, 664, 665, 666, 667, 668, 669, 670, 671, 672, 673, 674, 675, 676, 677, 678, 679, 680, 681, 682, 683, 684, 685, 686, 687, 688, 689, 690, 691, 692, 693, 694, 695, 696, 697, 698, 699, 700, 701, 702, 703, 704, 705, 706, 707, 708, 709, 710, 711, 712, 713, 714, 715, 716, 717, 718, 719, 720, 721, 722, 723, 724, 725, 726, 727, 728, 729, 730, 731, 732, 733, 734, 735, 736, 737, 738, 739, 740, 741, 742, 743, 744, 745, 746, 747, 748, 749, 750, 751, 752, 753, 754, 755, 756, 757, 758, 759, 760, 761, 762, 763, 764, 765, 766, 767, 768, 769, 770, 771, 772, 773, 774, 775, 776, 777, 778, 779, 780, 781, 782, 783, 784, 785, 786, 787, 788, 789, 790, 791, 792, 793]","[180, 221, 279, 280, 651, 738, 739]",[],"[89, 108, 172, 217, 221, 239, 264, 280, 321, 342, 343, 344, 345, 346, 349, 351, 352, 355, 357, 359, 364, 368, 371, 372, 373, 374, 376, 377, 387, 392, 393, 403, 409, 411, 414, 424, 430, 449, 454, 470, 480, 560, 584, 643, 685, 703, 724, 739, 779, 798, 799, 800, 801, 804, 806, 807, 810, 812, 814, 816, 821, 822, 823, 824, 826, 827, 837, 842, 843, 852, 859, 862, 865, 869, 876, 882, 897, 901, 917, 932]","[2, 9, 10, 82, 111, 112, 113, 199, 279, 280, 284, 285, 300, 488, 494, 495, 553, 581, 582, 583, 670, 738, 739, 743, 744, 759, 818]","[2, 9, 10, 82, 111, 112, 113, 199, 279, 284, 285, 300, 488, 494, 495, 553, 581, 582, 583, 670, 738, 743, 744, 759, 818]",6/6 successful match,False,"[233, 234]",True,818,False,,1.0,True,"West Sacramento Truck Stop , 1 mi ( Valero W of I-5 )",Valero
D Sacramento ( West ) ( 95691 ) Harbor Truck & Auto Stop ( Shell ),2 916-372-2893 I-80 Bus / US 50 Xt 1 ( 1B WB ) ( Harbor N ),N ) 24 38 <U+25A1> D,Sacramento,95691,Harbor Truck & Auto Stop ( Shell ),916-372-2893,2014,West Sacramento,CA,Shell,( 1B WB ) ( Harbor N ),I-80 Bus / US 50 Xt 1,empty,,False,,False,US 50,,1,,,"[651, 180]","[180, 221, 651]","[180, 221, 279, 280, 651, 738, 739]","[19, 180, 181, 233, 255, 331, 341, 351, 449, 454, 503, 651, 652, 697, 708, 788, 797, 806, 857, 897, 901]","[103, 104, 105, 106, 107, 108, 109, 110, 111, 112, 113, 114, 115, 116, 117, 118, 119, 120, 121, 122, 123, 124, 125, 126, 127, 128, 129, 130, 131, 132, 133, 134, 135, 136, 137, 138, 139, 140, 141, 142, 143, 144, 145, 146, 147, 148, 149, 150, 151, 152, 153, 154, 155, 156, 157, 158, 159, 160, 161, 162, 163, 164, 165, 166, 167, 168, 169, 170, 171, 172, 173, 174, 175, 176, 177, 178, 179, 180, 181, 182, 183, 184, 185, 186, 187, 188, 189, 190, 191, 192, 193, 194, 195, 196, 197, 198, 199, 200, 201, 202, 203, 204, 205, 206, 207, 208, 209, 210, 211, 212, 213, 214, 215, 216, 217, 218, 219, 220, 221, 222, 223, 224, 225, 226, 227, 228, 229, 230, 231, 232, 233, 234, 235, 236, 237, 238, 239, 240, 241, 242, 243, 244, 245, 246, 247, 248, 249, 250, 251, 252, 253, 254, 255, 256, 257, 258, 259, 260, 261, 262, 263, 264, 265, 266, 267, 268, 269, 270, 271, 272, 273, 274, 275, 276, 277, 278, 279, 280, 281, 282, 283, 284, 285, 286, 287, 288, 289, 290, 291, 292, 293, 294, 295, 296, 297, 298, 299, 300, 301, 302, 303, 304, 305, 306, 307, 308, 309, 310, 311, 312, 313, 314, 315, 316, 317, 318, 319, 320, 321, 322, 323, 324, 325, 326, 327, 328, 329, 330, 331, 332, 333, 334, 335, 336, 337, 574, 575, 576, 577, 578, 579, 580, 581, 582, 583, 584, 585, 586, 587, 588, 589, 590, 591, 592, 593, 594, 595, 596, 597, 598, 599, 600, 601, 602, 603, 604, 605, 606, 607, 608, 609, 610, 611, 612, 613, 614, 615, 616, 617, 618, 619, 620, 621, 622, 623, 624, 625, 626, 627, 628, 629, 630, 631, 632, 633, 634, 635, 636, 637, 638, 639, 640, 641, 642, 643, 644, 645, 646, 647, 648, 649, 650, 651, 652, 653, 654, 655, 656, 657, 658, 659, 660, 661, 662, 663, 664, 665, 666, 667, 668, 669, 670, 671, 672, 673, 674, 675, 676, 677, 678, 679, 680, 681, 682, 683, 684, 685, 686, 687, 688, 689, 690, 691, 692, 693, 694, 695, 696, 697, 698, 699, 700, 701, 702, 703, 704, 705, 706, 707, 708, 709, 710, 711, 712, 713, 714, 715, 716, 717, 718, 719, 720, 721, 722, 723, 724, 725, 726, 727, 728, 729, 730, 731, 732, 733, 734, 735, 736, 737, 738, 739, 740, 741, 742, 743, 744, 745, 746, 747, 748, 749, 750, 751, 752, 753, 754, 755, 756, 757, 758, 759, 760, 761, 762, 763, 764, 765, 766, 767, 768, 769, 770, 771, 772, 773, 774, 775, 776, 777, 778, 779, 780, 781, 782, 783, 784, 785, 786, 787, 788, 789, 790, 791, 792, 793]","[180, 347, 353, 467, 651, 802, 808, 914]","[1, 13, 14, 29, 54, 55, 56, 57, 58, 60, 102, 118, 125, 127, 130, 134, 146, 149, 153, 175, 182, 187, 189, 191, 197, 225, 230, 238, 264, 265, 266, 286, 302, 317, 336, 379, 388, 389, 425, 454, 458, 463, 475, 487, 498, 499, 512, 530, 531, 532, 533, 534, 536, 573, 589, 596, 598, 601, 605, 617, 620, 624, 646, 653, 658, 660, 662, 668, 689, 694, 702, 724, 725, 745, 760, 775, 793, 829, 838, 839, 877, 901, 903, 905, 910, 923]","[1, 13, 14, 29, 54, 55, 56, 57, 58, 60, 102, 118, 125, 127, 130, 134, 146, 149, 153, 175, 180, 181, 182, 187, 189, 191, 197, 225, 230, 238, 264, 265, 266, 286, 302, 317, 336, 354, 379, 388, 389, 425, 454, 458, 463, 475, 487, 498, 499, 512, 530, 531, 532, 533, 534, 536, 573, 589, 596, 598, 601, 605, 617, 620, 624, 646, 651, 652, 653, 658, 660, 662, 668, 689, 694, 702, 724, 725, 745, 760, 775, 793, 809, 829, 838, 839, 877, 901, 903, 905, 910, 923]","[1, 13, 14, 19, 29, 54, 55, 56, 57, 58, 60, 102, 103, 104, 105, 106, 107, 108, 109, 110, 111, 112, 113, 114, 115, 116, 117, 118, 119, 120, 121, 122, 123, 124, 125, 126, 127, 128, 129, 130, 131, 132, 133, 134, 135, 136, 137, 138, 139, 140, 141, 142, 143, 144, 145, 146, 147, 148, 149, 150, 151, 152, 153, 154, 155, 156, 157, 158, 159, 160, 161, 162, 163, 164, 165, 166, 167, 168, 169, 170, 171, 172, 173, 174, 175, 176, 177, 178, 179, 180, 181, 182, 183, 184, 185, 186, 187, 188, 189, 190, 191, 192, 193, 194, 195, 196, 197, 198, 199, 200, 201, 202, 203, 204, 205, 206, 207, 208, 209, 210, 211, 212, 213, 214, 215, 216, 217, 218, 219, 220, 221, 222, 223, 224, 225, 226, 227, 228, 229, 230, 231, 232, 233, 234, 235, 236, 237, 238, 239, 240, 241, 242, 243, 244, 245, 246, 247, 248, 249, 250, 251, 252, 253, 254, 255, 256, 257, 258, 259, 260, 261, 262, 263, 264, 265, 266, 267, 268, 269, 270, 271, 272, 273, 274, 275, 276, 277, 278, 279, 280, 281, 282, 283, 284, 285, 286, 287, 288, 289, 290, 291, 292, 293, 294, 295, 296, 297, 298, 299, 300, 301, 302, 303, 304, 305, 306, 307, 308, 309, 310, 311, 312, 313, 314, 315, 316, 317, 318, 319, 320, 321, 322, 323, 324, 325, 326, 327, 328, 329, 330, 331, 332, 333, 334, 335, 336, 337, 341, 347, 351, 353, 354, 379, 388, 389, 425, 449, 454, 458, 463, 467, 475, 487, 498, 499, 503, 512, 530, 531, 532, 533, 534, 536, 573, 574, 575, 576, 577, 578, 579, 580, 581, 582, 583, 584, 585, 586, 587, 588, 589, 590, 591, 592, 593, 594, 595, 596, 597, 598, 599, 600, 601, 602, 603, 604, 605, 606, 607, 608, 609, 610, 611, 612, 613, 614, 615, 616, 617, 618, 619, 620, 621, 622, 623, 624, 625, 626, 627, 628, 629, 630, 631, 632, 633, 634, 635, 636, 637, 638, 639, 640, 641, 642, 643, 644, 645, 646, 647, 648, 649, 650, 651, 652, 653, 654, 655, 656, 657, 658, 659, 660, 661, 662, 663, 664, 665, 666, 667, 668, 669, 670, 671, 672, 673, 674, 675, 676, 677, 678, 679, 680, 681, 682, 683, 684, 685, 686, 687, 688, 689, 690, 691, 692, 693, 694, 695, 696, 697, 698, 699, 700, 701, 702, 703, 704, 705, 706, 707, 708, 709, 710, 711, 712, 713, 714, 715, 716, 717, 718, 719, 720, 721, 722, 723, 724, 725, 726, 727, 728, 729, 730, 731, 732, 733, 734, 735, 736, 737, 738, 739, 740, 741, 742, 743, 744, 745, 746, 747, 748, 749, 750, 751, 752, 753, 754, 755, 756, 757, 758, 759, 760, 761, 762, 763, 764, 765, 766, 767, 768, 769, 770, 771, 772, 773, 774, 775, 776, 777, 778, 779, 780, 781, 782, 783, 784, 785, 786, 787, 788, 789, 790, 791, 792, 793, 797, 802, 806, 808, 809, 829, 838, 839, 857, 877, 897, 901, 903, 905, 910, 914, 923]",True,"[180, 221, 651]","[103, 104, 105, 106, 107, 108, 109, 110, 111, 112, 113, 114, 115, 116, 117, 118, 119, 120, 121, 122, 123, 124, 125, 126, 127, 128, 129, 130, 131, 132, 133, 134, 135, 136, 137, 138, 139, 140, 141, 142, 143, 144, 145, 146, 147, 148, 149, 150, 151, 152, 153, 154, 155, 156, 157, 158, 159, 160, 161, 162, 163, 164, 165, 166, 167, 168, 169, 170, 171, 172, 173, 174, 175, 176, 177, 178, 179, 180, 181, 182, 183, 184, 185, 186, 187, 188, 189, 190, 191, 192, 193, 194, 195, 196, 197, 198, 199, 200, 201, 202, 203, 204, 205, 206, 207, 208, 209, 210, 211, 212, 213, 214, 215, 216, 217, 218, 219, 220, 221, 222, 223, 224, 225, 226, 227, 228, 229, 230, 231, 232, 233, 234, 235, 236, 237, 238, 239, 240, 241, 242, 243, 244, 245, 246, 247, 248, 249, 250, 251, 252, 253, 254, 255, 256, 257, 258, 259, 260, 261, 262, 263, 264, 265, 266, 267, 268, 269, 270, 271, 272, 273, 274, 275, 276, 277, 278, 279, 280, 281, 282, 283, 284, 285, 286, 287, 288, 289, 290, 291, 292, 293, 294, 295, 296, 297, 298, 299, 300, 301, 302, 303, 304, 305, 306, 307, 308, 309, 310, 311, 312, 313, 314, 315, 316, 317, 318, 319, 320, 321, 322, 323, 324, 325, 326, 327, 328, 329, 330, 331, 332, 333, 334, 335, 336, 337, 574, 575, 576, 577, 578, 579, 580, 581, 582, 583, 584, 585, 586, 587, 588, 589, 590, 591, 592, 593, 594, 595, 596, 597, 598, 599, 600, 601, 602, 603, 604, 605, 606, 607, 608, 609, 610, 611, 612, 613, 614, 615, 616, 617, 618, 619, 620, 621, 622, 623, 624, 625, 626, 627, 628, 629, 630, 631, 632, 633, 634, 635, 636, 637, 638, 639, 640, 641, 642, 643, 644, 645, 646, 647, 648, 649, 650, 651, 652, 653, 654, 655, 656, 657, 658, 659, 660, 661, 662, 663, 664, 665, 666, 667, 668, 669, 670, 671, 672, 673, 674, 675, 676, 677, 678, 679, 680, 681, 682, 683, 684, 685, 686, 687, 688, 689, 690, 691, 692, 693, 694, 695, 696, 697, 698, 699, 700, 701, 702, 703, 704, 705, 706, 707, 708, 709, 710, 711, 712, 713, 714, 715, 716, 717, 718, 719, 720, 721, 722, 723, 724, 725, 726, 727, 728, 729, 730, 731, 732, 733, 734, 735, 736, 737, 738, 739, 740, 741, 742, 743, 744, 745, 746, 747, 748, 749, 750, 751, 752, 753, 754, 755, 756, 757, 758, 759, 760, 761, 762, 763, 764, 765, 766, 767, 768, 769, 770, 771, 772, 773, 774, 775, 776, 777, 778, 779, 780, 781, 782, 783, 784, 785, 786, 787, 788, 789, 790, 791, 792, 793]","[180, 221, 279, 280, 651, 738, 739]","[19, 180, 181, 233, 255, 331, 341, 351, 449, 454, 503, 651, 652, 697, 708, 788, 797, 806, 857, 897, 901]","[180, 347, 353, 467, 651, 802, 808, 914]","[1, 13, 14, 29, 54, 55, 56, 57, 58, 60, 102, 118, 125, 127, 130, 134, 146, 149, 153, 175, 180, 181, 182, 187, 189, 191, 197, 225, 230, 238, 264, 265, 266, 286, 302, 317, 336, 354, 379, 388, 389, 425, 454, 458, 463, 475, 487, 498, 499, 512, 530, 531, 532, 533, 534, 536, 573, 589, 596, 598, 601, 605, 617, 620, 624, 646, 651, 652, 653, 658, 660, 662, 668, 689, 694, 702, 724, 725, 745, 760, 775, 793, 809, 829, 838, 839, 877, 901, 903, 905, 910, 923]","[1, 13, 14, 29, 54, 55, 56, 57, 58, 60, 102, 118, 125, 127, 130, 134, 146, 149, 153, 175, 182, 187, 189, 191, 197, 225, 230, 238, 264, 265, 266, 286, 302, 317, 336, 379, 388, 389, 425, 454, 458, 463, 475, 487, 498, 499, 512, 530, 531, 532, 533, 534, 536, 573, 589, 596, 598, 601, 605, 617, 620, 624, 646, 653, 658, 660, 662, 668, 689, 694, 702, 724, 725, 745, 760, 775, 793, 829, 838, 839, 877, 901, 903, 905, 910, 923]",6/6 successful match,True,[610],True,819,False,,,,,
Sacramento ( West ) ( 95691 ) Harbor Truck & Auto Stop ( Shell ),916-372-2893 I-80 Bus / US 50 Xt 1 ( 1B WB ) ( Harbor N ),) 24 <U+2610> <U+2610>,Sacramento,95691,Harbor Truck & Auto Stop ( Shell ),916-372-2893,2015,West Sacramento,CA,Shell,( 1B WB ) ( Harbor N ),I-80 Bus / US 50 Xt 1,empty,,False,,False,US 50,,1,,,"[651, 180]","[180, 221, 651]","[180, 221, 279, 280, 651, 738, 739]","[19, 180, 181, 233, 255, 331, 341, 351, 449, 454, 503, 651, 652, 697, 708, 788, 797, 806, 857, 897, 901]","[103, 104, 105, 106, 107, 108, 109, 110, 111, 112, 113, 114, 115, 116, 117, 118, 119, 120, 121, 122, 123, 124, 125, 126, 127, 128, 129, 130, 131, 132, 133, 134, 135, 136, 137, 138, 139, 140, 141, 142, 143, 144, 145, 146, 147, 148, 149, 150, 151, 152, 153, 154, 155, 156, 157, 158, 159, 160, 161, 162, 163, 164, 165, 166, 167, 168, 169, 170, 171, 172, 173, 174, 175, 176, 177, 178, 179, 180, 181, 182, 183, 184, 185, 186, 187, 188, 189, 190, 191, 192, 193, 194, 195, 196, 197, 198, 199, 200, 201, 202, 203, 204, 205, 206, 207, 208, 209, 210, 211, 212, 213, 214, 215, 216, 217, 218, 219, 220, 221, 222, 223, 224, 225, 226, 227, 228, 229, 230, 231, 232, 233, 234, 235, 236, 237, 238, 239, 240, 241, 242, 243, 244, 245, 246, 247, 248, 249, 250, 251, 252, 253, 254, 255, 256, 257, 258, 259, 260, 261, 262, 263, 264, 265, 266, 267, 268, 269, 270, 271, 272, 273, 274, 275, 276, 277, 278, 279, 280, 281, 282, 283, 284, 285, 286, 287, 288, 289, 290, 291, 292, 293, 294, 295, 296, 297, 298, 299, 300, 301, 302, 303, 304, 305, 306, 307, 308, 309, 310, 311, 312, 313, 314, 315, 316, 317, 318, 319, 320, 321, 322, 323, 324, 325, 326, 327, 328, 329, 330, 331, 332, 333, 334, 335, 336, 337, 574, 575, 576, 577, 578, 579, 580, 581, 582, 583, 584, 585, 586, 587, 588, 589, 590, 591, 592, 593, 594, 595, 596, 597, 598, 599, 600, 601, 602, 603, 604, 605, 606, 607, 608, 609, 610, 611, 612, 613, 614, 615, 616, 617, 618, 619, 620, 621, 622, 623, 624, 625, 626, 627, 628, 629, 630, 631, 632, 633, 634, 635, 636, 637, 638, 639, 640, 641, 642, 643, 644, 645, 646, 647, 648, 649, 650, 651, 652, 653, 654, 655, 656, 657, 658, 659, 660, 661, 662, 663, 664, 665, 666, 667, 668, 669, 670, 671, 672, 673, 674, 675, 676, 677, 678, 679, 680, 681, 682, 683, 684, 685, 686, 687, 688, 689, 690, 691, 692, 693, 694, 695, 696, 697, 698, 699, 700, 701, 702, 703, 704, 705, 706, 707, 708, 709, 710, 711, 712, 713, 714, 715, 716, 717, 718, 719, 720, 721, 722, 723, 724, 725, 726, 727, 728, 729, 730, 731, 732, 733, 734, 735, 736, 737, 738, 739, 740, 741, 742, 743, 744, 745, 746, 747, 748, 749, 750, 751, 752, 753, 754, 755, 756, 757, 758, 759, 760, 761, 762, 763, 764, 765, 766, 767, 768, 769, 770, 771, 772, 773, 774, 775, 776, 777, 778, 779, 780, 781, 782, 783, 784, 785, 786, 787, 788, 789, 790, 791, 792, 793]","[180, 347, 353, 467, 651, 802, 808, 914]","[1, 13, 14, 29, 54, 55, 56, 57, 58, 60, 102, 118, 125, 127, 130, 134, 146, 149, 153, 175, 182, 187, 189, 191, 197, 225, 230, 238, 264, 265, 266, 286, 302, 317, 336, 379, 388, 389, 425, 454, 458, 463, 475, 487, 498, 499, 512, 530, 531, 532, 533, 534, 536, 573, 589, 596, 598, 601, 605, 617, 620, 624, 646, 653, 658, 660, 662, 668, 689, 694, 702, 724, 725, 745, 760, 775, 793, 829, 838, 839, 877, 901, 903, 905, 910, 923]","[1, 13, 14, 29, 54, 55, 56, 57, 58, 60, 102, 118, 125, 127, 130, 134, 146, 149, 153, 175, 180, 181, 182, 187, 189, 191, 197, 225, 230, 238, 264, 265, 266, 286, 302, 317, 336, 354, 379, 388, 389, 425, 454, 458, 463, 475, 487, 498, 499, 512, 530, 531, 532, 533, 534, 536, 573, 589, 596, 598, 601, 605, 617, 620, 624, 646, 651, 652, 653, 658, 660, 662, 668, 689, 694, 702, 724, 725, 745, 760, 775, 793, 809, 829, 838, 839, 877, 901, 903, 905, 910, 923]","[1, 13, 14, 19, 29, 54, 55, 56, 57, 58, 60, 102, 103, 104, 105, 106, 107, 108, 109, 110, 111, 112, 113, 114, 115, 116, 117, 118, 119, 120, 121, 122, 123, 124, 125, 126, 127, 128, 129, 130, 131, 132, 133, 134, 135, 136, 137, 138, 139, 140, 141, 142, 143, 144, 145, 146, 147, 148, 149, 150, 151, 152, 153, 154, 155, 156, 157, 158, 159, 160, 161, 162, 163, 164, 165, 166, 167, 168, 169, 170, 171, 172, 173, 174, 175, 176, 177, 178, 179, 180, 181, 182, 183, 184, 185, 186, 187, 188, 189, 190, 191, 192, 193, 194, 195, 196, 197, 198, 199, 200, 201, 202, 203, 204, 205, 206, 207, 208, 209, 210, 211, 212, 213, 214, 215, 216, 217, 218, 219, 220, 221, 222, 223, 224, 225, 226, 227, 228, 229, 230, 231, 232, 233, 234, 235, 236, 237, 238, 239, 240, 241, 242, 243, 244, 245, 246, 247, 248, 249, 250, 251, 252, 253, 254, 255, 256, 257, 258, 259, 260, 261, 262, 263, 264, 265, 266, 267, 268, 269, 270, 271, 272, 273, 274, 275, 276, 277, 278, 279, 280, 281, 282, 283, 284, 285, 286, 287, 288, 289, 290, 291, 292, 293, 294, 295, 296, 297, 298, 299, 300, 301, 302, 303, 304, 305, 306, 307, 308, 309, 310, 311, 312, 313, 314, 315, 316, 317, 318, 319, 320, 321, 322, 323, 324, 325, 326, 327, 328, 329, 330, 331, 332, 333, 334, 335, 336, 337, 341, 347, 351, 353, 354, 379, 388, 389, 425, 449, 454, 458, 463, 467, 475, 487, 498, 499, 503, 512, 530, 531, 532, 533, 534, 536, 573, 574, 575, 576, 577, 578, 579, 580, 581, 582, 583, 584, 585, 586, 587, 588, 589, 590, 591, 592, 593, 594, 595, 596, 597, 598, 599, 600, 601, 602, 603, 604, 605, 606, 607, 608, 609, 610, 611, 612, 613, 614, 615, 616, 617, 618, 619, 620, 621, 622, 623, 624, 625, 626, 627, 628, 629, 630, 631, 632, 633, 634, 635, 636, 637, 638, 639, 640, 641, 642, 643, 644, 645, 646, 647, 648, 649, 650, 651, 652, 653, 654, 655, 656, 657, 658, 659, 660, 661, 662, 663, 664, 665, 666, 667, 668, 669, 670, 671, 672, 673, 674, 675, 676, 677, 678, 679, 680, 681, 682, 683, 684, 685, 686, 687, 688, 689, 690, 691, 692, 693, 694, 695, 696, 697, 698, 699, 700, 701, 702, 703, 704, 705, 706, 707, 708, 709, 710, 711, 712, 713, 714, 715, 716, 717, 718, 719, 720, 721, 722, 723, 724, 725, 726, 727, 728, 729, 730, 731, 732, 733, 734, 735, 736, 737, 738, 739, 740, 741, 742, 743, 744, 745, 746, 747, 748, 749, 750, 751, 752, 753, 754, 755, 756, 757, 758, 759, 760, 761, 762, 763, 764, 765, 766, 767, 768, 769, 770, 771, 772, 773, 774, 775, 776, 777, 778, 779, 780, 781, 782, 783, 784, 785, 786, 787, 788, 789, 790, 791, 792, 793, 797, 802, 806, 808, 809, 829, 838, 839, 857, 877, 897, 901, 903, 905, 910, 914, 923]",True,"[180, 221, 651]","[103, 104, 105, 106, 107, 108, 109, 110, 111, 112, 113, 114, 115, 116, 117, 118, 119, 120, 121, 122, 123, 124, 125, 126, 127, 128, 129, 130, 131, 132, 133, 134, 135, 136, 137, 138, 139, 140, 141, 142, 143, 144, 145, 146, 147, 148, 149, 150, 151, 152, 153, 154, 155, 156, 157, 158, 159, 160, 161, 162, 163, 164, 165, 166, 167, 168, 169, 170, 171, 172, 173, 174, 175, 176, 177, 178, 179, 180, 181, 182, 183, 184, 185, 186, 187, 188, 189, 190, 191, 192, 193, 194, 195, 196, 197, 198, 199, 200, 201, 202, 203, 204, 205, 206, 207, 208, 209, 210, 211, 212, 213, 214, 215, 216, 217, 218, 219, 220, 221, 222, 223, 224, 225, 226, 227, 228, 229, 230, 231, 232, 233, 234, 235, 236, 237, 238, 239, 240, 241, 242, 243, 244, 245, 246, 247, 248, 249, 250, 251, 252, 253, 254, 255, 256, 257, 258, 259, 260, 261, 262, 263, 264, 265, 266, 267, 268, 269, 270, 271, 272, 273, 274, 275, 276, 277, 278, 279, 280, 281, 282, 283, 284, 285, 286, 287, 288, 289, 290, 291, 292, 293, 294, 295, 296, 297, 298, 299, 300, 301, 302, 303, 304, 305, 306, 307, 308, 309, 310, 311, 312, 313, 314, 315, 316, 317, 318, 319, 320, 321, 322, 323, 324, 325, 326, 327, 328, 329, 330, 331, 332, 333, 334, 335, 336, 337, 574, 575, 576, 577, 578, 579, 580, 581, 582, 583, 584, 585, 586, 587, 588, 589, 590, 591, 592, 593, 594, 595, 596, 597, 598, 599, 600, 601, 602, 603, 604, 605, 606, 607, 608, 609, 610, 611, 612, 613, 614, 615, 616, 617, 618, 619, 620, 621, 622, 623, 624, 625, 626, 627, 628, 629, 630, 631, 632, 633, 634, 635, 636, 637, 638, 639, 640, 641, 642, 643, 644, 645, 646, 647, 648, 649, 650, 651, 652, 653, 654, 655, 656, 657, 658, 659, 660, 661, 662, 663, 664, 665, 666, 667, 668, 669, 670, 671, 672, 673, 674, 675, 676, 677, 678, 679, 680, 681, 682, 683, 684, 685, 686, 687, 688, 689, 690, 691, 692, 693, 694, 695, 696, 697, 698, 699, 700, 701, 702, 703, 704, 705, 706, 707, 708, 709, 710, 711, 712, 713, 714, 715, 716, 717, 718, 719, 720, 721, 722, 723, 724, 725, 726, 727, 728, 729, 730, 731, 732, 733, 734, 735, 736, 737, 738, 739, 740, 741, 742, 743, 744, 745, 746, 747, 748, 749, 750, 751, 752, 753, 754, 755, 756, 757, 758, 759, 760, 761, 762, 763, 764, 765, 766, 767, 768, 769, 770, 771, 772, 773, 774, 775, 776, 777, 778, 779, 780, 781, 782, 783, 784, 785, 786, 787, 788, 789, 790, 791, 792, 793]","[180, 221, 279, 280, 651, 738, 739]","[19, 180, 181, 233, 255, 331, 341, 351, 449, 454, 503, 651, 652, 697, 708, 788, 797, 806, 857, 897, 901]","[180, 347, 353, 467, 651, 802, 808, 914]","[1, 13, 14, 29, 54, 55, 56, 57, 58, 60, 102, 118, 125, 127, 130, 134, 146, 149, 153, 175, 180, 181, 182, 187, 189, 191, 197, 225, 230, 238, 264, 265, 266, 286, 302, 317, 336, 354, 379, 388, 389, 425, 454, 458, 463, 475, 487, 498, 499, 512, 530, 531, 532, 533, 534, 536, 573, 589, 596, 598, 601, 605, 617, 620, 624, 646, 651, 652, 653, 658, 660, 662, 668, 689, 694, 702, 724, 725, 745, 760, 775, 793, 809, 829, 838, 839, 877, 901, 903, 905, 910, 923]","[1, 13, 14, 29, 54, 55, 56, 57, 58, 60, 102, 118, 125, 127, 130, 134, 146, 149, 153, 175, 182, 187, 189, 191, 197, 225, 230, 238, 264, 265, 266, 286, 302, 317, 336, 379, 388, 389, 425, 454, 458, 463, 475, 487, 498, 499, 512, 530, 531, 532, 533, 534, 536, 573, 589, 596, 598, 601, 605, 617, 620, 624, 646, 653, 658, 660, 662, 668, 689, 694, 702, 724, 725, 745, 760, 775, 793, 829, 838, 839, 877, 901, 903, 905, 910, 923]",6/6 successful match,True,[610],True,819,False,,1.0,True,Harbor Truck & Auto Stop ( Shell ),Shell
D Sacramento ( West ) ( 95691 ) I-80 Harbor Bus Truck / US & 50 Auto Xt 1 Stop ( 1B WB ( Shell ) ( Harbor ) N ),916-372-2893 Pilot,) 24 <U+2610>,Sacramento,95691,I-80 Harbor Bus Truck / US & 50 Auto Xt 1 Stop ( 1B WB ( Shell ) ( Harbor ) N ),916-372-2893,2016,West Sacramento,CA,Shell,,Pilot,empty,,False,,False,Pilot,,,,,"[651, 180]","[180, 221, 651]","[180, 221, 279, 280, 651, 738, 739]",[],"[103, 104, 105, 106, 107, 108, 109, 110, 111, 112, 113, 114, 115, 116, 117, 118, 119, 120, 121, 122, 123, 124, 125, 126, 127, 128, 129, 130, 131, 132, 133, 134, 135, 136, 137, 138, 139, 140, 141, 142, 143, 144, 145, 146, 147, 148, 149, 150, 151, 152, 153, 154, 155, 156, 157, 158, 159, 160, 161, 162, 163, 164, 165, 166, 167, 168, 169, 170, 171, 172, 173, 174, 175, 176, 177, 178, 179, 180, 181, 182, 183, 184, 185, 186, 187, 188, 189, 190, 191, 192, 193, 194, 195, 196, 197, 198, 199, 200, 201, 202, 203, 204, 205, 206, 207, 208, 209, 210, 211, 212, 213, 214, 215, 216, 217, 218, 219, 220, 221, 222, 223, 224, 225, 226, 227, 228, 229, 230, 231, 232, 233, 234, 235, 236, 237, 238, 239, 240, 241, 242, 243, 244, 245, 246, 247, 248, 249, 250, 251, 252, 253, 254, 255, 256, 257, 258, 259, 260, 261, 262, 263, 264, 265, 266, 267, 268, 269, 270, 271, 272, 273, 274, 275, 276, 277, 278, 279, 280, 281, 282, 283, 284, 285, 286, 287, 288, 289, 290, 291, 292, 293, 294, 295, 296, 297, 298, 299, 300, 301, 302, 303, 304, 305, 306, 307, 308, 309, 310, 311, 312, 313, 314, 315, 316, 317, 318, 319, 320, 321, 322, 323, 324, 325, 326, 327, 328, 329, 330, 331, 332, 333, 334, 335, 336, 337, 574, 575, 576, 577, 578, 579, 580, 581, 582, 583, 584, 585, 586, 587, 588, 589, 590, 591, 592, 593, 594, 595, 596, 597, 598, 599, 600, 601, 602, 603, 604, 605, 606, 607, 608, 609, 610, 611, 612, 613, 614, 615, 616, 617, 618, 619, 620, 621, 622, 623, 624, 625, 626, 627, 628, 629, 630, 631, 632, 633, 634, 635, 636, 637, 638, 639, 640, 641, 642, 643, 644, 645, 646, 647, 648, 649, 650, 651, 652, 653, 654, 655, 656, 657, 658, 659, 660, 661, 662, 663, 664, 665, 666, 667, 668, 669, 670, 671, 672, 673, 674, 675, 676, 677, 678, 679, 680, 681, 682, 683, 684, 685, 686, 687, 688, 689, 690, 691, 692, 693, 694, 695, 696, 697, 698, 699, 700, 701, 702, 703, 704, 705, 706, 707, 708, 709, 710, 711, 712, 713, 714, 715, 716, 717, 718, 719, 720, 721, 722, 723, 724, 725, 726, 727, 728, 729, 730, 731, 732, 733, 734, 735, 736, 737, 738, 739, 740, 741, 742, 743, 744, 745, 746, 747, 748, 749, 750, 751, 752, 753, 754, 755, 756, 757, 758, 759, 760, 761, 762, 763, 764, 765, 766, 767, 768, 769, 770, 771, 772, 773, 774, 775, 776, 777, 778, 779, 780, 781, 782, 783, 784, 785, 786, 787, 788, 789, 790, 791, 792, 793]","[374, 824]","[1, 13, 14, 29, 54, 55, 56, 57, 58, 60, 102, 118, 125, 127, 130, 134, 146, 149, 153, 175, 182, 187, 189, 191, 197, 225, 230, 238, 264, 265, 266, 286, 302, 317, 336, 379, 388, 389, 425, 454, 458, 463, 475, 487, 498, 499, 512, 530, 531, 532, 533, 534, 536, 573, 589, 596, 598, 601, 605, 617, 620, 624, 646, 653, 658, 660, 662, 668, 689, 694, 702, 724, 725, 745, 760, 775, 793, 829, 838, 839, 877, 901, 903, 905, 910, 923]","[1, 13, 14, 29, 54, 55, 56, 57, 58, 60, 102, 118, 125, 127, 130, 134, 146, 149, 153, 175, 180, 181, 182, 187, 189, 191, 197, 225, 230, 238, 264, 265, 266, 286, 302, 317, 336, 354, 379, 388, 389, 425, 454, 458, 463, 475, 487, 498, 499, 512, 530, 531, 532, 533, 534, 536, 573, 589, 596, 598, 601, 605, 617, 620, 624, 646, 651, 652, 653, 658, 660, 662, 668, 689, 694, 702, 724, 725, 745, 760, 775, 793, 809, 829, 838, 839, 877, 901, 903, 905, 910, 923]","[1, 13, 14, 29, 54, 55, 56, 57, 58, 60, 102, 103, 104, 105, 106, 107, 108, 109, 110, 111, 112, 113, 114, 115, 116, 117, 118, 119, 120, 121, 122, 123, 124, 125, 126, 127, 128, 129, 130, 131, 132, 133, 134, 135, 136, 137, 138, 139, 140, 141, 142, 143, 144, 145, 146, 147, 148, 149, 150, 151, 152, 153, 154, 155, 156, 157, 158, 159, 160, 161, 162, 163, 164, 165, 166, 167, 168, 169, 170, 171, 172, 173, 174, 175, 176, 177, 178, 179, 180, 181, 182, 183, 184, 185, 186, 187, 188, 189, 190, 191, 192, 193, 194, 195, 196, 197, 198, 199, 200, 201, 202, 203, 204, 205, 206, 207, 208, 209, 210, 211, 212, 213, 214, 215, 216, 217, 218, 219, 220, 221, 222, 223, 224, 225, 226, 227, 228, 229, 230, 231, 232, 233, 234, 235, 236, 237, 238, 239, 240, 241, 242, 243, 244, 245, 246, 247, 248, 249, 250, 251, 252, 253, 254, 255, 256, 257, 258, 259, 260, 261, 262, 263, 264, 265, 266, 267, 268, 269, 270, 271, 272, 273, 274, 275, 276, 277, 278, 279, 280, 281, 282, 283, 284, 285, 286, 287, 288, 289, 290, 291, 292, 293, 294, 295, 296, 297, 298, 299, 300, 301, 302, 303, 304, 305, 306, 307, 308, 309, 310, 311, 312, 313, 314, 315, 316, 317, 318, 319, 320, 321, 322, 323, 324, 325, 326, 327, 328, 329, 330, 331, 332, 333, 334, 335, 336, 337, 354, 374, 379, 388, 389, 425, 454, 458, 463, 475, 487, 498, 499, 512, 530, 531, 532, 533, 534, 536, 573, 574, 575, 576, 577, 578, 579, 580, 581, 582, 583, 584, 585, 586, 587, 588, 589, 590, 591, 592, 593, 594, 595, 596, 597, 598, 599, 600, 601, 602, 603, 604, 605, 606, 607, 608, 609, 610, 611, 612, 613, 614, 615, 616, 617, 618, 619, 620, 621, 622, 623, 624, 625, 626, 627, 628, 629, 630, 631, 632, 633, 634, 635, 636, 637, 638, 639, 640, 641, 642, 643, 644, 645, 646, 647, 648, 649, 650, 651, 652, 653, 654, 655, 656, 657, 658, 659, 660, 661, 662, 663, 664, 665, 666, 667, 668, 669, 670, 671, 672, 673, 674, 675, 676, 677, 678, 679, 680, 681, 682, 683, 684, 685, 686, 687, 688, 689, 690, 691, 692, 693, 694, 695, 696, 697, 698, 699, 700, 701, 702, 703, 704, 705, 706, 707, 708, 709, 710, 711, 712, 713, 714, 715, 716, 717, 718, 719, 720, 721, 722, 723, 724, 725, 726, 727, 728, 729, 730, 731, 732, 733, 734, 735, 736, 737, 738, 739, 740, 741, 742, 743, 744, 745, 746, 747, 748, 749, 750, 751, 752, 753, 754, 755, 756, 757, 758, 759, 760, 761, 762, 763, 764, 765, 766, 767, 768, 769, 770, 771, 772, 773, 774, 775, 776, 777, 778, 779, 780, 781, 782, 783, 784, 785, 786, 787, 788, 789, 790, 791, 792, 793, 809, 824, 829, 838, 839, 877, 901, 903, 905, 910, 923]",True,"[180, 221, 651]","[103, 104, 105, 106, 107, 108, 109, 110, 111, 112, 113, 114, 115, 116, 117, 118, 119, 120, 121, 122, 123, 124, 125, 126, 127, 128, 129, 130, 131, 132, 133, 134, 135, 136, 137, 138, 139, 140, 141, 142, 143, 144, 145, 146, 147, 148, 149, 150, 151, 152, 153, 154, 155, 156, 157, 158, 159, 160, 161, 162, 163, 164, 165, 166, 167, 168, 169, 170, 171, 172, 173, 174, 175, 176, 177, 178, 179, 180, 181, 182, 183, 184, 185, 186, 187, 188, 189, 190, 191, 192, 193, 194, 195, 196, 197, 198, 199, 200, 201, 202, 203, 204, 205, 206, 207, 208, 209, 210, 211, 212, 213, 214, 215, 216, 217, 218, 219, 220, 221, 222, 223, 224, 225, 226, 227, 228, 229, 230, 231, 232, 233, 234, 235, 236, 237, 238, 239, 240, 241, 242, 243, 244, 245, 246, 247, 248, 249, 250, 251, 252, 253, 254, 255, 256, 257, 258, 259, 260, 261, 262, 263, 264, 265, 266, 267, 268, 269, 270, 271, 272, 273, 274, 275, 276, 277, 278, 279, 280, 281, 282, 283, 284, 285, 286, 287, 288, 289, 290, 291, 292, 293, 294, 295, 296, 297, 298, 299, 300, 301, 302, 303, 304, 305, 306, 307, 308, 309, 310, 311, 312, 313, 314, 315, 316, 317, 318, 319, 320, 321, 322, 323, 324, 325, 326, 327, 328, 329, 330, 331, 332, 333, 334, 335, 336, 337, 574, 575, 576, 577, 578, 579, 580, 581, 582, 583, 584, 585, 586, 587, 588, 589, 590, 591, 592, 593, 594, 595, 596, 597, 598, 599, 600, 601, 602, 603, 604, 605, 606, 607, 608, 609, 610, 611, 612, 613, 614, 615, 616, 617, 618, 619, 620, 621, 622, 623, 624, 625, 626, 627, 628, 629, 630, 631, 632, 633, 634, 635, 636, 637, 638, 639, 640, 641, 642, 643, 644, 645, 646, 647, 648, 649, 650, 651, 652, 653, 654, 655, 656, 657, 658, 659, 660, 661, 662, 663, 664, 665, 666, 667, 668, 669, 670, 671, 672, 673, 674, 675, 676, 677, 678, 679, 680, 681, 682, 683, 684, 685, 686, 687, 688, 689, 690, 691, 692, 693, 694, 695, 696, 697, 698, 699, 700, 701, 702, 703, 704, 705, 706, 707, 708, 709, 710, 711, 712, 713, 714, 715, 716, 717, 718, 719, 720, 721, 722, 723, 724, 725, 726, 727, 728, 729, 730, 731, 732, 733, 734, 735, 736, 737, 738, 739, 740, 741, 742, 743, 744, 745, 746, 747, 748, 749, 750, 751, 752, 753, 754, 755, 756, 757, 758, 759, 760, 761, 762, 763, 764, 765, 766, 767, 768, 769, 770, 771, 772, 773, 774, 775, 776, 777, 778, 779, 780, 781, 782, 783, 784, 785, 786, 787, 788, 789, 790, 791, 792, 793]","[180, 221, 279, 280, 651, 738, 739]",[],"[374, 824]","[1, 13, 14, 29, 54, 55, 56, 57, 58, 60, 102, 118, 125, 127, 130, 134, 146, 149, 153, 175, 180, 181, 182, 187, 189, 191, 197, 225, 230, 238, 264, 265, 266, 286, 302, 317, 336, 354, 379, 388, 389, 425, 454, 458, 463, 475, 487, 498, 499, 512, 530, 531, 532, 533, 534, 536, 573, 589, 596, 598, 601, 605, 617, 620, 624, 646, 651, 652, 653, 658, 660, 662, 668, 689, 694, 702, 724, 725, 745, 760, 775, 793, 809, 829, 838, 839, 877, 901, 903, 905, 910, 923]","[1, 13, 14, 29, 54, 55, 56, 57, 58, 60, 102, 118, 125, 127, 130, 134, 146, 149, 153, 175, 182, 187, 189, 191, 197, 225, 230, 238, 264, 265, 266, 286, 302, 317, 336, 379, 388, 389, 425, 454, 458, 463, 475, 487, 498, 499, 512, 530, 531, 532, 533, 534, 536, 573, 589, 596, 598, 601, 605, 617, 620, 624, 646, 653, 658, 660, 662, 668, 689, 694, 702, 724, 725, 745, 760, 775, 793, 829, 838, 839, 877, 901, 903, 905, 910, 923]",4/6 successful match,True,[610],True,819,False,,0.9405309734513274,True,Harbor Truck & Auto Stop ( Shell ),Shell
"ISacramento , 95823 Dhami Truck Plaza",916-689-9080 CA 99 Exit 191 ( 7891 Stockton Blvd ),) 24 HRS,Sacramento,95823,Dhami Truck Plaza,916-689-9080,2006,Sacramento,CA,,( 7891 Stockton Blvd ),CA 99 Exit 191 ,Exit,191,False,,False,CA 99,,,,,[],"[279, 738]","[180, 221, 279, 280, 651, 738, 739]","[229, 336, 693, 793]","[103, 104, 105, 106, 107, 108, 109, 110, 111, 112, 113, 114, 115, 116, 117, 118, 119, 120, 121, 122, 123, 124, 125, 126, 127, 128, 129, 130, 131, 132, 133, 134, 135, 136, 137, 138, 139, 140, 141, 142, 143, 144, 145, 146, 147, 148, 149, 150, 151, 152, 153, 154, 155, 156, 157, 158, 159, 160, 161, 162, 163, 164, 165, 166, 167, 168, 169, 170, 171, 172, 173, 174, 175, 176, 177, 178, 179, 180, 181, 182, 183, 184, 185, 186, 187, 188, 189, 190, 191, 192, 193, 194, 195, 196, 197, 198, 199, 200, 201, 202, 203, 204, 205, 206, 207, 208, 209, 210, 211, 212, 213, 214, 215, 216, 217, 218, 219, 220, 221, 222, 223, 224, 225, 226, 227, 228, 229, 230, 231, 232, 233, 234, 235, 236, 237, 238, 239, 240, 241, 242, 243, 244, 245, 246, 247, 248, 249, 250, 251, 252, 253, 254, 255, 256, 257, 258, 259, 260, 261, 262, 263, 264, 265, 266, 267, 268, 269, 270, 271, 272, 273, 274, 275, 276, 277, 278, 279, 280, 281, 282, 283, 284, 285, 286, 287, 288, 289, 290, 291, 292, 293, 294, 295, 296, 297, 298, 299, 300, 301, 302, 303, 304, 305, 306, 307, 308, 309, 310, 311, 312, 313, 314, 315, 316, 317, 318, 319, 320, 321, 322, 323, 324, 325, 326, 327, 328, 329, 330, 331, 332, 333, 334, 335, 336, 337, 574, 575, 576, 577, 578, 579, 580, 581, 582, 583, 584, 585, 586, 587, 588, 589, 590, 591, 592, 593, 594, 595, 596, 597, 598, 599, 600, 601, 602, 603, 604, 605, 606, 607, 608, 609, 610, 611, 612, 613, 614, 615, 616, 617, 618, 619, 620, 621, 622, 623, 624, 625, 626, 627, 628, 629, 630, 631, 632, 633, 634, 635, 636, 637, 638, 639, 640, 641, 642, 643, 644, 645, 646, 647, 648, 649, 650, 651, 652, 653, 654, 655, 656, 657, 658, 659, 660, 661, 662, 663, 664, 665, 666, 667, 668, 669, 670, 671, 672, 673, 674, 675, 676, 677, 678, 679, 680, 681, 682, 683, 684, 685, 686, 687, 688, 689, 690, 691, 692, 693, 694, 695, 696, 697, 698, 699, 700, 701, 702, 703, 704, 705, 706, 707, 708, 709, 710, 711, 712, 713, 714, 715, 716, 717, 718, 719, 720, 721, 722, 723, 724, 725, 726, 727, 728, 729, 730, 731, 732, 733, 734, 735, 736, 737, 738, 739, 740, 741, 742, 743, 744, 745, 746, 747, 748, 749, 750, 751, 752, 753, 754, 755, 756, 757, 758, 759, 760, 761, 762, 763, 764, 765, 766, 767, 768, 769, 770, 771, 772, 773, 774, 775, 776, 777, 778, 779, 780, 781, 782, 783, 784, 785, 786, 787, 788, 789, 790, 791, 792, 793]","[10, 75, 103, 104, 106, 117, 118, 120, 127, 128, 129, 131, 133, 135, 136, 137, 139, 146, 147, 148, 149, 151, 158, 160, 162, 166, 173, 178, 179, 185, 190, 192, 198, 201, 203, 204, 206, 207, 212, 213, 214, 219, 223, 224, 225, 227, 230, 235, 237, 246, 247, 256, 259, 262, 263, 266, 268, 269, 271, 272, 278, 279, 284, 285, 288, 290, 292, 304, 306, 312, 316, 319, 320, 323, 324, 329, 332, 335, 495, 549, 574, 575, 577, 588, 589, 591, 598, 599, 600, 602, 604, 606, 607, 608, 610, 617, 618, 619, 620, 622, 625, 630, 632, 634, 638, 644, 649, 650, 656, 661, 663, 669, 673, 674, 676, 677, 682, 683, 684, 687, 688, 689, 691, 694, 699, 701, 710, 718, 722, 723, 727, 728, 730, 731, 737, 738, 743, 744, 747, 749, 751, 762, 764, 770, 774, 777, 778, 781, 782, 789, 791]",[],"[146, 617]","[10, 75, 103, 104, 105, 106, 107, 108, 109, 110, 111, 112, 113, 114, 115, 116, 117, 118, 119, 120, 121, 122, 123, 124, 125, 126, 127, 128, 129, 130, 131, 132, 133, 134, 135, 136, 137, 138, 139, 140, 141, 142, 143, 144, 145, 146, 147, 148, 149, 150, 151, 152, 153, 154, 155, 156, 157, 158, 159, 160, 161, 162, 163, 164, 165, 166, 167, 168, 169, 170, 171, 172, 173, 174, 175, 176, 177, 178, 179, 180, 181, 182, 183, 184, 185, 186, 187, 188, 189, 190, 191, 192, 193, 194, 195, 196, 197, 198, 199, 200, 201, 202, 203, 204, 205, 206, 207, 208, 209, 210, 211, 212, 213, 214, 215, 216, 217, 218, 219, 220, 221, 222, 223, 224, 225, 226, 227, 228, 229, 230, 231, 232, 233, 234, 235, 236, 237, 238, 239, 240, 241, 242, 243, 244, 245, 246, 247, 248, 249, 250, 251, 252, 253, 254, 255, 256, 257, 258, 259, 260, 261, 262, 263, 264, 265, 266, 267, 268, 269, 270, 271, 272, 273, 274, 275, 276, 277, 278, 279, 280, 281, 282, 283, 284, 285, 286, 287, 288, 289, 290, 291, 292, 293, 294, 295, 296, 297, 298, 299, 300, 301, 302, 303, 304, 305, 306, 307, 308, 309, 310, 311, 312, 313, 314, 315, 316, 317, 318, 319, 320, 321, 322, 323, 324, 325, 326, 327, 328, 329, 330, 331, 332, 333, 334, 335, 336, 337, 495, 549, 574, 575, 576, 577, 578, 579, 580, 581, 582, 583, 584, 585, 586, 587, 588, 589, 590, 591, 592, 593, 594, 595, 596, 597, 598, 599, 600, 601, 602, 603, 604, 605, 606, 607, 608, 609, 610, 611, 612, 613, 614, 615, 616, 617, 618, 619, 620, 621, 622, 623, 624, 625, 626, 627, 628, 629, 630, 631, 632, 633, 634, 635, 636, 637, 638, 639, 640, 641, 642, 643, 644, 645, 646, 647, 648, 649, 650, 651, 652, 653, 654, 655, 656, 657, 658, 659, 660, 661, 662, 663, 664, 665, 666, 667, 668, 669, 670, 671, 672, 673, 674, 675, 676, 677, 678, 679, 680, 681, 682, 683, 684, 685, 686, 687, 688, 689, 690, 691, 692, 693, 694, 695, 696, 697, 698, 699, 700, 701, 702, 703, 704, 705, 706, 707, 708, 709, 710, 711, 712, 713, 714, 715, 716, 717, 718, 719, 720, 721, 722, 723, 724, 725, 726, 727, 728, 729, 730, 731, 732, 733, 734, 735, 736, 737, 738, 739, 740, 741, 742, 743, 744, 745, 746, 747, 748, 749, 750, 751, 752, 753, 754, 755, 756, 757, 758, 759, 760, 761, 762, 763, 764, 765, 766, 767, 768, 769, 770, 771, 772, 773, 774, 775, 776, 777, 778, 779, 780, 781, 782, 783, 784, 785, 786, 787, 788, 789, 790, 791, 792, 793]",False,"[279, 738]","[103, 104, 105, 106, 107, 108, 109, 110, 111, 112, 113, 114, 115, 116, 117, 118, 119, 120, 121, 122, 123, 124, 125, 126, 127, 128, 129, 130, 131, 132, 133, 134, 135, 136, 137, 138, 139, 140, 141, 142, 143, 144, 145, 146, 147, 148, 149, 150, 151, 152, 153, 154, 155, 156, 157, 158, 159, 160, 161, 162, 163, 164, 165, 166, 167, 168, 169, 170, 171, 172, 173, 174, 175, 176, 177, 178, 179, 180, 181, 182, 183, 184, 185, 186, 187, 188, 189, 190, 191, 192, 193, 194, 195, 196, 197, 198, 199, 200, 201, 202, 203, 204, 205, 206, 207, 208, 209, 210, 211, 212, 213, 214, 215, 216, 217, 218, 219, 220, 221, 222, 223, 224, 225, 226, 227, 228, 229, 230, 231, 232, 233, 234, 235, 236, 237, 238, 239, 240, 241, 242, 243, 244, 245, 246, 247, 248, 249, 250, 251, 252, 253, 254, 255, 256, 257, 258, 259, 260, 261, 262, 263, 264, 265, 266, 267, 268, 269, 270, 271, 272, 273, 274, 275, 276, 277, 278, 279, 280, 281, 282, 283, 284, 285, 286, 287, 288, 289, 290, 291, 292, 293, 294, 295, 296, 297, 298, 299, 300, 301, 302, 303, 304, 305, 306, 307, 308, 309, 310, 311, 312, 313, 314, 315, 316, 317, 318, 319, 320, 321, 322, 323, 324, 325, 326, 327, 328, 329, 330, 331, 332, 333, 334, 335, 336, 337, 574, 575, 576, 577, 578, 579, 580, 581, 582, 583, 584, 585, 586, 587, 588, 589, 590, 591, 592, 593, 594, 595, 596, 597, 598, 599, 600, 601, 602, 603, 604, 605, 606, 607, 608, 609, 610, 611, 612, 613, 614, 615, 616, 617, 618, 619, 620, 621, 622, 623, 624, 625, 626, 627, 628, 629, 630, 631, 632, 633, 634, 635, 636, 637, 638, 639, 640, 641, 642, 643, 644, 645, 646, 647, 648, 649, 650, 651, 652, 653, 654, 655, 656, 657, 658, 659, 660, 661, 662, 663, 664, 665, 666, 667, 668, 669, 670, 671, 672, 673, 674, 675, 676, 677, 678, 679, 680, 681, 682, 683, 684, 685, 686, 687, 688, 689, 690, 691, 692, 693, 694, 695, 696, 697, 698, 699, 700, 701, 702, 703, 704, 705, 706, 707, 708, 709, 710, 711, 712, 713, 714, 715, 716, 717, 718, 719, 720, 721, 722, 723, 724, 725, 726, 727, 728, 729, 730, 731, 732, 733, 734, 735, 736, 737, 738, 739, 740, 741, 742, 743, 744, 745, 746, 747, 748, 749, 750, 751, 752, 753, 754, 755, 756, 757, 758, 759, 760, 761, 762, 763, 764, 765, 766, 767, 768, 769, 770, 771, 772, 773, 774, 775, 776, 777, 778, 779, 780, 781, 782, 783, 784, 785, 786, 787, 788, 789, 790, 791, 792, 793]","[180, 221, 279, 280, 651, 738, 739]","[229, 336, 693, 793]","[10, 75, 103, 104, 106, 117, 118, 120, 127, 128, 129, 131, 133, 135, 136, 137, 139, 146, 147, 148, 149, 151, 158, 160, 162, 166, 173, 178, 179, 185, 190, 192, 198, 201, 203, 204, 206, 207, 212, 213, 214, 219, 223, 224, 225, 227, 230, 235, 237, 246, 247, 256, 259, 262, 263, 266, 268, 269, 271, 272, 278, 279, 284, 285, 288, 290, 292, 304, 306, 312, 316, 319, 320, 323, 324, 329, 332, 335, 495, 549, 574, 575, 577, 588, 589, 591, 598, 599, 600, 602, 604, 606, 607, 608, 610, 617, 618, 619, 620, 622, 625, 630, 632, 634, 638, 644, 649, 650, 656, 661, 663, 669, 673, 674, 676, 677, 682, 683, 684, 687, 688, 689, 691, 694, 699, 701, 710, 718, 722, 723, 727, 728, 730, 731, 737, 738, 743, 744, 747, 749, 751, 762, 764, 770, 774, 777, 778, 781, 782, 789, 791]","[146, 617]",[],5/6 successful match,False,[315],True,820,False,,,,,
"Dunnigan , 95937 United Petroleum",530-724-3378 I-5 Exit 554 ( CR 8 W ),,Dunnigan,95937,United Petroleum,530-724-3378,2006,Dunnigan,CA,,( CR 8 W ),I-5 Exit 554 ,Exit,554,False,,False,I-5,,,,,[],"[250, 713]","[250, 713]","[250, 713]","[103, 104, 105, 106, 107, 108, 109, 110, 111, 112, 113, 114, 115, 116, 117, 118, 119, 120, 121, 122, 123, 124, 125, 126, 127, 128, 129, 130, 131, 132, 133, 134, 135, 136, 137, 138, 139, 140, 141, 142, 143, 144, 145, 146, 147, 148, 149, 150, 151, 152, 153, 154, 155, 156, 157, 158, 159, 160, 161, 162, 163, 164, 165, 166, 167, 168, 169, 170, 171, 172, 173, 174, 175, 176, 177, 178, 179, 180, 181, 182, 183, 184, 185, 186, 187, 188, 189, 190, 191, 192, 193, 194, 195, 196, 197, 198, 199, 200, 201, 202, 203, 204, 205, 206, 207, 208, 209, 210, 211, 212, 213, 214, 215, 216, 217, 218, 219, 220, 221, 222, 223, 224, 225, 226, 227, 228, 229, 230, 231, 232, 233, 234, 235, 236, 237, 238, 239, 240, 241, 242, 243, 244, 245, 246, 247, 248, 249, 250, 251, 252, 253, 254, 255, 256, 257, 258, 259, 260, 261, 262, 263, 264, 265, 266, 267, 268, 269, 270, 271, 272, 273, 274, 275, 276, 277, 278, 279, 280, 281, 282, 283, 284, 285, 286, 287, 288, 289, 290, 291, 292, 293, 294, 295, 296, 297, 298, 299, 300, 301, 302, 303, 304, 305, 306, 307, 308, 309, 310, 311, 312, 313, 314, 315, 316, 317, 318, 319, 320, 321, 322, 323, 324, 325, 326, 327, 328, 329, 330, 331, 332, 333, 334, 335, 336, 337, 574, 575, 576, 577, 578, 579, 580, 581, 582, 583, 584, 585, 586, 587, 588, 589, 590, 591, 592, 593, 594, 595, 596, 597, 598, 599, 600, 601, 602, 603, 604, 605, 606, 607, 608, 609, 610, 611, 612, 613, 614, 615, 616, 617, 618, 619, 620, 621, 622, 623, 624, 625, 626, 627, 628, 629, 630, 631, 632, 633, 634, 635, 636, 637, 638, 639, 640, 641, 642, 643, 644, 645, 646, 647, 648, 649, 650, 651, 652, 653, 654, 655, 656, 657, 658, 659, 660, 661, 662, 663, 664, 665, 666, 667, 668, 669, 670, 671, 672, 673, 674, 675, 676, 677, 678, 679, 680, 681, 682, 683, 684, 685, 686, 687, 688, 689, 690, 691, 692, 693, 694, 695, 696, 697, 698, 699, 700, 701, 702, 703, 704, 705, 706, 707, 708, 709, 710, 711, 712, 713, 714, 715, 716, 717, 718, 719, 720, 721, 722, 723, 724, 725, 726, 727, 728, 729, 730, 731, 732, 733, 734, 735, 736, 737, 738, 739, 740, 741, 742, 743, 744, 745, 746, 747, 748, 749, 750, 751, 752, 753, 754, 755, 756, 757, 758, 759, 760, 761, 762, 763, 764, 765, 766, 767, 768, 769, 770, 771, 772, 773, 774, 775, 776, 777, 778, 779, 780, 781, 782, 783, 784, 785, 786, 787, 788, 789, 790, 791, 792, 793]","[105, 114, 138, 141, 152, 153, 154, 155, 157, 159, 164, 165, 176, 182, 191, 192, 194, 195, 196, 200, 204, 208, 209, 210, 211, 215, 226, 228, 241, 242, 243, 245, 248, 249, 250, 257, 261, 270, 271, 282, 287, 289, 291, 294, 296, 298, 306, 308, 309, 311, 314, 327, 333, 335, 337, 576, 585, 609, 612, 623, 624, 626, 627, 629, 631, 636, 637, 647, 653, 662, 663, 665, 666, 667, 671, 674, 678, 679, 680, 681, 690, 692, 705, 706, 707, 709, 711, 712, 713, 719, 721, 729, 730, 741, 746, 748, 750, 753, 755, 757, 764, 766, 767, 769, 772, 785, 791]",[],"[176, 177, 325, 332, 467, 483, 484, 647, 648, 783, 789, 914, 927, 934, 935]","[103, 104, 105, 106, 107, 108, 109, 110, 111, 112, 113, 114, 115, 116, 117, 118, 119, 120, 121, 122, 123, 124, 125, 126, 127, 128, 129, 130, 131, 132, 133, 134, 135, 136, 137, 138, 139, 140, 141, 142, 143, 144, 145, 146, 147, 148, 149, 150, 151, 152, 153, 154, 155, 156, 157, 158, 159, 160, 161, 162, 163, 164, 165, 166, 167, 168, 169, 170, 171, 172, 173, 174, 175, 176, 177, 178, 179, 180, 181, 182, 183, 184, 185, 186, 187, 188, 189, 190, 191, 192, 193, 194, 195, 196, 197, 198, 199, 200, 201, 202, 203, 204, 205, 206, 207, 208, 209, 210, 211, 212, 213, 214, 215, 216, 217, 218, 219, 220, 221, 222, 223, 224, 225, 226, 227, 228, 229, 230, 231, 232, 233, 234, 235, 236, 237, 238, 239, 240, 241, 242, 243, 244, 245, 246, 247, 248, 249, 250, 251, 252, 253, 254, 255, 256, 257, 258, 259, 260, 261, 262, 263, 264, 265, 266, 267, 268, 269, 270, 271, 272, 273, 274, 275, 276, 277, 278, 279, 280, 281, 282, 283, 284, 285, 286, 287, 288, 289, 290, 291, 292, 293, 294, 295, 296, 297, 298, 299, 300, 301, 302, 303, 304, 305, 306, 307, 308, 309, 310, 311, 312, 313, 314, 315, 316, 317, 318, 319, 320, 321, 322, 323, 324, 325, 326, 327, 328, 329, 330, 331, 332, 333, 334, 335, 336, 337, 467, 483, 484, 574, 575, 576, 577, 578, 579, 580, 581, 582, 583, 584, 585, 586, 587, 588, 589, 590, 591, 592, 593, 594, 595, 596, 597, 598, 599, 600, 601, 602, 603, 604, 605, 606, 607, 608, 609, 610, 611, 612, 613, 614, 615, 616, 617, 618, 619, 620, 621, 622, 623, 624, 625, 626, 627, 628, 629, 630, 631, 632, 633, 634, 635, 636, 637, 638, 639, 640, 641, 642, 643, 644, 645, 646, 647, 648, 649, 650, 651, 652, 653, 654, 655, 656, 657, 658, 659, 660, 661, 662, 663, 664, 665, 666, 667, 668, 669, 670, 671, 672, 673, 674, 675, 676, 677, 678, 679, 680, 681, 682, 683, 684, 685, 686, 687, 688, 689, 690, 691, 692, 693, 694, 695, 696, 697, 698, 699, 700, 701, 702, 703, 704, 705, 706, 707, 708, 709, 710, 711, 712, 713, 714, 715, 716, 717, 718, 719, 720, 721, 722, 723, 724, 725, 726, 727, 728, 729, 730, 731, 732, 733, 734, 735, 736, 737, 738, 739, 740, 741, 742, 743, 744, 745, 746, 747, 748, 749, 750, 751, 752, 753, 754, 755, 756, 757, 758, 759, 760, 761, 762, 763, 764, 765, 766, 767, 768, 769, 770, 771, 772, 773, 774, 775, 776, 777, 778, 779, 780, 781, 782, 783, 784, 785, 786, 787, 788, 789, 790, 791, 792, 793, 914, 927, 934, 935]",False,"[250, 713]","[103, 104, 105, 106, 107, 108, 109, 110, 111, 112, 113, 114, 115, 116, 117, 118, 119, 120, 121, 122, 123, 124, 125, 126, 127, 128, 129, 130, 131, 132, 133, 134, 135, 136, 137, 138, 139, 140, 141, 142, 143, 144, 145, 146, 147, 148, 149, 150, 151, 152, 153, 154, 155, 156, 157, 158, 159, 160, 161, 162, 163, 164, 165, 166, 167, 168, 169, 170, 171, 172, 173, 174, 175, 176, 177, 178, 179, 180, 181, 182, 183, 184, 185, 186, 187, 188, 189, 190, 191, 192, 193, 194, 195, 196, 197, 198, 199, 200, 201, 202, 203, 204, 205, 206, 207, 208, 209, 210, 211, 212, 213, 214, 215, 216, 217, 218, 219, 220, 221, 222, 223, 224, 225, 226, 227, 228, 229, 230, 231, 232, 233, 234, 235, 236, 237, 238, 239, 240, 241, 242, 243, 244, 245, 246, 247, 248, 249, 250, 251, 252, 253, 254, 255, 256, 257, 258, 259, 260, 261, 262, 263, 264, 265, 266, 267, 268, 269, 270, 271, 272, 273, 274, 275, 276, 277, 278, 279, 280, 281, 282, 283, 284, 285, 286, 287, 288, 289, 290, 291, 292, 293, 294, 295, 296, 297, 298, 299, 300, 301, 302, 303, 304, 305, 306, 307, 308, 309, 310, 311, 312, 313, 314, 315, 316, 317, 318, 319, 320, 321, 322, 323, 324, 325, 326, 327, 328, 329, 330, 331, 332, 333, 334, 335, 336, 337, 574, 575, 576, 577, 578, 579, 580, 581, 582, 583, 584, 585, 586, 587, 588, 589, 590, 591, 592, 593, 594, 595, 596, 597, 598, 599, 600, 601, 602, 603, 604, 605, 606, 607, 608, 609, 610, 611, 612, 613, 614, 615, 616, 617, 618, 619, 620, 621, 622, 623, 624, 625, 626, 627, 628, 629, 630, 631, 632, 633, 634, 635, 636, 637, 638, 639, 640, 641, 642, 643, 644, 645, 646, 647, 648, 649, 650, 651, 652, 653, 654, 655, 656, 657, 658, 659, 660, 661, 662, 663, 664, 665, 666, 667, 668, 669, 670, 671, 672, 673, 674, 675, 676, 677, 678, 679, 680, 681, 682, 683, 684, 685, 686, 687, 688, 689, 690, 691, 692, 693, 694, 695, 696, 697, 698, 699, 700, 701, 702, 703, 704, 705, 706, 707, 708, 709, 710, 711, 712, 713, 714, 715, 716, 717, 718, 719, 720, 721, 722, 723, 724, 725, 726, 727, 728, 729, 730, 731, 732, 733, 734, 735, 736, 737, 738, 739, 740, 741, 742, 743, 744, 745, 746, 747, 748, 749, 750, 751, 752, 753, 754, 755, 756, 757, 758, 759, 760, 761, 762, 763, 764, 765, 766, 767, 768, 769, 770, 771, 772, 773, 774, 775, 776, 777, 778, 779, 780, 781, 782, 783, 784, 785, 786, 787, 788, 789, 790, 791, 792, 793]","[250, 713]","[250, 713]","[105, 114, 138, 141, 152, 153, 154, 155, 157, 159, 164, 165, 176, 182, 191, 192, 194, 195, 196, 200, 204, 208, 209, 210, 211, 215, 226, 228, 241, 242, 243, 245, 248, 249, 250, 257, 261, 270, 271, 282, 287, 289, 291, 294, 296, 298, 306, 308, 309, 311, 314, 327, 333, 335, 337, 576, 585, 609, 612, 623, 624, 626, 627, 629, 631, 636, 637, 647, 653, 662, 663, 665, 666, 667, 671, 674, 678, 679, 680, 681, 690, 692, 705, 706, 707, 709, 711, 712, 713, 719, 721, 729, 730, 741, 746, 748, 750, 753, 755, 757, 764, 766, 767, 769, 772, 785, 791]","[176, 177, 325, 332, 467, 483, 484, 647, 648, 783, 789, 914, 927, 934, 935]",[],5/6 successful match,False,,False,821,False,,,,,
"Dunnigan , 95937 United Petroleum",530-724-3378 I-5 Exit 554 ( CR 8 W ),24 +8 M 2400,Dunnigan,95937,United Petroleum,530-724-3378,2007,Dunnigan,CA,,( CR 8 W ),I-5 Exit 554 ,Exit,554,False,,False,I-5,,,,,[],"[250, 713]","[250, 713]","[250, 713]","[103, 104, 105, 106, 107, 108, 109, 110, 111, 112, 113, 114, 115, 116, 117, 118, 119, 120, 121, 122, 123, 124, 125, 126, 127, 128, 129, 130, 131, 132, 133, 134, 135, 136, 137, 138, 139, 140, 141, 142, 143, 144, 145, 146, 147, 148, 149, 150, 151, 152, 153, 154, 155, 156, 157, 158, 159, 160, 161, 162, 163, 164, 165, 166, 167, 168, 169, 170, 171, 172, 173, 174, 175, 176, 177, 178, 179, 180, 181, 182, 183, 184, 185, 186, 187, 188, 189, 190, 191, 192, 193, 194, 195, 196, 197, 198, 199, 200, 201, 202, 203, 204, 205, 206, 207, 208, 209, 210, 211, 212, 213, 214, 215, 216, 217, 218, 219, 220, 221, 222, 223, 224, 225, 226, 227, 228, 229, 230, 231, 232, 233, 234, 235, 236, 237, 238, 239, 240, 241, 242, 243, 244, 245, 246, 247, 248, 249, 250, 251, 252, 253, 254, 255, 256, 257, 258, 259, 260, 261, 262, 263, 264, 265, 266, 267, 268, 269, 270, 271, 272, 273, 274, 275, 276, 277, 278, 279, 280, 281, 282, 283, 284, 285, 286, 287, 288, 289, 290, 291, 292, 293, 294, 295, 296, 297, 298, 299, 300, 301, 302, 303, 304, 305, 306, 307, 308, 309, 310, 311, 312, 313, 314, 315, 316, 317, 318, 319, 320, 321, 322, 323, 324, 325, 326, 327, 328, 329, 330, 331, 332, 333, 334, 335, 336, 337, 574, 575, 576, 577, 578, 579, 580, 581, 582, 583, 584, 585, 586, 587, 588, 589, 590, 591, 592, 593, 594, 595, 596, 597, 598, 599, 600, 601, 602, 603, 604, 605, 606, 607, 608, 609, 610, 611, 612, 613, 614, 615, 616, 617, 618, 619, 620, 621, 622, 623, 624, 625, 626, 627, 628, 629, 630, 631, 632, 633, 634, 635, 636, 637, 638, 639, 640, 641, 642, 643, 644, 645, 646, 647, 648, 649, 650, 651, 652, 653, 654, 655, 656, 657, 658, 659, 660, 661, 662, 663, 664, 665, 666, 667, 668, 669, 670, 671, 672, 673, 674, 675, 676, 677, 678, 679, 680, 681, 682, 683, 684, 685, 686, 687, 688, 689, 690, 691, 692, 693, 694, 695, 696, 697, 698, 699, 700, 701, 702, 703, 704, 705, 706, 707, 708, 709, 710, 711, 712, 713, 714, 715, 716, 717, 718, 719, 720, 721, 722, 723, 724, 725, 726, 727, 728, 729, 730, 731, 732, 733, 734, 735, 736, 737, 738, 739, 740, 741, 742, 743, 744, 745, 746, 747, 748, 749, 750, 751, 752, 753, 754, 755, 756, 757, 758, 759, 760, 761, 762, 763, 764, 765, 766, 767, 768, 769, 770, 771, 772, 773, 774, 775, 776, 777, 778, 779, 780, 781, 782, 783, 784, 785, 786, 787, 788, 789, 790, 791, 792, 793]","[105, 114, 138, 141, 152, 153, 154, 155, 157, 159, 164, 165, 176, 182, 191, 192, 194, 195, 196, 200, 204, 208, 209, 210, 211, 215, 226, 228, 241, 242, 243, 245, 248, 249, 250, 257, 261, 270, 271, 282, 287, 289, 291, 294, 296, 298, 306, 308, 309, 311, 314, 327, 333, 335, 337, 576, 585, 609, 612, 623, 624, 626, 627, 629, 631, 636, 637, 647, 653, 662, 663, 665, 666, 667, 671, 674, 678, 679, 680, 681, 690, 692, 705, 706, 707, 709, 711, 712, 713, 719, 721, 729, 730, 741, 746, 748, 750, 753, 755, 757, 764, 766, 767, 769, 772, 785, 791]",[],"[176, 177, 325, 332, 467, 483, 484, 647, 648, 783, 789, 914, 927, 934, 935]","[103, 104, 105, 106, 107, 108, 109, 110, 111, 112, 113, 114, 115, 116, 117, 118, 119, 120, 121, 122, 123, 124, 125, 126, 127, 128, 129, 130, 131, 132, 133, 134, 135, 136, 137, 138, 139, 140, 141, 142, 143, 144, 145, 146, 147, 148, 149, 150, 151, 152, 153, 154, 155, 156, 157, 158, 159, 160, 161, 162, 163, 164, 165, 166, 167, 168, 169, 170, 171, 172, 173, 174, 175, 176, 177, 178, 179, 180, 181, 182, 183, 184, 185, 186, 187, 188, 189, 190, 191, 192, 193, 194, 195, 196, 197, 198, 199, 200, 201, 202, 203, 204, 205, 206, 207, 208, 209, 210, 211, 212, 213, 214, 215, 216, 217, 218, 219, 220, 221, 222, 223, 224, 225, 226, 227, 228, 229, 230, 231, 232, 233, 234, 235, 236, 237, 238, 239, 240, 241, 242, 243, 244, 245, 246, 247, 248, 249, 250, 251, 252, 253, 254, 255, 256, 257, 258, 259, 260, 261, 262, 263, 264, 265, 266, 267, 268, 269, 270, 271, 272, 273, 274, 275, 276, 277, 278, 279, 280, 281, 282, 283, 284, 285, 286, 287, 288, 289, 290, 291, 292, 293, 294, 295, 296, 297, 298, 299, 300, 301, 302, 303, 304, 305, 306, 307, 308, 309, 310, 311, 312, 313, 314, 315, 316, 317, 318, 319, 320, 321, 322, 323, 324, 325, 326, 327, 328, 329, 330, 331, 332, 333, 334, 335, 336, 337, 467, 483, 484, 574, 575, 576, 577, 578, 579, 580, 581, 582, 583, 584, 585, 586, 587, 588, 589, 590, 591, 592, 593, 594, 595, 596, 597, 598, 599, 600, 601, 602, 603, 604, 605, 606, 607, 608, 609, 610, 611, 612, 613, 614, 615, 616, 617, 618, 619, 620, 621, 622, 623, 624, 625, 626, 627, 628, 629, 630, 631, 632, 633, 634, 635, 636, 637, 638, 639, 640, 641, 642, 643, 644, 645, 646, 647, 648, 649, 650, 651, 652, 653, 654, 655, 656, 657, 658, 659, 660, 661, 662, 663, 664, 665, 666, 667, 668, 669, 670, 671, 672, 673, 674, 675, 676, 677, 678, 679, 680, 681, 682, 683, 684, 685, 686, 687, 688, 689, 690, 691, 692, 693, 694, 695, 696, 697, 698, 699, 700, 701, 702, 703, 704, 705, 706, 707, 708, 709, 710, 711, 712, 713, 714, 715, 716, 717, 718, 719, 720, 721, 722, 723, 724, 725, 726, 727, 728, 729, 730, 731, 732, 733, 734, 735, 736, 737, 738, 739, 740, 741, 742, 743, 744, 745, 746, 747, 748, 749, 750, 751, 752, 753, 754, 755, 756, 757, 758, 759, 760, 761, 762, 763, 764, 765, 766, 767, 768, 769, 770, 771, 772, 773, 774, 775, 776, 777, 778, 779, 780, 781, 782, 783, 784, 785, 786, 787, 788, 789, 790, 791, 792, 793, 914, 927, 934, 935]",False,"[250, 713]","[103, 104, 105, 106, 107, 108, 109, 110, 111, 112, 113, 114, 115, 116, 117, 118, 119, 120, 121, 122, 123, 124, 125, 126, 127, 128, 129, 130, 131, 132, 133, 134, 135, 136, 137, 138, 139, 140, 141, 142, 143, 144, 145, 146, 147, 148, 149, 150, 151, 152, 153, 154, 155, 156, 157, 158, 159, 160, 161, 162, 163, 164, 165, 166, 167, 168, 169, 170, 171, 172, 173, 174, 175, 176, 177, 178, 179, 180, 181, 182, 183, 184, 185, 186, 187, 188, 189, 190, 191, 192, 193, 194, 195, 196, 197, 198, 199, 200, 201, 202, 203, 204, 205, 206, 207, 208, 209, 210, 211, 212, 213, 214, 215, 216, 217, 218, 219, 220, 221, 222, 223, 224, 225, 226, 227, 228, 229, 230, 231, 232, 233, 234, 235, 236, 237, 238, 239, 240, 241, 242, 243, 244, 245, 246, 247, 248, 249, 250, 251, 252, 253, 254, 255, 256, 257, 258, 259, 260, 261, 262, 263, 264, 265, 266, 267, 268, 269, 270, 271, 272, 273, 274, 275, 276, 277, 278, 279, 280, 281, 282, 283, 284, 285, 286, 287, 288, 289, 290, 291, 292, 293, 294, 295, 296, 297, 298, 299, 300, 301, 302, 303, 304, 305, 306, 307, 308, 309, 310, 311, 312, 313, 314, 315, 316, 317, 318, 319, 320, 321, 322, 323, 324, 325, 326, 327, 328, 329, 330, 331, 332, 333, 334, 335, 336, 337, 574, 575, 576, 577, 578, 579, 580, 581, 582, 583, 584, 585, 586, 587, 588, 589, 590, 591, 592, 593, 594, 595, 596, 597, 598, 599, 600, 601, 602, 603, 604, 605, 606, 607, 608, 609, 610, 611, 612, 613, 614, 615, 616, 617, 618, 619, 620, 621, 622, 623, 624, 625, 626, 627, 628, 629, 630, 631, 632, 633, 634, 635, 636, 637, 638, 639, 640, 641, 642, 643, 644, 645, 646, 647, 648, 649, 650, 651, 652, 653, 654, 655, 656, 657, 658, 659, 660, 661, 662, 663, 664, 665, 666, 667, 668, 669, 670, 671, 672, 673, 674, 675, 676, 677, 678, 679, 680, 681, 682, 683, 684, 685, 686, 687, 688, 689, 690, 691, 692, 693, 694, 695, 696, 697, 698, 699, 700, 701, 702, 703, 704, 705, 706, 707, 708, 709, 710, 711, 712, 713, 714, 715, 716, 717, 718, 719, 720, 721, 722, 723, 724, 725, 726, 727, 728, 729, 730, 731, 732, 733, 734, 735, 736, 737, 738, 739, 740, 741, 742, 743, 744, 745, 746, 747, 748, 749, 750, 751, 752, 753, 754, 755, 756, 757, 758, 759, 760, 761, 762, 763, 764, 765, 766, 767, 768, 769, 770, 771, 772, 773, 774, 775, 776, 777, 778, 779, 780, 781, 782, 783, 784, 785, 786, 787, 788, 789, 790, 791, 792, 793]","[250, 713]","[250, 713]","[105, 114, 138, 141, 152, 153, 154, 155, 157, 159, 164, 165, 176, 182, 191, 192, 194, 195, 196, 200, 204, 208, 209, 210, 211, 215, 226, 228, 241, 242, 243, 245, 248, 249, 250, 257, 261, 270, 271, 282, 287, 289, 291, 294, 296, 298, 306, 308, 309, 311, 314, 327, 333, 335, 337, 576, 585, 609, 612, 623, 624, 626, 627, 629, 631, 636, 637, 647, 653, 662, 663, 665, 666, 667, 671, 674, 678, 679, 680, 681, 690, 692, 705, 706, 707, 709, 711, 712, 713, 719, 721, 729, 730, 741, 746, 748, 750, 753, 755, 757, 764, 766, 767, 769, 772, 785, 791]","[176, 177, 325, 332, 467, 483, 484, 647, 648, 783, 789, 914, 927, 934, 935]",[],5/6 successful match,False,,False,821,False,,1.0,True,United Petroleum,
D Dunnigan ( 95937 ) United Petroleum,2 530-724-3477 I-5 Exit 554 ( CR 8 W ),24 M,Dunnigan,95937,United Petroleum,530-724-3477,2014,Dunnigan,CA,,( CR 8 W ),I-5 Exit 554 ,Exit,554,False,,False,I-5,,,,,[],"[250, 713]","[250, 713]","[250, 713]","[103, 104, 105, 106, 107, 108, 109, 110, 111, 112, 113, 114, 115, 116, 117, 118, 119, 120, 121, 122, 123, 124, 125, 126, 127, 128, 129, 130, 131, 132, 133, 134, 135, 136, 137, 138, 139, 140, 141, 142, 143, 144, 145, 146, 147, 148, 149, 150, 151, 152, 153, 154, 155, 156, 157, 158, 159, 160, 161, 162, 163, 164, 165, 166, 167, 168, 169, 170, 171, 172, 173, 174, 175, 176, 177, 178, 179, 180, 181, 182, 183, 184, 185, 186, 187, 188, 189, 190, 191, 192, 193, 194, 195, 196, 197, 198, 199, 200, 201, 202, 203, 204, 205, 206, 207, 208, 209, 210, 211, 212, 213, 214, 215, 216, 217, 218, 219, 220, 221, 222, 223, 224, 225, 226, 227, 228, 229, 230, 231, 232, 233, 234, 235, 236, 237, 238, 239, 240, 241, 242, 243, 244, 245, 246, 247, 248, 249, 250, 251, 252, 253, 254, 255, 256, 257, 258, 259, 260, 261, 262, 263, 264, 265, 266, 267, 268, 269, 270, 271, 272, 273, 274, 275, 276, 277, 278, 279, 280, 281, 282, 283, 284, 285, 286, 287, 288, 289, 290, 291, 292, 293, 294, 295, 296, 297, 298, 299, 300, 301, 302, 303, 304, 305, 306, 307, 308, 309, 310, 311, 312, 313, 314, 315, 316, 317, 318, 319, 320, 321, 322, 323, 324, 325, 326, 327, 328, 329, 330, 331, 332, 333, 334, 335, 336, 337, 574, 575, 576, 577, 578, 579, 580, 581, 582, 583, 584, 585, 586, 587, 588, 589, 590, 591, 592, 593, 594, 595, 596, 597, 598, 599, 600, 601, 602, 603, 604, 605, 606, 607, 608, 609, 610, 611, 612, 613, 614, 615, 616, 617, 618, 619, 620, 621, 622, 623, 624, 625, 626, 627, 628, 629, 630, 631, 632, 633, 634, 635, 636, 637, 638, 639, 640, 641, 642, 643, 644, 645, 646, 647, 648, 649, 650, 651, 652, 653, 654, 655, 656, 657, 658, 659, 660, 661, 662, 663, 664, 665, 666, 667, 668, 669, 670, 671, 672, 673, 674, 675, 676, 677, 678, 679, 680, 681, 682, 683, 684, 685, 686, 687, 688, 689, 690, 691, 692, 693, 694, 695, 696, 697, 698, 699, 700, 701, 702, 703, 704, 705, 706, 707, 708, 709, 710, 711, 712, 713, 714, 715, 716, 717, 718, 719, 720, 721, 722, 723, 724, 725, 726, 727, 728, 729, 730, 731, 732, 733, 734, 735, 736, 737, 738, 739, 740, 741, 742, 743, 744, 745, 746, 747, 748, 749, 750, 751, 752, 753, 754, 755, 756, 757, 758, 759, 760, 761, 762, 763, 764, 765, 766, 767, 768, 769, 770, 771, 772, 773, 774, 775, 776, 777, 778, 779, 780, 781, 782, 783, 784, 785, 786, 787, 788, 789, 790, 791, 792, 793]","[105, 114, 138, 141, 152, 153, 154, 155, 157, 159, 164, 165, 176, 182, 191, 192, 194, 195, 196, 200, 204, 208, 209, 210, 211, 215, 226, 228, 241, 242, 243, 245, 248, 249, 250, 257, 261, 270, 271, 282, 287, 289, 291, 294, 296, 298, 306, 308, 309, 311, 314, 327, 333, 335, 337, 576, 585, 609, 612, 623, 624, 626, 627, 629, 631, 636, 637, 647, 653, 662, 663, 665, 666, 667, 671, 674, 678, 679, 680, 681, 690, 692, 705, 706, 707, 709, 711, 712, 713, 719, 721, 729, 730, 741, 746, 748, 750, 753, 755, 757, 764, 766, 767, 769, 772, 785, 791]",[],"[176, 177, 325, 332, 467, 483, 484, 647, 648, 783, 789, 914, 927, 934, 935]","[103, 104, 105, 106, 107, 108, 109, 110, 111, 112, 113, 114, 115, 116, 117, 118, 119, 120, 121, 122, 123, 124, 125, 126, 127, 128, 129, 130, 131, 132, 133, 134, 135, 136, 137, 138, 139, 140, 141, 142, 143, 144, 145, 146, 147, 148, 149, 150, 151, 152, 153, 154, 155, 156, 157, 158, 159, 160, 161, 162, 163, 164, 165, 166, 167, 168, 169, 170, 171, 172, 173, 174, 175, 176, 177, 178, 179, 180, 181, 182, 183, 184, 185, 186, 187, 188, 189, 190, 191, 192, 193, 194, 195, 196, 197, 198, 199, 200, 201, 202, 203, 204, 205, 206, 207, 208, 209, 210, 211, 212, 213, 214, 215, 216, 217, 218, 219, 220, 221, 222, 223, 224, 225, 226, 227, 228, 229, 230, 231, 232, 233, 234, 235, 236, 237, 238, 239, 240, 241, 242, 243, 244, 245, 246, 247, 248, 249, 250, 251, 252, 253, 254, 255, 256, 257, 258, 259, 260, 261, 262, 263, 264, 265, 266, 267, 268, 269, 270, 271, 272, 273, 274, 275, 276, 277, 278, 279, 280, 281, 282, 283, 284, 285, 286, 287, 288, 289, 290, 291, 292, 293, 294, 295, 296, 297, 298, 299, 300, 301, 302, 303, 304, 305, 306, 307, 308, 309, 310, 311, 312, 313, 314, 315, 316, 317, 318, 319, 320, 321, 322, 323, 324, 325, 326, 327, 328, 329, 330, 331, 332, 333, 334, 335, 336, 337, 467, 483, 484, 574, 575, 576, 577, 578, 579, 580, 581, 582, 583, 584, 585, 586, 587, 588, 589, 590, 591, 592, 593, 594, 595, 596, 597, 598, 599, 600, 601, 602, 603, 604, 605, 606, 607, 608, 609, 610, 611, 612, 613, 614, 615, 616, 617, 618, 619, 620, 621, 622, 623, 624, 625, 626, 627, 628, 629, 630, 631, 632, 633, 634, 635, 636, 637, 638, 639, 640, 641, 642, 643, 644, 645, 646, 647, 648, 649, 650, 651, 652, 653, 654, 655, 656, 657, 658, 659, 660, 661, 662, 663, 664, 665, 666, 667, 668, 669, 670, 671, 672, 673, 674, 675, 676, 677, 678, 679, 680, 681, 682, 683, 684, 685, 686, 687, 688, 689, 690, 691, 692, 693, 694, 695, 696, 697, 698, 699, 700, 701, 702, 703, 704, 705, 706, 707, 708, 709, 710, 711, 712, 713, 714, 715, 716, 717, 718, 719, 720, 721, 722, 723, 724, 725, 726, 727, 728, 729, 730, 731, 732, 733, 734, 735, 736, 737, 738, 739, 740, 741, 742, 743, 744, 745, 746, 747, 748, 749, 750, 751, 752, 753, 754, 755, 756, 757, 758, 759, 760, 761, 762, 763, 764, 765, 766, 767, 768, 769, 770, 771, 772, 773, 774, 775, 776, 777, 778, 779, 780, 781, 782, 783, 784, 785, 786, 787, 788, 789, 790, 791, 792, 793, 914, 927, 934, 935]",False,"[250, 713]","[103, 104, 105, 106, 107, 108, 109, 110, 111, 112, 113, 114, 115, 116, 117, 118, 119, 120, 121, 122, 123, 124, 125, 126, 127, 128, 129, 130, 131, 132, 133, 134, 135, 136, 137, 138, 139, 140, 141, 142, 143, 144, 145, 146, 147, 148, 149, 150, 151, 152, 153, 154, 155, 156, 157, 158, 159, 160, 161, 162, 163, 164, 165, 166, 167, 168, 169, 170, 171, 172, 173, 174, 175, 176, 177, 178, 179, 180, 181, 182, 183, 184, 185, 186, 187, 188, 189, 190, 191, 192, 193, 194, 195, 196, 197, 198, 199, 200, 201, 202, 203, 204, 205, 206, 207, 208, 209, 210, 211, 212, 213, 214, 215, 216, 217, 218, 219, 220, 221, 222, 223, 224, 225, 226, 227, 228, 229, 230, 231, 232, 233, 234, 235, 236, 237, 238, 239, 240, 241, 242, 243, 244, 245, 246, 247, 248, 249, 250, 251, 252, 253, 254, 255, 256, 257, 258, 259, 260, 261, 262, 263, 264, 265, 266, 267, 268, 269, 270, 271, 272, 273, 274, 275, 276, 277, 278, 279, 280, 281, 282, 283, 284, 285, 286, 287, 288, 289, 290, 291, 292, 293, 294, 295, 296, 297, 298, 299, 300, 301, 302, 303, 304, 305, 306, 307, 308, 309, 310, 311, 312, 313, 314, 315, 316, 317, 318, 319, 320, 321, 322, 323, 324, 325, 326, 327, 328, 329, 330, 331, 332, 333, 334, 335, 336, 337, 574, 575, 576, 577, 578, 579, 580, 581, 582, 583, 584, 585, 586, 587, 588, 589, 590, 591, 592, 593, 594, 595, 596, 597, 598, 599, 600, 601, 602, 603, 604, 605, 606, 607, 608, 609, 610, 611, 612, 613, 614, 615, 616, 617, 618, 619, 620, 621, 622, 623, 624, 625, 626, 627, 628, 629, 630, 631, 632, 633, 634, 635, 636, 637, 638, 639, 640, 641, 642, 643, 644, 645, 646, 647, 648, 649, 650, 651, 652, 653, 654, 655, 656, 657, 658, 659, 660, 661, 662, 663, 664, 665, 666, 667, 668, 669, 670, 671, 672, 673, 674, 675, 676, 677, 678, 679, 680, 681, 682, 683, 684, 685, 686, 687, 688, 689, 690, 691, 692, 693, 694, 695, 696, 697, 698, 699, 700, 701, 702, 703, 704, 705, 706, 707, 708, 709, 710, 711, 712, 713, 714, 715, 716, 717, 718, 719, 720, 721, 722, 723, 724, 725, 726, 727, 728, 729, 730, 731, 732, 733, 734, 735, 736, 737, 738, 739, 740, 741, 742, 743, 744, 745, 746, 747, 748, 749, 750, 751, 752, 753, 754, 755, 756, 757, 758, 759, 760, 761, 762, 763, 764, 765, 766, 767, 768, 769, 770, 771, 772, 773, 774, 775, 776, 777, 778, 779, 780, 781, 782, 783, 784, 785, 786, 787, 788, 789, 790, 791, 792, 793]","[250, 713]","[250, 713]","[105, 114, 138, 141, 152, 153, 154, 155, 157, 159, 164, 165, 176, 182, 191, 192, 194, 195, 196, 200, 204, 208, 209, 210, 211, 215, 226, 228, 241, 242, 243, 245, 248, 249, 250, 257, 261, 270, 271, 282, 287, 289, 291, 294, 296, 298, 306, 308, 309, 311, 314, 327, 333, 335, 337, 576, 585, 609, 612, 623, 624, 626, 627, 629, 631, 636, 637, 647, 653, 662, 663, 665, 666, 667, 671, 674, 678, 679, 680, 681, 690, 692, 705, 706, 707, 709, 711, 712, 713, 719, 721, 729, 730, 741, 746, 748, 750, 753, 755, 757, 764, 766, 767, 769, 772, 785, 791]","[176, 177, 325, 332, 467, 483, 484, 647, 648, 783, 789, 914, 927, 934, 935]",[],5/6 successful match,False,[656],True,822,False,,,,,
D Dunnigan ( 95937 ) United Petroleum,2 530-724-3477 I-5 Exit 554 ( CR 8 W ),24 M,Dunnigan,95937,United Petroleum,530-724-3477,2015,Dunnigan,CA,,( CR 8 W ),I-5 Exit 554 ,Exit,554,False,,False,I-5,,,,,[],"[250, 713]","[250, 713]","[250, 713]","[103, 104, 105, 106, 107, 108, 109, 110, 111, 112, 113, 114, 115, 116, 117, 118, 119, 120, 121, 122, 123, 124, 125, 126, 127, 128, 129, 130, 131, 132, 133, 134, 135, 136, 137, 138, 139, 140, 141, 142, 143, 144, 145, 146, 147, 148, 149, 150, 151, 152, 153, 154, 155, 156, 157, 158, 159, 160, 161, 162, 163, 164, 165, 166, 167, 168, 169, 170, 171, 172, 173, 174, 175, 176, 177, 178, 179, 180, 181, 182, 183, 184, 185, 186, 187, 188, 189, 190, 191, 192, 193, 194, 195, 196, 197, 198, 199, 200, 201, 202, 203, 204, 205, 206, 207, 208, 209, 210, 211, 212, 213, 214, 215, 216, 217, 218, 219, 220, 221, 222, 223, 224, 225, 226, 227, 228, 229, 230, 231, 232, 233, 234, 235, 236, 237, 238, 239, 240, 241, 242, 243, 244, 245, 246, 247, 248, 249, 250, 251, 252, 253, 254, 255, 256, 257, 258, 259, 260, 261, 262, 263, 264, 265, 266, 267, 268, 269, 270, 271, 272, 273, 274, 275, 276, 277, 278, 279, 280, 281, 282, 283, 284, 285, 286, 287, 288, 289, 290, 291, 292, 293, 294, 295, 296, 297, 298, 299, 300, 301, 302, 303, 304, 305, 306, 307, 308, 309, 310, 311, 312, 313, 314, 315, 316, 317, 318, 319, 320, 321, 322, 323, 324, 325, 326, 327, 328, 329, 330, 331, 332, 333, 334, 335, 336, 337, 574, 575, 576, 577, 578, 579, 580, 581, 582, 583, 584, 585, 586, 587, 588, 589, 590, 591, 592, 593, 594, 595, 596, 597, 598, 599, 600, 601, 602, 603, 604, 605, 606, 607, 608, 609, 610, 611, 612, 613, 614, 615, 616, 617, 618, 619, 620, 621, 622, 623, 624, 625, 626, 627, 628, 629, 630, 631, 632, 633, 634, 635, 636, 637, 638, 639, 640, 641, 642, 643, 644, 645, 646, 647, 648, 649, 650, 651, 652, 653, 654, 655, 656, 657, 658, 659, 660, 661, 662, 663, 664, 665, 666, 667, 668, 669, 670, 671, 672, 673, 674, 675, 676, 677, 678, 679, 680, 681, 682, 683, 684, 685, 686, 687, 688, 689, 690, 691, 692, 693, 694, 695, 696, 697, 698, 699, 700, 701, 702, 703, 704, 705, 706, 707, 708, 709, 710, 711, 712, 713, 714, 715, 716, 717, 718, 719, 720, 721, 722, 723, 724, 725, 726, 727, 728, 729, 730, 731, 732, 733, 734, 735, 736, 737, 738, 739, 740, 741, 742, 743, 744, 745, 746, 747, 748, 749, 750, 751, 752, 753, 754, 755, 756, 757, 758, 759, 760, 761, 762, 763, 764, 765, 766, 767, 768, 769, 770, 771, 772, 773, 774, 775, 776, 777, 778, 779, 780, 781, 782, 783, 784, 785, 786, 787, 788, 789, 790, 791, 792, 793]","[105, 114, 138, 141, 152, 153, 154, 155, 157, 159, 164, 165, 176, 182, 191, 192, 194, 195, 196, 200, 204, 208, 209, 210, 211, 215, 226, 228, 241, 242, 243, 245, 248, 249, 250, 257, 261, 270, 271, 282, 287, 289, 291, 294, 296, 298, 306, 308, 309, 311, 314, 327, 333, 335, 337, 576, 585, 609, 612, 623, 624, 626, 627, 629, 631, 636, 637, 647, 653, 662, 663, 665, 666, 667, 671, 674, 678, 679, 680, 681, 690, 692, 705, 706, 707, 709, 711, 712, 713, 719, 721, 729, 730, 741, 746, 748, 750, 753, 755, 757, 764, 766, 767, 769, 772, 785, 791]",[],"[176, 177, 325, 332, 467, 483, 484, 647, 648, 783, 789, 914, 927, 934, 935]","[103, 104, 105, 106, 107, 108, 109, 110, 111, 112, 113, 114, 115, 116, 117, 118, 119, 120, 121, 122, 123, 124, 125, 126, 127, 128, 129, 130, 131, 132, 133, 134, 135, 136, 137, 138, 139, 140, 141, 142, 143, 144, 145, 146, 147, 148, 149, 150, 151, 152, 153, 154, 155, 156, 157, 158, 159, 160, 161, 162, 163, 164, 165, 166, 167, 168, 169, 170, 171, 172, 173, 174, 175, 176, 177, 178, 179, 180, 181, 182, 183, 184, 185, 186, 187, 188, 189, 190, 191, 192, 193, 194, 195, 196, 197, 198, 199, 200, 201, 202, 203, 204, 205, 206, 207, 208, 209, 210, 211, 212, 213, 214, 215, 216, 217, 218, 219, 220, 221, 222, 223, 224, 225, 226, 227, 228, 229, 230, 231, 232, 233, 234, 235, 236, 237, 238, 239, 240, 241, 242, 243, 244, 245, 246, 247, 248, 249, 250, 251, 252, 253, 254, 255, 256, 257, 258, 259, 260, 261, 262, 263, 264, 265, 266, 267, 268, 269, 270, 271, 272, 273, 274, 275, 276, 277, 278, 279, 280, 281, 282, 283, 284, 285, 286, 287, 288, 289, 290, 291, 292, 293, 294, 295, 296, 297, 298, 299, 300, 301, 302, 303, 304, 305, 306, 307, 308, 309, 310, 311, 312, 313, 314, 315, 316, 317, 318, 319, 320, 321, 322, 323, 324, 325, 326, 327, 328, 329, 330, 331, 332, 333, 334, 335, 336, 337, 467, 483, 484, 574, 575, 576, 577, 578, 579, 580, 581, 582, 583, 584, 585, 586, 587, 588, 589, 590, 591, 592, 593, 594, 595, 596, 597, 598, 599, 600, 601, 602, 603, 604, 605, 606, 607, 608, 609, 610, 611, 612, 613, 614, 615, 616, 617, 618, 619, 620, 621, 622, 623, 624, 625, 626, 627, 628, 629, 630, 631, 632, 633, 634, 635, 636, 637, 638, 639, 640, 641, 642, 643, 644, 645, 646, 647, 648, 649, 650, 651, 652, 653, 654, 655, 656, 657, 658, 659, 660, 661, 662, 663, 664, 665, 666, 667, 668, 669, 670, 671, 672, 673, 674, 675, 676, 677, 678, 679, 680, 681, 682, 683, 684, 685, 686, 687, 688, 689, 690, 691, 692, 693, 694, 695, 696, 697, 698, 699, 700, 701, 702, 703, 704, 705, 706, 707, 708, 709, 710, 711, 712, 713, 714, 715, 716, 717, 718, 719, 720, 721, 722, 723, 724, 725, 726, 727, 728, 729, 730, 731, 732, 733, 734, 735, 736, 737, 738, 739, 740, 741, 742, 743, 744, 745, 746, 747, 748, 749, 750, 751, 752, 753, 754, 755, 756, 757, 758, 759, 760, 761, 762, 763, 764, 765, 766, 767, 768, 769, 770, 771, 772, 773, 774, 775, 776, 777, 778, 779, 780, 781, 782, 783, 784, 785, 786, 787, 788, 789, 790, 791, 792, 793, 914, 927, 934, 935]",False,"[250, 713]","[103, 104, 105, 106, 107, 108, 109, 110, 111, 112, 113, 114, 115, 116, 117, 118, 119, 120, 121, 122, 123, 124, 125, 126, 127, 128, 129, 130, 131, 132, 133, 134, 135, 136, 137, 138, 139, 140, 141, 142, 143, 144, 145, 146, 147, 148, 149, 150, 151, 152, 153, 154, 155, 156, 157, 158, 159, 160, 161, 162, 163, 164, 165, 166, 167, 168, 169, 170, 171, 172, 173, 174, 175, 176, 177, 178, 179, 180, 181, 182, 183, 184, 185, 186, 187, 188, 189, 190, 191, 192, 193, 194, 195, 196, 197, 198, 199, 200, 201, 202, 203, 204, 205, 206, 207, 208, 209, 210, 211, 212, 213, 214, 215, 216, 217, 218, 219, 220, 221, 222, 223, 224, 225, 226, 227, 228, 229, 230, 231, 232, 233, 234, 235, 236, 237, 238, 239, 240, 241, 242, 243, 244, 245, 246, 247, 248, 249, 250, 251, 252, 253, 254, 255, 256, 257, 258, 259, 260, 261, 262, 263, 264, 265, 266, 267, 268, 269, 270, 271, 272, 273, 274, 275, 276, 277, 278, 279, 280, 281, 282, 283, 284, 285, 286, 287, 288, 289, 290, 291, 292, 293, 294, 295, 296, 297, 298, 299, 300, 301, 302, 303, 304, 305, 306, 307, 308, 309, 310, 311, 312, 313, 314, 315, 316, 317, 318, 319, 320, 321, 322, 323, 324, 325, 326, 327, 328, 329, 330, 331, 332, 333, 334, 335, 336, 337, 574, 575, 576, 577, 578, 579, 580, 581, 582, 583, 584, 585, 586, 587, 588, 589, 590, 591, 592, 593, 594, 595, 596, 597, 598, 599, 600, 601, 602, 603, 604, 605, 606, 607, 608, 609, 610, 611, 612, 613, 614, 615, 616, 617, 618, 619, 620, 621, 622, 623, 624, 625, 626, 627, 628, 629, 630, 631, 632, 633, 634, 635, 636, 637, 638, 639, 640, 641, 642, 643, 644, 645, 646, 647, 648, 649, 650, 651, 652, 653, 654, 655, 656, 657, 658, 659, 660, 661, 662, 663, 664, 665, 666, 667, 668, 669, 670, 671, 672, 673, 674, 675, 676, 677, 678, 679, 680, 681, 682, 683, 684, 685, 686, 687, 688, 689, 690, 691, 692, 693, 694, 695, 696, 697, 698, 699, 700, 701, 702, 703, 704, 705, 706, 707, 708, 709, 710, 711, 712, 713, 714, 715, 716, 717, 718, 719, 720, 721, 722, 723, 724, 725, 726, 727, 728, 729, 730, 731, 732, 733, 734, 735, 736, 737, 738, 739, 740, 741, 742, 743, 744, 745, 746, 747, 748, 749, 750, 751, 752, 753, 754, 755, 756, 757, 758, 759, 760, 761, 762, 763, 764, 765, 766, 767, 768, 769, 770, 771, 772, 773, 774, 775, 776, 777, 778, 779, 780, 781, 782, 783, 784, 785, 786, 787, 788, 789, 790, 791, 792, 793]","[250, 713]","[250, 713]","[105, 114, 138, 141, 152, 153, 154, 155, 157, 159, 164, 165, 176, 182, 191, 192, 194, 195, 196, 200, 204, 208, 209, 210, 211, 215, 226, 228, 241, 242, 243, 245, 248, 249, 250, 257, 261, 270, 271, 282, 287, 289, 291, 294, 296, 298, 306, 308, 309, 311, 314, 327, 333, 335, 337, 576, 585, 609, 612, 623, 624, 626, 627, 629, 631, 636, 637, 647, 653, 662, 663, 665, 666, 667, 671, 674, 678, 679, 680, 681, 690, 692, 705, 706, 707, 709, 711, 712, 713, 719, 721, 729, 730, 741, 746, 748, 750, 753, 755, 757, 764, 766, 767, 769, 772, 785, 791]","[176, 177, 325, 332, 467, 483, 484, 647, 648, 783, 789, 914, 927, 934, 935]",[],5/6 successful match,False,[656],True,822,False,,1.0,True,United Petroleum,
Dunnigan ( 95937 ) United Truck Stop,530-724-3477 I-5 Exit 554 ( CR 8 W ),24 <U+25A1><U+25A1> M,Dunnigan,95937,United Truck Stop,530-724-3477,2016,Dunnigan,CA,,( CR 8 W ),I-5 Exit 554 ,Exit,554,False,,False,I-5,,,,,[],"[250, 713]","[250, 713]","[250, 713]","[103, 104, 105, 106, 107, 108, 109, 110, 111, 112, 113, 114, 115, 116, 117, 118, 119, 120, 121, 122, 123, 124, 125, 126, 127, 128, 129, 130, 131, 132, 133, 134, 135, 136, 137, 138, 139, 140, 141, 142, 143, 144, 145, 146, 147, 148, 149, 150, 151, 152, 153, 154, 155, 156, 157, 158, 159, 160, 161, 162, 163, 164, 165, 166, 167, 168, 169, 170, 171, 172, 173, 174, 175, 176, 177, 178, 179, 180, 181, 182, 183, 184, 185, 186, 187, 188, 189, 190, 191, 192, 193, 194, 195, 196, 197, 198, 199, 200, 201, 202, 203, 204, 205, 206, 207, 208, 209, 210, 211, 212, 213, 214, 215, 216, 217, 218, 219, 220, 221, 222, 223, 224, 225, 226, 227, 228, 229, 230, 231, 232, 233, 234, 235, 236, 237, 238, 239, 240, 241, 242, 243, 244, 245, 246, 247, 248, 249, 250, 251, 252, 253, 254, 255, 256, 257, 258, 259, 260, 261, 262, 263, 264, 265, 266, 267, 268, 269, 270, 271, 272, 273, 274, 275, 276, 277, 278, 279, 280, 281, 282, 283, 284, 285, 286, 287, 288, 289, 290, 291, 292, 293, 294, 295, 296, 297, 298, 299, 300, 301, 302, 303, 304, 305, 306, 307, 308, 309, 310, 311, 312, 313, 314, 315, 316, 317, 318, 319, 320, 321, 322, 323, 324, 325, 326, 327, 328, 329, 330, 331, 332, 333, 334, 335, 336, 337, 574, 575, 576, 577, 578, 579, 580, 581, 582, 583, 584, 585, 586, 587, 588, 589, 590, 591, 592, 593, 594, 595, 596, 597, 598, 599, 600, 601, 602, 603, 604, 605, 606, 607, 608, 609, 610, 611, 612, 613, 614, 615, 616, 617, 618, 619, 620, 621, 622, 623, 624, 625, 626, 627, 628, 629, 630, 631, 632, 633, 634, 635, 636, 637, 638, 639, 640, 641, 642, 643, 644, 645, 646, 647, 648, 649, 650, 651, 652, 653, 654, 655, 656, 657, 658, 659, 660, 661, 662, 663, 664, 665, 666, 667, 668, 669, 670, 671, 672, 673, 674, 675, 676, 677, 678, 679, 680, 681, 682, 683, 684, 685, 686, 687, 688, 689, 690, 691, 692, 693, 694, 695, 696, 697, 698, 699, 700, 701, 702, 703, 704, 705, 706, 707, 708, 709, 710, 711, 712, 713, 714, 715, 716, 717, 718, 719, 720, 721, 722, 723, 724, 725, 726, 727, 728, 729, 730, 731, 732, 733, 734, 735, 736, 737, 738, 739, 740, 741, 742, 743, 744, 745, 746, 747, 748, 749, 750, 751, 752, 753, 754, 755, 756, 757, 758, 759, 760, 761, 762, 763, 764, 765, 766, 767, 768, 769, 770, 771, 772, 773, 774, 775, 776, 777, 778, 779, 780, 781, 782, 783, 784, 785, 786, 787, 788, 789, 790, 791, 792, 793]","[105, 114, 138, 141, 152, 153, 154, 155, 157, 159, 164, 165, 176, 182, 191, 192, 194, 195, 196, 200, 204, 208, 209, 210, 211, 215, 226, 228, 241, 242, 243, 245, 248, 249, 250, 257, 261, 270, 271, 282, 287, 289, 291, 294, 296, 298, 306, 308, 309, 311, 314, 327, 333, 335, 337, 576, 585, 609, 612, 623, 624, 626, 627, 629, 631, 636, 637, 647, 653, 662, 663, 665, 666, 667, 671, 674, 678, 679, 680, 681, 690, 692, 705, 706, 707, 709, 711, 712, 713, 719, 721, 729, 730, 741, 746, 748, 750, 753, 755, 757, 764, 766, 767, 769, 772, 785, 791]",[],[],"[103, 104, 105, 106, 107, 108, 109, 110, 111, 112, 113, 114, 115, 116, 117, 118, 119, 120, 121, 122, 123, 124, 125, 126, 127, 128, 129, 130, 131, 132, 133, 134, 135, 136, 137, 138, 139, 140, 141, 142, 143, 144, 145, 146, 147, 148, 149, 150, 151, 152, 153, 154, 155, 156, 157, 158, 159, 160, 161, 162, 163, 164, 165, 166, 167, 168, 169, 170, 171, 172, 173, 174, 175, 176, 177, 178, 179, 180, 181, 182, 183, 184, 185, 186, 187, 188, 189, 190, 191, 192, 193, 194, 195, 196, 197, 198, 199, 200, 201, 202, 203, 204, 205, 206, 207, 208, 209, 210, 211, 212, 213, 214, 215, 216, 217, 218, 219, 220, 221, 222, 223, 224, 225, 226, 227, 228, 229, 230, 231, 232, 233, 234, 235, 236, 237, 238, 239, 240, 241, 242, 243, 244, 245, 246, 247, 248, 249, 250, 251, 252, 253, 254, 255, 256, 257, 258, 259, 260, 261, 262, 263, 264, 265, 266, 267, 268, 269, 270, 271, 272, 273, 274, 275, 276, 277, 278, 279, 280, 281, 282, 283, 284, 285, 286, 287, 288, 289, 290, 291, 292, 293, 294, 295, 296, 297, 298, 299, 300, 301, 302, 303, 304, 305, 306, 307, 308, 309, 310, 311, 312, 313, 314, 315, 316, 317, 318, 319, 320, 321, 322, 323, 324, 325, 326, 327, 328, 329, 330, 331, 332, 333, 334, 335, 336, 337, 574, 575, 576, 577, 578, 579, 580, 581, 582, 583, 584, 585, 586, 587, 588, 589, 590, 591, 592, 593, 594, 595, 596, 597, 598, 599, 600, 601, 602, 603, 604, 605, 606, 607, 608, 609, 610, 611, 612, 613, 614, 615, 616, 617, 618, 619, 620, 621, 622, 623, 624, 625, 626, 627, 628, 629, 630, 631, 632, 633, 634, 635, 636, 637, 638, 639, 640, 641, 642, 643, 644, 645, 646, 647, 648, 649, 650, 651, 652, 653, 654, 655, 656, 657, 658, 659, 660, 661, 662, 663, 664, 665, 666, 667, 668, 669, 670, 671, 672, 673, 674, 675, 676, 677, 678, 679, 680, 681, 682, 683, 684, 685, 686, 687, 688, 689, 690, 691, 692, 693, 694, 695, 696, 697, 698, 699, 700, 701, 702, 703, 704, 705, 706, 707, 708, 709, 710, 711, 712, 713, 714, 715, 716, 717, 718, 719, 720, 721, 722, 723, 724, 725, 726, 727, 728, 729, 730, 731, 732, 733, 734, 735, 736, 737, 738, 739, 740, 741, 742, 743, 744, 745, 746, 747, 748, 749, 750, 751, 752, 753, 754, 755, 756, 757, 758, 759, 760, 761, 762, 763, 764, 765, 766, 767, 768, 769, 770, 771, 772, 773, 774, 775, 776, 777, 778, 779, 780, 781, 782, 783, 784, 785, 786, 787, 788, 789, 790, 791, 792, 793]",False,"[250, 713]","[103, 104, 105, 106, 107, 108, 109, 110, 111, 112, 113, 114, 115, 116, 117, 118, 119, 120, 121, 122, 123, 124, 125, 126, 127, 128, 129, 130, 131, 132, 133, 134, 135, 136, 137, 138, 139, 140, 141, 142, 143, 144, 145, 146, 147, 148, 149, 150, 151, 152, 153, 154, 155, 156, 157, 158, 159, 160, 161, 162, 163, 164, 165, 166, 167, 168, 169, 170, 171, 172, 173, 174, 175, 176, 177, 178, 179, 180, 181, 182, 183, 184, 185, 186, 187, 188, 189, 190, 191, 192, 193, 194, 195, 196, 197, 198, 199, 200, 201, 202, 203, 204, 205, 206, 207, 208, 209, 210, 211, 212, 213, 214, 215, 216, 217, 218, 219, 220, 221, 222, 223, 224, 225, 226, 227, 228, 229, 230, 231, 232, 233, 234, 235, 236, 237, 238, 239, 240, 241, 242, 243, 244, 245, 246, 247, 248, 249, 250, 251, 252, 253, 254, 255, 256, 257, 258, 259, 260, 261, 262, 263, 264, 265, 266, 267, 268, 269, 270, 271, 272, 273, 274, 275, 276, 277, 278, 279, 280, 281, 282, 283, 284, 285, 286, 287, 288, 289, 290, 291, 292, 293, 294, 295, 296, 297, 298, 299, 300, 301, 302, 303, 304, 305, 306, 307, 308, 309, 310, 311, 312, 313, 314, 315, 316, 317, 318, 319, 320, 321, 322, 323, 324, 325, 326, 327, 328, 329, 330, 331, 332, 333, 334, 335, 336, 337, 574, 575, 576, 577, 578, 579, 580, 581, 582, 583, 584, 585, 586, 587, 588, 589, 590, 591, 592, 593, 594, 595, 596, 597, 598, 599, 600, 601, 602, 603, 604, 605, 606, 607, 608, 609, 610, 611, 612, 613, 614, 615, 616, 617, 618, 619, 620, 621, 622, 623, 624, 625, 626, 627, 628, 629, 630, 631, 632, 633, 634, 635, 636, 637, 638, 639, 640, 641, 642, 643, 644, 645, 646, 647, 648, 649, 650, 651, 652, 653, 654, 655, 656, 657, 658, 659, 660, 661, 662, 663, 664, 665, 666, 667, 668, 669, 670, 671, 672, 673, 674, 675, 676, 677, 678, 679, 680, 681, 682, 683, 684, 685, 686, 687, 688, 689, 690, 691, 692, 693, 694, 695, 696, 697, 698, 699, 700, 701, 702, 703, 704, 705, 706, 707, 708, 709, 710, 711, 712, 713, 714, 715, 716, 717, 718, 719, 720, 721, 722, 723, 724, 725, 726, 727, 728, 729, 730, 731, 732, 733, 734, 735, 736, 737, 738, 739, 740, 741, 742, 743, 744, 745, 746, 747, 748, 749, 750, 751, 752, 753, 754, 755, 756, 757, 758, 759, 760, 761, 762, 763, 764, 765, 766, 767, 768, 769, 770, 771, 772, 773, 774, 775, 776, 777, 778, 779, 780, 781, 782, 783, 784, 785, 786, 787, 788, 789, 790, 791, 792, 793]","[250, 713]","[250, 713]","[105, 114, 138, 141, 152, 153, 154, 155, 157, 159, 164, 165, 176, 182, 191, 192, 194, 195, 196, 200, 204, 208, 209, 210, 211, 215, 226, 228, 241, 242, 243, 245, 248, 249, 250, 257, 261, 270, 271, 282, 287, 289, 291, 294, 296, 298, 306, 308, 309, 311, 314, 327, 333, 335, 337, 576, 585, 609, 612, 623, 624, 626, 627, 629, 631, 636, 637, 647, 653, 662, 663, 665, 666, 667, 671, 674, 678, 679, 680, 681, 690, 692, 705, 706, 707, 709, 711, 712, 713, 719, 721, 729, 730, 741, 746, 748, 750, 753, 755, 757, 764, 766, 767, 769, 772, 785, 791]",[],[],7/6 successful match,False,[656],True,822,False,,0.5818181818181818,True,United Petroleum,
D Yuba City ( 95991 ) 4142 Dhami's CA Truck 99 ( 5 Stop mi S ( of Shell town ) ),530-755-4564 CA 99 & Obanion ( 10 mi S ),M D,Yuba City,95991,4142 Dhami's CA Truck 99 ( 5 Stop mi S ( of Shell town ) ),530-755-4564,2015,Yuba City,CA,Shell,( 10 mi S ),CA 99 & Obanion,empty,,False,,False,CA 99,Obanion,,,,"[617, 146]","[146, 185, 617, 656]","[146, 185, 617, 656]",[],"[103, 104, 105, 106, 107, 108, 109, 110, 111, 112, 113, 114, 115, 116, 117, 118, 119, 120, 121, 122, 123, 124, 125, 126, 127, 128, 129, 130, 131, 132, 133, 134, 135, 136, 137, 138, 139, 140, 141, 142, 143, 144, 145, 146, 147, 148, 149, 150, 151, 152, 153, 154, 155, 156, 157, 158, 159, 160, 161, 162, 163, 164, 165, 166, 167, 168, 169, 170, 171, 172, 173, 174, 175, 176, 177, 178, 179, 180, 181, 182, 183, 184, 185, 186, 187, 188, 189, 190, 191, 192, 193, 194, 195, 196, 197, 198, 199, 200, 201, 202, 203, 204, 205, 206, 207, 208, 209, 210, 211, 212, 213, 214, 215, 216, 217, 218, 219, 220, 221, 222, 223, 224, 225, 226, 227, 228, 229, 230, 231, 232, 233, 234, 235, 236, 237, 238, 239, 240, 241, 242, 243, 244, 245, 246, 247, 248, 249, 250, 251, 252, 253, 254, 255, 256, 257, 258, 259, 260, 261, 262, 263, 264, 265, 266, 267, 268, 269, 270, 271, 272, 273, 274, 275, 276, 277, 278, 279, 280, 281, 282, 283, 284, 285, 286, 287, 288, 289, 290, 291, 292, 293, 294, 295, 296, 297, 298, 299, 300, 301, 302, 303, 304, 305, 306, 307, 308, 309, 310, 311, 312, 313, 314, 315, 316, 317, 318, 319, 320, 321, 322, 323, 324, 325, 326, 327, 328, 329, 330, 331, 332, 333, 334, 335, 336, 337, 574, 575, 576, 577, 578, 579, 580, 581, 582, 583, 584, 585, 586, 587, 588, 589, 590, 591, 592, 593, 594, 595, 596, 597, 598, 599, 600, 601, 602, 603, 604, 605, 606, 607, 608, 609, 610, 611, 612, 613, 614, 615, 616, 617, 618, 619, 620, 621, 622, 623, 624, 625, 626, 627, 628, 629, 630, 631, 632, 633, 634, 635, 636, 637, 638, 639, 640, 641, 642, 643, 644, 645, 646, 647, 648, 649, 650, 651, 652, 653, 654, 655, 656, 657, 658, 659, 660, 661, 662, 663, 664, 665, 666, 667, 668, 669, 670, 671, 672, 673, 674, 675, 676, 677, 678, 679, 680, 681, 682, 683, 684, 685, 686, 687, 688, 689, 690, 691, 692, 693, 694, 695, 696, 697, 698, 699, 700, 701, 702, 703, 704, 705, 706, 707, 708, 709, 710, 711, 712, 713, 714, 715, 716, 717, 718, 719, 720, 721, 722, 723, 724, 725, 726, 727, 728, 729, 730, 731, 732, 733, 734, 735, 736, 737, 738, 739, 740, 741, 742, 743, 744, 745, 746, 747, 748, 749, 750, 751, 752, 753, 754, 755, 756, 757, 758, 759, 760, 761, 762, 763, 764, 765, 766, 767, 768, 769, 770, 771, 772, 773, 774, 775, 776, 777, 778, 779, 780, 781, 782, 783, 784, 785, 786, 787, 788, 789, 790, 791, 792, 793]","[10, 75, 103, 104, 106, 117, 118, 120, 127, 128, 129, 131, 133, 135, 136, 137, 139, 146, 147, 148, 149, 151, 158, 160, 162, 166, 173, 178, 179, 185, 190, 192, 198, 201, 203, 204, 206, 207, 212, 213, 214, 219, 223, 224, 225, 227, 230, 235, 237, 246, 247, 256, 259, 262, 263, 266, 268, 269, 271, 272, 278, 279, 284, 285, 288, 290, 292, 304, 306, 312, 316, 319, 320, 323, 324, 329, 332, 335, 495, 549, 574, 575, 577, 588, 589, 591, 598, 599, 600, 602, 604, 606, 607, 608, 610, 617, 618, 619, 620, 622, 625, 630, 632, 634, 638, 644, 649, 650, 656, 661, 663, 669, 673, 674, 676, 677, 682, 683, 684, 687, 688, 689, 691, 694, 699, 701, 710, 718, 722, 723, 727, 728, 730, 731, 737, 738, 743, 744, 747, 749, 751, 762, 764, 770, 774, 777, 778, 781, 782, 789, 791]","[1, 13, 14, 29, 54, 55, 56, 57, 58, 60, 102, 118, 125, 127, 130, 134, 146, 149, 153, 175, 182, 187, 189, 191, 197, 225, 230, 238, 264, 265, 266, 286, 302, 317, 336, 379, 388, 389, 425, 454, 458, 463, 475, 487, 498, 499, 512, 530, 531, 532, 533, 534, 536, 573, 589, 596, 598, 601, 605, 617, 620, 624, 646, 653, 658, 660, 662, 668, 689, 694, 702, 724, 725, 745, 760, 775, 793, 829, 838, 839, 877, 901, 903, 905, 910, 923]","[1, 13, 14, 29, 54, 55, 56, 57, 58, 60, 102, 118, 125, 127, 130, 134, 146, 149, 153, 175, 182, 185, 187, 189, 191, 197, 225, 230, 238, 264, 265, 266, 286, 302, 317, 336, 354, 379, 388, 389, 425, 454, 458, 463, 475, 487, 498, 499, 512, 530, 531, 532, 533, 534, 536, 573, 589, 596, 598, 601, 605, 617, 620, 624, 646, 653, 656, 658, 660, 662, 668, 689, 694, 702, 724, 725, 745, 760, 775, 793, 809, 829, 838, 839, 877, 901, 903, 905, 910, 923]","[1, 10, 13, 14, 29, 54, 55, 56, 57, 58, 60, 75, 102, 103, 104, 105, 106, 107, 108, 109, 110, 111, 112, 113, 114, 115, 116, 117, 118, 119, 120, 121, 122, 123, 124, 125, 126, 127, 128, 129, 130, 131, 132, 133, 134, 135, 136, 137, 138, 139, 140, 141, 142, 143, 144, 145, 146, 147, 148, 149, 150, 151, 152, 153, 154, 155, 156, 157, 158, 159, 160, 161, 162, 163, 164, 165, 166, 167, 168, 169, 170, 171, 172, 173, 174, 175, 176, 177, 178, 179, 180, 181, 182, 183, 184, 185, 186, 187, 188, 189, 190, 191, 192, 193, 194, 195, 196, 197, 198, 199, 200, 201, 202, 203, 204, 205, 206, 207, 208, 209, 210, 211, 212, 213, 214, 215, 216, 217, 218, 219, 220, 221, 222, 223, 224, 225, 226, 227, 228, 229, 230, 231, 232, 233, 234, 235, 236, 237, 238, 239, 240, 241, 242, 243, 244, 245, 246, 247, 248, 249, 250, 251, 252, 253, 254, 255, 256, 257, 258, 259, 260, 261, 262, 263, 264, 265, 266, 267, 268, 269, 270, 271, 272, 273, 274, 275, 276, 277, 278, 279, 280, 281, 282, 283, 284, 285, 286, 287, 288, 289, 290, 291, 292, 293, 294, 295, 296, 297, 298, 299, 300, 301, 302, 303, 304, 305, 306, 307, 308, 309, 310, 311, 312, 313, 314, 315, 316, 317, 318, 319, 320, 321, 322, 323, 324, 325, 326, 327, 328, 329, 330, 331, 332, 333, 334, 335, 336, 337, 354, 379, 388, 389, 425, 454, 458, 463, 475, 487, 495, 498, 499, 512, 530, 531, 532, 533, 534, 536, 549, 573, 574, 575, 576, 577, 578, 579, 580, 581, 582, 583, 584, 585, 586, 587, 588, 589, 590, 591, 592, 593, 594, 595, 596, 597, 598, 599, 600, 601, 602, 603, 604, 605, 606, 607, 608, 609, 610, 611, 612, 613, 614, 615, 616, 617, 618, 619, 620, 621, 622, 623, 624, 625, 626, 627, 628, 629, 630, 631, 632, 633, 634, 635, 636, 637, 638, 639, 640, 641, 642, 643, 644, 645, 646, 647, 648, 649, 650, 651, 652, 653, 654, 655, 656, 657, 658, 659, 660, 661, 662, 663, 664, 665, 666, 667, 668, 669, 670, 671, 672, 673, 674, 675, 676, 677, 678, 679, 680, 681, 682, 683, 684, 685, 686, 687, 688, 689, 690, 691, 692, 693, 694, 695, 696, 697, 698, 699, 700, 701, 702, 703, 704, 705, 706, 707, 708, 709, 710, 711, 712, 713, 714, 715, 716, 717, 718, 719, 720, 721, 722, 723, 724, 725, 726, 727, 728, 729, 730, 731, 732, 733, 734, 735, 736, 737, 738, 739, 740, 741, 742, 743, 744, 745, 746, 747, 748, 749, 750, 751, 752, 753, 754, 755, 756, 757, 758, 759, 760, 761, 762, 763, 764, 765, 766, 767, 768, 769, 770, 771, 772, 773, 774, 775, 776, 777, 778, 779, 780, 781, 782, 783, 784, 785, 786, 787, 788, 789, 790, 791, 792, 793, 809, 829, 838, 839, 877, 901, 903, 905, 910, 923]",True,"[146, 185, 617, 656]","[103, 104, 105, 106, 107, 108, 109, 110, 111, 112, 113, 114, 115, 116, 117, 118, 119, 120, 121, 122, 123, 124, 125, 126, 127, 128, 129, 130, 131, 132, 133, 134, 135, 136, 137, 138, 139, 140, 141, 142, 143, 144, 145, 146, 147, 148, 149, 150, 151, 152, 153, 154, 155, 156, 157, 158, 159, 160, 161, 162, 163, 164, 165, 166, 167, 168, 169, 170, 171, 172, 173, 174, 175, 176, 177, 178, 179, 180, 181, 182, 183, 184, 185, 186, 187, 188, 189, 190, 191, 192, 193, 194, 195, 196, 197, 198, 199, 200, 201, 202, 203, 204, 205, 206, 207, 208, 209, 210, 211, 212, 213, 214, 215, 216, 217, 218, 219, 220, 221, 222, 223, 224, 225, 226, 227, 228, 229, 230, 231, 232, 233, 234, 235, 236, 237, 238, 239, 240, 241, 242, 243, 244, 245, 246, 247, 248, 249, 250, 251, 252, 253, 254, 255, 256, 257, 258, 259, 260, 261, 262, 263, 264, 265, 266, 267, 268, 269, 270, 271, 272, 273, 274, 275, 276, 277, 278, 279, 280, 281, 282, 283, 284, 285, 286, 287, 288, 289, 290, 291, 292, 293, 294, 295, 296, 297, 298, 299, 300, 301, 302, 303, 304, 305, 306, 307, 308, 309, 310, 311, 312, 313, 314, 315, 316, 317, 318, 319, 320, 321, 322, 323, 324, 325, 326, 327, 328, 329, 330, 331, 332, 333, 334, 335, 336, 337, 574, 575, 576, 577, 578, 579, 580, 581, 582, 583, 584, 585, 586, 587, 588, 589, 590, 591, 592, 593, 594, 595, 596, 597, 598, 599, 600, 601, 602, 603, 604, 605, 606, 607, 608, 609, 610, 611, 612, 613, 614, 615, 616, 617, 618, 619, 620, 621, 622, 623, 624, 625, 626, 627, 628, 629, 630, 631, 632, 633, 634, 635, 636, 637, 638, 639, 640, 641, 642, 643, 644, 645, 646, 647, 648, 649, 650, 651, 652, 653, 654, 655, 656, 657, 658, 659, 660, 661, 662, 663, 664, 665, 666, 667, 668, 669, 670, 671, 672, 673, 674, 675, 676, 677, 678, 679, 680, 681, 682, 683, 684, 685, 686, 687, 688, 689, 690, 691, 692, 693, 694, 695, 696, 697, 698, 699, 700, 701, 702, 703, 704, 705, 706, 707, 708, 709, 710, 711, 712, 713, 714, 715, 716, 717, 718, 719, 720, 721, 722, 723, 724, 725, 726, 727, 728, 729, 730, 731, 732, 733, 734, 735, 736, 737, 738, 739, 740, 741, 742, 743, 744, 745, 746, 747, 748, 749, 750, 751, 752, 753, 754, 755, 756, 757, 758, 759, 760, 761, 762, 763, 764, 765, 766, 767, 768, 769, 770, 771, 772, 773, 774, 775, 776, 777, 778, 779, 780, 781, 782, 783, 784, 785, 786, 787, 788, 789, 790, 791, 792, 793]","[146, 185, 617, 656]",[],"[10, 75, 103, 104, 106, 117, 118, 120, 127, 128, 129, 131, 133, 135, 136, 137, 139, 146, 147, 148, 149, 151, 158, 160, 162, 166, 173, 178, 179, 185, 190, 192, 198, 201, 203, 204, 206, 207, 212, 213, 214, 219, 223, 224, 225, 227, 230, 235, 237, 246, 247, 256, 259, 262, 263, 266, 268, 269, 271, 272, 278, 279, 284, 285, 288, 290, 292, 304, 306, 312, 316, 319, 320, 323, 324, 329, 332, 335, 495, 549, 574, 575, 577, 588, 589, 591, 598, 599, 600, 602, 604, 606, 607, 608, 610, 617, 618, 619, 620, 622, 625, 630, 632, 634, 638, 644, 649, 650, 656, 661, 663, 669, 673, 674, 676, 677, 682, 683, 684, 687, 688, 689, 691, 694, 699, 701, 710, 718, 722, 723, 727, 728, 730, 731, 737, 738, 743, 744, 747, 749, 751, 762, 764, 770, 774, 777, 778, 781, 782, 789, 791]","[1, 13, 14, 29, 54, 55, 56, 57, 58, 60, 102, 118, 125, 127, 130, 134, 146, 149, 153, 175, 182, 185, 187, 189, 191, 197, 225, 230, 238, 264, 265, 266, 286, 302, 317, 336, 354, 379, 388, 389, 425, 454, 458, 463, 475, 487, 498, 499, 512, 530, 531, 532, 533, 534, 536, 573, 589, 596, 598, 601, 605, 617, 620, 624, 646, 653, 656, 658, 660, 662, 668, 689, 694, 702, 724, 725, 745, 760, 775, 793, 809, 829, 838, 839, 877, 901, 903, 905, 910, 923]","[1, 13, 14, 29, 54, 55, 56, 57, 58, 60, 102, 118, 125, 127, 130, 134, 146, 149, 153, 175, 182, 187, 189, 191, 197, 225, 230, 238, 264, 265, 266, 286, 302, 317, 336, 379, 388, 389, 425, 454, 458, 463, 475, 487, 498, 499, 512, 530, 531, 532, 533, 534, 536, 573, 589, 596, 598, 601, 605, 617, 620, 624, 646, 653, 658, 660, 662, 668, 689, 694, 702, 724, 725, 745, 760, 775, 793, 829, 838, 839, 877, 901, 903, 905, 910, 923]",7/6 successful match,True,"[611, 612]",True,823,False,,,,,
Yuba City ( 95991 ) Dhami's Truck Stop S ( of Shell town ) ),530-755-4564 CA 99 & Obanion ( 10 mi S ),M <U+25A1>,Yuba City,95991,Dhami's Truck Stop S ( of Shell town ) ),530-755-4564,2016,Yuba City,CA,Shell,( 10 mi S ),CA 99 & Obanion,empty,,False,,False,CA 99,Obanion,,,,"[617, 146]","[146, 185, 617, 656]","[146, 185, 617, 656]",[],"[103, 104, 105, 106, 107, 108, 109, 110, 111, 112, 113, 114, 115, 116, 117, 118, 119, 120, 121, 122, 123, 124, 125, 126, 127, 128, 129, 130, 131, 132, 133, 134, 135, 136, 137, 138, 139, 140, 141, 142, 143, 144, 145, 146, 147, 148, 149, 150, 151, 152, 153, 154, 155, 156, 157, 158, 159, 160, 161, 162, 163, 164, 165, 166, 167, 168, 169, 170, 171, 172, 173, 174, 175, 176, 177, 178, 179, 180, 181, 182, 183, 184, 185, 186, 187, 188, 189, 190, 191, 192, 193, 194, 195, 196, 197, 198, 199, 200, 201, 202, 203, 204, 205, 206, 207, 208, 209, 210, 211, 212, 213, 214, 215, 216, 217, 218, 219, 220, 221, 222, 223, 224, 225, 226, 227, 228, 229, 230, 231, 232, 233, 234, 235, 236, 237, 238, 239, 240, 241, 242, 243, 244, 245, 246, 247, 248, 249, 250, 251, 252, 253, 254, 255, 256, 257, 258, 259, 260, 261, 262, 263, 264, 265, 266, 267, 268, 269, 270, 271, 272, 273, 274, 275, 276, 277, 278, 279, 280, 281, 282, 283, 284, 285, 286, 287, 288, 289, 290, 291, 292, 293, 294, 295, 296, 297, 298, 299, 300, 301, 302, 303, 304, 305, 306, 307, 308, 309, 310, 311, 312, 313, 314, 315, 316, 317, 318, 319, 320, 321, 322, 323, 324, 325, 326, 327, 328, 329, 330, 331, 332, 333, 334, 335, 336, 337, 574, 575, 576, 577, 578, 579, 580, 581, 582, 583, 584, 585, 586, 587, 588, 589, 590, 591, 592, 593, 594, 595, 596, 597, 598, 599, 600, 601, 602, 603, 604, 605, 606, 607, 608, 609, 610, 611, 612, 613, 614, 615, 616, 617, 618, 619, 620, 621, 622, 623, 624, 625, 626, 627, 628, 629, 630, 631, 632, 633, 634, 635, 636, 637, 638, 639, 640, 641, 642, 643, 644, 645, 646, 647, 648, 649, 650, 651, 652, 653, 654, 655, 656, 657, 658, 659, 660, 661, 662, 663, 664, 665, 666, 667, 668, 669, 670, 671, 672, 673, 674, 675, 676, 677, 678, 679, 680, 681, 682, 683, 684, 685, 686, 687, 688, 689, 690, 691, 692, 693, 694, 695, 696, 697, 698, 699, 700, 701, 702, 703, 704, 705, 706, 707, 708, 709, 710, 711, 712, 713, 714, 715, 716, 717, 718, 719, 720, 721, 722, 723, 724, 725, 726, 727, 728, 729, 730, 731, 732, 733, 734, 735, 736, 737, 738, 739, 740, 741, 742, 743, 744, 745, 746, 747, 748, 749, 750, 751, 752, 753, 754, 755, 756, 757, 758, 759, 760, 761, 762, 763, 764, 765, 766, 767, 768, 769, 770, 771, 772, 773, 774, 775, 776, 777, 778, 779, 780, 781, 782, 783, 784, 785, 786, 787, 788, 789, 790, 791, 792, 793]","[10, 75, 103, 104, 106, 117, 118, 120, 127, 128, 129, 131, 133, 135, 136, 137, 139, 146, 147, 148, 149, 151, 158, 160, 162, 166, 173, 178, 179, 185, 190, 192, 198, 201, 203, 204, 206, 207, 212, 213, 214, 219, 223, 224, 225, 227, 230, 235, 237, 246, 247, 256, 259, 262, 263, 266, 268, 269, 271, 272, 278, 279, 284, 285, 288, 290, 292, 304, 306, 312, 316, 319, 320, 323, 324, 329, 332, 335, 495, 549, 574, 575, 577, 588, 589, 591, 598, 599, 600, 602, 604, 606, 607, 608, 610, 617, 618, 619, 620, 622, 625, 630, 632, 634, 638, 644, 649, 650, 656, 661, 663, 669, 673, 674, 676, 677, 682, 683, 684, 687, 688, 689, 691, 694, 699, 701, 710, 718, 722, 723, 727, 728, 730, 731, 737, 738, 743, 744, 747, 749, 751, 762, 764, 770, 774, 777, 778, 781, 782, 789, 791]","[1, 13, 14, 29, 54, 55, 56, 57, 58, 60, 102, 118, 125, 127, 130, 134, 146, 149, 153, 175, 182, 187, 189, 191, 197, 225, 230, 238, 264, 265, 266, 286, 302, 317, 336, 379, 388, 389, 425, 454, 458, 463, 475, 487, 498, 499, 512, 530, 531, 532, 533, 534, 536, 573, 589, 596, 598, 601, 605, 617, 620, 624, 646, 653, 658, 660, 662, 668, 689, 694, 702, 724, 725, 745, 760, 775, 793, 829, 838, 839, 877, 901, 903, 905, 910, 923]","[1, 13, 14, 29, 54, 55, 56, 57, 58, 60, 102, 118, 125, 127, 130, 134, 146, 149, 153, 175, 182, 187, 189, 191, 197, 225, 230, 238, 264, 265, 266, 286, 302, 317, 336, 354, 379, 388, 389, 425, 454, 458, 463, 475, 487, 498, 499, 512, 530, 531, 532, 533, 534, 536, 573, 589, 596, 598, 601, 605, 617, 620, 624, 646, 653, 658, 660, 662, 668, 689, 694, 702, 724, 725, 745, 760, 775, 793, 809, 829, 838, 839, 877, 901, 903, 905, 910, 923]","[1, 10, 13, 14, 29, 54, 55, 56, 57, 58, 60, 75, 102, 103, 104, 105, 106, 107, 108, 109, 110, 111, 112, 113, 114, 115, 116, 117, 118, 119, 120, 121, 122, 123, 124, 125, 126, 127, 128, 129, 130, 131, 132, 133, 134, 135, 136, 137, 138, 139, 140, 141, 142, 143, 144, 145, 146, 147, 148, 149, 150, 151, 152, 153, 154, 155, 156, 157, 158, 159, 160, 161, 162, 163, 164, 165, 166, 167, 168, 169, 170, 171, 172, 173, 174, 175, 176, 177, 178, 179, 180, 181, 182, 183, 184, 185, 186, 187, 188, 189, 190, 191, 192, 193, 194, 195, 196, 197, 198, 199, 200, 201, 202, 203, 204, 205, 206, 207, 208, 209, 210, 211, 212, 213, 214, 215, 216, 217, 218, 219, 220, 221, 222, 223, 224, 225, 226, 227, 228, 229, 230, 231, 232, 233, 234, 235, 236, 237, 238, 239, 240, 241, 242, 243, 244, 245, 246, 247, 248, 249, 250, 251, 252, 253, 254, 255, 256, 257, 258, 259, 260, 261, 262, 263, 264, 265, 266, 267, 268, 269, 270, 271, 272, 273, 274, 275, 276, 277, 278, 279, 280, 281, 282, 283, 284, 285, 286, 287, 288, 289, 290, 291, 292, 293, 294, 295, 296, 297, 298, 299, 300, 301, 302, 303, 304, 305, 306, 307, 308, 309, 310, 311, 312, 313, 314, 315, 316, 317, 318, 319, 320, 321, 322, 323, 324, 325, 326, 327, 328, 329, 330, 331, 332, 333, 334, 335, 336, 337, 354, 379, 388, 389, 425, 454, 458, 463, 475, 487, 495, 498, 499, 512, 530, 531, 532, 533, 534, 536, 549, 573, 574, 575, 576, 577, 578, 579, 580, 581, 582, 583, 584, 585, 586, 587, 588, 589, 590, 591, 592, 593, 594, 595, 596, 597, 598, 599, 600, 601, 602, 603, 604, 605, 606, 607, 608, 609, 610, 611, 612, 613, 614, 615, 616, 617, 618, 619, 620, 621, 622, 623, 624, 625, 626, 627, 628, 629, 630, 631, 632, 633, 634, 635, 636, 637, 638, 639, 640, 641, 642, 643, 644, 645, 646, 647, 648, 649, 650, 651, 652, 653, 654, 655, 656, 657, 658, 659, 660, 661, 662, 663, 664, 665, 666, 667, 668, 669, 670, 671, 672, 673, 674, 675, 676, 677, 678, 679, 680, 681, 682, 683, 684, 685, 686, 687, 688, 689, 690, 691, 692, 693, 694, 695, 696, 697, 698, 699, 700, 701, 702, 703, 704, 705, 706, 707, 708, 709, 710, 711, 712, 713, 714, 715, 716, 717, 718, 719, 720, 721, 722, 723, 724, 725, 726, 727, 728, 729, 730, 731, 732, 733, 734, 735, 736, 737, 738, 739, 740, 741, 742, 743, 744, 745, 746, 747, 748, 749, 750, 751, 752, 753, 754, 755, 756, 757, 758, 759, 760, 761, 762, 763, 764, 765, 766, 767, 768, 769, 770, 771, 772, 773, 774, 775, 776, 777, 778, 779, 780, 781, 782, 783, 784, 785, 786, 787, 788, 789, 790, 791, 792, 793, 809, 829, 838, 839, 877, 901, 903, 905, 910, 923]",True,"[146, 185, 617, 656]","[103, 104, 105, 106, 107, 108, 109, 110, 111, 112, 113, 114, 115, 116, 117, 118, 119, 120, 121, 122, 123, 124, 125, 126, 127, 128, 129, 130, 131, 132, 133, 134, 135, 136, 137, 138, 139, 140, 141, 142, 143, 144, 145, 146, 147, 148, 149, 150, 151, 152, 153, 154, 155, 156, 157, 158, 159, 160, 161, 162, 163, 164, 165, 166, 167, 168, 169, 170, 171, 172, 173, 174, 175, 176, 177, 178, 179, 180, 181, 182, 183, 184, 185, 186, 187, 188, 189, 190, 191, 192, 193, 194, 195, 196, 197, 198, 199, 200, 201, 202, 203, 204, 205, 206, 207, 208, 209, 210, 211, 212, 213, 214, 215, 216, 217, 218, 219, 220, 221, 222, 223, 224, 225, 226, 227, 228, 229, 230, 231, 232, 233, 234, 235, 236, 237, 238, 239, 240, 241, 242, 243, 244, 245, 246, 247, 248, 249, 250, 251, 252, 253, 254, 255, 256, 257, 258, 259, 260, 261, 262, 263, 264, 265, 266, 267, 268, 269, 270, 271, 272, 273, 274, 275, 276, 277, 278, 279, 280, 281, 282, 283, 284, 285, 286, 287, 288, 289, 290, 291, 292, 293, 294, 295, 296, 297, 298, 299, 300, 301, 302, 303, 304, 305, 306, 307, 308, 309, 310, 311, 312, 313, 314, 315, 316, 317, 318, 319, 320, 321, 322, 323, 324, 325, 326, 327, 328, 329, 330, 331, 332, 333, 334, 335, 336, 337, 574, 575, 576, 577, 578, 579, 580, 581, 582, 583, 584, 585, 586, 587, 588, 589, 590, 591, 592, 593, 594, 595, 596, 597, 598, 599, 600, 601, 602, 603, 604, 605, 606, 607, 608, 609, 610, 611, 612, 613, 614, 615, 616, 617, 618, 619, 620, 621, 622, 623, 624, 625, 626, 627, 628, 629, 630, 631, 632, 633, 634, 635, 636, 637, 638, 639, 640, 641, 642, 643, 644, 645, 646, 647, 648, 649, 650, 651, 652, 653, 654, 655, 656, 657, 658, 659, 660, 661, 662, 663, 664, 665, 666, 667, 668, 669, 670, 671, 672, 673, 674, 675, 676, 677, 678, 679, 680, 681, 682, 683, 684, 685, 686, 687, 688, 689, 690, 691, 692, 693, 694, 695, 696, 697, 698, 699, 700, 701, 702, 703, 704, 705, 706, 707, 708, 709, 710, 711, 712, 713, 714, 715, 716, 717, 718, 719, 720, 721, 722, 723, 724, 725, 726, 727, 728, 729, 730, 731, 732, 733, 734, 735, 736, 737, 738, 739, 740, 741, 742, 743, 744, 745, 746, 747, 748, 749, 750, 751, 752, 753, 754, 755, 756, 757, 758, 759, 760, 761, 762, 763, 764, 765, 766, 767, 768, 769, 770, 771, 772, 773, 774, 775, 776, 777, 778, 779, 780, 781, 782, 783, 784, 785, 786, 787, 788, 789, 790, 791, 792, 793]","[146, 185, 617, 656]",[],"[10, 75, 103, 104, 106, 117, 118, 120, 127, 128, 129, 131, 133, 135, 136, 137, 139, 146, 147, 148, 149, 151, 158, 160, 162, 166, 173, 178, 179, 185, 190, 192, 198, 201, 203, 204, 206, 207, 212, 213, 214, 219, 223, 224, 225, 227, 230, 235, 237, 246, 247, 256, 259, 262, 263, 266, 268, 269, 271, 272, 278, 279, 284, 285, 288, 290, 292, 304, 306, 312, 316, 319, 320, 323, 324, 329, 332, 335, 495, 549, 574, 575, 577, 588, 589, 591, 598, 599, 600, 602, 604, 606, 607, 608, 610, 617, 618, 619, 620, 622, 625, 630, 632, 634, 638, 644, 649, 650, 656, 661, 663, 669, 673, 674, 676, 677, 682, 683, 684, 687, 688, 689, 691, 694, 699, 701, 710, 718, 722, 723, 727, 728, 730, 731, 737, 738, 743, 744, 747, 749, 751, 762, 764, 770, 774, 777, 778, 781, 782, 789, 791]","[1, 13, 14, 29, 54, 55, 56, 57, 58, 60, 102, 118, 125, 127, 130, 134, 146, 149, 153, 175, 182, 187, 189, 191, 197, 225, 230, 238, 264, 265, 266, 286, 302, 317, 336, 354, 379, 388, 389, 425, 454, 458, 463, 475, 487, 498, 499, 512, 530, 531, 532, 533, 534, 536, 573, 589, 596, 598, 601, 605, 617, 620, 624, 646, 653, 658, 660, 662, 668, 689, 694, 702, 724, 725, 745, 760, 775, 793, 809, 829, 838, 839, 877, 901, 903, 905, 910, 923]","[1, 13, 14, 29, 54, 55, 56, 57, 58, 60, 102, 118, 125, 127, 130, 134, 146, 149, 153, 175, 182, 187, 189, 191, 197, 225, 230, 238, 264, 265, 266, 286, 302, 317, 336, 379, 388, 389, 425, 454, 458, 463, 475, 487, 498, 499, 512, 530, 531, 532, 533, 534, 536, 573, 589, 596, 598, 601, 605, 617, 620, 624, 646, 653, 658, 660, 662, 668, 689, 694, 702, 724, 725, 745, 760, 775, 793, 829, 838, 839, 877, 901, 903, 905, 910, 923]",7/6 successful match,True,"[611, 612]",True,823,False,,1.0,True,4142 Dhami's CA Truck 99 ( 5 Stop mi S ( of Shell town ) ),Shell
"Yuba City , 95993 76 Food Mart S of town )",530-821-0830 CA 99 MM 341 ( 1466 CA 20 W ),000,Yuba City,95993,76 Food Mart S of town ),530-821-0830,2006,Yuba City,CA,,( 1466 CA 20 W ),CA 99 MM 341,empty,,False,,False,CA 99,,,,,[],[],"[146, 185, 617, 656]",[],"[103, 104, 105, 106, 107, 108, 109, 110, 111, 112, 113, 114, 115, 116, 117, 118, 119, 120, 121, 122, 123, 124, 125, 126, 127, 128, 129, 130, 131, 132, 133, 134, 135, 136, 137, 138, 139, 140, 141, 142, 143, 144, 145, 146, 147, 148, 149, 150, 151, 152, 153, 154, 155, 156, 157, 158, 159, 160, 161, 162, 163, 164, 165, 166, 167, 168, 169, 170, 171, 172, 173, 174, 175, 176, 177, 178, 179, 180, 181, 182, 183, 184, 185, 186, 187, 188, 189, 190, 191, 192, 193, 194, 195, 196, 197, 198, 199, 200, 201, 202, 203, 204, 205, 206, 207, 208, 209, 210, 211, 212, 213, 214, 215, 216, 217, 218, 219, 220, 221, 222, 223, 224, 225, 226, 227, 228, 229, 230, 231, 232, 233, 234, 235, 236, 237, 238, 239, 240, 241, 242, 243, 244, 245, 246, 247, 248, 249, 250, 251, 252, 253, 254, 255, 256, 257, 258, 259, 260, 261, 262, 263, 264, 265, 266, 267, 268, 269, 270, 271, 272, 273, 274, 275, 276, 277, 278, 279, 280, 281, 282, 283, 284, 285, 286, 287, 288, 289, 290, 291, 292, 293, 294, 295, 296, 297, 298, 299, 300, 301, 302, 303, 304, 305, 306, 307, 308, 309, 310, 311, 312, 313, 314, 315, 316, 317, 318, 319, 320, 321, 322, 323, 324, 325, 326, 327, 328, 329, 330, 331, 332, 333, 334, 335, 336, 337, 574, 575, 576, 577, 578, 579, 580, 581, 582, 583, 584, 585, 586, 587, 588, 589, 590, 591, 592, 593, 594, 595, 596, 597, 598, 599, 600, 601, 602, 603, 604, 605, 606, 607, 608, 609, 610, 611, 612, 613, 614, 615, 616, 617, 618, 619, 620, 621, 622, 623, 624, 625, 626, 627, 628, 629, 630, 631, 632, 633, 634, 635, 636, 637, 638, 639, 640, 641, 642, 643, 644, 645, 646, 647, 648, 649, 650, 651, 652, 653, 654, 655, 656, 657, 658, 659, 660, 661, 662, 663, 664, 665, 666, 667, 668, 669, 670, 671, 672, 673, 674, 675, 676, 677, 678, 679, 680, 681, 682, 683, 684, 685, 686, 687, 688, 689, 690, 691, 692, 693, 694, 695, 696, 697, 698, 699, 700, 701, 702, 703, 704, 705, 706, 707, 708, 709, 710, 711, 712, 713, 714, 715, 716, 717, 718, 719, 720, 721, 722, 723, 724, 725, 726, 727, 728, 729, 730, 731, 732, 733, 734, 735, 736, 737, 738, 739, 740, 741, 742, 743, 744, 745, 746, 747, 748, 749, 750, 751, 752, 753, 754, 755, 756, 757, 758, 759, 760, 761, 762, 763, 764, 765, 766, 767, 768, 769, 770, 771, 772, 773, 774, 775, 776, 777, 778, 779, 780, 781, 782, 783, 784, 785, 786, 787, 788, 789, 790, 791, 792, 793]","[10, 75, 103, 104, 106, 117, 118, 120, 127, 128, 129, 131, 133, 135, 136, 137, 139, 146, 147, 148, 149, 151, 158, 160, 162, 166, 173, 178, 179, 185, 190, 192, 198, 201, 203, 204, 206, 207, 212, 213, 214, 219, 223, 224, 225, 227, 230, 235, 237, 246, 247, 256, 259, 262, 263, 266, 268, 269, 271, 272, 278, 279, 284, 285, 288, 290, 292, 304, 306, 312, 316, 319, 320, 323, 324, 329, 332, 335, 495, 549, 574, 575, 577, 588, 589, 591, 598, 599, 600, 602, 604, 606, 607, 608, 610, 617, 618, 619, 620, 622, 625, 630, 632, 634, 638, 644, 649, 650, 656, 661, 663, 669, 673, 674, 676, 677, 682, 683, 684, 687, 688, 689, 691, 694, 699, 701, 710, 718, 722, 723, 727, 728, 730, 731, 737, 738, 743, 744, 747, 749, 751, 762, 764, 770, 774, 777, 778, 781, 782, 789, 791]",[],"[84, 87, 89, 114, 115, 117, 124, 132, 135, 144, 152, 178, 239, 268, 281, 297, 318, 320, 327, 348, 394, 555, 558, 560, 585, 586, 588, 595, 603, 606, 615, 623, 649, 703, 727, 740, 756, 776, 778, 785, 803, 844]","[10, 75, 84, 87, 89, 103, 104, 105, 106, 107, 108, 109, 110, 111, 112, 113, 114, 115, 116, 117, 118, 119, 120, 121, 122, 123, 124, 125, 126, 127, 128, 129, 130, 131, 132, 133, 134, 135, 136, 137, 138, 139, 140, 141, 142, 143, 144, 145, 146, 147, 148, 149, 150, 151, 152, 153, 154, 155, 156, 157, 158, 159, 160, 161, 162, 163, 164, 165, 166, 167, 168, 169, 170, 171, 172, 173, 174, 175, 176, 177, 178, 179, 180, 181, 182, 183, 184, 185, 186, 187, 188, 189, 190, 191, 192, 193, 194, 195, 196, 197, 198, 199, 200, 201, 202, 203, 204, 205, 206, 207, 208, 209, 210, 211, 212, 213, 214, 215, 216, 217, 218, 219, 220, 221, 222, 223, 224, 225, 226, 227, 228, 229, 230, 231, 232, 233, 234, 235, 236, 237, 238, 239, 240, 241, 242, 243, 244, 245, 246, 247, 248, 249, 250, 251, 252, 253, 254, 255, 256, 257, 258, 259, 260, 261, 262, 263, 264, 265, 266, 267, 268, 269, 270, 271, 272, 273, 274, 275, 276, 277, 278, 279, 280, 281, 282, 283, 284, 285, 286, 287, 288, 289, 290, 291, 292, 293, 294, 295, 296, 297, 298, 299, 300, 301, 302, 303, 304, 305, 306, 307, 308, 309, 310, 311, 312, 313, 314, 315, 316, 317, 318, 319, 320, 321, 322, 323, 324, 325, 326, 327, 328, 329, 330, 331, 332, 333, 334, 335, 336, 337, 348, 394, 495, 549, 555, 558, 560, 574, 575, 576, 577, 578, 579, 580, 581, 582, 583, 584, 585, 586, 587, 588, 589, 590, 591, 592, 593, 594, 595, 596, 597, 598, 599, 600, 601, 602, 603, 604, 605, 606, 607, 608, 609, 610, 611, 612, 613, 614, 615, 616, 617, 618, 619, 620, 621, 622, 623, 624, 625, 626, 627, 628, 629, 630, 631, 632, 633, 634, 635, 636, 637, 638, 639, 640, 641, 642, 643, 644, 645, 646, 647, 648, 649, 650, 651, 652, 653, 654, 655, 656, 657, 658, 659, 660, 661, 662, 663, 664, 665, 666, 667, 668, 669, 670, 671, 672, 673, 674, 675, 676, 677, 678, 679, 680, 681, 682, 683, 684, 685, 686, 687, 688, 689, 690, 691, 692, 693, 694, 695, 696, 697, 698, 699, 700, 701, 702, 703, 704, 705, 706, 707, 708, 709, 710, 711, 712, 713, 714, 715, 716, 717, 718, 719, 720, 721, 722, 723, 724, 725, 726, 727, 728, 729, 730, 731, 732, 733, 734, 735, 736, 737, 738, 739, 740, 741, 742, 743, 744, 745, 746, 747, 748, 749, 750, 751, 752, 753, 754, 755, 756, 757, 758, 759, 760, 761, 762, 763, 764, 765, 766, 767, 768, 769, 770, 771, 772, 773, 774, 775, 776, 777, 778, 779, 780, 781, 782, 783, 784, 785, 786, 787, 788, 789, 790, 791, 792, 793, 803, 844]",False,[],"[103, 104, 105, 106, 107, 108, 109, 110, 111, 112, 113, 114, 115, 116, 117, 118, 119, 120, 121, 122, 123, 124, 125, 126, 127, 128, 129, 130, 131, 132, 133, 134, 135, 136, 137, 138, 139, 140, 141, 142, 143, 144, 145, 146, 147, 148, 149, 150, 151, 152, 153, 154, 155, 156, 157, 158, 159, 160, 161, 162, 163, 164, 165, 166, 167, 168, 169, 170, 171, 172, 173, 174, 175, 176, 177, 178, 179, 180, 181, 182, 183, 184, 185, 186, 187, 188, 189, 190, 191, 192, 193, 194, 195, 196, 197, 198, 199, 200, 201, 202, 203, 204, 205, 206, 207, 208, 209, 210, 211, 212, 213, 214, 215, 216, 217, 218, 219, 220, 221, 222, 223, 224, 225, 226, 227, 228, 229, 230, 231, 232, 233, 234, 235, 236, 237, 238, 239, 240, 241, 242, 243, 244, 245, 246, 247, 248, 249, 250, 251, 252, 253, 254, 255, 256, 257, 258, 259, 260, 261, 262, 263, 264, 265, 266, 267, 268, 269, 270, 271, 272, 273, 274, 275, 276, 277, 278, 279, 280, 281, 282, 283, 284, 285, 286, 287, 288, 289, 290, 291, 292, 293, 294, 295, 296, 297, 298, 299, 300, 301, 302, 303, 304, 305, 306, 307, 308, 309, 310, 311, 312, 313, 314, 315, 316, 317, 318, 319, 320, 321, 322, 323, 324, 325, 326, 327, 328, 329, 330, 331, 332, 333, 334, 335, 336, 337, 574, 575, 576, 577, 578, 579, 580, 581, 582, 583, 584, 585, 586, 587, 588, 589, 590, 591, 592, 593, 594, 595, 596, 597, 598, 599, 600, 601, 602, 603, 604, 605, 606, 607, 608, 609, 610, 611, 612, 613, 614, 615, 616, 617, 618, 619, 620, 621, 622, 623, 624, 625, 626, 627, 628, 629, 630, 631, 632, 633, 634, 635, 636, 637, 638, 639, 640, 641, 642, 643, 644, 645, 646, 647, 648, 649, 650, 651, 652, 653, 654, 655, 656, 657, 658, 659, 660, 661, 662, 663, 664, 665, 666, 667, 668, 669, 670, 671, 672, 673, 674, 675, 676, 677, 678, 679, 680, 681, 682, 683, 684, 685, 686, 687, 688, 689, 690, 691, 692, 693, 694, 695, 696, 697, 698, 699, 700, 701, 702, 703, 704, 705, 706, 707, 708, 709, 710, 711, 712, 713, 714, 715, 716, 717, 718, 719, 720, 721, 722, 723, 724, 725, 726, 727, 728, 729, 730, 731, 732, 733, 734, 735, 736, 737, 738, 739, 740, 741, 742, 743, 744, 745, 746, 747, 748, 749, 750, 751, 752, 753, 754, 755, 756, 757, 758, 759, 760, 761, 762, 763, 764, 765, 766, 767, 768, 769, 770, 771, 772, 773, 774, 775, 776, 777, 778, 779, 780, 781, 782, 783, 784, 785, 786, 787, 788, 789, 790, 791, 792, 793]","[146, 185, 617, 656]",[],"[10, 75, 103, 104, 106, 117, 118, 120, 127, 128, 129, 131, 133, 135, 136, 137, 139, 146, 147, 148, 149, 151, 158, 160, 162, 166, 173, 178, 179, 185, 190, 192, 198, 201, 203, 204, 206, 207, 212, 213, 214, 219, 223, 224, 225, 227, 230, 235, 237, 246, 247, 256, 259, 262, 263, 266, 268, 269, 271, 272, 278, 279, 284, 285, 288, 290, 292, 304, 306, 312, 316, 319, 320, 323, 324, 329, 332, 335, 495, 549, 574, 575, 577, 588, 589, 591, 598, 599, 600, 602, 604, 606, 607, 608, 610, 617, 618, 619, 620, 622, 625, 630, 632, 634, 638, 644, 649, 650, 656, 661, 663, 669, 673, 674, 676, 677, 682, 683, 684, 687, 688, 689, 691, 694, 699, 701, 710, 718, 722, 723, 727, 728, 730, 731, 737, 738, 743, 744, 747, 749, 751, 762, 764, 770, 774, 777, 778, 781, 782, 789, 791]","[84, 87, 89, 114, 115, 117, 124, 132, 135, 144, 152, 178, 239, 268, 281, 297, 318, 320, 327, 348, 394, 555, 558, 560, 585, 586, 588, 595, 603, 606, 615, 623, 649, 703, 727, 740, 756, 776, 778, 785, 803, 844]",[],5/6 successful match,False,"[694, 695, 696, 697]",True,824,False,,,,,
"Yuba City , 95993 76 Food Mart",530-821-0830 CA 99 Exit 341 ( 1466 CA 20 W ),000,Yuba City,95993,76 Food Mart,530-821-0830,2007,Yuba City,CA,,( 1466 CA 20 W ),CA 99 Exit 341 ,Exit,341,False,,False,CA 99,,,,,[],[],"[146, 185, 617, 656]",[],"[103, 104, 105, 106, 107, 108, 109, 110, 111, 112, 113, 114, 115, 116, 117, 118, 119, 120, 121, 122, 123, 124, 125, 126, 127, 128, 129, 130, 131, 132, 133, 134, 135, 136, 137, 138, 139, 140, 141, 142, 143, 144, 145, 146, 147, 148, 149, 150, 151, 152, 153, 154, 155, 156, 157, 158, 159, 160, 161, 162, 163, 164, 165, 166, 167, 168, 169, 170, 171, 172, 173, 174, 175, 176, 177, 178, 179, 180, 181, 182, 183, 184, 185, 186, 187, 188, 189, 190, 191, 192, 193, 194, 195, 196, 197, 198, 199, 200, 201, 202, 203, 204, 205, 206, 207, 208, 209, 210, 211, 212, 213, 214, 215, 216, 217, 218, 219, 220, 221, 222, 223, 224, 225, 226, 227, 228, 229, 230, 231, 232, 233, 234, 235, 236, 237, 238, 239, 240, 241, 242, 243, 244, 245, 246, 247, 248, 249, 250, 251, 252, 253, 254, 255, 256, 257, 258, 259, 260, 261, 262, 263, 264, 265, 266, 267, 268, 269, 270, 271, 272, 273, 274, 275, 276, 277, 278, 279, 280, 281, 282, 283, 284, 285, 286, 287, 288, 289, 290, 291, 292, 293, 294, 295, 296, 297, 298, 299, 300, 301, 302, 303, 304, 305, 306, 307, 308, 309, 310, 311, 312, 313, 314, 315, 316, 317, 318, 319, 320, 321, 322, 323, 324, 325, 326, 327, 328, 329, 330, 331, 332, 333, 334, 335, 336, 337, 574, 575, 576, 577, 578, 579, 580, 581, 582, 583, 584, 585, 586, 587, 588, 589, 590, 591, 592, 593, 594, 595, 596, 597, 598, 599, 600, 601, 602, 603, 604, 605, 606, 607, 608, 609, 610, 611, 612, 613, 614, 615, 616, 617, 618, 619, 620, 621, 622, 623, 624, 625, 626, 627, 628, 629, 630, 631, 632, 633, 634, 635, 636, 637, 638, 639, 640, 641, 642, 643, 644, 645, 646, 647, 648, 649, 650, 651, 652, 653, 654, 655, 656, 657, 658, 659, 660, 661, 662, 663, 664, 665, 666, 667, 668, 669, 670, 671, 672, 673, 674, 675, 676, 677, 678, 679, 680, 681, 682, 683, 684, 685, 686, 687, 688, 689, 690, 691, 692, 693, 694, 695, 696, 697, 698, 699, 700, 701, 702, 703, 704, 705, 706, 707, 708, 709, 710, 711, 712, 713, 714, 715, 716, 717, 718, 719, 720, 721, 722, 723, 724, 725, 726, 727, 728, 729, 730, 731, 732, 733, 734, 735, 736, 737, 738, 739, 740, 741, 742, 743, 744, 745, 746, 747, 748, 749, 750, 751, 752, 753, 754, 755, 756, 757, 758, 759, 760, 761, 762, 763, 764, 765, 766, 767, 768, 769, 770, 771, 772, 773, 774, 775, 776, 777, 778, 779, 780, 781, 782, 783, 784, 785, 786, 787, 788, 789, 790, 791, 792, 793]","[10, 75, 103, 104, 106, 117, 118, 120, 127, 128, 129, 131, 133, 135, 136, 137, 139, 146, 147, 148, 149, 151, 158, 160, 162, 166, 173, 178, 179, 185, 190, 192, 198, 201, 203, 204, 206, 207, 212, 213, 214, 219, 223, 224, 225, 227, 230, 235, 237, 246, 247, 256, 259, 262, 263, 266, 268, 269, 271, 272, 278, 279, 284, 285, 288, 290, 292, 304, 306, 312, 316, 319, 320, 323, 324, 329, 332, 335, 495, 549, 574, 575, 577, 588, 589, 591, 598, 599, 600, 602, 604, 606, 607, 608, 610, 617, 618, 619, 620, 622, 625, 630, 632, 634, 638, 644, 649, 650, 656, 661, 663, 669, 673, 674, 676, 677, 682, 683, 684, 687, 688, 689, 691, 694, 699, 701, 710, 718, 722, 723, 727, 728, 730, 731, 737, 738, 743, 744, 747, 749, 751, 762, 764, 770, 774, 777, 778, 781, 782, 789, 791]",[],"[84, 87, 89, 114, 115, 117, 124, 132, 135, 144, 152, 178, 239, 268, 281, 297, 318, 320, 327, 348, 394, 555, 558, 560, 585, 586, 588, 595, 603, 606, 615, 623, 649, 703, 727, 740, 756, 776, 778, 785, 803, 844]","[10, 75, 84, 87, 89, 103, 104, 105, 106, 107, 108, 109, 110, 111, 112, 113, 114, 115, 116, 117, 118, 119, 120, 121, 122, 123, 124, 125, 126, 127, 128, 129, 130, 131, 132, 133, 134, 135, 136, 137, 138, 139, 140, 141, 142, 143, 144, 145, 146, 147, 148, 149, 150, 151, 152, 153, 154, 155, 156, 157, 158, 159, 160, 161, 162, 163, 164, 165, 166, 167, 168, 169, 170, 171, 172, 173, 174, 175, 176, 177, 178, 179, 180, 181, 182, 183, 184, 185, 186, 187, 188, 189, 190, 191, 192, 193, 194, 195, 196, 197, 198, 199, 200, 201, 202, 203, 204, 205, 206, 207, 208, 209, 210, 211, 212, 213, 214, 215, 216, 217, 218, 219, 220, 221, 222, 223, 224, 225, 226, 227, 228, 229, 230, 231, 232, 233, 234, 235, 236, 237, 238, 239, 240, 241, 242, 243, 244, 245, 246, 247, 248, 249, 250, 251, 252, 253, 254, 255, 256, 257, 258, 259, 260, 261, 262, 263, 264, 265, 266, 267, 268, 269, 270, 271, 272, 273, 274, 275, 276, 277, 278, 279, 280, 281, 282, 283, 284, 285, 286, 287, 288, 289, 290, 291, 292, 293, 294, 295, 296, 297, 298, 299, 300, 301, 302, 303, 304, 305, 306, 307, 308, 309, 310, 311, 312, 313, 314, 315, 316, 317, 318, 319, 320, 321, 322, 323, 324, 325, 326, 327, 328, 329, 330, 331, 332, 333, 334, 335, 336, 337, 348, 394, 495, 549, 555, 558, 560, 574, 575, 576, 577, 578, 579, 580, 581, 582, 583, 584, 585, 586, 587, 588, 589, 590, 591, 592, 593, 594, 595, 596, 597, 598, 599, 600, 601, 602, 603, 604, 605, 606, 607, 608, 609, 610, 611, 612, 613, 614, 615, 616, 617, 618, 619, 620, 621, 622, 623, 624, 625, 626, 627, 628, 629, 630, 631, 632, 633, 634, 635, 636, 637, 638, 639, 640, 641, 642, 643, 644, 645, 646, 647, 648, 649, 650, 651, 652, 653, 654, 655, 656, 657, 658, 659, 660, 661, 662, 663, 664, 665, 666, 667, 668, 669, 670, 671, 672, 673, 674, 675, 676, 677, 678, 679, 680, 681, 682, 683, 684, 685, 686, 687, 688, 689, 690, 691, 692, 693, 694, 695, 696, 697, 698, 699, 700, 701, 702, 703, 704, 705, 706, 707, 708, 709, 710, 711, 712, 713, 714, 715, 716, 717, 718, 719, 720, 721, 722, 723, 724, 725, 726, 727, 728, 729, 730, 731, 732, 733, 734, 735, 736, 737, 738, 739, 740, 741, 742, 743, 744, 745, 746, 747, 748, 749, 750, 751, 752, 753, 754, 755, 756, 757, 758, 759, 760, 761, 762, 763, 764, 765, 766, 767, 768, 769, 770, 771, 772, 773, 774, 775, 776, 777, 778, 779, 780, 781, 782, 783, 784, 785, 786, 787, 788, 789, 790, 791, 792, 793, 803, 844]",False,[],"[103, 104, 105, 106, 107, 108, 109, 110, 111, 112, 113, 114, 115, 116, 117, 118, 119, 120, 121, 122, 123, 124, 125, 126, 127, 128, 129, 130, 131, 132, 133, 134, 135, 136, 137, 138, 139, 140, 141, 142, 143, 144, 145, 146, 147, 148, 149, 150, 151, 152, 153, 154, 155, 156, 157, 158, 159, 160, 161, 162, 163, 164, 165, 166, 167, 168, 169, 170, 171, 172, 173, 174, 175, 176, 177, 178, 179, 180, 181, 182, 183, 184, 185, 186, 187, 188, 189, 190, 191, 192, 193, 194, 195, 196, 197, 198, 199, 200, 201, 202, 203, 204, 205, 206, 207, 208, 209, 210, 211, 212, 213, 214, 215, 216, 217, 218, 219, 220, 221, 222, 223, 224, 225, 226, 227, 228, 229, 230, 231, 232, 233, 234, 235, 236, 237, 238, 239, 240, 241, 242, 243, 244, 245, 246, 247, 248, 249, 250, 251, 252, 253, 254, 255, 256, 257, 258, 259, 260, 261, 262, 263, 264, 265, 266, 267, 268, 269, 270, 271, 272, 273, 274, 275, 276, 277, 278, 279, 280, 281, 282, 283, 284, 285, 286, 287, 288, 289, 290, 291, 292, 293, 294, 295, 296, 297, 298, 299, 300, 301, 302, 303, 304, 305, 306, 307, 308, 309, 310, 311, 312, 313, 314, 315, 316, 317, 318, 319, 320, 321, 322, 323, 324, 325, 326, 327, 328, 329, 330, 331, 332, 333, 334, 335, 336, 337, 574, 575, 576, 577, 578, 579, 580, 581, 582, 583, 584, 585, 586, 587, 588, 589, 590, 591, 592, 593, 594, 595, 596, 597, 598, 599, 600, 601, 602, 603, 604, 605, 606, 607, 608, 609, 610, 611, 612, 613, 614, 615, 616, 617, 618, 619, 620, 621, 622, 623, 624, 625, 626, 627, 628, 629, 630, 631, 632, 633, 634, 635, 636, 637, 638, 639, 640, 641, 642, 643, 644, 645, 646, 647, 648, 649, 650, 651, 652, 653, 654, 655, 656, 657, 658, 659, 660, 661, 662, 663, 664, 665, 666, 667, 668, 669, 670, 671, 672, 673, 674, 675, 676, 677, 678, 679, 680, 681, 682, 683, 684, 685, 686, 687, 688, 689, 690, 691, 692, 693, 694, 695, 696, 697, 698, 699, 700, 701, 702, 703, 704, 705, 706, 707, 708, 709, 710, 711, 712, 713, 714, 715, 716, 717, 718, 719, 720, 721, 722, 723, 724, 725, 726, 727, 728, 729, 730, 731, 732, 733, 734, 735, 736, 737, 738, 739, 740, 741, 742, 743, 744, 745, 746, 747, 748, 749, 750, 751, 752, 753, 754, 755, 756, 757, 758, 759, 760, 761, 762, 763, 764, 765, 766, 767, 768, 769, 770, 771, 772, 773, 774, 775, 776, 777, 778, 779, 780, 781, 782, 783, 784, 785, 786, 787, 788, 789, 790, 791, 792, 793]","[146, 185, 617, 656]",[],"[10, 75, 103, 104, 106, 117, 118, 120, 127, 128, 129, 131, 133, 135, 136, 137, 139, 146, 147, 148, 149, 151, 158, 160, 162, 166, 173, 178, 179, 185, 190, 192, 198, 201, 203, 204, 206, 207, 212, 213, 214, 219, 223, 224, 225, 227, 230, 235, 237, 246, 247, 256, 259, 262, 263, 266, 268, 269, 271, 272, 278, 279, 284, 285, 288, 290, 292, 304, 306, 312, 316, 319, 320, 323, 324, 329, 332, 335, 495, 549, 574, 575, 577, 588, 589, 591, 598, 599, 600, 602, 604, 606, 607, 608, 610, 617, 618, 619, 620, 622, 625, 630, 632, 634, 638, 644, 649, 650, 656, 661, 663, 669, 673, 674, 676, 677, 682, 683, 684, 687, 688, 689, 691, 694, 699, 701, 710, 718, 722, 723, 727, 728, 730, 731, 737, 738, 743, 744, 747, 749, 751, 762, 764, 770, 774, 777, 778, 781, 782, 789, 791]","[84, 87, 89, 114, 115, 117, 124, 132, 135, 144, 152, 178, 239, 268, 281, 297, 318, 320, 327, 348, 394, 555, 558, 560, 585, 586, 588, 595, 603, 606, 615, 623, 649, 703, 727, 740, 756, 776, 778, 785, 803, 844]",[],5/6 successful match,False,"[694, 695, 696, 697]",True,824,False,,1.0,True,76 Food Mart S of town ),
"Yuba City , 95993 76 Food Mart ( 5 mi S of town )",2 530-821-0830 CA 99 Exit 341 ( 1466 24,24 <U+2610>,Yuba City,95993,76 Food Mart ( 5 mi S of town ),530-821-0830,2008,Yuba City,CA,,( 1466 24,CA 99 Exit 341 ,Exit,341,False,,False,CA 99,,,,,[],[],"[146, 185, 617, 656]",[],"[103, 104, 105, 106, 107, 108, 109, 110, 111, 112, 113, 114, 115, 116, 117, 118, 119, 120, 121, 122, 123, 124, 125, 126, 127, 128, 129, 130, 131, 132, 133, 134, 135, 136, 137, 138, 139, 140, 141, 142, 143, 144, 145, 146, 147, 148, 149, 150, 151, 152, 153, 154, 155, 156, 157, 158, 159, 160, 161, 162, 163, 164, 165, 166, 167, 168, 169, 170, 171, 172, 173, 174, 175, 176, 177, 178, 179, 180, 181, 182, 183, 184, 185, 186, 187, 188, 189, 190, 191, 192, 193, 194, 195, 196, 197, 198, 199, 200, 201, 202, 203, 204, 205, 206, 207, 208, 209, 210, 211, 212, 213, 214, 215, 216, 217, 218, 219, 220, 221, 222, 223, 224, 225, 226, 227, 228, 229, 230, 231, 232, 233, 234, 235, 236, 237, 238, 239, 240, 241, 242, 243, 244, 245, 246, 247, 248, 249, 250, 251, 252, 253, 254, 255, 256, 257, 258, 259, 260, 261, 262, 263, 264, 265, 266, 267, 268, 269, 270, 271, 272, 273, 274, 275, 276, 277, 278, 279, 280, 281, 282, 283, 284, 285, 286, 287, 288, 289, 290, 291, 292, 293, 294, 295, 296, 297, 298, 299, 300, 301, 302, 303, 304, 305, 306, 307, 308, 309, 310, 311, 312, 313, 314, 315, 316, 317, 318, 319, 320, 321, 322, 323, 324, 325, 326, 327, 328, 329, 330, 331, 332, 333, 334, 335, 336, 337, 574, 575, 576, 577, 578, 579, 580, 581, 582, 583, 584, 585, 586, 587, 588, 589, 590, 591, 592, 593, 594, 595, 596, 597, 598, 599, 600, 601, 602, 603, 604, 605, 606, 607, 608, 609, 610, 611, 612, 613, 614, 615, 616, 617, 618, 619, 620, 621, 622, 623, 624, 625, 626, 627, 628, 629, 630, 631, 632, 633, 634, 635, 636, 637, 638, 639, 640, 641, 642, 643, 644, 645, 646, 647, 648, 649, 650, 651, 652, 653, 654, 655, 656, 657, 658, 659, 660, 661, 662, 663, 664, 665, 666, 667, 668, 669, 670, 671, 672, 673, 674, 675, 676, 677, 678, 679, 680, 681, 682, 683, 684, 685, 686, 687, 688, 689, 690, 691, 692, 693, 694, 695, 696, 697, 698, 699, 700, 701, 702, 703, 704, 705, 706, 707, 708, 709, 710, 711, 712, 713, 714, 715, 716, 717, 718, 719, 720, 721, 722, 723, 724, 725, 726, 727, 728, 729, 730, 731, 732, 733, 734, 735, 736, 737, 738, 739, 740, 741, 742, 743, 744, 745, 746, 747, 748, 749, 750, 751, 752, 753, 754, 755, 756, 757, 758, 759, 760, 761, 762, 763, 764, 765, 766, 767, 768, 769, 770, 771, 772, 773, 774, 775, 776, 777, 778, 779, 780, 781, 782, 783, 784, 785, 786, 787, 788, 789, 790, 791, 792, 793]","[10, 75, 103, 104, 106, 117, 118, 120, 127, 128, 129, 131, 133, 135, 136, 137, 139, 146, 147, 148, 149, 151, 158, 160, 162, 166, 173, 178, 179, 185, 190, 192, 198, 201, 203, 204, 206, 207, 212, 213, 214, 219, 223, 224, 225, 227, 230, 235, 237, 246, 247, 256, 259, 262, 263, 266, 268, 269, 271, 272, 278, 279, 284, 285, 288, 290, 292, 304, 306, 312, 316, 319, 320, 323, 324, 329, 332, 335, 495, 549, 574, 575, 577, 588, 589, 591, 598, 599, 600, 602, 604, 606, 607, 608, 610, 617, 618, 619, 620, 622, 625, 630, 632, 634, 638, 644, 649, 650, 656, 661, 663, 669, 673, 674, 676, 677, 682, 683, 684, 687, 688, 689, 691, 694, 699, 701, 710, 718, 722, 723, 727, 728, 730, 731, 737, 738, 743, 744, 747, 749, 751, 762, 764, 770, 774, 777, 778, 781, 782, 789, 791]",[],"[84, 87, 89, 114, 115, 117, 124, 132, 135, 144, 152, 178, 239, 268, 281, 297, 318, 320, 327, 348, 394, 555, 558, 560, 585, 586, 588, 595, 603, 606, 615, 623, 649, 703, 727, 740, 756, 776, 778, 785, 803, 844]","[10, 75, 84, 87, 89, 103, 104, 105, 106, 107, 108, 109, 110, 111, 112, 113, 114, 115, 116, 117, 118, 119, 120, 121, 122, 123, 124, 125, 126, 127, 128, 129, 130, 131, 132, 133, 134, 135, 136, 137, 138, 139, 140, 141, 142, 143, 144, 145, 146, 147, 148, 149, 150, 151, 152, 153, 154, 155, 156, 157, 158, 159, 160, 161, 162, 163, 164, 165, 166, 167, 168, 169, 170, 171, 172, 173, 174, 175, 176, 177, 178, 179, 180, 181, 182, 183, 184, 185, 186, 187, 188, 189, 190, 191, 192, 193, 194, 195, 196, 197, 198, 199, 200, 201, 202, 203, 204, 205, 206, 207, 208, 209, 210, 211, 212, 213, 214, 215, 216, 217, 218, 219, 220, 221, 222, 223, 224, 225, 226, 227, 228, 229, 230, 231, 232, 233, 234, 235, 236, 237, 238, 239, 240, 241, 242, 243, 244, 245, 246, 247, 248, 249, 250, 251, 252, 253, 254, 255, 256, 257, 258, 259, 260, 261, 262, 263, 264, 265, 266, 267, 268, 269, 270, 271, 272, 273, 274, 275, 276, 277, 278, 279, 280, 281, 282, 283, 284, 285, 286, 287, 288, 289, 290, 291, 292, 293, 294, 295, 296, 297, 298, 299, 300, 301, 302, 303, 304, 305, 306, 307, 308, 309, 310, 311, 312, 313, 314, 315, 316, 317, 318, 319, 320, 321, 322, 323, 324, 325, 326, 327, 328, 329, 330, 331, 332, 333, 334, 335, 336, 337, 348, 394, 495, 549, 555, 558, 560, 574, 575, 576, 577, 578, 579, 580, 581, 582, 583, 584, 585, 586, 587, 588, 589, 590, 591, 592, 593, 594, 595, 596, 597, 598, 599, 600, 601, 602, 603, 604, 605, 606, 607, 608, 609, 610, 611, 612, 613, 614, 615, 616, 617, 618, 619, 620, 621, 622, 623, 624, 625, 626, 627, 628, 629, 630, 631, 632, 633, 634, 635, 636, 637, 638, 639, 640, 641, 642, 643, 644, 645, 646, 647, 648, 649, 650, 651, 652, 653, 654, 655, 656, 657, 658, 659, 660, 661, 662, 663, 664, 665, 666, 667, 668, 669, 670, 671, 672, 673, 674, 675, 676, 677, 678, 679, 680, 681, 682, 683, 684, 685, 686, 687, 688, 689, 690, 691, 692, 693, 694, 695, 696, 697, 698, 699, 700, 701, 702, 703, 704, 705, 706, 707, 708, 709, 710, 711, 712, 713, 714, 715, 716, 717, 718, 719, 720, 721, 722, 723, 724, 725, 726, 727, 728, 729, 730, 731, 732, 733, 734, 735, 736, 737, 738, 739, 740, 741, 742, 743, 744, 745, 746, 747, 748, 749, 750, 751, 752, 753, 754, 755, 756, 757, 758, 759, 760, 761, 762, 763, 764, 765, 766, 767, 768, 769, 770, 771, 772, 773, 774, 775, 776, 777, 778, 779, 780, 781, 782, 783, 784, 785, 786, 787, 788, 789, 790, 791, 792, 793, 803, 844]",False,[],"[103, 104, 105, 106, 107, 108, 109, 110, 111, 112, 113, 114, 115, 116, 117, 118, 119, 120, 121, 122, 123, 124, 125, 126, 127, 128, 129, 130, 131, 132, 133, 134, 135, 136, 137, 138, 139, 140, 141, 142, 143, 144, 145, 146, 147, 148, 149, 150, 151, 152, 153, 154, 155, 156, 157, 158, 159, 160, 161, 162, 163, 164, 165, 166, 167, 168, 169, 170, 171, 172, 173, 174, 175, 176, 177, 178, 179, 180, 181, 182, 183, 184, 185, 186, 187, 188, 189, 190, 191, 192, 193, 194, 195, 196, 197, 198, 199, 200, 201, 202, 203, 204, 205, 206, 207, 208, 209, 210, 211, 212, 213, 214, 215, 216, 217, 218, 219, 220, 221, 222, 223, 224, 225, 226, 227, 228, 229, 230, 231, 232, 233, 234, 235, 236, 237, 238, 239, 240, 241, 242, 243, 244, 245, 246, 247, 248, 249, 250, 251, 252, 253, 254, 255, 256, 257, 258, 259, 260, 261, 262, 263, 264, 265, 266, 267, 268, 269, 270, 271, 272, 273, 274, 275, 276, 277, 278, 279, 280, 281, 282, 283, 284, 285, 286, 287, 288, 289, 290, 291, 292, 293, 294, 295, 296, 297, 298, 299, 300, 301, 302, 303, 304, 305, 306, 307, 308, 309, 310, 311, 312, 313, 314, 315, 316, 317, 318, 319, 320, 321, 322, 323, 324, 325, 326, 327, 328, 329, 330, 331, 332, 333, 334, 335, 336, 337, 574, 575, 576, 577, 578, 579, 580, 581, 582, 583, 584, 585, 586, 587, 588, 589, 590, 591, 592, 593, 594, 595, 596, 597, 598, 599, 600, 601, 602, 603, 604, 605, 606, 607, 608, 609, 610, 611, 612, 613, 614, 615, 616, 617, 618, 619, 620, 621, 622, 623, 624, 625, 626, 627, 628, 629, 630, 631, 632, 633, 634, 635, 636, 637, 638, 639, 640, 641, 642, 643, 644, 645, 646, 647, 648, 649, 650, 651, 652, 653, 654, 655, 656, 657, 658, 659, 660, 661, 662, 663, 664, 665, 666, 667, 668, 669, 670, 671, 672, 673, 674, 675, 676, 677, 678, 679, 680, 681, 682, 683, 684, 685, 686, 687, 688, 689, 690, 691, 692, 693, 694, 695, 696, 697, 698, 699, 700, 701, 702, 703, 704, 705, 706, 707, 708, 709, 710, 711, 712, 713, 714, 715, 716, 717, 718, 719, 720, 721, 722, 723, 724, 725, 726, 727, 728, 729, 730, 731, 732, 733, 734, 735, 736, 737, 738, 739, 740, 741, 742, 743, 744, 745, 746, 747, 748, 749, 750, 751, 752, 753, 754, 755, 756, 757, 758, 759, 760, 761, 762, 763, 764, 765, 766, 767, 768, 769, 770, 771, 772, 773, 774, 775, 776, 777, 778, 779, 780, 781, 782, 783, 784, 785, 786, 787, 788, 789, 790, 791, 792, 793]","[146, 185, 617, 656]",[],"[10, 75, 103, 104, 106, 117, 118, 120, 127, 128, 129, 131, 133, 135, 136, 137, 139, 146, 147, 148, 149, 151, 158, 160, 162, 166, 173, 178, 179, 185, 190, 192, 198, 201, 203, 204, 206, 207, 212, 213, 214, 219, 223, 224, 225, 227, 230, 235, 237, 246, 247, 256, 259, 262, 263, 266, 268, 269, 271, 272, 278, 279, 284, 285, 288, 290, 292, 304, 306, 312, 316, 319, 320, 323, 324, 329, 332, 335, 495, 549, 574, 575, 577, 588, 589, 591, 598, 599, 600, 602, 604, 606, 607, 608, 610, 617, 618, 619, 620, 622, 625, 630, 632, 634, 638, 644, 649, 650, 656, 661, 663, 669, 673, 674, 676, 677, 682, 683, 684, 687, 688, 689, 691, 694, 699, 701, 710, 718, 722, 723, 727, 728, 730, 731, 737, 738, 743, 744, 747, 749, 751, 762, 764, 770, 774, 777, 778, 781, 782, 789, 791]","[84, 87, 89, 114, 115, 117, 124, 132, 135, 144, 152, 178, 239, 268, 281, 297, 318, 320, 327, 348, 394, 555, 558, 560, 585, 586, 588, 595, 603, 606, 615, 623, 649, 703, 727, 740, 756, 776, 778, 785, 803, 844]",[],5/6 successful match,False,"[694, 695, 696, 697]",True,824,False,,0.9674418604651163,True,76 Food Mart,
"B Redding , 96003 KC's Corner Mart Rd )",2 530-275-4375 I-5 Exit 687 ( Old ( Chevron / CFN ),S <U+2610> <U+2610>,Redding,96003,KC's Corner Mart Rd ),530-275-4375,2008,Redding,CA,,( Old ( Chevron / CFN ),I-5 Exit 687 ,Exit,687,False,,False,I-5,,,,,"[667, 196]","[196, 667]","[196, 308, 667, 766]","[196, 667]","[103, 104, 105, 106, 107, 108, 109, 110, 111, 112, 113, 114, 115, 116, 117, 118, 119, 120, 121, 122, 123, 124, 125, 126, 127, 128, 129, 130, 131, 132, 133, 134, 135, 136, 137, 138, 139, 140, 141, 142, 143, 144, 145, 146, 147, 148, 149, 150, 151, 152, 153, 154, 155, 156, 157, 158, 159, 160, 161, 162, 163, 164, 165, 166, 167, 168, 169, 170, 171, 172, 173, 174, 175, 176, 177, 178, 179, 180, 181, 182, 183, 184, 185, 186, 187, 188, 189, 190, 191, 192, 193, 194, 195, 196, 197, 198, 199, 200, 201, 202, 203, 204, 205, 206, 207, 208, 209, 210, 211, 212, 213, 214, 215, 216, 217, 218, 219, 220, 221, 222, 223, 224, 225, 226, 227, 228, 229, 230, 231, 232, 233, 234, 235, 236, 237, 238, 239, 240, 241, 242, 243, 244, 245, 246, 247, 248, 249, 250, 251, 252, 253, 254, 255, 256, 257, 258, 259, 260, 261, 262, 263, 264, 265, 266, 267, 268, 269, 270, 271, 272, 273, 274, 275, 276, 277, 278, 279, 280, 281, 282, 283, 284, 285, 286, 287, 288, 289, 290, 291, 292, 293, 294, 295, 296, 297, 298, 299, 300, 301, 302, 303, 304, 305, 306, 307, 308, 309, 310, 311, 312, 313, 314, 315, 316, 317, 318, 319, 320, 321, 322, 323, 324, 325, 326, 327, 328, 329, 330, 331, 332, 333, 334, 335, 336, 337, 574, 575, 576, 577, 578, 579, 580, 581, 582, 583, 584, 585, 586, 587, 588, 589, 590, 591, 592, 593, 594, 595, 596, 597, 598, 599, 600, 601, 602, 603, 604, 605, 606, 607, 608, 609, 610, 611, 612, 613, 614, 615, 616, 617, 618, 619, 620, 621, 622, 623, 624, 625, 626, 627, 628, 629, 630, 631, 632, 633, 634, 635, 636, 637, 638, 639, 640, 641, 642, 643, 644, 645, 646, 647, 648, 649, 650, 651, 652, 653, 654, 655, 656, 657, 658, 659, 660, 661, 662, 663, 664, 665, 666, 667, 668, 669, 670, 671, 672, 673, 674, 675, 676, 677, 678, 679, 680, 681, 682, 683, 684, 685, 686, 687, 688, 689, 690, 691, 692, 693, 694, 695, 696, 697, 698, 699, 700, 701, 702, 703, 704, 705, 706, 707, 708, 709, 710, 711, 712, 713, 714, 715, 716, 717, 718, 719, 720, 721, 722, 723, 724, 725, 726, 727, 728, 729, 730, 731, 732, 733, 734, 735, 736, 737, 738, 739, 740, 741, 742, 743, 744, 745, 746, 747, 748, 749, 750, 751, 752, 753, 754, 755, 756, 757, 758, 759, 760, 761, 762, 763, 764, 765, 766, 767, 768, 769, 770, 771, 772, 773, 774, 775, 776, 777, 778, 779, 780, 781, 782, 783, 784, 785, 786, 787, 788, 789, 790, 791, 792, 793]","[105, 114, 138, 141, 152, 153, 154, 155, 157, 159, 164, 165, 176, 182, 191, 192, 194, 195, 196, 200, 204, 208, 209, 210, 211, 215, 226, 228, 241, 242, 243, 245, 248, 249, 250, 257, 261, 270, 271, 282, 287, 289, 291, 294, 296, 298, 306, 308, 309, 311, 314, 327, 333, 335, 337, 576, 585, 609, 612, 623, 624, 626, 627, 629, 631, 636, 637, 647, 653, 662, 663, 665, 666, 667, 671, 674, 678, 679, 680, 681, 690, 692, 705, 706, 707, 709, 711, 712, 713, 719, 721, 729, 730, 741, 746, 748, 750, 753, 755, 757, 764, 766, 767, 769, 772, 785, 791]",[],"[9, 10, 196, 397, 494, 495, 667, 847]","[9, 10, 103, 104, 105, 106, 107, 108, 109, 110, 111, 112, 113, 114, 115, 116, 117, 118, 119, 120, 121, 122, 123, 124, 125, 126, 127, 128, 129, 130, 131, 132, 133, 134, 135, 136, 137, 138, 139, 140, 141, 142, 143, 144, 145, 146, 147, 148, 149, 150, 151, 152, 153, 154, 155, 156, 157, 158, 159, 160, 161, 162, 163, 164, 165, 166, 167, 168, 169, 170, 171, 172, 173, 174, 175, 176, 177, 178, 179, 180, 181, 182, 183, 184, 185, 186, 187, 188, 189, 190, 191, 192, 193, 194, 195, 196, 197, 198, 199, 200, 201, 202, 203, 204, 205, 206, 207, 208, 209, 210, 211, 212, 213, 214, 215, 216, 217, 218, 219, 220, 221, 222, 223, 224, 225, 226, 227, 228, 229, 230, 231, 232, 233, 234, 235, 236, 237, 238, 239, 240, 241, 242, 243, 244, 245, 246, 247, 248, 249, 250, 251, 252, 253, 254, 255, 256, 257, 258, 259, 260, 261, 262, 263, 264, 265, 266, 267, 268, 269, 270, 271, 272, 273, 274, 275, 276, 277, 278, 279, 280, 281, 282, 283, 284, 285, 286, 287, 288, 289, 290, 291, 292, 293, 294, 295, 296, 297, 298, 299, 300, 301, 302, 303, 304, 305, 306, 307, 308, 309, 310, 311, 312, 313, 314, 315, 316, 317, 318, 319, 320, 321, 322, 323, 324, 325, 326, 327, 328, 329, 330, 331, 332, 333, 334, 335, 336, 337, 397, 494, 495, 574, 575, 576, 577, 578, 579, 580, 581, 582, 583, 584, 585, 586, 587, 588, 589, 590, 591, 592, 593, 594, 595, 596, 597, 598, 599, 600, 601, 602, 603, 604, 605, 606, 607, 608, 609, 610, 611, 612, 613, 614, 615, 616, 617, 618, 619, 620, 621, 622, 623, 624, 625, 626, 627, 628, 629, 630, 631, 632, 633, 634, 635, 636, 637, 638, 639, 640, 641, 642, 643, 644, 645, 646, 647, 648, 649, 650, 651, 652, 653, 654, 655, 656, 657, 658, 659, 660, 661, 662, 663, 664, 665, 666, 667, 668, 669, 670, 671, 672, 673, 674, 675, 676, 677, 678, 679, 680, 681, 682, 683, 684, 685, 686, 687, 688, 689, 690, 691, 692, 693, 694, 695, 696, 697, 698, 699, 700, 701, 702, 703, 704, 705, 706, 707, 708, 709, 710, 711, 712, 713, 714, 715, 716, 717, 718, 719, 720, 721, 722, 723, 724, 725, 726, 727, 728, 729, 730, 731, 732, 733, 734, 735, 736, 737, 738, 739, 740, 741, 742, 743, 744, 745, 746, 747, 748, 749, 750, 751, 752, 753, 754, 755, 756, 757, 758, 759, 760, 761, 762, 763, 764, 765, 766, 767, 768, 769, 770, 771, 772, 773, 774, 775, 776, 777, 778, 779, 780, 781, 782, 783, 784, 785, 786, 787, 788, 789, 790, 791, 792, 793, 847]",True,"[196, 667]","[103, 104, 105, 106, 107, 108, 109, 110, 111, 112, 113, 114, 115, 116, 117, 118, 119, 120, 121, 122, 123, 124, 125, 126, 127, 128, 129, 130, 131, 132, 133, 134, 135, 136, 137, 138, 139, 140, 141, 142, 143, 144, 145, 146, 147, 148, 149, 150, 151, 152, 153, 154, 155, 156, 157, 158, 159, 160, 161, 162, 163, 164, 165, 166, 167, 168, 169, 170, 171, 172, 173, 174, 175, 176, 177, 178, 179, 180, 181, 182, 183, 184, 185, 186, 187, 188, 189, 190, 191, 192, 193, 194, 195, 196, 197, 198, 199, 200, 201, 202, 203, 204, 205, 206, 207, 208, 209, 210, 211, 212, 213, 214, 215, 216, 217, 218, 219, 220, 221, 222, 223, 224, 225, 226, 227, 228, 229, 230, 231, 232, 233, 234, 235, 236, 237, 238, 239, 240, 241, 242, 243, 244, 245, 246, 247, 248, 249, 250, 251, 252, 253, 254, 255, 256, 257, 258, 259, 260, 261, 262, 263, 264, 265, 266, 267, 268, 269, 270, 271, 272, 273, 274, 275, 276, 277, 278, 279, 280, 281, 282, 283, 284, 285, 286, 287, 288, 289, 290, 291, 292, 293, 294, 295, 296, 297, 298, 299, 300, 301, 302, 303, 304, 305, 306, 307, 308, 309, 310, 311, 312, 313, 314, 315, 316, 317, 318, 319, 320, 321, 322, 323, 324, 325, 326, 327, 328, 329, 330, 331, 332, 333, 334, 335, 336, 337, 574, 575, 576, 577, 578, 579, 580, 581, 582, 583, 584, 585, 586, 587, 588, 589, 590, 591, 592, 593, 594, 595, 596, 597, 598, 599, 600, 601, 602, 603, 604, 605, 606, 607, 608, 609, 610, 611, 612, 613, 614, 615, 616, 617, 618, 619, 620, 621, 622, 623, 624, 625, 626, 627, 628, 629, 630, 631, 632, 633, 634, 635, 636, 637, 638, 639, 640, 641, 642, 643, 644, 645, 646, 647, 648, 649, 650, 651, 652, 653, 654, 655, 656, 657, 658, 659, 660, 661, 662, 663, 664, 665, 666, 667, 668, 669, 670, 671, 672, 673, 674, 675, 676, 677, 678, 679, 680, 681, 682, 683, 684, 685, 686, 687, 688, 689, 690, 691, 692, 693, 694, 695, 696, 697, 698, 699, 700, 701, 702, 703, 704, 705, 706, 707, 708, 709, 710, 711, 712, 713, 714, 715, 716, 717, 718, 719, 720, 721, 722, 723, 724, 725, 726, 727, 728, 729, 730, 731, 732, 733, 734, 735, 736, 737, 738, 739, 740, 741, 742, 743, 744, 745, 746, 747, 748, 749, 750, 751, 752, 753, 754, 755, 756, 757, 758, 759, 760, 761, 762, 763, 764, 765, 766, 767, 768, 769, 770, 771, 772, 773, 774, 775, 776, 777, 778, 779, 780, 781, 782, 783, 784, 785, 786, 787, 788, 789, 790, 791, 792, 793]","[196, 308, 667, 766]","[196, 667]","[105, 114, 138, 141, 152, 153, 154, 155, 157, 159, 164, 165, 176, 182, 191, 192, 194, 195, 196, 200, 204, 208, 209, 210, 211, 215, 226, 228, 241, 242, 243, 245, 248, 249, 250, 257, 261, 270, 271, 282, 287, 289, 291, 294, 296, 298, 306, 308, 309, 311, 314, 327, 333, 335, 337, 576, 585, 609, 612, 623, 624, 626, 627, 629, 631, 636, 637, 647, 653, 662, 663, 665, 666, 667, 671, 674, 678, 679, 680, 681, 690, 692, 705, 706, 707, 709, 711, 712, 713, 719, 721, 729, 730, 741, 746, 748, 750, 753, 755, 757, 764, 766, 767, 769, 772, 785, 791]","[9, 10, 196, 397, 494, 495, 667, 847]",[],7/6 successful match,True,[636],True,825,False,,,,,
B Redding ( 96003 ) KC's Corner Mart ( Chevron / CFN ),530-275-4375 I-5 Exit 687 ( Old Oregon Trail ),<U+2610> 0 <U+2610> <U+2610>,Redding,96003,KC's Corner Mart ( Chevron / CFN ),530-275-4375,2015,Redding,CA,Chevron,( Old Oregon Trail ),I-5 Exit 687 ,Exit,687,False,,False,I-5,,,,,"[667, 196]","[196, 667]","[196, 308, 667, 766]","[196, 667]","[103, 104, 105, 106, 107, 108, 109, 110, 111, 112, 113, 114, 115, 116, 117, 118, 119, 120, 121, 122, 123, 124, 125, 126, 127, 128, 129, 130, 131, 132, 133, 134, 135, 136, 137, 138, 139, 140, 141, 142, 143, 144, 145, 146, 147, 148, 149, 150, 151, 152, 153, 154, 155, 156, 157, 158, 159, 160, 161, 162, 163, 164, 165, 166, 167, 168, 169, 170, 171, 172, 173, 174, 175, 176, 177, 178, 179, 180, 181, 182, 183, 184, 185, 186, 187, 188, 189, 190, 191, 192, 193, 194, 195, 196, 197, 198, 199, 200, 201, 202, 203, 204, 205, 206, 207, 208, 209, 210, 211, 212, 213, 214, 215, 216, 217, 218, 219, 220, 221, 222, 223, 224, 225, 226, 227, 228, 229, 230, 231, 232, 233, 234, 235, 236, 237, 238, 239, 240, 241, 242, 243, 244, 245, 246, 247, 248, 249, 250, 251, 252, 253, 254, 255, 256, 257, 258, 259, 260, 261, 262, 263, 264, 265, 266, 267, 268, 269, 270, 271, 272, 273, 274, 275, 276, 277, 278, 279, 280, 281, 282, 283, 284, 285, 286, 287, 288, 289, 290, 291, 292, 293, 294, 295, 296, 297, 298, 299, 300, 301, 302, 303, 304, 305, 306, 307, 308, 309, 310, 311, 312, 313, 314, 315, 316, 317, 318, 319, 320, 321, 322, 323, 324, 325, 326, 327, 328, 329, 330, 331, 332, 333, 334, 335, 336, 337, 574, 575, 576, 577, 578, 579, 580, 581, 582, 583, 584, 585, 586, 587, 588, 589, 590, 591, 592, 593, 594, 595, 596, 597, 598, 599, 600, 601, 602, 603, 604, 605, 606, 607, 608, 609, 610, 611, 612, 613, 614, 615, 616, 617, 618, 619, 620, 621, 622, 623, 624, 625, 626, 627, 628, 629, 630, 631, 632, 633, 634, 635, 636, 637, 638, 639, 640, 641, 642, 643, 644, 645, 646, 647, 648, 649, 650, 651, 652, 653, 654, 655, 656, 657, 658, 659, 660, 661, 662, 663, 664, 665, 666, 667, 668, 669, 670, 671, 672, 673, 674, 675, 676, 677, 678, 679, 680, 681, 682, 683, 684, 685, 686, 687, 688, 689, 690, 691, 692, 693, 694, 695, 696, 697, 698, 699, 700, 701, 702, 703, 704, 705, 706, 707, 708, 709, 710, 711, 712, 713, 714, 715, 716, 717, 718, 719, 720, 721, 722, 723, 724, 725, 726, 727, 728, 729, 730, 731, 732, 733, 734, 735, 736, 737, 738, 739, 740, 741, 742, 743, 744, 745, 746, 747, 748, 749, 750, 751, 752, 753, 754, 755, 756, 757, 758, 759, 760, 761, 762, 763, 764, 765, 766, 767, 768, 769, 770, 771, 772, 773, 774, 775, 776, 777, 778, 779, 780, 781, 782, 783, 784, 785, 786, 787, 788, 789, 790, 791, 792, 793]","[105, 114, 138, 141, 152, 153, 154, 155, 157, 159, 164, 165, 176, 182, 191, 192, 194, 195, 196, 200, 204, 208, 209, 210, 211, 215, 226, 228, 241, 242, 243, 245, 248, 249, 250, 257, 261, 270, 271, 282, 287, 289, 291, 294, 296, 298, 306, 308, 309, 311, 314, 327, 333, 335, 337, 576, 585, 609, 612, 623, 624, 626, 627, 629, 631, 636, 637, 647, 653, 662, 663, 665, 666, 667, 671, 674, 678, 679, 680, 681, 690, 692, 705, 706, 707, 709, 711, 712, 713, 719, 721, 729, 730, 741, 746, 748, 750, 753, 755, 757, 764, 766, 767, 769, 772, 785, 791]","[12, 24, 25, 28, 88, 100, 104, 119, 123, 129, 136, 137, 139, 140, 141, 148, 155, 169, 172, 179, 183, 185, 188, 196, 198, 217, 237, 267, 270, 278, 319, 321, 324, 325, 330, 334, 335, 354, 366, 369, 380, 383, 384, 386, 395, 407, 411, 423, 428, 436, 437, 452, 453, 456, 467, 471, 477, 478, 479, 497, 508, 511, 559, 571, 575, 590, 594, 600, 607, 608, 610, 611, 612, 619, 627, 640, 643, 650, 654, 656, 659, 667, 669, 685, 701, 726, 729, 737, 777, 779, 782, 783, 787, 790, 791, 809, 817, 819, 830, 833, 834, 836, 845, 856, 857, 860, 862, 875, 880, 887, 888, 899, 900, 914, 918, 921, 928, 929, 930]","[9, 10, 12, 24, 25, 28, 88, 100, 104, 119, 123, 129, 136, 137, 139, 140, 141, 148, 155, 169, 172, 179, 183, 185, 188, 196, 198, 217, 237, 264, 267, 270, 278, 319, 321, 324, 325, 330, 334, 335, 354, 366, 369, 380, 383, 384, 386, 395, 397, 407, 411, 423, 428, 436, 437, 452, 453, 456, 467, 471, 477, 478, 479, 494, 495, 497, 508, 511, 559, 571, 575, 590, 594, 600, 607, 608, 610, 611, 612, 619, 627, 640, 643, 650, 654, 656, 659, 667, 669, 685, 701, 724, 726, 729, 737, 777, 779, 782, 783, 787, 790, 791, 809, 817, 819, 830, 833, 834, 836, 845, 847, 856, 857, 860, 862, 875, 880, 887, 888, 899, 900, 914, 918, 921, 928, 929, 930]","[9, 10, 12, 24, 25, 28, 88, 100, 103, 104, 105, 106, 107, 108, 109, 110, 111, 112, 113, 114, 115, 116, 117, 118, 119, 120, 121, 122, 123, 124, 125, 126, 127, 128, 129, 130, 131, 132, 133, 134, 135, 136, 137, 138, 139, 140, 141, 142, 143, 144, 145, 146, 147, 148, 149, 150, 151, 152, 153, 154, 155, 156, 157, 158, 159, 160, 161, 162, 163, 164, 165, 166, 167, 168, 169, 170, 171, 172, 173, 174, 175, 176, 177, 178, 179, 180, 181, 182, 183, 184, 185, 186, 187, 188, 189, 190, 191, 192, 193, 194, 195, 196, 197, 198, 199, 200, 201, 202, 203, 204, 205, 206, 207, 208, 209, 210, 211, 212, 213, 214, 215, 216, 217, 218, 219, 220, 221, 222, 223, 224, 225, 226, 227, 228, 229, 230, 231, 232, 233, 234, 235, 236, 237, 238, 239, 240, 241, 242, 243, 244, 245, 246, 247, 248, 249, 250, 251, 252, 253, 254, 255, 256, 257, 258, 259, 260, 261, 262, 263, 264, 265, 266, 267, 268, 269, 270, 271, 272, 273, 274, 275, 276, 277, 278, 279, 280, 281, 282, 283, 284, 285, 286, 287, 288, 289, 290, 291, 292, 293, 294, 295, 296, 297, 298, 299, 300, 301, 302, 303, 304, 305, 306, 307, 308, 309, 310, 311, 312, 313, 314, 315, 316, 317, 318, 319, 320, 321, 322, 323, 324, 325, 326, 327, 328, 329, 330, 331, 332, 333, 334, 335, 336, 337, 354, 366, 369, 380, 383, 384, 386, 395, 397, 407, 411, 423, 428, 436, 437, 452, 453, 456, 467, 471, 477, 478, 479, 494, 495, 497, 508, 511, 559, 571, 574, 575, 576, 577, 578, 579, 580, 581, 582, 583, 584, 585, 586, 587, 588, 589, 590, 591, 592, 593, 594, 595, 596, 597, 598, 599, 600, 601, 602, 603, 604, 605, 606, 607, 608, 609, 610, 611, 612, 613, 614, 615, 616, 617, 618, 619, 620, 621, 622, 623, 624, 625, 626, 627, 628, 629, 630, 631, 632, 633, 634, 635, 636, 637, 638, 639, 640, 641, 642, 643, 644, 645, 646, 647, 648, 649, 650, 651, 652, 653, 654, 655, 656, 657, 658, 659, 660, 661, 662, 663, 664, 665, 666, 667, 668, 669, 670, 671, 672, 673, 674, 675, 676, 677, 678, 679, 680, 681, 682, 683, 684, 685, 686, 687, 688, 689, 690, 691, 692, 693, 694, 695, 696, 697, 698, 699, 700, 701, 702, 703, 704, 705, 706, 707, 708, 709, 710, 711, 712, 713, 714, 715, 716, 717, 718, 719, 720, 721, 722, 723, 724, 725, 726, 727, 728, 729, 730, 731, 732, 733, 734, 735, 736, 737, 738, 739, 740, 741, 742, 743, 744, 745, 746, 747, 748, 749, 750, 751, 752, 753, 754, 755, 756, 757, 758, 759, 760, 761, 762, 763, 764, 765, 766, 767, 768, 769, 770, 771, 772, 773, 774, 775, 776, 777, 778, 779, 780, 781, 782, 783, 784, 785, 786, 787, 788, 789, 790, 791, 792, 793, 809, 817, 819, 830, 833, 834, 836, 845, 847, 856, 857, 860, 862, 875, 880, 887, 888, 899, 900, 914, 918, 921, 928, 929, 930]",True,"[196, 667]","[103, 104, 105, 106, 107, 108, 109, 110, 111, 112, 113, 114, 115, 116, 117, 118, 119, 120, 121, 122, 123, 124, 125, 126, 127, 128, 129, 130, 131, 132, 133, 134, 135, 136, 137, 138, 139, 140, 141, 142, 143, 144, 145, 146, 147, 148, 149, 150, 151, 152, 153, 154, 155, 156, 157, 158, 159, 160, 161, 162, 163, 164, 165, 166, 167, 168, 169, 170, 171, 172, 173, 174, 175, 176, 177, 178, 179, 180, 181, 182, 183, 184, 185, 186, 187, 188, 189, 190, 191, 192, 193, 194, 195, 196, 197, 198, 199, 200, 201, 202, 203, 204, 205, 206, 207, 208, 209, 210, 211, 212, 213, 214, 215, 216, 217, 218, 219, 220, 221, 222, 223, 224, 225, 226, 227, 228, 229, 230, 231, 232, 233, 234, 235, 236, 237, 238, 239, 240, 241, 242, 243, 244, 245, 246, 247, 248, 249, 250, 251, 252, 253, 254, 255, 256, 257, 258, 259, 260, 261, 262, 263, 264, 265, 266, 267, 268, 269, 270, 271, 272, 273, 274, 275, 276, 277, 278, 279, 280, 281, 282, 283, 284, 285, 286, 287, 288, 289, 290, 291, 292, 293, 294, 295, 296, 297, 298, 299, 300, 301, 302, 303, 304, 305, 306, 307, 308, 309, 310, 311, 312, 313, 314, 315, 316, 317, 318, 319, 320, 321, 322, 323, 324, 325, 326, 327, 328, 329, 330, 331, 332, 333, 334, 335, 336, 337, 574, 575, 576, 577, 578, 579, 580, 581, 582, 583, 584, 585, 586, 587, 588, 589, 590, 591, 592, 593, 594, 595, 596, 597, 598, 599, 600, 601, 602, 603, 604, 605, 606, 607, 608, 609, 610, 611, 612, 613, 614, 615, 616, 617, 618, 619, 620, 621, 622, 623, 624, 625, 626, 627, 628, 629, 630, 631, 632, 633, 634, 635, 636, 637, 638, 639, 640, 641, 642, 643, 644, 645, 646, 647, 648, 649, 650, 651, 652, 653, 654, 655, 656, 657, 658, 659, 660, 661, 662, 663, 664, 665, 666, 667, 668, 669, 670, 671, 672, 673, 674, 675, 676, 677, 678, 679, 680, 681, 682, 683, 684, 685, 686, 687, 688, 689, 690, 691, 692, 693, 694, 695, 696, 697, 698, 699, 700, 701, 702, 703, 704, 705, 706, 707, 708, 709, 710, 711, 712, 713, 714, 715, 716, 717, 718, 719, 720, 721, 722, 723, 724, 725, 726, 727, 728, 729, 730, 731, 732, 733, 734, 735, 736, 737, 738, 739, 740, 741, 742, 743, 744, 745, 746, 747, 748, 749, 750, 751, 752, 753, 754, 755, 756, 757, 758, 759, 760, 761, 762, 763, 764, 765, 766, 767, 768, 769, 770, 771, 772, 773, 774, 775, 776, 777, 778, 779, 780, 781, 782, 783, 784, 785, 786, 787, 788, 789, 790, 791, 792, 793]","[196, 308, 667, 766]","[196, 667]","[105, 114, 138, 141, 152, 153, 154, 155, 157, 159, 164, 165, 176, 182, 191, 192, 194, 195, 196, 200, 204, 208, 209, 210, 211, 215, 226, 228, 241, 242, 243, 245, 248, 249, 250, 257, 261, 270, 271, 282, 287, 289, 291, 294, 296, 298, 306, 308, 309, 311, 314, 327, 333, 335, 337, 576, 585, 609, 612, 623, 624, 626, 627, 629, 631, 636, 637, 647, 653, 662, 663, 665, 666, 667, 671, 674, 678, 679, 680, 681, 690, 692, 705, 706, 707, 709, 711, 712, 713, 719, 721, 729, 730, 741, 746, 748, 750, 753, 755, 757, 764, 766, 767, 769, 772, 785, 791]","[9, 10, 12, 24, 25, 28, 88, 100, 104, 119, 123, 129, 136, 137, 139, 140, 141, 148, 155, 169, 172, 179, 183, 185, 188, 196, 198, 217, 237, 264, 267, 270, 278, 319, 321, 324, 325, 330, 334, 335, 354, 366, 369, 380, 383, 384, 386, 395, 397, 407, 411, 423, 428, 436, 437, 452, 453, 456, 467, 471, 477, 478, 479, 494, 495, 497, 508, 511, 559, 571, 575, 590, 594, 600, 607, 608, 610, 611, 612, 619, 627, 640, 643, 650, 654, 656, 659, 667, 669, 685, 701, 724, 726, 729, 737, 777, 779, 782, 783, 787, 790, 791, 809, 817, 819, 830, 833, 834, 836, 845, 847, 856, 857, 860, 862, 875, 880, 887, 888, 899, 900, 914, 918, 921, 928, 929, 930]","[12, 24, 25, 28, 88, 100, 104, 119, 123, 129, 136, 137, 139, 140, 141, 148, 155, 169, 172, 179, 183, 185, 188, 196, 198, 217, 237, 267, 270, 278, 319, 321, 324, 325, 330, 334, 335, 354, 366, 369, 380, 383, 384, 386, 395, 407, 411, 423, 428, 436, 437, 452, 453, 456, 467, 471, 477, 478, 479, 497, 508, 511, 559, 571, 575, 590, 594, 600, 607, 608, 610, 611, 612, 619, 627, 640, 643, 650, 654, 656, 659, 667, 669, 685, 701, 726, 729, 737, 777, 779, 782, 783, 787, 790, 791, 809, 817, 819, 830, 833, 834, 836, 845, 856, 857, 860, 862, 875, 880, 887, 888, 899, 900, 914, 918, 921, 928, 929, 930]",7/6 successful match,True,[636],True,826,False,,,,,
B Redding ( 96003 ) KC's Corner Mart ( Chevron / CFN ),2 530-275-4375 I-5 Exit 687 ( Old Oregon Trail ),<U+2610> <U+25A1>,Redding,96003,KC's Corner Mart ( Chevron / CFN ),530-275-4375,2016,Redding,CA,Chevron,( Old Oregon Trail ),I-5 Exit 687 ,Exit,687,False,,False,I-5,,,,,"[667, 196]","[196, 667]","[196, 308, 667, 766]","[196, 667]","[103, 104, 105, 106, 107, 108, 109, 110, 111, 112, 113, 114, 115, 116, 117, 118, 119, 120, 121, 122, 123, 124, 125, 126, 127, 128, 129, 130, 131, 132, 133, 134, 135, 136, 137, 138, 139, 140, 141, 142, 143, 144, 145, 146, 147, 148, 149, 150, 151, 152, 153, 154, 155, 156, 157, 158, 159, 160, 161, 162, 163, 164, 165, 166, 167, 168, 169, 170, 171, 172, 173, 174, 175, 176, 177, 178, 179, 180, 181, 182, 183, 184, 185, 186, 187, 188, 189, 190, 191, 192, 193, 194, 195, 196, 197, 198, 199, 200, 201, 202, 203, 204, 205, 206, 207, 208, 209, 210, 211, 212, 213, 214, 215, 216, 217, 218, 219, 220, 221, 222, 223, 224, 225, 226, 227, 228, 229, 230, 231, 232, 233, 234, 235, 236, 237, 238, 239, 240, 241, 242, 243, 244, 245, 246, 247, 248, 249, 250, 251, 252, 253, 254, 255, 256, 257, 258, 259, 260, 261, 262, 263, 264, 265, 266, 267, 268, 269, 270, 271, 272, 273, 274, 275, 276, 277, 278, 279, 280, 281, 282, 283, 284, 285, 286, 287, 288, 289, 290, 291, 292, 293, 294, 295, 296, 297, 298, 299, 300, 301, 302, 303, 304, 305, 306, 307, 308, 309, 310, 311, 312, 313, 314, 315, 316, 317, 318, 319, 320, 321, 322, 323, 324, 325, 326, 327, 328, 329, 330, 331, 332, 333, 334, 335, 336, 337, 574, 575, 576, 577, 578, 579, 580, 581, 582, 583, 584, 585, 586, 587, 588, 589, 590, 591, 592, 593, 594, 595, 596, 597, 598, 599, 600, 601, 602, 603, 604, 605, 606, 607, 608, 609, 610, 611, 612, 613, 614, 615, 616, 617, 618, 619, 620, 621, 622, 623, 624, 625, 626, 627, 628, 629, 630, 631, 632, 633, 634, 635, 636, 637, 638, 639, 640, 641, 642, 643, 644, 645, 646, 647, 648, 649, 650, 651, 652, 653, 654, 655, 656, 657, 658, 659, 660, 661, 662, 663, 664, 665, 666, 667, 668, 669, 670, 671, 672, 673, 674, 675, 676, 677, 678, 679, 680, 681, 682, 683, 684, 685, 686, 687, 688, 689, 690, 691, 692, 693, 694, 695, 696, 697, 698, 699, 700, 701, 702, 703, 704, 705, 706, 707, 708, 709, 710, 711, 712, 713, 714, 715, 716, 717, 718, 719, 720, 721, 722, 723, 724, 725, 726, 727, 728, 729, 730, 731, 732, 733, 734, 735, 736, 737, 738, 739, 740, 741, 742, 743, 744, 745, 746, 747, 748, 749, 750, 751, 752, 753, 754, 755, 756, 757, 758, 759, 760, 761, 762, 763, 764, 765, 766, 767, 768, 769, 770, 771, 772, 773, 774, 775, 776, 777, 778, 779, 780, 781, 782, 783, 784, 785, 786, 787, 788, 789, 790, 791, 792, 793]","[105, 114, 138, 141, 152, 153, 154, 155, 157, 159, 164, 165, 176, 182, 191, 192, 194, 195, 196, 200, 204, 208, 209, 210, 211, 215, 226, 228, 241, 242, 243, 245, 248, 249, 250, 257, 261, 270, 271, 282, 287, 289, 291, 294, 296, 298, 306, 308, 309, 311, 314, 327, 333, 335, 337, 576, 585, 609, 612, 623, 624, 626, 627, 629, 631, 636, 637, 647, 653, 662, 663, 665, 666, 667, 671, 674, 678, 679, 680, 681, 690, 692, 705, 706, 707, 709, 711, 712, 713, 719, 721, 729, 730, 741, 746, 748, 750, 753, 755, 757, 764, 766, 767, 769, 772, 785, 791]","[12, 24, 25, 28, 88, 100, 104, 119, 123, 129, 136, 137, 139, 140, 141, 148, 155, 169, 172, 179, 183, 185, 188, 196, 198, 217, 237, 267, 270, 278, 319, 321, 324, 325, 330, 334, 335, 354, 366, 369, 380, 383, 384, 386, 395, 407, 411, 423, 428, 436, 437, 452, 453, 456, 467, 471, 477, 478, 479, 497, 508, 511, 559, 571, 575, 590, 594, 600, 607, 608, 610, 611, 612, 619, 627, 640, 643, 650, 654, 656, 659, 667, 669, 685, 701, 726, 729, 737, 777, 779, 782, 783, 787, 790, 791, 809, 817, 819, 830, 833, 834, 836, 845, 856, 857, 860, 862, 875, 880, 887, 888, 899, 900, 914, 918, 921, 928, 929, 930]","[9, 10, 12, 24, 25, 28, 88, 100, 104, 119, 123, 129, 136, 137, 139, 140, 141, 148, 155, 169, 172, 179, 183, 185, 188, 196, 198, 217, 237, 264, 267, 270, 278, 319, 321, 324, 325, 330, 334, 335, 354, 366, 369, 380, 383, 384, 386, 395, 397, 407, 411, 423, 428, 436, 437, 452, 453, 456, 467, 471, 477, 478, 479, 494, 495, 497, 508, 511, 559, 571, 575, 590, 594, 600, 607, 608, 610, 611, 612, 619, 627, 640, 643, 650, 654, 656, 659, 667, 669, 685, 701, 724, 726, 729, 737, 777, 779, 782, 783, 787, 790, 791, 809, 817, 819, 830, 833, 834, 836, 845, 847, 856, 857, 860, 862, 875, 880, 887, 888, 899, 900, 914, 918, 921, 928, 929, 930]","[9, 10, 12, 24, 25, 28, 88, 100, 103, 104, 105, 106, 107, 108, 109, 110, 111, 112, 113, 114, 115, 116, 117, 118, 119, 120, 121, 122, 123, 124, 125, 126, 127, 128, 129, 130, 131, 132, 133, 134, 135, 136, 137, 138, 139, 140, 141, 142, 143, 144, 145, 146, 147, 148, 149, 150, 151, 152, 153, 154, 155, 156, 157, 158, 159, 160, 161, 162, 163, 164, 165, 166, 167, 168, 169, 170, 171, 172, 173, 174, 175, 176, 177, 178, 179, 180, 181, 182, 183, 184, 185, 186, 187, 188, 189, 190, 191, 192, 193, 194, 195, 196, 197, 198, 199, 200, 201, 202, 203, 204, 205, 206, 207, 208, 209, 210, 211, 212, 213, 214, 215, 216, 217, 218, 219, 220, 221, 222, 223, 224, 225, 226, 227, 228, 229, 230, 231, 232, 233, 234, 235, 236, 237, 238, 239, 240, 241, 242, 243, 244, 245, 246, 247, 248, 249, 250, 251, 252, 253, 254, 255, 256, 257, 258, 259, 260, 261, 262, 263, 264, 265, 266, 267, 268, 269, 270, 271, 272, 273, 274, 275, 276, 277, 278, 279, 280, 281, 282, 283, 284, 285, 286, 287, 288, 289, 290, 291, 292, 293, 294, 295, 296, 297, 298, 299, 300, 301, 302, 303, 304, 305, 306, 307, 308, 309, 310, 311, 312, 313, 314, 315, 316, 317, 318, 319, 320, 321, 322, 323, 324, 325, 326, 327, 328, 329, 330, 331, 332, 333, 334, 335, 336, 337, 354, 366, 369, 380, 383, 384, 386, 395, 397, 407, 411, 423, 428, 436, 437, 452, 453, 456, 467, 471, 477, 478, 479, 494, 495, 497, 508, 511, 559, 571, 574, 575, 576, 577, 578, 579, 580, 581, 582, 583, 584, 585, 586, 587, 588, 589, 590, 591, 592, 593, 594, 595, 596, 597, 598, 599, 600, 601, 602, 603, 604, 605, 606, 607, 608, 609, 610, 611, 612, 613, 614, 615, 616, 617, 618, 619, 620, 621, 622, 623, 624, 625, 626, 627, 628, 629, 630, 631, 632, 633, 634, 635, 636, 637, 638, 639, 640, 641, 642, 643, 644, 645, 646, 647, 648, 649, 650, 651, 652, 653, 654, 655, 656, 657, 658, 659, 660, 661, 662, 663, 664, 665, 666, 667, 668, 669, 670, 671, 672, 673, 674, 675, 676, 677, 678, 679, 680, 681, 682, 683, 684, 685, 686, 687, 688, 689, 690, 691, 692, 693, 694, 695, 696, 697, 698, 699, 700, 701, 702, 703, 704, 705, 706, 707, 708, 709, 710, 711, 712, 713, 714, 715, 716, 717, 718, 719, 720, 721, 722, 723, 724, 725, 726, 727, 728, 729, 730, 731, 732, 733, 734, 735, 736, 737, 738, 739, 740, 741, 742, 743, 744, 745, 746, 747, 748, 749, 750, 751, 752, 753, 754, 755, 756, 757, 758, 759, 760, 761, 762, 763, 764, 765, 766, 767, 768, 769, 770, 771, 772, 773, 774, 775, 776, 777, 778, 779, 780, 781, 782, 783, 784, 785, 786, 787, 788, 789, 790, 791, 792, 793, 809, 817, 819, 830, 833, 834, 836, 845, 847, 856, 857, 860, 862, 875, 880, 887, 888, 899, 900, 914, 918, 921, 928, 929, 930]",True,"[196, 667]","[103, 104, 105, 106, 107, 108, 109, 110, 111, 112, 113, 114, 115, 116, 117, 118, 119, 120, 121, 122, 123, 124, 125, 126, 127, 128, 129, 130, 131, 132, 133, 134, 135, 136, 137, 138, 139, 140, 141, 142, 143, 144, 145, 146, 147, 148, 149, 150, 151, 152, 153, 154, 155, 156, 157, 158, 159, 160, 161, 162, 163, 164, 165, 166, 167, 168, 169, 170, 171, 172, 173, 174, 175, 176, 177, 178, 179, 180, 181, 182, 183, 184, 185, 186, 187, 188, 189, 190, 191, 192, 193, 194, 195, 196, 197, 198, 199, 200, 201, 202, 203, 204, 205, 206, 207, 208, 209, 210, 211, 212, 213, 214, 215, 216, 217, 218, 219, 220, 221, 222, 223, 224, 225, 226, 227, 228, 229, 230, 231, 232, 233, 234, 235, 236, 237, 238, 239, 240, 241, 242, 243, 244, 245, 246, 247, 248, 249, 250, 251, 252, 253, 254, 255, 256, 257, 258, 259, 260, 261, 262, 263, 264, 265, 266, 267, 268, 269, 270, 271, 272, 273, 274, 275, 276, 277, 278, 279, 280, 281, 282, 283, 284, 285, 286, 287, 288, 289, 290, 291, 292, 293, 294, 295, 296, 297, 298, 299, 300, 301, 302, 303, 304, 305, 306, 307, 308, 309, 310, 311, 312, 313, 314, 315, 316, 317, 318, 319, 320, 321, 322, 323, 324, 325, 326, 327, 328, 329, 330, 331, 332, 333, 334, 335, 336, 337, 574, 575, 576, 577, 578, 579, 580, 581, 582, 583, 584, 585, 586, 587, 588, 589, 590, 591, 592, 593, 594, 595, 596, 597, 598, 599, 600, 601, 602, 603, 604, 605, 606, 607, 608, 609, 610, 611, 612, 613, 614, 615, 616, 617, 618, 619, 620, 621, 622, 623, 624, 625, 626, 627, 628, 629, 630, 631, 632, 633, 634, 635, 636, 637, 638, 639, 640, 641, 642, 643, 644, 645, 646, 647, 648, 649, 650, 651, 652, 653, 654, 655, 656, 657, 658, 659, 660, 661, 662, 663, 664, 665, 666, 667, 668, 669, 670, 671, 672, 673, 674, 675, 676, 677, 678, 679, 680, 681, 682, 683, 684, 685, 686, 687, 688, 689, 690, 691, 692, 693, 694, 695, 696, 697, 698, 699, 700, 701, 702, 703, 704, 705, 706, 707, 708, 709, 710, 711, 712, 713, 714, 715, 716, 717, 718, 719, 720, 721, 722, 723, 724, 725, 726, 727, 728, 729, 730, 731, 732, 733, 734, 735, 736, 737, 738, 739, 740, 741, 742, 743, 744, 745, 746, 747, 748, 749, 750, 751, 752, 753, 754, 755, 756, 757, 758, 759, 760, 761, 762, 763, 764, 765, 766, 767, 768, 769, 770, 771, 772, 773, 774, 775, 776, 777, 778, 779, 780, 781, 782, 783, 784, 785, 786, 787, 788, 789, 790, 791, 792, 793]","[196, 308, 667, 766]","[196, 667]","[105, 114, 138, 141, 152, 153, 154, 155, 157, 159, 164, 165, 176, 182, 191, 192, 194, 195, 196, 200, 204, 208, 209, 210, 211, 215, 226, 228, 241, 242, 243, 245, 248, 249, 250, 257, 261, 270, 271, 282, 287, 289, 291, 294, 296, 298, 306, 308, 309, 311, 314, 327, 333, 335, 337, 576, 585, 609, 612, 623, 624, 626, 627, 629, 631, 636, 637, 647, 653, 662, 663, 665, 666, 667, 671, 674, 678, 679, 680, 681, 690, 692, 705, 706, 707, 709, 711, 712, 713, 719, 721, 729, 730, 741, 746, 748, 750, 753, 755, 757, 764, 766, 767, 769, 772, 785, 791]","[9, 10, 12, 24, 25, 28, 88, 100, 104, 119, 123, 129, 136, 137, 139, 140, 141, 148, 155, 169, 172, 179, 183, 185, 188, 196, 198, 217, 237, 264, 267, 270, 278, 319, 321, 324, 325, 330, 334, 335, 354, 366, 369, 380, 383, 384, 386, 395, 397, 407, 411, 423, 428, 436, 437, 452, 453, 456, 467, 471, 477, 478, 479, 494, 495, 497, 508, 511, 559, 571, 575, 590, 594, 600, 607, 608, 610, 611, 612, 619, 627, 640, 643, 650, 654, 656, 659, 667, 669, 685, 701, 724, 726, 729, 737, 777, 779, 782, 783, 787, 790, 791, 809, 817, 819, 830, 833, 834, 836, 845, 847, 856, 857, 860, 862, 875, 880, 887, 888, 899, 900, 914, 918, 921, 928, 929, 930]","[12, 24, 25, 28, 88, 100, 104, 119, 123, 129, 136, 137, 139, 140, 141, 148, 155, 169, 172, 179, 183, 185, 188, 196, 198, 217, 237, 267, 270, 278, 319, 321, 324, 325, 330, 334, 335, 354, 366, 369, 380, 383, 384, 386, 395, 407, 411, 423, 428, 436, 437, 452, 453, 456, 467, 471, 477, 478, 479, 497, 508, 511, 559, 571, 575, 590, 594, 600, 607, 608, 610, 611, 612, 619, 627, 640, 643, 650, 654, 656, 659, 667, 669, 685, 701, 726, 729, 737, 777, 779, 782, 783, 787, 790, 791, 809, 817, 819, 830, 833, 834, 836, 845, 856, 857, 860, 862, 875, 880, 887, 888, 899, 900, 914, 918, 921, 928, 929, 930]",7/6 successful match,True,[636],True,826,False,,1.0,True,KC's Corner Mart ( Chevron / CFN ),Chevron
"Corning , 96021 Rolling Hills Chevron",530-824-4990 I-5 Exit 628 ( Liberal Ave W ),M,Corning,96021,Rolling Hills Chevron,530-824-4990,2007,Corning,CA,Chevron,( Liberal Ave W ),I-5 Exit 628 ,Exit,628,False,,False,I-5,,,,,"[729, 270]","[208, 241, 270, 306, 678, 705, 729, 764]","[208, 241, 270, 306, 678, 705, 729, 764]","[270, 729]","[103, 104, 105, 106, 107, 108, 109, 110, 111, 112, 113, 114, 115, 116, 117, 118, 119, 120, 121, 122, 123, 124, 125, 126, 127, 128, 129, 130, 131, 132, 133, 134, 135, 136, 137, 138, 139, 140, 141, 142, 143, 144, 145, 146, 147, 148, 149, 150, 151, 152, 153, 154, 155, 156, 157, 158, 159, 160, 161, 162, 163, 164, 165, 166, 167, 168, 169, 170, 171, 172, 173, 174, 175, 176, 177, 178, 179, 180, 181, 182, 183, 184, 185, 186, 187, 188, 189, 190, 191, 192, 193, 194, 195, 196, 197, 198, 199, 200, 201, 202, 203, 204, 205, 206, 207, 208, 209, 210, 211, 212, 213, 214, 215, 216, 217, 218, 219, 220, 221, 222, 223, 224, 225, 226, 227, 228, 229, 230, 231, 232, 233, 234, 235, 236, 237, 238, 239, 240, 241, 242, 243, 244, 245, 246, 247, 248, 249, 250, 251, 252, 253, 254, 255, 256, 257, 258, 259, 260, 261, 262, 263, 264, 265, 266, 267, 268, 269, 270, 271, 272, 273, 274, 275, 276, 277, 278, 279, 280, 281, 282, 283, 284, 285, 286, 287, 288, 289, 290, 291, 292, 293, 294, 295, 296, 297, 298, 299, 300, 301, 302, 303, 304, 305, 306, 307, 308, 309, 310, 311, 312, 313, 314, 315, 316, 317, 318, 319, 320, 321, 322, 323, 324, 325, 326, 327, 328, 329, 330, 331, 332, 333, 334, 335, 336, 337, 574, 575, 576, 577, 578, 579, 580, 581, 582, 583, 584, 585, 586, 587, 588, 589, 590, 591, 592, 593, 594, 595, 596, 597, 598, 599, 600, 601, 602, 603, 604, 605, 606, 607, 608, 609, 610, 611, 612, 613, 614, 615, 616, 617, 618, 619, 620, 621, 622, 623, 624, 625, 626, 627, 628, 629, 630, 631, 632, 633, 634, 635, 636, 637, 638, 639, 640, 641, 642, 643, 644, 645, 646, 647, 648, 649, 650, 651, 652, 653, 654, 655, 656, 657, 658, 659, 660, 661, 662, 663, 664, 665, 666, 667, 668, 669, 670, 671, 672, 673, 674, 675, 676, 677, 678, 679, 680, 681, 682, 683, 684, 685, 686, 687, 688, 689, 690, 691, 692, 693, 694, 695, 696, 697, 698, 699, 700, 701, 702, 703, 704, 705, 706, 707, 708, 709, 710, 711, 712, 713, 714, 715, 716, 717, 718, 719, 720, 721, 722, 723, 724, 725, 726, 727, 728, 729, 730, 731, 732, 733, 734, 735, 736, 737, 738, 739, 740, 741, 742, 743, 744, 745, 746, 747, 748, 749, 750, 751, 752, 753, 754, 755, 756, 757, 758, 759, 760, 761, 762, 763, 764, 765, 766, 767, 768, 769, 770, 771, 772, 773, 774, 775, 776, 777, 778, 779, 780, 781, 782, 783, 784, 785, 786, 787, 788, 789, 790, 791, 792, 793]","[105, 114, 138, 141, 152, 153, 154, 155, 157, 159, 164, 165, 176, 182, 191, 192, 194, 195, 196, 200, 204, 208, 209, 210, 211, 215, 226, 228, 241, 242, 243, 245, 248, 249, 250, 257, 261, 270, 271, 282, 287, 289, 291, 294, 296, 298, 306, 308, 309, 311, 314, 327, 333, 335, 337, 576, 585, 609, 612, 623, 624, 626, 627, 629, 631, 636, 637, 647, 653, 662, 663, 665, 666, 667, 671, 674, 678, 679, 680, 681, 690, 692, 705, 706, 707, 709, 711, 712, 713, 719, 721, 729, 730, 741, 746, 748, 750, 753, 755, 757, 764, 766, 767, 769, 772, 785, 791]","[12, 24, 25, 28, 88, 100, 104, 119, 123, 129, 136, 137, 139, 140, 141, 148, 155, 169, 172, 179, 183, 185, 188, 196, 198, 217, 237, 267, 270, 278, 319, 321, 324, 325, 330, 334, 335, 354, 366, 369, 380, 383, 384, 386, 395, 407, 411, 423, 428, 436, 437, 452, 453, 456, 467, 471, 477, 478, 479, 497, 508, 511, 559, 571, 575, 590, 594, 600, 607, 608, 610, 611, 612, 619, 627, 640, 643, 650, 654, 656, 659, 667, 669, 685, 701, 726, 729, 737, 777, 779, 782, 783, 787, 790, 791, 809, 817, 819, 830, 833, 834, 836, 845, 856, 857, 860, 862, 875, 880, 887, 888, 899, 900, 914, 918, 921, 928, 929, 930]","[12, 24, 25, 28, 88, 100, 104, 119, 123, 129, 136, 137, 139, 140, 141, 148, 155, 169, 172, 179, 183, 185, 188, 196, 198, 200, 217, 237, 267, 270, 278, 319, 321, 324, 325, 330, 334, 335, 354, 366, 369, 380, 383, 384, 386, 395, 407, 411, 423, 424, 428, 436, 437, 452, 453, 456, 467, 471, 477, 478, 479, 497, 508, 511, 559, 571, 575, 590, 594, 600, 607, 608, 610, 611, 612, 619, 627, 640, 643, 650, 654, 656, 659, 667, 669, 671, 685, 701, 726, 729, 737, 777, 779, 782, 783, 787, 790, 791, 809, 817, 819, 830, 833, 834, 836, 845, 856, 857, 860, 862, 875, 876, 880, 887, 888, 899, 900, 914, 918, 921, 928, 929, 930]","[12, 24, 25, 28, 88, 100, 103, 104, 105, 106, 107, 108, 109, 110, 111, 112, 113, 114, 115, 116, 117, 118, 119, 120, 121, 122, 123, 124, 125, 126, 127, 128, 129, 130, 131, 132, 133, 134, 135, 136, 137, 138, 139, 140, 141, 142, 143, 144, 145, 146, 147, 148, 149, 150, 151, 152, 153, 154, 155, 156, 157, 158, 159, 160, 161, 162, 163, 164, 165, 166, 167, 168, 169, 170, 171, 172, 173, 174, 175, 176, 177, 178, 179, 180, 181, 182, 183, 184, 185, 186, 187, 188, 189, 190, 191, 192, 193, 194, 195, 196, 197, 198, 199, 200, 201, 202, 203, 204, 205, 206, 207, 208, 209, 210, 211, 212, 213, 214, 215, 216, 217, 218, 219, 220, 221, 222, 223, 224, 225, 226, 227, 228, 229, 230, 231, 232, 233, 234, 235, 236, 237, 238, 239, 240, 241, 242, 243, 244, 245, 246, 247, 248, 249, 250, 251, 252, 253, 254, 255, 256, 257, 258, 259, 260, 261, 262, 263, 264, 265, 266, 267, 268, 269, 270, 271, 272, 273, 274, 275, 276, 277, 278, 279, 280, 281, 282, 283, 284, 285, 286, 287, 288, 289, 290, 291, 292, 293, 294, 295, 296, 297, 298, 299, 300, 301, 302, 303, 304, 305, 306, 307, 308, 309, 310, 311, 312, 313, 314, 315, 316, 317, 318, 319, 320, 321, 322, 323, 324, 325, 326, 327, 328, 329, 330, 331, 332, 333, 334, 335, 336, 337, 354, 366, 369, 380, 383, 384, 386, 395, 407, 411, 423, 424, 428, 436, 437, 452, 453, 456, 467, 471, 477, 478, 479, 497, 508, 511, 559, 571, 574, 575, 576, 577, 578, 579, 580, 581, 582, 583, 584, 585, 586, 587, 588, 589, 590, 591, 592, 593, 594, 595, 596, 597, 598, 599, 600, 601, 602, 603, 604, 605, 606, 607, 608, 609, 610, 611, 612, 613, 614, 615, 616, 617, 618, 619, 620, 621, 622, 623, 624, 625, 626, 627, 628, 629, 630, 631, 632, 633, 634, 635, 636, 637, 638, 639, 640, 641, 642, 643, 644, 645, 646, 647, 648, 649, 650, 651, 652, 653, 654, 655, 656, 657, 658, 659, 660, 661, 662, 663, 664, 665, 666, 667, 668, 669, 670, 671, 672, 673, 674, 675, 676, 677, 678, 679, 680, 681, 682, 683, 684, 685, 686, 687, 688, 689, 690, 691, 692, 693, 694, 695, 696, 697, 698, 699, 700, 701, 702, 703, 704, 705, 706, 707, 708, 709, 710, 711, 712, 713, 714, 715, 716, 717, 718, 719, 720, 721, 722, 723, 724, 725, 726, 727, 728, 729, 730, 731, 732, 733, 734, 735, 736, 737, 738, 739, 740, 741, 742, 743, 744, 745, 746, 747, 748, 749, 750, 751, 752, 753, 754, 755, 756, 757, 758, 759, 760, 761, 762, 763, 764, 765, 766, 767, 768, 769, 770, 771, 772, 773, 774, 775, 776, 777, 778, 779, 780, 781, 782, 783, 784, 785, 786, 787, 788, 789, 790, 791, 792, 793, 809, 817, 819, 830, 833, 834, 836, 845, 856, 857, 860, 862, 875, 876, 880, 887, 888, 899, 900, 914, 918, 921, 928, 929, 930]",True,"[208, 241, 270, 306, 678, 705, 729, 764]","[103, 104, 105, 106, 107, 108, 109, 110, 111, 112, 113, 114, 115, 116, 117, 118, 119, 120, 121, 122, 123, 124, 125, 126, 127, 128, 129, 130, 131, 132, 133, 134, 135, 136, 137, 138, 139, 140, 141, 142, 143, 144, 145, 146, 147, 148, 149, 150, 151, 152, 153, 154, 155, 156, 157, 158, 159, 160, 161, 162, 163, 164, 165, 166, 167, 168, 169, 170, 171, 172, 173, 174, 175, 176, 177, 178, 179, 180, 181, 182, 183, 184, 185, 186, 187, 188, 189, 190, 191, 192, 193, 194, 195, 196, 197, 198, 199, 200, 201, 202, 203, 204, 205, 206, 207, 208, 209, 210, 211, 212, 213, 214, 215, 216, 217, 218, 219, 220, 221, 222, 223, 224, 225, 226, 227, 228, 229, 230, 231, 232, 233, 234, 235, 236, 237, 238, 239, 240, 241, 242, 243, 244, 245, 246, 247, 248, 249, 250, 251, 252, 253, 254, 255, 256, 257, 258, 259, 260, 261, 262, 263, 264, 265, 266, 267, 268, 269, 270, 271, 272, 273, 274, 275, 276, 277, 278, 279, 280, 281, 282, 283, 284, 285, 286, 287, 288, 289, 290, 291, 292, 293, 294, 295, 296, 297, 298, 299, 300, 301, 302, 303, 304, 305, 306, 307, 308, 309, 310, 311, 312, 313, 314, 315, 316, 317, 318, 319, 320, 321, 322, 323, 324, 325, 326, 327, 328, 329, 330, 331, 332, 333, 334, 335, 336, 337, 574, 575, 576, 577, 578, 579, 580, 581, 582, 583, 584, 585, 586, 587, 588, 589, 590, 591, 592, 593, 594, 595, 596, 597, 598, 599, 600, 601, 602, 603, 604, 605, 606, 607, 608, 609, 610, 611, 612, 613, 614, 615, 616, 617, 618, 619, 620, 621, 622, 623, 624, 625, 626, 627, 628, 629, 630, 631, 632, 633, 634, 635, 636, 637, 638, 639, 640, 641, 642, 643, 644, 645, 646, 647, 648, 649, 650, 651, 652, 653, 654, 655, 656, 657, 658, 659, 660, 661, 662, 663, 664, 665, 666, 667, 668, 669, 670, 671, 672, 673, 674, 675, 676, 677, 678, 679, 680, 681, 682, 683, 684, 685, 686, 687, 688, 689, 690, 691, 692, 693, 694, 695, 696, 697, 698, 699, 700, 701, 702, 703, 704, 705, 706, 707, 708, 709, 710, 711, 712, 713, 714, 715, 716, 717, 718, 719, 720, 721, 722, 723, 724, 725, 726, 727, 728, 729, 730, 731, 732, 733, 734, 735, 736, 737, 738, 739, 740, 741, 742, 743, 744, 745, 746, 747, 748, 749, 750, 751, 752, 753, 754, 755, 756, 757, 758, 759, 760, 761, 762, 763, 764, 765, 766, 767, 768, 769, 770, 771, 772, 773, 774, 775, 776, 777, 778, 779, 780, 781, 782, 783, 784, 785, 786, 787, 788, 789, 790, 791, 792, 793]","[208, 241, 270, 306, 678, 705, 729, 764]","[270, 729]","[105, 114, 138, 141, 152, 153, 154, 155, 157, 159, 164, 165, 176, 182, 191, 192, 194, 195, 196, 200, 204, 208, 209, 210, 211, 215, 226, 228, 241, 242, 243, 245, 248, 249, 250, 257, 261, 270, 271, 282, 287, 289, 291, 294, 296, 298, 306, 308, 309, 311, 314, 327, 333, 335, 337, 576, 585, 609, 612, 623, 624, 626, 627, 629, 631, 636, 637, 647, 653, 662, 663, 665, 666, 667, 671, 674, 678, 679, 680, 681, 690, 692, 705, 706, 707, 709, 711, 712, 713, 719, 721, 729, 730, 741, 746, 748, 750, 753, 755, 757, 764, 766, 767, 769, 772, 785, 791]","[12, 24, 25, 28, 88, 100, 104, 119, 123, 129, 136, 137, 139, 140, 141, 148, 155, 169, 172, 179, 183, 185, 188, 196, 198, 200, 217, 237, 267, 270, 278, 319, 321, 324, 325, 330, 334, 335, 354, 366, 369, 380, 383, 384, 386, 395, 407, 411, 423, 424, 428, 436, 437, 452, 453, 456, 467, 471, 477, 478, 479, 497, 508, 511, 559, 571, 575, 590, 594, 600, 607, 608, 610, 611, 612, 619, 627, 640, 643, 650, 654, 656, 659, 667, 669, 671, 685, 701, 726, 729, 737, 777, 779, 782, 783, 787, 790, 791, 809, 817, 819, 830, 833, 834, 836, 845, 856, 857, 860, 862, 875, 876, 880, 887, 888, 899, 900, 914, 918, 921, 928, 929, 930]","[12, 24, 25, 28, 88, 100, 104, 119, 123, 129, 136, 137, 139, 140, 141, 148, 155, 169, 172, 179, 183, 185, 188, 196, 198, 217, 237, 267, 270, 278, 319, 321, 324, 325, 330, 334, 335, 354, 366, 369, 380, 383, 384, 386, 395, 407, 411, 423, 428, 436, 437, 452, 453, 456, 467, 471, 477, 478, 479, 497, 508, 511, 559, 571, 575, 590, 594, 600, 607, 608, 610, 611, 612, 619, 627, 640, 643, 650, 654, 656, 659, 667, 669, 685, 701, 726, 729, 737, 777, 779, 782, 783, 787, 790, 791, 809, 817, 819, 830, 833, 834, 836, 845, 856, 857, 860, 862, 875, 880, 887, 888, 899, 900, 914, 918, 921, 928, 929, 930]",7/6 successful match,True,,False,827,False,,,,,
"Corning , 96021 Rolling Hills Chevron",530-824-4990 I-5 Exit 628 ( Liberal Ave W ),24 HRS M <U+2610> <U+2610> <U+2610> <U+2610>,Corning,96021,Rolling Hills Chevron,530-824-4990,2008,Corning,CA,Chevron,( Liberal Ave W ),I-5 Exit 628 ,Exit,628,False,,False,I-5,,,,,"[729, 270]","[208, 241, 270, 306, 678, 705, 729, 764]","[208, 241, 270, 306, 678, 705, 729, 764]","[270, 729]","[103, 104, 105, 106, 107, 108, 109, 110, 111, 112, 113, 114, 115, 116, 117, 118, 119, 120, 121, 122, 123, 124, 125, 126, 127, 128, 129, 130, 131, 132, 133, 134, 135, 136, 137, 138, 139, 140, 141, 142, 143, 144, 145, 146, 147, 148, 149, 150, 151, 152, 153, 154, 155, 156, 157, 158, 159, 160, 161, 162, 163, 164, 165, 166, 167, 168, 169, 170, 171, 172, 173, 174, 175, 176, 177, 178, 179, 180, 181, 182, 183, 184, 185, 186, 187, 188, 189, 190, 191, 192, 193, 194, 195, 196, 197, 198, 199, 200, 201, 202, 203, 204, 205, 206, 207, 208, 209, 210, 211, 212, 213, 214, 215, 216, 217, 218, 219, 220, 221, 222, 223, 224, 225, 226, 227, 228, 229, 230, 231, 232, 233, 234, 235, 236, 237, 238, 239, 240, 241, 242, 243, 244, 245, 246, 247, 248, 249, 250, 251, 252, 253, 254, 255, 256, 257, 258, 259, 260, 261, 262, 263, 264, 265, 266, 267, 268, 269, 270, 271, 272, 273, 274, 275, 276, 277, 278, 279, 280, 281, 282, 283, 284, 285, 286, 287, 288, 289, 290, 291, 292, 293, 294, 295, 296, 297, 298, 299, 300, 301, 302, 303, 304, 305, 306, 307, 308, 309, 310, 311, 312, 313, 314, 315, 316, 317, 318, 319, 320, 321, 322, 323, 324, 325, 326, 327, 328, 329, 330, 331, 332, 333, 334, 335, 336, 337, 574, 575, 576, 577, 578, 579, 580, 581, 582, 583, 584, 585, 586, 587, 588, 589, 590, 591, 592, 593, 594, 595, 596, 597, 598, 599, 600, 601, 602, 603, 604, 605, 606, 607, 608, 609, 610, 611, 612, 613, 614, 615, 616, 617, 618, 619, 620, 621, 622, 623, 624, 625, 626, 627, 628, 629, 630, 631, 632, 633, 634, 635, 636, 637, 638, 639, 640, 641, 642, 643, 644, 645, 646, 647, 648, 649, 650, 651, 652, 653, 654, 655, 656, 657, 658, 659, 660, 661, 662, 663, 664, 665, 666, 667, 668, 669, 670, 671, 672, 673, 674, 675, 676, 677, 678, 679, 680, 681, 682, 683, 684, 685, 686, 687, 688, 689, 690, 691, 692, 693, 694, 695, 696, 697, 698, 699, 700, 701, 702, 703, 704, 705, 706, 707, 708, 709, 710, 711, 712, 713, 714, 715, 716, 717, 718, 719, 720, 721, 722, 723, 724, 725, 726, 727, 728, 729, 730, 731, 732, 733, 734, 735, 736, 737, 738, 739, 740, 741, 742, 743, 744, 745, 746, 747, 748, 749, 750, 751, 752, 753, 754, 755, 756, 757, 758, 759, 760, 761, 762, 763, 764, 765, 766, 767, 768, 769, 770, 771, 772, 773, 774, 775, 776, 777, 778, 779, 780, 781, 782, 783, 784, 785, 786, 787, 788, 789, 790, 791, 792, 793]","[105, 114, 138, 141, 152, 153, 154, 155, 157, 159, 164, 165, 176, 182, 191, 192, 194, 195, 196, 200, 204, 208, 209, 210, 211, 215, 226, 228, 241, 242, 243, 245, 248, 249, 250, 257, 261, 270, 271, 282, 287, 289, 291, 294, 296, 298, 306, 308, 309, 311, 314, 327, 333, 335, 337, 576, 585, 609, 612, 623, 624, 626, 627, 629, 631, 636, 637, 647, 653, 662, 663, 665, 666, 667, 671, 674, 678, 679, 680, 681, 690, 692, 705, 706, 707, 709, 711, 712, 713, 719, 721, 729, 730, 741, 746, 748, 750, 753, 755, 757, 764, 766, 767, 769, 772, 785, 791]","[12, 24, 25, 28, 88, 100, 104, 119, 123, 129, 136, 137, 139, 140, 141, 148, 155, 169, 172, 179, 183, 185, 188, 196, 198, 217, 237, 267, 270, 278, 319, 321, 324, 325, 330, 334, 335, 354, 366, 369, 380, 383, 384, 386, 395, 407, 411, 423, 428, 436, 437, 452, 453, 456, 467, 471, 477, 478, 479, 497, 508, 511, 559, 571, 575, 590, 594, 600, 607, 608, 610, 611, 612, 619, 627, 640, 643, 650, 654, 656, 659, 667, 669, 685, 701, 726, 729, 737, 777, 779, 782, 783, 787, 790, 791, 809, 817, 819, 830, 833, 834, 836, 845, 856, 857, 860, 862, 875, 880, 887, 888, 899, 900, 914, 918, 921, 928, 929, 930]","[12, 24, 25, 28, 88, 100, 104, 119, 123, 129, 136, 137, 139, 140, 141, 148, 155, 169, 172, 179, 183, 185, 188, 196, 198, 200, 217, 237, 267, 270, 278, 319, 321, 324, 325, 330, 334, 335, 354, 366, 369, 380, 383, 384, 386, 395, 407, 411, 423, 424, 428, 436, 437, 452, 453, 456, 467, 471, 477, 478, 479, 497, 508, 511, 559, 571, 575, 590, 594, 600, 607, 608, 610, 611, 612, 619, 627, 640, 643, 650, 654, 656, 659, 667, 669, 671, 685, 701, 726, 729, 737, 777, 779, 782, 783, 787, 790, 791, 809, 817, 819, 830, 833, 834, 836, 845, 856, 857, 860, 862, 875, 876, 880, 887, 888, 899, 900, 914, 918, 921, 928, 929, 930]","[12, 24, 25, 28, 88, 100, 103, 104, 105, 106, 107, 108, 109, 110, 111, 112, 113, 114, 115, 116, 117, 118, 119, 120, 121, 122, 123, 124, 125, 126, 127, 128, 129, 130, 131, 132, 133, 134, 135, 136, 137, 138, 139, 140, 141, 142, 143, 144, 145, 146, 147, 148, 149, 150, 151, 152, 153, 154, 155, 156, 157, 158, 159, 160, 161, 162, 163, 164, 165, 166, 167, 168, 169, 170, 171, 172, 173, 174, 175, 176, 177, 178, 179, 180, 181, 182, 183, 184, 185, 186, 187, 188, 189, 190, 191, 192, 193, 194, 195, 196, 197, 198, 199, 200, 201, 202, 203, 204, 205, 206, 207, 208, 209, 210, 211, 212, 213, 214, 215, 216, 217, 218, 219, 220, 221, 222, 223, 224, 225, 226, 227, 228, 229, 230, 231, 232, 233, 234, 235, 236, 237, 238, 239, 240, 241, 242, 243, 244, 245, 246, 247, 248, 249, 250, 251, 252, 253, 254, 255, 256, 257, 258, 259, 260, 261, 262, 263, 264, 265, 266, 267, 268, 269, 270, 271, 272, 273, 274, 275, 276, 277, 278, 279, 280, 281, 282, 283, 284, 285, 286, 287, 288, 289, 290, 291, 292, 293, 294, 295, 296, 297, 298, 299, 300, 301, 302, 303, 304, 305, 306, 307, 308, 309, 310, 311, 312, 313, 314, 315, 316, 317, 318, 319, 320, 321, 322, 323, 324, 325, 326, 327, 328, 329, 330, 331, 332, 333, 334, 335, 336, 337, 354, 366, 369, 380, 383, 384, 386, 395, 407, 411, 423, 424, 428, 436, 437, 452, 453, 456, 467, 471, 477, 478, 479, 497, 508, 511, 559, 571, 574, 575, 576, 577, 578, 579, 580, 581, 582, 583, 584, 585, 586, 587, 588, 589, 590, 591, 592, 593, 594, 595, 596, 597, 598, 599, 600, 601, 602, 603, 604, 605, 606, 607, 608, 609, 610, 611, 612, 613, 614, 615, 616, 617, 618, 619, 620, 621, 622, 623, 624, 625, 626, 627, 628, 629, 630, 631, 632, 633, 634, 635, 636, 637, 638, 639, 640, 641, 642, 643, 644, 645, 646, 647, 648, 649, 650, 651, 652, 653, 654, 655, 656, 657, 658, 659, 660, 661, 662, 663, 664, 665, 666, 667, 668, 669, 670, 671, 672, 673, 674, 675, 676, 677, 678, 679, 680, 681, 682, 683, 684, 685, 686, 687, 688, 689, 690, 691, 692, 693, 694, 695, 696, 697, 698, 699, 700, 701, 702, 703, 704, 705, 706, 707, 708, 709, 710, 711, 712, 713, 714, 715, 716, 717, 718, 719, 720, 721, 722, 723, 724, 725, 726, 727, 728, 729, 730, 731, 732, 733, 734, 735, 736, 737, 738, 739, 740, 741, 742, 743, 744, 745, 746, 747, 748, 749, 750, 751, 752, 753, 754, 755, 756, 757, 758, 759, 760, 761, 762, 763, 764, 765, 766, 767, 768, 769, 770, 771, 772, 773, 774, 775, 776, 777, 778, 779, 780, 781, 782, 783, 784, 785, 786, 787, 788, 789, 790, 791, 792, 793, 809, 817, 819, 830, 833, 834, 836, 845, 856, 857, 860, 862, 875, 876, 880, 887, 888, 899, 900, 914, 918, 921, 928, 929, 930]",True,"[208, 241, 270, 306, 678, 705, 729, 764]","[103, 104, 105, 106, 107, 108, 109, 110, 111, 112, 113, 114, 115, 116, 117, 118, 119, 120, 121, 122, 123, 124, 125, 126, 127, 128, 129, 130, 131, 132, 133, 134, 135, 136, 137, 138, 139, 140, 141, 142, 143, 144, 145, 146, 147, 148, 149, 150, 151, 152, 153, 154, 155, 156, 157, 158, 159, 160, 161, 162, 163, 164, 165, 166, 167, 168, 169, 170, 171, 172, 173, 174, 175, 176, 177, 178, 179, 180, 181, 182, 183, 184, 185, 186, 187, 188, 189, 190, 191, 192, 193, 194, 195, 196, 197, 198, 199, 200, 201, 202, 203, 204, 205, 206, 207, 208, 209, 210, 211, 212, 213, 214, 215, 216, 217, 218, 219, 220, 221, 222, 223, 224, 225, 226, 227, 228, 229, 230, 231, 232, 233, 234, 235, 236, 237, 238, 239, 240, 241, 242, 243, 244, 245, 246, 247, 248, 249, 250, 251, 252, 253, 254, 255, 256, 257, 258, 259, 260, 261, 262, 263, 264, 265, 266, 267, 268, 269, 270, 271, 272, 273, 274, 275, 276, 277, 278, 279, 280, 281, 282, 283, 284, 285, 286, 287, 288, 289, 290, 291, 292, 293, 294, 295, 296, 297, 298, 299, 300, 301, 302, 303, 304, 305, 306, 307, 308, 309, 310, 311, 312, 313, 314, 315, 316, 317, 318, 319, 320, 321, 322, 323, 324, 325, 326, 327, 328, 329, 330, 331, 332, 333, 334, 335, 336, 337, 574, 575, 576, 577, 578, 579, 580, 581, 582, 583, 584, 585, 586, 587, 588, 589, 590, 591, 592, 593, 594, 595, 596, 597, 598, 599, 600, 601, 602, 603, 604, 605, 606, 607, 608, 609, 610, 611, 612, 613, 614, 615, 616, 617, 618, 619, 620, 621, 622, 623, 624, 625, 626, 627, 628, 629, 630, 631, 632, 633, 634, 635, 636, 637, 638, 639, 640, 641, 642, 643, 644, 645, 646, 647, 648, 649, 650, 651, 652, 653, 654, 655, 656, 657, 658, 659, 660, 661, 662, 663, 664, 665, 666, 667, 668, 669, 670, 671, 672, 673, 674, 675, 676, 677, 678, 679, 680, 681, 682, 683, 684, 685, 686, 687, 688, 689, 690, 691, 692, 693, 694, 695, 696, 697, 698, 699, 700, 701, 702, 703, 704, 705, 706, 707, 708, 709, 710, 711, 712, 713, 714, 715, 716, 717, 718, 719, 720, 721, 722, 723, 724, 725, 726, 727, 728, 729, 730, 731, 732, 733, 734, 735, 736, 737, 738, 739, 740, 741, 742, 743, 744, 745, 746, 747, 748, 749, 750, 751, 752, 753, 754, 755, 756, 757, 758, 759, 760, 761, 762, 763, 764, 765, 766, 767, 768, 769, 770, 771, 772, 773, 774, 775, 776, 777, 778, 779, 780, 781, 782, 783, 784, 785, 786, 787, 788, 789, 790, 791, 792, 793]","[208, 241, 270, 306, 678, 705, 729, 764]","[270, 729]","[105, 114, 138, 141, 152, 153, 154, 155, 157, 159, 164, 165, 176, 182, 191, 192, 194, 195, 196, 200, 204, 208, 209, 210, 211, 215, 226, 228, 241, 242, 243, 245, 248, 249, 250, 257, 261, 270, 271, 282, 287, 289, 291, 294, 296, 298, 306, 308, 309, 311, 314, 327, 333, 335, 337, 576, 585, 609, 612, 623, 624, 626, 627, 629, 631, 636, 637, 647, 653, 662, 663, 665, 666, 667, 671, 674, 678, 679, 680, 681, 690, 692, 705, 706, 707, 709, 711, 712, 713, 719, 721, 729, 730, 741, 746, 748, 750, 753, 755, 757, 764, 766, 767, 769, 772, 785, 791]","[12, 24, 25, 28, 88, 100, 104, 119, 123, 129, 136, 137, 139, 140, 141, 148, 155, 169, 172, 179, 183, 185, 188, 196, 198, 200, 217, 237, 267, 270, 278, 319, 321, 324, 325, 330, 334, 335, 354, 366, 369, 380, 383, 384, 386, 395, 407, 411, 423, 424, 428, 436, 437, 452, 453, 456, 467, 471, 477, 478, 479, 497, 508, 511, 559, 571, 575, 590, 594, 600, 607, 608, 610, 611, 612, 619, 627, 640, 643, 650, 654, 656, 659, 667, 669, 671, 685, 701, 726, 729, 737, 777, 779, 782, 783, 787, 790, 791, 809, 817, 819, 830, 833, 834, 836, 845, 856, 857, 860, 862, 875, 876, 880, 887, 888, 899, 900, 914, 918, 921, 928, 929, 930]","[12, 24, 25, 28, 88, 100, 104, 119, 123, 129, 136, 137, 139, 140, 141, 148, 155, 169, 172, 179, 183, 185, 188, 196, 198, 217, 237, 267, 270, 278, 319, 321, 324, 325, 330, 334, 335, 354, 366, 369, 380, 383, 384, 386, 395, 407, 411, 423, 428, 436, 437, 452, 453, 456, 467, 471, 477, 478, 479, 497, 508, 511, 559, 571, 575, 590, 594, 600, 607, 608, 610, 611, 612, 619, 627, 640, 643, 650, 654, 656, 659, 667, 669, 685, 701, 726, 729, 737, 777, 779, 782, 783, 787, 790, 791, 809, 817, 819, 830, 833, 834, 836, 845, 856, 857, 860, 862, 875, 880, 887, 888, 899, 900, 914, 918, 921, 928, 929, 930]",7/6 successful match,True,,False,827,False,,1.0,True,Rolling Hills Chevron,Chevron
Corning ( 96021 ) Rolling Hills Chevron,2 530-824-4990 I-5 Exit 628 ( Liberal Ave W ),24 M,Corning,96021,Rolling Hills Chevron,530-824-4990,2014,Corning,CA,Chevron,( Liberal Ave W ),I-5 Exit 628 ,Exit,628,False,,False,I-5,,,,,"[729, 270]","[208, 241, 270, 306, 678, 705, 729, 764]","[208, 241, 270, 306, 678, 705, 729, 764]","[270, 729]","[103, 104, 105, 106, 107, 108, 109, 110, 111, 112, 113, 114, 115, 116, 117, 118, 119, 120, 121, 122, 123, 124, 125, 126, 127, 128, 129, 130, 131, 132, 133, 134, 135, 136, 137, 138, 139, 140, 141, 142, 143, 144, 145, 146, 147, 148, 149, 150, 151, 152, 153, 154, 155, 156, 157, 158, 159, 160, 161, 162, 163, 164, 165, 166, 167, 168, 169, 170, 171, 172, 173, 174, 175, 176, 177, 178, 179, 180, 181, 182, 183, 184, 185, 186, 187, 188, 189, 190, 191, 192, 193, 194, 195, 196, 197, 198, 199, 200, 201, 202, 203, 204, 205, 206, 207, 208, 209, 210, 211, 212, 213, 214, 215, 216, 217, 218, 219, 220, 221, 222, 223, 224, 225, 226, 227, 228, 229, 230, 231, 232, 233, 234, 235, 236, 237, 238, 239, 240, 241, 242, 243, 244, 245, 246, 247, 248, 249, 250, 251, 252, 253, 254, 255, 256, 257, 258, 259, 260, 261, 262, 263, 264, 265, 266, 267, 268, 269, 270, 271, 272, 273, 274, 275, 276, 277, 278, 279, 280, 281, 282, 283, 284, 285, 286, 287, 288, 289, 290, 291, 292, 293, 294, 295, 296, 297, 298, 299, 300, 301, 302, 303, 304, 305, 306, 307, 308, 309, 310, 311, 312, 313, 314, 315, 316, 317, 318, 319, 320, 321, 322, 323, 324, 325, 326, 327, 328, 329, 330, 331, 332, 333, 334, 335, 336, 337, 574, 575, 576, 577, 578, 579, 580, 581, 582, 583, 584, 585, 586, 587, 588, 589, 590, 591, 592, 593, 594, 595, 596, 597, 598, 599, 600, 601, 602, 603, 604, 605, 606, 607, 608, 609, 610, 611, 612, 613, 614, 615, 616, 617, 618, 619, 620, 621, 622, 623, 624, 625, 626, 627, 628, 629, 630, 631, 632, 633, 634, 635, 636, 637, 638, 639, 640, 641, 642, 643, 644, 645, 646, 647, 648, 649, 650, 651, 652, 653, 654, 655, 656, 657, 658, 659, 660, 661, 662, 663, 664, 665, 666, 667, 668, 669, 670, 671, 672, 673, 674, 675, 676, 677, 678, 679, 680, 681, 682, 683, 684, 685, 686, 687, 688, 689, 690, 691, 692, 693, 694, 695, 696, 697, 698, 699, 700, 701, 702, 703, 704, 705, 706, 707, 708, 709, 710, 711, 712, 713, 714, 715, 716, 717, 718, 719, 720, 721, 722, 723, 724, 725, 726, 727, 728, 729, 730, 731, 732, 733, 734, 735, 736, 737, 738, 739, 740, 741, 742, 743, 744, 745, 746, 747, 748, 749, 750, 751, 752, 753, 754, 755, 756, 757, 758, 759, 760, 761, 762, 763, 764, 765, 766, 767, 768, 769, 770, 771, 772, 773, 774, 775, 776, 777, 778, 779, 780, 781, 782, 783, 784, 785, 786, 787, 788, 789, 790, 791, 792, 793]","[105, 114, 138, 141, 152, 153, 154, 155, 157, 159, 164, 165, 176, 182, 191, 192, 194, 195, 196, 200, 204, 208, 209, 210, 211, 215, 226, 228, 241, 242, 243, 245, 248, 249, 250, 257, 261, 270, 271, 282, 287, 289, 291, 294, 296, 298, 306, 308, 309, 311, 314, 327, 333, 335, 337, 576, 585, 609, 612, 623, 624, 626, 627, 629, 631, 636, 637, 647, 653, 662, 663, 665, 666, 667, 671, 674, 678, 679, 680, 681, 690, 692, 705, 706, 707, 709, 711, 712, 713, 719, 721, 729, 730, 741, 746, 748, 750, 753, 755, 757, 764, 766, 767, 769, 772, 785, 791]","[12, 24, 25, 28, 88, 100, 104, 119, 123, 129, 136, 137, 139, 140, 141, 148, 155, 169, 172, 179, 183, 185, 188, 196, 198, 217, 237, 267, 270, 278, 319, 321, 324, 325, 330, 334, 335, 354, 366, 369, 380, 383, 384, 386, 395, 407, 411, 423, 428, 436, 437, 452, 453, 456, 467, 471, 477, 478, 479, 497, 508, 511, 559, 571, 575, 590, 594, 600, 607, 608, 610, 611, 612, 619, 627, 640, 643, 650, 654, 656, 659, 667, 669, 685, 701, 726, 729, 737, 777, 779, 782, 783, 787, 790, 791, 809, 817, 819, 830, 833, 834, 836, 845, 856, 857, 860, 862, 875, 880, 887, 888, 899, 900, 914, 918, 921, 928, 929, 930]","[12, 24, 25, 28, 88, 100, 104, 119, 123, 129, 136, 137, 139, 140, 141, 148, 155, 169, 172, 179, 183, 185, 188, 196, 198, 200, 217, 237, 267, 270, 278, 319, 321, 324, 325, 330, 334, 335, 354, 366, 369, 380, 383, 384, 386, 395, 407, 411, 423, 424, 428, 436, 437, 452, 453, 456, 467, 471, 477, 478, 479, 497, 508, 511, 559, 571, 575, 590, 594, 600, 607, 608, 610, 611, 612, 619, 627, 640, 643, 650, 654, 656, 659, 667, 669, 671, 685, 701, 726, 729, 737, 777, 779, 782, 783, 787, 790, 791, 809, 817, 819, 830, 833, 834, 836, 845, 856, 857, 860, 862, 875, 876, 880, 887, 888, 899, 900, 914, 918, 921, 928, 929, 930]","[12, 24, 25, 28, 88, 100, 103, 104, 105, 106, 107, 108, 109, 110, 111, 112, 113, 114, 115, 116, 117, 118, 119, 120, 121, 122, 123, 124, 125, 126, 127, 128, 129, 130, 131, 132, 133, 134, 135, 136, 137, 138, 139, 140, 141, 142, 143, 144, 145, 146, 147, 148, 149, 150, 151, 152, 153, 154, 155, 156, 157, 158, 159, 160, 161, 162, 163, 164, 165, 166, 167, 168, 169, 170, 171, 172, 173, 174, 175, 176, 177, 178, 179, 180, 181, 182, 183, 184, 185, 186, 187, 188, 189, 190, 191, 192, 193, 194, 195, 196, 197, 198, 199, 200, 201, 202, 203, 204, 205, 206, 207, 208, 209, 210, 211, 212, 213, 214, 215, 216, 217, 218, 219, 220, 221, 222, 223, 224, 225, 226, 227, 228, 229, 230, 231, 232, 233, 234, 235, 236, 237, 238, 239, 240, 241, 242, 243, 244, 245, 246, 247, 248, 249, 250, 251, 252, 253, 254, 255, 256, 257, 258, 259, 260, 261, 262, 263, 264, 265, 266, 267, 268, 269, 270, 271, 272, 273, 274, 275, 276, 277, 278, 279, 280, 281, 282, 283, 284, 285, 286, 287, 288, 289, 290, 291, 292, 293, 294, 295, 296, 297, 298, 299, 300, 301, 302, 303, 304, 305, 306, 307, 308, 309, 310, 311, 312, 313, 314, 315, 316, 317, 318, 319, 320, 321, 322, 323, 324, 325, 326, 327, 328, 329, 330, 331, 332, 333, 334, 335, 336, 337, 354, 366, 369, 380, 383, 384, 386, 395, 407, 411, 423, 424, 428, 436, 437, 452, 453, 456, 467, 471, 477, 478, 479, 497, 508, 511, 559, 571, 574, 575, 576, 577, 578, 579, 580, 581, 582, 583, 584, 585, 586, 587, 588, 589, 590, 591, 592, 593, 594, 595, 596, 597, 598, 599, 600, 601, 602, 603, 604, 605, 606, 607, 608, 609, 610, 611, 612, 613, 614, 615, 616, 617, 618, 619, 620, 621, 622, 623, 624, 625, 626, 627, 628, 629, 630, 631, 632, 633, 634, 635, 636, 637, 638, 639, 640, 641, 642, 643, 644, 645, 646, 647, 648, 649, 650, 651, 652, 653, 654, 655, 656, 657, 658, 659, 660, 661, 662, 663, 664, 665, 666, 667, 668, 669, 670, 671, 672, 673, 674, 675, 676, 677, 678, 679, 680, 681, 682, 683, 684, 685, 686, 687, 688, 689, 690, 691, 692, 693, 694, 695, 696, 697, 698, 699, 700, 701, 702, 703, 704, 705, 706, 707, 708, 709, 710, 711, 712, 713, 714, 715, 716, 717, 718, 719, 720, 721, 722, 723, 724, 725, 726, 727, 728, 729, 730, 731, 732, 733, 734, 735, 736, 737, 738, 739, 740, 741, 742, 743, 744, 745, 746, 747, 748, 749, 750, 751, 752, 753, 754, 755, 756, 757, 758, 759, 760, 761, 762, 763, 764, 765, 766, 767, 768, 769, 770, 771, 772, 773, 774, 775, 776, 777, 778, 779, 780, 781, 782, 783, 784, 785, 786, 787, 788, 789, 790, 791, 792, 793, 809, 817, 819, 830, 833, 834, 836, 845, 856, 857, 860, 862, 875, 876, 880, 887, 888, 899, 900, 914, 918, 921, 928, 929, 930]",True,"[208, 241, 270, 306, 678, 705, 729, 764]","[103, 104, 105, 106, 107, 108, 109, 110, 111, 112, 113, 114, 115, 116, 117, 118, 119, 120, 121, 122, 123, 124, 125, 126, 127, 128, 129, 130, 131, 132, 133, 134, 135, 136, 137, 138, 139, 140, 141, 142, 143, 144, 145, 146, 147, 148, 149, 150, 151, 152, 153, 154, 155, 156, 157, 158, 159, 160, 161, 162, 163, 164, 165, 166, 167, 168, 169, 170, 171, 172, 173, 174, 175, 176, 177, 178, 179, 180, 181, 182, 183, 184, 185, 186, 187, 188, 189, 190, 191, 192, 193, 194, 195, 196, 197, 198, 199, 200, 201, 202, 203, 204, 205, 206, 207, 208, 209, 210, 211, 212, 213, 214, 215, 216, 217, 218, 219, 220, 221, 222, 223, 224, 225, 226, 227, 228, 229, 230, 231, 232, 233, 234, 235, 236, 237, 238, 239, 240, 241, 242, 243, 244, 245, 246, 247, 248, 249, 250, 251, 252, 253, 254, 255, 256, 257, 258, 259, 260, 261, 262, 263, 264, 265, 266, 267, 268, 269, 270, 271, 272, 273, 274, 275, 276, 277, 278, 279, 280, 281, 282, 283, 284, 285, 286, 287, 288, 289, 290, 291, 292, 293, 294, 295, 296, 297, 298, 299, 300, 301, 302, 303, 304, 305, 306, 307, 308, 309, 310, 311, 312, 313, 314, 315, 316, 317, 318, 319, 320, 321, 322, 323, 324, 325, 326, 327, 328, 329, 330, 331, 332, 333, 334, 335, 336, 337, 574, 575, 576, 577, 578, 579, 580, 581, 582, 583, 584, 585, 586, 587, 588, 589, 590, 591, 592, 593, 594, 595, 596, 597, 598, 599, 600, 601, 602, 603, 604, 605, 606, 607, 608, 609, 610, 611, 612, 613, 614, 615, 616, 617, 618, 619, 620, 621, 622, 623, 624, 625, 626, 627, 628, 629, 630, 631, 632, 633, 634, 635, 636, 637, 638, 639, 640, 641, 642, 643, 644, 645, 646, 647, 648, 649, 650, 651, 652, 653, 654, 655, 656, 657, 658, 659, 660, 661, 662, 663, 664, 665, 666, 667, 668, 669, 670, 671, 672, 673, 674, 675, 676, 677, 678, 679, 680, 681, 682, 683, 684, 685, 686, 687, 688, 689, 690, 691, 692, 693, 694, 695, 696, 697, 698, 699, 700, 701, 702, 703, 704, 705, 706, 707, 708, 709, 710, 711, 712, 713, 714, 715, 716, 717, 718, 719, 720, 721, 722, 723, 724, 725, 726, 727, 728, 729, 730, 731, 732, 733, 734, 735, 736, 737, 738, 739, 740, 741, 742, 743, 744, 745, 746, 747, 748, 749, 750, 751, 752, 753, 754, 755, 756, 757, 758, 759, 760, 761, 762, 763, 764, 765, 766, 767, 768, 769, 770, 771, 772, 773, 774, 775, 776, 777, 778, 779, 780, 781, 782, 783, 784, 785, 786, 787, 788, 789, 790, 791, 792, 793]","[208, 241, 270, 306, 678, 705, 729, 764]","[270, 729]","[105, 114, 138, 141, 152, 153, 154, 155, 157, 159, 164, 165, 176, 182, 191, 192, 194, 195, 196, 200, 204, 208, 209, 210, 211, 215, 226, 228, 241, 242, 243, 245, 248, 249, 250, 257, 261, 270, 271, 282, 287, 289, 291, 294, 296, 298, 306, 308, 309, 311, 314, 327, 333, 335, 337, 576, 585, 609, 612, 623, 624, 626, 627, 629, 631, 636, 637, 647, 653, 662, 663, 665, 666, 667, 671, 674, 678, 679, 680, 681, 690, 692, 705, 706, 707, 709, 711, 712, 713, 719, 721, 729, 730, 741, 746, 748, 750, 753, 755, 757, 764, 766, 767, 769, 772, 785, 791]","[12, 24, 25, 28, 88, 100, 104, 119, 123, 129, 136, 137, 139, 140, 141, 148, 155, 169, 172, 179, 183, 185, 188, 196, 198, 200, 217, 237, 267, 270, 278, 319, 321, 324, 325, 330, 334, 335, 354, 366, 369, 380, 383, 384, 386, 395, 407, 411, 423, 424, 428, 436, 437, 452, 453, 456, 467, 471, 477, 478, 479, 497, 508, 511, 559, 571, 575, 590, 594, 600, 607, 608, 610, 611, 612, 619, 627, 640, 643, 650, 654, 656, 659, 667, 669, 671, 685, 701, 726, 729, 737, 777, 779, 782, 783, 787, 790, 791, 809, 817, 819, 830, 833, 834, 836, 845, 856, 857, 860, 862, 875, 876, 880, 887, 888, 899, 900, 914, 918, 921, 928, 929, 930]","[12, 24, 25, 28, 88, 100, 104, 119, 123, 129, 136, 137, 139, 140, 141, 148, 155, 169, 172, 179, 183, 185, 188, 196, 198, 217, 237, 267, 270, 278, 319, 321, 324, 325, 330, 334, 335, 354, 366, 369, 380, 383, 384, 386, 395, 407, 411, 423, 428, 436, 437, 452, 453, 456, 467, 471, 477, 478, 479, 497, 508, 511, 559, 571, 575, 590, 594, 600, 607, 608, 610, 611, 612, 619, 627, 640, 643, 650, 654, 656, 659, 667, 669, 685, 701, 726, 729, 737, 777, 779, 782, 783, 787, 790, 791, 809, 817, 819, 830, 833, 834, 836, 845, 856, 857, 860, 862, 875, 880, 887, 888, 899, 900, 914, 918, 921, 928, 929, 930]",7/6 successful match,True,,False,827,False,,1.0,True,Rolling Hills Chevron,Chevron
Corning ( 96021 ) Rolling Hills Chevron,2 530-824-4990 I-5 Exit 628 ( Liberal Ave W ),<U+2610> MO,Corning,96021,Rolling Hills Chevron,530-824-4990,2015,Corning,CA,Chevron,( Liberal Ave W ),I-5 Exit 628 ,Exit,628,False,,False,I-5,,,,,"[729, 270]","[208, 241, 270, 306, 678, 705, 729, 764]","[208, 241, 270, 306, 678, 705, 729, 764]","[270, 729]","[103, 104, 105, 106, 107, 108, 109, 110, 111, 112, 113, 114, 115, 116, 117, 118, 119, 120, 121, 122, 123, 124, 125, 126, 127, 128, 129, 130, 131, 132, 133, 134, 135, 136, 137, 138, 139, 140, 141, 142, 143, 144, 145, 146, 147, 148, 149, 150, 151, 152, 153, 154, 155, 156, 157, 158, 159, 160, 161, 162, 163, 164, 165, 166, 167, 168, 169, 170, 171, 172, 173, 174, 175, 176, 177, 178, 179, 180, 181, 182, 183, 184, 185, 186, 187, 188, 189, 190, 191, 192, 193, 194, 195, 196, 197, 198, 199, 200, 201, 202, 203, 204, 205, 206, 207, 208, 209, 210, 211, 212, 213, 214, 215, 216, 217, 218, 219, 220, 221, 222, 223, 224, 225, 226, 227, 228, 229, 230, 231, 232, 233, 234, 235, 236, 237, 238, 239, 240, 241, 242, 243, 244, 245, 246, 247, 248, 249, 250, 251, 252, 253, 254, 255, 256, 257, 258, 259, 260, 261, 262, 263, 264, 265, 266, 267, 268, 269, 270, 271, 272, 273, 274, 275, 276, 277, 278, 279, 280, 281, 282, 283, 284, 285, 286, 287, 288, 289, 290, 291, 292, 293, 294, 295, 296, 297, 298, 299, 300, 301, 302, 303, 304, 305, 306, 307, 308, 309, 310, 311, 312, 313, 314, 315, 316, 317, 318, 319, 320, 321, 322, 323, 324, 325, 326, 327, 328, 329, 330, 331, 332, 333, 334, 335, 336, 337, 574, 575, 576, 577, 578, 579, 580, 581, 582, 583, 584, 585, 586, 587, 588, 589, 590, 591, 592, 593, 594, 595, 596, 597, 598, 599, 600, 601, 602, 603, 604, 605, 606, 607, 608, 609, 610, 611, 612, 613, 614, 615, 616, 617, 618, 619, 620, 621, 622, 623, 624, 625, 626, 627, 628, 629, 630, 631, 632, 633, 634, 635, 636, 637, 638, 639, 640, 641, 642, 643, 644, 645, 646, 647, 648, 649, 650, 651, 652, 653, 654, 655, 656, 657, 658, 659, 660, 661, 662, 663, 664, 665, 666, 667, 668, 669, 670, 671, 672, 673, 674, 675, 676, 677, 678, 679, 680, 681, 682, 683, 684, 685, 686, 687, 688, 689, 690, 691, 692, 693, 694, 695, 696, 697, 698, 699, 700, 701, 702, 703, 704, 705, 706, 707, 708, 709, 710, 711, 712, 713, 714, 715, 716, 717, 718, 719, 720, 721, 722, 723, 724, 725, 726, 727, 728, 729, 730, 731, 732, 733, 734, 735, 736, 737, 738, 739, 740, 741, 742, 743, 744, 745, 746, 747, 748, 749, 750, 751, 752, 753, 754, 755, 756, 757, 758, 759, 760, 761, 762, 763, 764, 765, 766, 767, 768, 769, 770, 771, 772, 773, 774, 775, 776, 777, 778, 779, 780, 781, 782, 783, 784, 785, 786, 787, 788, 789, 790, 791, 792, 793]","[105, 114, 138, 141, 152, 153, 154, 155, 157, 159, 164, 165, 176, 182, 191, 192, 194, 195, 196, 200, 204, 208, 209, 210, 211, 215, 226, 228, 241, 242, 243, 245, 248, 249, 250, 257, 261, 270, 271, 282, 287, 289, 291, 294, 296, 298, 306, 308, 309, 311, 314, 327, 333, 335, 337, 576, 585, 609, 612, 623, 624, 626, 627, 629, 631, 636, 637, 647, 653, 662, 663, 665, 666, 667, 671, 674, 678, 679, 680, 681, 690, 692, 705, 706, 707, 709, 711, 712, 713, 719, 721, 729, 730, 741, 746, 748, 750, 753, 755, 757, 764, 766, 767, 769, 772, 785, 791]","[12, 24, 25, 28, 88, 100, 104, 119, 123, 129, 136, 137, 139, 140, 141, 148, 155, 169, 172, 179, 183, 185, 188, 196, 198, 217, 237, 267, 270, 278, 319, 321, 324, 325, 330, 334, 335, 354, 366, 369, 380, 383, 384, 386, 395, 407, 411, 423, 428, 436, 437, 452, 453, 456, 467, 471, 477, 478, 479, 497, 508, 511, 559, 571, 575, 590, 594, 600, 607, 608, 610, 611, 612, 619, 627, 640, 643, 650, 654, 656, 659, 667, 669, 685, 701, 726, 729, 737, 777, 779, 782, 783, 787, 790, 791, 809, 817, 819, 830, 833, 834, 836, 845, 856, 857, 860, 862, 875, 880, 887, 888, 899, 900, 914, 918, 921, 928, 929, 930]","[12, 24, 25, 28, 88, 100, 104, 119, 123, 129, 136, 137, 139, 140, 141, 148, 155, 169, 172, 179, 183, 185, 188, 196, 198, 200, 217, 237, 267, 270, 278, 319, 321, 324, 325, 330, 334, 335, 354, 366, 369, 380, 383, 384, 386, 395, 407, 411, 423, 424, 428, 436, 437, 452, 453, 456, 467, 471, 477, 478, 479, 497, 508, 511, 559, 571, 575, 590, 594, 600, 607, 608, 610, 611, 612, 619, 627, 640, 643, 650, 654, 656, 659, 667, 669, 671, 685, 701, 726, 729, 737, 777, 779, 782, 783, 787, 790, 791, 809, 817, 819, 830, 833, 834, 836, 845, 856, 857, 860, 862, 875, 876, 880, 887, 888, 899, 900, 914, 918, 921, 928, 929, 930]","[12, 24, 25, 28, 88, 100, 103, 104, 105, 106, 107, 108, 109, 110, 111, 112, 113, 114, 115, 116, 117, 118, 119, 120, 121, 122, 123, 124, 125, 126, 127, 128, 129, 130, 131, 132, 133, 134, 135, 136, 137, 138, 139, 140, 141, 142, 143, 144, 145, 146, 147, 148, 149, 150, 151, 152, 153, 154, 155, 156, 157, 158, 159, 160, 161, 162, 163, 164, 165, 166, 167, 168, 169, 170, 171, 172, 173, 174, 175, 176, 177, 178, 179, 180, 181, 182, 183, 184, 185, 186, 187, 188, 189, 190, 191, 192, 193, 194, 195, 196, 197, 198, 199, 200, 201, 202, 203, 204, 205, 206, 207, 208, 209, 210, 211, 212, 213, 214, 215, 216, 217, 218, 219, 220, 221, 222, 223, 224, 225, 226, 227, 228, 229, 230, 231, 232, 233, 234, 235, 236, 237, 238, 239, 240, 241, 242, 243, 244, 245, 246, 247, 248, 249, 250, 251, 252, 253, 254, 255, 256, 257, 258, 259, 260, 261, 262, 263, 264, 265, 266, 267, 268, 269, 270, 271, 272, 273, 274, 275, 276, 277, 278, 279, 280, 281, 282, 283, 284, 285, 286, 287, 288, 289, 290, 291, 292, 293, 294, 295, 296, 297, 298, 299, 300, 301, 302, 303, 304, 305, 306, 307, 308, 309, 310, 311, 312, 313, 314, 315, 316, 317, 318, 319, 320, 321, 322, 323, 324, 325, 326, 327, 328, 329, 330, 331, 332, 333, 334, 335, 336, 337, 354, 366, 369, 380, 383, 384, 386, 395, 407, 411, 423, 424, 428, 436, 437, 452, 453, 456, 467, 471, 477, 478, 479, 497, 508, 511, 559, 571, 574, 575, 576, 577, 578, 579, 580, 581, 582, 583, 584, 585, 586, 587, 588, 589, 590, 591, 592, 593, 594, 595, 596, 597, 598, 599, 600, 601, 602, 603, 604, 605, 606, 607, 608, 609, 610, 611, 612, 613, 614, 615, 616, 617, 618, 619, 620, 621, 622, 623, 624, 625, 626, 627, 628, 629, 630, 631, 632, 633, 634, 635, 636, 637, 638, 639, 640, 641, 642, 643, 644, 645, 646, 647, 648, 649, 650, 651, 652, 653, 654, 655, 656, 657, 658, 659, 660, 661, 662, 663, 664, 665, 666, 667, 668, 669, 670, 671, 672, 673, 674, 675, 676, 677, 678, 679, 680, 681, 682, 683, 684, 685, 686, 687, 688, 689, 690, 691, 692, 693, 694, 695, 696, 697, 698, 699, 700, 701, 702, 703, 704, 705, 706, 707, 708, 709, 710, 711, 712, 713, 714, 715, 716, 717, 718, 719, 720, 721, 722, 723, 724, 725, 726, 727, 728, 729, 730, 731, 732, 733, 734, 735, 736, 737, 738, 739, 740, 741, 742, 743, 744, 745, 746, 747, 748, 749, 750, 751, 752, 753, 754, 755, 756, 757, 758, 759, 760, 761, 762, 763, 764, 765, 766, 767, 768, 769, 770, 771, 772, 773, 774, 775, 776, 777, 778, 779, 780, 781, 782, 783, 784, 785, 786, 787, 788, 789, 790, 791, 792, 793, 809, 817, 819, 830, 833, 834, 836, 845, 856, 857, 860, 862, 875, 876, 880, 887, 888, 899, 900, 914, 918, 921, 928, 929, 930]",True,"[208, 241, 270, 306, 678, 705, 729, 764]","[103, 104, 105, 106, 107, 108, 109, 110, 111, 112, 113, 114, 115, 116, 117, 118, 119, 120, 121, 122, 123, 124, 125, 126, 127, 128, 129, 130, 131, 132, 133, 134, 135, 136, 137, 138, 139, 140, 141, 142, 143, 144, 145, 146, 147, 148, 149, 150, 151, 152, 153, 154, 155, 156, 157, 158, 159, 160, 161, 162, 163, 164, 165, 166, 167, 168, 169, 170, 171, 172, 173, 174, 175, 176, 177, 178, 179, 180, 181, 182, 183, 184, 185, 186, 187, 188, 189, 190, 191, 192, 193, 194, 195, 196, 197, 198, 199, 200, 201, 202, 203, 204, 205, 206, 207, 208, 209, 210, 211, 212, 213, 214, 215, 216, 217, 218, 219, 220, 221, 222, 223, 224, 225, 226, 227, 228, 229, 230, 231, 232, 233, 234, 235, 236, 237, 238, 239, 240, 241, 242, 243, 244, 245, 246, 247, 248, 249, 250, 251, 252, 253, 254, 255, 256, 257, 258, 259, 260, 261, 262, 263, 264, 265, 266, 267, 268, 269, 270, 271, 272, 273, 274, 275, 276, 277, 278, 279, 280, 281, 282, 283, 284, 285, 286, 287, 288, 289, 290, 291, 292, 293, 294, 295, 296, 297, 298, 299, 300, 301, 302, 303, 304, 305, 306, 307, 308, 309, 310, 311, 312, 313, 314, 315, 316, 317, 318, 319, 320, 321, 322, 323, 324, 325, 326, 327, 328, 329, 330, 331, 332, 333, 334, 335, 336, 337, 574, 575, 576, 577, 578, 579, 580, 581, 582, 583, 584, 585, 586, 587, 588, 589, 590, 591, 592, 593, 594, 595, 596, 597, 598, 599, 600, 601, 602, 603, 604, 605, 606, 607, 608, 609, 610, 611, 612, 613, 614, 615, 616, 617, 618, 619, 620, 621, 622, 623, 624, 625, 626, 627, 628, 629, 630, 631, 632, 633, 634, 635, 636, 637, 638, 639, 640, 641, 642, 643, 644, 645, 646, 647, 648, 649, 650, 651, 652, 653, 654, 655, 656, 657, 658, 659, 660, 661, 662, 663, 664, 665, 666, 667, 668, 669, 670, 671, 672, 673, 674, 675, 676, 677, 678, 679, 680, 681, 682, 683, 684, 685, 686, 687, 688, 689, 690, 691, 692, 693, 694, 695, 696, 697, 698, 699, 700, 701, 702, 703, 704, 705, 706, 707, 708, 709, 710, 711, 712, 713, 714, 715, 716, 717, 718, 719, 720, 721, 722, 723, 724, 725, 726, 727, 728, 729, 730, 731, 732, 733, 734, 735, 736, 737, 738, 739, 740, 741, 742, 743, 744, 745, 746, 747, 748, 749, 750, 751, 752, 753, 754, 755, 756, 757, 758, 759, 760, 761, 762, 763, 764, 765, 766, 767, 768, 769, 770, 771, 772, 773, 774, 775, 776, 777, 778, 779, 780, 781, 782, 783, 784, 785, 786, 787, 788, 789, 790, 791, 792, 793]","[208, 241, 270, 306, 678, 705, 729, 764]","[270, 729]","[105, 114, 138, 141, 152, 153, 154, 155, 157, 159, 164, 165, 176, 182, 191, 192, 194, 195, 196, 200, 204, 208, 209, 210, 211, 215, 226, 228, 241, 242, 243, 245, 248, 249, 250, 257, 261, 270, 271, 282, 287, 289, 291, 294, 296, 298, 306, 308, 309, 311, 314, 327, 333, 335, 337, 576, 585, 609, 612, 623, 624, 626, 627, 629, 631, 636, 637, 647, 653, 662, 663, 665, 666, 667, 671, 674, 678, 679, 680, 681, 690, 692, 705, 706, 707, 709, 711, 712, 713, 719, 721, 729, 730, 741, 746, 748, 750, 753, 755, 757, 764, 766, 767, 769, 772, 785, 791]","[12, 24, 25, 28, 88, 100, 104, 119, 123, 129, 136, 137, 139, 140, 141, 148, 155, 169, 172, 179, 183, 185, 188, 196, 198, 200, 217, 237, 267, 270, 278, 319, 321, 324, 325, 330, 334, 335, 354, 366, 369, 380, 383, 384, 386, 395, 407, 411, 423, 424, 428, 436, 437, 452, 453, 456, 467, 471, 477, 478, 479, 497, 508, 511, 559, 571, 575, 590, 594, 600, 607, 608, 610, 611, 612, 619, 627, 640, 643, 650, 654, 656, 659, 667, 669, 671, 685, 701, 726, 729, 737, 777, 779, 782, 783, 787, 790, 791, 809, 817, 819, 830, 833, 834, 836, 845, 856, 857, 860, 862, 875, 876, 880, 887, 888, 899, 900, 914, 918, 921, 928, 929, 930]","[12, 24, 25, 28, 88, 100, 104, 119, 123, 129, 136, 137, 139, 140, 141, 148, 155, 169, 172, 179, 183, 185, 188, 196, 198, 217, 237, 267, 270, 278, 319, 321, 324, 325, 330, 334, 335, 354, 366, 369, 380, 383, 384, 386, 395, 407, 411, 423, 428, 436, 437, 452, 453, 456, 467, 471, 477, 478, 479, 497, 508, 511, 559, 571, 575, 590, 594, 600, 607, 608, 610, 611, 612, 619, 627, 640, 643, 650, 654, 656, 659, 667, 669, 685, 701, 726, 729, 737, 777, 779, 782, 783, 787, 790, 791, 809, 817, 819, 830, 833, 834, 836, 845, 856, 857, 860, 862, 875, 880, 887, 888, 899, 900, 914, 918, 921, 928, 929, 930]",7/6 successful match,True,,False,827,False,,1.0,True,Rolling Hills Chevron,Chevron
Corning ( 96021 ) Rolling Hills Chevron,530-824-4990 I-5 Exit 628 ( Liberal Ave W ),MO,Corning,96021,Rolling Hills Chevron,530-824-4990,2016,Corning,CA,Chevron,( Liberal Ave W ),I-5 Exit 628 ,Exit,628,False,,False,I-5,,,,,"[729, 270]","[208, 241, 270, 306, 678, 705, 729, 764]","[208, 241, 270, 306, 678, 705, 729, 764]","[270, 729]","[103, 104, 105, 106, 107, 108, 109, 110, 111, 112, 113, 114, 115, 116, 117, 118, 119, 120, 121, 122, 123, 124, 125, 126, 127, 128, 129, 130, 131, 132, 133, 134, 135, 136, 137, 138, 139, 140, 141, 142, 143, 144, 145, 146, 147, 148, 149, 150, 151, 152, 153, 154, 155, 156, 157, 158, 159, 160, 161, 162, 163, 164, 165, 166, 167, 168, 169, 170, 171, 172, 173, 174, 175, 176, 177, 178, 179, 180, 181, 182, 183, 184, 185, 186, 187, 188, 189, 190, 191, 192, 193, 194, 195, 196, 197, 198, 199, 200, 201, 202, 203, 204, 205, 206, 207, 208, 209, 210, 211, 212, 213, 214, 215, 216, 217, 218, 219, 220, 221, 222, 223, 224, 225, 226, 227, 228, 229, 230, 231, 232, 233, 234, 235, 236, 237, 238, 239, 240, 241, 242, 243, 244, 245, 246, 247, 248, 249, 250, 251, 252, 253, 254, 255, 256, 257, 258, 259, 260, 261, 262, 263, 264, 265, 266, 267, 268, 269, 270, 271, 272, 273, 274, 275, 276, 277, 278, 279, 280, 281, 282, 283, 284, 285, 286, 287, 288, 289, 290, 291, 292, 293, 294, 295, 296, 297, 298, 299, 300, 301, 302, 303, 304, 305, 306, 307, 308, 309, 310, 311, 312, 313, 314, 315, 316, 317, 318, 319, 320, 321, 322, 323, 324, 325, 326, 327, 328, 329, 330, 331, 332, 333, 334, 335, 336, 337, 574, 575, 576, 577, 578, 579, 580, 581, 582, 583, 584, 585, 586, 587, 588, 589, 590, 591, 592, 593, 594, 595, 596, 597, 598, 599, 600, 601, 602, 603, 604, 605, 606, 607, 608, 609, 610, 611, 612, 613, 614, 615, 616, 617, 618, 619, 620, 621, 622, 623, 624, 625, 626, 627, 628, 629, 630, 631, 632, 633, 634, 635, 636, 637, 638, 639, 640, 641, 642, 643, 644, 645, 646, 647, 648, 649, 650, 651, 652, 653, 654, 655, 656, 657, 658, 659, 660, 661, 662, 663, 664, 665, 666, 667, 668, 669, 670, 671, 672, 673, 674, 675, 676, 677, 678, 679, 680, 681, 682, 683, 684, 685, 686, 687, 688, 689, 690, 691, 692, 693, 694, 695, 696, 697, 698, 699, 700, 701, 702, 703, 704, 705, 706, 707, 708, 709, 710, 711, 712, 713, 714, 715, 716, 717, 718, 719, 720, 721, 722, 723, 724, 725, 726, 727, 728, 729, 730, 731, 732, 733, 734, 735, 736, 737, 738, 739, 740, 741, 742, 743, 744, 745, 746, 747, 748, 749, 750, 751, 752, 753, 754, 755, 756, 757, 758, 759, 760, 761, 762, 763, 764, 765, 766, 767, 768, 769, 770, 771, 772, 773, 774, 775, 776, 777, 778, 779, 780, 781, 782, 783, 784, 785, 786, 787, 788, 789, 790, 791, 792, 793]","[105, 114, 138, 141, 152, 153, 154, 155, 157, 159, 164, 165, 176, 182, 191, 192, 194, 195, 196, 200, 204, 208, 209, 210, 211, 215, 226, 228, 241, 242, 243, 245, 248, 249, 250, 257, 261, 270, 271, 282, 287, 289, 291, 294, 296, 298, 306, 308, 309, 311, 314, 327, 333, 335, 337, 576, 585, 609, 612, 623, 624, 626, 627, 629, 631, 636, 637, 647, 653, 662, 663, 665, 666, 667, 671, 674, 678, 679, 680, 681, 690, 692, 705, 706, 707, 709, 711, 712, 713, 719, 721, 729, 730, 741, 746, 748, 750, 753, 755, 757, 764, 766, 767, 769, 772, 785, 791]","[12, 24, 25, 28, 88, 100, 104, 119, 123, 129, 136, 137, 139, 140, 141, 148, 155, 169, 172, 179, 183, 185, 188, 196, 198, 217, 237, 267, 270, 278, 319, 321, 324, 325, 330, 334, 335, 354, 366, 369, 380, 383, 384, 386, 395, 407, 411, 423, 428, 436, 437, 452, 453, 456, 467, 471, 477, 478, 479, 497, 508, 511, 559, 571, 575, 590, 594, 600, 607, 608, 610, 611, 612, 619, 627, 640, 643, 650, 654, 656, 659, 667, 669, 685, 701, 726, 729, 737, 777, 779, 782, 783, 787, 790, 791, 809, 817, 819, 830, 833, 834, 836, 845, 856, 857, 860, 862, 875, 880, 887, 888, 899, 900, 914, 918, 921, 928, 929, 930]","[12, 24, 25, 28, 88, 100, 104, 119, 123, 129, 136, 137, 139, 140, 141, 148, 155, 169, 172, 179, 183, 185, 188, 196, 198, 200, 217, 237, 267, 270, 278, 319, 321, 324, 325, 330, 334, 335, 354, 366, 369, 380, 383, 384, 386, 395, 407, 411, 423, 424, 428, 436, 437, 452, 453, 456, 467, 471, 477, 478, 479, 497, 508, 511, 559, 571, 575, 590, 594, 600, 607, 608, 610, 611, 612, 619, 627, 640, 643, 650, 654, 656, 659, 667, 669, 671, 685, 701, 726, 729, 737, 777, 779, 782, 783, 787, 790, 791, 809, 817, 819, 830, 833, 834, 836, 845, 856, 857, 860, 862, 875, 876, 880, 887, 888, 899, 900, 914, 918, 921, 928, 929, 930]","[12, 24, 25, 28, 88, 100, 103, 104, 105, 106, 107, 108, 109, 110, 111, 112, 113, 114, 115, 116, 117, 118, 119, 120, 121, 122, 123, 124, 125, 126, 127, 128, 129, 130, 131, 132, 133, 134, 135, 136, 137, 138, 139, 140, 141, 142, 143, 144, 145, 146, 147, 148, 149, 150, 151, 152, 153, 154, 155, 156, 157, 158, 159, 160, 161, 162, 163, 164, 165, 166, 167, 168, 169, 170, 171, 172, 173, 174, 175, 176, 177, 178, 179, 180, 181, 182, 183, 184, 185, 186, 187, 188, 189, 190, 191, 192, 193, 194, 195, 196, 197, 198, 199, 200, 201, 202, 203, 204, 205, 206, 207, 208, 209, 210, 211, 212, 213, 214, 215, 216, 217, 218, 219, 220, 221, 222, 223, 224, 225, 226, 227, 228, 229, 230, 231, 232, 233, 234, 235, 236, 237, 238, 239, 240, 241, 242, 243, 244, 245, 246, 247, 248, 249, 250, 251, 252, 253, 254, 255, 256, 257, 258, 259, 260, 261, 262, 263, 264, 265, 266, 267, 268, 269, 270, 271, 272, 273, 274, 275, 276, 277, 278, 279, 280, 281, 282, 283, 284, 285, 286, 287, 288, 289, 290, 291, 292, 293, 294, 295, 296, 297, 298, 299, 300, 301, 302, 303, 304, 305, 306, 307, 308, 309, 310, 311, 312, 313, 314, 315, 316, 317, 318, 319, 320, 321, 322, 323, 324, 325, 326, 327, 328, 329, 330, 331, 332, 333, 334, 335, 336, 337, 354, 366, 369, 380, 383, 384, 386, 395, 407, 411, 423, 424, 428, 436, 437, 452, 453, 456, 467, 471, 477, 478, 479, 497, 508, 511, 559, 571, 574, 575, 576, 577, 578, 579, 580, 581, 582, 583, 584, 585, 586, 587, 588, 589, 590, 591, 592, 593, 594, 595, 596, 597, 598, 599, 600, 601, 602, 603, 604, 605, 606, 607, 608, 609, 610, 611, 612, 613, 614, 615, 616, 617, 618, 619, 620, 621, 622, 623, 624, 625, 626, 627, 628, 629, 630, 631, 632, 633, 634, 635, 636, 637, 638, 639, 640, 641, 642, 643, 644, 645, 646, 647, 648, 649, 650, 651, 652, 653, 654, 655, 656, 657, 658, 659, 660, 661, 662, 663, 664, 665, 666, 667, 668, 669, 670, 671, 672, 673, 674, 675, 676, 677, 678, 679, 680, 681, 682, 683, 684, 685, 686, 687, 688, 689, 690, 691, 692, 693, 694, 695, 696, 697, 698, 699, 700, 701, 702, 703, 704, 705, 706, 707, 708, 709, 710, 711, 712, 713, 714, 715, 716, 717, 718, 719, 720, 721, 722, 723, 724, 725, 726, 727, 728, 729, 730, 731, 732, 733, 734, 735, 736, 737, 738, 739, 740, 741, 742, 743, 744, 745, 746, 747, 748, 749, 750, 751, 752, 753, 754, 755, 756, 757, 758, 759, 760, 761, 762, 763, 764, 765, 766, 767, 768, 769, 770, 771, 772, 773, 774, 775, 776, 777, 778, 779, 780, 781, 782, 783, 784, 785, 786, 787, 788, 789, 790, 791, 792, 793, 809, 817, 819, 830, 833, 834, 836, 845, 856, 857, 860, 862, 875, 876, 880, 887, 888, 899, 900, 914, 918, 921, 928, 929, 930]",True,"[208, 241, 270, 306, 678, 705, 729, 764]","[103, 104, 105, 106, 107, 108, 109, 110, 111, 112, 113, 114, 115, 116, 117, 118, 119, 120, 121, 122, 123, 124, 125, 126, 127, 128, 129, 130, 131, 132, 133, 134, 135, 136, 137, 138, 139, 140, 141, 142, 143, 144, 145, 146, 147, 148, 149, 150, 151, 152, 153, 154, 155, 156, 157, 158, 159, 160, 161, 162, 163, 164, 165, 166, 167, 168, 169, 170, 171, 172, 173, 174, 175, 176, 177, 178, 179, 180, 181, 182, 183, 184, 185, 186, 187, 188, 189, 190, 191, 192, 193, 194, 195, 196, 197, 198, 199, 200, 201, 202, 203, 204, 205, 206, 207, 208, 209, 210, 211, 212, 213, 214, 215, 216, 217, 218, 219, 220, 221, 222, 223, 224, 225, 226, 227, 228, 229, 230, 231, 232, 233, 234, 235, 236, 237, 238, 239, 240, 241, 242, 243, 244, 245, 246, 247, 248, 249, 250, 251, 252, 253, 254, 255, 256, 257, 258, 259, 260, 261, 262, 263, 264, 265, 266, 267, 268, 269, 270, 271, 272, 273, 274, 275, 276, 277, 278, 279, 280, 281, 282, 283, 284, 285, 286, 287, 288, 289, 290, 291, 292, 293, 294, 295, 296, 297, 298, 299, 300, 301, 302, 303, 304, 305, 306, 307, 308, 309, 310, 311, 312, 313, 314, 315, 316, 317, 318, 319, 320, 321, 322, 323, 324, 325, 326, 327, 328, 329, 330, 331, 332, 333, 334, 335, 336, 337, 574, 575, 576, 577, 578, 579, 580, 581, 582, 583, 584, 585, 586, 587, 588, 589, 590, 591, 592, 593, 594, 595, 596, 597, 598, 599, 600, 601, 602, 603, 604, 605, 606, 607, 608, 609, 610, 611, 612, 613, 614, 615, 616, 617, 618, 619, 620, 621, 622, 623, 624, 625, 626, 627, 628, 629, 630, 631, 632, 633, 634, 635, 636, 637, 638, 639, 640, 641, 642, 643, 644, 645, 646, 647, 648, 649, 650, 651, 652, 653, 654, 655, 656, 657, 658, 659, 660, 661, 662, 663, 664, 665, 666, 667, 668, 669, 670, 671, 672, 673, 674, 675, 676, 677, 678, 679, 680, 681, 682, 683, 684, 685, 686, 687, 688, 689, 690, 691, 692, 693, 694, 695, 696, 697, 698, 699, 700, 701, 702, 703, 704, 705, 706, 707, 708, 709, 710, 711, 712, 713, 714, 715, 716, 717, 718, 719, 720, 721, 722, 723, 724, 725, 726, 727, 728, 729, 730, 731, 732, 733, 734, 735, 736, 737, 738, 739, 740, 741, 742, 743, 744, 745, 746, 747, 748, 749, 750, 751, 752, 753, 754, 755, 756, 757, 758, 759, 760, 761, 762, 763, 764, 765, 766, 767, 768, 769, 770, 771, 772, 773, 774, 775, 776, 777, 778, 779, 780, 781, 782, 783, 784, 785, 786, 787, 788, 789, 790, 791, 792, 793]","[208, 241, 270, 306, 678, 705, 729, 764]","[270, 729]","[105, 114, 138, 141, 152, 153, 154, 155, 157, 159, 164, 165, 176, 182, 191, 192, 194, 195, 196, 200, 204, 208, 209, 210, 211, 215, 226, 228, 241, 242, 243, 245, 248, 249, 250, 257, 261, 270, 271, 282, 287, 289, 291, 294, 296, 298, 306, 308, 309, 311, 314, 327, 333, 335, 337, 576, 585, 609, 612, 623, 624, 626, 627, 629, 631, 636, 637, 647, 653, 662, 663, 665, 666, 667, 671, 674, 678, 679, 680, 681, 690, 692, 705, 706, 707, 709, 711, 712, 713, 719, 721, 729, 730, 741, 746, 748, 750, 753, 755, 757, 764, 766, 767, 769, 772, 785, 791]","[12, 24, 25, 28, 88, 100, 104, 119, 123, 129, 136, 137, 139, 140, 141, 148, 155, 169, 172, 179, 183, 185, 188, 196, 198, 200, 217, 237, 267, 270, 278, 319, 321, 324, 325, 330, 334, 335, 354, 366, 369, 380, 383, 384, 386, 395, 407, 411, 423, 424, 428, 436, 437, 452, 453, 456, 467, 471, 477, 478, 479, 497, 508, 511, 559, 571, 575, 590, 594, 600, 607, 608, 610, 611, 612, 619, 627, 640, 643, 650, 654, 656, 659, 667, 669, 671, 685, 701, 726, 729, 737, 777, 779, 782, 783, 787, 790, 791, 809, 817, 819, 830, 833, 834, 836, 845, 856, 857, 860, 862, 875, 876, 880, 887, 888, 899, 900, 914, 918, 921, 928, 929, 930]","[12, 24, 25, 28, 88, 100, 104, 119, 123, 129, 136, 137, 139, 140, 141, 148, 155, 169, 172, 179, 183, 185, 188, 196, 198, 217, 237, 267, 270, 278, 319, 321, 324, 325, 330, 334, 335, 354, 366, 369, 380, 383, 384, 386, 395, 407, 411, 423, 428, 436, 437, 452, 453, 456, 467, 471, 477, 478, 479, 497, 508, 511, 559, 571, 575, 590, 594, 600, 607, 608, 610, 611, 612, 619, 627, 640, 643, 650, 654, 656, 659, 667, 669, 685, 701, 726, 729, 737, 777, 779, 782, 783, 787, 790, 791, 809, 817, 819, 830, 833, 834, 836, 845, 856, 857, 860, 862, 875, 880, 887, 888, 899, 900, 914, 918, 921, 928, 929, 930]",7/6 successful match,True,,False,827,False,,1.0,True,Rolling Hills Chevron,Chevron
Corning ( 96021 ) Love's Travel Stop # 410,530-824-8767 I-5 Exit 630 ( South Ave ),<U+2610> XL 124,Corning,96021,Love's Travel Stop # 410,530-824-8767,2014,Corning,CA,Love's,( South Ave ),I-5 Exit 630 ,Exit,630,False,,False,I-5,,,,,"[208, 678]","[208, 241, 270, 306, 678, 705, 729, 764]","[208, 241, 270, 306, 678, 705, 729, 764]","[208, 241, 306, 678, 705, 764]","[103, 104, 105, 106, 107, 108, 109, 110, 111, 112, 113, 114, 115, 116, 117, 118, 119, 120, 121, 122, 123, 124, 125, 126, 127, 128, 129, 130, 131, 132, 133, 134, 135, 136, 137, 138, 139, 140, 141, 142, 143, 144, 145, 146, 147, 148, 149, 150, 151, 152, 153, 154, 155, 156, 157, 158, 159, 160, 161, 162, 163, 164, 165, 166, 167, 168, 169, 170, 171, 172, 173, 174, 175, 176, 177, 178, 179, 180, 181, 182, 183, 184, 185, 186, 187, 188, 189, 190, 191, 192, 193, 194, 195, 196, 197, 198, 199, 200, 201, 202, 203, 204, 205, 206, 207, 208, 209, 210, 211, 212, 213, 214, 215, 216, 217, 218, 219, 220, 221, 222, 223, 224, 225, 226, 227, 228, 229, 230, 231, 232, 233, 234, 235, 236, 237, 238, 239, 240, 241, 242, 243, 244, 245, 246, 247, 248, 249, 250, 251, 252, 253, 254, 255, 256, 257, 258, 259, 260, 261, 262, 263, 264, 265, 266, 267, 268, 269, 270, 271, 272, 273, 274, 275, 276, 277, 278, 279, 280, 281, 282, 283, 284, 285, 286, 287, 288, 289, 290, 291, 292, 293, 294, 295, 296, 297, 298, 299, 300, 301, 302, 303, 304, 305, 306, 307, 308, 309, 310, 311, 312, 313, 314, 315, 316, 317, 318, 319, 320, 321, 322, 323, 324, 325, 326, 327, 328, 329, 330, 331, 332, 333, 334, 335, 336, 337, 574, 575, 576, 577, 578, 579, 580, 581, 582, 583, 584, 585, 586, 587, 588, 589, 590, 591, 592, 593, 594, 595, 596, 597, 598, 599, 600, 601, 602, 603, 604, 605, 606, 607, 608, 609, 610, 611, 612, 613, 614, 615, 616, 617, 618, 619, 620, 621, 622, 623, 624, 625, 626, 627, 628, 629, 630, 631, 632, 633, 634, 635, 636, 637, 638, 639, 640, 641, 642, 643, 644, 645, 646, 647, 648, 649, 650, 651, 652, 653, 654, 655, 656, 657, 658, 659, 660, 661, 662, 663, 664, 665, 666, 667, 668, 669, 670, 671, 672, 673, 674, 675, 676, 677, 678, 679, 680, 681, 682, 683, 684, 685, 686, 687, 688, 689, 690, 691, 692, 693, 694, 695, 696, 697, 698, 699, 700, 701, 702, 703, 704, 705, 706, 707, 708, 709, 710, 711, 712, 713, 714, 715, 716, 717, 718, 719, 720, 721, 722, 723, 724, 725, 726, 727, 728, 729, 730, 731, 732, 733, 734, 735, 736, 737, 738, 739, 740, 741, 742, 743, 744, 745, 746, 747, 748, 749, 750, 751, 752, 753, 754, 755, 756, 757, 758, 759, 760, 761, 762, 763, 764, 765, 766, 767, 768, 769, 770, 771, 772, 773, 774, 775, 776, 777, 778, 779, 780, 781, 782, 783, 784, 785, 786, 787, 788, 789, 790, 791, 792, 793]","[105, 114, 138, 141, 152, 153, 154, 155, 157, 159, 164, 165, 176, 182, 191, 192, 194, 195, 196, 200, 204, 208, 209, 210, 211, 215, 226, 228, 241, 242, 243, 245, 248, 249, 250, 257, 261, 270, 271, 282, 287, 289, 291, 294, 296, 298, 306, 308, 309, 311, 314, 327, 333, 335, 337, 576, 585, 609, 612, 623, 624, 626, 627, 629, 631, 636, 637, 647, 653, 662, 663, 665, 666, 667, 671, 674, 678, 679, 680, 681, 690, 692, 705, 706, 707, 709, 711, 712, 713, 719, 721, 729, 730, 741, 746, 748, 750, 753, 755, 757, 764, 766, 767, 769, 772, 785, 791]","[34, 35, 36, 37, 38, 39, 40, 41, 42, 43, 44, 45, 46, 47, 48, 201, 202, 203, 204, 205, 206, 207, 208, 209, 210, 211, 212, 213, 214, 215, 216, 355, 356, 357, 358, 359, 360, 361, 429, 430, 431, 432, 433, 434, 435, 515, 516, 517, 518, 519, 520, 521, 522, 523, 524, 525, 526, 527, 672, 673, 674, 675, 676, 677, 678, 679, 680, 681, 682, 683, 684, 810, 811, 812, 813, 814, 881, 882, 883, 884, 885, 886]","[32, 33, 34, 35, 36, 37, 38, 39, 40, 41, 42, 43, 44, 45, 46, 47, 48, 201, 202, 203, 204, 205, 206, 207, 208, 209, 210, 211, 212, 213, 214, 215, 216, 355, 356, 357, 358, 359, 360, 361, 429, 430, 431, 432, 433, 434, 435, 515, 516, 517, 518, 519, 520, 521, 522, 523, 524, 525, 526, 527, 672, 673, 674, 675, 676, 677, 678, 679, 680, 681, 682, 683, 684, 810, 811, 812, 813, 814, 881, 882, 883, 884, 885, 886]","[32, 33, 34, 35, 36, 37, 38, 39, 40, 41, 42, 43, 44, 45, 46, 47, 48, 103, 104, 105, 106, 107, 108, 109, 110, 111, 112, 113, 114, 115, 116, 117, 118, 119, 120, 121, 122, 123, 124, 125, 126, 127, 128, 129, 130, 131, 132, 133, 134, 135, 136, 137, 138, 139, 140, 141, 142, 143, 144, 145, 146, 147, 148, 149, 150, 151, 152, 153, 154, 155, 156, 157, 158, 159, 160, 161, 162, 163, 164, 165, 166, 167, 168, 169, 170, 171, 172, 173, 174, 175, 176, 177, 178, 179, 180, 181, 182, 183, 184, 185, 186, 187, 188, 189, 190, 191, 192, 193, 194, 195, 196, 197, 198, 199, 200, 201, 202, 203, 204, 205, 206, 207, 208, 209, 210, 211, 212, 213, 214, 215, 216, 217, 218, 219, 220, 221, 222, 223, 224, 225, 226, 227, 228, 229, 230, 231, 232, 233, 234, 235, 236, 237, 238, 239, 240, 241, 242, 243, 244, 245, 246, 247, 248, 249, 250, 251, 252, 253, 254, 255, 256, 257, 258, 259, 260, 261, 262, 263, 264, 265, 266, 267, 268, 269, 270, 271, 272, 273, 274, 275, 276, 277, 278, 279, 280, 281, 282, 283, 284, 285, 286, 287, 288, 289, 290, 291, 292, 293, 294, 295, 296, 297, 298, 299, 300, 301, 302, 303, 304, 305, 306, 307, 308, 309, 310, 311, 312, 313, 314, 315, 316, 317, 318, 319, 320, 321, 322, 323, 324, 325, 326, 327, 328, 329, 330, 331, 332, 333, 334, 335, 336, 337, 355, 356, 357, 358, 359, 360, 361, 429, 430, 431, 432, 433, 434, 435, 515, 516, 517, 518, 519, 520, 521, 522, 523, 524, 525, 526, 527, 574, 575, 576, 577, 578, 579, 580, 581, 582, 583, 584, 585, 586, 587, 588, 589, 590, 591, 592, 593, 594, 595, 596, 597, 598, 599, 600, 601, 602, 603, 604, 605, 606, 607, 608, 609, 610, 611, 612, 613, 614, 615, 616, 617, 618, 619, 620, 621, 622, 623, 624, 625, 626, 627, 628, 629, 630, 631, 632, 633, 634, 635, 636, 637, 638, 639, 640, 641, 642, 643, 644, 645, 646, 647, 648, 649, 650, 651, 652, 653, 654, 655, 656, 657, 658, 659, 660, 661, 662, 663, 664, 665, 666, 667, 668, 669, 670, 671, 672, 673, 674, 675, 676, 677, 678, 679, 680, 681, 682, 683, 684, 685, 686, 687, 688, 689, 690, 691, 692, 693, 694, 695, 696, 697, 698, 699, 700, 701, 702, 703, 704, 705, 706, 707, 708, 709, 710, 711, 712, 713, 714, 715, 716, 717, 718, 719, 720, 721, 722, 723, 724, 725, 726, 727, 728, 729, 730, 731, 732, 733, 734, 735, 736, 737, 738, 739, 740, 741, 742, 743, 744, 745, 746, 747, 748, 749, 750, 751, 752, 753, 754, 755, 756, 757, 758, 759, 760, 761, 762, 763, 764, 765, 766, 767, 768, 769, 770, 771, 772, 773, 774, 775, 776, 777, 778, 779, 780, 781, 782, 783, 784, 785, 786, 787, 788, 789, 790, 791, 792, 793, 810, 811, 812, 813, 814, 881, 882, 883, 884, 885, 886]",True,"[208, 241, 270, 306, 678, 705, 729, 764]","[103, 104, 105, 106, 107, 108, 109, 110, 111, 112, 113, 114, 115, 116, 117, 118, 119, 120, 121, 122, 123, 124, 125, 126, 127, 128, 129, 130, 131, 132, 133, 134, 135, 136, 137, 138, 139, 140, 141, 142, 143, 144, 145, 146, 147, 148, 149, 150, 151, 152, 153, 154, 155, 156, 157, 158, 159, 160, 161, 162, 163, 164, 165, 166, 167, 168, 169, 170, 171, 172, 173, 174, 175, 176, 177, 178, 179, 180, 181, 182, 183, 184, 185, 186, 187, 188, 189, 190, 191, 192, 193, 194, 195, 196, 197, 198, 199, 200, 201, 202, 203, 204, 205, 206, 207, 208, 209, 210, 211, 212, 213, 214, 215, 216, 217, 218, 219, 220, 221, 222, 223, 224, 225, 226, 227, 228, 229, 230, 231, 232, 233, 234, 235, 236, 237, 238, 239, 240, 241, 242, 243, 244, 245, 246, 247, 248, 249, 250, 251, 252, 253, 254, 255, 256, 257, 258, 259, 260, 261, 262, 263, 264, 265, 266, 267, 268, 269, 270, 271, 272, 273, 274, 275, 276, 277, 278, 279, 280, 281, 282, 283, 284, 285, 286, 287, 288, 289, 290, 291, 292, 293, 294, 295, 296, 297, 298, 299, 300, 301, 302, 303, 304, 305, 306, 307, 308, 309, 310, 311, 312, 313, 314, 315, 316, 317, 318, 319, 320, 321, 322, 323, 324, 325, 326, 327, 328, 329, 330, 331, 332, 333, 334, 335, 336, 337, 574, 575, 576, 577, 578, 579, 580, 581, 582, 583, 584, 585, 586, 587, 588, 589, 590, 591, 592, 593, 594, 595, 596, 597, 598, 599, 600, 601, 602, 603, 604, 605, 606, 607, 608, 609, 610, 611, 612, 613, 614, 615, 616, 617, 618, 619, 620, 621, 622, 623, 624, 625, 626, 627, 628, 629, 630, 631, 632, 633, 634, 635, 636, 637, 638, 639, 640, 641, 642, 643, 644, 645, 646, 647, 648, 649, 650, 651, 652, 653, 654, 655, 656, 657, 658, 659, 660, 661, 662, 663, 664, 665, 666, 667, 668, 669, 670, 671, 672, 673, 674, 675, 676, 677, 678, 679, 680, 681, 682, 683, 684, 685, 686, 687, 688, 689, 690, 691, 692, 693, 694, 695, 696, 697, 698, 699, 700, 701, 702, 703, 704, 705, 706, 707, 708, 709, 710, 711, 712, 713, 714, 715, 716, 717, 718, 719, 720, 721, 722, 723, 724, 725, 726, 727, 728, 729, 730, 731, 732, 733, 734, 735, 736, 737, 738, 739, 740, 741, 742, 743, 744, 745, 746, 747, 748, 749, 750, 751, 752, 753, 754, 755, 756, 757, 758, 759, 760, 761, 762, 763, 764, 765, 766, 767, 768, 769, 770, 771, 772, 773, 774, 775, 776, 777, 778, 779, 780, 781, 782, 783, 784, 785, 786, 787, 788, 789, 790, 791, 792, 793]","[208, 241, 270, 306, 678, 705, 729, 764]","[208, 241, 306, 678, 705, 764]","[105, 114, 138, 141, 152, 153, 154, 155, 157, 159, 164, 165, 176, 182, 191, 192, 194, 195, 196, 200, 204, 208, 209, 210, 211, 215, 226, 228, 241, 242, 243, 245, 248, 249, 250, 257, 261, 270, 271, 282, 287, 289, 291, 294, 296, 298, 306, 308, 309, 311, 314, 327, 333, 335, 337, 576, 585, 609, 612, 623, 624, 626, 627, 629, 631, 636, 637, 647, 653, 662, 663, 665, 666, 667, 671, 674, 678, 679, 680, 681, 690, 692, 705, 706, 707, 709, 711, 712, 713, 719, 721, 729, 730, 741, 746, 748, 750, 753, 755, 757, 764, 766, 767, 769, 772, 785, 791]","[32, 33, 34, 35, 36, 37, 38, 39, 40, 41, 42, 43, 44, 45, 46, 47, 48, 201, 202, 203, 204, 205, 206, 207, 208, 209, 210, 211, 212, 213, 214, 215, 216, 355, 356, 357, 358, 359, 360, 361, 429, 430, 431, 432, 433, 434, 435, 515, 516, 517, 518, 519, 520, 521, 522, 523, 524, 525, 526, 527, 672, 673, 674, 675, 676, 677, 678, 679, 680, 681, 682, 683, 684, 810, 811, 812, 813, 814, 881, 882, 883, 884, 885, 886]","[34, 35, 36, 37, 38, 39, 40, 41, 42, 43, 44, 45, 46, 47, 48, 201, 202, 203, 204, 205, 206, 207, 208, 209, 210, 211, 212, 213, 214, 215, 216, 355, 356, 357, 358, 359, 360, 361, 429, 430, 431, 432, 433, 434, 435, 515, 516, 517, 518, 519, 520, 521, 522, 523, 524, 525, 526, 527, 672, 673, 674, 675, 676, 677, 678, 679, 680, 681, 682, 683, 684, 810, 811, 812, 813, 814, 881, 882, 883, 884, 885, 886]",7/6 successful match,True,[29],True,828,False,,,,,
Corning ( 96021 ) Love's Travel Stop # 410,530-824-8767 I-5 Exit 630 ( South Ave ),24 <U+25A1> XL 24,Corning,96021,Love's Travel Stop # 410,530-824-8767,2015,Corning,CA,Love's,( South Ave ),I-5 Exit 630 ,Exit,630,False,,False,I-5,,,,,"[208, 678]","[208, 241, 270, 306, 678, 705, 729, 764]","[208, 241, 270, 306, 678, 705, 729, 764]","[208, 241, 306, 678, 705, 764]","[103, 104, 105, 106, 107, 108, 109, 110, 111, 112, 113, 114, 115, 116, 117, 118, 119, 120, 121, 122, 123, 124, 125, 126, 127, 128, 129, 130, 131, 132, 133, 134, 135, 136, 137, 138, 139, 140, 141, 142, 143, 144, 145, 146, 147, 148, 149, 150, 151, 152, 153, 154, 155, 156, 157, 158, 159, 160, 161, 162, 163, 164, 165, 166, 167, 168, 169, 170, 171, 172, 173, 174, 175, 176, 177, 178, 179, 180, 181, 182, 183, 184, 185, 186, 187, 188, 189, 190, 191, 192, 193, 194, 195, 196, 197, 198, 199, 200, 201, 202, 203, 204, 205, 206, 207, 208, 209, 210, 211, 212, 213, 214, 215, 216, 217, 218, 219, 220, 221, 222, 223, 224, 225, 226, 227, 228, 229, 230, 231, 232, 233, 234, 235, 236, 237, 238, 239, 240, 241, 242, 243, 244, 245, 246, 247, 248, 249, 250, 251, 252, 253, 254, 255, 256, 257, 258, 259, 260, 261, 262, 263, 264, 265, 266, 267, 268, 269, 270, 271, 272, 273, 274, 275, 276, 277, 278, 279, 280, 281, 282, 283, 284, 285, 286, 287, 288, 289, 290, 291, 292, 293, 294, 295, 296, 297, 298, 299, 300, 301, 302, 303, 304, 305, 306, 307, 308, 309, 310, 311, 312, 313, 314, 315, 316, 317, 318, 319, 320, 321, 322, 323, 324, 325, 326, 327, 328, 329, 330, 331, 332, 333, 334, 335, 336, 337, 574, 575, 576, 577, 578, 579, 580, 581, 582, 583, 584, 585, 586, 587, 588, 589, 590, 591, 592, 593, 594, 595, 596, 597, 598, 599, 600, 601, 602, 603, 604, 605, 606, 607, 608, 609, 610, 611, 612, 613, 614, 615, 616, 617, 618, 619, 620, 621, 622, 623, 624, 625, 626, 627, 628, 629, 630, 631, 632, 633, 634, 635, 636, 637, 638, 639, 640, 641, 642, 643, 644, 645, 646, 647, 648, 649, 650, 651, 652, 653, 654, 655, 656, 657, 658, 659, 660, 661, 662, 663, 664, 665, 666, 667, 668, 669, 670, 671, 672, 673, 674, 675, 676, 677, 678, 679, 680, 681, 682, 683, 684, 685, 686, 687, 688, 689, 690, 691, 692, 693, 694, 695, 696, 697, 698, 699, 700, 701, 702, 703, 704, 705, 706, 707, 708, 709, 710, 711, 712, 713, 714, 715, 716, 717, 718, 719, 720, 721, 722, 723, 724, 725, 726, 727, 728, 729, 730, 731, 732, 733, 734, 735, 736, 737, 738, 739, 740, 741, 742, 743, 744, 745, 746, 747, 748, 749, 750, 751, 752, 753, 754, 755, 756, 757, 758, 759, 760, 761, 762, 763, 764, 765, 766, 767, 768, 769, 770, 771, 772, 773, 774, 775, 776, 777, 778, 779, 780, 781, 782, 783, 784, 785, 786, 787, 788, 789, 790, 791, 792, 793]","[105, 114, 138, 141, 152, 153, 154, 155, 157, 159, 164, 165, 176, 182, 191, 192, 194, 195, 196, 200, 204, 208, 209, 210, 211, 215, 226, 228, 241, 242, 243, 245, 248, 249, 250, 257, 261, 270, 271, 282, 287, 289, 291, 294, 296, 298, 306, 308, 309, 311, 314, 327, 333, 335, 337, 576, 585, 609, 612, 623, 624, 626, 627, 629, 631, 636, 637, 647, 653, 662, 663, 665, 666, 667, 671, 674, 678, 679, 680, 681, 690, 692, 705, 706, 707, 709, 711, 712, 713, 719, 721, 729, 730, 741, 746, 748, 750, 753, 755, 757, 764, 766, 767, 769, 772, 785, 791]","[34, 35, 36, 37, 38, 39, 40, 41, 42, 43, 44, 45, 46, 47, 48, 201, 202, 203, 204, 205, 206, 207, 208, 209, 210, 211, 212, 213, 214, 215, 216, 355, 356, 357, 358, 359, 360, 361, 429, 430, 431, 432, 433, 434, 435, 515, 516, 517, 518, 519, 520, 521, 522, 523, 524, 525, 526, 527, 672, 673, 674, 675, 676, 677, 678, 679, 680, 681, 682, 683, 684, 810, 811, 812, 813, 814, 881, 882, 883, 884, 885, 886]","[32, 33, 34, 35, 36, 37, 38, 39, 40, 41, 42, 43, 44, 45, 46, 47, 48, 201, 202, 203, 204, 205, 206, 207, 208, 209, 210, 211, 212, 213, 214, 215, 216, 355, 356, 357, 358, 359, 360, 361, 429, 430, 431, 432, 433, 434, 435, 515, 516, 517, 518, 519, 520, 521, 522, 523, 524, 525, 526, 527, 672, 673, 674, 675, 676, 677, 678, 679, 680, 681, 682, 683, 684, 810, 811, 812, 813, 814, 881, 882, 883, 884, 885, 886]","[32, 33, 34, 35, 36, 37, 38, 39, 40, 41, 42, 43, 44, 45, 46, 47, 48, 103, 104, 105, 106, 107, 108, 109, 110, 111, 112, 113, 114, 115, 116, 117, 118, 119, 120, 121, 122, 123, 124, 125, 126, 127, 128, 129, 130, 131, 132, 133, 134, 135, 136, 137, 138, 139, 140, 141, 142, 143, 144, 145, 146, 147, 148, 149, 150, 151, 152, 153, 154, 155, 156, 157, 158, 159, 160, 161, 162, 163, 164, 165, 166, 167, 168, 169, 170, 171, 172, 173, 174, 175, 176, 177, 178, 179, 180, 181, 182, 183, 184, 185, 186, 187, 188, 189, 190, 191, 192, 193, 194, 195, 196, 197, 198, 199, 200, 201, 202, 203, 204, 205, 206, 207, 208, 209, 210, 211, 212, 213, 214, 215, 216, 217, 218, 219, 220, 221, 222, 223, 224, 225, 226, 227, 228, 229, 230, 231, 232, 233, 234, 235, 236, 237, 238, 239, 240, 241, 242, 243, 244, 245, 246, 247, 248, 249, 250, 251, 252, 253, 254, 255, 256, 257, 258, 259, 260, 261, 262, 263, 264, 265, 266, 267, 268, 269, 270, 271, 272, 273, 274, 275, 276, 277, 278, 279, 280, 281, 282, 283, 284, 285, 286, 287, 288, 289, 290, 291, 292, 293, 294, 295, 296, 297, 298, 299, 300, 301, 302, 303, 304, 305, 306, 307, 308, 309, 310, 311, 312, 313, 314, 315, 316, 317, 318, 319, 320, 321, 322, 323, 324, 325, 326, 327, 328, 329, 330, 331, 332, 333, 334, 335, 336, 337, 355, 356, 357, 358, 359, 360, 361, 429, 430, 431, 432, 433, 434, 435, 515, 516, 517, 518, 519, 520, 521, 522, 523, 524, 525, 526, 527, 574, 575, 576, 577, 578, 579, 580, 581, 582, 583, 584, 585, 586, 587, 588, 589, 590, 591, 592, 593, 594, 595, 596, 597, 598, 599, 600, 601, 602, 603, 604, 605, 606, 607, 608, 609, 610, 611, 612, 613, 614, 615, 616, 617, 618, 619, 620, 621, 622, 623, 624, 625, 626, 627, 628, 629, 630, 631, 632, 633, 634, 635, 636, 637, 638, 639, 640, 641, 642, 643, 644, 645, 646, 647, 648, 649, 650, 651, 652, 653, 654, 655, 656, 657, 658, 659, 660, 661, 662, 663, 664, 665, 666, 667, 668, 669, 670, 671, 672, 673, 674, 675, 676, 677, 678, 679, 680, 681, 682, 683, 684, 685, 686, 687, 688, 689, 690, 691, 692, 693, 694, 695, 696, 697, 698, 699, 700, 701, 702, 703, 704, 705, 706, 707, 708, 709, 710, 711, 712, 713, 714, 715, 716, 717, 718, 719, 720, 721, 722, 723, 724, 725, 726, 727, 728, 729, 730, 731, 732, 733, 734, 735, 736, 737, 738, 739, 740, 741, 742, 743, 744, 745, 746, 747, 748, 749, 750, 751, 752, 753, 754, 755, 756, 757, 758, 759, 760, 761, 762, 763, 764, 765, 766, 767, 768, 769, 770, 771, 772, 773, 774, 775, 776, 777, 778, 779, 780, 781, 782, 783, 784, 785, 786, 787, 788, 789, 790, 791, 792, 793, 810, 811, 812, 813, 814, 881, 882, 883, 884, 885, 886]",True,"[208, 241, 270, 306, 678, 705, 729, 764]","[103, 104, 105, 106, 107, 108, 109, 110, 111, 112, 113, 114, 115, 116, 117, 118, 119, 120, 121, 122, 123, 124, 125, 126, 127, 128, 129, 130, 131, 132, 133, 134, 135, 136, 137, 138, 139, 140, 141, 142, 143, 144, 145, 146, 147, 148, 149, 150, 151, 152, 153, 154, 155, 156, 157, 158, 159, 160, 161, 162, 163, 164, 165, 166, 167, 168, 169, 170, 171, 172, 173, 174, 175, 176, 177, 178, 179, 180, 181, 182, 183, 184, 185, 186, 187, 188, 189, 190, 191, 192, 193, 194, 195, 196, 197, 198, 199, 200, 201, 202, 203, 204, 205, 206, 207, 208, 209, 210, 211, 212, 213, 214, 215, 216, 217, 218, 219, 220, 221, 222, 223, 224, 225, 226, 227, 228, 229, 230, 231, 232, 233, 234, 235, 236, 237, 238, 239, 240, 241, 242, 243, 244, 245, 246, 247, 248, 249, 250, 251, 252, 253, 254, 255, 256, 257, 258, 259, 260, 261, 262, 263, 264, 265, 266, 267, 268, 269, 270, 271, 272, 273, 274, 275, 276, 277, 278, 279, 280, 281, 282, 283, 284, 285, 286, 287, 288, 289, 290, 291, 292, 293, 294, 295, 296, 297, 298, 299, 300, 301, 302, 303, 304, 305, 306, 307, 308, 309, 310, 311, 312, 313, 314, 315, 316, 317, 318, 319, 320, 321, 322, 323, 324, 325, 326, 327, 328, 329, 330, 331, 332, 333, 334, 335, 336, 337, 574, 575, 576, 577, 578, 579, 580, 581, 582, 583, 584, 585, 586, 587, 588, 589, 590, 591, 592, 593, 594, 595, 596, 597, 598, 599, 600, 601, 602, 603, 604, 605, 606, 607, 608, 609, 610, 611, 612, 613, 614, 615, 616, 617, 618, 619, 620, 621, 622, 623, 624, 625, 626, 627, 628, 629, 630, 631, 632, 633, 634, 635, 636, 637, 638, 639, 640, 641, 642, 643, 644, 645, 646, 647, 648, 649, 650, 651, 652, 653, 654, 655, 656, 657, 658, 659, 660, 661, 662, 663, 664, 665, 666, 667, 668, 669, 670, 671, 672, 673, 674, 675, 676, 677, 678, 679, 680, 681, 682, 683, 684, 685, 686, 687, 688, 689, 690, 691, 692, 693, 694, 695, 696, 697, 698, 699, 700, 701, 702, 703, 704, 705, 706, 707, 708, 709, 710, 711, 712, 713, 714, 715, 716, 717, 718, 719, 720, 721, 722, 723, 724, 725, 726, 727, 728, 729, 730, 731, 732, 733, 734, 735, 736, 737, 738, 739, 740, 741, 742, 743, 744, 745, 746, 747, 748, 749, 750, 751, 752, 753, 754, 755, 756, 757, 758, 759, 760, 761, 762, 763, 764, 765, 766, 767, 768, 769, 770, 771, 772, 773, 774, 775, 776, 777, 778, 779, 780, 781, 782, 783, 784, 785, 786, 787, 788, 789, 790, 791, 792, 793]","[208, 241, 270, 306, 678, 705, 729, 764]","[208, 241, 306, 678, 705, 764]","[105, 114, 138, 141, 152, 153, 154, 155, 157, 159, 164, 165, 176, 182, 191, 192, 194, 195, 196, 200, 204, 208, 209, 210, 211, 215, 226, 228, 241, 242, 243, 245, 248, 249, 250, 257, 261, 270, 271, 282, 287, 289, 291, 294, 296, 298, 306, 308, 309, 311, 314, 327, 333, 335, 337, 576, 585, 609, 612, 623, 624, 626, 627, 629, 631, 636, 637, 647, 653, 662, 663, 665, 666, 667, 671, 674, 678, 679, 680, 681, 690, 692, 705, 706, 707, 709, 711, 712, 713, 719, 721, 729, 730, 741, 746, 748, 750, 753, 755, 757, 764, 766, 767, 769, 772, 785, 791]","[32, 33, 34, 35, 36, 37, 38, 39, 40, 41, 42, 43, 44, 45, 46, 47, 48, 201, 202, 203, 204, 205, 206, 207, 208, 209, 210, 211, 212, 213, 214, 215, 216, 355, 356, 357, 358, 359, 360, 361, 429, 430, 431, 432, 433, 434, 435, 515, 516, 517, 518, 519, 520, 521, 522, 523, 524, 525, 526, 527, 672, 673, 674, 675, 676, 677, 678, 679, 680, 681, 682, 683, 684, 810, 811, 812, 813, 814, 881, 882, 883, 884, 885, 886]","[34, 35, 36, 37, 38, 39, 40, 41, 42, 43, 44, 45, 46, 47, 48, 201, 202, 203, 204, 205, 206, 207, 208, 209, 210, 211, 212, 213, 214, 215, 216, 355, 356, 357, 358, 359, 360, 361, 429, 430, 431, 432, 433, 434, 435, 515, 516, 517, 518, 519, 520, 521, 522, 523, 524, 525, 526, 527, 672, 673, 674, 675, 676, 677, 678, 679, 680, 681, 682, 683, 684, 810, 811, 812, 813, 814, 881, 882, 883, 884, 885, 886]",7/6 successful match,True,[29],True,828,False,,1.0,True,Love's Travel Stop # 410,Love's
Corning ( 96021 ) Love's Travel Stop # 410,2 530-824-8767 I-5 Exit 630 ( South Ave ),24 XL 24 24,Corning,96021,Love's Travel Stop # 410,530-824-8767,2016,Corning,CA,Love's,( South Ave ),I-5 Exit 630 ,Exit,630,False,,False,I-5,,,,,"[208, 678]","[208, 241, 270, 306, 678, 705, 729, 764]","[208, 241, 270, 306, 678, 705, 729, 764]","[208, 241, 306, 678, 705, 764]","[103, 104, 105, 106, 107, 108, 109, 110, 111, 112, 113, 114, 115, 116, 117, 118, 119, 120, 121, 122, 123, 124, 125, 126, 127, 128, 129, 130, 131, 132, 133, 134, 135, 136, 137, 138, 139, 140, 141, 142, 143, 144, 145, 146, 147, 148, 149, 150, 151, 152, 153, 154, 155, 156, 157, 158, 159, 160, 161, 162, 163, 164, 165, 166, 167, 168, 169, 170, 171, 172, 173, 174, 175, 176, 177, 178, 179, 180, 181, 182, 183, 184, 185, 186, 187, 188, 189, 190, 191, 192, 193, 194, 195, 196, 197, 198, 199, 200, 201, 202, 203, 204, 205, 206, 207, 208, 209, 210, 211, 212, 213, 214, 215, 216, 217, 218, 219, 220, 221, 222, 223, 224, 225, 226, 227, 228, 229, 230, 231, 232, 233, 234, 235, 236, 237, 238, 239, 240, 241, 242, 243, 244, 245, 246, 247, 248, 249, 250, 251, 252, 253, 254, 255, 256, 257, 258, 259, 260, 261, 262, 263, 264, 265, 266, 267, 268, 269, 270, 271, 272, 273, 274, 275, 276, 277, 278, 279, 280, 281, 282, 283, 284, 285, 286, 287, 288, 289, 290, 291, 292, 293, 294, 295, 296, 297, 298, 299, 300, 301, 302, 303, 304, 305, 306, 307, 308, 309, 310, 311, 312, 313, 314, 315, 316, 317, 318, 319, 320, 321, 322, 323, 324, 325, 326, 327, 328, 329, 330, 331, 332, 333, 334, 335, 336, 337, 574, 575, 576, 577, 578, 579, 580, 581, 582, 583, 584, 585, 586, 587, 588, 589, 590, 591, 592, 593, 594, 595, 596, 597, 598, 599, 600, 601, 602, 603, 604, 605, 606, 607, 608, 609, 610, 611, 612, 613, 614, 615, 616, 617, 618, 619, 620, 621, 622, 623, 624, 625, 626, 627, 628, 629, 630, 631, 632, 633, 634, 635, 636, 637, 638, 639, 640, 641, 642, 643, 644, 645, 646, 647, 648, 649, 650, 651, 652, 653, 654, 655, 656, 657, 658, 659, 660, 661, 662, 663, 664, 665, 666, 667, 668, 669, 670, 671, 672, 673, 674, 675, 676, 677, 678, 679, 680, 681, 682, 683, 684, 685, 686, 687, 688, 689, 690, 691, 692, 693, 694, 695, 696, 697, 698, 699, 700, 701, 702, 703, 704, 705, 706, 707, 708, 709, 710, 711, 712, 713, 714, 715, 716, 717, 718, 719, 720, 721, 722, 723, 724, 725, 726, 727, 728, 729, 730, 731, 732, 733, 734, 735, 736, 737, 738, 739, 740, 741, 742, 743, 744, 745, 746, 747, 748, 749, 750, 751, 752, 753, 754, 755, 756, 757, 758, 759, 760, 761, 762, 763, 764, 765, 766, 767, 768, 769, 770, 771, 772, 773, 774, 775, 776, 777, 778, 779, 780, 781, 782, 783, 784, 785, 786, 787, 788, 789, 790, 791, 792, 793]","[105, 114, 138, 141, 152, 153, 154, 155, 157, 159, 164, 165, 176, 182, 191, 192, 194, 195, 196, 200, 204, 208, 209, 210, 211, 215, 226, 228, 241, 242, 243, 245, 248, 249, 250, 257, 261, 270, 271, 282, 287, 289, 291, 294, 296, 298, 306, 308, 309, 311, 314, 327, 333, 335, 337, 576, 585, 609, 612, 623, 624, 626, 627, 629, 631, 636, 637, 647, 653, 662, 663, 665, 666, 667, 671, 674, 678, 679, 680, 681, 690, 692, 705, 706, 707, 709, 711, 712, 713, 719, 721, 729, 730, 741, 746, 748, 750, 753, 755, 757, 764, 766, 767, 769, 772, 785, 791]","[34, 35, 36, 37, 38, 39, 40, 41, 42, 43, 44, 45, 46, 47, 48, 201, 202, 203, 204, 205, 206, 207, 208, 209, 210, 211, 212, 213, 214, 215, 216, 355, 356, 357, 358, 359, 360, 361, 429, 430, 431, 432, 433, 434, 435, 515, 516, 517, 518, 519, 520, 521, 522, 523, 524, 525, 526, 527, 672, 673, 674, 675, 676, 677, 678, 679, 680, 681, 682, 683, 684, 810, 811, 812, 813, 814, 881, 882, 883, 884, 885, 886]","[32, 33, 34, 35, 36, 37, 38, 39, 40, 41, 42, 43, 44, 45, 46, 47, 48, 201, 202, 203, 204, 205, 206, 207, 208, 209, 210, 211, 212, 213, 214, 215, 216, 355, 356, 357, 358, 359, 360, 361, 429, 430, 431, 432, 433, 434, 435, 515, 516, 517, 518, 519, 520, 521, 522, 523, 524, 525, 526, 527, 672, 673, 674, 675, 676, 677, 678, 679, 680, 681, 682, 683, 684, 810, 811, 812, 813, 814, 881, 882, 883, 884, 885, 886]","[32, 33, 34, 35, 36, 37, 38, 39, 40, 41, 42, 43, 44, 45, 46, 47, 48, 103, 104, 105, 106, 107, 108, 109, 110, 111, 112, 113, 114, 115, 116, 117, 118, 119, 120, 121, 122, 123, 124, 125, 126, 127, 128, 129, 130, 131, 132, 133, 134, 135, 136, 137, 138, 139, 140, 141, 142, 143, 144, 145, 146, 147, 148, 149, 150, 151, 152, 153, 154, 155, 156, 157, 158, 159, 160, 161, 162, 163, 164, 165, 166, 167, 168, 169, 170, 171, 172, 173, 174, 175, 176, 177, 178, 179, 180, 181, 182, 183, 184, 185, 186, 187, 188, 189, 190, 191, 192, 193, 194, 195, 196, 197, 198, 199, 200, 201, 202, 203, 204, 205, 206, 207, 208, 209, 210, 211, 212, 213, 214, 215, 216, 217, 218, 219, 220, 221, 222, 223, 224, 225, 226, 227, 228, 229, 230, 231, 232, 233, 234, 235, 236, 237, 238, 239, 240, 241, 242, 243, 244, 245, 246, 247, 248, 249, 250, 251, 252, 253, 254, 255, 256, 257, 258, 259, 260, 261, 262, 263, 264, 265, 266, 267, 268, 269, 270, 271, 272, 273, 274, 275, 276, 277, 278, 279, 280, 281, 282, 283, 284, 285, 286, 287, 288, 289, 290, 291, 292, 293, 294, 295, 296, 297, 298, 299, 300, 301, 302, 303, 304, 305, 306, 307, 308, 309, 310, 311, 312, 313, 314, 315, 316, 317, 318, 319, 320, 321, 322, 323, 324, 325, 326, 327, 328, 329, 330, 331, 332, 333, 334, 335, 336, 337, 355, 356, 357, 358, 359, 360, 361, 429, 430, 431, 432, 433, 434, 435, 515, 516, 517, 518, 519, 520, 521, 522, 523, 524, 525, 526, 527, 574, 575, 576, 577, 578, 579, 580, 581, 582, 583, 584, 585, 586, 587, 588, 589, 590, 591, 592, 593, 594, 595, 596, 597, 598, 599, 600, 601, 602, 603, 604, 605, 606, 607, 608, 609, 610, 611, 612, 613, 614, 615, 616, 617, 618, 619, 620, 621, 622, 623, 624, 625, 626, 627, 628, 629, 630, 631, 632, 633, 634, 635, 636, 637, 638, 639, 640, 641, 642, 643, 644, 645, 646, 647, 648, 649, 650, 651, 652, 653, 654, 655, 656, 657, 658, 659, 660, 661, 662, 663, 664, 665, 666, 667, 668, 669, 670, 671, 672, 673, 674, 675, 676, 677, 678, 679, 680, 681, 682, 683, 684, 685, 686, 687, 688, 689, 690, 691, 692, 693, 694, 695, 696, 697, 698, 699, 700, 701, 702, 703, 704, 705, 706, 707, 708, 709, 710, 711, 712, 713, 714, 715, 716, 717, 718, 719, 720, 721, 722, 723, 724, 725, 726, 727, 728, 729, 730, 731, 732, 733, 734, 735, 736, 737, 738, 739, 740, 741, 742, 743, 744, 745, 746, 747, 748, 749, 750, 751, 752, 753, 754, 755, 756, 757, 758, 759, 760, 761, 762, 763, 764, 765, 766, 767, 768, 769, 770, 771, 772, 773, 774, 775, 776, 777, 778, 779, 780, 781, 782, 783, 784, 785, 786, 787, 788, 789, 790, 791, 792, 793, 810, 811, 812, 813, 814, 881, 882, 883, 884, 885, 886]",True,"[208, 241, 270, 306, 678, 705, 729, 764]","[103, 104, 105, 106, 107, 108, 109, 110, 111, 112, 113, 114, 115, 116, 117, 118, 119, 120, 121, 122, 123, 124, 125, 126, 127, 128, 129, 130, 131, 132, 133, 134, 135, 136, 137, 138, 139, 140, 141, 142, 143, 144, 145, 146, 147, 148, 149, 150, 151, 152, 153, 154, 155, 156, 157, 158, 159, 160, 161, 162, 163, 164, 165, 166, 167, 168, 169, 170, 171, 172, 173, 174, 175, 176, 177, 178, 179, 180, 181, 182, 183, 184, 185, 186, 187, 188, 189, 190, 191, 192, 193, 194, 195, 196, 197, 198, 199, 200, 201, 202, 203, 204, 205, 206, 207, 208, 209, 210, 211, 212, 213, 214, 215, 216, 217, 218, 219, 220, 221, 222, 223, 224, 225, 226, 227, 228, 229, 230, 231, 232, 233, 234, 235, 236, 237, 238, 239, 240, 241, 242, 243, 244, 245, 246, 247, 248, 249, 250, 251, 252, 253, 254, 255, 256, 257, 258, 259, 260, 261, 262, 263, 264, 265, 266, 267, 268, 269, 270, 271, 272, 273, 274, 275, 276, 277, 278, 279, 280, 281, 282, 283, 284, 285, 286, 287, 288, 289, 290, 291, 292, 293, 294, 295, 296, 297, 298, 299, 300, 301, 302, 303, 304, 305, 306, 307, 308, 309, 310, 311, 312, 313, 314, 315, 316, 317, 318, 319, 320, 321, 322, 323, 324, 325, 326, 327, 328, 329, 330, 331, 332, 333, 334, 335, 336, 337, 574, 575, 576, 577, 578, 579, 580, 581, 582, 583, 584, 585, 586, 587, 588, 589, 590, 591, 592, 593, 594, 595, 596, 597, 598, 599, 600, 601, 602, 603, 604, 605, 606, 607, 608, 609, 610, 611, 612, 613, 614, 615, 616, 617, 618, 619, 620, 621, 622, 623, 624, 625, 626, 627, 628, 629, 630, 631, 632, 633, 634, 635, 636, 637, 638, 639, 640, 641, 642, 643, 644, 645, 646, 647, 648, 649, 650, 651, 652, 653, 654, 655, 656, 657, 658, 659, 660, 661, 662, 663, 664, 665, 666, 667, 668, 669, 670, 671, 672, 673, 674, 675, 676, 677, 678, 679, 680, 681, 682, 683, 684, 685, 686, 687, 688, 689, 690, 691, 692, 693, 694, 695, 696, 697, 698, 699, 700, 701, 702, 703, 704, 705, 706, 707, 708, 709, 710, 711, 712, 713, 714, 715, 716, 717, 718, 719, 720, 721, 722, 723, 724, 725, 726, 727, 728, 729, 730, 731, 732, 733, 734, 735, 736, 737, 738, 739, 740, 741, 742, 743, 744, 745, 746, 747, 748, 749, 750, 751, 752, 753, 754, 755, 756, 757, 758, 759, 760, 761, 762, 763, 764, 765, 766, 767, 768, 769, 770, 771, 772, 773, 774, 775, 776, 777, 778, 779, 780, 781, 782, 783, 784, 785, 786, 787, 788, 789, 790, 791, 792, 793]","[208, 241, 270, 306, 678, 705, 729, 764]","[208, 241, 306, 678, 705, 764]","[105, 114, 138, 141, 152, 153, 154, 155, 157, 159, 164, 165, 176, 182, 191, 192, 194, 195, 196, 200, 204, 208, 209, 210, 211, 215, 226, 228, 241, 242, 243, 245, 248, 249, 250, 257, 261, 270, 271, 282, 287, 289, 291, 294, 296, 298, 306, 308, 309, 311, 314, 327, 333, 335, 337, 576, 585, 609, 612, 623, 624, 626, 627, 629, 631, 636, 637, 647, 653, 662, 663, 665, 666, 667, 671, 674, 678, 679, 680, 681, 690, 692, 705, 706, 707, 709, 711, 712, 713, 719, 721, 729, 730, 741, 746, 748, 750, 753, 755, 757, 764, 766, 767, 769, 772, 785, 791]","[32, 33, 34, 35, 36, 37, 38, 39, 40, 41, 42, 43, 44, 45, 46, 47, 48, 201, 202, 203, 204, 205, 206, 207, 208, 209, 210, 211, 212, 213, 214, 215, 216, 355, 356, 357, 358, 359, 360, 361, 429, 430, 431, 432, 433, 434, 435, 515, 516, 517, 518, 519, 520, 521, 522, 523, 524, 525, 526, 527, 672, 673, 674, 675, 676, 677, 678, 679, 680, 681, 682, 683, 684, 810, 811, 812, 813, 814, 881, 882, 883, 884, 885, 886]","[34, 35, 36, 37, 38, 39, 40, 41, 42, 43, 44, 45, 46, 47, 48, 201, 202, 203, 204, 205, 206, 207, 208, 209, 210, 211, 212, 213, 214, 215, 216, 355, 356, 357, 358, 359, 360, 361, 429, 430, 431, 432, 433, 434, 435, 515, 516, 517, 518, 519, 520, 521, 522, 523, 524, 525, 526, 527, 672, 673, 674, 675, 676, 677, 678, 679, 680, 681, 682, 683, 684, 810, 811, 812, 813, 814, 881, 882, 883, 884, 885, 886]",7/6 successful match,True,[29],True,828,False,,1.0,True,Love's Travel Stop # 410,Love's
", 96021 Flying J Travel Plaza # 0510154",CCorning 2530-824-8770 I-5 Exit 630 ( South Ave ),XL 24 45,,96021,Flying J Travel Plaza # 0510154,530-824-8770,2007,Corning,CA,Flying J,( South Ave ),I-5 Exit 630 ,Exit,630,False,,False,I-5,,,,,[],"[208, 241, 270, 306, 678, 705, 729, 764]","[208, 241, 270, 306, 678, 705, 729, 764]","[208, 241, 306, 678, 705, 764]","[103, 104, 105, 106, 107, 108, 109, 110, 111, 112, 113, 114, 115, 116, 117, 118, 119, 120, 121, 122, 123, 124, 125, 126, 127, 128, 129, 130, 131, 132, 133, 134, 135, 136, 137, 138, 139, 140, 141, 142, 143, 144, 145, 146, 147, 148, 149, 150, 151, 152, 153, 154, 155, 156, 157, 158, 159, 160, 161, 162, 163, 164, 165, 166, 167, 168, 169, 170, 171, 172, 173, 174, 175, 176, 177, 178, 179, 180, 181, 182, 183, 184, 185, 186, 187, 188, 189, 190, 191, 192, 193, 194, 195, 196, 197, 198, 199, 200, 201, 202, 203, 204, 205, 206, 207, 208, 209, 210, 211, 212, 213, 214, 215, 216, 217, 218, 219, 220, 221, 222, 223, 224, 225, 226, 227, 228, 229, 230, 231, 232, 233, 234, 235, 236, 237, 238, 239, 240, 241, 242, 243, 244, 245, 246, 247, 248, 249, 250, 251, 252, 253, 254, 255, 256, 257, 258, 259, 260, 261, 262, 263, 264, 265, 266, 267, 268, 269, 270, 271, 272, 273, 274, 275, 276, 277, 278, 279, 280, 281, 282, 283, 284, 285, 286, 287, 288, 289, 290, 291, 292, 293, 294, 295, 296, 297, 298, 299, 300, 301, 302, 303, 304, 305, 306, 307, 308, 309, 310, 311, 312, 313, 314, 315, 316, 317, 318, 319, 320, 321, 322, 323, 324, 325, 326, 327, 328, 329, 330, 331, 332, 333, 334, 335, 336, 337, 574, 575, 576, 577, 578, 579, 580, 581, 582, 583, 584, 585, 586, 587, 588, 589, 590, 591, 592, 593, 594, 595, 596, 597, 598, 599, 600, 601, 602, 603, 604, 605, 606, 607, 608, 609, 610, 611, 612, 613, 614, 615, 616, 617, 618, 619, 620, 621, 622, 623, 624, 625, 626, 627, 628, 629, 630, 631, 632, 633, 634, 635, 636, 637, 638, 639, 640, 641, 642, 643, 644, 645, 646, 647, 648, 649, 650, 651, 652, 653, 654, 655, 656, 657, 658, 659, 660, 661, 662, 663, 664, 665, 666, 667, 668, 669, 670, 671, 672, 673, 674, 675, 676, 677, 678, 679, 680, 681, 682, 683, 684, 685, 686, 687, 688, 689, 690, 691, 692, 693, 694, 695, 696, 697, 698, 699, 700, 701, 702, 703, 704, 705, 706, 707, 708, 709, 710, 711, 712, 713, 714, 715, 716, 717, 718, 719, 720, 721, 722, 723, 724, 725, 726, 727, 728, 729, 730, 731, 732, 733, 734, 735, 736, 737, 738, 739, 740, 741, 742, 743, 744, 745, 746, 747, 748, 749, 750, 751, 752, 753, 754, 755, 756, 757, 758, 759, 760, 761, 762, 763, 764, 765, 766, 767, 768, 769, 770, 771, 772, 773, 774, 775, 776, 777, 778, 779, 780, 781, 782, 783, 784, 785, 786, 787, 788, 789, 790, 791, 792, 793]","[105, 114, 138, 141, 152, 153, 154, 155, 157, 159, 164, 165, 176, 182, 191, 192, 194, 195, 196, 200, 204, 208, 209, 210, 211, 215, 226, 228, 241, 242, 243, 245, 248, 249, 250, 257, 261, 270, 271, 282, 287, 289, 291, 294, 296, 298, 306, 308, 309, 311, 314, 327, 333, 335, 337, 576, 585, 609, 612, 623, 624, 626, 627, 629, 631, 636, 637, 647, 653, 662, 663, 665, 666, 667, 671, 674, 678, 679, 680, 681, 690, 692, 705, 706, 707, 709, 711, 712, 713, 719, 721, 729, 730, 741, 746, 748, 750, 753, 755, 757, 764, 766, 767, 769, 772, 785, 791]","[17, 18, 19, 20, 21, 22, 23, 156, 157, 158, 159, 160, 161, 162, 163, 164, 165, 166, 167, 341, 342, 343, 344, 345, 412, 413, 414, 415, 416, 417, 418, 419, 420, 421, 422, 502, 503, 504, 505, 506, 507, 628, 629, 630, 631, 632, 633, 634, 635, 636, 637, 638, 639, 792, 797, 798, 799, 800, 801, 863, 864, 865, 866, 867, 868, 869, 870, 871, 872, 873, 874]","[17, 18, 19, 20, 21, 22, 23, 156, 157, 158, 159, 160, 161, 162, 163, 164, 165, 166, 167, 168, 340, 341, 342, 343, 344, 345, 346, 412, 413, 414, 415, 416, 417, 418, 419, 420, 421, 422, 502, 503, 504, 505, 506, 507, 628, 629, 630, 631, 632, 633, 634, 635, 636, 637, 638, 639, 792, 796, 797, 798, 799, 800, 801, 863, 864, 865, 866, 867, 868, 869, 870, 871, 872, 873, 874]","[17, 18, 19, 20, 21, 22, 23, 103, 104, 105, 106, 107, 108, 109, 110, 111, 112, 113, 114, 115, 116, 117, 118, 119, 120, 121, 122, 123, 124, 125, 126, 127, 128, 129, 130, 131, 132, 133, 134, 135, 136, 137, 138, 139, 140, 141, 142, 143, 144, 145, 146, 147, 148, 149, 150, 151, 152, 153, 154, 155, 156, 157, 158, 159, 160, 161, 162, 163, 164, 165, 166, 167, 168, 169, 170, 171, 172, 173, 174, 175, 176, 177, 178, 179, 180, 181, 182, 183, 184, 185, 186, 187, 188, 189, 190, 191, 192, 193, 194, 195, 196, 197, 198, 199, 200, 201, 202, 203, 204, 205, 206, 207, 208, 209, 210, 211, 212, 213, 214, 215, 216, 217, 218, 219, 220, 221, 222, 223, 224, 225, 226, 227, 228, 229, 230, 231, 232, 233, 234, 235, 236, 237, 238, 239, 240, 241, 242, 243, 244, 245, 246, 247, 248, 249, 250, 251, 252, 253, 254, 255, 256, 257, 258, 259, 260, 261, 262, 263, 264, 265, 266, 267, 268, 269, 270, 271, 272, 273, 274, 275, 276, 277, 278, 279, 280, 281, 282, 283, 284, 285, 286, 287, 288, 289, 290, 291, 292, 293, 294, 295, 296, 297, 298, 299, 300, 301, 302, 303, 304, 305, 306, 307, 308, 309, 310, 311, 312, 313, 314, 315, 316, 317, 318, 319, 320, 321, 322, 323, 324, 325, 326, 327, 328, 329, 330, 331, 332, 333, 334, 335, 336, 337, 340, 341, 342, 343, 344, 345, 346, 412, 413, 414, 415, 416, 417, 418, 419, 420, 421, 422, 502, 503, 504, 505, 506, 507, 574, 575, 576, 577, 578, 579, 580, 581, 582, 583, 584, 585, 586, 587, 588, 589, 590, 591, 592, 593, 594, 595, 596, 597, 598, 599, 600, 601, 602, 603, 604, 605, 606, 607, 608, 609, 610, 611, 612, 613, 614, 615, 616, 617, 618, 619, 620, 621, 622, 623, 624, 625, 626, 627, 628, 629, 630, 631, 632, 633, 634, 635, 636, 637, 638, 639, 640, 641, 642, 643, 644, 645, 646, 647, 648, 649, 650, 651, 652, 653, 654, 655, 656, 657, 658, 659, 660, 661, 662, 663, 664, 665, 666, 667, 668, 669, 670, 671, 672, 673, 674, 675, 676, 677, 678, 679, 680, 681, 682, 683, 684, 685, 686, 687, 688, 689, 690, 691, 692, 693, 694, 695, 696, 697, 698, 699, 700, 701, 702, 703, 704, 705, 706, 707, 708, 709, 710, 711, 712, 713, 714, 715, 716, 717, 718, 719, 720, 721, 722, 723, 724, 725, 726, 727, 728, 729, 730, 731, 732, 733, 734, 735, 736, 737, 738, 739, 740, 741, 742, 743, 744, 745, 746, 747, 748, 749, 750, 751, 752, 753, 754, 755, 756, 757, 758, 759, 760, 761, 762, 763, 764, 765, 766, 767, 768, 769, 770, 771, 772, 773, 774, 775, 776, 777, 778, 779, 780, 781, 782, 783, 784, 785, 786, 787, 788, 789, 790, 791, 792, 793, 796, 797, 798, 799, 800, 801, 863, 864, 865, 866, 867, 868, 869, 870, 871, 872, 873, 874]",False,"[208, 241, 270, 306, 678, 705, 729, 764]","[103, 104, 105, 106, 107, 108, 109, 110, 111, 112, 113, 114, 115, 116, 117, 118, 119, 120, 121, 122, 123, 124, 125, 126, 127, 128, 129, 130, 131, 132, 133, 134, 135, 136, 137, 138, 139, 140, 141, 142, 143, 144, 145, 146, 147, 148, 149, 150, 151, 152, 153, 154, 155, 156, 157, 158, 159, 160, 161, 162, 163, 164, 165, 166, 167, 168, 169, 170, 171, 172, 173, 174, 175, 176, 177, 178, 179, 180, 181, 182, 183, 184, 185, 186, 187, 188, 189, 190, 191, 192, 193, 194, 195, 196, 197, 198, 199, 200, 201, 202, 203, 204, 205, 206, 207, 208, 209, 210, 211, 212, 213, 214, 215, 216, 217, 218, 219, 220, 221, 222, 223, 224, 225, 226, 227, 228, 229, 230, 231, 232, 233, 234, 235, 236, 237, 238, 239, 240, 241, 242, 243, 244, 245, 246, 247, 248, 249, 250, 251, 252, 253, 254, 255, 256, 257, 258, 259, 260, 261, 262, 263, 264, 265, 266, 267, 268, 269, 270, 271, 272, 273, 274, 275, 276, 277, 278, 279, 280, 281, 282, 283, 284, 285, 286, 287, 288, 289, 290, 291, 292, 293, 294, 295, 296, 297, 298, 299, 300, 301, 302, 303, 304, 305, 306, 307, 308, 309, 310, 311, 312, 313, 314, 315, 316, 317, 318, 319, 320, 321, 322, 323, 324, 325, 326, 327, 328, 329, 330, 331, 332, 333, 334, 335, 336, 337, 574, 575, 576, 577, 578, 579, 580, 581, 582, 583, 584, 585, 586, 587, 588, 589, 590, 591, 592, 593, 594, 595, 596, 597, 598, 599, 600, 601, 602, 603, 604, 605, 606, 607, 608, 609, 610, 611, 612, 613, 614, 615, 616, 617, 618, 619, 620, 621, 622, 623, 624, 625, 626, 627, 628, 629, 630, 631, 632, 633, 634, 635, 636, 637, 638, 639, 640, 641, 642, 643, 644, 645, 646, 647, 648, 649, 650, 651, 652, 653, 654, 655, 656, 657, 658, 659, 660, 661, 662, 663, 664, 665, 666, 667, 668, 669, 670, 671, 672, 673, 674, 675, 676, 677, 678, 679, 680, 681, 682, 683, 684, 685, 686, 687, 688, 689, 690, 691, 692, 693, 694, 695, 696, 697, 698, 699, 700, 701, 702, 703, 704, 705, 706, 707, 708, 709, 710, 711, 712, 713, 714, 715, 716, 717, 718, 719, 720, 721, 722, 723, 724, 725, 726, 727, 728, 729, 730, 731, 732, 733, 734, 735, 736, 737, 738, 739, 740, 741, 742, 743, 744, 745, 746, 747, 748, 749, 750, 751, 752, 753, 754, 755, 756, 757, 758, 759, 760, 761, 762, 763, 764, 765, 766, 767, 768, 769, 770, 771, 772, 773, 774, 775, 776, 777, 778, 779, 780, 781, 782, 783, 784, 785, 786, 787, 788, 789, 790, 791, 792, 793]","[208, 241, 270, 306, 678, 705, 729, 764]","[208, 241, 306, 678, 705, 764]","[105, 114, 138, 141, 152, 153, 154, 155, 157, 159, 164, 165, 176, 182, 191, 192, 194, 195, 196, 200, 204, 208, 209, 210, 211, 215, 226, 228, 241, 242, 243, 245, 248, 249, 250, 257, 261, 270, 271, 282, 287, 289, 291, 294, 296, 298, 306, 308, 309, 311, 314, 327, 333, 335, 337, 576, 585, 609, 612, 623, 624, 626, 627, 629, 631, 636, 637, 647, 653, 662, 663, 665, 666, 667, 671, 674, 678, 679, 680, 681, 690, 692, 705, 706, 707, 709, 711, 712, 713, 719, 721, 729, 730, 741, 746, 748, 750, 753, 755, 757, 764, 766, 767, 769, 772, 785, 791]","[17, 18, 19, 20, 21, 22, 23, 156, 157, 158, 159, 160, 161, 162, 163, 164, 165, 166, 167, 168, 340, 341, 342, 343, 344, 345, 346, 412, 413, 414, 415, 416, 417, 418, 419, 420, 421, 422, 502, 503, 504, 505, 506, 507, 628, 629, 630, 631, 632, 633, 634, 635, 636, 637, 638, 639, 792, 796, 797, 798, 799, 800, 801, 863, 864, 865, 866, 867, 868, 869, 870, 871, 872, 873, 874]","[17, 18, 19, 20, 21, 22, 23, 156, 157, 158, 159, 160, 161, 162, 163, 164, 165, 166, 167, 341, 342, 343, 344, 345, 412, 413, 414, 415, 416, 417, 418, 419, 420, 421, 422, 502, 503, 504, 505, 506, 507, 628, 629, 630, 631, 632, 633, 634, 635, 636, 637, 638, 639, 792, 797, 798, 799, 800, 801, 863, 864, 865, 866, 867, 868, 869, 870, 871, 872, 873, 874]",5/6 successful match,False,,False,829,False,,,,,
"Corning , 96021 Flying J Travel Plaza # 0510154",2 530-824-8770 I-5 Exit 630 ( South Ave ),124 HRS XL 24 HRS,Corning,96021,Flying J Travel Plaza # 0510154,530-824-8770,2008,Corning,CA,Flying J,( South Ave ),I-5 Exit 630 ,Exit,630,False,,False,I-5,,,,,[],"[208, 241, 270, 306, 678, 705, 729, 764]","[208, 241, 270, 306, 678, 705, 729, 764]","[208, 241, 306, 678, 705, 764]","[103, 104, 105, 106, 107, 108, 109, 110, 111, 112, 113, 114, 115, 116, 117, 118, 119, 120, 121, 122, 123, 124, 125, 126, 127, 128, 129, 130, 131, 132, 133, 134, 135, 136, 137, 138, 139, 140, 141, 142, 143, 144, 145, 146, 147, 148, 149, 150, 151, 152, 153, 154, 155, 156, 157, 158, 159, 160, 161, 162, 163, 164, 165, 166, 167, 168, 169, 170, 171, 172, 173, 174, 175, 176, 177, 178, 179, 180, 181, 182, 183, 184, 185, 186, 187, 188, 189, 190, 191, 192, 193, 194, 195, 196, 197, 198, 199, 200, 201, 202, 203, 204, 205, 206, 207, 208, 209, 210, 211, 212, 213, 214, 215, 216, 217, 218, 219, 220, 221, 222, 223, 224, 225, 226, 227, 228, 229, 230, 231, 232, 233, 234, 235, 236, 237, 238, 239, 240, 241, 242, 243, 244, 245, 246, 247, 248, 249, 250, 251, 252, 253, 254, 255, 256, 257, 258, 259, 260, 261, 262, 263, 264, 265, 266, 267, 268, 269, 270, 271, 272, 273, 274, 275, 276, 277, 278, 279, 280, 281, 282, 283, 284, 285, 286, 287, 288, 289, 290, 291, 292, 293, 294, 295, 296, 297, 298, 299, 300, 301, 302, 303, 304, 305, 306, 307, 308, 309, 310, 311, 312, 313, 314, 315, 316, 317, 318, 319, 320, 321, 322, 323, 324, 325, 326, 327, 328, 329, 330, 331, 332, 333, 334, 335, 336, 337, 574, 575, 576, 577, 578, 579, 580, 581, 582, 583, 584, 585, 586, 587, 588, 589, 590, 591, 592, 593, 594, 595, 596, 597, 598, 599, 600, 601, 602, 603, 604, 605, 606, 607, 608, 609, 610, 611, 612, 613, 614, 615, 616, 617, 618, 619, 620, 621, 622, 623, 624, 625, 626, 627, 628, 629, 630, 631, 632, 633, 634, 635, 636, 637, 638, 639, 640, 641, 642, 643, 644, 645, 646, 647, 648, 649, 650, 651, 652, 653, 654, 655, 656, 657, 658, 659, 660, 661, 662, 663, 664, 665, 666, 667, 668, 669, 670, 671, 672, 673, 674, 675, 676, 677, 678, 679, 680, 681, 682, 683, 684, 685, 686, 687, 688, 689, 690, 691, 692, 693, 694, 695, 696, 697, 698, 699, 700, 701, 702, 703, 704, 705, 706, 707, 708, 709, 710, 711, 712, 713, 714, 715, 716, 717, 718, 719, 720, 721, 722, 723, 724, 725, 726, 727, 728, 729, 730, 731, 732, 733, 734, 735, 736, 737, 738, 739, 740, 741, 742, 743, 744, 745, 746, 747, 748, 749, 750, 751, 752, 753, 754, 755, 756, 757, 758, 759, 760, 761, 762, 763, 764, 765, 766, 767, 768, 769, 770, 771, 772, 773, 774, 775, 776, 777, 778, 779, 780, 781, 782, 783, 784, 785, 786, 787, 788, 789, 790, 791, 792, 793]","[105, 114, 138, 141, 152, 153, 154, 155, 157, 159, 164, 165, 176, 182, 191, 192, 194, 195, 196, 200, 204, 208, 209, 210, 211, 215, 226, 228, 241, 242, 243, 245, 248, 249, 250, 257, 261, 270, 271, 282, 287, 289, 291, 294, 296, 298, 306, 308, 309, 311, 314, 327, 333, 335, 337, 576, 585, 609, 612, 623, 624, 626, 627, 629, 631, 636, 637, 647, 653, 662, 663, 665, 666, 667, 671, 674, 678, 679, 680, 681, 690, 692, 705, 706, 707, 709, 711, 712, 713, 719, 721, 729, 730, 741, 746, 748, 750, 753, 755, 757, 764, 766, 767, 769, 772, 785, 791]","[17, 18, 19, 20, 21, 22, 23, 156, 157, 158, 159, 160, 161, 162, 163, 164, 165, 166, 167, 341, 342, 343, 344, 345, 412, 413, 414, 415, 416, 417, 418, 419, 420, 421, 422, 502, 503, 504, 505, 506, 507, 628, 629, 630, 631, 632, 633, 634, 635, 636, 637, 638, 639, 792, 797, 798, 799, 800, 801, 863, 864, 865, 866, 867, 868, 869, 870, 871, 872, 873, 874]","[17, 18, 19, 20, 21, 22, 23, 156, 157, 158, 159, 160, 161, 162, 163, 164, 165, 166, 167, 168, 340, 341, 342, 343, 344, 345, 346, 412, 413, 414, 415, 416, 417, 418, 419, 420, 421, 422, 502, 503, 504, 505, 506, 507, 628, 629, 630, 631, 632, 633, 634, 635, 636, 637, 638, 639, 792, 796, 797, 798, 799, 800, 801, 863, 864, 865, 866, 867, 868, 869, 870, 871, 872, 873, 874]","[17, 18, 19, 20, 21, 22, 23, 103, 104, 105, 106, 107, 108, 109, 110, 111, 112, 113, 114, 115, 116, 117, 118, 119, 120, 121, 122, 123, 124, 125, 126, 127, 128, 129, 130, 131, 132, 133, 134, 135, 136, 137, 138, 139, 140, 141, 142, 143, 144, 145, 146, 147, 148, 149, 150, 151, 152, 153, 154, 155, 156, 157, 158, 159, 160, 161, 162, 163, 164, 165, 166, 167, 168, 169, 170, 171, 172, 173, 174, 175, 176, 177, 178, 179, 180, 181, 182, 183, 184, 185, 186, 187, 188, 189, 190, 191, 192, 193, 194, 195, 196, 197, 198, 199, 200, 201, 202, 203, 204, 205, 206, 207, 208, 209, 210, 211, 212, 213, 214, 215, 216, 217, 218, 219, 220, 221, 222, 223, 224, 225, 226, 227, 228, 229, 230, 231, 232, 233, 234, 235, 236, 237, 238, 239, 240, 241, 242, 243, 244, 245, 246, 247, 248, 249, 250, 251, 252, 253, 254, 255, 256, 257, 258, 259, 260, 261, 262, 263, 264, 265, 266, 267, 268, 269, 270, 271, 272, 273, 274, 275, 276, 277, 278, 279, 280, 281, 282, 283, 284, 285, 286, 287, 288, 289, 290, 291, 292, 293, 294, 295, 296, 297, 298, 299, 300, 301, 302, 303, 304, 305, 306, 307, 308, 309, 310, 311, 312, 313, 314, 315, 316, 317, 318, 319, 320, 321, 322, 323, 324, 325, 326, 327, 328, 329, 330, 331, 332, 333, 334, 335, 336, 337, 340, 341, 342, 343, 344, 345, 346, 412, 413, 414, 415, 416, 417, 418, 419, 420, 421, 422, 502, 503, 504, 505, 506, 507, 574, 575, 576, 577, 578, 579, 580, 581, 582, 583, 584, 585, 586, 587, 588, 589, 590, 591, 592, 593, 594, 595, 596, 597, 598, 599, 600, 601, 602, 603, 604, 605, 606, 607, 608, 609, 610, 611, 612, 613, 614, 615, 616, 617, 618, 619, 620, 621, 622, 623, 624, 625, 626, 627, 628, 629, 630, 631, 632, 633, 634, 635, 636, 637, 638, 639, 640, 641, 642, 643, 644, 645, 646, 647, 648, 649, 650, 651, 652, 653, 654, 655, 656, 657, 658, 659, 660, 661, 662, 663, 664, 665, 666, 667, 668, 669, 670, 671, 672, 673, 674, 675, 676, 677, 678, 679, 680, 681, 682, 683, 684, 685, 686, 687, 688, 689, 690, 691, 692, 693, 694, 695, 696, 697, 698, 699, 700, 701, 702, 703, 704, 705, 706, 707, 708, 709, 710, 711, 712, 713, 714, 715, 716, 717, 718, 719, 720, 721, 722, 723, 724, 725, 726, 727, 728, 729, 730, 731, 732, 733, 734, 735, 736, 737, 738, 739, 740, 741, 742, 743, 744, 745, 746, 747, 748, 749, 750, 751, 752, 753, 754, 755, 756, 757, 758, 759, 760, 761, 762, 763, 764, 765, 766, 767, 768, 769, 770, 771, 772, 773, 774, 775, 776, 777, 778, 779, 780, 781, 782, 783, 784, 785, 786, 787, 788, 789, 790, 791, 792, 793, 796, 797, 798, 799, 800, 801, 863, 864, 865, 866, 867, 868, 869, 870, 871, 872, 873, 874]",False,"[208, 241, 270, 306, 678, 705, 729, 764]","[103, 104, 105, 106, 107, 108, 109, 110, 111, 112, 113, 114, 115, 116, 117, 118, 119, 120, 121, 122, 123, 124, 125, 126, 127, 128, 129, 130, 131, 132, 133, 134, 135, 136, 137, 138, 139, 140, 141, 142, 143, 144, 145, 146, 147, 148, 149, 150, 151, 152, 153, 154, 155, 156, 157, 158, 159, 160, 161, 162, 163, 164, 165, 166, 167, 168, 169, 170, 171, 172, 173, 174, 175, 176, 177, 178, 179, 180, 181, 182, 183, 184, 185, 186, 187, 188, 189, 190, 191, 192, 193, 194, 195, 196, 197, 198, 199, 200, 201, 202, 203, 204, 205, 206, 207, 208, 209, 210, 211, 212, 213, 214, 215, 216, 217, 218, 219, 220, 221, 222, 223, 224, 225, 226, 227, 228, 229, 230, 231, 232, 233, 234, 235, 236, 237, 238, 239, 240, 241, 242, 243, 244, 245, 246, 247, 248, 249, 250, 251, 252, 253, 254, 255, 256, 257, 258, 259, 260, 261, 262, 263, 264, 265, 266, 267, 268, 269, 270, 271, 272, 273, 274, 275, 276, 277, 278, 279, 280, 281, 282, 283, 284, 285, 286, 287, 288, 289, 290, 291, 292, 293, 294, 295, 296, 297, 298, 299, 300, 301, 302, 303, 304, 305, 306, 307, 308, 309, 310, 311, 312, 313, 314, 315, 316, 317, 318, 319, 320, 321, 322, 323, 324, 325, 326, 327, 328, 329, 330, 331, 332, 333, 334, 335, 336, 337, 574, 575, 576, 577, 578, 579, 580, 581, 582, 583, 584, 585, 586, 587, 588, 589, 590, 591, 592, 593, 594, 595, 596, 597, 598, 599, 600, 601, 602, 603, 604, 605, 606, 607, 608, 609, 610, 611, 612, 613, 614, 615, 616, 617, 618, 619, 620, 621, 622, 623, 624, 625, 626, 627, 628, 629, 630, 631, 632, 633, 634, 635, 636, 637, 638, 639, 640, 641, 642, 643, 644, 645, 646, 647, 648, 649, 650, 651, 652, 653, 654, 655, 656, 657, 658, 659, 660, 661, 662, 663, 664, 665, 666, 667, 668, 669, 670, 671, 672, 673, 674, 675, 676, 677, 678, 679, 680, 681, 682, 683, 684, 685, 686, 687, 688, 689, 690, 691, 692, 693, 694, 695, 696, 697, 698, 699, 700, 701, 702, 703, 704, 705, 706, 707, 708, 709, 710, 711, 712, 713, 714, 715, 716, 717, 718, 719, 720, 721, 722, 723, 724, 725, 726, 727, 728, 729, 730, 731, 732, 733, 734, 735, 736, 737, 738, 739, 740, 741, 742, 743, 744, 745, 746, 747, 748, 749, 750, 751, 752, 753, 754, 755, 756, 757, 758, 759, 760, 761, 762, 763, 764, 765, 766, 767, 768, 769, 770, 771, 772, 773, 774, 775, 776, 777, 778, 779, 780, 781, 782, 783, 784, 785, 786, 787, 788, 789, 790, 791, 792, 793]","[208, 241, 270, 306, 678, 705, 729, 764]","[208, 241, 306, 678, 705, 764]","[105, 114, 138, 141, 152, 153, 154, 155, 157, 159, 164, 165, 176, 182, 191, 192, 194, 195, 196, 200, 204, 208, 209, 210, 211, 215, 226, 228, 241, 242, 243, 245, 248, 249, 250, 257, 261, 270, 271, 282, 287, 289, 291, 294, 296, 298, 306, 308, 309, 311, 314, 327, 333, 335, 337, 576, 585, 609, 612, 623, 624, 626, 627, 629, 631, 636, 637, 647, 653, 662, 663, 665, 666, 667, 671, 674, 678, 679, 680, 681, 690, 692, 705, 706, 707, 709, 711, 712, 713, 719, 721, 729, 730, 741, 746, 748, 750, 753, 755, 757, 764, 766, 767, 769, 772, 785, 791]","[17, 18, 19, 20, 21, 22, 23, 156, 157, 158, 159, 160, 161, 162, 163, 164, 165, 166, 167, 168, 340, 341, 342, 343, 344, 345, 346, 412, 413, 414, 415, 416, 417, 418, 419, 420, 421, 422, 502, 503, 504, 505, 506, 507, 628, 629, 630, 631, 632, 633, 634, 635, 636, 637, 638, 639, 792, 796, 797, 798, 799, 800, 801, 863, 864, 865, 866, 867, 868, 869, 870, 871, 872, 873, 874]","[17, 18, 19, 20, 21, 22, 23, 156, 157, 158, 159, 160, 161, 162, 163, 164, 165, 166, 167, 341, 342, 343, 344, 345, 412, 413, 414, 415, 416, 417, 418, 419, 420, 421, 422, 502, 503, 504, 505, 506, 507, 628, 629, 630, 631, 632, 633, 634, 635, 636, 637, 638, 639, 792, 797, 798, 799, 800, 801, 863, 864, 865, 866, 867, 868, 869, 870, 871, 872, 873, 874]",5/6 successful match,False,,False,829,False,,1.0,True,Flying J Travel Plaza # 0510154,Flying J
A Grenada ( 96038 ) 3 J's Food Mart ( 76 ),530-436-2208 I-5 Exit 766 ( CA A12 E ),<U+2610><U+2610> XL <U+2610>,Grenada,96038,3 J's Food Mart ( 76 ),530-436-2208,2014,Grenada,CA,,( CA A12 E ),I-5 Exit 766 ,Exit,766,False,,False,I-5,,,,,[],[],[],[],"[103, 104, 105, 106, 107, 108, 109, 110, 111, 112, 113, 114, 115, 116, 117, 118, 119, 120, 121, 122, 123, 124, 125, 126, 127, 128, 129, 130, 131, 132, 133, 134, 135, 136, 137, 138, 139, 140, 141, 142, 143, 144, 145, 146, 147, 148, 149, 150, 151, 152, 153, 154, 155, 156, 157, 158, 159, 160, 161, 162, 163, 164, 165, 166, 167, 168, 169, 170, 171, 172, 173, 174, 175, 176, 177, 178, 179, 180, 181, 182, 183, 184, 185, 186, 187, 188, 189, 190, 191, 192, 193, 194, 195, 196, 197, 198, 199, 200, 201, 202, 203, 204, 205, 206, 207, 208, 209, 210, 211, 212, 213, 214, 215, 216, 217, 218, 219, 220, 221, 222, 223, 224, 225, 226, 227, 228, 229, 230, 231, 232, 233, 234, 235, 236, 237, 238, 239, 240, 241, 242, 243, 244, 245, 246, 247, 248, 249, 250, 251, 252, 253, 254, 255, 256, 257, 258, 259, 260, 261, 262, 263, 264, 265, 266, 267, 268, 269, 270, 271, 272, 273, 274, 275, 276, 277, 278, 279, 280, 281, 282, 283, 284, 285, 286, 287, 288, 289, 290, 291, 292, 293, 294, 295, 296, 297, 298, 299, 300, 301, 302, 303, 304, 305, 306, 307, 308, 309, 310, 311, 312, 313, 314, 315, 316, 317, 318, 319, 320, 321, 322, 323, 324, 325, 326, 327, 328, 329, 330, 331, 332, 333, 334, 335, 336, 337, 574, 575, 576, 577, 578, 579, 580, 581, 582, 583, 584, 585, 586, 587, 588, 589, 590, 591, 592, 593, 594, 595, 596, 597, 598, 599, 600, 601, 602, 603, 604, 605, 606, 607, 608, 609, 610, 611, 612, 613, 614, 615, 616, 617, 618, 619, 620, 621, 622, 623, 624, 625, 626, 627, 628, 629, 630, 631, 632, 633, 634, 635, 636, 637, 638, 639, 640, 641, 642, 643, 644, 645, 646, 647, 648, 649, 650, 651, 652, 653, 654, 655, 656, 657, 658, 659, 660, 661, 662, 663, 664, 665, 666, 667, 668, 669, 670, 671, 672, 673, 674, 675, 676, 677, 678, 679, 680, 681, 682, 683, 684, 685, 686, 687, 688, 689, 690, 691, 692, 693, 694, 695, 696, 697, 698, 699, 700, 701, 702, 703, 704, 705, 706, 707, 708, 709, 710, 711, 712, 713, 714, 715, 716, 717, 718, 719, 720, 721, 722, 723, 724, 725, 726, 727, 728, 729, 730, 731, 732, 733, 734, 735, 736, 737, 738, 739, 740, 741, 742, 743, 744, 745, 746, 747, 748, 749, 750, 751, 752, 753, 754, 755, 756, 757, 758, 759, 760, 761, 762, 763, 764, 765, 766, 767, 768, 769, 770, 771, 772, 773, 774, 775, 776, 777, 778, 779, 780, 781, 782, 783, 784, 785, 786, 787, 788, 789, 790, 791, 792, 793]","[105, 114, 138, 141, 152, 153, 154, 155, 157, 159, 164, 165, 176, 182, 191, 192, 194, 195, 196, 200, 204, 208, 209, 210, 211, 215, 226, 228, 241, 242, 243, 245, 248, 249, 250, 257, 261, 270, 271, 282, 287, 289, 291, 294, 296, 298, 306, 308, 309, 311, 314, 327, 333, 335, 337, 576, 585, 609, 612, 623, 624, 626, 627, 629, 631, 636, 637, 647, 653, 662, 663, 665, 666, 667, 671, 674, 678, 679, 680, 681, 690, 692, 705, 706, 707, 709, 711, 712, 713, 719, 721, 729, 730, 741, 746, 748, 750, 753, 755, 757, 764, 766, 767, 769, 772, 785, 791]",[],"[84, 87, 89, 114, 115, 117, 124, 132, 135, 144, 152, 178, 239, 268, 281, 297, 318, 320, 327, 348, 394, 555, 558, 560, 585, 586, 588, 595, 603, 606, 615, 623, 649, 703, 727, 740, 756, 776, 778, 785, 803, 844]","[84, 87, 89, 103, 104, 105, 106, 107, 108, 109, 110, 111, 112, 113, 114, 115, 116, 117, 118, 119, 120, 121, 122, 123, 124, 125, 126, 127, 128, 129, 130, 131, 132, 133, 134, 135, 136, 137, 138, 139, 140, 141, 142, 143, 144, 145, 146, 147, 148, 149, 150, 151, 152, 153, 154, 155, 156, 157, 158, 159, 160, 161, 162, 163, 164, 165, 166, 167, 168, 169, 170, 171, 172, 173, 174, 175, 176, 177, 178, 179, 180, 181, 182, 183, 184, 185, 186, 187, 188, 189, 190, 191, 192, 193, 194, 195, 196, 197, 198, 199, 200, 201, 202, 203, 204, 205, 206, 207, 208, 209, 210, 211, 212, 213, 214, 215, 216, 217, 218, 219, 220, 221, 222, 223, 224, 225, 226, 227, 228, 229, 230, 231, 232, 233, 234, 235, 236, 237, 238, 239, 240, 241, 242, 243, 244, 245, 246, 247, 248, 249, 250, 251, 252, 253, 254, 255, 256, 257, 258, 259, 260, 261, 262, 263, 264, 265, 266, 267, 268, 269, 270, 271, 272, 273, 274, 275, 276, 277, 278, 279, 280, 281, 282, 283, 284, 285, 286, 287, 288, 289, 290, 291, 292, 293, 294, 295, 296, 297, 298, 299, 300, 301, 302, 303, 304, 305, 306, 307, 308, 309, 310, 311, 312, 313, 314, 315, 316, 317, 318, 319, 320, 321, 322, 323, 324, 325, 326, 327, 328, 329, 330, 331, 332, 333, 334, 335, 336, 337, 348, 394, 555, 558, 560, 574, 575, 576, 577, 578, 579, 580, 581, 582, 583, 584, 585, 586, 587, 588, 589, 590, 591, 592, 593, 594, 595, 596, 597, 598, 599, 600, 601, 602, 603, 604, 605, 606, 607, 608, 609, 610, 611, 612, 613, 614, 615, 616, 617, 618, 619, 620, 621, 622, 623, 624, 625, 626, 627, 628, 629, 630, 631, 632, 633, 634, 635, 636, 637, 638, 639, 640, 641, 642, 643, 644, 645, 646, 647, 648, 649, 650, 651, 652, 653, 654, 655, 656, 657, 658, 659, 660, 661, 662, 663, 664, 665, 666, 667, 668, 669, 670, 671, 672, 673, 674, 675, 676, 677, 678, 679, 680, 681, 682, 683, 684, 685, 686, 687, 688, 689, 690, 691, 692, 693, 694, 695, 696, 697, 698, 699, 700, 701, 702, 703, 704, 705, 706, 707, 708, 709, 710, 711, 712, 713, 714, 715, 716, 717, 718, 719, 720, 721, 722, 723, 724, 725, 726, 727, 728, 729, 730, 731, 732, 733, 734, 735, 736, 737, 738, 739, 740, 741, 742, 743, 744, 745, 746, 747, 748, 749, 750, 751, 752, 753, 754, 755, 756, 757, 758, 759, 760, 761, 762, 763, 764, 765, 766, 767, 768, 769, 770, 771, 772, 773, 774, 775, 776, 777, 778, 779, 780, 781, 782, 783, 784, 785, 786, 787, 788, 789, 790, 791, 792, 793, 803, 844]",False,[],"[103, 104, 105, 106, 107, 108, 109, 110, 111, 112, 113, 114, 115, 116, 117, 118, 119, 120, 121, 122, 123, 124, 125, 126, 127, 128, 129, 130, 131, 132, 133, 134, 135, 136, 137, 138, 139, 140, 141, 142, 143, 144, 145, 146, 147, 148, 149, 150, 151, 152, 153, 154, 155, 156, 157, 158, 159, 160, 161, 162, 163, 164, 165, 166, 167, 168, 169, 170, 171, 172, 173, 174, 175, 176, 177, 178, 179, 180, 181, 182, 183, 184, 185, 186, 187, 188, 189, 190, 191, 192, 193, 194, 195, 196, 197, 198, 199, 200, 201, 202, 203, 204, 205, 206, 207, 208, 209, 210, 211, 212, 213, 214, 215, 216, 217, 218, 219, 220, 221, 222, 223, 224, 225, 226, 227, 228, 229, 230, 231, 232, 233, 234, 235, 236, 237, 238, 239, 240, 241, 242, 243, 244, 245, 246, 247, 248, 249, 250, 251, 252, 253, 254, 255, 256, 257, 258, 259, 260, 261, 262, 263, 264, 265, 266, 267, 268, 269, 270, 271, 272, 273, 274, 275, 276, 277, 278, 279, 280, 281, 282, 283, 284, 285, 286, 287, 288, 289, 290, 291, 292, 293, 294, 295, 296, 297, 298, 299, 300, 301, 302, 303, 304, 305, 306, 307, 308, 309, 310, 311, 312, 313, 314, 315, 316, 317, 318, 319, 320, 321, 322, 323, 324, 325, 326, 327, 328, 329, 330, 331, 332, 333, 334, 335, 336, 337, 574, 575, 576, 577, 578, 579, 580, 581, 582, 583, 584, 585, 586, 587, 588, 589, 590, 591, 592, 593, 594, 595, 596, 597, 598, 599, 600, 601, 602, 603, 604, 605, 606, 607, 608, 609, 610, 611, 612, 613, 614, 615, 616, 617, 618, 619, 620, 621, 622, 623, 624, 625, 626, 627, 628, 629, 630, 631, 632, 633, 634, 635, 636, 637, 638, 639, 640, 641, 642, 643, 644, 645, 646, 647, 648, 649, 650, 651, 652, 653, 654, 655, 656, 657, 658, 659, 660, 661, 662, 663, 664, 665, 666, 667, 668, 669, 670, 671, 672, 673, 674, 675, 676, 677, 678, 679, 680, 681, 682, 683, 684, 685, 686, 687, 688, 689, 690, 691, 692, 693, 694, 695, 696, 697, 698, 699, 700, 701, 702, 703, 704, 705, 706, 707, 708, 709, 710, 711, 712, 713, 714, 715, 716, 717, 718, 719, 720, 721, 722, 723, 724, 725, 726, 727, 728, 729, 730, 731, 732, 733, 734, 735, 736, 737, 738, 739, 740, 741, 742, 743, 744, 745, 746, 747, 748, 749, 750, 751, 752, 753, 754, 755, 756, 757, 758, 759, 760, 761, 762, 763, 764, 765, 766, 767, 768, 769, 770, 771, 772, 773, 774, 775, 776, 777, 778, 779, 780, 781, 782, 783, 784, 785, 786, 787, 788, 789, 790, 791, 792, 793]",[],[],"[105, 114, 138, 141, 152, 153, 154, 155, 157, 159, 164, 165, 176, 182, 191, 192, 194, 195, 196, 200, 204, 208, 209, 210, 211, 215, 226, 228, 241, 242, 243, 245, 248, 249, 250, 257, 261, 270, 271, 282, 287, 289, 291, 294, 296, 298, 306, 308, 309, 311, 314, 327, 333, 335, 337, 576, 585, 609, 612, 623, 624, 626, 627, 629, 631, 636, 637, 647, 653, 662, 663, 665, 666, 667, 671, 674, 678, 679, 680, 681, 690, 692, 705, 706, 707, 709, 711, 712, 713, 719, 721, 729, 730, 741, 746, 748, 750, 753, 755, 757, 764, 766, 767, 769, 772, 785, 791]","[84, 87, 89, 114, 115, 117, 124, 132, 135, 144, 152, 178, 239, 268, 281, 297, 318, 320, 327, 348, 394, 555, 558, 560, 585, 586, 588, 595, 603, 606, 615, 623, 649, 703, 727, 740, 756, 776, 778, 785, 803, 844]",[],7/6 successful match,False,[321],True,829,True,2014,0.1320754716981132,True,Flying J Travel Plaza # 0510154,Flying J
A Grenada ( 96038 ) 3 J's Food Mart ( 76 ) Dr ),530-436-2208 I-5 Exit 766 ( CA,<U+2610><U+2610> XL <U+25A1> <U+2610>,Grenada,96038,3 J's Food Mart ( 76 ) Dr ),530-436-2208,2015,Grenada,CA,,( CA,I-5 Exit 766 ,Exit,766,False,,False,I-5,,,,,[],[],[],[],"[103, 104, 105, 106, 107, 108, 109, 110, 111, 112, 113, 114, 115, 116, 117, 118, 119, 120, 121, 122, 123, 124, 125, 126, 127, 128, 129, 130, 131, 132, 133, 134, 135, 136, 137, 138, 139, 140, 141, 142, 143, 144, 145, 146, 147, 148, 149, 150, 151, 152, 153, 154, 155, 156, 157, 158, 159, 160, 161, 162, 163, 164, 165, 166, 167, 168, 169, 170, 171, 172, 173, 174, 175, 176, 177, 178, 179, 180, 181, 182, 183, 184, 185, 186, 187, 188, 189, 190, 191, 192, 193, 194, 195, 196, 197, 198, 199, 200, 201, 202, 203, 204, 205, 206, 207, 208, 209, 210, 211, 212, 213, 214, 215, 216, 217, 218, 219, 220, 221, 222, 223, 224, 225, 226, 227, 228, 229, 230, 231, 232, 233, 234, 235, 236, 237, 238, 239, 240, 241, 242, 243, 244, 245, 246, 247, 248, 249, 250, 251, 252, 253, 254, 255, 256, 257, 258, 259, 260, 261, 262, 263, 264, 265, 266, 267, 268, 269, 270, 271, 272, 273, 274, 275, 276, 277, 278, 279, 280, 281, 282, 283, 284, 285, 286, 287, 288, 289, 290, 291, 292, 293, 294, 295, 296, 297, 298, 299, 300, 301, 302, 303, 304, 305, 306, 307, 308, 309, 310, 311, 312, 313, 314, 315, 316, 317, 318, 319, 320, 321, 322, 323, 324, 325, 326, 327, 328, 329, 330, 331, 332, 333, 334, 335, 336, 337, 574, 575, 576, 577, 578, 579, 580, 581, 582, 583, 584, 585, 586, 587, 588, 589, 590, 591, 592, 593, 594, 595, 596, 597, 598, 599, 600, 601, 602, 603, 604, 605, 606, 607, 608, 609, 610, 611, 612, 613, 614, 615, 616, 617, 618, 619, 620, 621, 622, 623, 624, 625, 626, 627, 628, 629, 630, 631, 632, 633, 634, 635, 636, 637, 638, 639, 640, 641, 642, 643, 644, 645, 646, 647, 648, 649, 650, 651, 652, 653, 654, 655, 656, 657, 658, 659, 660, 661, 662, 663, 664, 665, 666, 667, 668, 669, 670, 671, 672, 673, 674, 675, 676, 677, 678, 679, 680, 681, 682, 683, 684, 685, 686, 687, 688, 689, 690, 691, 692, 693, 694, 695, 696, 697, 698, 699, 700, 701, 702, 703, 704, 705, 706, 707, 708, 709, 710, 711, 712, 713, 714, 715, 716, 717, 718, 719, 720, 721, 722, 723, 724, 725, 726, 727, 728, 729, 730, 731, 732, 733, 734, 735, 736, 737, 738, 739, 740, 741, 742, 743, 744, 745, 746, 747, 748, 749, 750, 751, 752, 753, 754, 755, 756, 757, 758, 759, 760, 761, 762, 763, 764, 765, 766, 767, 768, 769, 770, 771, 772, 773, 774, 775, 776, 777, 778, 779, 780, 781, 782, 783, 784, 785, 786, 787, 788, 789, 790, 791, 792, 793]","[105, 114, 138, 141, 152, 153, 154, 155, 157, 159, 164, 165, 176, 182, 191, 192, 194, 195, 196, 200, 204, 208, 209, 210, 211, 215, 226, 228, 241, 242, 243, 245, 248, 249, 250, 257, 261, 270, 271, 282, 287, 289, 291, 294, 296, 298, 306, 308, 309, 311, 314, 327, 333, 335, 337, 576, 585, 609, 612, 623, 624, 626, 627, 629, 631, 636, 637, 647, 653, 662, 663, 665, 666, 667, 671, 674, 678, 679, 680, 681, 690, 692, 705, 706, 707, 709, 711, 712, 713, 719, 721, 729, 730, 741, 746, 748, 750, 753, 755, 757, 764, 766, 767, 769, 772, 785, 791]",[],"[84, 87, 89, 114, 115, 117, 124, 132, 135, 144, 152, 178, 239, 268, 281, 297, 318, 320, 327, 348, 394, 555, 558, 560, 585, 586, 588, 595, 603, 606, 615, 623, 649, 703, 727, 740, 756, 776, 778, 785, 803, 844]","[84, 87, 89, 103, 104, 105, 106, 107, 108, 109, 110, 111, 112, 113, 114, 115, 116, 117, 118, 119, 120, 121, 122, 123, 124, 125, 126, 127, 128, 129, 130, 131, 132, 133, 134, 135, 136, 137, 138, 139, 140, 141, 142, 143, 144, 145, 146, 147, 148, 149, 150, 151, 152, 153, 154, 155, 156, 157, 158, 159, 160, 161, 162, 163, 164, 165, 166, 167, 168, 169, 170, 171, 172, 173, 174, 175, 176, 177, 178, 179, 180, 181, 182, 183, 184, 185, 186, 187, 188, 189, 190, 191, 192, 193, 194, 195, 196, 197, 198, 199, 200, 201, 202, 203, 204, 205, 206, 207, 208, 209, 210, 211, 212, 213, 214, 215, 216, 217, 218, 219, 220, 221, 222, 223, 224, 225, 226, 227, 228, 229, 230, 231, 232, 233, 234, 235, 236, 237, 238, 239, 240, 241, 242, 243, 244, 245, 246, 247, 248, 249, 250, 251, 252, 253, 254, 255, 256, 257, 258, 259, 260, 261, 262, 263, 264, 265, 266, 267, 268, 269, 270, 271, 272, 273, 274, 275, 276, 277, 278, 279, 280, 281, 282, 283, 284, 285, 286, 287, 288, 289, 290, 291, 292, 293, 294, 295, 296, 297, 298, 299, 300, 301, 302, 303, 304, 305, 306, 307, 308, 309, 310, 311, 312, 313, 314, 315, 316, 317, 318, 319, 320, 321, 322, 323, 324, 325, 326, 327, 328, 329, 330, 331, 332, 333, 334, 335, 336, 337, 348, 394, 555, 558, 560, 574, 575, 576, 577, 578, 579, 580, 581, 582, 583, 584, 585, 586, 587, 588, 589, 590, 591, 592, 593, 594, 595, 596, 597, 598, 599, 600, 601, 602, 603, 604, 605, 606, 607, 608, 609, 610, 611, 612, 613, 614, 615, 616, 617, 618, 619, 620, 621, 622, 623, 624, 625, 626, 627, 628, 629, 630, 631, 632, 633, 634, 635, 636, 637, 638, 639, 640, 641, 642, 643, 644, 645, 646, 647, 648, 649, 650, 651, 652, 653, 654, 655, 656, 657, 658, 659, 660, 661, 662, 663, 664, 665, 666, 667, 668, 669, 670, 671, 672, 673, 674, 675, 676, 677, 678, 679, 680, 681, 682, 683, 684, 685, 686, 687, 688, 689, 690, 691, 692, 693, 694, 695, 696, 697, 698, 699, 700, 701, 702, 703, 704, 705, 706, 707, 708, 709, 710, 711, 712, 713, 714, 715, 716, 717, 718, 719, 720, 721, 722, 723, 724, 725, 726, 727, 728, 729, 730, 731, 732, 733, 734, 735, 736, 737, 738, 739, 740, 741, 742, 743, 744, 745, 746, 747, 748, 749, 750, 751, 752, 753, 754, 755, 756, 757, 758, 759, 760, 761, 762, 763, 764, 765, 766, 767, 768, 769, 770, 771, 772, 773, 774, 775, 776, 777, 778, 779, 780, 781, 782, 783, 784, 785, 786, 787, 788, 789, 790, 791, 792, 793, 803, 844]",False,[],"[103, 104, 105, 106, 107, 108, 109, 110, 111, 112, 113, 114, 115, 116, 117, 118, 119, 120, 121, 122, 123, 124, 125, 126, 127, 128, 129, 130, 131, 132, 133, 134, 135, 136, 137, 138, 139, 140, 141, 142, 143, 144, 145, 146, 147, 148, 149, 150, 151, 152, 153, 154, 155, 156, 157, 158, 159, 160, 161, 162, 163, 164, 165, 166, 167, 168, 169, 170, 171, 172, 173, 174, 175, 176, 177, 178, 179, 180, 181, 182, 183, 184, 185, 186, 187, 188, 189, 190, 191, 192, 193, 194, 195, 196, 197, 198, 199, 200, 201, 202, 203, 204, 205, 206, 207, 208, 209, 210, 211, 212, 213, 214, 215, 216, 217, 218, 219, 220, 221, 222, 223, 224, 225, 226, 227, 228, 229, 230, 231, 232, 233, 234, 235, 236, 237, 238, 239, 240, 241, 242, 243, 244, 245, 246, 247, 248, 249, 250, 251, 252, 253, 254, 255, 256, 257, 258, 259, 260, 261, 262, 263, 264, 265, 266, 267, 268, 269, 270, 271, 272, 273, 274, 275, 276, 277, 278, 279, 280, 281, 282, 283, 284, 285, 286, 287, 288, 289, 290, 291, 292, 293, 294, 295, 296, 297, 298, 299, 300, 301, 302, 303, 304, 305, 306, 307, 308, 309, 310, 311, 312, 313, 314, 315, 316, 317, 318, 319, 320, 321, 322, 323, 324, 325, 326, 327, 328, 329, 330, 331, 332, 333, 334, 335, 336, 337, 574, 575, 576, 577, 578, 579, 580, 581, 582, 583, 584, 585, 586, 587, 588, 589, 590, 591, 592, 593, 594, 595, 596, 597, 598, 599, 600, 601, 602, 603, 604, 605, 606, 607, 608, 609, 610, 611, 612, 613, 614, 615, 616, 617, 618, 619, 620, 621, 622, 623, 624, 625, 626, 627, 628, 629, 630, 631, 632, 633, 634, 635, 636, 637, 638, 639, 640, 641, 642, 643, 644, 645, 646, 647, 648, 649, 650, 651, 652, 653, 654, 655, 656, 657, 658, 659, 660, 661, 662, 663, 664, 665, 666, 667, 668, 669, 670, 671, 672, 673, 674, 675, 676, 677, 678, 679, 680, 681, 682, 683, 684, 685, 686, 687, 688, 689, 690, 691, 692, 693, 694, 695, 696, 697, 698, 699, 700, 701, 702, 703, 704, 705, 706, 707, 708, 709, 710, 711, 712, 713, 714, 715, 716, 717, 718, 719, 720, 721, 722, 723, 724, 725, 726, 727, 728, 729, 730, 731, 732, 733, 734, 735, 736, 737, 738, 739, 740, 741, 742, 743, 744, 745, 746, 747, 748, 749, 750, 751, 752, 753, 754, 755, 756, 757, 758, 759, 760, 761, 762, 763, 764, 765, 766, 767, 768, 769, 770, 771, 772, 773, 774, 775, 776, 777, 778, 779, 780, 781, 782, 783, 784, 785, 786, 787, 788, 789, 790, 791, 792, 793]",[],[],"[105, 114, 138, 141, 152, 153, 154, 155, 157, 159, 164, 165, 176, 182, 191, 192, 194, 195, 196, 200, 204, 208, 209, 210, 211, 215, 226, 228, 241, 242, 243, 245, 248, 249, 250, 257, 261, 270, 271, 282, 287, 289, 291, 294, 296, 298, 306, 308, 309, 311, 314, 327, 333, 335, 337, 576, 585, 609, 612, 623, 624, 626, 627, 629, 631, 636, 637, 647, 653, 662, 663, 665, 666, 667, 671, 674, 678, 679, 680, 681, 690, 692, 705, 706, 707, 709, 711, 712, 713, 719, 721, 729, 730, 741, 746, 748, 750, 753, 755, 757, 764, 766, 767, 769, 772, 785, 791]","[84, 87, 89, 114, 115, 117, 124, 132, 135, 144, 152, 178, 239, 268, 281, 297, 318, 320, 327, 348, 394, 555, 558, 560, 585, 586, 588, 595, 603, 606, 615, 623, 649, 703, 727, 740, 756, 776, 778, 785, 803, 844]",[],7/6 successful match,False,[321],True,829,False,,1.0,True,3 J's Food Mart ( 76 ),
B Aurora ( 97002 ) Flying J Travel Plaza E # ) 584,503-678-1262 I-5 Exit 278 ( West ) FLYING,FLYING J 24 <U+2610>,Aurora,97002,Flying J Travel Plaza E # ) 584,503-678-1262,2015,Aurora,OR,Flying J,( West ) FLYING,I-5 Exit 278 ,Exit,278,False,,False,I-5,,,,,[],[],[],"[53, 113, 200, 204, 249, 583, 671, 674, 712]",[],"[105, 114, 138, 141, 152, 153, 154, 155, 157, 159, 164, 165, 176, 182, 191, 192, 194, 195, 196, 200, 204, 208, 209, 210, 211, 215, 226, 228, 241, 242, 243, 245, 248, 249, 250, 257, 261, 270, 271, 282, 287, 289, 291, 294, 296, 298, 306, 308, 309, 311, 314, 327, 333, 335, 337, 576, 585, 609, 612, 623, 624, 626, 627, 629, 631, 636, 637, 647, 653, 662, 663, 665, 666, 667, 671, 674, 678, 679, 680, 681, 690, 692, 705, 706, 707, 709, 711, 712, 713, 719, 721, 729, 730, 741, 746, 748, 750, 753, 755, 757, 764, 766, 767, 769, 772, 785, 791]","[17, 18, 19, 20, 21, 22, 23, 156, 157, 158, 159, 160, 161, 162, 163, 164, 165, 166, 167, 341, 342, 343, 344, 345, 412, 413, 414, 415, 416, 417, 418, 419, 420, 421, 422, 502, 503, 504, 505, 506, 507, 628, 629, 630, 631, 632, 633, 634, 635, 636, 637, 638, 639, 792, 797, 798, 799, 800, 801, 863, 864, 865, 866, 867, 868, 869, 870, 871, 872, 873, 874]","[17, 18, 19, 20, 21, 22, 23, 156, 157, 158, 159, 160, 161, 162, 163, 164, 165, 166, 167, 168, 340, 341, 342, 343, 344, 345, 346, 412, 413, 414, 415, 416, 417, 418, 419, 420, 421, 422, 502, 503, 504, 505, 506, 507, 628, 629, 630, 631, 632, 633, 634, 635, 636, 637, 638, 639, 792, 796, 797, 798, 799, 800, 801, 863, 864, 865, 866, 867, 868, 869, 870, 871, 872, 873, 874]","[17, 18, 19, 20, 21, 22, 23, 53, 576, 583, 585, 609, 612, 105, 623, 624, 113, 114, 626, 627, 629, 628, 631, 630, 632, 633, 634, 636, 637, 635, 638, 639, 647, 138, 141, 653, 662, 663, 152, 153, 154, 155, 665, 157, 666, 159, 671, 667, 674, 156, 164, 165, 678, 679, 680, 681, 161, 162, 163, 166, 167, 168, 176, 690, 692, 182, 191, 192, 705, 194, 195, 196, 706, 707, 709, 200, 712, 711, 713, 204, 719, 208, 209, 210, 211, 721, 215, 729, 730, 226, 228, 741, 746, 748, 750, 241, 242, 243, 753, 245, 755, 757, 248, 249, 250, 764, 766, 767, 257, 769, 772, 261, 270, 271, 785, 791, 792, 282, 158, 796, 797, 798, 287, 799, 289, 800, 291, 801, 294, 160, 296, 298, 306, 308, 309, 311, 314, 327, 333, 335, 337, 340, 341, 342, 343, 344, 345, 346, 863, 864, 865, 866, 867, 868, 869, 870, 871, 872, 873, 874, 412, 413, 414, 415, 416, 417, 418, 419, 420, 421, 422, 502, 503, 504, 505, 506, 507]",False,[],[],[],"[53, 113, 200, 204, 249, 583, 671, 674, 712]","[105, 114, 138, 141, 152, 153, 154, 155, 157, 159, 164, 165, 176, 182, 191, 192, 194, 195, 196, 200, 204, 208, 209, 210, 211, 215, 226, 228, 241, 242, 243, 245, 248, 249, 250, 257, 261, 270, 271, 282, 287, 289, 291, 294, 296, 298, 306, 308, 309, 311, 314, 327, 333, 335, 337, 576, 585, 609, 612, 623, 624, 626, 627, 629, 631, 636, 637, 647, 653, 662, 663, 665, 666, 667, 671, 674, 678, 679, 680, 681, 690, 692, 705, 706, 707, 709, 711, 712, 713, 719, 721, 729, 730, 741, 746, 748, 750, 753, 755, 757, 764, 766, 767, 769, 772, 785, 791]","[17, 18, 19, 20, 21, 22, 23, 156, 157, 158, 159, 160, 161, 162, 163, 164, 165, 166, 167, 168, 340, 341, 342, 343, 344, 345, 346, 412, 413, 414, 415, 416, 417, 418, 419, 420, 421, 422, 502, 503, 504, 505, 506, 507, 628, 629, 630, 631, 632, 633, 634, 635, 636, 637, 638, 639, 792, 796, 797, 798, 799, 800, 801, 863, 864, 865, 866, 867, 868, 869, 870, 871, 872, 873, 874]","[17, 18, 19, 20, 21, 22, 23, 156, 157, 158, 159, 160, 161, 162, 163, 164, 165, 166, 167, 341, 342, 343, 344, 345, 412, 413, 414, 415, 416, 417, 418, 419, 420, 421, 422, 502, 503, 504, 505, 506, 507, 628, 629, 630, 631, 632, 633, 634, 635, 636, 637, 638, 639, 792, 797, 798, 799, 800, 801, 863, 864, 865, 866, 867, 868, 869, 870, 871, 872, 873, 874]",0/6 successful match,False,,False,830,False,,,,,
B Aurora ( 97002 ) Flying J Travel Plaza # 584,503-678-1262 I-5 Exit 278 ( West ) FLYING,FLYING J 24 24 <U+2610>,Aurora,97002,Flying J Travel Plaza # 584,503-678-1262,2016,Aurora,OR,Flying J,( West ) FLYING,I-5 Exit 278 ,Exit,278,False,,False,I-5,,,,,[],[],[],"[53, 113, 200, 204, 249, 583, 671, 674, 712]",[],"[105, 114, 138, 141, 152, 153, 154, 155, 157, 159, 164, 165, 176, 182, 191, 192, 194, 195, 196, 200, 204, 208, 209, 210, 211, 215, 226, 228, 241, 242, 243, 245, 248, 249, 250, 257, 261, 270, 271, 282, 287, 289, 291, 294, 296, 298, 306, 308, 309, 311, 314, 327, 333, 335, 337, 576, 585, 609, 612, 623, 624, 626, 627, 629, 631, 636, 637, 647, 653, 662, 663, 665, 666, 667, 671, 674, 678, 679, 680, 681, 690, 692, 705, 706, 707, 709, 711, 712, 713, 719, 721, 729, 730, 741, 746, 748, 750, 753, 755, 757, 764, 766, 767, 769, 772, 785, 791]","[17, 18, 19, 20, 21, 22, 23, 156, 157, 158, 159, 160, 161, 162, 163, 164, 165, 166, 167, 341, 342, 343, 344, 345, 412, 413, 414, 415, 416, 417, 418, 419, 420, 421, 422, 502, 503, 504, 505, 506, 507, 628, 629, 630, 631, 632, 633, 634, 635, 636, 637, 638, 639, 792, 797, 798, 799, 800, 801, 863, 864, 865, 866, 867, 868, 869, 870, 871, 872, 873, 874]","[17, 18, 19, 20, 21, 22, 23, 156, 157, 158, 159, 160, 161, 162, 163, 164, 165, 166, 167, 168, 340, 341, 342, 343, 344, 345, 346, 412, 413, 414, 415, 416, 417, 418, 419, 420, 421, 422, 502, 503, 504, 505, 506, 507, 628, 629, 630, 631, 632, 633, 634, 635, 636, 637, 638, 639, 792, 796, 797, 798, 799, 800, 801, 863, 864, 865, 866, 867, 868, 869, 870, 871, 872, 873, 874]","[17, 18, 19, 20, 21, 22, 23, 53, 576, 583, 585, 609, 612, 105, 623, 624, 113, 114, 626, 627, 629, 628, 631, 630, 632, 633, 634, 636, 637, 635, 638, 639, 647, 138, 141, 653, 662, 663, 152, 153, 154, 155, 665, 157, 666, 159, 671, 667, 674, 156, 164, 165, 678, 679, 680, 681, 161, 162, 163, 166, 167, 168, 176, 690, 692, 182, 191, 192, 705, 194, 195, 196, 706, 707, 709, 200, 712, 711, 713, 204, 719, 208, 209, 210, 211, 721, 215, 729, 730, 226, 228, 741, 746, 748, 750, 241, 242, 243, 753, 245, 755, 757, 248, 249, 250, 764, 766, 767, 257, 769, 772, 261, 270, 271, 785, 791, 792, 282, 158, 796, 797, 798, 287, 799, 289, 800, 291, 801, 294, 160, 296, 298, 306, 308, 309, 311, 314, 327, 333, 335, 337, 340, 341, 342, 343, 344, 345, 346, 863, 864, 865, 866, 867, 868, 869, 870, 871, 872, 873, 874, 412, 413, 414, 415, 416, 417, 418, 419, 420, 421, 422, 502, 503, 504, 505, 506, 507]",False,[],[],[],"[53, 113, 200, 204, 249, 583, 671, 674, 712]","[105, 114, 138, 141, 152, 153, 154, 155, 157, 159, 164, 165, 176, 182, 191, 192, 194, 195, 196, 200, 204, 208, 209, 210, 211, 215, 226, 228, 241, 242, 243, 245, 248, 249, 250, 257, 261, 270, 271, 282, 287, 289, 291, 294, 296, 298, 306, 308, 309, 311, 314, 327, 333, 335, 337, 576, 585, 609, 612, 623, 624, 626, 627, 629, 631, 636, 637, 647, 653, 662, 663, 665, 666, 667, 671, 674, 678, 679, 680, 681, 690, 692, 705, 706, 707, 709, 711, 712, 713, 719, 721, 729, 730, 741, 746, 748, 750, 753, 755, 757, 764, 766, 767, 769, 772, 785, 791]","[17, 18, 19, 20, 21, 22, 23, 156, 157, 158, 159, 160, 161, 162, 163, 164, 165, 166, 167, 168, 340, 341, 342, 343, 344, 345, 346, 412, 413, 414, 415, 416, 417, 418, 419, 420, 421, 422, 502, 503, 504, 505, 506, 507, 628, 629, 630, 631, 632, 633, 634, 635, 636, 637, 638, 639, 792, 796, 797, 798, 799, 800, 801, 863, 864, 865, 866, 867, 868, 869, 870, 871, 872, 873, 874]","[17, 18, 19, 20, 21, 22, 23, 156, 157, 158, 159, 160, 161, 162, 163, 164, 165, 166, 167, 341, 342, 343, 344, 345, 412, 413, 414, 415, 416, 417, 418, 419, 420, 421, 422, 502, 503, 504, 505, 506, 507, 628, 629, 630, 631, 632, 633, 634, 635, 636, 637, 638, 639, 792, 797, 798, 799, 800, 801, 863, 864, 865, 866, 867, 868, 869, 870, 871, 872, 873, 874]",0/6 successful match,False,,False,830,False,,1.0,True,Flying J Travel Plaza E # ) 584,Flying J
"Aurora , 97002 Leathers Truck Stop ( Shell )",503-678-1558 I-5 Exit 278 W,481 - S 000 <U+2610> <U+2610> <U+2610> <U+25A1>,Aurora,97002,Leathers Truck Stop ( Shell ),503-678-1558,2006,Aurora,OR,Shell,,I-5 Exit 278 W,Exit,278,False,,False,I-5,,,,,[],[],[],"[53, 113, 200, 204, 249, 583, 671, 674, 712]",[],"[105, 114, 138, 141, 152, 153, 154, 155, 157, 159, 164, 165, 176, 182, 191, 192, 194, 195, 196, 200, 204, 208, 209, 210, 211, 215, 226, 228, 241, 242, 243, 245, 248, 249, 250, 257, 261, 270, 271, 282, 287, 289, 291, 294, 296, 298, 306, 308, 309, 311, 314, 327, 333, 335, 337, 576, 585, 609, 612, 623, 624, 626, 627, 629, 631, 636, 637, 647, 653, 662, 663, 665, 666, 667, 671, 674, 678, 679, 680, 681, 690, 692, 705, 706, 707, 709, 711, 712, 713, 719, 721, 729, 730, 741, 746, 748, 750, 753, 755, 757, 764, 766, 767, 769, 772, 785, 791]","[1, 13, 14, 29, 54, 55, 56, 57, 58, 60, 102, 118, 125, 127, 130, 134, 146, 149, 153, 175, 182, 187, 189, 191, 197, 225, 230, 238, 264, 265, 266, 286, 302, 317, 336, 379, 388, 389, 425, 454, 458, 463, 475, 487, 498, 499, 512, 530, 531, 532, 533, 534, 536, 573, 589, 596, 598, 601, 605, 617, 620, 624, 646, 653, 658, 660, 662, 668, 689, 694, 702, 724, 725, 745, 760, 775, 793, 829, 838, 839, 877, 901, 903, 905, 910, 923]","[1, 13, 14, 29, 54, 55, 56, 57, 58, 60, 102, 118, 125, 127, 130, 134, 146, 149, 153, 175, 182, 187, 189, 191, 197, 225, 230, 238, 264, 265, 266, 286, 302, 317, 336, 354, 379, 388, 389, 425, 454, 458, 463, 475, 487, 498, 499, 512, 530, 531, 532, 533, 534, 536, 573, 589, 596, 598, 601, 605, 617, 620, 624, 646, 653, 658, 660, 662, 668, 689, 694, 702, 724, 725, 745, 760, 775, 793, 809, 829, 838, 839, 877, 901, 903, 905, 910, 923]","[512, 1, 13, 14, 530, 531, 532, 533, 534, 536, 29, 53, 54, 55, 56, 57, 58, 60, 573, 576, 583, 585, 589, 596, 598, 601, 605, 609, 612, 102, 105, 617, 620, 623, 624, 113, 114, 626, 627, 629, 118, 631, 636, 637, 125, 127, 130, 134, 647, 646, 138, 141, 653, 146, 658, 660, 149, 662, 663, 152, 153, 154, 155, 665, 157, 666, 159, 671, 667, 674, 668, 164, 165, 678, 679, 680, 681, 175, 176, 689, 690, 692, 182, 694, 187, 189, 702, 191, 192, 705, 194, 195, 196, 706, 707, 709, 200, 712, 711, 713, 204, 197, 719, 208, 209, 210, 211, 721, 724, 725, 215, 729, 730, 225, 226, 228, 741, 230, 745, 746, 748, 750, 238, 241, 242, 243, 753, 245, 755, 757, 248, 249, 250, 760, 764, 766, 767, 257, 769, 772, 261, 775, 264, 265, 266, 270, 271, 785, 791, 793, 282, 286, 287, 289, 291, 294, 296, 809, 298, 302, 306, 308, 309, 311, 314, 317, 829, 838, 327, 839, 333, 335, 336, 337, 354, 877, 379, 388, 389, 901, 903, 905, 910, 923, 425, 454, 458, 463, 475, 487, 498, 499]",False,[],[],[],"[53, 113, 200, 204, 249, 583, 671, 674, 712]","[105, 114, 138, 141, 152, 153, 154, 155, 157, 159, 164, 165, 176, 182, 191, 192, 194, 195, 196, 200, 204, 208, 209, 210, 211, 215, 226, 228, 241, 242, 243, 245, 248, 249, 250, 257, 261, 270, 271, 282, 287, 289, 291, 294, 296, 298, 306, 308, 309, 311, 314, 327, 333, 335, 337, 576, 585, 609, 612, 623, 624, 626, 627, 629, 631, 636, 637, 647, 653, 662, 663, 665, 666, 667, 671, 674, 678, 679, 680, 681, 690, 692, 705, 706, 707, 709, 711, 712, 713, 719, 721, 729, 730, 741, 746, 748, 750, 753, 755, 757, 764, 766, 767, 769, 772, 785, 791]","[1, 13, 14, 29, 54, 55, 56, 57, 58, 60, 102, 118, 125, 127, 130, 134, 146, 149, 153, 175, 182, 187, 189, 191, 197, 225, 230, 238, 264, 265, 266, 286, 302, 317, 336, 354, 379, 388, 389, 425, 454, 458, 463, 475, 487, 498, 499, 512, 530, 531, 532, 533, 534, 536, 573, 589, 596, 598, 601, 605, 617, 620, 624, 646, 653, 658, 660, 662, 668, 689, 694, 702, 724, 725, 745, 760, 775, 793, 809, 829, 838, 839, 877, 901, 903, 905, 910, 923]","[1, 13, 14, 29, 54, 55, 56, 57, 58, 60, 102, 118, 125, 127, 130, 134, 146, 149, 153, 175, 182, 187, 189, 191, 197, 225, 230, 238, 264, 265, 266, 286, 302, 317, 336, 379, 388, 389, 425, 454, 458, 463, 475, 487, 498, 499, 512, 530, 531, 532, 533, 534, 536, 573, 589, 596, 598, 601, 605, 617, 620, 624, 646, 653, 658, 660, 662, 668, 689, 694, 702, 724, 725, 745, 760, 775, 793, 829, 838, 839, 877, 901, 903, 905, 910, 923]",0/6 successful match,False,,False,831,False,,,,,
"Aurora , 97002 Leathers Truck Stop ( Shell )",503-678-1558 I-5 Exit 278 W,24 S,Aurora,97002,Leathers Truck Stop ( Shell ),503-678-1558,2007,Aurora,OR,Shell,,I-5 Exit 278 W,Exit,278,False,,False,I-5,,,,,[],[],[],"[53, 113, 200, 204, 249, 583, 671, 674, 712]",[],"[105, 114, 138, 141, 152, 153, 154, 155, 157, 159, 164, 165, 176, 182, 191, 192, 194, 195, 196, 200, 204, 208, 209, 210, 211, 215, 226, 228, 241, 242, 243, 245, 248, 249, 250, 257, 261, 270, 271, 282, 287, 289, 291, 294, 296, 298, 306, 308, 309, 311, 314, 327, 333, 335, 337, 576, 585, 609, 612, 623, 624, 626, 627, 629, 631, 636, 637, 647, 653, 662, 663, 665, 666, 667, 671, 674, 678, 679, 680, 681, 690, 692, 705, 706, 707, 709, 711, 712, 713, 719, 721, 729, 730, 741, 746, 748, 750, 753, 755, 757, 764, 766, 767, 769, 772, 785, 791]","[1, 13, 14, 29, 54, 55, 56, 57, 58, 60, 102, 118, 125, 127, 130, 134, 146, 149, 153, 175, 182, 187, 189, 191, 197, 225, 230, 238, 264, 265, 266, 286, 302, 317, 336, 379, 388, 389, 425, 454, 458, 463, 475, 487, 498, 499, 512, 530, 531, 532, 533, 534, 536, 573, 589, 596, 598, 601, 605, 617, 620, 624, 646, 653, 658, 660, 662, 668, 689, 694, 702, 724, 725, 745, 760, 775, 793, 829, 838, 839, 877, 901, 903, 905, 910, 923]","[1, 13, 14, 29, 54, 55, 56, 57, 58, 60, 102, 118, 125, 127, 130, 134, 146, 149, 153, 175, 182, 187, 189, 191, 197, 225, 230, 238, 264, 265, 266, 286, 302, 317, 336, 354, 379, 388, 389, 425, 454, 458, 463, 475, 487, 498, 499, 512, 530, 531, 532, 533, 534, 536, 573, 589, 596, 598, 601, 605, 617, 620, 624, 646, 653, 658, 660, 662, 668, 689, 694, 702, 724, 725, 745, 760, 775, 793, 809, 829, 838, 839, 877, 901, 903, 905, 910, 923]","[512, 1, 13, 14, 530, 531, 532, 533, 534, 536, 29, 53, 54, 55, 56, 57, 58, 60, 573, 576, 583, 585, 589, 596, 598, 601, 605, 609, 612, 102, 105, 617, 620, 623, 624, 113, 114, 626, 627, 629, 118, 631, 636, 637, 125, 127, 130, 134, 647, 646, 138, 141, 653, 146, 658, 660, 149, 662, 663, 152, 153, 154, 155, 665, 157, 666, 159, 671, 667, 674, 668, 164, 165, 678, 679, 680, 681, 175, 176, 689, 690, 692, 182, 694, 187, 189, 702, 191, 192, 705, 194, 195, 196, 706, 707, 709, 200, 712, 711, 713, 204, 197, 719, 208, 209, 210, 211, 721, 724, 725, 215, 729, 730, 225, 226, 228, 741, 230, 745, 746, 748, 750, 238, 241, 242, 243, 753, 245, 755, 757, 248, 249, 250, 760, 764, 766, 767, 257, 769, 772, 261, 775, 264, 265, 266, 270, 271, 785, 791, 793, 282, 286, 287, 289, 291, 294, 296, 809, 298, 302, 306, 308, 309, 311, 314, 317, 829, 838, 327, 839, 333, 335, 336, 337, 354, 877, 379, 388, 389, 901, 903, 905, 910, 923, 425, 454, 458, 463, 475, 487, 498, 499]",False,[],[],[],"[53, 113, 200, 204, 249, 583, 671, 674, 712]","[105, 114, 138, 141, 152, 153, 154, 155, 157, 159, 164, 165, 176, 182, 191, 192, 194, 195, 196, 200, 204, 208, 209, 210, 211, 215, 226, 228, 241, 242, 243, 245, 248, 249, 250, 257, 261, 270, 271, 282, 287, 289, 291, 294, 296, 298, 306, 308, 309, 311, 314, 327, 333, 335, 337, 576, 585, 609, 612, 623, 624, 626, 627, 629, 631, 636, 637, 647, 653, 662, 663, 665, 666, 667, 671, 674, 678, 679, 680, 681, 690, 692, 705, 706, 707, 709, 711, 712, 713, 719, 721, 729, 730, 741, 746, 748, 750, 753, 755, 757, 764, 766, 767, 769, 772, 785, 791]","[1, 13, 14, 29, 54, 55, 56, 57, 58, 60, 102, 118, 125, 127, 130, 134, 146, 149, 153, 175, 182, 187, 189, 191, 197, 225, 230, 238, 264, 265, 266, 286, 302, 317, 336, 354, 379, 388, 389, 425, 454, 458, 463, 475, 487, 498, 499, 512, 530, 531, 532, 533, 534, 536, 573, 589, 596, 598, 601, 605, 617, 620, 624, 646, 653, 658, 660, 662, 668, 689, 694, 702, 724, 725, 745, 760, 775, 793, 809, 829, 838, 839, 877, 901, 903, 905, 910, 923]","[1, 13, 14, 29, 54, 55, 56, 57, 58, 60, 102, 118, 125, 127, 130, 134, 146, 149, 153, 175, 182, 187, 189, 191, 197, 225, 230, 238, 264, 265, 266, 286, 302, 317, 336, 379, 388, 389, 425, 454, 458, 463, 475, 487, 498, 499, 512, 530, 531, 532, 533, 534, 536, 573, 589, 596, 598, 601, 605, 617, 620, 624, 646, 653, 658, 660, 662, 668, 689, 694, 702, 724, 725, 745, 760, 775, 793, 829, 838, 839, 877, 901, 903, 905, 910, 923]",0/6 successful match,False,,False,831,False,,1.0,True,Leathers Truck Stop ( Shell ),Shell
"Aurora , 97002 Leathers Truck Stop ( Shell )",3 503-678-1558 I-5 Exit 278 W,24 M <U+25A1>,Aurora,97002,Leathers Truck Stop ( Shell ),503-678-1558,2008,Aurora,OR,Shell,,I-5 Exit 278 W,Exit,278,False,,False,I-5,,,,,[],[],[],"[53, 113, 200, 204, 249, 583, 671, 674, 712]",[],"[105, 114, 138, 141, 152, 153, 154, 155, 157, 159, 164, 165, 176, 182, 191, 192, 194, 195, 196, 200, 204, 208, 209, 210, 211, 215, 226, 228, 241, 242, 243, 245, 248, 249, 250, 257, 261, 270, 271, 282, 287, 289, 291, 294, 296, 298, 306, 308, 309, 311, 314, 327, 333, 335, 337, 576, 585, 609, 612, 623, 624, 626, 627, 629, 631, 636, 637, 647, 653, 662, 663, 665, 666, 667, 671, 674, 678, 679, 680, 681, 690, 692, 705, 706, 707, 709, 711, 712, 713, 719, 721, 729, 730, 741, 746, 748, 750, 753, 755, 757, 764, 766, 767, 769, 772, 785, 791]","[1, 13, 14, 29, 54, 55, 56, 57, 58, 60, 102, 118, 125, 127, 130, 134, 146, 149, 153, 175, 182, 187, 189, 191, 197, 225, 230, 238, 264, 265, 266, 286, 302, 317, 336, 379, 388, 389, 425, 454, 458, 463, 475, 487, 498, 499, 512, 530, 531, 532, 533, 534, 536, 573, 589, 596, 598, 601, 605, 617, 620, 624, 646, 653, 658, 660, 662, 668, 689, 694, 702, 724, 725, 745, 760, 775, 793, 829, 838, 839, 877, 901, 903, 905, 910, 923]","[1, 13, 14, 29, 54, 55, 56, 57, 58, 60, 102, 118, 125, 127, 130, 134, 146, 149, 153, 175, 182, 187, 189, 191, 197, 225, 230, 238, 264, 265, 266, 286, 302, 317, 336, 354, 379, 388, 389, 425, 454, 458, 463, 475, 487, 498, 499, 512, 530, 531, 532, 533, 534, 536, 573, 589, 596, 598, 601, 605, 617, 620, 624, 646, 653, 658, 660, 662, 668, 689, 694, 702, 724, 725, 745, 760, 775, 793, 809, 829, 838, 839, 877, 901, 903, 905, 910, 923]","[512, 1, 13, 14, 530, 531, 532, 533, 534, 536, 29, 53, 54, 55, 56, 57, 58, 60, 573, 576, 583, 585, 589, 596, 598, 601, 605, 609, 612, 102, 105, 617, 620, 623, 624, 113, 114, 626, 627, 629, 118, 631, 636, 637, 125, 127, 130, 134, 647, 646, 138, 141, 653, 146, 658, 660, 149, 662, 663, 152, 153, 154, 155, 665, 157, 666, 159, 671, 667, 674, 668, 164, 165, 678, 679, 680, 681, 175, 176, 689, 690, 692, 182, 694, 187, 189, 702, 191, 192, 705, 194, 195, 196, 706, 707, 709, 200, 712, 711, 713, 204, 197, 719, 208, 209, 210, 211, 721, 724, 725, 215, 729, 730, 225, 226, 228, 741, 230, 745, 746, 748, 750, 238, 241, 242, 243, 753, 245, 755, 757, 248, 249, 250, 760, 764, 766, 767, 257, 769, 772, 261, 775, 264, 265, 266, 270, 271, 785, 791, 793, 282, 286, 287, 289, 291, 294, 296, 809, 298, 302, 306, 308, 309, 311, 314, 317, 829, 838, 327, 839, 333, 335, 336, 337, 354, 877, 379, 388, 389, 901, 903, 905, 910, 923, 425, 454, 458, 463, 475, 487, 498, 499]",False,[],[],[],"[53, 113, 200, 204, 249, 583, 671, 674, 712]","[105, 114, 138, 141, 152, 153, 154, 155, 157, 159, 164, 165, 176, 182, 191, 192, 194, 195, 196, 200, 204, 208, 209, 210, 211, 215, 226, 228, 241, 242, 243, 245, 248, 249, 250, 257, 261, 270, 271, 282, 287, 289, 291, 294, 296, 298, 306, 308, 309, 311, 314, 327, 333, 335, 337, 576, 585, 609, 612, 623, 624, 626, 627, 629, 631, 636, 637, 647, 653, 662, 663, 665, 666, 667, 671, 674, 678, 679, 680, 681, 690, 692, 705, 706, 707, 709, 711, 712, 713, 719, 721, 729, 730, 741, 746, 748, 750, 753, 755, 757, 764, 766, 767, 769, 772, 785, 791]","[1, 13, 14, 29, 54, 55, 56, 57, 58, 60, 102, 118, 125, 127, 130, 134, 146, 149, 153, 175, 182, 187, 189, 191, 197, 225, 230, 238, 264, 265, 266, 286, 302, 317, 336, 354, 379, 388, 389, 425, 454, 458, 463, 475, 487, 498, 499, 512, 530, 531, 532, 533, 534, 536, 573, 589, 596, 598, 601, 605, 617, 620, 624, 646, 653, 658, 660, 662, 668, 689, 694, 702, 724, 725, 745, 760, 775, 793, 809, 829, 838, 839, 877, 901, 903, 905, 910, 923]","[1, 13, 14, 29, 54, 55, 56, 57, 58, 60, 102, 118, 125, 127, 130, 134, 146, 149, 153, 175, 182, 187, 189, 191, 197, 225, 230, 238, 264, 265, 266, 286, 302, 317, 336, 379, 388, 389, 425, 454, 458, 463, 475, 487, 498, 499, 512, 530, 531, 532, 533, 534, 536, 573, 589, 596, 598, 601, 605, 617, 620, 624, 646, 653, 658, 660, 662, 668, 689, 694, 702, 724, 725, 745, 760, 775, 793, 829, 838, 839, 877, 901, 903, 905, 910, 923]",0/6 successful match,False,,False,831,False,,1.0,True,Leathers Truck Stop ( Shell ),Shell
"Grass Valley , 97029 Roadhouse 97",541-333-2333 US 97,24 HRS M <U+25A1>,Grass Valley,97029,Roadhouse 97,541-333-2333,2006,Grass Valley,OR,,,US 97,empty,,False,,False,US 97,,,,,[],[],"[298, 339, 428, 757, 795, 880]",[],[],[],[],[],"[298, 428, 880, 339, 757, 795]",False,[],[],"[298, 339, 428, 757, 795, 880]",[],[],[],[],0/6 successful match,False,,False,832,False,,,,,
"Grass Valley , 97029 Roadhouse 97",541-333-2333 US 97 MM 30,M,Grass Valley,97029,Roadhouse 97,541-333-2333,2007,Grass Valley,OR,,,US 97 MM 30,empty,,False,,False,US 97,,,,,[],[],"[298, 339, 428, 757, 795, 880]",[],[],[],[],[],"[298, 428, 880, 339, 757, 795]",False,[],[],"[298, 339, 428, 757, 795, 880]",[],[],[],[],0/6 successful match,False,,False,832,False,,1.0,True,Roadhouse 97,
"Grass Valley , 97029 Roadhouse 97",541-333-2333 US 97 MM 30,<U+2610><U+2610> <U+2610><U+2610> <U+2610> <U+2610>,Grass Valley,97029,Roadhouse 97,541-333-2333,2008,Grass Valley,OR,,,US 97 MM 30,empty,,False,,False,US 97,,,,,[],[],"[298, 339, 428, 757, 795, 880]",[],[],[],[],[],"[298, 428, 880, 339, 757, 795]",False,[],[],"[298, 339, 428, 757, 795, 880]",[],[],[],[],0/6 successful match,False,,False,832,False,,1.0,True,Roadhouse 97,
"B North Plains , 97133 Sunshine Market ( Texaco )",503-647-2240 US 26 Exit 57,) 24 M,North Plains,97133,Sunshine Market ( Texaco ),503-647-2240,2006,North Plains,OR,Texaco,,US 26 Exit 57,Exit,57,False,,False,US 26,,,,,[],[],[],"[240, 310, 321, 704, 768, 779]",[],"[84, 555]","[26, 390, 474, 486, 509, 840, 922, 926]","[26, 390, 474, 486, 509, 840, 922, 926]","[768, 321, 704, 390, 486, 840, 779, 555, 240, 474, 84, 310, 26, 509, 926, 922]",False,[],[],[],"[240, 310, 321, 704, 768, 779]","[84, 555]","[26, 390, 474, 486, 509, 840, 922, 926]","[26, 390, 474, 486, 509, 840, 922, 926]",0/6 successful match,False,,False,833,False,,,,,
"B North Plains , 97133 Sunshine Market ( 76 )",503-647-2240 US 26 Exit 57,00,North Plains,97133,Sunshine Market ( 76 ),503-647-2240,2007,North Plains,OR,,,US 26 Exit 57,Exit,57,False,,False,US 26,,,,,[],[],[],"[240, 310, 321, 704, 768, 779]",[],"[84, 555]",[],"[84, 87, 89, 114, 115, 117, 124, 132, 135, 144, 152, 178, 239, 268, 281, 297, 318, 320, 327, 348, 394, 555, 558, 560, 585, 586, 588, 595, 603, 606, 615, 623, 649, 703, 727, 740, 756, 776, 778, 785, 803, 844]","[768, 132, 135, 776, 649, 394, 779, 268, 778, 144, 785, 152, 281, 803, 297, 555, 558, 560, 178, 310, 318, 703, 704, 321, 320, 327, 585, 586, 588, 844, 595, 84, 87, 727, 89, 603, 348, 606, 740, 615, 239, 240, 623, 114, 115, 756, 117, 124]",False,[],[],[],"[240, 310, 321, 704, 768, 779]","[84, 555]","[84, 87, 89, 114, 115, 117, 124, 132, 135, 144, 152, 178, 239, 268, 281, 297, 318, 320, 327, 348, 394, 555, 558, 560, 585, 586, 588, 595, 603, 606, 615, 623, 649, 703, 727, 740, 756, 776, 778, 785, 803, 844]",[],0/6 successful match,False,,False,833,False,,1.0,True,Sunshine Market ( Texaco ),Texaco
"B North Plains , 97133 Sunshine Market ( 76 )",3 503-647-2240 US 26 Exit 57,<U+2610>,North Plains,97133,Sunshine Market ( 76 ),503-647-2240,2008,North Plains,OR,,,US 26 Exit 57,Exit,57,False,,False,US 26,,,,,[],[],[],"[240, 310, 321, 704, 768, 779]",[],"[84, 555]",[],"[84, 87, 89, 114, 115, 117, 124, 132, 135, 144, 152, 178, 239, 268, 281, 297, 318, 320, 327, 348, 394, 555, 558, 560, 585, 586, 588, 595, 603, 606, 615, 623, 649, 703, 727, 740, 756, 776, 778, 785, 803, 844]","[768, 132, 135, 776, 649, 394, 779, 268, 778, 144, 785, 152, 281, 803, 297, 555, 558, 560, 178, 310, 318, 703, 704, 321, 320, 327, 585, 586, 588, 844, 595, 84, 87, 727, 89, 603, 348, 606, 740, 615, 239, 240, 623, 114, 115, 756, 117, 124]",False,[],[],[],"[240, 310, 321, 704, 768, 779]","[84, 555]","[84, 87, 89, 114, 115, 117, 124, 132, 135, 144, 152, 178, 239, 268, 281, 297, 318, 320, 327, 348, 394, 555, 558, 560, 585, 586, 588, 595, 603, 606, 615, 623, 649, 703, 727, 740, 756, 776, 778, 785, 803, 844]",[],0/6 successful match,False,,False,833,False,,1.0,True,Sunshine Market ( 76 ),
B North Plains ( 97133 ) Sunshine Market ( 76 ),503-647-5528 US 26 Exit 57,[ ] <U+2610> D D,North Plains,97133,Sunshine Market ( 76 ),503-647-5528,2014,North Plains,OR,,,US 26 Exit 57,Exit,57,False,,False,US 26,,,,,[],[],[],"[240, 310, 321, 704, 768, 779]",[],"[84, 555]",[],"[84, 87, 89, 114, 115, 117, 124, 132, 135, 144, 152, 178, 239, 268, 281, 297, 318, 320, 327, 348, 394, 555, 558, 560, 585, 586, 588, 595, 603, 606, 615, 623, 649, 703, 727, 740, 756, 776, 778, 785, 803, 844]","[768, 132, 135, 776, 649, 394, 779, 268, 778, 144, 785, 152, 281, 803, 297, 555, 558, 560, 178, 310, 318, 703, 704, 321, 320, 327, 585, 586, 588, 844, 595, 84, 87, 727, 89, 603, 348, 606, 740, 615, 239, 240, 623, 114, 115, 756, 117, 124]",False,[],[],[],"[240, 310, 321, 704, 768, 779]","[84, 555]","[84, 87, 89, 114, 115, 117, 124, 132, 135, 144, 152, 178, 239, 268, 281, 297, 318, 320, 327, 348, 394, 555, 558, 560, 585, 586, 588, 595, 603, 606, 615, 623, 649, 703, 727, 740, 756, 776, 778, 785, 803, 844]",[],0/6 successful match,False,,False,833,False,,1.0,True,Sunshine Market ( 76 ),
B North Plains ( 97133 ) Sunshine Market ( 76 ),503-647-5528 US 26 Exit 57,<U+2610> D,North Plains,97133,Sunshine Market ( 76 ),503-647-5528,2015,North Plains,OR,,,US 26 Exit 57,Exit,57,False,,False,US 26,,,,,[],[],[],"[240, 310, 321, 704, 768, 779]",[],"[84, 555]",[],"[84, 87, 89, 114, 115, 117, 124, 132, 135, 144, 152, 178, 239, 268, 281, 297, 318, 320, 327, 348, 394, 555, 558, 560, 585, 586, 588, 595, 603, 606, 615, 623, 649, 703, 727, 740, 756, 776, 778, 785, 803, 844]","[768, 132, 135, 776, 649, 394, 779, 268, 778, 144, 785, 152, 281, 803, 297, 555, 558, 560, 178, 310, 318, 703, 704, 321, 320, 327, 585, 586, 588, 844, 595, 84, 87, 727, 89, 603, 348, 606, 740, 615, 239, 240, 623, 114, 115, 756, 117, 124]",False,[],[],[],"[240, 310, 321, 704, 768, 779]","[84, 555]","[84, 87, 89, 114, 115, 117, 124, 132, 135, 144, 152, 178, 239, 268, 281, 297, 318, 320, 327, 348, 394, 555, 558, 560, 585, 586, 588, 595, 603, 606, 615, 623, 649, 703, 727, 740, 756, 776, 778, 785, 803, 844]",[],0/6 successful match,False,,False,833,False,,1.0,True,Sunshine Market ( 76 ),
B North Plains ( 97133 ) Sunshine Market ( 76 ),503-647-5528 US 26 Exit 57,<U+2610> <U+2610> 0 <U+25A1>,North Plains,97133,Sunshine Market ( 76 ),503-647-5528,2016,North Plains,OR,,,US 26 Exit 57,Exit,57,False,,False,US 26,,,,,[],[],[],"[240, 310, 321, 704, 768, 779]",[],"[84, 555]",[],"[84, 87, 89, 114, 115, 117, 124, 132, 135, 144, 152, 178, 239, 268, 281, 297, 318, 320, 327, 348, 394, 555, 558, 560, 585, 586, 588, 595, 603, 606, 615, 623, 649, 703, 727, 740, 756, 776, 778, 785, 803, 844]","[768, 132, 135, 776, 649, 394, 779, 268, 778, 144, 785, 152, 281, 803, 297, 555, 558, 560, 178, 310, 318, 703, 704, 321, 320, 327, 585, 586, 588, 844, 595, 84, 87, 727, 89, 603, 348, 606, 740, 615, 239, 240, 623, 114, 115, 756, 117, 124]",False,[],[],[],"[240, 310, 321, 704, 768, 779]","[84, 555]","[84, 87, 89, 114, 115, 117, 124, 132, 135, 144, 152, 178, 239, 268, 281, 297, 318, 320, 327, 348, 394, 555, 558, 560, 585, 586, 588, 595, 603, 606, 615, 623, 649, 703, 727, 740, 756, 776, 778, 785, 803, 844]",[],0/6 successful match,False,,False,833,False,,1.0,True,Sunshine Market ( 76 ),
"Portland , 97217 TEC Equipment",3 503-285-7667 I-5 Exit 307,24 M24,Portland,97217,TEC Equipment,503-285-7667,2006,Portland,OR,,,I-5 Exit 307,Exit,307,False,,False,I-5,,,,,[],[],[],[],[],"[105, 114, 138, 141, 152, 153, 154, 155, 157, 159, 164, 165, 176, 182, 191, 192, 194, 195, 196, 200, 204, 208, 209, 210, 211, 215, 226, 228, 241, 242, 243, 245, 248, 249, 250, 257, 261, 270, 271, 282, 287, 289, 291, 294, 296, 298, 306, 308, 309, 311, 314, 327, 333, 335, 337, 576, 585, 609, 612, 623, 624, 626, 627, 629, 631, 636, 637, 647, 653, 662, 663, 665, 666, 667, 671, 674, 678, 679, 680, 681, 690, 692, 705, 706, 707, 709, 711, 712, 713, 719, 721, 729, 730, 741, 746, 748, 750, 753, 755, 757, 764, 766, 767, 769, 772, 785, 791]",[],[],"[576, 585, 609, 612, 105, 623, 624, 114, 626, 627, 629, 631, 636, 637, 647, 138, 141, 653, 662, 663, 152, 153, 154, 667, 155, 157, 665, 159, 666, 671, 674, 164, 165, 678, 679, 680, 681, 176, 690, 692, 182, 191, 192, 705, 194, 195, 196, 706, 707, 709, 200, 711, 712, 713, 204, 719, 208, 209, 210, 211, 721, 215, 729, 730, 226, 228, 741, 746, 748, 750, 241, 242, 243, 753, 245, 755, 757, 248, 249, 250, 764, 766, 767, 257, 769, 772, 261, 270, 271, 785, 791, 282, 287, 289, 291, 294, 296, 298, 306, 308, 309, 311, 314, 327, 333, 335, 337]",False,[],[],[],[],"[105, 114, 138, 141, 152, 153, 154, 155, 157, 159, 164, 165, 176, 182, 191, 192, 194, 195, 196, 200, 204, 208, 209, 210, 211, 215, 226, 228, 241, 242, 243, 245, 248, 249, 250, 257, 261, 270, 271, 282, 287, 289, 291, 294, 296, 298, 306, 308, 309, 311, 314, 327, 333, 335, 337, 576, 585, 609, 612, 623, 624, 626, 627, 629, 631, 636, 637, 647, 653, 662, 663, 665, 666, 667, 671, 674, 678, 679, 680, 681, 690, 692, 705, 706, 707, 709, 711, 712, 713, 719, 721, 729, 730, 741, 746, 748, 750, 753, 755, 757, 764, 766, 767, 769, 772, 785, 791]",[],[],0/6 successful match,False,,False,834,False,,,,,
"B Portland , 97217 TEC Equipment",503-285-7667 I-5 Exit 307,"""",Portland,97217,TEC Equipment,503-285-7667,2007,Portland,OR,,,I-5 Exit 307,Exit,307,False,,False,I-5,,,,,[],[],[],[],[],"[105, 114, 138, 141, 152, 153, 154, 155, 157, 159, 164, 165, 176, 182, 191, 192, 194, 195, 196, 200, 204, 208, 209, 210, 211, 215, 226, 228, 241, 242, 243, 245, 248, 249, 250, 257, 261, 270, 271, 282, 287, 289, 291, 294, 296, 298, 306, 308, 309, 311, 314, 327, 333, 335, 337, 576, 585, 609, 612, 623, 624, 626, 627, 629, 631, 636, 637, 647, 653, 662, 663, 665, 666, 667, 671, 674, 678, 679, 680, 681, 690, 692, 705, 706, 707, 709, 711, 712, 713, 719, 721, 729, 730, 741, 746, 748, 750, 753, 755, 757, 764, 766, 767, 769, 772, 785, 791]",[],[],"[576, 585, 609, 612, 105, 623, 624, 114, 626, 627, 629, 631, 636, 637, 647, 138, 141, 653, 662, 663, 152, 153, 154, 667, 155, 157, 665, 159, 666, 671, 674, 164, 165, 678, 679, 680, 681, 176, 690, 692, 182, 191, 192, 705, 194, 195, 196, 706, 707, 709, 200, 711, 712, 713, 204, 719, 208, 209, 210, 211, 721, 215, 729, 730, 226, 228, 741, 746, 748, 750, 241, 242, 243, 753, 245, 755, 757, 248, 249, 250, 764, 766, 767, 257, 769, 772, 261, 270, 271, 785, 791, 282, 287, 289, 291, 294, 296, 298, 306, 308, 309, 311, 314, 327, 333, 335, 337]",False,[],[],[],[],"[105, 114, 138, 141, 152, 153, 154, 155, 157, 159, 164, 165, 176, 182, 191, 192, 194, 195, 196, 200, 204, 208, 209, 210, 211, 215, 226, 228, 241, 242, 243, 245, 248, 249, 250, 257, 261, 270, 271, 282, 287, 289, 291, 294, 296, 298, 306, 308, 309, 311, 314, 327, 333, 335, 337, 576, 585, 609, 612, 623, 624, 626, 627, 629, 631, 636, 637, 647, 653, 662, 663, 665, 666, 667, 671, 674, 678, 679, 680, 681, 690, 692, 705, 706, 707, 709, 711, 712, 713, 719, 721, 729, 730, 741, 746, 748, 750, 753, 755, 757, 764, 766, 767, 769, 772, 785, 791]",[],[],0/6 successful match,False,,False,834,False,,1.0,True,TEC Equipment,
"B Portland , 97217 TEC Equipment",3 503-285-7667 I-5 Exit 307,<U+2610> <U+2610> <U+2610>,Portland,97217,TEC Equipment,503-285-7667,2008,Portland,OR,,,I-5 Exit 307,Exit,307,False,,False,I-5,,,,,[],[],[],[],[],"[105, 114, 138, 141, 152, 153, 154, 155, 157, 159, 164, 165, 176, 182, 191, 192, 194, 195, 196, 200, 204, 208, 209, 210, 211, 215, 226, 228, 241, 242, 243, 245, 248, 249, 250, 257, 261, 270, 271, 282, 287, 289, 291, 294, 296, 298, 306, 308, 309, 311, 314, 327, 333, 335, 337, 576, 585, 609, 612, 623, 624, 626, 627, 629, 631, 636, 637, 647, 653, 662, 663, 665, 666, 667, 671, 674, 678, 679, 680, 681, 690, 692, 705, 706, 707, 709, 711, 712, 713, 719, 721, 729, 730, 741, 746, 748, 750, 753, 755, 757, 764, 766, 767, 769, 772, 785, 791]",[],[],"[576, 585, 609, 612, 105, 623, 624, 114, 626, 627, 629, 631, 636, 637, 647, 138, 141, 653, 662, 663, 152, 153, 154, 667, 155, 157, 665, 159, 666, 671, 674, 164, 165, 678, 679, 680, 681, 176, 690, 692, 182, 191, 192, 705, 194, 195, 196, 706, 707, 709, 200, 711, 712, 713, 204, 719, 208, 209, 210, 211, 721, 215, 729, 730, 226, 228, 741, 746, 748, 750, 241, 242, 243, 753, 245, 755, 757, 248, 249, 250, 764, 766, 767, 257, 769, 772, 261, 270, 271, 785, 791, 282, 287, 289, 291, 294, 296, 298, 306, 308, 309, 311, 314, 327, 333, 335, 337]",False,[],[],[],[],"[105, 114, 138, 141, 152, 153, 154, 155, 157, 159, 164, 165, 176, 182, 191, 192, 194, 195, 196, 200, 204, 208, 209, 210, 211, 215, 226, 228, 241, 242, 243, 245, 248, 249, 250, 257, 261, 270, 271, 282, 287, 289, 291, 294, 296, 298, 306, 308, 309, 311, 314, 327, 333, 335, 337, 576, 585, 609, 612, 623, 624, 626, 627, 629, 631, 636, 637, 647, 653, 662, 663, 665, 666, 667, 671, 674, 678, 679, 680, 681, 690, 692, 705, 706, 707, 709, 711, 712, 713, 719, 721, 729, 730, 741, 746, 748, 750, 753, 755, 757, 764, 766, 767, 769, 772, 785, 791]",[],[],0/6 successful match,False,,False,834,False,,1.0,True,TEC Equipment,
Albany ( 97322 ) Hwy 20 Truck Stop ( 76 ),541-791-7352 I-5 Exit 233 ( US 20 E ),24 S <U+2610> O,Albany,97322,Hwy 20 Truck Stop ( 76 ),541-791-7352,2014,Albany,OR,,( US 20 E ),I-5 Exit 233 ,Exit,233,False,,False,I-5,,,,,[],[],[],"[265, 458, 725, 905]",[],"[105, 114, 138, 141, 152, 153, 154, 155, 157, 159, 164, 165, 176, 182, 191, 192, 194, 195, 196, 200, 204, 208, 209, 210, 211, 215, 226, 228, 241, 242, 243, 245, 248, 249, 250, 257, 261, 270, 271, 282, 287, 289, 291, 294, 296, 298, 306, 308, 309, 311, 314, 327, 333, 335, 337, 576, 585, 609, 612, 623, 624, 626, 627, 629, 631, 636, 637, 647, 653, 662, 663, 665, 666, 667, 671, 674, 678, 679, 680, 681, 690, 692, 705, 706, 707, 709, 711, 712, 713, 719, 721, 729, 730, 741, 746, 748, 750, 753, 755, 757, 764, 766, 767, 769, 772, 785, 791]",[],"[84, 87, 89, 114, 115, 117, 124, 132, 135, 144, 152, 178, 239, 268, 281, 297, 318, 320, 327, 348, 394, 555, 558, 560, 585, 586, 588, 595, 603, 606, 615, 623, 649, 703, 727, 740, 756, 776, 778, 785, 803, 844]","[555, 558, 560, 576, 585, 586, 588, 595, 84, 87, 89, 603, 606, 609, 612, 615, 105, 623, 624, 114, 626, 627, 629, 115, 631, 117, 636, 637, 124, 132, 647, 135, 649, 138, 141, 653, 144, 662, 663, 152, 153, 154, 155, 665, 157, 666, 159, 667, 671, 674, 164, 165, 678, 679, 680, 681, 176, 690, 178, 692, 182, 191, 192, 705, 194, 195, 196, 706, 707, 709, 200, 711, 712, 713, 204, 719, 208, 209, 210, 211, 721, 725, 215, 727, 729, 730, 226, 228, 741, 740, 746, 748, 750, 239, 241, 242, 243, 753, 245, 755, 757, 248, 249, 250, 756, 764, 766, 767, 257, 769, 772, 261, 776, 265, 778, 268, 270, 271, 785, 791, 281, 282, 287, 289, 291, 803, 294, 296, 297, 298, 306, 308, 309, 311, 314, 318, 320, 327, 844, 333, 335, 337, 348, 905, 394, 458, 703]",False,[],[],[],"[265, 458, 725, 905]","[105, 114, 138, 141, 152, 153, 154, 155, 157, 159, 164, 165, 176, 182, 191, 192, 194, 195, 196, 200, 204, 208, 209, 210, 211, 215, 226, 228, 241, 242, 243, 245, 248, 249, 250, 257, 261, 270, 271, 282, 287, 289, 291, 294, 296, 298, 306, 308, 309, 311, 314, 327, 333, 335, 337, 576, 585, 609, 612, 623, 624, 626, 627, 629, 631, 636, 637, 647, 653, 662, 663, 665, 666, 667, 671, 674, 678, 679, 680, 681, 690, 692, 705, 706, 707, 709, 711, 712, 713, 719, 721, 729, 730, 741, 746, 748, 750, 753, 755, 757, 764, 766, 767, 769, 772, 785, 791]","[84, 87, 89, 114, 115, 117, 124, 132, 135, 144, 152, 178, 239, 268, 281, 297, 318, 320, 327, 348, 394, 555, 558, 560, 585, 586, 588, 595, 603, 606, 615, 623, 649, 703, 727, 740, 756, 776, 778, 785, 803, 844]",[],0/6 successful match,False,,False,834,True,2014,0.05405405405405406,True,TEC Equipment,
Albany ( 97322 ) Hwy 20 Truck Stop ( 76 ) SE ),2 541-791-7352 I-5 Exit 233 ( US 20 E ),24 S <U+25A1>,Albany,97322,Hwy 20 Truck Stop ( 76 ) SE ),541-791-7352,2015,Albany,OR,,( US 20 E ),I-5 Exit 233 ,Exit,233,False,,False,I-5,,,,,[],[],[],"[265, 458, 725, 905]",[],"[105, 114, 138, 141, 152, 153, 154, 155, 157, 159, 164, 165, 176, 182, 191, 192, 194, 195, 196, 200, 204, 208, 209, 210, 211, 215, 226, 228, 241, 242, 243, 245, 248, 249, 250, 257, 261, 270, 271, 282, 287, 289, 291, 294, 296, 298, 306, 308, 309, 311, 314, 327, 333, 335, 337, 576, 585, 609, 612, 623, 624, 626, 627, 629, 631, 636, 637, 647, 653, 662, 663, 665, 666, 667, 671, 674, 678, 679, 680, 681, 690, 692, 705, 706, 707, 709, 711, 712, 713, 719, 721, 729, 730, 741, 746, 748, 750, 753, 755, 757, 764, 766, 767, 769, 772, 785, 791]",[],"[84, 87, 89, 114, 115, 117, 124, 132, 135, 144, 152, 178, 239, 268, 281, 297, 318, 320, 327, 348, 394, 555, 558, 560, 585, 586, 588, 595, 603, 606, 615, 623, 649, 703, 727, 740, 756, 776, 778, 785, 803, 844]","[555, 558, 560, 576, 585, 586, 588, 595, 84, 87, 89, 603, 606, 609, 612, 615, 105, 623, 624, 114, 626, 627, 629, 115, 631, 117, 636, 637, 124, 132, 647, 135, 649, 138, 141, 653, 144, 662, 663, 152, 153, 154, 155, 665, 157, 666, 159, 667, 671, 674, 164, 165, 678, 679, 680, 681, 176, 690, 178, 692, 182, 191, 192, 705, 194, 195, 196, 706, 707, 709, 200, 711, 712, 713, 204, 719, 208, 209, 210, 211, 721, 725, 215, 727, 729, 730, 226, 228, 741, 740, 746, 748, 750, 239, 241, 242, 243, 753, 245, 755, 757, 248, 249, 250, 756, 764, 766, 767, 257, 769, 772, 261, 776, 265, 778, 268, 270, 271, 785, 791, 281, 282, 287, 289, 291, 803, 294, 296, 297, 298, 306, 308, 309, 311, 314, 318, 320, 327, 844, 333, 335, 337, 348, 905, 394, 458, 703]",False,[],[],[],"[265, 458, 725, 905]","[105, 114, 138, 141, 152, 153, 154, 155, 157, 159, 164, 165, 176, 182, 191, 192, 194, 195, 196, 200, 204, 208, 209, 210, 211, 215, 226, 228, 241, 242, 243, 245, 248, 249, 250, 257, 261, 270, 271, 282, 287, 289, 291, 294, 296, 298, 306, 308, 309, 311, 314, 327, 333, 335, 337, 576, 585, 609, 612, 623, 624, 626, 627, 629, 631, 636, 637, 647, 653, 662, 663, 665, 666, 667, 671, 674, 678, 679, 680, 681, 690, 692, 705, 706, 707, 709, 711, 712, 713, 719, 721, 729, 730, 741, 746, 748, 750, 753, 755, 757, 764, 766, 767, 769, 772, 785, 791]","[84, 87, 89, 114, 115, 117, 124, 132, 135, 144, 152, 178, 239, 268, 281, 297, 318, 320, 327, 348, 394, 555, 558, 560, 585, 586, 588, 595, 603, 606, 615, 623, 649, 703, 727, 740, 756, 776, 778, 785, 803, 844]",[],0/6 successful match,False,,False,834,False,,1.0,True,Hwy 20 Truck Stop ( 76 ),
Albany ( 97322 ) Hwy 20 Truck Stop ( 76 ) ),541-791-7352 I-5 Exit 233 ( US 20 E ),24 S <U+2610>,Albany,97322,Hwy 20 Truck Stop ( 76 ) ),541-791-7352,2016,Albany,OR,,( US 20 E ),I-5 Exit 233 ,Exit,233,False,,False,I-5,,,,,[],[],[],"[265, 458, 725, 905]",[],"[105, 114, 138, 141, 152, 153, 154, 155, 157, 159, 164, 165, 176, 182, 191, 192, 194, 195, 196, 200, 204, 208, 209, 210, 211, 215, 226, 228, 241, 242, 243, 245, 248, 249, 250, 257, 261, 270, 271, 282, 287, 289, 291, 294, 296, 298, 306, 308, 309, 311, 314, 327, 333, 335, 337, 576, 585, 609, 612, 623, 624, 626, 627, 629, 631, 636, 637, 647, 653, 662, 663, 665, 666, 667, 671, 674, 678, 679, 680, 681, 690, 692, 705, 706, 707, 709, 711, 712, 713, 719, 721, 729, 730, 741, 746, 748, 750, 753, 755, 757, 764, 766, 767, 769, 772, 785, 791]",[],"[84, 87, 89, 114, 115, 117, 124, 132, 135, 144, 152, 178, 239, 268, 281, 297, 318, 320, 327, 348, 394, 555, 558, 560, 585, 586, 588, 595, 603, 606, 615, 623, 649, 703, 727, 740, 756, 776, 778, 785, 803, 844]","[555, 558, 560, 576, 585, 586, 588, 595, 84, 87, 89, 603, 606, 609, 612, 615, 105, 623, 624, 114, 626, 627, 629, 115, 631, 117, 636, 637, 124, 132, 647, 135, 649, 138, 141, 653, 144, 662, 663, 152, 153, 154, 155, 665, 157, 666, 159, 667, 671, 674, 164, 165, 678, 679, 680, 681, 176, 690, 178, 692, 182, 191, 192, 705, 194, 195, 196, 706, 707, 709, 200, 711, 712, 713, 204, 719, 208, 209, 210, 211, 721, 725, 215, 727, 729, 730, 226, 228, 741, 740, 746, 748, 750, 239, 241, 242, 243, 753, 245, 755, 757, 248, 249, 250, 756, 764, 766, 767, 257, 769, 772, 261, 776, 265, 778, 268, 270, 271, 785, 791, 281, 282, 287, 289, 291, 803, 294, 296, 297, 298, 306, 308, 309, 311, 314, 318, 320, 327, 844, 333, 335, 337, 348, 905, 394, 458, 703]",False,[],[],[],"[265, 458, 725, 905]","[105, 114, 138, 141, 152, 153, 154, 155, 157, 159, 164, 165, 176, 182, 191, 192, 194, 195, 196, 200, 204, 208, 209, 210, 211, 215, 226, 228, 241, 242, 243, 245, 248, 249, 250, 257, 261, 270, 271, 282, 287, 289, 291, 294, 296, 298, 306, 308, 309, 311, 314, 327, 333, 335, 337, 576, 585, 609, 612, 623, 624, 626, 627, 629, 631, 636, 637, 647, 653, 662, 663, 665, 666, 667, 671, 674, 678, 679, 680, 681, 690, 692, 705, 706, 707, 709, 711, 712, 713, 719, 721, 729, 730, 741, 746, 748, 750, 753, 755, 757, 764, 766, 767, 769, 772, 785, 791]","[84, 87, 89, 114, 115, 117, 124, 132, 135, 144, 152, 178, 239, 268, 281, 297, 318, 320, 327, 348, 394, 555, 558, 560, 585, 586, 588, 595, 603, 606, 615, 623, 649, 703, 727, 740, 756, 776, 778, 785, 803, 844]",[],0/6 successful match,False,,False,834,False,,1.0,True,Hwy 20 Truck Stop ( 76 ) SE ),
Albany ( 97322 ) I-5 76 Food Mart,541-926-0990 I-5 Exit 228 ( OR 34 E ),24 M,Albany,97322,I-5 76 Food Mart,541-926-0990,2014,Albany,OR,,( OR 34 E ),I-5 Exit 228 ,Exit,228,False,,False,I-5,,,,,[],[],[],[],[],"[105, 114, 138, 141, 152, 153, 154, 155, 157, 159, 164, 165, 176, 182, 191, 192, 194, 195, 196, 200, 204, 208, 209, 210, 211, 215, 226, 228, 241, 242, 243, 245, 248, 249, 250, 257, 261, 270, 271, 282, 287, 289, 291, 294, 296, 298, 306, 308, 309, 311, 314, 327, 333, 335, 337, 576, 585, 609, 612, 623, 624, 626, 627, 629, 631, 636, 637, 647, 653, 662, 663, 665, 666, 667, 671, 674, 678, 679, 680, 681, 690, 692, 705, 706, 707, 709, 711, 712, 713, 719, 721, 729, 730, 741, 746, 748, 750, 753, 755, 757, 764, 766, 767, 769, 772, 785, 791]",[],"[84, 87, 89, 114, 115, 117, 124, 132, 135, 144, 152, 178, 239, 268, 281, 297, 318, 320, 327, 348, 394, 555, 558, 560, 585, 586, 588, 595, 603, 606, 615, 623, 649, 703, 727, 740, 756, 776, 778, 785, 803, 844]","[555, 558, 560, 576, 585, 586, 588, 595, 84, 87, 89, 603, 606, 609, 612, 615, 105, 623, 624, 114, 626, 627, 629, 115, 631, 117, 636, 637, 124, 132, 647, 135, 649, 138, 141, 653, 144, 662, 663, 152, 153, 154, 667, 155, 157, 665, 159, 666, 671, 674, 164, 165, 678, 679, 680, 681, 176, 690, 178, 692, 182, 191, 192, 705, 194, 195, 196, 706, 707, 709, 200, 711, 712, 713, 204, 719, 208, 209, 210, 211, 721, 215, 727, 729, 730, 226, 228, 741, 740, 746, 748, 750, 239, 241, 242, 243, 753, 245, 755, 757, 248, 249, 250, 756, 764, 766, 767, 257, 769, 772, 261, 776, 778, 268, 270, 271, 785, 791, 281, 282, 287, 289, 291, 803, 294, 296, 297, 298, 306, 308, 309, 311, 314, 318, 320, 327, 844, 333, 335, 337, 348, 394, 703]",False,[],[],[],[],"[105, 114, 138, 141, 152, 153, 154, 155, 157, 159, 164, 165, 176, 182, 191, 192, 194, 195, 196, 200, 204, 208, 209, 210, 211, 215, 226, 228, 241, 242, 243, 245, 248, 249, 250, 257, 261, 270, 271, 282, 287, 289, 291, 294, 296, 298, 306, 308, 309, 311, 314, 327, 333, 335, 337, 576, 585, 609, 612, 623, 624, 626, 627, 629, 631, 636, 637, 647, 653, 662, 663, 665, 666, 667, 671, 674, 678, 679, 680, 681, 690, 692, 705, 706, 707, 709, 711, 712, 713, 719, 721, 729, 730, 741, 746, 748, 750, 753, 755, 757, 764, 766, 767, 769, 772, 785, 791]","[84, 87, 89, 114, 115, 117, 124, 132, 135, 144, 152, 178, 239, 268, 281, 297, 318, 320, 327, 348, 394, 555, 558, 560, 585, 586, 588, 595, 603, 606, 615, 623, 649, 703, 727, 740, 756, 776, 778, 785, 803, 844]",[],0/6 successful match,False,,False,835,False,,,,,
Albany ( 97322 ) I-5 76 Food Mart,541-926-0990 I-5 Exit 228 ( OR 34 E ),24 = M <U+25A1>,Albany,97322,I-5 76 Food Mart,541-926-0990,2015,Albany,OR,,( OR 34 E ),I-5 Exit 228 ,Exit,228,False,,False,I-5,,,,,[],[],[],[],[],"[105, 114, 138, 141, 152, 153, 154, 155, 157, 159, 164, 165, 176, 182, 191, 192, 194, 195, 196, 200, 204, 208, 209, 210, 211, 215, 226, 228, 241, 242, 243, 245, 248, 249, 250, 257, 261, 270, 271, 282, 287, 289, 291, 294, 296, 298, 306, 308, 309, 311, 314, 327, 333, 335, 337, 576, 585, 609, 612, 623, 624, 626, 627, 629, 631, 636, 637, 647, 653, 662, 663, 665, 666, 667, 671, 674, 678, 679, 680, 681, 690, 692, 705, 706, 707, 709, 711, 712, 713, 719, 721, 729, 730, 741, 746, 748, 750, 753, 755, 757, 764, 766, 767, 769, 772, 785, 791]",[],"[84, 87, 89, 114, 115, 117, 124, 132, 135, 144, 152, 178, 239, 268, 281, 297, 318, 320, 327, 348, 394, 555, 558, 560, 585, 586, 588, 595, 603, 606, 615, 623, 649, 703, 727, 740, 756, 776, 778, 785, 803, 844]","[555, 558, 560, 576, 585, 586, 588, 595, 84, 87, 89, 603, 606, 609, 612, 615, 105, 623, 624, 114, 626, 627, 629, 115, 631, 117, 636, 637, 124, 132, 647, 135, 649, 138, 141, 653, 144, 662, 663, 152, 153, 154, 667, 155, 157, 665, 159, 666, 671, 674, 164, 165, 678, 679, 680, 681, 176, 690, 178, 692, 182, 191, 192, 705, 194, 195, 196, 706, 707, 709, 200, 711, 712, 713, 204, 719, 208, 209, 210, 211, 721, 215, 727, 729, 730, 226, 228, 741, 740, 746, 748, 750, 239, 241, 242, 243, 753, 245, 755, 757, 248, 249, 250, 756, 764, 766, 767, 257, 769, 772, 261, 776, 778, 268, 270, 271, 785, 791, 281, 282, 287, 289, 291, 803, 294, 296, 297, 298, 306, 308, 309, 311, 314, 318, 320, 327, 844, 333, 335, 337, 348, 394, 703]",False,[],[],[],[],"[105, 114, 138, 141, 152, 153, 154, 155, 157, 159, 164, 165, 176, 182, 191, 192, 194, 195, 196, 200, 204, 208, 209, 210, 211, 215, 226, 228, 241, 242, 243, 245, 248, 249, 250, 257, 261, 270, 271, 282, 287, 289, 291, 294, 296, 298, 306, 308, 309, 311, 314, 327, 333, 335, 337, 576, 585, 609, 612, 623, 624, 626, 627, 629, 631, 636, 637, 647, 653, 662, 663, 665, 666, 667, 671, 674, 678, 679, 680, 681, 690, 692, 705, 706, 707, 709, 711, 712, 713, 719, 721, 729, 730, 741, 746, 748, 750, 753, 755, 757, 764, 766, 767, 769, 772, 785, 791]","[84, 87, 89, 114, 115, 117, 124, 132, 135, 144, 152, 178, 239, 268, 281, 297, 318, 320, 327, 348, 394, 555, 558, 560, 585, 586, 588, 595, 603, 606, 615, 623, 649, 703, 727, 740, 756, 776, 778, 785, 803, 844]",[],0/6 successful match,False,,False,835,False,,1.0,True,I-5 76 Food Mart,
Albany ( 97322 ) I-5 76 Truck Stop,541-926-0990 I-5 Exit 228 ( OR 34 E ),24 M,Albany,97322,I-5 76 Truck Stop,541-926-0990,2016,Albany,OR,,( OR 34 E ),I-5 Exit 228 ,Exit,228,False,,False,I-5,,,,,[],[],[],[],[],"[105, 114, 138, 141, 152, 153, 154, 155, 157, 159, 164, 165, 176, 182, 191, 192, 194, 195, 196, 200, 204, 208, 209, 210, 211, 215, 226, 228, 241, 242, 243, 245, 248, 249, 250, 257, 261, 270, 271, 282, 287, 289, 291, 294, 296, 298, 306, 308, 309, 311, 314, 327, 333, 335, 337, 576, 585, 609, 612, 623, 624, 626, 627, 629, 631, 636, 637, 647, 653, 662, 663, 665, 666, 667, 671, 674, 678, 679, 680, 681, 690, 692, 705, 706, 707, 709, 711, 712, 713, 719, 721, 729, 730, 741, 746, 748, 750, 753, 755, 757, 764, 766, 767, 769, 772, 785, 791]",[],"[84, 87, 89, 114, 115, 117, 124, 132, 135, 144, 152, 178, 239, 268, 281, 297, 318, 320, 327, 348, 394, 555, 558, 560, 585, 586, 588, 595, 603, 606, 615, 623, 649, 703, 727, 740, 756, 776, 778, 785, 803, 844]","[555, 558, 560, 576, 585, 586, 588, 595, 84, 87, 89, 603, 606, 609, 612, 615, 105, 623, 624, 114, 626, 627, 629, 115, 631, 117, 636, 637, 124, 132, 647, 135, 649, 138, 141, 653, 144, 662, 663, 152, 153, 154, 667, 155, 157, 665, 159, 666, 671, 674, 164, 165, 678, 679, 680, 681, 176, 690, 178, 692, 182, 191, 192, 705, 194, 195, 196, 706, 707, 709, 200, 711, 712, 713, 204, 719, 208, 209, 210, 211, 721, 215, 727, 729, 730, 226, 228, 741, 740, 746, 748, 750, 239, 241, 242, 243, 753, 245, 755, 757, 248, 249, 250, 756, 764, 766, 767, 257, 769, 772, 261, 776, 778, 268, 270, 271, 785, 791, 281, 282, 287, 289, 291, 803, 294, 296, 297, 298, 306, 308, 309, 311, 314, 318, 320, 327, 844, 333, 335, 337, 348, 394, 703]",False,[],[],[],[],"[105, 114, 138, 141, 152, 153, 154, 155, 157, 159, 164, 165, 176, 182, 191, 192, 194, 195, 196, 200, 204, 208, 209, 210, 211, 215, 226, 228, 241, 242, 243, 245, 248, 249, 250, 257, 261, 270, 271, 282, 287, 289, 291, 294, 296, 298, 306, 308, 309, 311, 314, 327, 333, 335, 337, 576, 585, 609, 612, 623, 624, 626, 627, 629, 631, 636, 637, 647, 653, 662, 663, 665, 666, 667, 671, 674, 678, 679, 680, 681, 690, 692, 705, 706, 707, 709, 711, 712, 713, 719, 721, 729, 730, 741, 746, 748, 750, 753, 755, 757, 764, 766, 767, 769, 772, 785, 791]","[84, 87, 89, 114, 115, 117, 124, 132, 135, 144, 152, 178, 239, 268, 281, 297, 318, 320, 327, 348, 394, 555, 558, 560, 585, 586, 588, 595, 603, 606, 615, 623, 649, 703, 727, 740, 756, 776, 778, 785, 803, 844]",[],0/6 successful match,False,,False,835,False,,0.4787878787878788,True,I-5 76 Food Mart,
"Albany , 97322 Jack's Truck Stop ( 76 )",00 8 2541-926-1989 I-5 Exit 233 ( US 20 E ),24 NU <U+2610> <U+2610> <U+25A1>,Albany,97322,Jack's Truck Stop ( 76 ),541-926-1989,2006,Albany,OR,,( US 20 E ),I-5 Exit 233 ,Exit,233,False,,False,I-5,,,,,[],[],[],"[265, 458, 725, 905]",[],"[105, 114, 138, 141, 152, 153, 154, 155, 157, 159, 164, 165, 176, 182, 191, 192, 194, 195, 196, 200, 204, 208, 209, 210, 211, 215, 226, 228, 241, 242, 243, 245, 248, 249, 250, 257, 261, 270, 271, 282, 287, 289, 291, 294, 296, 298, 306, 308, 309, 311, 314, 327, 333, 335, 337, 576, 585, 609, 612, 623, 624, 626, 627, 629, 631, 636, 637, 647, 653, 662, 663, 665, 666, 667, 671, 674, 678, 679, 680, 681, 690, 692, 705, 706, 707, 709, 711, 712, 713, 719, 721, 729, 730, 741, 746, 748, 750, 753, 755, 757, 764, 766, 767, 769, 772, 785, 791]",[],"[84, 87, 89, 114, 115, 117, 124, 132, 135, 144, 152, 178, 239, 268, 281, 297, 318, 320, 327, 348, 394, 555, 558, 560, 585, 586, 588, 595, 603, 606, 615, 623, 649, 703, 727, 740, 756, 776, 778, 785, 803, 844]","[555, 558, 560, 576, 585, 586, 588, 595, 84, 87, 89, 603, 606, 609, 612, 615, 105, 623, 624, 114, 626, 627, 629, 115, 631, 117, 636, 637, 124, 132, 647, 135, 649, 138, 141, 653, 144, 662, 663, 152, 153, 154, 155, 665, 157, 666, 159, 667, 671, 674, 164, 165, 678, 679, 680, 681, 176, 690, 178, 692, 182, 191, 192, 705, 194, 195, 196, 706, 707, 709, 200, 711, 712, 713, 204, 719, 208, 209, 210, 211, 721, 725, 215, 727, 729, 730, 226, 228, 741, 740, 746, 748, 750, 239, 241, 242, 243, 753, 245, 755, 757, 248, 249, 250, 756, 764, 766, 767, 257, 769, 772, 261, 776, 265, 778, 268, 270, 271, 785, 791, 281, 282, 287, 289, 291, 803, 294, 296, 297, 298, 306, 308, 309, 311, 314, 318, 320, 327, 844, 333, 335, 337, 348, 905, 394, 458, 703]",False,[],[],[],"[265, 458, 725, 905]","[105, 114, 138, 141, 152, 153, 154, 155, 157, 159, 164, 165, 176, 182, 191, 192, 194, 195, 196, 200, 204, 208, 209, 210, 211, 215, 226, 228, 241, 242, 243, 245, 248, 249, 250, 257, 261, 270, 271, 282, 287, 289, 291, 294, 296, 298, 306, 308, 309, 311, 314, 327, 333, 335, 337, 576, 585, 609, 612, 623, 624, 626, 627, 629, 631, 636, 637, 647, 653, 662, 663, 665, 666, 667, 671, 674, 678, 679, 680, 681, 690, 692, 705, 706, 707, 709, 711, 712, 713, 719, 721, 729, 730, 741, 746, 748, 750, 753, 755, 757, 764, 766, 767, 769, 772, 785, 791]","[84, 87, 89, 114, 115, 117, 124, 132, 135, 144, 152, 178, 239, 268, 281, 297, 318, 320, 327, 348, 394, 555, 558, 560, 585, 586, 588, 595, 603, 606, 615, 623, 649, 703, 727, 740, 756, 776, 778, 785, 803, 844]",[],0/6 successful match,False,,False,836,False,,,,,
"8 CAlbany , 97322 Jack's Truck Stop ( 76 )",541-926-1989 I-5 Exit 233 ( US 20 E ),HRS M,Albany,97322,Jack's Truck Stop ( 76 ),541-926-1989,2007,Albany,OR,,( US 20 E ),I-5 Exit 233 ,Exit,233,False,,False,I-5,,,,,[],[],[],"[265, 458, 725, 905]",[],"[105, 114, 138, 141, 152, 153, 154, 155, 157, 159, 164, 165, 176, 182, 191, 192, 194, 195, 196, 200, 204, 208, 209, 210, 211, 215, 226, 228, 241, 242, 243, 245, 248, 249, 250, 257, 261, 270, 271, 282, 287, 289, 291, 294, 296, 298, 306, 308, 309, 311, 314, 327, 333, 335, 337, 576, 585, 609, 612, 623, 624, 626, 627, 629, 631, 636, 637, 647, 653, 662, 663, 665, 666, 667, 671, 674, 678, 679, 680, 681, 690, 692, 705, 706, 707, 709, 711, 712, 713, 719, 721, 729, 730, 741, 746, 748, 750, 753, 755, 757, 764, 766, 767, 769, 772, 785, 791]",[],"[84, 87, 89, 114, 115, 117, 124, 132, 135, 144, 152, 178, 239, 268, 281, 297, 318, 320, 327, 348, 394, 555, 558, 560, 585, 586, 588, 595, 603, 606, 615, 623, 649, 703, 727, 740, 756, 776, 778, 785, 803, 844]","[555, 558, 560, 576, 585, 586, 588, 595, 84, 87, 89, 603, 606, 609, 612, 615, 105, 623, 624, 114, 626, 627, 629, 115, 631, 117, 636, 637, 124, 132, 647, 135, 649, 138, 141, 653, 144, 662, 663, 152, 153, 154, 155, 665, 157, 666, 159, 667, 671, 674, 164, 165, 678, 679, 680, 681, 176, 690, 178, 692, 182, 191, 192, 705, 194, 195, 196, 706, 707, 709, 200, 711, 712, 713, 204, 719, 208, 209, 210, 211, 721, 725, 215, 727, 729, 730, 226, 228, 741, 740, 746, 748, 750, 239, 241, 242, 243, 753, 245, 755, 757, 248, 249, 250, 756, 764, 766, 767, 257, 769, 772, 261, 776, 265, 778, 268, 270, 271, 785, 791, 281, 282, 287, 289, 291, 803, 294, 296, 297, 298, 306, 308, 309, 311, 314, 318, 320, 327, 844, 333, 335, 337, 348, 905, 394, 458, 703]",False,[],[],[],"[265, 458, 725, 905]","[105, 114, 138, 141, 152, 153, 154, 155, 157, 159, 164, 165, 176, 182, 191, 192, 194, 195, 196, 200, 204, 208, 209, 210, 211, 215, 226, 228, 241, 242, 243, 245, 248, 249, 250, 257, 261, 270, 271, 282, 287, 289, 291, 294, 296, 298, 306, 308, 309, 311, 314, 327, 333, 335, 337, 576, 585, 609, 612, 623, 624, 626, 627, 629, 631, 636, 637, 647, 653, 662, 663, 665, 666, 667, 671, 674, 678, 679, 680, 681, 690, 692, 705, 706, 707, 709, 711, 712, 713, 719, 721, 729, 730, 741, 746, 748, 750, 753, 755, 757, 764, 766, 767, 769, 772, 785, 791]","[84, 87, 89, 114, 115, 117, 124, 132, 135, 144, 152, 178, 239, 268, 281, 297, 318, 320, 327, 348, 394, 555, 558, 560, 585, 586, 588, 595, 603, 606, 615, 623, 649, 703, 727, 740, 756, 776, 778, 785, 803, 844]",[],0/6 successful match,False,,False,836,False,,1.0,True,Jack's Truck Stop ( 76 ),
"Albany , 97322 Jack's Truck Stop ( 76 )",21541-926-1989 I-5 Exit 233 ( US 20 E ),24 M <U+2610>,Albany,97322,Jack's Truck Stop ( 76 ),541-926-1989,2008,Albany,OR,,( US 20 E ),I-5 Exit 233 ,Exit,233,False,,False,I-5,,,,,[],[],[],"[265, 458, 725, 905]",[],"[105, 114, 138, 141, 152, 153, 154, 155, 157, 159, 164, 165, 176, 182, 191, 192, 194, 195, 196, 200, 204, 208, 209, 210, 211, 215, 226, 228, 241, 242, 243, 245, 248, 249, 250, 257, 261, 270, 271, 282, 287, 289, 291, 294, 296, 298, 306, 308, 309, 311, 314, 327, 333, 335, 337, 576, 585, 609, 612, 623, 624, 626, 627, 629, 631, 636, 637, 647, 653, 662, 663, 665, 666, 667, 671, 674, 678, 679, 680, 681, 690, 692, 705, 706, 707, 709, 711, 712, 713, 719, 721, 729, 730, 741, 746, 748, 750, 753, 755, 757, 764, 766, 767, 769, 772, 785, 791]",[],"[84, 87, 89, 114, 115, 117, 124, 132, 135, 144, 152, 178, 239, 268, 281, 297, 318, 320, 327, 348, 394, 555, 558, 560, 585, 586, 588, 595, 603, 606, 615, 623, 649, 703, 727, 740, 756, 776, 778, 785, 803, 844]","[555, 558, 560, 576, 585, 586, 588, 595, 84, 87, 89, 603, 606, 609, 612, 615, 105, 623, 624, 114, 626, 627, 629, 115, 631, 117, 636, 637, 124, 132, 647, 135, 649, 138, 141, 653, 144, 662, 663, 152, 153, 154, 155, 665, 157, 666, 159, 667, 671, 674, 164, 165, 678, 679, 680, 681, 176, 690, 178, 692, 182, 191, 192, 705, 194, 195, 196, 706, 707, 709, 200, 711, 712, 713, 204, 719, 208, 209, 210, 211, 721, 725, 215, 727, 729, 730, 226, 228, 741, 740, 746, 748, 750, 239, 241, 242, 243, 753, 245, 755, 757, 248, 249, 250, 756, 764, 766, 767, 257, 769, 772, 261, 776, 265, 778, 268, 270, 271, 785, 791, 281, 282, 287, 289, 291, 803, 294, 296, 297, 298, 306, 308, 309, 311, 314, 318, 320, 327, 844, 333, 335, 337, 348, 905, 394, 458, 703]",False,[],[],[],"[265, 458, 725, 905]","[105, 114, 138, 141, 152, 153, 154, 155, 157, 159, 164, 165, 176, 182, 191, 192, 194, 195, 196, 200, 204, 208, 209, 210, 211, 215, 226, 228, 241, 242, 243, 245, 248, 249, 250, 257, 261, 270, 271, 282, 287, 289, 291, 294, 296, 298, 306, 308, 309, 311, 314, 327, 333, 335, 337, 576, 585, 609, 612, 623, 624, 626, 627, 629, 631, 636, 637, 647, 653, 662, 663, 665, 666, 667, 671, 674, 678, 679, 680, 681, 690, 692, 705, 706, 707, 709, 711, 712, 713, 719, 721, 729, 730, 741, 746, 748, 750, 753, 755, 757, 764, 766, 767, 769, 772, 785, 791]","[84, 87, 89, 114, 115, 117, 124, 132, 135, 144, 152, 178, 239, 268, 281, 297, 318, 320, 327, 348, 394, 555, 558, 560, 585, 586, 588, 595, 603, 606, 615, 623, 649, 703, 727, 740, 756, 776, 778, 785, 803, 844]",[],0/6 successful match,False,,False,836,False,,1.0,True,Jack's Truck Stop ( 76 ),
"Brookings , 97415 Alliance Fast Mart ( Texaco )",6 541-469-2525 US 101,FRS 24 HRS M24,Brookings,97415,Alliance Fast Mart ( Texaco ),541-469-2525,2006,Brookings,OR,Texaco,,US 101,empty,,False,,False,US 101,,,,,[],[],[],[],[],"[15, 91, 107, 110, 113, 123, 132, 136, 193, 216, 218, 252, 274, 275, 281, 286, 293, 302, 325, 326, 500, 562, 578, 580, 583, 594, 603, 607, 664, 686, 715, 733, 734, 740, 745, 752, 760, 783, 784]","[26, 390, 474, 486, 509, 840, 922, 926]","[26, 390, 474, 486, 509, 840, 922, 926]","[132, 390, 136, 15, 783, 784, 274, 275, 664, 281, 26, 922, 286, 926, 293, 302, 686, 562, 193, 578, 580, 325, 326, 583, 840, 715, 594, 216, 218, 91, 603, 733, 734, 607, 474, 740, 486, 745, 107, 110, 752, 113, 500, 760, 123, 252, 509]",False,[],[],[],[],"[15, 91, 107, 110, 113, 123, 132, 136, 193, 216, 218, 252, 274, 275, 281, 286, 293, 302, 325, 326, 500, 562, 578, 580, 583, 594, 603, 607, 664, 686, 715, 733, 734, 740, 745, 752, 760, 783, 784]","[26, 390, 474, 486, 509, 840, 922, 926]","[26, 390, 474, 486, 509, 840, 922, 926]",0/6 successful match,False,,False,837,False,,,,,
Halsey ( 97438 ) Halsey Shell,541-369-2624 I-5 Exit 216 ( OR 228 W ),24 S 0,Halsey,97438,Halsey Shell,541-369-2624,2014,Fall Creek,OR,Shell,( OR 228 W ),I-5 Exit 216 ,Exit,216,False,,False,I-5,,,,,[],[],"[403, 852]",[],[],"[105, 114, 138, 141, 152, 153, 154, 155, 157, 159, 164, 165, 176, 182, 191, 192, 194, 195, 196, 200, 204, 208, 209, 210, 211, 215, 226, 228, 241, 242, 243, 245, 248, 249, 250, 257, 261, 270, 271, 282, 287, 289, 291, 294, 296, 298, 306, 308, 309, 311, 314, 327, 333, 335, 337, 576, 585, 609, 612, 623, 624, 626, 627, 629, 631, 636, 637, 647, 653, 662, 663, 665, 666, 667, 671, 674, 678, 679, 680, 681, 690, 692, 705, 706, 707, 709, 711, 712, 713, 719, 721, 729, 730, 741, 746, 748, 750, 753, 755, 757, 764, 766, 767, 769, 772, 785, 791]","[1, 13, 14, 29, 54, 55, 56, 57, 58, 60, 102, 118, 125, 127, 130, 134, 146, 149, 153, 175, 182, 187, 189, 191, 197, 225, 230, 238, 264, 265, 266, 286, 302, 317, 336, 379, 388, 389, 425, 454, 458, 463, 475, 487, 498, 499, 512, 530, 531, 532, 533, 534, 536, 573, 589, 596, 598, 601, 605, 617, 620, 624, 646, 653, 658, 660, 662, 668, 689, 694, 702, 724, 725, 745, 760, 775, 793, 829, 838, 839, 877, 901, 903, 905, 910, 923]","[1, 13, 14, 29, 54, 55, 56, 57, 58, 60, 102, 118, 125, 127, 130, 134, 146, 149, 153, 175, 182, 187, 189, 191, 197, 225, 230, 238, 264, 265, 266, 286, 302, 317, 336, 354, 379, 388, 389, 425, 454, 458, 463, 475, 487, 498, 499, 512, 530, 531, 532, 533, 534, 536, 573, 589, 596, 598, 601, 605, 617, 620, 624, 646, 653, 658, 660, 662, 668, 689, 694, 702, 724, 725, 745, 760, 775, 793, 809, 829, 838, 839, 877, 901, 903, 905, 910, 923]","[512, 1, 13, 14, 530, 531, 532, 533, 534, 536, 29, 54, 55, 56, 57, 58, 60, 573, 576, 585, 589, 596, 598, 601, 605, 609, 612, 102, 105, 617, 620, 623, 624, 114, 626, 627, 629, 118, 631, 636, 637, 125, 127, 130, 134, 647, 646, 138, 141, 653, 146, 658, 660, 149, 662, 663, 152, 153, 154, 667, 155, 157, 665, 159, 666, 671, 674, 668, 164, 165, 678, 679, 680, 681, 175, 176, 689, 690, 692, 182, 694, 187, 189, 702, 191, 192, 705, 194, 195, 196, 706, 707, 709, 200, 711, 712, 713, 204, 197, 719, 208, 209, 210, 211, 721, 724, 725, 215, 729, 730, 225, 226, 228, 741, 230, 745, 746, 748, 750, 238, 241, 242, 243, 753, 245, 755, 757, 248, 249, 250, 760, 764, 766, 767, 257, 769, 772, 261, 775, 264, 265, 266, 270, 271, 785, 791, 793, 282, 286, 287, 289, 291, 294, 296, 809, 298, 302, 306, 308, 309, 311, 314, 317, 829, 838, 327, 839, 333, 335, 336, 337, 852, 354, 877, 379, 388, 389, 901, 903, 905, 910, 403, 923, 425, 454, 458, 463, 475, 487, 498, 499]",False,[],[],"[403, 852]",[],"[105, 114, 138, 141, 152, 153, 154, 155, 157, 159, 164, 165, 176, 182, 191, 192, 194, 195, 196, 200, 204, 208, 209, 210, 211, 215, 226, 228, 241, 242, 243, 245, 248, 249, 250, 257, 261, 270, 271, 282, 287, 289, 291, 294, 296, 298, 306, 308, 309, 311, 314, 327, 333, 335, 337, 576, 585, 609, 612, 623, 624, 626, 627, 629, 631, 636, 637, 647, 653, 662, 663, 665, 666, 667, 671, 674, 678, 679, 680, 681, 690, 692, 705, 706, 707, 709, 711, 712, 713, 719, 721, 729, 730, 741, 746, 748, 750, 753, 755, 757, 764, 766, 767, 769, 772, 785, 791]","[1, 13, 14, 29, 54, 55, 56, 57, 58, 60, 102, 118, 125, 127, 130, 134, 146, 149, 153, 175, 182, 187, 189, 191, 197, 225, 230, 238, 264, 265, 266, 286, 302, 317, 336, 354, 379, 388, 389, 425, 454, 458, 463, 475, 487, 498, 499, 512, 530, 531, 532, 533, 534, 536, 573, 589, 596, 598, 601, 605, 617, 620, 624, 646, 653, 658, 660, 662, 668, 689, 694, 702, 724, 725, 745, 760, 775, 793, 809, 829, 838, 839, 877, 901, 903, 905, 910, 923]","[1, 13, 14, 29, 54, 55, 56, 57, 58, 60, 102, 118, 125, 127, 130, 134, 146, 149, 153, 175, 182, 187, 189, 191, 197, 225, 230, 238, 264, 265, 266, 286, 302, 317, 336, 379, 388, 389, 425, 454, 458, 463, 475, 487, 498, 499, 512, 530, 531, 532, 533, 534, 536, 573, 589, 596, 598, 601, 605, 617, 620, 624, 646, 653, 658, 660, 662, 668, 689, 694, 702, 724, 725, 745, 760, 775, 793, 829, 838, 839, 877, 901, 903, 905, 910, 923]",0/6 successful match,False,,False,838,False,,,,,
Halsey ( 97438 ) Halsey Shell,541-369-2624 I-5 Exit 216 ( OR 228 W ),S <U+25A1> <U+2610>,Halsey,97438,Halsey Shell,541-369-2624,2015,Fall Creek,OR,Shell,( OR 228 W ),I-5 Exit 216 ,Exit,216,False,,False,I-5,,,,,[],[],"[403, 852]",[],[],"[105, 114, 138, 141, 152, 153, 154, 155, 157, 159, 164, 165, 176, 182, 191, 192, 194, 195, 196, 200, 204, 208, 209, 210, 211, 215, 226, 228, 241, 242, 243, 245, 248, 249, 250, 257, 261, 270, 271, 282, 287, 289, 291, 294, 296, 298, 306, 308, 309, 311, 314, 327, 333, 335, 337, 576, 585, 609, 612, 623, 624, 626, 627, 629, 631, 636, 637, 647, 653, 662, 663, 665, 666, 667, 671, 674, 678, 679, 680, 681, 690, 692, 705, 706, 707, 709, 711, 712, 713, 719, 721, 729, 730, 741, 746, 748, 750, 753, 755, 757, 764, 766, 767, 769, 772, 785, 791]","[1, 13, 14, 29, 54, 55, 56, 57, 58, 60, 102, 118, 125, 127, 130, 134, 146, 149, 153, 175, 182, 187, 189, 191, 197, 225, 230, 238, 264, 265, 266, 286, 302, 317, 336, 379, 388, 389, 425, 454, 458, 463, 475, 487, 498, 499, 512, 530, 531, 532, 533, 534, 536, 573, 589, 596, 598, 601, 605, 617, 620, 624, 646, 653, 658, 660, 662, 668, 689, 694, 702, 724, 725, 745, 760, 775, 793, 829, 838, 839, 877, 901, 903, 905, 910, 923]","[1, 13, 14, 29, 54, 55, 56, 57, 58, 60, 102, 118, 125, 127, 130, 134, 146, 149, 153, 175, 182, 187, 189, 191, 197, 225, 230, 238, 264, 265, 266, 286, 302, 317, 336, 354, 379, 388, 389, 425, 454, 458, 463, 475, 487, 498, 499, 512, 530, 531, 532, 533, 534, 536, 573, 589, 596, 598, 601, 605, 617, 620, 624, 646, 653, 658, 660, 662, 668, 689, 694, 702, 724, 725, 745, 760, 775, 793, 809, 829, 838, 839, 877, 901, 903, 905, 910, 923]","[512, 1, 13, 14, 530, 531, 532, 533, 534, 536, 29, 54, 55, 56, 57, 58, 60, 573, 576, 585, 589, 596, 598, 601, 605, 609, 612, 102, 105, 617, 620, 623, 624, 114, 626, 627, 629, 118, 631, 636, 637, 125, 127, 130, 134, 647, 646, 138, 141, 653, 146, 658, 660, 149, 662, 663, 152, 153, 154, 667, 155, 157, 665, 159, 666, 671, 674, 668, 164, 165, 678, 679, 680, 681, 175, 176, 689, 690, 692, 182, 694, 187, 189, 702, 191, 192, 705, 194, 195, 196, 706, 707, 709, 200, 711, 712, 713, 204, 197, 719, 208, 209, 210, 211, 721, 724, 725, 215, 729, 730, 225, 226, 228, 741, 230, 745, 746, 748, 750, 238, 241, 242, 243, 753, 245, 755, 757, 248, 249, 250, 760, 764, 766, 767, 257, 769, 772, 261, 775, 264, 265, 266, 270, 271, 785, 791, 793, 282, 286, 287, 289, 291, 294, 296, 809, 298, 302, 306, 308, 309, 311, 314, 317, 829, 838, 327, 839, 333, 335, 336, 337, 852, 354, 877, 379, 388, 389, 901, 903, 905, 910, 403, 923, 425, 454, 458, 463, 475, 487, 498, 499]",False,[],[],"[403, 852]",[],"[105, 114, 138, 141, 152, 153, 154, 155, 157, 159, 164, 165, 176, 182, 191, 192, 194, 195, 196, 200, 204, 208, 209, 210, 211, 215, 226, 228, 241, 242, 243, 245, 248, 249, 250, 257, 261, 270, 271, 282, 287, 289, 291, 294, 296, 298, 306, 308, 309, 311, 314, 327, 333, 335, 337, 576, 585, 609, 612, 623, 624, 626, 627, 629, 631, 636, 637, 647, 653, 662, 663, 665, 666, 667, 671, 674, 678, 679, 680, 681, 690, 692, 705, 706, 707, 709, 711, 712, 713, 719, 721, 729, 730, 741, 746, 748, 750, 753, 755, 757, 764, 766, 767, 769, 772, 785, 791]","[1, 13, 14, 29, 54, 55, 56, 57, 58, 60, 102, 118, 125, 127, 130, 134, 146, 149, 153, 175, 182, 187, 189, 191, 197, 225, 230, 238, 264, 265, 266, 286, 302, 317, 336, 354, 379, 388, 389, 425, 454, 458, 463, 475, 487, 498, 499, 512, 530, 531, 532, 533, 534, 536, 573, 589, 596, 598, 601, 605, 617, 620, 624, 646, 653, 658, 660, 662, 668, 689, 694, 702, 724, 725, 745, 760, 775, 793, 809, 829, 838, 839, 877, 901, 903, 905, 910, 923]","[1, 13, 14, 29, 54, 55, 56, 57, 58, 60, 102, 118, 125, 127, 130, 134, 146, 149, 153, 175, 182, 187, 189, 191, 197, 225, 230, 238, 264, 265, 266, 286, 302, 317, 336, 379, 388, 389, 425, 454, 458, 463, 475, 487, 498, 499, 512, 530, 531, 532, 533, 534, 536, 573, 589, 596, 598, 601, 605, 617, 620, 624, 646, 653, 658, 660, 662, 668, 689, 694, 702, 724, 725, 745, 760, 775, 793, 829, 838, 839, 877, 901, 903, 905, 910, 923]",0/6 successful match,False,,False,838,False,,1.0,True,Halsey Shell,Shell
Halsey ( 97438 ) Halsey Shell,541-369-2624 I-5 Exit 216 ( OR 228 W ),S,Halsey,97438,Halsey Shell,541-369-2624,2016,Fall Creek,OR,Shell,( OR 228 W ),I-5 Exit 216 ,Exit,216,False,,False,I-5,,,,,[],[],"[403, 852]",[],[],"[105, 114, 138, 141, 152, 153, 154, 155, 157, 159, 164, 165, 176, 182, 191, 192, 194, 195, 196, 200, 204, 208, 209, 210, 211, 215, 226, 228, 241, 242, 243, 245, 248, 249, 250, 257, 261, 270, 271, 282, 287, 289, 291, 294, 296, 298, 306, 308, 309, 311, 314, 327, 333, 335, 337, 576, 585, 609, 612, 623, 624, 626, 627, 629, 631, 636, 637, 647, 653, 662, 663, 665, 666, 667, 671, 674, 678, 679, 680, 681, 690, 692, 705, 706, 707, 709, 711, 712, 713, 719, 721, 729, 730, 741, 746, 748, 750, 753, 755, 757, 764, 766, 767, 769, 772, 785, 791]","[1, 13, 14, 29, 54, 55, 56, 57, 58, 60, 102, 118, 125, 127, 130, 134, 146, 149, 153, 175, 182, 187, 189, 191, 197, 225, 230, 238, 264, 265, 266, 286, 302, 317, 336, 379, 388, 389, 425, 454, 458, 463, 475, 487, 498, 499, 512, 530, 531, 532, 533, 534, 536, 573, 589, 596, 598, 601, 605, 617, 620, 624, 646, 653, 658, 660, 662, 668, 689, 694, 702, 724, 725, 745, 760, 775, 793, 829, 838, 839, 877, 901, 903, 905, 910, 923]","[1, 13, 14, 29, 54, 55, 56, 57, 58, 60, 102, 118, 125, 127, 130, 134, 146, 149, 153, 175, 182, 187, 189, 191, 197, 225, 230, 238, 264, 265, 266, 286, 302, 317, 336, 354, 379, 388, 389, 425, 454, 458, 463, 475, 487, 498, 499, 512, 530, 531, 532, 533, 534, 536, 573, 589, 596, 598, 601, 605, 617, 620, 624, 646, 653, 658, 660, 662, 668, 689, 694, 702, 724, 725, 745, 760, 775, 793, 809, 829, 838, 839, 877, 901, 903, 905, 910, 923]","[512, 1, 13, 14, 530, 531, 532, 533, 534, 536, 29, 54, 55, 56, 57, 58, 60, 573, 576, 585, 589, 596, 598, 601, 605, 609, 612, 102, 105, 617, 620, 623, 624, 114, 626, 627, 629, 118, 631, 636, 637, 125, 127, 130, 134, 647, 646, 138, 141, 653, 146, 658, 660, 149, 662, 663, 152, 153, 154, 667, 155, 157, 665, 159, 666, 671, 674, 668, 164, 165, 678, 679, 680, 681, 175, 176, 689, 690, 692, 182, 694, 187, 189, 702, 191, 192, 705, 194, 195, 196, 706, 707, 709, 200, 711, 712, 713, 204, 197, 719, 208, 209, 210, 211, 721, 724, 725, 215, 729, 730, 225, 226, 228, 741, 230, 745, 746, 748, 750, 238, 241, 242, 243, 753, 245, 755, 757, 248, 249, 250, 760, 764, 766, 767, 257, 769, 772, 261, 775, 264, 265, 266, 270, 271, 785, 791, 793, 282, 286, 287, 289, 291, 294, 296, 809, 298, 302, 306, 308, 309, 311, 314, 317, 829, 838, 327, 839, 333, 335, 336, 337, 852, 354, 877, 379, 388, 389, 901, 903, 905, 910, 403, 923, 425, 454, 458, 463, 475, 487, 498, 499]",False,[],[],"[403, 852]",[],"[105, 114, 138, 141, 152, 153, 154, 155, 157, 159, 164, 165, 176, 182, 191, 192, 194, 195, 196, 200, 204, 208, 209, 210, 211, 215, 226, 228, 241, 242, 243, 245, 248, 249, 250, 257, 261, 270, 271, 282, 287, 289, 291, 294, 296, 298, 306, 308, 309, 311, 314, 327, 333, 335, 337, 576, 585, 609, 612, 623, 624, 626, 627, 629, 631, 636, 637, 647, 653, 662, 663, 665, 666, 667, 671, 674, 678, 679, 680, 681, 690, 692, 705, 706, 707, 709, 711, 712, 713, 719, 721, 729, 730, 741, 746, 748, 750, 753, 755, 757, 764, 766, 767, 769, 772, 785, 791]","[1, 13, 14, 29, 54, 55, 56, 57, 58, 60, 102, 118, 125, 127, 130, 134, 146, 149, 153, 175, 182, 187, 189, 191, 197, 225, 230, 238, 264, 265, 266, 286, 302, 317, 336, 354, 379, 388, 389, 425, 454, 458, 463, 475, 487, 498, 499, 512, 530, 531, 532, 533, 534, 536, 573, 589, 596, 598, 601, 605, 617, 620, 624, 646, 653, 658, 660, 662, 668, 689, 694, 702, 724, 725, 745, 760, 775, 793, 809, 829, 838, 839, 877, 901, 903, 905, 910, 923]","[1, 13, 14, 29, 54, 55, 56, 57, 58, 60, 102, 118, 125, 127, 130, 134, 146, 149, 153, 175, 182, 187, 189, 191, 197, 225, 230, 238, 264, 265, 266, 286, 302, 317, 336, 379, 388, 389, 425, 454, 458, 463, 475, 487, 498, 499, 512, 530, 531, 532, 533, 534, 536, 573, 589, 596, 598, 601, 605, 617, 620, 624, 646, 653, 658, 660, 662, 668, 689, 694, 702, 724, 725, 745, 760, 775, 793, 829, 838, 839, 877, 901, 903, 905, 910, 923]",0/6 successful match,False,,False,838,False,,1.0,True,Halsey Shell,Shell
"Roseburg , 97470 Diamond Lake 76",541-672-6212 1847 OR 138 E ( Exit Garden Valley ),<U+2610>,Roseburg,97470,Diamond Lake 76,541-672-6212,2006,Roseburg,OR,,( Exit Garden Valley ),1847 OR 138 E,Proper,,False,,False,1847 OR,,,,,[],[],[],[],[],[],[],"[29, 84, 87, 89, 114, 115, 117, 124, 132, 135, 144, 152, 178, 239, 268, 281, 297, 318, 320, 327, 348, 394, 512, 555, 558, 560, 585, 586, 588, 595, 603, 606, 615, 623, 649, 703, 727, 740, 756, 776, 778, 785, 803, 844]","[512, 132, 135, 776, 649, 394, 778, 268, 144, 785, 152, 281, 29, 803, 297, 555, 558, 560, 178, 318, 703, 320, 327, 585, 586, 588, 844, 595, 84, 87, 727, 89, 603, 348, 606, 740, 615, 239, 623, 114, 115, 756, 117, 124]",False,[],[],[],[],[],"[29, 84, 87, 89, 114, 115, 117, 124, 132, 135, 144, 152, 178, 239, 268, 281, 297, 318, 320, 327, 348, 394, 512, 555, 558, 560, 585, 586, 588, 595, 603, 606, 615, 623, 649, 703, 727, 740, 756, 776, 778, 785, 803, 844]",[],0/6 successful match,False,,False,839,False,,,,,
"Roseburg , 97470 A & W On Diamond Lake 76",541-672-6212 1859 OR 138 E,,Roseburg,97470,A & W On Diamond Lake 76,541-672-6212,2007,Roseburg,OR,,,1859 OR 138 E,Proper,,False,,False,1859 OR,,,,,[],[],[],[],[],[],[],"[29, 84, 87, 89, 114, 115, 117, 124, 132, 135, 144, 152, 178, 239, 268, 281, 297, 318, 320, 327, 348, 394, 512, 555, 558, 560, 585, 586, 588, 595, 603, 606, 615, 623, 649, 703, 727, 740, 756, 776, 778, 785, 803, 844]","[512, 132, 135, 776, 649, 394, 778, 268, 144, 785, 152, 281, 29, 803, 297, 555, 558, 560, 178, 318, 703, 320, 327, 585, 586, 588, 844, 595, 84, 87, 727, 89, 603, 348, 606, 740, 615, 239, 623, 114, 115, 756, 117, 124]",False,[],[],[],[],[],"[29, 84, 87, 89, 114, 115, 117, 124, 132, 135, 144, 152, 178, 239, 268, 281, 297, 318, 320, 327, 348, 394, 512, 555, 558, 560, 585, 586, 588, 595, 603, 606, 615, 623, 649, 703, 727, 740, 756, 776, 778, 785, 803, 844]",[],0/6 successful match,False,,False,839,False,,1.0,True,Diamond Lake 76,
"E Roseburg , 97470 A & W On Diamond Lake 76",541-672-6212 1859 OR 138 E,,Roseburg,97470,A & W On Diamond Lake 76,541-672-6212,2008,Roseburg,OR,,,1859 OR 138 E,Proper,,False,,False,1859 OR,,,,,[],[],[],[],[],[],[],"[29, 84, 87, 89, 114, 115, 117, 124, 132, 135, 144, 152, 178, 239, 268, 281, 297, 318, 320, 327, 348, 394, 512, 555, 558, 560, 585, 586, 588, 595, 603, 606, 615, 623, 649, 703, 727, 740, 756, 776, 778, 785, 803, 844]","[512, 132, 135, 776, 649, 394, 778, 268, 144, 785, 152, 281, 29, 803, 297, 555, 558, 560, 178, 318, 703, 320, 327, 585, 586, 588, 844, 595, 84, 87, 727, 89, 603, 348, 606, 740, 615, 239, 623, 114, 115, 756, 117, 124]",False,[],[],[],[],[],"[29, 84, 87, 89, 114, 115, 117, 124, 132, 135, 144, 152, 178, 239, 268, 281, 297, 318, 320, 327, 348, 394, 512, 555, 558, 560, 585, 586, 588, 595, 603, 606, 615, 623, 649, 703, 727, 740, 756, 776, 778, 785, 803, 844]",[],0/6 successful match,False,,False,839,False,,1.0,True,A & W On Diamond Lake 76,
"Phoenix , 97504 Petro Stopping Center # 24",541-535-3372 I-5 Exit 24,24 SOO <U+2610>,Phoenix,97504,Petro Stopping Center # 24,541-535-3372,2006,Medford,OR,,,I-5 Exit 24,Exit,24,False,,False,I-5,,,,,[],[],"[6, 7, 13, 14, 22, 56, 83, 492, 493, 498, 499, 506, 533, 554]","[175, 467, 646, 914]",[],"[105, 114, 138, 141, 152, 153, 154, 155, 157, 159, 164, 165, 176, 182, 191, 192, 194, 195, 196, 200, 204, 208, 209, 210, 211, 215, 226, 228, 241, 242, 243, 245, 248, 249, 250, 257, 261, 270, 271, 282, 287, 289, 291, 294, 296, 298, 306, 308, 309, 311, 314, 327, 333, 335, 337, 576, 585, 609, 612, 623, 624, 626, 627, 629, 631, 636, 637, 647, 653, 662, 663, 665, 666, 667, 671, 674, 678, 679, 680, 681, 690, 692, 705, 706, 707, 709, 711, 712, 713, 719, 721, 729, 730, 741, 746, 748, 750, 753, 755, 757, 764, 766, 767, 769, 772, 785, 791]",[],"[63, 64, 103, 240, 241, 242, 243, 370, 371, 372, 537, 538, 574, 704, 705, 706, 707, 820, 821, 822]","[6, 7, 13, 14, 533, 22, 537, 538, 554, 56, 574, 63, 576, 64, 585, 83, 609, 612, 103, 105, 623, 624, 114, 626, 627, 629, 631, 636, 637, 646, 647, 138, 141, 653, 662, 663, 152, 153, 154, 155, 665, 157, 666, 159, 667, 671, 674, 164, 165, 678, 679, 680, 681, 175, 176, 690, 692, 182, 191, 192, 705, 194, 195, 196, 706, 707, 709, 200, 711, 712, 713, 204, 719, 208, 209, 210, 211, 721, 215, 729, 730, 226, 228, 741, 746, 748, 750, 240, 241, 242, 243, 753, 245, 755, 757, 248, 249, 250, 764, 766, 767, 257, 769, 772, 261, 270, 271, 785, 791, 282, 287, 289, 291, 294, 296, 298, 306, 308, 309, 820, 311, 821, 822, 314, 327, 333, 335, 337, 370, 371, 372, 914, 467, 704, 492, 493, 498, 499, 506]",False,[],[],"[6, 7, 13, 14, 22, 56, 83, 492, 493, 498, 499, 506, 533, 554]","[175, 467, 646, 914]","[105, 114, 138, 141, 152, 153, 154, 155, 157, 159, 164, 165, 176, 182, 191, 192, 194, 195, 196, 200, 204, 208, 209, 210, 211, 215, 226, 228, 241, 242, 243, 245, 248, 249, 250, 257, 261, 270, 271, 282, 287, 289, 291, 294, 296, 298, 306, 308, 309, 311, 314, 327, 333, 335, 337, 576, 585, 609, 612, 623, 624, 626, 627, 629, 631, 636, 637, 647, 653, 662, 663, 665, 666, 667, 671, 674, 678, 679, 680, 681, 690, 692, 705, 706, 707, 709, 711, 712, 713, 719, 721, 729, 730, 741, 746, 748, 750, 753, 755, 757, 764, 766, 767, 769, 772, 785, 791]","[63, 64, 103, 240, 241, 242, 243, 370, 371, 372, 537, 538, 574, 704, 705, 706, 707, 820, 821, 822]",[],0/6 successful match,False,,False,840,False,,,,,
"Phoenix , 97535 Petro Stopping Center # 24",541-535-3372 I-5 Exit 24,,Phoenix,97535,Petro Stopping Center # 24,541-535-3372,2007,Phoenix,OR,,,I-5 Exit 24,Exit,24,False,,False,I-5,,,,,[],[],"[6, 7, 13, 14, 22, 56, 83, 492, 493, 498, 499, 506, 533, 554]","[175, 467, 646, 914]",[],"[105, 114, 138, 141, 152, 153, 154, 155, 157, 159, 164, 165, 176, 182, 191, 192, 194, 195, 196, 200, 204, 208, 209, 210, 211, 215, 226, 228, 241, 242, 243, 245, 248, 249, 250, 257, 261, 270, 271, 282, 287, 289, 291, 294, 296, 298, 306, 308, 309, 311, 314, 327, 333, 335, 337, 576, 585, 609, 612, 623, 624, 626, 627, 629, 631, 636, 637, 647, 653, 662, 663, 665, 666, 667, 671, 674, 678, 679, 680, 681, 690, 692, 705, 706, 707, 709, 711, 712, 713, 719, 721, 729, 730, 741, 746, 748, 750, 753, 755, 757, 764, 766, 767, 769, 772, 785, 791]",[],"[63, 64, 103, 240, 241, 242, 243, 370, 371, 372, 537, 538, 574, 704, 705, 706, 707, 820, 821, 822]","[6, 7, 13, 14, 533, 22, 537, 538, 554, 56, 574, 63, 576, 64, 585, 83, 609, 612, 103, 105, 623, 624, 114, 626, 627, 629, 631, 636, 637, 646, 647, 138, 141, 653, 662, 663, 152, 153, 154, 155, 665, 157, 666, 159, 667, 671, 674, 164, 165, 678, 679, 680, 681, 175, 176, 690, 692, 182, 191, 192, 705, 194, 195, 196, 706, 707, 709, 200, 711, 712, 713, 204, 719, 208, 209, 210, 211, 721, 215, 729, 730, 226, 228, 741, 746, 748, 750, 240, 241, 242, 243, 753, 245, 755, 757, 248, 249, 250, 764, 766, 767, 257, 769, 772, 261, 270, 271, 785, 791, 282, 287, 289, 291, 294, 296, 298, 306, 308, 309, 820, 311, 821, 822, 314, 327, 333, 335, 337, 370, 371, 372, 914, 467, 704, 492, 493, 498, 499, 506]",False,[],[],"[6, 7, 13, 14, 22, 56, 83, 492, 493, 498, 499, 506, 533, 554]","[175, 467, 646, 914]","[105, 114, 138, 141, 152, 153, 154, 155, 157, 159, 164, 165, 176, 182, 191, 192, 194, 195, 196, 200, 204, 208, 209, 210, 211, 215, 226, 228, 241, 242, 243, 245, 248, 249, 250, 257, 261, 270, 271, 282, 287, 289, 291, 294, 296, 298, 306, 308, 309, 311, 314, 327, 333, 335, 337, 576, 585, 609, 612, 623, 624, 626, 627, 629, 631, 636, 637, 647, 653, 662, 663, 665, 666, 667, 671, 674, 678, 679, 680, 681, 690, 692, 705, 706, 707, 709, 711, 712, 713, 719, 721, 729, 730, 741, 746, 748, 750, 753, 755, 757, 764, 766, 767, 769, 772, 785, 791]","[63, 64, 103, 240, 241, 242, 243, 370, 371, 372, 537, 538, 574, 704, 705, 706, 707, 820, 821, 822]",[],0/6 successful match,False,,False,840,False,,1.0,True,Petro Stopping Center # 24,
"Phoenix , 97535 Petro Stopping Center # 24",541-535-3372 I-5 Exit 24 PETRO,24 L 24,Phoenix,97535,Petro Stopping Center # 24,541-535-3372,2008,Phoenix,OR,,,I-5 Exit 24 PETRO,Exit,24,False,,False,I-5,,,,,[],[],"[6, 7, 13, 14, 22, 56, 83, 492, 493, 498, 499, 506, 533, 554]","[175, 467, 646, 914]",[],"[105, 114, 138, 141, 152, 153, 154, 155, 157, 159, 164, 165, 176, 182, 191, 192, 194, 195, 196, 200, 204, 208, 209, 210, 211, 215, 226, 228, 241, 242, 243, 245, 248, 249, 250, 257, 261, 270, 271, 282, 287, 289, 291, 294, 296, 298, 306, 308, 309, 311, 314, 327, 333, 335, 337, 576, 585, 609, 612, 623, 624, 626, 627, 629, 631, 636, 637, 647, 653, 662, 663, 665, 666, 667, 671, 674, 678, 679, 680, 681, 690, 692, 705, 706, 707, 709, 711, 712, 713, 719, 721, 729, 730, 741, 746, 748, 750, 753, 755, 757, 764, 766, 767, 769, 772, 785, 791]",[],"[63, 64, 103, 240, 241, 242, 243, 370, 371, 372, 537, 538, 574, 704, 705, 706, 707, 820, 821, 822]","[6, 7, 13, 14, 533, 22, 537, 538, 554, 56, 574, 63, 576, 64, 585, 83, 609, 612, 103, 105, 623, 624, 114, 626, 627, 629, 631, 636, 637, 646, 647, 138, 141, 653, 662, 663, 152, 153, 154, 155, 665, 157, 666, 159, 667, 671, 674, 164, 165, 678, 679, 680, 681, 175, 176, 690, 692, 182, 191, 192, 705, 194, 195, 196, 706, 707, 709, 200, 711, 712, 713, 204, 719, 208, 209, 210, 211, 721, 215, 729, 730, 226, 228, 741, 746, 748, 750, 240, 241, 242, 243, 753, 245, 755, 757, 248, 249, 250, 764, 766, 767, 257, 769, 772, 261, 270, 271, 785, 791, 282, 287, 289, 291, 294, 296, 298, 306, 308, 309, 820, 311, 821, 822, 314, 327, 333, 335, 337, 370, 371, 372, 914, 467, 704, 492, 493, 498, 499, 506]",False,[],[],"[6, 7, 13, 14, 22, 56, 83, 492, 493, 498, 499, 506, 533, 554]","[175, 467, 646, 914]","[105, 114, 138, 141, 152, 153, 154, 155, 157, 159, 164, 165, 176, 182, 191, 192, 194, 195, 196, 200, 204, 208, 209, 210, 211, 215, 226, 228, 241, 242, 243, 245, 248, 249, 250, 257, 261, 270, 271, 282, 287, 289, 291, 294, 296, 298, 306, 308, 309, 311, 314, 327, 333, 335, 337, 576, 585, 609, 612, 623, 624, 626, 627, 629, 631, 636, 637, 647, 653, 662, 663, 665, 666, 667, 671, 674, 678, 679, 680, 681, 690, 692, 705, 706, 707, 709, 711, 712, 713, 719, 721, 729, 730, 741, 746, 748, 750, 753, 755, 757, 764, 766, 767, 769, 772, 785, 791]","[63, 64, 103, 240, 241, 242, 243, 370, 371, 372, 537, 538, 574, 704, 705, 706, 707, 820, 821, 822]",[],0/6 successful match,False,,False,840,False,,1.0,True,Petro Stopping Center # 24,
G Phoenix ( 97535 ) Petro Phoenix # 324 ( Shell ),2 541-535-3372 I-5 Exit 24,PETRO 24 24 225 O,Phoenix,97535,Petro Phoenix # 324 ( Shell ),541-535-3372,2014,Phoenix,OR,Shell,,I-5 Exit 24,Exit,24,False,,False,I-5,,,,,[],[],"[6, 7, 13, 14, 22, 56, 83, 492, 493, 498, 499, 506, 533, 554]","[175, 467, 646, 914]",[],"[105, 114, 138, 141, 152, 153, 154, 155, 157, 159, 164, 165, 176, 182, 191, 192, 194, 195, 196, 200, 204, 208, 209, 210, 211, 215, 226, 228, 241, 242, 243, 245, 248, 249, 250, 257, 261, 270, 271, 282, 287, 289, 291, 294, 296, 298, 306, 308, 309, 311, 314, 327, 333, 335, 337, 576, 585, 609, 612, 623, 624, 626, 627, 629, 631, 636, 637, 647, 653, 662, 663, 665, 666, 667, 671, 674, 678, 679, 680, 681, 690, 692, 705, 706, 707, 709, 711, 712, 713, 719, 721, 729, 730, 741, 746, 748, 750, 753, 755, 757, 764, 766, 767, 769, 772, 785, 791]","[1, 13, 14, 29, 54, 55, 56, 57, 58, 60, 102, 118, 125, 127, 130, 134, 146, 149, 153, 175, 182, 187, 189, 191, 197, 225, 230, 238, 264, 265, 266, 286, 302, 317, 336, 379, 388, 389, 425, 454, 458, 463, 475, 487, 498, 499, 512, 530, 531, 532, 533, 534, 536, 573, 589, 596, 598, 601, 605, 617, 620, 624, 646, 653, 658, 660, 662, 668, 689, 694, 702, 724, 725, 745, 760, 775, 793, 829, 838, 839, 877, 901, 903, 905, 910, 923]","[1, 13, 14, 29, 54, 55, 56, 57, 58, 60, 63, 64, 102, 118, 125, 127, 130, 134, 146, 149, 153, 175, 182, 187, 189, 191, 197, 225, 230, 238, 240, 241, 242, 243, 264, 265, 266, 286, 302, 317, 336, 354, 370, 371, 372, 379, 388, 389, 425, 454, 458, 463, 475, 487, 498, 499, 512, 530, 531, 532, 533, 534, 536, 537, 538, 573, 589, 596, 598, 601, 605, 617, 620, 624, 646, 653, 658, 660, 662, 668, 689, 694, 702, 704, 705, 706, 707, 724, 725, 745, 760, 775, 793, 809, 820, 821, 822, 829, 838, 839, 877, 901, 903, 905, 910, 923]","[512, 1, 6, 7, 13, 14, 530, 531, 532, 533, 22, 534, 536, 537, 538, 29, 554, 54, 55, 56, 57, 58, 60, 573, 63, 576, 64, 585, 589, 83, 596, 598, 601, 605, 609, 612, 102, 105, 617, 620, 623, 624, 114, 626, 627, 629, 118, 631, 636, 637, 125, 127, 130, 646, 647, 134, 138, 141, 653, 146, 658, 660, 149, 662, 663, 152, 153, 154, 155, 665, 157, 666, 159, 667, 671, 674, 668, 164, 165, 678, 679, 680, 681, 175, 176, 689, 690, 692, 182, 694, 187, 189, 702, 191, 192, 705, 194, 195, 196, 706, 707, 709, 200, 711, 712, 713, 204, 197, 719, 208, 209, 210, 211, 721, 724, 725, 215, 729, 730, 225, 226, 228, 741, 230, 745, 746, 748, 750, 238, 240, 241, 242, 243, 753, 245, 755, 757, 248, 249, 250, 760, 764, 766, 767, 257, 769, 772, 261, 775, 264, 265, 266, 270, 271, 785, 791, 793, 282, 286, 287, 289, 291, 294, 296, 809, 298, 302, 306, 308, 309, 820, 311, 821, 822, 314, 317, 829, 838, 327, 839, 333, 335, 336, 337, 354, 877, 370, 371, 372, 379, 388, 389, 901, 903, 905, 910, 914, 923, 425, 454, 458, 463, 467, 704, 475, 487, 492, 493, 498, 499, 506]",False,[],[],"[6, 7, 13, 14, 22, 56, 83, 492, 493, 498, 499, 506, 533, 554]","[175, 467, 646, 914]","[105, 114, 138, 141, 152, 153, 154, 155, 157, 159, 164, 165, 176, 182, 191, 192, 194, 195, 196, 200, 204, 208, 209, 210, 211, 215, 226, 228, 241, 242, 243, 245, 248, 249, 250, 257, 261, 270, 271, 282, 287, 289, 291, 294, 296, 298, 306, 308, 309, 311, 314, 327, 333, 335, 337, 576, 585, 609, 612, 623, 624, 626, 627, 629, 631, 636, 637, 647, 653, 662, 663, 665, 666, 667, 671, 674, 678, 679, 680, 681, 690, 692, 705, 706, 707, 709, 711, 712, 713, 719, 721, 729, 730, 741, 746, 748, 750, 753, 755, 757, 764, 766, 767, 769, 772, 785, 791]","[1, 13, 14, 29, 54, 55, 56, 57, 58, 60, 63, 64, 102, 118, 125, 127, 130, 134, 146, 149, 153, 175, 182, 187, 189, 191, 197, 225, 230, 238, 240, 241, 242, 243, 264, 265, 266, 286, 302, 317, 336, 354, 370, 371, 372, 379, 388, 389, 425, 454, 458, 463, 475, 487, 498, 499, 512, 530, 531, 532, 533, 534, 536, 537, 538, 573, 589, 596, 598, 601, 605, 617, 620, 624, 646, 653, 658, 660, 662, 668, 689, 694, 702, 704, 705, 706, 707, 724, 725, 745, 760, 775, 793, 809, 820, 821, 822, 829, 838, 839, 877, 901, 903, 905, 910, 923]","[1, 13, 14, 29, 54, 55, 56, 57, 58, 60, 102, 118, 125, 127, 130, 134, 146, 149, 153, 175, 182, 187, 189, 191, 197, 225, 230, 238, 264, 265, 266, 286, 302, 317, 336, 379, 388, 389, 425, 454, 458, 463, 475, 487, 498, 499, 512, 530, 531, 532, 533, 534, 536, 573, 589, 596, 598, 601, 605, 617, 620, 624, 646, 653, 658, 660, 662, 668, 689, 694, 702, 724, 725, 745, 760, 775, 793, 829, 838, 839, 877, 901, 903, 905, 910, 923]",0/6 successful match,False,,False,840,False,,0.4193939393939394,True,Petro Stopping Center # 24,
G Phoenix ( 97535 ) Petro Phoenix # 324 ( Shell ),541-535-3372 I-5 Exit 24 PETRO,24 24 HRAS,Phoenix,97535,Petro Phoenix # 324 ( Shell ),541-535-3372,2015,Phoenix,OR,Shell,,I-5 Exit 24 PETRO,Exit,24,False,,False,I-5,,,,,[],[],"[6, 7, 13, 14, 22, 56, 83, 492, 493, 498, 499, 506, 533, 554]","[175, 467, 646, 914]",[],"[105, 114, 138, 141, 152, 153, 154, 155, 157, 159, 164, 165, 176, 182, 191, 192, 194, 195, 196, 200, 204, 208, 209, 210, 211, 215, 226, 228, 241, 242, 243, 245, 248, 249, 250, 257, 261, 270, 271, 282, 287, 289, 291, 294, 296, 298, 306, 308, 309, 311, 314, 327, 333, 335, 337, 576, 585, 609, 612, 623, 624, 626, 627, 629, 631, 636, 637, 647, 653, 662, 663, 665, 666, 667, 671, 674, 678, 679, 680, 681, 690, 692, 705, 706, 707, 709, 711, 712, 713, 719, 721, 729, 730, 741, 746, 748, 750, 753, 755, 757, 764, 766, 767, 769, 772, 785, 791]","[1, 13, 14, 29, 54, 55, 56, 57, 58, 60, 102, 118, 125, 127, 130, 134, 146, 149, 153, 175, 182, 187, 189, 191, 197, 225, 230, 238, 264, 265, 266, 286, 302, 317, 336, 379, 388, 389, 425, 454, 458, 463, 475, 487, 498, 499, 512, 530, 531, 532, 533, 534, 536, 573, 589, 596, 598, 601, 605, 617, 620, 624, 646, 653, 658, 660, 662, 668, 689, 694, 702, 724, 725, 745, 760, 775, 793, 829, 838, 839, 877, 901, 903, 905, 910, 923]","[1, 13, 14, 29, 54, 55, 56, 57, 58, 60, 63, 64, 102, 118, 125, 127, 130, 134, 146, 149, 153, 175, 182, 187, 189, 191, 197, 225, 230, 238, 240, 241, 242, 243, 264, 265, 266, 286, 302, 317, 336, 354, 370, 371, 372, 379, 388, 389, 425, 454, 458, 463, 475, 487, 498, 499, 512, 530, 531, 532, 533, 534, 536, 537, 538, 573, 589, 596, 598, 601, 605, 617, 620, 624, 646, 653, 658, 660, 662, 668, 689, 694, 702, 704, 705, 706, 707, 724, 725, 745, 760, 775, 793, 809, 820, 821, 822, 829, 838, 839, 877, 901, 903, 905, 910, 923]","[512, 1, 6, 7, 13, 14, 530, 531, 532, 533, 22, 534, 536, 537, 538, 29, 554, 54, 55, 56, 57, 58, 60, 573, 63, 576, 64, 585, 589, 83, 596, 598, 601, 605, 609, 612, 102, 105, 617, 620, 623, 624, 114, 626, 627, 629, 118, 631, 636, 637, 125, 127, 130, 646, 647, 134, 138, 141, 653, 146, 658, 660, 149, 662, 663, 152, 153, 154, 155, 665, 157, 666, 159, 667, 671, 674, 668, 164, 165, 678, 679, 680, 681, 175, 176, 689, 690, 692, 182, 694, 187, 189, 702, 191, 192, 705, 194, 195, 196, 706, 707, 709, 200, 711, 712, 713, 204, 197, 719, 208, 209, 210, 211, 721, 724, 725, 215, 729, 730, 225, 226, 228, 741, 230, 745, 746, 748, 750, 238, 240, 241, 242, 243, 753, 245, 755, 757, 248, 249, 250, 760, 764, 766, 767, 257, 769, 772, 261, 775, 264, 265, 266, 270, 271, 785, 791, 793, 282, 286, 287, 289, 291, 294, 296, 809, 298, 302, 306, 308, 309, 820, 311, 821, 822, 314, 317, 829, 838, 327, 839, 333, 335, 336, 337, 354, 877, 370, 371, 372, 379, 388, 389, 901, 903, 905, 910, 914, 923, 425, 454, 458, 463, 467, 704, 475, 487, 492, 493, 498, 499, 506]",False,[],[],"[6, 7, 13, 14, 22, 56, 83, 492, 493, 498, 499, 506, 533, 554]","[175, 467, 646, 914]","[105, 114, 138, 141, 152, 153, 154, 155, 157, 159, 164, 165, 176, 182, 191, 192, 194, 195, 196, 200, 204, 208, 209, 210, 211, 215, 226, 228, 241, 242, 243, 245, 248, 249, 250, 257, 261, 270, 271, 282, 287, 289, 291, 294, 296, 298, 306, 308, 309, 311, 314, 327, 333, 335, 337, 576, 585, 609, 612, 623, 624, 626, 627, 629, 631, 636, 637, 647, 653, 662, 663, 665, 666, 667, 671, 674, 678, 679, 680, 681, 690, 692, 705, 706, 707, 709, 711, 712, 713, 719, 721, 729, 730, 741, 746, 748, 750, 753, 755, 757, 764, 766, 767, 769, 772, 785, 791]","[1, 13, 14, 29, 54, 55, 56, 57, 58, 60, 63, 64, 102, 118, 125, 127, 130, 134, 146, 149, 153, 175, 182, 187, 189, 191, 197, 225, 230, 238, 240, 241, 242, 243, 264, 265, 266, 286, 302, 317, 336, 354, 370, 371, 372, 379, 388, 389, 425, 454, 458, 463, 475, 487, 498, 499, 512, 530, 531, 532, 533, 534, 536, 537, 538, 573, 589, 596, 598, 601, 605, 617, 620, 624, 646, 653, 658, 660, 662, 668, 689, 694, 702, 704, 705, 706, 707, 724, 725, 745, 760, 775, 793, 809, 820, 821, 822, 829, 838, 839, 877, 901, 903, 905, 910, 923]","[1, 13, 14, 29, 54, 55, 56, 57, 58, 60, 102, 118, 125, 127, 130, 134, 146, 149, 153, 175, 182, 187, 189, 191, 197, 225, 230, 238, 264, 265, 266, 286, 302, 317, 336, 379, 388, 389, 425, 454, 458, 463, 475, 487, 498, 499, 512, 530, 531, 532, 533, 534, 536, 573, 589, 596, 598, 601, 605, 617, 620, 624, 646, 653, 658, 660, 662, 668, 689, 694, 702, 724, 725, 745, 760, 775, 793, 829, 838, 839, 877, 901, 903, 905, 910, 923]",0/6 successful match,False,,False,840,False,,1.0,True,Petro Phoenix # 324 ( Shell ),Shell
Phoenix ( 97535 ) Petro Phoenix # 324 ( Shell ) PETRO,541-535-3372 I-5 Exit 24,PETRO 24 24,Phoenix,97535,Petro Phoenix # 324 ( Shell ) PETRO,541-535-3372,2016,Phoenix,OR,Shell,,I-5 Exit 24,Exit,24,False,,False,I-5,,,,,[],[],"[6, 7, 13, 14, 22, 56, 83, 492, 493, 498, 499, 506, 533, 554]","[175, 467, 646, 914]",[],"[105, 114, 138, 141, 152, 153, 154, 155, 157, 159, 164, 165, 176, 182, 191, 192, 194, 195, 196, 200, 204, 208, 209, 210, 211, 215, 226, 228, 241, 242, 243, 245, 248, 249, 250, 257, 261, 270, 271, 282, 287, 289, 291, 294, 296, 298, 306, 308, 309, 311, 314, 327, 333, 335, 337, 576, 585, 609, 612, 623, 624, 626, 627, 629, 631, 636, 637, 647, 653, 662, 663, 665, 666, 667, 671, 674, 678, 679, 680, 681, 690, 692, 705, 706, 707, 709, 711, 712, 713, 719, 721, 729, 730, 741, 746, 748, 750, 753, 755, 757, 764, 766, 767, 769, 772, 785, 791]","[1, 13, 14, 29, 54, 55, 56, 57, 58, 60, 102, 118, 125, 127, 130, 134, 146, 149, 153, 175, 182, 187, 189, 191, 197, 225, 230, 238, 264, 265, 266, 286, 302, 317, 336, 379, 388, 389, 425, 454, 458, 463, 475, 487, 498, 499, 512, 530, 531, 532, 533, 534, 536, 573, 589, 596, 598, 601, 605, 617, 620, 624, 646, 653, 658, 660, 662, 668, 689, 694, 702, 724, 725, 745, 760, 775, 793, 829, 838, 839, 877, 901, 903, 905, 910, 923]","[1, 13, 14, 29, 54, 55, 56, 57, 58, 60, 63, 64, 102, 118, 125, 127, 130, 134, 146, 149, 153, 175, 182, 187, 189, 191, 197, 225, 230, 238, 240, 241, 242, 243, 264, 265, 266, 286, 302, 317, 336, 354, 370, 371, 372, 379, 388, 389, 425, 454, 458, 463, 475, 487, 498, 499, 512, 530, 531, 532, 533, 534, 536, 537, 538, 573, 589, 596, 598, 601, 605, 617, 620, 624, 646, 653, 658, 660, 662, 668, 689, 694, 702, 704, 705, 706, 707, 724, 725, 745, 760, 775, 793, 809, 820, 821, 822, 829, 838, 839, 877, 901, 903, 905, 910, 923]","[512, 1, 6, 7, 13, 14, 530, 531, 532, 533, 22, 534, 536, 537, 538, 29, 554, 54, 55, 56, 57, 58, 60, 573, 63, 576, 64, 585, 589, 83, 596, 598, 601, 605, 609, 612, 102, 105, 617, 620, 623, 624, 114, 626, 627, 629, 118, 631, 636, 637, 125, 127, 130, 646, 647, 134, 138, 141, 653, 146, 658, 660, 149, 662, 663, 152, 153, 154, 155, 665, 157, 666, 159, 667, 671, 674, 668, 164, 165, 678, 679, 680, 681, 175, 176, 689, 690, 692, 182, 694, 187, 189, 702, 191, 192, 705, 194, 195, 196, 706, 707, 709, 200, 711, 712, 713, 204, 197, 719, 208, 209, 210, 211, 721, 724, 725, 215, 729, 730, 225, 226, 228, 741, 230, 745, 746, 748, 750, 238, 240, 241, 242, 243, 753, 245, 755, 757, 248, 249, 250, 760, 764, 766, 767, 257, 769, 772, 261, 775, 264, 265, 266, 270, 271, 785, 791, 793, 282, 286, 287, 289, 291, 294, 296, 809, 298, 302, 306, 308, 309, 820, 311, 821, 822, 314, 317, 829, 838, 327, 839, 333, 335, 336, 337, 354, 877, 370, 371, 372, 379, 388, 389, 901, 903, 905, 910, 914, 923, 425, 454, 458, 463, 467, 704, 475, 487, 492, 493, 498, 499, 506]",False,[],[],"[6, 7, 13, 14, 22, 56, 83, 492, 493, 498, 499, 506, 533, 554]","[175, 467, 646, 914]","[105, 114, 138, 141, 152, 153, 154, 155, 157, 159, 164, 165, 176, 182, 191, 192, 194, 195, 196, 200, 204, 208, 209, 210, 211, 215, 226, 228, 241, 242, 243, 245, 248, 249, 250, 257, 261, 270, 271, 282, 287, 289, 291, 294, 296, 298, 306, 308, 309, 311, 314, 327, 333, 335, 337, 576, 585, 609, 612, 623, 624, 626, 627, 629, 631, 636, 637, 647, 653, 662, 663, 665, 666, 667, 671, 674, 678, 679, 680, 681, 690, 692, 705, 706, 707, 709, 711, 712, 713, 719, 721, 729, 730, 741, 746, 748, 750, 753, 755, 757, 764, 766, 767, 769, 772, 785, 791]","[1, 13, 14, 29, 54, 55, 56, 57, 58, 60, 63, 64, 102, 118, 125, 127, 130, 134, 146, 149, 153, 175, 182, 187, 189, 191, 197, 225, 230, 238, 240, 241, 242, 243, 264, 265, 266, 286, 302, 317, 336, 354, 370, 371, 372, 379, 388, 389, 425, 454, 458, 463, 475, 487, 498, 499, 512, 530, 531, 532, 533, 534, 536, 537, 538, 573, 589, 596, 598, 601, 605, 617, 620, 624, 646, 653, 658, 660, 662, 668, 689, 694, 702, 704, 705, 706, 707, 724, 725, 745, 760, 775, 793, 809, 820, 821, 822, 829, 838, 839, 877, 901, 903, 905, 910, 923]","[1, 13, 14, 29, 54, 55, 56, 57, 58, 60, 102, 118, 125, 127, 130, 134, 146, 149, 153, 175, 182, 187, 189, 191, 197, 225, 230, 238, 264, 265, 266, 286, 302, 317, 336, 379, 388, 389, 425, 454, 458, 463, 475, 487, 498, 499, 512, 530, 531, 532, 533, 534, 536, 573, 589, 596, 598, 601, 605, 617, 620, 624, 646, 653, 658, 660, 662, 668, 689, 694, 702, 724, 725, 745, 760, 775, 793, 829, 838, 839, 877, 901, 903, 905, 910, 923]",0/6 successful match,False,,False,840,False,,1.0,True,Petro Phoenix # 324 ( Shell ),Shell
"Klamath Falls , 97601 18 Wheeler Truck Stop ( Texaco )",541-882-0262 8600 US 97 ( 3 mi S of OR 66 ),,Klamath Falls,97601,18 Wheeler Truck Stop ( Texaco ),541-882-0262,2006,Klamath Falls,OR,Texaco,( 3 mi S of OR 66 ),8600 US 97,Proper,,False,,False,US 97,,,,,[],[],[],[],[],[],"[26, 390, 474, 486, 509, 840, 922, 926]","[26, 390, 474, 486, 509, 840, 922, 926]","[26, 390, 486, 840, 474, 509, 926, 922]",False,[],[],[],[],[],"[26, 390, 474, 486, 509, 840, 922, 926]","[26, 390, 474, 486, 509, 840, 922, 926]",0/6 successful match,False,,False,841,False,,,,,
"Klamath Falls , 97601 18 Wheeler Truck Stop",541-882-0262 8600 US 97 ( 3 mi S of OR 66 ),,Klamath Falls,97601,18 Wheeler Truck Stop,541-882-0262,2007,Klamath Falls,OR,,( 3 mi S of OR 66 ),8600 US 97,Proper,,False,,False,US 97,,,,,[],[],[],[],[],[],[],[],[],False,[],[],[],[],[],[],[],0/6 successful match,False,,False,841,False,,1.0,True,18 Wheeler Truck Stop ( Texaco ),Texaco
"Klamath Falls , 97601 18 Wheeler Truck Stop",3 541-882-0262 8600 US 97 ( 3 mi S of OR 66 ),24 M <U+2610>,Klamath Falls,97601,18 Wheeler Truck Stop,541-882-0262,2008,Klamath Falls,OR,,( 3 mi S of OR 66 ),8600 US 97,Proper,,False,,False,US 97,,,,,[],[],[],[],[],[],[],[],[],False,[],[],[],[],[],[],[],0/6 successful match,False,,False,841,False,,1.0,True,18 Wheeler Truck Stop,
"Klamath Falls , 97601 Mollie's Fuel Center",541-882-9591 3817 US 97 N,,Klamath Falls,97601,Mollie's Fuel Center,541-882-9591,2006,Klamath Falls,OR,,,3817 US 97 N,Proper,,False,,False,US 97,,,,,[],[],[],[],[],[],[],[],[],False,[],[],[],[],[],[],[],0/6 successful match,False,,False,842,False,,,,,
"Klamath Falls , 97601 Mollie's Fuel Center",541-882-9591 3817 US 97 N,,Klamath Falls,97601,Mollie's Fuel Center,541-882-9591,2007,Klamath Falls,OR,,,3817 US 97 N,Proper,,False,,False,US 97,,,,,[],[],[],[],[],[],[],[],[],False,[],[],[],[],[],[],[],0/6 successful match,False,,False,842,False,,1.0,True,Mollie's Fuel Center,
"Klamath Falls , 97601 Mollie's Fuel Center",541-882-9591 3817 US 97 N,24 L 240,Klamath Falls,97601,Mollie's Fuel Center,541-882-9591,2008,Klamath Falls,OR,,,3817 US 97 N,Proper,,False,,False,US 97,,,,,[],[],[],[],[],[],[],[],[],False,[],[],[],[],[],[],[],0/6 successful match,False,,False,842,False,,1.0,True,Mollie's Fuel Center,
Klamath Falls ( 97601 ) Pilot Travel Center # 504,3 541-884-0407 3817 US 97 N,Pilot 24 L,Klamath Falls,97601,Pilot Travel Center # 504,541-884-0407,2014,Klamath Falls,OR,Pilot,,3817 US 97 N,Proper,,False,,False,US 97,,,,,[],[],[],[],[],[],"[15, 16, 65, 66, 67, 68, 69, 70, 71, 72, 73, 74, 75, 76, 80, 151, 245, 246, 247, 248, 249, 250, 251, 252, 253, 254, 255, 256, 257, 258, 259, 280, 340, 373, 374, 375, 376, 377, 459, 460, 461, 462, 500, 501, 539, 540, 541, 542, 543, 544, 545, 546, 547, 548, 549, 550, 552, 622, 708, 709, 710, 711, 712, 713, 714, 715, 716, 717, 718, 719, 720, 739, 796, 823, 824, 825, 826, 827, 906, 907, 908, 909]","[15, 16, 65, 66, 67, 68, 69, 70, 71, 72, 73, 74, 75, 76, 77, 78, 80, 151, 244, 245, 246, 247, 248, 249, 250, 251, 252, 253, 254, 255, 256, 257, 258, 259, 260, 280, 340, 373, 374, 375, 376, 377, 459, 460, 461, 462, 500, 501, 539, 540, 541, 542, 543, 544, 545, 546, 547, 548, 549, 550, 552, 622, 708, 709, 710, 711, 712, 713, 714, 715, 716, 717, 718, 719, 720, 739, 796, 823, 824, 825, 826, 827, 906, 907, 908, 909]","[15, 16, 539, 540, 541, 542, 543, 544, 545, 546, 547, 548, 549, 550, 552, 65, 66, 67, 68, 69, 70, 71, 72, 73, 74, 75, 76, 77, 78, 80, 622, 151, 708, 709, 710, 711, 712, 713, 714, 715, 716, 717, 718, 719, 720, 739, 244, 245, 246, 247, 248, 249, 250, 251, 252, 253, 254, 255, 256, 257, 258, 259, 260, 280, 796, 823, 824, 825, 826, 827, 340, 373, 374, 375, 376, 377, 906, 907, 908, 909, 459, 460, 461, 462, 500, 501]",False,[],[],[],[],[],"[15, 16, 65, 66, 67, 68, 69, 70, 71, 72, 73, 74, 75, 76, 77, 78, 80, 151, 244, 245, 246, 247, 248, 249, 250, 251, 252, 253, 254, 255, 256, 257, 258, 259, 260, 280, 340, 373, 374, 375, 376, 377, 459, 460, 461, 462, 500, 501, 539, 540, 541, 542, 543, 544, 545, 546, 547, 548, 549, 550, 552, 622, 708, 709, 710, 711, 712, 713, 714, 715, 716, 717, 718, 719, 720, 739, 796, 823, 824, 825, 826, 827, 906, 907, 908, 909]","[15, 16, 65, 66, 67, 68, 69, 70, 71, 72, 73, 74, 75, 76, 80, 151, 245, 246, 247, 248, 249, 250, 251, 252, 253, 254, 255, 256, 257, 258, 259, 280, 340, 373, 374, 375, 376, 377, 459, 460, 461, 462, 500, 501, 539, 540, 541, 542, 543, 544, 545, 546, 547, 548, 549, 550, 552, 622, 708, 709, 710, 711, 712, 713, 714, 715, 716, 717, 718, 719, 720, 739, 796, 823, 824, 825, 826, 827, 906, 907, 908, 909]",0/6 successful match,False,,False,842,False,,0.44666666666666666,True,Mollie's Fuel Center,
G Klamath Falls ( 97601 ) Pilot Travel Center # 504,541-884-0407 3817 US 97 N,Pilot 24,Klamath Falls,97601,Pilot Travel Center # 504,541-884-0407,2015,Klamath Falls,OR,Pilot,,3817 US 97 N,Proper,,False,,False,US 97,,,,,[],[],[],[],[],[],"[15, 16, 65, 66, 67, 68, 69, 70, 71, 72, 73, 74, 75, 76, 80, 151, 245, 246, 247, 248, 249, 250, 251, 252, 253, 254, 255, 256, 257, 258, 259, 280, 340, 373, 374, 375, 376, 377, 459, 460, 461, 462, 500, 501, 539, 540, 541, 542, 543, 544, 545, 546, 547, 548, 549, 550, 552, 622, 708, 709, 710, 711, 712, 713, 714, 715, 716, 717, 718, 719, 720, 739, 796, 823, 824, 825, 826, 827, 906, 907, 908, 909]","[15, 16, 65, 66, 67, 68, 69, 70, 71, 72, 73, 74, 75, 76, 77, 78, 80, 151, 244, 245, 246, 247, 248, 249, 250, 251, 252, 253, 254, 255, 256, 257, 258, 259, 260, 280, 340, 373, 374, 375, 376, 377, 459, 460, 461, 462, 500, 501, 539, 540, 541, 542, 543, 544, 545, 546, 547, 548, 549, 550, 552, 622, 708, 709, 710, 711, 712, 713, 714, 715, 716, 717, 718, 719, 720, 739, 796, 823, 824, 825, 826, 827, 906, 907, 908, 909]","[15, 16, 539, 540, 541, 542, 543, 544, 545, 546, 547, 548, 549, 550, 552, 65, 66, 67, 68, 69, 70, 71, 72, 73, 74, 75, 76, 77, 78, 80, 622, 151, 708, 709, 710, 711, 712, 713, 714, 715, 716, 717, 718, 719, 720, 739, 244, 245, 246, 247, 248, 249, 250, 251, 252, 253, 254, 255, 256, 257, 258, 259, 260, 280, 796, 823, 824, 825, 826, 827, 340, 373, 374, 375, 376, 377, 906, 907, 908, 909, 459, 460, 461, 462, 500, 501]",False,[],[],[],[],[],"[15, 16, 65, 66, 67, 68, 69, 70, 71, 72, 73, 74, 75, 76, 77, 78, 80, 151, 244, 245, 246, 247, 248, 249, 250, 251, 252, 253, 254, 255, 256, 257, 258, 259, 260, 280, 340, 373, 374, 375, 376, 377, 459, 460, 461, 462, 500, 501, 539, 540, 541, 542, 543, 544, 545, 546, 547, 548, 549, 550, 552, 622, 708, 709, 710, 711, 712, 713, 714, 715, 716, 717, 718, 719, 720, 739, 796, 823, 824, 825, 826, 827, 906, 907, 908, 909]","[15, 16, 65, 66, 67, 68, 69, 70, 71, 72, 73, 74, 75, 76, 80, 151, 245, 246, 247, 248, 249, 250, 251, 252, 253, 254, 255, 256, 257, 258, 259, 280, 340, 373, 374, 375, 376, 377, 459, 460, 461, 462, 500, 501, 539, 540, 541, 542, 543, 544, 545, 546, 547, 548, 549, 550, 552, 622, 708, 709, 710, 711, 712, 713, 714, 715, 716, 717, 718, 719, 720, 739, 796, 823, 824, 825, 826, 827, 906, 907, 908, 909]",0/6 successful match,False,,False,842,False,,1.0,True,Pilot Travel Center # 504,Pilot
Klamath Falls ( 97601 ) Pilot Travel Center # 504,541-884-0407 3817 US 97 N,Pilot 24 MO,Klamath Falls,97601,Pilot Travel Center # 504,541-884-0407,2016,Klamath Falls,OR,Pilot,,3817 US 97 N,Proper,,False,,False,US 97,,,,,[],[],[],[],[],[],"[15, 16, 65, 66, 67, 68, 69, 70, 71, 72, 73, 74, 75, 76, 80, 151, 245, 246, 247, 248, 249, 250, 251, 252, 253, 254, 255, 256, 257, 258, 259, 280, 340, 373, 374, 375, 376, 377, 459, 460, 461, 462, 500, 501, 539, 540, 541, 542, 543, 544, 545, 546, 547, 548, 549, 550, 552, 622, 708, 709, 710, 711, 712, 713, 714, 715, 716, 717, 718, 719, 720, 739, 796, 823, 824, 825, 826, 827, 906, 907, 908, 909]","[15, 16, 65, 66, 67, 68, 69, 70, 71, 72, 73, 74, 75, 76, 77, 78, 80, 151, 244, 245, 246, 247, 248, 249, 250, 251, 252, 253, 254, 255, 256, 257, 258, 259, 260, 280, 340, 373, 374, 375, 376, 377, 459, 460, 461, 462, 500, 501, 539, 540, 541, 542, 543, 544, 545, 546, 547, 548, 549, 550, 552, 622, 708, 709, 710, 711, 712, 713, 714, 715, 716, 717, 718, 719, 720, 739, 796, 823, 824, 825, 826, 827, 906, 907, 908, 909]","[15, 16, 539, 540, 541, 542, 543, 544, 545, 546, 547, 548, 549, 550, 552, 65, 66, 67, 68, 69, 70, 71, 72, 73, 74, 75, 76, 77, 78, 80, 622, 151, 708, 709, 710, 711, 712, 713, 714, 715, 716, 717, 718, 719, 720, 739, 244, 245, 246, 247, 248, 249, 250, 251, 252, 253, 254, 255, 256, 257, 258, 259, 260, 280, 796, 823, 824, 825, 826, 827, 340, 373, 374, 375, 376, 377, 906, 907, 908, 909, 459, 460, 461, 462, 500, 501]",False,[],[],[],[],[],"[15, 16, 65, 66, 67, 68, 69, 70, 71, 72, 73, 74, 75, 76, 77, 78, 80, 151, 244, 245, 246, 247, 248, 249, 250, 251, 252, 253, 254, 255, 256, 257, 258, 259, 260, 280, 340, 373, 374, 375, 376, 377, 459, 460, 461, 462, 500, 501, 539, 540, 541, 542, 543, 544, 545, 546, 547, 548, 549, 550, 552, 622, 708, 709, 710, 711, 712, 713, 714, 715, 716, 717, 718, 719, 720, 739, 796, 823, 824, 825, 826, 827, 906, 907, 908, 909]","[15, 16, 65, 66, 67, 68, 69, 70, 71, 72, 73, 74, 75, 76, 80, 151, 245, 246, 247, 248, 249, 250, 251, 252, 253, 254, 255, 256, 257, 258, 259, 280, 340, 373, 374, 375, 376, 377, 459, 460, 461, 462, 500, 501, 539, 540, 541, 542, 543, 544, 545, 546, 547, 548, 549, 550, 552, 622, 708, 709, 710, 711, 712, 713, 714, 715, 716, 717, 718, 719, 720, 739, 796, 823, 824, 825, 826, 827, 906, 907, 908, 909]",0/6 successful match,False,,False,842,False,,1.0,True,Pilot Travel Center # 504,Pilot
F Chiloquin ( 97624 ) Crater Lake Junction Travel Center,541-783-9800 US 97 & OR 62,24 m SO,Chiloquin,97624,Crater Lake Junction Travel Center,541-783-9800,2014,Chiloquin,OR,,,US 97 & OR 62,empty,,False,,False,US 97,OR 62,,,,[],[],[],[],[],[],[],"[29, 179, 353, 403, 512, 650, 808, 852]","[512, 353, 808, 650, 179, 403, 852, 29]",False,[],[],[],[],[],"[29, 179, 353, 403, 512, 650, 808, 852]",[],0/6 successful match,False,,False,843,False,,,,,
Chiloquin ( 97624 ) Crater Lake Junction Travel Center,541-783-9800 US 97 & OR 62 AMBEST,24 S,Chiloquin,97624,Crater Lake Junction Travel Center,541-783-9800,2015,Chiloquin,OR,,,US 97 & OR 62 AMBEST,empty,,False,,False,US 97,OR 62,,,,[],[],[],[],[],[],[],"[29, 179, 353, 403, 512, 650, 808, 852]","[512, 353, 808, 650, 179, 403, 852, 29]",False,[],[],[],[],[],"[29, 179, 353, 403, 512, 650, 808, 852]",[],0/6 successful match,False,,False,843,False,,1.0,True,Crater Lake Junction Travel Center,
Chiloquin ( 97624 ) Crater Lake Junction Travel Center,541-783-9800 US 97 & OR 62,24 SO,Chiloquin,97624,Crater Lake Junction Travel Center,541-783-9800,2016,Chiloquin,OR,,,US 97 & OR 62,empty,,False,,False,US 97,OR 62,,,,[],[],[],[],[],[],[],"[29, 179, 353, 403, 512, 650, 808, 852]","[512, 353, 808, 650, 179, 403, 852, 29]",False,[],[],[],[],[],"[29, 179, 353, 403, 512, 650, 808, 852]",[],0/6 successful match,False,,False,843,False,,1.0,True,Crater Lake Junction Travel Center,
"Lakeview , 97630 Lakeview Truck Stop",541-947-2678 US 395 S & 12th St,,Lakeview,97630,Lakeview Truck Stop,541-947-2678,2006,Lakeview,OR,,,US 395 S & 12th St,empty,,False,,False,US 395,12th St,,,,[],[],"[199, 670]",[],[],"[122, 130, 151, 171, 179, 184, 187, 238, 248, 251, 256, 258, 301, 350, 362, 395, 397, 460, 593, 601, 622, 642, 650, 655, 658, 702, 711, 714, 718, 720, 805, 815, 845, 847, 907]",[],"[199, 670]","[256, 130, 258, 642, 650, 395, 907, 397, 655, 658, 151, 670, 805, 171, 301, 815, 179, 184, 187, 702, 199, 711, 714, 460, 845, 718, 847, 720, 593, 601, 350, 362, 238, 622, 248, 122, 251]",False,[],[],"[199, 670]",[],"[122, 130, 151, 171, 179, 184, 187, 238, 248, 251, 256, 258, 301, 350, 362, 395, 397, 460, 593, 601, 622, 642, 650, 655, 658, 702, 711, 714, 718, 720, 805, 815, 845, 847, 907]","[199, 670]",[],0/6 successful match,False,,False,844,False,,,,,
"Lakeview , 97630 Lakeview Truck Stop",541-947-2678 US 395 S & 12th St,- - <U+2610> <U+2610>,Lakeview,97630,Lakeview Truck Stop,541-947-2678,2007,Lakeview,OR,,,US 395 S & 12th St,empty,,False,,False,US 395,12th St,,,,[],[],"[199, 670]",[],[],"[122, 130, 151, 171, 179, 184, 187, 238, 248, 251, 256, 258, 301, 350, 362, 395, 397, 460, 593, 601, 622, 642, 650, 655, 658, 702, 711, 714, 718, 720, 805, 815, 845, 847, 907]",[],"[199, 670]","[256, 130, 258, 642, 650, 395, 907, 397, 655, 658, 151, 670, 805, 171, 301, 815, 179, 184, 187, 702, 199, 711, 714, 460, 845, 718, 847, 720, 593, 601, 350, 362, 238, 622, 248, 122, 251]",False,[],[],"[199, 670]",[],"[122, 130, 151, 171, 179, 184, 187, 238, 248, 251, 256, 258, 301, 350, 362, 395, 397, 460, 593, 601, 622, 642, 650, 655, 658, 702, 711, 714, 718, 720, 805, 815, 845, 847, 907]","[199, 670]",[],0/6 successful match,False,,False,844,False,,0.8999999999999999,True,Lakeview Truck Stop,
"Lakeview , 97630 Lakeview Truck Stop",541-947-2678 US 395 S & 12th St,S 00,Lakeview,97630,Lakeview Truck Stop,541-947-2678,2008,Lakeview,OR,,,US 395 S & 12th St,empty,,False,,False,US 395,12th St,,,,[],[],"[199, 670]",[],[],"[122, 130, 151, 171, 179, 184, 187, 238, 248, 251, 256, 258, 301, 350, 362, 395, 397, 460, 593, 601, 622, 642, 650, 655, 658, 702, 711, 714, 718, 720, 805, 815, 845, 847, 907]",[],"[199, 670]","[256, 130, 258, 642, 650, 395, 907, 397, 655, 658, 151, 670, 805, 171, 301, 815, 179, 184, 187, 702, 199, 711, 714, 460, 845, 718, 847, 720, 593, 601, 350, 362, 238, 622, 248, 122, 251]",False,[],[],"[199, 670]",[],"[122, 130, 151, 171, 179, 184, 187, 238, 248, 251, 256, 258, 301, 350, 362, 395, 397, 460, 593, 601, 622, 642, 650, 655, 658, 702, 711, 714, 718, 720, 805, 815, 845, 847, 907]","[199, 670]",[],0/6 successful match,False,,False,844,False,,0.8999999999999999,True,Lakeview Truck Stop,
G Lakeview ( 97630 ) Lakeview Shell,5 541-947-4899 US 395 N,<U+25A1> S <U+25A1>,Lakeview,97630,Lakeview Shell,541-947-4899,2014,Lakeview,OR,Shell,,US 395 N,empty,,False,,False,US 395,,,,,[],[],"[199, 670]",[],[],"[122, 130, 171, 179, 184, 187, 238, 248, 251, 258, 301, 350, 362, 395, 397, 593, 601, 642, 650, 655, 658, 702, 711, 714, 720, 805, 815, 845, 847]","[1, 13, 14, 29, 54, 55, 56, 57, 58, 60, 102, 118, 125, 127, 130, 134, 146, 149, 153, 175, 182, 187, 189, 191, 197, 225, 230, 238, 264, 265, 266, 286, 302, 317, 336, 379, 388, 389, 425, 454, 458, 463, 475, 487, 498, 499, 512, 530, 531, 532, 533, 534, 536, 573, 589, 596, 598, 601, 605, 617, 620, 624, 646, 653, 658, 660, 662, 668, 689, 694, 702, 724, 725, 745, 760, 775, 793, 829, 838, 839, 877, 901, 903, 905, 910, 923]","[1, 13, 14, 29, 54, 55, 56, 57, 58, 60, 102, 118, 125, 127, 130, 134, 146, 149, 153, 175, 182, 187, 189, 191, 197, 199, 225, 230, 238, 264, 265, 266, 286, 302, 317, 336, 354, 379, 388, 389, 425, 454, 458, 463, 475, 487, 498, 499, 512, 530, 531, 532, 533, 534, 536, 573, 589, 596, 598, 601, 605, 617, 620, 624, 646, 653, 658, 660, 662, 668, 670, 689, 694, 702, 724, 725, 745, 760, 775, 793, 809, 829, 838, 839, 877, 901, 903, 905, 910, 923]","[512, 1, 13, 14, 530, 531, 532, 533, 534, 536, 29, 54, 55, 56, 57, 58, 60, 573, 589, 593, 596, 598, 601, 605, 102, 617, 620, 624, 118, 122, 125, 127, 130, 642, 134, 646, 650, 653, 655, 658, 146, 660, 149, 662, 153, 668, 670, 171, 175, 689, 179, 182, 694, 184, 187, 189, 702, 191, 197, 199, 711, 714, 720, 724, 725, 225, 230, 745, 238, 248, 760, 251, 258, 775, 264, 265, 266, 793, 286, 805, 809, 301, 302, 815, 317, 829, 838, 839, 845, 847, 336, 350, 354, 362, 877, 379, 388, 389, 901, 903, 905, 395, 397, 910, 923, 425, 454, 458, 463, 475, 487, 498, 499]",False,[],[],"[199, 670]",[],"[122, 130, 171, 179, 184, 187, 238, 248, 251, 258, 301, 350, 362, 395, 397, 593, 601, 642, 650, 655, 658, 702, 711, 714, 720, 805, 815, 845, 847]","[1, 13, 14, 29, 54, 55, 56, 57, 58, 60, 102, 118, 125, 127, 130, 134, 146, 149, 153, 175, 182, 187, 189, 191, 197, 199, 225, 230, 238, 264, 265, 266, 286, 302, 317, 336, 354, 379, 388, 389, 425, 454, 458, 463, 475, 487, 498, 499, 512, 530, 531, 532, 533, 534, 536, 573, 589, 596, 598, 601, 605, 617, 620, 624, 646, 653, 658, 660, 662, 668, 670, 689, 694, 702, 724, 725, 745, 760, 775, 793, 809, 829, 838, 839, 877, 901, 903, 905, 910, 923]","[1, 13, 14, 29, 54, 55, 56, 57, 58, 60, 102, 118, 125, 127, 130, 134, 146, 149, 153, 175, 182, 187, 189, 191, 197, 225, 230, 238, 264, 265, 266, 286, 302, 317, 336, 379, 388, 389, 425, 454, 458, 463, 475, 487, 498, 499, 512, 530, 531, 532, 533, 534, 536, 573, 589, 596, 598, 601, 605, 617, 620, 624, 646, 653, 658, 660, 662, 668, 689, 694, 702, 724, 725, 745, 760, 775, 793, 829, 838, 839, 877, 901, 903, 905, 910, 923]",0/6 successful match,False,,False,844,False,,0.7818181818181817,True,Lakeview Truck Stop,
Lakeview ( 97630 ) Lakeview Shell,5 541-947-4899 US 395 N,<U+2610> S D,Lakeview,97630,Lakeview Shell,541-947-4899,2015,Lakeview,OR,Shell,,US 395 N,empty,,False,,False,US 395,,,,,[],[],"[199, 670]",[],[],"[122, 130, 171, 179, 184, 187, 238, 248, 251, 258, 301, 350, 362, 395, 397, 593, 601, 642, 650, 655, 658, 702, 711, 714, 720, 805, 815, 845, 847]","[1, 13, 14, 29, 54, 55, 56, 57, 58, 60, 102, 118, 125, 127, 130, 134, 146, 149, 153, 175, 182, 187, 189, 191, 197, 225, 230, 238, 264, 265, 266, 286, 302, 317, 336, 379, 388, 389, 425, 454, 458, 463, 475, 487, 498, 499, 512, 530, 531, 532, 533, 534, 536, 573, 589, 596, 598, 601, 605, 617, 620, 624, 646, 653, 658, 660, 662, 668, 689, 694, 702, 724, 725, 745, 760, 775, 793, 829, 838, 839, 877, 901, 903, 905, 910, 923]","[1, 13, 14, 29, 54, 55, 56, 57, 58, 60, 102, 118, 125, 127, 130, 134, 146, 149, 153, 175, 182, 187, 189, 191, 197, 199, 225, 230, 238, 264, 265, 266, 286, 302, 317, 336, 354, 379, 388, 389, 425, 454, 458, 463, 475, 487, 498, 499, 512, 530, 531, 532, 533, 534, 536, 573, 589, 596, 598, 601, 605, 617, 620, 624, 646, 653, 658, 660, 662, 668, 670, 689, 694, 702, 724, 725, 745, 760, 775, 793, 809, 829, 838, 839, 877, 901, 903, 905, 910, 923]","[512, 1, 13, 14, 530, 531, 532, 533, 534, 536, 29, 54, 55, 56, 57, 58, 60, 573, 589, 593, 596, 598, 601, 605, 102, 617, 620, 624, 118, 122, 125, 127, 130, 642, 134, 646, 650, 653, 655, 658, 146, 660, 149, 662, 153, 668, 670, 171, 175, 689, 179, 182, 694, 184, 187, 189, 702, 191, 197, 199, 711, 714, 720, 724, 725, 225, 230, 745, 238, 248, 760, 251, 258, 775, 264, 265, 266, 793, 286, 805, 809, 301, 302, 815, 317, 829, 838, 839, 845, 847, 336, 350, 354, 362, 877, 379, 388, 389, 901, 903, 905, 395, 397, 910, 923, 425, 454, 458, 463, 475, 487, 498, 499]",False,[],[],"[199, 670]",[],"[122, 130, 171, 179, 184, 187, 238, 248, 251, 258, 301, 350, 362, 395, 397, 593, 601, 642, 650, 655, 658, 702, 711, 714, 720, 805, 815, 845, 847]","[1, 13, 14, 29, 54, 55, 56, 57, 58, 60, 102, 118, 125, 127, 130, 134, 146, 149, 153, 175, 182, 187, 189, 191, 197, 199, 225, 230, 238, 264, 265, 266, 286, 302, 317, 336, 354, 379, 388, 389, 425, 454, 458, 463, 475, 487, 498, 499, 512, 530, 531, 532, 533, 534, 536, 573, 589, 596, 598, 601, 605, 617, 620, 624, 646, 653, 658, 660, 662, 668, 670, 689, 694, 702, 724, 725, 745, 760, 775, 793, 809, 829, 838, 839, 877, 901, 903, 905, 910, 923]","[1, 13, 14, 29, 54, 55, 56, 57, 58, 60, 102, 118, 125, 127, 130, 134, 146, 149, 153, 175, 182, 187, 189, 191, 197, 225, 230, 238, 264, 265, 266, 286, 302, 317, 336, 379, 388, 389, 425, 454, 458, 463, 475, 487, 498, 499, 512, 530, 531, 532, 533, 534, 536, 573, 589, 596, 598, 601, 605, 617, 620, 624, 646, 653, 658, 660, 662, 668, 689, 694, 702, 724, 725, 745, 760, 775, 793, 829, 838, 839, 877, 901, 903, 905, 910, 923]",0/6 successful match,False,,False,844,False,,1.0,True,Lakeview Shell,Shell
Lakeview ( 97630 ) Lakeview Shell,541-947-4899 US 395 N,<U+25A1> S <U+25A1> D,Lakeview,97630,Lakeview Shell,541-947-4899,2016,Lakeview,OR,Shell,,US 395 N,empty,,False,,False,US 395,,,,,[],[],"[199, 670]",[],[],"[122, 130, 171, 179, 184, 187, 238, 248, 251, 258, 301, 350, 362, 395, 397, 593, 601, 642, 650, 655, 658, 702, 711, 714, 720, 805, 815, 845, 847]","[1, 13, 14, 29, 54, 55, 56, 57, 58, 60, 102, 118, 125, 127, 130, 134, 146, 149, 153, 175, 182, 187, 189, 191, 197, 225, 230, 238, 264, 265, 266, 286, 302, 317, 336, 379, 388, 389, 425, 454, 458, 463, 475, 487, 498, 499, 512, 530, 531, 532, 533, 534, 536, 573, 589, 596, 598, 601, 605, 617, 620, 624, 646, 653, 658, 660, 662, 668, 689, 694, 702, 724, 725, 745, 760, 775, 793, 829, 838, 839, 877, 901, 903, 905, 910, 923]","[1, 13, 14, 29, 54, 55, 56, 57, 58, 60, 102, 118, 125, 127, 130, 134, 146, 149, 153, 175, 182, 187, 189, 191, 197, 199, 225, 230, 238, 264, 265, 266, 286, 302, 317, 336, 354, 379, 388, 389, 425, 454, 458, 463, 475, 487, 498, 499, 512, 530, 531, 532, 533, 534, 536, 573, 589, 596, 598, 601, 605, 617, 620, 624, 646, 653, 658, 660, 662, 668, 670, 689, 694, 702, 724, 725, 745, 760, 775, 793, 809, 829, 838, 839, 877, 901, 903, 905, 910, 923]","[512, 1, 13, 14, 530, 531, 532, 533, 534, 536, 29, 54, 55, 56, 57, 58, 60, 573, 589, 593, 596, 598, 601, 605, 102, 617, 620, 624, 118, 122, 125, 127, 130, 642, 134, 646, 650, 653, 655, 658, 146, 660, 149, 662, 153, 668, 670, 171, 175, 689, 179, 182, 694, 184, 187, 189, 702, 191, 197, 199, 711, 714, 720, 724, 725, 225, 230, 745, 238, 248, 760, 251, 258, 775, 264, 265, 266, 793, 286, 805, 809, 301, 302, 815, 317, 829, 838, 839, 845, 847, 336, 350, 354, 362, 877, 379, 388, 389, 901, 903, 905, 395, 397, 910, 923, 425, 454, 458, 463, 475, 487, 498, 499]",False,[],[],"[199, 670]",[],"[122, 130, 171, 179, 184, 187, 238, 248, 251, 258, 301, 350, 362, 395, 397, 593, 601, 642, 650, 655, 658, 702, 711, 714, 720, 805, 815, 845, 847]","[1, 13, 14, 29, 54, 55, 56, 57, 58, 60, 102, 118, 125, 127, 130, 134, 146, 149, 153, 175, 182, 187, 189, 191, 197, 199, 225, 230, 238, 264, 265, 266, 286, 302, 317, 336, 354, 379, 388, 389, 425, 454, 458, 463, 475, 487, 498, 499, 512, 530, 531, 532, 533, 534, 536, 573, 589, 596, 598, 601, 605, 617, 620, 624, 646, 653, 658, 660, 662, 668, 670, 689, 694, 702, 724, 725, 745, 760, 775, 793, 809, 829, 838, 839, 877, 901, 903, 905, 910, 923]","[1, 13, 14, 29, 54, 55, 56, 57, 58, 60, 102, 118, 125, 127, 130, 134, 146, 149, 153, 175, 182, 187, 189, 191, 197, 225, 230, 238, 264, 265, 266, 286, 302, 317, 336, 379, 388, 389, 425, 454, 458, 463, 475, 487, 498, 499, 512, 530, 531, 532, 533, 534, 536, 573, 589, 596, 598, 601, 605, 617, 620, 624, 646, 653, 658, 660, 662, 668, 689, 694, 702, 724, 725, 745, 760, 775, 793, 829, 838, 839, 877, 901, 903, 905, 910, 923]",0/6 successful match,False,,False,844,False,,1.0,True,Lakeview Shell,Shell
"F Chemult , 97731 Pilot Travel Center # 133",541-365-0991 109450 US 97,S <U+25A1> <U+25A1>,Chemult,97731,Pilot Travel Center # 133,541-365-0991,2007,Chemult,OR,Pilot,,109450 US 97,Proper,,False,,False,US 97,,,,,[],[],[],[],[],[],"[15, 16, 65, 66, 67, 68, 69, 70, 71, 72, 73, 74, 75, 76, 80, 151, 245, 246, 247, 248, 249, 250, 251, 252, 253, 254, 255, 256, 257, 258, 259, 280, 340, 373, 374, 375, 376, 377, 459, 460, 461, 462, 500, 501, 539, 540, 541, 542, 543, 544, 545, 546, 547, 548, 549, 550, 552, 622, 708, 709, 710, 711, 712, 713, 714, 715, 716, 717, 718, 719, 720, 739, 796, 823, 824, 825, 826, 827, 906, 907, 908, 909]","[15, 16, 65, 66, 67, 68, 69, 70, 71, 72, 73, 74, 75, 76, 77, 78, 80, 151, 244, 245, 246, 247, 248, 249, 250, 251, 252, 253, 254, 255, 256, 257, 258, 259, 260, 280, 340, 373, 374, 375, 376, 377, 459, 460, 461, 462, 500, 501, 539, 540, 541, 542, 543, 544, 545, 546, 547, 548, 549, 550, 552, 622, 708, 709, 710, 711, 712, 713, 714, 715, 716, 717, 718, 719, 720, 739, 796, 823, 824, 825, 826, 827, 906, 907, 908, 909]","[15, 16, 539, 540, 541, 542, 543, 544, 545, 546, 547, 548, 549, 550, 552, 65, 66, 67, 68, 69, 70, 71, 72, 73, 74, 75, 76, 77, 78, 80, 622, 151, 708, 709, 710, 711, 712, 713, 714, 715, 716, 717, 718, 719, 720, 739, 244, 245, 246, 247, 248, 249, 250, 251, 252, 253, 254, 255, 256, 257, 258, 259, 260, 280, 796, 823, 824, 825, 826, 827, 340, 373, 374, 375, 376, 377, 906, 907, 908, 909, 459, 460, 461, 462, 500, 501]",False,[],[],[],[],[],"[15, 16, 65, 66, 67, 68, 69, 70, 71, 72, 73, 74, 75, 76, 77, 78, 80, 151, 244, 245, 246, 247, 248, 249, 250, 251, 252, 253, 254, 255, 256, 257, 258, 259, 260, 280, 340, 373, 374, 375, 376, 377, 459, 460, 461, 462, 500, 501, 539, 540, 541, 542, 543, 544, 545, 546, 547, 548, 549, 550, 552, 622, 708, 709, 710, 711, 712, 713, 714, 715, 716, 717, 718, 719, 720, 739, 796, 823, 824, 825, 826, 827, 906, 907, 908, 909]","[15, 16, 65, 66, 67, 68, 69, 70, 71, 72, 73, 74, 75, 76, 80, 151, 245, 246, 247, 248, 249, 250, 251, 252, 253, 254, 255, 256, 257, 258, 259, 280, 340, 373, 374, 375, 376, 377, 459, 460, 461, 462, 500, 501, 539, 540, 541, 542, 543, 544, 545, 546, 547, 548, 549, 550, 552, 622, 708, 709, 710, 711, 712, 713, 714, 715, 716, 717, 718, 719, 720, 739, 796, 823, 824, 825, 826, 827, 906, 907, 908, 909]",0/6 successful match,False,,False,845,False,,,,,
"Chemult , 97731 Pilot Travel Center # 133",3 541-365-0991 109450 US 97,NRS 24 M,Chemult,97731,Pilot Travel Center # 133,541-365-0991,2008,Chemult,OR,Pilot,,109450 US 97,Proper,,False,,False,US 97,,,,,[],[],[],[],[],[],"[15, 16, 65, 66, 67, 68, 69, 70, 71, 72, 73, 74, 75, 76, 80, 151, 245, 246, 247, 248, 249, 250, 251, 252, 253, 254, 255, 256, 257, 258, 259, 280, 340, 373, 374, 375, 376, 377, 459, 460, 461, 462, 500, 501, 539, 540, 541, 542, 543, 544, 545, 546, 547, 548, 549, 550, 552, 622, 708, 709, 710, 711, 712, 713, 714, 715, 716, 717, 718, 719, 720, 739, 796, 823, 824, 825, 826, 827, 906, 907, 908, 909]","[15, 16, 65, 66, 67, 68, 69, 70, 71, 72, 73, 74, 75, 76, 77, 78, 80, 151, 244, 245, 246, 247, 248, 249, 250, 251, 252, 253, 254, 255, 256, 257, 258, 259, 260, 280, 340, 373, 374, 375, 376, 377, 459, 460, 461, 462, 500, 501, 539, 540, 541, 542, 543, 544, 545, 546, 547, 548, 549, 550, 552, 622, 708, 709, 710, 711, 712, 713, 714, 715, 716, 717, 718, 719, 720, 739, 796, 823, 824, 825, 826, 827, 906, 907, 908, 909]","[15, 16, 539, 540, 541, 542, 543, 544, 545, 546, 547, 548, 549, 550, 552, 65, 66, 67, 68, 69, 70, 71, 72, 73, 74, 75, 76, 77, 78, 80, 622, 151, 708, 709, 710, 711, 712, 713, 714, 715, 716, 717, 718, 719, 720, 739, 244, 245, 246, 247, 248, 249, 250, 251, 252, 253, 254, 255, 256, 257, 258, 259, 260, 280, 796, 823, 824, 825, 826, 827, 340, 373, 374, 375, 376, 377, 906, 907, 908, 909, 459, 460, 461, 462, 500, 501]",False,[],[],[],[],[],"[15, 16, 65, 66, 67, 68, 69, 70, 71, 72, 73, 74, 75, 76, 77, 78, 80, 151, 244, 245, 246, 247, 248, 249, 250, 251, 252, 253, 254, 255, 256, 257, 258, 259, 260, 280, 340, 373, 374, 375, 376, 377, 459, 460, 461, 462, 500, 501, 539, 540, 541, 542, 543, 544, 545, 546, 547, 548, 549, 550, 552, 622, 708, 709, 710, 711, 712, 713, 714, 715, 716, 717, 718, 719, 720, 739, 796, 823, 824, 825, 826, 827, 906, 907, 908, 909]","[15, 16, 65, 66, 67, 68, 69, 70, 71, 72, 73, 74, 75, 76, 80, 151, 245, 246, 247, 248, 249, 250, 251, 252, 253, 254, 255, 256, 257, 258, 259, 280, 340, 373, 374, 375, 376, 377, 459, 460, 461, 462, 500, 501, 539, 540, 541, 542, 543, 544, 545, 546, 547, 548, 549, 550, 552, 622, 708, 709, 710, 711, 712, 713, 714, 715, 716, 717, 718, 719, 720, 739, 796, 823, 824, 825, 826, 827, 906, 907, 908, 909]",0/6 successful match,False,,False,845,False,,1.0,True,Pilot Travel Center # 133,Pilot
Chemult ( 97731 ) Pilot Travel Center # 133,3 541-365-0991 109450 US 97,Plot M,Chemult,97731,Pilot Travel Center # 133,541-365-0991,2014,Chemult,OR,Pilot,,109450 US 97,Proper,,False,,False,US 97,,,,,[],[],[],[],[],[],"[15, 16, 65, 66, 67, 68, 69, 70, 71, 72, 73, 74, 75, 76, 80, 151, 245, 246, 247, 248, 249, 250, 251, 252, 253, 254, 255, 256, 257, 258, 259, 280, 340, 373, 374, 375, 376, 377, 459, 460, 461, 462, 500, 501, 539, 540, 541, 542, 543, 544, 545, 546, 547, 548, 549, 550, 552, 622, 708, 709, 710, 711, 712, 713, 714, 715, 716, 717, 718, 719, 720, 739, 796, 823, 824, 825, 826, 827, 906, 907, 908, 909]","[15, 16, 65, 66, 67, 68, 69, 70, 71, 72, 73, 74, 75, 76, 77, 78, 80, 151, 244, 245, 246, 247, 248, 249, 250, 251, 252, 253, 254, 255, 256, 257, 258, 259, 260, 280, 340, 373, 374, 375, 376, 377, 459, 460, 461, 462, 500, 501, 539, 540, 541, 542, 543, 544, 545, 546, 547, 548, 549, 550, 552, 622, 708, 709, 710, 711, 712, 713, 714, 715, 716, 717, 718, 719, 720, 739, 796, 823, 824, 825, 826, 827, 906, 907, 908, 909]","[15, 16, 539, 540, 541, 542, 543, 544, 545, 546, 547, 548, 549, 550, 552, 65, 66, 67, 68, 69, 70, 71, 72, 73, 74, 75, 76, 77, 78, 80, 622, 151, 708, 709, 710, 711, 712, 713, 714, 715, 716, 717, 718, 719, 720, 739, 244, 245, 246, 247, 248, 249, 250, 251, 252, 253, 254, 255, 256, 257, 258, 259, 260, 280, 796, 823, 824, 825, 826, 827, 340, 373, 374, 375, 376, 377, 906, 907, 908, 909, 459, 460, 461, 462, 500, 501]",False,[],[],[],[],[],"[15, 16, 65, 66, 67, 68, 69, 70, 71, 72, 73, 74, 75, 76, 77, 78, 80, 151, 244, 245, 246, 247, 248, 249, 250, 251, 252, 253, 254, 255, 256, 257, 258, 259, 260, 280, 340, 373, 374, 375, 376, 377, 459, 460, 461, 462, 500, 501, 539, 540, 541, 542, 543, 544, 545, 546, 547, 548, 549, 550, 552, 622, 708, 709, 710, 711, 712, 713, 714, 715, 716, 717, 718, 719, 720, 739, 796, 823, 824, 825, 826, 827, 906, 907, 908, 909]","[15, 16, 65, 66, 67, 68, 69, 70, 71, 72, 73, 74, 75, 76, 80, 151, 245, 246, 247, 248, 249, 250, 251, 252, 253, 254, 255, 256, 257, 258, 259, 280, 340, 373, 374, 375, 376, 377, 459, 460, 461, 462, 500, 501, 539, 540, 541, 542, 543, 544, 545, 546, 547, 548, 549, 550, 552, 622, 708, 709, 710, 711, 712, 713, 714, 715, 716, 717, 718, 719, 720, 739, 796, 823, 824, 825, 826, 827, 906, 907, 908, 909]",0/6 successful match,False,,False,845,False,,1.0,True,Pilot Travel Center # 133,Pilot
F Chemult ( 97731 ) Pilot Travel Center # 133,541-365-0991 109450 US 97,pilot 24 M,Chemult,97731,Pilot Travel Center # 133,541-365-0991,2015,Chemult,OR,Pilot,,109450 US 97,Proper,,False,,False,US 97,,,,,[],[],[],[],[],[],"[15, 16, 65, 66, 67, 68, 69, 70, 71, 72, 73, 74, 75, 76, 80, 151, 245, 246, 247, 248, 249, 250, 251, 252, 253, 254, 255, 256, 257, 258, 259, 280, 340, 373, 374, 375, 376, 377, 459, 460, 461, 462, 500, 501, 539, 540, 541, 542, 543, 544, 545, 546, 547, 548, 549, 550, 552, 622, 708, 709, 710, 711, 712, 713, 714, 715, 716, 717, 718, 719, 720, 739, 796, 823, 824, 825, 826, 827, 906, 907, 908, 909]","[15, 16, 65, 66, 67, 68, 69, 70, 71, 72, 73, 74, 75, 76, 77, 78, 80, 151, 244, 245, 246, 247, 248, 249, 250, 251, 252, 253, 254, 255, 256, 257, 258, 259, 260, 280, 340, 373, 374, 375, 376, 377, 459, 460, 461, 462, 500, 501, 539, 540, 541, 542, 543, 544, 545, 546, 547, 548, 549, 550, 552, 622, 708, 709, 710, 711, 712, 713, 714, 715, 716, 717, 718, 719, 720, 739, 796, 823, 824, 825, 826, 827, 906, 907, 908, 909]","[15, 16, 539, 540, 541, 542, 543, 544, 545, 546, 547, 548, 549, 550, 552, 65, 66, 67, 68, 69, 70, 71, 72, 73, 74, 75, 76, 77, 78, 80, 622, 151, 708, 709, 710, 711, 712, 713, 714, 715, 716, 717, 718, 719, 720, 739, 244, 245, 246, 247, 248, 249, 250, 251, 252, 253, 254, 255, 256, 257, 258, 259, 260, 280, 796, 823, 824, 825, 826, 827, 340, 373, 374, 375, 376, 377, 906, 907, 908, 909, 459, 460, 461, 462, 500, 501]",False,[],[],[],[],[],"[15, 16, 65, 66, 67, 68, 69, 70, 71, 72, 73, 74, 75, 76, 77, 78, 80, 151, 244, 245, 246, 247, 248, 249, 250, 251, 252, 253, 254, 255, 256, 257, 258, 259, 260, 280, 340, 373, 374, 375, 376, 377, 459, 460, 461, 462, 500, 501, 539, 540, 541, 542, 543, 544, 545, 546, 547, 548, 549, 550, 552, 622, 708, 709, 710, 711, 712, 713, 714, 715, 716, 717, 718, 719, 720, 739, 796, 823, 824, 825, 826, 827, 906, 907, 908, 909]","[15, 16, 65, 66, 67, 68, 69, 70, 71, 72, 73, 74, 75, 76, 80, 151, 245, 246, 247, 248, 249, 250, 251, 252, 253, 254, 255, 256, 257, 258, 259, 280, 340, 373, 374, 375, 376, 377, 459, 460, 461, 462, 500, 501, 539, 540, 541, 542, 543, 544, 545, 546, 547, 548, 549, 550, 552, 622, 708, 709, 710, 711, 712, 713, 714, 715, 716, 717, 718, 719, 720, 739, 796, 823, 824, 825, 826, 827, 906, 907, 908, 909]",0/6 successful match,False,,False,845,False,,1.0,True,Pilot Travel Center # 133,Pilot
Chemult ( 97731 ) Pilot Travel Center # 133,541-365-0991 109450 US 97 pilat,R MOO 024,Chemult,97731,Pilot Travel Center # 133,541-365-0991,2016,Chemult,OR,Pilot,,109450 US 97 pilat,Proper,,False,,False,US 97,,,,,[],[],[],[],[],[],"[15, 16, 65, 66, 67, 68, 69, 70, 71, 72, 73, 74, 75, 76, 80, 151, 245, 246, 247, 248, 249, 250, 251, 252, 253, 254, 255, 256, 257, 258, 259, 280, 340, 373, 374, 375, 376, 377, 459, 460, 461, 462, 500, 501, 539, 540, 541, 542, 543, 544, 545, 546, 547, 548, 549, 550, 552, 622, 708, 709, 710, 711, 712, 713, 714, 715, 716, 717, 718, 719, 720, 739, 796, 823, 824, 825, 826, 827, 906, 907, 908, 909]","[15, 16, 65, 66, 67, 68, 69, 70, 71, 72, 73, 74, 75, 76, 77, 78, 80, 151, 244, 245, 246, 247, 248, 249, 250, 251, 252, 253, 254, 255, 256, 257, 258, 259, 260, 280, 340, 373, 374, 375, 376, 377, 459, 460, 461, 462, 500, 501, 539, 540, 541, 542, 543, 544, 545, 546, 547, 548, 549, 550, 552, 622, 708, 709, 710, 711, 712, 713, 714, 715, 716, 717, 718, 719, 720, 739, 796, 823, 824, 825, 826, 827, 906, 907, 908, 909]","[15, 16, 539, 540, 541, 542, 543, 544, 545, 546, 547, 548, 549, 550, 552, 65, 66, 67, 68, 69, 70, 71, 72, 73, 74, 75, 76, 77, 78, 80, 622, 151, 708, 709, 710, 711, 712, 713, 714, 715, 716, 717, 718, 719, 720, 739, 244, 245, 246, 247, 248, 249, 250, 251, 252, 253, 254, 255, 256, 257, 258, 259, 260, 280, 796, 823, 824, 825, 826, 827, 340, 373, 374, 375, 376, 377, 906, 907, 908, 909, 459, 460, 461, 462, 500, 501]",False,[],[],[],[],[],"[15, 16, 65, 66, 67, 68, 69, 70, 71, 72, 73, 74, 75, 76, 77, 78, 80, 151, 244, 245, 246, 247, 248, 249, 250, 251, 252, 253, 254, 255, 256, 257, 258, 259, 260, 280, 340, 373, 374, 375, 376, 377, 459, 460, 461, 462, 500, 501, 539, 540, 541, 542, 543, 544, 545, 546, 547, 548, 549, 550, 552, 622, 708, 709, 710, 711, 712, 713, 714, 715, 716, 717, 718, 719, 720, 739, 796, 823, 824, 825, 826, 827, 906, 907, 908, 909]","[15, 16, 65, 66, 67, 68, 69, 70, 71, 72, 73, 74, 75, 76, 80, 151, 245, 246, 247, 248, 249, 250, 251, 252, 253, 254, 255, 256, 257, 258, 259, 280, 340, 373, 374, 375, 376, 377, 459, 460, 461, 462, 500, 501, 539, 540, 541, 542, 543, 544, 545, 546, 547, 548, 549, 550, 552, 622, 708, 709, 710, 711, 712, 713, 714, 715, 716, 717, 718, 719, 720, 739, 796, 823, 824, 825, 826, 827, 906, 907, 908, 909]",0/6 successful match,False,,False,845,False,,1.0,True,Pilot Travel Center # 133,Pilot
Hines ( 97738 ) Hines Chevron ( CFN Cardlock ),541-573-7476 531 US 395 / OR 20 N,<U+25A1> <U+2610> <U+2610>,Hines,97738,Hines Chevron ( CFN Cardlock ),541-573-7476,2014,Hines,OR,Chevron,,531 US 395 / OR 20 N,Proper,,False,,False,US 395,,20,,,[],[],[],"[371, 821]",[],"[122, 130, 171, 179, 184, 187, 238, 248, 251, 258, 301, 350, 362, 395, 397, 593, 601, 642, 650, 655, 658, 702, 711, 714, 720, 805, 815, 845, 847]","[12, 24, 25, 28, 88, 100, 104, 119, 123, 129, 136, 137, 139, 140, 141, 148, 155, 169, 172, 179, 183, 185, 188, 196, 198, 217, 237, 267, 270, 278, 319, 321, 324, 325, 330, 334, 335, 354, 366, 369, 380, 383, 384, 386, 395, 407, 411, 423, 428, 436, 437, 452, 453, 456, 467, 471, 477, 478, 479, 497, 508, 511, 559, 571, 575, 590, 594, 600, 607, 608, 610, 611, 612, 619, 627, 640, 643, 650, 654, 656, 659, 667, 669, 685, 701, 726, 729, 737, 777, 779, 782, 783, 787, 790, 791, 809, 817, 819, 830, 833, 834, 836, 845, 856, 857, 860, 862, 875, 880, 887, 888, 899, 900, 914, 918, 921, 928, 929, 930]","[12, 24, 25, 28, 88, 100, 104, 119, 123, 129, 136, 137, 139, 140, 141, 148, 155, 169, 172, 179, 183, 185, 188, 196, 198, 217, 237, 264, 267, 270, 278, 319, 321, 324, 325, 330, 334, 335, 354, 366, 369, 380, 383, 384, 386, 395, 407, 411, 423, 428, 436, 437, 452, 453, 456, 467, 471, 477, 478, 479, 497, 508, 511, 559, 571, 575, 590, 594, 600, 607, 608, 610, 611, 612, 619, 627, 640, 643, 650, 654, 656, 659, 667, 669, 685, 701, 724, 726, 729, 737, 777, 779, 782, 783, 787, 790, 791, 809, 817, 819, 830, 833, 834, 836, 845, 856, 857, 860, 862, 875, 880, 887, 888, 899, 900, 914, 918, 921, 928, 929, 930]","[12, 24, 25, 28, 559, 571, 575, 590, 593, 594, 88, 601, 600, 607, 608, 610, 611, 100, 612, 104, 619, 627, 119, 122, 123, 640, 129, 130, 642, 643, 136, 137, 650, 139, 140, 141, 654, 655, 656, 658, 659, 148, 155, 667, 669, 169, 171, 172, 685, 179, 183, 184, 185, 187, 188, 701, 702, 196, 198, 711, 714, 720, 724, 726, 217, 729, 737, 237, 238, 248, 251, 258, 264, 777, 267, 779, 270, 782, 783, 787, 278, 790, 791, 805, 809, 301, 815, 817, 819, 821, 830, 319, 321, 833, 834, 324, 325, 836, 330, 845, 334, 847, 335, 856, 857, 860, 350, 862, 354, 362, 875, 366, 880, 369, 371, 887, 888, 380, 383, 384, 386, 899, 900, 395, 397, 914, 918, 407, 921, 411, 928, 929, 930, 423, 428, 436, 437, 452, 453, 456, 467, 471, 477, 478, 479, 497, 508, 511]",False,[],[],[],"[371, 821]","[122, 130, 171, 179, 184, 187, 238, 248, 251, 258, 301, 350, 362, 395, 397, 593, 601, 642, 650, 655, 658, 702, 711, 714, 720, 805, 815, 845, 847]","[12, 24, 25, 28, 88, 100, 104, 119, 123, 129, 136, 137, 139, 140, 141, 148, 155, 169, 172, 179, 183, 185, 188, 196, 198, 217, 237, 264, 267, 270, 278, 319, 321, 324, 325, 330, 334, 335, 354, 366, 369, 380, 383, 384, 386, 395, 407, 411, 423, 428, 436, 437, 452, 453, 456, 467, 471, 477, 478, 479, 497, 508, 511, 559, 571, 575, 590, 594, 600, 607, 608, 610, 611, 612, 619, 627, 640, 643, 650, 654, 656, 659, 667, 669, 685, 701, 724, 726, 729, 737, 777, 779, 782, 783, 787, 790, 791, 809, 817, 819, 830, 833, 834, 836, 845, 856, 857, 860, 862, 875, 880, 887, 888, 899, 900, 914, 918, 921, 928, 929, 930]","[12, 24, 25, 28, 88, 100, 104, 119, 123, 129, 136, 137, 139, 140, 141, 148, 155, 169, 172, 179, 183, 185, 188, 196, 198, 217, 237, 267, 270, 278, 319, 321, 324, 325, 330, 334, 335, 354, 366, 369, 380, 383, 384, 386, 395, 407, 411, 423, 428, 436, 437, 452, 453, 456, 467, 471, 477, 478, 479, 497, 508, 511, 559, 571, 575, 590, 594, 600, 607, 608, 610, 611, 612, 619, 627, 640, 643, 650, 654, 656, 659, 667, 669, 685, 701, 726, 729, 737, 777, 779, 782, 783, 787, 790, 791, 809, 817, 819, 830, 833, 834, 836, 845, 856, 857, 860, 862, 875, 880, 887, 888, 899, 900, 914, 918, 921, 928, 929, 930]",0/6 successful match,False,,False,846,False,,,,,
6541-573-2639 E Hines ( 97738 ) 12846 Hines US Chevron 20-395 ( CFN S Cardlock ) AMDEST,541-573-7476 531 US 395 / OR 20 N,"M <U+2610> "" <U+25A1> OB",Hines,97738,12846 Hines US Chevron 20-395 ( CFN S Cardlock ) AMDEST,541-573-7476,2015,Hines,OR,Chevron,,531 US 395 / OR 20 N,Proper,,False,,False,US 395,,20,,,[],[],[],"[371, 821]",[],"[122, 130, 171, 179, 184, 187, 238, 248, 251, 258, 301, 350, 362, 395, 397, 593, 601, 642, 650, 655, 658, 702, 711, 714, 720, 805, 815, 845, 847]","[12, 24, 25, 28, 88, 100, 104, 119, 123, 129, 136, 137, 139, 140, 141, 148, 155, 169, 172, 179, 183, 185, 188, 196, 198, 217, 237, 267, 270, 278, 319, 321, 324, 325, 330, 334, 335, 354, 366, 369, 380, 383, 384, 386, 395, 407, 411, 423, 428, 436, 437, 452, 453, 456, 467, 471, 477, 478, 479, 497, 508, 511, 559, 571, 575, 590, 594, 600, 607, 608, 610, 611, 612, 619, 627, 640, 643, 650, 654, 656, 659, 667, 669, 685, 701, 726, 729, 737, 777, 779, 782, 783, 787, 790, 791, 809, 817, 819, 830, 833, 834, 836, 845, 856, 857, 860, 862, 875, 880, 887, 888, 899, 900, 914, 918, 921, 928, 929, 930]","[12, 24, 25, 28, 88, 100, 104, 119, 123, 129, 136, 137, 139, 140, 141, 148, 155, 169, 172, 179, 183, 185, 188, 196, 198, 217, 237, 264, 267, 270, 278, 319, 321, 324, 325, 330, 334, 335, 354, 366, 369, 380, 383, 384, 386, 395, 407, 411, 423, 428, 436, 437, 452, 453, 456, 467, 471, 477, 478, 479, 497, 508, 511, 559, 571, 575, 590, 594, 600, 607, 608, 610, 611, 612, 619, 627, 640, 643, 650, 654, 656, 659, 667, 669, 685, 701, 724, 726, 729, 737, 777, 779, 782, 783, 787, 790, 791, 809, 817, 819, 830, 833, 834, 836, 845, 856, 857, 860, 862, 875, 880, 887, 888, 899, 900, 914, 918, 921, 928, 929, 930]","[12, 24, 25, 28, 559, 571, 575, 590, 593, 594, 88, 601, 600, 607, 608, 610, 611, 100, 612, 104, 619, 627, 119, 122, 123, 640, 129, 130, 642, 643, 136, 137, 650, 139, 140, 141, 654, 655, 656, 658, 659, 148, 155, 667, 669, 169, 171, 172, 685, 179, 183, 184, 185, 187, 188, 701, 702, 196, 198, 711, 714, 720, 724, 726, 217, 729, 737, 237, 238, 248, 251, 258, 264, 777, 267, 779, 270, 782, 783, 787, 278, 790, 791, 805, 809, 301, 815, 817, 819, 821, 830, 319, 321, 833, 834, 324, 325, 836, 330, 845, 334, 847, 335, 856, 857, 860, 350, 862, 354, 362, 875, 366, 880, 369, 371, 887, 888, 380, 383, 384, 386, 899, 900, 395, 397, 914, 918, 407, 921, 411, 928, 929, 930, 423, 428, 436, 437, 452, 453, 456, 467, 471, 477, 478, 479, 497, 508, 511]",False,[],[],[],"[371, 821]","[122, 130, 171, 179, 184, 187, 238, 248, 251, 258, 301, 350, 362, 395, 397, 593, 601, 642, 650, 655, 658, 702, 711, 714, 720, 805, 815, 845, 847]","[12, 24, 25, 28, 88, 100, 104, 119, 123, 129, 136, 137, 139, 140, 141, 148, 155, 169, 172, 179, 183, 185, 188, 196, 198, 217, 237, 264, 267, 270, 278, 319, 321, 324, 325, 330, 334, 335, 354, 366, 369, 380, 383, 384, 386, 395, 407, 411, 423, 428, 436, 437, 452, 453, 456, 467, 471, 477, 478, 479, 497, 508, 511, 559, 571, 575, 590, 594, 600, 607, 608, 610, 611, 612, 619, 627, 640, 643, 650, 654, 656, 659, 667, 669, 685, 701, 724, 726, 729, 737, 777, 779, 782, 783, 787, 790, 791, 809, 817, 819, 830, 833, 834, 836, 845, 856, 857, 860, 862, 875, 880, 887, 888, 899, 900, 914, 918, 921, 928, 929, 930]","[12, 24, 25, 28, 88, 100, 104, 119, 123, 129, 136, 137, 139, 140, 141, 148, 155, 169, 172, 179, 183, 185, 188, 196, 198, 217, 237, 267, 270, 278, 319, 321, 324, 325, 330, 334, 335, 354, 366, 369, 380, 383, 384, 386, 395, 407, 411, 423, 428, 436, 437, 452, 453, 456, 467, 471, 477, 478, 479, 497, 508, 511, 559, 571, 575, 590, 594, 600, 607, 608, 610, 611, 612, 619, 627, 640, 643, 650, 654, 656, 659, 667, 669, 685, 701, 726, 729, 737, 777, 779, 782, 783, 787, 790, 791, 809, 817, 819, 830, 833, 834, 836, 845, 856, 857, 860, 862, 875, 880, 887, 888, 899, 900, 914, 918, 921, 928, 929, 930]",0/6 successful match,False,,False,846,False,,0.9831932773109243,True,Hines Chevron ( CFN Cardlock ),Chevron
Hines ( 97738 ) Hines Chevron ( CFN N Cardlock ),541-573-7476 531 US 395 / OR 20 N,<U+25A1> <U+25A1>,Hines,97738,Hines Chevron ( CFN N Cardlock ),541-573-7476,2016,Hines,OR,Chevron,,531 US 395 / OR 20 N,Proper,,False,,False,US 395,,20,,,[],[],[],"[371, 821]",[],"[122, 130, 171, 179, 184, 187, 238, 248, 251, 258, 301, 350, 362, 395, 397, 593, 601, 642, 650, 655, 658, 702, 711, 714, 720, 805, 815, 845, 847]","[12, 24, 25, 28, 88, 100, 104, 119, 123, 129, 136, 137, 139, 140, 141, 148, 155, 169, 172, 179, 183, 185, 188, 196, 198, 217, 237, 267, 270, 278, 319, 321, 324, 325, 330, 334, 335, 354, 366, 369, 380, 383, 384, 386, 395, 407, 411, 423, 428, 436, 437, 452, 453, 456, 467, 471, 477, 478, 479, 497, 508, 511, 559, 571, 575, 590, 594, 600, 607, 608, 610, 611, 612, 619, 627, 640, 643, 650, 654, 656, 659, 667, 669, 685, 701, 726, 729, 737, 777, 779, 782, 783, 787, 790, 791, 809, 817, 819, 830, 833, 834, 836, 845, 856, 857, 860, 862, 875, 880, 887, 888, 899, 900, 914, 918, 921, 928, 929, 930]","[12, 24, 25, 28, 88, 100, 104, 119, 123, 129, 136, 137, 139, 140, 141, 148, 155, 169, 172, 179, 183, 185, 188, 196, 198, 217, 237, 264, 267, 270, 278, 319, 321, 324, 325, 330, 334, 335, 354, 366, 369, 380, 383, 384, 386, 395, 407, 411, 423, 428, 436, 437, 452, 453, 456, 467, 471, 477, 478, 479, 497, 508, 511, 559, 571, 575, 590, 594, 600, 607, 608, 610, 611, 612, 619, 627, 640, 643, 650, 654, 656, 659, 667, 669, 685, 701, 724, 726, 729, 737, 777, 779, 782, 783, 787, 790, 791, 809, 817, 819, 830, 833, 834, 836, 845, 856, 857, 860, 862, 875, 880, 887, 888, 899, 900, 914, 918, 921, 928, 929, 930]","[12, 24, 25, 28, 559, 571, 575, 590, 593, 594, 88, 601, 600, 607, 608, 610, 611, 100, 612, 104, 619, 627, 119, 122, 123, 640, 129, 130, 642, 643, 136, 137, 650, 139, 140, 141, 654, 655, 656, 658, 659, 148, 155, 667, 669, 169, 171, 172, 685, 179, 183, 184, 185, 187, 188, 701, 702, 196, 198, 711, 714, 720, 724, 726, 217, 729, 737, 237, 238, 248, 251, 258, 264, 777, 267, 779, 270, 782, 783, 787, 278, 790, 791, 805, 809, 301, 815, 817, 819, 821, 830, 319, 321, 833, 834, 324, 325, 836, 330, 845, 334, 847, 335, 856, 857, 860, 350, 862, 354, 362, 875, 366, 880, 369, 371, 887, 888, 380, 383, 384, 386, 899, 900, 395, 397, 914, 918, 407, 921, 411, 928, 929, 930, 423, 428, 436, 437, 452, 453, 456, 467, 471, 477, 478, 479, 497, 508, 511]",False,[],[],[],"[371, 821]","[122, 130, 171, 179, 184, 187, 238, 248, 251, 258, 301, 350, 362, 395, 397, 593, 601, 642, 650, 655, 658, 702, 711, 714, 720, 805, 815, 845, 847]","[12, 24, 25, 28, 88, 100, 104, 119, 123, 129, 136, 137, 139, 140, 141, 148, 155, 169, 172, 179, 183, 185, 188, 196, 198, 217, 237, 264, 267, 270, 278, 319, 321, 324, 325, 330, 334, 335, 354, 366, 369, 380, 383, 384, 386, 395, 407, 411, 423, 428, 436, 437, 452, 453, 456, 467, 471, 477, 478, 479, 497, 508, 511, 559, 571, 575, 590, 594, 600, 607, 608, 610, 611, 612, 619, 627, 640, 643, 650, 654, 656, 659, 667, 669, 685, 701, 724, 726, 729, 737, 777, 779, 782, 783, 787, 790, 791, 809, 817, 819, 830, 833, 834, 836, 845, 856, 857, 860, 862, 875, 880, 887, 888, 899, 900, 914, 918, 921, 928, 929, 930]","[12, 24, 25, 28, 88, 100, 104, 119, 123, 129, 136, 137, 139, 140, 141, 148, 155, 169, 172, 179, 183, 185, 188, 196, 198, 217, 237, 267, 270, 278, 319, 321, 324, 325, 330, 334, 335, 354, 366, 369, 380, 383, 384, 386, 395, 407, 411, 423, 428, 436, 437, 452, 453, 456, 467, 471, 477, 478, 479, 497, 508, 511, 559, 571, 575, 590, 594, 600, 607, 608, 610, 611, 612, 619, 627, 640, 643, 650, 654, 656, 659, 667, 669, 685, 701, 726, 729, 737, 777, 779, 782, 783, 787, 790, 791, 809, 817, 819, 830, 833, 834, 836, 845, 856, 857, 860, 862, 875, 880, 887, 888, 899, 900, 914, 918, 921, 928, 929, 930]",0/6 successful match,False,,False,846,False,,0.9852216748768473,True,12846 Hines US Chevron 20-395 ( CFN S Cardlock ) AMDEST,Chevron
"Canyon City , 97820 Jackson's Mini Station ( Shell )",541-575-1348 US 395 & N Washington,HRS M MOO,Canyon City,97820,Jackson's Mini Station ( Shell ),541-575-1348,2006,Canyon City,OR,Shell,,US 395 & N Washington,empty,,False,,False,US 395,N Washington,,,,[],[],"[405, 854]",[],[],"[122, 130, 143, 171, 179, 184, 187, 228, 238, 248, 251, 258, 301, 350, 362, 395, 397, 593, 601, 614, 642, 650, 655, 658, 692, 702, 711, 714, 720, 805, 815, 845, 847]","[1, 13, 14, 29, 54, 55, 56, 57, 58, 60, 102, 118, 125, 127, 130, 134, 146, 149, 153, 175, 182, 187, 189, 191, 197, 225, 230, 238, 264, 265, 266, 286, 302, 317, 336, 379, 388, 389, 425, 454, 458, 463, 475, 487, 498, 499, 512, 530, 531, 532, 533, 534, 536, 573, 589, 596, 598, 601, 605, 617, 620, 624, 646, 653, 658, 660, 662, 668, 689, 694, 702, 724, 725, 745, 760, 775, 793, 829, 838, 839, 877, 901, 903, 905, 910, 923]","[1, 13, 14, 29, 54, 55, 56, 57, 58, 60, 102, 118, 125, 127, 130, 134, 146, 149, 153, 175, 182, 187, 189, 191, 197, 225, 230, 238, 264, 265, 266, 286, 302, 317, 336, 354, 379, 388, 389, 425, 454, 458, 463, 475, 487, 498, 499, 512, 530, 531, 532, 533, 534, 536, 573, 589, 596, 598, 601, 605, 617, 620, 624, 646, 653, 658, 660, 662, 668, 689, 694, 702, 724, 725, 745, 760, 775, 793, 809, 829, 838, 839, 877, 901, 903, 905, 910, 923]","[512, 1, 13, 14, 530, 531, 532, 533, 534, 536, 29, 54, 55, 56, 57, 58, 60, 573, 589, 593, 596, 598, 601, 605, 614, 102, 617, 620, 624, 118, 122, 125, 127, 130, 642, 134, 646, 650, 653, 143, 655, 658, 146, 660, 149, 662, 153, 668, 171, 175, 689, 179, 692, 182, 694, 184, 187, 189, 702, 191, 197, 711, 714, 720, 724, 725, 225, 228, 230, 745, 238, 248, 760, 251, 258, 775, 264, 265, 266, 793, 286, 805, 809, 301, 302, 815, 317, 829, 838, 839, 845, 847, 336, 854, 350, 354, 362, 877, 379, 388, 389, 901, 903, 905, 395, 397, 910, 405, 923, 425, 454, 458, 463, 475, 487, 498, 499]",False,[],[],"[405, 854]",[],"[122, 130, 143, 171, 179, 184, 187, 228, 238, 248, 251, 258, 301, 350, 362, 395, 397, 593, 601, 614, 642, 650, 655, 658, 692, 702, 711, 714, 720, 805, 815, 845, 847]","[1, 13, 14, 29, 54, 55, 56, 57, 58, 60, 102, 118, 125, 127, 130, 134, 146, 149, 153, 175, 182, 187, 189, 191, 197, 225, 230, 238, 264, 265, 266, 286, 302, 317, 336, 354, 379, 388, 389, 425, 454, 458, 463, 475, 487, 498, 499, 512, 530, 531, 532, 533, 534, 536, 573, 589, 596, 598, 601, 605, 617, 620, 624, 646, 653, 658, 660, 662, 668, 689, 694, 702, 724, 725, 745, 760, 775, 793, 809, 829, 838, 839, 877, 901, 903, 905, 910, 923]","[1, 13, 14, 29, 54, 55, 56, 57, 58, 60, 102, 118, 125, 127, 130, 134, 146, 149, 153, 175, 182, 187, 189, 191, 197, 225, 230, 238, 264, 265, 266, 286, 302, 317, 336, 379, 388, 389, 425, 454, 458, 463, 475, 487, 498, 499, 512, 530, 531, 532, 533, 534, 536, 573, 589, 596, 598, 601, 605, 617, 620, 624, 646, 653, 658, 660, 662, 668, 689, 694, 702, 724, 725, 745, 760, 775, 793, 829, 838, 839, 877, 901, 903, 905, 910, 923]",0/6 successful match,False,,False,847,False,,,,,
"Canyon City , 97820 Jackson's Mini Station ( Shell )",541-575-1348 US 395 & N Washington,24 <U+2610>,Canyon City,97820,Jackson's Mini Station ( Shell ),541-575-1348,2007,Canyon City,OR,Shell,,US 395 & N Washington,empty,,False,,False,US 395,N Washington,,,,[],[],"[405, 854]",[],[],"[122, 130, 143, 171, 179, 184, 187, 228, 238, 248, 251, 258, 301, 350, 362, 395, 397, 593, 601, 614, 642, 650, 655, 658, 692, 702, 711, 714, 720, 805, 815, 845, 847]","[1, 13, 14, 29, 54, 55, 56, 57, 58, 60, 102, 118, 125, 127, 130, 134, 146, 149, 153, 175, 182, 187, 189, 191, 197, 225, 230, 238, 264, 265, 266, 286, 302, 317, 336, 379, 388, 389, 425, 454, 458, 463, 475, 487, 498, 499, 512, 530, 531, 532, 533, 534, 536, 573, 589, 596, 598, 601, 605, 617, 620, 624, 646, 653, 658, 660, 662, 668, 689, 694, 702, 724, 725, 745, 760, 775, 793, 829, 838, 839, 877, 901, 903, 905, 910, 923]","[1, 13, 14, 29, 54, 55, 56, 57, 58, 60, 102, 118, 125, 127, 130, 134, 146, 149, 153, 175, 182, 187, 189, 191, 197, 225, 230, 238, 264, 265, 266, 286, 302, 317, 336, 354, 379, 388, 389, 425, 454, 458, 463, 475, 487, 498, 499, 512, 530, 531, 532, 533, 534, 536, 573, 589, 596, 598, 601, 605, 617, 620, 624, 646, 653, 658, 660, 662, 668, 689, 694, 702, 724, 725, 745, 760, 775, 793, 809, 829, 838, 839, 877, 901, 903, 905, 910, 923]","[512, 1, 13, 14, 530, 531, 532, 533, 534, 536, 29, 54, 55, 56, 57, 58, 60, 573, 589, 593, 596, 598, 601, 605, 614, 102, 617, 620, 624, 118, 122, 125, 127, 130, 642, 134, 646, 650, 653, 143, 655, 658, 146, 660, 149, 662, 153, 668, 171, 175, 689, 179, 692, 182, 694, 184, 187, 189, 702, 191, 197, 711, 714, 720, 724, 725, 225, 228, 230, 745, 238, 248, 760, 251, 258, 775, 264, 265, 266, 793, 286, 805, 809, 301, 302, 815, 317, 829, 838, 839, 845, 847, 336, 854, 350, 354, 362, 877, 379, 388, 389, 901, 903, 905, 395, 397, 910, 405, 923, 425, 454, 458, 463, 475, 487, 498, 499]",False,[],[],"[405, 854]",[],"[122, 130, 143, 171, 179, 184, 187, 228, 238, 248, 251, 258, 301, 350, 362, 395, 397, 593, 601, 614, 642, 650, 655, 658, 692, 702, 711, 714, 720, 805, 815, 845, 847]","[1, 13, 14, 29, 54, 55, 56, 57, 58, 60, 102, 118, 125, 127, 130, 134, 146, 149, 153, 175, 182, 187, 189, 191, 197, 225, 230, 238, 264, 265, 266, 286, 302, 317, 336, 354, 379, 388, 389, 425, 454, 458, 463, 475, 487, 498, 499, 512, 530, 531, 532, 533, 534, 536, 573, 589, 596, 598, 601, 605, 617, 620, 624, 646, 653, 658, 660, 662, 668, 689, 694, 702, 724, 725, 745, 760, 775, 793, 809, 829, 838, 839, 877, 901, 903, 905, 910, 923]","[1, 13, 14, 29, 54, 55, 56, 57, 58, 60, 102, 118, 125, 127, 130, 134, 146, 149, 153, 175, 182, 187, 189, 191, 197, 225, 230, 238, 264, 265, 266, 286, 302, 317, 336, 379, 388, 389, 425, 454, 458, 463, 475, 487, 498, 499, 512, 530, 531, 532, 533, 534, 536, 573, 589, 596, 598, 601, 605, 617, 620, 624, 646, 653, 658, 660, 662, 668, 689, 694, 702, 724, 725, 745, 760, 775, 793, 829, 838, 839, 877, 901, 903, 905, 910, 923]",0/6 successful match,False,,False,847,False,,1.0,True,Jackson's Mini Station ( Shell ),Shell
"Canyon City , 97820 Jackson's Mini Station ( Shell",541-575-1348 US 395 & N Washington ),00,Canyon City,97820,Jackson's Mini Station ( Shell,541-575-1348,2008,Canyon City,OR,Shell,,US 395 & N Washington ,empty,,False,,False,US 395,N Washington,,,,[],[],"[405, 854]",[],[],"[122, 130, 143, 171, 179, 184, 187, 228, 238, 248, 251, 258, 301, 350, 362, 395, 397, 593, 601, 614, 642, 650, 655, 658, 692, 702, 711, 714, 720, 805, 815, 845, 847]","[1, 13, 14, 29, 54, 55, 56, 57, 58, 60, 102, 118, 125, 127, 130, 134, 146, 149, 153, 175, 182, 187, 189, 191, 197, 225, 230, 238, 264, 265, 266, 286, 302, 317, 336, 379, 388, 389, 425, 454, 458, 463, 475, 487, 498, 499, 512, 530, 531, 532, 533, 534, 536, 573, 589, 596, 598, 601, 605, 617, 620, 624, 646, 653, 658, 660, 662, 668, 689, 694, 702, 724, 725, 745, 760, 775, 793, 829, 838, 839, 877, 901, 903, 905, 910, 923]","[1, 13, 14, 29, 54, 55, 56, 57, 58, 60, 102, 118, 125, 127, 130, 134, 146, 149, 153, 175, 182, 187, 189, 191, 197, 225, 230, 238, 264, 265, 266, 286, 302, 317, 336, 354, 379, 388, 389, 425, 454, 458, 463, 475, 487, 498, 499, 512, 530, 531, 532, 533, 534, 536, 573, 589, 596, 598, 601, 605, 617, 620, 624, 646, 653, 658, 660, 662, 668, 689, 694, 702, 724, 725, 745, 760, 775, 793, 809, 829, 838, 839, 877, 901, 903, 905, 910, 923]","[512, 1, 13, 14, 530, 531, 532, 533, 534, 536, 29, 54, 55, 56, 57, 58, 60, 573, 589, 593, 596, 598, 601, 605, 614, 102, 617, 620, 624, 118, 122, 125, 127, 130, 642, 134, 646, 650, 653, 143, 655, 658, 146, 660, 149, 662, 153, 668, 171, 175, 689, 179, 692, 182, 694, 184, 187, 189, 702, 191, 197, 711, 714, 720, 724, 725, 225, 228, 230, 745, 238, 248, 760, 251, 258, 775, 264, 265, 266, 793, 286, 805, 809, 301, 302, 815, 317, 829, 838, 839, 845, 847, 336, 854, 350, 354, 362, 877, 379, 388, 389, 901, 903, 905, 395, 397, 910, 405, 923, 425, 454, 458, 463, 475, 487, 498, 499]",False,[],[],"[405, 854]",[],"[122, 130, 143, 171, 179, 184, 187, 228, 238, 248, 251, 258, 301, 350, 362, 395, 397, 593, 601, 614, 642, 650, 655, 658, 692, 702, 711, 714, 720, 805, 815, 845, 847]","[1, 13, 14, 29, 54, 55, 56, 57, 58, 60, 102, 118, 125, 127, 130, 134, 146, 149, 153, 175, 182, 187, 189, 191, 197, 225, 230, 238, 264, 265, 266, 286, 302, 317, 336, 354, 379, 388, 389, 425, 454, 458, 463, 475, 487, 498, 499, 512, 530, 531, 532, 533, 534, 536, 573, 589, 596, 598, 601, 605, 617, 620, 624, 646, 653, 658, 660, 662, 668, 689, 694, 702, 724, 725, 745, 760, 775, 793, 809, 829, 838, 839, 877, 901, 903, 905, 910, 923]","[1, 13, 14, 29, 54, 55, 56, 57, 58, 60, 102, 118, 125, 127, 130, 134, 146, 149, 153, 175, 182, 187, 189, 191, 197, 225, 230, 238, 264, 265, 266, 286, 302, 317, 336, 379, 388, 389, 425, 454, 458, 463, 475, 487, 498, 499, 512, 530, 531, 532, 533, 534, 536, 573, 589, 596, 598, 601, 605, 617, 620, 624, 646, 653, 658, 660, 662, 668, 689, 694, 702, 724, 725, 745, 760, 775, 793, 829, 838, 839, 877, 901, 903, 905, 910, 923]",0/6 successful match,False,,False,847,False,,1.0,True,Jackson's Mini Station ( Shell ),Shell
"C North Powder , 97867 North Powder Co - op ( Cenex )",541-898-2119 I-84 Exit 285,""" 000",North Powder,97867,North Powder Co - op ( Cenex ),541-898-2119,2006,North Powder,OR,Cenex,,I-84 Exit 285,Exit,285,False,,False,I-84,,,,,[],[],[],[],[],"[402, 416, 422, 423, 465, 851, 867, 874, 875, 912]",[],"[401, 850]","[416, 867, 422, 423, 874, 875, 912, 465, 402, 851, 401, 850]",False,[],[],[],[],"[402, 416, 422, 423, 465, 851, 867, 874, 875, 912]","[401, 850]",[],0/6 successful match,False,,False,848,False,,,,,
"A Umatilla , 97882 Tesoro # 62180",541-922-0428 I-82 Exit 1 ( W to 1800 US 730 ),,Umatilla,97882,Tesoro # 62180,541-922-0428,2006,Umatilla,OR,Tesoro,( W to 1800 US 730 ),I-82 Exit 1 ,Exit,1,False,,False,I-82,,,,,[],[],[],"[19, 180, 181, 233, 255, 331, 341, 351, 449, 454, 503, 651, 652, 697, 708, 788, 797, 806, 857, 897, 901]",[],[],"[296, 409, 755, 859]","[296, 409, 755, 859]","[897, 901, 651, 652, 19, 788, 409, 797, 806, 296, 180, 181, 697, 449, 708, 454, 331, 341, 857, 859, 351, 233, 755, 503, 255]",False,[],[],[],"[19, 180, 181, 233, 255, 331, 341, 351, 449, 454, 503, 651, 652, 697, 708, 788, 797, 806, 857, 897, 901]",[],"[296, 409, 755, 859]","[296, 409, 755, 859]",0/6 successful match,False,,False,849,False,,,,,
"A Umatilla , 97882 Tesoro # 62180",541-922-0428 I-82 Exit 1 ( W to 1800 US 730 ),24 <U+2610> <U+2610>,Umatilla,97882,Tesoro # 62180,541-922-0428,2007,Umatilla,OR,Tesoro,( W to 1800 US 730 ),I-82 Exit 1 ,Exit,1,False,,False,I-82,,,,,[],[],[],"[19, 180, 181, 233, 255, 331, 341, 351, 449, 454, 503, 651, 652, 697, 708, 788, 797, 806, 857, 897, 901]",[],[],"[296, 409, 755, 859]","[296, 409, 755, 859]","[897, 901, 651, 652, 19, 788, 409, 797, 806, 296, 180, 181, 697, 449, 708, 454, 331, 341, 857, 859, 351, 233, 755, 503, 255]",False,[],[],[],"[19, 180, 181, 233, 255, 331, 341, 351, 449, 454, 503, 651, 652, 697, 708, 788, 797, 806, 857, 897, 901]",[],"[296, 409, 755, 859]","[296, 409, 755, 859]",0/6 successful match,False,,False,849,False,,1.0,True,Tesoro # 62180,Tesoro
A Umatilla ( 97882 ) Tesoro # 414,541-922-0428 I-82 Exit 1 ( US 730 W ),24 FR S,Umatilla,97882,Tesoro # 414,541-922-0428,2014,Umatilla,OR,Tesoro,( US 730 W ),I-82 Exit 1 ,Exit,1,False,,False,I-82,,,,,[],[],[],"[19, 180, 181, 233, 255, 331, 341, 351, 449, 454, 503, 651, 652, 697, 708, 788, 797, 806, 857, 897, 901]",[],[],"[296, 409, 755, 859]","[296, 409, 755, 859]","[897, 901, 651, 652, 19, 788, 409, 797, 806, 296, 180, 181, 697, 449, 708, 454, 331, 341, 857, 859, 351, 233, 755, 503, 255]",False,[],[],[],"[19, 180, 181, 233, 255, 331, 341, 351, 449, 454, 503, 651, 652, 697, 708, 788, 797, 806, 857, 897, 901]",[],"[296, 409, 755, 859]","[296, 409, 755, 859]",0/6 successful match,False,,False,850,False,,,,,
A Umatilla ( 97882 ) Tesoro # 414,541-922-0428 I-82 Exit 1 ( US 730 W ),24 S,Umatilla,97882,Tesoro # 414,541-922-0428,2015,Umatilla,OR,Tesoro,( US 730 W ),I-82 Exit 1 ,Exit,1,False,,False,I-82,,,,,[],[],[],"[19, 180, 181, 233, 255, 331, 341, 351, 449, 454, 503, 651, 652, 697, 708, 788, 797, 806, 857, 897, 901]",[],[],"[296, 409, 755, 859]","[296, 409, 755, 859]","[897, 901, 651, 652, 19, 788, 409, 797, 806, 296, 180, 181, 697, 449, 708, 454, 331, 341, 857, 859, 351, 233, 755, 503, 255]",False,[],[],[],"[19, 180, 181, 233, 255, 331, 341, 351, 449, 454, 503, 651, 652, 697, 708, 788, 797, 806, 857, 897, 901]",[],"[296, 409, 755, 859]","[296, 409, 755, 859]",0/6 successful match,False,,False,850,False,,1.0,True,Tesoro # 414,Tesoro
A Umatilla ( 97882 ) Tesoro # 414,541-922-0428 I-82 Exit 1 ( US 730 W ),24 S D,Umatilla,97882,Tesoro # 414,541-922-0428,2016,Umatilla,OR,Tesoro,( US 730 W ),I-82 Exit 1 ,Exit,1,False,,False,I-82,,,,,[],[],[],"[19, 180, 181, 233, 255, 331, 341, 351, 449, 454, 503, 651, 652, 697, 708, 788, 797, 806, 857, 897, 901]",[],[],"[296, 409, 755, 859]","[296, 409, 755, 859]","[897, 901, 651, 652, 19, 788, 409, 797, 806, 296, 180, 181, 697, 449, 708, 454, 331, 341, 857, 859, 351, 233, 755, 503, 255]",False,[],[],[],"[19, 180, 181, 233, 255, 331, 341, 351, 449, 454, 503, 651, 652, 697, 708, 788, 797, 806, 857, 897, 901]",[],"[296, 409, 755, 859]","[296, 409, 755, 859]",0/6 successful match,False,,False,850,False,,1.0,True,Tesoro # 414,Tesoro
"Durkee , 97905 Cenex Truck Stop",541-877-2222 I-84 Exit 327,24 HRS M,Durkee,97905,Cenex Truck Stop,541-877-2222,2006,Durkee,OR,Cenex,,I-84 Exit 327,Exit,327,False,,False,I-84,,,,,[],[],[],[],[],"[402, 416, 422, 423, 465, 851, 867, 874, 875, 912]",[],[],"[416, 867, 422, 423, 874, 875, 912, 465, 402, 851]",False,[],[],[],[],"[402, 416, 422, 423, 465, 851, 867, 874, 875, 912]",[],[],0/6 successful match,False,,False,851,False,,,,,
"Durkee , 97905 Durkee Co - op ( Cenex )",541-877-2222 I-84 Exit 327,<U+2610><U+2610> M,Durkee,97905,Durkee Co - op ( Cenex ),541-877-2222,2007,Durkee,OR,Cenex,,I-84 Exit 327,Exit,327,False,,False,I-84,,,,,[],[],[],[],[],"[402, 416, 422, 423, 465, 851, 867, 874, 875, 912]",[],"[401, 850]","[416, 867, 422, 423, 874, 875, 912, 465, 402, 851, 401, 850]",False,[],[],[],[],"[402, 416, 422, 423, 465, 851, 867, 874, 875, 912]","[401, 850]",[],0/6 successful match,False,,False,851,False,,0.49000000000000005,True,Cenex Truck Stop,Cenex
"Durkee , 97905 Durkee Co - op ( Cenex )",541-877-2222 I-84 Exit 327,S <U+2610> <U+2610> <U+2610>,Durkee,97905,Durkee Co - op ( Cenex ),541-877-2222,2008,Durkee,OR,Cenex,,I-84 Exit 327,Exit,327,False,,False,I-84,,,,,[],[],[],[],[],"[402, 416, 422, 423, 465, 851, 867, 874, 875, 912]",[],"[401, 850]","[416, 867, 422, 423, 874, 875, 912, 465, 402, 851, 401, 850]",False,[],[],[],[],"[402, 416, 422, 423, 465, 851, 867, 874, 875, 912]","[401, 850]",[],0/6 successful match,False,,False,851,False,,1.0,True,Durkee Co - op ( Cenex ),Cenex
"Huntington , 97907 Farewell Bend Travel Plaza",541-869-2244 I-84 Exit 353,FRS 24 24 M S,Huntington,97907,Farewell Bend Travel Plaza,541-869-2244,2006,Huntington,OR,,,I-84 Exit 353,Exit,353,False,,False,I-84,,,,,[],[],[],[],[],"[402, 416, 422, 423, 465, 851, 867, 874, 875, 912]",[],[25],"[416, 867, 422, 423, 874, 875, 912, 465, 402, 851, 25]",False,[],[],[],[],"[402, 416, 422, 423, 465, 851, 867, 874, 875, 912]",[25],[],0/6 successful match,False,,False,852,False,,,,,
"Huntington , 97907 Joy Travel Plaza ( Texaco )",541-869-2244 I-84 Exit 353,24 24 48 M,Huntington,97907,Joy Travel Plaza ( Texaco ),541-869-2244,2007,Huntington,OR,Texaco,,I-84 Exit 353,Exit,353,False,,False,I-84,,,,,[],[],[],[],[],"[402, 416, 422, 423, 465, 851, 867, 874, 875, 912]","[26, 390, 474, 486, 509, 840, 922, 926]","[26, 390, 474, 486, 509, 840, 922, 926]","[416, 867, 422, 423, 390, 486, 874, 875, 840, 912, 465, 402, 851, 474, 26, 509, 926, 922]",False,[],[],[],[],"[402, 416, 422, 423, 465, 851, 867, 874, 875, 912]","[26, 390, 474, 486, 509, 840, 922, 926]","[26, 390, 474, 486, 509, 840, 922, 926]",0/6 successful match,False,,False,852,False,,0.24528301886792453,True,Farewell Bend Travel Plaza,
"D / 541-573-2639 Huntington , 97907 US Joy 20-395 Travel MM 128.5",541-869-2244 I-84 Exit 353 Plaza ( Texaco ),24 M,/ Huntington,97907,US Joy 20-395 Travel MM 128.5,541-869-2244,2008,Huntington,OR,,( Texaco ),I-84 Exit 353 Plaza ,Exit,353,False,,False,I-84,,,,,[],[],[],[],[],"[402, 416, 422, 423, 465, 851, 867, 874, 875, 912]",[],[],"[416, 867, 422, 423, 874, 875, 912, 465, 402, 851]",False,[],[],[],[],"[402, 416, 422, 423, 465, 851, 867, 874, 875, 912]",[],[],0/6 successful match,False,,False,852,False,,0.4285714285714286,True,Joy Travel Plaza ( Texaco ),Texaco
Ontario ( 97914 ) Love's Travel Stop # 372,541-823-8282 I-84 Exit 374,24 <U+25A1> M,Ontario,97914,Love's Travel Stop # 372,541-823-8282,2014,Ontario,OR,Love's,,I-84 Exit 374,Exit,374,False,,False,I-84,,,,,[],[],"[240, 310, 704, 768]",[],[],"[402, 416, 422, 423, 465, 851, 867, 874, 875, 912]","[34, 35, 36, 37, 38, 39, 40, 41, 42, 43, 44, 45, 46, 47, 48, 201, 202, 203, 204, 205, 206, 207, 208, 209, 210, 211, 212, 213, 214, 215, 216, 355, 356, 357, 358, 359, 360, 361, 429, 430, 431, 432, 433, 434, 435, 515, 516, 517, 518, 519, 520, 521, 522, 523, 524, 525, 526, 527, 672, 673, 674, 675, 676, 677, 678, 679, 680, 681, 682, 683, 684, 810, 811, 812, 813, 814, 881, 882, 883, 884, 885, 886]","[32, 33, 34, 35, 36, 37, 38, 39, 40, 41, 42, 43, 44, 45, 46, 47, 48, 201, 202, 203, 204, 205, 206, 207, 208, 209, 210, 211, 212, 213, 214, 215, 216, 257, 355, 356, 357, 358, 359, 360, 361, 429, 430, 431, 432, 433, 434, 435, 515, 516, 517, 518, 519, 520, 521, 522, 523, 524, 525, 526, 527, 672, 673, 674, 675, 676, 677, 678, 679, 680, 681, 682, 683, 684, 719, 810, 811, 812, 813, 814, 881, 882, 883, 884, 885, 886]","[515, 516, 517, 518, 519, 520, 521, 522, 523, 524, 525, 526, 527, 32, 33, 34, 35, 36, 37, 38, 39, 40, 41, 42, 43, 44, 45, 46, 47, 48, 672, 673, 674, 675, 676, 677, 678, 679, 680, 681, 682, 683, 684, 719, 704, 201, 202, 203, 204, 205, 206, 207, 208, 209, 210, 211, 212, 213, 214, 215, 216, 240, 768, 257, 810, 811, 812, 813, 814, 310, 851, 867, 355, 356, 357, 358, 359, 360, 874, 875, 361, 881, 882, 883, 884, 885, 886, 912, 402, 416, 422, 423, 429, 430, 431, 432, 433, 434, 435, 465]",False,[],[],"[240, 310, 704, 768]",[],"[402, 416, 422, 423, 465, 851, 867, 874, 875, 912]","[32, 33, 34, 35, 36, 37, 38, 39, 40, 41, 42, 43, 44, 45, 46, 47, 48, 201, 202, 203, 204, 205, 206, 207, 208, 209, 210, 211, 212, 213, 214, 215, 216, 257, 355, 356, 357, 358, 359, 360, 361, 429, 430, 431, 432, 433, 434, 435, 515, 516, 517, 518, 519, 520, 521, 522, 523, 524, 525, 526, 527, 672, 673, 674, 675, 676, 677, 678, 679, 680, 681, 682, 683, 684, 719, 810, 811, 812, 813, 814, 881, 882, 883, 884, 885, 886]","[34, 35, 36, 37, 38, 39, 40, 41, 42, 43, 44, 45, 46, 47, 48, 201, 202, 203, 204, 205, 206, 207, 208, 209, 210, 211, 212, 213, 214, 215, 216, 355, 356, 357, 358, 359, 360, 361, 429, 430, 431, 432, 433, 434, 435, 515, 516, 517, 518, 519, 520, 521, 522, 523, 524, 525, 526, 527, 672, 673, 674, 675, 676, 677, 678, 679, 680, 681, 682, 683, 684, 810, 811, 812, 813, 814, 881, 882, 883, 884, 885, 886]",0/6 successful match,False,,False,852,False,,0.20754716981132076,True,US Joy 20-395 Travel MM 128.5,
Ontario ( 97914 ) Love's Travel Stop # 372,541-823-8282 I-84 Exit 374,24 M,Ontario,97914,Love's Travel Stop # 372,541-823-8282,2015,Ontario,OR,Love's,,I-84 Exit 374,Exit,374,False,,False,I-84,,,,,[],[],"[240, 310, 704, 768]",[],[],"[402, 416, 422, 423, 465, 851, 867, 874, 875, 912]","[34, 35, 36, 37, 38, 39, 40, 41, 42, 43, 44, 45, 46, 47, 48, 201, 202, 203, 204, 205, 206, 207, 208, 209, 210, 211, 212, 213, 214, 215, 216, 355, 356, 357, 358, 359, 360, 361, 429, 430, 431, 432, 433, 434, 435, 515, 516, 517, 518, 519, 520, 521, 522, 523, 524, 525, 526, 527, 672, 673, 674, 675, 676, 677, 678, 679, 680, 681, 682, 683, 684, 810, 811, 812, 813, 814, 881, 882, 883, 884, 885, 886]","[32, 33, 34, 35, 36, 37, 38, 39, 40, 41, 42, 43, 44, 45, 46, 47, 48, 201, 202, 203, 204, 205, 206, 207, 208, 209, 210, 211, 212, 213, 214, 215, 216, 257, 355, 356, 357, 358, 359, 360, 361, 429, 430, 431, 432, 433, 434, 435, 515, 516, 517, 518, 519, 520, 521, 522, 523, 524, 525, 526, 527, 672, 673, 674, 675, 676, 677, 678, 679, 680, 681, 682, 683, 684, 719, 810, 811, 812, 813, 814, 881, 882, 883, 884, 885, 886]","[515, 516, 517, 518, 519, 520, 521, 522, 523, 524, 525, 526, 527, 32, 33, 34, 35, 36, 37, 38, 39, 40, 41, 42, 43, 44, 45, 46, 47, 48, 672, 673, 674, 675, 676, 677, 678, 679, 680, 681, 682, 683, 684, 719, 704, 201, 202, 203, 204, 205, 206, 207, 208, 209, 210, 211, 212, 213, 214, 215, 216, 240, 768, 257, 810, 811, 812, 813, 814, 310, 851, 867, 355, 356, 357, 358, 359, 360, 874, 875, 361, 881, 882, 883, 884, 885, 886, 912, 402, 416, 422, 423, 429, 430, 431, 432, 433, 434, 435, 465]",False,[],[],"[240, 310, 704, 768]",[],"[402, 416, 422, 423, 465, 851, 867, 874, 875, 912]","[32, 33, 34, 35, 36, 37, 38, 39, 40, 41, 42, 43, 44, 45, 46, 47, 48, 201, 202, 203, 204, 205, 206, 207, 208, 209, 210, 211, 212, 213, 214, 215, 216, 257, 355, 356, 357, 358, 359, 360, 361, 429, 430, 431, 432, 433, 434, 435, 515, 516, 517, 518, 519, 520, 521, 522, 523, 524, 525, 526, 527, 672, 673, 674, 675, 676, 677, 678, 679, 680, 681, 682, 683, 684, 719, 810, 811, 812, 813, 814, 881, 882, 883, 884, 885, 886]","[34, 35, 36, 37, 38, 39, 40, 41, 42, 43, 44, 45, 46, 47, 48, 201, 202, 203, 204, 205, 206, 207, 208, 209, 210, 211, 212, 213, 214, 215, 216, 355, 356, 357, 358, 359, 360, 361, 429, 430, 431, 432, 433, 434, 435, 515, 516, 517, 518, 519, 520, 521, 522, 523, 524, 525, 526, 527, 672, 673, 674, 675, 676, 677, 678, 679, 680, 681, 682, 683, 684, 810, 811, 812, 813, 814, 881, 882, 883, 884, 885, 886]",0/6 successful match,False,,False,852,False,,1.0,True,Love's Travel Stop # 372,Love's
Ontario ( 97914 ) Love's Travel Stop # 372,541-823-8282 I-84 Exit 374,24 <U+25A1> <U+25A1> MO,Ontario,97914,Love's Travel Stop # 372,541-823-8282,2016,Ontario,OR,Love's,,I-84 Exit 374,Exit,374,False,,False,I-84,,,,,[],[],"[240, 310, 704, 768]",[],[],"[402, 416, 422, 423, 465, 851, 867, 874, 875, 912]","[34, 35, 36, 37, 38, 39, 40, 41, 42, 43, 44, 45, 46, 47, 48, 201, 202, 203, 204, 205, 206, 207, 208, 209, 210, 211, 212, 213, 214, 215, 216, 355, 356, 357, 358, 359, 360, 361, 429, 430, 431, 432, 433, 434, 435, 515, 516, 517, 518, 519, 520, 521, 522, 523, 524, 525, 526, 527, 672, 673, 674, 675, 676, 677, 678, 679, 680, 681, 682, 683, 684, 810, 811, 812, 813, 814, 881, 882, 883, 884, 885, 886]","[32, 33, 34, 35, 36, 37, 38, 39, 40, 41, 42, 43, 44, 45, 46, 47, 48, 201, 202, 203, 204, 205, 206, 207, 208, 209, 210, 211, 212, 213, 214, 215, 216, 257, 355, 356, 357, 358, 359, 360, 361, 429, 430, 431, 432, 433, 434, 435, 515, 516, 517, 518, 519, 520, 521, 522, 523, 524, 525, 526, 527, 672, 673, 674, 675, 676, 677, 678, 679, 680, 681, 682, 683, 684, 719, 810, 811, 812, 813, 814, 881, 882, 883, 884, 885, 886]","[515, 516, 517, 518, 519, 520, 521, 522, 523, 524, 525, 526, 527, 32, 33, 34, 35, 36, 37, 38, 39, 40, 41, 42, 43, 44, 45, 46, 47, 48, 672, 673, 674, 675, 676, 677, 678, 679, 680, 681, 682, 683, 684, 719, 704, 201, 202, 203, 204, 205, 206, 207, 208, 209, 210, 211, 212, 213, 214, 215, 216, 240, 768, 257, 810, 811, 812, 813, 814, 310, 851, 867, 355, 356, 357, 358, 359, 360, 874, 875, 361, 881, 882, 883, 884, 885, 886, 912, 402, 416, 422, 423, 429, 430, 431, 432, 433, 434, 435, 465]",False,[],[],"[240, 310, 704, 768]",[],"[402, 416, 422, 423, 465, 851, 867, 874, 875, 912]","[32, 33, 34, 35, 36, 37, 38, 39, 40, 41, 42, 43, 44, 45, 46, 47, 48, 201, 202, 203, 204, 205, 206, 207, 208, 209, 210, 211, 212, 213, 214, 215, 216, 257, 355, 356, 357, 358, 359, 360, 361, 429, 430, 431, 432, 433, 434, 435, 515, 516, 517, 518, 519, 520, 521, 522, 523, 524, 525, 526, 527, 672, 673, 674, 675, 676, 677, 678, 679, 680, 681, 682, 683, 684, 719, 810, 811, 812, 813, 814, 881, 882, 883, 884, 885, 886]","[34, 35, 36, 37, 38, 39, 40, 41, 42, 43, 44, 45, 46, 47, 48, 201, 202, 203, 204, 205, 206, 207, 208, 209, 210, 211, 212, 213, 214, 215, 216, 355, 356, 357, 358, 359, 360, 361, 429, 430, 431, 432, 433, 434, 435, 515, 516, 517, 518, 519, 520, 521, 522, 523, 524, 525, 526, 527, 672, 673, 674, 675, 676, 677, 678, 679, 680, 681, 682, 683, 684, 810, 811, 812, 813, 814, 881, 882, 883, 884, 885, 886]",0/6 successful match,False,,False,852,False,,1.0,True,Love's Travel Stop # 372,Love's
"Ontario , 97914 Pilot Travel Center # 232",541-889-3580 I-84 Exit 376 A ( US 30 Business ),24,Ontario,97914,Pilot Travel Center # 232,541-889-3580,2006,Ontario,OR,Pilot,( US 30 Business ),I-84 Exit 376 A ,Exit,376,False,,False,I-84,,,,,[],[],"[240, 310, 704, 768]",[],[],"[402, 416, 422, 423, 465, 851, 867, 874, 875, 912]","[15, 16, 65, 66, 67, 68, 69, 70, 71, 72, 73, 74, 75, 76, 80, 151, 245, 246, 247, 248, 249, 250, 251, 252, 253, 254, 255, 256, 257, 258, 259, 280, 340, 373, 374, 375, 376, 377, 459, 460, 461, 462, 500, 501, 539, 540, 541, 542, 543, 544, 545, 546, 547, 548, 549, 550, 552, 622, 708, 709, 710, 711, 712, 713, 714, 715, 716, 717, 718, 719, 720, 739, 796, 823, 824, 825, 826, 827, 906, 907, 908, 909]","[15, 16, 65, 66, 67, 68, 69, 70, 71, 72, 73, 74, 75, 76, 77, 78, 80, 151, 244, 245, 246, 247, 248, 249, 250, 251, 252, 253, 254, 255, 256, 257, 258, 259, 260, 280, 340, 373, 374, 375, 376, 377, 459, 460, 461, 462, 500, 501, 539, 540, 541, 542, 543, 544, 545, 546, 547, 548, 549, 550, 552, 622, 708, 709, 710, 711, 712, 713, 714, 715, 716, 717, 718, 719, 720, 739, 796, 823, 824, 825, 826, 827, 906, 907, 908, 909]","[15, 16, 539, 540, 541, 542, 543, 544, 545, 546, 547, 548, 549, 550, 552, 65, 66, 67, 68, 69, 70, 71, 72, 73, 74, 75, 76, 77, 78, 80, 622, 151, 704, 708, 709, 710, 711, 712, 713, 714, 715, 716, 717, 718, 719, 720, 739, 240, 244, 245, 246, 247, 248, 249, 250, 251, 252, 253, 254, 255, 768, 256, 257, 258, 259, 260, 280, 796, 310, 823, 824, 825, 826, 827, 851, 340, 867, 874, 875, 373, 374, 375, 376, 377, 906, 907, 908, 909, 912, 402, 416, 422, 423, 459, 460, 461, 462, 465, 500, 501]",False,[],[],"[240, 310, 704, 768]",[],"[402, 416, 422, 423, 465, 851, 867, 874, 875, 912]","[15, 16, 65, 66, 67, 68, 69, 70, 71, 72, 73, 74, 75, 76, 77, 78, 80, 151, 244, 245, 246, 247, 248, 249, 250, 251, 252, 253, 254, 255, 256, 257, 258, 259, 260, 280, 340, 373, 374, 375, 376, 377, 459, 460, 461, 462, 500, 501, 539, 540, 541, 542, 543, 544, 545, 546, 547, 548, 549, 550, 552, 622, 708, 709, 710, 711, 712, 713, 714, 715, 716, 717, 718, 719, 720, 739, 796, 823, 824, 825, 826, 827, 906, 907, 908, 909]","[15, 16, 65, 66, 67, 68, 69, 70, 71, 72, 73, 74, 75, 76, 80, 151, 245, 246, 247, 248, 249, 250, 251, 252, 253, 254, 255, 256, 257, 258, 259, 280, 340, 373, 374, 375, 376, 377, 459, 460, 461, 462, 500, 501, 539, 540, 541, 542, 543, 544, 545, 546, 547, 548, 549, 550, 552, 622, 708, 709, 710, 711, 712, 713, 714, 715, 716, 717, 718, 719, 720, 739, 796, 823, 824, 825, 826, 827, 906, 907, 908, 909]",0/6 successful match,False,,False,853,False,,,,,
"Ontario , 97914 Pilot Travel Center # 232",541-889-3580 I-84 Exit 376 A ( US 30 W ),HRS 24 223 L <U+2610> <U+2610>,Ontario,97914,Pilot Travel Center # 232,541-889-3580,2008,Ontario,OR,Pilot,( US 30 W ),I-84 Exit 376 A ,Exit,376,False,,False,I-84,,,,,[],[],"[240, 310, 704, 768]",[],[],"[402, 416, 422, 423, 465, 851, 867, 874, 875, 912]","[15, 16, 65, 66, 67, 68, 69, 70, 71, 72, 73, 74, 75, 76, 80, 151, 245, 246, 247, 248, 249, 250, 251, 252, 253, 254, 255, 256, 257, 258, 259, 280, 340, 373, 374, 375, 376, 377, 459, 460, 461, 462, 500, 501, 539, 540, 541, 542, 543, 544, 545, 546, 547, 548, 549, 550, 552, 622, 708, 709, 710, 711, 712, 713, 714, 715, 716, 717, 718, 719, 720, 739, 796, 823, 824, 825, 826, 827, 906, 907, 908, 909]","[15, 16, 65, 66, 67, 68, 69, 70, 71, 72, 73, 74, 75, 76, 77, 78, 80, 151, 244, 245, 246, 247, 248, 249, 250, 251, 252, 253, 254, 255, 256, 257, 258, 259, 260, 280, 340, 373, 374, 375, 376, 377, 459, 460, 461, 462, 500, 501, 539, 540, 541, 542, 543, 544, 545, 546, 547, 548, 549, 550, 552, 622, 708, 709, 710, 711, 712, 713, 714, 715, 716, 717, 718, 719, 720, 739, 796, 823, 824, 825, 826, 827, 906, 907, 908, 909]","[15, 16, 539, 540, 541, 542, 543, 544, 545, 546, 547, 548, 549, 550, 552, 65, 66, 67, 68, 69, 70, 71, 72, 73, 74, 75, 76, 77, 78, 80, 622, 151, 704, 708, 709, 710, 711, 712, 713, 714, 715, 716, 717, 718, 719, 720, 739, 240, 244, 245, 246, 247, 248, 249, 250, 251, 252, 253, 254, 255, 768, 256, 257, 258, 259, 260, 280, 796, 310, 823, 824, 825, 826, 827, 851, 340, 867, 874, 875, 373, 374, 375, 376, 377, 906, 907, 908, 909, 912, 402, 416, 422, 423, 459, 460, 461, 462, 465, 500, 501]",False,[],[],"[240, 310, 704, 768]",[],"[402, 416, 422, 423, 465, 851, 867, 874, 875, 912]","[15, 16, 65, 66, 67, 68, 69, 70, 71, 72, 73, 74, 75, 76, 77, 78, 80, 151, 244, 245, 246, 247, 248, 249, 250, 251, 252, 253, 254, 255, 256, 257, 258, 259, 260, 280, 340, 373, 374, 375, 376, 377, 459, 460, 461, 462, 500, 501, 539, 540, 541, 542, 543, 544, 545, 546, 547, 548, 549, 550, 552, 622, 708, 709, 710, 711, 712, 713, 714, 715, 716, 717, 718, 719, 720, 739, 796, 823, 824, 825, 826, 827, 906, 907, 908, 909]","[15, 16, 65, 66, 67, 68, 69, 70, 71, 72, 73, 74, 75, 76, 80, 151, 245, 246, 247, 248, 249, 250, 251, 252, 253, 254, 255, 256, 257, 258, 259, 280, 340, 373, 374, 375, 376, 377, 459, 460, 461, 462, 500, 501, 539, 540, 541, 542, 543, 544, 545, 546, 547, 548, 549, 550, 552, 622, 708, 709, 710, 711, 712, 713, 714, 715, 716, 717, 718, 719, 720, 739, 796, 823, 824, 825, 826, 827, 906, 907, 908, 909]",0/6 successful match,False,,False,854,False,,,,,
Ontario ( 97914 ) Pilot Travel Center # 232,541-889-3580 I-84 Exit 376 A ( US 30 W ),Pilot 24 L,Ontario,97914,Pilot Travel Center # 232,541-889-3580,2014,Ontario,OR,Pilot,( US 30 W ),I-84 Exit 376 A ,Exit,376,False,,False,I-84,,,,,[],[],"[240, 310, 704, 768]",[],[],"[402, 416, 422, 423, 465, 851, 867, 874, 875, 912]","[15, 16, 65, 66, 67, 68, 69, 70, 71, 72, 73, 74, 75, 76, 80, 151, 245, 246, 247, 248, 249, 250, 251, 252, 253, 254, 255, 256, 257, 258, 259, 280, 340, 373, 374, 375, 376, 377, 459, 460, 461, 462, 500, 501, 539, 540, 541, 542, 543, 544, 545, 546, 547, 548, 549, 550, 552, 622, 708, 709, 710, 711, 712, 713, 714, 715, 716, 717, 718, 719, 720, 739, 796, 823, 824, 825, 826, 827, 906, 907, 908, 909]","[15, 16, 65, 66, 67, 68, 69, 70, 71, 72, 73, 74, 75, 76, 77, 78, 80, 151, 244, 245, 246, 247, 248, 249, 250, 251, 252, 253, 254, 255, 256, 257, 258, 259, 260, 280, 340, 373, 374, 375, 376, 377, 459, 460, 461, 462, 500, 501, 539, 540, 541, 542, 543, 544, 545, 546, 547, 548, 549, 550, 552, 622, 708, 709, 710, 711, 712, 713, 714, 715, 716, 717, 718, 719, 720, 739, 796, 823, 824, 825, 826, 827, 906, 907, 908, 909]","[15, 16, 539, 540, 541, 542, 543, 544, 545, 546, 547, 548, 549, 550, 552, 65, 66, 67, 68, 69, 70, 71, 72, 73, 74, 75, 76, 77, 78, 80, 622, 151, 704, 708, 709, 710, 711, 712, 713, 714, 715, 716, 717, 718, 719, 720, 739, 240, 244, 245, 246, 247, 248, 249, 250, 251, 252, 253, 254, 255, 768, 256, 257, 258, 259, 260, 280, 796, 310, 823, 824, 825, 826, 827, 851, 340, 867, 874, 875, 373, 374, 375, 376, 377, 906, 907, 908, 909, 912, 402, 416, 422, 423, 459, 460, 461, 462, 465, 500, 501]",False,[],[],"[240, 310, 704, 768]",[],"[402, 416, 422, 423, 465, 851, 867, 874, 875, 912]","[15, 16, 65, 66, 67, 68, 69, 70, 71, 72, 73, 74, 75, 76, 77, 78, 80, 151, 244, 245, 246, 247, 248, 249, 250, 251, 252, 253, 254, 255, 256, 257, 258, 259, 260, 280, 340, 373, 374, 375, 376, 377, 459, 460, 461, 462, 500, 501, 539, 540, 541, 542, 543, 544, 545, 546, 547, 548, 549, 550, 552, 622, 708, 709, 710, 711, 712, 713, 714, 715, 716, 717, 718, 719, 720, 739, 796, 823, 824, 825, 826, 827, 906, 907, 908, 909]","[15, 16, 65, 66, 67, 68, 69, 70, 71, 72, 73, 74, 75, 76, 80, 151, 245, 246, 247, 248, 249, 250, 251, 252, 253, 254, 255, 256, 257, 258, 259, 280, 340, 373, 374, 375, 376, 377, 459, 460, 461, 462, 500, 501, 539, 540, 541, 542, 543, 544, 545, 546, 547, 548, 549, 550, 552, 622, 708, 709, 710, 711, 712, 713, 714, 715, 716, 717, 718, 719, 720, 739, 796, 823, 824, 825, 826, 827, 906, 907, 908, 909]",0/6 successful match,False,,False,854,False,,1.0,True,Pilot Travel Center # 232,Pilot
Ontario ( 97914 ) Pilot Travel Center # 232,8 541-889-3580 I-84 Exit 376 A ( US 30 W ) Pilot,24 L,Ontario,97914,Pilot Travel Center # 232,541-889-3580,2015,Ontario,OR,Pilot,( US 30 W ) Pilot,I-84 Exit 376 A ,Exit,376,False,,False,I-84,,,,,[],[],"[240, 310, 704, 768]",[],[],"[402, 416, 422, 423, 465, 851, 867, 874, 875, 912]","[15, 16, 65, 66, 67, 68, 69, 70, 71, 72, 73, 74, 75, 76, 80, 151, 245, 246, 247, 248, 249, 250, 251, 252, 253, 254, 255, 256, 257, 258, 259, 280, 340, 373, 374, 375, 376, 377, 459, 460, 461, 462, 500, 501, 539, 540, 541, 542, 543, 544, 545, 546, 547, 548, 549, 550, 552, 622, 708, 709, 710, 711, 712, 713, 714, 715, 716, 717, 718, 719, 720, 739, 796, 823, 824, 825, 826, 827, 906, 907, 908, 909]","[15, 16, 65, 66, 67, 68, 69, 70, 71, 72, 73, 74, 75, 76, 77, 78, 80, 151, 244, 245, 246, 247, 248, 249, 250, 251, 252, 253, 254, 255, 256, 257, 258, 259, 260, 280, 340, 373, 374, 375, 376, 377, 459, 460, 461, 462, 500, 501, 539, 540, 541, 542, 543, 544, 545, 546, 547, 548, 549, 550, 552, 622, 708, 709, 710, 711, 712, 713, 714, 715, 716, 717, 718, 719, 720, 739, 796, 823, 824, 825, 826, 827, 906, 907, 908, 909]","[15, 16, 539, 540, 541, 542, 543, 544, 545, 546, 547, 548, 549, 550, 552, 65, 66, 67, 68, 69, 70, 71, 72, 73, 74, 75, 76, 77, 78, 80, 622, 151, 704, 708, 709, 710, 711, 712, 713, 714, 715, 716, 717, 718, 719, 720, 739, 240, 244, 245, 246, 247, 248, 249, 250, 251, 252, 253, 254, 255, 768, 256, 257, 258, 259, 260, 280, 796, 310, 823, 824, 825, 826, 827, 851, 340, 867, 874, 875, 373, 374, 375, 376, 377, 906, 907, 908, 909, 912, 402, 416, 422, 423, 459, 460, 461, 462, 465, 500, 501]",False,[],[],"[240, 310, 704, 768]",[],"[402, 416, 422, 423, 465, 851, 867, 874, 875, 912]","[15, 16, 65, 66, 67, 68, 69, 70, 71, 72, 73, 74, 75, 76, 77, 78, 80, 151, 244, 245, 246, 247, 248, 249, 250, 251, 252, 253, 254, 255, 256, 257, 258, 259, 260, 280, 340, 373, 374, 375, 376, 377, 459, 460, 461, 462, 500, 501, 539, 540, 541, 542, 543, 544, 545, 546, 547, 548, 549, 550, 552, 622, 708, 709, 710, 711, 712, 713, 714, 715, 716, 717, 718, 719, 720, 739, 796, 823, 824, 825, 826, 827, 906, 907, 908, 909]","[15, 16, 65, 66, 67, 68, 69, 70, 71, 72, 73, 74, 75, 76, 80, 151, 245, 246, 247, 248, 249, 250, 251, 252, 253, 254, 255, 256, 257, 258, 259, 280, 340, 373, 374, 375, 376, 377, 459, 460, 461, 462, 500, 501, 539, 540, 541, 542, 543, 544, 545, 546, 547, 548, 549, 550, 552, 622, 708, 709, 710, 711, 712, 713, 714, 715, 716, 717, 718, 719, 720, 739, 796, 823, 824, 825, 826, 827, 906, 907, 908, 909]",0/6 successful match,False,,False,854,False,,1.0,True,Pilot Travel Center # 232,Pilot
Ontario ( 97914 ) Pilot Travel Center # 232,541-889-3580 I-84 Exit 376 A ( US 30 W ) Pilot,Pilot 24 024 0,Ontario,97914,Pilot Travel Center # 232,541-889-3580,2016,Ontario,OR,Pilot,( US 30 W ) Pilot,I-84 Exit 376 A ,Exit,376,False,,False,I-84,,,,,[],[],"[240, 310, 704, 768]",[],[],"[402, 416, 422, 423, 465, 851, 867, 874, 875, 912]","[15, 16, 65, 66, 67, 68, 69, 70, 71, 72, 73, 74, 75, 76, 80, 151, 245, 246, 247, 248, 249, 250, 251, 252, 253, 254, 255, 256, 257, 258, 259, 280, 340, 373, 374, 375, 376, 377, 459, 460, 461, 462, 500, 501, 539, 540, 541, 542, 543, 544, 545, 546, 547, 548, 549, 550, 552, 622, 708, 709, 710, 711, 712, 713, 714, 715, 716, 717, 718, 719, 720, 739, 796, 823, 824, 825, 826, 827, 906, 907, 908, 909]","[15, 16, 65, 66, 67, 68, 69, 70, 71, 72, 73, 74, 75, 76, 77, 78, 80, 151, 244, 245, 246, 247, 248, 249, 250, 251, 252, 253, 254, 255, 256, 257, 258, 259, 260, 280, 340, 373, 374, 375, 376, 377, 459, 460, 461, 462, 500, 501, 539, 540, 541, 542, 543, 544, 545, 546, 547, 548, 549, 550, 552, 622, 708, 709, 710, 711, 712, 713, 714, 715, 716, 717, 718, 719, 720, 739, 796, 823, 824, 825, 826, 827, 906, 907, 908, 909]","[15, 16, 539, 540, 541, 542, 543, 544, 545, 546, 547, 548, 549, 550, 552, 65, 66, 67, 68, 69, 70, 71, 72, 73, 74, 75, 76, 77, 78, 80, 622, 151, 704, 708, 709, 710, 711, 712, 713, 714, 715, 716, 717, 718, 719, 720, 739, 240, 244, 245, 246, 247, 248, 249, 250, 251, 252, 253, 254, 255, 768, 256, 257, 258, 259, 260, 280, 796, 310, 823, 824, 825, 826, 827, 851, 340, 867, 874, 875, 373, 374, 375, 376, 377, 906, 907, 908, 909, 912, 402, 416, 422, 423, 459, 460, 461, 462, 465, 500, 501]",False,[],[],"[240, 310, 704, 768]",[],"[402, 416, 422, 423, 465, 851, 867, 874, 875, 912]","[15, 16, 65, 66, 67, 68, 69, 70, 71, 72, 73, 74, 75, 76, 77, 78, 80, 151, 244, 245, 246, 247, 248, 249, 250, 251, 252, 253, 254, 255, 256, 257, 258, 259, 260, 280, 340, 373, 374, 375, 376, 377, 459, 460, 461, 462, 500, 501, 539, 540, 541, 542, 543, 544, 545, 546, 547, 548, 549, 550, 552, 622, 708, 709, 710, 711, 712, 713, 714, 715, 716, 717, 718, 719, 720, 739, 796, 823, 824, 825, 826, 827, 906, 907, 908, 909]","[15, 16, 65, 66, 67, 68, 69, 70, 71, 72, 73, 74, 75, 76, 80, 151, 245, 246, 247, 248, 249, 250, 251, 252, 253, 254, 255, 256, 257, 258, 259, 280, 340, 373, 374, 375, 376, 377, 459, 460, 461, 462, 500, 501, 539, 540, 541, 542, 543, 544, 545, 546, 547, 548, 549, 550, 552, 622, 708, 709, 710, 711, 712, 713, 714, 715, 716, 717, 718, 719, 720, 739, 796, 823, 824, 825, 826, 827, 906, 907, 908, 909]",0/6 successful match,False,,False,854,False,,1.0,True,Pilot Travel Center # 232,Pilot
